sample_id,cluster
AATTTCATCTTCTAGACTTT_001,144
AGCTTTCCTAGGCCAAAAAG_001,107
AGCTTTCCTAGGCCAAAAAG_002,22
AGCTTTCCTAGGCCAAAAAG_003,78
AGCTTTCCTAGGCCAAAAAG_004,12
AGCTTTCCTAGGCCAAAAAG_005,103
AGCTTTCCTAGGCCAAAAAG_006,141
AGCTTTCCTAGGCCAAAAAG_007,114
AGCTTTCCTAGGCCAAAAAG_008,114
AGCTTTCCTAGGCCAAAAAG_009,169
AGCTTTCCTAGGCCAAAAAG_010,29
AGCTTTCCTAGGCCAAAAAG_011,59
AGCAGGAAACTGTCCCCCCG_001,175
AGCAGGAAACTGTCCCCCCG_002,102
AGCAGGAAACTGTCCCCCCG_003,0
AGCAGGAAACTGTCCCCCCG_004,8
AGCAGGAAACTGTCCCCCCG_005,65
AGCAGGAAACTGTCCCCCCG_006,197
AGCAGGAAACTGTCCCCCCG_007,144
AGCAGGAAACTGTCCCCCCG_008,8
AGCAGGAAACTGTCCCCCCG_009,139
AGCAGGAAACTGTCCCCCCG_010,94
AGCAGGAAACTGTCCCCCCG_011,197
AGCAGGAAACTGTCCCCCCG_012,12
AGCAGGAAACTGTCCCCCCG_013,9
AGCAGGAAACTGTCCCCCCG_014,42
AGCAGGAAACTGTCCCCCCG_015,91
AGCAGGAAACTGTCCCCCCG_016,20
AGCAGGAAACTGTCCCCCCG_017,82
AGCAGGAAACTGTCCCCCCG_018,149
AGCAGGAAACTGTCCCCCCG_019,115
AGCAGGAAACTGTCCCCCCG_020,77
AGCAGGAAACTGTCCCCCCG_021,176
AGCAGGAAACTGTCCCCCCG_022,60
AGCAGGAAACTGTCCCCCCG_023,55
AGCAGGAAACTGTCCCCCCG_024,145
AGCAGGAAACTGTCCCCCCG_025,36
AGCAGGAAACTGTCCCCCCG_026,48
AGCAGGAAACTGTCCCCCCG_027,28
AGCAGGAAACTGTCCCCCCG_028,39
AGCAGGAAACTGTCCCCCCG_029,165
AGCAGGAAACTGTCCCCCCG_030,76
AGCAGGAAACTGTCCCCCCG_031,106
AGCAGGAAACTGTCCCCCCG_032,168
AGCAGGAAACTGTCCCCCCG_033,19
AGCAGGAAACTGTCCCCCCG_034,99
AGCAGGAAACTGTCCCCCCG_035,28
AGCAGGAAACTGTCCCCCCG_036,37
AGCAGGAAACTGTCCCCCCG_037,89
AGCAGGAAACTGTCCCCCCG_038,107
AGCAGGAAACTGTCCCCCCG_039,198
AGCAGGAAACTGTCCCCCCG_040,193
AGCAGGAAACTGTCCCCCCG_041,61
AGCAGGAAACTGTCCCCCCG_042,197
AGCAGGAAACTGTCCCCCCG_043,92
AGCAGGAAACTGTCCCCCCG_044,13
AGCAGGAAACTGTCCCCCCG_045,81
CAGTCAGAGTGAAATTGCGG_001,18
CAGTCAGAGTGAAATTGCGG_002,49
CAGTCAGAGTGAAATTGCGG_003,197
CAGTCAGAGTGAAATTGCGG_004,117
CAGTCAGAGTGAAATTGCGG_005,162
CAGTCAGAGTGAAATTGCGG_006,94
CAGTCAGAGTGAAATTGCGG_007,49
CAGTCAGAGTGAAATTGCGG_008,17
CCTGCCCTTACAAAGATGAG_001,43
CCTGCCCTTACAAAGATGAG_002,94
CCTGCCCTTACAAAGATGAG_003,174
CCTGCCCTTACAAAGATGAG_004,132
CCTGCCCTTACAAAGATGAG_005,142
CCTGCCCTTACAAAGATGAG_006,3
CCTGCCCTTACAAAGATGAG_007,169
GCCCGCTCAGATAAGACTGG_001,41
GCCCGCTCAGATAAGACTGG_002,85
GCCCGCTCAGATAAGACTGG_003,141
GCCCGCTCAGATAAGACTGG_004,155
GCCCGCTCAGATAAGACTGG_005,98
GCCCGCTCAGATAAGACTGG_006,144
GCCCGCTCAGATAAGACTGG_007,21
GCCCGCTCAGATAAGACTGG_008,169
GCCCGCTCAGATAAGACTGG_009,31
GCCCGCTCAGATAAGACTGG_010,67
GCCCGCTCAGATAAGACTGG_011,146
GCCCGCTCAGATAAGACTGG_012,149
GCCCGCTCAGATAAGACTGG_013,138
GCAACTACGCGGAGCGAGTG_001,40
GCAACTACGCGGAGCGAGTG_002,19
GCAACTACGCGGAGCGAGTG_003,181
GCAACTACGCGGAGCGAGTG_004,156
GCAACTACGCGGAGCGAGTG_005,118
GCAACTACGCGGAGCGAGTG_006,166
GCAACTACGCGGAGCGAGTG_007,74
GCAACTACGCGGAGCGAGTG_008,116
GCAACTACGCGGAGCGAGTG_009,91
GCAACTACGCGGAGCGAGTG_010,138
GCAACTACGCGGAGCGAGTG_011,169
GCAACTACGCGGAGCGAGTG_012,19
GCAACTACGCGGAGCGAGTG_013,143
TCTGCTTGGAGTTCTCATGA_001,43
TCTGCTTGGAGTTCTCATGA_002,136
TCTGCTTGGAGTTCTCATGA_003,67
TGTGCTCATTGAGTGAACAA_001,23
TGTGCTCATTGAGTGAACAA_002,157
TGTGCTCATTGAGTGAACAA_003,116
TGTGCTCATTGAGTGAACAA_004,130
TGTGCTCATTGAGTGAACAA_005,68
TGTGCTCATTGAGTGAACAA_006,162
TGTGCTCATTGAGTGAACAA_007,166
TGTGCTCATTGAGTGAACAA_008,135
TGTGCTCATTGAGTGAACAA_009,108
TGTGCTCATTGAGTGAACAA_010,119
TGTGCTCATTGAGTGAACAA_011,40
TGTGCTCATTGAGTGAACAA_012,119
TGTGCTCATTGAGTGAACAA_013,194
GTAGCCATGAACTGGATCGG_001,49
GTAGCCATGAACTGGATCGG_002,197
GTAGCCATGAACTGGATCGG_003,170
GTAGCCATGAACTGGATCGG_004,113
GTAGCCATGAACTGGATCGG_005,128
GTAGCCATGAACTGGATCGG_006,127
GTAGCCATGAACTGGATCGG_007,138
GTAGCCATGAACTGGATCGG_008,142
GTAGCCATGAACTGGATCGG_009,130
GCAGAGCTATTGGTGTCCCA_001,113
GCAGAGCTATTGGTGTCCCA_002,19
GCAGAGCTATTGGTGTCCCA_003,63
GCAGAGCTATTGGTGTCCCA_004,145
GCAGAGCTATTGGTGTCCCA_005,70
GCAGAGCTATTGGTGTCCCA_006,103
GCAGAGCTATTGGTGTCCCA_007,39
GCAGAGCTATTGGTGTCCCA_008,35
GCAGAGCTATTGGTGTCCCA_009,71
GCAGAGCTATTGGTGTCCCA_010,15
GCAGAGCTATTGGTGTCCCA_011,121
CAGACACCTGGATGGTCCGA_001,34
GCAGAAGACGACTGGCGATG_001,98
GCAGAAGACGACTGGCGATG_002,43
GCAGAAGACGACTGGCGATG_003,10
GCAGAAGACGACTGGCGATG_004,153
GCAGAAGACGACTGGCGATG_005,147
GCAGAAGACGACTGGCGATG_006,0
GCAGAAGACGACTGGCGATG_007,197
GCAGAAGACGACTGGCGATG_008,52
GCAGAAGACGACTGGCGATG_009,68
GCAGAAGACGACTGGCGATG_010,66
GCAGAAGACGACTGGCGATG_011,103
TGAAGCCCATGACGTTAGTG_001,102
TGAAGCCCATGACGTTAGTG_002,10
TGAAGCCCATGACGTTAGTG_003,51
TGAAGCCCATGACGTTAGTG_004,97
TGAAGCCCATGACGTTAGTG_005,98
TGAAGCCCATGACGTTAGTG_006,144
GATCGCGACTCTGGTACGAA_001,46
GATCGCGACTCTGGTACGAA_002,50
TCGCCAGCGCAGATACCAAA_001,90
TCGCCAGCGCAGATACCAAA_002,77
TCGCCAGCGCAGATACCAAA_003,105
GGAGAACATGAACGCCCAGG_001,60
GGAGAACATGAACGCCCAGG_002,176
GGAGAACATGAACGCCCAGG_003,171
GGAGAACATGAACGCCCAGG_004,24
GGAGAACATGAACGCCCAGG_005,8
GGAGAACATGAACGCCCAGG_006,160
GGAGAACATGAACGCCCAGG_007,45
GGAGAACATGAACGCCCAGG_008,49
GGAGAACATGAACGCCCAGG_009,179
GGAGAACATGAACGCCCAGG_010,158
GGAGAACATGAACGCCCAGG_011,194
GGAGAACATGAACGCCCAGG_012,1
GGAGAACATGAACGCCCAGG_013,2
GGAGAACATGAACGCCCAGG_014,10
GGAGAACATGAACGCCCAGG_015,3
ATTTCTAAAGTCTTTGAACT_001,127
ATTTCTAAAGTCTTTGAACT_002,182
GCTGGTGAGCCAATAAGTAC_001,177
GCTGGTGAGCCAATAAGTAC_002,108
GCTGGTGAGCCAATAAGTAC_003,121
GCTGGTGAGCCAATAAGTAC_004,197
GCTGGTGAGCCAATAAGTAC_005,43
GCTGGTGAGCCAATAAGTAC_006,50
GCTGGTGAGCCAATAAGTAC_007,140
GCTGGTGAGCCAATAAGTAC_008,105
GCTGGTGAGCCAATAAGTAC_009,12
GCTGGTGAGCCAATAAGTAC_010,147
GCTGGTGAGCCAATAAGTAC_011,83
GCTGGTGAGCCAATAAGTAC_012,144
GCTGGTGAGCCAATAAGTAC_013,56
GCTGGTGAGCCAATAAGTAC_014,47
CACTCACCCATCAATGACAG_001,185
CACTCACCCATCAATGACAG_002,166
CACTCACCCATCAATGACAG_003,62
CACTCACCCATCAATGACAG_004,70
CACTCACCCATCAATGACAG_005,111
CACTCACCCATCAATGACAG_006,8
CACTCACCCATCAATGACAG_007,32
CACTCACCCATCAATGACAG_008,122
CACTCACCCATCAATGACAG_009,11
CACTCACCCATCAATGACAG_010,171
CACTCACCCATCAATGACAG_011,139
CACTCACCCATCAATGACAG_012,55
CACTCACCCATCAATGACAG_013,2
CACTCACCCATCAATGACAG_014,198
CACTCACCCATCAATGACAG_015,83
CACTCACCCATCAATGACAG_016,81
CACTCACCCATCAATGACAG_017,19
CACTCACCCATCAATGACAG_018,102
ACGGATTCACAACTACCGAG_001,174
ACGGATTCACAACTACCGAG_002,146
ACGGATTCACAACTACCGAG_003,77
ACGGATTCACAACTACCGAG_004,166
ACGGATTCACAACTACCGAG_005,147
ACGGATTCACAACTACCGAG_006,40
ACGGATTCACAACTACCGAG_007,166
ACGGATTCACAACTACCGAG_008,158
ACGGATTCACAACTACCGAG_009,144
ACGGATTCACAACTACCGAG_010,28
ACGGATTCACAACTACCGAG_011,98
ACGGATTCACAACTACCGAG_012,149
ACAACCTTAAGAATAGAGAG_001,60
ACAACCTTAAGAATAGAGAG_002,162
ACAACCTTAAGAATAGAGAG_003,54
ACAACCTTAAGAATAGAGAG_004,189
ACAACCTTAAGAATAGAGAG_005,61
ACAACCTTAAGAATAGAGAG_006,150
ACAACCTTAAGAATAGAGAG_007,107
ACAACCTTAAGAATAGAGAG_008,13
ACAACCTTAAGAATAGAGAG_009,13
CCGCTATGGTTACACTCGGG_001,118
CCGCTATGGTTACACTCGGG_002,192
CCGCTATGGTTACACTCGGG_003,103
TCATGACGTGTTGAGAAATG_001,152
TCATGACGTGTTGAGAAATG_002,152
TGTACTTGTGGAAGTCCCGA_001,26
TGTACTTGTGGAAGTCCCGA_002,98
ATTCTGGCATCCATTGACAC_001,87
ATTCTGGCATCCATTGACAC_002,16
ATTCTGGCATCCATTGACAC_003,12
ATTCTGGCATCCATTGACAC_004,20
TCTGTCAGTAGACGGCAAGG_001,2
TCTGTCAGTAGACGGCAAGG_002,17
TCTGTCAGTAGACGGCAAGG_003,147
TCTGTCAGTAGACGGCAAGG_004,95
TCTGTCAGTAGACGGCAAGG_005,195
TCTGTCAGTAGACGGCAAGG_006,20
TCTGTCAGTAGACGGCAAGG_007,50
TCTGTCAGTAGACGGCAAGG_008,43
TTAAATGCCTCGTTACTGGG_001,58
TTAAATGCCTCGTTACTGGG_002,94
TTAAATGCCTCGTTACTGGG_003,11
TTAAATGCCTCGTTACTGGG_004,10
TTAAATGCCTCGTTACTGGG_005,81
TTAAATGCCTCGTTACTGGG_006,61
TTAAATGCCTCGTTACTGGG_007,148
CTCGCCAAACTTGTTGCGGT_001,141
TAGGTAAGGTTGTCTCCGTG_001,149
TAGGTAAGGTTGTCTCCGTG_002,169
TAGGTAAGGTTGTCTCCGTG_003,2
TAGGTAAGGTTGTCTCCGTG_004,168
TAGGTAAGGTTGTCTCCGTG_005,94
TAGGTAAGGTTGTCTCCGTG_006,128
TAGGTAAGGTTGTCTCCGTG_007,98
TAGGTAAGGTTGTCTCCGTG_008,29
TAGGTAAGGTTGTCTCCGTG_009,86
CAAATGCGACCTTTCTCCCA_001,77
CAAATGCGACCTTTCTCCCA_002,150
CAAATGCGACCTTTCTCCCA_003,91
CAAATGCGACCTTTCTCCCA_004,57
TAGATGGAAAAGGAGGTACG_001,47
TAGATGGAAAAGGAGGTACG_002,31
TAGATGGAAAAGGAGGTACG_003,104
TAGATGGAAAAGGAGGTACG_004,42
TAGATGGAAAAGGAGGTACG_005,45
TAGATGGAAAAGGAGGTACG_006,34
TAGATGGAAAAGGAGGTACG_007,175
TGGGGCCACATATGTCACAA_001,103
TGGGGCCACATATGTCACAA_002,1
TGGGGCCACATATGTCACAA_003,26
TGGGGCCACATATGTCACAA_004,101
TGGGGCCACATATGTCACAA_005,9
TGGGGCCACATATGTCACAA_006,58
TGGGGCCACATATGTCACAA_007,105
TGGGGCCACATATGTCACAA_008,163
TGGGGCCACATATGTCACAA_009,145
TGGGGCCACATATGTCACAA_010,140
TGGGGCCACATATGTCACAA_011,118
TGGGGCCACATATGTCACAA_012,34
GGGAGATGCCACAAAGCACC_001,183
GGGAGATGCCACAAAGCACC_002,185
GGGAGATGCCACAAAGCACC_003,13
GGGAGATGCCACAAAGCACC_004,162
GGGAGATGCCACAAAGCACC_005,24
GGGAGATGCCACAAAGCACC_006,51
TCTGCTGATAAACCGAGTCG_001,9
TCTGCTGATAAACCGAGTCG_002,49
TCTGCTGATAAACCGAGTCG_003,75
ACGGTATACATGGAACTGTC_001,70
ACGGTATACATGGAACTGTC_002,158
ACGGTATACATGGAACTGTC_003,115
ACGGTATACATGGAACTGTC_004,63
ACGGTATACATGGAACTGTC_005,76
ACGGTATACATGGAACTGTC_006,198
ACGGTATACATGGAACTGTC_007,60
ACGGTATACATGGAACTGTC_008,166
ACGGTATACATGGAACTGTC_009,193
CCAATTGGTACCAGTACATG_001,106
CCAATTGGTACCAGTACATG_002,198
CCAATTGGTACCAGTACATG_003,169
CCAATTGGTACCAGTACATG_004,72
CCAATTGGTACCAGTACATG_005,47
CCAATTGGTACCAGTACATG_006,145
CCAATTGGTACCAGTACATG_007,66
CCAATTGGTACCAGTACATG_008,90
CCAATTGGTACCAGTACATG_009,167
CCAATTGGTACCAGTACATG_010,82
GAACTCACCACTTTGCCGCG_001,88
GAACTCACCACTTTGCCGCG_002,145
GAACTCACCACTTTGCCGCG_003,150
GAACTCACCACTTTGCCGCG_004,115
GAACTCACCACTTTGCCGCG_005,168
GAACTCACCACTTTGCCGCG_006,77
GAACTCACCACTTTGCCGCG_007,8
GAACTCACCACTTTGCCGCG_008,24
GAACTCACCACTTTGCCGCG_009,149
GAACTCACCACTTTGCCGCG_010,128
GAACTCACCACTTTGCCGCG_011,27
GAACTCACCACTTTGCCGCG_012,77
GAACTCACCACTTTGCCGCG_013,119
GAACTCACCACTTTGCCGCG_014,105
GAACTCACCACTTTGCCGCG_015,147
GAACTCACCACTTTGCCGCG_016,29
GAACTCACCACTTTGCCGCG_017,150
GATCTTGAAGACATAGTAGG_001,115
GATCTTGAAGACATAGTAGG_002,106
GATCTTGAAGACATAGTAGG_003,193
GATCTTGAAGACATAGTAGG_004,43
GATCTTGAAGACATAGTAGG_005,175
GATCTTGAAGACATAGTAGG_006,160
GATCTTGAAGACATAGTAGG_007,77
AGCAAGCGGAGGACCTACGC_001,109
AGCAAGCGGAGGACCTACGC_002,163
AGCAAGCGGAGGACCTACGC_003,137
AGCAAGCGGAGGACCTACGC_004,144
AGCAAGCGGAGGACCTACGC_005,166
AGCAAGCGGAGGACCTACGC_006,198
GCACCTTAAGACCAAGCCAT_001,28
GCACCTTAAGACCAAGCCAT_002,82
GCACCTTAAGACCAAGCCAT_003,126
GCACCTTAAGACCAAGCCAT_004,103
GCACCTTAAGACCAAGCCAT_005,113
GCACCTTAAGACCAAGCCAT_006,57
GCACCTTAAGACCAAGCCAT_007,197
GCACCTTAAGACCAAGCCAT_008,181
GCACCTTAAGACCAAGCCAT_009,69
GCACCTTAAGACCAAGCCAT_010,185
GCTTGGTACGCAGAGCACCG_001,48
GCTTGGTACGCAGAGCACCG_002,23
GCTTGGTACGCAGAGCACCG_003,156
GCTTGGTACGCAGAGCACCG_004,41
GCTTGGTACGCAGAGCACCG_005,98
GCTTGGTACGCAGAGCACCG_006,175
GCTTGGTACGCAGAGCACCG_007,49
GCTTGGTACGCAGAGCACCG_008,58
GCTTGGTACGCAGAGCACCG_009,2
GCTTGGTACGCAGAGCACCG_010,29
GCTTGGTACGCAGAGCACCG_011,69
GAGTCGACACCGGGATCAGG_001,173
GAGTCGACACCGGGATCAGG_002,115
GAGTCGACACCGGGATCAGG_003,156
GAGTCGACACCGGGATCAGG_004,10
GAGTCGACACCGGGATCAGG_005,72
GAGTCGACACCGGGATCAGG_006,20
GAGTCGACACCGGGATCAGG_007,91
GAGTCGACACCGGGATCAGG_008,124
TCAAGCATGAGTTCATGCGC_001,17
TCAAGCATGAGTTCATGCGC_002,50
TCAAGCATGAGTTCATGCGC_003,108
TCAAGCATGAGTTCATGCGC_004,47
TCAAGCATGAGTTCATGCGC_005,148
TCAAGCATGAGTTCATGCGC_006,6
TCAAGCATGAGTTCATGCGC_007,65
TCAAGCATGAGTTCATGCGC_008,165
TCAAGCATGAGTTCATGCGC_009,124
TCAAGCATGAGTTCATGCGC_010,34
CCTCTTAGACGATTTCAGGA_001,163
CCTCTTAGACGATTTCAGGA_002,144
TACGGCTCAGCAAGCATCAG_001,106
TACGGCTCAGCAAGCATCAG_002,106
TACGGCTCAGCAAGCATCAG_003,127
TACGGCTCAGCAAGCATCAG_004,121
TACGGCTCAGCAAGCATCAG_005,105
TACGGCTCAGCAAGCATCAG_006,19
TACGGCTCAGCAAGCATCAG_007,64
TACGGCTCAGCAAGCATCAG_008,64
TACGGCTCAGCAAGCATCAG_009,94
TACGGCTCAGCAAGCATCAG_010,160
TACGGCTCAGCAAGCATCAG_011,78
TACGGCTCAGCAAGCATCAG_012,107
TACGGCTCAGCAAGCATCAG_013,149
TACGGCTCAGCAAGCATCAG_014,19
TACGGCTCAGCAAGCATCAG_015,18
TACGGCTCAGCAAGCATCAG_016,137
TACGGCTCAGCAAGCATCAG_017,166
TACGGCTCAGCAAGCATCAG_018,138
TACGGCTCAGCAAGCATCAG_019,10
TACGGCTCAGCAAGCATCAG_020,63
TACGGCTCAGCAAGCATCAG_021,103
TACGGCTCAGCAAGCATCAG_022,191
TACGGCTCAGCAAGCATCAG_023,148
TACGGCTCAGCAAGCATCAG_024,86
GAAGATTATTGCATGTGGCG_001,168
GAAGATTATTGCATGTGGCG_002,78
GAAGATTATTGCATGTGGCG_003,46
GAAGATTATTGCATGTGGCG_004,74
ATAGCCGATTGTCAGCACAT_001,49
ATAGCCGATTGTCAGCACAT_002,133
ATAGCCGATTGTCAGCACAT_003,183
ATAGCCGATTGTCAGCACAT_004,9
ATAGCCGATTGTCAGCACAT_005,129
ATAGCCGATTGTCAGCACAT_006,50
ATAGCCGATTGTCAGCACAT_007,5
ATAGCCGATTGTCAGCACAT_008,179
ATAGCCGATTGTCAGCACAT_009,159
AATACTGCATAGCTTCAATG_001,81
AATACTGCATAGCTTCAATG_002,13
AATACTGCATAGCTTCAATG_003,12
AATACTGCATAGCTTCAATG_004,28
AATACTGCATAGCTTCAATG_005,176
AATACTGCATAGCTTCAATG_006,158
AGGGCTTTCAGGATTAGACG_001,43
AGGGCTTTCAGGATTAGACG_002,47
AGGGCTTTCAGGATTAGACG_003,188
AGGGCTTTCAGGATTAGACG_004,52
AGGGCTTTCAGGATTAGACG_005,32
AGGGCTTTCAGGATTAGACG_006,29
AGGGCTTTCAGGATTAGACG_007,16
AGGGCTTTCAGGATTAGACG_008,189
AGGGCTTTCAGGATTAGACG_009,190
AGGGCTTTCAGGATTAGACG_010,82
AGGGCTTTCAGGATTAGACG_011,192
AGGGCTTTCAGGATTAGACG_012,127
AGGGCTTTCAGGATTAGACG_013,26
AGGGCTTTCAGGATTAGACG_014,49
AGGGCTTTCAGGATTAGACG_015,74
AGGGCTTTCAGGATTAGACG_016,177
AGGGCTTTCAGGATTAGACG_017,69
CCATTGTACAGCATCACCAC_001,73
CCATTGTACAGCATCACCAC_002,24
CCATTGTACAGCATCACCAC_003,154
CCATTGTACAGCATCACCAC_004,31
CCATTGTACAGCATCACCAC_005,87
CCATTGTACAGCATCACCAC_006,127
CCATTGTACAGCATCACCAC_007,0
CCATTGTACAGCATCACCAC_008,4
CCATTGTACAGCATCACCAC_009,49
CCATTGTACAGCATCACCAC_010,137
CCATTGTACAGCATCACCAC_011,54
CCATTGTACAGCATCACCAC_012,2
CCATTGTACAGCATCACCAC_013,188
CCATTGTACAGCATCACCAC_014,199
CCATTGTACAGCATCACCAC_015,16
CCATTGTACAGCATCACCAC_016,43
CCATTGTACAGCATCACCAC_017,75
CCATTGTACAGCATCACCAC_018,42
CCATTGTACAGCATCACCAC_019,149
TCAGTGGTGGACTGATATTG_001,19
TCAGTGGTGGACTGATATTG_002,10
TCAGTGGTGGACTGATATTG_003,96
TCAGTGGTGGACTGATATTG_004,187
TCAGTGGTGGACTGATATTG_005,76
TCAGTGGTGGACTGATATTG_006,3
TCAGTGGTGGACTGATATTG_007,13
CCCCCGAAATGGTGTGCAAG_001,199
CCCCCGAAATGGTGTGCAAG_002,166
CCCCCGAAATGGTGTGCAAG_003,111
CCCCCGAAATGGTGTGCAAG_004,30
CCCCCGAAATGGTGTGCAAG_005,197
CCCCCGAAATGGTGTGCAAG_006,160
CCCCCGAAATGGTGTGCAAG_007,99
CCCCCGAAATGGTGTGCAAG_008,150
CCCCCGAAATGGTGTGCAAG_009,180
AAAAGATGACACTTATGACA_001,157
GCACTACAGCTTGCACACGG_001,80
GCACTACAGCTTGCACACGG_002,169
GCACTACAGCTTGCACACGG_003,70
GCACTACAGCTTGCACACGG_004,184
GCACTACAGCTTGCACACGG_005,139
GCACTACAGCTTGCACACGG_006,86
GCACTACAGCTTGCACACGG_007,122
GCACTACAGCTTGCACACGG_008,27
GCACTACAGCTTGCACACGG_009,190
GCACTACAGCTTGCACACGG_010,175
GCACTACAGCTTGCACACGG_011,81
GGAGGCAGTCACCGACCCCG_001,149
GGAGGCAGTCACCGACCCCG_002,146
GGAGGCAGTCACCGACCCCG_003,93
GGAGGCAGTCACCGACCCCG_004,122
GGAGGCAGTCACCGACCCCG_005,42
GGAGGCAGTCACCGACCCCG_006,108
GGAGGCAGTCACCGACCCCG_007,61
GGAGGCAGTCACCGACCCCG_008,163
GGAGGCAGTCACCGACCCCG_009,38
GGAGGCAGTCACCGACCCCG_010,62
GGAGGCAGTCACCGACCCCG_011,9
GGAGGCAGTCACCGACCCCG_012,115
GGAGGCAGTCACCGACCCCG_013,15
GGAGGCAGTCACCGACCCCG_014,84
GATAGTAATCCCAACAGACC_001,183
CCCAGGGAGCGGCAACACGG_001,181
CCCAGGGAGCGGCAACACGG_002,125
CCCAGGGAGCGGCAACACGG_003,73
CCCAGGGAGCGGCAACACGG_004,191
CCCAGGGAGCGGCAACACGG_005,84
CCCAGGGAGCGGCAACACGG_006,94
CCCAGGGAGCGGCAACACGG_007,6
CCCAGGGAGCGGCAACACGG_008,51
CCCAGGGAGCGGCAACACGG_009,60
CCCAGGGAGCGGCAACACGG_010,163
CCCAGGGAGCGGCAACACGG_011,69
CCCAGGGAGCGGCAACACGG_012,175
CCCAGGGAGCGGCAACACGG_013,121
CCCAGGGAGCGGCAACACGG_014,113
CCCAGGGAGCGGCAACACGG_015,116
CCCAGGGAGCGGCAACACGG_016,78
CCCAGGGAGCGGCAACACGG_017,158
CCCAGGGAGCGGCAACACGG_018,95
CCCAGGGAGCGGCAACACGG_019,83
CCCAGGGAGCGGCAACACGG_020,117
CCCAGGGAGCGGCAACACGG_021,160
CCCAGGGAGCGGCAACACGG_022,115
CCCAGGGAGCGGCAACACGG_023,60
CCCAGGGAGCGGCAACACGG_024,107
CCCAGGGAGCGGCAACACGG_025,62
CCCAGGGAGCGGCAACACGG_026,188
CCCAGGGAGCGGCAACACGG_027,80
CCCAGGGAGCGGCAACACGG_028,148
CCCAGGGAGCGGCAACACGG_029,56
CCCAGGGAGCGGCAACACGG_030,90
CCCAGGGAGCGGCAACACGG_031,63
CCCAGGGAGCGGCAACACGG_032,105
GCGGAGGCACCACGAACGCA_001,12
GCGGAGGCACCACGAACGCA_002,38
GCGGAGGCACCACGAACGCA_003,108
GCGGAGGCACCACGAACGCA_004,187
GCGGAGGCACCACGAACGCA_005,28
GCGGAGGCACCACGAACGCA_006,53
GCGGAGGCACCACGAACGCA_007,75
GCGGAGGCACCACGAACGCA_008,108
GCGGAGGCACCACGAACGCA_009,88
GCGGAGGCACCACGAACGCA_010,151
ATGATGCAGTTGACACGGAG_001,132
ATGATGCAGTTGACACGGAG_002,167
ATGATGCAGTTGACACGGAG_003,166
ATGATGCAGTTGACACGGAG_004,169
ATGATGCAGTTGACACGGAG_005,106
ATGATGCAGTTGACACGGAG_006,170
ATGATGCAGTTGACACGGAG_007,198
ATGATGCAGTTGACACGGAG_008,105
ATGATGCAGTTGACACGGAG_009,81
ATGATGCAGTTGACACGGAG_010,116
ATGATGCAGTTGACACGGAG_011,149
ATGATGCAGTTGACACGGAG_012,152
ATGATGCAGTTGACACGGAG_013,118
ATGATGCAGTTGACACGGAG_014,115
ATGATGCAGTTGACACGGAG_015,187
ATGATGCAGTTGACACGGAG_016,141
ATGATGCAGTTGACACGGAG_017,21
ATGATGCAGTTGACACGGAG_018,135
ATGATGCAGTTGACACGGAG_019,199
ATGATGCAGTTGACACGGAG_020,178
ATGATGCAGTTGACACGGAG_021,145
ATGATGCAGTTGACACGGAG_022,154
ATGATGCAGTTGACACGGAG_023,150
ATGATGCAGTTGACACGGAG_024,94
ATGATGCAGTTGACACGGAG_025,50
ATGATGCAGTTGACACGGAG_026,29
ATGATGCAGTTGACACGGAG_027,30
ATGATGCAGTTGACACGGAG_028,16
ATGATGCAGTTGACACGGAG_029,145
ATGATGCAGTTGACACGGAG_030,25
ATGATGCAGTTGACACGGAG_031,134
ATGATGCAGTTGACACGGAG_032,88
ATGATGCAGTTGACACGGAG_033,56
ATGATGCAGTTGACACGGAG_034,191
ATGATGCAGTTGACACGGAG_035,10
ATGATGCAGTTGACACGGAG_036,157
ATGATGCAGTTGACACGGAG_037,88
ATGATGCAGTTGACACGGAG_038,193
ATGATGCAGTTGACACGGAG_039,77
ATGATGCAGTTGACACGGAG_040,107
ATGATGCAGTTGACACGGAG_041,67
ATGATGCAGTTGACACGGAG_042,28
ATGATGCAGTTGACACGGAG_043,85
ATGATGCAGTTGACACGGAG_044,126
ATGATGCAGTTGACACGGAG_045,147
ATGATGCAGTTGACACGGAG_046,145
ATGATGCAGTTGACACGGAG_047,36
ATGATGCAGTTGACACGGAG_048,116
ATGATGCAGTTGACACGGAG_049,27
ATGATGCAGTTGACACGGAG_050,12
ATGATGCAGTTGACACGGAG_051,80
ATGATGCAGTTGACACGGAG_052,6
ATGATGCAGTTGACACGGAG_053,165
ATGATGCAGTTGACACGGAG_054,34
ATGATGCAGTTGACACGGAG_055,140
ATGATGCAGTTGACACGGAG_056,166
ATGATGCAGTTGACACGGAG_057,35
ATGATGCAGTTGACACGGAG_058,155
GGGAGCACTTCGAAAACCAC_001,169
GGGAGCACTTCGAAAACCAC_002,141
GGGAGCACTTCGAAAACCAC_003,194
GGGAGCACTTCGAAAACCAC_004,61
GGAAGAGAGGGCTCGACGAG_001,18
GGAAGAGAGGGCTCGACGAG_002,170
GGAAGAGAGGGCTCGACGAG_003,117
GGAAGAGAGGGCTCGACGAG_004,115
GGAAGAGAGGGCTCGACGAG_005,26
GGAAGAGAGGGCTCGACGAG_006,48
GGAAGAGAGGGCTCGACGAG_007,144
GGAAGAGAGGGCTCGACGAG_008,48
GGAAGAGAGGGCTCGACGAG_009,191
GGAAGAGAGGGCTCGACGAG_010,48
GGAAGAGAGGGCTCGACGAG_011,40
GGAAGAGAGGGCTCGACGAG_012,105
TTCCAGACCAGGGACAACCA_001,168
TTCCAGACCAGGGACAACCA_002,147
TTCCAGACCAGGGACAACCA_003,113
TTCCAGACCAGGGACAACCA_004,154
TTCCAGACCAGGGACAACCA_005,9
TTCCAGACCAGGGACAACCA_006,127
TTCCAGACCAGGGACAACCA_007,143
TTCCAGACCAGGGACAACCA_008,82
TTCCAGACCAGGGACAACCA_009,162
TTCCAGACCAGGGACAACCA_010,80
TTCCAGACCAGGGACAACCA_011,105
TTCCAGACCAGGGACAACCA_012,49
TTCCAGACCAGGGACAACCA_013,83
TTCCAGACCAGGGACAACCA_014,150
TTCCAGACCAGGGACAACCA_015,125
TTCCAGACCAGGGACAACCA_016,88
TTCCAGACCAGGGACAACCA_017,194
TTCCAGACCAGGGACAACCA_018,187
GGAAAGCACCATGATATGTG_001,43
GGAAAGCACCATGATATGTG_002,76
GGAAAGCACCATGATATGTG_003,165
GGAAAGCACCATGATATGTG_004,39
TCAAGCTGCACGCCAAACTG_001,50
TCAAGCTGCACGCCAAACTG_002,189
TCAAGCTGCACGCCAAACTG_003,126
TCAAGCTGCACGCCAAACTG_004,196
TCAAGCTGCACGCCAAACTG_005,105
TCAAGCTGCACGCCAAACTG_006,88
TCAAGCTGCACGCCAAACTG_007,149
TCAAGCTGCACGCCAAACTG_008,69
TCAAGCTGCACGCCAAACTG_009,58
TCAAGCTGCACGCCAAACTG_010,121
TCAAGCTGCACGCCAAACTG_011,61
TCAAGCTGCACGCCAAACTG_012,9
TCAAGCTGCACGCCAAACTG_013,138
TCAAGCTGCACGCCAAACTG_014,48
TCAAGCTGCACGCCAAACTG_015,61
TCAAGCTGCACGCCAAACTG_016,13
AGGCTCTAGAACAGAGTCCG_001,89
AGGCTCTAGAACAGAGTCCG_002,148
AGGCTCTAGAACAGAGTCCG_003,181
AGGCTCTAGAACAGAGTCCG_004,35
AGGCTCTAGAACAGAGTCCG_005,9
AGGCTCTAGAACAGAGTCCG_006,121
AGGCTCTAGAACAGAGTCCG_007,70
TAAGTAGCTTCTTAACATAG_001,168
GTACATACAGGACAGATGAG_001,171
GTACATACAGGACAGATGAG_002,98
GTACATACAGGACAGATGAG_003,75
GTACATACAGGACAGATGAG_004,104
GTACATACAGGACAGATGAG_005,37
GTACATACAGGACAGATGAG_006,121
GCTCCCATCCATAGTAAAAA_001,127
GCTCCCATCCATAGTAAAAA_002,42
GCTCCCATCCATAGTAAAAA_003,149
GCTCCCATCCATAGTAAAAA_004,175
GAGTCCCCAGTTGGGGTCTC_001,191
GAGTCCCCAGTTGGGGTCTC_002,100
GAGTCCCCAGTTGGGGTCTC_003,19
GAGTCCCCAGTTGGGGTCTC_004,32
GAGTCCCCAGTTGGGGTCTC_005,85
GAGTCCCCAGTTGGGGTCTC_006,85
GAGTCCCCAGTTGGGGTCTC_007,184
CATGAAATGCGCTTTCAGCA_001,112
CATGAAATGCGCTTTCAGCA_002,119
TGGTCCTGGTCTCATCATCG_001,124
TGGTCCTGGTCTCATCATCG_002,193
TGGTCCTGGTCTCATCATCG_003,2
TGGTCCTGGTCTCATCATCG_004,106
TGGTCCTGGTCTCATCATCG_005,174
AGAGAGGTCTGGACTATCAG_001,12
AGAGAGGTCTGGACTATCAG_002,125
AGAGAGGTCTGGACTATCAG_003,132
TGCGCCCAGAGCTACCACTG_001,161
TGCGCCCAGAGCTACCACTG_002,119
TGCGCCCAGAGCTACCACTG_003,119
TGCGCCCAGAGCTACCACTG_004,172
TGCGCCCAGAGCTACCACTG_005,182
TGCGCCCAGAGCTACCACTG_006,166
TGCGCCCAGAGCTACCACTG_007,168
TGCGCCCAGAGCTACCACTG_008,108
TGCGCCCAGAGCTACCACTG_009,192
TGCGCCCAGAGCTACCACTG_010,15
TGCGCCCAGAGCTACCACTG_011,77
TGCGCCCAGAGCTACCACTG_012,113
TGCGCCCAGAGCTACCACTG_013,91
TGCGCCCAGAGCTACCACTG_014,15
TGCGCCCAGAGCTACCACTG_015,113
TGCGCCCAGAGCTACCACTG_016,160
TGCGCCCAGAGCTACCACTG_017,113
TGCGCCCAGAGCTACCACTG_018,63
TGCGCCCAGAGCTACCACTG_019,1
TGCGCCCAGAGCTACCACTG_020,194
TGCGCCCAGAGCTACCACTG_021,7
TGCGCCCAGAGCTACCACTG_022,19
TGCGCCCAGAGCTACCACTG_023,51
TGCGCCCAGAGCTACCACTG_024,34
TGCGCCCAGAGCTACCACTG_025,172
AGCCCAGTTCCCCGTCCTAG_001,56
AGCCCAGTTCCCCGTCCTAG_002,154
AGCCCAGTTCCCCGTCCTAG_003,47
AGCCCAGTTCCCCGTCCTAG_004,154
AGCCCAGTTCCCCGTCCTAG_005,78
AGCCCAGTTCCCCGTCCTAG_006,94
AGCCCAGTTCCCCGTCCTAG_007,191
AGCCCAGTTCCCCGTCCTAG_008,182
AGCCCAGTTCCCCGTCCTAG_009,176
AGCCCAGTTCCCCGTCCTAG_010,170
AGCCCAGTTCCCCGTCCTAG_011,169
AGCCCAGTTCCCCGTCCTAG_012,19
AGCCCAGTTCCCCGTCCTAG_013,137
AGCCCAGTTCCCCGTCCTAG_014,126
AGCCCAGTTCCCCGTCCTAG_015,83
AGCCCAGTTCCCCGTCCTAG_016,81
AGCCCAGTTCCCCGTCCTAG_017,55
AGCCCAGTTCCCCGTCCTAG_018,17
AGCCCAGTTCCCCGTCCTAG_019,11
AGCCCAGTTCCCCGTCCTAG_020,18
AGCCCAGTTCCCCGTCCTAG_021,15
AGCCCAGTTCCCCGTCCTAG_022,88
AGCCCAGTTCCCCGTCCTAG_023,51
AGCCCAGTTCCCCGTCCTAG_024,85
AGCCCAGTTCCCCGTCCTAG_025,99
AGCCCAGTTCCCCGTCCTAG_026,49
AGCCCAGTTCCCCGTCCTAG_027,3
GACAGAGCAGAGTACGTCCG_001,121
GACAGAGCAGAGTACGTCCG_002,155
TTGCTGTAGCTATGTCCACG_001,187
TTGCTGTAGCTATGTCCACG_002,141
TTGCTGTAGCTATGTCCACG_003,196
TTGCTGTAGCTATGTCCACG_004,156
TTGCTGTAGCTATGTCCACG_005,175
TTGCTGTAGCTATGTCCACG_006,20
TTGCTGTAGCTATGTCCACG_007,49
TTGCTGTAGCTATGTCCACG_008,175
TTGCTGTAGCTATGTCCACG_009,145
TTGCTGTAGCTATGTCCACG_010,41
TTGCTGTAGCTATGTCCACG_011,154
TTGCTGTAGCTATGTCCACG_012,58
TTGCTGTAGCTATGTCCACG_013,34
CCACGGAGATGATCACGATG_001,78
CCACGGAGATGATCACGATG_002,142
CCACGGAGATGATCACGATG_003,169
CCACGGAGATGATCACGATG_004,165
CCACGGAGATGATCACGATG_005,11
CCACGGAGATGATCACGATG_006,156
CCACGGAGATGATCACGATG_007,87
CCACGGAGATGATCACGATG_008,124
AGAATTCAGGCAGACTTTAG_001,48
AGAATTCAGGCAGACTTTAG_002,48
AGAATTCAGGCAGACTTTAG_003,82
AGAATTCAGGCAGACTTTAG_004,16
AGAATTCAGGCAGACTTTAG_005,30
AGAATTCAGGCAGACTTTAG_006,177
AGAATTCAGGCAGACTTTAG_007,51
AGAATTCAGGCAGACTTTAG_008,12
AGAATTCAGGCAGACTTTAG_009,67
AGAATTCAGGCAGACTTTAG_010,106
AGAATTCAGGCAGACTTTAG_011,4
AGAATTCAGGCAGACTTTAG_012,160
AGAATTCAGGCAGACTTTAG_013,105
AGAATTCAGGCAGACTTTAG_014,4
AGAATTCAGGCAGACTTTAG_015,28
GCTCACGAACCGGAGAACCC_001,111
ATAGCTTGTAGATCAACCTG_001,170
ATAGCTTGTAGATCAACCTG_002,181
ATAGCTTGTAGATCAACCTG_003,62
TAATCTCATCACCCAGTGGA_001,122
TAATCTCATCACCCAGTGGA_002,182
TAATCTCATCACCCAGTGGA_003,160
TAATCTCATCACCCAGTGGA_004,65
TAATCTCATCACCCAGTGGA_005,94
TAATCTCATCACCCAGTGGA_006,81
TAATCTCATCACCCAGTGGA_007,74
TAATGTAAGTCATGTTAGTG_001,176
TAATGTAAGTCATGTTAGTG_002,189
TAATGTAAGTCATGTTAGTG_003,65
TAATGTAAGTCATGTTAGTG_004,141
TAATGTAAGTCATGTTAGTG_005,192
TAATGTAAGTCATGTTAGTG_006,160
CACCACATACACAAGTCCCT_001,104
CACCACATACACAAGTCCCT_002,178
CACCACATACACAAGTCCCT_003,121
CACCACATACACAAGTCCCT_004,49
CACCACATACACAAGTCCCT_005,104
CACCACATACACAAGTCCCT_006,149
CACCACATACACAAGTCCCT_007,152
CACCACATACACAAGTCCCT_008,17
CACCACATACACAAGTCCCT_009,133
CACCACATACACAAGTCCCT_010,28
CACCACATACACAAGTCCCT_011,123
CACCACATACACAAGTCCCT_012,41
CACCACATACACAAGTCCCT_013,108
CACCACATACACAAGTCCCT_014,81
CACCACATACACAAGTCCCT_015,177
CACCACATACACAAGTCCCT_016,57
CACCACATACACAAGTCCCT_017,196
TTGTTACCATAATAATGAAA_001,38
TTGTTACCATAATAATGAAA_002,165
GGTGCCCAAAAGAATAATGA_001,145
GGTGCCCAAAAGAATAATGA_002,95
GCTGGGAGCGGTAAAACCGG_001,145
GCTGGGAGCGGTAAAACCGG_002,18
GCTGGGAGCGGTAAAACCGG_003,18
GCTGGGAGCGGTAAAACCGG_004,102
GCTGGGAGCGGTAAAACCGG_005,102
GCTGGGAGCGGTAAAACCGG_006,68
GCTGGGAGCGGTAAAACCGG_007,135
GCTGGGAGCGGTAAAACCGG_008,177
GCTGGGAGCGGTAAAACCGG_009,9
GCTGGGAGCGGTAAAACCGG_010,184
GCTGGGAGCGGTAAAACCGG_011,145
GCTGGGAGCGGTAAAACCGG_012,159
GCTGGGAGCGGTAAAACCGG_013,144
GCTGGGAGCGGTAAAACCGG_014,88
GCTGGGAGCGGTAAAACCGG_015,138
GCTGGGAGCGGTAAAACCGG_016,3
TGTGACCAAACGGCACCGTG_001,93
TGTGACCAAACGGCACCGTG_002,183
TGTGACCAAACGGCACCGTG_003,157
TGTGACCAAACGGCACCGTG_004,158
TGTGACCAAACGGCACCGTG_005,80
TGTGACCAAACGGCACCGTG_006,6
TGTGACCAAACGGCACCGTG_007,42
TGTGACCAAACGGCACCGTG_008,18
TGTGACCAAACGGCACCGTG_009,102
TGTGACCAAACGGCACCGTG_010,68
TGTGACCAAACGGCACCGTG_011,56
TGTGACCAAACGGCACCGTG_012,93
TGTGACCAAACGGCACCGTG_013,43
TGTGACCAAACGGCACCGTG_014,109
TGTGACCAAACGGCACCGTG_015,86
TGTGACCAAACGGCACCGTG_016,148
TGTGACCAAACGGCACCGTG_017,57
TGTGACCAAACGGCACCGTG_018,16
TGTGACCAAACGGCACCGTG_019,188
TGTGACCAAACGGCACCGTG_020,40
TGTGACCAAACGGCACCGTG_021,56
ACCAACTGCTCGTAACACAA_001,186
ACCAACTGCTCGTAACACAA_002,55
ACCAACTGCTCGTAACACAA_003,98
ACCAACTGCTCGTAACACAA_004,177
ACCAACTGCTCGTAACACAA_005,181
ACCAACTGCTCGTAACACAA_006,12
ACCAACTGCTCGTAACACAA_007,25
ACCAACTGCTCGTAACACAA_008,106
ACCAACTGCTCGTAACACAA_009,188
ACCAACTGCTCGTAACACAA_010,0
AGCACACAGTGATCTGCGAT_001,78
AGCACACAGTGATCTGCGAT_002,1
AGCACACAGTGATCTGCGAT_003,70
AGCACACAGTGATCTGCGAT_004,29
AGCACACAGTGATCTGCGAT_005,16
AGCACACAGTGATCTGCGAT_006,68
AGCACACAGTGATCTGCGAT_007,139
AGCACACAGTGATCTGCGAT_008,162
AGCACACAGTGATCTGCGAT_009,1
AGCACACAGTGATCTGCGAT_010,123
AGCACACAGTGATCTGCGAT_011,96
AGCACACAGTGATCTGCGAT_012,163
AGCACACAGTGATCTGCGAT_013,92
AGCACACAGTGATCTGCGAT_014,116
AGCACACAGTGATCTGCGAT_015,75
AGCACACAGTGATCTGCGAT_016,172
AGCACACAGTGATCTGCGAT_017,145
AGCACACAGTGATCTGCGAT_018,149
AGCACACAGTGATCTGCGAT_019,42
AGCACACAGTGATCTGCGAT_020,162
AGCACACAGTGATCTGCGAT_021,96
AGCACACAGTGATCTGCGAT_022,22
AGCACACAGTGATCTGCGAT_023,12
AGGATCTGTCCTCTTGCACA_001,37
AGGATCTGTCCTCTTGCACA_002,75
AGGATCTGTCCTCTTGCACA_003,74
AGGATCTGTCCTCTTGCACA_004,12
AGGATCTGTCCTCTTGCACA_005,133
AGGATCTGTCCTCTTGCACA_006,158
AGGATCTGTCCTCTTGCACA_007,108
AGGATCTGTCCTCTTGCACA_008,160
AGGATCTGTCCTCTTGCACA_009,107
AGGATCTGTCCTCTTGCACA_010,16
AGGATCTGTCCTCTTGCACA_011,155
AGGATCTGTCCTCTTGCACA_012,142
AGGATCTGTCCTCTTGCACA_013,167
AGGATCTGTCCTCTTGCACA_014,191
CGAGGAATAGGCCATATCCG_001,94
CGAGGAATAGGCCATATCCG_002,25
CGAGGAATAGGCCATATCCG_003,15
CGAGGAATAGGCCATATCCG_004,174
CGAGGAATAGGCCATATCCG_005,50
CGAGGAATAGGCCATATCCG_006,184
CGAGGAATAGGCCATATCCG_007,157
CGAGGAATAGGCCATATCCG_008,48
CGAGGAATAGGCCATATCCG_009,19
CGAGGAATAGGCCATATCCG_010,140
CGAGGAATAGGCCATATCCG_011,158
TACGGATGACAGGACAACAT_001,157
TACGGATGACAGGACAACAT_002,129
TACGGATGACAGGACAACAT_003,67
TACGGATGACAGGACAACAT_004,30
TACGGATGACAGGACAACAT_005,146
TGCTTGATGGACATCCACAG_001,169
TGCTTGATGGACATCCACAG_002,174
TGCTTGATGGACATCCACAG_003,116
TGCTTGATGGACATCCACAG_004,44
TGCTTGATGGACATCCACAG_005,40
TGCTTGATGGACATCCACAG_006,115
TGCTTGATGGACATCCACAG_007,173
TGCTTGATGGACATCCACAG_008,105
TGCTTGATGGACATCCACAG_009,41
TGCTTGATGGACATCCACAG_010,107
TGCTTGATGGACATCCACAG_011,6
TGCTTGATGGACATCCACAG_012,145
TGCTTGATGGACATCCACAG_013,41
TGCTTGATGGACATCCACAG_014,52
TGCTTGATGGACATCCACAG_015,50
TGCTTGATGGACATCCACAG_016,48
TGCTTGATGGACATCCACAG_017,151
TGCTTGATGGACATCCACAG_018,70
TGCTTGATGGACATCCACAG_019,194
CTTCTGAAGACACCAGTTTG_001,121
CTTCTGAAGACACCAGTTTG_002,111
CTTCTGAAGACACCAGTTTG_003,22
CTTCTGAAGACACCAGTTTG_004,43
CTTCTGAAGACACCAGTTTG_005,47
CTTCTGAAGACACCAGTTTG_006,137
CTTCTGAAGACACCAGTTTG_007,142
CTTCTGAAGACACCAGTTTG_008,105
CTTCTGAAGACACCAGTTTG_009,61
CTTCTGAAGACACCAGTTTG_010,158
CTTCTGAAGACACCAGTTTG_011,125
CTTCTGAAGACACCAGTTTG_012,170
CTTCTGAAGACACCAGTTTG_013,66
CTTCTGAAGACACCAGTTTG_014,148
CTTCTGAAGACACCAGTTTG_015,145
CTTCTGAAGACACCAGTTTG_016,116
CTTCTGAAGACACCAGTTTG_017,148
CTTCTGAAGACACCAGTTTG_018,138
CTTCTGAAGACACCAGTTTG_019,77
CTTCTGAAGACACCAGTTTG_020,41
CTTCTGAAGACACCAGTTTG_021,148
CTTCTGAAGACACCAGTTTG_022,82
CTTCTGAAGACACCAGTTTG_023,168
CATACTTGTCCCGACTAGAG_001,80
CATACTTGTCCCGACTAGAG_002,175
CATACTTGTCCCGACTAGAG_003,48
CATACTTGTCCCGACTAGAG_004,15
CATACTTGTCCCGACTAGAG_005,77
CATACTTGTCCCGACTAGAG_006,2
CATACTTGTCCCGACTAGAG_007,140
CATACTTGTCCCGACTAGAG_008,41
CATACTTGTCCCGACTAGAG_009,192
CATACTTGTCCCGACTAGAG_010,186
CATACTTGTCCCGACTAGAG_011,151
CATACTTGTCCCGACTAGAG_012,94
CATACTTGTCCCGACTAGAG_013,162
CATACTTGTCCCGACTAGAG_014,159
CATACTTGTCCCGACTAGAG_015,168
CATACTTGTCCCGACTAGAG_016,162
CATACTTGTCCCGACTAGAG_017,3
CATACTTGTCCCGACTAGAG_018,126
GACCGAGGTCAAGTTGCTAG_001,161
GACCGAGGTCAAGTTGCTAG_002,182
GACCGAGGTCAAGTTGCTAG_003,87
GACCGAGGTCAAGTTGCTAG_004,87
GAGGGCCATGTAGTCGCAGT_001,138
GAGGGCCATGTAGTCGCAGT_002,60
AAGAAAGTGATGATAACGAT_001,106
AAGAAAGTGATGATAACGAT_002,188
AAGAAAGTGATGATAACGAT_003,145
AAGAAAGTGATGATAACGAT_004,91
AAGAAAGTGATGATAACGAT_005,7
AAGAAAGTGATGATAACGAT_006,50
AAGAAAGTGATGATAACGAT_007,142
AAGAAAGTGATGATAACGAT_008,188
AAGAAAGTGATGATAACGAT_009,76
AAGAAAGTGATGATAACGAT_010,141
AGGCGTGAGACTTCAAACCC_001,115
AGGCGTGAGACTTCAAACCC_002,9
AGGCGTGAGACTTCAAACCC_003,132
AGGCGTGAGACTTCAAACCC_004,193
TGCCATCCTGAAAACAAACA_001,169
TGCCATCCTGAAAACAAACA_002,190
TGCCATCCTGAAAACAAACA_003,38
TGCCATCCTGAAAACAAACA_004,162
TGCCATCCTGAAAACAAACA_005,140
TGCCATCCTGAAAACAAACA_006,83
TGCCATCCTGAAAACAAACA_007,55
TGCCATCCTGAAAACAAACA_008,89
GCCCCAGTGTGCAAACAGAG_001,72
GCCCCAGTGTGCAAACAGAG_002,72
GCCCCAGTGTGCAAACAGAG_003,81
GCCCCAGTGTGCAAACAGAG_004,81
GCCCCAGTGTGCAAACAGAG_005,199
CTTGCTGAAGATGCTCCTCA_001,19
CTTGCTGAAGATGCTCCTCA_002,140
CTTGCTGAAGATGCTCCTCA_003,118
CTTGCTGAAGATGCTCCTCA_004,166
CTTGCTGAAGATGCTCCTCA_005,150
CTTGCTGAAGATGCTCCTCA_006,101
CTTGCTGAAGATGCTCCTCA_007,87
CTTGCTGAAGATGCTCCTCA_008,76
CTTGCTGAAGATGCTCCTCA_009,141
CTTGCTGAAGATGCTCCTCA_010,148
CTTGCTGAAGATGCTCCTCA_011,76
CTTGCTGAAGATGCTCCTCA_012,82
CTTGCTGAAGATGCTCCTCA_013,162
CTTGCTGAAGATGCTCCTCA_014,29
CTTGCTGAAGATGCTCCTCA_015,192
CTTGCTGAAGATGCTCCTCA_016,25
CTTGCTGAAGATGCTCCTCA_017,198
CTTGCTGAAGATGCTCCTCA_018,24
CTTGCTGAAGATGCTCCTCA_019,98
CTTGCTGAAGATGCTCCTCA_020,184
CTTGCTGAAGATGCTCCTCA_021,124
GAGCCCTAAGAAGAAGCGGT_001,152
GAGCCCTAAGAAGAAGCGGT_002,155
TCTAATGCACTAGACGTAGT_001,43
TCTAATGCACTAGACGTAGT_002,188
TCTAATGCACTAGACGTAGT_003,184
GCAGGTGATCTTGATATCGG_001,114
GCAGGTGATCTTGATATCGG_002,107
GCAGGTGATCTTGATATCGG_003,66
GCAGGTGATCTTGATATCGG_004,94
GCAGGTGATCTTGATATCGG_005,158
GCAGGTGATCTTGATATCGG_006,88
CTGGAGGCGCTGGTGAATGA_001,198
CTGGAGGCGCTGGTGAATGA_002,51
CTGGAGGCGCTGGTGAATGA_003,160
CTGGAGGCGCTGGTGAATGA_004,6
CTGGAGGCGCTGGTGAATGA_005,19
CTGGAGGCGCTGGTGAATGA_006,65
CTGGAGGCGCTGGTGAATGA_007,172
CTGGAGGCGCTGGTGAATGA_008,40
CTGGAGGCGCTGGTGAATGA_009,175
CTGGTGTCCAATAAGAGATG_001,45
CTTACCCTTCACAAGCACTG_001,186
CTTACCCTTCACAAGCACTG_002,38
CTTACCCTTCACAAGCACTG_003,72
CTTACCCTTCACAAGCACTG_004,7
CTTACCCTTCACAAGCACTG_005,128
CTTACCCTTCACAAGCACTG_006,84
CTTACCCTTCACAAGCACTG_007,12
GTGCGACGCTTGCTTACCAC_001,45
GTGCGACGCTTGCTTACCAC_002,163
TACATTTACCGAGTACACAG_001,186
TACATTTACCGAGTACACAG_002,130
TACATTTACCGAGTACACAG_003,79
TACATTTACCGAGTACACAG_004,40
CTTGTGGCGGATGTACTCGA_001,163
CTTGTGGCGGATGTACTCGA_002,59
CTTGTGGCGGATGTACTCGA_003,144
CTTGTGGCGGATGTACTCGA_004,151
CTTGTGGCGGATGTACTCGA_005,80
CTTGTGGCGGATGTACTCGA_006,86
CTTGTGGCGGATGTACTCGA_007,17
CTTCAAAGGCTGTCGCAAGG_001,62
CTTCAAAGGCTGTCGCAAGG_002,199
CTTCAAAGGCTGTCGCAAGG_003,115
CTTCAAAGGCTGTCGCAAGG_004,42
CTTCAAAGGCTGTCGCAAGG_005,8
AAGCCAAAATGGCTCACAGG_001,17
AAGCCAAAATGGCTCACAGG_002,36
AAGCCAAAATGGCTCACAGG_003,84
AAGCCAAAATGGCTCACAGG_004,133
AAGCCAAAATGGCTCACAGG_005,196
AAGCCAAAATGGCTCACAGG_006,178
AAGCCAAAATGGCTCACAGG_007,172
AAGCCAAAATGGCTCACAGG_008,164
AAGCCAAAATGGCTCACAGG_009,36
AAGCCAAAATGGCTCACAGG_010,17
AAGCCAAAATGGCTCACAGG_011,187
AAGCCAAAATGGCTCACAGG_012,23
AAGCCAAAATGGCTCACAGG_013,78
AAGCCAAAATGGCTCACAGG_014,36
TCTTTCTCTTCAGCACAATG_001,56
TCTTTCTCTTCAGCACAATG_002,9
TCTTTCTCTTCAGCACAATG_003,148
TCTTTCTCTTCAGCACAATG_004,198
TCTTTCTCTTCAGCACAATG_005,151
TCTTTCTCTTCAGCACAATG_006,51
TCTTTCTCTTCAGCACAATG_007,45
TCTTTCTCTTCAGCACAATG_008,21
TCTTTCTCTTCAGCACAATG_009,106
TCTTTCTCTTCAGCACAATG_010,47
TCTTTCTCTTCAGCACAATG_011,161
TCTTTCTCTTCAGCACAATG_012,100
TCTTTCTCTTCAGCACAATG_013,63
TCTTTCTCTTCAGCACAATG_014,105
TCTTTCTCTTCAGCACAATG_015,105
AAAATGAGTAGGCGAGAAGC_001,171
AAAATGAGTAGGCGAGAAGC_002,156
AAAATGAGTAGGCGAGAAGC_003,28
GCGGCTCTACGGCTTCACGG_001,194
GCGGCTCTACGGCTTCACGG_002,51
GCGGCTCTACGGCTTCACGG_003,182
GCGGCTCTACGGCTTCACGG_004,162
GCGGCTCTACGGCTTCACGG_005,137
GCGGCTCTACGGCTTCACGG_006,37
GCGGCTCTACGGCTTCACGG_007,69
GCGGCTCTACGGCTTCACGG_008,66
GCGGCTCTACGGCTTCACGG_009,50
GCGGCTCTACGGCTTCACGG_010,169
GCGGCTCTACGGCTTCACGG_011,93
GCGGCTCTACGGCTTCACGG_012,81
GCGGCTCTACGGCTTCACGG_013,147
GCGGCTCTACGGCTTCACGG_014,175
GCGGCTCTACGGCTTCACGG_015,83
GCGGCTCTACGGCTTCACGG_016,63
GCGGCTCTACGGCTTCACGG_017,36
GCGGCTCTACGGCTTCACGG_018,178
GCGGCTCTACGGCTTCACGG_019,76
GCGGCTCTACGGCTTCACGG_020,87
GCGGCTCTACGGCTTCACGG_021,150
GCGGCTCTACGGCTTCACGG_022,50
GCGGCTCTACGGCTTCACGG_023,49
GCGGCTCTACGGCTTCACGG_024,150
GCGGCTCTACGGCTTCACGG_025,27
GCGGCTCTACGGCTTCACGG_026,62
GCGGCTCTACGGCTTCACGG_027,1
GCGGCTCTACGGCTTCACGG_028,134
GCGGCTCTACGGCTTCACGG_029,187
GCGGCTCTACGGCTTCACGG_030,129
GCGGCTCTACGGCTTCACGG_031,15
GCGGCTCTACGGCTTCACGG_032,9
GCGGCTCTACGGCTTCACGG_033,161
GCGGCTCTACGGCTTCACGG_034,40
GCGGCTCTACGGCTTCACGG_035,77
GCGGCTCTACGGCTTCACGG_036,52
GCGGCTCTACGGCTTCACGG_037,28
GCTGCTTTCCCATACCCGCG_001,58
GCTGCTTTCCCATACCCGCG_002,104
GCTGCTTTCCCATACCCGCG_003,16
GCTGCTTTCCCATACCCGCG_004,15
GCTGCTTTCCCATACCCGCG_005,144
GCTGCTTTCCCATACCCGCG_006,91
GGGTGACTGGACAGCCACCG_001,83
GGGTGACTGGACAGCCACCG_002,170
GGGTGACTGGACAGCCACCG_003,140
GGGTGACTGGACAGCCACCG_004,8
GGGTGACTGGACAGCCACCG_005,198
GGGTGACTGGACAGCCACCG_006,93
GGGTGACTGGACAGCCACCG_007,55
GGGTGACTGGACAGCCACCG_008,76
GGGTGACTGGACAGCCACCG_009,50
GGGTGACTGGACAGCCACCG_010,20
GGGTGACTGGACAGCCACCG_011,61
GGGTGACTGGACAGCCACCG_012,169
GGGTGACTGGACAGCCACCG_013,151
GGGTGACTGGACAGCCACCG_014,41
GGGTGACTGGACAGCCACCG_015,60
GGGTGACTGGACAGCCACCG_016,2
GGGTGACTGGACAGCCACCG_017,123
GGGTGACTGGACAGCCACCG_018,82
GGGTGACTGGACAGCCACCG_019,11
GGGTGACTGGACAGCCACCG_020,68
GGGTGACTGGACAGCCACCG_021,8
GGGTGACTGGACAGCCACCG_022,133
GGGTGACTGGACAGCCACCG_023,52
GGGTGACTGGACAGCCACCG_024,148
GGGTGACTGGACAGCCACCG_025,74
GGGTGACTGGACAGCCACCG_026,26
TACAGCTAATGGTGAAAAAT_001,56
TACAGCTAATGGTGAAAAAT_002,165
TACAGCTAATGGTGAAAAAT_003,68
TACAGCTAATGGTGAAAAAT_004,8
TACAGCTAATGGTGAAAAAT_005,129
CTCCAGAACTTCATAGCGGT_001,62
CTCCAGAACTTCATAGCGGT_002,5
CAGAAGCCCATGATGCCCAT_001,85
CAGAAGCCCATGATGCCCAT_002,2
CAGAAGCCCATGATGCCCAT_003,58
CAGAAGCCCATGATGCCCAT_004,88
CAGAAGCCCATGATGCCCAT_005,84
CAGAAGCCCATGATGCCCAT_006,19
CAGAAGCCCATGATGCCCAT_007,127
CAGAAGCCCATGATGCCCAT_008,40
CAGAAGCCCATGATGCCCAT_009,90
CAGAAGCCCATGATGCCCAT_010,88
CAGAAGCCCATGATGCCCAT_011,155
CAGAAGCCCATGATGCCCAT_012,192
CAGAAGCCCATGATGCCCAT_013,30
CAGAAGCCCATGATGCCCAT_014,40
CAGAAGCCCATGATGCCCAT_015,170
CAGAAGCCCATGATGCCCAT_016,177
CAGAAGCCCATGATGCCCAT_017,56
CAGAAGCCCATGATGCCCAT_018,98
CAGAAGCCCATGATGCCCAT_019,124
CAGAAGCCCATGATGCCCAT_020,63
CAGAAGCCCATGATGCCCAT_021,124
ATATGTTGTTTATGACATTG_001,138
ATATGTTGTTTATGACATTG_002,101
ATATGTTGTTTATGACATTG_003,112
ATATGTTGTTTATGACATTG_004,49
ATATGTTGTTTATGACATTG_005,167
ATATGTTGTTTATGACATTG_006,8
ATATGTTGTTTATGACATTG_007,182
ATATGTTGTTTATGACATTG_008,188
ATATGTTGTTTATGACATTG_009,169
ATATGTTGTTTATGACATTG_010,19
ATATGTTGTTTATGACATTG_011,171
ATATGTTGTTTATGACATTG_012,178
GTCTTCCTCACTAACAGTAG_001,84
GTCTTCCTCACTAACAGTAG_002,198
GTCTTCCTCACTAACAGTAG_003,75
GTCTTCCTCACTAACAGTAG_004,41
GTCTTCCTCACTAACAGTAG_005,102
GTCTTCCTCACTAACAGTAG_006,58
GTCTTCCTCACTAACAGTAG_007,62
GTCTTCCTCACTAACAGTAG_008,126
GTCTTCCTCACTAACAGTAG_009,168
GTCTTCCTCACTAACAGTAG_010,104
GTCTTCCTCACTAACAGTAG_011,175
GTCTTCCTCACTAACAGTAG_012,197
CCTCTGCAAGGCCTACCGTG_001,54
CCTCTGCAAGGCCTACCGTG_002,81
CCTCTGCAAGGCCTACCGTG_003,147
CCTCTGCAAGGCCTACCGTG_004,129
CCTCTGCAAGGCCTACCGTG_005,152
CCTCTGCAAGGCCTACCGTG_006,68
CCTCTGCAAGGCCTACCGTG_007,116
CCTCTGCAAGGCCTACCGTG_008,158
CCTCTGCAAGGCCTACCGTG_009,148
CCTCTGCAAGGCCTACCGTG_010,88
CCTCTGCAAGGCCTACCGTG_011,93
CCTCTGCAAGGCCTACCGTG_012,61
CCTCTGCAAGGCCTACCGTG_013,180
CCTCTGCAAGGCCTACCGTG_014,17
CCTCTGCAAGGCCTACCGTG_015,60
CCTCTGCAAGGCCTACCGTG_016,120
CCTCTGCAAGGCCTACCGTG_017,51
CCTCTGCAAGGCCTACCGTG_018,25
CCTCTGCAAGGCCTACCGTG_019,2
CCTCTGCAAGGCCTACCGTG_020,134
CCTCTGCAAGGCCTACCGTG_021,46
GCACAAGGGACTCTAACCAA_001,63
GCACAAGGGACTCTAACCAA_002,0
GCACAAGGGACTCTAACCAA_003,173
GCACAAGGGACTCTAACCAA_004,173
GCACAAGGGACTCTAACCAA_005,7
GCACAAGGGACTCTAACCAA_006,24
GCACAAGGGACTCTAACCAA_007,46
GGTCTCGTGAAACAGATCAA_001,162
GGTCTCGTGAAACAGATCAA_002,140
GGTCTCGTGAAACAGATCAA_003,27
GGTCTCGTGAAACAGATCAA_004,93
GGTCTCGTGAAACAGATCAA_005,93
GGTCTCGTGAAACAGATCAA_006,48
GGTCTCGTGAAACAGATCAA_007,82
GGTCTCGTGAAACAGATCAA_008,184
GGTCTCGTGAAACAGATCAA_009,191
GGTCTCGTGAAACAGATCAA_010,13
GGTCTCGTGAAACAGATCAA_011,61
CAGCACGGCTACTGACTATG_001,94
CAGCACGGCTACTGACTATG_002,72
CAGCACGGCTACTGACTATG_003,17
CAGCACGGCTACTGACTATG_004,69
CAGCACGGCTACTGACTATG_005,161
CAGCACGGCTACTGACTATG_006,156
CAGCACGGCTACTGACTATG_007,38
CAGCACGGCTACTGACTATG_008,169
CAGCACGGCTACTGACTATG_009,42
CAGCACGGCTACTGACTATG_010,99
CAGCACGGCTACTGACTATG_011,88
CAGCACGGCTACTGACTATG_012,8
CAGCACGGCTACTGACTATG_013,150
CAGCACGGCTACTGACTATG_014,68
CAGCACGGCTACTGACTATG_015,118
CAGCACGGCTACTGACTATG_016,94
CAGCACGGCTACTGACTATG_017,146
CAGCACGGCTACTGACTATG_018,97
CAGCACGGCTACTGACTATG_019,191
CAGCACGGCTACTGACTATG_020,77
CAGCACGGCTACTGACTATG_021,63
CAGCACGGCTACTGACTATG_022,166
CAGCACGGCTACTGACTATG_023,165
CAGCACGGCTACTGACTATG_024,106
CAGCACGGCTACTGACTATG_025,77
ACAAATACTTCCATGCTCGG_001,94
ACAAATACTTCCATGCTCGG_002,141
TGAGATCCAAATCTAAGGAG_001,1
CCAGGACAAGCCGAGTCAGA_001,170
CCAGGACAAGCCGAGTCAGA_002,25
CCAGGACAAGCCGAGTCAGA_003,149
CCAGGACAAGCCGAGTCAGA_004,99
CCAGGACAAGCCGAGTCAGA_005,168
CCAGGACAAGCCGAGTCAGA_006,185
CCAGGACAAGCCGAGTCAGA_007,143
CCAGGACAAGCCGAGTCAGA_008,116
CCAGGACAAGCCGAGTCAGA_009,176
CCAGGACAAGCCGAGTCAGA_010,92
CCAGGACAAGCCGAGTCAGA_011,182
CCAGGACAAGCCGAGTCAGA_012,160
CCAGGACAAGCCGAGTCAGA_013,96
CCAGGACAAGCCGAGTCAGA_014,4
CCAGGACAAGCCGAGTCAGA_015,55
CTGCGACATACAAGACCATG_001,147
TAGGTACCTTGCAAACGACA_001,165
TAGGTACCTTGCAAACGACA_002,88
AGGTAACTGTAACCATGATG_001,37
CGCGATATGCCTCTCCTGCG_001,69
GGTCCTAAAGGTATTCCATG_001,77
GGTCCTAAAGGTATTCCATG_002,88
GGTCCTAAAGGTATTCCATG_003,166
ATACTCACCAGCATAGACCA_001,62
ATACTCACCAGCATAGACCA_002,191
ATACTCACCAGCATAGACCA_003,62
ATACTCACCAGCATAGACCA_004,148
ATACTCACCAGCATAGACCA_005,152
ATACTCACCAGCATAGACCA_006,165
ATACTCACCAGCATAGACCA_007,178
GAAGAATGAACAAGCCCTTG_001,154
GAAGAATGAACAAGCCCTTG_002,11
GAAGAATGAACAAGCCCTTG_003,1
GAAGAATGAACAAGCCCTTG_004,174
GAAGAATGAACAAGCCCTTG_005,107
ACCCGTCTAGCAGCTGATGT_001,185
ACCCGTCTAGCAGCTGATGT_002,192
ACCCGTCTAGCAGCTGATGT_003,197
CTGGATGAGCTCGCCAAACG_001,85
CTGGATGAGCTCGCCAAACG_002,10
CTGGATGAGCTCGCCAAACG_003,137
CTGGATGAGCTCGCCAAACG_004,42
CTGGATGAGCTCGCCAAACG_005,170
CTGGATGAGCTCGCCAAACG_006,146
CTGGATGAGCTCGCCAAACG_007,170
CGCTACAGCGTAACTCCCGG_001,105
CGCTACAGCGTAACTCCCGG_002,169
CGCTACAGCGTAACTCCCGG_003,127
CGCTACAGCGTAACTCCCGG_004,3
GTCCTTATGAACGACTGGAG_001,54
GTCCTTATGAACGACTGGAG_002,170
GTCCTTATGAACGACTGGAG_003,142
GTCCTTATGAACGACTGGAG_004,20
GTCCTTATGAACGACTGGAG_005,61
GTCCTTATGAACGACTGGAG_006,50
GTCCTTATGAACGACTGGAG_007,169
GTCCTTATGAACGACTGGAG_008,30
ACGGTTCCAGTCTCTCGGTG_001,24
ACGGTTCCAGTCTCTCGGTG_002,51
GCGGCTACGCCATGATCCTG_001,4
GCTGTCCAAAATTGATGGCG_001,101
GCTGTCCAAAATTGATGGCG_002,44
GCTGTCCAAAATTGATGGCG_003,121
GCTGTCCAAAATTGATGGCG_004,39
GCTGTCCAAAATTGATGGCG_005,153
GAATACTATAGACCAAGGGA_001,70
GAATACTATAGACCAAGGGA_002,19
GAATACTATAGACCAAGGGA_003,160
GAATACTATAGACCAAGGGA_004,192
GAATACTATAGACCAAGGGA_005,104
GAATACTATAGACCAAGGGA_006,106
GAATACTATAGACCAAGGGA_007,168
GAATACTATAGACCAAGGGA_008,25
GATGACAACTTTGGTAACTA_001,63
GATGACAACTTTGGTAACTA_002,116
GATGACAACTTTGGTAACTA_003,157
AAGGATAAAACTGCATACAG_001,19
AAGGATAAAACTGCATACAG_002,58
AAGGATAAAACTGCATACAG_003,13
AAGGATAAAACTGCATACAG_004,114
AAGGATAAAACTGCATACAG_005,37
AAGGATAAAACTGCATACAG_006,150
AAGGATAAAACTGCATACAG_007,189
AAGGATAAAACTGCATACAG_008,89
AAGGATAAAACTGCATACAG_009,69
AAGGATAAAACTGCATACAG_010,149
AAGGATAAAACTGCATACAG_011,56
AGAGTGTCCCCAACACGAGG_001,167
AGAGTGTCCCCAACACGAGG_002,127
AGAGTGTCCCCAACACGAGG_003,14
AGAGTGTCCCCAACACGAGG_004,82
AGAGTGTCCCCAACACGAGG_005,66
AGAGTGTCCCCAACACGAGG_006,15
AGAGTGTCCCCAACACGAGG_007,45
AGAGTGTCCCCAACACGAGG_008,152
AGAGTGTCCCCAACACGAGG_009,10
ATGCAGCAGCCGGCCACACA_001,70
ATGCAGCAGCCGGCCACACA_002,151
ATGCAGCAGCCGGCCACACA_003,27
ATGCAGCAGCCGGCCACACA_004,105
ATGCAGCAGCCGGCCACACA_005,147
ATGCAGCAGCCGGCCACACA_006,85
ATGCAGCAGCCGGCCACACA_007,94
ATGCAGCAGCCGGCCACACA_008,144
ATGCAGCAGCCGGCCACACA_009,144
ATGCAGCAGCCGGCCACACA_010,168
ATGCAGCAGCCGGCCACACA_011,88
ATGCAGCAGCCGGCCACACA_012,58
ATGCAGCAGCCGGCCACACA_013,172
ATGCAGCAGCCGGCCACACA_014,147
ATGCAGCAGCCGGCCACACA_015,148
ATGCAGCAGCCGGCCACACA_016,16
ATGCAGCAGCCGGCCACACA_017,184
ATGCAGCAGCCGGCCACACA_018,84
ATGCAGCAGCCGGCCACACA_019,159
ATGCAGCAGCCGGCCACACA_020,145
ATGCAGCAGCCGGCCACACA_021,65
ATGCAGCAGCCGGCCACACA_022,178
ATGCAGCAGCCGGCCACACA_023,45
ATGCAGCAGCCGGCCACACA_024,160
ATGCAGCAGCCGGCCACACA_025,29
ATGCAGCAGCCGGCCACACA_026,149
ATGCAGCAGCCGGCCACACA_027,35
ATGCAGCAGCCGGCCACACA_028,148
ATGCAGCAGCCGGCCACACA_029,141
ATGCAGCAGCCGGCCACACA_030,46
ATGCAGCAGCCGGCCACACA_031,166
ATGCAGCAGCCGGCCACACA_032,139
ATGCAGCAGCCGGCCACACA_033,49
ATGCAGCAGCCGGCCACACA_034,6
ATGCAGCAGCCGGCCACACA_035,121
ATGCAGCAGCCGGCCACACA_036,136
ATGCAGCAGCCGGCCACACA_037,140
ATGCAGCAGCCGGCCACACA_038,160
ATGCAGCAGCCGGCCACACA_039,50
CATCCTCCCTGAGCACCACA_001,85
CATCCTCCCTGAGCACCACA_002,85
CATCCTCCCTGAGCACCACA_003,75
CATCCTCCCTGAGCACCACA_004,17
CATCCTCCCTGAGCACCACA_005,34
CATCCTCCCTGAGCACCACA_006,136
CATCCTCCCTGAGCACCACA_007,175
CATCCTCCCTGAGCACCACA_008,190
CATCCTCCCTGAGCACCACA_009,127
CATCCTCCCTGAGCACCACA_010,2
CATCCTCCCTGAGCACCACA_011,60
CATCCTCCCTGAGCACCACA_012,198
CATCCTCCCTGAGCACCACA_013,136
CATCCTCCCTGAGCACCACA_014,9
CATCCTCCCTGAGCACCACA_015,62
CATCCTCCCTGAGCACCACA_016,50
CATCCTCCCTGAGCACCACA_017,92
CATCCTCCCTGAGCACCACA_018,173
CATCCTCCCTGAGCACCACA_019,129
CATCCTCCCTGAGCACCACA_020,151
CATCCTCCCTGAGCACCACA_021,70
CATCCTCCCTGAGCACCACA_022,180
CATCCTCCCTGAGCACCACA_023,82
CATCCTCCCTGAGCACCACA_024,184
CATCCTCCCTGAGCACCACA_025,189
CATCCTCCCTGAGCACCACA_026,7
ATGCTTTAATGTGTGCAATT_001,29
ATGCTTTAATGTGTGCAATT_002,162
ATGCTTTAATGTGTGCAATT_003,118
ATGCTTTAATGTGTGCAATT_004,12
ATGCTTTAATGTGTGCAATT_005,9
AGCCCTCTACAAGAAAAAGT_001,60
AGCCCTCTACAAGAAAAAGT_002,70
AGCCCTCTACAAGAAAAAGT_003,161
AGCCCTCTACAAGAAAAAGT_004,65
ACTTCATTCGTTAGGAACCA_001,188
ACTTCATTCGTTAGGAACCA_002,171
ACTTCATTCGTTAGGAACCA_003,170
ACTTCATTCGTTAGGAACCA_004,58
ACTTCATTCGTTAGGAACCA_005,12
GTGGTCAGATGAATCTGAGG_001,176
GTGGTCAGATGAATCTGAGG_002,98
GTGGTCAGATGAATCTGAGG_003,47
GTGGTCAGATGAATCTGAGG_004,97
ACTCTTAAATAGTAACTGGG_001,55
ACTCTTAAATAGTAACTGGG_002,102
ACTCTTAAATAGTAACTGGG_003,36
ACTCTTAAATAGTAACTGGG_004,9
ACTCTTAAATAGTAACTGGG_005,16
ACTCTTAAATAGTAACTGGG_006,81
ACTCTTAAATAGTAACTGGG_007,49
ACTCTTAAATAGTAACTGGG_008,124
ACTCTTAAATAGTAACTGGG_009,42
ACTCTTAAATAGTAACTGGG_010,137
TACATGGGGTTGTTAAGCTG_001,70
TACATGGGGTTGTTAAGCTG_002,28
TACATGGGGTTGTTAAGCTG_003,106
TACATGGGGTTGTTAAGCTG_004,153
TACATGGGGTTGTTAAGCTG_005,38
TACATGGGGTTGTTAAGCTG_006,128
TACATGGGGTTGTTAAGCTG_007,1
TACATGGGGTTGTTAAGCTG_008,3
TACATGGGGTTGTTAAGCTG_009,3
TACATGGGGTTGTTAAGCTG_010,189
TACATGGGGTTGTTAAGCTG_011,119
TACATGGGGTTGTTAAGCTG_012,141
TACATGGGGTTGTTAAGCTG_013,95
TACATGGGGTTGTTAAGCTG_014,148
TACATGGGGTTGTTAAGCTG_015,166
TACATGGGGTTGTTAAGCTG_016,97
GAGGTATTATTGAGGCGCAG_001,8
GAGGTATTATTGAGGCGCAG_002,159
GAGGTATTATTGAGGCGCAG_003,48
GAGGTATTATTGAGGCGCAG_004,43
GAGGTATTATTGAGGCGCAG_005,179
GAGGTATTATTGAGGCGCAG_006,162
GAGGTATTATTGAGGCGCAG_007,7
GAGGTATTATTGAGGCGCAG_008,133
GAGGTATTATTGAGGCGCAG_009,145
GAGGTATTATTGAGGCGCAG_010,76
GAGGTATTATTGAGGCGCAG_011,102
GAGGTATTATTGAGGCGCAG_012,182
TTTAACGTTAGCGTCGCTGG_001,15
TTTAACGTTAGCGTCGCTGG_002,33
TTTAACGTTAGCGTCGCTGG_003,27
TTTAACGTTAGCGTCGCTGG_004,196
TTTAACGTTAGCGTCGCTGG_005,72
TTTGTCCCAGTCTGTCACAA_001,115
TTTGTCCCAGTCTGTCACAA_002,181
TTTGTCCCAGTCTGTCACAA_003,94
TTTGTCCCAGTCTGTCACAA_004,160
TTTGTCCCAGTCTGTCACAA_005,12
TTTGTCCCAGTCTGTCACAA_006,158
TTTGTCCCAGTCTGTCACAA_007,195
TTTGTCCCAGTCTGTCACAA_008,38
TTTGTCCCAGTCTGTCACAA_009,30
TTTGTCCCAGTCTGTCACAA_010,2
TTTGTCCCAGTCTGTCACAA_011,98
TTTGTCCCAGTCTGTCACAA_012,151
TTTGTCCCAGTCTGTCACAA_013,168
TTTGTCCCAGTCTGTCACAA_014,154
TTTGTCCCAGTCTGTCACAA_015,90
AAGATGTTGACAAGACGCGA_001,33
AAGATGTTGACAAGACGCGA_002,84
AAGATGTTGACAAGACGCGA_003,12
AAGATGTTGACAAGACGCGA_004,101
AAGATGTTGACAAGACGCGA_005,4
AAGATGTTGACAAGACGCGA_006,69
AAGATGTTGACAAGACGCGA_007,82
AAGATGTTGACAAGACGCGA_008,153
AAGATGTTGACAAGACGCGA_009,69
AAGATGTTGACAAGACGCGA_010,67
AAGATGTTGACAAGACGCGA_011,119
AAGATGTTGACAAGACGCGA_012,23
AAGATGTTGACAAGACGCGA_013,88
AAGATGTTGACAAGACGCGA_014,118
AAGATGTTGACAAGACGCGA_015,167
AAGATGTTGACAAGACGCGA_016,142
AAGATGTTGACAAGACGCGA_017,35
AAGATGTTGACAAGACGCGA_018,50
AAGATGTTGACAAGACGCGA_019,56
AAGATGTTGACAAGACGCGA_020,170
AAGATGTTGACAAGACGCGA_021,62
AAGATGTTGACAAGACGCGA_022,81
AAGATGTTGACAAGACGCGA_023,49
AAGATGTTGACAAGACGCGA_024,66
AGCAGGGCGGCCCCGCAGAG_001,73
AGCAGGGCGGCCCCGCAGAG_002,118
AGCAGGGCGGCCCCGCAGAG_003,65
AGCAGGGCGGCCCCGCAGAG_004,84
AGCAGGGCGGCCCCGCAGAG_005,32
AGCAGGGCGGCCCCGCAGAG_006,118
AGCAGGGCGGCCCCGCAGAG_007,101
AGCAGGGCGGCCCCGCAGAG_008,101
AGCAGGGCGGCCCCGCAGAG_009,77
AGCAGGGCGGCCCCGCAGAG_010,25
AGCAGGGCGGCCCCGCAGAG_011,121
AGCAGGGCGGCCCCGCAGAG_012,80
AGCAGGGCGGCCCCGCAGAG_013,158
AGCAGGGCGGCCCCGCAGAG_014,129
AGCAGGGCGGCCCCGCAGAG_015,132
AGCAGGGCGGCCCCGCAGAG_016,43
AGCAGGGCGGCCCCGCAGAG_017,163
AGCAGGGCGGCCCCGCAGAG_018,21
AGCAGGGCGGCCCCGCAGAG_019,74
AGCAGGGCGGCCCCGCAGAG_020,22
AGCAGGGCGGCCCCGCAGAG_021,168
AGCAGGGCGGCCCCGCAGAG_022,31
AGCAGGGCGGCCCCGCAGAG_023,144
AGCAGGGCGGCCCCGCAGAG_024,96
AGCAGGGCGGCCCCGCAGAG_025,147
AGCAGGGCGGCCCCGCAGAG_026,20
AGCAGGGCGGCCCCGCAGAG_027,144
AGCAGGGCGGCCCCGCAGAG_028,77
AGCAGGGCGGCCCCGCAGAG_029,32
AGCAGGGCGGCCCCGCAGAG_030,178
AGCAGGGCGGCCCCGCAGAG_031,178
AGCAGGGCGGCCCCGCAGAG_032,0
AGCAGGGCGGCCCCGCAGAG_033,61
AGCAGGGCGGCCCCGCAGAG_034,43
AGCAGGGCGGCCCCGCAGAG_035,68
AGCAGGGCGGCCCCGCAGAG_036,23
AGCAGGGCGGCCCCGCAGAG_037,31
AGCAGGGCGGCCCCGCAGAG_038,14
AGCAGGGCGGCCCCGCAGAG_039,94
AGCAGGGCGGCCCCGCAGAG_040,10
AGCAGGGCGGCCCCGCAGAG_041,6
AGCAGGGCGGCCCCGCAGAG_042,6
AGCAGGGCGGCCCCGCAGAG_043,61
ATTGGACTCTGCGCCATAGT_001,8
ATTGGACTCTGCGCCATAGT_002,115
ATTGGACTCTGCGCCATAGT_003,192
ATTGGACTCTGCGCCATAGT_004,56
ATTGGACTCTGCGCCATAGT_005,108
ATTGGACTCTGCGCCATAGT_006,67
ATTGGACTCTGCGCCATAGT_007,68
ATTGGACTCTGCGCCATAGT_008,68
CCTTGACGTGAATGGTAGGA_001,5
CCTTGACGTGAATGGTAGGA_002,113
CCTTGACGTGAATGGTAGGA_003,67
CCTTGACGTGAATGGTAGGA_004,74
CCTTGACGTGAATGGTAGGA_005,56
TGTGGCAGCTAGGTAGCGAT_001,73
TGTGGCAGCTAGGTAGCGAT_002,23
TGTGGCAGCTAGGTAGCGAT_003,111
TGTGGCAGCTAGGTAGCGAT_004,130
GCTCATTGCCCCCTTCAAAG_001,183
GCTCATTGCCCCCTTCAAAG_002,48
GCTCATTGCCCCCTTCAAAG_003,184
GCTCATTGCCCCCTTCAAAG_004,105
GCTCATTGCCCCCTTCAAAG_005,147
GCTCATTGCCCCCTTCAAAG_006,105
GCTCATTGCCCCCTTCAAAG_007,70
GCTCATTGCCCCCTTCAAAG_008,117
GCTCATTGCCCCCTTCAAAG_009,11
GCTCATTGCCCCCTTCAAAG_010,136
GCTCATTGCCCCCTTCAAAG_011,116
GCTCATTGCCCCCTTCAAAG_012,103
ATGTCTATAGACCTGATCGT_001,35
ATGTCTATAGACCTGATCGT_002,59
ATGTCTATAGACCTGATCGT_003,27
ATGTCTATAGACCTGATCGT_004,161
TGCACCAGCGCACCATGTGG_001,58
TGCACCAGCGCACCATGTGG_002,29
TGCACCAGCGCACCATGTGG_003,127
TGCACCAGCGCACCATGTGG_004,154
TGCACCAGCGCACCATGTGG_005,105
TGCACCAGCGCACCATGTGG_006,98
TGCACCAGCGCACCATGTGG_007,36
TGCACCAGCGCACCATGTGG_008,40
TGCACCAGCGCACCATGTGG_009,134
CAATCATGCACAGACCCAAG_001,32
CAATCATGCACAGACCCAAG_002,80
CAATCATGCACAGACCCAAG_003,80
CAATCATGCACAGACCCAAG_004,105
CAATCATGCACAGACCCAAG_005,170
CAATCATGCACAGACCCAAG_006,191
TGAATGATCGTATTTACCCG_001,183
CAGGATGATGGCCCTCAGCA_001,64
CAGGATGATGGCCCTCAGCA_002,27
CAGGATGATGGCCCTCAGCA_003,2
CAGGATGATGGCCCTCAGCA_004,4
CAGGATGATGGCCCTCAGCA_005,69
CAGGATGATGGCCCTCAGCA_006,8
CAGGATGATGGCCCTCAGCA_007,85
CAGGATGATGGCCCTCAGCA_008,60
CAGGATGATGGCCCTCAGCA_009,146
CAGGATGATGGCCCTCAGCA_010,149
CAGGATGATGGCCCTCAGCA_011,76
CAGGATGATGGCCCTCAGCA_012,105
CAGGATGATGGCCCTCAGCA_013,157
CAGGATGATGGCCCTCAGCA_014,137
CAGGATGATGGCCCTCAGCA_015,27
CAGGATGATGGCCCTCAGCA_016,106
CAGGATGATGGCCCTCAGCA_017,126
CTGACTGCGCTCCTCTGGCG_001,110
CTGACTGCGCTCCTCTGGCG_002,157
CTGACTGCGCTCCTCTGGCG_003,199
CTGACTGCGCTCCTCTGGCG_004,163
CTGACTGCGCTCCTCTGGCG_005,165
GCTCATTGACCGTACTGCTG_001,34
GCTCATTGACCGTACTGCTG_002,56
GCTCATTGACCGTACTGCTG_003,50
GCTCATTGACCGTACTGCTG_004,81
GCTCATTGACCGTACTGCTG_005,49
GCTCATTGACCGTACTGCTG_006,192
GCTCATTGACCGTACTGCTG_007,140
GCTCATTGACCGTACTGCTG_008,116
GCTCATTGACCGTACTGCTG_009,24
GCTCATTGACCGTACTGCTG_010,158
GCTCATTGACCGTACTGCTG_011,81
GCTCATTGACCGTACTGCTG_012,109
GCTCATTGACCGTACTGCTG_013,42
ACCAGTTTGAATATGCGCAG_001,74
ACCAGTTTGAATATGCGCAG_002,58
ACCAGTTTGAATATGCGCAG_003,94
ACCAGTTTGAATATGCGCAG_004,98
ACCAGTTTGAATATGCGCAG_005,196
ACCAGTTTGAATATGCGCAG_006,101
ACCAGTTTGAATATGCGCAG_007,179
ACCAGTTTGAATATGCGCAG_008,178
ACCAGTTTGAATATGCGCAG_009,10
ACCAGTTTGAATATGCGCAG_010,94
ACCAGTTTGAATATGCGCAG_011,137
ACCAGTTTGAATATGCGCAG_012,74
ACCAGTTTGAATATGCGCAG_013,66
TCTGATCTTGTAGACAGCTG_001,49
TCTGATCTTGTAGACAGCTG_002,116
TCTGATCTTGTAGACAGCTG_003,166
GTAGTGCGTCCCAAAACACA_001,64
GTAGTGCGTCCCAAAACACA_002,25
GTAGTGCGTCCCAAAACACA_003,78
GTAGTGCGTCCCAAAACACA_004,36
GTAGTGCGTCCCAAAACACA_005,108
GACATGCTGATGGATGAGTG_001,149
GACATGCTGATGGATGAGTG_002,0
GACATGCTGATGGATGAGTG_003,153
AGGTTGAACCCATAGCCCTG_001,90
AGGTTGAACCCATAGCCCTG_002,77
AGGTTGAACCCATAGCCCTG_003,10
AGGTTGAACCCATAGCCCTG_004,146
AGGTTGAACCCATAGCCCTG_005,9
AGGTTGAACCCATAGCCCTG_006,88
AGGTTGAACCCATAGCCCTG_007,114
AGGTTGAACCCATAGCCCTG_008,114
AGGTTGAACCCATAGCCCTG_009,172
AGGTTGAACCCATAGCCCTG_010,88
AGGTTGAACCCATAGCCCTG_011,141
AGGTTGAACCCATAGCCCTG_012,5
AGGTTGAACCCATAGCCCTG_013,149
AGGTTGAACCCATAGCCCTG_014,104
AGGTTGAACCCATAGCCCTG_015,1
AGGTTGAACCCATAGCCCTG_016,194
AGGTTGAACCCATAGCCCTG_017,104
AGGTTGAACCCATAGCCCTG_018,87
AGGTTGAACCCATAGCCCTG_019,144
AGGTTGAACCCATAGCCCTG_020,129
AGGTTGAACCCATAGCCCTG_021,144
AGGTTGAACCCATAGCCCTG_022,192
TCAGTGTGTCCATTGGAGCA_001,143
TCAGTGTGTCCATTGGAGCA_002,93
TCAGTGTGTCCATTGGAGCA_003,17
TCAGTGTGTCCATTGGAGCA_004,70
TCAGTGTGTCCATTGGAGCA_005,2
TCAGTGTGTCCATTGGAGCA_006,162
TCAGTGTGTCCATTGGAGCA_007,2
TCAGTGTGTCCATTGGAGCA_008,157
TCAGTGTGTCCATTGGAGCA_009,35
TCAGTGTGTCCATTGGAGCA_010,118
TCAGTGTGTCCATTGGAGCA_011,94
TCAGTGTGTCCATTGGAGCA_012,162
GAAGGGACTCCCCTCCAGCG_001,64
GAAGGGACTCCCCTCCAGCG_002,177
GAAGGGACTCCCCTCCAGCG_003,192
GAAGGGACTCCCCTCCAGCG_004,2
GAAGGGACTCCCCTCCAGCG_005,41
GAAGGGACTCCCCTCCAGCG_006,31
CCATGTGAAGGCACATCTTG_001,57
CCATGTGAAGGCACATCTTG_002,162
CCATGTGAAGGCACATCTTG_003,149
CCATGTGAAGGCACATCTTG_004,172
CCATGTGAAGGCACATCTTG_005,93
CCATGTGAAGGCACATCTTG_006,158
CCATGTGAAGGCACATCTTG_007,3
CCATGTGAAGGCACATCTTG_008,165
CCATGTGAAGGCACATCTTG_009,67
CCATGTGAAGGCACATCTTG_010,81
CCATGTGAAGGCACATCTTG_011,196
TAGGTATCAGGCTTGCAGCA_001,18
TAGGTATCAGGCTTGCAGCA_002,34
TAGGTATCAGGCTTGCAGCA_003,77
TAGGTATCAGGCTTGCAGCA_004,130
TAGGTATCAGGCTTGCAGCA_005,97
TAGGTATCAGGCTTGCAGCA_006,146
TAGGTATCAGGCTTGCAGCA_007,42
TAGGTATCAGGCTTGCAGCA_008,134
TAGGTATCAGGCTTGCAGCA_009,129
TAGGTATCAGGCTTGCAGCA_010,198
TAGGTATCAGGCTTGCAGCA_011,146
TAGGTATCAGGCTTGCAGCA_012,198
TAGGTATCAGGCTTGCAGCA_013,45
GGTTCCCGTGGATGATTGGG_001,22
GGTTCCCGTGGATGATTGGG_002,120
GGTTCCCGTGGATGATTGGG_003,66
GGTTCCCGTGGATGATTGGG_004,148
GGTTCCCGTGGATGATTGGG_005,81
GGTTCCCGTGGATGATTGGG_006,58
GGTTCCCGTGGATGATTGGG_007,128
GGTTCCCGTGGATGATTGGG_008,82
GGTTCCCGTGGATGATTGGG_009,124
GGTTCCCGTGGATGATTGGG_010,22
CTATCACGCACTGAGCACCT_001,121
CTATCACGCACTGAGCACCT_002,152
CTATCACGCACTGAGCACCT_003,68
CTATCACGCACTGAGCACCT_004,66
AGTATTGACTTTGGCCACCA_001,177
AGTATTGACTTTGGCCACCA_002,193
AGTATTGACTTTGGCCACCA_003,108
AGTATTGACTTTGGCCACCA_004,105
AGTATTGACTTTGGCCACCA_005,19
AGTATTGACTTTGGCCACCA_006,35
AGTATTGACTTTGGCCACCA_007,172
AGTATTGACTTTGGCCACCA_008,118
AGTATTGACTTTGGCCACCA_009,158
AGTATTGACTTTGGCCACCA_010,148
AGTATTGACTTTGGCCACCA_011,62
AGTATTGACTTTGGCCACCA_012,49
AGTATTGACTTTGGCCACCA_013,45
AGTATTGACTTTGGCCACCA_014,182
AGTATTGACTTTGGCCACCA_015,9
AGTATTGACTTTGGCCACCA_016,88
AGTATTGACTTTGGCCACCA_017,137
AGTATTGACTTTGGCCACCA_018,77
AGTATTGACTTTGGCCACCA_019,2
AGTATTGACTTTGGCCACCA_020,75
AGTATTGACTTTGGCCACCA_021,28
AGTATTGACTTTGGCCACCA_022,179
AGTATTGACTTTGGCCACCA_023,57
TCTTACTTCTTCACAACATT_001,101
TCTTACTTCTTCACAACATT_002,43
TCTTACTTCTTCACAACATT_003,130
TCTTACTTCTTCACAACATT_004,106
AGCACTGCAGCCCTTACCAA_001,154
AGCACTGCAGCCCTTACCAA_002,102
AGCACTGCAGCCCTTACCAA_003,148
AGCACTGCAGCCCTTACCAA_004,83
AGCACTGCAGCCCTTACCAA_005,144
AGCACTGCAGCCCTTACCAA_006,21
AGCACTGCAGCCCTTACCAA_007,150
AGCACTGCAGCCCTTACCAA_008,35
AGCACTGCAGCCCTTACCAA_009,75
ATTACAAGAGATTTCGACTG_001,103
ATTACAAGAGATTTCGACTG_002,127
ATTACAAGAGATTTCGACTG_003,81
ATTACAAGAGATTTCGACTG_004,175
ATTACAAGAGATTTCGACTG_005,165
GTCCGCCAGCGGGCTCAGCG_001,172
GTCCGCCAGCGGGCTCAGCG_002,149
GTCCGCCAGCGGGCTCAGCG_003,78
GTCCGCCAGCGGGCTCAGCG_004,101
GTCCGCCAGCGGGCTCAGCG_005,101
GTCCGCCAGCGGGCTCAGCG_006,193
GTCCGCCAGCGGGCTCAGCG_007,107
GTCCGCCAGCGGGCTCAGCG_008,156
GTCCGCCAGCGGGCTCAGCG_009,121
GTCCGCCAGCGGGCTCAGCG_010,154
GTCCGCCAGCGGGCTCAGCG_011,154
GTCCGCCAGCGGGCTCAGCG_012,172
GTCCGCCAGCGGGCTCAGCG_013,78
GTCCGCCAGCGGGCTCAGCG_014,191
GTCCGCCAGCGGGCTCAGCG_015,177
GTCCGCCAGCGGGCTCAGCG_016,38
GTCCGCCAGCGGGCTCAGCG_017,41
GTCCGCCAGCGGGCTCAGCG_018,186
GTCCGCCAGCGGGCTCAGCG_019,85
GTCCGCCAGCGGGCTCAGCG_020,47
GTCCGCCAGCGGGCTCAGCG_021,134
GTCCGCCAGCGGGCTCAGCG_022,63
GTCCGCCAGCGGGCTCAGCG_023,105
GTCCGCCAGCGGGCTCAGCG_024,60
GGTGCTGAGCAGGAAAAGGG_001,63
GGTGCTGAGCAGGAAAAGGG_002,25
GGTGCTGAGCAGGAAAAGGG_003,168
CCTGCTTGGTAAATACCTGC_001,137
CCTGCTTGGTAAATACCTGC_002,68
CCTGCTTGGTAAATACCTGC_003,145
CCTGCTTGGTAAATACCTGC_004,157
GCCTCTGCAGAACGCCACGG_001,171
GCCTCTGCAGAACGCCACGG_002,160
GCCTCTGCAGAACGCCACGG_003,48
GCCTCTGCAGAACGCCACGG_004,2
GCCTCTGCAGAACGCCACGG_005,150
GCCTCTGCAGAACGCCACGG_006,18
GCCTCTGCAGAACGCCACGG_007,137
GCCTCTGCAGAACGCCACGG_008,16
GCCTCTGCAGAACGCCACGG_009,106
GCCTCTGCAGAACGCCACGG_010,99
GCCTCTGCAGAACGCCACGG_011,69
GCCTCTGCAGAACGCCACGG_012,16
GCCTCTGCAGAACGCCACGG_013,88
GCCTCTGCAGAACGCCACGG_014,105
GCCTCTGCAGAACGCCACGG_015,68
GCCTCTGCAGAACGCCACGG_016,19
GCCTCTGCAGAACGCCACGG_017,146
GCCTCTGCAGAACGCCACGG_018,108
GCCTCTGCAGAACGCCACGG_019,155
GCCTCTGCAGAACGCCACGG_020,155
GCCTCTGCAGAACGCCACGG_021,3
GCCTCTGCAGAACGCCACGG_022,138
GCCTCTGCAGAACGCCACGG_023,51
GCCTCTGCAGAACGCCACGG_024,198
GCCTCTGCAGAACGCCACGG_025,61
GCCTCTGCAGAACGCCACGG_026,28
GCCTCTGCAGAACGCCACGG_027,188
GCCTCTGCAGAACGCCACGG_028,78
GCCTCTGCAGAACGCCACGG_029,10
GCCTCTGCAGAACGCCACGG_030,144
GCCTCTGCAGAACGCCACGG_031,56
GCCTCTGCAGAACGCCACGG_032,105
GCCTCTGCAGAACGCCACGG_033,113
GCCTCTGCAGAACGCCACGG_034,6
GCCTCTGCAGAACGCCACGG_035,124
GCCTCTGCAGAACGCCACGG_036,174
ATCCGGGAGATGATACTGAA_001,80
ATCCGGGAGATGATACTGAA_002,147
ATCCGGGAGATGATACTGAA_003,22
ATCCGGGAGATGATACTGAA_004,104
ATCCGGGAGATGATACTGAA_005,7
ATCCGGGAGATGATACTGAA_006,7
ATCCGGGAGATGATACTGAA_007,192
ATCCGGGAGATGATACTGAA_008,106
ATCCGGGAGATGATACTGAA_009,116
ATCCGGGAGATGATACTGAA_010,182
GTCCCACTGATGGAGAAGCT_001,48
GTCCCACTGATGGAGAAGCT_002,191
GTCCCACTGATGGAGAAGCT_003,188
GTCCCACTGATGGAGAAGCT_004,137
GTCCCACTGATGGAGAAGCT_005,49
GTCCCACTGATGGAGAAGCT_006,194
GTCCCACTGATGGAGAAGCT_007,13
GTCCCACTGATGGAGAAGCT_008,83
GTCCCACTGATGGAGAAGCT_009,24
GTCCCACTGATGGAGAAGCT_010,146
GTCCCACTGATGGAGAAGCT_011,178
CCACCTCCTTGAGCTCGCGA_001,65
CCACCTCCTTGAGCTCGCGA_002,153
CCACCTCCTTGAGCTCGCGA_003,80
CCACCTCCTTGAGCTCGCGA_004,3
CCACCTCCTTGAGCTCGCGA_005,104
CCACCTCCTTGAGCTCGCGA_006,40
CCACCTCCTTGAGCTCGCGA_007,168
CCACCTCCTTGAGCTCGCGA_008,3
CCACCTCCTTGAGCTCGCGA_009,99
CCACCTCCTTGAGCTCGCGA_010,11
CCACCTCCTTGAGCTCGCGA_011,84
CCACCTCCTTGAGCTCGCGA_012,52
CCACCTCCTTGAGCTCGCGA_013,8
CCACCTCCTTGAGCTCGCGA_014,44
CCACCTCCTTGAGCTCGCGA_015,121
CCACCTCCTTGAGCTCGCGA_016,57
CCACCTCCTTGAGCTCGCGA_017,68
CCACCTCCTTGAGCTCGCGA_018,138
CCACCTCCTTGAGCTCGCGA_019,15
CCACCTCCTTGAGCTCGCGA_020,50
CCACCTCCTTGAGCTCGCGA_021,113
CCACCTCCTTGAGCTCGCGA_022,102
CCACCTCCTTGAGCTCGCGA_023,188
CCACCTCCTTGAGCTCGCGA_024,31
CCACCTCCTTGAGCTCGCGA_025,71
CCACCTCCTTGAGCTCGCGA_026,149
CCACCTCCTTGAGCTCGCGA_027,73
CCACCTCCTTGAGCTCGCGA_028,95
CCACCTCCTTGAGCTCGCGA_029,87
CCACCTCCTTGAGCTCGCGA_030,60
CCACCTCCTTGAGCTCGCGA_031,169
CCACCTCCTTGAGCTCGCGA_032,69
CCACCTCCTTGAGCTCGCGA_033,61
CCACCTCCTTGAGCTCGCGA_034,98
CCACCTCCTTGAGCTCGCGA_035,175
CCACCTCCTTGAGCTCGCGA_036,83
CCACCTCCTTGAGCTCGCGA_037,199
CCACCTCCTTGAGCTCGCGA_038,29
CCACCTCCTTGAGCTCGCGA_039,38
CCACCTCCTTGAGCTCGCGA_040,137
CCACCTCCTTGAGCTCGCGA_041,61
CCACCTCCTTGAGCTCGCGA_042,107
CCACCTCCTTGAGCTCGCGA_043,106
CCACCTCCTTGAGCTCGCGA_044,34
CCACCTCCTTGAGCTCGCGA_045,70
CCACCTCCTTGAGCTCGCGA_046,40
CCACCTCCTTGAGCTCGCGA_047,144
CCACCTCCTTGAGCTCGCGA_048,136
CCACCTCCTTGAGCTCGCGA_049,77
CCACCTCCTTGAGCTCGCGA_050,119
CCACCTCCTTGAGCTCGCGA_051,153
TGGTACTGGGGACAGACGCA_001,117
TGGTACTGGGGACAGACGCA_002,174
TGGTACTGGGGACAGACGCA_003,15
TGGTACTGGGGACAGACGCA_004,84
TGGTACTGGGGACAGACGCA_005,105
TGGTACTGGGGACAGACGCA_006,12
TGGTACTGGGGACAGACGCA_007,106
TGGTACTGGGGACAGACGCA_008,168
TGGTACTGGGGACAGACGCA_009,48
TGGTACTGGGGACAGACGCA_010,10
TGGTACTGGGGACAGACGCA_011,188
TGGTACTGGGGACAGACGCA_012,33
TGGTACTGGGGACAGACGCA_013,91
TGGTACTGGGGACAGACGCA_014,105
TGGTACTGGGGACAGACGCA_015,2
TGGTACTGGGGACAGACGCA_016,86
TGGTACTGGGGACAGACGCA_017,124
TGGTACTGGGGACAGACGCA_018,169
TGGTACTGGGGACAGACGCA_019,48
TGGTACTGGGGACAGACGCA_020,62
TGGTACTGGGGACAGACGCA_021,160
TGGTACTGGGGACAGACGCA_022,14
TGGTACTGGGGACAGACGCA_023,142
TGGTACTGGGGACAGACGCA_024,63
TGGTACTGGGGACAGACGCA_025,174
TGGTACTGGGGACAGACGCA_026,81
TGGTGTGTACCCATTTGTAG_001,175
TGGTGTGTACCCATTTGTAG_002,2
TTTGACCATGGAAACCCAGG_001,72
TTTGACCATGGAAACCCAGG_002,57
TTTGACCATGGAAACCCAGG_003,127
TTTGACCATGGAAACCCAGG_004,41
TTTGACCATGGAAACCCAGG_005,145
TTTGACCATGGAAACCCAGG_006,145
TTTGACCATGGAAACCCAGG_007,48
TTTGACCATGGAAACCCAGG_008,48
TTTGACCATGGAAACCCAGG_009,68
TTTGACCATGGAAACCCAGG_010,52
AACTCGGTGAGGTCGCCATG_001,62
AACTCGGTGAGGTCGCCATG_002,7
AACTCGGTGAGGTCGCCATG_003,60
AACTCGGTGAGGTCGCCATG_004,62
AACTCGGTGAGGTCGCCATG_005,107
AACTCGGTGAGGTCGCCATG_006,179
AACTCGGTGAGGTCGCCATG_007,145
AACTCGGTGAGGTCGCCATG_008,147
AACTCGGTGAGGTCGCCATG_009,169
AACTCGGTGAGGTCGCCATG_010,15
AACTCGGTGAGGTCGCCATG_011,39
AACTCGGTGAGGTCGCCATG_012,106
AACTCGGTGAGGTCGCCATG_013,116
AACTCGGTGAGGTCGCCATG_014,42
AACTCGGTGAGGTCGCCATG_015,0
AACTCGGTGAGGTCGCCATG_016,175
GCAGTCCTCGTAATCCCCGG_001,172
GCAGTCCTCGTAATCCCCGG_002,148
GCAGTCCTCGTAATCCCCGG_003,144
GCAGTCCTCGTAATCCCCGG_004,8
GCAGTCCTCGTAATCCCCGG_005,194
GGTAGACTTAGGTCTGTTAG_001,184
GGTAGACTTAGGTCTGTTAG_002,77
GGTAGACTTAGGTCTGTTAG_003,58
GGTAGACTTAGGTCTGTTAG_004,146
GGTAGACTTAGGTCTGTTAG_005,107
CTTGGATAGAACAAGTGACG_001,17
CTTGGATAGAACAAGTGACG_002,81
CTTGGATAGAACAAGTGACG_003,141
CTTGGATAGAACAAGTGACG_004,157
CTTGGATAGAACAAGTGACG_005,41
CTTGGATAGAACAAGTGACG_006,94
AACCTGAATAATATATAGCA_001,80
CAGTGGTGCACAAGACTCGC_001,182
ATAATTATGAAATTCGACCA_001,73
ATAATTATGAAATTCGACCA_002,51
ATAATTATGAAATTCGACCA_003,76
CAAACGACATAAATGCCCCC_001,19
CTACGTAAATAACACAACTG_001,175
CTACGTAAATAACACAACTG_002,102
CTACGTAAATAACACAACTG_003,141
CTACGTAAATAACACAACTG_004,108
CTACGTAAATAACACAACTG_005,77
CTACGTAAATAACACAACTG_006,149
CTACGTAAATAACACAACTG_007,48
CTACGTAAATAACACAACTG_008,181
CTACGTAAATAACACAACTG_009,12
CTACGTAAATAACACAACTG_010,130
GTTCTGTCGATCGTCTTGGA_001,188
GTTCTGTCGATCGTCTTGGA_002,178
GTTCTGTCGATCGTCTTGGA_003,177
GTTCTGTCGATCGTCTTGGA_004,192
GTTCTGTCGATCGTCTTGGA_005,197
GTTCTGTCGATCGTCTTGGA_006,175
GTTCTGTCGATCGTCTTGGA_007,168
GTTCTGTCGATCGTCTTGGA_008,163
GTTCTGTCGATCGTCTTGGA_009,32
AGCGCATGGAGACCAAGTGG_001,137
AGCGCATGGAGACCAAGTGG_002,92
AGCGCATGGAGACCAAGTGG_003,62
AGCGCATGGAGACCAAGTGG_004,198
ATAATTTCCGATGTACTAGT_001,108
ATAATTTCCGATGTACTAGT_002,95
ATAATTTCCGATGTACTAGT_003,39
ATAATTTCCGATGTACTAGT_004,152
ATAATTTCCGATGTACTAGT_005,39
ATAATTTCCGATGTACTAGT_006,23
ATAATTTCCGATGTACTAGT_007,3
GATCATCAGCTCGTTTACAT_001,156
GATCATCAGCTCGTTTACAT_002,40
GATCATCAGCTCGTTTACAT_003,51
GATCATCAGCTCGTTTACAT_004,67
GATCATCAGCTCGTTTACAT_005,98
GATCATCAGCTCGTTTACAT_006,60
GATCATCAGCTCGTTTACAT_007,8
GATCATCAGCTCGTTTACAT_008,134
GATCATCAGCTCGTTTACAT_009,106
GATCATCAGCTCGTTTACAT_010,147
AGGGAAAACCAGGTCAAAAG_001,99
AGGGAAAACCAGGTCAAAAG_002,157
AGGGAAAACCAGGTCAAAAG_003,169
AGGGAAAACCAGGTCAAAAG_004,28
AGGGAAAACCAGGTCAAAAG_005,78
AGGGAAAACCAGGTCAAAAG_006,145
AGGGAAAACCAGGTCAAAAG_007,100
AGGGAAAACCAGGTCAAAAG_008,9
AGGGAAAACCAGGTCAAAAG_009,54
AGGGAAAACCAGGTCAAAAG_010,35
AGGGAAAACCAGGTCAAAAG_011,114
AGGGAAAACCAGGTCAAAAG_012,114
TAGCAATCGAAATACAGTAG_001,187
TAGCAATCGAAATACAGTAG_002,148
TTTACTGTTTGACTCGACCC_001,179
AGGGAAGTGAGGATAGGAAT_001,72
AGGGAAGTGAGGATAGGAAT_002,28
AGGGAAGTGAGGATAGGAAT_003,81
TCCCACTATAAGAACCGTGT_001,40
TCCCACTATAAGAACCGTGT_002,73
TCCCACTATAAGAACCGTGT_003,12
TCCCACTATAAGAACCGTGT_004,127
TCCCACTATAAGAACCGTGT_005,60
TCCCACTATAAGAACCGTGT_006,29
TCCCACTATAAGAACCGTGT_007,78
TCCCACTATAAGAACCGTGT_008,28
TCCCACTATAAGAACCGTGT_009,48
ACTCCAACGACTATGACACC_001,16
ACTCCAACGACTATGACACC_002,31
ACTCCAACGACTATGACACC_003,121
ACTCCAACGACTATGACACC_004,131
ACTCCAACGACTATGACACC_005,68
ATATATTGGAATAGATGTTG_001,25
ATATATTGGAATAGATGTTG_002,40
ATATATTGGAATAGATGTTG_003,82
ATATATTGGAATAGATGTTG_004,84
CTGAATGGGTGAGACCATGC_001,46
CTGAATGGGTGAGACCATGC_002,43
CTGAATGGGTGAGACCATGC_003,147
CTGAATGGGTGAGACCATGC_004,129
CTGAATGGGTGAGACCATGC_005,15
CTGAATGGGTGAGACCATGC_006,43
CTGAATGGGTGAGACCATGC_007,174
CTGAATGGGTGAGACCATGC_008,92
CTGAATGGGTGAGACCATGC_009,148
CTGAATGGGTGAGACCATGC_010,177
ATTTGAACGCGATTGCAAAG_001,77
ATTTGAACGCGATTGCAAAG_002,198
ATTTGAACGCGATTGCAAAG_003,78
ATTTGAACGCGATTGCAAAG_004,29
ATTTGAACGCGATTGCAAAG_005,197
ATTTGAACGCGATTGCAAAG_006,174
ATTTGAACGCGATTGCAAAG_007,155
ATTTGAACGCGATTGCAAAG_008,0
ATTTGAACGCGATTGCAAAG_009,182
ATTTGAACGCGATTGCAAAG_010,41
ATTTGAACGCGATTGCAAAG_011,71
ATTTGAACGCGATTGCAAAG_012,49
ATTTGAACGCGATTGCAAAG_013,100
ATTTGAACGCGATTGCAAAG_014,125
CCTAAACTCAGACGCACTAC_001,9
CCTAAACTCAGACGCACTAC_002,44
CCTAAACTCAGACGCACTAC_003,186
CCTAAACTCAGACGCACTAC_004,150
CCTAAACTCAGACGCACTAC_005,174
CCTAAACTCAGACGCACTAC_006,165
CCTAAACTCAGACGCACTAC_007,146
CAGGTAGAAGAGATGCGAGG_001,107
CAGGTAGAAGAGATGCGAGG_002,16
CAGGTAGAAGAGATGCGAGG_003,145
CAGGTAGAAGAGATGCGAGG_004,40
CAGGTAGAAGAGATGCGAGG_005,145
CAGGTAGAAGAGATGCGAGG_006,191
CAGGTAGAAGAGATGCGAGG_007,25
CAGGTAGAAGAGATGCGAGG_008,25
CAGGTAGAAGAGATGCGAGG_009,142
AGTCCTCCTGGCCTTCGAGG_001,1
AGTCCTCCTGGCCTTCGAGG_002,11
AGTCCTCCTGGCCTTCGAGG_003,172
AGTCCTCCTGGCCTTCGAGG_004,5
AGTCCTCCTGGCCTTCGAGG_005,15
AGTCCTCCTGGCCTTCGAGG_006,86
AGTCCTCCTGGCCTTCGAGG_007,94
AGTCCTCCTGGCCTTCGAGG_008,144
AGTCCTCCTGGCCTTCGAGG_009,102
AGTCCTCCTGGCCTTCGAGG_010,121
AGTCCTCCTGGCCTTCGAGG_011,87
AGTCCTCCTGGCCTTCGAGG_012,33
AGTCCTCCTGGCCTTCGAGG_013,142
AGTCCTCCTGGCCTTCGAGG_014,88
AGTCCTCCTGGCCTTCGAGG_015,135
AGTCCTCCTGGCCTTCGAGG_016,166
AGTCCTCCTGGCCTTCGAGG_017,35
TGAACGCGATGATCTCGGTG_001,70
GGAGCAAGAGATTCCCCTGA_001,107
ATCAAAGTGTCTGACTTATT_001,162
ATCAAAGTGTCTGACTTATT_002,82
ATCAAAGTGTCTGACTTATT_003,155
TCACTGACCTGCAAATAGCG_001,2
TCACTGACCTGCAAATAGCG_002,58
TCACTGACCTGCAAATAGCG_003,168
TCACTGACCTGCAAATAGCG_004,68
TCACTGACCTGCAAATAGCG_005,58
TCACTGACCTGCAAATAGCG_006,40
TCACTGACCTGCAAATAGCG_007,17
TCACTGACCTGCAAATAGCG_008,57
AGCAGTCCCCAAGAAGGCAT_001,77
AGCAGTCCCCAAGAAGGCAT_002,105
AGCAGTCCCCAAGAAGGCAT_003,188
AGCAGTCCCCAAGAAGGCAT_004,63
AGCAGTCCCCAAGAAGGCAT_005,1
AGCAGTCCCCAAGAAGGCAT_006,37
AGCAGTCCCCAAGAAGGCAT_007,106
AGCAGTCCCCAAGAAGGCAT_008,151
AGCAGTCCCCAAGAAGGCAT_009,82
AGCAGTCCCCAAGAAGGCAT_010,69
AGCAGTCCCCAAGAAGGCAT_011,158
AGCAGTCCCCAAGAAGGCAT_012,153
AGCAGTCCCCAAGAAGGCAT_013,46
AGCAGTCCCCAAGAAGGCAT_014,104
AGCAGTCCCCAAGAAGGCAT_015,48
AGCAGTCCCCAAGAAGGCAT_016,141
AGCAGTCCCCAAGAAGGCAT_017,29
AGCAGTCCCCAAGAAGGCAT_018,99
AGCAGTCCCCAAGAAGGCAT_019,156
AGCAGTCCCCAAGAAGGCAT_020,129
AGCAGTCCCCAAGAAGGCAT_021,49
AGCAGTCCCCAAGAAGGCAT_022,147
AGCAGTCCCCAAGAAGGCAT_023,62
AGCAGTCCCCAAGAAGGCAT_024,50
AGCAGTCCCCAAGAAGGCAT_025,64
AGCAGTCCCCAAGAAGGCAT_026,105
AGCAGTCCCCAAGAAGGCAT_027,77
AGCAGTCCCCAAGAAGGCAT_028,88
AGCAGTCCCCAAGAAGGCAT_029,10
AGCAGTCCCCAAGAAGGCAT_030,197
AGCAGTCCCCAAGAAGGCAT_031,130
AGCAGTCCCCAAGAAGGCAT_032,148
AGCAGTCCCCAAGAAGGCAT_033,41
AGCAGTCCCCAAGAAGGCAT_034,108
AGCAGTCCCCAAGAAGGCAT_035,161
AGCAGTCCCCAAGAAGGCAT_036,27
AGCAGTCCCCAAGAAGGCAT_037,13
AGCAGTCCCCAAGAAGGCAT_038,26
GAACTCGTTGACCGTCATGA_001,170
GAACTCGTTGACCGTCATGA_002,76
GAACTCGTTGACCGTCATGA_003,193
GAACTCGTTGACCGTCATGA_004,113
GAACTCGTTGACCGTCATGA_005,168
GAACTCGTTGACCGTCATGA_006,184
GAACTCGTTGACCGTCATGA_007,198
GAACTCGTTGACCGTCATGA_008,9
GAACTCGTTGACCGTCATGA_009,151
GAACTCGTTGACCGTCATGA_010,49
ACTTCTGGAGGTCAAACTGG_001,82
ACTTCTGGAGGTCAAACTGG_002,181
ACTTCTGGAGGTCAAACTGG_003,94
TAATATTCAAGGTCAGACAG_001,68
TAATATTCAAGGTCAGACAG_002,47
TAATATTCAAGGTCAGACAG_003,70
TAATATTCAAGGTCAGACAG_004,101
TAATATTCAAGGTCAGACAG_005,123
TCCTCAGGCACCAACCAAAG_001,5
TCCTCAGGCACCAACCAAAG_002,191
TCCTCAGGCACCAACCAAAG_003,7
TCCTCAGGCACCAACCAAAG_004,70
TCCTCAGGCACCAACCAAAG_005,193
TCCTCAGGCACCAACCAAAG_006,64
TCCTCAGGCACCAACCAAAG_007,193
TCCTCAGGCACCAACCAAAG_008,22
TCCTCAGGCACCAACCAAAG_009,153
TCCTCAGGCACCAACCAAAG_010,67
TCCTCAGGCACCAACCAAAG_011,124
GAATTAAAAGGGTATACCAA_001,37
GAATTAAAAGGGTATACCAA_002,132
GAATTAAAAGGGTATACCAA_003,191
GAATTAAAAGGGTATACCAA_004,103
GAATTAAAAGGGTATACCAA_005,25
TGGGGAAGTCCACGGCACCA_001,181
TGGGGAAGTCCACGGCACCA_002,53
TGGGGAAGTCCACGGCACCA_003,154
TGGGGAAGTCCACGGCACCA_004,117
TGGGGAAGTCCACGGCACCA_005,184
TGGGGAAGTCCACGGCACCA_006,4
TGGGGAAGTCCACGGCACCA_007,177
TGGGGAAGTCCACGGCACCA_008,161
TGGGGAAGTCCACGGCACCA_009,161
TGGGGAAGTCCACGGCACCA_010,36
TGGGGAAGTCCACGGCACCA_011,158
TGGGGAAGTCCACGGCACCA_012,134
TGGGGAAGTCCACGGCACCA_013,146
TGGGGAAGTCCACGGCACCA_014,105
TGGGGAAGTCCACGGCACCA_015,155
TGGGGAAGTCCACGGCACCA_016,144
TGGGGAAGTCCACGGCACCA_017,68
TGGGGAAGTCCACGGCACCA_018,102
AAGAGATTGAAAGCCGTAGT_001,50
AAGAGATTGAAAGCCGTAGT_002,40
AAGAGATTGAAAGCCGTAGT_003,57
AAGAGATTGAAAGCCGTAGT_004,94
GGGAAACTGGACGAGCATCA_001,146
GGGAAACTGGACGAGCATCA_002,177
GGGAAACTGGACGAGCATCA_003,175
GGGAAACTGGACGAGCATCA_004,83
GGGAAACTGGACGAGCATCA_005,104
GGGAAACTGGACGAGCATCA_006,103
AAGGAATATACATACCCCTG_001,17
AAGGAATATACATACCCCTG_002,11
AAGGAATATACATACCCCTG_003,32
ACGTCCGCGAACACCAGGAG_001,69
ACGTCCGCGAACACCAGGAG_002,56
ACGTCCGCGAACACCAGGAG_003,27
ACGTCCGCGAACACCAGGAG_004,182
ACGTCCGCGAACACCAGGAG_005,1
ACGTCCGCGAACACCAGGAG_006,87
ACGTCCGCGAACACCAGGAG_007,105
ACGTCCGCGAACACCAGGAG_008,88
ACGTCCGCGAACACCAGGAG_009,22
ACGTCCGCGAACACCAGGAG_010,182
ACGTCCGCGAACACCAGGAG_011,48
ACGTCCGCGAACACCAGGAG_012,144
ACGTCCGCGAACACCAGGAG_013,168
CTGACCCAGAACATCCCCAG_001,127
CTGACCCAGAACATCCCCAG_002,69
CTGACCCAGAACATCCCCAG_003,29
CTGACCCAGAACATCCCCAG_004,170
CTGACCCAGAACATCCCCAG_005,140
CTGACCCAGAACATCCCCAG_006,181
CTGACCCAGAACATCCCCAG_007,167
CTGACCCAGAACATCCCCAG_008,86
CTGACCCAGAACATCCCCAG_009,49
CTGACCCAGAACATCCCCAG_010,19
CTGACCCAGAACATCCCCAG_011,175
CACCTATAGAGCGTCTTGCG_001,191
CACCTATAGAGCGTCTTGCG_002,117
CACCTATAGAGCGTCTTGCG_003,48
CACCTATAGAGCGTCTTGCG_004,123
CACCTATAGAGCGTCTTGCG_005,16
CACCTATAGAGCGTCTTGCG_006,1
CACCTATAGAGCGTCTTGCG_007,127
CACCTATAGAGCGTCTTGCG_008,175
CACCTATAGAGCGTCTTGCG_009,174
CACCTATAGAGCGTCTTGCG_010,184
TTCCACATCCAACCCTACAA_001,9
GCTTTGGATCTGCGAAGTCA_001,178
GCTTTGGATCTGCGAAGTCA_002,195
GCTTTGGATCTGCGAAGTCA_003,161
GCTTTGGATCTGCGAAGTCA_004,63
GCTTTGGATCTGCGAAGTCA_005,56
GCTTTGGATCTGCGAAGTCA_006,192
GCTTTGGATCTGCGAAGTCA_007,167
GCTTTGGATCTGCGAAGTCA_008,58
GCTTTGGATCTGCGAAGTCA_009,184
ACACTAACGAGTTCATCACC_001,26
ACACTAACGAGTTCATCACC_002,175
ACACTAACGAGTTCATCACC_003,149
ACACTAACGAGTTCATCACC_004,176
ACACTAACGAGTTCATCACC_005,148
ACACTAACGAGTTCATCACC_006,63
ACACTAACGAGTTCATCACC_007,35
ACACTAACGAGTTCATCACC_008,156
ACACTAACGAGTTCATCACC_009,127
ACACTAACGAGTTCATCACC_010,75
ACACTAACGAGTTCATCACC_011,127
ACACTAACGAGTTCATCACC_012,70
ACACTAACGAGTTCATCACC_013,41
ACACTAACGAGTTCATCACC_014,65
ACACTAACGAGTTCATCACC_015,48
ACACTAACGAGTTCATCACC_016,152
ACATGCGGATGGTAGCACGA_001,172
ACATGCGGATGGTAGCACGA_002,115
ACATGCGGATGGTAGCACGA_003,89
ACATGCGGATGGTAGCACGA_004,166
ACATGCGGATGGTAGCACGA_005,168
ACATGCGGATGGTAGCACGA_006,108
ACATGCGGATGGTAGCACGA_007,152
ACATGCGGATGGTAGCACGA_008,146
ACATGCGGATGGTAGCACGA_009,193
ACATGCGGATGGTAGCACGA_010,105
ACATGCGGATGGTAGCACGA_011,121
ACATGCGGATGGTAGCACGA_012,40
ACATGCGGATGGTAGCACGA_013,156
ACATGCGGATGGTAGCACGA_014,8
ACATGCGGATGGTAGCACGA_015,158
ACATGCGGATGGTAGCACGA_016,105
ACATGCGGATGGTAGCACGA_017,66
ACATGCGGATGGTAGCACGA_018,116
ACATGCGGATGGTAGCACGA_019,141
ACATGCGGATGGTAGCACGA_020,163
ACATGCGGATGGTAGCACGA_021,147
ACATGCGGATGGTAGCACGA_022,174
ACATGCGGATGGTAGCACGA_023,78
ACATGCGGATGGTAGCACGA_024,149
ACATGCGGATGGTAGCACGA_025,9
ACATGCGGATGGTAGCACGA_026,1
ACATGCGGATGGTAGCACGA_027,100
ACATGCGGATGGTAGCACGA_028,48
ACATGCGGATGGTAGCACGA_029,17
ACATGCGGATGGTAGCACGA_030,179
ACATGCGGATGGTAGCACGA_031,161
GGACAAAGCTTCCGCCACAG_001,151
GGACAAAGCTTCCGCCACAG_002,160
GGACAAAGCTTCCGCCACAG_003,114
GGACAAAGCTTCCGCCACAG_004,159
GGACAAAGCTTCCGCCACAG_005,9
GGACAAAGCTTCCGCCACAG_006,160
GGACAAAGCTTCCGCCACAG_007,6
GGACAAAGCTTCCGCCACAG_008,178
GGACAAAGCTTCCGCCACAG_009,183
GGACAAAGCTTCCGCCACAG_010,40
GGACAAAGCTTCCGCCACAG_011,9
GGACAAAGCTTCCGCCACAG_012,16
GGACAAAGCTTCCGCCACAG_013,10
GGACAAAGCTTCCGCCACAG_014,194
GGACAAAGCTTCCGCCACAG_015,78
GGACAAAGCTTCCGCCACAG_016,88
GGACAAAGCTTCCGCCACAG_017,114
GGACAAAGCTTCCGCCACAG_018,14
GGACAAAGCTTCCGCCACAG_019,130
GGACAAAGCTTCCGCCACAG_020,18
AGTGGATTATAGAAGTTACG_001,125
AGTGGATTATAGAAGTTACG_002,81
GTGATGTTGGGCTCGCTATG_001,5
GTGATGTTGGGCTCGCTATG_002,153
GTGATGTTGGGCTCGCTATG_003,190
GTGATGTTGGGCTCGCTATG_004,105
GTGATGTTGGGCTCGCTATG_005,83
GTGATGTTGGGCTCGCTATG_006,149
GTGATGTTGGGCTCGCTATG_007,158
GTGATGTTGGGCTCGCTATG_008,185
GTGATGTTGGGCTCGCTATG_009,139
GTGATGTTGGGCTCGCTATG_010,58
GTGATGTTGGGCTCGCTATG_011,196
TCGAGCGCCTTCGCCAAAGG_001,161
TCGAGCGCCTTCGCCAAAGG_002,178
TCGAGCGCCTTCGCCAAAGG_003,178
TCGAGCGCCTTCGCCAAAGG_004,158
TCGAGCGCCTTCGCCAAAGG_005,59
TCGAGCGCCTTCGCCAAAGG_006,137
TCGAGCGCCTTCGCCAAAGG_007,191
TCGAGCGCCTTCGCCAAAGG_008,43
TCGAGCGCCTTCGCCAAAGG_009,172
TCGAGCGCCTTCGCCAAAGG_010,55
TCGAGCGCCTTCGCCAAAGG_011,60
TCGAGCGCCTTCGCCAAAGG_012,18
TCGAGCGCCTTCGCCAAAGG_013,6
TCGAGCGCCTTCGCCAAAGG_014,94
TCGAGCGCCTTCGCCAAAGG_015,106
TCGAGCGCCTTCGCCAAAGG_016,79
TCGAGCGCCTTCGCCAAAGG_017,192
TCGAGCGCCTTCGCCAAAGG_018,94
TCGAGCGCCTTCGCCAAAGG_019,40
TCGAGCGCCTTCGCCAAAGG_020,65
TCGAGCGCCTTCGCCAAAGG_021,192
CAAGGGCTATGTGCGCATCG_001,137
CAAGGGCTATGTGCGCATCG_002,168
CCAGAAATAGCTCTAAATTG_001,134
ACTGTGGATCAGACATGGAG_001,12
ACTGTGGATCAGACATGGAG_002,160
ACTGTGGATCAGACATGGAG_003,196
ACTGTGGATCAGACATGGAG_004,108
ACTGTGGATCAGACATGGAG_005,42
AAGCAGTACATGACCTGCTG_001,50
AAGCAGTACATGACCTGCTG_002,10
AAGCAGTACATGACCTGCTG_003,2
AAGCAGTACATGACCTGCTG_004,116
AAGCAGTACATGACCTGCTG_005,27
AAGCAGTACATGACCTGCTG_006,126
AAGCAGTACATGACCTGCTG_007,172
AAGCAGTACATGACCTGCTG_008,15
AAGCAGTACATGACCTGCTG_009,94
AAGCAGTACATGACCTGCTG_010,95
AAGCAGTACATGACCTGCTG_011,48
AAGCAGTACATGACCTGCTG_012,25
AAGCAGTACATGACCTGCTG_013,197
AAGCAGTACATGACCTGCTG_014,85
AAGCAGTACATGACCTGCTG_015,198
AAGCAGTACATGACCTGCTG_016,2
GCTGGAGAATTACACACCCA_001,56
GCTGGAGAATTACACACCCA_002,152
GCTGGAGAATTACACACCCA_003,126
GCTGGAGAATTACACACCCA_004,185
GCTGGAGAATTACACACCCA_005,20
GCTGGAGAATTACACACCCA_006,187
GCTGGAGAATTACACACCCA_007,167
GCTGGAGAATTACACACCCA_008,0
GCTGGAGAATTACACACCCA_009,47
GCTGGAGAATTACACACCCA_010,98
GCTGGAGAATTACACACCCA_011,169
GCTGGAGAATTACACACCCA_012,102
CTGCTGATACACACACCATG_001,5
CTGCTGATACACACACCATG_002,5
CTGCTGATACACACACCATG_003,41
CTGCTGATACACACACCATG_004,127
TTGATTGCGAGGAATGCGGG_001,77
TTGATTGCGAGGAATGCGGG_002,1
TTGATTGCGAGGAATGCGGG_003,48
TTGATTGCGAGGAATGCGGG_004,50
TTGATTGCGAGGAATGCGGG_005,155
TTGATTGCGAGGAATGCGGG_006,67
TTGATTGCGAGGAATGCGGG_007,95
TTGATTGCGAGGAATGCGGG_008,125
TTGATTGCGAGGAATGCGGG_009,170
TTGATTGCGAGGAATGCGGG_010,147
TTGATTGCGAGGAATGCGGG_011,66
CGGGCTACTCAACCTGACCG_001,189
CGGGCTACTCAACCTGACCG_002,108
CGGGCTACTCAACCTGACCG_003,42
CGGGCTACTCAACCTGACCG_004,4
CGGGCTACTCAACCTGACCG_005,199
CGGGCTACTCAACCTGACCG_006,132
CGGGCTACTCAACCTGACCG_007,11
CGGGCTACTCAACCTGACCG_008,152
CGGGCTACTCAACCTGACCG_009,190
CGGGCTACTCAACCTGACCG_010,162
CGGGCTACTCAACCTGACCG_011,22
CGGGCTACTCAACCTGACCG_012,137
CGGGCTACTCAACCTGACCG_013,157
GTGACTGTTATGTTCCACAG_001,57
GTGACTGTTATGTTCCACAG_002,45
GTGACTGTTATGTTCCACAG_003,155
GTGACTGTTATGTTCCACAG_004,134
GTGACTGTTATGTTCCACAG_005,188
GTGACTGTTATGTTCCACAG_006,177
GTGACTGTTATGTTCCACAG_007,102
GTGACTGTTATGTTCCACAG_008,153
GTGACTGTTATGTTCCACAG_009,165
TGCAGAGCGAGAACCCCGAG_001,32
TGCAGAGCGAGAACCCCGAG_002,170
TGCAGAGCGAGAACCCCGAG_003,156
TGCAGAGCGAGAACCCCGAG_004,150
TGCAGAGCGAGAACCCCGAG_005,10
TGCAGAGCGAGAACCCCGAG_006,147
TGCAGAGCGAGAACCCCGAG_007,177
TGCAGAGCGAGAACCCCGAG_008,105
TGCAGAGCGAGAACCCCGAG_009,1
TGCAGAGCGAGAACCCCGAG_010,50
TGCAGAGCGAGAACCCCGAG_011,147
TGCAGAGCGAGAACCCCGAG_012,168
TGCAGAGCGAGAACCCCGAG_013,83
TGCAGAGCGAGAACCCCGAG_014,121
GCATACCTAGGTCTCTACAT_001,68
GCATACCTAGGTCTCTACAT_002,80
GCATACCTAGGTCTCTACAT_003,17
GCATACCTAGGTCTCTACAT_004,15
GCATACCTAGGTCTCTACAT_005,48
GCATACCTAGGTCTCTACAT_006,199
GCATACCTAGGTCTCTACAT_007,69
GCATACCTAGGTCTCTACAT_008,198
GCATACCTAGGTCTCTACAT_009,169
GCATACCTAGGTCTCTACAT_010,168
GCATACCTAGGTCTCTACAT_011,58
GCTCCGTGCCCGCAAACAGG_001,10
GCTCCGTGCCCGCAAACAGG_002,84
CGGCGCGCCGGTTTACCTGG_001,176
CGGCGCGCCGGTTTACCTGG_002,190
CGGCGCGCCGGTTTACCTGG_003,60
AGTGTGTTCTGAAGCGATAG_001,27
AGTGTGTTCTGAAGCGATAG_002,86
AGTGTGTTCTGAAGCGATAG_003,19
AGTGTGTTCTGAAGCGATAG_004,169
AGTGTGTTCTGAAGCGATAG_005,2
AGTGTGTTCTGAAGCGATAG_006,98
AGTGTGTTCTGAAGCGATAG_007,106
AGTGTGTTCTGAAGCGATAG_008,48
AGTGTGTTCTGAAGCGATAG_009,162
AGTGTGTTCTGAAGCGATAG_010,98
AGTGTGTTCTGAAGCGATAG_011,194
AGTGTGTTCTGAAGCGATAG_012,165
AGTGTGTTCTGAAGCGATAG_013,40
AGTGTGTTCTGAAGCGATAG_014,70
AGTGTGTTCTGAAGCGATAG_015,177
AGTGTGTTCTGAAGCGATAG_016,54
CAGATCTTCGTATTTCAAGG_001,13
CAGATCTTCGTATTTCAAGG_002,26
CAGATCTTCGTATTTCAAGG_003,165
CAGATCTTCGTATTTCAAGG_004,146
CAGTCATGGAGTGAGTCTCA_001,146
CAGTCATGGAGTGAGTCTCA_002,76
CAGTCATGGAGTGAGTCTCA_003,133
CAGTCATGGAGTGAGTCTCA_004,115
CAGTCATGGAGTGAGTCTCA_005,122
CAGTCATGGAGTGAGTCTCA_006,21
CAGTCATGGAGTGAGTCTCA_007,62
CAGTCATGGAGTGAGTCTCA_008,170
CAGTCATGGAGTGAGTCTCA_009,94
CAGTCATGGAGTGAGTCTCA_010,184
CAGTCATGGAGTGAGTCTCA_011,131
CAGTCATGGAGTGAGTCTCA_012,178
CAGTCATGGAGTGAGTCTCA_013,47
CAGTCATGGAGTGAGTCTCA_014,47
GGAGCTCCACGACATCAATG_001,134
GGAGCTCCACGACATCAATG_002,150
GGAGCTCCACGACATCAATG_003,16
GGAGCTCCACGACATCAATG_004,9
GGAGCTCCACGACATCAATG_005,79
GGAGCTCCACGACATCAATG_006,9
GGAGCTCCACGACATCAATG_007,76
GGAGCTCCACGACATCAATG_008,79
GGAGCTCCACGACATCAATG_009,10
ACTCAGACGGTCATCAACTG_001,21
ACTCAGACGGTCATCAACTG_002,80
ACTCAGACGGTCATCAACTG_003,91
ACTCAGACGGTCATCAACTG_004,138
ACTCAGACGGTCATCAACTG_005,42
ACTCAGACGGTCATCAACTG_006,118
ACTCAGACGGTCATCAACTG_007,186
ACTCAGACGGTCATCAACTG_008,152
ACTCAGACGGTCATCAACTG_009,45
ACTCAGACGGTCATCAACTG_010,148
ACTCAGACGGTCATCAACTG_011,150
ACTCAGACGGTCATCAACTG_012,177
ACTCAGACGGTCATCAACTG_013,58
ACTCAGACGGTCATCAACTG_014,30
ACTCAGACGGTCATCAACTG_015,36
ACTCAGACGGTCATCAACTG_016,184
ACTCAGACGGTCATCAACTG_017,53
ACTCAGACGGTCATCAACTG_018,9
ACTCAGACGGTCATCAACTG_019,23
ACTCAGACGGTCATCAACTG_020,121
AACAGATGTCCAAGAATGAG_001,17
AACAGATGTCCAAGAATGAG_002,25
AACAGATGTCCAAGAATGAG_003,2
AACAGATGTCCAAGAATGAG_004,105
AACAGATGTCCAAGAATGAG_005,124
AACAGATGTCCAAGAATGAG_006,188
AACAGATGTCCAAGAATGAG_007,128
AACAGATGTCCAAGAATGAG_008,144
AACAGATGTCCAAGAATGAG_009,55
TAGTGTTCCTCTGAACAACA_001,150
TAGTGTTCCTCTGAACAACA_002,198
TAGTGTTCCTCTGAACAACA_003,15
TAGTGTTCCTCTGAACAACA_004,65
TAGTGTTCCTCTGAACAACA_005,104
TAGTGTTCCTCTGAACAACA_006,137
TAGTGTTCCTCTGAACAACA_007,162
TAGTGTTCCTCTGAACAACA_008,48
TAGTGTTCCTCTGAACAACA_009,45
TAGTGTTCCTCTGAACAACA_010,78
TAGTGTTCCTCTGAACAACA_011,40
CTGCGAGCCAGATAACGGAA_001,105
CTGCGAGCCAGATAACGGAA_002,1
CTGCGAGCCAGATAACGGAA_003,176
CTGCGAGCCAGATAACGGAA_004,61
GGGCGGTTCCGAAGGAATTG_001,17
GGGCGGTTCCGAAGGAATTG_002,171
GGGCGGTTCCGAAGGAATTG_003,151
GGGCGGTTCCGAAGGAATTG_004,57
GGGCGGTTCCGAAGGAATTG_005,11
GGGCGGTTCCGAAGGAATTG_006,54
CCAATACAGAATACTCCACC_001,150
CCAATACAGAATACTCCACC_002,102
CCGTTTCCAGAACTACATGG_001,186
CCGTTTCCAGAACTACATGG_002,148
CCGTTTCCAGAACTACATGG_003,132
CCGTTTCCAGAACTACATGG_004,107
CCGTTTCCAGAACTACATGG_005,194
CCGTTTCCAGAACTACATGG_006,73
CCGTTTCCAGAACTACATGG_007,154
CCGTTTCCAGAACTACATGG_008,198
CCGTTTCCAGAACTACATGG_009,102
CCGTTTCCAGAACTACATGG_010,61
CCGTTTCCAGAACTACATGG_011,13
CCGTTTCCAGAACTACATGG_012,120
CCGTTTCCAGAACTACATGG_013,86
CCGTTTCCAGAACTACATGG_014,60
CCGTTTCCAGAACTACATGG_015,42
CCGTTTCCAGAACTACATGG_016,136
CCGTTTCCAGAACTACATGG_017,106
CCGTTTCCAGAACTACATGG_018,99
CCGTTTCCAGAACTACATGG_019,158
CCGTTTCCAGAACTACATGG_020,41
CCGTTTCCAGAACTACATGG_021,60
CCGTTTCCAGAACTACATGG_022,1
GGTCAAAAGACATGATAGTG_001,94
GGTCAAAAGACATGATAGTG_002,61
GGTCAAAAGACATGATAGTG_003,41
GGTCAAAAGACATGATAGTG_004,20
GGTCAAAAGACATGATAGTG_005,51
AGATTGACAGCTACTTACGC_001,127
AGATTGACAGCTACTTACGC_002,15
AGATTGACAGCTACTTACGC_003,10
AGATTGACAGCTACTTACGC_004,180
TGCGCTTGACGCCCCCACGT_001,43
TGCGCTTGACGCCCCCACGT_002,151
TGCGCTTGACGCCCCCACGT_003,8
TGCGCTTGACGCCCCCACGT_004,179
TGCGCTTGACGCCCCCACGT_005,40
TGCGCTTGACGCCCCCACGT_006,144
TGCGCTTGACGCCCCCACGT_007,19
TGCGCTTGACGCCCCCACGT_008,199
TGCGCTTGACGCCCCCACGT_009,31
TGCGCTTGACGCCCCCACGT_010,148
TGCGCTTGACGCCCCCACGT_011,67
TGCGCTTGACGCCCCCACGT_012,110
TGCGCTTGACGCCCCCACGT_013,6
TGCGCTTGACGCCCCCACGT_014,151
TGCGCTTGACGCCCCCACGT_015,12
TGCGCTTGACGCCCCCACGT_016,102
TGCGCTTGACGCCCCCACGT_017,160
TGCGCTTGACGCCCCCACGT_018,190
TGCGCTTGACGCCCCCACGT_019,9
TGCGCTTGACGCCCCCACGT_020,134
TGCGCTTGACGCCCCCACGT_021,117
TGCGCTTGACGCCCCCACGT_022,152
TGCGCTTGACGCCCCCACGT_023,190
ATGACCATATAGATGTTGAG_001,63
ATGACCATATAGATGTTGAG_002,13
ATGACCATATAGATGTTGAG_003,115
ATGACCATATAGATGTTGAG_004,25
CTGACTGTGAATTGCTTCCT_001,7
CTGACTGTGAATTGCTTCCT_002,107
CTGACTGTGAATTGCTTCCT_003,58
CTGACTGTGAATTGCTTCCT_004,127
CTGACTGTGAATTGCTTCCT_005,11
CTGACTGTGAATTGCTTCCT_006,37
CTGACTGTGAATTGCTTCCT_007,68
CTGACTGTGAATTGCTTCCT_008,166
CTGACTGTGAATTGCTTCCT_009,70
CTGACTGTGAATTGCTTCCT_010,170
CTGACTGTGAATTGCTTCCT_011,149
CTGACTGTGAATTGCTTCCT_012,144
CTGACTGTGAATTGCTTCCT_013,170
CTGACTGTGAATTGCTTCCT_014,158
CTGACTGTGAATTGCTTCCT_015,24
CTGACTGTGAATTGCTTCCT_016,170
CTGACTGTGAATTGCTTCCT_017,4
CTGACTGTGAATTGCTTCCT_018,103
TAAATTCCACACGGCCCATG_001,75
TAAATTCCACACGGCCCATG_002,24
TAAATTCCACACGGCCCATG_003,71
TAAATTCCACACGGCCCATG_004,49
TAAATTCCACACGGCCCATG_005,114
TAAATTCCACACGGCCCATG_006,48
TAAATTCCACACGGCCCATG_007,198
TGCTACACAGTCTTCTGGAT_001,14
TGCTACACAGTCTTCTGGAT_002,198
TGCTACACAGTCTTCTGGAT_003,56
TGCTACACAGTCTTCTGGAT_004,94
TTTGTGCTGGAAGAATACGT_001,199
TTTGTGCTGGAAGAATACGT_002,44
TTTGTGCTGGAAGAATACGT_003,101
TTTGTGCTGGAAGAATACGT_004,157
TTTGTGCTGGAAGAATACGT_005,157
TTTGTGCTGGAAGAATACGT_006,163
GGACAGCAGGCGGCGCACGT_001,104
GGACAGCAGGCGGCGCACGT_002,161
GGACAGCAGGCGGCGCACGT_003,15
GGACAGCAGGCGGCGCACGT_004,191
GGACAGCAGGCGGCGCACGT_005,63
GGACAGCAGGCGGCGCACGT_006,188
GGACAGCAGGCGGCGCACGT_007,29
GGACAGCAGGCGGCGCACGT_008,135
GGACAGCAGGCGGCGCACGT_009,169
GGACAGCAGGCGGCGCACGT_010,37
GGACAGCAGGCGGCGCACGT_011,191
GGACAGCAGGCGGCGCACGT_012,48
GGACAGCAGGCGGCGCACGT_013,12
GGACAGCAGGCGGCGCACGT_014,76
GGACAGCAGGCGGCGCACGT_015,176
GGACAGCAGGCGGCGCACGT_016,146
GGACAGCAGGCGGCGCACGT_017,149
GGACAGCAGGCGGCGCACGT_018,183
GGACAGCAGGCGGCGCACGT_019,126
GGACAGCAGGCGGCGCACGT_020,8
GGACAGCAGGCGGCGCACGT_021,9
GGACAGCAGGCGGCGCACGT_022,33
GGACAGCAGGCGGCGCACGT_023,33
GGACAGCAGGCGGCGCACGT_024,58
GGACAGCAGGCGGCGCACGT_025,114
GGACAGCAGGCGGCGCACGT_026,55
GGACAGCAGGCGGCGCACGT_027,0
GGACAGCAGGCGGCGCACGT_028,105
GGACAGCAGGCGGCGCACGT_029,199
GGACAGCAGGCGGCGCACGT_030,156
GGACAGCAGGCGGCGCACGT_031,174
GGACAGCAGGCGGCGCACGT_032,70
GGACAGCAGGCGGCGCACGT_033,166
GGACAGCAGGCGGCGCACGT_034,2
GGACAGCAGGCGGCGCACGT_035,66
GGACAGCAGGCGGCGCACGT_036,106
GGACAGCAGGCGGCGCACGT_037,63
GGACAGCAGGCGGCGCACGT_038,76
GGACAGCAGGCGGCGCACGT_039,69
GGACAGCAGGCGGCGCACGT_040,2
GGACAGCAGGCGGCGCACGT_041,199
GGACAGCAGGCGGCGCACGT_042,117
GGACAGCAGGCGGCGCACGT_043,136
GGACAGCAGGCGGCGCACGT_044,50
GGACAGCAGGCGGCGCACGT_045,69
GGACAGCAGGCGGCGCACGT_046,63
GGACAGCAGGCGGCGCACGT_047,157
GGACAGCAGGCGGCGCACGT_048,35
GGACAGCAGGCGGCGCACGT_049,175
GGACAGCAGGCGGCGCACGT_050,108
GGACAGCAGGCGGCGCACGT_051,112
GGACAGCAGGCGGCGCACGT_052,189
GGACAGCAGGCGGCGCACGT_053,108
AACGTGGGAGATTGGCTTCG_001,41
AACGTGGGAGATTGGCTTCG_002,153
AACGTGGGAGATTGGCTTCG_003,56
AACGTGGGAGATTGGCTTCG_004,56
AACGTGGGAGATTGGCTTCG_005,50
AACGTGGGAGATTGGCTTCG_006,162
AACGTGGGAGATTGGCTTCG_007,61
AACGTGGGAGATTGGCTTCG_008,119
AACGTGGGAGATTGGCTTCG_009,88
AACGTGGGAGATTGGCTTCG_010,62
AACGTGGGAGATTGGCTTCG_011,178
AACGTGGGAGATTGGCTTCG_012,13
AACGTGGGAGATTGGCTTCG_013,20
AACGTGGGAGATTGGCTTCG_014,150
AACGTGGGAGATTGGCTTCG_015,31
AACGTGGGAGATTGGCTTCG_016,58
AACGTGGGAGATTGGCTTCG_017,29
AACGTGGGAGATTGGCTTCG_018,132
AACGTGGGAGATTGGCTTCG_019,144
AACGTGGGAGATTGGCTTCG_020,123
AACGTGGGAGATTGGCTTCG_021,106
CTTCCCTCAATGCCGAGTAG_001,70
CTTCCCTCAATGCCGAGTAG_002,146
CTTCCCTCAATGCCGAGTAG_003,103
CTTCCCTCAATGCCGAGTAG_004,127
CTTCCCTCAATGCCGAGTAG_005,40
CTTCCCTCAATGCCGAGTAG_006,169
CTTCCCTCAATGCCGAGTAG_007,98
CTTCCCTCAATGCCGAGTAG_008,5
CTTCCCTCAATGCCGAGTAG_009,97
CTTCCCTCAATGCCGAGTAG_010,102
CTTCCCTCAATGCCGAGTAG_011,196
CTTCCCTCAATGCCGAGTAG_012,104
CTTCCCTCAATGCCGAGTAG_013,89
CTTCCCTCAATGCCGAGTAG_014,144
CTTCCCTCAATGCCGAGTAG_015,151
CTTCCCTCAATGCCGAGTAG_016,135
CTTCCCTCAATGCCGAGTAG_017,78
CTTCCCTCAATGCCGAGTAG_018,15
CTTCCCTCAATGCCGAGTAG_019,52
AATGTGAAGAATTTCTCCCA_001,152
AATGTGAAGAATTTCTCCCA_002,141
AATGTGAAGAATTTCTCCCA_003,2
AATGTGAAGAATTTCTCCCA_004,105
AATGTGAAGAATTTCTCCCA_005,111
AATGTGAAGAATTTCTCCCA_006,88
AGATAATGATGAGTTGCTGC_001,51
AGATAATGATGAGTTGCTGC_002,27
CCAAGAATTAGAGTCTCCAA_001,0
CCAAGAATTAGAGTCTCCAA_002,169
CCAAGAATTAGAGTCTCCAA_003,151
CCAAGAATTAGAGTCTCCAA_004,10
CCAAGAATTAGAGTCTCCAA_005,94
CCAAGAATTAGAGTCTCCAA_006,192
CCAAGAATTAGAGTCTCCAA_007,48
CCAAGAATTAGAGTCTCCAA_008,15
GCGACGAAAAGATGTAGCCG_001,116
GCGACGAAAAGATGTAGCCG_002,70
GCGACGAAAAGATGTAGCCG_003,152
GCGACGAAAAGATGTAGCCG_004,164
GTTCATGCGGAACACGCACT_001,115
GTTCATGCGGAACACGCACT_002,115
GTTCATGCGGAACACGCACT_003,12
GTTCATGCGGAACACGCACT_004,27
GTTCATGCGGAACACGCACT_005,151
GTTCATGCGGAACACGCACT_006,140
GTTCATGCGGAACACGCACT_007,41
GTTCATGCGGAACACGCACT_008,190
GTTCATGCGGAACACGCACT_009,54
GTTCATGCGGAACACGCACT_010,123
GTTCATGCGGAACACGCACT_011,63
GTTCATGCGGAACACGCACT_012,35
GTTCATGCGGAACACGCACT_013,70
GTTCATGCGGAACACGCACT_014,70
GTTCATGCGGAACACGCACT_015,66
GTTCATGCGGAACACGCACT_016,127
TGACAGGTATTGATAATGAG_001,170
TGACAGGTATTGATAATGAG_002,95
TGACAGGTATTGATAATGAG_003,70
TGACAGGTATTGATAATGAG_004,13
TGACAGGTATTGATAATGAG_005,174
TGTGTGTCTTCGAAACGTTG_001,37
TGTGTGTCTTCGAAACGTTG_002,78
TGTGTGTCTTCGAAACGTTG_003,98
TGTGTGTCTTCGAAACGTTG_004,72
TGTGTGTCTTCGAAACGTTG_005,68
TGTGTGTCTTCGAAACGTTG_006,62
TGTGTGTCTTCGAAACGTTG_007,193
TGTGTGTCTTCGAAACGTTG_008,140
TGTGTGTCTTCGAAACGTTG_009,190
TGTGTGTCTTCGAAACGTTG_010,44
TGTGTGTCTTCGAAACGTTG_011,113
TGTGTGTCTTCGAAACGTTG_012,197
TGTGTGTCTTCGAAACGTTG_013,115
TGTGTGTCTTCGAAACGTTG_014,175
TGTGTGTCTTCGAAACGTTG_015,166
TGTGTGTCTTCGAAACGTTG_016,5
AACAGCCATAGTCCTACTCT_001,8
AACAGCCATAGTCCTACTCT_002,169
GAAGGACTGAGGTCTCATAG_001,120
GAAGGACTGAGGTCTCATAG_002,124
GAAGGACTGAGGTCTCATAG_003,59
GAAGGACTGAGGTCTCATAG_004,88
GAAGGACTGAGGTCTCATAG_005,124
GAAGGACTGAGGTCTCATAG_006,61
GAAGGACTGAGGTCTCATAG_007,182
GAAGGACTGAGGTCTCATAG_008,43
GAAGGACTGAGGTCTCATAG_009,88
GAAGGACTGAGGTCTCATAG_010,162
GGGTTCCCATGGATCACAAG_001,50
GGGTTCCCATGGATCACAAG_002,14
GGGTTCCCATGGATCACAAG_003,15
GGGTTCCCATGGATCACAAG_004,63
GGGTTCCCATGGATCACAAG_005,138
AGAATGAAGTGTCTTGTGAG_001,45
AGAATGAAGTGTCTTGTGAG_002,113
AGAATGAAGTGTCTTGTGAG_003,120
AGAATGAAGTGTCTTGTGAG_004,168
AGAATGAAGTGTCTTGTGAG_005,49
AGAATGAAGTGTCTTGTGAG_006,69
AGAATGAAGTGTCTTGTGAG_007,76
CAGGTGGTTCCTGAACGGCC_001,115
CAGGTGGTTCCTGAACGGCC_002,5
CAGGTGGTTCCTGAACGGCC_003,32
CAGGTGGTTCCTGAACGGCC_004,95
CAGGTGGTTCCTGAACGGCC_005,149
CAGGTGGTTCCTGAACGGCC_006,138
CAGGTGGTTCCTGAACGGCC_007,150
CAGGTGGTTCCTGAACGGCC_008,149
CAGGTGGTTCCTGAACGGCC_009,149
CAGGTGGTTCCTGAACGGCC_010,106
GAAATGAAGATGAAAAACCC_001,181
GAAATGAAGATGAAAAACCC_002,115
AAGCTGACTGGCATCCCCAA_001,182
AAGCTGACTGGCATCCCCAA_002,127
AAGCTGACTGGCATCCCCAA_003,81
AAGCTGACTGGCATCCCCAA_004,148
AAGCTGACTGGCATCCCCAA_005,18
AAGCTGACTGGCATCCCCAA_006,2
AAGCTGACTGGCATCCCCAA_007,137
AGTGAATGCAGCTGTAGGTC_001,132
AGTGAATGCAGCTGTAGGTC_002,45
AGTGAATGCAGCTGTAGGTC_003,25
AGTGAATGCAGCTGTAGGTC_004,120
AGTGAATGCAGCTGTAGGTC_005,168
AGTGAATGCAGCTGTAGGTC_006,99
AGTGAATGCAGCTGTAGGTC_007,32
AGTGAATGCAGCTGTAGGTC_008,54
ATTAAACGACACCTTATTCT_001,162
ATTAAACGACACCTTATTCT_002,11
ATTAAACGACACCTTATTCT_003,162
ATTAAACGACACCTTATTCT_004,54
ATTAAACGACACCTTATTCT_005,87
ATTAAACGACACCTTATTCT_006,137
CTCCTCTACTGTAGCAACGG_001,6
CTCCTCTACTGTAGCAACGG_002,74
CTCCTCTACTGTAGCAACGG_003,17
CTCCTCTACTGTAGCAACGG_004,78
CTCCTCTACTGTAGCAACGG_005,113
CTCCTCTACTGTAGCAACGG_006,191
CTCCTCTACTGTAGCAACGG_007,168
CTCCTCTACTGTAGCAACGG_008,184
CTCCTCTACTGTAGCAACGG_009,157
CTCCTCTACTGTAGCAACGG_010,77
GACCAGCAATACCCTAGAGA_001,19
GACGATTCAGAACCCCTACG_001,12
GACGATTCAGAACCCCTACG_002,88
GACGATTCAGAACCCCTACG_003,40
GACGATTCAGAACCCCTACG_004,101
GACGATTCAGAACCCCTACG_005,105
GACGATTCAGAACCCCTACG_006,105
GACGATTCAGAACCCCTACG_007,72
GACGATTCAGAACCCCTACG_008,82
GACGATTCAGAACCCCTACG_009,121
GACGATTCAGAACCCCTACG_010,48
GACGATTCAGAACCCCTACG_011,147
GACGATTCAGAACCCCTACG_012,93
GACGATTCAGAACCCCTACG_013,123
GACGATTCAGAACCCCTACG_014,169
GACGATTCAGAACCCCTACG_015,77
GACGATTCAGAACCCCTACG_016,70
GACGATTCAGAACCCCTACG_017,9
GACGATTCAGAACCCCTACG_018,28
GACGATTCAGAACCCCTACG_019,90
GACGATTCAGAACCCCTACG_020,185
GACGATTCAGAACCCCTACG_021,58
ACGACGCAGATGGACACTGT_001,144
ACGACGCAGATGGACACTGT_002,154
ACGACGCAGATGGACACTGT_003,51
ACGACGCAGATGGACACTGT_004,141
ACGACGCAGATGGACACTGT_005,61
ACGACGCAGATGGACACTGT_006,132
ACGACGCAGATGGACACTGT_007,78
ACGACGCAGATGGACACTGT_008,68
ACGACGCAGATGGACACTGT_009,55
ACGACGCAGATGGACACTGT_010,44
ACGACGCAGATGGACACTGT_011,59
ACGACGCAGATGGACACTGT_012,8
ACGACGCAGATGGACACTGT_013,42
ACGACGCAGATGGACACTGT_014,62
ACGACGCAGATGGACACTGT_015,167
ACGACGCAGATGGACACTGT_016,62
ACGACGCAGATGGACACTGT_017,62
ACGACGCAGATGGACACTGT_018,103
ACGACGCAGATGGACACTGT_019,78
ACGACGCAGATGGACACTGT_020,67
ACGACGCAGATGGACACTGT_021,119
ACGACGCAGATGGACACTGT_022,169
ACGACGCAGATGGACACTGT_023,14
ACGACGCAGATGGACACTGT_024,151
ACGACGCAGATGGACACTGT_025,130
ACGACGCAGATGGACACTGT_026,69
ACGACGCAGATGGACACTGT_027,144
ACGACGCAGATGGACACTGT_028,112
ACGACGCAGATGGACACTGT_029,175
ACGACGCAGATGGACACTGT_030,144
ACGACGCAGATGGACACTGT_031,76
ACGACGCAGATGGACACTGT_032,57
ACGACGCAGATGGACACTGT_033,77
ACGACGCAGATGGACACTGT_034,58
ACGACGCAGATGGACACTGT_035,60
ACGACGCAGATGGACACTGT_036,13
ACGACGCAGATGGACACTGT_037,130
ACGACGCAGATGGACACTGT_038,112
ACGACGCAGATGGACACTGT_039,176
ACGACGCAGATGGACACTGT_040,55
ACGACGCAGATGGACACTGT_041,76
ACGACGCAGATGGACACTGT_042,55
ACGACGCAGATGGACACTGT_043,97
ACGACGCAGATGGACACTGT_044,124
ACGACGCAGATGGACACTGT_045,48
ACGACGCAGATGGACACTGT_046,81
ACGACGCAGATGGACACTGT_047,9
AGAACCAGCTTGAACACACG_001,145
AGAACCAGCTTGAACACACG_002,184
AGAACCAGCTTGAACACACG_003,24
AGAACCAGCTTGAACACACG_004,59
AGAACCAGCTTGAACACACG_005,154
AGAACCAGCTTGAACACACG_006,149
AGAACCAGCTTGAACACACG_007,85
AGAACCAGCTTGAACACACG_008,19
AGAACCAGCTTGAACACACG_009,105
AGAACCAGCTTGAACACACG_010,83
AGAACCAGCTTGAACACACG_011,183
AGAACCAGCTTGAACACACG_012,49
AGAACCAGCTTGAACACACG_013,182
AGAACCAGCTTGAACACACG_014,48
AGAACCAGCTTGAACACACG_015,144
AGAACCAGCTTGAACACACG_016,23
AGAACCAGCTTGAACACACG_017,103
AGAACCAGCTTGAACACACG_018,20
GAGACTTACGTCGATGCCGT_001,186
GAGACTTACGTCGATGCCGT_002,142
GAGACTTACGTCGATGCCGT_003,145
GAGACTTACGTCGATGCCGT_004,63
GAGACTTACGTCGATGCCGT_005,172
GCTGAGGACTCTGCTAACGC_001,8
GCTGAGGACTCTGCTAACGC_002,145
GCTGAGGACTCTGCTAACGC_003,191
GCTGAGGACTCTGCTAACGC_004,135
GCTGAGGACTCTGCTAACGC_005,135
GCTGAGGACTCTGCTAACGC_006,98
TTCTGGCCAAAGATCTGGTG_001,172
TTCTGGCCAAAGATCTGGTG_002,184
TTCTGGCCAAAGATCTGGTG_003,79
TTCTGGCCAAAGATCTGGTG_004,150
TTCTGGCCAAAGATCTGGTG_005,94
TTGAGCAAACAGTCTCTCTG_001,193
TTGAGCAAACAGTCTCTCTG_002,102
TTGAGCAAACAGTCTCTCTG_003,35
TTGAGCAAACAGTCTCTCTG_004,172
TTGAGCAAACAGTCTCTCTG_005,60
TTGAGCAAACAGTCTCTCTG_006,155
TTGAGCAAACAGTCTCTCTG_007,80
TTGAGCAAACAGTCTCTCTG_008,20
TTGAGCAAACAGTCTCTCTG_009,174
TTGCCCGTGTCATTGTAGGT_001,17
TTGCCCGTGTCATTGTAGGT_002,11
TTGCCCGTGTCATTGTAGGT_003,185
TTGCCCGTGTCATTGTAGGT_004,2
TTGCCCGTGTCATTGTAGGT_005,146
TTGCCCGTGTCATTGTAGGT_006,60
TTGCCCGTGTCATTGTAGGT_007,105
TTGCCCGTGTCATTGTAGGT_008,93
TTGCCCGTGTCATTGTAGGT_009,127
TTGCCCGTGTCATTGTAGGT_010,150
TTGCCCGTGTCATTGTAGGT_011,8
TTGCCCGTGTCATTGTAGGT_012,125
TTGCCCGTGTCATTGTAGGT_013,184
TTGCCCGTGTCATTGTAGGT_014,100
TTGCCCGTGTCATTGTAGGT_015,63
TTGCCCGTGTCATTGTAGGT_016,19
AGAGGTAAGACTGGACCGCT_001,28
AGAGGTAAGACTGGACCGCT_002,137
AGAGGTAAGACTGGACCGCT_003,145
AGAGGTAAGACTGGACCGCT_004,130
AGAGGTAAGACTGGACCGCT_005,40
AGAGGTAAGACTGGACCGCT_006,145
AGAGGTAAGACTGGACCGCT_007,48
AGAGGTAAGACTGGACCGCT_008,83
CAACCCCAGTCACACCACTT_001,84
CAACCCCAGTCACACCACTT_002,51
CAACCCCAGTCACACCACTT_003,130
CAACCCCAGTCACACCACTT_004,104
CAACCCCAGTCACACCACTT_005,81
CAACCCCAGTCACACCACTT_006,176
CAACCCCAGTCACACCACTT_007,176
CAACCCCAGTCACACCACTT_008,70
CAACCCCAGTCACACCACTT_009,183
CAACCCCAGTCACACCACTT_010,153
CAACCCCAGTCACACCACTT_011,19
CAACCCCAGTCACACCACTT_012,149
CAACCCCAGTCACACCACTT_013,160
CAACCCCAGTCACACCACTT_014,40
CAACCCCAGTCACACCACTT_015,168
CAACCCCAGTCACACCACTT_016,98
CAACCCCAGTCACACCACTT_017,186
CAACCCCAGTCACACCACTT_018,151
CAACCCCAGTCACACCACTT_019,114
CAACCCCAGTCACACCACTT_020,45
CAACCCCAGTCACACCACTT_021,93
CAACCCCAGTCACACCACTT_022,58
CAACCCCAGTCACACCACTT_023,28
CAACCCCAGTCACACCACTT_024,166
CAACCCCAGTCACACCACTT_025,41
CAACCCCAGTCACACCACTT_026,2
GAGCAGCAGCACCGCGCCGT_001,144
GAGCAGCAGCACCGCGCCGT_002,149
GAGCAGCAGCACCGCGCCGT_003,43
GAGCAGCAGCACCGCGCCGT_004,122
GAGCAGCAGCACCGCGCCGT_005,157
GAGCAGCAGCACCGCGCCGT_006,191
GAGCAGCAGCACCGCGCCGT_007,69
GAGCAGCAGCACCGCGCCGT_008,80
GAGCAGCAGCACCGCGCCGT_009,146
GAGCAGCAGCACCGCGCCGT_010,1
GAGCAGCAGCACCGCGCCGT_011,199
GAGCAGCAGCACCGCGCCGT_012,130
TGTCTCGCGTGGCTGATCGG_001,28
TGTCTCGCGTGGCTGATCGG_002,115
TGTCTCGCGTGGCTGATCGG_003,8
TGTCTCGCGTGGCTGATCGG_004,150
TGTCTCGCGTGGCTGATCGG_005,121
TGTCTCGCGTGGCTGATCGG_006,6
TGTCTCGCGTGGCTGATCGG_007,149
TGTCTCGCGTGGCTGATCGG_008,83
TGTCTCGCGTGGCTGATCGG_009,155
TGTCTCGCGTGGCTGATCGG_010,149
GATGAGTAAGCGTGTCACCG_001,159
GATGAGTAAGCGTGTCACCG_002,29
GATGAGTAAGCGTGTCACCG_003,183
GATGAGTAAGCGTGTCACCG_004,16
GATGAGTAAGCGTGTCACCG_005,25
GATGAGTAAGCGTGTCACCG_006,186
GATGAGTAAGCGTGTCACCG_007,140
GATGAGTAAGCGTGTCACCG_008,53
GATGAGTAAGCGTGTCACCG_009,170
GATGAGTAAGCGTGTCACCG_010,198
GATGAGTAAGCGTGTCACCG_011,70
GATGAGTAAGCGTGTCACCG_012,141
GATGAGTAAGCGTGTCACCG_013,72
GATGAGTAAGCGTGTCACCG_014,121
GATGAGTAAGCGTGTCACCG_015,57
GATGAGTAAGCGTGTCACCG_016,175
GATGAGTAAGCGTGTCACCG_017,42
GATGAGTAAGCGTGTCACCG_018,163
GATGAGTAAGCGTGTCACCG_019,104
GATGAGTAAGCGTGTCACCG_020,98
GATGAGTAAGCGTGTCACCG_021,75
GATGAGTAAGCGTGTCACCG_022,172
GATGAGTAAGCGTGTCACCG_023,163
GATGAGTAAGCGTGTCACCG_024,195
GATGAGTAAGCGTGTCACCG_025,162
GATGAGTAAGCGTGTCACCG_026,86
GATGAGTAAGCGTGTCACCG_027,166
GATGAGTAAGCGTGTCACCG_028,199
CCCAAGGACCTGAGACACGA_001,196
CCCAAGGACCTGAGACACGA_002,63
CCCAAGGACCTGAGACACGA_003,129
CCCAAGGACCTGAGACACGA_004,191
CCCAAGGACCTGAGACACGA_005,130
CCCAAGGACCTGAGACACGA_006,76
CCCAAGGACCTGAGACACGA_007,106
CCCAAGGACCTGAGACACGA_008,69
CCCAAGGACCTGAGACACGA_009,175
CCCAAGGACCTGAGACACGA_010,35
CCCAAGGACCTGAGACACGA_011,19
CCCAAGGACCTGAGACACGA_012,20
CCCAAGGACCTGAGACACGA_013,124
CCCAAGGACCTGAGACACGA_014,28
CCCAAGGACCTGAGACACGA_015,24
TTCAGCTTCTCTAAACTCCA_001,80
TTCAGCTTCTCTAAACTCCA_002,147
TTCAGCTTCTCTAAACTCCA_003,98
TTCAGCTTCTCTAAACTCCA_004,92
TTCAGCTTCTCTAAACTCCA_005,6
TTCAGCTTCTCTAAACTCCA_006,23
TTCAGCTTCTCTAAACTCCA_007,28
TTCAGCTTCTCTAAACTCCA_008,101
TCAGGTCGAATGTGTTGACG_001,129
TCAGGTCGAATGTGTTGACG_002,170
TCAGGTCGAATGTGTTGACG_003,142
TCAGGTCGAATGTGTTGACG_004,27
CACAGAAGAAGAATTATGAG_001,178
CACAGAAGAAGAATTATGAG_002,155
CACAGAAGAAGAATTATGAG_003,105
CACAGAAGAAGAATTATGAG_004,102
CACAGAAGAAGAATTATGAG_005,195
CACAGAAGAAGAATTATGAG_006,78
CGATGAAAAAGAACGACGCG_001,103
CGATGAAAAAGAACGACGCG_002,188
CGATGAAAAAGAACGACGCG_003,49
CGATGAAAAAGAACGACGCG_004,26
CGATGAAAAAGAACGACGCG_005,104
CGATGAAAAAGAACGACGCG_006,148
CGATGAAAAAGAACGACGCG_007,1
CGATGAAAAAGAACGACGCG_008,58
CGATGAAAAAGAACGACGCG_009,170
CGATGAAAAAGAACGACGCG_010,43
CGATGAAAAAGAACGACGCG_011,124
CAGCGTGGAGTAGTGCAAGG_001,137
CAGCGTGGAGTAGTGCAAGG_002,82
CAGCGTGGAGTAGTGCAAGG_003,25
CAGCGTGGAGTAGTGCAAGG_004,42
CAGCGTGGAGTAGTGCAAGG_005,175
CAGCGTGGAGTAGTGCAAGG_006,171
CAGCGTGGAGTAGTGCAAGG_007,175
CAGCGTGGAGTAGTGCAAGG_008,199
CAGCGTGGAGTAGTGCAAGG_009,140
CAGCGTGGAGTAGTGCAAGG_010,60
CAGCGTGGAGTAGTGCAAGG_011,105
CAGCGTGGAGTAGTGCAAGG_012,78
CAGCGTGGAGTAGTGCAAGG_013,27
CAGCGTGGAGTAGTGCAAGG_014,53
CAGCGTGGAGTAGTGCAAGG_015,43
GAGGAGGAAGCGCCTCCCTG_001,84
GAGGAGGAAGCGCCTCCCTG_002,157
GAGGAGGAAGCGCCTCCCTG_003,73
GAGGAGGAAGCGCCTCCCTG_004,177
GAGGAGGAAGCGCCTCCCTG_005,127
GAGGAGGAAGCGCCTCCCTG_006,193
GAGGAGGAAGCGCCTCCCTG_007,149
GAGGAGGAAGCGCCTCCCTG_008,87
GAGGAGGAAGCGCCTCCCTG_009,163
GAGGAGGAAGCGCCTCCCTG_010,103
GAGGAGGAAGCGCCTCCCTG_011,150
GAGGAGGAAGCGCCTCCCTG_012,13
GAGGAGGAAGCGCCTCCCTG_013,125
GAGGAGGAAGCGCCTCCCTG_014,123
TTACGCATTCCATCGTGCGG_001,140
CGGTTGAGCACAGCATATCG_001,185
CGGTTGAGCACAGCATATCG_002,191
CGGTTGAGCACAGCATATCG_003,162
CGGTTGAGCACAGCATATCG_004,42
CGGTTGAGCACAGCATATCG_005,30
CGGTTGAGCACAGCATATCG_006,58
CGGTTGAGCACAGCATATCG_007,123
CGGTTGAGCACAGCATATCG_008,127
CGGTTGAGCACAGCATATCG_009,155
CGGTTGAGCACAGCATATCG_010,87
CGGTTGAGCACAGCATATCG_011,159
CGGTTGAGCACAGCATATCG_012,26
CGGTTGAGCACAGCATATCG_013,119
CGGTTGAGCACAGCATATCG_014,94
CGGTTGAGCACAGCATATCG_015,43
CGGTTGAGCACAGCATATCG_016,76
CGGTTGAGCACAGCATATCG_017,98
CGGTTGAGCACAGCATATCG_018,62
CGGTTGAGCACAGCATATCG_019,180
ACACCTATGAAGACCAGCAG_001,145
ACACCTATGAAGACCAGCAG_002,94
ACACCTATGAAGACCAGCAG_003,22
ACACCTATGAAGACCAGCAG_004,147
ACACCTATGAAGACCAGCAG_005,69
ACACCTATGAAGACCAGCAG_006,103
ACACCTATGAAGACCAGCAG_007,168
ACACCTATGAAGACCAGCAG_008,93
ACACCTATGAAGACCAGCAG_009,111
ACACCTATGAAGACCAGCAG_010,52
GGGCTTGTTACCTCCACGCG_001,54
GGGCTTGTTACCTCCACGCG_002,78
GGGCTTGTTACCTCCACGCG_003,169
GGGCTTGTTACCTCCACGCG_004,182
GGGCTTGTTACCTCCACGCG_005,102
GGGCTTGTTACCTCCACGCG_006,198
GGGCTTGTTACCTCCACGCG_007,78
GGGCTTGTTACCTCCACGCG_008,172
GGGCTTGTTACCTCCACGCG_009,76
GGGCTTGTTACCTCCACGCG_010,176
TCTGCAGGCCGGCGTACCAG_001,11
TCTGCAGGCCGGCGTACCAG_002,176
TCTGCAGGCCGGCGTACCAG_003,42
TCTGCAGGCCGGCGTACCAG_004,126
TCTGCAGGCCGGCGTACCAG_005,107
TCTGCAGGCCGGCGTACCAG_006,88
TCTGCAGGCCGGCGTACCAG_007,38
TCTGCAGGCCGGCGTACCAG_008,158
TCTGCAGGCCGGCGTACCAG_009,184
TCTGCAGGCCGGCGTACCAG_010,115
TCTGCAGGCCGGCGTACCAG_011,48
GGTAGCTGAGGAACTCACGC_001,9
GGTAGCTGAGGAACTCACGC_002,157
GGTAGCTGAGGAACTCACGC_003,53
GGTAGCTGAGGAACTCACGC_004,12
GGTAGCTGAGGAACTCACGC_005,162
GGTAGCTGAGGAACTCACGC_006,103
GGTAGCTGAGGAACTCACGC_007,47
GGTAGCTGAGGAACTCACGC_008,115
GGTAGCTGAGGAACTCACGC_009,134
TCGTGATTCAACTATTGCAG_001,127
TTAATGGGGGAAATGTACAG_001,77
TTAATGGGGGAAATGTACAG_002,77
TTAATGGGGGAAATGTACAG_003,70
TTAATGGGGGAAATGTACAG_004,60
TTAATGGGGGAAATGTACAG_005,102
TTAATGGGGGAAATGTACAG_006,121
TTAATGGGGGAAATGTACAG_007,98
TTAATGGGGGAAATGTACAG_008,9
TTAATGGGGGAAATGTACAG_009,41
TTAATGGGGGAAATGTACAG_010,160
TTAATGGGGGAAATGTACAG_011,110
TTAATGGGGGAAATGTACAG_012,187
TTAATGGGGGAAATGTACAG_013,7
TTAATGGGGGAAATGTACAG_014,76
TTAATGGGGGAAATGTACAG_015,48
TTAATGGGGGAAATGTACAG_016,194
TTAATGGGGGAAATGTACAG_017,189
TTAATGGGGGAAATGTACAG_018,181
TTAATGGGGGAAATGTACAG_019,38
TTAATGGGGGAAATGTACAG_020,19
TTAATGGGGGAAATGTACAG_021,17
TTAATGGGGGAAATGTACAG_022,6
GCGACCCGGGCACATCAACG_001,127
GCGACCCGGGCACATCAACG_002,12
GCGACCCGGGCACATCAACG_003,175
GCGACCCGGGCACATCAACG_004,9
GCGACCCGGGCACATCAACG_005,4
GCGACCCGGGCACATCAACG_006,49
GCGACCCGGGCACATCAACG_007,62
GCGACCCGGGCACATCAACG_008,172
GCGACCCGGGCACATCAACG_009,170
GCGACCCGGGCACATCAACG_010,191
GCGACCCGGGCACATCAACG_011,183
GCGACCCGGGCACATCAACG_012,54
GCGACCCGGGCACATCAACG_013,69
GCGACCCGGGCACATCAACG_014,102
GCGACCCGGGCACATCAACG_015,81
GCGACCCGGGCACATCAACG_016,68
GCGACCCGGGCACATCAACG_017,94
GCGACCCGGGCACATCAACG_018,106
GCGACCCGGGCACATCAACG_019,175
GCGACCCGGGCACATCAACG_020,149
GCGACCCGGGCACATCAACG_021,80
GCGACCCGGGCACATCAACG_022,63
GCGACCCGGGCACATCAACG_023,77
GCGACCCGGGCACATCAACG_024,102
GCGACCCGGGCACATCAACG_025,177
GCGACCCGGGCACATCAACG_026,121
GCGACCCGGGCACATCAACG_027,159
GCGACCCGGGCACATCAACG_028,141
GCGACCCGGGCACATCAACG_029,33
GCGACCCGGGCACATCAACG_030,43
AGAACAGCCTAAAGCAACAG_001,56
AGAACAGCCTAAAGCAACAG_002,65
AGAACAGCCTAAAGCAACAG_003,199
AGAACAGCCTAAAGCAACAG_004,1
AGAACAGCCTAAAGCAACAG_005,70
AGAACAGCCTAAAGCAACAG_006,178
GAGGGACGAGATGTTAACCA_001,168
GAGGGACGAGATGTTAACCA_002,166
GAGGGACGAGATGTTAACCA_003,34
GAGGGACGAGATGTTAACCA_004,44
GAGGGACGAGATGTTAACCA_005,32
GAGGGACGAGATGTTAACCA_006,61
GAGGGACGAGATGTTAACCA_007,134
GAGGGACGAGATGTTAACCA_008,114
GAGGGACGAGATGTTAACCA_009,95
GAGGGACGAGATGTTAACCA_010,193
CCAGAACCACAACAACTGGG_001,94
CCAGAACCACAACAACTGGG_002,4
CCAGAACCACAACAACTGGG_003,62
CCAGAACCACAACAACTGGG_004,183
CCAGAACCACAACAACTGGG_005,166
CCAGAACCACAACAACTGGG_006,175
CCAGAACCACAACAACTGGG_007,158
CCAGAACCACAACAACTGGG_008,67
CCAGAACCACAACAACTGGG_009,150
CCAGAACCACAACAACTGGG_010,144
CCAGAACCACAACAACTGGG_011,184
CCAGAACCACAACAACTGGG_012,127
CCAGAACCACAACAACTGGG_013,102
CCAGAACCACAACAACTGGG_014,126
CCAGAACCACAACAACTGGG_015,35
CCAGAACCACAACAACTGGG_016,119
CCAGAACCACAACAACTGGG_017,43
CCAGAACCACAACAACTGGG_018,30
GGTTAGAAGCTGATACAACA_001,175
GGTTAGAAGCTGATACAACA_002,4
GGTTAGAAGCTGATACAACA_003,38
GAGGATAACACGCATTGCGG_001,105
GAGGATAACACGCATTGCGG_002,42
GAGGATAACACGCATTGCGG_003,37
AGGCTGCAAGCAACATAGCG_001,157
AGGCTGCAAGCAACATAGCG_002,105
AGGCTGCAAGCAACATAGCG_003,199
AGGCTGCAAGCAACATAGCG_004,32
AGGCTGCAAGCAACATAGCG_005,129
AGGCTGCAAGCAACATAGCG_006,0
AGGCTGCAAGCAACATAGCG_007,167
AGGCTGCAAGCAACATAGCG_008,84
AGGCTGCAAGCAACATAGCG_009,94
AGGCTGCAAGCAACATAGCG_010,177
TGAGCAGGTCCTTACCACTG_001,8
TGAGCAGGTCCTTACCACTG_002,188
TGAGCAGGTCCTTACCACTG_003,4
TGAGCAGGTCCTTACCACTG_004,130
TGAGCAGGTCCTTACCACTG_005,43
TGAGCAGGTCCTTACCACTG_006,127
TGAGCAGGTCCTTACCACTG_007,67
TGAGCAGGTCCTTACCACTG_008,9
TGAGCAGGTCCTTACCACTG_009,81
TGAGCAGGTCCTTACCACTG_010,168
TGCTGCATTGGTGACTACCA_001,61
TGCTGCATTGGTGACTACCA_002,34
TGCTGCATTGGTGACTACCA_003,83
TGCTGCATTGGTGACTACCA_004,88
TGCTGCATTGGTGACTACCA_005,98
TGCTGCATTGGTGACTACCA_006,17
TGCTGCATTGGTGACTACCA_007,150
TGCTGCATTGGTGACTACCA_008,147
TGCTGCATTGGTGACTACCA_009,176
TGCTGCATTGGTGACTACCA_010,14
CAACGCGGGTACGATGTCCG_001,45
CAACGCGGGTACGATGTCCG_002,112
CAACGCGGGTACGATGTCCG_003,127
CAACGCGGGTACGATGTCCG_004,189
CAACGCGGGTACGATGTCCG_005,146
CAACGCGGGTACGATGTCCG_006,126
CAACGCGGGTACGATGTCCG_007,44
AAATCGAAGCAGAAATCTAA_001,142
AAATCGAAGCAGAAATCTAA_002,150
AAATCGAAGCAGAAATCTAA_003,51
AAATCGAAGCAGAAATCTAA_004,68
AAATCGAAGCAGAAATCTAA_005,140
AAATCGAAGCAGAAATCTAA_006,124
AAATCGAAGCAGAAATCTAA_007,188
TGGGGCCAAAGGAGCCATTG_001,128
TGGGGCCAAAGGAGCCATTG_002,100
TGGGGCCAAAGGAGCCATTG_003,147
TGGGGCCAAAGGAGCCATTG_004,162
GATGGAACTGACGCTAGGCA_001,129
GATGGAACTGACGCTAGGCA_002,30
GATGGAACTGACGCTAGGCA_003,114
GATGGAACTGACGCTAGGCA_004,70
GATGGAACTGACGCTAGGCA_005,149
GATGGAACTGACGCTAGGCA_006,149
CTTTCTTTACAGAGAAACAC_001,199
CTTTCTTTACAGAGAAACAC_002,2
CTTTCTTTACAGAGAAACAC_003,105
CTTTCTTTACAGAGAAACAC_004,149
CTTTCTTTACAGAGAAACAC_005,171
AGGGAGGAAAAACGCCCGTA_001,78
AGGGAGGAAAAACGCCCGTA_002,9
AGGGAGGAAAAACGCCCGTA_003,81
AGGGAGGAAAAACGCCCGTA_004,177
AGGGAGGAAAAACGCCCGTA_005,50
AGGGAGGAAAAACGCCCGTA_006,153
AGGGAGGAAAAACGCCCGTA_007,172
AGGGAGGAAAAACGCCCGTA_008,183
AGGGAGGAAAAACGCCCGTA_009,62
AGGGAGGAAAAACGCCCGTA_010,10
AGGGAGGAAAAACGCCCGTA_011,50
CCACCGAAGAACTTCAGCCG_001,50
CCACCGAAGAACTTCAGCCG_002,139
CCACCGAAGAACTTCAGCCG_003,12
CCACCGAAGAACTTCAGCCG_004,127
CCACCGAAGAACTTCAGCCG_005,34
CCACCGAAGAACTTCAGCCG_006,184
GAAGACGTACTCCCACGGGG_001,77
GAAGACGTACTCCCACGGGG_002,94
GAAGACGTACTCCCACGGGG_003,191
GAAGACGTACTCCCACGGGG_004,41
GAAGACGTACTCCCACGGGG_005,131
GAAGACGTACTCCCACGGGG_006,135
GAAGACGTACTCCCACGGGG_007,52
GAAGACGTACTCCCACGGGG_008,147
GAAGACGTACTCCCACGGGG_009,166
GAAGACGTACTCCCACGGGG_010,61
GAAGACGTACTCCCACGGGG_011,47
TCACCTAGAGGATATAACAT_001,19
TCACCTAGAGGATATAACAT_002,63
TCACCTAGAGGATATAACAT_003,148
TCACCTAGAGGATATAACAT_004,28
TTCTTTACAGACCCACGACA_001,88
TTCTTTACAGACCCACGACA_002,2
TTCTTTACAGACCCACGACA_003,197
TTCTTTACAGACCCACGACA_004,28
TCGGAGCCCATCTCGCGTAG_001,185
TCGGAGCCCATCTCGCGTAG_002,76
TCGGAGCCCATCTCGCGTAG_003,9
GAGGCCTCGAATGTACAGGT_001,41
GAGGCCTCGAATGTACAGGT_002,137
GAGGCCTCGAATGTACAGGT_003,49
GAGGCCTCGAATGTACAGGT_004,140
GAGGCCTCGAATGTACAGGT_005,185
GAGGCCTCGAATGTACAGGT_006,192
GAGGCCTCGAATGTACAGGT_007,55
GAGGCCTCGAATGTACAGGT_008,130
GAGGCCTCGAATGTACAGGT_009,68
GAGGCCTCGAATGTACAGGT_010,48
GAGGCCTCGAATGTACAGGT_011,158
GAGGCCTCGAATGTACAGGT_012,61
GAGGCCTCGAATGTACAGGT_013,105
GAGGCCTCGAATGTACAGGT_014,4
GAGGCCTCGAATGTACAGGT_015,197
GAGGCCTCGAATGTACAGGT_016,146
GAGGCCTCGAATGTACAGGT_017,154
GAGGCCTCGAATGTACAGGT_018,199
GAGGCCTCGAATGTACAGGT_019,78
GAGGCCTCGAATGTACAGGT_020,74
ATCAGGTCCTGCATCCGGGG_001,55
CACTTCCAGACACATATCCG_001,107
CACTTCCAGACACATATCCG_002,115
CACTTCCAGACACATATCCG_003,169
CACTTCCAGACACATATCCG_004,61
CACTTCCAGACACATATCCG_005,9
CACTTCCAGACACATATCCG_006,119
CACTTCCAGACACATATCCG_007,177
CACTTCCAGACACATATCCG_008,49
CACTTCCAGACACATATCCG_009,69
CACTTCCAGACACATATCCG_010,44
CACTTCCAGACACATATCCG_011,101
CACTTCCAGACACATATCCG_012,38
CACTTCCAGACACATATCCG_013,13
CACTTCCAGACACATATCCG_014,168
CACTTCCAGACACATATCCG_015,81
CACTTCCAGACACATATCCG_016,177
CACTTCCAGACACATATCCG_017,72
CACTTCCAGACACATATCCG_018,82
CACTTCCAGACACATATCCG_019,123
CACTTCCAGACACATATCCG_020,3
AGGGTCCGAAGGACGTCGAA_001,137
AGGGTCCGAAGGACGTCGAA_002,6
AGGGTCCGAAGGACGTCGAA_003,187
AGGGTCCGAAGGACGTCGAA_004,40
AGGGTCCGAAGGACGTCGAA_005,199
AGGGTCCGAAGGACGTCGAA_006,165
AGGGTCCGAAGGACGTCGAA_007,49
AGGGTCCGAAGGACGTCGAA_008,127
AGGGTCCGAAGGACGTCGAA_009,160
AGGGTCCGAAGGACGTCGAA_010,136
AGGGTCCGAAGGACGTCGAA_011,25
AGGGTCCGAAGGACGTCGAA_012,70
AGGGTCCGAAGGACGTCGAA_013,101
AGGGTCCGAAGGACGTCGAA_014,150
AGGGTCCGAAGGACGTCGAA_015,163
TGGGTACAGCCTGTATGATG_001,111
TGGGTACAGCCTGTATGATG_002,87
TGGGTACAGCCTGTATGATG_003,96
TGGGTACAGCCTGTATGATG_004,103
TGGGTACAGCCTGTATGATG_005,23
TGGGTACAGCCTGTATGATG_006,32
TGGGTACAGCCTGTATGATG_007,155
TGGGTACAGCCTGTATGATG_008,94
AAGGGGAACGTTATAAAGAG_001,31
AAGGGGAACGTTATAAAGAG_002,141
AAGGGGAACGTTATAAAGAG_003,63
AAGGGGAACGTTATAAAGAG_004,81
AAGGGGAACGTTATAAAGAG_005,25
AAGGGGAACGTTATAAAGAG_006,81
AAGGGGAACGTTATAAAGAG_007,43
ACTATTAAGACCATGTTGGA_001,144
ACTATTAAGACCATGTTGGA_002,61
ACTATTAAGACCATGTTGGA_003,153
ACTATTAAGACCATGTTGGA_004,181
ACTATTAAGACCATGTTGGA_005,144
ACTATTAAGACCATGTTGGA_006,163
ACTATTAAGACCATGTTGGA_007,181
ACTATTAAGACCATGTTGGA_008,51
GTCTTCCAGTAAGCACACTA_001,137
GTCTTCCAGTAAGCACACTA_002,188
GTCTTCCAGTAAGCACACTA_003,166
GTCTTCCAGTAAGCACACTA_004,92
GTCTTCCAGTAAGCACACTA_005,160
GTCTTCCAGTAAGCACACTA_006,140
GTCTTCCAGTAAGCACACTA_007,118
GTCTTCCAGTAAGCACACTA_008,6
GTCTTCCAGTAAGCACACTA_009,126
AAGCGATAACACTTGTCCTG_001,11
AAGCGATAACACTTGTCCTG_002,89
ATTTGCACGGGCCAAGAACT_001,104
ATTTGCACGGGCCAAGAACT_002,168
ATTTGCACGGGCCAAGAACT_003,58
ATTTGCACGGGCCAAGAACT_004,29
CTAGTAAAAATGATCTCACG_001,113
CTAGTAAAAATGATCTCACG_002,27
CTAGTAAAAATGATCTCACG_003,23
CTAGTAAAAATGATCTCACG_004,158
CTAGTAAAAATGATCTCACG_005,34
TGATGGTCCCAATCTAGAGG_001,94
TGATGGTCCCAATCTAGAGG_002,97
TGATGGTCCCAATCTAGAGG_003,12
TGATGGTCCCAATCTAGAGG_004,127
AACAAAGAAACATGTCAGCA_001,60
AACAAAGAAACATGTCAGCA_002,60
AACAAAGAAACATGTCAGCA_003,188
AACAAAGAAACATGTCAGCA_004,23
AACAAAGAAACATGTCAGCA_005,141
AACAAAGAAACATGTCAGCA_006,91
AACAAAGAAACATGTCAGCA_007,104
AACAAAGAAACATGTCAGCA_008,133
AACAAAGAAACATGTCAGCA_009,15
CCGTTGGACTATGGCGGGTC_001,77
CCGTTGGACTATGGCGGGTC_002,9
CCGTTGGACTATGGCGGGTC_003,56
CCGTTGGACTATGGCGGGTC_004,141
CCGTTGGACTATGGCGGGTC_005,162
CCGTTGGACTATGGCGGGTC_006,19
CAACCGGTAATAGGTGACTG_001,77
CAACCGGTAATAGGTGACTG_002,87
CAACCGGTAATAGGTGACTG_003,100
CAACCGGTAATAGGTGACTG_004,151
CAACCGGTAATAGGTGACTG_005,166
CAACCGGTAATAGGTGACTG_006,68
CAACCGGTAATAGGTGACTG_007,168
CAACCGGTAATAGGTGACTG_008,182
CAACCGGTAATAGGTGACTG_009,51
CAACCGGTAATAGGTGACTG_010,157
CAACCGGTAATAGGTGACTG_011,80
CAACCGGTAATAGGTGACTG_012,96
CAACCGGTAATAGGTGACTG_013,121
CAACCGGTAATAGGTGACTG_014,62
CAACCGGTAATAGGTGACTG_015,96
CAACCGGTAATAGGTGACTG_016,124
CAACCGGTAATAGGTGACTG_017,1
CAACCGGTAATAGGTGACTG_018,63
CAACCGGTAATAGGTGACTG_019,130
TTTGATTGGCTAGAAACTGG_001,70
TTTGATTGGCTAGAAACTGG_002,78
CACGTAGTCCCCGAACCCAA_001,1
CACGTAGTCCCCGAACCCAA_002,170
CACGTAGTCCCCGAACCCAA_003,146
CACGTAGTCCCCGAACCCAA_004,2
CACGTAGTCCCCGAACCCAA_005,14
CACGTAGTCCCCGAACCCAA_006,86
CACGTAGTCCCCGAACCCAA_007,168
CACGTAGTCCCCGAACCCAA_008,147
CACGTAGTCCCCGAACCCAA_009,78
CACGTAGTCCCCGAACCCAA_010,19
CACGTAGTCCCCGAACCCAA_011,113
CACGTAGTCCCCGAACCCAA_012,193
CACGTAGTCCCCGAACCCAA_013,175
CACGTAGTCCCCGAACCCAA_014,134
CACGTAGTCCCCGAACCCAA_015,152
CACGTAGTCCCCGAACCCAA_016,158
CACGTAGTCCCCGAACCCAA_017,96
TGAGTGATGACAGTTTGGAA_001,80
TGAGTGATGACAGTTTGGAA_002,176
TGAGTGATGACAGTTTGGAA_003,118
TGAGTGATGACAGTTTGGAA_004,131
TGAGTGATGACAGTTTGGAA_005,152
AGACCCACAAGAATTGCAGA_001,75
AGACCCACAAGAATTGCAGA_002,82
AGACCCACAAGAATTGCAGA_003,77
AGACCCACAAGAATTGCAGA_004,147
AGACCCACAAGAATTGCAGA_005,144
AGACCCACAAGAATTGCAGA_006,153
AGACCCACAAGAATTGCAGA_007,11
TCGGGGCTGTGATAGACCAA_001,0
TCGGGGCTGTGATAGACCAA_002,69
TCGGGGCTGTGATAGACCAA_003,133
TCGGGGCTGTGATAGACCAA_004,146
TCGGGGCTGTGATAGACCAA_005,16
TCGGGGCTGTGATAGACCAA_006,63
TCGGGGCTGTGATAGACCAA_007,23
TCGGGGCTGTGATAGACCAA_008,94
TCGGGGCTGTGATAGACCAA_009,1
TCGGGGCTGTGATAGACCAA_010,82
TCGGGGCTGTGATAGACCAA_011,108
TCGGGGCTGTGATAGACCAA_012,125
TCGGGGCTGTGATAGACCAA_013,106
TCGGGGCTGTGATAGACCAA_014,56
GGTGGTGAAGAATTGCTTCG_001,35
GGTGGTGAAGAATTGCTTCG_002,17
GGTGGTGAAGAATTGCTTCG_003,94
GGTGGTGAAGAATTGCTTCG_004,149
GGTGGTGAAGAATTGCTTCG_005,102
GGTGGTGAAGAATTGCTTCG_006,168
GTACCTACATGTCCACCGGG_001,130
GTACCTACATGTCCACCGGG_002,158
GTACCTACATGTCCACCGGG_003,1
GTACCTACATGTCCACCGGG_004,98
TCTGACAACATCTTTCGAGG_001,40
TAGAGAGACTCACCCCGATG_001,76
TAGAGAGACTCACCCCGATG_002,146
TAGAGAGACTCACCCCGATG_003,41
TAGAGAGACTCACCCCGATG_004,49
TAGAGAGACTCACCCCGATG_005,33
TAGAGAGACTCACCCCGATG_006,82
TAGAGAGACTCACCCCGATG_007,79
TAGAGAGACTCACCCCGATG_008,144
TAGAGAGACTCACCCCGATG_009,161
TAGAGAGACTCACCCCGATG_010,65
TAGAGAGACTCACCCCGATG_011,48
TAGAGAGACTCACCCCGATG_012,113
TAGAGAGACTCACCCCGATG_013,158
GCAGAAAATGCAAAACAAAG_001,142
GCAGAAAATGCAAAACAAAG_002,20
GGTGCTCGAGTACCTCTACA_001,156
GGTGCTCGAGTACCTCTACA_002,92
ATTACCAGCAAGTACCGTCA_001,76
ATTACCAGCAAGTACCGTCA_002,184
ATTACCAGCAAGTACCGTCA_003,53
ATTACCAGCAAGTACCGTCA_004,115
ATTACCAGCAAGTACCGTCA_005,46
ATTACCAGCAAGTACCGTCA_006,84
ATTACCAGCAAGTACCGTCA_007,98
ATTACCAGCAAGTACCGTCA_008,42
ATTACCAGCAAGTACCGTCA_009,141
ATTACCAGCAAGTACCGTCA_010,142
ATTACCAGCAAGTACCGTCA_011,14
ATTACCAGCAAGTACCGTCA_012,14
ATTACCAGCAAGTACCGTCA_013,94
ATTACCAGCAAGTACCGTCA_014,19
ATTACCAGCAAGTACCGTCA_015,88
ATTACCAGCAAGTACCGTCA_016,81
ATTACCAGCAAGTACCGTCA_017,172
ATTACCAGCAAGTACCGTCA_018,11
ATTACCAGCAAGTACCGTCA_019,80
ATTACCAGCAAGTACCGTCA_020,161
ATTACCAGCAAGTACCGTCA_021,112
ATTACCAGCAAGTACCGTCA_022,197
ATTACCAGCAAGTACCGTCA_023,50
ATTACCAGCAAGTACCGTCA_024,59
ATTACCAGCAAGTACCGTCA_025,67
ATTACCAGCAAGTACCGTCA_026,103
ATTACCAGCAAGTACCGTCA_027,116
ATTACCAGCAAGTACCGTCA_028,53
ATTACCAGCAAGTACCGTCA_029,62
ATTACCAGCAAGTACCGTCA_030,124
ATTACCAGCAAGTACCGTCA_031,175
ATTACCAGCAAGTACCGTCA_032,121
ATTACCAGCAAGTACCGTCA_033,144
ATTACCAGCAAGTACCGTCA_034,10
ATTACCAGCAAGTACCGTCA_035,144
CTGTTAGTAATTGCCGCAGG_001,175
CTGTTAGTAATTGCCGCAGG_002,34
CTGTTAGTAATTGCCGCAGG_003,188
CTGTTAGTAATTGCCGCAGG_004,58
CTGTTAGTAATTGCCGCAGG_005,174
CTGTTAGTAATTGCCGCAGG_006,162
CTGTTAGTAATTGCCGCAGG_007,147
CTGTTAGTAATTGCCGCAGG_008,189
CTGTTAGTAATTGCCGCAGG_009,75
CGACGGACTAGTGCCCCCCG_001,195
CGACGGACTAGTGCCCCCCG_002,93
CGACGGACTAGTGCCCCCCG_003,33
CGACGGACTAGTGCCCCCCG_004,111
CGACGGACTAGTGCCCCCCG_005,14
CGACGGACTAGTGCCCCCCG_006,169
CGACGGACTAGTGCCCCCCG_007,195
CGACGGACTAGTGCCCCCCG_008,31
CGACGGACTAGTGCCCCCCG_009,31
CGACGGACTAGTGCCCCCCG_010,95
CGACGGACTAGTGCCCCCCG_011,197
CGACGGACTAGTGCCCCCCG_012,16
CGACGGACTAGTGCCCCCCG_013,176
CTTCCATTAAGTCAAGTGAG_001,45
CTTCCATTAAGTCAAGTGAG_002,12
CTTCCATTAAGTCAAGTGAG_003,183
CTTCCATTAAGTCAAGTGAG_004,145
CTTCCATTAAGTCAAGTGAG_005,16
CTTCCATTAAGTCAAGTGAG_006,190
CTTCCATTAAGTCAAGTGAG_007,3
CTTCCATTAAGTCAAGTGAG_008,0
CTTCCATTAAGTCAAGTGAG_009,94
CTTCCATTAAGTCAAGTGAG_010,120
CTTCCATTAAGTCAAGTGAG_011,50
AGAAGGATAAGCGTTCTGTG_001,175
AGAAGGATAAGCGTTCTGTG_002,81
AGAAGGATAAGCGTTCTGTG_003,40
AGAAGGATAAGCGTTCTGTG_004,189
AGAAGGATAAGCGTTCTGTG_005,142
AGAAGGATAAGCGTTCTGTG_006,106
AGAAGGATAAGCGTTCTGTG_007,197
AGAAGGATAAGCGTTCTGTG_008,142
AGAAGGATAAGCGTTCTGTG_009,32
AGAAGGATAAGCGTTCTGTG_010,41
AGAAGGATAAGCGTTCTGTG_011,115
AGAAGGATAAGCGTTCTGTG_012,70
CCGAGGCCCGAGTCACGAAG_001,137
CCGAGGCCCGAGTCACGAAG_002,1
CCGAGGCCCGAGTCACGAAG_003,48
CCGAGGCCCGAGTCACGAAG_004,95
CCGAGGCCCGAGTCACGAAG_005,172
CCGAGGCCCGAGTCACGAAG_006,141
CCGAGGCCCGAGTCACGAAG_007,185
CCGAGGCCCGAGTCACGAAG_008,9
CCGAGGCCCGAGTCACGAAG_009,76
CCGAGGCCCGAGTCACGAAG_010,130
CCGAGGCCCGAGTCACGAAG_011,76
CCGAGGCCCGAGTCACGAAG_012,6
GGGCTTCAACAAGCTAGCTG_001,70
GGGCTTCAACAAGCTAGCTG_002,78
GGGCTTCAACAAGCTAGCTG_003,12
GGGCTTCAACAAGCTAGCTG_004,127
GGGCTTCAACAAGCTAGCTG_005,4
GGGCTTCAACAAGCTAGCTG_006,150
GCAGAATGCCCTCTACACCG_001,194
GCAGAATGCCCTCTACACCG_002,68
GCAGAATGCCCTCTACACCG_003,192
GCAGAATGCCCTCTACACCG_004,2
GCAGAATGCCCTCTACACCG_005,147
GCAGAATGCCCTCTACACCG_006,7
AAAAGAAACTCTCGCCTGGT_001,60
AAAAGAAACTCTCGCCTGGT_002,60
AAAAGAAACTCTCGCCTGGT_003,60
AAAAGAAACTCTCGCCTGGT_004,199
AAAAGAAACTCTCGCCTGGT_005,166
TTACTAATAATGGTGCTGTG_001,181
TTACTAATAATGGTGCTGTG_002,6
TTACTAATAATGGTGCTGTG_003,126
TTACTAATAATGGTGCTGTG_004,76
CTTCTGAAACATCCAAACAT_001,194
CTTCTGAAACATCCAAACAT_002,53
TAACCAACTATAGTACCAGG_001,161
TAACCAACTATAGTACCAGG_002,48
TGGAACAAAGCATAGGCACT_001,127
TGGAACAAAGCATAGGCACT_002,103
TGGAACAAAGCATAGGCACT_003,1
TGGAACAAAGCATAGGCACT_004,145
TGGAACAAAGCATAGGCACT_005,180
TGGAACAAAGCATAGGCACT_006,33
TGGAACAAAGCATAGGCACT_007,47
TGGAACAAAGCATAGGCACT_008,36
TGGAACAAAGCATAGGCACT_009,81
TGGAACAAAGCATAGGCACT_010,170
TGGAACAAAGCATAGGCACT_011,114
ATGCAAGCTTCTATGCAGGG_001,44
ATGCAAGCTTCTATGCAGGG_002,45
ATGCAAGCTTCTATGCAGGG_003,56
ATGCAAGCTTCTATGCAGGG_004,88
ATGCAAGCTTCTATGCAGGG_005,184
ATGCAAGCTTCTATGCAGGG_006,139
ATGCAAGCTTCTATGCAGGG_007,63
ATGCAAGCTTCTATGCAGGG_008,80
ATGCAAGCTTCTATGCAGGG_009,103
ATGCAAGCTTCTATGCAGGG_010,155
ATGCAAGCTTCTATGCAGGG_011,27
ATGCAAGCTTCTATGCAGGG_012,116
CAGATACTGGAGCAACTACG_001,56
CAGATACTGGAGCAACTACG_002,47
CAGATACTGGAGCAACTACG_003,70
CAGATACTGGAGCAACTACG_004,177
CAGATACTGGAGCAACTACG_005,144
ACTTCTTCTCCTCAAAGACA_001,61
ACTTCTTCTCCTCAAAGACA_002,50
ACTTCTTCTCCTCAAAGACA_003,175
ACTTCTTCTCCTCAAAGACA_004,12
ACTTCTTCTCCTCAAAGACA_005,172
CCTGCAGGGCACCTACCTAG_001,105
CCTGCAGGGCACCTACCTAG_002,146
CCTGCAGGGCACCTACCTAG_003,66
CCTGCAGGGCACCTACCTAG_004,189
GCTGTGTCCTGGTCCCACCA_001,34
GCTGTGTCCTGGTCCCACCA_002,49
GCTGTGTCCTGGTCCCACCA_003,48
GCTGTGTCCTGGTCCCACCA_004,123
GCTGTGTCCTGGTCCCACCA_005,7
GCTGTGTCCTGGTCCCACCA_006,48
GCTGTGTCCTGGTCCCACCA_007,60
GCTGTGTCCTGGTCCCACCA_008,85
GCTGTGTCCTGGTCCCACCA_009,60
GCTGTGTCCTGGTCCCACCA_010,158
GCTGTGTCCTGGTCCCACCA_011,163
ATTCAATTCTCCAGTTACGT_001,181
ATTCAATTCTCCAGTTACGT_002,9
ATTCAATTCTCCAGTTACGT_003,97
ATTACAGTACCTTTGTTGGG_001,175
ATTACAGTACCTTTGTTGGG_002,79
GTCTTTGAGAAATTGCAAGG_001,168
GTCTTTGAGAAATTGCAAGG_002,55
AGCAGTAAAAGCCGGAACCG_001,102
AGCAGTAAAAGCCGGAACCG_002,100
AGCAGTAAAAGCCGGAACCG_003,147
AGCAGTAAAAGCCGGAACCG_004,183
AGCAGTAAAAGCCGGAACCG_005,61
AGCAGTAAAAGCCGGAACCG_006,126
AGCAGTAAAAGCCGGAACCG_007,69
AGCAGTAAAAGCCGGAACCG_008,13
AGCAGTAAAAGCCGGAACCG_009,194
AGCAGTAAAAGCCGGAACCG_010,122
AGCAGTAAAAGCCGGAACCG_011,86
AGCAGTAAAAGCCGGAACCG_012,2
AGCAGTAAAAGCCGGAACCG_013,150
AGCAGTAAAAGCCGGAACCG_014,177
AGCAGTAAAAGCCGGAACCG_015,144
AGCAGTAAAAGCCGGAACCG_016,39
AGCAGTAAAAGCCGGAACCG_017,39
AGCAGTAAAAGCCGGAACCG_018,184
AGCAGTAAAAGCCGGAACCG_019,78
AGCAGTAAAAGCCGGAACCG_020,105
AGCAGTAAAAGCCGGAACCG_021,166
AGCAGTAAAAGCCGGAACCG_022,41
ATTACCTTAATAATTCCACG_001,19
ATTACCTTAATAATTCCACG_002,19
ATTACCTTAATAATTCCACG_003,104
AAAATCGATGGGCTGAATCT_001,34
AAAATCGATGGGCTGAATCT_002,175
AAAATCGATGGGCTGAATCT_003,53
AAAATCGATGGGCTGAATCT_004,166
AAAATCGATGGGCTGAATCT_005,41
AAAATCGATGGGCTGAATCT_006,62
AAAATCGATGGGCTGAATCT_007,4
AAAATCGATGGGCTGAATCT_008,189
AAAATCGATGGGCTGAATCT_009,76
AAAATCGATGGGCTGAATCT_010,192
AAAATCGATGGGCTGAATCT_011,144
AAAATCGATGGGCTGAATCT_012,2
AAAATCGATGGGCTGAATCT_013,76
AAAATCGATGGGCTGAATCT_014,13
AAAATCGATGGGCTGAATCT_015,2
AAAATCGATGGGCTGAATCT_016,145
AAAATCGATGGGCTGAATCT_017,85
AAAATCGATGGGCTGAATCT_018,33
AAAATCGATGGGCTGAATCT_019,195
AAAATCGATGGGCTGAATCT_020,40
AAAATCGATGGGCTGAATCT_021,34
GGAAATAGTGGAGAAAGCAC_001,84
GGAAATAGTGGAGAAAGCAC_002,160
GGAAATAGTGGAGAAAGCAC_003,90
GGAAATAGTGGAGAAAGCAC_004,183
GGAAATAGTGGAGAAAGCAC_005,194
GGAAATAGTGGAGAAAGCAC_006,13
GGAAATAGTGGAGAAAGCAC_007,148
GGAAATAGTGGAGAAAGCAC_008,182
GGAAATAGTGGAGAAAGCAC_009,117
GGAAATAGTGGAGAAAGCAC_010,149
AAGGTGAGTTGACCTAGTGA_001,55
AAGGTGAGTTGACCTAGTGA_002,143
AAGGTGAGTTGACCTAGTGA_003,139
AAGGTGAGTTGACCTAGTGA_004,12
GATGATGACAAGATTGTTGG_001,4
GATGATGACAAGATTGTTGG_002,170
TGTCTCTCCCAACTTAACTG_001,189
TGTCTCTCCCAACTTAACTG_002,48
TGTCTCTCCCAACTTAACTG_003,62
TGTCTCTCCCAACTTAACTG_004,76
TGTCTCTCCCAACTTAACTG_005,110
TGTCTCTCCCAACTTAACTG_006,69
TGTCTCTCCCAACTTAACTG_007,169
TGTCTCTCCCAACTTAACTG_008,50
TGTCTCTCCCAACTTAACTG_009,44
CTCAGGAAGGAGTCTCGAGG_001,161
CTCAGGAAGGAGTCTCGAGG_002,113
CTCAGGAAGGAGTCTCGAGG_003,35
CTCAGGAAGGAGTCTCGAGG_004,192
CTCAGGAAGGAGTCTCGAGG_005,136
CTCAGGAAGGAGTCTCGAGG_006,11
CTCAGGAAGGAGTCTCGAGG_007,15
CTCAGGAAGGAGTCTCGAGG_008,190
CTCAGGAAGGAGTCTCGAGG_009,85
CTCAGGAAGGAGTCTCGAGG_010,132
AACGTCTTCATCAAGAACCT_001,176
AACGTCTTCATCAAGAACCT_002,76
GTAGATGGCGAACCGAGTCA_001,59
GTAGATGGCGAACCGAGTCA_002,186
GTAGATGGCGAACCGAGTCA_003,171
GTAGATGGCGAACCGAGTCA_004,123
GTAGATGGCGAACCGAGTCA_005,178
GTAGATGGCGAACCGAGTCA_006,56
GTAGATGGCGAACCGAGTCA_007,130
GTAGATGGCGAACCGAGTCA_008,10
GTAGATGGCGAACCGAGTCA_009,27
GTAGATGGCGAACCGAGTCA_010,188
ACAGATAACTGGGTACCCAG_001,54
ACAGATAACTGGGTACCCAG_002,23
ACAGATAACTGGGTACCCAG_003,4
ACAGATAACTGGGTACCCAG_004,192
ACAGATAACTGGGTACCCAG_005,43
ACAGATAACTGGGTACCCAG_006,164
ACAGATAACTGGGTACCCAG_007,152
ACAGATAACTGGGTACCCAG_008,169
ACAGATAACTGGGTACCCAG_009,191
ACAGATAACTGGGTACCCAG_010,105
ACAGATAACTGGGTACCCAG_011,199
ACAGATAACTGGGTACCCAG_012,142
ACAGATAACTGGGTACCCAG_013,124
ACAGATAACTGGGTACCCAG_014,94
ACAGATAACTGGGTACCCAG_015,184
ACAGATAACTGGGTACCCAG_016,10
ACAGATAACTGGGTACCCAG_017,39
CCTTCATGGAGAAATGCCGT_001,184
CCTTCATGGAGAAATGCCGT_002,157
CCTTCATGGAGAAATGCCGT_003,21
CTAACGGACTGCAGAACGGA_001,170
CTAACGGACTGCAGAACGGA_002,198
CTAACGGACTGCAGAACGGA_003,36
CTAACGGACTGCAGAACGGA_004,7
CTAACGGACTGCAGAACGGA_005,122
CTAACGGACTGCAGAACGGA_006,102
CTAACGGACTGCAGAACGGA_007,88
CTAACGGACTGCAGAACGGA_008,69
CTAACGGACTGCAGAACGGA_009,62
CTAACGGACTGCAGAACGGA_010,182
CTAACGGACTGCAGAACGGA_011,53
CTAACGGACTGCAGAACGGA_012,95
CTAACGGACTGCAGAACGGA_013,121
CTAACGGACTGCAGAACGGA_014,170
CTAACGGACTGCAGAACGGA_015,142
GTCTGACCTGTACCCCCATG_001,113
GTCTGACCTGTACCCCCATG_002,154
GTCTGACCTGTACCCCCATG_003,48
GTCTGACCTGTACCCCCATG_004,148
GTCTGACCTGTACCCCCATG_005,108
GTCTGACCTGTACCCCCATG_006,161
GTCTGACCTGTACCCCCATG_007,64
GTCTGACCTGTACCCCCATG_008,64
GTCTGACCTGTACCCCCATG_009,174
GTCTGACCTGTACCCCCATG_010,170
GTCTGACCTGTACCCCCATG_011,170
GCTCGTGGCGTGCGACAACG_001,19
GCTCGTGGCGTGCGACAACG_002,6
GCTCGTGGCGTGCGACAACG_003,8
GCTCGTGGCGTGCGACAACG_004,91
GCTCGTGGCGTGCGACAACG_005,195
GCTCGTGGCGTGCGACAACG_006,185
GCTCGTGGCGTGCGACAACG_007,138
GCTCGTGGCGTGCGACAACG_008,83
GCTCGTGGCGTGCGACAACG_009,15
GCTCGTGGCGTGCGACAACG_010,34
GCTCGTGGCGTGCGACAACG_011,77
GCTCGTGGCGTGCGACAACG_012,33
GCTCGTGGCGTGCGACAACG_013,61
GCTCGTGGCGTGCGACAACG_014,76
GCTCGTGGCGTGCGACAACG_015,162
GCTCGTGGCGTGCGACAACG_016,169
GCTCGTGGCGTGCGACAACG_017,106
GCTCGTGGCGTGCGACAACG_018,105
GCTCGTGGCGTGCGACAACG_019,105
GCTCGTGGCGTGCGACAACG_020,2
GCTCGTGGCGTGCGACAACG_021,188
GCTCGTGGCGTGCGACAACG_022,13
GCTCGTGGCGTGCGACAACG_023,44
GCTCGTGGCGTGCGACAACG_024,29
GCTCGTGGCGTGCGACAACG_025,63
GCTCGTGGCGTGCGACAACG_026,142
GCTCGTGGCGTGCGACAACG_027,180
GCTCGTGGCGTGCGACAACG_028,170
GCTCGTGGCGTGCGACAACG_029,197
GCTCGTGGCGTGCGACAACG_030,191
GCTCGTGGCGTGCGACAACG_031,17
GCTCGTGGCGTGCGACAACG_032,168
GCTCGTGGCGTGCGACAACG_033,52
GCTCGTGGCGTGCGACAACG_034,130
GCTCGTGGCGTGCGACAACG_035,91
GCTCGTGGCGTGCGACAACG_036,44
GCTCGTGGCGTGCGACAACG_037,31
TGAAGAACAGCAACCAAAGT_001,162
TGAAGAACAGCAACCAAAGT_002,129
TGAAGAACAGCAACCAAAGT_003,88
TGAAGAACAGCAACCAAAGT_004,76
TGAAGAACAGCAACCAAAGT_005,188
TGAAGAACAGCAACCAAAGT_006,106
TGAAGAACAGCAACCAAAGT_007,46
TGAAGAACAGCAACCAAAGT_008,46
TGAAGAACAGCAACCAAAGT_009,84
TGAAGAACAGCAACCAAAGT_010,46
CGGATCCGGCCTAATCGTGA_001,151
CGGATCCGGCCTAATCGTGA_002,11
CGGATCCGGCCTAATCGTGA_003,168
CGGATCCGGCCTAATCGTGA_004,168
CGGATCCGGCCTAATCGTGA_005,131
TGTTCAGCTCCGACTCGAAG_001,49
TGTTCAGCTCCGACTCGAAG_002,48
TGTTCAGCTCCGACTCGAAG_003,197
TGTTCAGCTCCGACTCGAAG_004,1
TGTTCAGCTCCGACTCGAAG_005,102
TGTTCAGCTCCGACTCGAAG_006,180
ATAGATGTGCTGTAATGGAG_001,192
ATAGATGTGCTGTAATGGAG_002,196
ATAGATGTGCTGTAATGGAG_003,94
ATAGATGTGCTGTAATGGAG_004,105
ATAGATGTGCTGTAATGGAG_005,122
ATAGATGTGCTGTAATGGAG_006,25
ATAGATGTGCTGTAATGGAG_007,146
ATAGATGTGCTGTAATGGAG_008,144
ATAGATGTGCTGTAATGGAG_009,104
ATAGATGTGCTGTAATGGAG_010,155
ATAGATGTGCTGTAATGGAG_011,168
GGTGTGGGGTGGATACACCG_001,169
GGTGTGGGGTGGATACACCG_002,94
GGTGTGGGGTGGATACACCG_003,114
GGTGTGGGGTGGATACACCG_004,50
GGTGTGGGGTGGATACACCG_005,82
GGTGTGGGGTGGATACACCG_006,27
GGTGTGGGGTGGATACACCG_007,78
GGTGTGGGGTGGATACACCG_008,137
GGTGTGGGGTGGATACACCG_009,51
GGTGTGGGGTGGATACACCG_010,117
GGTGTGGGGTGGATACACCG_011,197
GGTGTGGGGTGGATACACCG_012,169
GGTGTGGGGTGGATACACCG_013,98
GGTGTGGGGTGGATACACCG_014,40
GGTGTGGGGTGGATACACCG_015,29
GGTGTGGGGTGGATACACCG_016,59
GGTGTGGGGTGGATACACCG_017,136
GGTGTGGGGTGGATACACCG_018,101
GGTGTGGGGTGGATACACCG_019,122
CCTCAGGACCCTGTGGATCG_001,160
CCTCAGGACCCTGTGGATCG_002,58
GATATGTGTGATGAGCTCGC_001,150
GATATGTGTGATGAGCTCGC_002,83
GATATGTGTGATGAGCTCGC_003,111
GATATGTGTGATGAGCTCGC_004,40
CACAGGCCGCCCAAACACCA_001,84
CACAGGCCGCCCAAACACCA_002,15
CACAGGCCGCCCAAACACCA_003,78
CACAGGCCGCCCAAACACCA_004,61
CACAGGCCGCCCAAACACCA_005,10
CACAGGCCGCCCAAACACCA_006,178
CACAGGCCGCCCAAACACCA_007,188
CACAGGCCGCCCAAACACCA_008,127
CACAGGCCGCCCAAACACCA_009,102
CACAGGCCGCCCAAACACCA_010,92
CACAGGCCGCCCAAACACCA_011,12
CACAGGCCGCCCAAACACCA_012,5
CACAGGCCGCCCAAACACCA_013,67
CACAGGCCGCCCAAACACCA_014,172
CACAGGCCGCCCAAACACCA_015,103
CACAGGCCGCCCAAACACCA_016,98
CACAGGCCGCCCAAACACCA_017,80
CACAGGCCGCCCAAACACCA_018,66
CACAGGCCGCCCAAACACCA_019,178
CACAGGCCGCCCAAACACCA_020,197
CACAGGCCGCCCAAACACCA_021,166
CACAGGCCGCCCAAACACCA_022,64
CACAGGCCGCCCAAACACCA_023,80
CACAGGCCGCCCAAACACCA_024,89
CACAGGCCGCCCAAACACCA_025,173
AGAACCATGCACATCATGAG_001,1
AGAACCATGCACATCATGAG_002,58
AGAACCATGCACATCATGAG_003,88
AGAACCATGCACATCATGAG_004,123
AGAACCATGCACATCATGAG_005,17
AGAACCATGCACATCATGAG_006,174
AGAACCATGCACATCATGAG_007,9
AGAACCATGCACATCATGAG_008,118
AGAACCATGCACATCATGAG_009,194
AGAACCATGCACATCATGAG_010,172
AGAACCATGCACATCATGAG_011,157
AGAACCATGCACATCATGAG_012,20
AGAACCATGCACATCATGAG_013,103
AGAACCATGCACATCATGAG_014,103
AGAACCATGCACATCATGAG_015,22
AGAACCATGCACATCATGAG_016,88
GAAAATCAAGAACCTCACGC_001,163
GAAAATCAAGAACCTCACGC_002,157
GAAAATCAAGAACCTCACGC_003,107
GAAAATCAAGAACCTCACGC_004,137
GAAAATCAAGAACCTCACGC_005,83
GAAAATCAAGAACCTCACGC_006,27
GAAAATCAAGAACCTCACGC_007,144
GAAAATCAAGAACCTCACGC_008,157
GAAAATCAAGAACCTCACGC_009,64
GAAAATCAAGAACCTCACGC_010,104
GAAAATCAAGAACCTCACGC_011,117
GAAAATCAAGAACCTCACGC_012,103
GAAAATCAAGAACCTCACGC_013,199
GAAAATCAAGAACCTCACGC_014,178
GAAAATCAAGAACCTCACGC_015,75
GAAAATCAAGAACCTCACGC_016,8
GAAAATCAAGAACCTCACGC_017,197
GAAAATCAAGAACCTCACGC_018,69
GAAAATCAAGAACCTCACGC_019,105
GAAAATCAAGAACCTCACGC_020,129
GAAAATCAAGAACCTCACGC_021,115
GAAAATCAAGAACCTCACGC_022,61
GAAAATCAAGAACCTCACGC_023,147
TGCAGGCACAGCATATACTC_001,185
TGCAGGCACAGCATATACTC_002,62
TGCAGGCACAGCATATACTC_003,107
AACAACTATCGTTACCACAG_001,166
AACAACTATCGTTACCACAG_002,4
AACAACTATCGTTACCACAG_003,165
AACAACTATCGTTACCACAG_004,137
CACACCCCGGGAAAGGACAA_001,41
CACACCCCGGGAAAGGACAA_002,198
CACACCCCGGGAAAGGACAA_003,24
CACACCCCGGGAAAGGACAA_004,16
CACACCCCGGGAAAGGACAA_005,15
CACACCCCGGGAAAGGACAA_006,152
CACACCCCGGGAAAGGACAA_007,97
CACACCCCGGGAAAGGACAA_008,88
CACACCCCGGGAAAGGACAA_009,127
CACACCCCGGGAAAGGACAA_010,91
CATCCTCACTTCCCAAAAGG_001,104
CATCCTCACTTCCCAAAAGG_002,34
CATCCTCACTTCCCAAAAGG_003,115
CATCCTCACTTCCCAAAAGG_004,113
CATCCTCACTTCCCAAAAGG_005,127
CATCCTCACTTCCCAAAAGG_006,198
CAGACTCACTCATATCTCCA_001,38
CAGACTCACTCATATCTCCA_002,188
CAGACTCACTCATATCTCCA_003,9
CAGACTCACTCATATCTCCA_004,70
CGTGAACTCCCTAATTCACA_001,77
CGTGAACTCCCTAATTCACA_002,142
CGTGAACTCCCTAATTCACA_003,48
CGTGAACTCCCTAATTCACA_004,56
CGTGAACTCCCTAATTCACA_005,116
CGTGAACTCCCTAATTCACA_006,56
CGTGAACTCCCTAATTCACA_007,166
CGTGAACTCCCTAATTCACA_008,142
CCAACAGGACCGGTCCCAAG_001,107
CCAACAGGACCGGTCCCAAG_002,17
CCAACAGGACCGGTCCCAAG_003,29
CCAACAGGACCGGTCCCAAG_004,49
CCAACAGGACCGGTCCCAAG_005,29
CCAACAGGACCGGTCCCAAG_006,37
CCAACAGGACCGGTCCCAAG_007,147
CCAACAGGACCGGTCCCAAG_008,50
CCAACAGGACCGGTCCCAAG_009,136
CCAACAGGACCGGTCCCAAG_010,58
CCAACAGGACCGGTCCCAAG_011,38
CCAACAGGACCGGTCCCAAG_012,195
CCAACAGGACCGGTCCCAAG_013,12
CCAACAGGACCGGTCCCAAG_014,111
CCAACAGGACCGGTCCCAAG_015,63
CCAACAGGACCGGTCCCAAG_016,152
CCAACAGGACCGGTCCCAAG_017,151
CCTTAATCTGGACTGCAGAG_001,55
CCTTAATCTGGACTGCAGAG_002,170
CCTTAATCTGGACTGCAGAG_003,102
CCTTAATCTGGACTGCAGAG_004,65
CCTTAATCTGGACTGCAGAG_005,33
CCTTAATCTGGACTGCAGAG_006,162
CCTTAATCTGGACTGCAGAG_007,103
CCTTAATCTGGACTGCAGAG_008,17
CCTTAATCTGGACTGCAGAG_009,150
CCTTAATCTGGACTGCAGAG_010,56
CCTTAATCTGGACTGCAGAG_011,160
CCTTAATCTGGACTGCAGAG_012,19
CCTTAATCTGGACTGCAGAG_013,100
ATGAACAAAGCCTCCAACTA_001,136
ATGAACAAAGCCTCCAACTA_002,101
ATGAACAAAGCCTCCAACTA_003,129
ATGAACAAAGCCTCCAACTA_004,172
ATGAACAAAGCCTCCAACTA_005,190
ATGAACAAAGCCTCCAACTA_006,18
ATGAACAAAGCCTCCAACTA_007,183
ATGAACAAAGCCTCCAACTA_008,127
ATGAACAAAGCCTCCAACTA_009,161
ATGAACAAAGCCTCCAACTA_010,161
ATGAACAAAGCCTCCAACTA_011,50
CTCAGCATAGAGTGACCCCA_001,9
CTCAGCATAGAGTGACCCCA_002,106
CTCAGCATAGAGTGACCCCA_003,139
CTCAGCATAGAGTGACCCCA_004,58
CTCAGCATAGAGTGACCCCA_005,43
CTCAGCATAGAGTGACCCCA_006,28
GTAAAAGGCTACCGCCCACA_001,81
GTAAAAGGCTACCGCCCACA_002,96
GTAAAAGGCTACCGCCCACA_003,115
GTAAAAGGCTACCGCCCACA_004,1
GTAAAAGGCTACCGCCCACA_005,105
GTAAAAGGCTACCGCCCACA_006,143
GTAAAAGGCTACCGCCCACA_007,130
GTAAAAGGCTACCGCCCACA_008,137
GTAAAAGGCTACCGCCCACA_009,160
GTAAAAGGCTACCGCCCACA_010,127
GTAAAAGGCTACCGCCCACA_011,57
GTAAAAGGCTACCGCCCACA_012,68
GTAAAAGGCTACCGCCCACA_013,70
GTAAAAGGCTACCGCCCACA_014,35
GTAAAAGGCTACCGCCCACA_015,144
GTAAAAGGCTACCGCCCACA_016,35
GTAAAAGGCTACCGCCCACA_017,166
TCTTATACAGAATCACACAG_001,6
TCTTATACAGAATCACACAG_002,116
TCTTATACAGAATCACACAG_003,78
TCTTATACAGAATCACACAG_004,134
AATTACTGAATACCAACATG_001,119
AATTACTGAATACCAACATG_002,172
AATTACTGAATACCAACATG_003,62
AATTACTGAATACCAACATG_004,40
AATTACTGAATACCAACATG_005,170
AATTACTGAATACCAACATG_006,118
AATTACTGAATACCAACATG_007,190
AATTACTGAATACCAACATG_008,57
TGAGCTCCGGGATTATCGAA_001,139
TGAGCTCCGGGATTATCGAA_002,78
TGAGCTCCGGGATTATCGAA_003,198
TGAGCTCCGGGATTATCGAA_004,1
TGAGCTCCGGGATTATCGAA_005,99
TGAGCTCCGGGATTATCGAA_006,170
TGAGCTCCGGGATTATCGAA_007,149
TGAGCTCCGGGATTATCGAA_008,160
TGAGCTCCGGGATTATCGAA_009,159
TGAGCTCCGGGATTATCGAA_010,110
TGAGCTCCGGGATTATCGAA_011,61
TGAGCTCCGGGATTATCGAA_012,144
TGAGCTCCGGGATTATCGAA_013,168
TGAGCTCCGGGATTATCGAA_014,0
ACGAACTCACTATTATGCCG_001,130
ACGAACTCACTATTATGCCG_002,86
ACGAACTCACTATTATGCCG_003,9
ACGAACTCACTATTATGCCG_004,7
TCTGATGTGAATGCTACACA_001,147
TCTGATGTGAATGCTACACA_002,196
TCTGATGTGAATGCTACACA_003,6
TCTGATGTGAATGCTACACA_004,98
TCTGATGTGAATGCTACACA_005,120
TCTGATGTGAATGCTACACA_006,11
TCTGATGTGAATGCTACACA_007,160
TCTGATGTGAATGCTACACA_008,192
TCTGATGTGAATGCTACACA_009,40
TCTGATGTGAATGCTACACA_010,190
ACTTACACATATGACCACCT_001,78
ACTTACACATATGACCACCT_002,151
AAGAAAGCATGTATTACCCA_001,78
AAGAAAGCATGTATTACCCA_002,70
AAGAAAGCATGTATTACCCA_003,140
AGAGGAGTCCCATCACATGT_001,94
AGAGGAGTCCCATCACATGT_002,119
AGAGGAGTCCCATCACATGT_003,106
AGAGGAGTCCCATCACATGT_004,54
AGAGGAGTCCCATCACATGT_005,122
AGAGGAGTCCCATCACATGT_006,54
AGAGGAGTCCCATCACATGT_007,135
AGAGGAGTCCCATCACATGT_008,136
AGAGGAGTCCCATCACATGT_009,75
AGAGGAGTCCCATCACATGT_010,181
AGAGGAGTCCCATCACATGT_011,8
AGAGGAGTCCCATCACATGT_012,44
AGAGGAGTCCCATCACATGT_013,6
AGAGGAGTCCCATCACATGT_014,108
AGAGGAGTCCCATCACATGT_015,137
AGAGGAGTCCCATCACATGT_016,74
AGAGGAGTCCCATCACATGT_017,177
AGAGGAGTCCCATCACATGT_018,34
AGAGGAGTCCCATCACATGT_019,149
AGAGGAGTCCCATCACATGT_020,48
CCTTGCTGCTTCCTTGATGA_001,48
CCTTGCTGCTTCCTTGATGA_002,76
CCTTGCTGCTTCCTTGATGA_003,160
CCTTGCTGCTTCCTTGATGA_004,81
CCTTGCTGCTTCCTTGATGA_005,47
CCTTGCTGCTTCCTTGATGA_006,106
CCTTGCTGCTTCCTTGATGA_007,113
CCTTGCTGCTTCCTTGATGA_008,13
CCTTGCTGCTTCCTTGATGA_009,17
CCTTGCTGCTTCCTTGATGA_010,62
CCTTGCTGCTTCCTTGATGA_011,9
TGCAGTCTCTCACAAAGGAA_001,12
TGCAGTCTCTCACAAAGGAA_002,34
TGCAGTCTCTCACAAAGGAA_003,81
TGCAGTCTCTCACAAAGGAA_004,155
TGCAGTCTCTCACAAAGGAA_005,176
TGCAGTCTCTCACAAAGGAA_006,8
TGCAGTCTCTCACAAAGGAA_007,2
TGCAGTCTCTCACAAAGGAA_008,41
TGCAGTCTCTCACAAAGGAA_009,42
AAGAGCCACTCACGTCCTCG_001,169
AAGAGCCACTCACGTCCTCG_002,88
AAGAGCCACTCACGTCCTCG_003,162
AAGAGCCACTCACGTCCTCG_004,162
AAGAGCCACTCACGTCCTCG_005,48
AAGAGCCACTCACGTCCTCG_006,190
AAGAGCCACTCACGTCCTCG_007,76
AAGAGCCACTCACGTCCTCG_008,40
AAGAGCCACTCACGTCCTCG_009,60
AAGAGCCACTCACGTCCTCG_010,174
AAGAGCCACTCACGTCCTCG_011,175
AAGAGCCACTCACGTCCTCG_012,104
AAGAGCCACTCACGTCCTCG_013,52
AAGAGCCACTCACGTCCTCG_014,198
AAGAGCCACTCACGTCCTCG_015,50
AAGAGCCACTCACGTCCTCG_016,35
AAGAGCCACTCACGTCCTCG_017,77
AAGAGCCACTCACGTCCTCG_018,182
AAGAGCCACTCACGTCCTCG_019,15
AAGAGCCACTCACGTCCTCG_020,197
TGATCATGAGAGTCGCCGTG_001,107
TGATCATGAGAGTCGCCGTG_002,174
TGATCATGAGAGTCGCCGTG_003,42
TGATCATGAGAGTCGCCGTG_004,197
TGATCATGAGAGTCGCCGTG_005,104
TGATCATGAGAGTCGCCGTG_006,70
TGATCATGAGAGTCGCCGTG_007,181
TGATCATGAGAGTCGCCGTG_008,84
TGATCATGAGAGTCGCCGTG_009,123
TGATCATGAGAGTCGCCGTG_010,191
TGATCATGAGAGTCGCCGTG_011,94
TGATCATGAGAGTCGCCGTG_012,58
TGATCATGAGAGTCGCCGTG_013,83
TGATCATGAGAGTCGCCGTG_014,105
TGATCATGAGAGTCGCCGTG_015,61
TGATCATGAGAGTCGCCGTG_016,148
TGATCATGAGAGTCGCCGTG_017,82
TGATCATGAGAGTCGCCGTG_018,75
TGATCATGAGAGTCGCCGTG_019,22
TGATCATGAGAGTCGCCGTG_020,27
TGATCATGAGAGTCGCCGTG_021,167
TGATCATGAGAGTCGCCGTG_022,66
TGATCATGAGAGTCGCCGTG_023,75
TGATCATGAGAGTCGCCGTG_024,76
TGATCATGAGAGTCGCCGTG_025,150
TGATCATGAGAGTCGCCGTG_026,170
TGATCATGAGAGTCGCCGTG_027,86
TGATCATGAGAGTCGCCGTG_028,87
TGATCATGAGAGTCGCCGTG_029,192
TGATCATGAGAGTCGCCGTG_030,28
TGATCATGAGAGTCGCCGTG_031,100
TGATCATGAGAGTCGCCGTG_032,158
TGATCATGAGAGTCGCCGTG_033,60
TGATCATGAGAGTCGCCGTG_034,48
TGATCATGAGAGTCGCCGTG_035,86
TGATCATGAGAGTCGCCGTG_036,157
TGATCATGAGAGTCGCCGTG_037,41
TGATCATGAGAGTCGCCGTG_038,39
TGATCATGAGAGTCGCCGTG_039,56
TGATCATGAGAGTCGCCGTG_040,27
TGATCATGAGAGTCGCCGTG_041,76
TGATCATGAGAGTCGCCGTG_042,141
TGATCATGAGAGTCGCCGTG_043,197
GGACCTGCCATACAGGTGCA_001,105
GGACCTGCCATACAGGTGCA_002,127
GGACCTGCCATACAGGTGCA_003,108
GGACCTGCCATACAGGTGCA_004,116
GGACCTGCCATACAGGTGCA_005,15
GGACCTGCCATACAGGTGCA_006,28
GGACCTGCCATACAGGTGCA_007,36
GGACCTGCCATACAGGTGCA_008,193
GGACCTGCCATACAGGTGCA_009,69
GGACCTGCCATACAGGTGCA_010,83
GGACCTGCCATACAGGTGCA_011,57
GGACCTGCCATACAGGTGCA_012,157
GGACCTGCCATACAGGTGCA_013,116
GGACCTGCCATACAGGTGCA_014,14
GGACCTGCCATACAGGTGCA_015,35
GGACCTGCCATACAGGTGCA_016,145
GGACCTGCCATACAGGTGCA_017,199
GGACCTGCCATACAGGTGCA_018,2
GGACCTGCCATACAGGTGCA_019,37
GGACCTGCCATACAGGTGCA_020,57
GGACCTGCCATACAGGTGCA_021,35
GGACCTGCCATACAGGTGCA_022,61
TCTGCACCTTATTACAACAC_001,98
TACTTTCCCAAAGAGCTACA_001,29
TACTTTCCCAAAGAGCTACA_002,105
TACTTTCCCAAAGAGCTACA_003,88
TACTTTCCCAAAGAGCTACA_004,51
TACTTTCCCAAAGAGCTACA_005,20
TACTTTCCCAAAGAGCTACA_006,112
TACTTTCCCAAAGAGCTACA_007,50
TACTTTCCCAAAGAGCTACA_008,192
TACTTTCCCAAAGAGCTACA_009,50
TACTTTCCCAAAGAGCTACA_010,1
TACTTTCCCAAAGAGCTACA_011,127
ACCATATGACCAGTCCACGT_001,15
ACCATATGACCAGTCCACGT_002,147
ACCATATGACCAGTCCACGT_003,54
ACCATATGACCAGTCCACGT_004,20
ACCATATGACCAGTCCACGT_005,166
ACCATATGACCAGTCCACGT_006,180
ACCATATGACCAGTCCACGT_007,119
ACCATATGACCAGTCCACGT_008,147
ACCATATGACCAGTCCACGT_009,94
ACCATATGACCAGTCCACGT_010,37
ACCATATGACCAGTCCACGT_011,48
GGCTGAAAGAGTCCGCAAGG_001,90
GGCTGAAAGAGTCCGCAAGG_002,21
GGCTGAAAGAGTCCGCAAGG_003,113
GGCTGAAAGAGTCCGCAAGG_004,151
GGCTGAAAGAGTCCGCAAGG_005,158
GGCTGAAAGAGTCCGCAAGG_006,197
GGCTGAAAGAGTCCGCAAGG_007,162
GGCTGAAAGAGTCCGCAAGG_008,144
GGCTGAAAGAGTCCGCAAGG_009,94
GGCTGAAAGAGTCCGCAAGG_010,16
GGCTGAAAGAGTCCGCAAGG_011,11
GGCTGAAAGAGTCCGCAAGG_012,60
GGCTGAAAGAGTCCGCAAGG_013,117
GGCTGAAAGAGTCCGCAAGG_014,103
GGCTGAAAGAGTCCGCAAGG_015,187
GGCTGAAAGAGTCCGCAAGG_016,150
GGCTGAAAGAGTCCGCAAGG_017,78
GGCTGAAAGAGTCCGCAAGG_018,117
GGCTGAAAGAGTCCGCAAGG_019,162
GGCTGAAAGAGTCCGCAAGG_020,180
GGCTGAAAGAGTCCGCAAGG_021,75
GGCTGAAAGAGTCCGCAAGG_022,84
TGATTCTGACATTAGCAGTG_001,145
TGATTCTGACATTAGCAGTG_002,5
TGATTCTGACATTAGCAGTG_003,83
TGATTCTGACATTAGCAGTG_004,105
TGATTCTGACATTAGCAGTG_005,58
TGATTCTGACATTAGCAGTG_006,8
TGATTCTGACATTAGCAGTG_007,10
CATGGCAGTAGATCTCCCAC_001,53
CATGGCAGTAGATCTCCCAC_002,116
CATGGCAGTAGATCTCCCAC_003,138
CATGGCAGTAGATCTCCCAC_004,88
CATGGCAGTAGATCTCCCAC_005,56
CATGGCAGTAGATCTCCCAC_006,121
CATGGCAGTAGATCTCCCAC_007,151
CATGGCAGTAGATCTCCCAC_008,179
CATGGCAGTAGATCTCCCAC_009,53
CATGGCAGTAGATCTCCCAC_010,168
CTCCCACACGCTGAACGTGG_001,108
CTCCCACACGCTGAACGTGG_002,172
GTGAGCACAGAGAAGAGGAG_001,189
GTGAGCACAGAGAAGAGGAG_002,129
GTGAGCACAGAGAAGAGGAG_003,61
GTGAGCACAGAGAAGAGGAG_004,89
GTGAGCACAGAGAAGAGGAG_005,108
GTGAGCACAGAGAAGAGGAG_006,174
GTGAGCACAGAGAAGAGGAG_007,10
GTGAGCACAGAGAAGAGGAG_008,175
GTGAGCACAGAGAAGAGGAG_009,164
GTGAGCACAGAGAAGAGGAG_010,33
ACAACCACAAACCACGAGAG_001,102
ACAACCACAAACCACGAGAG_002,94
ACAACCACAAACCACGAGAG_003,9
ACAACCACAAACCACGAGAG_004,116
ACAACCACAAACCACGAGAG_005,138
ACAACCACAAACCACGAGAG_006,38
ACAACCACAAACCACGAGAG_007,158
ACAACCACAAACCACGAGAG_008,192
ACAACCACAAACCACGAGAG_009,15
ACAACCACAAACCACGAGAG_010,198
ACAACCACAAACCACGAGAG_011,105
ACAACCACAAACCACGAGAG_012,27
ACAACCACAAACCACGAGAG_013,20
ACAACCACAAACCACGAGAG_014,71
TTCTGAGTGACAATCATCAG_001,75
TTCTGAGTGACAATCATCAG_002,53
TTCTGAGTGACAATCATCAG_003,190
TTCTGAGTGACAATCATCAG_004,148
TTCTGAGTGACAATCATCAG_005,82
ATTAACTGATCCAACAGGGT_001,159
ATTAACTGATCCAACAGGGT_002,94
ATTAACTGATCCAACAGGGT_003,105
AATATGTCTTGTTCAGTCAG_001,38
AATATGTCTTGTTCAGTCAG_002,170
ATTGACCTCTATGAAAGGGG_001,191
ATTGACCTCTATGAAAGGGG_002,117
ATTGACCTCTATGAAAGGGG_003,96
ATTGACCTCTATGAAAGGGG_004,67
ATTGACCTCTATGAAAGGGG_005,30
ATTGACCTCTATGAAAGGGG_006,170
CCTTAAAGACAAGTTTCGCG_001,123
CCTTAAAGACAAGTTTCGCG_002,129
CCTTAAAGACAAGTTTCGCG_003,47
CCTTAAAGACAAGTTTCGCG_004,116
CCAGGAAGCCTGAATCGCCC_001,8
CCAGGAAGCCTGAATCGCCC_002,91
CCAGGAAGCCTGAATCGCCC_003,156
GATCCGCCTCGAGCCGCAGG_001,7
GATCCGCCTCGAGCCGCAGG_002,150
GATCCGCCTCGAGCCGCAGG_003,194
GATCCGCCTCGAGCCGCAGG_004,22
GATCCGCCTCGAGCCGCAGG_005,18
GATCCGCCTCGAGCCGCAGG_006,101
TACCACTAGTCCCAGAACGA_001,103
TACCACTAGTCCCAGAACGA_002,51
TACCACTAGTCCCAGAACGA_003,156
TACCACTAGTCCCAGAACGA_004,150
TACCACTAGTCCCAGAACGA_005,41
TACCACTAGTCCCAGAACGA_006,127
TACCACTAGTCCCAGAACGA_007,175
TACCACTAGTCCCAGAACGA_008,70
TACCACTAGTCCCAGAACGA_009,50
TACCACTAGTCCCAGAACGA_010,191
TACCACTAGTCCCAGAACGA_011,166
TACCACTAGTCCCAGAACGA_012,68
TACCACTAGTCCCAGAACGA_013,147
TACCACTAGTCCCAGAACGA_014,56
GGTCCCGAGTGTCCTCCGTG_001,117
GGTCCCGAGTGTCCTCCGTG_002,108
GGTCCCGAGTGTCCTCCGTG_003,64
GGTCCCGAGTGTCCTCCGTG_004,77
GGTCCCGAGTGTCCTCCGTG_005,147
GGTCCCGAGTGTCCTCCGTG_006,15
GGTCCCGAGTGTCCTCCGTG_007,30
GGTCCCGAGTGTCCTCCGTG_008,5
GGTCCCGAGTGTCCTCCGTG_009,105
GGTCCCGAGTGTCCTCCGTG_010,112
GGTCCCGAGTGTCCTCCGTG_011,52
GGTCCCGAGTGTCCTCCGTG_012,45
GGTCCCGAGTGTCCTCCGTG_013,185
GGTCCCGAGTGTCCTCCGTG_014,71
GGTCCCGAGTGTCCTCCGTG_015,13
GGTCCCGAGTGTCCTCCGTG_016,52
GGTCCCGAGTGTCCTCCGTG_017,148
GGTCCCGAGTGTCCTCCGTG_018,26
GGTCCCGAGTGTCCTCCGTG_019,124
GGTCCCGAGTGTCCTCCGTG_020,160
GGTCCCGAGTGTCCTCCGTG_021,134
GGTCCCGAGTGTCCTCCGTG_022,48
GGTCCCGAGTGTCCTCCGTG_023,168
GGTCCCGAGTGTCCTCCGTG_024,159
GGTCCCGAGTGTCCTCCGTG_025,193
GGTCCCGAGTGTCCTCCGTG_026,190
GGTCCCGAGTGTCCTCCGTG_027,28
GGTCCCGAGTGTCCTCCGTG_028,121
GGTCCCGAGTGTCCTCCGTG_029,23
GGTCCCGAGTGTCCTCCGTG_030,15
CACACCAGCATTGTTCACCA_001,14
CACACCAGCATTGTTCACCA_002,14
CACACCAGCATTGTTCACCA_003,14
CACACCAGCATTGTTCACCA_004,66
CACACCAGCATTGTTCACCA_005,170
CACACCAGCATTGTTCACCA_006,16
CCCAGGCACAATTTCCAGAG_001,113
CCCAGGCACAATTTCCAGAG_002,8
CCCAGGCACAATTTCCAGAG_003,63
CCCAGGCACAATTTCCAGAG_004,19
GGACCCCAAGAAGCTATGCA_001,127
GGACCCCAAGAAGCTATGCA_002,86
GGACCCCAAGAAGCTATGCA_003,74
GGACCCCAAGAAGCTATGCA_004,48
GGACCCCAAGAAGCTATGCA_005,121
GGACCCCAAGAAGCTATGCA_006,152
GGACCCCAAGAAGCTATGCA_007,104
GGACCCCAAGAAGCTATGCA_008,199
GGACCCCAAGAAGCTATGCA_009,197
GGACCCCAAGAAGCTATGCA_010,87
GGACCCCAAGAAGCTATGCA_011,55
GGACCCCAAGAAGCTATGCA_012,19
GGACCCCAAGAAGCTATGCA_013,65
GGACCCCAAGAAGCTATGCA_014,84
GGACCCCAAGAAGCTATGCA_015,107
GGACCCCAAGAAGCTATGCA_016,147
GGACCCCAAGAAGCTATGCA_017,41
GGACCCCAAGAAGCTATGCA_018,69
TCAGCCACTATTGAACCACT_001,83
TCAGCCACTATTGAACCACT_002,43
TCAGCCACTATTGAACCACT_003,86
TCAGCCACTATTGAACCACT_004,18
TCAGCCACTATTGAACCACT_005,8
TCAGCCACTATTGAACCACT_006,176
TCAGCCACTATTGAACCACT_007,146
TCAGCCACTATTGAACCACT_008,132
TCAGCCACTATTGAACCACT_009,168
CAGAAAGCATCAAAACTGCG_001,33
CAGAAAGCATCAAAACTGCG_002,69
CAGAAAGCATCAAAACTGCG_003,121
CAGAAAGCATCAAAACTGCG_004,48
CAGAAAGCATCAAAACTGCG_005,142
CAGAAAGCATCAAAACTGCG_006,68
CAGAAAGCATCAAAACTGCG_007,124
CAGAAAGCATCAAAACTGCG_008,153
CAGAAAGCATCAAAACTGCG_009,3
AAGCGATTGTAAGCAGTAAG_001,104
AAGCGATTGTAAGCAGTAAG_002,26
AAGCGATTGTAAGCAGTAAG_003,3
AAGCGATTGTAAGCAGTAAG_004,142
CTCCAGCACCTCTTTCCCGT_001,45
CTCCAGCACCTCTTTCCCGT_002,76
GGAGCACTACATTCGGACAC_001,106
GGAGCACTACATTCGGACAC_002,84
GGAGCACTACATTCGGACAC_003,178
GGAGCACTACATTCGGACAC_004,161
TGCTAACGTCCCCAACACAG_001,157
TGCTAACGTCCCCAACACAG_002,94
TGCTAACGTCCCCAACACAG_003,96
TGCTAACGTCCCCAACACAG_004,68
TGCTAACGTCCCCAACACAG_005,104
TGCTAACGTCCCCAACACAG_006,168
TGCTAACGTCCCCAACACAG_007,13
TGCTAACGTCCCCAACACAG_008,116
TGCTAACGTCCCCAACACAG_009,179
GGCACTCACACCCAGCGCGC_001,181
GGCACTCACACCCAGCGCGC_002,43
GGCACTCACACCCAGCGCGC_003,11
GGCACTCACACCCAGCGCGC_004,51
GGCACTCACACCCAGCGCGC_005,65
GGCACTCACACCCAGCGCGC_006,140
GGCACTCACACCCAGCGCGC_007,80
GGCACTCACACCCAGCGCGC_008,105
GGCACTCACACCCAGCGCGC_009,138
GGCACTCACACCCAGCGCGC_010,9
GGCACTCACACCCAGCGCGC_011,167
GGCACTCACACCCAGCGCGC_012,94
GGCACTCACACCCAGCGCGC_013,185
GGCACTCACACCCAGCGCGC_014,160
GGCACTCACACCCAGCGCGC_015,72
GGCACTCACACCCAGCGCGC_016,96
GGCACTCACACCCAGCGCGC_017,1
GGCACTCACACCCAGCGCGC_018,191
GGCACTCACACCCAGCGCGC_019,87
GGCACTCACACCCAGCGCGC_020,164
GGCACTCACACCCAGCGCGC_021,185
GGCACTCACACCCAGCGCGC_022,65
GGCACTCACACCCAGCGCGC_023,176
GGCACTCACACCCAGCGCGC_024,86
GGCACTCACACCCAGCGCGC_025,112
GGCACTCACACCCAGCGCGC_026,160
GGCACTCACACCCAGCGCGC_027,151
GGCACTCACACCCAGCGCGC_028,107
GGCACTCACACCCAGCGCGC_029,77
GGCACTCACACCCAGCGCGC_030,82
GGCACTCACACCCAGCGCGC_031,169
GGCACTCACACCCAGCGCGC_032,1
GGCACTCACACCCAGCGCGC_033,6
GGCACTCACACCCAGCGCGC_034,144
GGCACTCACACCCAGCGCGC_035,130
GGCACTCACACCCAGCGCGC_036,47
GGCACTCACACCCAGCGCGC_037,20
GGCACTCACACCCAGCGCGC_038,148
GGCACTCACACCCAGCGCGC_039,152
GGCACTCACACCCAGCGCGC_040,15
GGCACTCACACCCAGCGCGC_041,116
GGCACTCACACCCAGCGCGC_042,107
CCTACAGCAAATTCAGAGCG_001,164
CCTACAGCAAATTCAGAGCG_002,158
CCTACAGCAAATTCAGAGCG_003,177
CCTACAGCAAATTCAGAGCG_004,152
GCAGCATGACTACCACCTGG_001,46
GCAGCATGACTACCACCTGG_002,137
GCAGCATGACTACCACCTGG_003,129
GCAGCATGACTACCACCTGG_004,82
GCAGCATGACTACCACCTGG_005,17
GCAGCATGACTACCACCTGG_006,172
GCAGCATGACTACCACCTGG_007,130
GCAGCATGACTACCACCTGG_008,149
GCAGCATGACTACCACCTGG_009,188
GCAGCATGACTACCACCTGG_010,4
TCAATTCCATCACTAGTCGC_001,175
TCAATTCCATCACTAGTCGC_002,199
AGGCCAGCGAGTTACCTGAG_001,127
AGGCCAGCGAGTTACCTGAG_002,55
AGGCCAGCGAGTTACCTGAG_003,154
AGGCCAGCGAGTTACCTGAG_004,120
AGGCCAGCGAGTTACCTGAG_005,199
AGGCCAGCGAGTTACCTGAG_006,188
AGGCCAGCGAGTTACCTGAG_007,94
AGGCCAGCGAGTTACCTGAG_008,54
AGGCCAGCGAGTTACCTGAG_009,186
GCGGTTTCCCGAACGGAGCG_001,77
GCGGTTTCCCGAACGGAGCG_002,155
GCGGTTTCCCGAACGGAGCG_003,22
GCGGTTTCCCGAACGGAGCG_004,145
GCGGTTTCCCGAACGGAGCG_005,136
GCGGTTTCCCGAACGGAGCG_006,18
GCGGTTTCCCGAACGGAGCG_007,58
TCCAGCCCTAAGGTCTCAAG_001,163
TCCAGCCCTAAGGTCTCAAG_002,15
TCCAGCCCTAAGGTCTCAAG_003,149
TCCAGCCCTAAGGTCTCAAG_004,14
TAATCTGGATCGACCCTGTG_001,115
TAATCTGGATCGACCCTGTG_002,188
TAATCTGGATCGACCCTGTG_003,140
TAATCTGGATCGACCCTGTG_004,63
TAATCTGGATCGACCCTGTG_005,158
TAATCTGGATCGACCCTGTG_006,81
TAATCTGGATCGACCCTGTG_007,98
TAATCTGGATCGACCCTGTG_008,54
TAATCTGGATCGACCCTGTG_009,61
TAATCTGGATCGACCCTGTG_010,39
GATGACCAGCTCCTCCATGT_001,117
GATGACCAGCTCCTCCATGT_002,158
GATGACCAGCTCCTCCATGT_003,35
GATGACCAGCTCCTCCATGT_004,174
GATGACCAGCTCCTCCATGT_005,46
GATGACCAGCTCCTCCATGT_006,60
GATGACCAGCTCCTCCATGT_007,47
GATGACCAGCTCCTCCATGT_008,177
GTGGTCAAAGAGCTTCCAGA_001,56
GTGGTCAAAGAGCTTCCAGA_002,147
GTGGTCAAAGAGCTTCCAGA_003,134
GTGGTCAAAGAGCTTCCAGA_004,185
GTGGTCAAAGAGCTTCCAGA_005,23
GTGGTCAAAGAGCTTCCAGA_006,181
GTGGTCAAAGAGCTTCCAGA_007,30
GTGGTCAAAGAGCTTCCAGA_008,144
GTGGTCAAAGAGCTTCCAGA_009,158
GTGGTCAAAGAGCTTCCAGA_010,15
GTGGTCAAAGAGCTTCCAGA_011,194
GTGGTCAAAGAGCTTCCAGA_012,141
GTGGTCAAAGAGCTTCCAGA_013,60
GTGGTCAAAGAGCTTCCAGA_014,93
GTGGTCAAAGAGCTTCCAGA_015,44
GTGGTCAAAGAGCTTCCAGA_016,59
GTGGTCAAAGAGCTTCCAGA_017,78
GTGGTCAAAGAGCTTCCAGA_018,66
GTGGTCAAAGAGCTTCCAGA_019,94
GACTGTATACACCAGATCTG_001,166
GACTGTATACACCAGATCTG_002,48
GACTGTATACACCAGATCTG_003,136
GACTGTATACACCAGATCTG_004,144
GACTGTATACACCAGATCTG_005,61
GACTGTATACACCAGATCTG_006,140
GACTGTATACACCAGATCTG_007,145
GACTGTATACACCAGATCTG_008,12
GACTGTATACACCAGATCTG_009,198
GACTGTATACACCAGATCTG_010,135
GACTGTATACACCAGATCTG_011,38
GACTGTATACACCAGATCTG_012,18
GACTGTATACACCAGATCTG_013,185
GACTGTATACACCAGATCTG_014,94
GACTGTATACACCAGATCTG_015,16
ACTGTGTAAAAGATTTGTGC_001,190
ACTGTGTAAAAGATTTGTGC_002,27
ACTGTGTAAAAGATTTGTGC_003,23
ACTGTGTAAAAGATTTGTGC_004,23
CGCAAGCGCTTTCTTAAGCG_001,191
GTGGTTATGACGTGTGGTTG_001,168
GTGGTTATGACGTGTGGTTG_002,84
TGGAGCCGAAGAGTTTGACC_001,105
TGGAGCCGAAGAGTTTGACC_002,185
TGGAGCCGAAGAGTTTGACC_003,9
TGGAGCCGAAGAGTTTGACC_004,43
TGGAGCCGAAGAGTTTGACC_005,20
TGGAGCCGAAGAGTTTGACC_006,189
AGAAATCTAGTGTCTCCAAG_001,104
AGAAATCTAGTGTCTCCAAG_002,100
AGAAATCTAGTGTCTCCAAG_003,184
AGAAATCTAGTGTCTCCAAG_004,41
AGAAATCTAGTGTCTCCAAG_005,77
AGAAATCTAGTGTCTCCAAG_006,127
ACACAAAGACACATCCAGCG_001,36
ACACAAAGACACATCCAGCG_002,1
ACACAAAGACACATCCAGCG_003,94
ACACAAAGACACATCCAGCG_004,15
ACACAAAGACACATCCAGCG_005,33
ACACAAAGACACATCCAGCG_006,79
ACACAAAGACACATCCAGCG_007,21
ACACAAAGACACATCCAGCG_008,116
ACACAAAGACACATCCAGCG_009,128
ACACAAAGACACATCCAGCG_010,112
ACACAAAGACACATCCAGCG_011,186
ACACAAAGACACATCCAGCG_012,14
ACACAAAGACACATCCAGCG_013,162
ACACAAAGACACATCCAGCG_014,74
ACACAAAGACACATCCAGCG_015,157
ACACAAAGACACATCCAGCG_016,180
AAAGCCAGCGACGCTGATGT_001,4
AAAGCCAGCGACGCTGATGT_002,29
AAAGCCAGCGACGCTGATGT_003,8
AAAGCCAGCGACGCTGATGT_004,7
AAAGCCAGCGACGCTGATGT_005,1
AAAGCCAGCGACGCTGATGT_006,62
AAAGCCAGCGACGCTGATGT_007,113
AAAGCCAGCGACGCTGATGT_008,42
AAAGCCAGCGACGCTGATGT_009,113
AAAGCCAGCGACGCTGATGT_010,139
AAAGCCAGCGACGCTGATGT_011,28
AAAGCCAGCGACGCTGATGT_012,0
AAAGCCAGCGACGCTGATGT_013,10
AAAGCCAGCGACGCTGATGT_014,84
AAAGCCAGCGACGCTGATGT_015,149
AAAGCCAGCGACGCTGATGT_016,175
AAAGCCAGCGACGCTGATGT_017,42
AAAGCCAGCGACGCTGATGT_018,1
AAAGCCAGCGACGCTGATGT_019,141
AAAGCCAGCGACGCTGATGT_020,29
TGTGTGACCCCTGTCCGGAG_001,101
TGTGTGACCCCTGTCCGGAG_002,12
TGTGTGACCCCTGTCCGGAG_003,168
TGTGTGACCCCTGTCCGGAG_004,181
TGTGTGACCCCTGTCCGGAG_005,173
TGTGTGACCCCTGTCCGGAG_006,62
TGTGTGACCCCTGTCCGGAG_007,0
TGTGTGACCCCTGTCCGGAG_008,151
TGTGTGACCCCTGTCCGGAG_009,130
TGTGTGTGACAACTGTACAA_001,152
TGTGTGTGACAACTGTACAA_002,135
TGTGTGTGACAACTGTACAA_003,81
TGTGTGTGACAACTGTACAA_004,177
TGTGTGTGACAACTGTACAA_005,177
TGTGTGTGACAACTGTACAA_006,30
TGTGTGTGACAACTGTACAA_007,188
TGTGTGTGACAACTGTACAA_008,84
TGTGTGTGACAACTGTACAA_009,108
GATCTCGCCTATCATGGTGG_001,132
GATCTCGCCTATCATGGTGG_002,174
ATGTGGGAAAGCCTATAATG_001,145
ATGTGGGAAAGCCTATAATG_002,35
ATGTGGGAAAGCCTATAATG_003,89
ATGTGGGAAAGCCTATAATG_004,75
ATGTGGGAAAGCCTATAATG_005,100
ATGTGGGAAAGCCTATAATG_006,88
ATGTGGGAAAGCCTATAATG_007,148
ATGTGGGAAAGCCTATAATG_008,188
ATGTGGGAAAGCCTATAATG_009,32
ATGTGGGAAAGCCTATAATG_010,190
ATGTGGGAAAGCCTATAATG_011,178
ATGTGGGAAAGCCTATAATG_012,122
ATGTGGGAAAGCCTATAATG_013,116
ATGTGGGAAAGCCTATAATG_014,190
AGGGGACCTCCGGAATCACA_001,37
AGGGGACCTCCGGAATCACA_002,74
AGGGGACCTCCGGAATCACA_003,183
AGGGGACCTCCGGAATCACA_004,147
AGGGGACCTCCGGAATCACA_005,81
AGGGGACCTCCGGAATCACA_006,150
AGGGGACCTCCGGAATCACA_007,137
AGGGGACCTCCGGAATCACA_008,43
AGGGGACCTCCGGAATCACA_009,132
AGGGGACCTCCGGAATCACA_010,23
AGGGGACCTCCGGAATCACA_011,114
AGGGGACCTCCGGAATCACA_012,68
CCAGCAGCTCTCAAGCCATG_001,121
CCAGCAGCTCTCAAGCCATG_002,13
CCAGCAGCTCTCAAGCCATG_003,28
CCTCTAAAGTCGTGGCATCG_001,193
CCTCTAAAGTCGTGGCATCG_002,181
CCTCTAAAGTCGTGGCATCG_003,41
CCTCTAAAGTCGTGGCATCG_004,127
CCTCTAAAGTCGTGGCATCG_005,78
CCTCTAAAGTCGTGGCATCG_006,157
CCTCTAAAGTCGTGGCATCG_007,77
CCTCTAAAGTCGTGGCATCG_008,73
CCTCTAAAGTCGTGGCATCG_009,31
CCTCTAAAGTCGTGGCATCG_010,191
CCTCTAAAGTCGTGGCATCG_011,101
CCTCTAAAGTCGTGGCATCG_012,76
CCTCTAAAGTCGTGGCATCG_013,45
CCTCTAAAGTCGTGGCATCG_014,12
CCTCTAAAGTCGTGGCATCG_015,148
CCTCTAAAGTCGTGGCATCG_016,92
CCTCTAAAGTCGTGGCATCG_017,73
CCTCTAAAGTCGTGGCATCG_018,2
CCTCTAAAGTCGTGGCATCG_019,187
CCTCTAAAGTCGTGGCATCG_020,187
CCTCTAAAGTCGTGGCATCG_021,174
CCTCTAAAGTCGTGGCATCG_022,68
CCTCTAAAGTCGTGGCATCG_023,148
CCTCTAAAGTCGTGGCATCG_024,106
CCTCTAAAGTCGTGGCATCG_025,138
CCTCTAAAGTCGTGGCATCG_026,20
CCTCTAAAGTCGTGGCATCG_027,198
CCTCTAAAGTCGTGGCATCG_028,90
CCTCTAAAGTCGTGGCATCG_029,126
GGGCTTACCAATAAACGACT_001,151
GGGCTTACCAATAAACGACT_002,131
GGGCTTACCAATAAACGACT_003,102
GGGCTTACCAATAAACGACT_004,150
GGGCTTACCAATAAACGACT_005,188
GGGCTTACCAATAAACGACT_006,152
GGGCTTACCAATAAACGACT_007,188
GGGCTTACCAATAAACGACT_008,56
GGGCTTACCAATAAACGACT_009,94
GGGCTTACCAATAAACGACT_010,169
TCTTAAATAGGTGCGATGCA_001,97
TCTTAAATAGGTGCGATGCA_002,98
TCTTAAATAGGTGCGATGCA_003,174
AGGGTGAAGATTTACGACAT_001,198
AGGGTGAAGATTTACGACAT_002,62
AGGGTGAAGATTTACGACAT_003,172
AGGGTGAAGATTTACGACAT_004,166
AGGGTGAAGATTTACGACAT_005,15
AGGGTGAAGATTTACGACAT_006,155
AGGGTGAAGATTTACGACAT_007,58
AGGGTGAAGATTTACGACAT_008,91
AGGGTGAAGATTTACGACAT_009,111
AGGGTGAAGATTTACGACAT_010,126
AGGGTGAAGATTTACGACAT_011,31
AGGGTGAAGATTTACGACAT_012,1
AGGGTGAAGATTTACGACAT_013,115
AGGGTGAAGATTTACGACAT_014,106
AGGGTGAAGATTTACGACAT_015,52
AGGGTGAAGATTTACGACAT_016,144
AGGGTGAAGATTTACGACAT_017,198
AGGGTGAAGATTTACGACAT_018,42
AGGGTGAAGATTTACGACAT_019,46
AGGGTGAAGATTTACGACAT_020,9
AGGGTGAAGATTTACGACAT_021,46
AGGGTGAAGATTTACGACAT_022,180
AGGGTGAAGATTTACGACAT_023,148
AGGGTGAAGATTTACGACAT_024,74
AGGGTGAAGATTTACGACAT_025,114
AGGGTGAAGATTTACGACAT_026,188
AATCCAGATTCACCATAGGG_001,28
AATCCAGATTCACCATAGGG_002,37
AATCCAGATTCACCATAGGG_003,42
AATCCAGATTCACCATAGGG_004,27
AATCCAGATTCACCATAGGG_005,29
AATCCAGATTCACCATAGGG_006,115
GCTCTCGGTGATACGTATCC_001,87
GCTCTCGGTGATACGTATCC_002,174
GCTCTCGGTGATACGTATCC_003,137
CGTGGCGAAGCTCCCCTGTG_001,63
CGTGGCGAAGCTCCCCTGTG_002,191
CGTGGCGAAGCTCCCCTGTG_003,132
CGTGGCGAAGCTCCCCTGTG_004,85
CGTGGCGAAGCTCCCCTGTG_005,12
CGTGGCGAAGCTCCCCTGTG_006,66
CGTGGCGAAGCTCCCCTGTG_007,168
CGTGGCGAAGCTCCCCTGTG_008,12
CGTGGCGAAGCTCCCCTGTG_009,37
CGTGGCGAAGCTCCCCTGTG_010,72
CGTGGCGAAGCTCCCCTGTG_011,72
CGTGGCGAAGCTCCCCTGTG_012,191
CGTGGCGAAGCTCCCCTGTG_013,134
CGTGGCGAAGCTCCCCTGTG_014,137
CGTGGCGAAGCTCCCCTGTG_015,55
CGTGGCGAAGCTCCCCTGTG_016,159
CGTGGCGAAGCTCCCCTGTG_017,161
CGTGGCGAAGCTCCCCTGTG_018,13
CGTGGCGAAGCTCCCCTGTG_019,176
TGACATAGCCAAGAGCTTTG_001,67
TGACATAGCCAAGAGCTTTG_002,64
TGACATAGCCAAGAGCTTTG_003,76
TGACATAGCCAAGAGCTTTG_004,188
TGACATAGCCAAGAGCTTTG_005,30
TGACATAGCCAAGAGCTTTG_006,78
TGACATAGCCAAGAGCTTTG_007,19
TGACATAGCCAAGAGCTTTG_008,154
TGACATAGCCAAGAGCTTTG_009,48
TGACATAGCCAAGAGCTTTG_010,177
TGACATAGCCAAGAGCTTTG_011,112
TGACATAGCCAAGAGCTTTG_012,83
TGACATAGCCAAGAGCTTTG_013,33
TGACATAGCCAAGAGCTTTG_014,48
TGTAGGATGGAATAGCAACC_001,182
TGTAGGATGGAATAGCAACC_002,26
TGTAGGATGGAATAGCAACC_003,102
TGTAGGATGGAATAGCAACC_004,165
TGTAGGATGGAATAGCAACC_005,166
ACCACAAGACGCCGTTCCGG_001,6
ACCACAAGACGCCGTTCCGG_002,133
ACCACAAGACGCCGTTCCGG_003,182
ACCACAAGACGCCGTTCCGG_004,128
ACCACAAGACGCCGTTCCGG_005,144
ACCACAAGACGCCGTTCCGG_006,46
ACCACAAGACGCCGTTCCGG_007,91
ACCACAAGACGCCGTTCCGG_008,160
ACCACAAGACGCCGTTCCGG_009,1
ACCACAAGACGCCGTTCCGG_010,88
ACCACAAGACGCCGTTCCGG_011,150
ACCACAAGACGCCGTTCCGG_012,76
GTAGATAGCGTAGTGTAGAG_001,58
GTAGATAGCGTAGTGTAGAG_002,198
GTAGATAGCGTAGTGTAGAG_003,23
GTAGATAGCGTAGTGTAGAG_004,137
GGCGTTGGAAAGGCAACTTG_001,74
GGCGTTGGAAAGGCAACTTG_002,53
GGCGTTGGAAAGGCAACTTG_003,107
GGCGTTGGAAAGGCAACTTG_004,112
GGCGTTGGAAAGGCAACTTG_005,75
GGCGTTGGAAAGGCAACTTG_006,98
GGCGTTGGAAAGGCAACTTG_007,129
GGCGTTGGAAAGGCAACTTG_008,48
GGCGTTGGAAAGGCAACTTG_009,64
GGCGTTGGAAAGGCAACTTG_010,194
GGCGTTGGAAAGGCAACTTG_011,188
GGCGTTGGAAAGGCAACTTG_012,146
GGCGTTGGAAAGGCAACTTG_013,8
GGCGTTGGAAAGGCAACTTG_014,144
GGCGTTGGAAAGGCAACTTG_015,111
GGCGTTGGAAAGGCAACTTG_016,63
GGCGTTGGAAAGGCAACTTG_017,58
GGCGTTGGAAAGGCAACTTG_018,87
GGCGTTGGAAAGGCAACTTG_019,60
GGCGTTGGAAAGGCAACTTG_020,194
AGTACTTTGCAGAGACCGAG_001,175
AGTACTTTGCAGAGACCGAG_002,181
AGTACTTTGCAGAGACCGAG_003,78
AGTACTTTGCAGAGACCGAG_004,43
AGTACTTTGCAGAGACCGAG_005,51
AGTACTTTGCAGAGACCGAG_006,134
AGTACTTTGCAGAGACCGAG_007,116
AGTACTTTGCAGAGACCGAG_008,197
AGTACTTTGCAGAGACCGAG_009,117
AGTACTTTGCAGAGACCGAG_010,175
AGTACTTTGCAGAGACCGAG_011,170
AGTACTTTGCAGAGACCGAG_012,100
AGTACTTTGCAGAGACCGAG_013,43
AGTACTTTGCAGAGACCGAG_014,38
AGTACTTTGCAGAGACCGAG_015,188
AGTACTTTGCAGAGACCGAG_016,140
AGTACTTTGCAGAGACCGAG_017,48
AGTACTTTGCAGAGACCGAG_018,188
CCACAAAAGTCCCCCCGGGG_001,125
CCACAAAAGTCCCCCCGGGG_002,98
CCACAAAAGTCCCCCCGGGG_003,129
CCACAAAAGTCCCCCCGGGG_004,2
CCACAAAAGTCCCCCCGGGG_005,105
AGATGTGCATGAACCACTGT_001,82
AGATGTGCATGAACCACTGT_002,171
AGATGTGCATGAACCACTGT_003,163
AGATGTGCATGAACCACTGT_004,144
AGATGTGCATGAACCACTGT_005,105
GTAGATAAACCATTTGTCTG_001,108
GTAGATAAACCATTTGTCTG_002,57
GTAGATAAACCATTTGTCTG_003,89
GTAGATAAACCATTTGTCTG_004,178
GTAGATAAACCATTTGTCTG_005,148
GTAGATAAACCATTTGTCTG_006,44
GTAGATAAACCATTTGTCTG_007,154
AAAATGTTAGCTGAGACAAG_001,11
AAAATGTTAGCTGAGACAAG_002,89
AAAATGTTAGCTGAGACAAG_003,41
ACTTGTCAGGAAAAGAACGT_001,29
ACTTGTCAGGAAAAGAACGT_002,49
ACTTGTCAGGAAAAGAACGT_003,55
ACTTGTCAGGAAAAGAACGT_004,141
ACTTGTCAGGAAAAGAACGT_005,33
ACTTGTCAGGAAAAGAACGT_006,170
ACTTGTCAGGAAAAGAACGT_007,145
ACTTGTCAGGAAAAGAACGT_008,76
ACTTGTCAGGAAAAGAACGT_009,169
ACTTGTCAGGAAAAGAACGT_010,22
CCTCTTATGGTATGTCAGGG_001,12
AATGCCATCGACAAGATCCG_001,49
AATGCCATCGACAAGATCCG_002,44
AATGCCATCGACAAGATCCG_003,65
AATGCCATCGACAAGATCCG_004,48
AATGCCATCGACAAGATCCG_005,31
AATGCCATCGACAAGATCCG_006,57
AATGCCATCGACAAGATCCG_007,137
AATGCCATCGACAAGATCCG_008,137
AATGCCATCGACAAGATCCG_009,151
AATGCCATCGACAAGATCCG_010,111
AATGCCATCGACAAGATCCG_011,9
AATGCCATCGACAAGATCCG_012,158
AATGCCATCGACAAGATCCG_013,127
AATGCCATCGACAAGATCCG_014,41
AATGCCATCGACAAGATCCG_015,25
AATGCCATCGACAAGATCCG_016,2
AATGCCATCGACAAGATCCG_017,138
AATGCCATCGACAAGATCCG_018,147
AATGCCATCGACAAGATCCG_019,47
AATGCCATCGACAAGATCCG_020,191
AATGCCATCGACAAGATCCG_021,145
AATGCCATCGACAAGATCCG_022,176
AATGCCATCGACAAGATCCG_023,124
AATGCCATCGACAAGATCCG_024,147
AATGCCATCGACAAGATCCG_025,107
GAACGACTCTGGGTACAAGC_001,150
GAACGACTCTGGGTACAAGC_002,69
GAACGACTCTGGGTACAAGC_003,4
TGACCGAATACCTCAGAGGG_001,145
TGACCGAATACCTCAGAGGG_002,76
TGACCGAATACCTCAGAGGG_003,103
TGACCGAATACCTCAGAGGG_004,114
TGACCGAATACCTCAGAGGG_005,127
TGACCGAATACCTCAGAGGG_006,63
TGACCGAATACCTCAGAGGG_007,57
TGACCGAATACCTCAGAGGG_008,14
TGACCGAATACCTCAGAGGG_009,167
TGACCGAATACCTCAGAGGG_010,138
TGACCGAATACCTCAGAGGG_011,56
TGACCGAATACCTCAGAGGG_012,121
AGAATCGTCTGTCTTAAGCA_001,81
AGAATCGTCTGTCTTAAGCA_002,58
AGAATCGTCTGTCTTAAGCA_003,74
AGGAGGGAGTAGAATCGTGA_001,175
AGGAGGGAGTAGAATCGTGA_002,177
AGGAGGGAGTAGAATCGTGA_003,53
AGGAGGGAGTAGAATCGTGA_004,140
AGGAGGGAGTAGAATCGTGA_005,62
AGGAGGGAGTAGAATCGTGA_006,126
AGGAGGGAGTAGAATCGTGA_007,152
AGGAGGGAGTAGAATCGTGA_008,34
AGGAGGGAGTAGAATCGTGA_009,63
CCGGGCCCGCTAGTAGCCCA_001,171
CCGGGCCCGCTAGTAGCCCA_002,23
CCGGGCCCGCTAGTAGCCCA_003,181
CCGGGCCCGCTAGTAGCCCA_004,182
CCGGGCCCGCTAGTAGCCCA_005,170
CCGGGCCCGCTAGTAGCCCA_006,193
CCGGGCCCGCTAGTAGCCCA_007,138
CCGGGCCCGCTAGTAGCCCA_008,59
CCGGGCCCGCTAGTAGCCCA_009,48
CCGGGCCCGCTAGTAGCCCA_010,76
CCGGGCCCGCTAGTAGCCCA_011,92
CCGGGCCCGCTAGTAGCCCA_012,193
CCGGGCCCGCTAGTAGCCCA_013,150
CCGGGCCCGCTAGTAGCCCA_014,35
CCGGGCCCGCTAGTAGCCCA_015,144
CCGGGCCCGCTAGTAGCCCA_016,157
CCGGGCCCGCTAGTAGCCCA_017,157
CCGGGCCCGCTAGTAGCCCA_018,188
CCGGGCCCGCTAGTAGCCCA_019,106
CCGGGCCCGCTAGTAGCCCA_020,160
CCGGGCCCGCTAGTAGCCCA_021,50
CCGGGCCCGCTAGTAGCCCA_022,28
CCGGGCCCGCTAGTAGCCCA_023,56
CCGGGCCCGCTAGTAGCCCA_024,137
GGGGCCGCGAACTTCCACTG_001,32
GGGGCCGCGAACTTCCACTG_002,28
GGGGCCGCGAACTTCCACTG_003,56
GGGGCCGCGAACTTCCACTG_004,70
GGGGCCGCGAACTTCCACTG_005,146
GGGGCCGCGAACTTCCACTG_006,50
GGGGCCGCGAACTTCCACTG_007,25
GGGGCCGCGAACTTCCACTG_008,12
GGGGCCGCGAACTTCCACTG_009,95
GGGGCCGCGAACTTCCACTG_010,104
GGGGCCGCGAACTTCCACTG_011,199
GGGGCCGCGAACTTCCACTG_012,54
GGGGCCGCGAACTTCCACTG_013,20
GGGGCCGCGAACTTCCACTG_014,110
GGGGCCGCGAACTTCCACTG_015,178
GGGGCCGCGAACTTCCACTG_016,15
GGGGCCGCGAACTTCCACTG_017,23
GGGGCCGCGAACTTCCACTG_018,42
GGGGCCGCGAACTTCCACTG_019,42
GGGGCCGCGAACTTCCACTG_020,17
GGGGCCGCGAACTTCCACTG_021,68
GGGGCCGCGAACTTCCACTG_022,82
GGGGCCGCGAACTTCCACTG_023,166
GGGGCCGCGAACTTCCACTG_024,81
GGGGCCGCGAACTTCCACTG_025,43
GGGGCCGCGAACTTCCACTG_026,172
GGGGCCGCGAACTTCCACTG_027,161
GGGGCCGCGAACTTCCACTG_028,178
GGGGCCGCGAACTTCCACTG_029,137
GGGGCCGCGAACTTCCACTG_030,35
GGGGCCGCGAACTTCCACTG_031,57
GGGGCCGCGAACTTCCACTG_032,49
GGGGCCGCGAACTTCCACTG_033,142
GGGGCCGCGAACTTCCACTG_034,101
GGGGCCGCGAACTTCCACTG_035,156
GGGGCCGCGAACTTCCACTG_036,192
GGGGCCGCGAACTTCCACTG_037,153
GGGGCCGCGAACTTCCACTG_038,34
GGGGCCGCGAACTTCCACTG_039,1
GTAGTAGACGGCGAGCACGA_001,180
GTAGTAGACGGCGAGCACGA_002,94
GTAGTAGACGGCGAGCACGA_003,50
GTAGTAGACGGCGAGCACGA_004,27
GTAGTAGACGGCGAGCACGA_005,130
GTAGTAGACGGCGAGCACGA_006,138
GTAGTAGACGGCGAGCACGA_007,127
GTAGTAGACGGCGAGCACGA_008,17
GTAGTAGACGGCGAGCACGA_009,28
GTAGTAGACGGCGAGCACGA_010,168
GTAGTAGACGGCGAGCACGA_011,188
GTAGTAGACGGCGAGCACGA_012,165
GTAGTAGACGGCGAGCACGA_013,109
GTAGTAGACGGCGAGCACGA_014,196
GTAGTAGACGGCGAGCACGA_015,64
GTAGTAGACGGCGAGCACGA_016,172
GTAGTAGACGGCGAGCACGA_017,165
GTAGTAGACGGCGAGCACGA_018,29
GTAGTAGACGGCGAGCACGA_019,103
GTAGTAGACGGCGAGCACGA_020,55
GTAGTAGACGGCGAGCACGA_021,160
GCTGTCCCGGGACTCACCGG_001,32
GCTGTCCCGGGACTCACCGG_002,138
GCTGTCCCGGGACTCACCGG_003,10
GCTGTCCCGGGACTCACCGG_004,85
GTATGAATCGACTAATAAGG_001,116
GTATGAATCGACTAATAAGG_002,175
GTATGAATCGACTAATAAGG_003,149
CCCCGAGTTCACCAGCACGA_001,149
CCCCGAGTTCACCAGCACGA_002,137
CCCCGAGTTCACCAGCACGA_003,72
CCCCGAGTTCACCAGCACGA_004,115
CCCCGAGTTCACCAGCACGA_005,126
CCCCGAGTTCACCAGCACGA_006,137
CCCCGAGTTCACCAGCACGA_007,80
CCCCGAGTTCACCAGCACGA_008,181
CCCCGAGTTCACCAGCACGA_009,147
CCCCGAGTTCACCAGCACGA_010,191
CCCCGAGTTCACCAGCACGA_011,43
CCCCGAGTTCACCAGCACGA_012,123
CCCCGAGTTCACCAGCACGA_013,174
CCCCGAGTTCACCAGCACGA_014,57
CCCCGAGTTCACCAGCACGA_015,41
CCCCGAGTTCACCAGCACGA_016,169
CCCCGAGTTCACCAGCACGA_017,62
CCCCGAGTTCACCAGCACGA_018,40
CCCCGAGTTCACCAGCACGA_019,199
CCCCGAGTTCACCAGCACGA_020,0
CCCCGAGTTCACCAGCACGA_021,171
CCCCGAGTTCACCAGCACGA_022,175
CCCCGAGTTCACCAGCACGA_023,67
CCCCGAGTTCACCAGCACGA_024,36
CCCCGAGTTCACCAGCACGA_025,161
CCCCGAGTTCACCAGCACGA_026,2
CCCCGAGTTCACCAGCACGA_027,77
CCCCGAGTTCACCAGCACGA_028,127
GTGGAATAGCAGTGAGAACA_001,58
TGGGATGATATCAACAACGT_001,19
TGGGATGATATCAACAACGT_002,11
AGACCCCCTAGAGTTAGAGG_001,43
AGACCCCCTAGAGTTAGAGG_002,68
AGACCCCCTAGAGTTAGAGG_003,61
AGACCCCCTAGAGTTAGAGG_004,60
AGACCCCCTAGAGTTAGAGG_005,176
AGACCCCCTAGAGTTAGAGG_006,14
AGACCCCCTAGAGTTAGAGG_007,105
AGACCCCCTAGAGTTAGAGG_008,88
AGACCCCCTAGAGTTAGAGG_009,8
AGACCCCCTAGAGTTAGAGG_010,78
AGACCCCCTAGAGTTAGAGG_011,9
AGACCCCCTAGAGTTAGAGG_012,12
AGACCCCCTAGAGTTAGAGG_013,6
AGACCCCCTAGAGTTAGAGG_014,115
AGACCCCCTAGAGTTAGAGG_015,8
AGACCCCCTAGAGTTAGAGG_016,116
AGACCCCCTAGAGTTAGAGG_017,52
AGACCCCCTAGAGTTAGAGG_018,70
GGACTGTGTACCTCAGTGGG_001,53
GGACTGTGTACCTCAGTGGG_002,162
GGACTGTGTACCTCAGTGGG_003,75
GGACTGTGTACCTCAGTGGG_004,35
GGACTGTGTACCTCAGTGGG_005,149
GGACTGTGTACCTCAGTGGG_006,174
GGACTGTGTACCTCAGTGGG_007,124
GGACTGTGTACCTCAGTGGG_008,56
GGACTGTGTACCTCAGTGGG_009,149
GGACTGTGTACCTCAGTGGG_010,48
CGTCCAGAGTGAAATCTCGG_001,54
CGTCCAGAGTGAAATCTCGG_002,82
CGTCCAGAGTGAAATCTCGG_003,34
CGTCCAGAGTGAAATCTCGG_004,151
CGTCCAGAGTGAAATCTCGG_005,46
CGTCCAGAGTGAAATCTCGG_006,142
ACACTCCAAGGTGTTTACCA_001,101
ACACTCCAAGGTGTTTACCA_002,62
ACACTCCAAGGTGTTTACCA_003,150
ACACTCCAAGGTGTTTACCA_004,130
ACACTCCAAGGTGTTTACCA_005,55
ACACTCCAAGGTGTTTACCA_006,160
ACACTCCAAGGTGTTTACCA_007,45
ACACTCCAAGGTGTTTACCA_008,169
ACACTCCAAGGTGTTTACCA_009,150
ACACTCCAAGGTGTTTACCA_010,145
ACACTCCAAGGTGTTTACCA_011,120
ACACTCCAAGGTGTTTACCA_012,158
ACACTCCAAGGTGTTTACCA_013,166
ACACTCCAAGGTGTTTACCA_014,144
ACACTCCAAGGTGTTTACCA_015,143
ACACTCCAAGGTGTTTACCA_016,133
ACACTCCAAGGTGTTTACCA_017,132
ACACTCCAAGGTGTTTACCA_018,3
ACACTCCAAGGTGTTTACCA_019,40
ACACTCCAAGGTGTTTACCA_020,72
ATGACAGAATTCGAGTCGAA_001,108
ATGACAGAATTCGAGTCGAA_002,133
ATGACAGAATTCGAGTCGAA_003,93
ATGACAGAATTCGAGTCGAA_004,78
ATGACAGAATTCGAGTCGAA_005,138
ATGACAGAATTCGAGTCGAA_006,199
ATGACAGAATTCGAGTCGAA_007,166
ATGACAGAATTCGAGTCGAA_008,188
CACAGCATCGGCAAGATCGG_001,77
CACAGCATCGGCAAGATCGG_002,176
CACAGCATCGGCAAGATCGG_003,162
CACAGCATCGGCAAGATCGG_004,64
CACAGCATCGGCAAGATCGG_005,5
CACAGCATCGGCAAGATCGG_006,30
CACAGCATCGGCAAGATCGG_007,77
CACAGCATCGGCAAGATCGG_008,188
CACAGCATCGGCAAGATCGG_009,136
CACAGCATCGGCAAGATCGG_010,181
CACAGCATCGGCAAGATCGG_011,104
CACAGCATCGGCAAGATCGG_012,51
CACAGCATCGGCAAGATCGG_013,41
CACAGCATCGGCAAGATCGG_014,48
CACAGCATCGGCAAGATCGG_015,65
CACAGCATCGGCAAGATCGG_016,38
CACAGCATCGGCAAGATCGG_017,16
CACAGCATCGGCAAGATCGG_018,98
CACAGCATCGGCAAGATCGG_019,10
CACAGCATCGGCAAGATCGG_020,88
GATTGTCAAAGGCATCGATG_001,24
GATTGTCAAAGGCATCGATG_002,34
GATTGTCAAAGGCATCGATG_003,60
GATTGTCAAAGGCATCGATG_004,23
GATTGTCAAAGGCATCGATG_005,94
GATTGTCAAAGGCATCGATG_006,130
GATTGTCAAAGGCATCGATG_007,22
GATTGTCAAAGGCATCGATG_008,105
GATTGTCAAAGGCATCGATG_009,62
GATTGTCAAAGGCATCGATG_010,147
GATTGTCAAAGGCATCGATG_011,20
TGGAGTGAGAATTACACAGA_001,190
TGGAGTGAGAATTACACAGA_002,191
TGGAGTGAGAATTACACAGA_003,165
TGGAGTGAGAATTACACAGA_004,89
TGGAGTGAGAATTACACAGA_005,123
TGGAGTGAGAATTACACAGA_006,81
TGGAGTGAGAATTACACAGA_007,106
TGGAGTGAGAATTACACAGA_008,148
TGTGTGCGCTTCGAGCGTCG_001,85
TGTGTGCGCTTCGAGCGTCG_002,112
CAGAGGGAAAATGGTCCCCG_001,74
CAGAGGGAAAATGGTCCCCG_002,94
CAGAGGGAAAATGGTCCCCG_003,2
CAGAGGGAAAATGGTCCCCG_004,77
CAGAGGGAAAATGGTCCCCG_005,155
CAGAGGGAAAATGGTCCCCG_006,33
CAGAGGGAAAATGGTCCCCG_007,30
CAGAGGGAAAATGGTCCCCG_008,94
CAGAGGGAAAATGGTCCCCG_009,78
CAGAGGGAAAATGGTCCCCG_010,7
CAGAGGGAAAATGGTCCCCG_011,44
CAGAGGGAAAATGGTCCCCG_012,83
CAGAGGGAAAATGGTCCCCG_013,144
CAGAGGGAAAATGGTCCCCG_014,147
CAGAGGGAAAATGGTCCCCG_015,177
CAGAGGGAAAATGGTCCCCG_016,48
CAGAGGGAAAATGGTCCCCG_017,18
CAGAGGGAAAATGGTCCCCG_018,142
CAGAGGGAAAATGGTCCCCG_019,0
ATTCATCGATAGACTCAGAT_001,111
ATTCATCGATAGACTCAGAT_002,106
ATTCATCGATAGACTCAGAT_003,106
ATTCATCGATAGACTCAGAT_004,11
ATTCATCGATAGACTCAGAT_005,138
ATTCATCGATAGACTCAGAT_006,160
ATTCATCGATAGACTCAGAT_007,95
ATTCATCGATAGACTCAGAT_008,136
ATTCATCGATAGACTCAGAT_009,163
ATTCATCGATAGACTCAGAT_010,156
ATTCATCGATAGACTCAGAT_011,156
ATTCATCGATAGACTCAGAT_012,139
ATTCATCGATAGACTCAGAT_013,169
ATTCATCGATAGACTCAGAT_014,77
GTTTCTTACACAGCACCCCC_001,180
GTTTCTTACACAGCACCCCC_002,113
TTGTTGGTACATCAGTACCT_001,163
TTGTTGGTACATCAGTACCT_002,137
TTGTTGGTACATCAGTACCT_003,3
TTGTTGGTACATCAGTACCT_004,166
TTGTTGGTACATCAGTACCT_005,135
CTACAGGTAGCTTCGCAGTG_001,162
CTACAGGTAGCTTCGCAGTG_002,76
CTACAGGTAGCTTCGCAGTG_003,181
CTACAGGTAGCTTCGCAGTG_004,130
CTACAGGTAGCTTCGCAGTG_005,15
CTACAGGTAGCTTCGCAGTG_006,35
CTACAGGTAGCTTCGCAGTG_007,179
CTACAGGTAGCTTCGCAGTG_008,139
CTACAGGTAGCTTCGCAGTG_009,134
CTACAGGTAGCTTCGCAGTG_010,120
GTTCGAAGGCACAAGCGAAG_001,45
GTTCGAAGGCACAAGCGAAG_002,180
GTTCGAAGGCACAAGCGAAG_003,43
GTTCGAAGGCACAAGCGAAG_004,9
GTTCGAAGGCACAAGCGAAG_005,198
GTTCGAAGGCACAAGCGAAG_006,80
GTTCGAAGGCACAAGCGAAG_007,91
GTTCGAAGGCACAAGCGAAG_008,28
GTTCGAAGGCACAAGCGAAG_009,62
GTTCGAAGGCACAAGCGAAG_010,105
GTTCGAAGGCACAAGCGAAG_011,189
GTTCGAAGGCACAAGCGAAG_012,198
GTTCGAAGGCACAAGCGAAG_013,153
GTTCGAAGGCACAAGCGAAG_014,77
GTTCGAAGGCACAAGCGAAG_015,149
GTTCGAAGGCACAAGCGAAG_016,78
GTTCGAAGGCACAAGCGAAG_017,142
GTTCGAAGGCACAAGCGAAG_018,50
GTTCGAAGGCACAAGCGAAG_019,56
GTTCGAAGGCACAAGCGAAG_020,174
GTTCGAAGGCACAAGCGAAG_021,19
GTTCGAAGGCACAAGCGAAG_022,170
GTTCGAAGGCACAAGCGAAG_023,48
GTTCGAAGGCACAAGCGAAG_024,76
GTTCGAAGGCACAAGCGAAG_025,184
GTTCGAAGGCACAAGCGAAG_026,15
GTTCGAAGGCACAAGCGAAG_027,89
CTTGGTGCAACTGAAAACAT_001,41
CATTGCGAATGGCTTTGTGA_001,118
CATTGCGAATGGCTTTGTGA_002,105
CATTGCGAATGGCTTTGTGA_003,52
CATTGCGAATGGCTTTGTGA_004,9
CATTGCGAATGGCTTTGTGA_005,112
CATTGCGAATGGCTTTGTGA_006,148
CATTGCGAATGGCTTTGTGA_007,114
CATTGCGAATGGCTTTGTGA_008,113
CATTGCGAATGGCTTTGTGA_009,115
CATTGCGAATGGCTTTGTGA_010,154
CATTGCGAATGGCTTTGTGA_011,18
CATTGCGAATGGCTTTGTGA_012,42
CATTGCGAATGGCTTTGTGA_013,102
CATTGCGAATGGCTTTGTGA_014,38
CATTGCGAATGGCTTTGTGA_015,103
GAACGGGGTGAATGGAACAG_001,105
GAACGGGGTGAATGGAACAG_002,145
GAACGGGGTGAATGGAACAG_003,130
GAACGGGGTGAATGGAACAG_004,65
GAACGGGGTGAATGGAACAG_005,196
GAACGGGGTGAATGGAACAG_006,158
GAACGGGGTGAATGGAACAG_007,129
GAACGGGGTGAATGGAACAG_008,159
GAACGGGGTGAATGGAACAG_009,154
GAACGGGGTGAATGGAACAG_010,74
GAACGGGGTGAATGGAACAG_011,119
GAACGGGGTGAATGGAACAG_012,15
GAACGGGGTGAATGGAACAG_013,103
GAACGGGGTGAATGGAACAG_014,13
GAACGGGGTGAATGGAACAG_015,100
GAACGGGGTGAATGGAACAG_016,125
GAACGGGGTGAATGGAACAG_017,166
GAACGGGGTGAATGGAACAG_018,162
GAACGGGGTGAATGGAACAG_019,121
GAACGGGGTGAATGGAACAG_020,44
GAACGGGGTGAATGGAACAG_021,41
GAACGGGGTGAATGGAACAG_022,102
GAACGGGGTGAATGGAACAG_023,139
GAACGGGGTGAATGGAACAG_024,195
GAACGGGGTGAATGGAACAG_025,186
GAACGGGGTGAATGGAACAG_026,131
GAACGGGGTGAATGGAACAG_027,145
GAACGGGGTGAATGGAACAG_028,160
GAACGGGGTGAATGGAACAG_029,160
GAACGGGGTGAATGGAACAG_030,173
GAACGGGGTGAATGGAACAG_031,195
CGAGCCCAGGTCAGCAACGA_001,98
CGAGCCCAGGTCAGCAACGA_002,9
CGAGCCCAGGTCAGCAACGA_003,143
CGAGCCCAGGTCAGCAACGA_004,12
CGAGCCCAGGTCAGCAACGA_005,12
CGAGCCCAGGTCAGCAACGA_006,1
CGAGCCCAGGTCAGCAACGA_007,181
CGAGCCCAGGTCAGCAACGA_008,181
CGAGCCCAGGTCAGCAACGA_009,123
CGAGCCCAGGTCAGCAACGA_010,123
CGAGCCCAGGTCAGCAACGA_011,16
TTTGAATGCTGAGATCCCAT_001,138
CAGGGTGTATTCATCCAGCG_001,146
CAGGGTGTATTCATCCAGCG_002,42
CAGGGTGTATTCATCCAGCG_003,52
GTTGACAGGAAATGTGTGCA_001,102
GTTGACAGGAAATGTGTGCA_002,60
GTTGACAGGAAATGTGTGCA_003,8
GTTGACAGGAAATGTGTGCA_004,168
GTTGACAGGAAATGTGTGCA_005,52
GTTGACAGGAAATGTGTGCA_006,174
GTTGACAGGAAATGTGTGCA_007,32
GTTGACAGGAAATGTGTGCA_008,186
GTTGACAGGAAATGTGTGCA_009,54
GTTGACAGGAAATGTGTGCA_010,78
GTTGACAGGAAATGTGTGCA_011,50
GTTGACAGGAAATGTGTGCA_012,80
GTTGACAGGAAATGTGTGCA_013,149
GTTGACAGGAAATGTGTGCA_014,9
GTTGACAGGAAATGTGTGCA_015,197
GTTGACAGGAAATGTGTGCA_016,28
GTTGACAGGAAATGTGTGCA_017,123
GTTGACAGGAAATGTGTGCA_018,150
GATGTGTGGGGATCAGCTTG_001,96
GATGTGTGGGGATCAGCTTG_002,79
GATGTGTGGGGATCAGCTTG_003,83
GATGTGTGGGGATCAGCTTG_004,163
GATGTGTGGGGATCAGCTTG_005,78
GATGTGTGGGGATCAGCTTG_006,134
GATGTGTGGGGATCAGCTTG_007,147
GATGTGTGGGGATCAGCTTG_008,183
GATGTGTGGGGATCAGCTTG_009,195
GATGTGTGGGGATCAGCTTG_010,108
GATGTGTGGGGATCAGCTTG_011,108
GATGTGTGGGGATCAGCTTG_012,104
GATGTGTGGGGATCAGCTTG_013,154
GATGTGTGGGGATCAGCTTG_014,78
GATGTGTGGGGATCAGCTTG_015,176
GATGTGTGGGGATCAGCTTG_016,187
GATGTGTGGGGATCAGCTTG_017,94
GATGTGTGGGGATCAGCTTG_018,60
GATGTGTGGGGATCAGCTTG_019,70
GATGTGTGGGGATCAGCTTG_020,72
GATGTGTGGGGATCAGCTTG_021,7
GATGTGTGGGGATCAGCTTG_022,126
GATGTGTGGGGATCAGCTTG_023,7
GATGTGTGGGGATCAGCTTG_024,161
GATGTGTGGGGATCAGCTTG_025,144
GATGTGTGGGGATCAGCTTG_026,157
GATGTGTGGGGATCAGCTTG_027,144
AAAATGTTGGCAATACATGT_001,112
AAAATGTTGGCAATACATGT_002,119
AAAATGTTGGCAATACATGT_003,177
AAAATGTTGGCAATACATGT_004,12
AAACATAAAATGAAAGCTAC_001,198
AAACATAAAATGAAAGCTAC_002,29
AAACATAAAATGAAAGCTAC_003,2
AAACATAAAATGAAAGCTAC_004,164
AAACATAAAATGAAAGCTAC_005,177
TCCTGACAGTGCCTCCAACA_001,6
TCCTGACAGTGCCTCCAACA_002,183
TCCTGACAGTGCCTCCAACA_003,126
TCCTGACAGTGCCTCCAACA_004,194
TCCTGACAGTGCCTCCAACA_005,32
GCACGGGCGAAGGCACTACA_001,53
GCACGGGCGAAGGCACTACA_002,77
GCACGGGCGAAGGCACTACA_003,70
GCACGGGCGAAGGCACTACA_004,115
GCACGGGCGAAGGCACTACA_005,111
GCACGGGCGAAGGCACTACA_006,103
AAAGCGCAAGAGGACCCGTA_001,192
AAAGCGCAAGAGGACCCGTA_002,139
AAAGCGCAAGAGGACCCGTA_003,182
AAAGCGCAAGAGGACCCGTA_004,136
AAAGCGCAAGAGGACCCGTA_005,197
AAAGCGCAAGAGGACCCGTA_006,8
AAAGCGCAAGAGGACCCGTA_007,64
AAAGCGCAAGAGGACCCGTA_008,14
AAAGCGCAAGAGGACCCGTA_009,152
AAAGCGCAAGAGGACCCGTA_010,191
ATAAAGTTATTGCTAAGTGT_001,94
ATAAAGTTATTGCTAAGTGT_002,36
ATAAAGTTATTGCTAAGTGT_003,58
CGTGGCCATCTCAACTGCTG_001,145
CGTGGCCATCTCAACTGCTG_002,182
CGTGGCCATCTCAACTGCTG_003,190
CGTGGCCATCTCAACTGCTG_004,103
CGTGGCCATCTCAACTGCTG_005,144
CGTGGCCATCTCAACTGCTG_006,42
CGTGGCCATCTCAACTGCTG_007,58
CGTGGCCATCTCAACTGCTG_008,33
CGTGGCCATCTCAACTGCTG_009,183
CGTGGCCATCTCAACTGCTG_010,137
CGTGGCCATCTCAACTGCTG_011,49
CGTGGCCATCTCAACTGCTG_012,81
CGTGGCCATCTCAACTGCTG_013,48
CGTGGCCATCTCAACTGCTG_014,159
CGTGGCCATCTCAACTGCTG_015,20
CGTGGCCATCTCAACTGCTG_016,86
CGTGGCCATCTCAACTGCTG_017,3
CGTGGCCATCTCAACTGCTG_018,3
CGTGGCCATCTCAACTGCTG_019,83
GCACGAACGACTCGGAGACA_001,159
GCACGAACGACTCGGAGACA_002,42
GCACGAACGACTCGGAGACA_003,172
GCACGAACGACTCGGAGACA_004,164
GCACGAACGACTCGGAGACA_005,79
GCACGAACGACTCGGAGACA_006,182
GCACGAACGACTCGGAGACA_007,39
GCACGAACGACTCGGAGACA_008,66
GCACGAACGACTCGGAGACA_009,105
TGTAGTCAGAGTCCTCTCAA_001,29
TGTAGTCAGAGTCCTCTCAA_002,34
TGTAGTCAGAGTCCTCTCAA_003,143
TGTAGTCAGAGTCCTCTCAA_004,121
TGTAGTCAGAGTCCTCTCAA_005,186
TGTAGTCAGAGTCCTCTCAA_006,106
TGTAGTCAGAGTCCTCTCAA_007,86
TGTAGTCAGAGTCCTCTCAA_008,107
TGTAGTCAGAGTCCTCTCAA_009,158
TGACTTTACAGTTACGACAG_001,75
TGACTTTACAGTTACGACAG_002,106
TGACTTTACAGTTACGACAG_003,121
TGACTTTACAGTTACGACAG_004,172
TGACTTTACAGTTACGACAG_005,45
TGACTTTACAGTTACGACAG_006,124
TGACTTTACAGTTACGACAG_007,70
TGACTTTACAGTTACGACAG_008,92
TGACTTTACAGTTACGACAG_009,50
TGACTTTACAGTTACGACAG_010,168
CCAGACGGAGCCGTAGGCGC_001,121
CCAGACGGAGCCGTAGGCGC_002,197
CCAGACGGAGCCGTAGGCGC_003,95
CCAGACGGAGCCGTAGGCGC_004,68
CCAGACGGAGCCGTAGGCGC_005,185
CCAGACGGAGCCGTAGGCGC_006,41
CCAGACGGAGCCGTAGGCGC_007,160
CCAGACGGAGCCGTAGGCGC_008,4
CCAGACGGAGCCGTAGGCGC_009,70
CCAGACGGAGCCGTAGGCGC_010,125
CCAGACGGAGCCGTAGGCGC_011,77
CCAGACGGAGCCGTAGGCGC_012,29
CCAGACGGAGCCGTAGGCGC_013,118
CCAGACGGAGCCGTAGGCGC_014,142
CCACGGCAATAGTGGTAAGG_001,85
CCACGGCAATAGTGGTAAGG_002,159
CCACGGCAATAGTGGTAAGG_003,50
CCACGGCAATAGTGGTAAGG_004,148
CCACGGCAATAGTGGTAAGG_005,167
CCACGGCAATAGTGGTAAGG_006,167
CCACGGCAATAGTGGTAAGG_007,58
CCACGGCAATAGTGGTAAGG_008,66
CCACGGCAATAGTGGTAAGG_009,34
CCACGGCAATAGTGGTAAGG_010,12
CCACGGCAATAGTGGTAAGG_011,148
CCACGGCAATAGTGGTAAGG_012,62
CCACGGCAATAGTGGTAAGG_013,145
CCACGGCAATAGTGGTAAGG_014,65
CCACGGCAATAGTGGTAAGG_015,105
ATGATACTGCACCAGACCCG_001,119
ATGATACTGCACCAGACCCG_002,106
ATGATACTGCACCAGACCCG_003,187
ATGATACTGCACCAGACCCG_004,32
ATGATACTGCACCAGACCCG_005,148
ATGATACTGCACCAGACCCG_006,103
ATGATACTGCACCAGACCCG_007,0
ATGATACTGCACCAGACCCG_008,198
ATGATACTGCACCAGACCCG_009,138
ATGATACTGCACCAGACCCG_010,102
ATGATACTGCACCAGACCCG_011,103
TATGGCTTAAAAAACACAGG_001,16
TATGGCTTAAAAAACACAGG_002,193
TATGGCTTAAAAAACACAGG_003,70
TATGGCTTAAAAAACACAGG_004,95
TTTGTTGATGGTGAATAAAC_001,19
TTTGTTGATGGTGAATAAAC_002,122
AAGATCTGGTCCCCTACACA_001,83
AAGATCTGGTCCCCTACACA_002,70
AAGATCTGGTCCCCTACACA_003,191
AAGATCTGGTCCCCTACACA_004,17
AAGATCTGGTCCCCTACACA_005,44
AAGATCTGGTCCCCTACACA_006,168
AAGATCTGGTCCCCTACACA_007,146
AAGATCTGGTCCCCTACACA_008,10
AAGATCTGGTCCCCTACACA_009,29
AAGATCTGGTCCCCTACACA_010,181
AAGATCTGGTCCCCTACACA_011,159
CTCTGCCCCACCATAGTCAG_001,141
CTCTGCCCCACCATAGTCAG_002,138
CTCTGCCCCACCATAGTCAG_003,165
CTCTGCCCCACCATAGTCAG_004,33
CTCTGCCCCACCATAGTCAG_005,9
CTCTGCCCCACCATAGTCAG_006,173
CTCTGCCCCACCATAGTCAG_007,187
TCTGCAGGTGCTGAGAACTT_001,8
TCTGCAGGTGCTGAGAACTT_002,168
TCTGCAGGTGCTGAGAACTT_003,49
TCTGCAGGTGCTGAGAACTT_004,157
TCTGCAGGTGCTGAGAACTT_005,103
TCTGCAGGTGCTGAGAACTT_006,177
TCTGCAGGTGCTGAGAACTT_007,140
TCTGCAGGTGCTGAGAACTT_008,47
CTTAAGCCTCACCCTAGCAA_001,48
CTTAAGCCTCACCCTAGCAA_002,105
CTTAAGCCTCACCCTAGCAA_003,12
AGGTTGAGGTGCTTCCACGT_001,32
AGGTTGAGGTGCTTCCACGT_002,152
AGGTTGAGGTGCTTCCACGT_003,74
AGGTTGAGGTGCTTCCACGT_004,169
AGGTTGAGGTGCTTCCACGT_005,167
AGGTTGAGGTGCTTCCACGT_006,175
AGGTTGAGGTGCTTCCACGT_007,12
AGGTTGAGGTGCTTCCACGT_008,53
AGGTTGAGGTGCTTCCACGT_009,25
AATCTTAACATCAAGACAGG_001,88
AATCTTAACATCAAGACAGG_002,148
AATCTTAACATCAAGACAGG_003,8
AATCTTAACATCAAGACAGG_004,151
AATCTTAACATCAAGACAGG_005,84
AATCTTAACATCAAGACAGG_006,47
AATCTTAACATCAAGACAGG_007,127
AATCTTAACATCAAGACAGG_008,127
AATCTTAACATCAAGACAGG_009,84
AATCTTAACATCAAGACAGG_010,91
AATCTTAACATCAAGACAGG_011,121
AATCTTAACATCAAGACAGG_012,107
AATCTTAACATCAAGACAGG_013,166
AATCTTAACATCAAGACAGG_014,185
AATCTTAACATCAAGACAGG_015,88
AATCTTAACATCAAGACAGG_016,170
AATCTTAACATCAAGACAGG_017,134
AATCTTAACATCAAGACAGG_018,130
AATCTTAACATCAAGACAGG_019,184
AATCTTAACATCAAGACAGG_020,169
AATCTTAACATCAAGACAGG_021,175
AATCTTAACATCAAGACAGG_022,98
AATCTTAACATCAAGACAGG_023,91
CTACAACAAGTGGCTGACAA_001,15
CTACAACAAGTGGCTGACAA_002,45
CTACAACAAGTGGCTGACAA_003,80
CTACAACAAGTGGCTGACAA_004,160
CTACAACAAGTGGCTGACAA_005,50
CTACAACAAGTGGCTGACAA_006,2
CTACAACAAGTGGCTGACAA_007,186
CTACAACAAGTGGCTGACAA_008,180
GAGGGGTTGGTAATCATGTG_001,141
GAGGGGTTGGTAATCATGTG_002,62
GAGGGGTTGGTAATCATGTG_003,115
GAGGGGTTGGTAATCATGTG_004,76
GAGGGGTTGGTAATCATGTG_005,148
GAGGGGTTGGTAATCATGTG_006,147
GAGGGGTTGGTAATCATGTG_007,155
GAGGGGTTGGTAATCATGTG_008,31
GAGGGGTTGGTAATCATGTG_009,3
TTCTCAGACGGCACGCACGG_001,137
TTCTCAGACGGCACGCACGG_002,171
TTCTCAGACGGCACGCACGG_003,134
TTCTCAGACGGCACGCACGG_004,73
TTCTCAGACGGCACGCACGG_005,193
TTCTCAGACGGCACGCACGG_006,52
TTCTCAGACGGCACGCACGG_007,89
TTCTCAGACGGCACGCACGG_008,152
TTCTCAGACGGCACGCACGG_009,107
TTCTCAGACGGCACGCACGG_010,43
TTCTCAGACGGCACGCACGG_011,13
TTCTCAGACGGCACGCACGG_012,137
TTCTCAGACGGCACGCACGG_013,184
TTCTCAGACGGCACGCACGG_014,46
TTCTCAGACGGCACGCACGG_015,76
TTCTCAGACGGCACGCACGG_016,154
TTCTCAGACGGCACGCACGG_017,149
TTCTCAGACGGCACGCACGG_018,167
TTCTCAGACGGCACGCACGG_019,167
TTCTCAGACGGCACGCACGG_020,113
TTCTCAGACGGCACGCACGG_021,68
TTCTCAGACGGCACGCACGG_022,8
TTCTCAGACGGCACGCACGG_023,5
TTCTCAGACGGCACGCACGG_024,104
TTCTCAGACGGCACGCACGG_025,129
TTCTCAGACGGCACGCACGG_026,91
TTCTCAGACGGCACGCACGG_027,78
TTCTCAGACGGCACGCACGG_028,165
TTCTCAGACGGCACGCACGG_029,40
TTCTCAGACGGCACGCACGG_030,3
TTCTCAGACGGCACGCACGG_031,78
TTCTCAGACGGCACGCACGG_032,129
TTCTCAGACGGCACGCACGG_033,1
GACTCCCATACCGAGTACTT_001,115
GTCCCAATACTCACCCACCA_001,42
GTCCCAATACTCACCCACCA_002,53
GTCCCAATACTCACCCACCA_003,176
GTCCCAATACTCACCCACCA_004,32
GTCCCAATACTCACCCACCA_005,16
GTCCCAATACTCACCCACCA_006,44
GTCCCAATACTCACCCACCA_007,43
GTCCCAATACTCACCCACCA_008,146
GTCCCAATACTCACCCACCA_009,70
GTCCCAATACTCACCCACCA_010,17
GTCCCAATACTCACCCACCA_011,11
GTCCCAATACTCACCCACCA_012,193
GTCCCAATACTCACCCACCA_013,33
GTAGCCACGGACACTCGAGG_001,148
GTAGCCACGGACACTCGAGG_002,56
GTAGCCACGGACACTCGAGG_003,4
GTAGCCACGGACACTCGAGG_004,61
GTAGCCACGGACACTCGAGG_005,82
GTAGCCACGGACACTCGAGG_006,158
GTAGCCACGGACACTCGAGG_007,71
GTAGCCACGGACACTCGAGG_008,31
GTAGCCACGGACACTCGAGG_009,58
GTAGCCACGGACACTCGAGG_010,76
GTAGCCACGGACACTCGAGG_011,187
GTAGCCACGGACACTCGAGG_012,15
GTAGCCACGGACACTCGAGG_013,3
GTAGCCACGGACACTCGAGG_014,83
GTAGCCACGGACACTCGAGG_015,19
TTGCCAGGCTGATACCGGAC_001,75
TTGCCAGGCTGATACCGGAC_002,28
AAATAGGACTAATTCCAACC_001,165
AAATAGGACTAATTCCAACC_002,68
AAATAGGACTAATTCCAACC_003,162
GAAGCTCTCTACCTAGTGTG_001,5
GAAGCTCTCTACCTAGTGTG_002,94
GAAGCTCTCTACCTAGTGTG_003,166
GAAGCTCTCTACCTAGTGTG_004,147
GAAGCTCTCTACCTAGTGTG_005,175
GAAGCTCTCTACCTAGTGTG_006,20
GAAGCTCTCTACCTAGTGTG_007,61
GAAGCTCTCTACCTAGTGTG_008,144
GAAGCTCTCTACCTAGTGTG_009,44
GAAGCTCTCTACCTAGTGTG_010,129
GAAGCTCTCTACCTAGTGTG_011,70
CCCCGCGGCACCTACCCTGG_001,58
CCCCGCGGCACCTACCCTGG_002,127
CCCCGCGGCACCTACCCTGG_003,152
CCCCGCGGCACCTACCCTGG_004,149
CCCCGCGGCACCTACCCTGG_005,112
CCCCGCGGCACCTACCCTGG_006,166
CCCCGCGGCACCTACCCTGG_007,40
CCCCGCGGCACCTACCCTGG_008,20
CCCCGCGGCACCTACCCTGG_009,197
CCCCGCGGCACCTACCCTGG_010,144
CCCCGCGGCACCTACCCTGG_011,42
CCCCGCGGCACCTACCCTGG_012,6
CCCCGCGGCACCTACCCTGG_013,108
CCCCGCGGCACCTACCCTGG_014,2
CCCCGCGGCACCTACCCTGG_015,181
CCCCGCGGCACCTACCCTGG_016,102
CCCCGCGGCACCTACCCTGG_017,105
CCCCGCGGCACCTACCCTGG_018,16
CCCCGCGGCACCTACCCTGG_019,88
CCCCGCGGCACCTACCCTGG_020,169
CCCCGCGGCACCTACCCTGG_021,174
CCCCGCGGCACCTACCCTGG_022,184
CCCCGCGGCACCTACCCTGG_023,39
CCCCGCGGCACCTACCCTGG_024,28
CCCCGCGGCACCTACCCTGG_025,37
CCCCGCGGCACCTACCCTGG_026,180
CCCCGCGGCACCTACCCTGG_027,78
CCCCGCGGCACCTACCCTGG_028,174
TCGTGACGCATAATTCTCAA_001,148
GCATTTGCAGGAGCCAGTGC_001,121
GCATTTGCAGGAGCCAGTGC_002,74
GGGTTCGAGTGGTCTCAAGT_001,29
GGGTTCGAGTGGTCTCAAGT_002,76
GGGTTCGAGTGGTCTCAAGT_003,75
GGGTTCGAGTGGTCTCAAGT_004,32
GGGTTCGAGTGGTCTCAAGT_005,139
GGGTTCGAGTGGTCTCAAGT_006,71
AGGGAAAGAGACCTGGAGAG_001,43
AGGGAAAGAGACCTGGAGAG_002,134
AGGGAAAGAGACCTGGAGAG_003,35
AGGGAAAGAGACCTGGAGAG_004,147
AGGGAAAGAGACCTGGAGAG_005,151
GTGTCTGATATAAATGACAA_001,17
GTGTCTGATATAAATGACAA_002,15
GTGTCTGATATAAATGACAA_003,168
GTGTCTGATATAAATGACAA_004,168
GTGTCTGATATAAATGACAA_005,96
GTGTCTGATATAAATGACAA_006,147
TCACAGGCGCCTACAAATCG_001,114
TCACAGGCGCCTACAAATCG_002,23
TCACAGGCGCCTACAAATCG_003,193
TCACAGGCGCCTACAAATCG_004,144
TCACAGGCGCCTACAAATCG_005,30
TCACAGGCGCCTACAAATCG_006,155
TCACAGGCGCCTACAAATCG_007,157
TCACAGGCGCCTACAAATCG_008,89
TCACAGGCGCCTACAAATCG_009,6
TTCTCTTATAGGTCTTAGTG_001,38
TTCTCTTATAGGTCTTAGTG_002,184
TGGACTACCTCTGCATTGAG_001,85
TGGACTACCTCTGCATTGAG_002,85
TGGACTACCTCTGCATTGAG_003,7
TGGACTACCTCTGCATTGAG_004,93
TGGACTACCTCTGCATTGAG_005,42
TGGACTACCTCTGCATTGAG_006,13
TGGACTACCTCTGCATTGAG_007,31
TGGACTACCTCTGCATTGAG_008,194
TGGACTACCTCTGCATTGAG_009,19
TGGACTACCTCTGCATTGAG_010,182
TGGACTACCTCTGCATTGAG_011,130
TGGACTACCTCTGCATTGAG_012,169
TCAAGTTTAGACCAATGGGT_001,106
TCAAGTTTAGACCAATGGGT_002,159
TCAAGTTTAGACCAATGGGT_003,86
TCAAGTTTAGACCAATGGGT_004,74
TCAAGTTTAGACCAATGGGT_005,27
TCAAGTTTAGACCAATGGGT_006,4
TCAAGTTTAGACCAATGGGT_007,178
CCCAAAACCTGCTCTGTAGG_001,70
TGCGTGTTCAACGGGAACGC_001,19
TGCGTGTTCAACGGGAACGC_002,77
AGCACTGGTTCTGCTGTGGT_001,174
AGCACTGGTTCTGCTGTGGT_002,150
AGCACTGGTTCTGCTGTGGT_003,139
AGCACTGGTTCTGCTGTGGT_004,160
AGCACTGGTTCTGCTGTGGT_005,184
AGCACTGGTTCTGCTGTGGT_006,162
AGCACTGGTTCTGCTGTGGT_007,177
AGCACTGGTTCTGCTGTGGT_008,81
AGCACTGGTTCTGCTGTGGT_009,112
AGCACTGGTTCTGCTGTGGT_010,78
AGCACTGGTTCTGCTGTGGT_011,29
AGCACTGGTTCTGCTGTGGT_012,177
AGCACTGGTTCTGCTGTGGT_013,13
AGCACTGGTTCTGCTGTGGT_014,98
AGCACTGGTTCTGCTGTGGT_015,9
CTAATACCTCCTCCCCCCGG_001,171
CTAATACCTCCTCCCCCCGG_002,147
CTAATACCTCCTCCCCCCGG_003,70
CTAATACCTCCTCCCCCCGG_004,43
CTAATACCTCCTCCCCCCGG_005,32
CTAATACCTCCTCCCCCCGG_006,48
CTAATACCTCCTCCCCCCGG_007,58
CTAATACCTCCTCCCCCCGG_008,147
CTAATACCTCCTCCCCCCGG_009,36
CTAATACCTCCTCCCCCCGG_010,12
CTAATACCTCCTCCCCCCGG_011,139
CTAATACCTCCTCCCCCCGG_012,17
CTAATACCTCCTCCCCCCGG_013,178
CTAATACCTCCTCCCCCCGG_014,113
CTAATACCTCCTCCCCCCGG_015,152
CTAATACCTCCTCCCCCCGG_016,197
CTAATACCTCCTCCCCCCGG_017,183
CTAATACCTCCTCCCCCCGG_018,116
CTAATACCTCCTCCCCCCGG_019,70
CTAATACCTCCTCCCCCCGG_020,40
CTAATACCTCCTCCCCCCGG_021,61
CTAATACCTCCTCCCCCCGG_022,26
CTAATACCTCCTCCCCCCGG_023,8
CTAATACCTCCTCCCCCCGG_024,129
CTAATACCTCCTCCCCCCGG_025,45
CTAATACCTCCTCCCCCCGG_026,42
CTAATACCTCCTCCCCCCGG_027,192
CTAATACCTCCTCCCCCCGG_028,162
CTAATACCTCCTCCCCCCGG_029,68
CTAATACCTCCTCCCCCCGG_030,46
CTAATACCTCCTCCCCCCGG_031,156
CTAATACCTCCTCCCCCCGG_032,178
CTAATACCTCCTCCCCCCGG_033,14
CTAATACCTCCTCCCCCCGG_034,148
CTAATACCTCCTCCCCCCGG_035,198
CTAATACCTCCTCCCCCCGG_036,44
CTAATACCTCCTCCCCCCGG_037,22
CTAATACCTCCTCCCCCCGG_038,195
CTAATACCTCCTCCCCCCGG_039,116
CTAATACCTCCTCCCCCCGG_040,119
CTAATACCTCCTCCCCCCGG_041,172
CTAATACCTCCTCCCCCCGG_042,60
CTAATACCTCCTCCCCCCGG_043,161
CTAATACCTCCTCCCCCCGG_044,84
CTAATACCTCCTCCCCCCGG_045,26
CTAATACCTCCTCCCCCCGG_046,146
CTAATACCTCCTCCCCCCGG_047,33
CTAATACCTCCTCCCCCCGG_048,134
CTAATACCTCCTCCCCCCGG_049,102
CTAATACCTCCTCCCCCCGG_050,2
CTAATACCTCCTCCCCCCGG_051,190
CTAATACCTCCTCCCCCCGG_052,196
CTAATACCTCCTCCCCCCGG_053,68
CTAATACCTCCTCCCCCCGG_054,88
CTAATACCTCCTCCCCCCGG_055,87
CTAATACCTCCTCCCCCCGG_056,13
CTAATACCTCCTCCCCCCGG_057,144
CTAATACCTCCTCCCCCCGG_058,127
CTAATACCTCCTCCCCCCGG_059,166
CTAATACCTCCTCCCCCCGG_060,34
CTAATACCTCCTCCCCCCGG_061,88
CTAATACCTCCTCCCCCCGG_062,103
CTAATACCTCCTCCCCCCGG_063,34
CTAATACCTCCTCCCCCCGG_064,98
CTAATACCTCCTCCCCCCGG_065,80
CTAATACCTCCTCCCCCCGG_066,46
CTAATACCTCCTCCCCCCGG_067,75
CTAATACCTCCTCCCCCCGG_068,177
CTAATACCTCCTCCCCCCGG_069,50
CTAATACCTCCTCCCCCCGG_070,29
CTAATACCTCCTCCCCCCGG_071,127
CTAATACCTCCTCCCCCCGG_072,129
CTAATACCTCCTCCCCCCGG_073,29
CTAATACCTCCTCCCCCCGG_074,16
CTAATACCTCCTCCCCCCGG_075,98
CTAATACCTCCTCCCCCCGG_076,41
CTAATACCTCCTCCCCCCGG_077,158
CTAATACCTCCTCCCCCCGG_078,184
CTAATACCTCCTCCCCCCGG_079,92
CTAATACCTCCTCCCCCCGG_080,56
CTAATACCTCCTCCCCCCGG_081,74
CTAATACCTCCTCCCCCCGG_082,158
CTAATACCTCCTCCCCCCGG_083,124
CTAATACCTCCTCCCCCCGG_084,68
CTAATACCTCCTCCCCCCGG_085,93
CTAATACCTCCTCCCCCCGG_086,2
CTAATACCTCCTCCCCCCGG_087,138
CTAATACCTCCTCCCCCCGG_088,178
CTAATACCTCCTCCCCCCGG_089,66
CTAATACCTCCTCCCCCCGG_090,53
CTAATACCTCCTCCCCCCGG_091,34
CTAATACCTCCTCCCCCCGG_092,48
CTAATACCTCCTCCCCCCGG_093,10
CTAATACCTCCTCCCCCCGG_094,121
CTAATACCTCCTCCCCCCGG_095,180
CTAATACCTCCTCCCCCCGG_096,129
CTAATACCTCCTCCCCCCGG_097,133
CTAATACCTCCTCCCCCCGG_098,127
CTAATACCTCCTCCCCCCGG_099,156
CTAATACCTCCTCCCCCCGG_100,156
CTAATACCTCCTCCCCCCGG_101,104
CTAATACCTCCTCCCCCCGG_102,47
CTAATACCTCCTCCCCCCGG_103,125
CTAATACCTCCTCCCCCCGG_104,81
CTAATACCTCCTCCCCCCGG_105,174
CTAATACCTCCTCCCCCCGG_106,50
CTAATACCTCCTCCCCCCGG_107,172
CTAATACCTCCTCCCCCCGG_108,56
CTAATACCTCCTCCCCCCGG_109,97
CTAATACCTCCTCCCCCCGG_110,131
CTAATACCTCCTCCCCCCGG_111,172
CTAATACCTCCTCCCCCCGG_112,19
CTAATACCTCCTCCCCCCGG_113,34
CTAATACCTCCTCCCCCCGG_114,144
CTAATACCTCCTCCCCCCGG_115,47
CTAATACCTCCTCCCCCCGG_116,79
CTAATACCTCCTCCCCCCGG_117,168
CTAATACCTCCTCCCCCCGG_118,161
CTAATACCTCCTCCCCCCGG_119,178
CTAATACCTCCTCCCCCCGG_120,80
CTAATACCTCCTCCCCCCGG_121,116
CTAATACCTCCTCCCCCCGG_122,148
CTAATACCTCCTCCCCCCGG_123,99
CTAATACCTCCTCCCCCCGG_124,119
CTAATACCTCCTCCCCCCGG_125,172
CTAATACCTCCTCCCCCCGG_126,175
CTAATACCTCCTCCCCCCGG_127,177
CTAATACCTCCTCCCCCCGG_128,87
CTAATACCTCCTCCCCCCGG_129,192
CTAATACCTCCTCCCCCCGG_130,166
GAGGGGAGAATTCCCCACAG_001,115
GAGGGGAGAATTCCCCACAG_002,182
GAGGGGAGAATTCCCCACAG_003,17
GAGGGGAGAATTCCCCACAG_004,130
GAGGGGAGAATTCCCCACAG_005,19
GAGGGGAGAATTCCCCACAG_006,115
GAGGGGAGAATTCCCCACAG_007,94
GAGGGGAGAATTCCCCACAG_008,169
GAGGGGAGAATTCCCCACAG_009,192
GAGGGGAGAATTCCCCACAG_010,170
GAGGGGAGAATTCCCCACAG_011,67
GAGGGGAGAATTCCCCACAG_012,81
GAGGGGAGAATTCCCCACAG_013,12
GAGGGGAGAATTCCCCACAG_014,147
GAGGGGAGAATTCCCCACAG_015,12
GAGGGGAGAATTCCCCACAG_016,70
TGGAAAAGCCTTCAGCCAGA_001,147
TGGAAAAGCCTTCAGCCAGA_002,166
TGGAAAAGCCTTCAGCCAGA_003,96
TGGAAAAGCCTTCAGCCAGA_004,198
TGGAAAAGCCTTCAGCCAGA_005,58
TGGAAAAGCCTTCAGCCAGA_006,103
GCCTTGACTGCCTTGGCGGG_001,105
GCCTTGACTGCCTTGGCGGG_002,12
GCCTTGACTGCCTTGGCGGG_003,83
GCCTTGACTGCCTTGGCGGG_004,141
GCCTTGACTGCCTTGGCGGG_005,60
GCCTTGACTGCCTTGGCGGG_006,176
GCCTTGACTGCCTTGGCGGG_007,40
TTACCTTTAGAATAACCAGT_001,30
TTACCTTTAGAATAACCAGT_002,19
CCCTACAGCGAAGACAAGAT_001,127
CCCTACAGCGAAGACAAGAT_002,159
CCCTACAGCGAAGACAAGAT_003,142
CCCTACAGCGAAGACAAGAT_004,40
CCCTACAGCGAAGACAAGAT_005,145
CCCTACAGCGAAGACAAGAT_006,171
CCCTACAGCGAAGACAAGAT_007,192
CCCTACAGCGAAGACAAGAT_008,147
CCCTACAGCGAAGACAAGAT_009,12
CCCTACAGCGAAGACAAGAT_010,69
CCCTACAGCGAAGACAAGAT_011,142
CCCTACAGCGAAGACAAGAT_012,126
TAATAGCAAGATCATCAGTG_001,49
TAATAGCAAGATCATCAGTG_002,82
TAATAGCAAGATCATCAGTG_003,34
TAATAGCAAGATCATCAGTG_004,175
TAATAGCAAGATCATCAGTG_005,106
ATACAATACAACCACCAGCA_001,169
ATACAATACAACCACCAGCA_002,125
ATACAATACAACCACCAGCA_003,151
ATACAATACAACCACCAGCA_004,170
ATACAATACAACCACCAGCA_005,185
ATACAATACAACCACCAGCA_006,50
ATACAATACAACCACCAGCA_007,187
ATACAATACAACCACCAGCA_008,130
ATACAATACAACCACCAGCA_009,15
ATACAATACAACCACCAGCA_010,57
ACGAGTAGGAACTTTCCCCG_001,175
ACGAGTAGGAACTTTCCCCG_002,56
ACGAGTAGGAACTTTCCCCG_003,150
ACGAGTAGGAACTTTCCCCG_004,159
ACGAGTAGGAACTTTCCCCG_005,93
ACGAGTAGGAACTTTCCCCG_006,178
ACGAGTAGGAACTTTCCCCG_007,30
ACGAGTAGGAACTTTCCCCG_008,50
ACGAGTAGGAACTTTCCCCG_009,68
ACGAGTAGGAACTTTCCCCG_010,48
ACGAGTAGGAACTTTCCCCG_011,142
ACGAGTAGGAACTTTCCCCG_012,80
ACGAGTAGGAACTTTCCCCG_013,162
CCGATGCCATCCACATCCGA_001,100
CCGATGCCATCCACATCCGA_002,137
TTGAGACTACGAGTGATTTG_001,138
TTGAGACTACGAGTGATTTG_002,63
AAACCAATGTACTACACGGG_001,166
AAACCAATGTACTACACGGG_002,69
AAACCAATGTACTACACGGG_003,146
AAACCAATGTACTACACGGG_004,117
AAACCAATGTACTACACGGG_005,88
AAACCAATGTACTACACGGG_006,82
AAACCAATGTACTACACGGG_007,176
AAACCAATGTACTACACGGG_008,116
AAACCAATGTACTACACGGG_009,127
AAACCAATGTACTACACGGG_010,105
AAACCAATGTACTACACGGG_011,177
AAACCAATGTACTACACGGG_012,44
GATGTACCTACCCGTCGAAG_001,46
GATGTACCTACCCGTCGAAG_002,16
GATGTACCTACCCGTCGAAG_003,134
GATGTACCTACCCGTCGAAG_004,163
CTTGTCCAGAAAACGTGCGG_001,143
CTTGTCCAGAAAACGTGCGG_002,102
CTTGTCCAGAAAACGTGCGG_003,46
CTTGTCCAGAAAACGTGCGG_004,65
CTTGTCCAGAAAACGTGCGG_005,150
CTTGTCCAGAAAACGTGCGG_006,28
CTTGTCCAGAAAACGTGCGG_007,98
CTTGTCCAGAAAACGTGCGG_008,88
CTTGTCCAGAAAACGTGCGG_009,149
CTTGTCCAGAAAACGTGCGG_010,158
CTTGTCCAGAAAACGTGCGG_011,88
ATACAGCTCGCACACGCACA_001,157
ATACAGCTCGCACACGCACA_002,78
ATACAGCTCGCACACGCACA_003,49
ATACAGCTCGCACACGCACA_004,60
ATACAGCTCGCACACGCACA_005,158
ATACAGCTCGCACACGCACA_006,52
ATACAGCTCGCACACGCACA_007,140
ATACAGCTCGCACACGCACA_008,12
ATACAGCTCGCACACGCACA_009,151
ATACAGCTCGCACACGCACA_010,2
ATACAGCTCGCACACGCACA_011,60
ATACAGCTCGCACACGCACA_012,70
ATACAGCTCGCACACGCACA_013,69
ATACAGCTCGCACACGCACA_014,67
ATACAGCTCGCACACGCACA_015,125
ATACAGCTCGCACACGCACA_016,176
ATACAGCTCGCACACGCACA_017,50
ATACAGCTCGCACACGCACA_018,124
ATACAGCTCGCACACGCACA_019,130
ATACAGCTCGCACACGCACA_020,126
ATACAGCTCGCACACGCACA_021,11
ATACAGCTCGCACACGCACA_022,82
ATACAGCTCGCACACGCACA_023,160
CAAGCCAGATCCTAGTCAGT_001,172
CAAGCCAGATCCTAGTCAGT_002,41
CAAGCCAGATCCTAGTCAGT_003,176
CAAGCCAGATCCTAGTCAGT_004,76
CAAGCCAGATCCTAGTCAGT_005,60
CAAGCCAGATCCTAGTCAGT_006,168
CAAGCCAGATCCTAGTCAGT_007,160
CAAGCCAGATCCTAGTCAGT_008,176
CAAGCCAGATCCTAGTCAGT_009,60
CAGCACTTATCGAACACCAC_001,72
CAGCACTTATCGAACACCAC_002,116
CAGCACTTATCGAACACCAC_003,5
CAGCACTTATCGAACACCAC_004,66
CAGCACTTATCGAACACCAC_005,133
CAGCACTTATCGAACACCAC_006,130
CAGCACTTATCGAACACCAC_007,59
CAGCACTTATCGAACACCAC_008,31
CAGCACTTATCGAACACCAC_009,18
CAGCACTTATCGAACACCAC_010,23
CAGCACTTATCGAACACCAC_011,176
CAGCACTTATCGAACACCAC_012,141
CAGCACTTATCGAACACCAC_013,16
TGTAGTAGGAGTCTCCGCTG_001,94
TGTAGTAGGAGTCTCCGCTG_002,127
TGTAGTAGGAGTCTCCGCTG_003,137
TGTAGTAGGAGTCTCCGCTG_004,28
TGTAGTAGGAGTCTCCGCTG_005,174
TGTAGTAGGAGTCTCCGCTG_006,162
TGTAGTAGGAGTCTCCGCTG_007,113
TGTAGTAGGAGTCTCCGCTG_008,115
TGTAGTAGGAGTCTCCGCTG_009,1
TGTAGTAGGAGTCTCCGCTG_010,160
TGTAGTAGGAGTCTCCGCTG_011,60
TGTAGTAGGAGTCTCCGCTG_012,58
TGTAGTAGGAGTCTCCGCTG_013,48
TGTAGTAGGAGTCTCCGCTG_014,140
TGTAGTAGGAGTCTCCGCTG_015,7
TGTAGTAGGAGTCTCCGCTG_016,129
TGTAGTAGGAGTCTCCGCTG_017,115
TGTAGTAGGAGTCTCCGCTG_018,46
TGTAGTAGGAGTCTCCGCTG_019,63
CATCACTCCTACCTGAGATG_001,134
CATCACTCCTACCTGAGATG_002,197
CATCACTCCTACCTGAGATG_003,140
CATCACTCCTACCTGAGATG_004,116
CATCACTCCTACCTGAGATG_005,8
CATCACTCCTACCTGAGATG_006,0
CATCACTCCTACCTGAGATG_007,23
GGTGAAGACAGGGTCAAATG_001,180
GGTGAAGACAGGGTCAAATG_002,118
GGTGAAGACAGGGTCAAATG_003,98
GGTGAAGACAGGGTCAAATG_004,58
GGTGAAGACAGGGTCAAATG_005,163
GGTGAAGACAGGGTCAAATG_006,32
GGTGAAGACAGGGTCAAATG_007,166
GGTGAAGACAGGGTCAAATG_008,165
ACAGACAACCATAATAGATG_001,176
CATTCTGGCAACCAGTTGGA_001,137
CATTCTGGCAACCAGTTGGA_002,170
CATTCTGGCAACCAGTTGGA_003,49
CATTCTGGCAACCAGTTGGA_004,144
CATTCTGGCAACCAGTTGGA_005,144
CATTCTGGCAACCAGTTGGA_006,57
CATTCTGGCAACCAGTTGGA_007,50
CATTCTGGCAACCAGTTGGA_008,81
GATAGAATCACAAAGCTCGT_001,171
GATAGAATCACAAAGCTCGT_002,150
GATAGAATCACAAAGCTCGT_003,42
GATAGAATCACAAAGCTCGT_004,1
GATAGAATCACAAAGCTCGT_005,101
GATAGAATCACAAAGCTCGT_006,148
GATAGAATCACAAAGCTCGT_007,85
CAAAAACGTGTGATACAGGA_001,170
CAAAAACGTGTGATACAGGA_002,194
CAAAAACGTGTGATACAGGA_003,174
CAAAAACGTGTGATACAGGA_004,68
CAAAAACGTGTGATACAGGA_005,17
CAAAAACGTGTGATACAGGA_006,197
CAAAAACGTGTGATACAGGA_007,61
CTGTTAAATTACAAGGACAA_001,175
CTGTTAAATTACAAGGACAA_002,62
CTGTTAAATTACAAGGACAA_003,197
CTGTTAAATTACAAGGACAA_004,117
CTGTTAAATTACAAGGACAA_005,162
CTGTTAAATTACAAGGACAA_006,19
CTGTTAAATTACAAGGACAA_007,123
CTGTTAAATTACAAGGACAA_008,96
CTGTTAAATTACAAGGACAA_009,146
CTGTTAAATTACAAGGACAA_010,66
CTGTTAAATTACAAGGACAA_011,56
CTTGGGAGATGTCGCTCACG_001,184
CTTGGGAGATGTCGCTCACG_002,167
CTTGGGAGATGTCGCTCACG_003,119
CTTGGGAGATGTCGCTCACG_004,198
CTTGGGAGATGTCGCTCACG_005,184
CCAGGCGGATCATATCCTGG_001,140
GTAGCTGTGAACAGTACCCG_001,65
GTAGCTGTGAACAGTACCCG_002,121
GTAGCTGTGAACAGTACCCG_003,191
GTAGCTGTGAACAGTACCCG_004,17
GTAGCTGTGAACAGTACCCG_005,145
GTAGCTGTGAACAGTACCCG_006,172
GTAGCTGTGAACAGTACCCG_007,1
GTAGCTGTGAACAGTACCCG_008,21
GTAGCTGTGAACAGTACCCG_009,2
GTAGCTGTGAACAGTACCCG_010,156
GTAGCTGTGAACAGTACCCG_011,186
GTAGCTGTGAACAGTACCCG_012,199
GTAGCTGTGAACAGTACCCG_013,37
GTAGCTGTGAACAGTACCCG_014,144
GTCCACCAAGAGACACTCGC_001,138
GTCCACCAAGAGACACTCGC_002,169
GTCCACCAAGAGACACTCGC_003,135
GTCCACCAAGAGACACTCGC_004,20
GTCCACCAAGAGACACTCGC_005,49
GTCCACCAAGAGACACTCGC_006,18
GTCCACCAAGAGACACTCGC_007,61
GTCCACCAAGAGACACTCGC_008,98
GTCCACCAAGAGACACTCGC_009,16
GTCCACCAAGAGACACTCGC_010,88
GTCCACCAAGAGACACTCGC_011,103
CCTCATCATTTGGTTACAGT_001,67
CCTCATCATTTGGTTACAGT_002,17
CCTCATCATTTGGTTACAGT_003,158
CCTCATCATTTGGTTACAGT_004,127
CCTCATCATTTGGTTACAGT_005,27
CCTTCACAGACACTTCAACG_001,160
CCTTCACAGACACTTCAACG_002,97
CCTTCACAGACACTTCAACG_003,174
CCTTCACAGACACTTCAACG_004,16
CCTTCACAGACACTTCAACG_005,146
CCTTCACAGACACTTCAACG_006,65
CCTTCACAGACACTTCAACG_007,86
CCTTCACAGACACTTCAACG_008,75
CCTTCACAGACACTTCAACG_009,26
CCTTCACAGACACTTCAACG_010,5
CCTTCACAGACACTTCAACG_011,175
CCTTCACAGACACTTCAACG_012,177
CCTTCACAGACACTTCAACG_013,191
CCTTCACAGACACTTCAACG_014,48
CCTTCACAGACACTTCAACG_015,162
TCGTCTACGCTGGCGCAAGG_001,102
TCGTCTACGCTGGCGCAAGG_002,75
TCGTCTACGCTGGCGCAAGG_003,12
TCGTCTACGCTGGCGCAAGG_004,58
TCGTCTACGCTGGCGCAAGG_005,115
TCGTCTACGCTGGCGCAAGG_006,48
GACAGCGGCCACGTAAGTGA_001,34
GACAGCGGCCACGTAAGTGA_002,141
GACAGCGGCCACGTAAGTGA_003,145
GACAGCGGCCACGTAAGTGA_004,144
GACAGCGGCCACGTAAGTGA_005,77
GACAGCGGCCACGTAAGTGA_006,36
GACAGCGGCCACGTAAGTGA_007,6
ACCCAACACCTAGCCAGACT_001,168
ACCCAACACCTAGCCAGACT_002,124
ACCCAACACCTAGCCAGACT_003,143
ACCCAACACCTAGCCAGACT_004,143
CGGCATGGACGGGAATGAAG_001,8
CGGCATGGACGGGAATGAAG_002,79
CGGCATGGACGGGAATGAAG_003,33
CGGCATGGACGGGAATGAAG_004,40
CGGCATGGACGGGAATGAAG_005,88
CGGCATGGACGGGAATGAAG_006,124
CGGCATGGACGGGAATGAAG_007,178
CGGCATGGACGGGAATGAAG_008,30
CGGCATGGACGGGAATGAAG_009,30
CGGCATGGACGGGAATGAAG_010,13
TTGAGGAGGCCAACCACCAG_001,76
TTGAGGAGGCCAACCACCAG_002,84
TTGAGGAGGCCAACCACCAG_003,130
TTGAGGAGGCCAACCACCAG_004,82
TTGAGGAGGCCAACCACCAG_005,132
TTGAGGAGGCCAACCACCAG_006,82
TTGAGGAGGCCAACCACCAG_007,83
TTGAGGAGGCCAACCACCAG_008,189
TTGAGGAGGCCAACCACCAG_009,158
TTGAGGAGGCCAACCACCAG_010,78
ATGTCTGTGTGAATTAACGT_001,118
ATGTCTGTGTGAATTAACGT_002,166
ATGTCTGTGTGAATTAACGT_003,83
ATGTCTGTGTGAATTAACGT_004,198
ATGTCTGTGTGAATTAACGT_005,40
ATGTCTGTGTGAATTAACGT_006,45
ATGTCTGTGTGAATTAACGT_007,51
ATGTCTGTGTGAATTAACGT_008,37
CGTACATGTGAAGCAGCAGT_001,12
CGTACATGTGAAGCAGCAGT_002,145
CGTACATGTGAAGCAGCAGT_003,77
CATACTACTAGATATTACAC_001,150
CATACTACTAGATATTACAC_002,134
CATACTACTAGATATTACAC_003,67
TACTAACCCCAGTAACTCTG_001,17
TACTAACCCCAGTAACTCTG_002,32
TACTAACCCCAGTAACTCTG_003,16
TACTAACCCCAGTAACTCTG_004,4
TACTAACCCCAGTAACTCTG_005,45
TGGTGGAGGCAGACAAGTGT_001,180
TGGTGGAGGCAGACAAGTGT_002,181
TGGTGGAGGCAGACAAGTGT_003,48
TGGTGGAGGCAGACAAGTGT_004,91
TGGTGGAGGCAGACAAGTGT_005,149
TGGTGGAGGCAGACAAGTGT_006,104
TGGTGGAGGCAGACAAGTGT_007,47
TGGTGGAGGCAGACAAGTGT_008,80
ACATAACGCCAATGACAGAC_001,68
ACATAACGCCAATGACAGAC_002,68
CGTGTCGGCGCCATAGGACA_001,41
CGTGTCGGCGCCATAGGACA_002,176
CGTGTCGGCGCCATAGGACA_003,95
CGTGTCGGCGCCATAGGACA_004,28
CGTGTCGGCGCCATAGGACA_005,5
CGTGTCGGCGCCATAGGACA_006,44
CGTGTCGGCGCCATAGGACA_007,62
CGTGTCGGCGCCATAGGACA_008,191
CGTGTCGGCGCCATAGGACA_009,65
CGTGTCGGCGCCATAGGACA_010,87
CGTGTCGGCGCCATAGGACA_011,102
CGTGTCGGCGCCATAGGACA_012,12
GCTGTCACAGCACACGAAGT_001,162
GCTGTCACAGCACACGAAGT_002,24
GCTGTCACAGCACACGAAGT_003,81
GCTGTCACAGCACACGAAGT_004,199
GCTGTCACAGCACACGAAGT_005,73
GCTGTCACAGCACACGAAGT_006,162
GCTGTCACAGCACACGAAGT_007,76
GCTGTCACAGCACACGAAGT_008,88
GCTGTCACAGCACACGAAGT_009,160
GCTGTCACAGCACACGAAGT_010,52
GCTGTCACAGCACACGAAGT_011,148
GCTGTCACAGCACACGAAGT_012,164
ACACCGAGAGCGACATCCTG_001,17
ACACCGAGAGCGACATCCTG_002,78
ACACCGAGAGCGACATCCTG_003,19
ACACCGAGAGCGACATCCTG_004,68
ACACCGAGAGCGACATCCTG_005,23
ACACCGAGAGCGACATCCTG_006,8
ACACCGAGAGCGACATCCTG_007,128
ACACCGAGAGCGACATCCTG_008,166
ACACCGAGAGCGACATCCTG_009,158
CATGCCTAAAGACTTGAATG_001,145
CATGCCTAAAGACTTGAATG_002,41
CATGCCTAAAGACTTGAATG_003,121
CATGCCTAAAGACTTGAATG_004,174
CATGCCTAAAGACTTGAATG_005,136
CATGCCTAAAGACTTGAATG_006,85
GTACAAGAACTGGCGCACGA_001,156
GTACAAGAACTGGCGCACGA_002,113
GTACAAGAACTGGCGCACGA_003,158
GTACAAGAACTGGCGCACGA_004,115
GTACAAGAACTGGCGCACGA_005,194
GTACAAGAACTGGCGCACGA_006,119
GTACAAGAACTGGCGCACGA_007,102
GTACAAGAACTGGCGCACGA_008,118
GTACAAGAACTGGCGCACGA_009,197
GTACAAGAACTGGCGCACGA_010,146
GTACAAGAACTGGCGCACGA_011,172
GTACAAGAACTGGCGCACGA_012,12
GTACAAGAACTGGCGCACGA_013,45
GTACAAGAACTGGCGCACGA_014,171
GTACAAGAACTGGCGCACGA_015,155
AACGGCCGCCTGTATCGGGA_001,5
AACGGCCGCCTGTATCGGGA_002,194
AACGGCCGCCTGTATCGGGA_003,185
AACGGCCGCCTGTATCGGGA_004,14
AACGGCCGCCTGTATCGGGA_005,175
AACGGCCGCCTGTATCGGGA_006,6
AACGGCCGCCTGTATCGGGA_007,58
AACGGCCGCCTGTATCGGGA_008,63
AACGGCCGCCTGTATCGGGA_009,56
AACGGCCGCCTGTATCGGGA_010,175
AACGGCCGCCTGTATCGGGA_011,20
AACGGCCGCCTGTATCGGGA_012,9
AACGGCCGCCTGTATCGGGA_013,123
TGTACCCAATTCATGGACAC_001,8
TGTACCCAATTCATGGACAC_002,23
TGTACCCAATTCATGGACAC_003,70
TGTACCCAATTCATGGACAC_004,199
TGTACCCAATTCATGGACAC_005,15
TGTACCCAATTCATGGACAC_006,12
TGTACCCAATTCATGGACAC_007,197
TGTACCCAATTCATGGACAC_008,49
TGTACCCAATTCATGGACAC_009,70
TGTACCCAATTCATGGACAC_010,111
TGTACCCAATTCATGGACAC_011,35
AGCCCAAACTGCTACCCGCG_001,199
AGCCCAAACTGCTACCCGCG_002,41
AGCCCAAACTGCTACCCGCG_003,140
AGCCCAAACTGCTACCCGCG_004,191
AGCCCAAACTGCTACCCGCG_005,40
AGCCCAAACTGCTACCCGCG_006,48
AGCCCAAACTGCTACCCGCG_007,129
AGCCCAAACTGCTACCCGCG_008,162
AGCCCAAACTGCTACCCGCG_009,3
AGCCCAAACTGCTACCCGCG_010,77
AGCCCAAACTGCTACCCGCG_011,48
AGCCCAAACTGCTACCCGCG_012,113
AGCCCAAACTGCTACCCGCG_013,88
AGCCCAAACTGCTACCCGCG_014,35
AGCCCAAACTGCTACCCGCG_015,171
AGCCCAAACTGCTACCCGCG_016,146
AGCCCAAACTGCTACCCGCG_017,98
AGCCCAAACTGCTACCCGCG_018,29
AGCCCAAACTGCTACCCGCG_019,31
AGCCCAAACTGCTACCCGCG_020,35
AGCCCAAACTGCTACCCGCG_021,167
AGCCCAAACTGCTACCCGCG_022,28
AGCCCAAACTGCTACCCGCG_023,43
AGCCCAAACTGCTACCCGCG_024,87
TCCTGTCATCAAAATTACTA_001,55
TCCTGTCATCAAAATTACTA_002,170
TCCTGTCATCAAAATTACTA_003,162
TCCTGTCATCAAAATTACTA_004,59
TCCTGTCATCAAAATTACTA_005,32
CTGTCTGACTCACTTAACAC_001,114
CTGTCTGACTCACTTAACAC_002,49
CTGTCTGACTCACTTAACAC_003,6
GATGTGCATTAAGCTTCATG_001,48
GATGTGCATTAAGCTTCATG_002,2
GATGTGCATTAAGCTTCATG_003,116
GATGTGCATTAAGCTTCATG_004,14
GATGTGCATTAAGCTTCATG_005,19
GATGTGCATTAAGCTTCATG_006,152
GATGTGCATTAAGCTTCATG_007,14
CAACGTCAAACTGACCGTGG_001,198
CAACGTCAAACTGACCGTGG_002,194
CAACGTCAAACTGACCGTGG_003,184
CAACGTCAAACTGACCGTGG_004,21
CAACGTCAAACTGACCGTGG_005,2
CAACGTCAAACTGACCGTGG_006,133
CAACGTCAAACTGACCGTGG_007,13
CAACGTCAAACTGACCGTGG_008,128
CAACGTCAAACTGACCGTGG_009,170
GGCGGCCGCGAAGTAGTGAG_001,72
GGCGGCCGCGAAGTAGTGAG_002,135
GGCGGCCGCGAAGTAGTGAG_003,15
TGAAAGAGTTGAATGAATCG_001,111
TGAAAGAGTTGAATGAATCG_002,138
TGAAAGAGTTGAATGAATCG_003,8
TGAAAGAGTTGAATGAATCG_004,171
GCTGGGGGAGCAAATAGTGG_001,137
GCTGGGGGAGCAAATAGTGG_002,169
GCTGGGGGAGCAAATAGTGG_003,177
GCTGGGGGAGCAAATAGTGG_004,193
GCTGGGGGAGCAAATAGTGG_005,118
GCTGGGGGAGCAAATAGTGG_006,10
GCTGGGGGAGCAAATAGTGG_007,130
GCTGGGGGAGCAAATAGTGG_008,165
GCTGGGGGAGCAAATAGTGG_009,81
GCTGGGGGAGCAAATAGTGG_010,96
CACGCGAGAACGCATCCGCG_001,10
CACGCGAGAACGCATCCGCG_002,68
CACGCGAGAACGCATCCGCG_003,94
CACGCGAGAACGCATCCGCG_004,29
CACGCGAGAACGCATCCGCG_005,180
ATGGAAGTTTGAAAGAGACC_001,70
ATGGAAGTTTGAAAGAGACC_002,76
ATGGAAGTTTGAAAGAGACC_003,69
ATGGAAGTTTGAAAGAGACC_004,151
ATGGAAGTTTGAAAGAGACC_005,12
ATGGAAGTTTGAAAGAGACC_006,118
ATGGAAGTTTGAAAGAGACC_007,12
ATGGAAGTTTGAAAGAGACC_008,17
ATGGAAGTTTGAAAGAGACC_009,198
ATGGAAGTTTGAAAGAGACC_010,159
ATGGAAGTTTGAAAGAGACC_011,139
ATGGAAGTTTGAAAGAGACC_012,23
ATGGAAGTTTGAAAGAGACC_013,5
ATGGAAGTTTGAAAGAGACC_014,19
ATGGAAGTTTGAAAGAGACC_015,116
ATGGAAGTTTGAAAGAGACC_016,105
ATGGAAGTTTGAAAGAGACC_017,61
CCTTCAACAATATCAGAGTC_001,49
GGAAAATGAGAGATGACTGT_001,61
GGAAAATGAGAGATGACTGT_002,83
GGAAAATGAGAGATGACTGT_003,120
GGAAAATGAGAGATGACTGT_004,132
GGAAAATGAGAGATGACTGT_005,172
CTTTGAGCGTATAGCGAGCG_001,94
AGACCTTCACACCAGACATG_001,92
AGACCTTCACACCAGACATG_002,102
AGACCTTCACACCAGACATG_003,61
AGACCTTCACACCAGACATG_004,106
AGACCTTCACACCAGACATG_005,17
AGACCTTCACACCAGACATG_006,62
AGACCTTCACACCAGACATG_007,34
AGACCTTCACACCAGACATG_008,166
AGACCTTCACACCAGACATG_009,101
AGACCTTCACACCAGACATG_010,190
AGACCTTCACACCAGACATG_011,170
AGACCTTCACACCAGACATG_012,29
AGACCTTCACACCAGACATG_013,82
AGACCTTCACACCAGACATG_014,31
AGACCTTCACACCAGACATG_015,141
AGACCTTCACACCAGACATG_016,46
AGACCTTCACACCAGACATG_017,108
AGACCTTCACACCAGACATG_018,45
AGACCTTCACACCAGACATG_019,79
AGACCTTCACACCAGACATG_020,45
AGCCCCTGCCGCCGTCGACG_001,17
AGCCCCTGCCGCCGTCGACG_002,146
AGCCCCTGCCGCCGTCGACG_003,118
AGCCCCTGCCGCCGTCGACG_004,164
AGCCCCTGCCGCCGTCGACG_005,62
AGCCCCTGCCGCCGTCGACG_006,78
AGCCCCTGCCGCCGTCGACG_007,145
AGCCCCTGCCGCCGTCGACG_008,80
AGCCCCTGCCGCCGTCGACG_009,196
AGCCCCTGCCGCCGTCGACG_010,84
AGCCCCTGCCGCCGTCGACG_011,60
AGCCCCTGCCGCCGTCGACG_012,79
AGCCCCTGCCGCCGTCGACG_013,50
AGCCCCTGCCGCCGTCGACG_014,70
AGCCCCTGCCGCCGTCGACG_015,60
AGCCCCTGCCGCCGTCGACG_016,0
AGCCCCTGCCGCCGTCGACG_017,75
AGCCCCTGCCGCCGTCGACG_018,117
AGCCCCTGCCGCCGTCGACG_019,87
AGCCCCTGCCGCCGTCGACG_020,117
AGCCCCTGCCGCCGTCGACG_021,23
AGCCCCTGCCGCCGTCGACG_022,188
AGCCCCTGCCGCCGTCGACG_023,175
CTGTAACCAATACGATTCTG_001,172
CTGTAACCAATACGATTCTG_002,81
AGCCGTACCTTGTAACTGGG_001,188
AGCCGTACCTTGTAACTGGG_002,120
AGCCGTACCTTGTAACTGGG_003,52
AGCCGTACCTTGTAACTGGG_004,162
AGCCGTACCTTGTAACTGGG_005,41
AGCCGTACCTTGTAACTGGG_006,115
AGCCGTACCTTGTAACTGGG_007,18
AGCCGTACCTTGTAACTGGG_008,170
AGCCGTACCTTGTAACTGGG_009,127
AGCCGTACCTTGTAACTGGG_010,138
AGCCGTACCTTGTAACTGGG_011,47
AGCCGTACCTTGTAACTGGG_012,29
AGCCGTACCTTGTAACTGGG_013,164
AGCCGTACCTTGTAACTGGG_014,167
AGCCGTACCTTGTAACTGGG_015,167
AGCCGTACCTTGTAACTGGG_016,196
AGCCGTACCTTGTAACTGGG_017,29
AGCCGTACCTTGTAACTGGG_018,29
AGCCGTACCTTGTAACTGGG_019,10
AGCCGTACCTTGTAACTGGG_020,133
AGCCGTACCTTGTAACTGGG_021,141
AGCCGTACCTTGTAACTGGG_022,166
GCATTGTGGTCAAGCACCTG_001,36
GCATTGTGGTCAAGCACCTG_002,172
GCATTGTGGTCAAGCACCTG_003,88
GCATTGTGGTCAAGCACCTG_004,98
GCATTGTGGTCAAGCACCTG_005,168
GCATTGTGGTCAAGCACCTG_006,41
GCATTGTGGTCAAGCACCTG_007,144
GCATTGTGGTCAAGCACCTG_008,0
GCATTGTGGTCAAGCACCTG_009,44
GCATTGTGGTCAAGCACCTG_010,5
GCATTGTGGTCAAGCACCTG_011,9
GCATTGTGGTCAAGCACCTG_012,130
GCATTGTGGTCAAGCACCTG_013,15
GCATTGTGGTCAAGCACCTG_014,171
GCATTGTGGTCAAGCACCTG_015,172
GCATTGTGGTCAAGCACCTG_016,75
GCGGTGTCACCAGCTGAGCG_001,145
GCGGTGTCACCAGCTGAGCG_002,34
GCGGTGTCACCAGCTGAGCG_003,27
GCGGTGTCACCAGCTGAGCG_004,184
GCGGTGTCACCAGCTGAGCG_005,58
GCGGTGTCACCAGCTGAGCG_006,68
GCGGTGTCACCAGCTGAGCG_007,78
GCGGTGTCACCAGCTGAGCG_008,30
GCGGTGTCACCAGCTGAGCG_009,141
GCGGTGTCACCAGCTGAGCG_010,134
GCGGTGTCACCAGCTGAGCG_011,168
GCGGTGTCACCAGCTGAGCG_012,19
GCGGTGTCACCAGCTGAGCG_013,40
GTCTCAATCATGTAATACGG_001,191
GTCTCAATCATGTAATACGG_002,28
GTCTCAATCATGTAATACGG_003,162
GTCTCAATCATGTAATACGG_004,158
TGACTAGCTCTTACATATTC_001,17
TGACTAGCTCTTACATATTC_002,197
GGGTGAGATCTACTCGCCAG_001,8
GGGTGAGATCTACTCGCCAG_002,157
GGGTGAGATCTACTCGCCAG_003,145
GGGTGAGATCTACTCGCCAG_004,27
GGGTGAGATCTACTCGCCAG_005,2
GGGTGAGATCTACTCGCCAG_006,2
CAGAGTGGTGTCATCCCGAG_001,44
CAGAGTGGTGTCATCCCGAG_002,48
GCCTTGGAGGATGTTAGCAG_001,19
GCCTTGGAGGATGTTAGCAG_002,94
GCCTTGGAGGATGTTAGCAG_003,24
GCCTTGGAGGATGTTAGCAG_004,12
GCCTTGGAGGATGTTAGCAG_005,177
GCCTTGGAGGATGTTAGCAG_006,8
GCCTTGGAGGATGTTAGCAG_007,5
GCCTTGGAGGATGTTAGCAG_008,42
GCCTTGGAGGATGTTAGCAG_009,150
GCCTTGGAGGATGTTAGCAG_010,4
GCCTTGGAGGATGTTAGCAG_011,81
GCCTTGGAGGATGTTAGCAG_012,156
GCCTTGGAGGATGTTAGCAG_013,86
GCCTTGGAGGATGTTAGCAG_014,127
GCCTTGGAGGATGTTAGCAG_015,117
GCCTTGGAGGATGTTAGCAG_016,151
GCCTTGGAGGATGTTAGCAG_017,8
GCCTTGGAGGATGTTAGCAG_018,4
GCCTTGGAGGATGTTAGCAG_019,106
GCCTTGGAGGATGTTAGCAG_020,10
GCCTTGGAGGATGTTAGCAG_021,49
GCCTTGGAGGATGTTAGCAG_022,94
GCCTTGGAGGATGTTAGCAG_023,183
GCCTTGGAGGATGTTAGCAG_024,34
GCCTTGGAGGATGTTAGCAG_025,34
GCCTTGGAGGATGTTAGCAG_026,178
GCCTTGGAGGATGTTAGCAG_027,5
GCCTTGGAGGATGTTAGCAG_028,5
GCCTTGGAGGATGTTAGCAG_029,79
GCCTTGGAGGATGTTAGCAG_030,197
GCCTTGGAGGATGTTAGCAG_031,40
GCCTTGGAGGATGTTAGCAG_032,0
GCATCCTCAGCAACCCGTCG_001,195
GCATCCTCAGCAACCCGTCG_002,11
GCATCCTCAGCAACCCGTCG_003,153
GCATCCTCAGCAACCCGTCG_004,156
GCATCCTCAGCAACCCGTCG_005,68
GCATCCTCAGCAACCCGTCG_006,29
GCATCCTCAGCAACCCGTCG_007,148
ACTCGGCCCCTACACCCAGG_001,34
ACTCGGCCCCTACACCCAGG_002,52
ACTCGGCCCCTACACCCAGG_003,87
ACTCGGCCCCTACACCCAGG_004,1
ACTCGGCCCCTACACCCAGG_005,197
ACTCGGCCCCTACACCCAGG_006,191
ACTCGGCCCCTACACCCAGG_007,13
ACTCGGCCCCTACACCCAGG_008,26
ACTCGGCCCCTACACCCAGG_009,147
ACTCGGCCCCTACACCCAGG_010,130
ACTCGGCCCCTACACCCAGG_011,113
ACTCGGCCCCTACACCCAGG_012,120
ACTCGGCCCCTACACCCAGG_013,175
ACTCGGCCCCTACACCCAGG_014,147
ACTCGGCCCCTACACCCAGG_015,4
ACTCGGCCCCTACACCCAGG_016,59
ACTCGGCCCCTACACCCAGG_017,2
ACTCGGCCCCTACACCCAGG_018,176
ACTCGGCCCCTACACCCAGG_019,22
ACTCGGCCCCTACACCCAGG_020,112
ACTCGGCCCCTACACCCAGG_021,68
ACTCGGCCCCTACACCCAGG_022,191
ACTCGGCCCCTACACCCAGG_023,124
ACTCGGCCCCTACACCCAGG_024,162
ACTCGGCCCCTACACCCAGG_025,52
ACTCGGCCCCTACACCCAGG_026,12
ACTCGGCCCCTACACCCAGG_027,124
ACTCGGCCCCTACACCCAGG_028,156
ACTCGGCCCCTACACCCAGG_029,6
ACTCGGCCCCTACACCCAGG_030,44
ACTCGGCCCCTACACCCAGG_031,197
ACTCGGCCCCTACACCCAGG_032,43
ACTCGGCCCCTACACCCAGG_033,41
ACTCGGCCCCTACACCCAGG_034,57
ACTCGGCCCCTACACCCAGG_035,81
ACTCGGCCCCTACACCCAGG_036,41
AAATTCAGCAAGATTAACAC_001,153
AAATTCAGCAAGATTAACAC_002,98
AAATTCAGCAAGATTAACAC_003,85
AAATTCAGCAAGATTAACAC_004,83
AAATTCAGCAAGATTAACAC_005,168
AAATTCAGCAAGATTAACAC_006,7
AAATTCAGCAAGATTAACAC_007,184
AAATTCAGCAAGATTAACAC_008,50
AAATTCAGCAAGATTAACAC_009,156
AAATTCAGCAAGATTAACAC_010,43
AAATTCAGCAAGATTAACAC_011,94
AAATTCAGCAAGATTAACAC_012,165
AATCCAGGTCACGTACACTG_001,78
AATCCAGGTCACGTACACTG_002,12
AATCCAGGTCACGTACACTG_003,168
AATCCAGGTCACGTACACTG_004,12
AATCCAGGTCACGTACACTG_005,33
AATCCAGGTCACGTACACTG_006,41
AATCCAGGTCACGTACACTG_007,166
AATCCAGGTCACGTACACTG_008,35
AATCCAGGTCACGTACACTG_009,105
AATCCAGGTCACGTACACTG_010,62
AATCCAGGTCACGTACACTG_011,145
AATCCAGGTCACGTACACTG_012,98
AATCCAGGTCACGTACACTG_013,116
AATCCAGGTCACGTACACTG_014,134
AATCCAGGTCACGTACACTG_015,118
AATCCAGGTCACGTACACTG_016,82
AATCCAGGTCACGTACACTG_017,58
GTAACACCACAGTCGGAACG_001,158
GTAACACCACAGTCGGAACG_002,89
GTAACACCACAGTCGGAACG_003,184
GTAACACCACAGTCGGAACG_004,49
GTAACACCACAGTCGGAACG_005,26
GTAACACCACAGTCGGAACG_006,94
AATGTATCTTAATAACATCA_001,113
GGACCGCTGACATTAAACTG_001,177
GGACCGCTGACATTAAACTG_002,172
GGACCGCTGACATTAAACTG_003,169
GGACCGCTGACATTAAACTG_004,48
GGACCGCTGACATTAAACTG_005,13
GGACCGCTGACATTAAACTG_006,68
GCCACAACCACTACTACCAT_001,163
GCCACAACCACTACTACCAT_002,94
GCCACAACCACTACTACCAT_003,118
GCCACAACCACTACTACCAT_004,198
GCCACAACCACTACTACCAT_005,15
GCCACAACCACTACTACCAT_006,42
GCCACAACCACTACTACCAT_007,62
GCCACAACCACTACTACCAT_008,60
GCCACAACCACTACTACCAT_009,77
GCCACAACCACTACTACCAT_010,49
GCCACAACCACTACTACCAT_011,80
GCCACAACCACTACTACCAT_012,108
GCCACAACCACTACTACCAT_013,83
GCCACAACCACTACTACCAT_014,145
GCCACAACCACTACTACCAT_015,49
GCCACAACCACTACTACCAT_016,90
GCCACAACCACTACTACCAT_017,27
CTAGCAGTGTTAGTCACCAT_001,107
CTAGCAGTGTTAGTCACCAT_002,121
GCTCGGGCCCCATCTCAGAG_001,115
GCTCGGGCCCCATCTCAGAG_002,184
GCTCGGGCCCCATCTCAGAG_003,56
GCTCGGGCCCCATCTCAGAG_004,182
GCTCGGGCCCCATCTCAGAG_005,188
GCTGGCAGCGCTGGTACCAG_001,181
GCTGGCAGCGCTGGTACCAG_002,71
GCTGGCAGCGCTGGTACCAG_003,64
GCTGGCAGCGCTGGTACCAG_004,71
GGTCATCAAGATGTACGTGG_001,7
GGTCATCAAGATGTACGTGG_002,50
GGTCATCAAGATGTACGTGG_003,162
GGTCATCAAGATGTACGTGG_004,47
GGTCATCAAGATGTACGTGG_005,184
GGTGAGGTCATCATACGGTG_001,4
GGTGAGGTCATCATACGGTG_002,98
GGTGAGGTCATCATACGGTG_003,58
GGTGAGGTCATCATACGGTG_004,16
TGCCATCCGTGACTTCTCGG_001,71
TGCCATCCGTGACTTCTCGG_002,38
TGCCATCCGTGACTTCTCGG_003,12
TGCCATCCGTGACTTCTCGG_004,118
TGCCATCCGTGACTTCTCGG_005,139
TGCCATCCGTGACTTCTCGG_006,137
TGCCATCCGTGACTTCTCGG_007,1
TGCCATCCGTGACTTCTCGG_008,103
TGCCATCCGTGACTTCTCGG_009,150
TGCCATCCGTGACTTCTCGG_010,120
TGCCATCCGTGACTTCTCGG_011,159
TGCCATCCGTGACTTCTCGG_012,102
TGCCATCCGTGACTTCTCGG_013,150
TGCCATCCGTGACTTCTCGG_014,82
TGCCATCCGTGACTTCTCGG_015,162
TGCCATCCGTGACTTCTCGG_016,40
TGCCATCCGTGACTTCTCGG_017,41
TGCCATCCGTGACTTCTCGG_018,108
TGCCATCCGTGACTTCTCGG_019,161
TGCCATCCGTGACTTCTCGG_020,17
TGCCATCCGTGACTTCTCGG_021,61
TGCCATCCGTGACTTCTCGG_022,115
TGCCATCCGTGACTTCTCGG_023,28
TGCCATCCGTGACTTCTCGG_024,41
TGCCATCCGTGACTTCTCGG_025,17
TGCCATCCGTGACTTCTCGG_026,66
TGCCATCCGTGACTTCTCGG_027,155
TGCCATCCGTGACTTCTCGG_028,136
GGGCTGCCAACAGTACCGCA_001,121
GGGCTGCCAACAGTACCGCA_002,51
GGGCTGCCAACAGTACCGCA_003,116
GGGCTGCCAACAGTACCGCA_004,41
GGGCTGCCAACAGTACCGCA_005,140
GGGCTGCCAACAGTACCGCA_006,98
GGGCTGCCAACAGTACCGCA_007,70
GGGCTGCCAACAGTACCGCA_008,61
TGACATCCGATTAGAAGAGG_001,58
TGACATCCGATTAGAAGAGG_002,78
TGACATCCGATTAGAAGAGG_003,146
TGACATCCGATTAGAAGAGG_004,162
TGACATCCGATTAGAAGAGG_005,127
TGACATCCGATTAGAAGAGG_006,42
TGACATCCGATTAGAAGAGG_007,43
TGACATCCGATTAGAAGAGG_008,8
TGACATCCGATTAGAAGAGG_009,138
TGACATCCGATTAGAAGAGG_010,132
TGACATCCGATTAGAAGAGG_011,34
TGACATCCGATTAGAAGAGG_012,24
TGACATCCGATTAGAAGAGG_013,88
TGACATCCGATTAGAAGAGG_014,17
TGACATCCGATTAGAAGAGG_015,146
TGACATCCGATTAGAAGAGG_016,194
TGACATCCGATTAGAAGAGG_017,4
TGACATCCGATTAGAAGAGG_018,63
TGACATCCGATTAGAAGAGG_019,34
TGACATCCGATTAGAAGAGG_020,3
ATGCTGGGTGTACTTGCCGG_001,148
ATGCTGGGTGTACTTGCCGG_002,8
ATGCTGGGTGTACTTGCCGG_003,107
ATGCTGGGTGTACTTGCCGG_004,88
ATGCTGGGTGTACTTGCCGG_005,60
ATGCTGGGTGTACTTGCCGG_006,139
ATGCTGGGTGTACTTGCCGG_007,29
ATGCTGGGTGTACTTGCCGG_008,131
ATGCTGGGTGTACTTGCCGG_009,91
ATGCTGGGTGTACTTGCCGG_010,26
ATGCTGGGTGTACTTGCCGG_011,131
ATGCTGGGTGTACTTGCCGG_012,56
ATGCTGGGTGTACTTGCCGG_013,76
ATGCTGGGTGTACTTGCCGG_014,57
ATGCTGGGTGTACTTGCCGG_015,86
ATGCTGGGTGTACTTGCCGG_016,88
ATGCTGGGTGTACTTGCCGG_017,75
ATGCTGGGTGTACTTGCCGG_018,36
ATGCTGGGTGTACTTGCCGG_019,84
ATGCTGGGTGTACTTGCCGG_020,8
ATGCTGGGTGTACTTGCCGG_021,64
ATGCTGGGTGTACTTGCCGG_022,127
ATGCTGGGTGTACTTGCCGG_023,178
ATGCTGGGTGTACTTGCCGG_024,94
CCAAGATGTCAAGAGAGCGA_001,28
CAGACCCAGGGAGCGGCCGT_001,62
CAGACCCAGGGAGCGGCCGT_002,80
CAGACCCAGGGAGCGGCCGT_003,91
CAGACCCAGGGAGCGGCCGT_004,38
CAGACCCAGGGAGCGGCCGT_005,90
CAGACCCAGGGAGCGGCCGT_006,41
CAGACCCAGGGAGCGGCCGT_007,140
CAGACCCAGGGAGCGGCCGT_008,13
CAGACCCAGGGAGCGGCCGT_009,52
CAGACCCAGGGAGCGGCCGT_010,141
CAGACCCAGGGAGCGGCCGT_011,90
CAGACCCAGGGAGCGGCCGT_012,94
CAGACCCAGGGAGCGGCCGT_013,144
CAGACCCAGGGAGCGGCCGT_014,121
CAGACCCAGGGAGCGGCCGT_015,128
CAGACCCAGGGAGCGGCCGT_016,94
CAGACCCAGGGAGCGGCCGT_017,74
CAGACCCAGGGAGCGGCCGT_018,59
CAGACCCAGGGAGCGGCCGT_019,160
CACAAAAGACAGCAAACGAG_001,185
CACAAAAGACAGCAAACGAG_002,44
CACAAAAGACAGCAAACGAG_003,186
CACAAAAGACAGCAAACGAG_004,42
CACAAAAGACAGCAAACGAG_005,172
CACAAAAGACAGCAAACGAG_006,176
CACAAAAGACAGCAAACGAG_007,5
CACAAAAGACAGCAAACGAG_008,167
CACAAAAGACAGCAAACGAG_009,167
CACAAAAGACAGCAAACGAG_010,112
GAGGGCTAGACATCTACGTA_001,17
GAGGGCTAGACATCTACGTA_002,40
GAGGGCTAGACATCTACGTA_003,150
GAGGGCTAGACATCTACGTA_004,147
GAGGGCTAGACATCTACGTA_005,125
GCTTGTCAGTGTAGCTCAGG_001,1
GCTTGTCAGTGTAGCTCAGG_002,46
GCTTGTCAGTGTAGCTCAGG_003,138
GCTTGTCAGTGTAGCTCAGG_004,47
GCTTGTCAGTGTAGCTCAGG_005,180
CTTGCGGATCTGTTTGACCG_001,199
CTTGCGGATCTGTTTGACCG_002,184
CTTGCGGATCTGTTTGACCG_003,128
CTTGCGGATCTGTTTGACCG_004,103
CTTGCGGATCTGTTTGACCG_005,126
CTTGCGGATCTGTTTGACCG_006,53
CTTGCGGATCTGTTTGACCG_007,107
CTTGCGGATCTGTTTGACCG_008,114
CTTGCGGATCTGTTTGACCG_009,114
CTTGCGGATCTGTTTGACCG_010,158
CTTGCGGATCTGTTTGACCG_011,175
CTTGCGGATCTGTTTGACCG_012,147
CTTGCGGATCTGTTTGACCG_013,78
CTTGCGGATCTGTTTGACCG_014,9
TCACCGCAGATAATTGACAA_001,20
TCACCGCAGATAATTGACAA_002,47
TCACCGCAGATAATTGACAA_003,144
TCACCGCAGATAATTGACAA_004,39
AGTGGTCATAAGGTTACACA_001,153
AGTGGTCATAAGGTTACACA_002,15
AGTGGTCATAAGGTTACACA_003,90
AGTGGTCATAAGGTTACACA_004,13
AGTGGTCATAAGGTTACACA_005,127
AGTGGTCATAAGGTTACACA_006,86
AGTGGTCATAAGGTTACACA_007,40
AGTGGTCATAAGGTTACACA_008,123
AGTGGTCATAAGGTTACACA_009,55
AGTGGTCATAAGGTTACACA_010,63
AGTGGTCATAAGGTTACACA_011,106
GAGCCCTTCGTACTGGAACA_001,129
GAGCCCTTCGTACTGGAACA_002,198
ACTGCCTGATCAGAGAACTT_001,101
ACTGCCTGATCAGAGAACTT_002,81
ACTGCCTGATCAGAGAACTT_003,169
ACTGCCTGATCAGAGAACTT_004,38
CATACTGACCGCCTCCAGAG_001,185
CATACTGACCGCCTCCAGAG_002,199
CATACTGACCGCCTCCAGAG_003,55
CATACTGACCGCCTCCAGAG_004,103
CATACTGACCGCCTCCAGAG_005,37
CATACTGACCGCCTCCAGAG_006,33
CATACTGACCGCCTCCAGAG_007,67
CATACTGACCGCCTCCAGAG_008,17
CATACTGACCGCCTCCAGAG_009,12
CATACTGACCGCCTCCAGAG_010,1
CATACTGACCGCCTCCAGAG_011,146
CTCCAAGCCCAAGAGGAGAT_001,26
CTCCAAGCCCAAGAGGAGAT_002,97
CTCCAAGCCCAAGAGGAGAT_003,105
CTCCAAGCCCAAGAGGAGAT_004,162
CTCCAAGCCCAAGAGGAGAT_005,165
CTCCAAGCCCAAGAGGAGAT_006,128
CTCCAAGCCCAAGAGGAGAT_007,191
AGCAGTCAGCACTAGTAGCA_001,134
AGCAGTCAGCACTAGTAGCA_002,172
AGCAGTCAGCACTAGTAGCA_003,9
AGCAGTCAGCACTAGTAGCA_004,174
AGCAGTCAGCACTAGTAGCA_005,137
AGCAGTCAGCACTAGTAGCA_006,166
AGCAGTCAGCACTAGTAGCA_007,34
AGCAGTCAGCACTAGTAGCA_008,78
AGCAGTCAGCACTAGTAGCA_009,28
AGCAGTCAGCACTAGTAGCA_010,170
CATCGCTTCTACAGATACAT_001,135
CATCGCTTCTACAGATACAT_002,97
CATCGCTTCTACAGATACAT_003,58
CATCGCTTCTACAGATACAT_004,45
CATCGCTTCTACAGATACAT_005,50
CATCGCTTCTACAGATACAT_006,72
CATCGCTTCTACAGATACAT_007,18
CATCGCTTCTACAGATACAT_008,63
CATCGCTTCTACAGATACAT_009,137
CATCGCTTCTACAGATACAT_010,13
GCCCGCCACATCCAGCGCCA_001,50
GCCCGCCACATCCAGCGCCA_002,133
GCCCGCCACATCCAGCGCCA_003,56
GCCCGCCACATCCAGCGCCA_004,154
GCCCGCCACATCCAGCGCCA_005,170
GCCCGCCACATCCAGCGCCA_006,165
GCCCGCCACATCCAGCGCCA_007,150
GCCCGCCACATCCAGCGCCA_008,113
GCCCGCCACATCCAGCGCCA_009,26
GCCCGCCACATCCAGCGCCA_010,10
GCCCGCCACATCCAGCGCCA_011,13
GCCCGCCACATCCAGCGCCA_012,108
AGAGTCACACTGGTGCTACG_001,130
AGAGTCACACTGGTGCTACG_002,174
AGAGTCACACTGGTGCTACG_003,174
AGAGTCACACTGGTGCTACG_004,58
AGAGTCACACTGGTGCTACG_005,172
AGAGTCACACTGGTGCTACG_006,108
AGAGTCACACTGGTGCTACG_007,160
AGAGTCACACTGGTGCTACG_008,159
AGAGTCACACTGGTGCTACG_009,174
AGAGTCACACTGGTGCTACG_010,150
AGAGTCACACTGGTGCTACG_011,67
GGATGAAGCCCGTCGAGCCA_001,174
GGATGAAGCCCGTCGAGCCA_002,84
GGATGAAGCCCGTCGAGCCA_003,179
GGATGAAGCCCGTCGAGCCA_004,129
GGATGAAGCCCGTCGAGCCA_005,191
GGATGAAGCCCGTCGAGCCA_006,105
GGATGAAGCCCGTCGAGCCA_007,155
GGATGAAGCCCGTCGAGCCA_008,10
GGATGAAGCCCGTCGAGCCA_009,168
GGATGAAGCCCGTCGAGCCA_010,146
GGATGAAGCCCGTCGAGCCA_011,140
GGATGAAGCCCGTCGAGCCA_012,94
GGATGAAGCCCGTCGAGCCA_013,63
GGATGAAGCCCGTCGAGCCA_014,169
GGATGAAGCCCGTCGAGCCA_015,50
GGATGAAGCCCGTCGAGCCA_016,49
GGATGAAGCCCGTCGAGCCA_017,96
GGATGAAGCCCGTCGAGCCA_018,175
GGATGAAGCCCGTCGAGCCA_019,188
GGATGAAGCCCGTCGAGCCA_020,186
GTGGAACAGGAAGGTCTCCG_001,54
GTGGAACAGGAAGGTCTCCG_002,82
GTGGAACAGGAAGGTCTCCG_003,85
GTGGAACAGGAAGGTCTCCG_004,148
GTGGAACAGGAAGGTCTCCG_005,146
GTGGAACAGGAAGGTCTCCG_006,176
GTGGAACAGGAAGGTCTCCG_007,145
GTGGAACAGGAAGGTCTCCG_008,172
GTGGAACAGGAAGGTCTCCG_009,138
GTGGAACAGGAAGGTCTCCG_010,198
GTGGAACAGGAAGGTCTCCG_011,70
TACATAATTGGAGCCCACGG_001,52
TACATAATTGGAGCCCACGG_002,138
TACATAATTGGAGCCCACGG_003,175
TACATAATTGGAGCCCACGG_004,193
TACATAATTGGAGCCCACGG_005,178
TACATAATTGGAGCCCACGG_006,108
GTGACCTTGATCGACTCCCT_001,27
GTGACCTTGATCGACTCCCT_002,91
GTGACCTTGATCGACTCCCT_003,61
GTGACCTTGATCGACTCCCT_004,115
GTGACCTTGATCGACTCCCT_005,8
GTGACCTTGATCGACTCCCT_006,33
GTGACCTTGATCGACTCCCT_007,137
GTGACCTTGATCGACTCCCT_008,137
GTGACCTTGATCGACTCCCT_009,172
GTGACCTTGATCGACTCCCT_010,81
GTGACCTTGATCGACTCCCT_011,120
AGAGAGAGCAACCAAGAGCG_001,115
AGAGAGAGCAACCAAGAGCG_002,81
AGAGAGAGCAACCAAGAGCG_003,177
AGAGAGAGCAACCAAGAGCG_004,88
AGAGAGAGCAACCAAGAGCG_005,15
AGAGAGAGCAACCAAGAGCG_006,50
AGAGAGAGCAACCAAGAGCG_007,130
AGAGAGAGCAACCAAGAGCG_008,104
CTTCGCCTTCATCATCGGAC_001,9
CTTCGCCTTCATCATCGGAC_002,81
CTTCGCCTTCATCATCGGAC_003,188
ATAAACTGGATTGCACCATA_001,136
ATAAACTGGATTGCACCATA_002,198
ATAAACTGGATTGCACCATA_003,137
ATAAACTGGATTGCACCATA_004,62
GCACAAGCAGAAGCCAACTG_001,174
GCACAAGCAGAAGCCAACTG_002,8
GCACAAGCAGAAGCCAACTG_003,188
GCACAAGCAGAAGCCAACTG_004,152
GCACAAGCAGAAGCCAACTG_005,17
GCACAAGCAGAAGCCAACTG_006,175
CTCTGCCATATGGACTGAAG_001,101
CTCTGCCATATGGACTGAAG_002,188
CTCTGCCATATGGACTGAAG_003,121
CTCTGCCATATGGACTGAAG_004,7
CAAACCAATCCTTGTACCCG_001,159
CAAACCAATCCTTGTACCCG_002,106
CAAACCAATCCTTGTACCCG_003,170
CAAACCAATCCTTGTACCCG_004,16
CAAACCAATCCTTGTACCCG_005,12
CAAACCAATCCTTGTACCCG_006,144
CAAACCAATCCTTGTACCCG_007,66
ACTCCTACGGAGATATTCAA_001,27
ACTCCTACGGAGATATTCAA_002,17
ACTCCTACGGAGATATTCAA_003,7
ACTCCTACGGAGATATTCAA_004,32
ACTCCTACGGAGATATTCAA_005,189
ACTCCTACGGAGATATTCAA_006,77
ACTCCTACGGAGATATTCAA_007,192
ACTCCTACGGAGATATTCAA_008,191
ACTCCTACGGAGATATTCAA_009,127
ACTCCTACGGAGATATTCAA_010,94
ACTCCTACGGAGATATTCAA_011,198
ACTCCTACGGAGATATTCAA_012,33
ACTCCTACGGAGATATTCAA_013,46
GGGACATGAACGAGGCCAAG_001,76
GGGACATGAACGAGGCCAAG_002,169
GGGACATGAACGAGGCCAAG_003,33
GGGACATGAACGAGGCCAAG_004,144
GGGACATGAACGAGGCCAAG_005,60
GGGACATGAACGAGGCCAAG_006,134
GGGACATGAACGAGGCCAAG_007,145
GGGACATGAACGAGGCCAAG_008,56
GGGACATGAACGAGGCCAAG_009,121
GGGACATGAACGAGGCCAAG_010,198
GGGACATGAACGAGGCCAAG_011,163
GGGACATGAACGAGGCCAAG_012,149
GGGACATGAACGAGGCCAAG_013,131
GGGACATGAACGAGGCCAAG_014,131
GGGACATGAACGAGGCCAAG_015,134
CTGATGGTGACGAAGTCGCG_001,70
CTGATGGTGACGAAGTCGCG_002,2
CTGATGGTGACGAAGTCGCG_003,174
CTGATGGTGACGAAGTCGCG_004,69
CTGATGGTGACGAAGTCGCG_005,108
CCAGCTGGAACCGTAAGGTG_001,192
CCAGCTGGAACCGTAAGGTG_002,25
AATACCACTTGGGTCGCTCG_001,73
AATACCACTTGGGTCGCTCG_002,3
AATACCACTTGGGTCGCTCG_003,21
AATACCACTTGGGTCGCTCG_004,105
AATACCACTTGGGTCGCTCG_005,30
CTTGAACACAAGGAGATCGA_001,197
GGCCGTGGCCCAGCTCGAGG_001,42
GGCCGTGGCCCAGCTCGAGG_002,16
GGCCGTGGCCCAGCTCGAGG_003,142
GGCCGTGGCCCAGCTCGAGG_004,76
GGCCGTGGCCCAGCTCGAGG_005,169
GGCCGTGGCCCAGCTCGAGG_006,17
GGCCGTGGCCCAGCTCGAGG_007,35
GGCCGTGGCCCAGCTCGAGG_008,62
GGCCGTGGCCCAGCTCGAGG_009,184
GGCCGTGGCCCAGCTCGAGG_010,163
GGCCGTGGCCCAGCTCGAGG_011,26
GGCCGTGGCCCAGCTCGAGG_012,115
GGCCGTGGCCCAGCTCGAGG_013,62
GGCCGTGGCCCAGCTCGAGG_014,105
GGCCGTGGCCCAGCTCGAGG_015,171
GGCCGTGGCCCAGCTCGAGG_016,25
GGCCGTGGCCCAGCTCGAGG_017,49
GGCCGTGGCCCAGCTCGAGG_018,11
GGCCGTGGCCCAGCTCGAGG_019,178
GGCCGTGGCCCAGCTCGAGG_020,144
GGCCGTGGCCCAGCTCGAGG_021,28
GGCCGTGGCCCAGCTCGAGG_022,135
GGCCGTGGCCCAGCTCGAGG_023,30
GGCCGTGGCCCAGCTCGAGG_024,34
GGCCGTGGCCCAGCTCGAGG_025,165
AGGAAAGATCAAGTAGAACT_001,117
AGGAAAGATCAAGTAGAACT_002,190
AGGAAAGATCAAGTAGAACT_003,140
AGGAAAGATCAAGTAGAACT_004,165
AGGAAAGATCAAGTAGAACT_005,2
AGGAAAGATCAAGTAGAACT_006,115
AGGAAAGATCAAGTAGAACT_007,63
AGGAAAGATCAAGTAGAACT_008,188
AGGAAAGATCAAGTAGAACT_009,148
AGGAAAGATCAAGTAGAACT_010,174
AGGAAAGATCAAGTAGAACT_011,9
AGGAAAGATCAAGTAGAACT_012,88
AGGAAAGATCAAGTAGAACT_013,130
TGACTGCCTTGGATACAACT_001,135
TGACTGCCTTGGATACAACT_002,192
GGGACTCTTGGACCGGCTAG_001,42
GGGACTCTTGGACCGGCTAG_002,54
GGGACTCTTGGACCGGCTAG_003,199
GGGACTCTTGGACCGGCTAG_004,69
GGGACTCTTGGACCGGCTAG_005,110
GGGACTCTTGGACCGGCTAG_006,141
GGGACTCTTGGACCGGCTAG_007,159
GGGACTCTTGGACCGGCTAG_008,35
GGGACTCTTGGACCGGCTAG_009,35
GGGACTCTTGGACCGGCTAG_010,45
GGGACTCTTGGACCGGCTAG_011,89
GGGACTCTTGGACCGGCTAG_012,184
GGGACTCTTGGACCGGCTAG_013,138
GGGACTCTTGGACCGGCTAG_014,169
GGGACTCTTGGACCGGCTAG_015,199
GGGACTCTTGGACCGGCTAG_016,170
GGGACTCTTGGACCGGCTAG_017,78
GGGACTCTTGGACCGGCTAG_018,0
GTCTACAAGGACATCACGCA_001,61
GTCTACAAGGACATCACGCA_002,60
GTCTACAAGGACATCACGCA_003,170
GTCTACAAGGACATCACGCA_004,176
TGCCCCGTATGAGTTCCCCG_001,129
TGCCCCGTATGAGTTCCCCG_002,94
TGCCCCGTATGAGTTCCCCG_003,161
TGCCCCGTATGAGTTCCCCG_004,155
TGCCCCGTATGAGTTCCCCG_005,89
TGCCCCGTATGAGTTCCCCG_006,89
TGCCCCGTATGAGTTCCCCG_007,112
TGCCCCGTATGAGTTCCCCG_008,94
TGCCCCGTATGAGTTCCCCG_009,38
TGCCCCGTATGAGTTCCCCG_010,172
TGCCCCGTATGAGTTCCCCG_011,168
TGCCCCGTATGAGTTCCCCG_012,180
TGCCCCGTATGAGTTCCCCG_013,147
TTAGACATCTGACTACCCAG_001,196
TTAGACATCTGACTACCCAG_002,155
CTCATCAAACCAACAGAGGG_001,62
CTCATCAAACCAACAGAGGG_002,171
CTCATCAAACCAACAGAGGG_003,115
CTCATCAAACCAACAGAGGG_004,82
CTCATCAAACCAACAGAGGG_005,126
CTCATCAAACCAACAGAGGG_006,137
CTCATCAAACCAACAGAGGG_007,56
CCGCAGCAGCCGGGCCAATG_001,1
CCGCAGCAGCCGGGCCAATG_002,175
CCGCAGCAGCCGGGCCAATG_003,151
CCGCAGCAGCCGGGCCAATG_004,113
CCGCAGCAGCCGGGCCAATG_005,29
CCGCAGCAGCCGGGCCAATG_006,52
CCGCAGCAGCCGGGCCAATG_007,190
CCGCAGCAGCCGGGCCAATG_008,65
CCGCAGCAGCCGGGCCAATG_009,189
CCGCAGCAGCCGGGCCAATG_010,6
CCGCAGCAGCCGGGCCAATG_011,80
CCGCAGCAGCCGGGCCAATG_012,70
CCGCAGCAGCCGGGCCAATG_013,46
CCGCAGCAGCCGGGCCAATG_014,185
CCGCAGCAGCCGGGCCAATG_015,151
CCGCAGCAGCCGGGCCAATG_016,127
CCGCAGCAGCCGGGCCAATG_017,106
CAAGCAATATATGCCCACAG_001,84
TGCCGAGAGAAGATCTGTGA_001,48
TGCCGAGAGAAGATCTGTGA_002,23
TGCCGAGAGAAGATCTGTGA_003,13
TGCCGAGAGAAGATCTGTGA_004,67
TGCCGAGAGAAGATCTGTGA_005,16
TGCCGAGAGAAGATCTGTGA_006,53
TGCCGAGAGAAGATCTGTGA_007,163
TGCCGAGAGAAGATCTGTGA_008,181
TGCCGAGAGAAGATCTGTGA_009,198
ACGTGGTGAGACTCCACTGT_001,128
ACGTGGTGAGACTCCACTGT_002,169
ACGTGGTGAGACTCCACTGT_003,95
ACGTGGTGAGACTCCACTGT_004,171
ACGTGGTGAGACTCCACTGT_005,131
ACGTGGTGAGACTCCACTGT_006,94
GGTGCAGCGAGACCCTGACA_001,185
GGTGCAGCGAGACCCTGACA_002,40
GGTGCAGCGAGACCCTGACA_003,78
GGTGCAGCGAGACCCTGACA_004,93
GGTGCAGCGAGACCCTGACA_005,148
GGAGTGGTCCCGTACGCAAC_001,196
GGAGTGGTCCCGTACGCAAC_002,121
GGAGTGGTCCCGTACGCAAC_003,179
GGAGTGGTCCCGTACGCAAC_004,188
GGAGTGGTCCCGTACGCAAC_005,73
GGAGTGGTCCCGTACGCAAC_006,21
GGAGTGGTCCCGTACGCAAC_007,43
GGAGTGGTCCCGTACGCAAC_008,16
GGAGTGGTCCCGTACGCAAC_009,172
GGAGTGGTCCCGTACGCAAC_010,197
GGAGTGGTCCCGTACGCAAC_011,145
GGAGTGGTCCCGTACGCAAC_012,169
GGAGTGGTCCCGTACGCAAC_013,134
GGAGTGGTCCCGTACGCAAC_014,107
GGAGTGGTCCCGTACGCAAC_015,110
GGAGTGGTCCCGTACGCAAC_016,82
GGAGTGGTCCCGTACGCAAC_017,10
GGAGTGGTCCCGTACGCAAC_018,69
GGAGTGGTCCCGTACGCAAC_019,43
GGAGTGGTCCCGTACGCAAC_020,5
GGAGTGGTCCCGTACGCAAC_021,13
GGAGTGGTCCCGTACGCAAC_022,77
GGAGTGGTCCCGTACGCAAC_023,158
GGAGTGGTCCCGTACGCAAC_024,155
GGAGTGGTCCCGTACGCAAC_025,1
AGTATACAATGCACATCGAA_001,161
GCAGACGACCTGCAGCGTGT_001,42
GCAGACGACCTGCAGCGTGT_002,106
GCAGACGACCTGCAGCGTGT_003,106
GCAGACGACCTGCAGCGTGT_004,127
GCAGACGACCTGCAGCGTGT_005,72
GCAGACGACCTGCAGCGTGT_006,127
GCAGACGACCTGCAGCGTGT_007,10
GCAGACGACCTGCAGCGTGT_008,131
GCAGACGACCTGCAGCGTGT_009,172
GCAGACGACCTGCAGCGTGT_010,48
GCAGACGACCTGCAGCGTGT_011,61
GCAGACGACCTGCAGCGTGT_012,166
GCAGACGACCTGCAGCGTGT_013,180
GCAGACGACCTGCAGCGTGT_014,177
GGGCACCTACGCCAATCCCA_001,128
GGGCACCTACGCCAATCCCA_002,53
GGGCACCTACGCCAATCCCA_003,169
GGGCACCTACGCCAATCCCA_004,145
GGGCACCTACGCCAATCCCA_005,149
GGGCACCTACGCCAATCCCA_006,185
GGGCACCTACGCCAATCCCA_007,19
GGGCACCTACGCCAATCCCA_008,124
ACATGCACACGATCCAGCAC_001,41
ACATGCACACGATCCAGCAC_002,174
ACATGCACACGATCCAGCAC_003,76
ACATGCACACGATCCAGCAC_004,106
ACATGCACACGATCCAGCAC_005,197
ACATGCACACGATCCAGCAC_006,164
ACATGCACACGATCCAGCAC_007,49
ACATGCACACGATCCAGCAC_008,75
CAGCCCGAGAATCCCGACAG_001,158
CAGCCCGAGAATCCCGACAG_002,121
CAGCCCGAGAATCCCGACAG_003,40
CAGCCCGAGAATCCCGACAG_004,176
CAGCCCGAGAATCCCGACAG_005,93
CAGCCCGAGAATCCCGACAG_006,169
CAGCCCGAGAATCCCGACAG_007,78
CAGCCCGAGAATCCCGACAG_008,56
CAGCCCGAGAATCCCGACAG_009,9
CAGCCCGAGAATCCCGACAG_010,98
CAGCCCGAGAATCCCGACAG_011,63
CAGCCCGAGAATCCCGACAG_012,175
CAGCCCGAGAATCCCGACAG_013,185
CAGCCCGAGAATCCCGACAG_014,114
CAGCCCGAGAATCCCGACAG_015,46
CAGCCCGAGAATCCCGACAG_016,94
CAGCCCGAGAATCCCGACAG_017,168
CAGCCCGAGAATCCCGACAG_018,49
CAGCCCGAGAATCCCGACAG_019,47
CAGCCCGAGAATCCCGACAG_020,161
CAGCCCGAGAATCCCGACAG_021,97
CAGCCCGAGAATCCCGACAG_022,16
ATGGAGGACAGACATGACAT_001,70
ATGGAGGACAGACATGACAT_002,181
ATGGAGGACAGACATGACAT_003,43
ATGGAGGACAGACATGACAT_004,159
ATGGAGGACAGACATGACAT_005,28
ATGGAGGACAGACATGACAT_006,138
ATGGAGGACAGACATGACAT_007,70
CCGTTACCGCCCGGGCACTG_001,36
CCGTTACCGCCCGGGCACTG_002,1
CCGTTACCGCCCGGGCACTG_003,116
CCGTTACCGCCCGGGCACTG_004,22
CCGTTACCGCCCGGGCACTG_005,8
CCGTTACCGCCCGGGCACTG_006,58
CCGTTACCGCCCGGGCACTG_007,88
CCGTTACCGCCCGGGCACTG_008,52
CCGTTACCGCCCGGGCACTG_009,170
CCGTTACCGCCCGGGCACTG_010,21
CCGTTACCGCCCGGGCACTG_011,15
CCGTTACCGCCCGGGCACTG_012,108
CCGTTACCGCCCGGGCACTG_013,115
CCGTTACCGCCCGGGCACTG_014,26
CCGTTACCGCCCGGGCACTG_015,188
CCGTTACCGCCCGGGCACTG_016,96
CCGTTACCGCCCGGGCACTG_017,106
CCGTTACCGCCCGGGCACTG_018,85
CGCTTGTTATGTAGACGCCG_001,9
CGCTTGTTATGTAGACGCCG_002,76
CGCTTGTTATGTAGACGCCG_003,50
CGCTTGTTATGTAGACGCCG_004,40
CGCTTGTTATGTAGACGCCG_005,76
CGCTTGTTATGTAGACGCCG_006,72
CGCTTGTTATGTAGACGCCG_007,59
CGCTTGTTATGTAGACGCCG_008,164
CGCTTGTTATGTAGACGCCG_009,164
CGCTTGTTATGTAGACGCCG_010,60
CGCTTGTTATGTAGACGCCG_011,114
AGAACCCTTACGGTTTCTGC_001,172
AGAACCCTTACGGTTTCTGC_002,29
AGAACCCTTACGGTTTCTGC_003,178
AGAACCCTTACGGTTTCTGC_004,108
AGAACCCTTACGGTTTCTGC_005,9
AGAACCCTTACGGTTTCTGC_006,92
AAAAGGGAATGGTCTAACTT_001,57
AAAAGGGAATGGTCTAACTT_002,104
AAAAGGGAATGGTCTAACTT_003,106
AAAAGGGAATGGTCTAACTT_004,127
AAAAGGGAATGGTCTAACTT_005,38
AAAAGGGAATGGTCTAACTT_006,23
AAAAGGGAATGGTCTAACTT_007,10
AAAAGGGAATGGTCTAACTT_008,41
AAAAGGGAATGGTCTAACTT_009,187
ATCGTATTGGAAAAACCAAG_001,58
ATCGTATTGGAAAAACCAAG_002,29
ATCGTATTGGAAAAACCAAG_003,198
ATCGTATTGGAAAAACCAAG_004,170
ATCGTATTGGAAAAACCAAG_005,185
ATCGTATTGGAAAAACCAAG_006,195
GGAGATCAGATTAGTCAGCA_001,182
GGAGATCAGATTAGTCAGCA_002,62
GGAGATCAGATTAGTCAGCA_003,94
GGAGATCAGATTAGTCAGCA_004,77
TCCTTGCAGAGTCCCGAGAG_001,141
TCCTTGCAGAGTCCCGAGAG_002,158
TCCTTGCAGAGTCCCGAGAG_003,125
TCCTTGCAGAGTCCCGAGAG_004,125
TCCTTGCAGAGTCCCGAGAG_005,184
TCCTTGCAGAGTCCCGAGAG_006,165
TCCTTGCAGAGTCCCGAGAG_007,194
TCCTTGCAGAGTCCCGAGAG_008,123
TCCTTGCAGAGTCCCGAGAG_009,53
TCCTTGCAGAGTCCCGAGAG_010,63
TCCTTGCAGAGTCCCGAGAG_011,35
AAGAGCGTGCAGCAATGCAA_001,128
AAGAGCGTGCAGCAATGCAA_002,175
AAGAGCGTGCAGCAATGCAA_003,77
AAGAGCGTGCAGCAATGCAA_004,93
AAGAGCGTGCAGCAATGCAA_005,148
AAGAGCGTGCAGCAATGCAA_006,4
AAGAGCGTGCAGCAATGCAA_007,4
AAGAGCGTGCAGCAATGCAA_008,134
AAGAGCGTGCAGCAATGCAA_009,65
CAGTGCTGCCTGTAATGGGA_001,95
CAGTGCTGCCTGTAATGGGA_002,84
CAGTGCTGCCTGTAATGGGA_003,13
CAGTGCTGCCTGTAATGGGA_004,104
CAGTGCTGCCTGTAATGGGA_005,105
CAGTGCTGCCTGTAATGGGA_006,60
CAGTGCTGCCTGTAATGGGA_007,176
CAGTGCTGCCTGTAATGGGA_008,34
CAGTGCTGCCTGTAATGGGA_009,54
CAGTGCTGCCTGTAATGGGA_010,151
CAGTGCTGCCTGTAATGGGA_011,180
CAGTGCTGCCTGTAATGGGA_012,36
CAGTGCTGCCTGTAATGGGA_013,111
ATTGAATAGCTGTAACCACC_001,159
ATTGAATAGCTGTAACCACC_002,102
ATTGAATAGCTGTAACCACC_003,102
ATTGAATAGCTGTAACCACC_004,98
ATTGAATAGCTGTAACCACC_005,148
ATTGAATAGCTGTAACCACC_006,117
ATTGAATAGCTGTAACCACC_007,94
ATTGAATAGCTGTAACCACC_008,105
ATTGAATAGCTGTAACCACC_009,143
ATTGAATAGCTGTAACCACC_010,155
ATGGCGTTGTACTTCCCGCA_001,168
ATGGCGTTGTACTTCCCGCA_002,77
GACTAGGCCCATACCACTGG_001,105
GACTAGGCCCATACCACTGG_002,190
GACTAGGCCCATACCACTGG_003,83
GACTAGGCCCATACCACTGG_004,15
GACTAGGCCCATACCACTGG_005,41
GACTAGGCCCATACCACTGG_006,69
GACTAGGCCCATACCACTGG_007,27
GACTAGGCCCATACCACTGG_008,22
GACTAGGCCCATACCACTGG_009,93
GAAGAGACCGAGAACGTTGG_001,119
GAAGAGACCGAGAACGTTGG_002,80
GAAGAGACCGAGAACGTTGG_003,193
GAAGAGACCGAGAACGTTGG_004,68
GAAGAGACCGAGAACGTTGG_005,174
GAAGAGACCGAGAACGTTGG_006,48
GAAGAGACCGAGAACGTTGG_007,15
GAAGAGACCGAGAACGTTGG_008,170
GAAGAGACCGAGAACGTTGG_009,15
GAAGAGACCGAGAACGTTGG_010,34
GAAGAGACCGAGAACGTTGG_011,185
GAAGAGACCGAGAACGTTGG_012,82
GAAGAGACCGAGAACGTTGG_013,56
GAAGAGACCGAGAACGTTGG_014,145
GAAGAGACCGAGAACGTTGG_015,183
GAAGAGACCGAGAACGTTGG_016,65
GAAGAGACCGAGAACGTTGG_017,28
GAAGAGACCGAGAACGTTGG_018,49
GAAGAGACCGAGAACGTTGG_019,172
GAAGAGACCGAGAACGTTGG_020,65
CTGTCGTAGTGATACCGTAA_001,35
CTGTCGTAGTGATACCGTAA_002,5
CTGTCGTAGTGATACCGTAA_003,168
CTGTCGTAGTGATACCGTAA_004,55
CTGTCGTAGTGATACCGTAA_005,166
CTGTCGTAGTGATACCGTAA_006,40
CTGTCGTAGTGATACCGTAA_007,182
CATTGGCAAGAACTAAACGG_001,48
CATTGGCAAGAACTAAACGG_002,21
CATTGGCAAGAACTAAACGG_003,122
CATTGGCAAGAACTAAACGG_004,130
CATTGGCAAGAACTAAACGG_005,97
ACTGAAACTTCACACATGTG_001,118
ACTGAAACTTCACACATGTG_002,198
ACTGAAACTTCACACATGTG_003,42
ACTGAAACTTCACACATGTG_004,117
ACTGAAACTTCACACATGTG_005,198
ACTGAAACTTCACACATGTG_006,76
ACTGAAACTTCACACATGTG_007,107
ACTGAAACTTCACACATGTG_008,174
ACTGAAACTTCACACATGTG_009,52
ACTGAAACTTCACACATGTG_010,38
ACTGAAACTTCACACATGTG_011,70
ACTGAAACTTCACACATGTG_012,195
CCTTATTGCACTGTTGACGA_001,198
CCTTATTGCACTGTTGACGA_002,141
CCTTATTGCACTGTTGACGA_003,94
CCTTATTGCACTGTTGACGA_004,13
CTAACAGGACAGCTATCCCG_001,34
CTAACAGGACAGCTATCCCG_002,111
CTAACAGGACAGCTATCCCG_003,47
CTAACAGGACAGCTATCCCG_004,76
CTAACAGGACAGCTATCCCG_005,138
CTAACAGGACAGCTATCCCG_006,2
CTAACAGGACAGCTATCCCG_007,50
GAAGGTCTCACTAGGCATCG_001,191
GAAGGTCTCACTAGGCATCG_002,178
GAAGGTCTCACTAGGCATCG_003,15
GAAGGTCTCACTAGGCATCG_004,67
GAAGGTCTCACTAGGCATCG_005,131
GAAGGTCTCACTAGGCATCG_006,170
GAAGGTCTCACTAGGCATCG_007,154
GACTGCAACCTATATGCCTG_001,94
GACTGCAACCTATATGCCTG_002,89
AGCCATGAGAAACTAGACAG_001,44
AGCCATGAGAAACTAGACAG_002,162
CGAATGTCATAACGACCACG_001,94
CGAATGTCATAACGACCACG_002,61
CGAATGTCATAACGACCACG_003,118
CGAATGTCATAACGACCACG_004,70
CGAATGTCATAACGACCACG_005,167
CGAATGTCATAACGACCACG_006,167
CGAATGTCATAACGACCACG_007,186
CGAATGTCATAACGACCACG_008,108
CGAATGTCATAACGACCACG_009,76
CGAATGTCATAACGACCACG_010,168
CGAATGTCATAACGACCACG_011,56
CGAATGTCATAACGACCACG_012,119
AACCACACCGCCATCTCCAA_001,158
AACCACACCGCCATCTCCAA_002,11
AACCACACCGCCATCTCCAA_003,94
AACCACACCGCCATCTCCAA_004,56
AACCACACCGCCATCTCCAA_005,29
AGATAATTACAAGCGGACAC_001,68
AGATAATTACAAGCGGACAC_002,77
AGATAATTACAAGCGGACAC_003,107
AGGACCAGAGCGTCCTGGCG_001,106
AGGACCAGAGCGTCCTGGCG_002,119
AGGACCAGAGCGTCCTGGCG_003,0
AGGACCAGAGCGTCCTGGCG_004,46
AGGACCAGAGCGTCCTGGCG_005,149
AGGACCAGAGCGTCCTGGCG_006,88
AGGACCAGAGCGTCCTGGCG_007,29
AGGACCAGAGCGTCCTGGCG_008,49
AGGACCAGAGCGTCCTGGCG_009,38
AGGACCAGAGCGTCCTGGCG_010,12
AGGACCAGAGCGTCCTGGCG_011,38
AGGACCAGAGCGTCCTGGCG_012,131
AGGACCAGAGCGTCCTGGCG_013,151
AGGACCAGAGCGTCCTGGCG_014,27
AGGACCAGAGCGTCCTGGCG_015,41
AGGACCAGAGCGTCCTGGCG_016,130
AGGACCAGAGCGTCCTGGCG_017,192
AGGACCAGAGCGTCCTGGCG_018,14
AGGACCAGAGCGTCCTGGCG_019,17
AGGACCAGAGCGTCCTGGCG_020,165
AGGACCAGAGCGTCCTGGCG_021,104
AGGACCAGAGCGTCCTGGCG_022,175
AGGACCAGAGCGTCCTGGCG_023,33
AGGACCAGAGCGTCCTGGCG_024,41
TCAAGTCTGAGTAACGAAGG_001,127
CTCGTGCATCTGTGAACGAG_001,57
CTCGTGCATCTGTGAACGAG_002,60
CTCGTGCATCTGTGAACGAG_003,60
CTCGTGCATCTGTGAACGAG_004,126
CTCGTGCATCTGTGAACGAG_005,66
CTCGTGCATCTGTGAACGAG_006,49
CTCGTGCATCTGTGAACGAG_007,161
AATTAAAAATCAGAAAAGAG_001,34
AATTAAAAATCAGAAAAGAG_002,103
AATTAAAAATCAGAAAAGAG_003,44
AATTAAAAATCAGAAAAGAG_004,32
AATTAAAAATCAGAAAAGAG_005,162
GAAATGGGCATATCTGTGAG_001,196
AGCCCTTAACACTGTCCACG_001,157
AGCCCTTAACACTGTCCACG_002,77
AGCCCTTAACACTGTCCACG_003,68
AGCCCTTAACACTGTCCACG_004,146
AGCCCTTAACACTGTCCACG_005,3
AGCCCTTAACACTGTCCACG_006,149
AGCCCTTAACACTGTCCACG_007,52
AGCCCTTAACACTGTCCACG_008,69
TTTCAACGACCTTAACGCGA_001,191
TTTCAACGACCTTAACGCGA_002,169
TTTCAACGACCTTAACGCGA_003,106
TTTCAACGACCTTAACGCGA_004,174
TTTCAACGACCTTAACGCGA_005,156
TTTCAACGACCTTAACGCGA_006,74
TTTCAACGACCTTAACGCGA_007,16
TTTCAACGACCTTAACGCGA_008,38
TTTCAACGACCTTAACGCGA_009,94
TTTCAACGACCTTAACGCGA_010,139
TTTCAACGACCTTAACGCGA_011,149
TTTCAACGACCTTAACGCGA_012,168
TTTCAACGACCTTAACGCGA_013,177
GGAGGTGATGGGATAGACTG_001,47
GGAGGTGATGGGATAGACTG_002,85
GGAGGTGATGGGATAGACTG_003,94
GGAGGTGATGGGATAGACTG_004,165
GGAGGTGATGGGATAGACTG_005,84
GGAGGTGATGGGATAGACTG_006,138
GGAGGTGATGGGATAGACTG_007,162
GGAGGTGATGGGATAGACTG_008,168
ATAGGAAAATTCCTATCCAG_001,77
ATAGGAAAATTCCTATCCAG_002,49
GACATCCTGCGGCACAACAC_001,48
GACATCCTGCGGCACAACAC_002,83
GACATCCTGCGGCACAACAC_003,66
GACATCCTGCGGCACAACAC_004,58
GACATCCTGCGGCACAACAC_005,177
GACATCCTGCGGCACAACAC_006,2
GACATCCTGCGGCACAACAC_007,155
GACATCCTGCGGCACAACAC_008,4
GACATCCTGCGGCACAACAC_009,58
GACATCCTGCGGCACAACAC_010,194
GACATCCTGCGGCACAACAC_011,185
GACATCCTGCGGCACAACAC_012,161
GACATCCTGCGGCACAACAC_013,160
GACATCCTGCGGCACAACAC_014,94
GACATCCTGCGGCACAACAC_015,59
GACATCCTGCGGCACAACAC_016,62
GACATCCTGCGGCACAACAC_017,33
GACATCCTGCGGCACAACAC_018,154
GACATCCTGCGGCACAACAC_019,160
GACATCCTGCGGCACAACAC_020,159
GACATCCTGCGGCACAACAC_021,56
GACATCCTGCGGCACAACAC_022,36
GACATCCTGCGGCACAACAC_023,169
GACATCCTGCGGCACAACAC_024,46
GACATCCTGCGGCACAACAC_025,46
GACATCCTGCGGCACAACAC_026,172
GACATCCTGCGGCACAACAC_027,77
GACATCCTGCGGCACAACAC_028,184
GACATCCTGCGGCACAACAC_029,199
GACATCCTGCGGCACAACAC_030,102
GACATCCTGCGGCACAACAC_031,115
GACATCCTGCGGCACAACAC_032,147
GACATCCTGCGGCACAACAC_033,147
TCCATGGCTGCATTGTACGT_001,181
TCCATGGCTGCATTGTACGT_002,22
GCTGCAGCTTGGGAGTGCGA_001,96
GCTGCAGCTTGGGAGTGCGA_002,7
GCTGCAGCTTGGGAGTGCGA_003,21
GCTGCAGCTTGGGAGTGCGA_004,8
GCTGCAGCTTGGGAGTGCGA_005,182
GCTGCAGCTTGGGAGTGCGA_006,141
GCTGCAGCTTGGGAGTGCGA_007,112
GCTGCAGCTTGGGAGTGCGA_008,161
GCTGCAGCTTGGGAGTGCGA_009,69
GCTGCAGCTTGGGAGTGCGA_010,115
GCTGCAGCTTGGGAGTGCGA_011,35
GCTGCAGCTTGGGAGTGCGA_012,62
GCTGCAGCTTGGGAGTGCGA_013,29
GCTGCAGCTTGGGAGTGCGA_014,146
GCTGCAGCTTGGGAGTGCGA_015,130
TCAGCATTGTTGGTGGACGA_001,102
TCAGCATTGTTGGTGGACGA_002,139
TCAGCATTGTTGGTGGACGA_003,158
TCAGCATTGTTGGTGGACGA_004,141
TCAGCATTGTTGGTGGACGA_005,181
TCAGCATTGTTGGTGGACGA_006,62
TCAGCATTGTTGGTGGACGA_007,188
TCAGCATTGTTGGTGGACGA_008,16
TCAGCATTGTTGGTGGACGA_009,117
TCAGCATTGTTGGTGGACGA_010,2
TCAGCATTGTTGGTGGACGA_011,121
TCAGCATTGTTGGTGGACGA_012,127
TCAGCATTGTTGGTGGACGA_013,2
TCAGCATTGTTGGTGGACGA_014,56
AGCGAAACTGCTGCCCGGGT_001,62
AGCGAAACTGCTGCCCGGGT_002,130
AGCGAAACTGCTGCCCGGGT_003,176
AGCGAAACTGCTGCCCGGGT_004,92
AGCGAAACTGCTGCCCGGGT_005,103
AGCTGAGAAGATCATGTCCA_001,68
AGCTGAGAAGATCATGTCCA_002,115
AGCTGAGAAGATCATGTCCA_003,32
ACTCCCAGAAGGTAATCGAC_001,157
ACTCCCAGAAGGTAATCGAC_002,55
GACGCCAAGTCATCCTATGT_001,102
GACGCCAAGTCATCCTATGT_002,2
GACGCCAAGTCATCCTATGT_003,185
GACGCCAAGTCATCCTATGT_004,40
GACGCCAAGTCATCCTATGT_005,121
GACGCCAAGTCATCCTATGT_006,82
GACGCCAAGTCATCCTATGT_007,59
GACGCCAAGTCATCCTATGT_008,66
TTACATTATACAGTTGGCTG_001,195
TTACATTATACAGTTGGCTG_002,85
TTACATTATACAGTTGGCTG_003,137
TTACATTATACAGTTGGCTG_004,103
TTACATTATACAGTTGGCTG_005,123
TTACATTATACAGTTGGCTG_006,94
TTACATTATACAGTTGGCTG_007,166
TTACATTATACAGTTGGCTG_008,171
GTGAGCTGCGTTACAAACGC_001,119
GTGAGCTGCGTTACAAACGC_002,33
GTGAGCTGCGTTACAAACGC_003,77
GTGAGCTGCGTTACAAACGC_004,115
GTGAGCTGCGTTACAAACGC_005,65
TAGACGCTGAAGACGGCGGA_001,191
TAGACGCTGAAGACGGCGGA_002,149
TAGACGCTGAAGACGGCGGA_003,118
TAGACGCTGAAGACGGCGGA_004,144
TAGACGCTGAAGACGGCGGA_005,12
TAGACGCTGAAGACGGCGGA_006,169
TAGACGCTGAAGACGGCGGA_007,74
TAGACGCTGAAGACGGCGGA_008,40
TAGACGCTGAAGACGGCGGA_009,144
TAGACGCTGAAGACGGCGGA_010,197
TAGACGCTGAAGACGGCGGA_011,41
TAGACGCTGAAGACGGCGGA_012,94
TAGACGCTGAAGACGGCGGA_013,144
TAGACGCTGAAGACGGCGGA_014,105
TAGACGCTGAAGACGGCGGA_015,144
TAGACGCTGAAGACGGCGGA_016,190
TAGACGCTGAAGACGGCGGA_017,174
TAGACGCTGAAGACGGCGGA_018,34
TAGACGCTGAAGACGGCGGA_019,151
ACACCGGATACACTTTGGAG_001,52
ACACCGGATACACTTTGGAG_002,76
ACACCGGATACACTTTGGAG_003,116
ACACCGGATACACTTTGGAG_004,136
ACACCGGATACACTTTGGAG_005,33
ACACCGGATACACTTTGGAG_006,6
ACACCGGATACACTTTGGAG_007,130
ACACCGGATACACTTTGGAG_008,198
ACACCGGATACACTTTGGAG_009,190
ACACCGGATACACTTTGGAG_010,40
GGAATCCGGACAATGACGAG_001,4
GGAATCCGGACAATGACGAG_002,165
GGAATCCGGACAATGACGAG_003,45
GGAATCCGGACAATGACGAG_004,146
GGAATCCGGACAATGACGAG_005,62
GGAATCCGGACAATGACGAG_006,173
GGAATCCGGACAATGACGAG_007,35
GGAATCCGGACAATGACGAG_008,162
GGAATCCGGACAATGACGAG_009,35
GGAATCCGGACAATGACGAG_010,137
GGAATCCGGACAATGACGAG_011,137
GGAATCCGGACAATGACGAG_012,9
GGAATCCGGACAATGACGAG_013,198
GGAATCCGGACAATGACGAG_014,138
GGAATCCGGACAATGACGAG_015,105
GGAATCCGGACAATGACGAG_016,157
TCTAAACAGAGATGTAGCCT_001,183
TCTAAACAGAGATGTAGCCT_002,105
TCTAAACAGAGATGTAGCCT_003,11
TCTAAACAGAGATGTAGCCT_004,170
TCTAAACAGAGATGTAGCCT_005,146
TCTAAACAGAGATGTAGCCT_006,50
TCTAAACAGAGATGTAGCCT_007,158
TGGTATTGTTGTCTACACTG_001,171
TGGTATTGTTGTCTACACTG_002,7
TGGTATTGTTGTCTACACTG_003,27
TCAAGAACCCTATGCTGTCG_001,73
TCAAGAACCCTATGCTGTCG_002,26
TCAAGAACCCTATGCTGTCG_003,17
TCAAGAACCCTATGCTGTCG_004,50
TCAAGAACCCTATGCTGTCG_005,3
CCTCCTGGGGTAGCTCACAA_001,42
CCTCCTGGGGTAGCTCACAA_002,65
CCTCCTGGGGTAGCTCACAA_003,9
CCTCCTGGGGTAGCTCACAA_004,15
CCTCCTGGGGTAGCTCACAA_005,60
CCTCCTGGGGTAGCTCACAA_006,62
CCTCCTGGGGTAGCTCACAA_007,57
CCTCCTGGGGTAGCTCACAA_008,112
CCTCCTGGGGTAGCTCACAA_009,72
CCTCCTGGGGTAGCTCACAA_010,72
CCTCCTGGGGTAGCTCACAA_011,60
CCTCCTGGGGTAGCTCACAA_012,36
CCTCCTGGGGTAGCTCACAA_013,2
CCTCCTGGGGTAGCTCACAA_014,146
CCTCCTGGGGTAGCTCACAA_015,151
CCTCCTGGGGTAGCTCACAA_016,168
CCTCCTGGGGTAGCTCACAA_017,104
CCTCCTGGGGTAGCTCACAA_018,197
CCTCCTGGGGTAGCTCACAA_019,156
CCTCCTGGGGTAGCTCACAA_020,121
CCTCCTGGGGTAGCTCACAA_021,1
CCTCCTGGGGTAGCTCACAA_022,85
CCTCCTGGGGTAGCTCACAA_023,187
CCTCCTGGGGTAGCTCACAA_024,76
CCTCCTGGGGTAGCTCACAA_025,166
CCTCCTGGGGTAGCTCACAA_026,17
CCTCCTGGGGTAGCTCACAA_027,56
CCTCCTGGGGTAGCTCACAA_028,127
CCTCCTGGGGTAGCTCACAA_029,115
CCTCCTGGGGTAGCTCACAA_030,13
CCTCCTGGGGTAGCTCACAA_031,177
CCTCCTGGGGTAGCTCACAA_032,155
CCTCCTGGGGTAGCTCACAA_033,90
CCTCCTGGGGTAGCTCACAA_034,39
CCTCCTGGGGTAGCTCACAA_035,138
CCTCCTGGGGTAGCTCACAA_036,138
CCTCCTGGGGTAGCTCACAA_037,147
CCTCCTGGGGTAGCTCACAA_038,136
CCTCCTGGGGTAGCTCACAA_039,16
CCTCCTGGGGTAGCTCACAA_040,134
CCTCCTGGGGTAGCTCACAA_041,81
CCTCCTGGGGTAGCTCACAA_042,158
TCTTTCGGGGCAGTAACGCC_001,75
TCTTTCGGGGCAGTAACGCC_002,187
TCTTTCGGGGCAGTAACGCC_003,147
TCTTTCGGGGCAGTAACGCC_004,111
TCTTTGCCACATACGACGAG_001,156
TCTTTGCCACATACGACGAG_002,63
TATTACACATGAAAGGTGGG_001,1
TATTACACATGAAAGGTGGG_002,133
TATTACACATGAAAGGTGGG_003,30
TATTACACATGAAAGGTGGG_004,185
TATTACACATGAAAGGTGGG_005,190
TATTACACATGAAAGGTGGG_006,62
TATTACACATGAAAGGTGGG_007,133
CACGGTAACATAGACCACCG_001,82
CACGGTAACATAGACCACCG_002,78
CACGGTAACATAGACCACCG_003,139
CACGGTAACATAGACCACCG_004,21
CACGGTAACATAGACCACCG_005,190
CACGGTAACATAGACCACCG_006,187
CACGGTAACATAGACCACCG_007,155
CACGGTAACATAGACCACCG_008,11
CACGGTAACATAGACCACCG_009,8
CACGGTAACATAGACCACCG_010,147
CACGGTAACATAGACCACCG_011,63
CACGGTAACATAGACCACCG_012,141
CACGGTAACATAGACCACCG_013,158
CACGGTAACATAGACCACCG_014,62
CACGGTAACATAGACCACCG_015,28
CACGGTAACATAGACCACCG_016,100
GTGTGGCCATTGTAAAAAGC_001,58
GTGTGGCCATTGTAAAAAGC_002,63
GTGTGGCCATTGTAAAAAGC_003,107
AAAAGGACCCCCCTTAGCAG_001,123
AAAAGGACCCCCCTTAGCAG_002,96
AAAAGGACCCCCCTTAGCAG_003,45
AAAAGGACCCCCCTTAGCAG_004,137
AAAAGGACCCCCCTTAGCAG_005,134
AAAAGGACCCCCCTTAGCAG_006,135
AAAAGGACCCCCCTTAGCAG_007,9
AAAAGGACCCCCCTTAGCAG_008,19
AAAAGGACCCCCCTTAGCAG_009,161
AAAAGGACCCCCCTTAGCAG_010,70
AAAAGGACCCCCCTTAGCAG_011,63
AAAAGGACCCCCCTTAGCAG_012,94
AAAAGGACCCCCCTTAGCAG_013,40
AAAAGGACCCCCCTTAGCAG_014,180
AAAAGGACCCCCCTTAGCAG_015,10
AAAAGGACCCCCCTTAGCAG_016,168
AGTTCTTCAGCGGACTCATG_001,39
AGTTCTTCAGCGGACTCATG_002,77
AGTTCTTCAGCGGACTCATG_003,57
AGTTCTTCAGCGGACTCATG_004,13
ACGCATGCGTGCCATCCTAG_001,139
ACGCATGCGTGCCATCCTAG_002,60
ACGCATGCGTGCCATCCTAG_003,170
ACGCATGCGTGCCATCCTAG_004,2
ACGCATGCGTGCCATCCTAG_005,160
ACGCATGCGTGCCATCCTAG_006,145
ACGCATGCGTGCCATCCTAG_007,25
ACGCATGCGTGCCATCCTAG_008,176
ACGCATGCGTGCCATCCTAG_009,127
ACGCATGCGTGCCATCCTAG_010,127
ACGCATGCGTGCCATCCTAG_011,52
ACGCATGCGTGCCATCCTAG_012,70
ACGCATGCGTGCCATCCTAG_013,166
ACGCATGCGTGCCATCCTAG_014,22
ACGCATGCGTGCCATCCTAG_015,138
AAGAATACGCGGGGTCACAG_001,60
AAGAATACGCGGGGTCACAG_002,51
AAGAATACGCGGGGTCACAG_003,83
AAGAATACGCGGGGTCACAG_004,108
AAGAATACGCGGGGTCACAG_005,36
AAGAATACGCGGGGTCACAG_006,145
AAGAATACGCGGGGTCACAG_007,170
CACGTGGTCATTGACAACGG_001,75
CACGTGGTCATTGACAACGG_002,115
CACGTGGTCATTGACAACGG_003,130
CACGTGGTCATTGACAACGG_004,94
CACGTGGTCATTGACAACGG_005,12
CACGTGGTCATTGACAACGG_006,183
CACGTGGTCATTGACAACGG_007,107
CACGTGGTCATTGACAACGG_008,95
CACGTGGTCATTGACAACGG_009,75
CACGTGGTCATTGACAACGG_010,92
CACGTGGTCATTGACAACGG_011,49
CACGTGGTCATTGACAACGG_012,113
CACGTGGTCATTGACAACGG_013,149
CACGTGGTCATTGACAACGG_014,123
CACGTGGTCATTGACAACGG_015,106
CACGTGGTCATTGACAACGG_016,94
TTCTGACACGAGAACACACG_001,8
TTCTGACACGAGAACACACG_002,165
TTCTGACACGAGAACACACG_003,78
TTCTGACACGAGAACACACG_004,77
TTCTGACACGAGAACACACG_005,110
GGTGCTAAGAAACCATGGAG_001,187
GGTGCTAAGAAACCATGGAG_002,170
GGTGCTAAGAAACCATGGAG_003,12
GGTGCTAAGAAACCATGGAG_004,169
AGAGGAAACGCAGTCCCAGG_001,137
AGAGGAAACGCAGTCCCAGG_002,40
AGAGGAAACGCAGTCCCAGG_003,104
AGAGGAAACGCAGTCCCAGG_004,50
AGAGGAAACGCAGTCCCAGG_005,12
AGAGGAAACGCAGTCCCAGG_006,179
CGGCAACTACTATGGAGGCC_001,93
CGGCAACTACTATGGAGGCC_002,37
CGGCAACTACTATGGAGGCC_003,94
CGGCAACTACTATGGAGGCC_004,94
GTCACGATCATTATGACCCG_001,42
GTCACGATCATTATGACCCG_002,121
ATTGAAACTAGGGCAAAAGC_001,65
CAGGCACTCGCGGTACAGCG_001,102
CAGGCACTCGCGGTACAGCG_002,167
CAGGCACTCGCGGTACAGCG_003,116
CAGGCACTCGCGGTACAGCG_004,125
CAGGCACTCGCGGTACAGCG_005,56
CAGGCACTCGCGGTACAGCG_006,197
CAGGCACTCGCGGTACAGCG_007,53
CAGGCACTCGCGGTACAGCG_008,32
CAGGCACTCGCGGTACAGCG_009,92
CAGGCACTCGCGGTACAGCG_010,50
CAGGCACTCGCGGTACAGCG_011,123
CAGGCACTCGCGGTACAGCG_012,81
CAGGCACTCGCGGTACAGCG_013,19
CAGGCACTCGCGGTACAGCG_014,17
TATCGCGACAGTACCCAAGT_001,145
TATCGCGACAGTACCCAAGT_002,8
TATCGCGACAGTACCCAAGT_003,153
TATCGCGACAGTACCCAAGT_004,191
TATCGCGACAGTACCCAAGT_005,127
TATCGCGACAGTACCCAAGT_006,59
TATCGCGACAGTACCCAAGT_007,0
TATCGCGACAGTACCCAAGT_008,121
TGTGGAACGGCTGTATCGTG_001,31
TGTGGAACGGCTGTATCGTG_002,150
ACTTACCATCTCCATAGATG_001,112
AACAGTGGGATTACGGTCCA_001,18
AACAGTGGGATTACGGTCCA_002,7
AACAGTGGGATTACGGTCCA_003,56
AACAGTGGGATTACGGTCCA_004,154
AACAGTGGGATTACGGTCCA_005,28
ATCCAGAAAGGTGTATCCAA_001,168
ATCCAGAAAGGTGTATCCAA_002,48
ATCCAGAAAGGTGTATCCAA_003,118
ATCCAGAAAGGTGTATCCAA_004,170
ATCCAGAAAGGTGTATCCAA_005,24
ATCCAGAAAGGTGTATCCAA_006,168
ATCCAGAAAGGTGTATCCAA_007,124
ATCCAGAAAGGTGTATCCAA_008,144
ATCCAGAAAGGTGTATCCAA_009,49
ATCCAGAAAGGTGTATCCAA_010,96
ATCCAGAAAGGTGTATCCAA_011,196
ATCCAGAAAGGTGTATCCAA_012,61
ACATTAGCAAGACCCGCGGG_001,27
ACATTAGCAAGACCCGCGGG_002,26
ACATTAGCAAGACCCGCGGG_003,76
ACATTAGCAAGACCCGCGGG_004,175
ACATTAGCAAGACCCGCGGG_005,91
ACATTAGCAAGACCCGCGGG_006,132
ACATTAGCAAGACCCGCGGG_007,150
ACATTAGCAAGACCCGCGGG_008,47
ACATTAGCAAGACCCGCGGG_009,178
ACATTAGCAAGACCCGCGGG_010,114
ACATTAGCAAGACCCGCGGG_011,65
ACATTAGCAAGACCCGCGGG_012,48
ACATTAGCAAGACCCGCGGG_013,58
GAAGTGATTAGTAATGAAGG_001,146
CTCCCAGTCCTACTACACCG_001,41
CTCCCAGTCCTACTACACCG_002,76
CTCCCAGTCCTACTACACCG_003,17
CTCCCAGTCCTACTACACCG_004,120
GTGTAGTAAGGGCTGAAGGG_001,63
GTGTAGTAAGGGCTGAAGGG_002,147
AAAACAAGGGAGCTACAAGT_001,47
AAAACAAGGGAGCTACAAGT_002,50
AAAACAAGGGAGCTACAAGT_003,143
AAAACAAGGGAGCTACAAGT_004,169
AAAACAAGGGAGCTACAAGT_005,39
AAAACAAGGGAGCTACAAGT_006,171
AAAACAAGGGAGCTACAAGT_007,82
AAAACAAGGGAGCTACAAGT_008,192
AAAACAAGGGAGCTACAAGT_009,54
AAAACAAGGGAGCTACAAGT_010,54
AAAACAAGGGAGCTACAAGT_011,28
AAAACAAGGGAGCTACAAGT_012,37
AAAACAAGGGAGCTACAAGT_013,66
AAAACAAGGGAGCTACAAGT_014,22
CCAGCACTGACTCGAAGTAG_001,72
CCAGCACTGACTCGAAGTAG_002,173
CCAGCACTGACTCGAAGTAG_003,33
CCAGCACTGACTCGAAGTAG_004,80
CCAGCACTGACTCGAAGTAG_005,87
CCAGCACTGACTCGAAGTAG_006,78
CCAGCACTGACTCGAAGTAG_007,155
CCAGCACTGACTCGAAGTAG_008,63
CCAGCACTGACTCGAAGTAG_009,170
TTACCTGTACCATAACCAGG_001,96
TTACCTGTACCATAACCAGG_002,56
ACGAAATCCGTATTACCACG_001,60
GAGCCCGGAGAAAAGCCACA_001,29
GAGCCCGGAGAAAAGCCACA_002,92
GAGCCCGGAGAAAAGCCACA_003,138
GAGCCCGGAGAAAAGCCACA_004,153
CTGTTGTTCATGAAACTGTG_001,115
CTGTTGTTCATGAAACTGTG_002,133
CTGTTGTTCATGAAACTGTG_003,92
CTGTTGTTCATGAAACTGTG_004,142
CTGTTGTTCATGAAACTGTG_005,172
CTGTTGTTCATGAAACTGTG_006,115
CTGTTGTTCATGAAACTGTG_007,115
CTGTTGTTCATGAAACTGTG_008,172
CTGTTGTTCATGAAACTGTG_009,26
CTGTTGTTCATGAAACTGTG_010,182
CTGTTGTTCATGAAACTGTG_011,147
CTGTTGTTCATGAAACTGTG_012,123
CTGTTGTTCATGAAACTGTG_013,110
CTGTTGTTCATGAAACTGTG_014,67
CTGTTGTTCATGAAACTGTG_015,34
CTGTTGTTCATGAAACTGTG_016,74
CTGTTGTTCATGAAACTGTG_017,117
CTGTTGTTCATGAAACTGTG_018,98
CTGTTGTTCATGAAACTGTG_019,146
CTGTTGTTCATGAAACTGTG_020,94
CTGTTGTTCATGAAACTGTG_021,198
CTGTTGTTCATGAAACTGTG_022,50
CTGTTGTTCATGAAACTGTG_023,178
CTGTTGTTCATGAAACTGTG_024,130
CTGTTGTTCATGAAACTGTG_025,163
CTGTTGTTCATGAAACTGTG_026,175
CTGTTGTTCATGAAACTGTG_027,168
CTGTTGTTCATGAAACTGTG_028,133
CTGTTGTTCATGAAACTGTG_029,60
CTGTTGTTCATGAAACTGTG_030,146
CTGTTGTTCATGAAACTGTG_031,2
CTGTTGTTCATGAAACTGTG_032,154
CTGTTGTTCATGAAACTGTG_033,181
CTGTTGTTCATGAAACTGTG_034,176
CTGTTGTTCATGAAACTGTG_035,132
CTGTTGTTCATGAAACTGTG_036,87
CTGTTGTTCATGAAACTGTG_037,16
CTGTTGTTCATGAAACTGTG_038,127
CTGTTGTTCATGAAACTGTG_039,142
CTGTTGTTCATGAAACTGTG_040,137
CTGTTGTTCATGAAACTGTG_041,77
CTGTTGTTCATGAAACTGTG_042,56
CTGTTGTTCATGAAACTGTG_043,56
CTGTTGTTCATGAAACTGTG_044,40
CTGTTGTTCATGAAACTGTG_045,76
CTGTTGTTCATGAAACTGTG_046,47
CTGTTGTTCATGAAACTGTG_047,168
CTGTTGTTCATGAAACTGTG_048,158
GGCTAAGACCCGTTCTTCAA_001,162
GGCTAAGACCCGTTCTTCAA_002,49
GGCTAAGACCCGTTCTTCAA_003,142
GGCTAAGACCCGTTCTTCAA_004,161
GGCTAAGACCCGTTCTTCAA_005,6
GGCTAAGACCCGTTCTTCAA_006,82
GGCTAAGACCCGTTCTTCAA_007,47
GGCTAAGACCCGTTCTTCAA_008,196
GGCTAAGACCCGTTCTTCAA_009,62
GGCTAAGACCCGTTCTTCAA_010,132
GGCTAAGACCCGTTCTTCAA_011,168
GGCTAAGACCCGTTCTTCAA_012,192
GGCTAAGACCCGTTCTTCAA_013,52
GGCTAAGACCCGTTCTTCAA_014,150
GGCTAAGACCCGTTCTTCAA_015,170
GGCTAAGACCCGTTCTTCAA_016,33
GGCTAAGACCCGTTCTTCAA_017,15
GGCTAAGACCCGTTCTTCAA_018,168
GGCTAAGACCCGTTCTTCAA_019,6
AGTAGATGGTTTGAGCACAG_001,53
AGTAGATGGTTTGAGCACAG_002,103
AGTAGATGGTTTGAGCACAG_003,81
AGTAGATGGTTTGAGCACAG_004,183
AGTAGATGGTTTGAGCACAG_005,69
AGTAGATGGTTTGAGCACAG_006,70
AGTAGATGGTTTGAGCACAG_007,11
AGTAGATGGTTTGAGCACAG_008,148
AGTAGATGGTTTGAGCACAG_009,121
AGTAGATGGTTTGAGCACAG_010,81
AGCAGAGTCATCTCTCATGA_001,101
AGCTAGGCATGATTGACCGC_001,94
AGCTAGGCATGATTGACCGC_002,48
AGCTAGGCATGATTGACCGC_003,155
ACAGTTCTTAGCATTACGAC_001,44
ACAGTTCTTAGCATTACGAC_002,94
ACAGTTCTTAGCATTACGAC_003,199
ACAGTTCTTAGCATTACGAC_004,6
ACAGTTCTTAGCATTACGAC_005,159
GAGAACTGCAATGTTAACAA_001,58
GAGAACTGCAATGTTAACAA_002,36
GAGAACTGCAATGTTAACAA_003,114
GAGAACTGCAATGTTAACAA_004,162
GCTGGTTCTACCAACGTGAC_001,68
GCTGGTTCTACCAACGTGAC_002,150
GCTGGTTCTACCAACGTGAC_003,101
GCTGGTTCTACCAACGTGAC_004,127
GCTGGTTCTACCAACGTGAC_005,32
GCTGGTTCTACCAACGTGAC_006,85
GCTGGTTCTACCAACGTGAC_007,19
GCTGGTTCTACCAACGTGAC_008,77
GCTGGTTCTACCAACGTGAC_009,58
GCTGGTTCTACCAACGTGAC_010,85
GCTGGTTCTACCAACGTGAC_011,6
GCTGGTTCTACCAACGTGAC_012,48
GCTGGTTCTACCAACGTGAC_013,38
AGTTCACCATCAAACCCTTG_001,198
AGTTCACCATCAAACCCTTG_002,140
AGTTCACCATCAAACCCTTG_003,198
GGAGTCCGGATAAGCCGGGC_001,36
GGAGTCCGGATAAGCCGGGC_002,169
GGAGTCCGGATAAGCCGGGC_003,68
GGAGTCCGGATAAGCCGGGC_004,46
GGAGTCCGGATAAGCCGGGC_005,121
GGAGTCCGGATAAGCCGGGC_006,183
GGAGTCCGGATAAGCCGGGC_007,136
GGAGTCCGGATAAGCCGGGC_008,157
GGAGTCCGGATAAGCCGGGC_009,48
GGAGTCCGGATAAGCCGGGC_010,169
GGAGTCCGGATAAGCCGGGC_011,105
GGAGTCCGGATAAGCCGGGC_012,141
GGAGTCCGGATAAGCCGGGC_013,197
GGAGTCCGGATAAGCCGGGC_014,81
GGAGTCCGGATAAGCCGGGC_015,73
GGAGTCCGGATAAGCCGGGC_016,172
GGAGTCCGGATAAGCCGGGC_017,126
GGATGACATGAAACACCTGT_001,177
GGATGACATGAAACACCTGT_002,162
GGATGACATGAAACACCTGT_003,45
GGATGACATGAAACACCTGT_004,174
GGATGACATGAAACACCTGT_005,150
GGATGACATGAAACACCTGT_006,65
GGATGACATGAAACACCTGT_007,127
GGATGACATGAAACACCTGT_008,30
GGATGACATGAAACACCTGT_009,76
TGGACTCTTCCCCAAGCGAG_001,44
TGGACTCTTCCCCAAGCGAG_002,133
TGGACTCTTCCCCAAGCGAG_003,161
TGGCCGTGACATCCGAAAGA_001,48
TGGCCGTGACATCCGAAAGA_002,181
TGGCCGTGACATCCGAAAGA_003,77
TGGCCGTGACATCCGAAAGA_004,130
TGGCCGTGACATCCGAAAGA_005,157
TGGCCGTGACATCCGAAAGA_006,55
TGGCCGTGACATCCGAAAGA_007,46
TGGCCGTGACATCCGAAAGA_008,112
TGTTGCTCTAGCAACAGGAG_001,188
TGTTGCTCTAGCAACAGGAG_002,27
TGTTGCTCTAGCAACAGGAG_003,42
TGTTGCTCTAGCAACAGGAG_004,8
ATGTGCTGACTCATAACCTG_001,6
ATGTGCTGACTCATAACCTG_002,5
ATGTGCTGACTCATAACCTG_003,143
ATGTGCTGACTCATAACCTG_004,106
ATGTGCTGACTCATAACCTG_005,188
ATGTGCTGACTCATAACCTG_006,128
ATGTGCTGACTCATAACCTG_007,176
ATGTGCTGACTCATAACCTG_008,154
ATGTGCTGACTCATAACCTG_009,11
ATGTGCTGACTCATAACCTG_010,76
ATGTGCTGACTCATAACCTG_011,199
ATGTGCTGACTCATAACCTG_012,14
ATGTGCTGACTCATAACCTG_013,58
ATGTGCTGACTCATAACCTG_014,58
ATGTGCTGACTCATAACCTG_015,166
ATGTGCTGACTCATAACCTG_016,172
ATGTGCTGACTCATAACCTG_017,151
ATGTGCTGACTCATAACCTG_018,106
CATTACAACAACCTGCTACG_001,183
CATTACAACAACCTGCTACG_002,121
CATTACAACAACCTGCTACG_003,2
CATTACAACAACCTGCTACG_004,48
CATTACAACAACCTGCTACG_005,124
CTCCCATCAGAAGCACACAC_001,162
CTCCCATCAGAAGCACACAC_002,142
CTCCCATCAGAAGCACACAC_003,142
CTCCCATCAGAAGCACACAC_004,78
CTCCCATCAGAAGCACACAC_005,125
CTCCCATCAGAAGCACACAC_006,16
CTCCCATCAGAAGCACACAC_007,84
CTCCCATCAGAAGCACACAC_008,5
CTCCCATCAGAAGCACACAC_009,93
CTCCCATCAGAAGCACACAC_010,105
CTCCCATCAGAAGCACACAC_011,175
CTCCCATCAGAAGCACACAC_012,30
CTCCCATCAGAAGCACACAC_013,116
CTCCCATCAGAAGCACACAC_014,128
CTCCCATCAGAAGCACACAC_015,197
CTCCCATCAGAAGCACACAC_016,188
CTCCCATCAGAAGCACACAC_017,184
CTCCCATCAGAAGCACACAC_018,89
GACACTTACCCATCCCAGCG_001,163
GACACTTACCCATCCCAGCG_002,66
GACACTTACCCATCCCAGCG_003,137
GACACTTACCCATCCCAGCG_004,94
GACACTTACCCATCCCAGCG_005,131
GACACTTACCCATCCCAGCG_006,184
GACACTTACCCATCCCAGCG_007,50
GACACTTACCCATCCCAGCG_008,76
GACACTTACCCATCCCAGCG_009,185
GACACTTACCCATCCCAGCG_010,164
GACACTTACCCATCCCAGCG_011,164
GACACTTACCCATCCCAGCG_012,35
GACACTTACCCATCCCAGCG_013,31
GACACTTACCCATCCCAGCG_014,61
GACACTTACCCATCCCAGCG_015,163
GACACTTACCCATCCCAGCG_016,106
GACACTTACCCATCCCAGCG_017,50
GACACTTACCCATCCCAGCG_018,160
GACACTTACCCATCCCAGCG_019,197
GACACTTACCCATCCCAGCG_020,54
GACACTTACCCATCCCAGCG_021,166
GACACTTACCCATCCCAGCG_022,63
GACACTTACCCATCCCAGCG_023,33
GACACTTACCCATCCCAGCG_024,78
GACACTTACCCATCCCAGCG_025,10
GACACTTACCCATCCCAGCG_026,15
GACACTTACCCATCCCAGCG_027,116
GACACTTACCCATCCCAGCG_028,15
GCACACCAAGAGGCCTCAAG_001,144
GCACACCAAGAGGCCTCAAG_002,136
GCACACCAAGAGGCCTCAAG_003,149
GCACACCAAGAGGCCTCAAG_004,128
GCACACCAAGAGGCCTCAAG_005,128
GCACACCAAGAGGCCTCAAG_006,5
GCACACCAAGAGGCCTCAAG_007,95
GCACACCAAGAGGCCTCAAG_008,76
GCACACCAAGAGGCCTCAAG_009,163
GCACACCAAGAGGCCTCAAG_010,188
GCACACCAAGAGGCCTCAAG_011,47
GCACACCAAGAGGCCTCAAG_012,39
GCACACCAAGAGGCCTCAAG_013,198
GCACACCAAGAGGCCTCAAG_014,162
GCACACCAAGAGGCCTCAAG_015,126
GCACACCAAGAGGCCTCAAG_016,58
GCACACCAAGAGGCCTCAAG_017,58
GCACACCAAGAGGCCTCAAG_018,116
GGAGTCCGGCCGTCCCTCGG_001,15
GGAGTCCGGCCGTCCCTCGG_002,181
GGAGTCCGGCCGTCCCTCGG_003,9
GGAGTCCGGCCGTCCCTCGG_004,82
GGAGTCCGGCCGTCCCTCGG_005,28
GGAGTCCGGCCGTCCCTCGG_006,162
GGAGTCCGGCCGTCCCTCGG_007,183
GGAGTCCGGCCGTCCCTCGG_008,119
GGAGTCCGGCCGTCCCTCGG_009,114
GGAGTCCGGCCGTCCCTCGG_010,149
GGAGTCCGGCCGTCCCTCGG_011,77
GGAGTCCGGCCGTCCCTCGG_012,169
GGAGTCCGGCCGTCCCTCGG_013,162
GGAGTCCGGCCGTCCCTCGG_014,88
GGAGTCCGGCCGTCCCTCGG_015,184
GGAGTCCGGCCGTCCCTCGG_016,169
GGAGTCCGGCCGTCCCTCGG_017,127
GGAGTCCGGCCGTCCCTCGG_018,107
GGAGTCCGGCCGTCCCTCGG_019,169
GGAGTCCGGCCGTCCCTCGG_020,72
GGAGTCCGGCCGTCCCTCGG_021,104
GGAGTCCGGCCGTCCCTCGG_022,157
GGAGTCCGGCCGTCCCTCGG_023,13
GGAGTCCGGCCGTCCCTCGG_024,40
GGAGTCCGGCCGTCCCTCGG_025,78
GGAGTCCGGCCGTCCCTCGG_026,66
GGAGTCCGGCCGTCCCTCGG_027,6
GGAGTCCGGCCGTCCCTCGG_028,117
GGAGTCCGGCCGTCCCTCGG_029,102
GGAGTCCGGCCGTCCCTCGG_030,29
GGAGTCCGGCCGTCCCTCGG_031,72
GGAGTCCGGCCGTCCCTCGG_032,101
GGAGTCCGGCCGTCCCTCGG_033,160
GGAGTCCGGCCGTCCCTCGG_034,127
GGAGTCCGGCCGTCCCTCGG_035,137
GGAGTCCGGCCGTCCCTCGG_036,70
GGAGTCCGGCCGTCCCTCGG_037,55
GGAGTCCGGCCGTCCCTCGG_038,84
GGAGTCCGGCCGTCCCTCGG_039,103
GGAGTCCGGCCGTCCCTCGG_040,17
GGAGTCCGGCCGTCCCTCGG_041,127
GGAGTCCGGCCGTCCCTCGG_042,19
GGAGTCCGGCCGTCCCTCGG_043,187
GGAGTCCGGCCGTCCCTCGG_044,132
GGAGTCCGGCCGTCCCTCGG_045,148
GGAGTCCGGCCGTCCCTCGG_046,160
GGAGTCCGGCCGTCCCTCGG_047,102
GGAGTCCGGCCGTCCCTCGG_048,81
GGAGTCCGGCCGTCCCTCGG_049,147
GGAGTCCGGCCGTCCCTCGG_050,79
GGAGTCCGGCCGTCCCTCGG_051,19
GGAGTCCGGCCGTCCCTCGG_052,105
GGAGTCCGGCCGTCCCTCGG_053,10
GGAGTCCGGCCGTCCCTCGG_054,62
GGAGTCCGGCCGTCCCTCGG_055,145
GTTCGGGGTGATGACCCGTA_001,172
GTTCGGGGTGATGACCCGTA_002,194
GTTCGGGGTGATGACCCGTA_003,94
GTTCGGGGTGATGACCCGTA_004,46
GTTCGGGGTGATGACCCGTA_005,103
TAGATCGAGTTTATTTTCCT_001,38
TAGATCGAGTTTATTTTCCT_002,16
TAGATCGAGTTTATTTTCCT_003,158
TAGATCGAGTTTATTTTCCT_004,65
TAGATCGAGTTTATTTTCCT_005,7
TAGATCGAGTTTATTTTCCT_006,187
TAGATCGAGTTTATTTTCCT_007,170
TAGATCGAGTTTATTTTCCT_008,70
CCTGGTGCGAGAAATCGCCC_001,88
TGTACCCTCAGATCGGGGAC_001,154
TGTACCCTCAGATCGGGGAC_002,82
TGTACCCTCAGATCGGGGAC_003,72
TGTACCCTCAGATCGGGGAC_004,84
TGTACCCTCAGATCGGGGAC_005,105
TGTACCCTCAGATCGGGGAC_006,144
TGTACCCTCAGATCGGGGAC_007,104
TGTACCCTCAGATCGGGGAC_008,48
TGTACCCTCAGATCGGGGAC_009,28
TCCAGACGGTTACTCATCGG_001,157
TCCAGACGGTTACTCATCGG_002,121
TCCAGACGGTTACTCATCGG_003,157
TCCAGACGGTTACTCATCGG_004,21
TCCAGACGGTTACTCATCGG_005,163
TCCAGACGGTTACTCATCGG_006,143
TCCAGACGGTTACTCATCGG_007,63
GGCCGAACCACAAACTGTGG_001,91
GGCCGAACCACAAACTGTGG_002,130
GGCCGAACCACAAACTGTGG_003,150
GGCCGAACCACAAACTGTGG_004,46
GGCCGAACCACAAACTGTGG_005,67
GGCCGAACCACAAACTGTGG_006,155
GAGTCTTCCTGTCGTATTGG_001,83
GAGTCTTCCTGTCGTATTGG_002,84
GAGTCTTCCTGTCGTATTGG_003,107
GAGTCTTCCTGTCGTATTGG_004,147
GAGTCTTCCTGTCGTATTGG_005,162
ATTACGAAGAACAGAAATGG_001,149
ATTACGAAGAACAGAAATGG_002,183
ATTACGAAGAACAGAAATGG_003,127
ATGTGAAGCAGCAAGTAGAT_001,192
ATGTGAAGCAGCAAGTAGAT_002,7
ATGTGAAGCAGCAAGTAGAT_003,160
ATGTGAAGCAGCAAGTAGAT_004,123
ATGTGAAGCAGCAAGTAGAT_005,172
ATGTGAAGCAGCAAGTAGAT_006,21
ATGTGAAGCAGCAAGTAGAT_007,49
ATGTGAAGCAGCAAGTAGAT_008,131
ATGTGAAGCAGCAAGTAGAT_009,70
ATGTGAAGCAGCAAGTAGAT_010,121
ATGTGAAGCAGCAAGTAGAT_011,122
ATGTGAAGCAGCAAGTAGAT_012,54
ATGTGAAGCAGCAAGTAGAT_013,107
ATGTGAAGCAGCAAGTAGAT_014,178
ATGTGAAGCAGCAAGTAGAT_015,161
ATGTGAAGCAGCAAGTAGAT_016,197
ATGTGAAGCAGCAAGTAGAT_017,98
CTACTGCAGGAGCGTCACGC_001,43
CTACTGCAGGAGCGTCACGC_002,49
CTACTGCAGGAGCGTCACGC_003,52
CTACTGCAGGAGCGTCACGC_004,73
CTACTGCAGGAGCGTCACGC_005,146
CTACTGCAGGAGCGTCACGC_006,103
CTACTGCAGGAGCGTCACGC_007,190
CTACTGCAGGAGCGTCACGC_008,170
CTACTGCAGGAGCGTCACGC_009,28
GGGTTTGCTCACCTTCCGAG_001,49
GGGTTTGCTCACCTTCCGAG_002,113
GGGTTTGCTCACCTTCCGAG_003,29
TAAAATGTTATTAGGGACGT_001,85
TCATGCGACAAGGATTCCTG_001,43
TCATGCGACAAGGATTCCTG_002,60
TCATGCGACAAGGATTCCTG_003,193
TCATGCGACAAGGATTCCTG_004,138
GGAGCCACATAAGAGGCTCG_001,179
GGAGCCACATAAGAGGCTCG_002,149
GATCAAGAGATAATGGCCAA_001,175
GATCAAGAGATAATGGCCAA_002,169
AAGTAAAATAGTATGTCGAG_001,53
CTTGGACAAGTTCTACCGGA_001,60
CTTGGACAAGTTCTACCGGA_002,191
CTTGGACAAGTTCTACCGGA_003,65
CTTGGACAAGTTCTACCGGA_004,158
CTCGTCGTCTACGTCGTCGG_001,38
CTCGTCGTCTACGTCGTCGG_002,9
CTCGTCGTCTACGTCGTCGG_003,60
CTCGTCGTCTACGTCGTCGG_004,135
CTCGTCGTCTACGTCGTCGG_005,108
CTCGTCGTCTACGTCGTCGG_006,133
CTCGTCGTCTACGTCGTCGG_007,18
CTCGTCGTCTACGTCGTCGG_008,182
CTCGTCGTCTACGTCGTCGG_009,60
TATAGGGACAGTACCGTCTG_001,50
TATAGGGACAGTACCGTCTG_002,44
TATAGGGACAGTACCGTCTG_003,139
TATAGGGACAGTACCGTCTG_004,166
TATAGGGACAGTACCGTCTG_005,119
TATAGGGACAGTACCGTCTG_006,41
TATAGGGACAGTACCGTCTG_007,155
TATAGGGACAGTACCGTCTG_008,149
TATAGGGACAGTACCGTCTG_009,52
TATAGGGACAGTACCGTCTG_010,6
TATAGGGACAGTACCGTCTG_011,116
TATAGGGACAGTACCGTCTG_012,48
TATAGGGACAGTACCGTCTG_013,107
TATAGGGACAGTACCGTCTG_014,199
TATAGGGACAGTACCGTCTG_015,174
TATAGGGACAGTACCGTCTG_016,48
TATAGGGACAGTACCGTCTG_017,188
TATAGGGACAGTACCGTCTG_018,132
TATAGGGACAGTACCGTCTG_019,159
TATAGGGACAGTACCGTCTG_020,22
TATAGGGACAGTACCGTCTG_021,134
TATAGGGACAGTACCGTCTG_022,148
TATAGGGACAGTACCGTCTG_023,0
TATAGGGACAGTACCGTCTG_024,90
TATAGGGACAGTACCGTCTG_025,28
TATAGGGACAGTACCGTCTG_026,48
TCGCACATCAATGTCCATGT_001,60
TCGCACATCAATGTCCATGT_002,42
TCGCACATCAATGTCCATGT_003,8
TCGCACATCAATGTCCATGT_004,14
TCGCACATCAATGTCCATGT_005,52
AGTCACGCATTGCCAAGCGG_001,171
AGTCACGCATTGCCAAGCGG_002,125
AGTCACGCATTGCCAAGCGG_003,45
AGTCACGCATTGCCAAGCGG_004,139
AGTCACGCATTGCCAAGCGG_005,82
AGTCACGCATTGCCAAGCGG_006,94
AGTCACGCATTGCCAAGCGG_007,176
AGTCACGCATTGCCAAGCGG_008,62
AGTCACGCATTGCCAAGCGG_009,152
AGTCACGCATTGCCAAGCGG_010,198
AGCAAGTGGACGAGCAAGCG_001,110
AGCAAGTGGACGAGCAAGCG_002,47
AGCAAGTGGACGAGCAAGCG_003,137
AGCAAGTGGACGAGCAAGCG_004,127
AGCAAGTGGACGAGCAAGCG_005,134
AGCAAGTGGACGAGCAAGCG_006,41
AGCAAGTGGACGAGCAAGCG_007,83
AGCAAGTGGACGAGCAAGCG_008,91
AGCAAGTGGACGAGCAAGCG_009,18
AGCAAGTGGACGAGCAAGCG_010,32
AGCAAGTGGACGAGCAAGCG_011,48
AGCAAGTGGACGAGCAAGCG_012,160
AGCAAGTGGACGAGCAAGCG_013,105
AGCAAGTGGACGAGCAAGCG_014,64
AGCAAGTGGACGAGCAAGCG_015,184
AGCAAGTGGACGAGCAAGCG_016,94
AGCAAGTGGACGAGCAAGCG_017,34
AGCAAGTGGACGAGCAAGCG_018,147
AGCAAGTGGACGAGCAAGCG_019,124
AGCAAGTGGACGAGCAAGCG_020,165
AGCAAGTGGACGAGCAAGCG_021,60
AGCAAGTGGACGAGCAAGCG_022,80
AGCAAGTGGACGAGCAAGCG_023,148
AGCAAGTGGACGAGCAAGCG_024,62
AGACGAGCTCAACAAAACGC_001,48
AGACGAGCTCAACAAAACGC_002,146
AGACGAGCTCAACAAAACGC_003,43
AGTGACTGTGGATAATACTG_001,148
CCGAATGCTGACTGACCCAG_001,19
CCGAATGCTGACTGACCCAG_002,194
CCGAATGCTGACTGACCCAG_003,169
CCGAATGCTGACTGACCCAG_004,60
CCGAATGCTGACTGACCCAG_005,33
GTGGAACATCCACTTGACCT_001,43
GTGGAACATCCACTTGACCT_002,96
GTGGAACATCCACTTGACCT_003,81
GTGGAACATCCACTTGACCT_004,77
GTGGAACATCCACTTGACCT_005,183
GTGGAACATCCACTTGACCT_006,1
TCACCTACCCAGGTCTGCGT_001,94
TCACCTACCCAGGTCTGCGT_002,189
TCACCTACCCAGGTCTGCGT_003,32
TCACCTACCCAGGTCTGCGT_004,176
TCACCTACCCAGGTCTGCGT_005,90
TCACCTACCCAGGTCTGCGT_006,80
TCACCTACCCAGGTCTGCGT_007,117
TCACCTACCCAGGTCTGCGT_008,161
TCACCTACCCAGGTCTGCGT_009,19
TCACCTACCCAGGTCTGCGT_010,168
TCACCTACCCAGGTCTGCGT_011,90
TCACCTACCCAGGTCTGCGT_012,63
TCACCTACCCAGGTCTGCGT_013,19
ACCCGGGAAAAGGACGTGCG_001,96
ACCCGGGAAAAGGACGTGCG_002,33
ACCCGGGAAAAGGACGTGCG_003,197
ACCCGGGAAAAGGACGTGCG_004,198
ACCCGGGAAAAGGACGTGCG_005,117
ACCCGGGAAAAGGACGTGCG_006,127
ACCCGGGAAAAGGACGTGCG_007,142
ACCCGGGAAAAGGACGTGCG_008,115
ACCCGGGAAAAGGACGTGCG_009,102
ACCCGGGAAAAGGACGTGCG_010,172
ACCCGGGAAAAGGACGTGCG_011,101
ACCCGGGAAAAGGACGTGCG_012,149
ACCCGGGAAAAGGACGTGCG_013,83
ACCCGGGAAAAGGACGTGCG_014,141
ACCCGGGAAAAGGACGTGCG_015,134
ACCCGGGAAAAGGACGTGCG_016,154
ACCCGGGAAAAGGACGTGCG_017,0
ACCCGGGAAAAGGACGTGCG_018,158
ACCCGGGAAAAGGACGTGCG_019,188
ACCCGGGAAAAGGACGTGCG_020,29
ACCCGGGAAAAGGACGTGCG_021,188
ACCCGGGAAAAGGACGTGCG_022,5
ACCCGGGAAAAGGACGTGCG_023,117
ACCCGGGAAAAGGACGTGCG_024,97
ACCCGGGAAAAGGACGTGCG_025,56
ACCCGGGAAAAGGACGTGCG_026,141
ACCCGGGAAAAGGACGTGCG_027,40
ACCCGGGAAAAGGACGTGCG_028,58
ACCCGGGAAAAGGACGTGCG_029,160
ACCCGGGAAAAGGACGTGCG_030,127
ACCCGGGAAAAGGACGTGCG_031,188
ACCCGGGAAAAGGACGTGCG_032,64
ACCCGGGAAAAGGACGTGCG_033,37
ACCCGGGAAAAGGACGTGCG_034,171
ACCCGGGAAAAGGACGTGCG_035,14
ACCCGGGAAAAGGACGTGCG_036,0
ACCCGGGAAAAGGACGTGCG_037,105
ACCCGGGAAAAGGACGTGCG_038,70
ACCCGGGAAAAGGACGTGCG_039,77
ACCCGGGAAAAGGACGTGCG_040,58
ACCCGGGAAAAGGACGTGCG_041,1
ACCCGGGAAAAGGACGTGCG_042,187
ACCCGGGAAAAGGACGTGCG_043,118
ACCCGGGAAAAGGACGTGCG_044,19
ACCCGGGAAAAGGACGTGCG_045,33
ACCCGGGAAAAGGACGTGCG_046,101
ACCCGGGAAAAGGACGTGCG_047,76
ACCCGGGAAAAGGACGTGCG_048,184
ACCCGGGAAAAGGACGTGCG_049,61
ACCCGGGAAAAGGACGTGCG_050,193
ACCCGGGAAAAGGACGTGCG_051,5
ACCCGGGAAAAGGACGTGCG_052,166
ACCCGGGAAAAGGACGTGCG_053,42
ACCCGGGAAAAGGACGTGCG_054,94
ACCCGGGAAAAGGACGTGCG_055,60
ACCCGGGAAAAGGACGTGCG_056,11
ACCCGGGAAAAGGACGTGCG_057,105
ACCCGGGAAAAGGACGTGCG_058,115
ACCCGGGAAAAGGACGTGCG_059,85
ACCCGGGAAAAGGACGTGCG_060,1
ACCCGGGAAAAGGACGTGCG_061,40
ACCCGGGAAAAGGACGTGCG_062,23
ACCCGGGAAAAGGACGTGCG_063,169
ACCCGGGAAAAGGACGTGCG_064,15
ACCCGGGAAAAGGACGTGCG_065,127
ACCCGGGAAAAGGACGTGCG_066,182
ACCCGGGAAAAGGACGTGCG_067,49
ACCCGGGAAAAGGACGTGCG_068,77
ACCCGGGAAAAGGACGTGCG_069,178
ACCCGGGAAAAGGACGTGCG_070,43
ACCCGGGAAAAGGACGTGCG_071,20
ACCCGGGAAAAGGACGTGCG_072,174
ACCCGGGAAAAGGACGTGCG_073,10
ACCCGGGAAAAGGACGTGCG_074,95
ACCCGGGAAAAGGACGTGCG_075,174
ACCCGGGAAAAGGACGTGCG_076,95
ACCCGGGAAAAGGACGTGCG_077,185
ACCCGGGAAAAGGACGTGCG_078,81
TTTGTTTCATCACATCGATG_001,42
TTTGTTTCATCACATCGATG_002,121
TTTGTTTCATCACATCGATG_003,184
TTTGTTTCATCACATCGATG_004,2
CGTGGAGAACTTCGTCACGC_001,1
CGTGGAGAACTTCGTCACGC_002,137
CGTGGAGAACTTCGTCACGC_003,77
CGTGGAGAACTTCGTCACGC_004,144
CGTGGAGAACTTCGTCACGC_005,131
CGTGGAGAACTTCGTCACGC_006,108
CGTGGAGAACTTCGTCACGC_007,172
GTGATGCTGACACAATTCCT_001,105
GTGATGCTGACACAATTCCT_002,70
GTGATGCTGACACAATTCCT_003,178
GTGATGCTGACACAATTCCT_004,50
GTGATGCTGACACAATTCCT_005,105
GTGATGCTGACACAATTCCT_006,152
GTGATGCTGACACAATTCCT_007,138
GTGATGCTGACACAATTCCT_008,118
GTGATGCTGACACAATTCCT_009,147
GTGATGCTGACACAATTCCT_010,94
GTGATGCTGACACAATTCCT_011,149
GTGATGCTGACACAATTCCT_012,22
GTGATGCTGACACAATTCCT_013,161
GTGATGCTGACACAATTCCT_014,136
ATGCCCAATTTAGACCTCCA_001,34
ATGCCCAATTTAGACCTCCA_002,137
ATGCCCAATTTAGACCTCCA_003,60
ATGCCCAATTTAGACCTCCA_004,26
ATGCCCAATTTAGACCTCCA_005,108
ATGCCCAATTTAGACCTCCA_006,62
ATGCCCAATTTAGACCTCCA_007,168
ATGCCCAATTTAGACCTCCA_008,88
ATGCCCAATTTAGACCTCCA_009,36
ATGCCCAATTTAGACCTCCA_010,12
ATGCCCAATTTAGACCTCCA_011,40
ATGCCCAATTTAGACCTCCA_012,35
ATGCCCAATTTAGACCTCCA_013,150
ATGCCCAATTTAGACCTCCA_014,9
ATGCCCAATTTAGACCTCCA_015,174
ATGCCCAATTTAGACCTCCA_016,84
ATGCCCAATTTAGACCTCCA_017,59
ATGCCCAATTTAGACCTCCA_018,120
ATGCCCAATTTAGACCTCCA_019,34
ATGCCCAATTTAGACCTCCA_020,180
ATGCCCAATTTAGACCTCCA_021,137
ATGCCCAATTTAGACCTCCA_022,137
CTACCGAAGACCTTGGAACG_001,15
CTACCGAAGACCTTGGAACG_002,94
CTACCGAAGACCTTGGAACG_003,142
CTACCGAAGACCTTGGAACG_004,118
CTACCGAAGACCTTGGAACG_005,66
CTACCGAAGACCTTGGAACG_006,146
CTACCGAAGACCTTGGAACG_007,128
CTACCGAAGACCTTGGAACG_008,154
CTACCGAAGACCTTGGAACG_009,85
CTACCGAAGACCTTGGAACG_010,57
CTACCGAAGACCTTGGAACG_011,83
CTACCGAAGACCTTGGAACG_012,132
CTACCGAAGACCTTGGAACG_013,86
CTACCGAAGACCTTGGAACG_014,51
CTACCGAAGACCTTGGAACG_015,158
CTACCGAAGACCTTGGAACG_016,94
CTACCGAAGACCTTGGAACG_017,174
CTACCGAAGACCTTGGAACG_018,162
CTACCGAAGACCTTGGAACG_019,100
CTACCGAAGACCTTGGAACG_020,69
CTACCGAAGACCTTGGAACG_021,44
CTACCGAAGACCTTGGAACG_022,107
CTACCGAAGACCTTGGAACG_023,73
CTACCGAAGACCTTGGAACG_024,194
CTACCGAAGACCTTGGAACG_025,15
CTACCGAAGACCTTGGAACG_026,27
CTACCGAAGACCTTGGAACG_027,34
CTACCGAAGACCTTGGAACG_028,171
CTACCGAAGACCTTGGAACG_029,197
CTACCGAAGACCTTGGAACG_030,181
CTACCGAAGACCTTGGAACG_031,17
CTACCGAAGACCTTGGAACG_032,168
CTACCGAAGACCTTGGAACG_033,14
CTACCGAAGACCTTGGAACG_034,37
CTACCGAAGACCTTGGAACG_035,37
CTACCGAAGACCTTGGAACG_036,28
CTGTGCCGATCTGATTATCG_001,43
CTGTGCCGATCTGATTATCG_002,49
CTGTGCCGATCTGATTATCG_003,68
CTGTGCCGATCTGATTATCG_004,41
CTGTGCCGATCTGATTATCG_005,130
CTGTGCCGATCTGATTATCG_006,162
CTGTGCCGATCTGATTATCG_007,84
CTGTGCCGATCTGATTATCG_008,76
CTGTGCCGATCTGATTATCG_009,53
CTGTGCCGATCTGATTATCG_010,154
CTGTGCCGATCTGATTATCG_011,148
GGTTCCTTGACGGGTCCCGG_001,41
GGTTCCTTGACGGGTCCCGG_002,134
GGTTCCTTGACGGGTCCCGG_003,61
GGTTCCTTGACGGGTCCCGG_004,157
GGTTCCTTGACGGGTCCCGG_005,37
GGTTCCTTGACGGGTCCCGG_006,190
GGTTCCTTGACGGGTCCCGG_007,176
GGTTCCTTGACGGGTCCCGG_008,10
GGTTCCTTGACGGGTCCCGG_009,191
GGTTCCTTGACGGGTCCCGG_010,184
GGTTCCTTGACGGGTCCCGG_011,50
GGTTCCTTGACGGGTCCCGG_012,169
GGTTCCTTGACGGGTCCCGG_013,92
GGTTCCTTGACGGGTCCCGG_014,50
GGTTCCTTGACGGGTCCCGG_015,96
GGTTCCTTGACGGGTCCCGG_016,0
CTTCAAGGAGCGAATCTGCA_001,58
CTTCAAGGAGCGAATCTGCA_002,98
CTTCAAGGAGCGAATCTGCA_003,130
CTTCAAGGAGCGAATCTGCA_004,22
CTTCAAGGAGCGAATCTGCA_005,82
CTTCAAGGAGCGAATCTGCA_006,62
AGTGTAGAGTCCAAACACCG_001,82
AGTGTAGAGTCCAAACACCG_002,190
AGTGTAGAGTCCAAACACCG_003,146
AGTGTAGAGTCCAAACACCG_004,17
AGTGTAGAGTCCAAACACCG_005,8
AGTGTAGAGTCCAAACACCG_006,106
AGGCAAAACTTCGGACATAG_001,36
AGGCAAAACTTCGGACATAG_002,63
AGGCAAAACTTCGGACATAG_003,163
GAGGGTGATGGAGAATACCG_001,55
GAGGGTGATGGAGAATACCG_002,81
GAGGGTGATGGAGAATACCG_003,39
GAGGGTGATGGAGAATACCG_004,54
TCTGGCGGGACGCCCTTCAG_001,129
TCTGGCGGGACGCCCTTCAG_002,60
TCTGGCGGGACGCCCTTCAG_003,170
TCTGGCGGGACGCCCTTCAG_004,83
TCTGGCGGGACGCCCTTCAG_005,11
TCTGGCGGGACGCCCTTCAG_006,188
TCTGGCGGGACGCCCTTCAG_007,28
TCTGGCGGGACGCCCTTCAG_008,17
TTGTCATTATTAGGGCAGCG_001,127
TTGTCATTATTAGGGCAGCG_002,62
TTGTTTCATATTAGCTCTAG_001,159
AATCAGAGTATCACTTACAC_001,115
AATCAGAGTATCACTTACAC_002,152
AATCAGAGTATCACTTACAC_003,41
ATGGAAATCCCAACACCCTG_001,86
ATGGAAATCCCAACACCCTG_002,130
GTGTTGGTGAAGATAATCAT_001,23
GTGTTGGTGAAGATAATCAT_002,77
GTGTTGGTGAAGATAATCAT_003,149
GTGTTGGTGAAGATAATCAT_004,41
GTGTTGGTGAAGATAATCAT_005,191
GTGTTGGTGAAGATAATCAT_006,194
GTGTTGGTGAAGATAATCAT_007,129
GTGTTGGTGAAGATAATCAT_008,150
GTGTTGGTGAAGATAATCAT_009,70
TAACGAATACCAGTTCAGCG_001,175
TAACGAATACCAGTTCAGCG_002,127
TAACGAATACCAGTTCAGCG_003,52
TAACGAATACCAGTTCAGCG_004,0
TAACGAATACCAGTTCAGCG_005,15
TAACGAATACCAGTTCAGCG_006,28
TAACGAATACCAGTTCAGCG_007,34
TAACGAATACCAGTTCAGCG_008,19
TAACGAATACCAGTTCAGCG_009,112
ACGAGGAGCTTGAGGCGCTG_001,182
ACGAGGAGCTTGAGGCGCTG_002,46
ACGAGGAGCTTGAGGCGCTG_003,182
ACGAGGAGCTTGAGGCGCTG_004,24
ACGAGGAGCTTGAGGCGCTG_005,17
AAGCACCAATTCATTGACAG_001,168
AAGCACCAATTCATTGACAG_002,48
AAGCACCAATTCATTGACAG_003,15
AAGCACCAATTCATTGACAG_004,83
AAGCACCAATTCATTGACAG_005,196
AAGCACCAATTCATTGACAG_006,177
AAGCACCAATTCATTGACAG_007,147
AAGCACCAATTCATTGACAG_008,168
AAGCACCAATTCATTGACAG_009,85
AAGCACCAATTCATTGACAG_010,138
AAGCACCAATTCATTGACAG_011,10
AAGCACCAATTCATTGACAG_012,6
GTCCACGGCGCGTAGCCGGT_001,149
CATCATGATGTCAACAACCG_001,67
CATCATGATGTCAACAACCG_002,1
CATCATGATGTCAACAACCG_003,56
CATCATGATGTCAACAACCG_004,86
CATCATGATGTCAACAACCG_005,65
CATCATGATGTCAACAACCG_006,11
CATCATGATGTCAACAACCG_007,79
CATCATGATGTCAACAACCG_008,162
CATCATGATGTCAACAACCG_009,37
CATCATGATGTCAACAACCG_010,199
CATCATGATGTCAACAACCG_011,128
CATCATGATGTCAACAACCG_012,150
CATCATGATGTCAACAACCG_013,17
CATCATGATGTCAACAACCG_014,24
ATGCTGTGTAAAATTAGGTG_001,130
ATGCTGTGTAAAATTAGGTG_002,137
ATGCTGTGTAAAATTAGGTG_003,57
ATGCTGTGTAAAATTAGGTG_004,106
ATGCTGTGTAAAATTAGGTG_005,89
ATGCTGTGTAAAATTAGGTG_006,96
ATGCTGTGTAAAATTAGGTG_007,173
ATGCTGTGTAAAATTAGGTG_008,20
ATGCTGTGTAAAATTAGGTG_009,126
ATGCTGTGTAAAATTAGGTG_010,170
ATGCTGTGTAAAATTAGGTG_011,185
CCAAGACAATAGCATCAACT_001,121
CCAAGACAATAGCATCAACT_002,121
TAGAATTGACCACTATGTTG_001,174
TAGAATTGACCACTATGTTG_002,95
AGTATTAGGTACCTGCCCTA_001,152
AGTATTAGGTACCTGCCCTA_002,99
AGTATTAGGTACCTGCCCTA_003,177
AGTATTAGGTACCTGCCCTA_004,62
AGTATTAGGTACCTGCCCTA_005,15
AGTATTAGGTACCTGCCCTA_006,153
AGTATTAGGTACCTGCCCTA_007,126
AGTATTAGGTACCTGCCCTA_008,154
AGTATTAGGTACCTGCCCTA_009,72
AGTATTAGGTACCTGCCCTA_010,156
AGTATTAGGTACCTGCCCTA_011,150
AGTATTAGGTACCTGCCCTA_012,115
AGTATTAGGTACCTGCCCTA_013,40
AGTATTAGGTACCTGCCCTA_014,140
AGTATTAGGTACCTGCCCTA_015,170
AGTATTAGGTACCTGCCCTA_016,122
AGTATTAGGTACCTGCCCTA_017,108
AGTATTAGGTACCTGCCCTA_018,138
AGTATTAGGTACCTGCCCTA_019,168
CTAAGGCTATGACAACCTCC_001,154
CTAAGGCTATGACAACCTCC_002,57
CTTCGATGCTAAGAGCAGTG_001,94
CTTCGATGCTAAGAGCAGTG_002,144
GGCTCCTGTGAAGACCCAGG_001,162
GGCTCCTGTGAAGACCCAGG_002,163
GGCTCCTGTGAAGACCCAGG_003,38
GGCTCCTGTGAAGACCCAGG_004,172
GGCTCCTGTGAAGACCCAGG_005,21
GGCTCCTGTGAAGACCCAGG_006,32
GGCTCCTGTGAAGACCCAGG_007,57
GGCTCCTGTGAAGACCCAGG_008,27
GGCTCCTGTGAAGACCCAGG_009,147
GGCTCCTGTGAAGACCCAGG_010,120
GGCTCCTGTGAAGACCCAGG_011,169
GGCTCCTGTGAAGACCCAGG_012,44
GGCTCCTGTGAAGACCCAGG_013,28
GGCTCCTGTGAAGACCCAGG_014,22
GGCTCCTGTGAAGACCCAGG_015,61
GGCTCCTGTGAAGACCCAGG_016,104
GGCTCCTGTGAAGACCCAGG_017,91
GGCTCCTGTGAAGACCCAGG_018,130
GGCTCCTGTGAAGACCCAGG_019,118
GAAAGACTGTAAACCTGACG_001,12
GAAAGACTGTAAACCTGACG_002,178
GAAAGACTGTAAACCTGACG_003,36
GAAAGACTGTAAACCTGACG_004,183
GAAAGACTGTAAACCTGACG_005,131
GAAAGACTGTAAACCTGACG_006,105
TACAGAAGAATACGAATCAC_001,40
TACAGAAGAATACGAATCAC_002,149
TACAGAAGAATACGAATCAC_003,22
TACAGAAGAATACGAATCAC_004,191
TACAGAAGAATACGAATCAC_005,48
TACAGAAGAATACGAATCAC_006,126
TGAGCCTGACACAAATCTCG_001,178
TGAGCCTGACACAAATCTCG_002,127
TGAGCCTGACACAAATCTCG_003,162
TGAGCCTGACACAAATCTCG_004,191
TCTACAACTCGAGGCCTATG_001,95
TCTACAACTCGAGGCCTATG_002,108
TCTACAACTCGAGGCCTATG_003,9
TCTACAACTCGAGGCCTATG_004,97
TCTACAACTCGAGGCCTATG_005,148
TCTACAACTCGAGGCCTATG_006,180
CATGCCAGAAGAATCCAGGG_001,20
CATGCCAGAAGAATCCAGGG_002,159
CATGCCAGAAGAATCCAGGG_003,106
CATGCCAGAAGAATCCAGGG_004,171
CATGCCAGAAGAATCCAGGG_005,144
CATGCCAGAAGAATCCAGGG_006,56
CATGCCAGAAGAATCCAGGG_007,10
CATGCCAGAAGAATCCAGGG_008,102
CATGCCAGAAGAATCCAGGG_009,131
CATGCCAGAAGAATCCAGGG_010,120
ACTGTGAAGTGAATGTGATG_001,41
ACTGTGAAGTGAATGTGATG_002,150
ACTGTGAAGTGAATGTGATG_003,70
ACTGTGAAGTGAATGTGATG_004,62
ACTGTGAAGTGAATGTGATG_005,127
ACTGTGAAGTGAATGTGATG_006,48
ACTGTGAAGTGAATGTGATG_007,2
ACTGTGAAGTGAATGTGATG_008,158
ACTGTGAAGTGAATGTGATG_009,160
ACTGTGAAGTGAATGTGATG_010,189
ACTGTGAAGTGAATGTGATG_011,146
ACTGTGAAGTGAATGTGATG_012,16
ACTGTGAAGTGAATGTGATG_013,19
ACTGTGAAGTGAATGTGATG_014,180
CAAGGCTTCAAAAATGACAG_001,36
CAAGGCTTCAAAAATGACAG_002,178
CAAGGCTTCAAAAATGACAG_003,94
CAAGGCTTCAAAAATGACAG_004,2
CAAGGCTTCAAAAATGACAG_005,114
CAAGGCTTCAAAAATGACAG_006,114
CAAGGCTTCAAAAATGACAG_007,17
CAAGGCTTCAAAAATGACAG_008,97
CAAGGCTTCAAAAATGACAG_009,58
CAAGGCTTCAAAAATGACAG_010,118
CAAGGCTTCAAAAATGACAG_011,51
CAAGGCTTCAAAAATGACAG_012,124
CAAGGCTTCAAAAATGACAG_013,65
CAAGGCTTCAAAAATGACAG_014,169
CAAGGCTTCAAAAATGACAG_015,75
CAAGGCTTCAAAAATGACAG_016,17
CAAGGCTTCAAAAATGACAG_017,166
CAGATGCCAGCCAAAACAGT_001,17
CAGATGCCAGCCAAAACAGT_002,152
CAGATGCCAGCCAAAACAGT_003,131
CAGATGCCAGCCAAAACAGT_004,56
CAGATGCCAGCCAAAACAGT_005,175
CGAAGACCATGAGCGACTCG_001,186
CGAAGACCATGAGCGACTCG_002,176
CGAAGACCATGAGCGACTCG_003,80
CGAAGACCATGAGCGACTCG_004,97
CGAAGACCATGAGCGACTCG_005,168
CGAAGACCATGAGCGACTCG_006,48
CGAAGACCATGAGCGACTCG_007,130
CGAAGACCATGAGCGACTCG_008,146
CGAAGACCATGAGCGACTCG_009,146
CGAAGACCATGAGCGACTCG_010,121
CGAAGACCATGAGCGACTCG_011,130
CGAAGACCATGAGCGACTCG_012,103
CGAAGACCATGAGCGACTCG_013,13
CGAAGACCATGAGCGACTCG_014,126
CGAAGACCATGAGCGACTCG_015,80
CGAAGACCATGAGCGACTCG_016,6
CGAAGACCATGAGCGACTCG_017,69
CGAAGACCATGAGCGACTCG_018,2
CGAAGACCATGAGCGACTCG_019,66
AAATTATCTGACAAAGACCA_001,170
AAATTATCTGACAAAGACCA_002,153
AAATTATCTGACAAAGACCA_003,166
AAATTATCTGACAAAGACCA_004,174
AGGGTCGGTCAATTGCCAGT_001,198
AGGGTCGGTCAATTGCCAGT_002,192
AGGGTCGGTCAATTGCCAGT_003,157
AGGGTCGGTCAATTGCCAGT_004,161
AAACGAAAGCTCCGCTCGGA_001,29
AAACGAAAGCTCCGCTCGGA_002,184
AAACGAAAGCTCCGCTCGGA_003,184
AAACGAAAGCTCCGCTCGGA_004,70
AAACGAAAGCTCCGCTCGGA_005,7
AAACGAAAGCTCCGCTCGGA_006,134
AAACGAAAGCTCCGCTCGGA_007,58
TAAAAAAGGCTGTGAAAGTG_001,24
TAAAAAAGGCTGTGAAAGTG_002,114
TAAAAAAGGCTGTGAAAGTG_003,127
TAAAAAAGGCTGTGAAAGTG_004,126
GCTTGCCCTCGAAGTACGCG_001,14
GCTTGCCCTCGAAGTACGCG_002,104
GCTTGCCCTCGAAGTACGCG_003,178
GCTTGCCCTCGAAGTACGCG_004,137
GCTTGCCCTCGAAGTACGCG_005,79
GCTTGCCCTCGAAGTACGCG_006,186
GCTTGCCCTCGAAGTACGCG_007,4
GCTTGCCCTCGAAGTACGCG_008,105
GCTTGCCCTCGAAGTACGCG_009,162
GCTTGCCCTCGAAGTACGCG_010,147
GCTTGCCCTCGAAGTACGCG_011,40
GCTTGCCCTCGAAGTACGCG_012,165
GCTTGCCCTCGAAGTACGCG_013,94
GCTTGCCCTCGAAGTACGCG_014,81
GCTTGCCCTCGAAGTACGCG_015,121
GCTTGCCCTCGAAGTACGCG_016,110
GCTTGCCCTCGAAGTACGCG_017,130
GCTTGCCCTCGAAGTACGCG_018,116
GCTTGCCCTCGAAGTACGCG_019,35
GCTTGCCCTCGAAGTACGCG_020,113
GCTTGCCCTCGAAGTACGCG_021,94
GCTTGCCCTCGAAGTACGCG_022,192
GCTTGCCCTCGAAGTACGCG_023,187
GCTTGCCCTCGAAGTACGCG_024,77
GCTTGCCCTCGAAGTACGCG_025,59
GCTTGCCCTCGAAGTACGCG_026,135
GCTTGCCCTCGAAGTACGCG_027,77
TATGTTACTATATTAATGAA_001,78
AGGGGTCCATGTTCGCCGAG_001,48
AGGGGTCCATGTTCGCCGAG_002,127
AGGGGTCCATGTTCGCCGAG_003,48
AGGGGTCCATGTTCGCCGAG_004,78
AGGGGTCCATGTTCGCCGAG_005,75
AGGGGTCCATGTTCGCCGAG_006,2
AGGGGTCCATGTTCGCCGAG_007,0
AGGGGTCCATGTTCGCCGAG_008,189
AGGGGTCCATGTTCGCCGAG_009,141
AGGGGTCCATGTTCGCCGAG_010,199
AGGGGTCCATGTTCGCCGAG_011,80
AGGGGTCCATGTTCGCCGAG_012,192
ACGGTACCCAGAGTCCCATG_001,6
ACGGTACCCAGAGTCCCATG_002,182
ACGGTACCCAGAGTCCCATG_003,68
ACGGTACCCAGAGTCCCATG_004,118
ACGGTACCCAGAGTCCCATG_005,152
ACGGTACCCAGAGTCCCATG_006,49
ACGGTACCCAGAGTCCCATG_007,104
ACGGTACCCAGAGTCCCATG_008,148
CAGGTGGCCGGTCTCTACCG_001,168
CAGGTGGCCGGTCTCTACCG_002,78
CAGGTGGCCGGTCTCTACCG_003,74
CAGGTGGCCGGTCTCTACCG_004,9
CAGGTGGCCGGTCTCTACCG_005,28
CAGGTGGCCGGTCTCTACCG_006,66
CAGGTGGCCGGTCTCTACCG_007,83
CAGGTGGCCGGTCTCTACCG_008,26
CCAAGGTGCCAGAGTTCCCA_001,118
CCAAGGTGCCAGAGTTCCCA_002,77
CCAAGGTGCCAGAGTTCCCA_003,176
CCAAGGTGCCAGAGTTCCCA_004,195
CCAAGGTGCCAGAGTTCCCA_005,2
CCAAGGTGCCAGAGTTCCCA_006,52
CTCGCCCGCGTACACCTCTG_001,199
CTCGCCCGCGTACACCTCTG_002,15
CTCGCCCGCGTACACCTCTG_003,70
CTCGCCCGCGTACACCTCTG_004,61
CTCGCCCGCGTACACCTCTG_005,76
CTCGCCCGCGTACACCTCTG_006,160
CTCGCCCGCGTACACCTCTG_007,77
CTCGCCCGCGTACACCTCTG_008,140
CTCGCCCGCGTACACCTCTG_009,149
CTCGCCCGCGTACACCTCTG_010,68
GCAACTCTCCAAAATATCTG_001,78
GCAACTCTCCAAAATATCTG_002,50
GCAACTCTCCAAAATATCTG_003,94
GCAACTCTCCAAAATATCTG_004,65
GCAACTCTCCAAAATATCTG_005,22
GCAACTCTCCAAAATATCTG_006,171
TGGATGACAATGGCCACGTG_001,173
TGGATGACAATGGCCACGTG_002,173
TGGATGACAATGGCCACGTG_003,175
TGGATGACAATGGCCACGTG_004,168
TGGATGACAATGGCCACGTG_005,103
TGGATGACAATGGCCACGTG_006,3
TGGATGACAATGGCCACGTG_007,56
GCTGGGACTAAGAGTTGGCG_001,0
GCTGGGACTAAGAGTTGGCG_002,21
GCTGGGACTAAGAGTTGGCG_003,142
GCTGGGACTAAGAGTTGGCG_004,56
GCTGGGACTAAGAGTTGGCG_005,15
GCTGGGACTAAGAGTTGGCG_006,62
GCTGGGACTAAGAGTTGGCG_007,27
GCTGGGACTAAGAGTTGGCG_008,141
GCTGGGACTAAGAGTTGGCG_009,59
GCTGGGACTAAGAGTTGGCG_010,177
GCTGGGACTAAGAGTTGGCG_011,156
GCTGGGACTAAGAGTTGGCG_012,149
GCTGGGACTAAGAGTTGGCG_013,142
GCTGGGACTAAGAGTTGGCG_014,137
GCTGGGACTAAGAGTTGGCG_015,55
GCTGGGACTAAGAGTTGGCG_016,145
GCTGGGACTAAGAGTTGGCG_017,91
GCTGGGACTAAGAGTTGGCG_018,8
GCTGGGACTAAGAGTTGGCG_019,169
GCTGGGACTAAGAGTTGGCG_020,197
GCTGGGACTAAGAGTTGGCG_021,56
GCTGGGACTAAGAGTTGGCG_022,19
GCTGGGACTAAGAGTTGGCG_023,15
GCTGGGACTAAGAGTTGGCG_024,58
GCTGGGACTAAGAGTTGGCG_025,41
GCTGGGACTAAGAGTTGGCG_026,2
GCTGGGACTAAGAGTTGGCG_027,50
TCCAGCTCACGTGTAACACT_001,62
TCCAGCTCACGTGTAACACT_002,155
TCCAGCTCACGTGTAACACT_003,33
TCCAGCTCACGTGTAACACT_004,88
TCCAGCTCACGTGTAACACT_005,83
TCCAGCTCACGTGTAACACT_006,26
CTCCGGGGAGAACTCCGGCG_001,130
CTCCGGGGAGAACTCCGGCG_002,50
CTCCGGGGAGAACTCCGGCG_003,101
CTCCGGGGAGAACTCCGGCG_004,116
CTCCGGGGAGAACTCCGGCG_005,88
CTCCGGGGAGAACTCCGGCG_006,56
CTCCGGGGAGAACTCCGGCG_007,145
CTCCGGGGAGAACTCCGGCG_008,108
CTCCGGGGAGAACTCCGGCG_009,157
CTCCGGGGAGAACTCCGGCG_010,54
CTCCGGGGAGAACTCCGGCG_011,188
CTCCGGGGAGAACTCCGGCG_012,51
CTCCGGGGAGAACTCCGGCG_013,81
CTCCGGGGAGAACTCCGGCG_014,168
CTCCGGGGAGAACTCCGGCG_015,50
TCTATCGGATGCGCCAGCTA_001,114
TCTATCGGATGCGCCAGCTA_002,133
TCTATCGGATGCGCCAGCTA_003,127
TCTATCGGATGCGCCAGCTA_004,53
TCTATCGGATGCGCCAGCTA_005,32
TCTATCGGATGCGCCAGCTA_006,138
TCTATCGGATGCGCCAGCTA_007,183
TCTATCGGATGCGCCAGCTA_008,15
TCTATCGGATGCGCCAGCTA_009,38
TCTATCGGATGCGCCAGCTA_010,190
TCTATCGGATGCGCCAGCTA_011,5
TCTATCGGATGCGCCAGCTA_012,45
TCTATCGGATGCGCCAGCTA_013,153
GCTCTGACATACATTCCCAA_001,162
GCTCTGACATACATTCCCAA_002,124
GCTCTGACATACATTCCCAA_003,193
GCTCTGACATACATTCCCAA_004,197
GCTCTGACATACATTCCCAA_005,40
TTAGTCCGCTCTTTGTGACG_001,107
TTAGTCCGCTCTTTGTGACG_002,172
TTAGTCCGCTCTTTGTGACG_003,174
TTAGTCCGCTCTTTGTGACG_004,125
TTAGTCCGCTCTTTGTGACG_005,30
TTAGTCCGCTCTTTGTGACG_006,116
TTAGTCCGCTCTTTGTGACG_007,16
TTAGTCCGCTCTTTGTGACG_008,146
TTAGTCCGCTCTTTGTGACG_009,86
TTAGTCCGCTCTTTGTGACG_010,187
TTAGTCCGCTCTTTGTGACG_011,71
TTAGTCCGCTCTTTGTGACG_012,40
TTAGTCCGCTCTTTGTGACG_013,115
TTAGTCCGCTCTTTGTGACG_014,102
TTAGTCCGCTCTTTGTGACG_015,40
TTAGTCCGCTCTTTGTGACG_016,77
TTAGTCCGCTCTTTGTGACG_017,184
TTAGTCCGCTCTTTGTGACG_018,63
TTAGTCCGCTCTTTGTGACG_019,199
TTAGTCCGCTCTTTGTGACG_020,112
TTAGTCCGCTCTTTGTGACG_021,170
TTAGTCCGCTCTTTGTGACG_022,116
CCATGACATTGTGCAACTGG_001,184
GGAGATCCTCACATAGACTG_001,98
GGAGATCCTCACATAGACTG_002,113
GGAGATCCTCACATAGACTG_003,56
GGAGATCCTCACATAGACTG_004,52
GGAGATCCTCACATAGACTG_005,56
GGAGATCCTCACATAGACTG_006,55
AGCTTCAGACTGTTATCTAT_001,58
AGCTTCAGACTGTTATCTAT_002,107
AGCTTCAGACTGTTATCTAT_003,56
AGCTTCAGACTGTTATCTAT_004,69
AGCTTCAGACTGTTATCTAT_005,70
AGCTTCAGACTGTTATCTAT_006,11
AGCTTCAGACTGTTATCTAT_007,22
AGCTTCAGACTGTTATCTAT_008,1
AGCTTCAGACTGTTATCTAT_009,179
AGCTTCAGACTGTTATCTAT_010,61
AGCTTCAGACTGTTATCTAT_011,185
AGCTTCAGACTGTTATCTAT_012,82
AGCTTCAGACTGTTATCTAT_013,188
AGCTTCAGACTGTTATCTAT_014,150
AGCTTCAGACTGTTATCTAT_015,197
AGCTTCAGACTGTTATCTAT_016,69
AGCTTCAGACTGTTATCTAT_017,50
AGCTTCAGACTGTTATCTAT_018,105
AGCTTCAGACTGTTATCTAT_019,5
AGCTTCAGACTGTTATCTAT_020,104
GACATTGTATAAGCCCGGAA_001,2
GACATTGTATAAGCCCGGAA_002,199
GACATTGTATAAGCCCGGAA_003,169
GACATTGTATAAGCCCGGAA_004,191
GACATTGTATAAGCCCGGAA_005,134
GGTGCTTTGCGATTCACAGG_001,10
GGTGCTTTGCGATTCACAGG_002,138
GGTGCTTTGCGATTCACAGG_003,49
GGTGCTTTGCGATTCACAGG_004,47
GGTGCTTTGCGATTCACAGG_005,12
GGTGCTTTGCGATTCACAGG_006,58
GGTGCTTTGCGATTCACAGG_007,162
GGTGCTTTGCGATTCACAGG_008,150
GGTGCTTTGCGATTCACAGG_009,87
GGTGCTTTGCGATTCACAGG_010,110
GGTGCTTTGCGATTCACAGG_011,188
GGTGCTTTGCGATTCACAGG_012,188
GGTGCTTTGCGATTCACAGG_013,113
GGTGCTTTGCGATTCACAGG_014,115
GGTGCTTTGCGATTCACAGG_015,184
GGTGCTTTGCGATTCACAGG_016,145
GGTGCTTTGCGATTCACAGG_017,189
GGTGCTTTGCGATTCACAGG_018,141
GGTGCTTTGCGATTCACAGG_019,48
GGTGCTTTGCGATTCACAGG_020,16
GGTGCTTTGCGATTCACAGG_021,136
GGTGCTTTGCGATTCACAGG_022,4
TAGGCCGGATAATGTCAGGG_001,48
TAGGCCGGATAATGTCAGGG_002,198
TAGGCCGGATAATGTCAGGG_003,60
TAGGCCGGATAATGTCAGGG_004,196
TAGGCCGGATAATGTCAGGG_005,9
TGAGACCACATAAGGCGGAA_001,119
TGAGACCACATAAGGCGGAA_002,41
TGAGACCACATAAGGCGGAA_003,41
TGAGACCACATAAGGCGGAA_004,69
TGAGACCACATAAGGCGGAA_005,108
TGAGACCACATAAGGCGGAA_006,29
AACCAAAGTCGAATATGACG_001,197
GCAAGCAGCACAGTTCCCTG_001,160
GCAAGCAGCACAGTTCCCTG_002,73
GCAAGCAGCACAGTTCCCTG_003,94
GCAAGCAGCACAGTTCCCTG_004,188
GCAAGCAGCACAGTTCCCTG_005,114
GCAAGCAGCACAGTTCCCTG_006,178
GCAAGCAGCACAGTTCCCTG_007,138
GCAAGCAGCACAGTTCCCTG_008,168
GCAAGCAGCACAGTTCCCTG_009,161
GCAAGCAGCACAGTTCCCTG_010,135
GCAAGCAGCACAGTTCCCTG_011,170
GCAAGCAGCACAGTTCCCTG_012,62
GCAAGCAGCACAGTTCCCTG_013,127
GCAAGCAGCACAGTTCCCTG_014,147
GCAAGCAGCACAGTTCCCTG_015,50
GCAAGCAGCACAGTTCCCTG_016,36
GCAAGCAGCACAGTTCCCTG_017,108
GCAAGCAGCACAGTTCCCTG_018,116
GCAAGCAGCACAGTTCCCTG_019,46
GCAAGCAGCACAGTTCCCTG_020,197
GCAAGCAGCACAGTTCCCTG_021,168
GCAAGCAGCACAGTTCCCTG_022,36
GCAAGCAGCACAGTTCCCTG_023,178
GCAAGCAGCACAGTTCCCTG_024,1
GCAAGCAGCACAGTTCCCTG_025,149
GCAAGCAGCACAGTTCCCTG_026,177
GCAAGCAGCACAGTTCCCTG_027,130
GCAAGCAGCACAGTTCCCTG_028,28
GCAAGCAGCACAGTTCCCTG_029,67
GCAAGCAGCACAGTTCCCTG_030,169
GCAAGCAGCACAGTTCCCTG_031,188
GCAAGCAGCACAGTTCCCTG_032,48
GCAAGCAGCACAGTTCCCTG_033,194
GCAAGCAGCACAGTTCCCTG_034,199
GCAAGCAGCACAGTTCCCTG_035,129
GCAAGCAGCACAGTTCCCTG_036,192
TGGGGGTTACCAGTGCAACA_001,29
TGGGGGTTACCAGTGCAACA_002,146
TGGGGGTTACCAGTGCAACA_003,4
TGGGGGTTACCAGTGCAACA_004,58
TGAACAAGAGACAGCCAAGG_001,61
TGAACAAGAGACAGCCAAGG_002,165
TGAACAAGAGACAGCCAAGG_003,178
TGAACAAGAGACAGCCAAGG_004,186
TGAACAAGAGACAGCCAAGG_005,120
TGAACAAGAGACAGCCAAGG_006,121
TGAACAAGAGACAGCCAAGG_007,170
TGAACAAGAGACAGCCAAGG_008,184
TGAACAAGAGACAGCCAAGG_009,42
TGAACAAGAGACAGCCAAGG_010,71
TGAACAAGAGACAGCCAAGG_011,156
AGGCTACTTACCCTCACTGG_001,50
AGGCTACTTACCCTCACTGG_002,17
ATTGGAGTAAGAGAATCCTA_001,70
ATTGGAGTAAGAGAATCCTA_002,157
ATTGGAGTAAGAGAATCCTA_003,121
ATTGGAGTAAGAGAATCCTA_004,141
ATTGGAGTAAGAGAATCCTA_005,60
ATTGGAGTAAGAGAATCCTA_006,156
ATTGGAGTAAGAGAATCCTA_007,100
ATTGGAGTAAGAGAATCCTA_008,144
ATTGGAGTAAGAGAATCCTA_009,48
ATTGGAGTAAGAGAATCCTA_010,25
ATTGGAGTAAGAGAATCCTA_011,152
ATTGGAGTAAGAGAATCCTA_012,147
ATTGGAGTAAGAGAATCCTA_013,108
ATTGGAGTAAGAGAATCCTA_014,140
ATTGGAGTAAGAGAATCCTA_015,3
ATTGGAGTAAGAGAATCCTA_016,124
CCGACGGCACCACACCTCCG_001,64
CCGACGGCACCACACCTCCG_002,147
CCGACGGCACCACACCTCCG_003,169
CCGACGGCACCACACCTCCG_004,122
CCGACGGCACCACACCTCCG_005,170
CCGACGGCACCACACCTCCG_006,77
CCGACGGCACCACACCTCCG_007,19
CCGACGGCACCACACCTCCG_008,188
CCGACGGCACCACACCTCCG_009,41
CCGACGGCACCACACCTCCG_010,4
CCGACGGCACCACACCTCCG_011,121
CCGACGGCACCACACCTCCG_012,50
CCGACGGCACCACACCTCCG_013,181
CCGACGGCACCACACCTCCG_014,105
CCGACGGCACCACACCTCCG_015,157
CCGACGGCACCACACCTCCG_016,107
CCGACGGCACCACACCTCCG_017,156
CCGACGGCACCACACCTCCG_018,134
CCGACGGCACCACACCTCCG_019,19
CCGACGGCACCACACCTCCG_020,70
CCGACGGCACCACACCTCCG_021,17
CCGACGGCACCACACCTCCG_022,147
CCGACGGCACCACACCTCCG_023,191
CCGACGGCACCACACCTCCG_024,68
CCGACGGCACCACACCTCCG_025,63
CCGACGGCACCACACCTCCG_026,69
CCGACGGCACCACACCTCCG_027,158
CCGACGGCACCACACCTCCG_028,77
CCGACGGCACCACACCTCCG_029,77
CCGACGGCACCACACCTCCG_030,48
CCGACGGCACCACACCTCCG_031,183
CCGACGGCACCACACCTCCG_032,114
CCGACGGCACCACACCTCCG_033,58
CCGACGGCACCACACCTCCG_034,190
CCGACGGCACCACACCTCCG_035,146
CCGACGGCACCACACCTCCG_036,130
CCGACGGCACCACACCTCCG_037,182
CCGACGGCACCACACCTCCG_038,5
CCGACGGCACCACACCTCCG_039,94
CCGACGGCACCACACCTCCG_040,134
CCGACGGCACCACACCTCCG_041,69
CCGACGGCACCACACCTCCG_042,160
CCGACGGCACCACACCTCCG_043,162
CCGACGGCACCACACCTCCG_044,120
CCGACGGCACCACACCTCCG_045,192
CCTGGTTATACTTGACACCC_001,90
AGGAGTCCAGGGCTAACATG_001,107
AGGAGTCCAGGGCTAACATG_002,83
AGGAGTCCAGGGCTAACATG_003,142
AGGAGTCCAGGGCTAACATG_004,52
AGGAGTCCAGGGCTAACATG_005,198
AGGAGTCCAGGGCTAACATG_006,47
AGGAGTCCAGGGCTAACATG_007,108
AGGAGTCCAGGGCTAACATG_008,118
AGGAGTCCAGGGCTAACATG_009,33
TGTCCCGGAGTTCCCAGAAG_001,151
TGTCCCGGAGTTCCCAGAAG_002,50
TGTCCCGGAGTTCCCAGAAG_003,1
TGTCCCGGAGTTCCCAGAAG_004,180
TGTCCCGGAGTTCCCAGAAG_005,105
TGTCCCGGAGTTCCCAGAAG_006,141
TGTCCCGGAGTTCCCAGAAG_007,26
TGTCCCGGAGTTCCCAGAAG_008,194
TGTCCCGGAGTTCCCAGAAG_009,101
TGTCCCGGAGTTCCCAGAAG_010,119
TGTCCCGGAGTTCCCAGAAG_011,49
TGTCCCGGAGTTCCCAGAAG_012,32
TGTCCCGGAGTTCCCAGAAG_013,80
TGTCCCGGAGTTCCCAGAAG_014,56
TGTCCCGGAGTTCCCAGAAG_015,15
TGTCCCGGAGTTCCCAGAAG_016,105
TGTCCCGGAGTTCCCAGAAG_017,27
TGTCCCGGAGTTCCCAGAAG_018,6
TTGGGTTCGGGTAATGACTT_001,117
TTGGGTTCGGGTAATGACTT_002,88
TTGGGTTCGGGTAATGACTT_003,77
TTGGGTTCGGGTAATGACTT_004,51
TTGGGTTCGGGTAATGACTT_005,156
TTGGGTTCGGGTAATGACTT_006,95
TTGGGTTCGGGTAATGACTT_007,49
TTGGGTTCGGGTAATGACTT_008,11
TTGGGTTCGGGTAATGACTT_009,78
TTGGGTTCGGGTAATGACTT_010,168
GAGCCTAAGACGCGCGCAGG_001,197
GAGCCTAAGACGCGCGCAGG_002,58
GAGCCTAAGACGCGCGCAGG_003,196
GAGCCTAAGACGCGCGCAGG_004,157
GAGCCTAAGACGCGCGCAGG_005,183
GAGCCTAAGACGCGCGCAGG_006,118
GAGCCTAAGACGCGCGCAGG_007,173
GAGCCTAAGACGCGCGCAGG_008,33
GAGCCTAAGACGCGCGCAGG_009,30
GAGCCTAAGACGCGCGCAGG_010,194
GAGCCTAAGACGCGCGCAGG_011,156
GAGCCTAAGACGCGCGCAGG_012,21
GAGCCTAAGACGCGCGCAGG_013,129
GAGCCTAAGACGCGCGCAGG_014,171
GAGCCTAAGACGCGCGCAGG_015,103
GAGCCTAAGACGCGCGCAGG_016,68
GAGCCTAAGACGCGCGCAGG_017,179
GAGCCTAAGACGCGCGCAGG_018,179
GATGGTCTTGCCATCTACCG_001,121
ACCGTCCTTGTCTCCGTCGG_001,84
ACCGTCCTTGTCTCCGTCGG_002,125
ACCGTCCTTGTCTCCGTCGG_003,154
ACCGTCCTTGTCTCCGTCGG_004,193
ACCGTCCTTGTCTCCGTCGG_005,102
ACCGTCCTTGTCTCCGTCGG_006,182
ACCGTCCTTGTCTCCGTCGG_007,28
ACCGTCCTTGTCTCCGTCGG_008,33
ACCGTCCTTGTCTCCGTCGG_009,5
ACCGTCCTTGTCTCCGTCGG_010,12
ACCGTCCTTGTCTCCGTCGG_011,158
ACCGTCCTTGTCTCCGTCGG_012,115
ACCGTCCTTGTCTCCGTCGG_013,117
ACCGTCCTTGTCTCCGTCGG_014,148
CATGTACCTCAACAAGGCGT_001,0
CATGTACCTCAACAAGGCGT_002,78
CATGTACCTCAACAAGGCGT_003,31
CATGTACCTCAACAAGGCGT_004,66
CCACATAGTCCTTGCAATGG_001,2
CCACATAGTCCTTGCAATGG_002,106
CCACATAGTCCTTGCAATGG_003,49
CCACATAGTCCTTGCAATGG_004,41
CCACATAGTCCTTGCAATGG_005,15
CCACATAGTCCTTGCAATGG_006,123
CCACATAGTCCTTGCAATGG_007,113
TGCACGTGGAAAGTGACCAT_001,148
TGCACGTGGAAAGTGACCAT_002,84
TGCACGTGGAAAGTGACCAT_003,63
TGCACGTGGAAAGTGACCAT_004,104
TGCACGTGGAAAGTGACCAT_005,144
TGCACGTGGAAAGTGACCAT_006,153
TGCACGTGGAAAGTGACCAT_007,175
TGCACGTGGAAAGTGACCAT_008,199
CTGTAGGTTTAGTTGAGCAC_001,171
CTGTAGGTTTAGTTGAGCAC_002,14
CTGTAGGTTTAGTTGAGCAC_003,96
CTGTAGGTTTAGTTGAGCAC_004,172
CTGTAGGTTTAGTTGAGCAC_005,153
CTGTAGGTTTAGTTGAGCAC_006,145
CTGTAGGTTTAGTTGAGCAC_007,11
CTGTAGGTTTAGTTGAGCAC_008,9
CTGTAGGTTTAGTTGAGCAC_009,18
CTGTAGGTTTAGTTGAGCAC_010,68
CTGTAGGTTTAGTTGAGCAC_011,19
CTGTAGGTTTAGTTGAGCAC_012,184
CTGTAGGTTTAGTTGAGCAC_013,93
CTGTAGGTTTAGTTGAGCAC_014,82
CTGTAGGTTTAGTTGAGCAC_015,8
CTGTAGGTTTAGTTGAGCAC_016,48
CTGTAGGTTTAGTTGAGCAC_017,137
CTGTAGGTTTAGTTGAGCAC_018,130
CTGTAGGTTTAGTTGAGCAC_019,91
CTGTAGGTTTAGTTGAGCAC_020,178
CTGTAGGTTTAGTTGAGCAC_021,168
CTGTAGGTTTAGTTGAGCAC_022,43
CTGTAGGTTTAGTTGAGCAC_023,75
ACTCCAGTCCAGGATAACTG_001,68
ACTCCAGTCCAGGATAACTG_002,121
ACTCCAGTCCAGGATAACTG_003,147
ACTCCAGTCCAGGATAACTG_004,16
ACTCCAGTCCAGGATAACTG_005,76
ACTCCAGTCCAGGATAACTG_006,75
ACTCCAGTCCAGGATAACTG_007,170
ACTCCAGTCCAGGATAACTG_008,62
ATTCATACCGGGTAACACTG_001,199
ATTCATACCGGGTAACACTG_002,188
ATTCATACCGGGTAACACTG_003,21
ATTCATACCGGGTAACACTG_004,173
ATTCATACCGGGTAACACTG_005,103
ATTCATACCGGGTAACACTG_006,166
ATTCATACCGGGTAACACTG_007,152
ATTCATACCGGGTAACACTG_008,49
TCTTGTTGGCCGCGCCGTTG_001,49
TCTTGTTGGCCGCGCCGTTG_002,151
TCTTGTTGGCCGCGCCGTTG_003,184
TCTTGTTGGCCGCGCCGTTG_004,169
TCTTGTTGGCCGCGCCGTTG_005,152
TCTTGTTGGCCGCGCCGTTG_006,114
TCTTGTTGGCCGCGCCGTTG_007,70
TCTTGTTGGCCGCGCCGTTG_008,58
TCTTGTTGGCCGCGCCGTTG_009,97
TCTTGTTGGCCGCGCCGTTG_010,191
AGACAACAGCTTCGAATTCG_001,14
CTGAGGGTACCGTTGAGCGG_001,57
CTGAGGGTACCGTTGAGCGG_002,91
CTCACCTGGTCAGGGAGTGG_001,146
CTCACCTGGTCAGGGAGTGG_002,26
CTCACCTGGTCAGGGAGTGG_003,173
CTCACCTGGTCAGGGAGTGG_004,81
CTCACCTGGTCAGGGAGTGG_005,144
CTCACCTGGTCAGGGAGTGG_006,42
CTCACCTGGTCAGGGAGTGG_007,199
CTCACCTGGTCAGGGAGTGG_008,81
CTCACCTGGTCAGGGAGTGG_009,97
GGATGGGACGTGGCGCACAG_001,169
GGATGGGACGTGGCGCACAG_002,62
GGATGGGACGTGGCGCACAG_003,133
GGATGGGACGTGGCGCACAG_004,107
GGATGGGACGTGGCGCACAG_005,157
GGATGGGACGTGGCGCACAG_006,24
GGATGGGACGTGGCGCACAG_007,74
GGATGGGACGTGGCGCACAG_008,85
GGATGGGACGTGGCGCACAG_009,24
GGATGGGACGTGGCGCACAG_010,96
GGATGGGACGTGGCGCACAG_011,35
GGATGGGACGTGGCGCACAG_012,133
GGATGGGACGTGGCGCACAG_013,150
GGATGGGACGTGGCGCACAG_014,67
GGATGGGACGTGGCGCACAG_015,78
GGATGGGACGTGGCGCACAG_016,34
GGATGGGACGTGGCGCACAG_017,145
GGATGGGACGTGGCGCACAG_018,83
GGATGGGACGTGGCGCACAG_019,192
GGATGGGACGTGGCGCACAG_020,8
GGATGGGACGTGGCGCACAG_021,128
GGATGGGACGTGGCGCACAG_022,97
GGATGGGACGTGGCGCACAG_023,100
GGATGGGACGTGGCGCACAG_024,10
GGATGGGACGTGGCGCACAG_025,195
GGATGGGACGTGGCGCACAG_026,105
GGATGGGACGTGGCGCACAG_027,30
GGATGGGACGTGGCGCACAG_028,98
GGATGGGACGTGGCGCACAG_029,149
GGATGGGACGTGGCGCACAG_030,179
GGATGGGACGTGGCGCACAG_031,159
GGATGGGACGTGGCGCACAG_032,50
GGATGGGACGTGGCGCACAG_033,158
GGATGGGACGTGGCGCACAG_034,102
GGATGGGACGTGGCGCACAG_035,176
GGATGGGACGTGGCGCACAG_036,187
GGATGGGACGTGGCGCACAG_037,199
GGATGGGACGTGGCGCACAG_038,52
GGATGGGACGTGGCGCACAG_039,33
GGATGGGACGTGGCGCACAG_040,6
GGATGGGACGTGGCGCACAG_041,39
GGATGGGACGTGGCGCACAG_042,188
GGCTTGCTGAATCACAACGT_001,110
GGCTTGCTGAATCACAACGT_002,56
GGCTTGCTGAATCACAACGT_003,123
TAGCATAATCTGAGCGTCTG_001,13
TAGCATAATCTGAGCGTCTG_002,140
TAGCATAATCTGAGCGTCTG_003,75
TAGCATAATCTGAGCGTCTG_004,48
TAGCATAATCTGAGCGTCTG_005,147
TAGCATAATCTGAGCGTCTG_006,147
TAGCATAATCTGAGCGTCTG_007,136
TAGCATAATCTGAGCGTCTG_008,39
CCACATCCATAGACCCAATG_001,97
CCACATCCATAGACCCAATG_002,133
CCACATCCATAGACCCAATG_003,72
CCACATCCATAGACCCAATG_004,17
CCACATCCATAGACCCAATG_005,60
CCACATCCATAGACCCAATG_006,85
CCACATCCATAGACCCAATG_007,9
CCACATCCATAGACCCAATG_008,23
CCACATCCATAGACCCAATG_009,130
CCACATCCATAGACCCAATG_010,154
CCACATCCATAGACCCAATG_011,177
CCACATCCATAGACCCAATG_012,148
CCACATCCATAGACCCAATG_013,191
TCAGACCCGTAAGAAACAGA_001,191
TCAGACCCGTAAGAAACAGA_002,131
TCAGACCCGTAAGAAACAGA_003,37
TCAGACCCGTAAGAAACAGA_004,175
TCAGACCCGTAAGAAACAGA_005,71
ACAGATCCCAGAAACTACGG_001,37
ACAGATCCCAGAAACTACGG_002,127
ACAGATCCCAGAAACTACGG_003,92
ACAGATCCCAGAAACTACGG_004,158
ACAGATCCCAGAAACTACGG_005,88
ACAGATCCCAGAAACTACGG_006,69
ACAGATCCCAGAAACTACGG_007,60
ACAGATCCCAGAAACTACGG_008,198
ACAGATCCCAGAAACTACGG_009,173
ACAGATCCCAGAAACTACGG_010,28
ACAGATCCCAGAAACTACGG_011,175
CTAGTCCTCAAGTACCGTAA_001,11
CTAGTCCTCAAGTACCGTAA_002,170
CTAGTCCTCAAGTACCGTAA_003,145
TGGTCACTACCCCTATCAAG_001,11
TGGTCACTACCCCTATCAAG_002,174
TGGTCACTACCCCTATCAAG_003,102
TGGTCACTACCCCTATCAAG_004,15
CACTGCACAACAAATTAGCA_001,144
CACTGCACAACAAATTAGCA_002,40
GTCCACGGGCAAAAGCGAGT_001,61
GTCCACGGGCAAAAGCGAGT_002,177
GTCCACGGGCAAAAGCGAGT_003,76
GTCCACGGGCAAAAGCGAGT_004,69
GTCCACGGGCAAAAGCGAGT_005,160
GTCCACGGGCAAAAGCGAGT_006,55
GTCCACGGGCAAAAGCGAGT_007,2
GTCCACGGGCAAAAGCGAGT_008,150
GTCCACGGGCAAAAGCGAGT_009,27
GTCCACGGGCAAAAGCGAGT_010,161
GTCCACGGGCAAAAGCGAGT_011,42
GTCCACGGGCAAAAGCGAGT_012,43
GTCCACGGGCAAAAGCGAGT_013,121
GTCCACGGGCAAAAGCGAGT_014,110
GTCCACGGGCAAAAGCGAGT_015,187
ACAGGATCCTCATCGATCAG_001,5
ACAGGATCCTCATCGATCAG_002,101
ACAGGATCCTCATCGATCAG_003,145
ACAGGATCCTCATCGATCAG_004,70
ACAGGATCCTCATCGATCAG_005,184
ACAGGATCCTCATCGATCAG_006,199
ACAGGATCCTCATCGATCAG_007,39
CAACTAGTTACTAATGCACA_001,94
CAACTAGTTACTAATGCACA_002,19
CAACTAGTTACTAATGCACA_003,1
GGAACGGGGTGCTAAGCATG_001,169
GGAACGGGGTGCTAAGCATG_002,73
GGAACGGGGTGCTAAGCATG_003,42
GGAACGGGGTGCTAAGCATG_004,135
GGAACGGGGTGCTAAGCATG_005,186
GGAACGGGGTGCTAAGCATG_006,21
GGAACGGGGTGCTAAGCATG_007,185
GGAACGGGGTGCTAAGCATG_008,101
GGAACGGGGTGCTAAGCATG_009,199
GGAACGGGGTGCTAAGCATG_010,116
GGAACGGGGTGCTAAGCATG_011,125
GGAACGGGGTGCTAAGCATG_012,30
GGAACGGGGTGCTAAGCATG_013,172
GGAACGGGGTGCTAAGCATG_014,123
GGAACGGGGTGCTAAGCATG_015,82
GGAACGGGGTGCTAAGCATG_016,37
GGAACGGGGTGCTAAGCATG_017,141
GGAACGGGGTGCTAAGCATG_018,0
CGACGATGAGGTGACAGTCA_001,176
GAAGTGGGGCTACTGCCTTG_001,18
GAAGTGGGGCTACTGCCTTG_002,169
GAAGTGGGGCTACTGCCTTG_003,88
GAAGTGGGGCTACTGCCTTG_004,123
GAAGTGGGGCTACTGCCTTG_005,41
GAAGTGGGGCTACTGCCTTG_006,116
GAAGTGGGGCTACTGCCTTG_007,19
ACCAGCGGGATGTAGTATGG_001,166
ACCAGCGGGATGTAGTATGG_002,154
ACCAGCGGGATGTAGTATGG_003,88
ACCAGCGGGATGTAGTATGG_004,24
ACCAGCGGGATGTAGTATGG_005,13
ACCAGCGGGATGTAGTATGG_006,31
ACCAGCGGGATGTAGTATGG_007,52
CCATCACTCACTGAGGTGGT_001,125
CCATCACTCACTGAGGTGGT_002,77
CCATCACTCACTGAGGTGGT_003,152
CCATCACTCACTGAGGTGGT_004,152
CCATCACTCACTGAGGTGGT_005,112
CCATCACTCACTGAGGTGGT_006,144
CCATCACTCACTGAGGTGGT_007,88
CCATCACTCACTGAGGTGGT_008,70
CCATCACTCACTGAGGTGGT_009,55
CCATCACTCACTGAGGTGGT_010,19
AGGTCCAAGTTGCTAAAACA_001,125
AGGTCCAAGTTGCTAAAACA_002,188
AGGTCCAAGTTGCTAAAACA_003,110
AGGTCCAAGTTGCTAAAACA_004,14
AGGTCCAAGTTGCTAAAACA_005,13
AGGTCCAAGTTGCTAAAACA_006,62
AGGTCCAAGTTGCTAAAACA_007,127
AGGTCCAAGTTGCTAAAACA_008,45
AGGTCCAAGTTGCTAAAACA_009,125
AGGTCCAAGTTGCTAAAACA_010,131
AGGTCCAAGTTGCTAAAACA_011,83
GTGGAAGTGAACGATCGTCA_001,121
GTGGAAGTGAACGATCGTCA_002,9
GTGGAAGTGAACGATCGTCA_003,94
GTGGAAGTGAACGATCGTCA_004,147
GTGGAAGTGAACGATCGTCA_005,39
GTGGAAGTGAACGATCGTCA_006,39
CCTTCCTGCCGACGTCGGGG_001,147
CCTTCCTGCCGACGTCGGGG_002,41
CCTTCCTGCCGACGTCGGGG_003,77
CCTTCCTGCCGACGTCGGGG_004,174
CCTTCCTGCCGACGTCGGGG_005,35
CCTTCCTGCCGACGTCGGGG_006,158
CCTTCCTGCCGACGTCGGGG_007,7
CCTTCCTGCCGACGTCGGGG_008,36
CCTTCCTGCCGACGTCGGGG_009,28
CCTTCCTGCCGACGTCGGGG_010,41
CCTTCCTGCCGACGTCGGGG_011,172
CCTTCCTGCCGACGTCGGGG_012,49
CCTTCCTGCCGACGTCGGGG_013,77
CCTTCCTGCCGACGTCGGGG_014,92
CCTTCCTGCCGACGTCGGGG_015,88
CCTTCCTGCCGACGTCGGGG_016,62
CCTTCCTGCCGACGTCGGGG_017,148
CCTTCCTGCCGACGTCGGGG_018,92
CCTTCCTGCCGACGTCGGGG_019,21
CCTTCCTGCCGACGTCGGGG_020,3
CCTTCCTGCCGACGTCGGGG_021,104
CCTTCCTGCCGACGTCGGGG_022,35
CCTTCCTGCCGACGTCGGGG_023,175
CCTTCCTGCCGACGTCGGGG_024,176
CCACTTCGACGGTCTTGCCG_001,146
CCACTTCGACGGTCTTGCCG_002,18
CCACTTCGACGGTCTTGCCG_003,83
CCACTTCGACGGTCTTGCCG_004,167
CCACTTCGACGGTCTTGCCG_005,127
CCACTTCGACGGTCTTGCCG_006,62
CCACTTCGACGGTCTTGCCG_007,20
CCACTTCGACGGTCTTGCCG_008,32
CCACTTCGACGGTCTTGCCG_009,160
CCACTTCGACGGTCTTGCCG_010,60
CCACTTCGACGGTCTTGCCG_011,181
GATGGGGAGCGACATAGGAG_001,126
GATGGGGAGCGACATAGGAG_002,36
GATGGGGAGCGACATAGGAG_003,0
GATGGGGAGCGACATAGGAG_004,6
GATGGGGAGCGACATAGGAG_005,60
GATGGGGAGCGACATAGGAG_006,166
GATGGGGAGCGACATAGGAG_007,137
GATGGGGAGCGACATAGGAG_008,68
GATGGGGAGCGACATAGGAG_009,103
GATGGGGAGCGACATAGGAG_010,131
GATGGGGAGCGACATAGGAG_011,181
GATGGGGAGCGACATAGGAG_012,186
GATGGGGAGCGACATAGGAG_013,170
GATGGGGAGCGACATAGGAG_014,143
AGAGGCGAACATCCGCCCCG_001,145
AGAGGCGAACATCCGCCCCG_002,116
AGAGGCGAACATCCGCCCCG_003,198
AGAGGCGAACATCCGCCCCG_004,48
AGAGGCGAACATCCGCCCCG_005,189
AGAGGCGAACATCCGCCCCG_006,16
AGAGGCGAACATCCGCCCCG_007,15
AGAGGCGAACATCCGCCCCG_008,45
AGAGGCGAACATCCGCCCCG_009,22
AGAGGCGAACATCCGCCCCG_010,69
AGAGGCGAACATCCGCCCCG_011,8
AGAGGCGAACATCCGCCCCG_012,181
AGAGGCGAACATCCGCCCCG_013,68
AGAGGCGAACATCCGCCCCG_014,65
AGAGGCGAACATCCGCCCCG_015,135
AGAGGCGAACATCCGCCCCG_016,198
AGAGGCGAACATCCGCCCCG_017,180
AGAGGCGAACATCCGCCCCG_018,1
AGAGGCGAACATCCGCCCCG_019,16
AGAGGCGAACATCCGCCCCG_020,63
AGAGGCGAACATCCGCCCCG_021,77
CCGACGGAATATCGAGCGAG_001,53
CCGACGGAATATCGAGCGAG_002,1
GTAAGGCCCAATCTAACCAA_001,19
GTAAGGCCCAATCTAACCAA_002,29
GTAAGGCCCAATCTAACCAA_003,14
GTAAGGCCCAATCTAACCAA_004,160
GTAAGGCCCAATCTAACCAA_005,133
GTAAGGCCCAATCTAACCAA_006,88
GAGTGGGCGATATGACACAA_001,190
GAGTGGGCGATATGACACAA_002,151
TTGCAGAATGGTCGATGTAG_001,96
TTGCAGAATGGTCGATGTAG_002,129
TTGCAGAATGGTCGATGTAG_003,52
TTGCAGAATGGTCGATGTAG_004,38
TTGCAGAATGGTCGATGTAG_005,181
TTGCAGAATGGTCGATGTAG_006,43
TTGCAGAATGGTCGATGTAG_007,117
TTGCAGAATGGTCGATGTAG_008,14
TTGCAGAATGGTCGATGTAG_009,89
TTGCAGAATGGTCGATGTAG_010,136
GCCGCTTACACGTGTCCGCA_001,87
CCACTCCATGATCAACCTGT_001,15
CCACTCCATGATCAACCTGT_002,123
CCACTCCATGATCAACCTGT_003,0
CCACTCCATGATCAACCTGT_004,15
CCACTCCATGATCAACCTGT_005,190
ATTTCGGCCTGAACTACCTA_001,38
ATTTCGGCCTGAACTACCTA_002,134
ATTTCGGCCTGAACTACCTA_003,59
ATTTCGGCCTGAACTACCTA_004,75
ATTTCGGCCTGAACTACCTA_005,48
ATTTCGGCCTGAACTACCTA_006,78
ATTTCGGCCTGAACTACCTA_007,1
ATTTCGGCCTGAACTACCTA_008,27
ATTTCGGCCTGAACTACCTA_009,126
ATTTCGGCCTGAACTACCTA_010,188
ATTTCGGCCTGAACTACCTA_011,135
ATTTCGGCCTGAACTACCTA_012,6
ATTTCGGCCTGAACTACCTA_013,61
ATTTCGGCCTGAACTACCTA_014,123
ATTTCGGCCTGAACTACCTA_015,110
TAGATTCAAGCACGGGCCAG_001,83
TAGATTCAAGCACGGGCCAG_002,147
TAGATTCAAGCACGGGCCAG_003,144
TAGATTCAAGCACGGGCCAG_004,129
TAGATTCAAGCACGGGCCAG_005,150
TAGATTCAAGCACGGGCCAG_006,13
TAGATTCAAGCACGGGCCAG_007,13
TAGATTCAAGCACGGGCCAG_008,144
TAGATTCAAGCACGGGCCAG_009,113
TAGATTCAAGCACGGGCCAG_010,135
TAGATTCAAGCACGGGCCAG_011,169
TAGATTCAAGCACGGGCCAG_012,2
TAGATTCAAGCACGGGCCAG_013,38
TAGATTCAAGCACGGGCCAG_014,47
TCGCCCTTACCACCATAGGA_001,130
TCGCCCTTACCACCATAGGA_002,149
TCGCCCTTACCACCATAGGA_003,29
TCGCCCTTACCACCATAGGA_004,174
ACTGAGCCCCGGCTACGCCA_001,97
ACTGAGCCCCGGCTACGCCA_002,108
ACTGAGCCCCGGCTACGCCA_003,160
ACTGAGCCCCGGCTACGCCA_004,84
ACTGAGCCCCGGCTACGCCA_005,160
ACTGAGCCCCGGCTACGCCA_006,84
ACTGAGCCCCGGCTACGCCA_007,12
ACTGAGCCCCGGCTACGCCA_008,70
ACTGAGCCCCGGCTACGCCA_009,185
ACTGAGCCCCGGCTACGCCA_010,1
ACTGAGCCCCGGCTACGCCA_011,169
ACTGAGCCCCGGCTACGCCA_012,85
ACTGAGCCCCGGCTACGCCA_013,121
ACTGAGCCCCGGCTACGCCA_014,3
ACTGAGCCCCGGCTACGCCA_015,137
ACTGAGCCCCGGCTACGCCA_016,157
ACTGAGCCCCGGCTACGCCA_017,14
ACTGAGCCCCGGCTACGCCA_018,9
ACTGAGCCCCGGCTACGCCA_019,177
ACTGAGCCCCGGCTACGCCA_020,81
ACTGAGCCCCGGCTACGCCA_021,108
ACTGAGCCCCGGCTACGCCA_022,78
CCTACTCGCTCCTAATGCAA_001,102
CCTACTCGCTCCTAATGCAA_002,184
CCTACTCGCTCCTAATGCAA_003,149
CCTACTCGCTCCTAATGCAA_004,158
CCTACTCGCTCCTAATGCAA_005,83
CCTACTCGCTCCTAATGCAA_006,12
CCTACTCGCTCCTAATGCAA_007,149
GGAGTCAGATCAAGTCCGCA_001,26
GGAGTCAGATCAAGTCCGCA_002,48
GGAGTCAGATCAAGTCCGCA_003,22
GGAGTCAGATCAAGTCCGCA_004,69
GGAGTCAGATCAAGTCCGCA_005,35
GGAGTCAGATCAAGTCCGCA_006,169
GGAGTCAGATCAAGTCCGCA_007,115
GGAGTCAGATCAAGTCCGCA_008,119
GGAGTCAGATCAAGTCCGCA_009,120
TGAAGCCGTTGCCTACGGAG_001,90
TGAAGCCGTTGCCTACGGAG_002,14
TGAAGCCGTTGCCTACGGAG_003,150
TGAAGCCGTTGCCTACGGAG_004,18
TGAAGCCGTTGCCTACGGAG_005,132
TGAAGCCGTTGCCTACGGAG_006,34
TGAAGCCGTTGCCTACGGAG_007,34
TGAAGCCGTTGCCTACGGAG_008,48
TGAAGCCGTTGCCTACGGAG_009,58
TGAAGCCGTTGCCTACGGAG_010,62
TGAAGCCGTTGCCTACGGAG_011,29
TGAAGCCGTTGCCTACGGAG_012,1
TGAAGCCGTTGCCTACGGAG_013,58
TGAAGCCGTTGCCTACGGAG_014,59
TGAAGCCGTTGCCTACGGAG_015,40
TGAAGCCGTTGCCTACGGAG_016,82
TGAAGCCGTTGCCTACGGAG_017,142
TGAAGCCGTTGCCTACGGAG_018,63
TGAAGCCGTTGCCTACGGAG_019,46
ACCTGGCAGCTAGTTGTCAG_001,181
ACCTGGCAGCTAGTTGTCAG_002,94
TTTCACATTATCTGTCTAGT_001,5
TTTCACATTATCTGTCTAGT_002,105
TTTCACATTATCTGTCTAGT_003,76
TTCTGAAGTGAAGCTGGGAT_001,116
TTCTGAAGTGAAGCTGGGAT_002,198
TTCTGAAGTGAAGCTGGGAT_003,106
GTTGATTGATGGCATCCGCG_001,186
GTTGATTGATGGCATCCGCG_002,62
GTTGATTGATGGCATCCGCG_003,111
GTTGATTGATGGCATCCGCG_004,13
GTTGATTGATGGCATCCGCG_005,29
GTTGATTGATGGCATCCGCG_006,139
GTTGATTGATGGCATCCGCG_007,78
GTTGATTGATGGCATCCGCG_008,166
GTTGATTGATGGCATCCGCG_009,57
GTTGATTGATGGCATCCGCG_010,53
GTTGATTGATGGCATCCGCG_011,139
GTTGATTGATGGCATCCGCG_012,70
GTTGATTGATGGCATCCGCG_013,191
GTTGATTGATGGCATCCGCG_014,47
GTTGATTGATGGCATCCGCG_015,160
GTTGATTGATGGCATCCGCG_016,88
GTTGATTGATGGCATCCGCG_017,19
GTTGATTGATGGCATCCGCG_018,49
GTTGATTGATGGCATCCGCG_019,70
GTTGATTGATGGCATCCGCG_020,27
GTTGATTGATGGCATCCGCG_021,10
GTTGATTGATGGCATCCGCG_022,19
GTTGATTGATGGCATCCGCG_023,184
GTTGATTGATGGCATCCGCG_024,20
GGAAAGGCTTCTCTTGACTG_001,197
GGAAAGGCTTCTCTTGACTG_002,195
GGAAAGGCTTCTCTTGACTG_003,127
GGAAAGGCTTCTCTTGACTG_004,101
GGAAAGGCTTCTCTTGACTG_005,138
GGAAAGGCTTCTCTTGACTG_006,26
GAGAAGGCGGGATGTAGCCG_001,88
GAGAAGGCGGGATGTAGCCG_002,188
GAGAAGGCGGGATGTAGCCG_003,185
GAGAAGGCGGGATGTAGCCG_004,129
GAGAAGGCGGGATGTAGCCG_005,18
GAGAAGGCGGGATGTAGCCG_006,141
GAGAAGGCGGGATGTAGCCG_007,17
GAGAAGGCGGGATGTAGCCG_008,16
GAGAAGGCGGGATGTAGCCG_009,141
GAGAAGGCGGGATGTAGCCG_010,80
GAGAAGGCGGGATGTAGCCG_011,20
GAGAAGGCGGGATGTAGCCG_012,50
GAGAAGGCGGGATGTAGCCG_013,91
GAGAAGGCGGGATGTAGCCG_014,10
GGAAGCCGAACCAGTTGTGT_001,45
GGAAGCCGAACCAGTTGTGT_002,113
GGAAGCCGAACCAGTTGTGT_003,12
GGAAGCCGAACCAGTTGTGT_004,149
GGAAGCCGAACCAGTTGTGT_005,151
GGAAGCCGAACCAGTTGTGT_006,52
GGAAGCCGAACCAGTTGTGT_007,92
GGAAGCCGAACCAGTTGTGT_008,95
CATAGCCACAGCCCAGTCTG_001,172
CATAGCCACAGCCCAGTCTG_002,32
CATAGCCACAGCCCAGTCTG_003,130
CATAGCCACAGCCCAGTCTG_004,130
CATAGCCACAGCCCAGTCTG_005,174
CATAGCCACAGCCCAGTCTG_006,109
CATAGCCACAGCCCAGTCTG_007,109
CATAGCCACAGCCCAGTCTG_008,126
CATAGCCACAGCCCAGTCTG_009,35
CATAGCCACAGCCCAGTCTG_010,137
CATAGCCACAGCCCAGTCTG_011,156
CATAGCCACAGCCCAGTCTG_012,9
AGAAAATCTGATGGACGCTG_001,138
AGAAAATCTGATGGACGCTG_002,58
AGAAAATCTGATGGACGCTG_003,88
AGAAAATCTGATGGACGCTG_004,40
AGGCGAGGAGGACGGCTTCG_001,88
AGGCGAGGAGGACGGCTTCG_002,42
AGGCGAGGAGGACGGCTTCG_003,43
AGGCGAGGAGGACGGCTTCG_004,63
AGGCGAGGAGGACGGCTTCG_005,77
AGGCGAGGAGGACGGCTTCG_006,192
AGGCGAGGAGGACGGCTTCG_007,32
AGGCGAGGAGGACGGCTTCG_008,161
AGGCGAGGAGGACGGCTTCG_009,78
AGGCGAGGAGGACGGCTTCG_010,89
AGGCGAGGAGGACGGCTTCG_011,108
AGGCGAGGAGGACGGCTTCG_012,153
AGGCGAGGAGGACGGCTTCG_013,162
AGGCGAGGAGGACGGCTTCG_014,83
AGGCGAGGAGGACGGCTTCG_015,6
AGGCGAGGAGGACGGCTTCG_016,116
AGGCGAGGAGGACGGCTTCG_017,85
AGGCGAGGAGGACGGCTTCG_018,105
AGGCGAGGAGGACGGCTTCG_019,121
AGGCGAGGAGGACGGCTTCG_020,63
AGGCGAGGAGGACGGCTTCG_021,152
AGGCGAGGAGGACGGCTTCG_022,162
AGGCGAGGAGGACGGCTTCG_023,197
AGGCGAGGAGGACGGCTTCG_024,77
AGGCGAGGAGGACGGCTTCG_025,139
AGGCGAGGAGGACGGCTTCG_026,116
GCGTTCCCCCACTGACGGGG_001,76
GCGTTCCCCCACTGACGGGG_002,65
GCGTTCCCCCACTGACGGGG_003,87
GCGTTCCCCCACTGACGGGG_004,130
GCGTTCCCCCACTGACGGGG_005,29
GCGTTCCCCCACTGACGGGG_006,188
GCGTTCCCCCACTGACGGGG_007,134
GCGTTCCCCCACTGACGGGG_008,149
GCGTTCCCCCACTGACGGGG_009,139
GCGTTCCCCCACTGACGGGG_010,31
GCGTTCCCCCACTGACGGGG_011,143
GCGTTCCCCCACTGACGGGG_012,28
GCGTTCCCCCACTGACGGGG_013,183
GCGTTCCCCCACTGACGGGG_014,33
GCGTTCCCCCACTGACGGGG_015,158
GCGTTCCCCCACTGACGGGG_016,129
GCGTTCCCCCACTGACGGGG_017,36
GCGTTCCCCCACTGACGGGG_018,18
GCGTTCCCCCACTGACGGGG_019,115
GCGTTCCCCCACTGACGGGG_020,162
GCGTTCCCCCACTGACGGGG_021,55
GCGTTCCCCCACTGACGGGG_022,50
GCGTTCCCCCACTGACGGGG_023,94
GCGTTCCCCCACTGACGGGG_024,25
GCGTTCCCCCACTGACGGGG_025,54
GCGTTCCCCCACTGACGGGG_026,127
GCGTTCCCCCACTGACGGGG_027,57
GCGTTCCCCCACTGACGGGG_028,98
GCGTTCCCCCACTGACGGGG_029,28
GCGTTCCCCCACTGACGGGG_030,8
GCGTTCCCCCACTGACGGGG_031,61
GCGTTCCCCCACTGACGGGG_032,145
GCGTTCCCCCACTGACGGGG_033,168
GCGTTCCCCCACTGACGGGG_034,147
GCGTTCCCCCACTGACGGGG_035,159
GCGTTCCCCCACTGACGGGG_036,181
GCGTTCCCCCACTGACGGGG_037,113
GCGTTCCCCCACTGACGGGG_038,58
GCGTTCCCCCACTGACGGGG_039,175
GCGTTCCCCCACTGACGGGG_040,19
GCGTTCCCCCACTGACGGGG_041,105
GCGTTCCCCCACTGACGGGG_042,106
GCGTTCCCCCACTGACGGGG_043,160
GCGTTCCCCCACTGACGGGG_044,162
GCGTTCCCCCACTGACGGGG_045,121
GCGTTCCCCCACTGACGGGG_046,109
GCGTTCCCCCACTGACGGGG_047,124
GCGTTCCCCCACTGACGGGG_048,93
GCGTTCCCCCACTGACGGGG_049,0
GCGTTCCCCCACTGACGGGG_050,56
GCGTTCCCCCACTGACGGGG_051,144
GCGTTCCCCCACTGACGGGG_052,61
GCGTTCCCCCACTGACGGGG_053,174
GCGTTCCCCCACTGACGGGG_054,98
GGTGACTCTGATGGCAAGCA_001,50
GGTGACTCTGATGGCAAGCA_002,24
TTCTGATTTCCAAGCCGAAA_001,138
TTCTGATTTCCAAGCCGAAA_002,112
TTCTGATTTCCAAGCCGAAA_003,177
CCAGCGGGTGAAGTACACCA_001,23
CCAGCGGGTGAAGTACACCA_002,152
CCAGCGGGTGAAGTACACCA_003,118
CCAGCGGGTGAAGTACACCA_004,188
CCAGCGGGTGAAGTACACCA_005,175
CCAGCGGGTGAAGTACACCA_006,108
CCAGCGGGTGAAGTACACCA_007,66
CCAGCGGGTGAAGTACACCA_008,91
CCAGCGGGTGAAGTACACCA_009,115
GTGGCGCCGCTGACAGCTCG_001,137
GTGGCGCCGCTGACAGCTCG_002,169
GTGGCGCCGCTGACAGCTCG_003,77
GTGGCGCCGCTGACAGCTCG_004,50
GTGGCGCCGCTGACAGCTCG_005,127
GTGGCGCCGCTGACAGCTCG_006,189
GTGGCGCCGCTGACAGCTCG_007,58
GTGGCGCCGCTGACAGCTCG_008,101
GTGGCGCCGCTGACAGCTCG_009,78
GTGGCGCCGCTGACAGCTCG_010,148
GTGGCGCCGCTGACAGCTCG_011,69
GTGGCGCCGCTGACAGCTCG_012,191
GTGGCGCCGCTGACAGCTCG_013,29
GTGGCGCCGCTGACAGCTCG_014,32
GTGGCGCCGCTGACAGCTCG_015,32
GTGGCGCCGCTGACAGCTCG_016,108
GTGGCGCCGCTGACAGCTCG_017,182
GTGGCGCCGCTGACAGCTCG_018,42
GTGGCGCCGCTGACAGCTCG_019,110
GTGGCGCCGCTGACAGCTCG_020,67
GTGGCGCCGCTGACAGCTCG_021,6
GTGGCGCCGCTGACAGCTCG_022,11
GTGGCGCCGCTGACAGCTCG_023,70
GTGGCGCCGCTGACAGCTCG_024,145
GTGGCGCCGCTGACAGCTCG_025,44
GTGGCGCCGCTGACAGCTCG_026,164
GTGGCGCCGCTGACAGCTCG_027,169
GTGGCGCCGCTGACAGCTCG_028,80
GTGGCGCCGCTGACAGCTCG_029,34
GTGGCGCCGCTGACAGCTCG_030,172
ATTTACTGGCACAAGCAACT_001,5
ATTTACTGGCACAAGCAACT_002,140
ATTTACTGGCACAAGCAACT_003,72
TTTGAGATTGTGTAACACTG_001,101
TTTGAGATTGTGTAACACTG_002,77
TTTGAGATTGTGTAACACTG_003,171
TTTGAGATTGTGTAACACTG_004,181
TTTGAGATTGTGTAACACTG_005,171
TTTGAGATTGTGTAACACTG_006,6
TTTGAGATTGTGTAACACTG_007,175
TTTGAGATTGTGTAACACTG_008,163
TTTGAGATTGTGTAACACTG_009,186
TTTGAGATTGTGTAACACTG_010,188
TTTGAGATTGTGTAACACTG_011,148
TTTGAGATTGTGTAACACTG_012,48
TTTGAGATTGTGTAACACTG_013,130
TTTGAGATTGTGTAACACTG_014,127
TTTGAGATTGTGTAACACTG_015,39
CAAAAAGAAAAACAGACAGG_001,105
CAAAAAGAAAAACAGACAGG_002,60
CAAAAAGAAAAACAGACAGG_003,98
CAAAAAGAAAAACAGACAGG_004,176
CAAAAAGAAAAACAGACAGG_005,68
TTGCCCAGAATGCACGCTAC_001,115
TTGCCCAGAATGCACGCTAC_002,145
TTGCCCAGAATGCACGCTAC_003,154
TTGCCCAGAATGCACGCTAC_004,197
TTGCCCAGAATGCACGCTAC_005,147
TTGCCCAGAATGCACGCTAC_006,50
TTGCCCAGAATGCACGCTAC_007,198
TTGCCCAGAATGCACGCTAC_008,115
TTGCCCAGAATGCACGCTAC_009,1
TTGCCCAGAATGCACGCTAC_010,9
TTGCCCAGAATGCACGCTAC_011,133
TTGCCCAGAATGCACGCTAC_012,166
TTGCCCAGAATGCACGCTAC_013,13
TTGCCCAGAATGCACGCTAC_014,124
TTGCCCAGAATGCACGCTAC_015,94
TTGCCCAGAATGCACGCTAC_016,174
TTGCCCAGAATGCACGCTAC_017,158
TTGCCCAGAATGCACGCTAC_018,17
TTGCCCAGAATGCACGCTAC_019,174
TTGCCCAGAATGCACGCTAC_020,43
TTGCCCAGAATGCACGCTAC_021,173
GACAGTCAGATCAAACGTCA_001,143
GACAGTCAGATCAAACGTCA_002,134
GACAGTCAGATCAAACGTCA_003,49
GACAGTCAGATCAAACGTCA_004,100
GACAGTCAGATCAAACGTCA_005,34
AGACCATTTGCAAACTATGA_001,26
AGACCATTTGCAAACTATGA_002,60
AGACCATTTGCAAACTATGA_003,165
AGACCATTTGCAAACTATGA_004,20
AGACCATTTGCAAACTATGA_005,37
AGACCATTTGCAAACTATGA_006,196
AGACCATTTGCAAACTATGA_007,185
AGACCATTTGCAAACTATGA_008,23
AGACCATTTGCAAACTATGA_009,88
AGACCATTTGCAAACTATGA_010,149
GCCCCCGGGTACCTTGTAGG_001,85
GCCCCCGGGTACCTTGTAGG_002,154
GCCCCCGGGTACCTTGTAGG_003,184
GCCCCCGGGTACCTTGTAGG_004,140
GCCCCCGGGTACCTTGTAGG_005,118
GCCCCCGGGTACCTTGTAGG_006,199
GCCCCCGGGTACCTTGTAGG_007,98
GCCCCCGGGTACCTTGTAGG_008,103
GCCCCCGGGTACCTTGTAGG_009,137
GCCCCCGGGTACCTTGTAGG_010,184
GCCCCCGGGTACCTTGTAGG_011,111
GCCCCCGGGTACCTTGTAGG_012,79
AGCATGTTGGTTACCCTAGG_001,152
AGCATGTTGGTTACCCTAGG_002,169
AGCATGTTGGTTACCCTAGG_003,68
AGCATGTTGGTTACCCTAGG_004,98
AGCATGTTGGTTACCCTAGG_005,1
AGCATGTTGGTTACCCTAGG_006,58
AGCATGTTGGTTACCCTAGG_007,127
AGCATGTTGGTTACCCTAGG_008,126
AGCATGTTGGTTACCCTAGG_009,184
AGCATGTTGGTTACCCTAGG_010,69
AGCATGTTGGTTACCCTAGG_011,149
AGCATGTTGGTTACCCTAGG_012,39
AGCATGTTGGTTACCCTAGG_013,90
GGAGAGGGATCTTGACCCGG_001,170
GGAGAGGGATCTTGACCCGG_002,103
GGAGAGGGATCTTGACCCGG_003,106
GGAGAGGGATCTTGACCCGG_004,170
GGAGAGGGATCTTGACCCGG_005,170
GGAGAGGGATCTTGACCCGG_006,41
GGAGAGGGATCTTGACCCGG_007,49
GGAGAGGGATCTTGACCCGG_008,195
GGAGAGGGATCTTGACCCGG_009,150
GGAGAGGGATCTTGACCCGG_010,101
GGAGAGGGATCTTGACCCGG_011,177
GGAGAGGGATCTTGACCCGG_012,30
GGAGAGGGATCTTGACCCGG_013,94
GGAGAGGGATCTTGACCCGG_014,33
GGAGAGGGATCTTGACCCGG_015,91
GGAGAGGGATCTTGACCCGG_016,184
TGACCGTGAGCACATCGTCG_001,63
TGACCGTGAGCACATCGTCG_002,102
TGACCGTGAGCACATCGTCG_003,67
TGACCGTGAGCACATCGTCG_004,116
TGACCGTGAGCACATCGTCG_005,27
TGACCGTGAGCACATCGTCG_006,106
TGACCGTGAGCACATCGTCG_007,105
TGACCGTGAGCACATCGTCG_008,36
TGACCGTGAGCACATCGTCG_009,77
TGACCGTGAGCACATCGTCG_010,78
GATCACACACAGCATAGTAG_001,176
GATCACACACAGCATAGTAG_002,54
GATCACACACAGCATAGTAG_003,147
GATCACACACAGCATAGTAG_004,73
GATCACACACAGCATAGTAG_005,83
GATCACACACAGCATAGTAG_006,118
TGAGTGCCCATTGCCTGACC_001,106
TGAGTGCCCATTGCCTGACC_002,115
TGAGTGCCCATTGCCTGACC_003,139
TGAGTGCCCATTGCCTGACC_004,139
TGAGTGCCCATTGCCTGACC_005,151
TGAGTGCCCATTGCCTGACC_006,162
TGAGTGCCCATTGCCTGACC_007,147
TGAGTGCCCATTGCCTGACC_008,12
TGAGTGCCCATTGCCTGACC_009,83
TGAGTGCCCATTGCCTGACC_010,70
TGAGTGCCCATTGCCTGACC_011,178
TGAGTGCCCATTGCCTGACC_012,172
TGAGTGCCCATTGCCTGACC_013,170
TGAGTGCCCATTGCCTGACC_014,39
TGAGTGCCCATTGCCTGACC_015,142
TGTGGTGGACAGTAATGACC_001,163
TGTGGTGGACAGTAATGACC_002,98
TGTGGTGGACAGTAATGACC_003,166
ACGTCAGGGATGTCCTCGAT_001,172
ACGTCAGGGATGTCCTCGAT_002,8
ACGTCAGGGATGTCCTCGAT_003,8
ACGTCAGGGATGTCCTCGAT_004,106
ACGTCAGGGATGTCCTCGAT_005,50
ACGTCAGGGATGTCCTCGAT_006,151
ACGTCAGGGATGTCCTCGAT_007,171
ACGTCAGGGATGTCCTCGAT_008,125
ACGTCAGGGATGTCCTCGAT_009,193
ACGTCAGGGATGTCCTCGAT_010,198
ACGTCAGGGATGTCCTCGAT_011,119
ACGTCAGGGATGTCCTCGAT_012,150
ACGTCAGGGATGTCCTCGAT_013,84
ACGTCAGGGATGTCCTCGAT_014,117
ACGTCAGGGATGTCCTCGAT_015,33
ACGTCAGGGATGTCCTCGAT_016,34
ACGTCAGGGATGTCCTCGAT_017,26
ACGTCAGGGATGTCCTCGAT_018,77
ACGTCAGGGATGTCCTCGAT_019,81
ATGCAGCTGGCAATCCGAGA_001,49
ATGCAGCTGGCAATCCGAGA_002,38
ATGCAGCTGGCAATCCGAGA_003,163
GTCTACAGTAACCAGTACCG_001,98
GTCTACAGTAACCAGTACCG_002,88
GTCTACAGTAACCAGTACCG_003,68
GTCTACAGTAACCAGTACCG_004,77
GTCTACAGTAACCAGTACCG_005,15
GTCTACAGTAACCAGTACCG_006,154
GTCTACAGTAACCAGTACCG_007,133
GTCTACAGTAACCAGTACCG_008,169
GTCTACAGTAACCAGTACCG_009,35
GTCTACAGTAACCAGTACCG_010,50
GTCTACAGTAACCAGTACCG_011,151
GTCTACAGTAACCAGTACCG_012,195
TCGCGTCGCCGATGGTGAGG_001,0
TCGCGTCGCCGATGGTGAGG_002,198
TCGCGTCGCCGATGGTGAGG_003,88
TCGCGTCGCCGATGGTGAGG_004,181
TCGCGTCGCCGATGGTGAGG_005,182
TCGCGTCGCCGATGGTGAGG_006,82
TCGCGTCGCCGATGGTGAGG_007,145
GATGAGATCCGAGCAACAGT_001,17
GATGAGATCCGAGCAACAGT_002,16
GATGAGATCCGAGCAACAGT_003,76
GATGAGATCCGAGCAACAGT_004,105
GATGAGATCCGAGCAACAGT_005,153
GATGAGATCCGAGCAACAGT_006,65
CATTGCTTTCTATTAATAGG_001,144
GCATCTCCATTAATCTAATG_001,17
GCATCTCCATTAATCTAATG_002,28
CCACATAAAAGACCCGCCCG_001,134
CCACATAAAAGACCCGCCCG_002,128
CCACATAAAAGACCCGCCCG_003,115
CCACATAAAAGACCCGCCCG_004,170
CCACATAAAAGACCCGCCCG_005,182
CCACATAAAAGACCCGCCCG_006,119
CCACATAAAAGACCCGCCCG_007,184
CCACATAAAAGACCCGCCCG_008,150
CCACATAAAAGACCCGCCCG_009,188
CCACATAAAAGACCCGCCCG_010,150
CCACATAAAAGACCCGCCCG_011,143
CCACATAAAAGACCCGCCCG_012,143
CCACATAAAAGACCCGCCCG_013,84
CCACATAAAAGACCCGCCCG_014,68
GGATCTGATAATGGCGAATG_001,125
ACTTGATCTACCGATCAACA_001,102
ACTTGATCTACCGATCAACA_002,180
ACTTGATCTACCGATCAACA_003,16
ACTTGATCTACCGATCAACA_004,137
ACTTGATCTACCGATCAACA_005,8
TGGCTTTGAGACTTGCTTGG_001,147
TGGCTTTGAGACTTGCTTGG_002,134
TGGCTTTGAGACTTGCTTGG_003,122
TGGCTTTGAGACTTGCTTGG_004,51
TGGCTTTGAGACTTGCTTGG_005,156
TGGCTTTGAGACTTGCTTGG_006,96
TGGCTTTGAGACTTGCTTGG_007,12
TGGCTTTGAGACTTGCTTGG_008,151
TGGCTTTGAGACTTGCTTGG_009,92
TGGCTTTGAGACTTGCTTGG_010,147
TGGCTTTGAGACTTGCTTGG_011,185
TGGCTTTGAGACTTGCTTGG_012,32
TGGCTTTGAGACTTGCTTGG_013,32
GGATTACAAGGGAGATGCCG_001,191
GGATTACAAGGGAGATGCCG_002,60
GGATTACAAGGGAGATGCCG_003,105
GGATTACAAGGGAGATGCCG_004,111
GGATTACAAGGGAGATGCCG_005,115
GGATTACAAGGGAGATGCCG_006,62
GGATTACAAGGGAGATGCCG_007,74
GGATTACAAGGGAGATGCCG_008,55
GGATTACAAGGGAGATGCCG_009,105
GGATTACAAGGGAGATGCCG_010,144
GGATTACAAGGGAGATGCCG_011,140
GGATTACAAGGGAGATGCCG_012,113
GATGTATAGGATTTGCAAGG_001,188
GATGTATAGGATTTGCAAGG_002,170
GATGTATAGGATTTGCAAGG_003,18
GATGTATAGGATTTGCAAGG_004,157
GATGTATAGGATTTGCAAGG_005,191
GATGTATAGGATTTGCAAGG_006,161
GATGTATAGGATTTGCAAGG_007,108
ATGGCAATGTGTCCTATGCT_001,94
ATGGCAATGTGTCCTATGCT_002,126
ATGGCAATGTGTCCTATGCT_003,134
ATGGCAATGTGTCCTATGCT_004,150
ATGGCAATGTGTCCTATGCT_005,112
ATGGCAATGTGTCCTATGCT_006,142
ATGGCAATGTGTCCTATGCT_007,67
ATGGCAATGTGTCCTATGCT_008,114
ATGGCAATGTGTCCTATGCT_009,3
ATGGCAATGTGTCCTATGCT_010,198
ATGGCAATGTGTCCTATGCT_011,48
ATGGCAATGTGTCCTATGCT_012,175
ATGGCAATGTGTCCTATGCT_013,10
ATGGCAATGTGTCCTATGCT_014,186
ACTGTGTGATTCCAAAAGAG_001,137
ACTGTGTGATTCCAAAAGAG_002,77
ACTGTGTGATTCCAAAAGAG_003,62
GTCAGCGTAGAGCAAGTCGG_001,98
GTCAGCGTAGAGCAAGTCGG_002,156
GTCAGCGTAGAGCAAGTCGG_003,156
GTCAGCGTAGAGCAAGTCGG_004,41
GTCAGCGTAGAGCAAGTCGG_005,146
GTCAGCGTAGAGCAAGTCGG_006,43
GTCAGCGTAGAGCAAGTCGG_007,170
GTCAGCGTAGAGCAAGTCGG_008,183
GTCAGCGTAGAGCAAGTCGG_009,190
GTCAGCGTAGAGCAAGTCGG_010,159
GTCAGCGTAGAGCAAGTCGG_011,137
GTCAGCGTAGAGCAAGTCGG_012,188
GTCAGCGTAGAGCAAGTCGG_013,118
GTCAGCGTAGAGCAAGTCGG_014,163
GTCAGCGTAGAGCAAGTCGG_015,173
CACATCCTCTCCAAAACCCG_001,53
CACATCCTCTCCAAAACCCG_002,68
TACAAGACAGCACTACACTG_001,140
TACAAGACAGCACTACACTG_002,157
TACAAGACAGCACTACACTG_003,50
TACAAGACAGCACTACACTG_004,152
TACAAGACAGCACTACACTG_005,58
TACAAGACAGCACTACACTG_006,147
CGAGGCCCTTGTCGTAGCTG_001,10
CGAGGCCCTTGTCGTAGCTG_002,48
CGAGGCCCTTGTCGTAGCTG_003,29
CGAGGCCCTTGTCGTAGCTG_004,29
CGAGGCCCTTGTCGTAGCTG_005,51
CGAGGCCCTTGTCGTAGCTG_006,78
CGAGGCCCTTGTCGTAGCTG_007,56
CGAGGCCCTTGTCGTAGCTG_008,197
CGAGGCCCTTGTCGTAGCTG_009,78
CGAGGCCCTTGTCGTAGCTG_010,184
CGAGGCCCTTGTCGTAGCTG_011,2
CGAGGCCCTTGTCGTAGCTG_012,133
CGAGGCCCTTGTCGTAGCTG_013,162
CGAGGCCCTTGTCGTAGCTG_014,103
CGAGGCCCTTGTCGTAGCTG_015,81
CGAGGCCCTTGTCGTAGCTG_016,35
CGAGGCCCTTGTCGTAGCTG_017,84
CGAGGCCCTTGTCGTAGCTG_018,97
CGAGGCCCTTGTCGTAGCTG_019,107
GTCCGGTAGTGCCCGAAATG_001,137
GTCCGGTAGTGCCCGAAATG_002,103
GTCCGGTAGTGCCCGAAATG_003,197
GTCCGGTAGTGCCCGAAATG_004,17
GTCCGGTAGTGCCCGAAATG_005,78
GTCCGGTAGTGCCCGAAATG_006,78
GTCCGGTAGTGCCCGAAATG_007,107
GTCCGGTAGTGCCCGAAATG_008,66
GTCCGGTAGTGCCCGAAATG_009,115
GTCCGGTAGTGCCCGAAATG_010,11
GTCCGGTAGTGCCCGAAATG_011,162
GTCCGGTAGTGCCCGAAATG_012,108
GTCCGGTAGTGCCCGAAATG_013,106
GTCCGGTAGTGCCCGAAATG_014,77
GTCCGGTAGTGCCCGAAATG_015,174
GTCCGGTAGTGCCCGAAATG_016,7
GTCCGGTAGTGCCCGAAATG_017,64
TTTGGATGTGATCAGTCTGA_001,46
TTTGGATGTGATCAGTCTGA_002,98
TTTGGATGTGATCAGTCTGA_003,101
TTTGGATGTGATCAGTCTGA_004,91
TTTGGATGTGATCAGTCTGA_005,42
TTTGGATGTGATCAGTCTGA_006,115
TTTGGATGTGATCAGTCTGA_007,16
TCTTCAGCCTGGCTAATCCG_001,39
TTCATCACAAACGCCGCCTG_001,168
TTCATCACAAACGCCGCCTG_002,65
TTCATCACAAACGCCGCCTG_003,66
TTCATCACAAACGCCGCCTG_004,116
TTCATCACAAACGCCGCCTG_005,169
TTCATCACAAACGCCGCCTG_006,78
TTCATCACAAACGCCGCCTG_007,65
TTCATCACAAACGCCGCCTG_008,2
TTCATCACAAACGCCGCCTG_009,78
CTTGTCTTGAGTAAGTGTTG_001,186
CTTGTCTTGAGTAAGTGTTG_002,33
CTTGTCTTGAGTAAGTGTTG_003,153
CTTGTCTTGAGTAAGTGTTG_004,12
CTTGTCTTGAGTAAGTGTTG_005,7
CTTGTCTTGAGTAAGTGTTG_006,107
CTTGTCTTGAGTAAGTGTTG_007,47
CTTGTCTTGAGTAAGTGTTG_008,184
CTTGTCTTGAGTAAGTGTTG_009,25
AAAAGCCAACACGCTGAAGT_001,114
AAAAGCCAACACGCTGAAGT_002,148
CATCAACCAAGTCACAATTG_001,169
CATCAACCAAGTCACAATTG_002,144
GCCGGGCGCACGGAACACGT_001,153
GCCGGGCGCACGGAACACGT_002,29
GCCGGGCGCACGGAACACGT_003,194
GCCGGGCGCACGGAACACGT_004,96
TCAGATCCATGGACATAACA_001,96
GATCAGCAGGACTAGAAAGA_001,147
GATCAGCAGGACTAGAAAGA_002,172
GATCAGCAGGACTAGAAAGA_003,134
GATCAGCAGGACTAGAAAGA_004,28
GATCAGCAGGACTAGAAAGA_005,112
GATCAGCAGGACTAGAAAGA_006,8
GATCAGCAGGACTAGAAAGA_007,4
GATCAGCAGGACTAGAAAGA_008,4
AATGCTCATGATACAAGAGT_001,144
AATGCTCATGATACAAGAGT_002,84
GAAGAAGGAATGATACCCAT_001,29
GAAGAAGGAATGATACCCAT_002,81
GAAGAAGGAATGATACCCAT_003,88
GAAGAAGGAATGATACCCAT_004,127
GAAGAAGGAATGATACCCAT_005,70
GAAGAAGGAATGATACCCAT_006,192
GAAGAAGGAATGATACCCAT_007,190
GAAGAAGGAATGATACCCAT_008,76
GAAGAAGGAATGATACCCAT_009,72
GAAGAAGGAATGATACCCAT_010,91
GAAGAAGGAATGATACCCAT_011,60
GCGTTGAAGTCAAAGCGGAA_001,188
GCGTTGAAGTCAAAGCGGAA_002,119
GCGTTGAAGTCAAAGCGGAA_003,29
GCGTTGAAGTCAAAGCGGAA_004,15
GCGTTGAAGTCAAAGCGGAA_005,76
GCGTTGAAGTCAAAGCGGAA_006,158
GCGTTGAAGTCAAAGCGGAA_007,150
GCGTTGAAGTCAAAGCGGAA_008,195
GCGTTGAAGTCAAAGCGGAA_009,162
GCGTTGAAGTCAAAGCGGAA_010,71
GCGTTGAAGTCAAAGCGGAA_011,82
GCGTTGAAGTCAAAGCGGAA_012,190
GCGTTGAAGTCAAAGCGGAA_013,160
GCGTTGAAGTCAAAGCGGAA_014,121
GCGTTGAAGTCAAAGCGGAA_015,81
GCGTTGAAGTCAAAGCGGAA_016,184
GCGTTGAAGTCAAAGCGGAA_017,197
GCGTTGAAGTCAAAGCGGAA_018,181
GCGTTGAAGTCAAAGCGGAA_019,162
GCGTTGAAGTCAAAGCGGAA_020,169
GCGTTGAAGTCAAAGCGGAA_021,36
GCGTTGAAGTCAAAGCGGAA_022,117
GCGTTGAAGTCAAAGCGGAA_023,81
GCGTTGAAGTCAAAGCGGAA_024,36
GCGTTGAAGTCAAAGCGGAA_025,0
GCGTTGAAGTCAAAGCGGAA_026,148
GCGTTGAAGTCAAAGCGGAA_027,111
GCGTTGAAGTCAAAGCGGAA_028,25
GCGTTGAAGTCAAAGCGGAA_029,41
GCGTTGAAGTCAAAGCGGAA_030,88
GCGTTGAAGTCAAAGCGGAA_031,89
GCGTTGAAGTCAAAGCGGAA_032,63
GCGTTGAAGTCAAAGCGGAA_033,88
GCGTTGAAGTCAAAGCGGAA_034,88
GCGTTGAAGTCAAAGCGGAA_035,162
GCCGCTGGAGGCCAATCCCG_001,172
GCCGCTGGAGGCCAATCCCG_002,60
GCCGCTGGAGGCCAATCCCG_003,114
GCCGCTGGAGGCCAATCCCG_004,174
GCCGCTGGAGGCCAATCCCG_005,169
GCCGCTGGAGGCCAATCCCG_006,60
GCCGCTGGAGGCCAATCCCG_007,183
GCCGCTGGAGGCCAATCCCG_008,48
GCCGCTGGAGGCCAATCCCG_009,75
GCCGCTGGAGGCCAATCCCG_010,102
GCCGCTGGAGGCCAATCCCG_011,150
GCCGCTGGAGGCCAATCCCG_012,197
GCCGCTGGAGGCCAATCCCG_013,60
GCCGCTGGAGGCCAATCCCG_014,78
GCCGCTGGAGGCCAATCCCG_015,10
GCCGCTGGAGGCCAATCCCG_016,60
GCCGCTGGAGGCCAATCCCG_017,137
GCCGCTGGAGGCCAATCCCG_018,28
GCCGCTGGAGGCCAATCCCG_019,146
GCCGCTGGAGGCCAATCCCG_020,199
GCCGCTGGAGGCCAATCCCG_021,9
GCCGCTGGAGGCCAATCCCG_022,118
GCCGCTGGAGGCCAATCCCG_023,173
GCCGCTGGAGGCCAATCCCG_024,131
GCCGCTGGAGGCCAATCCCG_025,57
GCCGCTGGAGGCCAATCCCG_026,129
GCCGCTGGAGGCCAATCCCG_027,29
GGGGGAAGATCTCCATCACT_001,28
GGGGGAAGATCTCCATCACT_002,98
GGGGGAAGATCTCCATCACT_003,88
GTAGGATTCCCATCAAACAG_001,113
GTAGGATTCCCATCAAACAG_002,129
GTTCAAGGAGGAGAAGCTTG_001,121
GTTCAAGGAGGAGAAGCTTG_002,122
GTTCAAGGAGGAGAAGCTTG_003,2
GTTCAAGGAGGAGAAGCTTG_004,60
GTTCAAGGAGGAGAAGCTTG_005,150
GTTCAAGGAGGAGAAGCTTG_006,77
GTTCAAGGAGGAGAAGCTTG_007,94
GTTCAAGGAGGAGAAGCTTG_008,168
GTTCAAGGAGGAGAAGCTTG_009,2
GTTCAAGGAGGAGAAGCTTG_010,171
GTTCAAGGAGGAGAAGCTTG_011,49
GTTCAAGGAGGAGAAGCTTG_012,141
GTTCAAGGAGGAGAAGCTTG_013,94
GTTCAAGGAGGAGAAGCTTG_014,62
GTTCAAGGAGGAGAAGCTTG_015,88
GTTCAAGGAGGAGAAGCTTG_016,0
GTTCAAGGAGGAGAAGCTTG_017,18
GTTCAAGGAGGAGAAGCTTG_018,81
GTTCAAGGAGGAGAAGCTTG_019,34
GTTTCTGTAAAAATCCACAA_001,39
GTTTCTGTAAAAATCCACAA_002,154
GTTTCTGTAAAAATCCACAA_003,156
GTTTCTGTAAAAATCCACAA_004,176
GTTTCTGTAAAAATCCACAA_005,107
GTTTCTGTAAAAATCCACAA_006,12
GTTTCTGTAAAAATCCACAA_007,47
GTTTCTGTAAAAATCCACAA_008,178
GTTTCTGTAAAAATCCACAA_009,144
TTCCAGCAAAAGGACCTATG_001,148
TTCCAGCAAAAGGACCTATG_002,115
TTCCAGCAAAAGGACCTATG_003,188
TTCCAGCAAAAGGACCTATG_004,141
TTCCAGCAAAAGGACCTATG_005,74
TTCCAGCAAAAGGACCTATG_006,142
TTCCAGCAAAAGGACCTATG_007,23
TTCCAGCAAAAGGACCTATG_008,147
TTCCAGCAAAAGGACCTATG_009,176
TTCCAGCAAAAGGACCTATG_010,176
TTCCAGCAAAAGGACCTATG_011,38
TTCCAGCAAAAGGACCTATG_012,98
TTCCAGCAAAAGGACCTATG_013,185
CTGCGACTCGAGATGCAGAT_001,105
CTGCGACTCGAGATGCAGAT_002,149
CTGCGACTCGAGATGCAGAT_003,0
CCTGGATGAGCTGCCCAGGG_001,16
CCTGGATGAGCTGCCCAGGG_002,93
CCTGGATGAGCTGCCCAGGG_003,185
CCTGGATGAGCTGCCCAGGG_004,65
CCTGGATGAGCTGCCCAGGG_005,185
CCTGGATGAGCTGCCCAGGG_006,168
CCTGGATGAGCTGCCCAGGG_007,188
CCCAAGGAAAGCTTTCCGTG_001,172
CCCAAGGAAAGCTTTCCGTG_002,69
CCCAAGGAAAGCTTTCCGTG_003,71
CCCAAGGAAAGCTTTCCGTG_004,1
CCCAAGGAAAGCTTTCCGTG_005,45
CCCAAGGAAAGCTTTCCGTG_006,163
GATGGGCCCCGCCTTGAACG_001,178
GATGGGCCCCGCCTTGAACG_002,91
GATGGGCCCCGCCTTGAACG_003,165
GATGGGCCCCGCCTTGAACG_004,38
GATGGGCCCCGCCTTGAACG_005,29
GATGGGCCCCGCCTTGAACG_006,178
GATGGGCCCCGCCTTGAACG_007,155
GATGGGCCCCGCCTTGAACG_008,57
GATGGGCCCCGCCTTGAACG_009,35
GATGGGCCCCGCCTTGAACG_010,117
GATGGGCCCCGCCTTGAACG_011,152
GATGGGCCCCGCCTTGAACG_012,91
GATGGGCCCCGCCTTGAACG_013,98
GATGGGCCCCGCCTTGAACG_014,91
GCCTAGAGCAGACTTCTGTG_001,141
GCCTAGAGCAGACTTCTGTG_002,178
GCCTAGAGCAGACTTCTGTG_003,123
CCATTGTTCAATATCGTCCG_001,62
CCATTGTTCAATATCGTCCG_002,132
CCATTGTTCAATATCGTCCG_003,83
CCATTGTTCAATATCGTCCG_004,113
CCATTGTTCAATATCGTCCG_005,153
CCATTGTTCAATATCGTCCG_006,82
CCATTGTTCAATATCGTCCG_007,148
CCATTGTTCAATATCGTCCG_008,57
CCATTGTTCAATATCGTCCG_009,44
CCATTGTTCAATATCGTCCG_010,137
CCAGGATGGTAAGGACACTG_001,77
CCAGGATGGTAAGGACACTG_002,5
CCAGGATGGTAAGGACACTG_003,77
CCAGGATGGTAAGGACACTG_004,1
CCAGGATGGTAAGGACACTG_005,171
CCAGGATGGTAAGGACACTG_006,53
CCAGGATGGTAAGGACACTG_007,62
CCAGGATGGTAAGGACACTG_008,16
CCAGGATGGTAAGGACACTG_009,103
CCAGGATGGTAAGGACACTG_010,181
CCAGGATGGTAAGGACACTG_011,194
CCAGGATGGTAAGGACACTG_012,172
CCAGGATGGTAAGGACACTG_013,61
CCAGGATGGTAAGGACACTG_014,114
CCAGGATGGTAAGGACACTG_015,152
CCAGGATGGTAAGGACACTG_016,37
CTTGAAATCCACTCCGATCG_001,3
GAATTCTCCGATGAAGACGG_001,112
GAATTCTCCGATGAAGACGG_002,94
GAATTCTCCGATGAAGACGG_003,9
GGGCACCACAAAGCCCACGG_001,124
GGGCACCACAAAGCCCACGG_002,166
GGGCACCACAAAGCCCACGG_003,134
GGGCACCACAAAGCCCACGG_004,148
GGGCACCACAAAGCCCACGG_005,148
GGGCACCACAAAGCCCACGG_006,88
GGGCACCACAAAGCCCACGG_007,134
GGGCACCACAAAGCCCACGG_008,152
GGGCACCACAAAGCCCACGG_009,166
GGGCACCACAAAGCCCACGG_010,108
GGGCACCACAAAGCCCACGG_011,145
GGGCACCACAAAGCCCACGG_012,114
GGGCACCACAAAGCCCACGG_013,55
GGGCACCACAAAGCCCACGG_014,94
GGGCACCACAAAGCCCACGG_015,110
GGGCACCACAAAGCCCACGG_016,171
GGGCACCACAAAGCCCACGG_017,194
GGGCACCACAAAGCCCACGG_018,147
GGGCACCACAAAGCCCACGG_019,17
AAAGACTTACTCCAATGAGG_001,53
AAAGACTTACTCCAATGAGG_002,61
AAAGACTTACTCCAATGAGG_003,188
AAAGACTTACTCCAATGAGG_004,76
GCCCGTGTAGTGTTCGATGT_001,63
GCCCGTGTAGTGTTCGATGT_002,58
TGAGGACGAAGTCAAAAAGT_001,6
TGAGGACGAAGTCAAAAAGT_002,134
TGAGGACGAAGTCAAAAAGT_003,94
TGAGGACGAAGTCAAAAAGT_004,63
TTTCCACACAGGGTGAGCCA_001,111
TTTCCACACAGGGTGAGCCA_002,41
TTTCCACACAGGGTGAGCCA_003,45
TTTCCACACAGGGTGAGCCA_004,106
TTTCCACACAGGGTGAGCCA_005,122
TTTCCACACAGGGTGAGCCA_006,41
TTTCCACACAGGGTGAGCCA_007,88
TTTCCACACAGGGTGAGCCA_008,103
TTTCCACACAGGGTGAGCCA_009,50
TTTCCACACAGGGTGAGCCA_010,170
TTTCCACACAGGGTGAGCCA_011,138
TTTCCACACAGGGTGAGCCA_012,34
TTTCCACACAGGGTGAGCCA_013,154
TTTCCACACAGGGTGAGCCA_014,72
TTTCCACACAGGGTGAGCCA_015,18
TTTCCACACAGGGTGAGCCA_016,52
TTTCCACACAGGGTGAGCCA_017,196
TTTCCACACAGGGTGAGCCA_018,77
CCTCACAAGGGAGTCAAGAG_001,104
CCTCACAAGGGAGTCAAGAG_002,56
CCTCACAAGGGAGTCAAGAG_003,128
CCTCACAAGGGAGTCAAGAG_004,17
CCTCACAAGGGAGTCAAGAG_005,101
CCTCACAAGGGAGTCAAGAG_006,31
CCTCACAAGGGAGTCAAGAG_007,40
CCTCACAAGGGAGTCAAGAG_008,170
CAGACTTTAAGAACACTCTG_001,65
CAGACTTTAAGAACACTCTG_002,174
CAGACTTTAAGAACACTCTG_003,23
CAGACTTTAAGAACACTCTG_004,78
GAGCGCTGATTCACATGAAA_001,28
GAGCGCTGATTCACATGAAA_002,58
GAGCGCTGATTCACATGAAA_003,122
GAGCGCTGATTCACATGAAA_004,98
GAGCGCTGATTCACATGAAA_005,106
GAGCGCTGATTCACATGAAA_006,143
GAGCGCTGATTCACATGAAA_007,15
GAGCGCTGATTCACATGAAA_008,134
GAGCGCTGATTCACATGAAA_009,149
GAGCGCTGATTCACATGAAA_010,30
GATTGGAAAAGGTCGCTATG_001,169
GATTGGAAAAGGTCGCTATG_002,11
GATTGGAAAAGGTCGCTATG_003,62
GATTGGAAAAGGTCGCTATG_004,85
GATTGGAAAAGGTCGCTATG_005,19
GATTGGAAAAGGTCGCTATG_006,24
GATTGGAAAAGGTCGCTATG_007,58
GATTGGAAAAGGTCGCTATG_008,108
GATTGGAAAAGGTCGCTATG_009,87
GATTGGAAAAGGTCGCTATG_010,15
GATTGGAAAAGGTCGCTATG_011,20
TGTGGGAAGACCTTTAGCTG_001,168
TGTGGGAAGACCTTTAGCTG_002,165
TGTGGGAAGACCTTTAGCTG_003,29
TGTGGGAAGACCTTTAGCTG_004,182
TGTGGGAAGACCTTTAGCTG_005,199
TGTGGGAAGACCTTTAGCTG_006,173
TGTGGGAAGACCTTTAGCTG_007,93
TGTGGGAAGACCTTTAGCTG_008,30
TGTGGGAAGACCTTTAGCTG_009,23
TGTGGGAAGACCTTTAGCTG_010,179
TGTGGGAAGACCTTTAGCTG_011,63
TGTGGGAAGACCTTTAGCTG_012,44
TGTGGGAAGACCTTTAGCTG_013,147
TGTGGGAAGACCTTTAGCTG_014,32
TGTGGGAAGACCTTTAGCTG_015,81
TGTGGGAAGACCTTTAGCTG_016,118
TGTGGGAAGACCTTTAGCTG_017,52
TGTGGGAAGACCTTTAGCTG_018,184
TGTGGGAAGACCTTTAGCTG_019,58
TGTGGGAAGACCTTTAGCTG_020,153
TGTGGGAAGACCTTTAGCTG_021,97
TGTGGGAAGACCTTTAGCTG_022,48
TGTGGGAAGACCTTTAGCTG_023,175
TGTGGGAAGACCTTTAGCTG_024,149
CCCAGGACCGATGGTAACTG_001,105
CCCAGGACCGATGGTAACTG_002,172
CCCAGGACCGATGGTAACTG_003,82
CCCAGGACCGATGGTAACTG_004,142
CCCAGGACCGATGGTAACTG_005,2
CCCAGGACCGATGGTAACTG_006,188
CCCAGGACCGATGGTAACTG_007,106
GAGTTACGTCTGCAACACGC_001,72
GAGTTACGTCTGCAACACGC_002,83
GAGTTACGTCTGCAACACGC_003,4
GAGTTACGTCTGCAACACGC_004,138
GAGTTACGTCTGCAACACGC_005,197
GAGTTACGTCTGCAACACGC_006,125
CGGCCTTCGCAGCATCAAAG_001,0
CGGCCTTCGCAGCATCAAAG_002,41
CGGCCTTCGCAGCATCAAAG_003,138
CGGCCTTCGCAGCATCAAAG_004,26
CGGCCTTCGCAGCATCAAAG_005,30
CGGCCTTCGCAGCATCAAAG_006,6
CGGCCTTCGCAGCATCAAAG_007,127
CGGCCTTCGCAGCATCAAAG_008,184
CGGCCTTCGCAGCATCAAAG_009,57
CGGCCTTCGCAGCATCAAAG_010,102
CGGCCTTCGCAGCATCAAAG_011,115
CGGCCTTCGCAGCATCAAAG_012,199
CGGCCTTCGCAGCATCAAAG_013,16
CGGCCTTCGCAGCATCAAAG_014,2
CGGCCTTCGCAGCATCAAAG_015,98
CGGCCTTCGCAGCATCAAAG_016,76
CGGCCTTCGCAGCATCAAAG_017,117
CCCCAGAGTCTAGCATCCGG_001,106
CCCCAGAGTCTAGCATCCGG_002,104
CCCCAGAGTCTAGCATCCGG_003,56
CCCCAGAGTCTAGCATCCGG_004,64
GTGTCCGTGAGGCTGACCCG_001,108
GTGTCCGTGAGGCTGACCCG_002,152
GTGTCCGTGAGGCTGACCCG_003,17
GTGTCCGTGAGGCTGACCCG_004,40
GTGTCCGTGAGGCTGACCCG_005,46
GTGTCCGTGAGGCTGACCCG_006,46
GTGTCCGTGAGGCTGACCCG_007,116
GTGTCCGTGAGGCTGACCCG_008,63
GTGTCCGTGAGGCTGACCCG_009,86
GTGTCCGTGAGGCTGACCCG_010,93
GTGTCCGTGAGGCTGACCCG_011,120
GTGTCCGTGAGGCTGACCCG_012,41
GTGTCCGTGAGGCTGACCCG_013,141
GTGTCCGTGAGGCTGACCCG_014,105
GTGTCCGTGAGGCTGACCCG_015,53
GTGTCCGTGAGGCTGACCCG_016,50
GTGTCCGTGAGGCTGACCCG_017,168
ACTCGAACTCTCCCTATGAG_001,75
GGTATAAATTCCGGACATGG_001,194
TACAAGACACAACCTCCTGA_001,113
TACAAGACACAACCTCCTGA_002,48
TACAAGACACAACCTCCTGA_003,8
TACAAGACACAACCTCCTGA_004,119
TACAAGACACAACCTCCTGA_005,174
TACAAGACACAACCTCCTGA_006,194
TACAAGACACAACCTCCTGA_007,43
TACAAGACACAACCTCCTGA_008,27
TACAAGACACAACCTCCTGA_009,56
TACAAGACACAACCTCCTGA_010,23
TCACCTCTAAAGCAGCTAGT_001,153
TCACCTCTAAAGCAGCTAGT_002,3
TCACCTCTAAAGCAGCTAGT_003,185
TCACCTCTAAAGCAGCTAGT_004,141
TCACCTCTAAAGCAGCTAGT_005,196
TCGGCTTTCCAGCTGTGCCG_001,162
TCGGCTTTCCAGCTGTGCCG_002,8
TCGGCTTTCCAGCTGTGCCG_003,53
TCGGCTTTCCAGCTGTGCCG_004,144
TCGGCTTTCCAGCTGTGCCG_005,137
TCGGCTTTCCAGCTGTGCCG_006,95
TCGGCTTTCCAGCTGTGCCG_007,129
TCGGCTTTCCAGCTGTGCCG_008,148
TCGGCTTTCCAGCTGTGCCG_009,158
TCGGCTTTCCAGCTGTGCCG_010,91
TCTGCTCAAAGGTTTCGCCC_001,121
TCTGCTCAAAGGTTTCGCCC_002,158
TCTGCTCAAAGGTTTCGCCC_003,34
TCTGCTCAAAGGTTTCGCCC_004,63
TCTGCTCAAAGGTTTCGCCC_005,96
GCATGAAATAATTAATTCTG_001,19
GCATGAAATAATTAATTCTG_002,94
TGTTACCTGTGACGACACTG_001,132
TGTTACCTGTGACGACACTG_002,107
TGTTACCTGTGACGACACTG_003,119
TGTTACCTGTGACGACACTG_004,89
TGTTACCTGTGACGACACTG_005,8
TGTTACCTGTGACGACACTG_006,115
TGTTACCTGTGACGACACTG_007,24
TGTTACCTGTGACGACACTG_008,146
CTAGAAATCTCAGTCAGCAG_001,134
CTAGAAATCTCAGTCAGCAG_002,54
CTAGAAATCTCAGTCAGCAG_003,41
CTAGAAATCTCAGTCAGCAG_004,181
CTAGAAATCTCAGTCAGCAG_005,168
CTAGAAATCTCAGTCAGCAG_006,77
AGGTTGACTACAGCATCGGG_001,17
AGGTTGACTACAGCATCGGG_002,106
AGGTTGACTACAGCATCGGG_003,142
AGGTTGACTACAGCATCGGG_004,83
AGGTTGACTACAGCATCGGG_005,146
AGGTTGACTACAGCATCGGG_006,127
AGGTTGACTACAGCATCGGG_007,4
AGGTTGACTACAGCATCGGG_008,160
AGGTTGACTACAGCATCGGG_009,161
AGGTTGACTACAGCATCGGG_010,185
AGGTTGACTACAGCATCGGG_011,158
AGGTTGACTACAGCATCGGG_012,15
AGGTTGACTACAGCATCGGG_013,115
AGGTTGACTACAGCATCGGG_014,174
AGGTTGACTACAGCATCGGG_015,140
AGGTTGACTACAGCATCGGG_016,191
AGGTTGACTACAGCATCGGG_017,50
AGGTTGACTACAGCATCGGG_018,103
TCTGAGAGCCCAAAGACTCC_001,82
TCTGAGAGCCCAAAGACTCC_002,108
TCTGAGAGCCCAAAGACTCC_003,21
TCTGAGAGCCCAAAGACTCC_004,127
TCTGAGAGCCCAAAGACTCC_005,144
GTAGGATCAGATAGCGCCCG_001,196
CAAGGCCAAGACCATGATCG_001,49
CAAGGCCAAGACCATGATCG_002,81
CAAGGCCAAGACCATGATCG_003,121
CAAGGCCAAGACCATGATCG_004,70
CAAGGCCAAGACCATGATCG_005,48
CAAGGCCAAGACCATGATCG_006,183
CAAGGCCAAGACCATGATCG_007,115
CAAGGCCAAGACCATGATCG_008,119
CAAGGCCAAGACCATGATCG_009,124
CAAGGCCAAGACCATGATCG_010,43
CAAGGCCAAGACCATGATCG_011,9
CAAGGCCAAGACCATGATCG_012,185
CAAGGCCAAGACCATGATCG_013,65
CAAGGCCAAGACCATGATCG_014,99
CAAGGCCAAGACCATGATCG_015,29
CAAGGCCAAGACCATGATCG_016,199
CAAGGCCAAGACCATGATCG_017,125
TCCGGCATCGAGATTAAGCT_001,49
TCCGGCATCGAGATTAAGCT_002,41
TCCGGCATCGAGATTAAGCT_003,181
TCCGGCATCGAGATTAAGCT_004,43
TCCGGCATCGAGATTAAGCT_005,139
TCCGGCATCGAGATTAAGCT_006,141
TCCGGCATCGAGATTAAGCT_007,65
TCCGGCATCGAGATTAAGCT_008,90
AGGCATCGTGGAGATACAAG_001,142
AGGCATCGTGGAGATACAAG_002,106
AGGCATCGTGGAGATACAAG_003,23
AGGCATCGTGGAGATACAAG_004,196
AGGCATCGTGGAGATACAAG_005,27
AGGCATCGTGGAGATACAAG_006,50
AGGCATCGTGGAGATACAAG_007,8
GCCAACTGTGAGTTTGTCAG_001,59
GCCAACTGTGAGTTTGTCAG_002,160
GCCAACTGTGAGTTTGTCAG_003,141
GCCAACTGTGAGTTTGTCAG_004,193
GCCAACTGTGAGTTTGTCAG_005,176
GCCAACTGTGAGTTTGTCAG_006,139
AAGATTCATGTGCCAACCAG_001,119
AAGATTCATGTGCCAACCAG_002,77
AAGATTCATGTGCCAACCAG_003,195
AAGATTCATGTGCCAACCAG_004,98
AAGATTCATGTGCCAACCAG_005,16
AAGATTCATGTGCCAACCAG_006,147
AAGATTCATGTGCCAACCAG_007,49
AAGATTCATGTGCCAACCAG_008,3
GTGGTGTATCTTAGGGAGAG_001,51
GTGGTGTATCTTAGGGAGAG_002,160
GTGGTGTATCTTAGGGAGAG_003,76
GTGGTGTATCTTAGGGAGAG_004,180
GTGGTGTATCTTAGGGAGAG_005,172
GTGGTGTATCTTAGGGAGAG_006,51
TTCTCATGGTATACTACACC_001,184
ACTCACAGCACGGCTCCGGG_001,140
ACTCACAGCACGGCTCCGGG_002,177
ACTCACAGCACGGCTCCGGG_003,52
ACTCACAGCACGGCTCCGGG_004,156
ACTCACAGCACGGCTCCGGG_005,162
ACTCACAGCACGGCTCCGGG_006,177
ACTCACAGCACGGCTCCGGG_007,14
ACTCACAGCACGGCTCCGGG_008,9
ACTCACAGCACGGCTCCGGG_009,184
ACTCACAGCACGGCTCCGGG_010,65
ACTCACAGCACGGCTCCGGG_011,21
ACTCACAGCACGGCTCCGGG_012,21
ACTCACAGCACGGCTCCGGG_013,98
CAACTGTAAGGCTCCATTTG_001,198
CAACTGTAAGGCTCCATTTG_002,121
CAACTGTAAGGCTCCATTTG_003,134
CAACTGTAAGGCTCCATTTG_004,104
CCCCCTGTACTCACACCAGT_001,112
CCCCCTGTACTCACACCAGT_002,190
CCCCCTGTACTCACACCAGT_003,50
CCCCCTGTACTCACACCAGT_004,77
CCCCCTGTACTCACACCAGT_005,174
CCCCCTGTACTCACACCAGT_006,57
GAAATAAAAACATCATTGCA_001,93
GAAATAAAAACATCATTGCA_002,115
GAAATAAAAACATCATTGCA_003,104
GAAATAAAAACATCATTGCA_004,113
GAAATAAAAACATCATTGCA_005,0
GTCATGGACTCGGTGCGCCG_001,107
GTCATGGACTCGGTGCGCCG_002,146
GTCATGGACTCGGTGCGCCG_003,147
GTCATGGACTCGGTGCGCCG_004,48
GTCATGGACTCGGTGCGCCG_005,115
GTCATGGACTCGGTGCGCCG_006,65
GTCATGGACTCGGTGCGCCG_007,136
GTCATGGACTCGGTGCGCCG_008,90
GTCATGGACTCGGTGCGCCG_009,117
GTCATGGACTCGGTGCGCCG_010,76
GTCATGGACTCGGTGCGCCG_011,177
GTCATGGACTCGGTGCGCCG_012,82
GTCATGGACTCGGTGCGCCG_013,1
GTCATGGACTCGGTGCGCCG_014,50
GTCATGGACTCGGTGCGCCG_015,198
GTCATGGACTCGGTGCGCCG_016,142
TCCGACACCCTCCAACATGG_001,154
TCCGACACCCTCCAACATGG_002,193
TCCGACACCCTCCAACATGG_003,116
TCCGACACCCTCCAACATGG_004,131
TCCGACACCCTCCAACATGG_005,129
TCCGACACCCTCCAACATGG_006,93
TCCGACACCCTCCAACATGG_007,83
TCCGACACCCTCCAACATGG_008,21
TCCGACACCCTCCAACATGG_009,146
TCCGACACCCTCCAACATGG_010,70
TCCGACACCCTCCAACATGG_011,158
TCCGACACCCTCCAACATGG_012,92
TCCGACACCCTCCAACATGG_013,38
TCCGACACCCTCCAACATGG_014,144
TCAAGATTACCCAGTCACCG_001,91
TCAAGATTACCCAGTCACCG_002,172
TCAAGATTACCCAGTCACCG_003,11
TCAAGATTACCCAGTCACCG_004,11
TCAAGATTACCCAGTCACCG_005,120
TCAAGATTACCCAGTCACCG_006,102
TCAAGATTACCCAGTCACCG_007,169
TCAAGATTACCCAGTCACCG_008,3
TCAAGATTACCCAGTCACCG_009,188
TCAAGATTACCCAGTCACCG_010,191
AATTCATGCAAGGACAGGGT_001,169
AATTCATGCAAGGACAGGGT_002,88
AAAGGATGGCCTGATTAACG_001,199
AAAGGATGGCCTGATTAACG_002,154
AAAGGATGGCCTGATTAACG_003,174
AAAGGATGGCCTGATTAACG_004,45
AAAGGATGGCCTGATTAACG_005,162
AAAGGATGGCCTGATTAACG_006,56
AAAGGATGGCCTGATTAACG_007,10
ACAAATTGAAGGGCTCATCG_001,20
ACAAATTGAAGGGCTCATCG_002,57
ACAAATTGAAGGGCTCATCG_003,177
ACAAATTGAAGGGCTCATCG_004,182
ACAAATTGAAGGGCTCATCG_005,23
ACAAATTGAAGGGCTCATCG_006,36
ACAAATTGAAGGGCTCATCG_007,178
CAAGTATGGCAACATGACAG_001,0
CAAGTATGGCAACATGACAG_002,20
CAAGTATGGCAACATGACAG_003,162
CAAGTATGGCAACATGACAG_004,127
CAAGTATGGCAACATGACAG_005,191
AGCCAGGGGCAAGTCCCGAT_001,97
AGCCAGGGGCAAGTCCCGAT_002,172
AGCCAGGGGCAAGTCCCGAT_003,44
AGCCAGGGGCAAGTCCCGAT_004,171
AGCCAGGGGCAAGTCCCGAT_005,92
AGCCAGGGGCAAGTCCCGAT_006,8
AGCCAGGGGCAAGTCCCGAT_007,54
AGCCAGGGGCAAGTCCCGAT_008,195
AGCCAGGGGCAAGTCCCGAT_009,79
AGCCAGGGGCAAGTCCCGAT_010,8
AGCCAGGGGCAAGTCCCGAT_011,175
AGCCAGGGGCAAGTCCCGAT_012,97
AGCCAGGGGCAAGTCCCGAT_013,29
AGCCAGGGGCAAGTCCCGAT_014,146
AGCCAGGGGCAAGTCCCGAT_015,48
AGCCAGGGGCAAGTCCCGAT_016,194
AGCCAGGGGCAAGTCCCGAT_017,197
AGCCAGGGGCAAGTCCCGAT_018,115
AGCCAGGGGCAAGTCCCGAT_019,46
AGCCAGGGGCAAGTCCCGAT_020,197
AGCCAGGGGCAAGTCCCGAT_021,172
AGCCAGGGGCAAGTCCCGAT_022,67
AGCCAGGGGCAAGTCCCGAT_023,17
AGCCAGGGGCAAGTCCCGAT_024,198
TCATCACCAAGTGCAATGGT_001,22
TCATCACCAAGTGCAATGGT_002,29
TCATCACCAAGTGCAATGGT_003,92
TCTGGATGGGATGCACCGTG_001,148
TCTGGATGGGATGCACCGTG_002,185
TCTGGATGGGATGCACCGTG_003,93
TCTGGATGGGATGCACCGTG_004,67
TCTGGATGGGATGCACCGTG_005,147
TCTGGATGGGATGCACCGTG_006,83
ACGGGGGTACCTCGAAGCCG_001,41
ACGGGGGTACCTCGAAGCCG_002,60
ACGGGGGTACCTCGAAGCCG_003,150
ACGGGGGTACCTCGAAGCCG_004,72
ACGGGGGTACCTCGAAGCCG_005,169
ACGGGGGTACCTCGAAGCCG_006,83
GGTCCCTACTCACACCATGC_001,117
GGTCCCTACTCACACCATGC_002,138
AGTAGGATAGGAGTTCCATG_001,105
AGTAGGATAGGAGTTCCATG_002,107
AGTAGGATAGGAGTTCCATG_003,9
AGTAGGATAGGAGTTCCATG_004,77
AGTAGGATAGGAGTTCCATG_005,151
AGTAGGATAGGAGTTCCATG_006,189
AGTAGGATAGGAGTTCCATG_007,107
AGTAGGATAGGAGTTCCATG_008,81
AGTAGGATAGGAGTTCCATG_009,73
AGTAGGATAGGAGTTCCATG_010,108
AGTAGGATAGGAGTTCCATG_011,2
AGTAGGATAGGAGTTCCATG_012,154
AGTAGGATAGGAGTTCCATG_013,181
AGTAGGATAGGAGTTCCATG_014,38
AGTAGGATAGGAGTTCCATG_015,174
ATGCTATTAATCAGCGAACA_001,6
ATGCTATTAATCAGCGAACA_002,80
TGACACTCACCAACACGCGT_001,19
TGACACTCACCAACACGCGT_002,157
TGACACTCACCAACACGCGT_003,63
TGACACTCACCAACACGCGT_004,35
TGACACTCACCAACACGCGT_005,159
TGACACTCACCAACACGCGT_006,81
TGACACTCACCAACACGCGT_007,188
TGACACTCACCAACACGCGT_008,188
TGACACTCACCAACACGCGT_009,160
TGACACTCACCAACACGCGT_010,61
TTCACCGACAGCCCAGACAA_001,83
TTCACCGACAGCCCAGACAA_002,146
TTCACCGACAGCCCAGACAA_003,166
TTCACCGACAGCCCAGACAA_004,141
TTCACCGACAGCCCAGACAA_005,169
TTCACCGACAGCCCAGACAA_006,146
TTCACCGACAGCCCAGACAA_007,84
TTCACCGACAGCCCAGACAA_008,195
TTCACCGACAGCCCAGACAA_009,54
TTCACCGACAGCCCAGACAA_010,176
TTCACCGACAGCCCAGACAA_011,54
TTCACCGACAGCCCAGACAA_012,41
TTCACCGACAGCCCAGACAA_013,176
TTCACCGACAGCCCAGACAA_014,102
TTCACCGACAGCCCAGACAA_015,15
TTCACCGACAGCCCAGACAA_016,7
TTCACCGACAGCCCAGACAA_017,7
TTCACCGACAGCCCAGACAA_018,49
TTCACCGACAGCCCAGACAA_019,102
TTCACCGACAGCCCAGACAA_020,169
TTCACCGACAGCCCAGACAA_021,48
TTCACCGACAGCCCAGACAA_022,12
TTCACCGACAGCCCAGACAA_023,84
TTCACCGACAGCCCAGACAA_024,147
TTCACCGACAGCCCAGACAA_025,58
TTCACCGACAGCCCAGACAA_026,167
TTCACCGACAGCCCAGACAA_027,68
TTCACCGACAGCCCAGACAA_028,194
TTCACCGACAGCCCAGACAA_029,61
TTCACCGACAGCCCAGACAA_030,88
TTCACCGACAGCCCAGACAA_031,81
TTCACCGACAGCCCAGACAA_032,23
TTCACCGACAGCCCAGACAA_033,1
TTCACCGACAGCCCAGACAA_034,77
TTCACCGACAGCCCAGACAA_035,163
GGAACCCCGAGCGCGTCGCG_001,49
GGAACCCCGAGCGCGTCGCG_002,34
GGAACCCCGAGCGCGTCGCG_003,166
GGAACCCCGAGCGCGTCGCG_004,99
GGAACCCCGAGCGCGTCGCG_005,17
GGAACCCCGAGCGCGTCGCG_006,148
GGAACCCCGAGCGCGTCGCG_007,144
GGAACCCCGAGCGCGTCGCG_008,168
GGAACCCCGAGCGCGTCGCG_009,62
CCGTAAGAATGGTCCAGCAG_001,109
CCGTAAGAATGGTCCAGCAG_002,105
CCGTAAGAATGGTCCAGCAG_003,63
CCGTAAGAATGGTCCAGCAG_004,177
CCGTAAGAATGGTCCAGCAG_005,105
CCGTAAGAATGGTCCAGCAG_006,73
GGGACACGCACAGAACCGAA_001,185
GGGACACGCACAGAACCGAA_002,98
GGGACACGCACAGAACCGAA_003,52
GGGACACGCACAGAACCGAA_004,105
GGGACACGCACAGAACCGAA_005,153
GGGACACGCACAGAACCGAA_006,40
GGGACACGCACAGAACCGAA_007,70
GGGACACGCACAGAACCGAA_008,8
GGGACACGCACAGAACCGAA_009,1
GGGACACGCACAGAACCGAA_010,85
GGGACACGCACAGAACCGAA_011,194
GGGACACGCACAGAACCGAA_012,125
GGGACACGCACAGAACCGAA_013,4
GGGACACGCACAGAACCGAA_014,4
GGGACACGCACAGAACCGAA_015,177
GGGACACGCACAGAACCGAA_016,30
GGGACACGCACAGAACCGAA_017,70
GGGACACGCACAGAACCGAA_018,122
GGGACACGCACAGAACCGAA_019,29
GGGACACGCACAGAACCGAA_020,43
GGGACACGCACAGAACCGAA_021,41
GGGACACGCACAGAACCGAA_022,66
GGGACACGCACAGAACCGAA_023,77
GGGACACGCACAGAACCGAA_024,40
GGGACACGCACAGAACCGAA_025,172
CAGTCGGTCCAGCCTCACTG_001,183
CAGTCGGTCCAGCCTCACTG_002,49
CAGTCGGTCCAGCCTCACTG_003,30
CAGTCGGTCCAGCCTCACTG_004,170
CAGTCGGTCCAGCCTCACTG_005,17
CAGTCGGTCCAGCCTCACTG_006,76
CAGTCGGTCCAGCCTCACTG_007,73
CAGTCGGTCCAGCCTCACTG_008,182
CAGTCGGTCCAGCCTCACTG_009,95
CAGTCGGTCCAGCCTCACTG_010,29
CAGTCGGTCCAGCCTCACTG_011,75
CAGTCGGTCCAGCCTCACTG_012,98
CAGTCGGTCCAGCCTCACTG_013,182
CAGTCGGTCCAGCCTCACTG_014,44
CAGTCGGTCCAGCCTCACTG_015,5
CAGTCGGTCCAGCCTCACTG_016,178
CAGTCGGTCCAGCCTCACTG_017,36
CAGTCGGTCCAGCCTCACTG_018,8
CAGTCGGTCCAGCCTCACTG_019,134
CAGTCGGTCCAGCCTCACTG_020,192
CAGTCGGTCCAGCCTCACTG_021,197
CAGTCGGTCCAGCCTCACTG_022,108
GCTTTGTTCACAGCCCATGG_001,17
GCTTTGTTCACAGCCCATGG_002,43
GCTTTGTTCACAGCCCATGG_003,102
GCTTTGTTCACAGCCCATGG_004,97
GCTTTGTTCACAGCCCATGG_005,171
TGTGGTGGAGCCCTACAACG_001,122
TGTGGTGGAGCCCTACAACG_002,17
TGTGGTGGAGCCCTACAACG_003,119
TGTGGTGGAGCCCTACAACG_004,15
TGTGGTGGAGCCCTACAACG_005,29
TGTGGTGGAGCCCTACAACG_006,144
TGTGGTGGAGCCCTACAACG_007,98
TGTGGTGGAGCCCTACAACG_008,16
TGTGGTGGAGCCCTACAACG_009,184
TGTGGTGGAGCCCTACAACG_010,8
TGTGGTGGAGCCCTACAACG_011,58
TGTGGTGGAGCCCTACAACG_012,29
TGTGGTGGAGCCCTACAACG_013,14
GGCTGTACGGAATCCAAGGT_001,183
GGCTGTACGGAATCCAAGGT_002,75
GGCTGTACGGAATCCAAGGT_003,87
GGCTGTACGGAATCCAAGGT_004,87
GGCTGTACGGAATCCAAGGT_005,81
GGCTGTACGGAATCCAAGGT_006,147
GGCTGTACGGAATCCAAGGT_007,171
GGCTGTACGGAATCCAAGGT_008,172
GGCTGTACGGAATCCAAGGT_009,68
GGCTGTACGGAATCCAAGGT_010,133
GGCTGTACGGAATCCAAGGT_011,35
GTCAAACAAGCTGCCCACAT_001,148
GTCAAACAAGCTGCCCACAT_002,137
GTCAAACAAGCTGCCCACAT_003,166
GTCAAACAAGCTGCCCACAT_004,115
GTCAAACAAGCTGCCCACAT_005,172
GTCAAACAAGCTGCCCACAT_006,42
GTCAAACAAGCTGCCCACAT_007,35
GTCAAACAAGCTGCCCACAT_008,13
GTCAAACAAGCTGCCCACAT_009,170
GTCAAACAAGCTGCCCACAT_010,106
GTTCCTACTGACAGACTACG_001,23
GTTCCTACTGACAGACTACG_002,184
GTTCCTACTGACAGACTACG_003,118
GTTCCTACTGACAGACTACG_004,162
GTTCCTACTGACAGACTACG_005,169
GTTCCTACTGACAGACTACG_006,166
GTTCCTACTGACAGACTACG_007,81
CAGGATCCAAGGCAAAACAT_001,162
CAGGATCCAAGGCAAAACAT_002,119
CAGGATCCAAGGCAAAACAT_003,114
CAGGATCCAAGGCAAAACAT_004,20
CAGGATCCAAGGCAAAACAT_005,199
CAGGATCCAAGGCAAAACAT_006,34
CAGGATCCAAGGCAAAACAT_007,59
CAGGATCCAAGGCAAAACAT_008,33
CAGGATCCAAGGCAAAACAT_009,170
CAGGATCCAAGGCAAAACAT_010,62
TGGACAGTGACCGTGCGCAG_001,80
TGGACAGTGACCGTGCGCAG_002,8
TGGACAGTGACCGTGCGCAG_003,158
TGGACAGTGACCGTGCGCAG_004,85
TGGACAGTGACCGTGCGCAG_005,199
TGGACAGTGACCGTGCGCAG_006,108
TGGACAGTGACCGTGCGCAG_007,47
TGGACAGTGACCGTGCGCAG_008,102
TGGACAGTGACCGTGCGCAG_009,138
TGGACAGTGACCGTGCGCAG_010,35
TGGACAGTGACCGTGCGCAG_011,51
TGGACAGTGACCGTGCGCAG_012,27
TGGCATGGTTGATTTGCATG_001,153
TGGCATGGTTGATTTGCATG_002,10
TGGCATGGTTGATTTGCATG_003,144
TGGCATGGTTGATTTGCATG_004,48
TGGCATGGTTGATTTGCATG_005,199
TGGCATGGTTGATTTGCATG_006,138
TGGCATGGTTGATTTGCATG_007,81
TGGCATGGTTGATTTGCATG_008,52
TGGCATGGTTGATTTGCATG_009,52
GGGGCGTTACGAAATCGCCG_001,153
GGGGCGTTACGAAATCGCCG_002,33
GAAAACCCAGGAAATTAGCA_001,56
GAAAACCCAGGAAATTAGCA_002,77
GAAAACCCAGGAAATTAGCA_003,163
GAAAACCCAGGAAATTAGCA_004,8
AGTAGGTCTGATGTTCGAAG_001,181
AGTAGGTCTGATGTTCGAAG_002,46
AGTAGGTCTGATGTTCGAAG_003,157
AGTAGGTCTGATGTTCGAAG_004,43
AGTAGGTCTGATGTTCGAAG_005,199
AGTAGGTCTGATGTTCGAAG_006,48
AGTAGGTCTGATGTTCGAAG_007,52
AGTAGGTCTGATGTTCGAAG_008,76
AGTAGGTCTGATGTTCGAAG_009,184
AGTAGGTCTGATGTTCGAAG_010,124
AGTAGGTCTGATGTTCGAAG_011,188
AGTAGGTCTGATGTTCGAAG_012,37
TCAGAACAACCGGATTCGAG_001,194
TCAGAACAACCGGATTCGAG_002,83
TCAGAACAACCGGATTCGAG_003,108
TCAGAACAACCGGATTCGAG_004,63
TCAGAACAACCGGATTCGAG_005,1
TCAGAACAACCGGATTCGAG_006,175
TCAGAACAACCGGATTCGAG_007,149
TCAGAACAACCGGATTCGAG_008,188
TCAGAACAACCGGATTCGAG_009,127
TCAGAACAACCGGATTCGAG_010,70
TCAGAACAACCGGATTCGAG_011,2
TCAGAACAACCGGATTCGAG_012,138
CAAATTTCATCACTCACCAG_001,177
CAAATTTCATCACTCACCAG_002,113
CAAATTTCATCACTCACCAG_003,32
CAAATTTCATCACTCACCAG_004,77
CAAATTTCATCACTCACCAG_005,66
CAAATTTCATCACTCACCAG_006,138
CAAATTTCATCACTCACCAG_007,70
AAAAAAGTTAAGTCCACCGG_001,40
AAAAAAGTTAAGTCCACCGG_002,147
AAAAAAGTTAAGTCCACCGG_003,38
AAAAAAGTTAAGTCCACCGG_004,145
CCACGTTCCGGATACGCACA_001,141
CCACGTTCCGGATACGCACA_002,120
CCACGTTCCGGATACGCACA_003,78
CCACGTTCCGGATACGCACA_004,29
CCACGTTCCGGATACGCACA_005,2
CCACGTTCCGGATACGCACA_006,149
CCACGTTCCGGATACGCACA_007,44
CCACGTTCCGGATACGCACA_008,101
CCACGTTCCGGATACGCACA_009,187
CCACGTTCCGGATACGCACA_010,53
CCACGTTCCGGATACGCACA_011,186
CCACGTTCCGGATACGCACA_012,39
CCACGTTCCGGATACGCACA_013,74
CCACGTTCCGGATACGCACA_014,19
ACAGCTCGGCCATCGACAAG_001,187
ACAGCTCGGCCATCGACAAG_002,58
ACAGCTCGGCCATCGACAAG_003,12
ACAGCTCGGCCATCGACAAG_004,127
ACAGCTCGGCCATCGACAAG_005,157
ACAGCTCGGCCATCGACAAG_006,45
GTGTGACGCGCTGAATCGCT_001,131
GTGTGACGCGCTGAATCGCT_002,98
TGGGCGACAACGGGCGCAAA_001,32
TGGGCGACAACGGGCGCAAA_002,197
TGGGCGACAACGGGCGCAAA_003,109
TGGGCGACAACGGGCGCAAA_004,77
TGGGCGACAACGGGCGCAAA_005,127
TGGGCGACAACGGGCGCAAA_006,70
TGGGCGACAACGGGCGCAAA_007,94
TGGGCGACAACGGGCGCAAA_008,197
TGGGCGACAACGGGCGCAAA_009,116
TGGGCGACAACGGGCGCAAA_010,64
TGGGCGACAACGGGCGCAAA_011,142
GTTAGAGAACTATGGAAACC_001,16
GTTAGAGAACTATGGAAACC_002,83
GTTAGAGAACTATGGAAACC_003,153
CCCGGAAAAGAAACCCACTC_001,170
CCCGGAAAAGAAACCCACTC_002,176
CCCGGAAAAGAAACCCACTC_003,62
CCCGGAAAAGAAACCCACTC_004,54
CCCGGAAAAGAAACCCACTC_005,29
CCCGGAAAAGAAACCCACTC_006,41
CCCGGAAAAGAAACCCACTC_007,51
CCCGGAAAAGAAACCCACTC_008,174
CCCGGAAAAGAAACCCACTC_009,76
CCCGGAAAAGAAACCCACTC_010,23
CCCGGAAAAGAAACCCACTC_011,27
CCCGGAAAAGAAACCCACTC_012,178
CCCGGAAAAGAAACCCACTC_013,47
TAACTGAGAGTTACTTATGG_001,134
TAACTGAGAGTTACTTATGG_002,181
TAACTGAGAGTTACTTATGG_003,22
TAACTGAGAGTTACTTATGG_004,93
TAACTGAGAGTTACTTATGG_005,155
TAACTGAGAGTTACTTATGG_006,187
TAACTGAGAGTTACTTATGG_007,155
TAACTGAGAGTTACTTATGG_008,67
TAACTGAGAGTTACTTATGG_009,76
TAACTGAGAGTTACTTATGG_010,0
TAACTGAGAGTTACTTATGG_011,160
TAACTGAGAGTTACTTATGG_012,10
ATCGTTTCCGCTTAACGGCG_001,130
ATCGTTTCCGCTTAACGGCG_002,92
ATCGTTTCCGCTTAACGGCG_003,9
ATCGTTTCCGCTTAACGGCG_004,172
ATCGTTTCCGCTTAACGGCG_005,191
ATCGTTTCCGCTTAACGGCG_006,47
ATCGTTTCCGCTTAACGGCG_007,153
ATCGTTTCCGCTTAACGGCG_008,53
ATCGTTTCCGCTTAACGGCG_009,128
ATCGTTTCCGCTTAACGGCG_010,99
ATCGTTTCCGCTTAACGGCG_011,133
ATCGTTTCCGCTTAACGGCG_012,104
ATCGTTTCCGCTTAACGGCG_013,155
ATCGTTTCCGCTTAACGGCG_014,136
ATCGTTTCCGCTTAACGGCG_015,12
ATCGTTTCCGCTTAACGGCG_016,41
ATCGTTTCCGCTTAACGGCG_017,192
ATCGTTTCCGCTTAACGGCG_018,58
ATCGTTTCCGCTTAACGGCG_019,140
ATCGTTTCCGCTTAACGGCG_020,161
ATCGTTTCCGCTTAACGGCG_021,141
ATCGTTTCCGCTTAACGGCG_022,191
ATCGTTTCCGCTTAACGGCG_023,63
ATCGTTTCCGCTTAACGGCG_024,190
ATCGTTTCCGCTTAACGGCG_025,160
ATCGTTTCCGCTTAACGGCG_026,174
ATCGTTTCCGCTTAACGGCG_027,79
ATCGTTTCCGCTTAACGGCG_028,144
ATCGTTTCCGCTTAACGGCG_029,126
ATCGTTTCCGCTTAACGGCG_030,43
ATCGTTTCCGCTTAACGGCG_031,94
ATCGTTTCCGCTTAACGGCG_032,178
TAAACTCATCCCCCTAGATG_001,104
CAAGAAGCCAGTGAAAAACC_001,101
CAAGAAGCCAGTGAAAAACC_002,127
CAAGAAGCCAGTGAAAAACC_003,112
CAAGAAGCCAGTGAAAAACC_004,194
AGGAAGTAAATGCTTCTGGT_001,107
AGGCTGGCGTTGTCACCGTG_001,138
AGGCTGGCGTTGTCACCGTG_002,41
AGGCTGGCGTTGTCACCGTG_003,15
AGGCTGGCGTTGTCACCGTG_004,182
AGGCTGGCGTTGTCACCGTG_005,6
AGGCTGGCGTTGTCACCGTG_006,29
AGGCTGGCGTTGTCACCGTG_007,146
AGGCTGGCGTTGTCACCGTG_008,193
AGGCTGGCGTTGTCACCGTG_009,26
AGGCTGGCGTTGTCACCGTG_010,0
AGGCTGGCGTTGTCACCGTG_011,160
AGGCTGGCGTTGTCACCGTG_012,197
AGGCTGGCGTTGTCACCGTG_013,126
AGGCTGGCGTTGTCACCGTG_014,188
AGGCTGGCGTTGTCACCGTG_015,17
AGGCTGGCGTTGTCACCGTG_016,163
AGGCTGGCGTTGTCACCGTG_017,23
AGGCTGGCGTTGTCACCGTG_018,71
AGGCTGGCGTTGTCACCGTG_019,172
AGGCTGGCGTTGTCACCGTG_020,175
AGGCTGGCGTTGTCACCGTG_021,13
AGGCTGGCGTTGTCACCGTG_022,34
AGGCTGGCGTTGTCACCGTG_023,162
AGGCTGGCGTTGTCACCGTG_024,113
AGGCTGGCGTTGTCACCGTG_025,47
AGGCTGGCGTTGTCACCGTG_026,160
AGGCTGGCGTTGTCACCGTG_027,199
AGGCTGGCGTTGTCACCGTG_028,7
AGGCTGGCGTTGTCACCGTG_029,82
AGGCTGGCGTTGTCACCGTG_030,69
AGGCTGGCGTTGTCACCGTG_031,11
AGGCTGGCGTTGTCACCGTG_032,116
AGGCTGGCGTTGTCACCGTG_033,141
AGGCTGGCGTTGTCACCGTG_034,155
AGGCTGGCGTTGTCACCGTG_035,66
AGGCTGGCGTTGTCACCGTG_036,81
AGGCTGGCGTTGTCACCGTG_037,23
AGGCTGGCGTTGTCACCGTG_038,28
AGGCTGGCGTTGTCACCGTG_039,48
AGGCTGGCGTTGTCACCGTG_040,65
AGGCTGGCGTTGTCACCGTG_041,9
AGGCTGGCGTTGTCACCGTG_042,10
AGGCTGGCGTTGTCACCGTG_043,49
AGGCTGGCGTTGTCACCGTG_044,40
AGGCTGGCGTTGTCACCGTG_045,20
AGGCTGGCGTTGTCACCGTG_046,198
AGGCTGGCGTTGTCACCGTG_047,106
AGGCTGGCGTTGTCACCGTG_048,158
AGGCTGGCGTTGTCACCGTG_049,115
AGGCTGGCGTTGTCACCGTG_050,48
AGGCTGGCGTTGTCACCGTG_051,104
GGTCTCTCCAAGCCTCCCCC_001,9
GGTCTCTCCAAGCCTCCCCC_002,39
TCTTGATCTGGCGCTCAGTG_001,41
TCTTGATCTGGCGCTCAGTG_002,31
TCTTGATCTGGCGCTCAGTG_003,7
TCTTGATCTGGCGCTCAGTG_004,112
TCTTGATCTGGCGCTCAGTG_005,62
TCTTGATCTGGCGCTCAGTG_006,147
GTTGCTTGTTGGATGAACCG_001,183
GTTGCTTGTTGGATGAACCG_002,58
GTTGCTTGTTGGATGAACCG_003,145
CATTCCTTAAGCACTAGTAG_001,102
CATTCCTTAAGCACTAGTAG_002,12
CATTCCTTAAGCACTAGTAG_003,5
CATTCCTTAAGCACTAGTAG_004,113
CATTCCTTAAGCACTAGTAG_005,52
CATTCCTTAAGCACTAGTAG_006,47
CATTCCTTAAGCACTAGTAG_007,188
CATTCCTTAAGCACTAGTAG_008,149
CATTCCTTAAGCACTAGTAG_009,165
GGAGTATGAGAGGAACATCG_001,95
GGAGTATGAGAGGAACATCG_002,48
GGAGTATGAGAGGAACATCG_003,162
GGAGTATGAGAGGAACATCG_004,75
GGAGTATGAGAGGAACATCG_005,141
GGAGTATGAGAGGAACATCG_006,113
GGAGTATGAGAGGAACATCG_007,6
AAGGACACGTGACACAGGTG_001,84
AAGGACACGTGACACAGGTG_002,187
TAGGAGTGATGTACTATGAT_001,50
TAGGAGTGATGTACTATGAT_002,162
TAGGAGTGATGTACTATGAT_003,113
TAGGAGTGATGTACTATGAT_004,183
TAGGAGTGATGTACTATGAT_005,76
TAGGAGTGATGTACTATGAT_006,96
TAGGAGTGATGTACTATGAT_007,122
TTGGTACGGGACTAAATGTG_001,88
TTGGTACGGGACTAAATGTG_002,107
TTGGTACGGGACTAAATGTG_003,172
TTGGTACGGGACTAAATGTG_004,104
TTGGTACGGGACTAAATGTG_005,154
TTGGTACGGGACTAAATGTG_006,4
TTGGTACGGGACTAAATGTG_007,146
TTGGTACGGGACTAAATGTG_008,160
TTGGTACGGGACTAAATGTG_009,19
TTGGTACGGGACTAAATGTG_010,17
GAGTAGACAGTCTTCCGCTG_001,70
GAGTAGACAGTCTTCCGCTG_002,186
GAGTAGACAGTCTTCCGCTG_003,80
GAGTAGACAGTCTTCCGCTG_004,150
GAGTAGACAGTCTTCCGCTG_005,168
CCAATTCCAGGCCCTGCGAA_001,107
CCAATTCCAGGCCCTGCGAA_002,195
CCAATTCCAGGCCCTGCGAA_003,6
AGGGTATCCAGGGTGAGTGA_001,70
AGGGTATCCAGGGTGAGTGA_002,197
AGGGTATCCAGGGTGAGTGA_003,88
AGGGTATCCAGGGTGAGTGA_004,52
AGGGTATCCAGGGTGAGTGA_005,38
AGGGTATCCAGGGTGAGTGA_006,155
AGGGTATCCAGGGTGAGTGA_007,188
AGGGTATCCAGGGTGAGTGA_008,1
AGGGTATCCAGGGTGAGTGA_009,69
AGGGTATCCAGGGTGAGTGA_010,149
CATATCCTTCCAATCTTGCA_001,62
CATATCCTTCCAATCTTGCA_002,5
CATATCCTTCCAATCTTGCA_003,26
CATATCCTTCCAATCTTGCA_004,68
CATATCCTTCCAATCTTGCA_005,113
CCACATTCGTGGCTGACTGG_001,38
CCACATTCGTGGCTGACTGG_002,127
CCACATTCGTGGCTGACTGG_003,149
CCACATTCGTGGCTGACTGG_004,80
GCAAGAGGAGAAATATCCTG_001,109
GCAAGAGGAGAAATATCCTG_002,109
GCAAGAGGAGAAATATCCTG_003,144
GCAAGAGGAGAAATATCCTG_004,41
GCAAGAGGAGAAATATCCTG_005,103
GCAAGAGGAGAAATATCCTG_006,6
GCAAGAGGAGAAATATCCTG_007,6
GCAAGAGGAGAAATATCCTG_008,174
GGAAAAGAGTCAGTACCGGC_001,169
GGAAAAGAGTCAGTACCGGC_002,113
GTGACTACTACGCCTGTGCA_001,84
GTGACTACTACGCCTGTGCA_002,54
GTGACTACTACGCCTGTGCA_003,193
GTGACTACTACGCCTGTGCA_004,6
GTGACTACTACGCCTGTGCA_005,105
GTGACTACTACGCCTGTGCA_006,197
GTGACTACTACGCCTGTGCA_007,53
GTGACTACTACGCCTGTGCA_008,113
GTGACTACTACGCCTGTGCA_009,194
GTGACTACTACGCCTGTGCA_010,130
GTGACTACTACGCCTGTGCA_011,147
GTGACTACTACGCCTGTGCA_012,117
CCCCTATTAGGAATAACATG_001,32
GTAAGGAGGCCATTATGCGG_001,156
GTAAGGAGGCCATTATGCGG_002,146
GTAAGGAGGCCATTATGCGG_003,82
GTAAGGAGGCCATTATGCGG_004,128
AGGTCGTACCACCTTCCATG_001,29
AGGTCGTACCACCTTCCATG_002,43
AGGTCGTACCACCTTCCATG_003,170
AGGTCGTACCACCTTCCATG_004,91
AGGTCGTACCACCTTCCATG_005,26
AGGTCGTACCACCTTCCATG_006,165
AGGTCGTACCACCTTCCATG_007,148
AGGTCGTACCACCTTCCATG_008,184
AGGTCGTACCACCTTCCATG_009,188
AGGTCGTACCACCTTCCATG_010,17
AGGTCGTACCACCTTCCATG_011,63
AGGTCGTACCACCTTCCATG_012,50
TCCTCCCTCAGGTATCACAT_001,35
TCCTCCCTCAGGTATCACAT_002,190
TCCTCCCTCAGGTATCACAT_003,120
TCCTCCCTCAGGTATCACAT_004,41
TCCTCCCTCAGGTATCACAT_005,60
TCCTCCCTCAGGTATCACAT_006,111
TCCTCCCTCAGGTATCACAT_007,75
TCCTCCCTCAGGTATCACAT_008,43
TCCTCCCTCAGGTATCACAT_009,15
TCCTCCCTCAGGTATCACAT_010,107
TCCTCCCTCAGGTATCACAT_011,112
TCCTCCCTCAGGTATCACAT_012,130
TCCTCCCTCAGGTATCACAT_013,152
TCCTCCCTCAGGTATCACAT_014,56
TCCTCCCTCAGGTATCACAT_015,177
TGACTAAGCAGATATGGGCG_001,172
TGACTAAGCAGATATGGGCG_002,37
TGACTAAGCAGATATGGGCG_003,25
TGACTAAGCAGATATGGGCG_004,168
TGACTAAGCAGATATGGGCG_005,149
TGACTAAGCAGATATGGGCG_006,2
TGACTAAGCAGATATGGGCG_007,48
GGAAAGAAATACAGTACCAG_001,161
GGAAAGAAATACAGTACCAG_002,178
GGAAAGAAATACAGTACCAG_003,29
AGGCTACTCACGAGACACAG_001,94
AGGCTACTCACGAGACACAG_002,115
AGGCTACTCACGAGACACAG_003,18
AGGCTACTCACGAGACACAG_004,170
AGGCTACTCACGAGACACAG_005,69
AGGCTACTCACGAGACACAG_006,114
AGGCTACTCACGAGACACAG_007,75
AGGCTACTCACGAGACACAG_008,174
AGGCTACTCACGAGACACAG_009,108
AGGCTACTCACGAGACACAG_010,83
AGGCTACTCACGAGACACAG_011,183
AGGCTACTCACGAGACACAG_012,141
AGGCTACTCACGAGACACAG_013,32
AGGCTACTCACGAGACACAG_014,58
AGGCTACTCACGAGACACAG_015,92
AGGCTACTCACGAGACACAG_016,145
AGGCTACTCACGAGACACAG_017,149
AGGCTACTCACGAGACACAG_018,38
AGGCTACTCACGAGACACAG_019,19
AGGCTACTCACGAGACACAG_020,172
AGGCTACTCACGAGACACAG_021,131
AGGCTACTCACGAGACACAG_022,60
CCTGGACGGAGTGTACGAGC_001,154
CCTGGACGGAGTGTACGAGC_002,151
CGAGCTACAAACTACAATGC_001,4
CGAGCTACAAACTACAATGC_002,184
CGAGCTACAAACTACAATGC_003,77
CGAGCTACAAACTACAATGC_004,102
CGAGCTACAAACTACAATGC_005,28
CTCAGAGCAGCTGTGCACGT_001,183
CTCAGAGCAGCTGTGCACGT_002,24
CTCAGAGCAGCTGTGCACGT_003,135
CTCAGAGCAGCTGTGCACGT_004,157
CTCAGAGCAGCTGTGCACGT_005,55
CTCAGAGCAGCTGTGCACGT_006,198
CTCAGAGCAGCTGTGCACGT_007,163
CTCAGAGCAGCTGTGCACGT_008,69
CTCAGAGCAGCTGTGCACGT_009,48
CTCAGAGCAGCTGTGCACGT_010,94
CTCAGAGCAGCTGTGCACGT_011,63
CTCAGAGCAGCTGTGCACGT_012,1
CTCAGAGCAGCTGTGCACGT_013,145
GCACAGACAACCCCAACACA_001,78
GCACAGACAACCCCAACACA_002,147
GCACAGACAACCCCAACACA_003,115
GCACAGACAACCCCAACACA_004,179
GCACAGACAACCCCAACACA_005,92
GCACAGACAACCCCAACACA_006,6
GCACAGACAACCCCAACACA_007,191
GCACAGACAACCCCAACACA_008,75
GCACAGACAACCCCAACACA_009,116
GCACAGACAACCCCAACACA_010,35
GCACAGACAACCCCAACACA_011,68
GCACAGACAACCCCAACACA_012,29
GCACAGACAACCCCAACACA_013,158
GCACAGACAACCCCAACACA_014,116
GCACAGACAACCCCAACACA_015,1
GCACAGACAACCCCAACACA_016,9
GCACAGACAACCCCAACACA_017,166
GCACAGACAACCCCAACACA_018,16
GCACAGACAACCCCAACACA_019,81
GCACTCACCCCGTGAAAACG_001,42
GCACTCACCCCGTGAAAACG_002,148
GCACTCACCCCGTGAAAACG_003,158
GCACTCACCCCGTGAAAACG_004,162
GCACTCACCCCGTGAAAACG_005,8
GCACTCACCCCGTGAAAACG_006,158
GCACTCACCCCGTGAAAACG_007,116
GCACTCACCCCGTGAAAACG_008,82
GCACTCACCCCGTGAAAACG_009,102
GCACTCACCCCGTGAAAACG_010,76
GCACTCACCCCGTGAAAACG_011,102
GCACTCACCCCGTGAAAACG_012,104
GCACTCACCCCGTGAAAACG_013,69
GCACTCACCCCGTGAAAACG_014,138
GCACTCACCCCGTGAAAACG_015,22
GCACTCACCCCGTGAAAACG_016,153
GCACTCACCCCGTGAAAACG_017,10
GCACTCACCCCGTGAAAACG_018,66
GCACTCACCCCGTGAAAACG_019,56
GCACTCACCCCGTGAAAACG_020,180
GCACTCACCCCGTGAAAACG_021,124
GCACTCACCCCGTGAAAACG_022,113
GCACTCACCCCGTGAAAACG_023,160
GCACTCACCCCGTGAAAACG_024,138
GCACTCACCCCGTGAAAACG_025,175
AACTCATTACTATTCTCTGA_001,48
AACTCATTACTATTCTCTGA_002,141
GCATAAGAAGACTCGCCGGG_001,96
GCATAAGAAGACTCGCCGGG_002,121
GCATAAGAAGACTCGCCGGG_003,121
GCATAAGAAGACTCGCCGGG_004,15
GCATAAGAAGACTCGCCGGG_005,115
GCATAAGAAGACTCGCCGGG_006,147
GCATAAGAAGACTCGCCGGG_007,144
ACGGCGACCCTCAAGCGCTG_001,36
ACGGCGACCCTCAAGCGCTG_002,76
ACGGCGACCCTCAAGCGCTG_003,43
ACGGCGACCCTCAAGCGCTG_004,16
ACGGCGACCCTCAAGCGCTG_005,172
ACGGCGACCCTCAAGCGCTG_006,160
ACGGCGACCCTCAAGCGCTG_007,79
ACGGCGACCCTCAAGCGCTG_008,146
ACGGCGACCCTCAAGCGCTG_009,60
ACGGCGACCCTCAAGCGCTG_010,176
ACGGCGACCCTCAAGCGCTG_011,53
ACGGCGACCCTCAAGCGCTG_012,187
ACGGCGACCCTCAAGCGCTG_013,2
ACGGCGACCCTCAAGCGCTG_014,175
ACGGCGACCCTCAAGCGCTG_015,188
ACGGCGACCCTCAAGCGCTG_016,26
ACGGCGACCCTCAAGCGCTG_017,144
ACGGCGACCCTCAAGCGCTG_018,43
ACGGCGACCCTCAAGCGCTG_019,76
ACGGCGACCCTCAAGCGCTG_020,106
ACGGCGACCCTCAAGCGCTG_021,166
ACGGCGACCCTCAAGCGCTG_022,138
ACGGCGACCCTCAAGCGCTG_023,138
ACGGCGACCCTCAAGCGCTG_024,180
ACGGCGACCCTCAAGCGCTG_025,57
AGAGGAAACTGTGACTATGC_001,23
AGAGGAAACTGTGACTATGC_002,40
AGAGGAAACTGTGACTATGC_003,190
AGAGGAAACTGTGACTATGC_004,177
CACAGGTACAACATACTCAG_001,0
CACAGGTACAACATACTCAG_002,116
CACAGGTACAACATACTCAG_003,121
CACAGGTACAACATACTCAG_004,176
CACAGGTACAACATACTCAG_005,153
GATTACCAGGCATTCATGAG_001,142
GATTACCAGGCATTCATGAG_002,142
GATTACCAGGCATTCATGAG_003,161
GATTACCAGGCATTCATGAG_004,80
GATTACCAGGCATTCATGAG_005,194
GATTACCAGGCATTCATGAG_006,171
GATTACCAGGCATTCATGAG_007,19
GATTACCAGGCATTCATGAG_008,41
GATTACCAGGCATTCATGAG_009,61
GATTACCAGGCATTCATGAG_010,130
GATTACCAGGCATTCATGAG_011,191
GATTACCAGGCATTCATGAG_012,189
GATTACCAGGCATTCATGAG_013,20
GATTACCAGGCATTCATGAG_014,116
GATTACCAGGCATTCATGAG_015,80
GATTACCAGGCATTCATGAG_016,60
GATTACCAGGCATTCATGAG_017,199
GATTACCAGGCATTCATGAG_018,165
GATTACCAGGCATTCATGAG_019,9
GATTACCAGGCATTCATGAG_020,52
GATTACCAGGCATTCATGAG_021,19
GCTAGTGGCACGGATCAACA_001,182
GCTAGTGGCACGGATCAACA_002,38
GCTAGTGGCACGGATCAACA_003,105
GCTAGTGGCACGGATCAACA_004,16
GCTAGTGGCACGGATCAACA_005,88
GCTAGTGGCACGGATCAACA_006,109
GCTAGTGGCACGGATCAACA_007,32
GCTAGTGGCACGGATCAACA_008,41
GCTAGTGGCACGGATCAACA_009,2
GCTAGTGGCACGGATCAACA_010,41
GCTAGTGGCACGGATCAACA_011,50
GCTAGTGGCACGGATCAACA_012,170
GCTAGTGGCACGGATCAACA_013,79
GCTAGTGGCACGGATCAACA_014,115
ACCCAGTCCAAGTTTGTCGG_001,177
ACCCAGTCCAAGTTTGTCGG_002,65
ACCCAGTCCAAGTTTGTCGG_003,184
ACCCAGTCCAAGTTTGTCGG_004,16
ACCCAGTCCAAGTTTGTCGG_005,158
ACCCAGTCCAAGTTTGTCGG_006,67
ACCCAGTCCAAGTTTGTCGG_007,80
ACCCAGTCCAAGTTTGTCGG_008,15
ACCCAGTCCAAGTTTGTCGG_009,77
ACCCAGTCCAAGTTTGTCGG_010,92
ACCCAGTCCAAGTTTGTCGG_011,176
ACCCAGTCCAAGTTTGTCGG_012,193
ACCCAGTCCAAGTTTGTCGG_013,194
GTCAATTGCCCATCAAACAA_001,72
GTCAATTGCCCATCAAACAA_002,33
GTCAATTGCCCATCAAACAA_003,16
GTCAATTGCCCATCAAACAA_004,62
GTCAATTGCCCATCAAACAA_005,157
TCAACACATCAAACAGACTG_001,37
TCAACACATCAAACAGACTG_002,22
TCAACACATCAAACAGACTG_003,147
TCAACACATCAAACAGACTG_004,88
TCAACACATCAAACAGACTG_005,24
TCAACACATCAAACAGACTG_006,156
TCAACACATCAAACAGACTG_007,124
TCAACACATCAAACAGACTG_008,65
TCAACACATCAAACAGACTG_009,198
CTGAATCAGAGGAATGCTCG_001,169
CTGAATCAGAGGAATGCTCG_002,6
CTGAATCAGAGGAATGCTCG_003,184
CTGAATCAGAGGAATGCTCG_004,61
CTGAATCAGAGGAATGCTCG_005,137
CTGAATCAGAGGAATGCTCG_006,149
CTGAATCAGAGGAATGCTCG_007,11
CTGAATCAGAGGAATGCTCG_008,86
CTGAATCAGAGGAATGCTCG_009,72
CTGAATCAGAGGAATGCTCG_010,197
CTGAATCAGAGGAATGCTCG_011,109
CTGAATCAGAGGAATGCTCG_012,109
CTGAATCAGAGGAATGCTCG_013,83
CTGAATCAGAGGAATGCTCG_014,63
CTGAATCAGAGGAATGCTCG_015,184
CTGAATCAGAGGAATGCTCG_016,188
CTGAATCAGAGGAATGCTCG_017,1
CTGAATCAGAGGAATGCTCG_018,166
CTGAATCAGAGGAATGCTCG_019,138
CTGAATCAGAGGAATGCTCG_020,175
ACCAATGTTCATATAAATGG_001,148
ACCAATGTTCATATAAATGG_002,48
ACCAATGTTCATATAAATGG_003,10
GAAGACGAAACTGGACGCCG_001,194
GAAGACGAAACTGGACGCCG_002,162
GAAGACGAAACTGGACGCCG_003,64
GAAGACGAAACTGGACGCCG_004,36
GAAGACGAAACTGGACGCCG_005,107
GAAGACGAAACTGGACGCCG_006,121
GAAGACGAAACTGGACGCCG_007,28
GAAGACGAAACTGGACGCCG_008,0
GAAGACGAAACTGGACGCCG_009,56
GAAGACGAAACTGGACGCCG_010,0
GAAGACGAAACTGGACGCCG_011,137
GAAGACGAAACTGGACGCCG_012,40
GAAGACGAAACTGGACGCCG_013,168
GAAGACGAAACTGGACGCCG_014,44
GAAGACGAAACTGGACGCCG_015,70
GAAGACGAAACTGGACGCCG_016,165
GAAGACGAAACTGGACGCCG_017,148
GAAGACGAAACTGGACGCCG_018,29
GAAGACGAAACTGGACGCCG_019,56
GAAGACGAAACTGGACGCCG_020,47
GAAGACGAAACTGGACGCCG_021,13
GAAGACGAAACTGGACGCCG_022,96
GAAGACGAAACTGGACGCCG_023,184
TCAAGAACCAACTGAACCAG_001,107
TCAAGAACCAACTGAACCAG_002,146
TCAAGAACCAACTGAACCAG_003,105
TCAAGAACCAACTGAACCAG_004,189
TCAAGAACCAACTGAACCAG_005,59
TCAAGAACCAACTGAACCAG_006,27
TCAAGAACCAACTGAACCAG_007,137
TCAAGAACCAACTGAACCAG_008,9
TCAAGAACCAACTGAACCAG_009,9
TCAAGAACCAACTGAACCAG_010,29
GTGAAGGGGGTAATGTGACG_001,9
GTGAAGGGGGTAATGTGACG_002,78
TCGAGCCAATATGAACACTG_001,12
TCGAGCCAATATGAACACTG_002,194
TCGAGCCAATATGAACACTG_003,185
TCGAGCCAATATGAACACTG_004,178
TCGAGCCAATATGAACACTG_005,144
TCGAGCCAATATGAACACTG_006,57
GAGGTAGATCTAGACTCACG_001,74
GAGGTAGATCTAGACTCACG_002,130
GAGGTAGATCTAGACTCACG_003,148
GAGGTAGATCTAGACTCACG_004,194
GAGGTAGATCTAGACTCACG_005,10
GAGGTAGATCTAGACTCACG_006,10
GAGGTAGATCTAGACTCACG_007,138
GAGGTAGATCTAGACTCACG_008,63
GAGGTAGATCTAGACTCACG_009,168
CCGCACCTGTGAAATCGTTG_001,47
CCGCACCTGTGAAATCGTTG_002,183
CCGCACCTGTGAAATCGTTG_003,88
CCGCACCTGTGAAATCGTTG_004,87
CCGCACCTGTGAAATCGTTG_005,78
CCGCACCTGTGAAATCGTTG_006,107
CCGCACCTGTGAAATCGTTG_007,22
CCGCACCTGTGAAATCGTTG_008,38
CCGCACCTGTGAAATCGTTG_009,88
CCGCACCTGTGAAATCGTTG_010,105
CCGCACCTGTGAAATCGTTG_011,193
CCGCACCTGTGAAATCGTTG_012,94
CCGCACCTGTGAAATCGTTG_013,178
CCGCACCTGTGAAATCGTTG_014,106
CCGCACCTGTGAAATCGTTG_015,147
CCGCACCTGTGAAATCGTTG_016,142
CCGCACCTGTGAAATCGTTG_017,42
CCGCACCTGTGAAATCGTTG_018,48
CCGCACCTGTGAAATCGTTG_019,53
CCGCACCTGTGAAATCGTTG_020,73
CCGCACCTGTGAAATCGTTG_021,194
TCGCAAATACCTGAAAGATT_001,162
TCGCAAATACCTGAAAGATT_002,116
TCGCAAATACCTGAAAGATT_003,94
TCGCAAATACCTGAAAGATT_004,178
TCGCAAATACCTGAAAGATT_005,13
TCGCAAATACCTGAAAGATT_006,121
TCGCAAATACCTGAAAGATT_007,198
TCGCAAATACCTGAAAGATT_008,65
TCGCAAATACCTGAAAGATT_009,41
TCGCAAATACCTGAAAGATT_010,30
TCTGTACCGGAGGTTCACTG_001,54
TCTGTACCGGAGGTTCACTG_002,48
TCTGTACCGGAGGTTCACTG_003,48
TCTGTACCGGAGGTTCACTG_004,48
TCTGTACCGGAGGTTCACTG_005,58
TCTGTACCGGAGGTTCACTG_006,24
TCTGTACCGGAGGTTCACTG_007,64
TCTGTACCGGAGGTTCACTG_008,19
TCTGTACCGGAGGTTCACTG_009,63
TCTGTACCGGAGGTTCACTG_010,13
CTGGAACACGGGCTGTACGC_001,83
CTGGAACACGGGCTGTACGC_002,28
CTGGAACACGGGCTGTACGC_003,107
CTTGCTAAGGCACTGACCCG_001,84
CTTGCTAAGGCACTGACCCG_002,11
CTTGCTAAGGCACTGACCCG_003,184
CTTGCTAAGGCACTGACCCG_004,181
CTTGCTAAGGCACTGACCCG_005,62
CTTGCTAAGGCACTGACCCG_006,44
CTTGCTAAGGCACTGACCCG_007,41
CTTGCTAAGGCACTGACCCG_008,94
CTTGCTAAGGCACTGACCCG_009,149
CTTGCTAAGGCACTGACCCG_010,110
CTTGCTAAGGCACTGACCCG_011,48
CTTGCTAAGGCACTGACCCG_012,50
CTTGCTAAGGCACTGACCCG_013,105
CTTGCTAAGGCACTGACCCG_014,115
CTTGCTAAGGCACTGACCCG_015,2
CTTGCTAAGGCACTGACCCG_016,92
CTTGCTAAGGCACTGACCCG_017,12
CTTGCTAAGGCACTGACCCG_018,20
CTTGCTAAGGCACTGACCCG_019,35
CTTGCTAAGGCACTGACCCG_020,51
CTTGCTAAGGCACTGACCCG_021,41
CTTGCTAAGGCACTGACCCG_022,27
CTTGCTAAGGCACTGACCCG_023,98
CTTGCTAAGGCACTGACCCG_024,163
GCGATGACACTATCAGAGAG_001,145
GCGATGACACTATCAGAGAG_002,127
GCGATGACACTATCAGAGAG_003,11
GGCTCATGAGGAACGTACCG_001,75
GGCTCATGAGGAACGTACCG_002,40
GGCTCATGAGGAACGTACCG_003,1
GGCTCATGAGGAACGTACCG_004,19
CAGAATGACTGCAAGACTAA_001,54
CAGAATGACTGCAAGACTAA_002,0
CAGAATGACTGCAAGACTAA_003,19
CAGAATGACTGCAAGACTAA_004,111
CAGAATGACTGCAAGACTAA_005,142
CCCAGCTCTGGGGGCTGCTG_001,78
CCCAGCTCTGGGGGCTGCTG_002,181
CCCAGCTCTGGGGGCTGCTG_003,78
CCCAGCTCTGGGGGCTGCTG_004,50
CCCAGCTCTGGGGGCTGCTG_005,120
CCCAGCTCTGGGGGCTGCTG_006,169
CCCAGCTCTGGGGGCTGCTG_007,197
CCCAGCTCTGGGGGCTGCTG_008,103
CCCAGCTCTGGGGGCTGCTG_009,60
CCCAGCTCTGGGGGCTGCTG_010,75
CCCAGCTCTGGGGGCTGCTG_011,173
CCCAGCTCTGGGGGCTGCTG_012,134
CCCAGCTCTGGGGGCTGCTG_013,91
TGGACAAGACTACCACTTTG_001,177
TGGACAAGACTACCACTTTG_002,11
TGGACAAGACTACCACTTTG_003,80
TGGACAAGACTACCACTTTG_004,41
TGGACAAGACTACCACTTTG_005,134
TGGACAAGACTACCACTTTG_006,50
TGGACAAGACTACCACTTTG_007,155
TGGACAAGACTACCACTTTG_008,28
TGGACAAGACTACCACTTTG_009,0
TGGACAAGACTACCACTTTG_010,142
TTAGCTTCCACCATAAGAAG_001,128
TTAGCTTCCACCATAAGAAG_002,12
TTAGCTTCCACCATAAGAAG_003,160
TTAGCTTCCACCATAAGAAG_004,22
TTAGCTTCCACCATAAGAAG_005,184
TTAGCTTCCACCATAAGAAG_006,36
TTAGCTTCCACCATAAGAAG_007,108
TTAGCTTCCACCATAAGAAG_008,36
TAAGATAGTTTCATTCATAT_001,8
TAAGATAGTTTCATTCATAT_002,124
GGCCGCCGTCAGGGCACCCG_001,94
GGCCGCCGTCAGGGCACCCG_002,59
GGCCGCCGTCAGGGCACCCG_003,191
GGCCGCCGTCAGGGCACCCG_004,50
GGCCGCCGTCAGGGCACCCG_005,96
TTGACGAAGAGCTCGATGAG_001,169
TTGACGAAGAGCTCGATGAG_002,94
TTGACGAAGAGCTCGATGAG_003,185
TTGACGAAGAGCTCGATGAG_004,160
TTGACGAAGAGCTCGATGAG_005,163
TTGACGAAGAGCTCGATGAG_006,156
TTGACGAAGAGCTCGATGAG_007,112
TTGACGAAGAGCTCGATGAG_008,8
TTGACGAAGAGCTCGATGAG_009,96
TTGACGAAGAGCTCGATGAG_010,20
TTGACGAAGAGCTCGATGAG_011,168
TTGACGAAGAGCTCGATGAG_012,116
TTGACGAAGAGCTCGATGAG_013,152
TTTGATTAGATTGGAAGCAG_001,49
TTTGATTAGATTGGAAGCAG_002,78
TTTGATTAGATTGGAAGCAG_003,118
TTTGATTAGATTGGAAGCAG_004,61
TTTGATTAGATTGGAAGCAG_005,48
TTTGATTAGATTGGAAGCAG_006,50
TTTGATTAGATTGGAAGCAG_007,39
TTTGATTAGATTGGAAGCAG_008,174
TTTGATTAGATTGGAAGCAG_009,30
TTTGATTAGATTGGAAGCAG_010,175
TTTGATTAGATTGGAAGCAG_011,37
TTTGATTAGATTGGAAGCAG_012,162
TTTGATTAGATTGGAAGCAG_013,27
TTTGATTAGATTGGAAGCAG_014,0
TTTGATTAGATTGGAAGCAG_015,26
CGCGTTCTATCACATTGTAG_001,56
CCAGTCTTCTAACTCAACTG_001,58
CCAGTCTTCTAACTCAACTG_002,185
CCAGTCTTCTAACTCAACTG_003,8
CCAGTCTTCTAACTCAACTG_004,51
CCAGTCTTCTAACTCAACTG_005,88
CCAGTCTTCTAACTCAACTG_006,6
GGTAGTGATACTGATCCTCG_001,191
GGTAGTGATACTGATCCTCG_002,22
AACAGCCCAGCGGCGCCAGT_001,94
AACAGCCCAGCGGCGCCAGT_002,27
AACAGCCCAGCGGCGCCAGT_003,33
AACAGCCCAGCGGCGCCAGT_004,30
AACAGCCCAGCGGCGCCAGT_005,138
AACAGCCCAGCGGCGCCAGT_006,42
AACAGCCCAGCGGCGCCAGT_007,41
AACAGCCCAGCGGCGCCAGT_008,146
AACAGCCCAGCGGCGCCAGT_009,126
AACAGCCCAGCGGCGCCAGT_010,162
AACAGCCCAGCGGCGCCAGT_011,48
AACAGCCCAGCGGCGCCAGT_012,164
AACAGCCCAGCGGCGCCAGT_013,136
AACAGCCCAGCGGCGCCAGT_014,78
GGATCCTGAACTCCTTAGCA_001,2
GGATCCTGAACTCCTTAGCA_002,141
GGATCCTGAACTCCTTAGCA_003,168
GTTGTCATAGTAGACAGCGA_001,111
GTTGTCATAGTAGACAGCGA_002,158
GTTGTCATAGTAGACAGCGA_003,8
GTTGTCATAGTAGACAGCGA_004,105
GTTGTCATAGTAGACAGCGA_005,127
GTTGTCATAGTAGACAGCGA_006,26
GTTGTCATAGTAGACAGCGA_007,77
GTTGTCATAGTAGACAGCGA_008,144
GTTGTCATAGTAGACAGCGA_009,145
GCACATTAGGTTGCAGTATG_001,138
GCACATTAGGTTGCAGTATG_002,138
GCACATTAGGTTGCAGTATG_003,163
GCACATTAGGTTGCAGTATG_004,95
GCACATTAGGTTGCAGTATG_005,53
GCACATTAGGTTGCAGTATG_006,118
GCACATTAGGTTGCAGTATG_007,45
GCACATTAGGTTGCAGTATG_008,172
GCACATTAGGTTGCAGTATG_009,78
GCACATTAGGTTGCAGTATG_010,15
GCACATTAGGTTGCAGTATG_011,127
GCACATTAGGTTGCAGTATG_012,8
GCACATTAGGTTGCAGTATG_013,144
GCACATTAGGTTGCAGTATG_014,194
GCACATTAGGTTGCAGTATG_015,54
GCACATTAGGTTGCAGTATG_016,165
TGAATAGGAATCCTCAGAGC_001,177
GCTGAAACAGAACCGCATGA_001,72
GCTGAAACAGAACCGCATGA_002,2
TGAAGGCAGCCTTCTCGACG_001,128
GATCCTGAGTGAACTAGAGG_001,148
GATCCTGAGTGAACTAGAGG_002,53
GATCCTGAGTGAACTAGAGG_003,177
GATCCTGAGTGAACTAGAGG_004,141
GATCCTGAGTGAACTAGAGG_005,162
GATCCTGAGTGAACTAGAGG_006,197
GATCCTGAGTGAACTAGAGG_007,197
GATCCTGAGTGAACTAGAGG_008,198
GATCCTGAGTGAACTAGAGG_009,138
GATCCTGAGTGAACTAGAGG_010,83
GATCCTGAGTGAACTAGAGG_011,129
GATCCTGAGTGAACTAGAGG_012,76
GATCCTGAGTGAACTAGAGG_013,88
GGGTACGCCGTATTCCAGGG_001,165
GGGTACGCCGTATTCCAGGG_002,10
GGGTACGCCGTATTCCAGGG_003,77
GGGTACGCCGTATTCCAGGG_004,118
GGGTACGCCGTATTCCAGGG_005,164
GCTGATAGGGAGTCGATCGG_001,1
GCTGATAGGGAGTCGATCGG_002,148
GCTGATAGGGAGTCGATCGG_003,192
GCTGATAGGGAGTCGATCGG_004,20
GCTGATAGGGAGTCGATCGG_005,88
GCTGATAGGGAGTCGATCGG_006,158
AAGTAAAATTTGCTCCCCTG_001,81
AAGTAAAATTTGCTCCCCTG_002,141
AAGTAAAATTTGCTCCCCTG_003,185
AAGTAAAATTTGCTCCCCTG_004,86
AAGTAAAATTTGCTCCCCTG_005,68
AAGTAAAATTTGCTCCCCTG_006,70
AAGTAAAATTTGCTCCCCTG_007,15
AAGTAAAATTTGCTCCCCTG_008,37
AAGTAAAATTTGCTCCCCTG_009,60
AAGTAAAATTTGCTCCCCTG_010,92
AAGTAAAATTTGCTCCCCTG_011,145
GCTGAGACCCGACATCACTG_001,96
GCTGAGACCCGACATCACTG_002,147
GCTGAGACCCGACATCACTG_003,137
GCTGAGACCCGACATCACTG_004,45
GCTGAGACCCGACATCACTG_005,150
GCTGAGACCCGACATCACTG_006,166
GCTGAGACCCGACATCACTG_007,48
GCTGAGACCCGACATCACTG_008,191
GCTGAGACCCGACATCACTG_009,76
GCTGAGACCCGACATCACTG_010,141
GCTGAGACCCGACATCACTG_011,50
GCTGAGACCCGACATCACTG_012,98
GCTGAGACCCGACATCACTG_013,96
GCTGAGACCCGACATCACTG_014,58
GCTGAGACCCGACATCACTG_015,60
GCTGAGACCCGACATCACTG_016,95
GCTGAGACCCGACATCACTG_017,48
GCTGAGACCCGACATCACTG_018,144
GCTGAGACCCGACATCACTG_019,162
GCTGAGACCCGACATCACTG_020,185
GCTGAGACCCGACATCACTG_021,60
GCTGAGACCCGACATCACTG_022,84
GCTGAGACCCGACATCACTG_023,81
GCTGAGACCCGACATCACTG_024,168
GCTGAGACCCGACATCACTG_025,160
GCTGAGACCCGACATCACTG_026,174
GCTGAGACCCGACATCACTG_027,181
GCTGAGACCCGACATCACTG_028,115
GCTGAGACCCGACATCACTG_029,8
GCTGAGACCCGACATCACTG_030,40
GCTGAGACCCGACATCACTG_031,89
GCTGAGACCCGACATCACTG_032,156
GCTGAGACCCGACATCACTG_033,189
GCTGAGACCCGACATCACTG_034,15
GCTGAGACCCGACATCACTG_035,27
GCTGAGACCCGACATCACTG_036,8
GCTGAGACCCGACATCACTG_037,161
GCTGAGACCCGACATCACTG_038,70
GCTGAGACCCGACATCACTG_039,98
GCTGAGACCCGACATCACTG_040,152
GCTGAGACCCGACATCACTG_041,142
GCTGAGACCCGACATCACTG_042,104
GCTGAGACCCGACATCACTG_043,168
GCTGAGACCCGACATCACTG_044,10
GCTGAGACCCGACATCACTG_045,152
TGAACATCAATGATGTACTA_001,48
GCTGGGCTCCAATTTCCTGT_001,107
GCTCCGCCACCCCTTAGGGG_001,50
GCTCCGCCACCCCTTAGGGG_002,63
GCTCCGCCACCCCTTAGGGG_003,2
GCTCCGCCACCCCTTAGGGG_004,147
GCTCCGCCACCCCTTAGGGG_005,190
GCTCCGCCACCCCTTAGGGG_006,6
GCTCCGCCACCCCTTAGGGG_007,16
GCTCCGCCACCCCTTAGGGG_008,81
GCTCCGCCACCCCTTAGGGG_009,134
GCTCCGCCACCCCTTAGGGG_010,96
GCTCCGCCACCCCTTAGGGG_011,19
CTACCGGACTACGAGTATCT_001,31
CTACCGGACTACGAGTATCT_002,95
CTACCGGACTACGAGTATCT_003,114
CTACCGGACTACGAGTATCT_004,178
CTACCGGACTACGAGTATCT_005,36
CTACCGGACTACGAGTATCT_006,126
CTACCGGACTACGAGTATCT_007,114
TACGTCGTAGTTACTACCAG_001,168
TACGTCGTAGTTACTACCAG_002,99
TACGTCGTAGTTACTACCAG_003,17
TACGTCGTAGTTACTACCAG_004,171
TACGTCGTAGTTACTACCAG_005,20
TACGTCGTAGTTACTACCAG_006,185
TACGTCGTAGTTACTACCAG_007,196
TACGTCGTAGTTACTACCAG_008,97
TACGTCGTAGTTACTACCAG_009,106
TACGTCGTAGTTACTACCAG_010,63
TACGTCGTAGTTACTACCAG_011,188
TACGTCGTAGTTACTACCAG_012,10
ATGGCTCTGTACAACCAGCA_001,135
ATGGCTCTGTACAACCAGCA_002,48
ATGGCTCTGTACAACCAGCA_003,175
ATGGCTCTGTACAACCAGCA_004,83
ATGGCTCTGTACAACCAGCA_005,186
ATGGCTCTGTACAACCAGCA_006,156
ATGGCTCTGTACAACCAGCA_007,144
ATGGCTCTGTACAACCAGCA_008,113
ATGGCTCTGTACAACCAGCA_009,101
ATGGCTCTGTACAACCAGCA_010,46
ATGGCTCTGTACAACCAGCA_011,52
ATGGCTCTGTACAACCAGCA_012,98
ATGGCTCTGTACAACCAGCA_013,135
ATGGCTCTGTACAACCAGCA_014,161
ATGGCTCTGTACAACCAGCA_015,29
ATGGCTCTGTACAACCAGCA_016,183
ATGGCTCTGTACAACCAGCA_017,170
ATGGCTCTGTACAACCAGCA_018,106
ATGGCTCTGTACAACCAGCA_019,98
ATGGCTCTGTACAACCAGCA_020,39
ATGGCTCTGTACAACCAGCA_021,66
ATGGCTCTGTACAACCAGCA_022,185
GGCATCGTGTACTACCACGG_001,114
GGCATCGTGTACTACCACGG_002,50
GGCATCGTGTACTACCACGG_003,32
GGCATCGTGTACTACCACGG_004,174
GGCATCGTGTACTACCACGG_005,133
GGCATCGTGTACTACCACGG_006,72
GGCATCGTGTACTACCACGG_007,35
GGCATCGTGTACTACCACGG_008,168
GGCATCGTGTACTACCACGG_009,49
GGCATCGTGTACTACCACGG_010,75
GGCATCGTGTACTACCACGG_011,147
GGCATCGTGTACTACCACGG_012,10
CCTCTCCACAGATCCACCGT_001,75
GCTTGTAAAGAGCTGCCAGG_001,169
GCTTGTAAAGAGCTGCCAGG_002,146
GCTTGTAAAGAGCTGCCAGG_003,29
GCTTGTAAAGAGCTGCCAGG_004,112
GCTTGTAAAGAGCTGCCAGG_005,49
GCTTGTAAAGAGCTGCCAGG_006,38
GCTTGTAAAGAGCTGCCAGG_007,181
TCCCCTACCTGATATGGCGG_001,191
TCCCCTACCTGATATGGCGG_002,54
TCCCCTACCTGATATGGCGG_003,48
TCCCCTACCTGATATGGCGG_004,103
TCCCCTACCTGATATGGCGG_005,147
TCCCCTACCTGATATGGCGG_006,72
TCCCCTACCTGATATGGCGG_007,25
TCCCCTACCTGATATGGCGG_008,30
TCCCCTACCTGATATGGCGG_009,122
TCCCCTACCTGATATGGCGG_010,48
TCCCCTACCTGATATGGCGG_011,147
TCCCCTACCTGATATGGCGG_012,158
TCCCCTACCTGATATGGCGG_013,124
TCCCCTACCTGATATGGCGG_014,98
ATACGCTAATGATTCAACCA_001,134
ATACGCTAATGATTCAACCA_002,191
ATACGCTAATGATTCAACCA_003,151
ATACGCTAATGATTCAACCA_004,45
ATACGCTAATGATTCAACCA_005,117
ATACGCTAATGATTCAACCA_006,59
ATACGCTAATGATTCAACCA_007,61
CATACTTCTCCAGCTCCGAG_001,8
CATACTTCTCCAGCTCCGAG_002,8
CATACTTCTCCAGCTCCGAG_003,85
CATACTTCTCCAGCTCCGAG_004,12
CATACTTCTCCAGCTCCGAG_005,174
CATACTTCTCCAGCTCCGAG_006,178
CATACTTCTCCAGCTCCGAG_007,2
CATACTTCTCCAGCTCCGAG_008,100
GAGCCACACACCATGGATGA_001,8
GAGCCACACACCATGGATGA_002,88
GAGCCACACACCATGGATGA_003,27
GAGCCACACACCATGGATGA_004,179
GAGCCACACACCATGGATGA_005,135
TAATGAGATGTGGCGATCAG_001,15
TAATGAGATGTGGCGATCAG_002,8
TAATGAGATGTGGCGATCAG_003,105
TAATGAGATGTGGCGATCAG_004,58
TAATGAGATGTGGCGATCAG_005,104
TAATGAGATGTGGCGATCAG_006,127
TAATGAGATGTGGCGATCAG_007,160
TAATGAGATGTGGCGATCAG_008,188
TAATGAGATGTGGCGATCAG_009,166
AGAGGGCTGGAATTACTGTG_001,188
AGAGGGCTGGAATTACTGTG_002,115
AGAGGGCTGGAATTACTGTG_003,50
AGAGGGCTGGAATTACTGTG_004,115
AGAGGGCTGGAATTACTGTG_005,104
AGAGGGCTGGAATTACTGTG_006,19
AGAGGGCTGGAATTACTGTG_007,120
AGAGGGCTGGAATTACTGTG_008,165
AGAGGGCTGGAATTACTGTG_009,113
AGAGGGCTGGAATTACTGTG_010,79
AGAGGGCTGGAATTACTGTG_011,136
AGAGGGCTGGAATTACTGTG_012,48
AGAGGGCTGGAATTACTGTG_013,70
AGAGGGCTGGAATTACTGTG_014,48
AGAGGGCTGGAATTACTGTG_015,134
AGAGGGCTGGAATTACTGTG_016,59
AGAGGGCTGGAATTACTGTG_017,140
AAGACCTGAACTATCCCCAG_001,78
AAGACCTGAACTATCCCCAG_002,58
AAGACCTGAACTATCCCCAG_003,76
AAGACCTGAACTATCCCCAG_004,5
AAGACCTGAACTATCCCCAG_005,136
AAGACCTGAACTATCCCCAG_006,78
CTGAACCACAGCGTGTATGT_001,35
CTGAACCACAGCGTGTATGT_002,48
CAGTCAGACCACATCCTACG_001,48
CAGTCAGACCACATCCTACG_002,82
CAGTCAGACCACATCCTACG_003,124
CAGTCAGACCACATCCTACG_004,63
CAGTCAGACCACATCCTACG_005,77
CAGTCAGACCACATCCTACG_006,103
GAATGCCATGAAAATGACAG_001,62
GAATGCCATGAAAATGACAG_002,111
GAATGCCATGAAAATGACAG_003,139
GAATGCCATGAAAATGACAG_004,75
GAATGCCATGAAAATGACAG_005,118
GGCCCCGAAATAGACATCAA_001,41
GGCCCCGAAATAGACATCAA_002,172
GGCCCCGAAATAGACATCAA_003,9
GGCCCCGAAATAGACATCAA_004,47
GGCCCCGAAATAGACATCAA_005,88
GGCCCCGAAATAGACATCAA_006,73
GGCCCCGAAATAGACATCAA_007,197
GGCCCCGAAATAGACATCAA_008,117
GGCCCCGAAATAGACATCAA_009,94
GGCCCCGAAATAGACATCAA_010,20
GGCCCCGAAATAGACATCAA_011,166
GGCCCCGAAATAGACATCAA_012,165
GGCCCCGAAATAGACATCAA_013,124
GACAGCATTACCGACAAGCA_001,175
GACAGCATTACCGACAAGCA_002,130
GACAGCATTACCGACAAGCA_003,65
GACAGCATTACCGACAAGCA_004,35
GACAGCATTACCGACAAGCA_005,99
GACAGCATTACCGACAAGCA_006,113
GTTCTGATGCAGCTTCCATG_001,150
GTTCTGATGCAGCTTCCATG_002,198
GTTCTGATGCAGCTTCCATG_003,157
GTTCTGATGCAGCTTCCATG_004,84
GTTCTGATGCAGCTTCCATG_005,152
GTTCTGATGCAGCTTCCATG_006,43
GTTCTGATGCAGCTTCCATG_007,52
GTTCTGATGCAGCTTCCATG_008,106
GTTCTGATGCAGCTTCCATG_009,57
GTTCTGATGCAGCTTCCATG_010,117
GTTCTGATGCAGCTTCCATG_011,108
GTTCTGATGCAGCTTCCATG_012,43
GTTCTGATGCAGCTTCCATG_013,78
GTTCTGATGCAGCTTCCATG_014,170
GTTCTGATGCAGCTTCCATG_015,60
CCTCAGGAGATACTTTAAGC_001,12
CCTCAGGAGATACTTTAAGC_002,74
GTTGAGCCCTACCGATACAG_001,193
GTTGAGCCCTACCGATACAG_002,72
GTTGAGCCCTACCGATACAG_003,69
GTTGAGCCCTACCGATACAG_004,133
GTTGAGCCCTACCGATACAG_005,172
GTTGAGCCCTACCGATACAG_006,28
GTTGAGCCCTACCGATACAG_007,148
GTTGAGCCCTACCGATACAG_008,169
GTTGAGCCCTACCGATACAG_009,154
GTTGAGCCCTACCGATACAG_010,117
GTTGAGCCCTACCGATACAG_011,192
GTTGAGCCCTACCGATACAG_012,101
GTTGAGCCCTACCGATACAG_013,65
GTTGAGCCCTACCGATACAG_014,82
GTTGAGCCCTACCGATACAG_015,9
GTTGAGCCCTACCGATACAG_016,150
GTTGAGCCCTACCGATACAG_017,40
GTTGAGCCCTACCGATACAG_018,62
CTTCATGGCCAACTTGTGAA_001,191
CTTCATGGCCAACTTGTGAA_002,3
TTCCAAATTGAGAAGGCACA_001,32
TTCCAAATTGAGAAGGCACA_002,194
TTCCAAATTGAGAAGGCACA_003,8
TTCCAAATTGAGAAGGCACA_004,75
TTCCAAATTGAGAAGGCACA_005,64
TTCTACAGCACAATGCAGAG_001,151
TTCTACAGCACAATGCAGAG_002,161
TTCTACAGCACAATGCAGAG_003,4
TTCTACAGCACAATGCAGAG_004,113
TTCTACAGCACAATGCAGAG_005,75
TTCTACAGCACAATGCAGAG_006,34
TTCTACAGCACAATGCAGAG_007,17
TTCTACAGCACAATGCAGAG_008,118
TTCTACAGCACAATGCAGAG_009,27
AGTTATGGATGTGCTAGAGA_001,18
AGTTATGGATGTGCTAGAGA_002,199
AGTTATGGATGTGCTAGAGA_003,121
AGTTATGGATGTGCTAGAGA_004,98
AGTTATGGATGTGCTAGAGA_005,88
AGTTATGGATGTGCTAGAGA_006,158
AGTTATGGATGTGCTAGAGA_007,61
AGTTATGGATGTGCTAGAGA_008,72
AGTTATGGATGTGCTAGAGA_009,150
AGTTATGGATGTGCTAGAGA_010,107
GCTTGGAGATGGCTATATAG_001,199
GCTTGGAGATGGCTATATAG_002,41
GCTTGGAGATGGCTATATAG_003,2
ACTTAGGGGGACACTTTGGA_001,195
ACTTAGGGGGACACTTTGGA_002,139
ACTTAGGGGGACACTTTGGA_003,185
ACTTAGGGGGACACTTTGGA_004,182
ACTTAGGGGGACACTTTGGA_005,191
ACTTAGGGGGACACTTTGGA_006,150
ACTTAGGGGGACACTTTGGA_007,49
ACTTAGGGGGACACTTTGGA_008,94
ACTTAGGGGGACACTTTGGA_009,38
ACTTAGGGGGACACTTTGGA_010,64
ACTTAGGGGGACACTTTGGA_011,47
ACTTAGGGGGACACTTTGGA_012,176
ACTTAGGGGGACACTTTGGA_013,7
ACTTAGGGGGACACTTTGGA_014,107
ACTTAGGGGGACACTTTGGA_015,37
ACTTAGGGGGACACTTTGGA_016,113
ACTTAGGGGGACACTTTGGA_017,94
ACTTAGGGGGACACTTTGGA_018,153
ACTTAGGGGGACACTTTGGA_019,48
ACTTAGGGGGACACTTTGGA_020,5
ACTTAGGGGGACACTTTGGA_021,42
ACTTAGGGGGACACTTTGGA_022,25
ACTTAGGGGGACACTTTGGA_023,174
ACTTAGGGGGACACTTTGGA_024,27
ACTTAGGGGGACACTTTGGA_025,195
ACTTAGGGGGACACTTTGGA_026,147
ACTTAGGGGGACACTTTGGA_027,144
ACTTAGGGGGACACTTTGGA_028,127
ACTTAGGGGGACACTTTGGA_029,60
ACTTAGGGGGACACTTTGGA_030,14
ACTTAGGGGGACACTTTGGA_031,83
ACTTAGGGGGACACTTTGGA_032,50
ACTTAGGGGGACACTTTGGA_033,8
ACTTAGGGGGACACTTTGGA_034,76
ACTTAGGGGGACACTTTGGA_035,36
ACTTAGGGGGACACTTTGGA_036,6
ACTTAGGGGGACACTTTGGA_037,34
ACTTAGGGGGACACTTTGGA_038,152
CACCCCACCACCAGTCACAT_001,81
CACCCCACCACCAGTCACAT_002,187
CACCCCACCACCAGTCACAT_003,190
CACCCCACCACCAGTCACAT_004,17
CACCCCACCACCAGTCACAT_005,12
CACCCCACCACCAGTCACAT_006,101
CACCCCACCACCAGTCACAT_007,52
CACCCCACCACCAGTCACAT_008,32
CACCCCACCACCAGTCACAT_009,86
CACCCCACCACCAGTCACAT_010,86
CACCCCACCACCAGTCACAT_011,81
CACCCCACCACCAGTCACAT_012,74
CACCCCACCACCAGTCACAT_013,178
CACCCCACCACCAGTCACAT_014,184
CACCCCACCACCAGTCACAT_015,136
CACCCCACCACCAGTCACAT_016,136
CACCCCACCACCAGTCACAT_017,138
CACCCCACCACCAGTCACAT_018,56
CACCCCACCACCAGTCACAT_019,46
CACCCCACCACCAGTCACAT_020,94
CACCCCACCACCAGTCACAT_021,145
CACCCCACCACCAGTCACAT_022,26
CACCCCACCACCAGTCACAT_023,105
CACCCCACCACCAGTCACAT_024,63
CACCCCACCACCAGTCACAT_025,60
CACCCCACCACCAGTCACAT_026,134
CACCCCACCACCAGTCACAT_027,52
CACCCCACCACCAGTCACAT_028,40
CACCCCACCACCAGTCACAT_029,31
GCGCTACCGGAGCGTACGCG_001,49
GCGCTACCGGAGCGTACGCG_002,20
GCGCTACCGGAGCGTACGCG_003,58
GCGCTACCGGAGCGTACGCG_004,89
GCGCTACCGGAGCGTACGCG_005,121
GCGCTACCGGAGCGTACGCG_006,170
GCGCTACCGGAGCGTACGCG_007,63
ATAGGCCCAATCAGCTCAGG_001,109
ATAGGCCCAATCAGCTCAGG_002,27
ATAGGCCCAATCAGCTCAGG_003,115
ATAGGCCCAATCAGCTCAGG_004,29
ATAGGCCCAATCAGCTCAGG_005,150
ATAGGCCCAATCAGCTCAGG_006,63
ATAGGCCCAATCAGCTCAGG_007,107
ATAGGCCCAATCAGCTCAGG_008,170
ATAGGCCCAATCAGCTCAGG_009,121
ATAGGCCCAATCAGCTCAGG_010,80
ATAGGCCCAATCAGCTCAGG_011,33
ATAGGCCCAATCAGCTCAGG_012,14
ATAGGCCCAATCAGCTCAGG_013,152
ATAGGCCCAATCAGCTCAGG_014,103
ATAGGCCCAATCAGCTCAGG_015,103
ATAGGCCCAATCAGCTCAGG_016,175
ATAGGCCCAATCAGCTCAGG_017,89
ATAGGCCCAATCAGCTCAGG_018,69
ATAGGCCCAATCAGCTCAGG_019,107
ATAGGCCCAATCAGCTCAGG_020,109
ATAGGCCCAATCAGCTCAGG_021,141
ATAGGCCCAATCAGCTCAGG_022,18
ATAGGCCCAATCAGCTCAGG_023,94
ATAGGCCCAATCAGCTCAGG_024,28
ATAGGCCCAATCAGCTCAGG_025,27
CATACTAGAATTCATAGTGG_001,134
CATACTAGAATTCATAGTGG_002,144
TCCCAGCGAGATCTGCGATG_001,28
TAGAAATGCAGCAGCTGGGG_001,162
TAGAAATGCAGCAGCTGGGG_002,139
TAGAAATGCAGCAGCTGGGG_003,12
TAGAAATGCAGCAGCTGGGG_004,184
TAGAAATGCAGCAGCTGGGG_005,141
TAGAAATGCAGCAGCTGGGG_006,185
TAGAAATGCAGCAGCTGGGG_007,127
TAGAAATGCAGCAGCTGGGG_008,146
TAGAAATGCAGCAGCTGGGG_009,3
TAGAAATGCAGCAGCTGGGG_010,1
TAGAAATGCAGCAGCTGGGG_011,122
TAGAAATGCAGCAGCTGGGG_012,85
TAGAAATGCAGCAGCTGGGG_013,188
TAGAAATGCAGCAGCTGGGG_014,77
TAGAAATGCAGCAGCTGGGG_015,57
TAGAAATGCAGCAGCTGGGG_016,83
TAGAAATGCAGCAGCTGGGG_017,160
TAGAAATGCAGCAGCTGGGG_018,188
TAGAAATGCAGCAGCTGGGG_019,25
GTCCAGTGGTTCAAGGAACA_001,121
GTCCAGTGGTTCAAGGAACA_002,50
GTCCAGTGGTTCAAGGAACA_003,119
GTCCAGTGGTTCAAGGAACA_004,81
GTCCAGTGGTTCAAGGAACA_005,160
GTCCAGTGGTTCAAGGAACA_006,121
GTCCAGTGGTTCAAGGAACA_007,127
GTCCAGTGGTTCAAGGAACA_008,174
GTCCAGTGGTTCAAGGAACA_009,118
GTCCAGTGGTTCAAGGAACA_010,18
GTCCAGTGGTTCAAGGAACA_011,125
CTCACGCTCTGGTCCCTGCG_001,57
CTCACGCTCTGGTCCCTGCG_002,59
CTCACGCTCTGGTCCCTGCG_003,8
CTCACGCTCTGGTCCCTGCG_004,17
CTCACGCTCTGGTCCCTGCG_005,70
CTCACGCTCTGGTCCCTGCG_006,107
CTCACGCTCTGGTCCCTGCG_007,83
CTCACGCTCTGGTCCCTGCG_008,198
CTCACGCTCTGGTCCCTGCG_009,130
CTCACGCTCTGGTCCCTGCG_010,53
CTCACGCTCTGGTCCCTGCG_011,88
CTCACGCTCTGGTCCCTGCG_012,120
CTCACGCTCTGGTCCCTGCG_013,169
CTCACGCTCTGGTCCCTGCG_014,25
CTCACGCTCTGGTCCCTGCG_015,58
GACTGGAAGCAGTACAAGCA_001,196
GACTGGAAGCAGTACAAGCA_002,130
GACTGGAAGCAGTACAAGCA_003,57
GACTGGAAGCAGTACAAGCA_004,113
GACTGGAAGCAGTACAAGCA_005,127
GACTGGAAGCAGTACAAGCA_006,121
GACTGGAAGCAGTACAAGCA_007,196
GACTGGAAGCAGTACAAGCA_008,40
GACTGGAAGCAGTACAAGCA_009,121
GACTGGAAGCAGTACAAGCA_010,37
GACTGGAAGCAGTACAAGCA_011,16
GACTGGAAGCAGTACAAGCA_012,149
GACTGGAAGCAGTACAAGCA_013,134
GACTGGAAGCAGTACAAGCA_014,103
GACTGGAAGCAGTACAAGCA_015,62
AGCTGACCCTACATGATGAG_001,79
AGCTGACCCTACATGATGAG_002,79
AGCTGACCCTACATGATGAG_003,10
AGCTGACCCTACATGATGAG_004,122
AGCTGACCCTACATGATGAG_005,44
TGCCATCAAACACCTCCTGG_001,96
TGCCATCAAACACCTCCTGG_002,76
TGCCATCAAACACCTCCTGG_003,176
TGCCATCAAACACCTCCTGG_004,116
TGCCATCAAACACCTCCTGG_005,197
TGCCATCAAACACCTCCTGG_006,88
TGCCATCAAACACCTCCTGG_007,148
TGCCATCAAACACCTCCTGG_008,38
GCGGTGCAGCCGGAAACCGC_001,94
GCGGTGCAGCCGGAAACCGC_002,76
GCGGTGCAGCCGGAAACCGC_003,56
GCGGTGCAGCCGGAAACCGC_004,48
GCGGTGCAGCCGGAAACCGC_005,88
GCGGTGCAGCCGGAAACCGC_006,199
GCGGTGCAGCCGGAAACCGC_007,144
GCGGTGCAGCCGGAAACCGC_008,175
GCGGTGCAGCCGGAAACCGC_009,61
GCGGTGCAGCCGGAAACCGC_010,98
CGTTGGGCAGAGTACATGAA_001,60
CGTTGGGCAGAGTACATGAA_002,163
CGTTGGGCAGAGTACATGAA_003,52
CGTTGGGCAGAGTACATGAA_004,49
CGTTGGGCAGAGTACATGAA_005,105
CGTTGGGCAGAGTACATGAA_006,46
CGTTGGGCAGAGTACATGAA_007,115
CGTTGGGCAGAGTACATGAA_008,56
CTGGTTAAAGCAGAAAGGGG_001,197
CTGGTTAAAGCAGAAAGGGG_002,158
CTGGTTAAAGCAGAAAGGGG_003,134
CTGGTTAAAGCAGAAAGGGG_004,24
CTGGTTAAAGCAGAAAGGGG_005,144
CTGGTTAAAGCAGAAAGGGG_006,197
CTGGTTAAAGCAGAAAGGGG_007,76
CTGGTTAAAGCAGAAAGGGG_008,28
CTGGTTAAAGCAGAAAGGGG_009,106
CTGGTTAAAGCAGAAAGGGG_010,56
CTGGTTAAAGCAGAAAGGGG_011,174
TGTTGTAATCGTCAAATCGG_001,100
TGTTGTAATCGTCAAATCGG_002,106
TGTTGTAATCGTCAAATCGG_003,138
GGGGCATGATTGACTGCCCG_001,29
GGGGCATGATTGACTGCCCG_002,14
GGGGCATGATTGACTGCCCG_003,185
ACAGAACGGCAAATTGAACA_001,184
TGATGAAAGAAACACACTCA_001,148
TGATGAAAGAAACACACTCA_002,59
TGATGAAAGAAACACACTCA_003,29
TGATGAAAGAAACACACTCA_004,127
TGATGAAAGAAACACACTCA_005,127
TGATGAAAGAAACACACTCA_006,51
TGATGAAAGAAACACACTCA_007,193
TGATGAAAGAAACACACTCA_008,177
TGATGAAAGAAACACACTCA_009,177
TGATGAAAGAAACACACTCA_010,113
TGATGAAAGAAACACACTCA_011,1
TGATGAAAGAAACACACTCA_012,137
CTGTCCAGCACTGGTACCCC_001,191
AAACACGCCTGCGCTCATAG_001,158
AAACACGCCTGCGCTCATAG_002,104
AAACACGCCTGCGCTCATAG_003,102
AAACACGCCTGCGCTCATAG_004,94
AAACACGCCTGCGCTCATAG_005,27
AAACACGCCTGCGCTCATAG_006,121
AAACACGCCTGCGCTCATAG_007,183
AAACACGCCTGCGCTCATAG_008,52
AAACACGCCTGCGCTCATAG_009,179
AAACACGCCTGCGCTCATAG_010,157
AAACACGCCTGCGCTCATAG_011,40
AAACACGCCTGCGCTCATAG_012,15
AAACACGCCTGCGCTCATAG_013,19
AAACACGCCTGCGCTCATAG_014,107
AAACACGCCTGCGCTCATAG_015,166
AAACACGCCTGCGCTCATAG_016,58
AAACACGCCTGCGCTCATAG_017,147
AAACACGCCTGCGCTCATAG_018,92
AAACACGCCTGCGCTCATAG_019,10
AAACACGCCTGCGCTCATAG_020,137
AAACACGCCTGCGCTCATAG_021,127
AAACACGCCTGCGCTCATAG_022,3
AAACACGCCTGCGCTCATAG_023,197
AAACACGCCTGCGCTCATAG_024,88
AAACACGCCTGCGCTCATAG_025,113
GTGAGAGAAGACGCACCTCA_001,160
GTGAGAGAAGACGCACCTCA_002,8
GTGAGAGAAGACGCACCTCA_003,158
GTGAGAGAAGACGCACCTCA_004,156
GTGAGAGAAGACGCACCTCA_005,68
GTGAGAGAAGACGCACCTCA_006,14
GTGAGAGAAGACGCACCTCA_007,23
GTGAGAGAAGACGCACCTCA_008,197
GTGAGAGAAGACGCACCTCA_009,116
GTGAGAGAAGACGCACCTCA_010,124
AGCAATAATGAAACCAACAG_001,174
AGCAATAATGAAACCAACAG_002,198
AGCAATAATGAAACCAACAG_003,8
AGCAATAATGAAACCAACAG_004,96
AGCAATAATGAAACCAACAG_005,157
AGCAATAATGAAACCAACAG_006,154
AGCAATAATGAAACCAACAG_007,119
AGCAATAATGAAACCAACAG_008,80
AGCAATAATGAAACCAACAG_009,20
AGCAATAATGAAACCAACAG_010,34
AGCAATAATGAAACCAACAG_011,145
AGCAATAATGAAACCAACAG_012,149
AGCAATAATGAAACCAACAG_013,176
AGCAATAATGAAACCAACAG_014,129
CCGGCTGCTCGGGTGCGAAG_001,36
CCGGCTGCTCGGGTGCGAAG_002,199
CCGGCTGCTCGGGTGCGAAG_003,113
CCGGCTGCTCGGGTGCGAAG_004,32
CCGGCTGCTCGGGTGCGAAG_005,19
CCGGCTGCTCGGGTGCGAAG_006,169
CCGGCTGCTCGGGTGCGAAG_007,50
CCGGCTGCTCGGGTGCGAAG_008,115
CCGGCTGCTCGGGTGCGAAG_009,157
CCGGCTGCTCGGGTGCGAAG_010,181
CCGGCTGCTCGGGTGCGAAG_011,195
CCGGCTGCTCGGGTGCGAAG_012,95
CCGGCTGCTCGGGTGCGAAG_013,184
CCGGCTGCTCGGGTGCGAAG_014,169
CCGGCTGCTCGGGTGCGAAG_015,83
CCGGCTGCTCGGGTGCGAAG_016,4
CCGGCTGCTCGGGTGCGAAG_017,195
CCGGCTGCTCGGGTGCGAAG_018,76
CCGGCTGCTCGGGTGCGAAG_019,177
CCGGCTGCTCGGGTGCGAAG_020,58
CCGGCTGCTCGGGTGCGAAG_021,58
CCGGCTGCTCGGGTGCGAAG_022,170
CCGGCTGCTCGGGTGCGAAG_023,58
CCGGCTGCTCGGGTGCGAAG_024,88
CCGGCTGCTCGGGTGCGAAG_025,163
CCGGCTGCTCGGGTGCGAAG_026,146
CCGGCTGCTCGGGTGCGAAG_027,34
CCGGCTGCTCGGGTGCGAAG_028,2
CCGGCTGCTCGGGTGCGAAG_029,160
CCGGCTGCTCGGGTGCGAAG_030,61
CCGGCTGCTCGGGTGCGAAG_031,134
CCGGCTGCTCGGGTGCGAAG_032,24
GGCCACTCGAGCCCTAATGG_001,97
GGCCACTCGAGCCCTAATGG_002,140
GGCCACTCGAGCCCTAATGG_003,165
GGCCACTCGAGCCCTAATGG_004,61
GGCCACTCGAGCCCTAATGG_005,164
GGCCACTCGAGCCCTAATGG_006,29
GGCCACTCGAGCCCTAATGG_007,140
GGCCACTCGAGCCCTAATGG_008,124
GGCCACTCGAGCCCTAATGG_009,19
GGCCACTCGAGCCCTAATGG_010,78
GGCCACTCGAGCCCTAATGG_011,6
AAAATACCATTATAAAGAAG_001,30
GGTGGCAAATGGCAGTGTAG_001,88
GGTGGCAAATGGCAGTGTAG_002,124
AATTATGTCAAACTGTATTG_001,149
AATTATGTCAAACTGTATTG_002,83
AATTATGTCAAACTGTATTG_003,72
AATTATGTCAAACTGTATTG_004,178
TTCAGAACCCCCATCCAAGA_001,105
TTCAGAACCCCCATCCAAGA_002,76
TTCAGAACCCCCATCCAAGA_003,155
TTCAGAACCCCCATCCAAGA_004,35
TTCAGAACCCCCATCCAAGA_005,114
TTCAGAACCCCCATCCAAGA_006,197
TTTCTTCACAAAGAGTAGTG_001,19
TTTCTTCACAAAGAGTAGTG_002,194
TTTCTTCACAAAGAGTAGTG_003,61
TTTCTTCACAAAGAGTAGTG_004,126
TTTCTTCACAAAGAGTAGTG_005,2
TTTCTTCACAAAGAGTAGTG_006,163
CTGTGGACTGGAAACACCCG_001,17
CTGTGGACTGGAAACACCCG_002,170
CTGTGGACTGGAAACACCCG_003,98
CTGTGGACTGGAAACACCCG_004,50
CTGTGGACTGGAAACACCCG_005,8
CTGTGGACTGGAAACACCCG_006,169
CTGTGGACTGGAAACACCCG_007,88
CTGTGGACTGGAAACACCCG_008,157
CTGTGGACTGGAAACACCCG_009,130
CTGTGGACTGGAAACACCCG_010,145
CTGTGGACTGGAAACACCCG_011,114
CTGTGGACTGGAAACACCCG_012,29
CTGTGGACTGGAAACACCCG_013,198
CTGTGGACTGGAAACACCCG_014,9
CTGTGGACTGGAAACACCCG_015,174
CTGTGGACTGGAAACACCCG_016,148
CTGTGGACTGGAAACACCCG_017,46
CTGTGGACTGGAAACACCCG_018,178
CTGTGGACTGGAAACACCCG_019,139
GATGCCAAAAACACACATGT_001,159
GATGCCAAAAACACACATGT_002,56
GATGCCAAAAACACACATGT_003,177
TCGGAGGATACATTCCGTGA_001,126
TCGGAGGATACATTCCGTGA_002,0
TGGACGCAAGCTACCTATGG_001,16
TGGACGCAAGCTACCTATGG_002,116
TGGACGCAAGCTACCTATGG_003,148
TGGACGCAAGCTACCTATGG_004,5
CTTGACGTGGGCTATTGTGA_001,115
ATGCCAGCCTACAACCGAAG_001,61
AAGCACAGAAGTACTCATGT_001,84
AAGCACAGAAGTACTCATGT_002,68
AAGCACAGAAGTACTCATGT_003,94
AAGCACAGAAGTACTCATGT_004,62
AAGCACAGAAGTACTCATGT_005,69
AAGCACAGAAGTACTCATGT_006,161
AAGCACAGAAGTACTCATGT_007,138
AAGCACAGAAGTACTCATGT_008,58
AAGCACAGAAGTACTCATGT_009,43
AGGTGTGAAACGATCTGCAG_001,160
AGGTGTGAAACGATCTGCAG_002,96
AGGTGTGAAACGATCTGCAG_003,154
AGGTGTGAAACGATCTGCAG_004,175
AGGTGTGAAACGATCTGCAG_005,115
AGGTGTGAAACGATCTGCAG_006,76
AGGTGTGAAACGATCTGCAG_007,184
CCTTGGACACCAGAGCTCTG_001,111
CCTTGGACACCAGAGCTCTG_002,64
CCTTGGACACCAGAGCTCTG_003,90
CCTTGGACACCAGAGCTCTG_004,58
CCTTGGACACCAGAGCTCTG_005,169
CCTTGGACACCAGAGCTCTG_006,151
CCTTGGACACCAGAGCTCTG_007,77
CCTTGGACACCAGAGCTCTG_008,80
CCTTGGACACCAGAGCTCTG_009,132
CCTTGGACACCAGAGCTCTG_010,34
GGGAGCCACCACCACCGATG_001,47
GGGAGCCACCACCACCGATG_002,40
GGGAGCCACCACCACCGATG_003,127
GGGAGCCACCACCACCGATG_004,62
GGGAGCCACCACCACCGATG_005,160
GGGAGCCACCACCACCGATG_006,48
GGGAGCCACCACCACCGATG_007,106
GGGAGCCACCACCACCGATG_008,183
GGGAGCCACCACCACCGATG_009,89
GGGAGCCACCACCACCGATG_010,12
GGGAGCCACCACCACCGATG_011,47
GGGAGCCACCACCACCGATG_012,6
GGGAGCCACCACCACCGATG_013,44
GGGAGCCACCACCACCGATG_014,82
GGGAGCCACCACCACCGATG_015,16
GGGAGCCACCACCACCGATG_016,19
GGGAGCCACCACCACCGATG_017,2
GGGAGCCACCACCACCGATG_018,36
GGGAGCCACCACCACCGATG_019,13
GGGAGCCACCACCACCGATG_020,16
GGGAGCCACCACCACCGATG_021,48
GGGAGCCACCACCACCGATG_022,127
GGGAGCCACCACCACCGATG_023,160
GGGAGCCACCACCACCGATG_024,93
GGGAGCCACCACCACCGATG_025,130
GGGAGCCACCACCACCGATG_026,98
GGGAGCCACCACCACCGATG_027,88
GGGAGCCACCACCACCGATG_028,161
GGGAGCCACCACCACCGATG_029,83
GGGAGCCACCACCACCGATG_030,103
GGGAGCCACCACCACCGATG_031,127
GGGAGCCACCACCACCGATG_032,117
GGGAGCCACCACCACCGATG_033,43
GGGAGCCACCACCACCGATG_034,128
GGGAGCCACCACCACCGATG_035,1
GGGAGCCACCACCACCGATG_036,58
GGGAGCCACCACCACCGATG_037,155
GGGAGCCACCACCACCGATG_038,166
GGGAGCCACCACCACCGATG_039,165
GGGAGCCACCACCACCGATG_040,79
GGGAGCCACCACCACCGATG_041,193
GGGAGCCACCACCACCGATG_042,2
GGGAGCCACCACCACCGATG_043,41
GGGAGCCACCACCACCGATG_044,18
GGGAGCCACCACCACCGATG_045,51
GGGAGCCACCACCACCGATG_046,70
GGGAGCCACCACCACCGATG_047,86
ACTAAGCAGCCCAAACCACA_001,170
ACTAAGCAGCCCAAACCACA_002,103
ACTAAGCAGCCCAAACCACA_003,117
ACTAAGCAGCCCAAACCACA_004,80
ACTAAGCAGCCCAAACCACA_005,65
ACTAAGCAGCCCAAACCACA_006,160
ACTAAGCAGCCCAAACCACA_007,134
ACTAAGCAGCCCAAACCACA_008,41
ACTAAGCAGCCCAAACCACA_009,49
ACTAAGCAGCCCAAACCACA_010,15
ACTAAGCAGCCCAAACCACA_011,77
ACTAAGCAGCCCAAACCACA_012,102
ACTAAGCAGCCCAAACCACA_013,30
ACTAAGCAGCCCAAACCACA_014,197
ACTAAGCAGCCCAAACCACA_015,185
ACTAAGCAGCCCAAACCACA_016,130
ACTAAGCAGCCCAAACCACA_017,40
ACTAAGCAGCCCAAACCACA_018,5
ACTAAGCAGCCCAAACCACA_019,191
ACTAAGCAGCCCAAACCACA_020,17
ACTAAGCAGCCCAAACCACA_021,88
TTTGCGCATGTTGAAACCCA_001,33
TTTGCGCATGTTGAAACCCA_002,151
TTTGCGCATGTTGAAACCCA_003,5
TCGAATCTCTCGCATGAAGG_001,53
TCGAATCTCTCGCATGAAGG_002,183
TCGAATCTCTCGCATGAAGG_003,69
TCGAATCTCTCGCATGAAGG_004,38
TCGAATCTCTCGCATGAAGG_005,43
TCGAATCTCTCGCATGAAGG_006,189
TCGAATCTCTCGCATGAAGG_007,67
CGCAGGGCTTCTCGGATGAG_001,176
CGCAGGGCTTCTCGGATGAG_002,193
CGCAGGGCTTCTCGGATGAG_003,186
CGCAGGGCTTCTCGGATGAG_004,189
GGCAGGTGATAACTTCAGGT_001,69
GGCAGGTGATAACTTCAGGT_002,58
GGCAGGTGATAACTTCAGGT_003,146
GGCAGGTGATAACTTCAGGT_004,114
GGCAGGTGATAACTTCAGGT_005,195
GGCAGGTGATAACTTCAGGT_006,160
GGCAGGTGATAACTTCAGGT_007,108
GGCAGGTGATAACTTCAGGT_008,37
TGGCCTTATCCAATTCCCCG_001,117
TGGCCTTATCCAATTCCCCG_002,88
TGGCCTTATCCAATTCCCCG_003,171
TGGCCTTATCCAATTCCCCG_004,11
GGGACCAGCCTCATGTATGT_001,132
GGGACCAGCCTCATGTATGT_002,161
GGGACCAGCCTCATGTATGT_003,177
GGGACCAGCCTCATGTATGT_004,192
GGGACCAGCCTCATGTATGT_005,37
GGGACCAGCCTCATGTATGT_006,172
CCGGGAGCCTTCATCAAGCA_001,199
CCGGGAGCCTTCATCAAGCA_002,134
CCGGGAGCCTTCATCAAGCA_003,83
CCGGGAGCCTTCATCAAGCA_004,70
CCGGGAGCCTTCATCAAGCA_005,137
CCGGGAGCCTTCATCAAGCA_006,18
CCGGGAGCCTTCATCAAGCA_007,91
ACCGACCTAAATTAAATGAA_001,166
ACCGACCTAAATTAAATGAA_002,184
ACCGACCTAAATTAAATGAA_003,113
ACCGACCTAAATTAAATGAA_004,36
ACCGACCTAAATTAAATGAA_005,125
ACCGACCTAAATTAAATGAA_006,1
ACCGACCTAAATTAAATGAA_007,40
ACCGACCTAAATTAAATGAA_008,63
ATGCGGCGCGTCCCAGAGAA_001,181
ATGCGGCGCGTCCCAGAGAA_002,170
ATGCGGCGCGTCCCAGAGAA_003,15
ATGCGGCGCGTCCCAGAGAA_004,146
ATGCGGCGCGTCCCAGAGAA_005,163
ATGCGGCGCGTCCCAGAGAA_006,157
ATGCGGCGCGTCCCAGAGAA_007,186
CGTGCTCCCTGAGTACTACG_001,153
CGTGCTCCCTGAGTACTACG_002,17
CGTGCTCCCTGAGTACTACG_003,48
CGTGCTCCCTGAGTACTACG_004,70
CGTGCTCCCTGAGTACTACG_005,56
CGTGCTCCCTGAGTACTACG_006,198
CGTGCTCCCTGAGTACTACG_007,83
CGTGCTCCCTGAGTACTACG_008,89
CGTGCTCCCTGAGTACTACG_009,82
CGTGCTCCCTGAGTACTACG_010,52
AAATACGCTTGACGCCGCCG_001,163
AAATACGCTTGACGCCGCCG_002,101
AAATACGCTTGACGCCGCCG_003,154
AAATACGCTTGACGCCGCCG_004,154
TCAGCGATCAGTGAAAGCAT_001,16
TCAGCGATCAGTGAAAGCAT_002,178
TCAGCGATCAGTGAAAGCAT_003,198
TCAGCGATCAGTGAAAGCAT_004,166
TCAGCGATCAGTGAAAGCAT_005,138
TCAGCGATCAGTGAAAGCAT_006,160
TCAGCGATCAGTGAAAGCAT_007,80
TCAGCGATCAGTGAAAGCAT_008,166
TCAGCGATCAGTGAAAGCAT_009,49
TCAGCGATCAGTGAAAGCAT_010,198
TCAGCGATCAGTGAAAGCAT_011,49
TCAGCGATCAGTGAAAGCAT_012,27
TCAGCGATCAGTGAAAGCAT_013,172
ACTCTCGAGTATAACCTGCA_001,22
ACTCTCGAGTATAACCTGCA_002,144
CCAAGCAGCTGACCTTTAAA_001,140
CCAAGCAGCTGACCTTTAAA_002,75
CCAAGCAGCTGACCTTTAAA_003,65
CCAAGCAGCTGACCTTTAAA_004,131
CCAAGCAGCTGACCTTTAAA_005,77
AACGAGCTGCTTCACGGTAA_001,198
AACGAGCTGCTTCACGGTAA_002,70
AACGAGCTGCTTCACGGTAA_003,46
AACGAGCTGCTTCACGGTAA_004,50
AACGAGCTGCTTCACGGTAA_005,161
AACGAGCTGCTTCACGGTAA_006,157
CAAAACAGAATATAGTCAGT_001,36
CAAAACAGAATATAGTCAGT_002,95
CAAAACAGAATATAGTCAGT_003,136
CCCTCCCGGAGAATCACGTG_001,185
CCCTCCCGGAGAATCACGTG_002,158
CCCTCCCGGAGAATCACGTG_003,120
CCCTCCCGGAGAATCACGTG_004,76
CCCTCCCGGAGAATCACGTG_005,191
CCCTCCCGGAGAATCACGTG_006,9
CCCTCCCGGAGAATCACGTG_007,34
CCCTCCCGGAGAATCACGTG_008,83
CCCTCCCGGAGAATCACGTG_009,166
CCCTCCCGGAGAATCACGTG_010,136
CCCTCCCGGAGAATCACGTG_011,114
CCGCTACCGCCCCGGCACCG_001,106
CCGCTACCGCCCCGGCACCG_002,174
CCGCTACCGCCCCGGCACCG_003,194
CCGCTACCGCCCCGGCACCG_004,27
CCGCTACCGCCCCGGCACCG_005,130
CCGCTACCGCCCCGGCACCG_006,126
CCGCTACCGCCCCGGCACCG_007,45
CCGCTACCGCCCCGGCACCG_008,84
CCGCTACCGCCCCGGCACCG_009,57
CCGCTACCGCCCCGGCACCG_010,187
CCGCTACCGCCCCGGCACCG_011,198
CCGCTACCGCCCCGGCACCG_012,63
CCGCTACCGCCCCGGCACCG_013,157
CCGCTACCGCCCCGGCACCG_014,194
CCGCTACCGCCCCGGCACCG_015,3
CCGCTACCGCCCCGGCACCG_016,180
CCGCTACCGCCCCGGCACCG_017,116
CCGCTACCGCCCCGGCACCG_018,47
GTGTATTCCATAGTCCCATG_001,14
TGCATGCTCAGCTATTACCA_001,69
TGCATGCTCAGCTATTACCA_002,158
TGCATGCTCAGCTATTACCA_003,50
TGCATGCTCAGCTATTACCA_004,26
TGCATGCTCAGCTATTACCA_005,152
TGCATGCTCAGCTATTACCA_006,62
TGCATGCTCAGCTATTACCA_007,69
TGCATGCTCAGCTATTACCA_008,198
TGCATGCTCAGCTATTACCA_009,137
TGCATGCTCAGCTATTACCA_010,168
TGCATGCTCAGCTATTACCA_011,62
TTCCATGTGAGCTGCCAAGG_001,154
TTCCATGTGAGCTGCCAAGG_002,189
TTCCATGTGAGCTGCCAAGG_003,59
TTCCATGTGAGCTGCCAAGG_004,0
TTCCATGTGAGCTGCCAAGG_005,130
TTCCATGTGAGCTGCCAAGG_006,182
TTCCATGTGAGCTGCCAAGG_007,65
TTCCATGTGAGCTGCCAAGG_008,61
TTCCATGTGAGCTGCCAAGG_009,88
TTCCATGTGAGCTGCCAAGG_010,47
TTCCATGTGAGCTGCCAAGG_011,36
TTCCATGTGAGCTGCCAAGG_012,151
TTCCATGTGAGCTGCCAAGG_013,42
TTCCATGTGAGCTGCCAAGG_014,16
TTCCATGTGAGCTGCCAAGG_015,158
TTCCATGTGAGCTGCCAAGG_016,24
TTCCATGTGAGCTGCCAAGG_017,64
TTCCATGTGAGCTGCCAAGG_018,44
TTCCATGTGAGCTGCCAAGG_019,8
TTCCATGTGAGCTGCCAAGG_020,47
TTCCATGTGAGCTGCCAAGG_021,178
TTCCATGTGAGCTGCCAAGG_022,63
TTCCATGTGAGCTGCCAAGG_023,137
TTCCATGTGAGCTGCCAAGG_024,49
TTCCATGTGAGCTGCCAAGG_025,49
TTCCATGTGAGCTGCCAAGG_026,158
TTCCATGTGAGCTGCCAAGG_027,137
TTCCATGTGAGCTGCCAAGG_028,137
TTCCATGTGAGCTGCCAAGG_029,46
TTCCATGTGAGCTGCCAAGG_030,8
TTCCATGTGAGCTGCCAAGG_031,108
TTCCATGTGAGCTGCCAAGG_032,10
CATCATCATGATTGTCTGTG_001,29
CATCATCATGATTGTCTGTG_002,105
CATCATCATGATTGTCTGTG_003,143
CATCATCATGATTGTCTGTG_004,48
CATCATCATGATTGTCTGTG_005,68
CATCATCATGATTGTCTGTG_006,150
CGGGTTCGGAAAACTCGCTA_001,76
CGGGTTCGGAAAACTCGCTA_002,148
CGGGTTCGGAAAACTCGCTA_003,43
AACCTGCTGTGCAACCAACT_001,137
AACCTGCTGTGCAACCAACT_002,148
AACCTGCTGTGCAACCAACT_003,81
AACCTGCTGTGCAACCAACT_004,56
AACCTGCTGTGCAACCAACT_005,8
AACCTGCTGTGCAACCAACT_006,184
AACCTGCTGTGCAACCAACT_007,103
AACCTGCTGTGCAACCAACT_008,34
AACCTGCTGTGCAACCAACT_009,118
AACCTGCTGTGCAACCAACT_010,42
AACCTGCTGTGCAACCAACT_011,42
AACCTGCTGTGCAACCAACT_012,157
AACCTGCTGTGCAACCAACT_013,6
AACCTGCTGTGCAACCAACT_014,44
AACCTGCTGTGCAACCAACT_015,12
AACCTGCTGTGCAACCAACT_016,37
AACCTGCTGTGCAACCAACT_017,91
TCTCACAGTTGCATAACCAG_001,103
GGTTGAAAAAATGAATTCTG_001,98
GGTTGAAAAAATGAATTCTG_002,1
GGTTGAAAAAATGAATTCTG_003,123
GGTTGAAAAAATGAATTCTG_004,1
GGTTGAAAAAATGAATTCTG_005,73
AAGGAGTGGTGAGAACTGAA_001,68
AAGGAGTGGTGAGAACTGAA_002,167
AAGGAGTGGTGAGAACTGAA_003,112
AAGGAGTGGTGAGAACTGAA_004,163
AAGGAGTGGTGAGAACTGAA_005,155
AAGGAGTGGTGAGAACTGAA_006,109
AAGGAGTGGTGAGAACTGAA_007,23
AAGGAGTGGTGAGAACTGAA_008,23
AAGGAGTGGTGAGAACTGAA_009,38
AAGGAGTGGTGAGAACTGAA_010,145
AAGGAGTGGTGAGAACTGAA_011,157
CGAGCACAAAAACAAAACCA_001,194
CGAGCACAAAAACAAAACCA_002,35
CGAGCACAAAAACAAAACCA_003,3
CGAGCACAAAAACAAAACCA_004,17
CGAGCACAAAAACAAAACCA_005,131
CGAGCACAAAAACAAAACCA_006,110
CGAGCACAAAAACAAAACCA_007,175
CGAGCACAAAAACAAAACCA_008,160
CGAGCACAAAAACAAAACCA_009,57
CGAGCACAAAAACAAAACCA_010,31
CGAGCACAAAAACAAAACCA_011,103
CGAGCACAAAAACAAAACCA_012,160
CGAGCACAAAAACAAAACCA_013,77
CGAGCACAAAAACAAAACCA_014,9
CGAGCACAAAAACAAAACCA_015,106
CGAGCACAAAAACAAAACCA_016,28
CGAGCACAAAAACAAAACCA_017,152
GATGAGAGAGGGTCCTGCAA_001,168
GATGAGAGAGGGTCCTGCAA_002,43
GATGAGAGAGGGTCCTGCAA_003,102
GATGAGAGAGGGTCCTGCAA_004,38
GATGAGAGAGGGTCCTGCAA_005,15
GATGAGAGAGGGTCCTGCAA_006,50
GATGAGAGAGGGTCCTGCAA_007,82
CTGCATGGCCCCGAAGACGG_001,57
CTGCATGGCCCCGAAGACGG_002,12
CTGCATGGCCCCGAAGACGG_003,97
CTGCATGGCCCCGAAGACGG_004,10
CTGCATGGCCCCGAAGACGG_005,74
CTGCATGGCCCCGAAGACGG_006,19
CTGCATGGCCCCGAAGACGG_007,197
CTGCATGGCCCCGAAGACGG_008,108
CTGCATGGCCCCGAAGACGG_009,73
CTGCATGGCCCCGAAGACGG_010,172
CTGCATGGCCCCGAAGACGG_011,185
CTGCATGGCCCCGAAGACGG_012,52
CTGCATGGCCCCGAAGACGG_013,1
CTGCATGGCCCCGAAGACGG_014,113
CTGCATGGCCCCGAAGACGG_015,68
CTGCATGGCCCCGAAGACGG_016,66
CTGCATGGCCCCGAAGACGG_017,110
CTGCATGGCCCCGAAGACGG_018,111
CTGCATGGCCCCGAAGACGG_019,112
CTGCATGGCCCCGAAGACGG_020,115
CTGCATGGCCCCGAAGACGG_021,103
CTGCATGGCCCCGAAGACGG_022,137
CTGCATGGCCCCGAAGACGG_023,33
CTGCATGGCCCCGAAGACGG_024,33
CTGCATGGCCCCGAAGACGG_025,102
CTGCATGGCCCCGAAGACGG_026,174
CTGCATGGCCCCGAAGACGG_027,61
CTGCATGGCCCCGAAGACGG_028,4
CTGCATGGCCCCGAAGACGG_029,5
CTGCATGGCCCCGAAGACGG_030,10
CTGCATGGCCCCGAAGACGG_031,63
CTGCATGGCCCCGAAGACGG_032,79
CTGCATGGCCCCGAAGACGG_033,144
CTGCATGGCCCCGAAGACGG_034,13
CTGCATGGCCCCGAAGACGG_035,14
AAGGCACCTGGCTTCCACTG_001,89
AAGGCACCTGGCTTCCACTG_002,188
AAGGCACCTGGCTTCCACTG_003,65
AAGGCACCTGGCTTCCACTG_004,183
AAGGCACCTGGCTTCCACTG_005,62
AAGGCACCTGGCTTCCACTG_006,48
AAGGCACCTGGCTTCCACTG_007,77
AAGGCACCTGGCTTCCACTG_008,137
AAGGCACCTGGCTTCCACTG_009,103
AAGGCACCTGGCTTCCACTG_010,28
AAGGCACCTGGCTTCCACTG_011,192
AAGGCACCTGGCTTCCACTG_012,192
AAGGCACCTGGCTTCCACTG_013,144
AAGGCACCTGGCTTCCACTG_014,125
AAGGCACCTGGCTTCCACTG_015,48
AAGGCACCTGGCTTCCACTG_016,144
AAGGCACCTGGCTTCCACTG_017,111
AAGGCACCTGGCTTCCACTG_018,152
AAGGCACCTGGCTTCCACTG_019,15
AAGGCACCTGGCTTCCACTG_020,41
AAGGCACCTGGCTTCCACTG_021,112
AAGGCACCTGGCTTCCACTG_022,101
AAGGCACCTGGCTTCCACTG_023,15
AAGGCACCTGGCTTCCACTG_024,117
AAGGCACCTGGCTTCCACTG_025,137
AAGGCACCTGGCTTCCACTG_026,117
AAGGCACCTGGCTTCCACTG_027,77
AAGGCACCTGGCTTCCACTG_028,162
AAGGCACCTGGCTTCCACTG_029,168
GACACGGTAAGCTCCATAGC_001,149
GACACGGTAAGCTCCATAGC_002,190
CAGCACTACTTCAACATCAG_001,154
CAGCACTACTTCAACATCAG_002,110
CAGCACTACTTCAACATCAG_003,162
CAGCACTACTTCAACATCAG_004,46
CAGCACTACTTCAACATCAG_005,34
GGCCAGGCAGCAATCACCGT_001,2
GGCCAGGCAGCAATCACCGT_002,190
GGCCAGGCAGCAATCACCGT_003,154
GGCCAGGCAGCAATCACCGT_004,138
TCTGCCATGACCACTTCGGG_001,133
TCTGCCATGACCACTTCGGG_002,77
TCTGCCATGACCACTTCGGG_003,8
TCTGCCATGACCACTTCGGG_004,12
TCTGCCATGACCACTTCGGG_005,29
TCTGCCATGACCACTTCGGG_006,29
TCTGCCATGACCACTTCGGG_007,102
TCTGCCATGACCACTTCGGG_008,198
TCTGCCATGACCACTTCGGG_009,137
TCTGCCATGACCACTTCGGG_010,163
TCTGCCATGACCACTTCGGG_011,173
TCTGCCATGACCACTTCGGG_012,34
AAATGTACAAGGACCGACAA_001,102
AAATGTACAAGGACCGACAA_002,113
AAATGTACAAGGACCGACAA_003,57
AAATGTACAAGGACCGACAA_004,80
AAATGTACAAGGACCGACAA_005,93
AAATGTACAAGGACCGACAA_006,66
AAATGTACAAGGACCGACAA_007,117
AAATGTACAAGGACCGACAA_008,111
AAATGTACAAGGACCGACAA_009,6
GACGCCGAACCACGCCGCGG_001,94
GACGCCGAACCACGCCGCGG_002,57
GACGCCGAACCACGCCGCGG_003,190
GACGCCGAACCACGCCGCGG_004,190
GACGCCGAACCACGCCGCGG_005,55
GACGCCGAACCACGCCGCGG_006,112
GACGCCGAACCACGCCGCGG_007,60
GACGCCGAACCACGCCGCGG_008,127
GACGCCGAACCACGCCGCGG_009,93
GACGCCGAACCACGCCGCGG_010,42
GACGCCGAACCACGCCGCGG_011,40
GACGCCGAACCACGCCGCGG_012,69
GACGCCGAACCACGCCGCGG_013,160
GACGCCGAACCACGCCGCGG_014,1
AAGATACCTCCGCCAAACGC_001,48
AAGATACCTCCGCCAAACGC_002,105
AAGATACCTCCGCCAAACGC_003,33
AAGATACCTCCGCCAAACGC_004,144
AAGATACCTCCGCCAAACGC_005,172
AAGATACCTCCGCCAAACGC_006,49
AAGATACCTCCGCCAAACGC_007,94
AAGATACCTCCGCCAAACGC_008,169
AAGATACCTCCGCCAAACGC_009,85
AAGATACCTCCGCCAAACGC_010,40
AAGATACCTCCGCCAAACGC_011,181
AAGATACCTCCGCCAAACGC_012,128
AAGATACCTCCGCCAAACGC_013,177
AAGATACCTCCGCCAAACGC_014,155
AAGATACCTCCGCCAAACGC_015,35
AAGATACCTCCGCCAAACGC_016,9
AAGATACCTCCGCCAAACGC_017,7
AAGATACCTCCGCCAAACGC_018,130
AAGATACCTCCGCCAAACGC_019,161
AAGATACCTCCGCCAAACGC_020,64
AAGATACCTCCGCCAAACGC_021,80
AAGATACCTCCGCCAAACGC_022,68
AAGATACCTCCGCCAAACGC_023,102
AAGATACCTCCGCCAAACGC_024,28
AAGATACCTCCGCCAAACGC_025,72
AAGATACCTCCGCCAAACGC_026,157
AAGATACCTCCGCCAAACGC_027,0
AAGATACCTCCGCCAAACGC_028,72
AAGATACCTCCGCCAAACGC_029,194
AAGATACCTCCGCCAAACGC_030,96
AAGATACCTCCGCCAAACGC_031,63
AAGATACCTCCGCCAAACGC_032,9
AAGATACCTCCGCCAAACGC_033,43
AAGATACCTCCGCCAAACGC_034,152
AAGATACCTCCGCCAAACGC_035,79
AAGATACCTCCGCCAAACGC_036,111
ACACGTGCAGTTGTCCTGCG_001,181
ACACGTGCAGTTGTCCTGCG_002,95
ACACGTGCAGTTGTCCTGCG_003,94
ACACGTGCAGTTGTCCTGCG_004,185
ACACGTGCAGTTGTCCTGCG_005,162
ACACGTGCAGTTGTCCTGCG_006,30
ACACGTGCAGTTGTCCTGCG_007,185
ACACGTGCAGTTGTCCTGCG_008,4
AGTGCAAAGATCCCAAACCA_001,117
AGTGCAAAGATCCCAAACCA_002,75
ATCCTGAACAAAGACGAGCC_001,60
ATCCTGAACAAAGACGAGCC_002,2
ATCCTGAACAAAGACGAGCC_003,61
ATCCTGAACAAAGACGAGCC_004,83
ATCCTGAACAAAGACGAGCC_005,96
ATCCTGAACAAAGACGAGCC_006,41
ATCCTGAACAAAGACGAGCC_007,110
ATCCTGAACAAAGACGAGCC_008,31
ATCCTGAACAAAGACGAGCC_009,103
ATCCTGAACAAAGACGAGCC_010,177
ATCCTGAACAAAGACGAGCC_011,38
ATCCTGAACAAAGACGAGCC_012,83
ATCCTGAACAAAGACGAGCC_013,33
ATCCTGAACAAAGACGAGCC_014,176
ATCCTGAACAAAGACGAGCC_015,127
ATCCTGAACAAAGACGAGCC_016,70
ATCCTGAACAAAGACGAGCC_017,199
ATCCTGAACAAAGACGAGCC_018,102
ATCCTGAACAAAGACGAGCC_019,19
ATCCTGAACAAAGACGAGCC_020,105
ATCCTGAACAAAGACGAGCC_021,2
ATCCTGAACAAAGACGAGCC_022,146
ATCCTGAACAAAGACGAGCC_023,63
ATCCTGAACAAAGACGAGCC_024,124
ATCCTGAACAAAGACGAGCC_025,198
ATCCTGAACAAAGACGAGCC_026,165
ATCCTGAACAAAGACGAGCC_027,0
CAGGTGTGAACGCCATGCTG_001,36
CAGGTGTGAACGCCATGCTG_002,142
CAGGTGTGAACGCCATGCTG_003,113
CAGGTGTGAACGCCATGCTG_004,181
CAGGTGTGAACGCCATGCTG_005,19
CAGGTGTGAACGCCATGCTG_006,134
TTTGGCAAGACTAGGAACGG_001,177
TTTGGCAAGACTAGGAACGG_002,102
TTTGGCAAGACTAGGAACGG_003,199
TTTGGCAAGACTAGGAACGG_004,94
TTTGGCAAGACTAGGAACGG_005,133
TTTGGCAAGACTAGGAACGG_006,60
TTTGGCAAGACTAGGAACGG_007,35
CACGGGACTCTCAGTCGCAG_001,113
CACGGGACTCTCAGTCGCAG_002,85
CACGGGACTCTCAGTCGCAG_003,166
CACGGGACTCTCAGTCGCAG_004,66
AGTAAACTCACATGAACCAG_001,60
AGTAAACTCACATGAACCAG_002,94
AGTAAACTCACATGAACCAG_003,148
AGTAAACTCACATGAACCAG_004,78
AGTAAACTCACATGAACCAG_005,165
AGTAAACTCACATGAACCAG_006,9
AGTAAACTCACATGAACCAG_007,81
AGTAAACTCACATGAACCAG_008,65
AGTAAACTCACATGAACCAG_009,172
AGTAAACTCACATGAACCAG_010,2
CTGCGCCTGGCGGATCACTG_001,32
CTGCGCCTGGCGGATCACTG_002,88
CTGCGCCTGGCGGATCACTG_003,48
CTGCGCCTGGCGGATCACTG_004,158
CTGCGCCTGGCGGATCACTG_005,88
CTGCGCCTGGCGGATCACTG_006,48
CTGCGCCTGGCGGATCACTG_007,198
CTGCGCCTGGCGGATCACTG_008,141
CTGCGCCTGGCGGATCACTG_009,0
CTGCGCCTGGCGGATCACTG_010,149
CTGCGCCTGGCGGATCACTG_011,172
CTGCGCCTGGCGGATCACTG_012,176
CTGCGCCTGGCGGATCACTG_013,55
CTGCGCCTGGCGGATCACTG_014,55
TCCAACATCAAATCGAGTTG_001,127
TCCAACATCAAATCGAGTTG_002,10
TTTCCGTTTGCCAATCTGTG_001,125
TTTCCGTTTGCCAATCTGTG_002,131
CATAAAACTAAATACCTCGA_001,117
CATAAAACTAAATACCTCGA_002,55
AATCATGGTACGAAAGCCTG_001,139
AATCATGGTACGAAAGCCTG_002,25
AATCATGGTACGAAAGCCTG_003,102
ACATCAAAGAATCCAACCTC_001,86
ACATCAAAGAATCCAACCTC_002,29
ACATCAAAGAATCCAACCTC_003,26
ACATCAAAGAATCCAACCTC_004,9
ACATCAAAGAATCCAACCTC_005,63
ACATCAAAGAATCCAACCTC_006,184
ACATCAAAGAATCCAACCTC_007,13
ACATCAAAGAATCCAACCTC_008,107
ACATCAAAGAATCCAACCTC_009,51
ACATCAAAGAATCCAACCTC_010,170
ACATCAAAGAATCCAACCTC_011,193
ACATCAAAGAATCCAACCTC_012,63
ACATCAAAGAATCCAACCTC_013,106
ACATCAAAGAATCCAACCTC_014,1
ACATCAAAGAATCCAACCTC_015,155
ACATCAAAGAATCCAACCTC_016,187
CCACAAACTGCCCGTCACCA_001,68
CCACAAACTGCCCGTCACCA_002,37
CCACAAACTGCCCGTCACCA_003,148
CCACAAACTGCCCGTCACCA_004,120
CCACAAACTGCCCGTCACCA_005,16
CCACAAACTGCCCGTCACCA_006,149
CCACAAACTGCCCGTCACCA_007,113
CCACAAACTGCCCGTCACCA_008,146
CCACAAACTGCCCGTCACCA_009,37
CGATGCCAACACCTTTGGCG_001,30
CGATGCCAACACCTTTGGCG_002,38
CGATGCCAACACCTTTGGCG_003,21
CGATGCCAACACCTTTGGCG_004,72
CGATGCCAACACCTTTGGCG_005,15
CGATGCCAACACCTTTGGCG_006,164
CGATGCCAACACCTTTGGCG_007,188
GAGGGTCTGAATTGCCATTG_001,177
GAGGGTCTGAATTGCCATTG_002,86
GAGGGTCTGAATTGCCATTG_003,156
GAGGGTCTGAATTGCCATTG_004,58
GAGGGTCTGAATTGCCATTG_005,8
GAGGGTCTGAATTGCCATTG_006,97
GAGGGTCTGAATTGCCATTG_007,18
GAGGGTCTGAATTGCCATTG_008,57
GAGGGTCTGAATTGCCATTG_009,124
GAGGGTCTGAATTGCCATTG_010,160
GAGGGTCTGAATTGCCATTG_011,76
GAGGGTCTGAATTGCCATTG_012,157
GCTCCTCCAGAAGTTTGGCA_001,29
GCTCCTCCAGAAGTTTGGCA_002,199
GCTCCTCCAGAAGTTTGGCA_003,105
GCTCCTCCAGAAGTTTGGCA_004,128
GCTCCTCCAGAAGTTTGGCA_005,133
GGCATCCACCTGCCAGGAGT_001,117
GGCATCCACCTGCCAGGAGT_002,98
GGCATCCACCTGCCAGGAGT_003,17
GGCATCCACCTGCCAGGAGT_004,24
GGCATCCACCTGCCAGGAGT_005,175
GGCATCCACCTGCCAGGAGT_006,35
GGCATCCACCTGCCAGGAGT_007,39
GGCATCCACCTGCCAGGAGT_008,62
GGCATCCACCTGCCAGGAGT_009,106
GGCATCCACCTGCCAGGAGT_010,16
TGGTAATGATCATAGCACCT_001,48
TGGTAATGATCATAGCACCT_002,149
TTTGTGATGACGGCTACACA_001,85
TTTGTGATGACGGCTACACA_002,54
TTTGTGATGACGGCTACACA_003,175
TTTGTGATGACGGCTACACA_004,52
TTTGTGATGACGGCTACACA_005,92
TTTGTGATGACGGCTACACA_006,28
TTTGTGATGACGGCTACACA_007,2
AGACACAGAATTCAGTGACA_001,48
AGACACAGAATTCAGTGACA_002,199
AGACACAGAATTCAGTGACA_003,98
AGACACAGAATTCAGTGACA_004,105
AGACACAGAATTCAGTGACA_005,34
AGACACAGAATTCAGTGACA_006,65
AGACACAGAATTCAGTGACA_007,152
AGACACAGAATTCAGTGACA_008,106
AGACACAGAATTCAGTGACA_009,193
AGTGAAGGATGGACGACGGG_001,12
AGTGAAGGATGGACGACGGG_002,23
AGTGAAGGATGGACGACGGG_003,43
AGTGAAGGATGGACGACGGG_004,93
AGTGAAGGATGGACGACGGG_005,154
AGTGAAGGATGGACGACGGG_006,100
AGTGAAGGATGGACGACGGG_007,170
AGTGAAGGATGGACGACGGG_008,40
AGTGAAGGATGGACGACGGG_009,141
AGTGAAGGATGGACGACGGG_010,58
AGTGAAGGATGGACGACGGG_011,137
AGTGAAGGATGGACGACGGG_012,148
AGTGAAGGATGGACGACGGG_013,16
AGTGAAGGATGGACGACGGG_014,49
AGTGAAGGATGGACGACGGG_015,199
AGTGAAGGATGGACGACGGG_016,184
AGTGAAGGATGGACGACGGG_017,172
ATGAGCCGTATGTTGTCAGG_001,50
ATGAGCCGTATGTTGTCAGG_002,122
ATGAGCCGTATGTTGTCAGG_003,87
ATGAGCCGTATGTTGTCAGG_004,57
ATGAGCCGTATGTTGTCAGG_005,165
ATGAGCCGTATGTTGTCAGG_006,197
TGGGATAGCATCATGACCAG_001,131
TGGGATAGCATCATGACCAG_002,27
TGGGATAGCATCATGACCAG_003,80
TGGGATAGCATCATGACCAG_004,72
AGGGGGATTTAAAATCCATG_001,81
AGGGGGATTTAAAATCCATG_002,144
AGGGGGATTTAAAATCCATG_003,51
AGGGGGATTTAAAATCCATG_004,15
CACGGAAATGATCATAACCA_001,129
TACCAAGGACTGGCATTCGG_001,139
TACCAAGGACTGGCATTCGG_002,41
TACCAAGGACTGGCATTCGG_003,75
TACCAAGGACTGGCATTCGG_004,160
TACCAAGGACTGGCATTCGG_005,168
TACCAAGGACTGGCATTCGG_006,81
TACCAAGGACTGGCATTCGG_007,40
TACCAAGGACTGGCATTCGG_008,106
TACCAAGGACTGGCATTCGG_009,56
TACCAAGGACTGGCATTCGG_010,180
GCATCACTCCTCCAACATGA_001,1
GCATCACTCCTCCAACATGA_002,150
GCATCACTCCTCCAACATGA_003,9
GCATCACTCCTCCAACATGA_004,162
GCATCACTCCTCCAACATGA_005,3
GCATCACTCCTCCAACATGA_006,191
TGCTTTACATCCTCGACCAA_001,58
TGCTTTACATCCTCGACCAA_002,162
TGCTTTACATCCTCGACCAA_003,155
TGCTTTACATCCTCGACCAA_004,127
TGCTTTACATCCTCGACCAA_005,16
TGCTTTACATCCTCGACCAA_006,173
TGCTTTACATCCTCGACCAA_007,116
TGCTTTACATCCTCGACCAA_008,188
ATAACCTGTAAGCCCCACAA_001,15
ATAACCTGTAAGCCCCACAA_002,70
ATAACCTGTAAGCCCCACAA_003,23
ATAACCTGTAAGCCCCACAA_004,63
ATAACCTGTAAGCCCCACAA_005,50
ATAACCTGTAAGCCCCACAA_006,169
ATAACCTGTAAGCCCCACAA_007,151
ATAACCTGTAAGCCCCACAA_008,125
ATAACCTGTAAGCCCCACAA_009,138
ATAACCTGTAAGCCCCACAA_010,25
ACTCTTTGGAAGATAGTCCT_001,16
ACTCTTTGGAAGATAGTCCT_002,76
ACTCTTTGGAAGATAGTCCT_003,29
ACTCTTTGGAAGATAGTCCT_004,40
ACTCTTTGGAAGATAGTCCT_005,104
AGAGCTGGTCAAGTTCATTG_001,58
AGAGCTGGTCAAGTTCATTG_002,189
AGAGCTGGTCAAGTTCATTG_003,195
AGAGCTGGTCAAGTTCATTG_004,58
AGAGCTGGTCAAGTTCATTG_005,33
AGAGCTGGTCAAGTTCATTG_006,2
AGAGCTGGTCAAGTTCATTG_007,161
AGTCCCTGCCGAATTAGCAG_001,183
AGTCCCTGCCGAATTAGCAG_002,119
AGTCCCTGCCGAATTAGCAG_003,93
AGTCCCTGCCGAATTAGCAG_004,17
AGTCCCTGCCGAATTAGCAG_005,27
AGTCCCTGCCGAATTAGCAG_006,170
AGTCCCTGCCGAATTAGCAG_007,115
AGTCCCTGCCGAATTAGCAG_008,188
AGTCCCTGCCGAATTAGCAG_009,77
AGTCCCTGCCGAATTAGCAG_010,43
AGTCCCTGCCGAATTAGCAG_011,118
AGTCCCTGCCGAATTAGCAG_012,198
AGTCCCTGCCGAATTAGCAG_013,105
AGTCCCTGCCGAATTAGCAG_014,29
TGTTCTGCCGGATCGCGGGG_001,51
TGTTCTGCCGGATCGCGGGG_002,148
TCCCTATTGAGCTCGTGGAC_001,194
TCCCTATTGAGCTCGTGGAC_002,0
TCCCTATTGAGCTCGTGGAC_003,81
TCCCTATTGAGCTCGTGGAC_004,39
TCCCTATTGAGCTCGTGGAC_005,181
TCCCTATTGAGCTCGTGGAC_006,188
TCCCTATTGAGCTCGTGGAC_007,144
TCCCTATTGAGCTCGTGGAC_008,108
TCCCTATTGAGCTCGTGGAC_009,6
TCCCTATTGAGCTCGTGGAC_010,6
TCCCTATTGAGCTCGTGGAC_011,116
TCCCTATTGAGCTCGTGGAC_012,160
TCCCTATTGAGCTCGTGGAC_013,16
TCCCTATTGAGCTCGTGGAC_014,89
TCCCTATTGAGCTCGTGGAC_015,138
GCTTGTTGAATCACTGATCG_001,182
GCTTGTTGAATCACTGATCG_002,50
GCTTGTTGAATCACTGATCG_003,187
GCTTGTTGAATCACTGATCG_004,76
GCTTGTTGAATCACTGATCG_005,92
GCTTGTTGAATCACTGATCG_006,1
GCTTGTTGAATCACTGATCG_007,129
GCTTGTTGAATCACTGATCG_008,29
GCTTGTTGAATCACTGATCG_009,128
GCTTGTTGAATCACTGATCG_010,111
TGTGACGGTGGATGTTACAG_001,119
TGTGACGGTGGATGTTACAG_002,17
TGTGACGGTGGATGTTACAG_003,116
TGTGACGGTGGATGTTACAG_004,173
TGTGACGGTGGATGTTACAG_005,48
ACGAAGATCGCCACACCGCG_001,6
ACGAAGATCGCCACACCGCG_002,112
ACGAAGATCGCCACACCGCG_003,126
ACGAAGATCGCCACACCGCG_004,50
ACGAAGATCGCCACACCGCG_005,118
ATAATAACCATGTATCTCAG_001,106
ATAATAACCATGTATCTCAG_002,136
ATAATAACCATGTATCTCAG_003,158
ATAATAACCATGTATCTCAG_004,148
ATAATAACCATGTATCTCAG_005,85
ATAATAACCATGTATCTCAG_006,48
ATAATAACCATGTATCTCAG_007,168
ATAATAACCATGTATCTCAG_008,197
ATAATAACCATGTATCTCAG_009,172
CTGAACGAGCATTACCAAGG_001,140
CTGAACGAGCATTACCAAGG_002,161
CTGAACGAGCATTACCAAGG_003,31
CTGAACGAGCATTACCAAGG_004,19
CTGAACGAGCATTACCAAGG_005,127
CTGAACGAGCATTACCAAGG_006,190
CCATTCCTATCCAAATCTCC_001,167
CCATTCCTATCCAAATCTCC_002,168
CCATTCCTATCCAAATCTCC_003,17
CCATTCCTATCCAAATCTCC_004,78
CCCTACCAATGTGAGAAATG_001,94
CCCTACCAATGTGAGAAATG_002,183
CCCTACCAATGTGAGAAATG_003,89
CCCTACCAATGTGAGAAATG_004,191
CCCTACCAATGTGAGAAATG_005,17
CCCTACCAATGTGAGAAATG_006,131
CCCTACCAATGTGAGAAATG_007,9
CCCTACCAATGTGAGAAATG_008,16
CCCTACCAATGTGAGAAATG_009,127
CCCTACCAATGTGAGAAATG_010,43
CCCTACCAATGTGAGAAATG_011,62
CCCTACCAATGTGAGAAATG_012,13
CCCTACCAATGTGAGAAATG_013,56
AAGGTTAGGAATTTCTTGGG_001,27
AAGGTTAGGAATTTCTTGGG_002,1
GAGTGAGGATCTACTTTAGG_001,34
GAGTGAGGATCTACTTTAGG_002,116
GAGTGAGGATCTACTTTAGG_003,117
GAGTGAGGATCTACTTTAGG_004,82
GAGTGAGGATCTACTTTAGG_005,120
GAGTGAGGATCTACTTTAGG_006,49
ACTTCAAATTTAGGACACAG_001,102
ACTTCAAATTTAGGACACAG_002,118
ACTTCAAATTTAGGACACAG_003,119
ACTTCAAATTTAGGACACAG_004,67
ACTTCAAATTTAGGACACAG_005,41
ACTTCAAATTTAGGACACAG_006,78
ACTTCAAATTTAGGACACAG_007,145
ACTTCAAATTTAGGACACAG_008,11
ACTTCAAATTTAGGACACAG_009,81
ACTTCAAATTTAGGACACAG_010,170
ACTTCAAATTTAGGACACAG_011,166
ACTTCAAATTTAGGACACAG_012,82
ACTTCAAATTTAGGACACAG_013,107
ACTTCAAATTTAGGACACAG_014,28
TGCCATTTACAAGCGCACAC_001,171
TGCCATTTACAAGCGCACAC_002,15
TGCCATTTACAAGCGCACAC_003,79
TGCCATTTACAAGCGCACAC_004,70
TGCCATTTACAAGCGCACAC_005,170
TGCCATTTACAAGCGCACAC_006,145
TGCCATTTACAAGCGCACAC_007,88
TGCCATTTACAAGCGCACAC_008,50
TGCCATTTACAAGCGCACAC_009,139
TGCCATTTACAAGCGCACAC_010,139
TGCCATTTACAAGCGCACAC_011,35
TGCCATTTACAAGCGCACAC_012,76
TGCCATTTACAAGCGCACAC_013,147
TGCCATTTACAAGCGCACAC_014,150
TGCCATTTACAAGCGCACAC_015,180
TGCCATTTACAAGCGCACAC_016,13
TGCTGAAGATGTGCAGCGCG_001,192
AGAGTAAGCAGGAAATTCAC_001,171
AGAGTAAGCAGGAAATTCAC_002,68
AGAGTAAGCAGGAAATTCAC_003,67
AGAGTAAGCAGGAAATTCAC_004,74
AGAGTAAGCAGGAAATTCAC_005,91
AGAGTAAGCAGGAAATTCAC_006,123
AGCATGGGAAGGTCGCCGAG_001,1
AGCATGGGAAGGTCGCCGAG_002,177
AGCATGGGAAGGTCGCCGAG_003,179
AGCATGGGAAGGTCGCCGAG_004,68
AGCATGGGAAGGTCGCCGAG_005,0
AGCATGGGAAGGTCGCCGAG_006,61
AGCATGGGAAGGTCGCCGAG_007,130
CTTAGGATCTCGTCTAAGGG_001,65
CTTAGGATCTCGTCTAAGGG_002,150
CTTAGGATCTCGTCTAAGGG_003,163
CTTAGGATCTCGTCTAAGGG_004,38
CTTAGGATCTCGTCTAAGGG_005,114
CTTAGGATCTCGTCTAAGGG_006,34
CTTAGGATCTCGTCTAAGGG_007,163
CTTAGGATCTCGTCTAAGGG_008,9
CTTAGGATCTCGTCTAAGGG_009,8
CTTAGGATCTCGTCTAAGGG_010,121
CTTAGGATCTCGTCTAAGGG_011,127
CTTAGGATCTCGTCTAAGGG_012,191
CTTAGGATCTCGTCTAAGGG_013,158
CTTAGGATCTCGTCTAAGGG_014,147
CTTAGGATCTCGTCTAAGGG_015,83
CTTAGGATCTCGTCTAAGGG_016,66
CAGACACCCATTCAGTGGTG_001,185
CAGACACCCATTCAGTGGTG_002,61
CAGACACCCATTCAGTGGTG_003,25
CAGACACCCATTCAGTGGTG_004,13
CAGACACCCATTCAGTGGTG_005,125
CAGACACCCATTCAGTGGTG_006,90
CAGACACCCATTCAGTGGTG_007,123
CAGACACCCATTCAGTGGTG_008,68
CAGACACCCATTCAGTGGTG_009,153
CAGACACCCATTCAGTGGTG_010,107
CAAGAACAAGTGTATTATGT_001,127
CCATGGAGTATTACAACTGG_001,159
CCATGGAGTATTACAACTGG_002,2
CCATGGAGTATTACAACTGG_003,146
AACACGATGTGCAAGATCAG_001,102
AACACGATGTGCAAGATCAG_002,184
AACACGATGTGCAAGATCAG_003,19
AACACGATGTGCAAGATCAG_004,8
AACACGATGTGCAAGATCAG_005,83
AACACGATGTGCAAGATCAG_006,50
AACACGATGTGCAAGATCAG_007,23
AACACGATGTGCAAGATCAG_008,70
AACACGATGTGCAAGATCAG_009,4
AACACGATGTGCAAGATCAG_010,176
AACACGATGTGCAAGATCAG_011,194
AACACGATGTGCAAGATCAG_012,130
AACACGATGTGCAAGATCAG_013,14
AACACGATGTGCAAGATCAG_014,26
AACACGATGTGCAAGATCAG_015,15
AACACGATGTGCAAGATCAG_016,35
AACACGATGTGCAAGATCAG_017,145
AACACGATGTGCAAGATCAG_018,85
AACACGATGTGCAAGATCAG_019,45
AACACGATGTGCAAGATCAG_020,107
AACACGATGTGCAAGATCAG_021,65
AACACGATGTGCAAGATCAG_022,14
AACACGATGTGCAAGATCAG_023,121
AACACGATGTGCAAGATCAG_024,17
AACACGATGTGCAAGATCAG_025,198
AACACGATGTGCAAGATCAG_026,138
AACACGATGTGCAAGATCAG_027,140
AACACGATGTGCAAGATCAG_028,152
AACACGATGTGCAAGATCAG_029,66
AACACGATGTGCAAGATCAG_030,48
AACACGATGTGCAAGATCAG_031,9
CTCATCCAGGGTTCCCCGTG_001,83
CTCATCCAGGGTTCCCCGTG_002,154
CTCATCCAGGGTTCCCCGTG_003,88
CTCATCCAGGGTTCCCCGTG_004,98
CTCATCCAGGGTTCCCCGTG_005,10
CTCATCCAGGGTTCCCCGTG_006,57
AGCATACGATCCATCACGCT_001,177
AGCATACGATCCATCACGCT_002,127
CCACAACACTAGAACAGTTG_001,142
CCACAACACTAGAACAGTTG_002,165
GAAGCTCTTTATCGAAGTTG_001,146
GAAGCTCTTTATCGAAGTTG_002,9
ATTTAGAAGAGAGGTTCCAG_001,27
ATTTAGAAGAGAGGTTCCAG_002,111
ATTTAGAAGAGAGGTTCCAG_003,62
ATTTAGAAGAGAGGTTCCAG_004,183
ATTTAGAAGAGAGGTTCCAG_005,13
ATTTAGAAGAGAGGTTCCAG_006,167
ATTTAGAAGAGAGGTTCCAG_007,10
CCTCCTTTGACCATGAAAGC_001,77
CCTCCTTTGACCATGAAAGC_002,130
GACTGATCCACAGAATATGG_001,113
GACTGATCCACAGAATATGG_002,161
GGAATTGACAGATTACCAGT_001,72
AAGCCAAACAGAAACTCCTG_001,176
AAGCCAAACAGAAACTCCTG_002,69
AAGCCAAACAGAAACTCCTG_003,172
AAGCCAAACAGAAACTCCTG_004,29
AAGCCAAACAGAAACTCCTG_005,24
AAGCCAAACAGAAACTCCTG_006,70
AAGCCAAACAGAAACTCCTG_007,183
AAGCCAAACAGAAACTCCTG_008,4
AAGCCAAACAGAAACTCCTG_009,113
AAGCCAAACAGAAACTCCTG_010,94
AAGCCAAACAGAAACTCCTG_011,165
AAGCCAAACAGAAACTCCTG_012,58
AAGCCAAACAGAAACTCCTG_013,22
AAGCCAAACAGAAACTCCTG_014,107
AAGCCAAACAGAAACTCCTG_015,120
AAGCCAAACAGAAACTCCTG_016,137
AAGCCAAACAGAAACTCCTG_017,67
AAGCCAAACAGAAACTCCTG_018,137
GGGAGCCAACACCCTCGCTG_001,103
GGGAGCCAACACCCTCGCTG_002,191
GGGAGCCAACACCCTCGCTG_003,70
GGGAGCCAACACCCTCGCTG_004,88
GGGAGCCAACACCCTCGCTG_005,43
GGGAGCCAACACCCTCGCTG_006,94
GGGAGCCAACACCCTCGCTG_007,62
GGGAGCCAACACCCTCGCTG_008,183
GGGAGCCAACACCCTCGCTG_009,9
GGGAGCCAACACCCTCGCTG_010,105
GGGAGCCAACACCCTCGCTG_011,143
GGGAGCCAACACCCTCGCTG_012,74
GGGAGCCAACACCCTCGCTG_013,121
GGGAGCCAACACCCTCGCTG_014,184
GGGAGCCAACACCCTCGCTG_015,140
GGGAGCCAACACCCTCGCTG_016,116
GGGAGCCAACACCCTCGCTG_017,119
GGGAGCCAACACCCTCGCTG_018,162
GGGAGCCAACACCCTCGCTG_019,92
GGGAGCCAACACCCTCGCTG_020,50
GGGAGCCAACACCCTCGCTG_021,133
GGGAGCCAACACCCTCGCTG_022,159
GGGAGCCAACACCCTCGCTG_023,125
GGGAGCCAACACCCTCGCTG_024,47
GGGAGCCAACACCCTCGCTG_025,169
GGGAGCCAACACCCTCGCTG_026,146
GGGAGCCAACACCCTCGCTG_027,197
GGGAGCCAACACCCTCGCTG_028,56
GGGAGCCAACACCCTCGCTG_029,28
GGGAGCCAACACCCTCGCTG_030,64
GGGAGCCAACACCCTCGCTG_031,179
GGGAGCCAACACCCTCGCTG_032,99
AGGGAAATCAAATCGTCATG_001,5
AGGGAAATCAAATCGTCATG_002,35
AGGGAAATCAAATCGTCATG_003,171
AGGGAAATCAAATCGTCATG_004,118
AAGACAGAAAACCCTACCTG_001,122
AAGACAGAAAACCCTACCTG_002,196
AAGACAGAAAACCCTACCTG_003,127
AAGACAGAAAACCCTACCTG_004,1
AAGACAGAAAACCCTACCTG_005,154
AAGACAGAAAACCCTACCTG_006,9
AAGACAGAAAACCCTACCTG_007,192
AAGACAGAAAACCCTACCTG_008,16
AAGACAGAAAACCCTACCTG_009,24
AAGACAGAAAACCCTACCTG_010,9
AAGACAGAAAACCCTACCTG_011,29
AAGACAGAAAACCCTACCTG_012,68
AAGACAGAAAACCCTACCTG_013,90
AGTGATATGTACTCCTACTG_001,81
AGTGATATGTACTCCTACTG_002,74
AGTGATATGTACTCCTACTG_003,53
AGTGATATGTACTCCTACTG_004,5
AGTGATATGTACTCCTACTG_005,15
GGAATCTATCAGCATCAACA_001,193
GGAATCTATCAGCATCAACA_002,174
GGAATCTATCAGCATCAACA_003,5
GGAATCTATCAGCATCAACA_004,34
GGAATCTATCAGCATCAACA_005,168
GGAATCTATCAGCATCAACA_006,58
GGAATCTATCAGCATCAACA_007,195
GGAATCTATCAGCATCAACA_008,188
GGAATCTATCAGCATCAACA_009,134
GGAATCTATCAGCATCAACA_010,88
GGAATCTATCAGCATCAACA_011,120
GGAATCTATCAGCATCAACA_012,35
GGAATCTATCAGCATCAACA_013,134
GGAATCTATCAGCATCAACA_014,60
TAAAGCTATAGGCTTTGTGA_001,29
TAAAGCTATAGGCTTTGTGA_002,169
TGGTACTCAACTGATGAACC_001,170
TGGTACTCAACTGATGAACC_002,45
TGGTACTCAACTGATGAACC_003,134
AGAGAGCCCACAGACGCCAT_001,68
AGAGAGCCCACAGACGCCAT_002,190
AGAGAGCCCACAGACGCCAT_003,141
AGAGAGCCCACAGACGCCAT_004,41
AGAGAGCCCACAGACGCCAT_005,2
AGAGAGCCCACAGACGCCAT_006,198
AGAGAGCCCACAGACGCCAT_007,119
AGAGAGCCCACAGACGCCAT_008,171
AGAGAGCCCACAGACGCCAT_009,83
AGAGAGCCCACAGACGCCAT_010,115
AGAGAGCCCACAGACGCCAT_011,127
AGAGAGCCCACAGACGCCAT_012,94
AGAGAGCCCACAGACGCCAT_013,173
AGAGAGCCCACAGACGCCAT_014,9
AGAGAGCCCACAGACGCCAT_015,184
AGAGAGCCCACAGACGCCAT_016,96
AGAGAGCCCACAGACGCCAT_017,178
AGAGAGCCCACAGACGCCAT_018,39
AGAGAGCCCACAGACGCCAT_019,110
AGAGAGCCCACAGACGCCAT_020,29
AGAGAGCCCACAGACGCCAT_021,36
AGAGAGCCCACAGACGCCAT_022,179
AGAGAGCCCACAGACGCCAT_023,176
AGAGAGCCCACAGACGCCAT_024,84
AGAGAGCCCACAGACGCCAT_025,33
AGAGAGCCCACAGACGCCAT_026,62
AGAGAGCCCACAGACGCCAT_027,147
AGAGAGCCCACAGACGCCAT_028,128
AGAGAGCCCACAGACGCCAT_029,62
AGAGAGCCCACAGACGCCAT_030,145
AGAGAGCCCACAGACGCCAT_031,40
AGAGAGCCCACAGACGCCAT_032,82
AGAGAGCCCACAGACGCCAT_033,197
AGAGAGCCCACAGACGCCAT_034,136
AGAGAGCCCACAGACGCCAT_035,40
AGAGAGCCCACAGACGCCAT_036,33
AGAGAGCCCACAGACGCCAT_037,77
AGAGAGCCCACAGACGCCAT_038,78
AGAGAGCCCACAGACGCCAT_039,108
AGAGAGCCCACAGACGCCAT_040,36
CACACCCAGGGTGTAAACGT_001,144
CACACCCAGGGTGTAAACGT_002,2
CACACCCAGGGTGTAAACGT_003,158
CCGCAGCACCTTACTCCAGA_001,189
CCGCAGCACCTTACTCCAGA_002,16
CCGCAGCACCTTACTCCAGA_003,70
CCGCAGCACCTTACTCCAGA_004,93
CCGCAGCACCTTACTCCAGA_005,177
CCGCAGCACCTTACTCCAGA_006,179
CCGCAGCACCTTACTCCAGA_007,161
CCGCAGCACCTTACTCCAGA_008,199
ATAATAGTGAGTGCTATCCT_001,60
ATAATAGTGAGTGCTATCCT_002,70
ATAATAGTGAGTGCTATCCT_003,168
ATAATAGTGAGTGCTATCCT_004,106
TGGGGCAAGAAGCACGATGT_001,54
TGGGGCAAGAAGCACGATGT_002,40
TGGGGCAAGAAGCACGATGT_003,86
CCATTGGTTATACAGGACAT_001,118
CCATTGGTTATACAGGACAT_002,63
CCATTGGTTATACAGGACAT_003,77
CCATTGGTTATACAGGACAT_004,97
CCATTGGTTATACAGGACAT_005,80
CCATTGGTTATACAGGACAT_006,127
CCATTGGTTATACAGGACAT_007,123
GGCTACGACCCAAATCGGTG_001,163
GGCTACGACCCAAATCGGTG_002,150
GGCTACGACCCAAATCGGTG_003,194
GGCTACGACCCAAATCGGTG_004,198
GGCTACGACCCAAATCGGTG_005,29
GGCTACGACCCAAATCGGTG_006,160
GGCTACGACCCAAATCGGTG_007,147
GGCTACGACCCAAATCGGTG_008,61
GGCTACGACCCAAATCGGTG_009,19
GGCTACGACCCAAATCGGTG_010,83
GGCTACGACCCAAATCGGTG_011,150
GGCTACGACCCAAATCGGTG_012,19
GGCTACGACCCAAATCGGTG_013,108
GGCTACGACCCAAATCGGTG_014,8
GGCTACGACCCAAATCGGTG_015,46
CCTTCAATCTGGCAAAACCA_001,32
CCTTCAATCTGGCAAAACCA_002,88
CCTTCAATCTGGCAAAACCA_003,41
CCTTCAATCTGGCAAAACCA_004,33
CCTTCAATCTGGCAAAACCA_005,151
CCTTCAATCTGGCAAAACCA_006,162
ACTAACAGATCTAGAGCCTG_001,27
ACTAACAGATCTAGAGCCTG_002,43
CAACTCGAGAGGTTCTCCCG_001,169
CAACTCGAGAGGTTCTCCCG_002,173
CAACTCGAGAGGTTCTCCCG_003,107
CAACTCGAGAGGTTCTCCCG_004,47
CAACTCGAGAGGTTCTCCCG_005,152
CAACTCGAGAGGTTCTCCCG_006,125
CAACTCGAGAGGTTCTCCCG_007,67
CAACTCGAGAGGTTCTCCCG_008,12
CAACTCGAGAGGTTCTCCCG_009,145
CAACTCGAGAGGTTCTCCCG_010,141
CAACTCGAGAGGTTCTCCCG_011,160
CAACTCGAGAGGTTCTCCCG_012,128
CAACTCGAGAGGTTCTCCCG_013,72
CAACTCGAGAGGTTCTCCCG_014,72
GTCGGATTAGTGATGTACTG_001,26
GTCGGATTAGTGATGTACTG_002,175
GTCGGATTAGTGATGTACTG_003,172
GTCGGATTAGTGATGTACTG_004,144
GTCGGATTAGTGATGTACTG_005,78
GTCGGATTAGTGATGTACTG_006,62
GTCGGATTAGTGATGTACTG_007,70
GTCGGATTAGTGATGTACTG_008,100
GTCGGATTAGTGATGTACTG_009,124
CTTCCAACTCATTAGGGACC_001,127
CTTCCAACTCATTAGGGACC_002,129
CTTCCAACTCATTAGGGACC_003,58
CTTCCAACTCATTAGGGACC_004,126
GAGATGGTGGATGAACCCAC_001,142
GAGATGGTGGATGAACCCAC_002,175
GAGATGGTGGATGAACCCAC_003,175
GAGATGGTGGATGAACCCAC_004,193
GAGATGGTGGATGAACCCAC_005,8
GAGATGGTGGATGAACCCAC_006,5
GAGATGGTGGATGAACCCAC_007,117
GAGATGGTGGATGAACCCAC_008,147
GAGATGGTGGATGAACCCAC_009,137
GAGATGGTGGATGAACCCAC_010,103
GAGATGGTGGATGAACCCAC_011,162
GAGATGGTGGATGAACCCAC_012,58
GAGATGGTGGATGAACCCAC_013,117
GAGATGGTGGATGAACCCAC_014,81
GAGATGGTGGATGAACCCAC_015,66
GAGATGGTGGATGAACCCAC_016,134
GAGATGGTGGATGAACCCAC_017,58
GAGATGGTGGATGAACCCAC_018,48
GAGATGGTGGATGAACCCAC_019,176
GAGATGGTGGATGAACCCAC_020,41
GAGATGGTGGATGAACCCAC_021,182
GAGATGGTGGATGAACCCAC_022,15
GAGATGGTGGATGAACCCAC_023,6
GAGATGGTGGATGAACCCAC_024,63
GAGATGGTGGATGAACCCAC_025,52
GAGATGGTGGATGAACCCAC_026,117
TGATGTTGTAAAGCAAAGGG_001,175
TGATGTTGTAAAGCAAAGGG_002,150
TGATGTTGTAAAGCAAAGGG_003,60
TGCCCCCCTTAGCTAAACTG_001,73
TGCCCCCCTTAGCTAAACTG_002,123
TGCCCCCCTTAGCTAAACTG_003,103
TGCCCCCCTTAGCTAAACTG_004,48
TGCCCCCCTTAGCTAAACTG_005,30
TGCCCCCCTTAGCTAAACTG_006,67
TGCCCCCCTTAGCTAAACTG_007,193
TGCCCCCCTTAGCTAAACTG_008,122
TGCCCCCCTTAGCTAAACTG_009,70
TGCCCCCCTTAGCTAAACTG_010,124
TGCCCCCCTTAGCTAAACTG_011,85
TGCCCCCCTTAGCTAAACTG_012,77
ATCCAGATCCTCCAAATCAG_001,27
ATCCAGATCCTCCAAATCAG_002,65
ATCCAGATCCTCCAAATCAG_003,32
ATCCAGATCCTCCAAATCAG_004,22
ATCCAGATCCTCCAAATCAG_005,67
ATCCAGATCCTCCAAATCAG_006,150
ATCCAGATCCTCCAAATCAG_007,1
ATCCAGATCCTCCAAATCAG_008,1
ATCCAGATCCTCCAAATCAG_009,126
ATCCAGATCCTCCAAATCAG_010,169
ATCCAGATCCTCCAAATCAG_011,7
ATCCAGATCCTCCAAATCAG_012,169
ATCCAGATCCTCCAAATCAG_013,181
ATCCAGATCCTCCAAATCAG_014,118
ATCCAGATCCTCCAAATCAG_015,162
GGGGAACGTAGCCAAAACCC_001,8
TGTGACGGAGGAGTGCCTGG_001,108
TGTGACGGAGGAGTGCCTGG_002,82
AGTGGAACTTGCCTGTGCTG_001,127
AGTGGAACTTGCCTGTGCTG_002,64
AGTGGAACTTGCCTGTGCTG_003,139
AGTGGAACTTGCCTGTGCTG_004,98
AGTGGAACTTGCCTGTGCTG_005,145
AGTGGAACTTGCCTGTGCTG_006,126
AGTGGAACTTGCCTGTGCTG_007,102
AGTGGAACTTGCCTGTGCTG_008,148
AGTGGAACTTGCCTGTGCTG_009,157
AGTGGAACTTGCCTGTGCTG_010,49
AGTGGAACTTGCCTGTGCTG_011,108
AGTGGAACTTGCCTGTGCTG_012,149
AGTGGAACTTGCCTGTGCTG_013,120
AGTGGAACTTGCCTGTGCTG_014,98
GGAGAGTATAGTCTATACAT_001,76
GGAGAGTATAGTCTATACAT_002,105
TTACCACAGCAACAGATATG_001,24
TTACCACAGCAACAGATATG_002,80
TTACCACAGCAACAGATATG_003,196
TTACCACAGCAACAGATATG_004,183
TTACCACAGCAACAGATATG_005,116
TTACCACAGCAACAGATATG_006,68
TTACCACAGCAACAGATATG_007,144
TTACCACAGCAACAGATATG_008,156
TTACCACAGCAACAGATATG_009,152
TTACCACAGCAACAGATATG_010,105
TTACCACAGCAACAGATATG_011,12
TTACCACAGCAACAGATATG_012,5
TTACCACAGCAACAGATATG_013,127
TTACCACAGCAACAGATATG_014,109
TTACCACAGCAACAGATATG_015,192
TTACCACAGCAACAGATATG_016,108
TTACCACAGCAACAGATATG_017,182
TTACCACAGCAACAGATATG_018,38
TTACCACAGCAACAGATATG_019,181
TTACCACAGCAACAGATATG_020,158
TTACCACAGCAACAGATATG_021,32
TTACCACAGCAACAGATATG_022,94
TTACCACAGCAACAGATATG_023,175
TTACCACAGCAACAGATATG_024,137
TTACCACAGCAACAGATATG_025,62
TTACCACAGCAACAGATATG_026,157
TTACCACAGCAACAGATATG_027,96
TTACCACAGCAACAGATATG_028,174
TTACCACAGCAACAGATATG_029,112
ATGCTAAGTACCTGTGAAAG_001,61
ATGCTAAGTACCTGTGAAAG_002,28
ATGCTAAGTACCTGTGAAAG_003,147
AGACCAATTGCAGTTGACCA_001,188
AGACCAATTGCAGTTGACCA_002,198
AGACCAATTGCAGTTGACCA_003,121
AGACCAATTGCAGTTGACCA_004,187
AGACCAATTGCAGTTGACCA_005,37
AGACCAATTGCAGTTGACCA_006,1
AGACCAATTGCAGTTGACCA_007,169
AGACCAATTGCAGTTGACCA_008,140
AGACCAATTGCAGTTGACCA_009,76
AGACCAATTGCAGTTGACCA_010,105
AGACCAATTGCAGTTGACCA_011,146
AGACCAATTGCAGTTGACCA_012,162
AGACCAATTGCAGTTGACCA_013,160
AGACCAATTGCAGTTGACCA_014,191
AGACCAATTGCAGTTGACCA_015,177
AGAACATGAAGTGCGCCTCG_001,194
AGAACATGAAGTGCGCCTCG_002,191
AGAACATGAAGTGCGCCTCG_003,189
AGAACATGAAGTGCGCCTCG_004,91
AGAACATGAAGTGCGCCTCG_005,4
AGAACATGAAGTGCGCCTCG_006,19
AGAACATGAAGTGCGCCTCG_007,35
AGAACATGAAGTGCGCCTCG_008,148
AGAACATGAAGTGCGCCTCG_009,175
AGAACATGAAGTGCGCCTCG_010,115
AGAACATGAAGTGCGCCTCG_011,170
AGAACATGAAGTGCGCCTCG_012,30
AGAACATGAAGTGCGCCTCG_013,82
AGAACATGAAGTGCGCCTCG_014,148
AGAACATGAAGTGCGCCTCG_015,127
AGAACATGAAGTGCGCCTCG_016,120
AGAACATGAAGTGCGCCTCG_017,106
AGAACATGAAGTGCGCCTCG_018,4
AGAACATGAAGTGCGCCTCG_019,171
AGAACATGAAGTGCGCCTCG_020,149
AGAACATGAAGTGCGCCTCG_021,16
AGAACATGAAGTGCGCCTCG_022,197
GAAGGCATGGAAGTCTACGG_001,92
GAAGGCATGGAAGTCTACGG_002,43
GAAGGCATGGAAGTCTACGG_003,107
GAAGGCATGGAAGTCTACGG_004,196
GAAGGCATGGAAGTCTACGG_005,129
GAAGGCATGGAAGTCTACGG_006,27
GAAGGCATGGAAGTCTACGG_007,82
GAAGGCATGGAAGTCTACGG_008,61
GAAGGCATGGAAGTCTACGG_009,89
GAAGGCATGGAAGTCTACGG_010,150
GAAGGCATGGAAGTCTACGG_011,103
GAAGGCATGGAAGTCTACGG_012,124
GAAGGCATGGAAGTCTACGG_013,48
GAAGGCATGGAAGTCTACGG_014,115
AGAAACTCACATGTCCAGCT_001,27
AGAAACTCACATGTCCAGCT_002,149
AGAAACTCACATGTCCAGCT_003,170
AGAAACTCACATGTCCAGCT_004,182
AGAAACTCACATGTCCAGCT_005,74
AGAAACTCACATGTCCAGCT_006,184
GTCCTCGCACGGCACACACA_001,8
GTCCTCGCACGGCACACACA_002,147
GTCCTCGCACGGCACACACA_003,69
GTCCTCGCACGGCACACACA_004,127
GTCCTCGCACGGCACACACA_005,197
GTCCTCGCACGGCACACACA_006,137
GTCCTCGCACGGCACACACA_007,13
GTCCTCGCACGGCACACACA_008,31
GTCCTCGCACGGCACACACA_009,116
GTCCTCGCACGGCACACACA_010,21
GTCCTCGCACGGCACACACA_011,56
GTCCTCGCACGGCACACACA_012,39
AAGGGCAATGCCAATGACAT_001,158
AAGGGCAATGCCAATGACAT_002,58
AAGGGCAATGCCAATGACAT_003,183
AAGGGCAATGCCAATGACAT_004,58
AAGGGCAATGCCAATGACAT_005,72
AAGGGCAATGCCAATGACAT_006,146
AAGGGCAATGCCAATGACAT_007,176
AAGGGCAATGCCAATGACAT_008,170
AAGGGCAATGCCAATGACAT_009,158
AAGGGCAATGCCAATGACAT_010,56
AAGGGCAATGCCAATGACAT_011,157
AAGGGCAATGCCAATGACAT_012,175
AAGGGCAATGCCAATGACAT_013,43
AAGGGCAATGCCAATGACAT_014,17
AAGGGCAATGCCAATGACAT_015,179
CAGTGGCCAAGTTAGAATGG_001,78
CAGTGGCCAAGTTAGAATGG_002,157
CAGTGGCCAAGTTAGAATGG_003,68
CAGTGGCCAAGTTAGAATGG_004,58
CAGTGGCCAAGTTAGAATGG_005,149
TGCAGCCTGAGTGACTAGGA_001,1
TGCAGCCTGAGTGACTAGGA_002,150
TGCAGCCTGAGTGACTAGGA_003,116
TGCAGCCTGAGTGACTAGGA_004,127
TGCAGCCTGAGTGACTAGGA_005,145
TGCAGCCTGAGTGACTAGGA_006,160
TGCAGCCTGAGTGACTAGGA_007,162
TGCAGCCTGAGTGACTAGGA_008,126
TGCAGCCTGAGTGACTAGGA_009,141
TGCAGCCTGAGTGACTAGGA_010,50
TGCAGCCTGAGTGACTAGGA_011,155
TGCAGCCTGAGTGACTAGGA_012,62
TGCAGCCTGAGTGACTAGGA_013,12
TGCAGCCTGAGTGACTAGGA_014,80
TGCAGCCTGAGTGACTAGGA_015,68
TGCAGCCTGAGTGACTAGGA_016,165
TGCAGCCTGAGTGACTAGGA_017,63
TGCAGCCTGAGTGACTAGGA_018,169
TGCAGCCTGAGTGACTAGGA_019,68
TGCAGCCTGAGTGACTAGGA_020,81
TGCAGCCTGAGTGACTAGGA_021,50
TGCAGCCTGAGTGACTAGGA_022,108
GCAGCGCGGCAGAGTCATGG_001,198
GCAGCGCGGCAGAGTCATGG_002,34
GCAGCGCGGCAGAGTCATGG_003,144
GCAGCGCGGCAGAGTCATGG_004,179
GAGGACCCTGGAAATAGGGT_001,186
GAGGACCCTGGAAATAGGGT_002,115
GAGGACCCTGGAAATAGGGT_003,192
GAGGACCCTGGAAATAGGGT_004,2
CAAAAGGAACATGATGCCCT_001,124
CAAAAGGAACATGATGCCCT_002,2
CAAAAGGAACATGATGCCCT_003,185
CAAAAGGAACATGATGCCCT_004,28
CAAAAGGAACATGATGCCCT_005,141
CAAAAGGAACATGATGCCCT_006,198
CAAAAGGAACATGATGCCCT_007,50
CAAAAGGAACATGATGCCCT_008,177
CAAAAGGAACATGATGCCCT_009,131
CAAAAGGAACATGATGCCCT_010,104
CAAAAGGAACATGATGCCCT_011,167
CAAAAGGAACATGATGCCCT_012,14
CAAAAGGAACATGATGCCCT_013,168
TCTAAGAGTTCGATGATCTG_001,19
TCTAAGAGTTCGATGATCTG_002,149
TCTAAGAGTTCGATGATCTG_003,169
TCTAAGAGTTCGATGATCTG_004,91
GGGACACGGACATGAACAAG_001,27
GGGACACGGACATGAACAAG_002,3
GGGACACGGACATGAACAAG_003,169
GGGACACGGACATGAACAAG_004,60
GGGACACGGACATGAACAAG_005,178
GGGACACGGACATGAACAAG_006,117
GGGACACGGACATGAACAAG_007,140
GGGACACGGACATGAACAAG_008,69
AGAGTGCATCATAGTCCCGG_001,152
AGAGTGCATCATAGTCCCGG_002,94
AGAGTGCATCATAGTCCCGG_003,89
CACTCACTGTTCATCGTAGG_001,96
CACTCACTGTTCATCGTAGG_002,160
CACTCACTGTTCATCGTAGG_003,96
CACTCACTGTTCATCGTAGG_004,98
CACTCACTGTTCATCGTAGG_005,149
CACTCACTGTTCATCGTAGG_006,172
CACTCACTGTTCATCGTAGG_007,58
CACTCACTGTTCATCGTAGG_008,85
CACTCACTGTTCATCGTAGG_009,82
CACTCACTGTTCATCGTAGG_010,82
CACTCACTGTTCATCGTAGG_011,150
CACTCACTGTTCATCGTAGG_012,107
TGTTGTGGCTACAGGCAGAG_001,60
TGTTGTGGCTACAGGCAGAG_002,102
TGTTGTGGCTACAGGCAGAG_003,15
TGTTGTGGCTACAGGCAGAG_004,72
TGTTGTGGCTACAGGCAGAG_005,92
TGTTGTGGCTACAGGCAGAG_006,112
TGTTGTGGCTACAGGCAGAG_007,4
TGTTGTGGCTACAGGCAGAG_008,185
TGTTGTGGCTACAGGCAGAG_009,61
TGTTGTGGCTACAGGCAGAG_010,48
TGTTGTGGCTACAGGCAGAG_011,182
TGTTGTGGCTACAGGCAGAG_012,152
TGTTGTGGCTACAGGCAGAG_013,144
CCTGTAGCACCAGAGAGTTG_001,171
CCTGTAGCACCAGAGAGTTG_002,35
CCTGTAGCACCAGAGAGTTG_003,99
CCTGTAGCACCAGAGAGTTG_004,16
GGCTGTGATGTGGGTTACCG_001,5
GGCTGTGATGTGGGTTACCG_002,117
GGCTGTGATGTGGGTTACCG_003,48
GGCTGTGATGTGGGTTACCG_004,191
GGCTGTGATGTGGGTTACCG_005,48
GGCTGTGATGTGGGTTACCG_006,43
GGCTGTGATGTGGGTTACCG_007,127
GGCTGTGATGTGGGTTACCG_008,151
GGCTGTGATGTGGGTTACCG_009,185
GGCTGTGATGTGGGTTACCG_010,146
GGCTGTGATGTGGGTTACCG_011,37
ACATATGCGCACCAGAGTGC_001,162
ACATATGCGCACCAGAGTGC_002,34
AGATGGCAACTGAACATCCA_001,161
AGATGGCAACTGAACATCCA_002,150
AGATGGCAACTGAACATCCA_003,171
AGATGGCAACTGAACATCCA_004,85
AGATGGCAACTGAACATCCA_005,190
AGATGGCAACTGAACATCCA_006,19
AGATGGCAACTGAACATCCA_007,4
AGATGGCAACTGAACATCCA_008,195
AGATGGCAACTGAACATCCA_009,170
AGATGGCAACTGAACATCCA_010,198
AGATGGCAACTGAACATCCA_011,43
AGATGGCAACTGAACATCCA_012,84
AGATGGCAACTGAACATCCA_013,16
AGATGGCAACTGAACATCCA_014,198
AGATGGCAACTGAACATCCA_015,141
AGATGGCAACTGAACATCCA_016,130
AGATGGCAACTGAACATCCA_017,198
AGATGGCAACTGAACATCCA_018,120
AGATGGCAACTGAACATCCA_019,94
AGATGGCAACTGAACATCCA_020,56
AGGTACTGATGGCGTCCCAA_001,6
AGGTACTGATGGCGTCCCAA_002,58
AGGTACTGATGGCGTCCCAA_003,127
AGGTACTGATGGCGTCCCAA_004,32
AGGTACTGATGGCGTCCCAA_005,60
AGGTACTGATGGCGTCCCAA_006,184
AGGTACTGATGGCGTCCCAA_007,103
AGGTACTGATGGCGTCCCAA_008,149
AGGTACTGATGGCGTCCCAA_009,198
AGGTACTGATGGCGTCCCAA_010,117
AGGTACTGATGGCGTCCCAA_011,41
AGGTACTGATGGCGTCCCAA_012,192
AGGTACTGATGGCGTCCCAA_013,184
AGGTACTGATGGCGTCCCAA_014,157
AGGTACTGATGGCGTCCCAA_015,27
AGGTACTGATGGCGTCCCAA_016,98
AGGTACTGATGGCGTCCCAA_017,97
AGGTACTGATGGCGTCCCAA_018,196
AGGTACTGATGGCGTCCCAA_019,178
AGGTACTGATGGCGTCCCAA_020,0
AGGTACTGATGGCGTCCCAA_021,32
AGGTACTGATGGCGTCCCAA_022,170
AGGTACTGATGGCGTCCCAA_023,15
AGGTACTGATGGCGTCCCAA_024,129
ATGGCGTGGCGAAAAAGTGG_001,160
ATGGCGTGGCGAAAAAGTGG_002,160
ATGGCGTGGCGAAAAAGTGG_003,164
ATGGCGTGGCGAAAAAGTGG_004,150
ATGGCGTGGCGAAAAAGTGG_005,8
ATGGCGTGGCGAAAAAGTGG_006,56
ATGGCGTGGCGAAAAAGTGG_007,134
ATGGCGTGGCGAAAAAGTGG_008,147
ATGGCGTGGCGAAAAAGTGG_009,158
ATGGCGTGGCGAAAAAGTGG_010,62
ATGGCGTGGCGAAAAAGTGG_011,37
ATGGCGTGGCGAAAAAGTGG_012,180
ACTCGGGCCACAAAGTTACT_001,35
ACTCGGGCCACAAAGTTACT_002,162
ACTCGGGCCACAAAGTTACT_003,43
ACTCGGGCCACAAAGTTACT_004,55
ACTCGGGCCACAAAGTTACT_005,77
ACTCGGGCCACAAAGTTACT_006,158
ACTCGGGCCACAAAGTTACT_007,65
ACTCGGGCCACAAAGTTACT_008,58
ACTCGGGCCACAAAGTTACT_009,190
ACTCGGGCCACAAAGTTACT_010,17
ACTCGGGCCACAAAGTTACT_011,11
ACTCGGGCCACAAAGTTACT_012,31
ACTCGGGCCACAAAGTTACT_013,50
ACTCGGGCCACAAAGTTACT_014,34
ACTCGGGCCACAAAGTTACT_015,108
ACTCGGGCCACAAAGTTACT_016,94
ACTCGGGCCACAAAGTTACT_017,106
CATCAACCCCAGTAACCGCA_001,13
CATCAACCCCAGTAACCGCA_002,72
CATCAACCCCAGTAACCGCA_003,176
CATCAACCCCAGTAACCGCA_004,88
CATCAACCCCAGTAACCGCA_005,47
CATCAACCCCAGTAACCGCA_006,81
CATCAACCCCAGTAACCGCA_007,192
CATCAACCCCAGTAACCGCA_008,170
CATCAACCCCAGTAACCGCA_009,12
CATCAACCCCAGTAACCGCA_010,77
CATCAACCCCAGTAACCGCA_011,180
TTGTTAATACAACCCCAGTG_001,146
TTGTTAATACAACCCCAGTG_002,67
TTGTTAATACAACCCCAGTG_003,76
TTGTTAATACAACCCCAGTG_004,133
TTGTTAATACAACCCCAGTG_005,193
TTGTTAATACAACCCCAGTG_006,152
TTGTTAATACAACCCCAGTG_007,190
TTGTTAATACAACCCCAGTG_008,182
TTGTTAATACAACCCCAGTG_009,26
TCTGGAGAATGGTACAAGAG_001,169
TCTGGAGAATGGTACAAGAG_002,166
AAGCAGCCAGACATCACGGA_001,126
AAGCAGCCAGACATCACGGA_002,54
AAGCAGCCAGACATCACGGA_003,191
AAGCAGCCAGACATCACGGA_004,29
AAGCAGCCAGACATCACGGA_005,156
AAGCAGCCAGACATCACGGA_006,183
AAGCAGCCAGACATCACGGA_007,40
AAGCAGCCAGACATCACGGA_008,107
AAGCAGCCAGACATCACGGA_009,163
AAGCAGCCAGACATCACGGA_010,170
AAGCAGCCAGACATCACGGA_011,93
AAGCAGCCAGACATCACGGA_012,180
AGACATCCTGACTGTACTTG_001,136
AGACATCCTGACTGTACTTG_002,178
AGACATCCTGACTGTACTTG_003,62
AGACATCCTGACTGTACTTG_004,78
AGACATCCTGACTGTACTTG_005,44
AGACATCCTGACTGTACTTG_006,93
AGACATCCTGACTGTACTTG_007,29
AGACATCCTGACTGTACTTG_008,76
AGACATCCTGACTGTACTTG_009,151
AGACATCCTGACTGTACTTG_010,169
AGACATCCTGACTGTACTTG_011,104
AGACATCCTGACTGTACTTG_012,147
AGACATCCTGACTGTACTTG_013,5
AGACATCCTGACTGTACTTG_014,108
AGACATCCTGACTGTACTTG_015,112
AGACATCCTGACTGTACTTG_016,11
AGACATCCTGACTGTACTTG_017,115
GATAGGGGTGTACCACGCAA_001,125
GATAGGGGTGTACCACGCAA_002,182
GATAGGGGTGTACCACGCAA_003,116
GATAGGGGTGTACCACGCAA_004,166
GATAGGGGTGTACCACGCAA_005,66
GATAGGGGTGTACCACGCAA_006,106
GATAGGGGTGTACCACGCAA_007,12
GATAGGGGTGTACCACGCAA_008,103
GATAGGGGTGTACCACGCAA_009,150
GATAGGGGTGTACCACGCAA_010,198
GCGGCGGGGGCACAGCGTAG_001,138
GCGGCGGGGGCACAGCGTAG_002,14
GCGGCGGGGGCACAGCGTAG_003,158
GCGGCGGGGGCACAGCGTAG_004,121
GCGGCGGGGGCACAGCGTAG_005,33
GCGGCGGGGGCACAGCGTAG_006,80
GCGGCGGGGGCACAGCGTAG_007,50
GCGGCGGGGGCACAGCGTAG_008,50
GCGGCGGGGGCACAGCGTAG_009,44
GCGGCGGGGGCACAGCGTAG_010,1
GCGGCGGGGGCACAGCGTAG_011,166
GCGGCGGGGGCACAGCGTAG_012,157
GCGGCGGGGGCACAGCGTAG_013,48
GCGGCGGGGGCACAGCGTAG_014,128
ATTGTGTGTTGAGCATGATA_001,68
ATTGTGTGTTGAGCATGATA_002,117
ATTGTGTGTTGAGCATGATA_003,172
ATTGTGTGTTGAGCATGATA_004,169
ATTGTGTGTTGAGCATGATA_005,88
ATTGTGTGTTGAGCATGATA_006,146
ATTGTGTGTTGAGCATGATA_007,169
ATTGTGTGTTGAGCATGATA_008,110
ATTGTGTGTTGAGCATGATA_009,116
ATTGTGTGTTGAGCATGATA_010,28
ATTGTGTGTTGAGCATGATA_011,181
ATTGTGTGTTGAGCATGATA_012,1
ATTGTGTGTTGAGCATGATA_013,81
ATTGTGTGTTGAGCATGATA_014,74
ATTGTGTGTTGAGCATGATA_015,63
ATTGTGTGTTGAGCATGATA_016,19
CAGAGATGCGGTACTACCAC_001,36
CAGAGATGCGGTACTACCAC_002,11
CAGAGATGCGGTACTACCAC_003,148
CAGAGATGCGGTACTACCAC_004,174
AAGTGCATCAACCACTACGG_001,160
AAGTGCATCAACCACTACGG_002,23
AAGTGCATCAACCACTACGG_003,48
AAGTGCATCAACCACTACGG_004,83
AAGTGCATCAACCACTACGG_005,107
AAGTGCATCAACCACTACGG_006,45
AAGTGCATCAACCACTACGG_007,182
AAGTGCATCAACCACTACGG_008,123
AAGTGCATCAACCACTACGG_009,108
AAGTGCATCAACCACTACGG_010,108
AAGTGCATCAACCACTACGG_011,125
AAGTGCATCAACCACTACGG_012,72
AAGTGCATCAACCACTACGG_013,169
AAGTGCATCAACCACTACGG_014,8
AAGTGCATCAACCACTACGG_015,122
AAGTGCATCAACCACTACGG_016,123
AAGTGCATCAACCACTACGG_017,165
AAGTGCATCAACCACTACGG_018,27
AAGTGCATCAACCACTACGG_019,199
CGTTCTCGTACTGCAGAAGT_001,147
CGTTCTCGTACTGCAGAAGT_002,177
GAGGTGGGAGTCTGAACTGA_001,88
GAGGTGGGAGTCTGAACTGA_002,12
GAGGTGGGAGTCTGAACTGA_003,121
GAGGTGGGAGTCTGAACTGA_004,28
GAGGTGGGAGTCTGAACTGA_005,102
GAGGTGGGAGTCTGAACTGA_006,4
GAGGTGGGAGTCTGAACTGA_007,74
GAGGTGGGAGTCTGAACTGA_008,41
GAGGTGGGAGTCTGAACTGA_009,31
GAGGTGGGAGTCTGAACTGA_010,137
GAGGTGGGAGTCTGAACTGA_011,78
GAGGTGGGAGTCTGAACTGA_012,75
GAGGTGGGAGTCTGAACTGA_013,25
GAGGTGGGAGTCTGAACTGA_014,83
GAGGTGGGAGTCTGAACTGA_015,118
GAGGTGGGAGTCTGAACTGA_016,166
GAGGTGGGAGTCTGAACTGA_017,77
GAGGTGGGAGTCTGAACTGA_018,134
GAGGTGGGAGTCTGAACTGA_019,17
AGTCACATCTCATATCGCAT_001,45
AGTCACATCTCATATCGCAT_002,187
AGTCACATCTCATATCGCAT_003,42
AGGCCAGCACCTTCACGTCG_001,188
AGGCCAGCACCTTCACGTCG_002,106
AGGCCAGCACCTTCACGTCG_003,157
AGGCCAGCACCTTCACGTCG_004,127
AGGCCAGCACCTTCACGTCG_005,60
AGGCCAGCACCTTCACGTCG_006,107
AGGCCAGCACCTTCACGTCG_007,147
AGGCCAGCACCTTCACGTCG_008,50
AGGCCAGCACCTTCACGTCG_009,170
AGGCCAGCACCTTCACGTCG_010,168
GATGTGATGATTGACACTCA_001,188
GATGTGATGATTGACACTCA_002,149
GATGTGATGATTGACACTCA_003,130
GATGTGATGATTGACACTCA_004,95
CTTGTATCGACATACACACT_001,103
CTTGTATCGACATACACACT_002,24
CTTGTATCGACATACACACT_003,6
GTTCCGACAGATCATTGCTG_001,49
GTTCCGACAGATCATTGCTG_002,184
GTTCCGACAGATCATTGCTG_003,108
GTTCCGACAGATCATTGCTG_004,85
GTTCCGACAGATCATTGCTG_005,88
GTTCCGACAGATCATTGCTG_006,86
GTTCCGACAGATCATTGCTG_007,98
GTTCCGACAGATCATTGCTG_008,88
GTTCCGACAGATCATTGCTG_009,102
TAGAGAAGCACTACAAACAT_001,126
TAGAGAAGCACTACAAACAT_002,56
TAGAGAAGCACTACAAACAT_003,34
TAGAGAAGCACTACAAACAT_004,72
TAGAGAAGCACTACAAACAT_005,63
TAGAGAAGCACTACAAACAT_006,66
TAGAGAAGCACTACAAACAT_007,142
TGATCTACCTGCTTGTGGCC_001,134
TGATCTACCTGCTTGTGGCC_002,156
TGATCTACCTGCTTGTGGCC_003,117
TGATCTACCTGCTTGTGGCC_004,164
TCTTCCGAGGAAGCACATCA_001,47
TCTTCCGAGGAAGCACATCA_002,36
TCTTCCGAGGAAGCACATCA_003,132
TCTTCCGAGGAAGCACATCA_004,123
TCTTCCGAGGAAGCACATCA_005,20
TCTTCCGAGGAAGCACATCA_006,130
TCTTCCGAGGAAGCACATCA_007,162
TCTTCCGAGGAAGCACATCA_008,182
ATTCCTTTGCCCGTAACGTG_001,73
ATTCCTTTGCCCGTAACGTG_002,21
ATTCCTTTGCCCGTAACGTG_003,69
ATTCCTTTGCCCGTAACGTG_004,124
ATTCCTTTGCCCGTAACGTG_005,185
ATTCCTTTGCCCGTAACGTG_006,127
ATTCCTTTGCCCGTAACGTG_007,11
ATTCCTTTGCCCGTAACGTG_008,121
ATTCCTTTGCCCGTAACGTG_009,80
ATTCCTTTGCCCGTAACGTG_010,97
ATTCCTTTGCCCGTAACGTG_011,98
ATTCCTTTGCCCGTAACGTG_012,150
ATTCCTTTGCCCGTAACGTG_013,48
ATTCCTTTGCCCGTAACGTG_014,4
ATTCCTTTGCCCGTAACGTG_015,94
ATTCCTTTGCCCGTAACGTG_016,165
ATTCCTTTGCCCGTAACGTG_017,19
ATTCCTTTGCCCGTAACGTG_018,137
ATTCCTTTGCCCGTAACGTG_019,130
AATAAAATATTCTTACAGTG_001,148
AGATGCGGGACCAAGAGGAG_001,166
AGATGCGGGACCAAGAGGAG_002,161
AGATGCGGGACCAAGAGGAG_003,108
AGATGCGGGACCAAGAGGAG_004,115
AGATGCGGGACCAAGAGGAG_005,67
AGATGCGGGACCAAGAGGAG_006,92
AGATGCGGGACCAAGAGGAG_007,192
AGATGCGGGACCAAGAGGAG_008,187
AGATGCGGGACCAAGAGGAG_009,138
AGATGCGGGACCAAGAGGAG_010,169
AGATGCGGGACCAAGAGGAG_011,34
AGATGCGGGACCAAGAGGAG_012,102
AGATGCGGGACCAAGAGGAG_013,23
AGATGCGGGACCAAGAGGAG_014,166
GGCCTTCGGAAAGAGAGAGC_001,183
GGCCTTCGGAAAGAGAGAGC_002,94
GGCCTTCGGAAAGAGAGAGC_003,5
GGCCTTCGGAAAGAGAGAGC_004,126
GGCCTTCGGAAAGAGAGAGC_005,114
GGCCTTCGGAAAGAGAGAGC_006,114
GGCCTTCGGAAAGAGAGAGC_007,67
ATTCTCTGATGCTTAGCAAG_001,95
ATTCTCTGATGCTTAGCAAG_002,17
ATTCTCTGATGCTTAGCAAG_003,78
ATTCTCTGATGCTTAGCAAG_004,28
ATTCTCTGATGCTTAGCAAG_005,178
AGATCATCTTGAAACCACTG_001,75
AGATCATCTTGAAACCACTG_002,150
AGATCATCTTGAAACCACTG_003,116
AGATCATCTTGAAACCACTG_004,74
AGATCATCTTGAAACCACTG_005,69
AGATCATCTTGAAACCACTG_006,130
AGATCATCTTGAAACCACTG_007,130
AGATCATCTTGAAACCACTG_008,139
AGATCATCTTGAAACCACTG_009,196
AGATCATCTTGAAACCACTG_010,6
AGATCATCTTGAAACCACTG_011,6
AGCATCCACAGATAAAACCG_001,183
AGCATCCACAGATAAAACCG_002,56
AGCATCCACAGATAAAACCG_003,126
AGGATCCAAATGCTGAGGCA_001,177
AGGATCCAAATGCTGAGGCA_002,163
AGGATCCAAATGCTGAGGCA_003,152
AGGATCCAAATGCTGAGGCA_004,43
AGGATCCAAATGCTGAGGCA_005,158
AGGATCCAAATGCTGAGGCA_006,146
GATTCTTAAAGCGTATGTGT_001,15
GATTCTTAAAGCGTATGTGT_002,188
GATTCTTAAAGCGTATGTGT_003,199
GATTCTTAAAGCGTATGTGT_004,188
GATTCTTAAAGCGTATGTGT_005,98
GATTCTTAAAGCGTATGTGT_006,38
GATTCTTAAAGCGTATGTGT_007,197
CCTCTGTGTACTGGACCGAG_001,169
CCTCTGTGTACTGGACCGAG_002,164
CCTCTGTGTACTGGACCGAG_003,164
CCTCTGTGTACTGGACCGAG_004,149
CCTCTGTGTACTGGACCGAG_005,70
CCTCTGTGTACTGGACCGAG_006,46
CCTCTGTGTACTGGACCGAG_007,107
CCTCTGTGTACTGGACCGAG_008,105
CCTCTGTGTACTGGACCGAG_009,140
CCTCTGTGTACTGGACCGAG_010,57
GTTTGGTCGAGGAGTGATAG_001,76
GTTTGGTCGAGGAGTGATAG_002,48
GTTTGGTCGAGGAGTGATAG_003,172
GTTTGGTCGAGGAGTGATAG_004,56
GTTTGGTCGAGGAGTGATAG_005,156
TTGCAGAGAAGCGTTCTACG_001,121
TTGCAGAGAAGCGTTCTACG_002,89
TTGCAGAGAAGCGTTCTACG_003,89
TTGCAGAGAAGCGTTCTACG_004,82
TTGCAGAGAAGCGTTCTACG_005,125
TTGCAGAGAAGCGTTCTACG_006,153
TTGCAGAGAAGCGTTCTACG_007,3
TTGCAGAGAAGCGTTCTACG_008,81
ACTCGAACTCTCCCCATGTG_001,96
ACTCGAACTCTCCCCATGTG_002,172
ACTCGAACTCTCCCCATGTG_003,75
ACTCGAACTCTCCCCATGTG_004,108
ACTCGAACTCTCCCCATGTG_005,145
ACTCGAACTCTCCCCATGTG_006,81
ACTCGAACTCTCCCCATGTG_007,94
ACTCGAACTCTCCCCATGTG_008,120
ACTCGAACTCTCCCCATGTG_009,198
ACTCGAACTCTCCCCATGTG_010,150
ACTCGAACTCTCCCCATGTG_011,177
CCTGCCATCAGGATGTTCAG_001,119
CCTGCCATCAGGATGTTCAG_002,153
CCTGCCATCAGGATGTTCAG_003,46
CTGTAAACGGATAATGGACA_001,157
CTGTAAACGGATAATGGACA_002,35
CTGTAAACGGATAATGGACA_003,129
GGATGAGGTATGCTTCCACG_001,184
GGATGAGGTATGCTTCCACG_002,40
AGACAACAGAGACCTAAAGT_001,188
AGACAACAGAGACCTAAAGT_002,78
AGACAACAGAGACCTAAAGT_003,141
AGACAACAGAGACCTAAAGT_004,68
AGACAACAGAGACCTAAAGT_005,58
AGACAACAGAGACCTAAAGT_006,78
AGACAACAGAGACCTAAAGT_007,130
AGACAACAGAGACCTAAAGT_008,41
AGACAACAGAGACCTAAAGT_009,127
AGACAACAGAGACCTAAAGT_010,162
AGACAACAGAGACCTAAAGT_011,78
TAGACTCTGAAAATTGAAAA_001,170
TAGACTCTGAAAATTGAAAA_002,176
TAGACTCTGAAAATTGAAAA_003,29
TTTGATCTGGCGACACATCG_001,89
TTTGATCTGGCGACACATCG_002,13
TTTGATCTGGCGACACATCG_003,150
TTTGATCTGGCGACACATCG_004,192
TTTGATCTGGCGACACATCG_005,13
TTTGATCTGGCGACACATCG_006,182
TTTGATCTGGCGACACATCG_007,56
TTTGATCTGGCGACACATCG_008,196
TTTGATCTGGCGACACATCG_009,153
TTTGATCTGGCGACACATCG_010,116
TTTGATCTGGCGACACATCG_011,36
TTTGATCTGGCGACACATCG_012,127
TTTGATCTGGCGACACATCG_013,14
ATCACGGAAGTCTCGTCCTG_001,96
ATCACGGAAGTCTCGTCCTG_002,113
ATCACGGAAGTCTCGTCCTG_003,194
ATCACGGAAGTCTCGTCCTG_004,36
ATCACGGAAGTCTCGTCCTG_005,80
ATCACGGAAGTCTCGTCCTG_006,161
ATCACGGAAGTCTCGTCCTG_007,191
ATCACGGAAGTCTCGTCCTG_008,179
ATCACGGAAGTCTCGTCCTG_009,117
ATCACGGAAGTCTCGTCCTG_010,115
ATCACGGAAGTCTCGTCCTG_011,126
ATCACGGAAGTCTCGTCCTG_012,144
ATCACGGAAGTCTCGTCCTG_013,76
ATCACGGAAGTCTCGTCCTG_014,146
ATCACGGAAGTCTCGTCCTG_015,70
ATCACGGAAGTCTCGTCCTG_016,198
ATCACGGAAGTCTCGTCCTG_017,126
ATCACGGAAGTCTCGTCCTG_018,145
ATCACGGAAGTCTCGTCCTG_019,116
ATCACGGAAGTCTCGTCCTG_020,103
TGTCCACAAACGCTGTTCAG_001,54
TGTCCACAAACGCTGTTCAG_002,189
TGTCCACAAACGCTGTTCAG_003,168
TGTCCACAAACGCTGTTCAG_004,163
TGTCCACAAACGCTGTTCAG_005,197
CACAGTAGACGTCAACCGTG_001,138
CACAGTAGACGTCAACCGTG_002,198
CACAGTAGACGTCAACCGTG_003,13
CACAGTAGACGTCAACCGTG_004,57
CACAGTAGACGTCAACCGTG_005,63
CACAGTAGACGTCAACCGTG_006,25
CACAGTAGACGTCAACCGTG_007,66
CACAGTAGACGTCAACCGTG_008,148
CACAGTAGACGTCAACCGTG_009,1
CACAGTAGACGTCAACCGTG_010,38
CACAGTAGACGTCAACCGTG_011,40
CACAGTAGACGTCAACCGTG_012,38
CACAGTAGACGTCAACCGTG_013,147
CACAGTAGACGTCAACCGTG_014,60
CACAGTAGACGTCAACCGTG_015,103
GGGGCCCAATACCGTCGGCA_001,38
GGGGCCCAATACCGTCGGCA_002,49
GGGGCCCAATACCGTCGGCA_003,144
GGGGCCCAATACCGTCGGCA_004,21
GGGGCCCAATACCGTCGGCA_005,150
GGGGCCCAATACCGTCGGCA_006,106
GGGGCCCAATACCGTCGGCA_007,130
GGGGCCCAATACCGTCGGCA_008,89
GGGGCCCAATACCGTCGGCA_009,177
GGGGCCCAATACCGTCGGCA_010,49
GGGGCCCAATACCGTCGGCA_011,41
GGGGCCCAATACCGTCGGCA_012,9
GGGGCCCAATACCGTCGGCA_013,4
GGGGCCCAATACCGTCGGCA_014,75
GGGGCCCAATACCGTCGGCA_015,123
GGGGCCCAATACCGTCGGCA_016,141
GGGGCCCAATACCGTCGGCA_017,158
GGGGCCCAATACCGTCGGCA_018,58
GGGGCCCAATACCGTCGGCA_019,4
GGGGCCCAATACCGTCGGCA_020,145
GGGGCCCAATACCGTCGGCA_021,169
GGGGCCCAATACCGTCGGCA_022,64
GGGGCCCAATACCGTCGGCA_023,58
GGGGCCCAATACCGTCGGCA_024,121
GGGGCCCAATACCGTCGGCA_025,198
GGGGCCCAATACCGTCGGCA_026,147
GGGGCCCAATACCGTCGGCA_027,56
GGGGCCCAATACCGTCGGCA_028,140
GGGGCCCAATACCGTCGGCA_029,8
GGGGCCCAATACCGTCGGCA_030,116
GGGGCCCAATACCGTCGGCA_031,80
GGGGCCCAATACCGTCGGCA_032,63
GGGGCCCAATACCGTCGGCA_033,38
TCTGAGTGGCAAACATCCGA_001,49
TCTGAGTGGCAAACATCCGA_002,97
TCTGAGTGGCAAACATCCGA_003,29
TCTGAGTGGCAAACATCCGA_004,103
TCTGAGTGGCAAACATCCGA_005,178
TCTGAGTGGCAAACATCCGA_006,178
TCTGAGTGGCAAACATCCGA_007,171
CTTCACATACTCTCCTGGAA_001,176
CTTCACATACTCTCCTGGAA_002,8
CCACGAGGCCAATGGGACCG_001,181
CCACGAGGCCAATGGGACCG_002,190
CCACGAGGCCAATGGGACCG_003,34
CCACGAGGCCAATGGGACCG_004,182
GATGTTGGGGTGCGTCGCCG_001,62
GATGTTGGGGTGCGTCGCCG_002,177
GATGTTGGGGTGCGTCGCCG_003,15
GATGTTGGGGTGCGTCGCCG_004,72
GATGTTGGGGTGCGTCGCCG_005,60
GATGTTGGGGTGCGTCGCCG_006,40
GATGTTGGGGTGCGTCGCCG_007,82
GATGTTGGGGTGCGTCGCCG_008,30
GATGTTGGGGTGCGTCGCCG_009,141
GATGTTGGGGTGCGTCGCCG_010,95
GATGTTGGGGTGCGTCGCCG_011,4
GATGTTGGGGTGCGTCGCCG_012,141
GATGTTGGGGTGCGTCGCCG_013,177
GATGTTGGGGTGCGTCGCCG_014,159
GATGTTGGGGTGCGTCGCCG_015,15
GATGTTGGGGTGCGTCGCCG_016,61
GATGTTGGGGTGCGTCGCCG_017,148
GATGTTGGGGTGCGTCGCCG_018,117
GATGTTGGGGTGCGTCGCCG_019,160
GATGTTGGGGTGCGTCGCCG_020,76
GATGTTGGGGTGCGTCGCCG_021,58
GATGTTGGGGTGCGTCGCCG_022,183
GATGTTGGGGTGCGTCGCCG_023,134
GATGTTGGGGTGCGTCGCCG_024,184
GATGTTGGGGTGCGTCGCCG_025,169
GATGTTGGGGTGCGTCGCCG_026,132
GATGTTGGGGTGCGTCGCCG_027,22
GATGTTGGGGTGCGTCGCCG_028,84
GATGTTGGGGTGCGTCGCCG_029,156
GATGTTGGGGTGCGTCGCCG_030,63
GATGTTGGGGTGCGTCGCCG_031,125
GATGTTGGGGTGCGTCGCCG_032,106
GATGTTGGGGTGCGTCGCCG_033,78
GATGTTGGGGTGCGTCGCCG_034,174
GATGTTGGGGTGCGTCGCCG_035,113
TTCATGAGTCTTGACAACAA_001,78
TTCATGAGTCTTGACAACAA_002,175
TTCATGAGTCTTGACAACAA_003,121
GATGCAGCTGGTGAGTCTCA_001,146
GATGCAGCTGGTGAGTCTCA_002,12
GATGCAGCTGGTGAGTCTCA_003,185
GATGCAGCTGGTGAGTCTCA_004,78
GATGCAGCTGGTGAGTCTCA_005,0
GATGCAGCTGGTGAGTCTCA_006,70
GATGCAGCTGGTGAGTCTCA_007,169
GATGCAGCTGGTGAGTCTCA_008,105
GATGCAGCTGGTGAGTCTCA_009,123
GATGCAGCTGGTGAGTCTCA_010,113
GATGCAGCTGGTGAGTCTCA_011,130
GATGCAGCTGGTGAGTCTCA_012,163
GATGCAGCTGGTGAGTCTCA_013,78
GATGCAGCTGGTGAGTCTCA_014,118
GATGCAGCTGGTGAGTCTCA_015,36
TCCAGGTGCAGAAGTGACCG_001,16
TCCAGGTGCAGAAGTGACCG_002,185
TCCAGGTGCAGAAGTGACCG_003,47
TGAAGTTGTTCTCTCACACG_001,107
TGAAGTTGTTCTCTCACACG_002,129
CTTCGGCAGTTAAGTCACTA_001,138
CTTCGGCAGTTAAGTCACTA_002,6
CTTCGGCAGTTAAGTCACTA_003,41
CTTCGGCAGTTAAGTCACTA_004,19
CTTCGGCAGTTAAGTCACTA_005,67
CTTCGGCAGTTAAGTCACTA_006,188
CTTCGGCAGTTAAGTCACTA_007,188
CGAATATTATTTCTATCGGG_001,199
CGAATATTATTTCTATCGGG_002,121
AAAGATTTGGGGCATACTCT_001,149
AAAGATTTGGGGCATACTCT_002,22
AAAGATTTGGGGCATACTCT_003,91
AAAGATTTGGGGCATACTCT_004,69
AAAGATTTGGGGCATACTCT_005,127
AAAGATTTGGGGCATACTCT_006,182
AAAGATTTGGGGCATACTCT_007,102
AAAGATTTGGGGCATACTCT_008,36
AAAGATTTGGGGCATACTCT_009,49
AAAGATTTGGGGCATACTCT_010,190
AAAGATTTGGGGCATACTCT_011,98
AAAGATTTGGGGCATACTCT_012,55
AAAGATTTGGGGCATACTCT_013,188
AAAGATTTGGGGCATACTCT_014,42
AAAGATTTGGGGCATACTCT_015,34
AAAGATTTGGGGCATACTCT_016,175
TAACTCCACAGACTCGTGTG_001,15
TAACTCCACAGACTCGTGTG_002,178
TAACTCCACAGACTCGTGTG_003,136
TAACTCCACAGACTCGTGTG_004,149
TAACTCCACAGACTCGTGTG_005,188
TAACTCCACAGACTCGTGTG_006,12
TAACTCCACAGACTCGTGTG_007,34
TAACTCCACAGACTCGTGTG_008,35
TAACTCCACAGACTCGTGTG_009,8
TAACTCCACAGACTCGTGTG_010,76
TAACTCCACAGACTCGTGTG_011,123
TAACTCCACAGACTCGTGTG_012,48
TAACTCCACAGACTCGTGTG_013,188
TAACTCCACAGACTCGTGTG_014,130
TAACTCCACAGACTCGTGTG_015,28
TAACTCCACAGACTCGTGTG_016,124
TAACTCCACAGACTCGTGTG_017,47
AAAATCCCCCCCAGCCAATG_001,160
AAAATCCCCCCCAGCCAATG_002,9
AAAATCCCCCCCAGCCAATG_003,58
AAAATCCCCCCCAGCCAATG_004,88
AAAATCCCCCCCAGCCAATG_005,103
AAAATCCCCCCCAGCCAATG_006,198
AAAATCCCCCCCAGCCAATG_007,190
AAAATCCCCCCCAGCCAATG_008,52
AAAATCCCCCCCAGCCAATG_009,12
AAAATCCCCCCCAGCCAATG_010,118
AAAATCCCCCCCAGCCAATG_011,90
AAAATCCCCCCCAGCCAATG_012,101
AAAATCCCCCCCAGCCAATG_013,36
AAAATCCCCCCCAGCCAATG_014,154
AAAATCCCCCCCAGCCAATG_015,43
AAAATCCCCCCCAGCCAATG_016,11
AAAATCCCCCCCAGCCAATG_017,151
AAAATCCCCCCCAGCCAATG_018,150
AAAATCCCCCCCAGCCAATG_019,161
AAAATCCCCCCCAGCCAATG_020,104
AAAATCCCCCCCAGCCAATG_021,93
ACCGGTCCAGAGTCCAATGA_001,58
ACCGGTCCAGAGTCCAATGA_002,105
ACCGGTCCAGAGTCCAATGA_003,89
ACCGGTCCAGAGTCCAATGA_004,34
ACCGGTCCAGAGTCCAATGA_005,175
ACCGGTCCAGAGTCCAATGA_006,8
ACCGGTCCAGAGTCCAATGA_007,43
ACCGGTCCAGAGTCCAATGA_008,105
ACCGGTCCAGAGTCCAATGA_009,162
ACCGGTCCAGAGTCCAATGA_010,9
ACCGGTCCAGAGTCCAATGA_011,49
ACCGGTCCAGAGTCCAATGA_012,77
ACCGGTCCAGAGTCCAATGA_013,63
CACCTACCAACAATCCCGGA_001,178
CACCTACCAACAATCCCGGA_002,44
CACCTACCAACAATCCCGGA_003,4
CACCTACCAACAATCCCGGA_004,148
CACCTACCAACAATCCCGGA_005,94
CACCTACCAACAATCCCGGA_006,144
CACCTACCAACAATCCCGGA_007,148
CACCTACCAACAATCCCGGA_008,118
CACCTACCAACAATCCCGGA_009,12
CACCTACCAACAATCCCGGA_010,123
CACCTACCAACAATCCCGGA_011,158
CACCTACCAACAATCCCGGA_012,56
CACCTACCAACAATCCCGGA_013,69
GATACATTGTCTAACCCTCG_001,126
GATACATTGTCTAACCCTCG_002,137
GATACATTGTCTAACCCTCG_003,174
GATACATTGTCTAACCCTCG_004,43
GATACATTGTCTAACCCTCG_005,38
CACTAAATCAAACATAACGA_001,58
CACTAAATCAAACATAACGA_002,54
CACTAAATCAAACATAACGA_003,27
CACTAAATCAAACATAACGA_004,174
CACTAAATCAAACATAACGA_005,41
CACTAAATCAAACATAACGA_006,40
CACTAAATCAAACATAACGA_007,94
CACTAAATCAAACATAACGA_008,119
CACTAAATCAAACATAACGA_009,63
CACTAAATCAAACATAACGA_010,96
CACTAAATCAAACATAACGA_011,40
CACTAAATCAAACATAACGA_012,43
TCTCCACAAGTTCTACGCCT_001,43
TCATAGTGGGCAAACCATCG_001,18
TCATAGTGGGCAAACCATCG_002,21
TCATAGTGGGCAAACCATCG_003,121
TCATAGTGGGCAAACCATCG_004,68
CCGACGGAGACCCGACTCAG_001,93
CCGACGGAGACCCGACTCAG_002,61
CCGACGGAGACCCGACTCAG_003,77
CCGACGGAGACCCGACTCAG_004,70
CCGACGGAGACCCGACTCAG_005,41
CCGACGGAGACCCGACTCAG_006,120
CCGACGGAGACCCGACTCAG_007,184
CCGACGGAGACCCGACTCAG_008,62
CCGACGGAGACCCGACTCAG_009,140
CCGACGGAGACCCGACTCAG_010,158
GGGATGTAAACAGAAGGCCG_001,41
GGGATGTAAACAGAAGGCCG_002,104
GGGATGTAAACAGAAGGCCG_003,124
GGGATGTAAACAGAAGGCCG_004,35
GGGATGTAAACAGAAGGCCG_005,114
GGGATGTAAACAGAAGGCCG_006,35
CCTATGTACATAAAGGATTG_001,92
CCTATGTACATAAAGGATTG_002,170
CCTATGTACATAAAGGATTG_003,63
CCTATGTACATAAAGGATTG_004,178
CCTATGTACATAAAGGATTG_005,8
CCTATGTACATAAAGGATTG_006,67
CCTATGTACATAAAGGATTG_007,10
CCTATGTACATAAAGGATTG_008,173
GTCAGTTCCCACCTCAACAT_001,106
GTCAGTTCCCACCTCAACAT_002,138
GTCAGTTCCCACCTCAACAT_003,32
GTCAGTTCCCACCTCAACAT_004,16
GTCAGTTCCCACCTCAACAT_005,32
GTCAGTTCCCACCTCAACAT_006,125
GTCAGTTCCCACCTCAACAT_007,32
GTCAGTTCCCACCTCAACAT_008,161
GTCAGTTCCCACCTCAACAT_009,137
GTCAGTTCCCACCTCAACAT_010,175
GTCAGTTCCCACCTCAACAT_011,62
GTCAGTTCCCACCTCAACAT_012,176
GTCAGTTCCCACCTCAACAT_013,65
GTCAGTTCCCACCTCAACAT_014,102
GTCAGTTCCCACCTCAACAT_015,49
GTCAGTTCCCACCTCAACAT_016,144
GTCAGTTCCCACCTCAACAT_017,161
GTCAGTTCCCACCTCAACAT_018,161
GTCAGTTCCCACCTCAACAT_019,185
GTCAGTTCCCACCTCAACAT_020,87
GTCAGTTCCCACCTCAACAT_021,76
GTCAGTTCCCACCTCAACAT_022,52
GTCAGTTCCCACCTCAACAT_023,184
GTCAGTTCCCACCTCAACAT_024,31
GTCAGTTCCCACCTCAACAT_025,83
GTCAGTTCCCACCTCAACAT_026,199
GTCAGTTCCCACCTCAACAT_027,191
GTCAGTTCCCACCTCAACAT_028,48
GTCAGTTCCCACCTCAACAT_029,136
GTCAGTTCCCACCTCAACAT_030,99
GTCAGTTCCCACCTCAACAT_031,4
GTCAGTTCCCACCTCAACAT_032,78
GTCAGTTCCCACCTCAACAT_033,41
TCAATCAGGTCTCCAAGTCT_001,125
TCAATCAGGTCTCCAAGTCT_002,83
TTAATCCAACCTACATCCCA_001,160
TTAATCCAACCTACATCCCA_002,191
TTAATCCAACCTACATCCCA_003,84
TTAATCCAACCTACATCCCA_004,148
TTAATCCAACCTACATCCCA_005,8
TTAATCCAACCTACATCCCA_006,112
TTAATCCAACCTACATCCCA_007,88
TTAATCCAACCTACATCCCA_008,4
TTAATCCAACCTACATCCCA_009,197
TTAATCCAACCTACATCCCA_010,46
CTTACCACAGATCATAGGTG_001,133
CTTACCACAGATCATAGGTG_002,178
AAGCACGTTAAGAAGCCCGA_001,195
AAGCACGTTAAGAAGCCCGA_002,19
AAGCACGTTAAGAAGCCCGA_003,32
AAGCACGTTAAGAAGCCCGA_004,24
AAGCACGTTAAGAAGCCCGA_005,94
AAGCACGTTAAGAAGCCCGA_006,30
AAGCACGTTAAGAAGCCCGA_007,96
AAGCACGTTAAGAAGCCCGA_008,176
AAGCACGTTAAGAAGCCCGA_009,177
AAGCACGTTAAGAAGCCCGA_010,162
AAGCACGTTAAGAAGCCCGA_011,14
AAGCACGTTAAGAAGCCCGA_012,165
CCTGGTCATGTGCCACACGA_001,8
CCTGGTCATGTGCCACACGA_002,159
CCTGGTCATGTGCCACACGA_003,23
CCTGGTCATGTGCCACACGA_004,145
CCTGGTCATGTGCCACACGA_005,40
CCTGGTCATGTGCCACACGA_006,116
CCTGGTCATGTGCCACACGA_007,194
CTCGACAGTTCGTCCCGAGC_001,93
CTCGACAGTTCGTCCCGAGC_002,197
CTCGACAGTTCGTCCCGAGC_003,158
CTCGACAGTTCGTCCCGAGC_004,50
CTCGACAGTTCGTCCCGAGC_005,2
CTCGACAGTTCGTCCCGAGC_006,74
CTCGACAGTTCGTCCCGAGC_007,12
CTCGACAGTTCGTCCCGAGC_008,145
CTCGACAGTTCGTCCCGAGC_009,121
CTCGACAGTTCGTCCCGAGC_010,158
GCGCCCGTGAACTTCTGCGG_001,172
GCGCCCGTGAACTTCTGCGG_002,95
GCGCCCGTGAACTTCTGCGG_003,46
GCGCCCGTGAACTTCTGCGG_004,147
ATGAAGATGGCCACTCGCCG_001,130
ATGAAGATGGCCACTCGCCG_002,16
ATGAAGATGGCCACTCGCCG_003,103
ATGAAGATGGCCACTCGCCG_004,46
ATGAAGATGGCCACTCGCCG_005,53
ATGAAGATGGCCACTCGCCG_006,51
ATGAAGATGGCCACTCGCCG_007,5
ATGAAGATGGCCACTCGCCG_008,198
ATGAAGATGGCCACTCGCCG_009,70
ATGAAGATGGCCACTCGCCG_010,138
ATGAAGATGGCCACTCGCCG_011,113
ATGAAGATGGCCACTCGCCG_012,94
ATGAAGATGGCCACTCGCCG_013,77
ATGAAGATGGCCACTCGCCG_014,48
ATGAAGATGGCCACTCGCCG_015,40
ATGAAGATGGCCACTCGCCG_016,74
ATGAAGATGGCCACTCGCCG_017,95
ATGAAGATGGCCACTCGCCG_018,188
ATGAAGATGGCCACTCGCCG_019,8
ATGAAGATGGCCACTCGCCG_020,107
ATGAAGATGGCCACTCGCCG_021,129
ATGAAGATGGCCACTCGCCG_022,49
ATGAAGATGGCCACTCGCCG_023,142
ATGAAGATGGCCACTCGCCG_024,1
ATGAAGATGGCCACTCGCCG_025,103
ATGAAGATGGCCACTCGCCG_026,33
GCTCATCATAGCGATAGTAG_001,38
GCTCATCATAGCGATAGTAG_002,27
GCTCATCATAGCGATAGTAG_003,80
TAGATTACCTGGGAAGGCAA_001,198
TAGATTACCTGGGAAGGCAA_002,138
TAGATTACCTGGGAAGGCAA_003,166
TAGATTACCTGGGAAGGCAA_004,140
TAGATTACCTGGGAAGGCAA_005,187
TAGATTACCTGGGAAGGCAA_006,109
TAGATTACCTGGGAAGGCAA_007,152
TAGATTACCTGGGAAGGCAA_008,39
TAGATTACCTGGGAAGGCAA_009,78
TAGATTACCTGGGAAGGCAA_010,19
TAGATTACCTGGGAAGGCAA_011,3
ATGTGATTGCAGAACCAGAA_001,184
ATGTGATTGCAGAACCAGAA_002,119
ATGTGATTGCAGAACCAGAA_003,137
ATGTGATTGCAGAACCAGAA_004,149
ATGTGATTGCAGAACCAGAA_005,150
ATGTGATTGCAGAACCAGAA_006,34
ATGTGATTGCAGAACCAGAA_007,34
ATGTGATTGCAGAACCAGAA_008,124
TCCACGTGGAGAACCAGACG_001,129
TCCACGTGGAGAACCAGACG_002,102
TCCACGTGGAGAACCAGACG_003,103
TCCACGTGGAGAACCAGACG_004,52
TCCACGTGGAGAACCAGACG_005,155
CCACGCAGCTCAGAGGCACG_001,8
CCACGCAGCTCAGAGGCACG_002,70
CCACGCAGCTCAGAGGCACG_003,142
CCACGCAGCTCAGAGGCACG_004,68
CCACGCAGCTCAGAGGCACG_005,1
CCACGCAGCTCAGAGGCACG_006,145
CCACGCAGCTCAGAGGCACG_007,68
CCACGCAGCTCAGAGGCACG_008,158
CCACGCAGCTCAGAGGCACG_009,198
CCACGCAGCTCAGAGGCACG_010,136
CCACGCAGCTCAGAGGCACG_011,194
CCACGCAGCTCAGAGGCACG_012,13
CCACGCAGCTCAGAGGCACG_013,57
CCACGCAGCTCAGAGGCACG_014,107
CCACGCAGCTCAGAGGCACG_015,19
CCACGCAGCTCAGAGGCACG_016,10
CCACGCAGCTCAGAGGCACG_017,137
TGTAACTGGCTATATCGTTG_001,142
AAATTCTGTACCTTTCGAGA_001,26
AAATTCTGTACCTTTCGAGA_002,68
AAATTCTGTACCTTTCGAGA_003,94
AAATTCTGTACCTTTCGAGA_004,131
AAATTCTGTACCTTTCGAGA_005,167
AAATTCTGTACCTTTCGAGA_006,191
AAATTCTGTACCTTTCGAGA_007,31
ATGTCAATATGAGCCCATCA_001,176
ATGTCAATATGAGCCCATCA_002,17
ATGTCAATATGAGCCCATCA_003,34
ATGTCAATATGAGCCCATCA_004,115
ATGTCAATATGAGCCCATCA_005,33
ATGTCAATATGAGCCCATCA_006,94
ATGTCAATATGAGCCCATCA_007,127
TACCAATGATGTAGTAATCG_001,14
TACCAATGATGTAGTAATCG_002,111
TATTGATCTGGCAATAGTGC_001,100
CCATCCAGGGGCAGACCACG_001,178
CCATCCAGGGGCAGACCACG_002,178
CCATCCAGGGGCAGACCACG_003,12
CCATCCAGGGGCAGACCACG_004,128
CCATCCAGGGGCAGACCACG_005,128
CCATCCAGGGGCAGACCACG_006,166
CCATCCAGGGGCAGACCACG_007,152
TTCTGTATTGCCTTGCGCTG_001,158
TTCTGTATTGCCTTGCGCTG_002,147
TTCTGTATTGCCTTGCGCTG_003,127
TTCTGTATTGCCTTGCGCTG_004,162
TCCACTGATTCATTACAAGG_001,41
TCATGTAACACCCTTATAGT_001,164
TCATGTAACACCCTTATAGT_002,102
TCATGTAACACCCTTATAGT_003,2
TCATGTAACACCCTTATAGT_004,61
TCATGTAACACCCTTATAGT_005,98
GAAGGCATGGAAAATAGTGG_001,76
GAAGGCATGGAAAATAGTGG_002,160
GAAGGCATGGAAAATAGTGG_003,184
GAAGGCATGGAAAATAGTGG_004,62
GAAGGCATGGAAAATAGTGG_005,38
GGTCACATAGTAGAAAACGA_001,87
GGTCACATAGTAGAAAACGA_002,13
GGTCACATAGTAGAAAACGA_003,133
GGTCACATAGTAGAAAACGA_004,169
GCAGCGGGAGCGCAGCAATG_001,13
GCAGCGGGAGCGCAGCAATG_002,151
GCAGCGGGAGCGCAGCAATG_003,43
GCAGCGGGAGCGCAGCAATG_004,111
GCAGCGGGAGCGCAGCAATG_005,152
GCAGCGGGAGCGCAGCAATG_006,125
GCAGCGGGAGCGCAGCAATG_007,97
GCAGCGGGAGCGCAGCAATG_008,19
GCAGCGGGAGCGCAGCAATG_009,56
GCAGCGGGAGCGCAGCAATG_010,147
GCAGCGGGAGCGCAGCAATG_011,151
GCAGCGGGAGCGCAGCAATG_012,107
GCAGCGGGAGCGCAGCAATG_013,103
GCAGCGGGAGCGCAGCAATG_014,187
GCAGCGGGAGCGCAGCAATG_015,76
GCAGCGGGAGCGCAGCAATG_016,186
GCAGCGGGAGCGCAGCAATG_017,33
GCAGCGGGAGCGCAGCAATG_018,176
GCAGCGGGAGCGCAGCAATG_019,62
GCAGCGGGAGCGCAGCAATG_020,103
GCAGCGGGAGCGCAGCAATG_021,45
GCAGCGGGAGCGCAGCAATG_022,130
GCAGCGGGAGCGCAGCAATG_023,68
GCAGCGGGAGCGCAGCAATG_024,191
GCAGCGGGAGCGCAGCAATG_025,60
GGGGAGCAGCAAGAGCAACG_001,153
GGGGAGCAGCAAGAGCAACG_002,104
GGGGAGCAGCAAGAGCAACG_003,101
GGGGAGCAGCAAGAGCAACG_004,67
GGGGAGCAGCAAGAGCAACG_005,194
CACACAGTTTGGCTTCCGTG_001,1
CACACAGTTTGGCTTCCGTG_002,103
CACACAGTTTGGCTTCCGTG_003,168
CACACAGTTTGGCTTCCGTG_004,17
CACACAGTTTGGCTTCCGTG_005,33
CACACAGTTTGGCTTCCGTG_006,170
CACACAGTTTGGCTTCCGTG_007,138
CACACAGTTTGGCTTCCGTG_008,142
CACACAGTTTGGCTTCCGTG_009,170
CACACAGTTTGGCTTCCGTG_010,105
ACTGTACCACCATTTCTGTG_001,78
ACTGTACCACCATTTCTGTG_002,73
ACTGTACCACCATTTCTGTG_003,58
ACTGTACCACCATTTCTGTG_004,4
ACTGTACCACCATTTCTGTG_005,93
ACTGTACCACCATTTCTGTG_006,46
ACTGTACCACCATTTCTGTG_007,33
ACTGTACCACCATTTCTGTG_008,69
ACTGTACCACCATTTCTGTG_009,67
ACTGTACCACCATTTCTGTG_010,170
ACTGTACCACCATTTCTGTG_011,137
ACTGTACCACCATTTCTGTG_012,41
ACTGTACCACCATTTCTGTG_013,14
ACTGTACCACCATTTCTGTG_014,70
ACTGTACCACCATTTCTGTG_015,167
ACTGTACCACCATTTCTGTG_016,155
ACTGTACCACCATTTCTGTG_017,20
ACTGTACCACCATTTCTGTG_018,52
ACTGTACCACCATTTCTGTG_019,115
ACTGTACCACCATTTCTGTG_020,25
ACTGTACCACCATTTCTGTG_021,178
ACTGTACCACCATTTCTGTG_022,19
ACTGTACCACCATTTCTGTG_023,113
ACTGTACCACCATTTCTGTG_024,37
ACTGTACCACCATTTCTGTG_025,183
GTTGGACCGGACTATCAAGT_001,29
GTTGGACCGGACTATCAAGT_002,26
GTTGGACCGGACTATCAAGT_003,127
GTTGGACCGGACTATCAAGT_004,141
GTTGGACCGGACTATCAAGT_005,53
GTTGGACCGGACTATCAAGT_006,171
GTTGGACCGGACTATCAAGT_007,8
GTTGGACCGGACTATCAAGT_008,38
GCCCTTTAAGAGATCCGGTG_001,116
GCCCTTTAAGAGATCCGGTG_002,69
GCCCTTTAAGAGATCCGGTG_003,140
GCCCTTTAAGAGATCCGGTG_004,88
GCCCTTTAAGAGATCCGGTG_005,148
GCCCTTTAAGAGATCCGGTG_006,170
GCCCTTTAAGAGATCCGGTG_007,15
GCCCTTTAAGAGATCCGGTG_008,137
GCCCTTTAAGAGATCCGGTG_009,85
GCCCTTTAAGAGATCCGGTG_010,50
GCCCTTTAAGAGATCCGGTG_011,169
GCCCTTTAAGAGATCCGGTG_012,148
GCCCTTTAAGAGATCCGGTG_013,87
GCCCTTTAAGAGATCCGGTG_014,108
GCCCTTTAAGAGATCCGGTG_015,15
GCCCTTTAAGAGATCCGGTG_016,58
GCCCTTTAAGAGATCCGGTG_017,56
GCCCTTTAAGAGATCCGGTG_018,34
AGGTAAAGCTGGCTTTCGAG_001,163
AGGTAAAGCTGGCTTTCGAG_002,92
AGGTAAAGCTGGCTTTCGAG_003,97
AGGTAAAGCTGGCTTTCGAG_004,50
AGGTAAAGCTGGCTTTCGAG_005,156
AGGTAAAGCTGGCTTTCGAG_006,34
AGGTAAAGCTGGCTTTCGAG_007,30
AGGTAAAGCTGGCTTTCGAG_008,136
AGGTAAAGCTGGCTTTCGAG_009,3
AGGTAAAGCTGGCTTTCGAG_010,180
AGGTAAAGCTGGCTTTCGAG_011,78
AGGTAAAGCTGGCTTTCGAG_012,198
AAGACCTGCGAGGTATACTA_001,88
AAGACCTGCGAGGTATACTA_002,65
AAGACCTGCGAGGTATACTA_003,42
AAGACCTGCGAGGTATACTA_004,178
AAGACCTGCGAGGTATACTA_005,31
AAGACCTGCGAGGTATACTA_006,43
AAGACCTGCGAGGTATACTA_007,133
AAGACCTGCGAGGTATACTA_008,12
AAGACCTGCGAGGTATACTA_009,9
AAGACCTGCGAGGTATACTA_010,182
AAGACCTGCGAGGTATACTA_011,15
AAGACCTGCGAGGTATACTA_012,80
GGAGACCAGCTGCTTCAGCG_001,57
GGAGACCAGCTGCTTCAGCG_002,181
GGAGACCAGCTGCTTCAGCG_003,60
GGAGACCAGCTGCTTCAGCG_004,11
GGAGACCAGCTGCTTCAGCG_005,62
GGAGACCAGCTGCTTCAGCG_006,68
GGAGACCAGCTGCTTCAGCG_007,78
GGAGACCAGCTGCTTCAGCG_008,29
GGAGACCAGCTGCTTCAGCG_009,141
GGAGACCAGCTGCTTCAGCG_010,38
GGAGACCAGCTGCTTCAGCG_011,128
GGAGACCAGCTGCTTCAGCG_012,11
GGAGACCAGCTGCTTCAGCG_013,80
GGAGACCAGCTGCTTCAGCG_014,14
GGAGACCAGCTGCTTCAGCG_015,40
GGAGACCAGCTGCTTCAGCG_016,105
GAGCATTACAAATCACTGGG_001,49
GAGCATTACAAATCACTGGG_002,114
GAGCATTACAAATCACTGGG_003,114
GAGCATTACAAATCACTGGG_004,119
GAGCATTACAAATCACTGGG_005,144
GAGCATTACAAATCACTGGG_006,46
CCACAGGAAAGTCCAACAGG_001,49
CCACAGGAAAGTCCAACAGG_002,178
CCACAGGAAAGTCCAACAGG_003,172
CCACAGGAAAGTCCAACAGG_004,181
CCACAGGAAAGTCCAACAGG_005,198
CCACAGGAAAGTCCAACAGG_006,98
CCACAGGAAAGTCCAACAGG_007,97
CCACAGGAAAGTCCAACAGG_008,130
CCACAGGAAAGTCCAACAGG_009,61
CCACAGGAAAGTCCAACAGG_010,88
CCACAGGAAAGTCCAACAGG_011,169
CCACAGGAAAGTCCAACAGG_012,147
CCACAGGAAAGTCCAACAGG_013,107
CCACAGGAAAGTCCAACAGG_014,32
CCACAGGAAAGTCCAACAGG_015,182
CCACAGGAAAGTCCAACAGG_016,58
CTCAGACGTGAGCCACGACG_001,121
CTCAGACGTGAGCCACGACG_002,0
CTCAGACGTGAGCCACGACG_003,100
CTCAGACGTGAGCCACGACG_004,98
CTCAGACGTGAGCCACGACG_005,137
ACACAACTTACGTGAGATTG_001,15
ACACAACTTACGTGAGATTG_002,161
ACACAACTTACGTGAGATTG_003,23
ACACAACTTACGTGAGATTG_004,150
ACACAACTTACGTGAGATTG_005,121
ACACAACTTACGTGAGATTG_006,84
ACACAACTTACGTGAGATTG_007,29
CCATCGAGGCGCTTTCAGGT_001,172
CCATCGAGGCGCTTTCAGGT_002,5
CCATCGAGGCGCTTTCAGGT_003,102
CCATCGAGGCGCTTTCAGGT_004,118
CCATCGAGGCGCTTTCAGGT_005,108
CCATCGAGGCGCTTTCAGGT_006,161
CCATCGAGGCGCTTTCAGGT_007,52
CCATCGAGGCGCTTTCAGGT_008,76
CCTGGCGAGTATCATCATTG_001,108
CCTGGCGAGTATCATCATTG_002,13
TGGGGACGCGCACTACGGGG_001,105
TGGGGACGCGCACTACGGGG_002,22
TGGGGACGCGCACTACGGGG_003,185
TGGGGACGCGCACTACGGGG_004,176
TATTAAGAGGACCGTGTAGA_001,82
TATTAAGAGGACCGTGTAGA_002,80
TATTAAGAGGACCGTGTAGA_003,147
TATTAAGAGGACCGTGTAGA_004,103
TATTAAGAGGACCGTGTAGA_005,138
TATTAAGAGGACCGTGTAGA_006,142
TATTAAGAGGACCGTGTAGA_007,137
GACTATAGGAGGTCGCACTG_001,187
GACTATAGGAGGTCGCACTG_002,0
GACTATAGGAGGTCGCACTG_003,69
GACTATAGGAGGTCGCACTG_004,184
GACTATAGGAGGTCGCACTG_005,157
GACTATAGGAGGTCGCACTG_006,157
GACTATAGGAGGTCGCACTG_007,70
GACTATAGGAGGTCGCACTG_008,80
GACTATAGGAGGTCGCACTG_009,29
GACTATAGGAGGTCGCACTG_010,105
GACTATAGGAGGTCGCACTG_011,149
GACTATAGGAGGTCGCACTG_012,153
GACTATAGGAGGTCGCACTG_013,60
GACTATAGGAGGTCGCACTG_014,196
GACTATAGGAGGTCGCACTG_015,15
GACTATAGGAGGTCGCACTG_016,1
GACTATAGGAGGTCGCACTG_017,143
GACTATAGGAGGTCGCACTG_018,32
GACTATAGGAGGTCGCACTG_019,161
GACTATAGGAGGTCGCACTG_020,50
GACTATAGGAGGTCGCACTG_021,85
GACTATAGGAGGTCGCACTG_022,75
GACTATAGGAGGTCGCACTG_023,75
GACTATAGGAGGTCGCACTG_024,67
GACTATAGGAGGTCGCACTG_025,192
GACTATAGGAGGTCGCACTG_026,4
GACTATAGGAGGTCGCACTG_027,62
GACTATAGGAGGTCGCACTG_028,20
GACTATAGGAGGTCGCACTG_029,144
GACTATAGGAGGTCGCACTG_030,59
GACTATAGGAGGTCGCACTG_031,34
GACTATAGGAGGTCGCACTG_032,49
GACTATAGGAGGTCGCACTG_033,115
GACTATAGGAGGTCGCACTG_034,70
GACTATAGGAGGTCGCACTG_035,98
GACTATAGGAGGTCGCACTG_036,104
GACTATAGGAGGTCGCACTG_037,136
GACTATAGGAGGTCGCACTG_038,191
GACTATAGGAGGTCGCACTG_039,116
GACTATAGGAGGTCGCACTG_040,149
GACTATAGGAGGTCGCACTG_041,94
GACTATAGGAGGTCGCACTG_042,61
CCTGAGAACCGGTCCTGCCC_001,127
TTGGACCAGGCATCCCAGCG_001,199
TTGGACCAGGCATCCCAGCG_002,0
TTGGACCAGGCATCCCAGCG_003,137
TTGGACCAGGCATCCCAGCG_004,52
TTGGACCAGGCATCCCAGCG_005,174
TTGGACCAGGCATCCCAGCG_006,148
TTGGACCAGGCATCCCAGCG_007,92
TTGGACCAGGCATCCCAGCG_008,158
TTGGACCAGGCATCCCAGCG_009,109
TTGGACCAGGCATCCCAGCG_010,154
TTGGACCAGGCATCCCAGCG_011,36
TTGGACCAGGCATCCCAGCG_012,192
TTGGACCAGGCATCCCAGCG_013,39
TTGGACCAGGCATCCCAGCG_014,176
TTGGACCAGGCATCCCAGCG_015,160
ACGGCGTCGTTGGAGGACCG_001,4
ACGGCGTCGTTGGAGGACCG_002,130
ACGGCGTCGTTGGAGGACCG_003,19
ACGGCGTCGTTGGAGGACCG_004,190
ACGGCGTCGTTGGAGGACCG_005,141
ACGGCGTCGTTGGAGGACCG_006,132
ACGGCGTCGTTGGAGGACCG_007,148
ACGGCGTCGTTGGAGGACCG_008,141
ACGGCGTCGTTGGAGGACCG_009,121
AGTAGAAGAAAAGATCCAAG_001,107
AGTAGAAGAAAAGATCCAAG_002,3
AGTAGAAGAAAAGATCCAAG_003,29
AGTAGAAGAAAAGATCCAAG_004,40
AGTAGAAGAAAAGATCCAAG_005,173
AGTAGAAGAAAAGATCCAAG_006,95
AAATTACGAAGTTAGGCCAG_001,149
AAATTACGAAGTTAGGCCAG_002,177
AAATTACGAAGTTAGGCCAG_003,98
CACGGCCCTCACCGACACGG_001,147
CACGGCCCTCACCGACACGG_002,106
CACGGCCCTCACCGACACGG_003,69
CACGGCCCTCACCGACACGG_004,179
CACGGCCCTCACCGACACGG_005,149
CACGGCCCTCACCGACACGG_006,98
CACGGCCCTCACCGACACGG_007,97
CACGGCCCTCACCGACACGG_008,154
CACGGCCCTCACCGACACGG_009,11
CACGGCCCTCACCGACACGG_010,82
CACGGCCCTCACCGACACGG_011,191
CACGGCCCTCACCGACACGG_012,101
CACGGCCCTCACCGACACGG_013,7
CACGGCCCTCACCGACACGG_014,121
CACGGCCCTCACCGACACGG_015,136
CACGGCCCTCACCGACACGG_016,125
CCTGCACCTACATAACTCGG_001,105
CCTGCACCTACATAACTCGG_002,105
CCTGCACCTACATAACTCGG_003,184
CTCACCCCATCTCATACTGA_001,44
CTCACCCCATCTCATACTGA_002,29
TCCCATAGGAGTCGCCAGGT_001,156
TCCCATAGGAGTCGCCAGGT_002,115
TCCCATAGGAGTCGCCAGGT_003,15
TCCCATAGGAGTCGCCAGGT_004,22
TCCCATAGGAGTCGCCAGGT_005,22
TCCCATAGGAGTCGCCAGGT_006,137
TCCCATAGGAGTCGCCAGGT_007,13
TCCCATAGGAGTCGCCAGGT_008,127
TCCCATAGGAGTCGCCAGGT_009,149
TCCCATAGGAGTCGCCAGGT_010,28
TCCCATAGGAGTCGCCAGGT_011,41
TCCCATAGGAGTCGCCAGGT_012,106
TCCCATAGGAGTCGCCAGGT_013,119
TCCCATAGGAGTCGCCAGGT_014,10
TTGTCGGTGGTTATGACACA_001,183
TTGTCGGTGGTTATGACACA_002,142
TTGTCGGTGGTTATGACACA_003,162
TTGTCGGTGGTTATGACACA_004,6
ACCCCGCCTGGCTAATCGTG_001,97
ACCCCGCCTGGCTAATCGTG_002,50
ACCCCGCCTGGCTAATCGTG_003,172
ACCCCGCCTGGCTAATCGTG_004,149
ACCCCGCCTGGCTAATCGTG_005,12
ACCCCGCCTGGCTAATCGTG_006,48
ACCCCGCCTGGCTAATCGTG_007,1
ACCCCGCCTGGCTAATCGTG_008,182
ACCCCGCCTGGCTAATCGTG_009,132
ACCCCGCCTGGCTAATCGTG_010,105
ACCCCGCCTGGCTAATCGTG_011,129
ACCCCGCCTGGCTAATCGTG_012,85
ACCCCGCCTGGCTAATCGTG_013,21
ACCCCGCCTGGCTAATCGTG_014,60
ACCCCGCCTGGCTAATCGTG_015,190
ACCCCGCCTGGCTAATCGTG_016,150
ACCCCGCCTGGCTAATCGTG_017,130
ACCCCGCCTGGCTAATCGTG_018,141
ACCCCGCCTGGCTAATCGTG_019,124
ACCCCGCCTGGCTAATCGTG_020,108
ACCCCGCCTGGCTAATCGTG_021,91
ACCCCGCCTGGCTAATCGTG_022,66
ACCCCGCCTGGCTAATCGTG_023,2
ACCCCGCCTGGCTAATCGTG_024,8
ACCCCGCCTGGCTAATCGTG_025,67
ACCCCGCCTGGCTAATCGTG_026,112
ACCCCGCCTGGCTAATCGTG_027,20
ACCCCGCCTGGCTAATCGTG_028,122
ACCCCGCCTGGCTAATCGTG_029,81
ACCCCGCCTGGCTAATCGTG_030,172
ACCCCGCCTGGCTAATCGTG_031,178
ACCCCGCCTGGCTAATCGTG_032,168
ACCCCGCCTGGCTAATCGTG_033,19
ACCCCGCCTGGCTAATCGTG_034,124
ACCCCGCCTGGCTAATCGTG_035,127
ACCCCGCCTGGCTAATCGTG_036,2
ACCCCGCCTGGCTAATCGTG_037,145
ACCCCGCCTGGCTAATCGTG_038,48
ACCCCGCCTGGCTAATCGTG_039,0
AGCTACAGGCAATCACTGCA_001,10
AGCTACAGGCAATCACTGCA_002,77
AGCTACAGGCAATCACTGCA_003,12
AGCTACAGGCAATCACTGCA_004,107
AGCTACAGGCAATCACTGCA_005,31
AGCTACAGGCAATCACTGCA_006,81
AGCTACAGGCAATCACTGCA_007,127
AGCTACAGGCAATCACTGCA_008,172
AGCTACAGGCAATCACTGCA_009,81
AGCTACAGGCAATCACTGCA_010,121
AGCTACAGGCAATCACTGCA_011,66
AGCTACAGGCAATCACTGCA_012,149
AGCTACAGGCAATCACTGCA_013,48
AGCTACAGGCAATCACTGCA_014,185
AGCTACAGGCAATCACTGCA_015,15
AGCTACAGGCAATCACTGCA_016,116
AGCTACAGGCAATCACTGCA_017,74
AGCTACAGGCAATCACTGCA_018,153
AGCTACAGGCAATCACTGCA_019,48
AGCTACAGGCAATCACTGCA_020,162
AGCTACAGGCAATCACTGCA_021,14
AGCTACAGGCAATCACTGCA_022,102
AGCTACAGGCAATCACTGCA_023,149
AGCTACAGGCAATCACTGCA_024,12
AGCTACAGGCAATCACTGCA_025,48
AGCTACAGGCAATCACTGCA_026,60
AGCTACAGGCAATCACTGCA_027,20
AGCTACAGGCAATCACTGCA_028,15
AGCTACAGGCAATCACTGCA_029,44
AGCTACAGGCAATCACTGCA_030,133
TTTCATAAAACTCAATGACA_001,134
TTTCATAAAACTCAATGACA_002,26
TTTCATAAAACTCAATGACA_003,136
GTATTTGCAATGTCCCTGCA_001,145
GTATTTGCAATGTCCCTGCA_002,160
GTATTTGCAATGTCCCTGCA_003,174
GTATTTGCAATGTCCCTGCA_004,158
GTATTTGCAATGTCCCTGCA_005,70
GTATTTGCAATGTCCCTGCA_006,137
GTATTTGCAATGTCCCTGCA_007,118
GTATTTGCAATGTCCCTGCA_008,6
GTATTTGCAATGTCCCTGCA_009,185
GTATTTGCAATGTCCCTGCA_010,32
GTATTTGCAATGTCCCTGCA_011,102
GTATTTGCAATGTCCCTGCA_012,49
CTTCAATTGAGCTGGAACCT_001,34
CTTCAATTGAGCTGGAACCT_002,169
CTTCAATTGAGCTGGAACCT_003,121
GAGAGTGATACCTTTGGCGG_001,60
TCTGGAACAAAGATCCCTGT_001,117
TCTGGAACAAAGATCCCTGT_002,1
TCTGGAACAAAGATCCCTGT_003,124
TCTGGAACAAAGATCCCTGT_004,28
TCTGGAACAAAGATCCCTGT_005,22
TCTGGAACAAAGATCCCTGT_006,13
TCTGGAACAAAGATCCCTGT_007,170
TCTGGAACAAAGATCCCTGT_008,66
TCTGGAACAAAGATCCCTGT_009,177
CTGTAGGATCGTGGACGTCG_001,46
CTGTAGGATCGTGGACGTCG_002,5
CTGTAGGATCGTGGACGTCG_003,2
CTGTAGGATCGTGGACGTCG_004,105
CTGTAGGATCGTGGACGTCG_005,19
CTGTAGGATCGTGGACGTCG_006,154
CTGTAGGATCGTGGACGTCG_007,38
CTGTAGGATCGTGGACGTCG_008,88
CTGTAGGATCGTGGACGTCG_009,61
CTGTAGGATCGTGGACGTCG_010,59
CTGTAGGATCGTGGACGTCG_011,20
CTGTAGGATCGTGGACGTCG_012,26
CTGTAGGATCGTGGACGTCG_013,184
CTGTAGGATCGTGGACGTCG_014,172
CTGTAGGATCGTGGACGTCG_015,115
CTGTAGGATCGTGGACGTCG_016,62
CTGTAGGATCGTGGACGTCG_017,75
CTGTAGGATCGTGGACGTCG_018,92
CTGTAGGATCGTGGACGTCG_019,43
CTGTAGGATCGTGGACGTCG_020,153
CTGTAGGATCGTGGACGTCG_021,19
CTGTAGGATCGTGGACGTCG_022,140
CTGTAGGATCGTGGACGTCG_023,76
CTGTAGGATCGTGGACGTCG_024,117
CTGTAGGATCGTGGACGTCG_025,160
CTGTAGGATCGTGGACGTCG_026,43
TGTGGACGAAGCATTGACCT_001,24
TGTGGACGAAGCATTGACCT_002,70
TGTGGACGAAGCATTGACCT_003,62
TGTGGACGAAGCATTGACCT_004,124
TGTGGACGAAGCATTGACCT_005,17
TGTGGACGAAGCATTGACCT_006,86
TGTGGACGAAGCATTGACCT_007,1
TGTGGACGAAGCATTGACCT_008,169
TGTGGACGAAGCATTGACCT_009,191
TGTGGACGAAGCATTGACCT_010,149
TGTGGACGAAGCATTGACCT_011,37
TGTGGACGAAGCATTGACCT_012,50
TGTGGACGAAGCATTGACCT_013,2
ATGACAGATTCTCACCGGGG_001,179
ATGACAGATTCTCACCGGGG_002,175
ATGACAGATTCTCACCGGGG_003,10
ATGACAGATTCTCACCGGGG_004,58
AGTGCTCCGTGATGCAGCGG_001,117
AGTGCTCCGTGATGCAGCGG_002,105
AGTGCTCCGTGATGCAGCGG_003,2
AGTGCTCCGTGATGCAGCGG_004,125
AGTGCTCCGTGATGCAGCGG_005,15
AGTGCTCCGTGATGCAGCGG_006,127
AGTGCTCCGTGATGCAGCGG_007,84
AGTGCTCCGTGATGCAGCGG_008,130
AGTGCTCCGTGATGCAGCGG_009,149
AGTGCTCCGTGATGCAGCGG_010,49
AGTGCTCCGTGATGCAGCGG_011,19
AGTGCTCCGTGATGCAGCGG_012,170
AGTGCTCCGTGATGCAGCGG_013,162
AGCTGTTTGGAAGAAACAGG_001,158
AGCTGTTTGGAAGAAACAGG_002,55
AGCTGTTTGGAAGAAACAGG_003,189
AGCTGTTTGGAAGAAACAGG_004,153
AGCTGTTTGGAAGAAACAGG_005,184
AGCTGTTTGGAAGAAACAGG_006,83
AGCTGTTTGGAAGAAACAGG_007,15
AGCTGTTTGGAAGAAACAGG_008,175
AGCTGTTTGGAAGAAACAGG_009,15
AGCTGTTTGGAAGAAACAGG_010,30
AGCTGTTTGGAAGAAACAGG_011,178
AGCTGTTTGGAAGAAACAGG_012,177
AGCTGTTTGGAAGAAACAGG_013,187
AGCTGTTTGGAAGAAACAGG_014,60
AGCTGTTTGGAAGAAACAGG_015,106
AGCTGTTTGGAAGAAACAGG_016,124
AGCTGTTTGGAAGAAACAGG_017,175
AGCTGTTTGGAAGAAACAGG_018,198
CAGTGCGTGTAACCCTGTGA_001,37
CAGTGCGTGTAACCCTGTGA_002,37
CAGTGCGTGTAACCCTGTGA_003,191
GCCGAGCGCATACTGGACGG_001,130
GCCGAGCGCATACTGGACGG_002,30
GCCGAGCGCATACTGGACGG_003,177
GCCGAGCGCATACTGGACGG_004,189
GCCGAGCGCATACTGGACGG_005,173
GCCGAGCGCATACTGGACGG_006,173
GCCGAGCGCATACTGGACGG_007,9
GCCGAGCGCATACTGGACGG_008,40
GCCGAGCGCATACTGGACGG_009,178
GCCGAGCGCATACTGGACGG_010,19
GCCGAGCGCATACTGGACGG_011,146
GCCGAGCGCATACTGGACGG_012,49
GCCGAGCGCATACTGGACGG_013,197
GCCGAGCGCATACTGGACGG_014,98
GCCGAGCGCATACTGGACGG_015,119
GCCGAGCGCATACTGGACGG_016,41
GCCGAGCGCATACTGGACGG_017,124
GCCGAGCGCATACTGGACGG_018,40
GCCGAGCGCATACTGGACGG_019,110
GGCTGGTAACTATTGAGCAG_001,157
GGCTGGTAACTATTGAGCAG_002,142
AATGCGCATTTACTGACCGA_001,96
AATGCGCATTTACTGACCGA_002,181
AATGCGCATTTACTGACCGA_003,140
AATGCGCATTTACTGACCGA_004,64
AATGCGCATTTACTGACCGA_005,46
AATGCGCATTTACTGACCGA_006,56
AATGCGCATTTACTGACCGA_007,62
AATGCGCATTTACTGACCGA_008,105
AATGCGCATTTACTGACCGA_009,52
AATGCGCATTTACTGACCGA_010,42
AATGCGCATTTACTGACCGA_011,137
TCGGTCTATACAGCAACGGA_001,101
TCGGTCTATACAGCAACGGA_002,12
TCGGTCTATACAGCAACGGA_003,149
TCGGTCTATACAGCAACGGA_004,184
TCGGTCTATACAGCAACGGA_005,80
TCGGTCTATACAGCAACGGA_006,60
TCGGTCTATACAGCAACGGA_007,9
CCAGCACGTTGTAGAGAGCG_001,188
CCAGCACGTTGTAGAGAGCG_002,60
CCAGCACGTTGTAGAGAGCG_003,57
CCAGCACGTTGTAGAGAGCG_004,81
TGGACCACTCCCATTACGGG_001,60
TGGACCACTCCCATTACGGG_002,139
TGGACCACTCCCATTACGGG_003,29
TGGACCACTCCCATTACGGG_004,183
TGGACCACTCCCATTACGGG_005,135
TGGACCACTCCCATTACGGG_006,152
TGGACCACTCCCATTACGGG_007,10
TGGACCACTCCCATTACGGG_008,105
TGGACCACTCCCATTACGGG_009,115
TGGACCACTCCCATTACGGG_010,120
TGGACCACTCCCATTACGGG_011,129
TGGACCACTCCCATTACGGG_012,53
TGGACCACTCCCATTACGGG_013,191
TGGACCACTCCCATTACGGG_014,198
TGGACCACTCCCATTACGGG_015,150
TGGACCACTCCCATTACGGG_016,129
TGGACCACTCCCATTACGGG_017,147
TGGACCACTCCCATTACGGG_018,34
TATGTGGACAAGATCCACAT_001,191
TATGTGGACAAGATCCACAT_002,88
TATGTGGACAAGATCCACAT_003,41
TATGTGGACAAGATCCACAT_004,199
TATGTGGACAAGATCCACAT_005,5
TATGTGGACAAGATCCACAT_006,112
TATTTGGAGACAAGTTCACG_001,24
TCATAGTAAAGTTATACAAA_001,96
CTGCAGAACCAGAAGGACCC_001,158
CTGCAGAACCAGAAGGACCC_002,7
CTGCAGAACCAGAAGGACCC_003,13
CTGCAGAACCAGAAGGACCC_004,25
TAGCCTTTGCCGAGTCCCTG_001,89
TAGCCTTTGCCGAGTCCCTG_002,17
TAGCCTTTGCCGAGTCCCTG_003,56
TAGCCTTTGCCGAGTCCCTG_004,158
TAGCCTTTGCCGAGTCCCTG_005,166
TAGCCTTTGCCGAGTCCCTG_006,115
TAGCCTTTGCCGAGTCCCTG_007,149
TAGCCTTTGCCGAGTCCCTG_008,134
TAGCCTTTGCCGAGTCCCTG_009,158
TAGCCTTTGCCGAGTCCCTG_010,177
TAGCCTTTGCCGAGTCCCTG_011,65
TAGCCTTTGCCGAGTCCCTG_012,13
TAGCCTTTGCCGAGTCCCTG_013,60
TAGCCTTTGCCGAGTCCCTG_014,82
TAGCCTTTGCCGAGTCCCTG_015,61
TAGCCTTTGCCGAGTCCCTG_016,177
TAGCCTTTGCCGAGTCCCTG_017,192
TAGCCTTTGCCGAGTCCCTG_018,74
TAGCCTTTGCCGAGTCCCTG_019,15
TAGCCTTTGCCGAGTCCCTG_020,94
TAGCCTTTGCCGAGTCCCTG_021,169
TAGCCTTTGCCGAGTCCCTG_022,6
TAGCCTTTGCCGAGTCCCTG_023,79
TAGCCTTTGCCGAGTCCCTG_024,130
ATGTAGTGTATGAGCGAGTG_001,60
ATGTAGTGTATGAGCGAGTG_002,78
ATGTAGTGTATGAGCGAGTG_003,188
ATGTAGTGTATGAGCGAGTG_004,77
ATGTAGTGTATGAGCGAGTG_005,11
ATGTAGTGTATGAGCGAGTG_006,47
ATGTAGTGTATGAGCGAGTG_007,34
ATGTAGTGTATGAGCGAGTG_008,169
ATGTAGTGTATGAGCGAGTG_009,149
ATGTAGTGTATGAGCGAGTG_010,34
ATGTAGTGTATGAGCGAGTG_011,115
ATGTAGTGTATGAGCGAGTG_012,119
ATGTAGTGTATGAGCGAGTG_013,1
ATGTAGTGTATGAGCGAGTG_014,8
ATGTAGTGTATGAGCGAGTG_015,42
ATGTAGTGTATGAGCGAGTG_016,102
ATGTAGTGTATGAGCGAGTG_017,121
ATGTAGTGTATGAGCGAGTG_018,17
ATGTAGTGTATGAGCGAGTG_019,88
CCAGGACCAAGCCTTTCACA_001,83
CCAGGACCAAGCCTTTCACA_002,68
CCAGGACCAAGCCTTTCACA_003,147
CCAGGACCAAGCCTTTCACA_004,98
CCAGGACCAAGCCTTTCACA_005,160
CCAGGACCAAGCCTTTCACA_006,175
GATGGCATTTGACCTCTCTG_001,105
GATGGCATTTGACCTCTCTG_002,152
GATGGCATTTGACCTCTCTG_003,88
GATGGCATTTGACCTCTCTG_004,27
GATGGCATTTGACCTCTCTG_005,148
GATGGCATTTGACCTCTCTG_006,168
GATGGCATTTGACCTCTCTG_007,130
GATGGCATTTGACCTCTCTG_008,9
GATGGCATTTGACCTCTCTG_009,22
GATGGCATTTGACCTCTCTG_010,88
GATGGCATTTGACCTCTCTG_011,175
GATGGCATTTGACCTCTCTG_012,79
GATGGCATTTGACCTCTCTG_013,94
GATGGCATTTGACCTCTCTG_014,78
GATGGCATTTGACCTCTCTG_015,146
GATGGCATTTGACCTCTCTG_016,195
GATGGCATTTGACCTCTCTG_017,25
GATGGCATTTGACCTCTCTG_018,184
GATGGCATTTGACCTCTCTG_019,51
GATGGCATTTGACCTCTCTG_020,122
GATGGCATTTGACCTCTCTG_021,182
GATGGCATTTGACCTCTCTG_022,28
ACTGATGGGCTGCTATACTT_001,15
ACTGATGGGCTGCTATACTT_002,124
ACTGATGGGCTGCTATACTT_003,49
ACTGATGGGCTGCTATACTT_004,68
ACTGATGGGCTGCTATACTT_005,147
ACTGATGGGCTGCTATACTT_006,19
ACTGATGGGCTGCTATACTT_007,104
ACTGATGGGCTGCTATACTT_008,141
ACTGATGGGCTGCTATACTT_009,196
ACTGATGGGCTGCTATACTT_010,104
ACTGATGGGCTGCTATACTT_011,154
ACTGATGGGCTGCTATACTT_012,184
ACTGATGGGCTGCTATACTT_013,130
ACTGATGGGCTGCTATACTT_014,105
ACTGATGGGCTGCTATACTT_015,62
CCTCTATGCACATCACAGCA_001,172
CCTCTATGCACATCACAGCA_002,154
CCTCTATGCACATCACAGCA_003,61
CCTCTATGCACATCACAGCA_004,38
CCTCTATGCACATCACAGCA_005,100
CCTCTATGCACATCACAGCA_006,113
CCTCTATGCACATCACAGCA_007,141
CCTCTATGCACATCACAGCA_008,46
CCTCTATGCACATCACAGCA_009,180
CCTCTATGCACATCACAGCA_010,86
CCTCTATGCACATCACAGCA_011,91
CCTCTATGCACATCACAGCA_012,175
ATTCAGGTAAAAGCCCCGTG_001,177
ATTCAGGTAAAAGCCCCGTG_002,94
ATTCAGGTAAAAGCCCCGTG_003,58
ATTCAGGTAAAAGCCCCGTG_004,31
ATTCAGGTAAAAGCCCCGTG_005,56
ATTCAGGTAAAAGCCCCGTG_006,94
ATTCAGGTAAAAGCCCCGTG_007,67
ATTCAGGTAAAAGCCCCGTG_008,23
ATTCAGGTAAAAGCCCCGTG_009,2
ATTCAGGTAAAAGCCCCGTG_010,23
ATTCAGGTAAAAGCCCCGTG_011,95
ATTCAGGTAAAAGCCCCGTG_012,4
ATTCAGGTAAAAGCCCCGTG_013,60
ATTCAGGTAAAAGCCCCGTG_014,152
ATTCAGGTAAAAGCCCCGTG_015,7
CTGAAAGAACTTGTTCAGAG_001,124
CTGAAAGAACTTGTTCAGAG_002,152
CTGAAAGAACTTGTTCAGAG_003,48
GCTGCTGAAAGATTGCACTG_001,147
GCTGCTGAAAGATTGCACTG_002,159
GCTGCTGAAAGATTGCACTG_003,17
GCTGCTGAAAGATTGCACTG_004,54
GCTGCTGAAAGATTGCACTG_005,28
GCTGCTGAAAGATTGCACTG_006,158
GCTGCTGAAAGATTGCACTG_007,123
GCTGCTGAAAGATTGCACTG_008,99
GCTGCTGAAAGATTGCACTG_009,131
GCTGCTGAAAGATTGCACTG_010,95
GCTGCTGAAAGATTGCACTG_011,150
GCTGCTGAAAGATTGCACTG_012,117
GCTGCTGAAAGATTGCACTG_013,146
GCTGCTGAAAGATTGCACTG_014,146
GCTGCTGAAAGATTGCACTG_015,129
GCTGCTGAAAGATTGCACTG_016,37
GCTGCTGAAAGATTGCACTG_017,62
GCTGCTGAAAGATTGCACTG_018,17
GTGTATGGAGCCAGTCGTCG_001,42
GTGTATGGAGCCAGTCGTCG_002,65
GTGTATGGAGCCAGTCGTCG_003,96
GTGTATGGAGCCAGTCGTCG_004,35
GTGTATGGAGCCAGTCGTCG_005,188
GTGTATGGAGCCAGTCGTCG_006,61
GTGTATGGAGCCAGTCGTCG_007,145
GTGTATGGAGCCAGTCGTCG_008,121
GTGTATGGAGCCAGTCGTCG_009,53
GGGTTGAGGTTGCATCATCG_001,121
GGGTTGAGGTTGCATCATCG_002,119
GGGTTGAGGTTGCATCATCG_003,131
GGGTTGAGGTTGCATCATCG_004,161
GGGTTGAGGTTGCATCATCG_005,145
GGGTTGAGGTTGCATCATCG_006,152
GGGTTGAGGTTGCATCATCG_007,66
GGGTTGAGGTTGCATCATCG_008,165
GGGTTGAGGTTGCATCATCG_009,168
GGGTTGAGGTTGCATCATCG_010,105
GGGTTGAGGTTGCATCATCG_011,93
ACTTCGATGTGTTCACAAAG_001,172
ACTTCGATGTGTTCACAAAG_002,173
ACTTCGATGTGTTCACAAAG_003,143
ACTTCGATGTGTTCACAAAG_004,106
ACTTCGATGTGTTCACAAAG_005,26
ACTTCGATGTGTTCACAAAG_006,106
TTCCTCCGAACCTACCAAAG_001,60
TTCCTCCGAACCTACCAAAG_002,28
TTCCTCCGAACCTACCAAAG_003,130
TTCCTCCGAACCTACCAAAG_004,127
TTCCTCCGAACCTACCAAAG_005,122
TTCCTCCGAACCTACCAAAG_006,15
TTCCTCCGAACCTACCAAAG_007,2
TTCCTCCGAACCTACCAAAG_008,32
TTCCTCCGAACCTACCAAAG_009,69
TTCCTCCGAACCTACCAAAG_010,177
TTCCTCCGAACCTACCAAAG_011,14
TTCCTCCGAACCTACCAAAG_012,174
TTCCTCCGAACCTACCAAAG_013,1
TTCCTCCGAACCTACCAAAG_014,172
TTCCTCCGAACCTACCAAAG_015,119
TTCCTCCGAACCTACCAAAG_016,106
TTCCTCCGAACCTACCAAAG_017,127
TTCCTCCGAACCTACCAAAG_018,158
TTGTACCATTAACTTCACAC_001,170
TTGTACCATTAACTTCACAC_002,37
GGGGCCCCAGACAGGAGCAG_001,62
GGGGCCCCAGACAGGAGCAG_002,113
GGGGCCCCAGACAGGAGCAG_003,98
GGGGCCCCAGACAGGAGCAG_004,107
GGGGCCCCAGACAGGAGCAG_005,168
GGGGCCCCAGACAGGAGCAG_006,126
GGGGCCCCAGACAGGAGCAG_007,22
GGGGCCCCAGACAGGAGCAG_008,190
GGGGCCCCAGACAGGAGCAG_009,85
GGGGCCCCAGACAGGAGCAG_010,103
GGGGCCCCAGACAGGAGCAG_011,198
GGGGCCCCAGACAGGAGCAG_012,107
GGGGCCCCAGACAGGAGCAG_013,154
GGGGCCCCAGACAGGAGCAG_014,53
GGGGCCCCAGACAGGAGCAG_015,134
GGGGCCCCAGACAGGAGCAG_016,3
GGGGCCCCAGACAGGAGCAG_017,56
GGGGCCCCAGACAGGAGCAG_018,46
GGGGCCCCAGACAGGAGCAG_019,46
GGGGCCCCAGACAGGAGCAG_020,177
GGGGCCCCAGACAGGAGCAG_021,116
GGGGCCCCAGACAGGAGCAG_022,88
GGGGCCCCAGACAGGAGCAG_023,17
GGGGCCCCAGACAGGAGCAG_024,12
CCACCTGCTCATGTGTAACA_001,88
CCACCTGCTCATGTGTAACA_002,17
CCACCTGCTCATGTGTAACA_003,105
CCACCTGCTCATGTGTAACA_004,94
CCACCTGCTCATGTGTAACA_005,199
CCACCTGCTCATGTGTAACA_006,45
CCACCTGCTCATGTGTAACA_007,112
CCACCTGCTCATGTGTAACA_008,33
CCACCTGCTCATGTGTAACA_009,168
CCACCTGCTCATGTGTAACA_010,1
CCACCTGCTCATGTGTAACA_011,131
CCACCTGCTCATGTGTAACA_012,43
GAATATCAACAGAATTTGAA_001,91
GAATATCAACAGAATTTGAA_002,47
GAATATCAACAGAATTTGAA_003,108
AGGACTTCCGGGATTACCGC_001,50
AGGACTTCCGGGATTACCGC_002,107
AGGACTTCCGGGATTACCGC_003,118
AGGACTTCCGGGATTACCGC_004,80
AGGACTTCCGGGATTACCGC_005,77
AGGACTTCCGGGATTACCGC_006,174
AGGACTTCCGGGATTACCGC_007,178
AGGACTTCCGGGATTACCGC_008,192
AGGACTTCCGGGATTACCGC_009,154
AGGACTTCCGGGATTACCGC_010,120
AGGACTTCCGGGATTACCGC_011,141
AGGACTTCCGGGATTACCGC_012,76
AGGACTTCCGGGATTACCGC_013,77
AGGACTTCCGGGATTACCGC_014,155
AGGACTTCCGGGATTACCGC_015,77
AGGACTTCCGGGATTACCGC_016,166
AGGACTTCCGGGATTACCGC_017,13
ACGACTTCACAGAAGAACAA_001,182
ACGACTTCACAGAAGAACAA_002,119
ACGACTTCACAGAAGAACAA_003,161
ACGACTTCACAGAAGAACAA_004,77
TCCCAAGACATGTTCGACAA_001,147
TCCCAAGACATGTTCGACAA_002,50
TCCCAAGACATGTTCGACAA_003,94
TCCCAAGACATGTTCGACAA_004,29
TCCCAAGACATGTTCGACAA_005,9
ACATTACCTTAACCCTCTGG_001,45
ACATTACCTTAACCCTCTGG_002,94
ACATTACCTTAACCCTCTGG_003,134
ACATTACCTTAACCCTCTGG_004,125
ACATTACCTTAACCCTCTGG_005,27
CAGCCTCCGAATCCAGAAGG_001,178
CAGCCTCCGAATCCAGAAGG_002,188
CAGCCTCCGAATCCAGAAGG_003,72
TTTAGTGGAAGTGTCACCGG_001,17
TTTAGTGGAAGTGTCACCGG_002,180
TTTAGTGGAAGTGTCACCGG_003,98
TTTAGTGGAAGTGTCACCGG_004,42
TTTAGTGGAAGTGTCACCGG_005,42
TTTAGTGGAAGTGTCACCGG_006,8
TTTAGTGGAAGTGTCACCGG_007,141
TTTAGTGGAAGTGTCACCGG_008,29
TTTAGTGGAAGTGTCACCGG_009,42
TTTAGTGGAAGTGTCACCGG_010,3
CAAGAAGAGGAAGAAGACCA_001,134
CAAGAAGAGGAAGAAGACCA_002,175
CAAGAAGAGGAAGAAGACCA_003,60
CAAGAAGAGGAAGAAGACCA_004,88
CAAGAAGAGGAAGAAGACCA_005,27
CAAGAAGAGGAAGAAGACCA_006,123
CAAGAAGAGGAAGAAGACCA_007,193
CTAAGAGAGCCACTTGCGAA_001,155
CTAAGAGAGCCACTTGCGAA_002,136
CTAAGAGAGCCACTTGCGAA_003,80
CTAAGAGAGCCACTTGCGAA_004,65
CTAAGAGAGCCACTTGCGAA_005,177
CTAAGAGAGCCACTTGCGAA_006,183
CTAAGAGAGCCACTTGCGAA_007,66
CTAAGAGAGCCACTTGCGAA_008,32
CTAAGAGAGCCACTTGCGAA_009,1
AGTCTTCCGGAAACAGTCAA_001,56
AGTCTTCCGGAAACAGTCAA_002,6
AGTCTTCCGGAAACAGTCAA_003,80
AGTCTTCCGGAAACAGTCAA_004,191
AGTCTTCCGGAAACAGTCAA_005,1
AGTCTTCCGGAAACAGTCAA_006,49
AGTCTTCCGGAAACAGTCAA_007,77
AGTCTTCCGGAAACAGTCAA_008,81
AGTCTTCCGGAAACAGTCAA_009,184
CATAAAAGTCTGTCTGAGAG_001,65
AAGATGGCAGCATCTATGCA_001,134
AAGATGGCAGCATCTATGCA_002,84
AAGATGGCAGCATCTATGCA_003,140
AAGATGGCAGCATCTATGCA_004,91
AAGATGGCAGCATCTATGCA_005,13
CCGGTCATACGTAAGAACGA_001,169
CCGGTCATACGTAAGAACGA_002,198
ATCTTCTTTCGACAACATCA_001,43
ATCTTCTTTCGACAACATCA_002,112
ATCTTCTTTCGACAACATCA_003,170
ATCTTCTTTCGACAACATCA_004,134
ATCTTCTTTCGACAACATCA_005,163
ATCTTCTTTCGACAACATCA_006,103
ATCTTCTTTCGACAACATCA_007,16
ATCTTCTTTCGACAACATCA_008,124
GGGATGCCAATGGGTCCCGC_001,130
GGGATGCCAATGGGTCCCGC_002,17
GGGATGCCAATGGGTCCCGC_003,160
GGGATGCCAATGGGTCCCGC_004,194
GGGATGCCAATGGGTCCCGC_005,114
GGGATGCCAATGGGTCCCGC_006,166
GGGATGCCAATGGGTCCCGC_007,91
TACTCTTTGAATTCTCGACT_001,141
TACTCTTTGAATTCTCGACT_002,184
TACTCTTTGAATTCTCGACT_003,43
AGGGATCCCTCGGTCCTACG_001,175
AGGGATCCCTCGGTCCTACG_002,53
AGGGATCCCTCGGTCCTACG_003,7
AGGGATCCCTCGGTCCTACG_004,62
AGGGATCCCTCGGTCCTACG_005,125
AGGGATCCCTCGGTCCTACG_006,120
AGGGATCCCTCGGTCCTACG_007,62
AGGGATCCCTCGGTCCTACG_008,129
AGGGATCCCTCGGTCCTACG_009,148
AGGGATCCCTCGGTCCTACG_010,81
AGGGATCCCTCGGTCCTACG_011,52
CAGGAAAAAACCATATCCCA_001,105
CAGGAAAAAACCATATCCCA_002,50
CAGGAAAAAACCATATCCCA_003,155
CAGGAAAAAACCATATCCCA_004,116
AGGATGACCGCTACTACAGG_001,127
AGGATGACCGCTACTACAGG_002,191
AGGATGACCGCTACTACAGG_003,188
AGGATGACCGCTACTACAGG_004,184
AGGATGACCGCTACTACAGG_005,102
AGGATGACCGCTACTACAGG_006,144
AGGATGACCGCTACTACAGG_007,166
AGGATGACCGCTACTACAGG_008,172
AGGATGACCGCTACTACAGG_009,75
AGGATGACCGCTACTACAGG_010,86
AGGATGACCGCTACTACAGG_011,117
AGGATGACCGCTACTACAGG_012,108
AGGATGACCGCTACTACAGG_013,152
AGGATGACCGCTACTACAGG_014,145
AGGATGACCGCTACTACAGG_015,160
AGGATGACCGCTACTACAGG_016,100
AGGATGACCGCTACTACAGG_017,95
AGGATGACCGCTACTACAGG_018,48
AGGATGACCGCTACTACAGG_019,155
CCTCTTCTTCATGTAGCCAG_001,145
CCTCTTCTTCATGTAGCCAG_002,57
CCTCTTCTTCATGTAGCCAG_003,42
CCTCTTCTTCATGTAGCCAG_004,57
CCTCTTCTTCATGTAGCCAG_005,76
CCTCTTCTTCATGTAGCCAG_006,130
CCTCTTCTTCATGTAGCCAG_007,30
CCTCTTCTTCATGTAGCCAG_008,70
CCTCTTCTTCATGTAGCCAG_009,185
CCTCTTCTTCATGTAGCCAG_010,132
GGCCCGGAAAGGCTACCGAC_001,149
GGCCCGGAAAGGCTACCGAC_002,17
GGCCCGGAAAGGCTACCGAC_003,162
GGCCCGGAAAGGCTACCGAC_004,120
GGCCCGGAAAGGCTACCGAC_005,188
GGCCCGGAAAGGCTACCGAC_006,156
GGCCCGGAAAGGCTACCGAC_007,119
GGCCCGGAAAGGCTACCGAC_008,197
CACTACATAGAACAAGATGT_001,169
CACTACATAGAACAAGATGT_002,69
CTGGGAGCAGCTCTACACAG_001,139
CTGGGAGCAGCTCTACACAG_002,6
CTGGGAGCAGCTCTACACAG_003,26
CTGGGAGCAGCTCTACACAG_004,141
CTGGGAGCAGCTCTACACAG_005,63
CTGGGAGCAGCTCTACACAG_006,6
CTGGGAGCAGCTCTACACAG_007,162
CTGGGAGCAGCTCTACACAG_008,91
CTGGGAGCAGCTCTACACAG_009,147
CTGGGAGCAGCTCTACACAG_010,93
GCGACAACGTGACCTGCGCG_001,132
GCGACAACGTGACCTGCGCG_002,137
GCGACAACGTGACCTGCGCG_003,48
GCGACAACGTGACCTGCGCG_004,178
GCGACAACGTGACCTGCGCG_005,105
GCGACAACGTGACCTGCGCG_006,145
GCGACAACGTGACCTGCGCG_007,95
GCGACAACGTGACCTGCGCG_008,35
GCGACAACGTGACCTGCGCG_009,144
GCGACAACGTGACCTGCGCG_010,48
GGTACACCACAACCATGATG_001,147
GGTACACCACAACCATGATG_002,82
GGTACACCACAACCATGATG_003,78
GGTACACCACAACCATGATG_004,105
GGTACACCACAACCATGATG_005,37
GGTACACCACAACCATGATG_006,12
GGTACACCACAACCATGATG_007,124
GGTACACCACAACCATGATG_008,188
GGTACACCACAACCATGATG_009,104
CTGGTGTGTCCAGATAGCTA_001,43
CTGGTGTGTCCAGATAGCTA_002,77
CTGGTGTGTCCAGATAGCTA_003,151
CTGGTGTGTCCAGATAGCTA_004,32
CTGGTGTGTCCAGATAGCTA_005,170
CTGGTGTGTCCAGATAGCTA_006,147
CTGGTGTGTCCAGATAGCTA_007,97
CTGGTGTGTCCAGATAGCTA_008,120
CTGGTGTGTCCAGATAGCTA_009,62
CTGGTGTGTCCAGATAGCTA_010,50
CTGGTGTGTCCAGATAGCTA_011,22
AATGACACCACCATACAGCA_001,102
AATGACACCACCATACAGCA_002,172
AATGACACCACCATACAGCA_003,145
AATGACACCACCATACAGCA_004,94
AATGACACCACCATACAGCA_005,86
AATGACACCACCATACAGCA_006,151
AATGACACCACCATACAGCA_007,189
AATGACACCACCATACAGCA_008,158
AATGACACCACCATACAGCA_009,67
AATGACACCACCATACAGCA_010,60
AATGACACCACCATACAGCA_011,169
AATGACACCACCATACAGCA_012,1
GAGACAGATAAATCAGAGGG_001,143
GAGACAGATAAATCAGAGGG_002,12
GAGACAGATAAATCAGAGGG_003,96
GAGACAGATAAATCAGAGGG_004,112
GAGACAGATAAATCAGAGGG_005,179
GTGGAAATGGTACCAATGGT_001,161
CACACAGGATCGTGACTCGG_001,148
CACACAGGATCGTGACTCGG_002,174
CACACAGGATCGTGACTCGG_003,96
CACACAGGATCGTGACTCGG_004,191
TTCCGAGAGCTCACTGCCTG_001,151
TTCCGAGAGCTCACTGCCTG_002,76
TTCCGAGAGCTCACTGCCTG_003,80
TTCCGAGAGCTCACTGCCTG_004,177
TTCCGAGAGCTCACTGCCTG_005,136
TGAGGATGACCATGTCGTGT_001,29
TGAGGATGACCATGTCGTGT_002,181
TGAGGATGACCATGTCGTGT_003,40
TGAGGATGACCATGTCGTGT_004,69
TGAGGATGACCATGTCGTGT_005,178
TGAGGATGACCATGTCGTGT_006,111
TGAGGATGACCATGTCGTGT_007,88
TGAGGATGACCATGTCGTGT_008,11
TGAGGATGACCATGTCGTGT_009,76
TGAGGATGACCATGTCGTGT_010,60
TGAGGATGACCATGTCGTGT_011,28
GCTGCATGATCTGATTGCAG_001,32
ATGGGCACATGCTCAAGTAA_001,34
ATGGGCACATGCTCAAGTAA_002,156
GCAGACCCGTTGACTACCGA_001,105
GCAGACCCGTTGACTACCGA_002,53
GCAGACCCGTTGACTACCGA_003,93
GCAGACCCGTTGACTACCGA_004,62
GCAGACCCGTTGACTACCGA_005,146
GCAGACCCGTTGACTACCGA_006,70
GCAGACCCGTTGACTACCGA_007,50
GCAGACCCGTTGACTACCGA_008,160
GCAGACCCGTTGACTACCGA_009,152
GCAGACCCGTTGACTACCGA_010,7
GCAGACCCGTTGACTACCGA_011,92
GCAGACCCGTTGACTACCGA_012,118
GCAGACCCGTTGACTACCGA_013,150
GCAGACCCGTTGACTACCGA_014,161
GCAGACCCGTTGACTACCGA_015,42
GCAGACCCGTTGACTACCGA_016,78
GCAGACCCGTTGACTACCGA_017,118
GCAGACCCGTTGACTACCGA_018,151
TAATATTAGTTCCGTCACAG_001,94
TAATATTAGTTCCGTCACAG_002,56
TAATATTAGTTCCGTCACAG_003,35
TAATATTAGTTCCGTCACAG_004,8
TAATATTAGTTCCGTCACAG_005,112
TAATTCCATCCGTAGAGCCC_001,197
GACAATGCTACATCGAGCCA_001,48
GACAATGCTACATCGAGCCA_002,184
GACAATGCTACATCGAGCCA_003,94
GACAATGCTACATCGAGCCA_004,197
GACAATGCTACATCGAGCCA_005,13
GACAATGCTACATCGAGCCA_006,191
GACAATGCTACATCGAGCCA_007,138
GACAATGCTACATCGAGCCA_008,166
GACAATGCTACATCGAGCCA_009,69
GACAATGCTACATCGAGCCA_010,91
GACAATGCTACATCGAGCCA_011,82
ACAGAGAAACCATTTATGGG_001,62
ACAGAGAAACCATTTATGGG_002,75
ACAGAGAAACCATTTATGGG_003,162
ACAGAGAAACCATTTATGGG_004,189
ACAGAGAAACCATTTATGGG_005,9
ACAGAGAAACCATTTATGGG_006,94
ACAGAGAAACCATTTATGGG_007,142
ACAGAGAAACCATTTATGGG_008,38
GTGCGCACCCACATTCGTGT_001,63
GTGCGCACCCACATTCGTGT_002,31
GTGCGCACCCACATTCGTGT_003,144
GTGCGCACCCACATTCGTGT_004,161
GTGCGCACCCACATTCGTGT_005,122
GTGCGCACCCACATTCGTGT_006,145
GTGCGCACCCACATTCGTGT_007,116
GTGCGCACCCACATTCGTGT_008,2
GTGCGCACCCACATTCGTGT_009,94
GTGCGCACCCACATTCGTGT_010,169
GTGCGCACCCACATTCGTGT_011,42
GTGCGCACCCACATTCGTGT_012,168
TAGGCTGATGCACCTAATCC_001,163
TGGCACCACATACCGCAAGG_001,147
TGGCACCACATACCGCAAGG_002,127
TGGCACCACATACCGCAAGG_003,58
TGGCACCACATACCGCAAGG_004,94
TGGCACCACATACCGCAAGG_005,124
TGGCACCACATACCGCAAGG_006,51
TGGCACCACATACCGCAAGG_007,157
TGGCACCACATACCGCAAGG_008,148
TGGCACCACATACCGCAAGG_009,75
TGGCACCACATACCGCAAGG_010,181
CGACTACACGCACGACATGG_001,198
CGACTACACGCACGACATGG_002,133
CGACTACACGCACGACATGG_003,41
ACAAAGAACTGATCAACAGT_001,127
ACAAAGAACTGATCAACAGT_002,170
ACAAAGAACTGATCAACAGT_003,14
ACAAAGAACTGATCAACAGT_004,170
ACAAAGAACTGATCAACAGT_005,49
ACAAAGAACTGATCAACAGT_006,162
CGCACTGTTCGTTCACCCCG_001,195
CGCACTGTTCGTTCACCCCG_002,175
CGCACTGTTCGTTCACCCCG_003,1
CGCACTGTTCGTTCACCCCG_004,188
CGCACTGTTCGTTCACCCCG_005,12
CGCACTGTTCGTTCACCCCG_006,22
CGCACTGTTCGTTCACCCCG_007,194
CGCACTGTTCGTTCACCCCG_008,177
CGCACTGTTCGTTCACCCCG_009,108
CGCACTGTTCGTTCACCCCG_010,178
CGCACTGTTCGTTCACCCCG_011,172
CGCACTGTTCGTTCACCCCG_012,6
CGCACTGTTCGTTCACCCCG_013,45
CGCACTGTTCGTTCACCCCG_014,12
CGCACTGTTCGTTCACCCCG_015,64
CGCACTGTTCGTTCACCCCG_016,5
CGCACTGTTCGTTCACCCCG_017,158
CGCACTGTTCGTTCACCCCG_018,151
CGCACTGTTCGTTCACCCCG_019,16
CGCACTGTTCGTTCACCCCG_020,107
CTTGCTACGGGACTCAACGA_001,100
CTTGCTACGGGACTCAACGA_002,118
CTTGCTACGGGACTCAACGA_003,62
CTTGCTACGGGACTCAACGA_004,139
CTTGCTACGGGACTCAACGA_005,85
CTTGCTACGGGACTCAACGA_006,183
TTTGTAAAACTTATCAAACG_001,7
GTGCACGCCATACTTGAGAA_001,26
GTGCACGCCATACTTGAGAA_002,27
GTGCACGCCATACTTGAGAA_003,25
GTGCACGCCATACTTGAGAA_004,58
GTGCACGCCATACTTGAGAA_005,28
GTGCACGCCATACTTGAGAA_006,128
GTGCACGCCATACTTGAGAA_007,168
GTGCACGCCATACTTGAGAA_008,94
GTGCACGCCATACTTGAGAA_009,169
GTGCACGCCATACTTGAGAA_010,63
GTGCACGCCATACTTGAGAA_011,25
GTGCACGCCATACTTGAGAA_012,146
GTGCACGCCATACTTGAGAA_013,58
GTGCACGCCATACTTGAGAA_014,21
GTGCACGCCATACTTGAGAA_015,2
GTGCACGCCATACTTGAGAA_016,191
GTGCACGCCATACTTGAGAA_017,197
GTGCACGCCATACTTGAGAA_018,147
GTGCACGCCATACTTGAGAA_019,66
ACTCACGGGAGCCGTCGCAG_001,149
ACTCACGGGAGCCGTCGCAG_002,8
ACTCACGGGAGCCGTCGCAG_003,144
ACTCACGGGAGCCGTCGCAG_004,168
ACTCACGGGAGCCGTCGCAG_005,54
ACTCACGGGAGCCGTCGCAG_006,16
ACTCACGGGAGCCGTCGCAG_007,43
ACTCACGGGAGCCGTCGCAG_008,105
ACTCACGGGAGCCGTCGCAG_009,152
ACTCACGGGAGCCGTCGCAG_010,183
ACTCACGGGAGCCGTCGCAG_011,41
TAGCAGCTCCCATCCGAGGG_001,32
TAGCAGCTCCCATCCGAGGG_002,86
TAGCAGCTCCCATCCGAGGG_003,90
CCCGAGGACGCGCTGGACAC_001,33
CCCGAGGACGCGCTGGACAC_002,142
CCCGAGGACGCGCTGGACAC_003,182
CCCGAGGACGCGCTGGACAC_004,45
CCCGAGGACGCGCTGGACAC_005,79
CCCGAGGACGCGCTGGACAC_006,60
CCCGAGGACGCGCTGGACAC_007,2
CCCGAGGACGCGCTGGACAC_008,49
CCCGAGGACGCGCTGGACAC_009,17
CCCGAGGACGCGCTGGACAC_010,78
CCCGAGGACGCGCTGGACAC_011,40
CCCGAGGACGCGCTGGACAC_012,71
CCCGAGGACGCGCTGGACAC_013,9
GAGTCTGCGAGGATCGCCCG_001,149
GAGTCTGCGAGGATCGCCCG_002,145
GAGTCTGCGAGGATCGCCCG_003,5
GAGTCTGCGAGGATCGCCCG_004,68
GAGTCTGCGAGGATCGCCCG_005,13
GAGTCTGCGAGGATCGCCCG_006,82
GAGTCTGCGAGGATCGCCCG_007,138
GAGTCTGCGAGGATCGCCCG_008,63
GAGTCTGCGAGGATCGCCCG_009,15
GAGTCTGCGAGGATCGCCCG_010,99
GAGTCTGCGAGGATCGCCCG_011,117
GAGTCTGCGAGGATCGCCCG_012,11
GAGTCTGCGAGGATCGCCCG_013,140
GAGTCTGCGAGGATCGCCCG_014,182
GAGTCTGCGAGGATCGCCCG_015,140
GAGTCTGCGAGGATCGCCCG_016,176
GAAGTGATCAACGTGTCACC_001,42
GAAGTGATCAACGTGTCACC_002,15
GAAGTGATCAACGTGTCACC_003,150
GAAGTGATCAACGTGTCACC_004,197
GAAGTGATCAACGTGTCACC_005,88
CGAGGATCAATGCCTACAAG_001,139
CGAGGATCAATGCCTACAAG_002,107
CGAGGATCAATGCCTACAAG_003,154
CGAGGATCAATGCCTACAAG_004,154
CGAGGATCAATGCCTACAAG_005,38
CGAGGATCAATGCCTACAAG_006,151
AAGGCAATTGGAGTAACGGA_001,98
AAGGCAATTGGAGTAACGGA_002,50
AAGGCAATTGGAGTAACGGA_003,115
AAGGCAATTGGAGTAACGGA_004,83
AAGGCAATTGGAGTAACGGA_005,36
AAGGCAATTGGAGTAACGGA_006,161
AAGGCAATTGGAGTAACGGA_007,108
AAGGCAATTGGAGTAACGGA_008,193
AAGGCAATTGGAGTAACGGA_009,176
AAGGCAATTGGAGTAACGGA_010,81
AAGGCAATTGGAGTAACGGA_011,56
AAGGCAATTGGAGTAACGGA_012,102
AGAACAGTCCAGCCCCGCAG_001,94
AGAACAGTCCAGCCCCGCAG_002,57
AGAACAGTCCAGCCCCGCAG_003,160
AGAACAGTCCAGCCCCGCAG_004,60
AGAACAGTCCAGCCCCGCAG_005,172
AGAACAGTCCAGCCCCGCAG_006,4
AGAACAGTCCAGCCCCGCAG_007,184
AGAACAGTCCAGCCCCGCAG_008,94
AGAACAGTCCAGCCCCGCAG_009,170
AGAACAGTCCAGCCCCGCAG_010,45
AGAACAGTCCAGCCCCGCAG_011,29
AGAACAGTCCAGCCCCGCAG_012,72
AGAACAGTCCAGCCCCGCAG_013,148
AGAACAGTCCAGCCCCGCAG_014,106
AGAACAGTCCAGCCCCGCAG_015,62
AGAACAGTCCAGCCCCGCAG_016,177
AGAACAGTCCAGCCCCGCAG_017,68
AGAACAGTCCAGCCCCGCAG_018,11
AGAACAGTCCAGCCCCGCAG_019,194
AGAACAGTCCAGCCCCGCAG_020,137
AGAACAGTCCAGCCCCGCAG_021,138
AGAACAGTCCAGCCCCGCAG_022,70
AGAACAGTCCAGCCCCGCAG_023,191
GCACGCGGCGTCCAGACGCA_001,170
GCACGCGGCGTCCAGACGCA_002,114
GCACGCGGCGTCCAGACGCA_003,198
GCACGCGGCGTCCAGACGCA_004,89
GCACGCGGCGTCCAGACGCA_005,84
GCACGCGGCGTCCAGACGCA_006,19
GGGGCACGCAGGTCACGGGG_001,129
GGGGCACGCAGGTCACGGGG_002,53
GGGGCACGCAGGTCACGGGG_003,27
GGGGCACGCAGGTCACGGGG_004,166
GGGGCACGCAGGTCACGGGG_005,150
GGGGCACGCAGGTCACGGGG_006,164
GGGGCACGCAGGTCACGGGG_007,161
GGGGCACGCAGGTCACGGGG_008,49
GGGGCACGCAGGTCACGGGG_009,95
GGGGCACGCAGGTCACGGGG_010,95
GGGGCACGCAGGTCACGGGG_011,6
GGGGCACGCAGGTCACGGGG_012,2
GGGGCACGCAGGTCACGGGG_013,62
GGGGCACGCAGGTCACGGGG_014,8
GGGGCACGCAGGTCACGGGG_015,92
GGGGCACGCAGGTCACGGGG_016,183
GGGGCACGCAGGTCACGGGG_017,148
GGGGCACGCAGGTCACGGGG_018,153
GGGGCACGCAGGTCACGGGG_019,163
GGGGCACGCAGGTCACGGGG_020,188
GGGGCACGCAGGTCACGGGG_021,180
GGGGCACGCAGGTCACGGGG_022,48
GGGGCACGCAGGTCACGGGG_023,1
GGGGCACGCAGGTCACGGGG_024,44
ATGCGTGATTGTGACAACAC_001,40
ATGCGTGATTGTGACAACAC_002,9
ATGCGTGATTGTGACAACAC_003,177
ATGCGTGATTGTGACAACAC_004,129
ATGCGTGATTGTGACAACAC_005,26
ATGCGTGATTGTGACAACAC_006,57
ATGCGTGATTGTGACAACAC_007,188
ATGCGTGATTGTGACAACAC_008,146
ATGCGTGATTGTGACAACAC_009,121
ATGCGTGATTGTGACAACAC_010,182
ATGCGTGATTGTGACAACAC_011,1
ATGCGTGATTGTGACAACAC_012,88
ATGCGTGATTGTGACAACAC_013,34
ATGCGTGATTGTGACAACAC_014,124
ATGCGTGATTGTGACAACAC_015,146
ATGCGTGATTGTGACAACAC_016,13
TCGCGGCGCTCATCCACGAA_001,190
TCGCGGCGCTCATCCACGAA_002,181
TCGCGGCGCTCATCCACGAA_003,127
TCGCGGCGCTCATCCACGAA_004,82
TCGCGGCGCTCATCCACGAA_005,29
TCGCGGCGCTCATCCACGAA_006,196
TCGCGGCGCTCATCCACGAA_007,34
TCGCGGCGCTCATCCACGAA_008,29
GTTGCGTGAAGAGTTCAAGC_001,190
GTTGCGTGAAGAGTTCAAGC_002,48
GTTGCGTGAAGAGTTCAAGC_003,142
ACTTACCAAAACTATCTCTG_001,41
ACTTACCAAAACTATCTCTG_002,170
ACTTACCAAAACTATCTCTG_003,9
ACTTACCAAAACTATCTCTG_004,41
ACTTACCAAAACTATCTCTG_005,12
ACTTACCAAAACTATCTCTG_006,36
ACTTACCAAAACTATCTCTG_007,58
ACTTACCAAAACTATCTCTG_008,28
ACTTACCAAAACTATCTCTG_009,119
ACTTACCAAAACTATCTCTG_010,148
ACTTACCAAAACTATCTCTG_011,46
ACTTACCAAAACTATCTCTG_012,197
ACTTACCAAAACTATCTCTG_013,158
ACTTACCAAAACTATCTCTG_014,165
TGAACTTGCATACTGATGTG_001,92
TGAACTTGCATACTGATGTG_002,128
TGAACTTGCATACTGATGTG_003,185
TGATGTCCGGACATTCTCGG_001,31
TGATGTCCGGACATTCTCGG_002,105
TGATGTCCGGACATTCTCGG_003,178
TGATGTCCGGACATTCTCGG_004,47
TGATGTCCGGACATTCTCGG_005,137
TGATGTCCGGACATTCTCGG_006,6
TGATGTCCGGACATTCTCGG_007,32
TGATGTCCGGACATTCTCGG_008,6
TGATGTCCGGACATTCTCGG_009,1
TGATGTCCGGACATTCTCGG_010,181
TGATGTCCGGACATTCTCGG_011,197
TGATGTCCGGACATTCTCGG_012,146
TGATGTCCGGACATTCTCGG_013,112
TGATGTCCGGACATTCTCGG_014,53
TGATGTCCGGACATTCTCGG_015,177
TGATGTCCGGACATTCTCGG_016,105
TGATGTCCGGACATTCTCGG_017,28
TGATGTCCGGACATTCTCGG_018,92
TGTGTGTGTGATCGCCATTG_001,192
TGTGTGTGTGATCGCCATTG_002,149
TGTGTGTGTGATCGCCATTG_003,190
TGTGTGTGTGATCGCCATTG_004,190
TGTGTGTGTGATCGCCATTG_005,29
TCCAGCGCGTCGGTGTCGCG_001,98
TCCAGCGCGTCGGTGTCGCG_002,144
TCCAGCGCGTCGGTGTCGCG_003,150
TCCAGCGCGTCGGTGTCGCG_004,38
TGGCGGTACTACACACTGCA_001,19
TGGCGGTACTACACACTGCA_002,140
TGGCGGTACTACACACTGCA_003,151
TGGCGGTACTACACACTGCA_004,128
TGGCGGTACTACACACTGCA_005,104
TGGCGGTACTACACACTGCA_006,99
TGGCGGTACTACACACTGCA_007,177
TGGCGGTACTACACACTGCA_008,51
TGGCGGTACTACACACTGCA_009,179
TGGCGGTACTACACACTGCA_010,19
TGGCGGTACTACACACTGCA_011,68
TGGCGGTACTACACACTGCA_012,192
TGGCGGTACTACACACTGCA_013,127
TGGCGGTACTACACACTGCA_014,91
TGGCGGTACTACACACTGCA_015,26
TGGCGGTACTACACACTGCA_016,52
TGGCGGTACTACACACTGCA_017,198
TGGCGGTACTACACACTGCA_018,4
TGGCGGTACTACACACTGCA_019,175
TGGCGGTACTACACACTGCA_020,30
TGGCGGTACTACACACTGCA_021,114
TGGCGGTACTACACACTGCA_022,114
TAAAGACATACTTGTCTTGG_001,171
TCGAGTGCATCTATGTCGTG_001,28
GGGGCGCCAGTTACCCCCTG_001,94
GGGGCGCCAGTTACCCCCTG_002,150
GGGGCGCCAGTTACCCCCTG_003,127
GGGGCGCCAGTTACCCCCTG_004,119
GGGGCGCCAGTTACCCCCTG_005,154
GGGGCGCCAGTTACCCCCTG_006,53
GGGGCGCCAGTTACCCCCTG_007,166
GGGGCGCCAGTTACCCCCTG_008,181
GGGGCGCCAGTTACCCCCTG_009,96
GGGGCGCCAGTTACCCCCTG_010,103
GGGGCGCCAGTTACCCCCTG_011,41
GGGGCGCCAGTTACCCCCTG_012,1
GGGGCGCCAGTTACCCCCTG_013,56
GGGGCGCCAGTTACCCCCTG_014,24
GGGGCGCCAGTTACCCCCTG_015,12
GGGGCGCCAGTTACCCCCTG_016,120
GGGGCGCCAGTTACCCCCTG_017,78
GGGGCGCCAGTTACCCCCTG_018,148
GGGGCGCCAGTTACCCCCTG_019,151
GGGGCGCCAGTTACCCCCTG_020,146
AGAGAGGCAGAAGTACTGTA_001,70
AGAGAGGCAGAAGTACTGTA_002,113
AGAGAGGCAGAAGTACTGTA_003,137
AGAGAGGCAGAAGTACTGTA_004,187
AGAGAGGCAGAAGTACTGTA_005,157
GATGACAACTTCTCACTCCG_001,29
GATGACAACTTCTCACTCCG_002,84
GATGACAACTTCTCACTCCG_003,173
GATGACAACTTCTCACTCCG_004,57
GATGACAACTTCTCACTCCG_005,73
GATGACAACTTCTCACTCCG_006,56
GATGACAACTTCTCACTCCG_007,68
GATGACAACTTCTCACTCCG_008,114
ACTTACCCGAAGTTGCCGCG_001,43
ACTTACCCGAAGTTGCCGCG_002,68
ACTTACCCGAAGTTGCCGCG_003,137
ACTTACCCGAAGTTGCCGCG_004,69
ACTTACCCGAAGTTGCCGCG_005,60
ACTTACCCGAAGTTGCCGCG_006,7
ACTTACCCGAAGTTGCCGCG_007,119
ACTTACCCGAAGTTGCCGCG_008,90
ACTTACCCGAAGTTGCCGCG_009,94
ACTTACCCGAAGTTGCCGCG_010,95
ACTTACCCGAAGTTGCCGCG_011,74
ACTTACCCGAAGTTGCCGCG_012,135
ACTTACCCGAAGTTGCCGCG_013,84
ACTTACCCGAAGTTGCCGCG_014,16
ACTTACCCGAAGTTGCCGCG_015,134
ACTTACCCGAAGTTGCCGCG_016,75
ACTTACCCGAAGTTGCCGCG_017,82
ACTTACCCGAAGTTGCCGCG_018,140
ACTTACCCGAAGTTGCCGCG_019,185
ACTTACCCGAAGTTGCCGCG_020,148
ACTTACCCGAAGTTGCCGCG_021,174
ACTTACCCGAAGTTGCCGCG_022,148
ACTTACCCGAAGTTGCCGCG_023,49
ACTTACCCGAAGTTGCCGCG_024,37
ACTTACCCGAAGTTGCCGCG_025,132
ACTTACCCGAAGTTGCCGCG_026,147
ACTTACCCGAAGTTGCCGCG_027,94
ACTTACCCGAAGTTGCCGCG_028,76
ACTTACCCGAAGTTGCCGCG_029,67
ACTTACCCGAAGTTGCCGCG_030,168
ACTTACCCGAAGTTGCCGCG_031,68
ACTTACCCGAAGTTGCCGCG_032,108
CAACTGGAAAATCATCCGAT_001,41
CAACTGGAAAATCATCCGAT_002,193
CAACTGGAAAATCATCCGAT_003,10
CAACTGGAAAATCATCCGAT_004,134
CAACTGGAAAATCATCCGAT_005,65
CAACTGGAAAATCATCCGAT_006,45
CAACTGGAAAATCATCCGAT_007,116
CAACTGGAAAATCATCCGAT_008,140
CAACTGGAAAATCATCCGAT_009,52
GGACCACCGCTGGAGCAACG_001,60
GGACCACCGCTGGAGCAACG_002,5
GGACCACCGCTGGAGCAACG_003,146
GGACCACCGCTGGAGCAACG_004,85
GGACCACCGCTGGAGCAACG_005,15
GGACCACCGCTGGAGCAACG_006,180
GGAGAGCAAGGTCTTCGGGA_001,130
GGAGAGCAAGGTCTTCGGGA_002,29
GGAGAGCAAGGTCTTCGGGA_003,83
GGAGAGCAAGGTCTTCGGGA_004,61
CGGCGTTCGAGCTCTCAATG_001,34
CGGCGTTCGAGCTCTCAATG_002,34
CGGCGTTCGAGCTCTCAATG_003,72
CGGCGTTCGAGCTCTCAATG_004,46
CAGCATTAAAGACGACTCGG_001,31
CAGCATTAAAGACGACTCGG_002,2
CAGCATTAAAGACGACTCGG_003,118
CAGCATTAAAGACGACTCGG_004,162
CAGCATTAAAGACGACTCGG_005,184
CAGCATTAAAGACGACTCGG_006,149
CAGCATTAAAGACGACTCGG_007,119
CAGCATTAAAGACGACTCGG_008,50
CAGCATTAAAGACGACTCGG_009,108
CAGCATTAAAGACGACTCGG_010,84
CAGCATTAAAGACGACTCGG_011,105
CAGCATTAAAGACGACTCGG_012,19
CAGCATTAAAGACGACTCGG_013,123
GTGCCGCAATCGCATCCCAG_001,43
GTGCCGCAATCGCATCCCAG_002,121
GTGCCGCAATCGCATCCCAG_003,197
GTGCCGCAATCGCATCCCAG_004,118
GTGCCGCAATCGCATCCCAG_005,158
GTGCCGCAATCGCATCCCAG_006,167
GTGCCGCAATCGCATCCCAG_007,56
GTGCCGCAATCGCATCCCAG_008,108
GTGCCGCAATCGCATCCCAG_009,135
GTGCCGCAATCGCATCCCAG_010,14
GTGCCGCAATCGCATCCCAG_011,113
GTGCCGCAATCGCATCCCAG_012,15
GTGCCGCAATCGCATCCCAG_013,152
GTGCCGCAATCGCATCCCAG_014,35
GTGCCGCAATCGCATCCCAG_015,105
GTGCCGCAATCGCATCCCAG_016,187
GTGCCGCAATCGCATCCCAG_017,193
GTGCCGCAATCGCATCCCAG_018,176
GTGCCGCAATCGCATCCCAG_019,114
GTGCCGCAATCGCATCCCAG_020,67
GTGCCGCAATCGCATCCCAG_021,117
CAGAATTGGCTTCATAGAGG_001,88
CAGAATTGGCTTCATAGAGG_002,176
CAGAATTGGCTTCATAGAGG_003,182
CAGAATTGGCTTCATAGAGG_004,105
CAGAATTGGCTTCATAGAGG_005,149
CAGAATTGGCTTCATAGAGG_006,33
CAGAATTGGCTTCATAGAGG_007,108
CAGAATTGGCTTCATAGAGG_008,158
CAGAATTGGCTTCATAGAGG_009,127
CAGAATTGGCTTCATAGAGG_010,127
CAGAATTGGCTTCATAGAGG_011,17
CAGAATTGGCTTCATAGAGG_012,137
CAGAATTGGCTTCATAGAGG_013,133
CAGAATTGGCTTCATAGAGG_014,29
CAGAATTGGCTTCATAGAGG_015,91
CAGAATTGGCTTCATAGAGG_016,3
CAGAATTGGCTTCATAGAGG_017,27
TGGAAACTAAAAGAGATCCA_001,22
TGGAAACTAAAAGAGATCCA_002,54
TGGAAACTAAAAGAGATCCA_003,179
TGGAAACTAAAAGAGATCCA_004,181
TGGAAACTAAAAGAGATCCA_005,191
GTGCATCTAGCGAGCAGCTG_001,182
GTGCATCTAGCGAGCAGCTG_002,130
GTGCATCTAGCGAGCAGCTG_003,146
GTGCATCTAGCGAGCAGCTG_004,30
GTGCATCTAGCGAGCAGCTG_005,82
GTGCATCTAGCGAGCAGCTG_006,169
GTGCATCTAGCGAGCAGCTG_007,10
GTGCATCTAGCGAGCAGCTG_008,48
GTGCATCTAGCGAGCAGCTG_009,167
AGGAAGGTGATTCTCAGCTG_001,77
AGGAAGGTGATTCTCAGCTG_002,57
AGGAAGGTGATTCTCAGCTG_003,32
AGGAAGGTGATTCTCAGCTG_004,95
AGGAAGGTGATTCTCAGCTG_005,162
AGGAAGGTGATTCTCAGCTG_006,35
AGGAAGGTGATTCTCAGCTG_007,24
AGGAAGGTGATTCTCAGCTG_008,48
AGGAAGGTGATTCTCAGCTG_009,50
CCGTCCTTACAGCATATAGG_001,95
CCGTCCTTACAGCATATAGG_002,159
CCGTCCTTACAGCATATAGG_003,171
CCGTCCTTACAGCATATAGG_004,126
CCGTCCTTACAGCATATAGG_005,128
CCGTCCTTACAGCATATAGG_006,96
CCGTCCTTACAGCATATAGG_007,108
CCGTCCTTACAGCATATAGG_008,137
CCGTCCTTACAGCATATAGG_009,40
CCGTCCTTACAGCATATAGG_010,62
CCAGGTACTTACTCGCCAGT_001,105
CCAGGTACTTACTCGCCAGT_002,117
CCAGGTACTTACTCGCCAGT_003,115
CCAGGTACTTACTCGCCAGT_004,43
CCAGGTACTTACTCGCCAGT_005,48
CCAGGTACTTACTCGCCAGT_006,52
CCAGGTACTTACTCGCCAGT_007,84
GTCCCCTCCAGACTCGCACA_001,119
GTCCCCTCCAGACTCGCACA_002,156
GTCCCCTCCAGACTCGCACA_003,177
GTCCCCTCCAGACTCGCACA_004,141
GTCCCCTCCAGACTCGCACA_005,114
GTCCCCTCCAGACTCGCACA_006,43
GTCCCCTCCAGACTCGCACA_007,28
GTCCCCTCCAGACTCGCACA_008,171
TCCAAGCTGTGCAAAGACTG_001,169
TCCAAGCTGTGCAAAGACTG_002,55
TCCAAGCTGTGCAAAGACTG_003,115
TCCAAGCTGTGCAAAGACTG_004,102
TCCAAGCTGTGCAAAGACTG_005,139
TCCAAGCTGTGCAAAGACTG_006,38
TCCAAGCTGTGCAAAGACTG_007,156
TCCAAGCTGTGCAAAGACTG_008,155
TCCAAGCTGTGCAAAGACTG_009,17
TCCAAGCTGTGCAAAGACTG_010,34
TCCAAGCTGTGCAAAGACTG_011,142
TCCAAGCTGTGCAAAGACTG_012,107
TCCAAGCTGTGCAAAGACTG_013,96
TCCAAGCTGTGCAAAGACTG_014,41
TCCAAGCTGTGCAAAGACTG_015,60
TCCAAGCTGTGCAAAGACTG_016,11
TCCAAGCTGTGCAAAGACTG_017,92
TCCAAGCTGTGCAAAGACTG_018,166
TCCAAGCTGTGCAAAGACTG_019,96
TCCAAGCTGTGCAAAGACTG_020,187
GACTCCCAGTGTACGCAAGT_001,162
GACTCCCAGTGTACGCAAGT_002,144
GACTCCCAGTGTACGCAAGT_003,70
GACTCCCAGTGTACGCAAGT_004,56
TGGACATTGACGTGGTCACG_001,46
TGGACATTGACGTGGTCACG_002,31
TGGACATTGACGTGGTCACG_003,40
AATTCACAACTACTCAGACT_001,1
AATTCACAACTACTCAGACT_002,138
AATTCACAACTACTCAGACT_003,50
AATTCACAACTACTCAGACT_004,125
AATTCACAACTACTCAGACT_005,68
AATTCACAACTACTCAGACT_006,81
TGCCTGTCGGACCTGGACGG_001,130
TGCCTGTCGGACCTGGACGG_002,68
TGCCTGTCGGACCTGGACGG_003,34
TGCCTGTCGGACCTGGACGG_004,41
TGCCTGTCGGACCTGGACGG_005,198
TGCCTGTCGGACCTGGACGG_006,127
TGCCTGTCGGACCTGGACGG_007,97
TGCCTGTCGGACCTGGACGG_008,16
TGCCTGTCGGACCTGGACGG_009,139
TGCCTGTCGGACCTGGACGG_010,5
TGCCTGTCGGACCTGGACGG_011,158
TGCCTGTCGGACCTGGACGG_012,199
TGCCTGTCGGACCTGGACGG_013,82
TGCCTGTCGGACCTGGACGG_014,178
TGCCTGTCGGACCTGGACGG_015,168
TGCCTGTCGGACCTGGACGG_016,32
TGCCTGTCGGACCTGGACGG_017,87
TGCCTGTCGGACCTGGACGG_018,73
TGCCTGTCGGACCTGGACGG_019,101
TGCCTGTCGGACCTGGACGG_020,139
TGCCTGTCGGACCTGGACGG_021,34
TGCCTGTCGGACCTGGACGG_022,30
TGCCTGTCGGACCTGGACGG_023,166
TGCCTGTCGGACCTGGACGG_024,15
TGCCTGTCGGACCTGGACGG_025,179
TGCCTGTCGGACCTGGACGG_026,179
TGCCTGTCGGACCTGGACGG_027,140
TGCCTGTCGGACCTGGACGG_028,11
TGCCTGTCGGACCTGGACGG_029,74
TGCCTGTCGGACCTGGACGG_030,21
TGCCTGTCGGACCTGGACGG_031,65
TGCCTGTCGGACCTGGACGG_032,137
TGCCTGTCGGACCTGGACGG_033,85
TGCCTGTCGGACCTGGACGG_034,103
TGCCTGTCGGACCTGGACGG_035,103
TGCCTGTCGGACCTGGACGG_036,29
TGCCTGTCGGACCTGGACGG_037,67
TGCCTGTCGGACCTGGACGG_038,67
TGCCTGTCGGACCTGGACGG_039,177
TGCCTGTCGGACCTGGACGG_040,48
TGCCTGTCGGACCTGGACGG_041,94
TGCCTGTCGGACCTGGACGG_042,75
TGCCTGTCGGACCTGGACGG_043,96
TGCCTGTCGGACCTGGACGG_044,60
TGCCTGTCGGACCTGGACGG_045,62
TGCCTGTCGGACCTGGACGG_046,43
TGCCTGTCGGACCTGGACGG_047,60
TGCCTGTCGGACCTGGACGG_048,115
TGCCTGTCGGACCTGGACGG_049,115
TGCCTGTCGGACCTGGACGG_050,96
TGCCTGTCGGACCTGGACGG_051,22
TGCCTGTCGGACCTGGACGG_052,140
TGCCTGTCGGACCTGGACGG_053,4
TGCCTGTCGGACCTGGACGG_054,160
TGCCTGTCGGACCTGGACGG_055,19
TGCCTGTCGGACCTGGACGG_056,27
TGCCTGTCGGACCTGGACGG_057,88
TGCCTGTCGGACCTGGACGG_058,182
TGCCTGTCGGACCTGGACGG_059,13
TGCCTGTCGGACCTGGACGG_060,13
TGCCTGTCGGACCTGGACGG_061,59
TGCCTGTCGGACCTGGACGG_062,162
CGCCAGATAAAACTCCCTTG_001,56
CGCCAGATAAAACTCCCTTG_002,94
CGCCAGATAAAACTCCCTTG_003,26
CGCCAGATAAAACTCCCTTG_004,44
CGCCAGATAAAACTCCCTTG_005,101
CGCCAGATAAAACTCCCTTG_006,138
CGTTGACAAGCCCATCAATG_001,54
CGTTGACAAGCCCATCAATG_002,186
CGTTGACAAGCCCATCAATG_003,51
CGTTGACAAGCCCATCAATG_004,175
CGTTGACAAGCCCATCAATG_005,175
TTGTATCTTTGGGTGCACCA_001,92
TTGTATCTTTGGGTGCACCA_002,117
TTGTATCTTTGGGTGCACCA_003,85
TTGTATCTTTGGGTGCACCA_004,72
TTGTATCTTTGGGTGCACCA_005,35
TTGTATCTTTGGGTGCACCA_006,183
TTGTATCTTTGGGTGCACCA_007,158
TTGTATCTTTGGGTGCACCA_008,158
TTGTATCTTTGGGTGCACCA_009,85
TTGTATCTTTGGGTGCACCA_010,146
TTGTATCTTTGGGTGCACCA_011,31
TTGTATCTTTGGGTGCACCA_012,160
TTGTATCTTTGGGTGCACCA_013,8
TTGTATCTTTGGGTGCACCA_014,17
TTGTATCTTTGGGTGCACCA_015,105
TTGTATCTTTGGGTGCACCA_016,192
TTGTATCTTTGGGTGCACCA_017,150
TTGTATCTTTGGGTGCACCA_018,160
TTGTATCTTTGGGTGCACCA_019,144
TTGTATCTTTGGGTGCACCA_020,42
TTGTATCTTTGGGTGCACCA_021,158
GGCCCTGGCGTATACCACCA_001,27
GGCCCTGGCGTATACCACCA_002,134
GGCCCTGGCGTATACCACCA_003,38
GGCCCTGGCGTATACCACCA_004,94
GGCCCTGGCGTATACCACCA_005,142
GGCCCTGGCGTATACCACCA_006,97
GGACGACTTGCATGTGACGG_001,67
GGACGACTTGCATGTGACGG_002,149
CGGGTGGCTCTCAAGCGCGG_001,147
CGGGTGGCTCTCAAGCGCGG_002,52
CGGGTGGCTCTCAAGCGCGG_003,48
CGGGTGGCTCTCAAGCGCGG_004,115
CGGGTGGCTCTCAAGCGCGG_005,115
CGGGTGGCTCTCAAGCGCGG_006,128
CGGGTGGCTCTCAAGCGCGG_007,9
CGGGTGGCTCTCAAGCGCGG_008,63
CGGGTGGCTCTCAAGCGCGG_009,25
CGGGTGGCTCTCAAGCGCGG_010,92
CGGGTGGCTCTCAAGCGCGG_011,119
CGGGTGGCTCTCAAGCGCGG_012,144
CGGGTGGCTCTCAAGCGCGG_013,122
CGGGTGGCTCTCAAGCGCGG_014,165
CGGGTGGCTCTCAAGCGCGG_015,62
CGGGTGGCTCTCAAGCGCGG_016,162
CGGGTGGCTCTCAAGCGCGG_017,22
CGGGTGGCTCTCAAGCGCGG_018,46
CGGGTGGCTCTCAAGCGCGG_019,168
CGGGTGGCTCTCAAGCGCGG_020,106
ATACCAATCACTTTAGGAGT_001,50
ATACCAATCACTTTAGGAGT_002,169
ATACCAATCACTTTAGGAGT_003,148
ATACCAATCACTTTAGGAGT_004,160
ATACCAATCACTTTAGGAGT_005,198
CTGCTGCATGGATAATACCT_001,41
CTGCTGCATGGATAATACCT_002,17
TTATACTTTAGAGTTCAAGG_001,48
TTATACTTTAGAGTTCAAGG_002,130
TTATACTTTAGAGTTCAAGG_003,140
TTATACTTTAGAGTTCAAGG_004,148
TTATACTTTAGAGTTCAAGG_005,110
TTATACTTTAGAGTTCAAGG_006,58
TTATACTTTAGAGTTCAAGG_007,190
CGGGCGAGCGCTGACATAAG_001,116
CGGGCGAGCGCTGACATAAG_002,68
CGGGCGAGCGCTGACATAAG_003,125
CGGGCGAGCGCTGACATAAG_004,76
CGGGCGAGCGCTGACATAAG_005,144
GTGGGCACCTACCTCCAAAG_001,147
GTGGGCACCTACCTCCAAAG_002,48
GTGGGCACCTACCTCCAAAG_003,81
GTGGGCACCTACCTCCAAAG_004,186
TCTGTTGTATAGTTCCTGAG_001,48
TCTGTTGTATAGTTCCTGAG_002,124
AGTCTAAGTCTGAGAGATCA_001,184
AGTCTAAGTCTGAGAGATCA_002,63
AGTCTAAGTCTGAGAGATCA_003,177
AGTCTAAGTCTGAGAGATCA_004,95
AGTCTAAGTCTGAGAGATCA_005,85
AGTCTAAGTCTGAGAGATCA_006,171
AGTCTAAGTCTGAGAGATCA_007,8
AGTCTAAGTCTGAGAGATCA_008,102
AGTCTAAGTCTGAGAGATCA_009,195
AGTCTAAGTCTGAGAGATCA_010,48
AGTCTAAGTCTGAGAGATCA_011,88
AGTCTAAGTCTGAGAGATCA_012,175
AGTCTAAGTCTGAGAGATCA_013,175
AGTCTAAGTCTGAGAGATCA_014,89
AGTCTAAGTCTGAGAGATCA_015,82
AGTCTAAGTCTGAGAGATCA_016,90
GCTGCCCAACCAGATTGGAC_001,191
GCTGCCCAACCAGATTGGAC_002,38
GCTGCCCAACCAGATTGGAC_003,43
GCTGCCCAACCAGATTGGAC_004,42
GCTGCCCAACCAGATTGGAC_005,172
GCTGCCCAACCAGATTGGAC_006,142
TCTGGGAACAGTTACTAATG_001,48
TCTGGGAACAGTTACTAATG_002,147
TCTGGGAACAGTTACTAATG_003,184
TCTGGGAACAGTTACTAATG_004,12
TCTGGGAACAGTTACTAATG_005,114
TCTGGGAACAGTTACTAATG_006,192
TCTGGGAACAGTTACTAATG_007,168
AGAGCCTCGCGCGTCACCTG_001,22
AGAGCCTCGCGCGTCACCTG_002,77
AGAGCCTCGCGCGTCACCTG_003,12
AGAGCCTCGCGCGTCACCTG_004,32
AGAGCCTCGCGCGTCACCTG_005,24
AGAGCCTCGCGCGTCACCTG_006,169
AGAGCCTCGCGCGTCACCTG_007,31
AGAGCCTCGCGCGTCACCTG_008,127
AGAGCCTCGCGCGTCACCTG_009,53
AGAGCCTCGCGCGTCACCTG_010,72
AGAGCCTCGCGCGTCACCTG_011,78
AGAGCCTCGCGCGTCACCTG_012,56
AGAGCCTCGCGCGTCACCTG_013,151
AGAGCCTCGCGCGTCACCTG_014,184
AGAGCCTCGCGCGTCACCTG_015,44
AGAGCCTCGCGCGTCACCTG_016,94
AGAGCCTCGCGCGTCACCTG_017,68
AGAGCCTCGCGCGTCACCTG_018,121
AGAGCCTCGCGCGTCACCTG_019,112
AGAGCCTCGCGCGTCACCTG_020,145
AGAGCCTCGCGCGTCACCTG_021,192
AGAGCCTCGCGCGTCACCTG_022,155
AGAGCCTCGCGCGTCACCTG_023,149
AGAGCCTCGCGCGTCACCTG_024,191
AGAGCCTCGCGCGTCACCTG_025,4
AGAGCCTCGCGCGTCACCTG_026,2
AGAGCCTCGCGCGTCACCTG_027,82
AGAGCCTCGCGCGTCACCTG_028,40
AGAGCCTCGCGCGTCACCTG_029,17
AGAGCCTCGCGCGTCACCTG_030,15
AGAGCCTCGCGCGTCACCTG_031,146
AGAGCCTCGCGCGTCACCTG_032,61
AGAGCCTCGCGCGTCACCTG_033,112
AGAGCCTCGCGCGTCACCTG_034,75
AGAGCCTCGCGCGTCACCTG_035,83
AGAGCCTCGCGCGTCACCTG_036,62
AGAGCCTCGCGCGTCACCTG_037,70
AGAGCCTCGCGCGTCACCTG_038,136
AGAGCCTCGCGCGTCACCTG_039,128
AGAGCCTCGCGCGTCACCTG_040,38
AGAGCCTCGCGCGTCACCTG_041,58
AGAGCCTCGCGCGTCACCTG_042,51
AGAGCCTCGCGCGTCACCTG_043,24
AGAGCCTCGCGCGTCACCTG_044,53
AGAGCCTCGCGCGTCACCTG_045,130
AGAGCCTCGCGCGTCACCTG_046,87
AGAGCCTCGCGCGTCACCTG_047,113
AGAGCCTCGCGCGTCACCTG_048,66
AGAGCCTCGCGCGTCACCTG_049,80
AGAGCCTCGCGCGTCACCTG_050,16
AGAGCCTCGCGCGTCACCTG_051,78
AGAGCCTCGCGCGTCACCTG_052,169
AGAGCCTCGCGCGTCACCTG_053,7
GGTGATGGTCTTACCAGTCA_001,32
GGTGATGGTCTTACCAGTCA_002,129
GGTGATGGTCTTACCAGTCA_003,170
TTTAAAGGATAAAACCACCG_001,6
TTTAAAGGATAAAACCACCG_002,183
TTTAAAGGATAAAACCACCG_003,105
TTTAAAGGATAAAACCACCG_004,24
TTTAAAGGATAAAACCACCG_005,141
TTTAAAGGATAAAACCACCG_006,199
AGAATGACGTCCACAGAGCG_001,51
AGAATGACGTCCACAGAGCG_002,103
AGAATGACGTCCACAGAGCG_003,103
AGAATGACGTCCACAGAGCG_004,20
AGAATGACGTCCACAGAGCG_005,83
AGAATGACGTCCACAGAGCG_006,14
AGAATGACGTCCACAGAGCG_007,35
AGAATGACGTCCACAGAGCG_008,162
AGAATGACGTCCACAGAGCG_009,32
AGAATGACGTCCACAGAGCG_010,158
AGAATGACGTCCACAGAGCG_011,4
AGAATGACGTCCACAGAGCG_012,12
AGAATGACGTCCACAGAGCG_013,105
AGAATGACGTCCACAGAGCG_014,175
AGAATGACGTCCACAGAGCG_015,34
AGAATGACGTCCACAGAGCG_016,106
GCACCTGGTTGTTCAAGTTG_001,17
GCACCTGGTTGTTCAAGTTG_002,147
GCACCTGGTTGTTCAAGTTG_003,28
GCACCTGGTTGTTCAAGTTG_004,130
GCACCTGGTTGTTCAAGTTG_005,106
GCACCTGGTTGTTCAAGTTG_006,194
GCACCTGGTTGTTCAAGTTG_007,37
GCACCTGGTTGTTCAAGTTG_008,67
GCACCTGGTTGTTCAAGTTG_009,170
GCACCTGGTTGTTCAAGTTG_010,102
GCACCTGGTTGTTCAAGTTG_011,41
GCAACAATTACGTATCAATG_001,35
ATTAGTAGTAACTCCACTAG_001,4
ATTAGTAGTAACTCCACTAG_002,60
ATTAGTAGTAACTCCACTAG_003,80
TTTCCACTCACTGTGCATCG_001,78
TTTCCACTCACTGTGCATCG_002,56
TTTCCACTCACTGTGCATCG_003,114
CATGGACTACGGGCGCACGT_001,6
CATGGACTACGGGCGCACGT_002,50
CATGGACTACGGGCGCACGT_003,192
CATGGACTACGGGCGCACGT_004,139
CATGGACTACGGGCGCACGT_005,118
GCAAACCTGTGTCATCCAAG_001,188
GCAAACCTGTGTCATCCAAG_002,9
GCAAACCTGTGTCATCCAAG_003,50
GCAAACCTGTGTCATCCAAG_004,160
GCAAACCTGTGTCATCCAAG_005,184
GGAAATGTACAAGCGTACAT_001,172
GGAAATGTACAAGCGTACAT_002,162
TAAAATCGGCACTCACCTGG_001,46
TAAAATCGGCACTCACCTGG_002,110
TAAAATCGGCACTCACCTGG_003,26
TAAAATCGGCACTCACCTGG_004,16
TAAAATCGGCACTCACCTGG_005,56
CTGGATATCCTACCTTCCAG_001,174
CTGGATATCCTACCTTCCAG_002,30
CTGGATATCCTACCTTCCAG_003,115
CTGGATATCCTACCTTCCAG_004,49
CTGGATATCCTACCTTCCAG_005,148
CTGGATATCCTACCTTCCAG_006,38
CTGGATATCCTACCTTCCAG_007,169
CTGGATATCCTACCTTCCAG_008,65
TAGCTTAATAGGCAAAACTC_001,69
TAGCTTAATAGGCAAAACTC_002,121
TAGCTTAATAGGCAAAACTC_003,176
TAGCTTAATAGGCAAAACTC_004,19
TAGCTTAATAGGCAAAACTC_005,162
TAGCTTAATAGGCAAAACTC_006,183
TAGCTTAATAGGCAAAACTC_007,49
CTCACCGTCACTTGTACGAG_001,129
CTCACCGTCACTTGTACGAG_002,195
CTCACCGTCACTTGTACGAG_003,45
CTCACCGTCACTTGTACGAG_004,70
CTCACCGTCACTTGTACGAG_005,172
CAATGGCAATAGACTCGAAG_001,160
CAATGGCAATAGACTCGAAG_002,10
CAATGGCAATAGACTCGAAG_003,27
CAATGGCAATAGACTCGAAG_004,68
CAATGGCAATAGACTCGAAG_005,127
CAATGGCAATAGACTCGAAG_006,191
CAATGGCAATAGACTCGAAG_007,126
CAATGGCAATAGACTCGAAG_008,45
CAATGGCAATAGACTCGAAG_009,88
CAATGGCAATAGACTCGAAG_010,132
CAATGGCAATAGACTCGAAG_011,137
CAATGGCAATAGACTCGAAG_012,8
CCTGGATTATTATAGCCACG_001,26
TCACAGGATGCATTTGTCTG_001,88
TCACAGGATGCATTTGTCTG_002,84
TCACAGGATGCATTTGTCTG_003,0
TCACAGGATGCATTTGTCTG_004,10
TCACAGGATGCATTTGTCTG_005,166
TCACAGGATGCATTTGTCTG_006,44
TCACAGGATGCATTTGTCTG_007,7
CAGCTGGGACATGTACAATG_001,62
CAGCTGGGACATGTACAATG_002,1
CAGCTGGGACATGTACAATG_003,9
CAGCTGGGACATGTACAATG_004,67
CAGCTGGGACATGTACAATG_005,123
ATTGTTGTACTAGTGTAAGA_001,90
ATTGTTGTACTAGTGTAAGA_002,2
ATTGTTGTACTAGTGTAAGA_003,103
ATTGTTGTACTAGTGTAAGA_004,165
TCCGCCTCTTCTTTACTAAG_001,108
TCCGCCTCTTCTTTACTAAG_002,108
TCCGCCTCTTCTTTACTAAG_003,82
TCCGCCTCTTCTTTACTAAG_004,61
TCCGCCTCTTCTTTACTAAG_005,62
TCCGCCTCTTCTTTACTAAG_006,76
TCCGCCTCTTCTTTACTAAG_007,77
TCCGCCTCTTCTTTACTAAG_008,175
TCCGCCTCTTCTTTACTAAG_009,118
GAGCTGTTCAGACTGTCGGG_001,70
GAGCTGTTCAGACTGTCGGG_002,176
GAGCTGTTCAGACTGTCGGG_003,184
GAGCTGTTCAGACTGTCGGG_004,149
GAGCTGTTCAGACTGTCGGG_005,56
GAGCTGTTCAGACTGTCGGG_006,184
ACTCCAAGAAACGCAAACAG_001,157
ACTCCAAGAAACGCAAACAG_002,15
ACTCCAAGAAACGCAAACAG_003,50
ACTCCAAGAAACGCAAACAG_004,127
ACTCCAAGAAACGCAAACAG_005,83
ACTCCAAGAAACGCAAACAG_006,50
ACTCCAAGAAACGCAAACAG_007,198
ACTCCAAGAAACGCAAACAG_008,21
ACTCCAAGAAACGCAAACAG_009,68
ACTCCAAGAAACGCAAACAG_010,49
ACTCCAAGAAACGCAAACAG_011,188
ACTCCAAGAAACGCAAACAG_012,199
ACTCCAAGAAACGCAAACAG_013,198
ACTCCAAGAAACGCAAACAG_014,177
TTTAACGGTGAACAAAACCT_001,41
TTTAACGGTGAACAAAACCT_002,127
TTTAACGGTGAACAAAACCT_003,115
TTTAACGGTGAACAAAACCT_004,191
TTTAACGGTGAACAAAACCT_005,59
TTTAACGGTGAACAAAACCT_006,74
TTTAACGGTGAACAAAACCT_007,160
TTTAACGGTGAACAAAACCT_008,6
TTTAACGGTGAACAAAACCT_009,50
TTTAACGGTGAACAAAACCT_010,199
GGACCTATTTCCCGAATGCA_001,195
GGACCTATTTCCCGAATGCA_002,16
GGACCTATTTCCCGAATGCA_003,190
GGACCTATTTCCCGAATGCA_004,137
AAGAACTTATTCAACAACCA_001,94
AAGAACTTATTCAACAACCA_002,181
AAGAACTTATTCAACAACCA_003,165
AAGAACTTATTCAACAACCA_004,24
AAGAACTTATTCAACAACCA_005,59
AAGAACTTATTCAACAACCA_006,26
AAGAACTTATTCAACAACCA_007,104
CATAGAGTTGGAACCATCGG_001,53
CATAGAGTTGGAACCATCGG_002,163
CATAGAGTTGGAACCATCGG_003,36
CATAGAGTTGGAACCATCGG_004,161
CATAGAGTTGGAACCATCGG_005,94
CATAGAGTTGGAACCATCGG_006,35
CATAGAGTTGGAACCATCGG_007,29
CATAGAGTTGGAACCATCGG_008,125
CATAGAGTTGGAACCATCGG_009,40
CATAGAGTTGGAACCATCGG_010,199
CATAGAGTTGGAACCATCGG_011,127
CATAGAGTTGGAACCATCGG_012,187
CATAGAGTTGGAACCATCGG_013,105
CATAGAGTTGGAACCATCGG_014,10
CATAGAGTTGGAACCATCGG_015,56
CATAGAGTTGGAACCATCGG_016,169
CAACACAGTGTAGCCCACCA_001,51
CAACACAGTGTAGCCCACCA_002,88
CAACACAGTGTAGCCCACCA_003,145
CAACACAGTGTAGCCCACCA_004,162
CAACACAGTGTAGCCCACCA_005,41
CAACACAGTGTAGCCCACCA_006,88
CAACACAGTGTAGCCCACCA_007,76
CAACACAGTGTAGCCCACCA_008,128
CAACACAGTGTAGCCCACCA_009,112
CAACACAGTGTAGCCCACCA_010,127
CAACACAGTGTAGCCCACCA_011,83
CAACACAGTGTAGCCCACCA_012,101
CAACACAGTGTAGCCCACCA_013,86
CAACACAGTGTAGCCCACCA_014,67
CAACACAGTGTAGCCCACCA_015,9
CAACACAGTGTAGCCCACCA_016,58
CAACACAGTGTAGCCCACCA_017,182
CAACACAGTGTAGCCCACCA_018,43
CAACACAGTGTAGCCCACCA_019,158
CAACACAGTGTAGCCCACCA_020,168
CAACACAGTGTAGCCCACCA_021,68
CAACACAGTGTAGCCCACCA_022,93
CAACACAGTGTAGCCCACCA_023,175
CAACACAGTGTAGCCCACCA_024,158
CAACACAGTGTAGCCCACCA_025,10
CAACACAGTGTAGCCCACCA_026,48
CAACACAGTGTAGCCCACCA_027,115
CAACACAGTGTAGCCCACCA_028,114
CAACACAGTGTAGCCCACCA_029,44
CAACACAGTGTAGCCCACCA_030,49
AACAAGAAAGAGGAGCGCGG_001,78
AACAAGAAAGAGGAGCGCGG_002,144
AACAAGAAAGAGGAGCGCGG_003,113
AACAAGAAAGAGGAGCGCGG_004,13
AACAAGAAAGAGGAGCGCGG_005,160
AACAAGAAAGAGGAGCGCGG_006,70
AACAAGAAAGAGGAGCGCGG_007,72
AACAAGAAAGAGGAGCGCGG_008,145
AACAAGAAAGAGGAGCGCGG_009,70
AACAAGAAAGAGGAGCGCGG_010,76
AACAAGAAAGAGGAGCGCGG_011,118
AACAAGAAAGAGGAGCGCGG_012,47
AACAAGAAAGAGGAGCGCGG_013,24
AACAAGAAAGAGGAGCGCGG_014,160
AACAAGAAAGAGGAGCGCGG_015,70
AACAAGAAAGAGGAGCGCGG_016,13
AGGCAAGGAAAAGGGATGGG_001,4
AGGCAAGGAAAAGGGATGGG_002,169
AGGCAAGGAAAAGGGATGGG_003,191
AGGCAAGGAAAAGGGATGGG_004,177
AGGCAAGGAAAAGGGATGGG_005,27
AGGCAAGGAAAAGGGATGGG_006,157
AGGCAAGGAAAAGGGATGGG_007,175
AGGCAAGGAAAAGGGATGGG_008,88
AGGCAAGGAAAAGGGATGGG_009,2
AGGCAAGGAAAAGGGATGGG_010,49
AGGCAAGGAAAAGGGATGGG_011,116
AGGCAAGGAAAAGGGATGGG_012,109
AGGCAAGGAAAAGGGATGGG_013,181
AGGCAAGGAAAAGGGATGGG_014,183
AGGCAAGGAAAAGGGATGGG_015,188
AGGCAAGGAAAAGGGATGGG_016,187
AGGCAAGGAAAAGGGATGGG_017,80
AGGCAAGGAAAAGGGATGGG_018,69
AGGCAAGGAAAAGGGATGGG_019,140
AGGCAAGGAAAAGGGATGGG_020,181
AGGCAAGGAAAAGGGATGGG_021,5
AGGCAAGGAAAAGGGATGGG_022,26
AGGCAAGGAAAAGGGATGGG_023,76
AGGCAAGGAAAAGGGATGGG_024,65
AGGCAAGGAAAAGGGATGGG_025,77
AGGCAAGGAAAAGGGATGGG_026,94
AGGCAAGGAAAAGGGATGGG_027,19
AGGCAAGGAAAAGGGATGGG_028,84
AGGCAAGGAAAAGGGATGGG_029,0
AGGCAAGGAAAAGGGATGGG_030,199
AGGCAAGGAAAAGGGATGGG_031,185
AGGCAAGGAAAAGGGATGGG_032,2
AGGCAAGGAAAAGGGATGGG_033,177
GAAAGGTCGAAGATATGAGG_001,115
GAAAGGTCGAAGATATGAGG_002,170
CCTTCCCCCAACCAAGAATG_001,178
CCTTCCCCCAACCAAGAATG_002,125
CCTTCCCCCAACCAAGAATG_003,39
CCTTCCCCCAACCAAGAATG_004,149
CCTTCCCCCAACCAAGAATG_005,152
GAGAGTTACTTGCACCCAAG_001,51
GAGAGTTACTTGCACCCAAG_002,5
GAGAGTTACTTGCACCCAAG_003,154
GAGAGTTACTTGCACCCAAG_004,133
GAGAGTTACTTGCACCCAAG_005,130
GAGAGTTACTTGCACCCAAG_006,134
GGTGGCCCCAGCTCTGAGGG_001,15
GGTGGCCCCAGCTCTGAGGG_002,168
GTTATCAACCACAATATCCC_001,70
GTTATCAACCACAATATCCC_002,77
TTTCTTGGACGATCAACTCG_001,166
TTTCTTGGACGATCAACTCG_002,148
AGTCTTAAAGACCCTAAGCT_001,116
AGTCTTAAAGACCCTAAGCT_002,48
AGTCTTAAAGACCCTAAGCT_003,27
AGTCTTAAAGACCCTAAGCT_004,69
AGTCTTAAAGACCCTAAGCT_005,51
AGTCTTAAAGACCCTAAGCT_006,42
AGTCTTAAAGACCCTAAGCT_007,196
AGTCTTAAAGACCCTAAGCT_008,38
AGTCTTAAAGACCCTAAGCT_009,14
AGTCTTAAAGACCCTAAGCT_010,98
AGTCTTAAAGACCCTAAGCT_011,149
AGTCTTAAAGACCCTAAGCT_012,169
AGTCTTAAAGACCCTAAGCT_013,168
AGTCTTAAAGACCCTAAGCT_014,38
AGTCTTAAAGACCCTAAGCT_015,139
AGTCTTAAAGACCCTAAGCT_016,139
AGTCTTAAAGACCCTAAGCT_017,134
AGTCTTAAAGACCCTAAGCT_018,35
AGTCTTAAAGACCCTAAGCT_019,56
AGTCTTAAAGACCCTAAGCT_020,49
AGTCTTAAAGACCCTAAGCT_021,60
AGAAGGCGTACACTGGCACG_001,141
AGAAGGCGTACACTGGCACG_002,129
AGAAGGCGTACACTGGCACG_003,83
AGAAGGCGTACACTGGCACG_004,146
AGAAGGCGTACACTGGCACG_005,176
AGAAGGCGTACACTGGCACG_006,73
AGAAGGCGTACACTGGCACG_007,121
AGAAGGCGTACACTGGCACG_008,145
AGAAGGCGTACACTGGCACG_009,158
AGAAGGCGTACACTGGCACG_010,190
AGAAGGCGTACACTGGCACG_011,163
AGAAGGCGTACACTGGCACG_012,106
AGAAGGCGTACACTGGCACG_013,77
AGAAGGCGTACACTGGCACG_014,147
AGAAGGCGTACACTGGCACG_015,38
AGAAGGCGTACACTGGCACG_016,68
AGAAGGCGTACACTGGCACG_017,174
AGAAGGCGTACACTGGCACG_018,9
AGAAGGCGTACACTGGCACG_019,65
AGAAGGCGTACACTGGCACG_020,139
AGAAGGCGTACACTGGCACG_021,69
AGAAGGCGTACACTGGCACG_022,26
AGAAGGCGTACACTGGCACG_023,90
AGAAGGCGTACACTGGCACG_024,117
AGAAGGCGTACACTGGCACG_025,46
AGAAGGCGTACACTGGCACG_026,70
AGAAGGCGTACACTGGCACG_027,75
AGAAGGCGTACACTGGCACG_028,70
AGAAGGCGTACACTGGCACG_029,81
AGAAGGCGTACACTGGCACG_030,167
AGAAGGCGTACACTGGCACG_031,103
AGAAGGCGTACACTGGCACG_032,52
AGAAGGCGTACACTGGCACG_033,3
GTGTTCACAGTGCAGCTAGG_001,70
GTGTTCACAGTGCAGCTAGG_002,102
GTGTTCACAGTGCAGCTAGG_003,105
GTGTTCACAGTGCAGCTAGG_004,19
GTGTTCACAGTGCAGCTAGG_005,199
GTGTTCACAGTGCAGCTAGG_006,121
GTGTTCACAGTGCAGCTAGG_007,128
GTGTTCACAGTGCAGCTAGG_008,5
GTGTTCACAGTGCAGCTAGG_009,39
GTGTTCACAGTGCAGCTAGG_010,65
GTGTTCACAGTGCAGCTAGG_011,56
TGCACCAGCTCCAATCAGCG_001,78
TGCACCAGCTCCAATCAGCG_002,67
TGCACCAGCTCCAATCAGCG_003,144
TGCACCAGCTCCAATCAGCG_004,137
TGCACCAGCTCCAATCAGCG_005,62
TGCACCAGCTCCAATCAGCG_006,6
TGCACCAGCTCCAATCAGCG_007,105
TGCACCAGCTCCAATCAGCG_008,153
TGCACCAGCTCCAATCAGCG_009,127
TGCACCAGCTCCAATCAGCG_010,191
TGCACCAGCTCCAATCAGCG_011,67
TGCACCAGCTCCAATCAGCG_012,129
TGCACCAGCTCCAATCAGCG_013,44
TGCACCAGCTCCAATCAGCG_014,140
TGCACCAGCTCCAATCAGCG_015,162
TGCACCAGCTCCAATCAGCG_016,141
TGCACCAGCTCCAATCAGCG_017,121
TGCACCAGCTCCAATCAGCG_018,42
TGCACCAGCTCCAATCAGCG_019,149
TGCACCAGCTCCAATCAGCG_020,69
TGCACCAGCTCCAATCAGCG_021,150
TGCACCAGCTCCAATCAGCG_022,198
TGCACCAGCTCCAATCAGCG_023,149
TGCACCAGCTCCAATCAGCG_024,21
TGCACCAGCTCCAATCAGCG_025,74
TGCACCAGCTCCAATCAGCG_026,168
TGCACCAGCTCCAATCAGCG_027,169
TGCACCAGCTCCAATCAGCG_028,48
TGCACCAGCTCCAATCAGCG_029,155
TGCACCAGCTCCAATCAGCG_030,98
AACATTCCAGTTGCAACCGT_001,182
AACATTCCAGTTGCAACCGT_002,118
AACATTCCAGTTGCAACCGT_003,176
AACATTCCAGTTGCAACCGT_004,98
AACATTCCAGTTGCAACCGT_005,91
AACATTCCAGTTGCAACCGT_006,183
AACATTCCAGTTGCAACCGT_007,155
AACATTCCAGTTGCAACCGT_008,77
AACATTCCAGTTGCAACCGT_009,137
CTGCCTGCTACCCTCCAGTG_001,105
CTGCCTGCTACCCTCCAGTG_002,174
CTGCCTGCTACCCTCCAGTG_003,141
CTGCCTGCTACCCTCCAGTG_004,24
CTGCCTGCTACCCTCCAGTG_005,89
CTGCCTGCTACCCTCCAGTG_006,168
CTGCCTGCTACCCTCCAGTG_007,94
CTGCCTGCTACCCTCCAGTG_008,68
TCAAAACGGTCCCACAGCGT_001,140
TCAAAACGGTCCCACAGCGT_002,130
CAAGAACCAGATGACAAACG_001,40
CAAGAACCAGATGACAAACG_002,102
GGGCGACTCAGACAGCGCAT_001,116
GGGCGACTCAGACAGCGCAT_002,80
GGGCGACTCAGACAGCGCAT_003,25
GGGCGACTCAGACAGCGCAT_004,199
GGGCGACTCAGACAGCGCAT_005,46
ACTAAATACACATATACCCC_001,152
TGTGGTTGGATTCCAAAGTG_001,78
TGTGGTTGGATTCCAAAGTG_002,115
TGTGGTTGGATTCCAAAGTG_003,2
TGTGGTTGGATTCCAAAGTG_004,105
TGTGGTTGGATTCCAAAGTG_005,105
TGTGGTTGGATTCCAAAGTG_006,130
TGTGGTTGGATTCCAAAGTG_007,61
TGTGGTTGGATTCCAAAGTG_008,59
GGAAAATGTTAAGCATAACG_001,172
GGAAAATGTTAAGCATAACG_002,68
CATGGTACACTTCGGAGCAA_001,6
CATGGTACACTTCGGAGCAA_002,76
CATGGTACACTTCGGAGCAA_003,174
CATGGTACACTTCGGAGCAA_004,177
CATGGTACACTTCGGAGCAA_005,117
CATGGTACACTTCGGAGCAA_006,66
CATGGTACACTTCGGAGCAA_007,137
CATGGTACACTTCGGAGCAA_008,105
CATGGTACACTTCGGAGCAA_009,38
CATGGTACACTTCGGAGCAA_010,125
CATGGTACACTTCGGAGCAA_011,50
CATGGTACACTTCGGAGCAA_012,178
CATGGTACACTTCGGAGCAA_013,89
CATGGTACACTTCGGAGCAA_014,161
CATGGTACACTTCGGAGCAA_015,136
CATGGTACACTTCGGAGCAA_016,19
CATGGTACACTTCGGAGCAA_017,39
CATGGTACACTTCGGAGCAA_018,56
CCCACCCAGGTCCACTACAG_001,148
CCCACCCAGGTCCACTACAG_002,58
CCCACCCAGGTCCACTACAG_003,147
CCCACCCAGGTCCACTACAG_004,35
CCCACCCAGGTCCACTACAG_005,101
CCCACCCAGGTCCACTACAG_006,108
CCCACCCAGGTCCACTACAG_007,7
CCCACCCAGGTCCACTACAG_008,75
CCCACCCAGGTCCACTACAG_009,54
CCCACCCAGGTCCACTACAG_010,83
CCCACCCAGGTCCACTACAG_011,195
CCCACCCAGGTCCACTACAG_012,186
CCCACCCAGGTCCACTACAG_013,111
CCCACCCAGGTCCACTACAG_014,94
CCCACCCAGGTCCACTACAG_015,23
CCCACCCAGGTCCACTACAG_016,178
CTGATACGTAGGGACAGCTG_001,68
CTGATACGTAGGGACAGCTG_002,132
CTGATACGTAGGGACAGCTG_003,11
CTGATACGTAGGGACAGCTG_004,121
CTGATACGTAGGGACAGCTG_005,32
CTGATACGTAGGGACAGCTG_006,6
CTGATACGTAGGGACAGCTG_007,49
CTGATACGTAGGGACAGCTG_008,116
CTGATACGTAGGGACAGCTG_009,25
CTGATACGTAGGGACAGCTG_010,122
CTGATACGTAGGGACAGCTG_011,59
GCAGCCACTTTCAGCCCTCA_001,97
AAATACTCCTGTAATATGGT_001,25
AAATACTCCTGTAATATGGT_002,192
AAATACTCCTGTAATATGGT_003,50
AAATACTCCTGTAATATGGT_004,169
AAATACTCCTGTAATATGGT_005,28
ACCGCCTCCGCCTATTACAG_001,114
ACCGCCTCCGCCTATTACAG_002,38
ACCGCCTCCGCCTATTACAG_003,58
ACCGCCTCCGCCTATTACAG_004,117
ACCGCCTCCGCCTATTACAG_005,142
AAGTTCAAGCAACCGTCATT_001,193
AAGTTCAAGCAACCGTCATT_002,30
AAGTTCAAGCAACCGTCATT_003,2
AAGTTCAAGCAACCGTCATT_004,14
AAGTTCAAGCAACCGTCATT_005,65
AAGTTCAAGCAACCGTCATT_006,76
AAGTTCAAGCAACCGTCATT_007,30
AAGTTCAAGCAACCGTCATT_008,184
CAGTGGCACGATGAAGCCAA_001,175
CAGTGGCACGATGAAGCCAA_002,79
CAGTGGCACGATGAAGCCAA_003,178
CAGTGGCACGATGAAGCCAA_004,192
CAGTGGCACGATGAAGCCAA_005,76
CAGTGGCACGATGAAGCCAA_006,105
CAGTGGCACGATGAAGCCAA_007,157
CAGTGGCACGATGAAGCCAA_008,143
CAGTGGCACGATGAAGCCAA_009,129
CAGTGGCACGATGAAGCCAA_010,140
CAGTGGCACGATGAAGCCAA_011,62
CAGTGGCACGATGAAGCCAA_012,17
CAGTGGCACGATGAAGCCAA_013,41
CAGTGGCACGATGAAGCCAA_014,49
CAGTGGCACGATGAAGCCAA_015,14
GGAAGCCGCTCTTGTTGACG_001,14
GGAAGCCGCTCTTGTTGACG_002,88
GGAAGCCGCTCTTGTTGACG_003,126
GGAAGCCGCTCTTGTTGACG_004,77
GGAAGCCGCTCTTGTTGACG_005,194
GGAAGCCGCTCTTGTTGACG_006,5
GGAAGCCGCTCTTGTTGACG_007,82
GGAAGCCGCTCTTGTTGACG_008,170
GGAAGCCGCTCTTGTTGACG_009,63
GGAAGCCGCTCTTGTTGACG_010,137
GGAAGCCGCTCTTGTTGACG_011,4
GTACAATGAGACCCACACTA_001,179
GTACAATGAGACCCACACTA_002,12
GTACAATGAGACCCACACTA_003,48
GTACAATGAGACCCACACTA_004,137
GTACAATGAGACCCACACTA_005,168
GTACAATGAGACCCACACTA_006,58
GTACAATGAGACCCACACTA_007,183
GTACAATGAGACCCACACTA_008,149
GTACAATGAGACCCACACTA_009,60
GTACAATGAGACCCACACTA_010,12
GTACAATGAGACCCACACTA_011,116
GTACAATGAGACCCACACTA_012,197
GTACAATGAGACCCACACTA_013,184
GTACAATGAGACCCACACTA_014,118
GTACAATGAGACCCACACTA_015,89
GTACAATGAGACCCACACTA_016,170
GTACAATGAGACCCACACTA_017,191
GTACAATGAGACCCACACTA_018,13
GTACAATGAGACCCACACTA_019,70
GTACAATGAGACCCACACTA_020,98
GTACAATGAGACCCACACTA_021,105
GTACAATGAGACCCACACTA_022,63
GTACAATGAGACCCACACTA_023,160
GTACAATGAGACCCACACTA_024,112
GTACAATGAGACCCACACTA_025,150
GTACAATGAGACCCACACTA_026,27
GTACAATGAGACCCACACTA_027,62
GTACAATGAGACCCACACTA_028,138
GTACAATGAGACCCACACTA_029,91
GTACAATGAGACCCACACTA_030,175
GTACAATGAGACCCACACTA_031,169
GTACAATGAGACCCACACTA_032,48
GTACAATGAGACCCACACTA_033,21
GTACAATGAGACCCACACTA_034,32
GTACAATGAGACCCACACTA_035,74
GTACAATGAGACCCACACTA_036,149
GTACAATGAGACCCACACTA_037,174
GTACAATGAGACCCACACTA_038,197
GTACAATGAGACCCACACTA_039,33
GTACAATGAGACCCACACTA_040,18
GTACAATGAGACCCACACTA_041,169
GTACAATGAGACCCACACTA_042,184
TAGTCTACCTGAATCGTCCT_001,62
TAGTCTACCTGAATCGTCCT_002,56
TAGTCTACCTGAATCGTCCT_003,152
TAGTCTACCTGAATCGTCCT_004,132
TAGTCTACCTGAATCGTCCT_005,40
TAGTCTACCTGAATCGTCCT_006,1
TAGTCTACCTGAATCGTCCT_007,109
TAGTCTACCTGAATCGTCCT_008,6
TAGTCTACCTGAATCGTCCT_009,107
TAGTCTACCTGAATCGTCCT_010,183
TAGTCTACCTGAATCGTCCT_011,53
TAGTCTACCTGAATCGTCCT_012,160
TAGTCTACCTGAATCGTCCT_013,144
TAGTCTACCTGAATCGTCCT_014,92
TAGTCTACCTGAATCGTCCT_015,28
TCTTATGGGTGCGGAAACCG_001,25
TCTTATGGGTGCGGAAACCG_002,115
TCTTATGGGTGCGGAAACCG_003,1
TCTTATGGGTGCGGAAACCG_004,20
GGATCATGGATGTACTAGGG_001,177
GGATCATGGATGTACTAGGG_002,76
GGATCATGGATGTACTAGGG_003,51
CTGAGAAAATAATACACTGG_001,49
GCAGTCGCCGGGCACGACAC_001,58
GCAGTCGCCGGGCACGACAC_002,149
GCAGTCGCCGGGCACGACAC_003,9
GCAGTCGCCGGGCACGACAC_004,151
GCAGTCGCCGGGCACGACAC_005,156
GCAGTCGCCGGGCACGACAC_006,151
GCAGTCGCCGGGCACGACAC_007,160
GCAGTCGCCGGGCACGACAC_008,30
CATGACTTCCAAGCTGGCCG_001,175
GAGGAAGCAGATATCCGGTG_001,140
GAGGAAGCAGATATCCGGTG_002,133
GAGGAAGCAGATATCCGGTG_003,135
TACAACCTCAAATCCCGTGA_001,13
TACAACCTCAAATCCCGTGA_002,128
TACAACCTCAAATCCCGTGA_003,29
TACAACCTCAAATCCCGTGA_004,34
GTACGCTTGCTCTTTCTCGG_001,7
GTACGCTTGCTCTTTCTCGG_002,49
GTACGCTTGCTCTTTCTCGG_003,62
GTACGCTTGCTCTTTCTCGG_004,98
TGTAATGTACGTGCTCACCA_001,16
TGTAATGTACGTGCTCACCA_002,22
TGTAATGTACGTGCTCACCA_003,76
TGTAATGTACGTGCTCACCA_004,12
TGTAATGTACGTGCTCACCA_005,155
TGTAATGTACGTGCTCACCA_006,144
TGTAATGTACGTGCTCACCA_007,76
TGTAATGTACGTGCTCACCA_008,107
GGCGCACACTACAGGCGCGT_001,8
GGCGCACACTACAGGCGCGT_002,191
GGCGCACACTACAGGCGCGT_003,127
GGCGCACACTACAGGCGCGT_004,120
GGCGCACACTACAGGCGCGT_005,150
GGCGCACACTACAGGCGCGT_006,156
GGCGCACACTACAGGCGCGT_007,184
GGCGCACACTACAGGCGCGT_008,48
CCCCAAGCTCTGGGGGCTGT_001,113
TCTGGTAAAGGTACCGCCGA_001,199
TCTGGTAAAGGTACCGCCGA_002,68
TCTGGTAAAGGTACCGCCGA_003,65
TCTGGTAAAGGTACCGCCGA_004,169
TCTGGTAAAGGTACCGCCGA_005,182
TCTGGTAAAGGTACCGCCGA_006,104
TCTGGTAAAGGTACCGCCGA_007,142
TCTGGTAAAGGTACCGCCGA_008,2
TCTGGTAAAGGTACCGCCGA_009,67
TCTGGTAAAGGTACCGCCGA_010,6
TCTGGTAAAGGTACCGCCGA_011,22
TCTGGTAAAGGTACCGCCGA_012,22
TCTGGTAAAGGTACCGCCGA_013,41
TCTGGTAAAGGTACCGCCGA_014,132
TCTGGTAAAGGTACCGCCGA_015,152
TCTGGTAAAGGTACCGCCGA_016,106
TCTGGTAAAGGTACCGCCGA_017,176
TCTGGTAAAGGTACCGCCGA_018,199
TCTGGTAAAGGTACCGCCGA_019,76
ACTCCATCCACCCACTTAGG_001,112
ACTCCATCCACCCACTTAGG_002,61
ACTCCATCCACCCACTTAGG_003,1
ACTCCATCCACCCACTTAGG_004,50
ACTCCATCCACCCACTTAGG_005,58
ACTCCATCCACCCACTTAGG_006,129
ACTCCATCCACCCACTTAGG_007,120
ACTCCATCCACCCACTTAGG_008,150
ACTCCATCCACCCACTTAGG_009,71
TTCAGGAGCTCATTGCACAG_001,73
TTCAGGAGCTCATTGCACAG_002,175
TTCAGGAGCTCATTGCACAG_003,115
TTCAGGAGCTCATTGCACAG_004,112
TTCAGGAGCTCATTGCACAG_005,82
TTCAGGAGCTCATTGCACAG_006,162
TTCAGGAGCTCATTGCACAG_007,61
TTCAGGAGCTCATTGCACAG_008,77
TTCAGGAGCTCATTGCACAG_009,26
TTCAGGAGCTCATTGCACAG_010,45
TTCAGGAGCTCATTGCACAG_011,188
TTCAGGAGCTCATTGCACAG_012,138
TTCAGGAGCTCATTGCACAG_013,170
TTCAGGAGCTCATTGCACAG_014,60
TTCAGGAGCTCATTGCACAG_015,124
TTCAGGAGCTCATTGCACAG_016,0
TTCAGGAGCTCATTGCACAG_017,39
TGACCTCTATCAAGATACGT_001,48
TGACCTCTATCAAGATACGT_002,49
TGACCTCTATCAAGATACGT_003,139
TGACCTCTATCAAGATACGT_004,120
TGACCTCTATCAAGATACGT_005,60
GATGGGAAGACATGTACCAG_001,6
GATGGGAAGACATGTACCAG_002,126
GATGGGAAGACATGTACCAG_003,94
GATGGGAAGACATGTACCAG_004,6
GATGGGAAGACATGTACCAG_005,177
GATGGGAAGACATGTACCAG_006,133
GATGGGAAGACATGTACCAG_007,156
GATGGGAAGACATGTACCAG_008,7
GATGGGAAGACATGTACCAG_009,45
GATGGGAAGACATGTACCAG_010,5
GATGGGAAGACATGTACCAG_011,98
GATGGGAAGACATGTACCAG_012,92
GATGGGAAGACATGTACCAG_013,43
GATGGGAAGACATGTACCAG_014,126
AATGAAAGCACTGCGCCCTG_001,65
AATGAAAGCACTGCGCCCTG_002,146
AATGAAAGCACTGCGCCCTG_003,73
AATGAAAGCACTGCGCCCTG_004,130
AATGAAAGCACTGCGCCCTG_005,177
AATGAAAGCACTGCGCCCTG_006,196
AATGAAAGCACTGCGCCCTG_007,175
AATGAAAGCACTGCGCCCTG_008,62
AATGAAAGCACTGCGCCCTG_009,123
AATGAAAGCACTGCGCCCTG_010,49
AATGAAAGCACTGCGCCCTG_011,94
AATGAAAGCACTGCGCCCTG_012,59
AATGAAAGCACTGCGCCCTG_013,48
AATGAAAGCACTGCGCCCTG_014,160
AATGAAAGCACTGCGCCCTG_015,166
AATGAAAGCACTGCGCCCTG_016,103
AATGAAAGCACTGCGCCCTG_017,42
AATGAAAGCACTGCGCCCTG_018,40
AATGAAAGCACTGCGCCCTG_019,9
AATGAAAGCACTGCGCCCTG_020,75
AATGAAAGCACTGCGCCCTG_021,192
AATGAAAGCACTGCGCCCTG_022,99
AATGAAAGCACTGCGCCCTG_023,107
AATGAAAGCACTGCGCCCTG_024,106
AATGAAAGCACTGCGCCCTG_025,145
AATGAAAGCACTGCGCCCTG_026,33
AATGAAAGCACTGCGCCCTG_027,168
AATGAAAGCACTGCGCCCTG_028,46
AATGAAAGCACTGCGCCCTG_029,4
AATGAAAGCACTGCGCCCTG_030,147
AAAGAATCACCTGTAGCTTG_001,88
AAAGAATCACCTGTAGCTTG_002,141
AAAGAATCACCTGTAGCTTG_003,107
AAAGAATCACCTGTAGCTTG_004,139
AAAGAATCACCTGTAGCTTG_005,190
AAAGAATCACCTGTAGCTTG_006,6
AAAGAATCACCTGTAGCTTG_007,141
ACTCAATTCCATCTAAGGCA_001,112
GCCACAGGGCCGGATAGAAG_001,0
GCCACAGGGCCGGATAGAAG_002,23
GCCACAGGGCCGGATAGAAG_003,176
TAGCTCTCTACTATCCGACA_001,129
CTGCACTTTAGCCCCCATAG_001,58
CTGCACTTTAGCCCCCATAG_002,114
CTGCACTTTAGCCCCCATAG_003,198
CTGCACTTTAGCCCCCATAG_004,169
CTGCACTTTAGCCCCCATAG_005,111
CTGCACTTTAGCCCCCATAG_006,78
CTGCACTTTAGCCCCCATAG_007,172
CTGCACTTTAGCCCCCATAG_008,53
CTGCACTTTAGCCCCCATAG_009,119
CTGCACTTTAGCCCCCATAG_010,115
CTGCACTTTAGCCCCCATAG_011,63
CTGCACTTTAGCCCCCATAG_012,11
CTGCACTTTAGCCCCCATAG_013,130
CTGCACTTTAGCCCCCATAG_014,47
CTGCACTTTAGCCCCCATAG_015,63
CTGCACTTTAGCCCCCATAG_016,79
CTGCACTTTAGCCCCCATAG_017,109
GTTCCATGGACGTTACGCCC_001,172
GTTCCATGGACGTTACGCCC_002,160
GTTCCATGGACGTTACGCCC_003,197
CACGGTACAAGAGATGACTC_001,8
CACGGTACAAGAGATGACTC_002,32
CACGGTACAAGAGATGACTC_003,79
CACGGTACAAGAGATGACTC_004,58
TGGTAACTTCCTGGCCAACG_001,116
TGGTAACTTCCTGGCCAACG_002,119
ACATGGGGGATCTCAGTGAT_001,36
ACATGGGGGATCTCAGTGAT_002,161
ACATGGGGGATCTCAGTGAT_003,53
ACATGGGGGATCTCAGTGAT_004,105
ACATGGGGGATCTCAGTGAT_005,88
ACATGGGGGATCTCAGTGAT_006,197
ACATGGGGGATCTCAGTGAT_007,133
ACATGGGGGATCTCAGTGAT_008,70
ACATGGGGGATCTCAGTGAT_009,79
CAGCGGCGGAAAGCACGTGA_001,48
CAGCGGCGGAAAGCACGTGA_002,141
CAGCGGCGGAAAGCACGTGA_003,9
CAGCGGCGGAAAGCACGTGA_004,172
CAGCGGCGGAAAGCACGTGA_005,98
CAGCGGCGGAAAGCACGTGA_006,111
CAGCGGCGGAAAGCACGTGA_007,28
CAGCGGCGGAAAGCACGTGA_008,153
CAGCGGCGGAAAGCACGTGA_009,69
CAGCGGCGGAAAGCACGTGA_010,199
CAGCGGCGGAAAGCACGTGA_011,1
CAGCGGCGGAAAGCACGTGA_012,92
CAGCGGCGGAAAGCACGTGA_013,186
CAGCGGCGGAAAGCACGTGA_014,38
CAGCGGCGGAAAGCACGTGA_015,44
CAGCGGCGGAAAGCACGTGA_016,33
CAGCGGCGGAAAGCACGTGA_017,61
CAGCGGCGGAAAGCACGTGA_018,13
CAGCGGCGGAAAGCACGTGA_019,126
CAGCGGCGGAAAGCACGTGA_020,151
CAGCGGCGGAAAGCACGTGA_021,126
CAGCGGCGGAAAGCACGTGA_022,33
CAGCGGCGGAAAGCACGTGA_023,37
CAGCGGCGGAAAGCACGTGA_024,19
CAGCGGCGGAAAGCACGTGA_025,52
CAGCGGCGGAAAGCACGTGA_026,9
CAGCGGCGGAAAGCACGTGA_027,83
TCTAGTGCATTCAAGCACAA_001,96
TCTAGTGCATTCAAGCACAA_002,155
TCTAGTGCATTCAAGCACAA_003,155
TCTAGTGCATTCAAGCACAA_004,83
TCTAGTGCATTCAAGCACAA_005,70
TCTAGTGCATTCAAGCACAA_006,172
TCTAGTGCATTCAAGCACAA_007,147
TCTAGTGCATTCAAGCACAA_008,125
TCTAGTGCATTCAAGCACAA_009,62
TGGTAAGGTGGGGTGCGCGG_001,183
TGGTAAGGTGGGGTGCGCGG_002,90
TGGTAAGGTGGGGTGCGCGG_003,81
TGGTAAGGTGGGGTGCGCGG_004,27
TGGTAAGGTGGGGTGCGCGG_005,191
TGGTAAGGTGGGGTGCGCGG_006,60
TGGTAAGGTGGGGTGCGCGG_007,15
TGGTAAGGTGGGGTGCGCGG_008,2
TGGTAAGGTGGGGTGCGCGG_009,198
TGGTAAGGTGGGGTGCGCGG_010,35
TGGTAAGGTGGGGTGCGCGG_011,144
CGGCCGGAAGGCCGACACGT_001,14
CGGCCGGAAGGCCGACACGT_002,183
CGGCCGGAAGGCCGACACGT_003,102
CGGCCGGAAGGCCGACACGT_004,151
CGGCCGGAAGGCCGACACGT_005,152
CGGCCGGAAGGCCGACACGT_006,19
CGGCCGGAAGGCCGACACGT_007,80
CGGCCGGAAGGCCGACACGT_008,136
CGGCCGGAAGGCCGACACGT_009,88
CGGCCGGAAGGCCGACACGT_010,54
CGGCCGGAAGGCCGACACGT_011,142
CGGCCGGAAGGCCGACACGT_012,152
CGGCCGGAAGGCCGACACGT_013,81
CGGCCGGAAGGCCGACACGT_014,99
GGCAGCGTCCGGTTTCGAGG_001,103
GGCAGCGTCCGGTTTCGAGG_002,14
GGCAGCGTCCGGTTTCGAGG_003,194
GGCAGCGTCCGGTTTCGAGG_004,102
GGCAGCGTCCGGTTTCGAGG_005,70
GGCAGCGTCCGGTTTCGAGG_006,62
GGCAGCGTCCGGTTTCGAGG_007,198
GGCAGCGTCCGGTTTCGAGG_008,174
GGCAGCGTCCGGTTTCGAGG_009,81
GGCAGCGTCCGGTTTCGAGG_010,124
GGCAGCGTCCGGTTTCGAGG_011,124
CTGTTAGTGAGTACTACCTG_001,60
CTGTTAGTGAGTACTACCTG_002,15
CTGTTAGTGAGTACTACCTG_003,55
CTGTTAGTGAGTACTACCTG_004,52
GGGTTAGCCACCAGAAAACT_001,55
GGGTTAGCCACCAGAAAACT_002,5
TACACCTGACAAGAAGATGG_001,154
TACACCTGACAAGAAGATGG_002,121
TACACCTGACAAGAAGATGG_003,175
TACACCTGACAAGAAGATGG_004,185
TACACCTGACAAGAAGATGG_005,41
TACACCTGACAAGAAGATGG_006,12
TACACCTGACAAGAAGATGG_007,148
TACACCTGACAAGAAGATGG_008,180
TACACCTGACAAGAAGATGG_009,6
TACACCTGACAAGAAGATGG_010,78
GACCGCTTACTAAAGCCCAA_001,1
GACCGCTTACTAAAGCCCAA_002,60
GACCGCTTACTAAAGCCCAA_003,33
GACCGCTTACTAAAGCCCAA_004,37
GACCGCTTACTAAAGCCCAA_005,188
GACCGCTTACTAAAGCCCAA_006,164
GACCGCTTACTAAAGCCCAA_007,149
GACCGCTTACTAAAGCCCAA_008,5
GACCGCTTACTAAAGCCCAA_009,137
GACCGCTTACTAAAGCCCAA_010,86
GACCGCTTACTAAAGCCCAA_011,19
GACCGCTTACTAAAGCCCAA_012,8
GACCGCTTACTAAAGCCCAA_013,26
GACCGCTTACTAAAGCCCAA_014,41
GACCGCTTACTAAAGCCCAA_015,149
GACCGCTTACTAAAGCCCAA_016,43
GACCGCTTACTAAAGCCCAA_017,151
GACCGCTTACTAAAGCCCAA_018,3
GACCGCTTACTAAAGCCCAA_019,26
CTATAGTCAGCCCATCAGCG_001,91
CTATAGTCAGCCCATCAGCG_002,3
CTATAGTCAGCCCATCAGCG_003,183
CTATAGTCAGCCCATCAGCG_004,162
CTATAGTCAGCCCATCAGCG_005,139
CTATAGTCAGCCCATCAGCG_006,94
CTATAGTCAGCCCATCAGCG_007,178
CTATAGTCAGCCCATCAGCG_008,102
TCAGATGCAACTTCTAAGCG_001,189
TCAGATGCAACTTCTAAGCG_002,52
TCCTCTATTGGAGTGCAGAG_001,23
TCCTCTATTGGAGTGCAGAG_002,171
TCCTCTATTGGAGTGCAGAG_003,31
TCCTCTATTGGAGTGCAGAG_004,94
TTGTAACAAGAATCGCATTG_001,144
TTGTAACAAGAATCGCATTG_002,95
TTGTAACAAGAATCGCATTG_003,86
TTGTAACAAGAATCGCATTG_004,133
TTGTAACAAGAATCGCATTG_005,99
TCTGACATTCGATTCCCCAG_001,58
TCACGTCTATGGGTATCACC_001,162
TCACGTCTATGGGTATCACC_002,98
TCACGTCTATGGGTATCACC_003,14
CATCAAGGCCTACACACCAA_001,154
CATCAAGGCCTACACACCAA_002,172
CATCAAGGCCTACACACCAA_003,40
CATCAAGGCCTACACACCAA_004,127
CATCAAGGCCTACACACCAA_005,112
CATCAAGGCCTACACACCAA_006,150
CATCAAGGCCTACACACCAA_007,41
CATCAAGGCCTACACACCAA_008,105
CATCAAGGCCTACACACCAA_009,27
CATCAAGGCCTACACACCAA_010,140
CATCAAGGCCTACACACCAA_011,15
CATCAAGGCCTACACACCAA_012,183
CATCAAGGCCTACACACCAA_013,50
CATCAAGGCCTACACACCAA_014,61
CATCAAGGCCTACACACCAA_015,150
CATCAAGGCCTACACACCAA_016,146
CATCAAGGCCTACACACCAA_017,122
CATCAAGGCCTACACACCAA_018,147
CATCAAGGCCTACACACCAA_019,39
CATCAAGGCCTACACACCAA_020,48
CATCAAGGCCTACACACCAA_021,168
CATCAAGGCCTACACACCAA_022,137
CATCAAGGCCTACACACCAA_023,37
CATCAAGGCCTACACACCAA_024,148
AAATTTGATTCATCGTAGAG_001,175
AAATTTGATTCATCGTAGAG_002,166
AAGCAAAGGAGATATCGCAC_001,141
AAGCAAAGGAGATATCGCAC_002,106
AAGCAAAGGAGATATCGCAC_003,106
AAGCAAAGGAGATATCGCAC_004,114
AAGCAAAGGAGATATCGCAC_005,68
AAGCAAAGGAGATATCGCAC_006,4
AAGCAAAGGAGATATCGCAC_007,51
AAGCAAAGGAGATATCGCAC_008,163
AAGCAAAGGAGATATCGCAC_009,75
AAGCAAAGGAGATATCGCAC_010,154
AAGCAAAGGAGATATCGCAC_011,56
AAGCAAAGGAGATATCGCAC_012,103
AAGCAAAGGAGATATCGCAC_013,184
AAGCAAAGGAGATATCGCAC_014,169
AAGCAAAGGAGATATCGCAC_015,11
AAGCAAAGGAGATATCGCAC_016,88
AAGCAAAGGAGATATCGCAC_017,145
AAGCAAAGGAGATATCGCAC_018,76
AAGCAAAGGAGATATCGCAC_019,105
AAGCAAAGGAGATATCGCAC_020,151
AAGCAAAGGAGATATCGCAC_021,166
AAGCAAAGGAGATATCGCAC_022,3
AAGCAAAGGAGATATCGCAC_023,9
AAGCAAAGGAGATATCGCAC_024,43
ATAATGTTCATATAATGAAG_001,92
ATAATGTTCATATAATGAAG_002,40
GCTGCTCTTCGACCAATACA_001,82
GCTGCTCTTCGACCAATACA_002,115
GCTGCTCTTCGACCAATACA_003,63
GCTGCTCTTCGACCAATACA_004,158
GCTGCTCTTCGACCAATACA_005,68
GCAATACAGAAGTGGACACA_001,77
GCAATACAGAAGTGGACACA_002,121
GCAATACAGAAGTGGACACA_003,67
GCAATACAGAAGTGGACACA_004,153
GCAATACAGAAGTGGACACA_005,9
GCAATACAGAAGTGGACACA_006,38
GCAATACAGAAGTGGACACA_007,149
GCAATACAGAAGTGGACACA_008,118
GCAATACAGAAGTGGACACA_009,77
GCAATACAGAAGTGGACACA_010,160
GCAATACAGAAGTGGACACA_011,4
GCAATACAGAAGTGGACACA_012,4
GCAATACAGAAGTGGACACA_013,62
GCAATACAGAAGTGGACACA_014,141
GCAATACAGAAGTGGACACA_015,12
GCAATACAGAAGTGGACACA_016,26
ATCTACACCCCATCTTGAGG_001,27
ATCTACACCCCATCTTGAGG_002,106
CTGGGACATATCAATCACAC_001,1
ACTCTGGAATGGATACGCTA_001,76
ACTCTGGAATGGATACGCTA_002,48
ACTCTGGAATGGATACGCTA_003,38
ACTCTGGAATGGATACGCTA_004,15
ACTCTGGAATGGATACGCTA_005,19
ACTCTGGAATGGATACGCTA_006,80
ACTCTGGAATGGATACGCTA_007,19
ACTCTGGAATGGATACGCTA_008,106
ACTCTGGAATGGATACGCTA_009,197
ACTCTGGAATGGATACGCTA_010,169
ACTCTGGAATGGATACGCTA_011,78
ACTCTGGAATGGATACGCTA_012,33
ACTCTGGAATGGATACGCTA_013,8
ACTCTGGAATGGATACGCTA_014,137
ACTCTGGAATGGATACGCTA_015,148
TACAGATACTATAATCAAGT_001,7
TATGGACCAAGGATCCACTG_001,42
TATGGACCAAGGATCCACTG_002,61
TATGGACCAAGGATCCACTG_003,168
TATGGACCAAGGATCCACTG_004,144
TATGGACCAAGGATCCACTG_005,12
TATGGACCAAGGATCCACTG_006,130
TATGGACCAAGGATCCACTG_007,184
TATGGACCAAGGATCCACTG_008,85
TATGGACCAAGGATCCACTG_009,2
TATGGACCAAGGATCCACTG_010,63
TATGGACCAAGGATCCACTG_011,191
TATGGACCAAGGATCCACTG_012,2
TTGGCGCTTGTAAAGGACGC_001,176
TTGGCGCTTGTAAAGGACGC_002,192
TTGGCGCTTGTAAAGGACGC_003,61
TTGGCGCTTGTAAAGGACGC_004,101
TTGGCGCTTGTAAAGGACGC_005,124
TTGGCGCTTGTAAAGGACGC_006,138
TTGGCGCTTGTAAAGGACGC_007,142
TTGGCGCTTGTAAAGGACGC_008,142
AAGACATCTCCATAACGCTG_001,183
AAGACATCTCCATAACGCTG_002,91
AAGACATCTCCATAACGCTG_003,129
AAGACATCTCCATAACGCTG_004,1
AGAATCAGACTCATGCCAAG_001,122
AGAATCAGACTCATGCCAAG_002,19
CTGCTTAGGACCAACTCACG_001,148
CTGCTTAGGACCAACTCACG_002,105
CTGCTTAGGACCAACTCACG_003,115
CTGCTTAGGACCAACTCACG_004,159
CTGCTTAGGACCAACTCACG_005,16
CTGCTTAGGACCAACTCACG_006,170
CTGCTTAGGACCAACTCACG_007,55
CTGCTTAGGACCAACTCACG_008,142
AGGGACTGCAGACTCAGGAC_001,53
AGGGACTGCAGACTCAGGAC_002,153
AGGGACTGCAGACTCAGGAC_003,42
AGGGACTGCAGACTCAGGAC_004,168
AGGGACTGCAGACTCAGGAC_005,48
AGGGACTGCAGACTCAGGAC_006,94
AGGGACTGCAGACTCAGGAC_007,98
AGGGACTGCAGACTCAGGAC_008,145
AGGGACTGCAGACTCAGGAC_009,121
AGGGACTGCAGACTCAGGAC_010,62
AGGGACTGCAGACTCAGGAC_011,6
AGGGACTGCAGACTCAGGAC_012,145
AGGGACTGCAGACTCAGGAC_013,99
AGGGACTGCAGACTCAGGAC_014,105
AGGGACTGCAGACTCAGGAC_015,184
AGGGACTGCAGACTCAGGAC_016,146
AGGGACTGCAGACTCAGGAC_017,146
AGGGACTGCAGACTCAGGAC_018,136
AGGGACTGCAGACTCAGGAC_019,188
AGGGACTGCAGACTCAGGAC_020,56
AGGGACTGCAGACTCAGGAC_021,163
AGGGACTGCAGACTCAGGAC_022,105
AGGGACTGCAGACTCAGGAC_023,34
AGGGACTGCAGACTCAGGAC_024,56
AGGGACTGCAGACTCAGGAC_025,151
AGGGACTGCAGACTCAGGAC_026,186
TATTGTTCTAATAAAAGACG_001,199
TATTGTTCTAATAAAAGACG_002,0
AGTGGTGGGGTCAGATGCTG_001,9
AGTGGTGGGGTCAGATGCTG_002,45
AGTGGTGGGGTCAGATGCTG_003,188
AGTGGTGGGGTCAGATGCTG_004,172
AGTGGTGGGGTCAGATGCTG_005,160
AGTGGTGGGGTCAGATGCTG_006,169
AGTGGTGGGGTCAGATGCTG_007,19
AGTGGTGGGGTCAGATGCTG_008,172
AGTGGTGGGGTCAGATGCTG_009,94
AGTGGTGGGGTCAGATGCTG_010,43
AGTGGTGGGGTCAGATGCTG_011,33
AGTGGTGGGGTCAGATGCTG_012,48
AGTGGTGGGGTCAGATGCTG_013,168
AGTGGTGGGGTCAGATGCTG_014,130
AGTGGTGGGGTCAGATGCTG_015,10
AGTGGTGGGGTCAGATGCTG_016,98
AGTGGTGGGGTCAGATGCTG_017,149
GCAACACAGTATGTACAACC_001,44
GCAACACAGTATGTACAACC_002,141
TGGGTAGCTGAATCTTCCCG_001,68
TGGGTAGCTGAATCTTCCCG_002,174
TGGGTAGCTGAATCTTCCCG_003,168
TGGGTAGCTGAATCTTCCCG_004,113
TGGGTAGCTGAATCTTCCCG_005,169
TGGGTAGCTGAATCTTCCCG_006,142
TGGGTAGCTGAATCTTCCCG_007,1
TGGGTAGCTGAATCTTCCCG_008,49
TGGGTAGCTGAATCTTCCCG_009,60
TGGGTAGCTGAATCTTCCCG_010,138
CAAAAGCCACTCATCTCTGG_001,94
CAAAAGCCACTCATCTCTGG_002,195
CAAAAGCCACTCATCTCTGG_003,6
CAAAAGCCACTCATCTCTGG_004,139
CAAAAGCCACTCATCTCTGG_005,187
CAAAAGCCACTCATCTCTGG_006,82
CAAAAGCCACTCATCTCTGG_007,157
CCTTAAAGACATCCTGAGCG_001,74
CCTTAAAGACATCCTGAGCG_002,77
CCTTAAAGACATCCTGAGCG_003,50
CCTTAAAGACATCCTGAGCG_004,153
TTGTACGGTACTGGCTTTGT_001,187
TTGTACGGTACTGGCTTTGT_002,68
TTGTACGGTACTGGCTTTGT_003,69
TTGTACGGTACTGGCTTTGT_004,29
TTGTACGGTACTGGCTTTGT_005,182
TTGTACGGTACTGGCTTTGT_006,96
TTGTACGGTACTGGCTTTGT_007,130
TTGTACGGTACTGGCTTTGT_008,94
TTGTACGGTACTGGCTTTGT_009,50
TTGTACGGTACTGGCTTTGT_010,129
TTGTACGGTACTGGCTTTGT_011,181
TTGTACGGTACTGGCTTTGT_012,130
CCAGGGCGTCGTATACAGGC_001,67
CCAGGGCGTCGTATACAGGC_002,165
CCAGGGCGTCGTATACAGGC_003,78
GAGACCGGCAGTGTCATACG_001,7
GAGACCGGCAGTGTCATACG_002,48
GAGACCGGCAGTGTCATACG_003,158
GGACACGGAACTGGTGATTG_001,76
GGACACGGAACTGGTGATTG_002,88
GGACACGGAACTGGTGATTG_003,70
GGACACGGAACTGGTGATTG_004,150
GGACACGGAACTGGTGATTG_005,49
TTGGGAGTCCAGTTACATCA_001,176
TTGGGAGTCCAGTTACATCA_002,119
TTGGGAGTCCAGTTACATCA_003,197
TTGGGAGTCCAGTTACATCA_004,32
TTGGGAGTCCAGTTACATCA_005,105
TTGGGAGTCCAGTTACATCA_006,8
TTGGGAGTCCAGTTACATCA_007,134
TTGGGAGTCCAGTTACATCA_008,198
ATACAGCTTATGCATAACCT_001,49
ATACAGCTTATGCATAACCT_002,96
ATACAGCTTATGCATAACCT_003,197
ATACAGCTTATGCATAACCT_004,162
CTGTTGGCAGAACCCACCAC_001,177
CTGTTGGCAGAACCCACCAC_002,69
CTGTTGGCAGAACCCACCAC_003,49
CTGTTGGCAGAACCCACCAC_004,86
CTGTTGGCAGAACCCACCAC_005,38
CTGTTGGCAGAACCCACCAC_006,15
CTGTTGGCAGAACCCACCAC_007,71
CTGTTGGCAGAACCCACCAC_008,176
CTGTTGGCAGAACCCACCAC_009,104
CTGTTGGCAGAACCCACCAC_010,31
CTGTTGGCAGAACCCACCAC_011,34
GAAGAACTGTCCCCATGTCG_001,23
GAAGAACTGTCCCCATGTCG_002,35
AAGTGAGTTACTACGCAGAG_001,137
AAGTGAGTTACTACGCAGAG_002,117
AAGTGAGTTACTACGCAGAG_003,16
AAGTGAGTTACTACGCAGAG_004,88
AAGTGAGTTACTACGCAGAG_005,76
AAGTGAGTTACTACGCAGAG_006,182
AAGTGAGTTACTACGCAGAG_007,17
AAGTGAGTTACTACGCAGAG_008,69
CATTCTCCCCAACCAGACGT_001,31
CATTCTCCCCAACCAGACGT_002,27
CATTCTCCCCAACCAGACGT_003,177
CATTCTCCCCAACCAGACGT_004,114
CATTCTCCCCAACCAGACGT_005,73
CATTCTCCCCAACCAGACGT_006,6
CATTCTCCCCAACCAGACGT_007,159
CATTCTCCCCAACCAGACGT_008,96
CATTCTCCCCAACCAGACGT_009,15
CATTCTCCCCAACCAGACGT_010,103
CATTCTCCCCAACCAGACGT_011,147
CATTCTCCCCAACCAGACGT_012,137
CATTCTCCCCAACCAGACGT_013,35
CATTCTCCCCAACCAGACGT_014,9
CATTCTCCCCAACCAGACGT_015,183
CATTCTCCCCAACCAGACGT_016,88
CATTCTCCCCAACCAGACGT_017,162
CATTCTCCCCAACCAGACGT_018,168
CATTCTCCCCAACCAGACGT_019,70
CATTCTCCCCAACCAGACGT_020,144
CATTCTCCCCAACCAGACGT_021,159
CATTCTCCCCAACCAGACGT_022,50
CATTCTCCCCAACCAGACGT_023,177
ACACACCATCTACCAGTCTG_001,96
ACACACCATCTACCAGTCTG_002,188
ACACACCATCTACCAGTCTG_003,97
ACACACCATCTACCAGTCTG_004,42
ACACACCATCTACCAGTCTG_005,190
ACACACCATCTACCAGTCTG_006,151
ACACACCATCTACCAGTCTG_007,175
ACACACCATCTACCAGTCTG_008,40
ACACACCATCTACCAGTCTG_009,165
CCCACTCAGAACTGACACTG_001,34
CCCACTCAGAACTGACACTG_002,191
CCCACTCAGAACTGACACTG_003,186
CCCACTCAGAACTGACACTG_004,108
CCCACTCAGAACTGACACTG_005,47
CCCACTCAGAACTGACACTG_006,150
CCCACTCAGAACTGACACTG_007,176
CCCACTCAGAACTGACACTG_008,15
CCCACTCAGAACTGACACTG_009,67
CCCACTCAGAACTGACACTG_010,17
CCCACTCAGAACTGACACTG_011,133
CCCACTCAGAACTGACACTG_012,82
CCCACTCAGAACTGACACTG_013,63
CCCACTCAGAACTGACACTG_014,69
TGGTCTATCTCTGACCAAAG_001,5
ATACCCACCAGTGCCATGTG_001,108
ATACCCACCAGTGCCATGTG_002,197
ATACCCACCAGTGCCATGTG_003,48
ATACCCACCAGTGCCATGTG_004,93
ATACCCACCAGTGCCATGTG_005,127
ATACCCACCAGTGCCATGTG_006,31
ATACCCACCAGTGCCATGTG_007,153
ATACCCACCAGTGCCATGTG_008,60
ATACCCACCAGTGCCATGTG_009,145
ATACCCACCAGTGCCATGTG_010,115
ATACCCACCAGTGCCATGTG_011,49
ATACCCACCAGTGCCATGTG_012,94
ATACCCACCAGTGCCATGTG_013,132
ATACCCACCAGTGCCATGTG_014,175
ATACCCACCAGTGCCATGTG_015,21
ACTTCTGTAAGCTTCAGCTA_001,194
ACTTCTGTAAGCTTCAGCTA_002,85
ACTTCTGTAAGCTTCAGCTA_003,183
ACTTCTGTAAGCTTCAGCTA_004,150
ACTTCTGTAAGCTTCAGCTA_005,0
ACTTCTGTAAGCTTCAGCTA_006,166
CTCGCGGCGGGACGACCCAG_001,104
CTCGCGGCGGGACGACCCAG_002,166
CTCGCGGCGGGACGACCCAG_003,152
CTCGCGGCGGGACGACCCAG_004,196
CTCGCGGCGGGACGACCCAG_005,60
CTCGCGGCGGGACGACCCAG_006,60
CTCGCGGCGGGACGACCCAG_007,50
CTCGCGGCGGGACGACCCAG_008,100
CTCGCGGCGGGACGACCCAG_009,16
CTCGCGGCGGGACGACCCAG_010,115
CTCGCGGCGGGACGACCCAG_011,135
CTCGCGGCGGGACGACCCAG_012,112
CTCGCGGCGGGACGACCCAG_013,95
CTCGCGGCGGGACGACCCAG_014,57
CTCGCGGCGGGACGACCCAG_015,150
CTCGCGGCGGGACGACCCAG_016,39
CTCGCGGCGGGACGACCCAG_017,180
CTCGCGGCGGGACGACCCAG_018,83
CTCGCGGCGGGACGACCCAG_019,184
TTGTGCCTGCACCCACTGAA_001,42
TTGTGCCTGCACCCACTGAA_002,84
TTGTGCCTGCACCCACTGAA_003,164
TTGTGCCTGCACCCACTGAA_004,138
TTGTGCCTGCACCCACTGAA_005,94
TTGTGCCTGCACCCACTGAA_006,150
TTGTGCCTGCACCCACTGAA_007,17
TTGTGCCTGCACCCACTGAA_008,188
TTGTGCCTGCACCCACTGAA_009,95
TTGTGCCTGCACCCACTGAA_010,177
TTGTGCCTGCACCCACTGAA_011,8
TTGTGCCTGCACCCACTGAA_012,89
TTGTGCCTGCACCCACTGAA_013,177
TTGTGCCTGCACCCACTGAA_014,12
TTGTGCCTGCACCCACTGAA_015,112
TTGTGCCTGCACCCACTGAA_016,5
TTGTGCCTGCACCCACTGAA_017,64
TTGTGCCTGCACCCACTGAA_018,183
TTGTGCCTGCACCCACTGAA_019,10
TTGTGCCTGCACCCACTGAA_020,120
TTGTGCCTGCACCCACTGAA_021,177
TTGTGCCTGCACCCACTGAA_022,1
TTGTGCCTGCACCCACTGAA_023,58
TTGTGCCTGCACCCACTGAA_024,62
TTGTGCCTGCACCCACTGAA_025,174
GGAGGTAAGCCGCGTCCCAG_001,115
GGAGGTAAGCCGCGTCCCAG_002,118
GGAGGTAAGCCGCGTCCCAG_003,15
GGAGGTAAGCCGCGTCCCAG_004,126
GGAGGTAAGCCGCGTCCCAG_005,27
GGAGGTAAGCCGCGTCCCAG_006,19
GGAGGTAAGCCGCGTCCCAG_007,127
GGAGGTAAGCCGCGTCCCAG_008,40
GGAGGTAAGCCGCGTCCCAG_009,169
GGAGGTAAGCCGCGTCCCAG_010,91
GGAGGTAAGCCGCGTCCCAG_011,10
GGAGGTAAGCCGCGTCCCAG_012,192
GGAGGTAAGCCGCGTCCCAG_013,175
GGAGGTAAGCCGCGTCCCAG_014,48
GGAGGTAAGCCGCGTCCCAG_015,168
GGAGGTAAGCCGCGTCCCAG_016,16
GGAGGTAAGCCGCGTCCCAG_017,88
GGAGGTAAGCCGCGTCCCAG_018,90
GGAGGTAAGCCGCGTCCCAG_019,102
GGAGGTAAGCCGCGTCCCAG_020,141
GGAGGTAAGCCGCGTCCCAG_021,12
GGAGGTAAGCCGCGTCCCAG_022,70
GGAGGTAAGCCGCGTCCCAG_023,105
GGAGGTAAGCCGCGTCCCAG_024,141
GGAGGTAAGCCGCGTCCCAG_025,142
GGAGGTAAGCCGCGTCCCAG_026,138
GGAGGTAAGCCGCGTCCCAG_027,150
GGAGGTAAGCCGCGTCCCAG_028,19
GGAGGTAAGCCGCGTCCCAG_029,138
GGAGGTAAGCCGCGTCCCAG_030,63
GGAGGTAAGCCGCGTCCCAG_031,131
GGAGGTAAGCCGCGTCCCAG_032,177
GGAGGTAAGCCGCGTCCCAG_033,197
GGAGGTAAGCCGCGTCCCAG_034,43
CGAGGCGAGCGATCCCTCCG_001,101
CGAGGCGAGCGATCCCTCCG_002,117
CGAGGCGAGCGATCCCTCCG_003,16
CGAGGCGAGCGATCCCTCCG_004,98
CGAGGCGAGCGATCCCTCCG_005,43
CGAGGCGAGCGATCCCTCCG_006,1
CGAGGCGAGCGATCCCTCCG_007,65
CGAGGCGAGCGATCCCTCCG_008,125
CGAGGCGAGCGATCCCTCCG_009,184
TATACCGGATGAGAATACCA_001,170
TATACCGGATGAGAATACCA_002,17
ATGTATGATGTATGGCTTTG_001,70
ATGTATGATGTATGGCTTTG_002,48
ATGTATGATGTATGGCTTTG_003,184
ATGTATGATGTATGGCTTTG_004,69
ATGTATGATGTATGGCTTTG_005,67
ATGTATGATGTATGGCTTTG_006,58
ATGTATGATGTATGGCTTTG_007,118
GCGACAGCGGGTAATCCGAG_001,70
GCGACAGCGGGTAATCCGAG_002,144
GCGACAGCGGGTAATCCGAG_003,33
ACTGAAGCTCTCCCACAACG_001,47
ACTGAAGCTCTCCCACAACG_002,148
ACTGAAGCTCTCCCACAACG_003,35
ACTGAAGCTCTCCCACAACG_004,66
ACTGAAGCTCTCCCACAACG_005,150
ACTGAAGCTCTCCCACAACG_006,35
AGTCTTGGGGAGCCTCAGGG_001,11
AGTCTTGGGGAGCCTCAGGG_002,23
AGTCTTGGGGAGCCTCAGGG_003,50
AGTCTTGGGGAGCCTCAGGG_004,147
AGTCTTGGGGAGCCTCAGGG_005,12
AGTCTTGGGGAGCCTCAGGG_006,106
AGTCTTGGGGAGCCTCAGGG_007,164
AGTCTTGGGGAGCCTCAGGG_008,197
AGTCTTGGGGAGCCTCAGGG_009,102
AGTCTTGGGGAGCCTCAGGG_010,144
AGTCTTGGGGAGCCTCAGGG_011,56
AGTCTTGGGGAGCCTCAGGG_012,183
AGTCTTGGGGAGCCTCAGGG_013,154
AGTCTTGGGGAGCCTCAGGG_014,15
AGTCTTGGGGAGCCTCAGGG_015,113
AGTCTTGGGGAGCCTCAGGG_016,181
AGTCTTGGGGAGCCTCAGGG_017,108
AGTCTTGGGGAGCCTCAGGG_018,50
AGTCTTGGGGAGCCTCAGGG_019,188
AGTCTTGGGGAGCCTCAGGG_020,129
AGTCTTGGGGAGCCTCAGGG_021,129
AGTCTTGGGGAGCCTCAGGG_022,168
AGTCTTGGGGAGCCTCAGGG_023,28
AGTCTTGGGGAGCCTCAGGG_024,46
AGTCTTGGGGAGCCTCAGGG_025,149
AGTCTTGGGGAGCCTCAGGG_026,33
AGTCTTGGGGAGCCTCAGGG_027,14
ACTAACATGTATGAAGGTGT_001,198
ACTAACATGTATGAAGGTGT_002,152
ACTAACATGTATGAAGGTGT_003,112
ACTAACATGTATGAAGGTGT_004,166
ACTAACATGTATGAAGGTGT_005,180
GGATGCTGAGACTCTCACAG_001,17
GGATGCTGAGACTCTCACAG_002,134
GGATGCTGAGACTCTCACAG_003,108
GGATGCTGAGACTCTCACAG_004,70
GGATGCTGAGACTCTCACAG_005,41
GGATGCTGAGACTCTCACAG_006,149
GGATGCTGAGACTCTCACAG_007,55
GGATGCTGAGACTCTCACAG_008,10
GGATGCTGAGACTCTCACAG_009,116
GGATGCTGAGACTCTCACAG_010,12
GGATGCTGAGACTCTCACAG_011,96
GGATGCTGAGACTCTCACAG_012,149
GGATGCTGAGACTCTCACAG_013,162
GGATGCTGAGACTCTCACAG_014,15
GGATGCTGAGACTCTCACAG_015,162
GGATGCTGAGACTCTCACAG_016,11
GGATGCTGAGACTCTCACAG_017,148
GGATGCTGAGACTCTCACAG_018,177
GGATGCTGAGACTCTCACAG_019,77
GGATGCTGAGACTCTCACAG_020,29
GGATGCTGAGACTCTCACAG_021,94
GGATGCTGAGACTCTCACAG_022,168
GGATGCTGAGACTCTCACAG_023,94
GGATGCTGAGACTCTCACAG_024,196
GGATGCTGAGACTCTCACAG_025,136
TAAAAATGTCCAATACATCA_001,2
AGGGCAACCAGAACACACCA_001,17
AGGGCAACCAGAACACACCA_002,105
AGGGCAACCAGAACACACCA_003,62
AGGGCAACCAGAACACACCA_004,23
AGGGCAACCAGAACACACCA_005,43
AGGGCAACCAGAACACACCA_006,43
AGGGCAACCAGAACACACCA_007,175
AGGGCAACCAGAACACACCA_008,167
AGGGCAACCAGAACACACCA_009,175
AGGGCAACCAGAACACACCA_010,58
AGGGCAACCAGAACACACCA_011,147
AGTTCTGGGTCAAAGTCCAG_001,150
AGTTCTGGGTCAAAGTCCAG_002,111
AGTTCTGGGTCAAAGTCCAG_003,156
AGTTCTGGGTCAAAGTCCAG_004,135
AGTTCTGGGTCAAAGTCCAG_005,125
AGTTCTGGGTCAAAGTCCAG_006,41
AGTTCTGGGTCAAAGTCCAG_007,50
AGTTCTGGGTCAAAGTCCAG_008,127
AGTTCTGGGTCAAAGTCCAG_009,144
AGTTCTGGGTCAAAGTCCAG_010,169
AGTTCTGGGTCAAAGTCCAG_011,4
GGAAGACAGAAGAAACATTG_001,39
GGAAGACAGAAGAAACATTG_002,75
GGAAGACAGAAGAAACATTG_003,75
GGAAGACAGAAGAAACATTG_004,61
GGAAGACAGAAGAAACATTG_005,144
AAAACAACTTGGTCATAGTG_001,193
AAAACAACTTGGTCATAGTG_002,128
AAAACAACTTGGTCATAGTG_003,38
AAAACAACTTGGTCATAGTG_004,71
AAAACAACTTGGTCATAGTG_005,16
AAAACAACTTGGTCATAGTG_006,99
TTTCTACTGTGATGTCCACC_001,94
TTTCTACTGTGATGTCCACC_002,102
TTTCTACTGTGATGTCCACC_003,140
TTTCTACTGTGATGTCCACC_004,48
TTTCTACTGTGATGTCCACC_005,83
TTTCTACTGTGATGTCCACC_006,199
ACAACGACATCAACATCGTG_001,20
ACAACGACATCAACATCGTG_002,105
ACAACGACATCAACATCGTG_003,15
ACAACGACATCAACATCGTG_004,177
ACAACGACATCAACATCGTG_005,144
ACAACGACATCAACATCGTG_006,78
ACAACGACATCAACATCGTG_007,106
ACAACGACATCAACATCGTG_008,63
ACAACGACATCAACATCGTG_009,158
ACAACGACATCAACATCGTG_010,147
ACAACGACATCAACATCGTG_011,18
ACAACGACATCAACATCGTG_012,152
ACAACGACATCAACATCGTG_013,9
CTGCGTCTTTCTAAAACCAG_001,50
CTGCGTCTTTCTAAAACCAG_002,104
GTCATGACCTACGACCTCCA_001,159
GTCATGACCTACGACCTCCA_002,198
GTCATGACCTACGACCTCCA_003,103
GTCATGACCTACGACCTCCA_004,118
GTCATGACCTACGACCTCCA_005,134
GTCATGACCTACGACCTCCA_006,133
GTCATGACCTACGACCTCCA_007,47
GTCATGACCTACGACCTCCA_008,145
GTCATGACCTACGACCTCCA_009,145
GTCATGACCTACGACCTCCA_010,57
GTCATGACCTACGACCTCCA_011,98
GTCATGACCTACGACCTCCA_012,133
GTCATGACCTACGACCTCCA_013,62
GTCATGACCTACGACCTCCA_014,12
GTCATGACCTACGACCTCCA_015,121
GTCATGACCTACGACCTCCA_016,83
GTCATGACCTACGACCTCCA_017,115
GTCATGACCTACGACCTCCA_018,102
GTCATGACCTACGACCTCCA_019,186
GTCATGACCTACGACCTCCA_020,169
GTCATGACCTACGACCTCCA_021,18
GTCATGACCTACGACCTCCA_022,171
GTCATGACCTACGACCTCCA_023,162
GTCATGACCTACGACCTCCA_024,195
GTCATGACCTACGACCTCCA_025,172
GTCATGACCTACGACCTCCA_026,176
GTCATGACCTACGACCTCCA_027,94
GTCATGACCTACGACCTCCA_028,168
TTATGTATAACTCCTAGCAT_001,25
TTATGTATAACTCCTAGCAT_002,147
AGTGACATGTACAGCCACAT_001,25
AGTGACATGTACAGCCACAT_002,127
AGTGACATGTACAGCCACAT_003,70
AGTGACATGTACAGCCACAT_004,98
AGTGACATGTACAGCCACAT_005,28
AGTGACATGTACAGCCACAT_006,23
AGTGACATGTACAGCCACAT_007,127
GAGGGAGCACTGGACTTCCA_001,8
GAGGGAGCACTGGACTTCCA_002,172
GAGGGAGCACTGGACTTCCA_003,168
GAGGGAGCACTGGACTTCCA_004,78
GAGGGAGCACTGGACTTCCA_005,116
GAGGGAGCACTGGACTTCCA_006,78
GAGGGAGCACTGGACTTCCA_007,177
GAGGGAGCACTGGACTTCCA_008,135
GAGGGAGCACTGGACTTCCA_009,185
GAGGGAGCACTGGACTTCCA_010,141
GAGGGAGCACTGGACTTCCA_011,167
GAGGGAGCACTGGACTTCCA_012,198
GAGGGAGCACTGGACTTCCA_013,105
GAGGGAGCACTGGACTTCCA_014,40
GAGGGAGCACTGGACTTCCA_015,105
GAGGGAGCACTGGACTTCCA_016,118
GAGGGAGCACTGGACTTCCA_017,50
GAGGGAGCACTGGACTTCCA_018,141
GAGGGAGCACTGGACTTCCA_019,161
GAGGGAGCACTGGACTTCCA_020,88
GAGGGAGCACTGGACTTCCA_021,169
GAGGGAGCACTGGACTTCCA_022,12
GAGGGAGCACTGGACTTCCA_023,137
GAGGGAGCACTGGACTTCCA_024,23
GAGGGAGCACTGGACTTCCA_025,98
GAGGGAGCACTGGACTTCCA_026,177
GAGGGAGCACTGGACTTCCA_027,177
GAGGGAGCACTGGACTTCCA_028,129
GAGGGAGCACTGGACTTCCA_029,197
GAGGGAGCACTGGACTTCCA_030,199
GAGGGAGCACTGGACTTCCA_031,8
GAGGGAGCACTGGACTTCCA_032,60
GAGGGAGCACTGGACTTCCA_033,28
GAGGGAGCACTGGACTTCCA_034,186
GAGGGAGCACTGGACTTCCA_035,108
GAGGGAGCACTGGACTTCCA_036,105
GAGGGAGCACTGGACTTCCA_037,168
GAGGGAGCACTGGACTTCCA_038,57
GAGGGAGCACTGGACTTCCA_039,135
GAGGGAGCACTGGACTTCCA_040,90
GCTGCAGCCCGCGTTCGGTG_001,121
GCTGCAGCCCGCGTTCGGTG_002,71
GCTGCAGCCCGCGTTCGGTG_003,199
GCTGCAGCCCGCGTTCGGTG_004,127
GCTGCAGCCCGCGTTCGGTG_005,50
GCTGCCGGCTTCTTCCACAC_001,181
GCTGCCGGCTTCTTCCACAC_002,172
GCTGCCGGCTTCTTCCACAC_003,134
GCTGCCGGCTTCTTCCACAC_004,191
GCTGCCGGCTTCTTCCACAC_005,56
GCTGCCGGCTTCTTCCACAC_006,155
GCTGCCGGCTTCTTCCACAC_007,42
GCTGCCGGCTTCTTCCACAC_008,4
GCTGCCGGCTTCTTCCACAC_009,141
GCTGCCGGCTTCTTCCACAC_010,40
GCTGCCGGCTTCTTCCACAC_011,3
GCTGCCGGCTTCTTCCACAC_012,62
GCTGCCGGCTTCTTCCACAC_013,56
GCTGCCGGCTTCTTCCACAC_014,77
ATCTCCTTCAGAACTTACGC_001,60
ATCTCCTTCAGAACTTACGC_002,15
ATCTCCTTCAGAACTTACGC_003,88
ATCTCCTTCAGAACTTACGC_004,150
ATCTCCTTCAGAACTTACGC_005,191
ATCTCCTTCAGAACTTACGC_006,191
ATCTCCTTCAGAACTTACGC_007,195
ATCTCCTTCAGAACTTACGC_008,68
ATCTCCTTCAGAACTTACGC_009,133
ATCTCCTTCAGAACTTACGC_010,116
ATCTCCTTCAGAACTTACGC_011,107
ATCTCCTTCAGAACTTACGC_012,47
ATCTCCTTCAGAACTTACGC_013,6
ATCTCCTTCAGAACTTACGC_014,19
ATCTCCTTCAGAACTTACGC_015,126
ATCTCCTTCAGAACTTACGC_016,158
ATCTCCTTCAGAACTTACGC_017,40
TATCAGCGGGAGAATTACAA_001,102
TATCAGCGGGAGAATTACAA_002,46
TATCAGCGGGAGAATTACAA_003,115
TATCAGCGGGAGAATTACAA_004,176
TATCAGCGGGAGAATTACAA_005,160
AAGGCCAGTTTACTAACTGG_001,102
AAGGCCAGTTTACTAACTGG_002,156
AAGGCCAGTTTACTAACTGG_003,180
AAGGCCAGTTTACTAACTGG_004,69
AAGGCCAGTTTACTAACTGG_005,6
AGGTGCAACTACCCTGTGCG_001,94
AGGTGCAACTACCCTGTGCG_002,29
AGGTGCAACTACCCTGTGCG_003,170
AGGTGCAACTACCCTGTGCG_004,75
AGGTGCAACTACCCTGTGCG_005,158
AGGTGCAACTACCCTGTGCG_006,161
AGGTGCAACTACCCTGTGCG_007,161
AGGTGCAACTACCCTGTGCG_008,132
AGGTGCAACTACCCTGTGCG_009,108
AGGTGCAACTACCCTGTGCG_010,169
AGGTGCAACTACCCTGTGCG_011,48
AGGTGCAACTACCCTGTGCG_012,189
AGGTGCAACTACCCTGTGCG_013,1
AGGTGCAACTACCCTGTGCG_014,43
AGGTGCAACTACCCTGTGCG_015,140
AGGTGCAACTACCCTGTGCG_016,144
AGGTGCAACTACCCTGTGCG_017,36
AGGTGCAACTACCCTGTGCG_018,179
AGGTGCAACTACCCTGTGCG_019,166
AGGTGCAACTACCCTGTGCG_020,78
CTGGTGTTGCGCCTGCGAGG_001,139
CTGGTGTTGCGCCTGCGAGG_002,17
CTGGTGTTGCGCCTGCGAGG_003,36
GATCTGGCGAGAACACTGTG_001,62
GATCTGGCGAGAACACTGTG_002,34
GATCTGGCGAGAACACTGTG_003,172
GATCTGGCGAGAACACTGTG_004,151
GATCTGGCGAGAACACTGTG_005,142
GATCTGGCGAGAACACTGTG_006,100
GATCTGGCGAGAACACTGTG_007,196
GATCTGGCGAGAACACTGTG_008,14
GATCTGGCGAGAACACTGTG_009,172
GATCTGGCGAGAACACTGTG_010,44
GATCTGGCGAGAACACTGTG_011,138
GCAGATTGAGAGTTTCACCG_001,183
GCAGATTGAGAGTTTCACCG_002,56
GCAGATTGAGAGTTTCACCG_003,188
GCAGATTGAGAGTTTCACCG_004,46
GCAGATTGAGAGTTTCACCG_005,182
GCAGATTGAGAGTTTCACCG_006,138
TCACATCACAGGATTTCTCG_001,199
TCACATCACAGGATTTCTCG_002,190
TCACATCACAGGATTTCTCG_003,132
TCACATCACAGGATTTCTCG_004,119
TCACATCACAGGATTTCTCG_005,196
TCACATCACAGGATTTCTCG_006,135
GGGCTTCACACAGAATCCAA_001,182
GGGCTTCACACAGAATCCAA_002,199
GGGCTTCACACAGAATCCAA_003,199
GGGCTTCACACAGAATCCAA_004,177
GTTCGGCACAACTTTCCTGT_001,34
GTTCGGCACAACTTTCCTGT_002,165
GTTCGGCACAACTTTCCTGT_003,50
GTTCGGCACAACTTTCCTGT_004,157
CAGACACATACCCAAGCGAC_001,81
CAGACACATACCCAAGCGAC_002,166
CAGACACATACCCAAGCGAC_003,118
CAGACACATACCCAAGCGAC_004,14
TCACGCTGGACTACTTATAG_001,198
TCACGCTGGACTACTTATAG_002,22
TCACGCTGGACTACTTATAG_003,115
TCACGCTGGACTACTTATAG_004,73
TCACGCTGGACTACTTATAG_005,80
TCACGCTGGACTACTTATAG_006,62
TCACGCTGGACTACTTATAG_007,34
TCACGCTGGACTACTTATAG_008,110
TCACGCTGGACTACTTATAG_009,63
TCACGCTGGACTACTTATAG_010,199
TCACGCTGGACTACTTATAG_011,151
CCAGCCTCCTCATGACCAGA_001,182
CCAGCCTCCTCATGACCAGA_002,74
CCAGCCTCCTCATGACCAGA_003,62
CCAGCCTCCTCATGACCAGA_004,15
CCAGCCTCCTCATGACCAGA_005,174
CCAGCCTCCTCATGACCAGA_006,160
GGATCTCTGTACCACCTGGG_001,174
GGATCTCTGTACCACCTGGG_002,54
GGATCTCTGTACCACCTGGG_003,53
GGATCTCTGTACCACCTGGG_004,190
GGATCTCTGTACCACCTGGG_005,11
GGATCTCTGTACCACCTGGG_006,76
GGATCTCTGTACCACCTGGG_007,154
GGATCTCTGTACCACCTGGG_008,196
GGATCTCTGTACCACCTGGG_009,58
GGATCTCTGTACCACCTGGG_010,1
GGATCTCTGTACCACCTGGG_011,29
GGATCTCTGTACCACCTGGG_012,168
GGATCTCTGTACCACCTGGG_013,56
GGATCTCTGTACCACCTGGG_014,55
GGATCTCTGTACCACCTGGG_015,107
GGATCTCTGTACCACCTGGG_016,130
GGATCTCTGTACCACCTGGG_017,103
CTGGCACAGCCAGTCGAGCG_001,160
CTGGCACAGCCAGTCGAGCG_002,159
CTGGCACAGCCAGTCGAGCG_003,8
CTGGCACAGCCAGTCGAGCG_004,13
CTGGCACAGCCAGTCGAGCG_005,137
CTGGCACAGCCAGTCGAGCG_006,58
CTGGCACAGCCAGTCGAGCG_007,162
AGTGCAGCCCGTTCTCGCGC_001,140
AGTGCAGCCCGTTCTCGCGC_002,65
AGTGCAGCCCGTTCTCGCGC_003,168
ATGCTATGAAGCGCTATCAG_001,105
ATGCTATGAAGCGCTATCAG_002,165
ATGCTATGAAGCGCTATCAG_003,155
GATCGACGCGTACATCGTGC_001,191
GTAACGTAGAGAATTTCCTA_001,165
GTAACGTAGAGAATTTCCTA_002,60
CAACCTCCCCACATACAAGC_001,169
CAACCTCCCCACATACAAGC_002,4
CAACCTCCCCACATACAAGC_003,22
CAACCTCCCCACATACAAGC_004,62
CAACCTCCCCACATACAAGC_005,116
CAACCTCCCCACATACAAGC_006,172
CAACCTCCCCACATACAAGC_007,24
CAACCTCCCCACATACAAGC_008,180
TCATCCTGCTCACGAGACAC_001,84
TCATCCTGCTCACGAGACAC_002,124
TCATCCTGCTCACGAGACAC_003,76
TCATCCTGCTCACGAGACAC_004,15
TCATCCTGCTCACGAGACAC_005,81
TCATCCTGCTCACGAGACAC_006,184
TCATCCTGCTCACGAGACAC_007,155
TCATCCTGCTCACGAGACAC_008,56
TCATCCTGCTCACGAGACAC_009,97
TCATCCTGCTCACGAGACAC_010,141
TCATCCTGCTCACGAGACAC_011,126
TCATCCTGCTCACGAGACAC_012,159
TCATCCTGCTCACGAGACAC_013,78
TCATCCTGCTCACGAGACAC_014,61
GGCAACAGCGACCCACAAAG_001,92
GGCAACAGCGACCCACAAAG_002,46
GGCAACAGCGACCCACAAAG_003,148
GGCAACAGCGACCCACAAAG_004,93
GGCAACAGCGACCCACAAAG_005,48
GGCAACAGCGACCCACAAAG_006,127
GGCAACAGCGACCCACAAAG_007,38
GGCAACAGCGACCCACAAAG_008,49
GGCAACAGCGACCCACAAAG_009,74
GGCAACAGCGACCCACAAAG_010,160
GGCAACAGCGACCCACAAAG_011,69
GGCAACAGCGACCCACAAAG_012,150
GGCAACAGCGACCCACAAAG_013,76
GGCAACAGCGACCCACAAAG_014,2
TGGTACTGACAGAACCGGCA_001,75
TGGTACTGACAGAACCGGCA_002,26
TGGTACTGACAGAACCGGCA_003,28
TGGTACTGACAGAACCGGCA_004,169
TGGTACTGACAGAACCGGCA_005,83
TGGTACTGACAGAACCGGCA_006,29
TGGTACTGACAGAACCGGCA_007,28
TGGTACTGACAGAACCGGCA_008,56
TGACTCGGGCAATATCGGTT_001,85
TGACTCGGGCAATATCGGTT_002,108
TGACTCGGGCAATATCGGTT_003,63
TGACTCGGGCAATATCGGTT_004,72
TGACTCGGGCAATATCGGTT_005,125
TGACTCGGGCAATATCGGTT_006,179
TGACTCGGGCAATATCGGTT_007,175
TGACTCGGGCAATATCGGTT_008,176
TGACTCGGGCAATATCGGTT_009,146
TGACTCGGGCAATATCGGTT_010,62
TGACTCGGGCAATATCGGTT_011,114
TGACTCGGGCAATATCGGTT_012,144
AGATCAAGTTTCAGTACCGG_001,134
AGATCAAGTTTCAGTACCGG_002,105
AGATCAAGTTTCAGTACCGG_003,183
AGATCAAGTTTCAGTACCGG_004,7
AGATCAAGTTTCAGTACCGG_005,159
AGATCAAGTTTCAGTACCGG_006,198
AGATCAAGTTTCAGTACCGG_007,141
AGATCAAGTTTCAGTACCGG_008,118
AGATCAAGTTTCAGTACCGG_009,68
AGATCAAGTTTCAGTACCGG_010,56
AGATCAAGTTTCAGTACCGG_011,177
AGATCAAGTTTCAGTACCGG_012,71
AGATCAAGTTTCAGTACCGG_013,157
AGATCAAGTTTCAGTACCGG_014,125
AGATCAAGTTTCAGTACCGG_015,1
AGATCAAGTTTCAGTACCGG_016,164
AGATCAAGTTTCAGTACCGG_017,66
GCCCACACTCCCTCACTGGG_001,77
GCCCACACTCCCTCACTGGG_002,11
GCCCACACTCCCTCACTGGG_003,91
GGAACGGTTGTGATCACTGG_001,41
GGAACGGTTGTGATCACTGG_002,38
GGAACGGTTGTGATCACTGG_003,114
GGAACGGTTGTGATCACTGG_004,114
GGAACGGTTGTGATCACTGG_005,9
TGCCTTCCAGATGATATTCG_001,172
TGCCTTCCAGATGATATTCG_002,18
TGCCTTCCAGATGATATTCG_003,199
TGTGAGCGATCATCACTGTG_001,48
TGTGAGCGATCATCACTGTG_002,48
TGTGAGCGATCATCACTGTG_003,175
TGTGAGCGATCATCACTGTG_004,50
TGTGAGCGATCATCACTGTG_005,70
TGTGAGCGATCATCACTGTG_006,125
TGTGAGCGATCATCACTGTG_007,134
TGTGAGCGATCATCACTGTG_008,132
TGTGAGCGATCATCACTGTG_009,160
TGTGAGCGATCATCACTGTG_010,22
TGTGAGCGATCATCACTGTG_011,31
TGTGAGCGATCATCACTGTG_012,130
TGTGAGCGATCATCACTGTG_013,155
GGGGTCTCAACGCACACCCG_001,48
GGGGTCTCAACGCACACCCG_002,145
GGGGTCTCAACGCACACCCG_003,49
GGGGTCTCAACGCACACCCG_004,105
GGGGTCTCAACGCACACCCG_005,93
GGGGTCTCAACGCACACCCG_006,127
GGGGTCTCAACGCACACCCG_007,149
GGGGTCTCAACGCACACCCG_008,105
GGGGTCTCAACGCACACCCG_009,171
GGGGTCTCAACGCACACCCG_010,12
GGGGTCTCAACGCACACCCG_011,32
GGGGTCTCAACGCACACCCG_012,15
GGGGTCTCAACGCACACCCG_013,144
GGGGTCTCAACGCACACCCG_014,58
GGGGTCTCAACGCACACCCG_015,134
GGGGTCTCAACGCACACCCG_016,59
GGGGTCTCAACGCACACCCG_017,29
GGGGTCTCAACGCACACCCG_018,23
GGGGTCTCAACGCACACCCG_019,38
GGGGTCTCAACGCACACCCG_020,67
GGGGTCTCAACGCACACCCG_021,158
GGGGTCTCAACGCACACCCG_022,6
GGGGTCTCAACGCACACCCG_023,36
GGGGTCTCAACGCACACCCG_024,48
GGGGTCTCAACGCACACCCG_025,199
GGGGTCTCAACGCACACCCG_026,4
GGGGTCTCAACGCACACCCG_027,184
GGGGTCTCAACGCACACCCG_028,36
GGGGTCTCAACGCACACCCG_029,108
ACCATGATGCCTGTCACTGG_001,75
ACCATGATGCCTGTCACTGG_002,8
ACCATGATGCCTGTCACTGG_003,103
ACCATGATGCCTGTCACTGG_004,121
ACCATGATGCCTGTCACTGG_005,106
ACCATGATGCCTGTCACTGG_006,14
ACCATGATGCCTGTCACTGG_007,165
ACCATGATGCCTGTCACTGG_008,101
ACCATGATGCCTGTCACTGG_009,116
ACCATGATGCCTGTCACTGG_010,10
CCCCAGCAGTTCTTGCAAAG_001,181
CCCCAGCAGTTCTTGCAAAG_002,77
CCCCAGCAGTTCTTGCAAAG_003,151
CCCCAGCAGTTCTTGCAAAG_004,131
CCTGGGCCCAAACAAAATGG_001,141
CCTGGGCCCAAACAAAATGG_002,70
CCTGGGCCCAAACAAAATGG_003,24
CCTGGGCCCAAACAAAATGG_004,58
CCTGGGCCCAAACAAAATGG_005,75
CCTGGGCCCAAACAAAATGG_006,60
CCTGGGCCCAAACAAAATGG_007,19
CCTGGGCCCAAACAAAATGG_008,49
CCTGGGCCCAAACAAAATGG_009,88
CCTGGGCCCAAACAAAATGG_010,88
CCTGGGCCCAAACAAAATGG_011,131
CCTGGGCCCAAACAAAATGG_012,18
CCTGGGCCCAAACAAAATGG_013,63
CCTGGGCCCAAACAAAATGG_014,157
CCTGGGCCCAAACAAAATGG_015,39
CCTGGGCCCAAACAAAATGG_016,114
CCTGGGCCCAAACAAAATGG_017,114
CCTGTGACCTCAGTGCACGG_001,78
CCTGTGACCTCAGTGCACGG_002,193
CCTGTGACCTCAGTGCACGG_003,51
CCTGTGACCTCAGTGCACGG_004,160
CCTGTGACCTCAGTGCACGG_005,1
CCTGTGACCTCAGTGCACGG_006,38
CCTGTGACCTCAGTGCACGG_007,96
CCTGTGACCTCAGTGCACGG_008,166
CCTGTGACCTCAGTGCACGG_009,57
CCTGTGACCTCAGTGCACGG_010,78
CCTGTGACCTCAGTGCACGG_011,144
AGAGCCTTATCAGTTGTGTG_001,196
AGAGCCTTATCAGTTGTGTG_002,45
AGAGCCTTATCAGTTGTGTG_003,56
AGAGCCTTATCAGTTGTGTG_004,151
AGAGCCTTATCAGTTGTGTG_005,15
AGAGCCTTATCAGTTGTGTG_006,44
AGAGCCTTATCAGTTGTGTG_007,84
AGAGCCTTATCAGTTGTGTG_008,63
AGAGCCTTATCAGTTGTGTG_009,12
AGAGCCTTATCAGTTGTGTG_010,133
AGAGCCTTATCAGTTGTGTG_011,160
AGAGCCTTATCAGTTGTGTG_012,72
AGAGCCTTATCAGTTGTGTG_013,33
AGAGCCTTATCAGTTGTGTG_014,183
AGAGCCTTATCAGTTGTGTG_015,96
AGAGCCTTATCAGTTGTGTG_016,107
AGAGCCTTATCAGTTGTGTG_017,172
AGAGCCTTATCAGTTGTGTG_018,70
AGAGCCTTATCAGTTGTGTG_019,39
CTGCACATATTTCAGCCTGA_001,3
GAAGGCGCATAACAGTAGCT_001,168
GAAGGCGCATAACAGTAGCT_002,49
GAAGGCGCATAACAGTAGCT_003,149
GAAGGCGCATAACAGTAGCT_004,47
GGCTCTGGGGTACTCCGCGG_001,68
GGCTCTGGGGTACTCCGCGG_002,127
GGCTCTGGGGTACTCCGCGG_003,80
GGCTCTGGGGTACTCCGCGG_004,199
GGCTCTGGGGTACTCCGCGG_005,176
GGCTCTGGGGTACTCCGCGG_006,149
GGCTCTGGGGTACTCCGCGG_007,15
GGCTCTGGGGTACTCCGCGG_008,150
GGCTCTGGGGTACTCCGCGG_009,9
GGCTCTGGGGTACTCCGCGG_010,48
GGCTCTGGGGTACTCCGCGG_011,83
GGCTCTGGGGTACTCCGCGG_012,84
GGCTCTGGGGTACTCCGCGG_013,132
CGCACTGGCACAGAACACGT_001,42
GCTTCAGGCGGTAGCACCGG_001,15
GCTTCAGGCGGTAGCACCGG_002,127
GCTTCAGGCGGTAGCACCGG_003,43
GCTTCAGGCGGTAGCACCGG_004,94
GCTTCAGGCGGTAGCACCGG_005,37
GCTTCAGGCGGTAGCACCGG_006,197
GCTTCAGGCGGTAGCACCGG_007,40
GCTTCAGGCGGTAGCACCGG_008,94
GCTTCAGGCGGTAGCACCGG_009,4
GCTTCAGGCGGTAGCACCGG_010,107
GCTTCAGGCGGTAGCACCGG_011,57
GCTTCAGGCGGTAGCACCGG_012,136
AAATGTTTAGATCTCAAACA_001,30
AAATGTTTAGATCTCAAACA_002,148
AAATGTTTAGATCTCAAACA_003,113
CAACCGGGAAAGCGTCAAGT_001,144
CAACCGGGAAAGCGTCAAGT_002,94
CAACCGGGAAAGCGTCAAGT_003,154
CAACCGGGAAAGCGTCAAGT_004,2
CAACCGGGAAAGCGTCAAGT_005,2
CAACCGGGAAAGCGTCAAGT_006,62
CAACCGGGAAAGCGTCAAGT_007,68
CAACCGGGAAAGCGTCAAGT_008,168
CAACCGGGAAAGCGTCAAGT_009,47
CAACCGGGAAAGCGTCAAGT_010,111
CAACCGGGAAAGCGTCAAGT_011,78
CAACCGGGAAAGCGTCAAGT_012,88
CAACCGGGAAAGCGTCAAGT_013,10
CAACCGGGAAAGCGTCAAGT_014,3
CAACCGGGAAAGCGTCAAGT_015,10
CAACCGGGAAAGCGTCAAGT_016,67
CAACCGGGAAAGCGTCAAGT_017,121
CAACCGGGAAAGCGTCAAGT_018,155
CAACCGGGAAAGCGTCAAGT_019,183
CAACCGGGAAAGCGTCAAGT_020,36
CAACCGGGAAAGCGTCAAGT_021,161
CAACCGGGAAAGCGTCAAGT_022,129
CAACCGGGAAAGCGTCAAGT_023,136
CAACCGGGAAAGCGTCAAGT_024,78
CAACCGGGAAAGCGTCAAGT_025,180
GGTGCACGTTGAGGGACGAG_001,2
GGTGCACGTTGAGGGACGAG_002,48
GGTGCACGTTGAGGGACGAG_003,137
GGTGCACGTTGAGGGACGAG_004,183
GGTGCACGTTGAGGGACGAG_005,31
GGTGCACGTTGAGGGACGAG_006,67
GGTGCACGTTGAGGGACGAG_007,3
GGTGCACGTTGAGGGACGAG_008,161
GGTGCACGTTGAGGGACGAG_009,29
GGTGCACGTTGAGGGACGAG_010,152
GGTGCACGTTGAGGGACGAG_011,41
AATCTCTGACCGTAAATCCA_001,14
AATCTCTGACCGTAAATCCA_002,1
AATCTCTGACCGTAAATCCA_003,162
TGGACATATTCATCCAATTG_001,99
ACACACGTGAAAAATCACTG_001,111
ACACACGTGAAAAATCACTG_002,127
ACACACGTGAAAAATCACTG_003,199
ACACACGTGAAAAATCACTG_004,149
ACACACGTGAAAAATCACTG_005,41
ACACACGTGAAAAATCACTG_006,51
ACACACGTGAAAAATCACTG_007,12
ACACACGTGAAAAATCACTG_008,181
ACACACGTGAAAAATCACTG_009,132
ACACACGTGAAAAATCACTG_010,158
ACACACGTGAAAAATCACTG_011,68
ACACACGTGAAAAATCACTG_012,83
ACACACGTGAAAAATCACTG_013,51
ACACACGTGAAAAATCACTG_014,4
ACACACGTGAAAAATCACTG_015,81
ACACACGTGAAAAATCACTG_016,25
ACACACGTGAAAAATCACTG_017,5
ACACACGTGAAAAATCACTG_018,56
ACACACGTGAAAAATCACTG_019,43
ACACACGTGAAAAATCACTG_020,169
ACACACGTGAAAAATCACTG_021,152
ACACACGTGAAAAATCACTG_022,19
GACAGGCTGAGGTCCACGAG_001,127
GACAGGCTGAGGTCCACGAG_002,58
GACAGGCTGAGGTCCACGAG_003,191
GACAGGCTGAGGTCCACGAG_004,110
GACAGGCTGAGGTCCACGAG_005,120
GACAGGCTGAGGTCCACGAG_006,152
GACAGGCTGAGGTCCACGAG_007,144
GACAGGCTGAGGTCCACGAG_008,68
GACAGGCTGAGGTCCACGAG_009,94
ACTTACAGTGAATAAGCTTG_001,11
ACTTACAGTGAATAAGCTTG_002,69
ACTTACAGTGAATAAGCTTG_003,158
ACTTACAGTGAATAAGCTTG_004,126
CAAGACCACCTACCGCGTCG_001,127
CAAGACCACCTACCGCGTCG_002,45
CAAGACCACCTACCGCGTCG_003,151
CAAGACCACCTACCGCGTCG_004,61
CAAGACCACCTACCGCGTCG_005,16
CAAGACCACCTACCGCGTCG_006,189
CAAGACCACCTACCGCGTCG_007,77
CAAGACCACCTACCGCGTCG_008,63
CAAGACCACCTACCGCGTCG_009,177
CAAGACCACCTACCGCGTCG_010,61
CAAGACCACCTACCGCGTCG_011,96
CAAGACCACCTACCGCGTCG_012,138
CAAGACCACCTACCGCGTCG_013,51
CAAGACCACCTACCGCGTCG_014,23
CAAGACCACCTACCGCGTCG_015,76
CAAGACCACCTACCGCGTCG_016,37
CAAGACCACCTACCGCGTCG_017,159
CAAGACCACCTACCGCGTCG_018,178
CAAGACCACCTACCGCGTCG_019,63
CAAGACCACCTACCGCGTCG_020,50
CAAGACCACCTACCGCGTCG_021,56
CAAGACCACCTACCGCGTCG_022,78
CTGCTGCTCCCCCCACACGG_001,93
CTGCTGCTCCCCCCACACGG_002,68
CTGCTGCTCCCCCCACACGG_003,158
CTGCTGCTCCCCCCACACGG_004,163
CTGCTGCTCCCCCCACACGG_005,78
CTGCTGCTCCCCCCACACGG_006,44
CTGCTGCTCCCCCCACACGG_007,106
CTGCTGCTCCCCCCACACGG_008,191
CTGCTGCTCCCCCCACACGG_009,12
CTGCTGCTCCCCCCACACGG_010,146
CTGCTGCTCCCCCCACACGG_011,43
CTGCTGCTCCCCCCACACGG_012,198
CTGCTGCTCCCCCCACACGG_013,60
CTGCTGCTCCCCCCACACGG_014,96
CTGCTGCTCCCCCCACACGG_015,84
CTGCTGCTCCCCCCACACGG_016,182
CTGCTGCTCCCCCCACACGG_017,91
CTGCTGCTCCCCCCACACGG_018,88
CTGCTGCTCCCCCCACACGG_019,27
CTGCTGCTCCCCCCACACGG_020,135
CTGCTGCTCCCCCCACACGG_021,177
CTGCTGCTCCCCCCACACGG_022,69
CTGCTGCTCCCCCCACACGG_023,81
CTGCTGCTCCCCCCACACGG_024,42
CTGCTGCTCCCCCCACACGG_025,140
CTGCTGCTCCCCCCACACGG_026,115
CTGCTGCTCCCCCCACACGG_027,65
CTGCTGCTCCCCCCACACGG_028,19
CTGCTGCTCCCCCCACACGG_029,83
CTGCTGCTCCCCCCACACGG_030,47
CTGCTGCTCCCCCCACACGG_031,176
CTGCTGCTCCCCCCACACGG_032,43
CTGCTGCTCCCCCCACACGG_033,41
CTGCTGCTCCCCCCACACGG_034,28
CTGCTGCTCCCCCCACACGG_035,88
CTGCTGCTCCCCCCACACGG_036,50
CTGCTGCTCCCCCCACACGG_037,95
CTGCTGCTCCCCCCACACGG_038,122
CTGCTGCTCCCCCCACACGG_039,58
CTGCTGCTCCCCCCACACGG_040,142
CTGCTGCTCCCCCCACACGG_041,29
CTGCTGCTCCCCCCACACGG_042,157
CTGCTGCTCCCCCCACACGG_043,56
CTGCTGCTCCCCCCACACGG_044,75
CTGCTGCTCCCCCCACACGG_045,185
CTGCTGCTCCCCCCACACGG_046,102
CTGCTGCTCCCCCCACACGG_047,156
CTGCTGCTCCCCCCACACGG_048,34
CTGCTGCTCCCCCCACACGG_049,102
CTGCTGCTCCCCCCACACGG_050,70
CTGCTGCTCCCCCCACACGG_051,77
CTGCTGCTCCCCCCACACGG_052,10
CTGCTGCTCCCCCCACACGG_053,143
CTGCTGCTCCCCCCACACGG_054,143
CTGCTGCTCCCCCCACACGG_055,4
CTGCTGCTCCCCCCACACGG_056,1
CTGCTGCTCCCCCCACACGG_057,37
CTGCTGCTCCCCCCACACGG_058,182
CTGCTGCTCCCCCCACACGG_059,166
CTGCTGCTCCCCCCACACGG_060,50
CTGCTGCTCCCCCCACACGG_061,83
CTGCTGCTCCCCCCACACGG_062,25
CCAGGGTGGACGCTACACAG_001,49
CCAGGGTGGACGCTACACAG_002,170
CCAGGGTGGACGCTACACAG_003,67
CCAGGGTGGACGCTACACAG_004,147
CCAGGGTGGACGCTACACAG_005,73
CCAGGGTGGACGCTACACAG_006,196
CCAGGGTGGACGCTACACAG_007,97
CAACTTACAAGTTCAACCGG_001,115
CAACTTACAAGTTCAACCGG_002,195
CAACTTACAAGTTCAACCGG_003,88
CAACTTACAAGTTCAACCGG_004,168
CAACTTACAAGTTCAACCGG_005,101
CAACTTACAAGTTCAACCGG_006,130
CAACTTACAAGTTCAACCGG_007,105
GGCCGTCGGGACACTGTCTG_001,134
GGCCGTCGGGACACTGTCTG_002,175
GGCCGTCGGGACACTGTCTG_003,149
GGCCGTCGGGACACTGTCTG_004,145
GGCCGTCGGGACACTGTCTG_005,16
GGCCGTCGGGACACTGTCTG_006,120
GGCCGTCGGGACACTGTCTG_007,154
GGCCGTCGGGACACTGTCTG_008,170
GGCCGTCGGGACACTGTCTG_009,162
GGCCGTCGGGACACTGTCTG_010,162
GGCCGTCGGGACACTGTCTG_011,83
GGCCGTCGGGACACTGTCTG_012,76
GGCCGTCGGGACACTGTCTG_013,183
GGCCGTCGGGACACTGTCTG_014,168
GGCCGTCGGGACACTGTCTG_015,24
GGCCGTCGGGACACTGTCTG_016,95
GGCCGTCGGGACACTGTCTG_017,2
GGCCGTCGGGACACTGTCTG_018,76
GGCCGTCGGGACACTGTCTG_019,104
GGCCGTCGGGACACTGTCTG_020,61
GGCCGTCGGGACACTGTCTG_021,137
GGCCGTCGGGACACTGTCTG_022,48
GGCCGTCGGGACACTGTCTG_023,22
GGCCGTCGGGACACTGTCTG_024,103
GGCCGTCGGGACACTGTCTG_025,132
GGCCGTCGGGACACTGTCTG_026,16
GGCCGTCGGGACACTGTCTG_027,98
GGCCGTCGGGACACTGTCTG_028,12
GGCCGTCGGGACACTGTCTG_029,23
GGCCGTCGGGACACTGTCTG_030,183
GGCCGTCGGGACACTGTCTG_031,177
GGCCGTCGGGACACTGTCTG_032,49
GGCCGTCGGGACACTGTCTG_033,105
GGCCGTCGGGACACTGTCTG_034,76
GGCCGTCGGGACACTGTCTG_035,19
GGCCGTCGGGACACTGTCTG_036,48
GGCCGTCGGGACACTGTCTG_037,97
GGCCGTCGGGACACTGTCTG_038,131
GGCCGTCGGGACACTGTCTG_039,106
GAGAGGAGAATACCCTCGCT_001,77
GAGAGGAGAATACCCTCGCT_002,48
GAGAGGAGAATACCCTCGCT_003,112
GAGAGGAGAATACCCTCGCT_004,42
GAGAGGAGAATACCCTCGCT_005,37
GAGAGGAGAATACCCTCGCT_006,153
CAAGAAAGATCGATAAACGA_001,70
CAAGAAAGATCGATAAACGA_002,115
CAAGAAAGATCGATAAACGA_003,145
CAAGAAAGATCGATAAACGA_004,169
CAAGAAAGATCGATAAACGA_005,100
CAAGAAAGATCGATAAACGA_006,1
CAAGAAAGATCGATAAACGA_007,162
CAAGAAAGATCGATAAACGA_008,3
CAAGAAAGATCGATAAACGA_009,177
CAAGAAAGATCGATAAACGA_010,160
CAGCAATCATGTGTCCCATG_001,58
CAGCAATCATGTGTCCCATG_002,188
GAAGTTCTTCACCCGCAGGG_001,165
CAGGACCAGCAAATCCATTG_001,78
CAGGACCAGCAAATCCATTG_002,119
CAGGACCAGCAAATCCATTG_003,96
CAGGACCAGCAAATCCATTG_004,198
CAGGACCAGCAAATCCATTG_005,1
CAGGACCAGCAAATCCATTG_006,114
CAGGACCAGCAAATCCATTG_007,114
CAGGACCAGCAAATCCATTG_008,137
CAGGACCAGCAAATCCATTG_009,181
CAGGACCAGCAAATCCATTG_010,40
CAGGACCAGCAAATCCATTG_011,70
CAGGACCAGCAAATCCATTG_012,138
CAGGACCAGCAAATCCATTG_013,29
CAGGACCAGCAAATCCATTG_014,27
GGCTCTCACCTGGTACACAG_001,194
GGCTCTCACCTGGTACACAG_002,127
GGCTCTCACCTGGTACACAG_003,37
GGCTCTCACCTGGTACACAG_004,19
GGCTCTCACCTGGTACACAG_005,56
GGCTCTCACCTGGTACACAG_006,108
GGCTCTCACCTGGTACACAG_007,94
GGCTCTCACCTGGTACACAG_008,158
GGCTCTCACCTGGTACACAG_009,145
GGCTCTCACCTGGTACACAG_010,76
GGCTCTCACCTGGTACACAG_011,109
GGCTCTCACCTGGTACACAG_012,156
GGCTCTCACCTGGTACACAG_013,97
GGCTCTCACCTGGTACACAG_014,89
GGCTCTCACCTGGTACACAG_015,48
CTCCGTACACCAATCAACAG_001,15
CTCCGTACACCAATCAACAG_002,77
CTCCGTACACCAATCAACAG_003,78
CTCCGTACACCAATCAACAG_004,198
CTCCGTACACCAATCAACAG_005,101
CTCCGTACACCAATCAACAG_006,138
CTCCGTACACCAATCAACAG_007,152
CTCCGTACACCAATCAACAG_008,124
CTCCGTACACCAATCAACAG_009,27
CTCCGTACACCAATCAACAG_010,46
GCAGCTCACGGGCATGCACA_001,98
GCAGCTCACGGGCATGCACA_002,61
GCAGCTCACGGGCATGCACA_003,60
GCAGCTCACGGGCATGCACA_004,85
GCAGCTCACGGGCATGCACA_005,175
GCAGCTCACGGGCATGCACA_006,62
GCAGCTCACGGGCATGCACA_007,153
GCAGCTCACGGGCATGCACA_008,140
GCAGCTCACGGGCATGCACA_009,11
GCAGCTCACGGGCATGCACA_010,68
GCAGCTCACGGGCATGCACA_011,37
GCAGCTCACGGGCATGCACA_012,180
GCAGCTCACGGGCATGCACA_013,85
GCAGCTCACGGGCATGCACA_014,174
GCAGCTCACGGGCATGCACA_015,76
GCAGCTCACGGGCATGCACA_016,127
GCAGCTCACGGGCATGCACA_017,168
GCAGCTCACGGGCATGCACA_018,46
GCAGCTCACGGGCATGCACA_019,64
GCAGCTCACGGGCATGCACA_020,63
GCAGCTCACGGGCATGCACA_021,42
GCAGCTCACGGGCATGCACA_022,58
GCAGCTCACGGGCATGCACA_023,131
GCAGCTCACGGGCATGCACA_024,169
GCAGCTCACGGGCATGCACA_025,27
GCAGCTCACGGGCATGCACA_026,144
GCAGCTCACGGGCATGCACA_027,9
GCAGCTCACGGGCATGCACA_028,115
AATTCAACAGCTGACAAATG_001,28
AATTCAACAGCTGACAAATG_002,53
AATTCAACAGCTGACAAATG_003,145
AATTCAACAGCTGACAAATG_004,42
AATTCAACAGCTGACAAATG_005,198
AATTCAACAGCTGACAAATG_006,129
AATTCAACAGCTGACAAATG_007,146
AATTCAACAGCTGACAAATG_008,140
AATTCAACAGCTGACAAATG_009,199
AATTCAACAGCTGACAAATG_010,36
AATTCAACAGCTGACAAATG_011,62
AATTCAACAGCTGACAAATG_012,147
GATGCCTGGAGCTTTAGTGG_001,41
GATGCCTGGAGCTTTAGTGG_002,116
GATGCCTGGAGCTTTAGTGG_003,9
GATGCCTGGAGCTTTAGTGG_004,177
GATGCCTGGAGCTTTAGTGG_005,159
GCAGCACAGTCTGCATACTG_001,70
GCAGCACAGTCTGCATACTG_002,197
GCAGCACAGTCTGCATACTG_003,9
GCAGCACAGTCTGCATACTG_004,77
GCAGCACAGTCTGCATACTG_005,1
GCAGCACAGTCTGCATACTG_006,162
GCAGCACAGTCTGCATACTG_007,66
TAGAACTAGATTCGGAGTCG_001,188
TAGAACTAGATTCGGAGTCG_002,177
TAGAACTAGATTCGGAGTCG_003,96
TAGAACTAGATTCGGAGTCG_004,83
TCCAAAAGGACAAATCAACG_001,123
TCCAAAAGGACAAATCAACG_002,43
TCCAAAAGGACAAATCAACG_003,75
ATTCTTCCGATACACAAACA_001,188
ATTCTTCCGATACACAAACA_002,191
ATTCTTCCGATACACAAACA_003,78
AATGAAAACAACTTGGTGGA_001,98
GGTCTGACCCGTGAGCAAAG_001,191
GGTCTGACCCGTGAGCAAAG_002,158
GGTCTGACCCGTGAGCAAAG_003,49
GTCTTGAGATAGCATATCTA_001,133
GTCTTGAGATAGCATATCTA_002,16
GTCTTGAGATAGCATATCTA_003,156
GTCTTGAGATAGCATATCTA_004,131
GTCTTGAGATAGCATATCTA_005,0
GTCTTGAGATAGCATATCTA_006,41
GTCTTGAGATAGCATATCTA_007,20
GCGGCTCTTCAGTAAATCCT_001,6
GCGGCTCTTCAGTAAATCCT_002,106
GCGGCTCTTCAGTAAATCCT_003,187
GCGGCTCTTCAGTAAATCCT_004,57
GCGGCTCTTCAGTAAATCCT_005,170
GCGGCTCTTCAGTAAATCCT_006,126
GCGGCTCTTCAGTAAATCCT_007,130
GCGGCTCTTCAGTAAATCCT_008,98
GCGGCTCTTCAGTAAATCCT_009,155
GCGGCTCTTCAGTAAATCCT_010,111
GCGGCTCTTCAGTAAATCCT_011,41
GCGGCTCTTCAGTAAATCCT_012,182
GCGGCTCTTCAGTAAATCCT_013,129
GCGGCTCTTCAGTAAATCCT_014,97
GCGGCTCTTCAGTAAATCCT_015,0
GCGGCTCTTCAGTAAATCCT_016,25
GCGGCTCTTCAGTAAATCCT_017,164
GCGGCTCTTCAGTAAATCCT_018,40
TTCTGCAAACAGGACAACTG_001,37
TTCTGCAAACAGGACAACTG_002,50
TTCTGCAAACAGGACAACTG_003,136
TTCTGCAAACAGGACAACTG_004,73
TTCTGCAAACAGGACAACTG_005,127
TTCTGCAAACAGGACAACTG_006,194
TTCTGCAAACAGGACAACTG_007,176
TTCTGCAAACAGGACAACTG_008,176
TTCTGCAAACAGGACAACTG_009,60
TTCTGCAAACAGGACAACTG_010,107
TTCTGCAAACAGGACAACTG_011,70
TTCTGCAAACAGGACAACTG_012,7
TTCTGCAAACAGGACAACTG_013,90
TTCTGCAAACAGGACAACTG_014,3
TTCTGCAAACAGGACAACTG_015,90
TTCTGCAAACAGGACAACTG_016,96
TTCTGCAAACAGGACAACTG_017,124
GCAGACTTTCTCAACTCGTT_001,51
GCAGACTTTCTCAACTCGTT_002,127
GCAGACTTTCTCAACTCGTT_003,38
GCAGACTTTCTCAACTCGTT_004,83
GCAGACTTTCTCAACTCGTT_005,110
GCAGACTTTCTCAACTCGTT_006,9
GCAGACTTTCTCAACTCGTT_007,58
AAATGTTAAAGATGCTATCG_001,35
AAATGTTAAAGATGCTATCG_002,116
AAATGTTAAAGATGCTATCG_003,192
AAATGTTAAAGATGCTATCG_004,190
AAATGTTAAAGATGCTATCG_005,125
AAATGTTAAAGATGCTATCG_006,193
AAATGTTAAAGATGCTATCG_007,125
AAATGTTAAAGATGCTATCG_008,105
AAATGTTAAAGATGCTATCG_009,19
ACTCAAAGAAGTGGGCGCTG_001,149
ACTCAAAGAAGTGGGCGCTG_002,183
ACTCAAAGAAGTGGGCGCTG_003,0
ACTCAAAGAAGTGGGCGCTG_004,9
ACTCAAAGAAGTGGGCGCTG_005,62
ACTCAAAGAAGTGGGCGCTG_006,34
ACTCAAAGAAGTGGGCGCTG_007,131
ACTCAAAGAAGTGGGCGCTG_008,144
CACAGTGGGCGAGTTTCCCG_001,138
CACAGTGGGCGAGTTTCCCG_002,78
CACAGTGGGCGAGTTTCCCG_003,31
CACAGTGGGCGAGTTTCCCG_004,188
CACAGTGGGCGAGTTTCCCG_005,159
CACAGTGGGCGAGTTTCCCG_006,141
CACAGTGGGCGAGTTTCCCG_007,55
CACAGTGGGCGAGTTTCCCG_008,50
CACAGTGGGCGAGTTTCCCG_009,158
CACAGTGGGCGAGTTTCCCG_010,17
CACAGTGGGCGAGTTTCCCG_011,126
CACAGTGGGCGAGTTTCCCG_012,66
CACAGTGGGCGAGTTTCCCG_013,57
CACAGTGGGCGAGTTTCCCG_014,49
CACAGTGGGCGAGTTTCCCG_015,62
CACAGTGGGCGAGTTTCCCG_016,78
CCTTGGGAGTGGCTTCATCA_001,62
CCTTGGGAGTGGCTTCATCA_002,168
CCTTGGGAGTGGCTTCATCA_003,119
CCTTGGGAGTGGCTTCATCA_004,194
CCTTGGGAGTGGCTTCATCA_005,50
CCTTGGGAGTGGCTTCATCA_006,120
CCTTGGGAGTGGCTTCATCA_007,147
CCTTGGGAGTGGCTTCATCA_008,43
CCTTGGGAGTGGCTTCATCA_009,169
CCTTGGGAGTGGCTTCATCA_010,65
CCTTGGGAGTGGCTTCATCA_011,58
TGACATTGTACACAGTAACA_001,140
TGACATTGTACACAGTAACA_002,76
TGACATTGTACACAGTAACA_003,13
TGACATTGTACACAGTAACA_004,61
TGACATTGTACACAGTAACA_005,145
TGACATTGTACACAGTAACA_006,115
TGACATTGTACACAGTAACA_007,166
CAAGCCAGTTTGATAAATCG_001,15
CAAGCCAGTTTGATAAATCG_002,72
CAAGCCAGTTTGATAAATCG_003,43
CAAGCCAGTTTGATAAATCG_004,111
TTCTCCACCATGATAAACAC_001,49
CGCCCTGGAAAACATCAGGT_001,80
CGCCCTGGAAAACATCAGGT_002,188
CGCCCTGGAAAACATCAGGT_003,91
CGCCCTGGAAAACATCAGGT_004,150
CGCCCTGGAAAACATCAGGT_005,22
CGCCCTGGAAAACATCAGGT_006,158
ACGACCAGATGTACCGAGAG_001,76
ACGACCAGATGTACCGAGAG_002,121
GTCCGTAGCACCCAGATGCG_001,49
GTCCGTAGCACCCAGATGCG_002,122
GTCCGTAGCACCCAGATGCG_003,40
GTCCGTAGCACCCAGATGCG_004,128
GTCCGTAGCACCCAGATGCG_005,72
GTCCGTAGCACCCAGATGCG_006,147
GTCCGTAGCACCCAGATGCG_007,69
GTCCGTAGCACCCAGATGCG_008,95
GTCCGTAGCACCCAGATGCG_009,17
GTCCGTAGCACCCAGATGCG_010,194
GTCCGTAGCACCCAGATGCG_011,34
GTCCGTAGCACCCAGATGCG_012,134
GTCCGTAGCACCCAGATGCG_013,178
GTCCGTAGCACCCAGATGCG_014,103
GTCCGTAGCACCCAGATGCG_015,66
TCAAGGAAGACATTGTGAGG_001,160
TCAAGGAAGACATTGTGAGG_002,48
TCAAGGAAGACATTGTGAGG_003,49
TCAAGGAAGACATTGTGAGG_004,178
TCAAGGAAGACATTGTGAGG_005,108
TCAAGGAAGACATTGTGAGG_006,83
TCAAGGAAGACATTGTGAGG_007,17
TCAAGGAAGACATTGTGAGG_008,183
CATCAACCTGCTCGGCACAA_001,184
CATCAACCTGCTCGGCACAA_002,127
CATCAACCTGCTCGGCACAA_003,145
CATCAACCTGCTCGGCACAA_004,20
CATCAACCTGCTCGGCACAA_005,41
CATCAACCTGCTCGGCACAA_006,41
CATCAACCTGCTCGGCACAA_007,198
CATCAACCTGCTCGGCACAA_008,108
CATCAACCTGCTCGGCACAA_009,26
CATCAACCTGCTCGGCACAA_010,29
CATCAACCTGCTCGGCACAA_011,186
CATCAACCTGCTCGGCACAA_012,110
AAACTCTGTCTATTTGTGTA_001,97
AAACTCTGTCTATTTGTGTA_002,13
AAACTCTGTCTATTTGTGTA_003,108
AAACTCTGTCTATTTGTGTA_004,112
AAACTCTGTCTATTTGTGTA_005,152
ATGTGTGTGGACACTCGTGA_001,6
ATGTGTGTGGACACTCGTGA_002,97
ATGTGTGTGGACACTCGTGA_003,97
ATGTGTGTGGACACTCGTGA_004,2
ATGTGTGTGGACACTCGTGA_005,15
ATGTGTGTGGACACTCGTGA_006,147
ATGTGTGTGGACACTCGTGA_007,158
ATGTGTGTGGACACTCGTGA_008,102
ATGTGTGTGGACACTCGTGA_009,120
ATGTGTGTGGACACTCGTGA_010,103
ATGTGTGTGGACACTCGTGA_011,48
ATGTGTGTGGACACTCGTGA_012,132
ATGTGTGTGGACACTCGTGA_013,82
ATGTGTGTGGACACTCGTGA_014,145
ATGTGTGTGGACACTCGTGA_015,60
ATGTGTGTGGACACTCGTGA_016,81
ATGTGTGTGGACACTCGTGA_017,42
ATGTGTGTGGACACTCGTGA_018,136
CAGCGTGTCCCCATCCGAAG_001,178
CAGCGTGTCCCCATCCGAAG_002,181
CAGCGTGTCCCCATCCGAAG_003,134
CAGCGTGTCCCCATCCGAAG_004,23
CAGCGTGTCCCCATCCGAAG_005,88
CAGCGTGTCCCCATCCGAAG_006,88
CAGCGTGTCCCCATCCGAAG_007,102
CAGCGTGTCCCCATCCGAAG_008,54
CAGCGTGTCCCCATCCGAAG_009,122
CAGCGTGTCCCCATCCGAAG_010,58
CAGCGTGTCCCCATCCGAAG_011,34
CAGCGTGTCCCCATCCGAAG_012,106
CAGCGTGTCCCCATCCGAAG_013,17
CAGCGTGTCCCCATCCGAAG_014,96
CAGCGTGTCCCCATCCGAAG_015,92
CCACAGGACTGGGCACCCCG_001,47
CCACAGGACTGGGCACCCCG_002,172
CCACAGGACTGGGCACCCCG_003,183
CCACAGGACTGGGCACCCCG_004,16
CCACAGGACTGGGCACCCCG_005,163
CCACAGGACTGGGCACCCCG_006,96
CCACAGGACTGGGCACCCCG_007,8
CCACAGGACTGGGCACCCCG_008,27
CCACAGGACTGGGCACCCCG_009,62
CCACAGGACTGGGCACCCCG_010,87
CCACAGGACTGGGCACCCCG_011,198
CCACAGGACTGGGCACCCCG_012,147
CCACAGGACTGGGCACCCCG_013,115
CCACAGGACTGGGCACCCCG_014,67
CCACAGGACTGGGCACCCCG_015,105
CCACAGGACTGGGCACCCCG_016,182
CCACAGGACTGGGCACCCCG_017,29
CCACAGGACTGGGCACCCCG_018,42
CCACAGGACTGGGCACCCCG_019,198
CCACAGGACTGGGCACCCCG_020,138
CCACAGGACTGGGCACCCCG_021,106
CCACAGGACTGGGCACCCCG_022,60
CCACAGGACTGGGCACCCCG_023,3
CCACAGGACTGGGCACCCCG_024,187
CCACAGGACTGGGCACCCCG_025,16
CCACAGGACTGGGCACCCCG_026,90
CCACAGGACTGGGCACCCCG_027,73
CCACAGGACTGGGCACCCCG_028,137
TTCTGGGAGATCGTTCTCAG_001,98
TTCTGGGAGATCGTTCTCAG_002,44
TTCTGGGAGATCGTTCTCAG_003,72
TTCTGGGAGATCGTTCTCAG_004,119
TTCTGGGAGATCGTTCTCAG_005,9
TTCTGGGAGATCGTTCTCAG_006,158
TTCTGGGAGATCGTTCTCAG_007,62
TTCTGGGAGATCGTTCTCAG_008,144
TTCTGGGAGATCGTTCTCAG_009,91
TTCTGGGAGATCGTTCTCAG_010,142
CATGGTCGTCCACTTCCACG_001,98
CATGGTCGTCCACTTCCACG_002,171
CATGGTCGTCCACTTCCACG_003,2
CATGGTCGTCCACTTCCACG_004,144
CATGGTCGTCCACTTCCACG_005,85
CATGGTCGTCCACTTCCACG_006,184
CATGGTCGTCCACTTCCACG_007,190
CATGGTCGTCCACTTCCACG_008,134
CATGGTCGTCCACTTCCACG_009,153
TTTGCGCTTTGGAAGATTCA_001,116
TTTGCGCTTTGGAAGATTCA_002,151
TTTGCGCTTTGGAAGATTCA_003,168
TTTGCGCTTTGGAAGATTCA_004,129
TTTGCGCTTTGGAAGATTCA_005,194
TTTGCGCTTTGGAAGATTCA_006,46
TTTGCGCTTTGGAAGATTCA_007,88
TTTGCGCTTTGGAAGATTCA_008,45
GCCATTAATTGACTACCACG_001,94
GCCATTAATTGACTACCACG_002,89
GCCATTAATTGACTACCACG_003,81
GCCATTAATTGACTACCACG_004,8
GCCATTAATTGACTACCACG_005,192
GCCATTAATTGACTACCACG_006,23
ACCCAGTTCTAAAGAAATGG_001,136
AAGTAGGCTAGGCTCTTCAA_001,19
AAGTAGGCTAGGCTCTTCAA_002,165
AAGTAGGCTAGGCTCTTCAA_003,65
AAGTAGGCTAGGCTCTTCAA_004,162
AAGTAGGCTAGGCTCTTCAA_005,1
AAGTAGGCTAGGCTCTTCAA_006,128
AAGTAGGCTAGGCTCTTCAA_007,145
AAGTAGGCTAGGCTCTTCAA_008,138
AAGTAGGCTAGGCTCTTCAA_009,166
AAGTAGGCTAGGCTCTTCAA_010,63
AAGTAGGCTAGGCTCTTCAA_011,102
AAGTAGGCTAGGCTCTTCAA_012,161
CACGTGTGGTTCTCAAATAT_001,12
CACGTGTGGTTCTCAAATAT_002,33
CACGTGTGGTTCTCAAATAT_003,92
CACGTGTGGTTCTCAAATAT_004,12
CACGTGTGGTTCTCAAATAT_005,159
CACGTGTGGTTCTCAAATAT_006,44
CACGTGTGGTTCTCAAATAT_007,65
CACGTGTGGTTCTCAAATAT_008,145
CACGTGTGGTTCTCAAATAT_009,145
CACGTGTGGTTCTCAAATAT_010,199
CACGTGTGGTTCTCAAATAT_011,3
CTCCTGGCACCTGACAACAG_001,31
CTCCTGGCACCTGACAACAG_002,127
CTCCTGGCACCTGACAACAG_003,1
CTCCTGGCACCTGACAACAG_004,52
CTCCTGGCACCTGACAACAG_005,100
CTCCTGGCACCTGACAACAG_006,199
CTCCTGGCACCTGACAACAG_007,150
CTCCTGGCACCTGACAACAG_008,78
CTCCTGGCACCTGACAACAG_009,115
CTCCTGGCACCTGACAACAG_010,184
CTCCTGGCACCTGACAACAG_011,94
CTCCTGGCACCTGACAACAG_012,17
CTCCTGGCACCTGACAACAG_013,33
CTCCTGGCACCTGACAACAG_014,127
CTCCTGGCACCTGACAACAG_015,88
CTCCTGGCACCTGACAACAG_016,120
CTCCTGGCACCTGACAACAG_017,168
ATGTAATGAGAACGACATCA_001,176
ATGTAATGAGAACGACATCA_002,16
ATGTAATGAGAACGACATCA_003,58
ATGTAATGAGAACGACATCA_004,7
ATGTAATGAGAACGACATCA_005,165
ATGTAATGAGAACGACATCA_006,96
ATGTAATGAGAACGACATCA_007,1
ATGTAATGAGAACGACATCA_008,75
ATGTAATGAGAACGACATCA_009,197
ATGTAATGAGAACGACATCA_010,55
ATGTAATGAGAACGACATCA_011,16
CCTCTACGAACACATTGTAG_001,112
CCTCTACGAACACATTGTAG_002,185
GAAATGATGATTGTGCGTCA_001,190
GTAACCAGGGAGACTCTCAG_001,15
GTAACCAGGGAGACTCTCAG_002,127
GTAACCAGGGAGACTCTCAG_003,184
GTAACCAGGGAGACTCTCAG_004,145
GTAACCAGGGAGACTCTCAG_005,41
GTAACCAGGGAGACTCTCAG_006,62
GTAACCAGGGAGACTCTCAG_007,57
GTAACCAGGGAGACTCTCAG_008,27
GTAGATACGCAGTTGCAGAT_001,172
GTAGATACGCAGTTGCAGAT_002,87
GTAGATACGCAGTTGCAGAT_003,131
GTAGATACGCAGTTGCAGAT_004,33
GTAGATACGCAGTTGCAGAT_005,76
GTAGATACGCAGTTGCAGAT_006,168
GTAGATACGCAGTTGCAGAT_007,161
GTAGATACGCAGTTGCAGAT_008,64
GTAGATACGCAGTTGCAGAT_009,70
GTAGATACGCAGTTGCAGAT_010,128
GTAGATACGCAGTTGCAGAT_011,190
TGTGGATTACTTATATAACA_001,48
GGAATATCCCGGCATAACCA_001,150
GGAATATCCCGGCATAACCA_002,169
GGAATATCCCGGCATAACCA_003,63
GGAACAAATGGTGCAACATG_001,150
GGAACAAATGGTGCAACATG_002,121
GGAACAAATGGTGCAACATG_003,62
GGAACAAATGGTGCAACATG_004,111
GGAACAAATGGTGCAACATG_005,113
GGAACAAATGGTGCAACATG_006,122
GGAACAAATGGTGCAACATG_007,78
CCGGGAACTACAGCTACCTG_001,170
CCGGGAACTACAGCTACCTG_002,16
CCGGGAACTACAGCTACCTG_003,41
CCGGGAACTACAGCTACCTG_004,61
CCGGGAACTACAGCTACCTG_005,154
CCGGGAACTACAGCTACCTG_006,139
CCGGGAACTACAGCTACCTG_007,168
CCGGGAACTACAGCTACCTG_008,63
GCCAGGAGGCCTGCGACCGG_001,148
GCCAGGAGGCCTGCGACCGG_002,176
GCCAGGAGGCCTGCGACCGG_003,145
GCCAGGAGGCCTGCGACCGG_004,53
GCCAGGAGGCCTGCGACCGG_005,193
GCCAGGAGGCCTGCGACCGG_006,107
GCCAGGAGGCCTGCGACCGG_007,66
GCCAGGAGGCCTGCGACCGG_008,183
GCCAGGAGGCCTGCGACCGG_009,49
GCCAGGAGGCCTGCGACCGG_010,12
GCCAGGAGGCCTGCGACCGG_011,34
GCCAGGAGGCCTGCGACCGG_012,43
AGGCGAAATGAATGAGTCCG_001,130
AGGCGAAATGAATGAGTCCG_002,176
AGGCGAAATGAATGAGTCCG_003,20
AGGCGAAATGAATGAGTCCG_004,126
AGGCGAAATGAATGAGTCCG_005,172
AGGCGAAATGAATGAGTCCG_006,174
AGGCGAAATGAATGAGTCCG_007,76
AAATACAGTTAGATAGACAT_001,53
AAATACAGTTAGATAGACAT_002,81
AAATACAGTTAGATAGACAT_003,50
AAATACAGTTAGATAGACAT_004,120
AAATACAGTTAGATAGACAT_005,183
AAATACAGTTAGATAGACAT_006,19
TACAGGATGCTGAAACCCAA_001,176
TACAGGATGCTGAAACCCAA_002,169
TACAGGATGCTGAAACCCAA_003,7
TACAGGATGCTGAAACCCAA_004,36
TACAGGATGCTGAAACCCAA_005,16
TACAGGATGCTGAAACCCAA_006,142
TACAGGATGCTGAAACCCAA_007,156
TACAGGATGCTGAAACCCAA_008,179
ATGTCGTGGTAGCTGTACTG_001,144
ATGTCGTGGTAGCTGTACTG_002,91
ATGTCGTGGTAGCTGTACTG_003,191
CGTGGAAGATTTAACGAATG_001,150
CGTGGAAGATTTAACGAATG_002,96
CGTGGAAGATTTAACGAATG_003,145
CGTGGAAGATTTAACGAATG_004,107
CGTGGAAGATTTAACGAATG_005,68
CGTGGAAGATTTAACGAATG_006,56
CGTGGAAGATTTAACGAATG_007,144
ACAGTTGACAGACATTGTAG_001,13
GCTGCTCGGACAGAGAGTTG_001,172
GCTGCTCGGACAGAGAGTTG_002,154
GCTGCTCGGACAGAGAGTTG_003,54
GCTGCTCGGACAGAGAGTTG_004,171
ATCTTCAGAGAATTGCAACA_001,60
ATCTTCAGAGAATTGCAACA_002,86
ATCTTCAGAGAATTGCAACA_003,17
ATCTTCAGAGAATTGCAACA_004,115
ATCTTCAGAGAATTGCAACA_005,12
ATCTTCAGAGAATTGCAACA_006,146
ATCTTCAGAGAATTGCAACA_007,96
ATCTTCAGAGAATTGCAACA_008,130
ATCTTCAGAGAATTGCAACA_009,27
GCACGGCGGATCGAAGCGTG_001,146
GCACGGCGGATCGAAGCGTG_002,4
GCACGGCGGATCGAAGCGTG_003,15
GCACGGCGGATCGAAGCGTG_004,70
GCACGGCGGATCGAAGCGTG_005,18
GCACGGCGGATCGAAGCGTG_006,1
AAGTCTTCAGTAATGTCTGA_001,102
AAGTCTTCAGTAATGTCTGA_002,22
AAGTCTTCAGTAATGTCTGA_003,174
AAGTCTTCAGTAATGTCTGA_004,175
AAGTCTTCAGTAATGTCTGA_005,31
AAGTCTTCAGTAATGTCTGA_006,88
AAGTCTTCAGTAATGTCTGA_007,79
AAGTCTTCAGTAATGTCTGA_008,83
AAGTCTTCAGTAATGTCTGA_009,150
CTGCCTGCTGTCGTCATGAA_001,160
CTGCCTGCTGTCGTCATGAA_002,106
CTGCCTGCTGTCGTCATGAA_003,96
CTGCCTGCTGTCGTCATGAA_004,130
CTGCCTGCTGTCGTCATGAA_005,96
CTGCCTGCTGTCGTCATGAA_006,166
CTGCCTGCTGTCGTCATGAA_007,69
CTGCCTGCTGTCGTCATGAA_008,130
CTGCCTGCTGTCGTCATGAA_009,148
CTGCCTGCTGTCGTCATGAA_010,29
CTGCCTGCTGTCGTCATGAA_011,17
CTGCCTGCTGTCGTCATGAA_012,169
CTGCCTGCTGTCGTCATGAA_013,134
CTGCCTGCTGTCGTCATGAA_014,76
CTGCCTGCTGTCGTCATGAA_015,48
CTTCAGACCAGAATTGAGAG_001,170
CTTCAGACCAGAATTGAGAG_002,121
CTTCAGACCAGAATTGAGAG_003,151
CTTCAGACCAGAATTGAGAG_004,66
CTTCAGACCAGAATTGAGAG_005,119
CTTCAGACCAGAATTGAGAG_006,11
CTTCAGACCAGAATTGAGAG_007,168
CTTCAGACCAGAATTGAGAG_008,13
CTTCAGACCAGAATTGAGAG_009,57
CTTCAGACCAGAATTGAGAG_010,178
CTTCAGACCAGAATTGAGAG_011,46
CTTCAGACCAGAATTGAGAG_012,188
CTTCAGACCAGAATTGAGAG_013,144
CTTCAGACCAGAATTGAGAG_014,47
CTTCAGACCAGAATTGAGAG_015,97
CTTCAGACCAGAATTGAGAG_016,143
CTTCAGACCAGAATTGAGAG_017,143
GTCTTTGTTAATATCCCGCA_001,168
ACCCGCGTGAGACATGGGCA_001,62
ACCCGCGTGAGACATGGGCA_002,97
ACCCGCGTGAGACATGGGCA_003,62
ACCCGCGTGAGACATGGGCA_004,134
ACCCGCGTGAGACATGGGCA_005,154
TTAGGAATGACAATGACAGT_001,97
TTAGGAATGACAATGACAGT_002,184
TTAGGAATGACAATGACAGT_003,45
TTAGGAATGACAATGACAGT_004,190
TTAGGAATGACAATGACAGT_005,122
TTAGGAATGACAATGACAGT_006,190
TTAGGAATGACAATGACAGT_007,153
TTAGGAATGACAATGACAGT_008,169
TTAGGAATGACAATGACAGT_009,46
TTAGGAATGACAATGACAGT_010,184
GGACGACCATCATTTACCTA_001,65
GGACGACCATCATTTACCTA_002,139
GGACGACCATCATTTACCTA_003,167
GGACGACCATCATTTACCTA_004,167
GGACGACCATCATTTACCTA_005,199
GGACGACCATCATTTACCTA_006,124
GGACGACCATCATTTACCTA_007,135
GGACGACCATCATTTACCTA_008,3
TTGAACCACTTTCTTCATAG_001,105
TTGAACCACTTTCTTCATAG_002,62
TTGAACCACTTTCTTCATAG_003,104
TTGAACCACTTTCTTCATAG_004,39
TTGAACCACTTTCTTCATAG_005,78
TTGAACCACTTTCTTCATAG_006,147
TTGAACCACTTTCTTCATAG_007,28
TCTAGTGCGCTCTCTCCGTG_001,144
GCCGACGCACAGCTTCCGAG_001,94
GCCGACGCACAGCTTCCGAG_002,134
GCCGACGCACAGCTTCCGAG_003,88
GCCGACGCACAGCTTCCGAG_004,9
GCCGACGCACAGCTTCCGAG_005,169
GCCGACGCACAGCTTCCGAG_006,62
GCCGACGCACAGCTTCCGAG_007,152
GCCGACGCACAGCTTCCGAG_008,117
GCCGACGCACAGCTTCCGAG_009,147
GCCGACGCACAGCTTCCGAG_010,94
GCCGACGCACAGCTTCCGAG_011,81
GCCGACGCACAGCTTCCGAG_012,150
GCCGACGCACAGCTTCCGAG_013,39
ACTGGACCATGCCGCAACAG_001,181
ACTGGACCATGCCGCAACAG_002,15
ACTGGACCATGCCGCAACAG_003,83
ACTGGACCATGCCGCAACAG_004,117
ACTGGACCATGCCGCAACAG_005,88
ACTGGACCATGCCGCAACAG_006,110
ACTGGACCATGCCGCAACAG_007,174
ACTGGACCATGCCGCAACAG_008,147
TAGCATGAGTCTATCAGATG_001,147
TAGCATGAGTCTATCAGATG_002,50
TAGCATGAGTCTATCAGATG_003,83
TAGCATGAGTCTATCAGATG_004,120
TAGCATGAGTCTATCAGATG_005,148
TAGCATGAGTCTATCAGATG_006,62
TAGCATGAGTCTATCAGATG_007,130
TAGCATGAGTCTATCAGATG_008,9
TAGCATGAGTCTATCAGATG_009,66
AATGGAAGACCTGTTAACGC_001,43
AATGGAAGACCTGTTAACGC_002,32
AATGGAAGACCTGTTAACGC_003,159
AATGGAAGACCTGTTAACGC_004,169
AATGGAAGACCTGTTAACGC_005,15
CGTGCAGATCCAATTGCAGA_001,140
CGTGCAGATCCAATTGCAGA_002,88
CGTGCAGATCCAATTGCAGA_003,76
CGTGCAGATCCAATTGCAGA_004,25
CGTGCAGATCCAATTGCAGA_005,111
CGTGCAGATCCAATTGCAGA_006,49
CGTGCAGATCCAATTGCAGA_007,199
CGTGCAGATCCAATTGCAGA_008,169
GCCAACTTAGCATTTATACG_001,106
GCCAACTTAGCATTTATACG_002,91
TCTTGTCTTGACGATTAGCG_001,157
TCTTGTCTTGACGATTAGCG_002,10
GACATTAGGCTTACCCAGTG_001,15
GACATTAGGCTTACCCAGTG_002,92
GACATTAGGCTTACCCAGTG_003,41
GACATTAGGCTTACCCAGTG_004,4
GACATTAGGCTTACCCAGTG_005,8
GACATTAGGCTTACCCAGTG_006,17
GACATTAGGCTTACCCAGTG_007,1
GTTTAGCAGTGCTGTCCTCG_001,17
GTTTAGCAGTGCTGTCCTCG_002,17
GTTTAGCAGTGCTGTCCTCG_003,88
GTTTAGCAGTGCTGTCCTCG_004,121
GTTTAGCAGTGCTGTCCTCG_005,197
GTTTAGCAGTGCTGTCCTCG_006,141
CATCGTAAACAAGTCCAAGG_001,78
TGCTAGTCAAACAGGAGCTG_001,166
TGCTAGTCAAACAGGAGCTG_002,2
TGCTAGTCAAACAGGAGCTG_003,146
TGCTAGTCAAACAGGAGCTG_004,72
ACTCACTTTACTCCCTGTCG_001,39
ACTCACTTTACTCCCTGTCG_002,77
ACTCACTTTACTCCCTGTCG_003,131
ACTCACTTTACTCCCTGTCG_004,174
ACTCACTTTACTCCCTGTCG_005,105
ACTCACTTTACTCCCTGTCG_006,144
ACTCACTTTACTCCCTGTCG_007,92
ACTCACTTTACTCCCTGTCG_008,175
ACTCACTTTACTCCCTGTCG_009,8
ACTCACTTTACTCCCTGTCG_010,198
AACAGCTCACGTAATTGCGA_001,59
AACAGCTCACGTAATTGCGA_002,79
AACAGCTCACGTAATTGCGA_003,96
AACAGCTCACGTAATTGCGA_004,8
AACAGCTCACGTAATTGCGA_005,127
AACAGCTCACGTAATTGCGA_006,104
AACAGCTCACGTAATTGCGA_007,97
AACAGCTCACGTAATTGCGA_008,6
AACAGCTCACGTAATTGCGA_009,105
AACAGCTCACGTAATTGCGA_010,149
CACTGTGATTTCAGAGATGT_001,38
CACTGTGATTTCAGAGATGT_002,113
CACTGTGATTTCAGAGATGT_003,130
CACTGTGATTTCAGAGATGT_004,124
CACTGTGATTTCAGAGATGT_005,129
CACTGTGATTTCAGAGATGT_006,171
CACTGTGATTTCAGAGATGT_007,2
CACTGTGATTTCAGAGATGT_008,160
CACTGTGATTTCAGAGATGT_009,160
CACTGTGATTTCAGAGATGT_010,191
CACTGTGATTTCAGAGATGT_011,144
CACTGTGATTTCAGAGATGT_012,161
CACTGTGATTTCAGAGATGT_013,1
GGAACTCAGACTACCCTTGG_001,189
GGAACTCAGACTACCCTTGG_002,29
GGAACTCAGACTACCCTTGG_003,43
GGAACTCAGACTACCCTTGG_004,149
GGAACTCAGACTACCCTTGG_005,105
GGAACTCAGACTACCCTTGG_006,139
GGAACTCAGACTACCCTTGG_007,106
GGATTCCAGCGATGGAGCCG_001,64
GGATTCCAGCGATGGAGCCG_002,4
GGATTCCAGCGATGGAGCCG_003,78
GGATTCCAGCGATGGAGCCG_004,113
GGATTCCAGCGATGGAGCCG_005,106
GGATTCCAGCGATGGAGCCG_006,174
AGTCATGGAATACGCGAGTG_001,32
AGTCATGGAATACGCGAGTG_002,163
AGTCATGGAATACGCGAGTG_003,88
AGTCATGGAATACGCGAGTG_004,127
AGTCATGGAATACGCGAGTG_005,2
AGTCATGGAATACGCGAGTG_006,77
AGTCATGGAATACGCGAGTG_007,62
AGTCATGGAATACGCGAGTG_008,28
AGTCATGGAATACGCGAGTG_009,154
TTCATCGTGGACTACTCCCG_001,197
TTCATCGTGGACTACTCCCG_002,124
TTCATCGTGGACTACTCCCG_003,17
TTCATCGTGGACTACTCCCG_004,175
TTCATCGTGGACTACTCCCG_005,72
TTCATCGTGGACTACTCCCG_006,94
TTCATCGTGGACTACTCCCG_007,100
TTCATCGTGGACTACTCCCG_008,108
TTCATCGTGGACTACTCCCG_009,15
TTCATCGTGGACTACTCCCG_010,43
TTCATCGTGGACTACTCCCG_011,68
TTCATCGTGGACTACTCCCG_012,189
TTCATCGTGGACTACTCCCG_013,127
TTCATCGTGGACTACTCCCG_014,105
TTCATCGTGGACTACTCCCG_015,102
TTCATCGTGGACTACTCCCG_016,120
TTCATCGTGGACTACTCCCG_017,182
ATGCTTGCAATCACATCAGG_001,139
ATGCTTGCAATCACATCAGG_002,176
ATGCTTGCAATCACATCAGG_003,116
ATGCTTGCAATCACATCAGG_004,43
ATGCTTGCAATCACATCAGG_005,91
ATGCTTGCAATCACATCAGG_006,5
ATGCTTGCAATCACATCAGG_007,68
ATGCTTGCAATCACATCAGG_008,35
ATGCTTGCAATCACATCAGG_009,38
ATGCTTGCAATCACATCAGG_010,113
ATGCTTGCAATCACATCAGG_011,169
ATGCTTGCAATCACATCAGG_012,175
ATGCTTGCAATCACATCAGG_013,2
ATGCTTGCAATCACATCAGG_014,168
ATGCTTGCAATCACATCAGG_015,70
ATGCTTGCAATCACATCAGG_016,158
ATGCTTGCAATCACATCAGG_017,34
ATGCTTGCAATCACATCAGG_018,8
ATGCTTGCAATCACATCAGG_019,130
ATGCTTGCAATCACATCAGG_020,97
GAGTGAGGTCGATAACGACG_001,138
GAGTGAGGTCGATAACGACG_002,159
GAGTGAGGTCGATAACGACG_003,96
GAGTGAGGTCGATAACGACG_004,187
GAGTGAGGTCGATAACGACG_005,198
GAGTGAGGTCGATAACGACG_006,113
GAGTGAGGTCGATAACGACG_007,139
GAGTGAGGTCGATAACGACG_008,48
GAGTGAGGTCGATAACGACG_009,15
GAGTGAGGTCGATAACGACG_010,44
GAGTGAGGTCGATAACGACG_011,106
TCCGCCCACAACATCACCCA_001,105
TCCGCCCACAACATCACCCA_002,127
AGATCATGGTTAAGCATGTG_001,60
AGATCATGGTTAAGCATGTG_002,158
AGATCATGGTTAAGCATGTG_003,69
AGATCATGGTTAAGCATGTG_004,149
AGATCATGGTTAAGCATGTG_005,76
AGATCATGGTTAAGCATGTG_006,27
AGATCATGGTTAAGCATGTG_007,165
AGATCATGGTTAAGCATGTG_008,76
AGATCATGGTTAAGCATGTG_009,170
AGATCATGGTTAAGCATGTG_010,179
AGATCATGGTTAAGCATGTG_011,9
AGATCATGGTTAAGCATGTG_012,140
AGATCATGGTTAAGCATGTG_013,158
AGATCATGGTTAAGCATGTG_014,43
AGATCATGGTTAAGCATGTG_015,152
AGATCATGGTTAAGCATGTG_016,191
AGATCATGGTTAAGCATGTG_017,170
AGATCATGGTTAAGCATGTG_018,77
AGATCATGGTTAAGCATGTG_019,42
AGATCATGGTTAAGCATGTG_020,144
AGATCATGGTTAAGCATGTG_021,63
AGATCATGGTTAAGCATGTG_022,172
AGATCATGGTTAAGCATGTG_023,166
AGATCATGGTTAAGCATGTG_024,113
GCGGACCTACCCTCTCCGCG_001,105
GCGGACCTACCCTCTCCGCG_002,57
GCGGACCTACCCTCTCCGCG_003,82
GCGGACCTACCCTCTCCGCG_004,47
GCGGACCTACCCTCTCCGCG_005,41
GCGGACCTACCCTCTCCGCG_006,78
GCGGACCTACCCTCTCCGCG_007,188
GCGGACCTACCCTCTCCGCG_008,169
GCGGACCTACCCTCTCCGCG_009,158
GCGGACCTACCCTCTCCGCG_010,9
GCGGACCTACCCTCTCCGCG_011,78
GCGGACCTACCCTCTCCGCG_012,132
GCGGACCTACCCTCTCCGCG_013,98
GCGGACCTACCCTCTCCGCG_014,81
ACACATGAAGTGGTCACATG_001,153
ACACATGAAGTGGTCACATG_002,58
ACACATGAAGTGGTCACATG_003,122
ACACATGAAGTGGTCACATG_004,196
ACACATGAAGTGGTCACATG_005,126
ACACATGAAGTGGTCACATG_006,1
ACACATGAAGTGGTCACATG_007,193
ACACATGAAGTGGTCACATG_008,28
ACACATGAAGTGGTCACATG_009,75
ACACATGAAGTGGTCACATG_010,159
ACACATGAAGTGGTCACATG_011,29
ACACATGAAGTGGTCACATG_012,41
ACACATGAAGTGGTCACATG_013,160
ACACATGAAGTGGTCACATG_014,108
ACACATGAAGTGGTCACATG_015,105
ACACATGAAGTGGTCACATG_016,114
ACACATGAAGTGGTCACATG_017,137
ACACATGAAGTGGTCACATG_018,138
ACACATGAAGTGGTCACATG_019,40
ACACATGAAGTGGTCACATG_020,39
ACACATGAAGTGGTCACATG_021,152
ACACATGAAGTGGTCACATG_022,120
ACACATGAAGTGGTCACATG_023,178
ACACATGAAGTGGTCACATG_024,147
ATCCCCACACCGTTATGCAG_001,81
ATCCCCACACCGTTATGCAG_002,1
ATCCCCACACCGTTATGCAG_003,170
ATCCCCACACCGTTATGCAG_004,52
ATCCCCACACCGTTATGCAG_005,111
ATCCCCACACCGTTATGCAG_006,148
GAGAGCTAGTTTATCACCGG_001,154
GAGAGCTAGTTTATCACCGG_002,53
GAGAGCTAGTTTATCACCGG_003,106
GAGAGCTAGTTTATCACCGG_004,82
GAGAGCTAGTTTATCACCGG_005,105
GAGAGCTAGTTTATCACCGG_006,198
GAGAGCTAGTTTATCACCGG_007,188
GAGAGCTAGTTTATCACCGG_008,149
GAGAGCTAGTTTATCACCGG_009,199
TCGGGTGAATATGTATGACA_001,106
TCGGGTGAATATGTATGACA_002,68
TCGGGTGAATATGTATGACA_003,16
TCGGGTGAATATGTATGACA_004,58
TCGGGTGAATATGTATGACA_005,36
TAGAAGTGAGCATATTAGCA_001,99
AGAAACGTCGAGGTTCTAAG_001,115
AGAAACGTCGAGGTTCTAAG_002,196
AGGCGAAGAGTGACGCCAGG_001,77
AGGCGAAGAGTGACGCCAGG_002,137
AGGCGAAGAGTGACGCCAGG_003,92
AGGCGAAGAGTGACGCCAGG_004,55
AGGCGAAGAGTGACGCCAGG_005,78
AGGCGAAGAGTGACGCCAGG_006,52
AGGCGAAGAGTGACGCCAGG_007,121
AGGCGAAGAGTGACGCCAGG_008,148
AGGCGAAGAGTGACGCCAGG_009,191
AGGCGAAGAGTGACGCCAGG_010,76
AGGCGAAGAGTGACGCCAGG_011,84
AGGCGAAGAGTGACGCCAGG_012,175
AGGCGAAGAGTGACGCCAGG_013,191
AGGCGAAGAGTGACGCCAGG_014,64
CCGACAATTCGGACGCGCCG_001,189
CCGACAATTCGGACGCGCCG_002,130
CCGACAATTCGGACGCGCCG_003,127
CCGACAATTCGGACGCGCCG_004,181
CCGACAATTCGGACGCGCCG_005,173
CCGACAATTCGGACGCGCCG_006,196
CCGACAATTCGGACGCGCCG_007,9
CCGACAATTCGGACGCGCCG_008,127
CCGACAATTCGGACGCGCCG_009,169
CCGACAATTCGGACGCGCCG_010,76
CCGACAATTCGGACGCGCCG_011,150
CCGACAATTCGGACGCGCCG_012,42
CCGACAATTCGGACGCGCCG_013,60
CCGACAATTCGGACGCGCCG_014,41
CCGACAATTCGGACGCGCCG_015,162
CCGACAATTCGGACGCGCCG_016,105
CCGACAATTCGGACGCGCCG_017,61
AGCCATCTGACCATCTAGCT_001,179
AGCCATCTGACCATCTAGCT_002,21
AGCCATCTGACCATCTAGCT_003,96
AGCCATCTGACCATCTAGCT_004,133
ATAGTTCCAGCAATGCTACT_001,104
ATAGTTCCAGCAATGCTACT_002,186
ATAGTTCCAGCAATGCTACT_003,105
CTACTGATAACTTAACATGC_001,105
CTACTGATAACTTAACATGC_002,8
CTACTGATAACTTAACATGC_003,17
CTACTGATAACTTAACATGC_004,115
CTACTGATAACTTAACATGC_005,8
CTACTGATAACTTAACATGC_006,82
CTACTGATAACTTAACATGC_007,134
CCAATCCAATGAGCAACAGA_001,4
CCAATCCAATGAGCAACAGA_002,124
CCAATCCAATGAGCAACAGA_003,76
CTGCGTGTGTTGGGATCGTG_001,19
CTGCGTGTGTTGGGATCGTG_002,41
CTGCGTGTGTTGGGATCGTG_003,96
CTGCGTGTGTTGGGATCGTG_004,150
CTGCGTGTGTTGGGATCGTG_005,92
CTGCGTGTGTTGGGATCGTG_006,160
CTGCGTGTGTTGGGATCGTG_007,4
CTGCGTGTGTTGGGATCGTG_008,105
CTGCGTGTGTTGGGATCGTG_009,127
CTGCGTGTGTTGGGATCGTG_010,62
CTGCGTGTGTTGGGATCGTG_011,60
CTGCGTGTGTTGGGATCGTG_012,148
CTGCGTGTGTTGGGATCGTG_013,79
CTGCGTGTGTTGGGATCGTG_014,40
CTGCGTGTGTTGGGATCGTG_015,25
CTGCGTGTGTTGGGATCGTG_016,187
CTGCGTGTGTTGGGATCGTG_017,186
CTGCGTGTGTTGGGATCGTG_018,66
ACCAAGGCCAAGCACCAGCG_001,196
ACCAAGGCCAAGCACCAGCG_002,48
ACCAAGGCCAAGCACCAGCG_003,161
ACCAAGGCCAAGCACCAGCG_004,55
ACCAAGGCCAAGCACCAGCG_005,74
ACCAAGGCCAAGCACCAGCG_006,6
ACCAAGGCCAAGCACCAGCG_007,184
ACCAAGGCCAAGCACCAGCG_008,146
ACCAAGGCCAAGCACCAGCG_009,81
ACCAAGGCCAAGCACCAGCG_010,77
ACCAAGGCCAAGCACCAGCG_011,121
ACCAAGGCCAAGCACCAGCG_012,132
ACCAAGGCCAAGCACCAGCG_013,173
ACCAAGGCCAAGCACCAGCG_014,105
ACCAAGGCCAAGCACCAGCG_015,147
ACCAAGGCCAAGCACCAGCG_016,47
ACCAAGGCCAAGCACCAGCG_017,3
ACCAAGGCCAAGCACCAGCG_018,192
ACCAAGGCCAAGCACCAGCG_019,145
ACCAAGGCCAAGCACCAGCG_020,13
ACCAAGGCCAAGCACCAGCG_021,190
ACCAAGGCCAAGCACCAGCG_022,105
ACCAAGGCCAAGCACCAGCG_023,118
ACCAAGGCCAAGCACCAGCG_024,0
ACCAAGGCCAAGCACCAGCG_025,175
ACCAAGGCCAAGCACCAGCG_026,105
ACCAAGGCCAAGCACCAGCG_027,184
ACCAAGGCCAAGCACCAGCG_028,108
ACCAAGGCCAAGCACCAGCG_029,10
ACCAAGGCCAAGCACCAGCG_030,154
ACCAAGGCCAAGCACCAGCG_031,172
ACCAAGGCCAAGCACCAGCG_032,117
ACCAAGGCCAAGCACCAGCG_033,172
ACCAAGGCCAAGCACCAGCG_034,178
ACCAAGGCCAAGCACCAGCG_035,198
ACCAAGGCCAAGCACCAGCG_036,195
ACCAAGGCCAAGCACCAGCG_037,39
ACCAAGGCCAAGCACCAGCG_038,82
TCTTCAATTGTGTAGCGAAG_001,78
TCTTCAATTGTGTAGCGAAG_002,26
AAGGCGCAAGTACACACTCA_001,44
AAGGCGCAAGTACACACTCA_002,157
AAGGCGCAAGTACACACTCA_003,179
AAGGCGCAAGTACACACTCA_004,80
AAGGCGCAAGTACACACTCA_005,82
AAGGCGCAAGTACACACTCA_006,15
AAGGCGCAAGTACACACTCA_007,102
GCACTGGAGAATCTCGACAG_001,153
CGGAATCGACTCCTTCCTCA_001,169
CGGAATCGACTCCTTCCTCA_002,34
CGGAATCGACTCCTTCCTCA_003,158
CGGAATCGACTCCTTCCTCA_004,27
CGGAATCGACTCCTTCCTCA_005,102
CGGAATCGACTCCTTCCTCA_006,108
CGGAATCGACTCCTTCCTCA_007,89
CGGAATCGACTCCTTCCTCA_008,33
CGGAATCGACTCCTTCCTCA_009,15
CGGAATCGACTCCTTCCTCA_010,8
CGGAATCGACTCCTTCCTCA_011,85
CGGAATCGACTCCTTCCTCA_012,69
CGGAATCGACTCCTTCCTCA_013,187
CGGAATCGACTCCTTCCTCA_014,96
ATCCATCGAGGAGTATAGCT_001,149
TTCTGGGGAAAACACCCTTG_001,115
TTCTGGGGAAAACACCCTTG_002,60
TTCTGGGGAAAACACCCTTG_003,28
TTCTGGGGAAAACACCCTTG_004,20
TTCTGGGGAAAACACCCTTG_005,5
TTCTGGGGAAAACACCCTTG_006,191
ACAAGAATTGAATAGATGTG_001,127
ACAAGAATTGAATAGATGTG_002,79
GATTGAAGAACAGAAGGCAT_001,181
GATTGAAGAACAGAAGGCAT_002,119
GATTGAAGAACAGAAGGCAT_003,64
GATTGAAGAACAGAAGGCAT_004,144
GATTGAAGAACAGAAGGCAT_005,147
GATTGAAGAACAGAAGGCAT_006,20
GATTGAAGAACAGAAGGCAT_007,88
GATTGAAGAACAGAAGGCAT_008,178
GATTGAAGAACAGAAGGCAT_009,15
GATTGAAGAACAGAAGGCAT_010,86
GATTGAAGAACAGAAGGCAT_011,191
GCACACTTTCGGCTGCCCAG_001,78
GCACACTTTCGGCTGCCCAG_002,162
GCACACTTTCGGCTGCCCAG_003,59
GCACACTTTCGGCTGCCCAG_004,113
GCACACTTTCGGCTGCCCAG_005,185
GCACACTTTCGGCTGCCCAG_006,170
GCACACTTTCGGCTGCCCAG_007,96
GGAGGACCATCGGATAAAGG_001,191
GGAGGACCATCGGATAAAGG_002,97
GGAGGACCATCGGATAAAGG_003,194
GGAGGACCATCGGATAAAGG_004,80
GGAGGACCATCGGATAAAGG_005,178
ATGCAGCAGTCAGTACGCAC_001,126
ATGCAGCAGTCAGTACGCAC_002,142
ATGCAGCAGTCAGTACGCAC_003,141
ATGCAGCAGTCAGTACGCAC_004,95
ATGCAGCAGTCAGTACGCAC_005,94
CCGCAAGTTCGGCGACCCGG_001,188
CCGCAAGTTCGGCGACCCGG_002,110
CCGCAAGTTCGGCGACCCGG_003,75
CCGCAAGTTCGGCGACCCGG_004,148
CCGCAAGTTCGGCGACCCGG_005,142
CCGCAAGTTCGGCGACCCGG_006,195
CGATTCGCTCCGCATCACGG_001,178
CGATTCGCTCCGCATCACGG_002,12
CGATTCGCTCCGCATCACGG_003,20
CGATTCGCTCCGCATCACGG_004,119
CGATTCGCTCCGCATCACGG_005,141
CGATTCGCTCCGCATCACGG_006,77
CGATTCGCTCCGCATCACGG_007,182
CGATTCGCTCCGCATCACGG_008,103
CGATTCGCTCCGCATCACGG_009,192
CGATTCGCTCCGCATCACGG_010,163
CGATTCGCTCCGCATCACGG_011,2
CGATTCGCTCCGCATCACGG_012,88
AAGATGGGCTTAACAGGCCA_001,150
AAGATGGGCTTAACAGGCCA_002,198
AAGATGGGCTTAACAGGCCA_003,51
AAGATGGGCTTAACAGGCCA_004,29
AAGATGGGCTTAACAGGCCA_005,9
AAGATGGGCTTAACAGGCCA_006,28
AAGATGGGCTTAACAGGCCA_007,50
AAGATGGGCTTAACAGGCCA_008,94
AAGATGGGCTTAACAGGCCA_009,145
AAGATGGGCTTAACAGGCCA_010,77
AAGATGGGCTTAACAGGCCA_011,48
AAGATGGGCTTAACAGGCCA_012,127
AAGATGGGCTTAACAGGCCA_013,78
AAGATGGGCTTAACAGGCCA_014,81
AAGATGGGCTTAACAGGCCA_015,188
CAGTGCACATTGCAGGACGT_001,32
CAGTGCACATTGCAGGACGT_002,144
CAGTGCACATTGCAGGACGT_003,103
CAGTGCACATTGCAGGACGT_004,137
CAGTGCACATTGCAGGACGT_005,61
CAGTGCACATTGCAGGACGT_006,168
CAGTGCACATTGCAGGACGT_007,50
CAGTGCACATTGCAGGACGT_008,94
CAGTGCACATTGCAGGACGT_009,192
CAGTGCACATTGCAGGACGT_010,36
CAGTGCACATTGCAGGACGT_011,126
CAGTGCACATTGCAGGACGT_012,27
CAGTGCACATTGCAGGACGT_013,74
CAGTGCACATTGCAGGACGT_014,58
CAGTGCACATTGCAGGACGT_015,76
CAGTGCACATTGCAGGACGT_016,179
CAGTGCACATTGCAGGACGT_017,17
CAGTGCACATTGCAGGACGT_018,77
CAGTGCACATTGCAGGACGT_019,129
CAGTGCACATTGCAGGACGT_020,117
CAGTGCACATTGCAGGACGT_021,188
CAGTGCACATTGCAGGACGT_022,193
CAGTGCACATTGCAGGACGT_023,34
CAGTGCACATTGCAGGACGT_024,18
CAGTGCACATTGCAGGACGT_025,158
CAGTGCACATTGCAGGACGT_026,9
GCTTATCACAGTCCTTCGAA_001,173
GCTTATCACAGTCCTTCGAA_002,170
GCTTATCACAGTCCTTCGAA_003,160
GCTTATCACAGTCCTTCGAA_004,199
GCTTATCACAGTCCTTCGAA_005,2
CTCGCGTTCCACTGCCCGCG_001,65
CTCGCGTTCCACTGCCCGCG_002,70
CTCGCGTTCCACTGCCCGCG_003,128
GGTCCAAAGTCGTTAAACAG_001,101
GGTCCAAAGTCGTTAAACAG_002,166
GGTCCAAAGTCGTTAAACAG_003,175
GGTCCAAAGTCGTTAAACAG_004,46
CGTCCAGCAACACCACGGCG_001,7
CGTCCAGCAACACCACGGCG_002,12
CGTCCAGCAACACCACGGCG_003,162
CGTCCAGCAACACCACGGCG_004,36
CGTCCAGCAACACCACGGCG_005,6
CGTCCAGCAACACCACGGCG_006,80
CCCCGACGCGCAGAAAAAGG_001,147
CCCCGACGCGCAGAAAAAGG_002,119
CCCCGACGCGCAGAAAAAGG_003,105
CCCCGACGCGCAGAAAAAGG_004,16
CCCCGACGCGCAGAAAAAGG_005,99
TATGTGCTTAGAACTGCCAA_001,17
TATGTGCTTAGAACTGCCAA_002,19
TATGTGCTTAGAACTGCCAA_003,97
TATGTGCTTAGAACTGCCAA_004,12
TATGTGCTTAGAACTGCCAA_005,188
TATGTGCTTAGAACTGCCAA_006,49
TATGTGCTTAGAACTGCCAA_007,113
TATGTGCTTAGAACTGCCAA_008,60
TCCCTGGAAAGAGTACAAGT_001,142
TCCCTGGAAAGAGTACAAGT_002,51
TCCCTGGAAAGAGTACAAGT_003,51
TCCCTGGAAAGAGTACAAGT_004,64
TCCCTGGAAAGAGTACAAGT_005,149
TCCCTGGAAAGAGTACAAGT_006,16
TCCCTGGAAAGAGTACAAGT_007,194
TCCCTGGAAAGAGTACAAGT_008,197
TCCCTGGAAAGAGTACAAGT_009,149
TCCCTGGAAAGAGTACAAGT_010,28
TCCCTGGAAAGAGTACAAGT_011,163
TCCCTGGAAAGAGTACAAGT_012,30
TCCCTGGAAAGAGTACAAGT_013,198
TCCCTGGAAAGAGTACAAGT_014,4
TGTTGAAGTTGAACTGTACA_001,127
TGTTGAAGTTGAACTGTACA_002,130
TGTTGAAGTTGAACTGTACA_003,147
CGTGTCCATGTCGAGCCGCG_001,12
CGTGTCCATGTCGAGCCGCG_002,151
CGTGTCCATGTCGAGCCGCG_003,66
CGTGTCCATGTCGAGCCGCG_004,46
CGTGTCCATGTCGAGCCGCG_005,191
CGTGTCCATGTCGAGCCGCG_006,104
CGTGTCCATGTCGAGCCGCG_007,118
CGTGTCCATGTCGAGCCGCG_008,147
CGTGTCCATGTCGAGCCGCG_009,147
TGCAACGCGCTGCTCTACGG_001,94
TGCAACGCGCTGCTCTACGG_002,139
TGCAACGCGCTGCTCTACGG_003,147
TGCAACGCGCTGCTCTACGG_004,93
TGGACAGGAAGGTCCCCTCA_001,66
TGGACAGGAAGGTCCCCTCA_002,48
TGGACAGGAAGGTCCCCTCA_003,17
TGGACAGGAAGGTCCCCTCA_004,69
TGGACAGGAAGGTCCCCTCA_005,144
TGGACAGGAAGGTCCCCTCA_006,107
TGGACAGGAAGGTCCCCTCA_007,160
TGGACAGGAAGGTCCCCTCA_008,166
TGGACAGGAAGGTCCCCTCA_009,48
TGGACAGGAAGGTCCCCTCA_010,158
CCGAAGAGTCCTCAGAACGA_001,78
CCGAAGAGTCCTCAGAACGA_002,111
CCGAAGAGTCCTCAGAACGA_003,130
CCGAAGAGTCCTCAGAACGA_004,135
CTTTCCTTACCGAATGACGG_001,56
CTTTCCTTACCGAATGACGG_002,124
CTTTCCTTACCGAATGACGG_003,106
CTTTCCTTACCGAATGACGG_004,96
CTTTCCTTACCGAATGACGG_005,158
CTTTCCTTACCGAATGACGG_006,136
CTTTCCTTACCGAATGACGG_007,50
CTTTCCTTACCGAATGACGG_008,113
CTTTCCTTACCGAATGACGG_009,57
CTTTCCTTACCGAATGACGG_010,161
CTTTCCTTACCGAATGACGG_011,82
CTTTCCTTACCGAATGACGG_012,70
CTTTCCTTACCGAATGACGG_013,101
CTTTCCTTACCGAATGACGG_014,130
CTTTCCTTACCGAATGACGG_015,112
CTTTCCTTACCGAATGACGG_016,11
CTTTCCTTACCGAATGACGG_017,27
CTTTCCTTACCGAATGACGG_018,154
CTTTCCTTACCGAATGACGG_019,72
CTTTCCTTACCGAATGACGG_020,36
CTTTCCTTACCGAATGACGG_021,6
CTTTCCTTACCGAATGACGG_022,175
CCCGCCGAAGACCCTGCTTG_001,191
CCCGCCGAAGACCCTGCTTG_002,169
CCCGCCGAAGACCCTGCTTG_003,102
CCCGCCGAAGACCCTGCTTG_004,133
CCCGCCGAAGACCCTGCTTG_005,141
CCCGCCGAAGACCCTGCTTG_006,169
CCCGCCGAAGACCCTGCTTG_007,178
CCCGCCGAAGACCCTGCTTG_008,174
CCCGCCGAAGACCCTGCTTG_009,64
CCCGCCGAAGACCCTGCTTG_010,146
CCCGCCGAAGACCCTGCTTG_011,8
CCCGCCGAAGACCCTGCTTG_012,48
CCCGCCGAAGACCCTGCTTG_013,92
CCCGCCGAAGACCCTGCTTG_014,150
CCCGCCGAAGACCCTGCTTG_015,14
CCCGCCGAAGACCCTGCTTG_016,60
CCCGCCGAAGACCCTGCTTG_017,41
CCCGCCGAAGACCCTGCTTG_018,25
CCCGCCGAAGACCCTGCTTG_019,71
CCCGCCGAAGACCCTGCTTG_020,96
CCCGCCGAAGACCCTGCTTG_021,160
CCCGCCGAAGACCCTGCTTG_022,158
CCCGCCGAAGACCCTGCTTG_023,120
CCCGCCGAAGACCCTGCTTG_024,119
CCCGCCGAAGACCCTGCTTG_025,175
CCCGCCGAAGACCCTGCTTG_026,89
CCCGCCGAAGACCCTGCTTG_027,145
CCCGCCGAAGACCCTGCTTG_028,88
CCCGCCGAAGACCCTGCTTG_029,182
CCCGCCGAAGACCCTGCTTG_030,65
CCCGCCGAAGACCCTGCTTG_031,179
CCCGCCGAAGACCCTGCTTG_032,157
CCCGCCGAAGACCCTGCTTG_033,81
CCCGCCGAAGACCCTGCTTG_034,21
CCCGCCGAAGACCCTGCTTG_035,73
CCCGCCGAAGACCCTGCTTG_036,121
CCCGCCGAAGACCCTGCTTG_037,170
CCCGCCGAAGACCCTGCTTG_038,183
CCCGCCGAAGACCCTGCTTG_039,88
CCCGCCGAAGACCCTGCTTG_040,147
CCCGCCGAAGACCCTGCTTG_041,81
CCCGCCGAAGACCCTGCTTG_042,36
CCCGCCGAAGACCCTGCTTG_043,47
CCCGCCGAAGACCCTGCTTG_044,105
CCCGCCGAAGACCCTGCTTG_045,47
CCCGCCGAAGACCCTGCTTG_046,97
CCCGCCGAAGACCCTGCTTG_047,177
GGACGCCGCAGATGCCACTG_001,151
GGACGCCGCAGATGCCACTG_002,16
GGACGCCGCAGATGCCACTG_003,198
GGACGCCGCAGATGCCACTG_004,157
GGACGCCGCAGATGCCACTG_005,172
GGACGCCGCAGATGCCACTG_006,32
GGACGCCGCAGATGCCACTG_007,64
GGACGCCGCAGATGCCACTG_008,199
GGACGCCGCAGATGCCACTG_009,40
GGACGCCGCAGATGCCACTG_010,48
GGACGCCGCAGATGCCACTG_011,88
GGACGCCGCAGATGCCACTG_012,46
GGACGCCGCAGATGCCACTG_013,36
GGACGCCGCAGATGCCACTG_014,68
GGACGCCGCAGATGCCACTG_015,119
GGACGCCGCAGATGCCACTG_016,150
GGTGGGCGATGGCAGAAATG_001,177
GGTGGGCGATGGCAGAAATG_002,1
GGTGGGCGATGGCAGAAATG_003,121
GGTGGGCGATGGCAGAAATG_004,44
TGGTTATGAAGTTGCCGCCG_001,17
TGGTTATGAAGTTGCCGCCG_002,63
TGGTTATGAAGTTGCCGCCG_003,23
TGGTTATGAAGTTGCCGCCG_004,186
TGGTTATGAAGTTGCCGCCG_005,72
TGGTTATGAAGTTGCCGCCG_006,117
TGGTTATGAAGTTGCCGCCG_007,4
TGGTTATGAAGTTGCCGCCG_008,150
TGGTTATGAAGTTGCCGCCG_009,47
TGGTTATGAAGTTGCCGCCG_010,144
TGGTTATGAAGTTGCCGCCG_011,133
TGGTTATGAAGTTGCCGCCG_012,184
TGGTTATGAAGTTGCCGCCG_013,28
TGGTTATGAAGTTGCCGCCG_014,68
TGGTTATGAAGTTGCCGCCG_015,23
TGGTTATGAAGTTGCCGCCG_016,80
GGGAATTGTTGTATGACCTG_001,48
GGGAATTGTTGTATGACCTG_002,169
AACCAGCTCATAAATGGATA_001,158
AACCAGCTCATAAATGGATA_002,16
AACCAGCTCATAAATGGATA_003,73
AACCAGCTCATAAATGGATA_004,105
AACCAGCTCATAAATGGATA_005,76
AACCAGCTCATAAATGGATA_006,175
AACCAGCTCATAAATGGATA_007,170
AACCAGCTCATAAATGGATA_008,140
AACCAGCTCATAAATGGATA_009,23
AACCAGCTCATAAATGGATA_010,134
ACCAAGAATGCCAGGAAGAG_001,26
ACCAAGAATGCCAGGAAGAG_002,172
ACCAAGAATGCCAGGAAGAG_003,11
ACCAAGAATGCCAGGAAGAG_004,80
ACCAAGAATGCCAGGAAGAG_005,50
ACCAAGAATGCCAGGAAGAG_006,29
ACCAAGAATGCCAGGAAGAG_007,17
ACCAAGAATGCCAGGAAGAG_008,150
ACCAAGAATGCCAGGAAGAG_009,88
ACCAAGAATGCCAGGAAGAG_010,48
ACCAAGAATGCCAGGAAGAG_011,53
ACTTGAGGATGGTCGGCGTA_001,41
ACTTGAGGATGGTCGGCGTA_002,118
ACTTGAGGATGGTCGGCGTA_003,166
ACTTGAGGATGGTCGGCGTA_004,96
ACTTGAGGATGGTCGGCGTA_005,115
ACTTGAGGATGGTCGGCGTA_006,162
ACTTGAGGATGGTCGGCGTA_007,114
ACTTGAGGATGGTCGGCGTA_008,185
ACTTGAGGATGGTCGGCGTA_009,124
ACTTGAGGATGGTCGGCGTA_010,99
ACTTGAGGATGGTCGGCGTA_011,166
AGTGGTGGACGACAAAACCA_001,88
AGTGGTGGACGACAAAACCA_002,62
AGTGGTGGACGACAAAACCA_003,52
AGTGGTGGACGACAAAACCA_004,94
AGTGGTGGACGACAAAACCA_005,1
AGTGGTGGACGACAAAACCA_006,130
AGTGGTGGACGACAAAACCA_007,78
AGTGGTGGACGACAAAACCA_008,142
AGTGGTGGACGACAAAACCA_009,127
AGTGGTGGACGACAAAACCA_010,41
AGTGGTGGACGACAAAACCA_011,140
AGTGGTGGACGACAAAACCA_012,146
AGTGGTGGACGACAAAACCA_013,60
AGTGGTGGACGACAAAACCA_014,37
AGTGGTGGACGACAAAACCA_015,89
AGTGGTGGACGACAAAACCA_016,72
AGTTGCCAACTCGAAAACTG_001,58
AGTTGCCAACTCGAAAACTG_002,32
AGTTGCCAACTCGAAAACTG_003,77
AGTTGCCAACTCGAAAACTG_004,48
AGTTGCCAACTCGAAAACTG_005,115
AGTTGCCAACTCGAAAACTG_006,0
AGTTGCCAACTCGAAAACTG_007,98
AGTTGCCAACTCGAAAACTG_008,22
AGTTGCCAACTCGAAAACTG_009,75
AGTTGCCAACTCGAAAACTG_010,182
AGTTGCCAACTCGAAAACTG_011,141
AGTTGCCAACTCGAAAACTG_012,104
AGTTGCCAACTCGAAAACTG_013,137
AGTTGCCAACTCGAAAACTG_014,19
AGTTGCCAACTCGAAAACTG_015,111
AGTTGCCAACTCGAAAACTG_016,138
CAGCAGCAGTGTCTCTACTC_001,110
CAGCAGCAGTGTCTCTACTC_002,113
CAGCAGCAGTGTCTCTACTC_003,184
CAGCAGCAGTGTCTCTACTC_004,104
CAGCAGCAGTGTCTCTACTC_005,96
CAGCAGCAGTGTCTCTACTC_006,31
GCACACTGCTCACATCAACA_001,70
GCACACTGCTCACATCAACA_002,150
GCACACTGCTCACATCAACA_003,105
GCACACTGCTCACATCAACA_004,2
GCACACTGCTCACATCAACA_005,86
GCACACTGCTCACATCAACA_006,125
GCACACTGCTCACATCAACA_007,188
GCACACTGCTCACATCAACA_008,33
GCACACTGCTCACATCAACA_009,48
GCACACTGCTCACATCAACA_010,156
GCACACTGCTCACATCAACA_011,144
GCACACTGCTCACATCAACA_012,124
GCACACTGCTCACATCAACA_013,33
GCACACTGCTCACATCAACA_014,12
GCACACTGCTCACATCAACA_015,156
GTTATGTTCAAAGCAGGTCA_001,139
GTTATGTTCAAAGCAGGTCA_002,104
GTTATGTTCAAAGCAGGTCA_003,81
GTTATGTTCAAAGCAGGTCA_004,104
GTTATGTTCAAAGCAGGTCA_005,115
GTTATGTTCAAAGCAGGTCA_006,133
GCCCGGAAATTCATCAAGTG_001,119
GCCCGGAAATTCATCAAGTG_002,121
GCCCGGAAATTCATCAAGTG_003,169
GCCCGGAAATTCATCAAGTG_004,76
GCCCGGAAATTCATCAAGTG_005,103
GCCCGGAAATTCATCAAGTG_006,44
GCCCGGAAATTCATCAAGTG_007,16
GCCCGGAAATTCATCAAGTG_008,72
GCCCGGAAATTCATCAAGTG_009,188
GCCCGGAAATTCATCAAGTG_010,131
GCCCGGAAATTCATCAAGTG_011,188
GCCCGGAAATTCATCAAGTG_012,127
GCCCGGAAATTCATCAAGTG_013,119
GCCCGGAAATTCATCAAGTG_014,6
TCCAGGGCGATGTCCAGGTA_001,65
TCCAGGGCGATGTCCAGGTA_002,78
TCCAGGGCGATGTCCAGGTA_003,41
TCCAGGGCGATGTCCAGGTA_004,2
TCCAGGGCGATGTCCAGGTA_005,105
TCCAGGGCGATGTCCAGGTA_006,11
TCCAGGGCGATGTCCAGGTA_007,168
TCCAGGGCGATGTCCAGGTA_008,170
TCCAGGGCGATGTCCAGGTA_009,43
TTCTACGAGCTACAATACCG_001,170
GCAGAAATGCTGCTGTAAGG_001,113
GCAGAAATGCTGCTGTAAGG_002,56
GCAGAAATGCTGCTGTAAGG_003,155
GCAGAAATGCTGCTGTAAGG_004,6
GCAGAAATGCTGCTGTAAGG_005,19
CTTGTTGTAGATCGTCTATG_001,25
CTTGTTGTAGATCGTCTATG_002,154
CTTGTTGTAGATCGTCTATG_003,113
CTTGTTGTAGATCGTCTATG_004,190
CTTGTTGTAGATCGTCTATG_005,181
CTTGTTGTAGATCGTCTATG_006,169
CTTGTTGTAGATCGTCTATG_007,134
CTTGTTGTAGATCGTCTATG_008,47
CTTGTTGTAGATCGTCTATG_009,50
CTTGTTGTAGATCGTCTATG_010,78
CTTGTTGTAGATCGTCTATG_011,2
CTTGTTGTAGATCGTCTATG_012,149
CTTGTTGTAGATCGTCTATG_013,48
CTTGTTGTAGATCGTCTATG_014,104
CTTGTTGTAGATCGTCTATG_015,191
CTTGTTGTAGATCGTCTATG_016,147
CAGACTGAACTGCTCCCGAG_001,170
CAGACTGAACTGCTCCCGAG_002,113
CAGACTGAACTGCTCCCGAG_003,132
CAGACTGAACTGCTCCCGAG_004,142
CAGACTGAACTGCTCCCGAG_005,188
CAGACTGAACTGCTCCCGAG_006,38
CAGACTGAACTGCTCCCGAG_007,16
CAGACTGAACTGCTCCCGAG_008,81
CACCACGCCTCGCTCCACAG_001,41
CACCACGCCTCGCTCCACAG_002,76
CACCACGCCTCGCTCCACAG_003,106
CACCACGCCTCGCTCCACAG_004,144
CACCACGCCTCGCTCCACAG_005,190
CACCACGCCTCGCTCCACAG_006,2
CACCACGCCTCGCTCCACAG_007,146
CACCACGCCTCGCTCCACAG_008,104
CACCACGCCTCGCTCCACAG_009,192
CACCACGCCTCGCTCCACAG_010,147
CACCACGCCTCGCTCCACAG_011,1
CACCACGCCTCGCTCCACAG_012,110
CACCACGCCTCGCTCCACAG_013,117
CACCACGCCTCGCTCCACAG_014,55
CACCACGCCTCGCTCCACAG_015,192
CACCACGCCTCGCTCCACAG_016,69
CACCACGCCTCGCTCCACAG_017,113
CACCACGCCTCGCTCCACAG_018,199
CACCACGCCTCGCTCCACAG_019,127
CACCACGCCTCGCTCCACAG_020,158
CACCACGCCTCGCTCCACAG_021,133
CACCACGCCTCGCTCCACAG_022,28
CACCACGCCTCGCTCCACAG_023,62
CACCACGCCTCGCTCCACAG_024,3
CACCACGCCTCGCTCCACAG_025,3
CACCACGCCTCGCTCCACAG_026,165
CACCACGCCTCGCTCCACAG_027,2
CACCACGCCTCGCTCCACAG_028,77
CACCACGCCTCGCTCCACAG_029,70
CACCACGCCTCGCTCCACAG_030,107
CACCACGCCTCGCTCCACAG_031,3
CACCACGCCTCGCTCCACAG_032,158
GCAATTGAATGCTATACTCG_001,3
GCAATTGAATGCTATACTCG_002,142
GCAATTGAATGCTATACTCG_003,69
GCAATTGAATGCTATACTCG_004,151
GCAATTGAATGCTATACTCG_005,85
GCAATTGAATGCTATACTCG_006,167
TCTGGATCCACTATGTCAGG_001,44
TCTGGATCCACTATGTCAGG_002,50
TCTGGATCCACTATGTCAGG_003,50
GTAGACCACAAGGTAGTCGG_001,141
GTAGACCACAAGGTAGTCGG_002,174
GTAGACCACAAGGTAGTCGG_003,8
GTAGACCACAAGGTAGTCGG_004,134
GTAGACCACAAGGTAGTCGG_005,27
GTAGACCACAAGGTAGTCGG_006,24
GTAGACCACAAGGTAGTCGG_007,169
GTAGACCACAAGGTAGTCGG_008,12
GTAGACCACAAGGTAGTCGG_009,60
GTAGACCACAAGGTAGTCGG_010,49
GTAGACCACAAGGTAGTCGG_011,199
GTAGACCACAAGGTAGTCGG_012,15
GTAGACCACAAGGTAGTCGG_013,184
GTAGACCACAAGGTAGTCGG_014,19
GTAGACCACAAGGTAGTCGG_015,56
TAAAGGATTCACAAGCAGAG_001,136
TAAAGGATTCACAAGCAGAG_002,27
TAAAGGATTCACAAGCAGAG_003,141
TAAAGGATTCACAAGCAGAG_004,4
TAAAGGATTCACAAGCAGAG_005,87
TAAAGGATTCACAAGCAGAG_006,38
TAAAGGATTCACAAGCAGAG_007,166
TAAAGGATTCACAAGCAGAG_008,165
TAAAGGATTCACAAGCAGAG_009,119
TAATAAGCTTAGCCTCTAAG_001,158
TAATAAGCTTAGCCTCTAAG_002,115
TAATAAGCTTAGCCTCTAAG_003,141
CCTGAGATACTCCGTCTACG_001,172
TTGGAAGAACGTGCTCAGCG_001,87
TTGGAAGAACGTGCTCAGCG_002,38
TTGGAAGAACGTGCTCAGCG_003,22
TTGGAAGAACGTGCTCAGCG_004,82
TTGGAAGAACGTGCTCAGCG_005,52
TTGGAAGAACGTGCTCAGCG_006,134
TGGTCACCATGTACAGCAGG_001,146
TGGTCACCATGTACAGCAGG_002,78
TGGTCACCATGTACAGCAGG_003,12
TGGTCACCATGTACAGCAGG_004,68
TCGAGCGGCTGTAGCGAGAT_001,48
TCGAGCGGCTGTAGCGAGAT_002,158
TCGAGCGGCTGTAGCGAGAT_003,22
TCGAGCGGCTGTAGCGAGAT_004,50
TCGAGCGGCTGTAGCGAGAT_005,146
TCGAGCGGCTGTAGCGAGAT_006,82
TCGAGCGGCTGTAGCGAGAT_007,73
TCGAGCGGCTGTAGCGAGAT_008,123
ACATGAAAGAAATTATACCA_001,5
CAAAGAATGACACGCCAGCG_001,48
CAAAGAATGACACGCCAGCG_002,96
CAAAGAATGACACGCCAGCG_003,150
CAAAGAATGACACGCCAGCG_004,160
CAAAGAATGACACGCCAGCG_005,82
GGCTGCACAGACTTCGTGCG_001,13
GGCTGCACAGACTTCGTGCG_002,61
GGCTGCACAGACTTCGTGCG_003,8
GGCTGCACAGACTTCGTGCG_004,127
GGCTGCACAGACTTCGTGCG_005,129
GGCTGCACAGACTTCGTGCG_006,17
GGCTGCACAGACTTCGTGCG_007,68
GGCTGCACAGACTTCGTGCG_008,52
GGCTGCACAGACTTCGTGCG_009,60
GGCTGCACAGACTTCGTGCG_010,49
GGCTGCACAGACTTCGTGCG_011,99
GGCTGCACAGACTTCGTGCG_012,148
GGCTGCACAGACTTCGTGCG_013,13
GGCTGCACAGACTTCGTGCG_014,177
GGCTGCACAGACTTCGTGCG_015,58
GGCTGCACAGACTTCGTGCG_016,63
GGCTGCACAGACTTCGTGCG_017,58
GGCTGCACAGACTTCGTGCG_018,186
GGCTGCACAGACTTCGTGCG_019,187
GGCTGCACAGACTTCGTGCG_020,126
CGTGGCTGTGAACCGTACGG_001,5
CGTGGCTGTGAACCGTACGG_002,141
CGTGGCTGTGAACCGTACGG_003,179
CGTGGCTGTGAACCGTACGG_004,135
CGTGGCTGTGAACCGTACGG_005,87
CGTGGCTGTGAACCGTACGG_006,133
CGTGGCTGTGAACCGTACGG_007,35
CGTGGCTGTGAACCGTACGG_008,61
CGTGGCTGTGAACCGTACGG_009,100
CGTGGCTGTGAACCGTACGG_010,40
CGTGGCTGTGAACCGTACGG_011,38
CGTGGCTGTGAACCGTACGG_012,82
CGTGGCTGTGAACCGTACGG_013,58
CGTGGCTGTGAACCGTACGG_014,41
CGTGGCTGTGAACCGTACGG_015,183
CGTGGCTGTGAACCGTACGG_016,140
CGTGGCTGTGAACCGTACGG_017,169
CGTGGCTGTGAACCGTACGG_018,66
CGTGGCTGTGAACCGTACGG_019,154
CTCCACAGGAGCCTTTAACG_001,4
GACACGAAGAACCGCTACTG_001,50
GACACGAAGAACCGCTACTG_002,105
GACACGAAGAACCGCTACTG_003,27
GACACGAAGAACCGCTACTG_004,88
GACACGAAGAACCGCTACTG_005,161
GACACGAAGAACCGCTACTG_006,56
GACACGAAGAACCGCTACTG_007,22
GACACGAAGAACCGCTACTG_008,169
GACACGAAGAACCGCTACTG_009,161
GACACGAAGAACCGCTACTG_010,38
GACACGAAGAACCGCTACTG_011,148
GACACGAAGAACCGCTACTG_012,176
GACACGAAGAACCGCTACTG_013,12
GACACGAAGAACCGCTACTG_014,194
GACACGAAGAACCGCTACTG_015,8
GACACGAAGAACCGCTACTG_016,165
GACACGAAGAACCGCTACTG_017,94
GACACGAAGAACCGCTACTG_018,148
GACACGAAGAACCGCTACTG_019,119
AGGCGCAATTGAACACTACG_001,176
AGGCGCAATTGAACACTACG_002,64
AGGCGCAATTGAACACTACG_003,78
AGGCGCAATTGAACACTACG_004,161
AGGCGCAATTGAACACTACG_005,150
AGGCGCAATTGAACACTACG_006,168
AGGCGCAATTGAACACTACG_007,65
AGGCGCAATTGAACACTACG_008,184
AGGCGCAATTGAACACTACG_009,13
AGGCGCAATTGAACACTACG_010,70
AGGCGCAATTGAACACTACG_011,172
AGGCGCAATTGAACACTACG_012,145
AGGCGCAATTGAACACTACG_013,120
AGGCGCAATTGAACACTACG_014,81
AGGCGCAATTGAACACTACG_015,150
AGGCGCAATTGAACACTACG_016,45
AGGCGCAATTGAACACTACG_017,58
AGGCGCAATTGAACACTACG_018,169
AGGCGCAATTGAACACTACG_019,127
AGGCGCAATTGAACACTACG_020,198
AGGCGCAATTGAACACTACG_021,58
AGGCGCAATTGAACACTACG_022,2
AGGCGCAATTGAACACTACG_023,124
AGGCGCAATTGAACACTACG_024,113
AGGCGCAATTGAACACTACG_025,177
AGGCGCAATTGAACACTACG_026,115
AGGCGCAATTGAACACTACG_027,32
AGGCGCAATTGAACACTACG_028,116
AGGCGCAATTGAACACTACG_029,136
AGGCGCAATTGAACACTACG_030,2
AGGCGCAATTGAACACTACG_031,166
AGGCGCAATTGAACACTACG_032,9
AGGCGCAATTGAACACTACG_033,191
GTGTTGGTGTGAATACCCGG_001,76
GTGTTGGTGTGAATACCCGG_002,53
GTGTTGGTGTGAATACCCGG_003,7
GTGTTGGTGTGAATACCCGG_004,174
GTGTTGGTGTGAATACCCGG_005,169
GTGTTGGTGTGAATACCCGG_006,175
GTGTTGGTGTGAATACCCGG_007,6
GTGTTGGTGTGAATACCCGG_008,48
TTTCACCGGCAAGTTCGAGA_001,78
TTTCACCGGCAAGTTCGAGA_002,169
TTTCACCGGCAAGTTCGAGA_003,191
TTTCACCGGCAAGTTCGAGA_004,151
TTTCACCGGCAAGTTCGAGA_005,172
TTTCACCGGCAAGTTCGAGA_006,158
TTTCACCGGCAAGTTCGAGA_007,147
TTTCACCGGCAAGTTCGAGA_008,144
TTTCACCGGCAAGTTCGAGA_009,184
TTTCACCGGCAAGTTCGAGA_010,82
TTTCACCGGCAAGTTCGAGA_011,38
TTTCACCGGCAAGTTCGAGA_012,193
TTTCACCGGCAAGTTCGAGA_013,5
TTTCACCGGCAAGTTCGAGA_014,104
TTTCACCGGCAAGTTCGAGA_015,34
TTTCACCGGCAAGTTCGAGA_016,67
TTTCACCGGCAAGTTCGAGA_017,75
TTTCACCGGCAAGTTCGAGA_018,177
TTTCACCGGCAAGTTCGAGA_019,186
TTTCACCGGCAAGTTCGAGA_020,117
TTTCACCGGCAAGTTCGAGA_021,16
TTTCACCGGCAAGTTCGAGA_022,86
ACTAAAGGAGCTGCTGACCC_001,28
ACTAAAGGAGCTGCTGACCC_002,124
ACTAAAGGAGCTGCTGACCC_003,162
TCCATCCTCTCGAGACACGG_001,35
TCCATCCTCTCGAGACACGG_002,4
TCCATCCTCTCGAGACACGG_003,184
TCCATCCTCTCGAGACACGG_004,148
TCCATCCTCTCGAGACACGG_005,98
TCCATCCTCTCGAGACACGG_006,6
TCCATCCTCTCGAGACACGG_007,111
GCCATCGCAAGACCAAAGGA_001,19
GCCATCGCAAGACCAAAGGA_002,27
GCCATCGCAAGACCAAAGGA_003,58
GCCATCGCAAGACCAAAGGA_004,192
GCCATCGCAAGACCAAAGGA_005,150
GCCATCGCAAGACCAAAGGA_006,42
GCCATCGCAAGACCAAAGGA_007,50
GCCATCGCAAGACCAAAGGA_008,8
GCCATCGCAAGACCAAAGGA_009,192
GCCATCGCAAGACCAAAGGA_010,83
GCCATCGCAAGACCAAAGGA_011,24
GCCATCGCAAGACCAAAGGA_012,122
GCCATCGCAAGACCAAAGGA_013,196
GCCATCGCAAGACCAAAGGA_014,89
GCCATCGCAAGACCAAAGGA_015,101
GCCATCGCAAGACCAAAGGA_016,88
GCCATCGCAAGACCAAAGGA_017,182
GCCATCGCAAGACCAAAGGA_018,16
GCCATCGCAAGACCAAAGGA_019,69
GCCATCGCAAGACCAAAGGA_020,129
GCCATCGCAAGACCAAAGGA_021,137
GCCATCGCAAGACCAAAGGA_022,160
GCCATCGCAAGACCAAAGGA_023,192
GCCATCGCAAGACCAAAGGA_024,158
GCCATCGCAAGACCAAAGGA_025,169
GCCATCGCAAGACCAAAGGA_026,0
GCCATCGCAAGACCAAAGGA_027,80
GAATGAGTGTCTGACTCCCG_001,138
GAATGAGTGTCTGACTCCCG_002,97
GAATGAGTGTCTGACTCCCG_003,86
GAATGAGTGTCTGACTCCCG_004,82
GAATGAGTGTCTGACTCCCG_005,32
GAATGAGTGTCTGACTCCCG_006,182
GAATGAGTGTCTGACTCCCG_007,82
GAATGAGTGTCTGACTCCCG_008,112
GAATGAGTGTCTGACTCCCG_009,169
GAATGAGTGTCTGACTCCCG_010,94
GAATGAGTGTCTGACTCCCG_011,83
GAATGAGTGTCTGACTCCCG_012,168
GAATGAGTGTCTGACTCCCG_013,28
GTGAAACGTGAACTCCAGGG_001,123
GTGAAACGTGAACTCCAGGG_002,98
GTGAAACGTGAACTCCAGGG_003,192
GTGAAACGTGAACTCCAGGG_004,199
GTGAAACGTGAACTCCAGGG_005,36
GTGAAACGTGAACTCCAGGG_006,82
GTGAAACGTGAACTCCAGGG_007,28
GTGAAACGTGAACTCCAGGG_008,61
GTGAAACGTGAACTCCAGGG_009,198
GTGAAACGTGAACTCCAGGG_010,183
AGAGGGTCACGAGGTCGATG_001,146
AGAGGGTCACGAGGTCGATG_002,157
AGAGGGTCACGAGGTCGATG_003,157
AGAGGGTCACGAGGTCGATG_004,189
AGAGGGTCACGAGGTCGATG_005,59
AGAGGGTCACGAGGTCGATG_006,68
AGAGGGTCACGAGGTCGATG_007,3
AGAGGGTCACGAGGTCGATG_008,63
AGAGGGTCACGAGGTCGATG_009,41
AGAGGGTCACGAGGTCGATG_010,58
AGAGGGTCACGAGGTCGATG_011,70
AGAGGGTCACGAGGTCGATG_012,68
AGAGGGTCACGAGGTCGATG_013,81
AGAGGGTCACGAGGTCGATG_014,111
AGAGGGTCACGAGGTCGATG_015,4
AGAGGGTCACGAGGTCGATG_016,87
AGAGGGTCACGAGGTCGATG_017,116
AGAGGGTCACGAGGTCGATG_018,105
GGGTGCCAGTGGTTCTAGTG_001,158
GGGTGCCAGTGGTTCTAGTG_002,8
GGGTGCCAGTGGTTCTAGTG_003,182
GGGTGCCAGTGGTTCTAGTG_004,104
GGGTGCCAGTGGTTCTAGTG_005,42
GGGTGCCAGTGGTTCTAGTG_006,88
GGGTGCCAGTGGTTCTAGTG_007,15
GGGTGCCAGTGGTTCTAGTG_008,100
GGGTGCCAGTGGTTCTAGTG_009,1
GGGTGCCAGTGGTTCTAGTG_010,40
TCCACATCCAACCAGATTAG_001,194
CACCCATAGATAGAGGCCAT_001,60
CACCCATAGATAGAGGCCAT_002,4
CACCCATAGATAGAGGCCAT_003,76
CACCCATAGATAGAGGCCAT_004,190
CACCCATAGATAGAGGCCAT_005,121
CACCCATAGATAGAGGCCAT_006,73
GTCTGCTACAGACTTTGAGA_001,27
GTCTGCTACAGACTTTGAGA_002,11
GTCTGCTACAGACTTTGAGA_003,112
GTCTGCTACAGACTTTGAGA_004,145
GTCTGCTACAGACTTTGAGA_005,110
GTCTGCTACAGACTTTGAGA_006,86
GTGCGGCTTCAGCAACGCCG_001,169
GTGCGGCTTCAGCAACGCCG_002,141
GTGCGGCTTCAGCAACGCCG_003,150
GTGCGGCTTCAGCAACGCCG_004,38
GTGCGGCTTCAGCAACGCCG_005,19
GTGCGGCTTCAGCAACGCCG_006,137
GTGCGGCTTCAGCAACGCCG_007,60
GTGCGGCTTCAGCAACGCCG_008,124
GTGCGGCTTCAGCAACGCCG_009,71
GTGCGGCTTCAGCAACGCCG_010,171
GTGCGGCTTCAGCAACGCCG_011,63
GTGCGGCTTCAGCAACGCCG_012,84
GTGCGGCTTCAGCAACGCCG_013,94
GTGCGGCTTCAGCAACGCCG_014,130
GTGCGGCTTCAGCAACGCCG_015,154
GTGCGGCTTCAGCAACGCCG_016,137
GTGCGGCTTCAGCAACGCCG_017,166
GTGCGGCTTCAGCAACGCCG_018,68
GTGCGGCTTCAGCAACGCCG_019,142
GTGCGGCTTCAGCAACGCCG_020,106
GTGCGGCTTCAGCAACGCCG_021,81
GTGCGGCTTCAGCAACGCCG_022,19
GTGCGGCTTCAGCAACGCCG_023,106
GTGCGGCTTCAGCAACGCCG_024,72
ATTGCTTCCATCAGGTTATG_001,124
ATTGCTTCCATCAGGTTATG_002,116
ATTGCTTCCATCAGGTTATG_003,129
ATTGCTTCCATCAGGTTATG_004,103
CAGTGTCCGAGCGATATTTT_001,147
CAGTGTCCGAGCGATATTTT_002,198
CAGTGTCCGAGCGATATTTT_003,67
CAGTGTCCGAGCGATATTTT_004,82
CAGTGTCCGAGCGATATTTT_005,76
CAGTGTCCGAGCGATATTTT_006,98
CAGTGTCCGAGCGATATTTT_007,186
CAGTGTCCGAGCGATATTTT_008,68
CAGTGTCCGAGCGATATTTT_009,35
CAGTGTCCGAGCGATATTTT_010,166
CAGTGTCCGAGCGATATTTT_011,103
CAGTGTCCGAGCGATATTTT_012,169
CAGTGTCCGAGCGATATTTT_013,57
CAGTGTCCGAGCGATATTTT_014,103
CAGTGTCCGAGCGATATTTT_015,83
CAGTGTCCGAGCGATATTTT_016,45
CAGTGTCCGAGCGATATTTT_017,145
CAGTGTCCGAGCGATATTTT_018,172
CAGTGTCCGAGCGATATTTT_019,17
CAGTGTCCGAGCGATATTTT_020,30
CCCTGCACCAGAGATATCAC_001,194
CCCTGCACCAGAGATATCAC_002,61
CCCTGCACCAGAGATATCAC_003,121
CCCTGCACCAGAGATATCAC_004,188
CCCTGCACCAGAGATATCAC_005,82
CCCTGCACCAGAGATATCAC_006,152
CCCTGCACCAGAGATATCAC_007,150
CCCTGCACCAGAGATATCAC_008,103
TCTTCACACGCTCAACGCCG_001,54
TCTTCACACGCTCAACGCCG_002,66
TCTTCACACGCTCAACGCCG_003,157
TCTTCACACGCTCAACGCCG_004,120
TCTTCACACGCTCAACGCCG_005,61
TCTTCACACGCTCAACGCCG_006,103
TCTTCACACGCTCAACGCCG_007,185
TCTTCACACGCTCAACGCCG_008,188
TCTTCACACGCTCAACGCCG_009,94
TCTTCACACGCTCAACGCCG_010,2
TCTTCACACGCTCAACGCCG_011,19
TCTTCACACGCTCAACGCCG_012,180
TCTTCACACGCTCAACGCCG_013,95
TCTTCACACGCTCAACGCCG_014,91
AAGTACATAGGCTTGTGCAG_001,47
AAGTACATAGGCTTGTGCAG_002,41
AAGTACATAGGCTTGTGCAG_003,60
AAGTACATAGGCTTGTGCAG_004,145
AAGTACATAGGCTTGTGCAG_005,115
AAGTACATAGGCTTGTGCAG_006,144
AAGTACATAGGCTTGTGCAG_007,72
AAGTACATAGGCTTGTGCAG_008,169
AAGTACATAGGCTTGTGCAG_009,135
AAGTACATAGGCTTGTGCAG_010,108
AAGTACATAGGCTTGTGCAG_011,107
AAGTACATAGGCTTGTGCAG_012,136
CTTAACGCTGTGATCAAGTG_001,107
CTTAACGCTGTGATCAAGTG_002,157
CTTAACGCTGTGATCAAGTG_003,23
CTTAACGCTGTGATCAAGTG_004,43
CTTAACGCTGTGATCAAGTG_005,165
CTTAACGCTGTGATCAAGTG_006,45
CTTAACGCTGTGATCAAGTG_007,81
CTTAACGCTGTGATCAAGTG_008,162
CTTAACGCTGTGATCAAGTG_009,189
CTTAACGCTGTGATCAAGTG_010,60
CTTAACGCTGTGATCAAGTG_011,145
CCTCAATGGATTACAAGCTG_001,128
CCTCAATGGATTACAAGCTG_002,169
CCTCAATGGATTACAAGCTG_003,135
CCTCAATGGATTACAAGCTG_004,141
CCTCAATGGATTACAAGCTG_005,133
CCTCAATGGATTACAAGCTG_006,175
CCTCAATGGATTACAAGCTG_007,33
CCTCAATGGATTACAAGCTG_008,106
CCTCAATGGATTACAAGCTG_009,22
CCTCAATGGATTACAAGCTG_010,106
GAAACGGTATAAGAACCGGC_001,88
GAAACGGTATAAGAACCGGC_002,147
GAAACGGTATAAGAACCGGC_003,68
TTGGGGGACAGCGATTTAAG_001,81
TTGGGGGACAGCGATTTAAG_002,169
TTGGGGGACAGCGATTTAAG_003,27
TTGGGGGACAGCGATTTAAG_004,34
TTGGGGGACAGCGATTTAAG_005,63
TTGGGGGACAGCGATTTAAG_006,9
TTGGGGGACAGCGATTTAAG_007,55
TTGGGGGACAGCGATTTAAG_008,150
GAGCGCGGTTATTCGCGTAG_001,57
TCATCGTAGGATCACCCATG_001,77
TCATCGTAGGATCACCCATG_002,168
TCATCGTAGGATCACCCATG_003,78
TCATCGTAGGATCACCCATG_004,39
TCATCGTAGGATCACCCATG_005,60
TCATCGTAGGATCACCCATG_006,176
TCATCGTAGGATCACCCATG_007,137
TCATCGTAGGATCACCCATG_008,48
TCATCGTAGGATCACCCATG_009,35
TCATCGTAGGATCACCCATG_010,197
ACTTACACAAGATTCAGATG_001,133
ACTTACACAAGATTCAGATG_002,21
ACTTACACAAGATTCAGATG_003,104
ACTTACACAAGATTCAGATG_004,11
ACTTACACAAGATTCAGATG_005,49
ACTTACACAAGATTCAGATG_006,50
ACTTACACAAGATTCAGATG_007,178
ACTTACACAAGATTCAGATG_008,3
ACTTACACAAGATTCAGATG_009,62
ACTTACACAAGATTCAGATG_010,193
ACTTACACAAGATTCAGATG_011,105
ACTTACACAAGATTCAGATG_012,127
ACTTACACAAGATTCAGATG_013,70
ACTTACACAAGATTCAGATG_014,129
ACTTACACAAGATTCAGATG_015,37
AACCTGGAGCCCATTTATGA_001,188
AACCTGGAGCCCATTTATGA_002,144
AACCTGGAGCCCATTTATGA_003,15
AACCTGGAGCCCATTTATGA_004,116
AACCTGGAGCCCATTTATGA_005,156
AACCTGGAGCCCATTTATGA_006,94
AACCTGGAGCCCATTTATGA_007,60
AACCTGGAGCCCATTTATGA_008,68
AACCTGGAGCCCATTTATGA_009,48
AACCTGGAGCCCATTTATGA_010,89
AACCTGGAGCCCATTTATGA_011,9
AACCTGGAGCCCATTTATGA_012,23
AACCTGGAGCCCATTTATGA_013,15
AACCTGGAGCCCATTTATGA_014,40
AACCTGGAGCCCATTTATGA_015,160
AACCTGGAGCCCATTTATGA_016,137
AACCTGGAGCCCATTTATGA_017,142
AACCTGGAGCCCATTTATGA_018,175
AACCTGGAGCCCATTTATGA_019,56
AACCTGGAGCCCATTTATGA_020,29
CAGGGCAATATTGGAATCAA_001,182
CAGGGCAATATTGGAATCAA_002,130
CAGGGCAATATTGGAATCAA_003,77
CAGGGCAATATTGGAATCAA_004,134
CAGGGCAATATTGGAATCAA_005,83
CAGGGCAATATTGGAATCAA_006,142
CAGGGCAATATTGGAATCAA_007,175
CAGGGCAATATTGGAATCAA_008,105
CAGGGCAATATTGGAATCAA_009,40
CAGGGCAATATTGGAATCAA_010,108
CAGGGCAATATTGGAATCAA_011,72
CAGGGCAATATTGGAATCAA_012,55
CAGGGCAATATTGGAATCAA_013,56
GAAGACAAAACAGAACATCT_001,16
AAACACAAAATTCACGTCCA_001,41
AAACACAAAATTCACGTCCA_002,58
AAACACAAAATTCACGTCCA_003,54
AAACACAAAATTCACGTCCA_004,189
AAACACAAAATTCACGTCCA_005,106
AAACACAAAATTCACGTCCA_006,75
AAACACAAAATTCACGTCCA_007,51
AAACACAAAATTCACGTCCA_008,2
AAACACAAAATTCACGTCCA_009,187
AAACACAAAATTCACGTCCA_010,145
AAACACAAAATTCACGTCCA_011,106
AAACACAAAATTCACGTCCA_012,90
AAACACAAAATTCACGTCCA_013,178
AAACACAAAATTCACGTCCA_014,17
GATCACGCCACTGACACTCA_001,118
GATCACGCCACTGACACTCA_002,91
GATCACGCCACTGACACTCA_003,9
GATCACGCCACTGACACTCA_004,191
GATCACGCCACTGACACTCA_005,121
GATCACGCCACTGACACTCA_006,40
GATCACGCCACTGACACTCA_007,13
GATCACGCCACTGACACTCA_008,167
GATCACGCCACTGACACTCA_009,47
GATCACGCCACTGACACTCA_010,64
GATCACGCCACTGACACTCA_011,124
GATCACGCCACTGACACTCA_012,161
GATCACGCCACTGACACTCA_013,72
GATCACGCCACTGACACTCA_014,34
GATCACGCCACTGACACTCA_015,1
GATCACGCCACTGACACTCA_016,28
GATCACGCCACTGACACTCA_017,3
GATCACGCCACTGACACTCA_018,114
GCTCTGGTGCTAGGTTACGA_001,50
GCTCTGGTGCTAGGTTACGA_002,60
GCTCTGGTGCTAGGTTACGA_003,105
GCTCTGGTGCTAGGTTACGA_004,138
GCTCTGGTGCTAGGTTACGA_005,1
GAGTCAAAGACTGCTGCCAG_001,114
GAGTCAAAGACTGCTGCCAG_002,56
GAGTCAAAGACTGCTGCCAG_003,137
GAGTCAAAGACTGCTGCCAG_004,4
GAGTCAAAGACTGCTGCCAG_005,40
GAGTCAAAGACTGCTGCCAG_006,42
GAGTCAAAGACTGCTGCCAG_007,145
GAGTCAAAGACTGCTGCCAG_008,23
GAGTCAAAGACTGCTGCCAG_009,49
GAGTCAAAGACTGCTGCCAG_010,88
GAGTCAAAGACTGCTGCCAG_011,104
GAGTCAAAGACTGCTGCCAG_012,17
GAGTCAAAGACTGCTGCCAG_013,168
GAGTCAAAGACTGCTGCCAG_014,42
GAGTCAAAGACTGCTGCCAG_015,55
GAGTCAAAGACTGCTGCCAG_016,66
GAGTCAAAGACTGCTGCCAG_017,197
GAGTCAAAGACTGCTGCCAG_018,157
GAGTCAAAGACTGCTGCCAG_019,106
GAGTCAAAGACTGCTGCCAG_020,141
GAGTCAAAGACTGCTGCCAG_021,49
GAGTCAAAGACTGCTGCCAG_022,133
GAGTCAAAGACTGCTGCCAG_023,177
GAGTCAAAGACTGCTGCCAG_024,168
GAGTCAAAGACTGCTGCCAG_025,81
GAGTCAAAGACTGCTGCCAG_026,84
GAGTCAAAGACTGCTGCCAG_027,13
GAGTCAAAGACTGCTGCCAG_028,149
GAGTCAAAGACTGCTGCCAG_029,71
GAGTCAAAGACTGCTGCCAG_030,45
GAGTCAAAGACTGCTGCCAG_031,39
GAGTCAAAGACTGCTGCCAG_032,106
GAGTCAAAGACTGCTGCCAG_033,52
GAGTCAAAGACTGCTGCCAG_034,101
AATACCCAAAAATGGATACA_001,66
AATACCCAAAAATGGATACA_002,68
AATACCCAAAAATGGATACA_003,127
AATACCCAAAAATGGATACA_004,75
AATACCCAAAAATGGATACA_005,65
AATACCCAAAAATGGATACA_006,199
AATACCCAAAAATGGATACA_007,98
GCTGTCGGAGTTTCTGTGCG_001,198
GCTGTCGGAGTTTCTGTGCG_002,170
GCTGTCGGAGTTTCTGTGCG_003,38
GCTGTCGGAGTTTCTGTGCG_004,188
GCTGTCGGAGTTTCTGTGCG_005,42
GCTGTCGGAGTTTCTGTGCG_006,130
GCTGTCGGAGTTTCTGTGCG_007,2
GCTGTCGGAGTTTCTGTGCG_008,11
GCTGTCGGAGTTTCTGTGCG_009,182
CAGGCACGTGTATCTTTCAG_001,113
GTGGAGCGGGAGATCGATGG_001,29
GTGGAGCGGGAGATCGATGG_002,95
GTGGAGCGGGAGATCGATGG_003,27
GTGGAGCGGGAGATCGATGG_004,41
GTGTCCGAGCACGCCCGGGG_001,134
GTGTCCGAGCACGCCCGGGG_002,5
GTGTCCGAGCACGCCCGGGG_003,12
GTGTCCGAGCACGCCCGGGG_004,162
GTGTCCGAGCACGCCCGGGG_005,179
GTGTCCGAGCACGCCCGGGG_006,162
GTGTCCGAGCACGCCCGGGG_007,110
GTGTCCGAGCACGCCCGGGG_008,144
GTGTCCGAGCACGCCCGGGG_009,125
GTGTCCGAGCACGCCCGGGG_010,123
GTGTCCGAGCACGCCCGGGG_011,99
GTGTCCGAGCACGCCCGGGG_012,33
GTGTCCGAGCACGCCCGGGG_013,181
GTGTCCGAGCACGCCCGGGG_014,106
GTGTCCGAGCACGCCCGGGG_015,43
GTGTCCGAGCACGCCCGGGG_016,159
GTGTCCGAGCACGCCCGGGG_017,12
GTGTCCGAGCACGCCCGGGG_018,103
TCCAAACAGGTTATCAGGTG_001,50
TCCAAACAGGTTATCAGGTG_002,145
TCCAAACAGGTTATCAGGTG_003,83
TCCAAACAGGTTATCAGGTG_004,46
TCTTACGGTTTCGATGGACG_001,82
TCTTACGGTTTCGATGGACG_002,168
TCTTACGGTTTCGATGGACG_003,197
TCTTACGGTTTCGATGGACG_004,137
TCTTACGGTTTCGATGGACG_005,49
TCTTACGGTTTCGATGGACG_006,160
TCTTACGGTTTCGATGGACG_007,147
GGGTAAGCCCAAAGAGTGCT_001,154
GGGTAAGCCCAAAGAGTGCT_002,157
GGGTAAGCCCAAAGAGTGCT_003,67
GGGTAAGCCCAAAGAGTGCT_004,176
GGGTAAGCCCAAAGAGTGCT_005,43
GGGTAAGCCCAAAGAGTGCT_006,94
GGGTAAGCCCAAAGAGTGCT_007,19
GGGTAAGCCCAAAGAGTGCT_008,162
GGGTAAGCCCAAAGAGTGCT_009,158
GGGTAAGCCCAAAGAGTGCT_010,13
GGGTAAGCCCAAAGAGTGCT_011,137
GGGTAAGCCCAAAGAGTGCT_012,26
GGGTAAGCCCAAAGAGTGCT_013,88
GGGTAAGCCCAAAGAGTGCT_014,56
GGGTAAGCCCAAAGAGTGCT_015,89
GGGTAAGCCCAAAGAGTGCT_016,174
GGGTAAGCCCAAAGAGTGCT_017,46
GGGTAAGCCCAAAGAGTGCT_018,76
GGGTAAGCCCAAAGAGTGCT_019,90
GGGTAAGCCCAAAGAGTGCT_020,8
GGGTAAGCCCAAAGAGTGCT_021,68
GGGTAAGCCCAAAGAGTGCT_022,68
GGGTAAGCCCAAAGAGTGCT_023,99
TGGGTGGGCACCAACAACCA_001,76
TGGGTGGGCACCAACAACCA_002,22
TGGGTGGGCACCAACAACCA_003,8
TGGGTGGGCACCAACAACCA_004,41
AAGATCACGTGGTATCGCAA_001,71
AAGATCACGTGGTATCGCAA_002,176
CTGTGATGCCCAATACGCCC_001,197
CTGTGATGCCCAATACGCCC_002,129
CTGTGATGCCCAATACGCCC_003,128
GGTGATGGTGTCGCACCACA_001,177
GGTGATGGTGTCGCACCACA_002,178
GGTGATGGTGTCGCACCACA_003,60
GGTGATGGTGTCGCACCACA_004,11
GGTGATGGTGTCGCACCACA_005,136
GGTGATGGTGTCGCACCACA_006,121
GGTGATGGTGTCGCACCACA_007,163
GGTGATGGTGTCGCACCACA_008,19
GGTGATGGTGTCGCACCACA_009,121
GGTGATGGTGTCGCACCACA_010,35
GGTGATGGTGTCGCACCACA_011,180
GGTGATGGTGTCGCACCACA_012,82
GGTGATGGTGTCGCACCACA_013,181
GGTGATGGTGTCGCACCACA_014,197
GCAGGGCGAGAGGAGAAACT_001,84
GCAGGGCGAGAGGAGAAACT_002,188
GCAGGGCGAGAGGAGAAACT_003,63
GCAGGGCGAGAGGAGAAACT_004,83
GCAGGGCGAGAGGAGAAACT_005,198
GGCCCAGCCATTATCCCTGG_001,130
TTTGCACAACTTCGAGCTTG_001,15
TTTGCACAACTTCGAGCTTG_002,50
TTTGCACAACTTCGAGCTTG_003,185
TTTGCACAACTTCGAGCTTG_004,61
TTTGCACAACTTCGAGCTTG_005,63
CCCACAGCTTCGGAAATGTG_001,15
CCCACAGCTTCGGAAATGTG_002,169
CCCACAGCTTCGGAAATGTG_003,9
CCCACAGCTTCGGAAATGTG_004,98
CCCACAGCTTCGGAAATGTG_005,178
CCCACAGCTTCGGAAATGTG_006,178
CCCACAGCTTCGGAAATGTG_007,31
CCCACAGCTTCGGAAATGTG_008,141
CAGCCAGCAAATACACCAAG_001,48
CAGCCAGCAAATACACCAAG_002,27
CAGCCAGCAAATACACCAAG_003,185
CAGCCAGCAAATACACCAAG_004,103
CAGCCAGCAAATACACCAAG_005,8
CAGCCAGCAAATACACCAAG_006,160
CAGCCAGCAAATACACCAAG_007,160
CAGCCAGCAAATACACCAAG_008,186
GTTCCTCCTCTATCTTCCTG_001,150
GTTCCTCCTCTATCTTCCTG_002,134
GTTCCTCCTCTATCTTCCTG_003,129
GTTCCTCCTCTATCTTCCTG_004,199
GTTCCTCCTCTATCTTCCTG_005,130
GTTCCTCCTCTATCTTCCTG_006,197
GTTCCTCCTCTATCTTCCTG_007,6
CGGCCGGCCCCTACCCGACG_001,119
CGGCCGGCCCCTACCCGACG_002,139
CGGCCGGCCCCTACCCGACG_003,92
CGGCCGGCCCCTACCCGACG_004,50
CGGCCGGCCCCTACCCGACG_005,33
CGGCCGGCCCCTACCCGACG_006,33
CGGCCGGCCCCTACCCGACG_007,141
GGTCCAAATCTTGGTCCAGA_001,133
GGTCCAAATCTTGGTCCAGA_002,107
TGGCCTATCCCAGACTCGGG_001,178
TGGCCTATCCCAGACTCGGG_002,15
TGGCCTATCCCAGACTCGGG_003,159
TGGCCTATCCCAGACTCGGG_004,82
TGGCCTATCCCAGACTCGGG_005,160
TGGCCTATCCCAGACTCGGG_006,124
TGGCCTATCCCAGACTCGGG_007,25
TGGCCTATCCCAGACTCGGG_008,38
TGGCCTATCCCAGACTCGGG_009,116
TGGCCTATCCCAGACTCGGG_010,88
TGGCCTATCCCAGACTCGGG_011,169
TGGCCTATCCCAGACTCGGG_012,194
TGGCCTATCCCAGACTCGGG_013,104
TGGCCTATCCCAGACTCGGG_014,184
TGGCCTATCCCAGACTCGGG_015,0
TGGCCTATCCCAGACTCGGG_016,182
TGGCCTATCCCAGACTCGGG_017,150
TGGCCTATCCCAGACTCGGG_018,142
TCACTCCCCAGGATTATGCG_001,81
TCACTCCCCAGGATTATGCG_002,188
TGAATTCATGTGAAGCACAG_001,144
TGAATTCATGTGAAGCACAG_002,15
TGAATTCATGTGAAGCACAG_003,125
TGAATTCATGTGAAGCACAG_004,169
TGAATTCATGTGAAGCACAG_005,52
TGGCAATAGACACCTACAGG_001,146
TGGCAATAGACACCTACAGG_002,94
TGGCAATAGACACCTACAGG_003,147
TGGCAATAGACACCTACAGG_004,174
TGGCAATAGACACCTACAGG_005,199
TGGCAATAGACACCTACAGG_006,77
TGGCAATAGACACCTACAGG_007,77
TGGCAATAGACACCTACAGG_008,195
GGGACCACCAGAGCATAATG_001,172
GGGACCACCAGAGCATAATG_002,98
GGGACCACCAGAGCATAATG_003,107
GGGACCACCAGAGCATAATG_004,127
GGGACCACCAGAGCATAATG_005,157
GCACGCTCTACTCAGCCATG_001,8
GCACGCTCTACTCAGCCATG_002,149
GCACGCTCTACTCAGCCATG_003,162
GCACGCTCTACTCAGCCATG_004,115
GCACGCTCTACTCAGCCATG_005,10
GCACGCTCTACTCAGCCATG_006,19
GCACGCTCTACTCAGCCATG_007,199
GCAGGCGGATCAAGCCCCTG_001,43
GCAGGCGGATCAAGCCCCTG_002,144
GCAGGCGGATCAAGCCCCTG_003,93
GCAGGCGGATCAAGCCCCTG_004,105
GCAGGCGGATCAAGCCCCTG_005,107
GCAGGCGGATCAAGCCCCTG_006,70
GCAGGCGGATCAAGCCCCTG_007,140
GCAGGCGGATCAAGCCCCTG_008,38
GCAGGCGGATCAAGCCCCTG_009,108
GCAGGCGGATCAAGCCCCTG_010,178
GCAGGCGGATCAAGCCCCTG_011,76
GCAGGCGGATCAAGCCCCTG_012,154
GCAGGCGGATCAAGCCCCTG_013,93
GCAGGCGGATCAAGCCCCTG_014,50
GCAGGCGGATCAAGCCCCTG_015,46
GCAGGCGGATCAAGCCCCTG_016,96
GCAGGCGGATCAAGCCCCTG_017,34
GCAGGCGGATCAAGCCCCTG_018,158
GCAGGCGGATCAAGCCCCTG_019,145
GCAGGCGGATCAAGCCCCTG_020,144
GCAGGCGGATCAAGCCCCTG_021,15
GCAGGCGGATCAAGCCCCTG_022,199
GCAGGCGGATCAAGCCCCTG_023,108
GCAGGCGGATCAAGCCCCTG_024,146
GCAGGCGGATCAAGCCCCTG_025,141
GCAGGCGGATCAAGCCCCTG_026,62
GCAGGCGGATCAAGCCCCTG_027,170
GCAGGCGGATCAAGCCCCTG_028,22
GGATGAAAGAAGTTCTCAGA_001,116
GGATGAAAGAAGTTCTCAGA_002,69
GTCCTGCGAGAATGCGCTAG_001,115
GTCCTGCGAGAATGCGCTAG_002,40
GTCCTGCGAGAATGCGCTAG_003,193
GTCCTGCGAGAATGCGCTAG_004,151
GTCCTGCGAGAATGCGCTAG_005,190
GTCCTGCGAGAATGCGCTAG_006,24
GTCCTGCGAGAATGCGCTAG_007,68
GTCCTGCGAGAATGCGCTAG_008,146
GTCCTGCGAGAATGCGCTAG_009,101
GTCCTGCGAGAATGCGCTAG_010,7
GTCCTGCGAGAATGCGCTAG_011,44
GTCCTGCGAGAATGCGCTAG_012,160
GTCCTGCGAGAATGCGCTAG_013,40
GTCCTGCGAGAATGCGCTAG_014,78
GTCCTGCGAGAATGCGCTAG_015,91
GTCCTGCGAGAATGCGCTAG_016,23
GTCCTGCGAGAATGCGCTAG_017,74
GTCCTGCGAGAATGCGCTAG_018,137
GTCCTGCGAGAATGCGCTAG_019,50
GTCCTGCGAGAATGCGCTAG_020,78
GTCCTGCGAGAATGCGCTAG_021,183
GTCCTGCGAGAATGCGCTAG_022,49
GTCCTGCGAGAATGCGCTAG_023,108
TGGAGCATCAACCTGACAGC_001,158
TGGAGCATCAACCTGACAGC_002,161
TGGAGCATCAACCTGACAGC_003,160
TGGAGCATCAACCTGACAGC_004,38
TGGAGCATCAACCTGACAGC_005,130
TGGAGCATCAACCTGACAGC_006,125
TGGAGCATCAACCTGACAGC_007,129
TGGAGCATCAACCTGACAGC_008,88
TGGAGCATCAACCTGACAGC_009,177
TGGAGCATCAACCTGACAGC_010,12
TGGAGCATCAACCTGACAGC_011,34
TGGAGCATCAACCTGACAGC_012,141
TGGAGCATCAACCTGACAGC_013,25
TGGAGCATCAACCTGACAGC_014,65
TGGAGCATCAACCTGACAGC_015,135
TGGAGCATCAACCTGACAGC_016,116
TGGAGCATCAACCTGACAGC_017,115
TGGAGCATCAACCTGACAGC_018,188
TGGAGCATCAACCTGACAGC_019,145
TGGAGCATCAACCTGACAGC_020,49
TGGAGCATCAACCTGACAGC_021,67
TGGAGCATCAACCTGACAGC_022,115
TGGAGCATCAACCTGACAGC_023,105
TGGAGCATCAACCTGACAGC_024,60
TGGAGCATCAACCTGACAGC_025,8
CATCGGCATCTGGGTCATGG_001,17
CATCGGCATCTGGGTCATGG_002,29
CATCGGCATCTGGGTCATGG_003,163
CATCGGCATCTGGGTCATGG_004,69
CATCGGCATCTGGGTCATGG_005,6
CATCGGCATCTGGGTCATGG_006,172
CATCGGCATCTGGGTCATGG_007,165
TTACAATTGGTAAAGAATGG_001,32
CCAGCAGGTCCACGACGCAC_001,160
CCAGCAGGTCCACGACGCAC_002,52
CCAGCAGGTCCACGACGCAC_003,68
CCAGCAGGTCCACGACGCAC_004,162
GGACGAACTGGACAGTAACA_001,183
GGACGAACTGGACAGTAACA_002,130
GGACGAACTGGACAGTAACA_003,130
GGACGAACTGGACAGTAACA_004,175
GGACGAACTGGACAGTAACA_005,101
GGACGAACTGGACAGTAACA_006,160
GGACGAACTGGACAGTAACA_007,60
GGACGAACTGGACAGTAACA_008,40
GGACGAACTGGACAGTAACA_009,193
GGACGAACTGGACAGTAACA_010,90
GGACGAACTGGACAGTAACA_011,125
GGACGAACTGGACAGTAACA_012,190
GGACGAACTGGACAGTAACA_013,182
GGACGAACTGGACAGTAACA_014,158
GGACGAACTGGACAGTAACA_015,150
GGACGAACTGGACAGTAACA_016,117
GGACGAACTGGACAGTAACA_017,150
GGACGAACTGGACAGTAACA_018,128
GGACGAACTGGACAGTAACA_019,153
GGACGAACTGGACAGTAACA_020,27
GGACGAACTGGACAGTAACA_021,26
GGACGAACTGGACAGTAACA_022,28
GGACGAACTGGACAGTAACA_023,14
GGACGAACTGGACAGTAACA_024,123
GGACGAACTGGACAGTAACA_025,108
GGACGAACTGGACAGTAACA_026,135
AGAAGGCGTTTCTGTCCGTG_001,43
AGAAGGCGTTTCTGTCCGTG_002,64
AGAAGGCGTTTCTGTCCGTG_003,63
AATCTCCCTCAGAAAAAACG_001,123
AATCTCCCTCAGAAAAAACG_002,162
AATCTCCCTCAGAAAAAACG_003,126
AATCTCCCTCAGAAAAAACG_004,113
GTTTCTGCCATGAATATCAG_001,169
GTTTCTGCCATGAATATCAG_002,151
GTTTCTGCCATGAATATCAG_003,85
GTTTCTGCCATGAATATCAG_004,155
GTTTCTGCCATGAATATCAG_005,115
GTTTCTGCCATGAATATCAG_006,12
TCCACAGACTGAAGTCTCAT_001,62
TCCACAGACTGAAGTCTCAT_002,117
TCCACAGACTGAAGTCTCAT_003,27
TCCACAGACTGAAGTCTCAT_004,68
TCCACAGACTGAAGTCTCAT_005,82
GGTGTCTGCCCATGGAAGAG_001,30
GGTGTCTGCCCATGGAAGAG_002,173
GGTGTCTGCCCATGGAAGAG_003,145
GGTGTCTGCCCATGGAAGAG_004,67
GGTGTCTGCCCATGGAAGAG_005,63
GGTGTCTGCCCATGGAAGAG_006,184
GGTGTCTGCCCATGGAAGAG_007,72
GGTGTCTGCCCATGGAAGAG_008,145
GGTGTCTGCCCATGGAAGAG_009,52
GGTGTCTGCCCATGGAAGAG_010,42
GGTGTCTGCCCATGGAAGAG_011,42
GGTGTCTGCCCATGGAAGAG_012,148
GGTGTCTGCCCATGGAAGAG_013,0
GGTGTCTGCCCATGGAAGAG_014,188
GGTGTCTGCCCATGGAAGAG_015,1
GATGTTCGAGCAATCCGACC_001,148
GATGTTCGAGCAATCCGACC_002,199
GATGTTCGAGCAATCCGACC_003,110
TCAACGTTCAAGAGTTAGCA_001,12
TGTCAAAAGTGAAGCATCGA_001,73
TGTCAAAAGTGAAGCATCGA_002,102
TGTCAAAAGTGAAGCATCGA_003,48
TGTCAAAAGTGAAGCATCGA_004,12
TGTCAAAAGTGAAGCATCGA_005,77
TGTCAAAAGTGAAGCATCGA_006,194
TGTCAAAAGTGAAGCATCGA_007,147
TGTCAAAAGTGAAGCATCGA_008,62
TGTCAAAAGTGAAGCATCGA_009,40
TGTCAAAAGTGAAGCATCGA_010,115
TGTCAAAAGTGAAGCATCGA_011,138
TGTCAAAAGTGAAGCATCGA_012,72
TGTCAAAAGTGAAGCATCGA_013,103
TGTCAAAAGTGAAGCATCGA_014,195
TCCCAGAACTCCAATCCACA_001,188
TCCCAGAACTCCAATCCACA_002,2
CTCCTCTGAACAATCTCCAA_001,157
CTCCTCTGAACAATCTCCAA_002,36
CTCCTCTGAACAATCTCCAA_003,79
AGATGCGACCTAAAGTCATG_001,116
AGATGCGACCTAAAGTCATG_002,121
AGATGCGACCTAAAGTCATG_003,102
AGATGCGACCTAAAGTCATG_004,41
AGATGCGACCTAAAGTCATG_005,1
AGATGCGACCTAAAGTCATG_006,176
AGATGCGACCTAAAGTCATG_007,70
CTGCAAGGCCAAGGGTACGG_001,162
CTGCAAGGCCAAGGGTACGG_002,192
CTGCAAGGCCAAGGGTACGG_003,94
CTGCAAGGCCAAGGGTACGG_004,177
CTGCAAGGCCAAGGGTACGG_005,137
CTGCAAGGCCAAGGGTACGG_006,36
CTGCAAGGCCAAGGGTACGG_007,38
CTGCAAGGCCAAGGGTACGG_008,40
CTGCAAGGCCAAGGGTACGG_009,29
CTGCAAGGCCAAGGGTACGG_010,49
ATACCAGCACAGAATATCCC_001,42
ATACCAGCACAGAATATCCC_002,196
ACGGTACGTGCACAGATCGG_001,16
ACGGTACGTGCACAGATCGG_002,106
ACGGTACGTGCACAGATCGG_003,49
ACGGTACGTGCACAGATCGG_004,32
ACGGTACGTGCACAGATCGG_005,50
ACGGTACGTGCACAGATCGG_006,105
ACGGTACGTGCACAGATCGG_007,186
ACGGTACGTGCACAGATCGG_008,148
TTCCTGCTAGAGTTCCCGGT_001,198
TTCCTGCTAGAGTTCCCGGT_002,82
TTCCTGCTAGAGTTCCCGGT_003,189
TTCCTGCTAGAGTTCCCGGT_004,85
TTCCTGCTAGAGTTCCCGGT_005,183
TTCCTGCTAGAGTTCCCGGT_006,116
TTCCTGCTAGAGTTCCCGGT_007,17
TTCCTGCTAGAGTTCCCGGT_008,158
TTCCTGCTAGAGTTCCCGGT_009,175
TTCCTGCTAGAGTTCCCGGT_010,19
TTCCTGCTAGAGTTCCCGGT_011,47
TTCCTGCTAGAGTTCCCGGT_012,126
TTCCTGCTAGAGTTCCCGGT_013,172
TTCCTGCTAGAGTTCCCGGT_014,104
TTCCTGCTAGAGTTCCCGGT_015,0
TTCCTGCTAGAGTTCCCGGT_016,63
GGTCAGCCTTAATTGCAGTG_001,148
GGTCAGCCTTAATTGCAGTG_002,66
GGTCAGCCTTAATTGCAGTG_003,138
GGTCAGCCTTAATTGCAGTG_004,138
GGGTGGCGTCATTATCTCTG_001,29
CACGCTGATACTGACTACAG_001,17
CACGCTGATACTGACTACAG_002,162
CACGCTGATACTGACTACAG_003,77
AATCGGCAGCATTATAGACG_001,46
AATCGGCAGCATTATAGACG_002,41
CTTTGAAGATGGTACAGCCA_001,7
CTTTGAAGATGGTACAGCCA_002,113
CTTTGAAGATGGTACAGCCA_003,15
CTTTGAAGATGGTACAGCCA_004,29
CTTTGAAGATGGTACAGCCA_005,69
CTTTGAAGATGGTACAGCCA_006,14
CTTTGAAGATGGTACAGCCA_007,168
CTTTGAAGATGGTACAGCCA_008,170
CTTTGAAGATGGTACAGCCA_009,86
CTTTGAAGATGGTACAGCCA_010,13
CTTTGAAGATGGTACAGCCA_011,34
CTTTGAAGATGGTACAGCCA_012,108
CTGCTCCCCAGTCTCGACTT_001,127
CTGCTCCCCAGTCTCGACTT_002,48
CTGCTCCCCAGTCTCGACTT_003,119
CTGCTCCCCAGTCTCGACTT_004,139
CTGCTCCCCAGTCTCGACTT_005,60
CTGCTCCCCAGTCTCGACTT_006,33
CTGCTCCCCAGTCTCGACTT_007,120
CTGCTCCCCAGTCTCGACTT_008,110
CTGCTCCCCAGTCTCGACTT_009,91
CTGCTCCCCAGTCTCGACTT_010,91
CTGCTCCCCAGTCTCGACTT_011,89
CTGCTCCCCAGTCTCGACTT_012,130
CTGCTCCCCAGTCTCGACTT_013,151
GATGGGAAATTATCTGACGG_001,190
GATGGGAAATTATCTGACGG_002,60
GATGGGAAATTATCTGACGG_003,89
TGTTTCCACCAAAGAACTCG_001,168
TGTTTCCACCAAAGAACTCG_002,50
AATGGCCTCGTAATCATACA_001,132
AATGGCCTCGTAATCATACA_002,41
AATGGCCTCGTAATCATACA_003,127
AATGGCCTCGTAATCATACA_004,81
AATGGCCTCGTAATCATACA_005,88
AATGGCCTCGTAATCATACA_006,155
TAAGGAACCTGCTAAGCCAA_001,40
TAAGGAACCTGCTAAGCCAA_002,162
TAAGGAACCTGCTAAGCCAA_003,36
TAAGGAACCTGCTAAGCCAA_004,6
TAAGGAACCTGCTAAGCCAA_005,160
TAAGGAACCTGCTAAGCCAA_006,192
TAAGGAACCTGCTAAGCCAA_007,16
TAAGGAACCTGCTAAGCCAA_008,140
TAAGGAACCTGCTAAGCCAA_009,150
TAAGGAACCTGCTAAGCCAA_010,10
ATACGAGAGAGTTCAAGCTG_001,140
ATACGAGAGAGTTCAAGCTG_002,11
ATACGAGAGAGTTCAAGCTG_003,197
ATACGAGAGAGTTCAAGCTG_004,134
ATACGAGAGAGTTCAAGCTG_005,49
ATACGAGAGAGTTCAAGCTG_006,151
ATACGAGAGAGTTCAAGCTG_007,191
ATACGAGAGAGTTCAAGCTG_008,130
ATACGAGAGAGTTCAAGCTG_009,153
ATACGAGAGAGTTCAAGCTG_010,63
GAGTCGTGCAAGCTTGGTCG_001,169
GAGTCGTGCAAGCTTGGTCG_002,130
GAGTCGTGCAAGCTTGGTCG_003,45
GAGTCGTGCAAGCTTGGTCG_004,162
GAGTCGTGCAAGCTTGGTCG_005,64
CCTGACAGTGCACCAGACCG_001,22
CCTGACAGTGCACCAGACCG_002,26
CCTGACAGTGCACCAGACCG_003,149
CCTGACAGTGCACCAGACCG_004,81
CCTGACAGTGCACCAGACCG_005,126
CCTGACAGTGCACCAGACCG_006,89
CCTGACAGTGCACCAGACCG_007,26
CCTGACAGTGCACCAGACCG_008,105
CCTGACAGTGCACCAGACCG_009,48
CCTGACAGTGCACCAGACCG_010,57
CCTGACAGTGCACCAGACCG_011,91
CCTGACAGTGCACCAGACCG_012,76
CCTGACAGTGCACCAGACCG_013,190
CCTGACAGTGCACCAGACCG_014,5
CCTGACAGTGCACCAGACCG_015,152
CCTGACAGTGCACCAGACCG_016,90
CCTGACAGTGCACCAGACCG_017,69
CCTGACAGTGCACCAGACCG_018,140
CCTGACAGTGCACCAGACCG_019,171
CCTGACAGTGCACCAGACCG_020,60
CCTGACAGTGCACCAGACCG_021,108
CCTGACAGTGCACCAGACCG_022,138
ATGCCAGTAATATGTTAGTG_001,157
ATGCCAGTAATATGTTAGTG_002,78
ATGCCAGTAATATGTTAGTG_003,199
ATGCCAGTAATATGTTAGTG_004,17
CTCCCTTGCATCATCTAGAG_001,115
CTCCCTTGCATCATCTAGAG_002,38
GCACCTGAACGGAAGTACAT_001,107
GCACCTGAACGGAAGTACAT_002,48
GCACCTGAACGGAAGTACAT_003,100
GCACCTGAACGGAAGTACAT_004,190
GCACCTGAACGGAAGTACAT_005,42
GCACCTGAACGGAAGTACAT_006,113
GCACCTGAACGGAAGTACAT_007,117
GCACCTGAACGGAAGTACAT_008,28
GCACCTGAACGGAAGTACAT_009,135
CCGTCAAAAGTGTTGTAGTG_001,41
CCGTCAAAAGTGTTGTAGTG_002,26
CCGTCAAAAGTGTTGTAGTG_003,120
CCGTCAAAAGTGTTGTAGTG_004,18
CCGTCAAAAGTGTTGTAGTG_005,180
CCGTCAAAAGTGTTGTAGTG_006,115
CCGTCAAAAGTGTTGTAGTG_007,13
CCGTCAAAAGTGTTGTAGTG_008,116
CCGTCAAAAGTGTTGTAGTG_009,3
AGGTGCCATGGCCTGCACCG_001,49
AGGTGCCATGGCCTGCACCG_002,100
AGGTGCCATGGCCTGCACCG_003,43
AGGTGCCATGGCCTGCACCG_004,77
AGGTGCCATGGCCTGCACCG_005,169
AGGTGCCATGGCCTGCACCG_006,197
AGGTGCCATGGCCTGCACCG_007,127
AGGTGCCATGGCCTGCACCG_008,174
AGGTGCCATGGCCTGCACCG_009,180
AGGTGCCATGGCCTGCACCG_010,112
AGGTGCCATGGCCTGCACCG_011,122
AGGTGCCATGGCCTGCACCG_012,199
AGGTGCCATGGCCTGCACCG_013,150
AGGTGCCATGGCCTGCACCG_014,2
AGGTGCCATGGCCTGCACCG_015,199
AGGTGCCATGGCCTGCACCG_016,115
AGGTGCCATGGCCTGCACCG_017,14
AGGTGCCATGGCCTGCACCG_018,11
AGGTGCCATGGCCTGCACCG_019,154
AGGTGCCATGGCCTGCACCG_020,88
AGGTGCCATGGCCTGCACCG_021,143
AGGTGCCATGGCCTGCACCG_022,57
AGGTGCCATGGCCTGCACCG_023,105
AGGTGCCATGGCCTGCACCG_024,103
AGGTGCCATGGCCTGCACCG_025,115
AGGTGCCATGGCCTGCACCG_026,51
AGGTGCCATGGCCTGCACCG_027,160
AGGTGCCATGGCCTGCACCG_028,194
AGGTGCCATGGCCTGCACCG_029,107
AGGTGCCATGGCCTGCACCG_030,81
AGGTGCCATGGCCTGCACCG_031,30
AGGTGCCATGGCCTGCACCG_032,115
AGGTGCCATGGCCTGCACCG_033,48
AGGTGCCATGGCCTGCACCG_034,141
AGGTGCCATGGCCTGCACCG_035,124
AGGTGCCATGGCCTGCACCG_036,96
AGGTGCCATGGCCTGCACCG_037,152
AGGTGCCATGGCCTGCACCG_038,83
AGGTGCCATGGCCTGCACCG_039,165
GCGCCTCCAGGTAGAACGCG_001,113
GCGCCTCCAGGTAGAACGCG_002,158
GCGCCTCCAGGTAGAACGCG_003,189
GCGCCTCCAGGTAGAACGCG_004,34
CTCTAACATCCCACCCAGAG_001,64
TATGAGGATGTCCTAATGCA_001,116
TATGAGGATGTCCTAATGCA_002,178
TCCTGACCCTAGCACCACGG_001,48
TCCTGACCCTAGCACCACGG_002,11
TCCTGACCCTAGCACCACGG_003,57
TCCTGACCCTAGCACCACGG_004,176
TCCTGACCCTAGCACCACGG_005,91
TCCTGACCCTAGCACCACGG_006,198
TCCTGACCCTAGCACCACGG_007,15
TTATTAGAAACGATTCCGGA_001,157
TTATTAGAAACGATTCCGGA_002,174
TTGACAGCATGCATCAGTCC_001,156
TTGACAGCATGCATCAGTCC_002,36
TTGACAGCATGCATCAGTCC_003,127
TTGACAGCATGCATCAGTCC_004,155
TAGTCAAGACTAGAATGACC_001,68
TAGTCAAGACTAGAATGACC_002,131
TAGTCAAGACTAGAATGACC_003,81
GACCCCGGTGAAACAGTAGG_001,105
GACCCCGGTGAAACAGTAGG_002,138
GACCCCGGTGAAACAGTAGG_003,138
GACCCCGGTGAAACAGTAGG_004,79
GACCCCGGTGAAACAGTAGG_005,79
GACCCCGGTGAAACAGTAGG_006,150
GACCCCGGTGAAACAGTAGG_007,49
GACCCCGGTGAAACAGTAGG_008,192
GACCCCGGTGAAACAGTAGG_009,47
GACCCCGGTGAAACAGTAGG_010,141
GACCCCGGTGAAACAGTAGG_011,199
GACCCCGGTGAAACAGTAGG_012,168
GACCCCGGTGAAACAGTAGG_013,197
GACCCCGGTGAAACAGTAGG_014,8
CGGGTGAAGATGATACCCCG_001,98
CGGGTGAAGATGATACCCCG_002,194
TTTCCAGGGGTTGGGGACAT_001,169
TTTCCAGGGGTTGGGGACAT_002,174
TTTCCAGGGGTTGGGGACAT_003,176
TTTCCAGGGGTTGGGGACAT_004,80
TTTCCAGGGGTTGGGGACAT_005,196
TTTCCAGGGGTTGGGGACAT_006,157
TTTCCAGGGGTTGGGGACAT_007,169
TTTCCAGGGGTTGGGGACAT_008,42
TTTCCAGGGGTTGGGGACAT_009,15
TTTCCAGGGGTTGGGGACAT_010,76
TTTCCAGGGGTTGGGGACAT_011,180
TTTCCAGGGGTTGGGGACAT_012,64
TTTCCAGGGGTTGGGGACAT_013,170
TTTCCAGGGGTTGGGGACAT_014,168
TTTCCAGGGGTTGGGGACAT_015,175
ATTGTGGGTTACGGTCATTG_001,2
ATTGTGGGTTACGGTCATTG_002,151
ATTGTGGGTTACGGTCATTG_003,196
ATTGTGGGTTACGGTCATTG_004,169
ATTGTGGGTTACGGTCATTG_005,16
ATTGTGGGTTACGGTCATTG_006,132
ATTGTGGGTTACGGTCATTG_007,8
ATTGTGGGTTACGGTCATTG_008,94
ATTGTGGGTTACGGTCATTG_009,103
ATTGTGGGTTACGGTCATTG_010,158
ATTGTGGGTTACGGTCATTG_011,140
ATTGTGGGTTACGGTCATTG_012,124
ATTGTGGGTTACGGTCATTG_013,147
ATTGTGGGTTACGGTCATTG_014,108
ATTGTGGGTTACGGTCATTG_015,102
ATTGTGGGTTACGGTCATTG_016,10
AGTACTGCGAGCCGAAGGGT_001,44
AGTACTGCGAGCCGAAGGGT_002,53
AGTACTGCGAGCCGAAGGGT_003,93
AGTACTGCGAGCCGAAGGGT_004,127
AGTACTGCGAGCCGAAGGGT_005,178
AGGGAATGTGTCTGCATGTC_001,48
AGGGAATGTGTCTGCATGTC_002,15
GGATGGTCGTCAGATCCGTG_001,132
GGATGGTCGTCAGATCCGTG_002,191
GGATGGTCGTCAGATCCGTG_003,162
GGATGGTCGTCAGATCCGTG_004,174
GGATGGTCGTCAGATCCGTG_005,188
GGATGGTCGTCAGATCCGTG_006,157
GGATGGTCGTCAGATCCGTG_007,17
GGATGGTCGTCAGATCCGTG_008,78
GGATGGTCGTCAGATCCGTG_009,80
GGATGGTCGTCAGATCCGTG_010,6
GGATGGTCGTCAGATCCGTG_011,60
TGACAGACGAATCAGCACAA_001,113
TGACAGACGAATCAGCACAA_002,162
TGACAGACGAATCAGCACAA_003,129
TGACAGACGAATCAGCACAA_004,156
TGACAGACGAATCAGCACAA_005,175
TGACAGACGAATCAGCACAA_006,172
TGACAGACGAATCAGCACAA_007,167
TGACAGACGAATCAGCACAA_008,169
CCAGCCTGCTATGAGGACAT_001,166
CCAGCCTGCTATGAGGACAT_002,149
CCAGCCTGCTATGAGGACAT_003,15
CCAGCCTGCTATGAGGACAT_004,169
CCAGCCTGCTATGAGGACAT_005,197
CCAGCCTGCTATGAGGACAT_006,177
CCAGCCTGCTATGAGGACAT_007,29
CCAGCCTGCTATGAGGACAT_008,151
CCAGCCTGCTATGAGGACAT_009,183
CCAGCCTGCTATGAGGACAT_010,121
CCAGCCTGCTATGAGGACAT_011,102
CCAGCCTGCTATGAGGACAT_012,166
CCAGCCTGCTATGAGGACAT_013,137
CCAGCCTGCTATGAGGACAT_014,88
CCAGCCTGCTATGAGGACAT_015,184
CCAGCCTGCTATGAGGACAT_016,138
CCAGCCTGCTATGAGGACAT_017,159
CCAGCCTGCTATGAGGACAT_018,185
CCAGCCTGCTATGAGGACAT_019,80
CCAGCCTGCTATGAGGACAT_020,153
CCAGCCTGCTATGAGGACAT_021,176
CCAGCCTGCTATGAGGACAT_022,151
CCAGCCTGCTATGAGGACAT_023,70
CCAGCCTGCTATGAGGACAT_024,138
CCAGCCTGCTATGAGGACAT_025,103
CCAGCCTGCTATGAGGACAT_026,96
GCATTGTGATAGCTACTCCA_001,62
CAAGGGCATAGATATGTGGT_001,48
CAAGGGCATAGATATGTGGT_002,182
CAAGGGCATAGATATGTGGT_003,194
CAAGGGCATAGATATGTGGT_004,43
CATGCGCTTTCGTCACAGTG_001,183
CATGCGCTTTCGTCACAGTG_002,128
CATGCGCTTTCGTCACAGTG_003,168
CATGCGCTTTCGTCACAGTG_004,108
CATGCGCTTTCGTCACAGTG_005,134
CATGCGCTTTCGTCACAGTG_006,13
CATGCGCTTTCGTCACAGTG_007,19
CATGCGCTTTCGTCACAGTG_008,177
CCAAAAGAATCCGGAAGCAC_001,54
CCAAAAGAATCCGGAAGCAC_002,117
CCAAAAGAATCCGGAAGCAC_003,44
CCAAAAGAATCCGGAAGCAC_004,27
CCAAAAGAATCCGGAAGCAC_005,151
CCAAAAGAATCCGGAAGCAC_006,69
CCAAAAGAATCCGGAAGCAC_007,55
CCAAAAGAATCCGGAAGCAC_008,67
CCAAAAGAATCCGGAAGCAC_009,174
GGTCCCACTCTATGACCAGT_001,1
GGTCCCACTCTATGACCAGT_002,140
TCGGTCACATTCAGGCCGTG_001,124
CGTGAACTACGACTTCGACG_001,34
GGGTGCAATTGAAGTCTCTG_001,115
GGGTGCAATTGAAGTCTCTG_002,106
GGGTGCAATTGAAGTCTCTG_003,82
TTGACCACGTGAAAGGATGG_001,49
AATGTTGCAGTTATCACATG_001,199
AATGTTGCAGTTATCACATG_002,116
AATGTTGCAGTTATCACATG_003,198
AATGTTGCAGTTATCACATG_004,147
AATGTTGCAGTTATCACATG_005,19
AATGTTGCAGTTATCACATG_006,13
AATGTTGCAGTTATCACATG_007,152
AATGTTGCAGTTATCACATG_008,61
CTTGAGCCGGTAGTTCCCCA_001,23
CTTGAGCCGGTAGTTCCCCA_002,193
CTTGAGCCGGTAGTTCCCCA_003,129
CTTGAGCCGGTAGTTCCCCA_004,48
CTTGAGCCGGTAGTTCCCCA_005,120
CTTGAGCCGGTAGTTCCCCA_006,169
CTTGAGCCGGTAGTTCCCCA_007,192
CTTGAGCCGGTAGTTCCCCA_008,169
CTTGAGCCGGTAGTTCCCCA_009,135
CTTGAGCCGGTAGTTCCCCA_010,145
CTTGAGCCGGTAGTTCCCCA_011,34
CTTGAGCCGGTAGTTCCCCA_012,127
CTTGAGCCGGTAGTTCCCCA_013,164
AGAGGCACCAGAATGTCAGG_001,126
AGAGGCACCAGAATGTCAGG_002,8
AGAGGCACCAGAATGTCAGG_003,185
AGAGGCACCAGAATGTCAGG_004,145
AGAGGCACCAGAATGTCAGG_005,32
AGAGGCACCAGAATGTCAGG_006,98
AGAGGCACCAGAATGTCAGG_007,181
AGAGGCACCAGAATGTCAGG_008,94
AGAGGCACCAGAATGTCAGG_009,186
AGAGGCACCAGAATGTCAGG_010,96
AGAGGCACCAGAATGTCAGG_011,0
AGAGGCACCAGAATGTCAGG_012,168
AGAGGCACCAGAATGTCAGG_013,28
AGAGGCACCAGAATGTCAGG_014,37
AGAGGCACCAGAATGTCAGG_015,142
AGAGGCACCAGAATGTCAGG_016,10
AGAGGCACCAGAATGTCAGG_017,198
AGAGGCACCAGAATGTCAGG_018,137
GCTCTGTACAACATTCTCCT_001,110
CCTATAAACAATTTGGACGA_001,17
AACCGCCGTCGGTAGAAGAA_001,146
AACCGCCGTCGGTAGAAGAA_002,165
AACCGCCGTCGGTAGAAGAA_003,169
AACCGCCGTCGGTAGAAGAA_004,19
AACCGCCGTCGGTAGAAGAA_005,76
AACCGCCGTCGGTAGAAGAA_006,62
AACCGCCGTCGGTAGAAGAA_007,169
AACCGCCGTCGGTAGAAGAA_008,52
AACCGCCGTCGGTAGAAGAA_009,68
AACCGCCGTCGGTAGAAGAA_010,6
ACGATCTCCTCCACTCGCCG_001,53
ACGATCTCCTCCACTCGCCG_002,112
ACGATCTCCTCCACTCGCCG_003,173
ACGATCTCCTCCACTCGCCG_004,53
ACGATCTCCTCCACTCGCCG_005,56
ACGATCTCCTCCACTCGCCG_006,182
ACGATCTCCTCCACTCGCCG_007,35
TATGTGACGTTCCAACACCT_001,78
TATGTGACGTTCCAACACCT_002,175
TATGTGACGTTCCAACACCT_003,66
TATGTGACGTTCCAACACCT_004,23
TATGTGACGTTCCAACACCT_005,123
TATGTGACGTTCCAACACCT_006,105
TATGTGACGTTCCAACACCT_007,2
TATGTGACGTTCCAACACCT_008,166
TATGTGACGTTCCAACACCT_009,165
TATGTGACGTTCCAACACCT_010,94
TATGTGACGTTCCAACACCT_011,130
TATGTGACGTTCCAACACCT_012,130
TATGTGACGTTCCAACACCT_013,140
TATGTGACGTTCCAACACCT_014,13
TCTATTACCGATCTGCCCGG_001,102
TCCCCCTTCTCCATCAAATG_001,177
TCCCCCTTCTCCATCAAATG_002,169
TCCCCCTTCTCCATCAAATG_003,37
TCCCCCTTCTCCATCAAATG_004,11
TCCCCCTTCTCCATCAAATG_005,0
TCCCCCTTCTCCATCAAATG_006,174
TCCCCCTTCTCCATCAAATG_007,160
TCCCCCTTCTCCATCAAATG_008,95
TCCCCCTTCTCCATCAAATG_009,58
TCCCCCTTCTCCATCAAATG_010,127
TCCCCCTTCTCCATCAAATG_011,198
TCCCCCTTCTCCATCAAATG_012,69
TCCCCCTTCTCCATCAAATG_013,158
TGATTCTCGCCCCGCGTGTG_001,92
TGATTCTCGCCCCGCGTGTG_002,191
CAAGGACGTAACGCTAACGG_001,77
CAAGGACGTAACGCTAACGG_002,19
CAAGGACGTAACGCTAACGG_003,78
CAAGGACGTAACGCTAACGG_004,29
CAAGGACGTAACGCTAACGG_005,83
CAAGGACGTAACGCTAACGG_006,116
CAAGGACGTAACGCTAACGG_007,174
CAAGGACGTAACGCTAACGG_008,187
CAAGGACGTAACGCTAACGG_009,11
CAAGGACGTAACGCTAACGG_010,149
CAAGGACGTAACGCTAACGG_011,190
CAAGGACGTAACGCTAACGG_012,12
CAAGGACGTAACGCTAACGG_013,68
CAAGGACGTAACGCTAACGG_014,19
CAAGGACGTAACGCTAACGG_015,9
GGTCTCACCTGCACCCCGAA_001,0
GGTCTCACCTGCACCCCGAA_002,83
GGTCTCACCTGCACCCCGAA_003,178
GGTCTCACCTGCACCCCGAA_004,7
GGTCTCACCTGCACCCCGAA_005,109
GGTCTCACCTGCACCCCGAA_006,176
GGTCTCACCTGCACCCCGAA_007,116
GGTCTCACCTGCACCCCGAA_008,54
GGTCTCACCTGCACCCCGAA_009,104
GGTCTCACCTGCACCCCGAA_010,179
GGTCTCACCTGCACCCCGAA_011,9
GGTCTCACCTGCACCCCGAA_012,129
GGTCTCACCTGCACCCCGAA_013,93
GGTCTCACCTGCACCCCGAA_014,94
GGTCTCACCTGCACCCCGAA_015,94
GGTCTCACCTGCACCCCGAA_016,80
GGTCTCACCTGCACCCCGAA_017,128
GGTCTCACCTGCACCCCGAA_018,29
GGTCTCACCTGCACCCCGAA_019,198
GGTCTCACCTGCACCCCGAA_020,49
GGTCTCACCTGCACCCCGAA_021,131
GGTCTCACCTGCACCCCGAA_022,142
GGTCTCACCTGCACCCCGAA_023,19
CTGAGGATCACAGATAACTC_001,19
CTGAGGATCACAGATAACTC_002,29
CTGAGGATCACAGATAACTC_003,146
CTGAGGATCACAGATAACTC_004,199
CTGAGGATCACAGATAACTC_005,156
AGGTCTCAACACTATCATGT_001,144
AGGTCTCAACACTATCATGT_002,17
AGGTCTCAACACTATCATGT_003,114
AGGTCTCAACACTATCATGT_004,146
AGGTCTCAACACTATCATGT_005,72
CTGCATTCAGATGACCACAG_001,135
CTGCATTCAGATGACCACAG_002,19
CTGCATTCAGATGACCACAG_003,34
CTGCATTCAGATGACCACAG_004,62
CTGCATTCAGATGACCACAG_005,97
CTGGACCCCTGATATACCAA_001,169
CTGGACCCCTGATATACCAA_002,55
CTGGACCCCTGATATACCAA_003,29
CTGGACCCCTGATATACCAA_004,53
CTGGACCCCTGATATACCAA_005,78
CTGGACCCCTGATATACCAA_006,41
CTGGACCCCTGATATACCAA_007,185
CTGGACCCCTGATATACCAA_008,68
CTGGACCCCTGATATACCAA_009,169
CTGGACCCCTGATATACCAA_010,82
CTGGACCCCTGATATACCAA_011,70
CTGGACCCCTGATATACCAA_012,17
CTGGACCCCTGATATACCAA_013,154
CTGGACCCCTGATATACCAA_014,94
CTGGACCCCTGATATACCAA_015,154
CTGGACCCCTGATATACCAA_016,81
CTGGACCCCTGATATACCAA_017,19
CTGGACCCCTGATATACCAA_018,30
CTGGACCCCTGATATACCAA_019,4
CTGGACCCCTGATATACCAA_020,146
CTGGACCCCTGATATACCAA_021,166
GGCCAAGAAAAAGCTCACCA_001,70
GGCCAAGAAAAAGCTCACCA_002,3
GGCCAAGAAAAAGCTCACCA_003,164
GGCCAAGAAAAAGCTCACCA_004,151
GGCCAAGAAAAAGCTCACCA_005,132
GGCCAAGAAAAAGCTCACCA_006,32
GGCCAAGAAAAAGCTCACCA_007,170
GGCCAAGAAAAAGCTCACCA_008,15
GGCCAAGAAAAAGCTCACCA_009,161
GGCCAAGAAAAAGCTCACCA_010,149
GGCCAAGAAAAAGCTCACCA_011,47
GGCCAAGAAAAAGCTCACCA_012,116
GGCCAAGAAAAAGCTCACCA_013,30
GGCCAAGAAAAAGCTCACCA_014,119
GGCCAAGAAAAAGCTCACCA_015,137
GGCCAAGAAAAAGCTCACCA_016,103
GGCCAAGAAAAAGCTCACCA_017,196
GGCCAAGAAAAAGCTCACCA_018,106
GGCCAAGAAAAAGCTCACCA_019,183
GTACAATCTGGAAACGGCAT_001,12
GTACAATCTGGAAACGGCAT_002,187
GTACAATCTGGAAACGGCAT_003,31
GTACAATCTGGAAACGGCAT_004,86
GTACAATCTGGAAACGGCAT_005,148
GTACAATCTGGAAACGGCAT_006,104
GTACAATCTGGAAACGGCAT_007,194
GTACAATCTGGAAACGGCAT_008,142
GTACAATCTGGAAACGGCAT_009,90
GTACAATCTGGAAACGGCAT_010,91
GTACAATCTGGAAACGGCAT_011,197
GAAGGTCATGACGCACCAGT_001,15
GAAGGTCATGACGCACCAGT_002,2
GAAGGTCATGACGCACCAGT_003,55
GAAGGTCATGACGCACCAGT_004,162
GAAGGTCATGACGCACCAGT_005,106
AAGCCACAGGATCCTTCATG_001,52
ATGATTGTGTGGGTTGACTG_001,170
ATGATTGTGTGGGTTGACTG_002,72
ATGATTGTGTGGGTTGACTG_003,199
ATGATTGTGTGGGTTGACTG_004,172
ATGATTGTGTGGGTTGACTG_005,109
ATGATTGTGTGGGTTGACTG_006,124
ATGATTGTGTGGGTTGACTG_007,9
ATGATTGTGTGGGTTGACTG_008,28
ATGATTGTGTGGGTTGACTG_009,43
ATGATTGTGTGGGTTGACTG_010,58
ATGATTGTGTGGGTTGACTG_011,77
ATGATTGTGTGGGTTGACTG_012,189
ATGATTGTGTGGGTTGACTG_013,127
ATGATTGTGTGGGTTGACTG_014,66
ATGATTGTGTGGGTTGACTG_015,9
ATGATTGTGTGGGTTGACTG_016,174
ATGATTGTGTGGGTTGACTG_017,199
ATGATTGTGTGGGTTGACTG_018,44
ATGATTGTGTGGGTTGACTG_019,104
ATGATTGTGTGGGTTGACTG_020,70
ATGATTGTGTGGGTTGACTG_021,67
ATGATTGTGTGGGTTGACTG_022,191
ATGATTGTGTGGGTTGACTG_023,11
ATGATTGTGTGGGTTGACTG_024,190
ATGATTGTGTGGGTTGACTG_025,179
ATGATTGTGTGGGTTGACTG_026,179
ATGATTGTGTGGGTTGACTG_027,35
ATGATTGTGTGGGTTGACTG_028,182
ATGATTGTGTGGGTTGACTG_029,166
ATGATTGTGTGGGTTGACTG_030,69
ATGATTGTGTGGGTTGACTG_031,28
GCCGTGGTAATAGTGGCTTA_001,149
GCCGTGGTAATAGTGGCTTA_002,104
GCCGTGGTAATAGTGGCTTA_003,62
GCCGTGGTAATAGTGGCTTA_004,122
GCCGTGGTAATAGTGGCTTA_005,28
GCCGTGGTAATAGTGGCTTA_006,169
GGATTTGGGATACTGTTCTG_001,96
GGATTTGGGATACTGTTCTG_002,109
GGATTTGGGATACTGTTCTG_003,130
GGATTTGGGATACTGTTCTG_004,182
GGATTTGGGATACTGTTCTG_005,72
GGATTTGGGATACTGTTCTG_006,115
TCTGCGCGTGTTGGACTACG_001,113
TCTGCGCGTGTTGGACTACG_002,47
TCTGCGCGTGTTGGACTACG_003,188
TCTGCGCGTGTTGGACTACG_004,163
TCTGCGCGTGTTGGACTACG_005,116
TCTGCGCGTGTTGGACTACG_006,107
TCTGCGCGTGTTGGACTACG_007,168
GATGAATATGACAACCACTG_001,9
GATGAATATGACAACCACTG_002,197
GATGAATATGACAACCACTG_003,126
GATGAATATGACAACCACTG_004,35
GATGAATATGACAACCACTG_005,197
GAAGGACCTGCTATTGAGTG_001,56
GAAGGACCTGCTATTGAGTG_002,168
GAAGGACCTGCTATTGAGTG_003,152
GAAGGACCTGCTATTGAGTG_004,63
GCAGTGCAAACATAGCCTCT_001,146
GCAGTGCAAACATAGCCTCT_002,94
GCAGTGCAAACATAGCCTCT_003,94
GCAGTGCAAACATAGCCTCT_004,23
GCAGTGCAAACATAGCCTCT_005,140
GCAGTGCAAACATAGCCTCT_006,127
GCAGTGCAAACATAGCCTCT_007,48
GCAGTGCAAACATAGCCTCT_008,113
GCAGTGCAAACATAGCCTCT_009,113
GCAGTGCAAACATAGCCTCT_010,50
GCAGTGCAAACATAGCCTCT_011,176
GCAGTGCAAACATAGCCTCT_012,55
GCAGTGCAAACATAGCCTCT_013,119
GCAGTGCAAACATAGCCTCT_014,171
GCAGTGCAAACATAGCCTCT_015,156
GCAGTGCAAACATAGCCTCT_016,34
GCAGTGCAAACATAGCCTCT_017,102
GCAGTGCAAACATAGCCTCT_018,85
TTGGCATAGTCCACACACGG_001,133
TTGGCATAGTCCACACACGG_002,178
TTGGCATAGTCCACACACGG_003,178
TTGGCATAGTCCACACACGG_004,36
TTGGCATAGTCCACACACGG_005,119
TTGGCATAGTCCACACACGG_006,170
TCTGGAGGGCTTAGTATCAG_001,179
TCTGGAGGGCTTAGTATCAG_002,41
TCTGGAGGGCTTAGTATCAG_003,194
TCTGGAGGGCTTAGTATCAG_004,1
TTGAGCAGTACTGTAGTGGT_001,161
TTGAGCAGTACTGTAGTGGT_002,42
TTGAGCAGTACTGTAGTGGT_003,52
TTGAGCAGTACTGTAGTGGT_004,80
TTGAGCAGTACTGTAGTGGT_005,79
TTGAGCAGTACTGTAGTGGT_006,184
TTGAGCAGTACTGTAGTGGT_007,138
TTGAGCAGTACTGTAGTGGT_008,106
GTTGGAGTAATGTGTGCGTG_001,34
GTTGGAGTAATGTGTGCGTG_002,15
GTTGGAGTAATGTGTGCGTG_003,9
GTTGGAGTAATGTGTGCGTG_004,38
GTTGGAGTAATGTGTGCGTG_005,38
GTTGGAGTAATGTGTGCGTG_006,154
GTTGGAGTAATGTGTGCGTG_007,13
GTTGGAGTAATGTGTGCGTG_008,163
GTTGGAGTAATGTGTGCGTG_009,23
GTTGGAGTAATGTGTGCGTG_010,150
GTTGGAGTAATGTGTGCGTG_011,30
GTTGGAGTAATGTGTGCGTG_012,48
GTTGGAGTAATGTGTGCGTG_013,62
GTTGGAGTAATGTGTGCGTG_014,155
GTTGGAGTAATGTGTGCGTG_015,105
GTTGGAGTAATGTGTGCGTG_016,90
GTTGGAGTAATGTGTGCGTG_017,22
GTTGGAGTAATGTGTGCGTG_018,151
GTTGGAGTAATGTGTGCGTG_019,121
GTTGGAGTAATGTGTGCGTG_020,1
GTTGGAGTAATGTGTGCGTG_021,15
GTTGGAGTAATGTGTGCGTG_022,62
GTTGGAGTAATGTGTGCGTG_023,10
GTTGGAGTAATGTGTGCGTG_024,174
GTTGGAGTAATGTGTGCGTG_025,167
GTTGGAGTAATGTGTGCGTG_026,77
GTTGGAGTAATGTGTGCGTG_027,82
GTTGGAGTAATGTGTGCGTG_028,198
TCCAGTGTAAACCACAACAC_001,18
TCCAGTGTAAACCACAACAC_002,194
TCCAGTGTAAACCACAACAC_003,160
TCCAGTGTAAACCACAACAC_004,198
TCCAGTGTAAACCACAACAC_005,130
TCCAGTGTAAACCACAACAC_006,15
TCCAGTGTAAACCACAACAC_007,160
TCCAGTGTAAACCACAACAC_008,48
TCCAGTGTAAACCACAACAC_009,134
TCCAGTGTAAACCACAACAC_010,175
TCCAGTGTAAACCACAACAC_011,28
AAAAGTATAGAAAAGTCTGG_001,126
AAAAGTATAGAAAAGTCTGG_002,169
AAAAGTATAGAAAAGTCTGG_003,178
CAATCCTCTGCTTTATACAG_001,126
CTAGTTCTCAGGTCCTAGTG_001,103
CTAGTTCTCAGGTCCTAGTG_002,168
CTAGTTCTCAGGTCCTAGTG_003,11
AGGAGACTCAGAACCAGTCG_001,23
AGGAGACTCAGAACCAGTCG_002,8
AGGAGACTCAGAACCAGTCG_003,88
AGGAGACTCAGAACCAGTCG_004,66
AGGAGACTCAGAACCAGTCG_005,138
AGGAGACTCAGAACCAGTCG_006,130
AGGAGACTCAGAACCAGTCG_007,107
AGGAGACTCAGAACCAGTCG_008,149
AGGAGACTCAGAACCAGTCG_009,33
AGGAGACTCAGAACCAGTCG_010,176
AGGAGACTCAGAACCAGTCG_011,144
AGGAGACTCAGAACCAGTCG_012,20
CAGAGCTGTCCTTCTCGTAG_001,103
CAGAGCTGTCCTTCTCGTAG_002,96
CGCGCCTACCCCGTACACGT_001,29
CGCGCCTACCCCGTACACGT_002,48
CGCGCCTACCCCGTACACGT_003,68
CGCGCCTACCCCGTACACGT_004,67
CGCGCCTACCCCGTACACGT_005,167
CGCGCCTACCCCGTACACGT_006,78
CGCGCCTACCCCGTACACGT_007,191
CGCGCCTACCCCGTACACGT_008,150
CGCGCCTACCCCGTACACGT_009,88
CGCGCCTACCCCGTACACGT_010,194
CGCGCCTACCCCGTACACGT_011,164
CGCGCCTACCCCGTACACGT_012,65
CGCGCCTACCCCGTACACGT_013,162
CGCGCCTACCCCGTACACGT_014,120
CGCGCCTACCCCGTACACGT_015,174
CGCGCCTACCCCGTACACGT_016,178
CGCGCCTACCCCGTACACGT_017,32
CGCGCCTACCCCGTACACGT_018,175
CGCGCCTACCCCGTACACGT_019,19
CGCGCCTACCCCGTACACGT_020,63
TCTGTACATGAGGACGACAG_001,118
ATGTGTCATTCCCAGATGTG_001,20
ATGTGTCATTCCCAGATGTG_002,130
ATGTGTCATTCCCAGATGTG_003,121
ATGTGTCATTCCCAGATGTG_004,18
ATGTGTCATTCCCAGATGTG_005,111
ATGTGTCATTCCCAGATGTG_006,62
ATGTGTCATTCCCAGATGTG_007,19
ATGTGTCATTCCCAGATGTG_008,96
ATGTGTCATTCCCAGATGTG_009,68
ATGTGTCATTCCCAGATGTG_010,166
ATGTGTCATTCCCAGATGTG_011,107
ATGTGTCATTCCCAGATGTG_012,199
ATGTGTCATTCCCAGATGTG_013,134
ATGTGTCATTCCCAGATGTG_014,182
ATGTGTCATTCCCAGATGTG_015,144
ATGTGTCATTCCCAGATGTG_016,38
ATGTGTCATTCCCAGATGTG_017,139
ATGTGTCATTCCCAGATGTG_018,161
ATGTGTCATTCCCAGATGTG_019,12
ATGTGTCATTCCCAGATGTG_020,170
ATGTGTCATTCCCAGATGTG_021,68
ATGTGTCATTCCCAGATGTG_022,52
ATGTGTCATTCCCAGATGTG_023,42
ATGTGTCATTCCCAGATGTG_024,58
ATGTGTCATTCCCAGATGTG_025,199
ATGTGTCATTCCCAGATGTG_026,46
ATGTGTCATTCCCAGATGTG_027,35
ATGTGTCATTCCCAGATGTG_028,17
ATGTGTCATTCCCAGATGTG_029,57
ATGTGTCATTCCCAGATGTG_030,59
ATGTGTCATTCCCAGATGTG_031,81
ATGTGTCATTCCCAGATGTG_032,35
ATGTGTCATTCCCAGATGTG_033,10
ATGTGTCATTCCCAGATGTG_034,141
ATGTGTCATTCCCAGATGTG_035,105
ATGTGTCATTCCCAGATGTG_036,78
ATGTGTCATTCCCAGATGTG_037,6
ATTTCAGCCTCAGCCAAAAG_001,163
ATTTCAGCCTCAGCCAAAAG_002,96
ATTTCAGCCTCAGCCAAAAG_003,107
ATTTCAGCCTCAGCCAAAAG_004,50
ATTTCAGCCTCAGCCAAAAG_005,142
ATTTCAGCCTCAGCCAAAAG_006,65
ATTTCAGCCTCAGCCAAAAG_007,106
CCATGTGAAATGCAAAGACC_001,127
CCATGTGAAATGCAAAGACC_002,177
CCATGTGAAATGCAAAGACC_003,71
CCATGTGAAATGCAAAGACC_004,88
CCATGTGAAATGCAAAGACC_005,108
CCATGTGAAATGCAAAGACC_006,45
CCATGTGAAATGCAAAGACC_007,152
CCATGTGAAATGCAAAGACC_008,82
CCATGTGAAATGCAAAGACC_009,82
CGCACGACCATTGCTGCTGC_001,54
CGCACGACCATTGCTGCTGC_002,88
CGCACGACCATTGCTGCTGC_003,197
CGCACGACCATTGCTGCTGC_004,19
CGCACGACCATTGCTGCTGC_005,27
CGCACGACCATTGCTGCTGC_006,189
CGCACGACCATTGCTGCTGC_007,60
CGCACGACCATTGCTGCTGC_008,132
CGCACGACCATTGCTGCTGC_009,172
CGCACGACCATTGCTGCTGC_010,2
CGCACGACCATTGCTGCTGC_011,13
CGCACGACCATTGCTGCTGC_012,148
CGCACGACCATTGCTGCTGC_013,149
CGCACGACCATTGCTGCTGC_014,191
CGCACGACCATTGCTGCTGC_015,51
CGCACGACCATTGCTGCTGC_016,128
CGCACGACCATTGCTGCTGC_017,2
CGCACGACCATTGCTGCTGC_018,65
CGCACGACCATTGCTGCTGC_019,182
CGCACGACCATTGCTGCTGC_020,40
CGCACGACCATTGCTGCTGC_021,50
CGCACGACCATTGCTGCTGC_022,5
CGCACGACCATTGCTGCTGC_023,58
CGCACGACCATTGCTGCTGC_024,15
CGCACGACCATTGCTGCTGC_025,42
CGCACGACCATTGCTGCTGC_026,50
CGCACGACCATTGCTGCTGC_027,67
CGCACGACCATTGCTGCTGC_028,141
CGCACGACCATTGCTGCTGC_029,81
CGCACGACCATTGCTGCTGC_030,116
CGCACGACCATTGCTGCTGC_031,6
CGCACGACCATTGCTGCTGC_032,164
CGCACGACCATTGCTGCTGC_033,42
CGCACGACCATTGCTGCTGC_034,190
CGCACGACCATTGCTGCTGC_035,24
CGCACGACCATTGCTGCTGC_036,174
TATGTTTGTAAATGTCCCCG_001,9
TATGTTTGTAAATGTCCCCG_002,81
CACTCACGCCATCCAATACG_001,185
CACTCACGCCATCCAATACG_002,24
CACTCACGCCATCCAATACG_003,171
CACTCACGCCATCCAATACG_004,48
CACTCACGCCATCCAATACG_005,106
CACTCACGCCATCCAATACG_006,188
CACTCACGCCATCCAATACG_007,63
CACTCACGCCATCCAATACG_008,151
CACTCACGCCATCCAATACG_009,128
CCAGTTCCACAAGCTAGGCA_001,108
CCAGTTCCACAAGCTAGGCA_002,113
CCAGTTCCACAAGCTAGGCA_003,29
CCAGTTCCACAAGCTAGGCA_004,24
CCAGTTCCACAAGCTAGGCA_005,115
CCAGTTCCACAAGCTAGGCA_006,123
CCAGTTCCACAAGCTAGGCA_007,70
CCAGTTCCACAAGCTAGGCA_008,96
CCAGTTCCACAAGCTAGGCA_009,153
AGAATCCTTAGAGATCGAGC_001,171
AGAATCCTTAGAGATCGAGC_002,43
AGAATCCTTAGAGATCGAGC_003,15
AGAATCCTTAGAGATCGAGC_004,140
AGAATCCTTAGAGATCGAGC_005,185
GGTAGAGGTTGCACCTCCTA_001,69
GGTAGAGGTTGCACCTCCTA_002,48
GGTAGAGGTTGCACCTCCTA_003,149
GGTAGAGGTTGCACCTCCTA_004,183
GGTAGAGGTTGCACCTCCTA_005,172
GGTAGAGGTTGCACCTCCTA_006,120
GCCGTGAGCGGATAAAGTCC_001,175
GCCGTGAGCGGATAAAGTCC_002,5
TTAGCAACCTCTGGTAATCA_001,41
TTAGCAACCTCTGGTAATCA_002,126
TTAGCAACCTCTGGTAATCA_003,69
TTAGCAACCTCTGGTAATCA_004,9
TTAGCAACCTCTGGTAATCA_005,1
TTGGCCCTATTGATGTCTAA_001,41
TTGGCCCTATTGATGTCTAA_002,48
TTGGCCCTATTGATGTCTAA_003,188
TTGGCCCTATTGATGTCTAA_004,141
TTGGCCCTATTGATGTCTAA_005,83
TTGGCCCTATTGATGTCTAA_006,178
TTGGCCCTATTGATGTCTAA_007,115
TTGGCCCTATTGATGTCTAA_008,138
TTGGCCCTATTGATGTCTAA_009,43
TTAAGAAATATGGTGCGCAG_001,187
TTAAGAAATATGGTGCGCAG_002,41
TTAAGAAATATGGTGCGCAG_003,42
TTAAGAAATATGGTGCGCAG_004,9
TTAAGAAATATGGTGCGCAG_005,12
GGTTTCCACCATTAGCACGC_001,49
GGTTTCCACCATTAGCACGC_002,8
GGTTTCCACCATTAGCACGC_003,102
GGTTTCCACCATTAGCACGC_004,46
GTTAATCTGCCGGTCTGATG_001,68
GTTAATCTGCCGGTCTGATG_002,161
GTTAATCTGCCGGTCTGATG_003,34
GTTAATCTGCCGGTCTGATG_004,49
GTTAATCTGCCGGTCTGATG_005,116
TACCACATGAGACTCACATG_001,97
TACCACATGAGACTCACATG_002,26
TACCACATGAGACTCACATG_003,16
TACCACATGAGACTCACATG_004,64
TACCACATGAGACTCACATG_005,191
TACCACATGAGACTCACATG_006,105
TACCACATGAGACTCACATG_007,48
TACCACATGAGACTCACATG_008,29
TACCACATGAGACTCACATG_009,54
TACCACATGAGACTCACATG_010,77
TACCACATGAGACTCACATG_011,48
TACCACATGAGACTCACATG_012,33
TACCACATGAGACTCACATG_013,74
TACCACATGAGACTCACATG_014,156
TACCACATGAGACTCACATG_015,98
TACCACATGAGACTCACATG_016,190
TACCACATGAGACTCACATG_017,58
TACCACATGAGACTCACATG_018,0
TACCACATGAGACTCACATG_019,197
TACCACATGAGACTCACATG_020,43
TACCACATGAGACTCACATG_021,148
TACCACATGAGACTCACATG_022,115
TACCACATGAGACTCACATG_023,116
TACCACATGAGACTCACATG_024,107
TACCACATGAGACTCACATG_025,43
TACCACATGAGACTCACATG_026,79
TACCACATGAGACTCACATG_027,66
AGGGCTTCTTAAGCTGCAGT_001,14
AGGGCTTCTTAAGCTGCAGT_002,66
AGGGCTTCTTAAGCTGCAGT_003,151
AGGGCTTCTTAAGCTGCAGT_004,6
AGGGCTTCTTAAGCTGCAGT_005,143
AGGGCTTCTTAAGCTGCAGT_006,143
AGGGCTTCTTAAGCTGCAGT_007,115
AGGGCTTCTTAAGCTGCAGT_008,141
AGGGCTTCTTAAGCTGCAGT_009,169
AGGGCTTCTTAAGCTGCAGT_010,39
AAACAGGAACAGCTATTACG_001,58
AAACAGGAACAGCTATTACG_002,81
AAACAGGAACAGCTATTACG_003,95
AAACAGGAACAGCTATTACG_004,191
AAACAGGAACAGCTATTACG_005,15
AAACAGGAACAGCTATTACG_006,191
AAACAGGAACAGCTATTACG_007,127
AAACAGGAACAGCTATTACG_008,130
AAACAGGAACAGCTATTACG_009,188
AAACAGGAACAGCTATTACG_010,34
AAACAGGAACAGCTATTACG_011,11
AAACAGGAACAGCTATTACG_012,40
AAACAGGAACAGCTATTACG_013,196
AAACAGGAACAGCTATTACG_014,74
AAACAGGAACAGCTATTACG_015,29
AGTGGGCTGATGGTCCTGCG_001,147
AGTGGGCTGATGGTCCTGCG_002,36
AGTGGGCTGATGGTCCTGCG_003,180
AGTGGGCTGATGGTCCTGCG_004,101
CCCACCAGCATGTTTGACGT_001,160
CCCACCAGCATGTTTGACGT_002,19
CTGGTCCCAGCCACTAAAAG_001,50
CTGGTCCCAGCCACTAAAAG_002,49
CTGGTCCCAGCCACTAAAAG_003,163
CTGGTCCCAGCCACTAAAAG_004,68
CTGGTCCCAGCCACTAAAAG_005,153
CTGGTCCCAGCCACTAAAAG_006,93
CTGGTCCCAGCCACTAAAAG_007,12
CTGGTCCCAGCCACTAAAAG_008,197
AGGTTGACCATCACAGTCCG_001,11
AGGTTGACCATCACAGTCCG_002,72
AGGTTGACCATCACAGTCCG_003,101
AGGTTGACCATCACAGTCCG_004,188
AGGTTGACCATCACAGTCCG_005,150
AGGTTGACCATCACAGTCCG_006,146
AGGTTGACCATCACAGTCCG_007,14
AGGTTGACCATCACAGTCCG_008,19
AGGTTGACCATCACAGTCCG_009,60
AGGTTGACCATCACAGTCCG_010,111
AGGTTGACCATCACAGTCCG_011,6
AGGTTGACCATCACAGTCCG_012,146
AGGTTGACCATCACAGTCCG_013,110
GTACCTGAGCTGAGAATAGT_001,107
GTACCTGAGCTGAGAATAGT_002,48
GTACCTGAGCTGAGAATAGT_003,33
GTACCTGAGCTGAGAATAGT_004,118
GTACCTGAGCTGAGAATAGT_005,32
GTACCTGAGCTGAGAATAGT_006,198
GTACCTGAGCTGAGAATAGT_007,172
GTACCTGAGCTGAGAATAGT_008,112
GTACCTGAGCTGAGAATAGT_009,70
GTACCTGAGCTGAGAATAGT_010,38
GTACCTGAGCTGAGAATAGT_011,115
GTACCTGAGCTGAGAATAGT_012,10
GTACCTGAGCTGAGAATAGT_013,19
GTACCTGAGCTGAGAATAGT_014,183
GTACCTGAGCTGAGAATAGT_015,147
CTTTCTGCACCAAACCCGGA_001,44
CTTTCTGCACCAAACCCGGA_002,33
CTTTCTGCACCAAACCCGGA_003,81
CTTTCTGCACCAAACCCGGA_004,16
CTTTCTGCACCAAACCCGGA_005,33
CTTTCTGCACCAAACCCGGA_006,144
CTTTCTGCACCAAACCCGGA_007,78
CTTTCTGCACCAAACCCGGA_008,75
CTTTCTGCACCAAACCCGGA_009,68
CTTTCTGCACCAAACCCGGA_010,166
CTTTCTGCACCAAACCCGGA_011,4
CTTTCTGCACCAAACCCGGA_012,57
CTTTCTGCACCAAACCCGGA_013,158
CTTTCTGCACCAAACCCGGA_014,197
CTTTCTGCACCAAACCCGGA_015,9
CTTTCTGCACCAAACCCGGA_016,6
CTTTCTGCACCAAACCCGGA_017,127
CTTTCTGCACCAAACCCGGA_018,169
CTTTCTGCACCAAACCCGGA_019,160
CTTTCTGCACCAAACCCGGA_020,94
CTTTCTGCACCAAACCCGGA_021,81
CTTTCTGCACCAAACCCGGA_022,197
CTTTCTGCACCAAACCCGGA_023,149
AAAGTTGAGGTGACCCACTG_001,78
AAAGTTGAGGTGACCCACTG_002,172
AAAGTTGAGGTGACCCACTG_003,50
AAAGTTGAGGTGACCCACTG_004,52
AAAGTTGAGGTGACCCACTG_005,194
AAAGTTGAGGTGACCCACTG_006,130
AAAGTTGAGGTGACCCACTG_007,70
AAAGTTGAGGTGACCCACTG_008,172
AAAGTTGAGGTGACCCACTG_009,21
AAAGTTGAGGTGACCCACTG_010,115
AAAGTTGAGGTGACCCACTG_011,145
AAAGTTGAGGTGACCCACTG_012,193
CGGCTGCCCCTACTACCAGT_001,60
CGGCTGCCCCTACTACCAGT_002,188
CGGCTGCCCCTACTACCAGT_003,52
CGGCTGCCCCTACTACCAGT_004,104
CGGCTGCCCCTACTACCAGT_005,63
CGGCTGCCCCTACTACCAGT_006,99
CGGCTGCCCCTACTACCAGT_007,34
TCCTCGTCGACATTCCCGCG_001,36
TCCTCGTCGACATTCCCGCG_002,191
TCTTATACTCTTGACTCCGA_001,174
TCTTATACTCTTGACTCCGA_002,28
TCTTATACTCTTGACTCCGA_003,184
TCTTATACTCTTGACTCCGA_004,40
AAGGTGTTACCTTGCCTGTG_001,137
AAGGTGTTACCTTGCCTGTG_002,185
AAGGTGTTACCTTGCCTGTG_003,141
AAGGTGTTACCTTGCCTGTG_004,115
AAGGTGTTACCTTGCCTGTG_005,8
AAGGTGTTACCTTGCCTGTG_006,183
AAGGTGTTACCTTGCCTGTG_007,183
GCCATTTCCTCGGAGCTGCG_001,160
GCCATTTCCTCGGAGCTGCG_002,106
GCCATTTCCTCGGAGCTGCG_003,108
GCCATTTCCTCGGAGCTGCG_004,108
GCCATTTCCTCGGAGCTGCG_005,15
GCCATTTCCTCGGAGCTGCG_006,102
GCCATTTCCTCGGAGCTGCG_007,56
GGGACTATGGCAGTTCCAAG_001,150
GGGACTATGGCAGTTCCAAG_002,81
GGGACTATGGCAGTTCCAAG_003,65
GGGACTATGGCAGTTCCAAG_004,83
GGGACTATGGCAGTTCCAAG_005,121
GGGACTATGGCAGTTCCAAG_006,162
CTTACCACAACAAAGATGGC_001,47
CTTACCACAACAAAGATGGC_002,108
CTTACCACAACAAAGATGGC_003,80
CTTACCACAACAAAGATGGC_004,22
CTTACCACAACAAAGATGGC_005,83
CTTACCACAACAAAGATGGC_006,74
CTTACCACAACAAAGATGGC_007,2
CTTACCACAACAAAGATGGC_008,10
CTTACCACAACAAAGATGGC_009,34
CTTACCACAACAAAGATGGC_010,188
CTTACCACAACAAAGATGGC_011,103
CTTACCACAACAAAGATGGC_012,72
CTTACCACAACAAAGATGGC_013,22
CTTACCACAACAAAGATGGC_014,104
GTTGAAGTTGGGCTTCTCTG_001,40
GTTGAAGTTGGGCTTCTCTG_002,21
GTTGAAGTTGGGCTTCTCTG_003,88
GTTGAAGTTGGGCTTCTCTG_004,116
GTTGAAGTTGGGCTTCTCTG_005,9
GTTGAAGTTGGGCTTCTCTG_006,184
GCCTGCATCACGGAACGAGA_001,22
GCCTGCATCACGGAACGAGA_002,58
GCCTGCATCACGGAACGAGA_003,80
GCCTGCATCACGGAACGAGA_004,192
GCCTGCATCACGGAACGAGA_005,79
GCCTGCATCACGGAACGAGA_006,173
GCCTGCATCACGGAACGAGA_007,17
GCCTGCATCACGGAACGAGA_008,191
GCCTGCATCACGGAACGAGA_009,119
GCCTGCATCACGGAACGAGA_010,150
GCCTGCATCACGGAACGAGA_011,76
GCCTGCATCACGGAACGAGA_012,44
GCCTGCATCACGGAACGAGA_013,184
GCCTGCATCACGGAACGAGA_014,81
GCCTGCATCACGGAACGAGA_015,13
GCCTGCATCACGGAACGAGA_016,102
GCCTGCATCACGGAACGAGA_017,7
GCCTGCATCACGGAACGAGA_018,108
GCCTGCATCACGGAACGAGA_019,85
GCCTGCATCACGGAACGAGA_020,50
GCCTGCATCACGGAACGAGA_021,119
AAATATTCTTCCCGTTACTT_001,81
AAATATTCTTCCCGTTACTT_002,199
AAATATTCTTCCCGTTACTT_003,44
AAATATTCTTCCCGTTACTT_004,70
AAATATTCTTCCCGTTACTT_005,28
GTGTCCTAGAGCACCGCCGG_001,119
GTGTCCTAGAGCACCGCCGG_002,45
GCTCTGTGCGAATGACAGTG_001,173
GCTCTGTGCGAATGACAGTG_002,113
GCTCTGTGCGAATGACAGTG_003,160
GCTCTGTGCGAATGACAGTG_004,88
GCTCTGTGCGAATGACAGTG_005,31
GCTCTGTGCGAATGACAGTG_006,199
GCTCTGTGCGAATGACAGTG_007,199
GCTCTGTGCGAATGACAGTG_008,119
AAGGCTCTCCTTTGTATCCA_001,15
AAGGCTCTCCTTTGTATCCA_002,160
AAGGCTCTCCTTTGTATCCA_003,54
AAGGCTCTCCTTTGTATCCA_004,193
AAGGCTCTCCTTTGTATCCA_005,108
AAGGCTCTCCTTTGTATCCA_006,83
AAGGCTCTCCTTTGTATCCA_007,125
AAGGCTCTCCTTTGTATCCA_008,161
AAGGCTCTCCTTTGTATCCA_009,6
TGGTGCACGTACCATGAGAA_001,57
TGGTGCACGTACCATGAGAA_002,118
TGGTGCACGTACCATGAGAA_003,197
TGGTGCACGTACCATGAGAA_004,60
TGGTGCACGTACCATGAGAA_005,27
TGGTGCACGTACCATGAGAA_006,106
TGGTGCACGTACCATGAGAA_007,106
TGGTGCACGTACCATGAGAA_008,166
TGGTGCACGTACCATGAGAA_009,103
TGGTGACAGAAAGAAGACAT_001,141
TCTTCCAGGAGAAAGGCGAG_001,42
TCTTCCAGGAGAAAGGCGAG_002,162
TCTTCCAGGAGAAAGGCGAG_003,49
TCTTCCAGGAGAAAGGCGAG_004,27
TCTTCCAGGAGAAAGGCGAG_005,12
TCTTCCAGGAGAAAGGCGAG_006,15
TCTTCCAGGAGAAAGGCGAG_007,104
TCTTCCAGGAGAAAGGCGAG_008,168
TCTTCCAGGAGAAAGGCGAG_009,190
TCTTCCAGGAGAAAGGCGAG_010,29
TCTTCCAGGAGAAAGGCGAG_011,165
ACAGACTTGTAAAGAAACCA_001,15
ACAGACTTGTAAAGAAACCA_002,42
CGCCGCACACTCAAAAACCG_001,169
CGCCGCACACTCAAAAACCG_002,170
CGCCGCACACTCAAAAACCG_003,34
CGCCGCACACTCAAAAACCG_004,170
GCCACAGAAACACAGATCAG_001,142
GCCACAGAAACACAGATCAG_002,97
GCCACAGAAACACAGATCAG_003,100
GCCACAGAAACACAGATCAG_004,36
GCCACAGAAACACAGATCAG_005,83
GCCACAGAAACACAGATCAG_006,127
GCCACAGAAACACAGATCAG_007,102
AATGCACTTTATCGCTACCG_001,138
AATGCACTTTATCGCTACCG_002,84
AATGCACTTTATCGCTACCG_003,144
AATGCACTTTATCGCTACCG_004,150
CAAGGCTTATAAGACAACAT_001,139
CAAGGCTTATAAGACAACAT_002,59
CGGAGCCGAGACCATAGATG_001,150
CGGAGCCGAGACCATAGATG_002,155
CGGAGCCGAGACCATAGATG_003,27
CGGAGCCGAGACCATAGATG_004,35
CGGAGCCGAGACCATAGATG_005,14
CGGAGCCGAGACCATAGATG_006,14
CGGAGCCGAGACCATAGATG_007,34
CGGAGCCGAGACCATAGATG_008,40
CGGAGCCGAGACCATAGATG_009,143
CGGAGCCGAGACCATAGATG_010,102
CGGAGCCGAGACCATAGATG_011,169
CGGAGCCGAGACCATAGATG_012,76
CGGAGCCGAGACCATAGATG_013,40
CGGAGCCGAGACCATAGATG_014,138
GGCTCGCAGGAACCGAATTG_001,185
GGCTCGCAGGAACCGAATTG_002,16
GGCTCGCAGGAACCGAATTG_003,108
GGCTCGCAGGAACCGAATTG_004,124
GGCTCGCAGGAACCGAATTG_005,56
GGCTCGCAGGAACCGAATTG_006,153
GGCTCGCAGGAACCGAATTG_007,33
GGCTCGCAGGAACCGAATTG_008,187
CAGGATGAGTACCGGCAGTG_001,192
CAGGATGAGTACCGGCAGTG_002,13
CAGGATGAGTACCGGCAGTG_003,126
CAGGATGAGTACCGGCAGTG_004,172
CAGGATGAGTACCGGCAGTG_005,154
CAGGATGAGTACCGGCAGTG_006,163
CAGGATGAGTACCGGCAGTG_007,172
CAGGATGAGTACCGGCAGTG_008,47
CAGGATGAGTACCGGCAGTG_009,118
CAGGATGAGTACCGGCAGTG_010,170
CAGGATGAGTACCGGCAGTG_011,106
CAGGATGAGTACCGGCAGTG_012,28
CAGGATGAGTACCGGCAGTG_013,127
CAGGATGAGTACCGGCAGTG_014,108
CAGGATGAGTACCGGCAGTG_015,84
CAGGATGAGTACCGGCAGTG_016,65
CAGGATGAGTACCGGCAGTG_017,94
CAGGATGAGTACCGGCAGTG_018,118
CAGGATGAGTACCGGCAGTG_019,83
CAGGATGAGTACCGGCAGTG_020,111
CAGGATGAGTACCGGCAGTG_021,156
CAGGATGAGTACCGGCAGTG_022,141
CAGGATGAGTACCGGCAGTG_023,192
CAGGATGAGTACCGGCAGTG_024,73
CAGGATGAGTACCGGCAGTG_025,149
CAGGATGAGTACCGGCAGTG_026,43
CAGGATGAGTACCGGCAGTG_027,103
CAGGATGAGTACCGGCAGTG_028,16
CAGGATGAGTACCGGCAGTG_029,29
CAGGATGAGTACCGGCAGTG_030,154
CAGGATGAGTACCGGCAGTG_031,173
CAGGATGAGTACCGGCAGTG_032,92
CAGGATGAGTACCGGCAGTG_033,71
CAGGATGAGTACCGGCAGTG_034,64
CAGGATGAGTACCGGCAGTG_035,47
CAGGATGAGTACCGGCAGTG_036,141
CAGGATGAGTACCGGCAGTG_037,141
CAGGATGAGTACCGGCAGTG_038,48
CAGGATGAGTACCGGCAGTG_039,136
CAGGATGAGTACCGGCAGTG_040,180
CAGGATGAGTACCGGCAGTG_041,193
TCATAACCGGAATAGTTACC_001,161
TCATAACCGGAATAGTTACC_002,97
CCTTAGCGATTTGATCCCAG_001,78
CCTTAGCGATTTGATCCCAG_002,194
CCTTAGCGATTTGATCCCAG_003,35
CCTTAGCGATTTGATCCCAG_004,120
CCTTAGCGATTTGATCCCAG_005,45
CCTTAGCGATTTGATCCCAG_006,92
CCTTAGCGATTTGATCCCAG_007,91
CCTTAGCGATTTGATCCCAG_008,55
CCTTAGCGATTTGATCCCAG_009,154
CTTGTGGGCGTGCATGAGAT_001,46
CTTGTGGGCGTGCATGAGAT_002,98
CTTGTGGGCGTGCATGAGAT_003,19
CTTGTGGGCGTGCATGAGAT_004,139
CTTGTGGGCGTGCATGAGAT_005,28
GCTACTATCACAAGCCTGTG_001,178
GCTACTATCACAAGCCTGTG_002,23
GCTACTATCACAAGCCTGTG_003,128
GCTACTATCACAAGCCTGTG_004,142
AAAGCAGTTTGTGTCCGACG_001,185
AAAGCAGTTTGTGTCCGACG_002,107
AAAGCAGTTTGTGTCCGACG_003,12
AAAGCAGTTTGTGTCCGACG_004,112
AAAGCAGTTTGTGTCCGACG_005,86
AAAGCAGTTTGTGTCCGACG_006,2
AAAGCAGTTTGTGTCCGACG_007,1
AAAGCAGTTTGTGTCCGACG_008,76
AGTGATCTTCTACATCATGG_001,148
AGTGATCTTCTACATCATGG_002,142
CAAGTGTAATGAATGTGACA_001,131
CAAGTGTAATGAATGTGACA_002,168
CAAGTGTAATGAATGTGACA_003,140
CAAGTGTAATGAATGTGACA_004,43
CTACAGTACCAGGTGAACAC_001,167
CTACAGTACCAGGTGAACAC_002,78
CTACAGTACCAGGTGAACAC_003,125
CTACAGTACCAGGTGAACAC_004,29
CTACAGTACCAGGTGAACAC_005,66
GTTTGGTCAGAAATCACATG_001,29
ATTGCCAGCAGATTTAGAGA_001,17
ATTGCCAGCAGATTTAGAGA_002,48
ATTGCCAGCAGATTTAGAGA_003,50
ATTGCCAGCAGATTTAGAGA_004,56
ATTGCCAGCAGATTTAGAGA_005,56
ATTGCCAGCAGATTTAGAGA_006,49
TGTTGAAGTCGTGTCCGGTG_001,125
TGTTGAAGTCGTGTCCGGTG_002,193
TGTTGAAGTCGTGTCCGGTG_003,149
TGTTGAAGTCGTGTCCGGTG_004,158
TGTTGAAGTCGTGTCCGGTG_005,75
TGTTGAAGTCGTGTCCGGTG_006,185
TGTTGAAGTCGTGTCCGGTG_007,76
TGTTGAAGTCGTGTCCGGTG_008,69
TGTTGAAGTCGTGTCCGGTG_009,44
TGTTGAAGTCGTGTCCGGTG_010,172
TGTTGAAGTCGTGTCCGGTG_011,121
AGACTCCTGCAATGATAAAC_001,174
AGACTCCTGCAATGATAAAC_002,198
AGACTCCTGCAATGATAAAC_003,198
AAAACTCAAACGATAAAACA_001,186
AAAACTCAAACGATAAAACA_002,120
TCAGGGCACAGACTTCATGC_001,129
TCAGGGCACAGACTTCATGC_002,41
TCAGGGCACAGACTTCATGC_003,141
TGGGCAAGCACGCAAGATGG_001,48
TGGGCAAGCACGCAAGATGG_002,83
TGGGCAAGCACGCAAGATGG_003,42
TGGGCAAGCACGCAAGATGG_004,136
TGGGCAAGCACGCAAGATGG_005,66
TGGGCAAGCACGCAAGATGG_006,13
AGACTCCTATGCACTCAACT_001,40
AGACTCCTATGCACTCAACT_002,149
AGACTCCTATGCACTCAACT_003,95
AGACTCCTATGCACTCAACT_004,91
AGACTCCTATGCACTCAACT_005,44
AGACTCCTATGCACTCAACT_006,173
AGACTCCTATGCACTCAACT_007,173
AGACTCCTATGCACTCAACT_008,63
AGACTCCTATGCACTCAACT_009,127
AACTGGTCTCTAAGGCCCAT_001,68
AACTGGTCTCTAAGGCCCAT_002,160
AACTGGTCTCTAAGGCCCAT_003,130
AACTGGTCTCTAAGGCCCAT_004,109
AACTGGTCTCTAAGGCCCAT_005,115
AACTGGTCTCTAAGGCCCAT_006,88
TCCTCTGCAACACTCTAAGG_001,80
TCCTCTGCAACACTCTAAGG_002,186
TCCTCTGCAACACTCTAAGG_003,106
TCCTCTGCAACACTCTAAGG_004,49
CTGATGAGGATTTCATGCGA_001,184
CTGATGAGGATTTCATGCGA_002,93
CTGATGAGGATTTCATGCGA_003,92
CTGATGAGGATTTCATGCGA_004,144
CTGATGAGGATTTCATGCGA_005,49
AAATGAACGAATTGGCATGG_001,124
AAATGAACGAATTGGCATGG_002,15
AAATGAACGAATTGGCATGG_003,33
AAATGAACGAATTGGCATGG_004,55
AGATGGTCTTACGTTCTCGG_001,37
CAAATATAAGTGCCACCACA_001,41
CAAATATAAGTGCCACCACA_002,83
CAAATATAAGTGCCACCACA_003,190
CAAATATAAGTGCCACCACA_004,130
CAAATATAAGTGCCACCACA_005,1
TTGCGCAATAATGAACGGCA_001,54
TTGCGCAATAATGAACGGCA_002,72
TTGCGCAATAATGAACGGCA_003,120
TTGCGCAATAATGAACGGCA_004,159
TTGCGCAATAATGAACGGCA_005,147
TTGCGCAATAATGAACGGCA_006,135
TTGCGCAATAATGAACGGCA_007,135
TTGCGCAATAATGAACGGCA_008,161
TTGCGCAATAATGAACGGCA_009,51
TTGCGCAATAATGAACGGCA_010,84
TTGCGCAATAATGAACGGCA_011,137
TTGCGCAATAATGAACGGCA_012,35
TTGCGCAATAATGAACGGCA_013,56
TTGCGCAATAATGAACGGCA_014,83
TTGCGCAATAATGAACGGCA_015,160
TTGCGCAATAATGAACGGCA_016,58
AAGCGCTTGTATGTAAGGGG_001,0
AAGCGCTTGTATGTAAGGGG_002,190
AAGCGCTTGTATGTAAGGGG_003,170
AAGCGCTTGTATGTAAGGGG_004,145
AAGCGCTTGTATGTAAGGGG_005,130
AAGCGCTTGTATGTAAGGGG_006,82
AAGCGCTTGTATGTAAGGGG_007,184
AAGCGCTTGTATGTAAGGGG_008,165
AAGCGCTTGTATGTAAGGGG_009,9
AAGCGCTTGTATGTAAGGGG_010,102
CAGAGACTATCGACCGCGAG_001,8
CAGAGACTATCGACCGCGAG_002,96
CAGAGACTATCGACCGCGAG_003,22
CAGAGACTATCGACCGCGAG_004,65
CAGAGACTATCGACCGCGAG_005,16
GACGGCCTCACCTACAAGTG_001,16
GACGGCCTCACCTACAAGTG_002,5
GACGGCCTCACCTACAAGTG_003,118
GACGGCCTCACCTACAAGTG_004,47
GACGGCCTCACCTACAAGTG_005,88
GACGGCCTCACCTACAAGTG_006,105
GACGGCCTCACCTACAAGTG_007,67
ACATGAAAACCGAACCAGCG_001,181
ACATGAAAACCGAACCAGCG_002,43
ACATGAAAACCGAACCAGCG_003,76
ACATGAAAACCGAACCAGCG_004,70
ACATGAAAACCGAACCAGCG_005,175
ACATGAAAACCGAACCAGCG_006,88
ACATGAAAACCGAACCAGCG_007,94
ACATGAAAACCGAACCAGCG_008,55
ACATGAAAACCGAACCAGCG_009,2
ACATGAAAACCGAACCAGCG_010,184
ACATGAAAACCGAACCAGCG_011,25
ACATGAAAACCGAACCAGCG_012,19
ACATGAAAACCGAACCAGCG_013,77
ACATGAAAACCGAACCAGCG_014,48
ACATGAAAACCGAACCAGCG_015,38
ACATGAAAACCGAACCAGCG_016,134
ACATGAAAACCGAACCAGCG_017,45
ACATGAAAACCGAACCAGCG_018,187
ACATGAAAACCGAACCAGCG_019,180
ACATGAAAACCGAACCAGCG_020,57
ACATGAAAACCGAACCAGCG_021,27
ACATGAAAACCGAACCAGCG_022,130
ACATGAAAACCGAACCAGCG_023,63
AGGGACTGGAGAAGGCTACG_001,50
AGGGACTGGAGAAGGCTACG_002,158
AGGGACTGGAGAAGGCTACG_003,3
AGGGACTGGAGAAGGCTACG_004,56
AGGGACTGGAGAAGGCTACG_005,84
AGGGACTGGAGAAGGCTACG_006,144
AGGGACTGGAGAAGGCTACG_007,33
AGGGACTGGAGAAGGCTACG_008,191
AGGGACTGGAGAAGGCTACG_009,105
AGGGACTGGAGAAGGCTACG_010,73
AGGGACTGGAGAAGGCTACG_011,69
AGGGACTGGAGAAGGCTACG_012,82
AGGGACTGGAGAAGGCTACG_013,43
AGGGACTGGAGAAGGCTACG_014,102
AGGGACTGGAGAAGGCTACG_015,70
CCTCCAAGCAGAGATACTCG_001,17
CCTCCAAGCAGAGATACTCG_002,58
CCTCCAAGCAGAGATACTCG_003,175
CCTCCAAGCAGAGATACTCG_004,172
CCTCCAAGCAGAGATACTCG_005,43
CCTCCAAGCAGAGATACTCG_006,16
CCTCCAAGCAGAGATACTCG_007,84
CCTCCAAGCAGAGATACTCG_008,9
CCTCCAAGCAGAGATACTCG_009,152
TGAAGCTCTGGGATACGTCG_001,170
TGAAGCTCTGGGATACGTCG_002,17
TGAAGCTCTGGGATACGTCG_003,105
TGAAGCTCTGGGATACGTCG_004,35
AGTATCCCTTATCAGAACCT_001,137
AGTATCCCTTATCAGAACCT_002,101
AGTATCCCTTATCAGAACCT_003,69
AGTATCCCTTATCAGAACCT_004,135
AGTATCCCTTATCAGAACCT_005,80
GGTGCCCGGACGGAACTATG_001,69
GGTGCCCGGACGGAACTATG_002,198
GGTGCCCGGACGGAACTATG_003,77
GGTGCCCGGACGGAACTATG_004,134
GGTGCCCGGACGGAACTATG_005,1
GGTGCCCGGACGGAACTATG_006,63
GGTGCCCGGACGGAACTATG_007,16
GGTGCCCGGACGGAACTATG_008,194
GGTGCCCGGACGGAACTATG_009,132
GGTGCCCGGACGGAACTATG_010,150
GGTGCCCGGACGGAACTATG_011,48
AGCAGAGCCTGAGTCTCATG_001,19
AGCAGAGCCTGAGTCTCATG_002,62
AGCAGAGCCTGAGTCTCATG_003,119
AGCAGAGCCTGAGTCTCATG_004,38
AGCAGAGCCTGAGTCTCATG_005,116
AGCAGAGCCTGAGTCTCATG_006,81
AGCAGAGCCTGAGTCTCATG_007,188
AGCAGAGCCTGAGTCTCATG_008,113
AGCAGAGCCTGAGTCTCATG_009,85
AGCAGAGCCTGAGTCTCATG_010,50
AGCAGAGCCTGAGTCTCATG_011,3
ACTCTTCGGCTACTCCCGAG_001,157
ACTCTTCGGCTACTCCCGAG_002,138
ACTCTTCGGCTACTCCCGAG_003,76
ACTCTTCGGCTACTCCCGAG_004,103
ACTCTTCGGCTACTCCCGAG_005,55
ACTCTTCGGCTACTCCCGAG_006,8
ACTCTTCGGCTACTCCCGAG_007,106
ACTAATGGTTTCTCCATGTG_001,94
ACTAATGGTTTCTCCATGTG_002,12
GATGATGATGAATCAACACT_001,88
GATGATGATGAATCAACACT_002,168
GATGATGATGAATCAACACT_003,135
GATGATGATGAATCAACACT_004,88
GATGATGATGAATCAACACT_005,41
GATGATGATGAATCAACACT_006,78
GATGATGATGAATCAACACT_007,92
GATGATGATGAATCAACACT_008,98
GATGATGATGAATCAACACT_009,10
GATGATGATGAATCAACACT_010,94
GATGATGATGAATCAACACT_011,42
GATGATGATGAATCAACACT_012,178
GGCAGCCTCACCAAGCTCAA_001,16
GGCAGCCTCACCAAGCTCAA_002,34
GGCAGCCTCACCAAGCTCAA_003,119
GGCAGCCTCACCAAGCTCAA_004,118
GGCAGCCTCACCAAGCTCAA_005,62
GGCAGCCTCACCAAGCTCAA_006,177
GGCAGCCTCACCAAGCTCAA_007,148
GGCAGCCTCACCAAGCTCAA_008,125
GGCAGCCTCACCAAGCTCAA_009,150
GGCAGCCTCACCAAGCTCAA_010,88
GGCAGCCTCACCAAGCTCAA_011,191
GGCAGCCTCACCAAGCTCAA_012,121
GGCAGCCTCACCAAGCTCAA_013,0
GGCAGCCTCACCAAGCTCAA_014,68
GGCAGCCTCACCAAGCTCAA_015,194
GGCAGCCTCACCAAGCTCAA_016,106
GGCAGCCTCACCAAGCTCAA_017,26
GGCAGCCTCACCAAGCTCAA_018,114
GGCAGCCTCACCAAGCTCAA_019,147
GGCAGCCTCACCAAGCTCAA_020,160
GGCAGCCTCACCAAGCTCAA_021,12
GGCAGCCTCACCAAGCTCAA_022,15
GGCAGCCTCACCAAGCTCAA_023,128
GGCAGCCTCACCAAGCTCAA_024,66
GGCAGCCTCACCAAGCTCAA_025,170
GGCAGCCTCACCAAGCTCAA_026,22
GGCAGCCTCACCAAGCTCAA_027,1
GGCAGCCTCACCAAGCTCAA_028,162
TCAGGGTGTCCTGAGATGGT_001,137
TCAGGGTGTCCTGAGATGGT_002,12
TCAGGGTGTCCTGAGATGGT_003,14
TCAGGGTGTCCTGAGATGGT_004,7
TCAGGGTGTCCTGAGATGGT_005,6
TCAGGGTGTCCTGAGATGGT_006,173
TCAGGGTGTCCTGAGATGGT_007,63
TCAGGGTGTCCTGAGATGGT_008,19
TCAGGGTGTCCTGAGATGGT_009,162
TCAGGGTGTCCTGAGATGGT_010,55
TCCCACAGCCTTACATAGGG_001,115
TCCCACAGCCTTACATAGGG_002,141
TCCCACAGCCTTACATAGGG_003,57
TGTGGTCGTTGTGATAGAGG_001,32
TGTGGTCGTTGTGATAGAGG_002,116
TGTGGTCGTTGTGATAGAGG_003,4
TGTGGTCGTTGTGATAGAGG_004,36
CTTGGCGTCCGTGAAGATGG_001,189
CTTGGCGTCCGTGAAGATGG_002,31
CTTGGCGTCCGTGAAGATGG_003,193
CTTGGCGTCCGTGAAGATGG_004,113
CTTGGCGTCCGTGAAGATGG_005,166
CTTGGCGTCCGTGAAGATGG_006,57
GGTCTCCATGATGATCAACT_001,196
GCCAAGGCTCCGGATTCTTG_001,51
GCCAAGGCTCCGGATTCTTG_002,0
GCCAAGGCTCCGGATTCTTG_003,31
GCCAAGGCTCCGGATTCTTG_004,185
GCCAAGGCTCCGGATTCTTG_005,165
GCCAAGGCTCCGGATTCTTG_006,57
GGACAAAGCCTATCACACTG_001,113
GGACAAAGCCTATCACACTG_002,119
GGACAAAGCCTATCACACTG_003,190
TATGTCATAACTGGTCCACA_001,72
TATGTCATAACTGGTCCACA_002,172
TATGTCATAACTGGTCCACA_003,15
TATGTCATAACTGGTCCACA_004,74
TATGTCATAACTGGTCCACA_005,79
TATGTCATAACTGGTCCACA_006,15
TATGTCATAACTGGTCCACA_007,27
TATGTCATAACTGGTCCACA_008,115
TATGTCATAACTGGTCCACA_009,104
TATGTCATAACTGGTCCACA_010,175
TATGTCATAACTGGTCCACA_011,48
TGGAGGACCAGTTCGCCAAG_001,58
ACAGATTCTGCGATAATGTG_001,81
ACAGATTCTGCGATAATGTG_002,180
ACAGATTCTGCGATAATGTG_003,178
ACAGATTCTGCGATAATGTG_004,192
ACAGATTCTGCGATAATGTG_005,159
GCTGTCACTGCAGCTAATGT_001,18
GCTGTCACTGCAGCTAATGT_002,70
GAGGGCACCGCATAGCCGCA_001,115
GAGGGCACCGCATAGCCGCA_002,147
GAGGGCACCGCATAGCCGCA_003,96
GAGGGCACCGCATAGCCGCA_004,93
GAGGGCACCGCATAGCCGCA_005,93
GAGGGCACCGCATAGCCGCA_006,30
GAGGGCACCGCATAGCCGCA_007,131
GAGGGCACCGCATAGCCGCA_008,105
GAGGGCACCGCATAGCCGCA_009,138
GAGGGCACCGCATAGCCGCA_010,118
GAGGGCACCGCATAGCCGCA_011,130
GAGGGCACCGCATAGCCGCA_012,52
GTCGTGCAAGTGGATCGACG_001,196
GTCGTGCAAGTGGATCGACG_002,170
GTCGTGCAAGTGGATCGACG_003,45
GTCGTGCAAGTGGATCGACG_004,121
GTCGTGCAAGTGGATCGACG_005,115
GTCGTGCAAGTGGATCGACG_006,114
GTCGTGCAAGTGGATCGACG_007,41
GTCGTGCAAGTGGATCGACG_008,149
GTCGTGCAAGTGGATCGACG_009,181
GTCGTGCAAGTGGATCGACG_010,197
GTCGTGCAAGTGGATCGACG_011,102
GTCGTGCAAGTGGATCGACG_012,155
GCAGGAGGAGAAATGATCGA_001,134
GCAGGAGGAGAAATGATCGA_002,58
GCAGGAGGAGAAATGATCGA_003,183
GCAGGAGGAGAAATGATCGA_004,45
GCAGGAGGAGAAATGATCGA_005,26
GCAGGAGGAGAAATGATCGA_006,39
GCAGGAGGAGAAATGATCGA_007,74
TATTCCCGGTCCCGTAGCCG_001,73
TATTCCCGGTCCCGTAGCCG_002,80
TATTCCCGGTCCCGTAGCCG_003,80
TATTCCCGGTCCCGTAGCCG_004,169
TATTCCCGGTCCCGTAGCCG_005,193
TATTCCCGGTCCCGTAGCCG_006,188
TATTCCCGGTCCCGTAGCCG_007,119
TATTCCCGGTCCCGTAGCCG_008,49
TATTCCCGGTCCCGTAGCCG_009,112
TATTCCCGGTCCCGTAGCCG_010,126
TATTCCCGGTCCCGTAGCCG_011,26
TATTCCCGGTCCCGTAGCCG_012,53
GGTGCGCAGGTAGTTGACGG_001,54
GGTGCGCAGGTAGTTGACGG_002,63
AATGCACTTCCACAACACAA_001,78
AATGCACTTCCACAACACAA_002,44
AATGCACTTCCACAACACAA_003,26
AATGCACTTCCACAACACAA_004,102
AATGCACTTCCACAACACAA_005,23
AATGCACTTCCACAACACAA_006,160
AATGCACTTCCACAACACAA_007,144
AATGCACTTCCACAACACAA_008,158
AATGCACTTCCACAACACAA_009,21
AATGCACTTCCACAACACAA_010,106
AATGCACTTCCACAACACAA_011,191
TCTGGAAGAGAGGCACGCAA_001,29
TCTGGAAGAGAGGCACGCAA_002,158
TCTGGAAGAGAGGCACGCAA_003,158
TCTGGAAGAGAGGCACGCAA_004,62
TCTGGAAGAGAGGCACGCAA_005,113
TCTGGAAGAGAGGCACGCAA_006,98
CCGCCCCGAATTGCGCCTCG_001,154
CCGCCCCGAATTGCGCCTCG_002,43
CCGCCCCGAATTGCGCCTCG_003,130
CCGCCCCGAATTGCGCCTCG_004,53
CCGCCCCGAATTGCGCCTCG_005,19
ACAGACCCAGGAATGCAGCT_001,151
ACAGACCCAGGAATGCAGCT_002,83
ACAGACCCAGGAATGCAGCT_003,73
ACAGACCCAGGAATGCAGCT_004,116
ACAGACCCAGGAATGCAGCT_005,145
ACAGACCCAGGAATGCAGCT_006,9
ACAGACCCAGGAATGCAGCT_007,165
ACAGACCCAGGAATGCAGCT_008,70
ACAGACCCAGGAATGCAGCT_009,136
ACAGACCCAGGAATGCAGCT_010,28
ACAGACCCAGGAATGCAGCT_011,94
ACAGACCCAGGAATGCAGCT_012,48
ACAGACCCAGGAATGCAGCT_013,124
GGCGGCTGGAGAGCAACGAG_001,194
GGCGGCTGGAGAGCAACGAG_002,104
GGCGGCTGGAGAGCAACGAG_003,19
GGCGGCTGGAGAGCAACGAG_004,14
GGCGGCTGGAGAGCAACGAG_005,135
GGCGGCTGGAGAGCAACGAG_006,96
GGCGGCTGGAGAGCAACGAG_007,126
GGCGGCTGGAGAGCAACGAG_008,12
GGCGGCTGGAGAGCAACGAG_009,39
GGCGGCTGGAGAGCAACGAG_010,5
GGCGGCTGGAGAGCAACGAG_011,160
GGCGGCTGGAGAGCAACGAG_012,48
GGCGGCTGGAGAGCAACGAG_013,185
GGCGGCTGGAGAGCAACGAG_014,98
GGCGGCTGGAGAGCAACGAG_015,123
GGCGGCTGGAGAGCAACGAG_016,185
GGCGGCTGGAGAGCAACGAG_017,107
GGCGGCTGGAGAGCAACGAG_018,111
GGCGGCTGGAGAGCAACGAG_019,76
GGCGGCTGGAGAGCAACGAG_020,61
GGCGGCTGGAGAGCAACGAG_021,152
GGCGGCTGGAGAGCAACGAG_022,78
GGCGGCTGGAGAGCAACGAG_023,146
GGCGGCTGGAGAGCAACGAG_024,41
GGCGGCTGGAGAGCAACGAG_025,58
GGCGGCTGGAGAGCAACGAG_026,11
GGCGGCTGGAGAGCAACGAG_027,105
GGCGGCTGGAGAGCAACGAG_028,16
GGCGGCTGGAGAGCAACGAG_029,166
GGCGGCTGGAGAGCAACGAG_030,121
GGCGGCTGGAGAGCAACGAG_031,113
GGCGGCTGGAGAGCAACGAG_032,118
GGCGGCTGGAGAGCAACGAG_033,159
CTGAAGCCAATGGACCACAA_001,54
CTGAAGCCAATGGACCACAA_002,148
CTGAAGCCAATGGACCACAA_003,29
CTGAAGCCAATGGACCACAA_004,115
CTGAAGCCAATGGACCACAA_005,81
CTGAAGCCAATGGACCACAA_006,9
CTGAAGCCAATGGACCACAA_007,98
CTGAAGCCAATGGACCACAA_008,8
CTGAAGCCAATGGACCACAA_009,131
CTGAAGCCAATGGACCACAA_010,32
CTGAAGCCAATGGACCACAA_011,58
CTGAAGCCAATGGACCACAA_012,176
CTGAAGCCAATGGACCACAA_013,178
CTGAAGCCAATGGACCACAA_014,161
CTGAAGCCAATGGACCACAA_015,147
CTGAAGCCAATGGACCACAA_016,28
CTGAAGCCAATGGACCACAA_017,189
CTGAAGCCAATGGACCACAA_018,145
CTGAAGCCAATGGACCACAA_019,134
CTGAAGCCAATGGACCACAA_020,120
CTGAAGCCAATGGACCACAA_021,162
CTGAAGCCAATGGACCACAA_022,88
CTGAAGCCAATGGACCACAA_023,27
CTGAAGCCAATGGACCACAA_024,140
CTGAAGCCAATGGACCACAA_025,8
CTGAAGCCAATGGACCACAA_026,28
CTGAAGCCAATGGACCACAA_027,61
CTGAAGCCAATGGACCACAA_028,158
CTGAAGCCAATGGACCACAA_029,183
CTGAAGCCAATGGACCACAA_030,66
GACGATGGGGTCATGCCAGG_001,121
GACGATGGGGTCATGCCAGG_002,27
GACGATGGGGTCATGCCAGG_003,84
GACGATGGGGTCATGCCAGG_004,63
GACGATGGGGTCATGCCAGG_005,169
GACGATGGGGTCATGCCAGG_006,42
GACGATGGGGTCATGCCAGG_007,118
GACGATGGGGTCATGCCAGG_008,134
GACGATGGGGTCATGCCAGG_009,121
GACGATGGGGTCATGCCAGG_010,22
GACGATGGGGTCATGCCAGG_011,127
GACGATGGGGTCATGCCAGG_012,77
GACGATGGGGTCATGCCAGG_013,140
GACGATGGGGTCATGCCAGG_014,76
GACGATGGGGTCATGCCAGG_015,50
GACGATGGGGTCATGCCAGG_016,50
GACGATGGGGTCATGCCAGG_017,161
GACGATGGGGTCATGCCAGG_018,12
GACGATGGGGTCATGCCAGG_019,70
GACGATGGGGTCATGCCAGG_020,70
GACGATGGGGTCATGCCAGG_021,54
GACGATGGGGTCATGCCAGG_022,130
GACGATGGGGTCATGCCAGG_023,6
GACGATGGGGTCATGCCAGG_024,56
GACGATGGGGTCATGCCAGG_025,91
GACGATGGGGTCATGCCAGG_026,49
GACGATGGGGTCATGCCAGG_027,40
GACGATGGGGTCATGCCAGG_028,29
GACGATGGGGTCATGCCAGG_029,78
GACGATGGGGTCATGCCAGG_030,23
GACGATGGGGTCATGCCAGG_031,9
CTTCTGTGGACGATTACATG_001,127
CTTCTGTGGACGATTACATG_002,154
CTTCTGTGGACGATTACATG_003,9
CTTCTGTGGACGATTACATG_004,169
CTTCTGTGGACGATTACATG_005,29
CTTCTGTGGACGATTACATG_006,158
CTTCTGTGGACGATTACATG_007,117
CTTCTGTGGACGATTACATG_008,11
CTTCTGTGGACGATTACATG_009,28
CTTCTGTGGACGATTACATG_010,115
TTTGGAATGAGCCAAGTCGT_001,72
TTTGGAATGAGCCAAGTCGT_002,115
TTTGGAATGAGCCAAGTCGT_003,182
TTTGGAATGAGCCAAGTCGT_004,88
TTTGGAATGAGCCAAGTCGT_005,60
AATGTGATAAGGGATTCAGT_001,59
AATGTGATAAGGGATTCAGT_002,62
AATGTGATAAGGGATTCAGT_003,5
AATGTGATAAGGGATTCAGT_004,177
AATGTGATAAGGGATTCAGT_005,162
AATGTGATAAGGGATTCAGT_006,174
AATGTGATAAGGGATTCAGT_007,148
AATGTGATAAGGGATTCAGT_008,107
AATGTGATAAGGGATTCAGT_009,74
AATGTGATAAGGGATTCAGT_010,2
AATGTGATAAGGGATTCAGT_011,130
AATGTGATAAGGGATTCAGT_012,63
AATGTGATAAGGGATTCAGT_013,48
AATGTGATAAGGGATTCAGT_014,99
GTATATAGTTCCATTTGACA_001,50
AAACTTTACAAACAATATGG_001,99
GTACATGTTCCCACTCGAGT_001,42
GTACATGTTCCCACTCGAGT_002,23
GTACATGTTCCCACTCGAGT_003,125
GTACATGTTCCCACTCGAGT_004,121
GTACATGTTCCCACTCGAGT_005,68
GTACATGTTCCCACTCGAGT_006,70
GTACATGTTCCCACTCGAGT_007,168
GTACATGTTCCCACTCGAGT_008,121
GTACATGTTCCCACTCGAGT_009,19
GTACATGTTCCCACTCGAGT_010,124
GTACATGTTCCCACTCGAGT_011,45
GTACATGTTCCCACTCGAGT_012,94
GTACATGTTCCCACTCGAGT_013,158
TTAGCTGAATTTAGTACCCG_001,176
TTAGCTGAATTTAGTACCCG_002,120
TTAGCTGAATTTAGTACCCG_003,181
TTAGCTGAATTTAGTACCCG_004,134
TTAGCTGAATTTAGTACCCG_005,49
TTAGCTGAATTTAGTACCCG_006,88
TTAGCTGAATTTAGTACCCG_007,140
TTAGCTGAATTTAGTACCCG_008,51
TTAGCTGAATTTAGTACCCG_009,180
TTAGCTGAATTTAGTACCCG_010,84
AGAAACTGAACTATCCTACT_001,72
AGAAACTGAACTATCCTACT_002,115
AGAAACTGAACTATCCTACT_003,139
AGAAACTGAACTATCCTACT_004,133
AGAAACTGAACTATCCTACT_005,150
AGAAACTGAACTATCCTACT_006,2
AGAAACTGAACTATCCTACT_007,166
AGAAACTGAACTATCCTACT_008,6
CCGCAGCTCAGGAATATAGG_001,172
CCGCAGCTCAGGAATATAGG_002,95
CCGCAGCTCAGGAATATAGG_003,11
GCGGAGGTAACGCTCCCGAA_001,141
GCGGAGGTAACGCTCCCGAA_002,192
GCGGAGGTAACGCTCCCGAA_003,11
GCGGAGGTAACGCTCCCGAA_004,116
GCGGAGGTAACGCTCCCGAA_005,170
GCGGAGGTAACGCTCCCGAA_006,149
GCGGAGGTAACGCTCCCGAA_007,164
GCGGAGGTAACGCTCCCGAA_008,174
GCGGAGGTAACGCTCCCGAA_009,168
GCGGAGGTAACGCTCCCGAA_010,147
GCGGAGGTAACGCTCCCGAA_011,197
TACCATAAAACCATCGACTG_001,100
TACCATAAAACCATCGACTG_002,75
TACCATAAAACCATCGACTG_003,22
TACCATAAAACCATCGACTG_004,2
TACCATAAAACCATCGACTG_005,51
TACCATAAAACCATCGACTG_006,178
TACCATAAAACCATCGACTG_007,36
TACCATAAAACCATCGACTG_008,86
TACCATAAAACCATCGACTG_009,122
TACCATAAAACCATCGACTG_010,13
TACCATAAAACCATCGACTG_011,157
TACCATAAAACCATCGACTG_012,15
TACCATAAAACCATCGACTG_013,80
TACCATAAAACCATCGACTG_014,110
TACCATAAAACCATCGACTG_015,77
TACCATAAAACCATCGACTG_016,158
TACCATAAAACCATCGACTG_017,67
TACCATAAAACCATCGACTG_018,82
TACCATAAAACCATCGACTG_019,194
TACCATAAAACCATCGACTG_020,101
TACCATAAAACCATCGACTG_021,77
TACCATAAAACCATCGACTG_022,77
TACCATAAAACCATCGACTG_023,71
GCGCCATTGAGTTCGGACAG_001,181
GCGCCATTGAGTTCGGACAG_002,182
GCGCCATTGAGTTCGGACAG_003,111
GCGCCATTGAGTTCGGACAG_004,61
GCGCCATTGAGTTCGGACAG_005,105
GCGCCATTGAGTTCGGACAG_006,161
GCGCCATTGAGTTCGGACAG_007,88
GCGCCATTGAGTTCGGACAG_008,159
GCGCCATTGAGTTCGGACAG_009,115
GCGCCATTGAGTTCGGACAG_010,150
GCGCCATTGAGTTCGGACAG_011,94
GCGCCATTGAGTTCGGACAG_012,78
GCTGCTATGACCATTAGCTG_001,178
GCTGCTATGACCATTAGCTG_002,108
GCTGCTATGACCATTAGCTG_003,2
GCTGCTATGACCATTAGCTG_004,94
GCTGCTATGACCATTAGCTG_005,168
GCTGCTATGACCATTAGCTG_006,182
GCTGCTATGACCATTAGCTG_007,158
GCTGCTATGACCATTAGCTG_008,12
GCTGCTATGACCATTAGCTG_009,77
GCTGCTATGACCATTAGCTG_010,83
GCTGCTATGACCATTAGCTG_011,177
CTGTACATAAGCCAGTTGAG_001,83
CTGTACATAAGCCAGTTGAG_002,149
CTGTACATAAGCCAGTTGAG_003,159
CTGTACATAAGCCAGTTGAG_004,64
CTGTACATAAGCCAGTTGAG_005,55
CTGTACATAAGCCAGTTGAG_006,98
CTGTACATAAGCCAGTTGAG_007,113
CTGTACATAAGCCAGTTGAG_008,40
CTGGTGATCCCCAATGCGTG_001,65
CTGGTGATCCCCAATGCGTG_002,191
CTGGTGATCCCCAATGCGTG_003,159
CTGGTGATCCCCAATGCGTG_004,159
CTGGTGATCCCCAATGCGTG_005,92
CTGGTGATCCCCAATGCGTG_006,1
CTGGTGATCCCCAATGCGTG_007,184
CTGGTGATCCCCAATGCGTG_008,152
TCCGAGGCACCTGCAGTACG_001,117
TCCGAGGCACCTGCAGTACG_002,193
TCCGAGGCACCTGCAGTACG_003,77
TCCGAGGCACCTGCAGTACG_004,56
TCCGAGGCACCTGCAGTACG_005,136
TCCGAGGCACCTGCAGTACG_006,35
TCCGAGGCACCTGCAGTACG_007,91
TCCGAGGCACCTGCAGTACG_008,166
TCCGAGGCACCTGCAGTACG_009,70
TCCGAGGCACCTGCAGTACG_010,58
TCCGAGGCACCTGCAGTACG_011,113
TCCGAGGCACCTGCAGTACG_012,102
TCCGAGGCACCTGCAGTACG_013,1
TCCGAGGCACCTGCAGTACG_014,137
TCCGAGGCACCTGCAGTACG_015,35
TCCGAGGCACCTGCAGTACG_016,184
TCCGAGGCACCTGCAGTACG_017,79
AATCGTTCATACTCAGATCA_001,158
AATCGTTCATACTCAGATCA_002,176
GAGAGACCTAAACTACCGGA_001,57
GAGAGACCTAAACTACCGGA_002,24
GAGAGACCTAAACTACCGGA_003,116
GAGAGACCTAAACTACCGGA_004,69
GAGAGACCTAAACTACCGGA_005,105
GAGAGACCTAAACTACCGGA_006,105
GAGAGACCTAAACTACCGGA_007,141
GAGAGACCTAAACTACCGGA_008,122
GAGAGACCTAAACTACCGGA_009,7
GAGAGACCTAAACTACCGGA_010,3
GAGAGACCTAAACTACCGGA_011,66
TTTCTCTCCAGTATAGTACA_001,9
TTTCTCTCCAGTATAGTACA_002,184
ATACTGTCTATCCCCGAGCA_001,187
ATACTGTCTATCCCCGAGCA_002,148
ATACTGTCTATCCCCGAGCA_003,135
ATACTGTCTATCCCCGAGCA_004,137
ATACTGTCTATCCCCGAGCA_005,140
GCTGACTTACGTTATAGAGC_001,105
CATGAATGGCAAAGACGTCG_001,132
CATGAATGGCAAAGACGTCG_002,160
CATGAATGGCAAAGACGTCG_003,98
CATGAATGGCAAAGACGTCG_004,48
AATACGAGGAGATTGCTCAG_001,62
AATACGAGGAGATTGCTCAG_002,118
AATACGAGGAGATTGCTCAG_003,49
AATACGAGGAGATTGCTCAG_004,42
AATACGAGGAGATTGCTCAG_005,130
AATACGAGGAGATTGCTCAG_006,29
AATACGAGGAGATTGCTCAG_007,150
AATACGAGGAGATTGCTCAG_008,192
AATACGAGGAGATTGCTCAG_009,94
AATACGAGGAGATTGCTCAG_010,76
AATACGAGGAGATTGCTCAG_011,123
AATACGAGGAGATTGCTCAG_012,124
GGTATCTGATGCCTATGGGG_001,64
GGTATCTGATGCCTATGGGG_002,117
GGTATCTGATGCCTATGGGG_003,99
TTTCTAATAGGTCTAAATGG_001,31
ACATGCGGGTTATTAGCCAG_001,182
ACATGCGGGTTATTAGCCAG_002,104
ACATGCGGGTTATTAGCCAG_003,99
ACATGCGGGTTATTAGCCAG_004,34
GACAGGGTGTCACAATTACC_001,65
GACAGGGTGTCACAATTACC_002,69
GACAGGGTGTCACAATTACC_003,113
GACAGGGTGTCACAATTACC_004,158
GACAGGGTGTCACAATTACC_005,146
GACAGGGTGTCACAATTACC_006,94
GCAGTCGGAAACCGTTCTTG_001,194
GCAGTCGGAAACCGTTCTTG_002,163
GCAGTCGGAAACCGTTCTTG_003,142
GCAGTCGGAAACCGTTCTTG_004,48
GCAGTCGGAAACCGTTCTTG_005,93
GCAGTCGGAAACCGTTCTTG_006,75
GCAGTCGGAAACCGTTCTTG_007,14
GCAGTCGGAAACCGTTCTTG_008,108
GCAGTCGGAAACCGTTCTTG_009,62
GCAGTCGGAAACCGTTCTTG_010,43
AAAGGACCTCAGGATGACCC_001,82
AAAGGACCTCAGGATGACCC_002,39
AAAGGACCTCAGGATGACCC_003,152
GTATAGACGGACATCAAACA_001,2
GTATAGACGGACATCAAACA_002,22
GTATAGACGGACATCAAACA_003,141
GTATAGACGGACATCAAACA_004,137
CTGCGAGTAATGGCGTCCGA_001,55
CTGCGAGTAATGGCGTCCGA_002,15
CTGCGAGTAATGGCGTCCGA_003,19
CTGCGAGTAATGGCGTCCGA_004,199
CTGCGAGTAATGGCGTCCGA_005,70
CTGCGAGTAATGGCGTCCGA_006,166
CTGCGAGTAATGGCGTCCGA_007,116
GTGAGGCACCAGGAGACCGG_001,162
GTGAGGCACCAGGAGACCGG_002,137
GTGAGGCACCAGGAGACCGG_003,50
GTGAGGCACCAGGAGACCGG_004,170
GTGAGGCACCAGGAGACCGG_005,43
GTGAGGCACCAGGAGACCGG_006,44
GTGAGGCACCAGGAGACCGG_007,113
GTGAGGCACCAGGAGACCGG_008,137
GTGAGGCACCAGGAGACCGG_009,142
GTGAGGCACCAGGAGACCGG_010,13
GTGAGGCACCAGGAGACCGG_011,72
GTGAGGCACCAGGAGACCGG_012,72
GTGAGGCACCAGGAGACCGG_013,15
GTGAGGCACCAGGAGACCGG_014,158
GTGAGGCACCAGGAGACCGG_015,137
GTGAGGCACCAGGAGACCGG_016,115
GTGAGGCACCAGGAGACCGG_017,6
GTGAGGCACCAGGAGACCGG_018,104
GTGAGGCACCAGGAGACCGG_019,4
GTGAGGCACCAGGAGACCGG_020,5
GTGAGGCACCAGGAGACCGG_021,158
GTGAGGCACCAGGAGACCGG_022,148
GTGAGGCACCAGGAGACCGG_023,149
GTGAGGCACCAGGAGACCGG_024,21
GTGAGGCACCAGGAGACCGG_025,23
GTGAGGCACCAGGAGACCGG_026,53
GTGAGGCACCAGGAGACCGG_027,117
GTGAGGCACCAGGAGACCGG_028,198
GTGAGGCACCAGGAGACCGG_029,53
GTGAGGCACCAGGAGACCGG_030,193
GTGAGGCACCAGGAGACCGG_031,48
GTGAGGCACCAGGAGACCGG_032,128
GTGAGGCACCAGGAGACCGG_033,173
GTGAGGCACCAGGAGACCGG_034,37
GTGAGGCACCAGGAGACCGG_035,78
GTGAGGCACCAGGAGACCGG_036,3
GTGAGGCACCAGGAGACCGG_037,102
GTGAGGCACCAGGAGACCGG_038,70
GTGAGGCACCAGGAGACCGG_039,126
GTGAGGCACCAGGAGACCGG_040,168
GTGAGGCACCAGGAGACCGG_041,49
GTGAGGCACCAGGAGACCGG_042,76
GTGAGGCACCAGGAGACCGG_043,103
GTGAGGCACCAGGAGACCGG_044,164
GGAACAATACTATCACCTAG_001,60
GGAACAATACTATCACCTAG_002,151
GGAACAATACTATCACCTAG_003,169
GGAACAATACTATCACCTAG_004,177
GGAACAATACTATCACCTAG_005,40
GGAACAATACTATCACCTAG_006,166
GACTCACAGTTCTGCAGTAC_001,153
GACTCACAGTTCTGCAGTAC_002,39
TATACAAGCTATTAGCTGCG_001,37
CCAACATGGAGATAACACTC_001,55
CCAACATGGAGATAACACTC_002,6
CCAACATGGAGATAACACTC_003,145
CCAACATGGAGATAACACTC_004,133
CCAACATGGAGATAACACTC_005,34
CCAACATGGAGATAACACTC_006,49
CCAACATGGAGATAACACTC_007,147
CCAACATGGAGATAACACTC_008,19
CCAACATGGAGATAACACTC_009,77
CCAACATGGAGATAACACTC_010,185
GAAGGAACTGCGCAGCCTAG_001,23
GAAGGAACTGCGCAGCCTAG_002,159
GAAGGAACTGCGCAGCCTAG_003,7
GAAGGAACTGCGCAGCCTAG_004,184
GAAGGAACTGCGCAGCCTAG_005,75
GAAGGAACTGCGCAGCCTAG_006,26
GAAGGAACTGCGCAGCCTAG_007,142
GAAGGAACTGCGCAGCCTAG_008,40
GAAGGAACTGCGCAGCCTAG_009,10
ACAGGCCTGCCCATACGCAG_001,84
ACAGGCCTGCCCATACGCAG_002,106
ACAGGCCTGCCCATACGCAG_003,118
ACAGGCCTGCCCATACGCAG_004,127
ACAGGCCTGCCCATACGCAG_005,144
ACAGGCCTGCCCATACGCAG_006,84
ACAGGCCTGCCCATACGCAG_007,0
ACAGGCCTGCCCATACGCAG_008,56
ACAGGCCTGCCCATACGCAG_009,14
ACAGGCCTGCCCATACGCAG_010,93
ACAGGCCTGCCCATACGCAG_011,71
ACAGGCCTGCCCATACGCAG_012,115
ACAGGCCTGCCCATACGCAG_013,121
ACAGGCCTGCCCATACGCAG_014,159
ACAGGCCTGCCCATACGCAG_015,149
ACAGGCCTGCCCATACGCAG_016,67
ACAGGCCTGCCCATACGCAG_017,18
ACAGGCCTGCCCATACGCAG_018,52
ACAGGCCTGCCCATACGCAG_019,162
ACAGGCCTGCCCATACGCAG_020,194
ACAGGCCTGCCCATACGCAG_021,101
ACAGGCCTGCCCATACGCAG_022,10
CCCTGCTCAAGCGAAAGCAA_001,169
CCCTGCTCAAGCGAAAGCAA_002,130
CCCTGCTCAAGCGAAAGCAA_003,34
CCCTGCTCAAGCGAAAGCAA_004,60
CCCTGCTCAAGCGAAAGCAA_005,199
CCCTGCTCAAGCGAAAGCAA_006,154
CCCTGCTCAAGCGAAAGCAA_007,127
CCCTGCTCAAGCGAAAGCAA_008,194
TTAAGTGATACTGTGCACAA_001,111
TTAAGTGATACTGTGCACAA_002,42
TTAAGTGATACTGTGCACAA_003,191
TTAAGTGATACTGTGCACAA_004,13
TTAAGTGATACTGTGCACAA_005,35
TTAAGTGATACTGTGCACAA_006,198
TTAAGTGATACTGTGCACAA_007,170
TTAAGTGATACTGTGCACAA_008,63
TTAAGTGATACTGTGCACAA_009,17
TTAAGTGATACTGTGCACAA_010,150
TCCAGGGAAACCAACAGTCA_001,163
TCCAGGGAAACCAACAGTCA_002,152
TCCAGGGAAACCAACAGTCA_003,146
TCCAGGGAAACCAACAGTCA_004,69
TCCAGGGAAACCAACAGTCA_005,192
TCCAGGGAAACCAACAGTCA_006,105
TCCAGGGAAACCAACAGTCA_007,102
TCCAGGGAAACCAACAGTCA_008,154
TCCAGGGAAACCAACAGTCA_009,60
TCCAGGGAAACCAACAGTCA_010,51
TCCAGGGAAACCAACAGTCA_011,189
TCCAGGGAAACCAACAGTCA_012,193
TCCAGGGAAACCAACAGTCA_013,107
TCCAGGGAAACCAACAGTCA_014,195
TCCAGGGAAACCAACAGTCA_015,182
TCCAGGGAAACCAACAGTCA_016,154
TCCAGGGAAACCAACAGTCA_017,88
TCCAGGGAAACCAACAGTCA_018,70
TCCAGGGAAACCAACAGTCA_019,101
TCCAGGGAAACCAACAGTCA_020,150
TCCAGGGAAACCAACAGTCA_021,170
TCCAGGGAAACCAACAGTCA_022,153
TCCAGGGAAACCAACAGTCA_023,114
TCCAGGGAAACCAACAGTCA_024,114
TCCAGGGAAACCAACAGTCA_025,107
TCCAGGGAAACCAACAGTCA_026,53
TCCAGGGAAACCAACAGTCA_027,26
TCCAGGGAAACCAACAGTCA_028,192
TCCAGGGAAACCAACAGTCA_029,15
TCCAGGGAAACCAACAGTCA_030,169
TCCAGGGAAACCAACAGTCA_031,163
TCCAGGGAAACCAACAGTCA_032,12
TCCAGGGAAACCAACAGTCA_033,168
TCCAGGGAAACCAACAGTCA_034,144
TCCAGGGAAACCAACAGTCA_035,137
TCCAGGGAAACCAACAGTCA_036,18
ATGATCTACCGAATTAAGGC_001,146
ATGATCTACCGAATTAAGGC_002,100
ATGATCTACCGAATTAAGGC_003,177
ATGATCTACCGAATTAAGGC_004,34
ATGATCTACCGAATTAAGGC_005,147
GTATAATGGATGTAAAGATA_001,137
GTATAATGGATGTAAAGATA_002,187
GTATAATGGATGTAAAGATA_003,98
GTATAATGGATGTAAAGATA_004,48
GTATAATGGATGTAAAGATA_005,0
GTATAATGGATGTAAAGATA_006,37
AGTCCTCACTGGTGGACACG_001,48
AGTCCTCACTGGTGGACACG_002,9
AGTCCTCACTGGTGGACACG_003,162
AGTCCTCACTGGTGGACACG_004,129
AGTCCTCACTGGTGGACACG_005,150
AGTCCTCACTGGTGGACACG_006,12
CAAGTGTCCTACATGCCGTA_001,129
CAAGTGTCCTACATGCCGTA_002,31
ACTGCTCGGAAGTCTACTGG_001,44
ACTGCTCGGAAGTCTACTGG_002,166
ACTGCTCGGAAGTCTACTGG_003,167
ACTGCTCGGAAGTCTACTGG_004,167
ACTGCTCGGAAGTCTACTGG_005,74
ACTGCTCGGAAGTCTACTGG_006,122
ACTGCTCGGAAGTCTACTGG_007,185
ACTGCTCGGAAGTCTACTGG_008,50
GTTCCTGCGGAAGCCGAACG_001,167
TCTCAGAGCGCATCATTGTG_001,27
TTTACGGCATAGGGACTACA_001,23
TTTACGGCATAGGGACTACA_002,70
TTTACGGCATAGGGACTACA_003,43
TTTACGGCATAGGGACTACA_004,60
TTTACGGCATAGGGACTACA_005,145
TTTACGGCATAGGGACTACA_006,90
TTTACGGCATAGGGACTACA_007,19
TTTACGGCATAGGGACTACA_008,84
TTTACGGCATAGGGACTACA_009,80
TTTACGGCATAGGGACTACA_010,199
TTTACGGCATAGGGACTACA_011,134
TTTACGGCATAGGGACTACA_012,181
TTTACGGCATAGGGACTACA_013,8
TTTACGGCATAGGGACTACA_014,1
TTTACGGCATAGGGACTACA_015,102
TTTACGGCATAGGGACTACA_016,177
TTTACGGCATAGGGACTACA_017,189
GGAATGTAGCATCCACGTGG_001,104
TGCAGAGATTCCAATCGTAG_001,127
TGCAGAGATTCCAATCGTAG_002,131
TGCAGAGATTCCAATCGTAG_003,124
TGCAGAGATTCCAATCGTAG_004,42
AAAGACAGGTTGCTCAAAAG_001,78
AAAGACAGGTTGCTCAAAAG_002,0
AAAGACAGGTTGCTCAAAAG_003,43
ACCGGACGTGCACATCCAAC_001,149
ACCGGACGTGCACATCCAAC_002,102
ACCGGACGTGCACATCCAAC_003,190
ACCGGACGTGCACATCCAAC_004,149
ACCGGACGTGCACATCCAAC_005,77
ACCGGACGTGCACATCCAAC_006,65
ACCGGACGTGCACATCCAAC_007,88
ACCGGACGTGCACATCCAAC_008,80
AGGATTGTGACATATCGCAG_001,94
AGGATTGTGACATATCGCAG_002,105
AGGATTGTGACATATCGCAG_003,7
AGGATTGTGACATATCGCAG_004,60
AACCAGCTAAGTCTAGCTCG_001,75
AACCAGCTAAGTCTAGCTCG_002,108
AACCAGCTAAGTCTAGCTCG_003,119
AACCAGCTAAGTCTAGCTCG_004,138
CCCCAAATTCCGAAGGCCTG_001,107
CCCCAAATTCCGAAGGCCTG_002,60
CCCCAAATTCCGAAGGCCTG_003,190
CCCCAAATTCCGAAGGCCTG_004,132
CCCCAAATTCCGAAGGCCTG_005,9
CCCCAAATTCCGAAGGCCTG_006,144
AAGGTGGAGATAACGCACTG_001,155
AAGGTGGAGATAACGCACTG_002,70
AAGGTGGAGATAACGCACTG_003,34
AAGGTGGAGATAACGCACTG_004,166
AAGGTGGAGATAACGCACTG_005,70
AAGGTGGAGATAACGCACTG_006,135
AAGGTGGAGATAACGCACTG_007,143
AAGGTGGAGATAACGCACTG_008,64
AAGGTGGAGATAACGCACTG_009,50
AAGGTGGAGATAACGCACTG_010,186
AAGGTGGAGATAACGCACTG_011,157
AAGGTGGAGATAACGCACTG_012,183
AAGGTGGAGATAACGCACTG_013,141
AAGGTGGAGATAACGCACTG_014,49
AAGGTGGAGATAACGCACTG_015,121
AGGAGGTGGCTACCGCCTTG_001,182
AGGAGGTGGCTACCGCCTTG_002,67
AGGAGGTGGCTACCGCCTTG_003,29
CATGGGTGTCGCGAAAGGCA_001,115
CATGGGTGTCGCGAAAGGCA_002,142
CATGGGTGTCGCGAAAGGCA_003,2
CATGGGTGTCGCGAAAGGCA_004,33
CATGGGTGTCGCGAAAGGCA_005,30
CATGGGTGTCGCGAAAGGCA_006,184
CATGGGTGTCGCGAAAGGCA_007,189
CATGAACACCTTGAGCGTAG_001,4
CATGAACACCTTGAGCGTAG_002,115
CAGGCACAATAGAAACAACG_001,60
CAGGCACAATAGAAACAACG_002,48
CAGGCACAATAGAAACAACG_003,176
CAGGCACAATAGAAACAACG_004,169
CAGGCACAATAGAAACAACG_005,12
CAGGCACAATAGAAACAACG_006,125
CAGGCACAATAGAAACAACG_007,92
CAGGCACAATAGAAACAACG_008,122
CAGGCACAATAGAAACAACG_009,185
CAGGCACAATAGAAACAACG_010,185
CAGGCACAATAGAAACAACG_011,33
CAGGCACAATAGAAACAACG_012,89
CAGGCACAATAGAAACAACG_013,121
CAGGCACAATAGAAACAACG_014,105
CAGGCACAATAGAAACAACG_015,147
CAGGCACAATAGAAACAACG_016,49
GGGCATTGTCATGCTAATGG_001,12
GGGCATTGTCATGCTAATGG_002,185
GGGCATTGTCATGCTAATGG_003,11
GCAGCTGCATCATATTCTGA_001,172
GCAGCTGCATCATATTCTGA_002,37
GATATGGCTCGAGTAATCTT_001,53
GATATGGCTCGAGTAATCTT_002,154
GATATGGCTCGAGTAATCTT_003,63
GATATGGCTCGAGTAATCTT_004,55
GATATGGCTCGAGTAATCTT_005,22
GATATGGCTCGAGTAATCTT_006,130
GATATGGCTCGAGTAATCTT_007,80
GCGGTTCATGCAGATAAGTG_001,138
GCGGTTCATGCAGATAAGTG_002,69
GCGGTTCATGCAGATAAGTG_003,199
GCGGTTCATGCAGATAAGTG_004,111
GCGGTTCATGCAGATAAGTG_005,0
GCGGTTCATGCAGATAAGTG_006,127
GCGGTTCATGCAGATAAGTG_007,171
GCGGTTCATGCAGATAAGTG_008,126
GCGGTTCATGCAGATAAGTG_009,176
GCGGTTCATGCAGATAAGTG_010,65
GGCCAAGGTTGTGTCCCGAG_001,2
GGCCAAGGTTGTGTCCCGAG_002,199
CACCTCCAATAAACTCAACA_001,55
ACTTCGGCTTTACTGTAAAG_001,137
ACTTCGGCTTTACTGTAAAG_002,184
ACTTCGGCTTTACTGTAAAG_003,169
ACTTCGGCTTTACTGTAAAG_004,76
GTGGTCAACGTATTCTTCGA_001,68
CACCACCTTTGATAGCATCG_001,9
CACCACCTTTGATAGCATCG_002,56
CACCACCTTTGATAGCATCG_003,148
CACCACCTTTGATAGCATCG_004,68
CCTGCAGCGTAGCTGAAAAG_001,91
CGTAGGTGAGAGTCTCGTCG_001,168
GTGTACAGACCAGCTGTTTG_001,110
GTGTACAGACCAGCTGTTTG_002,42
GTGTACAGACCAGCTGTTTG_003,68
GTGTACAGACCAGCTGTTTG_004,141
GTGTACAGACCAGCTGTTTG_005,142
GTGTACAGACCAGCTGTTTG_006,11
GTGTACAGACCAGCTGTTTG_007,130
GTGTACAGACCAGCTGTTTG_008,142
GAATCGACGCAGTAATCCCG_001,54
GAATCGACGCAGTAATCCCG_002,21
GAATCGACGCAGTAATCCCG_003,66
GAATCGACGCAGTAATCCCG_004,158
AGAAATCTACAAAGGACAAG_001,195
AGAAATCTACAAAGGACAAG_002,41
AGAAATCTACAAAGGACAAG_003,2
AGAAATCTACAAAGGACAAG_004,17
AGAAATCTACAAAGGACAAG_005,76
AGAAATCTACAAAGGACAAG_006,145
AGAAATCTACAAAGGACAAG_007,152
AGAAATCTACAAAGGACAAG_008,171
AGAAATCTACAAAGGACAAG_009,101
AGAAATCTACAAAGGACAAG_010,198
AGAAATCTACAAAGGACAAG_011,63
ACTCCAGGAGGACCATATGG_001,53
ACTCCAGGAGGACCATATGG_002,161
ACTCCAGGAGGACCATATGG_003,88
ACTCCAGGAGGACCATATGG_004,162
ACTCCAGGAGGACCATATGG_005,178
ACTCCAGGAGGACCATATGG_006,126
ACTCCAGGAGGACCATATGG_007,86
ACTCCAGGAGGACCATATGG_008,172
ACTCCAGGAGGACCATATGG_009,188
ACTCCAGGAGGACCATATGG_010,168
ACTCCAGGAGGACCATATGG_011,142
CAGATACTGGCTAAACTACG_001,134
CAGATACTGGCTAAACTACG_002,160
CAGATACTGGCTAAACTACG_003,70
CAGATACTGGCTAAACTACG_004,43
CAGATACTGGCTAAACTACG_005,106
CCTGCACAGCAAGTACAGCG_001,94
CCTGCACAGCAAGTACAGCG_002,69
GAGTAGACATACATTTCTGG_001,91
GCACAAGGGCATCGTAACTT_001,162
GCACAAGGGCATCGTAACTT_002,130
GCACAAGGGCATCGTAACTT_003,53
GCACAAGGGCATCGTAACTT_004,38
GCACAAGGGCATCGTAACTT_005,194
GCACAAGGGCATCGTAACTT_006,174
GCACAAGGGCATCGTAACTT_007,50
GCACAAGGGCATCGTAACTT_008,123
GCACAAGGGCATCGTAACTT_009,98
GCACAAGGGCATCGTAACTT_010,8
GCACAAGGGCATCGTAACTT_011,82
GCACAAGGGCATCGTAACTT_012,103
GCACAAGGGCATCGTAACTT_013,58
GCACAAGGGCATCGTAACTT_014,19
GCACAAGGGCATCGTAACTT_015,191
GCACAAGGGCATCGTAACTT_016,63
AAAACAGTCATCAGGTACAA_001,157
AAAACAGTCATCAGGTACAA_002,166
AAAACAGTCATCAGGTACAA_003,98
AAAACAGTCATCAGGTACAA_004,174
AAAACAGTCATCAGGTACAA_005,96
AAAACAGTCATCAGGTACAA_006,146
AAAACAGTCATCAGGTACAA_007,75
AAAACAGTCATCAGGTACAA_008,25
AAAACAGTCATCAGGTACAA_009,185
AAAACAGTCATCAGGTACAA_010,174
AAAACAGTCATCAGGTACAA_011,134
AAAACAGTCATCAGGTACAA_012,23
AAAACAGTCATCAGGTACAA_013,83
AAAACAGTCATCAGGTACAA_014,35
AAAACAGTCATCAGGTACAA_015,177
AAAACAGTCATCAGGTACAA_016,55
AAAACAGTCATCAGGTACAA_017,149
TTTCTGTAACTGTTCCAGGG_001,198
TTTCTGTAACTGTTCCAGGG_002,147
TTTCTGTAACTGTTCCAGGG_003,58
TTTCTGTAACTGTTCCAGGG_004,191
TTTCTGTAACTGTTCCAGGG_005,170
TTTCTGTAACTGTTCCAGGG_006,29
TTTCTGTAACTGTTCCAGGG_007,140
TTTCTGTAACTGTTCCAGGG_008,135
TTTCTGTAACTGTTCCAGGG_009,152
TAAGCTGATGCATACAGAGA_001,0
TAAGCTGATGCATACAGAGA_002,119
TAAGCTGATGCATACAGAGA_003,58
ATGCTAAGATCAATAGTGCA_001,62
ATGCTAAGATCAATAGTGCA_002,11
ATGCTAAGATCAATAGTGCA_003,35
ATGCTAAGATCAATAGTGCA_004,17
ATGCTAAGATCAATAGTGCA_005,81
ATGCTAAGATCAATAGTGCA_006,77
ATGCTAAGATCAATAGTGCA_007,33
ATGCTAAGATCAATAGTGCA_008,149
ATGCTAAGATCAATAGTGCA_009,78
ATGCTAAGATCAATAGTGCA_010,127
TCTGAAGCAGTGATTTCTGG_001,122
TCTGAAGCAGTGATTTCTGG_002,146
TCTGAAGCAGTGATTTCTGG_003,185
TCTGAAGCAGTGATTTCTGG_004,48
TCTGAAGCAGTGATTTCTGG_005,160
ACGTGGCTGTCAAACCGCCG_001,4
ACGTGGCTGTCAAACCGCCG_002,141
ACGTGGCTGTCAAACCGCCG_003,156
ACGTGGCTGTCAAACCGCCG_004,137
TGACTCATTCAAGATTTCAT_001,134
TGACTCATTCAAGATTTCAT_002,94
TGACTCATTCAAGATTTCAT_003,61
TGACTCATTCAAGATTTCAT_004,13
TGACTCATTCAAGATTTCAT_005,40
TGACTCATTCAAGATTTCAT_006,68
TGACTCATTCAAGATTTCAT_007,64
TGACTCATTCAAGATTTCAT_008,115
TGACTCATTCAAGATTTCAT_009,121
TGACTCATTCAAGATTTCAT_010,75
TGACTCATTCAAGATTTCAT_011,38
GAGTCATCTATGGTGAATGG_001,158
GAGTCATCTATGGTGAATGG_002,65
GAGTCATCTATGGTGAATGG_003,1
GAGTCATCTATGGTGAATGG_004,103
GAGTCATCTATGGTGAATGG_005,19
GAGTCATCTATGGTGAATGG_006,178
TGCAAGTTCTAACACTGCTG_001,153
TGCAAGTTCTAACACTGCTG_002,148
TGCAAGTTCTAACACTGCTG_003,83
ATCCGCCATACCAGGCAACG_001,78
ATCCGCCATACCAGGCAACG_002,158
ATCCGCCATACCAGGCAACG_003,40
ATCCGCCATACCAGGCAACG_004,56
ATCCGCCATACCAGGCAACG_005,60
ATCCGCCATACCAGGCAACG_006,29
ATCCGCCATACCAGGCAACG_007,130
ATCCGCCATACCAGGCAACG_008,55
ATCCGCCATACCAGGCAACG_009,11
ATCCGCCATACCAGGCAACG_010,169
ATCCGCCATACCAGGCAACG_011,9
ATCCGCCATACCAGGCAACG_012,14
ATCCGCCATACCAGGCAACG_013,165
ATCCGCCATACCAGGCAACG_014,131
ATCCGCCATACCAGGCAACG_015,130
ATCCGCCATACCAGGCAACG_016,172
AATGGCTGGTATATCTGGTA_001,51
AATGGCTGGTATATCTGGTA_002,113
AGCCGAGACAGACAGAGTAA_001,174
AGCCGAGACAGACAGAGTAA_002,191
AGCCGAGACAGACAGAGTAA_003,162
AGCCGAGACAGACAGAGTAA_004,58
AGCCGAGACAGACAGAGTAA_005,72
AGCCGAGACAGACAGAGTAA_006,102
AGCCGAGACAGACAGAGTAA_007,102
AGCCGAGACAGACAGAGTAA_008,105
AGCCGAGACAGACAGAGTAA_009,64
AGCCGAGACAGACAGAGTAA_010,18
AGCCGAGACAGACAGAGTAA_011,98
AGCCGAGACAGACAGAGTAA_012,23
AGCCGAGACAGACAGAGTAA_013,61
AGCCGAGACAGACAGAGTAA_014,127
AGCCGAGACAGACAGAGTAA_015,58
AGCCGAGACAGACAGAGTAA_016,91
AGCCGAGACAGACAGAGTAA_017,88
AGCCGAGACAGACAGAGTAA_018,76
AGCCGAGACAGACAGAGTAA_019,187
AGCCGAGACAGACAGAGTAA_020,153
AAAGTCGAAGGCCTGCGACT_001,162
AAAGTCGAAGGCCTGCGACT_002,178
AAAGTCGAAGGCCTGCGACT_003,80
AAAGTCGAAGGCCTGCGACT_004,14
AAAGTCGAAGGCCTGCGACT_005,110
AAAGTCGAAGGCCTGCGACT_006,105
AAAGTCGAAGGCCTGCGACT_007,104
AAAGTCGAAGGCCTGCGACT_008,53
AAAGTCGAAGGCCTGCGACT_009,44
AAAGTCGAAGGCCTGCGACT_010,106
AAAGTCGAAGGCCTGCGACT_011,176
ATAGGCGAGTATTAGTGGAA_001,127
ATAGGCGAGTATTAGTGGAA_002,54
ATAGGCGAGTATTAGTGGAA_003,58
ATAGGCGAGTATTAGTGGAA_004,127
ATAGGCGAGTATTAGTGGAA_005,147
ATAGGCGAGTATTAGTGGAA_006,153
ATAGGCGAGTATTAGTGGAA_007,161
ATAGGCGAGTATTAGTGGAA_008,134
ATAGGCGAGTATTAGTGGAA_009,57
ATAGGCGAGTATTAGTGGAA_010,183
ATAGGCGAGTATTAGTGGAA_011,138
ATAGGCGAGTATTAGTGGAA_012,147
ATAGGCGAGTATTAGTGGAA_013,171
GCACGAGGGGCTAGAACTCA_001,139
GCACGAGGGGCTAGAACTCA_002,170
GCACGAGGGGCTAGAACTCA_003,191
GCACGAGGGGCTAGAACTCA_004,0
GCACGAGGGGCTAGAACTCA_005,199
GCACGAGGGGCTAGAACTCA_006,17
GCACGAGGGGCTAGAACTCA_007,28
GCACGAGGGGCTAGAACTCA_008,28
GCACGAGGGGCTAGAACTCA_009,117
GGTGTAAACGTCCTACTTCG_001,133
GTGTATCACAAACTCCTGGG_001,160
GTGTATCACAAACTCCTGGG_002,95
GTGTATCACAAACTCCTGGG_003,43
GTGTATCACAAACTCCTGGG_004,147
GTGTATCACAAACTCCTGGG_005,100
GTGTATCACAAACTCCTGGG_006,148
GTGTATCACAAACTCCTGGG_007,185
GTGTATCACAAACTCCTGGG_008,45
GTGTATCACAAACTCCTGGG_009,187
GTGTATCACAAACTCCTGGG_010,76
GTGTATCACAAACTCCTGGG_011,156
GTGTATCACAAACTCCTGGG_012,21
GTGTATCACAAACTCCTGGG_013,162
GTGTATCACAAACTCCTGGG_014,118
GTGTATCACAAACTCCTGGG_015,46
CCTCACCACGAGGTCCCATG_001,94
CCTCACCACGAGGTCCCATG_002,77
CCTCACCACGAGGTCCCATG_003,191
CCTCACCACGAGGTCCCATG_004,185
CCTCACCACGAGGTCCCATG_005,14
CCTCACCACGAGGTCCCATG_006,85
CCTCACCACGAGGTCCCATG_007,54
GGGAGTGAGAGGCGGCCAAA_001,131
GGGAGTGAGAGGCGGCCAAA_002,103
GGGAGTGAGAGGCGGCCAAA_003,120
GGGAGTGAGAGGCGGCCAAA_004,84
GGGAGTGAGAGGCGGCCAAA_005,182
GGGAGTGAGAGGCGGCCAAA_006,48
GGGAGTGAGAGGCGGCCAAA_007,137
GGGAGTGAGAGGCGGCCAAA_008,75
GGGAGTGAGAGGCGGCCAAA_009,17
GGGAGTGAGAGGCGGCCAAA_010,188
GGGAGTGAGAGGCGGCCAAA_011,100
GGGAGTGAGAGGCGGCCAAA_012,191
CCTGCTCAGGTCTATGCTAG_001,47
CCTGCTCAGGTCTATGCTAG_002,94
CCTGCTCAGGTCTATGCTAG_003,84
TGTGCACCTCTATAATAGCT_001,125
TGTGCACCTCTATAATAGCT_002,73
TGTGCACCTCTATAATAGCT_003,163
TGTGCACCTCTATAATAGCT_004,36
TGTGCCGTAGTCAATGCGCG_001,61
TGTGCCGTAGTCAATGCGCG_002,155
TGTGCCGTAGTCAATGCGCG_003,15
TGTGCCGTAGTCAATGCGCG_004,41
TGTGCCGTAGTCAATGCGCG_005,140
TGTGCCGTAGTCAATGCGCG_006,121
TGTGCCGTAGTCAATGCGCG_007,158
TGTGCCGTAGTCAATGCGCG_008,139
TGTGCCGTAGTCAATGCGCG_009,94
TGTGCCGTAGTCAATGCGCG_010,37
TGTGCCGTAGTCAATGCGCG_011,64
TGTGCCGTAGTCAATGCGCG_012,161
TGTGCCGTAGTCAATGCGCG_013,30
TGTGCCGTAGTCAATGCGCG_014,34
TGTGCCGTAGTCAATGCGCG_015,127
TGTGCCGTAGTCAATGCGCG_016,40
TGTGCCGTAGTCAATGCGCG_017,170
TGTGCCGTAGTCAATGCGCG_018,60
TGTGCCGTAGTCAATGCGCG_019,197
TGTGCCGTAGTCAATGCGCG_020,19
TGTGCCGTAGTCAATGCGCG_021,167
TGTGCCGTAGTCAATGCGCG_022,6
TGTGCCGTAGTCAATGCGCG_023,166
GATGAAGCGACATGAAATGG_001,156
GATGAAGCGACATGAAATGG_002,150
GATGAAGCGACATGAAATGG_003,17
GATGAAGCGACATGAAATGG_004,163
GATGAAGCGACATGAAATGG_005,9
CAGAGGGTCTCTGGTCAGGG_001,65
CAGAGGGTCTCTGGTCAGGG_002,18
CAGAGGGTCTCTGGTCAGGG_003,77
CAGAGGGTCTCTGGTCAGGG_004,14
CAGAGGGTCTCTGGTCAGGG_005,35
CAGAGGGTCTCTGGTCAGGG_006,108
CAGAGGGTCTCTGGTCAGGG_007,99
CAGAGGGTCTCTGGTCAGGG_008,172
CTGTAGCCAGAGAACTACTG_001,41
CTGTAGCCAGAGAACTACTG_002,103
CTGTAGCCAGAGAACTACTG_003,172
CTGTAGCCAGAGAACTACTG_004,62
CTGTAGCCAGAGAACTACTG_005,121
CTGTAGCCAGAGAACTACTG_006,48
CTGTAGCCAGAGAACTACTG_007,172
CTGTAGCCAGAGAACTACTG_008,2
CTGTAGCCAGAGAACTACTG_009,29
CTGTAGCCAGAGAACTACTG_010,1
CTGTAGCCAGAGAACTACTG_011,78
CTGTAGCCAGAGAACTACTG_012,94
CTGTAGCCAGAGAACTACTG_013,199
CTGTAGCCAGAGAACTACTG_014,111
CTGTAGCCAGAGAACTACTG_015,113
CTGTAGCCAGAGAACTACTG_016,67
TGCTGCTGCTAGTTTCACAA_001,23
TGCTGCTGCTAGTTTCACAA_002,176
TGCTGCTGCTAGTTTCACAA_003,121
TGCTGCTGCTAGTTTCACAA_004,176
TGCTGCTGCTAGTTTCACAA_005,149
TCTCCTGGACTGTAAGCGTG_001,70
TCTCCTGGACTGTAAGCGTG_002,16
TCTCCTGGACTGTAAGCGTG_003,49
AGTGGTGGACCAGGCCACAG_001,121
AGTGGTGGACCAGGCCACAG_002,68
AGTGGTGGACCAGGCCACAG_003,188
AGTGGTGGACCAGGCCACAG_004,94
TGCTGTGGGAGATACGACTG_001,29
TGCTGTGGGAGATACGACTG_002,29
TGCTGTGGGAGATACGACTG_003,162
TGCTGTGGGAGATACGACTG_004,162
TGCTGTGGGAGATACGACTG_005,172
TGCTGTGGGAGATACGACTG_006,13
TGCTGTGGGAGATACGACTG_007,12
TGCTGTGGGAGATACGACTG_008,188
TGCTGTGGGAGATACGACTG_009,16
TGCTGTGGGAGATACGACTG_010,15
TGCTGTGGGAGATACGACTG_011,197
TGCTGTGGGAGATACGACTG_012,197
TGCTGTGGGAGATACGACTG_013,169
TGCTGTGGGAGATACGACTG_014,170
TGCTGTGGGAGATACGACTG_015,30
TGCTGTGGGAGATACGACTG_016,127
TGCTGTGGGAGATACGACTG_017,24
TGCTGTGGGAGATACGACTG_018,29
TGCTGTGGGAGATACGACTG_019,1
TGCTGTGGGAGATACGACTG_020,59
TGCTGTGGGAGATACGACTG_021,57
TGCTGTGGGAGATACGACTG_022,68
TGCTGTGGGAGATACGACTG_023,9
TGCTGTGGGAGATACGACTG_024,42
TGCTGTGGGAGATACGACTG_025,152
TGCTGTGGGAGATACGACTG_026,153
TGCTGTGGGAGATACGACTG_027,29
TGCTGTGGGAGATACGACTG_028,56
TGCTGTGGGAGATACGACTG_029,136
TGCTGTGGGAGATACGACTG_030,152
GCCTACGAGCACTTCCACCG_001,12
GCCTACGAGCACTTCCACCG_002,62
GCCTACGAGCACTTCCACCG_003,165
GCCTACGAGCACTTCCACCG_004,77
GCCTACGAGCACTTCCACCG_005,94
GCCTACGAGCACTTCCACCG_006,144
GCCTACGAGCACTTCCACCG_007,40
GCCTACGAGCACTTCCACCG_008,78
GCCTACGAGCACTTCCACCG_009,88
GCCTACGAGCACTTCCACCG_010,129
GCCTACGAGCACTTCCACCG_011,32
GCCTACGAGCACTTCCACCG_012,145
GCCTACGAGCACTTCCACCG_013,1
GCCTACGAGCACTTCCACCG_014,1
GCCTACGAGCACTTCCACCG_015,105
GCCTACGAGCACTTCCACCG_016,150
TTTCCTTTGATAGACTGGCC_001,103
TTTCCTTTGATAGACTGGCC_002,103
TTTCCTTTGATAGACTGGCC_003,15
TTTCCTTTGATAGACTGGCC_004,150
TTTCCTTTGATAGACTGGCC_005,68
TTTCCTTTGATAGACTGGCC_006,119
TTTCCTTTGATAGACTGGCC_007,117
TTTCCTTTGATAGACTGGCC_008,48
AAGAAGATGATGGACACACA_001,60
AAGAAGATGATGGACACACA_002,185
AAGAAGATGATGGACACACA_003,150
AAGAAGATGATGGACACACA_004,1
AAGAAGATGATGGACACACA_005,77
AAGAAGATGATGGACACACA_006,98
AAGAAGATGATGGACACACA_007,141
AAGAAGATGATGGACACACA_008,184
AAGAAGATGATGGACACACA_009,182
AAGAAGATGATGGACACACA_010,12
AAGAAGATGATGGACACACA_011,77
AAGAAGATGATGGACACACA_012,85
TGTTAAAGGAGGAACTGTAG_001,121
TGTTAAAGGAGGAACTGTAG_002,105
TGTTAAAGGAGGAACTGTAG_003,60
TGTTAAAGGAGGAACTGTAG_004,170
TGTTAAAGGAGGAACTGTAG_005,81
TGTTAAAGGAGGAACTGTAG_006,9
TGTTAAAGGAGGAACTGTAG_007,15
TGTTAAAGGAGGAACTGTAG_008,60
GATGCATGTAAGGTGTACAA_001,114
GATGCATGTAAGGTGTACAA_002,114
GATGCATGTAAGGTGTACAA_003,94
GATGCATGTAAGGTGTACAA_004,28
GATGCATGTAAGGTGTACAA_005,148
GATGCATGTAAGGTGTACAA_006,67
GATGCATGTAAGGTGTACAA_007,106
CAGCGAAGTCACGAACACGT_001,41
CAGCGAAGTCACGAACACGT_002,34
CAGCGAAGTCACGAACACGT_003,176
CAGCGAAGTCACGAACACGT_004,70
CAGCGAAGTCACGAACACGT_005,50
CAGCGAAGTCACGAACACGT_006,62
CAGCGAAGTCACGAACACGT_007,59
CAGCGAAGTCACGAACACGT_008,81
CAGCGAAGTCACGAACACGT_009,198
CAGCGAAGTCACGAACACGT_010,62
CAGCGAAGTCACGAACACGT_011,175
CAGCGAAGTCACGAACACGT_012,62
CAGCGAAGTCACGAACACGT_013,168
CAGCGAAGTCACGAACACGT_014,170
CAGCGAAGTCACGAACACGT_015,138
CCGGGAGCCGCGAGTCTTTG_001,130
CCGGGAGCCGCGAGTCTTTG_002,158
CCGGGAGCCGCGAGTCTTTG_003,165
CCGGGAGCCGCGAGTCTTTG_004,121
CCGGGAGCCGCGAGTCTTTG_005,15
CCGGGAGCCGCGAGTCTTTG_006,114
CCGGGAGCCGCGAGTCTTTG_007,50
CCGGGAGCCGCGAGTCTTTG_008,126
CCGGGAGCCGCGAGTCTTTG_009,19
CCGGGAGCCGCGAGTCTTTG_010,170
CCGGGAGCCGCGAGTCTTTG_011,70
CCGGGAGCCGCGAGTCTTTG_012,63
CCGGGAGCCGCGAGTCTTTG_013,19
CCGGGAGCCGCGAGTCTTTG_014,152
GTGAAGAATTTCTTCCCCCC_001,61
TGCTTCCAGATTTACCCAGG_001,29
TGCTTCCAGATTTACCCAGG_002,195
TTGGACTTTCTGCATAACAA_001,69
TTGGACTTTCTGCATAACAA_002,34
TTGGACTTTCTGCATAACAA_003,17
AGTCAGGTTTCCTCGAGTCG_001,147
AGTCAGGTTTCCTCGAGTCG_002,110
AGTCAGGTTTCCTCGAGTCG_003,58
AGTCAGGTTTCCTCGAGTCG_004,188
TCACCACATAAGCCTGACGA_001,62
TCACCACATAAGCCTGACGA_002,156
TCACCACATAAGCCTGACGA_003,185
TCACCACATAAGCCTGACGA_004,135
TCACCACATAAGCCTGACGA_005,56
TCACCACATAAGCCTGACGA_006,18
TCACCACATAAGCCTGACGA_007,161
TCACCACATAAGCCTGACGA_008,6
TCACCACATAAGCCTGACGA_009,197
TCACCACATAAGCCTGACGA_010,49
TCACCACATAAGCCTGACGA_011,85
TCACCACATAAGCCTGACGA_012,83
TCACCACATAAGCCTGACGA_013,26
TCACCACATAAGCCTGACGA_014,1
TCACCACATAAGCCTGACGA_015,78
ACGAAAAAATCGCCAAGGTA_001,21
ACGAAAAAATCGCCAAGGTA_002,162
ACGAAAAAATCGCCAAGGTA_003,132
ACGAAAAAATCGCCAAGGTA_004,91
ACGAAAAAATCGCCAAGGTA_005,175
ACGAAAAAATCGCCAAGGTA_006,197
ACGAAAAAATCGCCAAGGTA_007,40
ACGAAAAAATCGCCAAGGTA_008,160
ACGAAAAAATCGCCAAGGTA_009,138
CGGAGAAGACGACCCGCGTG_001,68
CGGAGAAGACGACCCGCGTG_002,39
CGGAGAAGACGACCCGCGTG_003,90
CGGAGAAGACGACCCGCGTG_004,177
CGGAGAAGACGACCCGCGTG_005,177
CGGAGAAGACGACCCGCGTG_006,50
CGGAGAAGACGACCCGCGTG_007,119
CGGAGAAGACGACCCGCGTG_008,13
ACTAAGCAGATGTCGATCGG_001,113
ACTAAGCAGATGTCGATCGG_002,128
GGAACACTTACAGTGAACAA_001,75
GGAACACTTACAGTGAACAA_002,70
GGAACACTTACAGTGAACAA_003,9
GGAACACTTACAGTGAACAA_004,126
CCAGAGGGCTCAGGTACTGG_001,191
CCAGAGGGCTCAGGTACTGG_002,32
CCAGAGGGCTCAGGTACTGG_003,173
CCAGAGGGCTCAGGTACTGG_004,3
ACTGCCATGAGCTAGACTCG_001,119
ACTGCCATGAGCTAGACTCG_002,15
ACTGCCATGAGCTAGACTCG_003,8
ACTGCCATGAGCTAGACTCG_004,188
ACTGCCATGAGCTAGACTCG_005,82
ACTGCCATGAGCTAGACTCG_006,158
ACTGCCATGAGCTAGACTCG_007,135
ACTGCCATGAGCTAGACTCG_008,104
ACTGCCATGAGCTAGACTCG_009,1
ACTGCCATGAGCTAGACTCG_010,178
ACTGCCATGAGCTAGACTCG_011,47
ACTGCCATGAGCTAGACTCG_012,116
ACTGCCATGAGCTAGACTCG_013,134
ACTGCCATGAGCTAGACTCG_014,104
ACTGCCATGAGCTAGACTCG_015,41
ACTGCCATGAGCTAGACTCG_016,41
ACTGCCATGAGCTAGACTCG_017,175
ACTGCCATGAGCTAGACTCG_018,124
ACTGCCATGAGCTAGACTCG_019,56
ACTGCCATGAGCTAGACTCG_020,104
ACTGCCATGAGCTAGACTCG_021,102
ACTGCCATGAGCTAGACTCG_022,70
ACTGCCATGAGCTAGACTCG_023,104
ACTGCCATGAGCTAGACTCG_024,46
ACTGCCATGAGCTAGACTCG_025,177
AGTTAGCTGGCTGAACCCCG_001,48
AGTTAGCTGGCTGAACCCCG_002,32
AGTTAGCTGGCTGAACCCCG_003,114
AGTTAGCTGGCTGAACCCCG_004,17
AGTTAGCTGGCTGAACCCCG_005,61
AGTTAGCTGGCTGAACCCCG_006,48
AGTTAGCTGGCTGAACCCCG_007,157
AGTTAGCTGGCTGAACCCCG_008,147
AGTTAGCTGGCTGAACCCCG_009,49
AGTTAGCTGGCTGAACCCCG_010,76
AGTTAGCTGGCTGAACCCCG_011,40
AGTTAGCTGGCTGAACCCCG_012,192
AGTTAGCTGGCTGAACCCCG_013,191
AGTTAGCTGGCTGAACCCCG_014,12
AGTTAGCTGGCTGAACCCCG_015,8
AGTTAGCTGGCTGAACCCCG_016,6
AGTTAGCTGGCTGAACCCCG_017,78
AGTTAGCTGGCTGAACCCCG_018,172
AGTTAGCTGGCTGAACCCCG_019,180
AGTTAGCTGGCTGAACCCCG_020,19
AGTTAGCTGGCTGAACCCCG_021,86
AGTTAGCTGGCTGAACCCCG_022,148
AGTTAGCTGGCTGAACCCCG_023,138
AGTTAGCTGGCTGAACCCCG_024,105
CCTGAAAAGACATGTGCGAG_001,49
CCTGAAAAGACATGTGCGAG_002,93
CCTGAAAAGACATGTGCGAG_003,192
CCTGAAAAGACATGTGCGAG_004,35
CCTGAAAAGACATGTGCGAG_005,176
CCTGAAAAGACATGTGCGAG_006,36
CCTGAAAAGACATGTGCGAG_007,138
CCTGAAAAGACATGTGCGAG_008,62
CCTGAAAAGACATGTGCGAG_009,149
TACAACCGAATGTGGACACT_001,87
TACAACCGAATGTGGACACT_002,166
TACAACCGAATGTGGACACT_003,68
TACAACCGAATGTGGACACT_004,156
TACAACCGAATGTGGACACT_005,39
TACAACCGAATGTGGACACT_006,166
GCGGGCCGAGGCCTTCGTGA_001,29
GCGGGCCGAGGCCTTCGTGA_002,110
GCGGGCCGAGGCCTTCGTGA_003,176
GCGGGCCGAGGCCTTCGTGA_004,175
GCGGGCCGAGGCCTTCGTGA_005,5
GCGGGCCGAGGCCTTCGTGA_006,54
GCGGGCCGAGGCCTTCGTGA_007,2
GCGGGCCGAGGCCTTCGTGA_008,50
GCGGGCCGAGGCCTTCGTGA_009,7
GCGGGCCGAGGCCTTCGTGA_010,176
GCGGGCCGAGGCCTTCGTGA_011,193
GCGGGCCGAGGCCTTCGTGA_012,94
GCGGGCCGAGGCCTTCGTGA_013,159
GCGGGCCGAGGCCTTCGTGA_014,154
GCGGGCCGAGGCCTTCGTGA_015,175
GCGGGCCGAGGCCTTCGTGA_016,26
TGGTCTAGGAGGGACGCCCG_001,102
TGGTCTAGGAGGGACGCCCG_002,126
TGGTCTAGGAGGGACGCCCG_003,185
TGGTCTAGGAGGGACGCCCG_004,49
TGGTCTAGGAGGGACGCCCG_005,137
TGGTCTAGGAGGGACGCCCG_006,178
TGGTCTAGGAGGGACGCCCG_007,72
TGGTCTAGGAGGGACGCCCG_008,22
TGGTCTAGGAGGGACGCCCG_009,171
TGGTCTAGGAGGGACGCCCG_010,190
TGGTCTAGGAGGGACGCCCG_011,102
TGGTCTAGGAGGGACGCCCG_012,150
TGGTCTAGGAGGGACGCCCG_013,74
TGGTCTAGGAGGGACGCCCG_014,64
TGGTCTAGGAGGGACGCCCG_015,188
TGGTCTAGGAGGGACGCCCG_016,143
TGGTCTAGGAGGGACGCCCG_017,143
TGGTCTAGGAGGGACGCCCG_018,177
TGGTCTAGGAGGGACGCCCG_019,98
TGGTCTAGGAGGGACGCCCG_020,145
TGGTCTAGGAGGGACGCCCG_021,192
TGGTCTAGGAGGGACGCCCG_022,116
TGGTCTAGGAGGGACGCCCG_023,147
TGGTCTAGGAGGGACGCCCG_024,182
TGGTCTAGGAGGGACGCCCG_025,141
TGGTCTAGGAGGGACGCCCG_026,41
TGGTCTAGGAGGGACGCCCG_027,23
TGGTCTAGGAGGGACGCCCG_028,48
TGGTCTAGGAGGGACGCCCG_029,17
TGGTCTAGGAGGGACGCCCG_030,41
TGGTCTAGGAGGGACGCCCG_031,192
TGGTCTAGGAGGGACGCCCG_032,20
TGGTCTAGGAGGGACGCCCG_033,56
TGGTCTAGGAGGGACGCCCG_034,102
TGGTCTAGGAGGGACGCCCG_035,20
TGGTCTAGGAGGGACGCCCG_036,19
TGGTCTAGGAGGGACGCCCG_037,19
TTCCCATAGAGGCCTCGGTG_001,2
TTCCCATAGAGGCCTCGGTG_002,54
TTCCCATAGAGGCCTCGGTG_003,94
TTCCCATAGAGGCCTCGGTG_004,67
TTCCCATAGAGGCCTCGGTG_005,174
TTCCCATAGAGGCCTCGGTG_006,34
TTCCCATAGAGGCCTCGGTG_007,34
TTCCCATAGAGGCCTCGGTG_008,48
TTCCCATAGAGGCCTCGGTG_009,1
TTCCCATAGAGGCCTCGGTG_010,175
TTCCCATAGAGGCCTCGGTG_011,124
TTCCCATAGAGGCCTCGGTG_012,160
CATCATGCATTGTCACCATG_001,191
CATCATGCATTGTCACCATG_002,43
CATCATGCATTGTCACCATG_003,108
CATCATGCATTGTCACCATG_004,26
CATCATGCATTGTCACCATG_005,148
CATCATGCATTGTCACCATG_006,144
CCCTCGGAGACCACCCGCTG_001,184
CCCTCGGAGACCACCCGCTG_002,177
CCCTCGGAGACCACCCGCTG_003,137
CCCTCGGAGACCACCCGCTG_004,121
CCCTCGGAGACCACCCGCTG_005,173
CCCTCGGAGACCACCCGCTG_006,69
CCCTCGGAGACCACCCGCTG_007,9
CCCTCGGAGACCACCCGCTG_008,196
CCCTCGGAGACCACCCGCTG_009,60
CCCTCGGAGACCACCCGCTG_010,59
CCCTCGGAGACCACCCGCTG_011,70
CCCTCGGAGACCACCCGCTG_012,81
CCCTCGGAGACCACCCGCTG_013,48
CCCTCGGAGACCACCCGCTG_014,11
CCCTCGGAGACCACCCGCTG_015,127
CCCTCGGAGACCACCCGCTG_016,136
CCCTCGGAGACCACCCGCTG_017,127
CCCTCGGAGACCACCCGCTG_018,87
CCCTCGGAGACCACCCGCTG_019,140
CCCTCGGAGACCACCCGCTG_020,197
CCCTCGGAGACCACCCGCTG_021,12
CCCTCGGAGACCACCCGCTG_022,138
CCCTCGGAGACCACCCGCTG_023,17
CCCTCGGAGACCACCCGCTG_024,60
CCCTCGGAGACCACCCGCTG_025,157
CCCTCGGAGACCACCCGCTG_026,58
CCCTCGGAGACCACCCGCTG_027,60
CCCTCGGAGACCACCCGCTG_028,53
CCCTCGGAGACCACCCGCTG_029,42
CCCTCGGAGACCACCCGCTG_030,104
CCCTCGGAGACCACCCGCTG_031,189
CCCTCGGAGACCACCCGCTG_032,129
CCCTCGGAGACCACCCGCTG_033,188
CCCTCGGAGACCACCCGCTG_034,50
CCCTCGGAGACCACCCGCTG_035,58
CCCTCGGAGACCACCCGCTG_036,92
CCCTCGGAGACCACCCGCTG_037,138
CCCTCGGAGACCACCCGCTG_038,180
CCCTCGGAGACCACCCGCTG_039,88
CCCTCGGAGACCACCCGCTG_040,46
CCCTCGGAGACCACCCGCTG_041,79
GCTGAGCAAGGATGTCCGCG_001,146
AATTGCAAAAGCAAGAACAT_001,171
AATTGCAAAAGCAAGAACAT_002,160
AATTGCAAAAGCAAGAACAT_003,150
AATTGCAAAAGCAAGAACAT_004,149
AATTGCAAAAGCAAGAACAT_005,183
AATTGCAAAAGCAAGAACAT_006,160
AATTGCAAAAGCAAGAACAT_007,177
AATTGCAAAAGCAAGAACAT_008,58
AATTGCAAAAGCAAGAACAT_009,160
AATTGCAAAAGCAAGAACAT_010,19
AATTGCAAAAGCAAGAACAT_011,166
AATTGCAAAAGCAAGAACAT_012,57
AATTGCAAAAGCAAGAACAT_013,109
AATTGCAAAAGCAAGAACAT_014,121
AATTGCAAAAGCAAGAACAT_015,59
AATTGCAAAAGCAAGAACAT_016,48
AATTGCAAAAGCAAGAACAT_017,145
AATTGCAAAAGCAAGAACAT_018,17
AATTGCAAAAGCAAGAACAT_019,158
AATTGCAAAAGCAAGAACAT_020,50
AATTGCAAAAGCAAGAACAT_021,190
AATTGCAAAAGCAAGAACAT_022,134
AATTGCAAAAGCAAGAACAT_023,26
GGAGAACAGGCAATTAAAGA_001,119
CCGTTCGCGCTCCACCAACA_001,63
GAACGCATTACAATATTGAG_001,149
GAACGCATTACAATATTGAG_002,116
TGCTCCTACCGACTCCCATG_001,119
TAGGGTTGTTACGAAGCTGC_001,13
TAGGGTTGTTACGAAGCTGC_002,170
TAGGGTTGTTACGAAGCTGC_003,24
TAGGGTTGTTACGAAGCTGC_004,83
GAGGTACATAGATTGGTGCA_001,77
GAGGTACATAGATTGGTGCA_002,9
GAGGTACATAGATTGGTGCA_003,5
GAGGTACATAGATTGGTGCA_004,114
GAGGTACATAGATTGGTGCA_005,166
GAGGTACATAGATTGGTGCA_006,33
GAGGTACATAGATTGGTGCA_007,112
GAGGTACATAGATTGGTGCA_008,70
GAGGTACATAGATTGGTGCA_009,27
ACTAGAACGATGGCAACTTG_001,121
ACTAGAACGATGGCAACTTG_002,169
CTCACAAAGACAATTTGAGA_001,81
CTCACAAAGACAATTTGAGA_002,17
CTCACAAAGACAATTTGAGA_003,77
CTCACAAAGACAATTTGAGA_004,160
TGTCCGGCTCATCCAGAGTG_001,35
TGTCCGGCTCATCCAGAGTG_002,169
GAGGCTGCAGTGTCCCCACC_001,118
GAGGCTGCAGTGTCCCCACC_002,190
GAGGCTGCAGTGTCCCCACC_003,191
GAGGCTGCAGTGTCCCCACC_004,121
GAGGCTGCAGTGTCCCCACC_005,15
GAGGCTGCAGTGTCCCCACC_006,66
GAGGCTGCAGTGTCCCCACC_007,76
GAGGCTGCAGTGTCCCCACC_008,172
GAGGCTGCAGTGTCCCCACC_009,17
GAGGCTGCAGTGTCCCCACC_010,150
GTCCTGGAAATGCTTCTCCG_001,78
GTCCTGGAAATGCTTCTCCG_002,17
GTCCTGGAAATGCTTCTCCG_003,198
GTCCTGGAAATGCTTCTCCG_004,143
GTCCTGGAAATGCTTCTCCG_005,4
ACTGCATCTGTGCAAACGGG_001,62
ACTGCATCTGTGCAAACGGG_002,29
ACTGCATCTGTGCAAACGGG_003,70
ACTGCATCTGTGCAAACGGG_004,63
ACTGCATCTGTGCAAACGGG_005,69
ACTGCATCTGTGCAAACGGG_006,2
ACTGCATCTGTGCAAACGGG_007,55
ACTGCATCTGTGCAAACGGG_008,183
ACTGCATCTGTGCAAACGGG_009,127
ACTGCATCTGTGCAAACGGG_010,81
ACTGCATCTGTGCAAACGGG_011,27
ACTGCATCTGTGCAAACGGG_012,28
ACTGCATCTGTGCAAACGGG_013,162
ACTGCATCTGTGCAAACGGG_014,27
ACTGCATCTGTGCAAACGGG_015,49
ACTGCATCTGTGCAAACGGG_016,4
GTCCTCGAGTGGAAACCCGA_001,80
GTCCTCGAGTGGAAACCCGA_002,58
GTCCTCGAGTGGAAACCCGA_003,17
GTCCTCGAGTGGAAACCCGA_004,27
GTCCTCGAGTGGAAACCCGA_005,177
GTCCTCGAGTGGAAACCCGA_006,8
GTCCTCGAGTGGAAACCCGA_007,97
GTCCTCGAGTGGAAACCCGA_008,119
GTCCTCGAGTGGAAACCCGA_009,175
GTCCTCGAGTGGAAACCCGA_010,148
GTCCTCGAGTGGAAACCCGA_011,27
GTCCTCGAGTGGAAACCCGA_012,72
GTCCTCGAGTGGAAACCCGA_013,27
GTCCTCGAGTGGAAACCCGA_014,12
GTCCTCGAGTGGAAACCCGA_015,67
GTCCTCGAGTGGAAACCCGA_016,50
GTCCTCGAGTGGAAACCCGA_017,28
GTCCTCGAGTGGAAACCCGA_018,127
GTCCTCGAGTGGAAACCCGA_019,8
GTCCTCGAGTGGAAACCCGA_020,32
GTCCTCGAGTGGAAACCCGA_021,98
GTCCTCGAGTGGAAACCCGA_022,140
GTCCTCGAGTGGAAACCCGA_023,76
GTCCTCGAGTGGAAACCCGA_024,83
GTCCTCGAGTGGAAACCCGA_025,65
GTCCTCGAGTGGAAACCCGA_026,88
GTCCTCGAGTGGAAACCCGA_027,105
GTCCTCGAGTGGAAACCCGA_028,191
GTCCTCGAGTGGAAACCCGA_029,70
GTCCTCGAGTGGAAACCCGA_030,47
GTCCTCGAGTGGAAACCCGA_031,15
GTCCTCGAGTGGAAACCCGA_032,149
GTCCTCGAGTGGAAACCCGA_033,59
GTCCTCGAGTGGAAACCCGA_034,40
GTCCTCGAGTGGAAACCCGA_035,27
GTCCTCGAGTGGAAACCCGA_036,34
GTCCTCGAGTGGAAACCCGA_037,152
GTCCTCGAGTGGAAACCCGA_038,160
GTCCTCGAGTGGAAACCCGA_039,45
CTTAAGGCCGGATGTTTACG_001,136
CTTAAGGCCGGATGTTTACG_002,157
CTTAAGGCCGGATGTTTACG_003,28
CTTAAGGCCGGATGTTTACG_004,172
TGGGTCAGACATGACTTATG_001,129
TGGGTCAGACATGACTTATG_002,184
TGGGTCAGACATGACTTATG_003,139
TGGGTCAGACATGACTTATG_004,116
TGGGTCAGACATGACTTATG_005,158
TGGGTCAGACATGACTTATG_006,28
TCGAGCACCTCAGCACATCA_001,65
TCGAGCACCTCAGCACATCA_002,147
TCGAGCACCTCAGCACATCA_003,101
TCGAGCACCTCAGCACATCA_004,138
TCGAGCACCTCAGCACATCA_005,27
TCGAGCACCTCAGCACATCA_006,148
TCGAGCACCTCAGCACATCA_007,38
TCGAGCACCTCAGCACATCA_008,73
TCGAGCACCTCAGCACATCA_009,186
TCGAGCACCTCAGCACATCA_010,140
TCGAGCACCTCAGCACATCA_011,17
TCGAGCACCTCAGCACATCA_012,199
CCTGGGCCACACAAACCCCC_001,117
CCTGGGCCACACAAACCCCC_002,108
GGTGCAGAAGAAGTTTAGCA_001,163
GGTGCAGAAGAAGTTTAGCA_002,191
GGTGCAGAAGAAGTTTAGCA_003,16
GGTGCAGAAGAAGTTTAGCA_004,81
TGGCCTTGGAAGAATAGGTG_001,182
TGGCCTTGGAAGAATAGGTG_002,60
CCTGGGTGTCTACACATGTG_001,186
CCTGGGTGTCTACACATGTG_002,63
CCTGGGTGTCTACACATGTG_003,163
TTTCACGCACCTTGTGACCG_001,171
TTTCACGCACCTTGTGACCG_002,9
TTTCACGCACCTTGTGACCG_003,9
ATGTCTAGACCTAATCGTTT_001,147
ATGTCTAGACCTAATCGTTT_002,26
ATGTCTAGACCTAATCGTTT_003,22
ATGTCTAGACCTAATCGTTT_004,169
ATGTCTAGACCTAATCGTTT_005,137
ATGTCTAGACCTAATCGTTT_006,103
ATGTCTAGACCTAATCGTTT_007,56
AAGGATCCCACATTTCATGG_001,36
AAGGATCCCACATTTCATGG_002,129
AAGGATCCCACATTTCATGG_003,76
AAGGATCCCACATTTCATGG_004,168
AAGGATCCCACATTTCATGG_005,10
AAGGATCCCACATTTCATGG_006,188
CATCTCCAGCATCAACGACG_001,111
CATCTCCAGCATCAACGACG_002,105
CATCTCCAGCATCAACGACG_003,112
CATCTCCAGCATCAACGACG_004,98
CATCTCCAGCATCAACGACG_005,37
CATCTCCAGCATCAACGACG_006,17
CATCTCCAGCATCAACGACG_007,127
CATCTCCAGCATCAACGACG_008,82
AATTCAAAGGAGCTCCCCTG_001,174
AATTCAAAGGAGCTCCCCTG_002,130
AATTCAAAGGAGCTCCCCTG_003,34
AATTCAAAGGAGCTCCCCTG_004,149
AATTCAAAGGAGCTCCCCTG_005,149
AATTCAAAGGAGCTCCCCTG_006,178
AATTCAAAGGAGCTCCCCTG_007,47
AATTCAAAGGAGCTCCCCTG_008,169
AATTCAAAGGAGCTCCCCTG_009,81
AATTCAAAGGAGCTCCCCTG_010,34
AATTCAAAGGAGCTCCCCTG_011,174
AATTCAAAGGAGCTCCCCTG_012,66
AATTCAAAGGAGCTCCCCTG_013,178
AATTCAAAGGAGCTCCCCTG_014,75
AATTCAAAGGAGCTCCCCTG_015,12
AATTCAAAGGAGCTCCCCTG_016,29
AATTCAAAGGAGCTCCCCTG_017,77
AATTCAAAGGAGCTCCCCTG_018,116
AATTCAAAGGAGCTCCCCTG_019,103
GCACATTGTAACGCAGTGGG_001,118
GCACATTGTAACGCAGTGGG_002,139
GCACATTGTAACGCAGTGGG_003,141
AGGAGGACATCATTCTGCTG_001,120
GAGAAGCTGGACGCTCTGCA_001,138
GAGAAGCTGGACGCTCTGCA_002,38
GAGAAGCTGGACGCTCTGCA_003,7
GAGAAGCTGGACGCTCTGCA_004,72
GAGAAGCTGGACGCTCTGCA_005,154
GAGAAGCTGGACGCTCTGCA_006,27
GAGAAGCTGGACGCTCTGCA_007,93
GAGAAGCTGGACGCTCTGCA_008,126
ACGGTTCTATTAAGTCTCCG_001,152
ACGGTTCTATTAAGTCTCCG_002,72
ACGGTTCTATTAAGTCTCCG_003,91
CATGTGGAAATAGCTGCCGT_001,154
CATGTGGAAATAGCTGCCGT_002,23
CATGTGGAAATAGCTGCCGT_003,85
CATGTGGAAATAGCTGCCGT_004,105
CATGTGGAAATAGCTGCCGT_005,105
CATGTGGAAATAGCTGCCGT_006,83
CATGTGGAAATAGCTGCCGT_007,190
CATGTGGAAATAGCTGCCGT_008,147
CATGTGGAAATAGCTGCCGT_009,37
CATGTGGAAATAGCTGCCGT_010,169
CATGTGGAAATAGCTGCCGT_011,7
GCAGGGCACAAACTGCGACG_001,29
GCAGGGCACAAACTGCGACG_002,27
GCAGGGCACAAACTGCGACG_003,98
GCAGGGCACAAACTGCGACG_004,192
GCAGGGCACAAACTGCGACG_005,193
GCAGGGCACAAACTGCGACG_006,68
GCAGGGCACAAACTGCGACG_007,127
GCAGGGCACAAACTGCGACG_008,127
GCAGGGCACAAACTGCGACG_009,61
GCAGGGCACAAACTGCGACG_010,10
GCAGGGCACAAACTGCGACG_011,165
GGAGGTGCTGAAGCACGCCA_001,102
GGAGGTGCTGAAGCACGCCA_002,48
GGAGGTGCTGAAGCACGCCA_003,187
GGAGGTGCTGAAGCACGCCA_004,67
GGAGGTGCTGAAGCACGCCA_005,100
GGAGGTGCTGAAGCACGCCA_006,78
GGAGGTGCTGAAGCACGCCA_007,19
GGAGGTGCTGAAGCACGCCA_008,178
GGAGGTGCTGAAGCACGCCA_009,77
GGAGGTGCTGAAGCACGCCA_010,91
GGAGGTGCTGAAGCACGCCA_011,91
GGAGGTGCTGAAGCACGCCA_012,53
GGTGACTTCACACGCCATAA_001,174
GGTGACTTCACACGCCATAA_002,172
GGTGACTTCACACGCCATAA_003,129
TGCTATGAAGCGGATTGTTG_001,129
TGCTATGAAGCGGATTGTTG_002,127
TGCTATGAAGCGGATTGTTG_003,115
TGCTATGAAGCGGATTGTTG_004,2
TGCTATGAAGCGGATTGTTG_005,103
TGAACACAATAAGTTGTCCA_001,137
TGAACACAATAAGTTGTCCA_002,51
TGAACACAATAAGTTGTCCA_003,43
TGATGATGTCGCTGTCACCG_001,15
TGATGATGTCGCTGTCACCG_002,184
TGATGATGTCGCTGTCACCG_003,29
TGATGATGTCGCTGTCACCG_004,157
TGATGATGTCGCTGTCACCG_005,134
TGATGATGTCGCTGTCACCG_006,33
TGATGATGTCGCTGTCACCG_007,158
TGATGATGTCGCTGTCACCG_008,86
TGATGATGTCGCTGTCACCG_009,77
TGATGATGTCGCTGTCACCG_010,40
TGATGATGTCGCTGTCACCG_011,174
TGATGATGTCGCTGTCACCG_012,151
GCAACAGTGAACATCTCAAG_001,26
GCAACAGTGAACATCTCAAG_002,150
GCAACAGTGAACATCTCAAG_003,70
AGACACTGTAAACTCCACAT_001,78
AGACACTGTAAACTCCACAT_002,165
AGACACTGTAAACTCCACAT_003,152
AGACACTGTAAACTCCACAT_004,188
GTTGATTCGAGACATGGTGT_001,105
GTTGATTCGAGACATGGTGT_002,127
GTTGATTCGAGACATGGTGT_003,161
GTTGATTCGAGACATGGTGT_004,97
GTTGATTCGAGACATGGTGT_005,6
GTTGATTCGAGACATGGTGT_006,117
GTTGATTCGAGACATGGTGT_007,48
GTTGATTCGAGACATGGTGT_008,123
GCTGGACACATAGCTCACTG_001,171
ACTGTAAATCCAACATTTCG_001,40
ACTGTAAATCCAACATTTCG_002,62
ACTGTAAATCCAACATTTCG_003,129
ACTGTAAATCCAACATTTCG_004,166
ACTGTAAATCCAACATTTCG_005,106
ACTGTAAATCCAACATTTCG_006,58
ACTGTAAATCCAACATTTCG_007,103
ACTGTAAATCCAACATTTCG_008,132
ACTGTAAATCCAACATTTCG_009,130
GCACCTCTTGAGAGTGTCTG_001,86
GCACCTCTTGAGAGTGTCTG_002,85
TTCCTTGCTAAGGAGACTCA_001,174
TTCCTTGCTAAGGAGACTCA_002,194
TTCCTTGCTAAGGAGACTCA_003,45
TTCCTTGCTAAGGAGACTCA_004,81
TTCCTTGCTAAGGAGACTCA_005,94
CCCGGAAGGAGATCGAAGCC_001,197
CCCGGAAGGAGATCGAAGCC_002,97
CCCGGAAGGAGATCGAAGCC_003,159
CCCGGAAGGAGATCGAAGCC_004,40
CCCGGAAGGAGATCGAAGCC_005,8
TCGTCAGCCTTAAAGCACCA_001,29
TCGTCAGCCTTAAAGCACCA_002,172
TCGTCAGCCTTAAAGCACCA_003,92
TCGTCAGCCTTAAAGCACCA_004,63
TCGTCAGCCTTAAAGCACCA_005,88
TCGTCAGCCTTAAAGCACCA_006,56
TCGTCAGCCTTAAAGCACCA_007,20
CTCCCTCCGTTCCGGCATGG_001,194
CTCCCTCCGTTCCGGCATGG_002,70
CTCCCTCCGTTCCGGCATGG_003,196
CTCCCTCCGTTCCGGCATGG_004,117
CTCCCTCCGTTCCGGCATGG_005,108
CTCCCTCCGTTCCGGCATGG_006,77
CTCCCTCCGTTCCGGCATGG_007,162
CTCCCTCCGTTCCGGCATGG_008,193
CTCCCTCCGTTCCGGCATGG_009,131
CTCCCTCCGTTCCGGCATGG_010,77
CTCCCTCCGTTCCGGCATGG_011,92
CTCCCTCCGTTCCGGCATGG_012,155
CTCCCTCCGTTCCGGCATGG_013,30
CTCCCTCCGTTCCGGCATGG_014,121
CTCCCTCCGTTCCGGCATGG_015,5
CTCCCTCCGTTCCGGCATGG_016,35
CTCCCTCCGTTCCGGCATGG_017,182
CTCCCTCCGTTCCGGCATGG_018,21
CTCCCTCCGTTCCGGCATGG_019,168
CTCCCTCCGTTCCGGCATGG_020,110
CTCCCTCCGTTCCGGCATGG_021,16
CTCCCTCCGTTCCGGCATGG_022,8
CTCCCTCCGTTCCGGCATGG_023,150
CTCCCTCCGTTCCGGCATGG_024,81
CTCCCTCCGTTCCGGCATGG_025,187
CTCCCTCCGTTCCGGCATGG_026,199
CTCCCTCCGTTCCGGCATGG_027,11
CTCCCTCCGTTCCGGCATGG_028,148
CTCCCTCCGTTCCGGCATGG_029,190
CTCCCTCCGTTCCGGCATGG_030,38
CTCCCTCCGTTCCGGCATGG_031,36
CTCCCTCCGTTCCGGCATGG_032,188
CTCCCTCCGTTCCGGCATGG_033,117
CTCCCTCCGTTCCGGCATGG_034,26
CTCCCTCCGTTCCGGCATGG_035,97
CTCCCTCCGTTCCGGCATGG_036,68
CTCCCTCCGTTCCGGCATGG_037,20
CTCCCTCCGTTCCGGCATGG_038,12
CTCCCTCCGTTCCGGCATGG_039,126
CTCCCTCCGTTCCGGCATGG_040,33
CTCCCTCCGTTCCGGCATGG_041,128
CTCCCTCCGTTCCGGCATGG_042,135
GAAGGATGTAACGCATACAA_001,29
GAAGGATGTAACGCATACAA_002,16
GAAGGATGTAACGCATACAA_003,133
GAAGGATGTAACGCATACAA_004,199
GAAGGATGTAACGCATACAA_005,45
AAGTGACCTTATCATGTCCG_001,40
AAGTGACCTTATCATGTCCG_002,127
AAGTGACCTTATCATGTCCG_003,150
AAGTGACCTTATCATGTCCG_004,15
AAGTGACCTTATCATGTCCG_005,145
AAGTGACCTTATCATGTCCG_006,127
AAGTGACCTTATCATGTCCG_007,31
CGAGTGTTAGAAGCAAATGA_001,34
CGAGTGTTAGAAGCAAATGA_002,75
CGAGTGTTAGAAGCAAATGA_003,141
CGAGTGTTAGAAGCAAATGA_004,103
CGAGTGTTAGAAGCAAATGA_005,17
TGACGAGGAGGTCGAAGGAT_001,142
TGACGAGGAGGTCGAAGGAT_002,70
TGACGAGGAGGTCGAAGGAT_003,115
TGACGAGGAGGTCGAAGGAT_004,132
TGACGAGGAGGTCGAAGGAT_005,15
TGACGAGGAGGTCGAAGGAT_006,171
TGACGAGGAGGTCGAAGGAT_007,184
TGACGAGGAGGTCGAAGGAT_008,177
TGACGAGGAGGTCGAAGGAT_009,161
TGACGAGGAGGTCGAAGGAT_010,9
TGACGAGGAGGTCGAAGGAT_011,35
TGACGAGGAGGTCGAAGGAT_012,126
TGACGAGGAGGTCGAAGGAT_013,88
TGACGAGGAGGTCGAAGGAT_014,57
TGACGAGGAGGTCGAAGGAT_015,66
TGACGAGGAGGTCGAAGGAT_016,107
TGACGAGGAGGTCGAAGGAT_017,194
TGACGAGGAGGTCGAAGGAT_018,0
TGACGAGGAGGTCGAAGGAT_019,38
TGACGAGGAGGTCGAAGGAT_020,183
TGACGAGGAGGTCGAAGGAT_021,38
TGACGAGGAGGTCGAAGGAT_022,82
TGACGAGGAGGTCGAAGGAT_023,41
TGACGAGGAGGTCGAAGGAT_024,149
TGACGAGGAGGTCGAAGGAT_025,169
TGACGAGGAGGTCGAAGGAT_026,46
TGACGAGGAGGTCGAAGGAT_027,92
TGACGAGGAGGTCGAAGGAT_028,174
TGACGAGGAGGTCGAAGGAT_029,154
TGACGAGGAGGTCGAAGGAT_030,50
TGACGAGGAGGTCGAAGGAT_031,5
TGACGAGGAGGTCGAAGGAT_032,55
CCAGCAGTGACAGCCGTCTG_001,48
CCAGCAGTGACAGCCGTCTG_002,1
CCAGCAGTGACAGCCGTCTG_003,87
CCAGCAGTGACAGCCGTCTG_004,9
CCAGCAGTGACAGCCGTCTG_005,172
CCAGCAGTGACAGCCGTCTG_006,160
CCAGCAGTGACAGCCGTCTG_007,29
CCAGCAGTGACAGCCGTCTG_008,129
AGTGTGGAAAAGCTAACAGA_001,148
AGTGTGGAAAAGCTAACAGA_002,123
AGTGTGGAAAAGCTAACAGA_003,37
AGTGTGGAAAAGCTAACAGA_004,32
AGTGTGGAAAAGCTAACAGA_005,113
AGTGTGGAAAAGCTAACAGA_006,85
AGTGTGGAAAAGCTAACAGA_007,83
AGTGTGGAAAAGCTAACAGA_008,151
AGTGTGGAAAAGCTAACAGA_009,123
AGTGTGGAAAAGCTAACAGA_010,185
AGTGTGGAAAAGCTAACAGA_011,20
AGTGTGGAAAAGCTAACAGA_012,10
AGTGTGGAAAAGCTAACAGA_013,2
AGTGTGGAAAAGCTAACAGA_014,94
AGTGTGGAAAAGCTAACAGA_015,33
AGTGTGGAAAAGCTAACAGA_016,51
AGTGTGGAAAAGCTAACAGA_017,54
AGTGTGGAAAAGCTAACAGA_018,2
AGTGTGGAAAAGCTAACAGA_019,145
AGTGTGGAAAAGCTAACAGA_020,147
AGTGTGGAAAAGCTAACAGA_021,12
AGTGTGGAAAAGCTAACAGA_022,12
AGTGTGGAAAAGCTAACAGA_023,39
AGTGTGGAAAAGCTAACAGA_024,138
AGTGTGGAAAAGCTAACAGA_025,4
AGTGTGGAAAAGCTAACAGA_026,59
AGCACGTGAGGAATCACACG_001,87
AGCACGTGAGGAATCACACG_002,94
AGCACGTGAGGAATCACACG_003,127
AGCACGTGAGGAATCACACG_004,44
AGCACGTGAGGAATCACACG_005,87
AGCACGTGAGGAATCACACG_006,87
AGCACGTGAGGAATCACACG_007,45
AGCACGTGAGGAATCACACG_008,137
AGCACGTGAGGAATCACACG_009,110
AGCACGTGAGGAATCACACG_010,27
AGCACGTGAGGAATCACACG_011,198
AGCACGTGAGGAATCACACG_012,94
AGCACGTGAGGAATCACACG_013,162
AGCACGTGAGGAATCACACG_014,97
AGCACGTGAGGAATCACACG_015,120
AGCACGTGAGGAATCACACG_016,121
AGCACGTGAGGAATCACACG_017,19
AGCACGTGAGGAATCACACG_018,186
AGCACGTGAGGAATCACACG_019,160
AACTTAGATGATCCTCCGAA_001,60
AACTTAGATGATCCTCCGAA_002,86
AACTTAGATGATCCTCCGAA_003,58
AACTTAGATGATCCTCCGAA_004,114
ATGTTACCCCCACGAAACAG_001,105
ATGTTACCCCCACGAAACAG_002,172
ATGTTACCCCCACGAAACAG_003,130
ATGTTACCCCCACGAAACAG_004,186
ATGTTACCCCCACGAAACAG_005,137
ATGTTACCCCCACGAAACAG_006,181
ATGTTACCCCCACGAAACAG_007,120
ATGTTACCCCCACGAAACAG_008,37
ATGTTACCCCCACGAAACAG_009,105
ATGTTACCCCCACGAAACAG_010,95
ATGTTACCCCCACGAAACAG_011,163
ATGTTACCCCCACGAAACAG_012,158
ATGTTACCCCCACGAAACAG_013,144
ATGTTACCCCCACGAAACAG_014,24
ATGTTACCCCCACGAAACAG_015,135
ATGTTACCCCCACGAAACAG_016,84
ATGTTACCCCCACGAAACAG_017,159
ATGTTACCCCCACGAAACAG_018,156
ATGTTACCCCCACGAAACAG_019,124
ATGTTACCCCCACGAAACAG_020,42
ATGTTACCCCCACGAAACAG_021,166
ATGTTACCCCCACGAAACAG_022,58
ATGTTACCCCCACGAAACAG_023,119
ATGTTACCCCCACGAAACAG_024,35
ATGTTACCCCCACGAAACAG_025,142
ATGTTACCCCCACGAAACAG_026,76
ATGTTACCCCCACGAAACAG_027,180
ATGTTACCCCCACGAAACAG_028,168
ATGTTACCCCCACGAAACAG_029,144
ATGTTACCCCCACGAAACAG_030,169
ATGTTACCCCCACGAAACAG_031,36
ATGTTACCCCCACGAAACAG_032,9
ATGTTACCCCCACGAAACAG_033,166
ATGTTACCCCCACGAAACAG_034,138
ATGTTACCCCCACGAAACAG_035,136
ATGTTACCCCCACGAAACAG_036,27
ATGTTACCCCCACGAAACAG_037,41
ATGTTACCCCCACGAAACAG_038,126
ATGTTACCCCCACGAAACAG_039,39
ATGTTACCCCCACGAAACAG_040,166
ATGTTACCCCCACGAAACAG_041,166
ATGTTACCCCCACGAAACAG_042,1
ATGTTACCCCCACGAAACAG_043,136
ATGTTACCCCCACGAAACAG_044,29
ATGTTACCCCCACGAAACAG_045,156
ATGTTACCCCCACGAAACAG_046,0
ATGTTACCCCCACGAAACAG_047,46
ATGTTACCCCCACGAAACAG_048,34
ATGTTACCCCCACGAAACAG_049,95
ATGTTACCCCCACGAAACAG_050,72
ATGTTACCCCCACGAAACAG_051,197
CCCAACAGACTTCTCAAACA_001,3
CCCAACAGACTTCTCAAACA_002,73
CCCAACAGACTTCTCAAACA_003,10
CCCAACAGACTTCTCAAACA_004,120
CAACATTAAAGCCTGGACAC_001,114
CAACATTAAAGCCTGGACAC_002,114
CAACATTAAAGCCTGGACAC_003,85
CAACATTAAAGCCTGGACAC_004,45
CAACATTAAAGCCTGGACAC_005,14
CAACATTAAAGCCTGGACAC_006,84
CAACATTAAAGCCTGGACAC_007,190
CAACATTAAAGCCTGGACAC_008,51
CAACATTAAAGCCTGGACAC_009,67
CAACATTAAAGCCTGGACAC_010,61
CAACATTAAAGCCTGGACAC_011,199
CAACATTAAAGCCTGGACAC_012,130
CAACATTAAAGCCTGGACAC_013,165
GTCGTGTGATGCACTTTCAG_001,3
GTCGTGTGATGCACTTTCAG_002,6
GTCGTGTGATGCACTTTCAG_003,82
GTCGTGTGATGCACTTTCAG_004,81
GTCGTGTGATGCACTTTCAG_005,148
GTCGTGTGATGCACTTTCAG_006,88
GTCGTGTGATGCACTTTCAG_007,28
GTCGTGTGATGCACTTTCAG_008,199
TATATCTAAGCAATGGACTG_001,23
TATATCTAAGCAATGGACTG_002,26
TATATCTAAGCAATGGACTG_003,12
TATATCTAAGCAATGGACTG_004,177
CACAGGACACTTGTACTGGG_001,130
CACAGGACACTTGTACTGGG_002,10
AGCCCGGAAACCGAGCGCTG_001,147
AGCCCGGAAACCGAGCGCTG_002,8
AGCCCGGAAACCGAGCGCTG_003,50
AGCCCGGAAACCGAGCGCTG_004,127
AGCCCGGAAACCGAGCGCTG_005,107
AGCCCGGAAACCGAGCGCTG_006,140
AGCCCGGAAACCGAGCGCTG_007,19
AGCCCGGAAACCGAGCGCTG_008,121
AGCCCGGAAACCGAGCGCTG_009,43
AGCCCGGAAACCGAGCGCTG_010,169
AGCCCGGAAACCGAGCGCTG_011,157
AGCCCGGAAACCGAGCGCTG_012,170
AGCCCGGAAACCGAGCGCTG_013,83
AGCCCGGAAACCGAGCGCTG_014,8
AGCCCGGAAACCGAGCGCTG_015,63
AGCCCGGAAACCGAGCGCTG_016,21
AGCCCGGAAACCGAGCGCTG_017,169
AGCCCGGAAACCGAGCGCTG_018,188
AGCCCGGAAACCGAGCGCTG_019,58
AGCCCGGAAACCGAGCGCTG_020,127
AGCCCGGAAACCGAGCGCTG_021,41
AGCCCGGAAACCGAGCGCTG_022,41
AGCCCGGAAACCGAGCGCTG_023,29
AGCCCGGAAACCGAGCGCTG_024,93
AGCCCGGAAACCGAGCGCTG_025,53
AGCCCGGAAACCGAGCGCTG_026,11
AGCCCGGAAACCGAGCGCTG_027,59
AGCCCGGAAACCGAGCGCTG_028,123
AGCCCGGAAACCGAGCGCTG_029,81
AGCCCGGAAACCGAGCGCTG_030,105
AGCCCGGAAACCGAGCGCTG_031,88
AGCCCGGAAACCGAGCGCTG_032,65
AGCCCGGAAACCGAGCGCTG_033,184
AGCCCGGAAACCGAGCGCTG_034,5
AGCCCGGAAACCGAGCGCTG_035,128
AGCCCGGAAACCGAGCGCTG_036,36
AGCCCGGAAACCGAGCGCTG_037,96
AGCCCGGAAACCGAGCGCTG_038,171
AGCCCGGAAACCGAGCGCTG_039,30
AGCCCGGAAACCGAGCGCTG_040,149
AGCCCGGAAACCGAGCGCTG_041,117
AGCCCGGAAACCGAGCGCTG_042,19
AGCCCGGAAACCGAGCGCTG_043,144
AGCCCGGAAACCGAGCGCTG_044,130
AGCCCGGAAACCGAGCGCTG_045,25
AGCCCGGAAACCGAGCGCTG_046,138
AGCCCGGAAACCGAGCGCTG_047,149
AGCCCGGAAACCGAGCGCTG_048,175
AGCCCGGAAACCGAGCGCTG_049,191
AGCCGTGTGGATGACCACAT_001,97
AGCCGTGTGGATGACCACAT_002,41
AGCCGTGTGGATGACCACAT_003,82
AGCCGTGTGGATGACCACAT_004,91
AGCCGTGTGGATGACCACAT_005,15
AGCCGTGTGGATGACCACAT_006,177
AGCCGTGTGGATGACCACAT_007,17
AGCCGTGTGGATGACCACAT_008,1
AGCCGTGTGGATGACCACAT_009,16
AGCCGTGTGGATGACCACAT_010,198
AGCCGTGTGGATGACCACAT_011,76
AGCCGTGTGGATGACCACAT_012,174
AGCCGTGTGGATGACCACAT_013,115
CAGACGGGCACGCAGCACAC_001,198
CAGACGGGCACGCAGCACAC_002,51
CAGACGGGCACGCAGCACAC_003,58
CAGACGGGCACGCAGCACAC_004,53
CAGACGGGCACGCAGCACAC_005,18
CAGACGGGCACGCAGCACAC_006,75
CAGACGGGCACGCAGCACAC_007,81
CAGACGGGCACGCAGCACAC_008,92
CAGACGGGCACGCAGCACAC_009,49
CAGACGGGCACGCAGCACAC_010,66
CAGACGGGCACGCAGCACAC_011,168
CAGACGGGCACGCAGCACAC_012,56
TCACAGGATCGATGCCAAAG_001,72
CCCGAGACAGCTCCCATTTG_001,147
CCCGAGACAGCTCCCATTTG_002,38
CCCGAGACAGCTCCCATTTG_003,29
CCCGAGACAGCTCCCATTTG_004,197
CCCGAGACAGCTCCCATTTG_005,68
CCCGAGACAGCTCCCATTTG_006,40
CCCGAGACAGCTCCCATTTG_007,39
CCCGAGACAGCTCCCATTTG_008,39
CCCGAGACAGCTCCCATTTG_009,138
CCCGAGACAGCTCCCATTTG_010,17
AAAGCATCAGAGTTATCCAG_001,141
AAAGCATCAGAGTTATCCAG_002,140
AAAGCATCAGAGTTATCCAG_003,166
AAAGCATCAGAGTTATCCAG_004,8
AAAGCATCAGAGTTATCCAG_005,2
AAAGCATCAGAGTTATCCAG_006,105
AAAGCATCAGAGTTATCCAG_007,133
AAAGCATCAGAGTTATCCAG_008,53
AAAGCATCAGAGTTATCCAG_009,92
GTGTGACTCCATCCCAATGG_001,53
GTGTGACTCCATCCCAATGG_002,189
GTGTGACTCCATCCCAATGG_003,70
TTTGACTATTTGGTTGCACA_001,183
TTTGACTATTTGGTTGCACA_002,151
TTTGACTATTTGGTTGCACA_003,65
TTTGACTATTTGGTTGCACA_004,60
TTTGACTATTTGGTTGCACA_005,189
TTTGACTATTTGGTTGCACA_006,61
TTTGACTATTTGGTTGCACA_007,75
CCTGGGCAACGTCAACACGT_001,162
CCTGGGCAACGTCAACACGT_002,178
CCTGGGCAACGTCAACACGT_003,158
CCTGGGCAACGTCAACACGT_004,29
CTCGCACCATTGAGGGTAGT_001,193
CTCGCACCATTGAGGGTAGT_002,130
CTCGCACCATTGAGGGTAGT_003,118
CTCGCACCATTGAGGGTAGT_004,82
CTCGCACCATTGAGGGTAGT_005,162
CTCGCACCATTGAGGGTAGT_006,195
CTCGCACCATTGAGGGTAGT_007,84
CTCGCACCATTGAGGGTAGT_008,50
CTCGCACCATTGAGGGTAGT_009,197
CTCGCACCATTGAGGGTAGT_010,177
CTCGCACCATTGAGGGTAGT_011,138
CTCGCACCATTGAGGGTAGT_012,169
CTCGCACCATTGAGGGTAGT_013,117
CTCGCACCATTGAGGGTAGT_014,140
CTCGCACCATTGAGGGTAGT_015,171
CTCGCACCATTGAGGGTAGT_016,29
CTCGCACCATTGAGGGTAGT_017,188
CTCGCACCATTGAGGGTAGT_018,82
CTCGCACCATTGAGGGTAGT_019,155
CTCGCACCATTGAGGGTAGT_020,94
CTCGCACCATTGAGGGTAGT_021,168
CTCGCACCATTGAGGGTAGT_022,168
CTCGCACCATTGAGGGTAGT_023,19
AGTGTATGAACACAACACCA_001,169
AGTGTATGAACACAACACCA_002,77
AGTGTATGAACACAACACCA_003,41
AGTGTATGAACACAACACCA_004,127
AGTGTATGAACACAACACCA_005,49
AGTGTATGAACACAACACCA_006,144
AGTGTATGAACACAACACCA_007,51
AGTGTATGAACACAACACCA_008,98
AGTGTATGAACACAACACCA_009,17
ACTCGAGTTGACATCAGTTG_001,83
ACTCGAGTTGACATCAGTTG_002,135
ACTCGAGTTGACATCAGTTG_003,8
ACTCGAGTTGACATCAGTTG_004,116
ACTCGAGTTGACATCAGTTG_005,82
ACTCGAGTTGACATCAGTTG_006,34
ACTCGAGTTGACATCAGTTG_007,28
ACTCGAGTTGACATCAGTTG_008,126
GTAAAGATCGAGCGGCCGGG_001,151
GTAAAGATCGAGCGGCCGGG_002,48
GTAAAGATCGAGCGGCCGGG_003,119
GTAAAGATCGAGCGGCCGGG_004,145
GTAAAGATCGAGCGGCCGGG_005,67
GTAAAGATCGAGCGGCCGGG_006,141
GTAAAGATCGAGCGGCCGGG_007,121
GTAAAGATCGAGCGGCCGGG_008,106
GTAAAGATCGAGCGGCCGGG_009,10
ACTGCCTATCAGTGGCAGGG_001,60
ACTGCCTATCAGTGGCAGGG_002,60
ACTGCCTATCAGTGGCAGGG_003,58
ACTGCCTATCAGTGGCAGGG_004,40
ACTGCCTATCAGTGGCAGGG_005,99
ACTGCCTATCAGTGGCAGGG_006,48
ACTGCCTATCAGTGGCAGGG_007,137
ACTGCCTATCAGTGGCAGGG_008,68
ACTGCCTATCAGTGGCAGGG_009,94
ACTGCCTATCAGTGGCAGGG_010,192
ACTGCCTATCAGTGGCAGGG_011,127
ACTGCCTATCAGTGGCAGGG_012,21
ACTGCCTATCAGTGGCAGGG_013,32
ACTGCCTATCAGTGGCAGGG_014,39
ACTGCCTATCAGTGGCAGGG_015,8
CACAACAGCCTATTACCGTG_001,194
CACAACAGCCTATTACCGTG_002,51
GGCCCACCAAGATCAGCGCG_001,157
GGCCCACCAAGATCAGCGCG_002,104
GGCCCACCAAGATCAGCGCG_003,22
GGCCCACCAAGATCAGCGCG_004,71
GGCCCACCAAGATCAGCGCG_005,72
CCCGAGTACACCGGAACCAG_001,125
CCCGAGTACACCGGAACCAG_002,116
CCCGAGTACACCGGAACCAG_003,190
CCCGAGTACACCGGAACCAG_004,98
CCCGAGTACACCGGAACCAG_005,176
CCCGAGTACACCGGAACCAG_006,34
CCCGAGTACACCGGAACCAG_007,80
TTCAGTGCCTCACATCCAAG_001,135
TTCAGTGCCTCACATCCAAG_002,9
TTCAGTGCCTCACATCCAAG_003,69
TTCAGTGCCTCACATCCAAG_004,46
TTCAGTGCCTCACATCCAAG_005,69
ATGTGATCATCGATCTCTCA_001,155
ATGTGATCATCGATCTCTCA_002,81
ATGTGATCATCGATCTCTCA_003,22
ATGTGATCATCGATCTCTCA_004,170
ATGTGATCATCGATCTCTCA_005,199
ATGTGATCATCGATCTCTCA_006,55
ATGTGATCATCGATCTCTCA_007,185
ATCAAAGGCCTGCTCCAAGT_001,106
ATCAAAGGCCTGCTCCAAGT_002,114
ATCAAAGGCCTGCTCCAAGT_003,15
ATCAAAGGCCTGCTCCAAGT_004,74
ATCAAAGGCCTGCTCCAAGT_005,160
ATCAAAGGCCTGCTCCAAGT_006,27
ATCAAAGGCCTGCTCCAAGT_007,142
AAAGTGCCAGGATGTGATTG_001,171
AAAGTGCCAGGATGTGATTG_002,151
AAAGTGCCAGGATGTGATTG_003,58
AAAGTGCCAGGATGTGATTG_004,24
AAAGTGCCAGGATGTGATTG_005,58
AAAGTGCCAGGATGTGATTG_006,107
AAAGTGCCAGGATGTGATTG_007,48
AAAGTGCCAGGATGTGATTG_008,24
AAAGTGCCAGGATGTGATTG_009,54
AAAGTGCCAGGATGTGATTG_010,106
AAAGTGCCAGGATGTGATTG_011,62
AAAGTGCCAGGATGTGATTG_012,77
AAAGTGCCAGGATGTGATTG_013,148
AAAGTGCCAGGATGTGATTG_014,94
ATCCGAAGACACATTAGCTG_001,145
ATCCGAAGACACATTAGCTG_002,109
ATCCGAAGACACATTAGCTG_003,121
ATCCGAAGACACATTAGCTG_004,106
ATCCGAAGACACATTAGCTG_005,94
ATCCGAAGACACATTAGCTG_006,176
ATCCGAAGACACATTAGCTG_007,140
ATCCGAAGACACATTAGCTG_008,150
ATCCGAAGACACATTAGCTG_009,48
ATCCGAAGACACATTAGCTG_010,16
ATCCGAAGACACATTAGCTG_011,115
ATCCGAAGACACATTAGCTG_012,137
ATCCGAAGACACATTAGCTG_013,81
ATCCGAAGACACATTAGCTG_014,184
ATCCGAAGACACATTAGCTG_015,86
ATCCGAAGACACATTAGCTG_016,170
ATCCGAAGACACATTAGCTG_017,48
ATCCGAAGACACATTAGCTG_018,182
ATCCGAAGACACATTAGCTG_019,142
ATCCGAAGACACATTAGCTG_020,77
ATCCGAAGACACATTAGCTG_021,147
ATCCGAAGACACATTAGCTG_022,102
CATCTTAGGGGTAATGACGG_001,40
CATCTTAGGGGTAATGACGG_002,169
CATCTTAGGGGTAATGACGG_003,69
CATCTTAGGGGTAATGACGG_004,138
CATCTTAGGGGTAATGACGG_005,138
CATCTTAGGGGTAATGACGG_006,194
CATCTTAGGGGTAATGACGG_007,183
CATCTTAGGGGTAATGACGG_008,9
CATCTTAGGGGTAATGACGG_009,113
CATCTTAGGGGTAATGACGG_010,94
CATCTTAGGGGTAATGACGG_011,88
CATCTTAGGGGTAATGACGG_012,103
CATCTTAGGGGTAATGACGG_013,81
CATCTTAGGGGTAATGACGG_014,76
CATCTTAGGGGTAATGACGG_015,1
CATCTTAGGGGTAATGACGG_016,149
CATCTTAGGGGTAATGACGG_017,111
CATCTTAGGGGTAATGACGG_018,178
CATCTTAGGGGTAATGACGG_019,9
CATCTTAGGGGTAATGACGG_020,134
CATCTTAGGGGTAATGACGG_021,149
CATCTTAGGGGTAATGACGG_022,197
CATCTTAGGGGTAATGACGG_023,16
CATCTTAGGGGTAATGACGG_024,84
CATCTTAGGGGTAATGACGG_025,166
CATCTTAGGGGTAATGACGG_026,153
CATCTTAGGGGTAATGACGG_027,123
CATCTTAGGGGTAATGACGG_028,1
CATCTTAGGGGTAATGACGG_029,126
TAGTGATTCATTGAGAACTG_001,178
TAGTGATTCATTGAGAACTG_002,121
TAGTGATTCATTGAGAACTG_003,49
TAGTGATTCATTGAGAACTG_004,87
TAGTGATTCATTGAGAACTG_005,149
GAATCACATCGAACATGTGG_001,30
GTTGGGCAGTGCATACCACG_001,81
GTTGGGCAGTGCATACCACG_002,149
ACCAATTGCCACGATGACGA_001,107
ACCAATTGCCACGATGACGA_002,149
ACCAATTGCCACGATGACGA_003,110
ACCAATTGCCACGATGACGA_004,105
ATGGCCAAAAGTGTATCACC_001,9
ATGGCCAAAAGTGTATCACC_002,106
ATGGCCAAAAGTGTATCACC_003,63
ATGGCCAAAAGTGTATCACC_004,139
ATGGCCAAAAGTGTATCACC_005,113
ATGGCCAAAAGTGTATCACC_006,147
ATGGCCAAAAGTGTATCACC_007,174
ATGGCCAAAAGTGTATCACC_008,140
ATGGCCAAAAGTGTATCACC_009,56
ATGGCCAAAAGTGTATCACC_010,188
ATGGCCAAAAGTGTATCACC_011,2
ATGGCCAAAAGTGTATCACC_012,19
ATGGCCAAAAGTGTATCACC_013,52
ATGGCCAAAAGTGTATCACC_014,46
GCCACTGCCACATTCAGGAG_001,196
GCCACTGCCACATTCAGGAG_002,77
GCCACTGCCACATTCAGGAG_003,115
GCCACTGCCACATTCAGGAG_004,2
GCCACTGCCACATTCAGGAG_005,9
GCCACTGCCACATTCAGGAG_006,114
GCCACTGCCACATTCAGGAG_007,74
GCCACTGCCACATTCAGGAG_008,97
GCCACTGCCACATTCAGGAG_009,184
GCCACTGCCACATTCAGGAG_010,35
GCCAGCGCTCAATTGCCCCT_001,92
GCCAGCGCTCAATTGCCCCT_002,7
GCCAGCGCTCAATTGCCCCT_003,133
GCCAGCGCTCAATTGCCCCT_004,54
GCCAGCGCTCAATTGCCCCT_005,137
GCCAGCGCTCAATTGCCCCT_006,176
GCCAGCGCTCAATTGCCCCT_007,41
GCCAGCGCTCAATTGCCCCT_008,14
GCCAGCGCTCAATTGCCCCT_009,119
GCCAGCGCTCAATTGCCCCT_010,176
GCCAGCGCTCAATTGCCCCT_011,57
GCCAGCGCTCAATTGCCCCT_012,83
GCCAGCGCTCAATTGCCCCT_013,51
GCCAGCGCTCAATTGCCCCT_014,68
GCCAGCGCTCAATTGCCCCT_015,153
GCCAGCGCTCAATTGCCCCT_016,55
GCCAGCGCTCAATTGCCCCT_017,180
GCCTGGAGGAGGTACCCGAG_001,127
GCCTGGAGGAGGTACCCGAG_002,88
GCCTGGAGGAGGTACCCGAG_003,17
GCCTGGAGGAGGTACCCGAG_004,57
GCCTGGAGGAGGTACCCGAG_005,156
GCCTGGAGGAGGTACCCGAG_006,148
GCCTGGAGGAGGTACCCGAG_007,102
GCCTGGAGGAGGTACCCGAG_008,170
GCCTGGAGGAGGTACCCGAG_009,129
GCCTGGAGGAGGTACCCGAG_010,58
GCCTGGAGGAGGTACCCGAG_011,137
GCCTGGAGGAGGTACCCGAG_012,61
GCCTGGAGGAGGTACCCGAG_013,14
GCCTGGAGGAGGTACCCGAG_014,105
GCCTGGAGGAGGTACCCGAG_015,169
GCCTGGAGGAGGTACCCGAG_016,56
GCCTGGAGGAGGTACCCGAG_017,0
TAAGGAAAGAAACAAGCAGA_001,102
TAAGGAAAGAAACAAGCAGA_002,93
TAAGGAAAGAAACAAGCAGA_003,82
TACCGGGAGTTCGTGCACCG_001,97
TACCGGGAGTTCGTGCACCG_002,26
TACCGGGAGTTCGTGCACCG_003,146
TACCGGGAGTTCGTGCACCG_004,62
TACCGGGAGTTCGTGCACCG_005,182
TACCGGGAGTTCGTGCACCG_006,176
TACCGGGAGTTCGTGCACCG_007,193
TACCGGGAGTTCGTGCACCG_008,56
TACCGGGAGTTCGTGCACCG_009,24
TACCGGGAGTTCGTGCACCG_010,193
TACCGGGAGTTCGTGCACCG_011,30
TACCGGGAGTTCGTGCACCG_012,116
TACCGGGAGTTCGTGCACCG_013,84
TACCGGGAGTTCGTGCACCG_014,176
TACCGGGAGTTCGTGCACCG_015,33
TACCGGGAGTTCGTGCACCG_016,138
TACCGGGAGTTCGTGCACCG_017,62
TACCGGGAGTTCGTGCACCG_018,162
TACCGGGAGTTCGTGCACCG_019,194
TACCGGGAGTTCGTGCACCG_020,132
TACCGGGAGTTCGTGCACCG_021,43
TACCGGGAGTTCGTGCACCG_022,25
TACCGGGAGTTCGTGCACCG_023,96
TACCGGGAGTTCGTGCACCG_024,81
TACCGGGAGTTCGTGCACCG_025,140
TACCGGGAGTTCGTGCACCG_026,75
TACCGGGAGTTCGTGCACCG_027,199
TACCGGGAGTTCGTGCACCG_028,168
TACCGGGAGTTCGTGCACCG_029,169
TACCGGGAGTTCGTGCACCG_030,110
TACCGGGAGTTCGTGCACCG_031,98
TACCGGGAGTTCGTGCACCG_032,147
TACCGGGAGTTCGTGCACCG_033,118
TACCGGGAGTTCGTGCACCG_034,168
TACCGGGAGTTCGTGCACCG_035,118
TGTGTCTTGCTCATATACGC_001,125
TGTGTCTTGCTCATATACGC_002,102
TGTGTCTTGCTCATATACGC_003,62
TGTGTCTTGCTCATATACGC_004,42
TGTGTCTTGCTCATATACGC_005,97
TGTGTCTTGCTCATATACGC_006,17
TGTAATTGGTATGAGCTAGG_001,84
TGTAATTGGTATGAGCTAGG_002,12
TGTAATTGGTATGAGCTAGG_003,12
TGTAATTGGTATGAGCTAGG_004,36
TGTAATTGGTATGAGCTAGG_005,115
TGTACTTCGTGATCATGTCA_001,60
TGTACTTCGTGATCATGTCA_002,113
TGTACTTCGTGATCATGTCA_003,76
GCACCTACCCCAAGTCCGGT_001,83
GCACCTACCCCAAGTCCGGT_002,98
GCACCTACCCCAAGTCCGGT_003,127
GCACCTACCCCAAGTCCGGT_004,193
GCACCTACCCCAAGTCCGGT_005,52
GCACCTACCCCAAGTCCGGT_006,136
GCACCTACCCCAAGTCCGGT_007,92
GCACCTACCCCAAGTCCGGT_008,186
GCACCTACCCCAAGTCCGGT_009,20
GCACCTACCCCAAGTCCGGT_010,28
GCACCTACCCCAAGTCCGGT_011,47
GCACCTACCCCAAGTCCGGT_012,24
GCACCTACCCCAAGTCCGGT_013,48
GCACCTACCCCAAGTCCGGT_014,140
GCACCTACCCCAAGTCCGGT_015,11
GCACCTACCCCAAGTCCGGT_016,103
CCGATGGGTGCCGACATTCG_001,88
CCGATGGGTGCCGACATTCG_002,25
CCGATGGGTGCCGACATTCG_003,17
CCGATGGGTGCCGACATTCG_004,78
CCGATGGGTGCCGACATTCG_005,134
CCGATGGGTGCCGACATTCG_006,9
CCGATGGGTGCCGACATTCG_007,40
CCGATGGGTGCCGACATTCG_008,148
CCGATGGGTGCCGACATTCG_009,109
CCGATGGGTGCCGACATTCG_010,109
CCGATGGGTGCCGACATTCG_011,144
CCGATGGGTGCCGACATTCG_012,162
CCGATGGGTGCCGACATTCG_013,186
CCGATGGGTGCCGACATTCG_014,179
CCGATGGGTGCCGACATTCG_015,130
CCGATGGGTGCCGACATTCG_016,5
CCGATGGGTGCCGACATTCG_017,102
CCGATGGGTGCCGACATTCG_018,85
CCGATGGGTGCCGACATTCG_019,10
CCGATGGGTGCCGACATTCG_020,80
CCGATGGGTGCCGACATTCG_021,27
CCGATGGGTGCCGACATTCG_022,118
ACTAGAATGACCAGTCAACA_001,159
ACTAGAATGACCAGTCAACA_002,182
ACTAGAATGACCAGTCAACA_003,27
ACTAGAATGACCAGTCAACA_004,53
ACTAGAATGACCAGTCAACA_005,46
ACTAGAATGACCAGTCAACA_006,95
ACTAGAATGACCAGTCAACA_007,85
ACTAGAATGACCAGTCAACA_008,147
ACTAGAATGACCAGTCAACA_009,77
ACTAGAATGACCAGTCAACA_010,19
ACTAGAATGACCAGTCAACA_011,34
ACTAGAATGACCAGTCAACA_012,152
TAGGTGAAAAGGGCTTTCCG_001,101
TAGGTGAAAAGGGCTTTCCG_002,148
TAGGTGAAAAGGGCTTTCCG_003,157
TAGGTGAAAAGGGCTTTCCG_004,119
TAGGTGAAAAGGGCTTTCCG_005,16
TAGGTGAAAAGGGCTTTCCG_006,59
TAGGTGAAAAGGGCTTTCCG_007,105
TAGGTGAAAAGGGCTTTCCG_008,105
TAGGTGAAAAGGGCTTTCCG_009,105
TAGGTGAAAAGGGCTTTCCG_010,100
TAGGTGAAAAGGGCTTTCCG_011,65
TAGGTGAAAAGGGCTTTCCG_012,103
TAGGTGAAAAGGGCTTTCCG_013,78
TAGGTGAAAAGGGCTTTCCG_014,138
TAGGTGAAAAGGGCTTTCCG_015,172
TAGGTGAAAAGGGCTTTCCG_016,158
TAGGTGAAAAGGGCTTTCCG_017,104
TAGGTGAAAAGGGCTTTCCG_018,116
TAGGTGAAAAGGGCTTTCCG_019,102
TAGGTGAAAAGGGCTTTCCG_020,113
TAGGTGAAAAGGGCTTTCCG_021,16
TAGGTGAAAAGGGCTTTCCG_022,175
TAGGTGAAAAGGGCTTTCCG_023,145
TAGGTGAAAAGGGCTTTCCG_024,107
TAGGTGAAAAGGGCTTTCCG_025,156
TAGGTGAAAAGGGCTTTCCG_026,59
TAGGTGAAAAGGGCTTTCCG_027,180
TAGGTGAAAAGGGCTTTCCG_028,136
TAGGTGAAAAGGGCTTTCCG_029,10
TAGGTGAAAAGGGCTTTCCG_030,39
TAGGTGAAAAGGGCTTTCCG_031,42
TAGGTGAAAAGGGCTTTCCG_032,168
TAGGTGAAAAGGGCTTTCCG_033,94
TAGGTGAAAAGGGCTTTCCG_034,156
TAGGTGAAAAGGGCTTTCCG_035,100
TGGTATGCATGTGAAGCTCA_001,136
ATTACAGAGCACGGTGACCT_001,18
ATTACAGAGCACGGTGACCT_002,50
ATTACAGAGCACGGTGACCT_003,119
ATTACAGAGCACGGTGACCT_004,7
ATTACAGAGCACGGTGACCT_005,146
ATTACAGAGCACGGTGACCT_006,29
ATTACAGAGCACGGTGACCT_007,9
ATTACAGAGCACGGTGACCT_008,88
ATTACAGAGCACGGTGACCT_009,176
ATTACAGAGCACGGTGACCT_010,52
ATTACAGAGCACGGTGACCT_011,61
ATTACAGAGCACGGTGACCT_012,67
ATTACAGAGCACGGTGACCT_013,19
ATTACAGAGCACGGTGACCT_014,158
ATTACAGAGCACGGTGACCT_015,69
ATTACAGAGCACGGTGACCT_016,23
ATTACAGAGCACGGTGACCT_017,26
ATTACAGAGCACGGTGACCT_018,16
AGGGCGACGGTGTTCCCGAG_001,105
CCAATTTAGGAATTTCGCAG_001,35
CCAATTTAGGAATTTCGCAG_002,141
CCAATTTAGGAATTTCGCAG_003,168
GCTTAGTCCAGTATTCAGGG_001,126
GCTTAGTCCAGTATTCAGGG_002,67
GCTTAGTCCAGTATTCAGGG_003,146
GCTTAGTCCAGTATTCAGGG_004,113
GTCACCCACAGAGTACACTC_001,115
GTCACCCACAGAGTACACTC_002,35
GTCACCCACAGAGTACACTC_003,64
GTCACCCACAGAGTACACTC_004,64
GTCACCCACAGAGTACACTC_005,32
GTCACCCACAGAGTACACTC_006,131
GTCACCCACAGAGTACACTC_007,63
GTCACCCACAGAGTACACTC_008,141
GTCACCCACAGAGTACACTC_009,126
GGAGGTGTGCAATCTTTGGG_001,166
GGAGGTGTGCAATCTTTGGG_002,178
TCTCCTCCGCGGGATCCGCG_001,156
TCTCCTCCGCGGGATCCGCG_002,70
TCTGGGAGTTGAGTCTCACT_001,133
TCTGGGAGTTGAGTCTCACT_002,61
TCTGGGAGTTGAGTCTCACT_003,152
TCTGGGAGTTGAGTCTCACT_004,130
TCTGGGAGTTGAGTCTCACT_005,22
TCTGGGAGTTGAGTCTCACT_006,12
TCTGGGAGTTGAGTCTCACT_007,62
TCTGGGAGTTGAGTCTCACT_008,48
TCTGGGAGTTGAGTCTCACT_009,26
TCTGGGAGTTGAGTCTCACT_010,142
TTGGCCATATCTGATATGCT_001,94
GAGGGCTACAGCTCCATGTG_001,2
GAGGGCTACAGCTCCATGTG_002,45
GAGGGCTACAGCTCCATGTG_003,96
TGGTGGTAGCGATGTCAGTG_001,159
TGGTGGTAGCGATGTCAGTG_002,127
TGGTGGTAGCGATGTCAGTG_003,176
TGGTGGTAGCGATGTCAGTG_004,98
TGGTGGTAGCGATGTCAGTG_005,198
TGGTGGTAGCGATGTCAGTG_006,182
TGGTGGTAGCGATGTCAGTG_007,46
TGATAGAAACAAGGTCCGAC_001,23
TGATAGAAACAAGGTCCGAC_002,29
TGATAGAAACAAGGTCCGAC_003,98
TGATAGAAACAAGGTCCGAC_004,117
TGATAGAAACAAGGTCCGAC_005,168
TGATAGAAACAAGGTCCGAC_006,98
TGATAGAAACAAGGTCCGAC_007,79
TGATAGAAACAAGGTCCGAC_008,199
TGATAGAAACAAGGTCCGAC_009,78
AAAAGCCACCGACCTCATGG_001,57
AAAAGCCACCGACCTCATGG_002,56
AAAAGCCACCGACCTCATGG_003,188
AAAAGCCACCGACCTCATGG_004,172
AAAAGCCACCGACCTCATGG_005,133
AAAAGCCACCGACCTCATGG_006,172
AAAAGCCACCGACCTCATGG_007,61
AAAAGCCACCGACCTCATGG_008,94
GCACAGTAGAAGCCGTATTG_001,29
GCACAGTAGAAGCCGTATTG_002,146
GCACAGTAGAAGCCGTATTG_003,142
GCACAGTAGAAGCCGTATTG_004,198
GCACAGTAGAAGCCGTATTG_005,83
GCACAGTAGAAGCCGTATTG_006,54
GCACAGTAGAAGCCGTATTG_007,165
GCACAGTAGAAGCCGTATTG_008,136
GCACAGTAGAAGCCGTATTG_009,70
ACACATAAATCCATTTGTTG_001,168
ACACATAAATCCATTTGTTG_002,98
ACACATAAATCCATTTGTTG_003,72
ACACATAAATCCATTTGTTG_004,107
ACACATAAATCCATTTGTTG_005,2
ACACATAAATCCATTTGTTG_006,1
TCGTGTTATCGCTCCCAAGA_001,153
TCGTGTTATCGCTCCCAAGA_002,16
AGGGCGTTTCAAATCGATGG_001,34
AGGGCGTTTCAAATCGATGG_002,116
AGGGCGTTTCAAATCGATGG_003,126
GTGCAGACAAGACTAGATGT_001,172
GTGCAGACAAGACTAGATGT_002,7
GTGCAGACAAGACTAGATGT_003,75
GTGCAGACAAGACTAGATGT_004,147
GTGCAGACAAGACTAGATGT_005,76
GTGCAGACAAGACTAGATGT_006,160
GTGCAGACAAGACTAGATGT_007,141
GTGCAGACAAGACTAGATGT_008,70
GTGCAGACAAGACTAGATGT_009,23
GTGCAGACAAGACTAGATGT_010,107
GTGCAGACAAGACTAGATGT_011,51
GTGCAGACAAGACTAGATGT_012,170
GTGCAGACAAGACTAGATGT_013,158
GTGCAGACAAGACTAGATGT_014,191
GTGCAGACAAGACTAGATGT_015,62
GTGCAGACAAGACTAGATGT_016,180
AAAGCAGAGGAATCAGACCC_001,121
AAAGCAGAGGAATCAGACCC_002,172
AAAGCAGAGGAATCAGACCC_003,7
AGGTTCGCGAGTCCTACCCA_001,13
AGGTTCGCGAGTCCTACCCA_002,98
AGGTTCGCGAGTCCTACCCA_003,183
AGGTTCGCGAGTCCTACCCA_004,115
AGGTTCGCGAGTCCTACCCA_005,112
AGGTTCGCGAGTCCTACCCA_006,129
AGGTTCGCGAGTCCTACCCA_007,83
AGGTTCGCGAGTCCTACCCA_008,48
AGGTTCGCGAGTCCTACCCA_009,5
AGGTTCGCGAGTCCTACCCA_010,96
AGGTTCGCGAGTCCTACCCA_011,96
AGGTTCGCGAGTCCTACCCA_012,85
AGGTTCGCGAGTCCTACCCA_013,193
AGGTTCGCGAGTCCTACCCA_014,155
AGGTTCGCGAGTCCTACCCA_015,180
ATGTAGTGGAACCAAAGGAG_001,127
ATGTAGTGGAACCAAAGGAG_002,160
CTTCAAACTCGAAGTACCAG_001,17
CTTCAAACTCGAAGTACCAG_002,9
CTTCAAACTCGAAGTACCAG_003,93
CTTCAAACTCGAAGTACCAG_004,3
CGGGCCGGGACACGGAAGTG_001,60
CGGGCCGGGACACGGAAGTG_002,104
CGGGCCGGGACACGGAAGTG_003,81
CGGGCCGGGACACGGAAGTG_004,163
CGGGCCGGGACACGGAAGTG_005,130
CGGGCCGGGACACGGAAGTG_006,57
CGGGCCGGGACACGGAAGTG_007,184
CGGGCCGGGACACGGAAGTG_008,48
CGGGCCGGGACACGGAAGTG_009,62
CGGGCCGGGACACGGAAGTG_010,29
CGGGCCGGGACACGGAAGTG_011,38
CGGGCCGGGACACGGAAGTG_012,192
CGGGCCGGGACACGGAAGTG_013,105
CGGGCCGGGACACGGAAGTG_014,82
CGGGCCGGGACACGGAAGTG_015,58
CGGGCCGGGACACGGAAGTG_016,58
CGGGCCGGGACACGGAAGTG_017,94
CGGGCCGGGACACGGAAGTG_018,42
CGGGCCGGGACACGGAAGTG_019,28
CGGGCCGGGACACGGAAGTG_020,184
CGGGCCGGGACACGGAAGTG_021,138
CGGGCCGGGACACGGAAGTG_022,130
CGGGCCGGGACACGGAAGTG_023,144
GCACTTCCTATGATCCACAA_001,178
GCACTTCCTATGATCCACAA_002,43
GCACTTCCTATGATCCACAA_003,115
GCACTTCCTATGATCCACAA_004,32
GCACTTCCTATGATCCACAA_005,1
GCACTTCCTATGATCCACAA_006,10
GCACTTCCTATGATCCACAA_007,106
GCACTTCCTATGATCCACAA_008,126
GCACTTCCTATGATCCACAA_009,17
GCACTTCCTATGATCCACAA_010,165
GCACTTCCTATGATCCACAA_011,19
GCACTTCCTATGATCCACAA_012,113
GCACTTCCTATGATCCACAA_013,20
GCACTTCCTATGATCCACAA_014,97
GCACTTCCTATGATCCACAA_015,100
GCACTTCCTATGATCCACAA_016,36
GCACTTCCTATGATCCACAA_017,178
GCACTTCCTATGATCCACAA_018,10
GGCGCGAGCTGACCTTCTGT_001,48
GGCGCGAGCTGACCTTCTGT_002,177
GGCGCGAGCTGACCTTCTGT_003,52
GGCGCGAGCTGACCTTCTGT_004,129
GGCGCGAGCTGACCTTCTGT_005,192
GGCGCGAGCTGACCTTCTGT_006,173
GGCGCGAGCTGACCTTCTGT_007,173
GGCGCGAGCTGACCTTCTGT_008,26
GGCGCGAGCTGACCTTCTGT_009,127
GGCGCGAGCTGACCTTCTGT_010,197
GGCGCGAGCTGACCTTCTGT_011,157
GGCGCGAGCTGACCTTCTGT_012,141
GGCGCGAGCTGACCTTCTGT_013,40
GGCGCGAGCTGACCTTCTGT_014,1
GGCGCGAGCTGACCTTCTGT_015,124
GGCGCGAGCTGACCTTCTGT_016,124
GGCGCGAGCTGACCTTCTGT_017,63
GGCGCGAGCTGACCTTCTGT_018,113
TGAGAAGATCCACCCACCGG_001,50
TGAGAAGATCCACCCACCGG_002,95
TGAGAAGATCCACCCACCGG_003,148
TGAGAAGATCCACCCACCGG_004,136
AGCCGCAGGAACTCGAGCGA_001,78
AGCCGCAGGAACTCGAGCGA_002,100
AGCCGCAGGAACTCGAGCGA_003,149
AGCCGCAGGAACTCGAGCGA_004,198
AGCCGCAGGAACTCGAGCGA_005,127
AGCCGCAGGAACTCGAGCGA_006,96
AGCCGCAGGAACTCGAGCGA_007,118
AGCCGCAGGAACTCGAGCGA_008,15
AGCCGCAGGAACTCGAGCGA_009,199
AGCCGCAGGAACTCGAGCGA_010,127
AGCCGCAGGAACTCGAGCGA_011,166
AGCCGCAGGAACTCGAGCGA_012,48
AGCCGCAGGAACTCGAGCGA_013,65
AGCCGCAGGAACTCGAGCGA_014,22
AGCCGCAGGAACTCGAGCGA_015,147
AGCCGCAGGAACTCGAGCGA_016,113
AGCCGCAGGAACTCGAGCGA_017,8
AGCCGCAGGAACTCGAGCGA_018,174
AGCCGCAGGAACTCGAGCGA_019,194
AGCCGCAGGAACTCGAGCGA_020,34
AGCCGCAGGAACTCGAGCGA_021,6
AGCCGCAGGAACTCGAGCGA_022,183
AGCCGCAGGAACTCGAGCGA_023,69
AGCCGCAGGAACTCGAGCGA_024,178
AGCCGCAGGAACTCGAGCGA_025,179
AGCCGCAGGAACTCGAGCGA_026,85
AGCCGCAGGAACTCGAGCGA_027,7
AGCCGCAGGAACTCGAGCGA_028,32
AGCCGCAGGAACTCGAGCGA_029,160
AGCCGCAGGAACTCGAGCGA_030,10
AGCCGCAGGAACTCGAGCGA_031,88
AGCCGCAGGAACTCGAGCGA_032,1
AGCCGCAGGAACTCGAGCGA_033,191
AGCCGCAGGAACTCGAGCGA_034,22
AGCCGCAGGAACTCGAGCGA_035,8
AGCCGCAGGAACTCGAGCGA_036,29
AGCCGCAGGAACTCGAGCGA_037,118
AGCCGCAGGAACTCGAGCGA_038,1
ACCTGTCAAGCAGTATCCCA_001,78
ACCTGTCAAGCAGTATCCCA_002,161
ACCTGTCAAGCAGTATCCCA_003,61
ACCTGTCAAGCAGTATCCCA_004,14
ACCTGTCAAGCAGTATCCCA_005,158
ACCTGTCAAGCAGTATCCCA_006,69
ACCTGTCAAGCAGTATCCCA_007,154
ACCTGTCAAGCAGTATCCCA_008,43
AATAATCTATACAAGCTGTC_001,112
AATAATCTATACAAGCTGTC_002,199
AATAATCTATACAAGCTGTC_003,20
AATAATCTATACAAGCTGTC_004,148
AATAATCTATACAAGCTGTC_005,53
AATAATCTATACAAGCTGTC_006,35
AATAATCTATACAAGCTGTC_007,94
ATGCATACCTATTACCCCCG_001,172
ATGCATACCTATTACCCCCG_002,61
ATGCATACCTATTACCCCCG_003,69
GTGCAGCAGACGGTGAAACG_001,104
GTGCAGCAGACGGTGAAACG_002,176
GTGCAGCAGACGGTGAAACG_003,32
GTGCAGCAGACGGTGAAACG_004,161
GTGCAGCAGACGGTGAAACG_005,95
GTGCAGCAGACGGTGAAACG_006,99
GTGCAGCAGACGGTGAAACG_007,169
GTGCAGCAGACGGTGAAACG_008,53
GTGCAGCAGACGGTGAAACG_009,117
GTGCAGCAGACGGTGAAACG_010,17
GTGCAGCAGACGGTGAAACG_011,147
GTGCAGCAGACGGTGAAACG_012,88
GTGCAGCAGACGGTGAAACG_013,82
GTGCAGCAGACGGTGAAACG_014,195
GTGCAGCAGACGGTGAAACG_015,20
GTGCAGCAGACGGTGAAACG_016,62
GTGCAGCAGACGGTGAAACG_017,88
TTGCAAAGCTGATCGGCTGT_001,83
TTGCAAAGCTGATCGGCTGT_002,127
TTGCAAAGCTGATCGGCTGT_003,58
TTGCAAAGCTGATCGGCTGT_004,141
TTGCAAAGCTGATCGGCTGT_005,57
TTGCAAAGCTGATCGGCTGT_006,132
TTGCAAAGCTGATCGGCTGT_007,197
TTGCAAAGCTGATCGGCTGT_008,198
TTGCAAAGCTGATCGGCTGT_009,104
TTGCAAAGCTGATCGGCTGT_010,175
TTGCAAAGCTGATCGGCTGT_011,168
TTGCAAAGCTGATCGGCTGT_012,90
TTGCAAAGCTGATCGGCTGT_013,130
TTGCAAAGCTGATCGGCTGT_014,130
TTGCAAAGCTGATCGGCTGT_015,168
TTGCAAAGCTGATCGGCTGT_016,148
TTGCAAAGCTGATCGGCTGT_017,78
TTGCAAAGCTGATCGGCTGT_018,152
TTGCAAAGCTGATCGGCTGT_019,105
TTGCAAAGCTGATCGGCTGT_020,106
TTGCAAAGCTGATCGGCTGT_021,90
TTGCAAAGCTGATCGGCTGT_022,29
TTGCAAAGCTGATCGGCTGT_023,183
CTTCCGATACGTCAACCGGG_001,146
CTTCCGATACGTCAACCGGG_002,194
CTTCCGATACGTCAACCGGG_003,46
CTTCCGATACGTCAACCGGG_004,56
CTTCCGATACGTCAACCGGG_005,94
CTTCCGATACGTCAACCGGG_006,27
CCTGGTGCGAAACAAACCTG_001,105
CCTGGTGCGAAACAAACCTG_002,83
CCTGGTGCGAAACAAACCTG_003,158
CCTGGTGCGAAACAAACCTG_004,30
CCTGGTGCGAAACAAACCTG_005,66
CCTGGTGCGAAACAAACCTG_006,102
CCTGGTGCGAAACAAACCTG_007,92
CCTGGTGCGAAACAAACCTG_008,109
CCTGGTGCGAAACAAACCTG_009,76
CCTGGTGCGAAACAAACCTG_010,86
GCATAGAGGACATAGACAAG_001,53
GCATAGAGGACATAGACAAG_002,32
GCATAGAGGACATAGACAAG_003,90
GCATAGAGGACATAGACAAG_004,56
TAGTTGACGTACTGGTACAG_001,74
TAGTTGACGTACTGGTACAG_002,88
TAGTTGACGTACTGGTACAG_003,56
TAGTTGACGTACTGGTACAG_004,36
TAGTTGACGTACTGGTACAG_005,39
TGACATATTCGGCCACACGC_001,173
TGACATATTCGGCCACACGC_002,180
TGACATATTCGGCCACACGC_003,94
AGGAAAGCAGAGTTCATCCA_001,149
AGGAAAGCAGAGTTCATCCA_002,198
AGGAAAGCAGAGTTCATCCA_003,29
AGGAAAGCAGAGTTCATCCA_004,6
AGGAAAGCAGAGTTCATCCA_005,196
AGGAAAGCAGAGTTCATCCA_006,182
AGGAAAGCAGAGTTCATCCA_007,54
AGGAAAGCAGAGTTCATCCA_008,40
AGGAAAGCAGAGTTCATCCA_009,169
AGGAAAGCAGAGTTCATCCA_010,69
AGGAAAGCAGAGTTCATCCA_011,121
AGGAAAGCAGAGTTCATCCA_012,14
AGGAAAGCAGAGTTCATCCA_013,66
AGGAAAGCAGAGTTCATCCA_014,0
AGGAAAGCAGAGTTCATCCA_015,16
AGGAAAGCAGAGTTCATCCA_016,8
AGGAAAGCAGAGTTCATCCA_017,185
AGGAAAGCAGAGTTCATCCA_018,64
AGGAAAGCAGAGTTCATCCA_019,45
AGGAAAGCAGAGTTCATCCA_020,149
AGGAAAGCAGAGTTCATCCA_021,140
AGGAAAGCAGAGTTCATCCA_022,146
AGGAAAGCAGAGTTCATCCA_023,113
AGGAAAGCAGAGTTCATCCA_024,153
AGGAAAGCAGAGTTCATCCA_025,63
AGGAAAGCAGAGTTCATCCA_026,63
AGGAAAGCAGAGTTCATCCA_027,106
GAGGCCTCTTCGGCACCGCA_001,106
GAGGCCTCTTCGGCACCGCA_002,75
GAGGCCTCTTCGGCACCGCA_003,174
AGTATGTCATGGATGACACG_001,81
AGTATGTCATGGATGACACG_002,63
AGTATGTCATGGATGACACG_003,14
AGTATGTCATGGATGACACG_004,102
TTCCACTCACCTGAAAACCC_001,70
TTCCACTCACCTGAAAACCC_002,66
TTCCACTCACCTGAAAACCC_003,44
AGATCCAAAAAGGAAGATCG_001,74
AGATCCAAAAAGGAAGATCG_002,59
AGATCCAAAAAGGAAGATCG_003,72
AGATCCAAAAAGGAAGATCG_004,125
AGATCCAAAAAGGAAGATCG_005,84
AGATCCAAAAAGGAAGATCG_006,165
AGATCCAAAAAGGAAGATCG_007,88
AGATCCAAAAAGGAAGATCG_008,102
AGATCCAAAAAGGAAGATCG_009,48
AGATCCAAAAAGGAAGATCG_010,91
AGATCCAAAAAGGAAGATCG_011,178
AGATCCAAAAAGGAAGATCG_012,50
AACACACCTGGCAGTCGTAG_001,106
AACACACCTGGCAGTCGTAG_002,23
AACACACCTGGCAGTCGTAG_003,95
AACACACCTGGCAGTCGTAG_004,123
AACACACCTGGCAGTCGTAG_005,170
AACACACCTGGCAGTCGTAG_006,134
AACACACCTGGCAGTCGTAG_007,62
AACACACCTGGCAGTCGTAG_008,150
AACACACCTGGCAGTCGTAG_009,53
AACACACCTGGCAGTCGTAG_010,138
AACACACCTGGCAGTCGTAG_011,102
AACACACCTGGCAGTCGTAG_012,27
AACACACCTGGCAGTCGTAG_013,48
AACACACCTGGCAGTCGTAG_014,62
AAAAACACTCACCTTATGGT_001,148
CAAGACCATCCTGTACTCGG_001,102
CAAGACCATCCTGTACTCGG_002,117
CAAGACCATCCTGTACTCGG_003,52
CAAGACCATCCTGTACTCGG_004,139
CGCCGGGCTGACAATTAACG_001,175
CGCCGGGCTGACAATTAACG_002,62
CGCCGGGCTGACAATTAACG_003,177
CGCCGGGCTGACAATTAACG_004,1
CGCCGGGCTGACAATTAACG_005,76
CGCCGGGCTGACAATTAACG_006,149
CGCCGGGCTGACAATTAACG_007,50
CGCCGGGCTGACAATTAACG_008,10
CGCCGGGCTGACAATTAACG_009,170
CGCCGGGCTGACAATTAACG_010,38
CGCCGGGCTGACAATTAACG_011,4
CGCCGGGCTGACAATTAACG_012,185
CGCCGGGCTGACAATTAACG_013,120
CGCCGGGCTGACAATTAACG_014,120
CGCCGGGCTGACAATTAACG_015,32
CGCCGGGCTGACAATTAACG_016,147
CGCCGGGCTGACAATTAACG_017,13
CGCCGGGCTGACAATTAACG_018,175
TGATAAAAGCCTCTAGCATG_001,80
CTTGTGATGAACTTCTTAGG_001,172
CTTGTGATGAACTTCTTAGG_002,152
CTTGTGATGAACTTCTTAGG_003,88
CTTGTGATGAACTTCTTAGG_004,43
CTTGTGATGAACTTCTTAGG_005,107
CTTGTGATGAACTTCTTAGG_006,188
TCCTCCAGAACCGATGAGTG_001,48
TCCTCCAGAACCGATGAGTG_002,160
TCCTCCAGAACCGATGAGTG_003,75
TCCTCCAGAACCGATGAGTG_004,151
TCCTCCAGAACCGATGAGTG_005,126
TCCTCCAGAACCGATGAGTG_006,180
TCCTCCAGAACCGATGAGTG_007,63
TCCTCCAGAACCGATGAGTG_008,98
TTGCAGTGCTCCATTTAGAG_001,151
TTGCAGTGCTCCATTTAGAG_002,192
TTGCAGTGCTCCATTTAGAG_003,110
TTGCAGTGCTCCATTTAGAG_004,44
TTGCAGTGCTCCATTTAGAG_005,150
TTGCAGTGCTCCATTTAGAG_006,191
TTGCAGTGCTCCATTTAGAG_007,1
TTGCAGTGCTCCATTTAGAG_008,63
TTGCAGTGCTCCATTTAGAG_009,115
TTCACGGTGAGATTGCATCG_001,11
TTCACGGTGAGATTGCATCG_002,149
TTCACGGTGAGATTGCATCG_003,175
TTCACGGTGAGATTGCATCG_004,175
TTCACGGTGAGATTGCATCG_005,133
TTCACGGTGAGATTGCATCG_006,175
TTCACGGTGAGATTGCATCG_007,75
TTCACGGTGAGATTGCATCG_008,26
ATATCGATCATCAGATTACG_001,76
ATATCGATCATCAGATTACG_002,117
ATATCGATCATCAGATTACG_003,116
CAAGCTACTCAGCTATGGGA_001,16
CAAGCTACTCAGCTATGGGA_002,195
CAAGCTACTCAGCTATGGGA_003,150
CAAGCTACTCAGCTATGGGA_004,46
CAAGCTACTCAGCTATGGGA_005,65
CAAGCTACTCAGCTATGGGA_006,28
CAAGCTACTCAGCTATGGGA_007,127
CAAGCTACTCAGCTATGGGA_008,8
CAAGCTACTCAGCTATGGGA_009,39
CAAGCTACTCAGCTATGGGA_010,42
CAAGCTACTCAGCTATGGGA_011,94
TGGGTGGATCTGATCCGCCG_001,192
TGGGTGGATCTGATCCGCCG_002,82
TGGGTGGATCTGATCCGCCG_003,2
TGGGTGGATCTGATCCGCCG_004,48
TGGGTGGATCTGATCCGCCG_005,171
TGGGTGGATCTGATCCGCCG_006,161
TGGGTGGATCTGATCCGCCG_007,38
TGGGTGGATCTGATCCGCCG_008,171
TGGGTGGATCTGATCCGCCG_009,199
TGGGTGGATCTGATCCGCCG_010,41
TGGGTGGATCTGATCCGCCG_011,4
TGGGTGGATCTGATCCGCCG_012,12
AAGATGGCATCCATGGCAGT_001,96
AAGATGGCATCCATGGCAGT_002,107
AAGATGGCATCCATGGCAGT_003,170
AAGATGGCATCCATGGCAGT_004,59
AAGATGGCATCCATGGCAGT_005,30
AAGATGGCATCCATGGCAGT_006,98
AAGATGGCATCCATGGCAGT_007,102
AAGATGGCATCCATGGCAGT_008,60
AAGATGGCATCCATGGCAGT_009,76
AAGATGGCATCCATGGCAGT_010,168
AAGATGGCATCCATGGCAGT_011,63
GCGCTGCGTCAGCAAGCGGG_001,185
GCGCTGCGTCAGCAAGCGGG_002,189
GCGCTGCGTCAGCAAGCGGG_003,133
GCGCTGCGTCAGCAAGCGGG_004,120
GCGCTGCGTCAGCAAGCGGG_005,56
ACAGGACAGACATGTACACC_001,128
ACAGGACAGACATGTACACC_002,77
GGACATGGGACAACCCCCGG_001,42
GGACATGGGACAACCCCCGG_002,114
GGACATGGGACAACCCCCGG_003,5
GGACATGGGACAACCCCCGG_004,117
GGACATGGGACAACCCCCGG_005,1
GGACATGGGACAACCCCCGG_006,82
GGACATGGGACAACCCCCGG_007,166
GGACATGGGACAACCCCCGG_008,174
GGACATGGGACAACCCCCGG_009,115
GGACATGGGACAACCCCCGG_010,11
GGACATGGGACAACCCCCGG_011,62
TATGAATTATAGGATATCTG_001,11
CCGTATTGCACCTTCCCCTG_001,113
CCGTATTGCACCTTCCCCTG_002,15
CCGTATTGCACCTTCCCCTG_003,148
CCGTATTGCACCTTCCCCTG_004,52
CCGTATTGCACCTTCCCCTG_005,54
CCGTATTGCACCTTCCCCTG_006,54
CCGTATTGCACCTTCCCCTG_007,153
CCGTATTGCACCTTCCCCTG_008,6
CTGGTATATCCATGAGCACG_001,10
CTGGTATATCCATGAGCACG_002,70
GAAACAAATACGGCGCATTG_001,112
GAAACAAATACGGCGCATTG_002,189
GCTGCGTGCTCATCCGAAAG_001,182
GCTGCGTGCTCATCCGAAAG_002,184
GCTGCGTGCTCATCCGAAAG_003,149
GCTGCGTGCTCATCCGAAAG_004,121
GCTGCGTGCTCATCCGAAAG_005,106
GCTGCGTGCTCATCCGAAAG_006,18
GTATCCAACAGTGCAACTGG_001,188
GTATCCAACAGTGCAACTGG_002,178
GTATCCAACAGTGCAACTGG_003,51
GTATCCAACAGTGCAACTGG_004,106
GTATCCAACAGTGCAACTGG_005,168
GTATCCAACAGTGCAACTGG_006,179
GTATCCAACAGTGCAACTGG_007,49
GTATCCAACAGTGCAACTGG_008,191
GTATCCAACAGTGCAACTGG_009,55
GTATCCAACAGTGCAACTGG_010,68
GTATCCAACAGTGCAACTGG_011,162
GTATCCAACAGTGCAACTGG_012,69
GTATCCAACAGTGCAACTGG_013,2
GTATCCAACAGTGCAACTGG_014,56
GTATCCAACAGTGCAACTGG_015,28
GTATCCAACAGTGCAACTGG_016,43
GTATCCAACAGTGCAACTGG_017,140
GTATCCAACAGTGCAACTGG_018,172
GCTGCTGTAAGACTTGTACG_001,142
GCTGCTGTAAGACTTGTACG_002,157
GCTGCTGTAAGACTTGTACG_003,63
GCTGCTGTAAGACTTGTACG_004,81
ACCAACAGCAACTCCACCAG_001,60
ACCAACAGCAACTCCACCAG_002,98
ACCAACAGCAACTCCACCAG_003,110
ACCAACAGCAACTCCACCAG_004,41
ACCAACAGCAACTCCACCAG_005,12
ACCAACAGCAACTCCACCAG_006,6
ACCAACAGCAACTCCACCAG_007,164
ACCAACAGCAACTCCACCAG_008,164
ACCAACAGCAACTCCACCAG_009,58
ACCAACAGCAACTCCACCAG_010,33
ACCAACAGCAACTCCACCAG_011,146
ACCAACAGCAACTCCACCAG_012,77
ACCAACAGCAACTCCACCAG_013,77
AAAGAAACAAGACCAAACTC_001,6
AAAGAAACAAGACCAAACTC_002,69
AAAGAAACAAGACCAAACTC_003,157
AAAGAAACAAGACCAAACTC_004,144
AAAGAAACAAGACCAAACTC_005,37
AAAGAAACAAGACCAAACTC_006,118
TCCTGATCGAGAATTTGCTG_001,161
TCCTGATCGAGAATTTGCTG_002,108
TCCTGATCGAGAATTTGCTG_003,83
TCCTGATCGAGAATTTGCTG_004,159
TCCTGATCGAGAATTTGCTG_005,156
TCCTGATCGAGAATTTGCTG_006,17
CAGGTACGACTCGCTTACTG_001,47
CAGGTACGACTCGCTTACTG_002,93
GAAAAGCAGTGGGGACATTG_001,56
GAAAAGCAGTGGGGACATTG_002,87
GAAAAGCAGTGGGGACATTG_003,72
GAAAAGCAGTGGGGACATTG_004,175
GAAAAGCAGTGGGGACATTG_005,8
GAAAAGCAGTGGGGACATTG_006,69
GAAAAGCAGTGGGGACATTG_007,42
GAAAAGCAGTGGGGACATTG_008,75
GAAAAGCAGTGGGGACATTG_009,140
GAAAAGCAGTGGGGACATTG_010,190
CCCGCTCTCTGGTTACATAG_001,183
CCCGCTCTCTGGTTACATAG_002,139
CCCGCTCTCTGGTTACATAG_003,181
TCCAATGGGTAGCCATGAGG_001,83
TCCAATGGGTAGCCATGAGG_002,54
TCCAATGGGTAGCCATGAGG_003,15
TCCAATGGGTAGCCATGAGG_004,152
TCCAATGGGTAGCCATGAGG_005,152
TCCAATGGGTAGCCATGAGG_006,100
TCCAATGGGTAGCCATGAGG_007,49
TCCAATGGGTAGCCATGAGG_008,105
TCCAATGGGTAGCCATGAGG_009,18
TCCAATGGGTAGCCATGAGG_010,29
TCCAATGGGTAGCCATGAGG_011,61
TCCAATGGGTAGCCATGAGG_012,22
GTACATTCCAGTATTCACGC_001,141
GTACATTCCAGTATTCACGC_002,160
GTACATTCCAGTATTCACGC_003,62
GTACATTCCAGTATTCACGC_004,184
GTACATTCCAGTATTCACGC_005,148
GTACATTCCAGTATTCACGC_006,103
GTACATTCCAGTATTCACGC_007,76
GTACATTCCAGTATTCACGC_008,199
GTACATTCCAGTATTCACGC_009,50
GTACATTCCAGTATTCACGC_010,48
GTACATTCCAGTATTCACGC_011,145
GTACATTCCAGTATTCACGC_012,160
GTACATTCCAGTATTCACGC_013,157
GTACATTCCAGTATTCACGC_014,139
GTACATTCCAGTATTCACGC_015,53
GTACATTCCAGTATTCACGC_016,184
GTACATTCCAGTATTCACGC_017,94
GTACATTCCAGTATTCACGC_018,81
GTACATTCCAGTATTCACGC_019,81
GTACATTCCAGTATTCACGC_020,121
GTACATTCCAGTATTCACGC_021,28
GTACATTCCAGTATTCACGC_022,199
GTACATTCCAGTATTCACGC_023,49
GTACATTCCAGTATTCACGC_024,19
CCAGATCCAAACAAAAGCCG_001,34
CCAGATCCAAACAAAAGCCG_002,40
CCAGATCCAAACAAAAGCCG_003,123
CCAGATCCAAACAAAAGCCG_004,160
CCAGATCCAAACAAAAGCCG_005,76
CCAGATCCAAACAAAAGCCG_006,169
CCAGATCCAAACAAAAGCCG_007,190
CCAGATCCAAACAAAAGCCG_008,28
CCAGATCCAAACAAAAGCCG_009,12
CCAGATCCAAACAAAAGCCG_010,175
ATTGACATGTCCATAGTATG_001,157
ATTGACATGTCCATAGTATG_002,84
ATTGACATGTCCATAGTATG_003,147
ATTGACATGTCCATAGTATG_004,172
GCACATAGTATAGTTGGACC_001,181
GCACATAGTATAGTTGGACC_002,37
TGTGACGAAAAGGGGCCCAA_001,63
TGTGACGAAAAGGGGCCCAA_002,21
TGTGACGAAAAGGGGCCCAA_003,160
TGTGACGAAAAGGGGCCCAA_004,199
TGTGACGAAAAGGGGCCCAA_005,140
TGTGACGAAAAGGGGCCCAA_006,195
TGTGACGAAAAGGGGCCCAA_007,6
TGTGACGAAAAGGGGCCCAA_008,169
TGTGACGAAAAGGGGCCCAA_009,159
TGTGACGAAAAGGGGCCCAA_010,15
TGTGACGAAAAGGGGCCCAA_011,83
TGTGACGAAAAGGGGCCCAA_012,35
GCAGGAACACGGTTCAGATT_001,149
GCAGGAACACGGTTCAGATT_002,174
GCAGGAACACGGTTCAGATT_003,174
GCAGGAACACGGTTCAGATT_004,43
GCAGGAACACGGTTCAGATT_005,52
TAACAACTATATGAACCACG_001,23
ATCCCCAACAAGCACTACTC_001,17
ATCCCCAACAAGCACTACTC_002,150
ATCCCCAACAAGCACTACTC_003,183
ATCCCCAACAAGCACTACTC_004,78
ATCCCCAACAAGCACTACTC_005,56
ATCCCCAACAAGCACTACTC_006,130
ATCCCCAACAAGCACTACTC_007,11
ATCCCCAACAAGCACTACTC_008,160
ATCCCCAACAAGCACTACTC_009,41
ATCCCCAACAAGCACTACTC_010,60
ATCCCCAACAAGCACTACTC_011,3
ATCCCCAACAAGCACTACTC_012,127
ATCCCCAACAAGCACTACTC_013,16
ATCCCCAACAAGCACTACTC_014,150
ATCCCCAACAAGCACTACTC_015,177
ATCCCCAACAAGCACTACTC_016,84
ATCCCCAACAAGCACTACTC_017,56
ATCCCCAACAAGCACTACTC_018,13
ATCCCCAACAAGCACTACTC_019,158
ATCCCCAACAAGCACTACTC_020,94
ATCCCCAACAAGCACTACTC_021,98
ATCCCCAACAAGCACTACTC_022,192
ATCCCCAACAAGCACTACTC_023,107
ATCCCCAACAAGCACTACTC_024,174
ATCCCCAACAAGCACTACTC_025,193
ATCCCCAACAAGCACTACTC_026,15
ATCCCCAACAAGCACTACTC_027,156
ATCCCCAACAAGCACTACTC_028,56
ATCCCCAACAAGCACTACTC_029,158
ATCCCCAACAAGCACTACTC_030,191
GTCCTCGAGAAGTGCCGACG_001,192
GTCCTCGAGAAGTGCCGACG_002,150
GTCCTCGAGAAGTGCCGACG_003,128
GTCCTCGAGAAGTGCCGACG_004,170
GTCCTCGAGAAGTGCCGACG_005,44
GTCCTCGAGAAGTGCCGACG_006,58
GTCCTCGAGAAGTGCCGACG_007,194
GTCCTCGAGAAGTGCCGACG_008,183
GTCCTCGAGAAGTGCCGACG_009,26
GTCCTCGAGAAGTGCCGACG_010,68
GTCCTCGAGAAGTGCCGACG_011,184
GTCCTCGAGAAGTGCCGACG_012,26
GTCCTCGAGAAGTGCCGACG_013,65
GTCCTCGAGAAGTGCCGACG_014,50
GTCCTCGAGAAGTGCCGACG_015,147
GTCCTCGAGAAGTGCCGACG_016,133
GTCCTCGAGAAGTGCCGACG_017,116
GTCCTCGAGAAGTGCCGACG_018,42
GTCCTCGAGAAGTGCCGACG_019,127
GTCCTCGAGAAGTGCCGACG_020,157
GTCCTCGAGAAGTGCCGACG_021,199
GTCCTCGAGAAGTGCCGACG_022,100
GTCCTCGAGAAGTGCCGACG_023,98
GTCCTCGAGAAGTGCCGACG_024,140
GTCCTCGAGAAGTGCCGACG_025,41
GTCCTCGAGAAGTGCCGACG_026,76
GTCCTCGAGAAGTGCCGACG_027,81
GTCCTCGAGAAGTGCCGACG_028,141
GTCCTCGAGAAGTGCCGACG_029,75
GTCCTCGAGAAGTGCCGACG_030,40
GTCCTCGAGAAGTGCCGACG_031,174
GTCCTCGAGAAGTGCCGACG_032,98
GTCCTCGAGAAGTGCCGACG_033,28
GTCCTCGAGAAGTGCCGACG_034,184
GTCCTCGAGAAGTGCCGACG_035,52
GTCCTCGAGAAGTGCCGACG_036,142
CAGAGGTGGATCACCTACTC_001,160
CAGAGGTGGATCACCTACTC_002,9
CAGAGGTGGATCACCTACTC_003,20
CAGAGGTGGATCACCTACTC_004,141
CAGAGGTGGATCACCTACTC_005,41
CAGAGGTGGATCACCTACTC_006,199
GCTGTCGATCTGATAAAGCA_001,148
GCTGTCGATCTGATAAAGCA_002,192
GCTGTCGATCTGATAAAGCA_003,91
GACCGTCGGAGAGCGCAGAG_001,194
GACCGTCGGAGAGCGCAGAG_002,190
GACCGTCGGAGAGCGCAGAG_003,176
GACCGTCGGAGAGCGCAGAG_004,91
GACCGTCGGAGAGCGCAGAG_005,115
GACCGTCGGAGAGCGCAGAG_006,88
GACCGTCGGAGAGCGCAGAG_007,53
GACCGTCGGAGAGCGCAGAG_008,36
GACCGTCGGAGAGCGCAGAG_009,36
GACCGTCGGAGAGCGCAGAG_010,168
GACCGTCGGAGAGCGCAGAG_011,9
GACCGTCGGAGAGCGCAGAG_012,192
GACCGTCGGAGAGCGCAGAG_013,172
GACCGTCGGAGAGCGCAGAG_014,64
GACCGTCGGAGAGCGCAGAG_015,43
GACCGTCGGAGAGCGCAGAG_016,56
GACCGTCGGAGAGCGCAGAG_017,162
GACCGTCGGAGAGCGCAGAG_018,34
GACCGTCGGAGAGCGCAGAG_019,94
GACCGTCGGAGAGCGCAGAG_020,82
GGACAACAAAGACTGCACAG_001,65
GGACAACAAAGACTGCACAG_002,131
GGACAACAAAGACTGCACAG_003,131
GGACAACAAAGACTGCACAG_004,78
GGACAACAAAGACTGCACAG_005,63
GGACAACAAAGACTGCACAG_006,145
GGACAACAAAGACTGCACAG_007,79
GGACAACAAAGACTGCACAG_008,6
GGACAACAAAGACTGCACAG_009,178
GGACAACAAAGACTGCACAG_010,49
GGACAACAAAGACTGCACAG_011,110
GGACAACAAAGACTGCACAG_012,9
GGACAACAAAGACTGCACAG_013,98
GGACAACAAAGACTGCACAG_014,111
GGACAACAAAGACTGCACAG_015,111
GGACAACAAAGACTGCACAG_016,21
GGACAACAAAGACTGCACAG_017,166
GGACAACAAAGACTGCACAG_018,188
GGACAACAAAGACTGCACAG_019,12
GGACAACAAAGACTGCACAG_020,102
GGACAACAAAGACTGCACAG_021,142
GGACAACAAAGACTGCACAG_022,77
GGACAACAAAGACTGCACAG_023,97
GGACAACAAAGACTGCACAG_024,188
GGACAACAAAGACTGCACAG_025,174
GGACAACAAAGACTGCACAG_026,59
GGACAACAAAGACTGCACAG_027,138
GGACAACAAAGACTGCACAG_028,131
GGACAACAAAGACTGCACAG_029,46
GGTGAATATGAGGTGCACAA_001,168
GGTGAATATGAGGTGCACAA_002,81
GGTGAATATGAGGTGCACAA_003,88
TAAGTGCAGTAATGGTTGGC_001,77
TAAGTGCAGTAATGGTTGGC_002,123
TAAGTGCAGTAATGGTTGGC_003,63
TAAGTGCAGTAATGGTTGGC_004,66
TGAGGTCATCAACGCCCGCG_001,58
TGAGGTCATCAACGCCCGCG_002,35
TGAGGTCATCAACGCCCGCG_003,13
TGAGGTCATCAACGCCCGCG_004,102
TGAGGTCATCAACGCCCGCG_005,182
TGAGGTCATCAACGCCCGCG_006,65
TGAGGTCATCAACGCCCGCG_007,67
TGAGGTCATCAACGCCCGCG_008,139
TGAGGTCATCAACGCCCGCG_009,182
TGAGGTCATCAACGCCCGCG_010,6
CGCTGAGCACATAGTCCCCG_001,10
CGCTGAGCACATAGTCCCCG_002,52
AACATTCAGAATCTACGGAG_001,62
AACATTCAGAATCTACGGAG_002,190
AACATTCAGAATCTACGGAG_003,15
AACATTCAGAATCTACGGAG_004,77
AACATTCAGAATCTACGGAG_005,12
CAACAAAGGTACCACTCCCA_001,107
CAACAAAGGTACCACTCCCA_002,15
CAACAAAGGTACCACTCCCA_003,15
CAACAAAGGTACCACTCCCA_004,77
CAACAAAGGTACCACTCCCA_005,140
CAACAAAGGTACCACTCCCA_006,9
CAACAAAGGTACCACTCCCA_007,50
CAACAAAGGTACCACTCCCA_008,1
CAACAAAGGTACCACTCCCA_009,108
CAACAAAGGTACCACTCCCA_010,27
CAACAAAGGTACCACTCCCA_011,110
CAACAAAGGTACCACTCCCA_012,100
CAACAAAGGTACCACTCCCA_013,6
CAACAAAGGTACCACTCCCA_014,113
CAGAAGGTAGCAGTCGATGG_001,195
CAGAAGGTAGCAGTCGATGG_002,160
CAGAAGGTAGCAGTCGATGG_003,106
CAGAAGGTAGCAGTCGATGG_004,48
CAGAAGGTAGCAGTCGATGG_005,91
CAGAAGGTAGCAGTCGATGG_006,50
CAGAAGGTAGCAGTCGATGG_007,47
CAGAAGGTAGCAGTCGATGG_008,167
CAGAAGGTAGCAGTCGATGG_009,44
CAGAAGGTAGCAGTCGATGG_010,132
CAGAAGGTAGCAGTCGATGG_011,1
CAGAAGGTAGCAGTCGATGG_012,15
CAGAAGGTAGCAGTCGATGG_013,48
CAGAAGGTAGCAGTCGATGG_014,198
CAGGCTCACGGATATCCCCA_001,149
CAGGCTCACGGATATCCCCA_002,16
CAGGCTCACGGATATCCCCA_003,171
CAGGCTCACGGATATCCCCA_004,145
CAGGCTCACGGATATCCCCA_005,146
CAGGCTCACGGATATCCCCA_006,75
CAGGCTCACGGATATCCCCA_007,113
CAGGCTCACGGATATCCCCA_008,148
CAGGCTCACGGATATCCCCA_009,158
CAGGCTCACGGATATCCCCA_010,68
CAGGCTCACGGATATCCCCA_011,74
CCCAACACCTACTACGAGGG_001,127
CCCAACACCTACTACGAGGG_002,148
CCCAACACCTACTACGAGGG_003,47
CCCAACACCTACTACGAGGG_004,64
CCCAACACCTACTACGAGGG_005,78
GCATCGCACCATGTCTCAGG_001,15
GCATCGCACCATGTCTCAGG_002,138
TCTTTCCAATGTAATAAGAG_001,140
TCTTTCCAATGTAATAAGAG_002,191
AGTGGGGATATAGTCAGCTG_001,142
AGTGGGGATATAGTCAGCTG_002,61
AGTGGGGATATAGTCAGCTG_003,70
AGTGGGGATATAGTCAGCTG_004,102
CACCCCGCACTGGCCCAGAG_001,13
CACCCCGCACTGGCCCAGAG_002,110
CACCCCGCACTGGCCCAGAG_003,91
CACCCCGCACTGGCCCAGAG_004,78
GTGGCAAGCGGGCAGAATCA_001,83
GTGGCAAGCGGGCAGAATCA_002,150
GTGGCAAGCGGGCAGAATCA_003,77
GTGGCAAGCGGGCAGAATCA_004,137
GTGGCAAGCGGGCAGAATCA_005,48
GTGGCAAGCGGGCAGAATCA_006,170
GTGGCAAGCGGGCAGAATCA_007,155
GTGGCAAGCGGGCAGAATCA_008,139
GTGGCAAGCGGGCAGAATCA_009,23
GTGGCAAGCGGGCAGAATCA_010,180
GTGGCAAGCGGGCAGAATCA_011,138
GTGGCAAGCGGGCAGAATCA_012,144
GTGGCAAGCGGGCAGAATCA_013,138
CAAGCTCTCAGATCAACGGG_001,63
CAAGCTCTCAGATCAACGGG_002,12
CAAGCTCTCAGATCAACGGG_003,87
CAAGCTCTCAGATCAACGGG_004,87
CAAGCTCTCAGATCAACGGG_005,169
CAAGCTCTCAGATCAACGGG_006,188
CAAGCTCTCAGATCAACGGG_007,72
CAAGCTCTCAGATCAACGGG_008,153
CAAGCTCTCAGATCAACGGG_009,109
CAAGCTCTCAGATCAACGGG_010,197
CAAGCTCTCAGATCAACGGG_011,11
CAAGCTCTCAGATCAACGGG_012,156
CAAGCTCTCAGATCAACGGG_013,139
TGTACACCTGAGGATTTGAG_001,12
TGTACACCTGAGGATTTGAG_002,130
TGTACACCTGAGGATTTGAG_003,24
TGTACACCTGAGGATTTGAG_004,82
TGTACACCTGAGGATTTGAG_005,66
ATTTCTTGCGTAAAGCAGGA_001,115
ATTTCTTGCGTAAAGCAGGA_002,168
ATTTCTTGCGTAAAGCAGGA_003,131
ATTTCTTGCGTAAAGCAGGA_004,169
ATTTCTTGCGTAAAGCAGGA_005,127
ATTTCTTGCGTAAAGCAGGA_006,183
ATTTCTTGCGTAAAGCAGGA_007,77
ATTTCTTGCGTAAAGCAGGA_008,47
ATTTCTTGCGTAAAGCAGGA_009,188
CAGTTTCAGCATCAGGCAAG_001,36
CAGTTTCAGCATCAGGCAAG_002,49
CAGTTTCAGCATCAGGCAAG_003,102
CAGTTTCAGCATCAGGCAAG_004,106
CAGTTTCAGCATCAGGCAAG_005,130
GTGATGAAGTACTTACATGA_001,151
GTGATGAAGTACTTACATGA_002,150
GTGATGAAGTACTTACATGA_003,182
GTGATGAAGTACTTACATGA_004,53
GTGATGAAGTACTTACATGA_005,46
GTGATGAAGTACTTACATGA_006,83
GTGATGAAGTACTTACATGA_007,28
GTTCGAAAGTCCAATTCCTG_001,78
GTTCGAAAGTCCAATTCCTG_002,76
GTTCGAAAGTCCAATTCCTG_003,58
GTTCGAAAGTCCAATTCCTG_004,195
GTTCGAAAGTCCAATTCCTG_005,103
GTTCGAAAGTCCAATTCCTG_006,187
GTTCGAAAGTCCAATTCCTG_007,62
GTTCGAAAGTCCAATTCCTG_008,113
GTTCGAAAGTCCAATTCCTG_009,113
GTTCGAAAGTCCAATTCCTG_010,50
TTGAATACAGCTATTCACGA_001,116
TTGAATACAGCTATTCACGA_002,166
TTGAATACAGCTATTCACGA_003,82
CAAGCGACTCCTGTTCCTCG_001,63
CAAGCGACTCCTGTTCCTCG_002,141
CAAGCGACTCCTGTTCCTCG_003,58
CAAGCGACTCCTGTTCCTCG_004,58
CAAGCGACTCCTGTTCCTCG_005,80
CAAGCGACTCCTGTTCCTCG_006,53
CAAGCGACTCCTGTTCCTCG_007,8
CAAGCGACTCCTGTTCCTCG_008,189
CAAGCGACTCCTGTTCCTCG_009,58
CAAGCGACTCCTGTTCCTCG_010,118
CAAGCGACTCCTGTTCCTCG_011,8
CAAGCGACTCCTGTTCCTCG_012,147
TCGAGTCTGTGCATCCGTCA_001,120
TCGAGTCTGTGCATCCGTCA_002,168
TCGAGTCTGTGCATCCGTCA_003,62
TCGAGTCTGTGCATCCGTCA_004,116
TCGAGTCTGTGCATCCGTCA_005,125
TCGAGTCTGTGCATCCGTCA_006,83
TCGAGTCTGTGCATCCGTCA_007,77
TCGAGTCTGTGCATCCGTCA_008,84
TCGAGTCTGTGCATCCGTCA_009,28
TCGAGTCTGTGCATCCGTCA_010,63
TAGGTGGCGACAGTGCTATG_001,115
TAGGTGGCGACAGTGCTATG_002,8
TAGGTGGCGACAGTGCTATG_003,35
TAGGTGGCGACAGTGCTATG_004,107
TAGGTGGCGACAGTGCTATG_005,81
TAGGTGGCGACAGTGCTATG_006,188
ATTATGAACAGTGTGCATCG_001,138
ATTATGAACAGTGTGCATCG_002,193
ATTATGAACAGTGTGCATCG_003,51
ATTATGAACAGTGTGCATCG_004,188
TATTTAGGCATTGAAAAACA_001,83
TATTTAGGCATTGAAAAACA_002,54
TATTTAGGCATTGAAAAACA_003,158
TATTTAGGCATTGAAAAACA_004,144
TATTTAGGCATTGAAAAACA_005,27
GTCAATACACCTAAGAAACA_001,52
GTCAATACACCTAAGAAACA_002,68
GTCAATACACCTAAGAAACA_003,134
GTCAATACACCTAAGAAACA_004,174
ACTGCCTGGTGTTCAACTAC_001,92
ACTGCCTGGTGTTCAACTAC_002,80
ACTGCCTGGTGTTCAACTAC_003,105
ACTGCCTGGTGTTCAACTAC_004,166
ACTGCCTGGTGTTCAACTAC_005,51
AGAAATCAAAGTTTCCTACA_001,57
GATAGTCATCTGAGCCAAGT_001,44
GATAGTCATCTGAGCCAAGT_002,152
GATAGTCATCTGAGCCAAGT_003,53
GATAGTCATCTGAGCCAAGT_004,28
GATAGTCATCTGAGCCAAGT_005,137
GATAGTCATCTGAGCCAAGT_006,6
GATAGTCATCTGAGCCAAGT_007,106
GATAGTCATCTGAGCCAAGT_008,78
TATGACCGCGAAACCAATCG_001,70
AAAGACAGTAACTTCTCACA_001,157
AAAGACAGTAACTTCTCACA_002,156
AAAGACAGTAACTTCTCACA_003,71
AAAGACAGTAACTTCTCACA_004,74
AAAGACAGTAACTTCTCACA_005,81
AAAGACAGTAACTTCTCACA_006,146
AAAGACAGTAACTTCTCACA_007,19
AAAGACAGTAACTTCTCACA_008,170
AAAGACAGTAACTTCTCACA_009,148
ATTACAAATCAGAAATACCA_001,127
ATTACAAATCAGAAATACCA_002,9
ATTACAAATCAGAAATACCA_003,106
AACTATGGGAGCGATCTCAC_001,135
AACTATGGGAGCGATCTCAC_002,178
AACTATGGGAGCGATCTCAC_003,108
AACTATGGGAGCGATCTCAC_004,115
AACTATGGGAGCGATCTCAC_005,194
AACTATGGGAGCGATCTCAC_006,121
AACTATGGGAGCGATCTCAC_007,181
AACTATGGGAGCGATCTCAC_008,48
AACTATGGGAGCGATCTCAC_009,88
AACTATGGGAGCGATCTCAC_010,76
AACTATGGGAGCGATCTCAC_011,2
AACTATGGGAGCGATCTCAC_012,61
AACTATGGGAGCGATCTCAC_013,13
AACTATGGGAGCGATCTCAC_014,47
GGGGCGAGATCCTGTTAAGG_001,8
GGGGCGAGATCCTGTTAAGG_002,48
AGCTGCGCGCTACTGGATCA_001,49
AGCTGCGCGCTACTGGATCA_002,158
AGCTGCGCGCTACTGGATCA_003,142
AGCTGCGCGCTACTGGATCA_004,16
AGCTGCGCGCTACTGGATCA_005,16
AGCTGCGCGCTACTGGATCA_006,128
AGCTGCGCGCTACTGGATCA_007,25
AGCTGCGCGCTACTGGATCA_008,146
AGCTGCGCGCTACTGGATCA_009,151
AGCTGCGCGCTACTGGATCA_010,118
AGCTGCGCGCTACTGGATCA_011,133
AGCTGCGCGCTACTGGATCA_012,43
AGCTGCGCGCTACTGGATCA_013,41
AGCTGCGCGCTACTGGATCA_014,82
AGCTGCGCGCTACTGGATCA_015,16
AGCTGCGCGCTACTGGATCA_016,57
AGCTGCGCGCTACTGGATCA_017,68
AGCTGCGCGCTACTGGATCA_018,9
AGCTGCGCGCTACTGGATCA_019,197
AGCTGCGCGCTACTGGATCA_020,105
AGCTGCGCGCTACTGGATCA_021,179
AGCTGCGCGCTACTGGATCA_022,147
AGCTGCGCGCTACTGGATCA_023,175
AGCTGCGCGCTACTGGATCA_024,170
AGCTGCGCGCTACTGGATCA_025,142
AGCTGCGCGCTACTGGATCA_026,138
AGCTGCGCGCTACTGGATCA_027,2
AGCTGCGCGCTACTGGATCA_028,79
AGCTGCGCGCTACTGGATCA_029,40
CGGACCACCCGACAGGAGCA_001,32
CGGACCACCCGACAGGAGCA_002,138
CGGACCACCCGACAGGAGCA_003,178
CGGACCACCCGACAGGAGCA_004,36
CGGACCACCCGACAGGAGCA_005,101
CGGACCACCCGACAGGAGCA_006,195
CGGACCACCCGACAGGAGCA_007,67
CGGACCACCCGACAGGAGCA_008,139
CGGACCACCCGACAGGAGCA_009,82
CGGACCACCCGACAGGAGCA_010,41
CGGACCACCCGACAGGAGCA_011,127
CGGACCACCCGACAGGAGCA_012,107
CGGACCACCCGACAGGAGCA_013,146
CGGACCACCCGACAGGAGCA_014,140
CGGACCACCCGACAGGAGCA_015,8
CGGACCACCCGACAGGAGCA_016,174
CGGACCACCCGACAGGAGCA_017,67
CGGACCACCCGACAGGAGCA_018,168
CGGACCACCCGACAGGAGCA_019,55
CGGACCACCCGACAGGAGCA_020,172
CGGACCACCCGACAGGAGCA_021,130
CGGACCACCCGACAGGAGCA_022,168
CGGACCACCCGACAGGAGCA_023,33
CGGACCACCCGACAGGAGCA_024,52
CGGACCACCCGACAGGAGCA_025,94
CGGACCACCCGACAGGAGCA_026,126
CGGACCACCCGACAGGAGCA_027,55
CGGACCACCCGACAGGAGCA_028,91
AAGAAATACTCACGGAGTCA_001,83
AAGAAATACTCACGGAGTCA_002,181
AAGAAATACTCACGGAGTCA_003,97
GCCGTGACGGCCAGACTCGT_001,22
GCCGTGACGGCCAGACTCGT_002,175
GCCGTGACGGCCAGACTCGT_003,148
GCCGTGACGGCCAGACTCGT_004,179
GCCGTGACGGCCAGACTCGT_005,60
GCCGTGACGGCCAGACTCGT_006,12
GCCGTGACGGCCAGACTCGT_007,4
GCCGTGACGGCCAGACTCGT_008,84
AGTGAAGCTGTATTGCCACG_001,16
AGTGAAGCTGTATTGCCACG_002,51
AGTGAAGCTGTATTGCCACG_003,186
AGTGAAGCTGTATTGCCACG_004,23
AGTGAAGCTGTATTGCCACG_005,149
AGTGAAGCTGTATTGCCACG_006,58
AGTGAAGCTGTATTGCCACG_007,149
AGTGAAGCTGTATTGCCACG_008,178
AGTGAAGCTGTATTGCCACG_009,80
AGTGAAGCTGTATTGCCACG_010,47
CCGAGAGCAAGGCAGACGTG_001,49
CCGAGAGCAAGGCAGACGTG_002,115
CCGAGAGCAAGGCAGACGTG_003,194
CCGAGAGCAAGGCAGACGTG_004,80
CCGAGAGCAAGGCAGACGTG_005,168
CCGAGAGCAAGGCAGACGTG_006,116
CCGAGAGCAAGGCAGACGTG_007,117
CCGAGAGCAAGGCAGACGTG_008,128
CCGAGAGCAAGGCAGACGTG_009,82
CCGAGAGCAAGGCAGACGTG_010,34
CCGAGAGCAAGGCAGACGTG_011,56
CCGAGAGCAAGGCAGACGTG_012,3
CCGAGAGCAAGGCAGACGTG_013,35
CCGAGAGCAAGGCAGACGTG_014,136
CCGAGAGCAAGGCAGACGTG_015,49
CCGAGAGCAAGGCAGACGTG_016,4
CCGAGAGCAAGGCAGACGTG_017,162
CCGAGAGCAAGGCAGACGTG_018,158
AATGCCCAGAGAGACAACGC_001,175
AATGCCCAGAGAGACAACGC_002,0
AATGCCCAGAGAGACAACGC_003,88
AATGCCCAGAGAGACAACGC_004,119
AATGCCCAGAGAGACAACGC_005,172
AATGCCCAGAGAGACAACGC_006,168
AATGCCCAGAGAGACAACGC_007,191
AATGCCCAGAGAGACAACGC_008,34
GCTAGAACTGGCGTTAGAGG_001,184
GTTGGTCCAAGAGCCTATCG_001,74
GTTGGTCCAAGAGCCTATCG_002,34
GTTGGTCCAAGAGCCTATCG_003,171
GTTGGTCCAAGAGCCTATCG_004,120
GTTGGTCCAAGAGCCTATCG_005,23
GTTGGTCCAAGAGCCTATCG_006,94
GTTGGTCCAAGAGCCTATCG_007,115
GTTGGTCCAAGAGCCTATCG_008,91
GTTGGTCCAAGAGCCTATCG_009,166
GTTGGTCCAAGAGCCTATCG_010,166
GTTGGTCCAAGAGCCTATCG_011,46
GTTGGTCCAAGAGCCTATCG_012,145
GTTGGTCCAAGAGCCTATCG_013,28
ATTTGGAAGAGTCTTACTGG_001,117
ATTTGGAAGAGTCTTACTGG_002,23
ATTTGGAAGAGTCTTACTGG_003,42
TGTGAAAACAAAAAACGTGA_001,92
TGTGAAAACAAAAAACGTGA_002,68
TGTGAAAACAAAAAACGTGA_003,52
AAGCTAACGATGAAAATCGG_001,50
AAGCTAACGATGAAAATCGG_002,162
TCACCTCATGTAGGACGTAG_001,183
TCACCTCATGTAGGACGTAG_002,152
CTTCCAGAGGGACTACTATG_001,50
CTTCCAGAGGGACTACTATG_002,108
CTTCCAGAGGGACTACTATG_003,74
CTTCCAGAGGGACTACTATG_004,33
CTTCCAGAGGGACTACTATG_005,115
CTTCCAGAGGGACTACTATG_006,167
TTTGACGAAGGTGTATGTTG_001,121
TTTGACGAAGGTGTATGTTG_002,12
TTTGACGAAGGTGTATGTTG_003,43
TTTGACGAAGGTGTATGTTG_004,167
TTTGACGAAGGTGTATGTTG_005,134
TTTGACGAAGGTGTATGTTG_006,0
TTTGACGAAGGTGTATGTTG_007,88
TTTGACGAAGGTGTATGTTG_008,174
TTTGACGAAGGTGTATGTTG_009,113
TTTGACGAAGGTGTATGTTG_010,113
TTTGACGAAGGTGTATGTTG_011,113
TTTGACGAAGGTGTATGTTG_012,197
TTTGACGAAGGTGTATGTTG_013,158
TTTGACGAAGGTGTATGTTG_014,144
TTTGACGAAGGTGTATGTTG_015,3
CGGGTGATGATGGATACTCG_001,145
CGGGTGATGATGGATACTCG_002,120
CAAAGTCCACGAAGTACTGA_001,29
CAAAGTCCACGAAGTACTGA_002,138
CAAAGTCCACGAAGTACTGA_003,105
CAAAGTCCACGAAGTACTGA_004,11
CAAAGTCCACGAAGTACTGA_005,132
CAAAGTCCACGAAGTACTGA_006,1
CAAAGTCCACGAAGTACTGA_007,74
CAAAGTCCACGAAGTACTGA_008,35
CAAAGTCCACGAAGTACTGA_009,177
CAAAGTCCACGAAGTACTGA_010,65
CAAAGTCCACGAAGTACTGA_011,165
CAAAGTCCACGAAGTACTGA_012,9
CAAAGTCCACGAAGTACTGA_013,29
CAAAGTCCACGAAGTACTGA_014,22
CAAAGTCCACGAAGTACTGA_015,12
CAAAGTCCACGAAGTACTGA_016,1
CAAAGTCCACGAAGTACTGA_017,49
CAAAGTCCACGAAGTACTGA_018,23
CAAAGTCCACGAAGTACTGA_019,166
AGCACCATACCCGCAAACAG_001,183
AGCACCATACCCGCAAACAG_002,78
AGCACCATACCCGCAAACAG_003,91
TGCAGGCTGTTGAAACATAT_001,133
TGCAGGCTGTTGAAACATAT_002,63
TGCAGGCTGTTGAAACATAT_003,149
TGCAGGCTGTTGAAACATAT_004,49
TGCAGGCTGTTGAAACATAT_005,49
TGCAGGCTGTTGAAACATAT_006,3
TGCAGGCTGTTGAAACATAT_007,42
TGCAGGCTGTTGAAACATAT_008,76
TGCAGGCTGTTGAAACATAT_009,19
TGCAGGCTGTTGAAACATAT_010,81
TTTACTTAAGTTGGATCACA_001,156
TTTACTTAAGTTGGATCACA_002,101
GCATGAGACTTCTCTGTGAG_001,149
GCATGAGACTTCTCTGTGAG_002,1
GCATGAGACTTCTCTGTGAG_003,146
GCATGAGACTTCTCTGTGAG_004,141
GCATGAGACTTCTCTGTGAG_005,58
GCATGAGACTTCTCTGTGAG_006,158
GCATGAGACTTCTCTGTGAG_007,121
GCATGAGACTTCTCTGTGAG_008,51
GCATGAGACTTCTCTGTGAG_009,176
GCATGAGACTTCTCTGTGAG_010,81
GCATGAGACTTCTCTGTGAG_011,41
AGGAGAACTCGAGTTTGACG_001,54
AGGAGAACTCGAGTTTGACG_002,176
AGGAGAACTCGAGTTTGACG_003,13
AGGAGAACTCGAGTTTGACG_004,143
AGGAGAACTCGAGTTTGACG_005,75
TCCCTCCTAGTCAAGAAGAG_001,70
TCCCTCCTAGTCAAGAAGAG_002,117
TCCCTCCTAGTCAAGAAGAG_003,115
TCCCTCCTAGTCAAGAAGAG_004,52
TCCCTCCTAGTCAAGAAGAG_005,184
TCCCTCCTAGTCAAGAAGAG_006,184
TCCCTCCTAGTCAAGAAGAG_007,8
TCCCTCCTAGTCAAGAAGAG_008,188
TCCCTCCTAGTCAAGAAGAG_009,127
TCCCTCCTAGTCAAGAAGAG_010,83
CAGCGCGGTTCCCACTCGGG_001,2
CAGCGCGGTTCCCACTCGGG_002,21
CAGCGCGGTTCCCACTCGGG_003,21
CAGCGCGGTTCCCACTCGGG_004,80
CAGCGCGGTTCCCACTCGGG_005,152
CAGCGCGGTTCCCACTCGGG_006,99
CAGCGCGGTTCCCACTCGGG_007,165
CAGCGCGGTTCCCACTCGGG_008,94
GCCAAGCGCAAGGCAGCTCT_001,183
GCCAAGCGCAAGGCAGCTCT_002,17
GCCAAGCGCAAGGCAGCTCT_003,83
GCCAAGCGCAAGGCAGCTCT_004,175
GCCAAGCGCAAGGCAGCTCT_005,147
GCCAAGCGCAAGGCAGCTCT_006,103
GCCAAGCGCAAGGCAGCTCT_007,162
GCCAAGCGCAAGGCAGCTCT_008,13
GCCAAGCGCAAGGCAGCTCT_009,188
CAGATGATAAAACTGACAAG_001,178
CAGATGATAAAACTGACAAG_002,161
CAGATGATAAAACTGACAAG_003,148
CAGATGATAAAACTGACAAG_004,31
CAGATGATAAAACTGACAAG_005,174
GTGCACATGTACACAAGCAT_001,177
GTGCACATGTACACAAGCAT_002,21
GTGCACATGTACACAAGCAT_003,198
GTGCACATGTACACAAGCAT_004,77
GTGCACATGTACACAAGCAT_005,36
GTGCACATGTACACAAGCAT_006,91
GTGCACATGTACACAAGCAT_007,120
GATGTCGAAAGAATGATCCT_001,171
GATGTCGAAAGAATGATCCT_002,175
GATGTCGAAAGAATGATCCT_003,68
GATGTCGAAAGAATGATCCT_004,113
GATGTCGAAAGAATGATCCT_005,28
GATGTCGAAAGAATGATCCT_006,145
GAATCAGTGCGTATACAGCG_001,199
GAATCAGTGCGTATACAGCG_002,56
CTCAAAACCCTCATCTTGGA_001,41
CTCAAAACCCTCATCTTGGA_002,43
CGGCGACGTGAATGGCACGG_001,62
CGGCGACGTGAATGGCACGG_002,58
CGGCGACGTGAATGGCACGG_003,30
CGGCGACGTGAATGGCACGG_004,61
CGGCGACGTGAATGGCACGG_005,182
CGGCGACGTGAATGGCACGG_006,59
CGGCGACGTGAATGGCACGG_007,102
CGGCGACGTGAATGGCACGG_008,66
CGGCGACGTGAATGGCACGG_009,197
CGGCGACGTGAATGGCACGG_010,146
TGCTCTAAAAACCATTGACT_001,116
TGCTCTAAAAACCATTGACT_002,190
TGGTCTTCATCTTGGCATAG_001,0
TGGTCTTCATCTTGGCATAG_002,119
TGGTCTTCATCTTGGCATAG_003,69
TGGTCTTCATCTTGGCATAG_004,42
TGGTCTTCATCTTGGCATAG_005,148
TGGTCTTCATCTTGGCATAG_006,22
CAGACCAGCCGTAGACCACC_001,174
GAGGCAGTGCGGACGCCCCA_001,10
GAGGCAGTGCGGACGCCCCA_002,177
GAGGCAGTGCGGACGCCCCA_003,182
GAGGCAGTGCGGACGCCCCA_004,0
GAGGCAGTGCGGACGCCCCA_005,176
GAGGCAGTGCGGACGCCCCA_006,62
GAGGCAGTGCGGACGCCCCA_007,33
GAGGCAGTGCGGACGCCCCA_008,69
GAGGCAGTGCGGACGCCCCA_009,37
GAGGCAGTGCGGACGCCCCA_010,15
GAGGCAGTGCGGACGCCCCA_011,161
GAGGCAGTGCGGACGCCCCA_012,108
GAGGCAGTGCGGACGCCCCA_013,23
GAGGCAGTGCGGACGCCCCA_014,197
GAGGCAGTGCGGACGCCCCA_015,39
GAGGCAGTGCGGACGCCCCA_016,138
CTTGCCCACTCCAAACAGCC_001,101
CTTGCCCACTCCAAACAGCC_002,158
CTTGCCCACTCCAAACAGCC_003,72
CTTGCCCACTCCAAACAGCC_004,22
CTTGCCCACTCCAAACAGCC_005,112
CTTGCCCACTCCAAACAGCC_006,11
CTTGCCCACTCCAAACAGCC_007,5
TGGGCAGGTAAAAGGAAGTG_001,137
TGGGCAGGTAAAAGGAAGTG_002,189
TGGGCAGGTAAAAGGAAGTG_003,33
TGGGCAGGTAAAAGGAAGTG_004,28
TGGGCAGGTAAAAGGAAGTG_005,0
TGGGCAGGTAAAAGGAAGTG_006,47
TGGGCAGGTAAAAGGAAGTG_007,161
TGGGCAGGTAAAAGGAAGTG_008,149
TGGGCAGGTAAAAGGAAGTG_009,54
TGGGCAGGTAAAAGGAAGTG_010,9
TGGGCAGGTAAAAGGAAGTG_011,68
TGGGCAGGTAAAAGGAAGTG_012,16
GCTGCTTTAGATGATGCATA_001,32
GCTGCTTTAGATGATGCATA_002,132
GCTGCTTTAGATGATGCATA_003,146
GCTGCTTTAGATGATGCATA_004,169
GCTGCTTTAGATGATGCATA_005,6
GCTGCTTTAGATGATGCATA_006,16
GCTGCTTTAGATGATGCATA_007,141
GCTGCTTTAGATGATGCATA_008,148
GCTGCTTTAGATGATGCATA_009,52
GCTGCTTTAGATGATGCATA_010,107
GCTGCTTTAGATGATGCATA_011,175
GCTGCTTTAGATGATGCATA_012,174
GCTGCTTTAGATGATGCATA_013,99
AGGCAGGGTAAAGAGACAAT_001,45
AGGCAGGGTAAAGAGACAAT_002,146
AGGCAGGGTAAAGAGACAAT_003,58
AGGCAGGGTAAAGAGACAAT_004,32
AGGCAGGGTAAAGAGACAAT_005,182
AGGCAGGGTAAAGAGACAAT_006,104
AGGCAGGGTAAAGAGACAAT_007,191
GCAACTCCGAGCGCAACTCT_001,80
GCAACTCCGAGCGCAACTCT_002,166
GCAACTCCGAGCGCAACTCT_003,110
GCAACTCCGAGCGCAACTCT_004,70
GCAACTCCGAGCGCAACTCT_005,12
GCAACTCCGAGCGCAACTCT_006,149
GCAACTCCGAGCGCAACTCT_007,175
GCAACTCCGAGCGCAACTCT_008,2
GCAACTCCGAGCGCAACTCT_009,28
GCAACTCCGAGCGCAACTCT_010,175
GCAACTCCGAGCGCAACTCT_011,33
GGGCTGGAGCGAGAACTCGT_001,132
GGGCTGGAGCGAGAACTCGT_002,91
GGGCTGGAGCGAGAACTCGT_003,27
GGGCTGGAGCGAGAACTCGT_004,127
GGGCTGGAGCGAGAACTCGT_005,168
GGGCTGGAGCGAGAACTCGT_006,150
GGGCTGGAGCGAGAACTCGT_007,108
GGGCTGGAGCGAGAACTCGT_008,161
GGGCTGGAGCGAGAACTCGT_009,134
GGGCTGGAGCGAGAACTCGT_010,149
GGGCTGGAGCGAGAACTCGT_011,158
GGGCTGGAGCGAGAACTCGT_012,1
GGGCTGGAGCGAGAACTCGT_013,75
GGGCTGGAGCGAGAACTCGT_014,135
GGGCTGGAGCGAGAACTCGT_015,96
GGGCTGGAGCGAGAACTCGT_016,43
GGGCTGGAGCGAGAACTCGT_017,180
GGGCTGGAGCGAGAACTCGT_018,63
GGGCTGGAGCGAGAACTCGT_019,3
GGGCTGGAGCGAGAACTCGT_020,198
GGGCTGGAGCGAGAACTCGT_021,58
GGGCTGGAGCGAGAACTCGT_022,130
AGAGGAGTCCATTGAGACCG_001,53
AGAGGAGTCCATTGAGACCG_002,105
AGAGGAGTCCATTGAGACCG_003,26
AGAGGAGTCCATTGAGACCG_004,134
AGAGGAGTCCATTGAGACCG_005,126
AGAGGAGTCCATTGAGACCG_006,87
GCAATGTAGGCAAAGCAGCA_001,41
GCAATGTAGGCAAAGCAGCA_002,105
GCAATGTAGGCAAAGCAGCA_003,65
GCAATGTAGGCAAAGCAGCA_004,36
GATCTCATCATCGTGCAGTG_001,14
GATCTCATCATCGTGCAGTG_002,0
GATCTCATCATCGTGCAGTG_003,12
GATCTCATCATCGTGCAGTG_004,147
GGTCAGATACCATCAATGGG_001,118
GGTCAGATACCATCAATGGG_002,47
GGTCAGATACCATCAATGGG_003,139
GGTCAGATACCATCAATGGG_004,24
GGTCAGATACCATCAATGGG_005,187
GGTCAGATACCATCAATGGG_006,77
GAAGCGTCGACTGAATGACC_001,77
GAAGCGTCGACTGAATGACC_002,149
GAAGCGTCGACTGAATGACC_003,123
AAGGGAGGCCAAGTCGAGGT_001,69
AAGGGAGGCCAAGTCGAGGT_002,172
AAGGGAGGCCAAGTCGAGGT_003,153
AAGGGAGGCCAAGTCGAGGT_004,40
AAGGGAGGCCAAGTCGAGGT_005,170
AAGGGAGGCCAAGTCGAGGT_006,94
AAGGGAGGCCAAGTCGAGGT_007,168
AAGGGAGGCCAAGTCGAGGT_008,51
AAGGGAGGCCAAGTCGAGGT_009,94
AAGGGAGGCCAAGTCGAGGT_010,147
AAGGGAGGCCAAGTCGAGGT_011,70
AAGGGAGGCCAAGTCGAGGT_012,65
AAGGGAGGCCAAGTCGAGGT_013,68
AAGGGAGGCCAAGTCGAGGT_014,70
AAGGGAGGCCAAGTCGAGGT_015,184
AAGGGAGGCCAAGTCGAGGT_016,151
AAGGGAGGCCAAGTCGAGGT_017,88
AAGGGAGGCCAAGTCGAGGT_018,88
AAGGGAGGCCAAGTCGAGGT_019,51
AAGGGAGGCCAAGTCGAGGT_020,128
GACGTCCGAGTCCGCCCGGT_001,119
GACGTCCGAGTCCGCCCGGT_002,107
GGTGCCTGGGACCAGAGGAG_001,96
GGTGCCTGGGACCAGAGGAG_002,156
GGTGCCTGGGACCAGAGGAG_003,50
GGTGCCTGGGACCAGAGGAG_004,144
GGTGCCTGGGACCAGAGGAG_005,84
GGTGCCTGGGACCAGAGGAG_006,119
GGTGCCTGGGACCAGAGGAG_007,75
GGTGCCTGGGACCAGAGGAG_008,11
GGTGCCTGGGACCAGAGGAG_009,76
CGCGGTGAGAGATGTAGACG_001,57
CGCGGTGAGAGATGTAGACG_002,70
CGCGGTGAGAGATGTAGACG_003,152
CGCGGTGAGAGATGTAGACG_004,115
CGCGGTGAGAGATGTAGACG_005,22
CGCGGTGAGAGATGTAGACG_006,12
TGTTGTAGTCAGAAAGAGTA_001,96
TGTTGTAGTCAGAAAGAGTA_002,168
TGTTGTAGTCAGAAAGAGTA_003,181
TGTTGTAGTCAGAAAGAGTA_004,149
TGTTGTAGTCAGAAAGAGTA_005,169
TGTTGTAGTCAGAAAGAGTA_006,184
TGTTGTAGTCAGAAAGAGTA_007,76
TGTTGTAGTCAGAAAGAGTA_008,27
GTGAGAGTGGTCTTAGCAGG_001,34
GTGAGAGTGGTCTTAGCAGG_002,88
GTGAGAGTGGTCTTAGCAGG_003,29
GTGAGAGTGGTCTTAGCAGG_004,47
CGGTGCAGTCTTTCCCCACG_001,94
CGGTGCAGTCTTTCCCCACG_002,33
CGGTGCAGTCTTTCCCCACG_003,105
CGGTGCAGTCTTTCCCCACG_004,94
CGGTGCAGTCTTTCCCCACG_005,19
CGGTGCAGTCTTTCCCCACG_006,79
CGGTGCAGTCTTTCCCCACG_007,11
CGGTGCAGTCTTTCCCCACG_008,138
CGGTGCAGTCTTTCCCCACG_009,35
CGGTGCAGTCTTTCCCCACG_010,21
CCAAGCGCCTGCTATAGTAG_001,118
CCAAGCGCCTGCTATAGTAG_002,151
TGACACATGTCGCAGCATGG_001,94
TGACACATGTCGCAGCATGG_002,177
TGACACATGTCGCAGCATGG_003,65
TGACACATGTCGCAGCATGG_004,190
TGACACATGTCGCAGCATGG_005,61
TGACACATGTCGCAGCATGG_006,44
TGACACATGTCGCAGCATGG_007,94
TGACACATGTCGCAGCATGG_008,95
TGACACATGTCGCAGCATGG_009,28
TCAACATCGTCCTCATCTAG_001,101
TCAACATCGTCCTCATCTAG_002,20
AGCAACATGATGCCCAAGTG_001,142
AGCAACATGATGCCCAAGTG_002,48
AGCAACATGATGCCCAAGTG_003,23
ATAGTTGATGTACCTCCCAG_001,77
ATAGTTGATGTACCTCCCAG_002,57
ATAGTTGATGTACCTCCCAG_003,61
ATAGTTGATGTACCTCCCAG_004,50
CGAGGGACCTAACGGCGACG_001,66
CGAGGGACCTAACGGCGACG_002,48
CGAGGGACCTAACGGCGACG_003,154
CGAGGGACCTAACGGCGACG_004,119
CGAGGGACCTAACGGCGACG_005,198
CGAGGGACCTAACGGCGACG_006,4
CGAGGGACCTAACGGCGACG_007,183
CGAGGGACCTAACGGCGACG_008,139
CGAGGGACCTAACGGCGACG_009,42
CGAGGGACCTAACGGCGACG_010,11
CGAGGGACCTAACGGCGACG_011,39
CGAGGGACCTAACGGCGACG_012,10
CGAGGGACCTAACGGCGACG_013,14
CGAGGGACCTAACGGCGACG_014,168
CGAGGGACCTAACGGCGACG_015,151
CTGGATATGCCACACGCAGT_001,11
CTGGATATGCCACACGCAGT_002,169
CTGGATATGCCACACGCAGT_003,176
CTGGATATGCCACACGCAGT_004,46
CTGGATATGCCACACGCAGT_005,156
AGTACACGGAAAGCTTGACC_001,66
AGTACACGGAAAGCTTGACC_002,136
TGGACGCAGCAAAAGCAGGT_001,176
AAGGAGTGTGGGAAAACATG_001,159
AAGGAGTGTGGGAAAACATG_002,21
AAGGAGTGTGGGAAAACATG_003,85
AAGGAGTGTGGGAAAACATG_004,17
AAGGAGTGTGGGAAAACATG_005,119
AAGGAGTGTGGGAAAACATG_006,129
AAGGAGTGTGGGAAAACATG_007,105
AAGGAGTGTGGGAAAACATG_008,85
AGGACACACTGTAGCTGGGG_001,117
AGGACACACTGTAGCTGGGG_002,159
AGGACACACTGTAGCTGGGG_003,1
AGGACACACTGTAGCTGGGG_004,2
AGGACACACTGTAGCTGGGG_005,9
AGGACACACTGTAGCTGGGG_006,179
AGGACACACTGTAGCTGGGG_007,37
AGGACACACTGTAGCTGGGG_008,146
AGGACACACTGTAGCTGGGG_009,48
AGGACACACTGTAGCTGGGG_010,98
AGGACACACTGTAGCTGGGG_011,98
AGGACACACTGTAGCTGGGG_012,128
AGGACACACTGTAGCTGGGG_013,37
AGGACACACTGTAGCTGGGG_014,69
AGGACACACTGTAGCTGGGG_015,145
AGGACACACTGTAGCTGGGG_016,13
AGGACACACTGTAGCTGGGG_017,153
AGCTTCCAGACCACAGGTCG_001,116
AGCTTCCAGACCACAGGTCG_002,106
AGCTTCCAGACCACAGGTCG_003,106
AGCTTCCAGACCACAGGTCG_004,115
AGCTTCCAGACCACAGGTCG_005,21
AGCTTCCAGACCACAGGTCG_006,134
AGCTTCCAGACCACAGGTCG_007,68
AGCTTCCAGACCACAGGTCG_008,116
AGCTTCCAGACCACAGGTCG_009,93
CGGCTGTTACTCACGCCTCA_001,148
CGGCTGTTACTCACGCCTCA_002,145
TCTAGCATAGAGAATACTAG_001,148
TCTAGCATAGAGAATACTAG_002,162
TCTAGCATAGAGAATACTAG_003,198
TCTAGCATAGAGAATACTAG_004,156
AAAAAGTATGTCCTACTTTG_001,137
AAAAAGTATGTCCTACTTTG_002,48
AAAAAGTATGTCCTACTTTG_003,81
AAAAAGTATGTCCTACTTTG_004,8
TGTCGACCATAGTCTCCCAG_001,42
TGTCGACCATAGTCTCCCAG_002,109
TGTCGACCATAGTCTCCCAG_003,9
TGTCGACCATAGTCTCCCAG_004,6
TGTCGACCATAGTCTCCCAG_005,138
TGTCGACCATAGTCTCCCAG_006,62
TGTCGACCATAGTCTCCCAG_007,182
TGTCGACCATAGTCTCCCAG_008,146
TGTCGACCATAGTCTCCCAG_009,50
CTGCATAGCAGACCTCAGCG_001,83
CTGCATAGCAGACCTCAGCG_002,141
CTGGCCAAGAGGATAGGGAG_001,121
CTGGCCAAGAGGATAGGGAG_002,158
CTGGCCAAGAGGATAGGGAG_003,126
CTGGCCAAGAGGATAGGGAG_004,154
CTGGCCAAGAGGATAGGGAG_005,146
CTGGCCAAGAGGATAGGGAG_006,42
CTGGCCAAGAGGATAGGGAG_007,105
CTGGCCAAGAGGATAGGGAG_008,101
CTGGCCAAGAGGATAGGGAG_009,162
CTGGCCAAGAGGATAGGGAG_010,2
CTGGCCAAGAGGATAGGGAG_011,19
CTGGCCAAGAGGATAGGGAG_012,172
CTGGCCAAGAGGATAGGGAG_013,141
CTGGCCAAGAGGATAGGGAG_014,16
CTGGCCAAGAGGATAGGGAG_015,103
CTGGCCAAGAGGATAGGGAG_016,44
CTGGCCAAGAGGATAGGGAG_017,35
CTGGCCAAGAGGATAGGGAG_018,115
CTGGCCAAGAGGATAGGGAG_019,100
CTGGCCAAGAGGATAGGGAG_020,150
CTGGCCAAGAGGATAGGGAG_021,198
CTGGCCAAGAGGATAGGGAG_022,141
CTGGCCAAGAGGATAGGGAG_023,158
CTGGCCAAGAGGATAGGGAG_024,94
CTGGCCAAGAGGATAGGGAG_025,184
CTGGCCAAGAGGATAGGGAG_026,9
CTGGCCAAGAGGATAGGGAG_027,50
CTGGCCAAGAGGATAGGGAG_028,102
CTGGCCAAGAGGATAGGGAG_029,39
CTGGCCAAGAGGATAGGGAG_030,62
CTGGCCAAGAGGATAGGGAG_031,1
CTGGCCAAGAGGATAGGGAG_032,136
CTGGCCAAGAGGATAGGGAG_033,197
CTGGCCAAGAGGATAGGGAG_034,69
ATGTTTCATTGTCGTCGCAG_001,19
ATGTTTCATTGTCGTCGCAG_002,83
ATGTTTCATTGTCGTCGCAG_003,102
ATGTTTCATTGTCGTCGCAG_004,183
ATGTTTCATTGTCGTCGCAG_005,93
ATGTTTCATTGTCGTCGCAG_006,54
ATGTTTCATTGTCGTCGCAG_007,127
ATGTTTCATTGTCGTCGCAG_008,94
ATGTTTCATTGTCGTCGCAG_009,125
ATGTTTCATTGTCGTCGCAG_010,101
ATGTTTCATTGTCGTCGCAG_011,147
ATGTTTCATTGTCGTCGCAG_012,37
GCCATGGTGATTGATACCAC_001,183
GCCATGGTGATTGATACCAC_002,166
GCCATGGTGATTGATACCAC_003,27
GCCATGGTGATTGATACCAC_004,196
GCCATGGTGATTGATACCAC_005,78
GCCATGGTGATTGATACCAC_006,147
GCCATGGTGATTGATACCAC_007,84
GCCATGGTGATTGATACCAC_008,43
GCCATGGTGATTGATACCAC_009,184
GCCATGGTGATTGATACCAC_010,169
GCCATGGTGATTGATACCAC_011,168
GCCATGGTGATTGATACCAC_012,57
GCCATGGTGATTGATACCAC_013,169
GCCATGGTGATTGATACCAC_014,76
GCCATGGTGATTGATACCAC_015,98
TGGAACTACATTTACCACTG_001,119
TGGAACTACATTTACCACTG_002,15
TGGAACTACATTTACCACTG_003,130
TGGAACTACATTTACCACTG_004,166
TGGAACTACATTTACCACTG_005,119
TGGAACTACATTTACCACTG_006,171
TGGAACTACATTTACCACTG_007,13
TGGAACTACATTTACCACTG_008,36
TGGAACTACATTTACCACTG_009,36
TGGAACTACATTTACCACTG_010,186
TGGAACTACATTTACCACTG_011,43
TGGAACTACATTTACCACTG_012,49
TGGAACTACATTTACCACTG_013,199
TGGAACTACATTTACCACTG_014,39
CCCCGCCACAGATTTACCCG_001,37
CAATGACGAAAACTATTGTG_001,9
CAATGACGAAAACTATTGTG_002,1
CAATGACGAAAACTATTGTG_003,182
CAATGACGAAAACTATTGTG_004,114
CAATGACGAAAACTATTGTG_005,146
CAATGACGAAAACTATTGTG_006,46
CAATGACGAAAACTATTGTG_007,170
CAATGACGAAAACTATTGTG_008,197
CAATGACGAAAACTATTGTG_009,124
CAATGACGAAAACTATTGTG_010,19
CAATGACGAAAACTATTGTG_011,181
GTAACCCTAAGAATGACTCG_001,181
GTAACCCTAAGAATGACTCG_002,1
TGGACGCCACCCCAGGACAC_001,23
TGGACGCCACCCCAGGACAC_002,94
TGGACGCCACCCCAGGACAC_003,138
TGGACGCCACCCCAGGACAC_004,60
TGGACGCCACCCCAGGACAC_005,194
TGGACGCCACCCCAGGACAC_006,44
TGGACGCCACCCCAGGACAC_007,98
TGGACGCCACCCCAGGACAC_008,121
TGGACGCCACCCCAGGACAC_009,67
TGGACGCCACCCCAGGACAC_010,62
TGGACGCCACCCCAGGACAC_011,41
TGGACGCCACCCCAGGACAC_012,166
TGGACGCCACCCCAGGACAC_013,52
TGGACGCCACCCCAGGACAC_014,2
TGGACGCCACCCCAGGACAC_015,86
TGGACGCCACCCCAGGACAC_016,37
GGAGTACATAGTCCACGTGC_001,172
TGTTCAACCAAATGGCAAAG_001,161
TGTTCAACCAAATGGCAAAG_002,147
TGTTCAACCAAATGGCAAAG_003,41
TGTTCAACCAAATGGCAAAG_004,1
TGTTCAACCAAATGGCAAAG_005,174
CAGCGACTTTAACACCCGCC_001,40
CAGCGACTTTAACACCCGCC_002,199
CAGCGACTTTAACACCCGCC_003,101
CAGCGACTTTAACACCCGCC_004,106
CAGCGACTTTAACACCCGCC_005,45
AACACATCCATGAATGACAA_001,185
AACACATCCATGAATGACAA_002,88
AACACATCCATGAATGACAA_003,156
AACACATCCATGAATGACAA_004,72
AACACATCCATGAATGACAA_005,56
AACACATCCATGAATGACAA_006,34
AACACATCCATGAATGACAA_007,42
AACACATCCATGAATGACAA_008,33
AACACATCCATGAATGACAA_009,194
AACACATCCATGAATGACAA_010,160
AACACATCCATGAATGACAA_011,70
AACACATCCATGAATGACAA_012,35
AACACATCCATGAATGACAA_013,168
AACACATCCATGAATGACAA_014,106
AACACATCCATGAATGACAA_015,68
GCCCACCCTGGCTCACCGTG_001,171
GCCCACCCTGGCTCACCGTG_002,173
GCCCACCCTGGCTCACCGTG_003,58
GCCCACCCTGGCTCACCGTG_004,44
GCCCACCCTGGCTCACCGTG_005,72
GCCCACCCTGGCTCACCGTG_006,181
GCCCACCCTGGCTCACCGTG_007,46
GCCCACCCTGGCTCACCGTG_008,166
GCCCACCCTGGCTCACCGTG_009,104
GCCCACCCTGGCTCACCGTG_010,51
GCCCACCCTGGCTCACCGTG_011,177
GCCCACCCTGGCTCACCGTG_012,63
AATGTGCTAATAGATGTACT_001,16
GGAGGTCTTTGAAAATGACC_001,94
GGAGGTCTTTGAAAATGACC_002,32
AGATACAGCAGGCTGAAAAG_001,94
AGATACAGCAGGCTGAAAAG_002,106
AGATACAGCAGGCTGAAAAG_003,193
AGATACAGCAGGCTGAAAAG_004,99
GCTGATACAAGCATAAGTCG_001,105
GCTGATACAAGCATAAGTCG_002,86
GCTGATACAAGCATAAGTCG_003,32
GCTGATACAAGCATAAGTCG_004,113
GCTGATACAAGCATAAGTCG_005,147
GCTGATACAAGCATAAGTCG_006,114
GCTGATACAAGCATAAGTCG_007,88
GCTGATACAAGCATAAGTCG_008,39
GCTGATACAAGCATAAGTCG_009,40
GCTGATACAAGCATAAGTCG_010,191
TATCTAAAGAGCTTTCCACG_001,34
TATCTAAAGAGCTTTCCACG_002,49
TATCTAAAGAGCTTTCCACG_003,48
TATCTAAAGAGCTTTCCACG_004,187
TATCTAAAGAGCTTTCCACG_005,145
TATCTAAAGAGCTTTCCACG_006,58
TATCTAAAGAGCTTTCCACG_007,124
TATCTAAAGAGCTTTCCACG_008,10
TATCTAAAGAGCTTTCCACG_009,171
TATCTAAAGAGCTTTCCACG_010,56
TATCTAAAGAGCTTTCCACG_011,52
TGAAGACAGACTTCTCTTAG_001,45
CAGACTTGCTGGACCATAAG_001,77
CAGACTTGCTGGACCATAAG_002,48
CAGACTTGCTGGACCATAAG_003,41
CAGACTTGCTGGACCATAAG_004,105
CAGACTTGCTGGACCATAAG_005,170
CAGACTTGCTGGACCATAAG_006,41
CAGACTTGCTGGACCATAAG_007,58
CAGACTTGCTGGACCATAAG_008,155
CAGACTTGCTGGACCATAAG_009,10
CAGACTTGCTGGACCATAAG_010,179
CAGACTTGCTGGACCATAAG_011,119
CAGACTTGCTGGACCATAAG_012,115
CAGACTTGCTGGACCATAAG_013,121
CAGACTTGCTGGACCATAAG_014,126
CAGACTTGCTGGACCATAAG_015,73
GTATTGGAGCAACAGCATGT_001,195
GTATTGGAGCAACAGCATGT_002,53
GTATTGGAGCAACAGCATGT_003,16
GTATTGGAGCAACAGCATGT_004,179
GTATTGGAGCAACAGCATGT_005,169
GTATTGGAGCAACAGCATGT_006,147
GTATTGGAGCAACAGCATGT_007,163
GTATTGGAGCAACAGCATGT_008,53
GTATTGGAGCAACAGCATGT_009,103
GTATTGGAGCAACAGCATGT_010,167
GTATTGGAGCAACAGCATGT_011,137
GTATTGGAGCAACAGCATGT_012,104
GTATTGGAGCAACAGCATGT_013,11
GTATTGGAGCAACAGCATGT_014,177
GTATTGGAGCAACAGCATGT_015,154
GTATTGGAGCAACAGCATGT_016,41
GTATTGGAGCAACAGCATGT_017,11
GTATTGGAGCAACAGCATGT_018,168
GTATTGGAGCAACAGCATGT_019,149
GTATTGGAGCAACAGCATGT_020,121
GTATTGGAGCAACAGCATGT_021,162
GTATTGGAGCAACAGCATGT_022,77
GTATTGGAGCAACAGCATGT_023,16
GTATTGGAGCAACAGCATGT_024,70
GTATTGGAGCAACAGCATGT_025,63
GTATTGGAGCAACAGCATGT_026,63
CAGACGACTATTCTACACAG_001,84
GGAGGGCAGGAGCGCTGTCG_001,91
GGAGGGCAGGAGCGCTGTCG_002,112
GGAGGGCAGGAGCGCTGTCG_003,177
GGAGGGCAGGAGCGCTGTCG_004,52
CCTGCAAAGAGGAACCACGA_001,172
CCTGCAAAGAGGAACCACGA_002,182
CCTGCAAAGAGGAACCACGA_003,165
CCTGCAAAGAGGAACCACGA_004,62
CCTGCAAAGAGGAACCACGA_005,163
CCTGCAAAGAGGAACCACGA_006,142
CCTGCAAAGAGGAACCACGA_007,107
CCTGCAAAGAGGAACCACGA_008,50
CCTGCAAAGAGGAACCACGA_009,8
CCTGCAAAGAGGAACCACGA_010,152
CCTGCAAAGAGGAACCACGA_011,0
CCTGCAAAGAGGAACCACGA_012,162
CCTGCAAAGAGGAACCACGA_013,48
CCTGCAAAGAGGAACCACGA_014,168
CCTGCAAAGAGGAACCACGA_015,50
CCTGCAAAGAGGAACCACGA_016,174
CCTGCAAAGAGGAACCACGA_017,27
CCTGCAAAGAGGAACCACGA_018,129
CCTGCAAAGAGGAACCACGA_019,95
CCTGCAAAGAGGAACCACGA_020,70
CCTGCAAAGAGGAACCACGA_021,62
CCTGCAAAGAGGAACCACGA_022,8
CCTGCAAAGAGGAACCACGA_023,80
CCTGCAAAGAGGAACCACGA_024,87
CCTGCAAAGAGGAACCACGA_025,60
CCTGCAAAGAGGAACCACGA_026,157
CCTGCAAAGAGGAACCACGA_027,14
CCTGCAAAGAGGAACCACGA_028,150
CCTGCAAAGAGGAACCACGA_029,63
CCTGCAAAGAGGAACCACGA_030,118
CCTGCAAAGAGGAACCACGA_031,131
CCTGCAAAGAGGAACCACGA_032,0
CTGTGAAAAGTACCAGCCCA_001,36
CTGTGAAAAGTACCAGCCCA_002,115
CTGTGAAAAGTACCAGCCCA_003,116
CTGTGAAAAGTACCAGCCCA_004,172
CTGTGAAAAGTACCAGCCCA_005,156
CTGTGAAAAGTACCAGCCCA_006,175
CTGTGAAAAGTACCAGCCCA_007,11
CTGTGAAAAGTACCAGCCCA_008,101
CTGTGAAAAGTACCAGCCCA_009,38
CTGTGAAAAGTACCAGCCCA_010,38
CTGTGAAAAGTACCAGCCCA_011,83
CTGTGAAAAGTACCAGCCCA_012,163
CTGTGAAAAGTACCAGCCCA_013,48
CTGTGAAAAGTACCAGCCCA_014,3
CTGTGAAAAGTACCAGCCCA_015,166
CTGTGAAAAGTACCAGCCCA_016,76
CTGTGAAAAGTACCAGCCCA_017,178
CTGTGAAAAGTACCAGCCCA_018,178
CTGTGAAAAGTACCAGCCCA_019,32
AGAGTCCACTCACATAGTGG_001,148
AGAGTCCACTCACATAGTGG_002,57
AGAGTCCACTCACATAGTGG_003,74
AGAGTCCACTCACATAGTGG_004,30
AGAGTCCACTCACATAGTGG_005,112
AGAGTCCACTCACATAGTGG_006,122
CGAGCTGTACCAGCGCGTAG_001,187
CGAGCTGTACCAGCGCGTAG_002,142
CGAGCTGTACCAGCGCGTAG_003,142
TCTGGCCGCATACACCAGTG_001,52
TCTGGCCGCATACACCAGTG_002,123
TCTGGCCGCATACACCAGTG_003,149
TCTGGCCGCATACACCAGTG_004,94
TTGGCCAACAAATGTGACCA_001,29
TTGGCCAACAAATGTGACCA_002,77
TTGGCCAACAAATGTGACCA_003,169
TTGGCCAACAAATGTGACCA_004,146
TTGGCCAACAAATGTGACCA_005,59
TTGGCCAACAAATGTGACCA_006,147
TTGGCCAACAAATGTGACCA_007,143
TTGGCCAACAAATGTGACCA_008,143
TTGGCCAACAAATGTGACCA_009,198
TTGGCCAACAAATGTGACCA_010,11
TTGGCCAACAAATGTGACCA_011,60
TTGGCCAACAAATGTGACCA_012,190
TTGGCCAACAAATGTGACCA_013,102
CTGTAGTAGACACCCTGAGT_001,0
CTGTAGTAGACACCCTGAGT_002,115
CTGTAGTAGACACCCTGAGT_003,115
CTGTAGTAGACACCCTGAGT_004,125
CTGTAGTAGACACCCTGAGT_005,31
CTGTAGTAGACACCCTGAGT_006,22
CTGTAGTAGACACCCTGAGT_007,123
AGTGGGGAATTTGAGTTCTG_001,123
AGTGGGGAATTTGAGTTCTG_002,82
AGTGGGGAATTTGAGTTCTG_003,162
AGTGGGGAATTTGAGTTCTG_004,31
AGTGGGGAATTTGAGTTCTG_005,20
AGTGGGGAATTTGAGTTCTG_006,117
AGTGGGGAATTTGAGTTCTG_007,8
AGTGGGGAATTTGAGTTCTG_008,33
AGTGGGGAATTTGAGTTCTG_009,127
AGTGGGGAATTTGAGTTCTG_010,151
AGTGGGGAATTTGAGTTCTG_011,147
AGTGGGGAATTTGAGTTCTG_012,155
AGTGGGGAATTTGAGTTCTG_013,162
AGTGGGGAATTTGAGTTCTG_014,58
AGTGGGGAATTTGAGTTCTG_015,124
AGTGGGGAATTTGAGTTCTG_016,26
AGTGGGGAATTTGAGTTCTG_017,29
AGTGGGGAATTTGAGTTCTG_018,105
AGTGGGGAATTTGAGTTCTG_019,96
TATTTGCCTAGGTACCGAAG_001,168
TATTTGCCTAGGTACCGAAG_002,24
TATTTGCCTAGGTACCGAAG_003,48
TATTTGCCTAGGTACCGAAG_004,187
TATTTGCCTAGGTACCGAAG_005,88
TATTTGCCTAGGTACCGAAG_006,62
TATTTGCCTAGGTACCGAAG_007,62
ACCCAAAGGAAGCGTACATG_001,94
ACCCAAAGGAAGCGTACATG_002,166
ACCCAAAGGAAGCGTACATG_003,115
ACCCAAAGGAAGCGTACATG_004,26
GCTCAGTGAACATCCACCCG_001,104
GCTCAGTGAACATCCACCCG_002,73
GCTCAGTGAACATCCACCCG_003,124
GCTCAGTGAACATCCACCCG_004,15
GCTCAGTGAACATCCACCCG_005,115
GCTCAGTGAACATCCACCCG_006,57
GCTCAGTGAACATCCACCCG_007,81
GCTCAGTGAACATCCACCCG_008,3
GCTCAGTGAACATCCACCCG_009,126
CCTGGGAATCATCAAGGAGT_001,52
CCTGGGAATCATCAAGGAGT_002,138
ACAGAGTTGACTGGATAGCG_001,169
ACAGAGTTGACTGGATAGCG_002,176
ACAGAGTTGACTGGATAGCG_003,78
GCTGTAACCAACTGCTCACA_001,172
GCTGTAACCAACTGCTCACA_002,5
GCTGTAACCAACTGCTCACA_003,50
GCTGTAACCAACTGCTCACA_004,78
GCTGTAACCAACTGCTCACA_005,187
GCTGTAACCAACTGCTCACA_006,81
GCTGTAACCAACTGCTCACA_007,94
GCTGTAACCAACTGCTCACA_008,107
GCTGTAACCAACTGCTCACA_009,124
AGAGGAAGGAAATGATTCGG_001,29
AGAGGAAGGAAATGATTCGG_002,168
AGAGGAAGGAAATGATTCGG_003,2
AGAGGAAGGAAATGATTCGG_004,29
AGAGGAAGGAAATGATTCGG_005,147
AGAGGAAGGAAATGATTCGG_006,60
AGAGGAAGGAAATGATTCGG_007,127
AGAGGAAGGAAATGATTCGG_008,91
AGAGGAAGGAAATGATTCGG_009,121
ACTTGGAAAGGATCTCCTGG_001,103
ACTTGGAAAGGATCTCCTGG_002,186
ACTTGGAAAGGATCTCCTGG_003,98
ACTTGGAAAGGATCTCCTGG_004,98
ACTTGGAAAGGATCTCCTGG_005,27
TTGTTAATGTCTACCCAGTG_001,136
CTTCTACGCGGATTCCACGG_001,47
CTTCTACGCGGATTCCACGG_002,199
CTTCTACGCGGATTCCACGG_003,48
CTTCTACGCGGATTCCACGG_004,122
CTTCTACGCGGATTCCACGG_005,8
CAGGTTCGTAACTCAGTGAA_001,35
CAGGTTCGTAACTCAGTGAA_002,78
CAGGTTCGTAACTCAGTGAA_003,39
CAGGTTCGTAACTCAGTGAA_004,152
TGCCTCAGATCCAGACACTG_001,154
TGCCTCAGATCCAGACACTG_002,51
TGCCTCAGATCCAGACACTG_003,31
TGCCTCAGATCCAGACACTG_004,106
TGCCTCAGATCCAGACACTG_005,37
TGCCTCAGATCCAGACACTG_006,144
TGCCTCAGATCCAGACACTG_007,180
TGCCTCAGATCCAGACACTG_008,38
TGCCTCAGATCCAGACACTG_009,155
TGCCTCAGATCCAGACACTG_010,41
TGCCTCAGATCCAGACACTG_011,127
TGCCTCAGATCCAGACACTG_012,155
TGCCTCAGATCCAGACACTG_013,187
TGCCTCAGATCCAGACACTG_014,41
TGCCTCAGATCCAGACACTG_015,52
TGCCTCAGATCCAGACACTG_016,70
TGCCTCAGATCCAGACACTG_017,127
TGCCTCAGATCCAGACACTG_018,41
TGCCTCAGATCCAGACACTG_019,29
TGCCTCAGATCCAGACACTG_020,51
TGCCTCAGATCCAGACACTG_021,139
TGCCTCAGATCCAGACACTG_022,197
TGCCTCAGATCCAGACACTG_023,130
TGCCTCAGATCCAGACACTG_024,36
TGCCTCAGATCCAGACACTG_025,36
TGCCTCAGATCCAGACACTG_026,1
TGCCTCAGATCCAGACACTG_027,29
TGCCTCAGATCCAGACACTG_028,199
TGCCTCAGATCCAGACACTG_029,146
TGCCTCAGATCCAGACACTG_030,40
CAACACAGAACATCCAACAT_001,144
CAACACAGAACATCCAACAT_002,123
CAACACAGAACATCCAACAT_003,187
CAACACAGAACATCCAACAT_004,53
CAACACAGAACATCCAACAT_005,63
CAACACAGAACATCCAACAT_006,92
CAACACAGAACATCCAACAT_007,26
CAACACAGAACATCCAACAT_008,183
CAACACAGAACATCCAACAT_009,94
CAACACAGAACATCCAACAT_010,46
CAACACAGAACATCCAACAT_011,115
CAACACAGAACATCCAACAT_012,166
CAACACAGAACATCCAACAT_013,3
CAACACAGAACATCCAACAT_014,178
CAACACAGAACATCCAACAT_015,84
CAACACAGAACATCCAACAT_016,59
CAACACAGAACATCCAACAT_017,104
CAACACAGAACATCCAACAT_018,9
TAAGTCAGGGGAAACGATTG_001,154
TAAGTCAGGGGAAACGATTG_002,58
TTCTTGGAAGTAACAGCGGT_001,177
TTCTTGGAAGTAACAGCGGT_002,97
TTCTTGGAAGTAACAGCGGT_003,60
TTCTTGGAAGTAACAGCGGT_004,30
TTCTTGGAAGTAACAGCGGT_005,121
TTCTTGGAAGTAACAGCGGT_006,158
TTCTTGGAAGTAACAGCGGT_007,78
TTCTTGGAAGTAACAGCGGT_008,137
TTCTTGGAAGTAACAGCGGT_009,159
TTCTTGGAAGTAACAGCGGT_010,90
TTCTTGGAAGTAACAGCGGT_011,91
ACTAGGGCAGTGTGTCTGCA_001,126
ACTAGGGCAGTGTGTCTGCA_002,160
ACTAGGGCAGTGTGTCTGCA_003,74
ACTAGGGCAGTGTGTCTGCA_004,19
ACTAGGGCAGTGTGTCTGCA_005,19
ACTAGGGCAGTGTGTCTGCA_006,70
ACTAGGGCAGTGTGTCTGCA_007,188
ACTAGGGCAGTGTGTCTGCA_008,94
ACTAGGGCAGTGTGTCTGCA_009,63
ACTAGGGCAGTGTGTCTGCA_010,1
ACTAGGGCAGTGTGTCTGCA_011,177
ACTAGGGCAGTGTGTCTGCA_012,74
ACTAGGGCAGTGTGTCTGCA_013,60
ACTAGGGCAGTGTGTCTGCA_014,82
ACTAGGGCAGTGTGTCTGCA_015,193
ACTAGGGCAGTGTGTCTGCA_016,76
ACTAGGGCAGTGTGTCTGCA_017,98
ACTAGGGCAGTGTGTCTGCA_018,75
ACTAGGGCAGTGTGTCTGCA_019,103
ACTAGGGCAGTGTGTCTGCA_020,8
ACTAGGGCAGTGTGTCTGCA_021,65
ACTAGGGCAGTGTGTCTGCA_022,98
ACTAGGGCAGTGTGTCTGCA_023,15
ACTAGGGCAGTGTGTCTGCA_024,83
ACTAGGGCAGTGTGTCTGCA_025,82
ACTAGGGCAGTGTGTCTGCA_026,12
ACTAGGGCAGTGTGTCTGCA_027,63
ACTAGGGCAGTGTGTCTGCA_028,78
ACTAGGGCAGTGTGTCTGCA_029,173
ACTAGGGCAGTGTGTCTGCA_030,173
CAAAGGTGTCTGAAACGCCG_001,60
CAAAGGTGTCTGAAACGCCG_002,173
CAAAGGTGTCTGAAACGCCG_003,43
CAAAGGTGTCTGAAACGCCG_004,81
CAAAGGTGTCTGAAACGCCG_005,5
CAAAGGTGTCTGAAACGCCG_006,102
CAAAGGTGTCTGAAACGCCG_007,143
CAAAGGTGTCTGAAACGCCG_008,143
GTGGAGTCAAAATCAATCCG_001,23
GTGGAGTCAAAATCAATCCG_002,88
GTGGAGTCAAAATCAATCCG_003,121
GTGGAGTCAAAATCAATCCG_004,187
GGAGTGAAGTCTCAGATAAG_001,113
GGAGTGAAGTCTCAGATAAG_002,165
GGAGTGAAGTCTCAGATAAG_003,123
GCTCCGGCAGCGAGCCGTCG_001,38
GCTCCGGCAGCGAGCCGTCG_002,15
GCTCCGGCAGCGAGCCGTCG_003,80
GCTCCGGCAGCGAGCCGTCG_004,162
CAAAGATGGTGATACGCTCG_001,0
CAAAGATGGTGATACGCTCG_002,152
AGAAGTGGTTGATGGCACGG_001,76
AGAAGTGGTTGATGGCACGG_002,4
AGAAGTGGTTGATGGCACGG_003,104
AGAAGTGGTTGATGGCACGG_004,31
AGAAGTGGTTGATGGCACGG_005,148
AGAAGTGGTTGATGGCACGG_006,48
AGAAGTGGTTGATGGCACGG_007,76
AGAAGTGGTTGATGGCACGG_008,167
AGAAGTGGTTGATGGCACGG_009,167
AGAAGTGGTTGATGGCACGG_010,156
AGAAGTGGTTGATGGCACGG_011,50
AGAAGTGGTTGATGGCACGG_012,141
AGAAGTGGTTGATGGCACGG_013,133
AGAAGTGGTTGATGGCACGG_014,38
AGAAGTGGTTGATGGCACGG_015,17
AGAAGTGGTTGATGGCACGG_016,14
AGAAGTGGTTGATGGCACGG_017,77
AGAAGTGGTTGATGGCACGG_018,105
AGAAGTGGTTGATGGCACGG_019,37
AGAAGTGGTTGATGGCACGG_020,145
AGAAGTGGTTGATGGCACGG_021,60
AGAAGTGGTTGATGGCACGG_022,33
AGAAGTGGTTGATGGCACGG_023,39
AGAAGTGGTTGATGGCACGG_024,48
AGAAGTGGTTGATGGCACGG_025,63
TATTCATGGGATTTGGTGCA_001,168
TATTCATGGGATTTGGTGCA_002,65
TATTCATGGGATTTGGTGCA_003,59
TATTCATGGGATTTGGTGCA_004,42
TATTCATGGGATTTGGTGCA_005,96
TATTCATGGGATTTGGTGCA_006,62
TCTGGAGGAGAGTCACCCAC_001,24
TCTGGAGGAGAGTCACCCAC_002,194
TCTGGAGGAGAGTCACCCAC_003,198
TCTGGAGGAGAGTCACCCAC_004,88
TCTGGAGGAGAGTCACCCAC_005,41
TCTGGAGGAGAGTCACCCAC_006,14
TCTGGAGGAGAGTCACCCAC_007,191
TCTGGAGGAGAGTCACCCAC_008,19
TCTGGAGGAGAGTCACCCAC_009,153
TCTGGAGGAGAGTCACCCAC_010,191
TCTGGAGGAGAGTCACCCAC_011,35
TCTGGAGGAGAGTCACCCAC_012,34
TGTAGGTCAGGGCTATATGT_001,102
TGTAGGTCAGGGCTATATGT_002,120
TGTAGGTCAGGGCTATATGT_003,160
TGTAGGTCAGGGCTATATGT_004,12
TGTAGGTCAGGGCTATATGT_005,126
TGTAGGTCAGGGCTATATGT_006,126
TGTAGGTCAGGGCTATATGT_007,115
TCATAGTTAGCAATAGCTTG_001,147
TCATAGTTAGCAATAGCTTG_002,53
TCATAGTTAGCAATAGCTTG_003,181
TCATAGTTAGCAATAGCTTG_004,108
TCATAGTTAGCAATAGCTTG_005,60
TCATAGTTAGCAATAGCTTG_006,6
TCATAGTTAGCAATAGCTTG_007,192
TCATAGTTAGCAATAGCTTG_008,169
TCATAGTTAGCAATAGCTTG_009,58
ATAATGAATGTGCTGTACGG_001,189
ATAATGAATGTGCTGTACGG_002,149
ATAATGAATGTGCTGTACGG_003,80
ATAATGAATGTGCTGTACGG_004,96
ATAATGAATGTGCTGTACGG_005,80
ATAATGAATGTGCTGTACGG_006,81
ATAATGAATGTGCTGTACGG_007,129
ATAATGAATGTGCTGTACGG_008,110
ATAATGAATGTGCTGTACGG_009,80
ATAATGAATGTGCTGTACGG_010,83
ATAATGAATGTGCTGTACGG_011,181
ATAATGAATGTGCTGTACGG_012,107
ATAATGAATGTGCTGTACGG_013,107
ATAATGAATGTGCTGTACGG_014,193
ATAATGAATGTGCTGTACGG_015,33
ATAATGAATGTGCTGTACGG_016,187
ATAATGAATGTGCTGTACGG_017,50
ATAATGAATGTGCTGTACGG_018,58
GCAGGTGGCCTATCAGATGT_001,49
GCAGGTGGCCTATCAGATGT_002,169
GCAGGTGGCCTATCAGATGT_003,141
GCAGGTGGCCTATCAGATGT_004,115
GCAGGTGGCCTATCAGATGT_005,9
GCAGGTGGCCTATCAGATGT_006,99
GAATAAGAGTCCACTGACCG_001,58
GAATAAGAGTCCACTGACCG_002,58
GAATAAGAGTCCACTGACCG_003,195
GAATAAGAGTCCACTGACCG_004,174
GAATAAGAGTCCACTGACCG_005,146
GAATAAGAGTCCACTGACCG_006,194
GAATAAGAGTCCACTGACCG_007,146
GAATAAGAGTCCACTGACCG_008,17
GAATAAGAGTCCACTGACCG_009,27
ATGGCGATCAGCATGCTGAG_001,119
ATGGCGATCAGCATGCTGAG_002,154
ATGGCGATCAGCATGCTGAG_003,154
ATGGCGATCAGCATGCTGAG_004,57
ATGGCGATCAGCATGCTGAG_005,127
ATGGCGATCAGCATGCTGAG_006,37
ATGGCGATCAGCATGCTGAG_007,167
CATGCCCGCCGAAATCTGCG_001,42
CATGCCCGCCGAAATCTGCG_002,114
CATGCCCGCCGAAATCTGCG_003,143
CATGCCCGCCGAAATCTGCG_004,34
CATGCCCGCCGAAATCTGCG_005,9
CATGCCCGCCGAAATCTGCG_006,40
CATGCCCGCCGAAATCTGCG_007,110
CATGCCCGCCGAAATCTGCG_008,24
CATGCCCGCCGAAATCTGCG_009,184
CATGCCCGCCGAAATCTGCG_010,61
CATGCCCGCCGAAATCTGCG_011,40
CATGCCCGCCGAAATCTGCG_012,67
CATGCCCGCCGAAATCTGCG_013,42
CATGCCCGCCGAAATCTGCG_014,140
CATGCCCGCCGAAATCTGCG_015,97
CATGCCCGCCGAAATCTGCG_016,142
AAGTCTACTTGTATCTACGG_001,172
CAGACACAGAATTACCCCAA_001,68
CAGACACAGAATTACCCCAA_002,44
CAGACACAGAATTACCCCAA_003,2
CAGACACAGAATTACCCCAA_004,33
CAGACACAGAATTACCCCAA_005,104
CAGACACAGAATTACCCCAA_006,28
CAGACACAGAATTACCCCAA_007,7
CCCATTGTACTAGACGGCCC_001,51
CTGACAGATTGTGAACACGT_001,121
CTGACAGATTGTGAACACGT_002,109
CTGACAGATTGTGAACACGT_003,174
CTGACAGATTGTGAACACGT_004,96
AGCCGTACTAGCAAACTGCT_001,151
AGCCGTACTAGCAAACTGCT_002,27
AGCCGTACTAGCAAACTGCT_003,182
AGCCGTACTAGCAAACTGCT_004,149
AGCCGTACTAGCAAACTGCT_005,78
AGCCGTACTAGCAAACTGCT_006,155
AGCCGTACTAGCAAACTGCT_007,81
AGCCGTACTAGCAAACTGCT_008,184
AGCCGTACTAGCAAACTGCT_009,173
AGCCGTACTAGCAAACTGCT_010,173
AGCCGTACTAGCAAACTGCT_011,172
AGCCGTACTAGCAAACTGCT_012,138
AGCCGTACTAGCAAACTGCT_013,60
AGCCGTACTAGCAAACTGCT_014,68
AGCCGTACTAGCAAACTGCT_015,21
AGCCGTACTAGCAAACTGCT_016,32
AGCCGTACTAGCAAACTGCT_017,150
AGCCGTACTAGCAAACTGCT_018,58
AGCCGTACTAGCAAACTGCT_019,185
AGCCGTACTAGCAAACTGCT_020,62
AGCCGTACTAGCAAACTGCT_021,28
AGCCGTACTAGCAAACTGCT_022,106
AGCCGTACTAGCAAACTGCT_023,39
AGCCGTACTAGCAAACTGCT_024,10
AGCCGTACTAGCAAACTGCT_025,34
AGCCGTACTAGCAAACTGCT_026,105
AGCCGTACTAGCAAACTGCT_027,147
AGCCGTACTAGCAAACTGCT_028,158
CCATTACTACCTGCACGTCA_001,101
CCATTACTACCTGCACGTCA_002,23
CCATTACTACCTGCACGTCA_003,62
CCATTACTACCTGCACGTCA_004,63
CCTCCTTTGCAGAGGTGGTG_001,134
CCTCCTTTGCAGAGGTGGTG_002,26
TGGAGATTAGAATAATCACT_001,62
TGGAGATTAGAATAATCACT_002,41
CAACTACATCGAGCCCTGGG_001,68
CAACTACATCGAGCCCTGGG_002,17
CAACTACATCGAGCCCTGGG_003,88
CAACTACATCGAGCCCTGGG_004,8
CAACTACATCGAGCCCTGGG_005,79
GAGTGGAAGATCATTTATGT_001,63
GAGTGGAAGATCATTTATGT_002,198
GACCGTGAGCACGTAGGCAT_001,127
GACCGTGAGCACGTAGGCAT_002,77
GACCGTGAGCACGTAGGCAT_003,77
GACCGTGAGCACGTAGGCAT_004,5
GACCGTGAGCACGTAGGCAT_005,19
GACCGTGAGCACGTAGGCAT_006,34
GACCGTGAGCACGTAGGCAT_007,117
GACCGTGAGCACGTAGGCAT_008,96
GACCGTGAGCACGTAGGCAT_009,185
GACCGTGAGCACGTAGGCAT_010,164
GACCGTGAGCACGTAGGCAT_011,0
GACCGTGAGCACGTAGGCAT_012,77
GACCGTGAGCACGTAGGCAT_013,50
GACCGTGAGCACGTAGGCAT_014,46
GACCGTGAGCACGTAGGCAT_015,56
GACCGTGAGCACGTAGGCAT_016,151
CACCAGGTTATGGATGACGT_001,43
CACCAGGTTATGGATGACGT_002,61
CACCAGGTTATGGATGACGT_003,44
CACCAGGTTATGGATGACGT_004,25
CACCAGGTTATGGATGACGT_005,156
CACCAGGTTATGGATGACGT_006,58
CACCAGGTTATGGATGACGT_007,148
CACCAGGTTATGGATGACGT_008,141
CACCAGGTTATGGATGACGT_009,148
CACCAGGTTATGGATGACGT_010,59
CTCGGGTACTGGGATATTCG_001,65
TTCACCAATTCCGTACACCA_001,114
TTCACCAATTCCGTACACCA_002,114
TTCACCAATTCCGTACACCA_003,27
TTCACCAATTCCGTACACCA_004,63
AGTACTTCGACAGCTACCAG_001,194
AGTACTTCGACAGCTACCAG_002,32
AGTACTTCGACAGCTACCAG_003,0
AGTACTTCGACAGCTACCAG_004,70
AGTACTTCGACAGCTACCAG_005,62
AGTACTTCGACAGCTACCAG_006,69
AGTACTTCGACAGCTACCAG_007,150
AGTACTTCGACAGCTACCAG_008,137
AGTACTTCGACAGCTACCAG_009,67
AGTACTTCGACAGCTACCAG_010,79
AGTACTTCGACAGCTACCAG_011,163
AGTACTTCGACAGCTACCAG_012,0
GGTGGTGTGGCCAATCCCAG_001,191
GGTGGTGTGGCCAATCCCAG_002,175
GGTGGTGTGGCCAATCCCAG_003,149
GGTGGTGTGGCCAATCCCAG_004,130
GGTGGTGTGGCCAATCCCAG_005,147
GGTGGTGTGGCCAATCCCAG_006,170
GGTGGTGTGGCCAATCCCAG_007,193
GGTGGTGTGGCCAATCCCAG_008,193
GGTGGTGTGGCCAATCCCAG_009,8
GGTGGTGTGGCCAATCCCAG_010,147
GGTGGTGTGGCCAATCCCAG_011,102
GGTGGTGTGGCCAATCCCAG_012,60
GGTGGTGTGGCCAATCCCAG_013,68
GGTGGTGTGGCCAATCCCAG_014,9
GGTGGTGTGGCCAATCCCAG_015,61
GGTGGTGTGGCCAATCCCAG_016,149
ACAAACTTACCGTTTCACAT_001,115
ACAAACTTACCGTTTCACAT_002,198
GTATTTGGGGAGAATGACTG_001,13
GTATTTGGGGAGAATGACTG_002,118
GTATTTGGGGAGAATGACTG_003,70
GTATTTGGGGAGAATGACTG_004,60
TGGTGCTCGTACACGTCCTG_001,92
TGGTGCTCGTACACGTCCTG_002,152
TGGTGCTCGTACACGTCCTG_003,40
AGCATCAACAAGCGGTACAC_001,75
AGCATCAACAAGCGGTACAC_002,91
AGCATCAACAAGCGGTACAC_003,31
AGCATCAACAAGCGGTACAC_004,187
AGCATCAACAAGCGGTACAC_005,194
AGCATCAACAAGCGGTACAC_006,0
AGCATCAACAAGCGGTACAC_007,101
AGCATCAACAAGCGGTACAC_008,62
AGCATCAACAAGCGGTACAC_009,43
AGCATCAACAAGCGGTACAC_010,50
AGCATCAACAAGCGGTACAC_011,46
AGCATCAACAAGCGGTACAC_012,146
AGCATCAACAAGCGGTACAC_013,22
AGCATCAACAAGCGGTACAC_014,2
AGCATCAACAAGCGGTACAC_015,104
AGCATCAACAAGCGGTACAC_016,115
AGCATCAACAAGCGGTACAC_017,3
AGCATCAACAAGCGGTACAC_018,63
AGCATCAACAAGCGGTACAC_019,33
GGGCAGCCGCAAGCCAAGAG_001,8
GGGCAGCCGCAAGCCAAGAG_002,109
GGGCAGCCGCAAGCCAAGAG_003,42
GGGCAGCCGCAAGCCAAGAG_004,152
GGGCAGCCGCAAGCCAAGAG_005,7
GGGCAGCCGCAAGCCAAGAG_006,199
GGGCAGCCGCAAGCCAAGAG_007,124
GGGCAGCCGCAAGCCAAGAG_008,25
TTTCTTCCGAGGAGGCTGAG_001,138
TTTCTTCCGAGGAGGCTGAG_002,34
TTTCTTCCGAGGAGGCTGAG_003,8
TTTCTTCCGAGGAGGCTGAG_004,27
TTTCTTCCGAGGAGGCTGAG_005,177
TTTCTTCCGAGGAGGCTGAG_006,58
TTTCTTCCGAGGAGGCTGAG_007,63
TTTCTTCCGAGGAGGCTGAG_008,144
TTTCTTCCGAGGAGGCTGAG_009,116
TTTCTTCCGAGGAGGCTGAG_010,156
TTTCTTCCGAGGAGGCTGAG_011,156
TTTCTTCCGAGGAGGCTGAG_012,181
TTTCTTCCGAGGAGGCTGAG_013,198
TTTCTTCCGAGGAGGCTGAG_014,82
TTTCTTCCGAGGAGGCTGAG_015,76
TTTCTTCCGAGGAGGCTGAG_016,113
TTTCTTCCGAGGAGGCTGAG_017,170
TTTCTTCCGAGGAGGCTGAG_018,15
TTTCTTCCGAGGAGGCTGAG_019,196
TTTCTTCCGAGGAGGCTGAG_020,134
TTTCTTCCGAGGAGGCTGAG_021,156
TTTCTTCCGAGGAGGCTGAG_022,127
TTTCTTCCGAGGAGGCTGAG_023,15
TTTCTTCCGAGGAGGCTGAG_024,2
TTTCTTCCGAGGAGGCTGAG_025,127
TTTCTTCCGAGGAGGCTGAG_026,34
TTTCTTCCGAGGAGGCTGAG_027,188
TTTCTTCCGAGGAGGCTGAG_028,45
TTTCTTCCGAGGAGGCTGAG_029,103
TTTCTTCCGAGGAGGCTGAG_030,127
TTTCTTCCGAGGAGGCTGAG_031,82
TTTCTTCCGAGGAGGCTGAG_032,15
TTTCTTCCGAGGAGGCTGAG_033,197
TTTCTTCCGAGGAGGCTGAG_034,8
AGCTCATCCCTTGTCATTGG_001,116
AGCTCATCCCTTGTCATTGG_002,51
AGCTCATCCCTTGTCATTGG_003,137
AGCTCATCCCTTGTCATTGG_004,29
AGCTCATCCCTTGTCATTGG_005,160
CAAGCCGGCTGGCAGCACGA_001,157
CAAGCCGGCTGGCAGCACGA_002,31
CAAGCCGGCTGGCAGCACGA_003,94
CAAGCCGGCTGGCAGCACGA_004,32
CAAGCCGGCTGGCAGCACGA_005,188
CAAGCCGGCTGGCAGCACGA_006,94
CAAGCCGGCTGGCAGCACGA_007,70
CAAGCCGGCTGGCAGCACGA_008,106
CAAGCCGGCTGGCAGCACGA_009,188
CAAGCCGGCTGGCAGCACGA_010,78
CAAGCCGGCTGGCAGCACGA_011,168
CAAGCCGGCTGGCAGCACGA_012,176
CAAGCCGGCTGGCAGCACGA_013,160
CAAGCCGGCTGGCAGCACGA_014,136
CAAGCCGGCTGGCAGCACGA_015,182
CAAGCCGGCTGGCAGCACGA_016,39
CAAGCCGGCTGGCAGCACGA_017,80
CAAGCCGGCTGGCAGCACGA_018,198
CAAGCCGGCTGGCAGCACGA_019,166
CAAGCCGGCTGGCAGCACGA_020,193
CAAGCCGGCTGGCAGCACGA_021,20
CAAGCCGGCTGGCAGCACGA_022,61
CAAGCCGGCTGGCAGCACGA_023,124
CAAGCCGGCTGGCAGCACGA_024,78
CAAGCCGGCTGGCAGCACGA_025,63
CAAGCCGGCTGGCAGCACGA_026,172
CAAGCCGGCTGGCAGCACGA_027,15
CAAGCCGGCTGGCAGCACGA_028,41
CAAGCCGGCTGGCAGCACGA_029,168
CAAGCCGGCTGGCAGCACGA_030,52
CAAGCCGGCTGGCAGCACGA_031,106
CAAGCCGGCTGGCAGCACGA_032,165
GTGTGGTGATCACGTAGTCG_001,86
GTGTGGTGATCACGTAGTCG_002,108
GTGTGGTGATCACGTAGTCG_003,128
GTGTGGTGATCACGTAGTCG_004,155
GTGTGGTGATCACGTAGTCG_005,41
GTGTGGTGATCACGTAGTCG_006,0
TTACATATTATAGCAATCGT_001,173
TTACATATTATAGCAATCGT_002,78
CAGGAACAGCTGATGCCCGG_001,189
CAGGAACAGCTGATGCCCGG_002,159
CAGGAACAGCTGATGCCCGG_003,117
CAGGAACAGCTGATGCCCGG_004,11
CAGGAACAGCTGATGCCCGG_005,94
CAGGAACAGCTGATGCCCGG_006,20
CAGGAACAGCTGATGCCCGG_007,10
CAGGAACAGCTGATGCCCGG_008,102
CAGGAACAGCTGATGCCCGG_009,52
TGGAGTCTGAAAGCCCACTA_001,159
TGGAGTCTGAAAGCCCACTA_002,194
TGGAGTCTGAAAGCCCACTA_003,159
TGGAGTCTGAAAGCCCACTA_004,10
TGGAGTCTGAAAGCCCACTA_005,96
TGGAGTCTGAAAGCCCACTA_006,40
TGGAGTCTGAAAGCCCACTA_007,128
TGGAGTCTGAAAGCCCACTA_008,153
TGGAGTCTGAAAGCCCACTA_009,144
TGGAGTCTGAAAGCCCACTA_010,67
TGGAGTCTGAAAGCCCACTA_011,48
CCAGGCGCTCTGCATAGAAG_001,152
CCAGGCGCTCTGCATAGAAG_002,118
CCAGGCGCTCTGCATAGAAG_003,79
GCATGACATGCCCAGCCACG_001,75
GCATGACATGCCCAGCCACG_002,33
GCATGACATGCCCAGCCACG_003,50
TAAAATCAAAGAACTTCGAG_001,96
TAAAATCAAAGAACTTCGAG_002,10
CCAGTCCAGCACAGTCCCAG_001,0
CCAGTCCAGCACAGTCCCAG_002,134
CCAGTCCAGCACAGTCCCAG_003,19
CCAGTCCAGCACAGTCCCAG_004,3
CCAGTCCAGCACAGTCCCAG_005,194
CCAGTCCAGCACAGTCCCAG_006,154
CCAGTCCAGCACAGTCCCAG_007,135
CCAGTCCAGCACAGTCCCAG_008,17
CCAGTCCAGCACAGTCCCAG_009,22
CCAGTCCAGCACAGTCCCAG_010,28
CCAGTCCAGCACAGTCCCAG_011,153
GATAAAGCAAAAATCAACCA_001,90
GATAAAGCAAAAATCAACCA_002,134
GATAAAGCAAAAATCAACCA_003,42
GATAAAGCAAAAATCAACCA_004,116
GATAAAGCAAAAATCAACCA_005,105
GATAAAGCAAAAATCAACCA_006,176
GATAAAGCAAAAATCAACCA_007,125
GATAAAGCAAAAATCAACCA_008,86
GATAAAGCAAAAATCAACCA_009,52
GATAAAGCAAAAATCAACCA_010,118
GATAAAGCAAAAATCAACCA_011,197
GATAAAGCAAAAATCAACCA_012,127
GATAAAGCAAAAATCAACCA_013,68
GATAAAGCAAAAATCAACCA_014,160
CTTACACTGAGCGCGCATGG_001,181
CTTACACTGAGCGCGCATGG_002,53
CTTACACTGAGCGCGCATGG_003,196
CTTACACTGAGCGCGCATGG_004,80
CTTACACTGAGCGCGCATGG_005,149
CTTACACTGAGCGCGCATGG_006,105
CTTACACTGAGCGCGCATGG_007,3
CTTACACTGAGCGCGCATGG_008,162
CTTACACTGAGCGCGCATGG_009,14
CTTACACTGAGCGCGCATGG_010,61
GGCCATCCTCCAGGTCACTG_001,174
GGCCATCCTCCAGGTCACTG_002,83
GGCCATCCTCCAGGTCACTG_003,15
GGCCATCCTCCAGGTCACTG_004,13
GGCCATCCTCCAGGTCACTG_005,68
GGCCATCCTCCAGGTCACTG_006,169
GGCCATCCTCCAGGTCACTG_007,65
GGCCATCCTCCAGGTCACTG_008,161
GGCCATCCTCCAGGTCACTG_009,29
GGCCATCCTCCAGGTCACTG_010,14
GGCCATCCTCCAGGTCACTG_011,96
GTCTGCAAATCAACCCACCA_001,63
GTCTGCAAATCAACCCACCA_002,127
GTCTGCAAATCAACCCACCA_003,8
GTCTGCAAATCAACCCACCA_004,68
GTCTGCAAATCAACCCACCA_005,115
GTCTGCAAATCAACCCACCA_006,110
GTCTGCAAATCAACCCACCA_007,188
GTCTGCAAATCAACCCACCA_008,28
GTCTGCAAATCAACCCACCA_009,104
GTCTGCAAATCAACCCACCA_010,116
GTCTGCAAATCAACCCACCA_011,40
GTCTGCAAATCAACCCACCA_012,23
GTCTGCAAATCAACCCACCA_013,103
GTCTGCAAATCAACCCACCA_014,175
GTCTGCAAATCAACCCACCA_015,166
GTCTGCAAATCAACCCACCA_016,54
GTCTGCAAATCAACCCACCA_017,144
TCAGCGCACGATCACTGTCG_001,199
CCTAGAGTTACTGGTCTCAG_001,50
CCTAGAGTTACTGGTCTCAG_002,84
TGCAGAACCTCCTCTCAGGG_001,65
TGCAGAACCTCCTCTCAGGG_002,58
TGCAGAACCTCCTCTCAGGG_003,77
TGCAGAACCTCCTCTCAGGG_004,198
TGCAGAACCTCCTCTCAGGG_005,107
TGCAGAACCTCCTCTCAGGG_006,132
TGCAGAACCTCCTCTCAGGG_007,33
AGCTGGTGTCCACGCCCCAG_001,98
AGCTGGTGTCCACGCCCCAG_002,137
AGCTGGTGTCCACGCCCCAG_003,108
AGCTGGTGTCCACGCCCCAG_004,28
AGCTGGTGTCCACGCCCCAG_005,52
AGCTGGTGTCCACGCCCCAG_006,28
GCTCGTCATCAGCATCTCGT_001,40
GCTCGTCATCAGCATCTCGT_002,88
GCTCGTCATCAGCATCTCGT_003,147
GGTGAGTGGACGCAATGAGG_001,80
GGTGAGTGGACGCAATGAGG_002,148
GGTGAGTGGACGCAATGAGG_003,173
GGTGAGTGGACGCAATGAGG_004,150
CTCACGTTGAACCTCCTGCG_001,9
CTCACGTTGAACCTCCTGCG_002,7
CTCACGTTGAACCTCCTGCG_003,83
CTCACGTTGAACCTCCTGCG_004,187
CTCACGTTGAACCTCCTGCG_005,61
CTCACGTTGAACCTCCTGCG_006,60
CTCACGTTGAACCTCCTGCG_007,16
CTCACGTTGAACCTCCTGCG_008,134
CTCACGTTGAACCTCCTGCG_009,13
CTCACGTTGAACCTCCTGCG_010,74
CTCACGTTGAACCTCCTGCG_011,178
CTCACGTTGAACCTCCTGCG_012,198
CTGGGCCGGCTGGTCCCTCG_001,183
CTGGGCCGGCTGGTCCCTCG_002,113
CTGGGCCGGCTGGTCCCTCG_003,198
CTGGGCCGGCTGGTCCCTCG_004,8
CTGGGCCGGCTGGTCCCTCG_005,82
CTGGGCCGGCTGGTCCCTCG_006,36
CTGGGCCGGCTGGTCCCTCG_007,149
CTGGGCCGGCTGGTCCCTCG_008,49
CTGGGCCGGCTGGTCCCTCG_009,134
CTGGGCCGGCTGGTCCCTCG_010,162
CTGGGCCGGCTGGTCCCTCG_011,50
CTGGGCCGGCTGGTCCCTCG_012,181
CTGGGCCGGCTGGTCCCTCG_013,127
CTGGGCCGGCTGGTCCCTCG_014,106
GAGTGGGGCCAAAGGCTGCG_001,79
GAGTGGGGCCAAAGGCTGCG_002,36
GAGTGGGGCCAAAGGCTGCG_003,94
GAGTGGGGCCAAAGGCTGCG_004,80
GAGTGGGGCCAAAGGCTGCG_005,127
GTTCAAGAATCTTTATGGTG_001,32
GTTCAAGAATCTTTATGGTG_002,22
GATGGCAAACCATTTCAATC_001,12
GATGGCAAACCATTTCAATC_002,50
GATGGCAAACCATTTCAATC_003,58
GATGGCAAACCATTTCAATC_004,198
GATGGCAAACCATTTCAATC_005,90
GATGGCAAACCATTTCAATC_006,14
GATGGCAAACCATTTCAATC_007,17
GATGGCAAACCATTTCAATC_008,158
GATGGCAAACCATTTCAATC_009,106
GATGGCAAACCATTTCAATC_010,146
GATGGCAAACCATTTCAATC_011,2
GATGGCAAACCATTTCAATC_012,141
GATGGCAAACCATTTCAATC_013,50
TACGATGTGCCTAATCCAGT_001,127
TACGATGTGCCTAATCCAGT_002,42
TACGATGTGCCTAATCCAGT_003,51
TACGATGTGCCTAATCCAGT_004,51
TACGATGTGCCTAATCCAGT_005,87
TACGATGTGCCTAATCCAGT_006,154
TACGATGTGCCTAATCCAGT_007,115
TACGATGTGCCTAATCCAGT_008,60
TACGATGTGCCTAATCCAGT_009,116
TTGACCAGATCCATGACTGT_001,190
TTGACCAGATCCATGACTGT_002,161
TTGACCAGATCCATGACTGT_003,185
TTGACCAGATCCATGACTGT_004,106
TTGACCAGATCCATGACTGT_005,14
TTGACCAGATCCATGACTGT_006,103
TTGACCAGATCCATGACTGT_007,63
TTGACCAGATCCATGACTGT_008,79
TTGACCAGATCCATGACTGT_009,166
GTGTTGTGCAGCGTGCAACG_001,150
GTGTTGTGCAGCGTGCAACG_002,185
GTGTTGTGCAGCGTGCAACG_003,26
GTGTTGTGCAGCGTGCAACG_004,48
GTGTTGTGCAGCGTGCAACG_005,95
GTGTTGTGCAGCGTGCAACG_006,49
GTGTTGTGCAGCGTGCAACG_007,123
ATCTGTATCACAGCTTTGCG_001,121
ATCTGTATCACAGCTTTGCG_002,162
ATCTGTATCACAGCTTTGCG_003,19
CCTCCCCGTCCTACACACCC_001,34
CCTCCCCGTCCTACACACCC_002,184
GTAGCTTGAACTTACAAGGA_001,19
GTAGCTTGAACTTACAAGGA_002,21
GTAGCTTGAACTTACAAGGA_003,105
GTAGCTTGAACTTACAAGGA_004,179
GTAGCTTGAACTTACAAGGA_005,147
GTAGCTTGAACTTACAAGGA_006,137
GAGCACCACGAAGCGCCGCG_001,159
GAGCACCACGAAGCGCCGCG_002,5
GAGCACCACGAAGCGCCGCG_003,65
GAGCACCACGAAGCGCCGCG_004,31
GAGCACCACGAAGCGCCGCG_005,149
GAGCACCACGAAGCGCCGCG_006,94
GAGCACCACGAAGCGCCGCG_007,185
GAGCACCACGAAGCGCCGCG_008,130
GAGCACCACGAAGCGCCGCG_009,83
GAGCACCACGAAGCGCCGCG_010,178
GAGCACCACGAAGCGCCGCG_011,161
GAGCACCACGAAGCGCCGCG_012,77
GAGCACCACGAAGCGCCGCG_013,25
GAGCACCACGAAGCGCCGCG_014,138
GAGCACCACGAAGCGCCGCG_015,40
GAGCACCACGAAGCGCCGCG_016,98
GAGCTGGGTGAAACACGACG_001,150
GAGCTGGGTGAAACACGACG_002,127
GAGCTGGGTGAAACACGACG_003,139
GAGCTGGGTGAAACACGACG_004,18
GAGCTGGGTGAAACACGACG_005,199
GAGCTGGGTGAAACACGACG_006,28
GCTATGGCCCCCCATCCAGG_001,199
GCTATGGCCCCCCATCCAGG_002,0
GCTATGGCCCCCCATCCAGG_003,5
GCTATGGCCCCCCATCCAGG_004,93
GCTATGGCCCCCCATCCAGG_005,56
GCTATGGCCCCCCATCCAGG_006,57
GCTATGGCCCCCCATCCAGG_007,168
GCTATGGCCCCCCATCCAGG_008,78
GCTATGGCCCCCCATCCAGG_009,58
GCTATGGCCCCCCATCCAGG_010,174
GCTATGGCCCCCCATCCAGG_011,121
GCTATGGCCCCCCATCCAGG_012,0
GCTATGGCCCCCCATCCAGG_013,98
GCTATGGCCCCCCATCCAGG_014,162
GCTATGGCCCCCCATCCAGG_015,177
CCTGGGCAGTCCCAGGGCAG_001,12
CCTGGGCAGTCCCAGGGCAG_002,147
CCTGGGCAGTCCCAGGGCAG_003,2
CCTGGGCAGTCCCAGGGCAG_004,167
CCTGGGCAGTCCCAGGGCAG_005,171
CCTGGGCAGTCCCAGGGCAG_006,135
CCTGGGCAGTCCCAGGGCAG_007,147
CCTGGGCAGTCCCAGGGCAG_008,70
CCTGGGCAGTCCCAGGGCAG_009,0
CCTGGGCAGTCCCAGGGCAG_010,198
CCTGGGCAGTCCCAGGGCAG_011,4
CCTGGGCAGTCCCAGGGCAG_012,158
CCTGGGCAGTCCCAGGGCAG_013,103
CCTGGGCAGTCCCAGGGCAG_014,8
CCTGGGCAGTCCCAGGGCAG_015,138
CCTGGGCAGTCCCAGGGCAG_016,190
CCTGGGCAGTCCCAGGGCAG_017,145
CCTGGGCAGTCCCAGGGCAG_018,2
CCTGGGCAGTCCCAGGGCAG_019,77
CCTGGGCAGTCCCAGGGCAG_020,88
CCTGGGCAGTCCCAGGGCAG_021,166
CCTGGGCAGTCCCAGGGCAG_022,33
CCTGGGCAGTCCCAGGGCAG_023,150
CCTGGGCAGTCCCAGGGCAG_024,69
CCTGGGCAGTCCCAGGGCAG_025,2
CCTGGGCAGTCCCAGGGCAG_026,104
CCTGGGCAGTCCCAGGGCAG_027,103
CCTGGGCAGTCCCAGGGCAG_028,28
CCTGGGCAGTCCCAGGGCAG_029,151
CCTGGGCAGTCCCAGGGCAG_030,124
CCTGGGCAGTCCCAGGGCAG_031,27
CCTGGGCAGTCCCAGGGCAG_032,92
TAGTCCCAGCATAAGAAACC_001,54
TAGTCCCAGCATAAGAAACC_002,70
TAGTCCCAGCATAAGAAACC_003,181
TAGTCCCAGCATAAGAAACC_004,188
TAGTCCCAGCATAAGAAACC_005,142
CAAACCTAAGTTGTACTGGT_001,134
CAAACCTAAGTTGTACTGGT_002,134
CAAACCTAAGTTGTACTGGT_003,53
CAAACCTAAGTTGTACTGGT_004,43
CAAACCTAAGTTGTACTGGT_005,150
CAAACCTAAGTTGTACTGGT_006,17
CAAACCTAAGTTGTACTGGT_007,17
CAAACCTAAGTTGTACTGGT_008,8
CAAACCTAAGTTGTACTGGT_009,177
CAAACCTAAGTTGTACTGGT_010,4
CAAACCTAAGTTGTACTGGT_011,114
CAAACCTAAGTTGTACTGGT_012,114
CAAACCTAAGTTGTACTGGT_013,62
CAGTTAACATCACTATGGCA_001,68
CATCTCCTCTCGCATCTATG_001,161
ACATCGATACAAGCTCAGAA_001,76
ACATCGATACAAGCTCAGAA_002,49
ACATCGATACAAGCTCAGAA_003,40
ACATCGATACAAGCTCAGAA_004,127
ACATCGATACAAGCTCAGAA_005,188
ACATCGATACAAGCTCAGAA_006,1
GAAGCCGTGCAACTGAAATG_001,25
GAAGCCGTGCAACTGAAATG_002,48
GAAGCCGTGCAACTGAAATG_003,134
GAAGCCGTGCAACTGAAATG_004,31
GAAGCCGTGCAACTGAAATG_005,150
GAAGCCGTGCAACTGAAATG_006,94
GAAGCCGTGCAACTGAAATG_007,160
GAAGCCGTGCAACTGAAATG_008,61
GAAGCCGTGCAACTGAAATG_009,181
GAAGCCGTGCAACTGAAATG_010,162
GAAGCCGTGCAACTGAAATG_011,180
GAAGCCGTGCAACTGAAATG_012,144
GAAGCCGTGCAACTGAAATG_013,69
AAGAGCATTATAAGAGCCGA_001,115
AAGAGCATTATAAGAGCCGA_002,29
AAGAGCATTATAAGAGCCGA_003,73
AAGAGCATTATAAGAGCCGA_004,88
AAGAGCATTATAAGAGCCGA_005,150
AAGAGCATTATAAGAGCCGA_006,143
AAGAGCATTATAAGAGCCGA_007,143
ACAGAAGGATTAAACGGAGG_001,193
ACAGAAGGATTAAACGGAGG_002,48
ACAGAAGGATTAAACGGAGG_003,7
ACAGAAGGATTAAACGGAGG_004,121
ACAGAAGGATTAAACGGAGG_005,184
ACAGAAGGATTAAACGGAGG_006,47
ACAGAAGGATTAAACGGAGG_007,70
CAACACACGCTACCATAAAG_001,180
CAACACACGCTACCATAAAG_002,37
CAACACACGCTACCATAAAG_003,5
GACTCCATCTGTAGTCGCCG_001,48
GACTCCATCTGTAGTCGCCG_002,14
GACTCCATCTGTAGTCGCCG_003,157
GACTCCATCTGTAGTCGCCG_004,19
GACTCCATCTGTAGTCGCCG_005,123
GACTCCATCTGTAGTCGCCG_006,86
GACTCCATCTGTAGTCGCCG_007,30
GCACGACCCCCTGAGTCAGG_001,70
GCACGACCCCCTGAGTCAGG_002,139
GCACGACCCCCTGAGTCAGG_003,122
GCACGACCCCCTGAGTCAGG_004,129
GCACGACCCCCTGAGTCAGG_005,60
GCACGACCCCCTGAGTCAGG_006,21
GCACGACCCCCTGAGTCAGG_007,8
GCACGACCCCCTGAGTCAGG_008,130
GCACGACCCCCTGAGTCAGG_009,113
GCACGACCCCCTGAGTCAGG_010,57
GCACGACCCCCTGAGTCAGG_011,39
GCACGACCCCCTGAGTCAGG_012,42
GCACGACCCCCTGAGTCAGG_013,146
GCACGACCCCCTGAGTCAGG_014,88
GCTGGCGTCAAAGTGAAGGA_001,26
GCTGGCGTCAAAGTGAAGGA_002,157
GCTGGCGTCAAAGTGAAGGA_003,115
CCAGCCGATACGGACCACGT_001,17
CCAGCCGATACGGACCACGT_002,50
CCAGCCGATACGGACCACGT_003,87
CCAGCCGATACGGACCACGT_004,154
CCAGCCGATACGGACCACGT_005,17
CCAGCCGATACGGACCACGT_006,110
CCAGCCGATACGGACCACGT_007,130
CCAGCCGATACGGACCACGT_008,72
CCAGCCGATACGGACCACGT_009,175
CCAGCCGATACGGACCACGT_010,81
CCAGCCGATACGGACCACGT_011,150
CCAGCCGATACGGACCACGT_012,34
CCAGCCGATACGGACCACGT_013,38
CCAGCCGATACGGACCACGT_014,10
AAAGCAAGATATCCTCATCT_001,199
CAGCGGCGCTCGTCGCAAGG_001,42
CAGCGGCGCTCGTCGCAAGG_002,190
CAGCGGCGCTCGTCGCAAGG_003,115
CAGCGGCGCTCGTCGCAAGG_004,48
TGCAAGCCGAATCTGGACTG_001,26
TGCAAGCCGAATCTGGACTG_002,48
TGCAAGCCGAATCTGGACTG_003,146
TGCAAGCCGAATCTGGACTG_004,82
TGCAAGCCGAATCTGGACTG_005,198
TGCAAGCCGAATCTGGACTG_006,11
TGCAAGCCGAATCTGGACTG_007,72
TGCAAGCCGAATCTGGACTG_008,107
TGCAAGCCGAATCTGGACTG_009,107
TGCAAGCCGAATCTGGACTG_010,85
TGCAAGCCGAATCTGGACTG_011,130
TGCAAGCCGAATCTGGACTG_012,113
TGCAAGCCGAATCTGGACTG_013,4
TGCAAGCCGAATCTGGACTG_014,58
TGCAAGCCGAATCTGGACTG_015,50
TGCAAGCCGAATCTGGACTG_016,143
TGCAAGCCGAATCTGGACTG_017,140
TGCAAGCCGAATCTGGACTG_018,145
TGCAAGCCGAATCTGGACTG_019,155
TGCAAGCCGAATCTGGACTG_020,183
TGCAAGCCGAATCTGGACTG_021,199
TGCAAGCCGAATCTGGACTG_022,88
TGCAAGCCGAATCTGGACTG_023,166
TGCAAGCCGAATCTGGACTG_024,19
TGCAAGCCGAATCTGGACTG_025,19
TGCAAGCCGAATCTGGACTG_026,102
TGCAAGCCGAATCTGGACTG_027,68
TGCAAGCCGAATCTGGACTG_028,127
TGGCGGATCCCAATCACTGG_001,118
TGGCGGATCCCAATCACTGG_002,114
TGGCGGATCCCAATCACTGG_003,101
TGGCGGATCCCAATCACTGG_004,61
TGTAGTCCCATACACAAAAG_001,104
TGTAGTCCCATACACAAAAG_002,24
TGTAGTCCCATACACAAAAG_003,130
TGTAGTCCCATACACAAAAG_004,188
TGTAGTCCCATACACAAAAG_005,47
TGTAGTCCCATACACAAAAG_006,40
TGTAGTCCCATACACAAAAG_007,75
TGTAGTCCCATACACAAAAG_008,144
TGTAGTCCCATACACAAAAG_009,35
TGTAGTCCCATACACAAAAG_010,183
TTCATTGACATAGCCAGGAG_001,2
TTCATTGACATAGCCAGGAG_002,107
TTCATTGACATAGCCAGGAG_003,130
TTCATTGACATAGCCAGGAG_004,58
TTCATTGACATAGCCAGGAG_005,50
TTCATTGACATAGCCAGGAG_006,0
TTCATTGACATAGCCAGGAG_007,153
TTCATTGACATAGCCAGGAG_008,184
TTCATTGACATAGCCAGGAG_009,63
TTCATTGACATAGCCAGGAG_010,4
TTCATTGACATAGCCAGGAG_011,48
TTCATTGACATAGCCAGGAG_012,70
TTCATTGACATAGCCAGGAG_013,119
TTCATTGACATAGCCAGGAG_014,70
TTCATTGACATAGCCAGGAG_015,198
GTAAACTTTGTCTGGAGTAT_001,19
GTAAACTTTGTCTGGAGTAT_002,48
GTAAACTTTGTCTGGAGTAT_003,82
GTAAACTTTGTCTGGAGTAT_004,102
GTAAACTTTGTCTGGAGTAT_005,182
GTAAACTTTGTCTGGAGTAT_006,193
GTAAACTTTGTCTGGAGTAT_007,193
GTAAACTTTGTCTGGAGTAT_008,106
GTAAACTTTGTCTGGAGTAT_009,116
CAGGGAATCACAGAAAACCT_001,60
CAGGGAATCACAGAAAACCT_002,11
CAGGGAATCACAGAAAACCT_003,15
CAGGGAATCACAGAAAACCT_004,15
CAGGGAATCACAGAAAACCT_005,56
CAGGGAATCACAGAAAACCT_006,63
AGAAATGGGAAATCGCATTG_001,36
AGAAATGGGAAATCGCATTG_002,101
AGAAATGGGAAATCGCATTG_003,33
AGAAATGGGAAATCGCATTG_004,34
AGAAATGGGAAATCGCATTG_005,11
AGAAATGGGAAATCGCATTG_006,78
AGAAATGGGAAATCGCATTG_007,75
AGAAATGGGAAATCGCATTG_008,15
AGAAATGGGAAATCGCATTG_009,179
AGAAATGGGAAATCGCATTG_010,166
AGAAATGGGAAATCGCATTG_011,150
ACAGTAGCCCTATTGCGAGA_001,81
ACAGTAGCCCTATTGCGAGA_002,10
ACAGTAGCCCTATTGCGAGA_003,49
ACAGTAGCCCTATTGCGAGA_004,78
CCTGTCATGGGAATACAGAG_001,69
CCTGTCATGGGAATACAGAG_002,100
CCTGTCATGGGAATACAGAG_003,167
GAGGTTTCTACAGGAACACG_001,169
GAGGTTTCTACAGGAACACG_002,7
GAGGTTTCTACAGGAACACG_003,88
GAGGTTTCTACAGGAACACG_004,162
GAGGTTTCTACAGGAACACG_005,137
GTGAATCTGCCGTAACCTGG_001,102
GTGAATCTGCCGTAACCTGG_002,62
GTGAATCTGCCGTAACCTGG_003,178
GTGAATCTGCCGTAACCTGG_004,15
GTGAATCTGCCGTAACCTGG_005,196
GTGAATCTGCCGTAACCTGG_006,139
GTGAATCTGCCGTAACCTGG_007,50
GTGAATCTGCCGTAACCTGG_008,43
TGGTCTGGCAGCAGCTGGGA_001,15
TGGTCTGGCAGCAGCTGGGA_002,34
TGGTCTGGCAGCAGCTGGGA_003,50
TGGTCTGGCAGCAGCTGGGA_004,160
TGGTCTGGCAGCAGCTGGGA_005,121
TGGTCTGGCAGCAGCTGGGA_006,142
TGGTCTGGCAGCAGCTGGGA_007,87
TGGTCTGGCAGCAGCTGGGA_008,133
TGGTCTGGCAGCAGCTGGGA_009,137
TGGTCTGGCAGCAGCTGGGA_010,151
TGGTCTGGCAGCAGCTGGGA_011,23
TGGTCTGGCAGCAGCTGGGA_012,43
TGGTCTGGCAGCAGCTGGGA_013,87
TGGTCTGGCAGCAGCTGGGA_014,92
AATTCGCAAGTCATACCAGG_001,88
AATTCGCAAGTCATACCAGG_002,169
AATTCGCAAGTCATACCAGG_003,147
ATTCTGCACAATCTGTTTGC_001,115
ATTCTGCACAATCTGTTTGC_002,63
ATTCTGCACAATCTGTTTGC_003,50
GGTGACCCAGGAGATATCTG_001,113
TCCACGCTGAATGTGAACGT_001,153
TCCACGCTGAATGTGAACGT_002,4
TCCACGCTGAATGTGAACGT_003,181
TCCACGCTGAATGTGAACGT_004,122
TCCACGCTGAATGTGAACGT_005,107
TCCACGCTGAATGTGAACGT_006,178
TCCACGCTGAATGTGAACGT_007,2
TCCACGCTGAATGTGAACGT_008,126
TCCACGCTGAATGTGAACGT_009,109
TCCACGCTGAATGTGAACGT_010,12
TCCACGCTGAATGTGAACGT_011,159
TTCTCTAACCACACAACATG_001,55
TTCTCTAACCACACAACATG_002,33
TTCTCTAACCACACAACATG_003,146
TTCTCTAACCACACAACATG_004,177
TTCTCTAACCACACAACATG_005,43
TTCTCTAACCACACAACATG_006,149
CTCACCTACGATGCAGAAGG_001,192
CTCACCTACGATGCAGAAGG_002,190
GCCAGTTCCGATGAGCACAT_001,184
GCCAGTTCCGATGAGCACAT_002,140
GCCAGTTCCGATGAGCACAT_003,191
GCCAGTTCCGATGAGCACAT_004,188
GCCAGTTCCGATGAGCACAT_005,46
GCCAGTTCCGATGAGCACAT_006,103
GCCAGTTCCGATGAGCACAT_007,113
GCCAGTTCCGATGAGCACAT_008,83
GCCAGTTCCGATGAGCACAT_009,92
GCCAGTTCCGATGAGCACAT_010,12
GCCAGTTCCGATGAGCACAT_011,14
GCCAGTTCCGATGAGCACAT_012,32
GCCAGTTCCGATGAGCACAT_013,94
GCCAGTTCCGATGAGCACAT_014,61
GCCAGTTCCGATGAGCACAT_015,4
GGATCCCGAACTAGTCGCAA_001,195
GGATCCCGAACTAGTCGCAA_002,48
GGATCCCGAACTAGTCGCAA_003,137
GGATCCCGAACTAGTCGCAA_004,160
GGATCCCGAACTAGTCGCAA_005,174
GGATCCCGAACTAGTCGCAA_006,199
GGATCCCGAACTAGTCGCAA_007,129
GGATCCCGAACTAGTCGCAA_008,13
GGATCCCGAACTAGTCGCAA_009,157
GGATCCCGAACTAGTCGCAA_010,103
GGATCCCGAACTAGTCGCAA_011,62
GGATCCCGAACTAGTCGCAA_012,21
GGATCCCGAACTAGTCGCAA_013,176
GGATCCCGAACTAGTCGCAA_014,17
GGATCCCGAACTAGTCGCAA_015,197
GGATCCCGAACTAGTCGCAA_016,160
GGATCCCGAACTAGTCGCAA_017,124
GGATCCCGAACTAGTCGCAA_018,19
GGATCCCGAACTAGTCGCAA_019,46
GGATCCCGAACTAGTCGCAA_020,177
GGATCCCGAACTAGTCGCAA_021,3
GGATCCCGAACTAGTCGCAA_022,149
GCCCCGCAGAGCGTCCATCG_001,158
GCCCCGCAGAGCGTCCATCG_002,191
GCCCCGCAGAGCGTCCATCG_003,31
GCCCCGCAGAGCGTCCATCG_004,38
GCCCCGCAGAGCGTCCATCG_005,32
GCCCCGCAGAGCGTCCATCG_006,142
GCCCCGCAGAGCGTCCATCG_007,161
GCCCCGCAGAGCGTCCATCG_008,184
GCCCCGCAGAGCGTCCATCG_009,82
GCCCCGCAGAGCGTCCATCG_010,25
GCCCCGCAGAGCGTCCATCG_011,184
GCCCCGCAGAGCGTCCATCG_012,49
GCCCCGCAGAGCGTCCATCG_013,7
GCCCCGCAGAGCGTCCATCG_014,1
GCCCCGCAGAGCGTCCATCG_015,20
GCCCCGCAGAGCGTCCATCG_016,60
GCCCCGCAGAGCGTCCATCG_017,199
GCCCCGCAGAGCGTCCATCG_018,19
GCCCCGCAGAGCGTCCATCG_019,3
GCCCCGCAGAGCGTCCATCG_020,149
GCCCCGCAGAGCGTCCATCG_021,28
GCCCCGCAGAGCGTCCATCG_022,1
GGTGTAGTTCCACTGGCCGA_001,150
GGTGTAGTTCCACTGGCCGA_002,17
GGTGTAGTTCCACTGGCCGA_003,137
GGTGTAGTTCCACTGGCCGA_004,19
GGTGTAGTTCCACTGGCCGA_005,114
GGTGTAGTTCCACTGGCCGA_006,96
AACCAAGCCTGATGGAACAG_001,111
AACCAAGCCTGATGGAACAG_002,139
AACCAAGCCTGATGGAACAG_003,82
AACCAAGCCTGATGGAACAG_004,102
AACCAAGCCTGATGGAACAG_005,10
GCCAGCGATGCTCTAGACTG_001,58
GCCAGCGATGCTCTAGACTG_002,112
GCCAGCGATGCTCTAGACTG_003,65
GCCAGCGATGCTCTAGACTG_004,184
GCCAGCGATGCTCTAGACTG_005,178
GTCTCCGACCGACATCACCT_001,60
GTCTCCGACCGACATCACCT_002,60
GTCTCCGACCGACATCACCT_003,49
GTCTCCGACCGACATCACCT_004,168
GTCTCCGACCGACATCACCT_005,56
AGTCTTTGGAGCCCAATGTA_001,117
AGTCTTTGGAGCCCAATGTA_002,147
AGTCTTTGGAGCCCAATGTA_003,175
AGTCTTTGGAGCCCAATGTA_004,184
AGTCTTTGGAGCCCAATGTA_005,16
AGTCTTTGGAGCCCAATGTA_006,166
AGTCTTTGGAGCCCAATGTA_007,68
CAAACTGGTTGGTGGAACGC_001,139
CAAACTGGTTGGTGGAACGC_002,181
CAAACTGGTTGGTGGAACGC_003,186
CAAACTGGTTGGTGGAACGC_004,113
CAAACTGGTTGGTGGAACGC_005,65
CAAACTGGTTGGTGGAACGC_006,120
CAAACTGGTTGGTGGAACGC_007,58
CAAACTGGTTGGTGGAACGC_008,174
CAAACTGGTTGGTGGAACGC_009,88
CAAACTGGTTGGTGGAACGC_010,65
CAAACTGGTTGGTGGAACGC_011,145
CAAACTGGTTGGTGGAACGC_012,178
CAAACTGGTTGGTGGAACGC_013,158
CAAACTGGTTGGTGGAACGC_014,15
CAAACTGGTTGGTGGAACGC_015,79
CAAACTGGTTGGTGGAACGC_016,97
CAAACTGGTTGGTGGAACGC_017,97
CAAACTGGTTGGTGGAACGC_018,8
TACGGAGCGCTGCATACACG_001,189
TACGGAGCGCTGCATACACG_002,184
TACGGAGCGCTGCATACACG_003,78
TACGGAGCGCTGCATACACG_004,54
TACGGAGCGCTGCATACACG_005,76
TACGGAGCGCTGCATACACG_006,0
TACGGAGCGCTGCATACACG_007,147
TACGGAGCGCTGCATACACG_008,116
TACGGAGCGCTGCATACACG_009,94
TACGGAGCGCTGCATACACG_010,149
TACGGAGCGCTGCATACACG_011,191
TACGGAGCGCTGCATACACG_012,48
TACGGAGCGCTGCATACACG_013,129
TGAACAGCAATACAACAACC_001,183
TGAACAGCAATACAACAACC_002,103
TGAACAGCAATACAACAACC_003,152
CAATGCCCCCGAGTTCACCA_001,42
CAATGCCCCCGAGTTCACCA_002,55
CAATGCCCCCGAGTTCACCA_003,93
CAATGCCCCCGAGTTCACCA_004,117
CAATGCCCCCGAGTTCACCA_005,85
CAATGCCCCCGAGTTCACCA_006,154
CAATGCCCCCGAGTTCACCA_007,144
CAATGCCCCCGAGTTCACCA_008,134
CAATGCCCCCGAGTTCACCA_009,21
CAATGCCCCCGAGTTCACCA_010,117
CAATGCCCCCGAGTTCACCA_011,74
CAATGCCCCCGAGTTCACCA_012,79
CAATGCCCCCGAGTTCACCA_013,56
CAATGCCCCCGAGTTCACCA_014,160
CAATGCCCCCGAGTTCACCA_015,182
CAATGCCCCCGAGTTCACCA_016,40
GCAGATGAATGGTGCGACAG_001,115
GCAGATGAATGGTGCGACAG_002,24
GCAGATGAATGGTGCGACAG_003,15
GCAGATGAATGGTGCGACAG_004,62
GCAGATGAATGGTGCGACAG_005,81
GCAGATGAATGGTGCGACAG_006,115
GCAGATGAATGGTGCGACAG_007,53
GCAGATGAATGGTGCGACAG_008,156
GCAGATGAATGGTGCGACAG_009,43
ATGTCAAAGAGTGACAACTT_001,62
ATGTCAAAGAGTGACAACTT_002,15
ATGTCAAAGAGTGACAACTT_003,6
ATGTCAAAGAGTGACAACTT_004,68
ATGTCAAAGAGTGACAACTT_005,9
ATGTCAAAGAGTGACAACTT_006,67
ATGTCAAAGAGTGACAACTT_007,31
ATGTCAAAGAGTGACAACTT_008,136
ATGTCAAAGAGTGACAACTT_009,63
ATGTCAAAGAGTGACAACTT_010,28
ATGTCAAAGAGTGACAACTT_011,166
ATGTCAAAGAGTGACAACTT_012,56
ATACTCAGAGCCCGTCACTG_001,84
ATACTCAGAGCCCGTCACTG_002,33
ATACTCAGAGCCCGTCACTG_003,169
ATACTCAGAGCCCGTCACTG_004,149
ATACTCAGAGCCCGTCACTG_005,172
ATACTCAGAGCCCGTCACTG_006,122
ATACTCAGAGCCCGTCACTG_007,165
ATACTCAGAGCCCGTCACTG_008,160
ATACTCAGAGCCCGTCACTG_009,53
ATACTCAGAGCCCGTCACTG_010,113
ATACTCAGAGCCCGTCACTG_011,127
ATACTCAGAGCCCGTCACTG_012,70
ATACTCAGAGCCCGTCACTG_013,157
ATACTCAGAGCCCGTCACTG_014,23
ATACTCAGAGCCCGTCACTG_015,172
ATACTCAGAGCCCGTCACTG_016,34
ATACTCAGAGCCCGTCACTG_017,175
ATACTCAGAGCCCGTCACTG_018,38
ATACTCAGAGCCCGTCACTG_019,9
ATACTCAGAGCCCGTCACTG_020,198
ATACTCAGAGCCCGTCACTG_021,184
ATACTCAGAGCCCGTCACTG_022,47
ATACTCAGAGCCCGTCACTG_023,140
ATACTCAGAGCCCGTCACTG_024,33
ATACTCAGAGCCCGTCACTG_025,127
ATACTCAGAGCCCGTCACTG_026,149
ATACTCAGAGCCCGTCACTG_027,144
ATACTCAGAGCCCGTCACTG_028,8
ATACTCAGAGCCCGTCACTG_029,85
ATACTCAGAGCCCGTCACTG_030,95
ATACTCAGAGCCCGTCACTG_031,155
CGCCCGTGCAGAATAAGCGG_001,92
CGCCCGTGCAGAATAAGCGG_002,192
CGCCCGTGCAGAATAAGCGG_003,191
CGCCCGTGCAGAATAAGCGG_004,65
CGCCCGTGCAGAATAAGCGG_005,1
GATGTAAAAGCTTATTACAG_001,96
CTCAGAACTGAGTACCGGCG_001,106
CTCAGAACTGAGTACCGGCG_002,176
CTCAGAACTGAGTACCGGCG_003,26
CTCAGAACTGAGTACCGGCG_004,97
CTCAGAACTGAGTACCGGCG_005,36
CTCAGAACTGAGTACCGGCG_006,80
CTCAGAACTGAGTACCGGCG_007,108
CTCAGAACTGAGTACCGGCG_008,17
CTCAGAACTGAGTACCGGCG_009,146
CTCAGAACTGAGTACCGGCG_010,108
TTTCTCTGAATGACAATAGA_001,155
CAGAGCGATACCTCTGTGCA_001,42
CAGAGCGATACCTCTGTGCA_002,105
CAGAGCGATACCTCTGTGCA_003,112
CAGAGCGATACCTCTGTGCA_004,166
CAGAGCGATACCTCTGTGCA_005,159
CAGAGCGATACCTCTGTGCA_006,76
CAGAGCGATACCTCTGTGCA_007,21
CAGAGCGATACCTCTGTGCA_008,158
CAGAGCGATACCTCTGTGCA_009,30
CAGAGCGATACCTCTGTGCA_010,77
CAGAGCGATACCTCTGTGCA_011,68
CAGAGCGATACCTCTGTGCA_012,128
CAGAGCGATACCTCTGTGCA_013,28
TCTTCAGGAACGGCATAGGT_001,170
TCTTCAGGAACGGCATAGGT_002,172
TCTTCAGGAACGGCATAGGT_003,47
TCTTCAGGAACGGCATAGGT_004,91
TCTTCAGGAACGGCATAGGT_005,1
TCTTCAGGAACGGCATAGGT_006,24
TCTTCAGGAACGGCATAGGT_007,148
GCTTGCCCAGAGATCTTACG_001,172
GCTTGCCCAGAGATCTTACG_002,130
GCTTGCCCAGAGATCTTACG_003,6
GCTTGCCCAGAGATCTTACG_004,158
GCTTGCCCAGAGATCTTACG_005,162
GCTTGCCCAGAGATCTTACG_006,67
GCTTGCCCAGAGATCTTACG_007,176
GCTTGCCCAGAGATCTTACG_008,117
GCTTGCCCAGAGATCTTACG_009,5
GCTTGCCCAGAGATCTTACG_010,1
GCTTGCCCAGAGATCTTACG_011,68
GCTTGCCCAGAGATCTTACG_012,89
CACACCACCTGAGGCAGGGC_001,62
CACACCACCTGAGGCAGGGC_002,134
CACACCACCTGAGGCAGGGC_003,12
CACACCACCTGAGGCAGGGC_004,161
CACACCACCTGAGGCAGGGC_005,22
CACACCACCTGAGGCAGGGC_006,19
CACACCACCTGAGGCAGGGC_007,141
CACACCACCTGAGGCAGGGC_008,9
CACACCACCTGAGGCAGGGC_009,125
CACACCACCTGAGGCAGGGC_010,179
CACACCACCTGAGGCAGGGC_011,143
CACACCACCTGAGGCAGGGC_012,94
CACACCACCTGAGGCAGGGC_013,134
CACACCACCTGAGGCAGGGC_014,129
CACACCACCTGAGGCAGGGC_015,74
CACACCACCTGAGGCAGGGC_016,130
CACACCACCTGAGGCAGGGC_017,107
CACACCACCTGAGGCAGGGC_018,126
CACACCACCTGAGGCAGGGC_019,179
CACACCACCTGAGGCAGGGC_020,46
CACACCACCTGAGGCAGGGC_021,28
CACACCACCTGAGGCAGGGC_022,77
CACACCACCTGAGGCAGGGC_023,137
CACACCACCTGAGGCAGGGC_024,99
CACACCACCTGAGGCAGGGC_025,119
CACACCACCTGAGGCAGGGC_026,55
AGCGTCTACTCACAATATGT_001,2
CCCATTCCTGGGACTACGGG_001,47
CCCATTCCTGGGACTACGGG_002,47
CCCATTCCTGGGACTACGGG_003,31
CCCATTCCTGGGACTACGGG_004,44
CCCATTCCTGGGACTACGGG_005,181
CCCATTCCTGGGACTACGGG_006,60
CCCATTCCTGGGACTACGGG_007,58
CCCATTCCTGGGACTACGGG_008,108
CCCATTCCTGGGACTACGGG_009,72
GCGCCGAATGTACTCAACTG_001,120
GCGCCGAATGTACTCAACTG_002,150
GCGCCGAATGTACTCAACTG_003,36
GCGCCGAATGTACTCAACTG_004,55
GGGATCGAGCTATTTGTTGG_001,199
GGGATCGAGCTATTTGTTGG_002,115
GGGATCGAGCTATTTGTTGG_003,52
TGCAGCTCATCCGAATATGG_001,101
TGCAGCTCATCCGAATATGG_002,15
TGCAGCTCATCCGAATATGG_003,144
TGCAGCTCATCCGAATATGG_004,5
TTTAGACCTTTCTGTTGACG_001,50
TTTAGACCTTTCTGTTGACG_002,172
TTTAGACCTTTCTGTTGACG_003,8
TTTAGACCTTTCTGTTGACG_004,81
TTTAGACCTTTCTGTTGACG_005,150
AAAGTGGCGAGGCTCATAGG_001,196
AAAGTGGCGAGGCTCATAGG_002,108
AAAGTGGCGAGGCTCATAGG_003,48
AAAGTGGCGAGGCTCATAGG_004,117
AAAGTGGCGAGGCTCATAGG_005,152
AAAGTGGCGAGGCTCATAGG_006,170
AAAGTGGCGAGGCTCATAGG_007,104
AAAGTGGCGAGGCTCATAGG_008,69
AAAGTGGCGAGGCTCATAGG_009,160
AAAGTGGCGAGGCTCATAGG_010,127
AAAGTGGCGAGGCTCATAGG_011,70
AAAGTGGCGAGGCTCATAGG_012,11
AAAGTGGCGAGGCTCATAGG_013,133
AAAGTGGCGAGGCTCATAGG_014,184
AAAGTGGCGAGGCTCATAGG_015,150
AAAGTGGCGAGGCTCATAGG_016,169
AAAGTGGCGAGGCTCATAGG_017,75
AAAGTGGCGAGGCTCATAGG_018,20
AAAGTGGCGAGGCTCATAGG_019,146
AAAGTGGCGAGGCTCATAGG_020,188
AAAGTGGCGAGGCTCATAGG_021,80
AAAGTGGCGAGGCTCATAGG_022,36
AAAGTGGCGAGGCTCATAGG_023,196
AAAGTGGCGAGGCTCATAGG_024,58
AAAGTGGCGAGGCTCATAGG_025,140
AAAGTGGCGAGGCTCATAGG_026,21
AAAGTGGCGAGGCTCATAGG_027,121
AAAGTGGCGAGGCTCATAGG_028,112
AAAGTGGCGAGGCTCATAGG_029,16
AAAGTGGCGAGGCTCATAGG_030,121
AAAGTGGCGAGGCTCATAGG_031,163
AAAGTGGCGAGGCTCATAGG_032,32
AAAGTGGCGAGGCTCATAGG_033,11
AAAGTGGCGAGGCTCATAGG_034,141
AAAGTGGCGAGGCTCATAGG_035,30
AAAGTGGCGAGGCTCATAGG_036,168
AAAGTGGCGAGGCTCATAGG_037,58
AAAGTGGCGAGGCTCATAGG_038,24
AAAGTGGCGAGGCTCATAGG_039,184
AAAGTGGCGAGGCTCATAGG_040,184
AAAGTGGCGAGGCTCATAGG_041,67
AAAGTGGCGAGGCTCATAGG_042,114
AGCGGCAGAACATCGTCTGG_001,69
AGCGGCAGAACATCGTCTGG_002,130
AGCGGCAGAACATCGTCTGG_003,70
AGCGGCAGAACATCGTCTGG_004,137
AGCGGCAGAACATCGTCTGG_005,81
AGCGGCAGAACATCGTCTGG_006,94
AGCGGCAGAACATCGTCTGG_007,0
AGCGGCAGAACATCGTCTGG_008,88
AGCGGCAGAACATCGTCTGG_009,172
AGCGGCAGAACATCGTCTGG_010,95
AGCGGCAGAACATCGTCTGG_011,37
AGCGGCAGAACATCGTCTGG_012,140
AGCGGCAGAACATCGTCTGG_013,147
AGCGGCAGAACATCGTCTGG_014,177
AGCGGCAGAACATCGTCTGG_015,77
AGCGGCAGAACATCGTCTGG_016,76
AGCGGCAGAACATCGTCTGG_017,81
AGCGGCAGAACATCGTCTGG_018,135
AGCGGCAGAACATCGTCTGG_019,129
AGCGGCAGAACATCGTCTGG_020,147
AGCGGCAGAACATCGTCTGG_021,13
TAGTAACTTACAGTTGACAA_001,19
GCGCTGGGCTTCCGTGAGCT_001,102
GCGCTGGGCTTCCGTGAGCT_002,1
GCGCTGGGCTTCCGTGAGCT_003,111
GCGCTGGGCTTCCGTGAGCT_004,82
GCGCTGGGCTTCCGTGAGCT_005,119
GCGCTGGGCTTCCGTGAGCT_006,19
GCGCTGGGCTTCCGTGAGCT_007,65
GCGCTGGGCTTCCGTGAGCT_008,105
GCGCTGGGCTTCCGTGAGCT_009,134
GCGCTGGGCTTCCGTGAGCT_010,41
GCGCTGGGCTTCCGTGAGCT_011,188
GCGCTGGGCTTCCGTGAGCT_012,63
GCGCTGGGCTTCCGTGAGCT_013,188
GCGCTGGGCTTCCGTGAGCT_014,65
GCGCTGGGCTTCCGTGAGCT_015,175
GCGCTGGGCTTCCGTGAGCT_016,148
GCGCTGGGCTTCCGTGAGCT_017,5
GCGCTGGGCTTCCGTGAGCT_018,26
GCGCTGGGCTTCCGTGAGCT_019,117
GCGCTGGGCTTCCGTGAGCT_020,41
GCGCTGGGCTTCCGTGAGCT_021,41
GCGCTGGGCTTCCGTGAGCT_022,107
GCGCTGGGCTTCCGTGAGCT_023,2
GCGCTGGGCTTCCGTGAGCT_024,177
GCGCTGGGCTTCCGTGAGCT_025,45
GCGCTGGGCTTCCGTGAGCT_026,106
GCGCTGGGCTTCCGTGAGCT_027,175
GCGCTGGGCTTCCGTGAGCT_028,45
GCGCTGGGCTTCCGTGAGCT_029,199
GCGCTGGGCTTCCGTGAGCT_030,8
GCGCTGGGCTTCCGTGAGCT_031,27
GCGCTGGGCTTCCGTGAGCT_032,158
GCGCTGGGCTTCCGTGAGCT_033,77
GCGCTGGGCTTCCGTGAGCT_034,169
GCGCTGGGCTTCCGTGAGCT_035,158
GCGCTGGGCTTCCGTGAGCT_036,1
GCGCTGGGCTTCCGTGAGCT_037,138
GCGCTGGGCTTCCGTGAGCT_038,77
GCGCTGGGCTTCCGTGAGCT_039,152
GCGCTGGGCTTCCGTGAGCT_040,14
GCGCTGGGCTTCCGTGAGCT_041,178
GCGCTGGGCTTCCGTGAGCT_042,25
CCGAATTCTGCATCCCGCCG_001,145
CCGAATTCTGCATCCCGCCG_002,141
CCGAATTCTGCATCCCGCCG_003,40
CCGAATTCTGCATCCCGCCG_004,137
GGGACACTACACCGAAGGCG_001,187
TGTGGATACGACTTTCAACG_001,48
TGTGGATACGACTTTCAACG_002,130
TGTGGATACGACTTTCAACG_003,187
TGTGGATACGACTTTCAACG_004,167
TGTGGATACGACTTTCAACG_005,96
TGTGGATACGACTTTCAACG_006,145
CAGGGAGAGCCTCGACACCG_001,30
CAGGGAGAGCCTCGACACCG_002,25
CAGGGAGAGCCTCGACACCG_003,137
CAGGGAGAGCCTCGACACCG_004,30
CAGGGAGAGCCTCGACACCG_005,176
CAGGGAGAGCCTCGACACCG_006,188
CAGGGAGAGCCTCGACACCG_007,94
CAGGGAGAGCCTCGACACCG_008,66
CAGGGAGAGCCTCGACACCG_009,176
CACACCACTGACCTGTACAG_001,97
CACACCACTGACCTGTACAG_002,97
CACACCACTGACCTGTACAG_003,127
CACACCACTGACCTGTACAG_004,165
CACACCACTGACCTGTACAG_005,10
CACACCACTGACCTGTACAG_006,180
CACACCACTGACCTGTACAG_007,48
CACACCACTGACCTGTACAG_008,77
CACACCACTGACCTGTACAG_009,101
CACACCACTGACCTGTACAG_010,95
GGAGCCCTACAAGATAAAAG_001,190
GGAGCCCTACAAGATAAAAG_002,169
GGAGCCCTACAAGATAAAAG_003,125
GGAGCCCTACAAGATAAAAG_004,115
GGAGCCCTACAAGATAAAAG_005,146
ATCTTAGATGTATAGCCCCG_001,134
ATCTTAGATGTATAGCCCCG_002,58
ATCTTAGATGTATAGCCCCG_003,155
ATCTTAGATGTATAGCCCCG_004,159
GTCACCCCACACTGACTCGC_001,163
GTCACCCCACACTGACTCGC_002,145
GTCACCCCACACTGACTCGC_003,158
GTCACCCCACACTGACTCGC_004,190
GTCACCCCACACTGACTCGC_005,118
GTCACCCCACACTGACTCGC_006,105
GTCACCCCACACTGACTCGC_007,69
GTCACCCCACACTGACTCGC_008,8
GTCACCCCACACTGACTCGC_009,78
GTCACCCCACACTGACTCGC_010,17
GTCACCCCACACTGACTCGC_011,175
GTCACCCCACACTGACTCGC_012,56
GTCACCCCACACTGACTCGC_013,12
GTCACCCCACACTGACTCGC_014,141
GTCACCCCACACTGACTCGC_015,96
GTCACCCCACACTGACTCGC_016,170
GTCACCCCACACTGACTCGC_017,173
GTCACCCCACACTGACTCGC_018,47
GTCACCCCACACTGACTCGC_019,62
GTCACCCCACACTGACTCGC_020,19
TGAAGATAAAACCCTCAGGT_001,112
TGAAGATAAAACCCTCAGGT_002,23
TGAAGATAAAACCCTCAGGT_003,140
TGAAGATAAAACCCTCAGGT_004,11
TGAAGATAAAACCCTCAGGT_005,62
TGAAGATAAAACCCTCAGGT_006,145
TGAAGATAAAACCCTCAGGT_007,76
TGAAGATAAAACCCTCAGGT_008,146
TGAAGATAAAACCCTCAGGT_009,174
TCCCGTAGGAACCTGCGCAA_001,106
TCCCGTAGGAACCTGCGCAA_002,24
TCCCGTAGGAACCTGCGCAA_003,166
TCCCGTAGGAACCTGCGCAA_004,162
TCCCGTAGGAACCTGCGCAA_005,145
TCCCGTAGGAACCTGCGCAA_006,75
TCCCGTAGGAACCTGCGCAA_007,12
TCCCGTAGGAACCTGCGCAA_008,105
TCCCGTAGGAACCTGCGCAA_009,192
TCCCGTAGGAACCTGCGCAA_010,173
TCCCGTAGGAACCTGCGCAA_011,173
CCCTTTGGTGTTCTACCTAG_001,68
CCCTTTGGTGTTCTACCTAG_002,86
CCCTTTGGTGTTCTACCTAG_003,137
CCCTTTGGTGTTCTACCTAG_004,127
GTAATTCAGAGGGCGACAGA_001,29
GTAATTCAGAGGGCGACAGA_002,41
GTAATTCAGAGGGCGACAGA_003,123
GTAATTCAGAGGGCGACAGA_004,27
GTAATTCAGAGGGCGACAGA_005,15
GTAATTCAGAGGGCGACAGA_006,32
GTAATTCAGAGGGCGACAGA_007,197
GTAATTCAGAGGGCGACAGA_008,28
GTAATTCAGAGGGCGACAGA_009,49
TGCGCCTTACTCGTTAACTG_001,176
TGCGCCTTACTCGTTAACTG_002,38
TGCGCCTTACTCGTTAACTG_003,177
TGCGCCTTACTCGTTAACTG_004,144
TGCGCCTTACTCGTTAACTG_005,156
TGCGCCTTACTCGTTAACTG_006,58
TGCGCCTTACTCGTTAACTG_007,48
TGCGCCTTACTCGTTAACTG_008,60
TGCGCCTTACTCGTTAACTG_009,13
TGCGCCTTACTCGTTAACTG_010,145
TGCGCCTTACTCGTTAACTG_011,170
TGCGCCTTACTCGTTAACTG_012,111
TGCGCCTTACTCGTTAACTG_013,44
TGCGCCTTACTCGTTAACTG_014,9
TGCGCCTTACTCGTTAACTG_015,9
TGCGCCTTACTCGTTAACTG_016,68
TGCGCCTTACTCGTTAACTG_017,162
TGCGCCTTACTCGTTAACTG_018,186
TGCGCCTTACTCGTTAACTG_019,31
TGCGCCTTACTCGTTAACTG_020,10
TGCGCCTTACTCGTTAACTG_021,46
TGCGCCTTACTCGTTAACTG_022,12
TGCGCCTTACTCGTTAACTG_023,47
TGCGCCTTACTCGTTAACTG_024,36
TTCAGCCTGTCTATTGCGAA_001,114
TTCAGCCTGTCTATTGCGAA_002,56
GGACCCGCGTAAAGACCACG_001,38
GGACCCGCGTAAAGACCACG_002,151
GGACCCGCGTAAAGACCACG_003,92
GGACCCGCGTAAAGACCACG_004,29
GGACCCGCGTAAAGACCACG_005,162
GGACCCGCGTAAAGACCACG_006,28
GGACCCGCGTAAAGACCACG_007,28
TGGGGGCTGCTGCAACTCTG_001,191
AAGCTAAACAGGTATCAGAG_001,144
AAGCTAAACAGGTATCAGAG_002,149
AAGCTAAACAGGTATCAGAG_003,80
CGGTGCATGCCTTCACAAAG_001,102
CGGTGCATGCCTTCACAAAG_002,73
CGGTGCATGCCTTCACAAAG_003,179
CGGTGCATGCCTTCACAAAG_004,81
CGGTGCATGCCTTCACAAAG_005,177
CGGTGCATGCCTTCACAAAG_006,176
CGGTGCATGCCTTCACAAAG_007,48
CGGTGCATGCCTTCACAAAG_008,165
CGGTGCATGCCTTCACAAAG_009,44
TGATGGACATGACCTCATCA_001,135
TGATGGACATGACCTCATCA_002,169
TGATGGACATGACCTCATCA_003,77
TGATGGACATGACCTCATCA_004,65
TGATGGACATGACCTCATCA_005,40
CAGATGAGGCTTACGAACGT_001,82
CAGATGAGGCTTACGAACGT_002,170
CAGATGAGGCTTACGAACGT_003,188
CAGATGAGGCTTACGAACGT_004,152
CAGATGAGGCTTACGAACGT_005,147
CAGATGAGGCTTACGAACGT_006,52
AGATAACATTGGTGTCGCTG_001,134
AGATAACATTGGTGTCGCTG_002,34
AGATAACATTGGTGTCGCTG_003,35
AGATAACATTGGTGTCGCTG_004,168
AGATAACATTGGTGTCGCTG_005,60
AGATAACATTGGTGTCGCTG_006,129
AGATAACATTGGTGTCGCTG_007,15
AGATAACATTGGTGTCGCTG_008,117
AGATAACATTGGTGTCGCTG_009,42
AGATAACATTGGTGTCGCTG_010,19
AGATAACATTGGTGTCGCTG_011,28
AGATAACATTGGTGTCGCTG_012,198
AGATAACATTGGTGTCGCTG_013,115
AGATAACATTGGTGTCGCTG_014,138
AGATAACATTGGTGTCGCTG_015,72
AGATAACATTGGTGTCGCTG_016,121
AGATAACATTGGTGTCGCTG_017,76
AGATAACATTGGTGTCGCTG_018,150
AGATAACATTGGTGTCGCTG_019,157
AGATAACATTGGTGTCGCTG_020,172
AGATAACATTGGTGTCGCTG_021,107
GTCCTGAATGACACAACCAG_001,58
GTCCTGAATGACACAACCAG_002,84
GTCCTGAATGACACAACCAG_003,153
GTCCTGAATGACACAACCAG_004,101
GTCCTGAATGACACAACCAG_005,32
GTCCTGAATGACACAACCAG_006,193
GTCCTGAATGACACAACCAG_007,152
GTCCTGAATGACACAACCAG_008,103
GTCCTGAATGACACAACCAG_009,104
GTCCTGAATGACACAACCAG_010,93
GTCCTGAATGACACAACCAG_011,158
GTCCTGAATGACACAACCAG_012,12
GTCCTGAATGACACAACCAG_013,21
TGCACGTGGACATCACCCGA_001,154
TGCACGTGGACATCACCCGA_002,44
TGCACGTGGACATCACCCGA_003,159
TGCACGTGGACATCACCCGA_004,108
TGCACGTGGACATCACCCGA_005,180
AATCTACGAGAAAACCGTGG_001,196
AATCTACGAGAAAACCGTGG_002,115
AATCTACGAGAAAACCGTGG_003,166
AATCTACGAGAAAACCGTGG_004,25
AATCTACGAGAAAACCGTGG_005,146
CGCAATCGCTTCTACTGCGG_001,117
GATCGCTACTACGACCCCAA_001,63
GATCGCTACTACGACCCCAA_002,112
GATCGCTACTACGACCCCAA_003,121
GATCGCTACTACGACCCCAA_004,160
GATCGCTACTACGACCCCAA_005,155
GGCAACTACTCCGAGCGCGT_001,75
GGCAACTACTCCGAGCGCGT_002,178
GGCAACTACTCCGAGCGCGT_003,2
GGCAACTACTCCGAGCGCGT_004,178
GGCAACTACTCCGAGCGCGT_005,148
GGCAACTACTCCGAGCGCGT_006,6
GGCAACTACTCCGAGCGCGT_007,46
GGCAACTACTCCGAGCGCGT_008,4
GGCAACTACTCCGAGCGCGT_009,117
CTGGGTGTGGAGCGCTAACG_001,2
CTGGGTGTGGAGCGCTAACG_002,12
CTGGGTGTGGAGCGCTAACG_003,100
CTGGGTGTGGAGCGCTAACG_004,149
CTGGGTGTGGAGCGCTAACG_005,169
CTGGGTGTGGAGCGCTAACG_006,126
CTGGGTGTGGAGCGCTAACG_007,161
CTGGGTGTGGAGCGCTAACG_008,178
CTGGGTGTGGAGCGCTAACG_009,100
CTGGGTGTGGAGCGCTAACG_010,12
CTGGGTGTGGAGCGCTAACG_011,104
CTGGGTGTGGAGCGCTAACG_012,68
CTGGGTGTGGAGCGCTAACG_013,146
CTGGGTGTGGAGCGCTAACG_014,146
GGCCCTCTAGAAAAGTCTCG_001,72
GGCCCTCTAGAAAAGTCTCG_002,105
GGCCCTCTAGAAAAGTCTCG_003,127
GGCCCTCTAGAAAAGTCTCG_004,88
GGCCCTCTAGAAAAGTCTCG_005,9
GGCCCTCTAGAAAAGTCTCG_006,43
GAGGACTGCATCTCGCGCGG_001,176
GAGGACTGCATCTCGCGCGG_002,191
CACCAACGACTGGATTCCAG_001,102
CACCAACGACTGGATTCCAG_002,142
CACCAACGACTGGATTCCAG_003,192
CACCAACGACTGGATTCCAG_004,28
CACCAACGACTGGATTCCAG_005,88
CACCAACGACTGGATTCCAG_006,185
CACCAACGACTGGATTCCAG_007,94
CACCAACGACTGGATTCCAG_008,141
CACCAACGACTGGATTCCAG_009,134
CACCAACGACTGGATTCCAG_010,108
CACCAACGACTGGATTCCAG_011,191
CAGGAGGAGATGTCCCGCCG_001,166
CAGGAGGAGATGTCCCGCCG_002,173
CAGGAGGAGATGTCCCGCCG_003,50
CGCCCACCTCAATCATGACG_001,196
CGCCCACCTCAATCATGACG_002,33
CGCCCACCTCAATCATGACG_003,128
CGCCCACCTCAATCATGACG_004,65
CGCCCACCTCAATCATGACG_005,6
CGCCCACCTCAATCATGACG_006,164
CGCCCACCTCAATCATGACG_007,78
GGCCGCCGCAGTTCCAACAG_001,129
GGCCGCCGCAGTTCCAACAG_002,122
GGCCGCCGCAGTTCCAACAG_003,5
GGCCGCCGCAGTTCCAACAG_004,150
GGCCGCCGCAGTTCCAACAG_005,65
GGCCGCCGCAGTTCCAACAG_006,34
GGCCGCCGCAGTTCCAACAG_007,106
GGCCGCCGCAGTTCCAACAG_008,54
GGCCGCCGCAGTTCCAACAG_009,13
GGCCGCCGCAGTTCCAACAG_010,195
GGCCGCCGCAGTTCCAACAG_011,89
GGCCGCCGCAGTTCCAACAG_012,123
GGCCGCCGCAGTTCCAACAG_013,69
GGCCGCCGCAGTTCCAACAG_014,101
GGCCGCCGCAGTTCCAACAG_015,150
GGCCGCCGCAGTTCCAACAG_016,115
GGCCGCCGCAGTTCCAACAG_017,199
GGCCGCCGCAGTTCCAACAG_018,40
GGCCGCCGCAGTTCCAACAG_019,92
GGCCGCCGCAGTTCCAACAG_020,92
GGCCGCCGCAGTTCCAACAG_021,169
GGCCGCCGCAGTTCCAACAG_022,31
GGCCGCCGCAGTTCCAACAG_023,21
GGCCGCCGCAGTTCCAACAG_024,184
GGCCGCCGCAGTTCCAACAG_025,56
GGCCGCCGCAGTTCCAACAG_026,15
GGCCGCCGCAGTTCCAACAG_027,81
GGCCGCCGCAGTTCCAACAG_028,127
GGCCGCCGCAGTTCCAACAG_029,2
GGCCGCCGCAGTTCCAACAG_030,113
GGCCGCCGCAGTTCCAACAG_031,21
GGCCGCCGCAGTTCCAACAG_032,21
GGCCGCCGCAGTTCCAACAG_033,168
GGCCGCCGCAGTTCCAACAG_034,3
GGCCGCCGCAGTTCCAACAG_035,103
GGCCGCCGCAGTTCCAACAG_036,49
GGCCGCCGCAGTTCCAACAG_037,149
GGCCGCCGCAGTTCCAACAG_038,129
GGCCGCCGCAGTTCCAACAG_039,70
GGCCGCCGCAGTTCCAACAG_040,117
TTTCCATCTGCAGATCTACC_001,132
GACCTTCGCTAGCCTCGCGA_001,83
GACCTTCGCTAGCCTCGCGA_002,107
GACCTTCGCTAGCCTCGCGA_003,61
GACCTTCGCTAGCCTCGCGA_004,73
GACCTTCGCTAGCCTCGCGA_005,40
GACCTTCGCTAGCCTCGCGA_006,88
GACGCCAAGGATTGAACTGG_001,32
GACGCCAAGGATTGAACTGG_002,154
GACGCCAAGGATTGAACTGG_003,103
GACGCCAAGGATTGAACTGG_004,187
GACGCCAAGGATTGAACTGG_005,98
GACGCCAAGGATTGAACTGG_006,105
GACGCCAAGGATTGAACTGG_007,105
GACGCCAAGGATTGAACTGG_008,172
GACGCCAAGGATTGAACTGG_009,152
AAGAGTAGGAAGGATGATGG_001,52
AAGAGTAGGAAGGATGATGG_002,177
TTCTACAAATGTAAGACATG_001,102
TTCTACAAATGTAAGACATG_002,165
TTCTACAAATGTAAGACATG_003,59
TTCTACAAATGTAAGACATG_004,32
TTCTACAAATGTAAGACATG_005,64
CTCCTTCGGCCATTATAGAG_001,142
CTCCTTCGGCCATTATAGAG_002,78
CTCCTTCGGCCATTATAGAG_003,19
CTCCTTCGGCCATTATAGAG_004,76
CTCCTTCGGCCATTATAGAG_005,162
CTCCTTCGGCCATTATAGAG_006,34
CTCCTTCGGCCATTATAGAG_007,132
CTCCTTCGGCCATTATAGAG_008,17
CTCCTTCGGCCATTATAGAG_009,146
CTCCTTCGGCCATTATAGAG_010,18
GCTCTCAGGAACCTTCGGAA_001,25
GCTCTCAGGAACCTTCGGAA_002,166
GCTCTCAGGAACCTTCGGAA_003,85
GCTCTCAGGAACCTTCGGAA_004,43
GCTCTCAGGAACCTTCGGAA_005,117
GCTCTCAGGAACCTTCGGAA_006,8
GCTCTCAGGAACCTTCGGAA_007,49
GCTCTCAGGAACCTTCGGAA_008,20
GCGAAAGAGAACGTAGTCCA_001,48
GCGAAAGAGAACGTAGTCCA_002,32
GCGAAAGAGAACGTAGTCCA_003,60
GCGAAAGAGAACGTAGTCCA_004,80
GCGAAAGAGAACGTAGTCCA_005,84
GCGAAAGAGAACGTAGTCCA_006,58
GCGAAAGAGAACGTAGTCCA_007,21
GCGAAAGAGAACGTAGTCCA_008,109
GCGAAAGAGAACGTAGTCCA_009,29
GCGAAAGAGAACGTAGTCCA_010,179
GCGAAAGAGAACGTAGTCCA_011,77
GCGAAAGAGAACGTAGTCCA_012,29
GCGAAAGAGAACGTAGTCCA_013,178
TGATGTTCTAGAATGTCCAC_001,78
TGATGTTCTAGAATGTCCAC_002,63
TGATGTTCTAGAATGTCCAC_003,19
TGATGTTCTAGAATGTCCAC_004,78
TGATGTTCTAGAATGTCCAC_005,106
TGATGTTCTAGAATGTCCAC_006,163
CAAGAAAGAAGGCGAATGGA_001,165
CAAGAAAGAAGGCGAATGGA_002,13
ACTGGACAGCAGTTTACACA_001,193
ACTGGACAGCAGTTTACACA_002,54
ACTGGACAGCAGTTTACACA_003,156
ACTGGACAGCAGTTTACACA_004,83
ACTGGACAGCAGTTTACACA_005,77
ACTGGACAGCAGTTTACACA_006,43
ACTGGACAGCAGTTTACACA_007,74
ACTGGACAGCAGTTTACACA_008,56
TTATCAACGCCTGATGACTG_001,199
TTATCAACGCCTGATGACTG_002,184
TTATCAACGCCTGATGACTG_003,163
TTATCAACGCCTGATGACTG_004,41
TTATCAACGCCTGATGACTG_005,34
TTATCAACGCCTGATGACTG_006,173
TTATCAACGCCTGATGACTG_007,8
TTATCAACGCCTGATGACTG_008,8
TTATCAACGCCTGATGACTG_009,0
TTATCAACGCCTGATGACTG_010,43
TTATCAACGCCTGATGACTG_011,1
TTATCAACGCCTGATGACTG_012,10
TTATCAACGCCTGATGACTG_013,169
TTATCAACGCCTGATGACTG_014,180
ATTATTTACATCGTCGTCTG_001,163
AACAAACTAACGTACTCACA_001,74
AACAAACTAACGTACTCACA_002,54
AACAAACTAACGTACTCACA_003,28
AACAAACTAACGTACTCACA_004,142
CATTGTTTCACCTGACGCAG_001,28
CATTGTTTCACCTGACGCAG_002,142
CATTGTTTCACCTGACGCAG_003,108
CATTGTTTCACCTGACGCAG_004,96
CATTGTTTCACCTGACGCAG_005,94
CATTGTTTCACCTGACGCAG_006,96
CATTGTTTCACCTGACGCAG_007,74
CATTGTTTCACCTGACGCAG_008,112
CATTGTTTCACCTGACGCAG_009,170
CATTGTTTCACCTGACGCAG_010,134
TGTGTCGTCTAAGGTGTCGG_001,40
TGTGTCGTCTAAGGTGTCGG_002,130
TGTGTCGTCTAAGGTGTCGG_003,103
TGTGTCGTCTAAGGTGTCGG_004,102
TGTGTCGTCTAAGGTGTCGG_005,177
TGTGTCGTCTAAGGTGTCGG_006,10
TGTGTCGTCTAAGGTGTCGG_007,157
TGTGTCGTCTAAGGTGTCGG_008,48
TGTGTCGTCTAAGGTGTCGG_009,169
TCGAGATCCCAACACAAAGG_001,6
TCGAGATCCCAACACAAAGG_002,170
TCGAGATCCCAACACAAAGG_003,61
TCGAGATCCCAACACAAAGG_004,112
TCGAGATCCCAACACAAAGG_005,135
TCGAGATCCCAACACAAAGG_006,122
TCGAGATCCCAACACAAAGG_007,105
TCGAGATCCCAACACAAAGG_008,160
TCGAGATCCCAACACAAAGG_009,148
TCGAGATCCCAACACAAAGG_010,88
TCGAGATCCCAACACAAAGG_011,186
TCGAGATCCCAACACAAAGG_012,10
TCGAGATCCCAACACAAAGG_013,50
CTCAACTAGAAATTAATGGA_001,181
CTCAACTAGAAATTAATGGA_002,139
CTCAACTAGAAATTAATGGA_003,59
CTCAACTAGAAATTAATGGA_004,113
CTCAACTAGAAATTAATGGA_005,106
CTCAACTAGAAATTAATGGA_006,127
CTCAACTAGAAATTAATGGA_007,104
TGAAGCGATTGGCTTCGTCA_001,82
TGAAGCGATTGGCTTCGTCA_002,58
TGAAGCGATTGGCTTCGTCA_003,187
TGAAGCGATTGGCTTCGTCA_004,107
TGAAGCGATTGGCTTCGTCA_005,88
TGAAGCGATTGGCTTCGTCA_006,177
TGAAGCGATTGGCTTCGTCA_007,7
TGAAGCGATTGGCTTCGTCA_008,132
TGAAGCGATTGGCTTCGTCA_009,22
TGAAGCGATTGGCTTCGTCA_010,9
TGAAGCGATTGGCTTCGTCA_011,16
TGAAGCGATTGGCTTCGTCA_012,29
TGAAGCGATTGGCTTCGTCA_013,43
TGAAGCGATTGGCTTCGTCA_014,111
TGAAGCGATTGGCTTCGTCA_015,152
TGAAGCGATTGGCTTCGTCA_016,81
TGAAGCGATTGGCTTCGTCA_017,127
TGAAGCGATTGGCTTCGTCA_018,135
TGAAGCGATTGGCTTCGTCA_019,81
TGAAGCGATTGGCTTCGTCA_020,134
GACAACTCAAAACTCCGACG_001,158
GACAACTCAAAACTCCGACG_002,28
GACAACTCAAAACTCCGACG_003,4
GACAACTCAAAACTCCGACG_004,84
GACAACTCAAAACTCCGACG_005,151
GACAACTCAAAACTCCGACG_006,171
GACAACTCAAAACTCCGACG_007,39
GGATTCTCTAAGTGAGCTAG_001,142
GGATTCTCTAAGTGAGCTAG_002,54
GGATTCTCTAAGTGAGCTAG_003,158
GGATTCTCTAAGTGAGCTAG_004,91
GGATTCTCTAAGTGAGCTAG_005,161
GGATTCTCTAAGTGAGCTAG_006,107
TATCGAATGGAACAGCCTGA_001,86
TATCGAATGGAACAGCCTGA_002,61
TATCGAATGGAACAGCCTGA_003,157
TATCGAATGGAACAGCCTGA_004,114
TATCGAATGGAACAGCCTGA_005,63
TATCGAATGGAACAGCCTGA_006,14
TATCGAATGGAACAGCCTGA_007,58
AGCTGCGACGCAGACGACGA_001,177
AGCTGCGACGCAGACGACGA_002,37
AGCTGCGACGCAGACGACGA_003,158
AGCTGCGACGCAGACGACGA_004,170
AGCTGCGACGCAGACGACGA_005,158
AGCCAATAAAGACCTAGGAG_001,23
AGCCAATAAAGACCTAGGAG_002,150
AGCCAATAAAGACCTAGGAG_003,127
AGCCAATAAAGACCTAGGAG_004,17
AGCCAATAAAGACCTAGGAG_005,176
AGCCAATAAAGACCTAGGAG_006,60
AGCCAATAAAGACCTAGGAG_007,175
AGCCAATAAAGACCTAGGAG_008,193
AGCCAATAAAGACCTAGGAG_009,182
AGCCAATAAAGACCTAGGAG_010,175
AGCCAATAAAGACCTAGGAG_011,49
AGCCAATAAAGACCTAGGAG_012,19
AGCCAATAAAGACCTAGGAG_013,74
AGCCAATAAAGACCTAGGAG_014,165
AGCCAATAAAGACCTAGGAG_015,152
AGCCAATAAAGACCTAGGAG_016,65
CGGAACCAATCATTGCACAG_001,81
CGGAACCAATCATTGCACAG_002,49
CGGAACCAATCATTGCACAG_003,198
CGGAACCAATCATTGCACAG_004,76
CGGAACCAATCATTGCACAG_005,95
CGGAACCAATCATTGCACAG_006,199
CGGAACCAATCATTGCACAG_007,151
CGGAACCAATCATTGCACAG_008,157
CGGAACCAATCATTGCACAG_009,162
CGGAACCAATCATTGCACAG_010,13
CGGAACCAATCATTGCACAG_011,63
CGGAACCAATCATTGCACAG_012,14
CGGAACCAATCATTGCACAG_013,0
GCTCCACGATTTCGAACCTA_001,19
GCTCCACGATTTCGAACCTA_002,147
GCTCCACGATTTCGAACCTA_003,124
GTTCTTGCATTGGATATTGG_001,12
GTTCTTGCATTGGATATTGG_002,107
GTTCTTGCATTGGATATTGG_003,162
GTTCTTGCATTGGATATTGG_004,6
GTTCTTGCATTGGATATTGG_005,80
GTTCTTGCATTGGATATTGG_006,81
GTTCTTGCATTGGATATTGG_007,117
GTTCTTGCATTGGATATTGG_008,8
GTTCTTGCATTGGATATTGG_009,81
GTTCTTGCATTGGATATTGG_010,52
GTTGCCAGTGTATAATGCAG_001,141
GTTGCCAGTGTATAATGCAG_002,115
GTTGCCAGTGTATAATGCAG_003,90
TACACAAAGAGATGGCCCAA_001,37
TACACAAAGAGATGGCCCAA_002,41
TACACAAAGAGATGGCCCAA_003,5
TACACAAAGAGATGGCCCAA_004,116
TACACAAAGAGATGGCCCAA_005,162
TACACAAAGAGATGGCCCAA_006,75
TACACAAAGAGATGGCCCAA_007,115
TACACAAAGAGATGGCCCAA_008,158
TACACAAAGAGATGGCCCAA_009,36
TACACAAAGAGATGGCCCAA_010,188
TACACAAAGAGATGGCCCAA_011,146
TACACAAAGAGATGGCCCAA_012,160
TACACAAAGAGATGGCCCAA_013,82
TACACAAAGAGATGGCCCAA_014,116
TACACAAAGAGATGGCCCAA_015,116
AAGGCCTTACTACCCGAGGA_001,88
AAGGCCTTACTACCCGAGGA_002,182
AAGGCCTTACTACCCGAGGA_003,72
AAGGCCTTACTACCCGAGGA_004,140
AAGGCCTTACTACCCGAGGA_005,29
AAGGCCTTACTACCCGAGGA_006,17
AAGGCCTTACTACCCGAGGA_007,192
AAGGCCTTACTACCCGAGGA_008,130
AAGGCCTTACTACCCGAGGA_009,160
GAAAACTATTACCAAACACC_001,144
GAAAACTATTACCAAACACC_002,163
GAAAACTATTACCAAACACC_003,43
GGATGTAAAAGAGTCCAGAA_001,191
GGATGTAAAAGAGTCCAGAA_002,9
GGATGTAAAAGAGTCCAGAA_003,193
AGGCATGAGATTTGAAGCCA_001,185
AGGCATGAGATTTGAAGCCA_002,142
AGGCATGAGATTTGAAGCCA_003,184
CACCAACAACACCCACATCG_001,139
CACCAACAACACCCACATCG_002,141
CACCAACAACACCCACATCG_003,33
CACCAACAACACCCACATCG_004,126
CACCAACAACACCCACATCG_005,124
CACCAACAACACCCACATCG_006,118
CCATTTCCAGAGTACCCTCA_001,106
CCATTTCCAGAGTACCCTCA_002,85
CCATTTCCAGAGTACCCTCA_003,104
CCATTTCCAGAGTACCCTCA_004,174
CCATTTCCAGAGTACCCTCA_005,1
CCATTTCCAGAGTACCCTCA_006,31
CCATTTCCAGAGTACCCTCA_007,52
CCATTTCCAGAGTACCCTCA_008,147
GCTGTCACCTCATTAAACAC_001,62
GCTGTCACCTCATTAAACAC_002,127
GCTGTCACCTCATTAAACAC_003,104
GCTGTCACCTCATTAAACAC_004,130
GCTGTCACCTCATTAAACAC_005,41
TCTGATAATTTAAAGTCTCG_001,26
TTACTATAAGTGAGCATACC_001,57
TTACTATAAGTGAGCATACC_002,116
GCTGCTCCTCATATGTCGCA_001,29
GCTGCTCCTCATATGTCGCA_002,33
TGACCCGCGCTGTCCACTTG_001,98
TGACCCGCGCTGTCCACTTG_002,120
TGACCCGCGCTGTCCACTTG_003,194
TGACCCGCGCTGTCCACTTG_004,60
TGACCCGCGCTGTCCACTTG_005,140
TGACCCGCGCTGTCCACTTG_006,35
TGACCCGCGCTGTCCACTTG_007,166
TGACCCGCGCTGTCCACTTG_008,148
TGACCCGCGCTGTCCACTTG_009,177
TGACCCGCGCTGTCCACTTG_010,10
GTTCAGCCTGTACAAGTCGA_001,62
GTTCAGCCTGTACAAGTCGA_002,58
GTTCAGCCTGTACAAGTCGA_003,19
TTGGTTAGTAACGTACACAT_001,100
TTGGTTAGTAACGTACACAT_002,199
TTGGTTAGTAACGTACACAT_003,101
TTGGTTAGTAACGTACACAT_004,19
TTGGTTAGTAACGTACACAT_005,115
TTGGTTAGTAACGTACACAT_006,46
TATAGCTGTTTCGAAGGCGC_001,15
TATAGCTGTTTCGAAGGCGC_002,81
TATAGCTGTTTCGAAGGCGC_003,78
TATAGCTGTTTCGAAGGCGC_004,36
TATAGCTGTTTCGAAGGCGC_005,159
TATAGCTGTTTCGAAGGCGC_006,150
TATAGCTGTTTCGAAGGCGC_007,107
AGGTCTAGGATCACCATCAA_001,88
AGGTCTAGGATCACCATCAA_002,63
AGGTCTAGGATCACCATCAA_003,150
AGGTCTAGGATCACCATCAA_004,9
AGGTCTAGGATCACCATCAA_005,78
AGGTCTAGGATCACCATCAA_006,196
AGGTCTAGGATCACCATCAA_007,120
AGGTCTAGGATCACCATCAA_008,141
AGGTCTAGGATCACCATCAA_009,19
AGGTCTAGGATCACCATCAA_010,175
AGGTCTAGGATCACCATCAA_011,151
AGGTCTAGGATCACCATCAA_012,50
AGGTCTAGGATCACCATCAA_013,78
AGGTCTAGGATCACCATCAA_014,9
AGGTCTAGGATCACCATCAA_015,188
AGGTCTAGGATCACCATCAA_016,43
AGGTCTAGGATCACCATCAA_017,64
TGGAATTGGAGCTAGCATGC_001,191
TGGAATTGGAGCTAGCATGC_002,166
TGGAATTGGAGCTAGCATGC_003,168
TGGAATTGGAGCTAGCATGC_004,15
TGGAATTGGAGCTAGCATGC_005,118
TGGAATTGGAGCTAGCATGC_006,11
TGGAATTGGAGCTAGCATGC_007,147
TGGAATTGGAGCTAGCATGC_008,32
TGGAATTGGAGCTAGCATGC_009,82
TGGAATTGGAGCTAGCATGC_010,128
TGGAATTGGAGCTAGCATGC_011,125
TGGAATTGGAGCTAGCATGC_012,76
TGGAATTGGAGCTAGCATGC_013,17
TGGAATTGGAGCTAGCATGC_014,15
TGGAATTGGAGCTAGCATGC_015,162
TGGAATTGGAGCTAGCATGC_016,177
TGGAATTGGAGCTAGCATGC_017,65
TGGAATTGGAGCTAGCATGC_018,155
TGGAATTGGAGCTAGCATGC_019,43
GATGGATCGCCTCATCACAT_001,98
GATGGATCGCCTCATCACAT_002,160
GATGGATCGCCTCATCACAT_003,55
GATGGATCGCCTCATCACAT_004,176
GATGGATCGCCTCATCACAT_005,17
GATGGATCGCCTCATCACAT_006,37
GATGGATCGCCTCATCACAT_007,57
GATGGATCGCCTCATCACAT_008,142
CAGTGAAGGCCAACCTGGCA_001,107
CAGTGAAGGCCAACCTGGCA_002,157
TGTAGGGCATTGACACTGAG_001,68
TGTAGGGCATTGACACTGAG_002,12
TGTAGGGCATTGACACTGAG_003,19
TGTAGGGCATTGACACTGAG_004,169
TGTAGGGCATTGACACTGAG_005,102
TGTAGGGCATTGACACTGAG_006,111
TGTAGGGCATTGACACTGAG_007,130
TGTAGGGCATTGACACTGAG_008,199
TGTAGGGCATTGACACTGAG_009,192
TGTAGGGCATTGACACTGAG_010,63
TGTAGGGCATTGACACTGAG_011,107
CCAAATCCATAGTGGCACTG_001,42
CCAAATCCATAGTGGCACTG_002,139
CCAAATCCATAGTGGCACTG_003,198
CCAAATCCATAGTGGCACTG_004,6
CCAAATCCATAGTGGCACTG_005,49
CCAAATCCATAGTGGCACTG_006,196
CCAAATCCATAGTGGCACTG_007,1
CCAAATCCATAGTGGCACTG_008,199
CCAAATCCATAGTGGCACTG_009,145
CCAAATCCATAGTGGCACTG_010,81
CCAAATCCATAGTGGCACTG_011,184
CCAAATCCATAGTGGCACTG_012,17
CCAAATCCATAGTGGCACTG_013,19
CCAAATCCATAGTGGCACTG_014,19
CCAAATCCATAGTGGCACTG_015,19
TTCATCTCTTAGTGACAGCG_001,102
TTCATCTCTTAGTGACAGCG_002,60
TTCATCTCTTAGTGACAGCG_003,11
TTCATCTCTTAGTGACAGCG_004,105
TTCATCTCTTAGTGACAGCG_005,31
ACGCTGAATAGTAGCTCAAG_001,49
GATGCGTCGAAAGATGCAAG_001,77
GATGCGTCGAAAGATGCAAG_002,102
GATGCGTCGAAAGATGCAAG_003,1
GATGCGTCGAAAGATGCAAG_004,70
GATGCGTCGAAAGATGCAAG_005,112
GATGCGTCGAAAGATGCAAG_006,75
GATGCGTCGAAAGATGCAAG_007,155
GATGCGTCGAAAGATGCAAG_008,166
GATGCGTCGAAAGATGCAAG_009,82
AACATACATGGGCGTATGCA_001,60
AACATACATGGGCGTATGCA_002,55
AACATACATGGGCGTATGCA_003,44
AACATACATGGGCGTATGCA_004,26
AACATACATGGGCGTATGCA_005,149
AACATACATGGGCGTATGCA_006,128
AACATACATGGGCGTATGCA_007,123
AACATACATGGGCGTATGCA_008,184
AACATACATGGGCGTATGCA_009,3
AACATACATGGGCGTATGCA_010,175
AACATACATGGGCGTATGCA_011,17
AACATACATGGGCGTATGCA_012,57
AACATACATGGGCGTATGCA_013,91
AACATACATGGGCGTATGCA_014,49
AGGAGTCCTACAAAGACCGG_001,16
AGGAGTCCTACAAAGACCGG_002,107
AGGAGTCCTACAAAGACCGG_003,24
AGGAGTCCTACAAAGACCGG_004,194
AGGAGTCCTACAAAGACCGG_005,159
AGGAGTCCTACAAAGACCGG_006,54
AGGAGTCCTACAAAGACCGG_007,95
AGGAGTCCTACAAAGACCGG_008,9
AGGAGTCCTACAAAGACCGG_009,60
AGGAGTCCTACAAAGACCGG_010,126
AGGAGTCCTACAAAGACCGG_011,159
AGGAGTCCTACAAAGACCGG_012,2
ATGTCGTCCAGCAAGCTCAG_001,149
ATGTCGTCCAGCAAGCTCAG_002,52
ATGTCGTCCAGCAAGCTCAG_003,177
ATGTCGTCCAGCAAGCTCAG_004,145
ATGTCGTCCAGCAAGCTCAG_005,169
ATGTCGTCCAGCAAGCTCAG_006,156
ATGTCGTCCAGCAAGCTCAG_007,118
ATGTCGTCCAGCAAGCTCAG_008,84
ATGTCGTCCAGCAAGCTCAG_009,174
ATGTCGTCCAGCAAGCTCAG_010,117
ATGTCGTCCAGCAAGCTCAG_011,64
ATGTCGTCCAGCAAGCTCAG_012,82
ATGTCGTCCAGCAAGCTCAG_013,183
ATGTCGTCCAGCAAGCTCAG_014,134
ATGTCGTCCAGCAAGCTCAG_015,50
ATGTCGTCCAGCAAGCTCAG_016,119
ATGTCGTCCAGCAAGCTCAG_017,158
ATGTCGTCCAGCAAGCTCAG_018,159
ATGTCGTCCAGCAAGCTCAG_019,94
ATGTCGTCCAGCAAGCTCAG_020,19
ATGTCGTCCAGCAAGCTCAG_021,2
CAGCAAGTTATCGGCTTCAG_001,198
CAGCAAGTTATCGGCTTCAG_002,70
AGTTCGTGTCCGAGGTGCAG_001,58
AGTTCGTGTCCGAGGTGCAG_002,157
AGTTCGTGTCCGAGGTGCAG_003,147
AGTTCGTGTCCGAGGTGCAG_004,103
AGTTCGTGTCCGAGGTGCAG_005,197
AGTTCGTGTCCGAGGTGCAG_006,185
AGTTCGTGTCCGAGGTGCAG_007,142
AGTTCGTGTCCGAGGTGCAG_008,74
AGTTCGTGTCCGAGGTGCAG_009,13
AGTTCGTGTCCGAGGTGCAG_010,74
AGTTCGTGTCCGAGGTGCAG_011,144
AGTTCGTGTCCGAGGTGCAG_012,88
AGTTCGTGTCCGAGGTGCAG_013,33
AGTTCGTGTCCGAGGTGCAG_014,68
AGTTCGTGTCCGAGGTGCAG_015,68
AGTTCGTGTCCGAGGTGCAG_016,92
AGTTCGTGTCCGAGGTGCAG_017,36
AGTTCGTGTCCGAGGTGCAG_018,194
AGTTCGTGTCCGAGGTGCAG_019,77
GGTTGCTGTGACGAACGGGG_001,28
GGTTGCTGTGACGAACGGGG_002,133
GGTTGCTGTGACGAACGGGG_003,112
GGTTGCTGTGACGAACGGGG_004,12
GGTTGCTGTGACGAACGGGG_005,24
GGTTGCTGTGACGAACGGGG_006,189
GGTTGCTGTGACGAACGGGG_007,146
GGTTGCTGTGACGAACGGGG_008,19
GGTTGCTGTGACGAACGGGG_009,94
GGTTGCTGTGACGAACGGGG_010,129
GGTTGCTGTGACGAACGGGG_011,34
GGTTGCTGTGACGAACGGGG_012,30
GGTTGCTGTGACGAACGGGG_013,75
GGTTGCTGTGACGAACGGGG_014,161
GGTTGCTGTGACGAACGGGG_015,48
GGTTGCTGTGACGAACGGGG_016,63
GGTTGCTGTGACGAACGGGG_017,107
GGTTGCTGTGACGAACGGGG_018,68
GGTTGCTGTGACGAACGGGG_019,142
GGTTGCTGTGACGAACGGGG_020,166
GGTTGCTGTGACGAACGGGG_021,98
GGTTGCTGTGACGAACGGGG_022,6
GGTTGCTGTGACGAACGGGG_023,171
GGTTGCTGTGACGAACGGGG_024,49
GGTTGCTGTGACGAACGGGG_025,150
GGTTGCTGTGACGAACGGGG_026,76
GGTTGCTGTGACGAACGGGG_027,116
GGTTGCTGTGACGAACGGGG_028,35
GGTTGCTGTGACGAACGGGG_029,105
GGTTGCTGTGACGAACGGGG_030,73
GGTTGCTGTGACGAACGGGG_031,197
GGTTGCTGTGACGAACGGGG_032,68
GGTTGCTGTGACGAACGGGG_033,92
GGTTGCTGTGACGAACGGGG_034,48
GGTTGCTGTGACGAACGGGG_035,177
GGTTGCTGTGACGAACGGGG_036,19
GGTTGCTGTGACGAACGGGG_037,66
TCTGCACTGGAAACATGGGG_001,114
TCTGCACTGGAAACATGGGG_002,112
TCTGCACTGGAAACATGGGG_003,8
TCTGCACTGGAAACATGGGG_004,149
CCGGGTCCTCCTCCGTAGTG_001,116
CCGGGTCCTCCTCCGTAGTG_002,187
CCGGGTCCTCCTCCGTAGTG_003,147
CCGGGTCCTCCTCCGTAGTG_004,128
CCGGGTCCTCCTCCGTAGTG_005,160
CCGGGTCCTCCTCCGTAGTG_006,1
CCGGGTCCTCCTCCGTAGTG_007,116
CCGGGTCCTCCTCCGTAGTG_008,144
CCGGGTCCTCCTCCGTAGTG_009,97
AGGTAGTGGTAGGTATCCTG_001,132
AGGTAGTGGTAGGTATCCTG_002,149
AGGTAGTGGTAGGTATCCTG_003,9
AGGTAGTGGTAGGTATCCTG_004,12
AGGTAGTGGTAGGTATCCTG_005,69
CAGCAGCTGGTCAGACAGGT_001,65
CAGCAGCTGGTCAGACAGGT_002,140
CAGCAGCTGGTCAGACAGGT_003,55
CAGCAGCTGGTCAGACAGGT_004,78
CAGCAGCTGGTCAGACAGGT_005,199
CAGCAGCTGGTCAGACAGGT_006,48
CAGCAGCTGGTCAGACAGGT_007,42
CAGCAGCTGGTCAGACAGGT_008,124
CTGGTTTGGAAGACACACGC_001,35
CTGGTTTGGAAGACACACGC_002,94
CTGGTTTGGAAGACACACGC_003,188
CTGGTTTGGAAGACACACGC_004,48
CTGGTTTGGAAGACACACGC_005,115
CTGGTTTGGAAGACACACGC_006,6
CTGGTTTGGAAGACACACGC_007,166
CTGGTTTGGAAGACACACGC_008,196
CTGGTTTGGAAGACACACGC_009,54
CTGGTTTGGAAGACACACGC_010,178
CTGGTTTGGAAGACACACGC_011,181
CTGGTTTGGAAGACACACGC_012,122
CTGGTTTGGAAGACACACGC_013,133
CTGGTTTGGAAGACACACGC_014,172
CTGGTTTGGAAGACACACGC_015,144
CTGGTTTGGAAGACACACGC_016,172
CTGGTTTGGAAGACACACGC_017,114
CTGGTTTGGAAGACACACGC_018,118
CTGGTTTGGAAGACACACGC_019,188
CTGGTTTGGAAGACACACGC_020,19
CTGGTTTGGAAGACACACGC_021,58
CTGGTTTGGAAGACACACGC_022,36
CTGGTTTGGAAGACACACGC_023,14
CTGGTTTGGAAGACACACGC_024,9
CTGGTTTGGAAGACACACGC_025,194
CTGGTTTGGAAGACACACGC_026,77
CTGGTTTGGAAGACACACGC_027,104
CTGGTTTGGAAGACACACGC_028,17
CTTAGGCGGATCCTCTTGCG_001,67
CTTAGGCGGATCCTCTTGCG_002,197
CTTAGGCGGATCCTCTTGCG_003,14
CTTCAGCAGGAGATGCTGTG_001,1
CTTCAGCAGGAGATGCTGTG_002,56
CTTCAGCAGGAGATGCTGTG_003,145
CTTCAGCAGGAGATGCTGTG_004,177
CTTCAGCAGGAGATGCTGTG_005,130
CTTCAGCAGGAGATGCTGTG_006,133
CTTCAGCAGGAGATGCTGTG_007,91
CTTCAGCAGGAGATGCTGTG_008,25
CTTCAGCAGGAGATGCTGTG_009,20
CTTCAGCAGGAGATGCTGTG_010,78
CTTCAGCAGGAGATGCTGTG_011,27
CTTCAGCAGGAGATGCTGTG_012,169
CTTCAGCAGGAGATGCTGTG_013,101
CTTCAGCAGGAGATGCTGTG_014,154
CTTCAGCAGGAGATGCTGTG_015,43
CTTCAGCAGGAGATGCTGTG_016,39
GTTCTAGTGACTTCAAACTC_001,71
GTTCTAGTGACTTCAAACTC_002,107
GTTCTAGTGACTTCAAACTC_003,148
GTTCTAGTGACTTCAAACTC_004,15
GTTCTAGTGACTTCAAACTC_005,5
GTTCTAGTGACTTCAAACTC_006,64
GAAGTCACGGAACTGCATAG_001,158
GAAGTCACGGAACTGCATAG_002,115
GAAGTCACGGAACTGCATAG_003,78
GAAGTCACGGAACTGCATAG_004,119
GAAGTCACGGAACTGCATAG_005,188
GAAGTCACGGAACTGCATAG_006,57
GAAGTCACGGAACTGCATAG_007,50
GAAGTCACGGAACTGCATAG_008,177
GAAGTCACGGAACTGCATAG_009,58
GAAGTCACGGAACTGCATAG_010,176
GAAGTCACGGAACTGCATAG_011,62
GAAGTCACGGAACTGCATAG_012,169
GAAGTCACGGAACTGCATAG_013,8
GAAGTCACGGAACTGCATAG_014,48
GAAGTCACGGAACTGCATAG_015,99
TTGGACTAGTCATGAAGGAG_001,29
TTGGACTAGTCATGAAGGAG_002,54
TTGGACTAGTCATGAAGGAG_003,186
TTGGACTAGTCATGAAGGAG_004,42
TTGGACTAGTCATGAAGGAG_005,48
TTGGACTAGTCATGAAGGAG_006,43
AATGTGATAAAACCTTCACC_001,55
AATGTGATAAAACCTTCACC_002,137
CTGTAGTTGGACAGTCCATA_001,177
CTGTAGTTGGACAGTCCATA_002,129
CTGTAGTTGGACAGTCCATA_003,47
CTGTAGTTGGACAGTCCATA_004,2
CTGTAGTTGGACAGTCCATA_005,25
CTGTAGTTGGACAGTCCATA_006,145
CTGTAGTTGGACAGTCCATA_007,70
CTGTAGTTGGACAGTCCATA_008,38
CTGTAGTTGGACAGTCCATA_009,169
CTGTAGTTGGACAGTCCATA_010,153
CTGTAGTTGGACAGTCCATA_011,12
CTGTAGTTGGACAGTCCATA_012,78
CTGTAGTTGGACAGTCCATA_013,152
CTGTAGTTGGACAGTCCATA_014,48
CTGTAGTTGGACAGTCCATA_015,49
CTGTAGTTGGACAGTCCATA_016,22
CTGTAGTTGGACAGTCCATA_017,191
CTGTAGTTGGACAGTCCATA_018,47
CTTGTTATTGGTTCATGACA_001,44
CTTGTTATTGGTTCATGACA_002,199
CTTGTTATTGGTTCATGACA_003,127
CTTGTTATTGGTTCATGACA_004,59
CTTGTTATTGGTTCATGACA_005,123
TCACCTTGATGAGAGGATCT_001,57
TCACCTTGATGAGAGGATCT_002,97
TCACCTTGATGAGAGGATCT_003,103
TCACCTTGATGAGAGGATCT_004,61
TCACCTTGATGAGAGGATCT_005,65
TCACCTTGATGAGAGGATCT_006,70
TCACCTTGATGAGAGGATCT_007,100
TCACCTTGATGAGAGGATCT_008,137
TCACCTTGATGAGAGGATCT_009,32
ATGTGCTCACAGTATGACTG_001,199
ATGTGCTCACAGTATGACTG_002,169
ATGTGCTCACAGTATGACTG_003,150
ATGTGCTCACAGTATGACTG_004,28
ATGTGCTCACAGTATGACTG_005,137
ATGTGCTCACAGTATGACTG_006,54
ATGTGCTCACAGTATGACTG_007,121
ATGTGCTCACAGTATGACTG_008,92
ATGTGCTCACAGTATGACTG_009,157
ATGTGCTCACAGTATGACTG_010,198
ATGTGCTCACAGTATGACTG_011,126
ATGTGCTCACAGTATGACTG_012,82
ATGTGCTCACAGTATGACTG_013,8
ATGTGCTCACAGTATGACTG_014,134
ATGTGCTCACAGTATGACTG_015,112
ATGTGCTCACAGTATGACTG_016,23
ATGTGCTCACAGTATGACTG_017,87
ATGTGCTCACAGTATGACTG_018,77
ATGTGCTCACAGTATGACTG_019,49
ATGTGCTCACAGTATGACTG_020,116
ATGTGCTCACAGTATGACTG_021,147
ATGTGCTCACAGTATGACTG_022,140
ATGTGCTCACAGTATGACTG_023,138
ATGTGCTCACAGTATGACTG_024,36
CCGAGAAAGGCCCCACAGCG_001,199
CCGAGAAAGGCCCCACAGCG_002,12
CCGAGAAAGGCCCCACAGCG_003,178
CCGAGAAAGGCCCCACAGCG_004,178
CCGAGAAAGGCCCCACAGCG_005,122
CCGAGAAAGGCCCCACAGCG_006,64
CCGAGAAAGGCCCCACAGCG_007,18
CCGAGAAAGGCCCCACAGCG_008,178
CCGAGAAAGGCCCCACAGCG_009,190
CCGAGAAAGGCCCCACAGCG_010,29
CCGAGAAAGGCCCCACAGCG_011,118
CCGAGAAAGGCCCCACAGCG_012,24
CTCAACGACTGCGTGTGCGA_001,110
CTCAACGACTGCGTGTGCGA_002,173
CTCAACGACTGCGTGTGCGA_003,173
CTCAACGACTGCGTGTGCGA_004,119
CTCAACGACTGCGTGTGCGA_005,119
CTCAACGACTGCGTGTGCGA_006,170
CTCAACGACTGCGTGTGCGA_007,184
CTCAACGACTGCGTGTGCGA_008,191
CTCAACGACTGCGTGTGCGA_009,92
CTCAACGACTGCGTGTGCGA_010,130
CTCAACGACTGCGTGTGCGA_011,27
CTCAACGACTGCGTGTGCGA_012,108
CTCAACGACTGCGTGTGCGA_013,169
TTCACAGAAGCTCTGCACAC_001,130
TTCACAGAAGCTCTGCACAC_002,4
TTCACAGAAGCTCTGCACAC_003,11
TTCACAGAAGCTCTGCACAC_004,26
TTCACAGAAGCTCTGCACAC_005,34
TTCACAGAAGCTCTGCACAC_006,53
TTCACAGAAGCTCTGCACAC_007,191
TTCACAGAAGCTCTGCACAC_008,88
TTCACAGAAGCTCTGCACAC_009,118
TTCACAGAAGCTCTGCACAC_010,80
TTCACAGAAGCTCTGCACAC_011,162
CATCACCATGTCGGTAGTCG_001,23
CATCACCATGTCGGTAGTCG_002,115
CATCACCATGTCGGTAGTCG_003,185
CATCACCATGTCGGTAGTCG_004,5
ATCTCAGAAGAAAAATCACA_001,50
TAGGTGATGGTAATGCCCGA_001,181
TAGGTGATGGTAATGCCCGA_002,152
TAGGTGATGGTAATGCCCGA_003,166
TAGGTGATGGTAATGCCCGA_004,3
TAGGTGATGGTAATGCCCGA_005,137
TAGGTGATGGTAATGCCCGA_006,81
TAGGTGATGGTAATGCCCGA_007,85
TAGGTGATGGTAATGCCCGA_008,101
AGAGCAACCCTATTGCACTC_001,45
AGAGCAACCCTATTGCACTC_002,115
AGAGCAACCCTATTGCACTC_003,117
AGAGCAACCCTATTGCACTC_004,147
AGAGCAACCCTATTGCACTC_005,46
AGAGCAACCCTATTGCACTC_006,31
ATGCAAGAGATGGTTTCCCA_001,196
ATGCAAGAGATGGTTTCCCA_002,97
ATGCAAGAGATGGTTTCCCA_003,62
ATGCAAGAGATGGTTTCCCA_004,135
ATGCAAGAGATGGTTTCCCA_005,161
ATGCAAGAGATGGTTTCCCA_006,121
ATGCAAGAGATGGTTTCCCA_007,150
ATGCAAGAGATGGTTTCCCA_008,145
ATGCAAGAGATGGTTTCCCA_009,8
ATGCAAGAGATGGTTTCCCA_010,72
ATGCAAGAGATGGTTTCCCA_011,129
ATGCAAGAGATGGTTTCCCA_012,106
ATGCAAGAGATGGTTTCCCA_013,51
ATGCAAGAGATGGTTTCCCA_014,65
ATGCAAGAGATGGTTTCCCA_015,128
ATGCAAGAGATGGTTTCCCA_016,124
ATGCAAGAGATGGTTTCCCA_017,176
ATGCAAGAGATGGTTTCCCA_018,79
ATGCAAGAGATGGTTTCCCA_019,16
TGCCCACTATGTCTATCCGC_001,166
TGCCCACTATGTCTATCCGC_002,103
TCTGTCCAGACACTCTCATG_001,52
TCTGTCCAGACACTCTCATG_002,28
TCTGTCCAGACACTCTCATG_003,140
TCTGTCCAGACACTCTCATG_004,140
TCTGTCCAGACACTCTCATG_005,39
GGAAGGCCGATGCGACCATG_001,158
GGAAGGCCGATGCGACCATG_002,193
GGAAGGCCGATGCGACCATG_003,104
GGAAGGCCGATGCGACCATG_004,154
GGAAGGCCGATGCGACCATG_005,43
GGAAGGCCGATGCGACCATG_006,151
GGAAGGCCGATGCGACCATG_007,63
GGAAGGCCGATGCGACCATG_008,14
ATCCTGGGTAGGGTCCGTCG_001,48
ATCCTGGGTAGGGTCCGTCG_002,6
ATCCTGGGTAGGGTCCGTCG_003,160
ATCCTGGGTAGGGTCCGTCG_004,96
ATCCTGGGTAGGGTCCGTCG_005,176
ATCCTGGGTAGGGTCCGTCG_006,22
ATCCTGGGTAGGGTCCGTCG_007,51
ATCCTGGGTAGGGTCCGTCG_008,198
ATCCTGGGTAGGGTCCGTCG_009,67
ATCCTGGGTAGGGTCCGTCG_010,168
ATCCTGGGTAGGGTCCGTCG_011,105
ATCCTGGGTAGGGTCCGTCG_012,139
ATCCTGGGTAGGGTCCGTCG_013,11
ATCCTGGGTAGGGTCCGTCG_014,35
ATCCTGGGTAGGGTCCGTCG_015,20
ATCCTGGGTAGGGTCCGTCG_016,98
ATCCTGGGTAGGGTCCGTCG_017,75
ATCCTGGGTAGGGTCCGTCG_018,17
ATCCTGGGTAGGGTCCGTCG_019,71
ATCCTGGGTAGGGTCCGTCG_020,12
ATCCTGGGTAGGGTCCGTCG_021,7
ATCCTGGGTAGGGTCCGTCG_022,190
ATCCTGGGTAGGGTCCGTCG_023,182
ATCCTGGGTAGGGTCCGTCG_024,41
ATCCTGGGTAGGGTCCGTCG_025,121
ATCCTGGGTAGGGTCCGTCG_026,0
ATCCTGGGTAGGGTCCGTCG_027,199
ATCCTGGGTAGGGTCCGTCG_028,7
ATCCTGGGTAGGGTCCGTCG_029,178
ATCCTGGGTAGGGTCCGTCG_030,162
ATCCTGGGTAGGGTCCGTCG_031,150
ATCCTGGGTAGGGTCCGTCG_032,12
ATCCTGGGTAGGGTCCGTCG_033,184
ATCCTGGGTAGGGTCCGTCG_034,148
ATCCTGGGTAGGGTCCGTCG_035,19
ATCCTGGGTAGGGTCCGTCG_036,153
ATCCTGGGTAGGGTCCGTCG_037,144
GGTCCTTCCCATCATATGTG_001,112
GGTCCTTCCCATCATATGTG_002,50
GGTCCTTCCCATCATATGTG_003,97
GGTCCTTCCCATCATATGTG_004,141
GGTCCTTCCCATCATATGTG_005,60
GGTCCTTCCCATCATATGTG_006,62
GGTCCTTCCCATCATATGTG_007,26
GGTCCTTCCCATCATATGTG_008,170
GGTCCTTCCCATCATATGTG_009,138
GGTCCTTCCCATCATATGTG_010,149
GGTCCTTCCCATCATATGTG_011,172
GGTCCTTCCCATCATATGTG_012,18
GGTCCTTCCCATCATATGTG_013,9
GGTCCTTCCCATCATATGTG_014,140
GGTCCTTCCCATCATATGTG_015,58
GGTCCTTCCCATCATATGTG_016,103
GGTCCTTCCCATCATATGTG_017,160
GGTCCTTCCCATCATATGTG_018,94
GGTCCTTCCCATCATATGTG_019,145
GGTCCTTCCCATCATATGTG_020,29
GGTCCTTCCCATCATATGTG_021,41
GGTCCTTCCCATCATATGTG_022,56
GGTCCTTCCCATCATATGTG_023,141
GGTCCTTCCCATCATATGTG_024,105
GAATCAAATGATAAACTGCG_001,175
GAATCAAATGATAAACTGCG_002,43
AAAGGGTCAATAGAAGGACA_001,48
AAAGGGTCAATAGAAGGACA_002,62
AAAGGGTCAATAGAAGGACA_003,103
AAAGGGTCAATAGAAGGACA_004,15
AAAGGGTCAATAGAAGGACA_005,84
AAAGGGTCAATAGAAGGACA_006,149
AAAGGGTCAATAGAAGGACA_007,28
AAAGGGTCAATAGAAGGACA_008,158
AAAGGGTCAATAGAAGGACA_009,108
AAAGGGTCAATAGAAGGACA_010,36
AAAGGGTCAATAGAAGGACA_011,111
AAAGGGTCAATAGAAGGACA_012,36
AAAGGGTCAATAGAAGGACA_013,6
AATCCACCTCATGAAATGTG_001,164
AATCCACCTCATGAAATGTG_002,164
AATCCACCTCATGAAATGTG_003,148
AATCCACCTCATGAAATGTG_004,57
GGTGGAATGAAGCAACAGAG_001,28
GGTGGAATGAAGCAACAGAG_002,65
TACCTGATTTGACATAAGTG_001,176
TACCTGATTTGACATAAGTG_002,58
TACCTGATTTGACATAAGTG_003,26
TACCTGATTTGACATAAGTG_004,166
TACCTGATTTGACATAAGTG_005,16
TACCTGATTTGACATAAGTG_006,137
TACCTGATTTGACATAAGTG_007,58
TACCTGATTTGACATAAGTG_008,94
TACCTGATTTGACATAAGTG_009,140
TACCTGATTTGACATAAGTG_010,159
TACCTGATTTGACATAAGTG_011,152
TACCTGATTTGACATAAGTG_012,127
TAGCGCCCACCATTAGCCAT_001,111
TAGCGCCCACCATTAGCCAT_002,143
TAGCGCCCACCATTAGCCAT_003,70
TAGCGCCCACCATTAGCCAT_004,170
TAGCGCCCACCATTAGCCAT_005,105
TAGCGCCCACCATTAGCCAT_006,38
TAGCGCCCACCATTAGCCAT_007,58
TAGCGCCCACCATTAGCCAT_008,98
TAGCGCCCACCATTAGCCAT_009,76
TAGCGCCCACCATTAGCCAT_010,184
TAGCGCCCACCATTAGCCAT_011,184
TAGCGCCCACCATTAGCCAT_012,145
TAGCGCCCACCATTAGCCAT_013,40
TAGCGCCCACCATTAGCCAT_014,8
TAGCGCCCACCATTAGCCAT_015,5
TAGCGCCCACCATTAGCCAT_016,170
TAGCGCCCACCATTAGCCAT_017,94
TAGCGCCCACCATTAGCCAT_018,8
TAGCGCCCACCATTAGCCAT_019,34
GCAGGCCACCATCCGCGACG_001,158
GCAGGCCACCATCCGCGACG_002,196
GCAGGCCACCATCCGCGACG_003,104
GCAGGCCACCATCCGCGACG_004,70
ACTTTGGCGTCATTCAACGT_001,116
ACTTTGGCGTCATTCAACGT_002,189
ACTTTGGCGTCATTCAACGT_003,8
ACTTTGGCGTCATTCAACGT_004,94
GTACCGAAGGCACTACACGC_001,123
GTACCGAAGGCACTACACGC_002,62
GTACCGAAGGCACTACACGC_003,158
GTACCGAAGGCACTACACGC_004,176
GTACCGAAGGCACTACACGC_005,108
GTACCGAAGGCACTACACGC_006,108
GTACCGAAGGCACTACACGC_007,117
GTACCGAAGGCACTACACGC_008,150
GTACCGAAGGCACTACACGC_009,68
GTACCGAAGGCACTACACGC_010,144
GTACCGAAGGCACTACACGC_011,86
GTACCGAAGGCACTACACGC_012,86
GTACCGAAGGCACTACACGC_013,108
GTACCGAAGGCACTACACGC_014,185
GTACCGAAGGCACTACACGC_015,183
GTACCGAAGGCACTACACGC_016,14
GTACCGAAGGCACTACACGC_017,142
GTACCGAAGGCACTACACGC_018,158
GAAGCATTACCTTTGCATCG_001,158
GAAGCATTACCTTTGCATCG_002,40
GTGCAGTGTTCGTGTCGGAG_001,42
GTGCAGTGTTCGTGTCGGAG_002,75
GTGCAGTGTTCGTGTCGGAG_003,158
GTGCAGTGTTCGTGTCGGAG_004,2
GTTTAATCGAATCTCCGTGG_001,148
GTTTAATCGAATCTCCGTGG_002,141
GTTTAATCGAATCTCCGTGG_003,38
GTTTAATCGAATCTCCGTGG_004,116
TGGGAGCCAAGAGTGCTGAA_001,132
TGGGAGCCAAGAGTGCTGAA_002,109
TGGGAGCCAAGAGTGCTGAA_003,109
TGGGAGCCAAGAGTGCTGAA_004,85
TGGGAGCCAAGAGTGCTGAA_005,38
TGGGAGCCAAGAGTGCTGAA_006,0
TGGGAGCCAAGAGTGCTGAA_007,158
TGGGAGCCAAGAGTGCTGAA_008,17
CAGGGATAAAGATCCACCAA_001,32
CAGGGATAAAGATCCACCAA_002,80
CAGGGATAAAGATCCACCAA_003,105
CAGGGATAAAGATCCACCAA_004,199
CAGGGATAAAGATCCACCAA_005,199
CTCATGGACTATGACCCGCG_001,144
GAAGAGCAAGAACGACTCGA_001,74
GAAGAGCAAGAACGACTCGA_002,153
GAAGAGCAAGAACGACTCGA_003,180
GAAGAGCAAGAACGACTCGA_004,26
GAAGAGCAAGAACGACTCGA_005,65
GAAGAGCAAGAACGACTCGA_006,115
GAAGAGCAAGAACGACTCGA_007,56
GAAGAGCAAGAACGACTCGA_008,121
ATCACAGTGTTACCTGACAT_001,8
ATCACAGTGTTACCTGACAT_002,105
ATCACAGTGTTACCTGACAT_003,161
ATCACAGTGTTACCTGACAT_004,0
ATCACAGTGTTACCTGACAT_005,81
ATCACAGTGTTACCTGACAT_006,70
ATCACAGTGTTACCTGACAT_007,19
ATCACAGTGTTACCTGACAT_008,29
ATCACAGTGTTACCTGACAT_009,191
GCTGGTGTGGTAAAATACCG_001,81
GCTGGTGTGGTAAAATACCG_002,125
GCTGGTGTGGTAAAATACCG_003,104
GCTGGTGTGGTAAAATACCG_004,68
TACCGGACACCAGAGTAAGG_001,1
TACCGGACACCAGAGTAAGG_002,16
TACCGGACACCAGAGTAAGG_003,40
TACCGGACACCAGAGTAAGG_004,6
ATTGTACCAACAAACTACAA_001,198
ATTGTACCAACAAACTACAA_002,103
ATTGTACCAACAAACTACAA_003,69
CACCACCACACCATACGCCA_001,173
CACCACCACACCATACGCCA_002,158
CACCACCACACCATACGCCA_003,160
CACCACCACACCATACGCCA_004,125
CACCACCACACCATACGCCA_005,46
CACCACCACACCATACGCCA_006,91
CACCACCACACCATACGCCA_007,99
CACCACCACACCATACGCCA_008,85
CACCACCACACCATACGCCA_009,52
CACCACCACACCATACGCCA_010,191
CACCACCACACCATACGCCA_011,24
CACCACCACACCATACGCCA_012,28
CACCACCACACCATACGCCA_013,118
CACCACCACACCATACGCCA_014,3
GATGAGATAGCACTCACTGG_001,157
GATGAGATAGCACTCACTGG_002,20
TGTGTGCATGCTAGTAACTG_001,0
TGTGTGCATGCTAGTAACTG_002,40
TGTGTGCATGCTAGTAACTG_003,42
TGTGTGCATGCTAGTAACTG_004,178
AGGTATAAAACACTGCGAAG_001,2
AGGTATAAAACACTGCGAAG_002,101
AGGTATAAAACACTGCGAAG_003,51
AGGTATAAAACACTGCGAAG_004,33
AGGTATAAAACACTGCGAAG_005,93
AGGTATAAAACACTGCGAAG_006,69
AGGTATAAAACACTGCGAAG_007,62
AGGTATAAAACACTGCGAAG_008,28
AGGTATAAAACACTGCGAAG_009,72
AGGTATAAAACACTGCGAAG_010,193
AGGTATAAAACACTGCGAAG_011,96
AGGTATAAAACACTGCGAAG_012,57
GGAGCTTATTGAAAGACTAG_001,62
GGAGCTTATTGAAAGACTAG_002,130
GGAGCTTATTGAAAGACTAG_003,175
GGAGCTTATTGAAAGACTAG_004,34
GGAGCTTATTGAAAGACTAG_005,187
GGAGCTTATTGAAAGACTAG_006,47
TAATGAAACAAAGCACTCAG_001,41
TAATGAAACAAAGCACTCAG_002,158
TAATGAAACAAAGCACTCAG_003,40
TAATGAAACAAAGCACTCAG_004,81
TAATGAAACAAAGCACTCAG_005,131
TAATGAAACAAAGCACTCAG_006,104
TAATGAAACAAAGCACTCAG_007,147
TAATGAAACAAAGCACTCAG_008,40
TAATGAAACAAAGCACTCAG_009,94
TAATGAAACAAAGCACTCAG_010,25
TAATGAAACAAAGCACTCAG_011,165
AGAACTGAATGCACTACAGG_001,37
AGAACTGAATGCACTACAGG_002,54
AGAACTGAATGCACTACAGG_003,127
AGAACTGAATGCACTACAGG_004,33
AGAACTGAATGCACTACAGG_005,31
AGAACTGAATGCACTACAGG_006,75
AGAACTGAATGCACTACAGG_007,88
AGAACTGAATGCACTACAGG_008,12
AGAACTGAATGCACTACAGG_009,8
AGAACTGAATGCACTACAGG_010,33
AGAACTGAATGCACTACAGG_011,77
AGAACTGAATGCACTACAGG_012,171
AGAACTGAATGCACTACAGG_013,17
AGAACTGAATGCACTACAGG_014,6
AGAACTGAATGCACTACAGG_015,193
AGAACTGAATGCACTACAGG_016,126
CGTCAAAGCAGGGAACCACG_001,172
CGTCAAAGCAGGGAACCACG_002,130
CGTCAAAGCAGGGAACCACG_003,184
CGTCAAAGCAGGGAACCACG_004,115
CGTCAAAGCAGGGAACCACG_005,6
CGTCAAAGCAGGGAACCACG_006,146
CGTCAAAGCAGGGAACCACG_007,145
CGTCAAAGCAGGGAACCACG_008,77
CGTCAAAGCAGGGAACCACG_009,161
CGTCAAAGCAGGGAACCACG_010,161
CGTCAAAGCAGGGAACCACG_011,160
CGTCAAAGCAGGGAACCACG_012,185
CGTCAAAGCAGGGAACCACG_013,135
CGTCAAAGCAGGGAACCACG_014,34
CGTCAAAGCAGGGAACCACG_015,8
CGTCAAAGCAGGGAACCACG_016,31
CGTCAAAGCAGGGAACCACG_017,54
CGTCAAAGCAGGGAACCACG_018,43
CGTCAAAGCAGGGAACCACG_019,22
CGTCAAAGCAGGGAACCACG_020,37
CGTCAAAGCAGGGAACCACG_021,180
CGTCAAAGCAGGGAACCACG_022,157
CGTCAAAGCAGGGAACCACG_023,198
CGTCAAAGCAGGGAACCACG_024,81
CTGCAACCTGCTTAACTCGG_001,95
CTGCAACCTGCTTAACTCGG_002,15
CTGCAACCTGCTTAACTCGG_003,114
CTGCAACCTGCTTAACTCGG_004,127
CTGCAACCTGCTTAACTCGG_005,60
CTGCAACCTGCTTAACTCGG_006,127
CTGCAACCTGCTTAACTCGG_007,118
CTGCAACCTGCTTAACTCGG_008,138
CTGCAACCTGCTTAACTCGG_009,168
CTGCAACCTGCTTAACTCGG_010,52
CTGCAACCTGCTTAACTCGG_011,76
CTGCAACCTGCTTAACTCGG_012,58
CTGCAACCTGCTTAACTCGG_013,77
CTGCAACCTGCTTAACTCGG_014,66
CTGCAACCTGCTTAACTCGG_015,88
CTGCAACCTGCTTAACTCGG_016,82
CTGCAACCTGCTTAACTCGG_017,166
CTGCAACCTGCTTAACTCGG_018,18
CTGCAACCTGCTTAACTCGG_019,157
CCAATGCAGTAGATATCAGG_001,71
TATTTATACACTATGCGGCA_001,51
TATTTATACACTATGCGGCA_002,120
TATTTATACACTATGCGGCA_003,127
TATTTATACACTATGCGGCA_004,21
GCCATAGTAAGCTTCCTGAG_001,16
GCCATAGTAAGCTTCCTGAG_002,57
GCCATAGTAAGCTTCCTGAG_003,189
GCCATAGTAAGCTTCCTGAG_004,169
GCCATAGTAAGCTTCCTGAG_005,115
GCCATAGTAAGCTTCCTGAG_006,47
GCCATAGTAAGCTTCCTGAG_007,108
GCCATAGTAAGCTTCCTGAG_008,158
GCCATAGTAAGCTTCCTGAG_009,98
GCCATAGTAAGCTTCCTGAG_010,90
GCCATAGTAAGCTTCCTGAG_011,59
GCCATAGTAAGCTTCCTGAG_012,5
GCCATAGTAAGCTTCCTGAG_013,192
GCCATAGTAAGCTTCCTGAG_014,153
GCCATAGTAAGCTTCCTGAG_015,146
GCCATAGTAAGCTTCCTGAG_016,60
GCCATAGTAAGCTTCCTGAG_017,40
TGCAAAGACCCATACATCAC_001,93
TGCAAAGACCCATACATCAC_002,67
TGCAAAGACCCATACATCAC_003,166
TGCCGCCAAATCATCCCAGT_001,177
TGCCGCCAAATCATCCCAGT_002,28
GGAAGCTGTTACATTCACGA_001,94
GGAAGCTGTTACATTCACGA_002,148
GGAAGCTGTTACATTCACGA_003,169
GGAAGCTGTTACATTCACGA_004,48
GGAAGCTGTTACATTCACGA_005,143
GGAAGCTGTTACATTCACGA_006,143
GGAAGCTGTTACATTCACGA_007,19
GGAAGCTGTTACATTCACGA_008,43
GGAAGCTGTTACATTCACGA_009,155
GGAAGCTGTTACATTCACGA_010,39
GTCTACACAACAGTGAAGTG_001,172
GTCTACACAACAGTGAAGTG_002,0
GTCTACACAACAGTGAAGTG_003,197
GTCTACACAACAGTGAAGTG_004,178
GTCTACACAACAGTGAAGTG_005,94
GTCTACACAACAGTGAAGTG_006,146
GTCTACACAACAGTGAAGTG_007,35
GTCTACACAACAGTGAAGTG_008,168
GTCTACACAACAGTGAAGTG_009,191
GTCTACACAACAGTGAAGTG_010,142
TGGGCGGGTCCCGAATACCA_001,40
TGGGCGGGTCCCGAATACCA_002,188
TGGGCGGGTCCCGAATACCA_003,110
TGGGCGGGTCCCGAATACCA_004,104
TACCATACAAGCCCCTCGCT_001,98
TACCATACAAGCCCCTCGCT_002,141
TACCATACAAGCCCCTCGCT_003,170
TACCATACAAGCCCCTCGCT_004,92
TACCATACAAGCCCCTCGCT_005,186
TACCATACAAGCCCCTCGCT_006,78
TCATAATCACCAAACATAGG_001,84
TCATAATCACCAAACATAGG_002,183
TCATAATCACCAAACATAGG_003,175
TCATAATCACCAAACATAGG_004,48
TCATAATCACCAAACATAGG_005,156
TCATAATCACCAAACATAGG_006,10
AAGAATTTGGACTTTGTACT_001,170
AAGAATTTGGACTTTGTACT_002,0
CACTCGTTACTCGACATCAG_001,106
CACTCGTTACTCGACATCAG_002,47
CACTCGTTACTCGACATCAG_003,47
CACTCGTTACTCGACATCAG_004,150
CACTCGTTACTCGACATCAG_005,50
CACTCGTTACTCGACATCAG_006,185
CACTCGTTACTCGACATCAG_007,15
CACTCGTTACTCGACATCAG_008,124
CACTCGTTACTCGACATCAG_009,148
CACTCGTTACTCGACATCAG_010,91
CACTCGTTACTCGACATCAG_011,124
CACTCGTTACTCGACATCAG_012,191
CACTCGTTACTCGACATCAG_013,105
TTTATAGATTGGCATAAACC_001,47
TTTATAGATTGGCATAAACC_002,181
TTTATAGATTGGCATAAACC_003,6
TTTATAGATTGGCATAAACC_004,72
TGCTGACCATATCCACAGCG_001,72
TGCTGACCATATCCACAGCG_002,91
TGCTGACCATATCCACAGCG_003,161
TGCTGACCATATCCACAGCG_004,190
TGCTGACCATATCCACAGCG_005,129
TGCTGACCATATCCACAGCG_006,60
TGCTGACCATATCCACAGCG_007,98
TGCTGACCATATCCACAGCG_008,175
TGCTGACCATATCCACAGCG_009,77
TGCTGACCATATCCACAGCG_010,147
AGGATGTTGTCGGAACTGGG_001,36
AGGATGTTGTCGGAACTGGG_002,53
AGGATGTTGTCGGAACTGGG_003,85
AGGATGTTGTCGGAACTGGG_004,23
AGGATGTTGTCGGAACTGGG_005,98
AGGATGTTGTCGGAACTGGG_006,177
AGGATGTTGTCGGAACTGGG_007,2
AGGATGTTGTCGGAACTGGG_008,169
AGGATGTTGTCGGAACTGGG_009,187
AGGATGTTGTCGGAACTGGG_010,46
AGGATGTTGTCGGAACTGGG_011,174
AGGATGTTGTCGGAACTGGG_012,100
AGGATGTTGTCGGAACTGGG_013,137
AGGATGTTGTCGGAACTGGG_014,113
AGGATGTTGTCGGAACTGGG_015,129
AGGATGTTGTCGGAACTGGG_016,130
AGGATGTTGTCGGAACTGGG_017,114
AGGATGTTGTCGGAACTGGG_018,191
AGGATGTTGTCGGAACTGGG_019,34
AGGATGTTGTCGGAACTGGG_020,184
AGGATGTTGTCGGAACTGGG_021,146
CTCCCACGAAACTACCACTG_001,68
CTCCCACGAAACTACCACTG_002,130
CTCCCACGAAACTACCACTG_003,76
CTCCCACGAAACTACCACTG_004,127
CTCCCACGAAACTACCACTG_005,38
CTCCCACGAAACTACCACTG_006,161
CTCCCACGAAACTACCACTG_007,73
CTCCCACGAAACTACCACTG_008,6
CTCCCACGAAACTACCACTG_009,19
CTCCCACGAAACTACCACTG_010,182
CTCCCACGAAACTACCACTG_011,74
CTCCCACGAAACTACCACTG_012,1
CTCCCACGAAACTACCACTG_013,2
CTCCCACGAAACTACCACTG_014,48
CTCCCACGAAACTACCACTG_015,65
CTCCCACGAAACTACCACTG_016,52
CTCCCACGAAACTACCACTG_017,58
CTCCCACGAAACTACCACTG_018,164
CTCCCACGAAACTACCACTG_019,164
CTCCCACGAAACTACCACTG_020,160
CTCCCACGAAACTACCACTG_021,126
CTCCCACGAAACTACCACTG_022,104
CTCCCACGAAACTACCACTG_023,15
CTCCCACGAAACTACCACTG_024,43
CTCCCACGAAACTACCACTG_025,125
CTCCCACGAAACTACCACTG_026,28
CTCCCACGAAACTACCACTG_027,17
CTCCCACGAAACTACCACTG_028,19
CTCCCACGAAACTACCACTG_029,12
CTCCCACGAAACTACCACTG_030,33
CTCCCACGAAACTACCACTG_031,66
CTCCCACGAAACTACCACTG_032,129
CTCCCACGAAACTACCACTG_033,196
CTCCCACGAAACTACCACTG_034,198
CTCCCACGAAACTACCACTG_035,35
CTCCCACGAAACTACCACTG_036,35
CTCCCACGAAACTACCACTG_037,148
CTCCCACGAAACTACCACTG_038,168
CTCCCACGAAACTACCACTG_039,49
CACGGTTCGGGGGTATACAT_001,183
CACGGTTCGGGGGTATACAT_002,54
CACGGTTCGGGGGTATACAT_003,98
CACGGTTCGGGGGTATACAT_004,9
CACGGTTCGGGGGTATACAT_005,115
CAGATTTACGAGTATCGGAA_001,12
CAGATTTACGAGTATCGGAA_002,155
CAGATTTACGAGTATCGGAA_003,184
CAGATTTACGAGTATCGGAA_004,5
AGAGGAAGAAAAACTTCAAG_001,172
AGAGGAAGAAAAACTTCAAG_002,112
AGAGGAAGAAAAACTTCAAG_003,127
AGAGGAAGAAAAACTTCAAG_004,13
AGAGGAAGAAAAACTTCAAG_005,130
AGAGGAAGAAAAACTTCAAG_006,152
TTCGTGGTAGGTATAACTAT_001,72
TTCGTGGTAGGTATAACTAT_002,8
CATCCCGGGCAAAAGCGGCG_001,69
CATCCCGGGCAAAAGCGGCG_002,152
CATCCCGGGCAAAAGCGGCG_003,36
CATCCCGGGCAAAAGCGGCG_004,6
CATCCCGGGCAAAAGCGGCG_005,100
CATCCCGGGCAAAAGCGGCG_006,153
CATCCCGGGCAAAAGCGGCG_007,78
CATCCCGGGCAAAAGCGGCG_008,161
CCTTGTAGGCGTGGATAGCG_001,16
CCTTGTAGGCGTGGATAGCG_002,28
CCTTGTAGGCGTGGATAGCG_003,12
CCTTGTAGGCGTGGATAGCG_004,5
CCTTGTAGGCGTGGATAGCG_005,143
CCTTGTAGGCGTGGATAGCG_006,58
CCTTGTAGGCGTGGATAGCG_007,142
CCTTGTAGGCGTGGATAGCG_008,2
CCTTGTAGGCGTGGATAGCG_009,149
CCTTGTAGGCGTGGATAGCG_010,56
ACTGCCTCAGGAAACCAACC_001,27
ACTGCCTCAGGAAACCAACC_002,14
ACTGCCTCAGGAAACCAACC_003,14
ACTGCCTCAGGAAACCAACC_004,12
ACTGCCTCAGGAAACCAACC_005,12
ACTGCCTCAGGAAACCAACC_006,125
ACTGCCTCAGGAAACCAACC_007,170
ACTGCCTCAGGAAACCAACC_008,198
ACTGCCTCAGGAAACCAACC_009,152
TGGGATTAAAAAGACCACTG_001,183
TGGGATTAAAAAGACCACTG_002,13
TGGGATTAAAAAGACCACTG_003,15
TGGGATTAAAAAGACCACTG_004,37
TGGGATTAAAAAGACCACTG_005,158
TGGGATTAAAAAGACCACTG_006,62
TGGGATTAAAAAGACCACTG_007,19
TGGGATTAAAAAGACCACTG_008,184
AGGTATGCATCTTGAAGTCG_001,191
AGGTATGCATCTTGAAGTCG_002,98
AGGTATGCATCTTGAAGTCG_003,148
AGGTATGCATCTTGAAGTCG_004,88
AGGTATGCATCTTGAAGTCG_005,2
CTTCGATACATCAAACAGCT_001,106
CTTCGATACATCAAACAGCT_002,69
CTTCGATACATCAAACAGCT_003,178
AAAGGACAACTACTCAAAAG_001,105
AAAGGACAACTACTCAAAAG_002,146
AAAGGACAACTACTCAAAAG_003,171
AAAGGACAACTACTCAAAAG_004,193
AAAGGACAACTACTCAAAAG_005,198
AAAGGACAACTACTCAAAAG_006,159
AAAGGACAACTACTCAAAAG_007,171
AAAGGACAACTACTCAAAAG_008,131
AAAGGACAACTACTCAAAAG_009,177
AAAGGACAACTACTCAAAAG_010,27
AAAGGACAACTACTCAAAAG_011,74
AAAGGACAACTACTCAAAAG_012,132
ACTATAGGATAATCCGACTG_001,38
ACTATAGGATAATCCGACTG_002,152
ACTATAGGATAATCCGACTG_003,107
ACTATAGGATAATCCGACTG_004,196
CTTGCGTTGTGAGATCCCAG_001,22
CTTGCGTTGTGAGATCCCAG_002,76
CTTGCGTTGTGAGATCCCAG_003,16
CTTGCGTTGTGAGATCCCAG_004,29
CTTGCGTTGTGAGATCCCAG_005,72
CTTGCGTTGTGAGATCCCAG_006,178
GCAGAACCGTGAAAAAGGAG_001,156
GCAGAACCGTGAAAAAGGAG_002,147
GCAGAACCGTGAAAAAGGAG_003,87
GCAGAACCGTGAAAAAGGAG_004,9
GCAGAACCGTGAAAAAGGAG_005,120
GCAGAACCGTGAAAAAGGAG_006,198
AGACATAATTAGAAGTACTG_001,176
AGACATAATTAGAAGTACTG_002,108
AGACATAATTAGAAGTACTG_003,154
AGACATAATTAGAAGTACTG_004,116
AGACATAATTAGAAGTACTG_005,62
AGACATAATTAGAAGTACTG_006,185
AGACATAATTAGAAGTACTG_007,176
AGACATAATTAGAAGTACTG_008,1
AGACATAATTAGAAGTACTG_009,107
AGACATAATTAGAAGTACTG_010,40
AGACATAATTAGAAGTACTG_011,111
AGACATAATTAGAAGTACTG_012,15
AGACATAATTAGAAGTACTG_013,154
AGACATAATTAGAAGTACTG_014,145
AGACATAATTAGAAGTACTG_015,12
TACCGAAAGACACGCATTGG_001,129
TACCGAAAGACACGCATTGG_002,28
TACCGAAAGACACGCATTGG_003,191
TACCGAAAGACACGCATTGG_004,76
TACCGAAAGACACGCATTGG_005,169
TACCGAAAGACACGCATTGG_006,188
TACCGAAAGACACGCATTGG_007,98
TACCGAAAGACACGCATTGG_008,141
TACCGAAAGACACGCATTGG_009,3
TACCGAAAGACACGCATTGG_010,26
TACCGAAAGACACGCATTGG_011,88
TACCGAAAGACACGCATTGG_012,178
TACCGAAAGACACGCATTGG_013,196
TACCGAAAGACACGCATTGG_014,158
TACCGAAAGACACGCATTGG_015,141
TACCGAAAGACACGCATTGG_016,15
TACCGAAAGACACGCATTGG_017,69
TACCGAAAGACACGCATTGG_018,174
TACCGAAAGACACGCATTGG_019,1
TACCGAAAGACACGCATTGG_020,88
GGTGAAGACGCAGAACACAT_001,27
GGTGAAGACGCAGAACACAT_002,166
GGTGAAGACGCAGAACACAT_003,15
GGTGAAGACGCAGAACACAT_004,15
GGTGAAGACGCAGAACACAT_005,84
GGTGAAGACGCAGAACACAT_006,188
GGTGAAGACGCAGAACACAT_007,190
GGTGAAGACGCAGAACACAT_008,11
GGTGAAGACGCAGAACACAT_009,148
CCCACAGCCTGAGTAACAGG_001,29
CCCACAGCCTGAGTAACAGG_002,154
CCCACAGCCTGAGTAACAGG_003,119
GGTTTGGAGGCAGCCCCTAA_001,85
GGTTTGGAGGCAGCCCCTAA_002,104
GGTTTGGAGGCAGCCCCTAA_003,107
GGTTTGGAGGCAGCCCCTAA_004,57
GGTTTGGAGGCAGCCCCTAA_005,142
GGTTTGGAGGCAGCCCCTAA_006,166
GTAGCGCCACCTCCTAACCC_001,92
GTAGCGCCACCTCCTAACCC_002,44
GTAGCGCCACCTCCTAACCC_003,24
GTAGCGCCACCTCCTAACCC_004,22
GTAGCGCCACCTCCTAACCC_005,37
GTAGCGCCACCTCCTAACCC_006,1
GGTAGTAGAAAGTGTACACA_001,134
GGTAGTAGAAAGTGTACACA_002,2
GGTAGTAGAAAGTGTACACA_003,98
ATTTGACCGACTGATATGTG_001,12
ATTTGACCGACTGATATGTG_002,49
ATTTGACCGACTGATATGTG_003,77
ATTTGACCGACTGATATGTG_004,22
ATTTGACCGACTGATATGTG_005,172
ATTTGACCGACTGATATGTG_006,99
ATTTGACCGACTGATATGTG_007,171
GAGCAAATTGACACTCGTGG_001,5
GAGCAAATTGACACTCGTGG_002,142
GAGCAAATTGACACTCGTGG_003,116
GAGCAAATTGACACTCGTGG_004,88
GAGCAAATTGACACTCGTGG_005,63
GAGCAAATTGACACTCGTGG_006,138
GAGCAAATTGACACTCGTGG_007,78
GAGCAAATTGACACTCGTGG_008,67
GAGCAAATTGACACTCGTGG_009,30
GAGCAAATTGACACTCGTGG_010,30
GAGCAAATTGACACTCGTGG_011,138
GAGCAAATTGACACTCGTGG_012,77
GAGCAAATTGACACTCGTGG_013,137
GAGCAAATTGACACTCGTGG_014,158
GAGCAAATTGACACTCGTGG_015,137
GAGCAAATTGACACTCGTGG_016,149
GAGCAAATTGACACTCGTGG_017,191
GAGCAAATTGACACTCGTGG_018,44
GAGCAAATTGACACTCGTGG_019,166
GAGCAAATTGACACTCGTGG_020,166
GAAGATGGCAACAAGATACA_001,78
GAAGATGGCAACAAGATACA_002,199
GAAGATGGCAACAAGATACA_003,123
GAAGATGGCAACAAGATACA_004,91
GAAGATGGCAACAAGATACA_005,108
GAAGATGGCAACAAGATACA_006,77
GAAGATGGCAACAAGATACA_007,156
GACAGCAAAAGTGGCAAAAG_001,158
GACAGCAAAAGTGGCAAAAG_002,104
GACAGCAAAAGTGGCAAAAG_003,12
GACAGCAAAAGTGGCAAAAG_004,78
GACAGCAAAAGTGGCAAAAG_005,157
GACAGCAAAAGTGGCAAAAG_006,173
GACAGCAAAAGTGGCAAAAG_007,186
GACAGCAAAAGTGGCAAAAG_008,142
GACAGCAAAAGTGGCAAAAG_009,39
GGCAATGAAAGTCTAGCACC_001,14
GGCAATGAAAGTCTAGCACC_002,107
GGCAATGAAAGTCTAGCACC_003,80
TATTACAACAACAACAGGTG_001,38
TATTACAACAACAACAGGTG_002,82
TATTACAACAACAACAGGTG_003,29
TATTACAACAACAACAGGTG_004,115
TATTACAACAACAACAGGTG_005,105
TATTACAACAACAACAGGTG_006,45
TATTACAACAACAACAGGTG_007,140
TATTACAACAACAACAGGTG_008,60
TATTACAACAACAACAGGTG_009,49
TATTACAACAACAACAGGTG_010,166
TATTACAACAACAACAGGTG_011,144
TATTACAACAACAACAGGTG_012,82
TATTACAACAACAACAGGTG_013,88
TATTACAACAACAACAGGTG_014,116
TATTACAACAACAACAGGTG_015,49
TATTACAACAACAACAGGTG_016,100
AGAAGTAAGTGACACATTTG_001,10
AGAAGTAAGTGACACATTTG_002,76
AGAAGTAAGTGACACATTTG_003,67
AGAAGTAAGTGACACATTTG_004,2
AGGAGATTCGACGATGCCGA_001,70
AGGAGATTCGACGATGCCGA_002,197
AGGAGATTCGACGATGCCGA_003,118
AGGAGATTCGACGATGCCGA_004,165
CCAGGAACTCTAACACGTTG_001,70
AAAGGGAAAAACTACCAGAA_001,146
AAAGGGAAAAACTACCAGAA_002,114
AAAGGGAAAAACTACCAGAA_003,45
GCGGCGCTGCTGCTGAACGG_001,119
GCGGCGCTGCTGCTGAACGG_002,6
GCGGCGCTGCTGCTGAACGG_003,6
GCGGCGCTGCTGCTGAACGG_004,8
GCGGCGCTGCTGCTGAACGG_005,85
GCGGCGCTGCTGCTGAACGG_006,58
GCGGCGCTGCTGCTGAACGG_007,188
GCGGCGCTGCTGCTGAACGG_008,7
GCGGCGCTGCTGCTGAACGG_009,154
GCGGCGCTGCTGCTGAACGG_010,78
GCGGCGCTGCTGCTGAACGG_011,114
GGCGATCAAAGAGCGCGTGG_001,104
GGCGATCAAAGAGCGCGTGG_002,172
GGCGATCAAAGAGCGCGTGG_003,9
GGCGATCAAAGAGCGCGTGG_004,168
GGCGATCAAAGAGCGCGTGG_005,169
GGCGATCAAAGAGCGCGTGG_006,75
GGCGATCAAAGAGCGCGTGG_007,27
GGCGATCAAAGAGCGCGTGG_008,91
GGCGATCAAAGAGCGCGTGG_009,174
GGCGATCAAAGAGCGCGTGG_010,91
GGCGATCAAAGAGCGCGTGG_011,9
GGCGATCAAAGAGCGCGTGG_012,65
GGCGATCAAAGAGCGCGTGG_013,57
GGCGATCAAAGAGCGCGTGG_014,88
GGCGATCAAAGAGCGCGTGG_015,32
GGCGATCAAAGAGCGCGTGG_016,48
GGCGATCAAAGAGCGCGTGG_017,35
GGCGATCAAAGAGCGCGTGG_018,9
GGCGATCAAAGAGCGCGTGG_019,43
GGCGATCAAAGAGCGCGTGG_020,138
GGCGATCAAAGAGCGCGTGG_021,90
GGCGATCAAAGAGCGCGTGG_022,52
GGCGATCAAAGAGCGCGTGG_023,158
CAAAGACCAGAGCTTTGCTG_001,133
CAAAGACCAGAGCTTTGCTG_002,181
CAAAGACCAGAGCTTTGCTG_003,164
CAAAGACCAGAGCTTTGCTG_004,164
CAAAGACCAGAGCTTTGCTG_005,15
CAAAGACCAGAGCTTTGCTG_006,69
CAAAGACCAGAGCTTTGCTG_007,190
CAAAGACCAGAGCTTTGCTG_008,61
CAAAGACCAGAGCTTTGCTG_009,107
CAAAGACCAGAGCTTTGCTG_010,74
CAAAGACCAGAGCTTTGCTG_011,145
CAAAGACCAGAGCTTTGCTG_012,82
CAAAGACCAGAGCTTTGCTG_013,144
CAAAGACCAGAGCTTTGCTG_014,15
CAAAGACCAGAGCTTTGCTG_015,40
TGGCGGTCAGAGCCACACAA_001,12
TGGCGGTCAGAGCCACACAA_002,107
TGGCGGTCAGAGCCACACAA_003,3
TGGCGGTCAGAGCCACACAA_004,66
ATGAGGAGAACATCCAGTGT_001,175
ATGAGGAGAACATCCAGTGT_002,69
ATGAGGAGAACATCCAGTGT_003,35
ATGAGGAGAACATCCAGTGT_004,1
ATGAGGAGAACATCCAGTGT_005,41
ATGAGGAGAACATCCAGTGT_006,129
AGGCAAGACTGATGAAGCGG_001,170
AGGCAAGACTGATGAAGCGG_002,77
AGGCAAGACTGATGAAGCGG_003,105
AGGCAAGACTGATGAAGCGG_004,34
AGGCAAGACTGATGAAGCGG_005,12
AGGCAAGACTGATGAAGCGG_006,119
AGGCAAGACTGATGAAGCGG_007,51
AGGCAAGACTGATGAAGCGG_008,162
AGGCAAGACTGATGAAGCGG_009,48
AGGCAAGACTGATGAAGCGG_010,12
AGGCAAGACTGATGAAGCGG_011,188
AGGCAAGACTGATGAAGCGG_012,158
AGGCAAGACTGATGAAGCGG_013,47
AGGCAAGACTGATGAAGCGG_014,48
AGGCAAGACTGATGAAGCGG_015,190
AGGCAAGACTGATGAAGCGG_016,13
AGGCAAGACTGATGAAGCGG_017,187
AGGCAAGACTGATGAAGCGG_018,146
AGGCAAGACTGATGAAGCGG_019,0
AGGCAAGACTGATGAAGCGG_020,169
AGGCAAGACTGATGAAGCGG_021,169
AGGCAAGACTGATGAAGCGG_022,65
AGGCAAGACTGATGAAGCGG_023,89
CAGTGGAAGATAAATACCAT_001,48
CAGTGGAAGATAAATACCAT_002,162
CTGTGGGTATTGATGAACAT_001,68
CTGTGGGTATTGATGAACAT_002,88
CTGTGGGTATTGATGAACAT_003,62
CTGTGGGTATTGATGAACAT_004,17
CTGTGGGTATTGATGAACAT_005,16
CTGTGGGTATTGATGAACAT_006,1
CTGTGGGTATTGATGAACAT_007,2
CTGTGGGTATTGATGAACAT_008,172
CTGTGGGTATTGATGAACAT_009,197
AAGCGCATGAGTTACTGTGA_001,127
AAGCGCATGAGTTACTGTGA_002,171
AAGCGCATGAGTTACTGTGA_003,148
AAGCGCATGAGTTACTGTGA_004,183
AAGCGCATGAGTTACTGTGA_005,182
AAGCGCATGAGTTACTGTGA_006,176
AAGCGCATGAGTTACTGTGA_007,141
AAGCGCATGAGTTACTGTGA_008,158
AAGCGCATGAGTTACTGTGA_009,185
AAGCGCATGAGTTACTGTGA_010,108
AAGCGCATGAGTTACTGTGA_011,98
AAGCGCATGAGTTACTGTGA_012,74
TCTGAATAGGAAGTGTCATG_001,52
TCTGAATAGGAAGTGTCATG_002,127
TCTGAATAGGAAGTGTCATG_003,37
TCTGAATAGGAAGTGTCATG_004,4
TCTGAATAGGAAGTGTCATG_005,23
TCTGAATAGGAAGTGTCATG_006,196
GATGGTTCGGGGCAGAAACT_001,65
GATGGTTCGGGGCAGAAACT_002,49
GATGGTTCGGGGCAGAAACT_003,175
GATGGTTCGGGGCAGAAACT_004,51
GATGGTTCGGGGCAGAAACT_005,6
GATGGTTCGGGGCAGAAACT_006,42
GATGGTTCGGGGCAGAAACT_007,77
GATGGTTCGGGGCAGAAACT_008,77
GATGGTTCGGGGCAGAAACT_009,178
ATATACTTCCGTTTGCCTCG_001,135
ATATACTTCCGTTTGCCTCG_002,47
ATATACTTCCGTTTGCCTCG_003,196
ATATACTTCCGTTTGCCTCG_004,145
ATATACTTCCGTTTGCCTCG_005,145
ATATACTTCCGTTTGCCTCG_006,49
ATATACTTCCGTTTGCCTCG_007,68
ATATACTTCCGTTTGCCTCG_008,138
CAAGAACATCCAAAGTGTGA_001,64
CAAGAACATCCAAAGTGTGA_002,60
CAAGAACATCCAAAGTGTGA_003,67
CAAGAACATCCAAAGTGTGA_004,98
CAAGAACATCCAAAGTGTGA_005,69
CTGCTGTGTAGAGTATAGAG_001,180
GCCAGGATGAGGTAATCTCT_001,27
GCCAGGATGAGGTAATCTCT_002,69
GCCAGGATGAGGTAATCTCT_003,197
GCCAGGATGAGGTAATCTCT_004,13
GCCAGGATGAGGTAATCTCT_005,46
GCCAGGATGAGGTAATCTCT_006,108
GCCAGGATGAGGTAATCTCT_007,105
GCCAGGATGAGGTAATCTCT_008,135
GCCAGGATGAGGTAATCTCT_009,80
GCCAGGATGAGGTAATCTCT_010,145
GCCAGGATGAGGTAATCTCT_011,169
GCCAGGATGAGGTAATCTCT_012,162
GCCAGGATGAGGTAATCTCT_013,174
GCCAGGATGAGGTAATCTCT_014,199
GCCAGGATGAGGTAATCTCT_015,41
GCCAGGATGAGGTAATCTCT_016,180
GCCAGGATGAGGTAATCTCT_017,199
GCCAGGATGAGGTAATCTCT_018,199
GCCAGGATGAGGTAATCTCT_019,196
TACCGCGTCAAGTCTCTGAG_001,16
TACCGCGTCAAGTCTCTGAG_002,192
TACCGCGTCAAGTCTCTGAG_003,61
TACCGCGTCAAGTCTCTGAG_004,64
TACCGCGTCAAGTCTCTGAG_005,36
TACCGCGTCAAGTCTCTGAG_006,176
TACCGCGTCAAGTCTCTGAG_007,60
AGCATTGCCATTCCAGACCA_001,3
AGCATTGCCATTCCAGACCA_002,144
AGCATTGCCATTCCAGACCA_003,78
AGCATTGCCATTCCAGACCA_004,190
AGCATTGCCATTCCAGACCA_005,12
TGCTGACGTAGATGTCACGG_001,183
TGCTGACGTAGATGTCACGG_002,38
TGCTGACGTAGATGTCACGG_003,188
TGCTGACGTAGATGTCACGG_004,1
TGCTGACGTAGATGTCACGG_005,90
AACTGAATCTCACTGACCAG_001,111
AACTGAATCTCACTGACCAG_002,163
AACTGAATCTCACTGACCAG_003,52
AACTGAATCTCACTGACCAG_004,6
AACTGAATCTCACTGACCAG_005,149
AACTGAATCTCACTGACCAG_006,111
AACTGAATCTCACTGACCAG_007,152
AACTGAATCTCACTGACCAG_008,137
AACTGAATCTCACTGACCAG_009,163
AACTGAATCTCACTGACCAG_010,174
AACTGAATCTCACTGACCAG_011,91
AACTGAATCTCACTGACCAG_012,177
AACTGAATCTCACTGACCAG_013,199
AACTGAATCTCACTGACCAG_014,188
AACTGAATCTCACTGACCAG_015,115
AACTGAATCTCACTGACCAG_016,198
AACTGAATCTCACTGACCAG_017,63
AACTGAATCTCACTGACCAG_018,124
AGATGGCGACCACGGCCGCA_001,0
AGATGGCGACCACGGCCGCA_002,115
AGATGGCGACCACGGCCGCA_003,150
AGATGGCGACCACGGCCGCA_004,12
AGATGGCGACCACGGCCGCA_005,125
AGATGGCGACCACGGCCGCA_006,103
AGATGGCGACCACGGCCGCA_007,48
AGATGGCGACCACGGCCGCA_008,88
AGATGGCGACCACGGCCGCA_009,81
AGATGGCGACCACGGCCGCA_010,103
AGATGGCGACCACGGCCGCA_011,62
AGATGGCGACCACGGCCGCA_012,121
AGATGGCGACCACGGCCGCA_013,115
AGATGGCGACCACGGCCGCA_014,149
AGATGGCGACCACGGCCGCA_015,150
AGATGGCGACCACGGCCGCA_016,145
AGATGGCGACCACGGCCGCA_017,35
AGATGGCGACCACGGCCGCA_018,166
AGATGGCGACCACGGCCGCA_019,148
AGATGGCGACCACGGCCGCA_020,169
AGATGGCGACCACGGCCGCA_021,82
AGATGGCGACCACGGCCGCA_022,76
AGATGGCGACCACGGCCGCA_023,150
AGATGGCGACCACGGCCGCA_024,188
AGATGGCGACCACGGCCGCA_025,158
AGATGGCGACCACGGCCGCA_026,23
AGATGGCGACCACGGCCGCA_027,63
AGATGGCGACCACGGCCGCA_028,56
AGATGGCGACCACGGCCGCA_029,192
AGATGGCGACCACGGCCGCA_030,146
TTCGTGGGGAGCGTTCGCGA_001,81
TTCGTGGGGAGCGTTCGCGA_002,86
TTCGTGGGGAGCGTTCGCGA_003,192
TTCGTGGGGAGCGTTCGCGA_004,150
TTCGTGGGGAGCGTTCGCGA_005,70
TTCGTGGGGAGCGTTCGCGA_006,5
TTCGTGGGGAGCGTTCGCGA_007,188
AGTCAAATGACGTTTCACGA_001,113
GGGCTACATCGTGCTCAACG_001,29
GGGCTACATCGTGCTCAACG_002,141
CCACCCTGTTAACAATGTGA_001,34
CCACCCTGTTAACAATGTGA_002,48
CCACCCTGTTAACAATGTGA_003,114
CCACCCTGTTAACAATGTGA_004,77
CCACCCTGTTAACAATGTGA_005,76
CCACCCTGTTAACAATGTGA_006,179
CCACCCTGTTAACAATGTGA_007,158
CCACCCTGTTAACAATGTGA_008,33
CCACCCTGTTAACAATGTGA_009,169
CCACCCTGTTAACAATGTGA_010,165
CCACCCTGTTAACAATGTGA_011,114
CCACCCTGTTAACAATGTGA_012,18
CACCTCTTATCACCGGCAAG_001,182
CACCTCTTATCACCGGCAAG_002,1
CACCTCTTATCACCGGCAAG_003,147
GGACGGTCAGGAAGTACCGG_001,131
GGACGGTCAGGAAGTACCGG_002,15
GGACGGTCAGGAAGTACCGG_003,110
GGACGGTCAGGAAGTACCGG_004,5
GGACGGTCAGGAAGTACCGG_005,33
GGACGGTCAGGAAGTACCGG_006,87
GGACGGTCAGGAAGTACCGG_007,158
GGACGGTCAGGAAGTACCGG_008,105
GGACGGTCAGGAAGTACCGG_009,173
GGACGGTCAGGAAGTACCGG_010,29
GGACGGTCAGGAAGTACCGG_011,148
GGACGGTCAGGAAGTACCGG_012,194
GGACGGTCAGGAAGTACCGG_013,27
GGACGGTCAGGAAGTACCGG_014,135
GGACGGTCAGGAAGTACCGG_015,47
GGACGGTCAGGAAGTACCGG_016,176
GGACGGTCAGGAAGTACCGG_017,121
GGACGGTCAGGAAGTACCGG_018,104
GGACGGTCAGGAAGTACCGG_019,152
GGACGGTCAGGAAGTACCGG_020,61
GGACGGTCAGGAAGTACCGG_021,138
GGACGGTCAGGAAGTACCGG_022,169
GGACGGTCAGGAAGTACCGG_023,58
GGACGGTCAGGAAGTACCGG_024,2
GGACGGTCAGGAAGTACCGG_025,13
GGACGGTCAGGAAGTACCGG_026,101
GGACGGTCAGGAAGTACCGG_027,12
TGGAGACTGATTAAGCCGAG_001,158
TGGAGACTGATTAAGCCGAG_002,118
TGGAGACTGATTAAGCCGAG_003,148
TGGAGACTGATTAAGCCGAG_004,192
TGGAGACTGATTAAGCCGAG_005,126
GAGGGAAAGCGAAAGGCTGA_001,83
GAGGGAAAGCGAAAGGCTGA_002,75
GAGGGAAAGCGAAAGGCTGA_003,7
GAGGGAAAGCGAAAGGCTGA_004,17
GAGGGAAAGCGAAAGGCTGA_005,8
GAGGGAAAGCGAAAGGCTGA_006,38
GAGGGAAAGCGAAAGGCTGA_007,148
GAGGGAAAGCGAAAGGCTGA_008,106
GAGGGAAAGCGAAAGGCTGA_009,88
GAGGGAAAGCGAAAGGCTGA_010,134
GAGGGAAAGCGAAAGGCTGA_011,130
GAGGGAAAGCGAAAGGCTGA_012,55
GAGGGAAAGCGAAAGGCTGA_013,199
GAGGGAAAGCGAAAGGCTGA_014,83
GAGGGAAAGCGAAAGGCTGA_015,88
GAGGGAAAGCGAAAGGCTGA_016,61
GAGGGAAAGCGAAAGGCTGA_017,121
GAGGGAAAGCGAAAGGCTGA_018,174
GAGGGAAAGCGAAAGGCTGA_019,35
GAGGGAAAGCGAAAGGCTGA_020,12
GAGGGAAAGCGAAAGGCTGA_021,198
GAGGGAAAGCGAAAGGCTGA_022,0
GAGGGAAAGCGAAAGGCTGA_023,10
GCACTCACACAAAAAACCAA_001,184
GCACTCACACAAAAAACCAA_002,76
GCACTCACACAAAAAACCAA_003,199
GCACTCACACAAAAAACCAA_004,105
GCACTCACACAAAAAACCAA_005,173
GCACTCACACAAAAAACCAA_006,30
GCACTCACACAAAAAACCAA_007,144
GCACTCACACAAAAAACCAA_008,114
GCACTCACACAAAAAACCAA_009,96
GCACTCACACAAAAAACCAA_010,26
GCACTCACACAAAAAACCAA_011,57
GCACTCACACAAAAAACCAA_012,6
GCACTCACACAAAAAACCAA_013,41
CCAGCTATACTCATTCTCAG_001,103
CCAGCTATACTCATTCTCAG_002,141
AAGTGTTTCACCACGCGCAG_001,105
AAGTGTTTCACCACGCGCAG_002,190
AAGTGTTTCACCACGCGCAG_003,46
AAGTGTTTCACCACGCGCAG_004,153
AAGTGTTTCACCACGCGCAG_005,197
AAGTGTTTCACCACGCGCAG_006,9
AAGTGTTTCACCACGCGCAG_007,174
AAGTGTTTCACCACGCGCAG_008,91
AAGTGTTTCACCACGCGCAG_009,115
AAGTGTTTCACCACGCGCAG_010,83
AAGTGTTTCACCACGCGCAG_011,93
AAGTGTTTCACCACGCGCAG_012,88
AAGTGTTTCACCACGCGCAG_013,63
AAGTGTTTCACCACGCGCAG_014,116
AAACTGCTGGAATGTTGTCG_001,158
AAACTGCTGGAATGTTGTCG_002,192
AAACTGCTGGAATGTTGTCG_003,172
CGGCTTCACGTGGACCACAG_001,118
CGGCTTCACGTGGACCACAG_002,102
CGGCTTCACGTGGACCACAG_003,71
CGGCTTCACGTGGACCACAG_004,105
CGGCTTCACGTGGACCACAG_005,127
CGGCTTCACGTGGACCACAG_006,187
CGGCTTCACGTGGACCACAG_007,119
CGGCTTCACGTGGACCACAG_008,11
CGGCTTCACGTGGACCACAG_009,141
CGGCTTCACGTGGACCACAG_010,113
CGGCTTCACGTGGACCACAG_011,169
CGGCTTCACGTGGACCACAG_012,119
CGGCTTCACGTGGACCACAG_013,187
CGGCTTCACGTGGACCACAG_014,117
CGGCTTCACGTGGACCACAG_015,172
CGGCTTCACGTGGACCACAG_016,115
CGGCTTCACGTGGACCACAG_017,160
CGGCTTCACGTGGACCACAG_018,11
CGGCTTCACGTGGACCACAG_019,8
CGGCTTCACGTGGACCACAG_020,9
CGGCTTCACGTGGACCACAG_021,169
CGGCTTCACGTGGACCACAG_022,162
CGGCTTCACGTGGACCACAG_023,175
CGGCTTCACGTGGACCACAG_024,174
CGGCTTCACGTGGACCACAG_025,34
CGGCTTCACGTGGACCACAG_026,169
CGGCTTCACGTGGACCACAG_027,69
CGGCTTCACGTGGACCACAG_028,27
CGGCTTCACGTGGACCACAG_029,103
CGGCTTCACGTGGACCACAG_030,77
GGAGGTTTCTCACATAATGG_001,170
GGAGGTTTCTCACATAATGG_002,10
GGAGGTTTCTCACATAATGG_003,105
GGAGGTTTCTCACATAATGG_004,182
GGAGGTTTCTCACATAATGG_005,6
GGAGGTTTCTCACATAATGG_006,2
TTAACAAACCCCCCTCTCCG_001,177
TTAACAAACCCCCCTCTCCG_002,35
TTAACAAACCCCCCTCTCCG_003,33
TTAACAAACCCCCCTCTCCG_004,155
TTAACAAACCCCCCTCTCCG_005,38
TTAACAAACCCCCCTCTCCG_006,14
TTAACAAACCCCCCTCTCCG_007,61
TTAACAAACCCCCCTCTCCG_008,50
TTAACAAACCCCCCTCTCCG_009,172
TTAACAAACCCCCCTCTCCG_010,77
TTAACAAACCCCCCTCTCCG_011,78
TTAACAAACCCCCCTCTCCG_012,58
TTAACAAACCCCCCTCTCCG_013,184
TTAACAAACCCCCCTCTCCG_014,196
TTAACAAACCCCCCTCTCCG_015,70
TTAACAAACCCCCCTCTCCG_016,169
TTAACAAACCCCCCTCTCCG_017,79
TTAACAAACCCCCCTCTCCG_018,79
TTAACAAACCCCCCTCTCCG_019,34
TTAACAAACCCCCCTCTCCG_020,10
TTAACAAACCCCCCTCTCCG_021,140
GATTGTCGGAAAGTCCTAAG_001,141
GATTGTCGGAAAGTCCTAAG_002,72
GATTGTCGGAAAGTCCTAAG_003,82
GATTGTCGGAAAGTCCTAAG_004,98
GATTGTCGGAAAGTCCTAAG_005,68
CAGGCGGTGGAAACCTCCTG_001,107
CAGGCGGTGGAAACCTCCTG_002,81
CAGGCGGTGGAAACCTCCTG_003,171
CAGGCGGTGGAAACCTCCTG_004,54
CAGGCGGTGGAAACCTCCTG_005,179
CAGGCGGTGGAAACCTCCTG_006,1
CAGGCGGTGGAAACCTCCTG_007,177
CAGGCGGTGGAAACCTCCTG_008,2
CAGGCGGTGGAAACCTCCTG_009,12
CAGGCGGTGGAAACCTCCTG_010,76
CAGGCGGTGGAAACCTCCTG_011,158
CAGGCGGTGGAAACCTCCTG_012,159
CAGGCGGTGGAAACCTCCTG_013,136
CAGGCGGTGGAAACCTCCTG_014,46
CAGGCGGTGGAAACCTCCTG_015,115
CAGGCGGTGGAAACCTCCTG_016,35
GTGTCGAACACGAGTAGCAG_001,70
GTGTCGAACACGAGTAGCAG_002,137
GTGTCGAACACGAGTAGCAG_003,17
GTGTCGAACACGAGTAGCAG_004,81
GTGTCGAACACGAGTAGCAG_005,81
GTGTCGAACACGAGTAGCAG_006,22
GTGTCGAACACGAGTAGCAG_007,156
GTGTCGAACACGAGTAGCAG_008,127
GTGTCGAACACGAGTAGCAG_009,146
GTGTCGAACACGAGTAGCAG_010,0
GAACTGGAGTTTGCCTATGA_001,7
GAACTGGAGTTTGCCTATGA_002,166
GAACTGGAGTTTGCCTATGA_003,144
GAACTGGAGTTTGCCTATGA_004,5
GAACTGGAGTTTGCCTATGA_005,172
GAACTGGAGTTTGCCTATGA_006,81
GAACTGGAGTTTGCCTATGA_007,16
GAACTGGAGTTTGCCTATGA_008,140
GAACTGGAGTTTGCCTATGA_009,28
GGAGTTGCCTATCACCACAG_001,26
GGAGTTGCCTATCACCACAG_002,71
GGAGTTGCCTATCACCACAG_003,170
TGTACACCTACCGAGCACGA_001,162
TGTACACCTACCGAGCACGA_002,170
TGTACACCTACCGAGCACGA_003,4
TGTACACCTACCGAGCACGA_004,44
TGTACACCTACCGAGCACGA_005,40
TGTACACCTACCGAGCACGA_006,82
TGTACACCTACCGAGCACGA_007,20
TGTACACCTACCGAGCACGA_008,149
GCTCTGACCAGCCTGCAGTG_001,148
GCTCTGACCAGCCTGCAGTG_002,1
GCTCTGACCAGCCTGCAGTG_003,130
GCTCTGACCAGCCTGCAGTG_004,36
GCTCTGACCAGCCTGCAGTG_005,77
GCTCTGACCAGCCTGCAGTG_006,63
GCTCTGACCAGCCTGCAGTG_007,91
GCTCTGACCAGCCTGCAGTG_008,149
GCTCTGACCAGCCTGCAGTG_009,47
GCTCTGACCAGCCTGCAGTG_010,198
GCTCTGACCAGCCTGCAGTG_011,38
GCTCTGACCAGCCTGCAGTG_012,127
GCTCTGACCAGCCTGCAGTG_013,147
GCTCTGACCAGCCTGCAGTG_014,126
GCTCTGACCAGCCTGCAGTG_015,81
GCTCTGACCAGCCTGCAGTG_016,49
GCTCTGACCAGCCTGCAGTG_017,59
GCTCTGACCAGCCTGCAGTG_018,60
GCTCTGACCAGCCTGCAGTG_019,81
GCTCTGACCAGCCTGCAGTG_020,1
GCTCTGACCAGCCTGCAGTG_021,116
GCTCTGACCAGCCTGCAGTG_022,61
GCTCTGACCAGCCTGCAGTG_023,144
GCTCTGACCAGCCTGCAGTG_024,138
GCTCTGACCAGCCTGCAGTG_025,146
GCTCTGACCAGCCTGCAGTG_026,94
GCTCTGACCAGCCTGCAGTG_027,1
GCTCTGACCAGCCTGCAGTG_028,17
GCTCTGACCAGCCTGCAGTG_029,126
GCTCTGACCAGCCTGCAGTG_030,90
GCTCTGACCAGCCTGCAGTG_031,33
GCTCTGACCAGCCTGCAGTG_032,106
GCTCTGACCAGCCTGCAGTG_033,106
GCTCTGACCAGCCTGCAGTG_034,43
GCTCTGACCAGCCTGCAGTG_035,126
CTGACGTCCAGGACATTGCA_001,132
CTGACGTCCAGGACATTGCA_002,118
CTGACGTCCAGGACATTGCA_003,196
CTGACGTCCAGGACATTGCA_004,72
CTGACGTCCAGGACATTGCA_005,54
CTGACGTCCAGGACATTGCA_006,12
CTGACGTCCAGGACATTGCA_007,23
CTGACGTCCAGGACATTGCA_008,80
CTGACGTCCAGGACATTGCA_009,197
CTGACGTCCAGGACATTGCA_010,83
CTGACGTCCAGGACATTGCA_011,52
CTGACGTCCAGGACATTGCA_012,52
CTGACGTCCAGGACATTGCA_013,18
CTGACGTCCAGGACATTGCA_014,16
CTGACGTCCAGGACATTGCA_015,169
CTGACGTCCAGGACATTGCA_016,184
CTGACGTCCAGGACATTGCA_017,52
CTGACGTCCAGGACATTGCA_018,106
CTGACGTCCAGGACATTGCA_019,150
CTGACGTCCAGGACATTGCA_020,150
CTGACGTCCAGGACATTGCA_021,19
CTGACGTCCAGGACATTGCA_022,149
CTGACGTCCAGGACATTGCA_023,94
CTGACGTCCAGGACATTGCA_024,188
CTGACGTCCAGGACATTGCA_025,142
CTGACGTCCAGGACATTGCA_026,106
CTGACGTCCAGGACATTGCA_027,133
CTGACGTCCAGGACATTGCA_028,134
CTGACGTCCAGGACATTGCA_029,37
GGACTGCGCAGTGCTGATCG_001,166
GGACTGCGCAGTGCTGATCG_002,88
GGACTGCGCAGTGCTGATCG_003,184
GGACTGCGCAGTGCTGATCG_004,88
GGACTGCGCAGTGCTGATCG_005,88
GGACTGCGCAGTGCTGATCG_006,110
CCACATAGAATAGGAACGTG_001,183
CCACATAGAATAGGAACGTG_002,67
CCACATAGAATAGGAACGTG_003,121
CCACATAGAATAGGAACGTG_004,1
CCACATAGAATAGGAACGTG_005,107
CCACATAGAATAGGAACGTG_006,88
CCACATAGAATAGGAACGTG_007,120
CCACATAGAATAGGAACGTG_008,5
CCACATAGAATAGGAACGTG_009,48
CCACATAGAATAGGAACGTG_010,70
AGATGGCTATATTTCCAATG_001,76
ACACCACAGACAGCCAGATG_001,181
ACACCACAGACAGCCAGATG_002,37
ACACCACAGACAGCCAGATG_003,172
ACACCACAGACAGCCAGATG_004,66
ACACCACAGACAGCCAGATG_005,40
ACACCACAGACAGCCAGATG_006,60
ACACCACAGACAGCCAGATG_007,44
ACAAGCTGAAAACTCACATG_001,144
ACAAGCTGAAAACTCACATG_002,63
ACAAGCTGAAAACTCACATG_003,116
ACAAGCTGAAAACTCACATG_004,74
ACAAGCTGAAAACTCACATG_005,94
ACAAGCTGAAAACTCACATG_006,81
ACAAGCTGAAAACTCACATG_007,7
ACAAGCTGAAAACTCACATG_008,172
ACAAGCTGAAAACTCACATG_009,133
ACAAGCTGAAAACTCACATG_010,104
ACAAGCTGAAAACTCACATG_011,3
ACAAGCTGAAAACTCACATG_012,121
ACAAGCTGAAAACTCACATG_013,66
ACAAGCTGAAAACTCACATG_014,43
AGAAATCCTTAAGGGCGAGT_001,105
AGAAATCCTTAAGGGCGAGT_002,176
AGCAGTAAACAGTCTCAGCA_001,8
AGCAGTAAACAGTCTCAGCA_002,141
AGCAGTAAACAGTCTCAGCA_003,14
AGCAGTAAACAGTCTCAGCA_004,63
AGCAGTAAACAGTCTCAGCA_005,175
AGCAGTAAACAGTCTCAGCA_006,179
AGCAGTAAACAGTCTCAGCA_007,115
AGCAGTAAACAGTCTCAGCA_008,150
AGCAGTAAACAGTCTCAGCA_009,9
AGCAGTAAACAGTCTCAGCA_010,29
AGCAGTAAACAGTCTCAGCA_011,29
AGCAGTAAACAGTCTCAGCA_012,65
AGCAGTAAACAGTCTCAGCA_013,15
AGCAGTAAACAGTCTCAGCA_014,199
AGCAGTAAACAGTCTCAGCA_015,114
CAGATTCATCATCAACAGCA_001,193
CAGATTCATCATCAACAGCA_002,159
CAGATTCATCATCAACAGCA_003,88
CAGATTCATCATCAACAGCA_004,112
CAGATTCATCATCAACAGCA_005,34
CAGATTCATCATCAACAGCA_006,147
CAGATTCATCATCAACAGCA_007,159
CGGTAAATAGCAGTGAGCTG_001,182
CGGTAAATAGCAGTGAGCTG_002,173
CGGTAAATAGCAGTGAGCTG_003,173
CGGTAAATAGCAGTGAGCTG_004,48
CGGTAAATAGCAGTGAGCTG_005,94
CGGTAAATAGCAGTGAGCTG_006,138
CGGTAAATAGCAGTGAGCTG_007,14
CGGTAAATAGCAGTGAGCTG_008,179
GGAATGGATTAGCCACATCG_001,185
GGAATGGATTAGCCACATCG_002,116
GGAATGGATTAGCCACATCG_003,58
GGAATGGATTAGCCACATCG_004,65
TGACCCAGAAGTGGTAAATG_001,69
TGACCCAGAAGTGGTAAATG_002,168
TGACCCAGAAGTGGTAAATG_003,154
TGACCCAGAAGTGGTAAATG_004,120
TGACCCAGAAGTGGTAAATG_005,184
CTTCGACGCGCTCGAGTCCG_001,181
CTTCGACGCGCTCGAGTCCG_002,199
CTTCGACGCGCTCGAGTCCG_003,55
CTTCGACGCGCTCGAGTCCG_004,137
AAGCTGGCACTGGACAATGG_001,151
AAGCTGGCACTGGACAATGG_002,67
AAGCTGGCACTGGACAATGG_003,16
AAGCTGGCACTGGACAATGG_004,67
AAGCTGGCACTGGACAATGG_005,150
AAGCTGGCACTGGACAATGG_006,144
AAGCTGGCACTGGACAATGG_007,57
AAGCTGGCACTGGACAATGG_008,29
AAGCTGGCACTGGACAATGG_009,88
AAGCTGGCACTGGACAATGG_010,58
AAGCTGGCACTGGACAATGG_011,190
AAGCTGGCACTGGACAATGG_012,42
AAGCTGGCACTGGACAATGG_013,83
AAGCTGGCACTGGACAATGG_014,160
AAGCTGGCACTGGACAATGG_015,188
AAGGGAAAGAACCCTGGCTG_001,178
AAGGGAAAGAACCCTGGCTG_002,94
AAGGGAAAGAACCCTGGCTG_003,150
AAGGGAAAGAACCCTGGCTG_004,48
AAGGGAAAGAACCCTGGCTG_005,181
AAGGGAAAGAACCCTGGCTG_006,163
AAGGGAAAGAACCCTGGCTG_007,59
AAGGGAAAGAACCCTGGCTG_008,88
AAGGGAAAGAACCCTGGCTG_009,141
AAGGGAAAGAACCCTGGCTG_010,16
AAGGGAAAGAACCCTGGCTG_011,92
AAGGGAAAGAACCCTGGCTG_012,62
AAGGGAAAGAACCCTGGCTG_013,129
AAGGGAAAGAACCCTGGCTG_014,128
AAGGGAAAGAACCCTGGCTG_015,146
AAGGGAAAGAACCCTGGCTG_016,171
AAGGGAAAGAACCCTGGCTG_017,147
AAGGGAAAGAACCCTGGCTG_018,160
AAGGGAAAGAACCCTGGCTG_019,181
AAGGGAAAGAACCCTGGCTG_020,176
TGTTGTCACTGTTGTACTGA_001,29
TGTTGTCACTGTTGTACTGA_002,105
GTAGTTGAAGGTATCTAACT_001,158
TGTAAACGTCATGCCAGCAA_001,34
TGTAAACGTCATGCCAGCAA_002,15
TGTAAACGTCATGCCAGCAA_003,188
TGTAAACGTCATGCCAGCAA_004,88
CAGACTTGAACGAACACTGA_001,146
CAGACTTGAACGAACACTGA_002,40
CAGACTTGAACGAACACTGA_003,41
CAGACTTGAACGAACACTGA_004,41
CAGACTTGAACGAACACTGA_005,137
CAGACTTGAACGAACACTGA_006,127
CAGACTTGAACGAACACTGA_007,157
CAGACTTGAACGAACACTGA_008,190
CAGACTTGAACGAACACTGA_009,192
CAGACTTGAACGAACACTGA_010,168
CAGACTTGAACGAACACTGA_011,10
CAGACTTGAACGAACACTGA_012,49
CAGACTTGAACGAACACTGA_013,134
CAGACTTGAACGAACACTGA_014,138
CAGACTTGAACGAACACTGA_015,107
CAGACTTGAACGAACACTGA_016,125
CAGACTTGAACGAACACTGA_017,29
CAGACTTGAACGAACACTGA_018,3
CAGACTTGAACGAACACTGA_019,43
CAGACTTGAACGAACACTGA_020,114
CAGACTTGAACGAACACTGA_021,90
CAGACTTGAACGAACACTGA_022,52
CTCCCCAACAGGAACGTGTG_001,152
CTCCCCAACAGGAACGTGTG_002,55
CTCCCCAACAGGAACGTGTG_003,169
CTCCCCAACAGGAACGTGTG_004,63
CTCCCCAACAGGAACGTGTG_005,166
CTCCCCAACAGGAACGTGTG_006,129
CTCCCCAACAGGAACGTGTG_007,173
CTCCCCAACAGGAACGTGTG_008,54
CTCCCCAACAGGAACGTGTG_009,186
CTCCCCAACAGGAACGTGTG_010,32
CTCCCCAACAGGAACGTGTG_011,29
CTCCCCAACAGGAACGTGTG_012,49
CTCCCCAACAGGAACGTGTG_013,8
CTCCCCAACAGGAACGTGTG_014,28
CTCCCCAACAGGAACGTGTG_015,55
CTCCCCAACAGGAACGTGTG_016,69
CTCCCCAACAGGAACGTGTG_017,170
CTCCCCAACAGGAACGTGTG_018,172
CTCCCCAACAGGAACGTGTG_019,24
GGTGTATCACTAGCACACGC_001,76
GGTGTATCACTAGCACACGC_002,114
GGAACCGTCTTCAACCGTTC_001,48
GCTGCAACTGGGTAAACACT_001,49
GCTGCAACTGGGTAAACACT_002,129
GCTGCAACTGGGTAAACACT_003,44
GCTGCAACTGGGTAAACACT_004,196
GCTGCAACTGGGTAAACACT_005,188
GCTGCAACTGGGTAAACACT_006,35
GCTGCAACTGGGTAAACACT_007,175
GCTGCAACTGGGTAAACACT_008,158
GCTGCAACTGGGTAAACACT_009,128
GCTGCAACTGGGTAAACACT_010,160
GCTGCAACTGGGTAAACACT_011,158
GCTGCAACTGGGTAAACACT_012,104
GCTGCAACTGGGTAAACACT_013,56
GCTGCAACTGGGTAAACACT_014,96
GCTGCAACTGGGTAAACACT_015,84
GCTGCAACTGGGTAAACACT_016,199
GCTGCAACTGGGTAAACACT_017,58
GCTGCAACTGGGTAAACACT_018,3
GCTGCAACTGGGTAAACACT_019,112
ACCCTAGAGATATCACCTGT_001,119
ACCCTAGAGATATCACCTGT_002,148
ACCCTAGAGATATCACCTGT_003,1
AATGGAAGATTGCGAAACAA_001,46
AATGGAAGATTGCGAAACAA_002,145
AATGGAAGATTGCGAAACAA_003,134
AATGGAAGATTGCGAAACAA_004,149
AATGGAAGATTGCGAAACAA_005,57
AATGGAAGATTGCGAAACAA_006,96
AATGGAAGATTGCGAAACAA_007,63
AATGGAAGATTGCGAAACAA_008,168
GGTGGTCGCCCGTCGCTACC_001,24
GGTGGTCGCCCGTCGCTACC_002,170
GGTGGTCGCCCGTCGCTACC_003,3
AGCTCCCTTTACTACAGACT_001,23
AGCTCCCTTTACTACAGACT_002,161
AGCTCCCTTTACTACAGACT_003,150
AGCTCCCTTTACTACAGACT_004,142
AGCTCCCTTTACTACAGACT_005,84
AGCTCCCTTTACTACAGACT_006,68
AGCTCCCTTTACTACAGACT_007,107
AGCTCCCTTTACTACAGACT_008,19
AGCTCCCTTTACTACAGACT_009,28
AGCTCCCTTTACTACAGACT_010,161
AGCTCCCTTTACTACAGACT_011,169
AGCTCCCTTTACTACAGACT_012,81
AGCTCCCTTTACTACAGACT_013,33
AGCTCCCTTTACTACAGACT_014,105
AGCTCCCTTTACTACAGACT_015,85
AGCTCCCTTTACTACAGACT_016,195
AGCTCCCTTTACTACAGACT_017,55
AGCTCCCTTTACTACAGACT_018,137
AGCTCCCTTTACTACAGACT_019,182
CGACGCGACATCCAACCGAG_001,94
CGACGCGACATCCAACCGAG_002,11
CGACGCGACATCCAACCGAG_003,19
CGACGCGACATCCAACCGAG_004,86
CGACGCGACATCCAACCGAG_005,105
CGACGCGACATCCAACCGAG_006,50
CGACGCGACATCCAACCGAG_007,83
CGACGCGACATCCAACCGAG_008,128
CGACGCGACATCCAACCGAG_009,88
AGGAAGCCCTCATTGGGACC_001,60
AGGAAGCCCTCATTGGGACC_002,163
AGGAAGCCCTCATTGGGACC_003,176
AGGAAGCCCTCATTGGGACC_004,170
AGGAAGCCCTCATTGGGACC_005,140
AGGAAGCCCTCATTGGGACC_006,120
AGGAAGCCCTCATTGGGACC_007,34
AGGAAGCCCTCATTGGGACC_008,5
AGGAAGCCCTCATTGGGACC_009,1
AGGAAGCCCTCATTGGGACC_010,62
AGGAAGCCCTCATTGGGACC_011,176
AGGAAGCCCTCATTGGGACC_012,168
AGGAAGCCCTCATTGGGACC_013,124
AGGAAGCCCTCATTGGGACC_014,18
AGGAAGCCCTCATTGGGACC_015,3
GGACGACCGAGGTGATGCCG_001,111
GGACGACCGAGGTGATGCCG_002,85
GGACGACCGAGGTGATGCCG_003,15
GGACGACCGAGGTGATGCCG_004,82
GGACGACCGAGGTGATGCCG_005,134
GGACGACCGAGGTGATGCCG_006,174
GGACGACCGAGGTGATGCCG_007,27
GGACGACCGAGGTGATGCCG_008,106
AGCAGTCCATCATTACAGGG_001,139
AGCAGTCCATCATTACAGGG_002,65
AGCAGTCCATCATTACAGGG_003,59
AGCAGTCCATCATTACAGGG_004,172
AGCAGTCCATCATTACAGGG_005,12
AGCAGTCCATCATTACAGGG_006,52
AGCAGTCCATCATTACAGGG_007,52
AGCAGTCCATCATTACAGGG_008,182
AGCAGTCCATCATTACAGGG_009,160
AGCAGTCCATCATTACAGGG_010,44
TTAGCGCCAGCACGACAGAC_001,75
TTAGCGCCAGCACGACAGAC_002,154
TTAGCGCCAGCACGACAGAC_003,175
TTAGCGCCAGCACGACAGAC_004,66
TTAGCGCCAGCACGACAGAC_005,48
TCATCGAAGACAGACTCTTG_001,185
TCATCGAAGACAGACTCTTG_002,100
TCATCGAAGACAGACTCTTG_003,117
TCATCGAAGACAGACTCTTG_004,170
TCATCGAAGACAGACTCTTG_005,127
TCATCGAAGACAGACTCTTG_006,104
TCATCGAAGACAGACTCTTG_007,174
TCATCGAAGACAGACTCTTG_008,114
TCATCGAAGACAGACTCTTG_009,161
TCATCGAAGACAGACTCTTG_010,196
TCATCGAAGACAGACTCTTG_011,94
TCATCGAAGACAGACTCTTG_012,29
TCATCGAAGACAGACTCTTG_013,130
TCATCGAAGACAGACTCTTG_014,1
TCATCGAAGACAGACTCTTG_015,168
TCATCGAAGACAGACTCTTG_016,191
TCATCGAAGACAGACTCTTG_017,52
TCATCGAAGACAGACTCTTG_018,128
GGACACACCGTAGTCCCTGA_001,108
GGACACACCGTAGTCCCTGA_002,70
GGACACACCGTAGTCCCTGA_003,72
GGACACACCGTAGTCCCTGA_004,0
GGACACACCGTAGTCCCTGA_005,27
GGACACACCGTAGTCCCTGA_006,41
GGACACACCGTAGTCCCTGA_007,83
GGACACACCGTAGTCCCTGA_008,105
GGACACACCGTAGTCCCTGA_009,115
GGACACACCGTAGTCCCTGA_010,36
GGACACACCGTAGTCCCTGA_011,155
GGACACACCGTAGTCCCTGA_012,157
GGACACACCGTAGTCCCTGA_013,83
GGACACACCGTAGTCCCTGA_014,118
GGACACACCGTAGTCCCTGA_015,52
GGACACACCGTAGTCCCTGA_016,177
GGACACACCGTAGTCCCTGA_017,88
GGACACACCGTAGTCCCTGA_018,90
GGACACACCGTAGTCCCTGA_019,169
GGACACACCGTAGTCCCTGA_020,94
GGACACACCGTAGTCCCTGA_021,77
GGACACACCGTAGTCCCTGA_022,136
GGACACACCGTAGTCCCTGA_023,144
GGACACACCGTAGTCCCTGA_024,141
ACATATACAGTAGAGACCAG_001,177
ACATATACAGTAGAGACCAG_002,188
ACATATACAGTAGAGACCAG_003,137
ACATATACAGTAGAGACCAG_004,142
ACATATACAGTAGAGACCAG_005,62
ACATATACAGTAGAGACCAG_006,1
ACATATACAGTAGAGACCAG_007,130
ACATATACAGTAGAGACCAG_008,52
ACATATACAGTAGAGACCAG_009,133
ACATATACAGTAGAGACCAG_010,82
ACATATACAGTAGAGACCAG_011,142
ACATATACAGTAGAGACCAG_012,150
ACATATACAGTAGAGACCAG_013,80
ACATATACAGTAGAGACCAG_014,103
ACATATACAGTAGAGACCAG_015,160
ACATATACAGTAGAGACCAG_016,184
ACATATACAGTAGAGACCAG_017,151
ACATATACAGTAGAGACCAG_018,42
AGAGAGCACGGAGATAACTG_001,24
AGAGAGCACGGAGATAACTG_002,121
AGAGAGCACGGAGATAACTG_003,147
AGAGAGCACGGAGATAACTG_004,68
AGAGAGCACGGAGATAACTG_005,49
AGAGAGCACGGAGATAACTG_006,9
AGAGAGCACGGAGATAACTG_007,56
AGAGAGCACGGAGATAACTG_008,171
AGAGAGCACGGAGATAACTG_009,144
AGAGAGCACGGAGATAACTG_010,121
AGAGAGCACGGAGATAACTG_011,187
AGAGAGCACGGAGATAACTG_012,145
AGAGAGCACGGAGATAACTG_013,169
AGAGAGCACGGAGATAACTG_014,88
AGAGAGCACGGAGATAACTG_015,96
AGAGAGCACGGAGATAACTG_016,27
AGAGAGCACGGAGATAACTG_017,116
AGAGAGCACGGAGATAACTG_018,7
AGAGAGCACGGAGATAACTG_019,149
AGAGAGCACGGAGATAACTG_020,8
AGAGAGCACGGAGATAACTG_021,153
AGAGAGCACGGAGATAACTG_022,197
AGAGAGCACGGAGATAACTG_023,60
AGAGAGCACGGAGATAACTG_024,184
AGAGAGCACGGAGATAACTG_025,184
AGAGAGCACGGAGATAACTG_026,12
GCAAATGTGTGGCATTCACA_001,114
GCAAATGTGTGGCATTCACA_002,57
GCAAATGTGTGGCATTCACA_003,117
GCAAATGTGTGGCATTCACA_004,156
GCAAATGTGTGGCATTCACA_005,81
ATTGAGCAAGTCACTTATGG_001,196
ATTGAGCAAGTCACTTATGG_002,169
ATTGAGCAAGTCACTTATGG_003,159
ATTGAGCAAGTCACTTATGG_004,121
ATTGAGCAAGTCACTTATGG_005,125
ATTGAGCAAGTCACTTATGG_006,129
AGGGTGGGCTTACTCACTTG_001,183
AGGGTGGGCTTACTCACTTG_002,40
AGGGTGGGCTTACTCACTTG_003,159
AGGGTGGGCTTACTCACTTG_004,103
AGGGTGGGCTTACTCACTTG_005,68
AGGGTGGGCTTACTCACTTG_006,156
AGGGTGGGCTTACTCACTTG_007,120
AGGGTGGGCTTACTCACTTG_008,9
AGGGTGGGCTTACTCACTTG_009,32
CAGACGGACTTAGAGCAGAC_001,165
CAGACGGACTTAGAGCAGAC_002,41
CAGACGGACTTAGAGCAGAC_003,2
CAGACGGACTTAGAGCAGAC_004,173
CAGACGGACTTAGAGCAGAC_005,113
CAGACGGACTTAGAGCAGAC_006,45
CAGACGGACTTAGAGCAGAC_007,153
CAGACGGACTTAGAGCAGAC_008,172
CAGACGGACTTAGAGCAGAC_009,118
CAGACGGACTTAGAGCAGAC_010,163
CCGCTATTGAAACCGCCCAC_001,171
CCGCTATTGAAACCGCCCAC_002,83
CCGCTATTGAAACCGCCCAC_003,3
CCGCTATTGAAACCGCCCAC_004,137
CCGCTATTGAAACCGCCCAC_005,29
CCGCTATTGAAACCGCCCAC_006,197
CCGCTATTGAAACCGCCCAC_007,113
CCGCTATTGAAACCGCCCAC_008,147
CCGCTATTGAAACCGCCCAC_009,163
CCGCTATTGAAACCGCCCAC_010,26
CCGCTATTGAAACCGCCCAC_011,29
CCGCTATTGAAACCGCCCAC_012,102
CCGCTATTGAAACCGCCCAC_013,15
CCGCTATTGAAACCGCCCAC_014,92
CCGCTATTGAAACCGCCCAC_015,161
CCGCTATTGAAACCGCCCAC_016,81
CCGCTATTGAAACCGCCCAC_017,166
CCGCTATTGAAACCGCCCAC_018,108
CCGCTATTGAAACCGCCCAC_019,127
CCGCTATTGAAACCGCCCAC_020,16
CCGCTATTGAAACCGCCCAC_021,32
CCGCTATTGAAACCGCCCAC_022,74
CCGCTATTGAAACCGCCCAC_023,147
CCGCTATTGAAACCGCCCAC_024,65
CCGCTATTGAAACCGCCCAC_025,189
CCGCTATTGAAACCGCCCAC_026,10
CCGCTATTGAAACCGCCCAC_027,165
CCGCTATTGAAACCGCCCAC_028,190
CCGCTATTGAAACCGCCCAC_029,187
CCGCTATTGAAACCGCCCAC_030,150
CCGCTATTGAAACCGCCCAC_031,105
CCGCTATTGAAACCGCCCAC_032,105
CCGCTATTGAAACCGCCCAC_033,36
CCGCTATTGAAACCGCCCAC_034,140
CCGCTATTGAAACCGCCCAC_035,112
TGGAAGGACCTGTACGTCTG_001,184
TGGAAGGACCTGTACGTCTG_002,19
TGGAAGGACCTGTACGTCTG_003,190
TGGAAGGACCTGTACGTCTG_004,51
TGGAAGGACCTGTACGTCTG_005,149
TGGAAGGACCTGTACGTCTG_006,122
TGGAAGGACCTGTACGTCTG_007,182
TGGAAGGACCTGTACGTCTG_008,80
TTGAAAGAAATTCTTTCGTG_001,150
GAAGACCATATTCATGCAGG_001,67
GAAGACCATATTCATGCAGG_002,9
GGTGCAGATGGTCACAACTC_001,115
GGTGCAGATGGTCACAACTC_002,17
GGTGCAGATGGTCACAACTC_003,145
GGTGCAGATGGTCACAACTC_004,152
GGTGCAGATGGTCACAACTC_005,96
GGTGCAGATGGTCACAACTC_006,85
GGTGCAGATGGTCACAACTC_007,78
GGTGCAGATGGTCACAACTC_008,199
GGTGCAGATGGTCACAACTC_009,43
GGTGCAGATGGTCACAACTC_010,174
GGTGCAGATGGTCACAACTC_011,140
GGTGCAGATGGTCACAACTC_012,170
GGTGCAGATGGTCACAACTC_013,16
GGTGCAGATGGTCACAACTC_014,115
CATGCTCTCCCCAATCACGG_001,104
CATGCTCTCCCCAATCACGG_002,77
CATGCTCTCCCCAATCACGG_003,113
CATGCTCTCCCCAATCACGG_004,70
CATGCTCTCCCCAATCACGG_005,191
CATGCTCTCCCCAATCACGG_006,60
CATGCTCTCCCCAATCACGG_007,190
CATGCTCTCCCCAATCACGG_008,172
CATGCTCTCCCCAATCACGG_009,181
GAGAACGGCTACGTGCTGGA_001,103
GAGAACGGCTACGTGCTGGA_002,147
GAGAACGGCTACGTGCTGGA_003,70
GAGAACGGCTACGTGCTGGA_004,150
GAGAACGGCTACGTGCTGGA_005,154
GAGAACGGCTACGTGCTGGA_006,184
GAGAACGGCTACGTGCTGGA_007,62
GAGAACGGCTACGTGCTGGA_008,163
GAGAACGGCTACGTGCTGGA_009,94
GAGAACGGCTACGTGCTGGA_010,15
GAGAACGGCTACGTGCTGGA_011,39
GAGAACGGCTACGTGCTGGA_012,144
GAGAACGGCTACGTGCTGGA_013,84
GAGAACGGCTACGTGCTGGA_014,8
GAGAACGGCTACGTGCTGGA_015,197
GAGAACGGCTACGTGCTGGA_016,144
GAGAACGGCTACGTGCTGGA_017,63
GAGAACGGCTACGTGCTGGA_018,174
GAGAACGGCTACGTGCTGGA_019,185
GAGAACGGCTACGTGCTGGA_020,137
GAGAACGGCTACGTGCTGGA_021,151
GAGAACGGCTACGTGCTGGA_022,88
GAGAACGGCTACGTGCTGGA_023,24
GAGAACGGCTACGTGCTGGA_024,21
GAGAACGGCTACGTGCTGGA_025,19
GAGAACGGCTACGTGCTGGA_026,184
GAGAACGGCTACGTGCTGGA_027,49
GAGAACGGCTACGTGCTGGA_028,158
GAGAACGGCTACGTGCTGGA_029,182
GAGAACGGCTACGTGCTGGA_030,84
GAGAACGGCTACGTGCTGGA_031,142
GAGAACGGCTACGTGCTGGA_032,199
GAGAACGGCTACGTGCTGGA_033,172
GAGAACGGCTACGTGCTGGA_034,138
GAGAACGGCTACGTGCTGGA_035,46
GAGAACGGCTACGTGCTGGA_036,153
GAGAACGGCTACGTGCTGGA_037,146
GAGAACGGCTACGTGCTGGA_038,196
GAGAACGGCTACGTGCTGGA_039,6
GAGAACGGCTACGTGCTGGA_040,52
GAGAACGGCTACGTGCTGGA_041,80
TCTGCAAATACAGACCAACT_001,195
TCTGCAAATACAGACCAACT_002,130
TCTGCAAATACAGACCAACT_003,161
TCTGCAAATACAGACCAACT_004,178
TCTGCAAATACAGACCAACT_005,172
TCTGCAAATACAGACCAACT_006,12
TCTGCAAATACAGACCAACT_007,62
TCTGCAAATACAGACCAACT_008,78
TCTGCAAATACAGACCAACT_009,38
TCTGCAAATACAGACCAACT_010,84
TCTGCAAATACAGACCAACT_011,50
CAAACTCTGAGGGGTCACTC_001,16
CAAACTCTGAGGGGTCACTC_002,107
CAAACTCTGAGGGGTCACTC_003,197
CAAACTCTGAGGGGTCACTC_004,50
CAAACTCTGAGGGGTCACTC_005,63
CAAACTCTGAGGGGTCACTC_006,77
CAAACTCTGAGGGGTCACTC_007,191
CAAACTCTGAGGGGTCACTC_008,50
CAAACTCTGAGGGGTCACTC_009,103
CAAACTCTGAGGGGTCACTC_010,199
CAAACTCTGAGGGGTCACTC_011,162
CAAACTCTGAGGGGTCACTC_012,177
CAAACTCTGAGGGGTCACTC_013,148
CAAACTCTGAGGGGTCACTC_014,144
CAAACTCTGAGGGGTCACTC_015,94
CAAACTCTGAGGGGTCACTC_016,44
CAAACTCTGAGGGGTCACTC_017,184
CAAACTCTGAGGGGTCACTC_018,116
CAAACTCTGAGGGGTCACTC_019,103
CAAACTCTGAGGGGTCACTC_020,168
CAAACTCTGAGGGGTCACTC_021,26
CAAACTCTGAGGGGTCACTC_022,168
CAAACTCTGAGGGGTCACTC_023,46
CAAAAAGAAGGACGTGTCCA_001,50
CAAAAAGAAGGACGTGTCCA_002,130
CAAAAAGAAGGACGTGTCCA_003,80
CAAAAAGAAGGACGTGTCCA_004,11
CAAAAAGAAGGACGTGTCCA_005,168
CAAAAAGAAGGACGTGTCCA_006,127
CAAAAAGAAGGACGTGTCCA_007,58
CAAAAAGAAGGACGTGTCCA_008,63
CAAAAAGAAGGACGTGTCCA_009,77
CAAAAAGAAGGACGTGTCCA_010,138
CAAAAAGAAGGACGTGTCCA_011,63
CAAAAAGAAGGACGTGTCCA_012,11
CAAAAAGAAGGACGTGTCCA_013,11
TTCGAAGCGACTTCGCTCCA_001,108
TTCGAAGCGACTTCGCTCCA_002,161
TTCGAAGCGACTTCGCTCCA_003,62
TTCGAAGCGACTTCGCTCCA_004,110
TTCGAAGCGACTTCGCTCCA_005,156
TTCGAAGCGACTTCGCTCCA_006,58
AGGCCTATACCAGTTCTCCG_001,8
GGACCTGTCGCGGTCCCTCG_001,132
GGACCTGTCGCGGTCCCTCG_002,151
GGACCTGTCGCGGTCCCTCG_003,159
GGACCTGTCGCGGTCCCTCG_004,71
GGACCTGTCGCGGTCCCTCG_005,115
GGACCTGTCGCGGTCCCTCG_006,50
GGACCTGTCGCGGTCCCTCG_007,50
GGACCTGTCGCGGTCCCTCG_008,98
GGACCTGTCGCGGTCCCTCG_009,177
GGACCTGTCGCGGTCCCTCG_010,175
ACGTGCGCAGTCAATAACGG_001,53
ACGTGCGCAGTCAATAACGG_002,153
ACGTGCGCAGTCAATAACGG_003,24
ACGTGCGCAGTCAATAACGG_004,53
ACGTGCGCAGTCAATAACGG_005,35
ACGTGCGCAGTCAATAACGG_006,197
ACGTGCGCAGTCAATAACGG_007,75
ACGTGCGCAGTCAATAACGG_008,162
ACGTGCGCAGTCAATAACGG_009,16
ACGTGCGCAGTCAATAACGG_010,65
ACGTGCGCAGTCAATAACGG_011,190
ACGTGCGCAGTCAATAACGG_012,58
ACGTGCGCAGTCAATAACGG_013,154
ACGTGCGCAGTCAATAACGG_014,9
ACGTGCGCAGTCAATAACGG_015,103
ACGTGCGCAGTCAATAACGG_016,27
ACGTGCGCAGTCAATAACGG_017,78
AGTAAATCCCCAGCACAACG_001,175
AGTAAATCCCCAGCACAACG_002,55
AGTAAATCCCCAGCACAACG_003,158
AGTAAATCCCCAGCACAACG_004,38
AGTAAATCCCCAGCACAACG_005,50
AGTAAATCCCCAGCACAACG_006,167
AGTAAATCCCCAGCACAACG_007,70
AGTAAATCCCCAGCACAACG_008,140
AGTAAATCCCCAGCACAACG_009,156
AGTAAATCCCCAGCACAACG_010,175
AGTAAATCCCCAGCACAACG_011,2
AGTAAATCCCCAGCACAACG_012,61
AGTAAATCCCCAGCACAACG_013,83
AGTAAATCCCCAGCACAACG_014,175
GATACAAAGTCGTAGCTGGA_001,160
GATACAAAGTCGTAGCTGGA_002,188
GATACAAAGTCGTAGCTGGA_003,179
GATACAAAGTCGTAGCTGGA_004,129
GATACAAAGTCGTAGCTGGA_005,66
GATACAAAGTCGTAGCTGGA_006,88
GATACAAAGTCGTAGCTGGA_007,23
GATACAAAGTCGTAGCTGGA_008,33
GATACAAAGTCGTAGCTGGA_009,48
GATACAAAGTCGTAGCTGGA_010,41
GTTGCCTTCGCCTTTGCCCG_001,23
GTTGCCTTCGCCTTTGCCCG_002,113
GTTGCCTTCGCCTTTGCCCG_003,192
GTTGCCTTCGCCTTTGCCCG_004,185
GTTGCCTTCGCCTTTGCCCG_005,146
GTTGCCTTCGCCTTTGCCCG_006,50
GTTGCCTTCGCCTTTGCCCG_007,157
GTTGCCTTCGCCTTTGCCCG_008,58
CTTACCTAGGAGCGTCCTAG_001,62
CTTACCTAGGAGCGTCCTAG_002,69
CTTACCTAGGAGCGTCCTAG_003,120
CTTACCTAGGAGCGTCCTAG_004,17
CTTACCTAGGAGCGTCCTAG_005,62
CTTACCTAGGAGCGTCCTAG_006,159
CTTACCTAGGAGCGTCCTAG_007,53
CTTACCTAGGAGCGTCCTAG_008,142
CTTACCTAGGAGCGTCCTAG_009,68
CTTACCTAGGAGCGTCCTAG_010,67
CTTACCTAGGAGCGTCCTAG_011,41
CTTACCTAGGAGCGTCCTAG_012,198
CTTACCTAGGAGCGTCCTAG_013,42
CTTACCTAGGAGCGTCCTAG_014,104
CCTGCCAGCTCATAAGAGTG_001,115
CCTGCCAGCTCATAAGAGTG_002,21
CCTGCCAGCTCATAAGAGTG_003,137
CCTGCCAGCTCATAAGAGTG_004,196
CCTGCCAGCTCATAAGAGTG_005,6
CCTGCCAGCTCATAAGAGTG_006,152
CCTGCCAGCTCATAAGAGTG_007,20
CCTGCCAGCTCATAAGAGTG_008,82
CCTGCCAGCTCATAAGAGTG_009,142
CCTGCCAGCTCATAAGAGTG_010,2
AAGCCTGAAAGAACAACCAA_001,147
AAGCCTGAAAGAACAACCAA_002,191
AAGCCTGAAAGAACAACCAA_003,146
AAGCCTGAAAGAACAACCAA_004,60
GGGAATCCCGAAACTCTTCG_001,172
GGGAATCCCGAAACTCTTCG_002,151
GGGAATCCCGAAACTCTTCG_003,137
GGGAATCCCGAAACTCTTCG_004,23
GGGAATCCCGAAACTCTTCG_005,112
GGGAATCCCGAAACTCTTCG_006,158
GGGAATCCCGAAACTCTTCG_007,78
GGGAATCCCGAAACTCTTCG_008,149
GAGTATTTCTTGCGCCACGA_001,197
GAGTATTTCTTGCGCCACGA_002,15
TGACAATCACTCACTGGGCA_001,101
TGACAATCACTCACTGGGCA_002,169
TAAATGTCATTGGGTCTCCG_001,113
TAAATGTCATTGGGTCTCCG_002,192
TAAATGTCATTGGGTCTCCG_003,2
TAAATGTCATTGGGTCTCCG_004,17
TAAATGTCATTGGGTCTCCG_005,15
TAAATGTCATTGGGTCTCCG_006,80
TAAATGTCATTGGGTCTCCG_007,136
TAAATGTCATTGGGTCTCCG_008,29
GGGAAAATTAAAAAGCACCG_001,2
GGGAAAATTAAAAAGCACCG_002,78
GGGAAAATTAAAAAGCACCG_003,7
GGGAAAATTAAAAAGCACCG_004,185
CACGGGGTCCTGAATCACGT_001,6
CACGGGGTCCTGAATCACGT_002,2
CACGGGGTCCTGAATCACGT_003,83
CACGGGGTCCTGAATCACGT_004,83
CACGGGGTCCTGAATCACGT_005,43
CACGGGGTCCTGAATCACGT_006,56
CACGGGGTCCTGAATCACGT_007,120
CACGGGGTCCTGAATCACGT_008,58
CACGGGGTCCTGAATCACGT_009,35
CACGGGGTCCTGAATCACGT_010,124
CACGGGGTCCTGAATCACGT_011,107
GTGACATACAGCGTTTCCAG_001,50
GTGACATACAGCGTTTCCAG_002,180
GTGACATACAGCGTTTCCAG_003,127
GTGACATACAGCGTTTCCAG_004,70
AAAAGCCAACTTCTTAGGGA_001,46
GGAACCTCTCAACGCTTCGG_001,185
GGAACCTCTCAACGCTTCGG_002,86
GGAACCTCTCAACGCTTCGG_003,133
GGAACCTCTCAACGCTTCGG_004,187
GGAACCTCTCAACGCTTCGG_005,125
GGAACCTCTCAACGCTTCGG_006,56
GGAACCTCTCAACGCTTCGG_007,182
GCAAACGCCATCCCATCATG_001,34
GCAAACGCCATCCCATCATG_002,7
GCAAACGCCATCCCATCATG_003,69
GCAAACGCCATCCCATCATG_004,198
CCTGGGAGCTCCATTCCCTA_001,197
CCTGGGAGCTCCATTCCCTA_002,77
CCTGGGAGCTCCATTCCCTA_003,16
CCTGGGAGCTCCATTCCCTA_004,12
CCTGGGAGCTCCATTCCCTA_005,158
TACAGGCATCTCAGGCAGCG_001,185
TACAGGCATCTCAGGCAGCG_002,56
TACAGGCATCTCAGGCAGCG_003,2
TGTTGCCACACAACACAATG_001,138
TGTTGCCACACAACACAATG_002,154
TGTTGCCACACAACACAATG_003,118
TGTTGCCACACAACACAATG_004,84
TGTTGCCACACAACACAATG_005,33
TGTTGCCACACAACACAATG_006,134
TGTTGCCACACAACACAATG_007,17
TGTTGCCACACAACACAATG_008,49
TGTTGCCACACAACACAATG_009,121
TGTTGCCACACAACACAATG_010,49
TGTTGCCACACAACACAATG_011,105
TGTTGCCACACAACACAATG_012,34
CCTGTTCCCATAGGATGCAG_001,171
CCTGTTCCCATAGGATGCAG_002,69
CCTGTTCCCATAGGATGCAG_003,155
CCTGTTCCCATAGGATGCAG_004,13
CCTGTTCCCATAGGATGCAG_005,93
CCTGTTCCCATAGGATGCAG_006,105
CCTGTTCCCATAGGATGCAG_007,113
CCTGTTCCCATAGGATGCAG_008,75
CCTGTTCCCATAGGATGCAG_009,185
CCTGTTCCCATAGGATGCAG_010,177
CCTGTTCCCATAGGATGCAG_011,6
GGAGCTGATCCTGGATCACG_001,42
GGAGCTGATCCTGGATCACG_002,48
GGAGCTGATCCTGGATCACG_003,177
GAAAAGTCTGTAAAGACCAA_001,94
GAAAAGTCTGTAAAGACCAA_002,68
GAAAAGTCTGTAAAGACCAA_003,67
GAAAAGTCTGTAAAGACCAA_004,162
GAAAAGTCTGTAAAGACCAA_005,179
GAAAAGTCTGTAAAGACCAA_006,37
GAAAAGTCTGTAAAGACCAA_007,88
GAAAAGTCTGTAAAGACCAA_008,124
ACATGCGCTTTGATGTGCCG_001,78
ACATGCGCTTTGATGTGCCG_002,77
ACATGCGCTTTGATGTGCCG_003,197
ACATGCGCTTTGATGTGCCG_004,175
ACATGCGCTTTGATGTGCCG_005,0
ACATGCGCTTTGATGTGCCG_006,76
ACATGCGCTTTGATGTGCCG_007,76
ACATGCGCTTTGATGTGCCG_008,82
ACATGCGCTTTGATGTGCCG_009,192
ACATGCGCTTTGATGTGCCG_010,189
ACATGCGCTTTGATGTGCCG_011,75
ACATGCGCTTTGATGTGCCG_012,105
ACATGCGCTTTGATGTGCCG_013,63
ACATGCGCTTTGATGTGCCG_014,38
GATGATTTCAGACGCTATCG_001,7
GATGATTTCAGACGCTATCG_002,140
GATGATTTCAGACGCTATCG_003,124
GATGATTTCAGACGCTATCG_004,46
GATGATTTCAGACGCTATCG_005,124
TGGCTACTATGCCCGTTCCG_001,139
GCTAGCTTCAAGCAACAACG_001,172
GCTAGCTTCAAGCAACAACG_002,2
GCTAGCTTCAAGCAACAACG_003,199
AGCTCTCGAAGACTGCTGTG_001,198
AGCTCTCGAAGACTGCTGTG_002,176
AGCTCTCGAAGACTGCTGTG_003,144
AGCTCTCGAAGACTGCTGTG_004,2
AGCTCTCGAAGACTGCTGTG_005,170
AGCTCTCGAAGACTGCTGTG_006,45
AGCTCTCGAAGACTGCTGTG_007,35
AGCTCTCGAAGACTGCTGTG_008,40
AGCTCTCGAAGACTGCTGTG_009,198
AGCTCTCGAAGACTGCTGTG_010,158
AGCTCTCGAAGACTGCTGTG_011,66
AAGAAGAACCTGAACAGAGA_001,58
AAGAAGAACCTGAACAGAGA_002,148
AAGAAGAACCTGAACAGAGA_003,40
AAGAAGAACCTGAACAGAGA_004,50
AAGAAGAACCTGAACAGAGA_005,15
AAGAAGAACCTGAACAGAGA_006,86
AAGAAGAACCTGAACAGAGA_007,147
AAGAAGAACCTGAACAGAGA_008,178
AAGAAGAACCTGAACAGAGA_009,113
AAGAAGAACCTGAACAGAGA_010,161
AAGAAGAACCTGAACAGAGA_011,190
AAGAAGAACCTGAACAGAGA_012,78
ATGGTGGAATCAGATGTGAA_001,106
GTACCCAGGACACGCGGGAT_001,101
GTACCCAGGACACGCGGGAT_002,62
GTACCCAGGACACGCGGGAT_003,132
GTACCCAGGACACGCGGGAT_004,3
GTACCCAGGACACGCGGGAT_005,155
GTACCCAGGACACGCGGGAT_006,148
GTACCCAGGACACGCGGGAT_007,103
GTACCCAGGACACGCGGGAT_008,119
GTACCCAGGACACGCGGGAT_009,137
GTACCCAGGACACGCGGGAT_010,189
GTACCCAGGACACGCGGGAT_011,152
GTACCCAGGACACGCGGGAT_012,152
GTACCCAGGACACGCGGGAT_013,155
GTGGACGGCAAACTTACAGC_001,199
GTGGACGGCAAACTTACAGC_002,37
GTGGACGGCAAACTTACAGC_003,46
GTGGACGGCAAACTTACAGC_004,190
GTGGACGGCAAACTTACAGC_005,4
GTGGACGGCAAACTTACAGC_006,126
GTGGACGGCAAACTTACAGC_007,77
GTGGACGGCAAACTTACAGC_008,88
GGAAGCGCCGCTTCACGCGG_001,55
GGAAGCGCCGCTTCACGCGG_002,175
GGAAGCGCCGCTTCACGCGG_003,3
GGAAGCGCCGCTTCACGCGG_004,194
GGAAGCGCCGCTTCACGCGG_005,29
GGAAGCGCCGCTTCACGCGG_006,137
AGAAATTCCCACAAGTGCAT_001,166
AGAAATTCCCACAAGTGCAT_002,171
AGAAATTCCCACAAGTGCAT_003,190
AGAAATTCCCACAAGTGCAT_004,26
CTAACCGTTCCCGCAAACAC_001,176
CTAACCGTTCCCGCAAACAC_002,159
CTAACCGTTCCCGCAAACAC_003,61
CTAACCGTTCCCGCAAACAC_004,190
CTAACCGTTCCCGCAAACAC_005,47
CTAACCGTTCCCGCAAACAC_006,100
CTAACCGTTCCCGCAAACAC_007,40
CTAACCGTTCCCGCAAACAC_008,82
CTAACCGTTCCCGCAAACAC_009,13
GGACACAGCATAGGTACATG_001,56
GGACACAGCATAGGTACATG_002,149
GGACACAGCATAGGTACATG_003,37
GGACACAGCATAGGTACATG_004,113
GGACACAGCATAGGTACATG_005,70
GGACACAGCATAGGTACATG_006,81
GGACACAGCATAGGTACATG_007,119
GGACACAGCATAGGTACATG_008,163
GGACACAGCATAGGTACATG_009,69
GGACACAGCATAGGTACATG_010,149
GGACACAGCATAGGTACATG_011,147
GGACACAGCATAGGTACATG_012,199
GGACACAGCATAGGTACATG_013,181
GGACACAGCATAGGTACATG_014,104
GGACACAGCATAGGTACATG_015,105
GGACACAGCATAGGTACATG_016,132
GGACACAGCATAGGTACATG_017,159
GGACACAGCATAGGTACATG_018,16
GGACACAGCATAGGTACATG_019,170
GGACACAGCATAGGTACATG_020,100
GGACACAGCATAGGTACATG_021,178
GGACACAGCATAGGTACATG_022,34
GGACACAGCATAGGTACATG_023,19
GGACACAGCATAGGTACATG_024,138
GGACACAGCATAGGTACATG_025,142
GGACACAGCATAGGTACATG_026,102
GGACACAGCATAGGTACATG_027,126
GGACACAGCATAGGTACATG_028,0
GGACACAGCATAGGTACATG_029,174
TGCGGCACATGTCATAAGTG_001,9
TGCGGCACATGTCATAAGTG_002,130
TGCGGCACATGTCATAAGTG_003,26
TGCGGCACATGTCATAAGTG_004,123
CCTGCTGGGTCTCATCGATG_001,62
CCTGCTGGGTCTCATCGATG_002,132
CCTGCTGGGTCTCATCGATG_003,28
CCTGCTGGGTCTCATCGATG_004,134
TGTGATGGTATGGAACCACT_001,192
TGTGATGGTATGGAACCACT_002,84
TGTGATGGTATGGAACCACT_003,16
TGTGATGGTATGGAACCACT_004,74
TGTGATGGTATGGAACCACT_005,133
TGTGATGGTATGGAACCACT_006,191
TGTGATGGTATGGAACCACT_007,58
TGTGATGGTATGGAACCACT_008,98
TCACGCAGGGCACATACACG_001,130
TCACGCAGGGCACATACACG_002,16
TCACGCAGGGCACATACACG_003,68
TCACGCAGGGCACATACACG_004,31
TCACGCAGGGCACATACACG_005,156
TCACGCAGGGCACATACACG_006,25
TCACGCAGGGCACATACACG_007,11
TCACGCAGGGCACATACACG_008,58
TCACGCAGGGCACATACACG_009,187
TCACGCAGGGCACATACACG_010,42
TCACGCAGGGCACATACACG_011,121
TCACGCAGGGCACATACACG_012,167
TCACGCAGGGCACATACACG_013,88
TCACGCAGGGCACATACACG_014,50
TCACGCAGGGCACATACACG_015,7
TCACGCAGGGCACATACACG_016,174
TCACGCAGGGCACATACACG_017,2
TCACGCAGGGCACATACACG_018,25
TCATCAGGAACCATGATCAG_001,170
TCATCAGGAACCATGATCAG_002,70
TCATCAGGAACCATGATCAG_003,136
TCATCAGGAACCATGATCAG_004,63
TCATCAGGAACCATGATCAG_005,63
TGAATAATCAGGTTCCCGAT_001,60
TGAATAATCAGGTTCCCGAT_002,65
TTGTGAAGTAATCTTAGGGT_001,41
TTGTGAAGTAATCTTAGGGT_002,67
TTGTGAAGTAATCTTAGGGT_003,105
TTGTGAAGTAATCTTAGGGT_004,162
TTGTGAAGTAATCTTAGGGT_005,105
TTGTGAAGTAATCTTAGGGT_006,114
TTTAAACTTACTGTCAACTG_001,100
TTTAAACTTACTGTCAACTG_002,100
TTTAAACTTACTGTCAACTG_003,88
CCCAGAAAGTCTCGTAACTG_001,70
CCCAGAAAGTCTCGTAACTG_002,169
CCCAGAAAGTCTCGTAACTG_003,69
CCCAGAAAGTCTCGTAACTG_004,174
CCCAGAAAGTCTCGTAACTG_005,33
CCCAGAAAGTCTCGTAACTG_006,105
CAAAGTTGCAACGGATCCCA_001,134
CAAAGTTGCAACGGATCCCA_002,102
CAAAGTTGCAACGGATCCCA_003,19
CAAAGTTGCAACGGATCCCA_004,103
CAAAGTTGCAACGGATCCCA_005,9
CAAAGTTGCAACGGATCCCA_006,113
CAAAGTTGCAACGGATCCCA_007,113
CAAAGTTGCAACGGATCCCA_008,1
CAAAGTTGCAACGGATCCCA_009,174
CAAAGTTGCAACGGATCCCA_010,150
CAAAGTTGCAACGGATCCCA_011,150
CAAAGTTGCAACGGATCCCA_012,137
AAAGATGTGACAGTACGGGA_001,9
AAAGATGTGACAGTACGGGA_002,94
AAAGATGTGACAGTACGGGA_003,107
AAAGATGTGACAGTACGGGA_004,1
AAAGATGTGACAGTACGGGA_005,56
AAAGATGTGACAGTACGGGA_006,198
AAAGATGTGACAGTACGGGA_007,157
AAAGATGTGACAGTACGGGA_008,115
GCCTTCCATTCAAGTACAAG_001,187
GCCTTCCATTCAAGTACAAG_002,61
GCCTTCCATTCAAGTACAAG_003,103
GCCTTCCATTCAAGTACAAG_004,58
GCCTTCCATTCAAGTACAAG_005,99
AGAGTGTTCTGGTCTCACAT_001,99
AGAGTGTTCTGGTCTCACAT_002,2
AGAGTGTTCTGGTCTCACAT_003,107
ATCAGAGCCCACCATAAGAG_001,43
ATCAGAGCCCACCATAAGAG_002,88
ATCAGAGCCCACCATAAGAG_003,103
ATCAGAGCCCACCATAAGAG_004,1
ATCAGAGCCCACCATAAGAG_005,0
GGAACTTGAGGTTAAGAACA_001,31
GGAACTTGAGGTTAAGAACA_002,22
GGAACTTGAGGTTAAGAACA_003,61
GTTGTCATACACCCTGACGT_001,92
GTTGTCATACACCCTGACGT_002,68
GTTGTCATACACCCTGACGT_003,6
GTTGTCATACACCCTGACGT_004,64
GTTGTCATACACCCTGACGT_005,80
GTTGTCATACACCCTGACGT_006,76
GTTGTCATACACCCTGACGT_007,60
GTTGTCATACACCCTGACGT_008,62
GTTGTCATACACCCTGACGT_009,114
GTTGTCATACACCCTGACGT_010,136
GTTGTCATACACCCTGACGT_011,7
GTTGTCATACACCCTGACGT_012,23
GTTGTCATACACCCTGACGT_013,11
GTTGTCATACACCCTGACGT_014,39
GTTGTCATACACCCTGACGT_015,20
GCTCGCCAAGAGTGTCGGCG_001,3
GCTCGCCAAGAGTGTCGGCG_002,193
GCTCGCCAAGAGTGTCGGCG_003,198
GCTCGCCAAGAGTGTCGGCG_004,43
GCTCGCCAAGAGTGTCGGCG_005,2
GCTCGCCAAGAGTGTCGGCG_006,53
GCTCGCCAAGAGTGTCGGCG_007,153
GCTCGCCAAGAGTGTCGGCG_008,105
GCTCGCCAAGAGTGTCGGCG_009,106
GCTCGCCAAGAGTGTCGGCG_010,78
GCTCGCCAAGAGTGTCGGCG_011,61
GCTCGCCAAGAGTGTCGGCG_012,2
GCTCGCCAAGAGTGTCGGCG_013,98
GCTCGCCAAGAGTGTCGGCG_014,173
GCTCGCCAAGAGTGTCGGCG_015,174
GCTCGCCAAGAGTGTCGGCG_016,121
GCTCGCCAAGAGTGTCGGCG_017,18
GCTCGCCAAGAGTGTCGGCG_018,28
GCTCGCCAAGAGTGTCGGCG_019,48
GCTCGCCAAGAGTGTCGGCG_020,153
GCTCGCCAAGAGTGTCGGCG_021,45
GCTCGCCAAGAGTGTCGGCG_022,185
GCTCGCCAAGAGTGTCGGCG_023,146
GCTCGCCAAGAGTGTCGGCG_024,69
GCTCGCCAAGAGTGTCGGCG_025,168
GCTCGCCAAGAGTGTCGGCG_026,28
GCTCGCCAAGAGTGTCGGCG_027,162
GCTCGCCAAGAGTGTCGGCG_028,77
GCTCGCCAAGAGTGTCGGCG_029,168
GCTCGCCAAGAGTGTCGGCG_030,130
GCTCGCCAAGAGTGTCGGCG_031,77
GCTCGCCAAGAGTGTCGGCG_032,199
GCTCGCCAAGAGTGTCGGCG_033,153
GCTCGCCAAGAGTGTCGGCG_034,88
GCTCGCCAAGAGTGTCGGCG_035,46
GACTGTTCATGACCACACGA_001,15
GACTGTTCATGACCACACGA_002,105
GACTGTTCATGACCACACGA_003,172
GACTGTTCATGACCACACGA_004,147
GACTGTTCATGACCACACGA_005,54
GACTGTTCATGACCACACGA_006,174
GACTGTTCATGACCACACGA_007,82
GACTGTTCATGACCACACGA_008,106
GACTGTTCATGACCACACGA_009,158
GACTGTTCATGACCACACGA_010,197
GACTGTTCATGACCACACGA_011,77
GACTGTTCATGACCACACGA_012,146
GACTGTTCATGACCACACGA_013,140
GACTGTTCATGACCACACGA_014,108
GACTGTTCATGACCACACGA_015,2
GACTGTTCATGACCACACGA_016,169
GACTGTTCATGACCACACGA_017,29
TCCAAGCATTGAACTACGTG_001,104
TCCAAGCATTGAACTACGTG_002,86
TCCAAGCATTGAACTACGTG_003,113
TCCAAGCATTGAACTACGTG_004,11
TCCAAGCATTGAACTACGTG_005,175
TCCAAGCATTGAACTACGTG_006,142
TCCAAGCATTGAACTACGTG_007,198
AGAAGAGAGACTAAGTCCGA_001,188
CCTGGAGTATTTAATCAAAG_001,155
CCTGGAGTATTTAATCAAAG_002,42
TTCCACGTGGCCCTACTAGG_001,158
TTCCACGTGGCCCTACTAGG_002,17
TTCCACGTGGCCCTACTAGG_003,94
TTCCACGTGGCCCTACTAGG_004,147
TTCCACGTGGCCCTACTAGG_005,176
CTAGTTCTGATCGAAGCTCT_001,84
CTAGTTCTGATCGAAGCTCT_002,149
CTAGTTCTGATCGAAGCTCT_003,152
CTAGTTCTGATCGAAGCTCT_004,98
AGCTTGTAGGTGGCACACTG_001,108
AGCTTGTAGGTGGCACACTG_002,47
AGCTTGTAGGTGGCACACTG_003,70
AGCTTGTAGGTGGCACACTG_004,89
AGCTTGTAGGTGGCACACTG_005,162
AGCTTGTAGGTGGCACACTG_006,194
AGCTTGTAGGTGGCACACTG_007,172
AGCTTGTAGGTGGCACACTG_008,83
AGCTTGTAGGTGGCACACTG_009,50
AGCTTGTAGGTGGCACACTG_010,119
AGCTTGTAGGTGGCACACTG_011,113
AGCTTGTAGGTGGCACACTG_012,85
AGCTTGTAGGTGGCACACTG_013,51
AGCTTGTAGGTGGCACACTG_014,197
AGCTTGTAGGTGGCACACTG_015,82
AGCTTGTAGGTGGCACACTG_016,102
AGCTTGTAGGTGGCACACTG_017,77
AGCTTGTAGGTGGCACACTG_018,4
AGCTTGTAGGTGGCACACTG_019,169
AGCTTGTAGGTGGCACACTG_020,81
AGCTTGTAGGTGGCACACTG_021,198
AGCTTGTAGGTGGCACACTG_022,52
AGCTTGTAGGTGGCACACTG_023,5
AGCTTGTAGGTGGCACACTG_024,111
AGCTTGTAGGTGGCACACTG_025,41
AGCTTGTAGGTGGCACACTG_026,29
AGCTTGTAGGTGGCACACTG_027,142
AGCTTGTAGGTGGCACACTG_028,60
AGCTTGTAGGTGGCACACTG_029,150
AGCTTGTAGGTGGCACACTG_030,175
AGCTTGTAGGTGGCACACTG_031,174
AGCTTGTAGGTGGCACACTG_032,74
AGCTTGTAGGTGGCACACTG_033,63
AGCTTGTAGGTGGCACACTG_034,165
AGCTTGTAGGTGGCACACTG_035,31
AGCTTGTAGGTGGCACACTG_036,198
AGCTTGTAGGTGGCACACTG_037,127
AGCTTGTAGGTGGCACACTG_038,64
AGCTTGTAGGTGGCACACTG_039,65
AGCTTGTAGGTGGCACACTG_040,150
AGCTTGTAGGTGGCACACTG_041,149
GATGTGTACTCGTTCTCTCA_001,151
GCCAGATAAATGTAAAATCG_001,2
GCCAGATAAATGTAAAATCG_002,76
GCCAGATAAATGTAAAATCG_003,94
CTTCCGGAGACTCAGGACCG_001,31
CTTCCGGAGACTCAGGACCG_002,199
CTTCCGGAGACTCAGGACCG_003,113
CTTCCGGAGACTCAGGACCG_004,10
CTTCCGGAGACTCAGGACCG_005,33
CTTCCGGAGACTCAGGACCG_006,88
CTTCCGGAGACTCAGGACCG_007,58
CTTCCGGAGACTCAGGACCG_008,175
CTTCCGGAGACTCAGGACCG_009,144
CTTCCGGAGACTCAGGACCG_010,181
CTTCCGGAGACTCAGGACCG_011,82
CTTCCGGAGACTCAGGACCG_012,12
CTTCCGGAGACTCAGGACCG_013,147
GCAGGTTGGCCACGACACGG_001,197
GCAGGTTGGCCACGACACGG_002,74
GCAGGTTGGCCACGACACGG_003,2
GCAGGTTGGCCACGACACGG_004,17
GCAGGTTGGCCACGACACGG_005,115
GCAGGTTGGCCACGACACGG_006,176
GCAGGTTGGCCACGACACGG_007,54
GCAGGTTGGCCACGACACGG_008,178
GCAGGTTGGCCACGACACGG_009,6
GCAGGTTGGCCACGACACGG_010,49
GCAGGTTGGCCACGACACGG_011,104
GCAGGTTGGCCACGACACGG_012,198
GCAGGTTGGCCACGACACGG_013,8
GCAGGTTGGCCACGACACGG_014,177
GCAGGTTGGCCACGACACGG_015,131
GCAGGTTGGCCACGACACGG_016,168
GCAGGTTGGCCACGACACGG_017,144
GCAGGTTGGCCACGACACGG_018,88
GCAGGTTGGCCACGACACGG_019,178
GCAGGTTGGCCACGACACGG_020,53
GCAGGTTGGCCACGACACGG_021,2
GCAGGTTGGCCACGACACGG_022,199
GCAGGTTGGCCACGACACGG_023,27
GGCATGCTTACCCTGAACAA_001,64
GGCATGCTTACCCTGAACAA_002,115
GGCATGCTTACCCTGAACAA_003,8
GGCATGCTTACCCTGAACAA_004,44
GGCATGCTTACCCTGAACAA_005,158
GGCATGCTTACCCTGAACAA_006,181
GGCATGCTTACCCTGAACAA_007,125
GGCATGCTTACCCTGAACAA_008,49
GGCATGCTTACCCTGAACAA_009,179
GGCATGCTTACCCTGAACAA_010,174
GGCATGCTTACCCTGAACAA_011,185
GGCATGCTTACCCTGAACAA_012,35
GGCATGCTTACCCTGAACAA_013,63
CACAGAAAGTATGTCCCGCG_001,160
CACAGAAAGTATGTCCCGCG_002,160
CACAGAAAGTATGTCCCGCG_003,184
CACAGAAAGTATGTCCCGCG_004,1
CACAGAAAGTATGTCCCGCG_005,141
CACAGAAAGTATGTCCCGCG_006,8
GCTCACACGTGTGCTAGAAG_001,85
GCTCACACGTGTGCTAGAAG_002,20
ATAGCCATAGTCGTAACCTG_001,72
ATAGCCATAGTCGTAACCTG_002,178
ATAGCCATAGTCGTAACCTG_003,134
ATAGCCATAGTCGTAACCTG_004,119
ATAGCCATAGTCGTAACCTG_005,81
GCAGTGCAGCCATCGCATGG_001,147
GCAGTGCAGCCATCGCATGG_002,127
GCAGTGCAGCCATCGCATGG_003,29
GCAGTGCAGCCATCGCATGG_004,76
GCAGTGCAGCCATCGCATGG_005,118
GCAGTGCAGCCATCGCATGG_006,17
GCAGTGCAGCCATCGCATGG_007,113
GCAGTGCAGCCATCGCATGG_008,115
GCAGTGCAGCCATCGCATGG_009,105
GCAGTGCAGCCATCGCATGG_010,67
GCAGTGCAGCCATCGCATGG_011,156
GCAGTGCAGCCATCGCATGG_012,3
GCAGTGCAGCCATCGCATGG_013,147
GCAGTGCAGCCATCGCATGG_014,144
GCAGTGCAGCCATCGCATGG_015,141
GCAGTGCAGCCATCGCATGG_016,163
GCAGTGCAGCCATCGCATGG_017,163
GCAGTGCAGCCATCGCATGG_018,170
GCAGTGCAGCCATCGCATGG_019,130
GCAGTGCAGCCATCGCATGG_020,80
GCAGTGCAGCCATCGCATGG_021,108
GCAGTGCAGCCATCGCATGG_022,103
GCAGTGCAGCCATCGCATGG_023,30
GCAGTGCAGCCATCGCATGG_024,147
GCAGTGCAGCCATCGCATGG_025,169
GCAGTGCAGCCATCGCATGG_026,113
GCAGTGCAGCCATCGCATGG_027,199
GCAGTGCAGCCATCGCATGG_028,178
GCAGTGCAGCCATCGCATGG_029,184
GCAGTGCAGCCATCGCATGG_030,50
GCAGTGCAGCCATCGCATGG_031,50
GCAGTGCAGCCATCGCATGG_032,149
GCAGTGCAGCCATCGCATGG_033,188
GCAGTGCAGCCATCGCATGG_034,138
GCAGTGCAGCCATCGCATGG_035,130
GCAGTGCAGCCATCGCATGG_036,49
GCAGTGCAGCCATCGCATGG_037,155
GGAGCTGCCTCGGTCAATGG_001,28
GGAGCTGCCTCGGTCAATGG_002,58
GGAGCTGCCTCGGTCAATGG_003,19
GGAGCTGCCTCGGTCAATGG_004,115
GGAGCTGCCTCGGTCAATGG_005,174
GGAGCTGCCTCGGTCAATGG_006,56
GGAGCTGCCTCGGTCAATGG_007,93
GGAGCTGCCTCGGTCAATGG_008,160
GGAGCTGCCTCGGTCAATGG_009,179
GGAGCTGCCTCGGTCAATGG_010,160
GGAGCTGCCTCGGTCAATGG_011,82
GGAGCTGCCTCGGTCAATGG_012,48
GGAGCTGCCTCGGTCAATGG_013,174
GGAGCTGCCTCGGTCAATGG_014,86
GGAGCTGCCTCGGTCAATGG_015,77
GGAGCTGCCTCGGTCAATGG_016,127
GGAGCTGCCTCGGTCAATGG_017,170
GGAGCTGCCTCGGTCAATGG_018,63
GGAGCTGCCTCGGTCAATGG_019,77
GGAGCTGCCTCGGTCAATGG_020,40
GGAGCTGCCTCGGTCAATGG_021,67
GGAGCTGCCTCGGTCAATGG_022,67
GGAGCTGCCTCGGTCAATGG_023,180
GGAGCTGCCTCGGTCAATGG_024,62
GGAGCTGCCTCGGTCAATGG_025,19
GGAGCTGCCTCGGTCAATGG_026,102
GGAGCTGCCTCGGTCAATGG_027,47
GGAGCTGCCTCGGTCAATGG_028,31
CGGCGCTCAACAACAACCCG_001,127
CGGCGCTCAACAACAACCCG_002,11
CGGCGCTCAACAACAACCCG_003,160
CGGCGCTCAACAACAACCCG_004,150
CGGCGCTCAACAACAACCCG_005,183
CGGCGCTCAACAACAACCCG_006,82
CGGCGCTCAACAACAACCCG_007,143
CGGCGCTCAACAACAACCCG_008,66
CGGCGCTCAACAACAACCCG_009,145
CGGCGCTCAACAACAACCCG_010,191
CGGCGCTCAACAACAACCCG_011,30
CGGCGCTCAACAACAACCCG_012,81
CGGCGCTCAACAACAACCCG_013,101
CGGCGCTCAACAACAACCCG_014,30
CGGCGCTCAACAACAACCCG_015,139
CGGCGCTCAACAACAACCCG_016,123
CGGCGCTCAACAACAACCCG_017,118
CGGCGCTCAACAACAACCCG_018,117
CGGCGCTCAACAACAACCCG_019,171
CGGCGCTCAACAACAACCCG_020,188
CGGCGCTCAACAACAACCCG_021,37
CGGCGCTCAACAACAACCCG_022,75
CGGCGCTCAACAACAACCCG_023,106
CGGCGCTCAACAACAACCCG_024,166
CGGCGCTCAACAACAACCCG_025,159
CGGCGCTCAACAACAACCCG_026,108
CGGCGCTCAACAACAACCCG_027,23
CGGCGCTCAACAACAACCCG_028,29
CGGCGCTCAACAACAACCCG_029,197
CGGCGCTCAACAACAACCCG_030,14
CGGCGCTCAACAACAACCCG_031,124
CGGCGCTCAACAACAACCCG_032,29
CTCTCAGGGCATGATCACAA_001,62
CTCTCAGGGCATGATCACAA_002,12
GCTGGAAGGCCTCCATACTG_001,60
GCTGGAAGGCCTCCATACTG_002,106
GCTGGAAGGCCTCCATACTG_003,185
GCTGGAAGGCCTCCATACTG_004,172
GCTGGAAGGCCTCCATACTG_005,53
GCTGGAAGGCCTCCATACTG_006,161
GCTGGAAGGCCTCCATACTG_007,36
GCTGGAAGGCCTCCATACTG_008,44
GCTGGAAGGCCTCCATACTG_009,147
GCTGGAAGGCCTCCATACTG_010,61
GCTGGAAGGCCTCCATACTG_011,28
GCTGGAAGGCCTCCATACTG_012,8
GCTGGAAGGCCTCCATACTG_013,39
GCTGGAAGGCCTCCATACTG_014,166
GCTGGAAGGCCTCCATACTG_015,115
GCTGGAAGGCCTCCATACTG_016,149
GTGGTAAAAAGCTTCCACCA_001,90
GTGGTAAAAAGCTTCCACCA_002,68
GTGGTAAAAAGCTTCCACCA_003,174
GTGGTAAAAAGCTTCCACCA_004,12
GTGGTAAAAAGCTTCCACCA_005,160
GTGGTAAAAAGCTTCCACCA_006,2
GTGGTAAAAAGCTTCCACCA_007,149
GTGGTAAAAAGCTTCCACCA_008,189
GTGGTAAAAAGCTTCCACCA_009,73
GTGGTAAAAAGCTTCCACCA_010,115
GTGGTAAAAAGCTTCCACCA_011,56
GTGGTAAAAAGCTTCCACCA_012,70
GTGGTAAAAAGCTTCCACCA_013,4
GTGGTAAAAAGCTTCCACCA_014,39
GTGGTAAAAAGCTTCCACCA_015,18
GTGGTAAAAAGCTTCCACCA_016,166
GTGGTAAAAAGCTTCCACCA_017,182
GTGGTAAAAAGCTTCCACCA_018,150
GTGGTAAAAAGCTTCCACCA_019,84
GTGGTAAAAAGCTTCCACCA_020,77
GTGGTAAAAAGCTTCCACCA_021,175
GTGGTAAAAAGCTTCCACCA_022,77
GTGGTAAAAAGCTTCCACCA_023,80
GTGGTAAAAAGCTTCCACCA_024,4
GTGGTAAAAAGCTTCCACCA_025,48
GTGGTAAAAAGCTTCCACCA_026,1
GTGGTAAAAAGCTTCCACCA_027,42
GTGGTAAAAAGCTTCCACCA_028,68
GTGGTAAAAAGCTTCCACCA_029,81
GGTGCTGCCCCATGAGTCTG_001,38
GGTGCTGCCCCATGAGTCTG_002,127
GGTGCTGCCCCATGAGTCTG_003,139
GGTGCTGCCCCATGAGTCTG_004,48
GGTGCTGCCCCATGAGTCTG_005,29
GGTGCTGCCCCATGAGTCTG_006,116
GGTGCTGCCCCATGAGTCTG_007,107
GGTGCTGCCCCATGAGTCTG_008,199
GGTGCTGCCCCATGAGTCTG_009,98
GGTGCTGCCCCATGAGTCTG_010,4
GGTGCTGCCCCATGAGTCTG_011,184
GGTGCTGCCCCATGAGTCTG_012,169
GGTGCTGCCCCATGAGTCTG_013,7
GGTGCTGCCCCATGAGTCTG_014,178
GGTGCTGCCCCATGAGTCTG_015,117
GGTGCTGCCCCATGAGTCTG_016,168
GGTGCTGCCCCATGAGTCTG_017,184
GGTGCTGCCCCATGAGTCTG_018,8
GGTGCTGCCCCATGAGTCTG_019,29
GGTGCTGCCCCATGAGTCTG_020,150
GGTGCTGCCCCATGAGTCTG_021,104
GGTGCTGCCCCATGAGTCTG_022,123
GGTGCTGCCCCATGAGTCTG_023,157
GGTGCTGCCCCATGAGTCTG_024,49
GGTGCTGCCCCATGAGTCTG_025,191
GGTGCTGCCCCATGAGTCTG_026,4
GGTGCTGCCCCATGAGTCTG_027,197
GGTGCTGCCCCATGAGTCTG_028,138
TTGCCGTCCAAAGTTTACCA_001,146
TTGCCGTCCAAAGTTTACCA_002,55
TTGCCGTCCAAAGTTTACCA_003,31
TTGCCGTCCAAAGTTTACCA_004,31
TTGCCGTCCAAAGTTTACCA_005,49
TTGCCGTCCAAAGTTTACCA_006,140
TTGCCGTCCAAAGTTTACCA_007,38
TTGCCGTCCAAAGTTTACCA_008,196
TTGCCGTCCAAAGTTTACCA_009,11
TTGCCGTCCAAAGTTTACCA_010,64
TTGCCGTCCAAAGTTTACCA_011,135
TTGCCGTCCAAAGTTTACCA_012,132
TTGCCGTCCAAAGTTTACCA_013,108
TTGCCGTCCAAAGTTTACCA_014,6
TTGCCGTCCAAAGTTTACCA_015,168
TTGCCGTCCAAAGTTTACCA_016,105
TACACAGTTGTGATGTCTAG_001,1
TACACAGTTGTGATGTCTAG_002,105
TACACAGTTGTGATGTCTAG_003,46
CCTTGTTCTCCACCAAAGCA_001,96
CCTTGTTCTCCACCAAAGCA_002,181
CCTTGTTCTCCACCAAAGCA_003,94
CCTTGTTCTCCACCAAAGCA_004,106
CCTTGTTCTCCACCAAAGCA_005,121
CCTTGTTCTCCACCAAAGCA_006,94
CCTTGTTCTCCACCAAAGCA_007,184
TTATCGGCGATATGGTGATG_001,85
TTATCGGCGATATGGTGATG_002,28
TTATCGGCGATATGGTGATG_003,189
TTATCGGCGATATGGTGATG_004,78
TTATCGGCGATATGGTGATG_005,178
GTATTATTAAAACTATAGCA_001,168
GTATTATTAAAACTATAGCA_002,39
ACTACTACCACAATCACCAG_001,52
ACTACTACCACAATCACCAG_002,141
ACTACTACCACAATCACCAG_003,64
ACTACTACCACAATCACCAG_004,114
ACTACTACCACAATCACCAG_005,169
ACTACTACCACAATCACCAG_006,68
ACTACTACCACAATCACCAG_007,29
ACTACTACCACAATCACCAG_008,146
ACTACTACCACAATCACCAG_009,166
ACTACTACCACAATCACCAG_010,51
ACTACTACCACAATCACCAG_011,177
ACTACTACCACAATCACCAG_012,17
ACTACTACCACAATCACCAG_013,121
TGAACCAGGTGTCAATCCCG_001,149
TGAACCAGGTGTCAATCCCG_002,132
TGAACCAGGTGTCAATCCCG_003,75
TGAACCAGGTGTCAATCCCG_004,160
TGAACCAGGTGTCAATCCCG_005,190
TGAACCAGGTGTCAATCCCG_006,184
TGAACCAGGTGTCAATCCCG_007,171
TGAACCAGGTGTCAATCCCG_008,54
TGAACCAGGTGTCAATCCCG_009,2
TGAACCAGGTGTCAATCCCG_010,104
TGAACCAGGTGTCAATCCCG_011,149
TGAACCAGGTGTCAATCCCG_012,181
TGAACCAGGTGTCAATCCCG_013,61
TGAACCAGGTGTCAATCCCG_014,174
TGAACCAGGTGTCAATCCCG_015,43
GAAACGAGCTGTCATTATGA_001,54
GAAACGAGCTGTCATTATGA_002,7
GAAACGAGCTGTCATTATGA_003,98
GAAACGAGCTGTCATTATGA_004,150
GAAACGAGCTGTCATTATGA_005,82
GAAACGAGCTGTCATTATGA_006,77
GAAACGAGCTGTCATTATGA_007,103
GAAACGAGCTGTCATTATGA_008,138
TGGGGTGCAGACCAGGCTCA_001,190
TGGGGTGCAGACCAGGCTCA_002,148
TGGGGTGCAGACCAGGCTCA_003,170
TGGGGTGCAGACCAGGCTCA_004,12
TGGGGTGCAGACCAGGCTCA_005,184
TGGGGTGCAGACCAGGCTCA_006,33
TGGGGTGCAGACCAGGCTCA_007,147
TGGGGTGCAGACCAGGCTCA_008,62
TGGGGTGCAGACCAGGCTCA_009,30
TGGGGTGCAGACCAGGCTCA_010,161
TGGGGTGCAGACCAGGCTCA_011,148
TGGGGTGCAGACCAGGCTCA_012,120
TGGGGTGCAGACCAGGCTCA_013,116
TGGGGTGCAGACCAGGCTCA_014,4
TGGGGTGCAGACCAGGCTCA_015,15
TGGGGTGCAGACCAGGCTCA_016,106
TGGGGTGCAGACCAGGCTCA_017,92
TGGGGTGCAGACCAGGCTCA_018,62
TGGGGTGCAGACCAGGCTCA_019,198
TGGGGTGCAGACCAGGCTCA_020,78
TGGGGTGCAGACCAGGCTCA_021,169
TGGGGTGCAGACCAGGCTCA_022,103
TGGGGTGCAGACCAGGCTCA_023,87
TGGGGTGCAGACCAGGCTCA_024,170
TGGGGTGCAGACCAGGCTCA_025,41
TGGGGTGCAGACCAGGCTCA_026,166
TGGGGTGCAGACCAGGCTCA_027,27
TGGGGTGCAGACCAGGCTCA_028,197
TGGGGTGCAGACCAGGCTCA_029,147
TGGGGTGCAGACCAGGCTCA_030,147
TGGGGTGCAGACCAGGCTCA_031,157
ACAGTCACCAACATGCACAT_001,49
ACAGTCACCAACATGCACAT_002,180
ACAGTCACCAACATGCACAT_003,150
ACAGTCACCAACATGCACAT_004,108
ACAGTCACCAACATGCACAT_005,152
GCTACTCGGACATAGGGCGT_001,176
GCTACTCGGACATAGGGCGT_002,108
GCTACTCGGACATAGGGCGT_003,138
GCTACTCGGACATAGGGCGT_004,35
GCTACTCGGACATAGGGCGT_005,57
GCTACTCGGACATAGGGCGT_006,45
GCTACTCGGACATAGGGCGT_007,166
GCTACTCGGACATAGGGCGT_008,192
GCTACTCGGACATAGGGCGT_009,49
GCTACTCGGACATAGGGCGT_010,80
GCTACTCGGACATAGGGCGT_011,158
CCACCTCACTACACTCCATG_001,134
CCACCTCACTACACTCCATG_002,78
CCACCTCACTACACTCCATG_003,49
CCACCTCACTACACTCCATG_004,183
CCACCTCACTACACTCCATG_005,183
CCACCTCACTACACTCCATG_006,50
CCACCTCACTACACTCCATG_007,105
CCACCTCACTACACTCCATG_008,147
CCACCTCACTACACTCCATG_009,91
CCACCTCACTACACTCCATG_010,92
CCACCTCACTACACTCCATG_011,35
CCACCTCACTACACTCCATG_012,121
CCACCTCACTACACTCCATG_013,35
CCACCTCACTACACTCCATG_014,61
CCACCTCACTACACTCCATG_015,60
CCACCTCACTACACTCCATG_016,88
CCACCTCACTACACTCCATG_017,61
CCACCTCACTACACTCCATG_018,175
CCACCTCACTACACTCCATG_019,24
CCGGCGCTACCAGAAGTCCA_001,185
CCGGCGCTACCAGAAGTCCA_002,113
CCGGCGCTACCAGAAGTCCA_003,127
CCGGCGCTACCAGAAGTCCA_004,58
CCGGCGCTACCAGAAGTCCA_005,3
CCGGCGCTACCAGAAGTCCA_006,102
CCGGCGCTACCAGAAGTCCA_007,37
CCGGCGCTACCAGAAGTCCA_008,139
CCGGCGCTACCAGAAGTCCA_009,94
CCGGCGCTACCAGAAGTCCA_010,37
AAAAATGCGCAAATTCAGCG_001,77
AAAAATGCGCAAATTCAGCG_002,82
AAAAATGCGCAAATTCAGCG_003,49
AAAAATGCGCAAATTCAGCG_004,67
AAAAATGCGCAAATTCAGCG_005,67
AAATACACTAAGAAGTCTCG_001,69
AAATACACTAAGAAGTCTCG_002,115
CCAACCCCGTCGCGACCGGT_001,3
CCAACCCCGTCGCGACCGGT_002,113
CCAACCCCGTCGCGACCGGT_003,148
CCAACCCCGTCGCGACCGGT_004,8
CCAACCCCGTCGCGACCGGT_005,149
CCAACCCCGTCGCGACCGGT_006,117
CCAACCCCGTCGCGACCGGT_007,69
CCAACCCCGTCGCGACCGGT_008,39
CCAACCCCGTCGCGACCGGT_009,48
CCAACCCCGTCGCGACCGGT_010,1
CGGCACGTGCAGTCAGAACG_001,191
CGGCACGTGCAGTCAGAACG_002,44
CGGCACGTGCAGTCAGAACG_003,62
CGGCACGTGCAGTCAGAACG_004,160
CGGCACGTGCAGTCAGAACG_005,157
CGGCACGTGCAGTCAGAACG_006,84
CGGCACGTGCAGTCAGAACG_007,127
CGGCACGTGCAGTCAGAACG_008,105
CGGCACGTGCAGTCAGAACG_009,189
CGGCACGTGCAGTCAGAACG_010,70
CGGCACGTGCAGTCAGAACG_011,107
CGGCACGTGCAGTCAGAACG_012,168
CGGCACGTGCAGTCAGAACG_013,165
CGGCACGTGCAGTCAGAACG_014,28
CGGCACGTGCAGTCAGAACG_015,150
CCAGCTCGGATCAGTTCGAA_001,102
CCAGCTCGGATCAGTTCGAA_002,140
CCAGCTCGGATCAGTTCGAA_003,6
CCAGCTCGGATCAGTTCGAA_004,26
CCAGCTCGGATCAGTTCGAA_005,9
CCAGCTCGGATCAGTTCGAA_006,131
CCAGCTCGGATCAGTTCGAA_007,70
CCAGCTCGGATCAGTTCGAA_008,155
ATTCCAGCTGGGAATTATCA_001,160
ATTCCAGCTGGGAATTATCA_002,13
CAAACTTACCAGGGACCAGT_001,15
CAAACTTACCAGGGACCAGT_002,57
CAAACTTACCAGGGACCAGT_003,135
CAAACTTACCAGGGACCAGT_004,0
CAAACTTACCAGGGACCAGT_005,152
CAAACTTACCAGGGACCAGT_006,35
CATCGAGGAGACCTACTCGA_001,6
CATCGAGGAGACCTACTCGA_002,60
CATCGAGGAGACCTACTCGA_003,35
CATCGAGGAGACCTACTCGA_004,49
CATCGAGGAGACCTACTCGA_005,169
CATCGAGGAGACCTACTCGA_006,188
CATCGAGGAGACCTACTCGA_007,137
CATCGAGGAGACCTACTCGA_008,56
CATCGAGGAGACCTACTCGA_009,33
AGAGTGGACCAAACTTTATG_001,6
AGAGTGGACCAAACTTTATG_002,162
AGAGTGGACCAAACTTTATG_003,57
AGAGTGGACCAAACTTTATG_004,119
AGAGTGGACCAAACTTTATG_005,177
AGAGTGGACCAAACTTTATG_006,184
AGAGTGGACCAAACTTTATG_007,50
AGAGTGGACCAAACTTTATG_008,149
AGAGTGGACCAAACTTTATG_009,48
GCAGAGCGGTCTCCACGTTG_001,123
GCAGAGCGGTCTCCACGTTG_002,142
GCAGAGCGGTCTCCACGTTG_003,8
GCAGAGCGGTCTCCACGTTG_004,18
GCAGAGCGGTCTCCACGTTG_005,41
GCAGAGCGGTCTCCACGTTG_006,41
GCAGAGCGGTCTCCACGTTG_007,20
GCAGAGCGGTCTCCACGTTG_008,191
GCAGAGCGGTCTCCACGTTG_009,152
GCAGAGCGGTCTCCACGTTG_010,118
GCAGAGCGGTCTCCACGTTG_011,52
ATTTCCAGGACAACAAACCG_001,158
ATTTCCAGGACAACAAACCG_002,70
ATTTCCAGGACAACAAACCG_003,182
ATTTCCAGGACAACAAACCG_004,86
ATTTCCAGGACAACAAACCG_005,147
ATTTCCAGGACAACAAACCG_006,125
ATTTCCAGGACAACAAACCG_007,108
ATTTCCAGGACAACAAACCG_008,52
ATTTCCAGGACAACAAACCG_009,57
ATTTCCAGGACAACAAACCG_010,116
TCCCGTCAGAACATGGACCC_001,68
TCCCGTCAGAACATGGACCC_002,137
AAAGAACACATACAGCCCCG_001,123
AAAGAACACATACAGCCCCG_002,157
AAAGAACACATACAGCCCCG_003,1
AAAGAACACATACAGCCCCG_004,118
AAAGAACACATACAGCCCCG_005,95
GCCTACGTGCAGATCCGACG_001,166
GCCTACGTGCAGATCCGACG_002,26
GCCTACGTGCAGATCCGACG_003,156
GCCTACGTGCAGATCCGACG_004,175
GCCTACGTGCAGATCCGACG_005,140
GCCTACGTGCAGATCCGACG_006,9
GCCTACGTGCAGATCCGACG_007,199
CTTCTTGCGATGTTTCCACA_001,166
CTTCTTGCGATGTTTCCACA_002,17
CTTCTTGCGATGTTTCCACA_003,169
AGGGGTATCAGCTCTCTGGA_001,113
AGGGGTATCAGCTCTCTGGA_002,7
AGGGGTATCAGCTCTCTGGA_003,20
AGGGGTATCAGCTCTCTGGA_004,69
AGGGGTATCAGCTCTCTGGA_005,143
AGGGGTATCAGCTCTCTGGA_006,30
AGGGGTATCAGCTCTCTGGA_007,64
AGGGGTATCAGCTCTCTGGA_008,48
AGGGGTATCAGCTCTCTGGA_009,63
AGGGGTATCAGCTCTCTGGA_010,2
AGGGGTATCAGCTCTCTGGA_011,48
AGGGGTATCAGCTCTCTGGA_012,12
AGGGGTATCAGCTCTCTGGA_013,121
AGGGGTATCAGCTCTCTGGA_014,90
AGGGGTATCAGCTCTCTGGA_015,88
AGGGGTATCAGCTCTCTGGA_016,140
AGGGGTATCAGCTCTCTGGA_017,150
AGGGGTATCAGCTCTCTGGA_018,104
AGGGGTATCAGCTCTCTGGA_019,63
AGGGGTATCAGCTCTCTGGA_020,77
AGGGGTATCAGCTCTCTGGA_021,142
AGGGGTATCAGCTCTCTGGA_022,183
ATTTCTCAGCACCATGAACA_001,169
ATTTCTCAGCACCATGAACA_002,11
ATTTCTCAGCACCATGAACA_003,78
ATTTCTCAGCACCATGAACA_004,51
ATTTCTCAGCACCATGAACA_005,0
ATTTCTCAGCACCATGAACA_006,9
ATTTCTCAGCACCATGAACA_007,11
GGAAGGTTTCTTCACAACTG_001,40
GGAAGGTTTCTTCACAACTG_002,116
GAGTCGTGTGCATGATCGAA_001,77
GAGTCGTGTGCATGATCGAA_002,16
GAGTCGTGTGCATGATCGAA_003,126
GAGTCGTGTGCATGATCGAA_004,6
GAGTCGTGTGCATGATCGAA_005,105
GAGTCGTGTGCATGATCGAA_006,191
GAGTCGTGTGCATGATCGAA_007,47
GAGTCGTGTGCATGATCGAA_008,140
GAGTCGTGTGCATGATCGAA_009,121
TGGCTGTCACTCTCTACGTG_001,188
TGGCTGTCACTCTCTACGTG_002,96
TGGCTGTCACTCTCTACGTG_003,197
TGGCTGTCACTCTCTACGTG_004,50
TGGCTGTCACTCTCTACGTG_005,120
TGGCTGTCACTCTCTACGTG_006,14
ACAGGTGCCAAATTCTACCG_001,85
ATGCAGTGACCTCGGAAGGA_001,174
ATGCAGTGACCTCGGAAGGA_002,197
ATGCAGTGACCTCGGAAGGA_003,150
ATGCAGTGACCTCGGAAGGA_004,107
ATGCAGTGACCTCGGAAGGA_005,115
ATGCAGTGACCTCGGAAGGA_006,15
ATGCAGTGACCTCGGAAGGA_007,181
ATGCAGTGACCTCGGAAGGA_008,29
ATGCAGTGACCTCGGAAGGA_009,55
ATGCAGTGACCTCGGAAGGA_010,41
ATGCAGTGACCTCGGAAGGA_011,2
ATGCAGTGACCTCGGAAGGA_012,185
ATGCAGTGACCTCGGAAGGA_013,161
ATGCAGTGACCTCGGAAGGA_014,158
ATGCAGTGACCTCGGAAGGA_015,81
ATGCAGTGACCTCGGAAGGA_016,3
ATGCAGTGACCTCGGAAGGA_017,188
ATGCAGTGACCTCGGAAGGA_018,16
ATGCAGTGACCTCGGAAGGA_019,18
ATGCAGTGACCTCGGAAGGA_020,152
ATGCAGTGACCTCGGAAGGA_021,142
ATGCAGTGACCTCGGAAGGA_022,99
ATGCAGTGACCTCGGAAGGA_023,180
ATGCAGTGACCTCGGAAGGA_024,147
ATGCAGTGACCTCGGAAGGA_025,9
ATGCAGTGACCTCGGAAGGA_026,46
ATGCAGTGACCTCGGAAGGA_027,9
TAGAATGAACTCAGCAACAG_001,194
TAGAATGAACTCAGCAACAG_002,140
TAGAATGAACTCAGCAACAG_003,145
TAGAATGAACTCAGCAACAG_004,62
TAGAATGAACTCAGCAACAG_005,185
TAGAATGAACTCAGCAACAG_006,22
TAGAATGAACTCAGCAACAG_007,137
TAGAATGAACTCAGCAACAG_008,101
TAGAATGAACTCAGCAACAG_009,9
TAGAATGAACTCAGCAACAG_010,164
TAGAATGAACTCAGCAACAG_011,38
TAGAATGAACTCAGCAACAG_012,116
TAGAATGAACTCAGCAACAG_013,140
TAGAATGAACTCAGCAACAG_014,159
CTCACGGAGCTGATCGAAGT_001,168
CTCACGGAGCTGATCGAAGT_002,168
CTCACGGAGCTGATCGAAGT_003,36
CTCACGGAGCTGATCGAAGT_004,105
CTCACGGAGCTGATCGAAGT_005,83
CTCACGGAGCTGATCGAAGT_006,152
CTCACGGAGCTGATCGAAGT_007,26
CTCACGGAGCTGATCGAAGT_008,175
CTCACGGAGCTGATCGAAGT_009,68
CTCACGGAGCTGATCGAAGT_010,129
CTCACGGAGCTGATCGAAGT_011,34
CTCACGGAGCTGATCGAAGT_012,173
TTGGTAACTATGATAATCGT_001,102
TTGGTAACTATGATAATCGT_002,66
TTGGTAACTATGATAATCGT_003,167
GATGATCACACTCAGCTCGA_001,36
GATGATCACACTCAGCTCGA_002,76
GATGATCACACTCAGCTCGA_003,136
GATGATCACACTCAGCTCGA_004,90
CAGACGAACACATCGCCCTG_001,172
CAGACGAACACATCGCCCTG_002,27
CAGACGAACACATCGCCCTG_003,197
CAGACGAACACATCGCCCTG_004,148
CAGACGAACACATCGCCCTG_005,88
CAGACGAACACATCGCCCTG_006,45
CAGACGAACACATCGCCCTG_007,158
CAGACGAACACATCGCCCTG_008,77
CAGACGAACACATCGCCCTG_009,17
CAGACGAACACATCGCCCTG_010,168
CAGACGAACACATCGCCCTG_011,1
CAGACGAACACATCGCCCTG_012,80
CAGACGAACACATCGCCCTG_013,114
CAGACGAACACATCGCCCTG_014,124
GAGCTTATAATATACGTGAC_001,19
GAGCTTATAATATACGTGAC_002,4
GAGCTTATAATATACGTGAC_003,31
GAGCTTATAATATACGTGAC_004,193
AAAGTACTGAACAATAACTT_001,149
AAAGTACTGAACAATAACTT_002,95
AAAGTACTGAACAATAACTT_003,171
AAAGTACTGAACAATAACTT_004,69
AAAGTACTGAACAATAACTT_005,70
AAAGTACTGAACAATAACTT_006,132
AAAGTACTGAACAATAACTT_007,1
AAAGTACTGAACAATAACTT_008,172
AAAGTACTGAACAATAACTT_009,19
CTGAAGCCGAAGCTCGGACC_001,58
CTGAAGCCGAAGCTCGGACC_002,14
CTGAAGCCGAAGCTCGGACC_003,185
CTGAAGCCGAAGCTCGGACC_004,4
CTGAAGCCGAAGCTCGGACC_005,43
CTGAAGCCGAAGCTCGGACC_006,111
CTGAAGCCGAAGCTCGGACC_007,56
CTGAAGCCGAAGCTCGGACC_008,147
CTGAAGCCGAAGCTCGGACC_009,49
CTGAAGCCGAAGCTCGGACC_010,169
CTGAAGCCGAAGCTCGGACC_011,92
CTGAAGCCGAAGCTCGGACC_012,197
GCTGCCGGTGTACAACCCTG_001,88
GCTGCCGGTGTACAACCCTG_002,192
CCTGCAGTCTCTTCTTGCTG_001,21
CCTGCAGTCTCTTCTTGCTG_002,75
CCGCAGGCGCTCGTCTGGCG_001,106
CCGCAGGCGCTCGTCTGGCG_002,15
CCGCAGGCGCTCGTCTGGCG_003,189
CCGCAGGCGCTCGTCTGGCG_004,189
CCGCAGGCGCTCGTCTGGCG_005,116
CGTGGCATACCAAGTGCAAG_001,135
CGTGGCATACCAAGTGCAAG_002,41
CGTGGCATACCAAGTGCAAG_003,89
CGTGTGGACCGACCGGCACG_001,107
CGTGTGGACCGACCGGCACG_002,62
CGTGTGGACCGACCGGCACG_003,171
CGTGTGGACCGACCGGCACG_004,181
CGTGTGGACCGACCGGCACG_005,175
CGTGTGGACCGACCGGCACG_006,161
CGTGTGGACCGACCGGCACG_007,166
CGTGTGGACCGACCGGCACG_008,97
CGTGTGGACCGACCGGCACG_009,16
CGTGTGGACCGACCGGCACG_010,94
CGTGTGGACCGACCGGCACG_011,50
CGTGTGGACCGACCGGCACG_012,135
CGTGTGGACCGACCGGCACG_013,69
CGTGTGGACCGACCGGCACG_014,63
CGTGTGGACCGACCGGCACG_015,191
ACATCACAGAACAGCCGTGT_001,113
ACATCACAGAACAGCCGTGT_002,38
ACATCACAGAACAGCCGTGT_003,75
ACATCACAGAACAGCCGTGT_004,144
ACATCACAGAACAGCCGTGT_005,161
AAAAGAGAAAAGAGAAACGT_001,181
AAAAGAGAAAAGAGAAACGT_002,101
AAAAGAGAAAAGAGAAACGT_003,41
AAAAGAGAAAAGAGAAACGT_004,198
AAAAGAGAAAAGAGAAACGT_005,94
AAAAGAGAAAAGAGAAACGT_006,132
AAAAGAGAAAAGAGAAACGT_007,197
AAAAGAGAAAAGAGAAACGT_008,107
AAAAGAGAAAAGAGAAACGT_009,88
AAAAGAGAAAAGAGAAACGT_010,121
AAAAGAGAAAAGAGAAACGT_011,150
AAAAGAGAAAAGAGAAACGT_012,29
AAAAGAGAAAAGAGAAACGT_013,144
AAAAGAGAAAAGAGAAACGT_014,121
TTTGACACATAGTTCATAGG_001,98
TTTGACACATAGTTCATAGG_002,191
AGATAGGAAGAACAGAAATG_001,164
AGATAGGAAGAACAGAAATG_002,28
AGATAGGAAGAACAGAAATG_003,8
AGATAGGAAGAACAGAAATG_004,8
AGATAGGAAGAACAGAAATG_005,110
AGATAGGAAGAACAGAAATG_006,28
AGATAGGAAGAACAGAAATG_007,184
AGATAGGAAGAACAGAAATG_008,66
CCCAAGAGGACAAATCCCCC_001,64
TTCCGATGTCAACATGTTAG_001,170
AAGGTGTGTACACTGTCTAA_001,29
AAGGTGTGTACACTGTCTAA_002,62
AAGGTGTGTACACTGTCTAA_003,3
AAGGTGTGTACACTGTCTAA_004,29
AAGGTGTGTACACTGTCTAA_005,105
AAGGTGTGTACACTGTCTAA_006,188
AAGGTGTGTACACTGTCTAA_007,49
AAGGTGTGTACACTGTCTAA_008,62
AAGGTGTGTACACTGTCTAA_009,196
AAGGTGTGTACACTGTCTAA_010,105
AAGGTGTGTACACTGTCTAA_011,76
ATGCTTGAAAGGATCAGTTA_001,134
ATGCTTGAAAGGATCAGTTA_002,84
ATGCTTGAAAGGATCAGTTA_003,77
ATGCTTGAAAGGATCAGTTA_004,27
ATGCTTGAAAGGATCAGTTA_005,183
ATGCTTGAAAGGATCAGTTA_006,189
ATGCTTGAAAGGATCAGTTA_007,49
ATGCTTGAAAGGATCAGTTA_008,18
ATGCTTGAAAGGATCAGTTA_009,58
ATGCTTGAAAGGATCAGTTA_010,199
ATGCTTGAAAGGATCAGTTA_011,62
ATGCTTGAAAGGATCAGTTA_012,22
ATGCTTGAAAGGATCAGTTA_013,82
ATGCTTGAAAGGATCAGTTA_014,88
ATGCTTGAAAGGATCAGTTA_015,197
ATGCTTGAAAGGATCAGTTA_016,106
ATGCTTGAAAGGATCAGTTA_017,149
ATGCTTGAAAGGATCAGTTA_018,78
ATGCTTGAAAGGATCAGTTA_019,62
ATGCTTGAAAGGATCAGTTA_020,191
ATGCTTGAAAGGATCAGTTA_021,101
CCAATACCGCCAACACCAGT_001,176
CCAATACCGCCAACACCAGT_002,37
CCAATACCGCCAACACCAGT_003,177
CCAATACCGCCAACACCAGT_004,20
CCAATACCGCCAACACCAGT_005,13
CCAATACCGCCAACACCAGT_006,174
CCAATACCGCCAACACCAGT_007,98
CCAATACCGCCAACACCAGT_008,103
CCAATACCGCCAACACCAGT_009,92
CCAATACCGCCAACACCAGT_010,145
CCAATACCGCCAACACCAGT_011,56
CCAATACCGCCAACACCAGT_012,80
CCAATACCGCCAACACCAGT_013,6
TTAGGTTCGGTGTCAGTCTG_001,191
TTAGGTTCGGTGTCAGTCTG_002,99
TTAGGTTCGGTGTCAGTCTG_003,141
TTAGGTTCGGTGTCAGTCTG_004,14
TTAGGTTCGGTGTCAGTCTG_005,94
TTAGGTTCGGTGTCAGTCTG_006,77
TTAGGTTCGGTGTCAGTCTG_007,94
TTAGGTTCGGTGTCAGTCTG_008,115
TTAGGTTCGGTGTCAGTCTG_009,63
TTAGGTTCGGTGTCAGTCTG_010,121
TTAGGTTCGGTGTCAGTCTG_011,115
TTAGGTTCGGTGTCAGTCTG_012,81
TTAGGTTCGGTGTCAGTCTG_013,138
TTAGGTTCGGTGTCAGTCTG_014,81
TTAGGTTCGGTGTCAGTCTG_015,3
TTAGGTTCGGTGTCAGTCTG_016,50
TTAGGTTCGGTGTCAGTCTG_017,177
TTAGGTTCGGTGTCAGTCTG_018,102
ACTGACATGAAGTGCCAACG_001,198
ACTGACATGAAGTGCCAACG_002,77
ACTGACATGAAGTGCCAACG_003,29
ACTGACATGAAGTGCCAACG_004,170
ACTGACATGAAGTGCCAACG_005,174
ACTGACATGAAGTGCCAACG_006,136
ACTGACATGAAGTGCCAACG_007,64
ACTGACATGAAGTGCCAACG_008,105
ACTGACATGAAGTGCCAACG_009,168
ACTGACATGAAGTGCCAACG_010,4
ACTGACATGAAGTGCCAACG_011,106
ACTGACATGAAGTGCCAACG_012,32
ACTGACATGAAGTGCCAACG_013,67
ACTGACATGAAGTGCCAACG_014,142
ACTGACATGAAGTGCCAACG_015,142
ACTGACATGAAGTGCCAACG_016,38
ACTGACATGAAGTGCCAACG_017,148
AGAATGTGAATTCCAAGAAA_001,137
AGAATGTGAATTCCAAGAAA_002,6
GCGATCGGAGTGCCACGATA_001,98
GCGATCGGAGTGCCACGATA_002,53
GCGATCGGAGTGCCACGATA_003,81
GCGATCGGAGTGCCACGATA_004,127
GCGATCGGAGTGCCACGATA_005,41
GCGATCGGAGTGCCACGATA_006,8
GCGATCGGAGTGCCACGATA_007,145
GCGATCGGAGTGCCACGATA_008,61
GCGATCGGAGTGCCACGATA_009,192
GCGATCGGAGTGCCACGATA_010,83
GCGATCGGAGTGCCACGATA_011,2
GCGATCGGAGTGCCACGATA_012,41
GCGATCGGAGTGCCACGATA_013,56
GCGATCGGAGTGCCACGATA_014,43
GCGATCGGAGTGCCACGATA_015,15
GCGATCGGAGTGCCACGATA_016,151
GCGATCGGAGTGCCACGATA_017,115
GCGATCGGAGTGCCACGATA_018,163
GCGATCGGAGTGCCACGATA_019,140
GTCCATGATTGAGACACGGG_001,145
GTCCATGATTGAGACACGGG_002,70
GTCCATGATTGAGACACGGG_003,170
GTCCATGATTGAGACACGGG_004,25
GTCCATGATTGAGACACGGG_005,106
GTCCATGATTGAGACACGGG_006,127
GTCCATGATTGAGACACGGG_007,158
GTCCATGATTGAGACACGGG_008,160
GTCCATGATTGAGACACGGG_009,122
GTCCATGATTGAGACACGGG_010,184
GTCCATGATTGAGACACGGG_011,177
GTCCATGATTGAGACACGGG_012,197
GTCCATGATTGAGACACGGG_013,194
GTCCATGATTGAGACACGGG_014,150
GTCCATGATTGAGACACGGG_015,176
GTCCATGATTGAGACACGGG_016,133
GACATTTCGCAGGATAAAGG_001,17
GACATTTCGCAGGATAAAGG_002,19
GACATTTCGCAGGATAAAGG_003,34
GACATTTCGCAGGATAAAGG_004,34
GACATTTCGCAGGATAAAGG_005,14
GACATTTCGCAGGATAAAGG_006,60
GACATTTCGCAGGATAAAGG_007,91
GACATTTCGCAGGATAAAGG_008,179
GACATTTCGCAGGATAAAGG_009,148
GACATTTCGCAGGATAAAGG_010,146
GACATTTCGCAGGATAAAGG_011,2
GACATTTCGCAGGATAAAGG_012,174
GACATTTCGCAGGATAAAGG_013,168
GACATTTCGCAGGATAAAGG_014,18
ACAGTAAGACCTATACCCAC_001,107
ACAGTAAGACCTATACCCAC_002,23
ACAGTAAGACCTATACCCAC_003,138
ACAGTAAGACCTATACCCAC_004,148
ACAGTAAGACCTATACCCAC_005,67
ACAGTAAGACCTATACCCAC_006,16
ACAGTAAGACCTATACCCAC_007,14
ACAGTAAGACCTATACCCAC_008,26
AATTCCGATGGGAGTCCTAG_001,86
AATTCCGATGGGAGTCCTAG_002,82
AATTCCGATGGGAGTCCTAG_003,88
AATTCCGATGGGAGTCCTAG_004,166
AATTCCGATGGGAGTCCTAG_005,65
AATTCCGATGGGAGTCCTAG_006,198
AATTCCGATGGGAGTCCTAG_007,166
AATTCCGATGGGAGTCCTAG_008,94
AATTCCGATGGGAGTCCTAG_009,134
AATTCCGATGGGAGTCCTAG_010,141
AATTCCGATGGGAGTCCTAG_011,141
GTACCATACCGCGTACCCTT_001,130
GTACCATACCGCGTACCCTT_002,144
GTACCATACCGCGTACCCTT_003,60
GTACCATACCGCGTACCCTT_004,172
GTACCATACCGCGTACCCTT_005,19
GTACCATACCGCGTACCCTT_006,77
GTACCATACCGCGTACCCTT_007,60
CAATGTCAACGAAGATGCCA_001,134
CAATGTCAACGAAGATGCCA_002,134
CAATGTCAACGAAGATGCCA_003,146
CAATGTCAACGAAGATGCCA_004,127
CAATGTCAACGAAGATGCCA_005,161
CAATGTCAACGAAGATGCCA_006,69
CAATGTCAACGAAGATGCCA_007,147
CAATGTCAACGAAGATGCCA_008,75
CAATGTCAACGAAGATGCCA_009,170
CAATGTCAACGAAGATGCCA_010,136
CAATGTCAACGAAGATGCCA_011,77
CAATGTCAACGAAGATGCCA_012,130
CAATGTCAACGAAGATGCCA_013,81
CAATGTCAACGAAGATGCCA_014,77
CAATGTCAACGAAGATGCCA_015,106
CAATGTCAACGAAGATGCCA_016,130
GCTGTTTCCCTTCTATGACG_001,76
GCTGTTTCCCTTCTATGACG_002,77
GCTGTTTCCCTTCTATGACG_003,17
GCTGTTTCCCTTCTATGACG_004,9
GCTGTTTCCCTTCTATGACG_005,108
GCTGTTTCCCTTCTATGACG_006,156
GCTGTTTCCCTTCTATGACG_007,178
GCTGTTTCCCTTCTATGACG_008,91
GCTGTTTCCCTTCTATGACG_009,117
GCTGTTTCCCTTCTATGACG_010,0
GCTGTTTCCCTTCTATGACG_011,47
GCTGTTTCCCTTCTATGACG_012,178
GACAGGCCGCTCAATTTGAA_001,83
GACAGGCCGCTCAATTTGAA_002,177
GACAGGCCGCTCAATTTGAA_003,146
GACAGGCCGCTCAATTTGAA_004,188
GACAGGCCGCTCAATTTGAA_005,149
GACAGGCCGCTCAATTTGAA_006,29
TGAGTGAATGCACAAGACAG_001,78
TGAGTGAATGCACAAGACAG_002,17
TGAGTGAATGCACAAGACAG_003,48
TGAGTGAATGCACAAGACAG_004,144
TGAGTGAATGCACAAGACAG_005,161
TGAGTGAATGCACAAGACAG_006,54
TGAGTGAATGCACAAGACAG_007,60
TGAGTGAATGCACAAGACAG_008,1
TGAGTGAATGCACAAGACAG_009,5
TGAGTGAATGCACAAGACAG_010,119
TGAGTGAATGCACAAGACAG_011,84
TGAGTGAATGCACAAGACAG_012,12
TGAGTGAATGCACAAGACAG_013,19
TGAGTGAATGCACAAGACAG_014,184
TGAGTGAATGCACAAGACAG_015,41
GCCTGCATCTACACTCGCAA_001,60
GCCTGCATCTACACTCGCAA_002,80
GCCTGCATCTACACTCGCAA_003,30
GCCTGCATCTACACTCGCAA_004,87
GCCTGCATCTACACTCGCAA_005,95
GCCTGCATCTACACTCGCAA_006,102
GCCTGCATCTACACTCGCAA_007,48
GCCTGCATCTACACTCGCAA_008,72
GCCTGCATCTACACTCGCAA_009,125
CCTTGGCACCGTACGCCTGG_001,179
CCTTGGCACCGTACGCCTGG_002,87
CCTTGGCACCGTACGCCTGG_003,48
CCTTGGCACCGTACGCCTGG_004,144
TGCCGCGCTCTAGCCAGACA_001,138
TGCCGCGCTCTAGCCAGACA_002,129
TGCCGCGCTCTAGCCAGACA_003,71
TGCCGCGCTCTAGCCAGACA_004,49
TGCCGCGCTCTAGCCAGACA_005,78
TGCCGCGCTCTAGCCAGACA_006,74
TGCCGCGCTCTAGCCAGACA_007,1
TGCCGCGCTCTAGCCAGACA_008,150
TGCCGCGCTCTAGCCAGACA_009,108
AGGCCAGGCCCCCATAACTG_001,107
AGGCCAGGCCCCCATAACTG_002,34
AGGCCAGGCCCCCATAACTG_003,80
AGGCCAGGCCCCCATAACTG_004,193
AGGCCAGGCCCCCATAACTG_005,178
AGGCCAGGCCCCCATAACTG_006,6
AGGCCAGGCCCCCATAACTG_007,174
AGGCCAGGCCCCCATAACTG_008,47
AGGCCAGGCCCCCATAACTG_009,147
AGGCCAGGCCCCCATAACTG_010,127
AGGCCAGGCCCCCATAACTG_011,96
AGGCCAGGCCCCCATAACTG_012,64
AGGCCAGGCCCCCATAACTG_013,12
AGGCCAGGCCCCCATAACTG_014,130
AGGCCAGGCCCCCATAACTG_015,137
AGGCCAGGCCCCCATAACTG_016,45
AGGCCAGGCCCCCATAACTG_017,174
AGGCCAGGCCCCCATAACTG_018,83
AGGCCAGGCCCCCATAACTG_019,152
AGGCCAGGCCCCCATAACTG_020,181
AGGCCAGGCCCCCATAACTG_021,106
AGGCCAGGCCCCCATAACTG_022,136
AGGCCAGGCCCCCATAACTG_023,35
GGAGACCAGCTATTTAAGAT_001,154
GGAGACCAGCTATTTAAGAT_002,162
GGAGACCAGCTATTTAAGAT_003,11
GGAGACCAGCTATTTAAGAT_004,140
GGAGACCAGCTATTTAAGAT_005,140
GGAGACCAGCTATTTAAGAT_006,30
AATCACTCAACTAAGAGGCC_001,127
AATCACTCAACTAAGAGGCC_002,150
AATCACTCAACTAAGAGGCC_003,168
GGGGTTGTACCAGATCTCGC_001,55
GGGGTTGTACCAGATCTCGC_002,62
GGGGTTGTACCAGATCTCGC_003,96
GGGGTTGTACCAGATCTCGC_004,134
GGGGTTGTACCAGATCTCGC_005,3
GGGGTTGTACCAGATCTCGC_006,191
GGGGTTGTACCAGATCTCGC_007,158
GGGGTTGTACCAGATCTCGC_008,118
GGGGTTGTACCAGATCTCGC_009,13
GGGGTTGTACCAGATCTCGC_010,32
GGGGTTGTACCAGATCTCGC_011,198
GGGGTTGTACCAGATCTCGC_012,108
GGGGTTGTACCAGATCTCGC_013,119
ACAAGCAAGTCATGTCACAA_001,174
ACAAGCAAGTCATGTCACAA_002,171
ACAAGCAAGTCATGTCACAA_003,26
ACAAGCAAGTCATGTCACAA_004,139
ACAAGCAAGTCATGTCACAA_005,99
ACAAGCAAGTCATGTCACAA_006,156
AGATCCTGTGCAGATCGGCA_001,134
AGATCCTGTGCAGATCGGCA_002,115
AGATCCTGTGCAGATCGGCA_003,199
AGATCCTGTGCAGATCGGCA_004,105
AGATCCTGTGCAGATCGGCA_005,51
AGATCCTGTGCAGATCGGCA_006,1
AGATCCTGTGCAGATCGGCA_007,158
AGATCCTGTGCAGATCGGCA_008,104
AGATCCTGTGCAGATCGGCA_009,104
AGATCCTGTGCAGATCGGCA_010,46
AGATCCTGTGCAGATCGGCA_011,184
AGATCCTGTGCAGATCGGCA_012,97
AGATCCTGTGCAGATCGGCA_013,118
AGATCCTGTGCAGATCGGCA_014,5
AGAAAGAAAATCCAGTCAGG_001,21
AGAAAGAAAATCCAGTCAGG_002,102
CTTGTTCACATCACCTGCGA_001,156
CTTGTTCACATCACCTGCGA_002,147
CTTGTTCACATCACCTGCGA_003,126
CTTGTTCACATCACCTGCGA_004,154
CTTGTTCACATCACCTGCGA_005,106
CTTGTTCACATCACCTGCGA_006,83
CTTGTTCACATCACCTGCGA_007,67
CTTGTTCACATCACCTGCGA_008,142
CTTGTTCACATCACCTGCGA_009,150
TTGGTGGAATTCAGTTGCAG_001,129
TTGGTGGAATTCAGTTGCAG_002,119
TTGGTGGAATTCAGTTGCAG_003,149
TTGGTGGAATTCAGTTGCAG_004,144
TTGGTGGAATTCAGTTGCAG_005,193
TTGGTGGAATTCAGTTGCAG_006,34
TTGGTGGAATTCAGTTGCAG_007,177
GGGGTAATGACCTGTCCGTG_001,148
GGGGTAATGACCTGTCCGTG_002,176
GGGGTAATGACCTGTCCGTG_003,170
GGGGTAATGACCTGTCCGTG_004,125
GGGGTAATGACCTGTCCGTG_005,158
GGGGTAATGACCTGTCCGTG_006,93
GGGGTAATGACCTGTCCGTG_007,93
GGGGTAATGACCTGTCCGTG_008,197
GGGGTAATGACCTGTCCGTG_009,40
GGGGTAATGACCTGTCCGTG_010,14
GGGGTAATGACCTGTCCGTG_011,9
GGGGTAATGACCTGTCCGTG_012,21
GGGGTAATGACCTGTCCGTG_013,76
GGGGTAATGACCTGTCCGTG_014,62
GGGGTAATGACCTGTCCGTG_015,172
GGGGTAATGACCTGTCCGTG_016,162
GGGGTAATGACCTGTCCGTG_017,1
GGGGTAATGACCTGTCCGTG_018,109
AAGTGGATGGTGCAACACGG_001,196
AAGTGGATGGTGCAACACGG_002,70
AAGTGGATGGTGCAACACGG_003,114
AAGTGGATGGTGCAACACGG_004,59
AAGTGGATGGTGCAACACGG_005,58
AAGTGGATGGTGCAACACGG_006,158
AAGTGGATGGTGCAACACGG_007,177
AAGTGGATGGTGCAACACGG_008,57
AAGTGGATGGTGCAACACGG_009,82
AAGTGGATGGTGCAACACGG_010,61
AAGTGGATGGTGCAACACGG_011,108
AAGTGGATGGTGCAACACGG_012,13
AAGTGGATGGTGCAACACGG_013,155
AAGTGGATGGTGCAACACGG_014,67
AAGTGGATGGTGCAACACGG_015,67
AAGTGGATGGTGCAACACGG_016,58
AAGTGGATGGTGCAACACGG_017,105
AAGTGGATGGTGCAACACGG_018,88
AAGTGGATGGTGCAACACGG_019,156
AAGTGGATGGTGCAACACGG_020,156
AAGTGGATGGTGCAACACGG_021,98
AAGTGGATGGTGCAACACGG_022,43
AAGTGGATGGTGCAACACGG_023,79
AAGTGGATGGTGCAACACGG_024,102
AAGTGGATGGTGCAACACGG_025,141
AAGTGGATGGTGCAACACGG_026,13
AAGTGGATGGTGCAACACGG_027,44
AAGTGGATGGTGCAACACGG_028,34
AAGTGGATGGTGCAACACGG_029,145
AAGTGGATGGTGCAACACGG_030,105
AAGTGGATGGTGCAACACGG_031,170
AAGTGGATGGTGCAACACGG_032,156
AAGTGGATGGTGCAACACGG_033,147
AAGTGGATGGTGCAACACGG_034,53
AAGTGGATGGTGCAACACGG_035,166
AAGTGGATGGTGCAACACGG_036,63
AAGTGGATGGTGCAACACGG_037,144
AAGTGGATGGTGCAACACGG_038,192
AAGTGGATGGTGCAACACGG_039,184
AAGTGGATGGTGCAACACGG_040,66
AAGTGGATGGTGCAACACGG_041,172
AAGTGGATGGTGCAACACGG_042,15
AAGTGGATGGTGCAACACGG_043,13
AAGGCCTATACCTGACTGAT_001,104
AAGGCCTATACCTGACTGAT_002,187
AAGGCCTATACCTGACTGAT_003,48
AAGGCCTATACCTGACTGAT_004,194
AAGGCCTATACCTGACTGAT_005,178
AAGGCCTATACCTGACTGAT_006,119
AAGGCCTATACCTGACTGAT_007,105
AAGGCCTATACCTGACTGAT_008,103
AGCACAGGGAGGTATCAATG_001,14
AGCACAGGGAGGTATCAATG_002,94
AGCACAGGGAGGTATCAATG_003,115
CACGGAATTCAGCCGCTCGG_001,118
CACGGAATTCAGCCGCTCGG_002,77
CACGGAATTCAGCCGCTCGG_003,170
CACGGAATTCAGCCGCTCGG_004,191
CACGGAATTCAGCCGCTCGG_005,105
CACGGAATTCAGCCGCTCGG_006,30
CACGGAATTCAGCCGCTCGG_007,27
CACGGAATTCAGCCGCTCGG_008,88
CACGGAATTCAGCCGCTCGG_009,192
CACGGAATTCAGCCGCTCGG_010,0
CACGGAATTCAGCCGCTCGG_011,121
CACGGAATTCAGCCGCTCGG_012,76
CACGGAATTCAGCCGCTCGG_013,160
CACGGAATTCAGCCGCTCGG_014,98
CACGGAATTCAGCCGCTCGG_015,67
CACGGAATTCAGCCGCTCGG_016,152
CACGGAATTCAGCCGCTCGG_017,84
CACGGAATTCAGCCGCTCGG_018,94
CACGGAATTCAGCCGCTCGG_019,105
CACGGAATTCAGCCGCTCGG_020,10
CACGGAATTCAGCCGCTCGG_021,69
GGCAAACTGTTGCACCGGTG_001,119
GGCAAACTGTTGCACCGGTG_002,150
GGCAAACTGTTGCACCGGTG_003,6
GGCAAACTGTTGCACCGGTG_004,98
ACAATCATAGACATGTTGGA_001,162
ACAATCATAGACATGTTGGA_002,158
ACAATCATAGACATGTTGGA_003,32
ACAATCATAGACATGTTGGA_004,87
ACAATCATAGACATGTTGGA_005,28
GGATTTCAACCGGATCCTAA_001,52
GGATTTCAACCGGATCCTAA_002,77
GGATTTCAACCGGATCCTAA_003,129
GTCTATCCGTGAGACCATGA_001,94
GTCTATCCGTGAGACCATGA_002,12
GTCTATCCGTGAGACCATGA_003,169
GTCTATCCGTGAGACCATGA_004,182
GTCTATCCGTGAGACCATGA_005,150
GTCTATCCGTGAGACCATGA_006,88
GTCTATCCGTGAGACCATGA_007,121
GTCTATCCGTGAGACCATGA_008,47
GTCTATCCGTGAGACCATGA_009,36
GTCTATCCGTGAGACCATGA_010,8
GTCTATCCGTGAGACCATGA_011,189
GTCTATCCGTGAGACCATGA_012,40
GTCTATCCGTGAGACCATGA_013,169
GTCTATCCGTGAGACCATGA_014,76
GTCTATCCGTGAGACCATGA_015,142
GTCTATCCGTGAGACCATGA_016,191
GTCTATCCGTGAGACCATGA_017,175
GTCTATCCGTGAGACCATGA_018,83
GTCTATCCGTGAGACCATGA_019,190
GTCTATCCGTGAGACCATGA_020,88
GTCTATCCGTGAGACCATGA_021,58
GTCTATCCGTGAGACCATGA_022,138
GTCTATCCGTGAGACCATGA_023,62
CCTAACAAGAGCTTAACATA_001,60
CCTAACAAGAGCTTAACATA_002,140
CCTAACAAGAGCTTAACATA_003,5
CCTAACAAGAGCTTAACATA_004,198
ACATATGCCAACTAAAGCTG_001,127
ACATATGCCAACTAAAGCTG_002,12
ACATATGCCAACTAAAGCTG_003,198
ACATATGCCAACTAAAGCTG_004,85
ACATATGCCAACTAAAGCTG_005,33
ACATATGCCAACTAAAGCTG_006,4
ACATATGCCAACTAAAGCTG_007,147
ACATATGCCAACTAAAGCTG_008,130
ACATATGCCAACTAAAGCTG_009,81
ACATATGCCAACTAAAGCTG_010,147
ACATATGCCAACTAAAGCTG_011,49
ACATATGCCAACTAAAGCTG_012,53
ACATATGCCAACTAAAGCTG_013,174
ACATATGCCAACTAAAGCTG_014,188
ACATATGCCAACTAAAGCTG_015,40
ACATATGCCAACTAAAGCTG_016,94
GCTCGAGTAGTGGGACACGA_001,72
GCTCGAGTAGTGGGACACGA_002,72
GCTCGAGTAGTGGGACACGA_003,98
GCTCGAGTAGTGGGACACGA_004,98
GCTCGAGTAGTGGGACACGA_005,19
GCTCGAGTAGTGGGACACGA_006,88
GCTCGAGTAGTGGGACACGA_007,89
GCTCGAGTAGTGGGACACGA_008,155
GCTCGAGTAGTGGGACACGA_009,190
GCTCGAGTAGTGGGACACGA_010,95
GCTCGAGTAGTGGGACACGA_011,65
GCTCGAGTAGTGGGACACGA_012,112
GCTCGAGTAGTGGGACACGA_013,106
GCTCGAGTAGTGGGACACGA_014,190
GCTCGAGTAGTGGGACACGA_015,18
GCTCGAGTAGTGGGACACGA_016,116
GCTCGAGTAGTGGGACACGA_017,40
GTTCCACACCATCATCCAAG_001,63
GGGACAGGAGGTGCCGAGAG_001,126
GGGACAGGAGGTGCCGAGAG_002,29
GGGACAGGAGGTGCCGAGAG_003,105
GGGACAGGAGGTGCCGAGAG_004,102
GGGACAGGAGGTGCCGAGAG_005,33
GGGACAGGAGGTGCCGAGAG_006,157
GGGACAGGAGGTGCCGAGAG_007,54
GGGACAGGAGGTGCCGAGAG_008,8
GGGACAGGAGGTGCCGAGAG_009,115
GGGACAGGAGGTGCCGAGAG_010,1
GGGACAGGAGGTGCCGAGAG_011,143
GGGACAGGAGGTGCCGAGAG_012,190
GGGACAGGAGGTGCCGAGAG_013,108
GGGACAGGAGGTGCCGAGAG_014,105
GGGACAGGAGGTGCCGAGAG_015,5
GGGACAGGAGGTGCCGAGAG_016,15
GGGACAGGAGGTGCCGAGAG_017,50
GGGACAGGAGGTGCCGAGAG_018,169
GGGACAGGAGGTGCCGAGAG_019,61
GGGACAGGAGGTGCCGAGAG_020,170
GGGACAGGAGGTGCCGAGAG_021,92
GCACAGAGGAAAACACTAGG_001,139
GCACAGAGGAAAACACTAGG_002,142
GCACAGAGGAAAACACTAGG_003,9
GCACAGAGGAAAACACTAGG_004,149
GCACAGAGGAAAACACTAGG_005,188
GCACAGAGGAAAACACTAGG_006,35
GCACAGAGGAAAACACTAGG_007,112
GCACAGAGGAAAACACTAGG_008,160
GCACAGAGGAAAACACTAGG_009,176
GCACAGAGGAAAACACTAGG_010,50
GCACAGAGGAAAACACTAGG_011,169
GCACAGAGGAAAACACTAGG_012,162
GCACAGAGGAAAACACTAGG_013,77
GCACAGAGGAAAACACTAGG_014,106
GCACAGAGGAAAACACTAGG_015,136
GCACAGAGGAAAACACTAGG_016,53
GCACAGAGGAAAACACTAGG_017,9
GCACAGAGGAAAACACTAGG_018,170
ACTTCTATCTTAAACACCTG_001,58
ACTTCTATCTTAAACACCTG_002,133
ACTTCTATCTTAAACACCTG_003,19
ACTTCTATCTTAAACACCTG_004,34
ACTTCTATCTTAAACACCTG_005,41
ACTTCTATCTTAAACACCTG_006,56
ACTTCTATCTTAAACACCTG_007,9
ACTTCTATCTTAAACACCTG_008,174
ACTTCTATCTTAAACACCTG_009,51
GGTTTGGGAATAGAGTGCTA_001,69
GGTTTGGGAATAGAGTGCTA_002,42
GGTTTGGGAATAGAGTGCTA_003,51
GGTTTGGGAATAGAGTGCTA_004,144
TGTCTCCACAGTCCTTCCAA_001,160
TGTCTCCACAGTCCTTCCAA_002,184
TGTCTCCACAGTCCTTCCAA_003,171
AGATGAACTGAAATCCACAA_001,12
AGATGAACTGAAATCCACAA_002,65
AGATGAACTGAAATCCACAA_003,9
AGATGAACTGAAATCCACAA_004,105
AGATGAACTGAAATCCACAA_005,2
AGATGAACTGAAATCCACAA_006,48
AGATGAACTGAAATCCACAA_007,190
AGATGAACTGAAATCCACAA_008,145
AGATGAACTGAAATCCACAA_009,91
AGATGAACTGAAATCCACAA_010,141
AGATGAACTGAAATCCACAA_011,40
CTTGGTTGATTGCGGAGTCA_001,28
CTTGGTTGATTGCGGAGTCA_002,3
GGGCCCCCCATGTTGCCTGG_001,154
GGGCCCCCCATGTTGCCTGG_002,80
GGGCCCCCCATGTTGCCTGG_003,57
GAGGCCGGGGCCGAGCATTG_001,151
GAGGCCGGGGCCGAGCATTG_002,50
GAGGCCGGGGCCGAGCATTG_003,5
GAGGCCGGGGCCGAGCATTG_004,31
GAGGCCGGGGCCGAGCATTG_005,104
GAGGCCGGGGCCGAGCATTG_006,126
GAGGCCGGGGCCGAGCATTG_007,98
GAGGCCGGGGCCGAGCATTG_008,120
GAGGCCGGGGCCGAGCATTG_009,30
GAGGCCGGGGCCGAGCATTG_010,137
GAGGCCGGGGCCGAGCATTG_011,174
GAGGCCGGGGCCGAGCATTG_012,185
GAGGCCGGGGCCGAGCATTG_013,175
GAGGCCGGGGCCGAGCATTG_014,45
GAGGCCGGGGCCGAGCATTG_015,115
GAGGCCGGGGCCGAGCATTG_016,107
GAGGCCGGGGCCGAGCATTG_017,70
GAGGCCGGGGCCGAGCATTG_018,145
GAGGCCGGGGCCGAGCATTG_019,70
GAGGCCGGGGCCGAGCATTG_020,114
GAGGCCGGGGCCGAGCATTG_021,3
AGCACGTAATGTCCGTGGAT_001,186
AGCACGTAATGTCCGTGGAT_002,6
AGCACGTAATGTCCGTGGAT_003,188
AGCACGTAATGTCCGTGGAT_004,49
AGCACGTAATGTCCGTGGAT_005,195
AGCACGTAATGTCCGTGGAT_006,147
AGCACGTAATGTCCGTGGAT_007,5
AGCACGTAATGTCCGTGGAT_008,123
AGCACGTAATGTCCGTGGAT_009,122
AGCACGTAATGTCCGTGGAT_010,19
AGCACGTAATGTCCGTGGAT_011,130
ACTTAAACTCCACGTCGTCA_001,102
ACTTAAACTCCACGTCGTCA_002,70
ACTTAAACTCCACGTCGTCA_003,69
ACTTAAACTCCACGTCGTCA_004,59
ACTTAAACTCCACGTCGTCA_005,5
ACTTAAACTCCACGTCGTCA_006,81
ACTTAAACTCCACGTCGTCA_007,26
ACTTAAACTCCACGTCGTCA_008,19
ACCACCATGACGGCCAGTGT_001,81
ACCACCATGACGGCCAGTGT_002,115
ACCACCATGACGGCCAGTGT_003,49
ACCACCATGACGGCCAGTGT_004,61
ACCACCATGACGGCCAGTGT_005,174
GTGGAAATCATCACAATCTC_001,70
GTGGAAATCATCACAATCTC_002,83
GTGGAAATCATCACAATCTC_003,122
GTGGAAATCATCACAATCTC_004,197
GTTTAGACTTACTCTCTCTG_001,125
GTTTAGACTTACTCTCTCTG_002,14
ACACGGTCGCGGCTCACAGG_001,31
ACACGGTCGCGGCTCACAGG_002,86
ACACGGTCGCGGCTCACAGG_003,40
ACACGGTCGCGGCTCACAGG_004,67
ACACGGTCGCGGCTCACAGG_005,64
ACACGGTCGCGGCTCACAGG_006,94
ACACGGTCGCGGCTCACAGG_007,146
ACACGGTCGCGGCTCACAGG_008,196
ACACGGTCGCGGCTCACAGG_009,38
ACACGGTCGCGGCTCACAGG_010,49
CTACGAAGAGAACCGTGCCG_001,64
CTACGAAGAGAACCGTGCCG_002,116
CTACGAAGAGAACCGTGCCG_003,44
CTACGAAGAGAACCGTGCCG_004,198
CTACGAAGAGAACCGTGCCG_005,23
CTACGAAGAGAACCGTGCCG_006,23
CTACGAAGAGAACCGTGCCG_007,155
CTACGAAGAGAACCGTGCCG_008,17
CTACGAAGAGAACCGTGCCG_009,193
CTACGAAGAGAACCGTGCCG_010,143
CTACGAAGAGAACCGTGCCG_011,30
CTACGAAGAGAACCGTGCCG_012,28
CTACGAAGAGAACCGTGCCG_013,53
CTACGAAGAGAACCGTGCCG_014,31
CTACGAAGAGAACCGTGCCG_015,70
CTACGAAGAGAACCGTGCCG_016,145
CTACGAAGAGAACCGTGCCG_017,58
CTACGAAGAGAACCGTGCCG_018,31
CTACGAAGAGAACCGTGCCG_019,55
CTACGAAGAGAACCGTGCCG_020,10
CTACGAAGAGAACCGTGCCG_021,193
CTACGAAGAGAACCGTGCCG_022,172
CTACGAAGAGAACCGTGCCG_023,176
CAAGCTTTCGTCCCATGCAA_001,15
CAAGCTTTCGTCCCATGCAA_002,81
CAAGCTTTCGTCCCATGCAA_003,115
CAAGCTTTCGTCCCATGCAA_004,157
CAAGCTTTCGTCCCATGCAA_005,165
CAAGCTTTCGTCCCATGCAA_006,109
CAAGCTTTCGTCCCATGCAA_007,64
CAAGCTTTCGTCCCATGCAA_008,19
CAAGCTTTCGTCCCATGCAA_009,155
CTTACACACTTAGAACTCGG_001,60
CTTACACACTTAGAACTCGG_002,184
CTTACACACTTAGAACTCGG_003,112
CTTACACACTTAGAACTCGG_004,60
CTTACACACTTAGAACTCGG_005,79
CTTACACACTTAGAACTCGG_006,119
TACATGTCTCAGCCGAACAC_001,117
TACATGTCTCAGCCGAACAC_002,102
TACATGTCTCAGCCGAACAC_003,138
TACATGTCTCAGCCGAACAC_004,49
TACATGTCTCAGCCGAACAC_005,48
GGCACGCAGCCTACTAGGTG_001,7
GGCACGCAGCCTACTAGGTG_002,3
GGCACGCAGCCTACTAGGTG_003,12
GGCACGCAGCCTACTAGGTG_004,178
GGCACGCAGCCTACTAGGTG_005,28
TTACTACCTACCACAGCAAG_001,121
TTACTACCTACCACAGCAAG_002,12
TTACTACCTACCACAGCAAG_003,130
TTACTACCTACCACAGCAAG_004,17
TTACTACCTACCACAGCAAG_005,98
TTACTACCTACCACAGCAAG_006,173
TTACTACCTACCACAGCAAG_007,9
TTACTACCTACCACAGCAAG_008,39
AAATCCTCTCTCGCAACAAG_001,32
AAATCCTCTCTCGCAACAAG_002,104
AAATCCTCTCTCGCAACAAG_003,78
GGGCCCGGCGACACTCAGAC_001,62
GGGCCCGGCGACACTCAGAC_002,105
GGGCCCGGCGACACTCAGAC_003,176
TGAACGCCGGGTGCACGTCG_001,151
TGAACGCCGGGTGCACGTCG_002,178
TGAACGCCGGGTGCACGTCG_003,178
TGAACGCCGGGTGCACGTCG_004,198
TGAACGCCGGGTGCACGTCG_005,175
TGAACGCCGGGTGCACGTCG_006,78
TGAACGCCGGGTGCACGTCG_007,106
TGAACGCCGGGTGCACGTCG_008,160
TGAACGCCGGGTGCACGTCG_009,72
TGAACGCCGGGTGCACGTCG_010,108
TGAACGCCGGGTGCACGTCG_011,105
TGAACGCCGGGTGCACGTCG_012,67
TGAACGCCGGGTGCACGTCG_013,20
TGAACGCCGGGTGCACGTCG_014,160
TGAACGCCGGGTGCACGTCG_015,44
TGAACGCCGGGTGCACGTCG_016,20
TGAACGCCGGGTGCACGTCG_017,108
TGAACGCCGGGTGCACGTCG_018,63
TGAACGCCGGGTGCACGTCG_019,67
TGAACGCCGGGTGCACGTCG_020,147
TGAACGCCGGGTGCACGTCG_021,144
TGAACGCCGGGTGCACGTCG_022,101
TGAACGCCGGGTGCACGTCG_023,74
TGAACGCCGGGTGCACGTCG_024,152
TGAACGCCGGGTGCACGTCG_025,91
TGAACGCCGGGTGCACGTCG_026,29
TGAACGCCGGGTGCACGTCG_027,174
TGAACGCCGGGTGCACGTCG_028,102
TGAACGCCGGGTGCACGTCG_029,78
TGAACGCCGGGTGCACGTCG_030,52
TGAACGCCGGGTGCACGTCG_031,137
TGAACGCCGGGTGCACGTCG_032,74
TGAACGCCGGGTGCACGTCG_033,161
GAGAGTGGATGGTCGGTCCG_001,106
GAGAGTGGATGGTCGGTCCG_002,158
GAGAGTGGATGGTCGGTCCG_003,34
GAGAGTGGATGGTCGGTCCG_004,108
GAGAGTGGATGGTCGGTCCG_005,64
GAGAGTGGATGGTCGGTCCG_006,50
GAGAGTGGATGGTCGGTCCG_007,113
GAGAGTGGATGGTCGGTCCG_008,1
GAGAGTGGATGGTCGGTCCG_009,127
GAGAGTGGATGGTCGGTCCG_010,198
GAGAGTGGATGGTCGGTCCG_011,11
GAGAGTGGATGGTCGGTCCG_012,136
GAGAGTGGATGGTCGGTCCG_013,78
GAGAGTGGATGGTCGGTCCG_014,78
GAGAGTGGATGGTCGGTCCG_015,173
GAGAGTGGATGGTCGGTCCG_016,49
GAGAGTGGATGGTCGGTCCG_017,188
GAGAGTGGATGGTCGGTCCG_018,159
GAGAGTGGATGGTCGGTCCG_019,175
GAGAGTGGATGGTCGGTCCG_020,170
GAGAGTGGATGGTCGGTCCG_021,115
GAGAGTGGATGGTCGGTCCG_022,6
GAGAGTGGATGGTCGGTCCG_023,45
GAGAGTGGATGGTCGGTCCG_024,12
GAGAGTGGATGGTCGGTCCG_025,40
GAGAGTGGATGGTCGGTCCG_026,105
GAGAGTGGATGGTCGGTCCG_027,103
GAGAGTGGATGGTCGGTCCG_028,12
GAGAGTGGATGGTCGGTCCG_029,122
GAGAGTGGATGGTCGGTCCG_030,160
GAGAGTGGATGGTCGGTCCG_031,175
GAGAGTGGATGGTCGGTCCG_032,10
GAGAGTGGATGGTCGGTCCG_033,150
GAGAGTGGATGGTCGGTCCG_034,106
GAGAGTGGATGGTCGGTCCG_035,73
GAGAGTGGATGGTCGGTCCG_036,32
CTGTCTCTGGCCATCAACTG_001,17
CTGTCTCTGGCCATCAACTG_002,139
CTGTCTCTGGCCATCAACTG_003,75
CTGTCTCTGGCCATCAACTG_004,26
CTGTCTCTGGCCATCAACTG_005,70
CTGTCTCTGGCCATCAACTG_006,19
CTGTCTCTGGCCATCAACTG_007,150
CTGTCTCTGGCCATCAACTG_008,192
CTGTCTCTGGCCATCAACTG_009,190
CTGTCTCTGGCCATCAACTG_010,170
CTGTCTCTGGCCATCAACTG_011,13
CTGTCTCTGGCCATCAACTG_012,49
CTGTCTCTGGCCATCAACTG_013,63
CTGTCTCTGGCCATCAACTG_014,69
CTGTCTCTGGCCATCAACTG_015,48
CTGTCTCTGGCCATCAACTG_016,86
TCAAGGCCAGAGGCTAATGA_001,35
TCAAGGCCAGAGGCTAATGA_002,197
TCAAGGCCAGAGGCTAATGA_003,132
TCAAGGCCAGAGGCTAATGA_004,141
TCAAGGCCAGAGGCTAATGA_005,38
TCAAGGCCAGAGGCTAATGA_006,8
TCAAGGCCAGAGGCTAATGA_007,35
CCAGAGAAAACTCTGGCAGT_001,98
CCAGAGAAAACTCTGGCAGT_002,158
CCAGAGAAAACTCTGGCAGT_003,158
AGGAGGGCAAGCAAAAGTGT_001,87
AGGAGGGCAAGCAAAAGTGT_002,172
AGGAGGGCAAGCAAAAGTGT_003,48
AGGAGGGCAAGCAAAAGTGT_004,9
AGGAGGGCAAGCAAAAGTGT_005,22
AGGAGGGCAAGCAAAAGTGT_006,159
AGGAGGGCAAGCAAAAGTGT_007,8
AGGAGGGCAAGCAAAAGTGT_008,8
AGGAGGGCAAGCAAAAGTGT_009,57
AGGAGGGCAAGCAAAAGTGT_010,107
AGGAGGGCAAGCAAAAGTGT_011,80
AGGAGGGCAAGCAAAAGTGT_012,111
AGGAGGGCAAGCAAAAGTGT_013,103
AGGAGGGCAAGCAAAAGTGT_014,140
AGGAGGGCAAGCAAAAGTGT_015,4
AGGAGGGCAAGCAAAAGTGT_016,165
AGGAGGGCAAGCAAAAGTGT_017,69
AGGAGGGCAAGCAAAAGTGT_018,41
AGGAGGGCAAGCAAAAGTGT_019,151
AGGAGGGCAAGCAAAAGTGT_020,118
TCACAATGGGAATATAGCAA_001,149
TCACAATGGGAATATAGCAA_002,145
CATGTCTGTCAACACCGGCG_001,77
CATGTCTGTCAACACCGGCG_002,191
CATGTCTGTCAACACCGGCG_003,8
CATGTCTGTCAACACCGGCG_004,12
CATGTCTGTCAACACCGGCG_005,172
CATGTCTGTCAACACCGGCG_006,175
CATGTCTGTCAACACCGGCG_007,137
CATGTCTGTCAACACCGGCG_008,48
CATGTCTGTCAACACCGGCG_009,51
CATGTCTGTCAACACCGGCG_010,100
CATGTCTGTCAACACCGGCG_011,87
CATGTCTGTCAACACCGGCG_012,19
CATGTCTGTCAACACCGGCG_013,141
CATGTCTGTCAACACCGGCG_014,81
CATGTCTGTCAACACCGGCG_015,6
CATGTCTGTCAACACCGGCG_016,79
CATGTCTGTCAACACCGGCG_017,45
CATGTCTGTCAACACCGGCG_018,16
CATGTCTGTCAACACCGGCG_019,29
CATGTCTGTCAACACCGGCG_020,168
CATGTCTGTCAACACCGGCG_021,3
GCCCCACTGTGAAACCATCG_001,57
GCCCCACTGTGAAACCATCG_002,48
GCCCCACTGTGAAACCATCG_003,146
GCCCCACTGTGAAACCATCG_004,2
GCCCCACTGTGAAACCATCG_005,2
GCCCCACTGTGAAACCATCG_006,0
GCCCCACTGTGAAACCATCG_007,44
GCCCCACTGTGAAACCATCG_008,40
GCCCCACTGTGAAACCATCG_009,61
GCCCCACTGTGAAACCATCG_010,78
GCCCCACTGTGAAACCATCG_011,158
GCCCCACTGTGAAACCATCG_012,170
GCCCCACTGTGAAACCATCG_013,169
GCCCCACTGTGAAACCATCG_014,7
GCCCCACTGTGAAACCATCG_015,99
GCCCCACTGTGAAACCATCG_016,120
GCCCCACTGTGAAACCATCG_017,178
GCCCCACTGTGAAACCATCG_018,88
GCTTGGCATCCACCTGACGA_001,67
GTAATACAGTCCCACCATGA_001,82
GTAATACAGTCCCACCATGA_002,13
GCGGGGGGAGGTTGCCCCAG_001,169
GCGGGGGGAGGTTGCCCCAG_002,103
GCGGGGGGAGGTTGCCCCAG_003,102
GCGGGGGGAGGTTGCCCCAG_004,22
GCGGGGGGAGGTTGCCCCAG_005,127
GCGGGGGGAGGTTGCCCCAG_006,196
GCGGGGGGAGGTTGCCCCAG_007,40
GCGGGGGGAGGTTGCCCCAG_008,77
GCGGGGGGAGGTTGCCCCAG_009,113
GCGGGGGGAGGTTGCCCCAG_010,170
GCGGGGGGAGGTTGCCCCAG_011,84
ACTGGGGCTGCTGTTAACTG_001,169
ACTGGGGCTGCTGTTAACTG_002,130
ACTGGGGCTGCTGTTAACTG_003,44
ACTGGGGCTGCTGTTAACTG_004,194
ACTGGGGCTGCTGTTAACTG_005,77
ACTGGGGCTGCTGTTAACTG_006,174
ACTGGGGCTGCTGTTAACTG_007,83
ACTGGGGCTGCTGTTAACTG_008,118
ACTGGGGCTGCTGTTAACTG_009,19
ACTGGGGCTGCTGTTAACTG_010,17
ACTGGGGCTGCTGTTAACTG_011,199
TGGGTTCGGTCATAATGGGG_001,142
TGGGTTCGGTCATAATGGGG_002,55
TGGGTTCGGTCATAATGGGG_003,168
TGGGTTCGGTCATAATGGGG_004,194
TGGGTTCGGTCATAATGGGG_005,192
TGGGTTCGGTCATAATGGGG_006,107
TGGGTTCGGTCATAATGGGG_007,4
TTCTATGGTAGGGACAAAGG_001,186
TTCTATGGTAGGGACAAAGG_002,33
TTCTATGGTAGGGACAAAGG_003,150
AAATGGCTAAAGAGCTACAA_001,127
AAATGGCTAAAGAGCTACAA_002,43
AAATGGCTAAAGAGCTACAA_003,19
AAATGGCTAAAGAGCTACAA_004,17
AAATGGCTAAAGAGCTACAA_005,162
AAATGGCTAAAGAGCTACAA_006,149
AAATGGCTAAAGAGCTACAA_007,43
AAATGGCTAAAGAGCTACAA_008,84
AAATGGCTAAAGAGCTACAA_009,148
AAATGGCTAAAGAGCTACAA_010,0
AAATGGCTAAAGAGCTACAA_011,3
AAATGGCTAAAGAGCTACAA_012,1
AAAGCATCTAGACATTCCAA_001,169
AAAGCATCTAGACATTCCAA_002,33
AAAGCATCTAGACATTCCAA_003,180
TAATAGCACTGTACTGCGAT_001,136
TAATAGCACTGTACTGCGAT_002,48
TAATAGCACTGTACTGCGAT_003,92
TAATAGCACTGTACTGCGAT_004,10
TAATAGCACTGTACTGCGAT_005,191
TAATAGCACTGTACTGCGAT_006,188
TAATAGCACTGTACTGCGAT_007,180
ATAGAACAGGAACCACATGG_001,51
ATAGAACAGGAACCACATGG_002,134
ATAGAACAGGAACCACATGG_003,92
ATAGAACAGGAACCACATGG_004,5
ATAGAACAGGAACCACATGG_005,8
TAGAGCTTGGCAGTAATGGT_001,146
TAGAGCTTGGCAGTAATGGT_002,132
TAGAGCTTGGCAGTAATGGT_003,137
TAGAGCTTGGCAGTAATGGT_004,2
TAGAGCTTGGCAGTAATGGT_005,66
TGTTGAAGCTGGTCATTACT_001,137
TGTTGAAGCTGGTCATTACT_002,169
TGTTGAAGCTGGTCATTACT_003,69
TGTTGAAGCTGGTCATTACT_004,27
TGTTGAAGCTGGTCATTACT_005,175
TGTTGAAGCTGGTCATTACT_006,184
TGTTGAAGCTGGTCATTACT_007,155
CGACTTCTATACGGCGCTGG_001,83
CGTGCTCAGTCACTTTCAAT_001,105
CGTGCTCAGTCACTTTCAAT_002,94
CGTGCTCAGTCACTTTCAAT_003,23
CGTGCTCAGTCACTTTCAAT_004,93
CGTGCTCAGTCACTTTCAAT_005,115
CGTGCTCAGTCACTTTCAAT_006,40
CGTGCTCAGTCACTTTCAAT_007,139
CGTGCTCAGTCACTTTCAAT_008,2
CGTGCTCAGTCACTTTCAAT_009,32
CGTGCTCAGTCACTTTCAAT_010,132
CGTGCTCAGTCACTTTCAAT_011,170
CGTGCTCAGTCACTTTCAAT_012,116
CGTGCTCAGTCACTTTCAAT_013,30
CGTGCTCAGTCACTTTCAAT_014,149
CGTGCTCAGTCACTTTCAAT_015,148
CGTGCTCAGTCACTTTCAAT_016,32
CGTGCTCAGTCACTTTCAAT_017,80
CGTGCTCAGTCACTTTCAAT_018,6
CGTGCTCAGTCACTTTCAAT_019,36
AGTGGCGCCGACCTTATGTG_001,107
AGTGGCGCCGACCTTATGTG_002,172
AGTGGCGCCGACCTTATGTG_003,174
AGTGGCGCCGACCTTATGTG_004,96
CTTAACGGCAATGACGTGGC_001,95
CTTAACGGCAATGACGTGGC_002,106
CTTAACGGCAATGACGTGGC_003,115
CTTAACGGCAATGACGTGGC_004,73
CTTAACGGCAATGACGTGGC_005,149
CTTAACGGCAATGACGTGGC_006,169
CTTAACGGCAATGACGTGGC_007,108
CTTAACGGCAATGACGTGGC_008,16
CTTAACGGCAATGACGTGGC_009,141
CTTAACGGCAATGACGTGGC_010,130
CTTAACGGCAATGACGTGGC_011,169
CTTAACGGCAATGACGTGGC_012,142
CTTAACGGCAATGACGTGGC_013,49
CTTAACGGCAATGACGTGGC_014,15
CTTAACGGCAATGACGTGGC_015,40
GCCGCCTTGCATCTTACCAG_001,21
GCCGCCTTGCATCTTACCAG_002,130
GCCGCCTTGCATCTTACCAG_003,188
GCCGCCTTGCATCTTACCAG_004,134
GCCGCCTTGCATCTTACCAG_005,153
GCCGCCTTGCATCTTACCAG_006,70
GGGCTCATACACACGTACCT_001,114
GGGCTCATACACACGTACCT_002,79
GGGCTCATACACACGTACCT_003,74
GTAGTTGTCGTAGCAGACGT_001,78
GTAGTTGTCGTAGCAGACGT_002,103
GTAGTTGTCGTAGCAGACGT_003,76
GTAGTTGTCGTAGCAGACGT_004,50
GTAGTTGTCGTAGCAGACGT_005,135
GTAGTTGTCGTAGCAGACGT_006,174
GTAGTTGTCGTAGCAGACGT_007,117
GGCACCAAGGCACATAACGG_001,95
GGCACCAAGGCACATAACGG_002,88
GGCACCAAGGCACATAACGG_003,199
GGCACCAAGGCACATAACGG_004,9
GGCACCAAGGCACATAACGG_005,127
GGCACCAAGGCACATAACGG_006,65
GGCACCAAGGCACATAACGG_007,86
GGCACCAAGGCACATAACGG_008,57
GGCACCAAGGCACATAACGG_009,161
GGCACCAAGGCACATAACGG_010,49
GGCACCAAGGCACATAACGG_011,37
GGCACCAAGGCACATAACGG_012,21
GGCACCAAGGCACATAACGG_013,16
GGCACCAAGGCACATAACGG_014,192
TAATAGGCGCTTGACCCCAC_001,193
TAATAGGCGCTTGACCCCAC_002,132
TAATAGGCGCTTGACCCCAC_003,190
TAATAGGCGCTTGACCCCAC_004,168
TAATAGGCGCTTGACCCCAC_005,15
CCAGAAAGTTTACCACGTAG_001,77
CCAGAAAGTTTACCACGTAG_002,34
CCAGAAAGTTTACCACGTAG_003,167
CCAGAAAGTTTACCACGTAG_004,117
CCAGAAAGTTTACCACGTAG_005,61
CCAGAAAGTTTACCACGTAG_006,112
CCAGAAAGTTTACCACGTAG_007,107
CCAGAAAGTTTACCACGTAG_008,69
CCAGAAAGTTTACCACGTAG_009,55
CCAGAAAGTTTACCACGTAG_010,5
CCAGAAAGTTTACCACGTAG_011,134
CCAGAAAGTTTACCACGTAG_012,65
CCAGAAAGTTTACCACGTAG_013,49
CCAGAAAGTTTACCACGTAG_014,2
CCAGAAAGTTTACCACGTAG_015,34
CCAGAAAGTTTACCACGTAG_016,14
GACCGCCGCCAGGTACACCG_001,169
GACCGCCGCCAGGTACACCG_002,197
GACCGCCGCCAGGTACACCG_003,184
GACCGCCGCCAGGTACACCG_004,70
GACCGCCGCCAGGTACACCG_005,160
GACCGCCGCCAGGTACACCG_006,43
GACCGCCGCCAGGTACACCG_007,16
CAGCTGTGAACGCGTGAAGG_001,85
CAGCTGTGAACGCGTGAAGG_002,117
CAGCTGTGAACGCGTGAAGG_003,15
CAGCTGTGAACGCGTGAAGG_004,119
CAGCTGTGAACGCGTGAAGG_005,171
CAGCTGTGAACGCGTGAAGG_006,184
CAGCTGTGAACGCGTGAAGG_007,96
CAGCTGTGAACGCGTGAAGG_008,106
CAGCTGTGAACGCGTGAAGG_009,56
CAGCTGTGAACGCGTGAAGG_010,106
CAGCTGTGAACGCGTGAAGG_011,168
GAGCAGCTGTCAGGTCTTGT_001,171
GAGCAGCTGTCAGGTCTTGT_002,81
GAGCAGCTGTCAGGTCTTGT_003,4
GAGCAGCTGTCAGGTCTTGT_004,127
GAGCAGCTGTCAGGTCTTGT_005,8
GAGCAGCTGTCAGGTCTTGT_006,57
GAGCAGCTGTCAGGTCTTGT_007,49
GAGCAGCTGTCAGGTCTTGT_008,154
GAGCAGCTGTCAGGTCTTGT_009,165
GAGCAGCTGTCAGGTCTTGT_010,68
GAGCAGCTGTCAGGTCTTGT_011,30
GAGCAGCTGTCAGGTCTTGT_012,138
GAGCAGCTGTCAGGTCTTGT_013,75
GAGCAGCTGTCAGGTCTTGT_014,130
GAGCAGCTGTCAGGTCTTGT_015,15
GAGCAGCTGTCAGGTCTTGT_016,50
GAGCAGCTGTCAGGTCTTGT_017,28
GAGCAGCTGTCAGGTCTTGT_018,6
GAGCAGCTGTCAGGTCTTGT_019,13
GAGCAGCTGTCAGGTCTTGT_020,137
GAGCAGCTGTCAGGTCTTGT_021,161
GAGCAGCTGTCAGGTCTTGT_022,198
GAGCAGCTGTCAGGTCTTGT_023,151
GAGCAGCTGTCAGGTCTTGT_024,98
GAGCAGCTGTCAGGTCTTGT_025,120
GAGCAGCTGTCAGGTCTTGT_026,191
GAGCAGCTGTCAGGTCTTGT_027,58
GAGCAGCTGTCAGGTCTTGT_028,184
GAGCAGCTGTCAGGTCTTGT_029,170
GAGCAGCTGTCAGGTCTTGT_030,26
GAGCAGCTGTCAGGTCTTGT_031,80
GAGCAGCTGTCAGGTCTTGT_032,49
GAGCAGCTGTCAGGTCTTGT_033,177
GAGCAGCTGTCAGGTCTTGT_034,63
TGGGAATCCCGTAATTCCAG_001,81
TGGGAATCCCGTAATTCCAG_002,142
AGAAGTTATCTAGGATATTG_001,28
AGAAGTTATCTAGGATATTG_002,30
TTCCCGCCCCGGTACCTGCG_001,171
TTCCCGCCCCGGTACCTGCG_002,156
TTCCCGCCCCGGTACCTGCG_003,183
TTCCCGCCCCGGTACCTGCG_004,17
TTCCCGCCCCGGTACCTGCG_005,13
TTCCCGCCCCGGTACCTGCG_006,179
TTCCCGCCCCGGTACCTGCG_007,151
TTCCCGCCCCGGTACCTGCG_008,62
TTCCCGCCCCGGTACCTGCG_009,128
TTCCCGCCCCGGTACCTGCG_010,86
TTCCCGCCCCGGTACCTGCG_011,143
TTCCCGCCCCGGTACCTGCG_012,172
TTCCCGCCCCGGTACCTGCG_013,199
TTCCCGCCCCGGTACCTGCG_014,133
TTCCCGCCCCGGTACCTGCG_015,113
TTCCCGCCCCGGTACCTGCG_016,75
TTCCCGCCCCGGTACCTGCG_017,32
TTCCCGCCCCGGTACCTGCG_018,27
TTCCCGCCCCGGTACCTGCG_019,4
TTCCCGCCCCGGTACCTGCG_020,58
TTCCCGCCCCGGTACCTGCG_021,138
TTCCCGCCCCGGTACCTGCG_022,115
TTCCCGCCCCGGTACCTGCG_023,50
TTCCCGCCCCGGTACCTGCG_024,24
TTCCCGCCCCGGTACCTGCG_025,3
TTCCCGCCCCGGTACCTGCG_026,170
TTCCCGCCCCGGTACCTGCG_027,19
TTCCCGCCCCGGTACCTGCG_028,56
TTCCCGCCCCGGTACCTGCG_029,72
TTCCCGCCCCGGTACCTGCG_030,55
CATCCGTAAGAACTTGGAGC_001,183
CATCCGTAAGAACTTGGAGC_002,139
CATCCGTAAGAACTTGGAGC_003,51
CATCCGTAAGAACTTGGAGC_004,186
CATCCGTAAGAACTTGGAGC_005,101
CATCCGTAAGAACTTGGAGC_006,179
CATCCGTAAGAACTTGGAGC_007,170
CATCCGTAAGAACTTGGAGC_008,35
CATCCGTAAGAACTTGGAGC_009,127
CATCCGTAAGAACTTGGAGC_010,33
CATCCGTAAGAACTTGGAGC_011,48
CATCCGTAAGAACTTGGAGC_012,176
CATCCGTAAGAACTTGGAGC_013,7
CATCCGTAAGAACTTGGAGC_014,7
CATCCGTAAGAACTTGGAGC_015,81
CATCCGTAAGAACTTGGAGC_016,9
CATCCGTAAGAACTTGGAGC_017,68
CATCCGTAAGAACTTGGAGC_018,68
CATCCGTAAGAACTTGGAGC_019,161
CATCCGTAAGAACTTGGAGC_020,199
CACGTGGACTAAATTCACCA_001,188
CACGTGGACTAAATTCACCA_002,27
CACGTGGACTAAATTCACCA_003,48
CACGTGGACTAAATTCACCA_004,169
CACGTGGACTAAATTCACCA_005,10
CACGTGGACTAAATTCACCA_006,147
GAGAACTGTGAGAGTCACAA_001,2
GAGAACTGTGAGAGTCACAA_002,115
GAGAACTGTGAGAGTCACAA_003,49
GAGAACTGTGAGAGTCACAA_004,196
GAGAACTGTGAGAGTCACAA_005,9
GAGAACTGTGAGAGTCACAA_006,121
GAGAACTGTGAGAGTCACAA_007,111
GAGAACTGTGAGAGTCACAA_008,111
GAGAACTGTGAGAGTCACAA_009,8
GAGAACTGTGAGAGTCACAA_010,10
GAGAACTGTGAGAGTCACAA_011,78
GAGAACTGTGAGAGTCACAA_012,25
TCTGCTTCTTGCCAAATAGT_001,150
TCTTTGGAAAGCCTCCGTAG_001,132
TCTTTGGAAAGCCTCCGTAG_002,31
TCTTTGGAAAGCCTCCGTAG_003,32
TCTTTGGAAAGCCTCCGTAG_004,45
TCTTTGGAAAGCCTCCGTAG_005,158
TCTTTGGAAAGCCTCCGTAG_006,59
TCTTTGGAAAGCCTCCGTAG_007,59
TCTTTGGAAAGCCTCCGTAG_008,97
TCTTTGGAAAGCCTCCGTAG_009,17
TCTTTGGAAAGCCTCCGTAG_010,50
TCTTTGGAAAGCCTCCGTAG_011,127
TCTTTGGAAAGCCTCCGTAG_012,19
TCTTTGGAAAGCCTCCGTAG_013,60
TCTTTGGAAAGCCTCCGTAG_014,169
TCTTTGGAAAGCCTCCGTAG_015,76
TCTTTGGAAAGCCTCCGTAG_016,105
TCTTTGGAAAGCCTCCGTAG_017,28
TCTTTGGAAAGCCTCCGTAG_018,105
GCAAGGCATCCTGATTTACA_001,75
GCAAGGCATCCTGATTTACA_002,19
GCAAGGCATCCTGATTTACA_003,36
GCAAGGCATCCTGATTTACA_004,198
GCAAGGCATCCTGATTTACA_005,17
CGAAGCGACACATGTTGTGA_001,182
CGAAGCGACACATGTTGTGA_002,175
CGAAGCGACACATGTTGTGA_003,13
CGAAGCGACACATGTTGTGA_004,63
CGAAGCGACACATGTTGTGA_005,159
CGAAGCGACACATGTTGTGA_006,11
CGAAGCGACACATGTTGTGA_007,158
TGACAGCACTGTAAGAACTC_001,25
TGACAGCACTGTAAGAACTC_002,139
TGACAGCACTGTAAGAACTC_003,147
TGACAGCACTGTAAGAACTC_004,78
TGACAGCACTGTAAGAACTC_005,78
TGACAGCACTGTAAGAACTC_006,106
CTGATTTATTCCATAGAAGG_001,78
CTGATTTATTCCATAGAAGG_002,1
CTGATTTATTCCATAGAAGG_003,170
CTGATTTATTCCATAGAAGG_004,86
CTGATTTATTCCATAGAAGG_005,86
CTGATTTATTCCATAGAAGG_006,39
CTGATTTATTCCATAGAAGG_007,98
GATGACTCCCACAAATAGTG_001,149
GATGACTCCCACAAATAGTG_002,63
GATGACTCCCACAAATAGTG_003,103
GATGACTCCCACAAATAGTG_004,174
GATGACTCCCACAAATAGTG_005,9
GATGACTCCCACAAATAGTG_006,175
TTGACAAAGAGTTCTGCGAG_001,130
TTGACAAAGAGTTCTGCGAG_002,130
TTGACAAAGAGTTCTGCGAG_003,183
TTGACAAAGAGTTCTGCGAG_004,152
TTGACAAAGAGTTCTGCGAG_005,9
TTGACAAAGAGTTCTGCGAG_006,127
TTGACAAAGAGTTCTGCGAG_007,197
TTGACAAAGAGTTCTGCGAG_008,89
CTTAATCAGTGAGGCCACAA_001,26
CTTAATCAGTGAGGCCACAA_002,138
CTTAATCAGTGAGGCCACAA_003,9
TGAGGCTGATGTGAATCCAA_001,96
TGAGGCTGATGTGAATCCAA_002,128
TGAGGCTGATGTGAATCCAA_003,36
CAAACAACTTACTTTCCATG_001,28
CAAACAACTTACTTTCCATG_002,28
CAAACAACTTACTTTCCATG_003,91
CAAACAACTTACTTTCCATG_004,196
CAAACAACTTACTTTCCATG_005,47
CAAACAACTTACTTTCCATG_006,112
CTGCATTCGGATGACCACAG_001,191
GTCAACGTCAAGGACTTCGC_001,183
GTCAACGTCAAGGACTTCGC_002,0
GTCAACGTCAAGGACTTCGC_003,41
GTCAACGTCAAGGACTTCGC_004,17
GTCAACGTCAAGGACTTCGC_005,94
GTCAACGTCAAGGACTTCGC_006,121
GTCAACGTCAAGGACTTCGC_007,140
GTCAACGTCAAGGACTTCGC_008,160
GTCAACGTCAAGGACTTCGC_009,144
GTCAACGTCAAGGACTTCGC_010,107
GTCAACGTCAAGGACTTCGC_011,163
GTCAACGTCAAGGACTTCGC_012,59
GTCAACGTCAAGGACTTCGC_013,177
GTCAACGTCAAGGACTTCGC_014,199
GTCAACGTCAAGGACTTCGC_015,31
GTCAACGTCAAGGACTTCGC_016,163
GTCAACGTCAAGGACTTCGC_017,134
GTCAACGTCAAGGACTTCGC_018,197
GTCAACGTCAAGGACTTCGC_019,2
GTCAACGTCAAGGACTTCGC_020,29
GTCAACGTCAAGGACTTCGC_021,19
GTCAACGTCAAGGACTTCGC_022,79
GTCAACGTCAAGGACTTCGC_023,190
GTCAACGTCAAGGACTTCGC_024,134
GTCAACGTCAAGGACTTCGC_025,121
GCTACTGTGTCACAAACGGG_001,42
GCTACTGTGTCACAAACGGG_002,76
GCTACTGTGTCACAAACGGG_003,150
GCTACTGTGTCACAAACGGG_004,146
GCTACTGTGTCACAAACGGG_005,188
GCTACTGTGTCACAAACGGG_006,2
GCTACTGTGTCACAAACGGG_007,184
GTGTCGGAAATCGTGCAGAA_001,8
GTGTCGGAAATCGTGCAGAA_002,61
GTGTCGGAAATCGTGCAGAA_003,3
GTGTCGGAAATCGTGCAGAA_004,58
GTGTCGGAAATCGTGCAGAA_005,19
GTGTCGGAAATCGTGCAGAA_006,149
GTGTCGGAAATCGTGCAGAA_007,169
GTGTCGGAAATCGTGCAGAA_008,168
GTGTCGGAAATCGTGCAGAA_009,119
GTGTCGGAAATCGTGCAGAA_010,170
GTGTCGGAAATCGTGCAGAA_011,114
GTGTCGGAAATCGTGCAGAA_012,56
GTGTCGGAAATCGTGCAGAA_013,86
GTGTCGGAAATCGTGCAGAA_014,70
GTGTCGGAAATCGTGCAGAA_015,43
GTGTCGGAAATCGTGCAGAA_016,148
GTGTCGGAAATCGTGCAGAA_017,175
GTGTCGGAAATCGTGCAGAA_018,26
GTGTCGGAAATCGTGCAGAA_019,50
GTGTCGGAAATCGTGCAGAA_020,7
GTGTCGGAAATCGTGCAGAA_021,20
GTGTCGGAAATCGTGCAGAA_022,15
GTGTCGGAAATCGTGCAGAA_023,94
GTGTCGGAAATCGTGCAGAA_024,54
GTGTCGGAAATCGTGCAGAA_025,21
GTGTCGGAAATCGTGCAGAA_026,170
GTGTCGGAAATCGTGCAGAA_027,118
GTGTCGGAAATCGTGCAGAA_028,46
GTGTCGGAAATCGTGCAGAA_029,63
GTGTCGGAAATCGTGCAGAA_030,115
GTGTCGGAAATCGTGCAGAA_031,65
GTGTCGGAAATCGTGCAGAA_032,148
GTGTCGGAAATCGTGCAGAA_033,127
GTGTCGGAAATCGTGCAGAA_034,79
GTGTCGGAAATCGTGCAGAA_035,43
GTGTCGGAAATCGTGCAGAA_036,78
GTGTCGGAAATCGTGCAGAA_037,55
GTGTCGGAAATCGTGCAGAA_038,9
GTGTCGGAAATCGTGCAGAA_039,9
AAGAAATGCTTAGCAAACAG_001,162
AAGAAATGCTTAGCAAACAG_002,151
AAGAAATGCTTAGCAAACAG_003,199
AAGAAATGCTTAGCAAACAG_004,173
AAGAAATGCTTAGCAAACAG_005,162
GTAGTCTCGAGAGATAGACC_001,48
GTAGTCTCGAGAGATAGACC_002,28
GTAGTCTCGAGAGATAGACC_003,16
GTAGTCTCGAGAGATAGACC_004,11
GTAGTCTCGAGAGATAGACC_005,136
GGACGAGAAGTACACAGGCA_001,186
GGACGAGAAGTACACAGGCA_002,170
GGACGAGAAGTACACAGGCA_003,12
GGACGAGAAGTACACAGGCA_004,180
GGACGAGAAGTACACAGGCA_005,154
GGACGAGAAGTACACAGGCA_006,88
GGACGAGAAGTACACAGGCA_007,141
GGACGAGAAGTACACAGGCA_008,158
GGACGAGAAGTACACAGGCA_009,117
GGACGAGAAGTACACAGGCA_010,112
GGACGAGAAGTACACAGGCA_011,129
GGACGAGAAGTACACAGGCA_012,126
TCGAAGATCATGCCTATCAA_001,27
TCGAAGATCATGCCTATCAA_002,1
TCGAAGATCATGCCTATCAA_003,20
TCGAAGATCATGCCTATCAA_004,172
TCGAAGATCATGCCTATCAA_005,134
TCGAAGATCATGCCTATCAA_006,127
TCGAAGATCATGCCTATCAA_007,181
TCGAAGATCATGCCTATCAA_008,13
TCGAAGATCATGCCTATCAA_009,80
TCGAAGATCATGCCTATCAA_010,198
TCGAAGATCATGCCTATCAA_011,145
TCGAAGATCATGCCTATCAA_012,189
TCGAAGATCATGCCTATCAA_013,88
TCGAAGATCATGCCTATCAA_014,50
CAGCTCCATGTCGCACGTGG_001,19
CAGCTCCATGTCGCACGTGG_002,69
CAGCTCCATGTCGCACGTGG_003,112
CAGCTCCATGTCGCACGTGG_004,184
CAGCTCCATGTCGCACGTGG_005,93
CAGCTCCATGTCGCACGTGG_006,154
AAAGTATCAGACGAAAAGAG_001,70
AAAGTATCAGACGAAAAGAG_002,68
AAAGTATCAGACGAAAAGAG_003,34
AAAGTATCAGACGAAAAGAG_004,13
AAAGTATCAGACGAAAAGAG_005,55
AAAGTATCAGACGAAAAGAG_006,133
AAAGTATCAGACGAAAAGAG_007,138
AAAGTATCAGACGAAAAGAG_008,63
AAAGTATCAGACGAAAAGAG_009,120
AAAGTATCAGACGAAAAGAG_010,177
AAAGTATCAGACGAAAAGAG_011,44
AAAGTATCAGACGAAAAGAG_012,31
AAAGTATCAGACGAAAAGAG_013,125
AAAGTATCAGACGAAAAGAG_014,9
CTTGCTACGGATGATTTCGG_001,183
AATGCAGCAGGACCTTTAGT_001,5
AATGCAGCAGGACCTTTAGT_002,138
AATGCAGCAGGACCTTTAGT_003,171
AATGCAGCAGGACCTTTAGT_004,9
AATGCAGCAGGACCTTTAGT_005,141
AATGCAGCAGGACCTTTAGT_006,198
AATGCAGCAGGACCTTTAGT_007,170
AATGCAGCAGGACCTTTAGT_008,69
AATGCAGCAGGACCTTTAGT_009,129
AATGCAGCAGGACCTTTAGT_010,162
AATGCAGCAGGACCTTTAGT_011,121
AATGCAGCAGGACCTTTAGT_012,8
AATGCAGCAGGACCTTTAGT_013,140
AATGCAGCAGGACCTTTAGT_014,168
AATGCAGCAGGACCTTTAGT_015,113
AATGCAGCAGGACCTTTAGT_016,17
AATGCAGCAGGACCTTTAGT_017,162
GAAGCCCCCGTACTCGTACG_001,40
GAAGCCCCCGTACTCGTACG_002,197
GAAGCCCCCGTACTCGTACG_003,24
GAAGCCCCCGTACTCGTACG_004,9
GAAGCCCCCGTACTCGTACG_005,49
GAAGCCCCCGTACTCGTACG_006,82
GAAGCCCCCGTACTCGTACG_007,61
GAAGCCCCCGTACTCGTACG_008,49
GAAGCCCCCGTACTCGTACG_009,148
GAAGCCCCCGTACTCGTACG_010,103
GAAGCCCCCGTACTCGTACG_011,151
GAAGCCCCCGTACTCGTACG_012,3
GAAGCCCCCGTACTCGTACG_013,166
GGAGGTCTGCGTGGATCGAG_001,103
GGAGGTCTGCGTGGATCGAG_002,32
GGAGGTCTGCGTGGATCGAG_003,171
GGAGGTCTGCGTGGATCGAG_004,65
GGAGGTCTGCGTGGATCGAG_005,172
GCCCCGCAACGACTCACCCG_001,181
TCCAGGAGAACAGTATCCAG_001,127
TCCAGGAGAACAGTATCCAG_002,160
TCCAGGAGAACAGTATCCAG_003,45
AGCAAAGGCGTAGATCAGGT_001,145
AGCAAAGGCGTAGATCAGGT_002,65
AGCAAAGGCGTAGATCAGGT_003,41
AGCAAAGGCGTAGATCAGGT_004,137
AGCAAAGGCGTAGATCAGGT_005,58
AGCAAAGGCGTAGATCAGGT_006,17
AGCAAAGGCGTAGATCAGGT_007,50
AGCAAAGGCGTAGATCAGGT_008,33
AGCAAAGGCGTAGATCAGGT_009,102
AGCAAAGGCGTAGATCAGGT_010,168
AGCAAAGGCGTAGATCAGGT_011,19
AGCAAAGGCGTAGATCAGGT_012,52
AGCAAAGGCGTAGATCAGGT_013,110
GTGCTTGTCGTTCAGGACGG_001,29
GTGCTTGTCGTTCAGGACGG_002,177
GTGCTTGTCGTTCAGGACGG_003,115
GTGCTTGTCGTTCAGGACGG_004,172
GTGCTTGTCGTTCAGGACGG_005,40
GTGCTTGTCGTTCAGGACGG_006,116
GTGCTTGTCGTTCAGGACGG_007,166
GTGCTTGTCGTTCAGGACGG_008,129
GTGCTTGTCGTTCAGGACGG_009,165
GTGCTTGTCGTTCAGGACGG_010,134
GTGCTTGTCGTTCAGGACGG_011,72
GTGCTTGTCGTTCAGGACGG_012,29
GTGCTTGTCGTTCAGGACGG_013,158
GTGCTTGTCGTTCAGGACGG_014,163
GTGCTTGTCGTTCAGGACGG_015,96
GTGCTTGTCGTTCAGGACGG_016,67
GTGCTTGTCGTTCAGGACGG_017,68
GTGCTTGTCGTTCAGGACGG_018,64
GTGCTTGTCGTTCAGGACGG_019,129
GGATTCTCATAGGCACAGAG_001,127
GGATTCTCATAGGCACAGAG_002,106
GGATTCTCATAGGCACAGAG_003,169
GGATTCTCATAGGCACAGAG_004,126
GGATTCTCATAGGCACAGAG_005,8
GGATTCTCATAGGCACAGAG_006,137
GGATTCTCATAGGCACAGAG_007,124
GGATTCTCATAGGCACAGAG_008,171
GGATTCTCATAGGCACAGAG_009,181
CAGCTGAGGGATATCTACGC_001,174
CAGCTGAGGGATATCTACGC_002,11
CAGCTGAGGGATATCTACGC_003,100
GGCACTCGCCACCAGCACGG_001,29
GGCACTCGCCACCAGCACGG_002,40
GGCACTCGCCACCAGCACGG_003,16
GGCACTCGCCACCAGCACGG_004,188
GGCACTCGCCACCAGCACGG_005,129
GGCACTCGCCACCAGCACGG_006,130
GGCACTCGCCACCAGCACGG_007,58
GGCACTCGCCACCAGCACGG_008,136
GGCACTCGCCACCAGCACGG_009,86
GGCACTCGCCACCAGCACGG_010,48
GGCACTCGCCACCAGCACGG_011,174
GGCACTCGCCACCAGCACGG_012,133
GGCACTCGCCACCAGCACGG_013,189
GGCACTCGCCACCAGCACGG_014,27
GGCACTCGCCACCAGCACGG_015,15
GGCACTCGCCACCAGCACGG_016,76
GGCACTCGCCACCAGCACGG_017,105
GGCACTCGCCACCAGCACGG_018,96
GGCACTCGCCACCAGCACGG_019,50
GGCACTCGCCACCAGCACGG_020,167
GGCACTCGCCACCAGCACGG_021,167
GGCACTCGCCACCAGCACGG_022,0
GGCACTCGCCACCAGCACGG_023,168
GGCACTCGCCACCAGCACGG_024,84
GGCACTCGCCACCAGCACGG_025,115
GGCACTCGCCACCAGCACGG_026,125
GGCACTCGCCACCAGCACGG_027,60
GGCACTCGCCACCAGCACGG_028,41
GGCACTCGCCACCAGCACGG_029,94
GGCACTCGCCACCAGCACGG_030,18
GGCACTCGCCACCAGCACGG_031,172
GGCACTCGCCACCAGCACGG_032,183
GGCACTCGCCACCAGCACGG_033,176
GGCACTCGCCACCAGCACGG_034,137
GGAAAAGAGCTGTGGCGGGA_001,183
GGAAAAGAGCTGTGGCGGGA_002,102
GGAAAAGAGCTGTGGCGGGA_003,194
GGAAAAGAGCTGTGGCGGGA_004,16
GGAAAAGAGCTGTGGCGGGA_005,3
GGAAAAGAGCTGTGGCGGGA_006,80
GGAAAAGAGCTGTGGCGGGA_007,119
GGAAAAGAGCTGTGGCGGGA_008,78
GGAAAAGAGCTGTGGCGGGA_009,149
GGAAAAGAGCTGTGGCGGGA_010,144
AAGTAAGTTCATGACTCACG_001,166
AAGTAAGTTCATGACTCACG_002,34
AAGTAAGTTCATGACTCACG_003,6
AAGTAAGTTCATGACTCACG_004,6
AAGTAAGTTCATGACTCACG_005,101
AAGTAAGTTCATGACTCACG_006,3
AAGTAAGTTCATGACTCACG_007,68
AATGCCTGACCCACACAGTG_001,199
AATGCCTGACCCACACAGTG_002,189
AATGCCTGACCCACACAGTG_003,154
AATGCCTGACCCACACAGTG_004,124
AAAGACCGAGCCCCTAACAG_001,84
AAAGACCGAGCCCCTAACAG_002,173
AAAGACCGAGCCCCTAACAG_003,78
AAAGACCGAGCCCCTAACAG_004,9
AAAGACCGAGCCCCTAACAG_005,35
AAAGACCGAGCCCCTAACAG_006,79
AAAGACCGAGCCCCTAACAG_007,116
GTACTTGTGGAAAATGACTG_001,15
GTACTTGTGGAAAATGACTG_002,171
GTACTTGTGGAAAATGACTG_003,181
GTACTTGTGGAAAATGACTG_004,181
GTACTTGTGGAAAATGACTG_005,194
GTACTTGTGGAAAATGACTG_006,169
GTACTTGTGGAAAATGACTG_007,24
GTACTTGTGGAAAATGACTG_008,31
GTACTTGTGGAAAATGACTG_009,13
GTACTTGTGGAAAATGACTG_010,177
CCAGACCATGGAACTCACGC_001,55
CCAGACCATGGAACTCACGC_002,49
CCAGACCATGGAACTCACGC_003,98
CCAGACCATGGAACTCACGC_004,144
CCAGACCATGGAACTCACGC_005,186
CCAGACCATGGAACTCACGC_006,77
CCAGACCATGGAACTCACGC_007,17
CTTACCTGTCCAATGATGAG_001,12
CTTACCTGTCCAATGATGAG_002,19
CTTACCTGTCCAATGATGAG_003,130
CTTACCTGTCCAATGATGAG_004,99
CTTACCTGTCCAATGATGAG_005,158
CTTACCTGTCCAATGATGAG_006,8
CTTACCTGTCCAATGATGAG_007,168
CTTACCTGTCCAATGATGAG_008,40
CTTACCTGTCCAATGATGAG_009,78
CCTACTGCCAGAGAACCCTG_001,72
CCTACTGCCAGAGAACCCTG_002,164
CCTACTGCCAGAGAACCCTG_003,178
CCTACTGCCAGAGAACCCTG_004,42
CCTACTGCCAGAGAACCCTG_005,5
CCTACTGCCAGAGAACCCTG_006,56
CCTACTGCCAGAGAACCCTG_007,56
CCTACTGCCAGAGAACCCTG_008,62
CCTACTGCCAGAGAACCCTG_009,159
CCTACTGCCAGAGAACCCTG_010,78
CCTACTGCCAGAGAACCCTG_011,58
CCTACTGCCAGAGAACCCTG_012,48
CCTACTGCCAGAGAACCCTG_013,119
CCTACTGCCAGAGAACCCTG_014,27
CCTACTGCCAGAGAACCCTG_015,161
CCTACTGCCAGAGAACCCTG_016,82
CCTACTGCCAGAGAACCCTG_017,0
CCTACTGCCAGAGAACCCTG_018,100
CCTACTGCCAGAGAACCCTG_019,102
CCTACTGCCAGAGAACCCTG_020,90
CCTACTGCCAGAGAACCCTG_021,83
CCTACTGCCAGAGAACCCTG_022,41
GTACATACGAGTATCAAATG_001,100
AGCGCAGAGTGACTGCGTCG_001,29
AGCGCAGAGTGACTGCGTCG_002,56
AGCGCAGAGTGACTGCGTCG_003,145
AGCGCAGAGTGACTGCGTCG_004,81
AGCGCAGAGTGACTGCGTCG_005,176
AGCGCAGAGTGACTGCGTCG_006,189
GCGCCGGAGAGGACCATGGC_001,49
GCGCCGGAGAGGACCATGGC_002,26
GCGCCGGAGAGGACCATGGC_003,76
GCGCCGGAGAGGACCATGGC_004,48
AAAAGATGCCAAGTGCGCTG_001,49
AAAAGATGCCAAGTGCGCTG_002,176
AAAAGATGCCAAGTGCGCTG_003,152
AAAAGATGCCAAGTGCGCTG_004,97
AAAAGATGCCAAGTGCGCTG_005,182
AAAAGATGCCAAGTGCGCTG_006,58
AAAAGATGCCAAGTGCGCTG_007,56
AAAAGATGCCAAGTGCGCTG_008,156
AAAAGATGCCAAGTGCGCTG_009,95
AAAAGATGCCAAGTGCGCTG_010,4
AAAAGATGCCAAGTGCGCTG_011,65
AAAAGATGCCAAGTGCGCTG_012,68
AAAAGATGCCAAGTGCGCTG_013,119
AAAAGATGCCAAGTGCGCTG_014,40
AAAAGATGCCAAGTGCGCTG_015,77
AAAAGATGCCAAGTGCGCTG_016,127
AAAAGATGCCAAGTGCGCTG_017,172
AAAAGATGCCAAGTGCGCTG_018,8
AAAAGATGCCAAGTGCGCTG_019,146
AAAAGATGCCAAGTGCGCTG_020,1
AAAAGATGCCAAGTGCGCTG_021,168
AAAAGATGCCAAGTGCGCTG_022,124
AAAAGATGCCAAGTGCGCTG_023,88
AAAAGATGCCAAGTGCGCTG_024,144
AAAAGATGCCAAGTGCGCTG_025,6
AAAAGATGCCAAGTGCGCTG_026,10
AAAAGATGCCAAGTGCGCTG_027,119
AAAAGATGCCAAGTGCGCTG_028,118
AAAAGATGCCAAGTGCGCTG_029,172
AAAAGATGCCAAGTGCGCTG_030,147
AGGTGCTAGTTCAACAACCA_001,3
AGGTGCTAGTTCAACAACCA_002,46
AGGTGCTAGTTCAACAACCA_003,41
AGGTGCTAGTTCAACAACCA_004,58
AGGTGCTAGTTCAACAACCA_005,185
AGGTGCTAGTTCAACAACCA_006,19
AGGTGCTAGTTCAACAACCA_007,80
AGGTGCTAGTTCAACAACCA_008,188
GCCGACGCGTTCATTGCAGC_001,42
GTGTCTTAGGCTGTGGTCCA_001,178
GTGTCTTAGGCTGTGGTCCA_002,170
GTGTCTTAGGCTGTGGTCCA_003,30
GTGTCTTAGGCTGTGGTCCA_004,115
GTGTCTTAGGCTGTGGTCCA_005,147
GTGTCTTAGGCTGTGGTCCA_006,75
GTGTCTTAGGCTGTGGTCCA_007,50
GTGTCTTAGGCTGTGGTCCA_008,178
GTGTCTTAGGCTGTGGTCCA_009,187
GTGTCTTAGGCTGTGGTCCA_010,178
GTGTCTTAGGCTGTGGTCCA_011,6
GTGTCTTAGGCTGTGGTCCA_012,188
GTGTCTTAGGCTGTGGTCCA_013,17
AATGGTTGTCAATAGCAAAG_001,2
AATGGTTGTCAATAGCAAAG_002,101
AATGGTTGTCAATAGCAAAG_003,55
AATGGTTGTCAATAGCAAAG_004,69
GGCACCTGCCAAGAAGACCT_001,29
GGCACCTGCCAAGAAGACCT_002,169
GGCACCTGCCAAGAAGACCT_003,28
GGCACCTGCCAAGAAGACCT_004,48
GGCACCTGCCAAGAAGACCT_005,77
GGCACCTGCCAAGAAGACCT_006,75
GGCACCTGCCAAGAAGACCT_007,8
GGCACCTGCCAAGAAGACCT_008,73
GGCACCTGCCAAGAAGACCT_009,114
GGCACCTGCCAAGAAGACCT_010,117
GGCACCTGCCAAGAAGACCT_011,108
GGCACCTGCCAAGAAGACCT_012,47
GGCACCTGCCAAGAAGACCT_013,81
GGCACCTGCCAAGAAGACCT_014,28
GGCACCTGCCAAGAAGACCT_015,165
GGCACCTGCCAAGAAGACCT_016,88
AGCCAAAATTCAAGACAAGG_001,157
AGCCAAAATTCAAGACAAGG_002,146
AGCCAAAATTCAAGACAAGG_003,199
AGCCAAAATTCAAGACAAGG_004,78
AGCCAAAATTCAAGACAAGG_005,148
CGTTAAACCATTCAGGATGG_001,37
CGTTAAACCATTCAGGATGG_002,88
CGTTAAACCATTCAGGATGG_003,118
CGTTAAACCATTCAGGATGG_004,19
CGTTAAACCATTCAGGATGG_005,3
CGTTAAACCATTCAGGATGG_006,19
CGTTAAACCATTCAGGATGG_007,157
CGTTAAACCATTCAGGATGG_008,98
CGTTAAACCATTCAGGATGG_009,190
CGTTAAACCATTCAGGATGG_010,115
CGTTAAACCATTCAGGATGG_011,147
TTCGCGCTCGGCCTGTCGGG_001,73
TTCGCGCTCGGCCTGTCGGG_002,190
TTCGCGCTCGGCCTGTCGGG_003,126
TTCGCGCTCGGCCTGTCGGG_004,188
TTCGCGCTCGGCCTGTCGGG_005,9
TTCGCGCTCGGCCTGTCGGG_006,95
TTCGCGCTCGGCCTGTCGGG_007,137
TTCGCGCTCGGCCTGTCGGG_008,44
GCGTGGAGGTCTTCTACACG_001,92
GCGTGGAGGTCTTCTACACG_002,150
GCGTGGAGGTCTTCTACACG_003,48
GTGGAGACTTCCATCCAAGG_001,158
GTGGAGACTTCCATCCAAGG_002,137
GTGGAGACTTCCATCCAAGG_003,9
GTGGAGACTTCCATCCAAGG_004,102
GTGGAGACTTCCATCCAAGG_005,32
GTGGAGACTTCCATCCAAGG_006,190
GTGGAGACTTCCATCCAAGG_007,9
GTGGAGACTTCCATCCAAGG_008,34
GTGGAGACTTCCATCCAAGG_009,5
GTGGAGACTTCCATCCAAGG_010,162
GTGGAGACTTCCATCCAAGG_011,138
GTGGAGACTTCCATCCAAGG_012,159
GTGGAGACTTCCATCCAAGG_013,26
GTGGAGACTTCCATCCAAGG_014,168
AGAGGGGGTATACCTGCATG_001,165
AGAGGGGGTATACCTGCATG_002,130
AGAGGGGGTATACCTGCATG_003,158
AGAGGGGGTATACCTGCATG_004,148
AGAGGGGGTATACCTGCATG_005,169
AGAGGGGGTATACCTGCATG_006,1
AGAGGGGGTATACCTGCATG_007,3
ATGCTCGATCCCACAGTCGG_001,43
ATGCTCGATCCCACAGTCGG_002,119
ATGCTCGATCCCACAGTCGG_003,145
ATGCTCGATCCCACAGTCGG_004,134
ATGCTCGATCCCACAGTCGG_005,9
ATGCTCGATCCCACAGTCGG_006,169
ATGCTCGATCCCACAGTCGG_007,198
ATGCTCGATCCCACAGTCGG_008,51
ATGCTCGATCCCACAGTCGG_009,1
ATGCTCGATCCCACAGTCGG_010,191
ATGCTCGATCCCACAGTCGG_011,3
ATGCTCGATCCCACAGTCGG_012,126
ATGCTCGATCCCACAGTCGG_013,54
ATGCTCGATCCCACAGTCGG_014,144
ATGCTCGATCCCACAGTCGG_015,111
ATGCTCGATCCCACAGTCGG_016,148
ATGCTCGATCCCACAGTCGG_017,54
ATGCTCGATCCCACAGTCGG_018,50
ATGCTCGATCCCACAGTCGG_019,160
ATGCTCGATCCCACAGTCGG_020,19
ATGCTCGATCCCACAGTCGG_021,91
ATGCTCGATCCCACAGTCGG_022,142
ATGCTCGATCCCACAGTCGG_023,76
ATGCTCGATCCCACAGTCGG_024,2
ATGCTCGATCCCACAGTCGG_025,41
ATGCTCGATCCCACAGTCGG_026,103
ATGCTCGATCCCACAGTCGG_027,118
ATGCTCGATCCCACAGTCGG_028,129
ATGCTCGATCCCACAGTCGG_029,196
TACACGAAGAAGTAGCCCTA_001,95
TACACGAAGAAGTAGCCCTA_002,171
TACACGAAGAAGTAGCCCTA_003,175
TACACGAAGAAGTAGCCCTA_004,134
TACACGAAGAAGTAGCCCTA_005,8
TACACGAAGAAGTAGCCCTA_006,189
TACACGAAGAAGTAGCCCTA_007,29
TACACGAAGAAGTAGCCCTA_008,48
TACACGAAGAAGTAGCCCTA_009,152
TACACGAAGAAGTAGCCCTA_010,63
TTCCTTGAAGAAATACAGCT_001,197
TTCCTTGAAGAAATACAGCT_002,186
TTCCTTGAAGAAATACAGCT_003,84
TTCCTTGAAGAAATACAGCT_004,33
TTCCTTGAAGAAATACAGCT_005,152
TGATTGATTAGGGTCCACCG_001,0
TGATTGATTAGGGTCCACCG_002,84
TGATTGATTAGGGTCCACCG_003,145
TGATTGATTAGGGTCCACCG_004,88
TGATTGATTAGGGTCCACCG_005,183
TGATTGATTAGGGTCCACCG_006,32
TGATTGATTAGGGTCCACCG_007,102
TGATTGATTAGGGTCCACCG_008,15
TGATTGATTAGGGTCCACCG_009,62
TGATTGATTAGGGTCCACCG_010,89
TGATTGATTAGGGTCCACCG_011,38
TGATTGATTAGGGTCCACCG_012,153
TGATTGATTAGGGTCCACCG_013,159
TGATTGATTAGGGTCCACCG_014,157
TGATTGATTAGGGTCCACCG_015,27
TGATTGATTAGGGTCCACCG_016,47
TGATTGATTAGGGTCCACCG_017,108
TGATTGATTAGGGTCCACCG_018,79
TGATTGATTAGGGTCCACCG_019,184
TGATTGATTAGGGTCCACCG_020,199
GGGGAGTCAGTTCAACGTCG_001,165
AATCCTGTCGCTTAATCCGC_001,156
AATCCTGTCGCTTAATCCGC_002,172
AATCCTGTCGCTTAATCCGC_003,116
AATGTCGGCGACTACAGGTA_001,65
AATGTCGGCGACTACAGGTA_002,82
AATGTCGGCGACTACAGGTA_003,69
AATGTCGGCGACTACAGGTA_004,164
AATGTCGGCGACTACAGGTA_005,64
AATGTCGGCGACTACAGGTA_006,43
AATGTCGGCGACTACAGGTA_007,160
AATGTCGGCGACTACAGGTA_008,16
AATGTCGGCGACTACAGGTA_009,145
AATGTCGGCGACTACAGGTA_010,58
AATGTCGGCGACTACAGGTA_011,115
AATGTCGGCGACTACAGGTA_012,29
AATGTCGGCGACTACAGGTA_013,148
AATGTCGGCGACTACAGGTA_014,104
AATGTCGGCGACTACAGGTA_015,88
AATGTCGGCGACTACAGGTA_016,21
AATGTCGGCGACTACAGGTA_017,92
AATGTCGGCGACTACAGGTA_018,72
CCTGGTATACCACTAGCCCC_001,184
AGAATGAGATTGCCAATAGC_001,76
AGAATGAGATTGCCAATAGC_002,60
TCATACTGGTGAGAACCCTC_001,56
TCATACTGGTGAGAACCCTC_002,191
TCATACTGGTGAGAACCCTC_003,29
AAAGGGTATCTTACCCCCCA_001,82
AAAGGGTATCTTACCCCCCA_002,7
AAAGGGTATCTTACCCCCCA_003,7
AATAAGGGTACCCTTCTGGG_001,114
AATAAGGGTACCCTTCTGGG_002,74
AATAAGGGTACCCTTCTGGG_003,48
AATAAGGGTACCCTTCTGGG_004,182
AATAAGGGTACCCTTCTGGG_005,75
CTATGTTTATGACATACCTG_001,117
CTATGTTTATGACATACCTG_002,48
CTATGTTTATGACATACCTG_003,112
CTATGTTTATGACATACCTG_004,112
CTATGTTTATGACATACCTG_005,117
CTATGTTTATGACATACCTG_006,163
CTATGTTTATGACATACCTG_007,95
CTATGTTTATGACATACCTG_008,97
CTATGTTTATGACATACCTG_009,150
CTATGTTTATGACATACCTG_010,3
CTATGTTTATGACATACCTG_011,85
CTATGTTTATGACATACCTG_012,60
CAGGTCTGACAGAGGCGCAC_001,116
CAGGTCTGACAGAGGCGCAC_002,138
CAGGTCTGACAGAGGCGCAC_003,65
CAGGTCTGACAGAGGCGCAC_004,177
CAGGTCTGACAGAGGCGCAC_005,5
CAGGTCTGACAGAGGCGCAC_006,152
CAGGTCTGACAGAGGCGCAC_007,153
CAGGTCTGACAGAGGCGCAC_008,198
CAGGTCTGACAGAGGCGCAC_009,155
CAGGTCTGACAGAGGCGCAC_010,104
CAGGTCTGACAGAGGCGCAC_011,145
CAGGTCTGACAGAGGCGCAC_012,81
CAGGTCTGACAGAGGCGCAC_013,151
CAGGTCTGACAGAGGCGCAC_014,117
CAGGTCTGACAGAGGCGCAC_015,104
CAGGTCTGACAGAGGCGCAC_016,26
CAGGTCTGACAGAGGCGCAC_017,25
CAGGTCTGACAGAGGCGCAC_018,156
CAGGTCTGACAGAGGCGCAC_019,172
CAGGTCTGACAGAGGCGCAC_020,77
CAGGTCTGACAGAGGCGCAC_021,169
CAGGTCTGACAGAGGCGCAC_022,107
CAGGTCTGACAGAGGCGCAC_023,2
CAGGTCTGACAGAGGCGCAC_024,101
CAGGTCTGACAGAGGCGCAC_025,69
CAGGTCTGACAGAGGCGCAC_026,198
CAGGTCTGACAGAGGCGCAC_027,162
CAGGTCTGACAGAGGCGCAC_028,105
CAGGTCTGACAGAGGCGCAC_029,189
TGGCCACCCAGACTGACCAG_001,52
TGGCCACCCAGACTGACCAG_002,53
TGGCCACCCAGACTGACCAG_003,152
TGGCCACCCAGACTGACCAG_004,34
TGGCCACCCAGACTGACCAG_005,70
TGGCCACCCAGACTGACCAG_006,117
TGGCCACCCAGACTGACCAG_007,120
TGGCCACCCAGACTGACCAG_008,179
TGGCCACCCAGACTGACCAG_009,78
TGGCCACCCAGACTGACCAG_010,16
TGGCCACCCAGACTGACCAG_011,168
TGGCCACCCAGACTGACCAG_012,88
TGGCCACCCAGACTGACCAG_013,125
TGGCCACCCAGACTGACCAG_014,112
TGGCCACCCAGACTGACCAG_015,112
TGGCCACCCAGACTGACCAG_016,13
TGGCCACCCAGACTGACCAG_017,25
TGGCCACCCAGACTGACCAG_018,29
TGGCCACCCAGACTGACCAG_019,35
TGGCCACCCAGACTGACCAG_020,126
TGGCCACCCAGACTGACCAG_021,93
TGGCCACCCAGACTGACCAG_022,9
TGGCCACCCAGACTGACCAG_023,89
TGGCCACCCAGACTGACCAG_024,90
TGGCCACCCAGACTGACCAG_025,38
TGGCCACCCAGACTGACCAG_026,126
TGGCCACCCAGACTGACCAG_027,165
TGGCCACCCAGACTGACCAG_028,184
TGGCCACCCAGACTGACCAG_029,152
TGGCCACCCAGACTGACCAG_030,188
TGGCCACCCAGACTGACCAG_031,140
TGGCCACCCAGACTGACCAG_032,65
ACCCATCATGCACGCTGTGT_001,102
ACCCATCATGCACGCTGTGT_002,92
ACCCATCATGCACGCTGTGT_003,132
ACCCATCATGCACGCTGTGT_004,162
ACCCATCATGCACGCTGTGT_005,159
ACCCATCATGCACGCTGTGT_006,169
ACCCATCATGCACGCTGTGT_007,72
ACCCATCATGCACGCTGTGT_008,72
ACCCATCATGCACGCTGTGT_009,93
CCGGTCGAACTCGTTGCGAG_001,130
CCGGTCGAACTCGTTGCGAG_002,96
CCGGTCGAACTCGTTGCGAG_003,189
CCGGTCGAACTCGTTGCGAG_004,29
CCGGTCGAACTCGTTGCGAG_005,91
CCGGTCGAACTCGTTGCGAG_006,63
CCGGTCGAACTCGTTGCGAG_007,175
CCGGTCGAACTCGTTGCGAG_008,126
CCGGTCGAACTCGTTGCGAG_009,30
CCGGTCGAACTCGTTGCGAG_010,49
TGGGAAGCAGCAGCAACTGG_001,114
TGGGAAGCAGCAGCAACTGG_002,154
TGGGAAGCAGCAGCAACTGG_003,29
TGGGAAGCAGCAGCAACTGG_004,127
TGGGAAGCAGCAGCAACTGG_005,149
TGGGAAGCAGCAGCAACTGG_006,186
TGGGAAGCAGCAGCAACTGG_007,29
TGGGAAGCAGCAGCAACTGG_008,103
TGGGAAGCAGCAGCAACTGG_009,103
CGACCCGGAGGATGAGATGT_001,104
CGACCCGGAGGATGAGATGT_002,148
CGACCCGGAGGATGAGATGT_003,171
CGACCCGGAGGATGAGATGT_004,93
CGACCCGGAGGATGAGATGT_005,33
CGACCCGGAGGATGAGATGT_006,14
CGACCCGGAGGATGAGATGT_007,153
CGACCCGGAGGATGAGATGT_008,116
CGACCCGGAGGATGAGATGT_009,12
CGACCCGGAGGATGAGATGT_010,76
CGACCCGGAGGATGAGATGT_011,48
CGACCCGGAGGATGAGATGT_012,123
CGACCCGGAGGATGAGATGT_013,133
CGACCCGGAGGATGAGATGT_014,84
CGACCCGGAGGATGAGATGT_015,194
CGACCCGGAGGATGAGATGT_016,127
CGACCCGGAGGATGAGATGT_017,144
CGACCCGGAGGATGAGATGT_018,117
CGACCCGGAGGATGAGATGT_019,99
AGGAGTCTATGCTTACGGAC_001,48
AGGAGTCTATGCTTACGGAC_002,171
AGGAGTCTATGCTTACGGAC_003,181
AGGAGTCTATGCTTACGGAC_004,56
AGGAGTCTATGCTTACGGAC_005,137
AGGAGTCTATGCTTACGGAC_006,144
AGGAGTCTATGCTTACGGAC_007,81
AGGAGTCTATGCTTACGGAC_008,48
AGGAGTCTATGCTTACGGAC_009,146
AGGAGTCTATGCTTACGGAC_010,68
AGGAGTCTATGCTTACGGAC_011,176
AGGAGTCTATGCTTACGGAC_012,69
AGGAGTCTATGCTTACGGAC_013,12
AGGAGTCTATGCTTACGGAC_014,115
AGGAGTCTATGCTTACGGAC_015,32
AGGAGTCTATGCTTACGGAC_016,65
AGGAGTCTATGCTTACGGAC_017,61
AGGAGTCTATGCTTACGGAC_018,184
AGGAGTCTATGCTTACGGAC_019,83
AGGAGTCTATGCTTACGGAC_020,63
AGGAGTCTATGCTTACGGAC_021,78
AGGAGTCTATGCTTACGGAC_022,50
AGGAGTCTATGCTTACGGAC_023,168
AGGAGTCTATGCTTACGGAC_024,90
TGTGGCTCATGAGAGTAACT_001,160
TGTGGCTCATGAGAGTAACT_002,29
TGTGGCTCATGAGAGTAACT_003,1
TGTGGCTCATGAGAGTAACT_004,50
TGTGGCTCATGAGAGTAACT_005,55
TGTGGCTCATGAGAGTAACT_006,78
TGTGGCTCATGAGAGTAACT_007,77
CTGGATGAAACTTCGCCGAG_001,0
CTGGATGAAACTTCGCCGAG_002,97
CTGGATGAAACTTCGCCGAG_003,83
CTGGATGAAACTTCGCCGAG_004,150
CTGGATGAAACTTCGCCGAG_005,171
CTGGATGAAACTTCGCCGAG_006,46
CTGGATGAAACTTCGCCGAG_007,5
CTGGATGAAACTTCGCCGAG_008,151
CTGGATGAAACTTCGCCGAG_009,112
CTGGATGAAACTTCGCCGAG_010,174
CTGGATGAAACTTCGCCGAG_011,176
CTGGATGAAACTTCGCCGAG_012,41
CTGGATGAAACTTCGCCGAG_013,8
CTGGATGAAACTTCGCCGAG_014,76
CTGGATGAAACTTCGCCGAG_015,145
CTGGATGAAACTTCGCCGAG_016,113
CTGGATGAAACTTCGCCGAG_017,37
CAGTCACTCACCGTACAACG_001,134
CAGTCACTCACCGTACAACG_002,63
CATTCTAGATATGGGAAGGT_001,172
CATTCTAGATATGGGAAGGT_002,185
CATTCTAGATATGGGAAGGT_003,27
CATTCTAGATATGGGAAGGT_004,28
CATTCTAGATATGGGAAGGT_005,48
GAAAATTGAACCAAGCACCG_001,149
GAAAATTGAACCAAGCACCG_002,149
GAAAATTGAACCAAGCACCG_003,121
GAAAATTGAACCAAGCACCG_004,184
GAAAATTGAACCAAGCACCG_005,28
GAAAATTGAACCAAGCACCG_006,78
GAAAATTGAACCAAGCACCG_007,86
GAAAATTGAACCAAGCACCG_008,29
GAAAATTGAACCAAGCACCG_009,103
GAAAATTGAACCAAGCACCG_010,193
AGCGCGGGTCCCAGTCCGTG_001,19
AGCGCGGGTCCCAGTCCGTG_002,61
AGCGCGGGTCCCAGTCCGTG_003,72
AGCGCGGGTCCCAGTCCGTG_004,137
AGCGCGGGTCCCAGTCCGTG_005,183
AGCGCGGGTCCCAGTCCGTG_006,38
AGCGCGGGTCCCAGTCCGTG_007,160
AGCGCGGGTCCCAGTCCGTG_008,123
AGCGCGGGTCCCAGTCCGTG_009,191
AGCGCGGGTCCCAGTCCGTG_010,82
AGCGCGGGTCCCAGTCCGTG_011,17
AGCGCGGGTCCCAGTCCGTG_012,11
AGCGCGGGTCCCAGTCCGTG_013,112
AGCGCGGGTCCCAGTCCGTG_014,52
AGCGCGGGTCCCAGTCCGTG_015,74
AGCGCGGGTCCCAGTCCGTG_016,165
AGCGCGGGTCCCAGTCCGTG_017,172
CAAAAAAGCTCGTTTGGAGT_001,148
AGCTGTTGTACGGCGCACAA_001,105
AGCTGTTGTACGGCGCACAA_002,17
AGCTGTTGTACGGCGCACAA_003,118
AGCTGTTGTACGGCGCACAA_004,127
AGCTGTTGTACGGCGCACAA_005,120
AGCTGTTGTACGGCGCACAA_006,175
AGCTGTTGTACGGCGCACAA_007,158
GAACTCACCATAGACGAACA_001,19
GAACTCACCATAGACGAACA_002,96
GAACTCACCATAGACGAACA_003,146
GAACTCACCATAGACGAACA_004,83
GAACTCACCATAGACGAACA_005,68
GAACTCACCATAGACGAACA_006,152
GAACTCACCATAGACGAACA_007,72
GAACTCACCATAGACGAACA_008,38
GAACTCACCATAGACGAACA_009,88
GAACTCACCATAGACGAACA_010,128
GAACTCACCATAGACGAACA_011,41
GAACTCACCATAGACGAACA_012,185
GAACTCACCATAGACGAACA_013,148
GAACTCACCATAGACGAACA_014,96
TGGCTTCTCAGCTTTAAAAG_001,191
TGGCTTCTCAGCTTTAAAAG_002,48
TGGCTTCTCAGCTTTAAAAG_003,67
TGGCTTCTCAGCTTTAAAAG_004,185
TGGCTTCTCAGCTTTAAAAG_005,56
TGGCTTCTCAGCTTTAAAAG_006,50
TGGCTTCTCAGCTTTAAAAG_007,76
TGGCTTCTCAGCTTTAAAAG_008,63
TGGCTTCTCAGCTTTAAAAG_009,184
GCAACAGACAAACAGGCCGT_001,70
GCAACAGACAAACAGGCCGT_002,46
GCAACAGACAAACAGGCCGT_003,70
GCAACAGACAAACAGGCCGT_004,102
GCAACAGACAAACAGGCCGT_005,147
GCAACAGACAAACAGGCCGT_006,175
GCAACAGACAAACAGGCCGT_007,174
GCAACAGACAAACAGGCCGT_008,56
GCAACAGACAAACAGGCCGT_009,18
GCAACAGACAAACAGGCCGT_010,172
GATGCTGGAGGGACAAACGC_001,127
GATGCTGGAGGGACAAACGC_002,106
GATGCTGGAGGGACAAACGC_003,8
GATGCTGGAGGGACAAACGC_004,96
GATGCTGGAGGGACAAACGC_005,162
GATGCTGGAGGGACAAACGC_006,10
TTTATCCAGATGTATAGCCA_001,181
CAAAAGACAAATAATTGTAG_001,161
CAAAAGACAAATAATTGTAG_002,56
TGCTGCTTCAAAAGTCATGG_001,113
TGCTGCTTCAAAAGTCATGG_002,197
TGCTGCTTCAAAAGTCATGG_003,22
TGCTGCTTCAAAAGTCATGG_004,27
TGCTGCTTCAAAAGTCATGG_005,167
TGCTGCTTCAAAAGTCATGG_006,102
TGCTGCTTCAAAAGTCATGG_007,177
TGCTGCTTCAAAAGTCATGG_008,35
TGCTGCTTCAAAAGTCATGG_009,38
TGCTGCTTCAAAAGTCATGG_010,127
TGCTGCTTCAAAAGTCATGG_011,161
TGCTGCTTCAAAAGTCATGG_012,98
TGCTGCTTCAAAAGTCATGG_013,84
TGCTGCTTCAAAAGTCATGG_014,142
TGCTGCTTCAAAAGTCATGG_015,88
TGCTGCTTCAAAAGTCATGG_016,88
TGCTGCTTCAAAAGTCATGG_017,177
TGCTGCTTCAAAAGTCATGG_018,88
TGCTGCTTCAAAAGTCATGG_019,0
TGCTGCTTCAAAAGTCATGG_020,170
TCATGCGGCCATGCGACACG_001,116
TCATGCGGCCATGCGACACG_002,48
TCATGCGGCCATGCGACACG_003,118
TCATGCGGCCATGCGACACG_004,9
TCATGCGGCCATGCGACACG_005,88
TCATGCGGCCATGCGACACG_006,113
TCATGCGGCCATGCGACACG_007,172
TCATGCGGCCATGCGACACG_008,9
TCATGCGGCCATGCGACACG_009,133
TCATGCGGCCATGCGACACG_010,85
TCATGCGGCCATGCGACACG_011,3
TCATGCGGCCATGCGACACG_012,127
TCATGCGGCCATGCGACACG_013,118
AGCCGTAATGACAAAACCAA_001,160
AGCCGTAATGACAAAACCAA_002,71
AACAGGTTTGGAGTCAACAG_001,165
AACAGGTTTGGAGTCAACAG_002,108
AACAGGTTTGGAGTCAACAG_003,108
AACAGGTTTGGAGTCAACAG_004,76
AACAGGTTTGGAGTCAACAG_005,162
AACAGGTTTGGAGTCAACAG_006,103
AACAGGTTTGGAGTCAACAG_007,98
AACAGGTTTGGAGTCAACAG_008,16
AACAGGTTTGGAGTCAACAG_009,162
AACAGGTTTGGAGTCAACAG_010,107
AACAGGTTTGGAGTCAACAG_011,199
AACAGGTTTGGAGTCAACAG_012,107
AACAGGTTTGGAGTCAACAG_013,28
AACAGGTTTGGAGTCAACAG_014,127
AATCCTGATTAGTCGGAACG_001,29
AATCCTGATTAGTCGGAACG_002,32
AATCCTGATTAGTCGGAACG_003,78
AATCCTGATTAGTCGGAACG_004,113
AATCCTGATTAGTCGGAACG_005,196
AATCCTGATTAGTCGGAACG_006,181
AATCCTGATTAGTCGGAACG_007,110
AATCCTGATTAGTCGGAACG_008,114
AATCCTGATTAGTCGGAACG_009,99
AATCCTGATTAGTCGGAACG_010,124
AATCCTGATTAGTCGGAACG_011,57
AATCCTGATTAGTCGGAACG_012,0
ACCACAAGCATAGTCAGTCA_001,50
ACCACAAGCATAGTCAGTCA_002,80
ACCACAAGCATAGTCAGTCA_003,149
ACCACAAGCATAGTCAGTCA_004,49
ACCACAAGCATAGTCAGTCA_005,8
ACCACAAGCATAGTCAGTCA_006,121
TAAATGCATTGAGAATCTGG_001,51
TAAATGCATTGAGAATCTGG_002,41
TAAATGCATTGAGAATCTGG_003,162
TTCTATCTAAGAAGCACTGT_001,154
TTCTATCTAAGAAGCACTGT_002,185
TTCTATCTAAGAAGCACTGT_003,162
GCAGAAGCCGATCTACGCCA_001,7
GCAGAAGCCGATCTACGCCA_002,167
GTTTATGAAGAGAATAGTAG_001,147
GTTTATGAAGAGAATAGTAG_002,128
GTTTATGAAGAGAATAGTAG_003,50
GTTTATGAAGAGAATAGTAG_004,16
GTTTATGAAGAGAATAGTAG_005,147
GTTTATGAAGAGAATAGTAG_006,65
GTTTATGAAGAGAATAGTAG_007,108
CCGGAGTCAGACCTTCAATG_001,127
CCGGAGTCAGACCTTCAATG_002,50
CCGGAGTCAGACCTTCAATG_003,145
CCGGAGTCAGACCTTCAATG_004,16
CCGGAGTCAGACCTTCAATG_005,157
CCGGAGTCAGACCTTCAATG_006,118
CCGGAGTCAGACCTTCAATG_007,49
CCGGAGTCAGACCTTCAATG_008,113
CCGGAGTCAGACCTTCAATG_009,9
CCGGAGTCAGACCTTCAATG_010,173
CCGGAGTCAGACCTTCAATG_011,187
ACTACCGCCTGAAAGATGCG_001,169
ACTACCGCCTGAAAGATGCG_002,199
ACTACCGCCTGAAAGATGCG_003,57
CAAGCTTTGATGTTACTGCA_001,176
CAAGCTTTGATGTTACTGCA_002,40
CAAGCTTTGATGTTACTGCA_003,173
TCTCACCAGCACCTGAACGG_001,106
TCTCACCAGCACCTGAACGG_002,66
AGGCGGCAAACTTCACATGA_001,158
AGGCGGCAAACTTCACATGA_002,11
AGGCGGCAAACTTCACATGA_003,75
AGGCGGCAAACTTCACATGA_004,88
AGGCGGCAAACTTCACATGA_005,150
AGGCGGCAAACTTCACATGA_006,47
AGGCGGCAAACTTCACATGA_007,91
AGGCGGCAAACTTCACATGA_008,66
AGGCGGCAAACTTCACATGA_009,98
AGGCGGCAAACTTCACATGA_010,140
AGGCGGCAAACTTCACATGA_011,58
AGGCGGCAAACTTCACATGA_012,127
AGGCGGCAAACTTCACATGA_013,38
AGGCGGCAAACTTCACATGA_014,124
AGGCGGCAAACTTCACATGA_015,8
AGGCGGCAAACTTCACATGA_016,190
AGGCGGCAAACTTCACATGA_017,153
AGAAAAGCACAGTTCCAGTG_001,15
AGAAAAGCACAGTTCCAGTG_002,178
AGAAAAGCACAGTTCCAGTG_003,4
AGAAAAGCACAGTTCCAGTG_004,44
AGAAAAGCACAGTTCCAGTG_005,162
AGAAAAGCACAGTTCCAGTG_006,150
AGAAAAGCACAGTTCCAGTG_007,94
AGAAAAGCACAGTTCCAGTG_008,138
AGAAAAGCACAGTTCCAGTG_009,28
AGAAAAGCACAGTTCCAGTG_010,19
AGAAAAGCACAGTTCCAGTG_011,155
GGATGAATGTAAGTTGCACA_001,147
GAAACGCGATTGCCCAGATG_001,104
GAAACGCGATTGCCCAGATG_002,130
GAAACGCGATTGCCCAGATG_003,33
GAAACGCGATTGCCCAGATG_004,152
GAAACGCGATTGCCCAGATG_005,56
GAAACGCGATTGCCCAGATG_006,127
CTTCACCTGTCCGCTCACTG_001,115
CTTCACCTGTCCGCTCACTG_002,94
CTTCACCTGTCCGCTCACTG_003,78
CTTCACCTGTCCGCTCACTG_004,170
CTTCACCTGTCCGCTCACTG_005,45
CTTCACCTGTCCGCTCACTG_006,4
CTTCACCTGTCCGCTCACTG_007,159
CTTCACCTGTCCGCTCACTG_008,137
CTTCACCTGTCCGCTCACTG_009,166
CTTCACCTGTCCGCTCACTG_010,114
CTTCACCTGTCCGCTCACTG_011,78
CTTCACCTGTCCGCTCACTG_012,92
CTTCACCTGTCCGCTCACTG_013,25
CTTCACCTGTCCGCTCACTG_014,174
CTTCACCTGTCCGCTCACTG_015,183
CTTCACCTGTCCGCTCACTG_016,67
CTTCACCTGTCCGCTCACTG_017,84
CTTCACCTGTCCGCTCACTG_018,103
CTTCACCTGTCCGCTCACTG_019,184
CTTCACCTGTCCGCTCACTG_020,58
CTTCACCTGTCCGCTCACTG_021,113
CTTCACCTGTCCGCTCACTG_022,145
CTTCACCTGTCCGCTCACTG_023,27
CTTCACCTGTCCGCTCACTG_024,191
CTTCACCTGTCCGCTCACTG_025,185
CTTCACCTGTCCGCTCACTG_026,17
CTTCACCTGTCCGCTCACTG_027,63
CTTCACCTGTCCGCTCACTG_028,149
CTTCACCTGTCCGCTCACTG_029,28
CTTCACCTGTCCGCTCACTG_030,171
CTTCACCTGTCCGCTCACTG_031,88
CTTCACCTGTCCGCTCACTG_032,19
CTTCACCTGTCCGCTCACTG_033,101
CTTCACCTGTCCGCTCACTG_034,8
CTTCACCTGTCCGCTCACTG_035,184
CTTCACCTGTCCGCTCACTG_036,198
CTTCACCTGTCCGCTCACTG_037,50
CTTCACCTGTCCGCTCACTG_038,16
CTTCACCTGTCCGCTCACTG_039,161
CTTCACCTGTCCGCTCACTG_040,170
CTTCACCTGTCCGCTCACTG_041,2
CTTCACCTGTCCGCTCACTG_042,191
CTTCACCTGTCCGCTCACTG_043,84
CTTCACCTGTCCGCTCACTG_044,190
CTTCACCTGTCCGCTCACTG_045,178
CTTCACCTGTCCGCTCACTG_046,6
CTTCACCTGTCCGCTCACTG_047,113
CTTCACCTGTCCGCTCACTG_048,38
CTTCACCTGTCCGCTCACTG_049,88
CTTCACCTGTCCGCTCACTG_050,40
CTTCACCTGTCCGCTCACTG_051,77
CTTCACCTGTCCGCTCACTG_052,14
CTTCACCTGTCCGCTCACTG_053,105
CTTCACCTGTCCGCTCACTG_054,105
CTTCACCTGTCCGCTCACTG_055,118
AAGAAGACTACCTCAGCTTG_001,20
AAGAAGACTACCTCAGCTTG_002,150
AAGAAGACTACCTCAGCTTG_003,149
AAGAAGACTACCTCAGCTTG_004,127
AAGAAGACTACCTCAGCTTG_005,159
AAGAAGACTACCTCAGCTTG_006,162
AAGAAGACTACCTCAGCTTG_007,120
AAGAAGACTACCTCAGCTTG_008,168
CCATACAGAAAACAAGCATG_001,144
CCATACAGAAAACAAGCATG_002,45
CCATACAGAAAACAAGCATG_003,5
CCATACAGAAAACAAGCATG_004,49
CCATACAGAAAACAAGCATG_005,40
CCATACAGAAAACAAGCATG_006,1
CCATACAGAAAACAAGCATG_007,107
CCATACAGAAAACAAGCATG_008,157
CCATACAGAAAACAAGCATG_009,145
CCATACAGAAAACAAGCATG_010,155
CCATACAGAAAACAAGCATG_011,23
CCATACAGAAAACAAGCATG_012,168
CCATACAGAAAACAAGCATG_013,43
GAGTGCTGAAAAAAATCCGC_001,136
GAGTGCTGAAAAAAATCCGC_002,158
GAGTGCTGAAAAAAATCCGC_003,137
GAGTGCTGAAAAAAATCCGC_004,9
GAGTGCTGAAAAAAATCCGC_005,184
GAGTGCTGAAAAAAATCCGC_006,58
GAGTGCTGAAAAAAATCCGC_007,112
GAGTGCTGAAAAAAATCCGC_008,6
AGAATGCCCAGGCAGAAATG_001,42
AGAATGCCCAGGCAGAAATG_002,0
AGAATGCCCAGGCAGAAATG_003,0
AGAATGCCCAGGCAGAAATG_004,115
AGAATGCCCAGGCAGAAATG_005,130
AGAATGCCCAGGCAGAAATG_006,183
AGAATGCCCAGGCAGAAATG_007,159
AGAATGCCCAGGCAGAAATG_008,130
AGAATGCCCAGGCAGAAATG_009,3
AGAATGCCCAGGCAGAAATG_010,115
AGAATGCCCAGGCAGAAATG_011,35
AGAATGCCCAGGCAGAAATG_012,33
AGAATGCCCAGGCAGAAATG_013,61
AGAATGCCCAGGCAGAAATG_014,79
AGAATGCCCAGGCAGAAATG_015,19
AGAATGCCCAGGCAGAAATG_016,50
AATGACTATAGAATGCACGG_001,130
AATGACTATAGAATGCACGG_002,6
AATGACTATAGAATGCACGG_003,17
CGTAGTGGGACGAATCACAG_001,81
CGTAGTGGGACGAATCACAG_002,68
CGTAGTGGGACGAATCACAG_003,145
CGTAGTGGGACGAATCACAG_004,58
CGTAGTGGGACGAATCACAG_005,118
CGTAGTGGGACGAATCACAG_006,103
CGTAGTGGGACGAATCACAG_007,158
CGTAGTGGGACGAATCACAG_008,9
CGTAGTGGGACGAATCACAG_009,34
CGTAGTGGGACGAATCACAG_010,56
CGTAGTGGGACGAATCACAG_011,106
CACCTTCATGAGAAAACCCG_001,15
CACCTTCATGAGAAAACCCG_002,140
CACCTTCATGAGAAAACCCG_003,68
CACCTTCATGAGAAAACCCG_004,137
CACCTTCATGAGAAAACCCG_005,198
CCGATGCCGACAGTGCAGCG_001,89
CCGATGCCGACAGTGCAGCG_002,84
CCGATGCCGACAGTGCAGCG_003,138
CCGATGCCGACAGTGCAGCG_004,13
CCGATGCCGACAGTGCAGCG_005,15
CCGATGCCGACAGTGCAGCG_006,40
CCGATGCCGACAGTGCAGCG_007,195
CCGATGCCGACAGTGCAGCG_008,2
CCGATGCCGACAGTGCAGCG_009,144
CCGATGCCGACAGTGCAGCG_010,67
CTGTAGTATTCACGTAACTG_001,3
CACTCTTTGGTGTAGAGCTG_001,151
CACTCTTTGGTGTAGAGCTG_002,60
CACTCTTTGGTGTAGAGCTG_003,130
CACTCTTTGGTGTAGAGCTG_004,145
CACTCTTTGGTGTAGAGCTG_005,78
CACTCTTTGGTGTAGAGCTG_006,94
CACTCTTTGGTGTAGAGCTG_007,44
CACTCTTTGGTGTAGAGCTG_008,8
CACTCTTTGGTGTAGAGCTG_009,133
CACTCTTTGGTGTAGAGCTG_010,5
CACTCTTTGGTGTAGAGCTG_011,96
CACTCTTTGGTGTAGAGCTG_012,60
CACTCTTTGGTGTAGAGCTG_013,89
CACTCTTTGGTGTAGAGCTG_014,124
CACTCTTTGGTGTAGAGCTG_015,49
CATGAGAGCCATGAACGGAG_001,62
CATGAGAGCCATGAACGGAG_002,76
CATGAGAGCCATGAACGGAG_003,173
CATGAGAGCCATGAACGGAG_004,105
CATGAGAGCCATGAACGGAG_005,29
CATGAGAGCCATGAACGGAG_006,176
GGAGATCCGTGCGCACAAAG_001,103
GGAGATCCGTGCGCACAAAG_002,55
GGAGATCCGTGCGCACAAAG_003,68
GGAGATCCGTGCGCACAAAG_004,199
GGAGATCCGTGCGCACAAAG_005,66
GGAGATCCGTGCGCACAAAG_006,11
CGCCGCAAGATACTGATCCG_001,149
CGCCGCAAGATACTGATCCG_002,15
CGCCGCAAGATACTGATCCG_003,77
CGCCGCAAGATACTGATCCG_004,49
CGCCGCAAGATACTGATCCG_005,1
CGCCGCAAGATACTGATCCG_006,140
CGCCGCAAGATACTGATCCG_007,141
CGCCGCAAGATACTGATCCG_008,9
CGCCGCAAGATACTGATCCG_009,192
CGCCGCAAGATACTGATCCG_010,134
CGCCGCAAGATACTGATCCG_011,12
CGCCGCAAGATACTGATCCG_012,169
CGCCGCAAGATACTGATCCG_013,156
CGCCGCAAGATACTGATCCG_014,122
CGCCGCAAGATACTGATCCG_015,53
CGCCGCAAGATACTGATCCG_016,171
CGCCGCAAGATACTGATCCG_017,144
CGCCGCAAGATACTGATCCG_018,174
CGCCGCAAGATACTGATCCG_019,120
CGCCGCAAGATACTGATCCG_020,130
CGCCGCAAGATACTGATCCG_021,145
CGCCGCAAGATACTGATCCG_022,116
CGCCGCAAGATACTGATCCG_023,162
CGCCGCAAGATACTGATCCG_024,106
CGCCGCAAGATACTGATCCG_025,40
CGCCGCAAGATACTGATCCG_026,113
CGCCGCAAGATACTGATCCG_027,54
CGCCGCAAGATACTGATCCG_028,162
CGCCGCAAGATACTGATCCG_029,81
CGCCGCAAGATACTGATCCG_030,177
CGCCGCAAGATACTGATCCG_031,167
CGCCGCAAGATACTGATCCG_032,139
CGCCGCAAGATACTGATCCG_033,183
CTGGACCCATTGGTCCTGTG_001,36
CCGTTCGTTTGTGACCCACG_001,68
CCGTTCGTTTGTGACCCACG_002,38
CCGTTCGTTTGTGACCCACG_003,155
CCGTTCGTTTGTGACCCACG_004,0
CCGTTCGTTTGTGACCCACG_005,141
CCGTTCGTTTGTGACCCACG_006,13
GAAACAGCATATGCTCCAGT_001,61
GAAACAGCATATGCTCCAGT_002,115
GACCTGCGTCATGGAAGGAA_001,84
GACCTGCGTCATGGAAGGAA_002,137
GACCTGCGTCATGGAAGGAA_003,104
GACCTGCGTCATGGAAGGAA_004,172
GACCTGCGTCATGGAAGGAA_005,105
GACCTGCGTCATGGAAGGAA_006,144
GACCTGCGTCATGGAAGGAA_007,184
GACCTGCGTCATGGAAGGAA_008,19
GACCTGCGTCATGGAAGGAA_009,97
GACCTGCGTCATGGAAGGAA_010,47
GACCTGCGTCATGGAAGGAA_011,145
GACCTGCGTCATGGAAGGAA_012,88
GACCTGCGTCATGGAAGGAA_013,2
GACCTGCGTCATGGAAGGAA_014,115
GACCTGCGTCATGGAAGGAA_015,175
GACCTGCGTCATGGAAGGAA_016,10
ACTGGCAAGATGTTTACCTG_001,54
ACTGGCAAGATGTTTACCTG_002,118
ACTGGCAAGATGTTTACCTG_003,149
ACTGGCAAGATGTTTACCTG_004,42
ACTGGCAAGATGTTTACCTG_005,92
ACTGGCAAGATGTTTACCTG_006,118
ACTGGCAAGATGTTTACCTG_007,19
ACTGGCAAGATGTTTACCTG_008,19
ACTGGCAAGATGTTTACCTG_009,188
ACTGGCAAGATGTTTACCTG_010,50
ACTGGCAAGATGTTTACCTG_011,75
ACTGGCAAGATGTTTACCTG_012,169
ACTGGCAAGATGTTTACCTG_013,76
ACTGGCAAGATGTTTACCTG_014,86
ACTGGCAAGATGTTTACCTG_015,150
ACTGGCAAGATGTTTACCTG_016,162
ACTGGCAAGATGTTTACCTG_017,127
ACTGGCAAGATGTTTACCTG_018,199
ACTGGCAAGATGTTTACCTG_019,157
ACTGGCAAGATGTTTACCTG_020,186
ACTGGCAAGATGTTTACCTG_021,7
ACTGGCAAGATGTTTACCTG_022,151
ACTGGCAAGATGTTTACCTG_023,33
ACTGGCAAGATGTTTACCTG_024,105
ACTGGCAAGATGTTTACCTG_025,76
ACTGGCAAGATGTTTACCTG_026,179
ACTGGCAAGATGTTTACCTG_027,48
ACTGGCAAGATGTTTACCTG_028,127
ACTGGCAAGATGTTTACCTG_029,178
ACTGGCAAGATGTTTACCTG_030,47
ACTGGCAAGATGTTTACCTG_031,10
ACTGGCAAGATGTTTACCTG_032,18
ACTGGCAAGATGTTTACCTG_033,2
ACTGGCAAGATGTTTACCTG_034,86
ACTGGCAAGATGTTTACCTG_035,121
ACTGGCAAGATGTTTACCTG_036,91
AGGGTCGATAAAGACAGGAG_001,172
AGGGTCGATAAAGACAGGAG_002,197
AGGGTCGATAAAGACAGGAG_003,85
AGGGTCGATAAAGACAGGAG_004,186
AGGGTCGATAAAGACAGGAG_005,113
AGGGTCGATAAAGACAGGAG_006,174
AGGGTCGATAAAGACAGGAG_007,146
AGGGTCGATAAAGACAGGAG_008,35
AGGGTCGATAAAGACAGGAG_009,196
AGGGTCGATAAAGACAGGAG_010,69
AGGGTCGATAAAGACAGGAG_011,160
AGGGTCGATAAAGACAGGAG_012,158
AGGGTCGATAAAGACAGGAG_013,2
ATAACGTGGCCACCTATGCG_001,99
ATAACGTGGCCACCTATGCG_002,46
ATAACGTGGCCACCTATGCG_003,121
ATAACGTGGCCACCTATGCG_004,152
ATAACGTGGCCACCTATGCG_005,177
ATAACGTGGCCACCTATGCG_006,177
ATAACGTGGCCACCTATGCG_007,170
ATAACGTGGCCACCTATGCG_008,36
ATAACGTGGCCACCTATGCG_009,102
ATAACGTGGCCACCTATGCG_010,103
ATAACGTGGCCACCTATGCG_011,150
ATAACGTGGCCACCTATGCG_012,199
ATAACGTGGCCACCTATGCG_013,191
TAACAGCACAAAGTCACTGA_001,58
TAACAGCACAAAGTCACTGA_002,159
TAACAGCACAAAGTCACTGA_003,119
TAACAGCACAAAGTCACTGA_004,199
TAACAGCACAAAGTCACTGA_005,42
TAACAGCACAAAGTCACTGA_006,166
TAACAGCACAAAGTCACTGA_007,142
TTCAGCAATAGCGATCGCTC_001,133
TTCAGCAATAGCGATCGCTC_002,185
ACCCTTACATCAATAAGACA_001,17
ACCCTTACATCAATAAGACA_002,15
ACCCTTACATCAATAAGACA_003,177
ACCCTTACATCAATAAGACA_004,197
GGGCTCCAAAGAAATACCAA_001,115
GGGCTCCAAAGAAATACCAA_002,70
GGGCTCCAAAGAAATACCAA_003,177
CCATGCCAGTGACACGTCTG_001,129
CCATGCCAGTGACACGTCTG_002,47
CCATGCCAGTGACACGTCTG_003,59
CCATGCCAGTGACACGTCTG_004,0
CCATGCCAGTGACACGTCTG_005,46
CCATGCCAGTGACACGTCTG_006,169
CCATGCCAGTGACACGTCTG_007,103
CCATGCCAGTGACACGTCTG_008,121
CCATGCCAGTGACACGTCTG_009,121
CCATGCCAGTGACACGTCTG_010,145
CCATGCCAGTGACACGTCTG_011,118
CCATGCCAGTGACACGTCTG_012,141
CCATGCCAGTGACACGTCTG_013,171
CCATGCCAGTGACACGTCTG_014,94
CCATGCCAGTGACACGTCTG_015,58
CCATGCCAGTGACACGTCTG_016,195
CCATGCCAGTGACACGTCTG_017,176
CCATGCCAGTGACACGTCTG_018,9
CCATGCCAGTGACACGTCTG_019,160
CCATGCCAGTGACACGTCTG_020,43
CCATGCCAGTGACACGTCTG_021,184
CCATGCCAGTGACACGTCTG_022,35
CCATGCCAGTGACACGTCTG_023,107
CCATGCCAGTGACACGTCTG_024,76
CCATGCCAGTGACACGTCTG_025,138
CCATGCCAGTGACACGTCTG_026,172
CCATGCCAGTGACACGTCTG_027,168
CCATGCCAGTGACACGTCTG_028,136
CCATGCCAGTGACACGTCTG_029,104
CCATGCCAGTGACACGTCTG_030,63
CCATGCCAGTGACACGTCTG_031,76
CCATGCCAGTGACACGTCTG_032,65
CCATGCCAGTGACACGTCTG_033,154
GGGCATTGAGAGGATCCGGA_001,188
GGGCATTGAGAGGATCCGGA_002,103
GGGCATTGAGAGGATCCGGA_003,86
GGGCATTGAGAGGATCCGGA_004,77
GGGCATTGAGAGGATCCGGA_005,157
GGGCATTGAGAGGATCCGGA_006,26
GGGCATTGAGAGGATCCGGA_007,191
GGGCATTGAGAGGATCCGGA_008,13
GGGCATTGAGAGGATCCGGA_009,140
GGGCATTGAGAGGATCCGGA_010,140
GGGCATTGAGAGGATCCGGA_011,64
GTCAGACGCACAGACAAAGT_001,87
ACACAGCCCCCGATCTCGGG_001,162
ACACAGCCCCCGATCTCGGG_002,176
ACACAGCCCCCGATCTCGGG_003,133
ACACAGCCCCCGATCTCGGG_004,175
ACACAGCCCCCGATCTCGGG_005,19
ACACAGCCCCCGATCTCGGG_006,37
ACACAGCCCCCGATCTCGGG_007,152
ACACAGCCCCCGATCTCGGG_008,164
ACACAGCCCCCGATCTCGGG_009,63
ACACAGCCCCCGATCTCGGG_010,50
ACACAGCCCCCGATCTCGGG_011,124
CATAGATCTTGAGATCGTGG_001,150
CATAGATCTTGAGATCGTGG_002,64
CATAGATCTTGAGATCGTGG_003,108
AGCCAAAATACCAACCTCAG_001,58
AGCCAAAATACCAACCTCAG_002,146
AGCCAAAATACCAACCTCAG_003,94
AGCCAAAATACCAACCTCAG_004,69
AGCCAAAATACCAACCTCAG_005,34
AGCCAAAATACCAACCTCAG_006,147
AGCCAAAATACCAACCTCAG_007,133
AGCCAAAATACCAACCTCAG_008,28
AGCCAAAATACCAACCTCAG_009,78
AGCCAAAATACCAACCTCAG_010,115
AGCCAAAATACCAACCTCAG_011,89
AGCCAAAATACCAACCTCAG_012,148
AGCCAAAATACCAACCTCAG_013,186
AGCCAAAATACCAACCTCAG_014,91
AGCCAAAATACCAACCTCAG_015,138
AGCCAAAATACCAACCTCAG_016,165
AGCCAAAATACCAACCTCAG_017,40
AGCCAAAATACCAACCTCAG_018,169
AGCCAAAATACCAACCTCAG_019,134
AGCCAAAATACCAACCTCAG_020,89
AGCCAAAATACCAACCTCAG_021,133
AGCCAAAATACCAACCTCAG_022,176
AGCCAAAATACCAACCTCAG_023,197
AGCCAAAATACCAACCTCAG_024,2
AGCCAAAATACCAACCTCAG_025,162
AGCCAAAATACCAACCTCAG_026,41
AGCCAAAATACCAACCTCAG_027,169
AGCCAAAATACCAACCTCAG_028,77
AGCCAAAATACCAACCTCAG_029,19
AGCCAAAATACCAACCTCAG_030,1
AGCCAAAATACCAACCTCAG_031,9
GTGGATTGACCCAAACCGAA_001,32
GTGGATTGACCCAAACCGAA_002,88
GTGGATTGACCCAAACCGAA_003,74
GTGGATTGACCCAAACCGAA_004,158
GTGGATTGACCCAAACCGAA_005,68
GTGGATTGACCCAAACCGAA_006,28
GTGGATTGACCCAAACCGAA_007,105
TTGGTGCTGAGGATGCCGAT_001,8
TTGGTGCTGAGGATGCCGAT_002,83
TTGGTGCTGAGGATGCCGAT_003,44
TTGGTGCTGAGGATGCCGAT_004,95
TTGGTGCTGAGGATGCCGAT_005,73
TTGGTGCTGAGGATGCCGAT_006,181
TTGGTGCTGAGGATGCCGAT_007,105
TTGGTGCTGAGGATGCCGAT_008,4
TTGGTGCTGAGGATGCCGAT_009,4
TTGGTGCTGAGGATGCCGAT_010,22
TTGGTGCTGAGGATGCCGAT_011,65
TTGGTGCTGAGGATGCCGAT_012,15
TTGGTGCTGAGGATGCCGAT_013,106
TTGGTGCTGAGGATGCCGAT_014,127
TTGGTGCTGAGGATGCCGAT_015,44
TTGGTGCTGAGGATGCCGAT_016,184
TTGGTGCTGAGGATGCCGAT_017,8
TTGGTGCTGAGGATGCCGAT_018,163
TTGGTGCTGAGGATGCCGAT_019,149
TTGGTGCTGAGGATGCCGAT_020,103
TTGGTGCTGAGGATGCCGAT_021,137
TTGGTGCTGAGGATGCCGAT_022,134
TTGGTGCTGAGGATGCCGAT_023,125
TTGGTGCTGAGGATGCCGAT_024,122
TTGGTGCTGAGGATGCCGAT_025,5
TTGGTGCTGAGGATGCCGAT_026,26
TTGGTGCTGAGGATGCCGAT_027,23
TTGGTGCTGAGGATGCCGAT_028,68
TTGGTGCTGAGGATGCCGAT_029,18
TTGGTGCTGAGGATGCCGAT_030,177
CAATGGTCATGCTTTCAACG_001,130
TGTTGAAGGACAGGCTACTG_001,80
TGTTGAAGGACAGGCTACTG_002,114
TGTTGAAGGACAGGCTACTG_003,83
TGTTGAAGGACAGGCTACTG_004,69
TGTTGAAGGACAGGCTACTG_005,29
TGTTGAAGGACAGGCTACTG_006,38
TGTTGAAGGACAGGCTACTG_007,22
TGTTGAAGGACAGGCTACTG_008,55
TGTTGAAGGACAGGCTACTG_009,172
TGTTGAAGGACAGGCTACTG_010,168
TGTTGAAGGACAGGCTACTG_011,162
TACCGTACAACAGTACTGAA_001,41
TACCGTACAACAGTACTGAA_002,131
TACCGTACAACAGTACTGAA_003,150
TACCGTACAACAGTACTGAA_004,174
TACCGTACAACAGTACTGAA_005,101
TACCGTACAACAGTACTGAA_006,23
TACCGTACAACAGTACTGAA_007,39
TACCGTACAACAGTACTGAA_008,27
TACCGTACAACAGTACTGAA_009,160
ATCATAGTGTCTGGAGTCAT_001,191
ATCATAGTGTCTGGAGTCAT_002,113
ATCATAGTGTCTGGAGTCAT_003,94
ATCATAGTGTCTGGAGTCAT_004,34
CCAGAACCCTACCAACGCCG_001,124
CCAGAACCCTACCAACGCCG_002,70
CCAGAACCCTACCAACGCCG_003,139
CCAGAACCCTACCAACGCCG_004,134
CCAGAACCCTACCAACGCCG_005,64
CCAGAACCCTACCAACGCCG_006,181
CCAGAACCCTACCAACGCCG_007,3
CCAGAACCCTACCAACGCCG_008,181
CGTGGTAGGGGTTTCCTCAA_001,150
CGTGGTAGGGGTTTCCTCAA_002,150
CGTGGTAGGGGTTTCCTCAA_003,156
CGTGGTAGGGGTTTCCTCAA_004,65
CGTGGTAGGGGTTTCCTCAA_005,186
CGTGGTAGGGGTTTCCTCAA_006,48
CGTGGTAGGGGTTTCCTCAA_007,162
CGTGGTAGGGGTTTCCTCAA_008,63
CGTGGTAGGGGTTTCCTCAA_009,94
CGTGGTAGGGGTTTCCTCAA_010,140
CGTGGTAGGGGTTTCCTCAA_011,60
CGTGGTAGGGGTTTCCTCAA_012,65
CGTGGTAGGGGTTTCCTCAA_013,127
CGTGGTAGGGGTTTCCTCAA_014,48
CGTGGTAGGGGTTTCCTCAA_015,110
CGTGGTAGGGGTTTCCTCAA_016,176
CGTGGTAGGGGTTTCCTCAA_017,41
TAACAAAGCTACGCCCATCA_001,48
TAACAAAGCTACGCCCATCA_002,42
TAACAAAGCTACGCCCATCA_003,194
TAACAAAGCTACGCCCATCA_004,7
TAACAAAGCTACGCCCATCA_005,57
TAACAAAGCTACGCCCATCA_006,157
TAACAAAGCTACGCCCATCA_007,144
TAACAAAGCTACGCCCATCA_008,158
TAACAAAGCTACGCCCATCA_009,60
TAACAAAGCTACGCCCATCA_010,38
TAACAAAGCTACGCCCATCA_011,82
TAACAAAGCTACGCCCATCA_012,70
TAACAAAGCTACGCCCATCA_013,82
TAACAAAGCTACGCCCATCA_014,48
TAACAAAGCTACGCCCATCA_015,156
TAACAAAGCTACGCCCATCA_016,138
TAACAAAGCTACGCCCATCA_017,169
CAGGCTCACTCCGCATACGT_001,58
CAGGCTCACTCCGCATACGT_002,11
CAGGCTCACTCCGCATACGT_003,137
CAGGCTCACTCCGCATACGT_004,158
CAGGCTCACTCCGCATACGT_005,157
CAGGCTCACTCCGCATACGT_006,71
CAGGCTCACTCCGCATACGT_007,111
CAGGCTCACTCCGCATACGT_008,121
CAGGCTCACTCCGCATACGT_009,158
CAGGCTCACTCCGCATACGT_010,174
CAGGCTCACTCCGCATACGT_011,174
CAGGCTCACTCCGCATACGT_012,45
CAGGCTCACTCCGCATACGT_013,12
CAGGCTCACTCCGCATACGT_014,81
CAGGCTCACTCCGCATACGT_015,199
CAGGCTCACTCCGCATACGT_016,68
CAGGCTCACTCCGCATACGT_017,169
CAGGCTCACTCCGCATACGT_018,197
CAGGCTCACTCCGCATACGT_019,137
CAGGCTCACTCCGCATACGT_020,149
CAGGCTCACTCCGCATACGT_021,88
CAGGCTCACTCCGCATACGT_022,70
AGTTGGCTGATAGTCTCAAG_001,33
AGTTGGCTGATAGTCTCAAG_002,30
AGTTGGCTGATAGTCTCAAG_003,127
GGCGCGGATGCAATTCAGGA_001,116
GGCGCGGATGCAATTCAGGA_002,1
GGCGCGGATGCAATTCAGGA_003,56
GGCGCGGATGCAATTCAGGA_004,88
GGCGCGGATGCAATTCAGGA_005,155
GGCGCGGATGCAATTCAGGA_006,15
GGCGCGGATGCAATTCAGGA_007,183
GGCGCGGATGCAATTCAGGA_008,148
GGCGCGGATGCAATTCAGGA_009,134
GGCGCGGATGCAATTCAGGA_010,133
GGCGCGGATGCAATTCAGGA_011,11
AAGCAGCAACGAGATAGGCA_001,149
AAGCAGCAACGAGATAGGCA_002,149
AAGCAGCAACGAGATAGGCA_003,33
AAGCAGCAACGAGATAGGCA_004,150
AAGCAGCAACGAGATAGGCA_005,112
AAGCAGCAACGAGATAGGCA_006,45
AAGCAGCAACGAGATAGGCA_007,81
AAGCAGCAACGAGATAGGCA_008,106
AAGCAGCAACGAGATAGGCA_009,69
AAGCAGCAACGAGATAGGCA_010,16
AAGCAGCAACGAGATAGGCA_011,114
AAGCAGCAACGAGATAGGCA_012,165
AAGCAGCAACGAGATAGGCA_013,52
AAGCAGCAACGAGATAGGCA_014,10
GACTCTCTTGACATCAGATG_001,111
GACTCTCTTGACATCAGATG_002,127
GACTCTCTTGACATCAGATG_003,36
GACTCTCTTGACATCAGATG_004,161
GACTCTCTTGACATCAGATG_005,120
GACTCTCTTGACATCAGATG_006,15
GACTCTCTTGACATCAGATG_007,66
GACTCTCTTGACATCAGATG_008,14
GACTCTCTTGACATCAGATG_009,78
TGGAACAGTCATGACACATG_001,65
TGGAACAGTCATGACACATG_002,24
TGGAACAGTCATGACACATG_003,126
CTTCCATGAAAGTACACGGT_001,88
CTTCCATGAAAGTACACGGT_002,174
CTTCCATGAAAGTACACGGT_003,11
CTTCCATGAAAGTACACGGT_004,33
CTTCCATGAAAGTACACGGT_005,4
CTTCCATGAAAGTACACGGT_006,98
CTTCCATGAAAGTACACGGT_007,160
CTTCCATGAAAGTACACGGT_008,153
CTTCCATGAAAGTACACGGT_009,91
CTTCCATGAAAGTACACGGT_010,16
CTTCCATGAAAGTACACGGT_011,145
CTTCCATGAAAGTACACGGT_012,126
CTTCCATGAAAGTACACGGT_013,124
CTTCCATGAAAGTACACGGT_014,165
CTTCCATGAAAGTACACGGT_015,180
CTTCCATGAAAGTACACGGT_016,174
CTTCCATGAAAGTACACGGT_017,158
GACAATGATGCCAGCCACGG_001,72
GACAATGATGCCAGCCACGG_002,169
GACAATGATGCCAGCCACGG_003,70
GACAATGATGCCAGCCACGG_004,185
GACAATGATGCCAGCCACGG_005,38
GACAATGATGCCAGCCACGG_006,83
GACAATGATGCCAGCCACGG_007,77
CACCAGCGCCGAGGACGACG_001,159
CACCAGCGCCGAGGACGACG_002,134
CACCAGCGCCGAGGACGACG_003,142
CACCAGCGCCGAGGACGACG_004,84
CACCAGCGCCGAGGACGACG_005,168
CACCAGCGCCGAGGACGACG_006,137
CACCAGCGCCGAGGACGACG_007,160
CACCAGCGCCGAGGACGACG_008,137
CACCAGCGCCGAGGACGACG_009,94
CACCAGCGCCGAGGACGACG_010,32
CACCAGCGCCGAGGACGACG_011,47
CACCAGCGCCGAGGACGACG_012,158
CACCAGCGCCGAGGACGACG_013,5
CACCAGCGCCGAGGACGACG_014,119
CACCAGCGCCGAGGACGACG_015,158
CACCAGCGCCGAGGACGACG_016,91
CACCAGCGCCGAGGACGACG_017,3
CACCAGCGCCGAGGACGACG_018,180
TGGTGGTGGACATCCAGCGG_001,77
TGGTGGTGGACATCCAGCGG_002,138
TGGTGGTGGACATCCAGCGG_003,158
TGGTGGTGGACATCCAGCGG_004,125
CGTGTGCACCATGCGAGAAG_001,2
CGTGTGCACCATGCGAGAAG_002,121
CGTGTGCACCATGCGAGAAG_003,184
CGTGTGCACCATGCGAGAAG_004,50
CGTGTGCACCATGCGAGAAG_005,8
CGTGTGCACCATGCGAGAAG_006,84
CGTGTGCACCATGCGAGAAG_007,124
AAAATACAAGAAGAATGACG_001,91
AAAATACAAGAAGAATGACG_002,69
AAAATACAAGAAGAATGACG_003,158
CATTGCCTCAGGAACAAAGG_001,45
CATTGCCTCAGGAACAAAGG_002,1
CATTGCCTCAGGAACAAAGG_003,2
CATTGCCTCAGGAACAAAGG_004,98
CATTGCCTCAGGAACAAAGG_005,117
CATTGCCTCAGGAACAAAGG_006,91
CATTGCCTCAGGAACAAAGG_007,124
CATTGCCTCAGGAACAAAGG_008,48
CATTGCCTCAGGAACAAAGG_009,188
CATTGCCTCAGGAACAAAGG_010,48
CATTGCCTCAGGAACAAAGG_011,105
CATTGCCTCAGGAACAAAGG_012,3
CATTGCCTCAGGAACAAAGG_013,188
CCGGCTCCGCGAATGCGAGG_001,66
CCGGCTCCGCGAATGCGAGG_002,111
CCGGCTCCGCGAATGCGAGG_003,130
CCGGCTCCGCGAATGCGAGG_004,133
CCGGCTCCGCGAATGCGAGG_005,127
CCGGCTCCGCGAATGCGAGG_006,10
CCGGCTCCGCGAATGCGAGG_007,94
CCGGCTCCGCGAATGCGAGG_008,65
CCGGCTCCGCGAATGCGAGG_009,135
CCGGCTCCGCGAATGCGAGG_010,42
CCGGCTCCGCGAATGCGAGG_011,170
CCGGCTCCGCGAATGCGAGG_012,81
CCGGCTCCGCGAATGCGAGG_013,75
CCGGCTCCGCGAATGCGAGG_014,160
CCGGCTCCGCGAATGCGAGG_015,58
CCGGCTCCGCGAATGCGAGG_016,133
CCGGCTCCGCGAATGCGAGG_017,13
CCGGCTCCGCGAATGCGAGG_018,79
CCGGCTCCGCGAATGCGAGG_019,162
CCGGCTCCGCGAATGCGAGG_020,109
CCGGCTCCGCGAATGCGAGG_021,156
CCGGCTCCGCGAATGCGAGG_022,148
CCGGCTCCGCGAATGCGAGG_023,81
CCGGCTCCGCGAATGCGAGG_024,153
CCGGCTCCGCGAATGCGAGG_025,6
CCGGCTCCGCGAATGCGAGG_026,108
CCGGCTCCGCGAATGCGAGG_027,188
CCGGCTCCGCGAATGCGAGG_028,61
CCGGCTCCGCGAATGCGAGG_029,47
CCGGCTCCGCGAATGCGAGG_030,142
CCGGCTCCGCGAATGCGAGG_031,168
CCGGCTCCGCGAATGCGAGG_032,169
AGGCCAGAACCCAGTGTCGG_001,48
AGGCCAGAACCCAGTGTCGG_002,166
AGGCCAGAACCCAGTGTCGG_003,109
AGGCCAGAACCCAGTGTCGG_004,109
AGGCCAGAACCCAGTGTCGG_005,32
AGGCCAGAACCCAGTGTCGG_006,157
AGGCCAGAACCCAGTGTCGG_007,28
AGGCCAGAACCCAGTGTCGG_008,58
AGGCCAGAACCCAGTGTCGG_009,23
AGGCCAGAACCCAGTGTCGG_010,53
AGGCCAGAACCCAGTGTCGG_011,190
AGGCCAGAACCCAGTGTCGG_012,12
AGGCCAGAACCCAGTGTCGG_013,17
AGGCCAGAACCCAGTGTCGG_014,54
AGGCCAGAACCCAGTGTCGG_015,185
AGGCCAGAACCCAGTGTCGG_016,118
AGGCCAGAACCCAGTGTCGG_017,17
AGGCCAGAACCCAGTGTCGG_018,165
TCCAGCCTGGATCGGATAGG_001,12
TCCAGCCTGGATCGGATAGG_002,71
TCCAGCCTGGATCGGATAGG_003,118
TCCAGCCTGGATCGGATAGG_004,142
TCCAGCCTGGATCGGATAGG_005,170
TCCAGCCTGGATCGGATAGG_006,175
TCCAGCCTGGATCGGATAGG_007,160
TCCAGCCTGGATCGGATAGG_008,199
TCCAGCCTGGATCGGATAGG_009,30
TCCAGCCTGGATCGGATAGG_010,141
TCCAGCCTGGATCGGATAGG_011,38
TCCAGCCTGGATCGGATAGG_012,76
TCCAGCCTGGATCGGATAGG_013,125
TCCAGCCTGGATCGGATAGG_014,129
TCCAGCCTGGATCGGATAGG_015,103
TCCAGCCTGGATCGGATAGG_016,68
TCCAGCCTGGATCGGATAGG_017,69
TCCAGCCTGGATCGGATAGG_018,78
TCCAGCCTGGATCGGATAGG_019,108
TCCAGCCTGGATCGGATAGG_020,128
TCCAGCCTGGATCGGATAGG_021,33
TCCAGCCTGGATCGGATAGG_022,0
TCCAGCCTGGATCGGATAGG_023,33
TCCAGCCTGGATCGGATAGG_024,163
TCCAGCCTGGATCGGATAGG_025,145
TCCAGCCTGGATCGGATAGG_026,22
TCCAGCCTGGATCGGATAGG_027,31
TCCAGCCTGGATCGGATAGG_028,102
CATGGCCGACGAAAAGCCCA_001,62
CATGGCCGACGAAAAGCCCA_002,11
CATGGCCGACGAAAAGCCCA_003,156
CATGGCCGACGAAAAGCCCA_004,105
CATGGCCGACGAAAAGCCCA_005,165
CATGGCCGACGAAAAGCCCA_006,137
CATGGCCGACGAAAAGCCCA_007,30
CATGGCCGACGAAAAGCCCA_008,51
GCACTCACCTCCACACACCG_001,70
GCACTCACCTCCACACACCG_002,29
GCACTCACCTCCACACACCG_003,154
GCACTCACCTCCACACACCG_004,148
GCACTCACCTCCACACACCG_005,82
GCACTCACCTCCACACACCG_006,58
GCACTCACCTCCACACACCG_007,187
GCACTCACCTCCACACACCG_008,145
GCACTCACCTCCACACACCG_009,47
GCACTCACCTCCACACACCG_010,198
GCACTCACCTCCACACACCG_011,121
GCACTCACCTCCACACACCG_012,137
GCACTCACCTCCACACACCG_013,60
GCACTCACCTCCACACACCG_014,86
GCACTCACCTCCACACACCG_015,9
GCACTCACCTCCACACACCG_016,148
GCACTCACCTCCACACACCG_017,64
GCACTCACCTCCACACACCG_018,12
GCACTCACCTCCACACACCG_019,36
GCACTCACCTCCACACACCG_020,97
GCACTCACCTCCACACACCG_021,158
GCACTCACCTCCACACACCG_022,140
GCACTCACCTCCACACACCG_023,28
GCACTCACCTCCACACACCG_024,17
GCACTCACCTCCACACACCG_025,34
GCACTCACCTCCACACACCG_026,134
GCACTCACCTCCACACACCG_027,66
GCACTCACCTCCACACACCG_028,197
GGAAGCATGTTACCTTGGTG_001,160
GGAAGCATGTTACCTTGGTG_002,108
GGAAGCATGTTACCTTGGTG_003,1
GTCGTCCCGAAAGCGCACTC_001,168
GTCGTCCCGAAAGCGCACTC_002,119
GTCGTCCCGAAAGCGCACTC_003,192
GTCGTCCCGAAAGCGCACTC_004,9
GTCGTCCCGAAAGCGCACTC_005,127
GTCGTCCCGAAAGCGCACTC_006,101
GTCGTCCCGAAAGCGCACTC_007,58
GTCGTCCCGAAAGCGCACTC_008,63
GTCGTCCCGAAAGCGCACTC_009,85
GTCGTCCCGAAAGCGCACTC_010,32
GTCGTCCCGAAAGCGCACTC_011,45
GTCGTCCCGAAAGCGCACTC_012,31
GTCGTCCCGAAAGCGCACTC_013,63
TATGCCTGTGACGACATGGA_001,48
TATGCCTGTGACGACATGGA_002,15
TATGCCTGTGACGACATGGA_003,17
TATGCCTGTGACGACATGGA_004,105
TATGCCTGTGACGACATGGA_005,186
TATGCCTGTGACGACATGGA_006,116
TATGCCTGTGACGACATGGA_007,115
TATGCCTGTGACGACATGGA_008,170
TATGCCTGTGACGACATGGA_009,78
TATGCCTGTGACGACATGGA_010,29
TATGCCTGTGACGACATGGA_011,162
TGCCCCAGGAGTCACCTCAG_001,2
TGCCCCAGGAGTCACCTCAG_002,35
TGCCCCAGGAGTCACCTCAG_003,196
TGCCCCAGGAGTCACCTCAG_004,103
TGCCCCAGGAGTCACCTCAG_005,34
TGCCCCAGGAGTCACCTCAG_006,120
TGCCCCAGGAGTCACCTCAG_007,50
TGCCCCAGGAGTCACCTCAG_008,58
TGCCCCAGGAGTCACCTCAG_009,150
TGCCCCAGGAGTCACCTCAG_010,145
TGCCCCAGGAGTCACCTCAG_011,102
TGCCCCAGGAGTCACCTCAG_012,67
TGCCCCAGGAGTCACCTCAG_013,25
TGCCCCAGGAGTCACCTCAG_014,91
TGCCCCAGGAGTCACCTCAG_015,42
TGCCCCAGGAGTCACCTCAG_016,134
TGCCCCAGGAGTCACCTCAG_017,58
TGCCCCAGGAGTCACCTCAG_018,129
TGCCCCAGGAGTCACCTCAG_019,102
TGCCCCAGGAGTCACCTCAG_020,1
TGCCCCAGGAGTCACCTCAG_021,99
TGCCCCAGGAGTCACCTCAG_022,119
TGCCCCAGGAGTCACCTCAG_023,25
TGCCCCAGGAGTCACCTCAG_024,145
TGCCCCAGGAGTCACCTCAG_025,11
TGCCCCAGGAGTCACCTCAG_026,92
TCTGCTTGAGATCTTAGACG_001,92
TCTGCTTGAGATCTTAGACG_002,144
TCTGCTTGAGATCTTAGACG_003,183
TCTGCTTGAGATCTTAGACG_004,23
TCTGCTTGAGATCTTAGACG_005,12
TCTGCTTGAGATCTTAGACG_006,61
TCTGCTTGAGATCTTAGACG_007,43
TCTGCTTGAGATCTTAGACG_008,12
TCTGCTTGAGATCTTAGACG_009,15
ACTGCTTCGTACACGAGTGA_001,107
ACTGCTTCGTACACGAGTGA_002,185
ACTGCTTCGTACACGAGTGA_003,12
GTAGCACCGTGCCAGCCGTA_001,165
GTAGCACCGTGCCAGCCGTA_002,63
GTAGCACCGTGCCAGCCGTA_003,63
GTAGCACCGTGCCAGCCGTA_004,98
ACGCCGCTCTGGCTCAACAC_001,0
ACGCCGCTCTGGCTCAACAC_002,114
ACGCCGCTCTGGCTCAACAC_003,146
ACGCCGCTCTGGCTCAACAC_004,12
ACGCCGCTCTGGCTCAACAC_005,94
ACGCCGCTCTGGCTCAACAC_006,78
GGAAGGTGCAATGTGCGAGG_001,146
GGAAGGTGCAATGTGCGAGG_002,172
GGAAGGTGCAATGTGCGAGG_003,121
GGAAGGTGCAATGTGCGAGG_004,130
GGAAGGTGCAATGTGCGAGG_005,50
GGAAGGTGCAATGTGCGAGG_006,169
TATACAGAAGCCATATCAGT_001,36
TATACAGAAGCCATATCAGT_002,178
ATGATCGCATTATAAAGCAG_001,10
ATGATCGCATTATAAAGCAG_002,117
ATGATCGCATTATAAAGCAG_003,23
ATGATCGCATTATAAAGCAG_004,170
ATGATCGCATTATAAAGCAG_005,157
ATGATCGCATTATAAAGCAG_006,113
ATGATCGCATTATAAAGCAG_007,130
ATGATCGCATTATAAAGCAG_008,8
GGAGCGATCCTGTCGTTAGG_001,172
GGAGCGATCCTGTCGTTAGG_002,139
GGAGCGATCCTGTCGTTAGG_003,154
GGAGCGATCCTGTCGTTAGG_004,141
GGAGCGATCCTGTCGTTAGG_005,130
GGAGCGATCCTGTCGTTAGG_006,199
GGAGCGATCCTGTCGTTAGG_007,42
GGAGCGATCCTGTCGTTAGG_008,168
GGAGCGATCCTGTCGTTAGG_009,149
GGAGCGATCCTGTCGTTAGG_010,196
CAGCCGGGACATCCCGACCA_001,25
CAGCCGGGACATCCCGACCA_002,51
CAGCCGGGACATCCCGACCA_003,62
CAGCCGGGACATCCCGACCA_004,147
CAGCCGGGACATCCCGACCA_005,189
CAGCCGGGACATCCCGACCA_006,184
CAGCCGGGACATCCCGACCA_007,105
CAGCCGGGACATCCCGACCA_008,16
CAGCCGGGACATCCCGACCA_009,99
CAGCCGGGACATCCCGACCA_010,161
CAGCCGGGACATCCCGACCA_011,63
CAGCCGGGACATCCCGACCA_012,79
CAGCCGGGACATCCCGACCA_013,142
CCGCTGGTGGAACGCCTGTG_001,15
CCGCTGGTGGAACGCCTGTG_002,178
CCGCTGGTGGAACGCCTGTG_003,60
CCGCTGGTGGAACGCCTGTG_004,72
CCGCTGGTGGAACGCCTGTG_005,185
CCGCTGGTGGAACGCCTGTG_006,176
CCGCTGGTGGAACGCCTGTG_007,102
CCGCTGGTGGAACGCCTGTG_008,63
CCGCTGGTGGAACGCCTGTG_009,36
CATGCCCATGCGAGTACCTG_001,163
CATGCCCATGCGAGTACCTG_002,36
CATGCCCATGCGAGTACCTG_003,53
CATGCCCATGCGAGTACCTG_004,134
CATGCCCATGCGAGTACCTG_005,43
CATGCCCATGCGAGTACCTG_006,78
CATGCCCATGCGAGTACCTG_007,193
CATGCCCATGCGAGTACCTG_008,121
CATGCCCATGCGAGTACCTG_009,10
CATGCCCATGCGAGTACCTG_010,56
TTCACCTTAGGCCACTGGAA_001,17
TTCACCTTAGGCCACTGGAA_002,105
TTCACCTTAGGCCACTGGAA_003,49
TTCACCTTAGGCCACTGGAA_004,117
TTCACCTTAGGCCACTGGAA_005,31
TCGCAAACTCGTGTCCGTAG_001,35
ACACACGTAAGATTGCACTC_001,41
ACACACGTAAGATTGCACTC_002,140
ACACACGTAAGATTGCACTC_003,116
ACACACGTAAGATTGCACTC_004,102
ACACACGTAAGATTGCACTC_005,112
GGAAGCCGCTGACCCCTACG_001,158
GGAAGCCGCTGACCCCTACG_002,15
GGAAGCCGCTGACCCCTACG_003,190
GGAAGCCGCTGACCCCTACG_004,166
GGAAGCCGCTGACCCCTACG_005,34
GGAAGCCGCTGACCCCTACG_006,151
GGAACAGTCTCCCCAGAACG_001,43
GGAACAGTCTCCCCAGAACG_002,97
CGCACTGGTCAGGCACCGAT_001,192
CGCACTGGTCAGGCACCGAT_002,94
CGCACTGGTCAGGCACCGAT_003,177
CGCACTGGTCAGGCACCGAT_004,102
CGCACTGGTCAGGCACCGAT_005,23
CGCACTGGTCAGGCACCGAT_006,185
CGCACTGGTCAGGCACCGAT_007,146
CGCACTGGTCAGGCACCGAT_008,113
CGCACTGGTCAGGCACCGAT_009,69
CGCACTGGTCAGGCACCGAT_010,199
CGCACTGGTCAGGCACCGAT_011,90
CGCACTGGTCAGGCACCGAT_012,98
CGCACTGGTCAGGCACCGAT_013,170
CGCACTGGTCAGGCACCGAT_014,75
CGCACTGGTCAGGCACCGAT_015,128
CGCACTGGTCAGGCACCGAT_016,188
CGCACTGGTCAGGCACCGAT_017,142
CGCACTGGTCAGGCACCGAT_018,45
CTCGATACTCGCCCGCACCG_001,50
CTCGATACTCGCCCGCACCG_002,160
CTCGATACTCGCCCGCACCG_003,48
CTCGATACTCGCCCGCACCG_004,48
CTCGATACTCGCCCGCACCG_005,29
CTCGATACTCGCCCGCACCG_006,115
CTCGATACTCGCCCGCACCG_007,33
CTCGATACTCGCCCGCACCG_008,28
CTCGATACTCGCCCGCACCG_009,40
CTCGATACTCGCCCGCACCG_010,56
CTCGATACTCGCCCGCACCG_011,75
GAATTAAGTCTTGAGTCATA_001,122
GAATTAAGTCTTGAGTCATA_002,8
GAATTAAGTCTTGAGTCATA_003,78
GAATTAAGTCTTGAGTCATA_004,100
GAATTAAGTCTTGAGTCATA_005,168
CATCAGCACCCAGATCCGCA_001,152
CATCAGCACCCAGATCCGCA_002,92
CATCAGCACCCAGATCCGCA_003,12
ATGGAGCCGGCCTTTCACAG_001,84
ATGGAGCCGGCCTTTCACAG_002,157
ATGGAGCCGGCCTTTCACAG_003,65
ATGGAGCCGGCCTTTCACAG_004,50
ATGGAGCCGGCCTTTCACAG_005,129
ATGGAGCCGGCCTTTCACAG_006,115
ATGGAGCCGGCCTTTCACAG_007,113
ATGGAGCCGGCCTTTCACAG_008,120
ATGGAGCCGGCCTTTCACAG_009,76
ATGGAGCCGGCCTTTCACAG_010,105
ATGGAGCCGGCCTTTCACAG_011,59
ATGGAGCCGGCCTTTCACAG_012,185
ATGGAGCCGGCCTTTCACAG_013,184
ATGGAGCCGGCCTTTCACAG_014,154
ATGGAGCCGGCCTTTCACAG_015,12
ATGGAGCCGGCCTTTCACAG_016,103
ATGGAGCCGGCCTTTCACAG_017,136
ATGGAGCCGGCCTTTCACAG_018,146
ATGGAGCCGGCCTTTCACAG_019,50
GCATAAGGGGTGATACCCGT_001,134
GCATAAGGGGTGATACCCGT_002,41
GCATAAGGGGTGATACCCGT_003,187
GCATAAGGGGTGATACCCGT_004,127
GCATAAGGGGTGATACCCGT_005,127
GCATAAGGGGTGATACCCGT_006,55
GAGCTGATAATCCAAGAATG_001,12
GAGCTGATAATCCAAGAATG_002,166
GAGCTGATAATCCAAGAATG_003,73
GAGCTGATAATCCAAGAATG_004,150
GAGCTGATAATCCAAGAATG_005,117
GAGCTGATAATCCAAGAATG_006,184
GAGCTGATAATCCAAGAATG_007,195
GAGCTGATAATCCAAGAATG_008,82
GAGCTGATAATCCAAGAATG_009,69
GAGCTGATAATCCAAGAATG_010,19
GAGCTGATAATCCAAGAATG_011,137
GAGCTGATAATCCAAGAATG_012,177
GAGCTGATAATCCAAGAATG_013,1
TACAACCACCTCATTAACCC_001,30
TGAAGCCCCAGTAATTGTCC_001,175
TGAAGCCCCAGTAATTGTCC_002,49
TGAAGCCCCAGTAATTGTCC_003,118
TGAAGCCCCAGTAATTGTCC_004,157
TGAAGCCCCAGTAATTGTCC_005,72
TGAAGCCCCAGTAATTGTCC_006,159
TGAAGCCCCAGTAATTGTCC_007,127
TGAAGCCCCAGTAATTGTCC_008,52
TGAAGCCCCAGTAATTGTCC_009,104
TGAAGCCCCAGTAATTGTCC_010,121
TGAAGCCCCAGTAATTGTCC_011,144
TGAAGCCCCAGTAATTGTCC_012,87
TGAAGCCCCAGTAATTGTCC_013,152
TGAAGCCCCAGTAATTGTCC_014,99
ATTTCTTACCTGCAATTAGG_001,94
ATTTCTTACCTGCAATTAGG_002,184
ATTTCTTACCTGCAATTAGG_003,60
ATTTCTTACCTGCAATTAGG_004,13
ATTTCTTACCTGCAATTAGG_005,33
ATTTCTTACCTGCAATTAGG_006,130
ATTTCTTACCTGCAATTAGG_007,78
CCTGAGTTAATGAACACGAT_001,130
CCTGAGTTAATGAACACGAT_002,70
CCTGAGTTAATGAACACGAT_003,103
CCTGAGTTAATGAACACGAT_004,185
CCTGAGTTAATGAACACGAT_005,27
CCTGAGTTAATGAACACGAT_006,107
CCTGAGTTAATGAACACGAT_007,62
CCTGAGTTAATGAACACGAT_008,197
CCTGAGTTAATGAACACGAT_009,33
CCTGAGTTAATGAACACGAT_010,174
CCTGAGTTAATGAACACGAT_011,184
CCTGAGTTAATGAACACGAT_012,184
CCTGAGTTAATGAACACGAT_013,28
CCTGAGTTAATGAACACGAT_014,166
CCTGAGTTAATGAACACGAT_015,96
CCTGAGTTAATGAACACGAT_016,168
CCTGAGTTAATGAACACGAT_017,137
TGGCCCCCGAGTGGATACGG_001,120
TGGCCCCCGAGTGGATACGG_002,98
TGGCCCCCGAGTGGATACGG_003,56
TGGCCCCCGAGTGGATACGG_004,106
TGGCCCCCGAGTGGATACGG_005,25
TGGCCCCCGAGTGGATACGG_006,113
TGGCCCCCGAGTGGATACGG_007,22
TGGCCCCCGAGTGGATACGG_008,113
TGGCCCCCGAGTGGATACGG_009,104
TGGCCCCCGAGTGGATACGG_010,36
TGGCCCCCGAGTGGATACGG_011,30
TGGCCCCCGAGTGGATACGG_012,81
TGGCCCCCGAGTGGATACGG_013,147
TGGCCCCCGAGTGGATACGG_014,126
TGGCCCCCGAGTGGATACGG_015,60
TGGCCCCCGAGTGGATACGG_016,174
TGGCCCCCGAGTGGATACGG_017,197
TGGCCCCCGAGTGGATACGG_018,120
TGGCCCCCGAGTGGATACGG_019,24
TGGCCCCCGAGTGGATACGG_020,24
TGGCCCCCGAGTGGATACGG_021,154
TGGCCCCCGAGTGGATACGG_022,6
TGGCCCCCGAGTGGATACGG_023,49
TGGCCCCCGAGTGGATACGG_024,82
TGGCCCCCGAGTGGATACGG_025,4
TGGCCCCCGAGTGGATACGG_026,112
TGGCCCCCGAGTGGATACGG_027,191
TGGCCCCCGAGTGGATACGG_028,191
TGGCCCCCGAGTGGATACGG_029,186
TGGCCCCCGAGTGGATACGG_030,194
TGGCCCCCGAGTGGATACGG_031,194
TGGCCCCCGAGTGGATACGG_032,61
TGGCCCCCGAGTGGATACGG_033,88
TGGCCCCCGAGTGGATACGG_034,19
TGGCCCCCGAGTGGATACGG_035,11
TGGCCCCCGAGTGGATACGG_036,41
TGGCCCCCGAGTGGATACGG_037,52
TGGCCCCCGAGTGGATACGG_038,126
TGGCCCCCGAGTGGATACGG_039,145
TGGCCCCCGAGTGGATACGG_040,186
CCGCAAAGAGAGACTCGAGC_001,118
CCGCAAAGAGAGACTCGAGC_002,1
CCGCAAAGAGAGACTCGAGC_003,169
CCGCAAAGAGAGACTCGAGC_004,154
CCGCAAAGAGAGACTCGAGC_005,25
CCGCAAAGAGAGACTCGAGC_006,38
CCGCAAAGAGAGACTCGAGC_007,158
CCGCAAAGAGAGACTCGAGC_008,69
CCGCAAAGAGAGACTCGAGC_009,70
CCGCAAAGAGAGACTCGAGC_010,15
CCGCAAAGAGAGACTCGAGC_011,169
CCGCAAAGAGAGACTCGAGC_012,105
CCGCAAAGAGAGACTCGAGC_013,152
CCGCAAAGAGAGACTCGAGC_014,5
CCGCAAAGAGAGACTCGAGC_015,179
CCGCAAAGAGAGACTCGAGC_016,148
CCGCAAAGAGAGACTCGAGC_017,115
CCGCAAAGAGAGACTCGAGC_018,174
CTTCGTTCTGACTGAAAATG_001,188
CTTCGTTCTGACTGAAAATG_002,140
CTTCGTTCTGACTGAAAATG_003,177
CTTCGTTCTGACTGAAAATG_004,78
CTTCGTTCTGACTGAAAATG_005,82
CTTCGTTCTGACTGAAAATG_006,171
CTTCGTTCTGACTGAAAATG_007,41
CTTCGTTCTGACTGAAAATG_008,5
CTTCGTTCTGACTGAAAATG_009,158
CTTCGTTCTGACTGAAAATG_010,148
CTTCGTTCTGACTGAAAATG_011,120
CTTCGTTCTGACTGAAAATG_012,124
CTTCGTTCTGACTGAAAATG_013,52
TGGTAAACTCGCTCACAGAG_001,60
TGGTAAACTCGCTCACAGAG_002,78
TGGTAAACTCGCTCACAGAG_003,17
TGGTAAACTCGCTCACAGAG_004,113
TGGTAAACTCGCTCACAGAG_005,133
TGGTAAACTCGCTCACAGAG_006,132
TGGTAAACTCGCTCACAGAG_007,94
TGGTAAACTCGCTCACAGAG_008,55
TGGTAAACTCGCTCACAGAG_009,132
TGGTAAACTCGCTCACAGAG_010,40
TGTAAATCTGAATGGACCGG_001,191
TGTAAATCTGAATGGACCGG_002,48
CATGTTACAGGAATCCGCCG_001,0
CATGTTACAGGAATCCGCCG_002,173
CATGTTACAGGAATCCGCCG_003,19
CATGTTACAGGAATCCGCCG_004,4
CATGTTACAGGAATCCGCCG_005,98
CATGTTACAGGAATCCGCCG_006,162
CATGTTACAGGAATCCGCCG_007,1
CATGTTACAGGAATCCGCCG_008,162
CATGTTACAGGAATCCGCCG_009,1
CATGTTACAGGAATCCGCCG_010,169
CATGTTACAGGAATCCGCCG_011,156
CATGTTACAGGAATCCGCCG_012,198
CATGTTACAGGAATCCGCCG_013,115
CAGTAGCATTAAGTTGAGTG_001,197
CAGTAGCATTAAGTTGAGTG_002,149
CGGGCCAAGCTGCTTAACGT_001,137
CGGGCCAAGCTGCTTAACGT_002,132
CGGGCCAAGCTGCTTAACGT_003,49
CGGGCCAAGCTGCTTAACGT_004,88
CGGGCCAAGCTGCTTAACGT_005,175
CGGGCCAAGCTGCTTAACGT_006,32
CGGGCCAAGCTGCTTAACGT_007,116
CGGGCCAAGCTGCTTAACGT_008,116
CGGGCCAAGCTGCTTAACGT_009,78
AGCGCGCTCTACTTTCACAT_001,43
AGCGCGCTCTACTTTCACAT_002,57
AGCGCGCTCTACTTTCACAT_003,139
AGCGCGCTCTACTTTCACAT_004,160
AGCGCGCTCTACTTTCACAT_005,28
TTCTGAGGATCTATACCCAG_001,162
TTCTGAGGATCTATACCCAG_002,69
TTCTGAGGATCTATACCCAG_003,50
TTCTGAGGATCTATACCCAG_004,53
TTCTGAGGATCTATACCCAG_005,102
TTCTGAGGATCTATACCCAG_006,82
TTGGAGATGCATGATGCAGT_001,99
AGTTATTCCAGAAACTAATG_001,177
AGTTATTCCAGAAACTAATG_002,140
AGTTATTCCAGAAACTAATG_003,46
GCCTTCTTCACTAAGTGCCG_001,105
GCCTTCTTCACTAAGTGCCG_002,107
TCTTCAACCACTGGGTGTCA_001,15
TCTTCAACCACTGGGTGTCA_002,128
TCTTCAACCACTGGGTGTCA_003,23
TCTTCAACCACTGGGTGTCA_004,137
TCTTCAACCACTGGGTGTCA_005,148
TCTTCAACCACTGGGTGTCA_006,149
TCTTCAACCACTGGGTGTCA_007,127
TCTTCAACCACTGGGTGTCA_008,124
TCTTCAACCACTGGGTGTCA_009,0
TCTTCAACCACTGGGTGTCA_010,152
TCTTCAACCACTGGGTGTCA_011,172
TGGTCATCGACCTTACTGGT_001,8
TGGTCATCGACCTTACTGGT_002,185
TGGTCATCGACCTTACTGGT_003,51
TGGTCATCGACCTTACTGGT_004,69
TGGTCATCGACCTTACTGGT_005,175
TGGTCATCGACCTTACTGGT_006,26
TGGTCATCGACCTTACTGGT_007,21
TGGTCATCGACCTTACTGGT_008,191
GAGATAGCTCTGAATCTACG_001,78
GAGATAGCTCTGAATCTACG_002,150
GAGATAGCTCTGAATCTACG_003,168
GAGATAGCTCTGAATCTACG_004,19
GTTATCTATAAGACACCTTG_001,157
GTTATCTATAAGACACCTTG_002,177
AACTGGAAATGCAGCAGCTG_001,146
AACTGGAAATGCAGCAGCTG_002,169
AACTGGAAATGCAGCAGCTG_003,172
AACTGGAAATGCAGCAGCTG_004,168
AACTGGAAATGCAGCAGCTG_005,147
AACTGGAAATGCAGCAGCTG_006,115
AACTGGAAATGCAGCAGCTG_007,195
AACTGGAAATGCAGCAGCTG_008,60
AACTGGAAATGCAGCAGCTG_009,102
AACTGGAAATGCAGCAGCTG_010,1
AACTGGAAATGCAGCAGCTG_011,159
AACTGGAAATGCAGCAGCTG_012,94
AACTGGAAATGCAGCAGCTG_013,15
AACTGGAAATGCAGCAGCTG_014,175
AACTGGAAATGCAGCAGCTG_015,171
AACTGGAAATGCAGCAGCTG_016,42
AACTGGAAATGCAGCAGCTG_017,34
AACTGGAAATGCAGCAGCTG_018,175
AACTGGAAATGCAGCAGCTG_019,198
AACTGGAAATGCAGCAGCTG_020,77
AACTGGAAATGCAGCAGCTG_021,168
AACTGGAAATGCAGCAGCTG_022,103
AACTGGAAATGCAGCAGCTG_023,174
AACTGGAAATGCAGCAGCTG_024,110
AACTGGAAATGCAGCAGCTG_025,20
AACTGGAAATGCAGCAGCTG_026,91
AACTGGAAATGCAGCAGCTG_027,35
AACTGGAAATGCAGCAGCTG_028,191
AACTGGAAATGCAGCAGCTG_029,155
AACTGGAAATGCAGCAGCTG_030,85
AACTGGAAATGCAGCAGCTG_031,8
AACTGGAAATGCAGCAGCTG_032,41
AACTGGAAATGCAGCAGCTG_033,37
AACTGGAAATGCAGCAGCTG_034,130
AACTGGAAATGCAGCAGCTG_035,128
AACTGGAAATGCAGCAGCTG_036,151
AACTGGAAATGCAGCAGCTG_037,78
AACTGGAAATGCAGCAGCTG_038,50
AACTGGAAATGCAGCAGCTG_039,48
AACTGGAAATGCAGCAGCTG_040,60
AACTGGAAATGCAGCAGCTG_041,147
AACTGGAAATGCAGCAGCTG_042,114
AACTGGAAATGCAGCAGCTG_043,179
CATCCACTTGAATCACACAG_001,27
CATCCACTTGAATCACACAG_002,96
CATCCACTTGAATCACACAG_003,15
CTCACCGATCCACGTGATGA_001,121
CTCACCGATCCACGTGATGA_002,126
CTCACCGATCCACGTGATGA_003,69
CTCACCGATCCACGTGATGA_004,113
CTCACCGATCCACGTGATGA_005,105
CTCACCGATCCACGTGATGA_006,148
GGCCAAAGAAAGGTCCCCGG_001,57
GGCCAAAGAAAGGTCCCCGG_002,15
GGCCAAAGAAAGGTCCCCGG_003,106
GGCCAAAGAAAGGTCCCCGG_004,115
GGCCAAAGAAAGGTCCCCGG_005,181
GGCCAAAGAAAGGTCCCCGG_006,174
GGCCAAAGAAAGGTCCCCGG_007,37
GGCCAAAGAAAGGTCCCCGG_008,105
GGCCAAAGAAAGGTCCCCGG_009,165
GGCCAAAGAAAGGTCCCCGG_010,169
GGCCAAAGAAAGGTCCCCGG_011,158
GGCCAAAGAAAGGTCCCCGG_012,41
ACTCACCAATGTAATCAGAG_001,196
ACTCACCAATGTAATCAGAG_002,2
ACTCACCAATGTAATCAGAG_003,117
ACTCACCAATGTAATCAGAG_004,91
ACTCACCAATGTAATCAGAG_005,56
ACTCACCAATGTAATCAGAG_006,18
AGCACAAATTGGCCCACCAG_001,92
AGCACAAATTGGCCCACCAG_002,179
AGCACAAATTGGCCCACCAG_003,53
AGCACAAATTGGCCCACCAG_004,141
AGCACAAATTGGCCCACCAG_005,151
AGCACAAATTGGCCCACCAG_006,38
AGCACAAATTGGCCCACCAG_007,175
AGCACAAATTGGCCCACCAG_008,158
CAGAGGTCAAACTCCAAAGT_001,66
CAGAGGTCAAACTCCAAAGT_002,69
TACCTTGAATAAGACAGAGC_001,103
TACCTTGAATAAGACAGAGC_002,139
TACCTTGAATAAGACAGAGC_003,19
TACCTTGAATAAGACAGAGC_004,175
TCCTACAGCTCCGTAATGGG_001,172
TCCTACAGCTCCGTAATGGG_002,86
TCCTACAGCTCCGTAATGGG_003,160
ACAGGCACACTGTCCCCGAA_001,198
ACAGGCACACTGTCCCCGAA_002,102
ACAGGCACACTGTCCCCGAA_003,28
ACAGGCACACTGTCCCCGAA_004,159
ACTCGAATGACAGGACACTG_001,199
ACTCGAATGACAGGACACTG_002,134
ACTCGAATGACAGGACACTG_003,158
ACTCGAATGACAGGACACTG_004,36
ACTCGAATGACAGGACACTG_005,80
ACTCGAATGACAGGACACTG_006,113
AGGGCAGGATTCTCCGCCAA_001,28
AGGGCAGGATTCTCCGCCAA_002,168
AGGGCAGGATTCTCCGCCAA_003,5
AGGGCAGGATTCTCCGCCAA_004,44
AGGGCAGGATTCTCCGCCAA_005,12
AGGGCAGGATTCTCCGCCAA_006,72
AGGGCAGGATTCTCCGCCAA_007,130
AGGGCAGGATTCTCCGCCAA_008,1
AGGGCAGGATTCTCCGCCAA_009,127
AGGGCAGGATTCTCCGCCAA_010,5
AGGGCAGGATTCTCCGCCAA_011,11
AGGGCAGGATTCTCCGCCAA_012,116
AGGGCAGGATTCTCCGCCAA_013,199
AGGGCAGGATTCTCCGCCAA_014,146
AGGGCAGGATTCTCCGCCAA_015,4
AGGGCAGGATTCTCCGCCAA_016,28
AGGGCAGGATTCTCCGCCAA_017,161
AGGGCAGGATTCTCCGCCAA_018,158
AGGGCAGGATTCTCCGCCAA_019,48
CGGACACGTGTGCACCTCTG_001,162
CGGACACGTGTGCACCTCTG_002,48
CGGACACGTGTGCACCTCTG_003,141
CGGACACGTGTGCACCTCTG_004,170
CGGACACGTGTGCACCTCTG_005,161
CGGACACGTGTGCACCTCTG_006,1
CGGACACGTGTGCACCTCTG_007,86
CGGACACGTGTGCACCTCTG_008,137
CGGACACGTGTGCACCTCTG_009,8
CGGACACGTGTGCACCTCTG_010,0
CGGACACGTGTGCACCTCTG_011,96
CGGACACGTGTGCACCTCTG_012,81
GGACGACCATATCTTACCCA_001,154
CTTCAGCTTATCCAAGGCAC_001,63
CTTCAGCTTATCCAAGGCAC_002,34
CTTCAGCTTATCCAAGGCAC_003,162
CTTCAGCTTATCCAAGGCAC_004,84
CTTCAGCTTATCCAAGGCAC_005,136
CTTCAGCTTATCCAAGGCAC_006,168
CTTCAGCTTATCCAAGGCAC_007,44
CTTCAGCTTATCCAAGGCAC_008,157
CTTCAGCTTATCCAAGGCAC_009,19
GGATACACACCACTGCATGT_001,54
GGATACACACCACTGCATGT_002,6
GGATACACACCACTGCATGT_003,88
GGATACACACCACTGCATGT_004,50
GGATACACACCACTGCATGT_005,120
GGATACACACCACTGCATGT_006,30
GGATACACACCACTGCATGT_007,196
GGATACACACCACTGCATGT_008,32
GGATACACACCACTGCATGT_009,133
GGATACACACCACTGCATGT_010,3
GGATACACACCACTGCATGT_011,83
GGATACACACCACTGCATGT_012,90
GGATACACACCACTGCATGT_013,48
GGATACACACCACTGCATGT_014,138
GGATACACACCACTGCATGT_015,176
GGATACACACCACTGCATGT_016,174
GGATACACACCACTGCATGT_017,59
GGATACACACCACTGCATGT_018,139
GCTTTGCTAGCCAACCCAGA_001,182
CGGCATCACAAATCCTGGTG_001,149
CGGCATCACAAATCCTGGTG_002,16
CGGCATCACAAATCCTGGTG_003,67
CGGCATCACAAATCCTGGTG_004,156
CGGCATCACAAATCCTGGTG_005,74
CGGCATCACAAATCCTGGTG_006,74
CGGCATCACAAATCCTGGTG_007,190
CGGCATCACAAATCCTGGTG_008,161
CGGCATCACAAATCCTGGTG_009,166
CGGCATCACAAATCCTGGTG_010,180
CGGCATCACAAATCCTGGTG_011,22
GAACACCTTAAGAACACCGC_001,52
GAACACCTTAAGAACACCGC_002,102
GAACACCTTAAGAACACCGC_003,42
GAACACCTTAAGAACACCGC_004,159
GAACACCTTAAGAACACCGC_005,115
GAACACCTTAAGAACACCGC_006,175
GAACACCTTAAGAACACCGC_007,75
GAACACCTTAAGAACACCGC_008,168
GAACACCTTAAGAACACCGC_009,42
GAACACCTTAAGAACACCGC_010,58
GAACACCTTAAGAACACCGC_011,127
GAACACCTTAAGAACACCGC_012,79
CTGGTGTCCAATGGTTGTCG_001,68
CTGGTGTCCAATGGTTGTCG_002,142
CTGGTGTCCAATGGTTGTCG_003,81
CTGGTGTCCAATGGTTGTCG_004,160
CTGGTGTCCAATGGTTGTCG_005,188
CTGGTGTCCAATGGTTGTCG_006,1
CTGGTGTCCAATGGTTGTCG_007,77
CTGGTGTCCAATGGTTGTCG_008,95
CAGCAACGCTGCTCGCCCCG_001,165
TAAGATCTATCCTAGCCGGG_001,2
TAAGATCTATCCTAGCCGGG_002,115
TAAGATCTATCCTAGCCGGG_003,55
TAAGATCTATCCTAGCCGGG_004,25
TAAGATCTATCCTAGCCGGG_005,12
TAAGATCTATCCTAGCCGGG_006,190
TAAGATCTATCCTAGCCGGG_007,59
TAAGATCTATCCTAGCCGGG_008,185
TAAGATCTATCCTAGCCGGG_009,20
TAAGATCTATCCTAGCCGGG_010,43
TAAGATCTATCCTAGCCGGG_011,20
TAAGATCTATCCTAGCCGGG_012,84
TAAGATCTATCCTAGCCGGG_013,168
TAAGATCTATCCTAGCCGGG_014,127
TGAGAACACCAACCATACAC_001,0
TGAGAACACCAACCATACAC_002,3
TGAGAACACCAACCATACAC_003,105
TGAGAACACCAACCATACAC_004,64
TGAGAACACCAACCATACAC_005,195
TGAGAACACCAACCATACAC_006,52
TGAGAACACCAACCATACAC_007,157
TGAGAACACCAACCATACAC_008,20
TGAGAACACCAACCATACAC_009,108
TGAGAACACCAACCATACAC_010,80
ATGGTGTGTAAGCTGCAAGA_001,154
ATGGTGTGTAAGCTGCAAGA_002,24
ATGGTGTGTAAGCTGCAAGA_003,175
ATGGTGTGTAAGCTGCAAGA_004,3
ATGGTGTGTAAGCTGCAAGA_005,157
ATGGTGTGTAAGCTGCAAGA_006,28
ATGGTGTGTAAGCTGCAAGA_007,125
ATGGTGTGTAAGCTGCAAGA_008,148
ATGGTGTGTAAGCTGCAAGA_009,67
ATGGTGTGTAAGCTGCAAGA_010,199
ATGGTGTGTAAGCTGCAAGA_011,105
ATGGTGTGTAAGCTGCAAGA_012,188
ATGGTGTGTAAGCTGCAAGA_013,106
ATGGTGTGTAAGCTGCAAGA_014,81
ATGGTGTGTAAGCTGCAAGA_015,76
ATGGTGTGTAAGCTGCAAGA_016,70
CGGAGATACGTGCAACGCCG_001,105
CGGAGATACGTGCAACGCCG_002,80
CGGAGATACGTGCAACGCCG_003,46
GGTGTACCAGTGATCAGCCT_001,88
GGTGTACCAGTGATCAGCCT_002,115
GGTGTACCAGTGATCAGCCT_003,52
GGTGTACCAGTGATCAGCCT_004,154
GGTGTACCAGTGATCAGCCT_005,121
TGCGAATCACCAAAAGAACA_001,102
TGCGAATCACCAAAAGAACA_002,39
TTATGGACGACCGCCAGACT_001,107
TTATGGACGACCGCCAGACT_002,169
TTATGGACGACCGCCAGACT_003,114
TTATGGACGACCGCCAGACT_004,45
TTATGGACGACCGCCAGACT_005,30
TTATGGACGACCGCCAGACT_006,105
TTATGGACGACCGCCAGACT_007,78
TTATGGACGACCGCCAGACT_008,104
TTATGGACGACCGCCAGACT_009,63
TTATGGACGACCGCCAGACT_010,191
TTATGGACGACCGCCAGACT_011,47
TTATGGACGACCGCCAGACT_012,161
TTATGGACGACCGCCAGACT_013,46
TTATGGACGACCGCCAGACT_014,60
GTGTCCAGCTCGTAGCCGCG_001,42
GTGTCCAGCTCGTAGCCGCG_002,102
GTGTCCAGCTCGTAGCCGCG_003,107
GTGTCCAGCTCGTAGCCGCG_004,73
GTGTCCAGCTCGTAGCCGCG_005,143
GTGTCCAGCTCGTAGCCGCG_006,49
GTGTCCAGCTCGTAGCCGCG_007,94
GTGTCCAGCTCGTAGCCGCG_008,58
GTGTCCAGCTCGTAGCCGCG_009,16
GTGTCCAGCTCGTAGCCGCG_010,162
GTGTCCAGCTCGTAGCCGCG_011,173
GTGTCCAGCTCGTAGCCGCG_012,59
GTGTCCAGCTCGTAGCCGCG_013,29
GTGTCCAGCTCGTAGCCGCG_014,50
GTGTCCAGCTCGTAGCCGCG_015,17
GTGTCCAGCTCGTAGCCGCG_016,67
CCGGCGGGAGCATAGACGAG_001,58
CCGGCGGGAGCATAGACGAG_002,79
CCGGCGGGAGCATAGACGAG_003,1
CCGGCGGGAGCATAGACGAG_004,169
CCGGCGGGAGCATAGACGAG_005,158
CCGGCGGGAGCATAGACGAG_006,174
CCGGCGGGAGCATAGACGAG_007,49
CCGGCGGGAGCATAGACGAG_008,36
CCGGCGGGAGCATAGACGAG_009,144
CCGGCGGGAGCATAGACGAG_010,122
CCGGCGGGAGCATAGACGAG_011,161
CCGGCGGGAGCATAGACGAG_012,34
CCGGCGGGAGCATAGACGAG_013,8
CCGGCGGGAGCATAGACGAG_014,98
CCGGCGGGAGCATAGACGAG_015,98
CCGGCGGGAGCATAGACGAG_016,127
CCGGCGGGAGCATAGACGAG_017,41
CCGGCGGGAGCATAGACGAG_018,88
CCGGCGGGAGCATAGACGAG_019,139
CCGGCGGGAGCATAGACGAG_020,54
CCGGCGGGAGCATAGACGAG_021,64
CCGGCGGGAGCATAGACGAG_022,40
CCGGCGGGAGCATAGACGAG_023,137
CCGGCGGGAGCATAGACGAG_024,40
CCGGCGGGAGCATAGACGAG_025,147
CCGGCGGGAGCATAGACGAG_026,105
CCGGCGGGAGCATAGACGAG_027,1
CCGGCGGGAGCATAGACGAG_028,35
CCGGCGGGAGCATAGACGAG_029,55
CCGGCGGGAGCATAGACGAG_030,44
CCGGCGGGAGCATAGACGAG_031,170
TTTCATCTTCTTCGCATGGT_001,153
TTTCATCTTCTTCGCATGGT_002,78
TTTCATCTTCTTCGCATGGT_003,9
TTTCATCTTCTTCGCATGGT_004,78
AAAGAAAACAAAACACCTGG_001,107
AAAGAAAACAAAACACCTGG_002,158
AAAGAAAACAAAACACCTGG_003,98
AAAGAAAACAAAACACCTGG_004,190
AAAGAAAACAAAACACCTGG_005,182
AAAGAAAACAAAACACCTGG_006,46
AAAGAAAACAAAACACCTGG_007,2
CTGAATGCCAGTAGTCCCTG_001,35
CTGAATGCCAGTAGTCCCTG_002,91
CTGAATGCCAGTAGTCCCTG_003,56
CTGAATGCCAGTAGTCCCTG_004,77
CTGAATGCCAGTAGTCCCTG_005,66
CTGAATGCCAGTAGTCCCTG_006,175
CTGAATGCCAGTAGTCCCTG_007,34
GTCTGGGATTACGACTCTCG_001,80
GTCTGGGATTACGACTCTCG_002,177
GTCTGGGATTACGACTCTCG_003,103
GTCTGGGATTACGACTCTCG_004,119
GTCTGGGATTACGACTCTCG_005,178
GTCTGGGATTACGACTCTCG_006,199
GTCTGGGATTACGACTCTCG_007,8
GTCTGGGATTACGACTCTCG_008,147
GTCTGGGATTACGACTCTCG_009,27
GTCTGGGATTACGACTCTCG_010,3
AATAAGAGCTCGAGATCAGG_001,118
AATAAGAGCTCGAGATCAGG_002,52
AATAAGAGCTCGAGATCAGG_003,88
AGAGTAATCAATGATTGACT_001,170
AGAGTAATCAATGATTGACT_002,40
AGAGTAATCAATGATTGACT_003,46
AGAGTAATCAATGATTGACT_004,36
AGAGTAATCAATGATTGACT_005,130
CCTTAGACCCGGCACTACGT_001,188
CCTTAGACCCGGCACTACGT_002,85
CCTTAGACCCGGCACTACGT_003,41
CCTTAGACCCGGCACTACGT_004,41
CCTTAGACCCGGCACTACGT_005,22
CCTTAGACCCGGCACTACGT_006,18
CCTTAGACCCGGCACTACGT_007,184
GGGGTGTCCACTGAAGACCG_001,164
GGGGTGTCCACTGAAGACCG_002,56
GGGGTGTCCACTGAAGACCG_003,139
GGGGTGTCCACTGAAGACCG_004,5
GGGGTGTCCACTGAAGACCG_005,149
GGGGTGTCCACTGAAGACCG_006,30
GGGGTGTCCACTGAAGACCG_007,76
GGGGTGTCCACTGAAGACCG_008,49
GGGGTGTCCACTGAAGACCG_009,104
GGGGTGTCCACTGAAGACCG_010,198
GGGGTGTCCACTGAAGACCG_011,155
GGGGTGTCCACTGAAGACCG_012,12
GGGGTGTCCACTGAAGACCG_013,122
GGGGTGTCCACTGAAGACCG_014,19
TGCTTGTAACTGAACTGATG_001,29
TGCTTGTAACTGAACTGATG_002,30
TGCTTGTAACTGAACTGATG_003,123
TGCTTGTAACTGAACTGATG_004,9
TGCTTGTAACTGAACTGATG_005,170
TGCTTGTAACTGAACTGATG_006,172
TGCTTGTAACTGAACTGATG_007,179
TGCTTGTAACTGAACTGATG_008,109
TGCTTGTAACTGAACTGATG_009,108
TGCTTGTAACTGAACTGATG_010,20
ACAATAACTTGCCAATCCAC_001,10
ACAATAACTTGCCAATCCAC_002,114
ACAATAACTTGCCAATCCAC_003,142
ACAATAACTTGCCAATCCAC_004,104
ACAATAACTTGCCAATCCAC_005,119
ACAATAACTTGCCAATCCAC_006,115
ACAATAACTTGCCAATCCAC_007,60
ACAATAACTTGCCAATCCAC_008,49
TTCCTCCAACACGTCCAAGT_001,198
TTCCTCCAACACGTCCAAGT_002,8
TTCCTCCAACACGTCCAAGT_003,153
TTCCTCCAACACGTCCAAGT_004,181
TTCCTCCAACACGTCCAAGT_005,16
TTCCTCCAACACGTCCAAGT_006,17
TTCCTCCAACACGTCCAAGT_007,49
TTCCTCCAACACGTCCAAGT_008,162
TTCCTCCAACACGTCCAAGT_009,41
TTCCTCCAACACGTCCAAGT_010,88
TTCCTCCAACACGTCCAAGT_011,29
TTCCTCCAACACGTCCAAGT_012,198
TGGTATACGAACATCCAGAT_001,127
TGGTATACGAACATCCAGAT_002,191
TGGTATACGAACATCCAGAT_003,63
TGGTATACGAACATCCAGAT_004,160
TGGTATACGAACATCCAGAT_005,1
TGGTATACGAACATCCAGAT_006,77
TGGTATACGAACATCCAGAT_007,69
TGGTATACGAACATCCAGAT_008,158
ATACTGCACGGATTAGAACT_001,149
ATACTGCACGGATTAGAACT_002,49
ATACTGCACGGATTAGAACT_003,49
ATACTGCACGGATTAGAACT_004,35
CAGAAGTGACTATCACGTGG_001,96
CAGAAGTGACTATCACGTGG_002,49
CAGAAGTGACTATCACGTGG_003,2
AAGCGAGGTGATAGGACTAG_001,194
AAGCGAGGTGATAGGACTAG_002,172
AAGCGAGGTGATAGGACTAG_003,145
AAGCGAGGTGATAGGACTAG_004,185
AAGCGAGGTGATAGGACTAG_005,33
AAGCGAGGTGATAGGACTAG_006,184
AAGCGAGGTGATAGGACTAG_007,38
AAGCGAGGTGATAGGACTAG_008,198
AAGCGAGGTGATAGGACTAG_009,96
AAGCGGTTAGAGTCGAGCAA_001,24
AAGCGGTTAGAGTCGAGCAA_002,96
AAGCGGTTAGAGTCGAGCAA_003,130
AAGCGGTTAGAGTCGAGCAA_004,127
AAGCGGTTAGAGTCGAGCAA_005,98
AAGCGGTTAGAGTCGAGCAA_006,4
AAGCGGTTAGAGTCGAGCAA_007,73
AAGCGGTTAGAGTCGAGCAA_008,146
AAGCGGTTAGAGTCGAGCAA_009,146
AAGCGGTTAGAGTCGAGCAA_010,183
AAGCGGTTAGAGTCGAGCAA_011,62
AAGCGGTTAGAGTCGAGCAA_012,26
AAGCGGTTAGAGTCGAGCAA_013,81
AAGCGGTTAGAGTCGAGCAA_014,61
AAGCGGTTAGAGTCGAGCAA_015,162
AAGCGGTTAGAGTCGAGCAA_016,94
AAGCGGTTAGAGTCGAGCAA_017,165
AAGCGGTTAGAGTCGAGCAA_018,10
AAGCGGTTAGAGTCGAGCAA_019,153
AAGCGGTTAGAGTCGAGCAA_020,67
AAGCGGTTAGAGTCGAGCAA_021,44
CTACCGTCAAAGCTCTAGTG_001,118
CTACCGTCAAAGCTCTAGTG_002,27
CTACCGTCAAAGCTCTAGTG_003,187
CTACCGTCAAAGCTCTAGTG_004,175
CTACCGTCAAAGCTCTAGTG_005,24
CTACCGTCAAAGCTCTAGTG_006,113
CTACCGTCAAAGCTCTAGTG_007,90
CTGAGTGAAAAATAAAAGTT_001,55
CTGAGTGAAAAATAAAAGTT_002,37
CTGAGTGAAAAATAAAAGTT_003,127
CTGAGTGAAAAATAAAAGTT_004,56
CTGAGTGAAAAATAAAAGTT_005,169
CTGAGTGAAAAATAAAAGTT_006,0
TCACGACGGGCTGAGACAGG_001,4
TCACGACGGGCTGAGACAGG_002,160
TCACGACGGGCTGAGACAGG_003,85
TCACGACGGGCTGAGACAGG_004,154
TCACGACGGGCTGAGACAGG_005,184
TCACGACGGGCTGAGACAGG_006,81
TCACGACGGGCTGAGACAGG_007,174
TCACGACGGGCTGAGACAGG_008,144
TCACGACGGGCTGAGACAGG_009,81
TCACGACGGGCTGAGACAGG_010,28
TCACGACGGGCTGAGACAGG_011,176
TCCATGCAGAAAGACTACCC_001,141
TCCATGCAGAAAGACTACCC_002,166
TCCATGCAGAAAGACTACCC_003,10
TGACGTCTACACCTCCAGCG_001,17
TGACGTCTACACCTCCAGCG_002,193
TGACGTCTACACCTCCAGCG_003,15
TGACGTCTACACCTCCAGCG_004,174
TGACGTCTACACCTCCAGCG_005,184
TGACGTCTACACCTCCAGCG_006,94
TGACGTCTACACCTCCAGCG_007,36
TGACGTCTACACCTCCAGCG_008,141
TGACGTCTACACCTCCAGCG_009,164
TGACGTCTACACCTCCAGCG_010,5
TGACGTCTACACCTCCAGCG_011,196
TGACGTCTACACCTCCAGCG_012,170
CTCAGACACAGACAGCGGCG_001,6
CTCAGACACAGACAGCGGCG_002,168
CTCAGACACAGACAGCGGCG_003,140
CTCAGACACAGACAGCGGCG_004,15
CTCAGACACAGACAGCGGCG_005,25
CTCAGACACAGACAGCGGCG_006,160
CTCAGACACAGACAGCGGCG_007,1
CTCAGACACAGACAGCGGCG_008,42
CTCAGACACAGACAGCGGCG_009,48
CTCAGACACAGACAGCGGCG_010,42
CTCAGACACAGACAGCGGCG_011,20
CTCAGACACAGACAGCGGCG_012,50
CTCAGACACAGACAGCGGCG_013,18
CTCAGACACAGACAGCGGCG_014,50
CTCAGACACAGACAGCGGCG_015,97
CTCAGACACAGACAGCGGCG_016,70
CTCAGACACAGACAGCGGCG_017,95
TGATGGTTAGAGATGAGCGG_001,175
TGATGGTTAGAGATGAGCGG_002,12
TGATGGTTAGAGATGAGCGG_003,78
TGATGGTTAGAGATGAGCGG_004,181
TGATGGTTAGAGATGAGCGG_005,69
TGATGGTTAGAGATGAGCGG_006,172
TGATGGTTAGAGATGAGCGG_007,25
TGATGGTTAGAGATGAGCGG_008,163
TGATGGTTAGAGATGAGCGG_009,29
TGATGGTTAGAGATGAGCGG_010,9
TGATGGTTAGAGATGAGCGG_011,149
TGATGGTTAGAGATGAGCGG_012,39
TGATGGTTAGAGATGAGCGG_013,37
TGATGGTTAGAGATGAGCGG_014,2
TGATGGTTAGAGATGAGCGG_015,109
TGATGGTTAGAGATGAGCGG_016,68
TGATGGTTAGAGATGAGCGG_017,96
TGATGGTTAGAGATGAGCGG_018,50
TGATGGTTAGAGATGAGCGG_019,39
TGATGGTTAGAGATGAGCGG_020,81
CCAGAAAGTTCACAACGGCA_001,85
CCAGAAAGTTCACAACGGCA_002,127
CCAGAAAGTTCACAACGGCA_003,181
CCAGAAAGTTCACAACGGCA_004,42
CCAGAAAGTTCACAACGGCA_005,11
CCAGAAAGTTCACAACGGCA_006,11
CCAGAAAGTTCACAACGGCA_007,154
TGGCGTCTATGAATTCACGC_001,44
TGGCGTCTATGAATTCACGC_002,60
TGGCGTCTATGAATTCACGC_003,164
TGGCGTCTATGAATTCACGC_004,49
CAGATGGTACCAGCCGCTCA_001,160
CAGATGGTACCAGCCGCTCA_002,60
CAGATGGTACCAGCCGCTCA_003,98
CAGATGGTACCAGCCGCTCA_004,94
ATAGACCGTGTAGTCACAAG_001,153
TTGCCTGCGTCGTGTGCAAG_001,121
TTGCCTGCGTCGTGTGCAAG_002,51
TTGCCTGCGTCGTGTGCAAG_003,84
TTGCCTGCGTCGTGTGCAAG_004,181
TTGCCTGCGTCGTGTGCAAG_005,20
TTGCCTGCGTCGTGTGCAAG_006,78
TTGCCTGCGTCGTGTGCAAG_007,81
TTGCCTGCGTCGTGTGCAAG_008,170
TTGCCTGCGTCGTGTGCAAG_009,23
TTGCCTGCGTCGTGTGCAAG_010,103
TTGCCTGCGTCGTGTGCAAG_011,76
TTGCCTGCGTCGTGTGCAAG_012,65
TTGCCTGCGTCGTGTGCAAG_013,65
AGATGCTCCATGATTTAACA_001,25
AGATGCTCCATGATTTAACA_002,188
AGATGCTCCATGATTTAACA_003,106
AGATGCTCCATGATTTAACA_004,106
TCATCAGGAGCACTTCGAGG_001,166
TCATCAGGAGCACTTCGAGG_002,105
TCATCAGGAGCACTTCGAGG_003,151
CTTTGGCAACACGACCATTG_001,125
CTTTGGCAACACGACCATTG_002,22
CTTTGGCAACACGACCATTG_003,84
ACTATACAGAGACTTAGCCA_001,149
ACTATACAGAGACTTAGCCA_002,195
ACTATACAGAGACTTAGCCA_003,67
ACTATACAGAGACTTAGCCA_004,101
ACTATACAGAGACTTAGCCA_005,63
ACTATACAGAGACTTAGCCA_006,121
CAGTATTAGCTGAAAACCTG_001,105
CAGTATTAGCTGAAAACCTG_002,54
CAGTATTAGCTGAAAACCTG_003,12
CAGTATTAGCTGAAAACCTG_004,88
CAGTATTAGCTGAAAACCTG_005,157
CAGTATTAGCTGAAAACCTG_006,145
CAGTATTAGCTGAAAACCTG_007,174
AGAGGAGGAGAAGCTAGAGG_001,62
AGAGGAGGAGAAGCTAGAGG_002,61
AGAGGAGGAGAAGCTAGAGG_003,77
AGAGGAGGAGAAGCTAGAGG_004,185
AAACCTCTACTATGCTGGCA_001,174
AAACCTCTACTATGCTGGCA_002,8
AAACCTCTACTATGCTGGCA_003,56
AAACCTCTACTATGCTGGCA_004,58
AAACCTCTACTATGCTGGCA_005,52
AAACCTCTACTATGCTGGCA_006,96
AAACCTCTACTATGCTGGCA_007,135
AAACCTCTACTATGCTGGCA_008,171
AAACCTCTACTATGCTGGCA_009,77
AAACCTCTACTATGCTGGCA_010,5
AAACCTCTACTATGCTGGCA_011,17
AAACCTCTACTATGCTGGCA_012,21
AAACCTCTACTATGCTGGCA_013,104
AAACCTCTACTATGCTGGCA_014,124
AAACCTCTACTATGCTGGCA_015,82
ACGCTGCACAGTGACGACGA_001,1
ACGCTGCACAGTGACGACGA_002,133
ACGCTGCACAGTGACGACGA_003,127
ACGCTGCACAGTGACGACGA_004,58
ACGCTGCACAGTGACGACGA_005,66
ACGCTGCACAGTGACGACGA_006,160
CCCAACCTCTGTCATCACAC_001,6
CCCAACCTCTGTCATCACAC_002,151
CCCAACCTCTGTCATCACAC_003,192
CCCAACCTCTGTCATCACAC_004,98
CCCAACCTCTGTCATCACAC_005,81
CCCAACCTCTGTCATCACAC_006,81
CCCAACCTCTGTCATCACAC_007,169
CCCAACCTCTGTCATCACAC_008,188
CCCAACCTCTGTCATCACAC_009,157
CCCAACCTCTGTCATCACAC_010,78
CCCAACCTCTGTCATCACAC_011,184
CCCAACCTCTGTCATCACAC_012,27
CCCAACCTCTGTCATCACAC_013,124
CCCAACCTCTGTCATCACAC_014,106
CCCAACCTCTGTCATCACAC_015,33
CCCAACCTCTGTCATCACAC_016,198
CTCATAAGGACTCTTGACGC_001,102
CTCATAAGGACTCTTGACGC_002,49
CTCATAAGGACTCTTGACGC_003,50
CCCACAGAGCTATGAAACCC_001,115
GCAGGACCCCCTGCAGCACG_001,78
GCAGGACCCCCTGCAGCACG_002,185
GCAGGACCCCCTGCAGCACG_003,6
GCAGGACCCCCTGCAGCACG_004,44
GCAGGACCCCCTGCAGCACG_005,66
GCAGGACCCCCTGCAGCACG_006,2
GCAGGACCCCCTGCAGCACG_007,101
GCAGGACCCCCTGCAGCACG_008,75
GCAGGACCCCCTGCAGCACG_009,49
GCAGGACCCCCTGCAGCACG_010,6
GCAGGACCCCCTGCAGCACG_011,29
GCAGGACCCCCTGCAGCACG_012,1
GCAGGACCCCCTGCAGCACG_013,106
GCAGGACCCCCTGCAGCACG_014,94
GCAGGACCCCCTGCAGCACG_015,104
GCAGGACCCCCTGCAGCACG_016,23
GCAGGACCCCCTGCAGCACG_017,23
GCAGGACCCCCTGCAGCACG_018,178
GCAGGACCCCCTGCAGCACG_019,31
GCAGGACCCCCTGCAGCACG_020,20
GCAGGACCCCCTGCAGCACG_021,175
GCGGATGCGGTCGTGAAGAT_001,159
GCGGATGCGGTCGTGAAGAT_002,2
GCGGATGCGGTCGTGAAGAT_003,49
GCGGATGCGGTCGTGAAGAT_004,96
GCGGATGCGGTCGTGAAGAT_005,4
GCGGATGCGGTCGTGAAGAT_006,152
GCGGATGCGGTCGTGAAGAT_007,149
GCGGATGCGGTCGTGAAGAT_008,30
GCGGATGCGGTCGTGAAGAT_009,134
GCGGATGCGGTCGTGAAGAT_010,60
GCGGATGCGGTCGTGAAGAT_011,19
GCGGATGCGGTCGTGAAGAT_012,29
GCGGATGCGGTCGTGAAGAT_013,50
GCGGATGCGGTCGTGAAGAT_014,43
GCGGATGCGGTCGTGAAGAT_015,0
GCGGATGCGGTCGTGAAGAT_016,15
GCGGATGCGGTCGTGAAGAT_017,26
GCGGATGCGGTCGTGAAGAT_018,172
GCGGATGCGGTCGTGAAGAT_019,50
GCGGATGCGGTCGTGAAGAT_020,149
GCGGATGCGGTCGTGAAGAT_021,9
GCGGATGCGGTCGTGAAGAT_022,169
GCGGATGCGGTCGTGAAGAT_023,182
GCGGATGCGGTCGTGAAGAT_024,149
GCGGATGCGGTCGTGAAGAT_025,18
GCGGATGCGGTCGTGAAGAT_026,190
GCGGATGCGGTCGTGAAGAT_027,11
GCGGATGCGGTCGTGAAGAT_028,80
GCGGATGCGGTCGTGAAGAT_029,15
GCGGATGCGGTCGTGAAGAT_030,145
AGTACCTCAAGAACGACACG_001,170
AGTACCTCAAGAACGACACG_002,146
AGTACCTCAAGAACGACACG_003,74
AGTACCTCAAGAACGACACG_004,35
AGTACCTCAAGAACGACACG_005,147
AGTACCTCAAGAACGACACG_006,157
AGTACCTCAAGAACGACACG_007,82
AGTACCTCAAGAACGACACG_008,178
AGTACCTCAAGAACGACACG_009,176
AGTACCTCAAGAACGACACG_010,60
AGTACCTCAAGAACGACACG_011,148
AGTACCTCAAGAACGACACG_012,18
AGTACCTCAAGAACGACACG_013,27
AGTACCTCAAGAACGACACG_014,121
AGTACCTCAAGAACGACACG_015,50
GTTAATGTACATCTTAAGGA_001,121
GTTAATGTACATCTTAAGGA_002,113
GTTAATGTACATCTTAAGGA_003,102
GTTAATGTACATCTTAAGGA_004,76
CCCACATTTAAAAACGCAGT_001,32
CCCACATTTAAAAACGCAGT_002,21
CCCACATTTAAAAACGCAGT_003,19
CCCACATTTAAAAACGCAGT_004,177
AGGGCCATGAATCCACTGTG_001,79
AGGGCCATGAATCCACTGTG_002,94
AGGGCCATGAATCCACTGTG_003,115
AGGGCCATGAATCCACTGTG_004,35
AGGGCCATGAATCCACTGTG_005,166
AGGGCCATGAATCCACTGTG_006,59
AGGGCCATGAATCCACTGTG_007,58
AGGGCCATGAATCCACTGTG_008,80
AGGGCCATGAATCCACTGTG_009,130
AGGGCCATGAATCCACTGTG_010,78
AGGGCCATGAATCCACTGTG_011,107
AGGGCCATGAATCCACTGTG_012,188
AGGGCCATGAATCCACTGTG_013,109
ACTGGAGCAGATGATAGGCT_001,188
ACTGGAGCAGATGATAGGCT_002,58
ACTGGAGCAGATGATAGGCT_003,197
ACTGGAGCAGATGATAGGCT_004,195
ACTGGAGCAGATGATAGGCT_005,1
ACTGGAGCAGATGATAGGCT_006,140
ACTGGAGCAGATGATAGGCT_007,142
ACTGGAGCAGATGATAGGCT_008,60
ACTGGAGCAGATGATAGGCT_009,86
ACTGGAGCAGATGATAGGCT_010,160
ACTGGAGCAGATGATAGGCT_011,131
ACTGGAGCAGATGATAGGCT_012,196
ACTGGAGCAGATGATAGGCT_013,82
ACTGGAGCAGATGATAGGCT_014,122
ACTGGAGCAGATGATAGGCT_015,98
ACTGGAGCAGATGATAGGCT_016,88
ACTGGAGCAGATGATAGGCT_017,180
ACTGGAGCAGATGATAGGCT_018,52
TGTGCGGCCCTACATTGTGG_001,56
TGTGCGGCCCTACATTGTGG_002,135
TGTGCGGCCCTACATTGTGG_003,184
TGTGCGGCCCTACATTGTGG_004,99
TGTGCGGCCCTACATTGTGG_005,144
CAGATCGACTCTATCTCCTG_001,62
AAGGCGAGAAGAGTGCCCCG_001,194
AAGGCGAGAAGAGTGCCCCG_002,139
AAGGCGAGAAGAGTGCCCCG_003,154
AAGGCGAGAAGAGTGCCCCG_004,102
AAGGCGAGAAGAGTGCCCCG_005,196
AAGGCGAGAAGAGTGCCCCG_006,94
AAGGCGAGAAGAGTGCCCCG_007,171
AAGGCGAGAAGAGTGCCCCG_008,85
AAGGCGAGAAGAGTGCCCCG_009,91
AAGGCGAGAAGAGTGCCCCG_010,42
AAGGCGAGAAGAGTGCCCCG_011,172
AAGGCGAGAAGAGTGCCCCG_012,179
AAGGCGAGAAGAGTGCCCCG_013,111
AAGGCGAGAAGAGTGCCCCG_014,23
AAGGCGAGAAGAGTGCCCCG_015,69
AAGGCGAGAAGAGTGCCCCG_016,108
ATATATCACAAAGGTCTCTG_001,145
ATATATCACAAAGGTCTCTG_002,147
ATATATCACAAAGGTCTCTG_003,44
ATATATCACAAAGGTCTCTG_004,135
ATATATCACAAAGGTCTCTG_005,12
ATATATCACAAAGGTCTCTG_006,41
ATATATCACAAAGGTCTCTG_007,127
ATATATCACAAAGGTCTCTG_008,174
ATATATCACAAAGGTCTCTG_009,168
ATATATCACAAAGGTCTCTG_010,173
ATATATCACAAAGGTCTCTG_011,173
ATATATCACAAAGGTCTCTG_012,28
ATATATCACAAAGGTCTCTG_013,144
ATATATCACAAAGGTCTCTG_014,190
ATATATCACAAAGGTCTCTG_015,190
ATATATCACAAAGGTCTCTG_016,68
GCAGCCTATCTTCATGCGCA_001,89
GCAGCCTATCTTCATGCGCA_002,151
GCAGCCTATCTTCATGCGCA_003,5
GCAGCCTATCTTCATGCGCA_004,130
GTGACTATGCTTCATCAGAG_001,83
GTGACTATGCTTCATCAGAG_002,26
AGACCAATTTGTCTTTGTTG_001,19
AGACCAATTTGTCTTTGTTG_002,19
AGACCAATTTGTCTTTGTTG_003,191
AGACCAATTTGTCTTTGTTG_004,3
CATCTTCACCCATTAACCCA_001,49
CATCTTCACCCATTAACCCA_002,157
CATCTTCACCCATTAACCCA_003,169
CATCTTCACCCATTAACCCA_004,184
CATCTTCACCCATTAACCCA_005,32
CATCTTCACCCATTAACCCA_006,144
AGTCATCATTGATTTGACAG_001,142
CATGAGGTACTCCCTAACAA_001,180
CTCTACACGCTGCTCCCTCG_001,29
CTCTACACGCTGCTCCCTCG_002,111
CTCTACACGCTGCTCCCTCG_003,154
CTCTACACGCTGCTCCCTCG_004,163
CTCTACACGCTGCTCCCTCG_005,98
CTCTACACGCTGCTCCCTCG_006,190
CTCTACACGCTGCTCCCTCG_007,182
GCTAAACTCTACTGTAATCG_001,166
GCTAAACTCTACTGTAATCG_002,158
ACAACACTTACTGCAGTCTG_001,83
ACAACACTTACTGCAGTCTG_002,2
ACAACACTTACTGCAGTCTG_003,49
ACAACACTTACTGCAGTCTG_004,22
AGCAGTTGAGATTAGTGGAG_001,97
AGCAGTTGAGATTAGTGGAG_002,195
AGCAGTTGAGATTAGTGGAG_003,113
AGCAGTTGAGATTAGTGGAG_004,1
GGAACTGTGAATCAAATCGA_001,95
GGAACTGTGAATCAAATCGA_002,137
GGAACTGTGAATCAAATCGA_003,138
GGAACTGTGAATCAAATCGA_004,100
GGAACTGTGAATCAAATCGA_005,178
GGAACTGTGAATCAAATCGA_006,63
GGAACTGTGAATCAAATCGA_007,160
GGAACTGTGAATCAAATCGA_008,25
GGAACTGTGAATCAAATCGA_009,94
GGTAGAGGCCCAATTCGGAG_001,49
GGTAGAGGCCCAATTCGGAG_002,93
GGTAGAGGCCCAATTCGGAG_003,21
GGTAGAGGCCCAATTCGGAG_004,49
GGTAGAGGCCCAATTCGGAG_005,150
GGTAGAGGCCCAATTCGGAG_006,151
GGTAGAGGCCCAATTCGGAG_007,184
GGTAGAGGCCCAATTCGGAG_008,10
GGTAGAGGCCCAATTCGGAG_009,6
GGTAGAGGCCCAATTCGGAG_010,60
TAGAGAACAGGCCAACCTGG_001,82
TAGAGAACAGGCCAACCTGG_002,32
TAGAGAACAGGCCAACCTGG_003,41
TAGAGAACAGGCCAACCTGG_004,156
TAGAGAACAGGCCAACCTGG_005,113
TAGAGAACAGGCCAACCTGG_006,136
TAGAGAACAGGCCAACCTGG_007,186
TTGGCCGAGGAGAAGCGCGA_001,134
TTGGCCGAGGAGAAGCGCGA_002,26
TTGGCCGAGGAGAAGCGCGA_003,145
TTGGCCGAGGAGAAGCGCGA_004,77
TTGGCCGAGGAGAAGCGCGA_005,163
TTGGCCGAGGAGAAGCGCGA_006,3
TTGGCCGAGGAGAAGCGCGA_007,169
TTGGCCGAGGAGAAGCGCGA_008,77
TTGGCCGAGGAGAAGCGCGA_009,44
TTGGCCGAGGAGAAGCGCGA_010,137
TTGGCCGAGGAGAAGCGCGA_011,186
TTGGCCGAGGAGAAGCGCGA_012,107
TTGGCCGAGGAGAAGCGCGA_013,134
TTGGCCGAGGAGAAGCGCGA_014,127
TTGGCCGAGGAGAAGCGCGA_015,180
TTGGCCGAGGAGAAGCGCGA_016,0
TTGGCCGAGGAGAAGCGCGA_017,165
TTGGCCGAGGAGAAGCGCGA_018,169
TTGGCCGAGGAGAAGCGCGA_019,91
TTGGCCGAGGAGAAGCGCGA_020,91
TTACATCTTTATGACACCAG_001,149
TTACATCTTTATGACACCAG_002,1
TTACATCTTTATGACACCAG_003,53
TTACATCTTTATGACACCAG_004,182
TTACATCTTTATGACACCAG_005,148
GCTGTCCCACAACCTGTACA_001,48
GCTGTCCCACAACCTGTACA_002,78
GCTGTCCCACAACCTGTACA_003,48
GCTGTCCCACAACCTGTACA_004,130
GCTGTCCCACAACCTGTACA_005,198
GCTGTCCCACAACCTGTACA_006,95
GCTGTCCCACAACCTGTACA_007,144
GCTGTCCCACAACCTGTACA_008,26
GCTGTCCCACAACCTGTACA_009,159
GCTGTCCCACAACCTGTACA_010,74
GCTGTCCCACAACCTGTACA_011,137
GCTGTCCCACAACCTGTACA_012,37
GCTGTCCCACAACCTGTACA_013,152
GCTGTCCCACAACCTGTACA_014,116
GCTGTCCCACAACCTGTACA_015,98
GCTGTCCCACAACCTGTACA_016,177
AGTTTGAGACATATCTTCGG_001,130
CACACCTATCCATGAGCAGT_001,92
CACACCTATCCATGAGCAGT_002,83
CACACCTATCCATGAGCAGT_003,57
CACACCTATCCATGAGCAGT_004,114
CACACCTATCCATGAGCAGT_005,198
CACACCTATCCATGAGCAGT_006,146
CACACCTATCCATGAGCAGT_007,82
CACACCTATCCATGAGCAGT_008,49
CACACCTATCCATGAGCAGT_009,48
GAAGCAGTATAAAACAGGAG_001,54
GAAGCAGTATAAAACAGGAG_002,0
GAAGCAGTATAAAACAGGAG_003,191
GAAGCAGTATAAAACAGGAG_004,75
GAAGCAGTATAAAACAGGAG_005,147
GAAGCAGTATAAAACAGGAG_006,162
TCAATGAGGACGATGTAGCA_001,5
TCAATGAGGACGATGTAGCA_002,177
TCAATGAGGACGATGTAGCA_003,36
TCAATGAGGACGATGTAGCA_004,102
TCAATGAGGACGATGTAGCA_005,138
TCAATGAGGACGATGTAGCA_006,50
TCAATGAGGACGATGTAGCA_007,130
GCTCCGATAACACCGTCACG_001,47
GCTCCGATAACACCGTCACG_002,178
GCTCCGATAACACCGTCACG_003,130
GCTCCGATAACACCGTCACG_004,115
GCTCCGATAACACCGTCACG_005,113
GCTCCGATAACACCGTCACG_006,95
TACGCAGCCAACGTACACCG_001,163
TACGCAGCCAACGTACACCG_002,129
TACGCAGCCAACGTACACCG_003,157
GGGAGACAACAGCGACCTGG_001,33
GGGAGACAACAGCGACCTGG_002,173
GGGAGACAACAGCGACCTGG_003,4
GGGAGACAACAGCGACCTGG_004,82
GGGAGACAACAGCGACCTGG_005,179
TGCTGGACGCCATACATGAG_001,0
TGCTGGACGCCATACATGAG_002,17
TGCTGGACGCCATACATGAG_003,101
TGCTGGACGCCATACATGAG_004,151
TGCTGGACGCCATACATGAG_005,138
TGCTGGACGCCATACATGAG_006,66
TGCTGGACGCCATACATGAG_007,40
TGCTGGACGCCATACATGAG_008,188
TGCTGGACGCCATACATGAG_009,166
TGCTGGACGCCATACATGAG_010,84
TGCTGGACGCCATACATGAG_011,160
TGCTGGACGCCATACATGAG_012,35
TGCTGGACGCCATACATGAG_013,58
TGCTGGACGCCATACATGAG_014,23
TGCTGGACGCCATACATGAG_015,130
TGCTGGACGCCATACATGAG_016,13
TGCTGGACGCCATACATGAG_017,58
TGCTGGACGCCATACATGAG_018,40
TGCTGGACGCCATACATGAG_019,177
TGCTGGACGCCATACATGAG_020,90
TGCTGGACGCCATACATGAG_021,162
TGCTGGACGCCATACATGAG_022,60
TGCTGGACGCCATACATGAG_023,10
TGCTGGACGCCATACATGAG_024,77
TGCTGGACGCCATACATGAG_025,130
TGCTGGACGCCATACATGAG_026,185
TGCTGGACGCCATACATGAG_027,82
GTGACCGAGTTCATGTGTCA_001,15
GTGACCGAGTTCATGTGTCA_002,41
GTGACCGAGTTCATGTGTCA_003,53
GTGACCGAGTTCATGTGTCA_004,139
GTGACCGAGTTCATGTGTCA_005,188
GTGACCGAGTTCATGTGTCA_006,116
GTGACCGAGTTCATGTGTCA_007,19
GTGACCGAGTTCATGTGTCA_008,57
GTGACCGAGTTCATGTGTCA_009,31
GTGACCGAGTTCATGTGTCA_010,91
GTGACCGAGTTCATGTGTCA_011,83
GTGACCGAGTTCATGTGTCA_012,161
GTGACCGAGTTCATGTGTCA_013,198
GTGACCGAGTTCATGTGTCA_014,1
TTGTAAGCGTTGGAGAACTG_001,94
TTGTAAGCGTTGGAGAACTG_002,56
TTGTAAGCGTTGGAGAACTG_003,105
TTGTAAGCGTTGGAGAACTG_004,157
TTGTAAGCGTTGGAGAACTG_005,72
TTGTAAGCGTTGGAGAACTG_006,111
TTGTAAGCGTTGGAGAACTG_007,184
TTGTAAGCGTTGGAGAACTG_008,187
TTGTAAGCGTTGGAGAACTG_009,192
TTGTAAGCGTTGGAGAACTG_010,183
CCCACAACTCACACTACAGC_001,6
CCCACAACTCACACTACAGC_002,178
CCCACAACTCACACTACAGC_003,47
CCCACAACTCACACTACAGC_004,174
CCCACAACTCACACTACAGC_005,127
CCCACAACTCACACTACAGC_006,188
CCCACAACTCACACTACAGC_007,165
GTGGTGGATTAGGCTAGCAG_001,49
GTGGTGGATTAGGCTAGCAG_002,78
GTGGTGGATTAGGCTAGCAG_003,83
GTGGTGGATTAGGCTAGCAG_004,19
GTGGTGGATTAGGCTAGCAG_005,39
GTGGTGGATTAGGCTAGCAG_006,168
GTGGTGGATTAGGCTAGCAG_007,78
GTGGTGGATTAGGCTAGCAG_008,2
GTACTGGACCCAAAGTAATG_001,168
GTACTGGACCCAAAGTAATG_002,113
GTACTGGACCCAAAGTAATG_003,21
GTACTGGACCCAAAGTAATG_004,19
GTACTGGACCCAAAGTAATG_005,35
GTACTGGACCCAAAGTAATG_006,85
GTACTGGACCCAAAGTAATG_007,1
GTACTGGACCCAAAGTAATG_008,65
GTACTGGACCCAAAGTAATG_009,168
GTACTGGACCCAAAGTAATG_010,50
GTACTGGACCCAAAGTAATG_011,0
TGGCATCTGAGCTCTGCGAG_001,15
TGGCATCTGAGCTCTGCGAG_002,49
TGGCATCTGAGCTCTGCGAG_003,176
TGGCATCTGAGCTCTGCGAG_004,74
TGGCATCTGAGCTCTGCGAG_005,91
TGGCATCTGAGCTCTGCGAG_006,50
TGGCATCTGAGCTCTGCGAG_007,1
TGGCATCTGAGCTCTGCGAG_008,169
TGGCATCTGAGCTCTGCGAG_009,98
TGGCATCTGAGCTCTGCGAG_010,149
TGGCATCTGAGCTCTGCGAG_011,154
TGGCATCTGAGCTCTGCGAG_012,172
TGGCATCTGAGCTCTGCGAG_013,11
TGGCATCTGAGCTCTGCGAG_014,29
TGGCATCTGAGCTCTGCGAG_015,168
TGGCATCTGAGCTCTGCGAG_016,77
TGGCATCTGAGCTCTGCGAG_017,84
TGGCATCTGAGCTCTGCGAG_018,94
TGGCATCTGAGCTCTGCGAG_019,113
TGGCATCTGAGCTCTGCGAG_020,5
ACTAATGGATCCATTCAAGT_001,43
AGTGGTCAGAACCCTCTCAG_001,141
AGTGGTCAGAACCCTCTCAG_002,9
AGTGGTCAGAACCCTCTCAG_003,113
AGTGGTCAGAACCCTCTCAG_004,60
AGTGGTCAGAACCCTCTCAG_005,69
AGTGGTCAGAACCCTCTCAG_006,148
AGTGGTCAGAACCCTCTCAG_007,122
AGTGGTCAGAACCCTCTCAG_008,94
AGTGGTCAGAACCCTCTCAG_009,38
AGTGGTCAGAACCCTCTCAG_010,81
AGTGGTCAGAACCCTCTCAG_011,121
AGTGGTCAGAACCCTCTCAG_012,121
AGTGGTCAGAACCCTCTCAG_013,77
AGTGGTCAGAACCCTCTCAG_014,91
AGTGGTCAGAACCCTCTCAG_015,16
AGTGGTCAGAACCCTCTCAG_016,56
CCACCCCGTTGGTTGCATGG_001,24
CCACCCCGTTGGTTGCATGG_002,96
CCACCCCGTTGGTTGCATGG_003,105
CCACCCCGTTGGTTGCATGG_004,186
CCACCCCGTTGGTTGCATGG_005,191
CCACCCCGTTGGTTGCATGG_006,92
CCACCCCGTTGGTTGCATGG_007,50
CCACCCCGTTGGTTGCATGG_008,35
CCACCCCGTTGGTTGCATGG_009,96
CCACCCCGTTGGTTGCATGG_010,122
CCACCCCGTTGGTTGCATGG_011,106
CCACCCCGTTGGTTGCATGG_012,9
CCACCCCGTTGGTTGCATGG_013,28
CCACCCCGTTGGTTGCATGG_014,107
CCACCCCGTTGGTTGCATGG_015,145
CCACCCCGTTGGTTGCATGG_016,192
CCACCCCGTTGGTTGCATGG_017,52
CCACCCCGTTGGTTGCATGG_018,48
CCACCCCGTTGGTTGCATGG_019,6
CCACCCCGTTGGTTGCATGG_020,90
CCACCCCGTTGGTTGCATGG_021,39
GCTTATGTACACAACGGGGG_001,49
GCTTATGTACACAACGGGGG_002,184
GCTTATGTACACAACGGGGG_003,1
GCTTATGTACACAACGGGGG_004,92
GCTTATGTACACAACGGGGG_005,98
GCTTATGTACACAACGGGGG_006,134
GCTTATGTACACAACGGGGG_007,37
GACAAAGCGCCGGTCGTAGG_001,55
GACAAAGCGCCGGTCGTAGG_002,169
GACAAAGCGCCGGTCGTAGG_003,144
GACAAAGCGCCGGTCGTAGG_004,129
GACAAAGCGCCGGTCGTAGG_005,48
GACAAAGCGCCGGTCGTAGG_006,21
GACAAAGCGCCGGTCGTAGG_007,68
ACTGGTCAAACAACTGCACG_001,9
ACTGGTCAAACAACTGCACG_002,121
ACTGGTCAAACAACTGCACG_003,135
ACTGGTCAAACAACTGCACG_004,115
ACTGGTCAAACAACTGCACG_005,171
ACTGGTCAAACAACTGCACG_006,150
ACTGGTCAAACAACTGCACG_007,26
GGGTGTGGGAATCCCATGGA_001,130
GGGTGTGGGAATCCCATGGA_002,121
GGGTGTGGGAATCCCATGGA_003,170
GGGTGTGGGAATCCCATGGA_004,166
GGGTGTGGGAATCCCATGGA_005,144
GGGTGTGGGAATCCCATGGA_006,82
GGGTGTGGGAATCCCATGGA_007,68
GGGTGTGGGAATCCCATGGA_008,145
GGGTGTGGGAATCCCATGGA_009,127
GGGTGTGGGAATCCCATGGA_010,120
GGGTGTGGGAATCCCATGGA_011,191
AGCTCCCGGGAAGAGTCCGG_001,106
AGCTCCCGGGAAGAGTCCGG_002,24
AGCTCCCGGGAAGAGTCCGG_003,53
AGCTCCCGGGAAGAGTCCGG_004,80
AGCTCCCGGGAAGAGTCCGG_005,112
AGCTCCCGGGAAGAGTCCGG_006,5
AGCTCCCGGGAAGAGTCCGG_007,88
AGCTCCCGGGAAGAGTCCGG_008,148
AGCTCCCGGGAAGAGTCCGG_009,141
AGCTCCCGGGAAGAGTCCGG_010,5
AGCTCCCGGGAAGAGTCCGG_011,70
AGCTCCCGGGAAGAGTCCGG_012,144
AGCTCCCGGGAAGAGTCCGG_013,42
AGCTCCCGGGAAGAGTCCGG_014,73
AGCTCCCGGGAAGAGTCCGG_015,122
AGCTCCCGGGAAGAGTCCGG_016,40
AGCTCCCGGGAAGAGTCCGG_017,119
AGCTCCCGGGAAGAGTCCGG_018,49
AGCTCCCGGGAAGAGTCCGG_019,170
AGCTCCCGGGAAGAGTCCGG_020,52
AGCTCCCGGGAAGAGTCCGG_021,179
CGTTGAGGCCCATCCAACGC_001,88
CGTTGAGGCCCATCCAACGC_002,146
CGTTGAGGCCCATCCAACGC_003,47
CGTTGAGGCCCATCCAACGC_004,70
CGTTGAGGCCCATCCAACGC_005,160
CGTTGAGGCCCATCCAACGC_006,177
ATTTATCAGTGATCCATCGA_001,76
ATTTATCAGTGATCCATCGA_002,38
TGCATGGTGTATGAAAAGCT_001,55
TGCATGGTGTATGAAAAGCT_002,71
CCTTCTGCGTAACCCGTGTG_001,0
CCTTCTGCGTAACCCGTGTG_002,180
TTTCCGATATAAAGACAGCA_001,1
CCAGTGCCCTTTTGTCGCAA_001,159
CCAGTGCCCTTTTGTCGCAA_002,10
CCAGTGCCCTTTTGTCGCAA_003,45
CCAGTGCCCTTTTGTCGCAA_004,150
CCAGTGCCCTTTTGTCGCAA_005,96
CCAGTGCCCTTTTGTCGCAA_006,46
CCAGTGCCCTTTTGTCGCAA_007,176
CCAGTGCCCTTTTGTCGCAA_008,8
CCAGTGCCCTTTTGTCGCAA_009,184
CCAGTGCCCTTTTGTCGCAA_010,2
CCAGTGCCCTTTTGTCGCAA_011,67
CCAGTGCCCTTTTGTCGCAA_012,19
CCAGTGCCCTTTTGTCGCAA_013,130
CCAGTGCCCTTTTGTCGCAA_014,194
CCAGTGCCCTTTTGTCGCAA_015,191
CCAGTGCCCTTTTGTCGCAA_016,184
CCAGTGCCCTTTTGTCGCAA_017,197
CCAGTGCCCTTTTGTCGCAA_018,81
CCAGTGCCCTTTTGTCGCAA_019,171
CCAGTGCCCTTTTGTCGCAA_020,159
CCAGTGCCCTTTTGTCGCAA_021,25
CCAGTGCCCTTTTGTCGCAA_022,106
CCAGTGCCCTTTTGTCGCAA_023,152
CCAGTGCCCTTTTGTCGCAA_024,29
CCAGTGCCCTTTTGTCGCAA_025,35
CCAGTGCCCTTTTGTCGCAA_026,170
CCAGTGCCCTTTTGTCGCAA_027,58
TTGTGAATGACATTCATACA_001,105
GATAAGTTTACATAACCACC_001,196
GATAAGTTTACATAACCACC_002,6
GCGCCTTCCCTACCGCACGG_001,154
GCGCCTTCCCTACCGCACGG_002,99
GCGCCTTCCCTACCGCACGG_003,170
GCGCCTTCCCTACCGCACGG_004,183
GCGCCTTCCCTACCGCACGG_005,70
GCGCCTTCCCTACCGCACGG_006,9
GCGCCTTCCCTACCGCACGG_007,78
GCGCCTTCCCTACCGCACGG_008,151
GCGCCTTCCCTACCGCACGG_009,26
GCGCCTTCCCTACCGCACGG_010,125
GCGCCTTCCCTACCGCACGG_011,17
GCGCCTTCCCTACCGCACGG_012,199
GCGCCTTCCCTACCGCACGG_013,149
GCGCCTTCCCTACCGCACGG_014,70
GCGCCTTCCCTACCGCACGG_015,173
TTTGAGTGCAAGTATCTGGA_001,65
TTTGAGTGCAAGTATCTGGA_002,118
CGGGATTCAGGGTATTACAC_001,31
CGGGATTCAGGGTATTACAC_002,70
CGGGATTCAGGGTATTACAC_003,148
CGGGATTCAGGGTATTACAC_004,185
CGGGATTCAGGGTATTACAC_005,123
CAGCGGCACAGGAGCAGTTG_001,152
CAGCGGCACAGGAGCAGTTG_002,125
CAGCGGCACAGGAGCAGTTG_003,107
CAGCGGCACAGGAGCAGTTG_004,125
CAGCGGCACAGGAGCAGTTG_005,196
CAGCGGCACAGGAGCAGTTG_006,176
CAGCGGCACAGGAGCAGTTG_007,170
CAGCGGCACAGGAGCAGTTG_008,1
CAGCGGCACAGGAGCAGTTG_009,139
CAGCGGCACAGGAGCAGTTG_010,36
CAGCGGCACAGGAGCAGTTG_011,34
CAGCGGCACAGGAGCAGTTG_012,83
CAGCGGCACAGGAGCAGTTG_013,147
CAGCGGCACAGGAGCAGTTG_014,163
CAGCGGCACAGGAGCAGTTG_015,170
CAGCGGCACAGGAGCAGTTG_016,31
CAGCGGCACAGGAGCAGTTG_017,97
CAGCGGCACAGGAGCAGTTG_018,157
CAGCGGCACAGGAGCAGTTG_019,112
CAGCGGCACAGGAGCAGTTG_020,130
CAGCGGCACAGGAGCAGTTG_021,12
CAGCGGCACAGGAGCAGTTG_022,58
CAGCGGCACAGGAGCAGTTG_023,138
CAGCGGCACAGGAGCAGTTG_024,6
CAGCGGCACAGGAGCAGTTG_025,37
CAGCGGCACAGGAGCAGTTG_026,170
ACTACCGGCAAAGGTCTATG_001,13
ACTACCGGCAAAGGTCTATG_002,171
ACTACCGGCAAAGGTCTATG_003,150
ACTACCGGCAAAGGTCTATG_004,15
ACTACCGGCAAAGGTCTATG_005,191
ACTACCGGCAAAGGTCTATG_006,27
ACTACCGGCAAAGGTCTATG_007,10
ACTACCGGCAAAGGTCTATG_008,10
TTTAATAGCAACAAATAGAG_001,172
TTTAATAGCAACAAATAGAG_002,29
TTTAATAGCAACAAATAGAG_003,147
TTTAATAGCAACAAATAGAG_004,160
TTTAATAGCAACAAATAGAG_005,177
TTTAATAGCAACAAATAGAG_006,34
CCTCACCAATCATGGCGAAG_001,172
CCTCACCAATCATGGCGAAG_002,114
TGGTGGAAAAACATTTCCAT_001,184
TGGTGGAAAAACATTTCCAT_002,115
AGGAGAAGGCTGGTGACGGA_001,81
AGGAGAAGGCTGGTGACGGA_002,77
AGGAGAAGGCTGGTGACGGA_003,4
AGGAGAAGGCTGGTGACGGA_004,194
AGGAGAAGGCTGGTGACGGA_005,132
AGGAGAAGGCTGGTGACGGA_006,178
AGGAGAAGGCTGGTGACGGA_007,158
AGGAGAAGGCTGGTGACGGA_008,149
AGGAGAAGGCTGGTGACGGA_009,140
AGGAGAAGGCTGGTGACGGA_010,81
AGGAGAAGGCTGGTGACGGA_011,15
AGGAGAAGGCTGGTGACGGA_012,69
AGGAGAAGGCTGGTGACGGA_013,61
AGGAGAAGGCTGGTGACGGA_014,83
AGGAGAAGGCTGGTGACGGA_015,28
AGGAGAAGGCTGGTGACGGA_016,60
AGGAGAAGGCTGGTGACGGA_017,3
AGGAGAAGGCTGGTGACGGA_018,88
AGGAGAAGGCTGGTGACGGA_019,121
AGGAGAAGGCTGGTGACGGA_020,157
AGGAGAAGGCTGGTGACGGA_021,141
AGGAGAAGGCTGGTGACGGA_022,184
AGGAGAAGGCTGGTGACGGA_023,103
AGGAGAAGGCTGGTGACGGA_024,55
AGGAGAAGGCTGGTGACGGA_025,68
AGGAGAAGGCTGGTGACGGA_026,51
AGGAGAAGGCTGGTGACGGA_027,146
AGGAGAAGGCTGGTGACGGA_028,165
AGGAGAAGGCTGGTGACGGA_029,58
AGGAGAAGGCTGGTGACGGA_030,63
AGGAGAAGGCTGGTGACGGA_031,178
AGGAGAAGGCTGGTGACGGA_032,1
AGGAGAAGGCTGGTGACGGA_033,88
AGGAGAAGGCTGGTGACGGA_034,51
AGGAGAAGGCTGGTGACGGA_035,38
AGGAGAAGGCTGGTGACGGA_036,14
AGGAGAAGGCTGGTGACGGA_037,175
AGGAGAAGGCTGGTGACGGA_038,47
AGGAGAAGGCTGGTGACGGA_039,12
AGGAGAAGGCTGGTGACGGA_040,10
AGGAGAAGGCTGGTGACGGA_041,169
AGGAGAAGGCTGGTGACGGA_042,169
AGGAGAAGGCTGGTGACGGA_043,55
AGGAGAAGGCTGGTGACGGA_044,70
AGGAGAAGGCTGGTGACGGA_045,144
AGGAGAAGGCTGGTGACGGA_046,118
AGGAGAAGGCTGGTGACGGA_047,11
CATGCTTGTAAACTTCCTGG_001,85
CATGCTTGTAAACTTCCTGG_002,58
CATGCTTGTAAACTTCCTGG_003,140
CATGCTTGTAAACTTCCTGG_004,188
CATGCTTGTAAACTTCCTGG_005,63
TTGTATAGATCATCCCTCAG_001,63
TTGTATAGATCATCCCTCAG_002,33
TTGTATAGATCATCCCTCAG_003,41
TTGTATAGATCATCCCTCAG_004,88
TTGTATAGATCATCCCTCAG_005,78
GGGTCCCACCTACCTCAGCG_001,144
GGGTCCCACCTACCTCAGCG_002,197
GGGTCCCACCTACCTCAGCG_003,196
GGGTCCCACCTACCTCAGCG_004,19
GGGTCCCACCTACCTCAGCG_005,68
GGGTCCCACCTACCTCAGCG_006,160
GGGTCCCACCTACCTCAGCG_007,62
GGGTCCCACCTACCTCAGCG_008,58
GGGTCCCACCTACCTCAGCG_009,197
GGGTCCCACCTACCTCAGCG_010,30
GGGTCCCACCTACCTCAGCG_011,88
GGGTCCCACCTACCTCAGCG_012,137
GGGTCCCACCTACCTCAGCG_013,169
GGGTCCCACCTACCTCAGCG_014,137
GGGTCCCACCTACCTCAGCG_015,165
GGGTCCCACCTACCTCAGCG_016,18
GGGTCCCACCTACCTCAGCG_017,63
GGGTCCCACCTACCTCAGCG_018,168
GGGTCCCACCTACCTCAGCG_019,49
GGGTCCCACCTACCTCAGCG_020,63
GGGTCCCACCTACCTCAGCG_021,86
CTGGCATACCTCTATCAGGA_001,110
CTGGCATACCTCTATCAGGA_002,186
CTACTTACATGAGAACCGAA_001,191
CTACTTACATGAGAACCGAA_002,1
CTGAGTTGGTGTATGGCTTG_001,169
CTGAGTTGGTGTATGGCTTG_002,199
CTGAGTTGGTGTATGGCTTG_003,85
CTGAGTTGGTGTATGGCTTG_004,15
AAAACCTGTTACAGAGACAA_001,77
AAAACCTGTTACAGAGACAA_002,115
AAAACCTGTTACAGAGACAA_003,184
ACAGGATTGAGTCTTCTGTG_001,181
ACAGGATTGAGTCTTCTGTG_002,121
ACAGGATTGAGTCTTCTGTG_003,105
ACAGGATTGAGTCTTCTGTG_004,77
ACAGGATTGAGTCTTCTGTG_005,76
ACAGGATTGAGTCTTCTGTG_006,179
ACAGGATTGAGTCTTCTGTG_007,63
ACAGGATTGAGTCTTCTGTG_008,69
ACAGGATTGAGTCTTCTGTG_009,149
ACAGGATTGAGTCTTCTGTG_010,94
ACAGGATTGAGTCTTCTGTG_011,137
TCATGCCTTAATGCACACAT_001,146
TCATGCCTTAATGCACACAT_002,160
TCATGCCTTAATGCACACAT_003,185
TCATGCCTTAATGCACACAT_004,194
TCATGCCTTAATGCACACAT_005,34
TCATGCCTTAATGCACACAT_006,68
TCATGCCTTAATGCACACAT_007,8
TCATGCCTTAATGCACACAT_008,26
TCATGCCTTAATGCACACAT_009,26
TCATGCCTTAATGCACACAT_010,97
TCATGCCTTAATGCACACAT_011,121
TCATGCCTTAATGCACACAT_012,2
TCATGCCTTAATGCACACAT_013,117
TCATGCCTTAATGCACACAT_014,179
TCATGCCTTAATGCACACAT_015,52
TCATGCCTTAATGCACACAT_016,99
TCATGCCTTAATGCACACAT_017,105
TCATGCCTTAATGCACACAT_018,63
TCATGCCTTAATGCACACAT_019,15
TCATGCCTTAATGCACACAT_020,142
TCATGCCTTAATGCACACAT_021,50
TCATGCCTTAATGCACACAT_022,60
GTCAACCGGACACTAGAAGG_001,171
GTCAACCGGACACTAGAAGG_002,21
GTCAACCGGACACTAGAAGG_003,70
GTCAACCGGACACTAGAAGG_004,101
GTCAACCGGACACTAGAAGG_005,50
GTCAACCGGACACTAGAAGG_006,142
GTCAACCGGACACTAGAAGG_007,81
GTCAACCGGACACTAGAAGG_008,121
GTCAACCGGACACTAGAAGG_009,138
GTCAACCGGACACTAGAAGG_010,169
GTCAACCGGACACTAGAAGG_011,183
GCTCCCGGTCAGCCTGTCCG_001,166
GCTCCCGGTCAGCCTGTCCG_002,169
GCTCCCGGTCAGCCTGTCCG_003,162
GCTCCCGGTCAGCCTGTCCG_004,116
GCTCCCGGTCAGCCTGTCCG_005,145
GCTCCCGGTCAGCCTGTCCG_006,18
GCTCCCGGTCAGCCTGTCCG_007,14
GCTCCCGGTCAGCCTGTCCG_008,137
GCTCCCGGTCAGCCTGTCCG_009,50
GCTCCCGGTCAGCCTGTCCG_010,82
GCTCCCGGTCAGCCTGTCCG_011,61
GCTCCCGGTCAGCCTGTCCG_012,40
CAAGTACCGACGCGCCAGCG_001,68
CAAGTACCGACGCGCCAGCG_002,117
CAAGTACCGACGCGCCAGCG_003,19
CAAGTACCGACGCGCCAGCG_004,34
CAAGTACCGACGCGCCAGCG_005,69
CAAGTACCGACGCGCCAGCG_006,110
CAAGTACCGACGCGCCAGCG_007,137
CAAGTACCGACGCGCCAGCG_008,1
CAAGTACCGACGCGCCAGCG_009,153
ATGATCCATTTAAAGTGTCG_001,181
ATGATCCATTTAAAGTGTCG_002,150
ATGATCCATTTAAAGTGTCG_003,1
ATGATCCATTTAAAGTGTCG_004,175
CAATTTGTATGAAGCACCCG_001,34
CAATTTGTATGAAGCACCCG_002,73
ATGGCGGGATGGTGCTCATG_001,43
ATGGCGGGATGGTGCTCATG_002,163
ATGGCGGGATGGTGCTCATG_003,70
ATGGCGGGATGGTGCTCATG_004,17
ATGGCGGGATGGTGCTCATG_005,114
ATGGCGGGATGGTGCTCATG_006,177
ATGGCGGGATGGTGCTCATG_007,128
ATGGCGGGATGGTGCTCATG_008,131
ATGGCGGGATGGTGCTCATG_009,78
ATGGCGGGATGGTGCTCATG_010,184
ATGGCGGGATGGTGCTCATG_011,188
ATGGCGGGATGGTGCTCATG_012,150
ATGGCGGGATGGTGCTCATG_013,134
ATGGCGGGATGGTGCTCATG_014,16
ATGGCGGGATGGTGCTCATG_015,188
ATGGCGGGATGGTGCTCATG_016,8
GCCGCCGATTTCATAAGTAA_001,48
GCCGCCGATTTCATAAGTAA_002,149
GCCGCCGATTTCATAAGTAA_003,81
GCCGCCGATTTCATAAGTAA_004,3
GCCGCCGATTTCATAAGTAA_005,35
GCCGCCGATTTCATAAGTAA_006,13
GCCGCCGATTTCATAAGTAA_007,168
GCCGCCGATTTCATAAGTAA_008,162
GATTAGCTCTGGTCTGACCT_001,152
GATTAGCTCTGGTCTGACCT_002,75
GATTAGCTCTGGTCTGACCT_003,74
GATTAGCTCTGGTCTGACCT_004,82
GATTAGCTCTGGTCTGACCT_005,176
GCTGGCCCAGATGTGGAAAG_001,82
GCTGGCCCAGATGTGGAAAG_002,88
GCTGGCCCAGATGTGGAAAG_003,157
GTGTTAGGGTACGGGAACGC_001,103
GTGTTAGGGTACGGGAACGC_002,158
GTGTTAGGGTACGGGAACGC_003,69
TGATCCAGCTGTTCAGTCGA_001,78
TGATCCAGCTGTTCAGTCGA_002,15
TGATCCAGCTGTTCAGTCGA_003,175
TGATCCAGCTGTTCAGTCGA_004,175
TGATCCAGCTGTTCAGTCGA_005,114
TGATCCAGCTGTTCAGTCGA_006,23
TGATCCAGCTGTTCAGTCGA_007,138
TGATCCAGCTGTTCAGTCGA_008,75
TGATCCAGCTGTTCAGTCGA_009,44
TGATCCAGCTGTTCAGTCGA_010,169
TGATCCAGCTGTTCAGTCGA_011,74
TGATCCAGCTGTTCAGTCGA_012,152
TGATCCAGCTGTTCAGTCGA_013,80
TGATCCAGCTGTTCAGTCGA_014,66
TGATCCAGCTGTTCAGTCGA_015,199
TGATCCAGCTGTTCAGTCGA_016,93
CGGGTGGTAGTACTCACGAG_001,162
CGGGTGGTAGTACTCACGAG_002,9
CGGGTGGTAGTACTCACGAG_003,126
CGGGTGGTAGTACTCACGAG_004,98
CGGGTGGTAGTACTCACGAG_005,155
CGGGTGGTAGTACTCACGAG_006,23
CGGGTGGTAGTACTCACGAG_007,137
CGGGTGGTAGTACTCACGAG_008,124
CGGGTGGTAGTACTCACGAG_009,78
CGGGTGGTAGTACTCACGAG_010,144
CGGGTGGTAGTACTCACGAG_011,11
CGGGTGGTAGTACTCACGAG_012,51
CGGGTGGTAGTACTCACGAG_013,6
CGGGTGGTAGTACTCACGAG_014,6
TGGACCAGTTCATGCGCAAG_001,150
TGGACCAGTTCATGCGCAAG_002,162
CAGAACCAGACTCAGCACGC_001,106
CAGAACCAGACTCAGCACGC_002,86
CAGAACCAGACTCAGCACGC_003,199
CAGAACCAGACTCAGCACGC_004,183
CAGAACCAGACTCAGCACGC_005,78
CAGAACCAGACTCAGCACGC_006,197
GAAGAGGTAGCTCAGAAATG_001,172
GAAGAGGTAGCTCAGAAATG_002,137
AAGACGCCGCCGGAGACCGG_001,26
AAGACGCCGCCGGAGACCGG_002,115
AAGACGCCGCCGGAGACCGG_003,106
AAGACGCCGCCGGAGACCGG_004,160
AAGACGCCGCCGGAGACCGG_005,36
AAGACGCCGCCGGAGACCGG_006,78
AAGACGCCGCCGGAGACCGG_007,48
AAGACGCCGCCGGAGACCGG_008,172
AAGACGCCGCCGGAGACCGG_009,122
AAGACGCCGCCGGAGACCGG_010,115
AAGACGCCGCCGGAGACCGG_011,21
AAGACGCCGCCGGAGACCGG_012,107
AAGACGCCGCCGGAGACCGG_013,197
AAGACGCCGCCGGAGACCGG_014,161
CAGGCTGCTGAAGTGGATCG_001,77
CAGGCTGCTGAAGTGGATCG_002,183
CAGGCTGCTGAAGTGGATCG_003,34
CAGGCTGCTGAAGTGGATCG_004,75
CAGGCTGCTGAAGTGGATCG_005,98
CAGGCTGCTGAAGTGGATCG_006,76
CAGGCTGCTGAAGTGGATCG_007,170
CAGGCTGCTGAAGTGGATCG_008,94
CAGGCTGCTGAAGTGGATCG_009,111
CAGGCTGCTGAAGTGGATCG_010,19
CAGGCTGCTGAAGTGGATCG_011,0
CAGGCTGCTGAAGTGGATCG_012,191
CAGGCTGCTGAAGTGGATCG_013,169
CAGGCTGCTGAAGTGGATCG_014,77
CAGGCTGCTGAAGTGGATCG_015,182
CAGGCTGCTGAAGTGGATCG_016,88
CAGGCTGCTGAAGTGGATCG_017,199
CTGTTGTCACCATAACAACA_001,73
CTGTTGTCACCATAACAACA_002,108
CTGTTGTCACCATAACAACA_003,100
AGGCACAATGAATAGCAGGG_001,156
AGGCACAATGAATAGCAGGG_002,137
AGGCACAATGAATAGCAGGG_003,16
AGGCACAATGAATAGCAGGG_004,105
AGGCACAATGAATAGCAGGG_005,27
AGGCACAATGAATAGCAGGG_006,144
AGGCACAATGAATAGCAGGG_007,66
AGGCACAATGAATAGCAGGG_008,163
AGGCACAATGAATAGCAGGG_009,67
AGGCACAATGAATAGCAGGG_010,30
AGGCACAATGAATAGCAGGG_011,147
AGGCACAATGAATAGCAGGG_012,165
AGGCACAATGAATAGCAGGG_013,61
AGGCACAATGAATAGCAGGG_014,91
AGGCACAATGAATAGCAGGG_015,179
AGGCACAATGAATAGCAGGG_016,97
ACTGGTACTACATTTCCCCG_001,9
ACTGGTACTACATTTCCCCG_002,16
ACTGGTACTACATTTCCCCG_003,31
ACTGGTACTACATTTCCCCG_004,113
ACTGGTACTACATTTCCCCG_005,145
ACTGGTACTACATTTCCCCG_006,162
ACTGGGCCTAAAGGTCGACG_001,199
ACTGGGCCTAAAGGTCGACG_002,157
ACTGGGCCTAAAGGTCGACG_003,49
ACTGGGCCTAAAGGTCGACG_004,166
ACTGGGCCTAAAGGTCGACG_005,116
ACTGGGCCTAAAGGTCGACG_006,115
ACTGGGCCTAAAGGTCGACG_007,40
ACTGGGCCTAAAGGTCGACG_008,102
GCTCCTGAGCGTCTTCATAG_001,64
GCTCCTGAGCGTCTTCATAG_002,83
GCTCCTGAGCGTCTTCATAG_003,170
GCTCCTGAGCGTCTTCATAG_004,54
GCTCCTGAGCGTCTTCATAG_005,1
GCTCCTGAGCGTCTTCATAG_006,41
GCTCCTGAGCGTCTTCATAG_007,130
GCTCCTGAGCGTCTTCATAG_008,129
GAAACACAACTTCTTTGTCA_001,162
GAAACACAACTTCTTTGTCA_002,25
GAAACACAACTTCTTTGTCA_003,191
GAAACACAACTTCTTTGTCA_004,6
GTTCAACCGCAAGCTTCGGG_001,78
GTTCAACCGCAAGCTTCGGG_002,199
GTTCAACCGCAAGCTTCGGG_003,152
GTTCAACCGCAAGCTTCGGG_004,86
GTTCAACCGCAAGCTTCGGG_005,158
GTTCAACCGCAAGCTTCGGG_006,32
GTTCAACCGCAAGCTTCGGG_007,178
GTTCAACCGCAAGCTTCGGG_008,61
GTTCAACCGCAAGCTTCGGG_009,99
AGTTGCCGTACGAGTAGCCG_001,72
AGTTGCCGTACGAGTAGCCG_002,85
AGTTGCCGTACGAGTAGCCG_003,172
AGCGCAAGCAGCGACGCAGT_001,177
AGCGCAAGCAGCGACGCAGT_002,15
AGCGCAAGCAGCGACGCAGT_003,106
AGCGCAAGCAGCGACGCAGT_004,103
AGCGCAAGCAGCGACGCAGT_005,169
AGCGCAAGCAGCGACGCAGT_006,140
AGCGCAAGCAGCGACGCAGT_007,63
AGCGCAAGCAGCGACGCAGT_008,174
AGCGCAAGCAGCGACGCAGT_009,170
AGCGCAAGCAGCGACGCAGT_010,117
AGCGCAAGCAGCGACGCAGT_011,21
AGCGCAAGCAGCGACGCAGT_012,166
AGCGCAAGCAGCGACGCAGT_013,58
AGCGCAAGCAGCGACGCAGT_014,198
AGCGCAAGCAGCGACGCAGT_015,6
AGCGCAAGCAGCGACGCAGT_016,108
AGCGCAAGCAGCGACGCAGT_017,36
AGCGCAAGCAGCGACGCAGT_018,48
AGCGCAAGCAGCGACGCAGT_019,199
AGCGCAAGCAGCGACGCAGT_020,158
AGGCCTCCATGAACAGTGTG_001,96
AGGCCTCCATGAACAGTGTG_002,96
AGGCCTCCATGAACAGTGTG_003,33
AGGCCTCCATGAACAGTGTG_004,15
AGGCCTCCATGAACAGTGTG_005,19
AGGCCTCCATGAACAGTGTG_006,9
AGGCCTCCATGAACAGTGTG_007,153
AGGCCTCCATGAACAGTGTG_008,15
AGGCCTCCATGAACAGTGTG_009,127
AGGCCTCCATGAACAGTGTG_010,66
TACAAGAAAGACCCTGACAG_001,172
TACAAGAAAGACCCTGACAG_002,48
TACAAGAAAGACCCTGACAG_003,170
TACAAGAAAGACCCTGACAG_004,60
TACAAGAAAGACCCTGACAG_005,88
ATGATATCTCCACGGCGGCG_001,112
ATGATATCTCCACGGCGGCG_002,144
ATGATATCTCCACGGCGGCG_003,148
ATGATATCTCCACGGCGGCG_004,83
ATGATATCTCCACGGCGGCG_005,16
ATGATATCTCCACGGCGGCG_006,194
ATGATATCTCCACGGCGGCG_007,138
ATGATATCTCCACGGCGGCG_008,145
ATGATATCTCCACGGCGGCG_009,127
ATGATATCTCCACGGCGGCG_010,68
ATGATATCTCCACGGCGGCG_011,67
ATGATATCTCCACGGCGGCG_012,119
ATGATATCTCCACGGCGGCG_013,68
ATGATATCTCCACGGCGGCG_014,106
ATGATATCTCCACGGCGGCG_015,77
ATGATATCTCCACGGCGGCG_016,77
ATGATATCTCCACGGCGGCG_017,182
GAGGCACCGAACCATGACGT_001,62
GAGGCACCGAACCATGACGT_002,31
GAGGCACCGAACCATGACGT_003,138
GAGGCACCGAACCATGACGT_004,19
GAGGCACCGAACCATGACGT_005,115
GAGGCACCGAACCATGACGT_006,143
GAGGCACCGAACCATGACGT_007,50
GAGGCACCGAACCATGACGT_008,107
GAGGCACCGAACCATGACGT_009,195
GAGGCACCGAACCATGACGT_010,4
GAGGCACCGAACCATGACGT_011,77
GAGGCACCGAACCATGACGT_012,3
GAGGCACCGAACCATGACGT_013,39
CAACATAATAATCCATAACC_001,67
GCGCCGTCTGACGCTGTCGG_001,14
GCGCCGTCTGACGCTGTCGG_002,165
GCGCCGTCTGACGCTGTCGG_003,12
GCGCCGTCTGACGCTGTCGG_004,115
GCGCCGTCTGACGCTGTCGG_005,172
GCGCCGTCTGACGCTGTCGG_006,198
GCGCCGTCTGACGCTGTCGG_007,6
AAGGTGTTCCTTAAGTGACT_001,41
AAGGTGTTCCTTAAGTGACT_002,78
AAGGTGTTCCTTAAGTGACT_003,78
AAGGTGTTCCTTAAGTGACT_004,70
AAGGTGTTCCTTAAGTGACT_005,177
AAGGTGTTCCTTAAGTGACT_006,38
AAGGTGTTCCTTAAGTGACT_007,137
AGAGAAGAGGGATCACATCG_001,114
AGAGAAGAGGGATCACATCG_002,58
AGAGAAGAGGGATCACATCG_003,86
AGAGAAGAGGGATCACATCG_004,101
AGAGAAGAGGGATCACATCG_005,131
AGAGAAGAGGGATCACATCG_006,184
AGAGAAGAGGGATCACATCG_007,184
CCTCGGCTCCATTCTCAGTG_001,29
CCTCGGCTCCATTCTCAGTG_002,50
CCTCGGCTCCATTCTCAGTG_003,1
CCTCGGCTCCATTCTCAGTG_004,57
CCTCGGCTCCATTCTCAGTG_005,10
CACAACCCACAGCGACACGG_001,199
CACAACCCACAGCGACACGG_002,70
CACAACCCACAGCGACACGG_003,58
CACAACCCACAGCGACACGG_004,82
CACAACCCACAGCGACACGG_005,73
CACAACCCACAGCGACACGG_006,158
CACAACCCACAGCGACACGG_007,168
CACAACCCACAGCGACACGG_008,17
CACAACCCACAGCGACACGG_009,123
CACAACCCACAGCGACACGG_010,197
CACAACCCACAGCGACACGG_011,170
CACAACCCACAGCGACACGG_012,191
CACAACCCACAGCGACACGG_013,158
CACAACCCACAGCGACACGG_014,158
CACAACCCACAGCGACACGG_015,148
CACAACCCACAGCGACACGG_016,30
CACAACCCACAGCGACACGG_017,122
CACAACCCACAGCGACACGG_018,80
CACAACCCACAGCGACACGG_019,165
CACAACCCACAGCGACACGG_020,149
CACAACCCACAGCGACACGG_021,197
CACAACCCACAGCGACACGG_022,94
CACAACCCACAGCGACACGG_023,58
CACAACCCACAGCGACACGG_024,113
CACAACCCACAGCGACACGG_025,123
CACAACCCACAGCGACACGG_026,117
CACAACCCACAGCGACACGG_027,90
CACAACCCACAGCGACACGG_028,152
CACAACCCACAGCGACACGG_029,6
CACAACCCACAGCGACACGG_030,29
CACAACCCACAGCGACACGG_031,61
CACAACCCACAGCGACACGG_032,197
CACAACCCACAGCGACACGG_033,93
CACAACCCACAGCGACACGG_034,116
CACAACCCACAGCGACACGG_035,49
CACAACCCACAGCGACACGG_036,114
CACAACCCACAGCGACACGG_037,114
CACAACCCACAGCGACACGG_038,178
CACAACCCACAGCGACACGG_039,12
CACAACCCACAGCGACACGG_040,94
CACAACCCACAGCGACACGG_041,11
CACAACCCACAGCGACACGG_042,2
CACAACCCACAGCGACACGG_043,67
CACAACCCACAGCGACACGG_044,168
CACAACCCACAGCGACACGG_045,182
TGGAGTGCACGCGAAAAGAA_001,19
TGGAGTGCACGCGAAAAGAA_002,172
TGGAGTGCACGCGAAAAGAA_003,118
TGGAGTGCACGCGAAAAGAA_004,8
TGGAGTGCACGCGAAAAGAA_005,48
TGGAGTGCACGCGAAAAGAA_006,31
TGGAGTGCACGCGAAAAGAA_007,186
TGGAGTGCACGCGAAAAGAA_008,35
TGGAGTGCACGCGAAAAGAA_009,82
TGGAGTGCACGCGAAAAGAA_010,181
TGGAGTGCACGCGAAAAGAA_011,47
TGGAGTGCACGCGAAAAGAA_012,27
TGGAGTGCACGCGAAAAGAA_013,183
TGGAGTGCACGCGAAAAGAA_014,38
GCTGGGGTGATAGAAGCTGT_001,65
GCTGGGGTGATAGAAGCTGT_002,1
GCTGGGGTGATAGAAGCTGT_003,63
GCTGGGGTGATAGAAGCTGT_004,51
GCTGGGGTGATAGAAGCTGT_005,130
GCTGGGGTGATAGAAGCTGT_006,42
GCTGGGGTGATAGAAGCTGT_007,137
GCTGGGGTGATAGAAGCTGT_008,75
GCTGGGGTGATAGAAGCTGT_009,29
GCTGGGGTGATAGAAGCTGT_010,60
GCTGGGGTGATAGAAGCTGT_011,158
GCTGGGGTGATAGAAGCTGT_012,141
GCTGGGGTGATAGAAGCTGT_013,50
GCTGGGGTGATAGAAGCTGT_014,104
GCTGGGGTGATAGAAGCTGT_015,76
GCTGGGGTGATAGAAGCTGT_016,131
GCTGGGGTGATAGAAGCTGT_017,34
GCTGGGGTGATAGAAGCTGT_018,42
GCTGGGGTGATAGAAGCTGT_019,140
GCTGGGGTGATAGAAGCTGT_020,115
CCTGTTAGGAGGCATCACAG_001,31
CCTGTTAGGAGGCATCACAG_002,13
CCTGTTAGGAGGCATCACAG_003,150
CCTGTTAGGAGGCATCACAG_004,50
CCTGTTAGGAGGCATCACAG_005,82
CCTTCAAGGAAGGTGCCCGG_001,41
CCTTCAAGGAAGGTGCCCGG_002,141
CCTTCAAGGAAGGTGCCCGG_003,3
CCTTCAAGGAAGGTGCCCGG_004,88
CCTTCAAGGAAGGTGCCCGG_005,50
CCTTCAAGGAAGGTGCCCGG_006,48
CCTTCAAGGAAGGTGCCCGG_007,78
CCTTCAAGGAAGGTGCCCGG_008,145
CCTTCAAGGAAGGTGCCCGG_009,94
CCTTCAAGGAAGGTGCCCGG_010,31
CCTTCAAGGAAGGTGCCCGG_011,76
CCTTCAAGGAAGGTGCCCGG_012,130
CCTTCAAGGAAGGTGCCCGG_013,157
CCTTCAAGGAAGGTGCCCGG_014,23
CCTTCAAGGAAGGTGCCCGG_015,88
CCTTCAAGGAAGGTGCCCGG_016,50
CCTTCAAGGAAGGTGCCCGG_017,118
CCTTCAAGGAAGGTGCCCGG_018,78
CCTTCAAGGAAGGTGCCCGG_019,78
CCTTCAAGGAAGGTGCCCGG_020,80
CCTTCAAGGAAGGTGCCCGG_021,165
CCTTCAAGGAAGGTGCCCGG_022,113
CCTTCAAGGAAGGTGCCCGG_023,8
AAGAAGGGCCGTACCCGAAA_001,50
AAGAAGGGCCGTACCCGAAA_002,48
AAGAAGGGCCGTACCCGAAA_003,162
AAGAAGGGCCGTACCCGAAA_004,61
AAGAAGGGCCGTACCCGAAA_005,148
AAGAAGGGCCGTACCCGAAA_006,19
AAGAAGGGCCGTACCCGAAA_007,19
AAGAAGGGCCGTACCCGAAA_008,19
AAGAAGGGCCGTACCCGAAA_009,28
AAGAAGGGCCGTACCCGAAA_010,11
AAGAAGGGCCGTACCCGAAA_011,115
AAGAAGGGCCGTACCCGAAA_012,174
AAGAAGGGCCGTACCCGAAA_013,3
AAGAAGGGCCGTACCCGAAA_014,60
AAGAAGGGCCGTACCCGAAA_015,39
AAGAAGGGCCGTACCCGAAA_016,152
AAGAAGGGCCGTACCCGAAA_017,16
AAGAAGGGCCGTACCCGAAA_018,62
AAGAAGGGCCGTACCCGAAA_019,124
AAGAAGGGCCGTACCCGAAA_020,70
AAGAAGGGCCGTACCCGAAA_021,70
AAGAAGGGCCGTACCCGAAA_022,104
AAGAAGGGCCGTACCCGAAA_023,52
GGCTTCACTCTGAACAGCGA_001,198
GGCTTCACTCTGAACAGCGA_002,27
GGCTTCACTCTGAACAGCGA_003,2
GGCTTCACTCTGAACAGCGA_004,51
GGCTTCACTCTGAACAGCGA_005,2
GGCTTCACTCTGAACAGCGA_006,156
GGCTTCACTCTGAACAGCGA_007,24
GGCTTCACTCTGAACAGCGA_008,41
GGCTTCACTCTGAACAGCGA_009,150
GGCTTCACTCTGAACAGCGA_010,118
GGCTTCACTCTGAACAGCGA_011,177
GGCTTCACTCTGAACAGCGA_012,172
GGCTTCACTCTGAACAGCGA_013,134
GGCTTCACTCTGAACAGCGA_014,43
GGCTTCACTCTGAACAGCGA_015,102
GGCTTCACTCTGAACAGCGA_016,40
GGCTTCACTCTGAACAGCGA_017,17
GGCTTCACTCTGAACAGCGA_018,144
ACTCAAAAACAATCCTACCG_001,118
ACTCAAAAACAATCCTACCG_002,122
ACTCAAAAACAATCCTACCG_003,160
CACGTGAGACATAATTCCTG_001,105
CACGTGAGACATAATTCCTG_002,33
CACGTGAGACATAATTCCTG_003,42
CACGTGAGACATAATTCCTG_004,178
CGCCTCCTTGCCGTACACCA_001,168
CGCCTCCTTGCCGTACACCA_002,42
CGCCTCCTTGCCGTACACCA_003,190
CGCCTCCTTGCCGTACACCA_004,199
CGCCTCCTTGCCGTACACCA_005,148
CGCCTCCTTGCCGTACACCA_006,15
CGCCTCCTTGCCGTACACCA_007,76
TTTCAGATCAACTCCAACGA_001,129
TTTCAGATCAACTCCAACGA_002,137
TTTCAGATCAACTCCAACGA_003,70
TTTCAGATCAACTCCAACGA_004,150
TTTCAGATCAACTCCAACGA_005,56
TTTCAGATCAACTCCAACGA_006,174
TTTCAGATCAACTCCAACGA_007,153
TTTCAGATCAACTCCAACGA_008,98
TTTCAGATCAACTCCAACGA_009,134
TTTCAGATCAACTCCAACGA_010,88
TTTCAGATCAACTCCAACGA_011,83
TTTCAGATCAACTCCAACGA_012,198
TTTCAGATCAACTCCAACGA_013,113
TTTCAGATCAACTCCAACGA_014,161
TTTCAGATCAACTCCAACGA_015,33
TTTCAGATCAACTCCAACGA_016,105
TTTCAGATCAACTCCAACGA_017,58
TTTCAGATCAACTCCAACGA_018,29
TTTCAGATCAACTCCAACGA_019,199
TTTCAGATCAACTCCAACGA_020,45
TTTCAGATCAACTCCAACGA_021,26
TTTCAGATCAACTCCAACGA_022,32
GCAATTCTGTATACCTACAG_001,36
GGCGTAGAATCCCACTGGAG_001,16
GGCGTAGAATCCCACTGGAG_002,104
GGCGTAGAATCCCACTGGAG_003,168
CACTTACACATGAGGCGGTA_001,137
CACTTACACATGAGGCGGTA_002,28
CACTTACACATGAGGCGGTA_003,50
CACTTACACATGAGGCGGTA_004,115
CACTTACACATGAGGCGGTA_005,199
CACTTACACATGAGGCGGTA_006,41
CACTTACACATGAGGCGGTA_007,27
CACTTACACATGAGGCGGTA_008,55
CACTTACACATGAGGCGGTA_009,191
CACTTACACATGAGGCGGTA_010,1
CACTTACACATGAGGCGGTA_011,62
CACTTACACATGAGGCGGTA_012,15
CACTTACACATGAGGCGGTA_013,82
CACTTACACATGAGGCGGTA_014,15
CTGATCATGAAGACCACCAG_001,132
CTGATCATGAAGACCACCAG_002,39
CTGATCATGAAGACCACCAG_003,183
CTGATCATGAAGACCACCAG_004,67
CTGATCATGAAGACCACCAG_005,187
CTGATCATGAAGACCACCAG_006,92
CTGATCATGAAGACCACCAG_007,185
CTGATCATGAAGACCACCAG_008,198
CTGATCATGAAGACCACCAG_009,130
CTGATCATGAAGACCACCAG_010,126
CTGATCATGAAGACCACCAG_011,29
CTGATCATGAAGACCACCAG_012,158
CTGATCATGAAGACCACCAG_013,1
AAACCAGGGCCAACACATGA_001,147
AAACCAGGGCCAACACATGA_002,184
AAACCAGGGCCAACACATGA_003,185
AAACCAGGGCCAACACATGA_004,162
AAACCAGGGCCAACACATGA_005,48
AAACCAGGGCCAACACATGA_006,191
AAACCAGGGCCAACACATGA_007,84
AAACCAGGGCCAACACATGA_008,44
AAACCAGGGCCAACACATGA_009,160
AAACCAGGGCCAACACATGA_010,17
GGCTGGTCAGTTTACCACTG_001,167
GGCTGGTCAGTTTACCACTG_002,105
GGCTGGTCAGTTTACCACTG_003,41
GGCTGGTCAGTTTACCACTG_004,4
GGCTGGTCAGTTTACCACTG_005,36
GGCTGGTCAGTTTACCACTG_006,47
GGCTGGTCAGTTTACCACTG_007,58
GGCTGGTCAGTTTACCACTG_008,16
GGCTGGTCAGTTTACCACTG_009,43
GGCTGGTCAGTTTACCACTG_010,148
GGCTGGTCAGTTTACCACTG_011,25
GGCTGGTCAGTTTACCACTG_012,81
GGCTGGTCAGTTTACCACTG_013,25
GGCTGGTCAGTTTACCACTG_014,59
GGCTGGTCAGTTTACCACTG_015,61
GGCTGGTCAGTTTACCACTG_016,45
GGCTGGTCAGTTTACCACTG_017,141
GGCTGGTCAGTTTACCACTG_018,134
GGACTACGTGTACCGCCAGG_001,17
GGACTACGTGTACCGCCAGG_002,191
GGACTACGTGTACCGCCAGG_003,186
GGACTACGTGTACCGCCAGG_004,192
GGACTACGTGTACCGCCAGG_005,82
CTTGGAGAATTACACATGAG_001,1
CTTGGAGAATTACACATGAG_002,46
CTTGGAGAATTACACATGAG_003,150
CTTGGAGAATTACACATGAG_004,157
TGGGACCGGCTGGCGCCGAG_001,158
TGGGACCGGCTGGCGCCGAG_002,188
TGGGACCGGCTGGCGCCGAG_003,76
TGGGACCGGCTGGCGCCGAG_004,2
TGGGACCGGCTGGCGCCGAG_005,40
TGGGACCGGCTGGCGCCGAG_006,5
TGGGACCGGCTGGCGCCGAG_007,90
TGGGACCGGCTGGCGCCGAG_008,66
GGTGAACGTGATCGACGCCG_001,9
GGTGAACGTGATCGACGCCG_002,175
GGTGAACGTGATCGACGCCG_003,40
GGTGAACGTGATCGACGCCG_004,76
GGTGAACGTGATCGACGCCG_005,154
GGTGAACGTGATCGACGCCG_006,67
GGTGAACGTGATCGACGCCG_007,31
GGTGAACGTGATCGACGCCG_008,115
GGTGAACGTGATCGACGCCG_009,50
GGTGAACGTGATCGACGCCG_010,172
GGTGAACGTGATCGACGCCG_011,50
GGTGAACGTGATCGACGCCG_012,198
GGTGAACGTGATCGACGCCG_013,79
GGTGAACGTGATCGACGCCG_014,108
GAGCGACACGCCCAGCATGT_001,53
GAGCGACACGCCCAGCATGT_002,2
GAGCGACACGCCCAGCATGT_003,24
GCAGAGCACCAAAGCACCGA_001,83
GCAGAGCACCAAAGCACCGA_002,125
GCAGAGCACCAAAGCACCGA_003,152
GCAGAGCACCAAAGCACCGA_004,174
GCAGAGCACCAAAGCACCGA_005,114
CAGAGACAACCGAAGCATTG_001,94
CAGAGACAACCGAAGCATTG_002,23
CAGAGACAACCGAAGCATTG_003,49
CAGAGACAACCGAAGCATTG_004,119
CAGAGACAACCGAAGCATTG_005,159
GGTTAGAAATTCGAGCCAAG_001,123
GGTTAGAAATTCGAGCCAAG_002,117
GGTTAGAAATTCGAGCCAAG_003,83
GGTTAGAAATTCGAGCCAAG_004,163
GGTTAGAAATTCGAGCCAAG_005,42
GGTTAGAAATTCGAGCCAAG_006,130
GGTTAGAAATTCGAGCCAAG_007,150
GGTTAGAAATTCGAGCCAAG_008,141
GGTTAGAAATTCGAGCCAAG_009,180
GGTTAGAAATTCGAGCCAAG_010,99
GGTTAGAAATTCGAGCCAAG_011,168
GGTTAGAAATTCGAGCCAAG_012,168
GGTTAGAAATTCGAGCCAAG_013,173
ATCTCGGGTCGACTGCGGAT_001,15
ATCTCGGGTCGACTGCGGAT_002,1
ATCTCGGGTCGACTGCGGAT_003,106
ATCTCGGGTCGACTGCGGAT_004,60
ATCTCGGGTCGACTGCGGAT_005,72
ATCTCGGGTCGACTGCGGAT_006,2
ATCTCGGGTCGACTGCGGAT_007,170
ATCTCGGGTCGACTGCGGAT_008,163
ATCTCGGGTCGACTGCGGAT_009,154
ATCTCGGGTCGACTGCGGAT_010,160
ATCTCGGGTCGACTGCGGAT_011,154
ATCTCGGGTCGACTGCGGAT_012,13
ATCTCGGGTCGACTGCGGAT_013,21
ATCTCGGGTCGACTGCGGAT_014,127
ATCTCGGGTCGACTGCGGAT_015,46
ATCTCGGGTCGACTGCGGAT_016,86
ATCTCGGGTCGACTGCGGAT_017,170
ATCTCGGGTCGACTGCGGAT_018,17
ATCTCGGGTCGACTGCGGAT_019,29
ATCTCGGGTCGACTGCGGAT_020,161
ATCTCGGGTCGACTGCGGAT_021,16
ATCTCGGGTCGACTGCGGAT_022,69
ATCTCGGGTCGACTGCGGAT_023,198
ATCTCGGGTCGACTGCGGAT_024,83
ATCTCGGGTCGACTGCGGAT_025,83
ATCTCGGGTCGACTGCGGAT_026,98
ATCTCGGGTCGACTGCGGAT_027,166
ATCTCGGGTCGACTGCGGAT_028,151
ATCTCGGGTCGACTGCGGAT_029,98
ATCTCGGGTCGACTGCGGAT_030,27
ATCTCGGGTCGACTGCGGAT_031,36
ATCTCGGGTCGACTGCGGAT_032,169
ATCTCGGGTCGACTGCGGAT_033,103
ATCTCGGGTCGACTGCGGAT_034,137
ATCTCGGGTCGACTGCGGAT_035,176
ATCTCGGGTCGACTGCGGAT_036,60
ATCTCGGGTCGACTGCGGAT_037,42
ATCTCGGGTCGACTGCGGAT_038,134
ATCTCGGGTCGACTGCGGAT_039,102
ATCTCGGGTCGACTGCGGAT_040,58
ATCTCGGGTCGACTGCGGAT_041,174
ATCTCGGGTCGACTGCGGAT_042,185
ATCTCGGGTCGACTGCGGAT_043,169
ATCTCGGGTCGACTGCGGAT_044,105
ATCTCGGGTCGACTGCGGAT_045,70
ATCTCGGGTCGACTGCGGAT_046,140
ATCTCGGGTCGACTGCGGAT_047,160
ATCTCGGGTCGACTGCGGAT_048,104
ATCTCGGGTCGACTGCGGAT_049,48
ATCTCGGGTCGACTGCGGAT_050,135
ATCTCGGGTCGACTGCGGAT_051,172
ATCTCGGGTCGACTGCGGAT_052,20
ATCTCGGGTCGACTGCGGAT_053,76
ATCTCGGGTCGACTGCGGAT_054,134
ATCTCGGGTCGACTGCGGAT_055,7
ATCTCGGGTCGACTGCGGAT_056,11
ATCTCGGGTCGACTGCGGAT_057,142
ATCTCGGGTCGACTGCGGAT_058,37
ATCTCGGGTCGACTGCGGAT_059,143
ATCTCGGGTCGACTGCGGAT_060,2
ATCTCGGGTCGACTGCGGAT_061,34
ATCTCGGGTCGACTGCGGAT_062,158
GGAGGCTCCTTCAAGTCACT_001,192
GGAGGCTCCTTCAAGTCACT_002,65
GGAGGCTCCTTCAAGTCACT_003,160
GGAGGCTCCTTCAAGTCACT_004,146
GGAGGCTCCTTCAAGTCACT_005,98
GGAGGCTCCTTCAAGTCACT_006,31
GGAGGCTCCTTCAAGTCACT_007,49
GGAGGCTCCTTCAAGTCACT_008,48
GGAGGCTCCTTCAAGTCACT_009,119
GGAGGCTCCTTCAAGTCACT_010,68
GGAGGCTCCTTCAAGTCACT_011,134
GGAGGCTCCTTCAAGTCACT_012,48
GGAGGCTCCTTCAAGTCACT_013,172
GGAGGCTCCTTCAAGTCACT_014,58
GGAGGCTCCTTCAAGTCACT_015,94
GGAGGCTCCTTCAAGTCACT_016,70
GGAGGCTCCTTCAAGTCACT_017,46
GGAGGCTCCTTCAAGTCACT_018,22
TGATGATGAACAATGGACAA_001,28
TGATGATGAACAATGGACAA_002,27
TGATGATGAACAATGGACAA_003,60
TGATGATGAACAATGGACAA_004,29
TGATGATGAACAATGGACAA_005,48
TGATGATGAACAATGGACAA_006,15
TGATGATGAACAATGGACAA_007,1
TGATGATGAACAATGGACAA_008,197
TGATGATGAACAATGGACAA_009,138
TGATGATGAACAATGGACAA_010,191
TGATGATGAACAATGGACAA_011,22
TGATGATGAACAATGGACAA_012,46
TGATGATGAACAATGGACAA_013,106
TGATGATGAACAATGGACAA_014,142
TGATGATGAACAATGGACAA_015,145
TGATGATGAACAATGGACAA_016,81
TGATGATGAACAATGGACAA_017,198
TGGGGCAATGCTAAATATTG_001,62
AGTGGCTACAGACGAAGCAA_001,117
AGTGGCTACAGACGAAGCAA_002,181
AGTGGCTACAGACGAAGCAA_003,167
AGTGGCTACAGACGAAGCAA_004,48
AGTGGCTACAGACGAAGCAA_005,174
AGTGGCTACAGACGAAGCAA_006,185
AGTGGCTACAGACGAAGCAA_007,138
AGTGGCTACAGACGAAGCAA_008,168
AGTGGCTACAGACGAAGCAA_009,51
AGTGGCTACAGACGAAGCAA_010,183
AGTGGCTACAGACGAAGCAA_011,17
AGTGGCTACAGACGAAGCAA_012,10
AGTGGCTACAGACGAAGCAA_013,144
AGTGGCTACAGACGAAGCAA_014,30
ATAAACTGGGAATGGCTGGA_001,115
ATAAACTGGGAATGGCTGGA_002,157
ATAAACTGGGAATGGCTGGA_003,45
ATAAACTGGGAATGGCTGGA_004,61
ATAAACTGGGAATGGCTGGA_005,127
ATAAACTGGGAATGGCTGGA_006,182
ATAAACTGGGAATGGCTGGA_007,52
ATAAACTGGGAATGGCTGGA_008,170
ATAAACTGGGAATGGCTGGA_009,138
ATAAACTGGGAATGGCTGGA_010,39
TGCGAAATTTAATAAACCTG_001,178
TGCGAAATTTAATAAACCTG_002,115
TGCGAAATTTAATAAACCTG_003,49
TGCGAAATTTAATAAACCTG_004,56
TGCGAAATTTAATAAACCTG_005,199
TGCGAAATTTAATAAACCTG_006,197
AAGAACGTGTAGCAATAAAA_001,192
AAGAACGTGTAGCAATAAAA_002,48
AAGAACGTGTAGCAATAAAA_003,168
AAGAACGTGTAGCAATAAAA_004,141
AAGAACGTGTAGCAATAAAA_005,141
AAGAACGTGTAGCAATAAAA_006,166
AAGAACGTGTAGCAATAAAA_007,197
AAGAACGTGTAGCAATAAAA_008,102
AAGAACGTGTAGCAATAAAA_009,161
AAGAACGTGTAGCAATAAAA_010,66
AAGAACGTGTAGCAATAAAA_011,197
TAAGCATAATAATCTTCTGA_001,75
CCGAGCGTGAGACTGACTGA_001,166
CCGAGCGTGAGACTGACTGA_002,153
CCGAGCGTGAGACTGACTGA_003,23
CCGAGCGTGAGACTGACTGA_004,39
CCGAGCGTGAGACTGACTGA_005,37
CCGAGCGTGAGACTGACTGA_006,32
CCGAGCGTGAGACTGACTGA_007,50
CCGAGCGTGAGACTGACTGA_008,2
CCGAGCGTGAGACTGACTGA_009,8
CCGAGCGTGAGACTGACTGA_010,183
CCGAGCGTGAGACTGACTGA_011,41
CCGAGCGTGAGACTGACTGA_012,76
CCGAGCGTGAGACTGACTGA_013,144
CCGAGCGTGAGACTGACTGA_014,33
CCGAGCGTGAGACTGACTGA_015,137
CCGAGCGTGAGACTGACTGA_016,75
CCGAGCGTGAGACTGACTGA_017,76
CCGAGCGTGAGACTGACTGA_018,189
CCGAGCGTGAGACTGACTGA_019,172
CCGAGCGTGAGACTGACTGA_020,94
CCGAGCGTGAGACTGACTGA_021,50
CCGAGCGTGAGACTGACTGA_022,148
CCGAGCGTGAGACTGACTGA_023,12
CCGAGCGTGAGACTGACTGA_024,141
CCGAGCGTGAGACTGACTGA_025,168
CCGAGCGTGAGACTGACTGA_026,130
CCGAGCGTGAGACTGACTGA_027,168
CCGAGCGTGAGACTGACTGA_028,19
CCGAGCGTGAGACTGACTGA_029,149
CCGAGCGTGAGACTGACTGA_030,25
CCGAGCGTGAGACTGACTGA_031,163
CCGAGCGTGAGACTGACTGA_032,59
CCGAGCGTGAGACTGACTGA_033,162
CCGAGCGTGAGACTGACTGA_034,19
CCGAGCGTGAGACTGACTGA_035,162
CCGAGCGTGAGACTGACTGA_036,184
GAGATAGGGGCAGATACCCA_001,29
GAGATAGGGGCAGATACCCA_002,175
GAGATAGGGGCAGATACCCA_003,98
GAGATAGGGGCAGATACCCA_004,41
GAGATAGGGGCAGATACCCA_005,2
GGACCTGTATGCCTATGCAG_001,83
GGACCTGTATGCCTATGCAG_002,42
GGACCTGTATGCCTATGCAG_003,80
GGACCTGTATGCCTATGCAG_004,68
CACATACTTCAATTGCACAG_001,69
CACATACTTCAATTGCACAG_002,58
CACATACTTCAATTGCACAG_003,11
CACATACTTCAATTGCACAG_004,11
ACAGGTTCTTATTCATTGAC_001,132
ACAGGTTCTTATTCATTGAC_002,95
ACAGGTTCTTATTCATTGAC_003,71
ACAGGTTCTTATTCATTGAC_004,77
ACAGGTTCTTATTCATTGAC_005,103
ACAGGTTCTTATTCATTGAC_006,9
CCTTGGCAGATGGATCCAGT_001,165
CCTTGGCAGATGGATCCAGT_002,142
CCTTGGCAGATGGATCCAGT_003,156
CCTTGGCAGATGGATCCAGT_004,71
CTTATGTAGTTAGTCTGGCG_001,168
CTTATGTAGTTAGTCTGGCG_002,83
CTTATGTAGTTAGTCTGGCG_003,23
CTTATGTAGTTAGTCTGGCG_004,64
CTTATGTAGTTAGTCTGGCG_005,168
CTTATGTAGTTAGTCTGGCG_006,3
ACGACGAGTACCAAGAAAAG_001,94
ACGACGAGTACCAAGAAAAG_002,9
ACGACGAGTACCAAGAAAAG_003,190
ACGACGAGTACCAAGAAAAG_004,33
ACGACGAGTACCAAGAAAAG_005,151
ACGACGAGTACCAAGAAAAG_006,48
ACGACGAGTACCAAGAAAAG_007,15
ACGACGAGTACCAAGAAAAG_008,157
ACGACGAGTACCAAGAAAAG_009,171
ACGACGAGTACCAAGAAAAG_010,103
ACGACGAGTACCAAGAAAAG_011,142
ACGACGAGTACCAAGAAAAG_012,39
ACGACGAGTACCAAGAAAAG_013,138
GAGGTGTTCAGGATTTCGCT_001,135
GAGGTGTTCAGGATTTCGCT_002,125
GAGGTGTTCAGGATTTCGCT_003,144
GAGGTGTTCAGGATTTCGCT_004,105
GAGGTGTTCAGGATTTCGCT_005,191
GAGGTGTTCAGGATTTCGCT_006,102
GATGTGAGAGCTCAGTGTTG_001,13
GATGTGAGAGCTCAGTGTTG_002,77
GATGTGAGAGCTCAGTGTTG_003,107
GATGTGAGAGCTCAGTGTTG_004,23
GATGTGAGAGCTCAGTGTTG_005,83
TGCCAGGAAGCCTGTCGAGG_001,95
TGCCAGGAAGCCTGTCGAGG_002,101
TGCCAGGAAGCCTGTCGAGG_003,193
TGCCAGGAAGCCTGTCGAGG_004,114
TGCCAGGAAGCCTGTCGAGG_005,114
TGCCAGGAAGCCTGTCGAGG_006,85
TGCCAGGAAGCCTGTCGAGG_007,158
TGCCAGGAAGCCTGTCGAGG_008,84
TGCCAGGAAGCCTGTCGAGG_009,23
TGCCAGGAAGCCTGTCGAGG_010,10
TGCCAGGAAGCCTGTCGAGG_011,73
TGCCAGGAAGCCTGTCGAGG_012,56
TGCCAGGAAGCCTGTCGAGG_013,108
TGCCAGGAAGCCTGTCGAGG_014,36
TGCCAGGAAGCCTGTCGAGG_015,159
TGCCAGGAAGCCTGTCGAGG_016,131
TGCCAGGAAGCCTGTCGAGG_017,42
TGCCAGGAAGCCTGTCGAGG_018,42
TGCCAGGAAGCCTGTCGAGG_019,107
TGCCAGGAAGCCTGTCGAGG_020,173
TGCCAGGAAGCCTGTCGAGG_021,173
GATCTCTGGTCTGATCTACG_001,142
GATCTCTGGTCTGATCTACG_002,43
GATCTCTGGTCTGATCTACG_003,108
GATCTCTGGTCTGATCTACG_004,151
GATCTCTGGTCTGATCTACG_005,49
GATCTCTGGTCTGATCTACG_006,91
GATCTCTGGTCTGATCTACG_007,68
GATCTCTGGTCTGATCTACG_008,43
GATCTCTGGTCTGATCTACG_009,86
GATCTCTGGTCTGATCTACG_010,158
GGAATGTCCTAGGTTACTGA_001,12
GGAATGTCCTAGGTTACTGA_002,17
GGAATGTCCTAGGTTACTGA_003,56
GGAATGTCCTAGGTTACTGA_004,0
GGAATGTCCTAGGTTACTGA_005,4
GGAATGTCCTAGGTTACTGA_006,2
GGAATGTCCTAGGTTACTGA_007,127
GGAATGTCCTAGGTTACTGA_008,119
GGAATGTCCTAGGTTACTGA_009,57
GGAATGTCCTAGGTTACTGA_010,29
GGAATGTCCTAGGTTACTGA_011,91
GGAATGTCCTAGGTTACTGA_012,162
GGAATGTCCTAGGTTACTGA_013,169
GGAATGTCCTAGGTTACTGA_014,1
GGAATGTCCTAGGTTACTGA_015,84
ACATACCCCCCTGGTTCAGA_001,65
ACATACCCCCCTGGTTCAGA_002,181
ACATACCCCCCTGGTTCAGA_003,162
ACATACCCCCCTGGTTCAGA_004,105
ACATACCCCCCTGGTTCAGA_005,21
ACATACCCCCCTGGTTCAGA_006,162
ACATACCCCCCTGGTTCAGA_007,52
ACATACCCCCCTGGTTCAGA_008,48
ACATACCCCCCTGGTTCAGA_009,142
ACATACCCCCCTGGTTCAGA_010,60
ACATACCCCCCTGGTTCAGA_011,150
ACATACCCCCCTGGTTCAGA_012,138
ACATACCCCCCTGGTTCAGA_013,6
ACATACCCCCCTGGTTCAGA_014,80
ACATACCCCCCTGGTTCAGA_015,99
ACATACCCCCCTGGTTCAGA_016,29
ACATACCCCCCTGGTTCAGA_017,98
CTTGACTCACAAAGTCCACA_001,26
CTTGACTCACAAAGTCCACA_002,35
CTTGACTCACAAAGTCCACA_003,76
CTTGACTCACAAAGTCCACA_004,127
CTTGACTCACAAAGTCCACA_005,58
CTTGACTCACAAAGTCCACA_006,22
CTTGACTCACAAAGTCCACA_007,19
CTTGACTCACAAAGTCCACA_008,1
AAGAAGAGTAATCGCCTATG_001,114
AAGAAGAGTAATCGCCTATG_002,166
AAGAAGAGTAATCGCCTATG_003,27
AAGAAGAGTAATCGCCTATG_004,185
AAGAAGAGTAATCGCCTATG_005,185
AAGAAGAGTAATCGCCTATG_006,71
AAGAAGAGTAATCGCCTATG_007,113
AAGAAGAGTAATCGCCTATG_008,124
AAGAAGAGTAATCGCCTATG_009,7
AAGAAGAGTAATCGCCTATG_010,142
AAGAAGAGTAATCGCCTATG_011,79
AAGAAGAGTAATCGCCTATG_012,44
AAGAAGAGTAATCGCCTATG_013,157
AACATCAGATAGACCTCATG_001,23
AACATCAGATAGACCTCATG_002,177
AACATCAGATAGACCTCATG_003,17
AACATCAGATAGACCTCATG_004,103
GCAGTTTCTTAATTTCAATG_001,14
GCAGTTTCTTAATTTCAATG_002,142
GCAGTTTCTTAATTTCAATG_003,152
GTAAGTCAGTGGAAAGAAAG_001,9
GTAAGTCAGTGGAAAGAAAG_002,55
GTAAGTCAGTGGAAAGAAAG_003,112
GTAAGTCAGTGGAAAGAAAG_004,199
GATGCCGGCTGTACGACATG_001,176
GATGCCGGCTGTACGACATG_002,62
GATGCCGGCTGTACGACATG_003,77
GATGCCGGCTGTACGACATG_004,134
GATGCCGGCTGTACGACATG_005,35
GATGCCGGCTGTACGACATG_006,71
GCAGTTAGGAGGCCTCCCAG_001,182
GCAGTTAGGAGGCCTCCCAG_002,60
GCAGTTAGGAGGCCTCCCAG_003,10
GCAGTTAGGAGGCCTCCCAG_004,115
GCCCCGCTAGCCTCTTTCGC_001,148
GCCCCGCTAGCCTCTTTCGC_002,187
GCCCCGCTAGCCTCTTTCGC_003,174
GCCCCGCTAGCCTCTTTCGC_004,19
GCCCCGCTAGCCTCTTTCGC_005,199
GCCCCGCTAGCCTCTTTCGC_006,32
GCCCCGCTAGCCTCTTTCGC_007,135
GCCCCGCTAGCCTCTTTCGC_008,67
GCCCCGCTAGCCTCTTTCGC_009,190
GCCCCGCTAGCCTCTTTCGC_010,60
GCCCCGCTAGCCTCTTTCGC_011,2
GCCCCGCTAGCCTCTTTCGC_012,190
GCCCCGCTAGCCTCTTTCGC_013,166
GCCCCGCTAGCCTCTTTCGC_014,23
GCCCCGCTAGCCTCTTTCGC_015,10
GTTACCCAGTACAGGAGCCC_001,48
GTTACCCAGTACAGGAGCCC_002,28
ACAGCCGTCCCTTACCACCG_001,147
ACAGCCGTCCCTTACCACCG_002,186
ACAGCCGTCCCTTACCACCG_003,122
ACAGCCGTCCCTTACCACCG_004,107
ACAGCCGTCCCTTACCACCG_005,193
ACAGCCGTCCCTTACCACCG_006,146
ACAGCCGTCCCTTACCACCG_007,120
ACAGCCGTCCCTTACCACCG_008,145
ACAGCCGTCCCTTACCACCG_009,50
ACAGCCGTCCCTTACCACCG_010,137
ACAGCCGTCCCTTACCACCG_011,198
ACAGCCGTCCCTTACCACCG_012,16
ACAGCCGTCCCTTACCACCG_013,11
ACAGCCGTCCCTTACCACCG_014,171
ACAGCCGTCCCTTACCACCG_015,34
ACAGCCGTCCCTTACCACCG_016,106
ACAGCCGTCCCTTACCACCG_017,174
ACAGCCGTCCCTTACCACCG_018,63
ACAGCCGTCCCTTACCACCG_019,106
ACAGCCGTCCCTTACCACCG_020,79
ACAGCCGTCCCTTACCACCG_021,98
ACAGCCGTCCCTTACCACCG_022,166
ACAGCCGTCCCTTACCACCG_023,46
ACAGCCGTCCCTTACCACCG_024,168
ACAGCCGTCCCTTACCACCG_025,2
ACAGCCGTCCCTTACCACCG_026,118
CCAGGTACTACAGGCCGGCG_001,94
CCAGGTACTACAGGCCGGCG_002,189
CCAGGTACTACAGGCCGGCG_003,51
CCAGGTACTACAGGCCGGCG_004,124
ACAAAGTCTGCCATGCCCTG_001,127
ACAAAGTCTGCCATGCCCTG_002,53
ACAAAGTCTGCCATGCCCTG_003,34
ACAAAGTCTGCCATGCCCTG_004,69
ACAAAGTCTGCCATGCCCTG_005,88
ACAAAGTCTGCCATGCCCTG_006,55
ACAAAGTCTGCCATGCCCTG_007,19
ACAAAGTCTGCCATGCCCTG_008,19
ACAAAGTCTGCCATGCCCTG_009,115
ACAAAGTCTGCCATGCCCTG_010,145
ACAAAGTCTGCCATGCCCTG_011,130
ACAAAGTCTGCCATGCCCTG_012,75
ACAAAGTCTGCCATGCCCTG_013,125
ACAAAGTCTGCCATGCCCTG_014,49
ACAAAGTCTGCCATGCCCTG_015,3
ACAAAGTCTGCCATGCCCTG_016,185
TTGGTGCAGACCCAGATCTG_001,147
TTGGTGCAGACCCAGATCTG_002,150
TTGGTGCAGACCCAGATCTG_003,62
TTGGTGCAGACCCAGATCTG_004,12
TTGGTGCAGACCCAGATCTG_005,145
TTGGTGCAGACCCAGATCTG_006,22
GCTGAAACTCATCAGTCCTG_001,189
GCTGAAACTCATCAGTCCTG_002,45
GCTGAAACTCATCAGTCCTG_003,116
GCTGAAACTCATCAGTCCTG_004,118
GCTGAAACTCATCAGTCCTG_005,127
GCTGAAACTCATCAGTCCTG_006,37
GCTGAAACTCATCAGTCCTG_007,156
GCTGAAACTCATCAGTCCTG_008,65
GCTGAAACTCATCAGTCCTG_009,167
GCTGAAACTCATCAGTCCTG_010,12
GCTGAAACTCATCAGTCCTG_011,134
GCTGAAACTCATCAGTCCTG_012,42
GCTGAAACTCATCAGTCCTG_013,47
GCTGAAACTCATCAGTCCTG_014,174
GCTGAAACTCATCAGTCCTG_015,101
GCTGAAACTCATCAGTCCTG_016,76
GCTGAAACTCATCAGTCCTG_017,16
GCTGAAACTCATCAGTCCTG_018,161
GCTGAAACTCATCAGTCCTG_019,64
GCTGAAACTCATCAGTCCTG_020,96
GCTGAAACTCATCAGTCCTG_021,39
GCTGAAACTCATCAGTCCTG_022,28
CATGTGTTTGAAGTGAGTTG_001,196
CATGTGTTTGAAGTGAGTTG_002,34
CATGTGTTTGAAGTGAGTTG_003,118
CATGTGTTTGAAGTGAGTTG_004,15
TCGAACCAAAAAAGCCCAGG_001,139
TCGAACCAAAAAAGCCCAGG_002,48
TCGAACCAAAAAAGCCCAGG_003,14
TCGAACCAAAAAAGCCCAGG_004,105
TCGAACCAAAAAAGCCCAGG_005,48
TCGAACCAAAAAAGCCCAGG_006,91
TCGAACCAAAAAAGCCCAGG_007,82
TCGAACCAAAAAAGCCCAGG_008,55
TCGAACCAAAAAAGCCCAGG_009,76
TTTCTCAGTCAGCACAACCA_001,81
TTTCTCAGTCAGCACAACCA_002,2
TTTCTCAGTCAGCACAACCA_003,118
TTTCTCAGTCAGCACAACCA_004,137
TTTCTCAGTCAGCACAACCA_005,182
TTTCTCAGTCAGCACAACCA_006,172
TTTCTCAGTCAGCACAACCA_007,48
TTTCTCAGTCAGCACAACCA_008,33
TTTCTCAGTCAGCACAACCA_009,185
TTTCTCAGTCAGCACAACCA_010,16
TTTCTCAGTCAGCACAACCA_011,166
TTTCTCAGTCAGCACAACCA_012,145
TTTCTCAGTCAGCACAACCA_013,190
TTTCTCAGTCAGCACAACCA_014,170
TTTCTCAGTCAGCACAACCA_015,156
TTTCTCAGTCAGCACAACCA_016,142
TTTCTCAGTCAGCACAACCA_017,31
TTTCTCAGTCAGCACAACCA_018,9
TTTCTCAGTCAGCACAACCA_019,103
TTTCTCAGTCAGCACAACCA_020,63
TTTCTCAGTCAGCACAACCA_021,199
TTTCTCAGTCAGCACAACCA_022,97
TTTCTCAGTCAGCACAACCA_023,88
TTTCTCAGTCAGCACAACCA_024,130
TTTCTCAGTCAGCACAACCA_025,94
TTTCTCAGTCAGCACAACCA_026,65
TTTCTCAGTCAGCACAACCA_027,150
TTTCTCAGTCAGCACAACCA_028,13
CTTCGGAAAAATTAGCACTG_001,155
CTTCGGAAAAATTAGCACTG_002,103
CTTCGGAAAAATTAGCACTG_003,118
CTTCGGAAAAATTAGCACTG_004,12
CTTCGGAAAAATTAGCACTG_005,68
CTTCGGAAAAATTAGCACTG_006,12
CTTCGGAAAAATTAGCACTG_007,68
CTTCGGAAAAATTAGCACTG_008,77
CTTCGGAAAAATTAGCACTG_009,28
CTTCGGAAAAATTAGCACTG_010,141
CTTCGGAAAAATTAGCACTG_011,94
CTTCGGAAAAATTAGCACTG_012,142
CTTCGGAAAAATTAGCACTG_013,166
CTTCGGAAAAATTAGCACTG_014,132
CTTCGGAAAAATTAGCACTG_015,169
CTTCGGAAAAATTAGCACTG_016,177
CTTCGGAAAAATTAGCACTG_017,184
CTTCGGAAAAATTAGCACTG_018,40
CTTCGGAAAAATTAGCACTG_019,48
CTTCGGAAAAATTAGCACTG_020,74
CTTCGGAAAAATTAGCACTG_021,2
AACTTATGAACAGATAAAGG_001,27
AACTTATGAACAGATAAAGG_002,168
AACTTATGAACAGATAAAGG_003,30
AACTTATGAACAGATAAAGG_004,9
AACTTATGAACAGATAAAGG_005,150
AACTTATGAACAGATAAAGG_006,102
AACTTATGAACAGATAAAGG_007,27
GCATATATCAGACTAGCACG_001,198
GCATATATCAGACTAGCACG_002,0
GCATATATCAGACTAGCACG_003,92
CATCACAGCTCGGATCATCA_001,97
CATCACAGCTCGGATCATCA_002,18
CATCACAGCTCGGATCATCA_003,33
CATCACAGCTCGGATCATCA_004,70
CATCACAGCTCGGATCATCA_005,127
CATCACAGCTCGGATCATCA_006,81
CATCACAGCTCGGATCATCA_007,148
CATCACAGCTCGGATCATCA_008,110
CATGCAAAGATCCAAATGGC_001,176
CATGCAAAGATCCAAATGGC_002,141
CATGCAAAGATCCAAATGGC_003,29
CATGCAAAGATCCAAATGGC_004,9
CATGCAAAGATCCAAATGGC_005,57
CATGCAAAGATCCAAATGGC_006,141
CATGCAAAGATCCAAATGGC_007,191
CATGCAAAGATCCAAATGGC_008,108
CATGCAAAGATCCAAATGGC_009,149
CATGCAAAGATCCAAATGGC_010,15
CATGCAAAGATCCAAATGGC_011,48
CATGCAAAGATCCAAATGGC_012,199
CATGCAAAGATCCAAATGGC_013,23
GGAGCGCCACGGTCCGCCCG_001,18
GGAGCGCCACGGTCCGCCCG_002,68
GGCCGAGGAGAGTGTCACGA_001,159
GGCCGAGGAGAGTGTCACGA_002,7
GGCCGAGGAGAGTGTCACGA_003,57
GGCCGAGGAGAGTGTCACGA_004,137
GGCCGAGGAGAGTGTCACGA_005,56
GGCCGAGGAGAGTGTCACGA_006,104
GTTGAACTGAATTGTGCCGG_001,59
GTTGAACTGAATTGTGCCGG_002,67
GTTGAACTGAATTGTGCCGG_003,159
GTTGAACTGAATTGTGCCGG_004,110
AAGAACCAGTTCTGTTTCCG_001,72
AAGAACCAGTTCTGTTTCCG_002,182
AAGAACCAGTTCTGTTTCCG_003,147
AAGAACCAGTTCTGTTTCCG_004,174
AAGAACCAGTTCTGTTTCCG_005,57
AAGAACCAGTTCTGTTTCCG_006,61
AAGAACCAGTTCTGTTTCCG_007,155
AAGAACCAGTTCTGTTTCCG_008,179
AAGAACCAGTTCTGTTTCCG_009,169
AAGAACCAGTTCTGTTTCCG_010,60
AAGAACCAGTTCTGTTTCCG_011,19
AAGAACCAGTTCTGTTTCCG_012,21
ACTCACATATTTATCAACGA_001,98
ACTCACATATTTATCAACGA_002,88
GGCCCCCAGACAGGTCACCC_001,58
GGCCCCCAGACAGGTCACCC_002,8
GGCCCCCAGACAGGTCACCC_003,44
GGCCCCCAGACAGGTCACCC_004,123
GTGACACGCGGCGGGCAGTG_001,175
GTGACACGCGGCGGGCAGTG_002,175
GTGACACGCGGCGGGCAGTG_003,137
GTGACACGCGGCGGGCAGTG_004,47
GTGACACGCGGCGGGCAGTG_005,178
GTGACACGCGGCGGGCAGTG_006,161
GTGACACGCGGCGGGCAGTG_007,184
GTGACACGCGGCGGGCAGTG_008,146
GTGACACGCGGCGGGCAGTG_009,121
GTGACACGCGGCGGGCAGTG_010,189
GTGACACGCGGCGGGCAGTG_011,9
GTGACACGCGGCGGGCAGTG_012,149
GTGACACGCGGCGGGCAGTG_013,173
GTGACACGCGGCGGGCAGTG_014,67
GTGACACGCGGCGGGCAGTG_015,158
GTGACACGCGGCGGGCAGTG_016,49
GTGACACGCGGCGGGCAGTG_017,69
GTGACACGCGGCGGGCAGTG_018,169
GTGACACGCGGCGGGCAGTG_019,111
GTGACACGCGGCGGGCAGTG_020,93
GTGACACGCGGCGGGCAGTG_021,192
GTGACACGCGGCGGGCAGTG_022,43
GTGACACGCGGCGGGCAGTG_023,158
GTGACACGCGGCGGGCAGTG_024,148
GTGACACGCGGCGGGCAGTG_025,150
GTGACACGCGGCGGGCAGTG_026,172
GTGACACGCGGCGGGCAGTG_027,126
GTGACACGCGGCGGGCAGTG_028,140
GTGACACGCGGCGGGCAGTG_029,185
GTGACACGCGGCGGGCAGTG_030,19
GTGACACGCGGCGGGCAGTG_031,77
GTGACACGCGGCGGGCAGTG_032,58
GTGACACGCGGCGGGCAGTG_033,45
GTGACACGCGGCGGGCAGTG_034,150
GTGACACGCGGCGGGCAGTG_035,2
GTGACACGCGGCGGGCAGTG_036,116
GTGACACGCGGCGGGCAGTG_037,82
GTGACACGCGGCGGGCAGTG_038,57
GTGACACGCGGCGGGCAGTG_039,85
GTGACACGCGGCGGGCAGTG_040,113
GGTATTTCCGCAGAGTCGCA_001,114
GGTATTTCCGCAGAGTCGCA_002,32
TGCAGGCAAGTTTCAACACA_001,171
TGCAGGCAAGTTTCAACACA_002,76
TGCAGGCAAGTTTCAACACA_003,62
TGCAGGCAAGTTTCAACACA_004,29
TGCAGGCAAGTTTCAACACA_005,145
TGCAGGCAAGTTTCAACACA_006,124
GATGTCATCCGAGTATATAG_001,176
AGTCCGGAGTATAGTAGACG_001,170
AGTCCGGAGTATAGTAGACG_002,94
AGTCCGGAGTATAGTAGACG_003,16
AGTCCGGAGTATAGTAGACG_004,190
AGTCCGGAGTATAGTAGACG_005,117
AGTCCGGAGTATAGTAGACG_006,41
AGTCCGGAGTATAGTAGACG_007,144
AGAGGTTTGCCAACACCGTG_001,78
AGAGGTTTGCCAACACCGTG_002,58
AGAGGTTTGCCAACACCGTG_003,192
AGAGGTTTGCCAACACCGTG_004,158
AGAGGTTTGCCAACACCGTG_005,190
AGAGGTTTGCCAACACCGTG_006,149
CGCGGACGAGGAACATACCG_001,166
CGCGGACGAGGAACATACCG_002,196
CGCGGACGAGGAACATACCG_003,106
CGCGGACGAGGAACATACCG_004,163
CGCGGACGAGGAACATACCG_005,89
CGCGGACGAGGAACATACCG_006,114
CGCGGACGAGGAACATACCG_007,174
CGCGGACGAGGAACATACCG_008,148
CCAAGTCATAGTCACTACAC_001,147
CCAAGTCATAGTCACTACAC_002,142
CCAAGTCATAGTCACTACAC_003,10
CCAAGTCATAGTCACTACAC_004,136
GGGGATGTCTAGGAGCTCGA_001,62
GGGGATGTCTAGGAGCTCGA_002,95
GGGGATGTCTAGGAGCTCGA_003,25
GGGGATGTCTAGGAGCTCGA_004,55
GGGGATGTCTAGGAGCTCGA_005,9
CTTGCATGGCCACATCCGAG_001,40
GCGGTGCCCTCACTGCCTTG_001,144
GCGGTGCCCTCACTGCCTTG_002,193
GCGGTGCCCTCACTGCCTTG_003,158
GCGGTGCCCTCACTGCCTTG_004,166
GCGGTGCCCTCACTGCCTTG_005,132
GCGGTGCCCTCACTGCCTTG_006,82
GCGGTGCCCTCACTGCCTTG_007,68
GCGGTGCCCTCACTGCCTTG_008,136
GCGGTGCCCTCACTGCCTTG_009,62
TGGTGAAGACGAGAGCATCG_001,92
TGGTGAAGACGAGAGCATCG_002,130
TGGTGAAGACGAGAGCATCG_003,165
TGGTGAAGACGAGAGCATCG_004,17
TGGTGAAGACGAGAGCATCG_005,45
TGGTGAAGACGAGAGCATCG_006,135
TGGTGAAGACGAGAGCATCG_007,169
TGGTGAAGACGAGAGCATCG_008,94
TGGTGAAGACGAGAGCATCG_009,56
TGGTGAAGACGAGAGCATCG_010,152
TGGTGAAGACGAGAGCATCG_011,184
TGGTGAAGACGAGAGCATCG_012,138
TGGTGAAGACGAGAGCATCG_013,53
TGGTGAAGACGAGAGCATCG_014,80
TGGTGAAGACGAGAGCATCG_015,50
TGGTGAAGACGAGAGCATCG_016,114
TGGTGAAGACGAGAGCATCG_017,127
TGGTGAAGACGAGAGCATCG_018,121
TGGTGAAGACGAGAGCATCG_019,34
TGGTGAAGACGAGAGCATCG_020,19
TGGTGAAGACGAGAGCATCG_021,76
TGGTGAAGACGAGAGCATCG_022,48
GGTGTTGAGTGGGGTCGACA_001,88
GGTGTTGAGTGGGGTCGACA_002,157
GGTGTTGAGTGGGGTCGACA_003,70
GGTGTTGAGTGGGGTCGACA_004,169
GGTGTTGAGTGGGGTCGACA_005,103
GGAACACCTTCAACACTCCG_001,64
GGAACACCTTCAACACTCCG_002,113
GGAACACCTTCAACACTCCG_003,141
GGAACACCTTCAACACTCCG_004,63
GAGATCCTGCGATAAAACTG_001,27
GAGATCCTGCGATAAAACTG_002,15
GAGATCCTGCGATAAAACTG_003,1
GAGATCCTGCGATAAAACTG_004,72
GAGATCCTGCGATAAAACTG_005,28
GAGATCCTGCGATAAAACTG_006,15
GAGATCCTGCGATAAAACTG_007,70
GAGATCCTGCGATAAAACTG_008,170
CGTGATCACCATGCAGACGC_001,150
CGTGATCACCATGCAGACGC_002,94
CGTGATCACCATGCAGACGC_003,178
CGTGATCACCATGCAGACGC_004,36
CGTGATCACCATGCAGACGC_005,117
CGTGATCACCATGCAGACGC_006,70
CGTGATCACCATGCAGACGC_007,21
CGTGATCACCATGCAGACGC_008,35
CGTGATCACCATGCAGACGC_009,138
CGTGATCACCATGCAGACGC_010,78
CGTGATCACCATGCAGACGC_011,19
CGTGATCACCATGCAGACGC_012,179
CGTGATCACCATGCAGACGC_013,190
CGTGATCACCATGCAGACGC_014,11
GAAAAGCTTCTCGCCAGTAT_001,33
GAAAAGCTTCTCGCCAGTAT_002,170
GAAAAGCTTCTCGCCAGTAT_003,15
GAAAAGCTTCTCGCCAGTAT_004,146
TAACGCCTGCAAGCTCACGC_001,39
TAACGCCTGCAAGCTCACGC_002,48
TAACGCCTGCAAGCTCACGC_003,108
TAACGCCTGCAAGCTCACGC_004,59
TAACGCCTGCAAGCTCACGC_005,57
TAACGCCTGCAAGCTCACGC_006,120
TAACGCCTGCAAGCTCACGC_007,141
TAACGCCTGCAAGCTCACGC_008,151
TAACGCCTGCAAGCTCACGC_009,121
TAACGCCTGCAAGCTCACGC_010,161
TAACGCCTGCAAGCTCACGC_011,108
TAACGCCTGCAAGCTCACGC_012,178
TAACGCCTGCAAGCTCACGC_013,185
TAACGCCTGCAAGCTCACGC_014,77
TAACGCCTGCAAGCTCACGC_015,40
TAACGCCTGCAAGCTCACGC_016,162
TAACGCCTGCAAGCTCACGC_017,123
TAGACTGAAATGAAGTCCAA_001,104
TAGACTGAAATGAAGTCCAA_002,113
TAGACTGAAATGAAGTCCAA_003,119
TAGACTGAAATGAAGTCCAA_004,176
GTGCACAGATGAACCCAATG_001,95
GTGCACAGATGAACCCAATG_002,50
GTGCACAGATGAACCCAATG_003,177
GTGCACAGATGAACCCAATG_004,10
GTGCACAGATGAACCCAATG_005,153
GTGCACAGATGAACCCAATG_006,50
GTGCACAGATGAACCCAATG_007,114
GTGCACAGATGAACCCAATG_008,30
GTGCACAGATGAACCCAATG_009,5
GTGCACAGATGAACCCAATG_010,81
GTGCACAGATGAACCCAATG_011,197
GTGCACAGATGAACCCAATG_012,53
GTGCACAGATGAACCCAATG_013,68
GTGCACAGATGAACCCAATG_014,168
GTGCACAGATGAACCCAATG_015,68
GTGCACAGATGAACCCAATG_016,90
GTGCACAGATGAACCCAATG_017,184
GTGCACAGATGAACCCAATG_018,147
TCAAATTGTATCTGTTCAGG_001,28
CCCACAAGGATTGAACATTG_001,177
CCCACAAGGATTGAACATTG_002,95
CCCACAAGGATTGAACATTG_003,175
CGCACATCCTCGCTGCACAG_001,32
CGCACATCCTCGCTGCACAG_002,163
CGCACATCCTCGCTGCACAG_003,180
CGCACATCCTCGCTGCACAG_004,156
CGCACATCCTCGCTGCACAG_005,106
CGCACATCCTCGCTGCACAG_006,67
CGCACATCCTCGCTGCACAG_007,29
GTCACCAATGGCACAGTGGG_001,49
GTCACCAATGGCACAGTGGG_002,29
GTCACCAATGGCACAGTGGG_003,117
GTCACCAATGGCACAGTGGG_004,169
GTCACCAATGGCACAGTGGG_005,181
GTCACCAATGGCACAGTGGG_006,85
GTCACCAATGGCACAGTGGG_007,81
GTCACCAATGGCACAGTGGG_008,76
GTCACCAATGGCACAGTGGG_009,83
GTCACCAATGGCACAGTGGG_010,127
GTCACCAATGGCACAGTGGG_011,162
GTCACCAATGGCACAGTGGG_012,192
GTCACCAATGGCACAGTGGG_013,50
GTCACCAATGGCACAGTGGG_014,166
GTCACCAATGGCACAGTGGG_015,43
GTCACCAATGGCACAGTGGG_016,1
GTCACCAATGGCACAGTGGG_017,16
GTCACCAATGGCACAGTGGG_018,138
CCATCACACAGGGACACCAA_001,153
CCATCACACAGGGACACCAA_002,58
CCATCACACAGGGACACCAA_003,54
CCATCACACAGGGACACCAA_004,151
CCATCACACAGGGACACCAA_005,14
CCATCACACAGGGACACCAA_006,160
CCATCACACAGGGACACCAA_007,158
CCATCACACAGGGACACCAA_008,174
CCATCACACAGGGACACCAA_009,60
CCATCACACAGGGACACCAA_010,11
CCATCACACAGGGACACCAA_011,42
CCATCACACAGGGACACCAA_012,127
CCATCACACAGGGACACCAA_013,140
CCATCACACAGGGACACCAA_014,10
CCATCACACAGGGACACCAA_015,121
CCATCACACAGGGACACCAA_016,57
CCATCACACAGGGACACCAA_017,105
CCATCACACAGGGACACCAA_018,136
CCATCACACAGGGACACCAA_019,22
GGCGGCCGAATCGGTCCCAG_001,70
GGCGGCCGAATCGGTCCCAG_002,106
GGCGGCCGAATCGGTCCCAG_003,12
GGCGGCCGAATCGGTCCCAG_004,13
GGCGGCCGAATCGGTCCCAG_005,33
GGCGGCCGAATCGGTCCCAG_006,38
GGCGGCCGAATCGGTCCCAG_007,190
GGCGGCCGAATCGGTCCCAG_008,76
GGCGGCCGAATCGGTCCCAG_009,169
GGCGGCCGAATCGGTCCCAG_010,150
GGCGGCCGAATCGGTCCCAG_011,51
GGCGGCCGAATCGGTCCCAG_012,85
GGCGGCCGAATCGGTCCCAG_013,17
GGCGGCCGAATCGGTCCCAG_014,14
GGCGGCCGAATCGGTCCCAG_015,35
AGAAATTTACACTTTGGCCA_001,41
AGAAATTTACACTTTGGCCA_002,75
AGAAATTTACACTTTGGCCA_003,147
AGGATGGAGGAATAACGTAG_001,113
AGGATGGAGGAATAACGTAG_002,82
AGGATGGAGGAATAACGTAG_003,50
AGGATGGAGGAATAACGTAG_004,153
AGGATGGAGGAATAACGTAG_005,43
AGGATGGAGGAATAACGTAG_006,88
TCCAGTGTACTCAACCCCGT_001,161
TCCAGTGTACTCAACCCCGT_002,112
TCCAGTGTACTCAACCCCGT_003,180
TCCAGTGTACTCAACCCCGT_004,195
TCTTCTACTCACCGCCGCCG_001,121
TCTTCTACTCACCGCCGCCG_002,130
TCTTCTACTCACCGCCGCCG_003,98
TCTTCTACTCACCGCCGCCG_004,113
TCTTCTACTCACCGCCGCCG_005,146
TCTTCTACTCACCGCCGCCG_006,119
TCTTCTACTCACCGCCGCCG_007,185
GGAAGGTGGGTAGCTCACGG_001,53
GGAAGGTGGGTAGCTCACGG_002,147
GGAAGGTGGGTAGCTCACGG_003,48
GGAAGGTGGGTAGCTCACGG_004,146
GGAAGGTGGGTAGCTCACGG_005,23
GGAAGGTGGGTAGCTCACGG_006,153
GGAAGGTGGGTAGCTCACGG_007,95
GGAAGGTGGGTAGCTCACGG_008,98
TTGATCCTTCAAAAATCACA_001,138
TTGATCCTTCAAAAATCACA_002,149
TTGATCCTTCAAAAATCACA_003,5
TTGATCCTTCAAAAATCACA_004,151
TTGATCCTTCAAAAATCACA_005,88
CAAACTGTACTACCTCAGCT_001,116
CAAACTGTACTACCTCAGCT_002,26
CAAACTGTACTACCTCAGCT_003,120
CAAACTGTACTACCTCAGCT_004,183
CAAACTGTACTACCTCAGCT_005,32
CAAACTGTACTACCTCAGCT_006,88
CAAACTGTACTACCTCAGCT_007,149
CAAACTGTACTACCTCAGCT_008,162
TAAATACCTGAGATTGACCA_001,157
TAAATACCTGAGATTGACCA_002,92
GTGTTCCAAAAGGATCATCA_001,5
GTGTTCCAAAAGGATCATCA_002,88
GTGTTCCAAAAGGATCATCA_003,124
GTGTTCCAAAAGGATCATCA_004,168
GTGTTCCAAAAGGATCATCA_005,182
ACATATTTACAGAATGGCAA_001,147
ACATATTTACAGAATGGCAA_002,175
ACATATTTACAGAATGGCAA_003,12
ACATATTTACAGAATGGCAA_004,195
ACATATTTACAGAATGGCAA_005,198
ACATATTTACAGAATGGCAA_006,199
ACATATTTACAGAATGGCAA_007,141
ACATATTTACAGAATGGCAA_008,119
AGTTTATGAATGTGTTGTGG_001,107
GAGCATGCTCCCATAGATGT_001,70
GAGCATGCTCCCATAGATGT_002,50
GAGCATGCTCCCATAGATGT_003,188
GAGCATGCTCCCATAGATGT_004,124
GAGCATGCTCCCATAGATGT_005,61
GAGCATGCTCCCATAGATGT_006,58
GAGCATGCTCCCATAGATGT_007,150
GAGCATGCTCCCATAGATGT_008,88
GAGCATGCTCCCATAGATGT_009,41
GAGCATGCTCCCATAGATGT_010,61
GAGCATGCTCCCATAGATGT_011,146
GAGCATGCTCCCATAGATGT_012,8
GAGCATGCTCCCATAGATGT_013,81
GAGCATGCTCCCATAGATGT_014,17
GAGCATGCTCCCATAGATGT_015,176
GAGTACCCGATTGAGAATGT_001,118
GAGTACCCGATTGAGAATGT_002,60
GAGTACCCGATTGAGAATGT_003,138
GAGTACCCGATTGAGAATGT_004,106
GAGTACCCGATTGAGAATGT_005,183
GAGTACCCGATTGAGAATGT_006,68
GAGTACCCGATTGAGAATGT_007,15
GAGTACCCGATTGAGAATGT_008,70
GAGTACCCGATTGAGAATGT_009,79
GAGTACCCGATTGAGAATGT_010,75
GAGTACCCGATTGAGAATGT_011,6
GAGTACCCGATTGAGAATGT_012,6
GAGTACCCGATTGAGAATGT_013,193
GAGTACCCGATTGAGAATGT_014,148
GAGTACCCGATTGAGAATGT_015,63
GAGAACCCAGTATCTTATGC_001,173
GAGAACCCAGTATCTTATGC_002,184
CTCAGAAGTGCTCACAGACG_001,170
CTCAGAAGTGCTCACAGACG_002,178
CTCAGAAGTGCTCACAGACG_003,114
CTCAGAAGTGCTCACAGACG_004,85
CTCAGAAGTGCTCACAGACG_005,138
CTCAGAAGTGCTCACAGACG_006,44
CTCAGAAGTGCTCACAGACG_007,188
CTCAGAAGTGCTCACAGACG_008,137
CTCAGAAGTGCTCACAGACG_009,168
CTCAGAAGTGCTCACAGACG_010,73
CTCAGAAGTGCTCACAGACG_011,88
CTCAGAAGTGCTCACAGACG_012,168
CTCAGAAGTGCTCACAGACG_013,56
CTCAGAAGTGCTCACAGACG_014,138
CTCAGAAGTGCTCACAGACG_015,148
CTCAGAAGTGCTCACAGACG_016,19
CTCAGAAGTGCTCACAGACG_017,48
TTCAGTGACCTTCCCGACAT_001,183
TTCAGTGACCTTCCCGACAT_002,177
TTCAGTGACCTTCCCGACAT_003,35
TTCAGTGACCTTCCCGACAT_004,127
TTCAGTGACCTTCCCGACAT_005,194
TTCAGTGACCTTCCCGACAT_006,194
TTCAGTGACCTTCCCGACAT_007,149
TTCAGTGACCTTCCCGACAT_008,82
TTCAGTGACCTTCCCGACAT_009,184
TTCAGTGACCTTCCCGACAT_010,165
TTCAGTGACCTTCCCGACAT_011,57
TTCAGTGACCTTCCCGACAT_012,102
TTCAGTGACCTTCCCGACAT_013,115
TTCAGTGACCTTCCCGACAT_014,57
TTCAGTGACCTTCCCGACAT_015,21
TTCAGTGACCTTCCCGACAT_016,13
TTCAGTGACCTTCCCGACAT_017,39
TTCAGTGACCTTCCCGACAT_018,197
AGGATCTGCACCATAGTGAC_001,69
AGGATCTGCACCATAGTGAC_002,16
CCTGAACAGCTTTACCGCCG_001,166
CCTGAACAGCTTTACCGCCG_002,0
CCTGAACAGCTTTACCGCCG_003,81
GCAACAGCGCCGGACATTCG_001,85
GCAACAGCGCCGGACATTCG_002,51
GCAACAGCGCCGGACATTCG_003,4
GCAACAGCGCCGGACATTCG_004,51
GCAACAGCGCCGGACATTCG_005,172
GCAACAGCGCCGGACATTCG_006,198
GCAACAGCGCCGGACATTCG_007,33
GCAACAGCGCCGGACATTCG_008,134
GCAACAGCGCCGGACATTCG_009,138
GCAACAGCGCCGGACATTCG_010,55
GCAACAGCGCCGGACATTCG_011,55
GCAACAGCGCCGGACATTCG_012,168
GCAACAGCGCCGGACATTCG_013,127
GCAACAGCGCCGGACATTCG_014,179
GCAACAGCGCCGGACATTCG_015,188
GCAACAGCGCCGGACATTCG_016,74
GCAACAGCGCCGGACATTCG_017,22
CATGGTACAGACGATAGATG_001,55
GTTGTTCGAGTAGATCCACA_001,56
GTTGTTCGAGTAGATCCACA_002,16
GTTGTTCGAGTAGATCCACA_003,145
GTTGTTCGAGTAGATCCACA_004,85
GTTGTTCGAGTAGATCCACA_005,177
GTTGTTCGAGTAGATCCACA_006,78
GTTGTTCGAGTAGATCCACA_007,77
CAGTGACTGAGTTATTGGCG_001,42
CAGTGACTGAGTTATTGGCG_002,6
CAGTGACTGAGTTATTGGCG_003,48
CAGTGACTGAGTTATTGGCG_004,188
CAGTGACTGAGTTATTGGCG_005,64
CAGTGACTGAGTTATTGGCG_006,50
CAGTGACTGAGTTATTGGCG_007,10
CAGTGACTGAGTTATTGGCG_008,14
CTGGTTCTTCTATGGCCAGA_001,139
CTGGTTCTTCTATGGCCAGA_002,24
CTGGTTCTTCTATGGCCAGA_003,113
CTGGTTCTTCTATGGCCAGA_004,76
CTGGTTCTTCTATGGCCAGA_005,126
CTGGTTCTTCTATGGCCAGA_006,126
AGCACAAAACGACCTATGAG_001,180
AGCACAAAACGACCTATGAG_002,42
AGCACAAAACGACCTATGAG_003,4
AGCACAAAACGACCTATGAG_004,152
AGCACAAAACGACCTATGAG_005,85
AGCACAAAACGACCTATGAG_006,40
AGCACAAAACGACCTATGAG_007,33
AGCACAAAACGACCTATGAG_008,56
CTTTGCTCAACAATGCAAGG_001,88
CTTTGCTCAACAATGCAAGG_002,162
CTTTGCTCAACAATGCAAGG_003,170
CTTTGCTCAACAATGCAAGG_004,161
CTTTGCTCAACAATGCAAGG_005,47
CTTTGCTCAACAATGCAAGG_006,17
CTTTGCTCAACAATGCAAGG_007,82
GGTGGAGCGAACTGTCAAAG_001,44
GGTGGAGCGAACTGTCAAAG_002,42
GGTGGAGCGAACTGTCAAAG_003,130
GGTGGAGCGAACTGTCAAAG_004,42
GGTGGAGCGAACTGTCAAAG_005,44
GGTGGAGCGAACTGTCAAAG_006,165
GGTGGAGCGAACTGTCAAAG_007,176
GGTGGAGCGAACTGTCAAAG_008,94
GGTGGAGCGAACTGTCAAAG_009,30
GGTGGAGCGAACTGTCAAAG_010,107
GGTGGAGCGAACTGTCAAAG_011,15
GGTGGAGCGAACTGTCAAAG_012,34
GGTGGAGCGAACTGTCAAAG_013,142
GGTGGAGCGAACTGTCAAAG_014,147
GGTGGAGCGAACTGTCAAAG_015,169
CCAATATGAAACTTATCAGT_001,27
CCAATATGAAACTTATCAGT_002,81
CCAATATGAAACTTATCAGT_003,144
CCAATATGAAACTTATCAGT_004,64
CTTCCCAAAGCGCTCTACCG_001,108
CTTCCCAAAGCGCTCTACCG_002,6
CTTCCCAAAGCGCTCTACCG_003,9
CTTCCCAAAGCGCTCTACCG_004,177
CTTCCCAAAGCGCTCTACCG_005,11
CTTCCCAAAGCGCTCTACCG_006,157
CTTCCCAAAGCGCTCTACCG_007,132
CTTCCCAAAGCGCTCTACCG_008,49
CTTCCCAAAGCGCTCTACCG_009,17
CTTCCCAAAGCGCTCTACCG_010,94
CTGTCCATAGGTCTAGACAA_001,106
CTGTCCATAGGTCTAGACAA_002,142
CTGTCCATAGGTCTAGACAA_003,73
CTGTCCATAGGTCTAGACAA_004,148
CTGTCCATAGGTCTAGACAA_005,174
GTACCTTCTCCACAATACCC_001,158
GTACCTTCTCCACAATACCC_002,33
GTACCTTCTCCACAATACCC_003,166
CTGTATGGTCCAAGCCCCGG_001,182
CTGTATGGTCCAAGCCCCGG_002,49
CTGTATGGTCCAAGCCCCGG_003,42
CTGTATGGTCCAAGCCCCGG_004,58
CTGTATGGTCCAAGCCCCGG_005,127
CTGTATGGTCCAAGCCCCGG_006,41
CTGTATGGTCCAAGCCCCGG_007,184
CTGTATGGTCCAAGCCCCGG_008,181
CTGTATGGTCCAAGCCCCGG_009,115
CTGTATGGTCCAAGCCCCGG_010,177
CTGTATGGTCCAAGCCCCGG_011,178
CTGTATGGTCCAAGCCCCGG_012,13
CTGTATGGTCCAAGCCCCGG_013,34
CTGTATGGTCCAAGCCCCGG_014,162
CTGTATGGTCCAAGCCCCGG_015,87
CTGTATGGTCCAAGCCCCGG_016,151
CTGTATGGTCCAAGCCCCGG_017,175
CTGTATGGTCCAAGCCCCGG_018,115
CTGTATGGTCCAAGCCCCGG_019,148
CTGTATGGTCCAAGCCCCGG_020,170
CTGTATGGTCCAAGCCCCGG_021,78
CTGTATGGTCCAAGCCCCGG_022,150
CTGTATGGTCCAAGCCCCGG_023,150
CTGTATGGTCCAAGCCCCGG_024,175
CTGTATGGTCCAAGCCCCGG_025,127
CTGTATGGTCCAAGCCCCGG_026,121
CTGTATGGTCCAAGCCCCGG_027,183
CTGTATGGTCCAAGCCCCGG_028,30
CTGTATGGTCCAAGCCCCGG_029,55
CTGTATGGTCCAAGCCCCGG_030,48
CTGTATGGTCCAAGCCCCGG_031,34
CTGTATGGTCCAAGCCCCGG_032,138
CTGTATGGTCCAAGCCCCGG_033,197
CTGTATGGTCCAAGCCCCGG_034,168
AAGCCAAGGCCAACGCAGTG_001,127
AAGCCAAGGCCAACGCAGTG_002,8
AAGCCAAGGCCAACGCAGTG_003,19
AAGCCAAGGCCAACGCAGTG_004,130
AAGCCAAGGCCAACGCAGTG_005,22
AAGCCAAGGCCAACGCAGTG_006,49
AAGCCAAGGCCAACGCAGTG_007,84
AAGCCAAGGCCAACGCAGTG_008,134
AAGCCAAGGCCAACGCAGTG_009,132
AAGCCAAGGCCAACGCAGTG_010,76
AAGCCAAGGCCAACGCAGTG_011,44
AAGCCAAGGCCAACGCAGTG_012,101
AAGCCAAGGCCAACGCAGTG_013,185
AAGCCAAGGCCAACGCAGTG_014,108
AAGCCAAGGCCAACGCAGTG_015,108
AAGCCAAGGCCAACGCAGTG_016,185
AAGCCAAGGCCAACGCAGTG_017,144
AAGCCAAGGCCAACGCAGTG_018,13
AAGCCAAGGCCAACGCAGTG_019,31
AAGCCAAGGCCAACGCAGTG_020,65
AAGCCAAGGCCAACGCAGTG_021,38
AAGCCAAGGCCAACGCAGTG_022,35
AAGCCAAGGCCAACGCAGTG_023,71
AAGCCAAGGCCAACGCAGTG_024,172
AAGCCAAGGCCAACGCAGTG_025,119
AAGCCAAGGCCAACGCAGTG_026,23
AAGCCAAGGCCAACGCAGTG_027,17
AAGCCAAGGCCAACGCAGTG_028,107
AAGCCAAGGCCAACGCAGTG_029,43
AAGCCAAGGCCAACGCAGTG_030,147
AAGCCAAGGCCAACGCAGTG_031,188
AAGCCAAGGCCAACGCAGTG_032,155
AAGCCAAGGCCAACGCAGTG_033,124
AAGCCAAGGCCAACGCAGTG_034,68
AAGCCAAGGCCAACGCAGTG_035,10
AAGCCAAGGCCAACGCAGTG_036,161
AAGCCAAGGCCAACGCAGTG_037,53
AAGCCAAGGCCAACGCAGTG_038,107
AAGCCAAGGCCAACGCAGTG_039,31
AAGCCAAGGCCAACGCAGTG_040,122
AAGCCAAGGCCAACGCAGTG_041,175
AAGCCAAGGCCAACGCAGTG_042,190
CTCAAGGTCGCCCAAGTGGT_001,2
CTCAAGGTCGCCCAAGTGGT_002,75
CTCAAGGTCGCCCAAGTGGT_003,170
CTCAAGGTCGCCCAAGTGGT_004,1
CTCAAGGTCGCCCAAGTGGT_005,184
CTCATCTCTCCAGCTATCTA_001,152
CTCATCTCTCCAGCTATCTA_002,156
GCAGACCCCAAAGGTCCTTG_001,48
GCAGACCCCAAAGGTCCTTG_002,187
GCAGACCCCAAAGGTCCTTG_003,120
GCAGACCCCAAAGGTCCTTG_004,85
GCAGACCCCAAAGGTCCTTG_005,148
GCAGACCCCAAAGGTCCTTG_006,83
GCAGACCCCAAAGGTCCTTG_007,115
GAGGAGCTGTCTCGCTACCG_001,10
GAGGAGCTGTCTCGCTACCG_002,36
GAGGAGCTGTCTCGCTACCG_003,135
GAGGAGCTGTCTCGCTACCG_004,26
GAGGAGCTGTCTCGCTACCG_005,113
GAGGAGCTGTCTCGCTACCG_006,197
GAGGAGCTGTCTCGCTACCG_007,9
GAGGAGCTGTCTCGCTACCG_008,128
GAGGAGCTGTCTCGCTACCG_009,98
GACACCGGACATGCCAGCAT_001,2
GACACCGGACATGCCAGCAT_002,41
GACACCGGACATGCCAGCAT_003,2
GACACCGGACATGCCAGCAT_004,16
GACACCGGACATGCCAGCAT_005,113
GACACCGGACATGCCAGCAT_006,115
TTAGGAGAGGGCTCACCGGT_001,181
TTAGGAGAGGGCTCACCGGT_002,163
TTAGGAGAGGGCTCACCGGT_003,23
TTAGGAGAGGGCTCACCGGT_004,133
TTAGGAGAGGGCTCACCGGT_005,20
GCTGCTTGAGGATACAGACT_001,126
GCTGCTTGAGGATACAGACT_002,171
GCTGCTTGAGGATACAGACT_003,120
GCTGCTTGAGGATACAGACT_004,11
GACCTGCCCAACCTGAGAAT_001,72
GACCTGCCCAACCTGAGAAT_002,116
GACCTGCCCAACCTGAGAAT_003,185
GACCTGCCCAACCTGAGAAT_004,72
TCGAGACTCTAGCTACAGCA_001,198
TCGAGACTCTAGCTACAGCA_002,133
TCGAGACTCTAGCTACAGCA_003,165
TCGAGACTCTAGCTACAGCA_004,99
GCAATACCATAATTCAAGAG_001,118
GCAATACCATAATTCAAGAG_002,197
GCAATACCATAATTCAAGAG_003,9
GCAATACCATAATTCAAGAG_004,57
GCAATACCATAATTCAAGAG_005,136
GTACCTGCAGTACGTATCCA_001,15
GTACCTGCAGTACGTATCCA_002,105
GTACCTGCAGTACGTATCCA_003,40
GTACCTGCAGTACGTATCCA_004,101
GTACCTGCAGTACGTATCCA_005,101
GTACCTGCAGTACGTATCCA_006,47
TTGGCACCCACGGATACGGG_001,141
TTGGCACCCACGGATACGGG_002,198
TTGGCACCCACGGATACGGG_003,184
TTGGCACCCACGGATACGGG_004,85
TTGGCACCCACGGATACGGG_005,81
TTGGCACCCACGGATACGGG_006,65
TTGGCACCCACGGATACGGG_007,34
TTGGCACCCACGGATACGGG_008,1
TTGGCACCCACGGATACGGG_009,6
TTGGCACCCACGGATACGGG_010,36
TTGGCACCCACGGATACGGG_011,80
GGCATGGAAGGGCTGAAGCG_001,43
GGCATGGAAGGGCTGAAGCG_002,76
GGCATGGAAGGGCTGAAGCG_003,134
GGCATGGAAGGGCTGAAGCG_004,55
GGCATGGAAGGGCTGAAGCG_005,120
GGCATGGAAGGGCTGAAGCG_006,148
GGCATGGAAGGGCTGAAGCG_007,197
GGCATGGAAGGGCTGAAGCG_008,17
GGCATGGAAGGGCTGAAGCG_009,88
GGCATGGAAGGGCTGAAGCG_010,76
GGCATGGAAGGGCTGAAGCG_011,106
GGCATGGAAGGGCTGAAGCG_012,85
GGCATGGAAGGGCTGAAGCG_013,85
AGGGGTCAGTCCCACCACGA_001,161
AGGGGTCAGTCCCACCACGA_002,113
AGGGGTCAGTCCCACCACGA_003,28
AGGGGTCAGTCCCACCACGA_004,29
AGGGGTCAGTCCCACCACGA_005,16
AGGGGTCAGTCCCACCACGA_006,78
AGGGGTCAGTCCCACCACGA_007,9
AGGGGTCAGTCCCACCACGA_008,78
GAAGGTAAATCAGATCCTGG_001,33
GAAGGTAAATCAGATCCTGG_002,13
GAAGGTAAATCAGATCCTGG_003,140
GGCTGTGGCCAAATGGACGG_001,183
GGCTGTGGCCAAATGGACGG_002,151
GGCTGTGGCCAAATGGACGG_003,63
GGCTGTGGCCAAATGGACGG_004,37
GGCTGTGGCCAAATGGACGG_005,168
GGCTGTGGCCAAATGGACGG_006,105
GGCTGTGGCCAAATGGACGG_007,72
GGCTGTGGCCAAATGGACGG_008,2
GGCTGTGGCCAAATGGACGG_009,193
GGCTGTGGCCAAATGGACGG_010,103
GGCTGTGGCCAAATGGACGG_011,56
AGCGGCGGCACTACCAACAA_001,149
AGCGGCGGCACTACCAACAA_002,78
AGCGGCGGCACTACCAACAA_003,76
AGCGGCGGCACTACCAACAA_004,147
AGCGGCGGCACTACCAACAA_005,49
AGCGGCGGCACTACCAACAA_006,144
AGCGGCGGCACTACCAACAA_007,89
AGCGGCGGCACTACCAACAA_008,197
AGCGGCGGCACTACCAACAA_009,116
AGCGGCGGCACTACCAACAA_010,24
AGCGGCGGCACTACCAACAA_011,176
AGCGGCGGCACTACCAACAA_012,29
AGCGGCGGCACTACCAACAA_013,29
AGCGGCGGCACTACCAACAA_014,188
AGGTACCCGACAGTTACACG_001,184
AGGTACCCGACAGTTACACG_002,104
AGGTACCCGACAGTTACACG_003,113
AGGTACCCGACAGTTACACG_004,114
AGGTACCCGACAGTTACACG_005,188
AGGTACCCGACAGTTACACG_006,150
TGCACCGGGTGATCGGACTG_001,12
TGCACCGGGTGATCGGACTG_002,149
TGCACCGGGTGATCGGACTG_003,2
TGCACCGGGTGATCGGACTG_004,169
TGCACCGGGTGATCGGACTG_005,105
TGCACCGGGTGATCGGACTG_006,19
TGCACCGGGTGATCGGACTG_007,188
TGCACCGGGTGATCGGACTG_008,24
TGCACCGGGTGATCGGACTG_009,178
TGCACCGGGTGATCGGACTG_010,39
TGCACCGGGTGATCGGACTG_011,107
TGCACCGGGTGATCGGACTG_012,77
AGGTTCCCGTTGGTGACCAG_001,163
AGGTTCCCGTTGGTGACCAG_002,118
AGGTTCCCGTTGGTGACCAG_003,104
AGGTTCCCGTTGGTGACCAG_004,116
AGGTTCCCGTTGGTGACCAG_005,88
AGGTTCCCGTTGGTGACCAG_006,82
AGGTTCCCGTTGGTGACCAG_007,81
AGGTTCCCGTTGGTGACCAG_008,25
AGGTTCCCGTTGGTGACCAG_009,147
AGGTTCCCGTTGGTGACCAG_010,13
AGGTTCCCGTTGGTGACCAG_011,175
AGGTTCCCGTTGGTGACCAG_012,70
AGGTTCCCGTTGGTGACCAG_013,70
AGGTTCCCGTTGGTGACCAG_014,122
AGGTTCCCGTTGGTGACCAG_015,59
GAAAACCCTTTACTTGACCG_001,185
GAAAACCCTTTACTTGACCG_002,186
GAAAACCCTTTACTTGACCG_003,20
TACAAGTCACTGATAGACAG_001,41
TACAAGTCACTGATAGACAG_002,129
TACAAGTCACTGATAGACAG_003,19
TACAAGTCACTGATAGACAG_004,9
TACAAGTCACTGATAGACAG_005,166
TACAAGTCACTGATAGACAG_006,149
TACAAGTCACTGATAGACAG_007,75
TACAAGTCACTGATAGACAG_008,34
TACAAGTCACTGATAGACAG_009,178
GACAACTCGGGAGAGAACCG_001,152
GACAACTCGGGAGAGAACCG_002,44
GACAACTCGGGAGAGAACCG_003,104
GACAACTCGGGAGAGAACCG_004,43
GACAACTCGGGAGAGAACCG_005,71
GACAACTCGGGAGAGAACCG_006,149
GACAACTCGGGAGAGAACCG_007,66
GACAACTCGGGAGAGAACCG_008,140
GACAACTCGGGAGAGAACCG_009,33
GACAACTCGGGAGAGAACCG_010,55
GACAACTCGGGAGAGAACCG_011,19
GACAACTCGGGAGAGAACCG_012,184
GACAACTCGGGAGAGAACCG_013,30
GACAACTCGGGAGAGAACCG_014,182
GACAACTCGGGAGAGAACCG_015,28
GACAACTCGGGAGAGAACCG_016,87
GATGACAGCACAAAACACGG_001,191
GATGACAGCACAAAACACGG_002,115
GATGACAGCACAAAACACGG_003,158
GATGACAGCACAAAACACGG_004,145
GATGACAGCACAAAACACGG_005,145
GATGACAGCACAAAACACGG_006,14
GATGACAGCACAAAACACGG_007,34
GATGACAGCACAAAACACGG_008,29
GATGACAGCACAAAACACGG_009,50
GATGACAGCACAAAACACGG_010,68
GATGACAGCACAAAACACGG_011,8
GATGACAGCACAAAACACGG_012,113
GATGACAGCACAAAACACGG_013,46
GATGACAGCACAAAACACGG_014,27
GATGACAGCACAAAACACGG_015,35
GATGACAGCACAAAACACGG_016,101
TTCATCAAAAATGACTGACG_001,38
TTCATCAAAAATGACTGACG_002,60
TTCATCAAAAATGACTGACG_003,185
TTCATCAAAAATGACTGACG_004,11
GTCCACTCCAAGACCACAGG_001,191
GTCCACTCCAAGACCACAGG_002,70
GTCCACTCCAAGACCACAGG_003,141
GTCCACTCCAAGACCACAGG_004,56
GTCCACTCCAAGACCACAGG_005,184
GTCCACTCCAAGACCACAGG_006,35
GTCCACTCCAAGACCACAGG_007,165
GTCCACTCCAAGACCACAGG_008,106
GTCCACTCCAAGACCACAGG_009,129
GTCCACTCCAAGACCACAGG_010,58
GTCCACTCCAAGACCACAGG_011,191
GTCCACTCCAAGACCACAGG_012,136
AGACTGCTGGGAAACTGGCA_001,133
AGACTGCTGGGAAACTGGCA_002,119
AGACTGCTGGGAAACTGGCA_003,119
AGACTGCTGGGAAACTGGCA_004,127
AGACTGCTGGGAAACTGGCA_005,134
AGACTGCTGGGAAACTGGCA_006,6
AGACTGCTGGGAAACTGGCA_007,176
AGACTGCTGGGAAACTGGCA_008,83
AGACTGCTGGGAAACTGGCA_009,185
AGACTGCTGGGAAACTGGCA_010,112
AGACTGCTGGGAAACTGGCA_011,158
AGACTGCTGGGAAACTGGCA_012,162
AGACTGCTGGGAAACTGGCA_013,19
AGACTGCTGGGAAACTGGCA_014,158
AGACTGCTGGGAAACTGGCA_015,177
AGACTGCTGGGAAACTGGCA_016,177
AGACTGCTGGGAAACTGGCA_017,104
AGACTGCTGGGAAACTGGCA_018,30
AGACTGCTGGGAAACTGGCA_019,78
AGACTGCTGGGAAACTGGCA_020,25
AGACTGCTGGGAAACTGGCA_021,98
AGACTGCTGGGAAACTGGCA_022,25
AGACTGCTGGGAAACTGGCA_023,76
AGACTGCTGGGAAACTGGCA_024,131
AGACTGCTGGGAAACTGGCA_025,42
AGACTGCTGGGAAACTGGCA_026,158
AGACTGCTGGGAAACTGGCA_027,177
AGACTGCTGGGAAACTGGCA_028,62
AGACTGCTGGGAAACTGGCA_029,6
AGTCCCGTTTGAAGTAATTG_001,29
AGTCCCGTTTGAAGTAATTG_002,98
AGTCCCGTTTGAAGTAATTG_003,116
AGTCCCGTTTGAAGTAATTG_004,144
AGTCCCGTTTGAAGTAATTG_005,161
AGTCCCGTTTGAAGTAATTG_006,108
AGTCCCGTTTGAAGTAATTG_007,184
AGTCCCGTTTGAAGTAATTG_008,1
AGTCCCGTTTGAAGTAATTG_009,127
AGTCCCGTTTGAAGTAATTG_010,139
AGTCCCGTTTGAAGTAATTG_011,94
AGTCCCGTTTGAAGTAATTG_012,144
AGTCCCGTTTGAAGTAATTG_013,87
AGTCCCGTTTGAAGTAATTG_014,87
AGTCCCGTTTGAAGTAATTG_015,151
AGTCCCGTTTGAAGTAATTG_016,172
ATCATAACTCTGAGCCATGG_001,78
ATCATAACTCTGAGCCATGG_002,98
ATCATAACTCTGAGCCATGG_003,161
ATCATAACTCTGAGCCATGG_004,17
ATCATAACTCTGAGCCATGG_005,162
ATCATAACTCTGAGCCATGG_006,70
ATCATAACTCTGAGCCATGG_007,126
ACCATCTTACCACTCTTCCA_001,156
ACCATCTTACCACTCTTCCA_002,115
ACCATCTTACCACTCTTCCA_003,82
ACCATCTTACCACTCTTCCA_004,65
ACCATCTTACCACTCTTCCA_005,9
ACCATCTTACCACTCTTCCA_006,63
ACCATCTTACCACTCTTCCA_007,63
ACCATCTTACCACTCTTCCA_008,178
ACCATCTTACCACTCTTCCA_009,107
ACCATCTTACCACTCTTCCA_010,33
ACCATCTTACCACTCTTCCA_011,46
CATTTGGTGCAGAAGCACCA_001,199
TCGGGCAGTGAGTACAATAC_001,1
TCGGGCAGTGAGTACAATAC_002,127
TCGGGCAGTGAGTACAATAC_003,169
TCGGGCAGTGAGTACAATAC_004,94
TCGGGCAGTGAGTACAATAC_005,78
TCGGGCAGTGAGTACAATAC_006,102
TCGGGCAGTGAGTACAATAC_007,114
TCGGGCAGTGAGTACAATAC_008,173
TCGGGCAGTGAGTACAATAC_009,84
TGGACACACAGCAGCTGGGA_001,104
TGGACACACAGCAGCTGGGA_002,149
TGGACACACAGCAGCTGGGA_003,73
TGGACACACAGCAGCTGGGA_004,15
TGGACACACAGCAGCTGGGA_005,153
TGGACACACAGCAGCTGGGA_006,175
TGGACACACAGCAGCTGGGA_007,126
TGGACACACAGCAGCTGGGA_008,7
TGGACACACAGCAGCTGGGA_009,134
TGGACACACAGCAGCTGGGA_010,95
TGGACACACAGCAGCTGGGA_011,0
TGGACACACAGCAGCTGGGA_012,16
TGGACACACAGCAGCTGGGA_013,76
TGGACACACAGCAGCTGGGA_014,97
TGGACACACAGCAGCTGGGA_015,193
TGGACACACAGCAGCTGGGA_016,157
TGGACACACAGCAGCTGGGA_017,189
TGGACACACAGCAGCTGGGA_018,4
CATGGACACCAGCTGGTCGT_001,62
CCTACGCCAACAGATATGGG_001,20
CCTACGCCAACAGATATGGG_002,72
CCTACGCCAACAGATATGGG_003,146
CCTACGCCAACAGATATGGG_004,161
CCTACGCCAACAGATATGGG_005,176
CCTACGCCAACAGATATGGG_006,28
CCTACGCCAACAGATATGGG_007,72
CCTACGCCAACAGATATGGG_008,48
CCTACGCCAACAGATATGGG_009,95
CCTACGCCAACAGATATGGG_010,157
CCTACGCCAACAGATATGGG_011,66
CCTACGCCAACAGATATGGG_012,124
CCTACGCCAACAGATATGGG_013,162
CCTACGCCAACAGATATGGG_014,113
CCTACGCCAACAGATATGGG_015,68
CCTACGCCAACAGATATGGG_016,180
CCTACGCCAACAGATATGGG_017,88
CCTACGCCAACAGATATGGG_018,180
GGCGCATTACGACGCCGTGG_001,70
TATCCATGACACTTCGCTGG_001,72
TATCCATGACACTTCGCTGG_002,94
AAAGAACATCCAAGACAACA_001,159
AAAGAACATCCAAGACAACA_002,7
AAAGAACATCCAAGACAACA_003,5
AAAGAACATCCAAGACAACA_004,29
AAAGAACATCCAAGACAACA_005,105
AAAGAACATCCAAGACAACA_006,105
AAAGAACATCCAAGACAACA_007,22
AAAGAACATCCAAGACAACA_008,34
GCGTCTAATCACGGGACTCG_001,78
GCGTCTAATCACGGGACTCG_002,109
GCGTCTAATCACGGGACTCG_003,194
GCGTCTAATCACGGGACTCG_004,60
GCGTCTAATCACGGGACTCG_005,133
GCGTCTAATCACGGGACTCG_006,47
GCGTCTAATCACGGGACTCG_007,108
GCGTCTAATCACGGGACTCG_008,198
GCGTCTAATCACGGGACTCG_009,72
GCCAGCTCTCAATCGCACAG_001,76
GCCAGCTCTCAATCGCACAG_002,84
GCCAGCTCTCAATCGCACAG_003,103
GCCAGCTCTCAATCGCACAG_004,153
GCCAGCTCTCAATCGCACAG_005,81
GCCAGCTCTCAATCGCACAG_006,66
GTCATCCGTAGTACAAGCAG_001,53
GTCATCCGTAGTACAAGCAG_002,184
GTCATCCGTAGTACAAGCAG_003,39
GTCATCCGTAGTACAAGCAG_004,93
GTCATCCGTAGTACAAGCAG_005,96
GCGGTTTAAGGATATCTGCG_001,76
GCGGTTTAAGGATATCTGCG_002,77
GCGGTTTAAGGATATCTGCG_003,11
GCGGTTTAAGGATATCTGCG_004,146
GCGGTTTAAGGATATCTGCG_005,98
GCGGTTTAAGGATATCTGCG_006,104
GCGGTTTAAGGATATCTGCG_007,63
ACAGATGGAGCACTCCAGGG_001,63
ACAGATGGAGCACTCCAGGG_002,130
ACAGATGGAGCACTCCAGGG_003,198
ACAGATGGAGCACTCCAGGG_004,97
ACAGATGGAGCACTCCAGGG_005,153
ACAAGGACTACAACAACCTG_001,84
ACAAGGACTACAACAACCTG_002,66
ACAAGGACTACAACAACCTG_003,114
ACAAGGACTACAACAACCTG_004,133
ACAAGGACTACAACAACCTG_005,163
ACAAGGACTACAACAACCTG_006,146
ACAAGGACTACAACAACCTG_007,12
ACAAGGACTACAACAACCTG_008,24
ACAAGGACTACAACAACCTG_009,13
ACAAGGACTACAACAACCTG_010,24
ACAAGGACTACAACAACCTG_011,162
ACAAGGACTACAACAACCTG_012,61
ACAAGGACTACAACAACCTG_013,66
ACAAGGACTACAACAACCTG_014,23
ACAAGGACTACAACAACCTG_015,176
ACAAGGACTACAACAACCTG_016,63
ACAAGGACTACAACAACCTG_017,28
ACAAGGACTACAACAACCTG_018,63
ACAAGGACTACAACAACCTG_019,50
CTGGATGTAGCCTTAGCAGA_001,48
CTGGATGTAGCCTTAGCAGA_002,77
CTGGATGTAGCCTTAGCAGA_003,103
CTGGATGTAGCCTTAGCAGA_004,168
CTGGATGTAGCCTTAGCAGA_005,85
CTGGATGTAGCCTTAGCAGA_006,26
CTGGATGTAGCCTTAGCAGA_007,158
CTGGATGTAGCCTTAGCAGA_008,70
CTGGATGTAGCCTTAGCAGA_009,177
CTGGATGTAGCCTTAGCAGA_010,78
CTGGATGTAGCCTTAGCAGA_011,86
CTGGATGTAGCCTTAGCAGA_012,142
GCCCAACCAGCTCTACTGCG_001,161
GCCCAACCAGCTCTACTGCG_002,100
GCCCAACCAGCTCTACTGCG_003,33
GCCCAACCAGCTCTACTGCG_004,62
GCCCAACCAGCTCTACTGCG_005,115
GCACATCCGTATACACTCAG_001,181
GCACATCCGTATACACTCAG_002,65
GCACATCCGTATACACTCAG_003,49
GCACATCCGTATACACTCAG_004,124
GCACATCCGTATACACTCAG_005,40
GCACATCCGTATACACTCAG_006,22
GCACATCCGTATACACTCAG_007,194
GCACATCCGTATACACTCAG_008,69
GCACATCCGTATACACTCAG_009,78
GCACATCCGTATACACTCAG_010,179
GCACATCCGTATACACTCAG_011,103
GCACATCCGTATACACTCAG_012,34
GCACATCCGTATACACTCAG_013,81
GCACATCCGTATACACTCAG_014,189
GCACATCCGTATACACTCAG_015,51
GCACATCCGTATACACTCAG_016,29
GCACATCCGTATACACTCAG_017,146
GCACATCCGTATACACTCAG_018,10
GCACATCCGTATACACTCAG_019,198
GCACATCCGTATACACTCAG_020,174
GCACATCCGTATACACTCAG_021,41
GCACATCCGTATACACTCAG_022,77
GCACATCCGTATACACTCAG_023,107
GCACATCCGTATACACTCAG_024,123
GCACATCCGTATACACTCAG_025,91
GCACATCCGTATACACTCAG_026,83
CCTAGACTTGCACCTAGCTG_001,39
CTTACCTGCTAGTTGGTGCA_001,94
CTTACCTGCTAGTTGGTGCA_002,12
CTTACCTGCTAGTTGGTGCA_003,106
GTAGACACTAAATCACCCAA_001,2
GTAGACACTAAATCACCCAA_002,41
GTAGACACTAAATCACCCAA_003,174
GTAGACACTAAATCACCCAA_004,62
GTAGACACTAAATCACCCAA_005,158
GTAGACACTAAATCACCCAA_006,83
GTAGACACTAAATCACCCAA_007,188
GTAGACACTAAATCACCCAA_008,113
ATCCAGCAGGCAAAGTACCA_001,125
ATCCAGCAGGCAAAGTACCA_002,138
ATCCAGCAGGCAAAGTACCA_003,93
ATCCAGCAGGCAAAGTACCA_004,132
ATCCAGCAGGCAAAGTACCA_005,12
ATCCAGCAGGCAAAGTACCA_006,17
CCAGATCAGACTTGTCCATG_001,122
CCAGATCAGACTTGTCCATG_002,34
CCAGATCAGACTTGTCCATG_003,23
CCAGATCAGACTTGTCCATG_004,102
CCAGATCAGACTTGTCCATG_005,85
CCAGATCAGACTTGTCCATG_006,170
CCAGATCAGACTTGTCCATG_007,43
CCAGATCAGACTTGTCCATG_008,199
TTAGGGAGGCGTTACCCGGT_001,19
TTAGGGAGGCGTTACCCGGT_002,121
TTAGGGAGGCGTTACCCGGT_003,127
TTAGGGAGGCGTTACCCGGT_004,170
GCCCTTACCAGTTCTTTGGG_001,146
GCCCTTACCAGTTCTTTGGG_002,60
GCCCTTACCAGTTCTTTGGG_003,199
GCCCTTACCAGTTCTTTGGG_004,34
ATATGGACACAAATGACATG_001,150
ATATGGACACAAATGACATG_002,51
ATATGGACACAAATGACATG_003,77
ATATGGACACAAATGACATG_004,129
ATATGGACACAAATGACATG_005,36
ATATGGACACAAATGACATG_006,184
ATATGGACACAAATGACATG_007,138
GCCAGCGGGCTCACCGATGG_001,90
GCCAGCGGGCTCACCGATGG_002,141
GCCAGCGGGCTCACCGATGG_003,58
GCCAGCGGGCTCACCGATGG_004,78
GCCAGCGGGCTCACCGATGG_005,44
GCCAGCGGGCTCACCGATGG_006,44
GCCAGCGGGCTCACCGATGG_007,4
GCCAGCGGGCTCACCGATGG_008,80
GCCAGCGGGCTCACCGATGG_009,136
GCCAGCGGGCTCACCGATGG_010,158
GCCAGCGGGCTCACCGATGG_011,61
GTAAATGTGATGTACTATGT_001,184
GTAAATGTGATGTACTATGT_002,130
GTAAATGTGATGTACTATGT_003,97
GTAAATGTGATGTACTATGT_004,80
GTAAATGTGATGTACTATGT_005,1
GTAAATGTGATGTACTATGT_006,153
GAGTGGCTCACCATCCAGGG_001,42
GAGTGGCTCACCATCCAGGG_002,191
GAGTGGCTCACCATCCAGGG_003,27
GAGTGGCTCACCATCCAGGG_004,52
GCATACACCCACTCCCATTG_001,70
GCATACACCCACTCCCATTG_002,103
GCATACACCCACTCCCATTG_003,44
GCATACACCCACTCCCATTG_004,108
GCATACACCCACTCCCATTG_005,178
GCATACACCCACTCCCATTG_006,80
TATTCTCAAGATGGCTGACA_001,122
TATTCTCAAGATGGCTGACA_002,104
TATTCTCAAGATGGCTGACA_003,22
TATTCTCAAGATGGCTGACA_004,144
TATTCTCAAGATGGCTGACA_005,108
TATTCTCAAGATGGCTGACA_006,109
TATTCTCAAGATGGCTGACA_007,182
TATTCTCAAGATGGCTGACA_008,65
TATTCTCAAGATGGCTGACA_009,161
TATTCTCAAGATGGCTGACA_010,75
TATTCTCAAGATGGCTGACA_011,76
TATTCTCAAGATGGCTGACA_012,103
TATTCTCAAGATGGCTGACA_013,70
GATGACATATGGTCATCTGG_001,152
TTGATCACTACGTCGCAAGG_001,112
TTGATCACTACGTCGCAAGG_002,38
TTGATCACTACGTCGCAAGG_003,115
TTGATCACTACGTCGCAAGG_004,11
TTGATCACTACGTCGCAAGG_005,41
TTGATCACTACGTCGCAAGG_006,177
TTGATCACTACGTCGCAAGG_007,63
CAGGCAAAGCAGGACCTGTG_001,115
CAGGCAAAGCAGGACCTGTG_002,38
CAGGCAAAGCAGGACCTGTG_003,81
CAGGCAAAGCAGGACCTGTG_004,61
CAGGCAAAGCAGGACCTGTG_005,105
CAGGCAAAGCAGGACCTGTG_006,162
CAGGCAAAGCAGGACCTGTG_007,20
CAGGCAAAGCAGGACCTGTG_008,65
CAGGCAAAGCAGGACCTGTG_009,48
CAGGCAAAGCAGGACCTGTG_010,60
CAGGCAAAGCAGGACCTGTG_011,137
CAGGCAAAGCAGGACCTGTG_012,157
ATTGACGTTGACTTAATCAG_001,83
ATTGACGTTGACTTAATCAG_002,117
ATTGACGTTGACTTAATCAG_003,152
ATTGACGTTGACTTAATCAG_004,144
ATTGACGTTGACTTAATCAG_005,161
ATTGACGTTGACTTAATCAG_006,49
ATTGACGTTGACTTAATCAG_007,73
ATTGACGTTGACTTAATCAG_008,26
ATTGACGTTGACTTAATCAG_009,100
ATTGACGTTGACTTAATCAG_010,120
CGGAGAAGACCTTCAAGCAG_001,103
CGGAGAAGACCTTCAAGCAG_002,150
CGGAGAAGACCTTCAAGCAG_003,27
GCATACATGACTTGCCGGAA_001,150
GCATACATGACTTGCCGGAA_002,1
GCATACATGACTTGCCGGAA_003,43
TGGCTACTTACACTCAACAG_001,88
TGGCTACTTACACTCAACAG_002,197
TGGCTACTTACACTCAACAG_003,41
TGGCTACTTACACTCAACAG_004,144
TGGCTACTTACACTCAACAG_005,24
TGGCTACTTACACTCAACAG_006,12
TGGCTACTTACACTCAACAG_007,48
TGGCTACTTACACTCAACAG_008,56
TCAAGGCCGAGTACAAACGT_001,29
TCAAGGCCGAGTACAAACGT_002,15
TCAAGGCCGAGTACAAACGT_003,48
TCAAGGCCGAGTACAAACGT_004,137
TCAAGGCCGAGTACAAACGT_005,28
CACCAGTCAATGGCATCGCG_001,139
CACCAGTCAATGGCATCGCG_002,178
CACCAGTCAATGGCATCGCG_003,144
CACCAGTCAATGGCATCGCG_004,52
CACCAGTCAATGGCATCGCG_005,37
CACCAGTCAATGGCATCGCG_006,68
GGGGCCCCCGGCAATCCACT_001,53
GGGGCCCCCGGCAATCCACT_002,90
GGGGCCCCCGGCAATCCACT_003,19
GGGGCCCCCGGCAATCCACT_004,152
GGGGCCCCCGGCAATCCACT_005,65
GGGGCCCCCGGCAATCCACT_006,199
GGGGCCCCCGGCAATCCACT_007,78
GGGGCCCCCGGCAATCCACT_008,98
GGGGCCCCCGGCAATCCACT_009,107
GGGGCCCCCGGCAATCCACT_010,80
GGGGCCCCCGGCAATCCACT_011,101
GGGGCCCCCGGCAATCCACT_012,168
GGGGCCCCCGGCAATCCACT_013,188
GGGGCCCCCGGCAATCCACT_014,71
GGGGCCCCCGGCAATCCACT_015,55
GGGGCCCCCGGCAATCCACT_016,1
GGGGCCCCCGGCAATCCACT_017,135
GGGGCCCCCGGCAATCCACT_018,141
CAGGACACCTGTACGTCGTG_001,126
CAGGACACCTGTACGTCGTG_002,114
CAGGACACCTGTACGTCGTG_003,10
CAGGACACCTGTACGTCGTG_004,102
CAGGACACCTGTACGTCGTG_005,105
CAGGACACCTGTACGTCGTG_006,160
CAGGACACCTGTACGTCGTG_007,20
GAGAAGGAAGACTCTCGGTG_001,176
GAGAAGGAAGACTCTCGGTG_002,162
GAGAAGGAAGACTCTCGGTG_003,162
TCTACTCACCAGGTCCGGCG_001,65
TCTACTCACCAGGTCCGGCG_002,145
TCTACTCACCAGGTCCGGCG_003,183
TCTACTCACCAGGTCCGGCG_004,175
TCTACTCACCAGGTCCGGCG_005,150
TCTACTCACCAGGTCCGGCG_006,102
TCTACTCACCAGGTCCGGCG_007,150
TCTACTCACCAGGTCCGGCG_008,183
TCTACTCACCAGGTCCGGCG_009,29
TCTACTCACCAGGTCCGGCG_010,81
TCTACTCACCAGGTCCGGCG_011,70
TCTACTCACCAGGTCCGGCG_012,147
TCTACTCACCAGGTCCGGCG_013,1
TCTACTCACCAGGTCCGGCG_014,199
TCTACTCACCAGGTCCGGCG_015,152
TCTACTCACCAGGTCCGGCG_016,89
TCTACTCACCAGGTCCGGCG_017,156
TCTACTCACCAGGTCCGGCG_018,142
CGAGGGCGCCCGGAACATTG_001,102
CGAGGGCGCCCGGAACATTG_002,144
CGAGGGCGCCCGGAACATTG_003,115
CGAGGGCGCCCGGAACATTG_004,56
CGAGGGCGCCCGGAACATTG_005,69
CGAGGGCGCCCGGAACATTG_006,96
CGAGGGCGCCCGGAACATTG_007,191
CACCTGCTCGGAGTTGTCCA_001,53
CACCTGCTCGGAGTTGTCCA_002,130
CACCTGCTCGGAGTTGTCCA_003,27
CACCTGCTCGGAGTTGTCCA_004,29
CACCTGCTCGGAGTTGTCCA_005,105
CACCTGCTCGGAGTTGTCCA_006,49
CACCTGCTCGGAGTTGTCCA_007,150
CACCTGCTCGGAGTTGTCCA_008,118
CACCTGCTCGGAGTTGTCCA_009,19
CACCTGCTCGGAGTTGTCCA_010,15
CACCTGCTCGGAGTTGTCCA_011,9
CACCTGCTCGGAGTTGTCCA_012,9
CACCTGCTCGGAGTTGTCCA_013,183
CAAGAGAAAGGACTTACCCT_001,168
CAAGAGAAAGGACTTACCCT_002,8
CAAGAGAAAGGACTTACCCT_003,132
CAAGAGAAAGGACTTACCCT_004,73
CAAGAGAAAGGACTTACCCT_005,43
CAAGAGAAAGGACTTACCCT_006,188
CAAGAGAAAGGACTTACCCT_007,58
CAAGAGAAAGGACTTACCCT_008,80
CAAGAGAAAGGACTTACCCT_009,158
CAAGAGAAAGGACTTACCCT_010,162
CAAGAGAAAGGACTTACCCT_011,44
CAAGAGAAAGGACTTACCCT_012,27
CAAGAGAAAGGACTTACCCT_013,158
CAAGAGAAAGGACTTACCCT_014,148
CAAGAGAAAGGACTTACCCT_015,20
CAAGAGAAAGGACTTACCCT_016,120
CAAGAGAAAGGACTTACCCT_017,197
CAAGAGAAAGGACTTACCCT_018,74
CAAGAGAAAGGACTTACCCT_019,78
CAAGAGAAAGGACTTACCCT_020,62
CAAGAGAAAGGACTTACCCT_021,163
CAAGAGAAAGGACTTACCCT_022,129
CAAGAGAAAGGACTTACCCT_023,130
CAAGAGAAAGGACTTACCCT_024,15
CAAGAGAAAGGACTTACCCT_025,168
CAAGAGAAAGGACTTACCCT_026,161
CAAGAGAAAGGACTTACCCT_027,65
AGAGCAGGAAAGACACCTCG_001,102
AGAGCAGGAAAGACACCTCG_002,134
AGAGCAGGAAAGACACCTCG_003,40
AGAGCAGGAAAGACACCTCG_004,72
AGAGCAGGAAAGACACCTCG_005,152
AGAGCAGGAAAGACACCTCG_006,190
AGAGCAGGAAAGACACCTCG_007,43
AGAGCAGGAAAGACACCTCG_008,127
AGAGCAGGAAAGACACCTCG_009,64
AGAGCAGGAAAGACACCTCG_010,152
AGAGCAGGAAAGACACCTCG_011,58
AGAGCAGGAAAGACACCTCG_012,35
AGAGCAGGAAAGACACCTCG_013,24
AGAGCAGGAAAGACACCTCG_014,125
AGAGCAGGAAAGACACCTCG_015,20
AGAGCAGGAAAGACACCTCG_016,151
AGAGCAGGAAAGACACCTCG_017,177
AGAGCAGGAAAGACACCTCG_018,101
AGAGCAGGAAAGACACCTCG_019,4
AGAGCAGGAAAGACACCTCG_020,35
AGAGCAGGAAAGACACCTCG_021,126
ACTGACGGCTAGTCTCCTAG_001,15
ACTGACGGCTAGTCTCCTAG_002,184
ACTGACGGCTAGTCTCCTAG_003,147
ACTGACGGCTAGTCTCCTAG_004,184
ACTGACGGCTAGTCTCCTAG_005,169
ACTGACGGCTAGTCTCCTAG_006,19
ACTGACGGCTAGTCTCCTAG_007,161
ACTGACGGCTAGTCTCCTAG_008,150
ACTGACGGCTAGTCTCCTAG_009,194
ACTGACGGCTAGTCTCCTAG_010,158
ACTGACGGCTAGTCTCCTAG_011,146
ACTGACGGCTAGTCTCCTAG_012,65
AGAAGAAAATGGCGAAGAGG_001,174
GGATCAGTAGCAATTTGGAG_001,170
GGATCAGTAGCAATTTGGAG_002,32
GGATCAGTAGCAATTTGGAG_003,76
CGAGTTGGAGTCATCTTTCG_001,2
AAAACATGGTCCTATCACTG_001,130
AAAACATGGTCCTATCACTG_002,77
AAAACATGGTCCTATCACTG_003,137
AAAACATGGTCCTATCACTG_004,197
AAAACATGGTCCTATCACTG_005,27
AAAACATGGTCCTATCACTG_006,117
AAAACATGGTCCTATCACTG_007,141
AAAACATGGTCCTATCACTG_008,102
ACTGAAAAAAAACATGAATG_001,183
ACTGAAAAAAAACATGAATG_002,15
ACTGAAAAAAAACATGAATG_003,141
ACTGAAAAAAAACATGAATG_004,160
ACTGAAAAAAAACATGAATG_005,152
ACTGAAAAAAAACATGAATG_006,184
ACTGAAAAAAAACATGAATG_007,176
ACTACTACAGAAACTGCTGT_001,127
ACTACTACAGAAACTGCTGT_002,88
ACTACTACAGAAACTGCTGT_003,193
ACTACTACAGAAACTGCTGT_004,58
ACTACTACAGAAACTGCTGT_005,154
ACTACTACAGAAACTGCTGT_006,176
ACTACTACAGAAACTGCTGT_007,36
ACTACTACAGAAACTGCTGT_008,140
ACTACTACAGAAACTGCTGT_009,54
ACTACTACAGAAACTGCTGT_010,16
ACTACTACAGAAACTGCTGT_011,117
CCCCGACTTACTGGTCCGAG_001,108
CCCCGACTTACTGGTCCGAG_002,108
CCCCGACTTACTGGTCCGAG_003,19
CCCCGACTTACTGGTCCGAG_004,97
CCCCGACTTACTGGTCCGAG_005,24
CCCCGACTTACTGGTCCGAG_006,152
CGTGCGGGTCGGTGGAACCG_001,21
CGTGCGGGTCGGTGGAACCG_002,69
CGTGCGGGTCGGTGGAACCG_003,72
CGTGCGGGTCGGTGGAACCG_004,98
CGTGCGGGTCGGTGGAACCG_005,150
CGTGCGGGTCGGTGGAACCG_006,91
CGTGCGGGTCGGTGGAACCG_007,182
CGTGCGGGTCGGTGGAACCG_008,48
AATTTGTTCTGCATATCTGG_001,5
AATTTGTTCTGCATATCTGG_002,44
AATTTGTTCTGCATATCTGG_003,94
ATTTCATTGACTGTCACATG_001,116
ATTTCATTGACTGTCACATG_002,17
ATTTCATTGACTGTCACATG_003,30
ATTTCATTGACTGTCACATG_004,79
ATTTCATTGACTGTCACATG_005,47
ATTTCATTGACTGTCACATG_006,115
ATTTCATTGACTGTCACATG_007,71
ATTTCATTGACTGTCACATG_008,67
ATTTCATTGACTGTCACATG_009,16
ATTTCATTGACTGTCACATG_010,156
ATTTCATTGACTGTCACATG_011,115
CGGCGTGAGCGTGTGGAACG_001,62
CGGCGTGAGCGTGTGGAACG_002,176
CGGCGTGAGCGTGTGGAACG_003,62
CGGCGTGAGCGTGTGGAACG_004,105
CGGCGTGAGCGTGTGGAACG_005,15
CGGCGTGAGCGTGTGGAACG_006,121
CGGCGTGAGCGTGTGGAACG_007,191
CGGCGTGAGCGTGTGGAACG_008,136
CGGCGTGAGCGTGTGGAACG_009,157
CGGCGTGAGCGTGTGGAACG_010,81
CGGCGTGAGCGTGTGGAACG_011,140
CGGCGTGAGCGTGTGGAACG_012,10
ACTATGGCAAATTCGAAAAG_001,73
ACTATGGCAAATTCGAAAAG_002,82
ACTATGGCAAATTCGAAAAG_003,77
ACTATGGCAAATTCGAAAAG_004,82
ACTATGGCAAATTCGAAAAG_005,157
ACTATGGCAAATTCGAAAAG_006,135
AATATCCCGACGTTGTGGCG_001,48
AATATCCCGACGTTGTGGCG_002,127
AATATCCCGACGTTGTGGCG_003,49
AATATCCCGACGTTGTGGCG_004,68
AATATCCCGACGTTGTGGCG_005,2
AATATCCCGACGTTGTGGCG_006,180
AATATCCCGACGTTGTGGCG_007,43
AATATCCCGACGTTGTGGCG_008,78
AATATCCCGACGTTGTGGCG_009,50
AATATCCCGACGTTGTGGCG_010,103
AATATCCCGACGTTGTGGCG_011,134
AATATCCCGACGTTGTGGCG_012,11
ACAACGAGCTAGAAAAGCAC_001,56
ACAACGAGCTAGAAAAGCAC_002,183
ACAACGAGCTAGAAAAGCAC_003,179
ACAACGAGCTAGAAAAGCAC_004,117
ACAACGAGCTAGAAAAGCAC_005,156
AGTTCAGCCCAAGAAAAAGG_001,88
CAGTGTGAAAAAGCAAAGGG_001,2
CAGTGTGAAAAAGCAAAGGG_002,30
CAGTGTGAAAAAGCAAAGGG_003,61
CAGTGTGAAAAAGCAAAGGG_004,4
CAGTGTGAAAAAGCAAAGGG_005,48
CAGTGTGAAAAAGCAAAGGG_006,52
CAGTGTGAAAAAGCAAAGGG_007,198
CAGTGTGAAAAAGCAAAGGG_008,1
CAGTGTGAAAAAGCAAAGGG_009,131
CCTACAAATGCGATGAATGT_001,56
CCTACAAATGCGATGAATGT_002,54
CCTACAAATGCGATGAATGT_003,185
CCTACAAATGCGATGAATGT_004,150
CCTACAAATGCGATGAATGT_005,128
CCTACAAATGCGATGAATGT_006,168
CCTACAAATGCGATGAATGT_007,179
CAGGTTGGTACGATTCAAGG_001,169
CAGGTTGGTACGATTCAAGG_002,170
CAGGTTGGTACGATTCAAGG_003,150
CAGGTTGGTACGATTCAAGG_004,144
CAGGTTGGTACGATTCAAGG_005,78
CAGGTTGGTACGATTCAAGG_006,93
CAGGTTGGTACGATTCAAGG_007,104
CAGGTTGGTACGATTCAAGG_008,171
CAGGTTGGTACGATTCAAGG_009,103
CAGGTTGGTACGATTCAAGG_010,77
CAGGTTGGTACGATTCAAGG_011,138
CAGGTTGGTACGATTCAAGG_012,57
AAGACGACCCAAGGAAATGG_001,161
AAGACGACCCAAGGAAATGG_002,178
AAGACGACCCAAGGAAATGG_003,2
CAACACTATCAGTAACATCG_001,50
CAACACTATCAGTAACATCG_002,144
CAACACTATCAGTAACATCG_003,50
CAACACTATCAGTAACATCG_004,141
CAACACTATCAGTAACATCG_005,150
CAACACTATCAGTAACATCG_006,57
CAACACTATCAGTAACATCG_007,150
CAACACTATCAGTAACATCG_008,144
CAACACTATCAGTAACATCG_009,70
CCAGCAATACCCCGGTATGG_001,166
CCAGCAATACCCCGGTATGG_002,46
CCAGCAATACCCCGGTATGG_003,103
CCAGCAATACCCCGGTATGG_004,114
CCAGCAATACCCCGGTATGG_005,144
CCAGCAATACCCCGGTATGG_006,134
CCAGCAATACCCCGGTATGG_007,94
CCAGCAATACCCCGGTATGG_008,47
CCAGCAATACCCCGGTATGG_009,125
CCAGCAATACCCCGGTATGG_010,133
CCAGCAATACCCCGGTATGG_011,37
CCAGCAATACCCCGGTATGG_012,37
GCACATCTCGGATGCCCGTG_001,173
GCACATCTCGGATGCCCGTG_002,177
GCACATCTCGGATGCCCGTG_003,86
GCACATCTCGGATGCCCGTG_004,58
GCACATCTCGGATGCCCGTG_005,76
GCACATCTCGGATGCCCGTG_006,58
GCACATCTCGGATGCCCGTG_007,62
GCACATCTCGGATGCCCGTG_008,147
GCACATCTCGGATGCCCGTG_009,150
GCACATCTCGGATGCCCGTG_010,184
GCACATCTCGGATGCCCGTG_011,29
GCACATCTCGGATGCCCGTG_012,136
GCACATCTCGGATGCCCGTG_013,117
GCACATCTCGGATGCCCGTG_014,150
GCACATCTCGGATGCCCGTG_015,23
GCACATCTCGGATGCCCGTG_016,123
CCTTCTCTTCCACCAACAGG_001,182
CCTTCTCTTCCACCAACAGG_002,93
CCTTCTCTTCCACCAACAGG_003,108
CCTTCTCTTCCACCAACAGG_004,88
CCTTCTCTTCCACCAACAGG_005,45
CCTTCTCTTCCACCAACAGG_006,104
CCTTCTCTTCCACCAACAGG_007,114
GCCACAACCATATCCACAGC_001,183
GCCACAACCATATCCACAGC_002,7
GCCACAACCATATCCACAGC_003,153
GCCACAACCATATCCACAGC_004,193
GCCACAACCATATCCACAGC_005,4
GTCTCCACCCAAGAGCACAG_001,73
GTCTCCACCCAAGAGCACAG_002,62
GTCTCCACCCAAGAGCACAG_003,169
GTCTCCACCCAAGAGCACAG_004,12
GTCTCCACCCAAGAGCACAG_005,168
GTCTCCACCCAAGAGCACAG_006,45
GTCTCCACCCAAGAGCACAG_007,125
GTGCGCGGTAATTCACACCG_001,123
GTGCGCGGTAATTCACACCG_002,60
GTGCGCGGTAATTCACACCG_003,149
GTGCGCGGTAATTCACACCG_004,122
GTGCGCGGTAATTCACACCG_005,58
GTGCGCGGTAATTCACACCG_006,121
GTGCGCGGTAATTCACACCG_007,106
GTGCGCGGTAATTCACACCG_008,157
TCTATGACGTCATCTTGTAC_001,70
TCTATGACGTCATCTTGTAC_002,71
TGCCCAGAGATGCGAAGTGT_001,158
TGCCCAGAGATGCGAAGTGT_002,166
TGCCCAGAGATGCGAAGTGT_003,52
TGCCCAGAGATGCGAAGTGT_004,2
TGCCCAGAGATGCGAAGTGT_005,184
TGCCCAGAGATGCGAAGTGT_006,2
TGCCCAGAGATGCGAAGTGT_007,58
TGCCCAGAGATGCGAAGTGT_008,170
TGCCCAGAGATGCGAAGTGT_009,196
TTCAGACCCAGGATACAGGT_001,143
TTCAGACCCAGGATACAGGT_002,170
CCATGTTGTGCTTTCCACCG_001,122
CCATGTTGTGCTTTCCACCG_002,136
CCATGTTGTGCTTTCCACCG_003,182
AAATAAAGAGCTCTCAGGCA_001,173
AAATAAAGAGCTCTCAGGCA_002,162
GCGCCACCTTCAAGGAGCGT_001,94
GCGCCACCTTCAAGGAGCGT_002,187
GCGCCACCTTCAAGGAGCGT_003,104
ACAACAGCCGCACCACTACG_001,78
ACAACAGCCGCACCACTACG_002,117
ACAACAGCCGCACCACTACG_003,104
ACAACAGCCGCACCACTACG_004,58
ACAACAGCCGCACCACTACG_005,185
ACAACAGCCGCACCACTACG_006,193
ACAACAGCCGCACCACTACG_007,130
ACAACAGCCGCACCACTACG_008,75
ACAACAGCCGCACCACTACG_009,179
ACAACAGCCGCACCACTACG_010,76
ACAACAGCCGCACCACTACG_011,81
ACAACAGCCGCACCACTACG_012,149
ACAACAGCCGCACCACTACG_013,101
ACAACAGCCGCACCACTACG_014,10
AAGACGCGTCCATCGCGCAA_001,68
GCAAGGGCAACTATGCTGAG_001,157
GCAAGGGCAACTATGCTGAG_002,38
GTTTCACATCAATAGCCCTG_001,150
TTTACGTGTGATGTCAGGTG_001,85
TTTACGTGTGATGTCAGGTG_002,140
TTTACGTGTGATGTCAGGTG_003,134
TTTACGTGTGATGTCAGGTG_004,17
TTTACGTGTGATGTCAGGTG_005,113
TTTACGTGTGATGTCAGGTG_006,20
TTTACGTGTGATGTCAGGTG_007,94
TTTACGTGTGATGTCAGGTG_008,49
TTTACGTGTGATGTCAGGTG_009,102
CTGCCGTTCGTGGTACACGG_001,41
CTGCCGTTCGTGGTACACGG_002,157
CTGCCGTTCGTGGTACACGG_003,127
CTGCCGTTCGTGGTACACGG_004,27
CTGCCGTTCGTGGTACACGG_005,171
CTGCCGTTCGTGGTACACGG_006,20
CTGCCGTTCGTGGTACACGG_007,130
CTGCCGTTCGTGGTACACGG_008,186
CTGCCGTTCGTGGTACACGG_009,103
CTGCCGTTCGTGGTACACGG_010,13
CTGCCGTTCGTGGTACACGG_011,22
CTGCCGTTCGTGGTACACGG_012,68
CTGCCGTTCGTGGTACACGG_013,83
CTGCCGTTCGTGGTACACGG_014,62
CTGCCGTTCGTGGTACACGG_015,135
CTGCCGTTCGTGGTACACGG_016,189
CTGCCGTTCGTGGTACACGG_017,102
CTGCCGTTCGTGGTACACGG_018,49
CTGCCGTTCGTGGTACACGG_019,127
CTGCCGTTCGTGGTACACGG_020,41
CTGCCGTTCGTGGTACACGG_021,129
CTGCCGTTCGTGGTACACGG_022,150
CTGCCGTTCGTGGTACACGG_023,50
CTGCCGTTCGTGGTACACGG_024,144
CTGCCGTTCGTGGTACACGG_025,27
CTGCCGTTCGTGGTACACGG_026,160
CTGCCGTTCGTGGTACACGG_027,65
CTGCCGTTCGTGGTACACGG_028,167
CTGCCGTTCGTGGTACACGG_029,88
TCCCTTTAGGTACAGCACAT_001,105
TCCCTTTAGGTACAGCACAT_002,105
TCCCTTTAGGTACAGCACAT_003,106
TCCCTTTAGGTACAGCACAT_004,6
TCCCTTTAGGTACAGCACAT_005,36
TCCCTTTAGGTACAGCACAT_006,113
TCCCTTTAGGTACAGCACAT_007,168
TCCCTTTAGGTACAGCACAT_008,10
GAGGTGGTTAGGGACTCGAG_001,157
GAGGTGGTTAGGGACTCGAG_002,73
GAGGTGGTTAGGGACTCGAG_003,89
GAGGTGGTTAGGGACTCGAG_004,113
GAGGTGGTTAGGGACTCGAG_005,107
GAGGTGGTTAGGGACTCGAG_006,186
GAGGTGGTTAGGGACTCGAG_007,60
GAGAGGAAGGTTACAACTAG_001,15
GAGAGGAAGGTTACAACTAG_002,33
GAGAGGAAGGTTACAACTAG_003,80
TGCTAGGATTACCAGCCCAG_001,105
TGCTAGGATTACCAGCCCAG_002,107
TGCTAGGATTACCAGCCCAG_003,11
TGCTAGGATTACCAGCCCAG_004,105
TGCTAGGATTACCAGCCCAG_005,105
TGCTAGGATTACCAGCCCAG_006,88
TGCTAGGATTACCAGCCCAG_007,151
TGCTAGGATTACCAGCCCAG_008,130
TGCTAGGATTACCAGCCCAG_009,15
TGCTAGGATTACCAGCCCAG_010,113
TGCTAGGATTACCAGCCCAG_011,41
TGCTAGGATTACCAGCCCAG_012,172
TGCTAGGATTACCAGCCCAG_013,197
TGCTAGGATTACCAGCCCAG_014,124
TGCTAGGATTACCAGCCCAG_015,127
TGCTAGGATTACCAGCCCAG_016,154
TGTGATCTGATGTTTCACAA_001,175
TGTGATCTGATGTTTCACAA_002,94
TGTGATCTGATGTTTCACAA_003,110
TGTGATCTGATGTTTCACAA_004,119
TGTGATCTGATGTTTCACAA_005,23
TGTGATCTGATGTTTCACAA_006,134
TGTGATCTGATGTTTCACAA_007,114
TGTGATCTGATGTTTCACAA_008,19
CCAAGCTTGAACTACCCTTG_001,185
CCAAGCTTGAACTACCCTTG_002,70
CCAAGCTTGAACTACCCTTG_003,157
CCAAGCTTGAACTACCCTTG_004,117
CCAAGCTTGAACTACCCTTG_005,88
CCAAGCTTGAACTACCCTTG_006,32
CCAAGCTTGAACTACCCTTG_007,48
CCAAGCTTGAACTACCCTTG_008,197
CCAAGCTTGAACTACCCTTG_009,86
CCAAGCTTGAACTACCCTTG_010,89
CCAAGCTTGAACTACCCTTG_011,107
CCAAGCTTGAACTACCCTTG_012,7
CCAAGCTTGAACTACCCTTG_013,159
CCAAGCTTGAACTACCCTTG_014,139
CCAAGCTTGAACTACCCTTG_015,162
CCTCACACAGCCACAGCCGT_001,106
CCTCACACAGCCACAGCCGT_002,126
CCTCACACAGCCACAGCCGT_003,173
CCTCACACAGCCACAGCCGT_004,154
CCTCACACAGCCACAGCCGT_005,172
CCTCACACAGCCACAGCCGT_006,12
GACCACAAGAAAACTGTGAG_001,10
GACCACAAGAAAACTGTGAG_002,199
GACCACAAGAAAACTGTGAG_003,64
GACCACAAGAAAACTGTGAG_004,155
GACCACAAGAAAACTGTGAG_005,116
GACCACAAGAAAACTGTGAG_006,77
GACCACAAGAAAACTGTGAG_007,188
GACCACAAGAAAACTGTGAG_008,112
GACCACAAGAAAACTGTGAG_009,126
GCTGTAGACACCCCGGACAG_001,53
GCTGTAGACACCCCGGACAG_002,198
GCTGTAGACACCCCGGACAG_003,7
GCTGTAGACACCCCGGACAG_004,143
GCTGTAGACACCCCGGACAG_005,13
TCTCATGGTCTCCTTATCGG_001,53
CGTGTATGCAGAGTAGGCAA_001,194
CGTGTATGCAGAGTAGGCAA_002,103
CGTGTATGCAGAGTAGGCAA_003,43
CGTGTATGCAGAGTAGGCAA_004,0
CGTGTATGCAGAGTAGGCAA_005,120
CGTGTATGCAGAGTAGGCAA_006,124
GGTGAGGCCAAGCTTCACGT_001,157
GGTGAGGCCAAGCTTCACGT_002,96
GGTGAGGCCAAGCTTCACGT_003,168
GGTGAGGCCAAGCTTCACGT_004,11
GGTGAGGCCAAGCTTCACGT_005,145
GGTGAGGCCAAGCTTCACGT_006,2
GGTGAGGCCAAGCTTCACGT_007,160
GGTGAGGCCAAGCTTCACGT_008,1
GGTGAGGCCAAGCTTCACGT_009,168
GGTGAGGCCAAGCTTCACGT_010,62
CACTAAGGAAGTCCTCAACG_001,98
CACTAAGGAAGTCCTCAACG_002,65
ACATCAATGACAATCCGCCC_001,92
TGTAAGTCAGTCTAATGTAG_001,94
TGTAAGTCAGTCTAATGTAG_002,182
TGTAAGTCAGTCTAATGTAG_003,64
TGTAAGTCAGTCTAATGTAG_004,62
TGTAAGTCAGTCTAATGTAG_005,58
TGTAAGTCAGTCTAATGTAG_006,114
ATGTTGCCCACAATCAGATG_001,88
ATGTTGCCCACAATCAGATG_002,26
ATGTTGCCCACAATCAGATG_003,52
ATGTTGCCCACAATCAGATG_004,169
ATGTTGCCCACAATCAGATG_005,81
ATGTTGCCCACAATCAGATG_006,122
ATGTTGCCCACAATCAGATG_007,20
ATGTTGCCCACAATCAGATG_008,130
ATGTTGCCCACAATCAGATG_009,190
ATGTTGCCCACAATCAGATG_010,44
ATGTTGCCCACAATCAGATG_011,147
ATGTTGCCCACAATCAGATG_012,81
ATGTTGCCCACAATCAGATG_013,9
ATGTTGCCCACAATCAGATG_014,2
ATGTTGCCCACAATCAGATG_015,147
ATGTTGCCCACAATCAGATG_016,123
ATGTTGCCCACAATCAGATG_017,83
ATGTTGCCCACAATCAGATG_018,46
ATGTTGCCCACAATCAGATG_019,30
ATGTTGCCCACAATCAGATG_020,57
ATGTTGCCCACAATCAGATG_021,144
ATGTTGCCCACAATCAGATG_022,191
ATGTTGCCCACAATCAGATG_023,4
ATGTTGCCCACAATCAGATG_024,50
ATGTTGCCCACAATCAGATG_025,134
GATGCAGAGACACATCCGCC_001,183
GGGTTGTCTGGCAGATCCCG_001,103
GGGTTGTCTGGCAGATCCCG_002,81
GGGTTGTCTGGCAGATCCCG_003,1
GGGTTGTCTGGCAGATCCCG_004,130
GGGTTGTCTGGCAGATCCCG_005,185
GTGCTTCAATATGTGCACCA_001,80
GTGCTTCAATATGTGCACCA_002,116
GTGCTTCAATATGTGCACCA_003,56
GTGCTTCAATATGTGCACCA_004,40
GTGCTTCAATATGTGCACCA_005,50
GAACAACCCGAAACTTCGAG_001,6
GAACAACCCGAAACTTCGAG_002,2
GAACAACCCGAAACTTCGAG_003,115
GAACAACCCGAAACTTCGAG_004,65
GAACAACCCGAAACTTCGAG_005,149
GAACAACCCGAAACTTCGAG_006,184
GAACAACCCGAAACTTCGAG_007,42
GAACAACCCGAAACTTCGAG_008,48
GAACAACCCGAAACTTCGAG_009,3
CTGTTGTTATAGTGGAAGTG_001,9
CTGTTGTTATAGTGGAAGTG_002,163
CTGTTGTTATAGTGGAAGTG_003,167
CTGTTGTTATAGTGGAAGTG_004,1
GGTCCTCAGATGATCGAGAA_001,70
GGTCCTCAGATGATCGAGAA_002,34
AAGCTGGAGAGGGATCCCTC_001,134
AAGCTGGAGAGGGATCCCTC_002,8
AAGCTGGAGAGGGATCCCTC_003,176
AAGCTGGAGAGGGATCCCTC_004,53
AAGCTGGAGAGGGATCCCTC_005,21
AAGCTGGAGAGGGATCCCTC_006,168
AAGCTGGAGAGGGATCCCTC_007,58
AAGCTGGAGAGGGATCCCTC_008,38
AAGCTGGAGAGGGATCCCTC_009,62
AAGCTGGAGAGGGATCCCTC_010,37
AAGCTGGAGAGGGATCCCTC_011,188
AAGCTGGAGAGGGATCCCTC_012,75
CCACAGGTAACATCACCACC_001,132
CCACAGGTAACATCACCACC_002,62
CCACAGGTAACATCACCACC_003,188
CCACAGGTAACATCACCACC_004,124
CCACAGGTAACATCACCACC_005,117
CCACAGGTAACATCACCACC_006,149
CCACAGGTAACATCACCACC_007,159
CCACAGGTAACATCACCACC_008,168
CCACAGGTAACATCACCACC_009,60
CCACAGGTAACATCACCACC_010,8
CCACAGGTAACATCACCACC_011,149
CCACAGGTAACATCACCACC_012,147
TCACGGTGGATACCAGCACG_001,9
TCACGGTGGATACCAGCACG_002,115
AGCTAGCAAACCGTTTGCGG_001,75
AGCTAGCAAACCGTTTGCGG_002,85
AGCTAGCAAACCGTTTGCGG_003,162
AGCTAGCAAACCGTTTGCGG_004,107
AGCTAGCAAACCGTTTGCGG_005,148
AGCTAGCAAACCGTTTGCGG_006,26
AGCTAGCAAACCGTTTGCGG_007,56
AGCTAGCAAACCGTTTGCGG_008,114
AGCTAGCAAACCGTTTGCGG_009,17
AGCTAGCAAACCGTTTGCGG_010,127
AGCTAGCAAACCGTTTGCGG_011,140
AGCTAGCAAACCGTTTGCGG_012,29
AGCTAGCAAACCGTTTGCGG_013,111
GGCACCATTGAGTACATGCG_001,137
GGCACCATTGAGTACATGCG_002,124
GGCACCATTGAGTACATGCG_003,118
GGCACCATTGAGTACATGCG_004,137
GGCACCATTGAGTACATGCG_005,57
GGCACCATTGAGTACATGCG_006,66
CTCCAGCGTTCTAGACATGG_001,158
CTCCAGCGTTCTAGACATGG_002,150
CTCCAGCGTTCTAGACATGG_003,88
CTCCAGCGTTCTAGACATGG_004,2
CTCCAGCGTTCTAGACATGG_005,163
CTCCAGCGTTCTAGACATGG_006,157
CTCCAGCGTTCTAGACATGG_007,16
CCACAGGTCTGGTTACAGGA_001,16
CCACAGGTCTGGTTACAGGA_002,175
CCACAGGTCTGGTTACAGGA_003,160
CCACAGGTCTGGTTACAGGA_004,4
CCACAGGTCTGGTTACAGGA_005,144
CCACAGGTCTGGTTACAGGA_006,149
CCACAGGTCTGGTTACAGGA_007,8
CCACAGGTCTGGTTACAGGA_008,104
CCACAGGTCTGGTTACAGGA_009,79
CCACAGGTCTGGTTACAGGA_010,16
CCACAGGTCTGGTTACAGGA_011,197
CCACAGGTCTGGTTACAGGA_012,75
CCACAGGTCTGGTTACAGGA_013,73
CCACAGGTCTGGTTACAGGA_014,45
CCACAGGTCTGGTTACAGGA_015,93
CCACAGGTCTGGTTACAGGA_016,172
CCACAGGTCTGGTTACAGGA_017,4
CCACAGGTCTGGTTACAGGA_018,116
CCACAGGTCTGGTTACAGGA_019,68
CCACAGGTCTGGTTACAGGA_020,26
CCACAGGTCTGGTTACAGGA_021,197
CCACAGGTCTGGTTACAGGA_022,166
CCACAGGTCTGGTTACAGGA_023,19
CCACAGGTCTGGTTACAGGA_024,82
CCACAGGTCTGGTTACAGGA_025,102
CCACAGGTCTGGTTACAGGA_026,74
CCACAGGTCTGGTTACAGGA_027,41
CCACAGGTCTGGTTACAGGA_028,98
GGAGCCCAGCTCTAGAGGAG_001,113
GGAGCCCAGCTCTAGAGGAG_002,12
CCATCCCAGCAATCCCAACA_001,8
CCATCCCAGCAATCCCAACA_002,118
CCATCCCAGCAATCCCAACA_003,101
CCATCCCAGCAATCCCAACA_004,147
CCATCCCAGCAATCCCAACA_005,29
CCATCCCAGCAATCCCAACA_006,103
CCATCCCAGCAATCCCAACA_007,11
CCATCCCAGCAATCCCAACA_008,26
CCATCCCAGCAATCCCAACA_009,8
CCATCCCAGCAATCCCAACA_010,29
CCATCCCAGCAATCCCAACA_011,99
CCATCCCAGCAATCCCAACA_012,15
CCATCCCAGCAATCCCAACA_013,134
CCATCCCAGCAATCCCAACA_014,130
GAGGAATTGCAATACGCATG_001,117
GAGGAATTGCAATACGCATG_002,61
GAGGAATTGCAATACGCATG_003,154
GAGGAATTGCAATACGCATG_004,32
GAGGAATTGCAATACGCATG_005,198
GAGGAATTGCAATACGCATG_006,175
GGTGCGTCAGCACCGTAAAG_001,137
GGTGCGTCAGCACCGTAAAG_002,47
GGTGCGTCAGCACCGTAAAG_003,76
GGTGCGTCAGCACCGTAAAG_004,105
GGTGCGTCAGCACCGTAAAG_005,6
GGTGCGTCAGCACCGTAAAG_006,184
GGTGCGTCAGCACCGTAAAG_007,188
GGTGCGTCAGCACCGTAAAG_008,184
TGCCATCAAACTCGTTGGCG_001,78
TGCCATCAAACTCGTTGGCG_002,53
TGCCATCAAACTCGTTGGCG_003,19
TGCCATCAAACTCGTTGGCG_004,56
TGCCATCAAACTCGTTGGCG_005,81
TGCCATCAAACTCGTTGGCG_006,155
TGCCATCAAACTCGTTGGCG_007,144
TTTGGGGATATTATTAGCGT_001,102
TTTGGGGATATTATTAGCGT_002,17
TTTGGGGATATTATTAGCGT_003,81
CTCCACAAAGCACACACATC_001,69
CTCCACAAAGCACACACATC_002,70
CTCCACAAAGCACACACATC_003,24
CTCCACAAAGCACACACATC_004,8
CTCCACAAAGCACACACATC_005,100
CTCCACAAAGCACACACATC_006,191
CTCCACAAAGCACACACATC_007,15
CTCCACAAAGCACACACATC_008,74
CTCCACAAAGCACACACATC_009,49
CTCCACAAAGCACACACATC_010,82
CTCCACAAAGCACACACATC_011,128
CTCCACAAAGCACACACATC_012,163
CTCCACAAAGCACACACATC_013,162
CTCCACAAAGCACACACATC_014,119
CTCCACAAAGCACACACATC_015,10
CACGCGTACTGTCTCTCCCA_001,59
CACGCGTACTGTCTCTCCCA_002,104
AAGTCTCAAGAAGTATATGG_001,144
AAGTCTCAAGAAGTATATGG_002,188
AAGTCTCAAGAAGTATATGG_003,52
AAGTCTCAAGAAGTATATGG_004,76
AAGTCTCAAGAAGTATATGG_005,10
CTGTCTACTGTGTTGACCCG_001,153
CTGTCTACTGTGTTGACCCG_002,48
CTGTCTACTGTGTTGACCCG_003,42
CTGTCTACTGTGTTGACCCG_004,174
CTGTCTACTGTGTTGACCCG_005,95
CTGTCTACTGTGTTGACCCG_006,184
CTGTCTACTGTGTTGACCCG_007,158
CTGTCTACTGTGTTGACCCG_008,84
CTGTCTACTGTGTTGACCCG_009,102
GAGCAGTTCATAAACAACGC_001,174
GAGCAGTTCATAAACAACGC_002,55
GCCTATTGCTACAACCCACA_001,72
GCCTATTGCTACAACCCACA_002,72
GCCTATTGCTACAACCCACA_003,111
GCCTATTGCTACAACCCACA_004,113
GCCTATTGCTACAACCCACA_005,12
GCCTATTGCTACAACCCACA_006,131
CAGCAGTCTAGGCGTTCAAG_001,168
GGCGGCGGTGAGCTGCGCGG_001,80
GGCGGCGGTGAGCTGCGCGG_002,174
GGCGGCGGTGAGCTGCGCGG_003,98
GGCGGCGGTGAGCTGCGCGG_004,145
GGCGGCGGTGAGCTGCGCGG_005,121
GGCGGCGGTGAGCTGCGCGG_006,145
GGCGGCGGTGAGCTGCGCGG_007,163
GGCGGCGGTGAGCTGCGCGG_008,141
GGCGGCGGTGAGCTGCGCGG_009,156
ATTCCTTGGATGTGTAGCAC_001,14
ATTCCTTGGATGTGTAGCAC_002,137
ATTCCTTGGATGTGTAGCAC_003,22
ATTCCTTGGATGTGTAGCAC_004,15
ATTCCTTGGATGTGTAGCAC_005,108
ATTCCTTGGATGTGTAGCAC_006,102
ATTCCTTGGATGTGTAGCAC_007,105
ATTCCTTGGATGTGTAGCAC_008,63
ATTCCTTGGATGTGTAGCAC_009,1
ATTCCTTGGATGTGTAGCAC_010,184
ATTCCTTGGATGTGTAGCAC_011,150
ATTCCTTGGATGTGTAGCAC_012,102
ATTCCTTGGATGTGTAGCAC_013,127
ATTCCTTGGATGTGTAGCAC_014,3
ATTCCTTGGATGTGTAGCAC_015,81
TCCCGGCAGGAGGCTCCAAT_001,50
TCCCGGCAGGAGGCTCCAAT_002,50
TCCCGGCAGGAGGCTCCAAT_003,6
TCCCGGCAGGAGGCTCCAAT_004,178
TCCCGGCAGGAGGCTCCAAT_005,127
TCCCGGCAGGAGGCTCCAAT_006,150
TCCCGGCAGGAGGCTCCAAT_007,53
TCCCGGCAGGAGGCTCCAAT_008,48
TCCCGGCAGGAGGCTCCAAT_009,26
TCCCGGCAGGAGGCTCCAAT_010,15
TCCCGGCAGGAGGCTCCAAT_011,119
TCCCGGCAGGAGGCTCCAAT_012,127
TCCCGGCAGGAGGCTCCAAT_013,8
TCCCGGCAGGAGGCTCCAAT_014,81
TCCCGGCAGGAGGCTCCAAT_015,181
TCCCGGCAGGAGGCTCCAAT_016,25
TCCCGGCAGGAGGCTCCAAT_017,176
AGCTTCGGGATGAATCACCA_001,157
AGCTTCGGGATGAATCACCA_002,115
AGCTTCGGGATGAATCACCA_003,169
AGCTTCGGGATGAATCACCA_004,39
TCGTAGACCTCAACCCAGAG_001,76
TCGTAGACCTCAACCCAGAG_002,28
TCGTAGACCTCAACCCAGAG_003,106
TCGTAGACCTCAACCCAGAG_004,77
TCGTAGACCTCAACCCAGAG_005,81
TCGTAGACCTCAACCCAGAG_006,34
TCGTAGACCTCAACCCAGAG_007,25
TCGTAGACCTCAACCCAGAG_008,48
TCGTAGACCTCAACCCAGAG_009,192
TCGTAGACCTCAACCCAGAG_010,112
TCGTAGACCTCAACCCAGAG_011,168
TCGTAGACCTCAACCCAGAG_012,74
TCGTAGACCTCAACCCAGAG_013,109
TCGTAGACCTCAACCCAGAG_014,81
TCGTAGACCTCAACCCAGAG_015,137
TCGTAGACCTCAACCCAGAG_016,52
TCGTAGACCTCAACCCAGAG_017,15
TCGTAGACCTCAACCCAGAG_018,24
TCGTAGACCTCAACCCAGAG_019,147
TCGTAGACCTCAACCCAGAG_020,147
TCGTAGACCTCAACCCAGAG_021,6
TCGTAGACCTCAACCCAGAG_022,34
TCGTAGACCTCAACCCAGAG_023,4
TCGTAGACCTCAACCCAGAG_024,181
TCGTAGACCTCAACCCAGAG_025,118
TCGTAGACCTCAACCCAGAG_026,98
GCAGAGTCTGCACACCAGGG_001,98
GCAGAGTCTGCACACCAGGG_002,89
GCAGAGTCTGCACACCAGGG_003,136
TGGCCTACGAGCACTCTGTG_001,140
TGGCCTACGAGCACTCTGTG_002,20
TGGCCTACGAGCACTCTGTG_003,132
TGGCCTACGAGCACTCTGTG_004,85
TGGCCTACGAGCACTCTGTG_005,75
TGGCCTACGAGCACTCTGTG_006,186
TGGCCTACGAGCACTCTGTG_007,192
TGGCCTACGAGCACTCTGTG_008,155
TGGCCTACGAGCACTCTGTG_009,112
TGGCCTACGAGCACTCTGTG_010,43
TGGCCTACGAGCACTCTGTG_011,38
TGGCCTACGAGCACTCTGTG_012,146
TGGCCTACGAGCACTCTGTG_013,72
TGGCCTACGAGCACTCTGTG_014,9
TGGCCTACGAGCACTCTGTG_015,50
TGGCCTACGAGCACTCTGTG_016,139
TGGCCTACGAGCACTCTGTG_017,13
TGGCCTACGAGCACTCTGTG_018,154
TGGCCTACGAGCACTCTGTG_019,177
TGGCCTACGAGCACTCTGTG_020,12
TGGCCTACGAGCACTCTGTG_021,74
TGGCCTACGAGCACTCTGTG_022,9
TGGCCTACGAGCACTCTGTG_023,37
TGGCCTACGAGCACTCTGTG_024,180
AGTCTGCATCCGGATATGGC_001,172
AGTCTGCATCCGGATATGGC_002,5
AGTCTGCATCCGGATATGGC_003,152
GAACGGGGCGTATCTCATGG_001,127
TTTGCACACATACCAATCCG_001,112
TTTGCACACATACCAATCCG_002,142
ACATGTGGGACTATTCTCAG_001,3
ACATGTGGGACTATTCTCAG_002,169
ACATGTGGGACTATTCTCAG_003,103
ACATGTGGGACTATTCTCAG_004,169
ACATGTGGGACTATTCTCAG_005,168
ACATGTGGGACTATTCTCAG_006,149
ACATGTGGGACTATTCTCAG_007,78
AGTCACCGCTTGTTGCCAGT_001,168
AGTCACCGCTTGTTGCCAGT_002,148
AGTCACCGCTTGTTGCCAGT_003,86
AGTCACCGCTTGTTGCCAGT_004,60
AGTCACCGCTTGTTGCCAGT_005,171
AGTCACCGCTTGTTGCCAGT_006,121
AGTCACCGCTTGTTGCCAGT_007,79
AGTCACCGCTTGTTGCCAGT_008,58
AGTCACCGCTTGTTGCCAGT_009,113
AGTCACCGCTTGTTGCCAGT_010,44
AGTCACCGCTTGTTGCCAGT_011,151
AGTCACCGCTTGTTGCCAGT_012,33
AGTCACCGCTTGTTGCCAGT_013,104
AGTCACCGCTTGTTGCCAGT_014,169
AGTCACCGCTTGTTGCCAGT_015,88
AGTCACCGCTTGTTGCCAGT_016,56
AGTCACCGCTTGTTGCCAGT_017,0
AGTCACCGCTTGTTGCCAGT_018,49
AGTCACCGCTTGTTGCCAGT_019,24
AGTCACCGCTTGTTGCCAGT_020,2
AGTCACCGCTTGTTGCCAGT_021,63
AGTCACCGCTTGTTGCCAGT_022,50
AGTCACCGCTTGTTGCCAGT_023,150
AGTCACCGCTTGTTGCCAGT_024,54
AGTCACCGCTTGTTGCCAGT_025,107
AGTCACCGCTTGTTGCCAGT_026,9
AGTCACCGCTTGTTGCCAGT_027,23
AGTCACCGCTTGTTGCCAGT_028,35
AGTCACCGCTTGTTGCCAGT_029,44
AGTCACCGCTTGTTGCCAGT_030,29
AGTCACCGCTTGTTGCCAGT_031,84
AGTCACCGCTTGTTGCCAGT_032,104
AGTCACCGCTTGTTGCCAGT_033,10
AGTCACCGCTTGTTGCCAGT_034,47
AGTCACCGCTTGTTGCCAGT_035,102
AGTCACCGCTTGTTGCCAGT_036,62
AGTCACCGCTTGTTGCCAGT_037,196
AGTCACCGCTTGTTGCCAGT_038,144
AGTCACCGCTTGTTGCCAGT_039,180
AGTCACCGCTTGTTGCCAGT_040,95
AGTCACCGCTTGTTGCCAGT_041,198
ATGTCGAGTTGATAGTTGAG_001,28
ATGTCGAGTTGATAGTTGAG_002,1
ATGTCGAGTTGATAGTTGAG_003,171
ATGTCGAGTTGATAGTTGAG_004,175
ATGTCGAGTTGATAGTTGAG_005,188
ATGTCGAGTTGATAGTTGAG_006,20
ATGTCGAGTTGATAGTTGAG_007,44
CAGACACGAACTGCTTCACG_001,145
CAGACACGAACTGCTTCACG_002,114
CAGACACGAACTGCTTCACG_003,127
CAGACACGAACTGCTTCACG_004,198
CAGACACGAACTGCTTCACG_005,140
CAGACACGAACTGCTTCACG_006,105
CAGACACGAACTGCTTCACG_007,43
CAGACACGAACTGCTTCACG_008,150
CAGACACGAACTGCTTCACG_009,149
CAGACACGAACTGCTTCACG_010,178
CAGACACGAACTGCTTCACG_011,24
CAGACACGAACTGCTTCACG_012,61
CAGACACGAACTGCTTCACG_013,148
CAGACACGAACTGCTTCACG_014,184
CAGACACGAACTGCTTCACG_015,157
CAGACACGAACTGCTTCACG_016,176
CAGACACGAACTGCTTCACG_017,169
CTCTGAGGTCAAGTACGCCT_001,62
CTCTGAGGTCAAGTACGCCT_002,97
AGCCAACCAGAAACTGGCAG_001,81
AGCCAACCAGAAACTGGCAG_002,163
AGCCAACCAGAAACTGGCAG_003,88
AGCCAACCAGAAACTGGCAG_004,151
AGCCAACCAGAAACTGGCAG_005,159
AGCCAACCAGAAACTGGCAG_006,148
AGCCAACCAGAAACTGGCAG_007,68
AGCCAACCAGAAACTGGCAG_008,69
AGCCAACCAGAAACTGGCAG_009,190
AGCCAACCAGAAACTGGCAG_010,117
CAGGGGGTACATGAGTCCAG_001,105
CAGGGGGTACATGAGTCCAG_002,41
CAGGGGGTACATGAGTCCAG_003,128
CAGGGGGTACATGAGTCCAG_004,162
CAGGGGGTACATGAGTCCAG_005,195
CAGGGGGTACATGAGTCCAG_006,67
CAGGGGGTACATGAGTCCAG_007,31
CAGGGGGTACATGAGTCCAG_008,150
CAGGGGGTACATGAGTCCAG_009,6
GCCAGTAGGATCCCAAACAG_001,55
GCCAGTAGGATCCCAAACAG_002,68
GCCAGTAGGATCCCAAACAG_003,46
GCCAGTAGGATCCCAAACAG_004,146
GCCAGTAGGATCCCAAACAG_005,4
GCCAGTAGGATCCCAAACAG_006,71
GCCAGTAGGATCCCAAACAG_007,141
GCCAGTAGGATCCCAAACAG_008,89
GCCAGTAGGATCCCAAACAG_009,138
GCCAGTAGGATCCCAAACAG_010,40
GCCAGTAGGATCCCAAACAG_011,1
GCCAGTAGGATCCCAAACAG_012,141
GCCAGTAGGATCCCAAACAG_013,160
GCCAGTAGGATCCCAAACAG_014,175
GCCAGTAGGATCCCAAACAG_015,39
GCCAGTAGGATCCCAAACAG_016,157
GCCAGTAGGATCCCAAACAG_017,115
GGGGATGACTTACACAATGT_001,128
GGGGATGACTTACACAATGT_002,77
GGGGATGACTTACACAATGT_003,106
GGGGATGACTTACACAATGT_004,62
GGGGATGACTTACACAATGT_005,68
GGGGATGACTTACACAATGT_006,72
GGGGATGACTTACACAATGT_007,94
GGGGATGACTTACACAATGT_008,18
GGGGATGACTTACACAATGT_009,43
ACAGATTGGGGAAAGTAGAT_001,85
ACAGATTGGGGAAAGTAGAT_002,57
ACAGATTGGGGAAAGTAGAT_003,77
ACAGATTGGGGAAAGTAGAT_004,152
GGGGCGCAGCCATATACAGA_001,75
GGGGCGCAGCCATATACAGA_002,113
GGGGCGCAGCCATATACAGA_003,147
GGGGCGCAGCCATATACAGA_004,128
TCACTCACTTGCCGATAAGG_001,53
TCACTCACTTGCCGATAAGG_002,185
TCACTCACTTGCCGATAAGG_003,151
TCACTCACTTGCCGATAAGG_004,4
TCACTCACTTGCCGATAAGG_005,37
TGGGTTGCTTTGGTAACATG_001,88
TGGGTTGCTTTGGTAACATG_002,160
TGGGTTGCTTTGGTAACATG_003,95
TGGGTTGCTTTGGTAACATG_004,163
TGGGTTGCTTTGGTAACATG_005,160
TGGGTTGCTTTGGTAACATG_006,146
TGGGTTGCTTTGGTAACATG_007,78
TGGGTTGCTTTGGTAACATG_008,143
TGGGTTGCTTTGGTAACATG_009,11
ACAACTAAGACGCGAGCAGG_001,96
ACAACTAAGACGCGAGCAGG_002,67
ACAACTAAGACGCGAGCAGG_003,190
ACAACTAAGACGCGAGCAGG_004,191
ACAACTAAGACGCGAGCAGG_005,100
ACAACTAAGACGCGAGCAGG_006,47
ACAACTAAGACGCGAGCAGG_007,24
ACAACTAAGACGCGAGCAGG_008,169
GTGCGCGGAGTTCGACGGAG_001,160
GTGCGCGGAGTTCGACGGAG_002,60
GTGCGCGGAGTTCGACGGAG_003,182
GTGCGCGGAGTTCGACGGAG_004,96
GTGCGCGGAGTTCGACGGAG_005,110
GTGCGCGGAGTTCGACGGAG_006,74
GTGCGCGGAGTTCGACGGAG_007,103
GTGCGCGGAGTTCGACGGAG_008,34
GTGCGCGGAGTTCGACGGAG_009,100
GTGCGCGGAGTTCGACGGAG_010,188
TACAGCCACCAAAATGAAGG_001,191
TACAGCCACCAAAATGAAGG_002,48
TACAGCCACCAAAATGAAGG_003,127
TACAGCCACCAAAATGAAGG_004,29
TACAGCCACCAAAATGAAGG_005,138
TACAGCCACCAAAATGAAGG_006,127
TACAGCCACCAAAATGAAGG_007,151
TACAGCCACCAAAATGAAGG_008,146
TACAGCCACCAAAATGAAGG_009,102
TACAGCCACCAAAATGAAGG_010,15
TACAGCCACCAAAATGAAGG_011,106
TACAGCCACCAAAATGAAGG_012,196
TACAGCCACCAAAATGAAGG_013,196
TACAGCCACCAAAATGAAGG_014,165
TGATTTCGGATTCCCCGAGG_001,56
GAAGAATCCCGCCATTTGGG_001,94
GAAGAATCCCGCCATTTGGG_002,48
GAAGAATCCCGCCATTTGGG_003,41
GAAGAATCCCGCCATTTGGG_004,135
GAAGAATCCCGCCATTTGGG_005,87
GAAGAATCCCGCCATTTGGG_006,162
GAAGAATCCCGCCATTTGGG_007,61
GAAGAATCCCGCCATTTGGG_008,110
GAAGAATCCCGCCATTTGGG_009,87
GAAGAATCCCGCCATTTGGG_010,87
GAAGAATCCCGCCATTTGGG_011,87
GAAGAATCCCGCCATTTGGG_012,150
GAAGAATCCCGCCATTTGGG_013,147
GAAGAATCCCGCCATTTGGG_014,148
GAAGAATCCCGCCATTTGGG_015,101
GAAGAATCCCGCCATTTGGG_016,118
GAAGAATCCCGCCATTTGGG_017,121
GAAGAATCCCGCCATTTGGG_018,129
GAAGAATCCCGCCATTTGGG_019,172
GAAGAATCCCGCCATTTGGG_020,25
GAAGAATCCCGCCATTTGGG_021,138
GAAGAATCCCGCCATTTGGG_022,19
GAAGAATCCCGCCATTTGGG_023,84
GAAGAATCCCGCCATTTGGG_024,199
GAAGAATCCCGCCATTTGGG_025,105
GAAGAATCCCGCCATTTGGG_026,193
GAAGAATCCCGCCATTTGGG_027,60
GAAGAATCCCGCCATTTGGG_028,174
GAAGAATCCCGCCATTTGGG_029,45
GAAGAATCCCGCCATTTGGG_030,17
TGGGATCAGTTTCACAAGCG_001,64
TGGGATCAGTTTCACAAGCG_002,147
TGGGATCAGTTTCACAAGCG_003,1
TGGGATCAGTTTCACAAGCG_004,76
TGGGATCAGTTTCACAAGCG_005,98
TGGGATCAGTTTCACAAGCG_006,42
TGGGATCAGTTTCACAAGCG_007,50
TGGGATCAGTTTCACAAGCG_008,104
TGGGATCAGTTTCACAAGCG_009,155
TGGGATCAGTTTCACAAGCG_010,147
TGGGATCAGTTTCACAAGCG_011,43
AGAATTCATTCGATCTCGAG_001,37
AGAATTCATTCGATCTCGAG_002,37
TGTAGGTGAAAATCGCATTG_001,125
TGTAGGTGAAAATCGCATTG_002,19
TGTAGGTGAAAATCGCATTG_003,19
TGTAGGTGAAAATCGCATTG_004,99
CCAGGTGGTTCAGTACATCG_001,4
GAATGTTTATAAAGTTTACG_001,28
TACCTTGGAACGTATGACAC_001,185
TACCTTGGAACGTATGACAC_002,66
TACCTTGGAACGTATGACAC_003,172
TACCTTGGAACGTATGACAC_004,150
TACCTTGGAACGTATGACAC_005,188
TACCTTGGAACGTATGACAC_006,49
TACCTTGGAACGTATGACAC_007,67
TACCTTGGAACGTATGACAC_008,72
TACCTTGGAACGTATGACAC_009,166
TACCTTGGAACGTATGACAC_010,76
TACCTTGGAACGTATGACAC_011,17
TACCTTGGAACGTATGACAC_012,17
GTGATCGTAGATACCACTGC_001,91
GTGATCGTAGATACCACTGC_002,81
GTGATCGTAGATACCACTGC_003,41
GACATGCGCACCCTCCGCAG_001,112
GACATGCGCACCCTCCGCAG_002,43
GACATGCGCACCCTCCGCAG_003,133
GACATGCGCACCCTCCGCAG_004,6
GACATGCGCACCCTCCGCAG_005,77
GACATGCGCACCCTCCGCAG_006,114
GACATGCGCACCCTCCGCAG_007,61
GACATGCGCACCCTCCGCAG_008,118
GACATGCGCACCCTCCGCAG_009,69
GACATGCGCACCCTCCGCAG_010,59
GACATGCGCACCCTCCGCAG_011,132
GACATGCGCACCCTCCGCAG_012,157
GACATGCGCACCCTCCGCAG_013,78
GACATGCGCACCCTCCGCAG_014,89
CATGACAGCCAAGGACCCCG_001,28
CATGACAGCCAAGGACCCCG_002,162
CATGACAGCCAAGGACCCCG_003,96
CATGACAGCCAAGGACCCCG_004,26
CATGACAGCCAAGGACCCCG_005,81
CATGACAGCCAAGGACCCCG_006,157
CATGACAGCCAAGGACCCCG_007,168
CATGACAGCCAAGGACCCCG_008,121
CATGACAGCCAAGGACCCCG_009,63
CATGACAGCCAAGGACCCCG_010,70
CATGACAGCCAAGGACCCCG_011,29
CATGACAGCCAAGGACCCCG_012,48
CTTACAATCGTCGGTCCAAT_001,60
CTTACAATCGTCGGTCCAAT_002,189
CTTACAATCGTCGGTCCAAT_003,177
CTTACAATCGTCGGTCCAAT_004,166
CTTACAATCGTCGGTCCAAT_005,70
CTTACAATCGTCGGTCCAAT_006,189
CTTACAATCGTCGGTCCAAT_007,177
CTTACAATCGTCGGTCCAAT_008,79
CTTACAATCGTCGGTCCAAT_009,27
CTTACAATCGTCGGTCCAAT_010,81
CTTACAATCGTCGGTCCAAT_011,147
CTTACAATCGTCGGTCCAAT_012,160
CTTACAATCGTCGGTCCAAT_013,132
CTTACAATCGTCGGTCCAAT_014,128
CTTACAATCGTCGGTCCAAT_015,197
CTTACAATCGTCGGTCCAAT_016,61
CTTACAATCGTCGGTCCAAT_017,32
CTTACAATCGTCGGTCCAAT_018,45
CTTACAATCGTCGGTCCAAT_019,1
CTTACAATCGTCGGTCCAAT_020,150
CTTACAATCGTCGGTCCAAT_021,120
CTTACAATCGTCGGTCCAAT_022,169
CTTACAATCGTCGGTCCAAT_023,11
CTTACAATCGTCGGTCCAAT_024,63
CTTACAATCGTCGGTCCAAT_025,117
CTTACAATCGTCGGTCCAAT_026,56
AAAAGGATGATATTGGACGA_001,2
AAAAGGATGATATTGGACGA_002,133
AAAAGGATGATATTGGACGA_003,48
AAAAGGATGATATTGGACGA_004,169
AAAAGGATGATATTGGACGA_005,11
GCCACGTACCGGCGCTGACA_001,69
GCCACGTACCGGCGCTGACA_002,108
GCCACGTACCGGCGCTGACA_003,118
GCCACGTACCGGCGCTGACA_004,126
GCTGATCTGAGAGTTATCCA_001,88
GCTGATCTGAGAGTTATCCA_002,127
GCTGATCTGAGAGTTATCCA_003,58
GCTGATCTGAGAGTTATCCA_004,49
GCTGATCTGAGAGTTATCCA_005,117
GCTGATCTGAGAGTTATCCA_006,119
GCTGATCTGAGAGTTATCCA_007,44
GCTGATCTGAGAGTTATCCA_008,102
GGCTGTGGCTCCAACTCTGG_001,62
GGCTGTGGCTCCAACTCTGG_002,17
GGCTGTGGCTCCAACTCTGG_003,162
GGCTGTGGCTCCAACTCTGG_004,76
GGCTGTGGCTCCAACTCTGG_005,107
GGCTGTGGCTCCAACTCTGG_006,158
GGCTGTGGCTCCAACTCTGG_007,169
GGCTGTGGCTCCAACTCTGG_008,61
GGCTGTGGCTCCAACTCTGG_009,134
GGCTGTGGCTCCAACTCTGG_010,192
GGCTGTGGCTCCAACTCTGG_011,24
GGCTGTGGCTCCAACTCTGG_012,59
GGCTGTGGCTCCAACTCTGG_013,107
GGCTGTGGCTCCAACTCTGG_014,9
GGCTGTGGCTCCAACTCTGG_015,159
GGCTGTGGCTCCAACTCTGG_016,49
GGCTGTGGCTCCAACTCTGG_017,49
GGCTGTGGCTCCAACTCTGG_018,68
GGCTGTGGCTCCAACTCTGG_019,3
GGCTGTGGCTCCAACTCTGG_020,32
GGCTGTGGCTCCAACTCTGG_021,61
GGCTGTGGCTCCAACTCTGG_022,148
GGCTGTGGCTCCAACTCTGG_023,13
GGCTGTGGCTCCAACTCTGG_024,50
GGCTGTGGCTCCAACTCTGG_025,62
GGCTGTGGCTCCAACTCTGG_026,53
GGCTGTGGCTCCAACTCTGG_027,124
GGCTGTGGCTCCAACTCTGG_028,151
GGCTGTGGCTCCAACTCTGG_029,29
CGACCTACAGAAGGACTGAA_001,65
CGACCTACAGAAGGACTGAA_002,52
CGACCTACAGAAGGACTGAA_003,151
CGACCTACAGAAGGACTGAA_004,49
CGACCTACAGAAGGACTGAA_005,99
CGACCTACAGAAGGACTGAA_006,137
CGACCTACAGAAGGACTGAA_007,30
CGACCTACAGAAGGACTGAA_008,15
CGACCTACAGAAGGACTGAA_009,125
CGACCTACAGAAGGACTGAA_010,43
CGACCTACAGAAGGACTGAA_011,75
CGACCTACAGAAGGACTGAA_012,172
CGACCTACAGAAGGACTGAA_013,95
CGACCTACAGAAGGACTGAA_014,103
CGACCTACAGAAGGACTGAA_015,130
CGACCTACAGAAGGACTGAA_016,138
CGACCTACAGAAGGACTGAA_017,11
CGACCTACAGAAGGACTGAA_018,88
CGACCTACAGAAGGACTGAA_019,4
CGACCTACAGAAGGACTGAA_020,4
CGACCTACAGAAGGACTGAA_021,191
CGACCTACAGAAGGACTGAA_022,35
CGACCTACAGAAGGACTGAA_023,130
CGACCTACAGAAGGACTGAA_024,94
CTGCGGGAGTGGAGCCCTGG_001,163
CTGCGGGAGTGGAGCCCTGG_002,171
CTGCGGGAGTGGAGCCCTGG_003,56
CTGCGGGAGTGGAGCCCTGG_004,156
CTGCGGGAGTGGAGCCCTGG_005,27
AGAAAAAAGACTTAATGTTG_001,24
AGAAAAAAGACTTAATGTTG_002,103
AGAAAAAAGACTTAATGTTG_003,145
AGAAAAAAGACTTAATGTTG_004,98
AGAAAAAAGACTTAATGTTG_005,62
AGAAAAAAGACTTAATGTTG_006,57
CATCCTTAAATGGATCACCA_001,146
CATCCTTAAATGGATCACCA_002,13
CATCCTTAAATGGATCACCA_003,61
CATCCTTAAATGGATCACCA_004,56
CATCCTTAAATGGATCACCA_005,56
CATCCTTAAATGGATCACCA_006,105
CATCCTTAAATGGATCACCA_007,43
TGACCTGCCCGTGAAGAGGC_001,77
TGACCTGCCCGTGAAGAGGC_002,144
TGACCTGCCCGTGAAGAGGC_003,162
TGACCTGCCCGTGAAGAGGC_004,141
TGACCTGCCCGTGAAGAGGC_005,120
TGACCTGCCCGTGAAGAGGC_006,71
TGACCTGCCCGTGAAGAGGC_007,16
TGACCTGCCCGTGAAGAGGC_008,103
TGACCTGCCCGTGAAGAGGC_009,129
TGACCTGCCCGTGAAGAGGC_010,78
TGACCTGCCCGTGAAGAGGC_011,76
TGACCTGCCCGTGAAGAGGC_012,31
TGACCTGCCCGTGAAGAGGC_013,160
TGACCTGCCCGTGAAGAGGC_014,77
TGACCTGCCCGTGAAGAGGC_015,43
TGACCTGCCCGTGAAGAGGC_016,151
TGACCTGCCCGTGAAGAGGC_017,44
ACTGCCTGCTGAGAAACCGG_001,116
ACTGCCTGCTGAGAAACCGG_002,139
ACTGCCTGCTGAGAAACCGG_003,198
ACTGCCTGCTGAGAAACCGG_004,20
ACTGCCTGCTGAGAAACCGG_005,168
ACTGCCTGCTGAGAAACCGG_006,105
ACTGCCTGCTGAGAAACCGG_007,184
ACTGCCTGCTGAGAAACCGG_008,133
ACTGCCTGCTGAGAAACCGG_009,5
ACTGCCTGCTGAGAAACCGG_010,132
ACTGCCTGCTGAGAAACCGG_011,145
ACTGCCTGCTGAGAAACCGG_012,169
ACTGCCTGCTGAGAAACCGG_013,12
ACTGCCTGCTGAGAAACCGG_014,55
ACTGCCTGCTGAGAAACCGG_015,19
ACTGCCTGCTGAGAAACCGG_016,13
ACTGCCTGCTGAGAAACCGG_017,127
ACTGCCTGCTGAGAAACCGG_018,148
ACTGCCTGCTGAGAAACCGG_019,134
ACTGCCTGCTGAGAAACCGG_020,94
ACTGCCTGCTGAGAAACCGG_021,116
ACTGCCTGCTGAGAAACCGG_022,40
ACTGCCTGCTGAGAAACCGG_023,117
ACTGCCTGCTGAGAAACCGG_024,117
ACTGCCTGCTGAGAAACCGG_025,158
ACTGCCTGCTGAGAAACCGG_026,65
ACTGCCTGCTGAGAAACCGG_027,196
ACTGCCTGCTGAGAAACCGG_028,134
ACTGCCTGCTGAGAAACCGG_029,12
ACTGCCTGCTGAGAAACCGG_030,191
ACTGCCTGCTGAGAAACCGG_031,43
ACTGCCTGCTGAGAAACCGG_032,132
ACTGCCTGCTGAGAAACCGG_033,105
ACTGCCTGCTGAGAAACCGG_034,170
ACTGCCTGCTGAGAAACCGG_035,105
ACTGCCTGCTGAGAAACCGG_036,107
ACTGCCTGCTGAGAAACCGG_037,85
ACTGCCTGCTGAGAAACCGG_038,141
ACTGCCTGCTGAGAAACCGG_039,68
ACTGCCTGCTGAGAAACCGG_040,111
ACTGCCTGCTGAGAAACCGG_041,164
ACTGCCTGCTGAGAAACCGG_042,164
ACTGCCTGCTGAGAAACCGG_043,66
ACTGCCTGCTGAGAAACCGG_044,132
ACTGCCTGCTGAGAAACCGG_045,22
ACTGCCTGCTGAGAAACCGG_046,160
ACTGCCTGCTGAGAAACCGG_047,88
ACTGCCTGCTGAGAAACCGG_048,171
ACTGCCTGCTGAGAAACCGG_049,43
ACTGCCTGCTGAGAAACCGG_050,174
ACTGCCTGCTGAGAAACCGG_051,166
ACTGCCTGCTGAGAAACCGG_052,96
ACTGCCTGCTGAGAAACCGG_053,160
ACTGCCTGCTGAGAAACCGG_054,146
TCACGATTACCGCAGCCAAG_001,151
TCACGATTACCGCAGCCAAG_002,104
CGAGGCAGAAAGGAACATGG_001,28
CGAGGCAGAAAGGAACATGG_002,68
CGAGGCAGAAAGGAACATGG_003,175
CGAGGCAGAAAGGAACATGG_004,147
CGAGGCAGAAAGGAACATGG_005,83
CGAGGCAGAAAGGAACATGG_006,114
CGAGGCAGAAAGGAACATGG_007,9
CGAGGCAGAAAGGAACATGG_008,8
CGAGGCAGAAAGGAACATGG_009,75
CGAGGCAGAAAGGAACATGG_010,75
CGAGGCAGAAAGGAACATGG_011,26
CGAGGCAGAAAGGAACATGG_012,147
CGAGGCAGAAAGGAACATGG_013,30
CGAGGCAGAAAGGAACATGG_014,29
CGAGGCAGAAAGGAACATGG_015,1
CGAGGCAGAAAGGAACATGG_016,46
CGAGGCAGAAAGGAACATGG_017,183
CGAGGCAGAAAGGAACATGG_018,11
CGAGGCAGAAAGGAACATGG_019,175
CGAGGCAGAAAGGAACATGG_020,125
CTGCAGAGGTTTGGCTACGG_001,197
CTGCAGAGGTTTGGCTACGG_002,80
CTGCAGAGGTTTGGCTACGG_003,31
CTGCAGAGGTTTGGCTACGG_004,137
CTGCAGAGGTTTGGCTACGG_005,11
CTGCAGAGGTTTGGCTACGG_006,19
CTGCAGAGGTTTGGCTACGG_007,88
CTGCAGAGGTTTGGCTACGG_008,111
CTGCAGAGGTTTGGCTACGG_009,27
CTGCAGAGGTTTGGCTACGG_010,144
CTGCAGAGGTTTGGCTACGG_011,166
TCCGGCTTGACGAAAACCGG_001,106
TCCGGCTTGACGAAAACCGG_002,137
TCCGGCTTGACGAAAACCGG_003,144
TCCGGCTTGACGAAAACCGG_004,70
TCCGGCTTGACGAAAACCGG_005,2
TCCGGCTTGACGAAAACCGG_006,70
TCCGGCTTGACGAAAACCGG_007,160
TCCGGCTTGACGAAAACCGG_008,149
TCCGGCTTGACGAAAACCGG_009,143
TCCGGCTTGACGAAAACCGG_010,194
TCCGGCTTGACGAAAACCGG_011,163
ATGAAGAGGTGCTCACTCAA_001,48
ATGAAGAGGTGCTCACTCAA_002,77
ATGAAGAGGTGCTCACTCAA_003,80
ATGAAGAGGTGCTCACTCAA_004,99
ATGAAGAGGTGCTCACTCAA_005,169
ATGAAGAGGTGCTCACTCAA_006,170
ATGAAGAGGTGCTCACTCAA_007,133
ATGAAGAGGTGCTCACTCAA_008,43
ATGAAGAGGTGCTCACTCAA_009,9
ATGAAGAGGTGCTCACTCAA_010,150
ATGAAGAGGTGCTCACTCAA_011,5
ATGAAGAGGTGCTCACTCAA_012,150
ATGAAGAGGTGCTCACTCAA_013,160
ATGAAGAGGTGCTCACTCAA_014,168
ATGAAGAGGTGCTCACTCAA_015,62
ATGAAGAGGTGCTCACTCAA_016,70
ATGAAGAGGTGCTCACTCAA_017,85
ATGAAGAGGTGCTCACTCAA_018,199
ATGAAGAGGTGCTCACTCAA_019,170
ATGAAGAGGTGCTCACTCAA_020,158
ATGAAGAGGTGCTCACTCAA_021,169
ATGAAGAGGTGCTCACTCAA_022,146
ATGAAGAGGTGCTCACTCAA_023,15
ATGAAGAGGTGCTCACTCAA_024,27
ATGAAGAGGTGCTCACTCAA_025,8
ATGAAGAGGTGCTCACTCAA_026,129
ATGAAGAGGTGCTCACTCAA_027,83
ATGAAGAGGTGCTCACTCAA_028,175
ATGAAGAGGTGCTCACTCAA_029,34
ATGAAGAGGTGCTCACTCAA_030,151
ATGAAGAGGTGCTCACTCAA_031,146
ATGAAGAGGTGCTCACTCAA_032,132
ATGAAGAGGTGCTCACTCAA_033,187
ATGAAGAGGTGCTCACTCAA_034,188
ATGAAGAGGTGCTCACTCAA_035,115
ATGAAGAGGTGCTCACTCAA_036,102
ATGAAGAGGTGCTCACTCAA_037,68
ATGAAGAGGTGCTCACTCAA_038,169
ATGAAGAGGTGCTCACTCAA_039,123
ATGAAGAGGTGCTCACTCAA_040,160
ATGAAGAGGTGCTCACTCAA_041,65
ATGAAGAGGTGCTCACTCAA_042,191
ATGAAGAGGTGCTCACTCAA_043,21
GCTCCCCAAGAAGATCAGTG_001,157
GCTCCCCAAGAAGATCAGTG_002,34
GCTCCCCAAGAAGATCAGTG_003,172
GCTCCCCAAGAAGATCAGTG_004,145
GCTCCCCAAGAAGATCAGTG_005,81
GCTCCCCAAGAAGATCAGTG_006,142
GCTCCCCAAGAAGATCAGTG_007,146
GCTCCCCAAGAAGATCAGTG_008,122
GCTCCCCAAGAAGATCAGTG_009,100
CAGACTTACACAAAAGCCCC_001,40
GGACGACGACAAGCCCACTG_001,198
GGACGACGACAAGCCCACTG_002,145
GGACGACGACAAGCCCACTG_003,119
GGACGACGACAAGCCCACTG_004,65
GGACGACGACAAGCCCACTG_005,40
GGACGACGACAAGCCCACTG_006,126
GGACGACGACAAGCCCACTG_007,113
TCTGACCGTAGTGAGAACCC_001,147
CTGAAGCCAGATAATCGTGG_001,50
CTGAAGCCAGATAATCGTGG_002,62
CTGAAGCCAGATAATCGTGG_003,167
CTGAAGCCAGATAATCGTGG_004,41
CTGAAGCCAGATAATCGTGG_005,187
CTGAAGCCAGATAATCGTGG_006,185
CTGAAGCCAGATAATCGTGG_007,15
AGAGCCAAAGACGTTCACCG_001,106
AGAGCCAAAGACGTTCACCG_002,70
AGAGCCAAAGACGTTCACCG_003,7
AGAGCCAAAGACGTTCACCG_004,128
AGAGCCAAAGACGTTCACCG_005,19
AGAGCCAAAGACGTTCACCG_006,82
AGAGCCAAAGACGTTCACCG_007,55
AGAGCCAAAGACGTTCACCG_008,22
AGAGCCAAAGACGTTCACCG_009,187
AGAGCCAAAGACGTTCACCG_010,150
AGAGCCAAAGACGTTCACCG_011,68
AGAGCCAAAGACGTTCACCG_012,0
AGAGCCAAAGACGTTCACCG_013,195
AGAGCCAAAGACGTTCACCG_014,195
AGAGCCAAAGACGTTCACCG_015,56
AGAGCCAAAGACGTTCACCG_016,0
AGAGCCAAAGACGTTCACCG_017,188
AGAGCCAAAGACGTTCACCG_018,126
AGAGCCAAAGACGTTCACCG_019,63
AGAGCCAAAGACGTTCACCG_020,68
AGAGCCAAAGACGTTCACCG_021,41
AGAGCCAAAGACGTTCACCG_022,20
GGGACGCCTCACCGTACACA_001,129
GGGACGCCTCACCGTACACA_002,115
GGGACGCCTCACCGTACACA_003,158
GGGACGCCTCACCGTACACA_004,138
GGGACGCCTCACCGTACACA_005,94
GGGACGCCTCACCGTACACA_006,42
GGGACGCCTCACCGTACACA_007,199
GGGACGCCTCACCGTACACA_008,169
GGGACGCCTCACCGTACACA_009,13
GGGACGCCTCACCGTACACA_010,5
GGGACGCCTCACCGTACACA_011,5
GGGACGCCTCACCGTACACA_012,163
GGGACGCCTCACCGTACACA_013,149
GGGACGCCTCACCGTACACA_014,50
GGGACGCCTCACCGTACACA_015,50
GGGACGCCTCACCGTACACA_016,66
GGGACGCCTCACCGTACACA_017,63
GGGACGCCTCACCGTACACA_018,192
TGTCCAAAACGTGACCACTG_001,8
TGTCCAAAACGTGACCACTG_002,6
TGTCCAAAACGTGACCACTG_003,111
TGTCCAAAACGTGACCACTG_004,94
TGTCCAAAACGTGACCACTG_005,8
TGTCCAAAACGTGACCACTG_006,42
TGTCCAAAACGTGACCACTG_007,49
TGTCCAAAACGTGACCACTG_008,52
TGTCCAAAACGTGACCACTG_009,69
GACAGGTCTTGCAGTAACCG_001,49
GACAGGTCTTGCAGTAACCG_002,142
GACAGGTCTTGCAGTAACCG_003,70
GACAGGTCTTGCAGTAACCG_004,37
AAGCTACTGTCTCCAACAAG_001,161
AAGCTACTGTCTCCAACAAG_002,171
CTACGGCGGTTACCACGTGG_001,107
CTACGGCGGTTACCACGTGG_002,154
CTACGGCGGTTACCACGTGG_003,53
CTACGGCGGTTACCACGTGG_004,21
CTACGGCGGTTACCACGTGG_005,43
CTACGGCGGTTACCACGTGG_006,147
GATCTTGGGCACCGTGCTGT_001,18
GATCTTGGGCACCGTGCTGT_002,145
GATCTTGGGCACCGTGCTGT_003,77
GATCTTGGGCACCGTGCTGT_004,43
GATCTTGGGCACCGTGCTGT_005,120
GATCTTGGGCACCGTGCTGT_006,29
GATCTTGGGCACCGTGCTGT_007,106
GATCTTGGGCACCGTGCTGT_008,130
GATCTTGGGCACCGTGCTGT_009,172
GATCTTGGGCACCGTGCTGT_010,32
GATCTTGGGCACCGTGCTGT_011,176
GATCTTGGGCACCGTGCTGT_012,57
GATCTTGGGCACCGTGCTGT_013,191
GATCTTGGGCACCGTGCTGT_014,191
GATCTTGGGCACCGTGCTGT_015,155
GATCTTGGGCACCGTGCTGT_016,68
GATCTTGGGCACCGTGCTGT_017,6
GATCTTGGGCACCGTGCTGT_018,173
GATCTTGGGCACCGTGCTGT_019,198
GTTAGTGCTGACTCCGGTAA_001,147
GTTAGTGCTGACTCCGGTAA_002,94
GTTAGTGCTGACTCCGGTAA_003,62
GTTAGTGCTGACTCCGGTAA_004,26
GTTAGTGCTGACTCCGGTAA_005,26
GTTAGTGCTGACTCCGGTAA_006,129
GTTAGTGCTGACTCCGGTAA_007,199
GTTAGTGCTGACTCCGGTAA_008,56
GTTAGTGCTGACTCCGGTAA_009,61
GTTAGTGCTGACTCCGGTAA_010,176
GTGGGAAAGTCACCATCAAG_001,188
GTGGGAAAGTCACCATCAAG_002,162
GTGGGAAAGTCACCATCAAG_003,172
GTGGGAAAGTCACCATCAAG_004,12
GTGGGAAAGTCACCATCAAG_005,185
GTGGGAAAGTCACCATCAAG_006,88
GTGGGAAAGTCACCATCAAG_007,110
GTGGGAAAGTCACCATCAAG_008,168
GTGGGAAAGTCACCATCAAG_009,28
GTGGGAAAGTCACCATCAAG_010,28
GTGGGAAAGTCACCATCAAG_011,36
GTGGGAAAGTCACCATCAAG_012,35
GTGGGAAAGTCACCATCAAG_013,163
GTGGGAAAGTCACCATCAAG_014,61
GTGGGAAAGTCACCATCAAG_015,111
ACAGGCCATACACCAAACAA_001,150
ACAGGCCATACACCAAACAA_002,154
ACAGGCCATACACCAAACAA_003,50
ACAGGCCATACACCAAACAA_004,54
ACAGGCCATACACCAAACAA_005,1
ACAGGCCATACACCAAACAA_006,93
ACAGGCCATACACCAAACAA_007,9
ACAGGCCATACACCAAACAA_008,169
ACAGGCCATACACCAAACAA_009,178
ACAGGCCATACACCAAACAA_010,41
ACAGGCCATACACCAAACAA_011,176
ACAGGCCATACACCAAACAA_012,97
ACAGGCCATACACCAAACAA_013,131
ACAGGCCATACACCAAACAA_014,10
ACAGGCCATACACCAAACAA_015,134
ACAGGCCATACACCAAACAA_016,126
GGAATAGTTATAATAGACCA_001,192
GGAATAGTTATAATAGACCA_002,110
GGAATAGTTATAATAGACCA_003,118
ACTCCGACATGTTCTTGCGG_001,151
GCTACCAGAAAGGTTTCCCG_001,43
GCTACCAGAAAGGTTTCCCG_002,15
GCTACCAGAAAGGTTTCCCG_003,157
GCTACCAGAAAGGTTTCCCG_004,84
GCTACCAGAAAGGTTTCCCG_005,183
GCTACCAGAAAGGTTTCCCG_006,5
GTGAAACACGTGAAAATCCT_001,117
GTGAAACACGTGAAAATCCT_002,15
GTGAAACACGTGAAAATCCT_003,169
GTGAAACACGTGAAAATCCT_004,172
GTGAAACACGTGAAAATCCT_005,8
TCAATACAGGCTTGCAGCAA_001,158
TCAATACAGGCTTGCAGCAA_002,6
TCAATACAGGCTTGCAGCAA_003,78
CATGTTGATCACGCCATCTG_001,119
CATGTTGATCACGCCATCTG_002,88
CATGTTGATCACGCCATCTG_003,171
CATGTTGATCACGCCATCTG_004,126
CATGTTGATCACGCCATCTG_005,61
CATGTTGATCACGCCATCTG_006,130
CATGTTGATCACGCCATCTG_007,176
CATGTTGATCACGCCATCTG_008,99
CATGTTGATCACGCCATCTG_009,111
CATGTTGATCACGCCATCTG_010,2
CCCAGTTCTAGAGCGCATCC_001,72
CCCAGTTCTAGAGCGCATCC_002,118
CCCAGTTCTAGAGCGCATCC_003,26
CCCAGTTCTAGAGCGCATCC_004,88
CCCAGTTCTAGAGCGCATCC_005,40
CCCAGTTCTAGAGCGCATCC_006,197
CCCAGTTCTAGAGCGCATCC_007,158
CCCAGTTCTAGAGCGCATCC_008,63
CCCAGTTCTAGAGCGCATCC_009,174
CCCAGTTCTAGAGCGCATCC_010,57
ACAACCCCTCAATCTGAGAT_001,184
ACAACCCCTCAATCTGAGAT_002,171
ACAACCCCTCAATCTGAGAT_003,148
ACAACCCCTCAATCTGAGAT_004,137
ACAACCCCTCAATCTGAGAT_005,127
ACAACCCCTCAATCTGAGAT_006,65
ACAACCCCTCAATCTGAGAT_007,62
ACAACCCCTCAATCTGAGAT_008,89
ACAACCCCTCAATCTGAGAT_009,91
ACCTTGGTCCGGACCCGCCA_001,75
ACCTTGGTCCGGACCCGCCA_002,123
ACCTTGGTCCGGACCCGCCA_003,172
ACCTTGGTCCGGACCCGCCA_004,6
ACCTTGGTCCGGACCCGCCA_005,6
ACCTTGGTCCGGACCCGCCA_006,77
ACCTTGGTCCGGACCCGCCA_007,128
ACCTTGGTCCGGACCCGCCA_008,102
ACCTTGGTCCGGACCCGCCA_009,81
ACCTTGGTCCGGACCCGCCA_010,82
CCCCGTAGTAGTCGTACTCG_001,199
CCCCGTAGTAGTCGTACTCG_002,58
CCCCGTAGTAGTCGTACTCG_003,6
CCCCGTAGTAGTCGTACTCG_004,151
CCCCGTAGTAGTCGTACTCG_005,102
CCCCGTAGTAGTCGTACTCG_006,192
GCTTGCCTTTCTGAGTGAGG_001,84
GCTTGCCTTTCTGAGTGAGG_002,62
GCTTGCCTTTCTGAGTGAGG_003,60
GCTTGCCTTTCTGAGTGAGG_004,169
GCTTGCCTTTCTGAGTGAGG_005,79
GCTTGCCTTTCTGAGTGAGG_006,98
GCTTGCCTTTCTGAGTGAGG_007,103
GCTTGCCTTTCTGAGTGAGG_008,19
GCTTGCCTTTCTGAGTGAGG_009,12
GCTTGCCTTTCTGAGTGAGG_010,124
TAGATACAGGAGACTCCCAA_001,97
TAGATACAGGAGACTCCCAA_002,0
TAGATACAGGAGACTCCCAA_003,32
TAGATACAGGAGACTCCCAA_004,132
TAGATACAGGAGACTCCCAA_005,161
TAGATACAGGAGACTCCCAA_006,147
GATTCTCTCAGTATAGGGAA_001,88
GATTCTCTCAGTATAGGGAA_002,180
AATGTTCGGGTAGATAAACT_001,125
AATGTTCGGGTAGATAAACT_002,15
AATGTTCGGGTAGATAAACT_003,49
GCAGGTGACACCGATCAGCC_001,125
GCAGGTGACACCGATCAGCC_002,154
GCAGGTGACACCGATCAGCC_003,49
GCAGGTGACACCGATCAGCC_004,128
GCAGGTGACACCGATCAGCC_005,105
AGGGAACCTGCGGATCCCAG_001,168
AGGGAACCTGCGGATCCCAG_002,50
AGGGAACCTGCGGATCCCAG_003,127
AGGGAACCTGCGGATCCCAG_004,197
AGGGAACCTGCGGATCCCAG_005,177
AGGGAACCTGCGGATCCCAG_006,9
AGGGAACCTGCGGATCCCAG_007,125
AGGGAACCTGCGGATCCCAG_008,177
AGGGAACCTGCGGATCCCAG_009,39
AGGGAACCTGCGGATCCCAG_010,104
AGGGAACCTGCGGATCCCAG_011,123
GACGATGTGCATGAGCAATG_001,70
GACGATGTGCATGAGCAATG_002,129
GACGATGTGCATGAGCAATG_003,170
GACGATGTGCATGAGCAATG_004,61
GACGATGTGCATGAGCAATG_005,184
GACGATGTGCATGAGCAATG_006,73
GACGATGTGCATGAGCAATG_007,76
GACGATGTGCATGAGCAATG_008,140
GACGATGTGCATGAGCAATG_009,41
GACGATGTGCATGAGCAATG_010,144
GACGATGTGCATGAGCAATG_011,151
TGCGGGTCACCATGTAAGTG_001,16
TGCGGGTCACCATGTAAGTG_002,152
TGCGGGTCACCATGTAAGTG_003,94
TGCGGGTCACCATGTAAGTG_004,21
TGCGGGTCACCATGTAAGTG_005,42
GTCCTGCAGTGCGAAAAACT_001,189
GGAACTGACTCCCCACGTGA_001,105
GGAACTGACTCCCCACGTGA_002,67
GGAACTGACTCCCCACGTGA_003,48
GGAACTGACTCCCCACGTGA_004,138
GGAACTGACTCCCCACGTGA_005,19
GGAACTGACTCCCCACGTGA_006,34
GGAACTGACTCCCCACGTGA_007,84
GGAACTGACTCCCCACGTGA_008,117
GGAACTGACTCCCCACGTGA_009,127
GGAACTGACTCCCCACGTGA_010,50
GGAACTGACTCCCCACGTGA_011,175
GGAACTGACTCCCCACGTGA_012,52
GGAACTGACTCCCCACGTGA_013,123
GGAACTGACTCCCCACGTGA_014,168
GGAACTGACTCCCCACGTGA_015,29
GTCCACAAAAAAGACAACTG_001,168
GTCCACAAAAAAGACAACTG_002,169
GTCCACAAAAAAGACAACTG_003,188
GTCCACAAAAAAGACAACTG_004,65
GTCCACAAAAAAGACAACTG_005,173
GTCCACAAAAAAGACAACTG_006,173
GTCCACAAAAAAGACAACTG_007,118
GTCCACAAAAAAGACAACTG_008,27
GTCCACAAAAAAGACAACTG_009,48
GTCCACAAAAAAGACAACTG_010,82
GTCCACAAAAAAGACAACTG_011,7
GTCCACAAAAAAGACAACTG_012,190
GTCCACAAAAAAGACAACTG_013,70
GTCCACAAAAAAGACAACTG_014,70
GTCCACAAAAAAGACAACTG_015,137
GTCCACAAAAAAGACAACTG_016,155
GTCCACAAAAAAGACAACTG_017,198
GTCCACAAAAAAGACAACTG_018,57
GTCCACAAAAAAGACAACTG_019,6
GTCCACAAAAAAGACAACTG_020,191
GTCCACAAAAAAGACAACTG_021,23
GTCCACAAAAAAGACAACTG_022,102
GTCCACAAAAAAGACAACTG_023,78
GTCCACAAAAAAGACAACTG_024,185
GTCCACAAAAAAGACAACTG_025,139
GTCCACAAAAAAGACAACTG_026,145
GTCCACAAAAAAGACAACTG_027,47
GTCCACAAAAAAGACAACTG_028,68
GTCCACAAAAAAGACAACTG_029,35
GTCCACAAAAAAGACAACTG_030,103
GTCCACAAAAAAGACAACTG_031,173
GTCCACAAAAAAGACAACTG_032,173
GTCCACAAAAAAGACAACTG_033,49
GTCCACAAAAAAGACAACTG_034,168
GTCCACAAAAAAGACAACTG_035,5
GTCCACAAAAAAGACAACTG_036,15
GTCCACAAAAAAGACAACTG_037,30
TGAAATTGCGACAGGAGCGT_001,152
TGAAATTGCGACAGGAGCGT_002,137
TGAAATTGCGACAGGAGCGT_003,17
TGAAATTGCGACAGGAGCGT_004,142
TGAAATTGCGACAGGAGCGT_005,16
TGAAATTGCGACAGGAGCGT_006,146
TGAAATTGCGACAGGAGCGT_007,9
TGAAATTGCGACAGGAGCGT_008,58
TGAAATTGCGACAGGAGCGT_009,76
TGAAATTGCGACAGGAGCGT_010,27
TGAAATTGCGACAGGAGCGT_011,83
TGAAATTGCGACAGGAGCGT_012,19
TGAAATTGCGACAGGAGCGT_013,8
TGAAATTGCGACAGGAGCGT_014,150
TGAAATTGCGACAGGAGCGT_015,73
GGCAACGCGCTCACCCACCT_001,128
GGCAACGCGCTCACCCACCT_002,13
GGCAACGCGCTCACCCACCT_003,77
GGCAACGCGCTCACCCACCT_004,33
GGCAACGCGCTCACCCACCT_005,33
GGCAACGCGCTCACCCACCT_006,35
ACATCGAGCGGGAGGCCCAC_001,102
ACATCGAGCGGGAGGCCCAC_002,185
ACATCGAGCGGGAGGCCCAC_003,12
ACATCGAGCGGGAGGCCCAC_004,33
ACATCGAGCGGGAGGCCCAC_005,151
ACATCGAGCGGGAGGCCCAC_006,144
ACATCGAGCGGGAGGCCCAC_007,160
ACATCGAGCGGGAGGCCCAC_008,94
ACATCGAGCGGGAGGCCCAC_009,52
ACATCGAGCGGGAGGCCCAC_010,184
ACATCGAGCGGGAGGCCCAC_011,21
ACATCGAGCGGGAGGCCCAC_012,172
ACATCGAGCGGGAGGCCCAC_013,145
ACATCGAGCGGGAGGCCCAC_014,147
ACATCGAGCGGGAGGCCCAC_015,61
ACATCGAGCGGGAGGCCCAC_016,65
ACATCGAGCGGGAGGCCCAC_017,175
ACATCGAGCGGGAGGCCCAC_018,142
AAAGAACCACTGTCTGAGCA_001,48
AAAGAACCACTGTCTGAGCA_002,44
AAAGAACCACTGTCTGAGCA_003,49
AAAGAACCACTGTCTGAGCA_004,133
AAAGAACCACTGTCTGAGCA_005,1
AAAGAACCACTGTCTGAGCA_006,19
AAAGAACCACTGTCTGAGCA_007,102
AAAGAACCACTGTCTGAGCA_008,31
AAAGAACCACTGTCTGAGCA_009,174
AAAGAACCACTGTCTGAGCA_010,49
AAAGAACCACTGTCTGAGCA_011,170
AAAGAACCACTGTCTGAGCA_012,177
AAAGAACCACTGTCTGAGCA_013,116
AGATGGCACTATCACCACCA_001,107
AGATGGCACTATCACCACCA_002,28
CGATGGCCTTGTAGTTACAC_001,31
CGATGGCCTTGTAGTTACAC_002,137
CGATGGCCTTGTAGTTACAC_003,120
CGATGGCCTTGTAGTTACAC_004,115
CGATGGCCTTGTAGTTACAC_005,70
CGATGGCCTTGTAGTTACAC_006,119
CGATGGCCTTGTAGTTACAC_007,156
CGATGGCCTTGTAGTTACAC_008,10
CGATGGCCTTGTAGTTACAC_009,175
CGATGGCCTTGTAGTTACAC_010,38
TACTGCACTGGCGACGCTAG_001,196
TACTGCACTGGCGACGCTAG_002,155
TACTGCACTGGCGACGCTAG_003,43
TGGGCATCTCTGTGCCAAAC_001,33
TGGGCATCTCTGTGCCAAAC_002,124
TGGGCATCTCTGTGCCAAAC_003,15
TGGGCATCTCTGTGCCAAAC_004,63
TGGGCATCTCTGTGCCAAAC_005,142
TGGGCATCTCTGTGCCAAAC_006,2
TGGGCATCTCTGTGCCAAAC_007,19
ACTGCACCTTTGGATCCTCG_001,181
ACTGCACCTTTGGATCCTCG_002,58
ACTGCACCTTTGGATCCTCG_003,0
ACTGCACCTTTGGATCCTCG_004,10
ACTGCACCTTTGGATCCTCG_005,44
ACTGCACCTTTGGATCCTCG_006,50
ACTGCACCTTTGGATCCTCG_007,17
ACTGCACCTTTGGATCCTCG_008,199
ACTGCACCTTTGGATCCTCG_009,141
ACTGCACCTTTGGATCCTCG_010,116
ACTGCACCTTTGGATCCTCG_011,106
ACTGCACCTTTGGATCCTCG_012,43
ACTGCACCTTTGGATCCTCG_013,33
TGGCTGACCCAAACTTAACC_001,189
TGGCTGACCCAAACTTAACC_002,186
TGGCTGACCCAAACTTAACC_003,168
TGGCTGACCCAAACTTAACC_004,150
TGGCTGACCCAAACTTAACC_005,77
TGGCTGACCCAAACTTAACC_006,177
TGGCTGACCCAAACTTAACC_007,72
TGGCTGACCCAAACTTAACC_008,62
TGGCTGACCCAAACTTAACC_009,117
TGGCTGACCCAAACTTAACC_010,16
TGGCTGACCCAAACTTAACC_011,50
TGGCTGACCCAAACTTAACC_012,160
TGGCTGACCCAAACTTAACC_013,188
TGGCTGACCCAAACTTAACC_014,198
TGGCTGACCCAAACTTAACC_015,191
TGGCTGACCCAAACTTAACC_016,150
TGGCTGACCCAAACTTAACC_017,49
GGCCAAGACATGCAGCACCA_001,138
GGCCAAGACATGCAGCACCA_002,175
GGCCAAGACATGCAGCACCA_003,48
GGCCAAGACATGCAGCACCA_004,94
GGCCAAGACATGCAGCACCA_005,54
GGCCAAGACATGCAGCACCA_006,105
GGCCAAGACATGCAGCACCA_007,32
GGCCAAGACATGCAGCACCA_008,11
GGCCAAGACATGCAGCACCA_009,50
GGCCAAGACATGCAGCACCA_010,99
GGCCAAGACATGCAGCACCA_011,63
TTCACCCTGAACCTCACGTG_001,2
TTCACCCTGAACCTCACGTG_002,19
TTCACCCTGAACCTCACGTG_003,54
TTCACCCTGAACCTCACGTG_004,152
TTCACCCTGAACCTCACGTG_005,8
TTCACCCTGAACCTCACGTG_006,122
TTCACCCTGAACCTCACGTG_007,176
TTCACCCTGAACCTCACGTG_008,68
TTCACCCTGAACCTCACGTG_009,34
TTCACCCTGAACCTCACGTG_010,51
TTCACCCTGAACCTCACGTG_011,60
TTCACCCTGAACCTCACGTG_012,48
TTCACCCTGAACCTCACGTG_013,145
TTCACCCTGAACCTCACGTG_014,151
TTCACCCTGAACCTCACGTG_015,102
TTCACCCTGAACCTCACGTG_016,12
TTCACCCTGAACCTCACGTG_017,198
TTCACCCTGAACCTCACGTG_018,24
TTCACCCTGAACCTCACGTG_019,191
TTCACCCTGAACCTCACGTG_020,54
TTCACCCTGAACCTCACGTG_021,104
TTCACCCTGAACCTCACGTG_022,9
TTCACCCTGAACCTCACGTG_023,79
TTCACCCTGAACCTCACGTG_024,43
TTCACCCTGAACCTCACGTG_025,29
TTCACCCTGAACCTCACGTG_026,172
TTCACCCTGAACCTCACGTG_027,93
TTCACCCTGAACCTCACGTG_028,52
TTCACCCTGAACCTCACGTG_029,68
TTCACCCTGAACCTCACGTG_030,128
TTCACCCTGAACCTCACGTG_031,125
TTCACCCTGAACCTCACGTG_032,0
GGGAAATTGCCTCACATGTG_001,46
GGGAAATTGCCTCACATGTG_002,141
GGGAAATTGCCTCACATGTG_003,124
GGGAAATTGCCTCACATGTG_004,77
GGGAAATTGCCTCACATGTG_005,19
TGTGCTCCGCCTCTTGACGG_001,17
TGTGCTCCGCCTCTTGACGG_002,190
TGTGCTCCGCCTCTTGACGG_003,16
TGTGCTCCGCCTCTTGACGG_004,154
TGTGCTCCGCCTCTTGACGG_005,30
TGTGCTCCGCCTCTTGACGG_006,56
TGTGCTCCGCCTCTTGACGG_007,72
TGTGCTCCGCCTCTTGACGG_008,155
TGTGCTCCGCCTCTTGACGG_009,177
TGTGCTCCGCCTCTTGACGG_010,166
TGTGCTCCGCCTCTTGACGG_011,184
GGTATTGTTGAGGCCCAGCA_001,1
GGTATTGTTGAGGCCCAGCA_002,76
GGTATTGTTGAGGCCCAGCA_003,160
GGTATTGTTGAGGCCCAGCA_004,123
GGTATTGTTGAGGCCCAGCA_005,182
GGTATTGTTGAGGCCCAGCA_006,11
GGTATTGTTGAGGCCCAGCA_007,198
GGTATTGTTGAGGCCCAGCA_008,69
GCGCCGCTTGAGGTTCTGTG_001,140
GCGCCGCTTGAGGTTCTGTG_002,3
GCGCCGCTTGAGGTTCTGTG_003,127
GCGCCGCTTGAGGTTCTGTG_004,191
GCGCCGCTTGAGGTTCTGTG_005,148
GCGCCGCTTGAGGTTCTGTG_006,38
GCGCCGCTTGAGGTTCTGTG_007,8
GCGCCGCTTGAGGTTCTGTG_008,36
GCGCCGCTTGAGGTTCTGTG_009,115
GCGCCGCTTGAGGTTCTGTG_010,50
GCGCCGCTTGAGGTTCTGTG_011,92
GCGCCGCTTGAGGTTCTGTG_012,97
GCGCCGCTTGAGGTTCTGTG_013,115
GCGCCGCTTGAGGTTCTGTG_014,182
GCGCCGCTTGAGGTTCTGTG_015,15
GCGCCGCTTGAGGTTCTGTG_016,179
GCGCCGCTTGAGGTTCTGTG_017,28
CATGATGACCATGGTCGATG_001,134
GGAAGCGGTTTGGAGGCCAG_001,154
GGAAGCGGTTTGGAGGCCAG_002,98
GGAAGCGGTTTGGAGGCCAG_003,144
GGAAGCGGTTTGGAGGCCAG_004,106
GGAAGCGGTTTGGAGGCCAG_005,80
GGAAGCGGTTTGGAGGCCAG_006,29
GGAAGCGGTTTGGAGGCCAG_007,58
GGAAGCGGTTTGGAGGCCAG_008,199
GGAAGCGGTTTGGAGGCCAG_009,29
GGAAGCGGTTTGGAGGCCAG_010,118
CTTCCCGAGCGGGTTCACGG_001,31
CTTCCCGAGCGGGTTCACGG_002,156
CTTCCCGAGCGGGTTCACGG_003,156
CTTCCCGAGCGGGTTCACGG_004,88
CTTCCCGAGCGGGTTCACGG_005,184
CTTCCCGAGCGGGTTCACGG_006,13
CTTCCCGAGCGGGTTCACGG_007,127
CTTCCCGAGCGGGTTCACGG_008,15
CTTCCCGAGCGGGTTCACGG_009,12
CTTCCCGAGCGGGTTCACGG_010,106
CCCATCCTTAGCAACCACAC_001,130
CCCATCCTTAGCAACCACAC_002,127
CCCATCCTTAGCAACCACAC_003,126
CCCATCCTTAGCAACCACAC_004,43
CCCATCCTTAGCAACCACAC_005,48
CCCATCCTTAGCAACCACAC_006,172
CCCATCCTTAGCAACCACAC_007,114
CCCATCCTTAGCAACCACAC_008,117
CCCATCCTTAGCAACCACAC_009,81
CCCATCCTTAGCAACCACAC_010,174
CCCATCCTTAGCAACCACAC_011,174
CCCATCCTTAGCAACCACAC_012,63
CCCATCCTTAGCAACCACAC_013,48
CCCATCCTTAGCAACCACAC_014,88
CCCATCCTTAGCAACCACAC_015,105
CCCATCCTTAGCAACCACAC_016,169
CCCATCCTTAGCAACCACAC_017,127
CCCTACCCGTGTTCGCACTG_001,28
CCCTACCCGTGTTCGCACTG_002,9
CCCTACCCGTGTTCGCACTG_003,23
CCCTACCCGTGTTCGCACTG_004,75
CCCTACCCGTGTTCGCACTG_005,68
CCCTACCCGTGTTCGCACTG_006,9
CCCTACCCGTGTTCGCACTG_007,65
CCCTACCCGTGTTCGCACTG_008,177
GCTGCCGCCAGACTACTCGG_001,26
GCTGCCGCCAGACTACTCGG_002,83
GCTGCCGCCAGACTACTCGG_003,88
GCTGCCGCCAGACTACTCGG_004,117
GCTGCCGCCAGACTACTCGG_005,187
GCTGCCGCCAGACTACTCGG_006,70
GCTGCCGCCAGACTACTCGG_007,47
GCTGCCGCCAGACTACTCGG_008,108
GCTGCCGCCAGACTACTCGG_009,126
GCTGCCGCCAGACTACTCGG_010,152
GCTGCCGCCAGACTACTCGG_011,35
GCTGCCGCCAGACTACTCGG_012,111
GCTGCCGCCAGACTACTCGG_013,26
GCTGCCGCCAGACTACTCGG_014,112
TCCGTATAGACGGCGCCCTG_001,115
TCCGTATAGACGGCGCCCTG_002,2
TCCGTATAGACGGCGCCCTG_003,176
TCCGTATAGACGGCGCCCTG_004,79
TCCGTATAGACGGCGCCCTG_005,184
TCCGTATAGACGGCGCCCTG_006,134
TCCGTATAGACGGCGCCCTG_007,175
TCTCGCCCAACCTTGATACG_001,158
TCTCGCCCAACCTTGATACG_002,89
AGAAAGCGCTTCCGGATGCG_001,136
GTCCAGCCTGAATTCCACTG_001,12
GTCCAGCCTGAATTCCACTG_002,62
GTCCAGCCTGAATTCCACTG_003,161
GTCCAGCCTGAATTCCACTG_004,134
CAGACCCCCGGCTATCCCGG_001,41
CAGACCCCCGGCTATCCCGG_002,98
CAGACCCCCGGCTATCCCGG_003,156
CAGACCCCCGGCTATCCCGG_004,9
GTGACCGACTCCTGGCATGC_001,132
GTGACCGACTCCTGGCATGC_002,101
GTGACCGACTCCTGGCATGC_003,158
GTGACCGACTCCTGGCATGC_004,119
GTGACCGACTCCTGGCATGC_005,137
GTGACCGACTCCTGGCATGC_006,94
GTGACCGACTCCTGGCATGC_007,40
GTGACCGACTCCTGGCATGC_008,58
GTGACCGACTCCTGGCATGC_009,174
GTGACCGACTCCTGGCATGC_010,106
GTGACCGACTCCTGGCATGC_011,138
GTGACCGACTCCTGGCATGC_012,38
GTGACCGACTCCTGGCATGC_013,33
GTGACCGACTCCTGGCATGC_014,73
GTGACCGACTCCTGGCATGC_015,159
GTGACCGACTCCTGGCATGC_016,22
GTGACCGACTCCTGGCATGC_017,4
TTTCACAATTAGACAACTCT_001,62
TTTCACAATTAGACAACTCT_002,100
TTTCACAATTAGACAACTCT_003,109
TTTCACAATTAGACAACTCT_004,186
TTTCACAATTAGACAACTCT_005,169
TCTTGGGCACAGTCACGCAT_001,180
TCTTGGGCACAGTCACGCAT_002,183
TCTTGGGCACAGTCACGCAT_003,196
TCTTGGGCACAGTCACGCAT_004,62
TCTTGGGCACAGTCACGCAT_005,142
TCTTGGGCACAGTCACGCAT_006,113
TCTTGGGCACAGTCACGCAT_007,48
TCTTGGGCACAGTCACGCAT_008,127
TCTTGGGCACAGTCACGCAT_009,34
TCTTGGGCACAGTCACGCAT_010,58
TCTTGGGCACAGTCACGCAT_011,190
TCTTGGGCACAGTCACGCAT_012,58
TCTTGGGCACAGTCACGCAT_013,186
TCTTGGGCACAGTCACGCAT_014,154
TCTTGGGCACAGTCACGCAT_015,127
TCTTGGGCACAGTCACGCAT_016,96
TCTTGGGCACAGTCACGCAT_017,118
TCTTGGGCACAGTCACGCAT_018,193
TCTTGGGCACAGTCACGCAT_019,191
TCTTGGGCACAGTCACGCAT_020,69
TCTTGGGCACAGTCACGCAT_021,10
TCTTGGGCACAGTCACGCAT_022,66
CCTCCTCAGAAACAGGCTCC_001,126
CCTCCTCAGAAACAGGCTCC_002,145
CCTCCTCAGAAACAGGCTCC_003,82
CCTCCTCAGAAACAGGCTCC_004,127
CCTCCTCAGAAACAGGCTCC_005,26
CCTCCTCAGAAACAGGCTCC_006,172
CCTCCTCAGAAACAGGCTCC_007,119
CCTCCTCAGAAACAGGCTCC_008,134
CCTCCTCAGAAACAGGCTCC_009,139
CCTCCTCAGAAACAGGCTCC_010,154
CCTCCTCAGAAACAGGCTCC_011,112
CCTCCTCAGAAACAGGCTCC_012,169
CCTCCTCAGAAACAGGCTCC_013,168
CCTCCTCAGAAACAGGCTCC_014,130
CCTCCTCAGAAACAGGCTCC_015,128
CCTCCTCAGAAACAGGCTCC_016,145
CCTCCTCAGAAACAGGCTCC_017,162
CCTCCTCAGAAACAGGCTCC_018,83
CCTCCTCAGAAACAGGCTCC_019,149
CCTCCTCAGAAACAGGCTCC_020,48
CCTCCTCAGAAACAGGCTCC_021,124
CCTCCTCAGAAACAGGCTCC_022,144
CCTCCTCAGAAACAGGCTCC_023,3
CCTCCTCAGAAACAGGCTCC_024,117
CCTCCTCAGAAACAGGCTCC_025,37
CCTCCTCAGAAACAGGCTCC_026,172
CAATGACCTTGAGCGACAGG_001,135
CAATGACCTTGAGCGACAGG_002,198
CAATGACCTTGAGCGACAGG_003,191
CTCCAATGTGGACCCACGGG_001,149
CTCCAATGTGGACCCACGGG_002,50
CTCCAATGTGGACCCACGGG_003,29
CTCCAATGTGGACCCACGGG_004,51
CTCCAATGTGGACCCACGGG_005,51
CTCCAATGTGGACCCACGGG_006,183
CTCCAATGTGGACCCACGGG_007,144
CTCCAATGTGGACCCACGGG_008,197
CTCCAATGTGGACCCACGGG_009,199
CTCCAATGTGGACCCACGGG_010,95
CTCCAATGTGGACCCACGGG_011,129
CTCCAATGTGGACCCACGGG_012,66
CTCCAATGTGGACCCACGGG_013,56
CTCCAATGTGGACCCACGGG_014,103
CTCCAATGTGGACCCACGGG_015,174
CTCCAATGTGGACCCACGGG_016,2
CTCCAATGTGGACCCACGGG_017,15
CTCCAATGTGGACCCACGGG_018,124
CTCCAATGTGGACCCACGGG_019,42
CTCCAATGTGGACCCACGGG_020,5
CTCCAATGTGGACCCACGGG_021,89
CTCCAATGTGGACCCACGGG_022,29
ATGTTGCTGGTGGACCAGAT_001,62
ATGTTGCTGGTGGACCAGAT_002,151
ATGTTGCTGGTGGACCAGAT_003,15
ATGTTGCTGGTGGACCAGAT_004,146
ATGTTGCTGGTGGACCAGAT_005,176
ATGTTGCTGGTGGACCAGAT_006,127
ATGTTGCTGGTGGACCAGAT_007,186
ATGTTGCTGGTGGACCAGAT_008,115
ATGTTGCTGGTGGACCAGAT_009,77
ATGTTGCTGGTGGACCAGAT_010,126
ATATCTTCCAATAGCAAACG_001,83
ATATCTTCCAATAGCAAACG_002,105
GTTTCATAATGAGGTCCTGA_001,112
GTTTCATAATGAGGTCCTGA_002,17
GTTTCATAATGAGGTCCTGA_003,41
GTTTCATAATGAGGTCCTGA_004,125
GTTTCATAATGAGGTCCTGA_005,19
GTTTCATAATGAGGTCCTGA_006,149
GCTAAATTGAGGGTAGACTG_001,45
GCTAAATTGAGGGTAGACTG_002,21
GCTAAATTGAGGGTAGACTG_003,56
GCTAAATTGAGGGTAGACTG_004,175
GCTAAATTGAGGGTAGACTG_005,160
GCTAAATTGAGGGTAGACTG_006,11
GCTAAATTGAGGGTAGACTG_007,35
GAACATGAATTCAGGCAACC_001,149
GAACATGAATTCAGGCAACC_002,118
GAACATGAATTCAGGCAACC_003,151
GAACATGAATTCAGGCAACC_004,161
GAACATGAATTCAGGCAACC_005,111
GAACATGAATTCAGGCAACC_006,11
GAACATGAATTCAGGCAACC_007,146
GAACATGAATTCAGGCAACC_008,17
GAACATGAATTCAGGCAACC_009,95
CTCCCGTGTCTAGCCCAGTG_001,9
CTGGAAATTAGCTATGCCAA_001,105
CTGGAAATTAGCTATGCCAA_002,105
CTGGAAATTAGCTATGCCAA_003,68
CTGGAAATTAGCTATGCCAA_004,42
CTGGAAATTAGCTATGCCAA_005,5
CTGGAAATTAGCTATGCCAA_006,80
CTGGAAATTAGCTATGCCAA_007,192
CTGGAAATTAGCTATGCCAA_008,141
CTGGAAATTAGCTATGCCAA_009,27
GGAGCATGTGTATCAAACTG_001,55
GGAGCATGTGTATCAAACTG_002,141
GGAGCATGTGTATCAAACTG_003,147
GGAGCATGTGTATCAAACTG_004,68
GGAGCATGTGTATCAAACTG_005,75
GGAGCATGTGTATCAAACTG_006,75
GGAGCATGTGTATCAAACTG_007,75
GGAGCATGTGTATCAAACTG_008,13
GGAGCATGTGTATCAAACTG_009,34
GGAGCATGTGTATCAAACTG_010,157
AGCACTGAAAGGGTTGATAG_001,154
AGCACTGAAAGGGTTGATAG_002,44
AGCACTGAAAGGGTTGATAG_003,48
AGCACTGAAAGGGTTGATAG_004,163
AGCACTGAAAGGGTTGATAG_005,119
AGCACTGAAAGGGTTGATAG_006,49
AGCACTGAAAGGGTTGATAG_007,149
AGCACTGAAAGGGTTGATAG_008,39
AGCACTGAAAGGGTTGATAG_009,131
AGCACTGAAAGGGTTGATAG_010,5
CCTGTTGATTTCAAGTCTGG_001,163
CCTGTTGATTTCAAGTCTGG_002,195
GCTCTGCTTCCACCCCACCG_001,198
GCTCTGCTTCCACCCCACCG_002,176
GCTCTGCTTCCACCCCACCG_003,11
GCTCTGCTTCCACCCCACCG_004,27
GCTCTGCTTCCACCCCACCG_005,130
GCTCTGCTTCCACCCCACCG_006,35
GCTCTGCTTCCACCCCACCG_007,15
GCTCTGCTTCCACCCCACCG_008,121
GCTCTGCTTCCACCCCACCG_009,74
GCTCTGCTTCCACCCCACCG_010,84
GCTCTGCTTCCACCCCACCG_011,83
GCTCTGCTTCCACCCCACCG_012,198
GCTCTGCTTCCACCCCACCG_013,185
GCTCTGCTTCCACCCCACCG_014,98
GCTCTGCTTCCACCCCACCG_015,101
GCTCTGCTTCCACCCCACCG_016,106
GCTCTGCTTCCACCCCACCG_017,172
GCTCTGCTTCCACCCCACCG_018,119
GCTCTGCTTCCACCCCACCG_019,42
GCTCTGCTTCCACCCCACCG_020,13
GGACACCATAGAAAAAGGCA_001,129
GGACACCATAGAAAAAGGCA_002,96
GGACACCATAGAAAAAGGCA_003,82
GGACACCATAGAAAAAGGCA_004,56
GGACACCATAGAAAAAGGCA_005,181
GGACACCATAGAAAAAGGCA_006,83
GGACACCATAGAAAAAGGCA_007,139
GTGGATGGAGTATTTGAACA_001,111
GTGGATGGAGTATTTGAACA_002,138
GTGGATGGAGTATTTGAACA_003,109
GTGGATGGAGTATTTGAACA_004,2
GTGGATGGAGTATTTGAACA_005,199
GTGGATGGAGTATTTGAACA_006,184
TGGCGTTCAAACAATGACTG_001,8
TGGCGTTCAAACAATGACTG_002,32
TGGCGTTCAAACAATGACTG_003,6
TGGCGTTCAAACAATGACTG_004,5
TGGCGTTCAAACAATGACTG_005,134
TGGCGTTCAAACAATGACTG_006,134
TGGCGTTCAAACAATGACTG_007,21
TGGCGTTCAAACAATGACTG_008,5
TGGCGTTCAAACAATGACTG_009,139
TGGCGTTCAAACAATGACTG_010,61
TGGCGTTCAAACAATGACTG_011,76
TGGCGTTCAAACAATGACTG_012,61
TGGCGTTCAAACAATGACTG_013,64
TGGCGTTCAAACAATGACTG_014,36
TGGCGTTCAAACAATGACTG_015,178
TGGCGTTCAAACAATGACTG_016,176
TGGCGTTCAAACAATGACTG_017,108
GAATGTATATAGATTTCATG_001,169
CCTTCGATGCAAATGGAGAT_001,49
CCTTCGATGCAAATGGAGAT_002,168
CCTTCGATGCAAATGGAGAT_003,48
CCTTCGATGCAAATGGAGAT_004,169
CCTTCGATGCAAATGGAGAT_005,6
CCTTCGATGCAAATGGAGAT_006,142
CCTTCGATGCAAATGGAGAT_007,141
CCTTCGATGCAAATGGAGAT_008,134
CCTTCGATGCAAATGGAGAT_009,156
CCTTCGATGCAAATGGAGAT_010,78
CCTTCGATGCAAATGGAGAT_011,50
CCTTCGATGCAAATGGAGAT_012,175
CCTTCGATGCAAATGGAGAT_013,77
CCTTCGATGCAAATGGAGAT_014,1
CCTTCGATGCAAATGGAGAT_015,18
CCTTCGATGCAAATGGAGAT_016,2
CCTTCGATGCAAATGGAGAT_017,165
CCTTCGATGCAAATGGAGAT_018,52
TGATGATGGTCAATGAGCTG_001,162
TGATGATGGTCAATGAGCTG_002,170
TGATGATGGTCAATGAGCTG_003,115
TGATGATGGTCAATGAGCTG_004,56
TGATGATGGTCAATGAGCTG_005,144
TGATGATGGTCAATGAGCTG_006,95
TGATGATGGTCAATGAGCTG_007,83
TGATGATGGTCAATGAGCTG_008,75
TGGTCAGACTTAGACCGCCA_001,199
TGGTCAGACTTAGACCGCCA_002,127
TGGTCAGACTTAGACCGCCA_003,32
TGGTCAGACTTAGACCGCCA_004,36
TGGTCAGACTTAGACCGCCA_005,49
TGGTCAGACTTAGACCGCCA_006,183
TGGTCAGACTTAGACCGCCA_007,49
TGGTCAGACTTAGACCGCCA_008,94
TGGTCAGACTTAGACCGCCA_009,82
TGGTCAGACTTAGACCGCCA_010,176
TGGTCAGACTTAGACCGCCA_011,17
TGGTCAGACTTAGACCGCCA_012,173
TGGTCAGACTTAGACCGCCA_013,45
TGGTCAGACTTAGACCGCCA_014,23
TGGTCAGACTTAGACCGCCA_015,169
TGGTCAGACTTAGACCGCCA_016,116
TGGTCAGACTTAGACCGCCA_017,177
TGGTCAGACTTAGACCGCCA_018,27
TGGTCAGACTTAGACCGCCA_019,80
TGGTCAGACTTAGACCGCCA_020,105
TGGTCAGACTTAGACCGCCA_021,118
TGGTCAGACTTAGACCGCCA_022,158
TGGTCAGACTTAGACCGCCA_023,2
TGGTCAGACTTAGACCGCCA_024,48
TGGTCAGACTTAGACCGCCA_025,15
TGGTCAGACTTAGACCGCCA_026,34
TGGTCAGACTTAGACCGCCA_027,56
TGGTCAGACTTAGACCGCCA_028,3
TGGTCAGACTTAGACCGCCA_029,199
TGGTCAGACTTAGACCGCCA_030,43
GGCCTGGGCAGCACCCTCGG_001,5
GGCCTGGGCAGCACCCTCGG_002,163
GGCCTGGGCAGCACCCTCGG_003,141
GGCCTGGGCAGCACCCTCGG_004,68
GGCCTGGGCAGCACCCTCGG_005,75
GGCCTGGGCAGCACCCTCGG_006,141
GGCCTGGGCAGCACCCTCGG_007,162
GGCCTGGGCAGCACCCTCGG_008,17
GGCCTGGGCAGCACCCTCGG_009,67
GGCCTGGGCAGCACCCTCGG_010,47
GGCCTGGGCAGCACCCTCGG_011,104
GGCCTGGGCAGCACCCTCGG_012,81
GGCCTGGGCAGCACCCTCGG_013,34
GGCCTGGGCAGCACCCTCGG_014,198
GGCCTGGGCAGCACCCTCGG_015,133
GGCCTGGGCAGCACCCTCGG_016,134
GGCCTGGGCAGCACCCTCGG_017,157
GGCCTGGGCAGCACCCTCGG_018,169
GGCCTGGGCAGCACCCTCGG_019,115
GGCCTGGGCAGCACCCTCGG_020,125
GGCCTGGGCAGCACCCTCGG_021,161
GGCCTGGGCAGCACCCTCGG_022,16
AAGGAAGATGAGATCCGCGC_001,184
AAGGAAGATGAGATCCGCGC_002,116
AAGGAAGATGAGATCCGCGC_003,32
AAGGAAGATGAGATCCGCGC_004,159
AAGGAAGATGAGATCCGCGC_005,115
AAGGAAGATGAGATCCGCGC_006,129
AAGGAAGATGAGATCCGCGC_007,56
AAGGAAGATGAGATCCGCGC_008,158
AAGGAAGATGAGATCCGCGC_009,128
AAGGAAGATGAGATCCGCGC_010,94
AAGGAAGATGAGATCCGCGC_011,84
AAGGAAGATGAGATCCGCGC_012,107
AAGGAAGATGAGATCCGCGC_013,67
AAGGAAGATGAGATCCGCGC_014,197
AAGGAAGATGAGATCCGCGC_015,165
AAGGAAGATGAGATCCGCGC_016,58
AAGGAAGATGAGATCCGCGC_017,176
GAGCAGCATCTACCCAATGG_001,19
GAGCAGCATCTACCCAATGG_002,48
GAGCAGCATCTACCCAATGG_003,114
AACCTGAACAACGAGACCAG_001,171
AACCTGAACAACGAGACCAG_002,58
AACCTGAACAACGAGACCAG_003,21
AACCTGAACAACGAGACCAG_004,103
AACCTGAACAACGAGACCAG_005,156
AACCTGAACAACGAGACCAG_006,61
AACCTGAACAACGAGACCAG_007,162
AACCTGAACAACGAGACCAG_008,11
AACCTGAACAACGAGACCAG_009,188
AACCTGAACAACGAGACCAG_010,135
AACCTGAACAACGAGACCAG_011,91
AACCTGAACAACGAGACCAG_012,70
AACCTGAACAACGAGACCAG_013,46
AACCTGAACAACGAGACCAG_014,63
AACCTGAACAACGAGACCAG_015,7
CAATAATGCTCGTCTATGTG_001,107
CAATAATGCTCGTCTATGTG_002,84
GCTCCCATTCAAAGTTTGCG_001,40
GCTCCCATTCAAAGTTTGCG_002,39
GCTCCCATTCAAAGTTTGCG_003,32
GCTCCCATTCAAAGTTTGCG_004,29
GCTCCCATTCAAAGTTTGCG_005,42
GCTCCCATTCAAAGTTTGCG_006,94
GCTCCCATTCAAAGTTTGCG_007,17
GCTCCCATTCAAAGTTTGCG_008,38
GCTCCCATTCAAAGTTTGCG_009,55
GCTCCCATTCAAAGTTTGCG_010,123
GCTCCCATTCAAAGTTTGCG_011,105
GCTCCCATTCAAAGTTTGCG_012,50
GCTCCCATTCAAAGTTTGCG_013,50
GCTCCCATTCAAAGTTTGCG_014,65
GCTCCCATTCAAAGTTTGCG_015,113
GCTCCCATTCAAAGTTTGCG_016,56
CTATCAGCTGCTGAACAGGT_001,28
CTATCAGCTGCTGAACAGGT_002,181
CTATCAGCTGCTGAACAGGT_003,53
CTATCAGCTGCTGAACAGGT_004,104
CTATCAGCTGCTGAACAGGT_005,114
CTATCAGCTGCTGAACAGGT_006,8
CTATCAGCTGCTGAACAGGT_007,89
CTGTCAGAACCTCTTGTCCG_001,83
CTGTCAGAACCTCTTGTCCG_002,8
CTGTCAGAACCTCTTGTCCG_003,170
TAAGTGGGGCTATACCGTGA_001,150
TAAGTGGGGCTATACCGTGA_002,150
TAAGTGGGGCTATACCGTGA_003,121
TAAGTGGGGCTATACCGTGA_004,196
TGGTAAAGAGTTGTCAGATG_001,52
TGGTAAAGAGTTGTCAGATG_002,99
TGGTAAAGAGTTGTCAGATG_003,88
TGGTAAAGAGTTGTCAGATG_004,86
TGGTAAAGAGTTGTCAGATG_005,115
TGGTAAAGAGTTGTCAGATG_006,149
TGGTAAAGAGTTGTCAGATG_007,76
TGGTAAAGAGTTGTCAGATG_008,185
TGGTAAAGAGTTGTCAGATG_009,1
TGGTAAAGAGTTGTCAGATG_010,15
TGGTAAAGAGTTGTCAGATG_011,104
TGGTAAAGAGTTGTCAGATG_012,2
TGGTAAAGAGTTGTCAGATG_013,55
TGGTAAAGAGTTGTCAGATG_014,169
TGGTAAAGAGTTGTCAGATG_015,165
TGGTAAAGAGTTGTCAGATG_016,177
TAGCAAAGGCTTGGACACGG_001,170
TAGCAAAGGCTTGGACACGG_002,189
TAGCAAAGGCTTGGACACGG_003,172
TAGCAAAGGCTTGGACACGG_004,137
TAGCAAAGGCTTGGACACGG_005,134
TAGCAAAGGCTTGGACACGG_006,52
TAGCAAAGGCTTGGACACGG_007,94
TAGCAAAGGCTTGGACACGG_008,148
TAGCAAAGGCTTGGACACGG_009,16
TAGCAAAGGCTTGGACACGG_010,30
TAGCAAAGGCTTGGACACGG_011,9
TAGCAAAGGCTTGGACACGG_012,1
TAGCAAAGGCTTGGACACGG_013,12
TAGCAAAGGCTTGGACACGG_014,48
TAGCAAAGGCTTGGACACGG_015,129
TAGCAAAGGCTTGGACACGG_016,181
TAGCAAAGGCTTGGACACGG_017,80
TAGCAAAGGCTTGGACACGG_018,198
TAGCAAAGGCTTGGACACGG_019,162
TAGCAAAGGCTTGGACACGG_020,119
TAGCAAAGGCTTGGACACGG_021,90
TAGCAAAGGCTTGGACACGG_022,146
TAGCAAAGGCTTGGACACGG_023,160
TAGCAAAGGCTTGGACACGG_024,6
TAGCAAAGGCTTGGACACGG_025,91
TAGCAAAGGCTTGGACACGG_026,168
TAGCAAAGGCTTGGACACGG_027,149
GCGCCTATGACATCTACTCG_001,24
GCGCCTATGACATCTACTCG_002,150
GCGCCTATGACATCTACTCG_003,106
GCGCCTATGACATCTACTCG_004,122
GCGCCTATGACATCTACTCG_005,56
CAAACACCACTGAACAGCTG_001,113
CAAACACCACTGAACAGCTG_002,124
CAAACACCACTGAACAGCTG_003,57
CAAACACCACTGAACAGCTG_004,128
CAAACACCACTGAACAGCTG_005,147
CAAACACCACTGAACAGCTG_006,141
CAAACACCACTGAACAGCTG_007,158
CAAACACCACTGAACAGCTG_008,112
CAAACACCACTGAACAGCTG_009,194
CAGGAGCTTTGGGTCTACGT_001,162
CAGGAGCTTTGGGTCTACGT_002,148
CAGGAGCTTTGGGTCTACGT_003,121
CAGGAGCTTTGGGTCTACGT_004,113
CAGGAGCTTTGGGTCTACGT_005,179
CAGGAGCTTTGGGTCTACGT_006,38
CAGGAGCTTTGGGTCTACGT_007,150
CAGGAGCTTTGGGTCTACGT_008,191
CAGGAGCTTTGGGTCTACGT_009,31
CTGGGCCCGAATAGCCACCC_001,187
CTGGGCCCGAATAGCCACCC_002,51
GCTCAAAGGAGATACACATG_001,95
GCTCAAAGGAGATACACATG_002,60
GCTCAAAGGAGATACACATG_003,150
GCTCAAAGGAGATACACATG_004,115
GCTCAAAGGAGATACACATG_005,115
GCTCAAAGGAGATACACATG_006,171
GCTCAAAGGAGATACACATG_007,85
ATTCCTGGTGCCTGCCGCAG_001,2
ATTCCTGGTGCCTGCCGCAG_002,53
ATTCCTGGTGCCTGCCGCAG_003,104
ATTCCTGGTGCCTGCCGCAG_004,40
ATTCCTGGTGCCTGCCGCAG_005,157
ATTCCTGGTGCCTGCCGCAG_006,130
ATTCCTGGTGCCTGCCGCAG_007,80
ATTCCTGGTGCCTGCCGCAG_008,160
ATTCCTGGTGCCTGCCGCAG_009,199
ATTCCTGGTGCCTGCCGCAG_010,103
ATTCCTGGTGCCTGCCGCAG_011,94
CCTAGACTGCTTCCTGGCGA_001,27
GGGGCAGGGACAGCTCACGG_001,58
GGGGCAGGGACAGCTCACGG_002,125
GGGGCAGGGACAGCTCACGG_003,92
GGGGCAGGGACAGCTCACGG_004,41
GGGGCAGGGACAGCTCACGG_005,84
GGGGCAGGGACAGCTCACGG_006,81
GGGGCAGGGACAGCTCACGG_007,163
GGGGCAGGGACAGCTCACGG_008,34
GGGGCAGGGACAGCTCACGG_009,74
GGGGCAGGGACAGCTCACGG_010,129
GGGGCAGGGACAGCTCACGG_011,151
GGGGCAGGGACAGCTCACGG_012,90
GGGGCAGGGACAGCTCACGG_013,174
GGGGCAGGGACAGCTCACGG_014,68
GGGGCAGGGACAGCTCACGG_015,180
GGGGCAGGGACAGCTCACGG_016,146
GTGCGGGTGATGTCCGAAGA_001,60
GTGCGGGTGATGTCCGAAGA_002,68
GTGCGGGTGATGTCCGAAGA_003,5
GTGCGGGTGATGTCCGAAGA_004,137
GTGCGGGTGATGTCCGAAGA_005,3
GTGCGGGTGATGTCCGAAGA_006,96
GTGCGGGTGATGTCCGAAGA_007,105
GTGCGGGTGATGTCCGAAGA_008,55
GTGCGGGTGATGTCCGAAGA_009,43
GTGCGGGTGATGTCCGAAGA_010,198
GTGCGGGTGATGTCCGAAGA_011,72
GTGCGGGTGATGTCCGAAGA_012,119
GTGCGGGTGATGTCCGAAGA_013,105
CATGCCGCTACTTTAAGGAG_001,66
CATGCCGCTACTTTAAGGAG_002,130
CATGCCGCTACTTTAAGGAG_003,148
CATGCCGCTACTTTAAGGAG_004,2
CATGCCGCTACTTTAAGGAG_005,146
CATGCCGCTACTTTAAGGAG_006,76
CATGCCGCTACTTTAAGGAG_007,184
CATGCCGCTACTTTAAGGAG_008,175
CATGCCGCTACTTTAAGGAG_009,160
CATGCCGCTACTTTAAGGAG_010,94
TCCCGTTGCCGCCTTCGCCG_001,116
TCCCGTTGCCGCCTTCGCCG_002,28
TCCCGTTGCCGCCTTCGCCG_003,27
TCCCGTTGCCGCCTTCGCCG_004,148
TCCCGTTGCCGCCTTCGCCG_005,102
TCCCGTTGCCGCCTTCGCCG_006,119
TCCCGTTGCCGCCTTCGCCG_007,127
TCCCGTTGCCGCCTTCGCCG_008,15
TCCCGTTGCCGCCTTCGCCG_009,188
TCCCGTTGCCGCCTTCGCCG_010,99
TCCCGTTGCCGCCTTCGCCG_011,6
TCCCGTTGCCGCCTTCGCCG_012,113
TCCCGTTGCCGCCTTCGCCG_013,28
TCCCGTTGCCGCCTTCGCCG_014,154
TCCCGTTGCCGCCTTCGCCG_015,171
TCCCGTTGCCGCCTTCGCCG_016,6
TCCCGTTGCCGCCTTCGCCG_017,6
TCCCGTTGCCGCCTTCGCCG_018,128
TCCCGTTGCCGCCTTCGCCG_019,56
TCCCGTTGCCGCCTTCGCCG_020,169
TCCCGTTGCCGCCTTCGCCG_021,50
TCCCGTTGCCGCCTTCGCCG_022,28
TCCCGTTGCCGCCTTCGCCG_023,162
CTGACACTAACCTGTATGTG_001,132
CTGACACTAACCTGTATGTG_002,40
CTGACACTAACCTGTATGTG_003,130
CTGACACTAACCTGTATGTG_004,81
GTGGAAAAAGATGAAATACT_001,119
GTGGAAAAAGATGAAATACT_002,69
GGGAAAATGTAATGACCACC_001,106
TGGTAGCCAAATACCTTCAG_001,133
TGGTAGCCAAATACCTTCAG_002,188
TGGTAGCCAAATACCTTCAG_003,158
TGGTAGCCAAATACCTTCAG_004,157
TGGTAGCCAAATACCTTCAG_005,33
TGGTAGCCAAATACCTTCAG_006,4
TGGTAGCCAAATACCTTCAG_007,44
TTGTTGCCGCAGATGACCAG_001,98
TTGTTGCCGCAGATGACCAG_002,18
TTGTTGCCGCAGATGACCAG_003,38
TTGTTGCCGCAGATGACCAG_004,197
TTGTTGCCGCAGATGACCAG_005,33
TTGTTGCCGCAGATGACCAG_006,105
TTGTTGCCGCAGATGACCAG_007,127
TTGTTGCCGCAGATGACCAG_008,134
TTGTTGCCGCAGATGACCAG_009,150
TTGTTGCCGCAGATGACCAG_010,56
TTGTTGCCGCAGATGACCAG_011,88
TTGTTGCCGCAGATGACCAG_012,175
TTGTTGCCGCAGATGACCAG_013,50
TTGTTGCCGCAGATGACCAG_014,94
TTGTTGCCGCAGATGACCAG_015,53
TTGTTGCCGCAGATGACCAG_016,188
TTGTTGCCGCAGATGACCAG_017,39
TTGTTGCCGCAGATGACCAG_018,168
TTGTTGCCGCAGATGACCAG_019,174
TTGTTGCCGCAGATGACCAG_020,173
TTGTTGCCGCAGATGACCAG_021,141
TGATAGTCCCAGTATAATCG_001,6
GAACCCCTGAGCATAGACTG_001,170
GAACCCCTGAGCATAGACTG_002,132
GAACCCCTGAGCATAGACTG_003,96
GAACCCCTGAGCATAGACTG_004,8
GAACCCCTGAGCATAGACTG_005,163
GAACCCCTGAGCATAGACTG_006,60
GAACCCCTGAGCATAGACTG_007,170
GAACCCCTGAGCATAGACTG_008,62
GAACCCCTGAGCATAGACTG_009,186
GGGGTGGGTACTCATCCCTC_001,146
GGGGTGGGTACTCATCCCTC_002,38
GGGGTGGGTACTCATCCCTC_003,75
GGGGTGGGTACTCATCCCTC_004,184
GGGGTGGGTACTCATCCCTC_005,161
GGGGTGGGTACTCATCCCTC_006,63
CTGCTGGGCCACACGTCGCA_001,51
CTGCTGGGCCACACGTCGCA_002,61
CTGCTGGGCCACACGTCGCA_003,141
CTGCTGGGCCACACGTCGCA_004,101
CTGCTGGGCCACACGTCGCA_005,186
CTGCTGGGCCACACGTCGCA_006,7
CTGCTGGGCCACACGTCGCA_007,3
CTGCTGGGCCACACGTCGCA_008,46
CTGCTGGGCCACACGTCGCA_009,185
CTGCTGGGCCACACGTCGCA_010,49
CTGCTGGGCCACACGTCGCA_011,78
CTGCTGGGCCACACGTCGCA_012,91
CTGCTGGGCCACACGTCGCA_013,135
GGAGACTGTAAAACTTGCCG_001,15
GGAGACTGTAAAACTTGCCG_002,40
GGAGACTGTAAAACTTGCCG_003,175
GGAGACTGTAAAACTTGCCG_004,65
GGAGACTGTAAAACTTGCCG_005,107
GGAGACTGTAAAACTTGCCG_006,75
GGAGACTGTAAAACTTGCCG_007,92
GGAGACTGTAAAACTTGCCG_008,187
GGAGACTGTAAAACTTGCCG_009,80
GGAGACTGTAAAACTTGCCG_010,168
GGAGACTGTAAAACTTGCCG_011,197
GGAGACTGTAAAACTTGCCG_012,36
GGAGACTGTAAAACTTGCCG_013,9
GGAGACTGTAAAACTTGCCG_014,151
GGAGACTGTAAAACTTGCCG_015,70
GGAGACTGTAAAACTTGCCG_016,96
GGAGACTGTAAAACTTGCCG_017,39
TCAGCCACACTCACCCATCA_001,198
TCAGCCACACTCACCCATCA_002,101
TCAGCCACACTCACCCATCA_003,67
TCAGCCACACTCACCCATCA_004,178
GGGTCTAGGAACTAACCAGG_001,115
GGGTCTAGGAACTAACCAGG_002,188
GGGTCTAGGAACTAACCAGG_003,184
GGGTCTAGGAACTAACCAGG_004,33
GGGTCTAGGAACTAACCAGG_005,76
GGGTCTAGGAACTAACCAGG_006,110
GGGTCTAGGAACTAACCAGG_007,75
GGGTCTAGGAACTAACCAGG_008,30
GGGTCTAGGAACTAACCAGG_009,151
GGGTCTAGGAACTAACCAGG_010,166
GGGTCTAGGAACTAACCAGG_011,61
GGGTCTAGGAACTAACCAGG_012,168
AACGTGCTGACGATGCGGGC_001,105
AACGTGCTGACGATGCGGGC_002,182
AACGTGCTGACGATGCGGGC_003,119
AACGTGCTGACGATGCGGGC_004,178
AACGTGCTGACGATGCGGGC_005,193
AACGTGCTGACGATGCGGGC_006,191
AACGTGCTGACGATGCGGGC_007,88
AACGTGCTGACGATGCGGGC_008,147
AACGTGCTGACGATGCGGGC_009,44
AACGTGCTGACGATGCGGGC_010,37
AACGTGCTGACGATGCGGGC_011,145
AACGTGCTGACGATGCGGGC_012,191
AACGTGCTGACGATGCGGGC_013,157
AACGTGCTGACGATGCGGGC_014,172
AACGTGCTGACGATGCGGGC_015,127
AACGTGCTGACGATGCGGGC_016,50
AACGTGCTGACGATGCGGGC_017,57
AACGTGCTGACGATGCGGGC_018,113
AACGTGCTGACGATGCGGGC_019,81
AACGTGCTGACGATGCGGGC_020,25
AACGTGCTGACGATGCGGGC_021,80
AACGTGCTGACGATGCGGGC_022,185
AACGTGCTGACGATGCGGGC_023,162
AACGTGCTGACGATGCGGGC_024,18
AACGTGCTGACGATGCGGGC_025,45
AACGTGCTGACGATGCGGGC_026,177
AACGTGCTGACGATGCGGGC_027,192
AACGTGCTGACGATGCGGGC_028,47
AACGTGCTGACGATGCGGGC_029,116
AACGTGCTGACGATGCGGGC_030,15
AACGTGCTGACGATGCGGGC_031,19
AACGTGCTGACGATGCGGGC_032,49
AACGTGCTGACGATGCGGGC_033,158
AACGTGCTGACGATGCGGGC_034,149
AACGTGCTGACGATGCGGGC_035,148
AACGTGCTGACGATGCGGGC_036,168
AACGTGCTGACGATGCGGGC_037,141
AACGTGCTGACGATGCGGGC_038,62
AACGTGCTGACGATGCGGGC_039,77
AACGTGCTGACGATGCGGGC_040,145
AACGTGCTGACGATGCGGGC_041,138
AACGTGCTGACGATGCGGGC_042,188
AACGTGCTGACGATGCGGGC_043,129
AACGTGCTGACGATGCGGGC_044,170
AACGTGCTGACGATGCGGGC_045,137
AACGTGCTGACGATGCGGGC_046,147
AACGTGCTGACGATGCGGGC_047,102
AACGTGCTGACGATGCGGGC_048,105
AACGTGCTGACGATGCGGGC_049,157
AACGTGCTGACGATGCGGGC_050,157
AACGTGCTGACGATGCGGGC_051,84
AACGTGCTGACGATGCGGGC_052,39
AACGTGCTGACGATGCGGGC_053,66
AACGTGCTGACGATGCGGGC_054,115
AACGTGCTGACGATGCGGGC_055,198
AACGTGCTGACGATGCGGGC_056,168
AACGTGCTGACGATGCGGGC_057,6
AACGTGCTGACGATGCGGGC_058,10
AACGTGCTGACGATGCGGGC_059,134
AACGTGCTGACGATGCGGGC_060,79
GAAGATAAGAAGGCTTGAAG_001,72
GAAGATAAGAAGGCTTGAAG_002,62
GAAGATAAGAAGGCTTGAAG_003,103
GAAGATAAGAAGGCTTGAAG_004,61
GAAGATAAGAAGGCTTGAAG_005,72
GAAGATAAGAAGGCTTGAAG_006,174
GAAGATAAGAAGGCTTGAAG_007,138
GAAGATAAGAAGGCTTGAAG_008,149
GAAGATAAGAAGGCTTGAAG_009,107
TACATTTGGAGAGGACCTCG_001,116
TACATTTGGAGAGGACCTCG_002,169
TACATTTGGAGAGGACCTCG_003,178
TACATTTGGAGAGGACCTCG_004,178
TACATTTGGAGAGGACCTCG_005,170
TACATTTGGAGAGGACCTCG_006,35
TACATTTGGAGAGGACCTCG_007,35
TACATTTGGAGAGGACCTCG_008,94
TACATTTGGAGAGGACCTCG_009,162
TACATTTGGAGAGGACCTCG_010,47
TACATTTGGAGAGGACCTCG_011,48
TACATTTGGAGAGGACCTCG_012,45
TACATTTGGAGAGGACCTCG_013,168
AGCAGCAGGTCCAAGTCCGA_001,45
AGCAGCAGGTCCAAGTCCGA_002,129
AGCAGCAGGTCCAAGTCCGA_003,174
AGCAGCAGGTCCAAGTCCGA_004,66
AGCAGCAGGTCCAAGTCCGA_005,102
AGCAGCAGGTCCAAGTCCGA_006,59
AGCAGCAGGTCCAAGTCCGA_007,162
AGCAGCAGGTCCAAGTCCGA_008,5
AGCAGCAGGTCCAAGTCCGA_009,134
CATGAGCACAAGTCCGGAAG_001,19
CATGAGCACAAGTCCGGAAG_002,78
CATGAGCACAAGTCCGGAAG_003,151
CATGAGCACAAGTCCGGAAG_004,161
CATGAGCACAAGTCCGGAAG_005,145
CATGAGCACAAGTCCGGAAG_006,187
GATTATACAGGGATTCGTGA_001,70
GATTATACAGGGATTCGTGA_002,28
GATTATACAGGGATTCGTGA_003,2
GATTATACAGGGATTCGTGA_004,142
GATTATACAGGGATTCGTGA_005,12
GATTATACAGGGATTCGTGA_006,97
GATTATACAGGGATTCGTGA_007,72
GGTTGTGGGTCTCGGCGAAG_001,178
GGTTGTGGGTCTCGGCGAAG_002,110
GGTTGTGGGTCTCGGCGAAG_003,175
GGTTGTGGGTCTCGGCGAAG_004,186
GGTTGTGGGTCTCGGCGAAG_005,194
GGTTGTGGGTCTCGGCGAAG_006,65
GGTTGTGGGTCTCGGCGAAG_007,159
GGTTGTGGGTCTCGGCGAAG_008,49
GGTTGTGGGTCTCGGCGAAG_009,96
GGTTGTGGGTCTCGGCGAAG_010,49
GGTTGTGGGTCTCGGCGAAG_011,180
GGTTGTGGGTCTCGGCGAAG_012,3
GGTTGTGGGTCTCGGCGAAG_013,3
AGTAATAAACAGAGCCCGTG_001,34
AGTAATAAACAGAGCCCGTG_002,180
AGTAATAAACAGAGCCCGTG_003,88
AGTAATAAACAGAGCCCGTG_004,88
AGTAATAAACAGAGCCCGTG_005,105
AGTAATAAACAGAGCCCGTG_006,91
AGTAATAAACAGAGCCCGTG_007,190
AGTAATAAACAGAGCCCGTG_008,165
AGTAATAAACAGAGCCCGTG_009,77
AGTAATAAACAGAGCCCGTG_010,35
AGTAATAAACAGAGCCCGTG_011,47
GCAGCAGACAGGCACACGGC_001,194
GCAGCAGACAGGCACACGGC_002,23
GCAGCAGACAGGCACACGGC_003,23
GCAGCAGACAGGCACACGGC_004,184
GCAGCAGACAGGCACACGGC_005,17
GCAGCAGACAGGCACACGGC_006,104
GCAGCAGACAGGCACACGGC_007,168
GCAGCAGACAGGCACACGGC_008,56
GCAGCAGACAGGCACACGGC_009,138
GCAGCAGACAGGCACACGGC_010,17
GCAGCAGACAGGCACACGGC_011,167
GCAGCAGACAGGCACACGGC_012,50
GCAGCAGACAGGCACACGGC_013,105
GCAGCAGACAGGCACACGGC_014,184
GCAGCAGACAGGCACACGGC_015,63
GCAGCAGACAGGCACACGGC_016,72
GGGACAAAATTGAACAAACA_001,5
ACAGGCTCCCGAGAGGACGT_001,108
ACAGGCTCCCGAGAGGACGT_002,75
ACAGGCTCCCGAGAGGACGT_003,86
ACAGGCTCCCGAGAGGACGT_004,56
ACAGGCTCCCGAGAGGACGT_005,50
ACAGGCTCCCGAGAGGACGT_006,196
ACAGGCTCCCGAGAGGACGT_007,12
ACAGGCTCCCGAGAGGACGT_008,50
ACAGGCTCCCGAGAGGACGT_009,144
ACAGGCTCCCGAGAGGACGT_010,123
TTATCCGAAATGTTTCATTG_001,79
TTATCCGAAATGTTTCATTG_002,106
AGCCGCCCGAGGACTCAGTG_001,41
AGCCGCCCGAGGACTCAGTG_002,194
AGCCGCCCGAGGACTCAGTG_003,62
AGCCGCCCGAGGACTCAGTG_004,177
AGCCGCCCGAGGACTCAGTG_005,83
AGCCGCCCGAGGACTCAGTG_006,133
AGCCGCCCGAGGACTCAGTG_007,105
AGCCGCCCGAGGACTCAGTG_008,56
AGCCGCCCGAGGACTCAGTG_009,172
AGCCGCCCGAGGACTCAGTG_010,140
AGCCGCCCGAGGACTCAGTG_011,94
AGCCGCCCGAGGACTCAGTG_012,128
AGCCGCCCGAGGACTCAGTG_013,32
AGCCGCCCGAGGACTCAGTG_014,85
AGCCGCCCGAGGACTCAGTG_015,197
AGCCGCCCGAGGACTCAGTG_016,141
AGCCGCCCGAGGACTCAGTG_017,54
AGCCGCCCGAGGACTCAGTG_018,179
AGCCGCCCGAGGACTCAGTG_019,15
AGCCGCCCGAGGACTCAGTG_020,64
AGCCGCCCGAGGACTCAGTG_021,148
AGCCGCCCGAGGACTCAGTG_022,98
AGCCGCCCGAGGACTCAGTG_023,7
AGCCGCCCGAGGACTCAGTG_024,95
AGCCGCCCGAGGACTCAGTG_025,17
AGCCGCCCGAGGACTCAGTG_026,98
AGCCGCCCGAGGACTCAGTG_027,107
AGCCGCCCGAGGACTCAGTG_028,8
AGCCGCCCGAGGACTCAGTG_029,26
AGCCGCCCGAGGACTCAGTG_030,149
AGCCGCCCGAGGACTCAGTG_031,21
AGCCGCCCGAGGACTCAGTG_032,198
AGCCGCCCGAGGACTCAGTG_033,148
AGCCGCCCGAGGACTCAGTG_034,109
AGCCGCCCGAGGACTCAGTG_035,67
AGCCGCCCGAGGACTCAGTG_036,43
AGCCGCCCGAGGACTCAGTG_037,194
AGCCGCCCGAGGACTCAGTG_038,78
AGCCGCCCGAGGACTCAGTG_039,98
AGCCGCCCGAGGACTCAGTG_040,153
AGCCGCCCGAGGACTCAGTG_041,63
AGCCGCCCGAGGACTCAGTG_042,20
AGCCGCCCGAGGACTCAGTG_043,82
AGCCGCCCGAGGACTCAGTG_044,136
AGCCGCCCGAGGACTCAGTG_045,145
AGCCGCCCGAGGACTCAGTG_046,106
AGCCGCCCGAGGACTCAGTG_047,1
AGCCGCCCGAGGACTCAGTG_048,137
TATCAGAGCCTGGTATCACT_001,128
TATCAGAGCCTGGTATCACT_002,129
TATCAGAGCCTGGTATCACT_003,12
TATCAGAGCCTGGTATCACT_004,27
TATCAGAGCCTGGTATCACT_005,12
TATCAGAGCCTGGTATCACT_006,4
TATCAGAGCCTGGTATCACT_007,117
TATCAGAGCCTGGTATCACT_008,22
CTGAAGCCGACGATGCGGCG_001,186
CTGAAGCCGACGATGCGGCG_002,186
CTGAAGCCGACGATGCGGCG_003,191
CTGAAGCCGACGATGCGGCG_004,108
CTGAAGCCGACGATGCGGCG_005,178
CTGAAGCCGACGATGCGGCG_006,127
CTGAAGCCGACGATGCGGCG_007,127
CTGAAGCCGACGATGCGGCG_008,147
CTGAAGCCGACGATGCGGCG_009,146
CTGAAGCCGACGATGCGGCG_010,171
CTGAAGCCGACGATGCGGCG_011,114
CTGAAGCCGACGATGCGGCG_012,27
CTGAAGCCGACGATGCGGCG_013,120
CTGAAGCCGACGATGCGGCG_014,151
CTGAAGCCGACGATGCGGCG_015,154
CTGAAGCCGACGATGCGGCG_016,1
CTGAAGCCGACGATGCGGCG_017,196
CTGAAGCCGACGATGCGGCG_018,46
CTGAAGCCGACGATGCGGCG_019,144
CTGAAGCCGACGATGCGGCG_020,130
GGCTACTGAAGCTTTACTGT_001,16
GGCTACTGAAGCTTTACTGT_002,10
GGCTACTGAAGCTTTACTGT_003,133
GGCTACTGAAGCTTTACTGT_004,123
GGCTACTGAAGCTTTACTGT_005,191
GGCTACTGAAGCTTTACTGT_006,194
AGCGGGTGATCTCTGCCGTG_001,81
AGCGGGTGATCTCTGCCGTG_002,75
AGCGGGTGATCTCTGCCGTG_003,123
AGCGGGTGATCTCTGCCGTG_004,19
AGCGGGTGATCTCTGCCGTG_005,190
AGCGGGTGATCTCTGCCGTG_006,22
AGCGGGTGATCTCTGCCGTG_007,60
AGCGGGTGATCTCTGCCGTG_008,184
AGCGGGTGATCTCTGCCGTG_009,116
AGCCAGGGAGCCATTCACAA_001,189
AGCCAGGGAGCCATTCACAA_002,98
AGCCAGGGAGCCATTCACAA_003,198
AGCCAGGGAGCCATTCACAA_004,48
AGCCAGGGAGCCATTCACAA_005,198
AGCCAGGGAGCCATTCACAA_006,159
AGCCAGGGAGCCATTCACAA_007,148
AGCCAGGGAGCCATTCACAA_008,148
AGCCAGGGAGCCATTCACAA_009,91
AGCCAGGGAGCCATTCACAA_010,9
AGCCAGGGAGCCATTCACAA_011,110
AGCCAGGGAGCCATTCACAA_012,3
AGCCAGGGAGCCATTCACAA_013,62
AGCCAGGGAGCCATTCACAA_014,172
AGCCAGGGAGCCATTCACAA_015,17
AGCCAGGGAGCCATTCACAA_016,35
AGCCAGGGAGCCATTCACAA_017,56
AGCCAGGGAGCCATTCACAA_018,142
AGCCAGGGAGCCATTCACAA_019,48
AGCCAGGGAGCCATTCACAA_020,70
AGCCAGGGAGCCATTCACAA_021,98
CCCCACAGGCTCTCACAGGT_001,48
CCCCACAGGCTCTCACAGGT_002,35
CCCCACAGGCTCTCACAGGT_003,49
CCCCACAGGCTCTCACAGGT_004,134
CCCCACAGGCTCTCACAGGT_005,88
CCCCACAGGCTCTCACAGGT_006,27
CCCCACAGGCTCTCACAGGT_007,49
CCCCACAGGCTCTCACAGGT_008,149
CCCCACAGGCTCTCACAGGT_009,69
CCCCACAGGCTCTCACAGGT_010,176
GCTGCTGACCGAGTTGACGT_001,32
GCTGCTGACCGAGTTGACGT_002,168
CTCAATTCAGGTGAATCTTG_001,41
CTCAATTCAGGTGAATCTTG_002,0
CTCAATTCAGGTGAATCTTG_003,22
CTCAATTCAGGTGAATCTTG_004,41
CTCAATTCAGGTGAATCTTG_005,58
CTCAATTCAGGTGAATCTTG_006,58
CTCAATTCAGGTGAATCTTG_007,199
CTCAATTCAGGTGAATCTTG_008,17
CTCAATTCAGGTGAATCTTG_009,143
CTCAATTCAGGTGAATCTTG_010,184
CTCAATTCAGGTGAATCTTG_011,199
CTTTCCATTATGATTGCCGG_001,83
CTTTCCATTATGATTGCCGG_002,117
CTTTCCATTATGATTGCCGG_003,138
CGGAGAGCGCGAGGACTCGG_001,89
CGGAGAGCGCGAGGACTCGG_002,52
CGGAGAGCGCGAGGACTCGG_003,39
CGGAGAGCGCGAGGACTCGG_004,49
CGGAGAGCGCGAGGACTCGG_005,90
CGGAGAGCGCGAGGACTCGG_006,83
CGGAGAGCGCGAGGACTCGG_007,14
CGGAGAGCGCGAGGACTCGG_008,129
CGGAGAGCGCGAGGACTCGG_009,157
CGGAGAGCGCGAGGACTCGG_010,143
CGGAGAGCGCGAGGACTCGG_011,98
CGGAGAGCGCGAGGACTCGG_012,27
CGGAGAGCGCGAGGACTCGG_013,115
CGGAGAGCGCGAGGACTCGG_014,8
CGGAGAGCGCGAGGACTCGG_015,197
CACCACCAATGGAACCCCTG_001,92
CACCACCAATGGAACCCCTG_002,172
CACCACCAATGGAACCCCTG_003,181
CACCACCAATGGAACCCCTG_004,149
CACCACCAATGGAACCCCTG_005,144
CACCACCAATGGAACCCCTG_006,1
CACCACCAATGGAACCCCTG_007,181
CACCACCAATGGAACCCCTG_008,187
CACCACCAATGGAACCCCTG_009,98
CACCACCAATGGAACCCCTG_010,88
CACCACCAATGGAACCCCTG_011,147
CACCACCAATGGAACCCCTG_012,33
CACCACCAATGGAACCCCTG_013,190
CACCACCAATGGAACCCCTG_014,169
CACCACCAATGGAACCCCTG_015,160
CACCACCAATGGAACCCCTG_016,112
CACCACCAATGGAACCCCTG_017,112
CACCACCAATGGAACCCCTG_018,17
CACCACCAATGGAACCCCTG_019,149
CACCACCAATGGAACCCCTG_020,159
CACCACCAATGGAACCCCTG_021,9
CACCACCAATGGAACCCCTG_022,65
CACCACCAATGGAACCCCTG_023,104
CACCACCAATGGAACCCCTG_024,28
CACCACCAATGGAACCCCTG_025,125
CACCACCAATGGAACCCCTG_026,137
CACCACCAATGGAACCCCTG_027,130
CGGGCTAATGCAGAGCAGAT_001,16
CGGGCTAATGCAGAGCAGAT_002,174
CGGGCTAATGCAGAGCAGAT_003,104
CGGGCTAATGCAGAGCAGAT_004,137
CCAGCGACGGGGTCCCCGCG_001,150
CCAGCGACGGGGTCCCCGCG_002,94
CCAGCGACGGGGTCCCCGCG_003,19
CCAGCGACGGGGTCCCCGCG_004,137
CCAGCGACGGGGTCCCCGCG_005,39
CCAGCGACGGGGTCCCCGCG_006,135
CCAGCGACGGGGTCCCCGCG_007,115
CCAGCGACGGGGTCCCCGCG_008,162
CCAGCGACGGGGTCCCCGCG_009,72
CCAGCGACGGGGTCCCCGCG_010,61
CAACGTACTGGTCAACAACG_001,94
CAACGTACTGGTCAACAACG_002,79
CAACGTACTGGTCAACAACG_003,116
CAACGTACTGGTCAACAACG_004,141
CAACGTACTGGTCAACAACG_005,62
CTGGCAGAGACTTACCGTCC_001,112
CTGGCAGAGACTTACCGTCC_002,32
CTGGCAGAGACTTACCGTCC_003,5
CTGGCAGAGACTTACCGTCC_004,23
CTGGCAGAGACTTACCGTCC_005,147
CTGGCAGAGACTTACCGTCC_006,147
CTGGCAGAGACTTACCGTCC_007,185
CTGGCAGAGACTTACCGTCC_008,62
CTGGCAGAGACTTACCGTCC_009,188
GGAAAAGGCGGCGTGGGCTA_001,119
GGAAAAGGCGGCGTGGGCTA_002,124
GGAAAAGGCGGCGTGGGCTA_003,17
GGAAAAGGCGGCGTGGGCTA_004,141
GGAAAAGGCGGCGTGGGCTA_005,118
GGAAAAGGCGGCGTGGGCTA_006,41
GGAAAAGGCGGCGTGGGCTA_007,173
GGAAAAGGCGGCGTGGGCTA_008,173
GGAAAAGGCGGCGTGGGCTA_009,190
GGAAAAGGCGGCGTGGGCTA_010,123
GGAAAAGGCGGCGTGGGCTA_011,6
GGAAAAGGCGGCGTGGGCTA_012,19
GGAAAAGGCGGCGTGGGCTA_013,19
GGAAAAGGCGGCGTGGGCTA_014,105
GGAAAAGGCGGCGTGGGCTA_015,19
GGAAAAGGCGGCGTGGGCTA_016,48
GGAAAAGGCGGCGTGGGCTA_017,21
GGAAAAGGCGGCGTGGGCTA_018,25
GGAAAAGGCGGCGTGGGCTA_019,29
GGAAAAGGCGGCGTGGGCTA_020,119
GGAAAAGGCGGCGTGGGCTA_021,21
GGAAAAGGCGGCGTGGGCTA_022,184
GGAAAAGGCGGCGTGGGCTA_023,22
GGAAAAGGCGGCGTGGGCTA_024,168
GGAAAAGGCGGCGTGGGCTA_025,41
CTGTACATGTGGCACCTCGT_001,122
CTGTACATGTGGCACCTCGT_002,83
CTGTACATGTGGCACCTCGT_003,128
CTGTACATGTGGCACCTCGT_004,60
CTGTACATGTGGCACCTCGT_005,96
CTGTACATGTGGCACCTCGT_006,144
CTGTACATGTGGCACCTCGT_007,173
CTGTACATGTGGCACCTCGT_008,113
CTGTACATGTGGCACCTCGT_009,150
CTGTACATGTGGCACCTCGT_010,47
CTGTACATGTGGCACCTCGT_011,6
CTGTACATGTGGCACCTCGT_012,15
CTGTACATGTGGCACCTCGT_013,41
CTGTACATGTGGCACCTCGT_014,117
CTGTACATGTGGCACCTCGT_015,65
CTGTACATGTGGCACCTCGT_016,65
CTGTACATGTGGCACCTCGT_017,116
CTGTACATGTGGCACCTCGT_018,179
ACAAAGAGAGAACTAGCCAC_001,94
ACAAAGAGAGAACTAGCCAC_002,67
ACAAAGAGAGAACTAGCCAC_003,76
ACAAAGAGAGAACTAGCCAC_004,136
AGCCGCTCCAGTTTGTCCGA_001,39
AGCCGCTCCAGTTTGTCCGA_002,40
AGCCGCTCCAGTTTGTCCGA_003,94
AGCCGCTCCAGTTTGTCCGA_004,120
AGCCGCTCCAGTTTGTCCGA_005,106
AGCCGCTCCAGTTTGTCCGA_006,166
CACAGCACTGTGGCAATCCC_001,98
CACAGCACTGTGGCAATCCC_002,94
CACAGCACTGTGGCAATCCC_003,8
CACAGCACTGTGGCAATCCC_004,78
CACAGCACTGTGGCAATCCC_005,150
CTACTCCTATAGCTACTACG_001,132
CTACTCCTATAGCTACTACG_002,144
CTACTCCTATAGCTACTACG_003,56
CTACTCCTATAGCTACTACG_004,147
CTACTCCTATAGCTACTACG_005,23
ACTTACCCGGCACACCTCAG_001,137
ACTTACCCGGCACACCTCAG_002,194
ACTTACCCGGCACACCTCAG_003,8
ACTTACCCGGCACACCTCAG_004,137
ACTTACCCGGCACACCTCAG_005,78
ACTTACCCGGCACACCTCAG_006,54
ACTTACCCGGCACACCTCAG_007,130
ACTTACCCGGCACACCTCAG_008,67
ACTTACCCGGCACACCTCAG_009,177
ACTTACCCGGCACACCTCAG_010,93
ACTTACCCGGCACACCTCAG_011,190
ACTTACCCGGCACACCTCAG_012,41
ACTTACCCGGCACACCTCAG_013,169
ACTTACCCGGCACACCTCAG_014,100
ACTTACCCGGCACACCTCAG_015,57
CGAGTCCTTCGCAGACACAG_001,193
CGAGTCCTTCGCAGACACAG_002,33
CGAGTCCTTCGCAGACACAG_003,158
CGAGTCCTTCGCAGACACAG_004,71
CGAGTCCTTCGCAGACACAG_005,104
CGAGTCCTTCGCAGACACAG_006,163
CGAGTCCTTCGCAGACACAG_007,94
CGAGTCCTTCGCAGACACAG_008,66
CGAGTCCTTCGCAGACACAG_009,84
CGAGTCCTTCGCAGACACAG_010,9
CGAGTCCTTCGCAGACACAG_011,69
CGAGTCCTTCGCAGACACAG_012,15
CGAGTCCTTCGCAGACACAG_013,150
CGAGTCCTTCGCAGACACAG_014,8
CGAGTCCTTCGCAGACACAG_015,47
CGAGTCCTTCGCAGACACAG_016,47
CGAGTCCTTCGCAGACACAG_017,177
CGAGTCCTTCGCAGACACAG_018,11
CGAGTCCTTCGCAGACACAG_019,82
CGAGTCCTTCGCAGACACAG_020,81
CGAGTCCTTCGCAGACACAG_021,48
CGAGTCCTTCGCAGACACAG_022,30
CGAGTCCTTCGCAGACACAG_023,49
CGAGTCCTTCGCAGACACAG_024,191
CGAGTCCTTCGCAGACACAG_025,161
CTACAGAGCTCTCAGCATGG_001,62
CTACAGAGCTCTCAGCATGG_002,57
CTACAGAGCTCTCAGCATGG_003,197
CTACAGAGCTCTCAGCATGG_004,12
CTACAGAGCTCTCAGCATGG_005,106
CTACAGAGCTCTCAGCATGG_006,9
CTACAGAGCTCTCAGCATGG_007,96
CTACAGAGCTCTCAGCATGG_008,9
CTACAGAGCTCTCAGCATGG_009,158
CTACAGAGCTCTCAGCATGG_010,182
CTACAGAGCTCTCAGCATGG_011,182
CTACAGAGCTCTCAGCATGG_012,48
CTACAGAGCTCTCAGCATGG_013,90
GTAACACTCCTTACTTGAGG_001,17
GTAACACTCCTTACTTGAGG_002,175
GTAACACTCCTTACTTGAGG_003,20
GTTATCACGAATCTTCGGGG_001,127
GTTATCACGAATCTTCGGGG_002,105
CCATGATTAGAGTCCCAGCT_001,157
CCATGATTAGAGTCCCAGCT_002,27
CCATGATTAGAGTCCCAGCT_003,130
CCATGATTAGAGTCCCAGCT_004,82
CCATGATTAGAGTCCCAGCT_005,112
CCATGATTAGAGTCCCAGCT_006,114
TTCCCATCAAGACCAGACAA_001,4
TTCCCATCAAGACCAGACAA_002,115
GCGTGCGGCTGAGCGCCGAG_001,159
GCGTGCGGCTGAGCGCCGAG_002,106
GCGTGCGGCTGAGCGCCGAG_003,17
GCGTGCGGCTGAGCGCCGAG_004,19
GCGTGCGGCTGAGCGCCGAG_005,146
GCGTGCGGCTGAGCGCCGAG_006,189
GCGTGCGGCTGAGCGCCGAG_007,84
GCGTGCGGCTGAGCGCCGAG_008,53
GCGTGCGGCTGAGCGCCGAG_009,178
GCGTGCGGCTGAGCGCCGAG_010,47
GCGTGCGGCTGAGCGCCGAG_011,184
GCGTGCGGCTGAGCGCCGAG_012,171
GCGTGCGGCTGAGCGCCGAG_013,19
GCGTGCGGCTGAGCGCCGAG_014,196
GCGTGCGGCTGAGCGCCGAG_015,98
GCGTGCGGCTGAGCGCCGAG_016,165
CAACGTGGAGAACTCCACAA_001,1
CAACGTGGAGAACTCCACAA_002,62
CAACGTGGAGAACTCCACAA_003,148
CAACGTGGAGAACTCCACAA_004,121
CAACGTGGAGAACTCCACAA_005,148
CAACGTGGAGAACTCCACAA_006,199
CAACGTGGAGAACTCCACAA_007,169
CAACGTGGAGAACTCCACAA_008,166
CAACGTGGAGAACTCCACAA_009,35
CAACGTGGAGAACTCCACAA_010,60
CAACGTGGAGAACTCCACAA_011,171
CAACGTGGAGAACTCCACAA_012,60
CAACGTGGAGAACTCCACAA_013,182
CAACGTGGAGAACTCCACAA_014,137
CAACGTGGAGAACTCCACAA_015,186
CAACGTGGAGAACTCCACAA_016,119
CAACGTGGAGAACTCCACAA_017,134
CAACGTGGAGAACTCCACAA_018,170
CAACGTGGAGAACTCCACAA_019,57
CAACGTGGAGAACTCCACAA_020,52
CAACGTGGAGAACTCCACAA_021,66
TACATCATAATCGGCGACAC_001,161
TACATCATAATCGGCGACAC_002,80
TACATCATAATCGGCGACAC_003,191
TACATCATAATCGGCGACAC_004,191
TTGGATTTAAAAGTCTGACG_001,108
TTGGATTTAAAAGTCTGACG_002,36
TTGGATTTAAAAGTCTGACG_003,129
TTGGATTTAAAAGTCTGACG_004,166
TTGGATTTAAAAGTCTGACG_005,56
TTGGATTTAAAAGTCTGACG_006,108
TTGGATTTAAAAGTCTGACG_007,108
TTGGATTTAAAAGTCTGACG_008,16
TTGGATTTAAAAGTCTGACG_009,130
TTGGATTTAAAAGTCTGACG_010,79
CCTGGTCGATGCTTACCTCG_001,63
CCTGGTCGATGCTTACCTCG_002,19
CCTGGTCGATGCTTACCTCG_003,151
CCTGGTCGATGCTTACCTCG_004,67
CCTGGTCGATGCTTACCTCG_005,34
CCTGGTCGATGCTTACCTCG_006,8
GTGGTGGCCACCAATGACGT_001,176
GTGGTGGCCACCAATGACGT_002,127
GTGGTGGCCACCAATGACGT_003,147
GTGGTGGCCACCAATGACGT_004,178
GTGGTGGCCACCAATGACGT_005,106
GTGGTGGCCACCAATGACGT_006,6
GTGGTGGCCACCAATGACGT_007,102
GTGGTGGCCACCAATGACGT_008,92
GTGGTGGCCACCAATGACGT_009,21
GTGGTGGCCACCAATGACGT_010,75
GTGGTGGCCACCAATGACGT_011,55
GTGGTGGCCACCAATGACGT_012,128
GTGGTGGCCACCAATGACGT_013,52
CCTGACACCACCTTACCATG_001,193
CCTGACACCACCTTACCATG_002,146
CCTGACACCACCTTACCATG_003,106
CCTGACACCACCTTACCATG_004,56
CCTGACACCACCTTACCATG_005,188
CCTGACACCACCTTACCATG_006,46
CATACATGAGGGTACCTCAG_001,72
CATACATGAGGGTACCTCAG_002,115
CATACATGAGGGTACCTCAG_003,151
CATACATGAGGGTACCTCAG_004,34
CGGACCCTAACCATGTCAAG_001,153
CGGACCCTAACCATGTCAAG_002,95
CGGACCCTAACCATGTCAAG_003,132
CGGACCCTAACCATGTCAAG_004,68
CGGACCCTAACCATGTCAAG_005,73
CGGACCCTAACCATGTCAAG_006,102
CGGACCCTAACCATGTCAAG_007,190
CGGACCCTAACCATGTCAAG_008,7
AGCCATCACTGCTATCATCG_001,196
AGCCATCACTGCTATCATCG_002,142
AGCCATCACTGCTATCATCG_003,165
AGCCATCACTGCTATCATCG_004,128
AGCCATCACTGCTATCATCG_005,61
AGCCATCACTGCTATCATCG_006,102
AGGAATCCAAGTGATCTACG_001,141
AGGAATCCAAGTGATCTACG_002,130
AGGAATCCAAGTGATCTACG_003,68
AGGAATCCAAGTGATCTACG_004,8
AGGAATCCAAGTGATCTACG_005,10
GCGCAAGGCTCCATACACAA_001,124
GCGCAAGGCTCCATACACAA_002,160
GCGCAAGGCTCCATACACAA_003,33
GCGCAAGGCTCCATACACAA_004,8
GCGCAAGGCTCCATACACAA_005,3
GCGCAAGGCTCCATACACAA_006,76
TGGAACTCGTCCAGGAGCTG_001,145
TGGAACTCGTCCAGGAGCTG_002,165
TGGAACTCGTCCAGGAGCTG_003,147
TGGAACTCGTCCAGGAGCTG_004,121
TGGAACTCGTCCAGGAGCTG_005,188
TGGAACTCGTCCAGGAGCTG_006,77
TGGAACTCGTCCAGGAGCTG_007,139
TGGAACTCGTCCAGGAGCTG_008,25
TGGAACTCGTCCAGGAGCTG_009,36
TGGAACTCGTCCAGGAGCTG_010,69
TGGAACTCGTCCAGGAGCTG_011,7
TGGAACTCGTCCAGGAGCTG_012,31
TGGAACTCGTCCAGGAGCTG_013,45
TGGAACTCGTCCAGGAGCTG_014,6
TGGAACTCGTCCAGGAGCTG_015,23
TGGAACTCGTCCAGGAGCTG_016,85
TGGAACTCGTCCAGGAGCTG_017,117
TGGAACTCGTCCAGGAGCTG_018,53
TGGAACTCGTCCAGGAGCTG_019,194
TGGAACTCGTCCAGGAGCTG_020,113
TGGAACTCGTCCAGGAGCTG_021,83
TGGAACTCGTCCAGGAGCTG_022,62
TGGAACTCGTCCAGGAGCTG_023,172
TGGAACTCGTCCAGGAGCTG_024,114
TGGAACTCGTCCAGGAGCTG_025,32
AAAGGTCAACATTCTACCAC_001,65
AAAGGTCAACATTCTACCAC_002,13
AAAGGTCAACATTCTACCAC_003,129
AAAGGTCAACATTCTACCAC_004,65
CTGTTCGAGATGGATGCACA_001,57
CTGTTCGAGATGGATGCACA_002,108
CTGTTCGAGATGGATGCACA_003,29
CTGTTCGAGATGGATGCACA_004,66
CTGTTCGAGATGGATGCACA_005,88
CTGTTCGAGATGGATGCACA_006,122
CTGTTCGAGATGGATGCACA_007,164
ACACTGACAAAGACTTATCG_001,158
ACACTGACAAAGACTTATCG_002,109
ACACTGACAAAGACTTATCG_003,24
ACACTGACAAAGACTTATCG_004,78
ACACTGACAAAGACTTATCG_005,191
ACACTGACAAAGACTTATCG_006,124
ACACTGACAAAGACTTATCG_007,92
ACACTGACAAAGACTTATCG_008,160
AGTGGTGGATGGTTACCACT_001,94
AGTGGTGGATGGTTACCACT_002,138
AGTGGTGGATGGTTACCACT_003,32
AGTGGTGGATGGTTACCACT_004,182
AGTGGTGGATGGTTACCACT_005,11
AGTGGTGGATGGTTACCACT_006,88
AGTGGTGGATGGTTACCACT_007,55
AGTGGTGGATGGTTACCACT_008,121
AGTGGTGGATGGTTACCACT_009,161
AGTGGTGGATGGTTACCACT_010,97
AGTGGTGGATGGTTACCACT_011,135
AGTGGTGGATGGTTACCACT_012,88
AGTGGTGGATGGTTACCACT_013,56
CGTCGAGTGCTCGAACTCCA_001,188
CGTCGAGTGCTCGAACTCCA_002,119
CGTCGAGTGCTCGAACTCCA_003,49
CGTCGAGTGCTCGAACTCCA_004,179
CGTCGAGTGCTCGAACTCCA_005,13
CGTCGAGTGCTCGAACTCCA_006,40
CGTCGAGTGCTCGAACTCCA_007,194
CGTCGAGTGCTCGAACTCCA_008,48
CGTCGAGTGCTCGAACTCCA_009,96
CGTCGAGTGCTCGAACTCCA_010,105
CGTCGAGTGCTCGAACTCCA_011,125
CGTCGAGTGCTCGAACTCCA_012,139
CGTCGAGTGCTCGAACTCCA_013,46
CGTCGAGTGCTCGAACTCCA_014,168
CGTCGAGTGCTCGAACTCCA_015,170
CGTCGAGTGCTCGAACTCCA_016,140
CGTCGAGTGCTCGAACTCCA_017,174
CGTCGAGTGCTCGAACTCCA_018,102
CGTCGAGTGCTCGAACTCCA_019,43
CGTCGAGTGCTCGAACTCCA_020,98
TTTGTCAATAAGCCCACGCG_001,195
TTTGTCAATAAGCCCACGCG_002,112
TTTGTCAATAAGCCCACGCG_003,146
TTTGTCAATAAGCCCACGCG_004,20
TTTGTCAATAAGCCCACGCG_005,172
TTTGTCAATAAGCCCACGCG_006,174
TTTGTCAATAAGCCCACGCG_007,2
TTTGTCAATAAGCCCACGCG_008,57
TTTGTCAATAAGCCCACGCG_009,134
TTTGTCAATAAGCCCACGCG_010,50
TTTGTCAATAAGCCCACGCG_011,147
TTTGTCAATAAGCCCACGCG_012,77
TTTGTCAATAAGCCCACGCG_013,78
TTTGTCAATAAGCCCACGCG_014,56
TTTGTCAATAAGCCCACGCG_015,123
CGTACTTCCGGACAGCCACG_001,15
CGTACTTCCGGACAGCCACG_002,49
CGTACTTCCGGACAGCCACG_003,194
CGTACTTCCGGACAGCCACG_004,81
CGTACTTCCGGACAGCCACG_005,188
CGTACTTCCGGACAGCCACG_006,194
CGTACTTCCGGACAGCCACG_007,2
CGTACTTCCGGACAGCCACG_008,12
CGTACTTCCGGACAGCCACG_009,120
GAAGTAGAACCTGCGCGATG_001,105
GAAGTAGAACCTGCGCGATG_002,73
GAAGTAGAACCTGCGCGATG_003,110
GAAGTAGAACCTGCGCGATG_004,34
GAAGTAGAACCTGCGCGATG_005,162
GAAGTAGAACCTGCGCGATG_006,21
GAAGTAGAACCTGCGCGATG_007,48
GAAGTAGAACCTGCGCGATG_008,185
CTGTCACCCTGACTCGGAGA_001,9
CTGTCACCCTGACTCGGAGA_002,178
CTGTCACCCTGACTCGGAGA_003,108
CTGTCACCCTGACTCGGAGA_004,19
CTGTCACCCTGACTCGGAGA_005,131
CTGTCACCCTGACTCGGAGA_006,101
GTGGAAGAGGACGTGCACAT_001,42
GTGGAAGAGGACGTGCACAT_002,106
GTGGAAGAGGACGTGCACAT_003,8
GTGGAAGAGGACGTGCACAT_004,196
GTGGAAGAGGACGTGCACAT_005,47
GTGGAAGAGGACGTGCACAT_006,82
GTGGAAGAGGACGTGCACAT_007,43
GTGGAAGAGGACGTGCACAT_008,192
GTGGAAGAGGACGTGCACAT_009,141
GTGGAAGAGGACGTGCACAT_010,130
GTGGAAGAGGACGTGCACAT_011,188
GTGGAAGAGGACGTGCACAT_012,156
GTGGAAGAGGACGTGCACAT_013,91
GTGGAAGAGGACGTGCACAT_014,19
GTGGAAGAGGACGTGCACAT_015,18
GTGGAAGAGGACGTGCACAT_016,130
CTCACCGTGACGTGTAGAAG_001,174
CTCACCGTGACGTGTAGAAG_002,114
TATCGCATATTCTTGATGCG_001,61
TATTGTCAGGACTTCCCGTG_001,48
TATTGTCAGGACTTCCCGTG_002,77
TATTGTCAGGACTTCCCGTG_003,129
TATTGTCAGGACTTCCCGTG_004,171
TATTGTCAGGACTTCCCGTG_005,190
TATTGTCAGGACTTCCCGTG_006,188
TATTGTCAGGACTTCCCGTG_007,11
TATTGTCAGGACTTCCCGTG_008,188
TATTGTCAGGACTTCCCGTG_009,49
TATTGTCAGGACTTCCCGTG_010,0
AAAAAGGTGAAGGACAGGAT_001,184
AAAAAGGTGAAGGACAGGAT_002,47
AAAAAGGTGAAGGACAGGAT_003,147
AAAAAGGTGAAGGACAGGAT_004,107
AAAAAGGTGAAGGACAGGAT_005,171
AAAAAGGTGAAGGACAGGAT_006,199
CTCAGAATTATCTACGCCAG_001,38
CTCAGAATTATCTACGCCAG_002,67
CTCAGAATTATCTACGCCAG_003,151
CTCAGAATTATCTACGCCAG_004,99
AGTAGAGGCCTCCTACACAG_001,24
AGTAGAGGCCTCCTACACAG_002,117
AGTAGAGGCCTCCTACACAG_003,94
AGTAGAGGCCTCCTACACAG_004,157
AGTAGAGGCCTCCTACACAG_005,22
AGTAGAGGCCTCCTACACAG_006,49
ATTCGTCCATCTCTAAGTGA_001,116
ATTCGTCCATCTCTAAGTGA_002,19
ATTCGTCCATCTCTAAGTGA_003,174
ATTCGTCCATCTCTAAGTGA_004,121
CTGGGGTCAAGAACACTGGT_001,132
CTGGGGTCAAGAACACTGGT_002,122
CTGGGGTCAAGAACACTGGT_003,15
CTGGGGTCAAGAACACTGGT_004,156
CTGGGGTCAAGAACACTGGT_005,70
CTGGGGTCAAGAACACTGGT_006,127
CTGGGGTCAAGAACACTGGT_007,110
CTGGGGTCAAGAACACTGGT_008,13
CTGTAAATATAAATAAAAGC_001,182
GAGATGGTAACTGAACCCCC_001,103
GAGATGGTAACTGAACCCCC_002,85
GAGATGGTAACTGAACCCCC_003,149
TTGCCGTTCAGTAATGAGGT_001,136
TTGCCGTTCAGTAATGAGGT_002,56
TTGCCGTTCAGTAATGAGGT_003,150
TTGCCGTTCAGTAATGAGGT_004,69
TTGCCGTTCAGTAATGAGGT_005,27
TTGCCGTTCAGTAATGAGGT_006,175
TTGCCGTTCAGTAATGAGGT_007,56
GCGCGAGTGCGACTTCCGCG_001,112
GCGCGAGTGCGACTTCCGCG_002,57
GCGCGAGTGCGACTTCCGCG_003,5
GCGCGAGTGCGACTTCCGCG_004,134
GCGCGAGTGCGACTTCCGCG_005,106
GCGCGAGTGCGACTTCCGCG_006,2
GCGCGAGTGCGACTTCCGCG_007,170
GCGCGAGTGCGACTTCCGCG_008,34
GCGCGAGTGCGACTTCCGCG_009,60
GCGCGAGTGCGACTTCCGCG_010,144
GCGCGAGTGCGACTTCCGCG_011,69
GCGCGAGTGCGACTTCCGCG_012,158
TATCTCGAACAACTACACTG_001,171
TATCTCGAACAACTACACTG_002,169
TATCTCGAACAACTACACTG_003,27
TCACTGAACATGACCACCAG_001,134
TCACTGAACATGACCACCAG_002,162
TCACTGAACATGACCACCAG_003,77
TCACTGAACATGACCACCAG_004,185
TCACTGAACATGACCACCAG_005,43
TCACTGAACATGACCACCAG_006,163
TCACTGAACATGACCACCAG_007,4
TCACTGAACATGACCACCAG_008,169
TCACTGAACATGACCACCAG_009,94
TCACTGAACATGACCACCAG_010,157
TCACTGAACATGACCACCAG_011,105
TCACTGAACATGACCACCAG_012,10
TCACTGAACATGACCACCAG_013,86
TCACTGAACATGACCACCAG_014,126
TCACTGAACATGACCACCAG_015,33
TCACTGAACATGACCACCAG_016,30
AGAACCGAGAGTTAAAGATG_001,8
AGAACCGAGAGTTAAAGATG_002,77
AGAACCGAGAGTTAAAGATG_003,169
AGAACCGAGAGTTAAAGATG_004,167
AGAACCGAGAGTTAAAGATG_005,167
AGAACCGAGAGTTAAAGATG_006,60
AGAACCGAGAGTTAAAGATG_007,10
AGAACCGAGAGTTAAAGATG_008,185
CATCCTTAGTTGTGCTACAG_001,44
CATCCTTAGTTGTGCTACAG_002,29
CATCCTTAGTTGTGCTACAG_003,28
AACATATTGCTATAACACCA_001,160
AACATATTGCTATAACACCA_002,146
AACATATTGCTATAACACCA_003,148
AACATATTGCTATAACACCA_004,27
GTACCATTGCCGGCTCCCTA_001,136
GTACCATTGCCGGCTCCCTA_002,94
GTACCATTGCCGGCTCCCTA_003,130
GTACCATTGCCGGCTCCCTA_004,188
GTACCATTGCCGGCTCCCTA_005,170
GTACCATTGCCGGCTCCCTA_006,29
GTACCATTGCCGGCTCCCTA_007,51
GTACCATTGCCGGCTCCCTA_008,127
GTACCATTGCCGGCTCCCTA_009,182
GTACCATTGCCGGCTCCCTA_010,185
GTACCATTGCCGGCTCCCTA_011,28
GTACCATTGCCGGCTCCCTA_012,53
GTACCATTGCCGGCTCCCTA_013,105
GTACCATTGCCGGCTCCCTA_014,184
GTACCATTGCCGGCTCCCTA_015,175
GTACCATTGCCGGCTCCCTA_016,172
GTACCATTGCCGGCTCCCTA_017,144
GTACCATTGCCGGCTCCCTA_018,147
GTACCATTGCCGGCTCCCTA_019,80
GTACCATTGCCGGCTCCCTA_020,6
GTACCATTGCCGGCTCCCTA_021,144
GTACCATTGCCGGCTCCCTA_022,188
GTACCATTGCCGGCTCCCTA_023,177
GTACCATTGCCGGCTCCCTA_024,118
GTACCATTGCCGGCTCCCTA_025,159
GTACCATTGCCGGCTCCCTA_026,17
GTACCATTGCCGGCTCCCTA_027,115
GTACCATTGCCGGCTCCCTA_028,105
GTACCATTGCCGGCTCCCTA_029,137
GTACCATTGCCGGCTCCCTA_030,97
GTACCATTGCCGGCTCCCTA_031,158
GTACCATTGCCGGCTCCCTA_032,77
GTACCATTGCCGGCTCCCTA_033,47
GTACCATTGCCGGCTCCCTA_034,40
GTACCATTGCCGGCTCCCTA_035,190
GTACCATTGCCGGCTCCCTA_036,16
ACCATAGCCCACAATAGCCT_001,55
ACCATAGCCCACAATAGCCT_002,12
ACCATAGCCCACAATAGCCT_003,133
ACCATAGCCCACAATAGCCT_004,88
ACCATAGCCCACAATAGCCT_005,145
ACCATAGCCCACAATAGCCT_006,157
ACCATAGCCCACAATAGCCT_007,141
ACCATAGCCCACAATAGCCT_008,26
ACCATAGCCCACAATAGCCT_009,149
ACCATAGCCCACAATAGCCT_010,56
ACCATAGCCCACAATAGCCT_011,174
ACCATAGCCCACAATAGCCT_012,27
ACCATAGCCCACAATAGCCT_013,113
AGCAACCAGGTGCGTCCTGT_001,73
AGCAACCAGGTGCGTCCTGT_002,48
AGCAACCAGGTGCGTCCTGT_003,58
AGCAACCAGGTGCGTCCTGT_004,68
AGCAACCAGGTGCGTCCTGT_005,78
AGCAACCAGGTGCGTCCTGT_006,19
AGCAACCAGGTGCGTCCTGT_007,2
AGCAACCAGGTGCGTCCTGT_008,35
TCTTTCTGGAACACACCCAT_001,97
TCTTTCTGGAACACACCCAT_002,106
TCTTTCTGGAACACACCCAT_003,50
TCTTTCTGGAACACACCCAT_004,145
AAGAGATGGACATTGTCCAG_001,58
AAGAGATGGACATTGTCCAG_002,150
AAGAGATGGACATTGTCCAG_003,163
AAGAGATGGACATTGTCCAG_004,176
AAGAGATGGACATTGTCCAG_005,2
TCCAAGGAAACAGCGCAGGT_001,157
TCCAAGGAAACAGCGCAGGT_002,182
TCCAAGGAAACAGCGCAGGT_003,162
TCCAAGGAAACAGCGCAGGT_004,117
TCCAAGGAAACAGCGCAGGT_005,5
TCCAAGGAAACAGCGCAGGT_006,10
TCCAAGGAAACAGCGCAGGT_007,199
TCCAAGGAAACAGCGCAGGT_008,64
TCCAAGGAAACAGCGCAGGT_009,104
CAAAGAGCTCGATCTTCATG_001,173
CTTTGACTTGTGCATCCATG_001,105
CTTTGACTTGTGCATCCATG_002,155
CTTTGACTTGTGCATCCATG_003,116
CTTTGACTTGTGCATCCATG_004,129
CTTTGACTTGTGCATCCATG_005,126
GACACGCTCTACATGGTGTG_001,13
GACACGCTCTACATGGTGTG_002,20
GACACGCTCTACATGGTGTG_003,178
GACACGCTCTACATGGTGTG_004,103
GACACGCTCTACATGGTGTG_005,0
GACACGCTCTACATGGTGTG_006,61
GACACGCTCTACATGGTGTG_007,176
GACACGCTCTACATGGTGTG_008,141
GACACGCTCTACATGGTGTG_009,198
GACACGCTCTACATGGTGTG_010,5
GACACGCTCTACATGGTGTG_011,151
GACACGCTCTACATGGTGTG_012,28
GACACGCTCTACATGGTGTG_013,192
GACACGCTCTACATGGTGTG_014,145
GACACGCTCTACATGGTGTG_015,69
GACACGCTCTACATGGTGTG_016,20
GACACGCTCTACATGGTGTG_017,150
GACACGCTCTACATGGTGTG_018,44
GACACGCTCTACATGGTGTG_019,49
GACACGCTCTACATGGTGTG_020,70
GACACGCTCTACATGGTGTG_021,137
GACACGCTCTACATGGTGTG_022,16
GACACGCTCTACATGGTGTG_023,19
GACACGCTCTACATGGTGTG_024,46
GACACGCTCTACATGGTGTG_025,117
GACACGCTCTACATGGTGTG_026,46
GACACGCTCTACATGGTGTG_027,19
GACACGCTCTACATGGTGTG_028,191
ACTGAGAGCCTATCCAATAC_001,186
ACTGAGAGCCTATCCAATAC_002,192
ACTGAGAGCCTATCCAATAC_003,15
ACTGAGAGCCTATCCAATAC_004,26
AGCCAAGGGACCTACGCGGG_001,149
AGCCAAGGGACCTACGCGGG_002,121
AGCCAAGGGACCTACGCGGG_003,44
AGCCAAGGGACCTACGCGGG_004,78
AGCCAAGGGACCTACGCGGG_005,172
AGCCAAGGGACCTACGCGGG_006,46
AGCCAAGGGACCTACGCGGG_007,98
AGCCAAGGGACCTACGCGGG_008,0
AGCCAAGGGACCTACGCGGG_009,63
AGCCAAGGGACCTACGCGGG_010,162
AGCCAAGGGACCTACGCGGG_011,174
AGCCAAGGGACCTACGCGGG_012,156
AGCCAAGGGACCTACGCGGG_013,181
AGCCAAGGGACCTACGCGGG_014,199
AGCCAAGGGACCTACGCGGG_015,118
AGCCAAGGGACCTACGCGGG_016,194
AGCCAAGGGACCTACGCGGG_017,11
GAGCTCCTGTAATAAGAATG_001,42
GAGCTCCTGTAATAAGAATG_002,123
GAGCTCCTGTAATAAGAATG_003,54
GAGCTCCTGTAATAAGAATG_004,19
GAGCTCCTGTAATAAGAATG_005,1
GAGCTCCTGTAATAAGAATG_006,8
GAGCTCCTGTAATAAGAATG_007,158
GAGCTCCTGTAATAAGAATG_008,130
GAGCTCCTGTAATAAGAATG_009,33
GAGCTCCTGTAATAAGAATG_010,191
GAGCTCCTGTAATAAGAATG_011,78
CTACAACATGCCAATTACCA_001,188
CTACAACATGCCAATTACCA_002,11
CTACAACATGCCAATTACCA_003,140
CTACAACATGCCAATTACCA_004,172
GCTGTGGTTGCTGTTTGCGG_001,133
GCTGTGGTTGCTGTTTGCGG_002,55
GCTGTGGTTGCTGTTTGCGG_003,4
GCTGTGGTTGCTGTTTGCGG_004,98
GGTTTGGTTCAAGAACCGGA_001,127
GGTTTGGTTCAAGAACCGGA_002,198
GGTTTGGTTCAAGAACCGGA_003,198
GGTTTGGTTCAAGAACCGGA_004,44
GGTTTGGTTCAAGAACCGGA_005,35
GGTTTGGTTCAAGAACCGGA_006,62
GGTTTGGTTCAAGAACCGGA_007,121
GGTTTGGTTCAAGAACCGGA_008,69
GGTTTGGTTCAAGAACCGGA_009,34
ATGGTGTCCACGTTCTACAA_001,58
ATGGTGTCCACGTTCTACAA_002,122
ATGGTGTCCACGTTCTACAA_003,169
ATGGTGTCCACGTTCTACAA_004,19
ATGGTGTCCACGTTCTACAA_005,108
ATGGTGTCCACGTTCTACAA_006,68
ATGGTGTCCACGTTCTACAA_007,59
ATGGTGTCCACGTTCTACAA_008,58
ATGGTGTCCACGTTCTACAA_009,168
ATGGTGTCCACGTTCTACAA_010,10
ATGGTGTCCACGTTCTACAA_011,132
ATGGTGTCCACGTTCTACAA_012,79
ATGGTGTCCACGTTCTACAA_013,153
ATGGTGTCCACGTTCTACAA_014,144
ATGGTGTCCACGTTCTACAA_015,131
ATGGTGTCCACGTTCTACAA_016,136
TGATGAGAGCCAGGCGTCTG_001,29
TGATGAGAGCCAGGCGTCTG_002,88
TGATGAGAGCCAGGCGTCTG_003,15
TGATGAGAGCCAGGCGTCTG_004,45
TGATGAGAGCCAGGCGTCTG_005,107
TGATGAGAGCCAGGCGTCTG_006,62
TGATGAGAGCCAGGCGTCTG_007,80
TGATGAGAGCCAGGCGTCTG_008,6
TGATGAGAGCCAGGCGTCTG_009,36
TGATGAGAGCCAGGCGTCTG_010,146
TGATGAGAGCCAGGCGTCTG_011,184
CATCATCAGTTGCACCAGAG_001,134
CATCATCAGTTGCACCAGAG_002,69
CATCATCAGTTGCACCAGAG_003,99
CATCATCAGTTGCACCAGAG_004,119
CATCATCAGTTGCACCAGAG_005,164
CATCATCAGTTGCACCAGAG_006,198
CATCATCAGTTGCACCAGAG_007,28
CATCATCAGTTGCACCAGAG_008,131
CATCATCAGTTGCACCAGAG_009,69
TCAGGGATACACTTGTCCAG_001,127
AGGCCACGGAGGCAGGAAAG_001,183
AGGCCACGGAGGCAGGAAAG_002,170
AAGGAGCAGCAGGATCAAAG_001,58
AAGGAGCAGCAGGATCAAAG_002,141
AAGGAGCAGCAGGATCAAAG_003,60
AAGGAGCAGCAGGATCAAAG_004,78
AAGGAGCAGCAGGATCAAAG_005,76
AAGGAGCAGCAGGATCAAAG_006,98
AAGGAGCAGCAGGATCAAAG_007,181
AAGGAGCAGCAGGATCAAAG_008,168
AAGGAGCAGCAGGATCAAAG_009,113
AAGGAGCAGCAGGATCAAAG_010,9
AAGGAGCAGCAGGATCAAAG_011,80
TCACCCGAACGGTACTCCAA_001,18
TCACCCGAACGGTACTCCAA_002,181
TCACCCGAACGGTACTCCAA_003,135
TCACCCGAACGGTACTCCAA_004,12
TCACCCGAACGGTACTCCAA_005,39
TCACCCGAACGGTACTCCAA_006,194
TCACCCGAACGGTACTCCAA_007,184
TCACCCGAACGGTACTCCAA_008,106
TCACCCGAACGGTACTCCAA_009,72
TCACCCGAACGGTACTCCAA_010,69
TCACCCGAACGGTACTCCAA_011,26
TCACCCGAACGGTACTCCAA_012,94
TCACCCGAACGGTACTCCAA_013,103
TCACCCGAACGGTACTCCAA_014,15
TCACCCGAACGGTACTCCAA_015,77
TCACCCGAACGGTACTCCAA_016,170
TCACCCGAACGGTACTCCAA_017,138
TCACCCGAACGGTACTCCAA_018,165
TCACCCGAACGGTACTCCAA_019,126
TCACCCGAACGGTACTCCAA_020,144
TCACCCGAACGGTACTCCAA_021,188
TCACCCGAACGGTACTCCAA_022,10
TCACCCGAACGGTACTCCAA_023,52
TCACCCGAACGGTACTCCAA_024,37
TCACCCGAACGGTACTCCAA_025,48
TCACCCGAACGGTACTCCAA_026,198
TCACCCGAACGGTACTCCAA_027,52
TCACCCGAACGGTACTCCAA_028,104
GTGAAAGGCATTCCTCACAC_001,164
GTGAAAGGCATTCCTCACAC_002,164
GTGAAAGGCATTCCTCACAC_003,194
GTGAAAGGCATTCCTCACAC_004,141
GTGAAAGGCATTCCTCACAC_005,158
GTGAAAGGCATTCCTCACAC_006,94
GTGAAAGGCATTCCTCACAC_007,150
GTGAAAGGCATTCCTCACAC_008,72
GTGAAAGGCATTCCTCACAC_009,11
TGACTACACTAACTATCATG_001,46
CCCGGCCTCAAAGGCCAACG_001,31
CCCGGCCTCAAAGGCCAACG_002,52
CCCGGCCTCAAAGGCCAACG_003,77
CCCGGCCTCAAAGGCCAACG_004,57
GAGTTCAGGACTGTCCACAC_001,12
GAGTTCAGGACTGTCCACAC_002,134
GAGTTCAGGACTGTCCACAC_003,183
GAGTTCAGGACTGTCCACAC_004,77
GAGTTCAGGACTGTCCACAC_005,86
GAGTTCAGGACTGTCCACAC_006,174
GAGTTCAGGACTGTCCACAC_007,123
GAGTTCAGGACTGTCCACAC_008,193
GAGTTCAGGACTGTCCACAC_009,15
GAGTTCAGGACTGTCCACAC_010,172
GAGTTCAGGACTGTCCACAC_011,177
GAGTTCAGGACTGTCCACAC_012,184
TGCTGCAATCTCACTGACGA_001,54
TGCTGCAATCTCACTGACGA_002,193
TGCTGCAATCTCACTGACGA_003,152
TGCTGCAATCTCACTGACGA_004,49
TGCTGCAATCTCACTGACGA_005,188
TGCTGCAATCTCACTGACGA_006,89
TGCTGCAATCTCACTGACGA_007,198
TGCTGCAATCTCACTGACGA_008,112
TGCTGCAATCTCACTGACGA_009,93
TGCTGCAATCTCACTGACGA_010,111
GCTGCCGTCCTTGTAAGGCG_001,196
GCTGCCGTCCTTGTAAGGCG_002,152
GCTGCCGTCCTTGTAAGGCG_003,184
GCTGCCGTCCTTGTAAGGCG_004,84
GCTGCCGTCCTTGTAAGGCG_005,49
GCTGCCGTCCTTGTAAGGCG_006,104
GCTGCCGTCCTTGTAAGGCG_007,134
GCTGCCGTCCTTGTAAGGCG_008,127
CTACACCGCCCAGATCGGAG_001,196
CTACACCGCCCAGATCGGAG_002,97
CTACACCGCCCAGATCGGAG_003,15
CTACACCGCCCAGATCGGAG_004,143
CTACACCGCCCAGATCGGAG_005,173
CTACACCGCCCAGATCGGAG_006,141
CTACACCGCCCAGATCGGAG_007,78
CTACACCGCCCAGATCGGAG_008,10
CTACACCGCCCAGATCGGAG_009,163
CTACACCGCCCAGATCGGAG_010,127
CTACACCGCCCAGATCGGAG_011,151
CTACACCGCCCAGATCGGAG_012,78
CTACACCGCCCAGATCGGAG_013,142
GAAGCCCACGGCATGGAGCG_001,106
GAAGCCCACGGCATGGAGCG_002,72
GAAGCCCACGGCATGGAGCG_003,153
GAAGCCCACGGCATGGAGCG_004,6
GAAGCCCACGGCATGGAGCG_005,27
GAAGCCCACGGCATGGAGCG_006,147
ACTTATCGAAGTACAGGCAG_001,1
ACTTATCGAAGTACAGGCAG_002,60
ACTTATCGAAGTACAGGCAG_003,17
ACTTATCGAAGTACAGGCAG_004,50
ACTTATCGAAGTACAGGCAG_005,7
ACTTATCGAAGTACAGGCAG_006,124
ACTTATCGAAGTACAGGCAG_007,46
ACTTATCGAAGTACAGGCAG_008,132
ACTTATCGAAGTACAGGCAG_009,170
TCCTTCTTCGTACTTCGACG_001,23
TCCTTCTTCGTACTTCGACG_002,72
TCCTTCTTCGTACTTCGACG_003,19
TCCTTCTTCGTACTTCGACG_004,8
AGTAGAAGTAGACCAAACCA_001,105
AGTAGAAGTAGACCAAACCA_002,7
AGTAGAAGTAGACCAAACCA_003,5
AGTAGAAGTAGACCAAACCA_004,5
AGTAGAAGTAGACCAAACCA_005,12
AGTAGAAGTAGACCAAACCA_006,78
AGTAGAAGTAGACCAAACCA_007,86
AGTAGAAGTAGACCAAACCA_008,121
AGTAGAAGTAGACCAAACCA_009,133
AGTAGAAGTAGACCAAACCA_010,127
AGTAGAAGTAGACCAAACCA_011,189
AGTAGAAGTAGACCAAACCA_012,42
AGTAGAAGTAGACCAAACCA_013,35
AGTAGAAGTAGACCAAACCA_014,185
AGTGTGTGGGTTCATTCACC_001,107
AGTGTGTGGGTTCATTCACC_002,99
AGTGTGTGGGTTCATTCACC_003,192
AGTGTGTGGGTTCATTCACC_004,34
AGTGTGTGGGTTCATTCACC_005,3
AGTGTGTGGGTTCATTCACC_006,17
AGTGTGTGGGTTCATTCACC_007,77
AGTGTGTGGGTTCATTCACC_008,166
AGTGTGTGGGTTCATTCACC_009,27
AGTGTGTGGGTTCATTCACC_010,69
AGTGTGTGGGTTCATTCACC_011,75
AGTGTGTGGGTTCATTCACC_012,63
AGTGTGTGGGTTCATTCACC_013,152
AGTGTGTGGGTTCATTCACC_014,57
GGATTACCTGATGTACAGTG_001,65
GGATTACCTGATGTACAGTG_002,91
GGATTACCTGATGTACAGTG_003,144
GGATTACCTGATGTACAGTG_004,83
GGATTACCTGATGTACAGTG_005,94
GGATTACCTGATGTACAGTG_006,68
GCATATTCAGTGGATTACTC_001,17
GCATATTCAGTGGATTACTC_002,133
GCATATTCAGTGGATTACTC_003,112
GCATATTCAGTGGATTACTC_004,77
GCATATTCAGTGGATTACTC_005,177
GCATATTCAGTGGATTACTC_006,77
GCATATTCAGTGGATTACTC_007,63
GCATATTCAGTGGATTACTC_008,2
GCATATTCAGTGGATTACTC_009,127
CCTGAGGATAGAGCCAATGG_001,41
CCTGAGGATAGAGCCAATGG_002,160
CCTGAGGATAGAGCCAATGG_003,78
CCTGAGGATAGAGCCAATGG_004,66
GAACCGGGCGGACTTAATGC_001,85
GAACCGGGCGGACTTAATGC_002,150
GAACCGGGCGGACTTAATGC_003,2
GAACCGGGCGGACTTAATGC_004,139
GAACCGGGCGGACTTAATGC_005,150
CATGGATCCTAAATCCGTGA_001,138
CATGGATCCTAAATCCGTGA_002,26
CATGGATCCTAAATCCGTGA_003,56
CATGGATCCTAAATCCGTGA_004,146
CATGGATCCTAAATCCGTGA_005,151
CATGGATCCTAAATCCGTGA_006,177
CATGGATCCTAAATCCGTGA_007,94
CATGGATCCTAAATCCGTGA_008,40
TTTGTTGCTAAACGGTATTG_001,40
TTTGTTGCTAAACGGTATTG_002,98
TTTGTTGCTAAACGGTATTG_003,166
TTTGTTGCTAAACGGTATTG_004,1
TTTGTTGCTAAACGGTATTG_005,163
TGGTGTGGGATTGGGTACGG_001,169
TGGTGTGGGATTGGGTACGG_002,11
TGGTGTGGGATTGGGTACGG_003,12
TGGTGTGGGATTGGGTACGG_004,150
TGGTGTGGGATTGGGTACGG_005,83
TGGTGTGGGATTGGGTACGG_006,170
TGGTGTGGGATTGGGTACGG_007,154
TGGTGTGGGATTGGGTACGG_008,32
TGGTGTGGGATTGGGTACGG_009,53
TGGTGTGGGATTGGGTACGG_010,122
TGGTGTGGGATTGGGTACGG_011,131
TGGTGTGGGATTGGGTACGG_012,16
TGGTGTGGGATTGGGTACGG_013,22
TGGTGTGGGATTGGGTACGG_014,29
TGGTGTGGGATTGGGTACGG_015,100
TGGTGTGGGATTGGGTACGG_016,2
TGGTGTGGGATTGGGTACGG_017,94
TGGTGTGGGATTGGGTACGG_018,83
TGGTGTGGGATTGGGTACGG_019,41
TGGTGTGGGATTGGGTACGG_020,75
TGGTGTGGGATTGGGTACGG_021,5
TGGTGTGGGATTGGGTACGG_022,62
TGGTGTGGGATTGGGTACGG_023,3
TGGTGTGGGATTGGGTACGG_024,1
TGGTGTGGGATTGGGTACGG_025,100
TGGTGTGGGATTGGGTACGG_026,47
TGGTGTGGGATTGGGTACGG_027,138
TGGTGTGGGATTGGGTACGG_028,123
GGAGACAGCTGGTTTCCGAA_001,94
GGAGACAGCTGGTTTCCGAA_002,13
GGAGACAGCTGGTTTCCGAA_003,9
GGAGACAGCTGGTTTCCGAA_004,122
GGAGACAGCTGGTTTCCGAA_005,29
CTTAAAATGCATCGCCAACG_001,34
CTTAAAATGCATCGCCAACG_002,144
CTTAAAATGCATCGCCAACG_003,83
CTTAAAATGCATCGCCAACG_004,6
GCGACGTGCAGCCCCTACCG_001,15
GCGACGTGCAGCCCCTACCG_002,43
GCGACGTGCAGCCCCTACCG_003,170
GCGACGTGCAGCCCCTACCG_004,110
GCGACGTGCAGCCCCTACCG_005,110
GCGACGTGCAGCCCCTACCG_006,55
GCGACGTGCAGCCCCTACCG_007,151
GCGACGTGCAGCCCCTACCG_008,99
GCGACGTGCAGCCCCTACCG_009,157
ACCAGGTCGTTCCTCAGGAA_001,168
ACCAGGTCGTTCCTCAGGAA_002,138
ACCAGGTCGTTCCTCAGGAA_003,43
ACCAGGTCGTTCCTCAGGAA_004,94
ACCAGGTCGTTCCTCAGGAA_005,76
ACCAGGTCGTTCCTCAGGAA_006,58
ACCAGGTCGTTCCTCAGGAA_007,77
ACCAGGTCGTTCCTCAGGAA_008,198
ACCAGGTCGTTCCTCAGGAA_009,105
ACCAGGTCGTTCCTCAGGAA_010,170
AGAAGCACTAAATTGATCCA_001,97
AGAAGCACTAAATTGATCCA_002,47
AGAAGCACTAAATTGATCCA_003,80
AGAAGCACTAAATTGATCCA_004,147
AGAAGCACTAAATTGATCCA_005,27
AGAAGCACTAAATTGATCCA_006,57
AGAAGCACTAAATTGATCCA_007,91
AGAAGCACTAAATTGATCCA_008,175
AGAAGCACTAAATTGATCCA_009,78
AGAAGCACTAAATTGATCCA_010,148
AGAAGCACTAAATTGATCCA_011,92
AGAAGCACTAAATTGATCCA_012,81
CCGCGTCCTGATGCGCCACA_001,122
CCGCGTCCTGATGCGCCACA_002,154
CCGCGTCCTGATGCGCCACA_003,40
CCGCGTCCTGATGCGCCACA_004,152
CCGCGTCCTGATGCGCCACA_005,151
CCGCGTCCTGATGCGCCACA_006,150
CCGCGTCCTGATGCGCCACA_007,62
CCGCGTCCTGATGCGCCACA_008,199
CCGCGTCCTGATGCGCCACA_009,167
CCGCGTCCTGATGCGCCACA_010,102
CCGCGTCCTGATGCGCCACA_011,146
AACCACGCCAAGACCGAGAG_001,37
AACCACGCCAAGACCGAGAG_002,127
AACCACGCCAAGACCGAGAG_003,147
AACCACGCCAAGACCGAGAG_004,50
AACCACGCCAAGACCGAGAG_005,34
TGTGTGGCCAGAGTTTACCA_001,98
TGTGTGGCCAGAGTTTACCA_002,29
TGTGTGGCCAGAGTTTACCA_003,38
CTTTACTCTCCATACAGGGG_001,65
CTTTACTCTCCATACAGGGG_002,141
CTTTACTCTCCATACAGGGG_003,76
CTGATGGCATCAGTCGCGCA_001,137
CTGATGGCATCAGTCGCGCA_002,52
CTGATGGCATCAGTCGCGCA_003,88
CTGATGGCATCAGTCGCGCA_004,160
CTGATGGCATCAGTCGCGCA_005,59
CTGATGGCATCAGTCGCGCA_006,95
CTGATGGCATCAGTCGCGCA_007,175
CTGATGGCATCAGTCGCGCA_008,174
CTGATGGCATCAGTCGCGCA_009,104
CTGATGGCATCAGTCGCGCA_010,101
CATCGCCTACACCCGCAACA_001,116
CATCGCCTACACCCGCAACA_002,94
CATCGCCTACACCCGCAACA_003,142
CATCGCCTACACCCGCAACA_004,134
CATCGCCTACACCCGCAACA_005,78
CATCGCCTACACCCGCAACA_006,104
CATCGCCTACACCCGCAACA_007,163
CATCGCCTACACCCGCAACA_008,134
CATCGCCTACACCCGCAACA_009,127
CATCGCCTACACCCGCAACA_010,17
CATCGCCTACACCCGCAACA_011,105
ACAGAACTTTCTGTGCGACG_001,127
ACAGAACTTTCTGTGCGACG_002,125
ACAGAACTTTCTGTGCGACG_003,76
ACAGAACTTTCTGTGCGACG_004,171
ACAGAACTTTCTGTGCGACG_005,162
ACAGAACTTTCTGTGCGACG_006,156
ACAGAACTTTCTGTGCGACG_007,116
ACAGAACTTTCTGTGCGACG_008,166
ACAGAACTTTCTGTGCGACG_009,191
GGAGCGCCACCAAGATAGAG_001,43
GGAGCGCCACCAAGATAGAG_002,19
GGAGCGCCACCAAGATAGAG_003,6
ACTCTTATAGAAAAGACCAC_001,94
ACTCTTATAGAAAAGACCAC_002,140
ACTCTTATAGAAAAGACCAC_003,22
ACTCTTATAGAAAAGACCAC_004,144
ACTCTTATAGAAAAGACCAC_005,172
GGCCCCCATAAGCACTATTG_001,178
GGCCCCCATAAGCACTATTG_002,127
GGCCCCCATAAGCACTATTG_003,116
GGCCCCCATAAGCACTATTG_004,127
GGCCCCCATAAGCACTATTG_005,144
GGCCCCCATAAGCACTATTG_006,86
GGCCCCCATAAGCACTATTG_007,183
CCGTCTGAATCATCTCCTCG_001,169
CCGTCTGAATCATCTCCTCG_002,155
AGAGCAGAAGTGCTCCACTC_001,141
AGAGCAGAAGTGCTCCACTC_002,27
AGAGCAGAAGTGCTCCACTC_003,58
AGAGCAGAAGTGCTCCACTC_004,166
AGAGCAGAAGTGCTCCACTC_005,59
AGAGCAGAAGTGCTCCACTC_006,191
AGAGCAGAAGTGCTCCACTC_007,81
AGAGCAGAAGTGCTCCACTC_008,124
AGAGCAGAAGTGCTCCACTC_009,80
AGAGCAGAAGTGCTCCACTC_010,60
AGAGCAGAAGTGCTCCACTC_011,176
AGAGCAGAAGTGCTCCACTC_012,50
AGAGCAGAAGTGCTCCACTC_013,111
AGAGCAGAAGTGCTCCACTC_014,177
AGAGCAGAAGTGCTCCACTC_015,94
AGAGCAGAAGTGCTCCACTC_016,45
AGAGCAGAAGTGCTCCACTC_017,68
AGAGCAGAAGTGCTCCACTC_018,145
AGAGCAGAAGTGCTCCACTC_019,155
AGAGCAGAAGTGCTCCACTC_020,92
AGAGCAGAAGTGCTCCACTC_021,49
AGAGCAGAAGTGCTCCACTC_022,17
AGAGCAGAAGTGCTCCACTC_023,128
AGAGCAGAAGTGCTCCACTC_024,182
AGAGCAGAAGTGCTCCACTC_025,146
AGAGCAGAAGTGCTCCACTC_026,173
AGAGCAGAAGTGCTCCACTC_027,173
AGAGCAGAAGTGCTCCACTC_028,177
AGAGCAGAAGTGCTCCACTC_029,94
AGAGCAGAAGTGCTCCACTC_030,1
AGAGCAGAAGTGCTCCACTC_031,114
AGAGCAGAAGTGCTCCACTC_032,26
AGAGCAGAAGTGCTCCACTC_033,126
AGAGCAGAAGTGCTCCACTC_034,107
AGAGCAGAAGTGCTCCACTC_035,82
AGAGCAGAAGTGCTCCACTC_036,46
AGAGCAGAAGTGCTCCACTC_037,23
AGAGCAGAAGTGCTCCACTC_038,35
AGAGCAGAAGTGCTCCACTC_039,69
AGAGCAGAAGTGCTCCACTC_040,163
AGAGCAGAAGTGCTCCACTC_041,182
AGAGCAGAAGTGCTCCACTC_042,62
AGAGCAGAAGTGCTCCACTC_043,34
AGAGCAGAAGTGCTCCACTC_044,127
AGAGCAGAAGTGCTCCACTC_045,118
GCAGCTTCTACAAAACTACG_001,162
GCAGCTTCTACAAAACTACG_002,76
GCAGCTTCTACAAAACTACG_003,94
GCAGCTTCTACAAAACTACG_004,115
GCAGCTTCTACAAAACTACG_005,149
GCAGCTTCTACAAAACTACG_006,113
GCAGCTTCTACAAAACTACG_007,64
GCAGCTTCTACAAAACTACG_008,68
GCAGCTTCTACAAAACTACG_009,118
GCAGCTTCTACAAAACTACG_010,94
GCAGCTTCTACAAAACTACG_011,69
GCAGCTTCTACAAAACTACG_012,4
GCAGCTTCTACAAAACTACG_013,97
GCAGCTTCTACAAAACTACG_014,0
GCAGCTTCTACAAAACTACG_015,148
TTCTTAAGTAAAATCAACGG_001,155
TTCTTAAGTAAAATCAACGG_002,172
TTCTTAAGTAAAATCAACGG_003,145
TTCTTAAGTAAAATCAACGG_004,112
ACATGAGGAATGGTCCAAGG_001,104
ACATGAGGAATGGTCCAAGG_002,29
ACATGAGGAATGGTCCAAGG_003,50
ACATGAGGAATGGTCCAAGG_004,157
ACATGAGGAATGGTCCAAGG_005,65
ACATGAGGAATGGTCCAAGG_006,8
ACATGAGGAATGGTCCAAGG_007,84
ACATGAGGAATGGTCCAAGG_008,156
ACATGAGGAATGGTCCAAGG_009,61
ACATGAGGAATGGTCCAAGG_010,119
ACATGAGGAATGGTCCAAGG_011,40
ACATGAGGAATGGTCCAAGG_012,48
ACATGAGGAATGGTCCAAGG_013,10
CCTACAATGGACTCCACCAG_001,15
CCTACAATGGACTCCACCAG_002,88
CCTACAATGGACTCCACCAG_003,198
CCTACAATGGACTCCACCAG_004,110
CCTACAATGGACTCCACCAG_005,190
CCTACAATGGACTCCACCAG_006,160
CCTACAATGGACTCCACCAG_007,141
CCTACAATGGACTCCACCAG_008,35
CCTACAATGGACTCCACCAG_009,69
GCACCTGTGATGACTCTCCG_001,94
GCACCTGTGATGACTCTCCG_002,102
GCACCTGTGATGACTCTCCG_003,62
GCACCTGTGATGACTCTCCG_004,58
GCACCTGTGATGACTCTCCG_005,90
GCACCTGTGATGACTCTCCG_006,153
GCACCTGTGATGACTCTCCG_007,38
GCACCTGTGATGACTCTCCG_008,144
GCACCTGTGATGACTCTCCG_009,81
GCACCTGTGATGACTCTCCG_010,60
GCACCTGTGATGACTCTCCG_011,81
GCACCTGTGATGACTCTCCG_012,103
GCACCTGTGATGACTCTCCG_013,65
GCACCTGTGATGACTCTCCG_014,127
GCACCTGTGATGACTCTCCG_015,76
AACATGATGAAGTAGTATGT_001,43
AACATGATGAAGTAGTATGT_002,153
AACATGATGAAGTAGTATGT_003,91
AACATGATGAAGTAGTATGT_004,108
CTTGACATAAAATCCGGCGA_001,170
CTTGACATAAAATCCGGCGA_002,150
CTTGACATAAAATCCGGCGA_003,182
AAGCCTAGAGACTTACACAA_001,50
AAGCCTAGAGACTTACACAA_002,69
AAGCCTAGAGACTTACACAA_003,141
AAGCCTAGAGACTTACACAA_004,146
AAGCCTAGAGACTTACACAA_005,129
AAGCCTAGAGACTTACACAA_006,161
AAGCCTAGAGACTTACACAA_007,171
AAGCCTAGAGACTTACACAA_008,58
AAGCCTAGAGACTTACACAA_009,76
AAGCCTAGAGACTTACACAA_010,175
AAGCCTAGAGACTTACACAA_011,130
AAGCCTAGAGACTTACACAA_012,128
AAGCCTAGAGACTTACACAA_013,115
AAGCCTAGAGACTTACACAA_014,97
AAGCCTAGAGACTTACACAA_015,106
AAGCCTAGAGACTTACACAA_016,78
AAGCCTAGAGACTTACACAA_017,94
AAGCCTAGAGACTTACACAA_018,114
AAGCCTAGAGACTTACACAA_019,114
AAGCCTAGAGACTTACACAA_020,28
ATTTAGAGACTGAATGACGA_001,171
ATTTAGAGACTGAATGACGA_002,127
ATTTAGAGACTGAATGACGA_003,147
AACTGTTCAGGGGTCACCCG_001,156
AACTGTTCAGGGGTCACCCG_002,194
AACTGTTCAGGGGTCACCCG_003,21
AACTGTTCAGGGGTCACCCG_004,54
AACTGTTCAGGGGTCACCCG_005,74
AACTGTTCAGGGGTCACCCG_006,158
AACTGTTCAGGGGTCACCCG_007,92
AACTGTTCAGGGGTCACCCG_008,175
AACTGTTCAGGGGTCACCCG_009,176
AACTGTTCAGGGGTCACCCG_010,198
AGGAATTACCTGTAATCGAG_001,19
AGGAATTACCTGTAATCGAG_002,70
AGGAATTACCTGTAATCGAG_003,149
AGGAATTACCTGTAATCGAG_004,188
AGGAATTACCTGTAATCGAG_005,124
ATCTAGTGTAGACTGCAACG_001,174
AGGCGTCAAAGACTCCAAGG_001,134
AGGCGTCAAAGACTCCAAGG_002,150
AGGCGTCAAAGACTCCAAGG_003,86
AGGCGTCAAAGACTCCAAGG_004,129
AGGCGTCAAAGACTCCAAGG_005,177
AGGCGTCAAAGACTCCAAGG_006,4
AGGCGTCAAAGACTCCAAGG_007,184
AGGCGTCAAAGACTCCAAGG_008,117
AGGCGTCAAAGACTCCAAGG_009,28
AGGCGTCAAAGACTCCAAGG_010,180
AGGCGTCAAAGACTCCAAGG_011,136
AGGCGTCAAAGACTCCAAGG_012,118
AGGCGTCAAAGACTCCAAGG_013,115
CCTACGCCTGACGGGCCCGG_001,27
CCTACGCCTGACGGGCCCGG_002,136
CCTACGCCTGACGGGCCCGG_003,101
CCTACGCCTGACGGGCCCGG_004,27
CCTACGCCTGACGGGCCCGG_005,158
CCTACGCCTGACGGGCCCGG_006,116
CCTACGCCTGACGGGCCCGG_007,175
CCTACGCCTGACGGGCCCGG_008,28
CCTACGCCTGACGGGCCCGG_009,94
GGGGTTACCCCTTATCTCTG_001,99
GGGGTTACCCCTTATCTCTG_002,104
GGGGTTACCCCTTATCTCTG_003,137
GGGGTTACCCCTTATCTCTG_004,60
GGGGTTACCCCTTATCTCTG_005,178
GGGGTTACCCCTTATCTCTG_006,48
GGGGTTACCCCTTATCTCTG_007,14
GGGGTTACCCCTTATCTCTG_008,168
GGGGTTACCCCTTATCTCTG_009,116
ACATACCATTGAAGCCATTG_001,162
ACATACCATTGAAGCCATTG_002,46
ACATACCATTGAAGCCATTG_003,168
ATTAAAACAACAGAAATACC_001,2
GGGGTCCCACATAATCACAT_001,137
GGGGTCCCACATAATCACAT_002,86
GGGGTCCCACATAATCACAT_003,161
GGGGTCCCACATAATCACAT_004,33
TATAATCATTGGATGAGCGA_001,82
TATAATCATTGGATGAGCGA_002,96
TATAATCATTGGATGAGCGA_003,78
TATAATCATTGGATGAGCGA_004,134
TATAATCATTGGATGAGCGA_005,138
TATAATCATTGGATGAGCGA_006,42
TATAATCATTGGATGAGCGA_007,87
TATAATCATTGGATGAGCGA_008,60
TATAATCATTGGATGAGCGA_009,48
TATAATCATTGGATGAGCGA_010,188
TATAATCATTGGATGAGCGA_011,147
TGGTCCAGGTCAATCAACTG_001,49
TGGTCCAGGTCAATCAACTG_002,163
TGGTCCAGGTCAATCAACTG_003,92
TGGTCCAGGTCAATCAACTG_004,34
TGGTCCAGGTCAATCAACTG_005,178
TGGTCCAGGTCAATCAACTG_006,108
TGGTCCAGGTCAATCAACTG_007,96
TGGTCCAGGTCAATCAACTG_008,96
TGGTCCAGGTCAATCAACTG_009,82
TGGTCCAGGTCAATCAACTG_010,105
TGGTCCAGGTCAATCAACTG_011,36
TGGTCCAGGTCAATCAACTG_012,10
TGGTCCAGGTCAATCAACTG_013,106
TGGTCCAGGTCAATCAACTG_014,34
TTTGCAGATGGCATAGGCAT_001,102
TTTGCAGATGGCATAGGCAT_002,12
CAGGCACACAGACTCGCCCT_001,129
CAGGCACACAGACTCGCCCT_002,22
CAGGCACACAGACTCGCCCT_003,16
CAGGCACACAGACTCGCCCT_004,161
CAGGCACACAGACTCGCCCT_005,190
CAGGCACACAGACTCGCCCT_006,140
CAGGCACACAGACTCGCCCT_007,40
CAGGCACACAGACTCGCCCT_008,180
CAGGCACACAGACTCGCCCT_009,180
CAGGCACACAGACTCGCCCT_010,146
CAGGCACACAGACTCGCCCT_011,58
CAGGCACACAGACTCGCCCT_012,20
CTCCAGTGTACACTGCCATG_001,28
CTCCAGTGTACACTGCCATG_002,64
CTCCAGTGTACACTGCCATG_003,170
CTCCAGTGTACACTGCCATG_004,52
CCAGAGTGCTCCACCATGAG_001,19
CCAGAGTGCTCCACCATGAG_002,52
CCAGAGTGCTCCACCATGAG_003,18
CTTTCCACAGACCGAGACAT_001,72
CTTTCCACAGACCGAGACAT_002,117
CTGTCTGGCTCCCATCTTTG_001,12
CTGTCTGGCTCCCATCTTTG_002,191
CTGTCTGGCTCCCATCTTTG_003,164
GGCTGAGTGACTTCTTGCTA_001,134
GGCTGAGTGACTTCTTGCTA_002,5
GGCTGAGTGACTTCTTGCTA_003,85
GGCTGAGTGACTTCTTGCTA_004,181
AGGGTATAACTTGAAAGAGG_001,43
AGGGTATAACTTGAAAGAGG_002,40
AGGGTATAACTTGAAAGAGG_003,187
AGGGTATAACTTGAAAGAGG_004,83
AGGGTATAACTTGAAAGAGG_005,35
AGGGTATAACTTGAAAGAGG_006,162
AGGGTATAACTTGAAAGAGG_007,94
AGGGTATAACTTGAAAGAGG_008,166
AGGGTATAACTTGAAAGAGG_009,81
AGGCGCAGTGTGCCTCTGGG_001,19
AGGCGCAGTGTGCCTCTGGG_002,137
AGGCGCAGTGTGCCTCTGGG_003,198
AGGCGCAGTGTGCCTCTGGG_004,122
AGGCGCAGTGTGCCTCTGGG_005,107
AGGCGCAGTGTGCCTCTGGG_006,14
AGGCGCAGTGTGCCTCTGGG_007,199
AGGCGCAGTGTGCCTCTGGG_008,41
AGGCGCAGTGTGCCTCTGGG_009,175
AGGCGCAGTGTGCCTCTGGG_010,41
AGGCGCAGTGTGCCTCTGGG_011,30
AGGCGCAGTGTGCCTCTGGG_012,147
AGGCGCAGTGTGCCTCTGGG_013,9
AGGCGCAGTGTGCCTCTGGG_014,148
AGGCGCAGTGTGCCTCTGGG_015,30
AGGCGCAGTGTGCCTCTGGG_016,151
AGGCGCAGTGTGCCTCTGGG_017,132
AGGCGCAGTGTGCCTCTGGG_018,35
AGGCGCAGTGTGCCTCTGGG_019,56
AGGCGCAGTGTGCCTCTGGG_020,23
AGGCGCAGTGTGCCTCTGGG_021,23
AGGCGCAGTGTGCCTCTGGG_022,124
AGGCGCAGTGTGCCTCTGGG_023,123
AGGCGCAGTGTGCCTCTGGG_024,147
AGGCGCAGTGTGCCTCTGGG_025,112
AGGCGCAGTGTGCCTCTGGG_026,63
AGGCGCAGTGTGCCTCTGGG_027,47
AGGCGCAGTGTGCCTCTGGG_028,126
AGGCGCAGTGTGCCTCTGGG_029,112
CAAACAGTACTGACAACACA_001,145
CAAACAGTACTGACAACACA_002,53
CAAACAGTACTGACAACACA_003,81
CAAACAGTACTGACAACACA_004,152
CAAACAGTACTGACAACACA_005,152
CCAGACCCCTGTCATGACAG_001,33
CCAGACCCCTGTCATGACAG_002,137
CCAGACCCCTGTCATGACAG_003,136
CCAGACCCCTGTCATGACAG_004,15
CCAGACCCCTGTCATGACAG_005,61
CCAGACCCCTGTCATGACAG_006,44
CCAGACCCCTGTCATGACAG_007,26
CCAGACCCCTGTCATGACAG_008,83
CCAGACCCCTGTCATGACAG_009,48
CCAGACCCCTGTCATGACAG_010,152
GGTGATGGGGACGTGAAGCT_001,170
GGTGATGGGGACGTGAAGCT_002,175
GGTGATGGGGACGTGAAGCT_003,75
GGTGATGGGGACGTGAAGCT_004,115
GATCTGAGGGGTGATGACTG_001,84
GATCTGAGGGGTGATGACTG_002,81
GATCTGAGGGGTGATGACTG_003,113
GATCTGAGGGGTGATGACTG_004,91
GATCTGAGGGGTGATGACTG_005,185
GATCTGAGGGGTGATGACTG_006,198
GATCTGAGGGGTGATGACTG_007,94
GATCTGAGGGGTGATGACTG_008,92
GATCTGAGGGGTGATGACTG_009,48
GATCTGAGGGGTGATGACTG_010,105
GATCTGAGGGGTGATGACTG_011,158
GATCTGAGGGGTGATGACTG_012,145
GATCTGAGGGGTGATGACTG_013,103
GATCTGAGGGGTGATGACTG_014,135
GATCTGAGGGGTGATGACTG_015,49
GATCTGAGGGGTGATGACTG_016,61
GATCTGAGGGGTGATGACTG_017,69
GATCTGAGGGGTGATGACTG_018,106
GATCTGAGGGGTGATGACTG_019,184
GATCTGAGGGGTGATGACTG_020,104
GATCTGAGGGGTGATGACTG_021,91
GCCAGGACTAAGTTAGGACA_001,114
GCCAGGACTAAGTTAGGACA_002,183
GCCAGGACTAAGTTAGGACA_003,174
GCCAGGACTAAGTTAGGACA_004,71
GCCAGGACTAAGTTAGGACA_005,91
GCCAGGACTAAGTTAGGACA_006,147
GCCAGGACTAAGTTAGGACA_007,184
GCCAGGACTAAGTTAGGACA_008,15
GCCAGGACTAAGTTAGGACA_009,97
GCCAGGACTAAGTTAGGACA_010,172
GCCAGGACTAAGTTAGGACA_011,55
GCCAGGACTAAGTTAGGACA_012,55
TGAAAACCATGTCCATGGGC_001,154
TGAAAACCATGTCCATGGGC_002,9
TGAAAACCATGTCCATGGGC_003,50
TGAAAACCATGTCCATGGGC_004,133
TGAAAACCATGTCCATGGGC_005,147
TCATCGCTCACAACCAAGTG_001,80
TCATCGCTCACAACCAAGTG_002,0
TCATCGCTCACAACCAAGTG_003,66
TCATCGCTCACAACCAAGTG_004,91
TCATCGCTCACAACCAAGTG_005,50
TAGTACACAGCGAAGCGCGT_001,191
GACAGAATAAGTGTTGCCTA_001,114
GACAGAATAAGTGTTGCCTA_002,84
GACAGAATAAGTGTTGCCTA_003,11
GACAGAATAAGTGTTGCCTA_004,170
GACAGAATAAGTGTTGCCTA_005,103
TATCACCGTGATGATCCCAA_001,166
TATCACCGTGATGATCCCAA_002,103
TATCACCGTGATGATCCCAA_003,171
TATCACCGTGATGATCCCAA_004,116
TATCACCGTGATGATCCCAA_005,127
TATCACCGTGATGATCCCAA_006,60
CTGGTGTGTGGGGATAACAG_001,199
CTGGTGTGTGGGGATAACAG_002,134
CTGGTGTGTGGGGATAACAG_003,124
CTGGTGTGTGGGGATAACAG_004,33
CTGGTGTGTGGGGATAACAG_005,38
CTGGTGTGTGGGGATAACAG_006,0
CTGGTGTGTGGGGATAACAG_007,108
GACAGATGCTAGTGTGCCAG_001,17
GACAGATGCTAGTGTGCCAG_002,156
GACAGATGCTAGTGTGCCAG_003,124
GACAGATGCTAGTGTGCCAG_004,115
GACAGATGCTAGTGTGCCAG_005,102
TACAGTACACGGAGTATGGG_001,12
TACAGTACACGGAGTATGGG_002,169
TACAGTACACGGAGTATGGG_003,2
TACAGTACACGGAGTATGGG_004,168
TACAGTACACGGAGTATGGG_005,41
TACAGTACACGGAGTATGGG_006,148
TACAGTACACGGAGTATGGG_007,123
TACAGTACACGGAGTATGGG_008,43
TACAGTACACGGAGTATGGG_009,24
TACAGTACACGGAGTATGGG_010,116
TACAGTACACGGAGTATGGG_011,113
AGTATCAGGTATGCTCTCTG_001,31
AGTATCAGGTATGCTCTCTG_002,29
AGTATCAGGTATGCTCTCTG_003,151
AGTATCAGGTATGCTCTCTG_004,44
AGTATCAGGTATGCTCTCTG_005,171
AGTATCAGGTATGCTCTCTG_006,149
AGTATCAGGTATGCTCTCTG_007,44
AGTATCAGGTATGCTCTCTG_008,69
CAGCGGTCGAGTATTGAAGC_001,140
CAGCGGTCGAGTATTGAAGC_002,177
CAGCGGTCGAGTATTGAAGC_003,22
CAGCGGTCGAGTATTGAAGC_004,94
TGTTCCAAAAGAGACCGCTG_001,1
TGTTCCAAAAGAGACCGCTG_002,105
TGTTCCAAAAGAGACCGCTG_003,12
TGTTCCAAAAGAGACCGCTG_004,119
TGTTCCAAAAGAGACCGCTG_005,40
TGTTCCAAAAGAGACCGCTG_006,113
TGTTCCAAAAGAGACCGCTG_007,115
TGTTCCAAAAGAGACCGCTG_008,82
TGTTCCAAAAGAGACCGCTG_009,40
TGTTCCAAAAGAGACCGCTG_010,190
TGTTCCAAAAGAGACCGCTG_011,16
TGTTCCAAAAGAGACCGCTG_012,4
TGTTCCAAAAGAGACCGCTG_013,183
TGTTCCAAAAGAGACCGCTG_014,88
TGTTCCAAAAGAGACCGCTG_015,181
TGTTCCAAAAGAGACCGCTG_016,157
TGTTCCAAAAGAGACCGCTG_017,114
TGTTCCAAAAGAGACCGCTG_018,41
TGTTCCAAAAGAGACCGCTG_019,12
TGTTCCAAAAGAGACCGCTG_020,110
TGTTCCAAAAGAGACCGCTG_021,191
TGTTCCAAAAGAGACCGCTG_022,76
TGTTCCAAAAGAGACCGCTG_023,122
TGTTCCAAAAGAGACCGCTG_024,91
TGTTCCAAAAGAGACCGCTG_025,115
TGTTCCAAAAGAGACCGCTG_026,54
TGTTCCAAAAGAGACCGCTG_027,75
TGTTCCAAAAGAGACCGCTG_028,184
TGTTCCAAAAGAGACCGCTG_029,44
TGTTCCAAAAGAGACCGCTG_030,185
TGTTCCAAAAGAGACCGCTG_031,188
TGTTCCAAAAGAGACCGCTG_032,43
TGTTCCAAAAGAGACCGCTG_033,78
TGTTCCAAAAGAGACCGCTG_034,191
TGTTCCAAAAGAGACCGCTG_035,121
TGTTCCAAAAGAGACCGCTG_036,28
TGTTCCAAAAGAGACCGCTG_037,26
TGTTCCAAAAGAGACCGCTG_038,104
TGTTCCAAAAGAGACCGCTG_039,86
AAAAGCATTTGGGATAACTA_001,27
AAAAGCATTTGGGATAACTA_002,146
AAAAGCATTTGGGATAACTA_003,94
AAAAGCATTTGGGATAACTA_004,49
AAAAGCATTTGGGATAACTA_005,2
AAAAGCATTTGGGATAACTA_006,175
GCAGCCTCAGCCGTCCCGAG_001,19
GCAGCCTCAGCCGTCCCGAG_002,19
GCAGCCTCAGCCGTCCCGAG_003,66
GCAGCCTCAGCCGTCCCGAG_004,140
GCAGCCTCAGCCGTCCCGAG_005,62
GCAGCCTCAGCCGTCCCGAG_006,43
GCAGCCTCAGCCGTCCCGAG_007,0
GCAGCCTCAGCCGTCCCGAG_008,162
GCAGCCTCAGCCGTCCCGAG_009,82
GCAGCCTCAGCCGTCCCGAG_010,116
GCAGCCTCAGCCGTCCCGAG_011,93
GCAGCCTCAGCCGTCCCGAG_012,164
GCAGCCTCAGCCGTCCCGAG_013,164
GCAGCCTCAGCCGTCCCGAG_014,28
GCAGCCTCAGCCGTCCCGAG_015,77
GCAGCCTCAGCCGTCCCGAG_016,152
GCAGCCTCAGCCGTCCCGAG_017,32
AAGTGACTCGAGGAAGACAT_001,70
AAGTGACTCGAGGAAGACAT_002,60
AAGTGACTCGAGGAAGACAT_003,41
AAGTGACTCGAGGAAGACAT_004,154
AAGTGACTCGAGGAAGACAT_005,1
AAGTGACTCGAGGAAGACAT_006,62
AAGTGACTCGAGGAAGACAT_007,169
AAGTGACTCGAGGAAGACAT_008,162
AAGTGACTCGAGGAAGACAT_009,170
AAGTGACTCGAGGAAGACAT_010,178
AAGTGACTCGAGGAAGACAT_011,51
AAGTGACTCGAGGAAGACAT_012,112
AAGTGACTCGAGGAAGACAT_013,144
AAGTGACTCGAGGAAGACAT_014,32
AAGTGACTCGAGGAAGACAT_015,57
AAGTGACTCGAGGAAGACAT_016,105
AAGTGACTCGAGGAAGACAT_017,165
AAGTGACTCGAGGAAGACAT_018,75
AAGTGACTCGAGGAAGACAT_019,15
AAGTGACTCGAGGAAGACAT_020,49
AAGTGACTCGAGGAAGACAT_021,7
AAGTGACTCGAGGAAGACAT_022,118
AAGTGACTCGAGGAAGACAT_023,98
AAGTGACTCGAGGAAGACAT_024,148
AAGTGACTCGAGGAAGACAT_025,155
AAGTGACTCGAGGAAGACAT_026,157
AAGTGACTCGAGGAAGACAT_027,2
AAGTGACTCGAGGAAGACAT_028,30
ATCCGAAGACAGATCTACTG_001,37
ATCCGAAGACAGATCTACTG_002,122
ATCCGAAGACAGATCTACTG_003,123
ATCCGAAGACAGATCTACTG_004,162
ATCCGAAGACAGATCTACTG_005,9
ATCCGAAGACAGATCTACTG_006,49
ATCCGAAGACAGATCTACTG_007,196
ATCCGAAGACAGATCTACTG_008,80
ATCCGAAGACAGATCTACTG_009,47
ATCCGAAGACAGATCTACTG_010,18
ATCCGAAGACAGATCTACTG_011,63
ATCCGAAGACAGATCTACTG_012,105
ATCCGAAGACAGATCTACTG_013,3
ATCCGAAGACAGATCTACTG_014,41
ATCCGAAGACAGATCTACTG_015,104
ATCCGAAGACAGATCTACTG_016,55
ATCCGAAGACAGATCTACTG_017,34
ATCCGAAGACAGATCTACTG_018,165
ATCCGAAGACAGATCTACTG_019,152
ATCCGAAGACAGATCTACTG_020,52
ATCCGAAGACAGATCTACTG_021,165
ATCCGAAGACAGATCTACTG_022,188
CAAACAGCAGCTGCAATCAG_001,189
CAAACAGCAGCTGCAATCAG_002,130
CAAACAGCAGCTGCAATCAG_003,169
CAAACAGCAGCTGCAATCAG_004,130
CAAACAGCAGCTGCAATCAG_005,88
CAAACAGCAGCTGCAATCAG_006,113
CAAACAGCAGCTGCAATCAG_007,84
CAAACAGCAGCTGCAATCAG_008,100
CAAACAGCAGCTGCAATCAG_009,73
CAAACAGCAGCTGCAATCAG_010,19
CAAACAGCAGCTGCAATCAG_011,72
CAAACAGCAGCTGCAATCAG_012,88
CACAGCTGCTAAGGAACACG_001,108
CACAGCTGCTAAGGAACACG_002,189
CACAGCTGCTAAGGAACACG_003,160
CACAGCTGCTAAGGAACACG_004,62
CACAGCTGCTAAGGAACACG_005,198
CACAGCTGCTAAGGAACACG_006,9
CACAGCTGCTAAGGAACACG_007,8
CACAGCTGCTAAGGAACACG_008,28
CACAGCTGCTAAGGAACACG_009,81
CACAGCTGCTAAGGAACACG_010,156
CACAGCTGCTAAGGAACACG_011,157
CACAGCTGCTAAGGAACACG_012,102
CACAGCTGCTAAGGAACACG_013,66
CACAGCTGCTAAGGAACACG_014,109
ATCGTCTGAAGAGTCCCATG_001,178
ATCGTCTGAAGAGTCCCATG_002,80
ATCGTCTGAAGAGTCCCATG_003,2
ATCGTCTGAAGAGTCCCATG_004,147
CGAGGCAGAAAGGAAGATGG_001,51
CGAGGCAGAAAGGAAGATGG_002,4
CGAGGCAGAAAGGAAGATGG_003,111
CGAGGCAGAAAGGAAGATGG_004,107
CGAGGCAGAAAGGAAGATGG_005,166
CGAGGCAGAAAGGAAGATGG_006,197
CGAGGCAGAAAGGAAGATGG_007,5
CGAGGCAGAAAGGAAGATGG_008,56
GAAATTGTTTAAAGACCCGT_001,147
GCCCACTGGTACCTTCATGT_001,4
GCCCACTGGTACCTTCATGT_002,169
GCCCACTGGTACCTTCATGT_003,138
GCCCACTGGTACCTTCATGT_004,77
GCCCACTGGTACCTTCATGT_005,151
CCCAGCAAACCCCATCCCAT_001,41
CCCAGCAAACCCCATCCCAT_002,103
CCCAGCAAACCCCATCCCAT_003,169
CCCAGCAAACCCCATCCCAT_004,33
CCCAGCAAACCCCATCCCAT_005,78
CCCAGCAAACCCCATCCCAT_006,106
CCCAGCAAACCCCATCCCAT_007,58
CCCAGCAAACCCCATCCCAT_008,105
CCCAGCAAACCCCATCCCAT_009,36
CCCAGCAAACCCCATCCCAT_010,64
CCCAGCAAACCCCATCCCAT_011,131
CCCAGCAAACCCCATCCCAT_012,185
CCCAGCAAACCCCATCCCAT_013,48
CCCAGCAAACCCCATCCCAT_014,48
CCCAGCAAACCCCATCCCAT_015,57
CCCAGCAAACCCCATCCCAT_016,185
CCCAGCAAACCCCATCCCAT_017,71
CCCAGCAAACCCCATCCCAT_018,120
CCCAGCAAACCCCATCCCAT_019,140
CCCAGCAAACCCCATCCCAT_020,28
CCCAGCAAACCCCATCCCAT_021,78
CCCAGCAAACCCCATCCCAT_022,34
CCCAGCAAACCCCATCCCAT_023,113
CCCAGCAAACCCCATCCCAT_024,31
CCCAGCAAACCCCATCCCAT_025,29
CCCAGCAAACCCCATCCCAT_026,5
CCCAGCAAACCCCATCCCAT_027,134
CCCAGCAAACCCCATCCCAT_028,28
CCCAGCAAACCCCATCCCAT_029,168
CCCAGCAAACCCCATCCCAT_030,79
CCCAGCAAACCCCATCCCAT_031,174
CCCAGCAAACCCCATCCCAT_032,184
CCCAGCAAACCCCATCCCAT_033,40
CCCAGCAAACCCCATCCCAT_034,199
CCCAGCAAACCCCATCCCAT_035,150
CCCAGCAAACCCCATCCCAT_036,61
CCCAGCAAACCCCATCCCAT_037,144
GCAAAAAGTGCATCCTCCGG_001,178
GCAAAAAGTGCATCCTCCGG_002,88
GCTTCAAACCTTCTGAAGCA_001,127
GCTTCAAACCTTCTGAAGCA_002,6
GAAGCCTTACCTAATACTAG_001,5
GAAGCCTTACCTAATACTAG_002,160
CGACGTGGGGGTGTACCGCG_001,34
CGACGTGGGGGTGTACCGCG_002,107
CGACGTGGGGGTGTACCGCG_003,36
CGACGTGGGGGTGTACCGCG_004,8
CGACGTGGGGGTGTACCGCG_005,36
CGACGTGGGGGTGTACCGCG_006,154
CGACGTGGGGGTGTACCGCG_007,154
CGACGTGGGGGTGTACCGCG_008,94
CGACGTGGGGGTGTACCGCG_009,54
CGACGTGGGGGTGTACCGCG_010,113
CGACGTGGGGGTGTACCGCG_011,76
CGACGTGGGGGTGTACCGCG_012,117
CGACGTGGGGGTGTACCGCG_013,82
CGACGTGGGGGTGTACCGCG_014,102
CGACGTGGGGGTGTACCGCG_015,53
CGACGTGGGGGTGTACCGCG_016,133
CGACGTGGGGGTGTACCGCG_017,192
CGACGTGGGGGTGTACCGCG_018,134
CGACGTGGGGGTGTACCGCG_019,147
CGACGTGGGGGTGTACCGCG_020,115
CGACGTGGGGGTGTACCGCG_021,19
CGACGTGGGGGTGTACCGCG_022,9
CGACGTGGGGGTGTACCGCG_023,148
CGACGTGGGGGTGTACCGCG_024,154
CGACGTGGGGGTGTACCGCG_025,9
CGACGTGGGGGTGTACCGCG_026,97
CGACGTGGGGGTGTACCGCG_027,56
CGACGTGGGGGTGTACCGCG_028,174
CGACGTGGGGGTGTACCGCG_029,83
CGACGTGGGGGTGTACCGCG_030,166
CGACGTGGGGGTGTACCGCG_031,34
CGACGTGGGGGTGTACCGCG_032,112
CGACGTGGGGGTGTACCGCG_033,193
CGACGTGGGGGTGTACCGCG_034,171
CGACGTGGGGGTGTACCGCG_035,170
CGACGTGGGGGTGTACCGCG_036,115
CGACGTGGGGGTGTACCGCG_037,46
CGACGTGGGGGTGTACCGCG_038,27
CGACGTGGGGGTGTACCGCG_039,170
CGACGTGGGGGTGTACCGCG_040,4
CGACGTGGGGGTGTACCGCG_041,19
CGACGTGGGGGTGTACCGCG_042,130
CGACGTGGGGGTGTACCGCG_043,39
CGACGTGGGGGTGTACCGCG_044,168
CGACGTGGGGGTGTACCGCG_045,168
CGACGTGGGGGTGTACCGCG_046,106
CGACGTGGGGGTGTACCGCG_047,102
CGACGTGGGGGTGTACCGCG_048,28
CGACGTGGGGGTGTACCGCG_049,162
CGACGTGGGGGTGTACCGCG_050,4
GACACTCACATCATAGGCGC_001,147
GACACTCACATCATAGGCGC_002,66
GACACTCACATCATAGGCGC_003,198
GACACTCACATCATAGGCGC_004,30
GACACTCACATCATAGGCGC_005,169
GGTCGCGGCATAATCCCTGC_001,77
GGTCGCGGCATAATCCCTGC_002,177
GGTCGCGGCATAATCCCTGC_003,34
GGTCGCGGCATAATCCCTGC_004,147
GGTCGCGGCATAATCCCTGC_005,137
CACCCTGCACTGGGTCGATG_001,5
CACCCTGCACTGGGTCGATG_002,42
CACCCTGCACTGGGTCGATG_003,183
CACCCTGCACTGGGTCGATG_004,49
CACCCTGCACTGGGTCGATG_005,131
CACCCTGCACTGGGTCGATG_006,37
CACCCTGCACTGGGTCGATG_007,122
CACCCTGCACTGGGTCGATG_008,159
CACCCTGCACTGGGTCGATG_009,86
CACCCTGCACTGGGTCGATG_010,94
CACCCTGCACTGGGTCGATG_011,158
CACCCTGCACTGGGTCGATG_012,126
CACCCTGCACTGGGTCGATG_013,141
CACCCTGCACTGGGTCGATG_014,179
CACCCTGCACTGGGTCGATG_015,199
CACCCTGCACTGGGTCGATG_016,105
CACCCTGCACTGGGTCGATG_017,188
CACCCTGCACTGGGTCGATG_018,144
CACCCTGCACTGGGTCGATG_019,88
CACCCTGCACTGGGTCGATG_020,11
CACCCTGCACTGGGTCGATG_021,101
CACCCTGCACTGGGTCGATG_022,4
CACCCTGCACTGGGTCGATG_023,140
CACCCTGCACTGGGTCGATG_024,17
CACCCTGCACTGGGTCGATG_025,61
CACCCTGCACTGGGTCGATG_026,106
CACCCTGCACTGGGTCGATG_027,26
CACCCTGCACTGGGTCGATG_028,170
CACCCTGCACTGGGTCGATG_029,27
CACCCTGCACTGGGTCGATG_030,183
CACCCTGCACTGGGTCGATG_031,69
CACCCTGCACTGGGTCGATG_032,147
AGAAGCTTACCCGATCTTGG_001,82
AGAAGCTTACCCGATCTTGG_002,137
AGAAGCTTACCCGATCTTGG_003,16
AGAAGCTTACCCGATCTTGG_004,16
AGAAGCTTACCCGATCTTGG_005,175
AGAAGCTTACCCGATCTTGG_006,55
AGAAGCTTACCCGATCTTGG_007,43
TCCTCGCCTGAACTTGCGAG_001,38
TCCTCGCCTGAACTTGCGAG_002,105
TCCTCGCCTGAACTTGCGAG_003,155
TCCTCGCCTGAACTTGCGAG_004,150
TCCTCGCCTGAACTTGCGAG_005,48
TCCTCGCCTGAACTTGCGAG_006,127
TCCTCGCCTGAACTTGCGAG_007,89
GCCAACCTCAGATGAACTCA_001,15
GCCAACCTCAGATGAACTCA_002,14
GCCAACCTCAGATGAACTCA_003,22
GCCAACCTCAGATGAACTCA_004,122
GCCAACCTCAGATGAACTCA_005,152
GCCAACCTCAGATGAACTCA_006,98
GCCAACCTCAGATGAACTCA_007,15
GCCAACCTCAGATGAACTCA_008,48
GCCAACCTCAGATGAACTCA_009,4
GCCAACCTCAGATGAACTCA_010,0
GAGCGGCGGGCGGCGGAAGG_001,111
GAGCGGCGGGCGGCGGAAGG_002,189
GAGCGGCGGGCGGCGGAAGG_003,104
GAGCGGCGGGCGGCGGAAGG_004,156
GAGCGGCGGGCGGCGGAAGG_005,103
GAGCGGCGGGCGGCGGAAGG_006,190
GAGCGGCGGGCGGCGGAAGG_007,18
GAGCGGCGGGCGGCGGAAGG_008,104
CGCGCCCAGGATATCCAGTG_001,77
CTCTAACAGGATGAAGACGG_001,160
CTCTAACAGGATGAAGACGG_002,88
CTCTAACAGGATGAAGACGG_003,70
CTCTAACAGGATGAAGACGG_004,108
CTCTAACAGGATGAAGACGG_005,145
CTCTAACAGGATGAAGACGG_006,108
CTCTAACAGGATGAAGACGG_007,191
CTCTAACAGGATGAAGACGG_008,132
CTCCCCGAGTGCCTATGGAG_001,140
CTCCCCGAGTGCCTATGGAG_002,183
CTCCCCGAGTGCCTATGGAG_003,171
CTCCCCGAGTGCCTATGGAG_004,8
CTCCCCGAGTGCCTATGGAG_005,17
CTCCCCGAGTGCCTATGGAG_006,113
CTCCCCGAGTGCCTATGGAG_007,105
CTCCCCGAGTGCCTATGGAG_008,185
CTCCCCGAGTGCCTATGGAG_009,35
CTCCCCGAGTGCCTATGGAG_010,130
CTCCCCGAGTGCCTATGGAG_011,120
CTCCCCGAGTGCCTATGGAG_012,80
CTCCCCGAGTGCCTATGGAG_013,43
CTCCCCGAGTGCCTATGGAG_014,1
CTCCCCGAGTGCCTATGGAG_015,58
CTCCCCGAGTGCCTATGGAG_016,178
CTCCCCGAGTGCCTATGGAG_017,196
CTCCCCGAGTGCCTATGGAG_018,19
CTTGCAACATCCTTATGACA_001,183
CTTGCAACATCCTTATGACA_002,88
CTTGCAACATCCTTATGACA_003,97
CTTGCAACATCCTTATGACA_004,166
AGCCAAAATGTTGTGCCTAG_001,178
AGCCAAAATGTTGTGCCTAG_002,6
ACATGCCCGAAGGTTCCTCG_001,77
ACATGCCCGAAGGTTCCTCG_002,29
ACATGCCCGAAGGTTCCTCG_003,4
ACATGCCCGAAGGTTCCTCG_004,9
ACATGCCCGAAGGTTCCTCG_005,146
ACATGCCCGAAGGTTCCTCG_006,92
ACATGCCCGAAGGTTCCTCG_007,1
ACATGCCCGAAGGTTCCTCG_008,185
ACATGCCCGAAGGTTCCTCG_009,70
ACATGCCCGAAGGTTCCTCG_010,29
ACATGCCCGAAGGTTCCTCG_011,30
ACATGCCCGAAGGTTCCTCG_012,114
ACATGCCCGAAGGTTCCTCG_013,88
ACATGCCCGAAGGTTCCTCG_014,12
ACATGCCCGAAGGTTCCTCG_015,62
ACATGCCCGAAGGTTCCTCG_016,156
ACATGCCCGAAGGTTCCTCG_017,192
ACATGCCCGAAGGTTCCTCG_018,105
ACATGCCCGAAGGTTCCTCG_019,194
ACATGCCCGAAGGTTCCTCG_020,69
ACATGCCCGAAGGTTCCTCG_021,131
ACATGCCCGAAGGTTCCTCG_022,49
ACATGCCCGAAGGTTCCTCG_023,59
ACATGCCCGAAGGTTCCTCG_024,2
ACATGCCCGAAGGTTCCTCG_025,199
ACATGCCCGAAGGTTCCTCG_026,107
ACATGCCCGAAGGTTCCTCG_027,159
ACATGCCCGAAGGTTCCTCG_028,103
ACATGCCCGAAGGTTCCTCG_029,30
AGTAAATTGGACCCAATGCA_001,6
AGTAAATTGGACCCAATGCA_002,2
AGTAAATTGGACCCAATGCA_003,177
AGTAAATTGGACCCAATGCA_004,147
AGTAAATTGGACCCAATGCA_005,175
AGTAAATTGGACCCAATGCA_006,173
AGTAAATTGGACCCAATGCA_007,63
CGCCTACAACCAGTACGCCG_001,82
CGCCTACAACCAGTACGCCG_002,144
GTCCACAAAGCAACTCCTGT_001,94
GTCCACAAAGCAACTCCTGT_002,21
GTCCACAAAGCAACTCCTGT_003,3
GTCCACAAAGCAACTCCTGT_004,65
GTCCACAAAGCAACTCCTGT_005,136
GTCCACAAAGCAACTCCTGT_006,107
GTCCACAAAGCAACTCCTGT_007,69
GTCCACAAAGCAACTCCTGT_008,39
GTCCACAAAGCAACTCCTGT_009,168
AAGGACTCATTGAACCGAAG_001,103
AAGGACTCATTGAACCGAAG_002,105
AAGGACTCATTGAACCGAAG_003,10
AAGGACTCATTGAACCGAAG_004,2
AAGGACTCATTGAACCGAAG_005,138
AATTCAAGAAGCCATAATGA_001,9
AATTCAAGAAGCCATAATGA_002,188
AATTCAAGAAGCCATAATGA_003,159
AATTCAAGAAGCCATAATGA_004,181
AATTCAAGAAGCCATAATGA_005,181
AATTCAAGAAGCCATAATGA_006,28
ACACTCCGGATGAGAAACTG_001,75
ACACTCCGGATGAGAAACTG_002,169
ACACTCCGGATGAGAAACTG_003,169
ACACTCCGGATGAGAAACTG_004,51
ACACTCCGGATGAGAAACTG_005,43
ACACTCCGGATGAGAAACTG_006,76
ACACTCCGGATGAGAAACTG_007,76
ACACTCCGGATGAGAAACTG_008,105
ACACTCCGGATGAGAAACTG_009,155
ACACTCCGGATGAGAAACTG_010,134
ACACTCCGGATGAGAAACTG_011,48
ACACTCCGGATGAGAAACTG_012,177
ACACTCCGGATGAGAAACTG_013,180
ACACTCCGGATGAGAAACTG_014,116
ACACTCCGGATGAGAAACTG_015,10
ACACTCCGGATGAGAAACTG_016,150
ACACTCCGGATGAGAAACTG_017,21
TAGGTGCCAAACCAATTGAG_001,89
TAGGTGCCAAACCAATTGAG_002,1
TAGGTGCCAAACCAATTGAG_003,43
TAGGTGCCAAACCAATTGAG_004,157
TAGGTGCCAAACCAATTGAG_005,41
TAGGTGCCAAACCAATTGAG_006,198
TAGGTGCCAAACCAATTGAG_007,147
TAGGTGCCAAACCAATTGAG_008,7
TAGGTGCCAAACCAATTGAG_009,154
TAGGTGCCAAACCAATTGAG_010,35
TAGGTGCCAAACCAATTGAG_011,146
TAGGTGCCAAACCAATTGAG_012,112
TAGGTGCCAAACCAATTGAG_013,53
TAGGTGCCAAACCAATTGAG_014,111
TAGGTGCCAAACCAATTGAG_015,36
TAGGTGCCAAACCAATTGAG_016,136
TAGGTGCCAAACCAATTGAG_017,134
TCATCTTCTAAAAGTACCGG_001,72
TCATCTTCTAAAAGTACCGG_002,116
TGCAGGATCACGTTAGCCAA_001,102
TGCAGGATCACGTTAGCCAA_002,17
CACATTTGCGACAAACCCAG_001,146
CACATTTGCGACAAACCCAG_002,41
CACATTTGCGACAAACCCAG_003,107
CACATTTGCGACAAACCCAG_004,15
CACATTTGCGACAAACCCAG_005,58
CACATTTGCGACAAACCCAG_006,50
CACATTTGCGACAAACCCAG_007,105
CACATTTGCGACAAACCCAG_008,176
CACATTTGCGACAAACCCAG_009,137
CACATTTGCGACAAACCCAG_010,183
CACATTTGCGACAAACCCAG_011,15
CACATTTGCGACAAACCCAG_012,31
CACATTTGCGACAAACCCAG_013,78
CACATTTGCGACAAACCCAG_014,149
CACATTTGCGACAAACCCAG_015,79
CACATTTGCGACAAACCCAG_016,134
CACATTTGCGACAAACCCAG_017,28
CACATTTGCGACAAACCCAG_018,40
ATTCATCGTGTACCCAACTG_001,124
ATTCATCGTGTACCCAACTG_002,77
ATTCATCGTGTACCCAACTG_003,28
ATTCATCGTGTACCCAACTG_004,88
ATTCATCGTGTACCCAACTG_005,35
ATTCATCGTGTACCCAACTG_006,9
ATTCATCGTGTACCCAACTG_007,90
ATTCATCGTGTACCCAACTG_008,152
ATTCATCGTGTACCCAACTG_009,40
ATTCATCGTGTACCCAACTG_010,116
AGAGCTGGACATCAGGACAG_001,132
AGAGCTGGACATCAGGACAG_002,134
AGAGCTGGACATCAGGACAG_003,187
AGAGCTGGACATCAGGACAG_004,91
AGAGCTGGACATCAGGACAG_005,17
AGAGCTGGACATCAGGACAG_006,25
AGAGCTGGACATCAGGACAG_007,13
AGAGCTGGACATCAGGACAG_008,85
AGAGCTGGACATCAGGACAG_009,84
AGAGCTGGACATCAGGACAG_010,84
AGAGCTGGACATCAGGACAG_011,33
AGAGCTGGACATCAGGACAG_012,158
AGAGCTGGACATCAGGACAG_013,83
AGAGCTGGACATCAGGACAG_014,82
AGAGCTGGACATCAGGACAG_015,157
AGAGCTGGACATCAGGACAG_016,156
AGAGCTGGACATCAGGACAG_017,33
AGAGCTGGACATCAGGACAG_018,94
AGAGCTGGACATCAGGACAG_019,63
AGAGCTGGACATCAGGACAG_020,127
AGAGCTGGACATCAGGACAG_021,39
AGAGCTGGACATCAGGACAG_022,41
AGATTGATCGACCAGCAACA_001,171
AGATTGATCGACCAGCAACA_002,171
AGATTGATCGACCAGCAACA_003,92
AGATTGATCGACCAGCAACA_004,160
AGATTGATCGACCAGCAACA_005,118
AGATTGATCGACCAGCAACA_006,27
AGATTGATCGACCAGCAACA_007,153
ATTCCAAGGACACACAGACC_001,127
ATTCCAAGGACACACAGACC_002,2
ATTCCAAGGACACACAGACC_003,115
ATTCCAAGGACACACAGACC_004,138
ATTCCAAGGACACACAGACC_005,60
ATTCCAAGGACACACAGACC_006,198
ATTCCAAGGACACACAGACC_007,51
ATTCCAAGGACACACAGACC_008,71
ATTCCAAGGACACACAGACC_009,178
ATTCCAAGGACACACAGACC_010,41
ATTCCAAGGACACACAGACC_011,60
ATTCCAAGGACACACAGACC_012,66
ATTCCAAGGACACACAGACC_013,27
GGTTGGTGATCACAGCCAAG_001,40
GGTTGGTGATCACAGCCAAG_002,107
GGTTGGTGATCACAGCCAAG_003,24
GGTTGGTGATCACAGCCAAG_004,58
GGTTGGTGATCACAGCCAAG_005,197
GGTTGGTGATCACAGCCAAG_006,154
GGTTGGTGATCACAGCCAAG_007,22
CTTGGGAGCCCACCTCTACG_001,171
CTTGGGAGCCCACCTCTACG_002,77
CTTGGGAGCCCACCTCTACG_003,81
CTTGGGAGCCCACCTCTACG_004,142
CTTGGGAGCCCACCTCTACG_005,25
CACTTAACAGCAGATCGAGG_001,33
CACTTAACAGCAGATCGAGG_002,126
AGGACACGCAGCGATCTAGG_001,49
AGGACACGCAGCGATCTAGG_002,162
AGGACACGCAGCGATCTAGG_003,169
TGAGGCCATCCTACGCCTCG_001,15
TGAGGCCATCCTACGCCTCG_002,11
TGAGGCCATCCTACGCCTCG_003,147
TGAGGCCATCCTACGCCTCG_004,34
TGAGGCCATCCTACGCCTCG_005,130
TGAGGCCATCCTACGCCTCG_006,188
TGAGGCCATCCTACGCCTCG_007,137
TGAGGCCATCCTACGCCTCG_008,156
TGAGGCCATCCTACGCCTCG_009,45
TGAGGCCATCCTACGCCTCG_010,179
TGAGGCCATCCTACGCCTCG_011,94
TGAGGCCATCCTACGCCTCG_012,83
TGAGGCCATCCTACGCCTCG_013,54
TGAGGCCATCCTACGCCTCG_014,103
TGAGGCCATCCTACGCCTCG_015,173
TGAGGCCATCCTACGCCTCG_016,145
TGAGGCCATCCTACGCCTCG_017,52
TGAGGCCATCCTACGCCTCG_018,170
TGAGGCCATCCTACGCCTCG_019,11
GGTTGATATGAAACGACTGG_001,138
GGTTGATATGAAACGACTGG_002,33
GGTTGATATGAAACGACTGG_003,75
GGTTGATATGAAACGACTGG_004,121
GGTTGATATGAAACGACTGG_005,190
GGTTGATATGAAACGACTGG_006,43
AACGTGTCCTGCCAGACACG_001,151
AACGTGTCCTGCCAGACACG_002,15
AACGTGTCCTGCCAGACACG_003,52
AACGTGTCCTGCCAGACACG_004,103
AACGTGTCCTGCCAGACACG_005,145
AACGTGTCCTGCCAGACACG_006,175
AACGTGTCCTGCCAGACACG_007,149
AACGTGTCCTGCCAGACACG_008,29
AACGTGTCCTGCCAGACACG_009,130
AACGTGTCCTGCCAGACACG_010,22
AACGTGTCCTGCCAGACACG_011,147
AACGTGTCCTGCCAGACACG_012,141
AACGTGTCCTGCCAGACACG_013,97
AACGTGTCCTGCCAGACACG_014,137
CTTGTTTGCAAAACCCTTCG_001,30
CTTGTTTGCAAAACCCTTCG_002,45
CTTGTTTGCAAAACCCTTCG_003,81
CTTGTTTGCAAAACCCTTCG_004,104
CTTGTTTGCAAAACCCTTCG_005,137
CTTGTTTGCAAAACCCTTCG_006,102
CTTGTTTGCAAAACCCTTCG_007,144
CTTGTTTGCAAAACCCTTCG_008,185
CTTGTTTGCAAAACCCTTCG_009,29
CTTGTTTGCAAAACCCTTCG_010,26
CTTGTTTGCAAAACCCTTCG_011,194
GGAATGGAGATGTACCCCCG_001,127
GGAATGGAGATGTACCCCCG_002,146
GGAATGGAGATGTACCCCCG_003,164
GGAATGGAGATGTACCCCCG_004,181
GGAATGGAGATGTACCCCCG_005,192
GGAATGGAGATGTACCCCCG_006,130
GGAATGGAGATGTACCCCCG_007,39
GGAATGGAGATGTACCCCCG_008,41
ACATTTGTCAACCATCCACA_001,170
ACATTTGTCAACCATCCACA_002,105
ACATTTGTCAACCATCCACA_003,199
ACATTTGTCAACCATCCACA_004,189
ACATTTGTCAACCATCCACA_005,184
CTTGGCGAAGCTCCTCACCA_001,69
CTTGGCGAAGCTCCTCACCA_002,107
CTTGGCGAAGCTCCTCACCA_003,191
CTTGGCGAAGCTCCTCACCA_004,94
CTTGGCGAAGCTCCTCACCA_005,8
CTTGGCGAAGCTCCTCACCA_006,62
CTTGGCGAAGCTCCTCACCA_007,181
CTTGGCGAAGCTCCTCACCA_008,56
CTTGGCGAAGCTCCTCACCA_009,129
CTTGGCGAAGCTCCTCACCA_010,179
CTTGGCGAAGCTCCTCACCA_011,1
CTTGGCGAAGCTCCTCACCA_012,123
CTTGGCGAAGCTCCTCACCA_013,78
CTTGGCGAAGCTCCTCACCA_014,134
CTTGGCGAAGCTCCTCACCA_015,43
CATGCTGGTATCCAGAACAC_001,7
CATGCTGGTATCCAGAACAC_002,17
CATGCTGGTATCCAGAACAC_003,169
CATGCTGGTATCCAGAACAC_004,83
ATGCAAATAGTCCGCCAAAG_001,22
ATGCAAATAGTCCGCCAAAG_002,45
ATGCAAATAGTCCGCCAAAG_003,4
ATGCAAATAGTCCGCCAAAG_004,61
ATGCAAATAGTCCGCCAAAG_005,152
ATGCAAATAGTCCGCCAAAG_006,102
GATCGATCTGGCAGACCGGA_001,142
GATCGATCTGGCAGACCGGA_002,15
GATCGATCTGGCAGACCGGA_003,99
GATCGATCTGGCAGACCGGA_004,188
GATCGATCTGGCAGACCGGA_005,162
TCCCCATCAAGCGCGCAGGT_001,166
TCCCCATCAAGCGCGCAGGT_002,144
TCCCCATCAAGCGCGCAGGT_003,29
TCCCCATCAAGCGCGCAGGT_004,2
TCCCCATCAAGCGCGCAGGT_005,81
TCCCCATCAAGCGCGCAGGT_006,101
CAAGAGGTACCACCAGTACA_001,78
CAAGAGGTACCACCAGTACA_002,64
CAAGAGGTACCACCAGTACA_003,77
CAAGAGGTACCACCAGTACA_004,192
CAAGAGGTACCACCAGTACA_005,123
CAAGAGGTACCACCAGTACA_006,142
CAAGAGGTACCACCAGTACA_007,148
CAAGAGGTACCACCAGTACA_008,80
CAAGAGGTACCACCAGTACA_009,17
CAAGAGGTACCACCAGTACA_010,40
GTTGCTGAAAGGCTGCAAAA_001,137
GTTGCTGAAAGGCTGCAAAA_002,141
GTTGCTGAAAGGCTGCAAAA_003,29
GTTGCTGAAAGGCTGCAAAA_004,146
GTTGCTGAAAGGCTGCAAAA_005,158
GTTGCTGAAAGGCTGCAAAA_006,174
GTTGCTGAAAGGCTGCAAAA_007,1
GTTGCTGAAAGGCTGCAAAA_008,191
GTTGCTGAAAGGCTGCAAAA_009,1
GTTGCTGAAAGGCTGCAAAA_010,149
GTTGCTGAAAGGCTGCAAAA_011,115
GTTGCTGAAAGGCTGCAAAA_012,168
GTTGCTGAAAGGCTGCAAAA_013,7
GTTGCTGAAAGGCTGCAAAA_014,117
GTTGCTGAAAGGCTGCAAAA_015,37
GTTGCTGAAAGGCTGCAAAA_016,82
GTTGCTGAAAGGCTGCAAAA_017,39
GTTGCTGAAAGGCTGCAAAA_018,68
ACAGGCCACGACTTATGGCA_001,185
ACAGGCCACGACTTATGGCA_002,62
ACAGGCCACGACTTATGGCA_003,183
ACAGGCCACGACTTATGGCA_004,61
ACAGGCCACGACTTATGGCA_005,75
CAGGAAATGACACCTCATGC_001,15
ACGTGGCTTGAACAGTCCCG_001,15
ACGTGGCTTGAACAGTCCCG_002,18
ACGTGGCTTGAACAGTCCCG_003,103
ACGTGGCTTGAACAGTCCCG_004,68
ACGTGGCTTGAACAGTCCCG_005,137
ACGTGGCTTGAACAGTCCCG_006,121
ACGTGGCTTGAACAGTCCCG_007,178
ACGTGGCTTGAACAGTCCCG_008,14
ACGTGGCTTGAACAGTCCCG_009,14
ACGTGGCTTGAACAGTCCCG_010,141
ACGTGGCTTGAACAGTCCCG_011,19
ACGTGGCTTGAACAGTCCCG_012,70
ACGTGGCTTGAACAGTCCCG_013,167
ACGTGGCTTGAACAGTCCCG_014,83
ACGTGGCTTGAACAGTCCCG_015,150
ACGTGGCTTGAACAGTCCCG_016,57
AGATGTCTCGGGAGTCGAAG_001,152
AGATGTCTCGGGAGTCGAAG_002,94
AGATGTCTCGGGAGTCGAAG_003,32
AGATGTCTCGGGAGTCGAAG_004,152
AGATGTCTCGGGAGTCGAAG_005,45
AGATGTCTCGGGAGTCGAAG_006,50
AGATGTCTCGGGAGTCGAAG_007,82
AGATGTCTCGGGAGTCGAAG_008,15
AGATGTCTCGGGAGTCGAAG_009,138
AGATGTCTCGGGAGTCGAAG_010,21
AGATGTCTCGGGAGTCGAAG_011,1
AGATGTCTCGGGAGTCGAAG_012,115
AGATGTCTCGGGAGTCGAAG_013,65
GAGGACCCCGACCGGGGGCA_001,132
GAGGACCCCGACCGGGGGCA_002,159
GAGGACCCCGACCGGGGGCA_003,49
GAGGACCCCGACCGGGGGCA_004,147
GAGGACCCCGACCGGGGGCA_005,83
TATTAAGAGTCAGTGCATTG_001,127
TATTAAGAGTCAGTGCATTG_002,62
TATTAAGAGTCAGTGCATTG_003,61
TATTAAGAGTCAGTGCATTG_004,81
TATTAAGAGTCAGTGCATTG_005,125
TATTAAGAGTCAGTGCATTG_006,174
TATTAAGAGTCAGTGCATTG_007,175
TGACAAAAACTGCATGCCAG_001,29
TGACAAAAACTGCATGCCAG_002,150
TGACAAAAACTGCATGCCAG_003,193
TGACAAAAACTGCATGCCAG_004,48
TGACAAAAACTGCATGCCAG_005,62
TGACAAAAACTGCATGCCAG_006,138
TGACAAAAACTGCATGCCAG_007,41
TGACAAAAACTGCATGCCAG_008,150
TGACAAAAACTGCATGCCAG_009,12
TGACAAAAACTGCATGCCAG_010,25
TGACAAAAACTGCATGCCAG_011,143
TGACAAAAACTGCATGCCAG_012,114
TGACAAAAACTGCATGCCAG_013,176
TGACAAAAACTGCATGCCAG_014,76
TGACAAAAACTGCATGCCAG_015,148
TGACAAAAACTGCATGCCAG_016,46
TGACAAAAACTGCATGCCAG_017,113
TGACAAAAACTGCATGCCAG_018,165
TGACAAAAACTGCATGCCAG_019,8
TGACAAAAACTGCATGCCAG_020,127
TGACAAAAACTGCATGCCAG_021,61
TGACAAAAACTGCATGCCAG_022,102
TGACAAAAACTGCATGCCAG_023,102
TGACAAAAACTGCATGCCAG_024,190
ACGGCTTGGTCAAATGCCTG_001,112
ACGGCTTGGTCAAATGCCTG_002,158
ACGGCTTGGTCAAATGCCTG_003,16
ACGGCTTGGTCAAATGCCTG_004,177
ACGGCTTGGTCAAATGCCTG_005,188
ACGGCTTGGTCAAATGCCTG_006,137
ACGGCTTGGTCAAATGCCTG_007,81
ACGGCTTGGTCAAATGCCTG_008,8
ACGGCTTGGTCAAATGCCTG_009,188
ACGGCTTGGTCAAATGCCTG_010,19
ACGGCTTGGTCAAATGCCTG_011,15
CACGATTTCGCCCTACGCCG_001,84
CACGATTTCGCCCTACGCCG_002,60
CACGATTTCGCCCTACGCCG_003,185
CACGATTTCGCCCTACGCCG_004,69
CACGATTTCGCCCTACGCCG_005,127
CACGATTTCGCCCTACGCCG_006,35
CACGATTTCGCCCTACGCCG_007,99
CACGATTTCGCCCTACGCCG_008,92
CACGATTTCGCCCTACGCCG_009,104
CACGATTTCGCCCTACGCCG_010,66
CACGATTTCGCCCTACGCCG_011,114
CACGATTTCGCCCTACGCCG_012,114
CAGGGAACATACTGGCTAGC_001,42
CAGGGAACATACTGGCTAGC_002,169
CAGGGAACATACTGGCTAGC_003,98
CAGGGAACATACTGGCTAGC_004,145
CAGGGAACATACTGGCTAGC_005,27
CAGGGAACATACTGGCTAGC_006,3
CAGGGAACATACTGGCTAGC_007,191
CAGGGAACATACTGGCTAGC_008,137
CAGGGAACATACTGGCTAGC_009,47
CCATAGTTGTTAGAACAGGT_001,187
CCTCCACGGAATAGGCCTCG_001,161
CCTCCACGGAATAGGCCTCG_002,9
CCTCCACGGAATAGGCCTCG_003,154
CCTCCACGGAATAGGCCTCG_004,44
CCTCCACGGAATAGGCCTCG_005,174
CCTCCACGGAATAGGCCTCG_006,13
CCTCCACGGAATAGGCCTCG_007,41
CCTCCACGGAATAGGCCTCG_008,128
CCTCCACGGAATAGGCCTCG_009,142
CCTCCACGGAATAGGCCTCG_010,38
CCAGGGTGACCGATTCCACG_001,105
CCAGGGTGACCGATTCCACG_002,140
CCAGGGTGACCGATTCCACG_003,86
CCCAGCCTTGGAGATAAACG_001,122
GCTGGGTCCGATACGCCGAG_001,82
GCTGGGTCCGATACGCCGAG_002,82
GCTGGGTCCGATACGCCGAG_003,126
TGTTTATCGTGGGTTCACAC_001,49
TGTTTATCGTGGGTTCACAC_002,105
TGTTTATCGTGGGTTCACAC_003,6
TGTTTATCGTGGGTTCACAC_004,183
TGTTTATCGTGGGTTCACAC_005,82
TGTTTATCGTGGGTTCACAC_006,47
TGTTTATCGTGGGTTCACAC_007,176
TGTTTATCGTGGGTTCACAC_008,15
TGTTTATCGTGGGTTCACAC_009,69
TGTTTATCGTGGGTTCACAC_010,172
TGTTTATCGTGGGTTCACAC_011,175
TGTTTATCGTGGGTTCACAC_012,176
TGTTTATCGTGGGTTCACAC_013,61
TGTTTATCGTGGGTTCACAC_014,150
TGTTTATCGTGGGTTCACAC_015,168
TAATGCTGCACACGCCGAAT_001,43
TAATGCTGCACACGCCGAAT_002,183
TAATGCTGCACACGCCGAAT_003,15
TAATGCTGCACACGCCGAAT_004,105
TAATGCTGCACACGCCGAAT_005,91
TAATGCTGCACACGCCGAAT_006,127
TAATGCTGCACACGCCGAAT_007,5
TAATGCTGCACACGCCGAAT_008,50
TAATGCTGCACACGCCGAAT_009,12
TAATGCTGCACACGCCGAAT_010,57
TAATGCTGCACACGCCGAAT_011,133
TAATGCTGCACACGCCGAAT_012,88
TAATGCTGCACACGCCGAAT_013,115
TAATGCTGCACACGCCGAAT_014,108
TAATGCTGCACACGCCGAAT_015,6
TAATGCTGCACACGCCGAAT_016,166
CAAGGGGCCAGACAACGCCG_001,119
CAAGGGGCCAGACAACGCCG_002,15
CAAGGGGCCAGACAACGCCG_003,170
CAAGGGGCCAGACAACGCCG_004,55
CAAGGGGCCAGACAACGCCG_005,145
CAAGGGGCCAGACAACGCCG_006,103
CAAGGGGCCAGACAACGCCG_007,117
CAAGGGGCCAGACAACGCCG_008,13
CAAGGGGCCAGACAACGCCG_009,50
CAAGGGGCCAGACAACGCCG_010,140
CAAGGGGCCAGACAACGCCG_011,52
CAAGGGGCCAGACAACGCCG_012,81
CAAGGGGCCAGACAACGCCG_013,147
CAAGGGGCCAGACAACGCCG_014,105
CAAGGGGCCAGACAACGCCG_015,76
CAAGGGGCCAGACAACGCCG_016,144
CAAGGGGCCAGACAACGCCG_017,121
CAAGGGGCCAGACAACGCCG_018,121
CAAGGGGCCAGACAACGCCG_019,188
CAAGGGGCCAGACAACGCCG_020,155
TATGTCCTGCCTGACCAAAG_001,96
TATGTCCTGCCTGACCAAAG_002,121
TATGTCCTGCCTGACCAAAG_003,148
TATGTCCTGCCTGACCAAAG_004,56
TATGTCCTGCCTGACCAAAG_005,127
TATGTCCTGCCTGACCAAAG_006,180
TATGTCCTGCCTGACCAAAG_007,23
TATGTCCTGCCTGACCAAAG_008,129
TATGTCCTGCCTGACCAAAG_009,94
TATGTCCTGCCTGACCAAAG_010,51
TATGTCCTGCCTGACCAAAG_011,187
TATGTCCTGCCTGACCAAAG_012,41
TATGTCCTGCCTGACCAAAG_013,91
GCTGGAGAAGTACGGCACAG_001,157
GCTGGAGAAGTACGGCACAG_002,199
GCTGGAGAAGTACGGCACAG_003,137
GCTGGAGAAGTACGGCACAG_004,71
CTGGGAGCGATCTAGTAGGA_001,22
TGAACCACCAGAAAAACAGG_001,150
GCAGGCCCAGTCCGCTACCG_001,168
GCAGGCCCAGTCCGCTACCG_002,9
GCAGGCCCAGTCCGCTACCG_003,80
GCAGGCCCAGTCCGCTACCG_004,44
GCAGGCCCAGTCCGCTACCG_005,174
GCAGGCCCAGTCCGCTACCG_006,124
GCAGGCCCAGTCCGCTACCG_007,170
GCAGGCCCAGTCCGCTACCG_008,141
GCAGGCCCAGTCCGCTACCG_009,141
GCAGGCCCAGTCCGCTACCG_010,142
GCAGGCCCAGTCCGCTACCG_011,139
GCAGGCCCAGTCCGCTACCG_012,68
GCAGGCCCAGTCCGCTACCG_013,18
GCAGGCCCAGTCCGCTACCG_014,57
GAAAGTCATCAAAGCGCTGT_001,116
GAAAGTCATCAAAGCGCTGT_002,141
GAAAGTCATCAAAGCGCTGT_003,149
GAAAGTCATCAAAGCGCTGT_004,131
GAAAGTCATCAAAGCGCTGT_005,108
GAAAGTCATCAAAGCGCTGT_006,77
GAAAGTCATCAAAGCGCTGT_007,17
GAAAGTCATCAAAGCGCTGT_008,170
GAAAGTCATCAAAGCGCTGT_009,63
GAAAGTCATCAAAGCGCTGT_010,175
GAAAGTCATCAAAGCGCTGT_011,40
TTTCCAAAAGTGGTTTACCA_001,127
TTTCCAAAAGTGGTTTACCA_002,106
TTTCCAAAAGTGGTTTACCA_003,98
TTTCCAAAAGTGGTTTACCA_004,107
TTTCCAAAAGTGGTTTACCA_005,121
TTTCCAAAAGTGGTTTACCA_006,42
TTTCCAAAAGTGGTTTACCA_007,117
TTTCCAAAAGTGGTTTACCA_008,62
TTTCCAAAAGTGGTTTACCA_009,149
TTTCCAAAAGTGGTTTACCA_010,3
TTTCCAAAAGTGGTTTACCA_011,72
TTTCCAAAAGTGGTTTACCA_012,152
TTTCCAAAAGTGGTTTACCA_013,175
TTTCCAAAAGTGGTTTACCA_014,28
AACTGAGGCCCCCTTTCAAG_001,49
AACTGAGGCCCCCTTTCAAG_002,10
AACTGAGGCCCCCTTTCAAG_003,30
AACTGAGGCCCCCTTTCAAG_004,108
AACTGAGGCCCCCTTTCAAG_005,16
AACTGAGGCCCCCTTTCAAG_006,6
AACTGAGGCCCCCTTTCAAG_007,106
AACTGAGGCCCCCTTTCAAG_008,10
AACTGAGGCCCCCTTTCAAG_009,147
AACTGAGGCCCCCTTTCAAG_010,55
AACTGAGGCCCCCTTTCAAG_011,27
CATGTCAGCCAGATGAACCA_001,185
CATGTCAGCCAGATGAACCA_002,190
CATGTCAGCCAGATGAACCA_003,159
CATGTCAGCCAGATGAACCA_004,162
TCTTGTACATCCCACTGCCA_001,2
TCTTGTACATCCCACTGCCA_002,84
TCTTGTACATCCCACTGCCA_003,169
TCTTGTACATCCCACTGCCA_004,1
TCTTGTACATCCCACTGCCA_005,61
TCTTGTACATCCCACTGCCA_006,184
TCTTGTACATCCCACTGCCA_007,162
TCTTGTACATCCCACTGCCA_008,20
ACCCCCAGTGGCACTAACGT_001,4
ACCCCCAGTGGCACTAACGT_002,171
ACCCCCAGTGGCACTAACGT_003,53
ACCCCCAGTGGCACTAACGT_004,159
ACCCCCAGTGGCACTAACGT_005,29
ACCCCCAGTGGCACTAACGT_006,60
ACCCCCAGTGGCACTAACGT_007,168
ACCCCCAGTGGCACTAACGT_008,2
ACCCCCAGTGGCACTAACGT_009,150
ACCCCCAGTGGCACTAACGT_010,158
GACAAATTGCTGCTGAGTGT_001,5
GACAAATTGCTGCTGAGTGT_002,65
GACAAATTGCTGCTGAGTGT_003,48
ATTTAGATGATGCTGTAAAT_001,113
ATTTAGATGATGCTGTAAAT_002,172
ATTTAGATGATGCTGTAAAT_003,58
ATTTAGATGATGCTGTAAAT_004,17
ACATTCTAGTGAATCAGGAG_001,183
ACATTCTAGTGAATCAGGAG_002,0
ACATTCTAGTGAATCAGGAG_003,150
ACATTCTAGTGAATCAGGAG_004,34
ACATTCTAGTGAATCAGGAG_005,160
ACATTCTAGTGAATCAGGAG_006,191
ACATTCTAGTGAATCAGGAG_007,17
ACATTCTAGTGAATCAGGAG_008,162
ACATTCTAGTGAATCAGGAG_009,49
ACATTCTAGTGAATCAGGAG_010,179
GAAGAAACAGTACCACTAGG_001,98
GAAGAAACAGTACCACTAGG_002,98
GAAGAAACAGTACCACTAGG_003,3
GAAGAAACAGTACCACTAGG_004,150
GAAGAAACAGTACCACTAGG_005,191
GAAGAAACAGTACCACTAGG_006,169
GAAGAAACAGTACCACTAGG_007,94
GAAGAAACAGTACCACTAGG_008,177
GAAGAAACAGTACCACTAGG_009,9
GTTCCCGGGATGCCAAAAGC_001,10
GTTCCCGGGATGCCAAAAGC_002,182
GTTCCCGGGATGCCAAAAGC_003,130
GTTCCCGGGATGCCAAAAGC_004,159
GTTCCCGGGATGCCAAAAGC_005,113
GTTCCCGGGATGCCAAAAGC_006,157
GTTCCCGGGATGCCAAAAGC_007,166
AACACGGTCTCGGACCCAGG_001,102
AACACGGTCTCGGACCCAGG_002,153
AACACGGTCTCGGACCCAGG_003,52
AACACGGTCTCGGACCCAGG_004,148
AACACGGTCTCGGACCCAGG_005,175
AACACGGTCTCGGACCCAGG_006,56
AACACGGTCTCGGACCCAGG_007,115
AACACGGTCTCGGACCCAGG_008,170
CATGACGACCATGGGAGACA_001,124
CATGACGACCATGGGAGACA_002,53
GATCGAACCAGCAAATCCAG_001,169
GATCGAACCAGCAAATCCAG_002,60
GATCGAACCAGCAAATCCAG_003,28
GATCGAACCAGCAAATCCAG_004,78
GATCGAACCAGCAAATCCAG_005,27
GATCGAACCAGCAAATCCAG_006,69
GATCGAACCAGCAAATCCAG_007,76
GATCGAACCAGCAAATCCAG_008,149
GGAAACATTGAAGGACACGT_001,12
GGAAACATTGAAGGACACGT_002,50
GGAAACATTGAAGGACACGT_003,32
GGAAACATTGAAGGACACGT_004,65
GGAAACATTGAAGGACACGT_005,174
GGAAACATTGAAGGACACGT_006,181
GGAAACATTGAAGGACACGT_007,154
GGAAACATTGAAGGACACGT_008,9
GGAAACATTGAAGGACACGT_009,121
GGAAACATTGAAGGACACGT_010,58
GGAAACATTGAAGGACACGT_011,76
GGAAACATTGAAGGACACGT_012,192
GGAAACATTGAAGGACACGT_013,25
GGAAACATTGAAGGACACGT_014,73
GGAAACATTGAAGGACACGT_015,190
GGAAACATTGAAGGACACGT_016,60
GGAAACATTGAAGGACACGT_017,8
GGAAACATTGAAGGACACGT_018,76
GGAAACATTGAAGGACACGT_019,194
GGAAACATTGAAGGACACGT_020,42
GGAAACATTGAAGGACACGT_021,97
GGAAACATTGAAGGACACGT_022,111
CCTTCTGACTGTACATCCCG_001,193
CCTTCTGACTGTACATCCCG_002,145
CCTTCTGACTGTACATCCCG_003,172
CCTTCTGACTGTACATCCCG_004,8
CCTTCTGACTGTACATCCCG_005,72
CCTTCTGACTGTACATCCCG_006,180
GTAAACGTCCCACTTACTTG_001,72
GTAAACGTCCCACTTACTTG_002,161
GTAAACGTCCCACTTACTTG_003,171
TCTTCATCTGCAAATCCTGT_001,132
TCTTCATCTGCAAATCCTGT_002,168
TCTTCATCTGCAAATCCTGT_003,158
TCTTCATCTGCAAATCCTGT_004,172
TGGAGGACGGCATCCGTATG_001,144
TGGAGGACGGCATCCGTATG_002,71
TGGAGGACGGCATCCGTATG_003,160
TGGAGGACGGCATCCGTATG_004,1
TGGAGGACGGCATCCGTATG_005,97
TGGAGGACGGCATCCGTATG_006,144
TGGAGGACGGCATCCGTATG_007,144
TGGAGGACGGCATCCGTATG_008,22
TGGAGGACGGCATCCGTATG_009,168
TGGAGGACGGCATCCGTATG_010,56
TGGAGGACGGCATCCGTATG_011,124
TGGAGGACGGCATCCGTATG_012,89
TGGAGGACGGCATCCGTATG_013,74
TGGAGGACGGCATCCGTATG_014,19
AGAGATACATTGTCCACATG_001,94
AGAGATACATTGTCCACATG_002,12
AGAGATACATTGTCCACATG_003,160
AGAGATACATTGTCCACATG_004,117
AGAGATACATTGTCCACATG_005,77
AGAGATACATTGTCCACATG_006,85
AGAGATACATTGTCCACATG_007,85
AGAGATACATTGTCCACATG_008,82
AAGAGCTGGACACCACAAGT_001,56
AAGAGCTGGACACCACAAGT_002,111
AAGAGCTGGACACCACAAGT_003,57
AAGAGCTGGACACCACAAGT_004,82
AAGAGCTGGACACCACAAGT_005,70
AAGAGCTGGACACCACAAGT_006,166
AAGAGCTGGACACCACAAGT_007,127
AAGAGCTGGACACCACAAGT_008,57
AAGAGCTGGACACCACAAGT_009,9
AAGAGCTGGACACCACAAGT_010,187
AAGAGCTGGACACCACAAGT_011,98
AAGAGCTGGACACCACAAGT_012,27
AAGAGCTGGACACCACAAGT_013,20
AAGAGCTGGACACCACAAGT_014,62
AAGAGCTGGACACCACAAGT_015,197
AAGAGCTGGACACCACAAGT_016,87
AAGAGCTGGACACCACAAGT_017,198
AAGAGCTGGACACCACAAGT_018,126
AAGAGCTGGACACCACAAGT_019,95
AAGAGCTGGACACCACAAGT_020,136
AAGAGCTGGACACCACAAGT_021,144
AAGAGCTGGACACCACAAGT_022,72
AAGAGCTGGACACCACAAGT_023,72
AAGAGCTGGACACCACAAGT_024,94
AAGAGCTGGACACCACAAGT_025,149
AAGAGCTGGACACCACAAGT_026,89
AAGAGCTGGACACCACAAGT_027,175
AAGAGCTGGACACCACAAGT_028,3
CAGGAAATCAGTACGCTGAG_001,60
CAGGAAATCAGTACGCTGAG_002,45
CAGGAAATCAGTACGCTGAG_003,82
CAGGAAATCAGTACGCTGAG_004,175
CAGGAAATCAGTACGCTGAG_005,156
CAGGAAATCAGTACGCTGAG_006,168
CAGGAAATCAGTACGCTGAG_007,5
CAGGAAATCAGTACGCTGAG_008,121
TTTCGTGCCGATGTAACACA_001,150
TTTCGTGCCGATGTAACACA_002,0
TTTCGTGCCGATGTAACACA_003,150
TTTCGTGCCGATGTAACACA_004,22
TTTCGTGCCGATGTAACACA_005,53
TTTCGTGCCGATGTAACACA_006,48
TTTCGTGCCGATGTAACACA_007,19
TTTCGTGCCGATGTAACACA_008,38
AGTTCGAACACCTTACACCA_001,15
AGTTCGAACACCTTACACCA_002,18
AGTTCGAACACCTTACACCA_003,2
AGTTCGAACACCTTACACCA_004,118
AGTTCGAACACCTTACACCA_005,151
AGTTCGAACACCTTACACCA_006,1
AGTTCGAACACCTTACACCA_007,48
AGTTCGAACACCTTACACCA_008,40
AGTTCGAACACCTTACACCA_009,108
AGTTCGAACACCTTACACCA_010,36
AGTTCGAACACCTTACACCA_011,122
AGTTCGAACACCTTACACCA_012,54
AGTTCGAACACCTTACACCA_013,24
AGTTCGAACACCTTACACCA_014,84
AGTTCGAACACCTTACACCA_015,180
AGTTCGAACACCTTACACCA_016,117
AGTTCGAACACCTTACACCA_017,160
ATGACCTCCAAGATGTGTGG_001,39
ATGACCTCCAAGATGTGTGG_002,14
ATGACCTCCAAGATGTGTGG_003,23
ATGACCTCCAAGATGTGTGG_004,179
ATGACCTCCAAGATGTGTGG_005,179
ATGACCTCCAAGATGTGTGG_006,149
ATGACCTCCAAGATGTGTGG_007,30
ATGACCTCCAAGATGTGTGG_008,158
ATGACCTCCAAGATGTGTGG_009,76
ATGACCTCCAAGATGTGTGG_010,105
ATGACCTCCAAGATGTGTGG_011,144
ATGACCTCCAAGATGTGTGG_012,177
ATGACCTCCAAGATGTGTGG_013,155
ATGACCTCCAAGATGTGTGG_014,70
ATGACCTCCAAGATGTGTGG_015,80
ATGACCTCCAAGATGTGTGG_016,149
ATGACCTCCAAGATGTGTGG_017,42
ATGACCTCCAAGATGTGTGG_018,165
ATGACCTCCAAGATGTGTGG_019,150
CGTTCGGGCGACCTGCCGAG_001,110
CGTTCGGGCGACCTGCCGAG_002,14
CGTTCGGGCGACCTGCCGAG_003,2
CGTTCGGGCGACCTGCCGAG_004,132
CGTTCGGGCGACCTGCCGAG_005,60
CGTTCGGGCGACCTGCCGAG_006,72
CGTTCGGGCGACCTGCCGAG_007,16
CGTTCGGGCGACCTGCCGAG_008,49
CGTTCGGGCGACCTGCCGAG_009,98
CGTTCGGGCGACCTGCCGAG_010,40
CGTTCGGGCGACCTGCCGAG_011,72
CGTTCGGGCGACCTGCCGAG_012,46
CGTTCGGGCGACCTGCCGAG_013,0
CGTTCGGGCGACCTGCCGAG_014,102
CTGAGCCCTCGTAAACTGTG_001,118
CTGAGCCCTCGTAAACTGTG_002,156
CTGAGCCCTCGTAAACTGTG_003,33
CTGAGCCCTCGTAAACTGTG_004,38
CTGAGCCCTCGTAAACTGTG_005,149
CTGAGCCCTCGTAAACTGTG_006,12
CTGAGCCCTCGTAAACTGTG_007,81
CTGAGCCCTCGTAAACTGTG_008,103
CTGAGCCCTCGTAAACTGTG_009,160
CTGAGCCCTCGTAAACTGTG_010,188
CTGAGCCCTCGTAAACTGTG_011,130
ATACCTTCTGGGGAACCACA_001,137
ATACCTTCTGGGGAACCACA_002,94
ATACCTTCTGGGGAACCACA_003,15
CTTGGCCCTTCGAAACTGGG_001,48
CTTGGCCCTTCGAAACTGGG_002,63
CTTGGCCCTTCGAAACTGGG_003,24
CTTGGCCCTTCGAAACTGGG_004,96
CTTGGCCCTTCGAAACTGGG_005,177
CTTGGCCCTTCGAAACTGGG_006,158
CTTGGCCCTTCGAAACTGGG_007,175
CTTGGCCCTTCGAAACTGGG_008,178
CTTGGCCCTTCGAAACTGGG_009,165
CTTGGCCCTTCGAAACTGGG_010,153
CTTGGCCCTTCGAAACTGGG_011,27
CTTGGCCCTTCGAAACTGGG_012,7
CTTGGCCCTTCGAAACTGGG_013,14
CTTGGCCCTTCGAAACTGGG_014,182
CTTGGCCCTTCGAAACTGGG_015,194
CTTGGCCCTTCGAAACTGGG_016,60
CTTGGCCCTTCGAAACTGGG_017,0
CTTGGCCCTTCGAAACTGGG_018,39
CTTGGCCCTTCGAAACTGGG_019,3
CTTGGCCCTTCGAAACTGGG_020,156
CTTGGCCCTTCGAAACTGGG_021,188
CTTGGCCCTTCGAAACTGGG_022,2
CTTGGCCCTTCGAAACTGGG_023,49
CTTGGCCCTTCGAAACTGGG_024,18
CTTGGCCCTTCGAAACTGGG_025,34
GCACTACTGTGCGGTACGCG_001,169
GCACTACTGTGCGGTACGCG_002,112
GCACTACTGTGCGGTACGCG_003,5
GCACTACTGTGCGGTACGCG_004,76
GCACTACTGTGCGGTACGCG_005,40
GCACTACTGTGCGGTACGCG_006,77
GCACTACTGTGCGGTACGCG_007,68
GCACTACTGTGCGGTACGCG_008,8
CTTTGCAAGTCCTATCCCGA_001,116
CTTTGCAAGTCCTATCCCGA_002,29
CTTTGCAAGTCCTATCCCGA_003,41
CTTTGCAAGTCCTATCCCGA_004,33
CTTTGCAAGTCCTATCCCGA_005,28
TCTAGTTTCAGAGTCTTGGA_001,188
TCTAGTTTCAGAGTCTTGGA_002,152
TCTAGTTTCAGAGTCTTGGA_003,84
TCTAGTTTCAGAGTCTTGGA_004,148
TCTGTCACGAATAAAGATCA_001,130
TCTGTCACGAATAAAGATCA_002,1
TCTGTCACGAATAAAGATCA_003,127
TCTGTCACGAATAAAGATCA_004,16
TCTGTCACGAATAAAGATCA_005,56
TCTGTCACGAATAAAGATCA_006,173
TCTGTCACGAATAAAGATCA_007,173
TCTGTCACGAATAAAGATCA_008,24
TCTGTCACGAATAAAGATCA_009,148
TCTGTCACGAATAAAGATCA_010,141
TCTGTCACGAATAAAGATCA_011,91
TCTGTCACGAATAAAGATCA_012,62
TCTGTCACGAATAAAGATCA_013,106
TCTGTCACGAATAAAGATCA_014,102
ATTCTGTTACATCAATCAAA_001,5
ATTCTGTTACATCAATCAAA_002,30
ATTCTGTTACATCAATCAAA_003,150
ATTCTGTTACATCAATCAAA_004,112
ATTCTGTTACATCAATCAAA_005,122
GTAATGGTCCTGTATGTGTG_001,128
GTAATGGTCCTGTATGTGTG_002,76
GTAATGGTCCTGTATGTGTG_003,199
GTAATGGTCCTGTATGTGTG_004,29
GTAATGGTCCTGTATGTGTG_005,1
GTAATGGTCCTGTATGTGTG_006,154
GTAATGGTCCTGTATGTGTG_007,5
GTAATGGTCCTGTATGTGTG_008,169
GTAATGGTCCTGTATGTGTG_009,68
GTAATGGTCCTGTATGTGTG_010,88
GTAATGGTCCTGTATGTGTG_011,149
GTAATGGTCCTGTATGTGTG_012,149
GTAATGGTCCTGTATGTGTG_013,48
GTAATGGTCCTGTATGTGTG_014,16
GTAATGGTCCTGTATGTGTG_015,1
GTAATGGTCCTGTATGTGTG_016,109
GTAATGGTCCTGTATGTGTG_017,23
GTAATGGTCCTGTATGTGTG_018,25
GTAATGGTCCTGTATGTGTG_019,78
GTAATGGTCCTGTATGTGTG_020,33
GTAATGGTCCTGTATGTGTG_021,106
GTAATGGTCCTGTATGTGTG_022,81
GTAATGGTCCTGTATGTGTG_023,116
GCTCCGCGGGGACCCAGACG_001,0
GCTCCGCGGGGACCCAGACG_002,134
GCTCCGCGGGGACCCAGACG_003,41
GCTCCGCGGGGACCCAGACG_004,14
GCTCCGCGGGGACCCAGACG_005,25
GAGAGCCAAGGTGCTGCATG_001,43
GAGAGCCAAGGTGCTGCATG_002,48
GAGAGCCAAGGTGCTGCATG_003,18
GAGAGCCAAGGTGCTGCATG_004,189
GAGAGCCAAGGTGCTGCATG_005,56
GAGAGCCAAGGTGCTGCATG_006,116
GAGAGCCAAGGTGCTGCATG_007,58
GAGAGCCAAGGTGCTGCATG_008,58
GAGAGCCAAGGTGCTGCATG_009,171
GAGAGCCAAGGTGCTGCATG_010,147
GAGAGCCAAGGTGCTGCATG_011,78
GAGAGCCAAGGTGCTGCATG_012,168
GAGAGCCAAGGTGCTGCATG_013,178
GAGAGCCAAGGTGCTGCATG_014,47
AATATTAGGATGGTTCACAC_001,192
AATATTAGGATGGTTCACAC_002,117
AATATTAGGATGGTTCACAC_003,129
AATATTAGGATGGTTCACAC_004,78
AATATTAGGATGGTTCACAC_005,146
AATATTAGGATGGTTCACAC_006,107
AATATTAGGATGGTTCACAC_007,150
AATATTAGGATGGTTCACAC_008,77
AATATTAGGATGGTTCACAC_009,19
AATATTAGGATGGTTCACAC_010,174
CATTTGTGGGACTGTACATG_001,149
CATTTGTGGGACTGTACATG_002,58
CATTTGTGGGACTGTACATG_003,62
CATTTGTGGGACTGTACATG_004,29
CATTTGTGGGACTGTACATG_005,95
CATTTGTGGGACTGTACATG_006,178
CATTTGTGGGACTGTACATG_007,80
CATTTGTGGGACTGTACATG_008,15
CATTTGTGGGACTGTACATG_009,137
CATTTGTGGGACTGTACATG_010,192
CATTTGTGGGACTGTACATG_011,199
CATTTGTGGGACTGTACATG_012,72
CATTTGTGGGACTGTACATG_013,62
CATTTGTGGGACTGTACATG_014,164
TGGGAACTCGCCAATCATCT_001,1
TGGGAACTCGCCAATCATCT_002,168
TGGGAACTCGCCAATCATCT_003,137
TGGGAACTCGCCAATCATCT_004,168
TGGGAACTCGCCAATCATCT_005,191
TGGGAACTCGCCAATCATCT_006,9
TGGGAACTCGCCAATCATCT_007,12
TGGGAACTCGCCAATCATCT_008,47
TGGGAACTCGCCAATCATCT_009,168
TGGGAACTCGCCAATCATCT_010,27
AATGAGCATGATGAGACCTG_001,60
AATGAGCATGATGAGACCTG_002,26
AATGAGCATGATGAGACCTG_003,64
AATGAGCATGATGAGACCTG_004,32
AATGAGCATGATGAGACCTG_005,105
AATGAGCATGATGAGACCTG_006,7
AATGAGCATGATGAGACCTG_007,50
AATGAGCATGATGAGACCTG_008,49
AATGAGCATGATGAGACCTG_009,148
AATGAGCATGATGAGACCTG_010,15
AATGAGCATGATGAGACCTG_011,199
AATGAGCATGATGAGACCTG_012,33
AATGAGCATGATGAGACCTG_013,132
AATGAGCATGATGAGACCTG_014,61
AATGAGCATGATGAGACCTG_015,9
AATGAGCATGATGAGACCTG_016,166
AATGAGCATGATGAGACCTG_017,76
AATGAGCATGATGAGACCTG_018,33
AATGAGCATGATGAGACCTG_019,148
AATGAGCATGATGAGACCTG_020,162
AATGAGCATGATGAGACCTG_021,170
AATGAGCATGATGAGACCTG_022,176
CACCTCAACAACCATCATGG_001,113
CACCTCAACAACCATCATGG_002,15
CACCTCAACAACCATCATGG_003,194
CACCTCAACAACCATCATGG_004,139
CACCTCAACAACCATCATGG_005,101
CACCTCAACAACCATCATGG_006,103
CACCTCAACAACCATCATGG_007,91
CACCTCAACAACCATCATGG_008,112
ATGGTGCTAATGGGACACTG_001,68
ATGGTGCTAATGGGACACTG_002,53
ATGGTGCTAATGGGACACTG_003,84
ATGGTGCTAATGGGACACTG_004,50
ATGGTGCTAATGGGACACTG_005,78
ATGGTGCTAATGGGACACTG_006,138
ATGGTGCTAATGGGACACTG_007,60
ATGGTGCTAATGGGACACTG_008,58
ATGGTGCTAATGGGACACTG_009,196
ATGGTGCTAATGGGACACTG_010,76
ATGGTGCTAATGGGACACTG_011,15
ATGGTGCTAATGGGACACTG_012,66
ATGGTGCTAATGGGACACTG_013,157
ATGGTGCTAATGGGACACTG_014,183
ATGGTGCTAATGGGACACTG_015,169
ATGGTGCTAATGGGACACTG_016,140
ATGGTGCTAATGGGACACTG_017,114
ATGGTGCTAATGGGACACTG_018,31
ATGGTGCTAATGGGACACTG_019,172
ATGGTGCTAATGGGACACTG_020,122
ATGGTGCTAATGGGACACTG_021,117
ATGGTGCTAATGGGACACTG_022,43
ATGGTGCTAATGGGACACTG_023,169
ATGGTGCTAATGGGACACTG_024,192
ATGGTGCTAATGGGACACTG_025,155
ATGGTGCTAATGGGACACTG_026,34
ATGGTGCTAATGGGACACTG_027,172
ATGGTGCTAATGGGACACTG_028,51
ATGGTGCTAATGGGACACTG_029,15
ATGGTGCTAATGGGACACTG_030,197
ATGGTGCTAATGGGACACTG_031,44
ATGGTGCTAATGGGACACTG_032,43
ATGGTGCTAATGGGACACTG_033,34
ATGGTGCTAATGGGACACTG_034,165
ATGGTGCTAATGGGACACTG_035,134
ATGGTGCTAATGGGACACTG_036,40
ATGGTGCTAATGGGACACTG_037,19
ATGGTGCTAATGGGACACTG_038,139
ATGGTGCTAATGGGACACTG_039,181
ATGGTGCTAATGGGACACTG_040,190
ATGGTGCTAATGGGACACTG_041,75
ATGGTGCTAATGGGACACTG_042,70
ATGGTGCTAATGGGACACTG_043,178
ATGGTGCTAATGGGACACTG_044,161
ATGGTGCTAATGGGACACTG_045,2
ATGGTGCTAATGGGACACTG_046,13
ATGGTGCTAATGGGACACTG_047,37
ATGGTGCTAATGGGACACTG_048,69
ATGGTGCTAATGGGACACTG_049,177
ATGGTGCTAATGGGACACTG_050,191
ATGGTGCTAATGGGACACTG_051,175
ATGGTGCTAATGGGACACTG_052,175
ATGGTGCTAATGGGACACTG_053,164
ATGGTGCTAATGGGACACTG_054,35
ATGGTGCTAATGGGACACTG_055,106
ATGGTGCTAATGGGACACTG_056,105
ATGGTGCTAATGGGACACTG_057,94
ATGGTGCTAATGGGACACTG_058,118
ATGGTGCTAATGGGACACTG_059,94
ATGGTGCTAATGGGACACTG_060,45
ATGGTGCTAATGGGACACTG_061,141
ATGGTGCTAATGGGACACTG_062,63
ATGGTGCTAATGGGACACTG_063,43
ACGTTTGTCAACACGGATGT_001,116
ACGTTTGTCAACACGGATGT_002,154
ACGTTTGTCAACACGGATGT_003,145
CACGCTTTAAACATCCACCG_001,78
CACGCTTTAAACATCCACCG_002,107
CACGCTTTAAACATCCACCG_003,7
CACGCTTTAAACATCCACCG_004,107
CACGCTTTAAACATCCACCG_005,16
CACGCTTTAAACATCCACCG_006,190
CACGCTTTAAACATCCACCG_007,12
CACGCTTTAAACATCCACCG_008,155
CACGCTTTAAACATCCACCG_009,54
ACCTTGCAAGCTGTCCTGAG_001,181
ACCTTGCAAGCTGTCCTGAG_002,105
ACCTTGCAAGCTGTCCTGAG_003,108
ACCTTGCAAGCTGTCCTGAG_004,159
ACCTTGCAAGCTGTCCTGAG_005,148
ACCTTGCAAGCTGTCCTGAG_006,158
ACCTTGCAAGCTGTCCTGAG_007,83
ACAGGTCAGAGATTGTCGTC_001,60
ACAGGTCAGAGATTGTCGTC_002,108
ACAGGTCAGAGATTGTCGTC_003,191
ACAGGTCAGAGATTGTCGTC_004,45
ACAGGTCAGAGATTGTCGTC_005,23
ACAGGTCAGAGATTGTCGTC_006,82
ACAGGTCAGAGATTGTCGTC_007,115
ACAGGTCAGAGATTGTCGTC_008,51
ACAGGTCAGAGATTGTCGTC_009,93
ACAGGTCAGAGATTGTCGTC_010,64
ACAGGTCAGAGATTGTCGTC_011,84
ACAGGTCAGAGATTGTCGTC_012,43
ACAGGTCAGAGATTGTCGTC_013,27
ACAGGTCAGAGATTGTCGTC_014,175
ACAGGTCAGAGATTGTCGTC_015,130
ACTCTCTTACAGCACTATGT_001,172
ACTCTCTTACAGCACTATGT_002,118
ACTCTCTTACAGCACTATGT_003,197
GAGGCGAACCCAGAGATGTG_001,158
GAGGCGAACCCAGAGATGTG_002,128
GAGGCGAACCCAGAGATGTG_003,38
GAGGCGAACCCAGAGATGTG_004,71
GAGGCGAACCCAGAGATGTG_005,130
GAGGCGAACCCAGAGATGTG_006,12
GAGGCGAACCCAGAGATGTG_007,56
GAGGCGAACCCAGAGATGTG_008,123
GAGGCGAACCCAGAGATGTG_009,14
GAGGCGAACCCAGAGATGTG_010,62
CAGCGAAGTAGTAATTTAGT_001,82
CAGCGAAGTAGTAATTTAGT_002,104
CAGCGAAGTAGTAATTTAGT_003,57
CAGCGAAGTAGTAATTTAGT_004,55
CAGCGAAGTAGTAATTTAGT_005,199
CAGCGAAGTAGTAATTTAGT_006,123
GCAGCGCCAGACGCACGTTG_001,15
GCAGCGCCAGACGCACGTTG_002,26
GCAGCGCCAGACGCACGTTG_003,188
GCAGCGCCAGACGCACGTTG_004,40
GCAGCGCCAGACGCACGTTG_005,27
GCAGCGCCAGACGCACGTTG_006,130
GCAGCGCCAGACGCACGTTG_007,102
GCAGCGCCAGACGCACGTTG_008,29
GCAGCGCCAGACGCACGTTG_009,175
GCAGCGCCAGACGCACGTTG_010,96
GCAGCGCCAGACGCACGTTG_011,69
GCAGCGCCAGACGCACGTTG_012,1
GCAGCGCCAGACGCACGTTG_013,152
GCAGCGCCAGACGCACGTTG_014,113
GCAGCGCCAGACGCACGTTG_015,29
GATGATGATTATTATCCGAG_001,129
GGACATCACTCCAGACCAGT_001,2
GGACATCACTCCAGACCAGT_002,145
GGACATCACTCCAGACCAGT_003,78
GGACATCACTCCAGACCAGT_004,46
GGACATCACTCCAGACCAGT_005,122
GGACATCACTCCAGACCAGT_006,193
GGACATCACTCCAGACCAGT_007,192
GGACATCACTCCAGACCAGT_008,58
GGACATCACTCCAGACCAGT_009,137
GGACATCACTCCAGACCAGT_010,140
GGACATCACTCCAGACCAGT_011,38
GGACATCACTCCAGACCAGT_012,9
GGACATCACTCCAGACCAGT_013,16
GGACATCACTCCAGACCAGT_014,113
GGACATCACTCCAGACCAGT_015,94
GGACATCACTCCAGACCAGT_016,127
CAGAGGTCGAGCAAAATCAA_001,147
CAGAGGTCGAGCAAAATCAA_002,85
CAGAGGTCGAGCAAAATCAA_003,69
CAGAGGTCGAGCAAAATCAA_004,18
CAGAGGTCGAGCAAAATCAA_005,138
CAGAGGTCGAGCAAAATCAA_006,58
CAGAGGTCGAGCAAAATCAA_007,98
CAGAGGTCGAGCAAAATCAA_008,29
CAGAGGTCGAGCAAAATCAA_009,75
CAGAGGTCGAGCAAAATCAA_010,27
CAGAGGTCGAGCAAAATCAA_011,170
CAGAGGTCGAGCAAAATCAA_012,189
CAGAGGTCGAGCAAAATCAA_013,172
CAGAGGTCGAGCAAAATCAA_014,180
AAAATCAGGCAAAATAGCTG_001,131
AAAATCAGGCAAAATAGCTG_002,74
AAAATCAGGCAAAATAGCTG_003,74
AAAATCAGGCAAAATAGCTG_004,198
AAAATCAGGCAAAATAGCTG_005,48
GTACTCAAAACTGTTTACTG_001,148
GTACTCAAAACTGTTTACTG_002,76
GTACTCAAAACTGTTTACTG_003,2
GTACTCAAAACTGTTTACTG_004,74
GTACTCAAAACTGTTTACTG_005,98
GTACTCAAAACTGTTTACTG_006,127
GTACTCAAAACTGTTTACTG_007,108
GTACTCAAAACTGTTTACTG_008,164
GTACTCAAAACTGTTTACTG_009,150
GTACTCAAAACTGTTTACTG_010,191
CAAGGCCAACCGATTCACTG_001,198
CAAGGCCAACCGATTCACTG_002,67
CAAGGCCAACCGATTCACTG_003,162
CAAGGCCAACCGATTCACTG_004,61
CAAGGCCAACCGATTCACTG_005,50
CAAGGCCAACCGATTCACTG_006,147
CAAGGCCAACCGATTCACTG_007,133
CAAGGCCAACCGATTCACTG_008,19
CAAGGCCAACCGATTCACTG_009,194
CAAGGCCAACCGATTCACTG_010,75
CAAGGCCAACCGATTCACTG_011,180
GGGTTCTCTGTATCGTATGG_001,158
GGGTTCTCTGTATCGTATGG_002,177
GCATGTGTCACAGCTGACTT_001,193
GCATGTGTCACAGCTGACTT_002,127
GCATGTGTCACAGCTGACTT_003,61
GCATGTGTCACAGCTGACTT_004,166
GCATGTGTCACAGCTGACTT_005,103
GAAAGTTGTAAGAAGCACCT_001,76
GAAAGTTGTAAGAAGCACCT_002,169
GAAAGTTGTAAGAAGCACCT_003,144
TTGAAGGACATATAGCTGAT_001,185
TTGAAGGACATATAGCTGAT_002,59
TTGAAGGACATATAGCTGAT_003,165
TTGAAGGACATATAGCTGAT_004,60
AGATGGTATAGCTGCATGCT_001,149
GTATATAACACAGACTACAC_001,84
GTATATAACACAGACTACAC_002,70
GTATATAACACAGACTACAC_003,48
GTATATAACACAGACTACAC_004,78
TGGCGTCCGCACGTACAACG_001,105
TGGCGTCCGCACGTACAACG_002,23
TGGCGTCCGCACGTACAACG_003,23
TGGCGTCCGCACGTACAACG_004,198
TGGCGTCCGCACGTACAACG_005,171
TGGCGTCCGCACGTACAACG_006,140
TGGCGTCCGCACGTACAACG_007,50
TGGCGTCCGCACGTACAACG_008,184
TGGCGTCCGCACGTACAACG_009,98
TGGCGTCCGCACGTACAACG_010,128
TGGCGTCCGCACGTACAACG_011,156
TGGCGTCCGCACGTACAACG_012,147
TGGCGTCCGCACGTACAACG_013,85
TGGCGTCCGCACGTACAACG_014,176
TGGCGTCCGCACGTACAACG_015,190
TGGCGTCCGCACGTACAACG_016,97
TGGCGTCCGCACGTACAACG_017,50
TGGCGTCCGCACGTACAACG_018,29
TGGCGTCCGCACGTACAACG_019,134
TGGCGTCCGCACGTACAACG_020,117
ATGCTTGTGAACTAATTGAA_001,4
ATGCTTGTGAACTAATTGAA_002,23
ATGCTTGTGAACTAATTGAA_003,52
ATGCTTGTGAACTAATTGAA_004,63
ATGCTTGTGAACTAATTGAA_005,50
ATGCTTGTGAACTAATTGAA_006,140
ATGCTTGTGAACTAATTGAA_007,159
ATGCTTGTGAACTAATTGAA_008,158
ATGCTTGTGAACTAATTGAA_009,43
ATGCTTGTGAACTAATTGAA_010,153
ATGCTTGTGAACTAATTGAA_011,99
ATGCTTGTGAACTAATTGAA_012,2
GTATTTGTCTCGATATTCTG_001,24
AGCTGCTGTAGACCCGGTGA_001,52
AGCTGCTGTAGACCCGGTGA_002,116
AGCTGCTGTAGACCCGGTGA_003,169
AGCTGCTGTAGACCCGGTGA_004,43
AGCTGCTGTAGACCCGGTGA_005,162
CCTACACAGATGTGACACCT_001,166
CCTTCCGATCAGCAATGTAG_001,41
CCTTCCGATCAGCAATGTAG_002,10
CCTTCCGATCAGCAATGTAG_003,156
CCTTCCGATCAGCAATGTAG_004,152
CCTTCCGATCAGCAATGTAG_005,183
CCTTCCGATCAGCAATGTAG_006,177
CCTTCCGATCAGCAATGTAG_007,67
GAAAACGGACTCGTTGATGG_001,26
GAAAACGGACTCGTTGATGG_002,162
GAAAACGGACTCGTTGATGG_003,151
GTCCATTGCTCAGCTCAAAG_001,59
TGAAAACATAGGTCACCCCA_001,193
TGAAAACATAGGTCACCCCA_002,78
TGAAAACATAGGTCACCCCA_003,19
TGAAAACATAGGTCACCCCA_004,143
TGAAAACATAGGTCACCCCA_005,27
TGAAAACATAGGTCACCCCA_006,198
GGAGAACAAGCGGACGCGCA_001,194
GGAGAACAAGCGGACGCGCA_002,41
GGAGAACAAGCGGACGCGCA_003,184
GGAGAACAAGCGGACGCGCA_004,35
GGAGAACAAGCGGACGCGCA_005,1
GGAGAACAAGCGGACGCGCA_006,46
AAATGATAGTATATATGCAG_001,28
CAACCGAAACTTAAACCCAA_001,13
CAACCGAAACTTAAACCCAA_002,69
CAACCGAAACTTAAACCCAA_003,50
TCGCTTCTGGATAACTACTC_001,76
TCGCTTCTGGATAACTACTC_002,127
TCGCTTCTGGATAACTACTC_003,199
GTCCGGGTGCAGCGTCCAGT_001,62
GTCCGGGTGCAGCGTCCAGT_002,196
GTCCGGGTGCAGCGTCCAGT_003,129
GTCCGGGTGCAGCGTCCAGT_004,57
GTCCGGGTGCAGCGTCCAGT_005,148
GTCCGGGTGCAGCGTCCAGT_006,30
GTCCGGGTGCAGCGTCCAGT_007,159
GTCCGGGTGCAGCGTCCAGT_008,96
GTCCGGGTGCAGCGTCCAGT_009,8
GTCCGGGTGCAGCGTCCAGT_010,149
GTCCGGGTGCAGCGTCCAGT_011,176
GTCCGGGTGCAGCGTCCAGT_012,188
GTCCGGGTGCAGCGTCCAGT_013,198
GTCCGGGTGCAGCGTCCAGT_014,120
GTCCGGGTGCAGCGTCCAGT_015,148
GTCCGGGTGCAGCGTCCAGT_016,101
GTCCGGGTGCAGCGTCCAGT_017,46
GTCCGGGTGCAGCGTCCAGT_018,77
GTCCGGGTGCAGCGTCCAGT_019,127
TGAACCGAAAGCGAGAACGT_001,105
TGAACCGAAAGCGAGAACGT_002,166
TGAACCGAAAGCGAGAACGT_003,34
TGAACCGAAAGCGAGAACGT_004,12
TGAACCGAAAGCGAGAACGT_005,102
TGAACCGAAAGCGAGAACGT_006,190
TGAACCGAAAGCGAGAACGT_007,67
TGAACCGAAAGCGAGAACGT_008,144
TGAACCGAAAGCGAGAACGT_009,161
TGAACCGAAAGCGAGAACGT_010,69
TGAACCGAAAGCGAGAACGT_011,33
TGAACCGAAAGCGAGAACGT_012,66
TGAACCGAAAGCGAGAACGT_013,133
TGAACCGAAAGCGAGAACGT_014,169
TGAACCGAAAGCGAGAACGT_015,158
TGAACCGAAAGCGAGAACGT_016,62
TGAACCGAAAGCGAGAACGT_017,127
TGAACCGAAAGCGAGAACGT_018,140
TGAACCGAAAGCGAGAACGT_019,45
TGAACCGAAAGCGAGAACGT_020,7
TGAACCGAAAGCGAGAACGT_021,60
TGAACCGAAAGCGAGAACGT_022,53
TGAACCGAAAGCGAGAACGT_023,135
TGAACCGAAAGCGAGAACGT_024,115
TGAACCGAAAGCGAGAACGT_025,107
TGAACCGAAAGCGAGAACGT_026,140
TGAACCGAAAGCGAGAACGT_027,105
TGAACCGAAAGCGAGAACGT_028,115
TGAACCGAAAGCGAGAACGT_029,129
TGAACCGAAAGCGAGAACGT_030,2
TGAACCGAAAGCGAGAACGT_031,88
CGCGGACCTTCTTCCCCAGA_001,26
CGGGATGTTATCACTTCCGC_001,38
TGCTGCTCTTGGACTCCATG_001,194
TGCTGCTCTTGGACTCCATG_002,67
TGCTGCTCTTGGACTCCATG_003,81
TGCTGCTCTTGGACTCCATG_004,125
TGCTGCTCTTGGACTCCATG_005,78
TGCTGCTCTTGGACTCCATG_006,121
TGCTGCTCTTGGACTCCATG_007,19
TGCTGCTCTTGGACTCCATG_008,76
TGCTGCTCTTGGACTCCATG_009,172
TGCTGCTCTTGGACTCCATG_010,148
TGCTGCTCTTGGACTCCATG_011,79
AAGGGGAAAAGACCCAGTCA_001,181
AAGGGGAAAAGACCCAGTCA_002,137
AAGGGGAAAAGACCCAGTCA_003,1
AAGGGGAAAAGACCCAGTCA_004,49
AAGGGGAAAAGACCCAGTCA_005,119
AAGGGGAAAAGACCCAGTCA_006,189
AAGGGGAAAAGACCCAGTCA_007,160
AAGGGGAAAAGACCCAGTCA_008,81
AAGGGGAAAAGACCCAGTCA_009,149
AAGGGGAAAAGACCCAGTCA_010,151
AAGGGGAAAAGACCCAGTCA_011,127
AAGGGGAAAAGACCCAGTCA_012,193
AAGGGGAAAAGACCCAGTCA_013,197
AAGGGGAAAAGACCCAGTCA_014,102
AAGGGGAAAAGACCCAGTCA_015,118
AAGGGGAAAAGACCCAGTCA_016,157
AAGGGGAAAAGACCCAGTCA_017,129
AAGGGGAAAAGACCCAGTCA_018,110
AAGGGGAAAAGACCCAGTCA_019,86
AAGGGGAAAAGACCCAGTCA_020,169
AAGGGGAAAAGACCCAGTCA_021,78
AAGGGGAAAAGACCCAGTCA_022,197
AAGGGGAAAAGACCCAGTCA_023,56
AAGGGGAAAAGACCCAGTCA_024,106
AAATTCGGTCTTCATAGATT_001,160
AAATTCGGTCTTCATAGATT_002,88
AAATTCGGTCTTCATAGATT_003,189
ATCGAGCCAAGAAATTTGCA_001,36
ATCGAGCCAAGAAATTTGCA_002,49
ATCGAGCCAAGAAATTTGCA_003,175
ATCGAGCCAAGAAATTTGCA_004,145
ATCGAGCCAAGAAATTTGCA_005,156
ATCGAGCCAAGAAATTTGCA_006,16
ATCGAGCCAAGAAATTTGCA_007,130
ATCGAGCCAAGAAATTTGCA_008,46
AAACAACGCAAGTTGGATTG_001,67
AAACAACGCAAGTTGGATTG_002,184
AAACAACGCAAGTTGGATTG_003,88
AAACAACGCAAGTTGGATTG_004,3
AAACAACGCAAGTTGGATTG_005,106
AACACCCCGATCCCCCAAGG_001,8
AACACCCCGATCCCCCAAGG_002,102
AACACCCCGATCCCCCAAGG_003,72
AACACCCCGATCCCCCAAGG_004,72
AACACCCCGATCCCCCAAGG_005,114
AACACCCCGATCCCCCAAGG_006,185
AACACCCCGATCCCCCAAGG_007,190
AACACCCCGATCCCCCAAGG_008,22
AACACCCCGATCCCCCAAGG_009,81
AACACCCCGATCCCCCAAGG_010,147
AACACCCCGATCCCCCAAGG_011,146
AACACCCCGATCCCCCAAGG_012,190
AACACCCCGATCCCCCAAGG_013,60
AACACCCCGATCCCCCAAGG_014,48
AACACCCCGATCCCCCAAGG_015,185
AACACCCCGATCCCCCAAGG_016,141
AACACCCCGATCCCCCAAGG_017,26
AACACCCCGATCCCCCAAGG_018,50
AACACCCCGATCCCCCAAGG_019,49
AACACCCCGATCCCCCAAGG_020,149
AACACCCCGATCCCCCAAGG_021,61
AACACCCCGATCCCCCAAGG_022,162
AACACCCCGATCCCCCAAGG_023,32
AACACCCCGATCCCCCAAGG_024,183
AACACCCCGATCCCCCAAGG_025,137
AACACCCCGATCCCCCAAGG_026,46
AACACCCCGATCCCCCAAGG_027,1
ACAACCTCATCCGCACGCTG_001,57
ACAACCTCATCCGCACGCTG_002,44
ACAACCTCATCCGCACGCTG_003,58
ACAACCTCATCCGCACGCTG_004,2
ACAACCTCATCCGCACGCTG_005,49
ACAACCTCATCCGCACGCTG_006,72
ACAACCTCATCCGCACGCTG_007,1
ACAACCTCATCCGCACGCTG_008,199
ACAACCTCATCCGCACGCTG_009,33
ACAACCTCATCCGCACGCTG_010,85
ACAACCTCATCCGCACGCTG_011,82
ACAACCTCATCCGCACGCTG_012,116
ACAACCTCATCCGCACGCTG_013,16
ACAACCTCATCCGCACGCTG_014,117
ACAACCTCATCCGCACGCTG_015,192
ACAACCTCATCCGCACGCTG_016,42
ACAACCTCATCCGCACGCTG_017,117
ACAACCTCATCCGCACGCTG_018,112
ACAACCTCATCCGCACGCTG_019,24
ACAACCTCATCCGCACGCTG_020,184
ACAACCTCATCCGCACGCTG_021,39
ACAACCTCATCCGCACGCTG_022,70
CAGGCCTGGGGGAATATGCA_001,120
CAGGCCTGGGGGAATATGCA_002,11
CAGGCCTGGGGGAATATGCA_003,140
CAGGCCTGGGGGAATATGCA_004,141
CAGGCCTGGGGGAATATGCA_005,86
CAGGCCTGGGGGAATATGCA_006,115
CAGGCCTGGGGGAATATGCA_007,105
CAGGCCTGGGGGAATATGCA_008,166
TCTTTCTTACCAATCCCTGG_001,185
TCTTTCTTACCAATCCCTGG_002,166
TGGAACTGGCCTAAGGACGA_001,172
TGGAACTGGCCTAAGGACGA_002,137
ACGGGCGTCGCCTAGCCTCG_001,193
ACGGGCGTCGCCTAGCCTCG_002,178
ACGGGCGTCGCCTAGCCTCG_003,54
ACGGGCGTCGCCTAGCCTCG_004,97
ACGGGCGTCGCCTAGCCTCG_005,111
AATGGAGTAGTAGTAACACC_001,105
AATGGAGTAGTAGTAACACC_002,61
AATGGAGTAGTAGTAACACC_003,111
AATGGAGTAGTAGTAACACC_004,161
AATGGAGTAGTAGTAACACC_005,120
GGGAGACATTGGGTCAGTAG_001,54
GGGAGACATTGGGTCAGTAG_002,77
GGGAGACATTGGGTCAGTAG_003,151
GGGAGACATTGGGTCAGTAG_004,113
GGGAGACATTGGGTCAGTAG_005,137
GGGAGACATTGGGTCAGTAG_006,132
GCTGGAAGGTCAAAAAACGT_001,21
GCTGGAAGGTCAAAAAACGT_002,41
GCTGGAAGGTCAAAAAACGT_003,99
GCTGGAAGGTCAAAAAACGT_004,115
GCTGGAAGGTCAAAAAACGT_005,41
GCTGGAAGGTCAAAAAACGT_006,175
GCTGGAAGGTCAAAAAACGT_007,62
GCTGGAAGGTCAAAAAACGT_008,152
GCTGGAAGGTCAAAAAACGT_009,177
AGCCGCTTACCGGCCCACGG_001,170
AGCCGCTTACCGGCCCACGG_002,176
AGCCGCTTACCGGCCCACGG_003,130
AGCCGCTTACCGGCCCACGG_004,149
AGCCGCTTACCGGCCCACGG_005,94
AGCCGCTTACCGGCCCACGG_006,89
AGCCGCTTACCGGCCCACGG_007,144
AGCCGCTTACCGGCCCACGG_008,157
AGCCGCTTACCGGCCCACGG_009,3
AGCCGCTTACCGGCCCACGG_010,19
AGCCGCTTACCGGCCCACGG_011,18
TATATTTACCTCCTCAAAAG_001,105
TATATTTACCTCCTCAAAAG_002,58
TATATTTACCTCCTCAAAAG_003,169
ATCAGAATGTTCATGTTGGT_001,188
ATCAGAATGTTCATGTTGGT_002,54
ATCAGAATGTTCATGTTGGT_003,27
ATCAGAATGTTCATGTTGGT_004,86
TGCACTACAGTGAGCCCCAA_001,152
TGCACTACAGTGAGCCCCAA_002,191
TGCACTACAGTGAGCCCCAA_003,19
TGCACTACAGTGAGCCCCAA_004,117
TGCACTACAGTGAGCCCCAA_005,22
TGCACTACAGTGAGCCCCAA_006,170
TGCACTACAGTGAGCCCCAA_007,29
TGCACTACAGTGAGCCCCAA_008,191
TGCACTACAGTGAGCCCCAA_009,50
TGCACTACAGTGAGCCCCAA_010,80
TGCACTACAGTGAGCCCCAA_011,111
TGCACTACAGTGAGCCCCAA_012,117
TGCACTACAGTGAGCCCCAA_013,24
TGCACTACAGTGAGCCCCAA_014,87
TGCACTACAGTGAGCCCCAA_015,75
TGCACTACAGTGAGCCCCAA_016,148
TGCACTACAGTGAGCCCCAA_017,42
TGCACTACAGTGAGCCCCAA_018,88
TGCACTACAGTGAGCCCCAA_019,187
TGCACTACAGTGAGCCCCAA_020,48
TGCACTACAGTGAGCCCCAA_021,19
TGCACTACAGTGAGCCCCAA_022,65
TGCACTACAGTGAGCCCCAA_023,166
TGCACTACAGTGAGCCCCAA_024,149
TGCACTACAGTGAGCCCCAA_025,2
TGCACTACAGTGAGCCCCAA_026,139
TGCACTACAGTGAGCCCCAA_027,2
TGCACTACAGTGAGCCCCAA_028,115
TGCACTACAGTGAGCCCCAA_029,147
TGCACTACAGTGAGCCCCAA_030,57
TGCACTACAGTGAGCCCCAA_031,76
TGCACTACAGTGAGCCCCAA_032,197
TGCACTACAGTGAGCCCCAA_033,148
TGCACTACAGTGAGCCCCAA_034,48
TGCACTACAGTGAGCCCCAA_035,144
TGCACTACAGTGAGCCCCAA_036,186
TGCACTACAGTGAGCCCCAA_037,27
TGCACTACAGTGAGCCCCAA_038,169
TGCACTACAGTGAGCCCCAA_039,77
TGCACTACAGTGAGCCCCAA_040,77
TGCACTACAGTGAGCCCCAA_041,66
TGCACTACAGTGAGCCCCAA_042,39
TGCACTACAGTGAGCCCCAA_043,91
TGCACTACAGTGAGCCCCAA_044,49
CCAGGATGGTCACCACAATG_001,49
CCAGGATGGTCACCACAATG_002,125
CCAGGATGGTCACCACAATG_003,172
CCAGGATGGTCACCACAATG_004,72
CCAGGATGGTCACCACAATG_005,30
CCAGGATGGTCACCACAATG_006,147
CCAGGATGGTCACCACAATG_007,12
CCAGGATGGTCACCACAATG_008,33
CCAGGATGGTCACCACAATG_009,105
CCAGGATGGTCACCACAATG_010,24
CCAGGATGGTCACCACAATG_011,183
CCAGGATGGTCACCACAATG_012,33
CCAGGATGGTCACCACAATG_013,98
CCAGGATGGTCACCACAATG_014,41
GTCGGCAGAGCGAGAATGGC_001,92
GTCGGCAGAGCGAGAATGGC_002,85
GTCGGCAGAGCGAGAATGGC_003,19
GTCGGCAGAGCGAGAATGGC_004,134
GTCGGCAGAGCGAGAATGGC_005,145
GTCGGCAGAGCGAGAATGGC_006,57
GTCGGCAGAGCGAGAATGGC_007,55
GTCGGCAGAGCGAGAATGGC_008,70
GTCGGCAGAGCGAGAATGGC_009,114
GTCGGCAGAGCGAGAATGGC_010,88
GTCGGCAGAGCGAGAATGGC_011,42
GTCGGCAGAGCGAGAATGGC_012,36
GTCGGCAGAGCGAGAATGGC_013,130
GTCGGCAGAGCGAGAATGGC_014,40
GTCGGCAGAGCGAGAATGGC_015,172
GTCGGCAGAGCGAGAATGGC_016,55
GTCGGCAGAGCGAGAATGGC_017,184
CGTTGTAGGGTCTTTCTTGA_001,119
CGTTGTAGGGTCTTTCTTGA_002,38
CGTTGTAGGGTCTTTCTTGA_003,41
CGTTGTAGGGTCTTTCTTGA_004,116
CGTTGTAGGGTCTTTCTTGA_005,177
CGTTGTAGGGTCTTTCTTGA_006,61
CGTTGTAGGGTCTTTCTTGA_007,16
CGTTGTAGGGTCTTTCTTGA_008,65
CGTTGTAGGGTCTTTCTTGA_009,88
ACTTCAGAACAACATAGGCA_001,94
ACTTCAGAACAACATAGGCA_002,115
ACTTCAGAACAACATAGGCA_003,77
ACTTCAGAACAACATAGGCA_004,16
ACTTCAGAACAACATAGGCA_005,145
AGGGGAGTGGATCAAACCTG_001,134
AGGGGAGTGGATCAAACCTG_002,40
AGGGGAGTGGATCAAACCTG_003,196
AGGGGAGTGGATCAAACCTG_004,168
AGGGGAGTGGATCAAACCTG_005,115
AGGGGAGTGGATCAAACCTG_006,85
AGGGGAGTGGATCAAACCTG_007,120
AGGGGAGTGGATCAAACCTG_008,59
AGGGGAGTGGATCAAACCTG_009,35
AGGGGAGTGGATCAAACCTG_010,98
AGGGGAGTGGATCAAACCTG_011,77
AGGGGAGTGGATCAAACCTG_012,185
AGGGGAGTGGATCAAACCTG_013,66
AGGGGAGTGGATCAAACCTG_014,127
AGGGGAGTGGATCAAACCTG_015,34
AGGGGAGTGGATCAAACCTG_016,138
AGGGGAGTGGATCAAACCTG_017,8
AGGGGAGTGGATCAAACCTG_018,105
AGGGGAGTGGATCAAACCTG_019,140
AGGGGAGTGGATCAAACCTG_020,106
AGGGGAGTGGATCAAACCTG_021,32
AGGGGAGTGGATCAAACCTG_022,1
AGGGGAGTGGATCAAACCTG_023,137
AGGGGAGTGGATCAAACCTG_024,166
AGGGGAGTGGATCAAACCTG_025,80
AGGGGAGTGGATCAAACCTG_026,178
AGGGGAGTGGATCAAACCTG_027,0
ACAGTCACCAATCTAGCTGG_001,48
AGTACATCTGTATGAACAAG_001,192
GCGCGGACGGGCACAGCACG_001,72
GCGCGGACGGGCACAGCACG_002,41
GCGCGGACGGGCACAGCACG_003,154
GCGCGGACGGGCACAGCACG_004,107
GCGCGGACGGGCACAGCACG_005,62
GCGCGGACGGGCACAGCACG_006,177
TAACCTCACACAGTAAACCA_001,49
TAACCTCACACAGTAAACCA_002,137
TAACCTCACACAGTAAACCA_003,172
TAACCTCACACAGTAAACCA_004,32
TAACCTCACACAGTAAACCA_005,181
TAACCTCACACAGTAAACCA_006,50
TAACCTCACACAGTAAACCA_007,95
TAACCTCACACAGTAAACCA_008,131
TAACCTCACACAGTAAACCA_009,120
TAACCTCACACAGTAAACCA_010,78
TAACCTCACACAGTAAACCA_011,49
TAACCTCACACAGTAAACCA_012,81
TAACCTCACACAGTAAACCA_013,160
TAACCTCACACAGTAAACCA_014,148
TAACCTCACACAGTAAACCA_015,92
TAACCTCACACAGTAAACCA_016,198
TAACCTCACACAGTAAACCA_017,150
TAACCTCACACAGTAAACCA_018,13
TAACCTCACACAGTAAACCA_019,48
GTGTTCGGCTGAGACATGTA_001,149
GTGTTCGGCTGAGACATGTA_002,27
GTGTTCGGCTGAGACATGTA_003,30
GTGTTCGGCTGAGACATGTA_004,0
GTGTTCGGCTGAGACATGTA_005,111
GTGTTCGGCTGAGACATGTA_006,191
TCAGGGAGTAGCCTCCATCT_001,32
CAAGCTGGACAAGGTTCCTG_001,185
CAAGCTGGACAAGGTTCCTG_002,134
CAAGCTGGACAAGGTTCCTG_003,168
CAAGCTGGACAAGGTTCCTG_004,28
CAAGCTGGACAAGGTTCCTG_005,102
CAAGCTGGACAAGGTTCCTG_006,184
CAAGCTGGACAAGGTTCCTG_007,172
CAAGCTGGACAAGGTTCCTG_008,16
CAAGCTGGACAAGGTTCCTG_009,7
CAAGCTGGACAAGGTTCCTG_010,191
CAAGCTGGACAAGGTTCCTG_011,189
CAAGCTGGACAAGGTTCCTG_012,102
CAAGCTGGACAAGGTTCCTG_013,70
CAAGCTGGACAAGGTTCCTG_014,106
CAAGCTGGACAAGGTTCCTG_015,99
CAAGCTGGACAAGGTTCCTG_016,153
CAAGCTGGACAAGGTTCCTG_017,142
CAAGCTGGACAAGGTTCCTG_018,77
CGAGCAGCCTGCACCCCCAA_001,135
CGAGCAGCCTGCACCCCCAA_002,58
CGAGCAGCCTGCACCCCCAA_003,48
CGAGCAGCCTGCACCCCCAA_004,77
CGAGCAGCCTGCACCCCCAA_005,199
CGAGCAGCCTGCACCCCCAA_006,159
CGAGCAGCCTGCACCCCCAA_007,163
CGAGCAGCCTGCACCCCCAA_008,9
CGAGCAGCCTGCACCCCCAA_009,115
CGAGCAGCCTGCACCCCCAA_010,75
CGAGCAGCCTGCACCCCCAA_011,17
CGAGCAGCCTGCACCCCCAA_012,188
CGAGCAGCCTGCACCCCCAA_013,94
CGAGCAGCCTGCACCCCCAA_014,82
CGAGCAGCCTGCACCCCCAA_015,187
CGAGCAGCCTGCACCCCCAA_016,52
CGAGCAGCCTGCACCCCCAA_017,183
CGAGCAGCCTGCACCCCCAA_018,172
CGAGCAGCCTGCACCCCCAA_019,137
CGAGCAGCCTGCACCCCCAA_020,1
CGAGCAGCCTGCACCCCCAA_021,128
CGAGCAGCCTGCACCCCCAA_022,9
CGAGCAGCCTGCACCCCCAA_023,116
CGAGCAGCCTGCACCCCCAA_024,13
CGAGCAGCCTGCACCCCCAA_025,144
CGAGCAGCCTGCACCCCCAA_026,13
CGAGCAGCCTGCACCCCCAA_027,14
TTTGCAATGAAATCTCGAAG_001,184
TTTGCAATGAAATCTCGAAG_002,100
TTTGCAATGAAATCTCGAAG_003,100
TTTGCAATGAAATCTCGAAG_004,113
TTTGCAATGAAATCTCGAAG_005,165
TTTGCGTAACTTATTGAGCA_001,151
CTGTTGATGGCAATGTACAA_001,1
CTGTTGATGGCAATGTACAA_002,96
CTGTTGATGGCAATGTACAA_003,137
CTGTTGATGGCAATGTACAA_004,19
CTGTTGATGGCAATGTACAA_005,196
GACCTATGTGTGATATCCTG_001,146
GACCTATGTGTGATATCCTG_002,76
GACCTATGTGTGATATCCTG_003,53
GACCTATGTGTGATATCCTG_004,92
GACCTATGTGTGATATCCTG_005,61
GACCTATGTGTGATATCCTG_006,197
GACCTATGTGTGATATCCTG_007,121
GACCTATGTGTGATATCCTG_008,128
GATGTCCTCATGAGTGACGT_001,145
GATGTCCTCATGAGTGACGT_002,32
GATGTCCTCATGAGTGACGT_003,170
GATGTCCTCATGAGTGACGT_004,88
GATGTCCTCATGAGTGACGT_005,198
GATGTCCTCATGAGTGACGT_006,65
GATGTCCTCATGAGTGACGT_007,171
GATGTCCTCATGAGTGACGT_008,139
GATGTCCTCATGAGTGACGT_009,84
GATGTCCTCATGAGTGACGT_010,36
GATGTCCTCATGAGTGACGT_011,59
GATGTCCTCATGAGTGACGT_012,162
GATGTCCTCATGAGTGACGT_013,174
GATGTCCTCATGAGTGACGT_014,169
GATGTCCTCATGAGTGACGT_015,3
GATGTCCTCATGAGTGACGT_016,25
GATGTCCTCATGAGTGACGT_017,91
GATGTCCTCATGAGTGACGT_018,161
GATGTCCTCATGAGTGACGT_019,184
GATGTCCTCATGAGTGACGT_020,167
GATGTCCTCATGAGTGACGT_021,68
GATGTCCTCATGAGTGACGT_022,161
GATGTCCTCATGAGTGACGT_023,123
GATGTCCTCATGAGTGACGT_024,125
GATGTCCTCATGAGTGACGT_025,104
GATGTCCTCATGAGTGACGT_026,136
GATGTCCTCATGAGTGACGT_027,142
GATGTCCTCATGAGTGACGT_028,41
AAGCCAAGGACAAAGCCCGG_001,65
AAGCCAAGGACAAAGCCCGG_002,141
AAGCCAAGGACAAAGCCCGG_003,45
AAGCCAAGGACAAAGCCCGG_004,186
AAGCCAAGGACAAAGCCCGG_005,101
AAGCCAAGGACAAAGCCCGG_006,199
AAGCCAAGGACAAAGCCCGG_007,188
AAGCCAAGGACAAAGCCCGG_008,40
AAGCCAAGGACAAAGCCCGG_009,191
AAGCCAAGGACAAAGCCCGG_010,48
AAGCCAAGGACAAAGCCCGG_011,13
GCGGCGCCATCGAGGACCAG_001,43
GCGGCGCCATCGAGGACCAG_002,15
GCGGCGCCATCGAGGACCAG_003,70
GCGGCGCCATCGAGGACCAG_004,130
GCGGCGCCATCGAGGACCAG_005,117
GCGGCGCCATCGAGGACCAG_006,80
GCGGCGCCATCGAGGACCAG_007,59
GCGGCGCCATCGAGGACCAG_008,53
GCGGCGCCATCGAGGACCAG_009,52
GCGGCGCCATCGAGGACCAG_010,63
GCGGCGCCATCGAGGACCAG_011,56
GCGGCGCCATCGAGGACCAG_012,170
GCGGCGCCATCGAGGACCAG_013,25
CCCAGCCCAGCGTATGAGCG_001,65
CCCAGCCCAGCGTATGAGCG_002,37
CCCAGCCCAGCGTATGAGCG_003,170
CCCAGCCCAGCGTATGAGCG_004,155
CCCAGCCCAGCGTATGAGCG_005,86
CCCAGCCCAGCGTATGAGCG_006,107
GGAGAGGGTTCATCTGATCG_001,189
GGAGAGGGTTCATCTGATCG_002,41
GGAGAGGGTTCATCTGATCG_003,57
TTACTGCCCACACGATAAGG_001,101
TTACTGCCCACACGATAAGG_002,94
TTACTGCCCACACGATAAGG_003,120
TTACTGCCCACACGATAAGG_004,102
TTACTGCCCACACGATAAGG_005,20
TTACTGCCCACACGATAAGG_006,162
TTACTGCCCACACGATAAGG_007,56
TTACTGCCCACACGATAAGG_008,199
TTACTGCCCACACGATAAGG_009,97
TTACTGCCCACACGATAAGG_010,105
TTACTGCCCACACGATAAGG_011,76
TTACTGCCCACACGATAAGG_012,94
TTACTGCCCACACGATAAGG_013,162
TTACTGCCCACACGATAAGG_014,82
TTACTGCCCACACGATAAGG_015,140
TTACTGCCCACACGATAAGG_016,68
GTGGTGGACAGAGCCATGAG_001,178
GTGGTGGACAGAGCCATGAG_002,16
GTGGTGGACAGAGCCATGAG_003,145
GTGGTGGACAGAGCCATGAG_004,105
GTGGTGGACAGAGCCATGAG_005,144
CGGCCCCAACTTGCTCAACA_001,152
CGGCCCCAACTTGCTCAACA_002,135
CGGCCCCAACTTGCTCAACA_003,153
CGGCCCCAACTTGCTCAACA_004,120
CGGCCCCAACTTGCTCAACA_005,86
CGGCCCCAACTTGCTCAACA_006,35
CGGCCCCAACTTGCTCAACA_007,166
CGGCCCCAACTTGCTCAACA_008,152
CCATGAGGCCGGACCCGATG_001,184
CCATGAGGCCGGACCCGATG_002,145
CCATGAGGCCGGACCCGATG_003,176
CCATGAGGCCGGACCCGATG_004,11
CCATGAGGCCGGACCCGATG_005,176
CCATGAGGCCGGACCCGATG_006,137
CCATGAGGCCGGACCCGATG_007,9
CCATGAGGCCGGACCCGATG_008,29
CCATGAGGCCGGACCCGATG_009,88
CCATGAGGCCGGACCCGATG_010,61
CCATGAGGCCGGACCCGATG_011,186
CCATGAGGCCGGACCCGATG_012,74
CCATGAGGCCGGACCCGATG_013,7
CCATGAGGCCGGACCCGATG_014,150
CCATGAGGCCGGACCCGATG_015,94
CCATGAGGCCGGACCCGATG_016,17
CCATGAGGCCGGACCCGATG_017,32
CCATGAGGCCGGACCCGATG_018,35
CCATGAGGCCGGACCCGATG_019,48
CCATGAGGCCGGACCCGATG_020,41
CGGTGGTTGCCACTCACCTG_001,192
CTATAGGATTGCCCACGCAG_001,152
CTATAGGATTGCCCACGCAG_002,90
CTATAGGATTGCCCACGCAG_003,99
CTATAGGATTGCCCACGCAG_004,168
CTATAGGATTGCCCACGCAG_005,101
CTATAGGATTGCCCACGCAG_006,132
CTATAGGATTGCCCACGCAG_007,150
CTATAGGATTGCCCACGCAG_008,116
CTATAGGATTGCCCACGCAG_009,9
CTATAGGATTGCCCACGCAG_010,36
CTATAGGATTGCCCACGCAG_011,81
CTATAGGATTGCCCACGCAG_012,134
CTATAGGATTGCCCACGCAG_013,115
CTATAGGATTGCCCACGCAG_014,132
CTATAGGATTGCCCACGCAG_015,150
GATCATAGGATGCCCATGCA_001,190
GATCATAGGATGCCCATGCA_002,156
TGCACTCGCATAATTTACAA_001,108
TGCACTCGCATAATTTACAA_002,130
TTCAAGATCGAGCGCCTCGG_001,107
TTCAAGATCGAGCGCCTCGG_002,160
TTCAAGATCGAGCGCCTCGG_003,12
TTCAAGATCGAGCGCCTCGG_004,188
TTCAAGATCGAGCGCCTCGG_005,105
TTCAAGATCGAGCGCCTCGG_006,107
TTCAAGATCGAGCGCCTCGG_007,114
TTCAAGATCGAGCGCCTCGG_008,146
TTCAAGATCGAGCGCCTCGG_009,116
TTCAAGATCGAGCGCCTCGG_010,78
TTCAAGATCGAGCGCCTCGG_011,172
TTCAAGATCGAGCGCCTCGG_012,96
TTCAAGATCGAGCGCCTCGG_013,198
TTCAAGATCGAGCGCCTCGG_014,70
TTCAAGATCGAGCGCCTCGG_015,169
TTCAAGATCGAGCGCCTCGG_016,105
TTCAAGATCGAGCGCCTCGG_017,119
TTCAAGATCGAGCGCCTCGG_018,147
TTCAAGATCGAGCGCCTCGG_019,82
TTCAAGATCGAGCGCCTCGG_020,20
TTCAAGATCGAGCGCCTCGG_021,160
TTCAAGATCGAGCGCCTCGG_022,112
TTCAAGATCGAGCGCCTCGG_023,85
TTCAAGATCGAGCGCCTCGG_024,51
TTCAAGATCGAGCGCCTCGG_025,150
TTCAAGATCGAGCGCCTCGG_026,63
TTCAAGATCGAGCGCCTCGG_027,9
TTCAAGATCGAGCGCCTCGG_028,39
TTCAAGATCGAGCGCCTCGG_029,172
TTCAAGATCGAGCGCCTCGG_030,94
TTCAAGATCGAGCGCCTCGG_031,130
TTCAAGATCGAGCGCCTCGG_032,38
AGCCAAAGACGAGTGTAATG_001,129
AGCCAAAGACGAGTGTAATG_002,160
AGCCAAAGACGAGTGTAATG_003,96
AGCCAAAGACGAGTGTAATG_004,128
AGCCAAAGACGAGTGTAATG_005,92
TCAATCCCTTCCAACACAAG_001,160
TCAATCCCTTCCAACACAAG_002,160
TCAATCCCTTCCAACACAAG_003,127
GTTGCAACCCAAATTGCAGG_001,153
GTTGCAACCCAAATTGCAGG_002,107
GTTGCAACCCAAATTGCAGG_003,45
GTTGCAACCCAAATTGCAGG_004,182
GTTGCAACCCAAATTGCAGG_005,88
GTTGCAACCCAAATTGCAGG_006,132
GTTGCAACCCAAATTGCAGG_007,50
GTTGCAACCCAAATTGCAGG_008,163
GTTGCAACCCAAATTGCAGG_009,140
GTTGCAACCCAAATTGCAGG_010,48
GTTGCAACCCAAATTGCAGG_011,82
GTTGCAACCCAAATTGCAGG_012,31
GTTGCAACCCAAATTGCAGG_013,98
GTTGCAACCCAAATTGCAGG_014,88
GTTGCAACCCAAATTGCAGG_015,89
GTTGCAACCCAAATTGCAGG_016,19
GTTGCAACCCAAATTGCAGG_017,183
GTTGCAACCCAAATTGCAGG_018,27
GTTGCAACCCAAATTGCAGG_019,103
GTTGCAACCCAAATTGCAGG_020,69
GTTGCAACCCAAATTGCAGG_021,120
GTTGCAACCCAAATTGCAGG_022,139
GTTGCAACCCAAATTGCAGG_023,174
GTTGCAACCCAAATTGCAGG_024,12
GTTGCAACCCAAATTGCAGG_025,88
GTTGCAACCCAAATTGCAGG_026,117
GTTGCAACCCAAATTGCAGG_027,78
GTTGCAACCCAAATTGCAGG_028,35
GTTGCAACCCAAATTGCAGG_029,124
GTTGCAACCCAAATTGCAGG_030,17
GTTGCAACCCAAATTGCAGG_031,86
GTTGCAACCCAAATTGCAGG_032,77
GTTGCAACCCAAATTGCAGG_033,166
GTTGCAACCCAAATTGCAGG_034,2
GTTGCAACCCAAATTGCAGG_035,75
CCGCTGGAAGTACGTCAACG_001,88
CCGCTGGAAGTACGTCAACG_002,49
CCGCTGGAAGTACGTCAACG_003,19
CCGCTGGAAGTACGTCAACG_004,94
CCGCTGGAAGTACGTCAACG_005,37
GCGCCCGGTGACGTCGACCA_001,75
GCGCCCGGTGACGTCGACCA_002,59
GCGCCCGGTGACGTCGACCA_003,127
GCGCCCGGTGACGTCGACCA_004,98
GCGCCCGGTGACGTCGACCA_005,175
GCGCCCGGTGACGTCGACCA_006,127
GCGCCCGGTGACGTCGACCA_007,3
GCGCCCGGTGACGTCGACCA_008,165
ACAGCAAAAACATCACCCAG_001,181
ACAGCAAAAACATCACCCAG_002,53
ACAGCAAAAACATCACCCAG_003,143
ACAGCAAAAACATCACCCAG_004,62
ACAGCAAAAACATCACCCAG_005,156
ACAGCAAAAACATCACCCAG_006,175
ACAGCAAAAACATCACCCAG_007,160
ACAGCAAAAACATCACCCAG_008,139
GAAAAGTCAACTATAACCTG_001,132
GAAAAGTCAACTATAACCTG_002,8
GAAAAGTCAACTATAACCTG_003,66
GAAAAGTCAACTATAACCTG_004,124
GAAAAGTCAACTATAACCTG_005,139
GAAAAGTCAACTATAACCTG_006,21
GAAAAGTCAACTATAACCTG_007,119
GATTAACCAGGCTATAAACC_001,149
GGAATTACCATGAGGTCACG_001,100
GGAATTACCATGAGGTCACG_002,164
GGAATTACCATGAGGTCACG_003,164
GGGTCGTTCTTGAATATCAG_001,183
GGGTCGTTCTTGAATATCAG_002,181
GGGTCGTTCTTGAATATCAG_003,150
GGATGAATCACCCATGATTG_001,85
GGATGAATCACCCATGATTG_002,105
GGATGAATCACCCATGATTG_003,33
GGATGAATCACCCATGATTG_004,58
GGATGAATCACCCATGATTG_005,121
GGATGAATCACCCATGATTG_006,81
GGATGAATCACCCATGATTG_007,87
GGATGAATCACCCATGATTG_008,162
GGATGAATCACCCATGATTG_009,184
GGATGAATCACCCATGATTG_010,124
AGTCAGCAAACATGGATCAC_001,32
AGTCAGCAAACATGGATCAC_002,42
AGTCAGCAAACATGGATCAC_003,199
AGTCAGCAAACATGGATCAC_004,146
AGTCAGCAAACATGGATCAC_005,78
AGTCAGCAAACATGGATCAC_006,179
AGTCAGCAAACATGGATCAC_007,161
AGTCAGCAAACATGGATCAC_008,58
AGTCAGCAAACATGGATCAC_009,173
AGTCAGCAAACATGGATCAC_010,61
AGTCAGCAAACATGGATCAC_011,75
AGTCAGCAAACATGGATCAC_012,198
AGTCAGCAAACATGGATCAC_013,98
AGTCAGCAAACATGGATCAC_014,147
AGTCAGCAAACATGGATCAC_015,1
AGTCAGCAAACATGGATCAC_016,65
AGTCAGCAAACATGGATCAC_017,147
AGTCAGCAAACATGGATCAC_018,102
AGTCAGCAAACATGGATCAC_019,5
AGTCAGCAAACATGGATCAC_020,50
CTGACCATCCGAGGACCATG_001,105
CTGACCATCCGAGGACCATG_002,12
CTGACCATCCGAGGACCATG_003,48
CTGACCATCCGAGGACCATG_004,151
CTGACCATCCGAGGACCATG_005,156
CTGACCATCCGAGGACCATG_006,180
CTGACCATCCGAGGACCATG_007,194
CTGACCATCCGAGGACCATG_008,139
CTGACCATCCGAGGACCATG_009,181
CTGACCATCCGAGGACCATG_010,9
CTGACCATCCGAGGACCATG_011,50
CTGACCATCCGAGGACCATG_012,127
CTGACCATCCGAGGACCATG_013,78
CTGACCATCCGAGGACCATG_014,60
CTGACCATCCGAGGACCATG_015,176
CTGACCATCCGAGGACCATG_016,169
CTGACCATCCGAGGACCATG_017,15
CTGACCATCCGAGGACCATG_018,126
CTGACCATCCGAGGACCATG_019,172
CTGACCATCCGAGGACCATG_020,68
CTGACCATCCGAGGACCATG_021,61
CTGACCATCCGAGGACCATG_022,22
CTGACCATCCGAGGACCATG_023,63
CTGACCATCCGAGGACCATG_024,147
TCTGTCTGAAGTCCCCGTAC_001,69
TCTGTCTGAAGTCCCCGTAC_002,32
TCTGTCTGAAGTCCCCGTAC_003,32
TCTGTCTGAAGTCCCCGTAC_004,198
TCTGTCTGAAGTCCCCGTAC_005,171
TCTGTCTGAAGTCCCCGTAC_006,135
TCTGTCTGAAGTCCCCGTAC_007,52
ATGAATGACGCCCCCACACG_001,189
ATGAATGACGCCCCCACACG_002,119
ATGAATGACGCCCCCACACG_003,198
ATGAATGACGCCCCCACACG_004,1
ATGAATGACGCCCCCACACG_005,78
ATGAATGACGCCCCCACACG_006,43
ATGAATGACGCCCCCACACG_007,10
ATGAATGACGCCCCCACACG_008,77
ATGAATGACGCCCCCACACG_009,19
GGCTTCCCCATGTTCAAAAG_001,0
GGCTTCCCCATGTTCAAAAG_002,9
GGCTTCCCCATGTTCAAAAG_003,94
GGCTTCCCCATGTTCAAAAG_004,177
GGCTTCCCCATGTTCAAAAG_005,173
GGCTTCCCCATGTTCAAAAG_006,57
GGCTTCCCCATGTTCAAAAG_007,41
GGCTTCCCCATGTTCAAAAG_008,127
GGCTTCCCCATGTTCAAAAG_009,68
GGCTTCCCCATGTTCAAAAG_010,88
GGCTTCCCCATGTTCAAAAG_011,98
GGCTTCCCCATGTTCAAAAG_012,160
GGCTTCCCCATGTTCAAAAG_013,27
GGCTTCCCCATGTTCAAAAG_014,23
GGCTTCCCCATGTTCAAAAG_015,6
GGCTTCCCCATGTTCAAAAG_016,33
TGACTGATGCCACAACCAAG_001,198
TGACTGATGCCACAACCAAG_002,4
TGACTGATGCCACAACCAAG_003,43
TGACTGATGCCACAACCAAG_004,54
TGACTGATGCCACAACCAAG_005,183
TGACTGATGCCACAACCAAG_006,17
TGACTGATGCCACAACCAAG_007,127
TGACTGATGCCACAACCAAG_008,108
TGACTGATGCCACAACCAAG_009,126
TGACTGATGCCACAACCAAG_010,148
AATTACTGTATCGAATGACT_001,76
AATTACTGTATCGAATGACT_002,94
AATTACTGTATCGAATGACT_003,168
AATTACTGTATCGAATGACT_004,167
CGACTACTACCGCGTGAGCG_001,82
CTACTGGATAGGCGACGGCG_001,36
CTACTGGATAGGCGACGGCG_002,72
CTACTGGATAGGCGACGGCG_003,46
GATCTGTGTGCCAATGTCAG_001,134
GATCTGTGTGCCAATGTCAG_002,117
GATCTGTGTGCCAATGTCAG_003,50
AGAACTCGGCGAAGACGTCG_001,63
AGAACTCGGCGAAGACGTCG_002,158
AGAACTCGGCGAAGACGTCG_003,57
AGAACTCGGCGAAGACGTCG_004,156
AGAACTCGGCGAAGACGTCG_005,89
AGAACTCGGCGAAGACGTCG_006,150
AGAACTCGGCGAAGACGTCG_007,10
AGAACTCGGCGAAGACGTCG_008,190
AGAACTCGGCGAAGACGTCG_009,86
CAAAGACAGAATAACTCTGG_001,13
GCTGTTCCAAAACATCACCC_001,76
TGCAGAAACATATCTAAGAG_001,10
TTCCCCACAGACCTGATCAA_001,22
TTCCCCACAGACCTGATCAA_002,87
TTCCCCACAGACCTGATCAA_003,160
TTCCCCACAGACCTGATCAA_004,134
TTCCCCACAGACCTGATCAA_005,101
TTCCCCACAGACCTGATCAA_006,5
TTCCCCACAGACCTGATCAA_007,62
TTCCCCACAGACCTGATCAA_008,43
TTCCCCACAGACCTGATCAA_009,164
TTCCCCACAGACCTGATCAA_010,23
TTCCCCACAGACCTGATCAA_011,52
TTCCCCACAGACCTGATCAA_012,160
TTCCCCACAGACCTGATCAA_013,145
TTCCCCACAGACCTGATCAA_014,88
TTCCCCACAGACCTGATCAA_015,130
TTCCCCACAGACCTGATCAA_016,95
TTCCCCACAGACCTGATCAA_017,72
TTCCCCACAGACCTGATCAA_018,72
TTCCCCACAGACCTGATCAA_019,19
TTCCCCACAGACCTGATCAA_020,19
TTCCCCACAGACCTGATCAA_021,48
TTCCCCACAGACCTGATCAA_022,157
TTCCCCACAGACCTGATCAA_023,17
TTCCCCACAGACCTGATCAA_024,78
TTCCCCACAGACCTGATCAA_025,76
GGGTATAGACGCGATCCTCA_001,133
GGGTATAGACGCGATCCTCA_002,188
GGGTATAGACGCGATCCTCA_003,175
GGGTATAGACGCGATCCTCA_004,149
GGGTATAGACGCGATCCTCA_005,46
GGGTATAGACGCGATCCTCA_006,49
GGGTATAGACGCGATCCTCA_007,106
GGGTATAGACGCGATCCTCA_008,172
GGGTATAGACGCGATCCTCA_009,62
GGGTATAGACGCGATCCTCA_010,169
GGGTATAGACGCGATCCTCA_011,170
GGGTATAGACGCGATCCTCA_012,73
GGGTATAGACGCGATCCTCA_013,19
GGGTATAGACGCGATCCTCA_014,9
GGGTATAGACGCGATCCTCA_015,58
GGGTATAGACGCGATCCTCA_016,72
GGGTATAGACGCGATCCTCA_017,56
GGGTATAGACGCGATCCTCA_018,41
GGGTATAGACGCGATCCTCA_019,138
GGGTATAGACGCGATCCTCA_020,149
GGGTATAGACGCGATCCTCA_021,10
GGGTATAGACGCGATCCTCA_022,13
AGTTCCATCGGGATTCACAA_001,141
AGTTCCATCGGGATTCACAA_002,106
AGTTCCATCGGGATTCACAA_003,149
AGTTCCATCGGGATTCACAA_004,122
AGTTCCATCGGGATTCACAA_005,29
AGTTCCATCGGGATTCACAA_006,48
AGTTCCATCGGGATTCACAA_007,126
AGTTCCATCGGGATTCACAA_008,105
AGTTCCATCGGGATTCACAA_009,29
AGTTCCATCGGGATTCACAA_010,199
AGTTCCATCGGGATTCACAA_011,61
AGTTCCATCGGGATTCACAA_012,5
AGTTCCATCGGGATTCACAA_013,11
AGTTCCATCGGGATTCACAA_014,190
AGTTCCATCGGGATTCACAA_015,57
AGTTCCATCGGGATTCACAA_016,98
AGTTCCATCGGGATTCACAA_017,41
AGTTCCATCGGGATTCACAA_018,19
AGTTCCATCGGGATTCACAA_019,19
CAGCTACACCAATCATAGTG_001,133
TCTTCTGAACTCACAATAGG_001,141
TCTTCTGAACTCACAATAGG_002,47
TCTTCTGAACTCACAATAGG_003,28
TCTTCTGAACTCACAATAGG_004,123
TCTTCTGAACTCACAATAGG_005,189
AGGTTGTCTGGCAATTCCGG_001,183
AGGTTGTCTGGCAATTCCGG_002,121
AGGTTGTCTGGCAATTCCGG_003,141
AGGTTGTCTGGCAATTCCGG_004,49
AGGTTGTCTGGCAATTCCGG_005,33
AGGTTGTCTGGCAATTCCGG_006,29
AGGTTGTCTGGCAATTCCGG_007,124
AGGTTGTCTGGCAATTCCGG_008,172
AGGTTGTCTGGCAATTCCGG_009,31
AGGTTGTCTGGCAATTCCGG_010,65
AGGTTGTCTGGCAATTCCGG_011,29
AGGTTGTCTGGCAATTCCGG_012,42
AGGTTGTCTGGCAATTCCGG_013,75
AGGTTGTCTGGCAATTCCGG_014,111
AGGTTGTCTGGCAATTCCGG_015,29
GGACGTAGATCTCCAGAGTG_001,95
GGACGTAGATCTCCAGAGTG_002,35
GGACGTAGATCTCCAGAGTG_003,94
GGACGTAGATCTCCAGAGTG_004,0
GGACGTAGATCTCCAGAGTG_005,106
GAACAACCAGTTTAGCCAAG_001,160
GAACAACCAGTTTAGCCAAG_002,64
GAACAACCAGTTTAGCCAAG_003,134
GAACAACCAGTTTAGCCAAG_004,188
GAACAACCAGTTTAGCCAAG_005,162
GAACAACCAGTTTAGCCAAG_006,102
GAACAACCAGTTTAGCCAAG_007,78
GAACAACCAGTTTAGCCAAG_008,29
GAACAACCAGTTTAGCCAAG_009,19
GAACAACCAGTTTAGCCAAG_010,127
GAACAACCAGTTTAGCCAAG_011,96
GAACAACCAGTTTAGCCAAG_012,88
GAACAACCAGTTTAGCCAAG_013,126
GAACAACCAGTTTAGCCAAG_014,169
GAACAACCAGTTTAGCCAAG_015,169
GAACAACCAGTTTAGCCAAG_016,44
GAACAACCAGTTTAGCCAAG_017,88
GAACAACCAGTTTAGCCAAG_018,96
GAACAACCAGTTTAGCCAAG_019,40
GAACAACCAGTTTAGCCAAG_020,40
GAACAACCAGTTTAGCCAAG_021,94
GAACAACCAGTTTAGCCAAG_022,39
GAACAACCAGTTTAGCCAAG_023,63
GGGGGAATGATAGATCGACA_001,127
GGGGGAATGATAGATCGACA_002,49
GGGGGAATGATAGATCGACA_003,184
AGTTATCAAGTGCACAAACG_001,117
TCCTTCATACCCGACTTGAG_001,62
TCCTTCATACCCGACTTGAG_002,12
ATAAAGTGGAGCGACACCAA_001,96
ATAAAGTGGAGCGACACCAA_002,52
ATAAAGTGGAGCGACACCAA_003,68
ATAAAGTGGAGCGACACCAA_004,52
ATAAAGTGGAGCGACACCAA_005,106
ATAAAGTGGAGCGACACCAA_006,166
ATAAAGTGGAGCGACACCAA_007,136
ATAAAGTGGAGCGACACCAA_008,69
CAGCCGCCACAAACATACAA_001,8
CAGCCGCCACAAACATACAA_002,39
CAGCCGCCACAAACATACAA_003,69
CAGCCGCCACAAACATACAA_004,67
CAGCCGCCACAAACATACAA_005,141
CAGCCGCCACAAACATACAA_006,8
CAGCCGCCACAAACATACAA_007,139
CAGCCGCCACAAACATACAA_008,43
CAGCCGCCACAAACATACAA_009,127
CAGCCGCCACAAACATACAA_010,55
CCGGTTCGCCGGTCACAGCG_001,166
CCGGTTCGCCGGTCACAGCG_002,189
CCGGTTCGCCGGTCACAGCG_003,80
CCGGTTCGCCGGTCACAGCG_004,160
CCGGTTCGCCGGTCACAGCG_005,162
CCGGTTCGCCGGTCACAGCG_006,23
CCGGTTCGCCGGTCACAGCG_007,78
CCGGTTCGCCGGTCACAGCG_008,50
CCGGTTCGCCGGTCACAGCG_009,169
CCGGTTCGCCGGTCACAGCG_010,15
CCGGTTCGCCGGTCACAGCG_011,158
CCGGTTCGCCGGTCACAGCG_012,55
CCGGTTCGCCGGTCACAGCG_013,40
CCGGTTCGCCGGTCACAGCG_014,94
CCGGTTCGCCGGTCACAGCG_015,56
CCGGTTCGCCGGTCACAGCG_016,151
CCTCTAGGATAAGGATAATG_001,19
CCTCTAGGATAAGGATAATG_002,104
AGCAGGAAGAGACTGGAGGT_001,130
AGCAGGAAGAGACTGGAGGT_002,189
CTGGTGACGTGCCACCACAC_001,69
CTGGTGACGTGCCACCACAC_002,67
CTGGTGACGTGCCACCACAC_003,11
CTGGTGACGTGCCACCACAC_004,11
CTGGTGACGTGCCACCACAC_005,190
CTGGTGACGTGCCACCACAC_006,176
CTGGTGACGTGCCACCACAC_007,28
CTGGTGACGTGCCACCACAC_008,137
CTGGTGACGTGCCACCACAC_009,9
CTGGTGACGTGCCACCACAC_010,112
CTGGTGACGTGCCACCACAC_011,83
CTGGTGACGTGCCACCACAC_012,43
CTGGTGACGTGCCACCACAC_013,68
CTGGTGACGTGCCACCACAC_014,168
CTGGTGACGTGCCACCACAC_015,169
CTGGTGACGTGCCACCACAC_016,169
CTGGTGACGTGCCACCACAC_017,34
CTGGTGACGTGCCACCACAC_018,145
CTGGTGACGTGCCACCACAC_019,40
CTGGTGACGTGCCACCACAC_020,148
CTGGTGACGTGCCACCACAC_021,158
CTGGTGACGTGCCACCACAC_022,4
CTGGTGACGTGCCACCACAC_023,188
GTACGAAGTGAGATTTCACT_001,49
GTACGAAGTGAGATTTCACT_002,79
GTACGAAGTGAGATTTCACT_003,135
GTACGAAGTGAGATTTCACT_004,71
GTACGAAGTGAGATTTCACT_005,95
GTACGAAGTGAGATTTCACT_006,88
GTACGAAGTGAGATTTCACT_007,92
GTACGAAGTGAGATTTCACT_008,94
GTACGAAGTGAGATTTCACT_009,38
GTACGAAGTGAGATTTCACT_010,32
GTACGAAGTGAGATTTCACT_011,132
GTACGAAGTGAGATTTCACT_012,15
GTACGAAGTGAGATTTCACT_013,87
GTACGAAGTGAGATTTCACT_014,198
GTACGAAGTGAGATTTCACT_015,198
ATGCTAGAACGAAAGTATGG_001,50
ATGCTAGAACGAAAGTATGG_002,26
ATGCTAGAACGAAAGTATGG_003,169
ATGCTAGAACGAAAGTATGG_004,150
ATGCTAGAACGAAAGTATGG_005,50
ATTGGAAAAATTGTTCTCGG_001,147
ATTGGAAAAATTGTTCTCGG_002,121
ATTGGAAAAATTGTTCTCGG_003,197
ATTGGAAAAATTGTTCTCGG_004,102
ATTGGAAAAATTGTTCTCGG_005,108
ATTGGAAAAATTGTTCTCGG_006,1
ATTGGAAAAATTGTTCTCGG_007,36
ATTGGAAAAATTGTTCTCGG_008,160
ATTGGAAAAATTGTTCTCGG_009,133
ATTGGAAAAATTGTTCTCGG_010,61
CAGCCCAGAATCTATCCTCG_001,19
CAGCCCAGAATCTATCCTCG_002,44
CAGCCCAGAATCTATCCTCG_003,77
CAGCCCAGAATCTATCCTCG_004,149
CAGCCCAGAATCTATCCTCG_005,20
CAGCCCAGAATCTATCCTCG_006,96
CAGCCCAGAATCTATCCTCG_007,199
CAGCCCAGAATCTATCCTCG_008,88
CAGCCCAGAATCTATCCTCG_009,177
CAGCCCAGAATCTATCCTCG_010,114
TCTATTTTGTCTGCGCAGAA_001,160
TCTATTTTGTCTGCGCAGAA_002,15
TCTATTTTGTCTGCGCAGAA_003,105
TCTATTTTGTCTGCGCAGAA_004,90
TCTATTTTGTCTGCGCAGAA_005,89
TCTATTTTGTCTGCGCAGAA_006,46
TCTATTTTGTCTGCGCAGAA_007,188
TTCCAACCTCAAGATCACAT_001,34
TTCCAACCTCAAGATCACAT_002,122
TTCCAACCTCAAGATCACAT_003,53
TTCCAACCTCAAGATCACAT_004,50
TTCCAACCTCAAGATCACAT_005,94
TTCCAACCTCAAGATCACAT_006,4
CCTGTTGGAGAAACGCAAAG_001,49
CCTGTTGGAGAAACGCAAAG_002,79
CCTGTTGGAGAAACGCAAAG_003,79
GAAAACAATCAAGTGCAGAG_001,56
GAAAACAATCAAGTGCAGAG_002,0
GAAAACAATCAAGTGCAGAG_003,149
GAAAACAATCAAGTGCAGAG_004,161
GAAAACAATCAAGTGCAGAG_005,108
GCCAGAATTGCACAGAAAGG_001,21
GCCAGAATTGCACAGAAAGG_002,20
GCCAGAATTGCACAGAAAGG_003,180
GCCAGAATTGCACAGAAAGG_004,175
GCCAGAATTGCACAGAAAGG_005,113
GCCAGAATTGCACAGAAAGG_006,107
GCCAGAATTGCACAGAAAGG_007,16
GCCAGAATTGCACAGAAAGG_008,174
GCCAGAATTGCACAGAAAGG_009,49
GCCAGAATTGCACAGAAAGG_010,148
GCCAGAATTGCACAGAAAGG_011,41
GCCAGAATTGCACAGAAAGG_012,149
GCCAGAATTGCACAGAAAGG_013,8
GCCAGAATTGCACAGAAAGG_014,121
GCCAGAATTGCACAGAAAGG_015,6
TCCGGTTGGCAGCCTCAGAG_001,44
TCCGGTTGGCAGCCTCAGAG_002,68
TCCGGTTGGCAGCCTCAGAG_003,46
TCCGGTTGGCAGCCTCAGAG_004,186
TCCGGTTGGCAGCCTCAGAG_005,83
TCCGGTTGGCAGCCTCAGAG_006,63
TCCGGTTGGCAGCCTCAGAG_007,168
TCCGGTTGGCAGCCTCAGAG_008,63
TCCGGTTGGCAGCCTCAGAG_009,2
TCCGGTTGGCAGCCTCAGAG_010,168
TCCGGTTGGCAGCCTCAGAG_011,115
TCCGGTTGGCAGCCTCAGAG_012,8
AGACCCTGGGTGGACGCCGG_001,183
AGACCCTGGGTGGACGCCGG_002,114
AGACCCTGGGTGGACGCCGG_003,168
AGACCCTGGGTGGACGCCGG_004,64
AGACCCTGGGTGGACGCCGG_005,15
AGACCCTGGGTGGACGCCGG_006,176
AGACCCTGGGTGGACGCCGG_007,49
AGACCCTGGGTGGACGCCGG_008,170
TCGGCGAGCTCCTGAAATGC_001,104
TCGGCGAGCTCCTGAAATGC_002,147
GGCGTGCGTTACCGACTCCA_001,121
GGCGTGCGTTACCGACTCCA_002,42
GGCGTGCGTTACCGACTCCA_003,9
GGCGTGCGTTACCGACTCCA_004,31
GGCGTGCGTTACCGACTCCA_005,42
GGCGTGCGTTACCGACTCCA_006,31
GGCGTGCGTTACCGACTCCA_007,158
GGCGTGCGTTACCGACTCCA_008,53
GGCGTGCGTTACCGACTCCA_009,176
GGCGTGCGTTACCGACTCCA_010,3
GGCGTGCGTTACCGACTCCA_011,123
GGCGTGCGTTACCGACTCCA_012,106
GGCGTGCGTTACCGACTCCA_013,63
GGCGTGCGTTACCGACTCCA_014,63
GGCGTGCGTTACCGACTCCA_015,94
GTCCGCGAACAAGTCATCCT_001,13
GTCCGCGAACAAGTCATCCT_002,78
GTCCGCGAACAAGTCATCCT_003,130
GTCCGCGAACAAGTCATCCT_004,166
GTCCGCGAACAAGTCATCCT_005,196
GTCCGCGAACAAGTCATCCT_006,38
GTCCGCGAACAAGTCATCCT_007,132
GTCCGCGAACAAGTCATCCT_008,17
GTCCGCGAACAAGTCATCCT_009,82
GTCCGCGAACAAGTCATCCT_010,168
GTCCGCGAACAAGTCATCCT_011,18
GTCCGCGAACAAGTCATCCT_012,137
GTCCGCGAACAAGTCATCCT_013,48
GTCCGCGAACAAGTCATCCT_014,154
GTCCGCGAACAAGTCATCCT_015,52
GTCCGCGAACAAGTCATCCT_016,76
GTCCGCGAACAAGTCATCCT_017,198
GTCCGCGAACAAGTCATCCT_018,157
GTCCGCGAACAAGTCATCCT_019,48
GTCCGCGAACAAGTCATCCT_020,83
GTCCGCGAACAAGTCATCCT_021,158
GTCCGCGAACAAGTCATCCT_022,114
GTCCGCGAACAAGTCATCCT_023,114
GTCCGCGAACAAGTCATCCT_024,49
GTCCGCGAACAAGTCATCCT_025,96
GTCCGCGAACAAGTCATCCT_026,4
GTCCGCGAACAAGTCATCCT_027,132
GTCCGCGAACAAGTCATCCT_028,36
GTCCGCGAACAAGTCATCCT_029,96
GTCCGCGAACAAGTCATCCT_030,32
GTCCGCGAACAAGTCATCCT_031,121
GTCCGCGAACAAGTCATCCT_032,139
GTCCGCGAACAAGTCATCCT_033,198
GTCCGCGAACAAGTCATCCT_034,26
GTCCGCGAACAAGTCATCCT_035,114
GTCCGCGAACAAGTCATCCT_036,115
GTCCGCGAACAAGTCATCCT_037,1
GTCCGCGAACAAGTCATCCT_038,162
GTCCGCGAACAAGTCATCCT_039,147
GTCCGCGAACAAGTCATCCT_040,76
GTCCGCGAACAAGTCATCCT_041,188
GTCCGCGAACAAGTCATCCT_042,77
GTCCGCGAACAAGTCATCCT_043,53
GTCCGCGAACAAGTCATCCT_044,45
AGTCCAGAACACCGTCACAA_001,132
AGTCCAGAACACCGTCACAA_002,172
AGTCCAGAACACCGTCACAA_003,68
AGTCCAGAACACCGTCACAA_004,63
AGTCCAGAACACCGTCACAA_005,49
AGTCCAGAACACCGTCACAA_006,50
AGTCCAGAACACCGTCACAA_007,11
AGTCCAGAACACCGTCACAA_008,7
AGTCCAGAACACCGTCACAA_009,193
AGTCCAGAACACCGTCACAA_010,177
AGTCCAGAACACCGTCACAA_011,137
AGTCCAGAACACCGTCACAA_012,74
AGTCCAGAACACCGTCACAA_013,4
AGTCCAGAACACCGTCACAA_014,177
AGTCCAGAACACCGTCACAA_015,187
AGTCCAGAACACCGTCACAA_016,127
AGTCCAGAACACCGTCACAA_017,76
AGTCCAGAACACCGTCACAA_018,116
AGTCCAGAACACCGTCACAA_019,12
AGTCCAGAACACCGTCACAA_020,78
AGTCCAGAACACCGTCACAA_021,84
AGTCCAGAACACCGTCACAA_022,126
AGTCCAGAACACCGTCACAA_023,55
AGTCCAGAACACCGTCACAA_024,58
AGTCCAGAACACCGTCACAA_025,171
AGTCCAGAACACCGTCACAA_026,98
AGTCCAGAACACCGTCACAA_027,30
AGTCCAGAACACCGTCACAA_028,114
AGTCCAGAACACCGTCACAA_029,12
AGTCCAGAACACCGTCACAA_030,20
AGTCCAGAACACCGTCACAA_031,170
AGTCCAGAACACCGTCACAA_032,60
AGTCCAGAACACCGTCACAA_033,199
AGTCCAGAACACCGTCACAA_034,58
AGTCCAGAACACCGTCACAA_035,52
AGTCCAGAACACCGTCACAA_036,46
AGTCCAGAACACCGTCACAA_037,81
AGTCCAGAACACCGTCACAA_038,23
AGTCCAGAACACCGTCACAA_039,57
AGTCCAGAACACCGTCACAA_040,9
AGTCCAGAACACCGTCACAA_041,128
AGTCCAGAACACCGTCACAA_042,113
AGTCCAGAACACCGTCACAA_043,69
AGTCCAGAACACCGTCACAA_044,61
AGTCCAGAACACCGTCACAA_045,193
AGTCCAGAACACCGTCACAA_046,119
AGTCCAGAACACCGTCACAA_047,117
AGTCCAGAACACCGTCACAA_048,162
AGTCCAGAACACCGTCACAA_049,172
AAGGTCCAAATTAAACCTCC_001,124
AAGGTCCAAATTAAACCTCC_002,40
CAGGCTCTGTCGGAGCTACG_001,17
CAGGCTCTGTCGGAGCTACG_002,55
CAGGCTCTGTCGGAGCTACG_003,33
CAGGCTCTGTCGGAGCTACG_004,107
CAGGCTCTGTCGGAGCTACG_005,106
CAGGCTCTGTCGGAGCTACG_006,38
CAGGCTCTGTCGGAGCTACG_007,155
CAGGCTCTGTCGGAGCTACG_008,141
CAGGCTCTGTCGGAGCTACG_009,0
CAGGCTCTGTCGGAGCTACG_010,81
CAGGCTCTGTCGGAGCTACG_011,9
CAGGCTCTGTCGGAGCTACG_012,100
CAGGCTCTGTCGGAGCTACG_013,148
CAGGCTCTGTCGGAGCTACG_014,81
CAGGCTCTGTCGGAGCTACG_015,199
CAGGCTCTGTCGGAGCTACG_016,157
CAGGCTCTGTCGGAGCTACG_017,73
CAGGCTCTGTCGGAGCTACG_018,198
TGATGCCTAAAACGCTAAGT_001,166
TGATGCCTAAAACGCTAAGT_002,0
TGATGCCTAAAACGCTAAGT_003,60
TGATGCCTAAAACGCTAAGT_004,10
TGATGCCTAAAACGCTAAGT_005,172
TGATGCCTAAAACGCTAAGT_006,175
CCGCAGGATGCCGTACACGT_001,43
CCGCAGGATGCCGTACACGT_002,137
CCGCAGGATGCCGTACACGT_003,178
CCGCAGGATGCCGTACACGT_004,159
CCGCAGGATGCCGTACACGT_005,93
CCGCAGGATGCCGTACACGT_006,98
CCGCAGGATGCCGTACACGT_007,60
CCGCAGGATGCCGTACACGT_008,76
CCGCAGGATGCCGTACACGT_009,189
CCGCAGGATGCCGTACACGT_010,55
CCGCAGGATGCCGTACACGT_011,147
CCGCAGGATGCCGTACACGT_012,126
CCGCAGGATGCCGTACACGT_013,17
GATGCCAATGAACTGATCTG_001,162
GATGCCAATGAACTGATCTG_002,29
GATGCCAATGAACTGATCTG_003,107
GATGCCAATGAACTGATCTG_004,130
GATGCCAATGAACTGATCTG_005,195
GATGCCAATGAACTGATCTG_006,190
GATGCCAATGAACTGATCTG_007,46
GATGCCAATGAACTGATCTG_008,197
GATGCCAATGAACTGATCTG_009,56
GATGCCAATGAACTGATCTG_010,61
GATGCCAATGAACTGATCTG_011,1
GATGCCAATGAACTGATCTG_012,105
GATGCCAATGAACTGATCTG_013,16
GATGCCAATGAACTGATCTG_014,50
GATGCCAATGAACTGATCTG_015,199
GATGCCAATGAACTGATCTG_016,2
GATGCCAATGAACTGATCTG_017,127
GATGCCAATGAACTGATCTG_018,156
GATGCCAATGAACTGATCTG_019,197
GATGCCAATGAACTGATCTG_020,131
GATGCCAATGAACTGATCTG_021,183
TGTTGTTGGATAACTGAGAA_001,118
TGTTGTTGGATAACTGAGAA_002,127
TGTTGTTGGATAACTGAGAA_003,29
TGTTGTTGGATAACTGAGAA_004,119
TGTTGTTGGATAACTGAGAA_005,94
TTACTGGTTGAAGATAGGAC_001,120
TTACTGGTTGAAGATAGGAC_002,63
TTACTGGTTGAAGATAGGAC_003,162
TTACTGGTTGAAGATAGGAC_004,34
TTACTGGTTGAAGATAGGAC_005,50
TTACTGGTTGAAGATAGGAC_006,78
TTACTGGTTGAAGATAGGAC_007,148
TTACTGGTTGAAGATAGGAC_008,106
TTACTGGTTGAAGATAGGAC_009,106
TTACTGGTTGAAGATAGGAC_010,160
TCTTCAAAGCCACATCATCG_001,37
TCTTCAAAGCCACATCATCG_002,21
TCTTCAAAGCCACATCATCG_003,194
TCTTCAAAGCCACATCATCG_004,198
TCTTCAAAGCCACATCATCG_005,137
TCTTCAAAGCCACATCATCG_006,48
TCACACTGAGATCAAGAGAG_001,67
TCACACTGAGATCAAGAGAG_002,60
AGAGCTGTACAAGTTCCCGG_001,172
AGAGCTGTACAAGTTCCCGG_002,49
AGAGCTGTACAAGTTCCCGG_003,90
AGAGCTGTACAAGTTCCCGG_004,46
AGAGCTGTACAAGTTCCCGG_005,61
AGAGCTGTACAAGTTCCCGG_006,158
AGAGCTGTACAAGTTCCCGG_007,7
AGAGCTGTACAAGTTCCCGG_008,164
AGAGCTGTACAAGTTCCCGG_009,28
AGAGCTGTACAAGTTCCCGG_010,15
AGAGCTGTACAAGTTCCCGG_011,142
ACATTGACTCTACCTGCCTG_001,30
ACATTGACTCTACCTGCCTG_002,52
ATCTTCGAGAGCCCGGACGG_001,127
ATCTTCGAGAGCCCGGACGG_002,191
ATCTTCGAGAGCCCGGACGG_003,17
ATCTTCGAGAGCCCGGACGG_004,12
ATCTTCGAGAGCCCGGACGG_005,49
ATCTTCGAGAGCCCGGACGG_006,140
ATCTTCGAGAGCCCGGACGG_007,84
ATCTTCGAGAGCCCGGACGG_008,72
ATCTTCGAGAGCCCGGACGG_009,69
ATCTTCGAGAGCCCGGACGG_010,58
ATCTTCGAGAGCCCGGACGG_011,98
ATCTTCGAGAGCCCGGACGG_012,45
ATCTTCGAGAGCCCGGACGG_013,170
ATCTTCGAGAGCCCGGACGG_014,164
ATCTTCGAGAGCCCGGACGG_015,197
ATCTTCGAGAGCCCGGACGG_016,106
ATCTTCGAGAGCCCGGACGG_017,176
ATCTTCGAGAGCCCGGACGG_018,94
ATCTTCGAGAGCCCGGACGG_019,130
ATCTTCGAGAGCCCGGACGG_020,162
ATCTTCGAGAGCCCGGACGG_021,168
ATCTTCGAGAGCCCGGACGG_022,176
ATCTTCGAGAGCCCGGACGG_023,189
ATCTTCGAGAGCCCGGACGG_024,83
TCTGGTGGAAATTAACCGCA_001,85
TCTGGTGGAAATTAACCGCA_002,159
TCTGGTGGAAATTAACCGCA_003,48
GAAGGTGTTATATCAGTACA_001,119
GAAGGTGTTATATCAGTACA_002,161
GAAGGTGTTATATCAGTACA_003,77
GAAGGTGTTATATCAGTACA_004,149
GAAGGTGTTATATCAGTACA_005,75
TTGCTCCTGCTGGAATACCA_001,72
TTGCTCCTGCTGGAATACCA_002,180
TTGCTCCTGCTGGAATACCA_003,190
TTGCTCCTGCTGGAATACCA_004,43
TTGCTCCTGCTGGAATACCA_005,160
TTGCTCCTGCTGGAATACCA_006,35
CACGTGCCGCGGATACCCCG_001,106
CACGTGCCGCGGATACCCCG_002,8
CACGTGCCGCGGATACCCCG_003,150
CACGTGCCGCGGATACCCCG_004,178
CACGTGCCGCGGATACCCCG_005,177
CACGTGCCGCGGATACCCCG_006,130
CACGTGCCGCGGATACCCCG_007,105
CACGTGCCGCGGATACCCCG_008,162
CACGTGCCGCGGATACCCCG_009,5
CACGTGCCGCGGATACCCCG_010,140
CACGTGCCGCGGATACCCCG_011,24
CACGTGCCGCGGATACCCCG_012,102
CACGTGCCGCGGATACCCCG_013,133
CACGTGCCGCGGATACCCCG_014,157
CACGTGCCGCGGATACCCCG_015,17
CACGTGCCGCGGATACCCCG_016,120
CACGTGCCGCGGATACCCCG_017,40
CACGTGCCGCGGATACCCCG_018,93
CACGTGCCGCGGATACCCCG_019,189
CACGTGCCGCGGATACCCCG_020,105
CACGTGCCGCGGATACCCCG_021,142
CACGTGCCGCGGATACCCCG_022,152
CACGTGCCGCGGATACCCCG_023,186
GAGACTGGTGGAGATTCGCA_001,27
GAGACTGGTGGAGATTCGCA_002,88
GAGACTGGTGGAGATTCGCA_003,112
CTTTGGAGCAGAGCCCCGCG_001,177
CTTTGGAGCAGAGCCCCGCG_002,154
CTTTGGAGCAGAGCCCCGCG_003,4
CTTTGGAGCAGAGCCCCGCG_004,34
CTTTGGAGCAGAGCCCCGCG_005,177
CTTTGGAGCAGAGCCCCGCG_006,188
CTTTGGAGCAGAGCCCCGCG_007,74
CTTTGGAGCAGAGCCCCGCG_008,11
CTTTGGAGCAGAGCCCCGCG_009,143
CTTTGGAGCAGAGCCCCGCG_010,143
CTTTGGAGCAGAGCCCCGCG_011,137
CTTTGGAGCAGAGCCCCGCG_012,156
CTTTGGAGCAGAGCCCCGCG_013,82
CTTTGGAGCAGAGCCCCGCG_014,178
GGGGTCACTCACCCAGAACA_001,175
GGGGTCACTCACCCAGAACA_002,53
GGGGTCACTCACCCAGAACA_003,190
GGGGTCACTCACCCAGAACA_004,16
GGGGTCACTCACCCAGAACA_005,75
GGGGTCACTCACCCAGAACA_006,83
GGGGTCACTCACCCAGAACA_007,40
CTCAACCGAAACTCACTCAA_001,3
CTCAACCGAAACTCACTCAA_002,191
CTCAACCGAAACTCACTCAA_003,17
CTCAACCGAAACTCACTCAA_004,51
CTCAACCGAAACTCACTCAA_005,45
CTCAACCGAAACTCACTCAA_006,69
CTCAACCGAAACTCACTCAA_007,134
CTCAACCGAAACTCACTCAA_008,12
CTCAACCGAAACTCACTCAA_009,8
CTCAACCGAAACTCACTCAA_010,159
CTCAACCGAAACTCACTCAA_011,157
CTCAACCGAAACTCACTCAA_012,37
CTCAACCGAAACTCACTCAA_013,129
GACAGTCCAACATAAAGAGG_001,65
GACAGTCCAACATAAAGAGG_002,65
GACAGTCCAACATAAAGAGG_003,35
GACAGTCCAACATAAAGAGG_004,0
GACAGTCCAACATAAAGAGG_005,82
GACAGTCCAACATAAAGAGG_006,113
TTGGAGATCACACCTCGGGG_001,159
TTGGAGATCACACCTCGGGG_002,148
TTGGAGATCACACCTCGGGG_003,121
TTGGAGATCACACCTCGGGG_004,66
TGTCCTCGTCTGGATCTATG_001,150
TCTGCCCTGCGACCAACAGC_001,155
TCTGCCCTGCGACCAACAGC_002,59
TCTGCCCTGCGACCAACAGC_003,94
TCTGCCCTGCGACCAACAGC_004,113
TCTGCCCTGCGACCAACAGC_005,139
TCTGCCCTGCGACCAACAGC_006,60
TCTGCCCTGCGACCAACAGC_007,184
TCTGCCCTGCGACCAACAGC_008,158
TCTGCCCTGCGACCAACAGC_009,181
TCTGCCCTGCGACCAACAGC_010,92
TCTGCCCTGCGACCAACAGC_011,194
CTGAAGTGGCAGAATCCACC_001,106
GCAGTCAACACCCACAGTCA_001,172
GCAGTCAACACCCACAGTCA_002,56
GCAGTCAACACCCACAGTCA_003,11
GCAGTCAACACCCACAGTCA_004,181
GCAGTCAACACCCACAGTCA_005,119
GCAGTCAACACCCACAGTCA_006,119
GCAGTCAACACCCACAGTCA_007,147
GCAGTCAACACCCACAGTCA_008,35
GCAGTCAACACCCACAGTCA_009,48
GCAGTCAACACCCACAGTCA_010,174
GCAGTCAACACCCACAGTCA_011,114
GCAGTCAACACCCACAGTCA_012,118
GCAGTCAACACCCACAGTCA_013,137
GCAGTCAACACCCACAGTCA_014,188
CGAATTCAAATCTTGCCCCG_001,169
CGAATTCAAATCTTGCCCCG_002,24
TGGAATAACTTCCACACAAG_001,199
TGGAATAACTTCCACACAAG_002,18
TGGAATAACTTCCACACAAG_003,188
TGGAATAACTTCCACACAAG_004,187
TGGAATAACTTCCACACAAG_005,60
TGTATGAATTCACGCACCAA_001,106
TACATACCAACACACTCAGG_001,94
TACATACCAACACACTCAGG_002,132
TACATACCAACACACTCAGG_003,66
TACATACCAACACACTCAGG_004,12
TACATACCAACACACTCAGG_005,148
TACATACCAACACACTCAGG_006,144
TACATACCAACACACTCAGG_007,81
TACATACCAACACACTCAGG_008,70
TACATACCAACACACTCAGG_009,23
TACATACCAACACACTCAGG_010,50
TACATACCAACACACTCAGG_011,56
TACATACCAACACACTCAGG_012,152
TACATACCAACACACTCAGG_013,152
TACATACCAACACACTCAGG_014,33
TACATACCAACACACTCAGG_015,15
TACATACCAACACACTCAGG_016,48
TACATACCAACACACTCAGG_017,10
TACATACCAACACACTCAGG_018,179
TACATACCAACACACTCAGG_019,33
TACATACCAACACACTCAGG_020,3
TACATACCAACACACTCAGG_021,42
TACATACCAACACACTCAGG_022,163
TTTCAACCTAGAGAACCGAG_001,88
TTTCAACCTAGAGAACCGAG_002,64
TTTCAACCTAGAGAACCGAG_003,116
TTTCAACCTAGAGAACCGAG_004,83
CCTGCTGCTGAAACCCATCG_001,107
CCTGCTGCTGAAACCCATCG_002,115
CCTGCTGCTGAAACCCATCG_003,1
CCTGCTGCTGAAACCCATCG_004,65
CCTGCTGCTGAAACCCATCG_005,142
CCTGCTGCTGAAACCCATCG_006,175
CCTGCTGCTGAAACCCATCG_007,172
CCTGCTGCTGAAACCCATCG_008,132
CCTGCTGCTGAAACCCATCG_009,162
CCTGCTGCTGAAACCCATCG_010,79
CCTGCTGCTGAAACCCATCG_011,168
CCTGCTGCTGAAACCCATCG_012,12
CCTGCTGCTGAAACCCATCG_013,42
CCTGCTGCTGAAACCCATCG_014,89
CCTGCTGCTGAAACCCATCG_015,23
CCTGCTGCTGAAACCCATCG_016,192
GTGCCCAATGACCTCCCCGG_001,19
GTGCCCAATGACCTCCCCGG_002,50
GTGCCCAATGACCTCCCCGG_003,114
GTGCCCAATGACCTCCCCGG_004,129
GTGCCCAATGACCTCCCCGG_005,8
GTGCCCAATGACCTCCCCGG_006,23
GTGCCCAATGACCTCCCCGG_007,115
GTGCCCAATGACCTCCCCGG_008,150
GTGCCCAATGACCTCCCCGG_009,115
GTGCCCAATGACCTCCCCGG_010,115
GTGCCCAATGACCTCCCCGG_011,64
GTGCCCAATGACCTCCCCGG_012,62
GTGCCCAATGACCTCCCCGG_013,197
GTGCCCAATGACCTCCCCGG_014,41
GTGCCCAATGACCTCCCCGG_015,120
GTGCCCAATGACCTCCCCGG_016,3
GTGCCCAATGACCTCCCCGG_017,192
GTGCCCAATGACCTCCCCGG_018,162
GTGCCCAATGACCTCCCCGG_019,70
GTGCCCAATGACCTCCCCGG_020,141
GTGCCCAATGACCTCCCCGG_021,134
GTGCCCAATGACCTCCCCGG_022,4
GTGCCCAATGACCTCCCCGG_023,33
GCTGTTGTCAGGTCGTGCTG_001,26
GCTGTTGTCAGGTCGTGCTG_002,136
GCTGTTGTCAGGTCGTGCTG_003,115
GCTGTTGTCAGGTCGTGCTG_004,199
GCTGTTGTCAGGTCGTGCTG_005,77
GCTGTTGTCAGGTCGTGCTG_006,42
GCTGTTGTCAGGTCGTGCTG_007,58
GCTGTTGTCAGGTCGTGCTG_008,73
GCTGTTGTCAGGTCGTGCTG_009,105
GCTGTTGTCAGGTCGTGCTG_010,9
GCTGTTGTCAGGTCGTGCTG_011,19
GCTGTTGTCAGGTCGTGCTG_012,162
GCTGTTGTCAGGTCGTGCTG_013,151
GCTGTTGTCAGGTCGTGCTG_014,63
GCTGTTGTCAGGTCGTGCTG_015,146
GCTGTTGTCAGGTCGTGCTG_016,25
GCTGTTGTCAGGTCGTGCTG_017,45
GCTGTTGTCAGGTCGTGCTG_018,88
GCTGTTGTCAGGTCGTGCTG_019,152
GCTGTTGTCAGGTCGTGCTG_020,136
GCTGTTGTCAGGTCGTGCTG_021,55
GCTGTTGTCAGGTCGTGCTG_022,61
CCGGGAAGATACCCAAAAAG_001,115
ATCCCCACCACCGTACCGTG_001,199
ATCCCCACCACCGTACCGTG_002,174
ATCCCCACCACCGTACCGTG_003,113
ATCCCCACCACCGTACCGTG_004,190
ATCCCCACCACCGTACCGTG_005,56
ATCCCCACCACCGTACCGTG_006,139
ATCCCCACCACCGTACCGTG_007,42
ATCCCCACCACCGTACCGTG_008,62
ATCCCCACCACCGTACCGTG_009,184
ATCCCCACCACCGTACCGTG_010,199
ATCCCCACCACCGTACCGTG_011,75
ATCCCCACCACCGTACCGTG_012,175
ATCCCCACCACCGTACCGTG_013,51
ATCCCCACCACCGTACCGTG_014,19
ATCCCCACCACCGTACCGTG_015,169
ATCCCCACCACCGTACCGTG_016,19
ATCCCCACCACCGTACCGTG_017,3
GGGGTTCCATGATACAAACC_001,27
CCAAAAAACTGTATAACCGC_001,73
AGCTGAGAGATAGGTCCGGA_001,27
AGCTGAGAGATAGGTCCGGA_002,37
AGCTGAGAGATAGGTCCGGA_003,192
AGCTGAGAGATAGGTCCGGA_004,128
AGCTGAGAGATAGGTCCGGA_005,135
AGCTGAGAGATAGGTCCGGA_006,157
AGCTGAGAGATAGGTCCGGA_007,138
AGCTGAGAGATAGGTCCGGA_008,50
CTGAAGTGGATCTTCGTCGG_001,113
CTGAAGTGGATCTTCGTCGG_002,172
CTGAAGTGGATCTTCGTCGG_003,98
CTGAAGTGGATCTTCGTCGG_004,40
CTGAAGTGGATCTTCGTCGG_005,23
CTGAAGTGGATCTTCGTCGG_006,91
CTGAAGTGGATCTTCGTCGG_007,32
CTGAAGTGGATCTTCGTCGG_008,48
CTGAAGTGGATCTTCGTCGG_009,115
CTGAAGTGGATCTTCGTCGG_010,127
CTGAAGTGGATCTTCGTCGG_011,43
AAGACCATACTACAGTGACG_001,137
AAGACCATACTACAGTGACG_002,2
AAGACCATACTACAGTGACG_003,196
AAGACCATACTACAGTGACG_004,80
AAGACCATACTACAGTGACG_005,159
AAGACCATACTACAGTGACG_006,111
AAGACCATACTACAGTGACG_007,108
AAGACCATACTACAGTGACG_008,178
AAGACCATACTACAGTGACG_009,19
AAGACCATACTACAGTGACG_010,70
AAGACCATACTACAGTGACG_011,162
AGCGGGGCACGCAGGTCACG_001,183
AGCGGGGCACGCAGGTCACG_002,192
AGCGGGGCACGCAGGTCACG_003,24
AGCGGGGCACGCAGGTCACG_004,92
AGCGGGGCACGCAGGTCACG_005,42
AGCGGGGCACGCAGGTCACG_006,17
AGCGGGGCACGCAGGTCACG_007,53
AGCGGGGCACGCAGGTCACG_008,15
AGCGGGGCACGCAGGTCACG_009,145
AGCGGGGCACGCAGGTCACG_010,44
AGCGGGGCACGCAGGTCACG_011,11
AGCGGGGCACGCAGGTCACG_012,105
AGCGGGGCACGCAGGTCACG_013,46
AGCGGGGCACGCAGGTCACG_014,130
TTCCAGTATAAACTATATGG_001,88
TTCCAGTATAAACTATATGG_002,45
GGAATCATGGTCAGAAACAT_001,132
GGAATCATGGTCAGAAACAT_002,34
GGAATCATGGTCAGAAACAT_003,133
GGAATCATGGTCAGAAACAT_004,198
GGAATCATGGTCAGAAACAT_005,177
GGAATCATGGTCAGAAACAT_006,183
GGAATCATGGTCAGAAACAT_007,34
GGAATCATGGTCAGAAACAT_008,188
GGAATCATGGTCAGAAACAT_009,34
TCCTGATCGGAACAAAGCTG_001,43
TCCTGATCGGAACAAAGCTG_002,156
TCCTGATCGGAACAAAGCTG_003,60
TCCTGATCGGAACAAAGCTG_004,60
TCCTGATCGGAACAAAGCTG_005,164
TCCTGATCGGAACAAAGCTG_006,164
TCCTGATCGGAACAAAGCTG_007,150
TCCTGATCGGAACAAAGCTG_008,113
TCCTGATCGGAACAAAGCTG_009,196
TCCTGATCGGAACAAAGCTG_010,83
TCCTGATCGGAACAAAGCTG_011,98
TCCTGATCGGAACAAAGCTG_012,49
TCCTGATCGGAACAAAGCTG_013,47
TCCTGATCGGAACAAAGCTG_014,162
TCCTGATCGGAACAAAGCTG_015,79
TCCTGATCGGAACAAAGCTG_016,142
TCCTGATCGGAACAAAGCTG_017,175
TCCTGATCGGAACAAAGCTG_018,34
CCTGGTAAGAATTTGACCGG_001,102
CCTGGTAAGAATTTGACCGG_002,172
CCTGGTAAGAATTTGACCGG_003,102
CCTGGTAAGAATTTGACCGG_004,116
CCTGGTAAGAATTTGACCGG_005,131
CCTGGTAAGAATTTGACCGG_006,36
CCTGGTAAGAATTTGACCGG_007,21
CCTGGTAAGAATTTGACCGG_008,103
CCTGGTAAGAATTTGACCGG_009,46
GGAGCTGAGAGATAACCAGC_001,83
GGAGCTGAGAGATAACCAGC_002,96
GAATTGTTTAAGAAGGCGAA_001,91
GAATTGTTTAAGAAGGCGAA_002,110
GAATTGTTTAAGAAGGCGAA_003,35
GAATTGTTTAAGAAGGCGAA_004,158
AGTGTTACGAACCATCCCCC_001,192
AATGCACTATCTGAAATGCC_001,70
AATGCACTATCTGAAATGCC_002,127
AATGCACTATCTGAAATGCC_003,70
AATGCACTATCTGAAATGCC_004,129
AATGCACTATCTGAAATGCC_005,122
AATGCACTATCTGAAATGCC_006,38
AATGCACTATCTGAAATGCC_007,51
AATGCACTATCTGAAATGCC_008,54
AATGCACTATCTGAAATGCC_009,115
AATGCACTATCTGAAATGCC_010,166
AATGCACTATCTGAAATGCC_011,3
AATGCACTATCTGAAATGCC_012,68
AATGCACTATCTGAAATGCC_013,2
AAGACAACATCATCCTTCAG_001,27
AAGACAACATCATCCTTCAG_002,141
AAGACAACATCATCCTTCAG_003,199
AAGACAACATCATCCTTCAG_004,168
CTCGAAAAAGACGTTATCCA_001,85
CTCGAAAAAGACGTTATCCA_002,100
CTCGAAAAAGACGTTATCCA_003,85
CTCGAAAAAGACGTTATCCA_004,176
CTCGAAAAAGACGTTATCCA_005,30
CTCGAAAAAGACGTTATCCA_006,32
CTCGAAAAAGACGTTATCCA_007,9
CTCGAAAAAGACGTTATCCA_008,19
CTCGAAAAAGACGTTATCCA_009,60
CTCGAAAAAGACGTTATCCA_010,96
CCAGGATCATCTGCTCGCCG_001,51
CCAGGATCATCTGCTCGCCG_002,161
CCAGGATCATCTGCTCGCCG_003,150
CCACCTCAGCTACTTGACAG_001,64
CCACCTCAGCTACTTGACAG_002,33
CCACCTCAGCTACTTGACAG_003,42
CCACCTCAGCTACTTGACAG_004,95
CCACCTCAGCTACTTGACAG_005,19
CCACCTCAGCTACTTGACAG_006,174
GTTCTGGAAGAACTCCTGTA_001,17
GCAATGCGCAGGGAGTCTAA_001,106
GCAATGCGCAGGGAGTCTAA_002,180
GCAATGCGCAGGGAGTCTAA_003,1
GCAATGCGCAGGGAGTCTAA_004,107
GCAATGCGCAGGGAGTCTAA_005,13
AAAGGTAAAAATTGTGACAG_001,177
AAAGGTAAAAATTGTGACAG_002,160
AAAGGTAAAAATTGTGACAG_003,72
AAAGGTAAAAATTGTGACAG_004,162
AAAGGTAAAAATTGTGACAG_005,73
AAAGGTAAAAATTGTGACAG_006,176
AAAGGTAAAAATTGTGACAG_007,38
AAAGGTAAAAATTGTGACAG_008,132
AAAGGTAAAAATTGTGACAG_009,1
AAAGGTAAAAATTGTGACAG_010,175
GAGGTTTAGCTTACTGACGA_001,123
GAGGTTTAGCTTACTGACGA_002,33
GAGGTTTAGCTTACTGACGA_003,78
GAGGTTTAGCTTACTGACGA_004,186
GAGGTTTAGCTTACTGACGA_005,27
GCACCACGAACTTAAGACGG_001,52
GCACCACGAACTTAAGACGG_002,94
GCACCACGAACTTAAGACGG_003,40
GCACCACGAACTTAAGACGG_004,133
GCACCACGAACTTAAGACGG_005,90
GCACCACGAACTTAAGACGG_006,90
GCACCACGAACTTAAGACGG_007,184
GCACCACGAACTTAAGACGG_008,19
GCACCACGAACTTAAGACGG_009,56
GCACCACGAACTTAAGACGG_010,48
GCACCACGAACTTAAGACGG_011,161
GCACCACGAACTTAAGACGG_012,36
CTGCCTCCCTAGGGTAACAA_001,152
CTGCCTCCCTAGGGTAACAA_002,134
CTGCCTCCCTAGGGTAACAA_003,197
CTGCCTCCCTAGGGTAACAA_004,185
CTGCCTCCCTAGGGTAACAA_005,174
CTGCCTCCCTAGGGTAACAA_006,162
CTGCCTCCCTAGGGTAACAA_007,161
CTGCCTCCCTAGGGTAACAA_008,69
CTGCCTCCCTAGGGTAACAA_009,48
CTGCCTCCCTAGGGTAACAA_010,7
CTGCCTCCCTAGGGTAACAA_011,30
CTGCCTCCCTAGGGTAACAA_012,86
ATCTCCCACAGCCATAGAGG_001,125
ATCTCCCACAGCCATAGAGG_002,176
ATCTCCCACAGCCATAGAGG_003,183
ATCTCCCACAGCCATAGAGG_004,83
ATCTCCCACAGCCATAGAGG_005,17
ATCTCCCACAGCCATAGAGG_006,39
TAGGCAGCCTGTGTCAACCA_001,137
TAGGCAGCCTGTGTCAACCA_002,90
TATCTGCGTGAGGCACGTCG_001,180
TATCTGCGTGAGGCACGTCG_002,47
TATCTGCGTGAGGCACGTCG_003,127
TATCTGCGTGAGGCACGTCG_004,41
TATCTGCGTGAGGCACGTCG_005,177
TATCTGCGTGAGGCACGTCG_006,155
TATCTGCGTGAGGCACGTCG_007,111
TATCTGCGTGAGGCACGTCG_008,149
TATCTGCGTGAGGCACGTCG_009,191
TATCTGCGTGAGGCACGTCG_010,49
TATCTGCGTGAGGCACGTCG_011,184
TATCTGCGTGAGGCACGTCG_012,170
TATCTGCGTGAGGCACGTCG_013,117
TTGCAGACGATAAAGCTGTG_001,1
TTGCAGACGATAAAGCTGTG_002,36
TTGCAGACGATAAAGCTGTG_003,127
TTGCAGACGATAAAGCTGTG_004,75
TTGCAGACGATAAAGCTGTG_005,180
TTGCAGACGATAAAGCTGTG_006,130
TTGTGATCGGTTGCTAGTGG_001,116
TTGTGATCGGTTGCTAGTGG_002,198
TTGTGATCGGTTGCTAGTGG_003,2
AGCCAGTGGTCACTTCGTGG_001,156
AGCCAGTGGTCACTTCGTGG_002,124
TGGAGGTCGTAAAAGAAGCT_001,130
TGGAGGTCGTAAAAGAAGCT_002,101
TGGAGGTCGTAAAAGAAGCT_003,74
TGGAGGTCGTAAAAGAAGCT_004,34
TCTCAGAGAGGAGTAAACAC_001,174
GCGCTATAAAGAACAGCTGC_001,189
GCGCTATAAAGAACAGCTGC_002,198
GCGCTATAAAGAACAGCTGC_003,184
GCGCTATAAAGAACAGCTGC_004,16
GCGCTATAAAGAACAGCTGC_005,119
GCGCTATAAAGAACAGCTGC_006,1
GCGCTATAAAGAACAGCTGC_007,1
GCGCTATAAAGAACAGCTGC_008,76
GCGCTATAAAGAACAGCTGC_009,41
GCGCTATAAAGAACAGCTGC_010,28
GCGCTATAAAGAACAGCTGC_011,35
TGAGAACATTGACGACGCTA_001,194
TGAGAACATTGACGACGCTA_002,117
TGAGAACATTGACGACGCTA_003,199
AATGGCAGTGAATTGCAAGA_001,35
AATGGCAGTGAATTGCAAGA_002,61
AATGGCAGTGAATTGCAAGA_003,94
AATGGCAGTGAATTGCAAGA_004,105
AATGGCAGTGAATTGCAAGA_005,24
AATGGCAGTGAATTGCAAGA_006,140
AATGGCAGTGAATTGCAAGA_007,36
AATGGCAGTGAATTGCAAGA_008,40
AATGGCAGTGAATTGCAAGA_009,29
AATGGCAGTGAATTGCAAGA_010,180
AATGGCAGTGAATTGCAAGA_011,23
TGGCTTTCGAAACTTAGAAG_001,58
GACTTACCCAACATGCACAG_001,116
GACTTACCCAACATGCACAG_002,8
GACTTACCCAACATGCACAG_003,141
GACTTACCCAACATGCACAG_004,65
GACTTACCCAACATGCACAG_005,105
GACTTACCCAACATGCACAG_006,105
GACTTACCCAACATGCACAG_007,176
GACTTACCCAACATGCACAG_008,188
GACTTACCCAACATGCACAG_009,197
GACTTACCCAACATGCACAG_010,30
GACTTACCCAACATGCACAG_011,72
GACTTACCCAACATGCACAG_012,148
GACTTACCCAACATGCACAG_013,130
GACTTACCCAACATGCACAG_014,33
GACTTACCCAACATGCACAG_015,138
GACTTACCCAACATGCACAG_016,188
GACTTACCCAACATGCACAG_017,152
CCACCGAAATGCTGCATGTG_001,1
CCACCGAAATGCTGCATGTG_002,168
CCACCGAAATGCTGCATGTG_003,138
CCACCGAAATGCTGCATGTG_004,154
CCACCGAAATGCTGCATGTG_005,107
CCACCGAAATGCTGCATGTG_006,58
CCACCGAAATGCTGCATGTG_007,116
CCACCGAAATGCTGCATGTG_008,102
CCACCGAAATGCTGCATGTG_009,140
CCACCGAAATGCTGCATGTG_010,144
CCACCGAAATGCTGCATGTG_011,134
CCACCGAAATGCTGCATGTG_012,20
CCACCGAAATGCTGCATGTG_013,187
CCACCGAAATGCTGCATGTG_014,129
CCACCGAAATGCTGCATGTG_015,83
CCACCGAAATGCTGCATGTG_016,48
CCACCGAAATGCTGCATGTG_017,40
ATGACTGAGCCATTACTCAG_001,194
ATGACTGAGCCATTACTCAG_002,189
ATGACTGAGCCATTACTCAG_003,172
ATGACTGAGCCATTACTCAG_004,121
ATGACTGAGCCATTACTCAG_005,43
ATGACTGAGCCATTACTCAG_006,22
ATGACTGAGCCATTACTCAG_007,106
ATGACTGAGCCATTACTCAG_008,36
ATGACTGAGCCATTACTCAG_009,1
ATGACTGAGCCATTACTCAG_010,67
ATGACTGAGCCATTACTCAG_011,17
ATGACTGAGCCATTACTCAG_012,77
CCAGATTGATTAGAAGACCT_001,78
CCAGATTGATTAGAAGACCT_002,105
CCAGATTGATTAGAAGACCT_003,103
CCAGATTGATTAGAAGACCT_004,8
CCAGATTGATTAGAAGACCT_005,10
GGACAATCCATCTGTCTGGA_001,199
TGTCAGTGACCTGTAACCAT_001,94
TGTCAGTGACCTGTAACCAT_002,173
TGTCAGTGACCTGTAACCAT_003,191
TGTCAGTGACCTGTAACCAT_004,191
TGTCAGTGACCTGTAACCAT_005,113
TGTCAGTGACCTGTAACCAT_006,44
TGTCAGTGACCTGTAACCAT_007,85
TGTCAGTGACCTGTAACCAT_008,29
TGTCAGTGACCTGTAACCAT_009,184
TGTCAGTGACCTGTAACCAT_010,136
TGTCAGTGACCTGTAACCAT_011,124
GACCACAAATCTGCTGTCAG_001,31
GACCACAAATCTGCTGTCAG_002,182
GACCACAAATCTGCTGTCAG_003,1
GACCACAAATCTGCTGTCAG_004,103
GACCACAAATCTGCTGTCAG_005,138
GACCACAAATCTGCTGTCAG_006,142
GACCACAAATCTGCTGTCAG_007,24
GACCACAAATCTGCTGTCAG_008,112
GACCACAAATCTGCTGTCAG_009,150
GACCACAAATCTGCTGTCAG_010,88
GACCACAAATCTGCTGTCAG_011,29
GACCACAAATCTGCTGTCAG_012,139
GACCACAAATCTGCTGTCAG_013,161
GACCACAAATCTGCTGTCAG_014,171
GACCACAAATCTGCTGTCAG_015,83
GACCACAAATCTGCTGTCAG_016,41
GACCACAAATCTGCTGTCAG_017,2
ACTGGTGTCGATTATACATG_001,157
ACTGGTGTCGATTATACATG_002,118
ACTGGTGTCGATTATACATG_003,151
ACTGGTGTCGATTATACATG_004,178
ACTGGTGTCGATTATACATG_005,121
ACTGGTGTCGATTATACATG_006,158
ACTGGTGTCGATTATACATG_007,69
ACTGGTGTCGATTATACATG_008,86
ATGTGAACTCACCTACTGGA_001,113
ATGTGAACTCACCTACTGGA_002,134
ATGTGAACTCACCTACTGGA_003,30
ATGTGAACTCACCTACTGGA_004,44
ATGTGAACTCACCTACTGGA_005,82
ATGTGAACTCACCTACTGGA_006,56
ATGTGAACTCACCTACTGGA_007,184
ATGTGAACTCACCTACTGGA_008,135
ATGTGAACTCACCTACTGGA_009,124
AGTGCTTTAGGTCAGGCCAA_001,106
AGTGCTTTAGGTCAGGCCAA_002,149
AGTGCTTTAGGTCAGGCCAA_003,68
AGTGCTTTAGGTCAGGCCAA_004,113
AGTGCTTTAGGTCAGGCCAA_005,63
AGTGCTTTAGGTCAGGCCAA_006,43
AGTGCTTTAGGTCAGGCCAA_007,29
AGTGCTTTAGGTCAGGCCAA_008,8
AGTGCTTTAGGTCAGGCCAA_009,0
AGTGCTTTAGGTCAGGCCAA_010,173
AGTGCTTTAGGTCAGGCCAA_011,94
AGTGCTTTAGGTCAGGCCAA_012,155
AGTGCTTTAGGTCAGGCCAA_013,75
AGTGCTTTAGGTCAGGCCAA_014,58
AGTGCTTTAGGTCAGGCCAA_015,134
AGTGCTTTAGGTCAGGCCAA_016,147
AGTGCTTTAGGTCAGGCCAA_017,122
AGTGCTTTAGGTCAGGCCAA_018,194
GTGCTGCTGATGAAATACCT_001,41
GTGCTGCTGATGAAATACCT_002,183
GTGCTGCTGATGAAATACCT_003,113
GTGCTGCTGATGAAATACCT_004,65
GTGCTGCTGATGAAATACCT_005,105
GTAAGATCGAGATTGTAAGG_001,115
GTAAGATCGAGATTGTAAGG_002,135
GTAAGATCGAGATTGTAAGG_003,44
GTAAGATCGAGATTGTAAGG_004,16
GTAAGATCGAGATTGTAAGG_005,98
GTAAGATCGAGATTGTAAGG_006,134
GTAAGATCGAGATTGTAAGG_007,52
GTTCCAAGTCAGCTAGAAGG_001,123
GTTCCAAGTCAGCTAGAAGG_002,119
GTTCCAAGTCAGCTAGAAGG_003,142
GTTCCAAGTCAGCTAGAAGG_004,48
GTTCCAAGTCAGCTAGAAGG_005,27
GTTCCAAGTCAGCTAGAAGG_006,113
GTTCCAAGTCAGCTAGAAGG_007,60
GTTCCAAGTCAGCTAGAAGG_008,150
GTTCCAAGTCAGCTAGAAGG_009,30
GTTCCAAGTCAGCTAGAAGG_010,184
GTTCCAAGTCAGCTAGAAGG_011,112
GTTCCAAGTCAGCTAGAAGG_012,178
GTTCCAAGTCAGCTAGAAGG_013,180
GTTCCAAGTCAGCTAGAAGG_014,142
GTTCCAAGTCAGCTAGAAGG_015,1
GTTCCAAGTCAGCTAGAAGG_016,38
TTCAGACCAGCGGATAACAG_001,102
TTCAGACCAGCGGATAACAG_002,102
TTCAGACCAGCGGATAACAG_003,175
TTCAGACCAGCGGATAACAG_004,90
TCGAGCACCCTGTACCATTG_001,58
TCGAGCACCCTGTACCATTG_002,121
TCGAGCACCCTGTACCATTG_003,110
CCGGCCGGTTTCACGGACAG_001,14
CCGGCCGGTTTCACGGACAG_002,19
CCGGCCGGTTTCACGGACAG_003,105
CCGGCCGGTTTCACGGACAG_004,79
CCGGCCGGTTTCACGGACAG_005,98
CCGGCCGGTTTCACGGACAG_006,12
CCGGCCGGTTTCACGGACAG_007,144
CCGGCCGGTTTCACGGACAG_008,9
CCGGCCGGTTTCACGGACAG_009,158
CCGGCCGGTTTCACGGACAG_010,28
CCGGCCGGTTTCACGGACAG_011,144
CCGGCCGGTTTCACGGACAG_012,16
CCGGCCGGTTTCACGGACAG_013,16
CCGGCCGGTTTCACGGACAG_014,178
CCGGCCGGTTTCACGGACAG_015,49
CCGGCCGGTTTCACGGACAG_016,183
CCGGCCGGTTTCACGGACAG_017,140
CCGGCCGGTTTCACGGACAG_018,31
CCTGGAGAAACGCCACATCG_001,183
CCTGGAGAAACGCCACATCG_002,170
CCTGGAGAAACGCCACATCG_003,168
CCTGGAGAAACGCCACATCG_004,53
CCTGGAGAAACGCCACATCG_005,61
CCTGGAGAAACGCCACATCG_006,103
CCTGGAGAAACGCCACATCG_007,62
CCTGGAGAAACGCCACATCG_008,196
CCTGGAGAAACGCCACATCG_009,64
CCTGGAGAAACGCCACATCG_010,17
CCTGGAGAAACGCCACATCG_011,76
CCTGGAGAAACGCCACATCG_012,152
CCTGGAGAAACGCCACATCG_013,40
CGTCACGTGGCTGTGCAACG_001,94
CGTCACGTGGCTGTGCAACG_002,115
CGTCACGTGGCTGTGCAACG_003,163
CGTCACGTGGCTGTGCAACG_004,107
CGTCACGTGGCTGTGCAACG_005,176
CGTCACGTGGCTGTGCAACG_006,1
CGTCACGTGGCTGTGCAACG_007,16
CGTCACGTGGCTGTGCAACG_008,153
CGTCACGTGGCTGTGCAACG_009,22
CGTCACGTGGCTGTGCAACG_010,24
CGTCACGTGGCTGTGCAACG_011,147
CGTCACGTGGCTGTGCAACG_012,104
AAGCGATAACAGAGTCTCAG_001,4
AAGCGATAACAGAGTCTCAG_002,72
AAGCGATAACAGAGTCTCAG_003,130
AAGCGATAACAGAGTCTCAG_004,127
AAGCGATAACAGAGTCTCAG_005,148
AAGCGATAACAGAGTCTCAG_006,1
AAGCGATAACAGAGTCTCAG_007,130
CCAGAATCGCAGCAGACCTG_001,170
CCAGAATCGCAGCAGACCTG_002,157
CCAGAATCGCAGCAGACCTG_003,169
CCAGAATCGCAGCAGACCTG_004,52
CCAGAATCGCAGCAGACCTG_005,80
CCAGAATCGCAGCAGACCTG_006,43
CCAGAATCGCAGCAGACCTG_007,77
CCAGAATCGCAGCAGACCTG_008,105
CCAGAATCGCAGCAGACCTG_009,36
CCAGAATCGCAGCAGACCTG_010,105
CCAGAATCGCAGCAGACCTG_011,169
CCAGAATCGCAGCAGACCTG_012,134
CCAGAATCGCAGCAGACCTG_013,1
CCAGAATCGCAGCAGACCTG_014,16
CCAGAATCGCAGCAGACCTG_015,190
GCTGGTTGGTATAGTCTGTG_001,114
GCTGGTTGGTATAGTCTGTG_002,114
GCTGGTTGGTATAGTCTGTG_003,36
CCCAGTGATGCTCAACATGT_001,191
CCCAGTGATGCTCAACATGT_002,130
CCCAGTGATGCTCAACATGT_003,12
CCCAGTGATGCTCAACATGT_004,111
CCCAGTGATGCTCAACATGT_005,91
CCCAGTGATGCTCAACATGT_006,180
CCCAGTGATGCTCAACATGT_007,60
TAAAGATTTCCCGAAAACGG_001,2
TAAAGATTTCCCGAAAACGG_002,176
TAAAGATTTCCCGAAAACGG_003,63
TAAAGATTTCCCGAAAACGG_004,139
TAAAGATTTCCCGAAAACGG_005,94
TAAAGATTTCCCGAAAACGG_006,166
GAATCACAGAGTATGAACCA_001,124
GAATCACAGAGTATGAACCA_002,171
GAATCACAGAGTATGAACCA_003,113
GAATCACAGAGTATGAACCA_004,108
GAATCACAGAGTATGAACCA_005,47
GAATCACAGAGTATGAACCA_006,144
GAATCACAGAGTATGAACCA_007,147
GAATCACAGAGTATGAACCA_008,182
GAATCACAGAGTATGAACCA_009,43
GAATCACAGAGTATGAACCA_010,94
CCAGTGCAGGCGCTATGAAG_001,186
CCAGTGCAGGCGCTATGAAG_002,7
CCAGTGCAGGCGCTATGAAG_003,76
CCAGTGCAGGCGCTATGAAG_004,96
CCAGTGCAGGCGCTATGAAG_005,82
CCAGTGCAGGCGCTATGAAG_006,1
CCAGTGCAGGCGCTATGAAG_007,11
CCAGTGCAGGCGCTATGAAG_008,136
CCAGTGCAGGCGCTATGAAG_009,67
CCAGTGCAGGCGCTATGAAG_010,50
CCAGTGCAGGCGCTATGAAG_011,127
CCAGTGCAGGCGCTATGAAG_012,76
CCAGTGCAGGCGCTATGAAG_013,22
CCAGTGCAGGCGCTATGAAG_014,133
CCAGTGCAGGCGCTATGAAG_015,166
CCAGTGCAGGCGCTATGAAG_016,102
CCAGTGCAGGCGCTATGAAG_017,42
CCAGTGCAGGCGCTATGAAG_018,7
GAATAGTGATGTGGTCTCTG_001,134
GAATAGTGATGTGGTCTCTG_002,126
GAATAGTGATGTGGTCTCTG_003,17
GAATAGTGATGTGGTCTCTG_004,16
GAATAGTGATGTGGTCTCTG_005,117
GAATAGTGATGTGGTCTCTG_006,92
GAATAGTGATGTGGTCTCTG_007,141
GAATAGTGATGTGGTCTCTG_008,61
GAATAGTGATGTGGTCTCTG_009,116
GAATAGTGATGTGGTCTCTG_010,89
GAATAGTGATGTGGTCTCTG_011,38
GAATAGTGATGTGGTCTCTG_012,58
GAATAGTGATGTGGTCTCTG_013,160
GAATAGTGATGTGGTCTCTG_014,121
GAATAGTGATGTGGTCTCTG_015,162
GAATAGTGATGTGGTCTCTG_016,144
GAATAGTGATGTGGTCTCTG_017,2
GAATAGTGATGTGGTCTCTG_018,162
GAATAGTGATGTGGTCTCTG_019,170
GAATAGTGATGTGGTCTCTG_020,48
ACCTACTGGTGGGAGCATGG_001,194
ACCTACTGGTGGGAGCATGG_002,127
ACCTACTGGTGGGAGCATGG_003,76
ACCTACTGGTGGGAGCATGG_004,141
ACCTACTGGTGGGAGCATGG_005,69
ACCTACTGGTGGGAGCATGG_006,138
ACCTACTGGTGGGAGCATGG_007,23
ACCTACTGGTGGGAGCATGG_008,112
ACTTAAAAGGAAGATCCTCG_001,48
ACTTAAAAGGAAGATCCTCG_002,24
ACTTAAAAGGAAGATCCTCG_003,132
ACTTAAAAGGAAGATCCTCG_004,16
ACTTAAAAGGAAGATCCTCG_005,117
ACTTAAAAGGAAGATCCTCG_006,136
ACTTAAAAGGAAGATCCTCG_007,1
ACTTAAAAGGAAGATCCTCG_008,60
ACTTAAAAGGAAGATCCTCG_009,29
ACTTAAAAGGAAGATCCTCG_010,63
ACTTAAAAGGAAGATCCTCG_011,130
ACTTAAAAGGAAGATCCTCG_012,101
ACTTAAAAGGAAGATCCTCG_013,94
ACTTAAAAGGAAGATCCTCG_014,78
ACTTAAAAGGAAGATCCTCG_015,28
ACTTAAAAGGAAGATCCTCG_016,88
ATACGTAACAGTTGACCGGG_001,188
ATACGTAACAGTTGACCGGG_002,46
ATACGTAACAGTTGACCGGG_003,103
ATACGTAACAGTTGACCGGG_004,11
ATACGTAACAGTTGACCGGG_005,56
ATACGTAACAGTTGACCGGG_006,103
ATACGTAACAGTTGACCGGG_007,20
ATACGTAACAGTTGACCGGG_008,192
ATACGTAACAGTTGACCGGG_009,68
ATACGTAACAGTTGACCGGG_010,108
ATACGTAACAGTTGACCGGG_011,150
ATACGTAACAGTTGACCGGG_012,149
GATGCCAGTGACATCAAATG_001,192
GATGCCAGTGACATCAAATG_002,177
GATGCCAGTGACATCAAATG_003,193
GATGCCAGTGACATCAAATG_004,24
GATGCCAGTGACATCAAATG_005,104
GATGCCAGTGACATCAAATG_006,25
GATGCCAGTGACATCAAATG_007,194
GATGCCAGTGACATCAAATG_008,36
GATGCCAGTGACATCAAATG_009,119
GATGCCAGTGACATCAAATG_010,162
GATGCCAGTGACATCAAATG_011,172
GATGCCAGTGACATCAAATG_012,42
GATGCCAGTGACATCAAATG_013,160
CAGCAGAGGAGATCCCGTCG_001,96
CAGCAGAGGAGATCCCGTCG_002,116
CAGCAGAGGAGATCCCGTCG_003,107
GCTTCTCGAAGTGCTCCCGG_001,85
GCTTCTCGAAGTGCTCCCGG_002,149
GCTTCTCGAAGTGCTCCCGG_003,150
GCTTCTCGAAGTGCTCCCGG_004,76
GCTTCTCGAAGTGCTCCCGG_005,160
GCTTCTCGAAGTGCTCCCGG_006,26
GCTTCTCGAAGTGCTCCCGG_007,6
GCTTCTCGAAGTGCTCCCGG_008,2
GCTTCTCGAAGTGCTCCCGG_009,181
GCTTCTCGAAGTGCTCCCGG_010,50
GCTTCTCGAAGTGCTCCCGG_011,106
CAGCCGGGTGATCCCTCCAG_001,144
CAGCCGGGTGATCCCTCCAG_002,130
CAGCCGGGTGATCCCTCCAG_003,2
CAGCCGGGTGATCCCTCCAG_004,121
CAGCCGGGTGATCCCTCCAG_005,59
CAGCCGGGTGATCCCTCCAG_006,13
CAGCCGGGTGATCCCTCCAG_007,99
GAAGTATGCCTAACCTAGCC_001,68
GATGTCTGGATTGTAATTGG_001,137
GATGTCTGGATTGTAATTGG_002,45
GATGTCTGGATTGTAATTGG_003,0
TAGATGCCTCAATTGAACAA_001,151
TAGATGCCTCAATTGAACAA_002,32
TAGATGCCTCAATTGAACAA_003,179
TAGATGCCTCAATTGAACAA_004,102
TAGATGCCTCAATTGAACAA_005,82
TAGATGCCTCAATTGAACAA_006,146
TAGATGCCTCAATTGAACAA_007,139
TAGATGCCTCAATTGAACAA_008,150
TAGATGCCTCAATTGAACAA_009,142
ATGAGATTATGCTGTATCAC_001,127
ATGAGATTATGCTGTATCAC_002,69
ATGAGATTATGCTGTATCAC_003,67
GGACGAGCGCGAGTCCCGCG_001,172
GGACGAGCGCGAGTCCCGCG_002,15
GGACGAGCGCGAGTCCCGCG_003,192
ATTCGGCGTCTAGCTCGGCG_001,26
ATTCGGCGTCTAGCTCGGCG_002,64
ATTCGGCGTCTAGCTCGGCG_003,170
ATTCGGCGTCTAGCTCGGCG_004,184
ATTCGGCGTCTAGCTCGGCG_005,184
ATTCGGCGTCTAGCTCGGCG_006,184
ATTCGGCGTCTAGCTCGGCG_007,20
ATTCGGCGTCTAGCTCGGCG_008,16
ATTCGGCGTCTAGCTCGGCG_009,74
ATTCGGCGTCTAGCTCGGCG_010,45
ATTCGGCGTCTAGCTCGGCG_011,14
ATTCGGCGTCTAGCTCGGCG_012,34
ATTCGGCGTCTAGCTCGGCG_013,116
ATTCGGCGTCTAGCTCGGCG_014,10
ATTCGGCGTCTAGCTCGGCG_015,65
ATTCGGCGTCTAGCTCGGCG_016,21
ATTCGGCGTCTAGCTCGGCG_017,35
CACAGCCGCCGCCTACAAGG_001,56
CACAGCCGCCGCCTACAAGG_002,22
CACAGCCGCCGCCTACAAGG_003,149
CACAGCCGCCGCCTACAAGG_004,119
CACAGCCGCCGCCTACAAGG_005,50
CACAGCCGCCGCCTACAAGG_006,57
CACAGCCGCCGCCTACAAGG_007,144
CACAGCCGCCGCCTACAAGG_008,1
CACAGCCGCCGCCTACAAGG_009,48
CACAGCCGCCGCCTACAAGG_010,84
CACAGCCGCCGCCTACAAGG_011,172
CACAGCCGCCGCCTACAAGG_012,159
CACAGCCGCCGCCTACAAGG_013,27
CACAGCCGCCGCCTACAAGG_014,96
CACAGCCGCCGCCTACAAGG_015,15
CACAGCCGCCGCCTACAAGG_016,60
GGCCGGTACCTGGTCATAAG_001,84
GGCCGGTACCTGGTCATAAG_002,48
GGCCGGTACCTGGTCATAAG_003,41
GGCCGGTACCTGGTCATAAG_004,52
GACGGTGTGATAATTCAGTT_001,53
GACGGTGTGATAATTCAGTT_002,61
TCTTGATGCCAAGCTCACGA_001,103
TCTTGATGCCAAGCTCACGA_002,48
TCTTGATGCCAAGCTCACGA_003,183
TCTTGATGCCAAGCTCACGA_004,148
TCTTGATGCCAAGCTCACGA_005,108
TCTTGATGCCAAGCTCACGA_006,63
TCTTGATGCCAAGCTCACGA_007,78
TCTTGATGCCAAGCTCACGA_008,28
TCTTGATGCCAAGCTCACGA_009,28
CTGACAGTAATGGATCTCAT_001,132
CTGACAGTAATGGATCTCAT_002,8
CTGACAGTAATGGATCTCAT_003,146
CTGACAGTAATGGATCTCAT_004,116
CTGACAGTAATGGATCTCAT_005,81
CTGACAGTAATGGATCTCAT_006,138
CTGACAGTAATGGATCTCAT_007,94
CTGACAGTAATGGATCTCAT_008,84
CTGACAGTAATGGATCTCAT_009,128
CTGACAGTAATGGATCTCAT_010,6
CTGACAGTAATGGATCTCAT_011,29
CTGACAGTAATGGATCTCAT_012,116
CTGACAGTAATGGATCTCAT_013,191
CTGACAGTAATGGATCTCAT_014,169
CTGACAGTAATGGATCTCAT_015,10
CTGACAGTAATGGATCTCAT_016,153
TGGTACAGACCCCATAACAC_001,32
TGGTACAGACCCCATAACAC_002,20
TGGTACAGACCCCATAACAC_003,87
AATGTGTAGGTACTACAGTG_001,160
AATGTGTAGGTACTACAGTG_002,94
AATGTGTAGGTACTACAGTG_003,9
AATGTGTAGGTACTACAGTG_004,183
AATGTGTAGGTACTACAGTG_005,20
AATGTGTAGGTACTACAGTG_006,194
AATGTGTAGGTACTACAGTG_007,155
AATGTGTAGGTACTACAGTG_008,176
AATGTGTAGGTACTACAGTG_009,33
AATGTGTAGGTACTACAGTG_010,127
AATGTGTAGGTACTACAGTG_011,69
AATGTGTAGGTACTACAGTG_012,145
AATGTGTAGGTACTACAGTG_013,120
AATGTGTAGGTACTACAGTG_014,157
AATGTGTAGGTACTACAGTG_015,182
AATGTGTAGGTACTACAGTG_016,113
AATGTGTAGGTACTACAGTG_017,19
AATGTGTAGGTACTACAGTG_018,105
CTGGCAAGTTGCCCCGAAGT_001,59
CTGGCAAGTTGCCCCGAAGT_002,60
CTGGCAAGTTGCCCCGAAGT_003,125
CTGGCAAGTTGCCCCGAAGT_004,56
CTGGCAAGTTGCCCCGAAGT_005,50
CTGGCAAGTTGCCCCGAAGT_006,30
CTGGCAAGTTGCCCCGAAGT_007,177
TGGCGGCAGCCAGTACCGAG_001,102
TGGCGGCAGCCAGTACCGAG_002,144
TGGCGGCAGCCAGTACCGAG_003,54
TGGCGGCAGCCAGTACCGAG_004,169
TGGCGGCAGCCAGTACCGAG_005,42
TGGCGGCAGCCAGTACCGAG_006,178
TGGCGGCAGCCAGTACCGAG_007,197
TGGCGGCAGCCAGTACCGAG_008,31
TGGCGGCAGCCAGTACCGAG_009,5
TGGCGGCAGCCAGTACCGAG_010,48
TGGCGGCAGCCAGTACCGAG_011,48
TGGCGGCAGCCAGTACCGAG_012,0
TGGCGGCAGCCAGTACCGAG_013,108
TGGCGGCAGCCAGTACCGAG_014,191
TGGCGGCAGCCAGTACCGAG_015,25
TGGCGGCAGCCAGTACCGAG_016,117
TGGCGGCAGCCAGTACCGAG_017,0
TGGCGGCAGCCAGTACCGAG_018,26
GAGTAGATCGCTGAAGAACT_001,23
GAGTAGATCGCTGAAGAACT_002,178
GAGTAGATCGCTGAAGAACT_003,6
GAGTAGATCGCTGAAGAACT_004,50
GAGTAGATCGCTGAAGAACT_005,198
GAGTAGATCGCTGAAGAACT_006,12
GACTGTAAGATCATTCACAA_001,161
GACTGTAAGATCATTCACAA_002,91
GACTGTAAGATCATTCACAA_003,176
GACTGTAAGATCATTCACAA_004,193
GACTGTAAGATCATTCACAA_005,29
GACTGTAAGATCATTCACAA_006,29
GACTGTAAGATCATTCACAA_007,27
GACTGTAAGATCATTCACAA_008,115
GACTGTAAGATCATTCACAA_009,26
GACTGTAAGATCATTCACAA_010,1
GACTGTAAGATCATTCACAA_011,3
TACTGGTATAAGGTACACCT_001,158
TACTGGTATAAGGTACACCT_002,166
GCAGAACTCACATCCATCCG_001,34
GCAGAACTCACATCCATCCG_002,47
GCAGAACTCACATCCATCCG_003,95
GCAGAACTCACATCCATCCG_004,50
AAAATGGCTGTAGTTAACTG_001,160
AAAATGGCTGTAGTTAACTG_002,113
AAAATGGCTGTAGTTAACTG_003,116
AAAATGGCTGTAGTTAACTG_004,100
AAAATGGCTGTAGTTAACTG_005,188
AAAATGGCTGTAGTTAACTG_006,71
AAAATGGCTGTAGTTAACTG_007,15
CCTCACACCTTACTACACAC_001,8
CCTCACACCTTACTACACAC_002,29
GGAGTCCGGCCCGCGAAGAG_001,48
GGAGTCCGGCCCGCGAAGAG_002,112
GGAGTCCGGCCCGCGAAGAG_003,22
GGAGTCCGGCCCGCGAAGAG_004,148
GGAGTCCGGCCCGCGAAGAG_005,25
GGAGTCCGGCCCGCGAAGAG_006,21
GGAGTCCGGCCCGCGAAGAG_007,159
GGAGTCCGGCCCGCGAAGAG_008,88
GGAGTCCGGCCCGCGAAGAG_009,169
GGAGTCCGGCCCGCGAAGAG_010,25
GGAGTCCGGCCCGCGAAGAG_011,11
GGAGTCCGGCCCGCGAAGAG_012,163
ACGAAGACATAGTAGCAGAG_001,28
ACGAAGACATAGTAGCAGAG_002,96
ACGAAGACATAGTAGCAGAG_003,77
ACGAAGACATAGTAGCAGAG_004,119
ACGAAGACATAGTAGCAGAG_005,178
ACGAAGACATAGTAGCAGAG_006,12
ACGAAGACATAGTAGCAGAG_007,130
ACGAAGACATAGTAGCAGAG_008,140
ACGAAGACATAGTAGCAGAG_009,159
ACGAAGACATAGTAGCAGAG_010,95
GGATGCACAGGAACAAACGA_001,44
GGATGCACAGGAACAAACGA_002,105
GGATGCACAGGAACAAACGA_003,166
GGATGCACAGGAACAAACGA_004,94
GGATGCACAGGAACAAACGA_005,19
GGATGCACAGGAACAAACGA_006,18
GGATGCACAGGAACAAACGA_007,82
GGATGCACAGGAACAAACGA_008,141
GGATGCACAGGAACAAACGA_009,189
GGATGCACAGGAACAAACGA_010,149
GGATGCACAGGAACAAACGA_011,175
GGATGCACAGGAACAAACGA_012,56
GGATGCACAGGAACAAACGA_013,199
GGATGCACAGGAACAAACGA_014,12
GGATGCACAGGAACAAACGA_015,103
GGATGCACAGGAACAAACGA_016,60
GACAGAGGTCGACCCCGACG_001,168
GACAGAGGTCGACCCCGACG_002,104
GACAGAGGTCGACCCCGACG_003,57
GACAGAGGTCGACCCCGACG_004,41
GACAGAGGTCGACCCCGACG_005,140
GACAGAGGTCGACCCCGACG_006,56
GACAGAGGTCGACCCCGACG_007,180
GACAGAGGTCGACCCCGACG_008,39
GACAGAGGTCGACCCCGACG_009,58
GACAGAGGTCGACCCCGACG_010,62
GACAGAGGTCGACCCCGACG_011,130
GTCTTCAAGAGAAAGCAGCG_001,80
GTCTTCAAGAGAAAGCAGCG_002,80
GTCTTCAAGAGAAAGCAGCG_003,197
GTCTTCAAGAGAAAGCAGCG_004,76
GTCTTCAAGAGAAAGCAGCG_005,146
GTCTTCAAGAGAAAGCAGCG_006,187
GTCTTCAAGAGAAAGCAGCG_007,91
GTCTTCAAGAGAAAGCAGCG_008,38
GTCTTCAAGAGAAAGCAGCG_009,150
GATCCTTCCAGGATTACACT_001,117
GATCCTTCCAGGATTACACT_002,32
GATCCTTCCAGGATTACACT_003,56
GATCCTTCCAGGATTACACT_004,140
GATCCTTCCAGGATTACACT_005,67
GATCCTTCCAGGATTACACT_006,47
GATCCTTCCAGGATTACACT_007,32
GATCCTTCCAGGATTACACT_008,44
GATCCTTCCAGGATTACACT_009,163
GATCCTTCCAGGATTACACT_010,165
GATCCTTCCAGGATTACACT_011,147
GATCCTTCCAGGATTACACT_012,1
GATCCTTCCAGGATTACACT_013,3
GATCCTTCCAGGATTACACT_014,108
TCGAAAGAGAACATGACCTA_001,102
TCGAAAGAGAACATGACCTA_002,29
TCGAAAGAGAACATGACCTA_003,49
CTGTATCATATCCAACACCA_001,162
CTGTATCATATCCAACACCA_002,163
CGAACACAGTACCTTGGGTG_001,140
CGAACACAGTACCTTGGGTG_002,98
CGAACACAGTACCTTGGGTG_003,13
CGAACACAGTACCTTGGGTG_004,150
CGAACACAGTACCTTGGGTG_005,116
CGAACACAGTACCTTGGGTG_006,77
GAGCTGCAGGTGTGACTGAT_001,27
GAGCTGCAGGTGTGACTGAT_002,127
GAGCTGCAGGTGTGACTGAT_003,123
GAGCTGCAGGTGTGACTGAT_004,52
GAGCTGCAGGTGTGACTGAT_005,43
GAGCTGCAGGTGTGACTGAT_006,98
GAGCTGCAGGTGTGACTGAT_007,95
GAGCTGCAGGTGTGACTGAT_008,20
GAGCTGCAGGTGTGACTGAT_009,187
GAGCTGCAGGTGTGACTGAT_010,9
GAGCTGCAGGTGTGACTGAT_011,2
GAGCTGCAGGTGTGACTGAT_012,58
GAGCTGCAGGTGTGACTGAT_013,157
GAGCTGCAGGTGTGACTGAT_014,110
GAGCTGCAGGTGTGACTGAT_015,127
GAGCTGCAGGTGTGACTGAT_016,71
GAGCTGCAGGTGTGACTGAT_017,115
GAGCTGCAGGTGTGACTGAT_018,103
GAGCTGCAGGTGTGACTGAT_019,77
GAGCTGCAGGTGTGACTGAT_020,90
CAGATCGAGTTCAAATGCTG_001,150
CAGATCGAGTTCAAATGCTG_002,94
CAGATCGAGTTCAAATGCTG_003,149
CAGATCGAGTTCAAATGCTG_004,24
CAGATCGAGTTCAAATGCTG_005,76
CAGATCGAGTTCAAATGCTG_006,177
CAGATCGAGTTCAAATGCTG_007,110
CAGATCGAGTTCAAATGCTG_008,142
CAGATCGAGTTCAAATGCTG_009,130
CAGATCGAGTTCAAATGCTG_010,67
CAGTATGTCTCCAACGACAG_001,31
CAGTATGTCTCCAACGACAG_002,51
CAGTATGTCTCCAACGACAG_003,1
CAGTATGTCTCCAACGACAG_004,48
CAGTATGTCTCCAACGACAG_005,69
CAGTATGTCTCCAACGACAG_006,175
CAGTATGTCTCCAACGACAG_007,50
CAGTATGTCTCCAACGACAG_008,118
CAGTATGTCTCCAACGACAG_009,94
TCGCGGCCAAAGAACTGAGT_001,112
TCGCGGCCAAAGAACTGAGT_002,147
TCGCGGCCAAAGAACTGAGT_003,52
TCGCGGCCAAAGAACTGAGT_004,144
AAAATCGCAAATGCCCATCG_001,121
AAAATCGCAAATGCCCATCG_002,96
AAAATCGCAAATGCCCATCG_003,187
AAAATCGCAAATGCCCATCG_004,93
AAAATCGCAAATGCCCATCG_005,57
GTACCATACTCGGAATTGGG_001,74
GTACCATACTCGGAATTGGG_002,61
GTACCATACTCGGAATTGGG_003,99
GTACCATACTCGGAATTGGG_004,35
GTACCATACTCGGAATTGGG_005,131
ACATTCGCTAAGCCATCGGA_001,115
ACATTCGCTAAGCCATCGGA_002,161
ACATTCGCTAAGCCATCGGA_003,36
ACATTCGCTAAGCCATCGGA_004,159
ACATTCGCTAAGCCATCGGA_005,33
ACATTCGCTAAGCCATCGGA_006,0
ACATTCGCTAAGCCATCGGA_007,170
ACATTCGCTAAGCCATCGGA_008,107
ACATTCGCTAAGCCATCGGA_009,93
ACATTCGCTAAGCCATCGGA_010,60
ACATTCGCTAAGCCATCGGA_011,108
ACATTCGCTAAGCCATCGGA_012,113
ACATTCGCTAAGCCATCGGA_013,22
ACATTCGCTAAGCCATCGGA_014,178
ACATTCGCTAAGCCATCGGA_015,6
ACATTCGCTAAGCCATCGGA_016,23
ACATTCGCTAAGCCATCGGA_017,37
TGAAGGAAGGGATCACCCTG_001,56
TGAAGGAAGGGATCACCCTG_002,173
TGAAGGAAGGGATCACCCTG_003,48
TGAAGGAAGGGATCACCCTG_004,99
TGAAGGAAGGGATCACCCTG_005,166
TGAAGGAAGGGATCACCCTG_006,31
TGAAGGAAGGGATCACCCTG_007,162
TGAAGGAAGGGATCACCCTG_008,41
TGAAGGAAGGGATCACCCTG_009,111
TGAAGGAAGGGATCACCCTG_010,91
GACTGCATAAGGGATTACTG_001,158
GACTGCATAAGGGATTACTG_002,150
GACTGCATAAGGGATTACTG_003,0
GACTGCATAAGGGATTACTG_004,81
GACTGCATAAGGGATTACTG_005,3
GACTGCATAAGGGATTACTG_006,6
GACTGCATAAGGGATTACTG_007,113
GACTGCATAAGGGATTACTG_008,107
GACTGCATAAGGGATTACTG_009,92
GACTGCATAAGGGATTACTG_010,42
GACTGCATAAGGGATTACTG_011,155
GACTGCATAAGGGATTACTG_012,113
GACTGCATAAGGGATTACTG_013,131
GACTGCATAAGGGATTACTG_014,123
GACTGCATAAGGGATTACTG_015,71
GACTGCATAAGGGATTACTG_016,117
GACTGCATAAGGGATTACTG_017,160
GACTGCATAAGGGATTACTG_018,76
GACTGCATAAGGGATTACTG_019,70
GACTGCATAAGGGATTACTG_020,127
GACTGCATAAGGGATTACTG_021,113
GACTGCATAAGGGATTACTG_022,125
GACTGCATAAGGGATTACTG_023,31
GACTGCATAAGGGATTACTG_024,127
GACTGCATAAGGGATTACTG_025,188
GACTGCATAAGGGATTACTG_026,43
GACTGCATAAGGGATTACTG_027,106
GACTGCATAAGGGATTACTG_028,198
AGTGTGCTTTGGTCGTCGTG_001,81
AGTGTGCTTTGGTCGTCGTG_002,144
AGTGTGCTTTGGTCGTCGTG_003,176
AGTGTGCTTTGGTCGTCGTG_004,23
AGTGTGCTTTGGTCGTCGTG_005,191
AGTGTGCTTTGGTCGTCGTG_006,149
AGTGTGCTTTGGTCGTCGTG_007,27
AGTGTGCTTTGGTCGTCGTG_008,77
AGTGTGCTTTGGTCGTCGTG_009,130
AGTGTGCTTTGGTCGTCGTG_010,48
AGTGTGCTTTGGTCGTCGTG_011,98
AGTGTGCTTTGGTCGTCGTG_012,72
AGTGTGCTTTGGTCGTCGTG_013,5
AGTGTGCTTTGGTCGTCGTG_014,69
AGTGTGCTTTGGTCGTCGTG_015,19
AGTGTGCTTTGGTCGTCGTG_016,146
CCTGTGGCCGCATCACGAAG_001,24
CCTGTGGCCGCATCACGAAG_002,100
TAAGGACACCAATATTGCCT_001,183
TAAGGACACCAATATTGCCT_002,34
TAAGGACACCAATATTGCCT_003,176
TAAGGACACCAATATTGCCT_004,170
TAAGGACACCAATATTGCCT_005,199
TAAGGACACCAATATTGCCT_006,29
TAAGGACACCAATATTGCCT_007,9
AAATCGGGGGGCAACGACTG_001,60
AAATCGGGGGGCAACGACTG_002,17
AAATCGGGGGGCAACGACTG_003,77
AAATCGGGGGGCAACGACTG_004,61
AAATCGGGGGGCAACGACTG_005,70
AAATCGGGGGGCAACGACTG_006,123
AAATCGGGGGGCAACGACTG_007,20
AAATCGGGGGGCAACGACTG_008,148
AAATCGGGGGGCAACGACTG_009,101
AAATCGGGGGGCAACGACTG_010,108
AAATCGGGGGGCAACGACTG_011,44
AAATCGGGGGGCAACGACTG_012,5
AAATCGGGGGGCAACGACTG_013,170
AAATCGGGGGGCAACGACTG_014,117
AAATCGGGGGGCAACGACTG_015,187
AAATCGGGGGGCAACGACTG_016,111
AAATCGGGGGGCAACGACTG_017,199
AAATCGGGGGGCAACGACTG_018,127
AAATCGGGGGGCAACGACTG_019,94
AAATCGGGGGGCAACGACTG_020,84
AAATCGGGGGGCAACGACTG_021,91
AAATCGGGGGGCAACGACTG_022,105
AAATCGGGGGGCAACGACTG_023,111
AAATCGGGGGGCAACGACTG_024,185
AAATCGGGGGGCAACGACTG_025,169
AAATCGGGGGGCAACGACTG_026,94
AAATCGGGGGGCAACGACTG_027,185
AAATCGGGGGGCAACGACTG_028,120
AAATCGGGGGGCAACGACTG_029,0
AAATCGGGGGGCAACGACTG_030,129
AAATCGGGGGGCAACGACTG_031,49
AAATCGGGGGGCAACGACTG_032,19
AAATCGGGGGGCAACGACTG_033,186
AAATCGGGGGGCAACGACTG_034,94
AAATCGGGGGGCAACGACTG_035,94
AAATCGGGGGGCAACGACTG_036,17
AAATCGGGGGGCAACGACTG_037,36
AAATCGGGGGGCAACGACTG_038,108
ATTCTGAAAGTGAATACAGT_001,19
ATTCTGAAAGTGAATACAGT_002,29
ATTCTGAAAGTGAATACAGT_003,187
ATTCTGAAAGTGAATACAGT_004,176
ATTCTGAAAGTGAATACAGT_005,29
ATTCTGAAAGTGAATACAGT_006,149
ATTCTGAAAGTGAATACAGT_007,169
ATTCTGAAAGTGAATACAGT_008,147
ATTCTGAAAGTGAATACAGT_009,115
ATTCTGAAAGTGAATACAGT_010,68
GTAAGACAGAAACCTTCTGA_001,22
GTAAGACAGAAACCTTCTGA_002,168
GTAAGACAGAAACCTTCTGA_003,31
GTAAGACAGAAACCTTCTGA_004,53
GTAAGACAGAAACCTTCTGA_005,40
ATGTACGAGGTCATCGACCA_001,48
ATGTACGAGGTCATCGACCA_002,149
ATGTACGAGGTCATCGACCA_003,141
ATGTACGAGGTCATCGACCA_004,29
ATGTACGAGGTCATCGACCA_005,21
ATGTACGAGGTCATCGACCA_006,83
ATGTACGAGGTCATCGACCA_007,146
ATGTACGAGGTCATCGACCA_008,146
ATGTACGAGGTCATCGACCA_009,146
ATGTACGAGGTCATCGACCA_010,92
GGCACTCACAGTAGACGCTA_001,61
GGCACTCACAGTAGACGCTA_002,48
GGCACTCACAGTAGACGCTA_003,153
GGCACTCACAGTAGACGCTA_004,59
GGCACTCACAGTAGACGCTA_005,40
GGCACTCACAGTAGACGCTA_006,26
GGCACTCACAGTAGACGCTA_007,105
GGCACTCACAGTAGACGCTA_008,181
GGCACTCACAGTAGACGCTA_009,102
GGCACTCACAGTAGACGCTA_010,13
GGCACTCACAGTAGACGCTA_011,67
GGCACTCACAGTAGACGCTA_012,82
GGCACTCACAGTAGACGCTA_013,52
GGCACTCACAGTAGACGCTA_014,158
GGCACTCACAGTAGACGCTA_015,83
GGCACTCACAGTAGACGCTA_016,72
GGCACTCACAGTAGACGCTA_017,113
GGCACTCACAGTAGACGCTA_018,76
GGCACTCACAGTAGACGCTA_019,171
GGCACTCACAGTAGACGCTA_020,191
GGCACTCACAGTAGACGCTA_021,65
GGCACTCACAGTAGACGCTA_022,150
GGCACTCACAGTAGACGCTA_023,128
GGCACTCACAGTAGACGCTA_024,73
GGCACTCACAGTAGACGCTA_025,86
GGCACTCACAGTAGACGCTA_026,86
GGCACTCACAGTAGACGCTA_027,30
GGCACTCACAGTAGACGCTA_028,61
TGAAGACGTTGCCATGCTGG_001,62
TGAAGACGTTGCCATGCTGG_002,54
TGAAGACGTTGCCATGCTGG_003,188
TGAAGACGTTGCCATGCTGG_004,63
AAGTCTTCGATTACTGCCAG_001,115
AAGTCTTCGATTACTGCCAG_002,60
AAGTCTTCGATTACTGCCAG_003,33
AAGTCTTCGATTACTGCCAG_004,125
AAGTCTTCGATTACTGCCAG_005,33
AAGTCTTCGATTACTGCCAG_006,121
AAGTCTTCGATTACTGCCAG_007,152
AAGTCTTCGATTACTGCCAG_008,141
AAGTCTTCGATTACTGCCAG_009,145
AAGTCTTCGATTACTGCCAG_010,58
AAGTCTTCGATTACTGCCAG_011,105
AGAGTCTTAAAACCCCCCGG_001,127
AGAGTCTTAAAACCCCCCGG_002,115
AGAGTCTTAAAACCCCCCGG_003,75
AGAGTCTTAAAACCCCCCGG_004,161
AGAGTCTTAAAACCCCCCGG_005,177
AGAGTCTTAAAACCCCCCGG_006,169
AGAGTCTTAAAACCCCCCGG_007,70
AGAGTCTTAAAACCCCCCGG_008,20
AGAGTCTTAAAACCCCCCGG_009,92
GGAGGCTTCTTAGATTTGGG_001,51
GACCAACTCGAGACAAAACA_001,76
GACCAACTCGAGACAAAACA_002,21
GACCAACTCGAGACAAAACA_003,57
GACCAACTCGAGACAAAACA_004,123
GACCAACTCGAGACAAAACA_005,115
GACCAACTCGAGACAAAACA_006,178
GACCAACTCGAGACAAAACA_007,106
GCTGCCGTCAGTTGTCAGCG_001,28
GCTGCCGTCAGTTGTCAGCG_002,82
GCTGCCGTCAGTTGTCAGCG_003,178
GCTGCCGTCAGTTGTCAGCG_004,161
GCTGCCGTCAGTTGTCAGCG_005,31
GCTGCCGTCAGTTGTCAGCG_006,12
GCTGCCGTCAGTTGTCAGCG_007,9
GCTGCCGTCAGTTGTCAGCG_008,120
GCTGCCGTCAGTTGTCAGCG_009,147
GCTGCCGTCAGTTGTCAGCG_010,82
GCTGCCGTCAGTTGTCAGCG_011,101
GCTGCCGTCAGTTGTCAGCG_012,177
GCTGCCGTCAGTTGTCAGCG_013,66
GCTGCCGTCAGTTGTCAGCG_014,190
GCTGCCGTCAGTTGTCAGCG_015,11
GCTGCCGTCAGTTGTCAGCG_016,70
GCTGCCGTCAGTTGTCAGCG_017,135
GCTGCCGTCAGTTGTCAGCG_018,161
GCTGCCGTCAGTTGTCAGCG_019,69
GCTGCCGTCAGTTGTCAGCG_020,110
GCTGCCGTCAGTTGTCAGCG_021,80
GCTGCCGTCAGTTGTCAGCG_022,88
GCTGCCGTCAGTTGTCAGCG_023,84
GCTGCCGTCAGTTGTCAGCG_024,197
GCTGCCGTCAGTTGTCAGCG_025,152
CAATGATGTGTTGCACAATG_001,83
CAATGATGTGTTGCACAATG_002,183
CAATGATGTGTTGCACAATG_003,166
CGGCGCACCCACCTGACGAG_001,117
CGGCGCACCCACCTGACGAG_002,107
CGGCGCACCCACCTGACGAG_003,127
CGGCGCACCCACCTGACGAG_004,50
CGGCGCACCCACCTGACGAG_005,108
CGGCGCACCCACCTGACGAG_006,104
CGGCGCACCCACCTGACGAG_007,192
GCGCTGGCGTTGGATGATGT_001,83
GCGCTGGCGTTGGATGATGT_002,75
GCGCTGGCGTTGGATGATGT_003,26
GCGCTGGCGTTGGATGATGT_004,149
GCGCTGGCGTTGGATGATGT_005,159
GCGCTGGCGTTGGATGATGT_006,148
GCGCTGGCGTTGGATGATGT_007,138
GCGCTGGCGTTGGATGATGT_008,17
GCGCTGGCGTTGGATGATGT_009,166
GCGCTGGCGTTGGATGATGT_010,40
GCGCTGGCGTTGGATGATGT_011,165
GCGCTGGCGTTGGATGATGT_012,138
ATGACGTTAGCATCATAGGA_001,55
ATGACGTTAGCATCATAGGA_002,4
ATGACGTTAGCATCATAGGA_003,169
CCCTGCCCACAGCTTCACGC_001,94
CCCTGCCCACAGCTTCACGC_002,19
CCCTGCCCACAGCTTCACGC_003,10
CCCTGCCCACAGCTTCACGC_004,9
CCCTGCCCACAGCTTCACGC_005,179
CCCTGCCCACAGCTTCACGC_006,177
CCCTGCCCACAGCTTCACGC_007,136
CCCTGCCCACAGCTTCACGC_008,74
CCCTGCCCACAGCTTCACGC_009,6
CCCTGCCCACAGCTTCACGC_010,36
CACACTCACTTTCCCCACTG_001,181
CACACTCACTTTCCCCACTG_002,119
CACACTCACTTTCCCCACTG_003,72
CACACTCACTTTCCCCACTG_004,162
CACACTCACTTTCCCCACTG_005,98
CACACTCACTTTCCCCACTG_006,172
CACACTCACTTTCCCCACTG_007,44
CACACTCACTTTCCCCACTG_008,11
CACACTCACTTTCCCCACTG_009,8
CACACTCACTTTCCCCACTG_010,127
CACACTCACTTTCCCCACTG_011,1
CACACTCACTTTCCCCACTG_012,63
CACACTCACTTTCCCCACTG_013,116
GAAGACAACTCGATCATCAG_001,13
GAAGACAACTCGATCATCAG_002,33
GAAGACAACTCGATCATCAG_003,50
GAAGACAACTCGATCATCAG_004,175
TGATGAGAAGACACAAGCGG_001,107
TGATGAGAAGACACAAGCGG_002,58
TGATGAGAAGACACAAGCGG_003,176
TGATGAGAAGACACAAGCGG_004,70
TGATGAGAAGACACAAGCGG_005,155
TGATGAGAAGACACAAGCGG_006,37
TGATGAGAAGACACAAGCGG_007,113
TGATGAGAAGACACAAGCGG_008,3
TGATGAGAAGACACAAGCGG_009,150
TGATGAGAAGACACAAGCGG_010,83
TGATGAGAAGACACAAGCGG_011,71
TGATGAGAAGACACAAGCGG_012,127
TGATGAGAAGACACAAGCGG_013,173
TGATGAGAAGACACAAGCGG_014,13
TGATGAGAAGACACAAGCGG_015,69
TGATGAGAAGACACAAGCGG_016,141
TGATGAGAAGACACAAGCGG_017,66
CTTCAGCGAGAACGCCGTCG_001,85
CTTCAGCGAGAACGCCGTCG_002,149
CTTCAGCGAGAACGCCGTCG_003,49
GCTATGAGACTGGCTCATAG_001,93
ATTTAGTAAGTCACCATGTG_001,9
ATTTAGTAAGTCACCATGTG_002,172
ATTTAGTAAGTCACCATGTG_003,102
ATTTAGTAAGTCACCATGTG_004,62
ATTTAGTAAGTCACCATGTG_005,62
ATTTAGTAAGTCACCATGTG_006,150
ATTTAGTAAGTCACCATGTG_007,45
ATTTAGTAAGTCACCATGTG_008,124
ATTTAGTAAGTCACCATGTG_009,184
ATTTAGTAAGTCACCATGTG_010,127
ATTTAGTAAGTCACCATGTG_011,19
ATTTAGTAAGTCACCATGTG_012,26
ATTTAGTAAGTCACCATGTG_013,148
ATTTAGTAAGTCACCATGTG_014,198
ATTTAGTAAGTCACCATGTG_015,162
ATTTAGTAAGTCACCATGTG_016,102
ATTTAGTAAGTCACCATGTG_017,12
ATTTAGTAAGTCACCATGTG_018,198
ATTTAGTAAGTCACCATGTG_019,77
ATTTAGTAAGTCACCATGTG_020,81
ATTTAGTAAGTCACCATGTG_021,81
ATTTAGTAAGTCACCATGTG_022,1
ATTTAGTAAGTCACCATGTG_023,105
CAAACTTGTAGGCCAAGCCG_001,60
CAAACTTGTAGGCCAAGCCG_002,54
CAAACTTGTAGGCCAAGCCG_003,54
CAAACTTGTAGGCCAAGCCG_004,166
CAAACTTGTAGGCCAAGCCG_005,11
CAAACTTGTAGGCCAAGCCG_006,60
CAAACTTGTAGGCCAAGCCG_007,51
CAAACTTGTAGGCCAAGCCG_008,9
CAAACTTGTAGGCCAAGCCG_009,88
CAAACTTGTAGGCCAAGCCG_010,69
CAAACTTGTAGGCCAAGCCG_011,192
CAAACTTGTAGGCCAAGCCG_012,83
CAAACTTGTAGGCCAAGCCG_013,53
CAAACTTGTAGGCCAAGCCG_014,184
CAAACTTGTAGGCCAAGCCG_015,113
CAAACTTGTAGGCCAAGCCG_016,25
CAAACTTGTAGGCCAAGCCG_017,7
CAAACTTGTAGGCCAAGCCG_018,188
CAAACTTGTAGGCCAAGCCG_019,145
CAAACTTGTAGGCCAAGCCG_020,115
AGTAATGGGAGCAAATCCAT_001,33
AGTAATGGGAGCAAATCCAT_002,190
AGTAATGGGAGCAAATCCAT_003,91
AGTAATGGGAGCAAATCCAT_004,145
AGTAATGGGAGCAAATCCAT_005,11
AGTAATGGGAGCAAATCCAT_006,150
AGTAATGGGAGCAAATCCAT_007,146
AGTAATGGGAGCAAATCCAT_008,145
AGTAATGGGAGCAAATCCAT_009,55
AGTAATGGGAGCAAATCCAT_010,63
AGTAATGGGAGCAAATCCAT_011,19
AGTAATGGGAGCAAATCCAT_012,87
AGTAATGGGAGCAAATCCAT_013,160
AGTAATGGGAGCAAATCCAT_014,19
AGTAATGGGAGCAAATCCAT_015,61
AGTAATGGGAGCAAATCCAT_016,124
AGTAATGGGAGCAAATCCAT_017,43
AGTAATGGGAGCAAATCCAT_018,49
CCGTCAGAGCTGATGTCCAA_001,41
CCGTCAGAGCTGATGTCCAA_002,17
CCGTCAGAGCTGATGTCCAA_003,184
CCGTCAGAGCTGATGTCCAA_004,19
CCGTCAGAGCTGATGTCCAA_005,130
CCGTCAGAGCTGATGTCCAA_006,5
CCGTCAGAGCTGATGTCCAA_007,89
CCGTCAGAGCTGATGTCCAA_008,127
CCGTCAGAGCTGATGTCCAA_009,11
CCGTCAGAGCTGATGTCCAA_010,33
CCGTCAGAGCTGATGTCCAA_011,169
CCGTCAGAGCTGATGTCCAA_012,104
CCGTCAGAGCTGATGTCCAA_013,150
CCGTCAGAGCTGATGTCCAA_014,158
CCGTCAGAGCTGATGTCCAA_015,5
CCGTCAGAGCTGATGTCCAA_016,198
CCGTCAGAGCTGATGTCCAA_017,70
CCGTCAGAGCTGATGTCCAA_018,105
CCGTCAGAGCTGATGTCCAA_019,111
CCGTCAGAGCTGATGTCCAA_020,168
GAAGACAGGAGCTCAATCAA_001,91
GAAGACAGGAGCTCAATCAA_002,150
GAAGACAGGAGCTCAATCAA_003,29
GAAGACAGGAGCTCAATCAA_004,166
GAAGACAGGAGCTCAATCAA_005,197
GAAGACAGGAGCTCAATCAA_006,149
GAAGACAGGAGCTCAATCAA_007,30
GAAGACAGGAGCTCAATCAA_008,16
GAAGACAGGAGCTCAATCAA_009,38
GAAGACAGGAGCTCAATCAA_010,41
GAAGACAGGAGCTCAATCAA_011,187
GAAGACAGGAGCTCAATCAA_012,127
GAAGACAGGAGCTCAATCAA_013,131
GAAGACAGGAGCTCAATCAA_014,138
GAAGACAGGAGCTCAATCAA_015,115
GAAGACAGGAGCTCAATCAA_016,156
GCGACACACGCCCATCGAGA_001,137
GCGACACACGCCCATCGAGA_002,82
ACAGTGTGTACCTTCCAGAA_001,154
ACAGTGTGTACCTTCCAGAA_002,78
ACAGTGTGTACCTTCCAGAA_003,178
ACAGTGTGTACCTTCCAGAA_004,178
ACAGTGTGTACCTTCCAGAA_005,194
ACAGTGTGTACCTTCCAGAA_006,2
ACAGTGTGTACCTTCCAGAA_007,194
ACAGTGTGTACCTTCCAGAA_008,152
ACAGTGTGTACCTTCCAGAA_009,44
ACAGTGTGTACCTTCCAGAA_010,148
ACAGTGTGTACCTTCCAGAA_011,157
ACAGTGTGTACCTTCCAGAA_012,98
ACAGTGTGTACCTTCCAGAA_013,67
ACAGTGTGTACCTTCCAGAA_014,47
ACAGTGTGTACCTTCCAGAA_015,49
ACAGTGTGTACCTTCCAGAA_016,30
GAGTCCAAGAATGGTGACCA_001,58
GAGTCCAAGAATGGTGACCA_002,160
GAGTCCAAGAATGGTGACCA_003,169
GAGTCCAAGAATGGTGACCA_004,168
GAGTCCAAGAATGGTGACCA_005,176
GAGTCCAAGAATGGTGACCA_006,127
GAGTCCAAGAATGGTGACCA_007,24
GAGTCCAAGAATGGTGACCA_008,169
GAGTCCAAGAATGGTGACCA_009,165
GAGTCCAAGAATGGTGACCA_010,139
GAGTCCAAGAATGGTGACCA_011,122
GAGTCCAAGAATGGTGACCA_012,189
GAGTCCAAGAATGGTGACCA_013,121
GAGTCCAAGAATGGTGACCA_014,40
GAGTCCAAGAATGGTGACCA_015,126
GAGTCCAAGAATGGTGACCA_016,28
GAGTCCAAGAATGGTGACCA_017,48
CAGAGTATCAGATCACAAGA_001,104
CAGAGTATCAGATCACAAGA_002,26
GGCCGCCGAGATGCTCAGCG_001,17
GGCCGCCGAGATGCTCAGCG_002,137
GGCCGCCGAGATGCTCAGCG_003,119
GGCCGCCGAGATGCTCAGCG_004,70
GGCCGCCGAGATGCTCAGCG_005,27
GGCCGCCGAGATGCTCAGCG_006,169
GGCCGCCGAGATGCTCAGCG_007,14
GGCCGCCGAGATGCTCAGCG_008,19
GGCCGCCGAGATGCTCAGCG_009,48
GGCCGCCGAGATGCTCAGCG_010,70
GGCCGCCGAGATGCTCAGCG_011,50
GGCCGCCGAGATGCTCAGCG_012,82
GGCCGCCGAGATGCTCAGCG_013,163
GGCCGCCGAGATGCTCAGCG_014,169
GGCCGCCGAGATGCTCAGCG_015,47
GGCCGCCGAGATGCTCAGCG_016,139
GGCCGCCGAGATGCTCAGCG_017,170
GGCCGCCGAGATGCTCAGCG_018,145
GGCCGCCGAGATGCTCAGCG_019,75
GGCCGCCGAGATGCTCAGCG_020,143
GGCCGCCGAGATGCTCAGCG_021,168
GGCCGCCGAGATGCTCAGCG_022,162
GGCCGCCGAGATGCTCAGCG_023,51
GGCCGCCGAGATGCTCAGCG_024,183
GGCCGCCGAGATGCTCAGCG_025,4
GGCCGCCGAGATGCTCAGCG_026,32
GGCCGCCGAGATGCTCAGCG_027,35
GGCCGCCGAGATGCTCAGCG_028,68
GGCCGCCGAGATGCTCAGCG_029,172
GGCCGCCGAGATGCTCAGCG_030,85
GGCCGCCGAGATGCTCAGCG_031,19
GGCCGCCGAGATGCTCAGCG_032,122
GGCCGCCGAGATGCTCAGCG_033,34
GGCCGCCGAGATGCTCAGCG_034,67
GGCCGCCGAGATGCTCAGCG_035,186
GGCCGCCGAGATGCTCAGCG_036,156
GGCCGCCGAGATGCTCAGCG_037,174
GGCCGCCGAGATGCTCAGCG_038,33
GGCCGCCGAGATGCTCAGCG_039,156
GGCCGCCGAGATGCTCAGCG_040,114
GGCCGCCGAGATGCTCAGCG_041,163
GGCCGCCGAGATGCTCAGCG_042,2
GGCCGCCGAGATGCTCAGCG_043,32
GGCCGCCGAGATGCTCAGCG_044,10
GGCCGCCGAGATGCTCAGCG_045,162
GGCCGCCGAGATGCTCAGCG_046,38
GGCCGCCGAGATGCTCAGCG_047,198
GGCCGCCGAGATGCTCAGCG_048,94
GGCCGCCGAGATGCTCAGCG_049,40
TGCATAATCTTCATTGACTG_001,21
TGCATAATCTTCATTGACTG_002,132
TGCATAATCTTCATTGACTG_003,41
TGCATAATCTTCATTGACTG_004,6
TGCATAATCTTCATTGACTG_005,173
TGCATAATCTTCATTGACTG_006,199
CAGAAGGGAACAATGTCGTG_001,17
CAGAAGGGAACAATGTCGTG_002,163
CAGAAGGGAACAATGTCGTG_003,162
CAGAAGGGAACAATGTCGTG_004,133
CAGAAGGGAACAATGTCGTG_005,49
CAGAAGGGAACAATGTCGTG_006,113
CAGAAGGGAACAATGTCGTG_007,11
CAGAAGGGAACAATGTCGTG_008,69
CAGAAGGGAACAATGTCGTG_009,198
CAGAAGGGAACAATGTCGTG_010,160
CAGAAGGGAACAATGTCGTG_011,144
GGAGGAACAAGGCGGCGATG_001,126
GGAGGAACAAGGCGGCGATG_002,47
GGAGGAACAAGGCGGCGATG_003,89
GGAGGAACAAGGCGGCGATG_004,83
GGAGGAACAAGGCGGCGATG_005,68
GGAGGAACAAGGCGGCGATG_006,35
GGAGGAACAAGGCGGCGATG_007,181
GGAGGAACAAGGCGGCGATG_008,197
GGAGGAACAAGGCGGCGATG_009,199
GGAGGAACAAGGCGGCGATG_010,115
TCCCGCTTCCCCCTCCAAAG_001,183
TCCCGCTTCCCCCTCCAAAG_002,116
TCCCGCTTCCCCCTCCAAAG_003,61
TCCCGCTTCCCCCTCCAAAG_004,29
TCCCGCTTCCCCCTCCAAAG_005,44
TCCCGCTTCCCCCTCCAAAG_006,88
TCCCGCTTCCCCCTCCAAAG_007,197
TCCCGCTTCCCCCTCCAAAG_008,169
TCCCGCTTCCCCCTCCAAAG_009,142
TCCCGCTTCCCCCTCCAAAG_010,24
TCCCGCTTCCCCCTCCAAAG_011,44
TCCCGCTTCCCCCTCCAAAG_012,162
TCCCGCTTCCCCCTCCAAAG_013,98
TCCCGCTTCCCCCTCCAAAG_014,149
TCCCGCTTCCCCCTCCAAAG_015,124
TCCCGCTTCCCCCTCCAAAG_016,27
ACATGTCACAAGAATCTCCG_001,24
ACATGTCACAAGAATCTCCG_002,122
ACATGTCACAAGAATCTCCG_003,150
ACATGTCACAAGAATCTCCG_004,105
ACATGTCACAAGAATCTCCG_005,175
ACATGTCACAAGAATCTCCG_006,9
ACATGTCACAAGAATCTCCG_007,180
ACATGTCACAAGAATCTCCG_008,68
ACATGTCACAAGAATCTCCG_009,189
TTATTGCCATAAACTCCATG_001,166
TTATTGCCATAAACTCCATG_002,115
TTATTGCCATAAACTCCATG_003,134
TTATTGCCATAAACTCCATG_004,118
TTATTGCCATAAACTCCATG_005,41
TTATTGCCATAAACTCCATG_006,24
TTATTGCCATAAACTCCATG_007,199
TTATTGCCATAAACTCCATG_008,105
TTATTGCCATAAACTCCATG_009,76
TTATTGCCATAAACTCCATG_010,152
TTATTGCCATAAACTCCATG_011,168
TTATTGCCATAAACTCCATG_012,111
TTATTGCCATAAACTCCATG_013,2
TTATTGCCATAAACTCCATG_014,28
TTATTGCCATAAACTCCATG_015,62
TTATTGCCATAAACTCCATG_016,142
TTATTGCCATAAACTCCATG_017,28
TCTACAATGTGACAACAGGT_001,161
TCTACAATGTGACAACAGGT_002,10
GTGTGATGGCATCCTAATGG_001,63
GTGTGATGGCATCCTAATGG_002,148
TGAATTCTATCGCAGTGGAG_001,162
TGAATTCTATCGCAGTGGAG_002,93
TGAATTCTATCGCAGTGGAG_003,6
AGCGTAAGGGCATCTCCCGG_001,41
AGCGTAAGGGCATCTCCCGG_002,27
AGCGTAAGGGCATCTCCCGG_003,134
AGCGTAAGGGCATCTCCCGG_004,147
AGCGTAAGGGCATCTCCCGG_005,111
AGCGTAAGGGCATCTCCCGG_006,131
GATAACCACCAACTCTCGGT_001,118
GATAACCACCAACTCTCGGT_002,178
GATAACCACCAACTCTCGGT_003,53
GATAACCACCAACTCTCGGT_004,159
GATAACCACCAACTCTCGGT_005,147
GATAACCACCAACTCTCGGT_006,169
ATATAGAAATCATCAAGATG_001,76
ATATAGAAATCATCAAGATG_002,60
TCAGAGTAACTCATTCTCGT_001,42
TTATGGCTACCTATTGGAAG_001,116
TTATGGCTACCTATTGGAAG_002,29
TTATGGCTACCTATTGGAAG_003,41
TTATGGCTACCTATTGGAAG_004,62
TTATGGCTACCTATTGGAAG_005,83
TTATGGCTACCTATTGGAAG_006,94
TTATGGCTACCTATTGGAAG_007,191
TTATGGCTACCTATTGGAAG_008,106
TTATGGCTACCTATTGGAAG_009,94
TTATGGCTACCTATTGGAAG_010,199
AAGCTCAACCGGTATTCCGA_001,9
AAGCTCAACCGGTATTCCGA_002,64
AAGCTCAACCGGTATTCCGA_003,160
AAGCTCAACCGGTATTCCGA_004,19
AAGCTCAACCGGTATTCCGA_005,40
AAGCTCAACCGGTATTCCGA_006,197
AAGCTCAACCGGTATTCCGA_007,106
AAGCTCAACCGGTATTCCGA_008,81
AAGCTCAACCGGTATTCCGA_009,113
AAGCTCAACCGGTATTCCGA_010,1
AAGCTCAACCGGTATTCCGA_011,109
AAGCTCAACCGGTATTCCGA_012,109
AAGCTCAACCGGTATTCCGA_013,178
AAGCTCAACCGGTATTCCGA_014,98
AAGCTCAACCGGTATTCCGA_015,28
AAGGCACAGTGGAAAGAACC_001,4
AAGGCACAGTGGAAAGAACC_002,107
AAGGCACAGTGGAAAGAACC_003,36
AAGGCACAGTGGAAAGAACC_004,68
AAGGCACAGTGGAAAGAACC_005,105
AAGGCACAGTGGAAAGAACC_006,112
AAGGCACAGTGGAAAGAACC_007,11
AAGGCACAGTGGAAAGAACC_008,48
CCTGGAACGTCCCCTATGGT_001,194
CCTGGAACGTCCCCTATGGT_002,5
CCTGGAACGTCCCCTATGGT_003,9
CCTGGAACGTCCCCTATGGT_004,175
CCTGGAACGTCCCCTATGGT_005,41
CCTGGAACGTCCCCTATGGT_006,60
CCTGGAACGTCCCCTATGGT_007,60
CCTGGAACGTCCCCTATGGT_008,196
TCTTAGCAAGAACGGAATGG_001,161
TCTTAGCAAGAACGGAATGG_002,11
TCTTAGCAAGAACGGAATGG_003,146
TCTTAGCAAGAACGGAATGG_004,119
TCTTAGCAAGAACGGAATGG_005,9
TCTTAGCAAGAACGGAATGG_006,40
TCTTAGCAAGAACGGAATGG_007,108
TCTTAGCAAGAACGGAATGG_008,3
TCTTAGCAAGAACGGAATGG_009,90
TCTTAGCAAGAACGGAATGG_010,160
GAGGCACTGTTCCATCGGGT_001,63
GAGGCACTGTTCCATCGGGT_002,46
GAGGCACTGTTCCATCGGGT_003,152
GAGGCACTGTTCCATCGGGT_004,166
GAGGCACTGTTCCATCGGGT_005,68
GTCCCAGATCAAGAACACAT_001,166
GTCCCAGATCAAGAACACAT_002,129
GTCCCAGATCAAGAACACAT_003,159
GTCCCAGATCAAGAACACAT_004,188
GTCCCAGATCAAGAACACAT_005,68
GTCCCAGATCAAGAACACAT_006,143
GTCCCAGATCAAGAACACAT_007,147
GTCCCAGATCAAGAACACAT_008,134
GAAGCTGATAGCCAGGAACA_001,29
GAAGCTGATAGCCAGGAACA_002,166
GAAGCTGATAGCCAGGAACA_003,42
GAAGCTGATAGCCAGGAACA_004,76
GAAGCTGATAGCCAGGAACA_005,20
GAAGCTGATAGCCAGGAACA_006,91
GAAGCTGATAGCCAGGAACA_007,170
GAAGCTGATAGCCAGGAACA_008,115
AACAAAAATCAACAAAAGAG_001,137
AACAAAAATCAACAAAAGAG_002,78
AACAAAAATCAACAAAAGAG_003,70
AACAAAAATCAACAAAAGAG_004,188
AACAAAAATCAACAAAAGAG_005,49
AACAAAAATCAACAAAAGAG_006,107
AACAAAAATCAACAAAAGAG_007,152
GTCTCCGAGAACGCCGCACG_001,98
GTCTCCGAGAACGCCGCACG_002,149
GTCTCCGAGAACGCCGCACG_003,2
GTCTCCGAGAACGCCGCACG_004,24
GTCTCCGAGAACGCCGCACG_005,150
GTCTCCGAGAACGCCGCACG_006,107
GTCTCCGAGAACGCCGCACG_007,158
GTCTCCGAGAACGCCGCACG_008,141
GTCTCCGAGAACGCCGCACG_009,184
GTCTCCGAGAACGCCGCACG_010,172
GTCTCCGAGAACGCCGCACG_011,16
GTCTCCGAGAACGCCGCACG_012,43
TGACCAACCGACTACTTCAG_001,119
TGACCAACCGACTACTTCAG_002,17
CCGTACCCCCAGTACTTCGG_001,170
CCGTACCCCCAGTACTTCGG_002,142
CCGTACCCCCAGTACTTCGG_003,156
CCGTACCCCCAGTACTTCGG_004,147
CCGTACCCCCAGTACTTCGG_005,40
CCGTACCCCCAGTACTTCGG_006,46
CCGTACCCCCAGTACTTCGG_007,89
CCGTACCCCCAGTACTTCGG_008,138
GATGACGCTTTCAGTGATGA_001,125
GATGACGCTTTCAGTGATGA_002,80
GATGACGCTTTCAGTGATGA_003,58
GATGACGCTTTCAGTGATGA_004,160
GATGACGCTTTCAGTGATGA_005,50
GATGACGCTTTCAGTGATGA_006,83
GATGACGCTTTCAGTGATGA_007,81
GATGACGCTTTCAGTGATGA_008,120
GATGACGCTTTCAGTGATGA_009,40
GATGACGCTTTCAGTGATGA_010,79
GATGACGCTTTCAGTGATGA_011,184
GATGACGCTTTCAGTGATGA_012,138
GGAATCTAAGATGTCTACCA_001,81
CGTGAGTCTCTACCTGAGCG_001,95
CGTGAGTCTCTACCTGAGCG_002,161
CGTGAGTCTCTACCTGAGCG_003,55
CGTGAGTCTCTACCTGAGCG_004,23
CGTGAGTCTCTACCTGAGCG_005,180
CGTGAGTCTCTACCTGAGCG_006,50
CTCATGCTGCTGTCGTACCG_001,114
CTCATGCTGCTGTCGTACCG_002,17
ACATCATAAAGGGAGATGAT_001,120
ACATCATAAAGGGAGATGAT_002,12
ACATCATAAAGGGAGATGAT_003,126
ACATCATAAAGGGAGATGAT_004,6
AAGCTCTGTCAGGTTAAGCG_001,149
AAGCTCTGTCAGGTTAAGCG_002,77
AAGCTCTGTCAGGTTAAGCG_003,40
AAGCTCTGTCAGGTTAAGCG_004,2
AAGCTCTGTCAGGTTAAGCG_005,178
AAGCTCTGTCAGGTTAAGCG_006,80
AAGCTCTGTCAGGTTAAGCG_007,76
AAGCTCTGTCAGGTTAAGCG_008,51
AAGCTCTGTCAGGTTAAGCG_009,138
AAGCTCTGTCAGGTTAAGCG_010,135
AAGCTCTGTCAGGTTAAGCG_011,56
AAGCTCTGTCAGGTTAAGCG_012,96
GAGAGTTCAGGATTCTCACC_001,98
GAGAGTTCAGGATTCTCACC_002,162
GAGAGTTCAGGATTCTCACC_003,178
GAGAGTTCAGGATTCTCACC_004,6
GAGAGTTCAGGATTCTCACC_005,178
AGTTATTCAAGTAGTACCTG_001,48
AGTTATTCAAGTAGTACCTG_002,197
CACGCAGCACGACCGCCGCG_001,77
CACGCAGCACGACCGCCGCG_002,41
CACGCAGCACGACCGCCGCG_003,193
CACGCAGCACGACCGCCGCG_004,146
CACGCAGCACGACCGCCGCG_005,62
CACGCAGCACGACCGCCGCG_006,186
CACGCAGCACGACCGCCGCG_007,48
CACGCAGCACGACCGCCGCG_008,31
CACGCAGCACGACCGCCGCG_009,114
CACGCAGCACGACCGCCGCG_010,181
CACGCAGCACGACCGCCGCG_011,171
CACGCAGCACGACCGCCGCG_012,147
CACGCAGCACGACCGCCGCG_013,177
CACGCAGCACGACCGCCGCG_014,69
CACGCAGCACGACCGCCGCG_015,129
CACGCAGCACGACCGCCGCG_016,2
CACGCAGCACGACCGCCGCG_017,56
CACGCAGCACGACCGCCGCG_018,8
CACGCAGCACGACCGCCGCG_019,4
CACGCAGCACGACCGCCGCG_020,162
CACGCAGCACGACCGCCGCG_021,67
CACGCAGCACGACCGCCGCG_022,83
CACGCAGCACGACCGCCGCG_023,159
CACGCAGCACGACCGCCGCG_024,148
CACGCAGCACGACCGCCGCG_025,80
CACGCAGCACGACCGCCGCG_026,103
CACGCAGCACGACCGCCGCG_027,66
CACGCAGCACGACCGCCGCG_028,62
CACGCAGCACGACCGCCGCG_029,193
CACGCAGCACGACCGCCGCG_030,86
AATGTCCGCTTTGTGTCCGA_001,15
AATGTCCGCTTTGTGTCCGA_002,118
AATGTCCGCTTTGTGTCCGA_003,127
AATGTCCGCTTTGTGTCCGA_004,191
AATGTCCGCTTTGTGTCCGA_005,42
AATGTCCGCTTTGTGTCCGA_006,106
AATGTCCGCTTTGTGTCCGA_007,94
AATGTCCGCTTTGTGTCCGA_008,85
AATGTCCGCTTTGTGTCCGA_009,158
AATGTCCGCTTTGTGTCCGA_010,137
AATGTCCGCTTTGTGTCCGA_011,189
AATGTCCGCTTTGTGTCCGA_012,58
AATGTCCGCTTTGTGTCCGA_013,54
AATGTCCGCTTTGTGTCCGA_014,108
AATGTCCGCTTTGTGTCCGA_015,176
AATGTCCGCTTTGTGTCCGA_016,58
AATGTCCGCTTTGTGTCCGA_017,79
AATGTCCGCTTTGTGTCCGA_018,148
AATGTCCGCTTTGTGTCCGA_019,30
AATGTCCGCTTTGTGTCCGA_020,135
AATGTCCGCTTTGTGTCCGA_021,147
AATGTCCGCTTTGTGTCCGA_022,160
AATGTCCGCTTTGTGTCCGA_023,98
AATGTCCGCTTTGTGTCCGA_024,75
AATGTCCGCTTTGTGTCCGA_025,162
AATGTCCGCTTTGTGTCCGA_026,122
AATGTCCGCTTTGTGTCCGA_027,11
AATGTCCGCTTTGTGTCCGA_028,63
AATGTCCGCTTTGTGTCCGA_029,146
TCAGGCAAGGAGATGGCCGA_001,22
TCAGGCAAGGAGATGGCCGA_002,108
TCAGGCAAGGAGATGGCCGA_003,22
TCAGGCAAGGAGATGGCCGA_004,174
TCAGGCAAGGAGATGGCCGA_005,160
TCAGGCAAGGAGATGGCCGA_006,147
TCAGGCAAGGAGATGGCCGA_007,33
TCAGGCAAGGAGATGGCCGA_008,153
TCAGGCAAGGAGATGGCCGA_009,18
TCAGGCAAGGAGATGGCCGA_010,165
TCAGGCAAGGAGATGGCCGA_011,73
TCAGGCAAGGAGATGGCCGA_012,98
TTTCGTCGGAAAGAATTCCG_001,98
TTTCGTCGGAAAGAATTCCG_002,49
TCTGTCTCACAACGCCATCG_001,78
TCTGTCTCACAACGCCATCG_002,193
TCTGTCTCACAACGCCATCG_003,166
TCTGTCTCACAACGCCATCG_004,41
TCTGTCTCACAACGCCATCG_005,127
TATAACTATTCATAAGGAGC_001,123
TATAACTATTCATAAGGAGC_002,98
TATAACTATTCATAAGGAGC_003,141
AGACTGAGTTTCACTCCCGA_001,137
AGACTGAGTTTCACTCCCGA_002,111
AGACTGAGTTTCACTCCCGA_003,188
AGACTGAGTTTCACTCCCGA_004,118
GCTCCAGGATATTACACCAG_001,149
CTTCCTTTGAAGGCATACGA_001,87
CTTCCTTTGAAGGCATACGA_002,31
CTTCCTTTGAAGGCATACGA_003,171
CTTCCTTTGAAGGCATACGA_004,101
CTTCCTTTGAAGGCATACGA_005,10
CTTCCTTTGAAGGCATACGA_006,96
CTTCCTTTGAAGGCATACGA_007,2
CTTCCTTTGAAGGCATACGA_008,7
CTTCCTTTGAAGGCATACGA_009,32
CTTCCTTTGAAGGCATACGA_010,194
CTTCCTTTGAAGGCATACGA_011,26
CTTCCTTTGAAGGCATACGA_012,169
CTTCCTTTGAAGGCATACGA_013,31
CTTCCTTTGAAGGCATACGA_014,10
CTTCCTTTGAAGGCATACGA_015,42
CTTCCTTTGAAGGCATACGA_016,28
CTTCCTTTGAAGGCATACGA_017,127
CTTCCTTTGAAGGCATACGA_018,142
CTTCCTTTGAAGGCATACGA_019,137
CGGGACTGGGATTACCGTCG_001,92
CGGGACTGGGATTACCGTCG_002,139
CGGGACTGGGATTACCGTCG_003,48
ATGCCTTCATTCATCCGGCA_001,40
ATGCCTTCATTCATCCGGCA_002,49
AGCAAAGAAAAAACAACTCG_001,63
AGCAAAGAAAAAACAACTCG_002,68
AGCAAAGAAAAAACAACTCG_003,162
AGCAAAGAAAAAACAACTCG_004,15
AGCAAAGAAAAAACAACTCG_005,60
AGCAAAGAAAAAACAACTCG_006,1
AGCAAAGAAAAAACAACTCG_007,149
AGCAAAGAAAAAACAACTCG_008,19
AGCAAAGAAAAAACAACTCG_009,41
AGCAAAGAAAAAACAACTCG_010,93
AGCAAAGAAAAAACAACTCG_011,177
CAGGTGGACACCAAGAACCA_001,89
CAGGTGGACACCAAGAACCA_002,99
CAGGTGGACACCAAGAACCA_003,40
CAGGTGGACACCAAGAACCA_004,48
CAGGTGGACACCAAGAACCA_005,121
CAGGTGGACACCAAGAACCA_006,128
CAGGTGGACACCAAGAACCA_007,162
CAGGTGGACACCAAGAACCA_008,4
CAGGTGGACACCAAGAACCA_009,130
GTTGTACAGAGTGTTGCCTG_001,114
CATCGTGTGGCTCAAGACAT_001,4
CATCGTGTGGCTCAAGACAT_002,66
CATCGTGTGGCTCAAGACAT_003,98
CATCGTGTGGCTCAAGACAT_004,116
CATCGTGTGGCTCAAGACAT_005,103
CATCGTGTGGCTCAAGACAT_006,94
CATCGTGTGGCTCAAGACAT_007,74
CATCGTGTGGCTCAAGACAT_008,118
CATCGTGTGGCTCAAGACAT_009,94
CATCGTGTGGCTCAAGACAT_010,169
CATCGTGTGGCTCAAGACAT_011,8
CATCGTGTGGCTCAAGACAT_012,39
CTTCTGCTGGAAATCTTCGA_001,16
CTTCTGCTGGAAATCTTCGA_002,184
CTTCTGCTGGAAATCTTCGA_003,40
CTTCTGCTGGAAATCTTCGA_004,166
CTTCTGCTGGAAATCTTCGA_005,8
GATGGCTAAATACCTATCGT_001,175
GATGGCTAAATACCTATCGT_002,49
GATGGCTAAATACCTATCGT_003,94
GATGGCTAAATACCTATCGT_004,12
GATGGCTAAATACCTATCGT_005,171
TGAACCCCTCTCGGACACCG_001,1
TGAACCCCTCTCGGACACCG_002,179
TGAACCCCTCTCGGACACCG_003,152
TGAACCCCTCTCGGACACCG_004,19
TGAACCCCTCTCGGACACCG_005,28
TGAACCCCTCTCGGACACCG_006,63
TGAACCCCTCTCGGACACCG_007,184
CATGTTTAGAGCCCTTATGT_001,114
CATGTTTAGAGCCCTTATGT_002,62
CCTGATTGATCAGGAGACTG_001,90
CCTGATTGATCAGGAGACTG_002,28
CCTGATTGATCAGGAGACTG_003,10
GCTGGTGAGGTCGTCAGACA_001,176
GCTGGTGAGGTCGTCAGACA_002,181
GCTGGTGAGGTCGTCAGACA_003,139
GCTGGTGAGGTCGTCAGACA_004,42
GCTGGTGAGGTCGTCAGACA_005,67
GCTGGTGAGGTCGTCAGACA_006,74
GCTGGTGAGGTCGTCAGACA_007,149
GCTGGTGAGGTCGTCAGACA_008,12
GCTGGTGAGGTCGTCAGACA_009,199
GCTGGTGAGGTCGTCAGACA_010,2
GCTGGTGAGGTCGTCAGACA_011,175
GCTGGTGAGGTCGTCAGACA_012,144
GCTGGTGAGGTCGTCAGACA_013,43
GCTGGTGAGGTCGTCAGACA_014,81
GCTGGTGAGGTCGTCAGACA_015,6
AGAGGCAAACGCGTGCCGAG_001,171
AGAGGCAAACGCGTGCCGAG_002,62
AGAGGCAAACGCGTGCCGAG_003,179
AGAGGCAAACGCGTGCCGAG_004,36
AGAGGCAAACGCGTGCCGAG_005,152
AGAGGCAAACGCGTGCCGAG_006,51
AGAGGCAAACGCGTGCCGAG_007,153
AGAGGCAAACGCGTGCCGAG_008,181
AGAGGCAAACGCGTGCCGAG_009,19
AGAGGCAAACGCGTGCCGAG_010,77
AGAGGCAAACGCGTGCCGAG_011,58
AGAGGCAAACGCGTGCCGAG_012,23
AGAGGCAAACGCGTGCCGAG_013,177
AGAGGCAAACGCGTGCCGAG_014,160
AGAGGCAAACGCGTGCCGAG_015,78
AGAGGCAAACGCGTGCCGAG_016,109
AGAGGCAAACGCGTGCCGAG_017,9
AGAGGCAAACGCGTGCCGAG_018,76
AGAGGCAAACGCGTGCCGAG_019,33
AGAGGCAAACGCGTGCCGAG_020,76
AGAGGCAAACGCGTGCCGAG_021,188
AGAGGCAAACGCGTGCCGAG_022,134
AGAGGCAAACGCGTGCCGAG_023,94
AGAGGCAAACGCGTGCCGAG_024,26
AGAGGCAAACGCGTGCCGAG_025,115
AGAGGCAAACGCGTGCCGAG_026,144
AGAGGCAAACGCGTGCCGAG_027,130
AGAGGCAAACGCGTGCCGAG_028,140
AGAGGCAAACGCGTGCCGAG_029,88
AGAGGCAAACGCGTGCCGAG_030,71
GCAACTCACATTTCACTCCA_001,42
GCAACTCACATTTCACTCCA_002,81
GCAACTCACATTTCACTCCA_003,179
GCAACTCACATTTCACTCCA_004,19
GCAACTCACATTTCACTCCA_005,169
GCAACTCACATTTCACTCCA_006,175
GCAACTCACATTTCACTCCA_007,60
GCAACTCACATTTCACTCCA_008,57
GCAACTCACATTTCACTCCA_009,63
GCAACTCACATTTCACTCCA_010,63
GCAACTCACATTTCACTCCA_011,29
AGCGTGTGACTTCCGATGAG_001,96
AGCGTGTGACTTCCGATGAG_002,4
AGCGTGTGACTTCCGATGAG_003,174
AGCGTGTGACTTCCGATGAG_004,197
AGCGTGTGACTTCCGATGAG_005,99
AGCGTGTGACTTCCGATGAG_006,106
AGCGTGTGACTTCCGATGAG_007,171
AGCGTGTGACTTCCGATGAG_008,170
AGCGTGTGACTTCCGATGAG_009,48
AGCGTGTGACTTCCGATGAG_010,166
GTGTCGGATTCCGCCGCTTA_001,19
GTGTCGGATTCCGCCGCTTA_002,88
GTGTCGGATTCCGCCGCTTA_003,48
GTGTCGGATTCCGCCGCTTA_004,10
GTGTCGGATTCCGCCGCTTA_005,181
GTGTCGGATTCCGCCGCTTA_006,34
GTGTCGGATTCCGCCGCTTA_007,102
GTGTCGGATTCCGCCGCTTA_008,185
GTGTCGGATTCCGCCGCTTA_009,110
GTGTCGGATTCCGCCGCTTA_010,102
GTGTCGGATTCCGCCGCTTA_011,180
GTGTCGGATTCCGCCGCTTA_012,168
GTGTCGGATTCCGCCGCTTA_013,162
GTGTCGGATTCCGCCGCTTA_014,39
GTGTCGGATTCCGCCGCTTA_015,3
AGGAACTTGAGGGTATGGCA_001,144
AGGAACTTGAGGGTATGGCA_002,170
AGGAACTTGAGGGTATGGCA_003,57
AGGAACTTGAGGGTATGGCA_004,178
AGGAACTTGAGGGTATGGCA_005,15
AGGAACTTGAGGGTATGGCA_006,111
AGGAACTTGAGGGTATGGCA_007,193
AGGAACTTGAGGGTATGGCA_008,21
AGGAACTTGAGGGTATGGCA_009,100
AGGAACTTGAGGGTATGGCA_010,127
AGGAACTTGAGGGTATGGCA_011,77
AGGAACTTGAGGGTATGGCA_012,162
AGGAACTTGAGGGTATGGCA_013,121
AGGAACTTGAGGGTATGGCA_014,147
AGGAACTTGAGGGTATGGCA_015,30
AGGAACTTGAGGGTATGGCA_016,1
AGGAACTTGAGGGTATGGCA_017,1
AGGAACTTGAGGGTATGGCA_018,89
AGGAACTTGAGGGTATGGCA_019,177
AGGAACTTGAGGGTATGGCA_020,62
AGGAACTTGAGGGTATGGCA_021,182
AGGAACTTGAGGGTATGGCA_022,2
AGGAACTTGAGGGTATGGCA_023,49
AGGAACTTGAGGGTATGGCA_024,19
AGGAACTTGAGGGTATGGCA_025,186
AGGAACTTGAGGGTATGGCA_026,118
AGGAACTTGAGGGTATGGCA_027,50
AGGAACTTGAGGGTATGGCA_028,138
AGGAACTTGAGGGTATGGCA_029,9
AGGAACTTGAGGGTATGGCA_030,96
TCTCCAGAAACATAGAGCTG_001,185
TCTCCAGAAACATAGAGCTG_002,146
TCTCCAGAAACATAGAGCTG_003,196
TCTCCAGAAACATAGAGCTG_004,147
TCTCCAGAAACATAGAGCTG_005,106
TCTCCAGAAACATAGAGCTG_006,142
TCTCCAGAAACATAGAGCTG_007,118
AACATCTACAGATGTAGTGG_001,94
GAGTGATAAGCCAGACTTGT_001,12
GAGTGATAAGCCAGACTTGT_002,158
GAGTGATAAGCCAGACTTGT_003,117
AGGCCCAGAGCAGGCCACAC_001,97
AGGCCCAGAGCAGGCCACAC_002,9
AGGCCCAGAGCAGGCCACAC_003,28
AGGCCCAGAGCAGGCCACAC_004,28
AGGCCCAGAGCAGGCCACAC_005,19
AGGCCCAGAGCAGGCCACAC_006,199
AGGCCCAGAGCAGGCCACAC_007,50
AGGCCCAGAGCAGGCCACAC_008,40
AGGCCCAGAGCAGGCCACAC_009,129
AGGCCCAGAGCAGGCCACAC_010,190
AGGCCCAGAGCAGGCCACAC_011,176
AGGCCCAGAGCAGGCCACAC_012,81
AGGCCCAGAGCAGGCCACAC_013,49
AGGCCCAGAGCAGGCCACAC_014,156
AGGCCCAGAGCAGGCCACAC_015,188
AGGCCCAGAGCAGGCCACAC_016,17
AGGCCCAGAGCAGGCCACAC_017,145
AGGCCCAGAGCAGGCCACAC_018,88
AGGCCCAGAGCAGGCCACAC_019,56
AGGCCCAGAGCAGGCCACAC_020,13
AGGCCCAGAGCAGGCCACAC_021,48
AGGCCCAGAGCAGGCCACAC_022,158
AGGCCCAGAGCAGGCCACAC_023,137
AGGCCCAGAGCAGGCCACAC_024,70
AGGCCCAGAGCAGGCCACAC_025,35
AGGCCCAGAGCAGGCCACAC_026,88
AGGCCCAGAGCAGGCCACAC_027,57
AGGCCCAGAGCAGGCCACAC_028,168
AGGCCCAGAGCAGGCCACAC_029,171
AGGCCCAGAGCAGGCCACAC_030,121
AGGCCCAGAGCAGGCCACAC_031,29
AGGCCCAGAGCAGGCCACAC_032,108
AGGCCCAGAGCAGGCCACAC_033,149
AGGCCCAGAGCAGGCCACAC_034,29
AGGCCCAGAGCAGGCCACAC_035,49
AGGCCCAGAGCAGGCCACAC_036,146
AGGCCCAGAGCAGGCCACAC_037,109
AGGCCCAGAGCAGGCCACAC_038,40
AGGCCCAGAGCAGGCCACAC_039,180
AGGCCCAGAGCAGGCCACAC_040,1
AGGCCCAGAGCAGGCCACAC_041,172
AGGCCCAGAGCAGGCCACAC_042,49
AGGCCCAGAGCAGGCCACAC_043,118
AGGCCCAGAGCAGGCCACAC_044,188
AGGCCCAGAGCAGGCCACAC_045,28
GGGGCGCCTTCGAAGTAGGG_001,63
GGGGCGCCTTCGAAGTAGGG_002,12
GGGGCGCCTTCGAAGTAGGG_003,153
GGGGCGCCTTCGAAGTAGGG_004,144
GGGGCGCCTTCGAAGTAGGG_005,166
GGGGCGCCTTCGAAGTAGGG_006,57
GGGGCGCCTTCGAAGTAGGG_007,68
GGGGCGCCTTCGAAGTAGGG_008,119
GGGGCGCCTTCGAAGTAGGG_009,84
TGTAGTAAGGTGTGAAGATA_001,117
TGTAGTAAGGTGTGAAGATA_002,27
TGTAGTAAGGTGTGAAGATA_003,49
TGTAGTAAGGTGTGAAGATA_004,161
CATTCCAACAGCATTACATG_001,17
CATTCCAACAGCATTACATG_002,49
CATTCCAACAGCATTACATG_003,169
CATTCCAACAGCATTACATG_004,34
CATTCCAACAGCATTACATG_005,153
CATTCCAACAGCATTACATG_006,115
CTGCCGATAATGAAACCTCA_001,33
CTGCCGATAATGAAACCTCA_002,97
CTGCCGATAATGAAACCTCA_003,38
GTTCAACTTATGGATTCAGG_001,16
GTTCAACTTATGGATTCAGG_002,48
TCTAGCTCAGAGTGACCCTG_001,23
TCTAGCTCAGAGTGACCCTG_002,9
TCTAGCTCAGAGTGACCCTG_003,158
TCTAGCTCAGAGTGACCCTG_004,17
TCTAGCTCAGAGTGACCCTG_005,160
TCTAGCTCAGAGTGACCCTG_006,85
TCTAGCTCAGAGTGACCCTG_007,182
TCTAGCTCAGAGTGACCCTG_008,124
TGTACTACATACATACCACA_001,156
TGTACTACATACATACCACA_002,56
GCTGTTGGATGACATAATGG_001,194
GCTGTTGGATGACATAATGG_002,77
GCTGTTGGATGACATAATGG_003,19
GCTGTTGGATGACATAATGG_004,102
GCTGTTGGATGACATAATGG_005,37
GCTGTTGGATGACATAATGG_006,153
GCTGTTGGATGACATAATGG_007,124
GACTATGATTACCTGGAGGT_001,183
GACTATGATTACCTGGAGGT_002,126
GACTATGATTACCTGGAGGT_003,154
GACTATGATTACCTGGAGGT_004,163
GACTATGATTACCTGGAGGT_005,68
GAAGGGACCACTATTAACAG_001,17
GAAGGGACCACTATTAACAG_002,44
GCACCTGGAGTACGCGGACG_001,176
GCACCTGGAGTACGCGGACG_002,109
GCACCTGGAGTACGCGGACG_003,27
GCACCTGGAGTACGCGGACG_004,40
GCACCTGGAGTACGCGGACG_005,165
GCACCTGGAGTACGCGGACG_006,82
TTGACCGAGTGATAAAGCCG_001,135
TTGACCGAGTGATAAAGCCG_002,111
TTGACCGAGTGATAAAGCCG_003,6
TTGACCGAGTGATAAAGCCG_004,97
TTGACCGAGTGATAAAGCCG_005,142
GTCTGCCAGCAATAGCAATG_001,181
GTCTGCCAGCAATAGCAATG_002,62
GTCTGCCAGCAATAGCAATG_003,51
GTCTGCCAGCAATAGCAATG_004,17
GTCTGCCAGCAATAGCAATG_005,58
GTCTGCCAGCAATAGCAATG_006,51
GTCTGCCAGCAATAGCAATG_007,186
GTCTGCCAGCAATAGCAATG_008,78
TCTGGGGCTTTCGACACGAT_001,2
TCTGGGGCTTTCGACACGAT_002,9
TCTGGGGCTTTCGACACGAT_003,16
TCTGGGGCTTTCGACACGAT_004,162
TCTGGGGCTTTCGACACGAT_005,27
TCTGGGGCTTTCGACACGAT_006,132
TCTGGGGCTTTCGACACGAT_007,149
TCTGGGGCTTTCGACACGAT_008,63
ACTACTTAGTCATCACAAAG_001,184
ACTACTTAGTCATCACAAAG_002,9
ACTACTTAGTCATCACAAAG_003,54
ACTACTTAGTCATCACAAAG_004,27
ACTACTTAGTCATCACAAAG_005,42
ACTACTTAGTCATCACAAAG_006,30
ACTACTTAGTCATCACAAAG_007,156
ACTACTTAGTCATCACAAAG_008,105
ACTACTTAGTCATCACAAAG_009,184
ACTACTTAGTCATCACAAAG_010,162
ACTACTTAGTCATCACAAAG_011,74
ACTACTTAGTCATCACAAAG_012,149
ACTACTTAGTCATCACAAAG_013,39
GCCAGCGTAGAGCATCATGG_001,94
GCCAGCGTAGAGCATCATGG_002,186
GCCAGCGTAGAGCATCATGG_003,94
GCTTCTCGCGCGCAGCCTTG_001,169
GCTTCTCGCGCGCAGCCTTG_002,108
GCTTCTCGCGCGCAGCCTTG_003,15
GCTTCTCGCGCGCAGCCTTG_004,4
GCTTCTCGCGCGCAGCCTTG_005,174
GCTTCTCGCGCGCAGCCTTG_006,77
GCTTCTCGCGCGCAGCCTTG_007,125
GCTTCTCGCGCGCAGCCTTG_008,132
GCTTCTCGCGCGCAGCCTTG_009,117
GCTTCTCGCGCGCAGCCTTG_010,141
GCTTCTCGCGCGCAGCCTTG_011,67
GCTTCTCGCGCGCAGCCTTG_012,28
GCTTCTCGCGCGCAGCCTTG_013,19
GCTTCTCGCGCGCAGCCTTG_014,36
GCTTCTCGCGCGCAGCCTTG_015,40
GCTTCTCGCGCGCAGCCTTG_016,43
AACATCGACGCCAGGACGAG_001,134
AACATCGACGCCAGGACGAG_002,48
AACATCGACGCCAGGACGAG_003,65
AACATCGACGCCAGGACGAG_004,119
AACATCGACGCCAGGACGAG_005,187
AACATCGACGCCAGGACGAG_006,110
AACATCGACGCCAGGACGAG_007,140
AACATCGACGCCAGGACGAG_008,36
AGGAATAAAAAGCTTCACGA_001,107
AGGAATAAAAAGCTTCACGA_002,0
AGGAATAAAAAGCTTCACGA_003,41
AGGAATAAAAAGCTTCACGA_004,140
AGGAATAAAAAGCTTCACGA_005,13
AGGAATAAAAAGCTTCACGA_006,83
AGGAATAAAAAGCTTCACGA_007,48
AGGAATAAAAAGCTTCACGA_008,82
AGGAATAAAAAGCTTCACGA_009,129
AGGAATAAAAAGCTTCACGA_010,162
AGGAATAAAAAGCTTCACGA_011,24
AGGAATAAAAAGCTTCACGA_012,8
GTGGCTGGGTCCTATACATG_001,2
GTGGCTGGGTCCTATACATG_002,102
GTGGCTGGGTCCTATACATG_003,198
GTGGCTGGGTCCTATACATG_004,53
GTGGCTGGGTCCTATACATG_005,96
GTGGCTGGGTCCTATACATG_006,115
GTGGCTGGGTCCTATACATG_007,177
GTGGCTGGGTCCTATACATG_008,28
GTGGCTGGGTCCTATACATG_009,94
ACCAAGGATGATGTTCTCCG_001,106
ACCAAGGATGATGTTCTCCG_002,114
ACCAAGGATGATGTTCTCCG_003,41
ACCAAGGATGATGTTCTCCG_004,18
ACCAAGGATGATGTTCTCCG_005,34
CGTGTTCAATGTCACCACTG_001,152
CGTGTTCAATGTCACCACTG_002,144
CGTGTTCAATGTCACCACTG_003,119
CGTGTTCAATGTCACCACTG_004,114
GACATGAAACCAGACAACAG_001,118
GACATGAAACCAGACAACAG_002,137
GACATGAAACCAGACAACAG_003,37
GACATGAAACCAGACAACAG_004,82
GACATGAAACCAGACAACAG_005,98
GACATGAAACCAGACAACAG_006,62
GACATGAAACCAGACAACAG_007,15
GACATGAAACCAGACAACAG_008,129
GACATGAAACCAGACAACAG_009,170
GACATGAAACCAGACAACAG_010,88
GACATGAAACCAGACAACAG_011,94
GACATGAAACCAGACAACAG_012,38
GACATGAAACCAGACAACAG_013,54
CACTCCTTCTACATACGTCA_001,146
CACTCCTTCTACATACGTCA_002,101
CACTCCTTCTACATACGTCA_003,65
CACTCCTTCTACATACGTCA_004,104
CACTCCTTCTACATACGTCA_005,172
CAGGATGATCTGCCTCACGG_001,188
CAGGATGATCTGCCTCACGG_002,77
CAGGATGATCTGCCTCACGG_003,41
CAGGATGATCTGCCTCACGG_004,62
CAGGATGATCTGCCTCACGG_005,127
CAGGATGATCTGCCTCACGG_006,161
CAGGATGATCTGCCTCACGG_007,135
CAGGATGATCTGCCTCACGG_008,102
CAGGATGATCTGCCTCACGG_009,15
CAGGATGATCTGCCTCACGG_010,1
CAGGATGATCTGCCTCACGG_011,130
CAGGATGATCTGCCTCACGG_012,49
CAGGATGATCTGCCTCACGG_013,188
CAGGATGATCTGCCTCACGG_014,68
GCGCATCCAATACCAGCTAG_001,169
GCGCATCCAATACCAGCTAG_002,65
GCGCATCCAATACCAGCTAG_003,29
GCGCATCCAATACCAGCTAG_004,192
GCGCATCCAATACCAGCTAG_005,98
GCGCATCCAATACCAGCTAG_006,130
GCGCATCCAATACCAGCTAG_007,43
GCGCATCCAATACCAGCTAG_008,110
GCGCATCCAATACCAGCTAG_009,96
GCGCATCCAATACCAGCTAG_010,116
GCGCATCCAATACCAGCTAG_011,60
GCGCATCCAATACCAGCTAG_012,130
GCGCATCCAATACCAGCTAG_013,10
GCGCATCCAATACCAGCTAG_014,49
GCGCATCCAATACCAGCTAG_015,62
GCGCATCCAATACCAGCTAG_016,136
GCGCATCCAATACCAGCTAG_017,162
GCGCATCCAATACCAGCTAG_018,16
GTGTAAATCCCCCAGCACAC_001,43
GTGTAAATCCCCCAGCACAC_002,70
GTGTAAATCCCCCAGCACAC_003,115
GTGTAAATCCCCCAGCACAC_004,122
GTGTAAATCCCCCAGCACAC_005,115
GTGTAAATCCCCCAGCACAC_006,40
GTGTAAATCCCCCAGCACAC_007,53
GTGTAAATCCCCCAGCACAC_008,192
GTGTAAATCCCCCAGCACAC_009,88
GTGTAAATCCCCCAGCACAC_010,13
GTGTAAATCCCCCAGCACAC_011,60
GTGTAAATCCCCCAGCACAC_012,158
GTGTAAATCCCCCAGCACAC_013,93
GTGTAAATCCCCCAGCACAC_014,65
GTGTAAATCCCCCAGCACAC_015,128
GTGTAAATCCCCCAGCACAC_016,88
GTGTAAATCCCCCAGCACAC_017,58
GTGTAAATCCCCCAGCACAC_018,168
GTGTAAATCCCCCAGCACAC_019,106
GTGTAAATCCCCCAGCACAC_020,97
GTGTAAATCCCCCAGCACAC_021,11
GTTAAGAGGTCGATCTGACG_001,77
GTTAAGAGGTCGATCTGACG_002,68
GTTAAGAGGTCGATCTGACG_003,115
GTTAAGAGGTCGATCTGACG_004,69
GTTAAGAGGTCGATCTGACG_005,30
GCCACTGAAATTCAGGCACG_001,157
GCCACTGAAATTCAGGCACG_002,65
GCCACTGAAATTCAGGCACG_003,47
GCCACTGAAATTCAGGCACG_004,169
TCTGCTCAGTAACGGCACTG_001,103
TCTGCTCAGTAACGGCACTG_002,27
TCTGCTCAGTAACGGCACTG_003,48
TCTGCTCAGTAACGGCACTG_004,88
TCTGCTCAGTAACGGCACTG_005,71
TCTGCTCAGTAACGGCACTG_006,179
TCTGCTCAGTAACGGCACTG_007,72
TCTGCTCAGTAACGGCACTG_008,174
TCTGCTCAGTAACGGCACTG_009,68
TCTGCTCAGTAACGGCACTG_010,17
TCTGCTCAGTAACGGCACTG_011,105
TCTGCTCAGTAACGGCACTG_012,108
TCTGCTCAGTAACGGCACTG_013,1
TCTGCTCAGTAACGGCACTG_014,130
TCTTACTTCGAGGCCCCAGG_001,129
TCTTACTTCGAGGCCCCAGG_002,109
TCTTACTTCGAGGCCCCAGG_003,102
TCTTACTTCGAGGCCCCAGG_004,28
TCTTACTTCGAGGCCCCAGG_005,141
TCTTACTTCGAGGCCCCAGG_006,106
TCTTACTTCGAGGCCCCAGG_007,180
TTGAGGATCTCACAACTCAC_001,134
TTGAGGATCTCACAACTCAC_002,31
TTGAGGATCTCACAACTCAC_003,182
TTGAGGATCTCACAACTCAC_004,67
TTGAGGATCTCACAACTCAC_005,168
TTGAGGATCTCACAACTCAC_006,17
TTGAGGATCTCACAACTCAC_007,47
TTGAGGATCTCACAACTCAC_008,108
GAATGGATCGTGGAGCAGCT_001,94
GAATGGATCGTGGAGCAGCT_002,116
GAATGGATCGTGGAGCAGCT_003,170
GAATGGATCGTGGAGCAGCT_004,169
GAATGGATCGTGGAGCAGCT_005,59
GAATGGATCGTGGAGCAGCT_006,107
GAATGGATCGTGGAGCAGCT_007,41
GAATGGATCGTGGAGCAGCT_008,60
GAATGGATCGTGGAGCAGCT_009,68
GAATGGATCGTGGAGCAGCT_010,192
GAATGGATCGTGGAGCAGCT_011,149
GAATGGATCGTGGAGCAGCT_012,17
GAATGGATCGTGGAGCAGCT_013,54
GAATGGATCGTGGAGCAGCT_014,15
GAATGGATCGTGGAGCAGCT_015,96
GAATGGATCGTGGAGCAGCT_016,112
CAAACGAAATGTTAAACCAG_001,199
CAAACGAAATGTTAAACCAG_002,70
CAAACGAAATGTTAAACCAG_003,12
TACGGGCAGAACTGTCACAA_001,29
TACGGGCAGAACTGTCACAA_002,82
TACGGGCAGAACTGTCACAA_003,116
TACGGGCAGAACTGTCACAA_004,33
TACGGGCAGAACTGTCACAA_005,193
TACGGGCAGAACTGTCACAA_006,93
TACGGGCAGAACTGTCACAA_007,30
TACGGGCAGAACTGTCACAA_008,55
TACGGGCAGAACTGTCACAA_009,175
TACGGGCAGAACTGTCACAA_010,78
TACGGGCAGAACTGTCACAA_011,198
TACGGGCAGAACTGTCACAA_012,78
TACGGGCAGAACTGTCACAA_013,7
TACGGGCAGAACTGTCACAA_014,177
TACGGGCAGAACTGTCACAA_015,140
TACGGGCAGAACTGTCACAA_016,69
TACGGGCAGAACTGTCACAA_017,148
TACGGGCAGAACTGTCACAA_018,17
TACGGGCAGAACTGTCACAA_019,60
TACGGGCAGAACTGTCACAA_020,67
TACGGGCAGAACTGTCACAA_021,2
TACGGGCAGAACTGTCACAA_022,63
TACGGGCAGAACTGTCACAA_023,190
CCTATAGTGAGACTGGCCAT_001,15
CCTATAGTGAGACTGGCCAT_002,102
CCTATAGTGAGACTGGCCAT_003,113
CCTATAGTGAGACTGGCCAT_004,177
CCTATAGTGAGACTGGCCAT_005,38
CCTATAGTGAGACTGGCCAT_006,47
CCTATAGTGAGACTGGCCAT_007,93
CCTATAGTGAGACTGGCCAT_008,61
CCTATAGTGAGACTGGCCAT_009,72
CCTATAGTGAGACTGGCCAT_010,91
CCTATAGTGAGACTGGCCAT_011,65
CCTATAGTGAGACTGGCCAT_012,80
CCTATAGTGAGACTGGCCAT_013,108
CCTATAGTGAGACTGGCCAT_014,49
CCTATAGTGAGACTGGCCAT_015,67
CCTATAGTGAGACTGGCCAT_016,185
CCTATAGTGAGACTGGCCAT_017,50
CCTATAGTGAGACTGGCCAT_018,149
CCTATAGTGAGACTGGCCAT_019,17
CCTATAGTGAGACTGGCCAT_020,177
CCTATAGTGAGACTGGCCAT_021,23
CCTATAGTGAGACTGGCCAT_022,177
CCTATAGTGAGACTGGCCAT_023,34
CCTATAGTGAGACTGGCCAT_024,19
CTGGACAGATGACCTGAACG_001,77
CTGGACAGATGACCTGAACG_002,106
CTGGACAGATGACCTGAACG_003,140
CTGGACAGATGACCTGAACG_004,94
CTGGACAGATGACCTGAACG_005,170
CTGGACAGATGACCTGAACG_006,62
CTGGACAGATGACCTGAACG_007,61
GAAGGACACGGAAAACCGCG_001,51
GAAGGACACGGAAAACCGCG_002,14
GAAGGACACGGAAAACCGCG_003,166
GAAGGACACGGAAAACCGCG_004,188
GAAGGACACGGAAAACCGCG_005,11
GAAGGACACGGAAAACCGCG_006,150
ATTCACTTCAAAGGGTCCCG_001,170
ATTCACTTCAAAGGGTCCCG_002,48
ATTCACTTCAAAGGGTCCCG_003,189
ATTCACTTCAAAGGGTCCCG_004,158
ATTCACTTCAAAGGGTCCCG_005,175
ATTCACTTCAAAGGGTCCCG_006,96
ATTCACTTCAAAGGGTCCCG_007,39
ATTCACTTCAAAGGGTCCCG_008,76
ATTCACTTCAAAGGGTCCCG_009,60
ATTCACTTCAAAGGGTCCCG_010,84
ATTCACTTCAAAGGGTCCCG_011,179
ATTCACTTCAAAGGGTCCCG_012,45
ATTCACTTCAAAGGGTCCCG_013,118
ATTCACTTCAAAGGGTCCCG_014,82
ATTCACTTCAAAGGGTCCCG_015,0
ATTCACTTCAAAGGGTCCCG_016,11
ATTCACTTCAAAGGGTCCCG_017,187
ATTCACTTCAAAGGGTCCCG_018,27
ATTCACTTCAAAGGGTCCCG_019,172
ATTCACTTCAAAGGGTCCCG_020,47
ATTCACTTCAAAGGGTCCCG_021,161
ATTCACTTCAAAGGGTCCCG_022,161
ATTCACTTCAAAGGGTCCCG_023,115
ATTCACTTCAAAGGGTCCCG_024,174
ATTCACTTCAAAGGGTCCCG_025,47
ATTCACTTCAAAGGGTCCCG_026,178
ATTCACTTCAAAGGGTCCCG_027,84
GATTCATCCCTTACCCGCCG_001,122
GATTCATCCCTTACCCGCCG_002,53
GATTCATCCCTTACCCGCCG_003,38
GATTCATCCCTTACCCGCCG_004,188
GATTCATCCCTTACCCGCCG_005,165
GATTCATCCCTTACCCGCCG_006,166
GATTCATCCCTTACCCGCCG_007,14
ACCTCCCGTCTTTCTGCACC_001,19
ACCTCCCGTCTTTCTGCACC_002,9
ACCTCCCGTCTTTCTGCACC_003,93
ACCTCCCGTCTTTCTGCACC_004,63
ACCTCCCGTCTTTCTGCACC_005,5
GCCAGCCAGTATATGCCAGG_001,115
GCCAGCCAGTATATGCCAGG_002,114
GCCAGCCAGTATATGCCAGG_003,60
GCCAGCCAGTATATGCCAGG_004,119
GCCAGCCAGTATATGCCAGG_005,197
GCCAGCCAGTATATGCCAGG_006,154
GCCAGCCAGTATATGCCAGG_007,19
GCCAGCCAGTATATGCCAGG_008,19
GCCAGCCAGTATATGCCAGG_009,81
GCCAGCCAGTATATGCCAGG_010,169
GCCAGCCAGTATATGCCAGG_011,62
GCCAGCCAGTATATGCCAGG_012,199
AGATTCCAACTGATGCACCC_001,91
AGATTCCAACTGATGCACCC_002,28
GGGAAGAAGACTGTTAAAAG_001,72
GGGAAGAAGACTGTTAAAAG_002,122
GGGAAGAAGACTGTTAAAAG_003,51
GTGGGTATCAACGTGACCGT_001,49
GTGGGTATCAACGTGACCGT_002,119
GTGGGTATCAACGTGACCGT_003,119
GTGGGTATCAACGTGACCGT_004,147
GTGGGTATCAACGTGACCGT_005,34
GTGGGTATCAACGTGACCGT_006,55
GTGGGTATCAACGTGACCGT_007,56
AGTCGTGTCCCGCATGCTCG_001,144
AGTCGTGTCCCGCATGCTCG_002,105
AGTCGTGTCCCGCATGCTCG_003,161
AGTCGTGTCCCGCATGCTCG_004,149
AGTCGTGTCCCGCATGCTCG_005,102
AGTCGTGTCCCGCATGCTCG_006,82
AGTCGTGTCCCGCATGCTCG_007,0
AGTCGTGTCCCGCATGCTCG_008,34
AATCCCACATTTCAACACCC_001,185
AATCCCACATTTCAACACCC_002,88
GCTGACTGATGAGGGCGAGT_001,166
GCTGACTGATGAGGGCGAGT_002,51
GCTGACTGATGAGGGCGAGT_003,2
GCTGACTGATGAGGGCGAGT_004,132
GCTGACTGATGAGGGCGAGT_005,179
TGGTAGATTTCCGATTGTCA_001,48
TGGTAGATTTCCGATTGTCA_002,1
TGGTAGATTTCCGATTGTCA_003,175
TGGTAGATTTCCGATTGTCA_004,56
TGGTAGATTTCCGATTGTCA_005,89
GTAAAAGCATGTCTACCGGA_001,24
CTTACCCAGAATACTAAATG_001,125
CTTACCCAGAATACTAAATG_002,98
CTTACCCAGAATACTAAATG_003,34
CTTACCCAGAATACTAAATG_004,151
TCCTTCTAGGACTCTCTGAG_001,146
TCCTTCTAGGACTCTCTGAG_002,71
TCCTTCTAGGACTCTCTGAG_003,169
TCCTTCTAGGACTCTCTGAG_004,83
TCCTTCTAGGACTCTCTGAG_005,70
TCCTTCTAGGACTCTCTGAG_006,124
TCCTTCTAGGACTCTCTGAG_007,108
TCCTTCTAGGACTCTCTGAG_008,9
TCCTTCTAGGACTCTCTGAG_009,63
ACTGTACACTTTAACCAGCG_001,35
ACTGTACACTTTAACCAGCG_002,4
ACTGTACACTTTAACCAGCG_003,16
ACTGTACACTTTAACCAGCG_004,50
ACTGTACACTTTAACCAGCG_005,28
ACTGTACACTTTAACCAGCG_006,162
AAAAAGAGGAGAATGCTACG_001,113
AAAAAGAGGAGAATGCTACG_002,82
AAAAAGAGGAGAATGCTACG_003,150
AGGAGTCACCCATATCACCG_001,135
CGGCTCGTTCTACGCACTGA_001,174
CGGCTCGTTCTACGCACTGA_002,43
CGGCTCGTTCTACGCACTGA_003,158
CGGCTCGTTCTACGCACTGA_004,81
CGGCTCGTTCTACGCACTGA_005,196
CGGCTCGTTCTACGCACTGA_006,169
CGGCTCGTTCTACGCACTGA_007,75
CGGCTCGTTCTACGCACTGA_008,184
CGGCTCGTTCTACGCACTGA_009,149
CGGCTCGTTCTACGCACTGA_010,1
CGGCTCGTTCTACGCACTGA_011,127
CGGCTCGTTCTACGCACTGA_012,111
CGGCTCGTTCTACGCACTGA_013,0
GGGCATTGCTTCTTGACCTG_001,75
GGGCATTGCTTCTTGACCTG_002,171
GGGCATTGCTTCTTGACCTG_003,58
GGGCATTGCTTCTTGACCTG_004,4
GGGCATTGCTTCTTGACCTG_005,66
GGGCATTGCTTCTTGACCTG_006,148
GTGACTGGTACAACACATGG_001,1
TAAATACAATCCAGGCAGGA_001,177
TAAATACAATCCAGGCAGGA_002,79
TAAATACAATCCAGGCAGGA_003,160
TAAATACAATCCAGGCAGGA_004,182
AGGATCCAGTACGGTGCCGA_001,57
AGGATCCAGTACGGTGCCGA_002,56
AGGATCCAGTACGGTGCCGA_003,154
AGGATCCAGTACGGTGCCGA_004,166
AGGATCCAGTACGGTGCCGA_005,75
AGGATCCAGTACGGTGCCGA_006,190
AGGATCCAGTACGGTGCCGA_007,56
AGGATCCAGTACGGTGCCGA_008,172
AGGATCCAGTACGGTGCCGA_009,157
TCGGGCAACACAAACACATG_001,19
TCGGGCAACACAAACACATG_002,170
TCGGGCAACACAAACACATG_003,113
TCGGGCAACACAAACACATG_004,146
TCGGGCAACACAAACACATG_005,20
TCGGGCAACACAAACACATG_006,111
TCGGGCAACACAAACACATG_007,197
TCGGGCAACACAAACACATG_008,61
TCGGGCAACACAAACACATG_009,58
TCGGGCAACACAAACACATG_010,172
TCGGGCAACACAAACACATG_011,94
TCGGGCAACACAAACACATG_012,70
TCGGGCAACACAAACACATG_013,165
TCGGGCAACACAAACACATG_014,102
TCGGGCAACACAAACACATG_015,165
TCGGGCAACACAAACACATG_016,56
TCGGGCAACACAAACACATG_017,94
TCGGGCAACACAAACACATG_018,116
TCGGGCAACACAAACACATG_019,136
TCGGGCAACACAAACACATG_020,116
TGAACACGACTGCGAGCCGT_001,12
TGGACTGGCCTTCATCCGGA_001,130
TGGACTGGCCTTCATCCGGA_002,178
TGGACTGGCCTTCATCCGGA_003,196
TGGACTGGCCTTCATCCGGA_004,169
TGGACTGGCCTTCATCCGGA_005,94
TGGACTGGCCTTCATCCGGA_006,98
TGGACTGGCCTTCATCCGGA_007,116
TGGACTGGCCTTCATCCGGA_008,58
TGGACTGGCCTTCATCCGGA_009,192
TGGACTGGCCTTCATCCGGA_010,114
TGGACTGGCCTTCATCCGGA_011,48
TGGACTGGCCTTCATCCGGA_012,86
TGGACTGGCCTTCATCCGGA_013,70
TGGACTGGCCTTCATCCGGA_014,191
TGGACTGGCCTTCATCCGGA_015,182
TGGACTGGCCTTCATCCGGA_016,95
TGGACTGGCCTTCATCCGGA_017,199
TGGACTGGCCTTCATCCGGA_018,127
TGGACTGGCCTTCATCCGGA_019,192
TGGACTGGCCTTCATCCGGA_020,80
TGGACTGGCCTTCATCCGGA_021,40
TGGACTGGCCTTCATCCGGA_022,78
TGGACTGGCCTTCATCCGGA_023,70
TGGACTGGCCTTCATCCGGA_024,36
AATCTATGCTGAGGGATGAG_001,65
AATCTATGCTGAGGGATGAG_002,115
AATCTATGCTGAGGGATGAG_003,10
AATCTATGCTGAGGGATGAG_004,18
TACCTTCTTTAAATGCACAG_001,172
TACCTTCTTTAAATGCACAG_002,149
TACCTTCTTTAAATGCACAG_003,34
TACCTTCTTTAAATGCACAG_004,138
TACCTTCTTTAAATGCACAG_005,153
TACCTTCTTTAAATGCACAG_006,48
TACCTTCTTTAAATGCACAG_007,98
TTGTCTCAACTGGTATAGCA_001,122
TTGTCTCAACTGGTATAGCA_002,196
TTGTCTCAACTGGTATAGCA_003,44
TTGTCTCAACTGGTATAGCA_004,34
TTGTCTCAACTGGTATAGCA_005,147
TTGTCTCAACTGGTATAGCA_006,88
TTGTCTCAACTGGTATAGCA_007,140
TTGTCTCAACTGGTATAGCA_008,152
TTGTCTCAACTGGTATAGCA_009,169
TTGTCTCAACTGGTATAGCA_010,17
TTGTCTCAACTGGTATAGCA_011,49
TTGTCTCAACTGGTATAGCA_012,188
GGGAAACTAGAGACTAAAGC_001,175
GGGAAACTAGAGACTAAAGC_002,175
GGGAAACTAGAGACTAAAGC_003,175
GGGAAACTAGAGACTAAAGC_004,199
TCAGATCATCCAGTTCCCTG_001,57
TCAGATCATCCAGTTCCCTG_002,78
TCAGATCATCCAGTTCCCTG_003,153
TCAGATCATCCAGTTCCCTG_004,43
TCAGATCATCCAGTTCCCTG_005,66
TCAGATCATCCAGTTCCCTG_006,104
TCAGATCATCCAGTTCCCTG_007,106
TGTCCCTAGAGCACGTGTCG_001,70
TGTCCCTAGAGCACGTGTCG_002,105
TGTCCCTAGAGCACGTGTCG_003,81
TGTCCCTAGAGCACGTGTCG_004,74
TGTCCCTAGAGCACGTGTCG_005,137
TGTCCCTAGAGCACGTGTCG_006,115
TGTCCCTAGAGCACGTGTCG_007,61
TGTCCCTAGAGCACGTGTCG_008,138
TGTCCCTAGAGCACGTGTCG_009,49
TGTCCCTAGAGCACGTGTCG_010,117
ACTGGCCACCAGCAAGACTG_001,76
ACTGGCCACCAGCAAGACTG_002,181
ACTGGCCACCAGCAAGACTG_003,116
ACTGGCCACCAGCAAGACTG_004,169
ACTGGCCACCAGCAAGACTG_005,26
ACTGGCCACCAGCAAGACTG_006,26
ACTGGCCACCAGCAAGACTG_007,32
ACTGGCCACCAGCAAGACTG_008,134
ACTGGCCACCAGCAAGACTG_009,168
ACTGGCCACCAGCAAGACTG_010,5
ACTGGCCACCAGCAAGACTG_011,170
ACTGGCCACCAGCAAGACTG_012,1
ACTGGCCACCAGCAAGACTG_013,61
ACTGGCCACCAGCAAGACTG_014,106
ACTGGCCACCAGCAAGACTG_015,41
GCTGATGAAGCTGTCACTCG_001,150
GCTGATGAAGCTGTCACTCG_002,142
GCTGATGAAGCTGTCACTCG_003,2
GCTGATGAAGCTGTCACTCG_004,148
GCTGATGAAGCTGTCACTCG_005,98
GCTGATGAAGCTGTCACTCG_006,12
GCTGATGAAGCTGTCACTCG_007,43
GCTGATGAAGCTGTCACTCG_008,147
GCTGATGAAGCTGTCACTCG_009,39
CCAAAGAGTATTGTCGAGAG_001,161
TGCGACTACGTGATCGTGAG_001,94
GCTTAGTGACACCGACGCCG_001,147
GCTTAGTGACACCGACGCCG_002,181
GCTTAGTGACACCGACGCCG_003,127
GCTTAGTGACACCGACGCCG_004,81
GCTTAGTGACACCGACGCCG_005,158
GCTTAGTGACACCGACGCCG_006,152
GCTTAGTGACACCGACGCCG_007,19
CATCCTGGGGACAAGCTAGG_001,15
CATCCTGGGGACAAGCTAGG_002,17
CATCCTGGGGACAAGCTAGG_003,185
CATCCTGGGGACAAGCTAGG_004,172
CATCCTGGGGACAAGCTAGG_005,149
CATCCTGGGGACAAGCTAGG_006,27
CATCCTGGGGACAAGCTAGG_007,163
CATCCTGGGGACAAGCTAGG_008,170
CATCCTGGGGACAAGCTAGG_009,23
CATCCTGGGGACAAGCTAGG_010,115
CATCCTGGGGACAAGCTAGG_011,106
CATCCTGGGGACAAGCTAGG_012,82
CATCCTGGGGACAAGCTAGG_013,74
CATCCTGGGGACAAGCTAGG_014,147
CATCCTGGGGACAAGCTAGG_015,172
CATCCTGGGGACAAGCTAGG_016,38
CATCCTGGGGACAAGCTAGG_017,76
CATCCTGGGGACAAGCTAGG_018,166
CATCCTGGGGACAAGCTAGG_019,49
CATCCTGGGGACAAGCTAGG_020,152
CATCCTGGGGACAAGCTAGG_021,66
CATCCTGGGGACAAGCTAGG_022,150
CATCCTGGGGACAAGCTAGG_023,137
CATCCTGGGGACAAGCTAGG_024,146
CATCCTGGGGACAAGCTAGG_025,113
CATCCTGGGGACAAGCTAGG_026,107
CATCCTGGGGACAAGCTAGG_027,34
CATCCTGGGGACAAGCTAGG_028,34
CATCCTGGGGACAAGCTAGG_029,176
CATCCTGGGGACAAGCTAGG_030,199
CATCCTGGGGACAAGCTAGG_031,105
CATCCTGGGGACAAGCTAGG_032,148
CATCCTGGGGACAAGCTAGG_033,180
CATCCTGGGGACAAGCTAGG_034,52
CATCCTGGGGACAAGCTAGG_035,168
CATCCTGGGGACAAGCTAGG_036,142
CATCCTGGGGACAAGCTAGG_037,48
CATCCTGGGGACAAGCTAGG_038,119
CATCCTGGGGACAAGCTAGG_039,125
CGACGCTGGCCCCCTCTGCG_001,6
CGACGCTGGCCCCCTCTGCG_002,12
CGACGCTGGCCCCCTCTGCG_003,98
CGACGCTGGCCCCCTCTGCG_004,124
CGACGCTGGCCCCCTCTGCG_005,61
CGACGCTGGCCCCCTCTGCG_006,118
CGACGCTGGCCCCCTCTGCG_007,169
CGACGCTGGCCCCCTCTGCG_008,102
CGACGCTGGCCCCCTCTGCG_009,104
CGACGCTGGCCCCCTCTGCG_010,9
CGACGCTGGCCCCCTCTGCG_011,130
CGACGCTGGCCCCCTCTGCG_012,28
CGACGCTGGCCCCCTCTGCG_013,177
CGACGCTGGCCCCCTCTGCG_014,27
AATCTAAGTCCTTAAATGTG_001,159
AATCTAAGTCCTTAAATGTG_002,191
AATCTAAGTCCTTAAATGTG_003,25
AATCTAAGTCCTTAAATGTG_004,139
AATCTAAGTCCTTAAATGTG_005,35
GGGCGAGCTCGGTCCTCTCG_001,150
GGGCGAGCTCGGTCCTCTCG_002,105
GGGCGAGCTCGGTCCTCTCG_003,37
GGGCGAGCTCGGTCCTCTCG_004,8
GGGCGAGCTCGGTCCTCTCG_005,140
GGGCGAGCTCGGTCCTCTCG_006,75
GGGCGAGCTCGGTCCTCTCG_007,170
GGGCGAGCTCGGTCCTCTCG_008,123
GGGCGAGCTCGGTCCTCTCG_009,6
GGGCGAGCTCGGTCCTCTCG_010,29
GGGCGAGCTCGGTCCTCTCG_011,72
GGGCGAGCTCGGTCCTCTCG_012,48
GGGCGAGCTCGGTCCTCTCG_013,77
GGGCGAGCTCGGTCCTCTCG_014,148
GGGCGAGCTCGGTCCTCTCG_015,22
GGGCGAGCTCGGTCCTCTCG_016,62
GGGCGAGCTCGGTCCTCTCG_017,2
CAAAGTCCGTGAGCTTAATG_001,8
CAAAGTCCGTGAGCTTAATG_002,160
CAAAGTCCGTGAGCTTAATG_003,185
CAAAGTCCGTGAGCTTAATG_004,166
CAAAGTCCGTGAGCTTAATG_005,148
CAAAGTCCGTGAGCTTAATG_006,11
CAAAGTCCGTGAGCTTAATG_007,111
CAAAGTCCGTGAGCTTAATG_008,48
CAAAGTCCGTGAGCTTAATG_009,189
CAAAGTCCGTGAGCTTAATG_010,153
CAAAGTCCGTGAGCTTAATG_011,148
CAAAGTCCGTGAGCTTAATG_012,142
ACAACTATGGTGGACATTGG_001,196
ACAACTATGGTGGACATTGG_002,33
ACAACTATGGTGGACATTGG_003,113
ACAACTATGGTGGACATTGG_004,145
ACAACTATGGTGGACATTGG_005,59
ACAACTATGGTGGACATTGG_006,48
ACAACTATGGTGGACATTGG_007,84
ACAACTATGGTGGACATTGG_008,145
ACAACTATGGTGGACATTGG_009,98
ACAACTATGGTGGACATTGG_010,12
ACAACTATGGTGGACATTGG_011,118
TGTTCGATACCAGCCGGTAG_001,144
TGTTCGATACCAGCCGGTAG_002,121
AGTGAATGAATTGTGTCAGT_001,171
AGTGAATGAATTGTGTCAGT_002,113
AGTGAATGAATTGTGTCAGT_003,150
AGTGAATGAATTGTGTCAGT_004,179
AGTGAATGAATTGTGTCAGT_005,70
AGTGAATGAATTGTGTCAGT_006,163
AGTGAATGAATTGTGTCAGT_007,175
CGAATTAGAATAAGCCACCA_001,48
CGAATTAGAATAAGCCACCA_002,41
CGAATTAGAATAAGCCACCA_003,49
TTCGAGAGCCCAGGTTACGA_001,82
TTCGAGAGCCCAGGTTACGA_002,76
TTCGAGAGCCCAGGTTACGA_003,149
TTCGAGAGCCCAGGTTACGA_004,22
TTCGAGAGCCCAGGTTACGA_005,126
TTCGAGAGCCCAGGTTACGA_006,17
TTCGAGAGCCCAGGTTACGA_007,62
TTCGAGAGCCCAGGTTACGA_008,176
TGCTCGATGTGTGTTTGACA_001,104
ATACATCTAGAAAGAACCAG_001,108
ATACATCTAGAAAGAACCAG_002,161
ATACATCTAGAAAGAACCAG_003,80
ATACATCTAGAAAGAACCAG_004,108
ATACATCTAGAAAGAACCAG_005,108
ATACATCTAGAAAGAACCAG_006,44
ATACATCTAGAAAGAACCAG_007,70
ATACATCTAGAAAGAACCAG_008,124
ATACATCTAGAAAGAACCAG_009,116
ATACATCTAGAAAGAACCAG_010,16
ATACATCTAGAAAGAACCAG_011,174
ATACATCTAGAAAGAACCAG_012,34
ATACATCTAGAAAGAACCAG_013,116
ATACATCTAGAAAGAACCAG_014,152
ATACATCTAGAAAGAACCAG_015,39
AGGAACTACTACGAACAATG_001,179
AGGAACTACTACGAACAATG_002,26
AGGAACTACTACGAACAATG_003,19
AGGAACTACTACGAACAATG_004,145
AGGAACTACTACGAACAATG_005,10
ACCCAGCACTCACCTATCGA_001,130
ACCCAGCACTCACCTATCGA_002,166
ACCCAGCACTCACCTATCGA_003,153
ACCCAGCACTCACCTATCGA_004,184
ACCCAGCACTCACCTATCGA_005,197
ACCCAGCACTCACCTATCGA_006,39
ACCCAGCACTCACCTATCGA_007,26
GGATCCTCTAGGCCACAACG_001,127
GGATCCTCTAGGCCACAACG_002,170
GGATCCTCTAGGCCACAACG_003,126
GGATCCTCTAGGCCACAACG_004,38
GGATCCTCTAGGCCACAACG_005,10
GGATCCTCTAGGCCACAACG_006,69
GGATCCTCTAGGCCACAACG_007,46
GGATCCTCTAGGCCACAACG_008,56
CGGGAGATGAACTCTCCCCG_001,53
CGGGAGATGAACTCTCCCCG_002,1
CGGGAGATGAACTCTCCCCG_003,192
CGGGAGATGAACTCTCCCCG_004,121
CGGGAGATGAACTCTCCCCG_005,41
CGGGAGATGAACTCTCCCCG_006,86
CGGGAGATGAACTCTCCCCG_007,32
CGGGAGATGAACTCTCCCCG_008,49
CGGGAGATGAACTCTCCCCG_009,45
CGGGAGATGAACTCTCCCCG_010,86
CGGGAGATGAACTCTCCCCG_011,68
CGGGAGATGAACTCTCCCCG_012,158
CGGGAGATGAACTCTCCCCG_013,136
GGGCGACTGGACGCTAAGTG_001,94
GGGCGACTGGACGCTAAGTG_002,58
GGGCGACTGGACGCTAAGTG_003,154
GGGCGACTGGACGCTAAGTG_004,116
GGGCGACTGGACGCTAAGTG_005,183
GGGCGACTGGACGCTAAGTG_006,70
GGTGACACCCAATTGCCGGG_001,126
TAAACCAAGGGAACATGCCA_001,194
TAAACCAAGGGAACATGCCA_002,134
TAAACCAAGGGAACATGCCA_003,106
TAAACCAAGGGAACATGCCA_004,141
TAAACCAAGGGAACATGCCA_005,72
TAAACCAAGGGAACATGCCA_006,93
TAAACCAAGGGAACATGCCA_007,173
TAAACCAAGGGAACATGCCA_008,150
TAAACCAAGGGAACATGCCA_009,1
TAAACCAAGGGAACATGCCA_010,144
TAAACCAAGGGAACATGCCA_011,168
TAAACCAAGGGAACATGCCA_012,170
TAAACCAAGGGAACATGCCA_013,48
TAAACCAAGGGAACATGCCA_014,100
CCGGCTATCATTGAAAGCGA_001,80
CCGGCTATCATTGAAAGCGA_002,161
CCGGCTATCATTGAAAGCGA_003,137
CCGGCTATCATTGAAAGCGA_004,158
CCGGCTATCATTGAAAGCGA_005,121
CCGGCTATCATTGAAAGCGA_006,166
CCGGCTATCATTGAAAGCGA_007,152
CCGGCTATCATTGAAAGCGA_008,81
CCGGCTATCATTGAAAGCGA_009,28
GCTTGGAGCCTGTATCGGCG_001,132
GCTTGGAGCCTGTATCGGCG_002,27
GCTTGGAGCCTGTATCGGCG_003,136
GCTTGGAGCCTGTATCGGCG_004,7
GCTTGGAGCCTGTATCGGCG_005,10
GCTTGGAGCCTGTATCGGCG_006,177
GCTTGGAGCCTGTATCGGCG_007,1
GCTTGGAGCCTGTATCGGCG_008,165
TGAACAGTACCGCCTGCAGA_001,107
TGAACAGTACCGCCTGCAGA_002,171
GAAGCAGCGCTGGTCAAGAG_001,121
GAAGCAGCGCTGGTCAAGAG_002,169
GAAGCAGCGCTGGTCAAGAG_003,154
GAAGCAGCGCTGGTCAAGAG_004,29
GAAGCAGCGCTGGTCAAGAG_005,56
GAAGCAGCGCTGGTCAAGAG_006,56
GAAGCAGCGCTGGTCAAGAG_007,42
GAAGCAGCGCTGGTCAAGAG_008,130
GAAGCAGCGCTGGTCAAGAG_009,132
GAAGCAGCGCTGGTCAAGAG_010,194
GAAGCAGCGCTGGTCAAGAG_011,12
GAAGCAGCGCTGGTCAAGAG_012,160
GAAGCAGCGCTGGTCAAGAG_013,178
GAAGCAGCGCTGGTCAAGAG_014,46
GAAGCAGCGCTGGTCAAGAG_015,168
GAAGCAGCGCTGGTCAAGAG_016,157
GAAGCAGCGCTGGTCAAGAG_017,144
GAAGCAGCGCTGGTCAAGAG_018,0
GAAGCAGCGCTGGTCAAGAG_019,199
GAAGCAGCGCTGGTCAAGAG_020,41
GAAGCAGCGCTGGTCAAGAG_021,116
GGAGGCACAGAACCCAAACC_001,19
GGAGGCACAGAACCCAAACC_002,160
GGAGGCACAGAACCCAAACC_003,198
GGAGGCACAGAACCCAAACC_004,30
GGAGGCACAGAACCCAAACC_005,30
GGAGGCACAGAACCCAAACC_006,45
GGAGGCACAGAACCCAAACC_007,157
GGAGGCACAGAACCCAAACC_008,177
GGAGGCACAGAACCCAAACC_009,19
GGAGGCACAGAACCCAAACC_010,141
GGAGGCACAGAACCCAAACC_011,49
GGAGGCACAGAACCCAAACC_012,34
GGAGGCACAGAACCCAAACC_013,41
GGAGGCACAGAACCCAAACC_014,10
GGAGGCACAGAACCCAAACC_015,22
GGAGGCACAGAACCCAAACC_016,78
GGAGGCACAGAACCCAAACC_017,198
GGAGGCACAGAACCCAAACC_018,3
GGAGGCACAGAACCCAAACC_019,17
GGAGGCACAGAACCCAAACC_020,0
GGAAGAGCTCGAGACACATG_001,134
GGAAGAGCTCGAGACACATG_002,163
GGAAGAGCTCGAGACACATG_003,186
GGAAGAGCTCGAGACACATG_004,159
GGAAGAGCTCGAGACACATG_005,127
GGAAGAGCTCGAGACACATG_006,174
GGAAGAGCTCGAGACACATG_007,165
GGAAGAGCTCGAGACACATG_008,56
GGAAGAGCTCGAGACACATG_009,138
GGAAGAGCTCGAGACACATG_010,168
AGACCCCTTACGAGAGATCG_001,188
AGACCCCTTACGAGAGATCG_002,41
AGACCCCTTACGAGAGATCG_003,41
AGACCCCTTACGAGAGATCG_004,9
AGACCCCTTACGAGAGATCG_005,18
AGACCCCTTACGAGAGATCG_006,118
AGACCCCTTACGAGAGATCG_007,132
AGACCCCTTACGAGAGATCG_008,10
AGACCCCTTACGAGAGATCG_009,179
AGACCCCTTACGAGAGATCG_010,47
AGACCCCTTACGAGAGATCG_011,36
AGACCCCTTACGAGAGATCG_012,130
AGACCCCTTACGAGAGATCG_013,33
AGACCCCTTACGAGAGATCG_014,43
AGACCCCTTACGAGAGATCG_015,174
AGACCCCTTACGAGAGATCG_016,65
AGACCCCTTACGAGAGATCG_017,145
ACTATCTTCCCATCTCAAAA_001,25
ACTATCTTCCCATCTCAAAA_002,85
ACTATCTTCCCATCTCAAAA_003,24
ACTATCTTCCCATCTCAAAA_004,68
ACTATCTTCCCATCTCAAAA_005,1
ACTATCTTCCCATCTCAAAA_006,158
ACTATCTTCCCATCTCAAAA_007,88
AGAAAACAGCCTACGAGCTG_001,97
AGAAAACAGCCTACGAGCTG_002,58
AGAAAACAGCCTACGAGCTG_003,116
AGAAAACAGCCTACGAGCTG_004,5
AGAAAACAGCCTACGAGCTG_005,9
AGAAAACAGCCTACGAGCTG_006,1
AGAAAACAGCCTACGAGCTG_007,6
AGAAAACAGCCTACGAGCTG_008,6
AGAAAACAGCCTACGAGCTG_009,169
AGAAAACAGCCTACGAGCTG_010,172
AGAAAACAGCCTACGAGCTG_011,139
AGAAAACAGCCTACGAGCTG_012,122
AGAAAACAGCCTACGAGCTG_013,102
GTTGGGCCTCCCCTTACTAA_001,63
GTTGGGCCTCCCCTTACTAA_002,106
GTTGGGCCTCCCCTTACTAA_003,194
GTTGGGCCTCCCCTTACTAA_004,124
GTTGGGCCTCCCCTTACTAA_005,19
GTTGGGCCTCCCCTTACTAA_006,179
GTTGGGCCTCCCCTTACTAA_007,68
GTTGGGCCTCCCCTTACTAA_008,48
GTTGGGCCTCCCCTTACTAA_009,182
GTTGGGCCTCCCCTTACTAA_010,63
GTTGGGCCTCCCCTTACTAA_011,63
GTTGGGCCTCCCCTTACTAA_012,56
TGTTCCAGTACACCGCATGC_001,41
TGTTCCAGTACACCGCATGC_002,43
TGTTCCAGTACACCGCATGC_003,9
ACTGGTATTGAAGTTCGGGG_001,182
ACTGGTATTGAAGTTCGGGG_002,63
ACTGGTATTGAAGTTCGGGG_003,116
ACTGGTATTGAAGTTCGGGG_004,160
ACTGGTATTGAAGTTCGGGG_005,19
ACTGGTATTGAAGTTCGGGG_006,138
ACTGGTATTGAAGTTCGGGG_007,11
ACTGGTATTGAAGTTCGGGG_008,49
ACTGGTATTGAAGTTCGGGG_009,179
ACTGGTATTGAAGTTCGGGG_010,73
ACTGGTATTGAAGTTCGGGG_011,2
ACTGGTATTGAAGTTCGGGG_012,150
ACTGGTATTGAAGTTCGGGG_013,54
ACTGGTATTGAAGTTCGGGG_014,45
ACTGGTATTGAAGTTCGGGG_015,83
ACTGGTATTGAAGTTCGGGG_016,33
ACTGGTATTGAAGTTCGGGG_017,132
ACTGGTATTGAAGTTCGGGG_018,53
ACTGGTATTGAAGTTCGGGG_019,169
ACTGGTATTGAAGTTCGGGG_020,47
ACTGGTATTGAAGTTCGGGG_021,178
ACTGGTATTGAAGTTCGGGG_022,172
ACTGGTATTGAAGTTCGGGG_023,158
ACTGGTATTGAAGTTCGGGG_024,60
ACTGGTATTGAAGTTCGGGG_025,35
ACTGGTATTGAAGTTCGGGG_026,160
ACTGGTATTGAAGTTCGGGG_027,68
ACTGGTATTGAAGTTCGGGG_028,144
AAAAGGTGGCGATACTGATG_001,57
GCGAACACCCGAGATCTCAG_001,198
GCGAACACCCGAGATCTCAG_002,144
GCGAACACCCGAGATCTCAG_003,103
GCGAACACCCGAGATCTCAG_004,145
ATGGAGCCAAGAATATAATG_001,169
AGGCTTCAACGTGGAAACCG_001,49
AGGCTTCAACGTGGAAACCG_002,147
AGGCTTCAACGTGGAAACCG_003,94
AGGCTTCAACGTGGAAACCG_004,77
AGGCTTCAACGTGGAAACCG_005,156
AGGCTTCAACGTGGAAACCG_006,129
AGGCTTCAACGTGGAAACCG_007,42
AGGCTTCAACGTGGAAACCG_008,198
AGGCTTCAACGTGGAAACCG_009,149
GAGAACATCTACATCAGCGT_001,116
GAGAACATCTACATCAGCGT_002,194
GAGAACATCTACATCAGCGT_003,32
GAGAACATCTACATCAGCGT_004,76
GAGAACATCTACATCAGCGT_005,133
CAGCTCCCTCTAGTCCCGCG_001,115
CAGCTCCCTCTAGTCCCGCG_002,34
CAGCTCCCTCTAGTCCCGCG_003,95
CAGCTCCCTCTAGTCCCGCG_004,126
CAGCTCCCTCTAGTCCCGCG_005,174
CAGCTCCCTCTAGTCCCGCG_006,129
CAGCTCCCTCTAGTCCCGCG_007,42
CAGCTCCCTCTAGTCCCGCG_008,15
CAGGGCGAGAGTATGCGCGT_001,96
CAGGGCGAGAGTATGCGCGT_002,50
CAGGGCGAGAGTATGCGCGT_003,172
CAGGGCGAGAGTATGCGCGT_004,15
CAGGGCGAGAGTATGCGCGT_005,116
CAGGGCGAGAGTATGCGCGT_006,63
CAGGGCGAGAGTATGCGCGT_007,2
CAGCTTTGACAACAGACTGT_001,79
CAGCTTTGACAACAGACTGT_002,79
CAGCTTTGACAACAGACTGT_003,32
CAGCTTTGACAACAGACTGT_004,82
CAGCTTTGACAACAGACTGT_005,64
CAGCTTTGACAACAGACTGT_006,172
CAGCTTTGACAACAGACTGT_007,33
CAGCTTTGACAACAGACTGT_008,155
CCGGGCCGCTTGTAGCGCCG_001,52
CCGGGCCGCTTGTAGCGCCG_002,53
ATGCCGTGCGGGGTCCCGAG_001,115
ATGCCGTGCGGGGTCCCGAG_002,179
ATGCCGTGCGGGGTCCCGAG_003,123
ATGCCGTGCGGGGTCCCGAG_004,8
ATGCCGTGCGGGGTCCCGAG_005,32
ATGCCGTGCGGGGTCCCGAG_006,83
ATGCCGTGCGGGGTCCCGAG_007,128
ATGCCGTGCGGGGTCCCGAG_008,78
ATGCCGTGCGGGGTCCCGAG_009,89
ATGCCGTGCGGGGTCCCGAG_010,95
ATGCCGTGCGGGGTCCCGAG_011,19
GGAGGAATTTCACTGCAATG_001,169
CCAGAGCCGCGTCTTCTCCG_001,150
CCAGAGCCGCGTCTTCTCCG_002,116
CCAGAGCCGCGTCTTCTCCG_003,20
CCAGAGCCGCGTCTTCTCCG_004,76
CCAGAGCCGCGTCTTCTCCG_005,2
CCAGAGCCGCGTCTTCTCCG_006,120
CCAGAGCCGCGTCTTCTCCG_007,20
CCAGAGCCGCGTCTTCTCCG_008,83
GCGCTCGTCACTCAAGCCAA_001,182
GCGCTCGTCACTCAAGCCAA_002,178
GCGCTCGTCACTCAAGCCAA_003,36
GCGCTCGTCACTCAAGCCAA_004,40
GCGCTCGTCACTCAAGCCAA_005,68
AAGATCGAACAGTTGTGCTC_001,1
AAGATCGAACAGTTGTGCTC_002,153
AAGATCGAACAGTTGTGCTC_003,188
AAGATCGAACAGTTGTGCTC_004,145
AAGATCGAACAGTTGTGCTC_005,43
AAGATCGAACAGTTGTGCTC_006,96
AAGATCGAACAGTTGTGCTC_007,61
AAGATCGAACAGTTGTGCTC_008,169
AAGATCGAACAGTTGTGCTC_009,79
AAGATCGAACAGTTGTGCTC_010,150
AAGATCGAACAGTTGTGCTC_011,45
AAGATCGAACAGTTGTGCTC_012,149
AAGATCGAACAGTTGTGCTC_013,154
AAGATCGAACAGTTGTGCTC_014,192
AAGATCGAACAGTTGTGCTC_015,20
AAGATCGAACAGTTGTGCTC_016,77
AAGATCGAACAGTTGTGCTC_017,94
AAGATCGAACAGTTGTGCTC_018,12
AAGATCGAACAGTTGTGCTC_019,145
AAGATCGAACAGTTGTGCTC_020,16
AAGATCGAACAGTTGTGCTC_021,16
AAGATCGAACAGTTGTGCTC_022,173
AAGATCGAACAGTTGTGCTC_023,166
AAGATCGAACAGTTGTGCTC_024,12
AAGATCGAACAGTTGTGCTC_025,173
AAGATCGAACAGTTGTGCTC_026,105
AAGATCGAACAGTTGTGCTC_027,18
AAGATCGAACAGTTGTGCTC_028,10
AAGATCGAACAGTTGTGCTC_029,19
AAGATCGAACAGTTGTGCTC_030,177
AAGATCGAACAGTTGTGCTC_031,126
AAGATCGAACAGTTGTGCTC_032,34
AAGATCGAACAGTTGTGCTC_033,5
AATGAGGTGATATGTCCATG_001,130
AATGAGGTGATATGTCCATG_002,40
AATGAGGTGATATGTCCATG_003,3
AATGAGGTGATATGTCCATG_004,151
AATGAGGTGATATGTCCATG_005,144
AATGAGGTGATATGTCCATG_006,32
AATGAGGTGATATGTCCATG_007,115
AATGAGGTGATATGTCCATG_008,12
ACAGAAACACTATTCAGAAT_001,150
ACAGAAACACTATTCAGAAT_002,140
ACAGAAACACTATTCAGAAT_003,10
ACAGAAACACTATTCAGAAT_004,174
GGGAAATCGACAAAATTGTG_001,12
GGGAAATCGACAAAATTGTG_002,37
AAGATCTTGATGGTTCCGGG_001,106
AAGATCTTGATGGTTCCGGG_002,166
AAGATCTTGATGGTTCCGGG_003,30
AAGATCTTGATGGTTCCGGG_004,20
AAGATCTTGATGGTTCCGGG_005,134
AAGATCTTGATGGTTCCGGG_006,69
AAGATCTTGATGGTTCCGGG_007,143
AAGATCTTGATGGTTCCGGG_008,43
AAGATCTTGATGGTTCCGGG_009,50
AAGATCTTGATGGTTCCGGG_010,65
AAGATCTTGATGGTTCCGGG_011,6
AAGATCTTGATGGTTCCGGG_012,29
AAGATCTTGATGGTTCCGGG_013,186
AAGATCTTGATGGTTCCGGG_014,104
AAGATCTTGATGGTTCCGGG_015,43
AAGATCTTGATGGTTCCGGG_016,103
AAGATCTTGATGGTTCCGGG_017,11
AAGATCTTGATGGTTCCGGG_018,157
AAGATCTTGATGGTTCCGGG_019,145
TAACTGAAAATGCTTCACCG_001,10
TAACTGAAAATGCTTCACCG_002,42
TAACTGAAAATGCTTCACCG_003,91
TAACTGAAAATGCTTCACCG_004,18
TAACTGAAAATGCTTCACCG_005,137
TAACTGAAAATGCTTCACCG_006,27
TGGAAAACACAGACAGCACG_001,42
TGGAAAACACAGACAGCACG_002,113
TGGAAAACACAGACAGCACG_003,94
TGGAAAACACAGACAGCACG_004,17
TGGAAAACACAGACAGCACG_005,192
TGGAAAACACAGACAGCACG_006,178
TGGAAAACACAGACAGCACG_007,171
TGGAAAACACAGACAGCACG_008,188
TGGAAAACACAGACAGCACG_009,174
TGGAAAACACAGACAGCACG_010,26
TGGAAAACACAGACAGCACG_011,27
TGGAAAACACAGACAGCACG_012,150
TGGAAAACACAGACAGCACG_013,104
GGCAGTGCTTAAAATAGGTG_001,34
GGCAGTGCTTAAAATAGGTG_002,63
GGCAGTGCTTAAAATAGGTG_003,159
GGCAGTGCTTAAAATAGGTG_004,171
GGCAGTGCTTAAAATAGGTG_005,160
GGCAGTGCTTAAAATAGGTG_006,185
GGCAGTGCTTAAAATAGGTG_007,9
GAAGGTCAGAGTGTTACCGC_001,36
GAAGGTCAGAGTGTTACCGC_002,134
GAAGGTCAGAGTGTTACCGC_003,127
CATAGGCCATCACAGCTAGG_001,36
CATAGGCCATCACAGCTAGG_002,130
CATAGGCCATCACAGCTAGG_003,59
CATAGGCCATCACAGCTAGG_004,192
CATAGGCCATCACAGCTAGG_005,158
CATAGGCCATCACAGCTAGG_006,115
CATAGGCCATCACAGCTAGG_007,184
CATAGGCCATCACAGCTAGG_008,127
TCAGTTCCGCAATCAGGCCA_001,127
TCAGTTCCGCAATCAGGCCA_002,48
TCAGTTCCGCAATCAGGCCA_003,62
TCAGTTCCGCAATCAGGCCA_004,174
TCAGTTCCGCAATCAGGCCA_005,69
TCAGTTCCGCAATCAGGCCA_006,2
TCAGTTCCGCAATCAGGCCA_007,115
TCAGTTCCGCAATCAGGCCA_008,128
TCAGTTCCGCAATCAGGCCA_009,47
TCAGTTCCGCAATCAGGCCA_010,131
TCAGTTCCGCAATCAGGCCA_011,77
TCAGTTCCGCAATCAGGCCA_012,81
TCAGTTCCGCAATCAGGCCA_013,50
TCAGTTCCGCAATCAGGCCA_014,146
TCAGTTCCGCAATCAGGCCA_015,161
TGGACCGATTGTACGCTCAG_001,117
TGGACCGATTGTACGCTCAG_002,170
TGGACCGATTGTACGCTCAG_003,132
TGGACCGATTGTACGCTCAG_004,77
TGGACCGATTGTACGCTCAG_005,105
TGGACCGATTGTACGCTCAG_006,15
TGGACCGATTGTACGCTCAG_007,46
TGGACCGATTGTACGCTCAG_008,198
TGGACCGATTGTACGCTCAG_009,62
TGGACCGATTGTACGCTCAG_010,21
TGGACCGATTGTACGCTCAG_011,149
GACCCCAGGAAGTTACAGAG_001,114
GACCCCAGGAAGTTACAGAG_002,41
GACCCCAGGAAGTTACAGAG_003,41
GACCCCAGGAAGTTACAGAG_004,194
GACCCCAGGAAGTTACAGAG_005,152
GACCCCAGGAAGTTACAGAG_006,4
GACCCCAGGAAGTTACAGAG_007,5
GACCCCAGGAAGTTACAGAG_008,97
GACCCCAGGAAGTTACAGAG_009,142
GACCCCAGGAAGTTACAGAG_010,124
GACCCCAGGAAGTTACAGAG_011,73
GACCCCAGGAAGTTACAGAG_012,148
TGAGAAAAAAGCAACTTAAA_001,69
TAATTGCCTGTGTGTCAATG_001,101
TAATTGCCTGTGTGTCAATG_002,94
TAATTGCCTGTGTGTCAATG_003,199
TAATTGCCTGTGTGTCAATG_004,17
TAATTGCCTGTGTGTCAATG_005,88
TAATTGCCTGTGTGTCAATG_006,17
TAATTGCCTGTGTGTCAATG_007,182
TAATTGCCTGTGTGTCAATG_008,148
CACTAACTATAACTGGCGGG_001,183
CACTAACTATAACTGGCGGG_002,141
CACTAACTATAACTGGCGGG_003,198
ATTCGCACGACCTTTCTGGT_001,24
ATTCGCACGACCTTTCTGGT_002,162
ATTCGCACGACCTTTCTGGT_003,59
ATTCGCACGACCTTTCTGGT_004,147
ATTCGCACGACCTTTCTGGT_005,146
ATTCGCACGACCTTTCTGGT_006,104
ATTCGCACGACCTTTCTGGT_007,180
ATTCGCACGACCTTTCTGGT_008,52
ATTCGCACGACCTTTCTGGT_009,3
AAACACCATACCACTAGCAG_001,85
AAACACCATACCACTAGCAG_002,62
AAACACCATACCACTAGCAG_003,12
AAACACCATACCACTAGCAG_004,75
AAACACCATACCACTAGCAG_005,150
AAACACCATACCACTAGCAG_006,139
ACGAGCAGCTGAGCATCGCG_001,32
ACGAGCAGCTGAGCATCGCG_002,112
ACGAGCAGCTGAGCATCGCG_003,95
ACGAGCAGCTGAGCATCGCG_004,67
ACGAGCAGCTGAGCATCGCG_005,141
ACGAGCAGCTGAGCATCGCG_006,169
ACGAGCAGCTGAGCATCGCG_007,115
ACGAGCAGCTGAGCATCGCG_008,91
ACGAGCAGCTGAGCATCGCG_009,108
ACGAGCAGCTGAGCATCGCG_010,37
ACGAGCAGCTGAGCATCGCG_011,40
TTAATTCCACATACCGCTTG_001,19
TTAATTCCACATACCGCTTG_002,108
TTAATTCCACATACCGCTTG_003,60
TTAATTCCACATACCGCTTG_004,30
TTAATTCCACATACCGCTTG_005,140
AAGTCCCAACAACTCCTGGT_001,197
AAGTCCCAACAACTCCTGGT_002,16
AAGTCCCAACAACTCCTGGT_003,199
AAGTCCCAACAACTCCTGGT_004,122
AAGTCCCAACAACTCCTGGT_005,102
AAGTCCCAACAACTCCTGGT_006,83
AAGTCCCAACAACTCCTGGT_007,151
AAGTCCCAACAACTCCTGGT_008,12
AAGTCCCAACAACTCCTGGT_009,152
AAGTCCCAACAACTCCTGGT_010,91
AAGTCCCAACAACTCCTGGT_011,46
AAGTCCCAACAACTCCTGGT_012,24
AAGTCCCAACAACTCCTGGT_013,61
AAGTCCCAACAACTCCTGGT_014,96
AAGTCCCAACAACTCCTGGT_015,52
AAGTCCCAACAACTCCTGGT_016,63
GCACAGACATCCCTTCCCGG_001,145
GCACAGACATCCCTTCCCGG_002,5
GCACAGACATCCCTTCCCGG_003,141
GCACAGACATCCCTTCCCGG_004,36
GCACAGACATCCCTTCCCGG_005,6
GCACAGACATCCCTTCCCGG_006,65
GCACAGACATCCCTTCCCGG_007,31
GCACAGACATCCCTTCCCGG_008,32
GCACAGACATCCCTTCCCGG_009,62
GCACAGACATCCCTTCCCGG_010,105
GCACAGACATCCCTTCCCGG_011,149
GCACAGACATCCCTTCCCGG_012,188
GCACAGACATCCCTTCCCGG_013,151
GCACAGACATCCCTTCCCGG_014,173
GCACAGACATCCCTTCCCGG_015,41
GCACAGACATCCCTTCCCGG_016,31
GCACAGACATCCCTTCCCGG_017,23
GCACAGACATCCCTTCCCGG_018,31
GCACAGACATCCCTTCCCGG_019,150
GCACAGACATCCCTTCCCGG_020,49
GCACAGACATCCCTTCCCGG_021,150
GCACAGACATCCCTTCCCGG_022,136
GCACAGACATCCCTTCCCGG_023,17
GCACAGACATCCCTTCCCGG_024,5
GCACAGACATCCCTTCCCGG_025,18
GCACAGACATCCCTTCCCGG_026,191
GCACAGACATCCCTTCCCGG_027,17
GCACAGACATCCCTTCCCGG_028,12
GCACAGACATCCCTTCCCGG_029,124
GGAACTGGTCGCGTTCGGGC_001,192
GGAACTGGTCGCGTTCGGGC_002,1
GGAACTGGTCGCGTTCGGGC_003,50
GGAACTGGTCGCGTTCGGGC_004,140
GGAACTGGTCGCGTTCGGGC_005,199
GGAACTGGTCGCGTTCGGGC_006,124
GGAACTGGTCGCGTTCGGGC_007,15
GGAACTGGTCGCGTTCGGGC_008,124
TGTGGAGACTGAATAACTGA_001,197
TGTGGAGACTGAATAACTGA_002,128
TGTGGAGACTGAATAACTGA_003,165
CCTTGATGAAGCACTCGTTG_001,135
CCTTGATGAAGCACTCGTTG_002,74
CCTTGATGAAGCACTCGTTG_003,189
CCTTGATGAAGCACTCGTTG_004,12
AAACACTTTATCTCGCATGG_001,91
AAACACTTTATCTCGCATGG_002,57
TGTGATCCTGCTCATGACGT_001,121
TGTGATCCTGCTCATGACGT_002,12
TGTGATCCTGCTCATGACGT_003,112
TGTGATCCTGCTCATGACGT_004,180
TGTGATCCTGCTCATGACGT_005,46
TGTGATCCTGCTCATGACGT_006,154
ATAAATACTGTCCATTCATG_001,183
ACAGCAAGAGGAAACCCTAG_001,181
ACAGCAAGAGGAAACCCTAG_002,175
ACAGCAAGAGGAAACCCTAG_003,172
ACAGCAAGAGGAAACCCTAG_004,104
ACAGCAAGAGGAAACCCTAG_005,183
ACAGCAAGAGGAAACCCTAG_006,182
ACAGCAAGAGGAAACCCTAG_007,5
ACAGCAAGAGGAAACCCTAG_008,118
ACAGCAAGAGGAAACCCTAG_009,191
ACAGCAAGAGGAAACCCTAG_010,146
ACAGCAAGAGGAAACCCTAG_011,163
ACAGCAAGAGGAAACCCTAG_012,139
ACAGCAAGAGGAAACCCTAG_013,188
ACAGCAAGAGGAAACCCTAG_014,81
ACAGCAAGAGGAAACCCTAG_015,106
ACAGCAAGAGGAAACCCTAG_016,126
ACAGCAAGAGGAAACCCTAG_017,151
TGAGACAACCATACTCACAG_001,165
TGAGACAACCATACTCACAG_002,3
TGAGACAACCATACTCACAG_003,112
TGAGACAACCATACTCACAG_004,9
TGAGACAACCATACTCACAG_005,76
TGAGACAACCATACTCACAG_006,158
TGAGACAACCATACTCACAG_007,91
TGAGACAACCATACTCACAG_008,38
TGAGACAACCATACTCACAG_009,98
AGCTTTGGCCATGTCCACCC_001,147
TGCATACTCCCGGTACTCAG_001,105
TGCATACTCCCGGTACTCAG_002,188
TGCATACTCCCGGTACTCAG_003,48
TGCATACTCCCGGTACTCAG_004,175
TGCATACTCCCGGTACTCAG_005,60
TGCATACTCCCGGTACTCAG_006,88
ACAATCATCAGATGTCACAG_001,133
ACAATCATCAGATGTCACAG_002,128
ACAATCATCAGATGTCACAG_003,49
ACAATCATCAGATGTCACAG_004,193
ACAATCATCAGATGTCACAG_005,161
ACAATCATCAGATGTCACAG_006,103
ACAATCATCAGATGTCACAG_007,102
ACAATCATCAGATGTCACAG_008,71
ACAATCATCAGATGTCACAG_009,28
ACAATCATCAGATGTCACAG_010,166
ACAATCATCAGATGTCACAG_011,94
ACAATCATCAGATGTCACAG_012,124
ACAATCATCAGATGTCACAG_013,110
ACAATCATCAGATGTCACAG_014,169
ACAATCATCAGATGTCACAG_015,148
ACAATCATCAGATGTCACAG_016,130
ACAATCATCAGATGTCACAG_017,184
GGTGCAGCCGATAGCGCTCG_001,61
GGTGCAGCCGATAGCGCTCG_002,27
CTTACATCATGTGACTGTTC_001,198
CTTACATCATGTGACTGTTC_002,6
TGATCTTTGATGACTATCGA_001,77
TGATCTTTGATGACTATCGA_002,34
TGATCTTTGATGACTATCGA_003,88
TGATCTTTGATGACTATCGA_004,184
TGATCTTTGATGACTATCGA_005,149
TGATCTTTGATGACTATCGA_006,108
ATCAAATTGCCTCTGCAACA_001,153
ATCAAATTGCCTCTGCAACA_002,31
ATCAAATTGCCTCTGCAACA_003,198
ATCAAATTGCCTCTGCAACA_004,70
ATCAAATTGCCTCTGCAACA_005,89
ATCAAATTGCCTCTGCAACA_006,15
ATCAAATTGCCTCTGCAACA_007,5
ATCAAATTGCCTCTGCAACA_008,55
ATCAAATTGCCTCTGCAACA_009,57
TAACTCACCGAGCCGCATGT_001,127
TAACTCACCGAGCCGCATGT_002,127
TAACTCACCGAGCCGCATGT_003,70
TAACTCACCGAGCCGCATGT_004,169
TAACTCACCGAGCCGCATGT_005,122
TAACTCACCGAGCCGCATGT_006,171
TAACTCACCGAGCCGCATGT_007,16
TAACTCACCGAGCCGCATGT_008,57
TAACTCACCGAGCCGCATGT_009,190
TAACTCACCGAGCCGCATGT_010,120
TAACTCACCGAGCCGCATGT_011,143
TAACTCACCGAGCCGCATGT_012,82
TAACTCACCGAGCCGCATGT_013,45
TAACTCACCGAGCCGCATGT_014,174
TAACTCACCGAGCCGCATGT_015,46
TAACTCACCGAGCCGCATGT_016,43
TTCTTCAAAGCTCCTTTCAG_001,101
TTCTTCAAAGCTCCTTTCAG_002,176
TTCTTCAAAGCTCCTTTCAG_003,42
TTCTTCAAAGCTCCTTTCAG_004,23
TTCTTCAAAGCTCCTTTCAG_005,0
TTCTTCAAAGCTCCTTTCAG_006,75
TTCTTCAAAGCTCCTTTCAG_007,81
TTCTTCAAAGCTCCTTTCAG_008,175
TACCTGTAGATAGTAATGTG_001,105
TACCTGTAGATAGTAATGTG_002,179
TACCTGTAGATAGTAATGTG_003,34
TACCTGTAGATAGTAATGTG_004,77
TACCTGTAGATAGTAATGTG_005,3
TGGAGGCAGGCGGTGTACCA_001,192
TGGAGGCAGGCGGTGTACCA_002,139
TGGAGGCAGGCGGTGTACCA_003,117
TGGAGGCAGGCGGTGTACCA_004,125
TGGAGGCAGGCGGTGTACCA_005,131
TGGAGGCAGGCGGTGTACCA_006,196
TGGAGGCAGGCGGTGTACCA_007,60
TGGAGGCAGGCGGTGTACCA_008,10
TGGAGGCAGGCGGTGTACCA_009,57
CAGCTCAACTCCGACCATCG_001,145
CAGCTCAACTCCGACCATCG_002,150
CAGCTCAACTCCGACCATCG_003,48
CAGCTCAACTCCGACCATCG_004,147
CAGCTCAACTCCGACCATCG_005,140
CAGCTCAACTCCGACCATCG_006,170
CAGCTCAACTCCGACCATCG_007,115
GTATGCACATCGCACCAACG_001,1
GTATGCACATCGCACCAACG_002,153
GTATGCACATCGCACCAACG_003,41
GTATGCACATCGCACCAACG_004,60
GTATGCACATCGCACCAACG_005,174
GTATGCACATCGCACCAACG_006,158
GTATGCACATCGCACCAACG_007,56
GTATGCACATCGCACCAACG_008,148
GTATGCACATCGCACCAACG_009,165
GTATGCACATCGCACCAACG_010,3
GTATGCACATCGCACCAACG_011,66
GTATGCACATCGCACCAACG_012,177
GTATGCACATCGCACCAACG_013,183
ACCGTGGAAGCAATTAACTG_001,9
ACCGTGGAAGCAATTAACTG_002,33
ACCGTGGAAGCAATTAACTG_003,152
ACCGTGGAAGCAATTAACTG_004,106
ACCGTGGAAGCAATTAACTG_005,94
ACCGTGGAAGCAATTAACTG_006,140
ACCGTGGAAGCAATTAACTG_007,137
ACCGTGGAAGCAATTAACTG_008,159
ACCGTGGAAGCAATTAACTG_009,60
ACCGTGGAAGCAATTAACTG_010,152
ACCGTGGAAGCAATTAACTG_011,94
ACCGTGGAAGCAATTAACTG_012,26
ACCGTGGAAGCAATTAACTG_013,151
ACCGTGGAAGCAATTAACTG_014,2
ACCGTGGAAGCAATTAACTG_015,72
ACCGTGGAAGCAATTAACTG_016,10
ACCGTGGAAGCAATTAACTG_017,61
ACCGTGGAAGCAATTAACTG_018,177
ACCGTGGAAGCAATTAACTG_019,165
ACCGTGGAAGCAATTAACTG_020,68
ACCGTGGAAGCAATTAACTG_021,157
ACCGTGGAAGCAATTAACTG_022,2
CATCTCATACACGGGCGACG_001,126
CATCTCATACACGGGCGACG_002,81
CATCTCATACACGGGCGACG_003,124
CATCTCATACACGGGCGACG_004,93
CATCTCATACACGGGCGACG_005,79
GGGCCTGCTCTACCCCACGG_001,125
GGGCCTGCTCTACCCCACGG_002,130
GGGCCTGCTCTACCCCACGG_003,9
GGGCCTGCTCTACCCCACGG_004,102
GGGCCTGCTCTACCCCACGG_005,37
GGGCTCACAGAGCCCAACAG_001,136
GGGCTCACAGAGCCCAACAG_002,118
GGGCTCACAGAGCCCAACAG_003,0
GGGCTCACAGAGCCCAACAG_004,168
GGGCTCACAGAGCCCAACAG_005,147
GGGCTCACAGAGCCCAACAG_006,66
GGGCTCACAGAGCCCAACAG_007,88
GGGCTCACAGAGCCCAACAG_008,44
GGGCTCACAGAGCCCAACAG_009,13
GGGCTCACAGAGCCCAACAG_010,61
GGGCTCACAGAGCCCAACAG_011,118
GTGAGGCCCTCGGCCCACAG_001,108
GTGAGGCCCTCGGCCCACAG_002,189
GTGAGGCCCTCGGCCCACAG_003,96
GTGAGGCCCTCGGCCCACAG_004,53
GTGAGGCCCTCGGCCCACAG_005,142
GTGAGGCCCTCGGCCCACAG_006,8
GTGAGGCCCTCGGCCCACAG_007,168
GTGAGGCCCTCGGCCCACAG_008,33
GTGAGGCCCTCGGCCCACAG_009,35
GTGAGGCCCTCGGCCCACAG_010,96
GTGAGGCCCTCGGCCCACAG_011,62
GTGAGGCCCTCGGCCCACAG_012,102
GTGAGGCCCTCGGCCCACAG_013,87
GTGAGGCCCTCGGCCCACAG_014,32
GTGAGGCCCTCGGCCCACAG_015,32
GTGAGGCCCTCGGCCCACAG_016,94
GTGAGGCCCTCGGCCCACAG_017,112
GTGAGGCCCTCGGCCCACAG_018,148
GTGAGGCCCTCGGCCCACAG_019,193
GTGAGGCCCTCGGCCCACAG_020,40
GTGAGGCCCTCGGCCCACAG_021,34
GTGAGGCCCTCGGCCCACAG_022,88
GTGAGGCCCTCGGCCCACAG_023,64
GTGAGGCCCTCGGCCCACAG_024,148
GTGAGGCCCTCGGCCCACAG_025,10
TGATGCTGGGGAAAAAACTG_001,28
TGATGCTGGGGAAAAAACTG_002,127
TGATGCTGGGGAAAAAACTG_003,83
TGATGCTGGGGAAAAAACTG_004,97
TGATGCTGGGGAAAAAACTG_005,159
TGATGCTGGGGAAAAAACTG_006,49
TGATGCTGGGGAAAAAACTG_007,93
TGATGCTGGGGAAAAAACTG_008,149
TGATGCTGGGGAAAAAACTG_009,62
TGATGCTGGGGAAAAAACTG_010,41
TGATGCTGGGGAAAAAACTG_011,82
TGATGCTGGGGAAAAAACTG_012,144
TGATGCTGGGGAAAAAACTG_013,124
TGATGCTGGGGAAAAAACTG_014,4
TGATGCTGGGGAAAAAACTG_015,69
TGATGCTGGGGAAAAAACTG_016,173
TGATGCTGGGGAAAAAACTG_017,43
TGATGCTGGGGAAAAAACTG_018,166
TGATGCTGGGGAAAAAACTG_019,31
TGATGCTGGGGAAAAAACTG_020,82
TGATGCTGGGGAAAAAACTG_021,20
TGATGCTGGGGAAAAAACTG_022,191
TGATGCTGGGGAAAAAACTG_023,130
TGATGCTGGGGAAAAAACTG_024,66
TGATGCTGGGGAAAAAACTG_025,63
TGATGCTGGGGAAAAAACTG_026,83
TGATGCTGGGGAAAAAACTG_027,130
TGATGCTGGGGAAAAAACTG_028,102
TGATGCTGGGGAAAAAACTG_029,65
TGATGCTGGGGAAAAAACTG_030,145
TGATGCTGGGGAAAAAACTG_031,158
TGATGCTGGGGAAAAAACTG_032,108
TTAAGATCAACATAATCTAT_001,14
TTAAGATCAACATAATCTAT_002,177
TTAAGATCAACATAATCTAT_003,14
AGGCACCACCATCGCCAATG_001,70
AGGCACCACCATCGCCAATG_002,103
AGGCACCACCATCGCCAATG_003,65
AGGCACCACCATCGCCAATG_004,127
AGGCACCACCATCGCCAATG_005,146
AGGCACCACCATCGCCAATG_006,150
AGGCACCACCATCGCCAATG_007,48
AGGCACCACCATCGCCAATG_008,151
AGGCACCACCATCGCCAATG_009,16
AGGCACCACCATCGCCAATG_010,25
AGGCACCACCATCGCCAATG_011,84
AGGCACCACCATCGCCAATG_012,100
AGGCACCACCATCGCCAATG_013,141
AGGCACCACCATCGCCAATG_014,103
AGGCACCACCATCGCCAATG_015,105
AGGCACCACCATCGCCAATG_016,176
AGGCACCACCATCGCCAATG_017,162
AGGCACCACCATCGCCAATG_018,9
AGGCACCACCATCGCCAATG_019,124
AGGCACCACCATCGCCAATG_020,146
AGGCACCACCATCGCCAATG_021,56
AGGCACCACCATCGCCAATG_022,144
AGGCACCACCATCGCCAATG_023,48
AGGCACCACCATCGCCAATG_024,15
AGGCACCACCATCGCCAATG_025,29
AGGCACCACCATCGCCAATG_026,35
AGGCACCACCATCGCCAATG_027,119
GTATGATGATGCATGCATGG_001,6
GTATGATGATGCATGCATGG_002,3
GTATGATGATGCATGCATGG_003,37
TGGCCAATGAAGACGTGTAT_001,22
TGGCCAATGAAGACGTGTAT_002,131
TGGCCAATGAAGACGTGTAT_003,132
TGGCCAATGAAGACGTGTAT_004,94
TGGCCAATGAAGACGTGTAT_005,170
TGGCCAATGAAGACGTGTAT_006,177
TGGCCAATGAAGACGTGTAT_007,190
TGGCCAATGAAGACGTGTAT_008,121
TGGCCAATGAAGACGTGTAT_009,22
TGGCCAATGAAGACGTGTAT_010,170
TGGCCAATGAAGACGTGTAT_011,105
TGGCCAATGAAGACGTGTAT_012,168
TGGCCAATGAAGACGTGTAT_013,69
TGGCCAATGAAGACGTGTAT_014,137
TGGCCAATGAAGACGTGTAT_015,183
TGGCCAATGAAGACGTGTAT_016,121
TGGCCAATGAAGACGTGTAT_017,184
GGCAGTGTAGACCCGCTCAA_001,137
GGCAGTGTAGACCCGCTCAA_002,64
GGCAGTGTAGACCCGCTCAA_003,190
GGCAGTGTAGACCCGCTCAA_004,58
GGCAGTGTAGACCCGCTCAA_005,188
GGCAGTGTAGACCCGCTCAA_006,12
GGCAGTGTAGACCCGCTCAA_007,170
GGCAGTGTAGACCCGCTCAA_008,62
GGCAGTGTAGACCCGCTCAA_009,94
GGCAGTGTAGACCCGCTCAA_010,29
GGCAGTGTAGACCCGCTCAA_011,186
GGCAGTGTAGACCCGCTCAA_012,19
GGCAGTGTAGACCCGCTCAA_013,62
GGCAGTGTAGACCCGCTCAA_014,134
GGCAGTGTAGACCCGCTCAA_015,175
GGCAGTGTAGACCCGCTCAA_016,120
GGCAGTGTAGACCCGCTCAA_017,152
GGCAGTGTAGACCCGCTCAA_018,76
GGCAGTGTAGACCCGCTCAA_019,145
GGCAGTGTAGACCCGCTCAA_020,184
GGCAGTGTAGACCCGCTCAA_021,188
GGCAGTGTAGACCCGCTCAA_022,77
GGCAGTGTAGACCCGCTCAA_023,2
GGCAGTGTAGACCCGCTCAA_024,9
GGCAGTGTAGACCCGCTCAA_025,118
GGCAGTGTAGACCCGCTCAA_026,115
GGCAGTGTAGACCCGCTCAA_027,115
GGCAGTGTAGACCCGCTCAA_028,70
GGCAGTGTAGACCCGCTCAA_029,8
GGCAGTGTAGACCCGCTCAA_030,121
GGCAGTGTAGACCCGCTCAA_031,54
GGCAGTGTAGACCCGCTCAA_032,88
GGCAGTGTAGACCCGCTCAA_033,52
GGCAGTGTAGACCCGCTCAA_034,178
GGCAGTGTAGACCCGCTCAA_035,188
GGCAGTGTAGACCCGCTCAA_036,16
GGCAGTGTAGACCCGCTCAA_037,124
GGCAGTGTAGACCCGCTCAA_038,103
GGCAGTGTAGACCCGCTCAA_039,47
GGCAGTGTAGACCCGCTCAA_040,92
GGCAGTGTAGACCCGCTCAA_041,187
GAACACAGTCTATTTCATTG_001,195
GAACACAGTCTATTTCATTG_002,150
ATGAGTGCACCGAGAAACAG_001,88
ATGAGTGCACCGAGAAACAG_002,143
ATGAGTGCACCGAGAAACAG_003,29
ATGAGTGCACCGAGAAACAG_004,124
ATAGAAGGTATAATGAATCT_001,162
ATAGAAGGTATAATGAATCT_002,126
GCATCAAGGTATGCATCAGT_001,82
TTATATGAAAGAAGTAGGTA_001,165
TTATATGAAAGAAGTAGGTA_002,91
TTATATGAAAGAAGTAGGTA_003,172
CAAATACTGGAAACCATCGG_001,50
CAAATACTGGAAACCATCGG_002,8
CAAATACTGGAAACCATCGG_003,86
CAAATACTGGAAACCATCGG_004,113
GGAGGTTCTGCAGAACGTCT_001,148
GGAGGTTCTGCAGAACGTCT_002,83
GGAGGTTCTGCAGAACGTCT_003,17
GGAGGTTCTGCAGAACGTCT_004,181
GGAGGTTCTGCAGAACGTCT_005,69
TTCAAGAGATAGGACCCCAG_001,134
TTCAAGAGATAGGACCCCAG_002,27
TTCAAGAGATAGGACCCCAG_003,169
TTCAAGAGATAGGACCCCAG_004,22
TTCAAGAGATAGGACCCCAG_005,123
TGTGAAGTTACTTGAACGAG_001,32
TGTGAAGTTACTTGAACGAG_002,126
CGGACCATTTCAGCACGACA_001,64
CGGACCATTTCAGCACGACA_002,68
CGGACCATTTCAGCACGACA_003,175
CGGACCATTTCAGCACGACA_004,120
CGGACCATTTCAGCACGACA_005,22
CGGACCATTTCAGCACGACA_006,182
GATATTAGGTGCTCACCGTG_001,48
GATATTAGGTGCTCACCGTG_002,50
GATATTAGGTGCTCACCGTG_003,2
GATATTAGGTGCTCACCGTG_004,198
GATATTAGGTGCTCACCGTG_005,169
GATATTAGGTGCTCACCGTG_006,18
GATATTAGGTGCTCACCGTG_007,48
GATATTAGGTGCTCACCGTG_008,170
GATATTAGGTGCTCACCGTG_009,77
GATATTAGGTGCTCACCGTG_010,149
GATATTAGGTGCTCACCGTG_011,135
GATATTAGGTGCTCACCGTG_012,9
GATATTAGGTGCTCACCGTG_013,144
GATATTAGGTGCTCACCGTG_014,31
GATATTAGGTGCTCACCGTG_015,19
GATATTAGGTGCTCACCGTG_016,157
GATATTAGGTGCTCACCGTG_017,33
GATATTAGGTGCTCACCGTG_018,65
GATATTAGGTGCTCACCGTG_019,158
GATATTAGGTGCTCACCGTG_020,185
GATATTAGGTGCTCACCGTG_021,92
GATATTAGGTGCTCACCGTG_022,56
GATATTAGGTGCTCACCGTG_023,49
GATATTAGGTGCTCACCGTG_024,144
GATATTAGGTGCTCACCGTG_025,47
GATATTAGGTGCTCACCGTG_026,17
GATATTAGGTGCTCACCGTG_027,78
GATATTAGGTGCTCACCGTG_028,105
GATATTAGGTGCTCACCGTG_029,184
GATATTAGGTGCTCACCGTG_030,184
GATATTAGGTGCTCACCGTG_031,148
GATATTAGGTGCTCACCGTG_032,76
GATATTAGGTGCTCACCGTG_033,57
GATATTAGGTGCTCACCGTG_034,35
CAGGCTCAGGTAACACACGA_001,29
CAGGCTCAGGTAACACACGA_002,105
CAGGCTCAGGTAACACACGA_003,69
CAGGCTCAGGTAACACACGA_004,7
CAGGCTCAGGTAACACACGA_005,197
CAGGCTCAGGTAACACACGA_006,88
CAGGCTCAGGTAACACACGA_007,172
CCCTTACCGGGACACTTCCG_001,62
CCCTTACCGGGACACTTCCG_002,118
CCCTTACCGGGACACTTCCG_003,14
CCCTTACCGGGACACTTCCG_004,168
CCCTTACCGGGACACTTCCG_005,41
CCCTTACCGGGACACTTCCG_006,105
CCCTTACCGGGACACTTCCG_007,139
CCCTTACCGGGACACTTCCG_008,94
CCCTTACCGGGACACTTCCG_009,158
CCCTTACCGGGACACTTCCG_010,58
CCCTTACCGGGACACTTCCG_011,169
CCCTTACCGGGACACTTCCG_012,29
CCCTTACCGGGACACTTCCG_013,197
CCCTTACCGGGACACTTCCG_014,124
GATGAAGACAGCGCCCATCG_001,181
GATGAAGACAGCGCCCATCG_002,137
GATGAAGACAGCGCCCATCG_003,17
GATGAAGACAGCGCCCATCG_004,187
GATGAAGACAGCGCCCATCG_005,141
GATGAAGACAGCGCCCATCG_006,62
GATGAAGACAGCGCCCATCG_007,143
GATGAAGACAGCGCCCATCG_008,6
GATGAAGACAGCGCCCATCG_009,196
GATGAAGACAGCGCCCATCG_010,115
GATGAAGACAGCGCCCATCG_011,175
GATGAAGACAGCGCCCATCG_012,28
GATGAAGACAGCGCCCATCG_013,106
GATGAAGACAGCGCCCATCG_014,45
GATGAAGACAGCGCCCATCG_015,161
GAAACAGGGAGTCTTTCCTG_001,89
CTTGCTGAGCTTAGTCACTG_001,94
CTTGCTGAGCTTAGTCACTG_002,157
CTTGCTGAGCTTAGTCACTG_003,133
CTTGCTGAGCTTAGTCACTG_004,48
CTTGCTGAGCTTAGTCACTG_005,51
CTTGCTGAGCTTAGTCACTG_006,95
CTTGCTGAGCTTAGTCACTG_007,167
CTTGCTGAGCTTAGTCACTG_008,105
CTTGCTGAGCTTAGTCACTG_009,116
CTTGCTGAGCTTAGTCACTG_010,52
CTTGCTGAGCTTAGTCACTG_011,151
CTTGCTGAGCTTAGTCACTG_012,76
CTTGCTGAGCTTAGTCACTG_013,81
CTTGCTGAGCTTAGTCACTG_014,35
CTTGCTGAGCTTAGTCACTG_015,137
CTTGCTGAGCTTAGTCACTG_016,12
CTTGCTGAGCTTAGTCACTG_017,28
CTTGCTGAGCTTAGTCACTG_018,155
AAATCTAAGAATGAGGACCG_001,169
AAATCTAAGAATGAGGACCG_002,9
AAATCTAAGAATGAGGACCG_003,72
AAATCTAAGAATGAGGACCG_004,85
AAATCTAAGAATGAGGACCG_005,125
AAATCTAAGAATGAGGACCG_006,111
AAATCTAAGAATGAGGACCG_007,19
AAATCTAAGAATGAGGACCG_008,2
AAATCTAAGAATGAGGACCG_009,16
AAATCTAAGAATGAGGACCG_010,175
AAATCTAAGAATGAGGACCG_011,176
AAATCTAAGAATGAGGACCG_012,119
GGGTAACAGTGGAATTTGTA_001,17
CCCCGACATTTACACGCGTG_001,1
CCCCGACATTTACACGCGTG_002,175
CCCCGACATTTACACGCGTG_003,149
CCCCGACATTTACACGCGTG_004,178
CCCCGACATTTACACGCGTG_005,70
CCCCGACATTTACACGCGTG_006,16
CCCCGACATTTACACGCGTG_007,18
GCTGCTTATGACATCAGGAG_001,169
GCTGCTTATGACATCAGGAG_002,68
GCTGCTTATGACATCAGGAG_003,17
GCTGCTTATGACATCAGGAG_004,19
GCTGCTTATGACATCAGGAG_005,168
GCTGCTTATGACATCAGGAG_006,40
GGTCATCATAACAACGGACT_001,149
GGTCATCATAACAACGGACT_002,113
GGTCATCATAACAACGGACT_003,49
GGTCATCATAACAACGGACT_004,199
GGTCATCATAACAACGGACT_005,174
GGTCATCATAACAACGGACT_006,27
GGTCATCATAACAACGGACT_007,34
TTAGAACATATGCTGTCAGG_001,130
TTAGAACATATGCTGTCAGG_002,158
CATCCACTGCATGATCGCAG_001,94
CATCCACTGCATGATCGCAG_002,119
ACGTCGCAGGAAACCCCGGT_001,176
ACGTCGCAGGAAACCCCGGT_002,7
ACGTCGCAGGAAACCCCGGT_003,11
ACGTCGCAGGAAACCCCGGT_004,158
ACGTCGCAGGAAACCCCGGT_005,5
ACGTCGCAGGAAACCCCGGT_006,52
ACGTCGCAGGAAACCCCGGT_007,48
ACGTCGCAGGAAACCCCGGT_008,174
ACGTCGCAGGAAACCCCGGT_009,69
ACGTCGCAGGAAACCCCGGT_010,21
ACGTCGCAGGAAACCCCGGT_011,59
ACGTCGCAGGAAACCCCGGT_012,61
ACGTCGCAGGAAACCCCGGT_013,189
ACGTCGCAGGAAACCCCGGT_014,139
ACGTCGCAGGAAACCCCGGT_015,138
ACGTCGCAGGAAACCCCGGT_016,78
AGGCCCAGATGCAATCAGCG_001,166
AGGCCCAGATGCAATCAGCG_002,184
AGGCCCAGATGCAATCAGCG_003,75
AGGCCCAGATGCAATCAGCG_004,104
AGGCCCAGATGCAATCAGCG_005,188
AGGCCCAGATGCAATCAGCG_006,21
AGGCCCAGATGCAATCAGCG_007,196
AGGCCCAGATGCAATCAGCG_008,112
AGGCCCAGATGCAATCAGCG_009,43
AGGCCCAGATGCAATCAGCG_010,48
AGGCCCAGATGCAATCAGCG_011,58
AGGCCCAGATGCAATCAGCG_012,36
AGGCCCAGATGCAATCAGCG_013,80
AGGCCCAGATGCAATCAGCG_014,19
AGGCCCAGATGCAATCAGCG_015,19
AGGCCCAGATGCAATCAGCG_016,174
AGGCCCAGATGCAATCAGCG_017,62
AGGCCCAGATGCAATCAGCG_018,53
AGGCCCAGATGCAATCAGCG_019,137
AGGCCCAGATGCAATCAGCG_020,81
AGGCCCAGATGCAATCAGCG_021,43
AGGCCCAGATGCAATCAGCG_022,97
AGGCCCAGATGCAATCAGCG_023,22
AGGCCCAGATGCAATCAGCG_024,56
AGGCCCAGATGCAATCAGCG_025,182
AGGCCCAGATGCAATCAGCG_026,13
AGGCCCAGATGCAATCAGCG_027,105
CTGGATGAACTTGTCCAGAG_001,58
CTGGATGAACTTGTCCAGAG_002,188
CTGGATGAACTTGTCCAGAG_003,149
CTGGATGAACTTGTCCAGAG_004,2
CTGGATGAACTTGTCCAGAG_005,199
CTGGATGAACTTGTCCAGAG_006,77
AAATTGTAGATCATGGCAAT_001,88
AAATTGTAGATCATGGCAAT_002,141
AAATTGTAGATCATGGCAAT_003,144
AAATTGTAGATCATGGCAAT_004,72
AAATTGTAGATCATGGCAAT_005,113
AAATTGTAGATCATGGCAAT_006,1
AAATTGTAGATCATGGCAAT_007,89
AAATTGTAGATCATGGCAAT_008,113
ATCATCGGCGTGAAGAAGGG_001,15
ATCATCGGCGTGAAGAAGGG_002,160
ATCATCGGCGTGAAGAAGGG_003,162
ATCATCGGCGTGAAGAAGGG_004,49
ATCATCGGCGTGAAGAAGGG_005,151
ATCATCGGCGTGAAGAAGGG_006,141
ATCATCGGCGTGAAGAAGGG_007,68
ATCATCGGCGTGAAGAAGGG_008,152
ATCATCGGCGTGAAGAAGGG_009,184
ATCATCGGCGTGAAGAAGGG_010,47
ATCATCGGCGTGAAGAAGGG_011,29
ATCATCGGCGTGAAGAAGGG_012,88
ATCATCGGCGTGAAGAAGGG_013,89
ATCATCGGCGTGAAGAAGGG_014,38
ATCATCGGCGTGAAGAAGGG_015,55
ATCATCGGCGTGAAGAAGGG_016,19
ATCATCGGCGTGAAGAAGGG_017,39
ATCATCGGCGTGAAGAAGGG_018,168
ATCATCGGCGTGAAGAAGGG_019,174
ATCATCGGCGTGAAGAAGGG_020,28
ATCATCGGCGTGAAGAAGGG_021,169
GCTGAAAGAAAGCTTACTGT_001,100
GCTGAAAGAAAGCTTACTGT_002,88
GCTGAAAGAAAGCTTACTGT_003,170
GCTGAAAGAAAGCTTACTGT_004,43
GCTGAAAGAAAGCTTACTGT_005,88
GCTGAAAGAAAGCTTACTGT_006,16
GCTGAAAGAAAGCTTACTGT_007,149
GGAAGATCTCATCCCCACCG_001,188
GGAAGATCTCATCCCCACCG_002,1
GGAAGATCTCATCCCCACCG_003,100
CGCTTGCTGAATGAATACAT_001,178
CGCTTGCTGAATGAATACAT_002,82
CGCTTGCTGAATGAATACAT_003,166
CGCTTGCTGAATGAATACAT_004,120
CGTCACCAGCCTTCTCCTTG_001,19
GGAATGAACAAACTTAAATG_001,163
GGAATGAACAAACTTAAATG_002,190
CAGCACCCCAAATTCGCAAG_001,2
CAGCACCCCAAATTCGCAAG_002,16
CAGCACCCCAAATTCGCAAG_003,78
CAGCACCCCAAATTCGCAAG_004,60
CAGCACCCCAAATTCGCAAG_005,188
CAGCACCCCAAATTCGCAAG_006,114
AATGGCAATTGATCCAGTAA_001,181
AATGGCAATTGATCCAGTAA_002,116
AATGGCAATTGATCCAGTAA_003,159
AATGGCAATTGATCCAGTAA_004,91
AATGGCAATTGATCCAGTAA_005,116
AATGGCAATTGATCCAGTAA_006,49
CCAGCGACCAGGAGTACGGG_001,185
CCAGCGACCAGGAGTACGGG_002,9
CCAGCGACCAGGAGTACGGG_003,181
CCAGCGACCAGGAGTACGGG_004,48
CCAGCGACCAGGAGTACGGG_005,140
CCAGCGACCAGGAGTACGGG_006,70
CCAGCGACCAGGAGTACGGG_007,34
CCAGCGACCAGGAGTACGGG_008,130
CCAGCGACCAGGAGTACGGG_009,73
CCAGCGACCAGGAGTACGGG_010,44
CCAGCGACCAGGAGTACGGG_011,161
CCAGCGACCAGGAGTACGGG_012,39
CCAGCGACCAGGAGTACGGG_013,189
CCAGCGACCAGGAGTACGGG_014,19
CCAGCGACCAGGAGTACGGG_015,48
CCAGCGACCAGGAGTACGGG_016,115
CCAGCGACCAGGAGTACGGG_017,150
CCAGCGACCAGGAGTACGGG_018,70
CCAGCGACCAGGAGTACGGG_019,129
CCAGCGACCAGGAGTACGGG_020,98
CCAGCGACCAGGAGTACGGG_021,104
CCAGCGACCAGGAGTACGGG_022,197
CCAGCGACCAGGAGTACGGG_023,16
CCAGCGACCAGGAGTACGGG_024,21
CCAGCGACCAGGAGTACGGG_025,187
CCAGCGACCAGGAGTACGGG_026,170
CCAGCGACCAGGAGTACGGG_027,57
CCAGCGACCAGGAGTACGGG_028,197
CCAGCGACCAGGAGTACGGG_029,175
CCAGCGACCAGGAGTACGGG_030,102
CCAGCGACCAGGAGTACGGG_031,169
CCAGCGACCAGGAGTACGGG_032,39
CCAGCGACCAGGAGTACGGG_033,89
CCAGCGACCAGGAGTACGGG_034,162
CCAGCGACCAGGAGTACGGG_035,115
CCAGCGACCAGGAGTACGGG_036,176
GCCCAAGGCGGGTCGCGAAG_001,169
GCCCAAGGCGGGTCGCGAAG_002,172
GCCCAAGGCGGGTCGCGAAG_003,199
GCCCAAGGCGGGTCGCGAAG_004,136
GCCCAAGGCGGGTCGCGAAG_005,49
GCCCAAGGCGGGTCGCGAAG_006,82
GCCCAAGGCGGGTCGCGAAG_007,76
GCCCAAGGCGGGTCGCGAAG_008,194
GCCCAAGGCGGGTCGCGAAG_009,21
GCCCAAGGCGGGTCGCGAAG_010,71
GCCCAAGGCGGGTCGCGAAG_011,188
GCCCAAGGCGGGTCGCGAAG_012,78
GCCCAAGGCGGGTCGCGAAG_013,104
GCCCAAGGCGGGTCGCGAAG_014,156
GCCCAAGGCGGGTCGCGAAG_015,163
GGCCAACTTCGACTTGGCGG_001,118
GGCCAACTTCGACTTGGCGG_002,176
GGCCAACTTCGACTTGGCGG_003,146
GGCCAACTTCGACTTGGCGG_004,11
GGCCAACTTCGACTTGGCGG_005,155
AAGGCGTCGAGCTTGGCGCG_001,45
AAGGCGTCGAGCTTGGCGCG_002,160
AAGGCGTCGAGCTTGGCGCG_003,76
AAGGCGTCGAGCTTGGCGCG_004,94
AAGGCGTCGAGCTTGGCGCG_005,63
AAGGCGTCGAGCTTGGCGCG_006,140
AAGGCGTCGAGCTTGGCGCG_007,76
AAGGCGTCGAGCTTGGCGCG_008,29
AAGGCGTCGAGCTTGGCGCG_009,129
ATTGTAGGTGCATACAGGAA_001,48
ATTGTAGGTGCATACAGGAA_002,102
ATTGTAGGTGCATACAGGAA_003,144
ATTGTAGGTGCATACAGGAA_004,14
ATTGTAGGTGCATACAGGAA_005,186
CAGCCGAGTGAGCTTTCAGG_001,176
CAGCCGAGTGAGCTTTCAGG_002,22
CAGCCGAGTGAGCTTTCAGG_003,112
CAGCCGAGTGAGCTTTCAGG_004,1
CAGCCGAGTGAGCTTTCAGG_005,197
CAGCCGAGTGAGCTTTCAGG_006,126
CAGCCGAGTGAGCTTTCAGG_007,170
CAGCCGAGTGAGCTTTCAGG_008,106
CAGCCGAGTGAGCTTTCAGG_009,154
CAGCCGAGTGAGCTTTCAGG_010,21
CAGCCGAGTGAGCTTTCAGG_011,184
CAGCCGAGTGAGCTTTCAGG_012,41
CAGCCGAGTGAGCTTTCAGG_013,8
CAGCCGAGTGAGCTTTCAGG_014,194
CAGCCGAGTGAGCTTTCAGG_015,112
CAGCCGAGTGAGCTTTCAGG_016,89
CAGCCGAGTGAGCTTTCAGG_017,77
CAGCCGAGTGAGCTTTCAGG_018,141
CAGCCGAGTGAGCTTTCAGG_019,167
CAGCCGAGTGAGCTTTCAGG_020,131
CAGCCGAGTGAGCTTTCAGG_021,49
CAGCCGAGTGAGCTTTCAGG_022,48
CAGCCGAGTGAGCTTTCAGG_023,105
CAGCCGAGTGAGCTTTCAGG_024,47
CAGCCGAGTGAGCTTTCAGG_025,1
CAGCCGAGTGAGCTTTCAGG_026,10
TCAAGGGTTATCACCAGTCA_001,154
TCAAGGGTTATCACCAGTCA_002,151
TCAAGGGTTATCACCAGTCA_003,109
TCAAGGGTTATCACCAGTCA_004,1
TCAAGGGTTATCACCAGTCA_005,153
TCAAGGGTTATCACCAGTCA_006,147
TCAAGGGTTATCACCAGTCA_007,8
TCAAGGGTTATCACCAGTCA_008,1
TCAAGGGTTATCACCAGTCA_009,68
TCAAGGGTTATCACCAGTCA_010,40
TCAAGGGTTATCACCAGTCA_011,152
TCAAGGGTTATCACCAGTCA_012,55
CCGCCCCATCAATGCCACCC_001,35
CCGCCCCATCAATGCCACCC_002,168
CCGCCCCATCAATGCCACCC_003,142
CATGGAGAACACGTTGGAGT_001,58
CATGGAGAACACGTTGGAGT_002,19
CATGGAGAACACGTTGGAGT_003,91
CATGGAGAACACGTTGGAGT_004,121
CATGGAGAACACGTTGGAGT_005,42
CATGGAGAACACGTTGGAGT_006,68
CATGGAGAACACGTTGGAGT_007,82
GCTGCATGAACTCTCAGTGG_001,46
GCTGCATGAACTCTCAGTGG_002,115
AAACAATTCCCTGTCACTCG_001,15
AAACAATTCCCTGTCACTCG_002,154
AAACAATTCCCTGTCACTCG_003,17
AAACAATTCCCTGTCACTCG_004,82
AAACAATTCCCTGTCACTCG_005,69
AAACAATTCCCTGTCACTCG_006,162
AAACAATTCCCTGTCACTCG_007,1
AAACAATTCCCTGTCACTCG_008,185
AAACAATTCCCTGTCACTCG_009,76
AAACAATTCCCTGTCACTCG_010,116
AAACAATTCCCTGTCACTCG_011,162
AAACAATTCCCTGTCACTCG_012,145
AAACAATTCCCTGTCACTCG_013,112
AAACAATTCCCTGTCACTCG_014,48
AAACAATTCCCTGTCACTCG_015,132
AAACAATTCCCTGTCACTCG_016,78
CACCAGCGGTATGCTCCACG_001,130
CACCAGCGGTATGCTCCACG_002,8
CACCAGCGGTATGCTCCACG_003,87
GGAGCAGGGTGTGTAATCAT_001,18
GGAGCAGGGTGTGTAATCAT_002,32
GGAGCAGGGTGTGTAATCAT_003,78
GGAGCAGGGTGTGTAATCAT_004,149
GGAGCAGGGTGTGTAATCAT_005,158
GGAGCAGGGTGTGTAATCAT_006,128
CCCCACCGTTCAATGCTGCG_001,87
CCCCACCGTTCAATGCTGCG_002,188
CCCCACCGTTCAATGCTGCG_003,23
CCCCACCGTTCAATGCTGCG_004,41
CCCCACCGTTCAATGCTGCG_005,70
CCCCACCGTTCAATGCTGCG_006,29
TGTGGAAAAAGGCAACTCGG_001,141
TGTGGAAAAAGGCAACTCGG_002,164
TGTGGAAAAAGGCAACTCGG_003,133
TGTGGAAAAAGGCAACTCGG_004,183
TGTGGAAAAAGGCAACTCGG_005,29
TGTGGAAAAAGGCAACTCGG_006,34
TGTGGAAAAAGGCAACTCGG_007,54
TGTGGAAAAAGGCAACTCGG_008,150
TGTGGAAAAAGGCAACTCGG_009,150
TGTGGAAAAAGGCAACTCGG_010,17
TGTGGAAAAAGGCAACTCGG_011,127
TGTGGAAAAAGGCAACTCGG_012,40
TGTGGAAAAAGGCAACTCGG_013,96
TGTGGAAAAAGGCAACTCGG_014,2
TGTGGAAAAAGGCAACTCGG_015,63
TGTGGAAAAAGGCAACTCGG_016,76
TGTGGAAAAAGGCAACTCGG_017,173
TGTGGAAAAAGGCAACTCGG_018,160
TGTGGAAAAAGGCAACTCGG_019,113
TGTGGAAAAAGGCAACTCGG_020,192
TGTGGAAAAAGGCAACTCGG_021,158
TGTGGAAAAAGGCAACTCGG_022,84
TGTGGAAAAAGGCAACTCGG_023,78
TGTGGAAAAAGGCAACTCGG_024,22
TGTGGAAAAAGGCAACTCGG_025,0
TGTGGAAAAAGGCAACTCGG_026,68
TGTGGAAAAAGGCAACTCGG_027,137
TGTGGAAAAAGGCAACTCGG_028,0
TGTGGAAAAAGGCAACTCGG_029,38
TGTGGAAAAAGGCAACTCGG_030,38
TGTGGAAAAAGGCAACTCGG_031,2
TGTGGAAAAAGGCAACTCGG_032,168
TGTGGAAAAAGGCAACTCGG_033,140
TGTGGAAAAAGGCAACTCGG_034,152
TGTGGAAAAAGGCAACTCGG_035,149
TGTGGAAAAAGGCAACTCGG_036,199
TGTGGAAAAAGGCAACTCGG_037,84
TGTGGAAAAAGGCAACTCGG_038,134
TGTGGAAAAAGGCAACTCGG_039,50
TGTGGAAAAAGGCAACTCGG_040,158
TGTGGAAAAAGGCAACTCGG_041,188
TGTGGAAAAAGGCAACTCGG_042,27
TGTGGAAAAAGGCAACTCGG_043,48
TGTGGAAAAAGGCAACTCGG_044,8
TGTGGAAAAAGGCAACTCGG_045,130
TGTGGAAAAAGGCAACTCGG_046,157
TGTGGAAAAAGGCAACTCGG_047,138
TGTGGAAAAAGGCAACTCGG_048,138
TGTGGAAAAAGGCAACTCGG_049,74
TGTGGAAAAAGGCAACTCGG_050,83
TGTGGAAAAAGGCAACTCGG_051,50
TGTGGAAAAAGGCAACTCGG_052,198
TGTGGAAAAAGGCAACTCGG_053,113
AGGCCGTGGCTCAAGAACTG_001,14
AGGCCGTGGCTCAAGAACTG_002,145
AGGCCGTGGCTCAAGAACTG_003,98
AGGCCGTGGCTCAAGAACTG_004,131
AGGCCGTGGCTCAAGAACTG_005,154
AGGCCGTGGCTCAAGAACTG_006,176
AGGCCGTGGCTCAAGAACTG_007,148
AGGCCGTGGCTCAAGAACTG_008,17
AGGCCGTGGCTCAAGAACTG_009,169
AGGCCGTGGCTCAAGAACTG_010,34
CGGTCACCGGCAGGACACGG_001,2
CGGTCACCGGCAGGACACGG_002,84
CGGTCACCGGCAGGACACGG_003,28
CGGTCACCGGCAGGACACGG_004,162
CGGTCACCGGCAGGACACGG_005,36
CGGTCACCGGCAGGACACGG_006,157
CGGTCACCGGCAGGACACGG_007,171
CGGTCACCGGCAGGACACGG_008,65
CGGTCACCGGCAGGACACGG_009,89
CGGTCACCGGCAGGACACGG_010,39
GCAAAGCCAGTCGAACAGCA_001,166
GCAAAGCCAGTCGAACAGCA_002,62
GCAAAGCCAGTCGAACAGCA_003,48
GCAAAGCCAGTCGAACAGCA_004,2
GCAAAGCCAGTCGAACAGCA_005,184
GCAAAGCCAGTCGAACAGCA_006,72
CGAGGAGACACGATTCACCG_001,141
CGAGGAGACACGATTCACCG_002,82
CGAGGAGACACGATTCACCG_003,169
CGAGGAGACACGATTCACCG_004,12
CGAGGAGACACGATTCACCG_005,151
CTCTGTGAGCAGTTTCCACT_001,83
CTCTGTGAGCAGTTTCCACT_002,2
CTCTGTGAGCAGTTTCCACT_003,150
CTCTGTGAGCAGTTTCCACT_004,34
CTCTGTGAGCAGTTTCCACT_005,91
CTCTGTGAGCAGTTTCCACT_006,144
CACTCAGCTTTATATTTGCA_001,26
CACTCAGCTTTATATTTGCA_002,116
CACTCAGCTTTATATTTGCA_003,137
AACTCGTAGGGTGTACCCGG_001,112
AACTCGTAGGGTGTACCCGG_002,144
AACTCGTAGGGTGTACCCGG_003,121
AACTCGTAGGGTGTACCCGG_004,19
AACTCGTAGGGTGTACCCGG_005,49
AACTCGTAGGGTGTACCCGG_006,96
AACTCGTAGGGTGTACCCGG_007,67
AACTCGTAGGGTGTACCCGG_008,141
AACTCGTAGGGTGTACCCGG_009,116
AACTCGTAGGGTGTACCCGG_010,185
AACTCGTAGGGTGTACCCGG_011,142
AACTCGTAGGGTGTACCCGG_012,98
GAATAACAAAGGGCCCATGC_001,29
GAATAACAAAGGGCCCATGC_002,115
GAATAACAAAGGGCCCATGC_003,163
GAATAACAAAGGGCCCATGC_004,125
GAATAACAAAGGGCCCATGC_005,141
GAATAACAAAGGGCCCATGC_006,105
GAATAACAAAGGGCCCATGC_007,115
GAATAACAAAGGGCCCATGC_008,144
GAATAACAAAGGGCCCATGC_009,10
TGCTGATATTCAATATACAG_001,132
ATCAACAGGTCCTTCTCATG_001,154
ATCAACAGGTCCTTCTCATG_002,81
ATCAACAGGTCCTTCTCATG_003,1
ATCAACAGGTCCTTCTCATG_004,9
ATCAACAGGTCCTTCTCATG_005,175
ATCAACAGGTCCTTCTCATG_006,140
ATCAACAGGTCCTTCTCATG_007,76
ATCAACAGGTCCTTCTCATG_008,80
ATCAACAGGTCCTTCTCATG_009,184
TTGTTGAAAGAAGATAGGTA_001,103
TTGTTGAAAGAAGATAGGTA_002,169
TTGTTGAAAGAAGATAGGTA_003,38
TTGTTGAAAGAAGATAGGTA_004,2
ACTTTGAAATCATTCACAGG_001,194
ACTTTGAAATCATTCACAGG_002,12
ACTTTGAAATCATTCACAGG_003,164
ACTTTGAAATCATTCACAGG_004,17
ACTTTGAAATCATTCACAGG_005,24
ACTTTGAAATCATTCACAGG_006,58
ACTTTGAAATCATTCACAGG_007,177
ACTTTGAAATCATTCACAGG_008,38
ACTTTGAAATCATTCACAGG_009,117
ACTTTGAAATCATTCACAGG_010,49
ACTTTGAAATCATTCACAGG_011,114
ACTTTGAAATCATTCACAGG_012,46
GACAGGTGCTCGGATTGATG_001,178
GACAGGTGCTCGGATTGATG_002,173
GACAGGTGCTCGGATTGATG_003,59
GACAGGTGCTCGGATTGATG_004,119
GACAGGTGCTCGGATTGATG_005,183
GACAGGTGCTCGGATTGATG_006,50
GACAGGTGCTCGGATTGATG_007,36
GACAGGTGCTCGGATTGATG_008,161
GACAGGTGCTCGGATTGATG_009,83
GACAGGTGCTCGGATTGATG_010,114
GACAGGTGCTCGGATTGATG_011,147
GACAGGTGCTCGGATTGATG_012,98
GACAGGTGCTCGGATTGATG_013,37
GACAGGTGCTCGGATTGATG_014,33
GCAGCTGAAAGACTGTGTAT_001,142
GCAGCTGAAAGACTGTGTAT_002,0
GCAGCTGAAAGACTGTGTAT_003,104
GCAGCTGAAAGACTGTGTAT_004,191
GCAGCTGAAAGACTGTGTAT_005,84
GCAGCTGAAAGACTGTGTAT_006,158
GCAGCTGAAAGACTGTGTAT_007,177
GCAGCTGAAAGACTGTGTAT_008,92
GCAGCTGAAAGACTGTGTAT_009,115
GCAGCTGAAAGACTGTGTAT_010,157
GCAGCTGAAAGACTGTGTAT_011,97
GCAGCTGAAAGACTGTGTAT_012,49
GCAGCTGAAAGACTGTGTAT_013,132
GCAGCTGAAAGACTGTGTAT_014,11
GCAGCTGAAAGACTGTGTAT_015,193
GCAGCTGAAAGACTGTGTAT_016,170
GCAGCTGAAAGACTGTGTAT_017,134
CTAAAGCTGAAAACTCGTCA_001,188
CTAAAGCTGAAAACTCGTCA_002,115
CTAAAGCTGAAAACTCGTCA_003,78
CTAAAGCTGAAAACTCGTCA_004,77
GGCCCGAGACTCATACACGG_001,48
GGCCCGAGACTCATACACGG_002,70
GGCCCGAGACTCATACACGG_003,61
GGCCCGAGACTCATACACGG_004,78
GGCCCGAGACTCATACACGG_005,139
GGCCCGAGACTCATACACGG_006,97
GGCCCGAGACTCATACACGG_007,95
AGATAACTTACCATAGGCAC_001,6
AGATAACTTACCATAGGCAC_002,199
AGATAACTTACCATAGGCAC_003,6
AGATAACTTACCATAGGCAC_004,35
AGATAACTTACCATAGGCAC_005,138
AGATAACTTACCATAGGCAC_006,126
GGATGAACGCCGGACCTATG_001,27
GGATGAACGCCGGACCTATG_002,2
CTGCAGAATCTCCTACGACC_001,73
CTGCAGAATCTCCTACGACC_002,1
CAAACTATAAACACACAGGA_001,85
CAAACTATAAACACACAGGA_002,137
CAAACTATAAACACACAGGA_003,43
CAAACTATAAACACACAGGA_004,98
CAAACTATAAACACACAGGA_005,197
CAAACTATAAACACACAGGA_006,190
CAAACTATAAACACACAGGA_007,198
CAAACTATAAACACACAGGA_008,48
CAAACTATAAACACACAGGA_009,115
AGGGCTGCAATGAAAAGTCG_001,159
AGGGCTGCAATGAAAAGTCG_002,42
AGGGCTGCAATGAAAAGTCG_003,137
AGGGCTGCAATGAAAAGTCG_004,34
AGGGCTGCAATGAAAAGTCG_005,15
AGGGCTGCAATGAAAAGTCG_006,38
AGGGCTGCAATGAAAAGTCG_007,176
AGGGCTGCAATGAAAAGTCG_008,53
AGGGCTGCAATGAAAAGTCG_009,181
AGGGCTGCAATGAAAAGTCG_010,98
AGGGCTGCAATGAAAAGTCG_011,145
AGGGCTGCAATGAAAAGTCG_012,101
AGGGCTGCAATGAAAAGTCG_013,95
AGGGCTGCAATGAAAAGTCG_014,162
AGGGCTGCAATGAAAAGTCG_015,43
AGGGCTGCAATGAAAAGTCG_016,145
AGGGCTGCAATGAAAAGTCG_017,165
AGGGCTGCAATGAAAAGTCG_018,138
AGGGCTGCAATGAAAAGTCG_019,3
AGGGCTGCAATGAAAAGTCG_020,156
GAGAGTGGATGGGACTCAGG_001,94
GAGAGTGGATGGGACTCAGG_002,194
GAGAGTGGATGGGACTCAGG_003,156
GAGAGTGGATGGGACTCAGG_004,147
GGGGCTTTGAACTCAAGGAA_001,42
GGGGCTTTGAACTCAAGGAA_002,98
GGGGCTTTGAACTCAAGGAA_003,169
GGGGCTTTGAACTCAAGGAA_004,4
GGGGCTTTGAACTCAAGGAA_005,47
GGGGCTTTGAACTCAAGGAA_006,71
GGGGCTTTGAACTCAAGGAA_007,158
GGGGCTTTGAACTCAAGGAA_008,67
GGGGCTTTGAACTCAAGGAA_009,125
GGGGCTTTGAACTCAAGGAA_010,34
GGGGCTTTGAACTCAAGGAA_011,160
GGGGCTTTGAACTCAAGGAA_012,23
GGGGCTTTGAACTCAAGGAA_013,182
GGGGCTTTGAACTCAAGGAA_014,105
GAGAGGAACAGATCCGACGA_001,53
GAGAGGAACAGATCCGACGA_002,32
GAGAGGAACAGATCCGACGA_003,187
GAGAGGAACAGATCCGACGA_004,107
GAGAGGAACAGATCCGACGA_005,19
ATCCCGTCCAGTGTCCACTG_001,142
ATCCCGTCCAGTGTCCACTG_002,46
ATCCCGTCCAGTGTCCACTG_003,46
ATCCCGTCCAGTGTCCACTG_004,31
ATCCCGTCCAGTGTCCACTG_005,149
ATCCCGTCCAGTGTCCACTG_006,149
ATCCCGTCCAGTGTCCACTG_007,123
ATCCCGTCCAGTGTCCACTG_008,60
ATCCCGTCCAGTGTCCACTG_009,9
ATCCCGTCCAGTGTCCACTG_010,128
ATCCCGTCCAGTGTCCACTG_011,176
ATCCCGTCCAGTGTCCACTG_012,70
ATCCCGTCCAGTGTCCACTG_013,114
ATCCCGTCCAGTGTCCACTG_014,3
ATCCCGTCCAGTGTCCACTG_015,3
CCCCACTTCTTCCACCCGAG_001,88
CCCCACTTCTTCCACCCGAG_002,74
GCCTCACCGTTAGACCAGAA_001,9
GCCTCACCGTTAGACCAGAA_002,147
GCCTCACCGTTAGACCAGAA_003,128
GCCTCACCGTTAGACCAGAA_004,146
GCCTCACCGTTAGACCAGAA_005,190
GCCTCACCGTTAGACCAGAA_006,98
GCCTCACCGTTAGACCAGAA_007,61
GCCTCACCGTTAGACCAGAA_008,105
GCCTCACCGTTAGACCAGAA_009,77
GCCTCACCGTTAGACCAGAA_010,35
GCCTCACCGTTAGACCAGAA_011,81
GCCTCACCGTTAGACCAGAA_012,160
GCCTCACCGTTAGACCAGAA_013,163
GCCTCACCGTTAGACCAGAA_014,158
GCCTCACCGTTAGACCAGAA_015,75
GCCTCACCGTTAGACCAGAA_016,151
GCCTCACCGTTAGACCAGAA_017,1
GCCTCACCGTTAGACCAGAA_018,150
GGCAATGGGCCACACGACAA_001,188
GGCAATGGGCCACACGACAA_002,51
GGCAATGGGCCACACGACAA_003,143
GGCAATGGGCCACACGACAA_004,143
GGCAATGGGCCACACGACAA_005,189
GGCAATGGGCCACACGACAA_006,50
GGCAATGGGCCACACGACAA_007,147
GGCAATGGGCCACACGACAA_008,91
GGCAATGGGCCACACGACAA_009,136
GGCAATGGGCCACACGACAA_010,136
GGCAATGGGCCACACGACAA_011,144
GGCAATGGGCCACACGACAA_012,144
GGGCCAACAGCGCTGAACTG_001,155
GGGCCAACAGCGCTGAACTG_002,76
GGGCCAACAGCGCTGAACTG_003,111
GGGCCAACAGCGCTGAACTG_004,144
GGGCCAACAGCGCTGAACTG_005,43
GGGCCAACAGCGCTGAACTG_006,38
GGGCCAACAGCGCTGAACTG_007,105
GGGCCAACAGCGCTGAACTG_008,24
GGGCCAACAGCGCTGAACTG_009,88
GGGCCAACAGCGCTGAACTG_010,48
GGGCCAACAGCGCTGAACTG_011,63
TCCGAGTTGGAGAACAGGCG_001,101
TCCGAGTTGGAGAACAGGCG_002,45
TCCGAGTTGGAGAACAGGCG_003,11
TCCGAGTTGGAGAACAGGCG_004,8
TCCGAGTTGGAGAACAGGCG_005,76
TCCGAGTTGGAGAACAGGCG_006,81
TCCGAGTTGGAGAACAGGCG_007,81
TCCGAGTTGGAGAACAGGCG_008,86
TCCGAGTTGGAGAACAGGCG_009,15
TCCGAGTTGGAGAACAGGCG_010,169
TCCGAGTTGGAGAACAGGCG_011,145
TCCGAGTTGGAGAACAGGCG_012,183
TCCGAGTTGGAGAACAGGCG_013,94
TCCGAGTTGGAGAACAGGCG_014,32
TCCGAGTTGGAGAACAGGCG_015,16
TCCGAGTTGGAGAACAGGCG_016,82
TCCGAGTTGGAGAACAGGCG_017,21
TCCGAGTTGGAGAACAGGCG_018,104
TCCGAGTTGGAGAACAGGCG_019,60
TCCGAGTTGGAGAACAGGCG_020,145
TCCGAGTTGGAGAACAGGCG_021,124
TCCGAGTTGGAGAACAGGCG_022,20
AAAGTCGTATGCGATGACAA_001,117
AAAGTCGTATGCGATGACAA_002,92
AAAGTCGTATGCGATGACAA_003,175
AAAGTCGTATGCGATGACAA_004,134
AAAGTCGTATGCGATGACAA_005,62
AAAGTCGTATGCGATGACAA_006,32
AAAGTCGTATGCGATGACAA_007,9
AAAGTCGTATGCGATGACAA_008,77
AAAGTCGTATGCGATGACAA_009,9
AAAGTCGTATGCGATGACAA_010,115
AAAGTCGTATGCGATGACAA_011,155
AAAGTCGTATGCGATGACAA_012,106
AATAAGAGCCAACTTTGATG_001,120
AATAAGAGCCAACTTTGATG_002,94
CAGCTGGCATGGACCAGACA_001,43
CAGCTGGCATGGACCAGACA_002,24
CAGCTGGCATGGACCAGACA_003,85
CAGCTGGCATGGACCAGACA_004,91
CAGCTGGCATGGACCAGACA_005,135
CAGCTGGCATGGACCAGACA_006,164
CAGCTGGCATGGACCAGACA_007,98
CAGCTGGCATGGACCAGACA_008,158
CAGCTGGCATGGACCAGACA_009,58
CAGCTGGCATGGACCAGACA_010,127
CAGCTGGCATGGACCAGACA_011,113
CAGCTGGCATGGACCAGACA_012,72
CAGCTGGCATGGACCAGACA_013,88
CAGCTGGCATGGACCAGACA_014,88
CAGCTGGCATGGACCAGACA_015,58
CAGCTGGCATGGACCAGACA_016,99
CAGCTGGCATGGACCAGACA_017,119
CAGCTGGCATGGACCAGACA_018,39
CAGCTGGCATGGACCAGACA_019,86
CAGCTGGCATGGACCAGACA_020,146
CAGCTGGCATGGACCAGACA_021,168
CAGCTGGCATGGACCAGACA_022,16
CAGCTGGCATGGACCAGACA_023,170
CAGCTGGCATGGACCAGACA_024,15
CAGCTGGCATGGACCAGACA_025,33
TCTTCTTGTGGGGTGCTGCG_001,163
TCTTCTTGTGGGGTGCTGCG_002,113
TCTTCTTGTGGGGTGCTGCG_003,72
TCTTCTTGTGGGGTGCTGCG_004,144
TCTTCTTGTGGGGTGCTGCG_005,186
TCTTCTTGTGGGGTGCTGCG_006,174
TCTTCTTGTGGGGTGCTGCG_007,142
TCTTCTTGTGGGGTGCTGCG_008,76
TCTTCTTGTGGGGTGCTGCG_009,193
TCTTCTTGTGGGGTGCTGCG_010,107
TCTTCTTGTGGGGTGCTGCG_011,69
TCTTCTTGTGGGGTGCTGCG_012,15
TGTGACCATGCTTCGCAGCG_001,93
TGTGACCATGCTTCGCAGCG_002,107
ACTTCGGGGACGTGTCTGAG_001,172
ACTTCGGGGACGTGTCTGAG_002,77
ACTTCGGGGACGTGTCTGAG_003,1
ACTTCGGGGACGTGTCTGAG_004,192
ACTTCGGGGACGTGTCTGAG_005,172
ACTTCGGGGACGTGTCTGAG_006,94
ACTTCGGGGACGTGTCTGAG_007,13
ACTTCGGGGACGTGTCTGAG_008,29
ACTTCGGGGACGTGTCTGAG_009,198
ACTTCGGGGACGTGTCTGAG_010,61
CTCAAGTATATGGCCCGTGG_001,5
CTCAAGTATATGGCCCGTGG_002,93
GCCGAGTAGTTGTAGTCCAG_001,145
GCCGAGTAGTTGTAGTCCAG_002,78
GCCGAGTAGTTGTAGTCCAG_003,192
GCCGAGTAGTTGTAGTCCAG_004,23
GCCGAGTAGTTGTAGTCCAG_005,127
GCCGAGTAGTTGTAGTCCAG_006,77
GCCGAGTAGTTGTAGTCCAG_007,77
GCCGAGTAGTTGTAGTCCAG_008,14
GCCGAGTAGTTGTAGTCCAG_009,78
GCCGAGTAGTTGTAGTCCAG_010,182
GCCGAGTAGTTGTAGTCCAG_011,8
GCCGAGTAGTTGTAGTCCAG_012,94
GCCGAGTAGTTGTAGTCCAG_013,149
GCCGAGTAGTTGTAGTCCAG_014,185
GCCGAGTAGTTGTAGTCCAG_015,83
GCCGAGTAGTTGTAGTCCAG_016,138
GCCGAGTAGTTGTAGTCCAG_017,142
GCCGAGTAGTTGTAGTCCAG_018,130
GCCGAGTAGTTGTAGTCCAG_019,138
GCCGAGTAGTTGTAGTCCAG_020,138
GCCGAGTAGTTGTAGTCCAG_021,116
ATGTTTACAACTGGACAGCA_001,127
ATGTTTACAACTGGACAGCA_002,88
ATGTTTACAACTGGACAGCA_003,199
ATGTTTACAACTGGACAGCA_004,18
ATGTTTACAACTGGACAGCA_005,70
ATGTTTACAACTGGACAGCA_006,55
ATGTTTACAACTGGACAGCA_007,199
ATGTTTACAACTGGACAGCA_008,154
ATGTTTACAACTGGACAGCA_009,133
ATGTTTACAACTGGACAGCA_010,69
ATGGCCATACCACCCCCATA_001,7
ATGGCCATACCACCCCCATA_002,198
ATGGCCATACCACCCCCATA_003,47
ATGGCCATACCACCCCCATA_004,174
ATGGCCATACCACCCCCATA_005,147
ATGGCCATACCACCCCCATA_006,137
ATGGCCATACCACCCCCATA_007,151
ATGGCCATACCACCCCCATA_008,156
ATGGCCATACCACCCCCATA_009,193
ATGGCCATACCACCCCCATA_010,7
ATGGCCATACCACCCCCATA_011,3
ATGGCCATACCACCCCCATA_012,9
ATGGCCATACCACCCCCATA_013,160
ATGGCCATACCACCCCCATA_014,79
ATGGCCATACCACCCCCATA_015,61
AGCCCGGAGAGATAAATGTG_001,65
AGCCCGGAGAGATAAATGTG_002,41
AGCCCGGAGAGATAAATGTG_003,158
AGCCCGGAGAGATAAATGTG_004,120
CCTGCTCCAGCTTCAAACCA_001,77
CCTGCTCCAGCTTCAAACCA_002,137
CCTGCTCCAGCTTCAAACCA_003,168
CCTGCTCCAGCTTCAAACCA_004,153
CCTGCTCCAGCTTCAAACCA_005,169
CCTGCTCCAGCTTCAAACCA_006,147
CCTGCTCCAGCTTCAAACCA_007,50
CCTGCTCCAGCTTCAAACCA_008,19
CCTGCTCCAGCTTCAAACCA_009,22
CCTGCTCCAGCTTCAAACCA_010,14
CCTGCTCCAGCTTCAAACCA_011,102
CCTGCTCCAGCTTCAAACCA_012,102
CCTGCTCCAGCTTCAAACCA_013,126
CCTGCTCCAGCTTCAAACCA_014,170
CCTGCTCCAGCTTCAAACCA_015,150
CCTGCTCCAGCTTCAAACCA_016,141
CCTGCTCCAGCTTCAAACCA_017,11
CCTGCTCCAGCTTCAAACCA_018,185
CCTGCTCCAGCTTCAAACCA_019,88
CCTGCTCCAGCTTCAAACCA_020,75
CCTGCTCCAGCTTCAAACCA_021,75
CCTGCTCCAGCTTCAAACCA_022,19
CCTGCTCCAGCTTCAAACCA_023,185
CCTGCTCCAGCTTCAAACCA_024,123
CCTGCTCCAGCTTCAAACCA_025,40
CCTGCTCCAGCTTCAAACCA_026,188
CCTGCTCCAGCTTCAAACCA_027,56
CCTGCTCCAGCTTCAAACCA_028,182
CCTGCTCCAGCTTCAAACCA_029,130
CGAACGTGGGTAGCACCACG_001,142
CGAACGTGGGTAGCACCACG_002,177
CGAACGTGGGTAGCACCACG_003,49
CGAACGTGGGTAGCACCACG_004,137
CGAACGTGGGTAGCACCACG_005,121
CGAACGTGGGTAGCACCACG_006,60
CGAACGTGGGTAGCACCACG_007,114
CGAACGTGGGTAGCACCACG_008,162
CGAACGTGGGTAGCACCACG_009,116
CGAACGTGGGTAGCACCACG_010,106
CGAACGTGGGTAGCACCACG_011,194
CGAACGTGGGTAGCACCACG_012,42
CGAACGTGGGTAGCACCACG_013,147
CGAACGTGGGTAGCACCACG_014,92
CGAACGTGGGTAGCACCACG_015,5
CGAACGTGGGTAGCACCACG_016,124
CGAACGTGGGTAGCACCACG_017,42
CGAACGTGGGTAGCACCACG_018,105
GAGGCACGGATCCAAGTACC_001,2
GAGGCACGGATCCAAGTACC_002,35
GGCTGCCCGAAGTCCCCGCA_001,119
GGCTGCCCGAAGTCCCCGCA_002,189
GGCTGCCCGAAGTCCCCGCA_003,153
GGCTGCCCGAAGTCCCCGCA_004,127
GGCTGCCCGAAGTCCCCGCA_005,166
GGCTGCCCGAAGTCCCCGCA_006,68
GGCTGCCCGAAGTCCCCGCA_007,129
GGCTGCCCGAAGTCCCCGCA_008,185
GGCTGCCCGAAGTCCCCGCA_009,133
GGCTGCCCGAAGTCCCCGCA_010,107
GGCTGCCCGAAGTCCCCGCA_011,149
GGCTGCCCGAAGTCCCCGCA_012,196
GGCTGCCCGAAGTCCCCGCA_013,169
GGCTGCCCGAAGTCCCCGCA_014,160
GGCTGCCCGAAGTCCCCGCA_015,158
GGCTGCCCGAAGTCCCCGCA_016,70
GGCTGCCCGAAGTCCCCGCA_017,124
GGCTGCCCGAAGTCCCCGCA_018,26
GGCTGCCCGAAGTCCCCGCA_019,121
GGCTGCCCGAAGTCCCCGCA_020,184
GGCTGCCCGAAGTCCCCGCA_021,102
GGCTGCCCGAAGTCCCCGCA_022,121
GGCTGCCCGAAGTCCCCGCA_023,186
GGCTGCCCGAAGTCCCCGCA_024,52
GGCTGCCCGAAGTCCCCGCA_025,127
GGCTGCCCGAAGTCCCCGCA_026,167
GGCTGCCCGAAGTCCCCGCA_027,49
GGCTGCCCGAAGTCCCCGCA_028,28
AAGTCAGCGTGCTTCCCAAG_001,38
AAGTCAGCGTGCTTCCCAAG_002,77
AAGTCAGCGTGCTTCCCAAG_003,94
AAGTCAGCGTGCTTCCCAAG_004,114
AAGTCAGCGTGCTTCCCAAG_005,107
AAGTCAGCGTGCTTCCCAAG_006,10
AAGTCAGCGTGCTTCCCAAG_007,59
AAGTCAGCGTGCTTCCCAAG_008,49
AAGTCAGCGTGCTTCCCAAG_009,56
CACCGAACCCAAGAAACTAG_001,78
CACCGAACCCAAGAAACTAG_002,145
CACCGAACCCAAGAAACTAG_003,101
CACCGAACCCAAGAAACTAG_004,114
CACCGAACCCAAGAAACTAG_005,58
CACCGAACCCAAGAAACTAG_006,145
ACCCCCTTCTCCTTACTCAA_001,129
ACCCCCTTCTCCTTACTCAA_002,6
ACCCCCTTCTCCTTACTCAA_003,97
ACCCCCTTCTCCTTACTCAA_004,192
ACCCCCTTCTCCTTACTCAA_005,47
ACCCCCTTCTCCTTACTCAA_006,62
ACCCCCTTCTCCTTACTCAA_007,59
AACTTTGTTCCCAAAATACA_001,149
AACTTTGTTCCCAAAATACA_002,9
AACTTTGTTCCCAAAATACA_003,191
AACTTTGTTCCCAAAATACA_004,185
AACTTTGTTCCCAAAATACA_005,52
AACTTTGTTCCCAAAATACA_006,48
AACTTTGTTCCCAAAATACA_007,94
AACTTTGTTCCCAAAATACA_008,198
AGCGTGTCTATCTAGAGTCT_001,137
AGCGTGTCTATCTAGAGTCT_002,74
AGCGTGTCTATCTAGAGTCT_003,51
AGCGTGTCTATCTAGAGTCT_004,47
AGCGTGTCTATCTAGAGTCT_005,127
CCAGCTCTATGGCTATCGGA_001,45
CCAGCTCTATGGCTATCGGA_002,65
CCAGCTCTATGGCTATCGGA_003,90
CCAGCTCTATGGCTATCGGA_004,180
AAATTCGGCAGCGACCACAC_001,102
AAATTCGGCAGCGACCACAC_002,2
AAATTCGGCAGCGACCACAC_003,188
AAATTCGGCAGCGACCACAC_004,60
AAATTCGGCAGCGACCACAC_005,185
AAATTCGGCAGCGACCACAC_006,49
AAATTCGGCAGCGACCACAC_007,1
AAATTCGGCAGCGACCACAC_008,149
AAATTCGGCAGCGACCACAC_009,167
AAATTCGGCAGCGACCACAC_010,82
AAATTCGGCAGCGACCACAC_011,72
AAATTCGGCAGCGACCACAC_012,143
AAATTCGGCAGCGACCACAC_013,186
AAATTCGGCAGCGACCACAC_014,94
AAATTCGGCAGCGACCACAC_015,6
AAATTCGGCAGCGACCACAC_016,40
AAATTCGGCAGCGACCACAC_017,147
AAATTCGGCAGCGACCACAC_018,79
AAATTCGGCAGCGACCACAC_019,167
AAATTCGGCAGCGACCACAC_020,121
AAATTCGGCAGCGACCACAC_021,121
GCTGCCCGACAACTACACGC_001,107
GCTGCCCGACAACTACACGC_002,8
GCTGCCCGACAACTACACGC_003,31
GCTGCCCGACAACTACACGC_004,5
GCTGCCCGACAACTACACGC_005,144
GCTGCCCGACAACTACACGC_006,40
GCTGCCCGACAACTACACGC_007,151
GCTGCCCGACAACTACACGC_008,48
GCTGCCCGACAACTACACGC_009,40
TCAGATTGGAGCTATGAGAG_001,191
TCAGATTGGAGCTATGAGAG_002,9
TCAGATTGGAGCTATGAGAG_003,56
TCAGATTGGAGCTATGAGAG_004,196
TCAGATTGGAGCTATGAGAG_005,36
TCAGATTGGAGCTATGAGAG_006,62
TCAGATTGGAGCTATGAGAG_007,105
TCAGATTGGAGCTATGAGAG_008,77
TCAGATTGGAGCTATGAGAG_009,119
TCAGATTGGAGCTATGAGAG_010,153
AATGTCTGAAGATGACGGGT_001,62
AATGTCTGAAGATGACGGGT_002,60
AATGTCTGAAGATGACGGGT_003,113
AATGTCTGAAGATGACGGGT_004,116
GTCCATCGTTTCACTGTACC_001,182
ATCTGAGCGTTTTCGGCCGC_001,172
ATCTGAGCGTTTTCGGCCGC_002,76
ATCTGAGCGTTTTCGGCCGC_003,198
ATCTGAGCGTTTTCGGCCGC_004,62
ATCTGAGCGTTTTCGGCCGC_005,50
ATCTGAGCGTTTTCGGCCGC_006,4
ATCTGAGCGTTTTCGGCCGC_007,69
ATCTGAGCGTTTTCGGCCGC_008,140
ATCTGAGCGTTTTCGGCCGC_009,175
ATCTGAGCGTTTTCGGCCGC_010,67
ATCTGAGCGTTTTCGGCCGC_011,88
ATCTGAGCGTTTTCGGCCGC_012,63
ATCGGTTTGAATTTACCCGC_001,113
ATCGGTTTGAATTTACCCGC_002,17
ATCGGTTTGAATTTACCCGC_003,124
ATCGGTTTGAATTTACCCGC_004,165
ATCGGTTTGAATTTACCCGC_005,56
ATCGGTTTGAATTTACCCGC_006,43
ATCGGTTTGAATTTACCCGC_007,28
AGCTGAACATAAGGCCACAA_001,50
AGCTGAACATAAGGCCACAA_002,174
AGCTGAACATAAGGCCACAA_003,1
AGCTGAACATAAGGCCACAA_004,3
TGTCTGCGCGAGTTCCCGTG_001,130
TGTCTGCGCGAGTTCCCGTG_002,127
TGTCTGCGCGAGTTCCCGTG_003,148
TGTCTGCGCGAGTTCCCGTG_004,102
TGTCTGCGCGAGTTCCCGTG_005,178
TGTCTGCGCGAGTTCCCGTG_006,44
TGTCTGCGCGAGTTCCCGTG_007,55
ACCAAGCCAGGCAGTCAAAG_001,9
ACCAAGCCAGGCAGTCAAAG_002,88
ACCAAGCCAGGCAGTCAAAG_003,76
ACCAAGCCAGGCAGTCAAAG_004,107
ACCAAGCCAGGCAGTCAAAG_005,115
ACCAAGCCAGGCAGTCAAAG_006,125
ACCAAGCCAGGCAGTCAAAG_007,77
ACCAAGCCAGGCAGTCAAAG_008,77
ACCAAGCCAGGCAGTCAAAG_009,28
ACCAAGCCAGGCAGTCAAAG_010,19
ACCAAGCCAGGCAGTCAAAG_011,33
ACCAAGCCAGGCAGTCAAAG_012,33
ACCAAGCCAGGCAGTCAAAG_013,67
ACCAAGCCAGGCAGTCAAAG_014,77
ACCAAGCCAGGCAGTCAAAG_015,49
ACCAAGCCAGGCAGTCAAAG_016,141
ACCAAGCCAGGCAGTCAAAG_017,179
GGCAGATGCACTGATTCTAC_001,102
GGCAGATGCACTGATTCTAC_002,184
GGCAGATGCACTGATTCTAC_003,19
GGCAGATGCACTGATTCTAC_004,18
GATCTCCAGATACACCGAGG_001,105
GATCTCCAGATACACCGAGG_002,17
GATCTCCAGATACACCGAGG_003,69
GATCTCCAGATACACCGAGG_004,182
GATCTCCAGATACACCGAGG_005,181
GATCTCCAGATACACCGAGG_006,31
GATCTCCAGATACACCGAGG_007,45
TGAGAGTGGTAATCTACAGA_001,4
TGAGAGTGGTAATCTACAGA_002,145
TGAGAGTGGTAATCTACAGA_003,63
TGAGAGTGGTAATCTACAGA_004,62
TGAGAGTGGTAATCTACAGA_005,27
TGAGAGTGGTAATCTACAGA_006,26
TGAGAGTGGTAATCTACAGA_007,60
TGAGAGTGGTAATCTACAGA_008,94
GATCAAAGAAGTGATAACGA_001,106
GATCAAAGAAGTGATAACGA_002,122
GATCAAAGAAGTGATAACGA_003,168
CCATGACACAGCACCATGCA_001,140
CCATGACACAGCACCATGCA_002,171
CCATGACACAGCACCATGCA_003,127
CCATGACACAGCACCATGCA_004,186
GGGTGACCAAGACGGAAAGA_001,68
GGGTGACCAAGACGGAAAGA_002,38
GGGTGACCAAGACGGAAAGA_003,177
GGGTGACCAAGACGGAAAGA_004,30
GGGTGACCAAGACGGAAAGA_005,29
GGGTGACCAAGACGGAAAGA_006,105
GGGAAGACTTCCCTGACTGG_001,35
GGGAAGACTTCCCTGACTGG_002,123
GGGAAGACTTCCCTGACTGG_003,68
GGGAAGACTTCCCTGACTGG_004,175
GGGAAGACTTCCCTGACTGG_005,173
GGGAAGACTTCCCTGACTGG_006,182
GGGAAGACTTCCCTGACTGG_007,189
GGGAAGACTTCCCTGACTGG_008,15
GGGAAGACTTCCCTGACTGG_009,155
GGGAAGACTTCCCTGACTGG_010,189
GGGAAGACTTCCCTGACTGG_011,121
GGGAAGACTTCCCTGACTGG_012,63
TGAAGTAACTTCTCAAGTCC_001,160
TGAAGTAACTTCTCAAGTCC_002,72
TGAAGTAACTTCTCAAGTCC_003,155
TGAAGTAACTTCTCAAGTCC_004,162
TGAAGTAACTTCTCAAGTCC_005,83
TGAAGTAACTTCTCAAGTCC_006,110
TGTGCACCTTGGATGCCAGT_001,160
TGTGCACCTTGGATGCCAGT_002,80
TGTGCACCTTGGATGCCAGT_003,159
TGTGCACCTTGGATGCCAGT_004,98
CTTTAAAAGGGGCGGCGAAG_001,29
CTTTAAAAGGGGCGGCGAAG_002,98
CTTTAAAAGGGGCGGCGAAG_003,162
CTTTAAAAGGGGCGGCGAAG_004,152
CTTTAAAAGGGGCGGCGAAG_005,155
CTTTAAAAGGGGCGGCGAAG_006,146
CTTTAAAAGGGGCGGCGAAG_007,17
CTTTAAAAGGGGCGGCGAAG_008,8
CTTTAAAAGGGGCGGCGAAG_009,15
CTTTAAAAGGGGCGGCGAAG_010,53
CTTTAAAAGGGGCGGCGAAG_011,134
CTTTAAAAGGGGCGGCGAAG_012,26
CTTTAAAAGGGGCGGCGAAG_013,138
CTTTAAAAGGGGCGGCGAAG_014,74
CTTTAAAAGGGGCGGCGAAG_015,186
ATAATGGTGAATGATCTTAG_001,161
ATAATGGTGAATGATCTTAG_002,61
ACTGGGAAAAGTGCTTCGGA_001,29
ACTGGGAAAAGTGCTTCGGA_002,91
ACTGGGAAAAGTGCTTCGGA_003,105
ACTGGGAAAAGTGCTTCGGA_004,14
ACTGGGAAAAGTGCTTCGGA_005,162
ACTGGGAAAAGTGCTTCGGA_006,199
ACTGGGAAAAGTGCTTCGGA_007,41
ACTGGGAAAAGTGCTTCGGA_008,144
ACTGGGAAAAGTGCTTCGGA_009,160
ACTGGGAAAAGTGCTTCGGA_010,51
ACTGGGAAAAGTGCTTCGGA_011,69
ACTGGGAAAAGTGCTTCGGA_012,187
ACTGGGAAAAGTGCTTCGGA_013,171
ACTGGGAAAAGTGCTTCGGA_014,17
ACTGGGAAAAGTGCTTCGGA_015,126
ACTGGGAAAAGTGCTTCGGA_016,185
ACTGGGAAAAGTGCTTCGGA_017,3
ACTGGGAAAAGTGCTTCGGA_018,169
AATGGTGGAGATATTAACAG_001,145
AATGGTGGAGATATTAACAG_002,92
AATGGTGGAGATATTAACAG_003,53
AATGGTGGAGATATTAACAG_004,17
AATGGTGGAGATATTAACAG_005,34
AATGGTGGAGATATTAACAG_006,49
AATGGTGGAGATATTAACAG_007,55
GCTAGCTGGAGAGATTGCCG_001,172
GCTAGCTGGAGAGATTGCCG_002,41
GCTAGCTGGAGAGATTGCCG_003,165
GCTAGCTGGAGAGATTGCCG_004,174
GCTAGCTGGAGAGATTGCCG_005,136
GCTAGCTGGAGAGATTGCCG_006,12
GCTAGCTGGAGAGATTGCCG_007,137
GCTAGCTGGAGAGATTGCCG_008,77
GCTAGCTGGAGAGATTGCCG_009,120
GCTAGCTGGAGAGATTGCCG_010,168
GCTAGCTGGAGAGATTGCCG_011,8
GCTAGCTGGAGAGATTGCCG_012,149
GCTAGCTGGAGAGATTGCCG_013,65
GCTAGCTGGAGAGATTGCCG_014,77
GCTAGCTGGAGAGATTGCCG_015,175
GCTAGCTGGAGAGATTGCCG_016,172
TGAACGGGGCATTAGTACGA_001,8
TGCCATCATAGGTGTCACAC_001,193
TGCCATCATAGGTGTCACAC_002,29
TGCCATCATAGGTGTCACAC_003,49
TGCCATCATAGGTGTCACAC_004,18
TGCCATCATAGGTGTCACAC_005,16
TGCCATCATAGGTGTCACAC_006,37
TGCCATCATAGGTGTCACAC_007,4
TGCCATCATAGGTGTCACAC_008,142
TGCCATCATAGGTGTCACAC_009,3
TGCCATCATAGGTGTCACAC_010,117
TGCCATCATAGGTGTCACAC_011,6
TGCCATCATAGGTGTCACAC_012,3
GTGTCCCCAGATTCGTAGTG_001,78
GTGTCCCCAGATTCGTAGTG_002,139
GTGTCCCCAGATTCGTAGTG_003,139
GTGTCCCCAGATTCGTAGTG_004,161
GTGTCCCCAGATTCGTAGTG_005,194
GTGTCCCCAGATTCGTAGTG_006,194
GTGTCCCCAGATTCGTAGTG_007,13
GTGTCCCCAGATTCGTAGTG_008,179
GTGTCCCCAGATTCGTAGTG_009,35
GTGTCCCCAGATTCGTAGTG_010,37
GTGTCCCCAGATTCGTAGTG_011,4
GTGTCCCCAGATTCGTAGTG_012,100
GTGTCCCCAGATTCGTAGTG_013,162
GTGTCCCCAGATTCGTAGTG_014,48
GTGTCCCCAGATTCGTAGTG_015,28
GTGTCCCCAGATTCGTAGTG_016,115
GTGTCCCCAGATTCGTAGTG_017,60
GTGTCCCCAGATTCGTAGTG_018,170
GTGTCCCCAGATTCGTAGTG_019,156
GTGTCCCCAGATTCGTAGTG_020,145
GTGTCCCCAGATTCGTAGTG_021,90
GTGTCCCCAGATTCGTAGTG_022,188
GTGTCCCCAGATTCGTAGTG_023,166
GTGTCCCCAGATTCGTAGTG_024,95
GACACTCAACAAAGTCACTG_001,98
GACACTCAACAAAGTCACTG_002,61
GACACTCAACAAAGTCACTG_003,60
GACACTCAACAAAGTCACTG_004,105
GACACTCAACAAAGTCACTG_005,69
GACACTCAACAAAGTCACTG_006,185
GACACTCAACAAAGTCACTG_007,23
GACACTCAACAAAGTCACTG_008,98
GACACTCAACAAAGTCACTG_009,169
GACACTCAACAAAGTCACTG_010,121
GACACTCAACAAAGTCACTG_011,81
GACACTCAACAAAGTCACTG_012,70
GACACTCAACAAAGTCACTG_013,149
GACACTCAACAAAGTCACTG_014,175
GACACTCAACAAAGTCACTG_015,31
GACACTCAACAAAGTCACTG_016,36
GACACTCAACAAAGTCACTG_017,129
GACACTCAACAAAGTCACTG_018,22
GACACTCAACAAAGTCACTG_019,93
GACACTCAACAAAGTCACTG_020,34
GACACTCAACAAAGTCACTG_021,66
GACACTCAACAAAGTCACTG_022,3
TCCATCGACCTGGACCGGAA_001,129
TCCATCGACCTGGACCGGAA_002,10
TCCATCGACCTGGACCGGAA_003,181
TCCATCGACCTGGACCGGAA_004,133
TCCATCGACCTGGACCGGAA_005,54
TCCATCGACCTGGACCGGAA_006,15
TCCATCGACCTGGACCGGAA_007,17
TCCATCGACCTGGACCGGAA_008,77
TCCATCGACCTGGACCGGAA_009,147
TCCATCGACCTGGACCGGAA_010,16
TCCATCGACCTGGACCGGAA_011,79
TCCATCGACCTGGACCGGAA_012,65
TCCATCGACCTGGACCGGAA_013,44
TCCATCGACCTGGACCGGAA_014,158
TCCATCGACCTGGACCGGAA_015,50
TCCATCGACCTGGACCGGAA_016,121
TCCATCGACCTGGACCGGAA_017,65
TCCATCGACCTGGACCGGAA_018,113
TCCATCGACCTGGACCGGAA_019,140
TCCATCGACCTGGACCGGAA_020,168
TCCATCGACCTGGACCGGAA_021,88
TCCATCGACCTGGACCGGAA_022,133
TCCATCGACCTGGACCGGAA_023,39
TCCATCGACCTGGACCGGAA_024,191
TCCATCGACCTGGACCGGAA_025,155
TGTCGGTGGTGGCTCTACCA_001,128
TGTCGGTGGTGGCTCTACCA_002,102
TTGTCCTTCTACTCACAACA_001,107
TTGTCCTTCTACTCACAACA_002,56
TTGTCCTTCTACTCACAACA_003,170
TTGTCCTTCTACTCACAACA_004,181
TTGTCCTTCTACTCACAACA_005,191
TTGTCCTTCTACTCACAACA_006,155
TTGTCCTTCTACTCACAACA_007,172
TTGTCCTTCTACTCACAACA_008,144
TTGTCCTTCTACTCACAACA_009,127
TTGTCCTTCTACTCACAACA_010,17
TTGTCCTTCTACTCACAACA_011,178
GGTGGCACAAGTGCGCCCCG_001,165
GGTGGCACAAGTGCGCCCCG_002,115
GGTGGCACAAGTGCGCCCCG_003,12
GGTGGCACAAGTGCGCCCCG_004,197
GGTGGCACAAGTGCGCCCCG_005,150
GGTGGCACAAGTGCGCCCCG_006,114
GTGGAAGGGAAAATGCACCT_001,105
GTGGAAGGGAAAATGCACCT_002,105
GTGGAAGGGAAAATGCACCT_003,138
GTGGAAGGGAAAATGCACCT_004,65
GTGGAAGGGAAAATGCACCT_005,19
GTGGAAGGGAAAATGCACCT_006,151
GTGGAAGGGAAAATGCACCT_007,48
GTGGAAGGGAAAATGCACCT_008,16
CTGCTGCTAAAGGATCTCGT_001,176
CTGCTGCTAAAGGATCTCGT_002,62
CTGCTGCTAAAGGATCTCGT_003,26
CTGCTGCTAAAGGATCTCGT_004,110
CTGCTGCTAAAGGATCTCGT_005,178
CTGCTGCTAAAGGATCTCGT_006,91
CTGCTGCTAAAGGATCTCGT_007,36
TATAATCACCTTATATCAGA_001,28
TATAATCACCTTATATCAGA_002,0
TATAATCACCTTATATCAGA_003,174
TATAATCACCTTATATCAGA_004,13
CTACGTGGGAGATGGCTATG_001,84
CTACGTGGGAGATGGCTATG_002,1
CTACGTGGGAGATGGCTATG_003,143
CTACGTGGGAGATGGCTATG_004,143
CTACGTGGGAGATGGCTATG_005,4
CTACGTGGGAGATGGCTATG_006,15
CTACGTGGGAGATGGCTATG_007,76
CTACGTGGGAGATGGCTATG_008,15
CTACGTGGGAGATGGCTATG_009,198
CTACGTGGGAGATGGCTATG_010,56
CTACGTGGGAGATGGCTATG_011,150
CTACGTGGGAGATGGCTATG_012,48
CTACGTGGGAGATGGCTATG_013,140
CTACGTGGGAGATGGCTATG_014,188
CTACGTGGGAGATGGCTATG_015,50
CTACGTGGGAGATGGCTATG_016,137
CTACGTGGGAGATGGCTATG_017,144
CTACGTGGGAGATGGCTATG_018,56
CTACGTGGGAGATGGCTATG_019,68
CTACGTGGGAGATGGCTATG_020,48
CTACGTGGGAGATGGCTATG_021,133
CTACGTGGGAGATGGCTATG_022,15
CTACGTGGGAGATGGCTATG_023,190
CTACGTGGGAGATGGCTATG_024,6
CTACGTGGGAGATGGCTATG_025,47
CTACGTGGGAGATGGCTATG_026,178
CTACGTGGGAGATGGCTATG_027,163
CTACGTGGGAGATGGCTATG_028,169
CTACGTGGGAGATGGCTATG_029,162
CTACGTGGGAGATGGCTATG_030,169
CTACGTGGGAGATGGCTATG_031,15
CTACGTGGGAGATGGCTATG_032,146
CTACGTGGGAGATGGCTATG_033,142
CTACGTGGGAGATGGCTATG_034,156
CTACGTGGGAGATGGCTATG_035,156
ACAACATCACGATATTTACC_001,74
CAACGGAAGCCACTTCTGCG_001,35
CAACGGAAGCCACTTCTGCG_002,115
CAACGGAAGCCACTTCTGCG_003,34
CAACGGAAGCCACTTCTGCG_004,50
CAACGGAAGCCACTTCTGCG_005,94
CAACGGAAGCCACTTCTGCG_006,177
CAACGGAAGCCACTTCTGCG_007,59
CAACGGAAGCCACTTCTGCG_008,130
CAACGGAAGCCACTTCTGCG_009,195
CAACGGAAGCCACTTCTGCG_010,36
CAACGGAAGCCACTTCTGCG_011,146
CAACGGAAGCCACTTCTGCG_012,140
CAACGGAAGCCACTTCTGCG_013,16
CAACGGAAGCCACTTCTGCG_014,185
CAACGGAAGCCACTTCTGCG_015,78
CAACGGAAGCCACTTCTGCG_016,45
CAACGGAAGCCACTTCTGCG_017,38
CAACGGAAGCCACTTCTGCG_018,137
CAACGGAAGCCACTTCTGCG_019,104
CAACGGAAGCCACTTCTGCG_020,108
CAACGGAAGCCACTTCTGCG_021,155
CAACGGAAGCCACTTCTGCG_022,19
CAACGGAAGCCACTTCTGCG_023,42
CAACGGAAGCCACTTCTGCG_024,134
CAACGGAAGCCACTTCTGCG_025,150
CAACGGAAGCCACTTCTGCG_026,45
CAACGGAAGCCACTTCTGCG_027,52
CAACGGAAGCCACTTCTGCG_028,8
GATGCTGCCTGCCCTAAACA_001,96
GATGCTGCCTGCCCTAAACA_002,102
GATGCTGCCTGCCCTAAACA_003,15
GATGCTGCCTGCCCTAAACA_004,176
GATGCTGCCTGCCCTAAACA_005,19
GATGCTGCCTGCCCTAAACA_006,88
GATGCTGCCTGCCCTAAACA_007,32
GATGCTGCCTGCCCTAAACA_008,77
GATGCTGCCTGCCCTAAACA_009,35
GATGCTGCCTGCCCTAAACA_010,10
GATGCTGCCTGCCCTAAACA_011,123
GATGCTGCCTGCCCTAAACA_012,165
TGCTTGTTGAGGCATTTCAA_001,194
TGCTTGTTGAGGCATTTCAA_002,178
TGCTTGTTGAGGCATTTCAA_003,36
TGCTTGTTGAGGCATTTCAA_004,186
TGCTTGTTGAGGCATTTCAA_005,30
TGCTTGTTGAGGCATTTCAA_006,110
TGCTTGTTGAGGCATTTCAA_007,118
TGCTTGTTGAGGCATTTCAA_008,171
TGCTTGTTGAGGCATTTCAA_009,92
TGCTTGTTGAGGCATTTCAA_010,130
TGCTTGTTGAGGCATTTCAA_011,104
TGCTTGTTGAGGCATTTCAA_012,115
TGCTTGTTGAGGCATTTCAA_013,44
TGCTTGTTGAGGCATTTCAA_014,179
TGCTTGTTGAGGCATTTCAA_015,148
TGCTTGTTGAGGCATTTCAA_016,121
TGCTTGTTGAGGCATTTCAA_017,119
TGCTTGTTGAGGCATTTCAA_018,68
TGCTTGTTGAGGCATTTCAA_019,24
TGCTTGTTGAGGCATTTCAA_020,115
TGCTTGTTGAGGCATTTCAA_021,145
TGCTTGTTGAGGCATTTCAA_022,92
TGCTTGTTGAGGCATTTCAA_023,141
TGCTTGTTGAGGCATTTCAA_024,10
TGCTTGTTGAGGCATTTCAA_025,62
TGCTTGTTGAGGCATTTCAA_026,124
TGCTTGTTGAGGCATTTCAA_027,68
TGCTTGTTGAGGCATTTCAA_028,3
TGCTTGTTGAGGCATTTCAA_029,8
TGCTTGTTGAGGCATTTCAA_030,149
TTGGCTTGCAGGATTTACCA_001,49
TTGGCTTGCAGGATTTACCA_002,168
TTGGCTTGCAGGATTTACCA_003,19
TTGGCTTGCAGGATTTACCA_004,154
TTGGCTTGCAGGATTTACCA_005,115
TTGGCTTGCAGGATTTACCA_006,56
TTGGCTTGCAGGATTTACCA_007,110
TTGGCTTGCAGGATTTACCA_008,122
TTGGCTTGCAGGATTTACCA_009,83
TTGGCTTGCAGGATTTACCA_010,193
TTGGCTTGCAGGATTTACCA_011,143
TTGGCTTGCAGGATTTACCA_012,198
TTGGCTTGCAGGATTTACCA_013,0
TTGGCTTGCAGGATTTACCA_014,114
TTGGCTTGCAGGATTTACCA_015,114
TTGGCTTGCAGGATTTACCA_016,196
TGGATTCTCCCAACCACAGT_001,180
TGGATTCTCCCAACCACAGT_002,3
TGAGGTGATGCACCTACAGA_001,49
TGAGGTGATGCACCTACAGA_002,150
TGAGGTGATGCACCTACAGA_003,44
TGAGGTGATGCACCTACAGA_004,162
AGTACACATTTGTACAAGCT_001,21
AGTACACATTTGTACAAGCT_002,187
AGTACACATTTGTACAAGCT_003,78
AGTACACATTTGTACAAGCT_004,103
AGTACACATTTGTACAAGCT_005,2
AGTACACATTTGTACAAGCT_006,0
AGCGCCTCTGAGATCCCCAA_001,60
AGCGCCTCTGAGATCCCCAA_002,38
AGCGCCTCTGAGATCCCCAA_003,160
AGCGCCTCTGAGATCCCCAA_004,29
AGCGCCTCTGAGATCCCCAA_005,26
AGCGCCTCTGAGATCCCCAA_006,156
AGCGCCTCTGAGATCCCCAA_007,156
AGCGCCTCTGAGATCCCCAA_008,175
AGCGCCTCTGAGATCCCCAA_009,115
AGCGCCTCTGAGATCCCCAA_010,19
AGCGCCTCTGAGATCCCCAA_011,9
AGCGCCTCTGAGATCCCCAA_012,48
AGCGCCTCTGAGATCCCCAA_013,1
AGCGCCTCTGAGATCCCCAA_014,162
AGCGCCTCTGAGATCCCCAA_015,88
AGCGCCTCTGAGATCCCCAA_016,91
AGCGCCTCTGAGATCCCCAA_017,108
AGCGCCTCTGAGATCCCCAA_018,133
AGCGCCTCTGAGATCCCCAA_019,11
AGCGCCTCTGAGATCCCCAA_020,32
AGCGCCTCTGAGATCCCCAA_021,178
AGCGCCTCTGAGATCCCCAA_022,35
AGCGCCTCTGAGATCCCCAA_023,103
AGCGCCTCTGAGATCCCCAA_024,43
AGCGCCTCTGAGATCCCCAA_025,131
AGCGCCTCTGAGATCCCCAA_026,139
GTAGAGTTTGCGGATACCAA_001,17
GTAGAGTTTGCGGATACCAA_002,48
GTAGAGTTTGCGGATACCAA_003,166
AAACAAAGGACATTAGACTC_001,166
AAACAAAGGACATTAGACTC_002,83
AAACAAAGGACATTAGACTC_003,28
AAACAAAGGACATTAGACTC_004,77
AGAGGAGGACACATACAAGG_001,154
AGAGGAGGACACATACAAGG_002,102
AGAGGAGGACACATACAAGG_003,194
AGAGGAGGACACATACAAGG_004,188
AGAGGAGGACACATACAAGG_005,56
AGAGGAGGACACATACAAGG_006,45
AGAGGAGGACACATACAAGG_007,184
AGAGGAGGACACATACAAGG_008,112
AGAGGAGGACACATACAAGG_009,118
AGAGGAGGACACATACAAGG_010,178
AGAGGAGGACACATACAAGG_011,150
AGAGGAGGACACATACAAGG_012,10
TGGAGTAGAGGATCTGCGTG_001,196
TGGAGTAGAGGATCTGCGTG_002,83
TGGAGTAGAGGATCTGCGTG_003,15
TGGAGTAGAGGATCTGCGTG_004,9
TGGAGTAGAGGATCTGCGTG_005,46
TGGAGTAGAGGATCTGCGTG_006,27
TGGAGTAGAGGATCTGCGTG_007,12
TGGAGTAGAGGATCTGCGTG_008,111
TGGAGTAGAGGATCTGCGTG_009,114
GAGTCTGAAGTAACTTGACA_001,143
GAGTCTGAAGTAACTTGACA_002,169
GAGTCTGAAGTAACTTGACA_003,32
GAGTCTGAAGTAACTTGACA_004,130
GAGTCTGAAGTAACTTGACA_005,123
GAGTCTGAAGTAACTTGACA_006,107
GAGTCTGAAGTAACTTGACA_007,161
GAGTCTGAAGTAACTTGACA_008,167
TTGCAGAAGGATAACCGAGA_001,102
TTGCAGAAGGATAACCGAGA_002,42
TTGCAGAAGGATAACCGAGA_003,20
TTGCAGAAGGATAACCGAGA_004,168
TTGGTGTGAAAATACATCGA_001,72
TTGGTGTGAAAATACATCGA_002,145
TTGGTGTGAAAATACATCGA_003,126
TTGGTGTGAAAATACATCGA_004,33
TTGGTGTGAAAATACATCGA_005,158
GGGCTGGTGGACGTACCTGG_001,15
GGGCTGGTGGACGTACCTGG_002,65
GGGCTGGTGGACGTACCTGG_003,137
GGGCTGGTGGACGTACCTGG_004,133
GGGCTGGTGGACGTACCTGG_005,183
GGGCTGGTGGACGTACCTGG_006,165
GGGCTGGTGGACGTACCTGG_007,127
GGGCTGGTGGACGTACCTGG_008,157
GGGCTGGTGGACGTACCTGG_009,0
GGGCTGGTGGACGTACCTGG_010,163
GGGCTGGTGGACGTACCTGG_011,127
GGGCTGGTGGACGTACCTGG_012,134
GGGCTGGTGGACGTACCTGG_013,34
GGGCTGGTGGACGTACCTGG_014,102
GGGCTGGTGGACGTACCTGG_015,46
GGGCTGGTGGACGTACCTGG_016,78
GGGCTGGTGGACGTACCTGG_017,178
ATTGTGACAGAAAAAATGCA_001,114
ATTGTGACAGAAAAAATGCA_002,97
ATTGTGACAGAAAAAATGCA_003,128
ATTGTGACAGAAAAAATGCA_004,53
GAAGCAAGCAGGGATTCCCA_001,20
TGAACCCAGAGGTGATCGGG_001,61
TGAACCCAGAGGTGATCGGG_002,166
TGAACCCAGAGGTGATCGGG_003,77
TGAACCCAGAGGTGATCGGG_004,121
TGAACCCAGAGGTGATCGGG_005,103
TGAACCCAGAGGTGATCGGG_006,78
TGAACCCAGAGGTGATCGGG_007,29
TGAACCCAGAGGTGATCGGG_008,122
TGAACCCAGAGGTGATCGGG_009,88
GCAAGACACCTGTCTTCACG_001,8
TGAATCTAAGAGGTTCCAGC_001,151
TGAATCTAAGAGGTTCCAGC_002,50
TGAATCTAAGAGGTTCCAGC_003,102
TGAATCTAAGAGGTTCCAGC_004,12
TGAATCTAAGAGGTTCCAGC_005,189
TGAATCTAAGAGGTTCCAGC_006,15
TGAATCTAAGAGGTTCCAGC_007,170
CTACGCCCAGAACCGCACTG_001,171
CTACGCCCAGAACCGCACTG_002,15
CTACGCCCAGAACCGCACTG_003,35
CTACGCCCAGAACCGCACTG_004,51
CTACGCCCAGAACCGCACTG_005,53
CTACGCCCAGAACCGCACTG_006,134
CTACGCCCAGAACCGCACTG_007,60
CTACGCCCAGAACCGCACTG_008,117
CTACGCCCAGAACCGCACTG_009,129
CTACGCCCAGAACCGCACTG_010,194
CTACGCCCAGAACCGCACTG_011,167
CTACGCCCAGAACCGCACTG_012,136
CTACGCCCAGAACCGCACTG_013,70
CTACGCCCAGAACCGCACTG_014,34
CTACGCCCAGAACCGCACTG_015,119
CTACGCCCAGAACCGCACTG_016,78
CTACGCCCAGAACCGCACTG_017,170
CTACGCCCAGAACCGCACTG_018,60
CTACGCCCAGAACCGCACTG_019,9
CTACGCCCAGAACCGCACTG_020,50
CTACGCCCAGAACCGCACTG_021,52
CTACGCCCAGAACCGCACTG_022,19
CTACGCCCAGAACCGCACTG_023,158
CTACGCCCAGAACCGCACTG_024,14
CTACGCCCAGAACCGCACTG_025,42
CTACGCCCAGAACCGCACTG_026,42
CTACGCCCAGAACCGCACTG_027,141
CTACGCCCAGAACCGCACTG_028,26
CTACGCCCAGAACCGCACTG_029,128
CTACGCCCAGAACCGCACTG_030,77
CTACGCCCAGAACCGCACTG_031,192
CTACGCCCAGAACCGCACTG_032,127
CTACGCCCAGAACCGCACTG_033,15
CTACGCCCAGAACCGCACTG_034,54
CTACGCCCAGAACCGCACTG_035,182
CTACGCCCAGAACCGCACTG_036,9
CTACGCCCAGAACCGCACTG_037,9
CTACGCCCAGAACCGCACTG_038,8
CTACGCCCAGAACCGCACTG_039,81
CTACGCCCAGAACCGCACTG_040,24
CTACGCCCAGAACCGCACTG_041,43
CTACGCCCAGAACCGCACTG_042,171
CTACGCCCAGAACCGCACTG_043,91
CTACGCCCAGAACCGCACTG_044,127
CTACGCCCAGAACCGCACTG_045,58
CTACGCCCAGAACCGCACTG_046,170
CTACGCCCAGAACCGCACTG_047,149
CTACGCCCAGAACCGCACTG_048,81
CTACGCCCAGAACCGCACTG_049,11
CTACGCCCAGAACCGCACTG_050,162
CTACGCCCAGAACCGCACTG_051,112
CTACGCCCAGAACCGCACTG_052,43
CTACGCCCAGAACCGCACTG_053,197
CTACGCCCAGAACCGCACTG_054,106
CTACGCCCAGAACCGCACTG_055,124
CTACGCCCAGAACCGCACTG_056,15
CTACGCCCAGAACCGCACTG_057,130
CTACGCCCAGAACCGCACTG_058,66
CTACGCCCAGAACCGCACTG_059,56
CTACGCCCAGAACCGCACTG_060,51
CTACGCCCAGAACCGCACTG_061,130
GGCATGGGGGAAACGCCCGC_001,110
GGCATGGGGGAAACGCCCGC_002,36
GGCATGGGGGAAACGCCCGC_003,161
GGCATGGGGGAAACGCCCGC_004,10
GGCATGGGGGAAACGCCCGC_005,0
GGCATGGGGGAAACGCCCGC_006,61
GGCATGGGGGAAACGCCCGC_007,130
GGCATGGGGGAAACGCCCGC_008,32
GGCATGGGGGAAACGCCCGC_009,51
GGCATGGGGGAAACGCCCGC_010,191
GGCATGGGGGAAACGCCCGC_011,121
GGCATGGGGGAAACGCCCGC_012,135
GGCATGGGGGAAACGCCCGC_013,171
GGCATGGGGGAAACGCCCGC_014,2
GGCATGGGGGAAACGCCCGC_015,177
GGCATGGGGGAAACGCCCGC_016,127
GGCATGGGGGAAACGCCCGC_017,91
GGCATGGGGGAAACGCCCGC_018,21
GGCATGGGGGAAACGCCCGC_019,52
GGCATGGGGGAAACGCCCGC_020,170
GGCATGGGGGAAACGCCCGC_021,16
AAAAAACTGGAGTACGACAG_001,101
AAAAAACTGGAGTACGACAG_002,175
AAAAAACTGGAGTACGACAG_003,102
AAAAAACTGGAGTACGACAG_004,9
AAAAAACTGGAGTACGACAG_005,115
AAAAAACTGGAGTACGACAG_006,168
AAAAAACTGGAGTACGACAG_007,181
AAAAAACTGGAGTACGACAG_008,194
AAAAAACTGGAGTACGACAG_009,133
AAAAAACTGGAGTACGACAG_010,118
AAAAAACTGGAGTACGACAG_011,63
AAAAAACTGGAGTACGACAG_012,28
CACCAACCGCACAAAGGAGG_001,199
CACCAACCGCACAAAGGAGG_002,185
CACCAACCGCACAAAGGAGG_003,184
CACCAACCGCACAAAGGAGG_004,39
CACCAACCGCACAAAGGAGG_005,27
ACGAGAAGTTCTCCGAAGGG_001,126
ACGAGAAGTTCTCCGAAGGG_002,55
CTTTCGAAGCAATCGCACAA_001,81
CTTTCGAAGCAATCGCACAA_002,118
CTTTCGAAGCAATCGCACAA_003,72
CTTTCGAAGCAATCGCACAA_004,146
CTTTCGAAGCAATCGCACAA_005,184
CTTTCGAAGCAATCGCACAA_006,88
CTTTCGAAGCAATCGCACAA_007,177
CTTTCGAAGCAATCGCACAA_008,190
CTTTCGAAGCAATCGCACAA_009,60
CTTTCGAAGCAATCGCACAA_010,77
CTTTCGAAGCAATCGCACAA_011,49
CTTTCGAAGCAATCGCACAA_012,121
CTTTCGAAGCAATCGCACAA_013,112
CTTTCGAAGCAATCGCACAA_014,169
CTTTCGAAGCAATCGCACAA_015,158
CTTTCGAAGCAATCGCACAA_016,162
CTTTCGAAGCAATCGCACAA_017,75
CTTTCGAAGCAATCGCACAA_018,76
CTTTCGAAGCAATCGCACAA_019,76
CTTTCGAAGCAATCGCACAA_020,105
CTTTCGAAGCAATCGCACAA_021,65
CTTTCGAAGCAATCGCACAA_022,61
CTTTCGAAGCAATCGCACAA_023,125
GCATCCTATGAGTCATAGGG_001,29
GCATCCTATGAGTCATAGGG_002,16
GCATCCTATGAGTCATAGGG_003,70
GCATCCTATGAGTCATAGGG_004,190
GCATCCTATGAGTCATAGGG_005,198
GCATCCTATGAGTCATAGGG_006,182
GCATCCTATGAGTCATAGGG_007,174
GCATCCTATGAGTCATAGGG_008,9
GCATCCTATGAGTCATAGGG_009,40
GCATCCTATGAGTCATAGGG_010,46
GCATCCTATGAGTCATAGGG_011,124
GCATCCTATGAGTCATAGGG_012,142
GCATCCTATGAGTCATAGGG_013,3
GCATCCTATGAGTCATAGGG_014,43
GCATCCTATGAGTCATAGGG_015,148
GTATACATGATGGTCACTCA_001,192
GTATACATGATGGTCACTCA_002,142
GTATACATGATGGTCACTCA_003,106
GTATACATGATGGTCACTCA_004,91
GTATACATGATGGTCACTCA_005,28
GTATACATGATGGTCACTCA_006,146
GTATACATGATGGTCACTCA_007,188
GTATACATGATGGTCACTCA_008,57
GTATACATGATGGTCACTCA_009,4
GTATACATGATGGTCACTCA_010,61
GTATACATGATGGTCACTCA_011,154
GTATACATGATGGTCACTCA_012,9
GTATACATGATGGTCACTCA_013,96
GTATACATGATGGTCACTCA_014,144
GTATACATGATGGTCACTCA_015,46
GTATACATGATGGTCACTCA_016,152
GTATACATGATGGTCACTCA_017,4
GTATACATGATGGTCACTCA_018,187
GTATACATGATGGTCACTCA_019,148
GGAGAGTCGGGATTATGACG_001,40
GGAGAGTCGGGATTATGACG_002,29
GGAGAGTCGGGATTATGACG_003,117
TATGTGGACCTAGACATGAA_001,195
TATGTGGACCTAGACATGAA_002,156
TATGTGGACCTAGACATGAA_003,150
TATGTGGACCTAGACATGAA_004,13
TATGTGGACCTAGACATGAA_005,168
TATGTGGACCTAGACATGAA_006,45
TATGTGGACCTAGACATGAA_007,198
TATGTGGACCTAGACATGAA_008,168
ATCCCAGAGACTGATGCCGT_001,27
ATCCCAGAGACTGATGCCGT_002,108
ATCCCAGAGACTGATGCCGT_003,140
ATCCCAGAGACTGATGCCGT_004,23
ATCCCAGAGACTGATGCCGT_005,48
ATCCCAGAGACTGATGCCGT_006,11
ATCCCAGAGACTGATGCCGT_007,62
CAGCCTTAATAAAAACCGCC_001,174
CAGCCTTAATAAAAACCGCC_002,72
CAGCCTTAATAAAAACCGCC_003,129
CAGCCTTAATAAAAACCGCC_004,144
GATTCGTCCATCCATGAGCA_001,28
GATTCGTCCATCCATGAGCA_002,116
GATTCGTCCATCCATGAGCA_003,146
GATTCGTCCATCCATGAGCA_004,193
GATTCGTCCATCCATGAGCA_005,67
GATTCGTCCATCCATGAGCA_006,94
GATTCGTCCATCCATGAGCA_007,198
CCTTCATCTAGGTCTGTGAC_001,118
CCTTCATCTAGGTCTGTGAC_002,72
CCTTCATCTAGGTCTGTGAC_003,77
TGTCAGAGGCAGAGGAAAAC_001,87
TGTCAGAGGCAGAGGAAAAC_002,9
CCTGTCCATTGATGTGAAAG_001,56
CCTGTCCATTGATGTGAAAG_002,166
TTGAATTGCTCAGTATGAAA_001,177
TTGAATTGCTCAGTATGAAA_002,62
TTGAATTGCTCAGTATGAAA_003,126
TTGCTCCCTCGAAAAGAGCG_001,53
TTGCTCCCTCGAAAAGAGCG_002,170
TTGCTCCCTCGAAAAGAGCG_003,7
TTGCTCCCTCGAAAAGAGCG_004,168
TTGCTCCCTCGAAAAGAGCG_005,94
TTGCTCCCTCGAAAAGAGCG_006,192
TTGCTCCCTCGAAAAGAGCG_007,36
TTGCTCCCTCGAAAAGAGCG_008,161
TTGCTCCCTCGAAAAGAGCG_009,108
TTGCTCCCTCGAAAAGAGCG_010,84
TTGCTCCCTCGAAAAGAGCG_011,61
TTGCTCCCTCGAAAAGAGCG_012,121
TTGCTCCCTCGAAAAGAGCG_013,168
TTGCTCCCTCGAAAAGAGCG_014,23
TTGCTCCCTCGAAAAGAGCG_015,77
TTGCTCCCTCGAAAAGAGCG_016,138
TTGCTCCCTCGAAAAGAGCG_017,172
TTGCTCCCTCGAAAAGAGCG_018,136
TTGTAGTGGGATCCAACTGT_001,137
TTGTAGTGGGATCCAACTGT_002,118
TTGTAGTGGGATCCAACTGT_003,77
TTGTAGTGGGATCCAACTGT_004,57
TTGTAGTGGGATCCAACTGT_005,128
TTGTAGTGGGATCCAACTGT_006,108
TTGTAGTGGGATCCAACTGT_007,108
TTGTAGTGGGATCCAACTGT_008,70
TGTAACACTGCCCAATGCCA_001,192
TGTAACACTGCCCAATGCCA_002,149
TGTAACACTGCCCAATGCCA_003,16
TGTAACACTGCCCAATGCCA_004,97
TGTAACACTGCCCAATGCCA_005,194
TGTAACACTGCCCAATGCCA_006,72
TGTAACACTGCCCAATGCCA_007,199
TGTAACACTGCCCAATGCCA_008,148
TGTAACACTGCCCAATGCCA_009,119
TGTAACACTGCCCAATGCCA_010,129
TGTAACACTGCCCAATGCCA_011,25
TGTAACACTGCCCAATGCCA_012,66
TGTAACACTGCCCAATGCCA_013,78
TGTAACACTGCCCAATGCCA_014,174
TGTGGTTGCTCCCATTACAA_001,144
TGTGGTTGCTCCCATTACAA_002,191
TGTGGTTGCTCCCATTACAA_003,131
TGTGGTTGCTCCCATTACAA_004,105
TGTGGTTGCTCCCATTACAA_005,137
TGTGGTTGCTCCCATTACAA_006,92
TGTGGTTGCTCCCATTACAA_007,2
TGTGGTTGCTCCCATTACAA_008,98
TGTGGTTGCTCCCATTACAA_009,192
TGTGGTTGCTCCCATTACAA_010,88
TGTGGTTGCTCCCATTACAA_011,44
TGTGGTTGCTCCCATTACAA_012,54
TGTGGTTGCTCCCATTACAA_013,199
TGTGGTTGCTCCCATTACAA_014,61
TGTGGTTGCTCCCATTACAA_015,28
TGTGGTTGCTCCCATTACAA_016,94
CCGAGTCAGGCAACACGAGT_001,58
CCGAGTCAGGCAACACGAGT_002,29
CCGAGTCAGGCAACACGAGT_003,60
CCGAGTCAGGCAACACGAGT_004,142
CCGAGTCAGGCAACACGAGT_005,28
CCGAGTCAGGCAACACGAGT_006,47
CCGAGTCAGGCAACACGAGT_007,148
CCGAGTCAGGCAACACGAGT_008,10
TTTCAATAGAAATCCCTCCG_001,77
TTTCAATAGAAATCCCTCCG_002,116
TTTCAATAGAAATCCCTCCG_003,190
TTTCAATAGAAATCCCTCCG_004,77
TTTCAATAGAAATCCCTCCG_005,138
TTTCAATAGAAATCCCTCCG_006,172
TTTCAATAGAAATCCCTCCG_007,61
TTTCAATAGAAATCCCTCCG_008,180
TTTCAATAGAAATCCCTCCG_009,121
TCTGGCAAACGGATTTCAAA_001,169
TCTGGCAAACGGATTTCAAA_002,164
TCTGGCAAACGGATTTCAAA_003,164
TCTGGCAAACGGATTTCAAA_004,147
TCTGGCAAACGGATTTCAAA_005,76
TCTGGCAAACGGATTTCAAA_006,199
TCTGGCAAACGGATTTCAAA_007,17
AGGATGACCGAGCTGCACGC_001,183
AGGATGACCGAGCTGCACGC_002,42
AGGATGACCGAGCTGCACGC_003,194
AGGATGACCGAGCTGCACGC_004,80
AGGATGACCGAGCTGCACGC_005,164
AGGATGACCGAGCTGCACGC_006,59
AGGATGACCGAGCTGCACGC_007,192
AGGATGACCGAGCTGCACGC_008,68
AGGATGACCGAGCTGCACGC_009,166
AGGATGACCGAGCTGCACGC_010,146
AGGATGACCGAGCTGCACGC_011,47
AGGATGACCGAGCTGCACGC_012,24
AGGATGACCGAGCTGCACGC_013,108
AGGATGACCGAGCTGCACGC_014,30
AGGATGACCGAGCTGCACGC_015,70
AGGATGACCGAGCTGCACGC_016,56
AGGATGACCGAGCTGCACGC_017,5
AGGATGACCGAGCTGCACGC_018,8
AGGATGACCGAGCTGCACGC_019,99
AGGATGACCGAGCTGCACGC_020,44
AGGATGACCGAGCTGCACGC_021,110
AGGATGACCGAGCTGCACGC_022,186
AGGATGACCGAGCTGCACGC_023,34
AGGATGACCGAGCTGCACGC_024,31
AGGATGACCGAGCTGCACGC_025,82
AGGATGACCGAGCTGCACGC_026,82
AGGATGACCGAGCTGCACGC_027,37
AGGATGACCGAGCTGCACGC_028,87
AGGATGACCGAGCTGCACGC_029,160
AGGATGACCGAGCTGCACGC_030,177
AGGATGACCGAGCTGCACGC_031,9
AGGATGACCGAGCTGCACGC_032,140
AGGATGACCGAGCTGCACGC_033,19
AGGATGACCGAGCTGCACGC_034,169
AGGATGACCGAGCTGCACGC_035,1
AGGATGACCGAGCTGCACGC_036,3
AGGATGACCGAGCTGCACGC_037,152
AGGATGACCGAGCTGCACGC_038,166
AGGATGACCGAGCTGCACGC_039,108
AGGATGACCGAGCTGCACGC_040,117
AGGATGACCGAGCTGCACGC_041,169
AGGATGACCGAGCTGCACGC_042,186
AGGATGACCGAGCTGCACGC_043,91
AGGATGACCGAGCTGCACGC_044,113
AGGATGACCGAGCTGCACGC_045,190
AGGATGACCGAGCTGCACGC_046,149
AGGATGACCGAGCTGCACGC_047,115
AGGATGACCGAGCTGCACGC_048,197
AGGATGACCGAGCTGCACGC_049,84
AGGATGACCGAGCTGCACGC_050,78
AGGATGACCGAGCTGCACGC_051,3
AGGATGACCGAGCTGCACGC_052,142
AGGATGACCGAGCTGCACGC_053,142
AGGATGACCGAGCTGCACGC_054,43
AGGATGACCGAGCTGCACGC_055,138
AGGATGACCGAGCTGCACGC_056,55
AGGATGACCGAGCTGCACGC_057,115
AGGATGACCGAGCTGCACGC_058,148
CTGGTGTCCATGCTGGCCCT_001,80
CTGGTGTCCATGCTGGCCCT_002,190
CTGGTGTCCATGCTGGCCCT_003,72
CTGGTGTCCATGCTGGCCCT_004,172
CTGGTGTCCATGCTGGCCCT_005,170
CTGGTGTCCATGCTGGCCCT_006,121
CTGGTGTCCATGCTGGCCCT_007,42
CTGGTGTCCATGCTGGCCCT_008,144
CTGGTGTCCATGCTGGCCCT_009,194
CTGGTGTCCATGCTGGCCCT_010,163
CTGGTGTCCATGCTGGCCCT_011,175
CTGGTGTCCATGCTGGCCCT_012,149
CTGGTGTCCATGCTGGCCCT_013,196
CTGGTGTCCATGCTGGCCCT_014,15
CTGGTGTCCATGCTGGCCCT_015,6
CTGGTGTCCATGCTGGCCCT_016,171
CTGGTGTCCATGCTGGCCCT_017,195
CTGGTGTCCATGCTGGCCCT_018,22
CTGGTGTCCATGCTGGCCCT_019,137
CTGGTGTCCATGCTGGCCCT_020,68
CTGGTGTCCATGCTGGCCCT_021,97
GTGCTCATGAACTTCCTACG_001,188
GTGCTCATGAACTTCCTACG_002,118
GTGCTCATGAACTTCCTACG_003,24
ACCATAAAGAGCCTTTAACA_001,44
ACCATAAAGAGCCTTTAACA_002,197
TGCCCGCGCAGCGCACCAAG_001,138
TGCCCGCGCAGCGCACCAAG_002,154
TGCCCGCGCAGCGCACCAAG_003,144
TGCCCGCGCAGCGCACCAAG_004,146
TGCCCGCGCAGCGCACCAAG_005,175
TGCCCGCGCAGCGCACCAAG_006,166
TGCCCGCGCAGCGCACCAAG_007,171
TGCCCGCGCAGCGCACCAAG_008,64
TGCCCGCGCAGCGCACCAAG_009,106
TGCCCGCGCAGCGCACCAAG_010,149
TGCCCGCGCAGCGCACCAAG_011,169
CTCACAGAGGACTCAAGTCG_001,175
CTCACAGAGGACTCAAGTCG_002,88
CTCACAGAGGACTCAAGTCG_003,16
CTCACAGAGGACTCAAGTCG_004,145
CTCACAGAGGACTCAAGTCG_005,199
CTCACAGAGGACTCAAGTCG_006,8
CTCACAGAGGACTCAAGTCG_007,114
CTCACAGAGGACTCAAGTCG_008,196
CTCACAGAGGACTCAAGTCG_009,170
CTCACAGAGGACTCAAGTCG_010,80
CTCACAGAGGACTCAAGTCG_011,38
CTCACAGAGGACTCAAGTCG_012,157
CTCACAGAGGACTCAAGTCG_013,97
CTGTAGCGGAGCCCACGATG_001,77
CTGTAGCGGAGCCCACGATG_002,106
CTGTAGCGGAGCCCACGATG_003,117
CTGTAGCGGAGCCCACGATG_004,128
CTGTAGCGGAGCCCACGATG_005,34
CTGTAGCGGAGCCCACGATG_006,48
CTGTAGCGGAGCCCACGATG_007,84
GAAATGATCAACCTTTATGG_001,163
GAAATGATCAACCTTTATGG_002,102
GAAATGATCAACCTTTATGG_003,2
GAAATGATCAACCTTTATGG_004,129
GAAATGATCAACCTTTATGG_005,174
TCTTTCTTCAGAGTATGCAT_001,12
TGATGATGCCGTGTTCAATG_001,56
TGATGATGCCGTGTTCAATG_002,51
TGGAAGGGTCAGGCATTAAG_001,105
TGGAAGGGTCAGGCATTAAG_002,17
TGGAAGGGTCAGGCATTAAG_003,144
TGGAAGGGTCAGGCATTAAG_004,58
TGGAAGGGTCAGGCATTAAG_005,85
TGGAAGGGTCAGGCATTAAG_006,156
TGGAAGGGTCAGGCATTAAG_007,139
TGGAAGGGTCAGGCATTAAG_008,40
TGGAAGGGTCAGGCATTAAG_009,180
TGGAAGGGTCAGGCATTAAG_010,155
TGGAAGGGTCAGGCATTAAG_011,145
TGTCTGTGGCAAATGGCATT_001,176
TGTCTGTGGCAAATGGCATT_002,137
TGTCTGTGGCAAATGGCATT_003,2
TGTCTGTGGCAAATGGCATT_004,93
TGTCTGTGGCAAATGGCATT_005,77
TGTCTGTGGCAAATGGCATT_006,168
TGTCTGTGGCAAATGGCATT_007,112
TGTCTGTGGCAAATGGCATT_008,3
TATAGGAAAACCTTTAGACA_001,150
CAGTAAAGAAGGCTTGTGAG_001,65
CAGTAAAGAAGGCTTGTGAG_002,20
CAGTAAAGAAGGCTTGTGAG_003,149
CAGTAAAGAAGGCTTGTGAG_004,108
CAGTAAAGAAGGCTTGTGAG_005,38
CAGTAAAGAAGGCTTGTGAG_006,86
CAGTAAAGAAGGCTTGTGAG_007,127
CAGTAAAGAAGGCTTGTGAG_008,155
CAGTAAAGAAGGCTTGTGAG_009,129
CAGTAAAGAAGGCTTGTGAG_010,27
CAGTAAAGAAGGCTTGTGAG_011,147
CAGTAAAGAAGGCTTGTGAG_012,163
TGATGCCCAGGAGCAGCGTG_001,115
TGATGCCCAGGAGCAGCGTG_002,11
TGATGCCCAGGAGCAGCGTG_003,113
TGATGCCCAGGAGCAGCGTG_004,56
TGATGCCCAGGAGCAGCGTG_005,56
TGATGCCCAGGAGCAGCGTG_006,106
TGATGCCCAGGAGCAGCGTG_007,127
TGATGCCCAGGAGCAGCGTG_008,88
TGATGCCCAGGAGCAGCGTG_009,142
TGATGCCCAGGAGCAGCGTG_010,114
TGATGCCCAGGAGCAGCGTG_011,53
TGATGCCCAGGAGCAGCGTG_012,149
TGATGCCCAGGAGCAGCGTG_013,192
TGATGCCCAGGAGCAGCGTG_014,182
TGATGCCCAGGAGCAGCGTG_015,76
TGATGCCCAGGAGCAGCGTG_016,95
TGATGCCCAGGAGCAGCGTG_017,56
TGATGCCCAGGAGCAGCGTG_018,120
TGATGCCCAGGAGCAGCGTG_019,177
TGATGCCCAGGAGCAGCGTG_020,77
TGATGCCCAGGAGCAGCGTG_021,58
TGATGCCCAGGAGCAGCGTG_022,98
TGATGCCCAGGAGCAGCGTG_023,120
TGATGCCCAGGAGCAGCGTG_024,167
TGATGCCCAGGAGCAGCGTG_025,195
TGATGCCCAGGAGCAGCGTG_026,169
TGATGCCCAGGAGCAGCGTG_027,60
TGATGCCCAGGAGCAGCGTG_028,176
TGATGCCCAGGAGCAGCGTG_029,65
TGATGCCCAGGAGCAGCGTG_030,115
TGATGCCCAGGAGCAGCGTG_031,43
TGATGCCCAGGAGCAGCGTG_032,48
TGATGCCCAGGAGCAGCGTG_033,60
TGATGCCCAGGAGCAGCGTG_034,150
TGATGCCCAGGAGCAGCGTG_035,6
TGATGCCCAGGAGCAGCGTG_036,161
TGATGCCCAGGAGCAGCGTG_037,123
TGATGCCCAGGAGCAGCGTG_038,145
TGATGCCCAGGAGCAGCGTG_039,85
TGATGCCCAGGAGCAGCGTG_040,75
TGATGCCCAGGAGCAGCGTG_041,28
TGATGCCCAGGAGCAGCGTG_042,84
TGATGCCCAGGAGCAGCGTG_043,50
TGATGCCCAGGAGCAGCGTG_044,147
TGATGCCCAGGAGCAGCGTG_045,35
TGATGCCCAGGAGCAGCGTG_046,47
TGATGCCCAGGAGCAGCGTG_047,142
TGATGCCCAGGAGCAGCGTG_048,48
TGATGCCCAGGAGCAGCGTG_049,127
TGATGCCCAGGAGCAGCGTG_050,121
ATCCACAACCATGCGGACAT_001,57
ATCCACAACCATGCGGACAT_002,19
ATCCACAACCATGCGGACAT_003,50
ATCCACAACCATGCGGACAT_004,17
ATCCACAACCATGCGGACAT_005,5
ATCCACAACCATGCGGACAT_006,144
CAGTTTGCAAGACCTAACAA_001,71
CAGTTTGCAAGACCTAACAA_002,174
CAGTTTGCAAGACCTAACAA_003,130
TGTCTTCATATCGAACGACG_001,161
TGTCTTCATATCGAACGACG_002,37
TGTCTTCATATCGAACGACG_003,9
TGTCTTCATATCGAACGACG_004,41
TGTCTTCATATCGAACGACG_005,40
TGTCTTCATATCGAACGACG_006,176
AGAGGACATGCCCCAACGTG_001,163
AGAGGACATGCCCCAACGTG_002,37
AGAGGACATGCCCCAACGTG_003,25
AGAGGACATGCCCCAACGTG_004,122
AGAGGACATGCCCCAACGTG_005,80
AGAGGACATGCCCCAACGTG_006,57
AGAGGACATGCCCCAACGTG_007,55
AGAGGACATGCCCCAACGTG_008,187
AGAGGACATGCCCCAACGTG_009,187
AGAGGACATGCCCCAACGTG_010,1
AGAGGACATGCCCCAACGTG_011,168
CCGGTCAAAGAAGAACTCGT_001,63
CCGGTCAAAGAAGAACTCGT_002,196
CCGGTCAAAGAAGAACTCGT_003,94
CCGGTCAAAGAAGAACTCGT_004,0
CCGGTCAAAGAAGAACTCGT_005,105
CCGGTCAAAGAAGAACTCGT_006,33
CCGGTCAAAGAAGAACTCGT_007,23
CCGGTCAAAGAAGAACTCGT_008,183
CCGGTCAAAGAAGAACTCGT_009,177
CCGGTCAAAGAAGAACTCGT_010,187
CCGGTCAAAGAAGAACTCGT_011,92
CCGGTCAAAGAAGAACTCGT_012,37
CCGGTCAAAGAAGAACTCGT_013,124
CCGGTCAAAGAAGAACTCGT_014,49
CCGGTCAAAGAAGAACTCGT_015,184
CCGGTCAAAGAAGAACTCGT_016,97
CCGGTCAAAGAAGAACTCGT_017,146
ATGAGTGGCCCTGATAACCG_001,156
ATGAGTGGCCCTGATAACCG_002,65
ATGAGTGGCCCTGATAACCG_003,130
ATGAGTGGCCCTGATAACCG_004,113
ATGAGTGGCCCTGATAACCG_005,33
ATGAGTGGCCCTGATAACCG_006,52
TTGTGGGGGCTACCGCACAG_001,17
TTGTGGGGGCTACCGCACAG_002,98
TTGTGGGGGCTACCGCACAG_003,98
TTGTGGGGGCTACCGCACAG_004,113
TTGTGGGGGCTACCGCACAG_005,29
TTGTGGGGGCTACCGCACAG_006,161
TTGTGGGGGCTACCGCACAG_007,149
TTGTGGGGGCTACCGCACAG_008,72
TTGTGGGGGCTACCGCACAG_009,70
TTGTGGGGGCTACCGCACAG_010,10
TTGTGGGGGCTACCGCACAG_011,34
AGACCTTCTTCTTGCCACAG_001,115
AGACCTTCTTCTTGCCACAG_002,34
AGACCTTCTTCTTGCCACAG_003,146
AGACCTTCTTCTTGCCACAG_004,113
AGACCTTCTTCTTGCCACAG_005,36
AGACCTTCTTCTTGCCACAG_006,152
AGACCTTCTTCTTGCCACAG_007,138
GGTGTGACAGATGTGATGGA_001,25
GGTGTGACAGATGTGATGGA_002,141
GGTGTGACAGATGTGATGGA_003,19
GGTGTGACAGATGTGATGGA_004,52
GGTGTGACAGATGTGATGGA_005,169
GGTGTGACAGATGTGATGGA_006,168
GGTGTGACAGATGTGATGGA_007,102
TTAGCTCAGAAGTGCACAGG_001,39
TTAGCTCAGAAGTGCACAGG_002,50
TTAGCTCAGAAGTGCACAGG_003,77
TTAGCTCAGAAGTGCACAGG_004,143
TTAGCTCAGAAGTGCACAGG_005,42
TTAGCTCAGAAGTGCACAGG_006,112
TTAGCTCAGAAGTGCACAGG_007,15
TTAGCTCAGAAGTGCACAGG_008,40
TTAGCTCAGAAGTGCACAGG_009,65
TTAGCTCAGAAGTGCACAGG_010,82
TTAGCTCAGAAGTGCACAGG_011,127
TTAGCTCAGAAGTGCACAGG_012,137
TTAGCTCAGAAGTGCACAGG_013,6
TTAGCTCAGAAGTGCACAGG_014,90
GAGGCTGCAAGACTTCAACC_001,62
GAGGCTGCAAGACTTCAACC_002,40
GAGGCTGCAAGACTTCAACC_003,56
GAGGCTGCAAGACTTCAACC_004,166
GAGGCTGCAAGACTTCAACC_005,48
ACATGAACTCAGTGCTCATG_001,54
ACATGAACTCAGTGCTCATG_002,127
ACATGAACTCAGTGCTCATG_003,6
ACATGAACTCAGTGCTCATG_004,172
ACATGAACTCAGTGCTCATG_005,94
ACATGAACTCAGTGCTCATG_006,40
ACATGAACTCAGTGCTCATG_007,55
ACATGAACTCAGTGCTCATG_008,159
ACATGAACTCAGTGCTCATG_009,169
ACATGAACTCAGTGCTCATG_010,19
ACATGAACTCAGTGCTCATG_011,88
ACATGAACTCAGTGCTCATG_012,177
ACATGAACTCAGTGCTCATG_013,126
ACATGAACTCAGTGCTCATG_014,136
ACATGAACTCAGTGCTCATG_015,49
ACATGAACTCAGTGCTCATG_016,9
ACATGAACTCAGTGCTCATG_017,87
ACATGAACTCAGTGCTCATG_018,94
ACATGAACTCAGTGCTCATG_019,58
ACATGAACTCAGTGCTCATG_020,177
ACATGAACTCAGTGCTCATG_021,77
ACATGAACTCAGTGCTCATG_022,50
ACATGAACTCAGTGCTCATG_023,102
ACATGAACTCAGTGCTCATG_024,68
CCTGGAGGAAATATCAGGCG_001,182
CCTGGAGGAAATATCAGGCG_002,184
CCTGGAGGAAATATCAGGCG_003,26
CCTGGAGGAAATATCAGGCG_004,38
CCTGGAGGAAATATCAGGCG_005,11
CCTGGAGGAAATATCAGGCG_006,130
CCTGGAGGAAATATCAGGCG_007,61
CCTGGAGGAAATATCAGGCG_008,159
CCTGGAGGAAATATCAGGCG_009,39
CCTGGAGGAAATATCAGGCG_010,137
GGCGTCCCTCTGAGGCACCA_001,189
GGCGTCCCTCTGAGGCACCA_002,117
GGCGTCCCTCTGAGGCACCA_003,60
GGCGTCCCTCTGAGGCACCA_004,1
GGCGTCCCTCTGAGGCACCA_005,104
GGCGTCCCTCTGAGGCACCA_006,192
GGCGTCCCTCTGAGGCACCA_007,169
GGCGTCCCTCTGAGGCACCA_008,19
GGCGTCCCTCTGAGGCACCA_009,19
GGCGTCCCTCTGAGGCACCA_010,83
GGCGTCCCTCTGAGGCACCA_011,44
GGCGTCCCTCTGAGGCACCA_012,12
GGCGTCCCTCTGAGGCACCA_013,174
ATGCTGAGGTCATAGCCAGA_001,119
ATGCTGAGGTCATAGCCAGA_002,142
ATGCTGAGGTCATAGCCAGA_003,113
ATGCTGAGGTCATAGCCAGA_004,173
ATGCTGAGGTCATAGCCAGA_005,50
ATGCTGAGGTCATAGCCAGA_006,172
ATGCTGAGGTCATAGCCAGA_007,160
ATGCTGAGGTCATAGCCAGA_008,40
GTTGACGGGAGAGTTCCGCA_001,82
GTTGACGGGAGAGTTCCGCA_002,2
GTTGACGGGAGAGTTCCGCA_003,199
GTTGACGGGAGAGTTCCGCA_004,171
GTTGACGGGAGAGTTCCGCA_005,32
GTTGACGGGAGAGTTCCGCA_006,8
GTTGACGGGAGAGTTCCGCA_007,9
GTTGACGGGAGAGTTCCGCA_008,159
GTTGACGGGAGAGTTCCGCA_009,182
GTTGACGGGAGAGTTCCGCA_010,153
GTTGACGGGAGAGTTCCGCA_011,62
GTTGACGGGAGAGTTCCGCA_012,154
GTTGACGGGAGAGTTCCGCA_013,154
CAACGTGCCGTGGTACAGCG_001,72
CAACGTGCCGTGGTACAGCG_002,49
CAACGTGCCGTGGTACAGCG_003,113
CAACGTGCCGTGGTACAGCG_004,129
CAACGTGCCGTGGTACAGCG_005,19
CAACGTGCCGTGGTACAGCG_006,199
TCCCAACCAGCACTCCCCTG_001,19
TCCCAACCAGCACTCCCCTG_002,177
TCCCAACCAGCACTCCCCTG_003,169
TCCCAACCAGCACTCCCCTG_004,184
TCCCAACCAGCACTCCCCTG_005,68
TCCCAACCAGCACTCCCCTG_006,51
TCCCAACCAGCACTCCCCTG_007,138
TCCCAACCAGCACTCCCCTG_008,46
TCCCAACCAGCACTCCCCTG_009,14
TCCCAACCAGCACTCCCCTG_010,160
TCCCAACCAGCACTCCCCTG_011,148
TCCCAACCAGCACTCCCCTG_012,45
TCCCAACCAGCACTCCCCTG_013,148
TCCCAACCAGCACTCCCCTG_014,130
TCCCAACCAGCACTCCCCTG_015,106
TCCCAACCAGCACTCCCCTG_016,10
TCCCAACCAGCACTCCCCTG_017,179
GCTGACCGACCGACTCCAGG_001,78
GCTGACCGACCGACTCCAGG_002,88
GCTGACCGACCGACTCCAGG_003,24
GCTGACCGACCGACTCCAGG_004,184
GCTGACCGACCGACTCCAGG_005,188
GCTGACCGACCGACTCCAGG_006,6
GCTGACCGACCGACTCCAGG_007,131
GCTGACCGACCGACTCCAGG_008,11
GCTGACCGACCGACTCCAGG_009,146
GCTGACCGACCGACTCCAGG_010,2
GCTGACCGACCGACTCCAGG_011,145
GCTGACCGACCGACTCCAGG_012,19
GCTGACCGACCGACTCCAGG_013,7
GCTGACCGACCGACTCCAGG_014,32
GCTGACCGACCGACTCCAGG_015,132
GCTGACCGACCGACTCCAGG_016,106
GCTGACCGACCGACTCCAGG_017,86
GCTGACCGACCGACTCCAGG_018,22
GCTGACCGACCGACTCCAGG_019,83
GCTGACCGACCGACTCCAGG_020,13
GCTGACCGACCGACTCCAGG_021,82
GCTGACCGACCGACTCCAGG_022,105
GCTGACCGACCGACTCCAGG_023,115
GCTGACCGACCGACTCCAGG_024,168
GCTGACCGACCGACTCCAGG_025,192
GCTGACCGACCGACTCCAGG_026,17
GCTGACCGACCGACTCCAGG_027,76
GCTGACCGACCGACTCCAGG_028,43
GCTGACCGACCGACTCCAGG_029,0
GCTGACCGACCGACTCCAGG_030,188
GCTGACCGACCGACTCCAGG_031,40
AAGAACCTGAAGGACACACT_001,138
AAGAACCTGAAGGACACACT_002,145
AAGAACCTGAAGGACACACT_003,69
AAGAACCTGAAGGACACACT_004,103
AAGAACCTGAAGGACACACT_005,15
AAGAACCTGAAGGACACACT_006,71
CGCATGACCAGGATTCTGGG_001,96
CGCATGACCAGGATTCTGGG_002,43
CGCATGACCAGGATTCTGGG_003,138
CGCATGACCAGGATTCTGGG_004,170
CGCATGACCAGGATTCTGGG_005,48
CGCATGACCAGGATTCTGGG_006,168
CGCATGACCAGGATTCTGGG_007,184
CGCATGACCAGGATTCTGGG_008,70
CGCATGACCAGGATTCTGGG_009,75
CGCATGACCAGGATTCTGGG_010,96
CGCATGACCAGGATTCTGGG_011,78
CGCATGACCAGGATTCTGGG_012,113
CGCATGACCAGGATTCTGGG_013,18
CGCATGACCAGGATTCTGGG_014,60
CGCATGACCAGGATTCTGGG_015,58
CGCATGACCAGGATTCTGGG_016,141
CGCATGACCAGGATTCTGGG_017,102
CGCATGACCAGGATTCTGGG_018,112
CGCATGACCAGGATTCTGGG_019,77
CGCATGACCAGGATTCTGGG_020,137
CGCATGACCAGGATTCTGGG_021,130
CGCATGACCAGGATTCTGGG_022,43
CTGAAGCTGAGATTAGTCCT_001,17
CTGAAGCTGAGATTAGTCCT_002,24
CTGAAGCTGAGATTAGTCCT_003,94
CTGAAGCTGAGATTAGTCCT_004,88
CTGAAGCTGAGATTAGTCCT_005,103
AAACCGCTTGGTCCTACTCG_001,78
AAACCGCTTGGTCCTACTCG_002,60
AAACCGCTTGGTCCTACTCG_003,77
AAACCGCTTGGTCCTACTCG_004,67
AAACCGCTTGGTCCTACTCG_005,1
AAACCGCTTGGTCCTACTCG_006,147
AAACCGCTTGGTCCTACTCG_007,51
AAACCGCTTGGTCCTACTCG_008,12
AAACCGCTTGGTCCTACTCG_009,31
AAACCGCTTGGTCCTACTCG_010,66
AAACCGCTTGGTCCTACTCG_011,153
CAGATACATCCACCTAAACC_001,171
CAGATACATCCACCTAAACC_002,14
CAGATACATCCACCTAAACC_003,154
CAGATACATCCACCTAAACC_004,30
CAGATACATCCACCTAAACC_005,91
CAGATACATCCACCTAAACC_006,120
CAGATACATCCACCTAAACC_007,69
CAGATACATCCACCTAAACC_008,19
CAGATACATCCACCTAAACC_009,115
CAGATACATCCACCTAAACC_010,91
GGAGTTTCGGGAAACCAACA_001,131
GGAGTTTCGGGAAACCAACA_002,1
GGAGTTTCGGGAAACCAACA_003,105
GGAGTTTCGGGAAACCAACA_004,48
GGAGTTTCGGGAAACCAACA_005,162
GGAGTTTCGGGAAACCAACA_006,62
GGAGTTTCGGGAAACCAACA_007,50
GGAGTTTCGGGAAACCAACA_008,144
GGAGTTTCGGGAAACCAACA_009,150
GGAGTTTCGGGAAACCAACA_010,48
GGAGTTTCGGGAAACCAACA_011,199
GGAGTTTCGGGAAACCAACA_012,41
GGAGTTTCGGGAAACCAACA_013,28
GGAGTTTCGGGAAACCAACA_014,6
TCACGAGTTCACGATACCGT_001,19
TCACGAGTTCACGATACCGT_002,17
TCACGAGTTCACGATACCGT_003,28
TCACGAGTTCACGATACCGT_004,190
TCACGAGTTCACGATACCGT_005,120
TCACGAGTTCACGATACCGT_006,132
TCACGAGTTCACGATACCGT_007,8
TCACGAGTTCACGATACCGT_008,59
TCACGAGTTCACGATACCGT_009,130
CAGCTGCAGCACTGTCTCTG_001,170
CAGCTGCAGCACTGTCTCTG_002,38
CAGCTGCAGCACTGTCTCTG_003,50
CAGCTGCAGCACTGTCTCTG_004,102
CAGCTGCAGCACTGTCTCTG_005,1
CAGCTGCAGCACTGTCTCTG_006,17
CAGCTGCAGCACTGTCTCTG_007,132
CAGCTGCAGCACTGTCTCTG_008,190
CAGCTGCAGCACTGTCTCTG_009,84
CAGCTGCAGCACTGTCTCTG_010,168
CAGCTGCAGCACTGTCTCTG_011,43
CAGCTGCAGCACTGTCTCTG_012,87
CAGCTGCAGCACTGTCTCTG_013,116
CAGCTGCAGCACTGTCTCTG_014,12
CAGCTGCAGCACTGTCTCTG_015,25
CAGCTGCAGCACTGTCTCTG_016,1
CAGCTGCAGCACTGTCTCTG_017,19
CAGCTGCAGCACTGTCTCTG_018,181
CAGCTGCAGCACTGTCTCTG_019,127
CAGCTGCAGCACTGTCTCTG_020,145
CAGCTGCAGCACTGTCTCTG_021,7
CAGCTGCAGCACTGTCTCTG_022,127
CAGCTGCAGCACTGTCTCTG_023,43
CAGCTGCAGCACTGTCTCTG_024,172
CAGCTGCAGCACTGTCTCTG_025,82
AGGGAACCATGAAACAACTT_001,105
AGGGAACCATGAAACAACTT_002,12
AGGGAACCATGAAACAACTT_003,94
GCCATGCTGCAGCTCGACTA_001,149
GCCATGCTGCAGCTCGACTA_002,60
GCCATGCTGCAGCTCGACTA_003,199
GCCATGCTGCAGCTCGACTA_004,118
GCCATGCTGCAGCTCGACTA_005,19
GCCATGCTGCAGCTCGACTA_006,181
GCCATGCTGCAGCTCGACTA_007,158
GCCATGCTGCAGCTCGACTA_008,179
GCCATGCTGCAGCTCGACTA_009,58
GCCATGCTGCAGCTCGACTA_010,58
GCCATGCTGCAGCTCGACTA_011,158
GCCATGCTGCAGCTCGACTA_012,58
GCCATGCTGCAGCTCGACTA_013,72
GCCATGCTGCAGCTCGACTA_014,70
GCCATGCTGCAGCTCGACTA_015,58
GCCATGCTGCAGCTCGACTA_016,141
GCCATGCTGCAGCTCGACTA_017,141
GCCATGCTGCAGCTCGACTA_018,61
GCCATGCTGCAGCTCGACTA_019,112
GCCATGCTGCAGCTCGACTA_020,140
GCCATGCTGCAGCTCGACTA_021,29
GCCATGCTGCAGCTCGACTA_022,39
GCCATGCTGCAGCTCGACTA_023,83
GCCATGCTGCAGCTCGACTA_024,172
GCCATGCTGCAGCTCGACTA_025,142
GCCATGCTGCAGCTCGACTA_026,3
TATCTTCTTCAATTCCAACA_001,88
TATCTTCTTCAATTCCAACA_002,76
TATCTTCTTCAATTCCAACA_003,188
TATCTTCTTCAATTCCAACA_004,177
TATCTTCTTCAATTCCAACA_005,9
CAATGCCTACATGATAAAGG_001,24
TTGTTTGCAAACACAACCAG_001,172
TTGTTTGCAAACACAACCAG_002,18
TTGTTTGCAAACACAACCAG_003,98
TTGTTTGCAAACACAACCAG_004,45
TTGTTTGCAAACACAACCAG_005,83
TTGTTTGCAAACACAACCAG_006,101
TTGTTTGCAAACACAACCAG_007,191
TTGTTTGCAAACACAACCAG_008,58
TTGTTTGCAAACACAACCAG_009,170
TTGTTTGCAAACACAACCAG_010,76
TTGTTTGCAAACACAACCAG_011,197
TTGTTTGCAAACACAACCAG_012,166
TTGTTTGCAAACACAACCAG_013,68
TTGTTTGCAAACACAACCAG_014,92
TTGTTTGCAAACACAACCAG_015,123
TTGTTTGCAAACACAACCAG_016,60
TTGTTTGCAAACACAACCAG_017,5
TTGTTTGCAAACACAACCAG_018,42
TTGTTTGCAAACACAACCAG_019,166
GTGCAGGTACAGACTCTGCT_001,33
GTGCAGGTACAGACTCTGCT_002,16
GTGCAGGTACAGACTCTGCT_003,155
GTGCAGGTACAGACTCTGCT_004,103
GTGCAGGTACAGACTCTGCT_005,130
GTGCAGGTACAGACTCTGCT_006,83
GTGCAGGTACAGACTCTGCT_007,182
GTGCAGGTACAGACTCTGCT_008,142
GTGCAGGTACAGACTCTGCT_009,197
GTGCAGGTACAGACTCTGCT_010,177
GTGCAGGTACAGACTCTGCT_011,17
GTGCAGGTACAGACTCTGCT_012,145
GTGCAGGTACAGACTCTGCT_013,11
GTGCAGGTACAGACTCTGCT_014,17
GTGCAGGTACAGACTCTGCT_015,33
GTGCAGGTACAGACTCTGCT_016,49
GTGCAGGTACAGACTCTGCT_017,138
GTGCAGGTACAGACTCTGCT_018,102
CTTTGGCACAGAACTCACGT_001,48
CTTTGGCACAGAACTCACGT_002,168
CTTTGGCACAGAACTCACGT_003,1
CTTTGGCACAGAACTCACGT_004,176
CTTTGGCACAGAACTCACGT_005,133
CTTTGGCACAGAACTCACGT_006,28
CTTTGGCACAGAACTCACGT_007,40
CTTTGGCACAGAACTCACGT_008,65
CTTTGGCACAGAACTCACGT_009,170
CTTTGGCACAGAACTCACGT_010,3
GCAGGTGACAACGCCTGACG_001,94
GCAGGTGACAACGCCTGACG_002,58
GCAGGTGACAACGCCTGACG_003,105
GCAGGTGACAACGCCTGACG_004,168
GCAGGTGACAACGCCTGACG_005,175
GCAGGTGACAACGCCTGACG_006,147
GCAGGTGACAACGCCTGACG_007,115
GCAGGTGACAACGCCTGACG_008,48
GCAGGTGACAACGCCTGACG_009,178
CGCTCAAGGATCAACGCGAG_001,165
CGCTCAAGGATCAACGCGAG_002,184
CGCTCAAGGATCAACGCGAG_003,11
CGCTCAAGGATCAACGCGAG_004,104
CGCTCAAGGATCAACGCGAG_005,191
CGCTCAAGGATCAACGCGAG_006,174
CGCTCAAGGATCAACGCGAG_007,95
CGCTCAAGGATCAACGCGAG_008,144
CGCTCAAGGATCAACGCGAG_009,56
CGCTCAAGGATCAACGCGAG_010,81
CGCTCAAGGATCAACGCGAG_011,98
CGCTCAAGGATCAACGCGAG_012,174
CGCTCAAGGATCAACGCGAG_013,46
CGCTCAAGGATCAACGCGAG_014,56
CGCTCAAGGATCAACGCGAG_015,78
CGCTCAAGGATCAACGCGAG_016,6
TCTGGAGGCTGCCGAAAGAA_001,119
TCTGGAGGCTGCCGAAAGAA_002,199
TCTGGAGGCTGCCGAAAGAA_003,29
TCTGGAGGCTGCCGAAAGAA_004,117
TCTGGAGGCTGCCGAAAGAA_005,166
TCTGGAGGCTGCCGAAAGAA_006,9
TCTGGAGGCTGCCGAAAGAA_007,81
TCTGGAGGCTGCCGAAAGAA_008,78
TCTGGAGGCTGCCGAAAGAA_009,177
CCATGGCCTAGCGTTCCCTG_001,11
CCATGGCCTAGCGTTCCCTG_002,153
AGACACCTGCAAAACTATCG_001,98
AGACACCTGCAAAACTATCG_002,117
AGACACCTGCAAAACTATCG_003,71
AGACACCTGCAAAACTATCG_004,169
AGACACCTGCAAAACTATCG_005,121
AGACACCTGCAAAACTATCG_006,188
AGACACCTGCAAAACTATCG_007,50
AGACACCTGCAAAACTATCG_008,184
AGACACCTGCAAAACTATCG_009,78
AGACACCTGCAAAACTATCG_010,63
AGACACCTGCAAAACTATCG_011,175
AGACACCTGCAAAACTATCG_012,180
AGACACCTGCAAAACTATCG_013,185
TCCAGAACTACAAGGCGGCG_001,60
TCCAGAACTACAAGGCGGCG_002,141
TCCAGAACTACAAGGCGGCG_003,58
TCCAGAACTACAAGGCGGCG_004,62
TCCAGAACTACAAGGCGGCG_005,60
TCCAGAACTACAAGGCGGCG_006,190
TCCAGAACTACAAGGCGGCG_007,53
TCCAGAACTACAAGGCGGCG_008,17
TCCAGAACTACAAGGCGGCG_009,23
TCCAGAACTACAAGGCGGCG_010,174
TCCAGAACTACAAGGCGGCG_011,115
TCCAGAACTACAAGGCGGCG_012,63
TCCAGAACTACAAGGCGGCG_013,65
TCCAGAACTACAAGGCGGCG_014,58
TCCAGAACTACAAGGCGGCG_015,188
CTCGAACCTGTCCATCACTG_001,113
CTCGAACCTGTCCATCACTG_002,179
CTCGAACCTGTCCATCACTG_003,69
CTCGAACCTGTCCATCACTG_004,62
CTCGAACCTGTCCATCACTG_005,105
CTCGAACCTGTCCATCACTG_006,121
CTCGAACCTGTCCATCACTG_007,87
CTCGAACCTGTCCATCACTG_008,115
CTCGAACCTGTCCATCACTG_009,147
CTCGAACCTGTCCATCACTG_010,180
CTCGAACCTGTCCATCACTG_011,88
GGTCTCCACCGCCGACCGAG_001,171
GGTCTCCACCGCCGACCGAG_002,149
GGTCTCCACCGCCGACCGAG_003,147
GGTCTCCACCGCCGACCGAG_004,74
GGTCTCCACCGCCGACCGAG_005,9
GTCTGATATTGCCACCAACG_001,186
GTCTGATATTGCCACCAACG_002,78
TGGCACTGACATCAGACACC_001,101
TACGACTTGAGCATCCGCGA_001,113
TACGACTTGAGCATCCGCGA_002,33
TACGACTTGAGCATCCGCGA_003,183
TGCTTGAGGGAAATTGTCAA_001,71
TGCTTGAGGGAAATTGTCAA_002,16
TGCTTGAGGGAAATTGTCAA_003,35
TGCTTGAGGGAAATTGTCAA_004,165
TGCTTGAGGGAAATTGTCAA_005,0
TGCTTGAGGGAAATTGTCAA_006,158
TGCTTGAGGGAAATTGTCAA_007,141
TGCTTGAGGGAAATTGTCAA_008,40
TGCTTGAGGGAAATTGTCAA_009,52
TGCTTGAGGGAAATTGTCAA_010,138
TGCTTGAGGGAAATTGTCAA_011,184
TGCTTGAGGGAAATTGTCAA_012,119
TCCATCAGCAGACACAGCGA_001,127
TCCATCAGCAGACACAGCGA_002,29
TCCATCAGCAGACACAGCGA_003,94
TCCATCAGCAGACACAGCGA_004,69
TCCATCAGCAGACACAGCGA_005,43
TCCATCAGCAGACACAGCGA_006,43
TCCATCAGCAGACACAGCGA_007,123
TCCATCAGCAGACACAGCGA_008,63
TCCATCAGCAGACACAGCGA_009,40
TCCATCAGCAGACACAGCGA_010,193
TCCATCAGCAGACACAGCGA_011,104
TCCATCAGCAGACACAGCGA_012,191
TCCATCAGCAGACACAGCGA_013,185
ACTGGCAAATTCGTAAACAT_001,108
ACTGGCAAATTCGTAAACAT_002,20
ACTGGCAAATTCGTAAACAT_003,67
ACTGGCAAATTCGTAAACAT_004,6
ACTGGCAAATTCGTAAACAT_005,6
ACTGGCAAATTCGTAAACAT_006,38
ACTGGCAAATTCGTAAACAT_007,163
ACTGGCAAATTCGTAAACAT_008,53
ACTGGCAAATTCGTAAACAT_009,0
ACTGGCAAATTCGTAAACAT_010,56
ACTGGCAAATTCGTAAACAT_011,37
ACTGGCAAATTCGTAAACAT_012,105
ACTGGCAAATTCGTAAACAT_013,0
ACTGGCAAATTCGTAAACAT_014,118
GCTGACCGGGAGCTACGACG_001,117
GCTGACCGGGAGCTACGACG_002,103
GCTGACCGGGAGCTACGACG_003,22
GCTGACCGGGAGCTACGACG_004,97
GCTGACCGGGAGCTACGACG_005,140
GCTGACCGGGAGCTACGACG_006,148
GCTGACCGGGAGCTACGACG_007,161
GCTGACCGGGAGCTACGACG_008,105
GCTGACCGGGAGCTACGACG_009,131
GCTGACCGGGAGCTACGACG_010,35
GCTGACCGGGAGCTACGACG_011,56
GCTGACCGGGAGCTACGACG_012,22
GAAATTAACAAACAATGTCC_001,21
GAAATTAACAAACAATGTCC_002,58
GAAATTAACAAACAATGTCC_003,102
GAAATTAACAAACAATGTCC_004,133
GGCGCGGGCGAACTCCCCAG_001,189
GGCGCGGGCGAACTCCCCAG_002,137
GGCGCGGGCGAACTCCCCAG_003,62
GGCGCGGGCGAACTCCCCAG_004,141
GGCGCGGGCGAACTCCCCAG_005,171
GGCGCGGGCGAACTCCCCAG_006,8
GGCGCGGGCGAACTCCCCAG_007,175
GGCGCGGGCGAACTCCCCAG_008,55
GGCGCGGGCGAACTCCCCAG_009,66
GGCGCGGGCGAACTCCCCAG_010,108
GGCGCGGGCGAACTCCCCAG_011,40
GGCGCGGGCGAACTCCCCAG_012,88
GGCGCGGGCGAACTCCCCAG_013,105
GGCGCGGGCGAACTCCCCAG_014,14
GGCGCGGGCGAACTCCCCAG_015,24
GGCGCGGGCGAACTCCCCAG_016,157
GGCGCGGGCGAACTCCCCAG_017,113
GGCGCGGGCGAACTCCCCAG_018,153
GGCGCGGGCGAACTCCCCAG_019,76
GGCGCGGGCGAACTCCCCAG_020,54
GGGGTTGTGTTCACCTCCGG_001,99
GGGGTTGTGTTCACCTCCGG_002,191
GACAGATTCTGCAAACGCTG_001,51
GACAGATTCTGCAAACGCTG_002,14
GACAGATTCTGCAAACGCTG_003,121
GACAGATTCTGCAAACGCTG_004,9
GACAGATTCTGCAAACGCTG_005,32
GACAGATTCTGCAAACGCTG_006,49
GACAGATTCTGCAAACGCTG_007,68
GACAGATTCTGCAAACGCTG_008,97
GACAGATTCTGCAAACGCTG_009,192
GACAGATTCTGCAAACGCTG_010,49
GACAGATTCTGCAAACGCTG_011,85
GACAGATTCTGCAAACGCTG_012,81
GACAGATTCTGCAAACGCTG_013,125
GACAGATTCTGCAAACGCTG_014,99
CTATGATTACAATAATCCAT_001,50
CTATGATTACAATAATCCAT_002,129
GCTGGCTGGCCAGCACACCC_001,124
TGATGAAATGACAGGCTACG_001,41
TGATGAAATGACAGGCTACG_002,152
TGATGAAATGACAGGCTACG_003,88
TGATGAAATGACAGGCTACG_004,187
TGATGAAATGACAGGCTACG_005,158
TGGCTGCGAAGGTGTCCCGA_001,41
TGGCTGCGAAGGTGTCCCGA_002,53
TGGCTGCGAAGGTGTCCCGA_003,23
TGGCTGCGAAGGTGTCCCGA_004,171
TGGCTGCGAAGGTGTCCCGA_005,150
TGGCTGCGAAGGTGTCCCGA_006,22
TGGCTGCGAAGGTGTCCCGA_007,146
TGGCTGCGAAGGTGTCCCGA_008,154
TGGCTGCGAAGGTGTCCCGA_009,85
TGGCTGCGAAGGTGTCCCGA_010,48
TGGCTGCGAAGGTGTCCCGA_011,150
TGGCTGCGAAGGTGTCCCGA_012,97
TGGCTGCGAAGGTGTCCCGA_013,1
TGGCTGCGAAGGTGTCCCGA_014,116
TGGCTGCGAAGGTGTCCCGA_015,36
TGGCTGCGAAGGTGTCCCGA_016,112
TGGCTGCGAAGGTGTCCCGA_017,81
TGGCTGCGAAGGTGTCCCGA_018,1
TGGCTGCGAAGGTGTCCCGA_019,67
TGGCTGCGAAGGTGTCCCGA_020,94
TGGCTGCGAAGGTGTCCCGA_021,1
TGGCTGCGAAGGTGTCCCGA_022,151
TGGCTGCGAAGGTGTCCCGA_023,104
TGGCTGCGAAGGTGTCCCGA_024,185
TGGCTGCGAAGGTGTCCCGA_025,152
TGGCTGCGAAGGTGTCCCGA_026,130
TGGCTGCGAAGGTGTCCCGA_027,42
ATGCCACTGAAGTCTACACG_001,138
ATGCCACTGAAGTCTACACG_002,94
ATGCCACTGAAGTCTACACG_003,185
ATGCCACTGAAGTCTACACG_004,114
ATGCCACTGAAGTCTACACG_005,184
ATGCCACTGAAGTCTACACG_006,178
TCTACTTCATCAGTGTGACT_001,26
TCTACTTCATCAGTGTGACT_002,43
TCTACTTCATCAGTGTGACT_003,60
TCTACTTCATCAGTGTGACT_004,29
TCTACTTCATCAGTGTGACT_005,78
CGTGATGGACTTGATCTCGA_001,70
CGTGATGGACTTGATCTCGA_002,186
CATTGCACAAAAGTTAACTG_001,99
CATTGCACAAAAGTTAACTG_002,23
CATTGCACAAAAGTTAACTG_003,149
CATTGCACAAAAGTTAACTG_004,3
CATTGCACAAAAGTTAACTG_005,197
CATTGCACAAAAGTTAACTG_006,144
CATTGCACAAAAGTTAACTG_007,9
CATTGCACAAAAGTTAACTG_008,151
CATTGCACAAAAGTTAACTG_009,43
CATTGCACAAAAGTTAACTG_010,19
CATTGCACAAAAGTTAACTG_011,30
CATTGCACAAAAGTTAACTG_012,174
CATTGCACAAAAGTTAACTG_013,90
CATTGCACAAAAGTTAACTG_014,28
CATTGCACAAAAGTTAACTG_015,170
CATTGCACAAAAGTTAACTG_016,59
CATTGCACAAAAGTTAACTG_017,29
CATTGCACAAAAGTTAACTG_018,194
CATTGCACAAAAGTTAACTG_019,105
CATTGCACAAAAGTTAACTG_020,151
CATTGCACAAAAGTTAACTG_021,175
CATTGCACAAAAGTTAACTG_022,34
CATTGCACAAAAGTTAACTG_023,56
CATTGCACAAAAGTTAACTG_024,91
CATTGCACAAAAGTTAACTG_025,126
GGAGGTTCCAAGTCCAACAG_001,121
GGAGGTTCCAAGTCCAACAG_002,83
GGAGGTTCCAAGTCCAACAG_003,158
GGAGGTTCCAAGTCCAACAG_004,148
GGAGGTTCCAAGTCCAACAG_005,67
GGAGGTTCCAAGTCCAACAG_006,105
GGAGGTTCCAAGTCCAACAG_007,11
GGAGGTTCCAAGTCCAACAG_008,126
GGAGGTTCCAAGTCCAACAG_009,117
GGAGGTTCCAAGTCCAACAG_010,127
AAGTATCATCAAATACAACT_001,77
AAGTATCATCAAATACAACT_002,171
AAGTATCATCAAATACAACT_003,109
AAGTATCATCAAATACAACT_004,80
AAGTATCATCAAATACAACT_005,199
AAGTATCATCAAATACAACT_006,35
AAGTATCATCAAATACAACT_007,124
AAGTATCATCAAATACAACT_008,33
AAGTATCATCAAATACAACT_009,198
AAGTATCATCAAATACAACT_010,162
AAGTATCATCAAATACAACT_011,178
AAGTATCATCAAATACAACT_012,161
ACAGATTGTGAAGACGTGTG_001,198
ACAGATTGTGAAGACGTGTG_002,119
ACAGATTGTGAAGACGTGTG_003,180
ACAGATTGTGAAGACGTGTG_004,198
ACAGATTGTGAAGACGTGTG_005,170
ACAGATTGTGAAGACGTGTG_006,92
ACAGATTGTGAAGACGTGTG_007,56
CCTGCAGAATGGGCACTCGA_001,1
CCTGCAGAATGGGCACTCGA_002,48
CCTGCAGAATGGGCACTCGA_003,2
CCTGCAGAATGGGCACTCGA_004,145
CCTGCAGAATGGGCACTCGA_005,198
CCTGCAGAATGGGCACTCGA_006,49
CCTGCAGAATGGGCACTCGA_007,69
CCTGCAGAATGGGCACTCGA_008,115
CCTGCAGAATGGGCACTCGA_009,115
CCTGCAGAATGGGCACTCGA_010,49
CCTGCAGAATGGGCACTCGA_011,168
CCTGCAGAATGGGCACTCGA_012,188
CCTGCAGAATGGGCACTCGA_013,162
TCATGGTGCTAGTATGGACG_001,80
TCATGGTGCTAGTATGGACG_002,136
TCATGGTGCTAGTATGGACG_003,125
CTGAGGACCCAGACACAGAG_001,64
CTGAGGACCCAGACACAGAG_002,147
CTGAGGACCCAGACACAGAG_003,127
CTGAGGACCCAGACACAGAG_004,62
CTGAGGACCCAGACACAGAG_005,129
CTGAGGACCCAGACACAGAG_006,134
CTGAGGACCCAGACACAGAG_007,181
CTGAGGACCCAGACACAGAG_008,197
CTGAGGACCCAGACACAGAG_009,76
CTGAGGACCCAGACACAGAG_010,22
CTGAGGACCCAGACACAGAG_011,160
CTGAGGACCCAGACACAGAG_012,184
CTGAGGACCCAGACACAGAG_013,182
CTGAGGACCCAGACACAGAG_014,79
CTGAGGACCCAGACACAGAG_015,28
CTGAGGACCCAGACACAGAG_016,124
CTGAGGACCCAGACACAGAG_017,137
CTGAGGACCCAGACACAGAG_018,19
CTGAGGACCCAGACACAGAG_019,27
CTGAGGACCCAGACACAGAG_020,80
GATGCAGTGAATAACGCAGC_001,131
GATGCAGTGAATAACGCAGC_002,56
GATGCAGTGAATAACGCAGC_003,93
GATGCAGTGAATAACGCAGC_004,77
GATGCAGTGAATAACGCAGC_005,105
GATGCAGTGAATAACGCAGC_006,105
GATGCAGTGAATAACGCAGC_007,88
GATTTACTGGAGTTGCAAGT_001,144
GATTTACTGGAGTTGCAAGT_002,4
GATTTACTGGAGTTGCAAGT_003,133
GATTTACTGGAGTTGCAAGT_004,74
GATTTACTGGAGTTGCAAGT_005,166
GATTTACTGGAGTTGCAAGT_006,98
GATTTACTGGAGTTGCAAGT_007,82
GCCAATGGTGCGGATTATAG_001,50
GCCAATGGTGCGGATTATAG_002,137
GCCAATGGTGCGGATTATAG_003,129
GACAATCTGATTGTTCCTGG_001,57
GACAATCTGATTGTTCCTGG_002,185
GACAATCTGATTGTTCCTGG_003,77
GACAATCTGATTGTTCCTGG_004,23
GACAATCTGATTGTTCCTGG_005,82
GACAATCTGATTGTTCCTGG_006,152
GACAATCTGATTGTTCCTGG_007,3
GACAATCTGATTGTTCCTGG_008,103
GACAATCTGATTGTTCCTGG_009,125
GACAATCTGATTGTTCCTGG_010,97
CTGAGAGACACTCACCTTCG_001,149
CTGAGAGACACTCACCTTCG_002,148
AGCCAGCGGACTCTTATCCA_001,135
CCCCGCGCGACTCACGGGGA_001,150
CCCCGCGCGACTCACGGGGA_002,2
CCCCGCGCGACTCACGGGGA_003,51
CCCCGCGCGACTCACGGGGA_004,140
CCCCGCGCGACTCACGGGGA_005,15
CCCCGCGCGACTCACGGGGA_006,58
CCCCGCGCGACTCACGGGGA_007,113
CCCCGCGCGACTCACGGGGA_008,159
CCCCGCGCGACTCACGGGGA_009,87
CCCCGCGCGACTCACGGGGA_010,21
CCCCGCGCGACTCACGGGGA_011,137
CCCCGCGCGACTCACGGGGA_012,20
CCCCGCGCGACTCACGGGGA_013,155
CCCCGCGCGACTCACGGGGA_014,88
CCCCGCGCGACTCACGGGGA_015,113
CCCCGCGCGACTCACGGGGA_016,163
CCCCGCGCGACTCACGGGGA_017,185
CCCCGCGCGACTCACGGGGA_018,176
CCCCGCGCGACTCACGGGGA_019,34
CCCCGCGCGACTCACGGGGA_020,74
CCCCGCGCGACTCACGGGGA_021,32
CCCCGCGCGACTCACGGGGA_022,128
CCCCGCGCGACTCACGGGGA_023,165
CCCCGCGCGACTCACGGGGA_024,48
ACAGATGAGTCATCCAAACC_001,0
ACAGATGAGTCATCCAAACC_002,184
CCTCTGCTGCTACTTTACAA_001,188
CCTCTGCTGCTACTTTACAA_002,116
CCTCTGCTGCTACTTTACAA_003,94
CCTCTGCTGCTACTTTACAA_004,168
CCTCTGCTGCTACTTTACAA_005,77
CCTCTGCTGCTACTTTACAA_006,43
CCTCTGCTGCTACTTTACAA_007,134
CCTCTGCTGCTACTTTACAA_008,11
CCTCTGCTGCTACTTTACAA_009,138
GCTGGTCACGCACGTCACCG_001,149
GCTGGTCACGCACGTCACCG_002,50
GTCCACTCTTCTGAATCGCA_001,27
GTCCACTCTTCTGAATCGCA_002,58
GTCCACTCTTCTGAATCGCA_003,178
GTCCACTCTTCTGAATCGCA_004,198
GTCCACTCTTCTGAATCGCA_005,21
GTCCACTCTTCTGAATCGCA_006,144
GTCCACTCTTCTGAATCGCA_007,157
GTCCACTCTTCTGAATCGCA_008,66
TCTTCCGAGGGTGTAAAGTG_001,152
AGCCACATTACGTTGGACCA_001,143
AGCCACATTACGTTGGACCA_002,171
AGCCACATTACGTTGGACCA_003,159
AGCCACATTACGTTGGACCA_004,15
AGCCACATTACGTTGGACCA_005,166
AGCCACATTACGTTGGACCA_006,41
CAAAGGAGATACTCACATGT_001,170
CAAAGGAGATACTCACATGT_002,61
CAAAGGAGATACTCACATGT_003,184
AAGCAGTGTTCCAATGCCAG_001,106
AAGCAGTGTTCCAATGCCAG_002,125
AAGCAGTGTTCCAATGCCAG_003,24
AAGCAGTGTTCCAATGCCAG_004,31
AAGCAGTGTTCCAATGCCAG_005,119
AAGCAGTGTTCCAATGCCAG_006,126
GATCTCCGGCCAGTCAGACA_001,43
GATCTCCGGCCAGTCAGACA_002,188
GATCTCCGGCCAGTCAGACA_003,139
GATCTCCGGCCAGTCAGACA_004,12
GATCTCCGGCCAGTCAGACA_005,90
GATCTCCGGCCAGTCAGACA_006,39
GATCTCCGGCCAGTCAGACA_007,3
GATCTCCGGCCAGTCAGACA_008,132
GATCTCCGGCCAGTCAGACA_009,152
GCTGGCGCTCAACACCGTGG_001,157
GCTGGCGCTCAACACCGTGG_002,24
GCTGGCGCTCAACACCGTGG_003,73
GCTGGCGCTCAACACCGTGG_004,105
GCTGGCGCTCAACACCGTGG_005,9
GCTGGCGCTCAACACCGTGG_006,194
GCTGGCGCTCAACACCGTGG_007,198
GCTGGCGCTCAACACCGTGG_008,87
GCTGGCGCTCAACACCGTGG_009,188
GCTGGCGCTCAACACCGTGG_010,119
GCTGGCGCTCAACACCGTGG_011,131
GCTGGCGCTCAACACCGTGG_012,146
GCTGGCGCTCAACACCGTGG_013,28
GAACCAAACTCACACCTGCT_001,16
GAACCAAACTCACACCTGCT_002,50
GAACCAAACTCACACCTGCT_003,57
GAACCAAACTCACACCTGCT_004,40
GAACCAAACTCACACCTGCT_005,0
GAACCAAACTCACACCTGCT_006,13
GAACCAAACTCACACCTGCT_007,29
GAACCAAACTCACACCTGCT_008,0
GAACCAAACTCACACCTGCT_009,153
GAACCAAACTCACACCTGCT_010,53
GAACCAAACTCACACCTGCT_011,173
GAACCAAACTCACACCTGCT_012,41
GAACCAAACTCACACCTGCT_013,192
GAACCAAACTCACACCTGCT_014,33
GAACCAAACTCACACCTGCT_015,163
GAACCAAACTCACACCTGCT_016,121
GAACCAAACTCACACCTGCT_017,105
GAACCAAACTCACACCTGCT_018,16
GAACCAAACTCACACCTGCT_019,18
GAACCAAACTCACACCTGCT_020,185
GAACCAAACTCACACCTGCT_021,81
GAACCAAACTCACACCTGCT_022,88
GAACCAAACTCACACCTGCT_023,194
GAACCAAACTCACACCTGCT_024,155
GGTGTCGGTGGCCTACATCG_001,118
GGTGTCGGTGGCCTACATCG_002,40
GGTGTCGGTGGCCTACATCG_003,175
GGTGTCGGTGGCCTACATCG_004,130
GGTGTCGGTGGCCTACATCG_005,39
GGTGTCGGTGGCCTACATCG_006,43
GGTGTCGGTGGCCTACATCG_007,86
GGTGTCGGTGGCCTACATCG_008,138
GGTGTCGGTGGCCTACATCG_009,138
GGGAGGACTCACCTGCCAGT_001,94
GGGAGGACTCACCTGCCAGT_002,192
GGGAGGACTCACCTGCCAGT_003,90
GGGAGGACTCACCTGCCAGT_004,90
GGGAGGACTCACCTGCCAGT_005,152
GGGAGGACTCACCTGCCAGT_006,78
GGGAGGACTCACCTGCCAGT_007,2
CCACGAGATCCAGTCTTGCA_001,1
CCACGAGATCCAGTCTTGCA_002,160
CCACGAGATCCAGTCTTGCA_003,149
CCACGAGATCCAGTCTTGCA_004,32
CCACGAGATCCAGTCTTGCA_005,194
CCACGAGATCCAGTCTTGCA_006,49
CCACGAGATCCAGTCTTGCA_007,8
TTCTAGTAGTATTGATGCAA_001,177
TTCTAGTAGTATTGATGCAA_002,48
TTCTAGTAGTATTGATGCAA_003,17
CTGACGGTAGTAAAGGGTGA_001,59
CTGACGGTAGTAAAGGGTGA_002,144
CTGACGGTAGTAAAGGGTGA_003,94
CTGACGGTAGTAAAGGGTGA_004,27
CTGACGGTAGTAAAGGGTGA_005,49
CTGACGGTAGTAAAGGGTGA_006,12
CTGACGGTAGTAAAGGGTGA_007,180
CTGACGGTAGTAAAGGGTGA_008,89
CTGACGGTAGTAAAGGGTGA_009,162
TGGAACAATCGGGACCAGGA_001,43
TGGAACAATCGGGACCAGGA_002,23
TGGAACAATCGGGACCAGGA_003,187
TGGAACAATCGGGACCAGGA_004,1
TGGAACAATCGGGACCAGGA_005,125
CCCCACAGGAATCCTCAATG_001,13
CCCCACAGGAATCCTCAATG_002,96
CCCCACAGGAATCCTCAATG_003,84
CCCCACAGGAATCCTCAATG_004,16
CCCCACAGGAATCCTCAATG_005,67
ATTGGACAAAAATTCCACGA_001,85
ATTGGACAAAAATTCCACGA_002,178
ATTGGACAAAAATTCCACGA_003,28
ATTGGACAAAAATTCCACGA_004,36
ATTGGACAAAAATTCCACGA_005,126
ATTGGACAAAAATTCCACGA_006,146
AGTCTGACCTGGCCAAGTCG_001,17
AGTCTGACCTGGCCAAGTCG_002,82
AGTCTGACCTGGCCAAGTCG_003,114
AGTCTGACCTGGCCAAGTCG_004,113
AGTCTGACCTGGCCAAGTCG_005,2
AGTCTGACCTGGCCAAGTCG_006,14
AGTCTGACCTGGCCAAGTCG_007,83
AGTCTGACCTGGCCAAGTCG_008,2
AGTCTGACCTGGCCAAGTCG_009,176
AGTCTGACCTGGCCAAGTCG_010,36
AGTCTGACCTGGCCAAGTCG_011,198
AGTCTGACCTGGCCAAGTCG_012,64
GTAGGTATCAAATCCTCGGC_001,141
GTAGGTATCAAATCCTCGGC_002,37
GTAGGTATCAAATCCTCGGC_003,191
GTAGGTATCAAATCCTCGGC_004,6
GTAGGTATCAAATCCTCGGC_005,49
GTAGGTATCAAATCCTCGGC_006,16
GTAGGTATCAAATCCTCGGC_007,105
GTAGGTATCAAATCCTCGGC_008,182
GTAGGTATCAAATCCTCGGC_009,177
GTAGGTATCAAATCCTCGGC_010,74
GTAGGTATCAAATCCTCGGC_011,28
GGAGCTCTAGGACCCGCTGT_001,18
GGAGCTCTAGGACCCGCTGT_002,77
GGAGCTCTAGGACCCGCTGT_003,145
GGAGCTCTAGGACCCGCTGT_004,76
GGAGCTCTAGGACCCGCTGT_005,103
GAGTGGGAAACTCCGCATCA_001,0
GAGTGGGAAACTCCGCATCA_002,94
GAGTGGGAAACTCCGCATCA_003,12
GAGTGGGAAACTCCGCATCA_004,45
GAGTGGGAAACTCCGCATCA_005,33
GAGTGGGAAACTCCGCATCA_006,186
GAGTGGGAAACTCCGCATCA_007,92
GAGTGGGAAACTCCGCATCA_008,9
GAGTGGGAAACTCCGCATCA_009,138
GAGTGGGAAACTCCGCATCA_010,181
GAGTGGGAAACTCCGCATCA_011,63
GAGTGGGAAACTCCGCATCA_012,191
GAGTGGGAAACTCCGCATCA_013,188
GAGTGGGAAACTCCGCATCA_014,0
TCCACTACCCCTTCACCAAG_001,77
TCCACTACCCCTTCACCAAG_002,35
TCCACTACCCCTTCACCAAG_003,128
TCCACTACCCCTTCACCAAG_004,85
TCCACTACCCCTTCACCAAG_005,170
TCCACTACCCCTTCACCAAG_006,141
TCCACTACCCCTTCACCAAG_007,94
TCCACTACCCCTTCACCAAG_008,83
TCCACTACCCCTTCACCAAG_009,81
TCCACTACCCCTTCACCAAG_010,182
TCCACTACCCCTTCACCAAG_011,198
TCCACTACCCCTTCACCAAG_012,123
TCCACTACCCCTTCACCAAG_013,162
TCCACTACCCCTTCACCAAG_014,108
TCCACTACCCCTTCACCAAG_015,35
TCCACTACCCCTTCACCAAG_016,23
TCCACTACCCCTTCACCAAG_017,46
TCCACTACCCCTTCACCAAG_018,123
TCCACTACCCCTTCACCAAG_019,169
TCCACTACCCCTTCACCAAG_020,33
TCCACTACCCCTTCACCAAG_021,141
TTCACCAAGACAGAATGGAC_001,73
TTCACCAAGACAGAATGGAC_002,66
TTCACCAAGACAGAATGGAC_003,32
TTCACCAAGACAGAATGGAC_004,137
TTCACCAAGACAGAATGGAC_005,50
TTCACCAAGACAGAATGGAC_006,105
TTCACCAAGACAGAATGGAC_007,188
TTCACCAAGACAGAATGGAC_008,170
TTCACCAAGACAGAATGGAC_009,10
TTCACCAAGACAGAATGGAC_010,162
TTCACCAAGACAGAATGGAC_011,148
ACACGAAGAGAGTACATGAA_001,149
ACACGAAGAGAGTACATGAA_002,133
ACACGAAGAGAGTACATGAA_003,192
ACACGAAGAGAGTACATGAA_004,170
ACACGAAGAGAGTACATGAA_005,148
ACACGAAGAGAGTACATGAA_006,192
ACACGAAGAGAGTACATGAA_007,35
ACACGAAGAGAGTACATGAA_008,197
ACACGAAGAGAGTACATGAA_009,114
ACACGAAGAGAGTACATGAA_010,158
ACACGAAGAGAGTACATGAA_011,119
ACACGAAGAGAGTACATGAA_012,62
ACACGAAGAGAGTACATGAA_013,160
GCCTTGAGTGTAACTTCGAG_001,12
GCCTTGAGTGTAACTTCGAG_002,104
GCCTTGAGTGTAACTTCGAG_003,144
GCCTTGAGTGTAACTTCGAG_004,1
GCCTTGAGTGTAACTTCGAG_005,84
GCCTTGAGTGTAACTTCGAG_006,162
GCCTTGAGTGTAACTTCGAG_007,169
GCCTTGAGTGTAACTTCGAG_008,50
GCCTTGAGTGTAACTTCGAG_009,144
GCCTTGAGTGTAACTTCGAG_010,49
GCAAGGAAAAGAGCTGTGGT_001,58
GCAAGGAAAAGAGCTGTGGT_002,160
GCAAGGAAAAGAGCTGTGGT_003,35
GCAAGGAAAAGAGCTGTGGT_004,62
GCAAGGAAAAGAGCTGTGGT_005,62
GCAAGGAAAAGAGCTGTGGT_006,74
GCAAGGAAAAGAGCTGTGGT_007,194
GTTTGATAGGAAAAAGCGGT_001,113
GTTTGATAGGAAAAAGCGGT_002,17
GTTTGATAGGAAAAAGCGGT_003,140
AAATGAATAGAGAAAGGGTG_001,158
AAATGAATAGAGAAAGGGTG_002,29
AAATGAATAGAGAAAGGGTG_003,65
AAATGAATAGAGAAAGGGTG_004,10
AAATGAATAGAGAAAGGGTG_005,165
GAGCATTGTACATATCGGTG_001,50
TCAGTGTGGATCCAGGCATG_001,90
TCAGTGTGGATCCAGGCATG_002,57
TCAGTGTGGATCCAGGCATG_003,60
TCAGTGTGGATCCAGGCATG_004,41
TCAGTGTGGATCCAGGCATG_005,103
TCAGTGTGGATCCAGGCATG_006,149
TCAGTGTGGATCCAGGCATG_007,37
TCAGTGTGGATCCAGGCATG_008,151
TCAGTGTGGATCCAGGCATG_009,108
TCAGTGTGGATCCAGGCATG_010,187
TCAGTGTGGATCCAGGCATG_011,194
TCAGTGTGGATCCAGGCATG_012,31
TCAGTGTGGATCCAGGCATG_013,123
AAGCACATCAGAAGGCATTG_001,96
AAGCACATCAGAAGGCATTG_002,166
AAGCACATCAGAAGGCATTG_003,123
AAGCACATCAGAAGGCATTG_004,40
AAGCACATCAGAAGGCATTG_005,92
AAGCACATCAGAAGGCATTG_006,92
AAGCACATCAGAAGGCATTG_007,147
AAGCACATCAGAAGGCATTG_008,110
AAGCACATCAGAAGGCATTG_009,96
AAGCACATCAGAAGGCATTG_010,175
AAGCACATCAGAAGGCATTG_011,49
AAGCACATCAGAAGGCATTG_012,40
AAGCACATCAGAAGGCATTG_013,46
CTCGGGCACAGATCGCCCAA_001,60
CTCGGGCACAGATCGCCCAA_002,98
CTCGGGCACAGATCGCCCAA_003,116
CTCGGGCACAGATCGCCCAA_004,23
CTCGGGCACAGATCGCCCAA_005,172
CTCGGGCACAGATCGCCCAA_006,112
CTCGGGCACAGATCGCCCAA_007,170
CTCGGGCACAGATCGCCCAA_008,34
CTCGGGCACAGATCGCCCAA_009,58
CTCGGGCACAGATCGCCCAA_010,79
CTCGGGCACAGATCGCCCAA_011,66
CTCGGGCACAGATCGCCCAA_012,127
GCACCAGTCCATGACCGTAA_001,160
GCACCAGTCCATGACCGTAA_002,47
GCACCAGTCCATGACCGTAA_003,172
GCACCAGTCCATGACCGTAA_004,15
GCACCAGTCCATGACCGTAA_005,176
GCACCAGTCCATGACCGTAA_006,189
GCACCAGTCCATGACCGTAA_007,153
GCACCAGTCCATGACCGTAA_008,62
TGATGCCCAAGGTCTCCCCG_001,19
TGATGCCCAAGGTCTCCCCG_002,19
TGATGCCCAAGGTCTCCCCG_003,132
TGATGCCCAAGGTCTCCCCG_004,76
TGATGCCCAAGGTCTCCCCG_005,56
TGATGCCCAAGGTCTCCCCG_006,48
TGATGCCCAAGGTCTCCCCG_007,38
TCTGATGGAAGGTCTATGTG_001,48
TCTGATGGAAGGTCTATGTG_002,148
TCTGATGGAAGGTCTATGTG_003,196
TCTGATGGAAGGTCTATGTG_004,6
TCTGATGGAAGGTCTATGTG_005,192
TCTGATGGAAGGTCTATGTG_006,111
TCTGATGGAAGGTCTATGTG_007,167
TCTGATGGAAGGTCTATGTG_008,114
CCCCGGATACGCTCACTAAG_001,121
CCCCGGATACGCTCACTAAG_002,169
CCCCGGATACGCTCACTAAG_003,147
CCCCGGATACGCTCACTAAG_004,148
CCCCGGATACGCTCACTAAG_005,19
CCCCGGATACGCTCACTAAG_006,105
CCCCGGATACGCTCACTAAG_007,184
CCCCGGATACGCTCACTAAG_008,93
CCCCGGATACGCTCACTAAG_009,9
CCCCGGATACGCTCACTAAG_010,151
CCCCGGATACGCTCACTAAG_011,82
CCCCGGATACGCTCACTAAG_012,76
CCCCGGATACGCTCACTAAG_013,65
CCCCGGATACGCTCACTAAG_014,48
CCCCGGATACGCTCACTAAG_015,46
CCCCGGATACGCTCACTAAG_016,46
CCCCGGATACGCTCACTAAG_017,68
CCCCGGATACGCTCACTAAG_018,95
CCCCGGATACGCTCACTAAG_019,16
CCCCGGATACGCTCACTAAG_020,144
CCCCGGATACGCTCACTAAG_021,182
CAAGGTCACAGAAGACATGG_001,181
CAAGGTCACAGAAGACATGG_002,114
CAAGGTCACAGAAGACATGG_003,174
CAAGGTCACAGAAGACATGG_004,61
CAAGGTCACAGAAGACATGG_005,86
CAAGGTCACAGAAGACATGG_006,44
CAAGGTCACAGAAGACATGG_007,34
CAAGGTCACAGAAGACATGG_008,88
CAAGGTCACAGAAGACATGG_009,28
CAAGGTCACAGAAGACATGG_010,137
CAAGGTCACAGAAGACATGG_011,90
CAAGGTCACAGAAGACATGG_012,146
CAAGGTCACAGAAGACATGG_013,142
CAAGGTCACAGAAGACATGG_014,178
CAAGGTCACAGAAGACATGG_015,0
CAAGGTCACAGAAGACATGG_016,40
GATGTGTACAAGTCACTGCA_001,12
GATGTGTACAAGTCACTGCA_002,56
GATGTGTACAAGTCACTGCA_003,6
GATGTGTACAAGTCACTGCA_004,98
GATGTGTACAAGTCACTGCA_005,134
GATGTGTACAAGTCACTGCA_006,51
GATGTGTACAAGTCACTGCA_007,107
GATGTGTACAAGTCACTGCA_008,51
GATGTGTACAAGTCACTGCA_009,60
GATGTGTACAAGTCACTGCA_010,32
GATGTGTACAAGTCACTGCA_011,184
GATGTGTACAAGTCACTGCA_012,199
GATGTGTACAAGTCACTGCA_013,89
GATGTGTACAAGTCACTGCA_014,41
GATGTGTACAAGTCACTGCA_015,179
GATGTGTACAAGTCACTGCA_016,117
GATGTGTACAAGTCACTGCA_017,31
GATGTGTACAAGTCACTGCA_018,183
GATGTGTACAAGTCACTGCA_019,138
GATGTGTACAAGTCACTGCA_020,127
GATGTGTACAAGTCACTGCA_021,12
GATGTGTACAAGTCACTGCA_022,17
GATGTGTACAAGTCACTGCA_023,9
GATGTGTACAAGTCACTGCA_024,124
AAGTAGACGGTCTCTCCCGT_001,137
GCTCGCTCATGACAGCCCAT_001,27
GCTCGCTCATGACAGCCCAT_002,33
GCTCGCTCATGACAGCCCAT_003,68
GCTCGCTCATGACAGCCCAT_004,104
GCTCGCTCATGACAGCCCAT_005,128
GCTCGCTCATGACAGCCCAT_006,19
GCTCGCTCATGACAGCCCAT_007,50
GCTCGCTCATGACAGCCCAT_008,137
GCTCGCTCATGACAGCCCAT_009,42
GCTCGCTCATGACAGCCCAT_010,40
GATTGTGGTCGCTCAAAACC_001,189
GATTGTGGTCGCTCAAAACC_002,189
GATTGTGGTCGCTCAAAACC_003,58
GATTGTGGTCGCTCAAAACC_004,134
GATTGTGGTCGCTCAAAACC_005,151
GATTGTGGTCGCTCAAAACC_006,195
GATTGTGGTCGCTCAAAACC_007,15
GATTGTGGTCGCTCAAAACC_008,148
GATTGTGGTCGCTCAAAACC_009,118
GATTGTGGTCGCTCAAAACC_010,81
GATTGTGGTCGCTCAAAACC_011,48
GATTGTGGTCGCTCAAAACC_012,48
GATTGTGGTCGCTCAAAACC_013,61
GATTGTGGTCGCTCAAAACC_014,16
GATTGTGGTCGCTCAAAACC_015,160
GGCAGCTCTTAATGCCTGGA_001,176
GGCAGCTCTTAATGCCTGGA_002,130
GGCAGCTCTTAATGCCTGGA_003,149
GGCAGCTCTTAATGCCTGGA_004,93
GGCAGCTCTTAATGCCTGGA_005,167
ACCCGAATGCAAAACCAGCG_001,2
ACCCGAATGCAAAACCAGCG_002,151
ACCCGAATGCAAAACCAGCG_003,43
ACCCGAATGCAAAACCAGCG_004,27
ACCCGAATGCAAAACCAGCG_005,139
ACCCGAATGCAAAACCAGCG_006,9
ACCCGAATGCAAAACCAGCG_007,127
ACCCGAATGCAAAACCAGCG_008,106
ACCCGAATGCAAAACCAGCG_009,118
ACCCGAATGCAAAACCAGCG_010,81
ATCCGTCTGCTACTCACTCA_001,12
ATCCGTCTGCTACTCACTCA_002,19
ATCCGTCTGCTACTCACTCA_003,7
ATCCGTCTGCTACTCACTCA_004,170
ATCCGTCTGCTACTCACTCA_005,145
ATCCGTCTGCTACTCACTCA_006,38
ATCCGTCTGCTACTCACTCA_007,198
ATCCGTCTGCTACTCACTCA_008,142
CAAGTCCTTGCTAATCAGAA_001,150
CAAGTCCTTGCTAATCAGAA_002,157
CAAGTCCTTGCTAATCAGAA_003,137
CAAGTCCTTGCTAATCAGAA_004,94
CAAGTCCTTGCTAATCAGAA_005,102
CAAGTCCTTGCTAATCAGAA_006,16
CAAGTCCTTGCTAATCAGAA_007,111
CAAGTCCTTGCTAATCAGAA_008,10
CATTCACCAGCTGTCCGTAG_001,181
CATTCACCAGCTGTCCGTAG_002,195
CATTCACCAGCTGTCCGTAG_003,114
CATTCACCAGCTGTCCGTAG_004,92
CATTCACCAGCTGTCCGTAG_005,96
CTTTGCCCCCATGAAAACCA_001,29
CTTTGCCCCCATGAAAACCA_002,150
CTTTGCCCCCATGAAAACCA_003,166
GATGCAGACTGTACGCCGAA_001,123
GATGCAGACTGTACGCCGAA_002,198
GATGCAGACTGTACGCCGAA_003,11
AAGCGCCCTACAGTTTGCAT_001,146
AAGCGCCCTACAGTTTGCAT_002,185
AAGCGCCCTACAGTTTGCAT_003,80
AAGCGCCCTACAGTTTGCAT_004,199
AAGCGCCCTACAGTTTGCAT_005,50
AAGCGCCCTACAGTTTGCAT_006,106
AAGCGCCCTACAGTTTGCAT_007,106
AAGCGCCCTACAGTTTGCAT_008,104
AAGCGCCCTACAGTTTGCAT_009,82
AAGCGCCCTACAGTTTGCAT_010,168
AAGCGCCCTACAGTTTGCAT_011,15
AAGCGCCCTACAGTTTGCAT_012,94
AAGCGCCCTACAGTTTGCAT_013,179
AAGCGCCCTACAGTTTGCAT_014,130
AAGCGCCCTACAGTTTGCAT_015,38
AAGCGCCCTACAGTTTGCAT_016,56
AAGCGCCCTACAGTTTGCAT_017,69
AAGCGCCCTACAGTTTGCAT_018,43
AAGCGCCCTACAGTTTGCAT_019,145
GCAATCCTCAAAACTCCGGG_001,53
GCAATCCTCAAAACTCCGGG_002,191
GCAATCCTCAAAACTCCGGG_003,5
GCAATCCTCAAAACTCCGGG_004,33
GCAATCCTCAAAACTCCGGG_005,126
GCAATCCTCAAAACTCCGGG_006,198
GCAATCCTCAAAACTCCGGG_007,79
GCAATCCTCAAAACTCCGGG_008,3
TGTGCTGACTATGTGGTGAC_001,50
TGTGCTGACTATGTGGTGAC_002,44
TGTGCTGACTATGTGGTGAC_003,90
TTCCCAGAAAAGCCAGTGCA_001,115
TTCCCAGAAAAGCCAGTGCA_002,118
TTCCCAGAAAAGCCAGTGCA_003,15
TTCCCAGAAAAGCCAGTGCA_004,128
TTCCCAGAAAAGCCAGTGCA_005,177
TTCCCAGAAAAGCCAGTGCA_006,138
TTCCCAGAAAAGCCAGTGCA_007,144
TTCCCAGAAAAGCCAGTGCA_008,42
TTCCCAGAAAAGCCAGTGCA_009,48
TTCCCAGAAAAGCCAGTGCA_010,39
ACATGAACTATGAGACAATG_001,6
ACATGAACTATGAGACAATG_002,125
ACATGAACTATGAGACAATG_003,29
TGACGCTGGATCAGTCACTC_001,0
TGACGCTGGATCAGTCACTC_002,106
TGACGCTGGATCAGTCACTC_003,63
TGACGCTGGATCAGTCACTC_004,58
TGACGCTGGATCAGTCACTC_005,85
TGACGCTGGATCAGTCACTC_006,6
TGACGCTGGATCAGTCACTC_007,6
TGACGCTGGATCAGTCACTC_008,50
TGACGCTGGATCAGTCACTC_009,23
TGACGCTGGATCAGTCACTC_010,23
TGACGCTGGATCAGTCACTC_011,13
TGACGCTGGATCAGTCACTC_012,87
TGACGCTGGATCAGTCACTC_013,87
TGACGCTGGATCAGTCACTC_014,160
TGACGCTGGATCAGTCACTC_015,141
TGACGCTGGATCAGTCACTC_016,104
TGACGCTGGATCAGTCACTC_017,190
TGACGCTGGATCAGTCACTC_018,110
TGACGCTGGATCAGTCACTC_019,108
TGACGCTGGATCAGTCACTC_020,178
TGACGCTGGATCAGTCACTC_021,168
TGACGCTGGATCAGTCACTC_022,46
TGACGCTGGATCAGTCACTC_023,190
TGACGCTGGATCAGTCACTC_024,50
TGACGCTGGATCAGTCACTC_025,20
TGACGCTGGATCAGTCACTC_026,18
TGACGCTGGATCAGTCACTC_027,134
TGACGCTGGATCAGTCACTC_028,161
TGACGCTGGATCAGTCACTC_029,78
TGACGCTGGATCAGTCACTC_030,78
TGACGCTGGATCAGTCACTC_031,12
TGACGCTGGATCAGTCACTC_032,88
TGACGCTGGATCAGTCACTC_033,123
TGACGCTGGATCAGTCACTC_034,123
TGACGCTGGATCAGTCACTC_035,9
GCTCAAAGGACTTGTCATAC_001,157
GCTCAAAGGACTTGTCATAC_002,73
GCTCAAAGGACTTGTCATAC_003,149
GCTCAAAGGACTTGTCATAC_004,80
GCTCAAAGGACTTGTCATAC_005,170
AATAAACGCCCGTCGCCCTG_001,115
AATAAACGCCCGTCGCCCTG_002,3
AATAAACGCCCGTCGCCCTG_003,31
AATAAACGCCCGTCGCCCTG_004,142
AATAAACGCCCGTCGCCCTG_005,53
AATAAACGCCCGTCGCCCTG_006,12
CAAACGATGGACGAATATGA_001,95
CAAACGATGGACGAATATGA_002,95
CAAACGATGGACGAATATGA_003,116
CAAACGATGGACGAATATGA_004,48
CAAACGATGGACGAATATGA_005,199
CAAACGATGGACGAATATGA_006,150
CAAACGATGGACGAATATGA_007,141
CAAACGATGGACGAATATGA_008,33
CAAACGATGGACGAATATGA_009,23
CAAACGATGGACGAATATGA_010,70
CAAACGATGGACGAATATGA_011,33
CAAACGATGGACGAATATGA_012,48
CAAACGATGGACGAATATGA_013,81
CAAACGATGGACGAATATGA_014,148
CAAACGATGGACGAATATGA_015,94
CAAACGATGGACGAATATGA_016,121
CAAACGATGGACGAATATGA_017,127
GAACACCCAGAAGCGTACAT_001,42
GAACACCCAGAAGCGTACAT_002,101
GAACACCCAGAAGCGTACAT_003,98
GAACACCCAGAAGCGTACAT_004,148
GAACACCCAGAAGCGTACAT_005,43
AGAGCAGCCTCAAAAGAACC_001,24
AGAGCAGCCTCAAAAGAACC_002,112
AGAGCAGCCTCAAAAGAACC_003,128
AGAGCAGCCTCAAAAGAACC_004,33
AGAGCAGCCTCAAAAGAACC_005,183
AGAGCAGCCTCAAAAGAACC_006,184
AGAGCAGCCTCAAAAGAACC_007,63
AGAGCAGCCTCAAAAGAACC_008,19
AGAGCAGCCTCAAAAGAACC_009,105
AGAGCAGCCTCAAAAGAACC_010,102
AGAGCAGCCTCAAAAGAACC_011,191
CACAGAGATTCCGACCCTTG_001,115
CACAGAGATTCCGACCCTTG_002,128
CACAGAGATTCCGACCCTTG_003,144
CACAGAGATTCCGACCCTTG_004,49
CTAAGTATCAAGTTCCACAG_001,39
CTAAGTATCAAGTTCCACAG_002,29
CTAAGTATCAAGTTCCACAG_003,77
CTAAGTATCAAGTTCCACAG_004,119
CTAAGTATCAAGTTCCACAG_005,188
CTAAGTATCAAGTTCCACAG_006,183
CTAAGTATCAAGTTCCACAG_007,189
CTAAGTATCAAGTTCCACAG_008,171
CTAAGTATCAAGTTCCACAG_009,133
CTAAGTATCAAGTTCCACAG_010,127
CTAAGTATCAAGTTCCACAG_011,71
CTAAGTATCAAGTTCCACAG_012,96
CTAAGTATCAAGTTCCACAG_013,119
CTAAGTATCAAGTTCCACAG_014,90
CTAAGTATCAAGTTCCACAG_015,178
CTAAGTATCAAGTTCCACAG_016,58
CTAAGTATCAAGTTCCACAG_017,27
CTAAGTATCAAGTTCCACAG_018,27
TGAGAACACCAAGTCGGCAG_001,1
TGAGAACACCAAGTCGGCAG_002,119
TGAGAACACCAAGTCGGCAG_003,74
TGAGAACACCAAGTCGGCAG_004,127
TGAGAACACCAAGTCGGCAG_005,177
TGAGAACACCAAGTCGGCAG_006,18
TGAGAACACCAAGTCGGCAG_007,137
TGAGAACACCAAGTCGGCAG_008,176
TGAGAACACCAAGTCGGCAG_009,70
TGAGAACACCAAGTCGGCAG_010,55
TGAGAACACCAAGTCGGCAG_011,43
TGAGAACACCAAGTCGGCAG_012,75
ATCCCCAAGAAACCCAGTGC_001,169
ATCCCCAAGAAACCCAGTGC_002,43
ATCCCCAAGAAACCCAGTGC_003,169
ATCCCCAAGAAACCCAGTGC_004,41
ATCCCCAAGAAACCCAGTGC_005,189
ATCCCCAAGAAACCCAGTGC_006,113
ATCCCCAAGAAACCCAGTGC_007,163
ATCCCCAAGAAACCCAGTGC_008,150
ATCCCCAAGAAACCCAGTGC_009,145
ATCCCCAAGAAACCCAGTGC_010,48
ATCCCCAAGAAACCCAGTGC_011,72
ATCCCCAAGAAACCCAGTGC_012,199
ATCCCCAAGAAACCCAGTGC_013,169
ATCCCCAAGAAACCCAGTGC_014,17
ATCCCCAAGAAACCCAGTGC_015,84
ATCCCCAAGAAACCCAGTGC_016,117
ATCCCCAAGAAACCCAGTGC_017,151
ATCCCCAAGAAACCCAGTGC_018,172
ATCCCCAAGAAACCCAGTGC_019,142
ATCCCCAAGAAACCCAGTGC_020,0
ATCCCCAAGAAACCCAGTGC_021,137
ATCCCCAAGAAACCCAGTGC_022,103
ATCCCCAAGAAACCCAGTGC_023,34
ATCCCCAAGAAACCCAGTGC_024,130
ATCCCCAAGAAACCCAGTGC_025,155
ATAGCAGTGCGACTTCGAGT_001,12
ATAGCAGTGCGACTTCGAGT_002,77
ATAGCAGTGCGACTTCGAGT_003,84
ATAGCAGTGCGACTTCGAGT_004,52
ATAGCAGTGCGACTTCGAGT_005,19
ATAGCAGTGCGACTTCGAGT_006,105
ATAGCAGTGCGACTTCGAGT_007,92
ATAGCAGTGCGACTTCGAGT_008,74
ATAGCAGTGCGACTTCGAGT_009,36
ATAGCAGTGCGACTTCGAGT_010,13
ATAGCAGTGCGACTTCGAGT_011,17
ATAGCAGTGCGACTTCGAGT_012,16
ATAGCAGTGCGACTTCGAGT_013,47
CAACCATGGCACGGAGACCG_001,94
CAACCATGGCACGGAGACCG_002,192
CAACCATGGCACGGAGACCG_003,149
CAACCATGGCACGGAGACCG_004,160
CAACCATGGCACGGAGACCG_005,163
TGTGTTCTGTGATAACTGGA_001,166
TGTGTTCTGTGATAACTGGA_002,157
TGTGTTCTGTGATAACTGGA_003,77
TGTGTTCTGTGATAACTGGA_004,185
TGTGTTCTGTGATAACTGGA_005,106
TGTGTTCTGTGATAACTGGA_006,79
TGTGTTCTGTGATAACTGGA_007,11
TGTGTTCTGTGATAACTGGA_008,13
TGTGTTCTGTGATAACTGGA_009,197
TGTGTTCTGTGATAACTGGA_010,116
TGTGTTCTGTGATAACTGGA_011,151
TGTGTTCTGTGATAACTGGA_012,77
TGTGTTCTGTGATAACTGGA_013,31
TGTGTTCTGTGATAACTGGA_014,105
ACCCTAGACACCCTTATGTG_001,160
ACCCTAGACACCCTTATGTG_002,104
ACCCTAGACACCCTTATGTG_003,15
ACCCTAGACACCCTTATGTG_004,78
ACCCTAGACACCCTTATGTG_005,39
ACCCTAGACACCCTTATGTG_006,35
GCTCCGTGTTAAGTGGACAA_001,106
GCTCCGTGTTAAGTGGACAA_002,77
AGATGTTTATGAGACCCTAA_001,58
AGATGTTTATGAGACCCTAA_002,1
AGATGTTTATGAGACCCTAA_003,74
AGATGTTTATGAGACCCTAA_004,168
GGCTGAGAAGCCTTTACAGG_001,195
GGCTGAGAAGCCTTTACAGG_002,195
GGCTGAGAAGCCTTTACAGG_003,171
GGCTGAGAAGCCTTTACAGG_004,134
GGCTGAGAAGCCTTTACAGG_005,54
GGCTGAGAAGCCTTTACAGG_006,187
GGCTGAGAAGCCTTTACAGG_007,156
GGCTGAGAAGCCTTTACAGG_008,171
GGCTGAGAAGCCTTTACAGG_009,19
GAGTTCATGCTAGTTTCACT_001,176
GTGCAATTTGCTCCTGACGG_001,158
GTGCAATTTGCTCCTGACGG_002,8
GTGCAATTTGCTCCTGACGG_003,193
GTGCAATTTGCTCCTGACGG_004,175
GTGCAATTTGCTCCTGACGG_005,75
GTGCAATTTGCTCCTGACGG_006,90
GTGCAATTTGCTCCTGACGG_007,194
GTGCAATTTGCTCCTGACGG_008,43
GTGCAATTTGCTCCTGACGG_009,5
GTGCAATTTGCTCCTGACGG_010,152
GTGCAATTTGCTCCTGACGG_011,150
GTGCAATTTGCTCCTGACGG_012,82
TGCACAGGGAGGACGTACTG_001,187
TGCACAGGGAGGACGTACTG_002,49
TGCACAGGGAGGACGTACTG_003,9
TGCACAGGGAGGACGTACTG_004,1
TGCACAGGGAGGACGTACTG_005,49
TGCACAGGGAGGACGTACTG_006,104
TGCACAGGGAGGACGTACTG_007,108
TGCACAGGGAGGACGTACTG_008,36
TGCACAGGGAGGACGTACTG_009,57
TGCACAGGGAGGACGTACTG_010,162
TGCACAGGGAGGACGTACTG_011,15
TGCACAGGGAGGACGTACTG_012,33
TGCACAGGGAGGACGTACTG_013,52
TGCACAGGGAGGACGTACTG_014,9
TGCACAGGGAGGACGTACTG_015,156
TGCACAGGGAGGACGTACTG_016,163
TGCACAGGGAGGACGTACTG_017,7
TGCACAGGGAGGACGTACTG_018,24
TGCACAGGGAGGACGTACTG_019,152
TGCACAGGGAGGACGTACTG_020,188
TGCACAGGGAGGACGTACTG_021,107
TGCACAGGGAGGACGTACTG_022,77
TGCACAGGGAGGACGTACTG_023,137
TGCACAGGGAGGACGTACTG_024,8
TGCACAGGGAGGACGTACTG_025,15
TGCACAGGGAGGACGTACTG_026,20
TGCACAGGGAGGACGTACTG_027,0
TGCACAGGGAGGACGTACTG_028,142
TGCACAGGGAGGACGTACTG_029,83
TGCACAGGGAGGACGTACTG_030,150
CTGGTCAGCTCCTTCGGACA_001,67
CTGGTCAGCTCCTTCGGACA_002,120
CTGGTCAGCTCCTTCGGACA_003,174
CTGGTCAGCTCCTTCGGACA_004,82
CTGGTCAGCTCCTTCGGACA_005,108
CTGGTCAGCTCCTTCGGACA_006,92
CTGGTCAGCTCCTTCGGACA_007,147
CTGGTCAGCTCCTTCGGACA_008,27
CTGGTCAGCTCCTTCGGACA_009,56
CTGGTCAGCTCCTTCGGACA_010,147
CTGGTCAGCTCCTTCGGACA_011,16
CTGGTCAGCTCCTTCGGACA_012,9
GGCCACGCTGCTGACCGTAG_001,78
GGCCACGCTGCTGACCGTAG_002,127
GGCCACGCTGCTGACCGTAG_003,169
GGCCACGCTGCTGACCGTAG_004,116
GGCCACGCTGCTGACCGTAG_005,29
GGCCACGCTGCTGACCGTAG_006,57
GGCCACGCTGCTGACCGTAG_007,127
GGCCACGCTGCTGACCGTAG_008,139
GGCCACGCTGCTGACCGTAG_009,102
GTCAGGCAACGGAATCCCAG_001,118
GTCAGGCAACGGAATCCCAG_002,157
GTCAGGCAACGGAATCCCAG_003,162
GTCAGGCAACGGAATCCCAG_004,199
GTCAGGCAACGGAATCCCAG_005,75
GTCAGGCAACGGAATCCCAG_006,96
GTCAGGCAACGGAATCCCAG_007,94
GTCAGGCAACGGAATCCCAG_008,78
GTCAGGCAACGGAATCCCAG_009,158
GTCAGGCAACGGAATCCCAG_010,120
GTCAGGCAACGGAATCCCAG_011,125
GTCAGGCAACGGAATCCCAG_012,140
GTCAGGCAACGGAATCCCAG_013,103
GTCAGGCAACGGAATCCCAG_014,176
GTCAGGCAACGGAATCCCAG_015,134
GTCAGGCAACGGAATCCCAG_016,10
GTCAGGCAACGGAATCCCAG_017,56
ATGACACATGTGATAAACCA_001,27
ATGACACATGTGATAAACCA_002,155
TGAGATAGCCACCGACCACG_001,163
TGAGATAGCCACCGACCACG_002,169
TGAGATAGCCACCGACCACG_003,75
TGAGATAGCCACCGACCACG_004,186
TGAGATAGCCACCGACCACG_005,185
TGAGATAGCCACCGACCACG_006,148
TGAGATAGCCACCGACCACG_007,61
TGAGATAGCCACCGACCACG_008,0
TGAGATAGCCACCGACCACG_009,0
TATGAGGGCAGCGTATACTT_001,191
TATGAGGGCAGCGTATACTT_002,157
CTCTATGGCAGCCTTATCAC_001,58
CTCTATGGCAGCCTTATCAC_002,183
CTCTATGGCAGCCTTATCAC_003,151
CTCTATGGCAGCCTTATCAC_004,0
CTCTATGGCAGCCTTATCAC_005,107
CTCTATGGCAGCCTTATCAC_006,96
CTGATCGACCAGATCGACAG_001,70
CTGATCGACCAGATCGACAG_002,133
CTGATCGACCAGATCGACAG_003,21
CTGATCGACCAGATCGACAG_004,197
CTGATCGACCAGATCGACAG_005,19
CTGATCGACCAGATCGACAG_006,58
CTGATCGACCAGATCGACAG_007,134
CTGATCGACCAGATCGACAG_008,62
CTGATCGACCAGATCGACAG_009,197
GGCAGCGTGATGAGTACAGG_001,172
GGCAGCGTGATGAGTACAGG_002,112
GGCAGCGTGATGAGTACAGG_003,191
GGCAGCGTGATGAGTACAGG_004,29
GGCAGCGTGATGAGTACAGG_005,17
GGCAGCGTGATGAGTACAGG_006,182
GGCAGCGTGATGAGTACAGG_007,181
GGCAGCGTGATGAGTACAGG_008,76
GGCAGCGTGATGAGTACAGG_009,150
GGCAGCGTGATGAGTACAGG_010,65
GGCAGCGTGATGAGTACAGG_011,13
GGCAGCGTGATGAGTACAGG_012,19
GGCAGCGTGATGAGTACAGG_013,138
GGCAGCGTGATGAGTACAGG_014,184
GGCAGCGTGATGAGTACAGG_015,7
GGCAGCGTGATGAGTACAGG_016,69
GGCAGCGTGATGAGTACAGG_017,192
GGCAGCGTGATGAGTACAGG_018,15
GGCAGCGTGATGAGTACAGG_019,68
GGCAGCGTGATGAGTACAGG_020,70
GGCAGCGTGATGAGTACAGG_021,30
GGCAGCGTGATGAGTACAGG_022,52
GGCAGCGTGATGAGTACAGG_023,47
GGCAGCGTGATGAGTACAGG_024,197
GGCAGCGTGATGAGTACAGG_025,136
GTCATGGCAGTAAACTCTGG_001,46
GTCATGGCAGTAAACTCTGG_002,103
AAACTCAATACTGACAATGA_001,49
AAACTCAATACTGACAATGA_002,167
GGTTCAACAGCTCCGGCTGG_001,47
GGTTCAACAGCTCCGGCTGG_002,185
GGTTCAACAGCTCCGGCTGG_003,76
GGTTCAACAGCTCCGGCTGG_004,111
GGTTCAACAGCTCCGGCTGG_005,158
GGTTCAACAGCTCCGGCTGG_006,147
GGTTCAACAGCTCCGGCTGG_007,57
GGTTCAACAGCTCCGGCTGG_008,192
GGTTCAACAGCTCCGGCTGG_009,76
GGTTCAACAGCTCCGGCTGG_010,117
GGTTCAACAGCTCCGGCTGG_011,144
GGTTCAACAGCTCCGGCTGG_012,102
GGTTCAACAGCTCCGGCTGG_013,6
GGTTCAACAGCTCCGGCTGG_014,158
GGTTCAACAGCTCCGGCTGG_015,66
AGATTCCAGTGAGAAACCAT_001,51
AGATTCCAGTGAGAAACCAT_002,129
AGATTCCAGTGAGAAACCAT_003,198
AGATTCCAGTGAGAAACCAT_004,69
AGATTCCAGTGAGAAACCAT_005,65
AGATTCCAGTGAGAAACCAT_006,5
AGATTCCAGTGAGAAACCAT_007,97
AGATTCCAGTGAGAAACCAT_008,77
AGATTCCAGTGAGAAACCAT_009,153
AGATTCCAGTGAGAAACCAT_010,77
CATTAACCACTCAATGACTC_001,52
CATTAACCACTCAATGACTC_002,120
CATTAACCACTCAATGACTC_003,12
CATTAACCACTCAATGACTC_004,158
CATTAACCACTCAATGACTC_005,118
CATTAACCACTCAATGACTC_006,68
CATTAACCACTCAATGACTC_007,94
ACATTGTCGGTGAATAGTGA_001,29
ACATTGTCGGTGAATAGTGA_002,34
ACATTGTCGGTGAATAGTGA_003,53
ACATTGTCGGTGAATAGTGA_004,78
ACATTGTCGGTGAATAGTGA_005,13
ACATTGTCGGTGAATAGTGA_006,141
ACATTGTCGGTGAATAGTGA_007,148
ACATTGTCGGTGAATAGTGA_008,155
ACATTGTCGGTGAATAGTGA_009,178
ACATTGTCGGTGAATAGTGA_010,147
ACATTGTCGGTGAATAGTGA_011,118
ACATTGTCGGTGAATAGTGA_012,3
ACATTGTCGGTGAATAGTGA_013,9
ACATTGTCGGTGAATAGTGA_014,115
ACATTGTCGGTGAATAGTGA_015,110
GAGATGGAGCACAGTGCTGA_001,115
GAGATGGAGCACAGTGCTGA_002,146
GAGATGGAGCACAGTGCTGA_003,122
GAGATGGAGCACAGTGCTGA_004,150
GAGATGGAGCACAGTGCTGA_005,62
GAGATGGAGCACAGTGCTGA_006,69
GAGATGGAGCACAGTGCTGA_007,162
GAGATGGAGCACAGTGCTGA_008,144
GAGATGGAGCACAGTGCTGA_009,172
GAGATGGAGCACAGTGCTGA_010,148
GAGATGGAGCACAGTGCTGA_011,115
GAGATGGAGCACAGTGCTGA_012,127
GAGATGGAGCACAGTGCTGA_013,74
GAGATGGAGCACAGTGCTGA_014,188
GAGATGGAGCACAGTGCTGA_015,2
GAGATGGAGCACAGTGCTGA_016,10
AGGTGGTCTCACAGCAGCTG_001,82
AGGTGGTCTCACAGCAGCTG_002,68
AGGTGGTCTCACAGCAGCTG_003,10
AGGTGGTCTCACAGCAGCTG_004,158
AGGTGGTCTCACAGCAGCTG_005,53
AGGTGGTCTCACAGCAGCTG_006,70
AGGTGGTCTCACAGCAGCTG_007,113
AGGTGGTCTCACAGCAGCTG_008,165
GGGACCCTGTGCGGCCCGCG_001,30
GGGACCCTGTGCGGCCCGCG_002,27
GGGACCCTGTGCGGCCCGCG_003,131
GGGACCCTGTGCGGCCCGCG_004,91
GGGACCCTGTGCGGCCCGCG_005,160
ATGCCTTTGAGAATGGACGG_001,23
ATGCCTTTGAGAATGGACGG_002,41
ATGCCTTTGAGAATGGACGG_003,47
ATGCCTTTGAGAATGGACGG_004,176
ATGCCTTTGAGAATGGACGG_005,14
ATGCCTTTGAGAATGGACGG_006,83
ATGCCTTTGAGAATGGACGG_007,138
ATGCCTTTGAGAATGGACGG_008,109
ATGCCTTTGAGAATGGACGG_009,150
ATGCCTTTGAGAATGGACGG_010,91
ATGCCTTTGAGAATGGACGG_011,16
ATGCCTTTGAGAATGGACGG_012,63
ATGCCTTTGAGAATGGACGG_013,166
ATGCCTTTGAGAATGGACGG_014,39
ATGCCTTTGAGAATGGACGG_015,180
ATGCCTTTGAGAATGGACGG_016,162
GAAATCCAAAGCCTGATACG_001,16
GAAATCCAAAGCCTGATACG_002,76
GAAATCCAAAGCCTGATACG_003,199
GAAATCCAAAGCCTGATACG_004,96
GAAATCCAAAGCCTGATACG_005,131
GAAATCCAAAGCCTGATACG_006,66
CCTGTGTGGCTCAACTACTA_001,121
CTGGGAGTCGAATTGGTGCG_001,50
CTGGGAGTCGAATTGGTGCG_002,158
CTGGGAGTCGAATTGGTGCG_003,162
CTGGGAGTCGAATTGGTGCG_004,46
CTGGGAGTCGAATTGGTGCG_005,124
CTGGGAGTCGAATTGGTGCG_006,64
CTGGGAGTCGAATTGGTGCG_007,7
CTGGGAGTCGAATTGGTGCG_008,94
CCCAGGTAACGAGCCCACCA_001,102
CCCAGGTAACGAGCCCACCA_002,96
CCCAGGTAACGAGCCCACCA_003,159
CCCAGGTAACGAGCCCACCA_004,35
CCCAGGTAACGAGCCCACCA_005,67
CCCAGGTAACGAGCCCACCA_006,85
CCCAGGTAACGAGCCCACCA_007,77
CCCAGGTAACGAGCCCACCA_008,188
CCCAGGTAACGAGCCCACCA_009,1
CCCAGGTAACGAGCCCACCA_010,4
TGACGAGCTATATGACCGGG_001,125
TGACGAGCTATATGACCGGG_002,125
TGACGAGCTATATGACCGGG_003,77
TGACGAGCTATATGACCGGG_004,116
TGACGAGCTATATGACCGGG_005,63
TCACTGTGGCTAGCGACAGG_001,80
TCACTGTGGCTAGCGACAGG_002,108
TCACTGTGGCTAGCGACAGG_003,174
TCACTGTGGCTAGCGACAGG_004,56
TCACTGTGGCTAGCGACAGG_005,68
TCACTGTGGCTAGCGACAGG_006,48
TCACTGTGGCTAGCGACAGG_007,195
TCACTGTGGCTAGCGACAGG_008,182
TCACTGTGGCTAGCGACAGG_009,150
TCACTGTGGCTAGCGACAGG_010,128
CACACAGGGTTAAAGTGTCT_001,198
CACACAGGGTTAAAGTGTCT_002,70
CACACAGGGTTAAAGTGTCT_003,19
CACACAGGGTTAAAGTGTCT_004,132
CACACAGGGTTAAAGTGTCT_005,168
CACACAGGGTTAAAGTGTCT_006,34
CACACAGGGTTAAAGTGTCT_007,198
CACACAGGGTTAAAGTGTCT_008,185
CACACAGGGTTAAAGTGTCT_009,174
CACACAGGGTTAAAGTGTCT_010,177
CACACAGGGTTAAAGTGTCT_011,127
CACACAGGGTTAAAGTGTCT_012,18
CACACAGGGTTAAAGTGTCT_013,41
CACACAGGGTTAAAGTGTCT_014,13
CACACAGGGTTAAAGTGTCT_015,61
AGAGGTGCAGGCCAACAATG_001,181
AGAGGTGCAGGCCAACAATG_002,59
AGAGGTGCAGGCCAACAATG_003,42
AGAGGTGCAGGCCAACAATG_004,1
AGAGGTGCAGGCCAACAATG_005,181
AGAGGTGCAGGCCAACAATG_006,20
AGAGGTGCAGGCCAACAATG_007,55
AGAGGTGCAGGCCAACAATG_008,7
AGAGGTGCAGGCCAACAATG_009,150
AGAGGTGCAGGCCAACAATG_010,192
AGAGGTGCAGGCCAACAATG_011,9
AGAGGTGCAGGCCAACAATG_012,45
AGAGGTGCAGGCCAACAATG_013,98
AGAGGTGCAGGCCAACAATG_014,27
AGAGGTGCAGGCCAACAATG_015,25
AGAGGTGCAGGCCAACAATG_016,65
AGAGGTGCAGGCCAACAATG_017,70
AGAGGTGCAGGCCAACAATG_018,148
AGAGGTGCAGGCCAACAATG_019,97
AGAGGTGCAGGCCAACAATG_020,160
AGAGGTGCAGGCCAACAATG_021,48
AGAGGTGCAGGCCAACAATG_022,6
AGAGGTGCAGGCCAACAATG_023,43
AGAGGTGCAGGCCAACAATG_024,95
AGAGGTGCAGGCCAACAATG_025,24
AGAGGTGCAGGCCAACAATG_026,150
AGAGGTGCAGGCCAACAATG_027,130
AGAGGTGCAGGCCAACAATG_028,137
AGAGGTGCAGGCCAACAATG_029,195
AGAGGTGCAGGCCAACAATG_030,168
AGAGGTGCAGGCCAACAATG_031,118
AGAGGTGCAGGCCAACAATG_032,63
AGAGGTGCAGGCCAACAATG_033,118
AGAGGTGCAGGCCAACAATG_034,188
AGAGGTGCAGGCCAACAATG_035,94
AGAGGTGCAGGCCAACAATG_036,34
CCACCGCCAAGACTCGACGG_001,127
CCACCGCCAAGACTCGACGG_002,1
CCACCGCCAAGACTCGACGG_003,119
CCACCGCCAAGACTCGACGG_004,49
CCACCGCCAAGACTCGACGG_005,0
CCACCGCCAAGACTCGACGG_006,123
CCACCGCCAAGACTCGACGG_007,51
CCACCGCCAAGACTCGACGG_008,136
CCACCGCCAAGACTCGACGG_009,147
CTAGTCTCATTAAACACAGG_001,76
CTAGTCTCATTAAACACAGG_002,33
CTAGTCTCATTAAACACAGG_003,142
CTAGTCTCATTAAACACAGG_004,68
CCGTCAGCCTTTGGATCATG_001,8
CCGTCAGCCTTTGGATCATG_002,199
CCGTCAGCCTTTGGATCATG_003,122
CCGTCAGCCTTTGGATCATG_004,168
CCGTCAGCCTTTGGATCATG_005,29
CCGTCAGCCTTTGGATCATG_006,178
CCGTCAGCCTTTGGATCATG_007,47
CCGTCAGCCTTTGGATCATG_008,148
CCGTCAGCCTTTGGATCATG_009,199
CCGTCAGCCTTTGGATCATG_010,19
CCGTCAGCCTTTGGATCATG_011,126
CCGTCAGCCTTTGGATCATG_012,48
CCGTCAGCCTTTGGATCATG_013,152
CCGTCAGCCTTTGGATCATG_014,150
GACTCACAATGACTCTGTTG_001,77
GACTCACAATGACTCTGTTG_002,164
GCCCTCCAAACTACATATCG_001,68
GCCCTCCAAACTACATATCG_002,44
GCCCTCCAAACTACATATCG_003,42
GCCCTCCAAACTACATATCG_004,88
GCCCTCCAAACTACATATCG_005,133
GCCCTCCAAACTACATATCG_006,182
GCCCTCCAAACTACATATCG_007,148
GCCCTCCAAACTACATATCG_008,105
GGTCAAAGGCCATCACAACG_001,51
GGTCAAAGGCCATCACAACG_002,137
GGTCAAAGGCCATCACAACG_003,58
GGTCAAAGGCCATCACAACG_004,196
GGTCAAAGGCCATCACAACG_005,193
GGTCAAAGGCCATCACAACG_006,101
GGTCAAAGGCCATCACAACG_007,44
GGTCAAAGGCCATCACAACG_008,88
GGTCAAAGGCCATCACAACG_009,105
GGTCAAAGGCCATCACAACG_010,17
GGTCAAAGGCCATCACAACG_011,80
GGTCAAAGGCCATCACAACG_012,106
GGTCAAAGGCCATCACAACG_013,49
GGTCAAAGGCCATCACAACG_014,156
GGTCAAAGGCCATCACAACG_015,34
GGTCAAAGGCCATCACAACG_016,85
GGTCAAAGGCCATCACAACG_017,161
GGTCAAAGGCCATCACAACG_018,50
GGTCAAAGGCCATCACAACG_019,137
GGTCAAAGGCCATCACAACG_020,132
GGTCAAAGGCCATCACAACG_021,57
GGTCAAAGGCCATCACAACG_022,88
GGTCAAAGGCCATCACAACG_023,12
GGTCAAAGGCCATCACAACG_024,49
GGTCAAAGGCCATCACAACG_025,184
GCCCGGCACGCGACACAGCG_001,162
GCCCGGCACGCGACACAGCG_002,56
GGAATGCCAAATCGGCCCCG_001,96
GGAATGCCAAATCGGCCCCG_002,102
GGAATGCCAAATCGGCCCCG_003,148
GGAATGCCAAATCGGCCCCG_004,28
GGAATGCCAAATCGGCCCCG_005,63
GGAATGCCAAATCGGCCCCG_006,104
GGAATGCCAAATCGGCCCCG_007,130
GGAATGCCAAATCGGCCCCG_008,63
GGAATGCCAAATCGGCCCCG_009,135
CCACGTACAGCGCTTACGAG_001,192
CCACGTACAGCGCTTACGAG_002,193
CCACGTACAGCGCTTACGAG_003,181
CCACGTACAGCGCTTACGAG_004,107
CCACGTACAGCGCTTACGAG_005,138
CCACGTACAGCGCTTACGAG_006,78
TCAGCACTTCTGGGCTCAGA_001,94
GCTATAGAAAGCGCAATTGG_001,86
GCTATAGAAAGCGCAATTGG_002,177
GCTATAGAAAGCGCAATTGG_003,8
GCTATAGAAAGCGCAATTGG_004,118
GCTATAGAAAGCGCAATTGG_005,33
GCTATAGAAAGCGCAATTGG_006,104
GCTATAGAAAGCGCAATTGG_007,152
GCTATAGAAAGCGCAATTGG_008,68
GCTATAGAAAGCGCAATTGG_009,43
GCTATAGAAAGCGCAATTGG_010,142
CGACTTACTATCGATATGCA_001,77
CGACTTACTATCGATATGCA_002,169
CGACTTACTATCGATATGCA_003,134
CGACTTACTATCGATATGCA_004,137
CGACTTACTATCGATATGCA_005,1
TGTCGTAAGAGAAGATACCC_001,98
TGTCGTAAGAGAAGATACCC_002,18
TGTCGTAAGAGAAGATACCC_003,171
CGGCTGTAGGACTTCCACAG_001,21
CGGCTGTAGGACTTCCACAG_002,25
CGGCTGTAGGACTTCCACAG_003,13
CGGCTGTAGGACTTCCACAG_004,17
CGGCTGTAGGACTTCCACAG_005,16
CGGCTGTAGGACTTCCACAG_006,174
CGGCTGTAGGACTTCCACAG_007,70
CGGCTGTAGGACTTCCACAG_008,2
CGGCTGTAGGACTTCCACAG_009,70
CGGCTGTAGGACTTCCACAG_010,138
CGGCTGTAGGACTTCCACAG_011,88
CGGCTGTAGGACTTCCACAG_012,14
CGGCTGTAGGACTTCCACAG_013,199
ATGCCTTAACGAGAGCCGCG_001,82
ATGCCTTAACGAGAGCCGCG_002,76
ATGCCTTAACGAGAGCCGCG_003,161
ATGCCTTAACGAGAGCCGCG_004,22
ATGCCTTAACGAGAGCCGCG_005,60
ATGCCTTAACGAGAGCCGCG_006,29
ATGCCTTAACGAGAGCCGCG_007,51
ATGCCTTAACGAGAGCCGCG_008,122
ATGCCTTAACGAGAGCCGCG_009,132
ATGCCTTAACGAGAGCCGCG_010,58
ATGCCTTAACGAGAGCCGCG_011,170
ATGCCTTAACGAGAGCCGCG_012,57
ATGCCTTAACGAGAGCCGCG_013,157
ATGCCTTAACGAGAGCCGCG_014,103
ATGCCTTAACGAGAGCCGCG_015,182
ATGCCTTAACGAGAGCCGCG_016,55
ATGCCTTAACGAGAGCCGCG_017,74
ATGCCTTAACGAGAGCCGCG_018,177
ATGCCTTAACGAGAGCCGCG_019,160
ATGCCTTAACGAGAGCCGCG_020,176
ATGCCTTAACGAGAGCCGCG_021,190
ATGCCTTAACGAGAGCCGCG_022,117
ATGCCTTAACGAGAGCCGCG_023,35
ATGCCTTAACGAGAGCCGCG_024,174
ATGCCTTAACGAGAGCCGCG_025,6
ATGCCTTAACGAGAGCCGCG_026,136
ATGCCTTAACGAGAGCCGCG_027,27
ATGCCTTAACGAGAGCCGCG_028,28
ATGCCTTAACGAGAGCCGCG_029,25
ATGCCTTAACGAGAGCCGCG_030,98
TTGGCAATGAAATGGGGGAT_001,94
TTGGCAATGAAATGGGGGAT_002,115
TTGGCAATGAAATGGGGGAT_003,198
TTGGCAATGAAATGGGGGAT_004,183
TTGGCAATGAAATGGGGGAT_005,162
TTGGCAATGAAATGGGGGAT_006,148
TTGGCAATGAAATGGGGGAT_007,168
TTGGCAATGAAATGGGGGAT_008,68
TTGGCAATGAAATGGGGGAT_009,184
TTGGCAATGAAATGGGGGAT_010,183
TTGGCAATGAAATGGGGGAT_011,70
TTGGCAATGAAATGGGGGAT_012,188
TTGGCAATGAAATGGGGGAT_013,17
TTGGCAATGAAATGGGGGAT_014,199
TTGGCAATGAAATGGGGGAT_015,109
GAAGAAACCTTGAACGACAA_001,33
GAAGAAACCTTGAACGACAA_002,114
GAAGAAACCTTGAACGACAA_003,141
GAAGAAACCTTGAACGACAA_004,2
GAAGAAACCTTGAACGACAA_005,199
ATAATAAGTGTGATACAACA_001,176
ATAATAAGTGTGATACAACA_002,81
ATAATAAGTGTGATACAACA_003,169
ATAATAAGTGTGATACAACA_004,80
ATAATAAGTGTGATACAACA_005,177
GACAGCAATACAAAACTCCA_001,101
GACAGCAATACAAAACTCCA_002,36
GACAGCAATACAAAACTCCA_003,129
GACAGCAATACAAAACTCCA_004,132
GACAGCAATACAAAACTCCA_005,23
GACAGCAATACAAAACTCCA_006,149
GACAGCAATACAAAACTCCA_007,173
GACAGCAATACAAAACTCCA_008,135
GACAGCAATACAAAACTCCA_009,171
GACAGCAATACAAAACTCCA_010,171
GACAGCAATACAAAACTCCA_011,14
GCATAGTTGTAGATGAGCAG_001,11
GCATAGTTGTAGATGAGCAG_002,127
GCATAGTTGTAGATGAGCAG_003,169
GCATAGTTGTAGATGAGCAG_004,169
GCATAGTTGTAGATGAGCAG_005,170
GCATAGTTGTAGATGAGCAG_006,197
GCATAGTTGTAGATGAGCAG_007,52
GCATAGTTGTAGATGAGCAG_008,73
GCATAGTTGTAGATGAGCAG_009,101
GCATAGTTGTAGATGAGCAG_010,158
GCATAGTTGTAGATGAGCAG_011,198
GCATAGTTGTAGATGAGCAG_012,15
GCATAGTTGTAGATGAGCAG_013,41
GCATAGTTGTAGATGAGCAG_014,19
GCATAGTTGTAGATGAGCAG_015,2
GCATAGTTGTAGATGAGCAG_016,87
GCATAGTTGTAGATGAGCAG_017,87
CTCAAAGCCACAGTCGACAA_001,6
CTCAAAGCCACAGTCGACAA_002,175
CTCAAAGCCACAGTCGACAA_003,46
CTCAAAGCCACAGTCGACAA_004,2
CTCAGATAAAACACCACTAG_001,105
ATGAATATGAAAGGGCCCGA_001,149
ATGAATATGAAAGGGCCCGA_002,168
ATAAGATATATGCTGAGACA_001,176
ATAAGATATATGCTGAGACA_002,191
ATAAGATATATGCTGAGACA_003,77
ATAAGATATATGCTGAGACA_004,31
ATAAGATATATGCTGAGACA_005,179
ATAAGATATATGCTGAGACA_006,180
ATAAGATATATGCTGAGACA_007,97
AGCTATCGGAAAGTCAAGAG_001,146
AGCTATCGGAAAGTCAAGAG_002,50
AGCTATCGGAAAGTCAAGAG_003,85
AGCTATCGGAAAGTCAAGAG_004,178
AGCTATCGGAAAGTCAAGAG_005,24
AGCTATCGGAAAGTCAAGAG_006,54
AGCTATCGGAAAGTCAAGAG_007,165
AGCTATCGGAAAGTCAAGAG_008,61
AGCTATCGGAAAGTCAAGAG_009,27
AGCTATCGGAAAGTCAAGAG_010,84
AGCTATCGGAAAGTCAAGAG_011,165
AGCTATCGGAAAGTCAAGAG_012,141
AGCTATCGGAAAGTCAAGAG_013,79
AGCTATCGGAAAGTCAAGAG_014,31
CTCACTGACATGAACAAACT_001,168
CTCACTGACATGAACAAACT_002,119
AGGAAGCCATGTTTCCTGAG_001,40
AGGAAGCCATGTTTCCTGAG_002,162
AGGAAGCCATGTTTCCTGAG_003,72
AGGAAGCCATGTTTCCTGAG_004,81
AGGAAGCCATGTTTCCTGAG_005,38
AGGAAGCCATGTTTCCTGAG_006,36
AGGAAGCCATGTTTCCTGAG_007,188
AGGAAGCCATGTTTCCTGAG_008,162
GTTGGTTGGGATGATGCACG_001,82
GTTGGTTGGGATGATGCACG_002,108
GTTGGTTGGGATGATGCACG_003,35
GTTGGTTGGGATGATGCACG_004,178
GAAAGATTGTATTTGTCCCA_001,184
GAAAGATTGTATTTGTCCCA_002,198
GTAGTTGTGCTTGAAAACGA_001,16
TATCCGTGGAGAGCGACTCA_001,52
TATCCGTGGAGAGCGACTCA_002,121
TATCCGTGGAGAGCGACTCA_003,161
TATCCGTGGAGAGCGACTCA_004,118
TATCCGTGGAGAGCGACTCA_005,126
TATCCGTGGAGAGCGACTCA_006,38
TATCCGTGGAGAGCGACTCA_007,163
TATCCGTGGAGAGCGACTCA_008,42
TATCCGTGGAGAGCGACTCA_009,15
TATCCGTGGAGAGCGACTCA_010,172
TATCCGTGGAGAGCGACTCA_011,101
TATCCGTGGAGAGCGACTCA_012,50
TATCCGTGGAGAGCGACTCA_013,81
TATCCGTGGAGAGCGACTCA_014,160
TATCCGTGGAGAGCGACTCA_015,29
TATCCGTGGAGAGCGACTCA_016,40
TATCCGTGGAGAGCGACTCA_017,84
TATCCGTGGAGAGCGACTCA_018,136
TATCCGTGGAGAGCGACTCA_019,188
TATCCGTGGAGAGCGACTCA_020,191
TATCCGTGGAGAGCGACTCA_021,145
TATCCGTGGAGAGCGACTCA_022,196
TATCCGTGGAGAGCGACTCA_023,196
TATCCGTGGAGAGCGACTCA_024,17
TATCCGTGGAGAGCGACTCA_025,58
TATCCGTGGAGAGCGACTCA_026,144
TATCCGTGGAGAGCGACTCA_027,27
TATCCGTGGAGAGCGACTCA_028,134
CTATAAAGAACACGCTCAGG_001,108
CTATAAAGAACACGCTCAGG_002,5
CTATAAAGAACACGCTCAGG_003,5
CTATAAAGAACACGCTCAGG_004,175
CTATAAAGAACACGCTCAGG_005,116
CTCATCAAAGTTCTGACTGT_001,198
CTCATCAAAGTTCTGACTGT_002,52
CTCATCAAAGTTCTGACTGT_003,61
AGATTGAAACCCAGACAGAG_001,158
AGATTGAAACCCAGACAGAG_002,103
AGATTGAAACCCAGACAGAG_003,168
AGATTGAAACCCAGACAGAG_004,40
AGATTGAAACCCAGACAGAG_005,185
AGATTGAAACCCAGACAGAG_006,40
AGATTGAAACCCAGACAGAG_007,12
AGATTGAAACCCAGACAGAG_008,70
AGATTGAAACCCAGACAGAG_009,187
AGATTGAAACCCAGACAGAG_010,31
CTTCCAGGGTACGAATCTCA_001,42
CTTCCAGGGTACGAATCTCA_002,160
CTTCCAGGGTACGAATCTCA_003,127
CTTCCAGGGTACGAATCTCA_004,127
CTTCCAGGGTACGAATCTCA_005,182
ACTGACTGCGTCTTTGAAGT_001,136
ACTGACTGCGTCTTTGAAGT_002,56
ACTGACTGCGTCTTTGAAGT_003,70
ACTGACTGCGTCTTTGAAGT_004,52
ACTGACTGCGTCTTTGAAGT_005,94
ACTGACTGCGTCTTTGAAGT_006,123
GCTGTGGCCGGGACCGAGGG_001,169
GCTGTGGCCGGGACCGAGGG_002,179
GCTGTGGCCGGGACCGAGGG_003,94
GCTGTGGCCGGGACCGAGGG_004,166
GCTGTGGCCGGGACCGAGGG_005,2
GCTGTGGCCGGGACCGAGGG_006,88
GCTGTGGCCGGGACCGAGGG_007,1
GCTGTGGCCGGGACCGAGGG_008,144
GCTGTGGCCGGGACCGAGGG_009,8
TCATCAATGAAAATGATACA_001,75
AGACGTTGGCACCCATCGTG_001,19
TAGAATAGGTCAGATATGCA_001,56
TAGAATAGGTCAGATATGCA_002,6
TCTTCCACCAAAGCCAAACA_001,141
TCTTCCACCAAAGCCAAACA_002,82
TCTTCCACCAAAGCCAAACA_003,29
TCTTCCACCAAAGCCAAACA_004,48
TCTTCCACCAAAGCCAAACA_005,33
TCTTCCACCAAAGCCAAACA_006,174
TCTTCCACCAAAGCCAAACA_007,177
TCTTCCACCAAAGCCAAACA_008,138
TCTTCCACCAAAGCCAAACA_009,138
TGGGTCTTGGGTTCGCCCAG_001,172
TGGGTCTTGGGTTCGCCCAG_002,153
TGGGTCTTGGGTTCGCCCAG_003,151
CACCTTGAAGATGCGCGCGT_001,147
CACCTTGAAGATGCGCGCGT_002,150
CACCTTGAAGATGCGCGCGT_003,35
CACCTTGAAGATGCGCGCGT_004,172
CACCTTGAAGATGCGCGCGT_005,28
CACCTTGAAGATGCGCGCGT_006,77
CACCTTGAAGATGCGCGCGT_007,51
CACCTTGAAGATGCGCGCGT_008,197
CACCTTGAAGATGCGCGCGT_009,74
CACCTTGAAGATGCGCGCGT_010,88
CACCTTGAAGATGCGCGCGT_011,60
CACCTTGAAGATGCGCGCGT_012,146
CACCTTGAAGATGCGCGCGT_013,36
CACCTTGAAGATGCGCGCGT_014,40
CACCTTGAAGATGCGCGCGT_015,176
CACCTTGAAGATGCGCGCGT_016,199
CACCTTGAAGATGCGCGCGT_017,0
CACCTTGAAGATGCGCGCGT_018,50
CACCTTGAAGATGCGCGCGT_019,156
CACCTTGAAGATGCGCGCGT_020,148
CACCTTGAAGATGCGCGCGT_021,65
CACCTTGAAGATGCGCGCGT_022,168
CACCTTGAAGATGCGCGCGT_023,164
AGAAATTGGGTATTGCACCA_001,29
AGATGATGACTACTCCTGGT_001,82
AGATGATGACTACTCCTGGT_002,183
AGATGATGACTACTCCTGGT_003,152
AGATGATGACTACTCCTGGT_004,153
AGATGATGACTACTCCTGGT_005,158
AGATGATGACTACTCCTGGT_006,120
AGATGATGACTACTCCTGGT_007,18
AGATGATGACTACTCCTGGT_008,98
AGATGATGACTACTCCTGGT_009,29
AGATGATGACTACTCCTGGT_010,146
AGATGATGACTACTCCTGGT_011,119
AGATGATGACTACTCCTGGT_012,159
AGATGATGACTACTCCTGGT_013,163
AGATGATGACTACTCCTGGT_014,2
AGATGATGACTACTCCTGGT_015,45
AGATGATGACTACTCCTGGT_016,47
AGATGATGACTACTCCTGGT_017,44
AGATGATGACTACTCCTGGT_018,47
AGATGATGACTACTCCTGGT_019,48
AGATGATGACTACTCCTGGT_020,34
AGATGATGACTACTCCTGGT_021,66
AGATGATGACTACTCCTGGT_022,184
AGATGATGACTACTCCTGGT_023,19
GATTGTATCATCCAAGGCAG_001,172
GATTGTATCATCCAAGGCAG_002,88
GATTGTATCATCCAAGGCAG_003,192
GATTGTATCATCCAAGGCAG_004,187
GATTGTATCATCCAAGGCAG_005,113
GATTGTATCATCCAAGGCAG_006,48
GATTGTATCATCCAAGGCAG_007,3
GATTGTATCATCCAAGGCAG_008,133
GATTGTATCATCCAAGGCAG_009,147
AGCGGCAACAAAACCACAGG_001,72
AGCGGCAACAAAACCACAGG_002,55
AGCGGCAACAAAACCACAGG_003,48
AGCGGCAACAAAACCACAGG_004,40
AGCGGCAACAAAACCACAGG_005,55
AGCGGCAACAAAACCACAGG_006,103
AGCGGCAACAAAACCACAGG_007,34
AGCGGCAACAAAACCACAGG_008,118
AGCGGCAACAAAACCACAGG_009,50
AGCGGCAACAAAACCACAGG_010,29
AGCGGCAACAAAACCACAGG_011,58
AGCGGCAACAAAACCACAGG_012,158
AGCGGCAACAAAACCACAGG_013,42
AGCGGCAACAAAACCACAGG_014,146
AGCGGCAACAAAACCACAGG_015,193
AGCGGCAACAAAACCACAGG_016,115
AGCGGCAACAAAACCACAGG_017,194
AGCGGCAACAAAACCACAGG_018,112
AGCGGCAACAAAACCACAGG_019,189
AGCGGCAACAAAACCACAGG_020,36
AGCGGCAACAAAACCACAGG_021,65
AGCGGCAACAAAACCACAGG_022,29
AGCGGCAACAAAACCACAGG_023,89
TAGCTCCCAAGGGATTTGGA_001,77
TAGCTCCCAAGGGATTTGGA_002,174
TAGCTCCCAAGGGATTTGGA_003,23
TAGCTCCCAAGGGATTTGGA_004,63
TAGCTCCCAAGGGATTTGGA_005,5
TAGCTCCCAAGGGATTTGGA_006,84
TAGCTCCCAAGGGATTTGGA_007,89
TAGCTCCCAAGGGATTTGGA_008,36
CATCGTTCTTCAGGTAACGG_001,141
CATCGTTCTTCAGGTAACGG_002,158
CCTCCGCGCCTCTCCTACTG_001,78
CCTCCGCGCCTCTCCTACTG_002,124
CCTCCGCGCCTCTCCTACTG_003,158
CCTCCGCGCCTCTCCTACTG_004,43
CCTCCGCGCCTCTCCTACTG_005,48
CCTCCGCGCCTCTCCTACTG_006,147
CCTCCGCGCCTCTCCTACTG_007,179
CCTCCGCGCCTCTCCTACTG_008,35
CCTCCGCGCCTCTCCTACTG_009,90
CCTCCGCGCCTCTCCTACTG_010,99
CCTCCGCGCCTCTCCTACTG_011,170
CCTCCGCGCCTCTCCTACTG_012,114
CCTCCGCGCCTCTCCTACTG_013,145
CCTCCGCGCCTCTCCTACTG_014,137
CCTCCGCGCCTCTCCTACTG_015,191
AGGCAAATGAAAACAAGACC_001,175
AGGCAAATGAAAACAAGACC_002,77
AGGCAAATGAAAACAAGACC_003,134
CTCACCACGGAAGTCAAGTG_001,36
CTCACCACGGAAGTCAAGTG_002,135
CTCACCACGGAAGTCAAGTG_003,125
CTCACCACGGAAGTCAAGTG_004,50
GACACTACTTACGATCTCCG_001,49
GACGATGTACCCAATCTCGT_001,124
GACGATGTACCCAATCTCGT_002,46
GGCCTCACCAGTAGTAACGA_001,183
GGCCTCACCAGTAGTAACGA_002,58
GGCCTCACCAGTAGTAACGA_003,141
GGCCTCACCAGTAGTAACGA_004,195
GGCCTCACCAGTAGTAACGA_005,137
GGCCTCACCAGTAGTAACGA_006,149
GGCCTCACCAGTAGTAACGA_007,162
GGCCTCACCAGTAGTAACGA_008,160
GGCCTCACCAGTAGTAACGA_009,136
GGCCTCACCAGTAGTAACGA_010,170
AGGTTTCCCAGGATTGAGAG_001,163
AGGTTTCCCAGGATTGAGAG_002,52
AGGTTTCCCAGGATTGAGAG_003,191
AGGTTTCCCAGGATTGAGAG_004,162
AGGTTTCCCAGGATTGAGAG_005,116
AGGTTTCCCAGGATTGAGAG_006,60
AGGTTTCCCAGGATTGAGAG_007,116
AGGTTTCCCAGGATTGAGAG_008,104
AGGTTTCCCAGGATTGAGAG_009,104
AGGTTTCCCAGGATTGAGAG_010,49
AGGTTTCCCAGGATTGAGAG_011,34
AGGTTTCCCAGGATTGAGAG_012,58
AGGTTTCCCAGGATTGAGAG_013,47
AGGTTTCCCAGGATTGAGAG_014,161
AGGTTTCCCAGGATTGAGAG_015,176
AGGTTTCCCAGGATTGAGAG_016,33
AGGTTTCCCAGGATTGAGAG_017,116
AGGTTTCCCAGGATTGAGAG_018,85
AGGTTTCCCAGGATTGAGAG_019,1
AGGTTTCCCAGGATTGAGAG_020,43
AGGTTTCCCAGGATTGAGAG_021,8
AGGTTTCCCAGGATTGAGAG_022,36
AGGTTTCCCAGGATTGAGAG_023,118
AGGTTTCCCAGGATTGAGAG_024,121
AGGTTTCCCAGGATTGAGAG_025,142
AGGTTTCCCAGGATTGAGAG_026,68
AGGTTTCCCAGGATTGAGAG_027,100
AGGTTTCCCAGGATTGAGAG_028,158
AGGTTTCCCAGGATTGAGAG_029,35
AGGTTTCCCAGGATTGAGAG_030,174
AGGTTTCCCAGGATTGAGAG_031,112
AGGTTTCCCAGGATTGAGAG_032,3
AGGTTTCCCAGGATTGAGAG_033,63
AGGTTTCCCAGGATTGAGAG_034,117
AGGTTTCCCAGGATTGAGAG_035,78
AGGTTTCCCAGGATTGAGAG_036,144
AGGTTTCCCAGGATTGAGAG_037,130
CATGTCGGAGAAAAGCGTGG_001,5
CATGTCGGAGAAAAGCGTGG_002,184
CATGTCGGAGAAAAGCGTGG_003,199
CATGTCGGAGAAAAGCGTGG_004,197
CATGTCGGAGAAAAGCGTGG_005,179
CATGTCGGAGAAAAGCGTGG_006,163
GAAAATACATGGTTGTGTGC_001,176
GAAAATACATGGTTGTGTGC_002,37
GAAAATACATGGTTGTGTGC_003,96
GAAAATACATGGTTGTGTGC_004,137
GAAAATACATGGTTGTGTGC_005,6
GAAAATACATGGTTGTGTGC_006,174
GAAAATACATGGTTGTGTGC_007,88
GAAAATACATGGTTGTGTGC_008,52
GAAAATACATGGTTGTGTGC_009,7
GAAAATACATGGTTGTGTGC_010,11
CTCACCTGTAAACTCCCACG_001,150
CTCACCTGTAAACTCCCACG_002,48
CTCACCTGTAAACTCCCACG_003,56
CTCACCTGTAAACTCCCACG_004,140
CTCACCTGTAAACTCCCACG_005,60
CTCACCTGTAAACTCCCACG_006,175
CTCACCTGTAAACTCCCACG_007,137
CTCACCTGTAAACTCCCACG_008,2
CTCACCTGTAAACTCCCACG_009,125
CTCACCTGTAAACTCCCACG_010,115
CTCACCTGTAAACTCCCACG_011,11
CGGTTCTCACCTCTCAACCT_001,107
CGGTTCTCACCTCTCAACCT_002,15
CGGTTCTCACCTCTCAACCT_003,176
CGGTTCTCACCTCTCAACCT_004,15
CGGTTCTCACCTCTCAACCT_005,53
CGGTTCTCACCTCTCAACCT_006,104
CGGTTCTCACCTCTCAACCT_007,139
CGGTTCTCACCTCTCAACCT_008,21
CGGTTCTCACCTCTCAACCT_009,20
CGGTTCTCACCTCTCAACCT_010,120
CGGTTCTCACCTCTCAACCT_011,182
CGGTTCTCACCTCTCAACCT_012,25
TAAAGCCAAGCAAAGTATCA_001,38
TAAAGCCAAGCAAAGTATCA_002,1
ACTACTTGACCTTGAATGCT_001,158
ACTACTTGACCTTGAATGCT_002,176
ACTACTTGACCTTGAATGCT_003,32
ACTACTTGACCTTGAATGCT_004,61
ACTACTTGACCTTGAATGCT_005,65
AACAGGACCCTAATCATCCA_001,192
AACAGGACCCTAATCATCCA_002,127
AACAGGACCCTAATCATCCA_003,144
AACAGGACCCTAATCATCCA_004,115
AACAGGACCCTAATCATCCA_005,162
AACAGGACCCTAATCATCCA_006,163
AACAGGACCCTAATCATCCA_007,176
AACAGGACCCTAATCATCCA_008,98
AACAGGACCCTAATCATCCA_009,40
AACAGGACCCTAATCATCCA_010,180
AAGATGAACGAGCCCGTGAG_001,184
AAGATGAACGAGCCCGTGAG_002,127
AAGATGAACGAGCCCGTGAG_003,133
AAGATGAACGAGCCCGTGAG_004,169
AAGATGAACGAGCCCGTGAG_005,198
AAGATGAACGAGCCCGTGAG_006,52
AAGATGAACGAGCCCGTGAG_007,197
AAGATGAACGAGCCCGTGAG_008,150
AAGATGAACGAGCCCGTGAG_009,8
AAGATGAACGAGCCCGTGAG_010,188
AAGATGAACGAGCCCGTGAG_011,177
AAGATGAACGAGCCCGTGAG_012,152
AAGATGAACGAGCCCGTGAG_013,101
AAGATGAACGAGCCCGTGAG_014,168
AAGATGAACGAGCCCGTGAG_015,8
AAGATGAACGAGCCCGTGAG_016,6
AAGATGAACGAGCCCGTGAG_017,36
AAGATGAACGAGCCCGTGAG_018,150
AAGATGAACGAGCCCGTGAG_019,104
AAGATGAACGAGCCCGTGAG_020,95
AAGATGAACGAGCCCGTGAG_021,82
AAGATGAACGAGCCCGTGAG_022,192
AAGATGAACGAGCCCGTGAG_023,195
AAGATGAACGAGCCCGTGAG_024,58
AAGATGAACGAGCCCGTGAG_025,34
AAGATGAACGAGCCCGTGAG_026,81
AAGATGAACGAGCCCGTGAG_027,75
AAGATGAACGAGCCCGTGAG_028,43
AAGATGAACGAGCCCGTGAG_029,127
AAGATGAACGAGCCCGTGAG_030,106
AAGATGAACGAGCCCGTGAG_031,156
AAGATGAACGAGCCCGTGAG_032,121
AAGATGAACGAGCCCGTGAG_033,152
AAGATGAACGAGCCCGTGAG_034,75
AAGATGAACGAGCCCGTGAG_035,80
AAGATGAACGAGCCCGTGAG_036,194
AAGATGAACGAGCCCGTGAG_037,47
AAGATGAACGAGCCCGTGAG_038,47
AAGATGAACGAGCCCGTGAG_039,81
AAGATGAACGAGCCCGTGAG_040,115
AAGATGAACGAGCCCGTGAG_041,198
AAGATGAACGAGCCCGTGAG_042,6
AAGATGAACGAGCCCGTGAG_043,17
AAGATGAACGAGCCCGTGAG_044,160
AAGATGAACGAGCCCGTGAG_045,154
AAGATGAACGAGCCCGTGAG_046,180
AAGATGAACGAGCCCGTGAG_047,56
AAGATGAACGAGCCCGTGAG_048,175
AAGATGAACGAGCCCGTGAG_049,63
AAGATGAACGAGCCCGTGAG_050,149
AAGATGAACGAGCCCGTGAG_051,168
AAGATGAACGAGCCCGTGAG_052,177
CGGTAGTCCACACAGTGATG_001,158
CGGTAGTCCACACAGTGATG_002,17
CGGTAGTCCACACAGTGATG_003,42
CGGTAGTCCACACAGTGATG_004,137
CGGTAGTCCACACAGTGATG_005,36
CGGTAGTCCACACAGTGATG_006,172
CGGTAGTCCACACAGTGATG_007,69
CGGTAGTCCACACAGTGATG_008,101
CGGTAGTCCACACAGTGATG_009,120
CGGTAGTCCACACAGTGATG_010,113
CGGTAGTCCACACAGTGATG_011,191
CGGTAGTCCACACAGTGATG_012,172
CGGTAGTCCACACAGTGATG_013,98
CGGTAGTCCACACAGTGATG_014,140
CGGTAGTCCACACAGTGATG_015,93
CGGTAGTCCACACAGTGATG_016,148
CGGTAGTCCACACAGTGATG_017,72
CGGTAGTCCACACAGTGATG_018,187
CGGTAGTCCACACAGTGATG_019,198
CGGTAGTCCACACAGTGATG_020,166
CGGTAGTCCACACAGTGATG_021,94
CGGTAGTCCACACAGTGATG_022,43
CGGTAGTCCACACAGTGATG_023,152
CGGTAGTCCACACAGTGATG_024,68
GCAATTTGCAACGACAGCGG_001,96
GCAATTTGCAACGACAGCGG_002,122
GCAATTTGCAACGACAGCGG_003,40
GCAATTTGCAACGACAGCGG_004,49
GCAATTTGCAACGACAGCGG_005,49
GCAATTTGCAACGACAGCGG_006,29
GCAATTTGCAACGACAGCGG_007,13
GTCGCGACTCGACCACACGG_001,182
GTCGCGACTCGACCACACGG_002,185
GTCGCGACTCGACCACACGG_003,81
GTCGCGACTCGACCACACGG_004,192
GTCGCGACTCGACCACACGG_005,76
GTCGCGACTCGACCACACGG_006,62
GTCGCGACTCGACCACACGG_007,70
GTCGCGACTCGACCACACGG_008,127
GTCGCGACTCGACCACACGG_009,114
GTCGCGACTCGACCACACGG_010,62
GTCGCGACTCGACCACACGG_011,115
GTCGCGACTCGACCACACGG_012,198
GTCGCGACTCGACCACACGG_013,46
GTCGCGACTCGACCACACGG_014,49
GTCGCGACTCGACCACACGG_015,114
GTCGCGACTCGACCACACGG_016,176
GTCGCGACTCGACCACACGG_017,145
GTCGCGACTCGACCACACGG_018,144
GTCGCGACTCGACCACACGG_019,76
GTCGCGACTCGACCACACGG_020,12
GTCGCGACTCGACCACACGG_021,41
GTCGCGACTCGACCACACGG_022,109
GTCGCGACTCGACCACACGG_023,169
GTCGCGACTCGACCACACGG_024,22
GTCGCGACTCGACCACACGG_025,43
GTCGCGACTCGACCACACGG_026,198
GTCGCGACTCGACCACACGG_027,6
GTCGCGACTCGACCACACGG_028,12
ACGGAACTAGAGACAGCCAT_001,172
ACGGAACTAGAGACAGCCAT_002,48
ACGGAACTAGAGACAGCCAT_003,19
ACGGAACTAGAGACAGCCAT_004,48
ACGGAACTAGAGACAGCCAT_005,72
ACGGAACTAGAGACAGCCAT_006,134
ACGGAACTAGAGACAGCCAT_007,197
ACGGAACTAGAGACAGCCAT_008,61
ACGGAACTAGAGACAGCCAT_009,31
ACGGAACTAGAGACAGCCAT_010,111
ACGGAACTAGAGACAGCCAT_011,68
GCAAGACGACTCCATCGTGG_001,27
GCAAGACGACTCCATCGTGG_002,171
GCAAGACGACTCCATCGTGG_003,14
GCAAGACGACTCCATCGTGG_004,41
GCAAGACGACTCCATCGTGG_005,8
GCAAGACGACTCCATCGTGG_006,13
GCAAGACGACTCCATCGTGG_007,0
GCAAGACGACTCCATCGTGG_008,34
CTGGCTTGCTGTCCACACCA_001,40
CTGGCTTGCTGTCCACACCA_002,48
CTGGCTTGCTGTCCACACCA_003,162
CTGGCTTGCTGTCCACACCA_004,7
CTGGCTTGCTGTCCACACCA_005,157
CTGGCTTGCTGTCCACACCA_006,98
CTGGCTTGCTGTCCACACCA_007,68
CTGGCTTGCTGTCCACACCA_008,101
CTGGCTTGCTGTCCACACCA_009,189
CTGGCTTGCTGTCCACACCA_010,25
CTGGCTTGCTGTCCACACCA_011,154
CTGGCTTGCTGTCCACACCA_012,155
CTGGCTTGCTGTCCACACCA_013,141
CTGGCTTGCTGTCCACACCA_014,179
CTGGCTTGCTGTCCACACCA_015,177
CTGGCTTGCTGTCCACACCA_016,150
CTGGCTTGCTGTCCACACCA_017,96
CTGGCTTGCTGTCCACACCA_018,122
CTGGCTTGCTGTCCACACCA_019,147
CTGGCTTGCTGTCCACACCA_020,143
CTGGCTTGCTGTCCACACCA_021,191
CTGGCTTGCTGTCCACACCA_022,48
CTGGCTTGCTGTCCACACCA_023,56
CTGGCTTGCTGTCCACACCA_024,148
CTGGCTTGCTGTCCACACCA_025,165
CTGGCTTGCTGTCCACACCA_026,67
TGACTGGCTTACCCACACCG_001,146
TGACTGGCTTACCCACACCG_002,9
TGACTGGCTTACCCACACCG_003,194
TGACTGGCTTACCCACACCG_004,32
TGACTGGCTTACCCACACCG_005,2
TGACTGGCTTACCCACACCG_006,45
TGACTGGCTTACCCACACCG_007,29
CGTTATCCAACTGATAGCCA_001,137
CGTTATCCAACTGATAGCCA_002,153
CGTTATCCAACTGATAGCCA_003,38
CGTTATCCAACTGATAGCCA_004,84
CGTTATCCAACTGATAGCCA_005,129
CGTTATCCAACTGATAGCCA_006,112
GTTCAGTCAAGACGTATACA_001,188
GTTCAGTCAAGACGTATACA_002,47
GTTCAGTCAAGACGTATACA_003,113
GTTCAGTCAAGACGTATACA_004,150
GTTCAGTCAAGACGTATACA_005,148
GTTCAGTCAAGACGTATACA_006,56
GTTCAGTCAAGACGTATACA_007,41
GTTCAGTCAAGACGTATACA_008,144
GTTCAGTCAAGACGTATACA_009,181
GTTCAGTCAAGACGTATACA_010,102
GTTCAGTCAAGACGTATACA_011,56
GTTCAGTCAAGACGTATACA_012,81
TCACAGACCATGTCCGCACG_001,141
TCACAGACCATGTCCGCACG_002,27
TCACAGACCATGTCCGCACG_003,82
TCACAGACCATGTCCGCACG_004,141
TCACAGACCATGTCCGCACG_005,82
TCACAGACCATGTCCGCACG_006,55
TCACAGACCATGTCCGCACG_007,151
TCACAGACCATGTCCGCACG_008,12
TCACAGACCATGTCCGCACG_009,129
TCACAGACCATGTCCGCACG_010,136
TCACAGACCATGTCCGCACG_011,69
TCACAGACCATGTCCGCACG_012,176
TCACAGACCATGTCCGCACG_013,13
TCACAGACCATGTCCGCACG_014,28
TCACAGACCATGTCCGCACG_015,126
TCACAGACCATGTCCGCACG_016,100
TCACAGACCATGTCCGCACG_017,27
TCACAGACCATGTCCGCACG_018,22
TCACAGACCATGTCCGCACG_019,13
TCACAGACCATGTCCGCACG_020,133
TGAAGCAGGAAAACGCCCAG_001,94
TGAAGCAGGAAAACGCCCAG_002,23
TGAAGCAGGAAAACGCCCAG_003,62
TGAAGCAGGAAAACGCCCAG_004,14
TGAAGCAGGAAAACGCCCAG_005,87
TGAAGCAGGAAAACGCCCAG_006,93
TGAAGCAGGAAAACGCCCAG_007,120
TGAAGCAGGAAAACGCCCAG_008,117
TGAAGCAGGAAAACGCCCAG_009,78
TGAAGCAGGAAAACGCCCAG_010,149
TGAAGCAGGAAAACGCCCAG_011,175
TGAAGCAGGAAAACGCCCAG_012,184
TGAAGCAGGAAAACGCCCAG_013,199
TGAAGCAGGAAAACGCCCAG_014,4
TGAAGCAGGAAAACGCCCAG_015,91
TGAAGCAGGAAAACGCCCAG_016,178
TTCATAAGCTCCGTGTTCTG_001,8
TTCATAAGCTCCGTGTTCTG_002,35
TTCATAAGCTCCGTGTTCTG_003,97
TTCATAAGCTCCGTGTTCTG_004,97
GCACTCGGAGTAATTCACGC_001,24
GCACTCGGAGTAATTCACGC_002,23
GCACTCGGAGTAATTCACGC_003,194
GCACTCGGAGTAATTCACGC_004,32
GCACTCGGAGTAATTCACGC_005,199
GCACTCGGAGTAATTCACGC_006,14
GCACTCGGAGTAATTCACGC_007,142
GCACTCGGAGTAATTCACGC_008,48
GCACTCGGAGTAATTCACGC_009,103
GGGGGTAGCAGACAAACCTG_001,72
GGGGGTAGCAGACAAACCTG_002,69
GGGGGTAGCAGACAAACCTG_003,150
GGGGGTAGCAGACAAACCTG_004,148
GGGGGTAGCAGACAAACCTG_005,58
GGGGGTAGCAGACAAACCTG_006,175
GGGGGTAGCAGACAAACCTG_007,115
GGGGGTAGCAGACAAACCTG_008,186
GGGGGTAGCAGACAAACCTG_009,176
GGGGGTAGCAGACAAACCTG_010,127
GGGGGTAGCAGACAAACCTG_011,51
GGGGGTAGCAGACAAACCTG_012,140
GGGGGTAGCAGACAAACCTG_013,70
GGGGGTAGCAGACAAACCTG_014,13
GGGGGTAGCAGACAAACCTG_015,139
GGGGGTAGCAGACAAACCTG_016,111
GACCTTACTCCCAACTACCG_001,30
GACCTTACTCCCAACTACCG_002,19
GACCTTACTCCCAACTACCG_003,136
GACCTTACTCCCAACTACCG_004,176
GACCTTACTCCCAACTACCG_005,35
GACCTTACTCCCAACTACCG_006,128
GACCTTACTCCCAACTACCG_007,66
GACCTTACTCCCAACTACCG_008,84
GACCTTACTCCCAACTACCG_009,113
GACCTTACTCCCAACTACCG_010,94
GACCTTACTCCCAACTACCG_011,161
GACCTTACTCCCAACTACCG_012,48
GGGTGCGATAAAAACATGAG_001,145
GGGTGCGATAAAAACATGAG_002,165
GGGTGCGATAAAAACATGAG_003,127
GGGTGCGATAAAAACATGAG_004,115
GGGTGCGATAAAAACATGAG_005,32
AACTATAAGGAGTTACTAGG_001,104
AACTATAAGGAGTTACTAGG_002,112
AACTATAAGGAGTTACTAGG_003,101
AACTATAAGGAGTTACTAGG_004,199
AACTATAAGGAGTTACTAGG_005,147
AACTATAAGGAGTTACTAGG_006,97
GCTTTGACCAAAGCGCTGGT_001,50
GCTTTGACCAAAGCGCTGGT_002,96
GCTTTGACCAAAGCGCTGGT_003,105
GCTTTGACCAAAGCGCTGGT_004,130
GCTTTGACCAAAGCGCTGGT_005,117
GCTTTGACCAAAGCGCTGGT_006,76
GCTTTGACCAAAGCGCTGGT_007,72
GCTTTGACCAAAGCGCTGGT_008,112
GCTTTGACCAAAGCGCTGGT_009,48
GCTTTGACCAAAGCGCTGGT_010,13
GCTTTGACCAAAGCGCTGGT_011,163
GCTTTGACCAAAGCGCTGGT_012,131
GCTTTGACCAAAGCGCTGGT_013,50
GCTTTGACCAAAGCGCTGGT_014,184
GCTTTGACCAAAGCGCTGGT_015,55
GCTTTGACCAAAGCGCTGGT_016,61
GCTTTGACCAAAGCGCTGGT_017,127
GCTTTGACCAAAGCGCTGGT_018,170
CTGCTATGCAGTTGAAAACG_001,28
CTGCTATGCAGTTGAAAACG_002,40
CTGCTATGCAGTTGAAAACG_003,104
CTGCTATGCAGTTGAAAACG_004,74
GGCGGTAGCGGCCTGACACG_001,127
GGCGGTAGCGGCCTGACACG_002,50
GGCGGTAGCGGCCTGACACG_003,104
GGCGGTAGCGGCCTGACACG_004,12
GGCGGTAGCGGCCTGACACG_005,161
GGCGGTAGCGGCCTGACACG_006,43
GGCGGTAGCGGCCTGACACG_007,8
GGCGGTAGCGGCCTGACACG_008,112
GGCGGTAGCGGCCTGACACG_009,188
GGCGGTAGCGGCCTGACACG_010,126
GGCGGTAGCGGCCTGACACG_011,120
GGCGGTAGCGGCCTGACACG_012,72
GGCGGTAGCGGCCTGACACG_013,177
GGCGGTAGCGGCCTGACACG_014,102
GGCGGTAGCGGCCTGACACG_015,2
GGCGGTAGCGGCCTGACACG_016,30
GGCGGTAGCGGCCTGACACG_017,81
GGCGGTAGCGGCCTGACACG_018,118
GGCGGTAGCGGCCTGACACG_019,167
GGCGGTAGCGGCCTGACACG_020,167
GGCGGTAGCGGCCTGACACG_021,72
TTGGTTTATTAACCCATGTG_001,172
CTATAGTGAGTGCTACCTGC_001,149
CTATAGTGAGTGCTACCTGC_002,153
CTATAGTGAGTGCTACCTGC_003,76
CTATAGTGAGTGCTACCTGC_004,126
CTATAGTGAGTGCTACCTGC_005,81
CTATAGTGAGTGCTACCTGC_006,103
CTATAGTGAGTGCTACCTGC_007,27
CTATAGTGAGTGCTACCTGC_008,160
CTATAGTGAGTGCTACCTGC_009,7
CTATAGTGAGTGCTACCTGC_010,103
CTATAGTGAGTGCTACCTGC_011,144
CTATAGTGAGTGCTACCTGC_012,50
CTATAGTGAGTGCTACCTGC_013,140
CTATAGTGAGTGCTACCTGC_014,25
CTATAGTGAGTGCTACCTGC_015,149
CTATAGTGAGTGCTACCTGC_016,9
CTATAGTGAGTGCTACCTGC_017,100
CTATAGTGAGTGCTACCTGC_018,178
CTATAGTGAGTGCTACCTGC_019,53
CTATAGTGAGTGCTACCTGC_020,127
CTATAGTGAGTGCTACCTGC_021,188
CTATAGTGAGTGCTACCTGC_022,31
CTATAGTGAGTGCTACCTGC_023,36
CTATAGTGAGTGCTACCTGC_024,104
CTATAGTGAGTGCTACCTGC_025,43
CTATAGTGAGTGCTACCTGC_026,105
CATTGACCCACTAGACATAG_001,110
CATTGACCCACTAGACATAG_002,176
CATTGACCCACTAGACATAG_003,2
CATTGACCCACTAGACATAG_004,90
CTACCACTACCGGAAACGCG_001,44
CTACCACTACCGGAAACGCG_002,62
CTACCACTACCGGAAACGCG_003,70
CTACCACTACCGGAAACGCG_004,156
CTACCACTACCGGAAACGCG_005,53
CTACCACTACCGGAAACGCG_006,3
GCAGCTTCTTCTCCGCACGG_001,32
ACATAATAGGGAGTATAGCA_001,3
ACATAATAGGGAGTATAGCA_002,126
AGGAATGCAGAATGACGCCA_001,149
AGGAATGCAGAATGACGCCA_002,159
AGGAATGCAGAATGACGCCA_003,185
AGGAATGCAGAATGACGCCA_004,198
AGGAATGCAGAATGACGCCA_005,108
AGGAATGCAGAATGACGCCA_006,80
AGGAATGCAGAATGACGCCA_007,176
AGGAATGCAGAATGACGCCA_008,14
AGGAATGCAGAATGACGCCA_009,50
AGGAATGCAGAATGACGCCA_010,127
AGGAATGCAGAATGACGCCA_011,21
AGGAATGCAGAATGACGCCA_012,112
AGGAATGCAGAATGACGCCA_013,67
AGGAATGCAGAATGACGCCA_014,53
AGGAATGCAGAATGACGCCA_015,81
AGGAATGCAGAATGACGCCA_016,170
AGGAATGCAGAATGACGCCA_017,62
AGGAATGCAGAATGACGCCA_018,17
AGGAATGCAGAATGACGCCA_019,161
AGGAATGCAGAATGACGCCA_020,171
AGGAATGCAGAATGACGCCA_021,16
AGGAATGCAGAATGACGCCA_022,148
AGGAATGCAGAATGACGCCA_023,149
AGGAATGCAGAATGACGCCA_024,78
AGGAATGCAGAATGACGCCA_025,140
GTCTGTGACTTGACCCTCGG_001,120
GTCTGTGACTTGACCCTCGG_002,129
GTCTGTGACTTGACCCTCGG_003,115
GTCTGTGACTTGACCCTCGG_004,75
GTCTGTGACTTGACCCTCGG_005,19
GTCTGTGACTTGACCCTCGG_006,64
GTCTGTGACTTGACCCTCGG_007,177
GTCTGTGACTTGACCCTCGG_008,147
GTCTGTGACTTGACCCTCGG_009,102
GTCTGTGACTTGACCCTCGG_010,77
GTCTGTGACTTGACCCTCGG_011,49
GTCTGTGACTTGACCCTCGG_012,99
GTCTGTGACTTGACCCTCGG_013,94
TGCTGACCGCGATACCCAGG_001,163
TGCTGACCGCGATACCCAGG_002,107
TGCTGACCGCGATACCCAGG_003,58
TGCTGACCGCGATACCCAGG_004,119
CGATACAGGTCAGTTCGGTG_001,81
CGATACAGGTCAGTTCGGTG_002,56
CGATACAGGTCAGTTCGGTG_003,29
CGATACAGGTCAGTTCGGTG_004,152
CGATACAGGTCAGTTCGGTG_005,68
CGATACAGGTCAGTTCGGTG_006,125
CGATACAGGTCAGTTCGGTG_007,197
CGATACAGGTCAGTTCGGTG_008,101
CGATACAGGTCAGTTCGGTG_009,127
CGATACAGGTCAGTTCGGTG_010,5
CGATACAGGTCAGTTCGGTG_011,26
CGATACAGGTCAGTTCGGTG_012,103
CGATACAGGTCAGTTCGGTG_013,137
CGATACAGGTCAGTTCGGTG_014,28
CGATACAGGTCAGTTCGGTG_015,6
GTTGCTTGATTTCACGACAG_001,76
GTTGCTTGATTTCACGACAG_002,168
GTTGCTTGATTTCACGACAG_003,148
GTTGCTTGATTTCACGACAG_004,150
GTTGCTTGATTTCACGACAG_005,96
GTTGCTTGATTTCACGACAG_006,156
GTTGCTTGATTTCACGACAG_007,9
GTTGCTTGATTTCACGACAG_008,150
GTTGCTTGATTTCACGACAG_009,137
GTTGCTTGATTTCACGACAG_010,121
GTTGCTTGATTTCACGACAG_011,186
GGAGCGTGGAGTCGTCACTT_001,147
GGAGCGTGGAGTCGTCACTT_002,137
GGAGCGTGGAGTCGTCACTT_003,154
GGAGCGTGGAGTCGTCACTT_004,199
GGAGCGTGGAGTCGTCACTT_005,48
GGAGCGTGGAGTCGTCACTT_006,198
GGAGCGTGGAGTCGTCACTT_007,62
GGAGCGTGGAGTCGTCACTT_008,185
GGAGCGTGGAGTCGTCACTT_009,192
GGAGCGTGGAGTCGTCACTT_010,108
GGAGCGTGGAGTCGTCACTT_011,8
GGAGCGTGGAGTCGTCACTT_012,183
GGAGCGTGGAGTCGTCACTT_013,163
GGAGCGTGGAGTCGTCACTT_014,162
GGAGCGTGGAGTCGTCACTT_015,157
GGAGCGTGGAGTCGTCACTT_016,127
CTACAGAAGAACCTTCTGTG_001,193
CTACAGAAGAACCTTCTGTG_002,18
CTACAGAAGAACCTTCTGTG_003,115
CTACAGAAGAACCTTCTGTG_004,58
CTACAGAAGAACCTTCTGTG_005,88
CTACAGAAGAACCTTCTGTG_006,190
CTACAGAAGAACCTTCTGTG_007,32
CTACAGAAGAACCTTCTGTG_008,169
CTACAGAAGAACCTTCTGTG_009,172
CTACAGAAGAACCTTCTGTG_010,191
CTACAGAAGAACCTTCTGTG_011,78
CTACAGAAGAACCTTCTGTG_012,29
CTACAGAAGAACCTTCTGTG_013,60
GGACACTGACATGAACAAGA_001,36
TCATTACTTGCAGGACCAGG_001,1
TCATTACTTGCAGGACCAGG_002,150
TCATTACTTGCAGGACCAGG_003,172
TCATTACTTGCAGGACCAGG_004,184
TCATTACTTGCAGGACCAGG_005,76
TCATTACTTGCAGGACCAGG_006,137
GAGGGATGTCTGTAGAGAAA_001,117
TGTGACCAGAAGTATCAAGG_001,63
TGTGACCAGAAGTATCAAGG_002,168
TGTGACCAGAAGTATCAAGG_003,22
TGTGACCAGAAGTATCAAGG_004,114
TGTGACCAGAAGTATCAAGG_005,41
TACTGCGCTAGTCCCACCCG_001,83
TACTGCGCTAGTCCCACCCG_002,103
TACTGCGCTAGTCCCACCCG_003,1
TACTGCGCTAGTCCCACCCG_004,57
TACTGCGCTAGTCCCACCCG_005,134
TACTGCGCTAGTCCCACCCG_006,170
TACTGCGCTAGTCCCACCCG_007,15
TACTGCGCTAGTCCCACCCG_008,178
TACTGCGCTAGTCCCACCCG_009,6
TACTGCGCTAGTCCCACCCG_010,148
TACTGCGCTAGTCCCACCCG_011,13
TACTGCGCTAGTCCCACCCG_012,51
TACTGCGCTAGTCCCACCCG_013,196
TACTGCGCTAGTCCCACCCG_014,150
TACTGCGCTAGTCCCACCCG_015,94
TACTGCGCTAGTCCCACCCG_016,91
CTCTACGGGACAACCCACTG_001,116
CTCTACGGGACAACCCACTG_002,182
CTCTACGGGACAACCCACTG_003,82
CTCTACGGGACAACCCACTG_004,182
CTCTACGGGACAACCCACTG_005,8
CTCTACGGGACAACCCACTG_006,194
CTCTACGGGACAACCCACTG_007,127
CTCTACGGGACAACCCACTG_008,80
CTCTACGGGACAACCCACTG_009,50
CTCTACGGGACAACCCACTG_010,16
CTCTACGGGACAACCCACTG_011,150
CTCTACGGGACAACCCACTG_012,116
CTCTACGGGACAACCCACTG_013,75
CTCTACGGGACAACCCACTG_014,158
CTCTACGGGACAACCCACTG_015,153
CTCTACGGGACAACCCACTG_016,79
CTCTACGGGACAACCCACTG_017,144
CTCTACGGGACAACCCACTG_018,41
CTCTACGGGACAACCCACTG_019,111
CTCTACGGGACAACCCACTG_020,177
CTCTACGGGACAACCCACTG_021,68
CTCTACGGGACAACCCACTG_022,148
CTCTACGGGACAACCCACTG_023,148
CTCTACGGGACAACCCACTG_024,11
CTCTACGGGACAACCCACTG_025,39
CTCTACGGGACAACCCACTG_026,115
CTCTACGGGACAACCCACTG_027,145
CTCTACGGGACAACCCACTG_028,168
CTGATAATAGAAATTGCAAG_001,36
CTGATAATAGAAATTGCAAG_002,116
CTGATAATAGAAATTGCAAG_003,169
CTGATAATAGAAATTGCAAG_004,172
GCCTACCCAAGCACCAGTCG_001,122
GCCTACCCAAGCACCAGTCG_002,182
GCCTACCCAAGCACCAGTCG_003,12
GCCTACCCAAGCACCAGTCG_004,77
GCCTACCCAAGCACCAGTCG_005,26
GCCTACCCAAGCACCAGTCG_006,112
GCCTACCCAAGCACCAGTCG_007,30
GCCTACCCAAGCACCAGTCG_008,155
GCCTACCCAAGCACCAGTCG_009,19
TAAGATGGCGGGTCGCTCTG_001,19
TAAGATGGCGGGTCGCTCTG_002,183
TAAGATGGCGGGTCGCTCTG_003,98
TAAGATGGCGGGTCGCTCTG_004,164
TAAGATGGCGGGTCGCTCTG_005,113
TAAGATGGCGGGTCGCTCTG_006,90
TAAGATGGCGGGTCGCTCTG_007,19
TAAGATGGCGGGTCGCTCTG_008,137
TAAGATGGCGGGTCGCTCTG_009,7
TAAGATGGCGGGTCGCTCTG_010,2
TAAGATGGCGGGTCGCTCTG_011,57
TAAGATGGCGGGTCGCTCTG_012,72
TAAGATGGCGGGTCGCTCTG_013,124
TAAGATGGCGGGTCGCTCTG_014,152
TAAGATGGCGGGTCGCTCTG_015,27
TAAGATGGCGGGTCGCTCTG_016,197
TAAGATGGCGGGTCGCTCTG_017,3
TAAGATGGCGGGTCGCTCTG_018,104
TAAGATGGCGGGTCGCTCTG_019,31
TTATTGGCTAGTGATAAATG_001,45
TTATTGGCTAGTGATAAATG_002,198
TTATTGGCTAGTGATAAATG_003,179
GGCCGTAATGAACCCCACTG_001,43
GGCCGTAATGAACCCCACTG_002,47
GGCCGTAATGAACCCCACTG_003,94
GGCCGTAATGAACCCCACTG_004,198
GGCCGTAATGAACCCCACTG_005,184
GGCCGTAATGAACCCCACTG_006,145
GGCCGTAATGAACCCCACTG_007,195
GGCCGTAATGAACCCCACTG_008,160
GGCCGTAATGAACCCCACTG_009,94
GGCCGTAATGAACCCCACTG_010,30
GGCCGTAATGAACCCCACTG_011,158
GGCCGTAATGAACCCCACTG_012,140
GGCCGTAATGAACCCCACTG_013,113
GGCCGTAATGAACCCCACTG_014,162
GGCCGTAATGAACCCCACTG_015,50
GGCCGTAATGAACCCCACTG_016,164
GGCCGTAATGAACCCCACTG_017,19
GGCCGTAATGAACCCCACTG_018,20
GGCCGTAATGAACCCCACTG_019,92
GGCCGTAATGAACCCCACTG_020,194
GGCCGTAATGAACCCCACTG_021,65
GGCCGTAATGAACCCCACTG_022,189
GGCCGTAATGAACCCCACTG_023,10
GGCCGTAATGAACCCCACTG_024,39
GGCCGTAATGAACCCCACTG_025,6
GGCCGTAATGAACCCCACTG_026,16
GGTTACCATGAGACAGACAT_001,152
GGTTACCATGAGACAGACAT_002,141
GGTTACCATGAGACAGACAT_003,9
GGTTACCATGAGACAGACAT_004,132
CCTCCCCAGAGACCTCAACA_001,81
CCTCCCCAGAGACCTCAACA_002,175
CCTCCCCAGAGACCTCAACA_003,29
CCTCCCCAGAGACCTCAACA_004,33
CCTCCCCAGAGACCTCAACA_005,78
CCTCCCCAGAGACCTCAACA_006,113
CCTCCCCAGAGACCTCAACA_007,54
CCTCCCCAGAGACCTCAACA_008,107
CCTCCCCAGAGACCTCAACA_009,199
CCTCCCCAGAGACCTCAACA_010,48
CTATCCGGGAGTCTGAAATG_001,194
CTATCCGGGAGTCTGAAATG_002,192
CTATCCGGGAGTCTGAAATG_003,2
CTATCCGGGAGTCTGAAATG_004,94
CTATCCGGGAGTCTGAAATG_005,136
AATTGATGGCAACCGCAGGG_001,60
AATTGATGGCAACCGCAGGG_002,88
AATTGATGGCAACCGCAGGG_003,163
AATTGATGGCAACCGCAGGG_004,29
AATTGATGGCAACCGCAGGG_005,76
AATTGATGGCAACCGCAGGG_006,113
AATTGATGGCAACCGCAGGG_007,21
AATTGATGGCAACCGCAGGG_008,85
AATTGATGGCAACCGCAGGG_009,67
AATTGATGGCAACCGCAGGG_010,98
AATTGATGGCAACCGCAGGG_011,54
AATTGATGGCAACCGCAGGG_012,139
AATTGATGGCAACCGCAGGG_013,112
AATTGATGGCAACCGCAGGG_014,33
AATTGATGGCAACCGCAGGG_015,147
AATTGATGGCAACCGCAGGG_016,19
AATTGATGGCAACCGCAGGG_017,174
AATTGATGGCAACCGCAGGG_018,68
AATTGATGGCAACCGCAGGG_019,22
AATTGATGGCAACCGCAGGG_020,91
AATTGATGGCAACCGCAGGG_021,157
AATTGATGGCAACCGCAGGG_022,82
AATTGATGGCAACCGCAGGG_023,0
CTGGCCTATGACATAGCAGT_001,143
CTGGCCTATGACATAGCAGT_002,182
GCATCCAGGAGTGTTACGAC_001,69
GCATCCAGGAGTGTTACGAC_002,13
GCATCCAGGAGTGTTACGAC_003,142
ATCGCTCACAAGTATTTCAT_001,190
ATCGCTCACAAGTATTTCAT_002,43
ATCGCTCACAAGTATTTCAT_003,51
ATCGCTCACAAGTATTTCAT_004,178
ATCGCTCACAAGTATTTCAT_005,111
ATCGCTCACAAGTATTTCAT_006,191
ATCGCTCACAAGTATTTCAT_007,140
ATCGCTCACAAGTATTTCAT_008,135
ATCGCTCACAAGTATTTCAT_009,144
ATCGCTCACAAGTATTTCAT_010,9
ATCGCTCACAAGTATTTCAT_011,43
AGACACGGTCACATTCGGGG_001,183
AGACACGGTCACATTCGGGG_002,187
AGACACGGTCACATTCGGGG_003,183
AGACACGGTCACATTCGGGG_004,83
AGACACGGTCACATTCGGGG_005,4
AGACACGGTCACATTCGGGG_006,175
AGACACGGTCACATTCGGGG_007,169
AGACACGGTCACATTCGGGG_008,169
AGACACGGTCACATTCGGGG_009,149
TGGACATATTGACTCTTATG_001,150
TGGACATATTGACTCTTATG_002,26
GCGGTCGTTCAGGAACTGCA_001,160
GCGGTCGTTCAGGAACTGCA_002,0
GGCTAGAAGAAACAGACCGG_001,17
GGCTAGAAGAAACAGACCGG_002,181
GGCTAGAAGAAACAGACCGG_003,9
GGCTAGAAGAAACAGACCGG_004,64
GGCTAGAAGAAACAGACCGG_005,29
GGCTAGAAGAAACAGACCGG_006,2
GGCTAGAAGAAACAGACCGG_007,53
GGCTAGAAGAAACAGACCGG_008,76
GGCTAGAAGAAACAGACCGG_009,177
GGCTAGAAGAAACAGACCGG_010,15
TCCCCGCCAACCTCTGAGAG_001,76
TCCCCGCCAACCTCTGAGAG_002,91
TCCCCGCCAACCTCTGAGAG_003,162
CTGGAGAATCAAAACCGTGA_001,70
CTGGAGAATCAAAACCGTGA_002,197
CTGGAGAATCAAAACCGTGA_003,155
CTGGAGAATCAAAACCGTGA_004,174
TCTTGCCGTGGAACCAACTG_001,175
TCTTGCCGTGGAACCAACTG_002,183
TCTTGCCGTGGAACCAACTG_003,56
TCTTGCCGTGGAACCAACTG_004,168
TCTTGCCGTGGAACCAACTG_005,56
TCTTGCCGTGGAACCAACTG_006,36
TCTTGCCGTGGAACCAACTG_007,160
TCTTGCCGTGGAACCAACTG_008,19
TCTTGCCGTGGAACCAACTG_009,34
TCTTGCCGTGGAACCAACTG_010,169
TCTTGCCGTGGAACCAACTG_011,42
TCTTGCCGTGGAACCAACTG_012,124
GGCGCCGGACCTTCCCGCTG_001,105
GGCGCCGGACCTTCCCGCTG_002,199
GAGTTTGAGTTTCGACCGGA_001,104
GAGTTTGAGTTTCGACCGGA_002,55
GAGTTTGAGTTTCGACCGGA_003,35
GAGTTTGAGTTTCGACCGGA_004,175
GAGTTTGAGTTTCGACCGGA_005,36
GAGTTTGAGTTTCGACCGGA_006,169
GAGTTTGAGTTTCGACCGGA_007,19
GAGTTTGAGTTTCGACCGGA_008,80
GAGTTTGAGTTTCGACCGGA_009,151
GGCGGAGGCTCGGATAGCGG_001,156
GGCGGAGGCTCGGATAGCGG_002,144
GGCGGAGGCTCGGATAGCGG_003,149
GGCGGAGGCTCGGATAGCGG_004,15
GGCGGAGGCTCGGATAGCGG_005,15
GGCGGAGGCTCGGATAGCGG_006,129
ACGTCCAGCGCAAGCCCGCG_001,15
ACGTCCAGCGCAAGCCCGCG_002,115
ACGTCCAGCGCAAGCCCGCG_003,146
ACGTCCAGCGCAAGCCCGCG_004,82
ACGTCCAGCGCAAGCCCGCG_005,146
ACGTCCAGCGCAAGCCCGCG_006,107
ACGTCCAGCGCAAGCCCGCG_007,182
ACGTCCAGCGCAAGCCCGCG_008,98
ACGTCCAGCGCAAGCCCGCG_009,122
ACGTCCAGCGCAAGCCCGCG_010,43
ACGTCCAGCGCAAGCCCGCG_011,23
ATTGCTGGTATAGTACAGAT_001,97
ATTGCTGGTATAGTACAGAT_002,157
ATTGCTGGTATAGTACAGAT_003,49
ATTGCTGGTATAGTACAGAT_004,98
AGCTATCTAGAACAACTCAA_001,2
AGCTATCTAGAACAACTCAA_002,58
AGCTATCTAGAACAACTCAA_003,85
AGCTATCTAGAACAACTCAA_004,171
AGCTATCTAGAACAACTCAA_005,158
AGCTATCTAGAACAACTCAA_006,187
AGCTATCTAGAACAACTCAA_007,150
AGCTATCTAGAACAACTCAA_008,77
AGCTATCTAGAACAACTCAA_009,11
AGCTATCTAGAACAACTCAA_010,60
AGCTATCTAGAACAACTCAA_011,44
AGCTATCTAGAACAACTCAA_012,78
TGATGAAGAATTGGAATGTG_001,176
TGATGAAGAATTGGAATGTG_002,157
TGATGAAGAATTGGAATGTG_003,102
TGATGAAGAATTGGAATGTG_004,12
TGATGAAGAATTGGAATGTG_005,180
TGATGAAGAATTGGAATGTG_006,77
TGATGAAGAATTGGAATGTG_007,168
TGATGAAGAATTGGAATGTG_008,105
TGATGAAGAATTGGAATGTG_009,63
TGATGAAGAATTGGAATGTG_010,36
TGATGAAGAATTGGAATGTG_011,106
TGATGAAGAATTGGAATGTG_012,104
TGATGAAGAATTGGAATGTG_013,55
TGATGAAGAATTGGAATGTG_014,104
GATGTGCGCCCATTGTAACC_001,150
GATGTGCGCCCATTGTAACC_002,69
GATGTGCGCCCATTGTAACC_003,109
GATGTGCGCCCATTGTAACC_004,149
GATGTGCGCCCATTGTAACC_005,28
GATGTGCGCCCATTGTAACC_006,148
GATGTGCGCCCATTGTAACC_007,182
GATGTGCGCCCATTGTAACC_008,160
GATGTGCGCCCATTGTAACC_009,6
GATGTGCGCCCATTGTAACC_010,142
GATGTGCGCCCATTGTAACC_011,43
GATGTGCGCCCATTGTAACC_012,147
GATGTGCGCCCATTGTAACC_013,17
ATTAGTGCGGAAAGTTGCCG_001,60
ATTAGTGCGGAAAGTTGCCG_002,60
ATTAGTGCGGAAAGTTGCCG_003,63
ATTAGTGCGGAAAGTTGCCG_004,88
ATTAGTGCGGAAAGTTGCCG_005,176
ATTAGTGCGGAAAGTTGCCG_006,159
ATTAGTGCGGAAAGTTGCCG_007,159
ATTAGTGCGGAAAGTTGCCG_008,48
ATTAGTGCGGAAAGTTGCCG_009,22
ATTAGTGCGGAAAGTTGCCG_010,126
ATTAGTGCGGAAAGTTGCCG_011,15
ATTAGTGCGGAAAGTTGCCG_012,36
ATTAGTGCGGAAAGTTGCCG_013,103
ATTAGTGCGGAAAGTTGCCG_014,10
ATTAGTGCGGAAAGTTGCCG_015,77
ATTAGTGCGGAAAGTTGCCG_016,161
ATTAGTGCGGAAAGTTGCCG_017,4
ATTAGTGCGGAAAGTTGCCG_018,74
ATTAGTGCGGAAAGTTGCCG_019,171
ATAACTGACATCCTTCAATG_001,122
ATAACTGACATCCTTCAATG_002,199
ATAACTGACATCCTTCAATG_003,182
ATAACTGACATCCTTCAATG_004,96
GACCTTTCGTCAATGTGATG_001,144
GACCTTTCGTCAATGTGATG_002,84
GACCTTTCGTCAATGTGATG_003,174
GACCTTTCGTCAATGTGATG_004,177
GACCTTTCGTCAATGTGATG_005,162
GACCTTTCGTCAATGTGATG_006,192
GACCTTTCGTCAATGTGATG_007,104
GACCTTTCGTCAATGTGATG_008,46
GACCTTTCGTCAATGTGATG_009,39
GACCTTTCGTCAATGTGATG_010,3
GACCTTTCGTCAATGTGATG_011,123
GACCTTTCGTCAATGTGATG_012,86
CAAAGAAAGTTCGTAAACCC_001,66
CAGAGCCTTGCGCAATTTTG_001,19
CAGAGCCTTGCGCAATTTTG_002,2
CAGAGCCTTGCGCAATTTTG_003,19
CAGAGCCTTGCGCAATTTTG_004,117
CAGAGCCTTGCGCAATTTTG_005,116
CAGAGCCTTGCGCAATTTTG_006,60
GCTGTGTCACTCATGGACCC_001,73
TCTACCTGCTGATATCACGG_001,28
TCTACCTGCTGATATCACGG_002,58
TCTACCTGCTGATATCACGG_003,34
CCTGTGATGACGATGTCCAG_001,154
CCTGTGATGACGATGTCCAG_002,107
CCTGTGATGACGATGTCCAG_003,12
CCTGTGATGACGATGTCCAG_004,149
GCACGCCGAAGTGCGTCTTG_001,71
GCACGCCGAAGTGCGTCTTG_002,24
GCACGCCGAAGTGCGTCTTG_003,62
GCACGCCGAAGTGCGTCTTG_004,40
GCACGCCGAAGTGCGTCTTG_005,61
GCACGCCGAAGTGCGTCTTG_006,82
GCACGCCGAAGTGCGTCTTG_007,72
AGCCGAGAGTCTCTTCACCT_001,81
AGCCGAGAGTCTCTTCACCT_002,29
AGCCGAGAGTCTCTTCACCT_003,48
AGCCGAGAGTCTCTTCACCT_004,38
AGCCGAGAGTCTCTTCACCT_005,173
AGCCGAGAGTCTCTTCACCT_006,101
AGCCGAGAGTCTCTTCACCT_007,97
TGTCACTCTCTCCACCGAAG_001,98
GGGTGTCTTAACACTACTGG_001,54
GGGTGTCTTAACACTACTGG_002,77
GGGTGTCTTAACACTACTGG_003,17
GGGTGTCTTAACACTACTGG_004,150
CCAGAATGTCCCTCTTCCAG_001,158
CCAGAATGTCCCTCTTCCAG_002,178
CCAGAATGTCCCTCTTCCAG_003,22
TCATTGCGATCAAACCAGAT_001,48
TCATTGCGATCAAACCAGAT_002,52
TCATTGCGATCAAACCAGAT_003,40
TCATTGCGATCAAACCAGAT_004,78
TCATTGCGATCAAACCAGAT_005,25
TCATTGCGATCAAACCAGAT_006,181
TCATTGCGATCAAACCAGAT_007,62
TCATTGCGATCAAACCAGAT_008,168
TCATTGCGATCAAACCAGAT_009,91
TCATTGCGATCAAACCAGAT_010,33
AGTCCTGCTAAAGAAACCAG_001,58
AGTCCTGCTAAAGAAACCAG_002,119
AGTCCTGCTAAAGAAACCAG_003,124
AGTCCTGCTAAAGAAACCAG_004,184
TGCCAGTATACCTAGCGACG_001,16
TGCCAGTATACCTAGCGACG_002,58
GCAGCCGCTTCCAACCTCTC_001,186
GCAGCCGCTTCCAACCTCTC_002,131
GCAGCCGCTTCCAACCTCTC_003,19
GCAGCCGCTTCCAACCTCTC_004,137
GCAGCCGCTTCCAACCTCTC_005,105
AGCACCATAGTGAAAGAGCG_001,176
AGCACCATAGTGAAAGAGCG_002,73
AGCACCATAGTGAAAGAGCG_003,160
AGCACCATAGTGAAAGAGCG_004,194
AGCACCATAGTGAAAGAGCG_005,71
AGCACCATAGTGAAAGAGCG_006,165
AGCACCATAGTGAAAGAGCG_007,165
AGCACCATAGTGAAAGAGCG_008,18
CATCAAATAGTACACATGGG_001,185
CATCAAATAGTACACATGGG_002,170
CATCAAATAGTACACATGGG_003,147
CATCAAATAGTACACATGGG_004,46
CATCAAATAGTACACATGGG_005,61
CATCAAATAGTACACATGGG_006,50
GAGGCTGTGCTCGCTCTCAG_001,116
GAGGCTGTGCTCGCTCTCAG_002,83
GAGGCTGTGCTCGCTCTCAG_003,184
GAGGCTGTGCTCGCTCTCAG_004,142
GAGGCTGTGCTCGCTCTCAG_005,61
GAGGCTGTGCTCGCTCTCAG_006,78
GATCTTGCAACCTTCAAAGG_001,141
GATCTTGCAACCTTCAAAGG_002,176
GATCTTGCAACCTTCAAAGG_003,147
ATGCCCGTACATCGTACGGG_001,83
ATGCCCGTACATCGTACGGG_002,76
ATGCCCGTACATCGTACGGG_003,69
ATGCCCGTACATCGTACGGG_004,123
ATGCCCGTACATCGTACGGG_005,156
ATGCCCGTACATCGTACGGG_006,65
ATGCCCGTACATCGTACGGG_007,56
ATGCCCGTACATCGTACGGG_008,72
AACTATCAAGTAAACATTGG_001,176
AACTATCAAGTAAACATTGG_002,137
AACTATCAAGTAAACATTGG_003,130
AACTATCAAGTAAACATTGG_004,76
AACTATCAAGTAAACATTGG_005,184
AACTATCAAGTAAACATTGG_006,197
AACTATCAAGTAAACATTGG_007,150
AACTATCAAGTAAACATTGG_008,177
AACTATCAAGTAAACATTGG_009,136
AACTATCAAGTAAACATTGG_010,81
AACTATCAAGTAAACATTGG_011,50
AACTATCAAGTAAACATTGG_012,12
GAAAATGCAAGATAAGACGC_001,69
GAAAATGCAAGATAAGACGC_002,50
GAAAATGCAAGATAAGACGC_003,139
GAAAATGCAAGATAAGACGC_004,154
GAAAATGCAAGATAAGACGC_005,8
GAAAATGCAAGATAAGACGC_006,169
GAAAATGCAAGATAAGACGC_007,64
GCAAGCAATAGCCCCGCACA_001,141
GCAAGCAATAGCCCCGCACA_002,44
TGATGTCGCTCAGGTCCGAG_001,106
TGATGTCGCTCAGGTCCGAG_002,149
TGATGTCGCTCAGGTCCGAG_003,41
TGATGTCGCTCAGGTCCGAG_004,63
TGATGTCGCTCAGGTCCGAG_005,124
TGATGTCGCTCAGGTCCGAG_006,63
TGATGTCGCTCAGGTCCGAG_007,19
TGATGTCGCTCAGGTCCGAG_008,188
AGAGATGAATGGCAAGAACT_001,67
AGAGATGAATGGCAAGAACT_002,88
AGAGATGAATGGCAAGAACT_003,181
AGAGATGAATGGCAAGAACT_004,180
AGAGATGAATGGCAAGAACT_005,77
AGAGATGAATGGCAAGAACT_006,43
AGAGATGAATGGCAAGAACT_007,39
CTGCTCTATCTGTGCAGCCA_001,53
CTGCTCTATCTGTGCAGCCA_002,4
CTGCTCTATCTGTGCAGCCA_003,97
CTGCTCTATCTGTGCAGCCA_004,91
TTACACCAAACATTTGTCTG_001,191
TTACACCAAACATTTGTCTG_002,69
TTACACCAAACATTTGTCTG_003,53
TTACACCAAACATTTGTCTG_004,50
TTACACCAAACATTTGTCTG_005,168
TTACACCAAACATTTGTCTG_006,106
TTACACCAAACATTTGTCTG_007,36
TTACACCAAACATTTGTCTG_008,111
TTACACCAAACATTTGTCTG_009,139
TTACACCAAACATTTGTCTG_010,22
TTACACCAAACATTTGTCTG_011,130
TTACACCAAACATTTGTCTG_012,152
TTACACCAAACATTTGTCTG_013,176
TTACACCAAACATTTGTCTG_014,88
TTACACCAAACATTTGTCTG_015,63
TTACACCAAACATTTGTCTG_016,10
AAGTGATACCTGAAGTGCCA_001,156
AAGTGATACCTGAAGTGCCA_002,19
AAGTGATACCTGAAGTGCCA_003,26
AAGTGATACCTGAAGTGCCA_004,115
AAGTGATACCTGAAGTGCCA_005,187
AAGTGATACCTGAAGTGCCA_006,41
AAAATGTCTATCCTGGGCAA_001,8
AAAATGTCTATCCTGGGCAA_002,184
AAAATGTCTATCCTGGGCAA_003,1
AAAATGTCTATCCTGGGCAA_004,88
AAAATGTCTATCCTGGGCAA_005,133
CCCATCGAAACGTCATCATG_001,184
CCCATCGAAACGTCATCATG_002,8
CCCATCGAAACGTCATCATG_003,115
CCCATCGAAACGTCATCATG_004,181
CCCATCGAAACGTCATCATG_005,121
CCCATCGAAACGTCATCATG_006,114
AATGCAAATGAGGCTGTCAA_001,170
AATGCAAATGAGGCTGTCAA_002,67
AATGCAAATGAGGCTGTCAA_003,167
AATGCAAATGAGGCTGTCAA_004,167
AATGCAAATGAGGCTGTCAA_005,65
AATGCAAATGAGGCTGTCAA_006,60
AATGCAAATGAGGCTGTCAA_007,170
CCCTGAGTAGTGTACGACGG_001,102
CCCTGAGTAGTGTACGACGG_002,181
CCCTGAGTAGTGTACGACGG_003,135
CCCTGAGTAGTGTACGACGG_004,169
GCCGAACTGGTCCCGCACAG_001,184
GCCGAACTGGTCCCGCACAG_002,81
GCCGAACTGGTCCCGCACAG_003,27
TGACCAAGCTTCCACTGACA_001,102
TGACCAAGCTTCCACTGACA_002,188
TGACCAAGCTTCCACTGACA_003,83
TGACCAAGCTTCCACTGACA_004,169
TGACCAAGCTTCCACTGACA_005,56
TGACCAAGCTTCCACTGACA_006,165
TGACCAAGCTTCCACTGACA_007,161
TGACCAAGCTTCCACTGACA_008,172
TGACCAAGCTTCCACTGACA_009,62
TGACCAAGCTTCCACTGACA_010,44
TCACACAGACAAGAGAAGGA_001,182
TCACACAGACAAGAGAAGGA_002,113
TCACACAGACAAGAGAAGGA_003,36
TCACACAGACAAGAGAAGGA_004,157
TCACACAGACAAGAGAAGGA_005,119
TCACACAGACAAGAGAAGGA_006,174
TCACACAGACAAGAGAAGGA_007,182
CCCTTATCAGACAAGCAGCA_001,6
CCCTTATCAGACAAGCAGCA_002,82
CCCTTATCAGACAAGCAGCA_003,32
CCCTTATCAGACAAGCAGCA_004,1
CCCTTATCAGACAAGCAGCA_005,62
CCCTTATCAGACAAGCAGCA_006,198
CCCTTATCAGACAAGCAGCA_007,152
CCCTTATCAGACAAGCAGCA_008,88
CCCTTATCAGACAAGCAGCA_009,49
CCCTTATCAGACAAGCAGCA_010,89
CCCTTATCAGACAAGCAGCA_011,136
CCCTTATCAGACAAGCAGCA_012,176
CCCTTATCAGACAAGCAGCA_013,49
CCCTTATCAGACAAGCAGCA_014,121
CCCTTATCAGACAAGCAGCA_015,1
CCCTTATCAGACAAGCAGCA_016,147
ACGGAACCAGAAGATAGCTA_001,15
ACGGAACCAGAAGATAGCTA_002,161
ACGGAACCAGAAGATAGCTA_003,5
ACGGAACCAGAAGATAGCTA_004,81
ACGGAACCAGAAGATAGCTA_005,158
ACGGAACCAGAAGATAGCTA_006,108
ATGAGAAAACACATATAGAG_001,29
ATGAGAAAACACATATAGAG_002,141
ATGAGAAAACACATATAGAG_003,28
ATGAGAAAACACATATAGAG_004,129
CCAGCGCACGCTATAAGTGT_001,195
CCAGCGCACGCTATAAGTGT_002,23
CCAGCGCACGCTATAAGTGT_003,145
CCAGCGCACGCTATAAGTGT_004,132
ATTACAGCACTTGTCGACGT_001,192
CGATGTTGATGGGGTACGCA_001,162
CGATGTTGATGGGGTACGCA_002,53
CGATGTTGATGGGGTACGCA_003,58
CGATGTTGATGGGGTACGCA_004,120
CGATGTTGATGGGGTACGCA_005,43
CGATGTTGATGGGGTACGCA_006,148
CGATGTTGATGGGGTACGCA_007,94
CGATGTTGATGGGGTACGCA_008,43
CGATGTTGATGGGGTACGCA_009,63
CGATGTTGATGGGGTACGCA_010,82
CGATGTTGATGGGGTACGCA_011,146
CGATGTTGATGGGGTACGCA_012,107
CGATGTTGATGGGGTACGCA_013,24
CGATGTTGATGGGGTACGCA_014,53
CGATGTTGATGGGGTACGCA_015,72
CGATGTTGATGGGGTACGCA_016,28
CGATGTTGATGGGGTACGCA_017,149
CGATGTTGATGGGGTACGCA_018,77
CGATGTTGATGGGGTACGCA_019,71
CGATGTTGATGGGGTACGCA_020,128
CGATGTTGATGGGGTACGCA_021,55
CGATGTTGATGGGGTACGCA_022,14
CGATGTTGATGGGGTACGCA_023,78
CGATGTTGATGGGGTACGCA_024,43
CGATGTTGATGGGGTACGCA_025,50
CGATGTTGATGGGGTACGCA_026,94
CGATGTTGATGGGGTACGCA_027,76
CGATGTTGATGGGGTACGCA_028,121
CGATGTTGATGGGGTACGCA_029,40
CGATGTTGATGGGGTACGCA_030,188
CGATGTTGATGGGGTACGCA_031,28
CGATGTTGATGGGGTACGCA_032,8
CGATGTTGATGGGGTACGCA_033,184
CGATGTTGATGGGGTACGCA_034,35
CTCAGTGCCCTTCGTCAATG_001,169
CTCAGTGCCCTTCGTCAATG_002,141
CTCAGTGCCCTTCGTCAATG_003,160
CTCAGTGCCCTTCGTCAATG_004,16
CTCAGTGCCCTTCGTCAATG_005,117
CTCAGTGCCCTTCGTCAATG_006,168
CTCAGTGCCCTTCGTCAATG_007,10
CTCAGTGCCCTTCGTCAATG_008,18
CTCAGTGCCCTTCGTCAATG_009,56
GTCTTTGCTGAAAACCAGTG_001,30
GTCTTTGCTGAAAACCAGTG_002,115
GTCTTTGCTGAAAACCAGTG_003,188
GTCTTTGCTGAAAACCAGTG_004,183
GTCTTTGCTGAAAACCAGTG_005,16
GTCTTTGCTGAAAACCAGTG_006,175
GTCTTTGCTGAAAACCAGTG_007,66
GTCTTTGCTGAAAACCAGTG_008,43
TGGTCAGAAAAAGCTTGCGG_001,199
TGGTCAGAAAAAGCTTGCGG_002,161
TGGTCAGAAAAAGCTTGCGG_003,130
TGGTCAGAAAAAGCTTGCGG_004,62
TGGTCAGAAAAAGCTTGCGG_005,127
TGGTCAGAAAAAGCTTGCGG_006,103
TGGTCAGAAAAAGCTTGCGG_007,121
TGGTCAGAAAAAGCTTGCGG_008,145
TGGTCAGAAAAAGCTTGCGG_009,110
TGGTCAGAAAAAGCTTGCGG_010,181
TGGTCAGAAAAAGCTTGCGG_011,45
TGGTCAGAAAAAGCTTGCGG_012,127
TGGTCAGAAAAAGCTTGCGG_013,145
TGGTCAGAAAAAGCTTGCGG_014,29
TGGTCAGAAAAAGCTTGCGG_015,43
TGGTCAGAAAAAGCTTGCGG_016,159
TGGTCAGAAAAAGCTTGCGG_017,60
TGGTCAGAAAAAGCTTGCGG_018,160
TGGTCAGAAAAAGCTTGCGG_019,162
ACTGTGTCTTGGCTGTATGG_001,134
ACTGTGTCTTGGCTGTATGG_002,3
ACTGTGTCTTGGCTGTATGG_003,62
ACTGTGTCTTGGCTGTATGG_004,149
ACTGTGTCTTGGCTGTATGG_005,160
TCATACGCCGTGACTGCATG_001,136
TCATACGCCGTGACTGCATG_002,191
TCATACGCCGTGACTGCATG_003,28
CCGCCATCCCAATTTCCTGG_001,184
CCGCCATCCCAATTTCCTGG_002,120
CCGCCATCCCAATTTCCTGG_003,156
CCGCCATCCCAATTTCCTGG_004,143
CCGCCATCCCAATTTCCTGG_005,15
ATCCACGGATTCCGATACAC_001,62
ATCCACGGATTCCGATACAC_002,176
ATCCACGGATTCCGATACAC_003,40
ATCCACGGATTCCGATACAC_004,77
ATCCACGGATTCCGATACAC_005,8
ATCCACGGATTCCGATACAC_006,151
ACCCAGACACATAGCAATTC_001,12
ACCCAGACACATAGCAATTC_002,132
ACCCAGACACATAGCAATTC_003,184
ACCCAGACACATAGCAATTC_004,188
ACCCAGACACATAGCAATTC_005,28
CTGAACTTTGTACTCAAGCA_001,139
CTGAACTTTGTACTCAAGCA_002,132
CTGAACTTTGTACTCAAGCA_003,95
CTGAACTTTGTACTCAAGCA_004,76
CTGAACTTTGTACTCAAGCA_005,120
CTGAACTTTGTACTCAAGCA_006,159
CTGAACTTTGTACTCAAGCA_007,197
CTGAACTTTGTACTCAAGCA_008,170
CTGAACTTTGTACTCAAGCA_009,88
CTGAACTTTGTACTCAAGCA_010,1
CTGAACTTTGTACTCAAGCA_011,98
CTGAACTTTGTACTCAAGCA_012,29
CTGAACTTTGTACTCAAGCA_013,68
CTGAACTTTGTACTCAAGCA_014,19
CTGAACTTTGTACTCAAGCA_015,148
CTGAACTTTGTACTCAAGCA_016,153
CTGAACTTTGTACTCAAGCA_017,148
CTGAACTTTGTACTCAAGCA_018,13
CTGCAGTTTACGGGTAGCAA_001,140
CTGCAGTTTACGGGTAGCAA_002,187
CTGCAGTTTACGGGTAGCAA_003,121
CTGCAGTTTACGGGTAGCAA_004,62
CTGCAGTTTACGGGTAGCAA_005,134
CTGCAGTTTACGGGTAGCAA_006,21
CTGCAGTTTACGGGTAGCAA_007,73
CTGCAGTTTACGGGTAGCAA_008,121
CTGCAGTTTACGGGTAGCAA_009,65
CTGCAGTTTACGGGTAGCAA_010,20
CTGCAGTTTACGGGTAGCAA_011,166
CTGCAGTTTACGGGTAGCAA_012,50
CTGCAGTTTACGGGTAGCAA_013,84
CTGCAGTTTACGGGTAGCAA_014,95
CTGCAGTTTACGGGTAGCAA_015,7
CTGCAGTTTACGGGTAGCAA_016,130
CTGCAGTTTACGGGTAGCAA_017,124
CTGCAGTTTACGGGTAGCAA_018,116
CCTAAGGGGTACCACCATGG_001,45
CCTAAGGGGTACCACCATGG_002,16
CCTAAGGGGTACCACCATGG_003,2
CCTAAGGGGTACCACCATGG_004,9
CCTAAGGGGTACCACCATGG_005,127
CCTAAGGGGTACCACCATGG_006,23
CCTAAGGGGTACCACCATGG_007,28
CCTAAGGGGTACCACCATGG_008,186
CCTAAGGGGTACCACCATGG_009,88
CCTAAGGGGTACCACCATGG_010,42
CCTAAGGGGTACCACCATGG_011,149
CCTAAGGGGTACCACCATGG_012,168
CCTAAGGGGTACCACCATGG_013,76
CCTAAGGGGTACCACCATGG_014,170
CCTAAGGGGTACCACCATGG_015,131
CCTAAGGGGTACCACCATGG_016,157
CCTAAGGGGTACCACCATGG_017,96
GCAGCTAACAGGCAACACGG_001,166
GCAGCTAACAGGCAACACGG_002,117
GCAGCTAACAGGCAACACGG_003,130
GCAGCTAACAGGCAACACGG_004,189
GCAGCTAACAGGCAACACGG_005,174
GCAGCTAACAGGCAACACGG_006,83
GCAGCTAACAGGCAACACGG_007,172
GCAGCTAACAGGCAACACGG_008,127
GCAGCTAACAGGCAACACGG_009,29
GCAGCTAACAGGCAACACGG_010,126
GCAGCTAACAGGCAACACGG_011,103
GCAGCTAACAGGCAACACGG_012,147
GCAGCTAACAGGCAACACGG_013,161
GCAGCTAACAGGCAACACGG_014,197
GCAGCTAACAGGCAACACGG_015,25
GCAGCTAACAGGCAACACGG_016,13
GCAGCTAACAGGCAACACGG_017,83
GCAGCTAACAGGCAACACGG_018,125
GCAGCTAACAGGCAACACGG_019,69
GCAGCTAACAGGCAACACGG_020,169
GCAGCTAACAGGCAACACGG_021,82
GCAGCTAACAGGCAACACGG_022,127
GCAGCTAACAGGCAACACGG_023,135
GCAGCTAACAGGCAACACGG_024,6
GCAGCTAACAGGCAACACGG_025,65
GCAGCTAACAGGCAACACGG_026,160
GCAGCTAACAGGCAACACGG_027,146
GCAGCTAACAGGCAACACGG_028,178
GCAGCTAACAGGCAACACGG_029,168
GCAGCTAACAGGCAACACGG_030,184
GCAGCTAACAGGCAACACGG_031,199
GCAGCTAACAGGCAACACGG_032,159
GCAGCTAACAGGCAACACGG_033,77
GCAGCTAACAGGCAACACGG_034,27
GCAGCTAACAGGCAACACGG_035,10
GCAGCTAACAGGCAACACGG_036,106
TGAAGAGTAACACAGTCCAA_001,64
TGAAGAGTAACACAGTCCAA_002,12
TGAAGAGTAACACAGTCCAA_003,169
TGAAGAGTAACACAGTCCAA_004,49
TGAAGAGTAACACAGTCCAA_005,50
TGAAGAGTAACACAGTCCAA_006,103
TGAAGAGTAACACAGTCCAA_007,92
GTTAGCAGCGCTCTCCATCG_001,83
GTTAGCAGCGCTCTCCATCG_002,147
GTTAGCAGCGCTCTCCATCG_003,16
CTGCTAGCTTTGGTGACAGG_001,27
CTGCTAGCTTTGGTGACAGG_002,0
CTGCTAGCTTTGGTGACAGG_003,73
CTGCTAGCTTTGGTGACAGG_004,22
CTGCTAGCTTTGGTGACAGG_005,185
CTGCTAGCTTTGGTGACAGG_006,70
CTGCTAGCTTTGGTGACAGG_007,101
CTGCTAGCTTTGGTGACAGG_008,112
CTGCTAGCTTTGGTGACAGG_009,72
GTCCGCTATAGCCTTCCGGA_001,149
GTCCGCTATAGCCTTCCGGA_002,153
GTCCGCTATAGCCTTCCGGA_003,76
GTCCGCTATAGCCTTCCGGA_004,127
GTCCGCTATAGCCTTCCGGA_005,19
GTCCGCTATAGCCTTCCGGA_006,147
GTCCGCTATAGCCTTCCGGA_007,193
GTCCGCTATAGCCTTCCGGA_008,176
GTCCGCTATAGCCTTCCGGA_009,2
GTCCGCTATAGCCTTCCGGA_010,17
GTCCGCTATAGCCTTCCGGA_011,3
GTCCGCTATAGCCTTCCGGA_012,40
GTCCGCTATAGCCTTCCGGA_013,146
GTCCGCTATAGCCTTCCGGA_014,63
GTCCGCTATAGCCTTCCGGA_015,127
GTCCGCTATAGCCTTCCGGA_016,82
GTCCGCTATAGCCTTCCGGA_017,84
AACCTGAATTCATTGCGTAA_001,171
AACCTGAATTCATTGCGTAA_002,192
AACCTGAATTCATTGCGTAA_003,156
AACCTGAATTCATTGCGTAA_004,57
AACCTGAATTCATTGCGTAA_005,46
CAAAACAGAATCTCAGAGTG_001,60
CAAAACAGAATCTCAGAGTG_002,158
CAAAACAGAATCTCAGAGTG_003,193
CAAAACAGAATCTCAGAGTG_004,140
CAAAACAGAATCTCAGAGTG_005,2
CAAAACAGAATCTCAGAGTG_006,199
CAAAACAGAATCTCAGAGTG_007,156
CAAAACAGAATCTCAGAGTG_008,12
CAGAGCGTGCCCGTACGCCG_001,16
CAGAGCGTGCCCGTACGCCG_002,198
CAGAGCGTGCCCGTACGCCG_003,168
CAGAGCGTGCCCGTACGCCG_004,104
CAGAGCGTGCCCGTACGCCG_005,184
CAGAGCGTGCCCGTACGCCG_006,136
CAGAGCGTGCCCGTACGCCG_007,188
TCACCAATTATAGACTGTGG_001,20
TCACCAATTATAGACTGTGG_002,15
TCACCAATTATAGACTGTGG_003,122
TCACCAATTATAGACTGTGG_004,1
TCACCAATTATAGACTGTGG_005,169
TTCTAGGGAAAACCTAACCC_001,60
TTCTAGGGAAAACCTAACCC_002,6
TTCTAGGGAAAACCTAACCC_003,129
TTCTAGGGAAAACCTAACCC_004,163
CTAAAAAAGAGCATCCTCGA_001,193
CTAAAAAAGAGCATCCTCGA_002,144
CTAAAAAAGAGCATCCTCGA_003,94
CTAAAAAAGAGCATCCTCGA_004,52
CTAAAAAAGAGCATCCTCGA_005,107
CTAAAAAAGAGCATCCTCGA_006,193
GGGATGCTAATGCCTTATGG_001,125
GGGATGCTAATGCCTTATGG_002,138
ATAAGCATAGTGACTAACAG_001,48
ATAAGCATAGTGACTAACAG_002,95
ATAAGCATAGTGACTAACAG_003,13
ATAAGCATAGTGACTAACAG_004,190
ATAAGCATAGTGACTAACAG_005,170
ATAAGCATAGTGACTAACAG_006,159
ATAAGCATAGTGACTAACAG_007,47
GAGAAAATTGGACATACCAG_001,23
GAGAAAATTGGACATACCAG_002,23
GAGAAAATTGGACATACCAG_003,70
GAGAAAATTGGACATACCAG_004,53
GAGAAAATTGGACATACCAG_005,60
GAGAAAATTGGACATACCAG_006,24
GAGAAAATTGGACATACCAG_007,69
GAGAAAATTGGACATACCAG_008,15
GAGAAAATTGGACATACCAG_009,56
GAGAAAATTGGACATACCAG_010,169
GAGAAAATTGGACATACCAG_011,153
GAGAAAATTGGACATACCAG_012,182
GAGAAAATTGGACATACCAG_013,27
GCTGGACAACGACTTGAGGG_001,157
GCTGGACAACGACTTGAGGG_002,0
GCTGGACAACGACTTGAGGG_003,198
GCTGGACAACGACTTGAGGG_004,34
GCTGGACAACGACTTGAGGG_005,48
GCTGGACAACGACTTGAGGG_006,113
GCTGGACAACGACTTGAGGG_007,53
GCTGGACAACGACTTGAGGG_008,102
GCTGGACAACGACTTGAGGG_009,162
GCTGGACAACGACTTGAGGG_010,173
GCTGGACAACGACTTGAGGG_011,88
GCTGGACAACGACTTGAGGG_012,124
GCTGGACAACGACTTGAGGG_013,144
GCTGGACAACGACTTGAGGG_014,49
GCTGGACAACGACTTGAGGG_015,60
GTCTTGTAAATCGTTAAATG_001,58
GTCTTGTAAATCGTTAAATG_002,188
GTCTTGTAAATCGTTAAATG_003,11
GTCTTGTAAATCGTTAAATG_004,78
GTCTTGTAAATCGTTAAATG_005,191
GTCCGACCCTCCATACAGTG_001,42
GTCCGACCCTCCATACAGTG_002,49
GTCCGACCCTCCATACAGTG_003,20
GTCCGACCCTCCATACAGTG_004,172
GTCCGACCCTCCATACAGTG_005,129
GTCCGACCCTCCATACAGTG_006,134
GTCCGACCCTCCATACAGTG_007,94
GTCCGACCCTCCATACAGTG_008,62
GTCCGACCCTCCATACAGTG_009,191
GTCCGACCCTCCATACAGTG_010,107
GTCCGACCCTCCATACAGTG_011,193
GTCCGACCCTCCATACAGTG_012,73
GTCCGACCCTCCATACAGTG_013,10
GTCCGACCCTCCATACAGTG_014,35
GTCCGACCCTCCATACAGTG_015,50
GTCCGACCCTCCATACAGTG_016,185
GTCCGACCCTCCATACAGTG_017,190
GTCCGACCCTCCATACAGTG_018,99
GTCCGACCCTCCATACAGTG_019,1
GTCCGACCCTCCATACAGTG_020,53
GTCCGACCCTCCATACAGTG_021,29
GTCCGACCCTCCATACAGTG_022,83
GTCCGACCCTCCATACAGTG_023,143
GTCCGACCCTCCATACAGTG_024,69
GTCCGACCCTCCATACAGTG_025,35
GTCCGACCCTCCATACAGTG_026,12
GTCCGACCCTCCATACAGTG_027,186
GTCCGACCCTCCATACAGTG_028,76
GTCCGACCCTCCATACAGTG_029,65
GTCCGACCCTCCATACAGTG_030,146
GTCCGACCCTCCATACAGTG_031,21
GTCCGACCCTCCATACAGTG_032,21
GTCCGACCCTCCATACAGTG_033,123
GTCCGACCCTCCATACAGTG_034,83
GTCCGACCCTCCATACAGTG_035,88
GTCCGACCCTCCATACAGTG_036,61
GTCCGACCCTCCATACAGTG_037,170
GTCCGACCCTCCATACAGTG_038,160
GTCCGACCCTCCATACAGTG_039,52
GTCCGACCCTCCATACAGTG_040,40
GTCCGACCCTCCATACAGTG_041,168
GTCCGACCCTCCATACAGTG_042,124
GTCCGACCCTCCATACAGTG_043,137
GTCCGACCCTCCATACAGTG_044,20
AGGGGTTATCAACACACCTC_001,145
ATTGGCTGGGATAAGCACTA_001,82
ATTGGCTGGGATAAGCACTA_002,43
ATTGGCTGGGATAAGCACTA_003,133
ATTGGCTGGGATAAGCACTA_004,28
ATTGGCTGGGATAAGCACTA_005,40
ATTGGCTGGGATAAGCACTA_006,165
ATTGGCTGGGATAAGCACTA_007,169
ACTAAGCGTAAACTTCCACG_001,102
ACTAAGCGTAAACTTCCACG_002,142
ACTAAGCGTAAACTTCCACG_003,150
ACTAAGCGTAAACTTCCACG_004,17
ACTAAGCGTAAACTTCCACG_005,138
ACTAAGCGTAAACTTCCACG_006,157
ACTAAGCGTAAACTTCCACG_007,134
ACTAAGCGTAAACTTCCACG_008,195
TGACAACAATGACATGACCA_001,17
TGACAACAATGACATGACCA_002,140
TGACAACAATGACATGACCA_003,54
TGACAACAATGACATGACCA_004,150
TGACAACAATGACATGACCA_005,140
TGACAACAATGACATGACCA_006,149
AGAAAACTACCATTATGGGG_001,62
AGAAAACTACCATTATGGGG_002,82
AGAAAACTACCATTATGGGG_003,172
AGAAAACTACCATTATGGGG_004,29
AGAAAACTACCATTATGGGG_005,120
GAGCTTTCACAAGTGATGGA_001,119
GAGCTTTCACAAGTGATGGA_002,131
GAGCTTTCACAAGTGATGGA_003,81
GAGCGTTGCTCGCTACTGGG_001,113
GAGCGTTGCTCGCTACTGGG_002,127
GAGCGTTGCTCGCTACTGGG_003,90
GAGCGTTGCTCGCTACTGGG_004,137
GAGCGTTGCTCGCTACTGGG_005,19
GAGCGTTGCTCGCTACTGGG_006,172
GAGCGTTGCTCGCTACTGGG_007,42
GAGCGTTGCTCGCTACTGGG_008,96
GAGCGTTGCTCGCTACTGGG_009,43
GAGCGTTGCTCGCTACTGGG_010,80
GAGCGTTGCTCGCTACTGGG_011,161
GAGCGTTGCTCGCTACTGGG_012,129
GAGCGTTGCTCGCTACTGGG_013,168
GAGCGTTGCTCGCTACTGGG_014,132
GTGAGATGTGAAGGTCCGAG_001,68
GTGAGATGTGAAGGTCCGAG_002,166
GTGAGATGTGAAGGTCCGAG_003,166
GTGAGATGTGAAGGTCCGAG_004,12
GTGAGATGTGAAGGTCCGAG_005,194
GTGAGATGTGAAGGTCCGAG_006,184
GTGAGATGTGAAGGTCCGAG_007,147
GTGAGATGTGAAGGTCCGAG_008,2
GTGAGATGTGAAGGTCCGAG_009,124
GTGAGATGTGAAGGTCCGAG_010,16
GTGAGATGTGAAGGTCCGAG_011,135
GTGAGATGTGAAGGTCCGAG_012,135
GTGAGATGTGAAGGTCCGAG_013,26
GTGAGATGTGAAGGTCCGAG_014,68
GTGAGATGTGAAGGTCCGAG_015,102
GTGAGATGTGAAGGTCCGAG_016,160
GTGAGATGTGAAGGTCCGAG_017,84
GTGAGATGTGAAGGTCCGAG_018,26
GTGAGATGTGAAGGTCCGAG_019,196
GTGAGATGTGAAGGTCCGAG_020,49
GTGAGATGTGAAGGTCCGAG_021,15
GTGAGATGTGAAGGTCCGAG_022,34
AGCTCTGCACCTTAGCAGTG_001,45
AGCTCTGCACCTTAGCAGTG_002,26
AGCTCTGCACCTTAGCAGTG_003,52
AGCTCTGCACCTTAGCAGTG_004,0
AGCTCTGCACCTTAGCAGTG_005,118
AGCTCTGCACCTTAGCAGTG_006,28
GTAATGACCGAAGTAGCCGG_001,170
GTAATGACCGAAGTAGCCGG_002,103
GTAATGACCGAAGTAGCCGG_003,68
GTAATGACCGAAGTAGCCGG_004,98
GTAATGACCGAAGTAGCCGG_005,113
GTAATGACCGAAGTAGCCGG_006,146
GTAATGACCGAAGTAGCCGG_007,121
GTAATGACCGAAGTAGCCGG_008,81
CTTTCCAGGGGTTGGGGACA_001,175
CTTTCCAGGGGTTGGGGACA_002,41
CTTTCCAGGGGTTGGGGACA_003,29
CTTTCCAGGGGTTGGGGACA_004,61
CTTTCCAGGGGTTGGGGACA_005,27
CTTTCCAGGGGTTGGGGACA_006,160
CTTTCCAGGGGTTGGGGACA_007,117
CTTTCCAGGGGTTGGGGACA_008,175
CTTTCCAGGGGTTGGGGACA_009,40
CTTTCCAGGGGTTGGGGACA_010,86
CTTTCCAGGGGTTGGGGACA_011,141
CTTTCCAGGGGTTGGGGACA_012,102
CTTTCCAGGGGTTGGGGACA_013,56
CTTTCCAGGGGTTGGGGACA_014,53
CTTTCCAGGGGTTGGGGACA_015,75
CTTTCCAGGGGTTGGGGACA_016,6
CTTTCCAGGGGTTGGGGACA_017,142
TGAGGCAGCGTTCCACGTCG_001,62
TGAGGCAGCGTTCCACGTCG_002,0
TGAGGCAGCGTTCCACGTCG_003,77
TGAGGCAGCGTTCCACGTCG_004,85
TGAGGCAGCGTTCCACGTCG_005,42
ATAATTGTTTGGTCCCACGT_001,145
ATAATTGTTTGGTCCCACGT_002,123
ATAATTGTTTGGTCCCACGT_003,33
ATAATTGTTTGGTCCCACGT_004,168
ATAATTGTTTGGTCCCACGT_005,88
ATAATTGTTTGGTCCCACGT_006,94
TGCAGGTCTAGGTCCCAAAG_001,115
TGCAGGTCTAGGTCCCAAAG_002,53
TGCAGGTCTAGGTCCCAAAG_003,176
TGCAGGTCTAGGTCCCAAAG_004,141
TGCAGGTCTAGGTCCCAAAG_005,49
TGCAGGTCTAGGTCCCAAAG_006,145
TGCAGGTCTAGGTCCCAAAG_007,38
TGCAGGTCTAGGTCCCAAAG_008,79
TGCAGGTCTAGGTCCCAAAG_009,68
TGCAGGTCTAGGTCCCAAAG_010,81
TGCAGGTCTAGGTCCCAAAG_011,82
TGCAGGTCTAGGTCCCAAAG_012,156
TGCAGGTCTAGGTCCCAAAG_013,107
TGCAGGTCTAGGTCCCAAAG_014,83
TGCAGGTCTAGGTCCCAAAG_015,134
TGCAGGTCTAGGTCCCAAAG_016,101
TGCAGGTCTAGGTCCCAAAG_017,48
TGCAGGTCTAGGTCCCAAAG_018,35
TGCAGGTCTAGGTCCCAAAG_019,63
TGCAGGTCTAGGTCCCAAAG_020,102
TGCAGGTCTAGGTCCCAAAG_021,170
CATGCTCATCGTATCTGTGT_001,68
CATGCTCATCGTATCTGTGT_002,184
CATGCTCATCGTATCTGTGT_003,78
CATGCTCATCGTATCTGTGT_004,191
CTGGCATAAGCGGTACAGGA_001,41
CTGGCATAAGCGGTACAGGA_002,174
CTGGCATAAGCGGTACAGGA_003,184
CTGGCATAAGCGGTACAGGA_004,127
CTGGCATAAGCGGTACAGGA_005,184
CTGGCATAAGCGGTACAGGA_006,168
CTGGCATAAGCGGTACAGGA_007,147
CTGGCATAAGCGGTACAGGA_008,127
CTGGCATAAGCGGTACAGGA_009,105
CTGGCATAAGCGGTACAGGA_010,159
CTGGCATAAGCGGTACAGGA_011,32
CTGGCATAAGCGGTACAGGA_012,88
CTGGCATAAGCGGTACAGGA_013,197
CTGGCATAAGCGGTACAGGA_014,189
CTGGCATAAGCGGTACAGGA_015,191
CTGGCATAAGCGGTACAGGA_016,145
CTGGCATAAGCGGTACAGGA_017,75
CTGGCATAAGCGGTACAGGA_018,76
CTGGCATAAGCGGTACAGGA_019,1
CTGGCATAAGCGGTACAGGA_020,174
CTGGCATAAGCGGTACAGGA_021,120
CTGGCATAAGCGGTACAGGA_022,145
CTGGCATAAGCGGTACAGGA_023,184
CTGGCATAAGCGGTACAGGA_024,115
TAAGAAGAGGTTTGATACTG_001,169
TAAGAAGAGGTTTGATACTG_002,148
TAAGAAGAGGTTTGATACTG_003,144
CAGAAGGAATTCCCTGCCTG_001,124
CAGAAGGAATTCCCTGCCTG_002,199
CAGAAGGAATTCCCTGCCTG_003,147
GAATTCAACAATATCAAACC_001,162
GAATTCAACAATATCAAACC_002,140
CGTGCCAGTCTGGTGCACGT_001,135
CGTGCCAGTCTGGTGCACGT_002,8
CGTGCCAGTCTGGTGCACGT_003,184
CGTGCCAGTCTGGTGCACGT_004,50
CGTGCCAGTCTGGTGCACGT_005,130
ATTCTTAAAAGGCTGCACGC_001,29
ATTCTTAAAAGGCTGCACGC_002,93
ATTCTTAAAAGGCTGCACGC_003,103
ATTCTTAAAAGGCTGCACGC_004,102
ATTCTTAAAAGGCTGCACGC_005,36
ATTCTTAAAAGGCTGCACGC_006,129
ATTCTTAAAAGGCTGCACGC_007,144
ATTCTTAAAAGGCTGCACGC_008,190
ATTCTTAAAAGGCTGCACGC_009,13
ATTCTTAAAAGGCTGCACGC_010,175
ATTCTTAAAAGGCTGCACGC_011,138
CAGAGCTACGAACCCTATGA_001,190
CAGAGCTACGAACCCTATGA_002,182
CAGAGCTACGAACCCTATGA_003,126
CAGAGCTACGAACCCTATGA_004,15
CAGAGCTACGAACCCTATGA_005,13
ACAATGGGGAATACAGCCAA_001,27
ACAATGGGGAATACAGCCAA_002,43
ACAATGGGGAATACAGCCAA_003,182
ACAATGGGGAATACAGCCAA_004,162
ACAATGGGGAATACAGCCAA_005,20
ACAATGGGGAATACAGCCAA_006,156
ACAATGGGGAATACAGCCAA_007,158
ACAATGGGGAATACAGCCAA_008,83
ACAATGGGGAATACAGCCAA_009,63
ACAATGGGGAATACAGCCAA_010,147
CCCACCACACAGGCGTCACA_001,84
CCCACCACACAGGCGTCACA_002,50
CCCACCACACAGGCGTCACA_003,87
CCCACCACACAGGCGTCACA_004,15
CCCACCACACAGGCGTCACA_005,20
CCCACCACACAGGCGTCACA_006,127
CCCACCACACAGGCGTCACA_007,62
CCCACCACACAGGCGTCACA_008,122
CCCACCACACAGGCGTCACA_009,168
CCCACCACACAGGCGTCACA_010,176
CCCACCACACAGGCGTCACA_011,111
CCCACCACACAGGCGTCACA_012,178
CCCACCACACAGGCGTCACA_013,199
CCCACCACACAGGCGTCACA_014,168
CCCACCACACAGGCGTCACA_015,108
CCCACCACACAGGCGTCACA_016,97
CCCACCACACAGGCGTCACA_017,137
CCCACCACACAGGCGTCACA_018,1
CCCACCACACAGGCGTCACA_019,34
TGACAGCTGACAGACAGACG_001,55
TGACAGCTGACAGACAGACG_002,142
TGACAGCTGACAGACAGACG_003,78
TGACAGCTGACAGACAGACG_004,117
TGACAGCTGACAGACAGACG_005,116
TGACAGCTGACAGACAGACG_006,82
TGACAGCTGACAGACAGACG_007,169
TGACAGCTGACAGACAGACG_008,1
TCGGTGGCAAGTTACACTTG_001,7
TCGGTGGCAAGTTACACTTG_002,50
TCGGTGGCAAGTTACACTTG_003,16
TCGGTGGCAAGTTACACTTG_004,162
TCGGTGGCAAGTTACACTTG_005,104
TCGGTGGCAAGTTACACTTG_006,1
TCGGTGGCAAGTTACACTTG_007,149
TCGGTGGCAAGTTACACTTG_008,142
TCGGTGGCAAGTTACACTTG_009,162
GATGAGAAACATGCTCGACG_001,3
GATGAGAAACATGCTCGACG_002,34
GATGAGAAACATGCTCGACG_003,127
GATGAGAAACATGCTCGACG_004,152
GATGAGAAACATGCTCGACG_005,39
GATGAGAAACATGCTCGACG_006,19
GATGAGAAACATGCTCGACG_007,44
GATGAGAAACATGCTCGACG_008,91
GATGAGAAACATGCTCGACG_009,35
GATGAGAAACATGCTCGACG_010,1
GATGAGAAACATGCTCGACG_011,116
CAAAATCACTCACTGCGGAA_001,174
CAAAATCACTCACTGCGGAA_002,22
CAAAATCACTCACTGCGGAA_003,178
CAAAATCACTCACTGCGGAA_004,88
CAAAATCACTCACTGCGGAA_005,12
CAAAATCACTCACTGCGGAA_006,160
CAAAATCACTCACTGCGGAA_007,39
CAAAATCACTCACTGCGGAA_008,197
CAAAATCACTCACTGCGGAA_009,40
GCACTCCCTTTGCACAAGGC_001,169
GCACTCCCTTTGCACAAGGC_002,52
GCACTCCCTTTGCACAAGGC_003,102
GCACTCCCTTTGCACAAGGC_004,73
GCACTCCCTTTGCACAAGGC_005,88
GCACTCCCTTTGCACAAGGC_006,108
GCACTCCCTTTGCACAAGGC_007,104
GCACTCCCTTTGCACAAGGC_008,104
GCACTCCCTTTGCACAAGGC_009,82
GCACTCCCTTTGCACAAGGC_010,141
GCACTCCCTTTGCACAAGGC_011,48
GCACTCCCTTTGCACAAGGC_012,170
GCACTCCCTTTGCACAAGGC_013,160
GCACTCCCTTTGCACAAGGC_014,182
GCACTCCCTTTGCACAAGGC_015,58
GCACTCCCTTTGCACAAGGC_016,150
GCACTCCCTTTGCACAAGGC_017,48
GCACTCCCTTTGCACAAGGC_018,168
GCACTCCCTTTGCACAAGGC_019,42
GCACTCCCTTTGCACAAGGC_020,1
GCACTCCCTTTGCACAAGGC_021,106
GCACTCCCTTTGCACAAGGC_022,10
GCACTCCCTTTGCACAAGGC_023,56
GCACTCCCTTTGCACAAGGC_024,19
GCACTCCCTTTGCACAAGGC_025,3
GGACATCGTGTACCGCACCA_001,14
GGACATCGTGTACCGCACCA_002,8
GGCAGAGAAACCCCCACTGT_001,126
GGCAGAGAAACCCCCACTGT_002,32
GGCAGAGAAACCCCCACTGT_003,3
GGCAGAGAAACCCCCACTGT_004,142
GGCAGAGAAACCCCCACTGT_005,43
GGCAGAGAAACCCCCACTGT_006,93
GGCAGAGAAACCCCCACTGT_007,60
GGCAGAGAAACCCCCACTGT_008,127
GGCAGAGAAACCCCCACTGT_009,137
GGCAGAGAAACCCCCACTGT_010,86
GGCAGAGAAACCCCCACTGT_011,126
GGCAGAGAAACCCCCACTGT_012,27
GGCAGAGAAACCCCCACTGT_013,110
GGCAGAGAAACCCCCACTGT_014,98
GGCAGAGAAACCCCCACTGT_015,198
GGCAGAGAAACCCCCACTGT_016,50
GGCAGAGAAACCCCCACTGT_017,108
GGCAGAGAAACCCCCACTGT_018,178
GGCAGAGAAACCCCCACTGT_019,76
GGCAGAGAAACCCCCACTGT_020,198
GGCAGAGAAACCCCCACTGT_021,118
GGCAGAGAAACCCCCACTGT_022,182
GGCAGAGAAACCCCCACTGT_023,182
GGCAGAGAAACCCCCACTGT_024,3
GGCAGAGAAACCCCCACTGT_025,94
GGCAGAGAAACCCCCACTGT_026,197
GGCAGAGAAACCCCCACTGT_027,34
GGCAGAGAAACCCCCACTGT_028,97
GGCAGAGAAACCCCCACTGT_029,20
GGCAGAGAAACCCCCACTGT_030,198
CCGCCTGGTCTATAATACCA_001,181
CCGCCTGGTCTATAATACCA_002,72
CCGCCTGGTCTATAATACCA_003,197
GCTCTCGGCGGAACGCGTGG_001,50
GCTCTCGGCGGAACGCGTGG_002,2
GCTCTCGGCGGAACGCGTGG_003,104
GCTCTCGGCGGAACGCGTGG_004,107
GCTCTCGGCGGAACGCGTGG_005,185
GCTCTCGGCGGAACGCGTGG_006,198
GCTCTCGGCGGAACGCGTGG_007,41
GCTCTCGGCGGAACGCGTGG_008,39
CAGTGCCCCCACCAAAACTG_001,97
CAGTGCCCCCACCAAAACTG_002,146
CAGTGCCCCCACCAAAACTG_003,8
CAGTGCCCCCACCAAAACTG_004,48
CAGTGCCCCCACCAAAACTG_005,188
CAGTGCCCCCACCAAAACTG_006,28
CAGTGCCCCCACCAAAACTG_007,32
CAGTGCCCCCACCAAAACTG_008,122
CAGTGCCCCCACCAAAACTG_009,175
CAGTGCCCCCACCAAAACTG_010,71
CAGTGCCCCCACCAAAACTG_011,10
CAGTGCCCCCACCAAAACTG_012,41
CAGTGCCCCCACCAAAACTG_013,197
CAGTGCCCCCACCAAAACTG_014,100
CAGTGCCCCCACCAAAACTG_015,147
CAGTGCCCCCACCAAAACTG_016,148
CAGTGCCCCCACCAAAACTG_017,18
CAGTGCCCCCACCAAAACTG_018,34
CAGTGCCCCCACCAAAACTG_019,88
CAGTGCCCCCACCAAAACTG_020,181
CAGTGCCCCCACCAAAACTG_021,88
CAGTGCCCCCACCAAAACTG_022,122
CAGTGCCCCCACCAAAACTG_023,144
CAGTGCCCCCACCAAAACTG_024,105
CAGTGCCCCCACCAAAACTG_025,89
CAGTGCCCCCACCAAAACTG_026,47
CAGTGCCCCCACCAAAACTG_027,94
CAGTGCCCCCACCAAAACTG_028,61
CAGTGCCCCCACCAAAACTG_029,28
CAGTGCCCCCACCAAAACTG_030,10
CAGTGCCCCCACCAAAACTG_031,147
CAGTGCCCCCACCAAAACTG_032,136
CAGTGCCCCCACCAAAACTG_033,63
CAGTGCCCCCACCAAAACTG_034,17
CAGTGCCCCCACCAAAACTG_035,1
CAGTGCCCCCACCAAAACTG_036,59
CAGTGCCCCCACCAAAACTG_037,182
CAGTGCCCCCACCAAAACTG_038,77
CAGTGCCCCCACCAAAACTG_039,106
CAGTGCCCCCACCAAAACTG_040,133
TGACAATCGGACTCAGAAAG_001,45
TGACAATCGGACTCAGAAAG_002,198
TGACAATCGGACTCAGAAAG_003,26
TGACAATCGGACTCAGAAAG_004,82
TGACAATCGGACTCAGAAAG_005,35
CCCAAAACGGTAGACCTCGG_001,177
CCCAAAACGGTAGACCTCGG_002,170
CCCAAAACGGTAGACCTCGG_003,88
CCCAAAACGGTAGACCTCGG_004,168
CCCAAAACGGTAGACCTCGG_005,95
CCCAAAACGGTAGACCTCGG_006,196
CCCAAAACGGTAGACCTCGG_007,121
CCCAAAACGGTAGACCTCGG_008,170
ATTCTGCCTCTCACGTACAG_001,1
ATTCTGCCTCTCACGTACAG_002,50
ATTCTGCCTCTCACGTACAG_003,191
ATTCTGCCTCTCACGTACAG_004,160
ATTCTGCCTCTCACGTACAG_005,141
ATTCTGCCTCTCACGTACAG_006,18
ATTCTGCCTCTCACGTACAG_007,193
ATTCTGCCTCTCACGTACAG_008,107
ATTCTGCCTCTCACGTACAG_009,137
TCTGGATGTTGTGATCGTTG_001,10
TCTGGATGTTGTGATCGTTG_002,19
GGTCTTCACTGCAATTACAA_001,88
GGTCTTCACTGCAATTACAA_002,134
GGTCTTCACTGCAATTACAA_003,109
AAGGTCATCGACGTCACCGG_001,29
AAGGTCATCGACGTCACCGG_002,145
AAGGTCATCGACGTCACCGG_003,41
AAGGTCATCGACGTCACCGG_004,199
AAGGTCATCGACGTCACCGG_005,92
AAGGTCATCGACGTCACCGG_006,98
AAGGTCATCGACGTCACCGG_007,123
AAGGTCATCGACGTCACCGG_008,156
AAGGTCATCGACGTCACCGG_009,197
AAGGTCATCGACGTCACCGG_010,150
AAGGTCATCGACGTCACCGG_011,149
AAGGTCATCGACGTCACCGG_012,68
AAGGTCATCGACGTCACCGG_013,31
AAGGTCATCGACGTCACCGG_014,58
AAGGTCATCGACGTCACCGG_015,198
AGGAGCTGAGGAAAGCGCAA_001,174
AGGAGCTGAGGAAAGCGCAA_002,88
AGGAGCTGAGGAAAGCGCAA_003,34
AGGAGCTGAGGAAAGCGCAA_004,16
AGGAGCTGAGGAAAGCGCAA_005,47
AGGAGCTGAGGAAAGCGCAA_006,173
AGGAGCTGAGGAAAGCGCAA_007,62
AGGAGCTGAGGAAAGCGCAA_008,113
AGGAGCTGAGGAAAGCGCAA_009,109
AGGAGCTGAGGAAAGCGCAA_010,94
AGGAGCTGAGGAAAGCGCAA_011,44
AGGAGCTGAGGAAAGCGCAA_012,60
AGGAGCTGAGGAAAGCGCAA_013,38
AGGAGCTGAGGAAAGCGCAA_014,61
AGGAGCTGAGGAAAGCGCAA_015,0
AGGAGCTGAGGAAAGCGCAA_016,88
AGGAGCTGAGGAAAGCGCAA_017,129
AGGAGCTGAGGAAAGCGCAA_018,107
AGGAGCTGAGGAAAGCGCAA_019,56
AGGAGCTGAGGAAAGCGCAA_020,85
ATTCGAACTTGATACGCTGA_001,76
ATTCGAACTTGATACGCTGA_002,52
ATTCGAACTTGATACGCTGA_003,49
ATTCGAACTTGATACGCTGA_004,63
ATTCGAACTTGATACGCTGA_005,149
ATTCGAACTTGATACGCTGA_006,198
ATTCGAACTTGATACGCTGA_007,13
ATTCGAACTTGATACGCTGA_008,27
AGAGGAAGAGGCGTACGGCG_001,82
AGAGGAAGAGGCGTACGGCG_002,145
AGAGGAAGAGGCGTACGGCG_003,170
AGAGGAAGAGGCGTACGGCG_004,3
AGAGGAAGAGGCGTACGGCG_005,102
AGAGGAAGAGGCGTACGGCG_006,75
AGAGGAAGAGGCGTACGGCG_007,16
AGAGGAAGAGGCGTACGGCG_008,87
AGAGGAAGAGGCGTACGGCG_009,168
AGAGGAAGAGGCGTACGGCG_010,9
AGAGGAAGAGGCGTACGGCG_011,153
AGAGGAAGAGGCGTACGGCG_012,120
AGAGGAAGAGGCGTACGGCG_013,130
CATGGGCACAGTCGATGTGG_001,146
CATGGGCACAGTCGATGTGG_002,83
ATTTCACAGAATATTCGCTA_001,8
GCTGCCTCGAGTGCACGTGA_001,68
GCTGCCTCGAGTGCACGTGA_002,169
GCTGCCTCGAGTGCACGTGA_003,189
GCTGCCTCGAGTGCACGTGA_004,132
GCTGCCTCGAGTGCACGTGA_005,134
GCTGCCTCGAGTGCACGTGA_006,50
GCTGCCTCGAGTGCACGTGA_007,177
GCTGCCTCGAGTGCACGTGA_008,177
GCTGCCTCGAGTGCACGTGA_009,116
GCTGCCTCGAGTGCACGTGA_010,157
GCTGCCTCGAGTGCACGTGA_011,158
GCTGCCTCGAGTGCACGTGA_012,124
GCTGCCTCGAGTGCACGTGA_013,9
GCTGCCTCGAGTGCACGTGA_014,39
GCTGCCTCGAGTGCACGTGA_015,3
GCTGCCTCGAGTGCACGTGA_016,36
GCTGCCTCGAGTGCACGTGA_017,15
GCTGCCTCGAGTGCACGTGA_018,149
GCTGCCTCGAGTGCACGTGA_019,197
GCTGCCTCGAGTGCACGTGA_020,170
GCTGCCTCGAGTGCACGTGA_021,68
AGCGATGGTTTCAAACAGAG_001,137
AGCGATGGTTTCAAACAGAG_002,118
AGCGATGGTTTCAAACAGAG_003,17
AGCGATGGTTTCAAACAGAG_004,122
AGCGATGGTTTCAAACAGAG_005,80
AGCGATGGTTTCAAACAGAG_006,121
AGCGATGGTTTCAAACAGAG_007,132
AAATGGTTCAAATTTCAAAG_001,112
ACAGATAACAACATCCCTCA_001,152
ACAGATAACAACATCCCTCA_002,17
ACAGATAACAACATCCCTCA_003,30
ACAGATAACAACATCCCTCA_004,12
ACAGATAACAACATCCCTCA_005,20
ACAGATAACAACATCCCTCA_006,95
ACAGATAACAACATCCCTCA_007,146
TCCCCAGCACATAATAACTT_001,51
TCCCCAGCACATAATAACTT_002,130
TCCCCAGCACATAATAACTT_003,88
TCCCCAGCACATAATAACTT_004,120
TCCCCAGCACATAATAACTT_005,45
TCCCCAGCACATAATAACTT_006,129
TCCCCAGCACATAATAACTT_007,124
TCCCAGGGTTAACTACCCAA_001,0
TCCCAGGGTTAACTACCCAA_002,17
TCCCAGGGTTAACTACCCAA_003,119
TCCCAGGGTTAACTACCCAA_004,138
GGTAAAACTCTGTAGCCCCA_001,148
GGTAAAACTCTGTAGCCCCA_002,121
AAAACGCGGGCATTGGACTG_001,87
AAAACGCGGGCATTGGACTG_002,62
AAAACGCGGGCATTGGACTG_003,25
AAAACGCGGGCATTGGACTG_004,25
AAAACGCGGGCATTGGACTG_005,171
AAAACGCGGGCATTGGACTG_006,82
AAAACGCGGGCATTGGACTG_007,41
AAAACGCGGGCATTGGACTG_008,90
AAAACGCGGGCATTGGACTG_009,185
CCTTCTTAGTGATACCAACA_001,137
CCTTCTTAGTGATACCAACA_002,17
CCTTCTTAGTGATACCAACA_003,98
CCTTCTTAGTGATACCAACA_004,194
CCTTCTTAGTGATACCAACA_005,48
GGCACTACCAGTATCAGAGG_001,195
GGCACTACCAGTATCAGAGG_002,94
GGCACTACCAGTATCAGAGG_003,100
ACTCACCACAGTAAATACTG_001,23
ACTCACCACAGTAAATACTG_002,25
ACTCACCACAGTAAATACTG_003,154
ACTCACCACAGTAAATACTG_004,161
ACTCACCACAGTAAATACTG_005,26
ACTCACCACAGTAAATACTG_006,74
ACTCACCACAGTAAATACTG_007,36
ACTCACCACAGTAAATACTG_008,62
ACTCACCACAGTAAATACTG_009,68
ACTGACGGGTCGATGGTAGG_001,42
ACTGACGGGTCGATGGTAGG_002,61
ACTGACGGGTCGATGGTAGG_003,49
ACTGACGGGTCGATGGTAGG_004,71
ACTGACGGGTCGATGGTAGG_005,28
TCCGACGGCGAGGTCCGACG_001,171
TCCGACGGCGAGGTCCGACG_002,101
TCCGACGGCGAGGTCCGACG_003,152
TCCGACGGCGAGGTCCGACG_004,19
TCCGACGGCGAGGTCCGACG_005,82
TCCGACGGCGAGGTCCGACG_006,126
AGTAGAGTATAAGCCTGTGT_001,46
AGTAGAGTATAAGCCTGTGT_002,77
GGAAGCACTACAGAAAACTG_001,138
GGAAGCACTACAGAAAACTG_002,49
GGAAGCACTACAGAAAACTG_003,5
GGAAGCACTACAGAAAACTG_004,48
GGAAGCACTACAGAAAACTG_005,115
GGAAGCACTACAGAAAACTG_006,10
GGAAGCACTACAGAAAACTG_007,52
GGAAGCACTACAGAAAACTG_008,57
CCAGTTCCATGTCCAATAGA_001,170
CCAGTTCCATGTCCAATAGA_002,162
CCAGTTCCATGTCCAATAGA_003,181
CCAGTTCCATGTCCAATAGA_004,6
ATGTTACGCAGAAAACCGAC_001,80
ATGTTACGCAGAAAACCGAC_002,29
ATGTTACGCAGAAAACCGAC_003,115
ATGTTACGCAGAAAACCGAC_004,113
ATGTTACGCAGAAAACCGAC_005,31
GTGTACGAGAAGGGAACCGT_001,94
GTGTACGAGAAGGGAACCGT_002,193
GTGTACGAGAAGGGAACCGT_003,72
GTGTACGAGAAGGGAACCGT_004,182
GTGTACGAGAAGGGAACCGT_005,190
GTGTACGAGAAGGGAACCGT_006,170
GTGTACGAGAAGGGAACCGT_007,102
GTGTACGAGAAGGGAACCGT_008,101
GTGTACGAGAAGGGAACCGT_009,90
GTGTACGAGAAGGGAACCGT_010,40
GTGTACGAGAAGGGAACCGT_011,1
GTGTACGAGAAGGGAACCGT_012,84
GTGTACGAGAAGGGAACCGT_013,19
GTGTACGAGAAGGGAACCGT_014,19
GTGTACGAGAAGGGAACCGT_015,80
GTGTACGAGAAGGGAACCGT_016,177
TGCAGTATGGAATAGGTGAA_001,105
TGCAGTATGGAATAGGTGAA_002,107
TGCAGTATGGAATAGGTGAA_003,169
TGCAGTATGGAATAGGTGAA_004,179
TGCAGTATGGAATAGGTGAA_005,82
TGCAGTATGGAATAGGTGAA_006,158
TGCAGTATGGAATAGGTGAA_007,70
TGCAGTATGGAATAGGTGAA_008,43
TGCAGTATGGAATAGGTGAA_009,43
TGCAGTATGGAATAGGTGAA_010,63
TGCAGTATGGAATAGGTGAA_011,88
TGCAGTATGGAATAGGTGAA_012,90
CTGTGTTTGCTAAATCCACA_001,84
CAGATGGTCAGCGAGCAGCA_001,90
CAGATGGTCAGCGAGCAGCA_002,103
CAGATGGTCAGCGAGCAGCA_003,151
CAGATGGTCAGCGAGCAGCA_004,75
CAGATGGTCAGCGAGCAGCA_005,6
CAGATGGTCAGCGAGCAGCA_006,86
TACAACGAGATGATCTACTG_001,145
TACAACGAGATGATCTACTG_002,151
TACAACGAGATGATCTACTG_003,128
TACAACGAGATGATCTACTG_004,119
TACAACGAGATGATCTACTG_005,179
TACAACGAGATGATCTACTG_006,43
TACAACGAGATGATCTACTG_007,109
TACAACGAGATGATCTACTG_008,57
TACAACGAGATGATCTACTG_009,142
TACAACGAGATGATCTACTG_010,124
TACAACGAGATGATCTACTG_011,10
TACAACGAGATGATCTACTG_012,36
CACCAAAAGGTACTTCAGGT_001,119
CACCAAAAGGTACTTCAGGT_002,134
CACCAAAAGGTACTTCAGGT_003,157
CACCAAAAGGTACTTCAGGT_004,141
CACCAAAAGGTACTTCAGGT_005,183
CACCAAAAGGTACTTCAGGT_006,119
CACCAAAAGGTACTTCAGGT_007,1
CACCAAAAGGTACTTCAGGT_008,176
CACCAAAAGGTACTTCAGGT_009,91
CACCAAAAGGTACTTCAGGT_010,153
CACCAAAAGGTACTTCAGGT_011,69
CACCAAAAGGTACTTCAGGT_012,186
CACCAAAAGGTACTTCAGGT_013,40
CACCAAAAGGTACTTCAGGT_014,91
CAGCTACTACAACATCAACC_001,137
CTAGCTCCCTAGCAAGACGT_001,87
CTAGCTCCCTAGCAAGACGT_002,91
CTAGCTCCCTAGCAAGACGT_003,193
CTAGCTCCCTAGCAAGACGT_004,1
GATACCTACGAAACACAGCA_001,31
GATACCTACGAAACACAGCA_002,81
GATACCTACGAAACACAGCA_003,138
GATACCTACGAAACACAGCA_004,62
GATACCTACGAAACACAGCA_005,30
GATACCTACGAAACACAGCA_006,176
GATACCTACGAAACACAGCA_007,163
GATACCTACGAAACACAGCA_008,66
GATACCTACGAAACACAGCA_009,146
GATACCTACGAAACACAGCA_010,58
GATACCTACGAAACACAGCA_011,10
GGAGTCCTATCACAGCCTAA_001,55
GGAGTCCTATCACAGCCTAA_002,71
GGAGTCCTATCACAGCCTAA_003,70
TAGACCACCAACATATAGTG_001,136
TAGACCACCAACATATAGTG_002,34
TGGTGAGCTGAACAGCATAG_001,198
TGGTGAGCTGAACAGCATAG_002,27
TGGTGAGCTGAACAGCATAG_003,166
TGGTGAGCTGAACAGCATAG_004,138
TGGTGAGCTGAACAGCATAG_005,49
TGGTGAGCTGAACAGCATAG_006,114
TGGTGAGCTGAACAGCATAG_007,187
TGGTGAGCTGAACAGCATAG_008,113
TGGTGAGCTGAACAGCATAG_009,157
TGGTGAGCTGAACAGCATAG_010,30
TGGTGAGCTGAACAGCATAG_011,130
TGGTGAGCTGAACAGCATAG_012,9
TGGTGAGCTGAACAGCATAG_013,56
TGGTGAGCTGAACAGCATAG_014,33
CAAGGTGTATTCCCTCGGAG_001,128
CAAGGTGTATTCCCTCGGAG_002,46
CAAGGTGTATTCCCTCGGAG_003,105
CAAGGTGTATTCCCTCGGAG_004,8
CAAGGTGTATTCCCTCGGAG_005,58
CAAGGTGTATTCCCTCGGAG_006,3
CAAGGTGTATTCCCTCGGAG_007,33
CAAGGTGTATTCCCTCGGAG_008,34
CAAGGTGTATTCCCTCGGAG_009,3
AGCCCAGTTCCGAGTACATA_001,34
AGCCCAGTTCCGAGTACATA_002,12
AGCCCAGTTCCGAGTACATA_003,57
AGCCCAGTTCCGAGTACATA_004,43
AGCCCAGTTCCGAGTACATA_005,22
AGCCCAGTTCCGAGTACATA_006,174
GGCCGACAGCCTGTCCACCG_001,172
GGCCGACAGCCTGTCCACCG_002,19
GGCCGACAGCCTGTCCACCG_003,17
GGCCGACAGCCTGTCCACCG_004,184
GGCCGACAGCCTGTCCACCG_005,126
GGCCGACAGCCTGTCCACCG_006,185
GGCCCAGATGGAGTCCCTGA_001,169
GGCCCAGATGGAGTCCCTGA_002,1
TGTGTACAAGTGTAAAAACG_001,102
TGCATCAGTCTCCTGAACCG_001,52
TGCATCAGTCTCCTGAACCG_002,152
TGCATCAGTCTCCTGAACCG_003,70
AGAACTTGGAGATTTCAGGG_001,68
AGAACTTGGAGATTTCAGGG_002,40
AGAACTTGGAGATTTCAGGG_003,61
AGAACTTGGAGATTTCAGGG_004,13
AGAACTTGGAGATTTCAGGG_005,49
CACTTAACTGTTCCCCGCTG_001,19
CACTTAACTGTTCCCCGCTG_002,57
CACTTAACTGTTCCCCGCTG_003,168
CACTTAACTGTTCCCCGCTG_004,82
CACTTAACTGTTCCCCGCTG_005,102
CACTTAACTGTTCCCCGCTG_006,27
CACTTAACTGTTCCCCGCTG_007,115
CACTTAACTGTTCCCCGCTG_008,8
CACTTAACTGTTCCCCGCTG_009,12
CAGTGAGATGACTGGGTACG_001,150
CAGTGAGATGACTGGGTACG_002,147
CAGTGAGATGACTGGGTACG_003,147
CAGTGAGATGACTGGGTACG_004,178
CAGTGAGATGACTGGGTACG_005,160
CAGTGAGATGACTGGGTACG_006,50
CAGTGAGATGACTGGGTACG_007,65
CAGTGAGATGACTGGGTACG_008,180
CAGTGAGATGACTGGGTACG_009,51
ATTTCCTTCAGCGTAACTGG_001,90
CTGAGAGGTATAGGTGACAT_001,10
CTGAGAGGTATAGGTGACAT_002,77
CTGAGAGGTATAGGTGACAT_003,106
CTGAGAGGTATAGGTGACAT_004,35
CTGAGAGGTATAGGTGACAT_005,42
CTGAGAGGTATAGGTGACAT_006,47
CTGAGAGGTATAGGTGACAT_007,58
CTGAGAGGTATAGGTGACAT_008,98
CTGAGAGGTATAGGTGACAT_009,19
CTGAGAGGTATAGGTGACAT_010,27
CTGAGAGGTATAGGTGACAT_011,49
CTGAGAGGTATAGGTGACAT_012,28
ATCTTGAACTCTAACCACAT_001,160
ATCTTGAACTCTAACCACAT_002,150
ATCTTGAACTCTAACCACAT_003,151
ATCTTGAACTCTAACCACAT_004,98
ATCTTGAACTCTAACCACAT_005,169
ATCTTGAACTCTAACCACAT_006,169
ATCTTGAACTCTAACCACAT_007,172
GAAGCTCAAATTAACCTGCT_001,48
GAAGCTCAAATTAACCTGCT_002,195
GAAGCTCAAATTAACCTGCT_003,70
GAAGCTCAAATTAACCTGCT_004,78
GAAGCTCAAATTAACCTGCT_005,121
GAAGCTCAAATTAACCTGCT_006,83
AGAGAAGTACGTGTTTACAA_001,60
AGAGAAGTACGTGTTTACAA_002,188
AGAGAAGTACGTGTTTACAA_003,80
AGAGAAGTACGTGTTTACAA_004,67
GGGAGGCTTCAACTACGCAG_001,94
GGGAGGCTTCAACTACGCAG_002,107
GGGAGGCTTCAACTACGCAG_003,148
GGGAGGCTTCAACTACGCAG_004,135
CAACAGTGTAGAAGTCACTT_001,169
CAACAGTGTAGAAGTCACTT_002,8
CAACAGTGTAGAAGTCACTT_003,49
CAACAGTGTAGAAGTCACTT_004,134
CAACAGTGTAGAAGTCACTT_005,69
CAACAGTGTAGAAGTCACTT_006,56
CAACAGTGTAGAAGTCACTT_007,175
CAACAGTGTAGAAGTCACTT_008,184
CAACAGTGTAGAAGTCACTT_009,50
CAACAGTGTAGAAGTCACTT_010,67
CAACAGTGTAGAAGTCACTT_011,58
CAACAGTGTAGAAGTCACTT_012,115
CAACAGTGTAGAAGTCACTT_013,183
TGCCCTGGAAGAGATTCGGG_001,131
TGCCCTGGAAGAGATTCGGG_002,166
TGCCCTGGAAGAGATTCGGG_003,12
TGCCCTGGAAGAGATTCGGG_004,35
TGCCCTGGAAGAGATTCGGG_005,29
TGCCCTGGAAGAGATTCGGG_006,169
TGCCCTGGAAGAGATTCGGG_007,105
TGCCCTGGAAGAGATTCGGG_008,15
TGCCCTGGAAGAGATTCGGG_009,121
TGCCCTGGAAGAGATTCGGG_010,33
ATGGAAGAGCGTCATGACTT_001,26
ATGGAAGAGCGTCATGACTT_002,58
ATGGAAGAGCGTCATGACTT_003,18
ATGGAAGAGCGTCATGACTT_004,176
ATGGAAGAGCGTCATGACTT_005,4
ATGGAAGAGCGTCATGACTT_006,2
ATGGAAGAGCGTCATGACTT_007,150
ATGGAAGAGCGTCATGACTT_008,68
ATGGAAGAGCGTCATGACTT_009,34
ATGGAAGAGCGTCATGACTT_010,182
ATGGAAGAGCGTCATGACTT_011,177
ATGGAAGAGCGTCATGACTT_012,105
ATGGAAGAGCGTCATGACTT_013,10
ATGGAAGAGCGTCATGACTT_014,42
TCTGGGTAGTTAATAAGCAT_001,151
TCTGGGTAGTTAATAAGCAT_002,50
TCTGGGTAGTTAATAAGCAT_003,147
TCTGGGTAGTTAATAAGCAT_004,88
TCTGGGTAGTTAATAAGCAT_005,2
TCTGGGTAGTTAATAAGCAT_006,168
TCTGGGTAGTTAATAAGCAT_007,197
TGAGGGTCCAGGACACCTCA_001,1
TGAGGGTCCAGGACACCTCA_002,158
TGAGGGTCCAGGACACCTCA_003,184
TGAGGGTCCAGGACACCTCA_004,56
TGAGGGTCCAGGACACCTCA_005,171
TGAGGGTCCAGGACACCTCA_006,159
TGAGGGTCCAGGACACCTCA_007,121
ACCAGGTATCAAGGTTACAT_001,176
ACCAGGTATCAAGGTTACAT_002,173
ACCAGGTATCAAGGTTACAT_003,1
ACCAGGTATCAAGGTTACAT_004,45
ACCAGGTATCAAGGTTACAT_005,127
ACCAGGTATCAAGGTTACAT_006,58
ACCAGGTATCAAGGTTACAT_007,5
ACCAGGTATCAAGGTTACAT_008,121
AGTGTGTACTCAGAGCGGTG_001,102
AGTGTGTACTCAGAGCGGTG_002,19
AGTGTGTACTCAGAGCGGTG_003,103
AGTGTGTACTCAGAGCGGTG_004,162
AGTGTGTACTCAGAGCGGTG_005,106
AGTGTGTACTCAGAGCGGTG_006,81
AGTGTGTACTCAGAGCGGTG_007,158
AGTGTGTACTCAGAGCGGTG_008,69
AGTGTGTACTCAGAGCGGTG_009,168
AGTGTGTACTCAGAGCGGTG_010,118
CAGTGGATTCAGATGAAACC_001,58
CAGTGGATTCAGATGAAACC_002,127
CAGTGGATTCAGATGAAACC_003,70
CAGTGGATTCAGATGAAACC_004,98
CAGTGGATTCAGATGAAACC_005,76
CAGTGGATTCAGATGAAACC_006,58
CAGTGGATTCAGATGAAACC_007,61
CAGTGGATTCAGATGAAACC_008,63
CAGTGGATTCAGATGAAACC_009,12
GTGTTTGACATGTCAGGTCA_001,48
GTGTTTGACATGTCAGGTCA_002,105
GTGTTTGACATGTCAGGTCA_003,154
GTGTTTGACATGTCAGGTCA_004,105
GTGTTTGACATGTCAGGTCA_005,60
GTGTTTGACATGTCAGGTCA_006,48
GTGTTTGACATGTCAGGTCA_007,183
AGTGATAGCCACTTACCATG_001,113
AGTGATAGCCACTTACCATG_002,185
AGTGATAGCCACTTACCATG_003,145
AGTGATAGCCACTTACCATG_004,114
AGTGATAGCCACTTACCATG_005,46
AGTGATAGCCACTTACCATG_006,180
AGTGATAGCCACTTACCATG_007,119
AGTGATAGCCACTTACCATG_008,48
AGTGATAGCCACTTACCATG_009,165
AGTGATAGCCACTTACCATG_010,175
AGTGATAGCCACTTACCATG_011,191
AGTGATAGCCACTTACCATG_012,139
AGTGATAGCCACTTACCATG_013,88
AGTGATAGCCACTTACCATG_014,46
AGTGATAGCCACTTACCATG_015,179
TGTGGTAGGAGTAAAACGGA_001,85
TGTGGTAGGAGTAAAACGGA_002,153
TGTGGTAGGAGTAAAACGGA_003,68
TGTGGTAGGAGTAAAACGGA_004,115
TGTGGTAGGAGTAAAACGGA_005,142
TGTGGTAGGAGTAAAACGGA_006,126
TGTGGTAGGAGTAAAACGGA_007,83
TGTGGTAGGAGTAAAACGGA_008,83
TGTGGTAGGAGTAAAACGGA_009,74
ATATCTGCTAGGGATAAACC_001,185
CAGTGCATGCCAGTAGACCA_001,142
CAGTGCATGCCAGTAGACCA_002,159
CAGTGCATGCCAGTAGACCA_003,10
CAGTGCATGCCAGTAGACCA_004,134
CAGTGCATGCCAGTAGACCA_005,43
CAGTGCATGCCAGTAGACCA_006,133
CAGTGCATGCCAGTAGACCA_007,49
CAGTGCATGCCAGTAGACCA_008,72
CAGTGCATGCCAGTAGACCA_009,87
CAGTGCATGCCAGTAGACCA_010,31
CAGTGCATGCCAGTAGACCA_011,114
CAGTGCATGCCAGTAGACCA_012,178
CAGTGCATGCCAGTAGACCA_013,177
CAGTGCATGCCAGTAGACCA_014,126
CAGTGCATGCCAGTAGACCA_015,76
CAGTGCATGCCAGTAGACCA_016,197
CAGTGCATGCCAGTAGACCA_017,59
CAGTGCATGCCAGTAGACCA_018,22
TCACATAAATTCGCTCATCT_001,198
TCACATAAATTCGCTCATCT_002,72
TCACATAAATTCGCTCATCT_003,116
AAGGACTGGGCAAAGTGGAA_001,153
AAGGACTGGGCAAAGTGGAA_002,68
AAGGACTGGGCAAAGTGGAA_003,96
AAGGACTGGGCAAAGTGGAA_004,190
AAGGACTGGGCAAAGTGGAA_005,175
AAGGACTGGGCAAAGTGGAA_006,68
AAGGACTGGGCAAAGTGGAA_007,48
AAGGACTGGGCAAAGTGGAA_008,62
AAGGACTGGGCAAAGTGGAA_009,122
AAGGACTGGGCAAAGTGGAA_010,99
AAGGACTGGGCAAAGTGGAA_011,12
AAGGACTGGGCAAAGTGGAA_012,115
TGCACAGATGAGTACATGGG_001,34
TGCACAGATGAGTACATGGG_002,184
TGCACAGATGAGTACATGGG_003,126
TGCACAGATGAGTACATGGG_004,28
TGCACAGATGAGTACATGGG_005,61
TGCACAGATGAGTACATGGG_006,160
TGCACAGATGAGTACATGGG_007,170
TGCACAGATGAGTACATGGG_008,98
TGCACAGATGAGTACATGGG_009,106
TGCACAGATGAGTACATGGG_010,98
TGCACAGATGAGTACATGGG_011,158
TGCACAGATGAGTACATGGG_012,50
TGCACAGATGAGTACATGGG_013,168
TGCACAGATGAGTACATGGG_014,115
TGCACAGATGAGTACATGGG_015,4
TGCACAGATGAGTACATGGG_016,63
TGCACAGATGAGTACATGGG_017,112
TGCACAGATGAGTACATGGG_018,152
TGCACAGATGAGTACATGGG_019,10
TGCACAGATGAGTACATGGG_020,177
ACAGCCAGGAAAGGTTCTCT_001,98
ACAGCCAGGAAAGGTTCTCT_002,182
ACAGCCAGGAAAGGTTCTCT_003,53
ACAGCCAGGAAAGGTTCTCT_004,105
ACAGCCAGGAAAGGTTCTCT_005,78
ACAGCCAGGAAAGGTTCTCT_006,135
ACAGCCAGGAAAGGTTCTCT_007,6
ACAGCCAGGAAAGGTTCTCT_008,19
ACAGCCAGGAAAGGTTCTCT_009,78
GCAGTTCTTGATGCGACACA_001,153
GCAGTTCTTGATGCGACACA_002,44
GCAGTTCTTGATGCGACACA_003,77
GCAGTTCTTGATGCGACACA_004,175
GCAGTTCTTGATGCGACACA_005,100
GCAGTTCTTGATGCGACACA_006,34
GCAGTTCTTGATGCGACACA_007,44
GCAGTTCTTGATGCGACACA_008,47
GCAGTTCTTGATGCGACACA_009,161
GCAGTTCTTGATGCGACACA_010,24
GCAGTTCTTGATGCGACACA_011,173
GCAGTTCTTGATGCGACACA_012,29
GCAGTTCTTGATGCGACACA_013,149
GCAGTTCTTGATGCGACACA_014,188
GCAGTTCTTGATGCGACACA_015,61
GCAGTTCTTGATGCGACACA_016,134
GCAGTTCTTGATGCGACACA_017,130
GCAGTTCTTGATGCGACACA_018,113
GCAGTTCTTGATGCGACACA_019,78
GCAGTTCTTGATGCGACACA_020,48
ACCCAAGCCATCCTGAACCT_001,72
ACCCAAGCCATCCTGAACCT_002,170
ACCCAAGCCATCCTGAACCT_003,93
ACCCAAGCCATCCTGAACCT_004,158
ACCCAAGCCATCCTGAACCT_005,107
ACCCAAGCCATCCTGAACCT_006,152
ACCCAAGCCATCCTGAACCT_007,72
ACCCAAGCCATCCTGAACCT_008,120
ACCCAAGCCATCCTGAACCT_009,83
ACCCAAGCCATCCTGAACCT_010,180
ACCCAAGCCATCCTGAACCT_011,61
CCTAGTGCCAACTAGGTACG_001,149
CCTAGTGCCAACTAGGTACG_002,17
CCTAGTGCCAACTAGGTACG_003,76
CCTAGTGCCAACTAGGTACG_004,117
CCTAGTGCCAACTAGGTACG_005,166
CCTAGTGCCAACTAGGTACG_006,74
CCTAGTGCCAACTAGGTACG_007,19
CCTAGTGCCAACTAGGTACG_008,104
CCTAGTGCCAACTAGGTACG_009,9
CCTAGTGCCAACTAGGTACG_010,30
GGACCCCTACTATTGCAACA_001,188
GGACCCCTACTATTGCAACA_002,184
GGACCCCTACTATTGCAACA_003,43
CGAGCTCTGGAAACGAAGGT_001,168
CGAGCTCTGGAAACGAAGGT_002,1
CGAGCTCTGGAAACGAAGGT_003,25
CGAGCTCTGGAAACGAAGGT_004,7
CGAGCTCTGGAAACGAAGGT_005,7
CGAGCTCTGGAAACGAAGGT_006,6
CGAGCTCTGGAAACGAAGGT_007,125
CGAGCTCTGGAAACGAAGGT_008,51
CGAGCTCTGGAAACGAAGGT_009,29
CGAGCTCTGGAAACGAAGGT_010,198
CGAGCTCTGGAAACGAAGGT_011,108
CGAGCTCTGGAAACGAAGGT_012,97
CGAGCTCTGGAAACGAAGGT_013,102
CGAGCTCTGGAAACGAAGGT_014,106
CGAGCTCTGGAAACGAAGGT_015,63
AAGCCGCAGGGGGCACCGTG_001,166
AAGCCGCAGGGGGCACCGTG_002,137
AAGCCGCAGGGGGCACCGTG_003,113
AAGCCGCAGGGGGCACCGTG_004,72
AAGCCGCAGGGGGCACCGTG_005,81
AAGCCGCAGGGGGCACCGTG_006,30
AAGCCGCAGGGGGCACCGTG_007,76
AAGCCGCAGGGGGCACCGTG_008,198
AAGCCGCAGGGGGCACCGTG_009,182
AAGCCGCAGGGGGCACCGTG_010,148
AAGCCGCAGGGGGCACCGTG_011,6
AAGCCGCAGGGGGCACCGTG_012,125
AAGCCGCAGGGGGCACCGTG_013,130
AAGCCGCAGGGGGCACCGTG_014,114
AAGCCGCAGGGGGCACCGTG_015,141
AAGCCGCAGGGGGCACCGTG_016,106
AAGCCGCAGGGGGCACCGTG_017,127
AAGCCGCAGGGGGCACCGTG_018,162
AGACGTATACAGTGTCACCG_001,121
AGACGTATACAGTGTCACCG_002,149
CTCGATCAGCACGATCTCGT_001,149
CTCGATCAGCACGATCTCGT_002,133
CTCGATCAGCACGATCTCGT_003,190
GAGGACAGATTATCTACACG_001,151
GAGGACAGATTATCTACACG_002,17
GAGGACAGATTATCTACACG_003,188
GAGGACAGATTATCTACACG_004,188
TGCTTCCTGATTGCTATGTG_001,41
TGCTTCCTGATTGCTATGTG_002,94
TGCTTCCTGATTGCTATGTG_003,191
TGCTTCCTGATTGCTATGTG_004,135
TGCTTCCTGATTGCTATGTG_005,117
TGCTTCCTGATTGCTATGTG_006,10
TGCTTCCTGATTGCTATGTG_007,32
TGCTTCCTGATTGCTATGTG_008,188
TGCTTCCTGATTGCTATGTG_009,15
TGCTTCCTGATTGCTATGTG_010,19
TGCTTCCTGATTGCTATGTG_011,115
TGCTTCCTGATTGCTATGTG_012,183
GGGTGCGCACATGTACCTTG_001,181
GGGTGCGCACATGTACCTTG_002,17
GGGTGCGCACATGTACCTTG_003,83
GGGTGCGCACATGTACCTTG_004,134
GGGTGCGCACATGTACCTTG_005,0
GGGTGCGCACATGTACCTTG_006,150
GGGTGCGCACATGTACCTTG_007,50
ATGTCAATGATCCCTGGGAA_001,182
ATGTCAATGATCCCTGGGAA_002,116
ATGTCAATGATCCCTGGGAA_003,190
ATGTCAATGATCCCTGGGAA_004,45
TAACTTTACAGTTAACCTTG_001,63
TAACTTTACAGTTAACCTTG_002,105
TAACTTTACAGTTAACCTTG_003,45
TAACTTTACAGTTAACCTTG_004,156
TAACTTTACAGTTAACCTTG_005,92
TAACTTTACAGTTAACCTTG_006,152
GGCAGTTTCCAACTCCCTGG_001,80
GGCAGTTTCCAACTCCCTGG_002,188
GGCAGTTTCCAACTCCCTGG_003,5
GGCAGTTTCCAACTCCCTGG_004,138
GGCAGTTTCCAACTCCCTGG_005,151
GGCAGTTTCCAACTCCCTGG_006,77
GGCAGTTTCCAACTCCCTGG_007,1
GGCAGTTTCCAACTCCCTGG_008,111
GGCAGTTTCCAACTCCCTGG_009,117
GGCAGTTTCCAACTCCCTGG_010,38
GGCAGTTTCCAACTCCCTGG_011,30
GGCAGTTTCCAACTCCCTGG_012,171
GGCAGTTTCCAACTCCCTGG_013,82
GGCAGTTTCCAACTCCCTGG_014,196
GGCAGTTTCCAACTCCCTGG_015,125
GGCAGTTTCCAACTCCCTGG_016,170
GGCAGTTTCCAACTCCCTGG_017,176
GGCAGTTTCCAACTCCCTGG_018,142
GGCAGTTTCCAACTCCCTGG_019,152
GGCAGTTTCCAACTCCCTGG_020,156
GGCAGTTTCCAACTCCCTGG_021,3
GGCAGTTTCCAACTCCCTGG_022,166
GGCAGTTTCCAACTCCCTGG_023,197
GGCAGTTTCCAACTCCCTGG_024,166
GGCAGTTTCCAACTCCCTGG_025,162
AAGAGAATGATCCATACCAC_001,14
AAGAGAATGATCCATACCAC_002,166
AAGAGAATGATCCATACCAC_003,165
AAGAGAATGATCCATACCAC_004,48
AAGAGAATGATCCATACCAC_005,20
AGTACTTCCCGGCTCCATCT_001,69
AGTACTTCCCGGCTCCATCT_002,199
AGTACTTCCCGGCTCCATCT_003,147
AGTACTTCCCGGCTCCATCT_004,168
AGTACTTCCCGGCTCCATCT_005,56
AGTACTTCCCGGCTCCATCT_006,104
AGTACTTCCCGGCTCCATCT_007,99
AGTACTTCCCGGCTCCATCT_008,92
AAATCTCTAAGACCAACCTG_001,88
AAATCTCTAAGACCAACCTG_002,96
AAATCTCTAAGACCAACCTG_003,148
AAATCTCTAAGACCAACCTG_004,135
AAATCTCTAAGACCAACCTG_005,40
CAAACTATCAGGATGAACAA_001,116
CAAACTATCAGGATGAACAA_002,30
GAACGAGCCTCGGTATCTTG_001,87
GAACGAGCCTCGGTATCTTG_002,184
GAACGAGCCTCGGTATCTTG_003,12
GAACGAGCCTCGGTATCTTG_004,152
GAACGAGCCTCGGTATCTTG_005,136
GAACGAGCCTCGGTATCTTG_006,146
AGATAAGCAGGATCGCAACA_001,70
AGATAAGCAGGATCGCAACA_002,75
AGATAAGCAGGATCGCAACA_003,169
AGATAAGCAGGATCGCAACA_004,133
ATACTAATGACATTTACCTG_001,166
ATACTAATGACATTTACCTG_002,145
GAAAAGTGGCATTGGTCATG_001,58
GAAAAGTGGCATTGGTCATG_002,112
GAAAAGTGGCATTGGTCATG_003,8
GAAAAGTGGCATTGGTCATG_004,155
GAAAAGTGGCATTGGTCATG_005,168
GAAAAGTGGCATTGGTCATG_006,176
TGACCGGCTTGTAGGACGCG_001,82
TGACCGGCTTGTAGGACGCG_002,170
TGACCGGCTTGTAGGACGCG_003,170
TGACCGGCTTGTAGGACGCG_004,19
TGACCGGCTTGTAGGACGCG_005,136
GTTTCCTGACTGACCGATCG_001,118
GTTTCCTGACTGACCGATCG_002,78
GTTTCCTGACTGACCGATCG_003,149
GTTTCCTGACTGACCGATCG_004,92
GTTTCCTGACTGACCGATCG_005,94
GTTTCCTGACTGACCGATCG_006,121
GTTTCCTGACTGACCGATCG_007,161
GTTTCCTGACTGACCGATCG_008,177
GTTTCCTGACTGACCGATCG_009,8
GTTTCCTGACTGACCGATCG_010,196
GTTTCCTGACTGACCGATCG_011,130
GTTTCCTGACTGACCGATCG_012,94
ACGCGGCCTGAACGATCTAT_001,159
ACGCGGCCTGAACGATCTAT_002,57
ACGCGGCCTGAACGATCTAT_003,9
ACGCGGCCTGAACGATCTAT_004,71
TCTCTGCAAGTCGAAAGGCA_001,158
ACACCACCGAGCAATTGAAG_001,47
ACACCACCGAGCAATTGAAG_002,47
ACACCACCGAGCAATTGAAG_003,9
ACACCACCGAGCAATTGAAG_004,129
ACACCACCGAGCAATTGAAG_005,28
ACACCACCGAGCAATTGAAG_006,197
ACACCACCGAGCAATTGAAG_007,197
GGAGTAATATTCATACGGCA_001,103
GGAGTAATATTCATACGGCA_002,169
TTGACCTGTAACCCACAACT_001,12
TTGACCTGTAACCCACAACT_002,34
TTGACCTGTAACCCACAACT_003,77
TTGACCTGTAACCCACAACT_004,175
TTGACCTGTAACCCACAACT_005,49
TTGACCTGTAACCCACAACT_006,197
TTGACCTGTAACCCACAACT_007,147
TTGACCTGTAACCCACAACT_008,27
TTGACCTGTAACCCACAACT_009,148
TTGACCTGTAACCCACAACT_010,98
TTTCCTTTCCATGCAAACAA_001,94
TTTCCTTTCCATGCAAACAA_002,15
AATACGGTAGATGCATCAGT_001,2
AATACGGTAGATGCATCAGT_002,62
AATACGGTAGATGCATCAGT_003,199
AATACGGTAGATGCATCAGT_004,41
AATACGGTAGATGCATCAGT_005,103
AATACGGTAGATGCATCAGT_006,160
AATACGGTAGATGCATCAGT_007,116
AATACGGTAGATGCATCAGT_008,31
AATACGGTAGATGCATCAGT_009,72
AATACGGTAGATGCATCAGT_010,72
AATACGGTAGATGCATCAGT_011,75
TATAGTAAAAGACATCCCTG_001,30
TATAGTAAAAGACATCCCTG_002,132
TATAGTAAAAGACATCCCTG_003,62
TATAGTAAAAGACATCCCTG_004,94
TATAGTAAAAGACATCCCTG_005,160
TATAGTAAAAGACATCCCTG_006,10
TATAGTAAAAGACATCCCTG_007,198
TATAGTAAAAGACATCCCTG_008,98
TATAGTAAAAGACATCCCTG_009,177
TACTGCGCGCGCTCCGATAG_001,144
TACTGCGCGCGCTCCGATAG_002,96
TACTGCGCGCGCTCCGATAG_003,166
TACTGCGCGCGCTCCGATAG_004,168
TACTGCGCGCGCTCCGATAG_005,138
ACTTACTCAGATCTTGACAT_001,69
ACTTACTCAGATCTTGACAT_002,88
ACTTACTCAGATCTTGACAT_003,88
ACTTACTCAGATCTTGACAT_004,29
GTTACACAGGCATTCGAGAG_001,199
GTTACACAGGCATTCGAGAG_002,144
GTTACACAGGCATTCGAGAG_003,144
GTTACACAGGCATTCGAGAG_004,47
GTTACACAGGCATTCGAGAG_005,6
TCGGGGTTGGGGTTCCACAG_001,28
TCGGGGTTGGGGTTCCACAG_002,138
CAAACATCTGAGGAGCAACT_001,138
CAAACATCTGAGGAGCAACT_002,56
CAAACATCTGAGGAGCAACT_003,61
CAAACATCTGAGGAGCAACT_004,58
CAAACATCTGAGGAGCAACT_005,17
GCCACAACCTCAGGACCTTG_001,118
GCCACAACCTCAGGACCTTG_002,81
GCCACAACCTCAGGACCTTG_003,17
GCCACAACCTCAGGACCTTG_004,89
GCCACAACCTCAGGACCTTG_005,198
GCCACAACCTCAGGACCTTG_006,85
GCCACAACCTCAGGACCTTG_007,22
GCCACAACCTCAGGACCTTG_008,63
GCCACAACCTCAGGACCTTG_009,184
GCCACAACCTCAGGACCTTG_010,29
GCCACAACCTCAGGACCTTG_011,85
GCCACAACCTCAGGACCTTG_012,146
GCCACAACCTCAGGACCTTG_013,92
GCCACAACCTCAGGACCTTG_014,83
GCCACAACCTCAGGACCTTG_015,194
GCCACAACCTCAGGACCTTG_016,159
GCCACAACCTCAGGACCTTG_017,177
GCCACAACCTCAGGACCTTG_018,11
GCCACAACCTCAGGACCTTG_019,93
GCCACAACCTCAGGACCTTG_020,93
GCCACAACCTCAGGACCTTG_021,163
GCCACAACCTCAGGACCTTG_022,35
GCCACAACCTCAGGACCTTG_023,189
GCCACAACCTCAGGACCTTG_024,128
GCCACAACCTCAGGACCTTG_025,196
GCCACAACCTCAGGACCTTG_026,3
GCCACAACCTCAGGACCTTG_027,49
GCCACAACCTCAGGACCTTG_028,26
GCCACAACCTCAGGACCTTG_029,51
GCCACAACCTCAGGACCTTG_030,17
GCCACAACCTCAGGACCTTG_031,40
CAAGGCCAGCCCATTCAGCG_001,139
CAAGGCCAGCCCATTCAGCG_002,121
CAAGGCCAGCCCATTCAGCG_003,5
CAAGGCCAGCCCATTCAGCG_004,177
CAAGGCCAGCCCATTCAGCG_005,158
CAAGGCCAGCCCATTCAGCG_006,197
CAAGGCCAGCCCATTCAGCG_007,156
CAAGGCCAGCCCATTCAGCG_008,188
CAAGGCCAGCCCATTCAGCG_009,42
CAAGGCCAGCCCATTCAGCG_010,178
CAAGGCCAGCCCATTCAGCG_011,13
CAAGGCCAGCCCATTCAGCG_012,82
CAAGGCCAGCCCATTCAGCG_013,40
GGAGAAGTGAACACTTACGC_001,181
GGAGAAGTGAACACTTACGC_002,133
GGAGAAGTGAACACTTACGC_003,130
GGAGAAGTGAACACTTACGC_004,1
GGAGAAGTGAACACTTACGC_005,48
GGAGAAGTGAACACTTACGC_006,125
GGAGAAGTGAACACTTACGC_007,76
GGAGAAGTGAACACTTACGC_008,158
GGAGAAGTGAACACTTACGC_009,74
GGAGAAGTGAACACTTACGC_010,156
GGAGAAGTGAACACTTACGC_011,146
GGAGAAGTGAACACTTACGC_012,191
GGAGAAGTGAACACTTACGC_013,80
GGAGAAGTGAACACTTACGC_014,168
GGAGAAGTGAACACTTACGC_015,0
GGAGAAGTGAACACTTACGC_016,104
GGAGAAGTGAACACTTACGC_017,49
CTCCCAGCTCCAGATACAGG_001,38
CTCCCAGCTCCAGATACAGG_002,171
CTCCCAGCTCCAGATACAGG_003,99
CTCCCAGCTCCAGATACAGG_004,67
ACACTGCCTGCATATGTCAC_001,6
ACACTGCCTGCATATGTCAC_002,62
ACACTGCCTGCATATGTCAC_003,183
ACACTGCCTGCATATGTCAC_004,147
ACACTGCCTGCATATGTCAC_005,188
ACACTGCCTGCATATGTCAC_006,133
AGTCCAGCCAGAGCATGCCG_001,142
AGTCCAGCCAGAGCATGCCG_002,95
AGTCCAGCCAGAGCATGCCG_003,118
AGTCCAGCCAGAGCATGCCG_004,50
AGTCCAGCCAGAGCATGCCG_005,121
AGTCCAGCCAGAGCATGCCG_006,39
ACTTGTCACAGGTTAGCACC_001,13
ATCAGCAGGTCCATGTACCT_001,50
ATCAGCAGGTCCATGTACCT_002,115
ATCAGCAGGTCCATGTACCT_003,49
ATCAGCAGGTCCATGTACCT_004,199
ATCAGCAGGTCCATGTACCT_005,114
ATCAGCAGGTCCATGTACCT_006,154
ATCAGCAGGTCCATGTACCT_007,127
ATCAGCAGGTCCATGTACCT_008,134
ATCAGCAGGTCCATGTACCT_009,169
ATCAGCAGGTCCATGTACCT_010,198
ATCAGCAGGTCCATGTACCT_011,83
ATCAGCAGGTCCATGTACCT_012,91
ATCAGCAGGTCCATGTACCT_013,157
ATCAGCAGGTCCATGTACCT_014,75
ATCAGCAGGTCCATGTACCT_015,64
ATCAGCAGGTCCATGTACCT_016,159
ATCAGCAGGTCCATGTACCT_017,50
ATCAGCAGGTCCATGTACCT_018,69
ATCAGCAGGTCCATGTACCT_019,2
ATCAGCAGGTCCATGTACCT_020,105
ATCAGCAGGTCCATGTACCT_021,150
ATCAGCAGGTCCATGTACCT_022,6
ATCAGCAGGTCCATGTACCT_023,7
ATCAGCAGGTCCATGTACCT_024,43
ATCAGCAGGTCCATGTACCT_025,90
ATCAGCAGGTCCATGTACCT_026,178
ATCAGCAGGTCCATGTACCT_027,108
ATCAGCAGGTCCATGTACCT_028,145
ATCAGCAGGTCCATGTACCT_029,111
AGAACCTTCTGTAAGAAGTG_001,137
AGAACCTTCTGTAAGAAGTG_002,158
AGAACCTTCTGTAAGAAGTG_003,29
AGAACCTTCTGTAAGAAGTG_004,156
AGAACCTTCTGTAAGAAGTG_005,85
AGAACCTTCTGTAAGAAGTG_006,56
CGACCACCCTGGGCACGTCA_001,146
CGACCACCCTGGGCACGTCA_002,176
CGACCACCCTGGGCACGTCA_003,43
CGACCACCCTGGGCACGTCA_004,115
CGACCACCCTGGGCACGTCA_005,29
CGACCACCCTGGGCACGTCA_006,183
CGACCACCCTGGGCACGTCA_007,1
CGACCACCCTGGGCACGTCA_008,137
CGACCACCCTGGGCACGTCA_009,106
CGACCACCCTGGGCACGTCA_010,78
CGACCACCCTGGGCACGTCA_011,0
CGACCACCCTGGGCACGTCA_012,160
CGACCACCCTGGGCACGTCA_013,82
CGACCACCCTGGGCACGTCA_014,190
CGACCACCCTGGGCACGTCA_015,170
CGACCACCCTGGGCACGTCA_016,178
CGACCACCCTGGGCACGTCA_017,127
CGACCACCCTGGGCACGTCA_018,13
CGACCACCCTGGGCACGTCA_019,80
CGACCACCCTGGGCACGTCA_020,151
CGACCACCCTGGGCACGTCA_021,36
CGACCACCCTGGGCACGTCA_022,10
CGACCACCCTGGGCACGTCA_023,121
CGACCACCCTGGGCACGTCA_024,82
CGACCACCCTGGGCACGTCA_025,184
GGGACAGACTCAGCCCACCG_001,98
GGGACAGACTCAGCCCACCG_002,58
GGGACAGACTCAGCCCACCG_003,182
GGGACAGACTCAGCCCACCG_004,4
GGGACAGACTCAGCCCACCG_005,132
GGGACAGACTCAGCCCACCG_006,61
GGGACAGACTCAGCCCACCG_007,54
GGGACAGACTCAGCCCACCG_008,142
CGTCGCCCAGACCCCGGGAT_001,105
CGTCGCCCAGACCCCGGGAT_002,88
CGTCGCCCAGACCCCGGGAT_003,41
CGTCGCCCAGACCCCGGGAT_004,57
CGTCGCCCAGACCCCGGGAT_005,85
CGTCGCCCAGACCCCGGGAT_006,69
CGTCGCCCAGACCCCGGGAT_007,183
CGTCGCCCAGACCCCGGGAT_008,68
CGTCGCCCAGACCCCGGGAT_009,160
CGTCGCCCAGACCCCGGGAT_010,158
CGTCGCCCAGACCCCGGGAT_011,10
CGTCGCCCAGACCCCGGGAT_012,184
CAGTCCGAGAATGTCGACCG_001,109
CAGTCCGAGAATGTCGACCG_002,78
CAGTCCGAGAATGTCGACCG_003,182
CAGTCCGAGAATGTCGACCG_004,64
CAGTCCGAGAATGTCGACCG_005,162
CAGTCCGAGAATGTCGACCG_006,173
CAGTCCGAGAATGTCGACCG_007,173
CAGTCCGAGAATGTCGACCG_008,38
CAGTCCGAGAATGTCGACCG_009,64
CAGTCCGAGAATGTCGACCG_010,84
CAGTCCGAGAATGTCGACCG_011,108
CAGTCCGAGAATGTCGACCG_012,64
CAGTCCGAGAATGTCGACCG_013,77
CAGTCCGAGAATGTCGACCG_014,10
CAGTCCGAGAATGTCGACCG_015,60
CAGTCCGAGAATGTCGACCG_016,147
CAGTCCGAGAATGTCGACCG_017,18
CAGTCCGAGAATGTCGACCG_018,152
GCATAGCGACTCGATCTCGG_001,48
GCATAGCGACTCGATCTCGG_002,1
GCATAGCGACTCGATCTCGG_003,49
GCATAGCGACTCGATCTCGG_004,15
GCATAGCGACTCGATCTCGG_005,170
GCATAGCGACTCGATCTCGG_006,60
GCATAGCGACTCGATCTCGG_007,68
GCATAGCGACTCGATCTCGG_008,63
GCATAGCGACTCGATCTCGG_009,19
GCATAGCGACTCGATCTCGG_010,176
GCATAGCGACTCGATCTCGG_011,70
GCATAGCGACTCGATCTCGG_012,57
GCATAGCGACTCGATCTCGG_013,137
GCATAGCGACTCGATCTCGG_014,177
GCATAGCGACTCGATCTCGG_015,105
GCATAGCGACTCGATCTCGG_016,148
GCATAGCGACTCGATCTCGG_017,187
GCATAGCGACTCGATCTCGG_018,48
GCTCATGTACAACGATGAGT_001,178
GCTCATGTACAACGATGAGT_002,36
GCTCATGTACAACGATGAGT_003,48
GCTCATGTACAACGATGAGT_004,181
GCCTTCGGCATCGCACACCA_001,20
GCCTTCGGCATCGCACACCA_002,60
GCCTTCGGCATCGCACACCA_003,176
GCCTTCGGCATCGCACACCA_004,40
GCCTTCGGCATCGCACACCA_005,117
GCCTTCGGCATCGCACACCA_006,146
GCCTTCGGCATCGCACACCA_007,43
GCCTTCGGCATCGCACACCA_008,191
GCCTTCGGCATCGCACACCA_009,6
GCCTTCGGCATCGCACACCA_010,173
GCCTTCGGCATCGCACACCA_011,84
GCCTTCGGCATCGCACACCA_012,178
GCCTTCGGCATCGCACACCA_013,22
GCCTTCGGCATCGCACACCA_014,12
GGAGAACTTGCTCAACACAG_001,102
GGAGAACTTGCTCAACACAG_002,162
GGAGAACTTGCTCAACACAG_003,50
GGAGAACTTGCTCAACACAG_004,130
GGAGAACTTGCTCAACACAG_005,116
CCACCACAACTAAATCCACG_001,34
CCACCACAACTAAATCCACG_002,50
CCACCACAACTAAATCCACG_003,158
CCACCACAACTAAATCCACG_004,12
CCACCACAACTAAATCCACG_005,82
CCACCACAACTAAATCCACG_006,82
CCACCACAACTAAATCCACG_007,13
ACTTCGAACACTCTACTCGA_001,92
ACTTCGAACACTCTACTCGA_002,139
ACTTCGAACACTCTACTCGA_003,78
ACTTCGAACACTCTACTCGA_004,190
ACTTCGAACACTCTACTCGA_005,58
ACTTCGAACACTCTACTCGA_006,91
TGAATTTGGATCCACAGACT_001,114
TGAATTTGGATCCACAGACT_002,80
TGAATTTGGATCCACAGACT_003,97
TGAATTTGGATCCACAGACT_004,183
TGAATTTGGATCCACAGACT_005,34
TGAATTTGGATCCACAGACT_006,81
TGAATTTGGATCCACAGACT_007,132
TGAATTTGGATCCACAGACT_008,61
TGAATTTGGATCCACAGACT_009,130
TGAATTTGGATCCACAGACT_010,37
GTTTCCAAAATTAAGCTGCG_001,198
GTTTCCAAAATTAAGCTGCG_002,136
GTTTCCAAAATTAAGCTGCG_003,58
GTTTCCAAAATTAAGCTGCG_004,86
GTTGAAGAGGAAGTGTGCAT_001,1
GTTGAAGAGGAAGTGTGCAT_002,188
GTTGAAGAGGAAGTGTGCAT_003,172
GTTGAAGAGGAAGTGTGCAT_004,73
GTTGAAGAGGAAGTGTGCAT_005,162
GTTGAAGAGGAAGTGTGCAT_006,4
GTTGAAGAGGAAGTGTGCAT_007,152
GTTGAAGAGGAAGTGTGCAT_008,160
GTTGAAGAGGAAGTGTGCAT_009,77
GTTGAAGAGGAAGTGTGCAT_010,105
GTTGAAGAGGAAGTGTGCAT_011,177
GTTGAAGAGGAAGTGTGCAT_012,13
GTTGAAGAGGAAGTGTGCAT_013,29
GTTGAAGAGGAAGTGTGCAT_014,174
GTTGAAGAGGAAGTGTGCAT_015,161
GTTGAAGAGGAAGTGTGCAT_016,197
AGTACTACAACCAGACTACG_001,97
AGTACTACAACCAGACTACG_002,48
AGTACTACAACCAGACTACG_003,139
AGTACTACAACCAGACTACG_004,105
AGTACTACAACCAGACTACG_005,104
AGTACTACAACCAGACTACG_006,56
ATCCCTCCGTACGAGAATGG_001,52
ATCCCTCCGTACGAGAATGG_002,147
ATCCCTCCGTACGAGAATGG_003,16
ATCCCTCCGTACGAGAATGG_004,78
ATCCCTCCGTACGAGAATGG_005,179
ATCCCTCCGTACGAGAATGG_006,1
ATCCCTCCGTACGAGAATGG_007,68
ATCCCTCCGTACGAGAATGG_008,69
ATCCCTCCGTACGAGAATGG_009,141
ATCCCTCCGTACGAGAATGG_010,58
ATCCCTCCGTACGAGAATGG_011,44
ATCCCTCCGTACGAGAATGG_012,41
ATCCCTCCGTACGAGAATGG_013,7
ATCCCTCCGTACGAGAATGG_014,192
ATCCCTCCGTACGAGAATGG_015,190
ATCCCTCCGTACGAGAATGG_016,177
ATCCCTCCGTACGAGAATGG_017,59
ATCCCTCCGTACGAGAATGG_018,34
ATCCCTCCGTACGAGAATGG_019,174
ATCCCTCCGTACGAGAATGG_020,17
ATCCCTCCGTACGAGAATGG_021,141
ATCCCTCCGTACGAGAATGG_022,87
ATCCCTCCGTACGAGAATGG_023,16
ATCCCTCCGTACGAGAATGG_024,34
ATCCCTCCGTACGAGAATGG_025,188
ATCCCTCCGTACGAGAATGG_026,16
ATCCCTCCGTACGAGAATGG_027,184
ATCCCTCCGTACGAGAATGG_028,172
ATCCCTCCGTACGAGAATGG_029,162
ATCCCTCCGTACGAGAATGG_030,83
ATCCCTCCGTACGAGAATGG_031,68
ATCCCTCCGTACGAGAATGG_032,183
ATCCCTCCGTACGAGAATGG_033,138
ATCCCTCCGTACGAGAATGG_034,65
ATCCCTCCGTACGAGAATGG_035,33
CTCCGGTCCATGCAGTACAA_001,70
CTCCGGTCCATGCAGTACAA_002,49
CTCCGGTCCATGCAGTACAA_003,197
CTCCGGTCCATGCAGTACAA_004,177
CTCCGGTCCATGCAGTACAA_005,162
GCTTGAATATGAAAGGGTGT_001,78
GCTTGAATATGAAAGGGTGT_002,17
GCTTGAATATGAAAGGGTGT_003,95
GCTTGAATATGAAAGGGTGT_004,92
CTGGCAGCTAACAACTACCC_001,151
CTGGCAGCTAACAACTACCC_002,179
CTGGCAGCTAACAACTACCC_003,129
CTGGCAGCTAACAACTACCC_004,104
AGAAAGCATGATTACAACGC_001,118
AGAAAGCATGATTACAACGC_002,176
AGAAAGCATGATTACAACGC_003,146
AGAAAGCATGATTACAACGC_004,146
ATGTCGGCGGAGACCGCGAG_001,76
ATGTCGGCGGAGACCGCGAG_002,129
ATGTCGGCGGAGACCGCGAG_003,127
ATGTCGGCGGAGACCGCGAG_004,11
ATGTCGGCGGAGACCGCGAG_005,165
ATGTCGGCGGAGACCGCGAG_006,103
ATGTCGGCGGAGACCGCGAG_007,145
ACGATGTGGCTTGCTCGCGG_001,155
ACGATGTGGCTTGCTCGCGG_002,93
ACGATGTGGCTTGCTCGCGG_003,1
ACGATGTGGCTTGCTCGCGG_004,186
ACGATGTGGCTTGCTCGCGG_005,5
AGGGGACTCGGAGACTGCGA_001,5
AGGGGACTCGGAGACTGCGA_002,72
AGGGGACTCGGAGACTGCGA_003,1
AGGGGACTCGGAGACTGCGA_004,58
AGGGGACTCGGAGACTGCGA_005,115
AGGGGACTCGGAGACTGCGA_006,104
AGGGGACTCGGAGACTGCGA_007,9
AGGGGACTCGGAGACTGCGA_008,88
AGGGGACTCGGAGACTGCGA_009,4
AGGGGACTCGGAGACTGCGA_010,127
AGGGGACTCGGAGACTGCGA_011,69
AGGGGACTCGGAGACTGCGA_012,120
AGGGGACTCGGAGACTGCGA_013,29
AGGGGACTCGGAGACTGCGA_014,76
AGGGGACTCGGAGACTGCGA_015,106
AGGGGACTCGGAGACTGCGA_016,62
AGGGGACTCGGAGACTGCGA_017,29
AGGGGACTCGGAGACTGCGA_018,10
AGGGGACTCGGAGACTGCGA_019,1
AGGGGACTCGGAGACTGCGA_020,197
AGGGGACTCGGAGACTGCGA_021,147
AGGGGACTCGGAGACTGCGA_022,86
AGGGGACTCGGAGACTGCGA_023,50
AGGGGACTCGGAGACTGCGA_024,81
TCGCCAGCCCTACCGAGTGA_001,24
TCGCCAGCCCTACCGAGTGA_002,124
TCGCCAGCCCTACCGAGTGA_003,2
GTGTCTCTGTATCCCCTGGG_001,101
GTGTCTCTGTATCCCCTGGG_002,169
GTGTCTCTGTATCCCCTGGG_003,12
GTGTCTCTGTATCCCCTGGG_004,78
GTGTCTCTGTATCCCCTGGG_005,50
CTTGGTGCGGAAGTCATCCG_001,159
CTTGGTGCGGAAGTCATCCG_002,145
CTTGGTGCGGAAGTCATCCG_003,105
CTTGGTGCGGAAGTCATCCG_004,149
CTTGGTGCGGAAGTCATCCG_005,105
CTTGGTGCGGAAGTCATCCG_006,40
CTTGGTGCGGAAGTCATCCG_007,40
CTTGGTGCGGAAGTCATCCG_008,88
CTTGGTGCGGAAGTCATCCG_009,123
CTTGGTGCGGAAGTCATCCG_010,46
CTTGGTGCGGAAGTCATCCG_011,81
CTTGGTGCGGAAGTCATCCG_012,47
GGAGGAGGACACCCGTCTGA_001,129
CCAGAGACAAATCCACGGGC_001,132
CCAGAGACAAATCCACGGGC_002,181
CCAGAGACAAATCCACGGGC_003,127
CCAGAGACAAATCCACGGGC_004,191
CCAGAGACAAATCCACGGGC_005,34
CCAGAGACAAATCCACGGGC_006,63
GGCAGCAACCGACTGTCCAT_001,137
GGCAGCAACCGACTGTCCAT_002,11
GGCAGCAACCGACTGTCCAT_003,50
GGCAGCAACCGACTGTCCAT_004,36
GGCAGCAACCGACTGTCCAT_005,36
GGCAGCAACCGACTGTCCAT_006,13
TGTGCCCAAGCAACCACATG_001,6
TGTGCCCAAGCAACCACATG_002,49
TGTGCCCAAGCAACCACATG_003,25
TGTGCCCAAGCAACCACATG_004,181
TGTGCCCAAGCAACCACATG_005,57
TGTGCCCAAGCAACCACATG_006,164
TGTGCCCAAGCAACCACATG_007,120
TGTGCCCAAGCAACCACATG_008,24
TGTGCCCAAGCAACCACATG_009,126
TGTGCCCAAGCAACCACATG_010,12
TGTGCCCAAGCAACCACATG_011,35
TGTGCCCAAGCAACCACATG_012,30
TGTGCCCAAGCAACCACATG_013,2
TGTGCCCAAGCAACCACATG_014,12
TGTGCCCAAGCAACCACATG_015,23
TGTGCCCAAGCAACCACATG_016,185
TGTGCCCAAGCAACCACATG_017,123
TGTGCCCAAGCAACCACATG_018,1
TGTGCCCAAGCAACCACATG_019,12
TGTGCCCAAGCAACCACATG_020,137
TGTGCCCAAGCAACCACATG_021,0
TGTGCCCAAGCAACCACATG_022,6
TGTGCCCAAGCAACCACATG_023,97
TGTGCCCAAGCAACCACATG_024,178
CCTTTGCCAGAGAGTCGCCG_001,174
CCTTTGCCAGAGAGTCGCCG_002,147
CCTTTGCCAGAGAGTCGCCG_003,174
CCTTTGCCAGAGAGTCGCCG_004,199
CCTTTGCCAGAGAGTCGCCG_005,96
CCTTTGCCAGAGAGTCGCCG_006,64
CCTTTGCCAGAGAGTCGCCG_007,107
CCTTTGCCAGAGAGTCGCCG_008,41
CCTTTGCCAGAGAGTCGCCG_009,38
CGAGTGCGAGTACTACCCGG_001,43
CGAGTGCGAGTACTACCCGG_002,104
CGAGTGCGAGTACTACCCGG_003,199
ACTGTAGACTCATTAAAACC_001,127
ACTGTAGACTCATTAAAACC_002,118
ACTGTAGACTCATTAAAACC_003,16
ACTGTAGACTCATTAAAACC_004,70
ACTGTAGACTCATTAAAACC_005,77
ACTGTAGACTCATTAAAACC_006,78
ACTGTAGACTCATTAAAACC_007,63
ACTGTAGACTCATTAAAACC_008,160
ACTGTAGACTCATTAAAACC_009,24
AAGGCCTCCATGAACAATGG_001,96
AAGGCCTCCATGAACAATGG_002,162
AAGGCCTCCATGAACAATGG_003,22
AAGGCCTCCATGAACAATGG_004,3
AAGGCCTCCATGAACAATGG_005,2
AAGGCCTCCATGAACAATGG_006,105
GATGTAGATGATCCGCTGAA_001,163
GATGTAGATGATCCGCTGAA_002,54
GATGTAGATGATCCGCTGAA_003,52
GATGTAGATGATCCGCTGAA_004,194
GATGTAGATGATCCGCTGAA_005,133
CAGTGACTGATAAACACCAC_001,38
CAGTGACTGATAAACACCAC_002,37
CAGTGACTGATAAACACCAC_003,41
CAGTGACTGATAAACACCAC_004,77
CAGTGACTGATAAACACCAC_005,169
CAGTGACTGATAAACACCAC_006,155
CAGTGACTGATAAACACCAC_007,29
CAGTGACTGATAAACACCAC_008,120
CAGTGACTGATAAACACCAC_009,175
CCGGCAGCAAAGATCTCTCC_001,83
CCGGCAGCAAAGATCTCTCC_002,72
CCGGCAGCAAAGATCTCTCC_003,106
CCGGCAGCAAAGATCTCTCC_004,29
CCGGCAGCAAAGATCTCTCC_005,147
CCGGCAGCAAAGATCTCTCC_006,82
AGTACGGGATCCCTGAACCA_001,5
AGTACGGGATCCCTGAACCA_002,116
AGTACGGGATCCCTGAACCA_003,70
AGTACGGGATCCCTGAACCA_004,161
AGTACGGGATCCCTGAACCA_005,49
AGTACGGGATCCCTGAACCA_006,48
AGTACGGGATCCCTGAACCA_007,83
GTTACATGTTCCACCTGACG_001,171
GTTACATGTTCCACCTGACG_002,178
GTTACATGTTCCACCTGACG_003,108
GTTACATGTTCCACCTGACG_004,78
TGTTGGCCTTTGTTGACACA_001,127
TGTTGGCCTTTGTTGACACA_002,25
TGTTGGCCTTTGTTGACACA_003,45
TGTTGGCCTTTGTTGACACA_004,121
TGTTGGCCTTTGTTGACACA_005,48
TGTTGGCCTTTGTTGACACA_006,188
TGTTGGCCTTTGTTGACACA_007,172
TGTTGGCCTTTGTTGACACA_008,174
TGTTGGCCTTTGTTGACACA_009,35
TGTTGGCCTTTGTTGACACA_010,164
TGTTGGCCTTTGTTGACACA_011,121
TGTTGGCCTTTGTTGACACA_012,183
TGGATCTCATTCCAGCACCG_001,138
TGGATCTCATTCCAGCACCG_002,165
TGGATCTCATTCCAGCACCG_003,172
TGGATCTCATTCCAGCACCG_004,105
TGGATCTCATTCCAGCACCG_005,102
TGGATCTCATTCCAGCACCG_006,143
TGGATCTCATTCCAGCACCG_007,26
TGGATCTCATTCCAGCACCG_008,192
TGGATCTCATTCCAGCACCG_009,45
TGGATCTCATTCCAGCACCG_010,191
TGGATCTCATTCCAGCACCG_011,21
TGGATCTCATTCCAGCACCG_012,192
TGGATCTCATTCCAGCACCG_013,47
TGGATCTCATTCCAGCACCG_014,114
TGGATCTCATTCCAGCACCG_015,77
ATGTCAACCTCAGTCCCTCA_001,198
ATGTCAACCTCAGTCCCTCA_002,68
ATGTCAACCTCAGTCCCTCA_003,89
ATGTCAACCTCAGTCCCTCA_004,15
ATGTCAACCTCAGTCCCTCA_005,43
ATGTCAACCTCAGTCCCTCA_006,76
ATGTCAACCTCAGTCCCTCA_007,149
ATGTCAACCTCAGTCCCTCA_008,125
ATGTCAACCTCAGTCCCTCA_009,122
ATGTCAACCTCAGTCCCTCA_010,14
ATGTCAACCTCAGTCCCTCA_011,105
ATGTCAACCTCAGTCCCTCA_012,185
ATGTCAACCTCAGTCCCTCA_013,198
AGAAAGTAATGGCACACTGG_001,154
AGAAAGTAATGGCACACTGG_002,135
AGAAAGTAATGGCACACTGG_003,157
AGAAAGTAATGGCACACTGG_004,93
AGAAAGTAATGGCACACTGG_005,1
AGAAAGTAATGGCACACTGG_006,138
CTACATCGTGATGAACTACG_001,106
CTACATCGTGATGAACTACG_002,17
CTACATCGTGATGAACTACG_003,157
CTACATCGTGATGAACTACG_004,106
CTACATCGTGATGAACTACG_005,96
CTACATCGTGATGAACTACG_006,92
GAGTACCTTAGAATATGATG_001,19
GAGTACCTTAGAATATGATG_002,185
GAGTACCTTAGAATATGATG_003,176
GAGTACCTTAGAATATGATG_004,77
GAGTACCTTAGAATATGATG_005,171
CCACTTCGGGCACTACGCTG_001,38
CCACTTCGGGCACTACGCTG_002,72
CCACTTCGGGCACTACGCTG_003,179
CCACTTCGGGCACTACGCTG_004,133
CCACTTCGGGCACTACGCTG_005,25
CCACTTCGGGCACTACGCTG_006,139
CCACTTCGGGCACTACGCTG_007,81
CCACTTCGGGCACTACGCTG_008,161
CCACTTCGGGCACTACGCTG_009,106
CCACTTCGGGCACTACGCTG_010,188
CCACTTCGGGCACTACGCTG_011,160
ACAAAGGTGTGCTATGGCAT_001,70
ACAAAGGTGTGCTATGGCAT_002,19
ACAAAGGTGTGCTATGGCAT_003,29
ACAAAGGTGTGCTATGGCAT_004,56
ACAAAGGTGTGCTATGGCAT_005,184
ACAAAGGTGTGCTATGGCAT_006,172
ACAAAGGTGTGCTATGGCAT_007,56
ACAAAGGTGTGCTATGGCAT_008,86
ACAAAGGTGTGCTATGGCAT_009,62
ACAAAGGTGTGCTATGGCAT_010,41
ACAAAGGTGTGCTATGGCAT_011,88
ACAAAGGTGTGCTATGGCAT_012,9
GAACCCAACCTTTTACCGCA_001,121
GAACCCAACCTTTTACCGCA_002,34
GAACCCAACCTTTTACCGCA_003,175
GAACCCAACCTTTTACCGCA_004,149
GAACCCAACCTTTTACCGCA_005,34
GAACCCAACCTTTTACCGCA_006,28
GAACCCAACCTTTTACCGCA_007,161
GAACCCAACCTTTTACCGCA_008,178
GAACCCAACCTTTTACCGCA_009,130
GAACCCAACCTTTTACCGCA_010,68
GAACCCAACCTTTTACCGCA_011,158
GAACCCAACCTTTTACCGCA_012,22
GAACCCAACCTTTTACCGCA_013,127
GAACCCAACCTTTTACCGCA_014,12
GAACCCAACCTTTTACCGCA_015,7
GAACCCAACCTTTTACCGCA_016,83
GAACCCAACCTTTTACCGCA_017,67
GAACCCAACCTTTTACCGCA_018,42
GAACCCAACCTTTTACCGCA_019,3
GAACCCAACCTTTTACCGCA_020,35
GAACCCAACCTTTTACCGCA_021,56
GAACCCAACCTTTTACCGCA_022,197
GAACCCAACCTTTTACCGCA_023,50
GAACCCAACCTTTTACCGCA_024,84
GAACCCAACCTTTTACCGCA_025,62
GAACCCAACCTTTTACCGCA_026,64
GAACCCAACCTTTTACCGCA_027,46
GACGGCATCCTGTCTAACTG_001,89
GACGGCATCCTGTCTAACTG_002,192
TCAGGGCAACGATATTGGTG_001,155
TCAGGGCAACGATATTGGTG_002,142
GCTGAAGAGACATTGGAGCT_001,59
GCTGAAGAGACATTGGAGCT_002,61
GCTGAAGAGACATTGGAGCT_003,48
TTAACAGGGGGTGGCTGACA_001,73
TTAACAGGGGGTGGCTGACA_002,102
TTAACAGGGGGTGGCTGACA_003,34
TTAACAGGGGGTGGCTGACA_004,118
ATCTGTCCTTAACTCATCAA_001,24
ATCTGTCCTTAACTCATCAA_002,49
ATCTGTCCTTAACTCATCAA_003,144
ATCTGTCCTTAACTCATCAA_004,197
ATCTGTCCTTAACTCATCAA_005,155
ATCTGTCCTTAACTCATCAA_006,184
ATCTGTCCTTAACTCATCAA_007,145
ATCTGTCCTTAACTCATCAA_008,28
ATCTGTCCTTAACTCATCAA_009,125
CAATCAAGTCCGCACAACCG_001,160
CAATCAAGTCCGCACAACCG_002,78
CAATCAAGTCCGCACAACCG_003,144
CAATCAAGTCCGCACAACCG_004,61
CAATCAAGTCCGCACAACCG_005,68
CAATCAAGTCCGCACAACCG_006,142
GAAATGCTTGAGATCATGGC_001,2
GAAATGCTTGAGATCATGGC_002,34
GAAATGCTTGAGATCATGGC_003,166
GAAATGCTTGAGATCATGGC_004,62
GAAATGCTTGAGATCATGGC_005,181
GAAATGCTTGAGATCATGGC_006,199
GAAATGCTTGAGATCATGGC_007,17
GAAATGCTTGAGATCATGGC_008,82
GAAATGCTTGAGATCATGGC_009,115
GAAATGCTTGAGATCATGGC_010,116
GAAATGCTTGAGATCATGGC_011,145
GAAATGCTTGAGATCATGGC_012,60
GAAATGCTTGAGATCATGGC_013,55
GAAATGCTTGAGATCATGGC_014,47
GAAATGCTTGAGATCATGGC_015,125
GAAATGCTTGAGATCATGGC_016,145
GAAATGCTTGAGATCATGGC_017,158
GGTGAAGAGGCATGGACGAA_001,124
GGTGAAGAGGCATGGACGAA_002,66
GGTGAAGAGGCATGGACGAA_003,57
GGTGAAGAGGCATGGACGAA_004,23
GGTGAAGAGGCATGGACGAA_005,25
GGTGAAGAGGCATGGACGAA_006,51
GGTGAAGAGGCATGGACGAA_007,42
GGTGAAGAGGCATGGACGAA_008,174
ATGTCCAAGTCTGCTAGGTG_001,198
ATGTCCAAGTCTGCTAGGTG_002,19
ATGTCCAAGTCTGCTAGGTG_003,168
ATGTCCAAGTCTGCTAGGTG_004,193
ATGTCCAAGTCTGCTAGGTG_005,40
ATGTCCAAGTCTGCTAGGTG_006,127
ATGTCCAAGTCTGCTAGGTG_007,55
ATGTCCAAGTCTGCTAGGTG_008,181
ATGTCCAAGTCTGCTAGGTG_009,104
ATGTCCAAGTCTGCTAGGTG_010,9
TGACAAAATCCATTGCAGAT_001,65
TGACAAAATCCATTGCAGAT_002,48
TGACAAAATCCATTGCAGAT_003,27
TGACAAAATCCATTGCAGAT_004,27
TGACAAAATCCATTGCAGAT_005,175
TGACAAAATCCATTGCAGAT_006,146
TGACAAAATCCATTGCAGAT_007,192
TGACAAAATCCATTGCAGAT_008,58
TGACAAAATCCATTGCAGAT_009,85
TGACAAAATCCATTGCAGAT_010,150
TGACAAAATCCATTGCAGAT_011,31
TGACAAAATCCATTGCAGAT_012,108
TGACAAAATCCATTGCAGAT_013,60
TGACAAAATCCATTGCAGAT_014,59
TTTGCGGTTACAGATCACAA_001,77
TTTGCGGTTACAGATCACAA_002,188
TCCAGCGCAAAACCTTCCGA_001,83
TCCAGCGCAAAACCTTCCGA_002,116
TCCAGCGCAAAACCTTCCGA_003,120
TCCAGCGCAAAACCTTCCGA_004,41
TCCAGCGCAAAACCTTCCGA_005,191
TCCAGCGCAAAACCTTCCGA_006,178
TCCAGCGCAAAACCTTCCGA_007,20
TCCAGCGCAAAACCTTCCGA_008,158
TCCAGCGCAAAACCTTCCGA_009,83
TCCAGCGCAAAACCTTCCGA_010,0
TCCAGCGCAAAACCTTCCGA_011,57
TCCAGCGCAAAACCTTCCGA_012,58
TCCAGCGCAAAACCTTCCGA_013,83
TCCAGCGCAAAACCTTCCGA_014,42
TCCAGCGCAAAACCTTCCGA_015,157
TCCAGCGCAAAACCTTCCGA_016,68
TCCAGCGCAAAACCTTCCGA_017,50
TCCAGCGCAAAACCTTCCGA_018,96
AGGAGCCAAACTCGCCATGG_001,120
AGGAGCCAAACTCGCCATGG_002,125
AGGAGCCAAACTCGCCATGG_003,110
AGGAGCCAAACTCGCCATGG_004,40
AGGAGCCAAACTCGCCATGG_005,157
AGGAGCCAAACTCGCCATGG_006,191
AGGAGCCAAACTCGCCATGG_007,185
AGGAGCCAAACTCGCCATGG_008,105
AGGAGCCAAACTCGCCATGG_009,11
AGGAGCCAAACTCGCCATGG_010,159
AGGAGCCAAACTCGCCATGG_011,134
AGGAGCCAAACTCGCCATGG_012,145
AGGAGCCAAACTCGCCATGG_013,11
TGCTCCTAATTTCCCAACAG_001,60
TGCTCCTAATTTCCCAACAG_002,177
TGCTCCTAATTTCCCAACAG_003,172
TGCTCCTAATTTCCCAACAG_004,82
TGCTCCTAATTTCCCAACAG_005,67
CCAAAGGATGCAACCCATCG_001,116
CCAAAGGATGCAACCCATCG_002,127
CCAAAGGATGCAACCCATCG_003,9
CCAAAGGATGCAACCCATCG_004,69
ACCCCCGAAGCCACCCACTG_001,178
ACCCCCGAAGCCACCCACTG_002,178
ACCCCCGAAGCCACCCACTG_003,67
ACCCCCGAAGCCACCCACTG_004,98
ACCCCCGAAGCCACCCACTG_005,187
ACCCCCGAAGCCACCCACTG_006,5
ACCCCCGAAGCCACCCACTG_007,19
ACCCCCGAAGCCACCCACTG_008,29
ACCCCCGAAGCCACCCACTG_009,107
ACCCCCGAAGCCACCCACTG_010,149
ACCCCCGAAGCCACCCACTG_011,179
ACCCCCGAAGCCACCCACTG_012,124
ACCCCCGAAGCCACCCACTG_013,104
ACCCCCGAAGCCACCCACTG_014,159
ACCCCCGAAGCCACCCACTG_015,104
ACCCCCGAAGCCACCCACTG_016,184
ACCCCCGAAGCCACCCACTG_017,126
ACCCCCGAAGCCACCCACTG_018,42
ACCCCCGAAGCCACCCACTG_019,162
ACCCCCGAAGCCACCCACTG_020,100
ACCCCCGAAGCCACCCACTG_021,104
ACCCCCGAAGCCACCCACTG_022,65
ACCCCCGAAGCCACCCACTG_023,116
ACCCCCGAAGCCACCCACTG_024,197
ACCCCCGAAGCCACCCACTG_025,43
ACCCCCGAAGCCACCCACTG_026,11
ACCCCCGAAGCCACCCACTG_027,70
ACCCCCGAAGCCACCCACTG_028,85
ACCCCCGAAGCCACCCACTG_029,85
ACCCCCGAAGCCACCCACTG_030,130
ACCCCCGAAGCCACCCACTG_031,174
ACCCCCGAAGCCACCCACTG_032,142
ACCCCCGAAGCCACCCACTG_033,115
ACCCCCGAAGCCACCCACTG_034,168
ACCCCCGAAGCCACCCACTG_035,180
ACCCCCGAAGCCACCCACTG_036,38
ACCCCCGAAGCCACCCACTG_037,48
ACCCCCGAAGCCACCCACTG_038,195
ACCCCCGAAGCCACCCACTG_039,158
ACCCCCGAAGCCACCCACTG_040,155
ACCCCCGAAGCCACCCACTG_041,18
ACCCCCGAAGCCACCCACTG_042,56
ACCCCCGAAGCCACCCACTG_043,49
ACCCCCGAAGCCACCCACTG_044,174
ACCCCCGAAGCCACCCACTG_045,138
ACCCCCGAAGCCACCCACTG_046,157
ACCCCCGAAGCCACCCACTG_047,13
ACCCCCGAAGCCACCCACTG_048,145
ACCCCCGAAGCCACCCACTG_049,158
ACCCCCGAAGCCACCCACTG_050,142
ACCCCCGAAGCCACCCACTG_051,137
ACCCCCGAAGCCACCCACTG_052,113
ACCCCCGAAGCCACCCACTG_053,199
ACCCCCGAAGCCACCCACTG_054,105
ACCCCCGAAGCCACCCACTG_055,153
ACCCCCGAAGCCACCCACTG_056,28
ACCCCCGAAGCCACCCACTG_057,168
ACCCCCGAAGCCACCCACTG_058,124
ACCCCCGAAGCCACCCACTG_059,3
ACCCCCGAAGCCACCCACTG_060,74
ACCCCCGAAGCCACCCACTG_061,20
ACCCCCGAAGCCACCCACTG_062,74
TCTACCTTACCTGGTCACCT_001,58
TCTACCTTACCTGGTCACCT_002,137
TCTACCTTACCTGGTCACCT_003,72
TCTACCTTACCTGGTCACCT_004,138
AGGGGCCCGAGCCAGCCAAG_001,106
AGGGGCCCGAGCCAGCCAAG_002,62
AGGGGCCCGAGCCAGCCAAG_003,77
AGGGGCCCGAGCCAGCCAAG_004,24
AGGGGCCCGAGCCAGCCAAG_005,16
AGGGGCCCGAGCCAGCCAAG_006,166
AGGGGCCCGAGCCAGCCAAG_007,32
AGGGGCCCGAGCCAGCCAAG_008,149
AGGGGCCCGAGCCAGCCAAG_009,115
AGGGGCCCGAGCCAGCCAAG_010,168
AGGGGCCCGAGCCAGCCAAG_011,94
AGGGGCCCGAGCCAGCCAAG_012,172
AGGGGCCCGAGCCAGCCAAG_013,72
AGGGGCCCGAGCCAGCCAAG_014,115
AGGGGCCCGAGCCAGCCAAG_015,48
AGGGGCCCGAGCCAGCCAAG_016,176
AGGGGCCCGAGCCAGCCAAG_017,138
AGGGGCCCGAGCCAGCCAAG_018,89
AGGGGCCCGAGCCAGCCAAG_019,144
AGGGGCCCGAGCCAGCCAAG_020,29
AGGGGCCCGAGCCAGCCAAG_021,14
AGGGGCCCGAGCCAGCCAAG_022,174
AGGGGCCCGAGCCAGCCAAG_023,16
AGGGGCCCGAGCCAGCCAAG_024,103
AGGGGCCCGAGCCAGCCAAG_025,55
AGGGGCCCGAGCCAGCCAAG_026,12
AGGGGCCCGAGCCAGCCAAG_027,182
AGGGGCCCGAGCCAGCCAAG_028,7
AGGGGCCCGAGCCAGCCAAG_029,175
AGGGGCCCGAGCCAGCCAAG_030,8
AGGGGCCCGAGCCAGCCAAG_031,170
AGGGGCCCGAGCCAGCCAAG_032,137
AGGGGCCCGAGCCAGCCAAG_033,169
AGGGGCCCGAGCCAGCCAAG_034,154
AGGGGCCCGAGCCAGCCAAG_035,76
AGGGGCCCGAGCCAGCCAAG_036,56
AGGGGCCCGAGCCAGCCAAG_037,147
AGGGGCCCGAGCCAGCCAAG_038,52
AGGGGCCCGAGCCAGCCAAG_039,115
AGGGGCCCGAGCCAGCCAAG_040,194
AGGGGCCCGAGCCAGCCAAG_041,50
AGGGGCCCGAGCCAGCCAAG_042,124
AGGGGCCCGAGCCAGCCAAG_043,183
AGGGGCCCGAGCCAGCCAAG_044,70
AGGGGCCCGAGCCAGCCAAG_045,18
AGGGGCCCGAGCCAGCCAAG_046,115
AGGGGCCCGAGCCAGCCAAG_047,191
AGGGGCCCGAGCCAGCCAAG_048,43
AGGGGCCCGAGCCAGCCAAG_049,49
AGGGGCCCGAGCCAGCCAAG_050,50
CGGCGGTAACTTCGACAAGG_001,169
CGGCGGTAACTTCGACAAGG_002,147
CGGCGGTAACTTCGACAAGG_003,11
CGGCGGTAACTTCGACAAGG_004,81
CGGCGGTAACTTCGACAAGG_005,108
CGGCGGTAACTTCGACAAGG_006,101
CGGCGGTAACTTCGACAAGG_007,161
CGGCGGTAACTTCGACAAGG_008,108
CGGCGGTAACTTCGACAAGG_009,152
CGGCGGTAACTTCGACAAGG_010,90
CGGCGGTAACTTCGACAAGG_011,63
ACTTCCCTGAGTTCATTCTG_001,60
ACTTCCCTGAGTTCATTCTG_002,82
ACTTCCCTGAGTTCATTCTG_003,134
ACTTCCCTGAGTTCATTCTG_004,149
ACTTCCCTGAGTTCATTCTG_005,5
ACTTCCCTGAGTTCATTCTG_006,162
ACTTCCCTGAGTTCATTCTG_007,68
ACTTCCCTGAGTTCATTCTG_008,81
GAAGCGCACACGGTTAGAAG_001,2
GAAGCGCACACGGTTAGAAG_002,90
GAAGCGCACACGGTTAGAAG_003,11
GAAGCGCACACGGTTAGAAG_004,90
GAAGCGCACACGGTTAGAAG_005,147
GAAGCGCACACGGTTAGAAG_006,78
GAAGCGCACACGGTTAGAAG_007,162
GAAGCGCACACGGTTAGAAG_008,84
GAAGCGCACACGGTTAGAAG_009,158
GAAGCGCACACGGTTAGAAG_010,127
GAAGCGCACACGGTTAGAAG_011,134
GAAGCGCACACGGTTAGAAG_012,94
GAAGCGCACACGGTTAGAAG_013,16
GAAGCGCACACGGTTAGAAG_014,28
GAAGCGCACACGGTTAGAAG_015,126
AATGTGGTGCTTCGACCCAG_001,51
AATGTGGTGCTTCGACCCAG_002,84
AATGTGGTGCTTCGACCCAG_003,128
AATGTGGTGCTTCGACCCAG_004,113
AATGTGGTGCTTCGACCCAG_005,82
AATGTGGTGCTTCGACCCAG_006,176
AATGTGGTGCTTCGACCCAG_007,92
AATGTGGTGCTTCGACCCAG_008,159
AATGTGGTGCTTCGACCCAG_009,119
ACTAGAACTGTAACTCTCGG_001,58
ACTAGAACTGTAACTCTCGG_002,62
ACAGCAGATTCAGATACCCC_001,135
GAGGCCAAGAACAGCTCTTG_001,60
TAATGACCTTAACTACAGAT_001,48
TAATGACCTTAACTACAGAT_002,63
AACATTCCGGACATTCATCG_001,188
AACATTCCGGACATTCATCG_002,55
AACATTCCGGACATTCATCG_003,70
AACATTCCGGACATTCATCG_004,90
TAAACATACAGGCCCCTTGG_001,140
TAAACATACAGGCCCCTTGG_002,40
TAAACATACAGGCCCCTTGG_003,94
TAAACATACAGGCCCCTTGG_004,147
TAAACATACAGGCCCCTTGG_005,76
TAAACATACAGGCCCCTTGG_006,170
TAAACATACAGGCCCCTTGG_007,39
TAAACATACAGGCCCCTTGG_008,29
GGTCTCGGTGACATCTGGCA_001,8
GGTCTCGGTGACATCTGGCA_002,181
GGTCTCGGTGACATCTGGCA_003,89
GGTCTCGGTGACATCTGGCA_004,106
GGTCTCGGTGACATCTGGCA_005,176
GGTCTCGGTGACATCTGGCA_006,48
GGTCTCGGTGACATCTGGCA_007,15
GGTCTCGGTGACATCTGGCA_008,60
GGTCTCGGTGACATCTGGCA_009,6
GGTCTCGGTGACATCTGGCA_010,16
GGTCTCGGTGACATCTGGCA_011,41
TGTGTCCCTTCATTCCAGGG_001,91
TGTGTCCCTTCATTCCAGGG_002,170
TGTGTCCCTTCATTCCAGGG_003,168
TGTGTCCCTTCATTCCAGGG_004,22
AGCACATGGGTCTTTCGCAA_001,58
AGCACATGGGTCTTTCGCAA_002,54
AGCACATGGGTCTTTCGCAA_003,159
AGCACATGGGTCTTTCGCAA_004,33
AGCACATGGGTCTTTCGCAA_005,29
AGCACATGGGTCTTTCGCAA_006,86
AGCACATGGGTCTTTCGCAA_007,144
AGCACATGGGTCTTTCGCAA_008,8
AGCACATGGGTCTTTCGCAA_009,9
AGCACATGGGTCTTTCGCAA_010,115
AGCACATGGGTCTTTCGCAA_011,46
AGGCCTTCGACAACAACTAG_001,1
AGGCCTTCGACAACAACTAG_002,147
AGGCCTTCGACAACAACTAG_003,16
AGGCCTTCGACAACAACTAG_004,132
AATCACAAGGGTGACGACCA_001,187
AATCACAAGGGTGACGACCA_002,29
AATCACAAGGGTGACGACCA_003,48
AATCACAAGGGTGACGACCA_004,77
AATCACAAGGGTGACGACCA_005,138
AATCACAAGGGTGACGACCA_006,96
AATCACAAGGGTGACGACCA_007,2
AATCACAAGGGTGACGACCA_008,34
AATCACAAGGGTGACGACCA_009,80
AATCACAAGGGTGACGACCA_010,60
AATCACAAGGGTGACGACCA_011,34
AATCACAAGGGTGACGACCA_012,38
AATCACAAGGGTGACGACCA_013,157
AATCACAAGGGTGACGACCA_014,33
AATCACAAGGGTGACGACCA_015,157
AATCACAAGGGTGACGACCA_016,92
AATCACAAGGGTGACGACCA_017,112
AATCACAAGGGTGACGACCA_018,123
AATCACAAGGGTGACGACCA_019,127
AATCACAAGGGTGACGACCA_020,162
AATCACAAGGGTGACGACCA_021,175
AATCACAAGGGTGACGACCA_022,126
AATCACAAGGGTGACGACCA_023,187
AATCACAAGGGTGACGACCA_024,31
AATCACAAGGGTGACGACCA_025,68
AATCACAAGGGTGACGACCA_026,135
AATCACAAGGGTGACGACCA_027,112
AATCACAAGGGTGACGACCA_028,10
AATCACAAGGGTGACGACCA_029,188
AATCACAAGGGTGACGACCA_030,56
AATCACAAGGGTGACGACCA_031,172
AATCACAAGGGTGACGACCA_032,26
ACTGGTGGGCTCGAAAGAGC_001,48
ACTGGTGGGCTCGAAAGAGC_002,104
ACTGGTGGGCTCGAAAGAGC_003,44
ACTGGTGGGCTCGAAAGAGC_004,134
ACTGGTGGGCTCGAAAGAGC_005,66
ACTGGTGGGCTCGAAAGAGC_006,40
ACTGGTGGGCTCGAAAGAGC_007,168
GATCTCAGAGCTCAACATCG_001,128
GATCTCAGAGCTCAACATCG_002,96
GATCTCAGAGCTCAACATCG_003,48
GATCTCAGAGCTCAACATCG_004,68
GATCTCAGAGCTCAACATCG_005,9
GATCTCAGAGCTCAACATCG_006,141
GATCTCAGAGCTCAACATCG_007,151
GATCTCAGAGCTCAACATCG_008,78
GATCTCAGAGCTCAACATCG_009,184
GATCTCAGAGCTCAACATCG_010,68
GATCTCAGAGCTCAACATCG_011,62
GATCTCAGAGCTCAACATCG_012,141
GATCTCAGAGCTCAACATCG_013,6
TCGCTGCGAAACCTCAACAT_001,29
TCGCTGCGAAACCTCAACAT_002,78
TCGCTGCGAAACCTCAACAT_003,98
TCGCTGCGAAACCTCAACAT_004,65
TCGCTGCGAAACCTCAACAT_005,108
ATGTTGACTGTTACGCACAG_001,79
ATGTTGACTGTTACGCACAG_002,148
ATGTTGACTGTTACGCACAG_003,15
ATGTTGACTGTTACGCACAG_004,197
ATGTTGACTGTTACGCACAG_005,70
ATGTTGACTGTTACGCACAG_006,48
ATGTTGACTGTTACGCACAG_007,149
ATGTTGACTGTTACGCACAG_008,0
ATGTTGACTGTTACGCACAG_009,70
ATGTTGACTGTTACGCACAG_010,48
ATGTTGACTGTTACGCACAG_011,127
GCACGGGGTAGTCAATATTG_001,42
GCACGGGGTAGTCAATATTG_002,172
GCACGGGGTAGTCAATATTG_003,125
GCACGGGGTAGTCAATATTG_004,179
GCACGGGGTAGTCAATATTG_005,158
GCACGGGGTAGTCAATATTG_006,50
GCACGGGGTAGTCAATATTG_007,115
GTGAACATGGCCGCGCATCA_001,70
GTGAACATGGCCGCGCATCA_002,35
GTGAACATGGCCGCGCATCA_003,39
GTGAACATGGCCGCGCATCA_004,8
GTGAACATGGCCGCGCATCA_005,75
GTGAACATGGCCGCGCATCA_006,74
GTGAACATGGCCGCGCATCA_007,43
GTGAACATGGCCGCGCATCA_008,70
GTGAACATGGCCGCGCATCA_009,190
GTGAACATGGCCGCGCATCA_010,145
GTGAACATGGCCGCGCATCA_011,157
GTGAACATGGCCGCGCATCA_012,144
GTGAACATGGCCGCGCATCA_013,118
TAGGTGTTGATACGAGCCCA_001,70
TAGGTGTTGATACGAGCCCA_002,105
TAGGTGTTGATACGAGCCCA_003,7
TAGGTGTTGATACGAGCCCA_004,48
TAGGTGTTGATACGAGCCCA_005,176
TAGGTGTTGATACGAGCCCA_006,81
TAGGTGTTGATACGAGCCCA_007,26
CATGGCAATCTGTAGCACAG_001,50
CATGGCAATCTGTAGCACAG_002,60
CATGGCAATCTGTAGCACAG_003,51
CATGGCAATCTGTAGCACAG_004,0
CATGGCAATCTGTAGCACAG_005,133
CATGGCAATCTGTAGCACAG_006,197
CATGGCAATCTGTAGCACAG_007,85
CATGGCAATCTGTAGCACAG_008,96
CATGGCAATCTGTAGCACAG_009,197
CATGGCAATCTGTAGCACAG_010,10
CATGGCAATCTGTAGCACAG_011,11
CATGGCAATCTGTAGCACAG_012,185
CATGGCAATCTGTAGCACAG_013,32
CATGGCAATCTGTAGCACAG_014,194
GAGGCCTAGCATGTTCGAGA_001,158
GAGGCCTAGCATGTTCGAGA_002,152
GAGGCCTAGCATGTTCGAGA_003,6
GAGGCCTAGCATGTTCGAGA_004,96
GAGGCCTAGCATGTTCGAGA_005,49
GTGTAGCAGTCCACATCCCG_001,148
GTGTAGCAGTCCACATCCCG_002,40
GTGTAGCAGTCCACATCCCG_003,106
GTGTAGCAGTCCACATCCCG_004,96
GTGTAGCAGTCCACATCCCG_005,115
GTGTAGCAGTCCACATCCCG_006,133
GTGTAGCAGTCCACATCCCG_007,160
GTGTAGCAGTCCACATCCCG_008,102
GTGTAGCAGTCCACATCCCG_009,96
GTGTAGCAGTCCACATCCCG_010,60
GTGTAGCAGTCCACATCCCG_011,182
GTGTAGCAGTCCACATCCCG_012,123
GTGTAGCAGTCCACATCCCG_013,83
GTGTAGCAGTCCACATCCCG_014,101
GTGTAGCAGTCCACATCCCG_015,30
GTGTAGCAGTCCACATCCCG_016,77
GTGTAGCAGTCCACATCCCG_017,60
GTGTAGCAGTCCACATCCCG_018,20
GTGTAGCAGTCCACATCCCG_019,6
GTGTAGCAGTCCACATCCCG_020,185
GTGTAGCAGTCCACATCCCG_021,144
GTGTAGCAGTCCACATCCCG_022,198
GTGTAGCAGTCCACATCCCG_023,115
GTGTAGCAGTCCACATCCCG_024,28
GTGTAGCAGTCCACATCCCG_025,178
GTGTAGCAGTCCACATCCCG_026,114
GTGTAGCAGTCCACATCCCG_027,38
GTGTAGCAGTCCACATCCCG_028,32
GTGTAGCAGTCCACATCCCG_029,70
ACGTACATTAAGGCTTCTGG_001,106
ACGTACATTAAGGCTTCTGG_002,68
ACGTACATTAAGGCTTCTGG_003,50
ACGTACATTAAGGCTTCTGG_004,66
ACGTACATTAAGGCTTCTGG_005,17
ACGTACATTAAGGCTTCTGG_006,158
ACGTACATTAAGGCTTCTGG_007,98
ACGTACATTAAGGCTTCTGG_008,11
ACGTACATTAAGGCTTCTGG_009,60
ACGTACATTAAGGCTTCTGG_010,107
ACGTACATTAAGGCTTCTGG_011,116
ACGTACATTAAGGCTTCTGG_012,52
ACGTACATTAAGGCTTCTGG_013,187
ACGTACATTAAGGCTTCTGG_014,108
ACGTACATTAAGGCTTCTGG_015,151
ACGTACATTAAGGCTTCTGG_016,50
ACGTACATTAAGGCTTCTGG_017,124
ACGTACATTAAGGCTTCTGG_018,17
ACGTACATTAAGGCTTCTGG_019,9
ACGTACATTAAGGCTTCTGG_020,92
TACCACTTCTGATTATCAGT_001,182
TACCACTTCTGATTATCAGT_002,142
TACCACTTCTGATTATCAGT_003,68
CAACACAGACCATTTAACCA_001,116
CAACACAGACCATTTAACCA_002,141
CAACACAGACCATTTAACCA_003,103
CAACACAGACCATTTAACCA_004,62
CAACACAGACCATTTAACCA_005,15
CGATTGGTCCGTAGAACGTG_001,63
CGATTGGTCCGTAGAACGTG_002,86
CGATTGGTCCGTAGAACGTG_003,147
TCCCTATCTACAGTTTCCAT_001,81
TCCCTATCTACAGTTTCCAT_002,54
TCCCTATCTACAGTTTCCAT_003,42
TCCCTATCTACAGTTTCCAT_004,129
TCCCTATCTACAGTTTCCAT_005,1
TCCCTATCTACAGTTTCCAT_006,13
TCCCTATCTACAGTTTCCAT_007,2
GGTCTGTTCTTCGGTCCAGG_001,120
AGTAAATTACTGGCTTTGGT_001,62
AGTAAATTACTGGCTTTGGT_002,73
AGTAAATTACTGGCTTTGGT_003,110
AGTAAATTACTGGCTTTGGT_004,74
AGTAAATTACTGGCTTTGGT_005,38
AGTAAATTACTGGCTTTGGT_006,7
AGTAAATTACTGGCTTTGGT_007,175
AGTAAATTACTGGCTTTGGT_008,152
AGTAAATTACTGGCTTTGGT_009,75
GCGCTACAACCACGGAACTG_001,98
GCGCTACAACCACGGAACTG_002,69
GCGCTACAACCACGGAACTG_003,50
GCGCTACAACCACGGAACTG_004,185
GCGCTACAACCACGGAACTG_005,58
GCGCTACAACCACGGAACTG_006,148
GCGCTACAACCACGGAACTG_007,197
CTTCCCTGTCTCGACAGCGA_001,181
CTTCCCTGTCTCGACAGCGA_002,94
CTTCCCTGTCTCGACAGCGA_003,20
CTTCCCTGTCTCGACAGCGA_004,80
CTTCCCTGTCTCGACAGCGA_005,40
CTTCCCTGTCTCGACAGCGA_006,62
CTTCCCTGTCTCGACAGCGA_007,134
CTTCCCTGTCTCGACAGCGA_008,88
CTTCCCTGTCTCGACAGCGA_009,77
CTTCCCTGTCTCGACAGCGA_010,168
CTTCCCTGTCTCGACAGCGA_011,127
CTTCCCTGTCTCGACAGCGA_012,51
CGACTCATCACAGTAAGACG_001,69
CGACTCATCACAGTAAGACG_002,151
CGACTCATCACAGTAAGACG_003,37
CGACTCATCACAGTAAGACG_004,70
CGACTCATCACAGTAAGACG_005,179
CGACTCATCACAGTAAGACG_006,142
TGCTGGCAGTATACAAGCGA_001,31
TGCTGGCAGTATACAAGCGA_002,6
TGCTGGCAGTATACAAGCGA_003,196
TGCTGGCAGTATACAAGCGA_004,112
TGCTGGCAGTATACAAGCGA_005,36
TGCTGGCAGTATACAAGCGA_006,125
TGCTGGCAGTATACAAGCGA_007,106
TGCTGGCAGTATACAAGCGA_008,146
CCGTGGCCGAAGCATCTCCC_001,175
CCGTGGCCGAAGCATCTCCC_002,115
CCGTGGCCGAAGCATCTCCC_003,105
GGAATCCCGGCGCTTCCAGG_001,17
GGAATCCCGGCGCTTCCAGG_002,199
GGAATCCCGGCGCTTCCAGG_003,59
GGAATCCCGGCGCTTCCAGG_004,46
GGAATCCCGGCGCTTCCAGG_005,11
GGAATCCCGGCGCTTCCAGG_006,159
GGAATCCCGGCGCTTCCAGG_007,116
GGAATCCCGGCGCTTCCAGG_008,172
GGAATCCCGGCGCTTCCAGG_009,162
GGAATCCCGGCGCTTCCAGG_010,19
GGAATCCCGGCGCTTCCAGG_011,15
GGAATCCCGGCGCTTCCAGG_012,156
GGAATCCCGGCGCTTCCAGG_013,78
GGAATCCCGGCGCTTCCAGG_014,168
GGAATCCCGGCGCTTCCAGG_015,50
TACAGATATGGCAACATCAG_001,162
TACAGATATGGCAACATCAG_002,85
TACAGATATGGCAACATCAG_003,148
GCTGCACCGAGTCGTAGTCG_001,142
GCTGCACCGAGTCGTAGTCG_002,14
GCTGCACCGAGTCGTAGTCG_003,66
GCTGCACCGAGTCGTAGTCG_004,99
GCTGCACCGAGTCGTAGTCG_005,52
GCTGCACCGAGTCGTAGTCG_006,161
GCTGCACCGAGTCGTAGTCG_007,19
GCTGCACCGAGTCGTAGTCG_008,74
GCTGCACCGAGTCGTAGTCG_009,153
GCTGCACCGAGTCGTAGTCG_010,142
GCTGCACCGAGTCGTAGTCG_011,68
GCTGCACCGAGTCGTAGTCG_012,3
CAAGCCCTACCCGTCCATCG_001,170
CAAGCCCTACCCGTCCATCG_002,175
CAAGCCCTACCCGTCCATCG_003,150
CAAGCCCTACCCGTCCATCG_004,115
CAAGCCCTACCCGTCCATCG_005,15
CAAGCCCTACCCGTCCATCG_006,182
CAAGCCCTACCCGTCCATCG_007,115
CAAGCCCTACCCGTCCATCG_008,144
CAAGCCCTACCCGTCCATCG_009,40
CAAGCCCTACCCGTCCATCG_010,98
CAAGCCCTACCCGTCCATCG_011,16
CAAGCCCTACCCGTCCATCG_012,58
CAAGCCCTACCCGTCCATCG_013,78
CAAGCCCTACCCGTCCATCG_014,43
CAAGCCCTACCCGTCCATCG_015,145
CAAGCCCTACCCGTCCATCG_016,76
CAAGCCCTACCCGTCCATCG_017,25
CAAGCCCTACCCGTCCATCG_018,176
CAAGCCCTACCCGTCCATCG_019,161
CAAGCCCTACCCGTCCATCG_020,178
CAAGCCCTACCCGTCCATCG_021,15
CAAGCCCTACCCGTCCATCG_022,29
CAAGCCCTACCCGTCCATCG_023,191
CAAGCCCTACCCGTCCATCG_024,62
CAAGCCCTACCCGTCCATCG_025,76
CAAGCCCTACCCGTCCATCG_026,155
GAAACTGGCCATGGTCAAAG_001,149
GAAACTGGCCATGGTCAAAG_002,9
GAAACTGGCCATGGTCAAAG_003,178
GAAACTGGCCATGGTCAAAG_004,117
GAAACTGGCCATGGTCAAAG_005,41
GAAACTGGCCATGGTCAAAG_006,30
GAAACTGGCCATGGTCAAAG_007,141
GAAACTGGCCATGGTCAAAG_008,164
GAAACTGGCCATGGTCAAAG_009,84
GAAACTGGCCATGGTCAAAG_010,17
GCCAGCTGCAAAACAAACTG_001,69
GCCAGCTGCAAAACAAACTG_002,105
GCCAGCTGCAAAACAAACTG_003,149
GCCAGCTGCAAAACAAACTG_004,137
GCCAGCTGCAAAACAAACTG_005,146
GCCAGCTGCAAAACAAACTG_006,126
GCCAGCTGCAAAACAAACTG_007,95
GCCAGCTGCAAAACAAACTG_008,94
GCCAGCTGCAAAACAAACTG_009,91
GCCAGCTGCAAAACAAACTG_010,45
GCCAGCTGCAAAACAAACTG_011,56
GCCAGCTGCAAAACAAACTG_012,46
GCCAGCTGCAAAACAAACTG_013,127
GCCAGCTGCAAAACAAACTG_014,75
GCCAGCTGCAAAACAAACTG_015,98
CATGATGCACCAAACGACCG_001,111
CATGATGCACCAAACGACCG_002,185
CATGATGCACCAAACGACCG_003,169
CATGATGCACCAAACGACCG_004,77
CATGATGCACCAAACGACCG_005,87
CATGATGCACCAAACGACCG_006,148
TGGCAGCCGTACTCCACCAG_001,63
TGGCAGCCGTACTCCACCAG_002,107
TGGCAGCCGTACTCCACCAG_003,15
TGGCAGCCGTACTCCACCAG_004,15
TGGCAGCCGTACTCCACCAG_005,107
TGGCAGCCGTACTCCACCAG_006,15
TGGCAGCCGTACTCCACCAG_007,134
TGGCAGCCGTACTCCACCAG_008,130
TGGCAGCCGTACTCCACCAG_009,115
TGGCAGCCGTACTCCACCAG_010,102
TGGCAGCCGTACTCCACCAG_011,120
AAAGAGAAAGTAGCGTACGG_001,181
TTCTCCACAGGAGTTCTACG_001,178
TTCTCCACAGGAGTTCTACG_002,82
TTCTCCACAGGAGTTCTACG_003,59
TTCTCCACAGGAGTTCTACG_004,166
TTCTCCACAGGAGTTCTACG_005,115
TTCTCCACAGGAGTTCTACG_006,48
TTCTCCACAGGAGTTCTACG_007,42
TTCTCCACAGGAGTTCTACG_008,43
TTCTCCACAGGAGTTCTACG_009,90
TTCTCCACAGGAGTTCTACG_010,97
CGCCAAACGGTCAACCGCGG_001,57
CGCCAAACGGTCAACCGCGG_002,41
CGCCAAACGGTCAACCGCGG_003,162
CGCCAAACGGTCAACCGCGG_004,105
CGCCAAACGGTCAACCGCGG_005,48
TCCTGATCTCCAATCTTCGG_001,103
TCCTGATCTCCAATCTTCGG_002,22
TCCTGATCTCCAATCTTCGG_003,104
AGGCGTTGCGGCGAAAGGAA_001,176
AGGCGTTGCGGCGAAAGGAA_002,50
AGGCGTTGCGGCGAAAGGAA_003,123
AGGCGTTGCGGCGAAAGGAA_004,172
AGGCGTTGCGGCGAAAGGAA_005,60
AGGCGTTGCGGCGAAAGGAA_006,1
AGGCGTTGCGGCGAAAGGAA_007,122
AGGCGTTGCGGCGAAAGGAA_008,58
AGGCGTTGCGGCGAAAGGAA_009,17
AGGCGTTGCGGCGAAAGGAA_010,105
AGGCGTTGCGGCGAAAGGAA_011,39
GGCGGCGGCCCGTTCTTCTG_001,88
GGCGGCGGCCCGTTCTTCTG_002,147
GGCGGCGGCCCGTTCTTCTG_003,31
GGCGGCGGCCCGTTCTTCTG_004,184
GGCGGCGGCCCGTTCTTCTG_005,75
ACTGCCAATAGCAATGCTGA_001,188
ACTGCCAATAGCAATGCTGA_002,63
ACTGCCAATAGCAATGCTGA_003,59
ACTGCCAATAGCAATGCTGA_004,28
ACTGCCAATAGCAATGCTGA_005,13
ACTGCCAATAGCAATGCTGA_006,192
ACTGCCAATAGCAATGCTGA_007,2
ACTGCCAATAGCAATGCTGA_008,18
GTTCACAGAAGCAATTCGGA_001,159
GTTCACAGAAGCAATTCGGA_002,92
GTTCACAGAAGCAATTCGGA_003,157
GTTCACAGAAGCAATTCGGA_004,9
GTTCACAGAAGCAATTCGGA_005,53
GTTCACAGAAGCAATTCGGA_006,146
GTTCACAGAAGCAATTCGGA_007,76
GTTCACAGAAGCAATTCGGA_008,144
GTTCACAGAAGCAATTCGGA_009,101
GTTCACAGAAGCAATTCGGA_010,152
GTTCACAGAAGCAATTCGGA_011,152
GTTCACAGAAGCAATTCGGA_012,168
AGTGGCAGAGATCATTACCG_001,174
AGTGGCAGAGATCATTACCG_002,14
AGTGGCAGAGATCATTACCG_003,62
AGTGGCAGAGATCATTACCG_004,91
AGTGGCAGAGATCATTACCG_005,65
AGTGGCAGAGATCATTACCG_006,49
AGTGGCAGAGATCATTACCG_007,16
AGTGGCAGAGATCATTACCG_008,133
AGTGGCAGAGATCATTACCG_009,15
AGTGGCAGAGATCATTACCG_010,185
AGTGGCAGAGATCATTACCG_011,94
AGTGGCAGAGATCATTACCG_012,105
AGTGGCAGAGATCATTACCG_013,58
AGTGGCAGAGATCATTACCG_014,115
AGTGGCAGAGATCATTACCG_015,181
AGTGGCAGAGATCATTACCG_016,107
AGTGGCAGAGATCATTACCG_017,199
AGTGGCAGAGATCATTACCG_018,24
AGTGGCAGAGATCATTACCG_019,24
AGTGGCAGAGATCATTACCG_020,145
AGTGGCAGAGATCATTACCG_021,81
AGTGGCAGAGATCATTACCG_022,40
AGTGGCAGAGATCATTACCG_023,9
AGTGGCAGAGATCATTACCG_024,118
AGTGGCAGAGATCATTACCG_025,168
CTGTGTTGCTCCCCTCCCCT_001,32
CTGTGTTGCTCCCCTCCCCT_002,197
CTGTGTTGCTCCCCTCCCCT_003,45
CTGTGTTGCTCCCCTCCCCT_004,189
CTGTGTTGCTCCCCTCCCCT_005,77
CTGTGTTGCTCCCCTCCCCT_006,169
CTGTGTTGCTCCCCTCCCCT_007,25
CTGTGTTGCTCCCCTCCCCT_008,87
CTGTGTTGCTCCCCTCCCCT_009,30
CTGTGTTGCTCCCCTCCCCT_010,16
CTGTGTTGCTCCCCTCCCCT_011,82
CTGTGTTGCTCCCCTCCCCT_012,103
CTGTGTTGCTCCCCTCCCCT_013,162
CTGTGTTGCTCCCCTCCCCT_014,28
CTGTGTTGCTCCCCTCCCCT_015,9
CTGTGTTGCTCCCCTCCCCT_016,17
CTGTGTTGCTCCCCTCCCCT_017,104
CTGTGTTGCTCCCCTCCCCT_018,12
CTGTGTTGCTCCCCTCCCCT_019,12
CTGTGTTGCTCCCCTCCCCT_020,53
CTGTGTTGCTCCCCTCCCCT_021,30
CTGTGTTGCTCCCCTCCCCT_022,82
CTGTGTTGCTCCCCTCCCCT_023,69
CTGTGTTGCTCCCCTCCCCT_024,133
CTGTGTTGCTCCCCTCCCCT_025,81
CTGTGTTGCTCCCCTCCCCT_026,157
CTGTGTTGCTCCCCTCCCCT_027,137
CTGTGTTGCTCCCCTCCCCT_028,0
CTGTGTTGCTCCCCTCCCCT_029,9
CTGTGTTGCTCCCCTCCCCT_030,56
CTGTGTTGCTCCCCTCCCCT_031,68
CTGTGTTGCTCCCCTCCCCT_032,89
CTGTGTTGCTCCCCTCCCCT_033,29
GCTCAATACCAAGAGACTTG_001,96
GCTCAATACCAAGAGACTTG_002,143
GCTCAATACCAAGAGACTTG_003,168
GCTCAATACCAAGAGACTTG_004,136
GGATGTGATCATTTACATCG_001,4
GGATGTGATCATTTACATCG_002,105
GGATGTGATCATTTACATCG_003,63
GTGGATATGAGATCCCAGCA_001,196
GTGGATATGAGATCCCAGCA_002,144
GTGGATATGAGATCCCAGCA_003,160
GTGGATATGAGATCCCAGCA_004,46
GTGGATATGAGATCCCAGCA_005,120
GTGGATATGAGATCCCAGCA_006,14
GTGGATATGAGATCCCAGCA_007,177
GTGGATATGAGATCCCAGCA_008,15
GTGGATATGAGATCCCAGCA_009,90
GAGGCCCGGCCCTTCATATG_001,49
GAGGCCCGGCCCTTCATATG_002,52
GAGGCCCGGCCCTTCATATG_003,52
GAGGCCCGGCCCTTCATATG_004,41
GAGGCCCGGCCCTTCATATG_005,16
GAGGCCCGGCCCTTCATATG_006,188
GAGGCCCGGCCCTTCATATG_007,65
GAGGCCCGGCCCTTCATATG_008,82
ACTTTCTGATAGCTACTGTC_001,67
ACTTTCTGATAGCTACTGTC_002,155
ACTTTCTGATAGCTACTGTC_003,82
ACTTTCTGATAGCTACTGTC_004,44
ACTTTCTGATAGCTACTGTC_005,68
ACTTTCTGATAGCTACTGTC_006,15
ACTTTCTGATAGCTACTGTC_007,94
ACTTTCTGATAGCTACTGTC_008,41
ACTTTCTGATAGCTACTGTC_009,37
ACTTTCTGATAGCTACTGTC_010,176
ACTTTCTGATAGCTACTGTC_011,197
ACTTTCTGATAGCTACTGTC_012,123
AGCACTTTGAGCGAGCAACC_001,151
AGCACTTTGAGCGAGCAACC_002,92
AGCACTTTGAGCGAGCAACC_003,28
AGCACTTTGAGCGAGCAACC_004,77
AGCACTTTGAGCGAGCAACC_005,58
AGCACTTTGAGCGAGCAACC_006,88
AGCACTTTGAGCGAGCAACC_007,34
AGCACTTTGAGCGAGCAACC_008,103
AGCACTTTGAGCGAGCAACC_009,177
AGCACTTTGAGCGAGCAACC_010,134
AGCACTTTGAGCGAGCAACC_011,145
AGCACTTTGAGCGAGCAACC_012,30
AGCACTTTGAGCGAGCAACC_013,73
AGCACTTTGAGCGAGCAACC_014,198
AGCACTTTGAGCGAGCAACC_015,194
AGCACTTTGAGCGAGCAACC_016,144
AGCACTTTGAGCGAGCAACC_017,148
AGCACTTTGAGCGAGCAACC_018,78
AGCACTTTGAGCGAGCAACC_019,19
AGCACTTTGAGCGAGCAACC_020,180
AGCACTTTGAGCGAGCAACC_021,3
AGCACTTTGAGCGAGCAACC_022,9
GCCTGTAGGTGATCAACCTA_001,49
GCCTGTAGGTGATCAACCTA_002,126
GCCTGTAGGTGATCAACCTA_003,110
GCCTGTAGGTGATCAACCTA_004,30
GCCTGTAGGTGATCAACCTA_005,8
GCCTGTAGGTGATCAACCTA_006,62
GCCTGTAGGTGATCAACCTA_007,20
GCCTGTAGGTGATCAACCTA_008,168
AGTAAACATTTATGGCCACA_001,165
TGGAGCTGTCCTATTCCGTG_001,77
TGGAGCTGTCCTATTCCGTG_002,44
TGGAGCTGTCCTATTCCGTG_003,29
TGGAGCTGTCCTATTCCGTG_004,126
TGGAGCTGTCCTATTCCGTG_005,140
TGGAGCTGTCCTATTCCGTG_006,147
TGGAGCTGTCCTATTCCGTG_007,117
TGGAGCTGTCCTATTCCGTG_008,145
CTGTGAAGCAAACTGCACAA_001,51
CTGTGAAGCAAACTGCACAA_002,21
CTGTGAAGCAAACTGCACAA_003,154
CTGTGAAGCAAACTGCACAA_004,77
CTGTGAAGCAAACTGCACAA_005,83
CTGTGAAGCAAACTGCACAA_006,156
CTGTGAAGCAAACTGCACAA_007,92
CTGTGAAGCAAACTGCACAA_008,37
CTGTGAAGCAAACTGCACAA_009,50
AGAGAGAGACTGTGAAGACC_001,42
AGAGAGAGACTGTGAAGACC_002,101
AGAAGAAGCAGAGAAGCGCG_001,82
AGAAGAAGCAGAGAAGCGCG_002,49
AGAAGAAGCAGAGAAGCGCG_003,198
AGAAGAAGCAGAGAAGCGCG_004,61
AGAAGAAGCAGAGAAGCGCG_005,199
AGAAGAAGCAGAGAAGCGCG_006,7
AGAAGAAGCAGAGAAGCGCG_007,47
AGAAGAAGCAGAGAAGCGCG_008,172
GGAAGAAATCGTCCCAGGCG_001,23
GGAAGAAATCGTCCCAGGCG_002,55
GGAAGAAATCGTCCCAGGCG_003,123
GGAAGAAATCGTCCCAGGCG_004,116
GGAAGAAATCGTCCCAGGCG_005,150
GGAAGAAATCGTCCCAGGCG_006,134
GGAAGAAATCGTCCCAGGCG_007,169
GGAAGAAATCGTCCCAGGCG_008,81
GGAAGAAATCGTCCCAGGCG_009,171
GGAAGAAATCGTCCCAGGCG_010,141
GGAAGAAATCGTCCCAGGCG_011,69
GGAAGAAATCGTCCCAGGCG_012,51
ATTAACAGGACCACAAAAAG_001,168
ATTAACAGGACCACAAAAAG_002,105
ATTAACAGGACCACAAAAAG_003,60
ATTAACAGGACCACAAAAAG_004,8
ATTAACAGGACCACAAAAAG_005,41
ATTAACAGGACCACAAAAAG_006,41
ATTAACAGGACCACAAAAAG_007,68
ATTAACAGGACCACAAAAAG_008,176
ATTAACAGGACCACAAAAAG_009,49
ATTAACAGGACCACAAAAAG_010,84
ATTAACAGGACCACAAAAAG_011,63
GTTCTCACAGGGGTTGAGAG_001,40
GTTCTCACAGGGGTTGAGAG_002,178
GTTCTCACAGGGGTTGAGAG_003,177
GTTCTCACAGGGGTTGAGAG_004,174
GTTCTCACAGGGGTTGAGAG_005,75
GTTCTCACAGGGGTTGAGAG_006,199
GTTCTCACAGGGGTTGAGAG_007,169
GTTCTCACAGGGGTTGAGAG_008,49
GTTCTCACAGGGGTTGAGAG_009,172
GTTCTCACAGGGGTTGAGAG_010,76
GTTCTCACAGGGGTTGAGAG_011,160
GTTCTCACAGGGGTTGAGAG_012,146
GTTCTCACAGGGGTTGAGAG_013,162
CAGCAGCAACTCGTACTACG_001,165
CAGCAGCAACTCGTACTACG_002,100
CAGCAGCAACTCGTACTACG_003,148
CAGCAGCAACTCGTACTACG_004,82
CAGCAGCAACTCGTACTACG_005,118
CAGCAGCAACTCGTACTACG_006,150
CAGCAGCAACTCGTACTACG_007,16
CAGCAGCAACTCGTACTACG_008,10
CAGCAGCAACTCGTACTACG_009,34
CAGCAGCAACTCGTACTACG_010,157
CAGCAGCAACTCGTACTACG_011,40
CAGCAGCAACTCGTACTACG_012,197
ACCAAGTTTATCCGGCGCCG_001,17
ACCAAGTTTATCCGGCGCCG_002,11
ACCAAGTTTATCCGGCGCCG_003,70
ACCAAGTTTATCCGGCGCCG_004,188
ACCAAGTTTATCCGGCGCCG_005,182
ACCAAGTTTATCCGGCGCCG_006,194
ACCAAGTTTATCCGGCGCCG_007,118
ACCAAGTTTATCCGGCGCCG_008,197
ACCAAGTTTATCCGGCGCCG_009,173
ACCAAGTTTATCCGGCGCCG_010,173
ACCAAGTTTATCCGGCGCCG_011,46
ACCAAGTTTATCCGGCGCCG_012,148
ACCAAGTTTATCCGGCGCCG_013,92
ACCAAGTTTATCCGGCGCCG_014,195
ACCAAGTTTATCCGGCGCCG_015,195
ACCAAGTTTATCCGGCGCCG_016,127
ACCAAGTTTATCCGGCGCCG_017,37
ACCAAGTTTATCCGGCGCCG_018,105
ACCAAGTTTATCCGGCGCCG_019,61
ACCAAGTTTATCCGGCGCCG_020,1
GGAGAGAAGCACCTACCAAG_001,161
GGAGAGAAGCACCTACCAAG_002,185
GGAGAGAAGCACCTACCAAG_003,172
GGAGAGAAGCACCTACCAAG_004,112
GGAGAGAAGCACCTACCAAG_005,197
GGAGAGAAGCACCTACCAAG_006,131
GGAGAGAAGCACCTACCAAG_007,17
GGAGAGAAGCACCTACCAAG_008,41
GGAGAGAAGCACCTACCAAG_009,139
GGAGAGAAGCACCTACCAAG_010,48
GGAGAGAAGCACCTACCAAG_011,119
GGAGAGAAGCACCTACCAAG_012,87
GGAGAGAAGCACCTACCAAG_013,87
GGAGAGAAGCACCTACCAAG_014,34
GGAGAGAAGCACCTACCAAG_015,141
GGAGAGAAGCACCTACCAAG_016,168
GGAGAGAAGCACCTACCAAG_017,123
GGAGAGAAGCACCTACCAAG_018,179
GGAGAGAAGCACCTACCAAG_019,26
GGAGAGAAGCACCTACCAAG_020,142
GGAGAGAAGCACCTACCAAG_021,152
GGAGAGAAGCACCTACCAAG_022,6
GGAGAGAAGCACCTACCAAG_023,174
TGATTTCGCTGGAAGTGCGG_001,161
TGATTTCGCTGGAAGTGCGG_002,54
TGATTTCGCTGGAAGTGCGG_003,99
TGATTTCGCTGGAAGTGCGG_004,24
TGATTTCGCTGGAAGTGCGG_005,129
TGATTTCGCTGGAAGTGCGG_006,101
TGATTTCGCTGGAAGTGCGG_007,161
TGATTTCGCTGGAAGTGCGG_008,108
TGATTTCGCTGGAAGTGCGG_009,177
ACCTATTGTATGGAAGAGCT_001,122
ACCTATTGTATGGAAGAGCT_002,132
ACCTATTGTATGGAAGAGCT_003,163
ACCTATTGTATGGAAGAGCT_004,20
ACCTATTGTATGGAAGAGCT_005,194
ACCTATTGTATGGAAGAGCT_006,163
ACCTATTGTATGGAAGAGCT_007,15
ACCTATTGTATGGAAGAGCT_008,1
CAGTCCTCTCCTGCAATTCG_001,156
CAGTCCTCTCCTGCAATTCG_002,184
CAGTCCTCTCCTGCAATTCG_003,100
CAGTCCTCTCCTGCAATTCG_004,101
CAGTCCTCTCCTGCAATTCG_005,174
CAGTCCTCTCCTGCAATTCG_006,118
CAGTCCTCTCCTGCAATTCG_007,6
CAGTCCTCTCCTGCAATTCG_008,82
CAGTCCTCTCCTGCAATTCG_009,43
ATTGATGACTGCTGGATCGG_001,197
ATTGATGACTGCTGGATCGG_002,121
ATTGATGACTGCTGGATCGG_003,75
ATTGATGACTGCTGGATCGG_004,96
ATTGATGACTGCTGGATCGG_005,1
ATTGATGACTGCTGGATCGG_006,120
ATTGATGACTGCTGGATCGG_007,103
ATTGATGACTGCTGGATCGG_008,56
ATTGATGACTGCTGGATCGG_009,20
ATTGATGACTGCTGGATCGG_010,128
ATTGATGACTGCTGGATCGG_011,94
ATTGATGACTGCTGGATCGG_012,183
ATTGATGACTGCTGGATCGG_013,40
ATTGATGACTGCTGGATCGG_014,102
ATTGATGACTGCTGGATCGG_015,25
CCACAGATGATGTCCAACCT_001,92
CCACAGATGATGTCCAACCT_002,128
CCACAGATGATGTCCAACCT_003,6
CCACAGATGATGTCCAACCT_004,131
CCACAGATGATGTCCAACCT_005,106
CCTGTTCATCAGGAACGTCG_001,163
CCTGTTCATCAGGAACGTCG_002,62
CCTGTTCATCAGGAACGTCG_003,98
CCTGTTCATCAGGAACGTCG_004,15
TGCACTTAGTGCCTATGACA_001,53
TGCACTTAGTGCCTATGACA_002,55
TGCACTTAGTGCCTATGACA_003,49
TGCACTTAGTGCCTATGACA_004,173
TGCACTTAGTGCCTATGACA_005,107
TGCACTTAGTGCCTATGACA_006,138
TGCACTTAGTGCCTATGACA_007,199
GAAGTACTCTCATGGAGACA_001,15
GAAGTACTCTCATGGAGACA_002,171
GAAGTACTCTCATGGAGACA_003,86
ATCGGCATTCTGTGCTACGA_001,8
ATCGGCATTCTGTGCTACGA_002,144
ATCGGCATTCTGTGCTACGA_003,170
ATCGGCATTCTGTGCTACGA_004,133
ATCGGCATTCTGTGCTACGA_005,118
ATCGGCATTCTGTGCTACGA_006,13
ATCGGCATTCTGTGCTACGA_007,145
ATCGGCATTCTGTGCTACGA_008,31
ATCGGCATTCTGTGCTACGA_009,85
ATCGGCATTCTGTGCTACGA_010,139
ATCGGCATTCTGTGCTACGA_011,195
ATCGGCATTCTGTGCTACGA_012,138
ATCGGCATTCTGTGCTACGA_013,12
ATCGGCATTCTGTGCTACGA_014,19
ATCGGCATTCTGTGCTACGA_015,19
ATAGCATAGTGGTCAAGCCT_001,194
ATAGCATAGTGGTCAAGCCT_002,185
ATAGCATAGTGGTCAAGCCT_003,187
ATAGCATAGTGGTCAAGCCT_004,97
ATAGCATAGTGGTCAAGCCT_005,97
CTCTCCAGACAGGATCCCGG_001,18
CTCTCCAGACAGGATCCCGG_002,155
CTCTCCAGACAGGATCCCGG_003,71
CTCTCCAGACAGGATCCCGG_004,92
CTCTCCAGACAGGATCCCGG_005,76
ACCTGCTGGCCACGTTCCCG_001,90
ACCTGCTGGCCACGTTCCCG_002,134
ACCTGCTGGCCACGTTCCCG_003,135
ACCTGCTGGCCACGTTCCCG_004,130
ACCTGCTGGCCACGTTCCCG_005,146
ACCTGCTGGCCACGTTCCCG_006,145
ACCTGCTGGCCACGTTCCCG_007,158
ACCTGCTGGCCACGTTCCCG_008,130
ACCTGCTGGCCACGTTCCCG_009,172
ACCTGCTGGCCACGTTCCCG_010,25
ACCTGCTGGCCACGTTCCCG_011,57
ACCTGCTGGCCACGTTCCCG_012,127
ACCTGCTGGCCACGTTCCCG_013,187
ACCTGCTGGCCACGTTCCCG_014,1
ACCTGCTGGCCACGTTCCCG_015,41
ACCTGCTGGCCACGTTCCCG_016,123
ACCTGCTGGCCACGTTCCCG_017,77
ACCTGCTGGCCACGTTCCCG_018,9
ACCTGCTGGCCACGTTCCCG_019,0
ACCTGCTGGCCACGTTCCCG_020,105
ACCTGCTGGCCACGTTCCCG_021,142
ACCTGCTGGCCACGTTCCCG_022,115
AGATGGTGTCCGCCTCCGAA_001,62
AGATGGTGTCCGCCTCCGAA_002,62
AGATGGTGTCCGCCTCCGAA_003,54
AGATGGTGTCCGCCTCCGAA_004,25
AGATGGTGTCCGCCTCCGAA_005,27
AGATGGTGTCCGCCTCCGAA_006,116
AGATGGTGTCCGCCTCCGAA_007,65
AGATGGTGTCCGCCTCCGAA_008,144
AGATGGTGTCCGCCTCCGAA_009,166
AGATGGTGTCCGCCTCCGAA_010,8
AGATGGTGTCCGCCTCCGAA_011,107
AGATGGTGTCCGCCTCCGAA_012,156
AGATGGTGTCCGCCTCCGAA_013,72
AGATGGTGTCCGCCTCCGAA_014,191
AGATGGTGTCCGCCTCCGAA_015,160
AGATGGTGTCCGCCTCCGAA_016,57
AGATGGTGTCCGCCTCCGAA_017,12
AGATGGTGTCCGCCTCCGAA_018,157
TCTCCTCCGTCGGGTCCAGG_001,163
TCTCCTCCGTCGGGTCCAGG_002,171
TTATCGCAATGGTTATCATG_001,184
TTATCGCAATGGTTATCATG_002,10
CCGGGCACTTACATGAGAGG_001,154
CCGGGCACTTACATGAGAGG_002,104
CTGAAACGTGACCCACATCG_001,27
GGGCCCATAATCGAGCCCAG_001,65
GGGCCCATAATCGAGCCCAG_002,64
GGGCCCATAATCGAGCCCAG_003,107
GGGCCCATAATCGAGCCCAG_004,107
GGGCCCATAATCGAGCCCAG_005,161
GGGCCCATAATCGAGCCCAG_006,130
GGGCCCATAATCGAGCCCAG_007,160
GGGCCCATAATCGAGCCCAG_008,141
GGGCCCATAATCGAGCCCAG_009,169
GGGCCCATAATCGAGCCCAG_010,3
GGGCCCATAATCGAGCCCAG_011,86
GGGCCCATAATCGAGCCCAG_012,69
GGGCCCATAATCGAGCCCAG_013,111
GGGCCCATAATCGAGCCCAG_014,196
GGGCCCATAATCGAGCCCAG_015,172
GGGCCCATAATCGAGCCCAG_016,78
GGGCCCATAATCGAGCCCAG_017,76
GGGCCCATAATCGAGCCCAG_018,10
GGGCCCATAATCGAGCCCAG_019,3
TTGCATGAAGACATACCTGA_001,184
GTCACGTTGTTAGCCAACCT_001,146
GTCACGTTGTTAGCCAACCT_002,145
GTCACGTTGTTAGCCAACCT_003,122
GTCACGTTGTTAGCCAACCT_004,151
GTCACGTTGTTAGCCAACCT_005,183
GTCACGTTGTTAGCCAACCT_006,80
CTGATTTGGACAAACAACCG_001,34
CTGATTTGGACAAACAACCG_002,105
CTGATTTGGACAAACAACCG_003,88
CTGATTTGGACAAACAACCG_004,158
CTGATTTGGACAAACAACCG_005,141
CTGATTTGGACAAACAACCG_006,166
TTCCGATCAAGCAGAACCGT_001,189
TTCCGATCAAGCAGAACCGT_002,57
CTATTGCAGGAAGAAATGCA_001,151
CTATTGCAGGAAGAAATGCA_002,148
CTATTGCAGGAAGAAATGCA_003,46
CTATTGCAGGAAGAAATGCA_004,193
CTATTGCAGGAAGAAATGCA_005,64
CTATTGCAGGAAGAAATGCA_006,173
CAGCATAAACGAGTTCCCTG_001,114
CAGCATAAACGAGTTCCCTG_002,114
CAGCATAAACGAGTTCCCTG_003,189
CAGCATAAACGAGTTCCCTG_004,189
CAGCATAAACGAGTTCCCTG_005,150
CAGCATAAACGAGTTCCCTG_006,47
CAGCATAAACGAGTTCCCTG_007,125
CAGCATAAACGAGTTCCCTG_008,57
CAGCATAAACGAGTTCCCTG_009,88
CAGCATAAACGAGTTCCCTG_010,162
CAGCATAAACGAGTTCCCTG_011,49
CAGCATAAACGAGTTCCCTG_012,23
CAGCATAAACGAGTTCCCTG_013,121
CAGCATAAACGAGTTCCCTG_014,147
CAGCATAAACGAGTTCCCTG_015,73
CAGCATAAACGAGTTCCCTG_016,84
CAGCATAAACGAGTTCCCTG_017,73
CAGCATAAACGAGTTCCCTG_018,0
CAGCATAAACGAGTTCCCTG_019,145
CAGCATAAACGAGTTCCCTG_020,94
CAGCATAAACGAGTTCCCTG_021,175
CAGCATAAACGAGTTCCCTG_022,77
CAGCATAAACGAGTTCCCTG_023,102
CAGCATAAACGAGTTCCCTG_024,12
CAGCATAAACGAGTTCCCTG_025,15
CAGCATAAACGAGTTCCCTG_026,0
CAGCATAAACGAGTTCCCTG_027,37
CAGCATAAACGAGTTCCCTG_028,48
CAGCATAAACGAGTTCCCTG_029,170
CAGCATAAACGAGTTCCCTG_030,184
GAGAGGCAAGAGAAAGCTCT_001,12
ACAACAAAAAGCATAATCCT_001,159
ACAACAAAAAGCATAATCCT_002,184
ACAACAAAAAGCATAATCCT_003,1
TTGCCCTGAAGTCTATAGGT_001,123
TTGCCCTGAAGTCTATAGGT_002,28
TTGCCCTGAAGTCTATAGGT_003,142
TTGCCCTGAAGTCTATAGGT_004,124
TTGCCCTGAAGTCTATAGGT_005,197
TTGCCCTGAAGTCTATAGGT_006,183
TTGCCCTGAAGTCTATAGGT_007,61
TTGCCCTGAAGTCTATAGGT_008,184
TTGCCCTGAAGTCTATAGGT_009,71
TTGCCCTGAAGTCTATAGGT_010,197
GCAGGCGTAGGAGCCTCCAG_001,19
GCAGGCGTAGGAGCCTCCAG_002,199
GCAGGCGTAGGAGCCTCCAG_003,34
GCAGGCGTAGGAGCCTCCAG_004,117
GCAGGCGTAGGAGCCTCCAG_005,15
GCAGGCGTAGGAGCCTCCAG_006,183
GCAGGCGTAGGAGCCTCCAG_007,91
AGCCATCGCAGATCACATTG_001,154
AGCCATCGCAGATCACATTG_002,118
AGCCATCGCAGATCACATTG_003,149
AGCCATCGCAGATCACATTG_004,174
AGCCATCGCAGATCACATTG_005,168
AGCCATCGCAGATCACATTG_006,169
AGCCATCGCAGATCACATTG_007,49
AGCCATCGCAGATCACATTG_008,106
AGCCATCGCAGATCACATTG_009,145
CTGCTCCCTAAAGATGCATT_001,101
CTGCTCCCTAAAGATGCATT_002,70
CTGCTCCCTAAAGATGCATT_003,145
CTGCTCCCTAAAGATGCATT_004,128
CTGCTCCCTAAAGATGCATT_005,38
CTGCTCCCTAAAGATGCATT_006,55
CTGCTCCCTAAAGATGCATT_007,170
CTGCTCCCTAAAGATGCATT_008,96
CTGCTCCCTAAAGATGCATT_009,60
CGGAACTTCTCATAGCACAC_001,140
CGGAACTTCTCATAGCACAC_002,82
ACACCGGCGCAGACCCAGAG_001,48
ACACCGGCGCAGACCCAGAG_002,149
ACACCGGCGCAGACCCAGAG_003,3
ACACCGGCGCAGACCCAGAG_004,60
CCCTCTCCCGGAGCCCGCAG_001,169
CCCTCTCCCGGAGCCCGCAG_002,43
CCCTCTCCCGGAGCCCGCAG_003,23
CCCTCTCCCGGAGCCCGCAG_004,189
CCCTCTCCCGGAGCCCGCAG_005,161
CCCTCTCCCGGAGCCCGCAG_006,168
CCCTCTCCCGGAGCCCGCAG_007,43
CCCTCTCCCGGAGCCCGCAG_008,179
CCCTCTCCCGGAGCCCGCAG_009,65
CCCTCTCCCGGAGCCCGCAG_010,57
CCCTCTCCCGGAGCCCGCAG_011,57
CCCTCTCCCGGAGCCCGCAG_012,175
CCCTCTCCCGGAGCCCGCAG_013,174
CCCTCTCCCGGAGCCCGCAG_014,169
CCCTCTCCCGGAGCCCGCAG_015,105
CCCTCTCCCGGAGCCCGCAG_016,25
CCCTCTCCCGGAGCCCGCAG_017,3
CCCTCTCCCGGAGCCCGCAG_018,104
CCCTCTCCCGGAGCCCGCAG_019,44
CCCTCTCCCGGAGCCCGCAG_020,148
CCCTCTCCCGGAGCCCGCAG_021,186
CCCTCTCCCGGAGCCCGCAG_022,145
CCCTCTCCCGGAGCCCGCAG_023,8
CCCTCTCCCGGAGCCCGCAG_024,129
CCCTCTCCCGGAGCCCGCAG_025,13
CCCTCTCCCGGAGCCCGCAG_026,104
CCCTCTCCCGGAGCCCGCAG_027,6
CCCTCTCCCGGAGCCCGCAG_028,48
CCCTCTCCCGGAGCCCGCAG_029,76
CCCTCTCCCGGAGCCCGCAG_030,19
CCCTCTCCCGGAGCCCGCAG_031,197
CCCTCTCCCGGAGCCCGCAG_032,123
CCCTCTCCCGGAGCCCGCAG_033,107
CCCTCTCCCGGAGCCCGCAG_034,183
CCCTCTCCCGGAGCCCGCAG_035,101
AGAGGGACATACCTTCCCAA_001,134
AGAGGGACATACCTTCCCAA_002,156
AGAGGGACATACCTTCCCAA_003,172
AGAGGGACATACCTTCCCAA_004,98
AGAGGGACATACCTTCCCAA_005,43
AGAGGGACATACCTTCCCAA_006,98
AGAGGGACATACCTTCCCAA_007,96
GCTCCCAGTGAATTAGAACG_001,145
GCTCCCAGTGAATTAGAACG_002,69
GCTCCCAGTGAATTAGAACG_003,3
GCTCCCAGTGAATTAGAACG_004,41
GCTCCCAGTGAATTAGAACG_005,179
GCTCCCAGTGAATTAGAACG_006,54
GCTCCCAGTGAATTAGAACG_007,174
GCTCCCAGTGAATTAGAACG_008,147
GCTCCCAGTGAATTAGAACG_009,52
GCTCCCAGTGAATTAGAACG_010,192
GCTCCCAGTGAATTAGAACG_011,40
GCTCCCAGTGAATTAGAACG_012,82
GCTCCCAGTGAATTAGAACG_013,33
GCTCCCAGTGAATTAGAACG_014,193
AAATCTCCGAAACCAGTCTG_001,162
AAATCTCCGAAACCAGTCTG_002,17
AAATCTCCGAAACCAGTCTG_003,16
AAATCTCCGAAACCAGTCTG_004,28
AAATCTCCGAAACCAGTCTG_005,148
AAATCTCCGAAACCAGTCTG_006,35
AAATCTCCGAAACCAGTCTG_007,70
AAATCTCCGAAACCAGTCTG_008,177
AAATCTCCGAAACCAGTCTG_009,77
AAATCTCCGAAACCAGTCTG_010,89
AAATCTCCGAAACCAGTCTG_011,3
AAATCTCCGAAACCAGTCTG_012,30
AAATCTCCGAAACCAGTCTG_013,177
AAATCTCCGAAACCAGTCTG_014,160
AAATCTCCGAAACCAGTCTG_015,197
AAATCTCCGAAACCAGTCTG_016,9
AAATCTCCGAAACCAGTCTG_017,174
AGAAATTGGCGTGTTAGCCA_001,12
AGAAATTGGCGTGTTAGCCA_002,103
AGAAATTGGCGTGTTAGCCA_003,148
AGAAATTGGCGTGTTAGCCA_004,127
AGAAATTGGCGTGTTAGCCA_005,162
AAAACCACCACCCGCTCAGT_001,147
AAAACCACCACCCGCTCAGT_002,29
AAAACCACCACCCGCTCAGT_003,108
AAAACCACCACCCGCTCAGT_004,174
AAAACCACCACCCGCTCAGT_005,41
AAAACCACCACCCGCTCAGT_006,76
AAAACCACCACCCGCTCAGT_007,182
AAAACCACCACCCGCTCAGT_008,147
AAAACCACCACCCGCTCAGT_009,160
AAAACCACCACCCGCTCAGT_010,46
AAAACCACCACCCGCTCAGT_011,126
AAAACCACCACCCGCTCAGT_012,34
AAAACCACCACCCGCTCAGT_013,15
AAAACCACCACCCGCTCAGT_014,2
AAAACCACCACCCGCTCAGT_015,26
AAAACCACCACCCGCTCAGT_016,172
AAAACCACCACCCGCTCAGT_017,9
GAAACTTCCTCGTTACCCAA_001,168
GAAACTTCCTCGTTACCCAA_002,153
GAAACTTCCTCGTTACCCAA_003,88
GAAACTTCCTCGTTACCCAA_004,68
GAAACTTCCTCGTTACCCAA_005,12
GAAACTTCCTCGTTACCCAA_006,6
GAAACTTCCTCGTTACCCAA_007,9
GAAACTTCCTCGTTACCCAA_008,9
GAAACTTCCTCGTTACCCAA_009,178
GAAACTTCCTCGTTACCCAA_010,117
GAAACTTCCTCGTTACCCAA_011,192
GAAACTTCCTCGTTACCCAA_012,151
GAAACTTCCTCGTTACCCAA_013,190
GAAACTTCCTCGTTACCCAA_014,187
GAAACTTCCTCGTTACCCAA_015,12
GAAACTTCCTCGTTACCCAA_016,49
GAAACTTCCTCGTTACCCAA_017,167
GAAACTTCCTCGTTACCCAA_018,167
GAAACTTCCTCGTTACCCAA_019,114
GAAACTTCCTCGTTACCCAA_020,147
GAAACTTCCTCGTTACCCAA_021,70
CAAGTCCCACCCAAACCCAA_001,191
CAAGTCCCACCCAAACCCAA_002,53
CAAGTCCCACCCAAACCCAA_003,77
CAAGTCCCACCCAAACCCAA_004,158
CAAGTCCCACCCAAACCCAA_005,109
CAAGTCCCACCCAAACCCAA_006,140
CAAGTCCCACCCAAACCCAA_007,42
CAAGTCCCACCCAAACCCAA_008,158
CAAGTCCCACCCAAACCCAA_009,75
CAAGTCCCACCCAAACCCAA_010,190
CAAGTCCCACCCAAACCCAA_011,141
CAAGTCCCACCCAAACCCAA_012,8
CAAGTCCCACCCAAACCCAA_013,186
CAAGTCCCACCCAAACCCAA_014,80
CAAGTCCCACCCAAACCCAA_015,12
CAAGTCCCACCCAAACCCAA_016,42
CAAGTCCCACCCAAACCCAA_017,98
CAAGTCCCACCCAAACCCAA_018,17
CAAGTCCCACCCAAACCCAA_019,52
CAAGTCCCACCCAAACCCAA_020,56
CAAGTCCCACCCAAACCCAA_021,29
CAAGTCCCACCCAAACCCAA_022,149
CAAGTCCCACCCAAACCCAA_023,78
CAAGTCCCACCCAAACCCAA_024,23
CAAGTCCCACCCAAACCCAA_025,35
CAAGTCCCACCCAAACCCAA_026,4
CAAGTCCCACCCAAACCCAA_027,61
CAAGTCCCACCCAAACCCAA_028,49
CAAGTCCCACCCAAACCCAA_029,6
CAAGTCCCACCCAAACCCAA_030,149
CAAGTCCCACCCAAACCCAA_031,170
CAAGTCCCACCCAAACCCAA_032,191
CAAGTCCCACCCAAACCCAA_033,44
CAAGTCCCACCCAAACCCAA_034,65
CAAGTCCCACCCAAACCCAA_035,55
GAGACTCATCCCCGCCCTGT_001,118
GAGACTCATCCCCGCCCTGT_002,96
GAGACTCATCCCCGCCCTGT_003,160
GAGACTCATCCCCGCCCTGT_004,23
GAGACTCATCCCCGCCCTGT_005,12
GAGACTCATCCCCGCCCTGT_006,98
GAGACTCATCCCCGCCCTGT_007,98
GAGACTCATCCCCGCCCTGT_008,15
GAGACTCATCCCCGCCCTGT_009,105
GAGACTCATCCCCGCCCTGT_010,96
GAGACTCATCCCCGCCCTGT_011,104
GAGACTCATCCCCGCCCTGT_012,69
GAGACTCATCCCCGCCCTGT_013,88
GAGACTCATCCCCGCCCTGT_014,14
GAGACTCATCCCCGCCCTGT_015,135
GAGACTCATCCCCGCCCTGT_016,108
GAGACTCATCCCCGCCCTGT_017,142
GAGACTCATCCCCGCCCTGT_018,142
GAGACTCATCCCCGCCCTGT_019,120
GAGACTCATCCCCGCCCTGT_020,49
GAGACTCATCCCCGCCCTGT_021,145
GAGACTCATCCCCGCCCTGT_022,185
GAGACTCATCCCCGCCCTGT_023,66
GAGACTCATCCCCGCCCTGT_024,78
GAGACTCATCCCCGCCCTGT_025,33
ATCCAGTCCGCGTACCACAA_001,134
ATCCAGTCCGCGTACCACAA_002,49
ATCCAGTCCGCGTACCACAA_003,104
ATCCAGTCCGCGTACCACAA_004,85
ATCCAGTCCGCGTACCACAA_005,34
ATCCAGTCCGCGTACCACAA_006,20
ATCCAGTCCGCGTACCACAA_007,114
ATCCAGTCCGCGTACCACAA_008,114
ATCCAGTCCGCGTACCACAA_009,169
ATCCAGTCCGCGTACCACAA_010,45
ATCCAGTCCGCGTACCACAA_011,178
ATCCAGTCCGCGTACCACAA_012,93
ATCCAGTCCGCGTACCACAA_013,132
ATCCAGTCCGCGTACCACAA_014,124
ATCCAGTCCGCGTACCACAA_015,181
ATCCAGTCCGCGTACCACAA_016,34
ATCCAGTCCGCGTACCACAA_017,2
ATCCAGTCCGCGTACCACAA_018,148
ATCCAGTCCGCGTACCACAA_019,178
ATCCAGTCCGCGTACCACAA_020,172
ATCCAGTCCGCGTACCACAA_021,43
ATCCAGTCCGCGTACCACAA_022,61
CCGTAGCAACCGGGTCATCG_001,72
CCGTAGCAACCGGGTCATCG_002,133
CCGTAGCAACCGGGTCATCG_003,175
CCGTAGCAACCGGGTCATCG_004,81
CCGTAGCAACCGGGTCATCG_005,194
CCGTAGCAACCGGGTCATCG_006,169
CCGTAGCAACCGGGTCATCG_007,35
CCGTAGCAACCGGGTCATCG_008,2
CCGTAGCAACCGGGTCATCG_009,62
CCGTAGCAACCGGGTCATCG_010,59
CCGTAGCAACCGGGTCATCG_011,124
CCGTAGCAACCGGGTCATCG_012,19
CCGTAGCAACCGGGTCATCG_013,76
GTTTCTCACTAGCTACTAAG_001,60
GTTTCTCACTAGCTACTAAG_002,176
GTTTCTCACTAGCTACTAAG_003,160
GTTTCTCACTAGCTACTAAG_004,95
GTTTCTCACTAGCTACTAAG_005,176
GTGCAACAGTTCAAGCGTGT_001,169
GTGCAACAGTTCAAGCGTGT_002,81
GTGCAACAGTTCAAGCGTGT_003,81
GTGCAACAGTTCAAGCGTGT_004,49
GTGCAACAGTTCAAGCGTGT_005,77
GTGCAACAGTTCAAGCGTGT_006,63
GTGCAACAGTTCAAGCGTGT_007,141
GTGCAACAGTTCAAGCGTGT_008,0
GTGCAACAGTTCAAGCGTGT_009,136
GTGCAACAGTTCAAGCGTGT_010,162
GCGCGCGAGCAGATGCCGCG_001,141
GCGCGCGAGCAGATGCCGCG_002,13
GCGCGCGAGCAGATGCCGCG_003,31
GCGCGCGAGCAGATGCCGCG_004,55
GTTACCCTAACATCATGACC_001,40
GTTACCCTAACATCATGACC_002,9
GTTACCCTAACATCATGACC_003,50
GTTACCCTAACATCATGACC_004,146
GTTACCCTAACATCATGACC_005,14
AAAATAGTTCCAGGCGCCAA_001,94
AAAATAGTTCCAGGCGCCAA_002,1
AAAATAGTTCCAGGCGCCAA_003,198
AAAATAGTTCCAGGCGCCAA_004,183
AAAATAGTTCCAGGCGCCAA_005,96
AAAATAGTTCCAGGCGCCAA_006,57
AAAATAGTTCCAGGCGCCAA_007,138
CTCTACGGGCTTGTGCACCA_001,139
CTCTACGGGCTTGTGCACCA_002,102
CTCTACGGGCTTGTGCACCA_003,106
CTCTACGGGCTTGTGCACCA_004,132
CTCTACGGGCTTGTGCACCA_005,51
CTCTACGGGCTTGTGCACCA_006,96
CTCTACGGGCTTGTGCACCA_007,70
CTCTACGGGCTTGTGCACCA_008,9
CTCTACGGGCTTGTGCACCA_009,44
CTCTACGGGCTTGTGCACCA_010,110
CTCTACGGGCTTGTGCACCA_011,81
CTCTACGGGCTTGTGCACCA_012,65
CTCTACGGGCTTGTGCACCA_013,184
CTCTACGGGCTTGTGCACCA_014,94
CTCTACGGGCTTGTGCACCA_015,41
CTCTACGGGCTTGTGCACCA_016,55
CTCTACGGGCTTGTGCACCA_017,43
CTCTACGGGCTTGTGCACCA_018,29
CTCTACGGGCTTGTGCACCA_019,188
CTCTACGGGCTTGTGCACCA_020,10
GGCCACAGATGTCGGGACCT_001,104
GGCCACAGATGTCGGGACCT_002,138
GGCCACAGATGTCGGGACCT_003,83
GGCCACAGATGTCGGGACCT_004,68
GGCCACAGATGTCGGGACCT_005,54
GGCCACAGATGTCGGGACCT_006,34
GGCCACAGATGTCGGGACCT_007,176
GGCCACAGATGTCGGGACCT_008,18
GGCCACAGATGTCGGGACCT_009,4
GGCCACAGATGTCGGGACCT_010,34
GGCCACAGATGTCGGGACCT_011,187
GGCCACAGATGTCGGGACCT_012,34
GGCCACAGATGTCGGGACCT_013,8
GGCCACAGATGTCGGGACCT_014,129
GGCCACAGATGTCGGGACCT_015,83
GGCCACAGATGTCGGGACCT_016,162
GGCCACAGATGTCGGGACCT_017,49
TCTGACGATGGGTGACCAGA_001,156
TCTGACGATGGGTGACCAGA_002,144
TCTGACGATGGGTGACCAGA_003,72
TCTGACGATGGGTGACCAGA_004,68
TCTGACGATGGGTGACCAGA_005,186
TCTGACGATGGGTGACCAGA_006,83
ACTTGAAGTTCACATGGTGG_001,174
ACTTGAAGTTCACATGGTGG_002,172
ACTTGAAGTTCACATGGTGG_003,89
ACTTGAAGTTCACATGGTGG_004,89
ACTTGAAGTTCACATGGTGG_005,98
ACTTGAAGTTCACATGGTGG_006,61
CACAGGGATGACCTTGCATG_001,42
CACAGGGATGACCTTGCATG_002,162
CACAGGGATGACCTTGCATG_003,161
CACAGGGATGACCTTGCATG_004,13
CACAGGGATGACCTTGCATG_005,181
CACAGGGATGACCTTGCATG_006,158
CACAGGGATGACCTTGCATG_007,62
CACAGGGATGACCTTGCATG_008,41
CACAGGGATGACCTTGCATG_009,76
CACAGGGATGACCTTGCATG_010,41
CACAGGGATGACCTTGCATG_011,46
CACAGGGATGACCTTGCATG_012,94
CACAGGGATGACCTTGCATG_013,83
CACAGGGATGACCTTGCATG_014,8
CACAGGGATGACCTTGCATG_015,137
CACAGGGATGACCTTGCATG_016,165
CACAGGGATGACCTTGCATG_017,149
CACAGGGATGACCTTGCATG_018,175
CACAGGGATGACCTTGCATG_019,196
CCAACTAGCCCAGTTACCAG_001,62
CCAACTAGCCCAGTTACCAG_002,198
CCAACTAGCCCAGTTACCAG_003,196
CCAACTAGCCCAGTTACCAG_004,6
CCAACTAGCCCAGTTACCAG_005,162
CCAACTAGCCCAGTTACCAG_006,23
CCAACTAGCCCAGTTACCAG_007,17
CCAACTAGCCCAGTTACCAG_008,108
CCAACTAGCCCAGTTACCAG_009,21
CCAACTAGCCCAGTTACCAG_010,114
CCAACTAGCCCAGTTACCAG_011,63
CCAACTAGCCCAGTTACCAG_012,2
CCAACTAGCCCAGTTACCAG_013,15
CCAACTAGCCCAGTTACCAG_014,103
CGTCCTAGGCAATACGCACG_001,125
CGTCCTAGGCAATACGCACG_002,14
CGTCCTAGGCAATACGCACG_003,58
CGTCCTAGGCAATACGCACG_004,197
GGGCCTAAAGACCACCAGGA_001,10
GGGCCTAAAGACCACCAGGA_002,110
GGGCCTAAAGACCACCAGGA_003,188
GGGCCTAAAGACCACCAGGA_004,88
GGGCCTAAAGACCACCAGGA_005,123
GGGCCTAAAGACCACCAGGA_006,158
GGGCCTAAAGACCACCAGGA_007,88
GGGCCTAAAGACCACCAGGA_008,158
GGGCCTAAAGACCACCAGGA_009,120
GGGCCTAAAGACCACCAGGA_010,149
GGGCCTAAAGACCACCAGGA_011,25
GGGCCTAAAGACCACCAGGA_012,58
GGGCCTAAAGACCACCAGGA_013,31
GGGCCTAAAGACCACCAGGA_014,156
GGGCCTAAAGACCACCAGGA_015,78
GGGCCTAAAGACCACCAGGA_016,178
GGGCCTAAAGACCACCAGGA_017,66
GGGCCTAAAGACCACCAGGA_018,168
GGGCCTAAAGACCACCAGGA_019,13
GTGAAGTTACGAAAATTGGA_001,14
GTGAAGTTACGAAAATTGGA_002,158
GTGAAGTTACGAAAATTGGA_003,3
GTGAAGTTACGAAAATTGGA_004,19
TGCGTTTCGCCGACGCACTG_001,22
TGCGTTTCGCCGACGCACTG_002,102
TGCGTTTCGCCGACGCACTG_003,51
TGCGTTTCGCCGACGCACTG_004,50
TGCGTTTCGCCGACGCACTG_005,174
TGCGTTTCGCCGACGCACTG_006,16
TGCGTTTCGCCGACGCACTG_007,172
TGCGTTTCGCCGACGCACTG_008,81
TGCGTTTCGCCGACGCACTG_009,192
TGCGTTTCGCCGACGCACTG_010,170
TGCGTTTCGCCGACGCACTG_011,27
ACTGCCGATCACTATCGGTG_001,130
ACTGCCGATCACTATCGGTG_002,76
ACTGCCGATCACTATCGGTG_003,137
ACTGCCGATCACTATCGGTG_004,69
GACCCCAATCCAATGGTGCG_001,105
GACCCCAATCCAATGGTGCG_002,146
GACCCCAATCCAATGGTGCG_003,197
GACCCCAATCCAATGGTGCG_004,111
GACCCCAATCCAATGGTGCG_005,135
GACCCCAATCCAATGGTGCG_006,110
GACCCCAATCCAATGGTGCG_007,147
GACCCCAATCCAATGGTGCG_008,147
GACCCCAATCCAATGGTGCG_009,11
GACCCCAATCCAATGGTGCG_010,157
GACCCCAATCCAATGGTGCG_011,134
GACCCCAATCCAATGGTGCG_012,180
GACCCCAATCCAATGGTGCG_013,148
GACCCCAATCCAATGGTGCG_014,111
GACCCCAATCCAATGGTGCG_015,98
GACCCCAATCCAATGGTGCG_016,115
GGATCCTGGCGATTCAACAT_001,118
GGATCCTGGCGATTCAACAT_002,171
GGATCCTGGCGATTCAACAT_003,98
GGATCCTGGCGATTCAACAT_004,94
GGATCCTGGCGATTCAACAT_005,169
GGATCCTGGCGATTCAACAT_006,130
GGATCCTGGCGATTCAACAT_007,113
GGATCCTGGCGATTCAACAT_008,8
GGATCCTGGCGATTCAACAT_009,101
GGATCCTGGCGATTCAACAT_010,191
TGGTGTAGTAGGGCTTCATG_001,70
TGGTGTAGTAGGGCTTCATG_002,6
TGGTGTAGTAGGGCTTCATG_003,156
TGGTGTAGTAGGGCTTCATG_004,44
CGTACTTCTCGTTGGCCGCG_001,103
CGTACTTCTCGTTGGCCGCG_002,37
CCTGAGAGTTGGCAGAACAC_001,194
TAAGCCATGGATAAACCCTG_001,72
TAAGCCATGGATAAACCCTG_002,1
TAAGCCATGGATAAACCCTG_003,191
TAAGCCATGGATAAACCCTG_004,46
TAAGCCATGGATAAACCCTG_005,31
CTTGTGGCAGTGCATCGTAG_001,106
CTTGTGGCAGTGCATCGTAG_002,9
CTTGTGGCAGTGCATCGTAG_003,48
CTTGTGGCAGTGCATCGTAG_004,69
CTTGTGGCAGTGCATCGTAG_005,88
CTTGTGGCAGTGCATCGTAG_006,1
CTTGTGGCAGTGCATCGTAG_007,104
CTTGTGGCAGTGCATCGTAG_008,1
CTTGTGGCAGTGCATCGTAG_009,68
CTTGTGGCAGTGCATCGTAG_010,126
CTTGTGGCAGTGCATCGTAG_011,188
CTTGTGGCAGTGCATCGTAG_012,44
CTTGTGGCAGTGCATCGTAG_013,75
CTTGTGGCAGTGCATCGTAG_014,60
CTTGTGGCAGTGCATCGTAG_015,127
CTTGTGGCAGTGCATCGTAG_016,30
CTTGTGGCAGTGCATCGTAG_017,149
CTTGTGGCAGTGCATCGTAG_018,40
CTTGTGGCAGTGCATCGTAG_019,194
CTTGTGGCAGTGCATCGTAG_020,34
CTTGTGGCAGTGCATCGTAG_021,132
CTTGTGGCAGTGCATCGTAG_022,87
CTTGTGGCAGTGCATCGTAG_023,145
CTTGTGGCAGTGCATCGTAG_024,117
CTTGTGGCAGTGCATCGTAG_025,24
GGTGCGCCATTGCTGGTCTG_001,175
GGTGCGCCATTGCTGGTCTG_002,40
GGTGCGCCATTGCTGGTCTG_003,48
GGTGCGCCATTGCTGGTCTG_004,115
GGTGCGCCATTGCTGGTCTG_005,67
GGTGCGCCATTGCTGGTCTG_006,8
GGTGCGCCATTGCTGGTCTG_007,190
GGTGCGCCATTGCTGGTCTG_008,126
GGTGCGCCATTGCTGGTCTG_009,187
GGTGCGCCATTGCTGGTCTG_010,98
GGTGCGCCATTGCTGGTCTG_011,192
GGTGCGCCATTGCTGGTCTG_012,117
GGTGCGCCATTGCTGGTCTG_013,117
GGTGCGCCATTGCTGGTCTG_014,16
GGTGCGCCATTGCTGGTCTG_015,10
GGTGCGCCATTGCTGGTCTG_016,186
GGTGCGCCATTGCTGGTCTG_017,127
GGTGCGCCATTGCTGGTCTG_018,78
GGTGCGCCATTGCTGGTCTG_019,15
GGTGCGCCATTGCTGGTCTG_020,36
GGTGCGCCATTGCTGGTCTG_021,57
GGTGCGCCATTGCTGGTCTG_022,92
GGTGCGCCATTGCTGGTCTG_023,103
GGTGCGCCATTGCTGGTCTG_024,28
GGTGCGCCATTGCTGGTCTG_025,126
GGTGCGCCATTGCTGGTCTG_026,138
GGTGCGCCATTGCTGGTCTG_027,191
GGTGCGCCATTGCTGGTCTG_028,10
GGTGCGCCATTGCTGGTCTG_029,130
GGTGCGCCATTGCTGGTCTG_030,56
GGTGCGCCATTGCTGGTCTG_031,79
GGTGCGCCATTGCTGGTCTG_032,147
GGTGCGCCATTGCTGGTCTG_033,175
GGTGCGCCATTGCTGGTCTG_034,6
GGTGCGCCATTGCTGGTCTG_035,142
GGTGCGCCATTGCTGGTCTG_036,127
GGTGCGCCATTGCTGGTCTG_037,85
GGTGCGCCATTGCTGGTCTG_038,41
TTTACGCAGAGTGATCTGAA_001,21
TTTACGCAGAGTGATCTGAA_002,101
TTTACGCAGAGTGATCTGAA_003,116
TTTACGCAGAGTGATCTGAA_004,11
TTTACGCAGAGTGATCTGAA_005,28
TTTACGCAGAGTGATCTGAA_006,132
TTTACGCAGAGTGATCTGAA_007,181
TTTACGCAGAGTGATCTGAA_008,98
TTTACGCAGAGTGATCTGAA_009,162
TTTACGCAGAGTGATCTGAA_010,13
GCTGGATTGTCCAAGCCCTG_001,162
GCTGGATTGTCCAAGCCCTG_002,127
GCTGGATTGTCCAAGCCCTG_003,58
GCTGGATTGTCCAAGCCCTG_004,10
GCTGGATTGTCCAAGCCCTG_005,19
GCTGGATTGTCCAAGCCCTG_006,33
GCTGGATTGTCCAAGCCCTG_007,23
GCTGGATTGTCCAAGCCCTG_008,88
GCTGGATTGTCCAAGCCCTG_009,16
GCTGGATTGTCCAAGCCCTG_010,174
GCTGGATTGTCCAAGCCCTG_011,91
GCTGGATTGTCCAAGCCCTG_012,90
GCTGGATTGTCCAAGCCCTG_013,68
GCTGGATTGTCCAAGCCCTG_014,148
GCTGGATTGTCCAAGCCCTG_015,1
GCTGGATTGTCCAAGCCCTG_016,14
GCTGGATTGTCCAAGCCCTG_017,30
GCTGGATTGTCCAAGCCCTG_018,2
GCTGGATTGTCCAAGCCCTG_019,169
GCTGGATTGTCCAAGCCCTG_020,162
GCTGGATTGTCCAAGCCCTG_021,118
GCTGGATTGTCCAAGCCCTG_022,126
GCTGGATTGTCCAAGCCCTG_023,147
GCTGGATTGTCCAAGCCCTG_024,94
GCTGGATTGTCCAAGCCCTG_025,75
GCTGGATTGTCCAAGCCCTG_026,174
GCTGGATTGTCCAAGCCCTG_027,53
GCTGGATTGTCCAAGCCCTG_028,2
GCTGGATTGTCCAAGCCCTG_029,98
GCTGGATTGTCCAAGCCCTG_030,96
GCTGGATTGTCCAAGCCCTG_031,179
GCTGGATTGTCCAAGCCCTG_032,188
AGCGGCGGGTCAATCTGCCT_001,19
AGCGGCGGGTCAATCTGCCT_002,5
AGCGGCGGGTCAATCTGCCT_003,147
AGCGGCGGGTCAATCTGCCT_004,86
AGCGGCGGGTCAATCTGCCT_005,68
AGCGGCGGGTCAATCTGCCT_006,68
AGCGGCGGGTCAATCTGCCT_007,48
AGCGGCGGGTCAATCTGCCT_008,6
AGCGGCGGGTCAATCTGCCT_009,72
AGCGGCGGGTCAATCTGCCT_010,2
AGCGGCGGGTCAATCTGCCT_011,51
AGCGGCGGGTCAATCTGCCT_012,165
AGCGGCGGGTCAATCTGCCT_013,141
AGCGGCGGGTCAATCTGCCT_014,107
AGCGGCGGGTCAATCTGCCT_015,174
AGCGGCGGGTCAATCTGCCT_016,9
AGCGGCGGGTCAATCTGCCT_017,62
AGCGGCGGGTCAATCTGCCT_018,107
AGCGGCGGGTCAATCTGCCT_019,168
AGCGGCGGGTCAATCTGCCT_020,183
AGCGGCGGGTCAATCTGCCT_021,129
AGCGGCGGGTCAATCTGCCT_022,140
AGCGGCGGGTCAATCTGCCT_023,154
AGCGGCGGGTCAATCTGCCT_024,144
AGCGGCGGGTCAATCTGCCT_025,77
AGCGGCGGGTCAATCTGCCT_026,180
AGCGGCGGGTCAATCTGCCT_027,176
AGCGGCGGGTCAATCTGCCT_028,121
AGCGGCGGGTCAATCTGCCT_029,106
AGCGGCGGGTCAATCTGCCT_030,192
AGCGGCGGGTCAATCTGCCT_031,75
AGCGGCGGGTCAATCTGCCT_032,168
AGCGGCGGGTCAATCTGCCT_033,112
AGCGGCGGGTCAATCTGCCT_034,80
AGCGGCGGGTCAATCTGCCT_035,94
AAAGAGGCTTTCTTGCAGAA_001,113
AAAGAGGCTTTCTTGCAGAA_002,30
AAAGAGGCTTTCTTGCAGAA_003,51
AAAGAGGCTTTCTTGCAGAA_004,179
ACTGTACCTGGTTACTACCA_001,178
ACTGTACCTGGTTACTACCA_002,145
ACTGTACCTGGTTACTACCA_003,159
ACTGTACCTGGTTACTACCA_004,28
CTGAGGCGAGAGTAGCTATG_001,29
CTGAGGCGAGAGTAGCTATG_002,61
CTGAGGCGAGAGTAGCTATG_003,125
CTGAGGCGAGAGTAGCTATG_004,25
CTGAGGCGAGAGTAGCTATG_005,171
CTGAGGCGAGAGTAGCTATG_006,193
CTGAGGCGAGAGTAGCTATG_007,160
CTGAGGCGAGAGTAGCTATG_008,117
CTGAGGCGAGAGTAGCTATG_009,58
CTGAGGCGAGAGTAGCTATG_010,187
CTGAGGCGAGAGTAGCTATG_011,15
CTGAGGCGAGAGTAGCTATG_012,65
CTGAGGCGAGAGTAGCTATG_013,15
CTGAGGCGAGAGTAGCTATG_014,15
CTGAGGCGAGAGTAGCTATG_015,127
CTGAGGCGAGAGTAGCTATG_016,127
CTGAGGCGAGAGTAGCTATG_017,185
CTGAGGCGAGAGTAGCTATG_018,99
CTGAGGCGAGAGTAGCTATG_019,158
CTGAGGCGAGAGTAGCTATG_020,148
CTGAGGCGAGAGTAGCTATG_021,197
CTGAGGCGAGAGTAGCTATG_022,169
CTGAGGCGAGAGTAGCTATG_023,97
CTGAGGCGAGAGTAGCTATG_024,157
CTGAGGCGAGAGTAGCTATG_025,24
CTGAGGCGAGAGTAGCTATG_026,103
CTGAGGCGAGAGTAGCTATG_027,106
CTGAGGCGAGAGTAGCTATG_028,48
CTGAGGCGAGAGTAGCTATG_029,89
CTGAGGCGAGAGTAGCTATG_030,114
CTGAGGCGAGAGTAGCTATG_031,114
CTGAGGCGAGAGTAGCTATG_032,36
CTGAGGCGAGAGTAGCTATG_033,147
CTGAGGCGAGAGTAGCTATG_034,16
ACATCCCTGAAGAGTAACTG_001,64
ACATCCCTGAAGAGTAACTG_002,23
ACATCCCTGAAGAGTAACTG_003,27
ACATCCCTGAAGAGTAACTG_004,6
ACATCCCTGAAGAGTAACTG_005,83
ACATCCCTGAAGAGTAACTG_006,42
ACATCCCTGAAGAGTAACTG_007,98
ACATCCCTGAAGAGTAACTG_008,57
ACATCCCTGAAGAGTAACTG_009,120
ACATCCCTGAAGAGTAACTG_010,177
ACATCCCTGAAGAGTAACTG_011,178
ACATCCCTGAAGAGTAACTG_012,133
ACATCCCTGAAGAGTAACTG_013,81
ACATCCCTGAAGAGTAACTG_014,155
ACATCCCTGAAGAGTAACTG_015,130
ACATCCCTGAAGAGTAACTG_016,0
AAATTATGAGGAGTTATCAG_001,16
AAATTATGAGGAGTTATCAG_002,169
AAATTATGAGGAGTTATCAG_003,150
AAATTATGAGGAGTTATCAG_004,153
GGGAGGAGTATTTGTCAGAG_001,31
TAGTGCTCACCGGACAACCG_001,186
TAGTGCTCACCGGACAACCG_002,67
TAGTGCTCACCGGACAACCG_003,27
TAGTGCTCACCGGACAACCG_004,18
TAGTGCTCACCGGACAACCG_005,130
TAGTGCTCACCGGACAACCG_006,11
TAGTGCTCACCGGACAACCG_007,41
TAGTGCTCACCGGACAACCG_008,54
TAGTGCTCACCGGACAACCG_009,116
TAGTGCTCACCGGACAACCG_010,30
TAGTGCTCACCGGACAACCG_011,33
TAGTGCTCACCGGACAACCG_012,30
TAGTGCTCACCGGACAACCG_013,49
TAGTGCTCACCGGACAACCG_014,161
TAGTGCTCACCGGACAACCG_015,145
TAGTGCTCACCGGACAACCG_016,199
TAGTGCTCACCGGACAACCG_017,199
TAGTGCTCACCGGACAACCG_018,178
TAGTGCTCACCGGACAACCG_019,81
TAGTGCTCACCGGACAACCG_020,184
TAGTGCTCACCGGACAACCG_021,91
TAGTGCTCACCGGACAACCG_022,90
TAGTGCTCACCGGACAACCG_023,78
TAGTGCTCACCGGACAACCG_024,184
TAGTGCTCACCGGACAACCG_025,56
TAGTGCTCACCGGACAACCG_026,179
TAGTGCTCACCGGACAACCG_027,140
ATGCGTAATATCCATAAACA_001,188
ATGCGTAATATCCATAAACA_002,26
AGAGCGAGTTCAGTGGCGTG_001,182
AGAGCGAGTTCAGTGGCGTG_002,98
AGAGCGAGTTCAGTGGCGTG_003,27
AGAGCGAGTTCAGTGGCGTG_004,162
AGAGCGAGTTCAGTGGCGTG_005,0
AGAGCGAGTTCAGTGGCGTG_006,104
AGAGCGAGTTCAGTGGCGTG_007,4
AGAGCGAGTTCAGTGGCGTG_008,153
AGAGCGAGTTCAGTGGCGTG_009,151
AGAGCGAGTTCAGTGGCGTG_010,1
AGAGCGAGTTCAGTGGCGTG_011,69
CGCACACAGGTGATCTACAT_001,43
CGCACACAGGTGATCTACAT_002,114
CGCACACAGGTGATCTACAT_003,65
CGCACACAGGTGATCTACAT_004,152
CGCACACAGGTGATCTACAT_005,133
CGCACACAGGTGATCTACAT_006,15
CGCACACAGGTGATCTACAT_007,185
CATTCTGGCGACCATCACTA_001,77
CATTCTGGCGACCATCACTA_002,88
CATTCTGGCGACCATCACTA_003,30
CATTCTGGCGACCATCACTA_004,82
CATTCTGGCGACCATCACTA_005,60
CATTCTGGCGACCATCACTA_006,107
CATTCTGGCGACCATCACTA_007,160
CATTCTGGCGACCATCACTA_008,50
CATTCTGGCGACCATCACTA_009,16
CATTCTGGCGACCATCACTA_010,40
CATTCTGGCGACCATCACTA_011,62
CATTCTGGCGACCATCACTA_012,35
CATTCTGGCGACCATCACTA_013,152
CATTCTGGCGACCATCACTA_014,105
CATTCTGGCGACCATCACTA_015,149
CATTCTGGCGACCATCACTA_016,47
CATTCTGGCGACCATCACTA_017,28
CATTCTGGCGACCATCACTA_018,134
GTTACGGAGCACTTTCAGTG_001,113
GTTACGGAGCACTTTCAGTG_002,169
GTTACGGAGCACTTTCAGTG_003,175
GTTACGGAGCACTTTCAGTG_004,17
GTTACGGAGCACTTTCAGTG_005,9
GTTACGGAGCACTTTCAGTG_006,145
GTTACGGAGCACTTTCAGTG_007,15
GTTACGGAGCACTTTCAGTG_008,69
GTTACGGAGCACTTTCAGTG_009,103
GTTACGGAGCACTTTCAGTG_010,19
GTTACGGAGCACTTTCAGTG_011,149
GTTACGGAGCACTTTCAGTG_012,198
GTTACGGAGCACTTTCAGTG_013,42
GTTACGGAGCACTTTCAGTG_014,174
GTTACGGAGCACTTTCAGTG_015,2
GTTACGGAGCACTTTCAGTG_016,58
GTTACGGAGCACTTTCAGTG_017,84
GTTACGGAGCACTTTCAGTG_018,23
GTTACGGAGCACTTTCAGTG_019,23
GTTACGGAGCACTTTCAGTG_020,169
GTTACGGAGCACTTTCAGTG_021,81
GTTACGGAGCACTTTCAGTG_022,197
GTTACGGAGCACTTTCAGTG_023,177
GTTACGGAGCACTTTCAGTG_024,175
ACGGTTACGAACCTCTTCAG_001,169
ACGGTTACGAACCTCTTCAG_002,20
ACGGTTACGAACCTCTTCAG_003,177
ACGGTTACGAACCTCTTCAG_004,58
ACGGTTACGAACCTCTTCAG_005,56
ACGGTTACGAACCTCTTCAG_006,15
ACGGTTACGAACCTCTTCAG_007,23
ACGGTTACGAACCTCTTCAG_008,146
ACGGTTACGAACCTCTTCAG_009,177
ACGGTTACGAACCTCTTCAG_010,72
ACGGTTACGAACCTCTTCAG_011,157
ACGGTTACGAACCTCTTCAG_012,77
ACGGTTACGAACCTCTTCAG_013,9
ACGGTTACGAACCTCTTCAG_014,152
ACGGTTACGAACCTCTTCAG_015,100
GACAGATCACGTATCAGGGC_001,46
GACAGATCACGTATCAGGGC_002,28
GAATTAACCAGAGTCCTACA_001,107
GAATTAACCAGAGTCCTACA_002,54
GAATTAACCAGAGTCCTACA_003,127
GAATTAACCAGAGTCCTACA_004,144
GAATTAACCAGAGTCCTACA_005,103
GAATTAACCAGAGTCCTACA_006,192
GAATTAACCAGAGTCCTACA_007,83
GAATTAACCAGAGTCCTACA_008,29
GAATTAACCAGAGTCCTACA_009,9
GAATTAACCAGAGTCCTACA_010,66
AGGACACTGAGCGCCGCTCG_001,30
AGGACACTGAGCGCCGCTCG_002,88
AGGACACTGAGCGCCGCTCG_003,121
AGGACACTGAGCGCCGCTCG_004,30
AGGACACTGAGCGCCGCTCG_005,62
AGGACACTGAGCGCCGCTCG_006,186
TTGAGACTGTCCAAAACAAT_001,114
AGTTTGCCACACAGTCATGG_001,119
AGTTTGCCACACAGTCATGG_002,149
AGTTTGCCACACAGTCATGG_003,191
CTGCTGGAAAGTGTGCTGAA_001,170
CTGCTGGAAAGTGTGCTGAA_002,50
CTGCTGGAAAGTGTGCTGAA_003,188
CTGCTGGAAAGTGTGCTGAA_004,38
CTGCTGGAAAGTGTGCTGAA_005,166
CTGCTGGAAAGTGTGCTGAA_006,127
CTGCTGGAAAGTGTGCTGAA_007,154
CTGCTGGAAAGTGTGCTGAA_008,68
CTGCTGGAAAGTGTGCTGAA_009,105
CTGCTGGAAAGTGTGCTGAA_010,136
CTGCTGGAAAGTGTGCTGAA_011,142
CTGCTGGAAAGTGTGCTGAA_012,36
CTGCTGGAAAGTGTGCTGAA_013,186
CTGCTGGAAAGTGTGCTGAA_014,105
CTGCTGGAAAGTGTGCTGAA_015,88
CTGCTGGAAAGTGTGCTGAA_016,45
CTGCTGGAAAGTGTGCTGAA_017,83
CTGCTGGAAAGTGTGCTGAA_018,11
CTGCTGGAAAGTGTGCTGAA_019,154
CCTGGGGCAGCAGTTAGAGG_001,75
CCTGGGGCAGCAGTTAGAGG_002,76
CCTGGGGCAGCAGTTAGAGG_003,48
CCTGGGGCAGCAGTTAGAGG_004,172
CCTGGGGCAGCAGTTAGAGG_005,82
CCTGGGGCAGCAGTTAGAGG_006,105
CCTGGGGCAGCAGTTAGAGG_007,69
CCTGGGGCAGCAGTTAGAGG_008,88
CCTGGGGCAGCAGTTAGAGG_009,2
CCTGGGGCAGCAGTTAGAGG_010,81
CCTGGGGCAGCAGTTAGAGG_011,168
CCTGGGGCAGCAGTTAGAGG_012,95
CCTGGGGCAGCAGTTAGAGG_013,194
CCTGGGGCAGCAGTTAGAGG_014,20
CCTGGGGCAGCAGTTAGAGG_015,184
CCTGGGGCAGCAGTTAGAGG_016,56
CCTGGGGCAGCAGTTAGAGG_017,93
CCTGGGGCAGCAGTTAGAGG_018,93
CCTGGGGCAGCAGTTAGAGG_019,58
CCTGGGGCAGCAGTTAGAGG_020,83
TTTATGTCGATTACACTGCA_001,29
TTTATGTCGATTACACTGCA_002,88
TTTATGTCGATTACACTGCA_003,8
TTTATGTCGATTACACTGCA_004,113
TTTATGTCGATTACACTGCA_005,1
TTTATGTCGATTACACTGCA_006,191
TTTATGTCGATTACACTGCA_007,127
TTTATGTCGATTACACTGCA_008,55
TTTATGTCGATTACACTGCA_009,20
TTTATGTCGATTACACTGCA_010,33
TTTATGTCGATTACACTGCA_011,33
GATCTGGGACTGATCAAACA_001,45
GATCTGGGACTGATCAAACA_002,67
GATCTGGGACTGATCAAACA_003,83
GATCTGGGACTGATCAAACA_004,181
GATCTGGGACTGATCAAACA_005,168
GATCTGGGACTGATCAAACA_006,24
GATCTGGGACTGATCAAACA_007,129
GATCTGGGACTGATCAAACA_008,108
GATCTGGGACTGATCAAACA_009,41
GATCTGGGACTGATCAAACA_010,126
AGCAGTCACCACCAAAGCAG_001,55
AGCAGTCACCACCAAAGCAG_002,6
AGCAGTCACCACCAAAGCAG_003,70
AGCAGTCACCACCAAAGCAG_004,97
AGCAGTCACCACCAAAGCAG_005,178
AGCAGTCACCACCAAAGCAG_006,36
AGCAGTCACCACCAAAGCAG_007,33
AGCAGTCACCACCAAAGCAG_008,47
AGCAGTCACCACCAAAGCAG_009,81
AGCAGTCACCACCAAAGCAG_010,13
AGCAGTCACCACCAAAGCAG_011,137
AGCAGTCACCACCAAAGCAG_012,170
AGCAGTCACCACCAAAGCAG_013,33
AGCAGTCACCACCAAAGCAG_014,190
AGCAGTCACCACCAAAGCAG_015,174
AGCAGTCACCACCAAAGCAG_016,121
AGCAGTCACCACCAAAGCAG_017,94
AGCAGTCACCACCAAAGCAG_018,19
AGCAGTCACCACCAAAGCAG_019,7
GTGTCTTCCAGGATCGACTG_001,19
GTGTCTTCCAGGATCGACTG_002,135
GTGTCTTCCAGGATCGACTG_003,198
GTGTCTTCCAGGATCGACTG_004,62
GTGTCTTCCAGGATCGACTG_005,145
GTGTCTTCCAGGATCGACTG_006,190
GTGTCTTCCAGGATCGACTG_007,41
GTGTCTTCCAGGATCGACTG_008,107
GTGTCTTCCAGGATCGACTG_009,2
GTGTCTTCCAGGATCGACTG_010,163
GTGTCTTCCAGGATCGACTG_011,118
GTGTCTTCCAGGATCGACTG_012,45
GTGTCTTCCAGGATCGACTG_013,150
GTGTCTTCCAGGATCGACTG_014,182
GTGTCTTCCAGGATCGACTG_015,172
GTGTCTTCCAGGATCGACTG_016,9
GTGTCTTCCAGGATCGACTG_017,178
GTGTCTTCCAGGATCGACTG_018,36
GTGTCTTCCAGGATCGACTG_019,158
GTGTCTTCCAGGATCGACTG_020,16
AGTAATTCTGGATGTTGATG_001,147
AGTAATTCTGGATGTTGATG_002,28
AGTAATTCTGGATGTTGATG_003,148
CAGGTCCATGGAACAATCAC_001,26
CAGGTCCATGGAACAATCAC_002,53
CAGGTCCATGGAACAATCAC_003,183
CAGGTCCATGGAACAATCAC_004,152
CCCCAGCAAATGCTATACGT_001,119
CCCCAGCAAATGCTATACGT_002,12
CCCCAGCAAATGCTATACGT_003,68
CCCCAGCAAATGCTATACGT_004,148
CCCCAGCAAATGCTATACGT_005,62
CCCCAGCAAATGCTATACGT_006,36
CCCCAGCAAATGCTATACGT_007,145
CCCCAGCAAATGCTATACGT_008,176
CCCCAGCAAATGCTATACGT_009,62
AAGTATATACAAGTGAACTG_001,107
TTTAGGACAAGCACTGACGA_001,191
TTTAGGACAAGCACTGACGA_002,137
TTTAGGACAAGCACTGACGA_003,170
TTTAGGACAAGCACTGACGA_004,190
TTTAGGACAAGCACTGACGA_005,28
TTTAGGACAAGCACTGACGA_006,166
TTTAGGACAAGCACTGACGA_007,61
TTTAGGACAAGCACTGACGA_008,177
TTTAGGACAAGCACTGACGA_009,145
TTTAGGACAAGCACTGACGA_010,12
TTTAGGACAAGCACTGACGA_011,198
GGGCGTTATCATTAACGTCG_001,167
CCGCGCTCAAGACGCACATG_001,172
CCGCGCTCAAGACGCACATG_002,12
CCGCGCTCAAGACGCACATG_003,82
CCGCGCTCAAGACGCACATG_004,81
CCGCGCTCAAGACGCACATG_005,19
CCGCGCTCAAGACGCACATG_006,2
CCGCGCTCAAGACGCACATG_007,141
CCGCGCTCAAGACGCACATG_008,4
CCGCGCTCAAGACGCACATG_009,40
CCGCGCTCAAGACGCACATG_010,182
ATTCGCAAAAGAGTGAGGAC_001,64
ATTCGCAAAAGAGTGAGGAC_002,49
ATTCGCAAAAGAGTGAGGAC_003,95
ATTCGCAAAAGAGTGAGGAC_004,61
ATTCGCAAAAGAGTGAGGAC_005,94
ATTCGCAAAAGAGTGAGGAC_006,4
ATTCGCAAAAGAGTGAGGAC_007,189
ATTCGCAAAAGAGTGAGGAC_008,36
ATTCGCAAAAGAGTGAGGAC_009,113
ATTCGCAAAAGAGTGAGGAC_010,60
ATTCGCAAAAGAGTGAGGAC_011,177
ATTCGCAAAAGAGTGAGGAC_012,123
ATTCGCAAAAGAGTGAGGAC_013,138
ATTCGCAAAAGAGTGAGGAC_014,126
ATTCGCAAAAGAGTGAGGAC_015,126
ATTCGCAAAAGAGTGAGGAC_016,124
ATTCGCAAAAGAGTGAGGAC_017,176
ATTCGCAAAAGAGTGAGGAC_018,14
ATTCGCAAAAGAGTGAGGAC_019,188
ATTCGCAAAAGAGTGAGGAC_020,47
GGATGCTGGACACCAGACCC_001,106
GGATGCTGGACACCAGACCC_002,185
GGATGCTGGACACCAGACCC_003,16
GGATGCTGGACACCAGACCC_004,3
AGAAACAGTTGAGCCAGTGG_001,185
AGAAACAGTTGAGCCAGTGG_002,109
AGAAACAGTTGAGCCAGTGG_003,109
AGAAACAGTTGAGCCAGTGG_004,58
AGAAACAGTTGAGCCAGTGG_005,17
AGAAACAGTTGAGCCAGTGG_006,11
AGAAACAGTTGAGCCAGTGG_007,17
AGAAACAGTTGAGCCAGTGG_008,7
AGAAACAGTTGAGCCAGTGG_009,158
AGAAACAGTTGAGCCAGTGG_010,145
AGAAACAGTTGAGCCAGTGG_011,169
GTGCCAGTGTAGCCAACTGT_001,78
GTGCCAGTGTAGCCAACTGT_002,169
GTGCCAGTGTAGCCAACTGT_003,152
GTGCCAGTGTAGCCAACTGT_004,88
GTGCCAGTGTAGCCAACTGT_005,16
GTGCCAGTGTAGCCAACTGT_006,172
GTGCCAGTGTAGCCAACTGT_007,88
GTGCCAGTGTAGCCAACTGT_008,13
GTGCCAGTGTAGCCAACTGT_009,172
GGCGAATCTCATAAGCATCA_001,156
GGCGAATCTCATAAGCATCA_002,116
GGCGAATCTCATAAGCATCA_003,33
GGCGAATCTCATAAGCATCA_004,30
GGCGAATCTCATAAGCATCA_005,10
CAAAGTCCGAGCTTTACGGG_001,32
CAAAGTCCGAGCTTTACGGG_002,146
CAAAGTCCGAGCTTTACGGG_003,60
CAAAGTCCGAGCTTTACGGG_004,78
CAAAGTCCGAGCTTTACGGG_005,17
CAAAGTCCGAGCTTTACGGG_006,2
CAAAGTCCGAGCTTTACGGG_007,33
CAAAGTCCGAGCTTTACGGG_008,183
CAAAGTCCGAGCTTTACGGG_009,28
CAAAGTCCGAGCTTTACGGG_010,132
CAAAGTCCGAGCTTTACGGG_011,112
CAAAGTCCGAGCTTTACGGG_012,105
CAAAGTCCGAGCTTTACGGG_013,140
CAAAGTCCGAGCTTTACGGG_014,130
CAAAGTCCGAGCTTTACGGG_015,61
CAAAGTCCGAGCTTTACGGG_016,28
CAAAGTCCGAGCTTTACGGG_017,182
CAAAGTCCGAGCTTTACGGG_018,28
GGATGTTGGATTAACAGGCA_001,68
GGATGTTGGATTAACAGGCA_002,6
GGATGTTGGATTAACAGGCA_003,74
TTGTCACATCGGAGAATCTG_001,12
TTGTCACATCGGAGAATCTG_002,77
TTGTCACATCGGAGAATCTG_003,124
TTGTCACATCGGAGAATCTG_004,137
TTGTCACATCGGAGAATCTG_005,137
TTGTCACATCGGAGAATCTG_006,132
GGTGGCATCCATTCAACCAG_001,180
AATATTCTAATAACTAAGCA_001,36
AGAGGACGCTGTCTTTGCAT_001,72
AGAGGACGCTGTCTTTGCAT_002,52
AGAGGACGCTGTCTTTGCAT_003,74
AGAGGACGCTGTCTTTGCAT_004,169
CAGCGGAGACTACGAGCGAG_001,76
CAGCGGAGACTACGAGCGAG_002,127
CAGCGGAGACTACGAGCGAG_003,149
CAGCGGAGACTACGAGCGAG_004,47
CAGCGGAGACTACGAGCGAG_005,36
CAGCGGAGACTACGAGCGAG_006,121
CAGCGGAGACTACGAGCGAG_007,172
CAGCGGAGACTACGAGCGAG_008,35
CAGCGGAGACTACGAGCGAG_009,149
CAGCGGAGACTACGAGCGAG_010,187
CAGCGGAGACTACGAGCGAG_011,23
CAGCGGAGACTACGAGCGAG_012,184
CAGCGGAGACTACGAGCGAG_013,29
CAGCGGAGACTACGAGCGAG_014,20
CAGCGGAGACTACGAGCGAG_015,62
CAGCGGAGACTACGAGCGAG_016,112
CAGCGGAGACTACGAGCGAG_017,50
CAGCGGAGACTACGAGCGAG_018,168
CAGCGGAGACTACGAGCGAG_019,153
CAGCGGAGACTACGAGCGAG_020,152
CAGCGGAGACTACGAGCGAG_021,78
CAGCGGAGACTACGAGCGAG_022,152
CCCGCGGTGTCCATGAACAG_001,169
CCCGCGGTGTCCATGAACAG_002,11
CCCGCGGTGTCCATGAACAG_003,137
CCCGCGGTGTCCATGAACAG_004,34
CCCGCGGTGTCCATGAACAG_005,115
CCCGCGGTGTCCATGAACAG_006,148
CCCGCGGTGTCCATGAACAG_007,180
CTAGTTCAGGATCTAGCACA_001,186
CTAGTTCAGGATCTAGCACA_002,29
CTAGTTCAGGATCTAGCACA_003,22
CTAGTTCAGGATCTAGCACA_004,41
CTAGTTCAGGATCTAGCACA_005,40
TCTTCTTGGGAATTGTACCG_001,77
TCTTCTTGGGAATTGTACCG_002,151
TCTTCTTGGGAATTGTACCG_003,73
GAAATCACTCCAATCAGACC_001,113
GAAATCACTCCAATCAGACC_002,170
GAAATCACTCCAATCAGACC_003,160
GAAATCACTCCAATCAGACC_004,125
GAAATCACTCCAATCAGACC_005,2
ACTCCCATTATAGGTCTGTG_001,57
ACTCCCATTATAGGTCTGTG_002,145
ACTCCCATTATAGGTCTGTG_003,59
ACTCCCATTATAGGTCTGTG_004,19
ACTTGCCATTACCTCGCAGA_001,138
ACTTGCCATTACCTCGCAGA_002,130
ACTTGCCATTACCTCGCAGA_003,196
ACTTGCCATTACCTCGCAGA_004,53
ACTTGCCATTACCTCGCAGA_005,17
ACTTGCCATTACCTCGCAGA_006,181
ACTTGCCATTACCTCGCAGA_007,107
GGCGGCGCAGCCGGTCAACG_001,63
GGCGGCGCAGCCGGTCAACG_002,63
GGCGGCGCAGCCGGTCAACG_003,49
CTATTACAGATGAAGAACGT_001,23
CTATTACAGATGAAGAACGT_002,168
CTATTACAGATGAAGAACGT_003,78
CTATTACAGATGAAGAACGT_004,56
CTATTACAGATGAAGAACGT_005,129
CTATTACAGATGAAGAACGT_006,28
CCGACTCGTGAGTCAACACG_001,50
CCGACTCGTGAGTCAACACG_002,82
CCGACTCGTGAGTCAACACG_003,60
CCGACTCGTGAGTCAACACG_004,87
CCGACTCGTGAGTCAACACG_005,54
CCGACTCGTGAGTCAACACG_006,49
CCGACTCGTGAGTCAACACG_007,85
CCGACTCGTGAGTCAACACG_008,184
CCGACTCGTGAGTCAACACG_009,11
CCGACTCGTGAGTCAACACG_010,50
CCGACTCGTGAGTCAACACG_011,36
CCGACTCGTGAGTCAACACG_012,36
CCGACTCGTGAGTCAACACG_013,113
CCGACTCGTGAGTCAACACG_014,190
CCGACTCGTGAGTCAACACG_015,82
CCGACTCGTGAGTCAACACG_016,96
CCGACTCGTGAGTCAACACG_017,144
CCGACTCGTGAGTCAACACG_018,121
CCGACTCGTGAGTCAACACG_019,33
ACCAGTGAAGACATATCCCA_001,191
ACCAGTGAAGACATATCCCA_002,189
ACCAGTGAAGACATATCCCA_003,162
ACCAGTGAAGACATATCCCA_004,53
CCAAGTCTTCAATTACGTGA_001,172
CCAAGTCTTCAATTACGTGA_002,50
CCAAGTCTTCAATTACGTGA_003,49
CCAAGTCTTCAATTACGTGA_004,2
CCAAGTCTTCAATTACGTGA_005,116
CCAAGTCTTCAATTACGTGA_006,199
GCATCCGGAAGAAGCGCGTG_001,140
GCATCCGGAAGAAGCGCGTG_002,71
GCATCCGGAAGAAGCGCGTG_003,20
GCATCCGGAAGAAGCGCGTG_004,120
GCATCCGGAAGAAGCGCGTG_005,105
GCATCCGGAAGAAGCGCGTG_006,114
GCATCCGGAAGAAGCGCGTG_007,75
GCATCCGGAAGAAGCGCGTG_008,49
AGCACTAATTAGTAAGAGAA_001,157
AGCACTAATTAGTAAGAGAA_002,0
AGCACTAATTAGTAAGAGAA_003,1
AGCACTAATTAGTAAGAGAA_004,148
AGCACTAATTAGTAAGAGAA_005,170
AGCACTAATTAGTAAGAGAA_006,13
AGCACTAATTAGTAAGAGAA_007,64
AGCACTAATTAGTAAGAGAA_008,10
AGAACAGGGGACGCACTACG_001,98
AGAACAGGGGACGCACTACG_002,198
AGAACAGGGGACGCACTACG_003,185
AGAACAGGGGACGCACTACG_004,142
AGAACAGGGGACGCACTACG_005,160
AGAACAGGGGACGCACTACG_006,64
AGAACAGGGGACGCACTACG_007,184
AGAACAGGGGACGCACTACG_008,87
AGAACAGGGGACGCACTACG_009,87
AGAACAGGGGACGCACTACG_010,23
AGAACAGGGGACGCACTACG_011,40
AGAACAGGGGACGCACTACG_012,72
CCAAACAACTTGTGCATCTA_001,149
CCAAACAACTTGTGCATCTA_002,20
CCAAACAACTTGTGCATCTA_003,162
CCAAACAACTTGTGCATCTA_004,88
CCAAACAACTTGTGCATCTA_005,45
CCAAACAACTTGTGCATCTA_006,192
ATGCCCCTTACAAACATGGG_001,45
ATGCCCCTTACAAACATGGG_002,16
ATGCCCCTTACAAACATGGG_003,1
ATGCCCCTTACAAACATGGG_004,156
ATGCCCCTTACAAACATGGG_005,116
ATGCCCCTTACAAACATGGG_006,27
ATGCCCCTTACAAACATGGG_007,107
ATGCCCCTTACAAACATGGG_008,93
ATGCCCCTTACAAACATGGG_009,66
ATGCCCCTTACAAACATGGG_010,27
ATGCCCCTTACAAACATGGG_011,25
ATGCCCCTTACAAACATGGG_012,147
ATGCCCCTTACAAACATGGG_013,150
ATGCCCCTTACAAACATGGG_014,6
ATGCCCCTTACAAACATGGG_015,185
ATGCCCCTTACAAACATGGG_016,197
ATGCCCCTTACAAACATGGG_017,167
ATGCCCCTTACAAACATGGG_018,167
ATGCCCCTTACAAACATGGG_019,77
ATGCCCCTTACAAACATGGG_020,8
ATGCCCCTTACAAACATGGG_021,198
ATGCCCCTTACAAACATGGG_022,108
ATGCCCCTTACAAACATGGG_023,30
ATGCCCCTTACAAACATGGG_024,197
ATGCCCCTTACAAACATGGG_025,147
ATGCCCCTTACAAACATGGG_026,48
ATGCCCCTTACAAACATGGG_027,127
ATGCCCCTTACAAACATGGG_028,120
ATGCCCCTTACAAACATGGG_029,27
ATGCCCCTTACAAACATGGG_030,60
ATGCCCCTTACAAACATGGG_031,186
ATGCCCCTTACAAACATGGG_032,133
ATGCCCCTTACAAACATGGG_033,172
ATGCCCCTTACAAACATGGG_034,151
ATGCCCCTTACAAACATGGG_035,184
ATGCCCCTTACAAACATGGG_036,106
CCAGTCCTGCTTTCAAAGGG_001,85
CCAGTCCTGCTTTCAAAGGG_002,76
CCAGTCCTGCTTTCAAAGGG_003,94
CCAGTCCTGCTTTCAAAGGG_004,77
CCAGTCCTGCTTTCAAAGGG_005,105
CCAGTCCTGCTTTCAAAGGG_006,76
CCAGTCCTGCTTTCAAAGGG_007,40
CCAGTCCTGCTTTCAAAGGG_008,110
CCAGTCCTGCTTTCAAAGGG_009,1
CCAGTCCTGCTTTCAAAGGG_010,148
CCAGTCCTGCTTTCAAAGGG_011,58
CCAGTCCTGCTTTCAAAGGG_012,169
CCAGTCCTGCTTTCAAAGGG_013,120
CCAGTCCTGCTTTCAAAGGG_014,15
CCAGTCCTGCTTTCAAAGGG_015,130
CCAGTCCTGCTTTCAAAGGG_016,88
CCAGTCCTGCTTTCAAAGGG_017,121
CCAGTCCTGCTTTCAAAGGG_018,148
CCAGTCCTGCTTTCAAAGGG_019,19
CCAGTCCTGCTTTCAAAGGG_020,133
CCAGTCCTGCTTTCAAAGGG_021,96
CCAGTCCTGCTTTCAAAGGG_022,94
CCAGTCCTGCTTTCAAAGGG_023,94
CCAGTCCTGCTTTCAAAGGG_024,168
CCAGTCCTGCTTTCAAAGGG_025,199
CCAGTCCTGCTTTCAAAGGG_026,199
GCAGGGCCTTGATCTCCGAG_001,65
GCAGGGCCTTGATCTCCGAG_002,53
GCAGGGCCTTGATCTCCGAG_003,105
GCAGGGCCTTGATCTCCGAG_004,182
GCAGGGCCTTGATCTCCGAG_005,174
GCAGGGCCTTGATCTCCGAG_006,148
GCAGGGCCTTGATCTCCGAG_007,62
GCAGGGCCTTGATCTCCGAG_008,1
GCAGGGCCTTGATCTCCGAG_009,5
GCAGGGCCTTGATCTCCGAG_010,94
GTAGGTATAGGGATAGTGGT_001,144
GTAGGTATAGGGATAGTGGT_002,76
GTAGGTATAGGGATAGTGGT_003,47
GTAGGTATAGGGATAGTGGT_004,126
GTAGGTATAGGGATAGTGGT_005,147
GTAGGTATAGGGATAGTGGT_006,28
GTACAAATCGATCCTCTATG_001,69
GTACAAATCGATCCTCTATG_002,30
GTACAAATCGATCCTCTATG_003,15
GTACAAATCGATCCTCTATG_004,82
GTACAAATCGATCCTCTATG_005,137
TCTCTCCTGCGCGAACCGTG_001,170
TCTCTCCTGCGCGAACCGTG_002,62
TCTCTCCTGCGCGAACCGTG_003,97
TCTCTCCTGCGCGAACCGTG_004,47
TCTCTCCTGCGCGAACCGTG_005,176
TCTCTCCTGCGCGAACCGTG_006,76
AGAGTACACCACCTCAACTG_001,199
AGAGTACACCACCTCAACTG_002,94
AGAGTACACCACCTCAACTG_003,156
AGAGTACACCACCTCAACTG_004,78
AGAGTACACCACCTCAACTG_005,21
AGAGTACACCACCTCAACTG_006,115
AGAGTACACCACCTCAACTG_007,26
AGAGTACACCACCTCAACTG_008,84
AGAGTACACCACCTCAACTG_009,146
AGAGTACACCACCTCAACTG_010,199
AGAGTACACCACCTCAACTG_011,77
AGAGTACACCACCTCAACTG_012,155
AGAGTACACCACCTCAACTG_013,182
AGAGTACACCACCTCAACTG_014,28
AGAGTACACCACCTCAACTG_015,72
AGAGTACACCACCTCAACTG_016,6
AGAGTACACCACCTCAACTG_017,113
AGAGTACACCACCTCAACTG_018,177
GTGCCTGAGAATCAAATCTG_001,4
GTGCCTGAGAATCAAATCTG_002,161
GTGCCTGAGAATCAAATCTG_003,94
GTGCCTGAGAATCAAATCTG_004,158
GTGCCTGAGAATCAAATCTG_005,144
GTGCCTGAGAATCAAATCTG_006,88
GTGCCTGAGAATCAAATCTG_007,182
GTGCCTGAGAATCAAATCTG_008,174
GTGCCTGAGAATCAAATCTG_009,174
CGAGGAGGGATGAACAAGGG_001,40
CGAGGAGGGATGAACAAGGG_002,199
CGAGGAGGGATGAACAAGGG_003,150
CGAGGAGGGATGAACAAGGG_004,41
CGAGGAGGGATGAACAAGGG_005,44
CGAGGAGGGATGAACAAGGG_006,122
CGAGGAGGGATGAACAAGGG_007,169
CGAGGAGGGATGAACAAGGG_008,116
CGAGGAGGGATGAACAAGGG_009,147
CGAGGAGGGATGAACAAGGG_010,52
CGAGGAGGGATGAACAAGGG_011,57
TCAGGGGACATACATGATGT_001,77
TCAGGGGACATACATGATGT_002,31
TCAGGGGACATACATGATGT_003,92
TCCTCTCTTCTGAGGCGCTG_001,172
AGTGTGCTGACATCTTAGAG_001,30
AGTGTGCTGACATCTTAGAG_002,35
AGTGTGCTGACATCTTAGAG_003,159
AGTGTGCTGACATCTTAGAG_004,69
AGTGTGCTGACATCTTAGAG_005,158
AGCTGATATGGTCTTGAGGG_001,6
AGCTGATATGGTCTTGAGGG_002,1
GAAGTGAATTCAAACGGTGC_001,27
GAAGTGAATTCAAACGGTGC_002,48
GAAGTGAATTCAAACGGTGC_003,141
GAAGTGAATTCAAACGGTGC_004,147
GAAGTGAATTCAAACGGTGC_005,105
GAAGTGAATTCAAACGGTGC_006,177
GAAGTGAATTCAAACGGTGC_007,135
GAAGTGAATTCAAACGGTGC_008,144
GAAGTGAATTCAAACGGTGC_009,162
GAAGTGAATTCAAACGGTGC_010,65
GAAGTGAATTCAAACGGTGC_011,127
GAAGTGAATTCAAACGGTGC_012,162
GAAGTGAATTCAAACGGTGC_013,9
GAAGTGAATTCAAACGGTGC_014,149
GAAGTGAATTCAAACGGTGC_015,54
GAAGTGAATTCAAACGGTGC_016,177
GAAGTGAATTCAAACGGTGC_017,118
GAAGTGAATTCAAACGGTGC_018,172
GAAGTGAATTCAAACGGTGC_019,28
GAAGTGAATTCAAACGGTGC_020,160
GAAGTGAATTCAAACGGTGC_021,106
GAAGTGAATTCAAACGGTGC_022,29
GAAGTGAATTCAAACGGTGC_023,4
GAAGTGAATTCAAACGGTGC_024,78
TGTCCACAATGATACCATGA_001,156
TGTCCACAATGATACCATGA_002,168
TGTCCACAATGATACCATGA_003,152
TTGTTACAGGGTTGATACCA_001,199
TTGTTACAGGGTTGATACCA_002,56
TTGTTACAGGGTTGATACCA_003,150
TTGTTACAGGGTTGATACCA_004,43
TTGTTACAGGGTTGATACCA_005,0
TTGTTACAGGGTTGATACCA_006,172
TTGTTACAGGGTTGATACCA_007,188
TTGTTACAGGGTTGATACCA_008,152
TTGTTACAGGGTTGATACCA_009,77
TTGTTACAGGGTTGATACCA_010,56
CCTTGGCGTATTTCCTAGTG_001,35
CCTTGGCGTATTTCCTAGTG_002,156
CCTTGGCGTATTTCCTAGTG_003,169
CCTTGGCGTATTTCCTAGTG_004,146
CCTTGGCGTATTTCCTAGTG_005,185
AATCTAGGTTGGATGGACAA_001,157
AATCTAGGTTGGATGGACAA_002,108
AATCTAGGTTGGATGGACAA_003,172
AATCTAGGTTGGATGGACAA_004,29
AATCTAGGTTGGATGGACAA_005,191
AATCTAGGTTGGATGGACAA_006,93
AATCTAGGTTGGATGGACAA_007,115
AATCTAGGTTGGATGGACAA_008,149
AATCTAGGTTGGATGGACAA_009,49
AATCTAGGTTGGATGGACAA_010,111
AATCTAGGTTGGATGGACAA_011,97
AATCTAGGTTGGATGGACAA_012,172
AATCTAGGTTGGATGGACAA_013,8
AATCTAGGTTGGATGGACAA_014,148
TTGACCTGCTCATCTATACA_001,138
TTGACCTGCTCATCTATACA_002,172
AATTCCTAAAATGAAGGACA_001,134
AATTCCTAAAATGAAGGACA_002,60
AATTCCTAAAATGAAGGACA_003,54
AATTCCTAAAATGAAGGACA_004,154
AATTCCTAAAATGAAGGACA_005,29
AATTCCTAAAATGAAGGACA_006,168
AATTCCTAAAATGAAGGACA_007,15
AATTCCTAAAATGAAGGACA_008,165
AATTCCTAAAATGAAGGACA_009,50
AATTCCTAAAATGAAGGACA_010,48
AATTCCTAAAATGAAGGACA_011,43
AATTCCTAAAATGAAGGACA_012,32
AATTCCTAAAATGAAGGACA_013,154
AGAACGCCACATATAAAGCG_001,12
AGAACGCCACATATAAAGCG_002,26
AGAACGCCACATATAAAGCG_003,19
AGAACGCCACATATAAAGCG_004,44
AGAACGCCACATATAAAGCG_005,183
AGAACGCCACATATAAAGCG_006,191
AGAACGCCACATATAAAGCG_007,106
AGAACGCCACATATAAAGCG_008,35
AGAACGCCACATATAAAGCG_009,14
ATGATAATTCAAGTTCCCAG_001,19
CCCAATAGGCAAGACTACGC_001,48
CCCAATAGGCAAGACTACGC_002,101
CCCAATAGGCAAGACTACGC_003,131
CCCAATAGGCAAGACTACGC_004,41
CCCAATAGGCAAGACTACGC_005,113
CCCAATAGGCAAGACTACGC_006,103
CCCAATAGGCAAGACTACGC_007,83
CCCAATAGGCAAGACTACGC_008,34
CCCAATAGGCAAGACTACGC_009,111
CCCAATAGGCAAGACTACGC_010,148
CCCAATAGGCAAGACTACGC_011,52
CCCAATAGGCAAGACTACGC_012,63
CCCAATAGGCAAGACTACGC_013,14
CCCAATAGGCAAGACTACGC_014,10
GAAGAGGCGCACGGACACGA_001,10
GAAGAGGCGCACGGACACGA_002,161
GAAGAGGCGCACGGACACGA_003,150
GAAGAGGCGCACGGACACGA_004,30
GAAGAGGCGCACGGACACGA_005,26
GAAGAGGCGCACGGACACGA_006,77
AGAGGAAGAAGTGCATTGGG_001,102
AGAGGAAGAAGTGCATTGGG_002,133
AGAGGAAGAAGTGCATTGGG_003,78
AGAGGAAGAAGTGCATTGGG_004,12
AGAGGAAGAAGTGCATTGGG_005,161
AGAGGAAGAAGTGCATTGGG_006,81
AGAGGAAGAAGTGCATTGGG_007,1
AGAGGAAGAAGTGCATTGGG_008,169
AGAGGAAGAAGTGCATTGGG_009,192
AGAGGAAGAAGTGCATTGGG_010,82
AGAGGAAGAAGTGCATTGGG_011,115
GCAAATTCGCCCAGCCGATG_001,59
GCAAATTCGCCCAGCCGATG_002,59
GCAAATTCGCCCAGCCGATG_003,28
GCAAATTCGCCCAGCCGATG_004,34
GCAAATTCGCCCAGCCGATG_005,175
GCAAATTCGCCCAGCCGATG_006,37
GCAAATTCGCCCAGCCGATG_007,130
GCAAATTCGCCCAGCCGATG_008,156
GCAAATTCGCCCAGCCGATG_009,38
GCAAATTCGCCCAGCCGATG_010,86
GCAAATTCGCCCAGCCGATG_011,121
GCAAATTCGCCCAGCCGATG_012,187
GCAAATTCGCCCAGCCGATG_013,190
GCAAATTCGCCCAGCCGATG_014,150
GCAAATTCGCCCAGCCGATG_015,187
GCAAATTCGCCCAGCCGATG_016,24
GCAAATTCGCCCAGCCGATG_017,157
GCAAATTCGCCCAGCCGATG_018,190
GCAAATTCGCCCAGCCGATG_019,186
GCTTCTACGAGAGCGACCGG_001,154
GCTTCTACGAGAGCGACCGG_002,183
GCTTCTACGAGAGCGACCGG_003,146
GCTTCTACGAGAGCGACCGG_004,2
GCTTCTACGAGAGCGACCGG_005,88
GCTTCTACGAGAGCGACCGG_006,49
GCTTCTACGAGAGCGACCGG_007,1
GCTTCTACGAGAGCGACCGG_008,82
GCTTCTACGAGAGCGACCGG_009,157
GCTTCTACGAGAGCGACCGG_010,197
GCTTCTACGAGAGCGACCGG_011,22
GCTTCTACGAGAGCGACCGG_012,195
GCTTCTACGAGAGCGACCGG_013,3
GCTTCTACGAGAGCGACCGG_014,40
GCTTCTACGAGAGCGACCGG_015,110
GCTTCTACGAGAGCGACCGG_016,105
GCTTCTACGAGAGCGACCGG_017,14
GCTTCTACGAGAGCGACCGG_018,149
GCTTCTACGAGAGCGACCGG_019,9
GCTTCTACGAGAGCGACCGG_020,179
GCTTCTACGAGAGCGACCGG_021,179
GCTTCTACGAGAGCGACCGG_022,47
GCTTCTACGAGAGCGACCGG_023,36
GCTTCTACGAGAGCGACCGG_024,80
AAGACCAAAAGGATACCCCT_001,98
AAGACCAAAAGGATACCCCT_002,26
AAGACCAAAAGGATACCCCT_003,72
AAGACCAAAAGGATACCCCT_004,165
AAGACCAAAAGGATACCCCT_005,78
AAGACCAAAAGGATACCCCT_006,69
AAGACCAAAAGGATACCCCT_007,77
AAGACCAAAAGGATACCCCT_008,9
AAGACCAAAAGGATACCCCT_009,197
AAGACCAAAAGGATACCCCT_010,88
AAGACCAAAAGGATACCCCT_011,29
AAGACCAAAAGGATACCCCT_012,17
AAGACCAAAAGGATACCCCT_013,10
AAGACCAAAAGGATACCCCT_014,28
AAGACCAAAAGGATACCCCT_015,43
AAGACCAAAAGGATACCCCT_016,56
AAGACCAAAAGGATACCCCT_017,24
AAGACCAAAAGGATACCCCT_018,15
AAGACCAAAAGGATACCCCT_019,113
AAGACCAAAAGGATACCCCT_020,95
AAGACCAAAAGGATACCCCT_021,46
AAGACCAAAAGGATACCCCT_022,18
AAGACCAAAAGGATACCCCT_023,63
AAGACCAAAAGGATACCCCT_024,161
AAGACCAAAAGGATACCCCT_025,34
AAGACCAAAAGGATACCCCT_026,188
AAGACCAAAAGGATACCCCT_027,10
AAGACCAAAAGGATACCCCT_028,136
AAGACCAAAAGGATACCCCT_029,194
AAGACCAAAAGGATACCCCT_030,61
GGAACAGATCAAGATCATCG_001,190
GGAACAGATCAAGATCATCG_002,49
GGAACAGATCAAGATCATCG_003,12
AAGTCTTGAATCCATTCAGT_001,2
AAGTCTTGAATCCATTCAGT_002,152
AAGTCTTGAATCCATTCAGT_003,191
AAGTCTTGAATCCATTCAGT_004,28
AAGTCTTGAATCCATTCAGT_005,190
AAGTCTTGAATCCATTCAGT_006,153
AAGTCTTGAATCCATTCAGT_007,184
AAGTCTTGAATCCATTCAGT_008,106
TCGATAGAGAAGACGCCCCG_001,45
TCGATAGAGAAGACGCCCCG_002,134
TCGATAGAGAAGACGCCCCG_003,100
TCGATAGAGAAGACGCCCCG_004,96
TCGATAGAGAAGACGCCCCG_005,162
TCGATAGAGAAGACGCCCCG_006,68
TCGATAGAGAAGACGCCCCG_007,175
TCGATAGAGAAGACGCCCCG_008,197
TGTTAAGGCGTATCTCACTG_001,119
GGACAAACTACATTCATGGG_001,44
GGACAAACTACATTCATGGG_002,42
GGACAAACTACATTCATGGG_003,146
GGACAAACTACATTCATGGG_004,102
GGACAAACTACATTCATGGG_005,169
GGACAAACTACATTCATGGG_006,177
TTAGGACTCTACCGAATAGG_001,121
TTAGGACTCTACCGAATAGG_002,169
TTAGGACTCTACCGAATAGG_003,16
TTAGGACTCTACCGAATAGG_004,120
ATTCATACCATTGTATACCA_001,134
ATTCATACCATTGTATACCA_002,82
ATTCATACCATTGTATACCA_003,34
ATTCATACCATTGTATACCA_004,106
TATTGCTCAATGTGAAAACA_001,130
TATTGCTCAATGTGAAAACA_002,2
TATTGCTCAATGTGAAAACA_003,56
TATTGCTCAATGTGAAAACA_004,20
CAATCAATCAACTTCATCGG_001,29
CAATCAATCAACTTCATCGG_002,84
CAATCAATCAACTTCATCGG_003,179
CAATCAATCAACTTCATCGG_004,162
CAATCAATCAACTTCATCGG_005,196
CAATCAATCAACTTCATCGG_006,86
GCCCGCTGAGGTCACGACCA_001,103
GCCCGCTGAGGTCACGACCA_002,193
GCCCGCTGAGGTCACGACCA_003,69
GCCCGCTGAGGTCACGACCA_004,102
GCCCGCTGAGGTCACGACCA_005,67
GCCCGCTGAGGTCACGACCA_006,56
GCCCGCTGAGGTCACGACCA_007,56
GCCCGCTGAGGTCACGACCA_008,70
GCCCGCTGAGGTCACGACCA_009,88
GCCCGCTGAGGTCACGACCA_010,91
GCCCGCTGAGGTCACGACCA_011,69
GCCCGCTGAGGTCACGACCA_012,98
GCCCGCTGAGGTCACGACCA_013,175
GCCCGCTGAGGTCACGACCA_014,191
GCCCGCTGAGGTCACGACCA_015,47
GCCCGCTGAGGTCACGACCA_016,125
GCCCGCTGAGGTCACGACCA_017,189
GCCCGCTGAGGTCACGACCA_018,115
GCCCGCTGAGGTCACGACCA_019,43
GCCCGCTGAGGTCACGACCA_020,106
GCCCGCTGAGGTCACGACCA_021,153
GCCCGCTGAGGTCACGACCA_022,35
GCCCGCTGAGGTCACGACCA_023,124
TCTACACGCAGAACATCGAT_001,94
TCTACACGCAGAACATCGAT_002,175
TCTACACGCAGAACATCGAT_003,170
TCTACACGCAGAACATCGAT_004,124
AAAGCTGAAGGACACAGCAG_001,42
AAAGCTGAAGGACACAGCAG_002,69
AAAGCTGAAGGACACAGCAG_003,43
AAAGCTGAAGGACACAGCAG_004,72
AAAGCTGAAGGACACAGCAG_005,98
AAAGCTGAAGGACACAGCAG_006,20
AAAGCTGAAGGACACAGCAG_007,151
AAAGCTGAAGGACACAGCAG_008,158
AAAGCTGAAGGACACAGCAG_009,29
AAAGCTGAAGGACACAGCAG_010,114
AAAGCTGAAGGACACAGCAG_011,114
AAAGCTGAAGGACACAGCAG_012,158
AAAGCTGAAGGACACAGCAG_013,61
AAAGCTGAAGGACACAGCAG_014,98
AAAGCTGAAGGACACAGCAG_015,106
AAAGCTGAAGGACACAGCAG_016,77
AAAGCTGAAGGACACAGCAG_017,168
AAAGCTGAAGGACACAGCAG_018,63
AAAGCTGAAGGACACAGCAG_019,10
AAAGCTGAAGGACACAGCAG_020,52
AAGTGTTGTTACCTGCACTG_001,65
AAGTGTTGTTACCTGCACTG_002,48
AAGTGTTGTTACCTGCACTG_003,198
AAGTGTTGTTACCTGCACTG_004,60
AAGTGTTGTTACCTGCACTG_005,113
AAGTGTTGTTACCTGCACTG_006,133
AAGTGTTGTTACCTGCACTG_007,56
AAGTGTTGTTACCTGCACTG_008,50
AAGTGTTGTTACCTGCACTG_009,49
AAGTGTTGTTACCTGCACTG_010,46
AAGTGTTGTTACCTGCACTG_011,188
AAGTGTTGTTACCTGCACTG_012,123
AAGTGTTGTTACCTGCACTG_013,29
AAGTGTTGTTACCTGCACTG_014,39
AAGTGTTGTTACCTGCACTG_015,114
AAGTGTTGTTACCTGCACTG_016,166
AAGTGTTGTTACCTGCACTG_017,46
AGAATTTAAGAAACACAGAG_001,49
AGAATTTAAGAAACACAGAG_002,57
ACCATATTCGCCACTCCACG_001,94
ACCATATTCGCCACTCCACG_002,98
ACCATATTCGCCACTCCACG_003,61
ACCATATTCGCCACTCCACG_004,113
ACCATATTCGCCACTCCACG_005,155
ACCATATTCGCCACTCCACG_006,60
ACCATATTCGCCACTCCACG_007,127
TCATTGAAGGGATCAACCGA_001,94
TCATTGAAGGGATCAACCGA_002,58
TCATTGAAGGGATCAACCGA_003,96
TCATTGAAGGGATCAACCGA_004,0
TCATTGAAGGGATCAACCGA_005,36
TCATTGAAGGGATCAACCGA_006,57
TCATTGAAGGGATCAACCGA_007,104
TCATTGAAGGGATCAACCGA_008,100
TCATTGAAGGGATCAACCGA_009,47
TCATTGAAGGGATCAACCGA_010,9
TCATTGAAGGGATCAACCGA_011,194
CCCTGGAATACAGTAAACGC_001,96
CCCTGGAATACAGTAAACGC_002,62
CCCTGGAATACAGTAAACGC_003,9
CCCTGGAATACAGTAAACGC_004,4
CCCTGGAATACAGTAAACGC_005,2
CCCTGGAATACAGTAAACGC_006,50
AAAGTCATCGACCGTCAGTG_001,65
AAAGTCATCGACCGTCAGTG_002,191
AAAGTCATCGACCGTCAGTG_003,168
AAAGTCATCGACCGTCAGTG_004,166
AAAGTCATCGACCGTCAGTG_005,117
AAAGTCATCGACCGTCAGTG_006,121
AAAGTCATCGACCGTCAGTG_007,113
AAAGTCATCGACCGTCAGTG_008,134
AAAGTCATCGACCGTCAGTG_009,81
AAAGTCATCGACCGTCAGTG_010,115
AAAGTCATCGACCGTCAGTG_011,96
AAAGTCATCGACCGTCAGTG_012,103
AAAGTCATCGACCGTCAGTG_013,17
ATGGCAACAGTAGTTCTAGG_001,57
ATGGCAACAGTAGTTCTAGG_002,139
ATGGCAACAGTAGTTCTAGG_003,9
CAGGGGCGCTGTGTGATCTG_001,40
CAGGGGCGCTGTGTGATCTG_002,96
CAGGGGCGCTGTGTGATCTG_003,28
CAGGGGCGCTGTGTGATCTG_004,156
CAGGGGCGCTGTGTGATCTG_005,88
CAGGGGCGCTGTGTGATCTG_006,11
CAGGGGCGCTGTGTGATCTG_007,4
CAGGGGCGCTGTGTGATCTG_008,17
CCTGCGCACTCAAGTTCTGG_001,81
CCTGCGCACTCAAGTTCTGG_002,102
CCTGCGCACTCAAGTTCTGG_003,106
CCTGCGCACTCAAGTTCTGG_004,103
CCTGCGCACTCAAGTTCTGG_005,123
CCTGCGCACTCAAGTTCTGG_006,52
CCTGCGCACTCAAGTTCTGG_007,150
GTTATGTACCAGCAAAGTAG_001,49
GTTATGTACCAGCAAAGTAG_002,116
GTTATGTACCAGCAAAGTAG_003,96
GTTATGTACCAGCAAAGTAG_004,69
GACCTGGAACGGTACCACCA_001,136
GACCTGGAACGGTACCACCA_002,48
GACCTGGAACGGTACCACCA_003,141
GACCTGGAACGGTACCACCA_004,150
GACCTGGAACGGTACCACCA_005,162
GACCTGGAACGGTACCACCA_006,166
GACCTGGAACGGTACCACCA_007,168
GACCTGGAACGGTACCACCA_008,90
GACCTGGAACGGTACCACCA_009,34
GACCTGGAACGGTACCACCA_010,147
GACCTGGAACGGTACCACCA_011,84
GACCTGGAACGGTACCACCA_012,19
GACCTGGAACGGTACCACCA_013,105
TGGGGGAATAATCACTCATG_001,112
TGGGGGAATAATCACTCATG_002,152
GATGACGGTCAGGACAAACT_001,35
GATGACGGTCAGGACAAACT_002,84
GATGACGGTCAGGACAAACT_003,135
GATGACGGTCAGGACAAACT_004,3
GATGACGGTCAGGACAAACT_005,140
GATGACGGTCAGGACAAACT_006,61
GATGACGGTCAGGACAAACT_007,24
GATGACGGTCAGGACAAACT_008,177
GATGACGGTCAGGACAAACT_009,185
GATGACGGTCAGGACAAACT_010,127
GATGACGGTCAGGACAAACT_011,184
GATGACGGTCAGGACAAACT_012,9
GATGACGGTCAGGACAAACT_013,3
GATGACGGTCAGGACAAACT_014,40
GATGACGGTCAGGACAAACT_015,184
GATGACGGTCAGGACAAACT_016,137
GATGACGGTCAGGACAAACT_017,57
GATGACGGTCAGGACAAACT_018,5
GATGACGGTCAGGACAAACT_019,184
AAGGAAGCTTATCTAACACG_001,8
AAGGAAGCTTATCTAACACG_002,1
AAGGAAGCTTATCTAACACG_003,50
AAGGAAGCTTATCTAACACG_004,73
AAGGAAGCTTATCTAACACG_005,189
AGAGCTATGGCAAGTACCTG_001,177
AGAGCTATGGCAAGTACCTG_002,165
AGAGCTATGGCAAGTACCTG_003,147
AGAGCTATGGCAAGTACCTG_004,77
AGAGCTATGGCAAGTACCTG_005,48
AGAGCTATGGCAAGTACCTG_006,42
ATGTACAACAAGATCCCTGT_001,28
ATGTACAACAAGATCCCTGT_002,197
ATGTACAACAAGATCCCTGT_003,191
ATGTACAACAAGATCCCTGT_004,134
ATGTACAACAAGATCCCTGT_005,74
ATGTACAACAAGATCCCTGT_006,137
GGTCCTGAAACGCTTTGAGG_001,184
GGTCCTGAAACGCTTTGAGG_002,184
GGTCCTGAAACGCTTTGAGG_003,108
CGAACTCGCAGAATTCCTCG_001,119
CGAACTCGCAGAATTCCTCG_002,88
CGAACTCGCAGAATTCCTCG_003,76
CGAACTCGCAGAATTCCTCG_004,146
CGAACTCGCAGAATTCCTCG_005,121
GAAAGCCTTAGCCAACTGTA_001,106
GAAAGCCTTAGCCAACTGTA_002,141
GAAAGCCTTAGCCAACTGTA_003,104
GAAAGCCTTAGCCAACTGTA_004,41
GAAAGCCTTAGCCAACTGTA_005,78
GAAAGCCTTAGCCAACTGTA_006,76
GAAAGCCTTAGCCAACTGTA_007,72
GAAAGCCTTAGCCAACTGTA_008,150
GAAAGCCTTAGCCAACTGTA_009,1
GAAAGCCTTAGCCAACTGTA_010,130
GAAAGCCTTAGCCAACTGTA_011,62
GAAAGCCTTAGCCAACTGTA_012,163
GAAAGCCTTAGCCAACTGTA_013,60
GAAAGCCTTAGCCAACTGTA_014,114
GAAAGCCTTAGCCAACTGTA_015,36
GAAAGCCTTAGCCAACTGTA_016,96
GAAAGCCTTAGCCAACTGTA_017,2
GAAAGCCTTAGCCAACTGTA_018,26
GAAAGCCTTAGCCAACTGTA_019,63
GAAAGCCTTAGCCAACTGTA_020,37
GAAAGCCTTAGCCAACTGTA_021,37
GAAAGCCTTAGCCAACTGTA_022,28
CAGGGTAGGCGACATCATAG_001,150
CAGGGTAGGCGACATCATAG_002,9
CAGGGTAGGCGACATCATAG_003,49
CAGGGTAGGCGACATCATAG_004,180
CAGGGTAGGCGACATCATAG_005,30
CAGGGTAGGCGACATCATAG_006,49
CAGGGTAGGCGACATCATAG_007,198
CAGTAAGCTCAGATTTCCTG_001,107
CAGTAAGCTCAGATTTCCTG_002,9
CAGTAAGCTCAGATTTCCTG_003,76
CAGTAAGCTCAGATTTCCTG_004,46
CAGTAAGCTCAGATTTCCTG_005,22
CAGTAAGCTCAGATTTCCTG_006,130
GCGATTCATTCCAACAAACC_001,112
GCGATTCATTCCAACAAACC_002,91
AAGGACGAGCGTCTGTACGT_001,109
AAGGACGAGCGTCTGTACGT_002,83
AAGGACGAGCGTCTGTACGT_003,176
AAGGACGAGCGTCTGTACGT_004,75
AAGGACGAGCGTCTGTACGT_005,28
AAGGACGAGCGTCTGTACGT_006,151
AAGGACGAGCGTCTGTACGT_007,96
AAGGACGAGCGTCTGTACGT_008,4
AAGGACGAGCGTCTGTACGT_009,39
TAGTAGTCACCCAAATGAGG_001,142
TAGTAGTCACCCAAATGAGG_002,47
TAGTAGTCACCCAAATGAGG_003,80
TAGTAGTCACCCAAATGAGG_004,14
TAGTAGTCACCCAAATGAGG_005,171
TTCCTGGACACGCCCCAGCA_001,18
TTCCTGGACACGCCCCAGCA_002,106
TTCCTGGACACGCCCCAGCA_003,41
TTCCTGGACACGCCCCAGCA_004,109
TTCCTGGACACGCCCCAGCA_005,87
TTCCTGGACACGCCCCAGCA_006,87
TTCCTGGACACGCCCCAGCA_007,25
TTCCTGGACACGCCCCAGCA_008,179
TTCCTGGACACGCCCCAGCA_009,105
TTCCTGGACACGCCCCAGCA_010,88
TTCCTGGACACGCCCCAGCA_011,2
TTCCTGGACACGCCCCAGCA_012,114
TTCCTGGACACGCCCCAGCA_013,184
TTCCTGGACACGCCCCAGCA_014,136
TTCCTGGACACGCCCCAGCA_015,163
TTCCTGGACACGCCCCAGCA_016,165
TTCCTGGACACGCCCCAGCA_017,145
TTCCTGGACACGCCCCAGCA_018,29
TTCCTGGACACGCCCCAGCA_019,138
TTCCTGGACACGCCCCAGCA_020,145
TTCCTGGACACGCCCCAGCA_021,178
TTCCTGGACACGCCCCAGCA_022,142
TTCCTGGACACGCCCCAGCA_023,39
TTCCTGGACACGCCCCAGCA_024,159
TTCCTGGACACGCCCCAGCA_025,73
CCCGAAGGCCCCGTACGCCA_001,54
CCCGAAGGCCCCGTACGCCA_002,63
CCCGAAGGCCCCGTACGCCA_003,127
CCCGAAGGCCCCGTACGCCA_004,65
CCCGAAGGCCCCGTACGCCA_005,70
CCCGAAGGCCCCGTACGCCA_006,65
CCCGAAGGCCCCGTACGCCA_007,17
CCCGAAGGCCCCGTACGCCA_008,177
CCCGAAGGCCCCGTACGCCA_009,13
CCCGAAGGCCCCGTACGCCA_010,166
CCCGAAGGCCCCGTACGCCA_011,174
CCCGAAGGCCCCGTACGCCA_012,48
CCCGAAGGCCCCGTACGCCA_013,144
AGTTCTCAGGAAGGCAAAGG_001,177
AGTTCTCAGGAAGGCAAAGG_002,81
AGTTCTCAGGAAGGCAAAGG_003,62
AGTTCTCAGGAAGGCAAAGG_004,41
AGTTCTCAGGAAGGCAAAGG_005,151
AGTTCTCAGGAAGGCAAAGG_006,199
AGTTCTCAGGAAGGCAAAGG_007,126
AGTTCTCAGGAAGGCAAAGG_008,1
AGTTCTCAGGAAGGCAAAGG_009,77
AGTTCTCAGGAAGGCAAAGG_010,10
AGTTCTCAGGAAGGCAAAGG_011,1
GCAGCGAGAGACAACAAGAA_001,78
GCAGCGAGAGACAACAAGAA_002,12
GCAGCGAGAGACAACAAGAA_003,13
GCAGCGAGAGACAACAAGAA_004,67
GCAGCGAGAGACAACAAGAA_005,130
GCAGCGAGAGACAACAAGAA_006,12
GCAGCGAGAGACAACAAGAA_007,145
CTCACCGGTGCACATAACAG_001,196
CTCACCGGTGCACATAACAG_002,115
CTCACCGGTGCACATAACAG_003,15
CTCACCGGTGCACATAACAG_004,160
CTCACCGGTGCACATAACAG_005,153
CTCACCGGTGCACATAACAG_006,149
CTCACCGGTGCACATAACAG_007,75
CTCACCGGTGCACATAACAG_008,6
CTCACCGGTGCACATAACAG_009,17
CTCACCGGTGCACATAACAG_010,49
CTCACCGGTGCACATAACAG_011,8
CTCACCGGTGCACATAACAG_012,54
CTCACCGGTGCACATAACAG_013,66
CTCACCGGTGCACATAACAG_014,74
CTCACCGGTGCACATAACAG_015,121
CTCACCGGTGCACATAACAG_016,19
CTCACCGGTGCACATAACAG_017,166
CTCACCGGTGCACATAACAG_018,3
CGGCTCAGCTGGTATGACCC_001,15
CGGCTCAGCTGGTATGACCC_002,96
GGAGAGGACAGTGGGTACCA_001,146
GGAGAGGACAGTGGGTACCA_002,146
GGAGAGGACAGTGGGTACCA_003,174
GGAGAGGACAGTGGGTACCA_004,173
GGAGAGGACAGTGGGTACCA_005,126
GGAGAGGACAGTGGGTACCA_006,51
GGAGAGGACAGTGGGTACCA_007,192
GGAGAGGACAGTGGGTACCA_008,29
GGAGAGGACAGTGGGTACCA_009,160
GGAGAGGACAGTGGGTACCA_010,61
GGAGAGGACAGTGGGTACCA_011,71
GGAGAGGACAGTGGGTACCA_012,130
GGAGAGGACAGTGGGTACCA_013,176
GGAGAGGACAGTGGGTACCA_014,154
GGAGAGGACAGTGGGTACCA_015,148
GGAGAGGACAGTGGGTACCA_016,78
GGAGAGGACAGTGGGTACCA_017,77
GGAGAGGACAGTGGGTACCA_018,77
GGAGAGGACAGTGGGTACCA_019,150
GGAGAGGACAGTGGGTACCA_020,153
GGAGAGGACAGTGGGTACCA_021,46
CCAGGTTGGTCATGTAGATG_001,184
CCAGGTTGGTCATGTAGATG_002,105
CCAGGTTGGTCATGTAGATG_003,184
CCAGGTTGGTCATGTAGATG_004,130
CCAGGTTGGTCATGTAGATG_005,190
CCAGGTTGGTCATGTAGATG_006,83
CCAGGTTGGTCATGTAGATG_007,0
CCAGGTTGGTCATGTAGATG_008,86
GGTGGCGTCCAAAACACACA_001,102
GGTGGCGTCCAAAACACACA_002,88
GGTGGCGTCCAAAACACACA_003,129
GTCTGACCGCGACATCGTGG_001,191
GTCTGACCGCGACATCGTGG_002,105
GTCTGACCGCGACATCGTGG_003,156
GTCTGACCGCGACATCGTGG_004,113
GTCTGACCGCGACATCGTGG_005,160
TTTACACTAGATCGAACGGT_001,67
TAGCTCAAAGCAAACGCACG_001,29
TAGCTCAAAGCAAACGCACG_002,34
TAGCTCAAAGCAAACGCACG_003,62
TAGCTCAAAGCAAACGCACG_004,70
TAGCTCAAAGCAAACGCACG_005,181
TAGCTCAAAGCAAACGCACG_006,78
AGGGAGACAGAGCATCTGCG_001,112
AGGGAGACAGAGCATCTGCG_002,64
AGGGAGACAGAGCATCTGCG_003,140
AGGGAGACAGAGCATCTGCG_004,146
AGGGAGACAGAGCATCTGCG_005,166
AGGGAGACAGAGCATCTGCG_006,78
AGGGAGACAGAGCATCTGCG_007,163
AGGGAGACAGAGCATCTGCG_008,138
AGGGAGACAGAGCATCTGCG_009,33
AGGGAGACAGAGCATCTGCG_010,116
AGGGAGACAGAGCATCTGCG_011,49
AGGGAGACAGAGCATCTGCG_012,146
AGGGAGACAGAGCATCTGCG_013,126
AGGGAGACAGAGCATCTGCG_014,197
GCCAGGTCTCTGCACTACGT_001,33
GCCAGGTCTCTGCACTACGT_002,69
GCCAGGTCTCTGCACTACGT_003,18
GCCAGGTCTCTGCACTACGT_004,74
TGATGGAAAACGACGTACTG_001,25
TGATGGAAAACGACGTACTG_002,178
TGATGGAAAACGACGTACTG_003,108
TGATGGAAAACGACGTACTG_004,50
TGATGGAAAACGACGTACTG_005,98
TGATGGAAAACGACGTACTG_006,15
TGATGGAAAACGACGTACTG_007,41
TGATGGAAAACGACGTACTG_008,13
TGATGGAAAACGACGTACTG_009,108
TGATGGAAAACGACGTACTG_010,175
TGATGGAAAACGACGTACTG_011,175
TGATGGAAAACGACGTACTG_012,188
TGATGGAAAACGACGTACTG_013,34
TGATGGAAAACGACGTACTG_014,63
TGATGGAAAACGACGTACTG_015,66
TTTCGTCAAAATGTAGACTA_001,191
TTTCGTCAAAATGTAGACTA_002,42
TTTCGTCAAAATGTAGACTA_003,61
TTTCGTCAAAATGTAGACTA_004,76
TTTCGTCAAAATGTAGACTA_005,96
TTTCGTCAAAATGTAGACTA_006,149
CTGGGGGAGAAATTTCTGCG_001,88
CTGGGGGAGAAATTTCTGCG_002,70
CTGGGGGAGAAATTTCTGCG_003,40
AGTAATCCCTGACACGACAG_001,177
AGTAATCCCTGACACGACAG_002,172
AGTAATCCCTGACACGACAG_003,144
AGTAATCCCTGACACGACAG_004,60
AGTAATCCCTGACACGACAG_005,72
AGTAATCCCTGACACGACAG_006,35
AGTAATCCCTGACACGACAG_007,148
AGTAATCCCTGACACGACAG_008,172
AAATGTCTTCAGATAACCAG_001,48
AAATGTCTTCAGATAACCAG_002,175
AAATGTCTTCAGATAACCAG_003,75
AAATGTCTTCAGATAACCAG_004,159
AAATGTCTTCAGATAACCAG_005,50
TCATTGTTGGATAAGCGAGA_001,155
TCATTGTTGGATAAGCGAGA_002,187
TCATTGTTGGATAAGCGAGA_003,156
TCATTGTTGGATAAGCGAGA_004,147
TCATTGTTGGATAAGCGAGA_005,102
AAGCAAAACAAACCGGCAGA_001,127
AAGCAAAACAAACCGGCAGA_002,140
AAGCAAAACAAACCGGCAGA_003,153
AAGCAAAACAAACCGGCAGA_004,12
AAGCAAAACAAACCGGCAGA_005,21
AAGCAAAACAAACCGGCAGA_006,91
AAGCAAAACAAACCGGCAGA_007,3
AAGCAAAACAAACCGGCAGA_008,184
AAGCAAAACAAACCGGCAGA_009,198
AAGCAAAACAAACCGGCAGA_010,52
AAGCAAAACAAACCGGCAGA_011,70
AAGCAAAACAAACCGGCAGA_012,175
AAGCAAAACAAACCGGCAGA_013,48
AAGCAAAACAAACCGGCAGA_014,107
AAGCAAAACAAACCGGCAGA_015,8
AAGCAAAACAAACCGGCAGA_016,147
AAGCAAAACAAACCGGCAGA_017,187
AAGCAAAACAAACCGGCAGA_018,19
AAGCAAAACAAACCGGCAGA_019,123
AAGCAAAACAAACCGGCAGA_020,150
AAGCAAAACAAACCGGCAGA_021,183
AAGCAAAACAAACCGGCAGA_022,18
AAGCAAAACAAACCGGCAGA_023,3
TGGACACAGATGGGGACAAG_001,170
TGGACACAGATGGGGACAAG_002,1
TGGACACAGATGGGGACAAG_003,137
TGGACACAGATGGGGACAAG_004,198
TGGACACAGATGGGGACAAG_005,89
TGGACACAGATGGGGACAAG_006,174
TGGACACAGATGGGGACAAG_007,140
TGGACACAGATGGGGACAAG_008,9
TGGACACAGATGGGGACAAG_009,116
TGGACACAGATGGGGACAAG_010,40
TGGACACAGATGGGGACAAG_011,63
TGGACACAGATGGGGACAAG_012,24
TGGACACAGATGGGGACAAG_013,172
TGGACACAGATGGGGACAAG_014,169
TGGACACAGATGGGGACAAG_015,125
TGGACACAGATGGGGACAAG_016,49
TGGACACAGATGGGGACAAG_017,50
TGGACACAGATGGGGACAAG_018,94
TGGACACAGATGGGGACAAG_019,40
TGGACACAGATGGGGACAAG_020,152
TGGACACAGATGGGGACAAG_021,3
GGTGACAAGATCACATCCCT_001,184
GGTGACAAGATCACATCCCT_002,130
GGTGACAAGATCACATCCCT_003,28
GGTGACAAGATCACATCCCT_004,183
GGTGACAAGATCACATCCCT_005,20
GGTGACAAGATCACATCCCT_006,16
GGTGACAAGATCACATCCCT_007,197
GGTGACAAGATCACATCCCT_008,65
GGTGACAAGATCACATCCCT_009,45
GGTGACAAGATCACATCCCT_010,29
GGTGACAAGATCACATCCCT_011,185
GGTGACAAGATCACATCCCT_012,185
GGTGACAAGATCACATCCCT_013,156
GGTGACAAGATCACATCCCT_014,41
GGTGACAAGATCACATCCCT_015,5
GGTGACAAGATCACATCCCT_016,146
GGTGACAAGATCACATCCCT_017,106
GGTGACAAGATCACATCCCT_018,19
GGTGACAAGATCACATCCCT_019,188
TTATTCACTTAACATTACCA_001,176
TTATTCACTTAACATTACCA_002,66
TTATTCACTTAACATTACCA_003,63
TTATTCACTTAACATTACCA_004,162
TTATTCACTTAACATTACCA_005,113
TTATTCACTTAACATTACCA_006,170
TTCCACTTCCATAGGAAAGG_001,158
TTCCACTTCCATAGGAAAGG_002,9
TTCCACTTCCATAGGAAAGG_003,57
TTCCACTTCCATAGGAAAGG_004,141
ATGATAGTAGCATGGAGTCA_001,41
GGGGCAAGAAGGCATCCTAG_001,37
CCACGAAGACTTCATGTCGG_001,197
CCACGAAGACTTCATGTCGG_002,17
CCACGAAGACTTCATGTCGG_003,175
CGGAAGCGGCATAGACACCG_001,118
CGGAAGCGGCATAGACACCG_002,126
CGGAAGCGGCATAGACACCG_003,175
CGGAAGCGGCATAGACACCG_004,150
CGGAAGCGGCATAGACACCG_005,83
CTGGTCGATGTCGAAGAAAG_001,158
CTGGTCGATGTCGAAGAAAG_002,24
CTGGTCGATGTCGAAGAAAG_003,39
CTGGTCGATGTCGAAGAAAG_004,198
CTGGTCGATGTCGAAGAAAG_005,146
CTGGTCGATGTCGAAGAAAG_006,194
TGACCACAGAGTGCCAGTGG_001,85
TGACCACAGAGTGCCAGTGG_002,75
TGACCACAGAGTGCCAGTGG_003,175
TGACCACAGAGTGCCAGTGG_004,105
TGACCACAGAGTGCCAGTGG_005,79
TGACCACAGAGTGCCAGTGG_006,90
TGACCACAGAGTGCCAGTGG_007,6
TGACCACAGAGTGCCAGTGG_008,136
AGGGACCATGTAAATGACAT_001,42
AGGGACCATGTAAATGACAT_002,45
AGGGACCATGTAAATGACAT_003,143
AGGGACCATGTAAATGACAT_004,45
AGGGACCATGTAAATGACAT_005,70
AGGGACCATGTAAATGACAT_006,169
TGTCGGGGTGGCACAAACTG_001,23
GAGGCGTCTTGTTGCCGCTG_001,56
GAGGCGTCTTGTTGCCGCTG_002,118
GAGGCGTCTTGTTGCCGCTG_003,81
GAGGCGTCTTGTTGCCGCTG_004,43
GAGGCGTCTTGTTGCCGCTG_005,142
TTAGGGGACTATGTTGACAG_001,94
TTAGGGGACTATGTTGACAG_002,159
TTAGGGGACTATGTTGACAG_003,48
TTAGGGGACTATGTTGACAG_004,198
TTAGGGGACTATGTTGACAG_005,83
TTAGGGGACTATGTTGACAG_006,112
TTGCCACCAATAATCGCAAG_001,8
TTGCCACCAATAATCGCAAG_002,126
TTGCCACCAATAATCGCAAG_003,93
TTGCCACCAATAATCGCAAG_004,65
TTGCCACCAATAATCGCAAG_005,39
TTGCCACCAATAATCGCAAG_006,152
TTGCCACCAATAATCGCAAG_007,175
TTGCCACCAATAATCGCAAG_008,43
TTGCCACCAATAATCGCAAG_009,184
GTATTCAACACATCTGATAG_001,48
GTATTCAACACATCTGATAG_002,160
TCACAGCCCGGACAGTTGCC_001,171
TCACAGCCCGGACAGTTGCC_002,38
TCACAGCCCGGACAGTTGCC_003,192
TCACAGCCCGGACAGTTGCC_004,3
TCACAGCCCGGACAGTTGCC_005,53
TCACAGCCCGGACAGTTGCC_006,174
TCACAGCCCGGACAGTTGCC_007,83
TCACAGCCCGGACAGTTGCC_008,104
TCACAGCCCGGACAGTTGCC_009,97
TCACAGCCCGGACAGTTGCC_010,64
TCACAGCCCGGACAGTTGCC_011,144
TCACAGCCCGGACAGTTGCC_012,145
TCACAGCCCGGACAGTTGCC_013,38
TGCATAAAATATGAGCTCCG_001,92
TGCATAAAATATGAGCTCCG_002,188
TGCATAAAATATGAGCTCCG_003,142
TGCATAAAATATGAGCTCCG_004,134
TGGACACCCGGAGATCAGGG_001,133
TGGACACCCGGAGATCAGGG_002,63
TGGACACCCGGAGATCAGGG_003,147
TGGACACCCGGAGATCAGGG_004,62
TGGACACCCGGAGATCAGGG_005,80
TGGACACCCGGAGATCAGGG_006,184
TGGACACCCGGAGATCAGGG_007,53
TGGACACCCGGAGATCAGGG_008,62
TGGACACCCGGAGATCAGGG_009,40
TGGACACCCGGAGATCAGGG_010,48
TGGACACCCGGAGATCAGGG_011,34
TGGACACCCGGAGATCAGGG_012,127
TGGACACCCGGAGATCAGGG_013,84
TGGACACCCGGAGATCAGGG_014,150
TGGACACCCGGAGATCAGGG_015,142
TGGACACCCGGAGATCAGGG_016,142
TGGACACCCGGAGATCAGGG_017,137
TGGACACCCGGAGATCAGGG_018,28
TGGACACCCGGAGATCAGGG_019,113
TAGAGGTTAGGGCACCTACA_001,45
TAGAGGTTAGGGCACCTACA_002,191
TAGAGGTTAGGGCACCTACA_003,106
TAGAGGTTAGGGCACCTACA_004,13
TAGAGGTTAGGGCACCTACA_005,175
TGGAGCAAATACCTTTACCA_001,127
TGGAGCAAATACCTTTACCA_002,54
TGGAGCAAATACCTTTACCA_003,127
TGGAGCAAATACCTTTACCA_004,181
TGGAGCAAATACCTTTACCA_005,88
TGGAGCAAATACCTTTACCA_006,29
TGGAGCAAATACCTTTACCA_007,108
TGGAGCAAATACCTTTACCA_008,15
TGGAGCAAATACCTTTACCA_009,97
TGGAGCAAATACCTTTACCA_010,102
TGGAGCAAATACCTTTACCA_011,136
CCCTCAGCCCCACATCGATG_001,163
CCCTCAGCCCCACATCGATG_002,198
CCCTCAGCCCCACATCGATG_003,85
CCCTCAGCCCCACATCGATG_004,130
CCCTCAGCCCCACATCGATG_005,158
CCCTCAGCCCCACATCGATG_006,181
CCCTCAGCCCCACATCGATG_007,35
CCCTCAGCCCCACATCGATG_008,158
CCCTCAGCCCCACATCGATG_009,128
CCCTCAGCCCCACATCGATG_010,110
CCCTCAGCCCCACATCGATG_011,171
CCCTCAGCCCCACATCGATG_012,74
CCCTCAGCCCCACATCGATG_013,48
GTCATCACGGACAATCACCA_001,176
GTCATCACGGACAATCACCA_002,144
GTCATCACGGACAATCACCA_003,174
GTCATCACGGACAATCACCA_004,196
GTCATCACGGACAATCACCA_005,130
GTCATCACGGACAATCACCA_006,49
GTCATCACGGACAATCACCA_007,73
GTCATCACGGACAATCACCA_008,169
GTCATCACGGACAATCACCA_009,141
GTCATCACGGACAATCACCA_010,85
GTCATCACGGACAATCACCA_011,139
GTCATCACGGACAATCACCA_012,149
GTCATCACGGACAATCACCA_013,192
GTCATCACGGACAATCACCA_014,150
GTCATCACGGACAATCACCA_015,175
GTCATCACGGACAATCACCA_016,170
GTCATCACGGACAATCACCA_017,6
GTCATCACGGACAATCACCA_018,19
GTCATCACGGACAATCACCA_019,176
GTCATCACGGACAATCACCA_020,184
GTCATCACGGACAATCACCA_021,148
TTGGCCATCTCCACGCGGCG_001,83
TTGGCCATCTCCACGCGGCG_002,8
TTGGCCATCTCCACGCGGCG_003,69
TTGGCCATCTCCACGCGGCG_004,17
TTGGCCATCTCCACGCGGCG_005,185
TTGGCCATCTCCACGCGGCG_006,11
TTGGCCATCTCCACGCGGCG_007,101
TTGGCCATCTCCACGCGGCG_008,169
TTGGCCATCTCCACGCGGCG_009,45
TTGGCCATCTCCACGCGGCG_010,125
TTGGCCATCTCCACGCGGCG_011,137
TTGGCCATCTCCACGCGGCG_012,16
TTGGCCATCTCCACGCGGCG_013,61
AGGTGTTATCCACGTGACCA_001,42
AGGTGTTATCCACGTGACCA_002,49
AGGTGTTATCCACGTGACCA_003,50
AGGTGTTATCCACGTGACCA_004,170
AGGTGTTATCCACGTGACCA_005,186
AGGTGTTATCCACGTGACCA_006,13
AGGTGTTATCCACGTGACCA_007,118
AGGTGTTATCCACGTGACCA_008,75
AGGTGTTATCCACGTGACCA_009,122
AGGTGTTATCCACGTGACCA_010,134
AGGTGTTATCCACGTGACCA_011,1
AGGTGTTATCCACGTGACCA_012,193
AGGTGTTATCCACGTGACCA_013,145
GGAAAAACAACCATCTCCAG_001,92
GGAAAAACAACCATCTCCAG_002,196
GGAAAAACAACCATCTCCAG_003,152
GGAAAAACAACCATCTCCAG_004,36
ATGGGAAGGTGACGAATGAG_001,58
ATGGGAAGGTGACGAATGAG_002,58
ATGGGAAGGTGACGAATGAG_003,101
ATGGGAAGGTGACGAATGAG_004,157
ATGGGAAGGTGACGAATGAG_005,119
ATGGGAAGGTGACGAATGAG_006,8
ATGGGAAGGTGACGAATGAG_007,18
ATGGGAAGGTGACGAATGAG_008,42
ATGGGAAGGTGACGAATGAG_009,155
ATGGGAAGGTGACGAATGAG_010,113
ATGGGAAGGTGACGAATGAG_011,138
ATGGGAAGGTGACGAATGAG_012,62
ATGGGAAGGTGACGAATGAG_013,50
ATGGGAAGGTGACGAATGAG_014,27
ATGGGAAGGTGACGAATGAG_015,19
ATGGGAAGGTGACGAATGAG_016,25
ATGGGAAGGTGACGAATGAG_017,29
ATGGGAAGGTGACGAATGAG_018,45
ATGGGAAGGTGACGAATGAG_019,73
ATGGGAAGGTGACGAATGAG_020,191
ATGGGAAGGTGACGAATGAG_021,129
ATGGGAAGGTGACGAATGAG_022,23
ATGGGAAGGTGACGAATGAG_023,73
AGATAGAGGCAGAAATCGTG_001,32
AGATAGAGGCAGAAATCGTG_002,64
AGATAGAGGCAGAAATCGTG_003,150
AGATAGAGGCAGAAATCGTG_004,95
AGATAGAGGCAGAAATCGTG_005,154
AGATAGAGGCAGAAATCGTG_006,188
AGATAGAGGCAGAAATCGTG_007,42
AGATAGAGGCAGAAATCGTG_008,107
AGATAGAGGCAGAAATCGTG_009,47
AGATAGAGGCAGAAATCGTG_010,47
AGATAGAGGCAGAAATCGTG_011,193
AGATAGAGGCAGAAATCGTG_012,49
AGATAGAGGCAGAAATCGTG_013,152
GTTTGCTGTTCAGGTAGACG_001,182
GTTTGCTGTTCAGGTAGACG_002,62
GTTTGCTGTTCAGGTAGACG_003,146
GTTTGCTGTTCAGGTAGACG_004,50
GTTTGCTGTTCAGGTAGACG_005,127
GTTTGCTGTTCAGGTAGACG_006,191
GTTTGCTGTTCAGGTAGACG_007,22
TTTACATGAACACCAAACAG_001,169
TTTACATGAACACCAAACAG_002,47
TTTACATGAACACCAAACAG_003,108
TTTACATGAACACCAAACAG_004,28
TTTACATGAACACCAAACAG_005,76
TTTACATGAACACCAAACAG_006,197
TTTACATGAACACCAAACAG_007,179
TTTACATGAACACCAAACAG_008,111
CTGAATTAGCTGTATCGTCA_001,199
CTGAATTAGCTGTATCGTCA_002,9
CTGAATTAGCTGTATCGTCA_003,160
CTGAATTAGCTGTATCGTCA_004,41
CTGAATTAGCTGTATCGTCA_005,54
AGTCACACAATTTAAGACCA_001,122
AGTCACACAATTTAAGACCA_002,81
AGTCACACAATTTAAGACCA_003,81
AGTCACACAATTTAAGACCA_004,157
AGTCACACAATTTAAGACCA_005,65
AGTCACACAATTTAAGACCA_006,185
AGTCACACAATTTAAGACCA_007,57
AGTCACACAATTTAAGACCA_008,91
AGATGGATAACACAGTGAGC_001,29
AGATGGATAACACAGTGAGC_002,112
TGCAGAGCGTTTGAAACGTG_001,132
TGCAGAGCGTTTGAAACGTG_002,77
TGCAGAGCGTTTGAAACGTG_003,189
TGCAGAGCGTTTGAAACGTG_004,112
TGCAGAGCGTTTGAAACGTG_005,19
TGCAGAGCGTTTGAAACGTG_006,83
TGCAGAGCGTTTGAAACGTG_007,65
TGCAGAGCGTTTGAAACGTG_008,6
TATTACAATCGCTTGTACAA_001,72
TATTACAATCGCTTGTACAA_002,185
TATTACAATCGCTTGTACAA_003,14
TATTACAATCGCTTGTACAA_004,102
GAGTGGATCGAACTTCCTCG_001,142
GAGTGGATCGAACTTCCTCG_002,60
GAGTGGATCGAACTTCCTCG_003,176
TGATGAAGGGTGCTCCGGAG_001,103
TGATGAAGGGTGCTCCGGAG_002,94
TGATGAAGGGTGCTCCGGAG_003,145
TGATGAAGGGTGCTCCGGAG_004,160
TGATGAAGGGTGCTCCGGAG_005,7
TGATGAAGGGTGCTCCGGAG_006,1
TGATGAAGGGTGCTCCGGAG_007,86
TGATGAAGGGTGCTCCGGAG_008,38
TGATGAAGGGTGCTCCGGAG_009,182
TGATGAAGGGTGCTCCGGAG_010,88
TGATGAAGGGTGCTCCGGAG_011,170
TGATGAAGGGTGCTCCGGAG_012,143
TGATGAAGGGTGCTCCGGAG_013,52
TGATGAAGGGTGCTCCGGAG_014,69
TGATGAAGGGTGCTCCGGAG_015,183
TGATGAAGGGTGCTCCGGAG_016,104
TGATGAAGGGTGCTCCGGAG_017,154
TGATGAAGGGTGCTCCGGAG_018,27
AGGCGCCCCTTGCTTGAACG_001,148
AGGCGCCCCTTGCTTGAACG_002,199
AGGCGCCCCTTGCTTGAACG_003,21
AGGCGCCCCTTGCTTGAACG_004,121
AGGCGCCCCTTGCTTGAACG_005,133
AGGCGCCCCTTGCTTGAACG_006,118
AGGCGCCCCTTGCTTGAACG_007,51
AGGCGCCCCTTGCTTGAACG_008,102
AGGCGCCCCTTGCTTGAACG_009,142
AGGCGCCCCTTGCTTGAACG_010,102
CTTCGAGCGCATCGCTGGCG_001,113
CTTCGAGCGCATCGCTGGCG_002,122
CTTCGAGCGCATCGCTGGCG_003,176
CTTCGAGCGCATCGCTGGCG_004,111
CTTCGAGCGCATCGCTGGCG_005,129
CTTCGAGCGCATCGCTGGCG_006,6
CTTCGAGCGCATCGCTGGCG_007,20
CTTCGAGCGCATCGCTGGCG_008,133
CTTCGAGCGCATCGCTGGCG_009,133
CTTCGAGCGCATCGCTGGCG_010,53
CTTCGAGCGCATCGCTGGCG_011,26
CTTCGAGCGCATCGCTGGCG_012,82
CTTCGAGCGCATCGCTGGCG_013,188
CTTCGAGCGCATCGCTGGCG_014,175
CTCTCCTGAGACCTGCGGCG_001,62
CTCTCCTGAGACCTGCGGCG_002,149
CTCTCCTGAGACCTGCGGCG_003,1
CTCTCCTGAGACCTGCGGCG_004,170
CTCTCCTGAGACCTGCGGCG_005,183
CTCTCCTGAGACCTGCGGCG_006,99
CTCTCCTGAGACCTGCGGCG_007,26
CTCTCCTGAGACCTGCGGCG_008,149
CTCTCCTGAGACCTGCGGCG_009,22
CTCTCCTGAGACCTGCGGCG_010,152
CTCTCCTGAGACCTGCGGCG_011,65
CTCTCCTGAGACCTGCGGCG_012,155
CTCTCCTGAGACCTGCGGCG_013,64
CTCTCCTGAGACCTGCGGCG_014,184
CTCTCCTGAGACCTGCGGCG_015,33
CTCTCCTGAGACCTGCGGCG_016,99
CTCTCCTGAGACCTGCGGCG_017,130
CTCTCCTGAGACCTGCGGCG_018,150
CTCTCCTGAGACCTGCGGCG_019,119
CTCTCCTGAGACCTGCGGCG_020,31
CTCTCCTGAGACCTGCGGCG_021,98
CTCTCCTGAGACCTGCGGCG_022,168
GCACATAGTATGAAGTTCCA_001,115
GCACATAGTATGAAGTTCCA_002,176
GCACATAGTATGAAGTTCCA_003,161
GAACTCTCCAATGACGCGCA_001,174
GAACTCTCCAATGACGCGCA_002,175
GAACTCTCCAATGACGCGCA_003,80
GAACTCTCCAATGACGCGCA_004,119
GAACTCTCCAATGACGCGCA_005,128
GAACTCTCCAATGACGCGCA_006,49
GAACTCTCCAATGACGCGCA_007,28
GAACTCTCCAATGACGCGCA_008,92
GAACTCTCCAATGACGCGCA_009,92
GAACTCTCCAATGACGCGCA_010,136
ATTTGTCAGAAAATGAACAG_001,49
ATTTGTCAGAAAATGAACAG_002,49
ATTTGTCAGAAAATGAACAG_003,1
ATTTGTCAGAAAATGAACAG_004,168
ATTTGTCAGAAAATGAACAG_005,75
ATTTGTCAGAAAATGAACAG_006,69
ATTTGTCAGAAAATGAACAG_007,162
ATTTGTCAGAAAATGAACAG_008,117
ATTTGTCAGAAAATGAACAG_009,102
ATTTGTCAGAAAATGAACAG_010,124
ATTTGTCAGAAAATGAACAG_011,48
CCAAACACAGCTGACCACAT_001,8
CCAAACACAGCTGACCACAT_002,19
CCAAACACAGCTGACCACAT_003,194
CCAAACACAGCTGACCACAT_004,59
CCAAACACAGCTGACCACAT_005,191
CCAAACACAGCTGACCACAT_006,35
CGTCTACAGCGTGTACTCTG_001,121
CGTCTACAGCGTGTACTCTG_002,140
CGTCTACAGCGTGTACTCTG_003,171
CGTCTACAGCGTGTACTCTG_004,84
CGTCTACAGCGTGTACTCTG_005,58
CGTCTACAGCGTGTACTCTG_006,17
CGTCTACAGCGTGTACTCTG_007,174
CGTCTACAGCGTGTACTCTG_008,147
CGTCTACAGCGTGTACTCTG_009,167
CGTCTACAGCGTGTACTCTG_010,11
CGTCTACAGCGTGTACTCTG_011,160
CGTCTACAGCGTGTACTCTG_012,129
GCAAGACCTTCATGTGCACG_001,102
GCAAGACCTTCATGTGCACG_002,132
GCAAGACCTTCATGTGCACG_003,96
GCAAGACCTTCATGTGCACG_004,87
GCAAGACCTTCATGTGCACG_005,64
GCAAGACCTTCATGTGCACG_006,29
GCAAGACCTTCATGTGCACG_007,175
GCAAGACCTTCATGTGCACG_008,165
CAAACTCCTGCATAGGACGG_001,188
CAAACTCCTGCATAGGACGG_002,181
CAAACTCCTGCATAGGACGG_003,171
CAAACTCCTGCATAGGACGG_004,103
CAAACTCCTGCATAGGACGG_005,6
CAAACTCCTGCATAGGACGG_006,142
CAAACTCCTGCATAGGACGG_007,48
CAAACTCCTGCATAGGACGG_008,155
CAAACTCCTGCATAGGACGG_009,141
CAAACTCCTGCATAGGACGG_010,56
CAAACTCCTGCATAGGACGG_011,139
CAAACTCCTGCATAGGACGG_012,83
CAAACTCCTGCATAGGACGG_013,147
CAAACTCCTGCATAGGACGG_014,172
CAAACTCCTGCATAGGACGG_015,40
CAAACTCCTGCATAGGACGG_016,127
GGCATGAGAAAGGGGCTCCG_001,2
GGCATGAGAAAGGGGCTCCG_002,174
GGCATGAGAAAGGGGCTCCG_003,40
GGCATGAGAAAGGGGCTCCG_004,59
GGCATGAGAAAGGGGCTCCG_005,56
GGCATGAGAAAGGGGCTCCG_006,102
GGCATGAGAAAGGGGCTCCG_007,54
GGCATGAGAAAGGGGCTCCG_008,107
GGCATGAGAAAGGGGCTCCG_009,157
GGCATGAGAAAGGGGCTCCG_010,65
GGCATGAGAAAGGGGCTCCG_011,1
GGCATGAGAAAGGGGCTCCG_012,56
GGCATGAGAAAGGGGCTCCG_013,15
CCAGATCTTCGATATCGATG_001,188
CCAGATCTTCGATATCGATG_002,46
GTAGGATTACCCATTGGCCA_001,27
GTAGGATTACCCATTGGCCA_002,150
GTAGGATTACCCATTGGCCA_003,149
GTAGGATTACCCATTGGCCA_004,84
GTAGGATTACCCATTGGCCA_005,67
GTAGGATTACCCATTGGCCA_006,105
GTAGGATTACCCATTGGCCA_007,184
GTAGGATTACCCATTGGCCA_008,81
GTAGGATTACCCATTGGCCA_009,94
GTAGGATTACCCATTGGCCA_010,115
GTAGGATTACCCATTGGCCA_011,52
TCTGTGTAAATAACATGACA_001,56
TCTGTGTAAATAACATGACA_002,68
TGCAGGTCCTAATCTACCCA_001,24
TGCAGGTCCTAATCTACCCA_002,163
TGCAGGTCCTAATCTACCCA_003,130
TGCAGGTCCTAATCTACCCA_004,40
TGCAGGTCCTAATCTACCCA_005,115
TGCAGGTCCTAATCTACCCA_006,13
TGCAGGTCCTAATCTACCCA_007,178
TGTAGTCATAGAATTCTCTC_001,119
TGTAGTCATAGAATTCTCTC_002,167
TGTAGTCATAGAATTCTCTC_003,38
TGTAGTCATAGAATTCTCTC_004,147
TGTAGTCATAGAATTCTCTC_005,25
TGTAGTCATAGAATTCTCTC_006,41
TGTAGTCATAGAATTCTCTC_007,126
GGACGAACAATAGCTGATGT_001,76
GGACGAACAATAGCTGATGT_002,148
GGACGAACAATAGCTGATGT_003,1
GGACGAACAATAGCTGATGT_004,71
AAATGAAGGAGCAACTCCGA_001,191
AAATGAAGGAGCAACTCCGA_002,43
GCTCACTTGGCGATTAACGT_001,8
GCTCACTTGGCGATTAACGT_002,52
GCTCACTTGGCGATTAACGT_003,10
GCTCACTTGGCGATTAACGT_004,94
GCTCACTTGGCGATTAACGT_005,130
TAAAATCACACAACGTCCTG_001,68
TAAAATCACACAACGTCCTG_002,192
TAAAATCACACAACGTCCTG_003,48
TAAAATCACACAACGTCCTG_004,38
TAAAATCACACAACGTCCTG_005,185
TAAAATCACACAACGTCCTG_006,83
TAAAATCACACAACGTCCTG_007,17
TAAAATCACACAACGTCCTG_008,12
TAAAATCACACAACGTCCTG_009,121
TAAAATCACACAACGTCCTG_010,83
TAAAATCACACAACGTCCTG_011,68
TAAAATCACACAACGTCCTG_012,17
TAAAATCACACAACGTCCTG_013,46
TAAAATCACACAACGTCCTG_014,161
TTGTTGAGGACCAGCAAGTG_001,55
TTGTTGAGGACCAGCAAGTG_002,194
TTGTTGAGGACCAGCAAGTG_003,82
TTGTTGAGGACCAGCAAGTG_004,63
TTGTTGAGGACCAGCAAGTG_005,115
TTGTTGAGGACCAGCAAGTG_006,40
TTGTTGAGGACCAGCAAGTG_007,144
CCTGTACCACTTCTTCAATG_001,102
CCTGTACCACTTCTTCAATG_002,61
CCTGTACCACTTCTTCAATG_003,62
CCTGTACCACTTCTTCAATG_004,1
CCTGTACCACTTCTTCAATG_005,16
CCTGTACCACTTCTTCAATG_006,175
CCTGTACCACTTCTTCAATG_007,75
CCTGTACCACTTCTTCAATG_008,141
CCTGTACCACTTCTTCAATG_009,107
CCTGTACCACTTCTTCAATG_010,28
CCTGTACCACTTCTTCAATG_011,43
GGACAGCGTGTGTACTGACT_001,133
GGACAGCGTGTGTACTGACT_002,151
GGACAGCGTGTGTACTGACT_003,88
GGACAGCGTGTGTACTGACT_004,108
GGACAGCGTGTGTACTGACT_005,161
GGACAGCGTGTGTACTGACT_006,126
GTGGGGTAGTCTGTTGCTCG_001,3
GTGGGGTAGTCTGTTGCTCG_002,62
GTGGGGTAGTCTGTTGCTCG_003,159
GTGGGGTAGTCTGTTGCTCG_004,77
GTGGGGTAGTCTGTTGCTCG_005,2
GTGGGGTAGTCTGTTGCTCG_006,110
GTGGGGTAGTCTGTTGCTCG_007,37
GTGGGGTAGTCTGTTGCTCG_008,105
GTGGGGTAGTCTGTTGCTCG_009,31
GTGGGGTAGTCTGTTGCTCG_010,143
GTGGGGTAGTCTGTTGCTCG_011,60
GTGGGGTAGTCTGTTGCTCG_012,51
GTGGGGTAGTCTGTTGCTCG_013,115
GTGGGGTAGTCTGTTGCTCG_014,159
GTGGGGTAGTCTGTTGCTCG_015,139
GTGGGGTAGTCTGTTGCTCG_016,57
GTGGGGTAGTCTGTTGCTCG_017,48
GTGGGGTAGTCTGTTGCTCG_018,62
GTGGGGTAGTCTGTTGCTCG_019,164
GTGGGGTAGTCTGTTGCTCG_020,20
GTGGGGTAGTCTGTTGCTCG_021,3
TGACGTGCGAAAACAAGATG_001,32
TGACGTGCGAAAACAAGATG_002,138
TGACGTGCGAAAACAAGATG_003,178
TGACGTGCGAAAACAAGATG_004,80
TGACGTGCGAAAACAAGATG_005,190
TGACGTGCGAAAACAAGATG_006,190
TGACGTGCGAAAACAAGATG_007,37
TCTGCCTGAGAGCGCTTGCG_001,41
TCTGCCTGAGAGCGCTTGCG_002,16
TCTGCCTGAGAGCGCTTGCG_003,8
TCTGCCTGAGAGCGCTTGCG_004,77
TCTGCCTGAGAGCGCTTGCG_005,77
TCTGCCTGAGAGCGCTTGCG_006,33
TCTGCCTGAGAGCGCTTGCG_007,97
TCTGCCTGAGAGCGCTTGCG_008,96
TCTGCCTGAGAGCGCTTGCG_009,35
TCTGCCTGAGAGCGCTTGCG_010,69
TCTGCCTGAGAGCGCTTGCG_011,27
TCTGCCTGAGAGCGCTTGCG_012,135
TCTGCCTGAGAGCGCTTGCG_013,144
TCTGCCTGAGAGCGCTTGCG_014,48
TCTGCCTGAGAGCGCTTGCG_015,93
TCTGCCTGAGAGCGCTTGCG_016,28
TCTGCCTGAGAGCGCTTGCG_017,28
CAGATCCGGACTATGGAAAG_001,9
GGCCTGCAAAAAGTCCACTG_001,21
GGCCTGCAAAAAGTCCACTG_002,40
GGCCTGCAAAAAGTCCACTG_003,28
GGCCTGCAAAAAGTCCACTG_004,4
GGCCTGCAAAAAGTCCACTG_005,3
GGCCTGCAAAAAGTCCACTG_006,108
GGCCTGCAAAAAGTCCACTG_007,92
GGCCTGCAAAAAGTCCACTG_008,58
GGCCTGCAAAAAGTCCACTG_009,198
GGCCTGCAAAAAGTCCACTG_010,57
GGCCTGCAAAAAGTCCACTG_011,152
GGCCTGCAAAAAGTCCACTG_012,181
GGCCTGCAAAAAGTCCACTG_013,2
GGCCTGCAAAAAGTCCACTG_014,78
GGCCTGCAAAAAGTCCACTG_015,78
GGCCTGCAAAAAGTCCACTG_016,172
GGCCTGCAAAAAGTCCACTG_017,88
GGCCTGCAAAAAGTCCACTG_018,163
GGCCTGCAAAAAGTCCACTG_019,130
GGCCTGCAAAAAGTCCACTG_020,118
GGCCTGCAAAAAGTCCACTG_021,49
GGCCTGCAAAAAGTCCACTG_022,81
GGCCTGCAAAAAGTCCACTG_023,49
GGCCTGCAAAAAGTCCACTG_024,121
GGCCTGCAAAAAGTCCACTG_025,129
GGCCTGCAAAAAGTCCACTG_026,62
GGCCTGCAAAAAGTCCACTG_027,18
GGCCTGCAAAAAGTCCACTG_028,18
GGCCTGCAAAAAGTCCACTG_029,48
GGCCTGCAAAAAGTCCACTG_030,188
GGCCTGCAAAAAGTCCACTG_031,69
GGCCTGCAAAAAGTCCACTG_032,173
GGCCTGCAAAAAGTCCACTG_033,157
GGCCTGCAAAAAGTCCACTG_034,60
GGCCTGCAAAAAGTCCACTG_035,29
GGCCTGCAAAAAGTCCACTG_036,104
GGCCTGCAAAAAGTCCACTG_037,4
GGCCTGCAAAAAGTCCACTG_038,120
GGCCTGCAAAAAGTCCACTG_039,17
GGCCTGCAAAAAGTCCACTG_040,66
GGCCTGCAAAAAGTCCACTG_041,176
GGCCTGCAAAAAGTCCACTG_042,159
TCAAGCACTTTCCTGAAGCG_001,15
TCAAGCACTTTCCTGAAGCG_002,70
TCAAGCACTTTCCTGAAGCG_003,94
TCAAGCACTTTCCTGAAGCG_004,25
TCAAGCACTTTCCTGAAGCG_005,198
TCAAGCACTTTCCTGAAGCG_006,182
TCAAGCACTTTCCTGAAGCG_007,48
TCAAGCACTTTCCTGAAGCG_008,188
TCAAGCACTTTCCTGAAGCG_009,146
TCAAGCACTTTCCTGAAGCG_010,19
TCAAGCACTTTCCTGAAGCG_011,52
TCAAGCACTTTCCTGAAGCG_012,32
TTGAGATACATGTTACTCGG_001,84
GGACCAACGACCCTAAAGAG_001,58
GGACCAACGACCCTAAAGAG_002,162
GGACCAACGACCCTAAAGAG_003,70
GGACCAACGACCCTAAAGAG_004,23
GGACCAACGACCCTAAAGAG_005,102
GGACCAACGACCCTAAAGAG_006,54
GGACCAACGACCCTAAAGAG_007,117
GGACCAACGACCCTAAAGAG_008,1
GGACCAACGACCCTAAAGAG_009,190
GGACCAACGACCCTAAAGAG_010,123
GGACCAACGACCCTAAAGAG_011,19
GGACCAACGACCCTAAAGAG_012,166
GGACCAACGACCCTAAAGAG_013,116
GGACCAACGACCCTAAAGAG_014,48
GGACCAACGACCCTAAAGAG_015,134
GGACCAACGACCCTAAAGAG_016,138
GGACCAACGACCCTAAAGAG_017,168
GTCAACACCAAGCGCCAGTG_001,71
GTCAACACCAAGCGCCAGTG_002,97
GTCAACACCAAGCGCCAGTG_003,102
GTCAACACCAAGCGCCAGTG_004,19
GTCAACACCAAGCGCCAGTG_005,129
GTCAACACCAAGCGCCAGTG_006,169
GTCAACACCAAGCGCCAGTG_007,149
GTCAACACCAAGCGCCAGTG_008,58
GTCAACACCAAGCGCCAGTG_009,98
GTCAACACCAAGCGCCAGTG_010,113
GTCAACACCAAGCGCCAGTG_011,57
GTCAACACCAAGCGCCAGTG_012,121
GTCAACACCAAGCGCCAGTG_013,11
GTCAACACCAAGCGCCAGTG_014,62
GTCAACACCAAGCGCCAGTG_015,48
GTCAACACCAAGCGCCAGTG_016,147
AAGACTTGAAAACCGACGGA_001,183
AAGACTTGAAAACCGACGGA_002,64
AAGACTTGAAAACCGACGGA_003,17
AAGACTTGAAAACCGACGGA_004,149
AAGACTTGAAAACCGACGGA_005,151
AAGACTTGAAAACCGACGGA_006,29
AAGACTTGAAAACCGACGGA_007,81
AAGACTTGAAAACCGACGGA_008,12
AAGACTTGAAAACCGACGGA_009,1
AAGACTTGAAAACCGACGGA_010,161
AAGACTTGAAAACCGACGGA_011,129
AAGACTTGAAAACCGACGGA_012,98
AAGACTTGAAAACCGACGGA_013,50
AAGACTTGAAAACCGACGGA_014,141
AAGACTTGAAAACCGACGGA_015,127
AAGACTTGAAAACCGACGGA_016,165
AAGACTTGAAAACCGACGGA_017,5
AAGACTTGAAAACCGACGGA_018,175
AAGACTTGAAAACCGACGGA_019,165
AAGACTTGAAAACCGACGGA_020,166
AAGACTTGAAAACCGACGGA_021,48
AAGACTTGAAAACCGACGGA_022,151
AAGACTTGAAAACCGACGGA_023,198
AAGACTTGAAAACCGACGGA_024,44
AAGACTTGAAAACCGACGGA_025,170
AAGACTTGAAAACCGACGGA_026,94
AAGACTTGAAAACCGACGGA_027,129
AAGACTTGAAAACCGACGGA_028,177
AAGACTTGAAAACCGACGGA_029,185
AAGACTTGAAAACCGACGGA_030,74
AAGACTTGAAAACCGACGGA_031,86
AAGACTTGAAAACCGACGGA_032,63
TTGGGCCACGAGCTCCAGAT_001,96
TTGGGCCACGAGCTCCAGAT_002,48
TTGGGCCACGAGCTCCAGAT_003,169
TTGGGCCACGAGCTCCAGAT_004,26
TTGGGCCACGAGCTCCAGAT_005,72
TTGGGCCACGAGCTCCAGAT_006,176
TTGGGCCACGAGCTCCAGAT_007,94
TTGGGCCACGAGCTCCAGAT_008,66
TTGGGCCACGAGCTCCAGAT_009,162
TTGGGCCACGAGCTCCAGAT_010,13
TTGGGCCACGAGCTCCAGAT_011,178
TTGGGCCACGAGCTCCAGAT_012,126
TTGGGCCACGAGCTCCAGAT_013,29
TTGGGCCACGAGCTCCAGAT_014,137
AGGTACTCGAAGGCCTGCGT_001,198
AGGTACTCGAAGGCCTGCGT_002,61
AGGTACTCGAAGGCCTGCGT_003,16
AGGTACTCGAAGGCCTGCGT_004,70
AGGTACTCGAAGGCCTGCGT_005,192
AGGTACTCGAAGGCCTGCGT_006,198
AGGTACTCGAAGGCCTGCGT_007,113
AGGTACTCGAAGGCCTGCGT_008,9
AGGTACTCGAAGGCCTGCGT_009,70
CTCCTATTACCCGCTCCGTA_001,154
CTCCTATTACCCGCTCCGTA_002,169
CTCCTATTACCCGCTCCGTA_003,194
CTCCTATTACCCGCTCCGTA_004,126
GGGGACACTGCAGCCTCGAG_001,56
GGGGACACTGCAGCCTCGAG_002,24
GGGGACACTGCAGCCTCGAG_003,78
GGGGACACTGCAGCCTCGAG_004,139
GGGGACACTGCAGCCTCGAG_005,17
GGGGACACTGCAGCCTCGAG_006,76
GGGGACACTGCAGCCTCGAG_007,199
TGAAGATCCACGCGGGCGCA_001,15
TGAAGATCCACGCGGGCGCA_002,190
TGAAGATCCACGCGGGCGCA_003,190
TGAAGATCCACGCGGGCGCA_004,75
TGAAGATCCACGCGGGCGCA_005,16
TGAAGATCCACGCGGGCGCA_006,8
TGAAGATCCACGCGGGCGCA_007,173
TGAAGATCCACGCGGGCGCA_008,154
TGAAGATCCACGCGGGCGCA_009,45
TGAAGATCCACGCGGGCGCA_010,58
TGAAGATCCACGCGGGCGCA_011,9
TGAAGATCCACGCGGGCGCA_012,197
TGAAGATCCACGCGGGCGCA_013,42
TGAAGATCCACGCGGGCGCA_014,148
TGAAGATCCACGCGGGCGCA_015,186
TGAAGATCCACGCGGGCGCA_016,92
TGAAGATCCACGCGGGCGCA_017,37
TGAAGATCCACGCGGGCGCA_018,148
TGAAGATCCACGCGGGCGCA_019,82
TGAAGATCCACGCGGGCGCA_020,83
TGAAGATCCACGCGGGCGCA_021,86
TGAAGATCCACGCGGGCGCA_022,176
TGAAGATCCACGCGGGCGCA_023,60
TGAAGATCCACGCGGGCGCA_024,76
TGAAGATCCACGCGGGCGCA_025,198
TGAAGATCCACGCGGGCGCA_026,169
TGAAGATCCACGCGGGCGCA_027,88
TGAAGATCCACGCGGGCGCA_028,94
TGAAGATCCACGCGGGCGCA_029,152
TGAAGATCCACGCGGGCGCA_030,48
TGAAGATCCACGCGGGCGCA_031,165
TGAAGATCCACGCGGGCGCA_032,18
TGAAGATCCACGCGGGCGCA_033,147
ATGCCAACAACATTGTACAT_001,16
ATGCCAACAACATTGTACAT_002,64
ATGCCAACAACATTGTACAT_003,16
ATGCCAACAACATTGTACAT_004,17
ATGCCAACAACATTGTACAT_005,103
ATGCCAACAACATTGTACAT_006,114
TTCTAGTTCATACAGTCACC_001,154
TTCTAGTTCATACAGTCACC_002,117
TTCTAGTTCATACAGTCACC_003,121
TTCTAGTTCATACAGTCACC_004,147
TTCTAGTTCATACAGTCACC_005,191
TTCTAGTTCATACAGTCACC_006,15
TTCTAGTTCATACAGTCACC_007,72
GTAGACACTGCCCATTATAG_001,97
GTAGACACTGCCCATTATAG_002,80
GTAGACACTGCCCATTATAG_003,81
ACTCTGCGTGATTGTACTCG_001,95
ACTCTGCGTGATTGTACTCG_002,76
ACTCTGCGTGATTGTACTCG_003,7
GCCTCATAGGAAAGCTCCAG_001,129
GCCTCATAGGAAAGCTCCAG_002,157
GCCTCATAGGAAAGCTCCAG_003,118
GCCTCATAGGAAAGCTCCAG_004,54
GCCTCATAGGAAAGCTCCAG_005,54
GCCTCATAGGAAAGCTCCAG_006,144
GCCTCATAGGAAAGCTCCAG_007,172
GCCTCATAGGAAAGCTCCAG_008,96
GCCTCATAGGAAAGCTCCAG_009,9
GCCTCATAGGAAAGCTCCAG_010,63
GCCTCATAGGAAAGCTCCAG_011,98
GCCTCATAGGAAAGCTCCAG_012,71
GCCTCATAGGAAAGCTCCAG_013,152
GCCTCATAGGAAAGCTCCAG_014,93
GCCTCATAGGAAAGCTCCAG_015,174
GCCTCATAGGAAAGCTCCAG_016,31
CAGAGTTCGAATCTCGCGAT_001,119
CAGAGTTCGAATCTCGCGAT_002,9
CAGAGTTCGAATCTCGCGAT_003,76
CAGAGTTCGAATCTCGCGAT_004,29
CAGAGTTCGAATCTCGCGAT_005,13
CAGAGTTCGAATCTCGCGAT_006,0
CAGAGTTCGAATCTCGCGAT_007,185
CAGAGTTCGAATCTCGCGAT_008,50
CAGAGTTCGAATCTCGCGAT_009,107
CAGAGTTCGAATCTCGCGAT_010,81
CAGAGTTCGAATCTCGCGAT_011,130
CAGAGTTCGAATCTCGCGAT_012,1
CAGAGTTCGAATCTCGCGAT_013,199
CAGAGTTCGAATCTCGCGAT_014,115
CAGAGTTCGAATCTCGCGAT_015,13
CGACTGATGTTTGATCACAA_001,127
CGACTGATGTTTGATCACAA_002,14
CGACTGATGTTTGATCACAA_003,115
CGACTGATGTTTGATCACAA_004,29
CGACTGATGTTTGATCACAA_005,150
CGACTGATGTTTGATCACAA_006,25
CGACTGATGTTTGATCACAA_007,91
CGACTGATGTTTGATCACAA_008,76
CGACTGATGTTTGATCACAA_009,98
CGACTGATGTTTGATCACAA_010,163
CGACTGATGTTTGATCACAA_011,40
CGACTGATGTTTGATCACAA_012,40
CGACTGATGTTTGATCACAA_013,174
ATTCGCGGATTAGGATGGGT_001,171
ATTCGCGGATTAGGATGGGT_002,153
ATTCGCGGATTAGGATGGGT_003,154
ATTCGCGGATTAGGATGGGT_004,81
ATTCGCGGATTAGGATGGGT_005,199
ATTCGCGGATTAGGATGGGT_006,54
ATTCGCGGATTAGGATGGGT_007,47
ATTCGCGGATTAGGATGGGT_008,100
ATTCGCGGATTAGGATGGGT_009,70
ATTCGCGGATTAGGATGGGT_010,83
ATTCGCGGATTAGGATGGGT_011,2
ATTCGCGGATTAGGATGGGT_012,126
ATTCGCGGATTAGGATGGGT_013,120
ATTCGCGGATTAGGATGGGT_014,156
ATTCGCGGATTAGGATGGGT_015,67
ATTCGCGGATTAGGATGGGT_016,8
ATTCGCGGATTAGGATGGGT_017,2
ATTCGCGGATTAGGATGGGT_018,107
ATTCGCGGATTAGGATGGGT_019,85
ATTCGCGGATTAGGATGGGT_020,46
ATTCGCGGATTAGGATGGGT_021,150
ATTCGCGGATTAGGATGGGT_022,144
ATTCGCGGATTAGGATGGGT_023,118
ATTCGCGGATTAGGATGGGT_024,58
ATTCGCGGATTAGGATGGGT_025,181
ATTCGCGGATTAGGATGGGT_026,88
ATTCGCGGATTAGGATGGGT_027,55
ATTCGCGGATTAGGATGGGT_028,165
ATTCGCGGATTAGGATGGGT_029,188
ATTCGCGGATTAGGATGGGT_030,155
ATTCGCGGATTAGGATGGGT_031,125
ATTCGCGGATTAGGATGGGT_032,45
CTGTGCAGATTGTCCAGCCG_001,175
CTGTGCAGATTGTCCAGCCG_002,144
CTGTGCAGATTGTCCAGCCG_003,127
CTGTGCAGATTGTCCAGCCG_004,198
CTGTGCAGATTGTCCAGCCG_005,161
CTGTGCAGATTGTCCAGCCG_006,64
CTGTGCAGATTGTCCAGCCG_007,144
CTGTGCAGATTGTCCAGCCG_008,175
CTGTGCAGATTGTCCAGCCG_009,143
CTGTGCAGATTGTCCAGCCG_010,116
CTGTGCAGATTGTCCAGCCG_011,62
CTGTGCAGATTGTCCAGCCG_012,149
CTGTGCAGATTGTCCAGCCG_013,158
CTGTGCAGATTGTCCAGCCG_014,98
CTGTGCAGATTGTCCAGCCG_015,149
CTGTGCAGATTGTCCAGCCG_016,5
CTGTGCAGATTGTCCAGCCG_017,105
CTGTGCAGATTGTCCAGCCG_018,198
CTGTGCAGATTGTCCAGCCG_019,50
CTGTGCAGATTGTCCAGCCG_020,28
CTGTGCAGATTGTCCAGCCG_021,14
CTGTGCAGATTGTCCAGCCG_022,41
CTGTGCAGATTGTCCAGCCG_023,199
GCTATACATTCATAGCACCA_001,108
GCTATACATTCATAGCACCA_002,161
AGGCCTGCCCGAATAACGAG_001,75
AGGCCTGCCCGAATAACGAG_002,18
AGGCCTGCCCGAATAACGAG_003,48
AGGCCTGCCCGAATAACGAG_004,127
AGGCCTGCCCGAATAACGAG_005,46
AGGCCTGCCCGAATAACGAG_006,77
AGGCCTGCCCGAATAACGAG_007,146
GTTGTAGGAGCCGCTAACCA_001,138
GTTGTAGGAGCCGCTAACCA_002,168
GTTGTAGGAGCCGCTAACCA_003,172
GTTGTAGGAGCCGCTAACCA_004,48
GTTGTAGGAGCCGCTAACCA_005,9
GTTGTAGGAGCCGCTAACCA_006,140
GTTGTAGGAGCCGCTAACCA_007,21
GTTGTAGGAGCCGCTAACCA_008,92
GTTGTAGGAGCCGCTAACCA_009,141
GTTGTAGGAGCCGCTAACCA_010,170
GTTGTAGGAGCCGCTAACCA_011,168
GTTGTAGGAGCCGCTAACCA_012,15
GTTGTAGGAGCCGCTAACCA_013,33
GTTGTAGGAGCCGCTAACCA_014,160
GTTGTAGGAGCCGCTAACCA_015,96
GTTGTAGGAGCCGCTAACCA_016,52
GTTGTAGGAGCCGCTAACCA_017,13
GTTGTAGGAGCCGCTAACCA_018,184
GTTGTAGGAGCCGCTAACCA_019,19
GTTGTAGGAGCCGCTAACCA_020,121
GTTGTAGGAGCCGCTAACCA_021,76
GTTGTAGGAGCCGCTAACCA_022,62
GTTGTAGGAGCCGCTAACCA_023,177
GTTGTAGGAGCCGCTAACCA_024,112
GTTGTAGGAGCCGCTAACCA_025,115
GTTGTAGGAGCCGCTAACCA_026,17
GTTGTAGGAGCCGCTAACCA_027,133
GTTGTAGGAGCCGCTAACCA_028,58
GTTGTAGGAGCCGCTAACCA_029,188
GTTGTAGGAGCCGCTAACCA_030,136
GTTGTAGGAGCCGCTAACCA_031,191
GTTGTAGGAGCCGCTAACCA_032,78
GTTGTAGGAGCCGCTAACCA_033,158
GTTGTAGGAGCCGCTAACCA_034,160
GTTGTAGGAGCCGCTAACCA_035,174
TGATGTTAACAAGCTTGAAG_001,31
TGATGTTAACAAGCTTGAAG_002,158
TGATGTTAACAAGCTTGAAG_003,50
TGATGTTAACAAGCTTGAAG_004,133
TGATGTTAACAAGCTTGAAG_005,12
TGATGTTAACAAGCTTGAAG_006,5
TGATGTTAACAAGCTTGAAG_007,45
GCACCTTGAAGAAGTCGAGG_001,113
GCACCTTGAAGAAGTCGAGG_002,32
GCACCTTGAAGAAGTCGAGG_003,128
GCACCTTGAAGAAGTCGAGG_004,73
GCACCTTGAAGAAGTCGAGG_005,54
GCACCTTGAAGAAGTCGAGG_006,87
GCACCTTGAAGAAGTCGAGG_007,87
GCACCTTGAAGAAGTCGAGG_008,88
GCACCTTGAAGAAGTCGAGG_009,0
GCACCTTGAAGAAGTCGAGG_010,170
GCACCTTGAAGAAGTCGAGG_011,35
GCACCTTGAAGAAGTCGAGG_012,174
GCACCTTGAAGAAGTCGAGG_013,19
GCACCTTGAAGAAGTCGAGG_014,13
GCACCTTGAAGAAGTCGAGG_015,71
GCACCTTGAAGAAGTCGAGG_016,61
TCATGGTTGGAAATCAACAG_001,154
TCATGGTTGGAAATCAACAG_002,47
TCATGGTTGGAAATCAACAG_003,161
TCATGGTTGGAAATCAACAG_004,34
TCATGGTTGGAAATCAACAG_005,177
TCATGGTTGGAAATCAACAG_006,5
TCATGGTTGGAAATCAACAG_007,147
TCATGGTTGGAAATCAACAG_008,81
TTTCAGCGCTCAGTTCACAA_001,15
TTTCAGCGCTCAGTTCACAA_002,8
TTTCAGCGCTCAGTTCACAA_003,21
TTTCAGCGCTCAGTTCACAA_004,69
TTTCAGCGCTCAGTTCACAA_005,132
TTTCAGCGCTCAGTTCACAA_006,122
TTTCAGCGCTCAGTTCACAA_007,130
TTTCAGCGCTCAGTTCACAA_008,51
TTTCAGCGCTCAGTTCACAA_009,10
TTTCAGCGCTCAGTTCACAA_010,188
TTTCAGCGCTCAGTTCACAA_011,91
TTTCAGCGCTCAGTTCACAA_012,70
TTTCAGCGCTCAGTTCACAA_013,162
TTTCAGCGCTCAGTTCACAA_014,100
TTTCAGCGCTCAGTTCACAA_015,47
GCCACACCCAGGACGACGGT_001,8
GCCACACCCAGGACGACGGT_002,40
GCCACACCCAGGACGACGGT_003,198
GCCACACCCAGGACGACGGT_004,50
GCCACACCCAGGACGACGGT_005,81
GCCACACCCAGGACGACGGT_006,140
GCCACACCCAGGACGACGGT_007,104
GCCACACCCAGGACGACGGT_008,137
TGTTAAACAAGTTATAGTTG_001,63
TGTTAAACAAGTTATAGTTG_002,12
GCCTCACATTCGTCCTCGAG_001,24
GCCTCACATTCGTCCTCGAG_002,28
GCCTCACATTCGTCCTCGAG_003,121
TGCAGGAATCTTCATTGCAA_001,48
TGCAGGAATCTTCATTGCAA_002,98
TGCAGGAATCTTCATTGCAA_003,9
TGCAGGAATCTTCATTGCAA_004,15
TGCAGGAATCTTCATTGCAA_005,58
TGCAGGAATCTTCATTGCAA_006,101
TGCAGGAATCTTCATTGCAA_007,38
AGAGGCGAAATGCAGCGCAG_001,115
AGAGGCGAAATGCAGCGCAG_002,11
AGAGGCGAAATGCAGCGCAG_003,116
AGAGGCGAAATGCAGCGCAG_004,150
AGAGGCGAAATGCAGCGCAG_005,174
AGAGGCGAAATGCAGCGCAG_006,1
AGAGGCGAAATGCAGCGCAG_007,147
AGAGGCGAAATGCAGCGCAG_008,199
AGAGGCGAAATGCAGCGCAG_009,50
AGAGGCGAAATGCAGCGCAG_010,50
AGAGGCGAAATGCAGCGCAG_011,139
AGAGGCGAAATGCAGCGCAG_012,128
AGAGGCGAAATGCAGCGCAG_013,103
AGAGGCGAAATGCAGCGCAG_014,8
AGAGGCGAAATGCAGCGCAG_015,172
AGAGGCGAAATGCAGCGCAG_016,148
AGAGGCGAAATGCAGCGCAG_017,47
AGAGGCGAAATGCAGCGCAG_018,63
AGAGGCGAAATGCAGCGCAG_019,128
AGAGGCGAAATGCAGCGCAG_020,47
AGAGGCGAAATGCAGCGCAG_021,29
AGAGGCGAAATGCAGCGCAG_022,107
AGAGGCGAAATGCAGCGCAG_023,77
AGAGGCGAAATGCAGCGCAG_024,81
AGAGGCGAAATGCAGCGCAG_025,113
AGAGGCGAAATGCAGCGCAG_026,177
AGAGGCGAAATGCAGCGCAG_027,21
GATGTCGGCTAACAATGATG_001,77
GATGTCGGCTAACAATGATG_002,191
GATGTCGGCTAACAATGATG_003,113
GATGTCGGCTAACAATGATG_004,33
GATGTCGGCTAACAATGATG_005,57
GATGTCGGCTAACAATGATG_006,8
GATGTCGGCTAACAATGATG_007,137
CTCAAAGATATCAGTGACGA_001,19
CTCAAAGATATCAGTGACGA_002,28
CTCAAAGATATCAGTGACGA_003,49
CTCAAAGATATCAGTGACGA_004,115
CTCAAAGATATCAGTGACGA_005,49
CTCAAAGATATCAGTGACGA_006,15
ATATTTCGGAGGCAATAAGG_001,150
ATATTTCGGAGGCAATAAGG_002,53
ATATTTCGGAGGCAATAAGG_003,7
GCTGTCCCGGCAGTACGGCT_001,147
GCTGTCCCGGCAGTACGGCT_002,124
GCTGTCCCGGCAGTACGGCT_003,120
GCTGTCCCGGCAGTACGGCT_004,82
GCTGTCCCGGCAGTACGGCT_005,51
GCTGTCCCGGCAGTACGGCT_006,176
GCTGTCCCGGCAGTACGGCT_007,43
GCTGTCCCGGCAGTACGGCT_008,179
GCTGTCCCGGCAGTACGGCT_009,113
GCTGTCCCGGCAGTACGGCT_010,172
GCTGTCCCGGCAGTACGGCT_011,50
GCTGTCCCGGCAGTACGGCT_012,48
GCTGTCCCGGCAGTACGGCT_013,175
GCTGTCCCGGCAGTACGGCT_014,94
GCTGTCCCGGCAGTACGGCT_015,149
GCTGTCCCGGCAGTACGGCT_016,144
GCTGTCCCGGCAGTACGGCT_017,160
GCTGTCCCGGCAGTACGGCT_018,78
GCTGTCCCGGCAGTACGGCT_019,81
GCTGTCCCGGCAGTACGGCT_020,30
GCTGTCCCGGCAGTACGGCT_021,103
GCTGTCCCGGCAGTACGGCT_022,177
GCTGTCCCGGCAGTACGGCT_023,185
GCTGTCCCGGCAGTACGGCT_024,157
GCTGTCCCGGCAGTACGGCT_025,29
GCTGTCCCGGCAGTACGGCT_026,191
ATAAGCAAAAGCGTCCCAGG_001,188
ATAAGCAAAAGCGTCCCAGG_002,146
ATAAGCAAAAGCGTCCCAGG_003,154
ATAAGCAAAAGCGTCCCAGG_004,174
ATAAGCAAAAGCGTCCCAGG_005,73
ATAAGCAAAAGCGTCCCAGG_006,51
ATAAGCAAAAGCGTCCCAGG_007,101
ATAAGCAAAAGCGTCCCAGG_008,47
GTATACGGATCGGTCCCTGG_001,116
GTATACGGATCGGTCCCTGG_002,60
GTATACGGATCGGTCCCTGG_003,18
GTATACGGATCGGTCCCTGG_004,56
GTATACGGATCGGTCCCTGG_005,22
GTATACGGATCGGTCCCTGG_006,172
GTATACGGATCGGTCCCTGG_007,124
TAGCTCTGCACTCCGACTCG_001,104
TAGCTCTGCACTCCGACTCG_002,117
TAGCTCTGCACTCCGACTCG_003,78
TAGCTCTGCACTCCGACTCG_004,58
TAGCTCTGCACTCCGACTCG_005,96
TAGCTCTGCACTCCGACTCG_006,198
TAGCTCTGCACTCCGACTCG_007,57
TAGCTCTGCACTCCGACTCG_008,121
CCATTGACAAATGTCCACTG_001,50
CCATTGACAAATGTCCACTG_002,162
CCATTGACAAATGTCCACTG_003,137
CCATTGACAAATGTCCACTG_004,71
CCATTGACAAATGTCCACTG_005,71
CCATTGACAAATGTCCACTG_006,180
CCATTGACAAATGTCCACTG_007,184
CCATTGACAAATGTCCACTG_008,27
CCATTGACAAATGTCCACTG_009,2
CCATTGACAAATGTCCACTG_010,12
CCATTGACAAATGTCCACTG_011,11
CCATTGACAAATGTCCACTG_012,175
CCATTGACAAATGTCCACTG_013,1
CCATTGACAAATGTCCACTG_014,188
CCATTGACAAATGTCCACTG_015,197
CTGGAGCGCACCAACCAGAG_001,53
CTGGAGCGCACCAACCAGAG_002,82
CTGGAGCGCACCAACCAGAG_003,11
CTGGAGCGCACCAACCAGAG_004,30
CTGGAGCGCACCAACCAGAG_005,136
CTGGAGCGCACCAACCAGAG_006,171
ATGCCTAAGAAAATGTACAA_001,34
ATGCCTAAGAAAATGTACAA_002,83
ATGCCTAAGAAAATGTACAA_003,71
ATGCCTAAGAAAATGTACAA_004,91
ATGCCTAAGAAAATGTACAA_005,34
ATGCCTAAGAAAATGTACAA_006,150
ATGCCTAAGAAAATGTACAA_007,110
ATGCCTAAGAAAATGTACAA_008,50
ATGCCTAAGAAAATGTACAA_009,77
ATGCCTAAGAAAATGTACAA_010,172
ATGCCTAAGAAAATGTACAA_011,38
ATGCCTAAGAAAATGTACAA_012,198
ATCTCTCTGAATTTGTCATG_001,43
ATCTCTCTGAATTTGTCATG_002,188
ATCTCTCTGAATTTGTCATG_003,83
ATCTCTCTGAATTTGTCATG_004,62
ATCTCTCTGAATTTGTCATG_005,147
ATCTCTCTGAATTTGTCATG_006,81
ATCTCTCTGAATTTGTCATG_007,178
ATCTCTCTGAATTTGTCATG_008,156
ATCTCTCTGAATTTGTCATG_009,19
ATCTCTCTGAATTTGTCATG_010,77
ATCTCTCTGAATTTGTCATG_011,134
ATCTCTCTGAATTTGTCATG_012,100
GCTGTACGCACAGGGCCCAG_001,4
GCTGTACGCACAGGGCCCAG_002,191
GCTGTACGCACAGGGCCCAG_003,50
GCACATCTTTGATGCGACGC_001,5
GCACATCTTTGATGCGACGC_002,130
GCACATCTTTGATGCGACGC_003,127
GCACATCTTTGATGCGACGC_004,60
GCACATCTTTGATGCGACGC_005,75
GCACATCTTTGATGCGACGC_006,39
TGCGGACAACAGCTGCGTGT_001,78
TGCGGACAACAGCTGCGTGT_002,7
TGCGGACAACAGCTGCGTGT_003,88
TGCGGACAACAGCTGCGTGT_004,189
TGCGGACAACAGCTGCGTGT_005,166
TGCGGACAACAGCTGCGTGT_006,109
TGCGGACAACAGCTGCGTGT_007,96
TGCGGACAACAGCTGCGTGT_008,50
TGCGGACAACAGCTGCGTGT_009,72
TGCGGACAACAGCTGCGTGT_010,176
TGCGGACAACAGCTGCGTGT_011,48
TGCGGACAACAGCTGCGTGT_012,0
TGCGGACAACAGCTGCGTGT_013,13
TGCGGACAACAGCTGCGTGT_014,184
TGCGGACAACAGCTGCGTGT_015,54
CATGGCATAAGTATAAGACA_001,116
CATGGCATAAGTATAAGACA_002,48
ACTGTCCCCTTGCCACACAG_001,160
ACTGTCCCCTTGCCACACAG_002,149
ACTGTCCCCTTGCCACACAG_003,130
ACTGTCCCCTTGCCACACAG_004,137
ACTGTCCCCTTGCCACACAG_005,190
ACTGTCCCCTTGCCACACAG_006,48
ACTGTCCCCTTGCCACACAG_007,125
ACTGTCCCCTTGCCACACAG_008,145
ACTGTCCCCTTGCCACACAG_009,185
ACTGTCCCCTTGCCACACAG_010,176
ACTGTCCCCTTGCCACACAG_011,107
ACTGTCCCCTTGCCACACAG_012,149
ACTGTCCCCTTGCCACACAG_013,82
ATGTTAACTGTGTAGAGCAG_001,5
ATGTTAACTGTGTAGAGCAG_002,26
ATGTTAACTGTGTAGAGCAG_003,42
ATGTTAACTGTGTAGAGCAG_004,102
ATGTTAACTGTGTAGAGCAG_005,41
ATGTTAACTGTGTAGAGCAG_006,199
ATGTTAACTGTGTAGAGCAG_007,3
ATGTTAACTGTGTAGAGCAG_008,122
ATGTTAACTGTGTAGAGCAG_009,147
ATGTTAACTGTGTAGAGCAG_010,105
ATGTTAACTGTGTAGAGCAG_011,16
ATGTTAACTGTGTAGAGCAG_012,91
ATGTTAACTGTGTAGAGCAG_013,30
ATGTTAACTGTGTAGAGCAG_014,158
ATGTTAACTGTGTAGAGCAG_015,197
ATGTTAACTGTGTAGAGCAG_016,176
ATGTTAACTGTGTAGAGCAG_017,150
ATGTTAACTGTGTAGAGCAG_018,17
ATGTTAACTGTGTAGAGCAG_019,127
ATGTTAACTGTGTAGAGCAG_020,51
ATGTTAACTGTGTAGAGCAG_021,15
ATGTTAACTGTGTAGAGCAG_022,143
ATGTTAACTGTGTAGAGCAG_023,138
ATGTTAACTGTGTAGAGCAG_024,63
ATGTTAACTGTGTAGAGCAG_025,40
ATGTTAACTGTGTAGAGCAG_026,27
ATGTTAACTGTGTAGAGCAG_027,152
ATGTTAACTGTGTAGAGCAG_028,152
ATGTTAACTGTGTAGAGCAG_029,127
ATGTTAACTGTGTAGAGCAG_030,155
AATCATAACGATCAGAGTCG_001,145
AATCATAACGATCAGAGTCG_002,105
AATCATAACGATCAGAGTCG_003,0
AATCATAACGATCAGAGTCG_004,16
GGGTCTCTGTCTGATAGCTG_001,2
GGGTCTCTGTCTGATAGCTG_002,184
GGGTCTCTGTCTGATAGCTG_003,161
GGGTCTCTGTCTGATAGCTG_004,145
GGGTCTCTGTCTGATAGCTG_005,170
GGGTCTCTGTCTGATAGCTG_006,48
GGGTCTCTGTCTGATAGCTG_007,22
TATGGTGGGCGATGAACAGT_001,61
TATGGTGGGCGATGAACAGT_002,93
TATGGTGGGCGATGAACAGT_003,93
TATGGTGGGCGATGAACAGT_004,93
TATGGTGGGCGATGAACAGT_005,150
TATGGTGGGCGATGAACAGT_006,157
TATGGTGGGCGATGAACAGT_007,119
TATGGTGGGCGATGAACAGT_008,131
AAGTTGTAGAATGCCGACTG_001,50
AAGTTGTAGAATGCCGACTG_002,147
AAGTTGTAGAATGCCGACTG_003,103
AAGTTGTAGAATGCCGACTG_004,157
GGAGATGCTAAGGATCGAGC_001,73
GGAGATGCTAAGGATCGAGC_002,192
GGAGATGCTAAGGATCGAGC_003,98
GGAGATGCTAAGGATCGAGC_004,57
GCCGCCCGTTCCTTCTTCCA_001,70
GCCGCCCGTTCCTTCTTCCA_002,134
GCCGCCCGTTCCTTCTTCCA_003,28
GCCGCCCGTTCCTTCTTCCA_004,174
GCCGCCCGTTCCTTCTTCCA_005,75
GCCGCCCGTTCCTTCTTCCA_006,85
GCCGCCCGTTCCTTCTTCCA_007,81
GCCGCCCGTTCCTTCTTCCA_008,65
GCCGCCCGTTCCTTCTTCCA_009,115
GCCGCCCGTTCCTTCTTCCA_010,184
GCCGCCCGTTCCTTCTTCCA_011,168
GCCGCCCGTTCCTTCTTCCA_012,94
ACCAGTAAGCCAGTAAGAAG_001,169
ACCAGTAAGCCAGTAAGAAG_002,16
ACCAGTAAGCCAGTAAGAAG_003,160
ACCAGTAAGCCAGTAAGAAG_004,115
ACCAGTAAGCCAGTAAGAAG_005,160
ACCAGTAAGCCAGTAAGAAG_006,83
ACCAGTAAGCCAGTAAGAAG_007,174
AGGGTCACAAGCTTCGAACG_001,130
AGGGTCACAAGCTTCGAACG_002,101
AGGGTCACAAGCTTCGAACG_003,48
AGGGTCACAAGCTTCGAACG_004,3
AGGGTCACAAGCTTCGAACG_005,127
AGGGTCACAAGCTTCGAACG_006,158
AGGGTCACAAGCTTCGAACG_007,82
CAAAGTAAACAACAGTGAGA_001,106
CAAAGTAAACAACAGTGAGA_002,191
CAAAGTAAACAACAGTGAGA_003,127
CAAAGTAAACAACAGTGAGA_004,32
CAAAGTAAACAACAGTGAGA_005,193
CAAAGTAAACAACAGTGAGA_006,0
CAAAGTAAACAACAGTGAGA_007,170
CAAAGTAAACAACAGTGAGA_008,152
CAAAGTAAACAACAGTGAGA_009,58
CAAAGTAAACAACAGTGAGA_010,105
CAAAGTAAACAACAGTGAGA_011,13
GTCTGATGAGGCTCTACTAA_001,62
GTCTGATGAGGCTCTACTAA_002,181
GTCTGATGAGGCTCTACTAA_003,147
GTCTGATGAGGCTCTACTAA_004,196
TGAAACTGGGAGCCTTAGGT_001,9
TGAAACTGGGAGCCTTAGGT_002,197
TGAAACTGGGAGCCTTAGGT_003,62
GTTCAAGCATTCGAAGACAC_001,184
GTTCAAGCATTCGAAGACAC_002,53
AAGCGCTTCCCATAGAGTGA_001,105
AAGCGCTTCCCATAGAGTGA_002,150
AAGCGCTTCCCATAGAGTGA_003,158
CCTTGGTCCTCCTACCCCCG_001,13
CCTTGGTCCTCCTACCCCCG_002,85
CCTTGGTCCTCCTACCCCCG_003,46
CCTTGGTCCTCCTACCCCCG_004,177
CCTTGGTCCTCCTACCCCCG_005,45
CCTTGGTCCTCCTACCCCCG_006,83
CCTTGGTCCTCCTACCCCCG_007,99
GTGTGCTCAAAATCAGATGG_001,28
GTGTGCTCAAAATCAGATGG_002,168
GTGTGCTCAAAATCAGATGG_003,36
GTGTGCTCAAAATCAGATGG_004,154
GTGTGCTCAAAATCAGATGG_005,152
AGCAGCCGGAACTCTAGCAT_001,142
AGCAGCCGGAACTCTAGCAT_002,97
AGCAGCCGGAACTCTAGCAT_003,7
AGCAGCCGGAACTCTAGCAT_004,94
AGCAGCCGGAACTCTAGCAT_005,168
AGCAGCCGGAACTCTAGCAT_006,4
AGCAGCCGGAACTCTAGCAT_007,141
AGCAGCCGGAACTCTAGCAT_008,141
AGCAGCCGGAACTCTAGCAT_009,35
AGCAGCCGGAACTCTAGCAT_010,102
AACAGGTAAGACGCCCCCCG_001,94
AACAGGTAAGACGCCCCCCG_002,148
AACAGGTAAGACGCCCCCCG_003,94
AACAGGTAAGACGCCCCCCG_004,96
AACAGGTAAGACGCCCCCCG_005,177
AACAGGTAAGACGCCCCCCG_006,62
AACAGGTAAGACGCCCCCCG_007,13
AACAGGTAAGACGCCCCCCG_008,38
AACAGGTAAGACGCCCCCCG_009,37
AACAGGTAAGACGCCCCCCG_010,15
AACAGGTAAGACGCCCCCCG_011,15
AACAGGTAAGACGCCCCCCG_012,12
GGCACTTACTGAGATAAATG_001,38
GGCACTTACTGAGATAAATG_002,8
AGTGACTTAGATGCTAAGAG_001,60
AGTGACTTAGATGCTAAGAG_002,124
AGTGACTTAGATGCTAAGAG_003,160
AGTGACTTAGATGCTAAGAG_004,98
AGTGACTTAGATGCTAAGAG_005,185
AGTGACTTAGATGCTAAGAG_006,187
AGTGACTTAGATGCTAAGAG_007,190
AGTGACTTAGATGCTAAGAG_008,12
AGTGACTTAGATGCTAAGAG_009,19
AGTGACTTAGATGCTAAGAG_010,198
AGTGACTTAGATGCTAAGAG_011,174
AGTGACTTAGATGCTAAGAG_012,184
AGTGACTTAGATGCTAAGAG_013,61
CAGACTAAACTTGCAGACCA_001,132
CAGACTAAACTTGCAGACCA_002,94
CAGACTAAACTTGCAGACCA_003,179
CAGACTAAACTTGCAGACCA_004,13
CAGACTAAACTTGCAGACCA_005,4
CAGACTAAACTTGCAGACCA_006,23
CAGACTAAACTTGCAGACCA_007,17
CAGACTAAACTTGCAGACCA_008,29
CAGACTAAACTTGCAGACCA_009,167
CAGACTAAACTTGCAGACCA_010,159
CAGACTAAACTTGCAGACCA_011,171
CAGACTAAACTTGCAGACCA_012,81
CAGACTAAACTTGCAGACCA_013,6
CAGACTAAACTTGCAGACCA_014,15
CAGACTAAACTTGCAGACCA_015,123
CAGACTAAACTTGCAGACCA_016,147
CAGACTAAACTTGCAGACCA_017,163
CAGACTAAACTTGCAGACCA_018,130
AAAGCTTCTGATCTGAGTCC_001,8
AAAGCTTCTGATCTGAGTCC_002,194
AAAGCTTCTGATCTGAGTCC_003,50
CGTAAGGTATACAACATCCG_001,43
CGTAAGGTATACAACATCCG_002,105
CGTAAGGTATACAACATCCG_003,191
GCTCATGGTCTACCGACGGG_001,4
GCTCATGGTCTACCGACGGG_002,172
GCTCATGGTCTACCGACGGG_003,56
GCTCATGGTCTACCGACGGG_004,63
GCTCATGGTCTACCGACGGG_005,58
GCTCATGGTCTACCGACGGG_006,186
GCTCATGGTCTACCGACGGG_007,95
GGCATTTCACCGAATTAGGC_001,50
GGCATTTCACCGAATTAGGC_002,68
GGCATTTCACCGAATTAGGC_003,0
GGCATTTCACCGAATTAGGC_004,1
GGCATTTCACCGAATTAGGC_005,174
GGCATTTCACCGAATTAGGC_006,160
GGCATTTCACCGAATTAGGC_007,62
GGCATTTCACCGAATTAGGC_008,120
ATGCTGCCCAGAGCAAAACG_001,176
ATGCTGCCCAGAGCAAAACG_002,162
ATGCTGCCCAGAGCAAAACG_003,174
ATGCTGCCCAGAGCAAAACG_004,171
GAGCGGGAGTACATCCGCCA_001,8
GAGCGGGAGTACATCCGCCA_002,0
GAGCGGGAGTACATCCGCCA_003,48
GAGCGGGAGTACATCCGCCA_004,150
GAGCGGGAGTACATCCGCCA_005,34
GAGCGGGAGTACATCCGCCA_006,168
GAGCGGGAGTACATCCGCCA_007,93
GAGCGGGAGTACATCCGCCA_008,46
GAGCGGGAGTACATCCGCCA_009,155
GAGCGGGAGTACATCCGCCA_010,73
GAGCGGGAGTACATCCGCCA_011,6
GAGCGGGAGTACATCCGCCA_012,146
GAGCGGGAGTACATCCGCCA_013,149
GAGCGGGAGTACATCCGCCA_014,4
GAGCGGGAGTACATCCGCCA_015,101
GAGCGGGAGTACATCCGCCA_016,81
GAGCGGGAGTACATCCGCCA_017,83
GAGCGGGAGTACATCCGCCA_018,85
GAGCGGGAGTACATCCGCCA_019,156
GAGCGGGAGTACATCCGCCA_020,45
GAGCGGGAGTACATCCGCCA_021,170
GAGCGGGAGTACATCCGCCA_022,3
GAGCGGGAGTACATCCGCCA_023,138
GAGCGGGAGTACATCCGCCA_024,81
GAGCGGGAGTACATCCGCCA_025,138
GAGCGGGAGTACATCCGCCA_026,106
GGCCGCCAGCCACACCGTGC_001,56
GGCCGCCAGCCACACCGTGC_002,183
GGCCGCCAGCCACACCGTGC_003,84
GGCCGCCAGCCACACCGTGC_004,58
GGCCGCCAGCCACACCGTGC_005,168
GGCCGCCAGCCACACCGTGC_006,133
GGCCGCCAGCCACACCGTGC_007,49
GGCCGCCAGCCACACCGTGC_008,62
GGCCGCCAGCCACACCGTGC_009,116
GGCCGCCAGCCACACCGTGC_010,97
GGCCGCCAGCCACACCGTGC_011,68
GGCCGCCAGCCACACCGTGC_012,147
GGCCGCCAGCCACACCGTGC_013,119
GGCCGCCAGCCACACCGTGC_014,21
GGCCGCCAGCCACACCGTGC_015,112
GGCCGCCAGCCACACCGTGC_016,22
GGCCGCCAGCCACACCGTGC_017,67
AGTTTATGCTGCCACTGCTA_001,126
AGTTTATGCTGCCACTGCTA_002,137
AGTTTATGCTGCCACTGCTA_003,126
AGTTTATGCTGCCACTGCTA_004,48
AGTTTATGCTGCCACTGCTA_005,59
AGTTTATGCTGCCACTGCTA_006,146
AGTTTATGCTGCCACTGCTA_007,119
CTGCCAGAGAGGCCTTAATG_001,49
CTGCCAGAGAGGCCTTAATG_002,147
CTGCCAGAGAGGCCTTAATG_003,80
GCACCTAGACCTGTCCAATG_001,134
GCACCTAGACCTGTCCAATG_002,52
GCACCTAGACCTGTCCAATG_003,56
GCACCTAGACCTGTCCAATG_004,97
GCACCTAGACCTGTCCAATG_005,57
GCACCTAGACCTGTCCAATG_006,122
GCACCTAGACCTGTCCAATG_007,41
GCACCTAGACCTGTCCAATG_008,199
GCACCTAGACCTGTCCAATG_009,39
GCACCTAGACCTGTCCAATG_010,168
TATCAGAAACCCCTGTAGCT_001,150
TATCAGAAACCCCTGTAGCT_002,145
TATCAGAAACCCCTGTAGCT_003,105
TATCAGAAACCCCTGTAGCT_004,65
TATCAGAAACCCCTGTAGCT_005,197
TATCAGAAACCCCTGTAGCT_006,117
TATCAGAAACCCCTGTAGCT_007,149
TATCAGAAACCCCTGTAGCT_008,44
TATCAGAAACCCCTGTAGCT_009,88
TATCAGAAACCCCTGTAGCT_010,35
TATCAGAAACCCCTGTAGCT_011,141
TATCAGAAACCCCTGTAGCT_012,134
TATCAGAAACCCCTGTAGCT_013,148
TATCAGAAACCCCTGTAGCT_014,184
TATCAGAAACCCCTGTAGCT_015,122
TATCAGAAACCCCTGTAGCT_016,169
TATCAGAAACCCCTGTAGCT_017,1
TATCAGAAACCCCTGTAGCT_018,118
TATCAGAAACCCCTGTAGCT_019,150
TATCAGAAACCCCTGTAGCT_020,160
GGAAATCGTACTGCTCGTCC_001,146
GGAAATCGTACTGCTCGTCC_002,68
GGAAATCGTACTGCTCGTCC_003,17
GGAAATCGTACTGCTCGTCC_004,46
GGAAATCGTACTGCTCGTCC_005,108
GCTTGGCCCGAACCGTATAG_001,115
GCTTGGCCCGAACCGTATAG_002,152
GCTTGGCCCGAACCGTATAG_003,137
GCTTGGCCCGAACCGTATAG_004,102
GCTTGGCCCGAACCGTATAG_005,50
GCTTGGCCCGAACCGTATAG_006,9
GCTTGGCCCGAACCGTATAG_007,174
GCTTGGCCCGAACCGTATAG_008,161
GCTTGGCCCGAACCGTATAG_009,171
GCTTGGCCCGAACCGTATAG_010,29
GCTTGGCCCGAACCGTATAG_011,119
GCTTGGCCCGAACCGTATAG_012,185
GCTTGGCCCGAACCGTATAG_013,2
GCTTGGCCCGAACCGTATAG_014,199
GCTTGGCCCGAACCGTATAG_015,130
GCTTGGCCCGAACCGTATAG_016,96
GCTTGGCCCGAACCGTATAG_017,48
GCTTGGCCCGAACCGTATAG_018,122
GCTTGGCCCGAACCGTATAG_019,70
GCTTGGCCCGAACCGTATAG_020,191
GCTTGGCCCGAACCGTATAG_021,52
GGATCAGTAAAGGCTTATGT_001,15
GGATCAGTAAAGGCTTATGT_002,61
GGATCAGTAAAGGCTTATGT_003,2
TGGCGGCCTTGCCTCTATCG_001,187
TGGCGGCCTTGCCTCTATCG_002,174
TGGCGGCCTTGCCTCTATCG_003,13
TGGCGGCCTTGCCTCTATCG_004,160
TGGCGGCCTTGCCTCTATCG_005,115
TTCTCTCCAAGACGTTGCAA_001,22
TTCTCTCCAAGACGTTGCAA_002,28
TTCTCTCCAAGACGTTGCAA_003,134
TTCTCTCCAAGACGTTGCAA_004,104
TTCTCTCCAAGACGTTGCAA_005,152
TTCTCTCCAAGACGTTGCAA_006,132
TTCTCTCCAAGACGTTGCAA_007,108
TTCTCTCCAAGACGTTGCAA_008,76
TTCTCTCCAAGACGTTGCAA_009,76
TTCTCTCCAAGACGTTGCAA_010,8
TTCTCTCCAAGACGTTGCAA_011,49
TTCTCTCCAAGACGTTGCAA_012,62
TTCTCTCCAAGACGTTGCAA_013,7
TTCTCTCCAAGACGTTGCAA_014,102
TTCTCTCCAAGACGTTGCAA_015,62
TTCTCTCCAAGACGTTGCAA_016,141
TTCTCTCCAAGACGTTGCAA_017,38
TTCTCTCCAAGACGTTGCAA_018,3
TTCTCTCCAAGACGTTGCAA_019,2
TTCTCTCCAAGACGTTGCAA_020,125
AACTCAAGCACACTTACCTG_001,151
AACTCAAGCACACTTACCTG_002,4
AACTCAAGCACACTTACCTG_003,50
AACTCAAGCACACTTACCTG_004,111
AACTCAAGCACACTTACCTG_005,175
AACTCAAGCACACTTACCTG_006,31
AACTCAAGCACACTTACCTG_007,92
AACTCAAGCACACTTACCTG_008,175
AACTCAAGCACACTTACCTG_009,81
AACTCAAGCACACTTACCTG_010,129
AACTCAAGCACACTTACCTG_011,52
AACTCAAGCACACTTACCTG_012,15
AACTCAAGCACACTTACCTG_013,27
AACTCAAGCACACTTACCTG_014,182
AACTCAAGCACACTTACCTG_015,114
AACTCAAGCACACTTACCTG_016,198
AACTCAAGCACACTTACCTG_017,70
AACTCAAGCACACTTACCTG_018,61
AACTCAAGCACACTTACCTG_019,28
AACTCAAGCACACTTACCTG_020,179
ATGTGTCCGTCACATTAGAT_001,80
ATGTGTCCGTCACATTAGAT_002,48
ATGTGTCCGTCACATTAGAT_003,178
ATGTGTCCGTCACATTAGAT_004,17
ATGTGTCCGTCACATTAGAT_005,29
ATGTGTCCGTCACATTAGAT_006,16
ATGTGTCCGTCACATTAGAT_007,93
ATGTGTCCGTCACATTAGAT_008,66
ATGTGTCCGTCACATTAGAT_009,44
ATGTGTCCGTCACATTAGAT_010,41
ATGTGTCCGTCACATTAGAT_011,169
ATGTGTCCGTCACATTAGAT_012,9
ATGTGTCCGTCACATTAGAT_013,91
CTGCGCTACAACCGGCAGGG_001,40
CTGCGCTACAACCGGCAGGG_002,7
CTGCGCTACAACCGGCAGGG_003,135
CTGCGCTACAACCGGCAGGG_004,75
CTGCGCTACAACCGGCAGGG_005,110
CTGCGCTACAACCGGCAGGG_006,8
CTGCGCTACAACCGGCAGGG_007,182
CTGCGCTACAACCGGCAGGG_008,60
CAAATACTCTTACAAGACCG_001,199
CAAATACTCTTACAAGACCG_002,58
GGTCTCAGTGAATCCCACTC_001,68
GGTCTCAGTGAATCCCACTC_002,195
GGTCTCAGTGAATCCCACTC_003,166
GGTCTCAGTGAATCCCACTC_004,167
GGTCTCAGTGAATCCCACTC_005,102
GGTCTCAGTGAATCCCACTC_006,63
GGTCTCAGTGAATCCCACTC_007,94
GGTCTCAGTGAATCCCACTC_008,130
GGTCTCAGTGAATCCCACTC_009,79
GGTCTCAGTGAATCCCACTC_010,132
GGTCTCAGTGAATCCCACTC_011,152
TCCCCACATGAAGTCCACTG_001,8
TCCCCACATGAAGTCCACTG_002,181
TCCCCACATGAAGTCCACTG_003,15
TCCCCACATGAAGTCCACTG_004,63
TGCTCACCACACCGGCCTCG_001,103
TGCTCACCACACCGGCCTCG_002,127
TGCTCACCACACCGGCCTCG_003,30
TGCTCACCACACCGGCCTCG_004,172
ATTAACTACTACCTCTCGGG_001,191
ATTAACTACTACCTCTCGGG_002,70
ATTAACTACTACCTCTCGGG_003,86
ATTAACTACTACCTCTCGGG_004,171
ATTAACTACTACCTCTCGGG_005,70
ATTAACTACTACCTCTCGGG_006,20
TCTAGGCAGCAGAAATGCAG_001,149
TCTAGGCAGCAGAAATGCAG_002,19
TCTAGGCAGCAGAAATGCAG_003,12
TCTAGGCAGCAGAAATGCAG_004,189
TCTAGGCAGCAGAAATGCAG_005,88
TCTAGGCAGCAGAAATGCAG_006,88
TCTAGGCAGCAGAAATGCAG_007,184
TCTAGGCAGCAGAAATGCAG_008,147
TCTAGGCAGCAGAAATGCAG_009,15
TCTAGGCAGCAGAAATGCAG_010,130
TCTAGGCAGCAGAAATGCAG_011,62
TCTAGGCAGCAGAAATGCAG_012,48
TCTAGGCAGCAGAAATGCAG_013,144
TCTAGGCAGCAGAAATGCAG_014,11
TCTAGGCAGCAGAAATGCAG_015,183
TCTAGGCAGCAGAAATGCAG_016,62
TCTAGGCAGCAGAAATGCAG_017,32
TCTAGGCAGCAGAAATGCAG_018,72
TCTAGGCAGCAGAAATGCAG_019,115
TCTAGGCAGCAGAAATGCAG_020,50
TCTAGGCAGCAGAAATGCAG_021,30
TCTAGGCAGCAGAAATGCAG_022,175
TCTAGGCAGCAGAAATGCAG_023,105
TCTAGGCAGCAGAAATGCAG_024,1
TCTAGGCAGCAGAAATGCAG_025,63
TCTAGGCAGCAGAAATGCAG_026,127
TCTAGGCAGCAGAAATGCAG_027,70
TCTAGGCAGCAGAAATGCAG_028,10
CACCATTGCTCAGGATTATG_001,115
CACCATTGCTCAGGATTATG_002,128
CACCATTGCTCAGGATTATG_003,105
CACCATTGCTCAGGATTATG_004,141
CCTCAACCTTACCTGAGGGT_001,168
CCTCAACCTTACCTGAGGGT_002,76
CCTCAACCTTACCTGAGGGT_003,147
CCTCAACCTTACCTGAGGGT_004,150
CCTCAACCTTACCTGAGGGT_005,150
CCTCAACCTTACCTGAGGGT_006,84
TCAGGAAGCCAACTAGCCGA_001,4
TCAGGAAGCCAACTAGCCGA_002,23
TCAGGAAGCCAACTAGCCGA_003,113
TCAGGAAGCCAACTAGCCGA_004,69
TCAGGAAGCCAACTAGCCGA_005,152
TCAGGAAGCCAACTAGCCGA_006,83
TCAGGAAGCCAACTAGCCGA_007,85
TCAGGAAGCCAACTAGCCGA_008,68
TCAGGAAGCCAACTAGCCGA_009,41
TCAGGAAGCCAACTAGCCGA_010,107
TCAGGAAGCCAACTAGCCGA_011,93
TCAGGAAGCCAACTAGCCGA_012,94
TCAGGAAGCCAACTAGCCGA_013,157
TCAGGAAGCCAACTAGCCGA_014,34
ATTGCGCACGAACTTCAGTA_001,198
ATTGCGCACGAACTTCAGTA_002,82
ATTGCGCACGAACTTCAGTA_003,122
TGGGAAATGGGATTATCCTG_001,157
TGGGAAATGGGATTATCCTG_002,17
TGGGAAATGGGATTATCCTG_003,32
TGTAATCTGAACGGTCATGG_001,105
TGTAATCTGAACGGTCATGG_002,81
TGTAATCTGAACGGTCATGG_003,72
TGTAATCTGAACGGTCATGG_004,155
TGTAATCTGAACGGTCATGG_005,29
TGTAATCTGAACGGTCATGG_006,28
TGTAATCTGAACGGTCATGG_007,131
TGTAATCTGAACGGTCATGG_008,39
GAGAGTCTTACCACAACCTG_001,105
GAGAGTCTTACCACAACCTG_002,98
GAGAGTCTTACCACAACCTG_003,121
GAGAGTCTTACCACAACCTG_004,32
GAGAGTCTTACCACAACCTG_005,127
GAGAGTCTTACCACAACCTG_006,21
GAGAGTCTTACCACAACCTG_007,196
GAGAGTCTTACCACAACCTG_008,184
GAGAGTCTTACCACAACCTG_009,50
GAGAGTCTTACCACAACCTG_010,188
TGAAAACATACCCAGAACAG_001,8
TTTAGCCCACTGTATCAGTG_001,130
TTTAGCCCACTGTATCAGTG_002,162
TTTAGCCCACTGTATCAGTG_003,1
AGTGGGGGTACTACTTCGAA_001,158
AGTGGGGGTACTACTTCGAA_002,137
TCAAATCAGTAAGGCTTACG_001,141
TCAAATCAGTAAGGCTTACG_002,88
TCAAATCAGTAAGGCTTACG_003,168
TCAAATCAGTAAGGCTTACG_004,104
CAGAGCGTGGCGAGGAACAG_001,20
CAGAGCGTGGCGAGGAACAG_002,72
CAGAGCGTGGCGAGGAACAG_003,119
CAGAGCGTGGCGAGGAACAG_004,6
CAGAGCGTGGCGAGGAACAG_005,80
CAGAGCGTGGCGAGGAACAG_006,2
CAGAGCGTGGCGAGGAACAG_007,75
TGAGAAAGCTGTCTTCTATG_001,192
TTGTTGGCCGCCAAACCGGG_001,159
TTGTTGGCCGCCAAACCGGG_002,61
TTGTTGGCCGCCAAACCGGG_003,61
TTGTTGGCCGCCAAACCGGG_004,165
TTGTTGGCCGCCAAACCGGG_005,58
TTGTTGGCCGCCAAACCGGG_006,119
TTGTTGGCCGCCAAACCGGG_007,187
TTGTTGGCCGCCAAACCGGG_008,126
TTGTTGGCCGCCAAACCGGG_009,155
TTGTTGGCCGCCAAACCGGG_010,78
CCCACCTGGTAAGTGATGTC_001,169
CCCACCTGGTAAGTGATGTC_002,184
CCAGTAAATAGACAGCAAGA_001,62
GGAAGTAGAGGACCGGCCTG_001,145
GGAAGTAGAGGACCGGCCTG_002,148
GGAAGTAGAGGACCGGCCTG_003,151
GGAAGTAGAGGACCGGCCTG_004,125
GGAAGTAGAGGACCGGCCTG_005,0
GGAAGTAGAGGACCGGCCTG_006,94
GGAAGTAGAGGACCGGCCTG_007,43
GGAAGTAGAGGACCGGCCTG_008,170
GGAAGTAGAGGACCGGCCTG_009,175
GGAAGTAGAGGACCGGCCTG_010,190
GGAAGTAGAGGACCGGCCTG_011,140
GGAAGTAGAGGACCGGCCTG_012,145
GGAAGTAGAGGACCGGCCTG_013,50
GGAAGTAGAGGACCGGCCTG_014,174
TCAATGTGTCCCCATCGGCG_001,54
TCAATGTGTCCCCATCGGCG_002,96
TCAATGTGTCCCCATCGGCG_003,51
GCCCACAGAGATGTGACGGG_001,6
GCCCACAGAGATGTGACGGG_002,36
GCCCACAGAGATGTGACGGG_003,60
GCCCACAGAGATGTGACGGG_004,153
GCCCACAGAGATGTGACGGG_005,48
GCCCACAGAGATGTGACGGG_006,131
GCCCACAGAGATGTGACGGG_007,92
GCCCACAGAGATGTGACGGG_008,159
GCCCACAGAGATGTGACGGG_009,150
GCCCACAGAGATGTGACGGG_010,70
GCCCACAGAGATGTGACGGG_011,40
GCCCACAGAGATGTGACGGG_012,33
GCCCACAGAGATGTGACGGG_013,132
GCCCACAGAGATGTGACGGG_014,1
GCCCACAGAGATGTGACGGG_015,163
GCCCACAGAGATGTGACGGG_016,181
GCCCACAGAGATGTGACGGG_017,94
GCCCACAGAGATGTGACGGG_018,34
GCCCACAGAGATGTGACGGG_019,56
GCCCACAGAGATGTGACGGG_020,175
GCCCACAGAGATGTGACGGG_021,155
GCCCACAGAGATGTGACGGG_022,65
GCCCACAGAGATGTGACGGG_023,76
GCCCACAGAGATGTGACGGG_024,27
GCCCACAGAGATGTGACGGG_025,76
GCCCACAGAGATGTGACGGG_026,130
GCCCACAGAGATGTGACGGG_027,89
GCGCTGGTCTGGACGTGCAG_001,116
GCGCTGGTCTGGACGTGCAG_002,50
GCGCTGGTCTGGACGTGCAG_003,17
GCGCTGGTCTGGACGTGCAG_004,67
TCCTTCAGGGGAAATAGAAG_001,14
TCCTTCAGGGGAAATAGAAG_002,49
GCAGAGTATCAGCTCATGAC_001,146
GCAGAGTATCAGCTCATGAC_002,94
CACAGAAGGAGCCTACCGGG_001,60
CACAGAAGGAGCCTACCGGG_002,172
CACAGAAGGAGCCTACCGGG_003,108
CACAGAAGGAGCCTACCGGG_004,9
CACAGAAGGAGCCTACCGGG_005,193
CACAGAAGGAGCCTACCGGG_006,11
CACAGAAGGAGCCTACCGGG_007,195
CACAGAAGGAGCCTACCGGG_008,40
CACAGAAGGAGCCTACCGGG_009,12
CACAGAAGGAGCCTACCGGG_010,8
CACAGAAGGAGCCTACCGGG_011,48
CACAGAAGGAGCCTACCGGG_012,8
CACAGAAGGAGCCTACCGGG_013,72
CACAGAAGGAGCCTACCGGG_014,58
CACAGAAGGAGCCTACCGGG_015,1
CACAGAAGGAGCCTACCGGG_016,147
CACAGAAGGAGCCTACCGGG_017,178
CACAGAAGGAGCCTACCGGG_018,47
CACAGAAGGAGCCTACCGGG_019,199
CACAGAAGGAGCCTACCGGG_020,155
CACAGAAGGAGCCTACCGGG_021,46
CACAGAAGGAGCCTACCGGG_022,138
CACAGAAGGAGCCTACCGGG_023,33
CACAGAAGGAGCCTACCGGG_024,192
CACAGAAGGAGCCTACCGGG_025,118
CACAGAAGGAGCCTACCGGG_026,114
CACAGAAGGAGCCTACCGGG_027,15
GGTTTGTGGATTGTTATCTG_001,165
CCTCACCGGACTCTCCACAT_001,145
CCTCACCGGACTCTCCACAT_002,185
CCTCACCGGACTCTCCACAT_003,19
CCTCACCGGACTCTCCACAT_004,116
CCTCACCGGACTCTCCACAT_005,158
CCTCACCGGACTCTCCACAT_006,198
CCTCACCGGACTCTCCACAT_007,158
CCTCACCGGACTCTCCACAT_008,53
CCTCACCGGACTCTCCACAT_009,160
CCTCACCGGACTCTCCACAT_010,55
CCTCACCGGACTCTCCACAT_011,23
CCTCACCGGACTCTCCACAT_012,140
CCTCACCGGACTCTCCACAT_013,34
CCTCACCGGACTCTCCACAT_014,56
CCTCACCGGACTCTCCACAT_015,52
AACTGATGAGGCCATGACAG_001,84
AACTGATGAGGCCATGACAG_002,114
AACTGATGAGGCCATGACAG_003,114
AACTGATGAGGCCATGACAG_004,64
AACTGATGAGGCCATGACAG_005,48
AACTGATGAGGCCATGACAG_006,130
AACTGATGAGGCCATGACAG_007,163
AACTGATGAGGCCATGACAG_008,85
AACTGATGAGGCCATGACAG_009,29
AACTGATGAGGCCATGACAG_010,48
AACTGATGAGGCCATGACAG_011,60
AACTGATGAGGCCATGACAG_012,166
AACTGATGAGGCCATGACAG_013,28
AACTGATGAGGCCATGACAG_014,153
AACTGATGAGGCCATGACAG_015,138
TCTGGTCCTACCTAAGGCAA_001,36
TCTGGTCCTACCTAAGGCAA_002,169
TCTGGTCCTACCTAAGGCAA_003,89
TCTGGTCCTACCTAAGGCAA_004,36
GTGAGAAAAAGTCCGACTCC_001,49
GTGAGAAAAAGTCCGACTCC_002,117
TGCAAGACGAATTTGACTAC_001,82
TGCAAGACGAATTTGACTAC_002,166
TGCAAGACGAATTTGACTAC_003,69
TGCAAGACGAATTTGACTAC_004,137
TGCAAGACGAATTTGACTAC_005,183
TGCAAGACGAATTTGACTAC_006,120
TGCAAGACGAATTTGACTAC_007,199
TGCAAGACGAATTTGACTAC_008,173
TGCAAGACGAATTTGACTAC_009,135
TGCAAGACGAATTTGACTAC_010,146
TGCAAGACGAATTTGACTAC_011,66
TGCAAGACGAATTTGACTAC_012,107
TGCAAGACGAATTTGACTAC_013,168
TGCAAGACGAATTTGACTAC_014,184
CCAGGTCGAGCAGCGAGTAG_001,151
CCAGGTCGAGCAGCGAGTAG_002,172
CCAGGTCGAGCAGCGAGTAG_003,134
CCAGGTCGAGCAGCGAGTAG_004,8
CCAGGTCGAGCAGCGAGTAG_005,103
CCAGGTCGAGCAGCGAGTAG_006,37
CCAGGTCGAGCAGCGAGTAG_007,70
CCAGGTCGAGCAGCGAGTAG_008,32
CCAGGTCGAGCAGCGAGTAG_009,10
GCACCGAGGAGTACTCGCGC_001,168
GCACCGAGGAGTACTCGCGC_002,165
GCACCGAGGAGTACTCGCGC_003,116
GCACCGAGGAGTACTCGCGC_004,152
TCTATTTGGACCTCTATCCA_001,115
TCTATTTGGACCTCTATCCA_002,161
TCTATTTGGACCTCTATCCA_003,176
TCTATTTGGACCTCTATCCA_004,115
TCTATTTGGACCTCTATCCA_005,127
TCTATTTGGACCTCTATCCA_006,41
GGGAAACGTAGCCATGGCGA_001,174
GGGAAACGTAGCCATGGCGA_002,88
GGGAAACGTAGCCATGGCGA_003,12
GGGAAACGTAGCCATGGCGA_004,56
ATTTCTACAGCATGATCGGG_001,105
ATTTCTACAGCATGATCGGG_002,24
ATTTCTACAGCATGATCGGG_003,116
ATTTCTACAGCATGATCGGG_004,68
ATTTCTACAGCATGATCGGG_005,166
ATTTCTACAGCATGATCGGG_006,106
ATTTCTACAGCATGATCGGG_007,34
ATTTCTACAGCATGATCGGG_008,50
ATTTCTACAGCATGATCGGG_009,49
ATTTCTACAGCATGATCGGG_010,88
CGAGTTCAGTGATGATTCTG_001,30
CGAGTTCAGTGATGATTCTG_002,81
CGAGTTCAGTGATGATTCTG_003,2
CGAGTTCAGTGATGATTCTG_004,76
TATGTCTGCAAACTCCACTT_001,178
TATGTCTGCAAACTCCACTT_002,117
TATGTCTGCAAACTCCACTT_003,11
TATGTCTGCAAACTCCACTT_004,199
TATGTCTGCAAACTCCACTT_005,60
TATGTCTGCAAACTCCACTT_006,191
TATGTCTGCAAACTCCACTT_007,192
TATGTCTGCAAACTCCACTT_008,66
TATGTCTGCAAACTCCACTT_009,8
TATGTCTGCAAACTCCACTT_010,42
TATGTCTGCAAACTCCACTT_011,58
TATGTCTGCAAACTCCACTT_012,33
TATGTCTGCAAACTCCACTT_013,121
TATGTCTGCAAACTCCACTT_014,184
TATGTCTGCAAACTCCACTT_015,108
TATGTCTGCAAACTCCACTT_016,114
TATGTCTGCAAACTCCACTT_017,46
TATGTCTGCAAACTCCACTT_018,183
ATACCCTAGCGATTTCGCCC_001,156
ATACCCTAGCGATTTCGCCC_002,41
ATACCCTAGCGATTTCGCCC_003,4
ATACCCTAGCGATTTCGCCC_004,178
ACACTACCTGAGTCCAACAG_001,1
ACACTACCTGAGTCCAACAG_002,162
ACACTACCTGAGTCCAACAG_003,102
ACACTACCTGAGTCCAACAG_004,109
ACACTACCTGAGTCCAACAG_005,3
ACACTACCTGAGTCCAACAG_006,83
ACACTACCTGAGTCCAACAG_007,191
ACACTACCTGAGTCCAACAG_008,127
ACACTACCTGAGTCCAACAG_009,127
ACACTACCTGAGTCCAACAG_010,170
ACACTACCTGAGTCCAACAG_011,160
ACACTACCTGAGTCCAACAG_012,27
ACACTACCTGAGTCCAACAG_013,121
ACACTACCTGAGTCCAACAG_014,103
ACACTACCTGAGTCCAACAG_015,150
ACACTACCTGAGTCCAACAG_016,101
ACACTACCTGAGTCCAACAG_017,43
ACACTACCTGAGTCCAACAG_018,9
ACACTACCTGAGTCCAACAG_019,146
ACACTACCTGAGTCCAACAG_020,43
ACACTACCTGAGTCCAACAG_021,27
ACACTACCTGAGTCCAACAG_022,199
ACACTACCTGAGTCCAACAG_023,41
ACACTACCTGAGTCCAACAG_024,1
ACACTACCTGAGTCCAACAG_025,46
ACACTACCTGAGTCCAACAG_026,152
CGTGCGGCTCTACACCGCGA_001,58
CGTGCGGCTCTACACCGCGA_002,106
CGGTTCTCTGCGGTGAAGGG_001,103
CGGTTCTCTGCGGTGAAGGG_002,115
CGGTTCTCTGCGGTGAAGGG_003,198
CGGTTCTCTGCGGTGAAGGG_004,158
CGGTTCTCTGCGGTGAAGGG_005,57
CGGTTCTCTGCGGTGAAGGG_006,16
CGGTTCTCTGCGGTGAAGGG_007,2
CGGTTCTCTGCGGTGAAGGG_008,184
CGGTTCTCTGCGGTGAAGGG_009,77
CGGTTCTCTGCGGTGAAGGG_010,47
CGGTTCTCTGCGGTGAAGGG_011,141
CGGTTCTCTGCGGTGAAGGG_012,98
CGGTTCTCTGCGGTGAAGGG_013,192
CGGTTCTCTGCGGTGAAGGG_014,123
CGGTTCTCTGCGGTGAAGGG_015,137
CGGTTCTCTGCGGTGAAGGG_016,31
CGGTTCTCTGCGGTGAAGGG_017,47
CGGTTCTCTGCGGTGAAGGG_018,169
CGGTTCTCTGCGGTGAAGGG_019,199
CGGTTCTCTGCGGTGAAGGG_020,58
CGGTTCTCTGCGGTGAAGGG_021,160
CGGTTCTCTGCGGTGAAGGG_022,94
CGGTTCTCTGCGGTGAAGGG_023,77
CGGTTCTCTGCGGTGAAGGG_024,188
CGGTTCTCTGCGGTGAAGGG_025,146
CGGTTCTCTGCGGTGAAGGG_026,185
CGGTTCTCTGCGGTGAAGGG_027,180
CGGTTCTCTGCGGTGAAGGG_028,29
ACAGGCCGTACCAGTCTACA_001,30
ACAGGCCGTACCAGTCTACA_002,110
ACAGGCCGTACCAGTCTACA_003,41
ACAGGCCGTACCAGTCTACA_004,48
AGTTATTAAAGAGGGTGTAC_001,177
AGTTATTAAAGAGGGTGTAC_002,183
AGTTATTAAAGAGGGTGTAC_003,140
AGTTATTAAAGAGGGTGTAC_004,184
AGTTATTAAAGAGGGTGTAC_005,50
AGTTATTAAAGAGGGTGTAC_006,148
AGTTATTAAAGAGGGTGTAC_007,107
AGTTATTAAAGAGGGTGTAC_008,56
AGTTATTAAAGAGGGTGTAC_009,84
AGTTATTAAAGAGGGTGTAC_010,3
AGTTATTAAAGAGGGTGTAC_011,34
AGTTATTAAAGAGGGTGTAC_012,40
AGTTATTAAAGAGGGTGTAC_013,2
TCTTGAAGAGTCCAATTCCA_001,175
TCTTGAAGAGTCCAATTCCA_002,178
AAAGAGTAATGTCAATCCGC_001,27
AAAGAGTAATGTCAATCCGC_002,22
AAAGAGTAATGTCAATCCGC_003,102
AAAGAGTAATGTCAATCCGC_004,42
AAAGAGTAATGTCAATCCGC_005,94
AAAGAGTAATGTCAATCCGC_006,28
GAAAATTCTTCCCGGTCTAG_001,193
GAAAATTCTTCCCGGTCTAG_002,91
GAAAATTCTTCCCGGTCTAG_003,28
GAAAATTCTTCCCGGTCTAG_004,18
CGGGCACCACTCATGCAGGT_001,29
CGGGCACCACTCATGCAGGT_002,178
CGGGCACCACTCATGCAGGT_003,57
CGGGCACCACTCATGCAGGT_004,6
CGGCTGGACAAGGAAACCAC_001,5
CGGCTGGACAAGGAAACCAC_002,191
CGGCTGGACAAGGAAACCAC_003,127
CGGCTGGACAAGGAAACCAC_004,99
CGGCTGGACAAGGAAACCAC_005,144
CGGCTGGACAAGGAAACCAC_006,134
CGGCTGGACAAGGAAACCAC_007,182
CGGCTGGACAAGGAAACCAC_008,193
CGGCTGGACAAGGAAACCAC_009,144
CGGCTGGACAAGGAAACCAC_010,184
CGGCTGGACAAGGAAACCAC_011,84
CGGCTGGACAAGGAAACCAC_012,26
CGGCTGGACAAGGAAACCAC_013,11
CGGCTGGACAAGGAAACCAC_014,15
CGGCTGGACAAGGAAACCAC_015,129
CGGCTGGACAAGGAAACCAC_016,62
TCTGGGTATAACCAACCCTG_001,160
CTAAATGAACAACGCCTGGA_001,50
CTAAATGAACAACGCCTGGA_002,2
CTAAATGAACAACGCCTGGA_003,194
CTAAATGAACAACGCCTGGA_004,88
CTAAATGAACAACGCCTGGA_005,159
CTAAATGAACAACGCCTGGA_006,105
CTAAATGAACAACGCCTGGA_007,162
GAGGGCAGGACATGTGACAA_001,137
GAGGGCAGGACATGTGACAA_002,199
GAGGGCAGGACATGTGACAA_003,55
GAGGGCAGGACATGTGACAA_004,74
GAGGGCAGGACATGTGACAA_005,98
GAGGGCAGGACATGTGACAA_006,160
GAGGGCAGGACATGTGACAA_007,143
GAGGGCAGGACATGTGACAA_008,111
GAGGGCAGGACATGTGACAA_009,165
GAGGGCAGGACATGTGACAA_010,62
GAGGGCAGGACATGTGACAA_011,155
GATTATTTCAACTAGCCGGG_001,72
GATTATTTCAACTAGCCGGG_002,74
CAACCTCCAGCTCACCACAG_001,144
CAACCTCCAGCTCACCACAG_002,106
CAACCTCCAGCTCACCACAG_003,150
CAACCTCCAGCTCACCACAG_004,149
CAACCTCCAGCTCACCACAG_005,58
CAACCTCCAGCTCACCACAG_006,112
CAACCTCCAGCTCACCACAG_007,76
CAACCTCCAGCTCACCACAG_008,102
CAACCTCCAGCTCACCACAG_009,148
CAACCTCCAGCTCACCACAG_010,95
CAACCTCCAGCTCACCACAG_011,118
CAACCTCCAGCTCACCACAG_012,111
CAACCTCCAGCTCACCACAG_013,111
CAACCTCCAGCTCACCACAG_014,188
CAACCTCCAGCTCACCACAG_015,48
CAACCTCCAGCTCACCACAG_016,166
CAACCTCCAGCTCACCACAG_017,18
CAACCTCCAGCTCACCACAG_018,137
CAACCTCCAGCTCACCACAG_019,115
ATCTGCAATGTAGGGGCCGG_001,18
ATCTGCAATGTAGGGGCCGG_002,188
ATCTGCAATGTAGGGGCCGG_003,14
ATCTGCAATGTAGGGGCCGG_004,34
ATCTGCAATGTAGGGGCCGG_005,27
ATCTGCAATGTAGGGGCCGG_006,19
ATCTGCAATGTAGGGGCCGG_007,111
ATCTGCAATGTAGGGGCCGG_008,47
ATCTGCAATGTAGGGGCCGG_009,174
ATCTGCAATGTAGGGGCCGG_010,46
ATCTGCAATGTAGGGGCCGG_011,34
ATCTGCAATGTAGGGGCCGG_012,81
ATCTGCAATGTAGGGGCCGG_013,192
ATCTGCAATGTAGGGGCCGG_014,166
ATCTGCAATGTAGGGGCCGG_015,81
ATCTGCAATGTAGGGGCCGG_016,145
ATCTGCAATGTAGGGGCCGG_017,182
ATCTGCAATGTAGGGGCCGG_018,122
CAACGACCGAGAGACTCAAG_001,147
CAACGACCGAGAGACTCAAG_002,70
CAACGACCGAGAGACTCAAG_003,27
CAACGACCGAGAGACTCAAG_004,48
CAACGACCGAGAGACTCAAG_005,87
CAACGACCGAGAGACTCAAG_006,46
CAACGACCGAGAGACTCAAG_007,186
CAACGACCGAGAGACTCAAG_008,24
CAACGACCGAGAGACTCAAG_009,159
CAACGACCGAGAGACTCAAG_010,177
CAACGACCGAGAGACTCAAG_011,101
CAACGACCGAGAGACTCAAG_012,101
CAACGACCGAGAGACTCAAG_013,94
CAACGACCGAGAGACTCAAG_014,39
CAACGACCGAGAGACTCAAG_015,182
GATCCAGAATGTCACACAGG_001,72
GATCCAGAATGTCACACAGG_002,140
GATCCAGAATGTCACACAGG_003,150
GATCCAGAATGTCACACAGG_004,78
GATCCAGAATGTCACACAGG_005,50
CTATGCTGCCAAATTCGTAG_001,157
CTATGCTGCCAAATTCGTAG_002,88
CTATGCTGCCAAATTCGTAG_003,16
CTATGCTGCCAAATTCGTAG_004,175
CTATGCTGCCAAATTCGTAG_005,175
CTATGCTGCCAAATTCGTAG_006,32
CTATGCTGCCAAATTCGTAG_007,9
CTATGCTGCCAAATTCGTAG_008,96
CTATGCTGCCAAATTCGTAG_009,69
CTATGCTGCCAAATTCGTAG_010,106
GGAAGAGAAGAAACCTCCTG_001,42
GGAAGAGAAGAAACCTCCTG_002,127
GGAAGAGAAGAAACCTCCTG_003,120
GGAAGAGAAGAAACCTCCTG_004,144
GGAAGAGAAGAAACCTCCTG_005,132
GGAAGAGAAGAAACCTCCTG_006,58
GGAAGAGAAGAAACCTCCTG_007,148
GGAAGAGAAGAAACCTCCTG_008,130
GCATAAAGCAGGCCGGTCCG_001,57
GCATAAAGCAGGCCGGTCCG_002,63
GCATAAAGCAGGCCGGTCCG_003,49
GCATAAAGCAGGCCGGTCCG_004,104
GCATAAAGCAGGCCGGTCCG_005,70
GCATAAAGCAGGCCGGTCCG_006,190
GCATAAAGCAGGCCGGTCCG_007,182
TATTGGGACATGGATCTGCG_001,67
TATTGGGACATGGATCTGCG_002,155
TATTGGGACATGGATCTGCG_003,113
TCCTGCAGGATCTCGACACG_001,44
TCCTGCAGGATCTCGACACG_002,98
TCCTGCAGGATCTCGACACG_003,196
TCCTGCAGGATCTCGACACG_004,80
TCCTGCAGGATCTCGACACG_005,61
TCCTGCAGGATCTCGACACG_006,4
TCCTGCAGGATCTCGACACG_007,112
TCCTGCAGGATCTCGACACG_008,15
TCCTGCAGGATCTCGACACG_009,149
TCCTGCAGGATCTCGACACG_010,57
TCCTGCAGGATCTCGACACG_011,128
TCCTGCAGGATCTCGACACG_012,78
TCCTGCAGGATCTCGACACG_013,104
TCCTGCAGGATCTCGACACG_014,184
TAATCCCCCACTTAGACGGG_001,141
TAATCCCCCACTTAGACGGG_002,54
TAATCCCCCACTTAGACGGG_003,48
TAATCCCCCACTTAGACGGG_004,170
TAATCCCCCACTTAGACGGG_005,168
TAATCCCCCACTTAGACGGG_006,69
TAATCCCCCACTTAGACGGG_007,163
TAATCCCCCACTTAGACGGG_008,150
TAATCCCCCACTTAGACGGG_009,60
TAATCCCCCACTTAGACGGG_010,129
TAATCCCCCACTTAGACGGG_011,130
TAATCCCCCACTTAGACGGG_012,178
TAATCCCCCACTTAGACGGG_013,66
TAATCCCCCACTTAGACGGG_014,20
TAATCCCCCACTTAGACGGG_015,99
TAATCCCCCACTTAGACGGG_016,15
TAATCCCCCACTTAGACGGG_017,191
TAATCCCCCACTTAGACGGG_018,127
TAATCCCCCACTTAGACGGG_019,158
TAATCCCCCACTTAGACGGG_020,83
TGTATGTCGACGATGCCTCG_001,5
TGTATGTCGACGATGCCTCG_002,148
TGTATGTCGACGATGCCTCG_003,117
TGTATGTCGACGATGCCTCG_004,50
TGTATGTCGACGATGCCTCG_005,126
TGTATGTCGACGATGCCTCG_006,193
TGTATGTCGACGATGCCTCG_007,119
TGTATGTCGACGATGCCTCG_008,8
TGTATGTCGACGATGCCTCG_009,60
TGTATGTCGACGATGCCTCG_010,58
TGTATGTCGACGATGCCTCG_011,181
TGTATGTCGACGATGCCTCG_012,106
TGTATGTCGACGATGCCTCG_013,121
TGTATGTCGACGATGCCTCG_014,19
TGTATGTCGACGATGCCTCG_015,46
TGTATGTCGACGATGCCTCG_016,101
TGTATGTCGACGATGCCTCG_017,64
TGTATGTCGACGATGCCTCG_018,97
GTGGATCACGGTGGACATCG_001,154
GTGGATCACGGTGGACATCG_002,91
GTGGATCACGGTGGACATCG_003,88
GTGGATCACGGTGGACATCG_004,112
GTGGATCACGGTGGACATCG_005,189
GTGGATCACGGTGGACATCG_006,172
GTGGATCACGGTGGACATCG_007,148
GTGGATCACGGTGGACATCG_008,150
GTGGATCACGGTGGACATCG_009,92
GTGGATCACGGTGGACATCG_010,83
GTGGATCACGGTGGACATCG_011,141
GTGGATCACGGTGGACATCG_012,158
GTGGATCACGGTGGACATCG_013,127
GTGGATCACGGTGGACATCG_014,174
GTGGATCACGGTGGACATCG_015,136
GTGGATCACGGTGGACATCG_016,23
AGCATGACCACGCGGCCACG_001,198
AGCATGACCACGCGGCCACG_002,171
AGCATGACCACGCGGCCACG_003,54
AGCATGACCACGCGGCCACG_004,169
AGCATGACCACGCGGCCACG_005,11
AGCATGACCACGCGGCCACG_006,181
AGCATGACCACGCGGCCACG_007,82
AGCATGACCACGCGGCCACG_008,13
AGCATGACCACGCGGCCACG_009,81
AGCATGACCACGCGGCCACG_010,135
AGCATGACCACGCGGCCACG_011,161
AGCATGACCACGCGGCCACG_012,36
AGCATGACCACGCGGCCACG_013,55
AGCATGACCACGCGGCCACG_014,17
AGCATGACCACGCGGCCACG_015,58
AGCATGACCACGCGGCCACG_016,41
AGCATGACCACGCGGCCACG_017,76
AGCATGACCACGCGGCCACG_018,182
AGCATGACCACGCGGCCACG_019,115
AGCATGACCACGCGGCCACG_020,138
AGCATGACCACGCGGCCACG_021,135
AGCATGACCACGCGGCCACG_022,45
AGCATGACCACGCGGCCACG_023,31
AGCATGACCACGCGGCCACG_024,90
AGCATGACCACGCGGCCACG_025,48
AGCATGACCACGCGGCCACG_026,19
AGCATGACCACGCGGCCACG_027,62
AGCATGACCACGCGGCCACG_028,90
GATGGAATCACACTTGCCGT_001,197
GATGGAATCACACTTGCCGT_002,194
GATGGAATCACACTTGCCGT_003,54
GATGGAATCACACTTGCCGT_004,182
CTCACAGGTGAACGCAGTCA_001,189
CTCACAGGTGAACGCAGTCA_002,17
CTCACAGGTGAACGCAGTCA_003,145
CTCACAGGTGAACGCAGTCA_004,15
CTCACAGGTGAACGCAGTCA_005,22
CTCACAGGTGAACGCAGTCA_006,159
CTCACAGGTGAACGCAGTCA_007,20
CTCACAGGTGAACGCAGTCA_008,82
CTCACAGGTGAACGCAGTCA_009,126
CTCACAGGTGAACGCAGTCA_010,188
CTCACAGGTGAACGCAGTCA_011,21
CTCACAGGTGAACGCAGTCA_012,85
CTCACAGGTGAACGCAGTCA_013,155
CTCACAGGTGAACGCAGTCA_014,35
CTCACAGGTGAACGCAGTCA_015,35
CTCACAGGTGAACGCAGTCA_016,147
CTCACAGGTGAACGCAGTCA_017,88
CTCACAGGTGAACGCAGTCA_018,78
CTCACAGGTGAACGCAGTCA_019,54
CGACGAGCACGTGACCCGCG_001,195
CGACGAGCACGTGACCCGCG_002,46
GGGGCCGCGAACTGTTCTCG_001,115
GGGGCCGCGAACTGTTCTCG_002,11
GGGGCCGCGAACTGTTCTCG_003,43
GGGGCCGCGAACTGTTCTCG_004,82
GGGGCCGCGAACTGTTCTCG_005,132
GGGGCCGCGAACTGTTCTCG_006,122
GGGGCCGCGAACTGTTCTCG_007,147
GGGGCCGCGAACTGTTCTCG_008,126
GGGGCCGCGAACTGTTCTCG_009,70
GTTTCCTGGAAAATATGTGG_001,157
GTTTCCTGGAAAATATGTGG_002,68
GTTTCCTGGAAAATATGTGG_003,147
AATTGCTAGATCAACGACGC_001,47
AATTGCTAGATCAACGACGC_002,108
AATTGCTAGATCAACGACGC_003,170
AATTGCTAGATCAACGACGC_004,89
AATTGCTAGATCAACGACGC_005,156
AATTGCTAGATCAACGACGC_006,148
AATTGCTAGATCAACGACGC_007,25
CAACGATTCCAAAAGTTGCG_001,198
CAACGATTCCAAAAGTTGCG_002,182
CAACGATTCCAAAAGTTGCG_003,76
CAACGATTCCAAAAGTTGCG_004,146
TGACACCATCAGGATTACGT_001,95
TGACACCATCAGGATTACGT_002,56
TGACACCATCAGGATTACGT_003,34
GGTGGCGGCGCCGTAGAGCG_001,198
GGTGGCGGCGCCGTAGAGCG_002,155
GGTGGCGGCGCCGTAGAGCG_003,34
GGTGGCGGCGCCGTAGAGCG_004,56
GGTGGCGGCGCCGTAGAGCG_005,74
GGTGGCGGCGCCGTAGAGCG_006,140
GGTGGCGGCGCCGTAGAGCG_007,104
GGTGGCGGCGCCGTAGAGCG_008,29
GGTGGCGGCGCCGTAGAGCG_009,108
GGTGGCGGCGCCGTAGAGCG_010,47
GATCACCGACCAGTATAACA_001,133
GATCACCGACCAGTATAACA_002,121
GATCACCGACCAGTATAACA_003,163
GATCACCGACCAGTATAACA_004,3
GATCACCGACCAGTATAACA_005,25
GATCACCGACCAGTATAACA_006,41
GATCACCGACCAGTATAACA_007,169
CGCCGGGACCGTTAGGGAAT_001,49
CGCCGGGACCGTTAGGGAAT_002,49
CGCCGGGACCGTTAGGGAAT_003,178
CGCCGGGACCGTTAGGGAAT_004,83
CGCCGGGACCGTTAGGGAAT_005,9
CGCCGGGACCGTTAGGGAAT_006,198
CGCCGGGACCGTTAGGGAAT_007,49
CGCCGGGACCGTTAGGGAAT_008,121
CGCCGGGACCGTTAGGGAAT_009,144
CGCCGGGACCGTTAGGGAAT_010,78
CGCCGGGACCGTTAGGGAAT_011,62
CGCCGGGACCGTTAGGGAAT_012,148
CGCCGGGACCGTTAGGGAAT_013,137
CGCCGGGACCGTTAGGGAAT_014,145
CGCCGGGACCGTTAGGGAAT_015,105
CGCCGGGACCGTTAGGGAAT_016,136
CGCCGGGACCGTTAGGGAAT_017,70
CGCCGGGACCGTTAGGGAAT_018,176
CGCCGGGACCGTTAGGGAAT_019,8
CGCCGGGACCGTTAGGGAAT_020,108
CGCCGGGACCGTTAGGGAAT_021,48
CGCCGGGACCGTTAGGGAAT_022,57
CGCCGGGACCGTTAGGGAAT_023,168
CGCCGGGACCGTTAGGGAAT_024,137
CGCCGGGACCGTTAGGGAAT_025,27
CGCCGGGACCGTTAGGGAAT_026,149
CGCCGGGACCGTTAGGGAAT_027,8
GAAAGTATAGGTGAAGGTGA_001,77
GAAAGTATAGGTGAAGGTGA_002,68
GAAAGTATAGGTGAAGGTGA_003,160
GAAAGTATAGGTGAAGGTGA_004,49
GAAAGTATAGGTGAAGGTGA_005,138
GTGGAAAATAGGGTAGTGCT_001,148
GTGGAAAATAGGGTAGTGCT_002,174
GTGGAAAATAGGGTAGTGCT_003,23
GTGGAAAATAGGGTAGTGCT_004,60
AAAGATCTTACCTTACTAGG_001,51
AAAGATCTTACCTTACTAGG_002,144
AAAGATCTTACCTTACTAGG_003,113
AAAGATCTTACCTTACTAGG_004,96
AAAGATCTTACCTTACTAGG_005,115
AAAGATCTTACCTTACTAGG_006,81
AAAGATCTTACCTTACTAGG_007,168
AGCAGTAACAGAGCCTCAGT_001,147
AGCAGTAACAGAGCCTCAGT_002,152
AGCAGTAACAGAGCCTCAGT_003,50
AGCAGTAACAGAGCCTCAGT_004,40
AGCAGTAACAGAGCCTCAGT_005,141
AGCAGTAACAGAGCCTCAGT_006,5
AGCAGTAACAGAGCCTCAGT_007,21
AGCAGTAACAGAGCCTCAGT_008,113
AGCAGTAACAGAGCCTCAGT_009,42
GACCCCGCTCTGGACACGAA_001,172
GACCCCGCTCTGGACACGAA_002,160
GACCCCGCTCTGGACACGAA_003,145
GACCCCGCTCTGGACACGAA_004,30
GACCCCGCTCTGGACACGAA_005,120
GACCCCGCTCTGGACACGAA_006,48
GACCCCGCTCTGGACACGAA_007,105
GACCCCGCTCTGGACACGAA_008,41
GACCCCGCTCTGGACACGAA_009,140
GACCCCGCTCTGGACACGAA_010,174
GACCCCGCTCTGGACACGAA_011,130
GACCCCGCTCTGGACACGAA_012,15
GACCCCGCTCTGGACACGAA_013,148
GACCCCGCTCTGGACACGAA_014,59
GACCCCGCTCTGGACACGAA_015,152
GACCCCGCTCTGGACACGAA_016,182
GACCCCGCTCTGGACACGAA_017,43
GACCCCGCTCTGGACACGAA_018,6
GACCCCGCTCTGGACACGAA_019,80
GACCCCGCTCTGGACACGAA_020,39
GACCCCGCTCTGGACACGAA_021,137
GACTCGGCGAGCATGCACTC_001,48
GACTCGGCGAGCATGCACTC_002,138
GACTCGGCGAGCATGCACTC_003,189
GACTCGGCGAGCATGCACTC_004,113
GACTCGGCGAGCATGCACTC_005,1
GACTCGGCGAGCATGCACTC_006,169
GACTCGGCGAGCATGCACTC_007,121
GACTCGGCGAGCATGCACTC_008,141
GACTCGGCGAGCATGCACTC_009,31
GACTCGGCGAGCATGCACTC_010,88
GACTCGGCGAGCATGCACTC_011,68
GACTCGGCGAGCATGCACTC_012,52
GACTCGGCGAGCATGCACTC_013,171
TGGGAACCACAGGTTCACCA_001,168
TGGGAACCACAGGTTCACCA_002,156
TGGGAACCACAGGTTCACCA_003,193
TGGGAACCACAGGTTCACCA_004,136
TGGGAACCACAGGTTCACCA_005,69
GAGCAAGAGAGCTTTAGGAG_001,91
GAGCAAGAGAGCTTTAGGAG_002,6
GAGCAAGAGAGCTTTAGGAG_003,69
GAGCAAGAGAGCTTTAGGAG_004,48
GAGCAAGAGAGCTTTAGGAG_005,1
CAGAGCCAGGTCGCGGACGT_001,150
CAGAGCCAGGTCGCGGACGT_002,29
CAGAGCCAGGTCGCGGACGT_003,76
CAGAGCCAGGTCGCGGACGT_004,135
CAGAGCCAGGTCGCGGACGT_005,17
CAGAGCCAGGTCGCGGACGT_006,145
CAGAGCCAGGTCGCGGACGT_007,15
CAGAGCCAGGTCGCGGACGT_008,30
CAGAGCCAGGTCGCGGACGT_009,11
CAGAGCCAGGTCGCGGACGT_010,92
CAGAGCCAGGTCGCGGACGT_011,191
CAGAGCCAGGTCGCGGACGT_012,108
CAGAGCCAGGTCGCGGACGT_013,191
CAGAGCCAGGTCGCGGACGT_014,131
CAGAGCCAGGTCGCGGACGT_015,2
CAGAGCCAGGTCGCGGACGT_016,84
CAGAGCCAGGTCGCGGACGT_017,88
CAGAGCCAGGTCGCGGACGT_018,139
CAGAGCCAGGTCGCGGACGT_019,65
CAGAGCCAGGTCGCGGACGT_020,91
CAGAGCCAGGTCGCGGACGT_021,199
CAGAGCCAGGTCGCGGACGT_022,138
CAGAGCCAGGTCGCGGACGT_023,6
CAGAGCCAGGTCGCGGACGT_024,62
CAGAGCCAGGTCGCGGACGT_025,39
CAGAGCCAGGTCGCGGACGT_026,152
CAGAGCCAGGTCGCGGACGT_027,65
CAGAGCCAGGTCGCGGACGT_028,52
CAGAGCCAGGTCGCGGACGT_029,88
CAGAGCCAGGTCGCGGACGT_030,68
CTTTATAGAGCAGATCTCGA_001,83
CTTTATAGAGCAGATCTCGA_002,70
CTTTATAGAGCAGATCTCGA_003,189
CTTTATAGAGCAGATCTCGA_004,63
CTTTATAGAGCAGATCTCGA_005,77
CTTTATAGAGCAGATCTCGA_006,185
CTTTATAGAGCAGATCTCGA_007,88
ACATCGACTGCTGGACAATG_001,188
ACATCGACTGCTGGACAATG_002,137
ACATCGACTGCTGGACAATG_003,162
ACATCGACTGCTGGACAATG_004,195
ACATCGACTGCTGGACAATG_005,127
ACATCGACTGCTGGACAATG_006,180
AGAACCAATTACCAAACCCT_001,53
AGAACCAATTACCAAACCCT_002,130
AGAACCAATTACCAAACCCT_003,65
AGAACCAATTACCAAACCCT_004,98
AGAACCAATTACCAAACCCT_005,45
AGAACCAATTACCAAACCCT_006,22
AGAACCAATTACCAAACCCT_007,137
AGAACCAATTACCAAACCCT_008,54
AGAACCAATTACCAAACCCT_009,1
AGAACCAATTACCAAACCCT_010,152
AGAACCAATTACCAAACCCT_011,198
AGAACCAATTACCAAACCCT_012,191
AGAACCAATTACCAAACCCT_013,121
CCACCAGACGGAACTCCCGT_001,125
CCACCAGACGGAACTCCCGT_002,112
CCACCAGACGGAACTCCCGT_003,157
CCACCAGACGGAACTCCCGT_004,50
CCACCAGACGGAACTCCCGT_005,160
CCACCAGACGGAACTCCCGT_006,113
CCACCAGACGGAACTCCCGT_007,94
CCACCAGACGGAACTCCCGT_008,125
CCACCAGACGGAACTCCCGT_009,38
CCACCAGACGGAACTCCCGT_010,46
CCACCAGACGGAACTCCCGT_011,62
CCACCAGACGGAACTCCCGT_012,63
CCACCAGACGGAACTCCCGT_013,138
CCACCAGACGGAACTCCCGT_014,68
CCACCAGACGGAACTCCCGT_015,174
CCACCAGACGGAACTCCCGT_016,199
CCACCAGACGGAACTCCCGT_017,79
CCACCAGACGGAACTCCCGT_018,152
CCACCAGACGGAACTCCCGT_019,177
CCACCAGACGGAACTCCCGT_020,52
GCACACACAAAGTCTCTCAT_001,24
GCGTTTCTTGCAAGAATGGG_001,41
GCGTTTCTTGCAAGAATGGG_002,176
GCGTTTCTTGCAAGAATGGG_003,81
GCGTTTCTTGCAAGAATGGG_004,153
GCGTTTCTTGCAAGAATGGG_005,39
GCGTTTCTTGCAAGAATGGG_006,102
GCGTTTCTTGCAAGAATGGG_007,115
GCGTTTCTTGCAAGAATGGG_008,39
GCGTTTCTTGCAAGAATGGG_009,106
GCGTTTCTTGCAAGAATGGG_010,140
CATGTTCTTCACCGTGAGCG_001,107
CATGTTCTTCACCGTGAGCG_002,70
CATGTTCTTCACCGTGAGCG_003,29
CATGTTCTTCACCGTGAGCG_004,186
CATGTTCTTCACCGTGAGCG_005,55
CATGTTCTTCACCGTGAGCG_006,29
CATGTTCTTCACCGTGAGCG_007,57
CATGTTCTTCACCGTGAGCG_008,72
CATGTTCTTCACCGTGAGCG_009,85
CATGTTCTTCACCGTGAGCG_010,164
CATGTTCTTCACCGTGAGCG_011,191
AAAGACTGACCCATTGACCG_001,167
AAAGACTGACCCATTGACCG_002,167
AAAGACTGACCCATTGACCG_003,113
AAAGACTGACCCATTGACCG_004,94
AAAGACTGACCCATTGACCG_005,115
AAAGACTGACCCATTGACCG_006,84
AAAGACTGACCCATTGACCG_007,147
AAAGACTGACCCATTGACCG_008,113
AAAGACTGACCCATTGACCG_009,49
AAAGACTGACCCATTGACCG_010,197
AAAGACTGACCCATTGACCG_011,48
AAAGACTGACCCATTGACCG_012,88
AAAGACTGACCCATTGACCG_013,145
AAAGACTGACCCATTGACCG_014,158
AAAGACTGACCCATTGACCG_015,88
AAAGACTGACCCATTGACCG_016,29
AAAGACTGACCCATTGACCG_017,151
AAAGACTGACCCATTGACCG_018,187
CCCATACTTATGTCCACCGA_001,102
CCCATACTTATGTCCACCGA_002,151
CCCATACTTATGTCCACCGA_003,69
CCCATACTTATGTCCACCGA_004,30
AGCGTTCAGGAACGGATCAG_001,35
AGCGTTCAGGAACGGATCAG_002,120
AGCGTTCAGGAACGGATCAG_003,184
AGCGTTCAGGAACGGATCAG_004,50
AGCGTTCAGGAACGGATCAG_005,88
AGCGTTCAGGAACGGATCAG_006,41
AGCGTTCAGGAACGGATCAG_007,15
AGCGTTCAGGAACGGATCAG_008,121
AGCGTTCAGGAACGGATCAG_009,55
AGCGTTCAGGAACGGATCAG_010,126
AGCGTTCAGGAACGGATCAG_011,69
AGCGTTCAGGAACGGATCAG_012,15
TGCAGTGTTGACCATTACAG_001,184
TGCAGTGTTGACCATTACAG_002,184
TGCAGTGTTGACCATTACAG_003,2
TGCAGTGTTGACCATTACAG_004,2
TGCAGTGTTGACCATTACAG_005,22
TGCAGTGTTGACCATTACAG_006,1
TGCAGTGTTGACCATTACAG_007,17
TGGCTACAACACGATCGATG_001,69
TGGCTACAACACGATCGATG_002,129
ACCAAGAATGCCAAGAACAG_001,43
ACCAAGAATGCCAAGAACAG_002,38
ACCAAGAATGCCAAGAACAG_003,14
ACCAAGAATGCCAAGAACAG_004,145
ACCAAGAATGCCAAGAACAG_005,105
ACCAAGAATGCCAAGAACAG_006,169
ACCAAGAATGCCAAGAACAG_007,184
ACCAAGAATGCCAAGAACAG_008,17
ACCAAGAATGCCAAGAACAG_009,147
CACCATAGTTCCGGACCCCG_001,142
CACCATAGTTCCGGACCCCG_002,118
CACCATAGTTCCGGACCCCG_003,127
CACCATAGTTCCGGACCCCG_004,48
CACCATAGTTCCGGACCCCG_005,54
CACCATAGTTCCGGACCCCG_006,22
CACCATAGTTCCGGACCCCG_007,184
CACCATAGTTCCGGACCCCG_008,50
CACCATAGTTCCGGACCCCG_009,170
CACCATAGTTCCGGACCCCG_010,76
CACCATAGTTCCGGACCCCG_011,162
CACCATAGTTCCGGACCCCG_012,161
CACCATAGTTCCGGACCCCG_013,116
CACCATAGTTCCGGACCCCG_014,165
CGAGTCCTTACCAAGCAGCG_001,47
CGAGTCCTTACCAAGCAGCG_002,127
CGAGTCCTTACCAAGCAGCG_003,162
CGGTGGCGGTGAGACTTTCG_001,8
CGGTGGCGGTGAGACTTTCG_002,107
CGGTGGCGGTGAGACTTTCG_003,60
CGGTGGCGGTGAGACTTTCG_004,101
CGGTGGCGGTGAGACTTTCG_005,166
CGGTGGCGGTGAGACTTTCG_006,26
CGGTGGCGGTGAGACTTTCG_007,104
CGGTGGCGGTGAGACTTTCG_008,94
CGGTGGCGGTGAGACTTTCG_009,52
CACCACGTTGCCATCCAGCA_001,139
CACCACGTTGCCATCCAGCA_002,52
TTGAAGGTGGCGGGACAGGA_001,134
TTGAAGGTGGCGGGACAGGA_002,12
TTGAAGGTGGCGGGACAGGA_003,141
TTGAAGGTGGCGGGACAGGA_004,50
TTGAAGGTGGCGGGACAGGA_005,185
TTGAAGGTGGCGGGACAGGA_006,141
TTGAAGGTGGCGGGACAGGA_007,18
TTGAAGGTGGCGGGACAGGA_008,174
TTGAAGGTGGCGGGACAGGA_009,35
TTGAAGGTGGCGGGACAGGA_010,81
TTGAAGGTGGCGGGACAGGA_011,142
TTGAAGGTGGCGGGACAGGA_012,58
TTGAAGGTGGCGGGACAGGA_013,58
TTGAAGGTGGCGGGACAGGA_014,36
TTGAAGGTGGCGGGACAGGA_015,41
TTGAAGGTGGCGGGACAGGA_016,65
TTGAAGGTGGCGGGACAGGA_017,62
TTGAAGGTGGCGGGACAGGA_018,177
TTGAAGGTGGCGGGACAGGA_019,68
TTGAAGGTGGCGGGACAGGA_020,160
TTGAAGGTGGCGGGACAGGA_021,10
TTGAAGGTGGCGGGACAGGA_022,38
TTGAAGGTGGCGGGACAGGA_023,67
TGAAGGTTGCTATTGACACA_001,172
TGAAGGTTGCTATTGACACA_002,78
TGAAGGTTGCTATTGACACA_003,8
TGAAGGTTGCTATTGACACA_004,110
TGAAGGTTGCTATTGACACA_005,117
TGAAGGTTGCTATTGACACA_006,168
TGAAGGTTGCTATTGACACA_007,158
TGAAGGTTGCTATTGACACA_008,68
TGAAGGTTGCTATTGACACA_009,43
GTATTTGAAAGCTAACCCTG_001,131
GTATTTGAAAGCTAACCCTG_002,85
GTATTTGAAAGCTAACCCTG_003,181
GTATTTGAAAGCTAACCCTG_004,142
GTATTTGAAAGCTAACCCTG_005,15
GTATTTGAAAGCTAACCCTG_006,41
GTATTTGAAAGCTAACCCTG_007,99
GTATTTGAAAGCTAACCCTG_008,35
ATGGAGACTCACCATTAGGA_001,177
ATGGAGACTCACCATTAGGA_002,35
ATGGAGACTCACCATTAGGA_003,41
ATGGAGACTCACCATTAGGA_004,16
ATGGAGACTCACCATTAGGA_005,13
ATGGAGACTCACCATTAGGA_006,50
ATGGAGACTCACCATTAGGA_007,184
ATGGAGACTCACCATTAGGA_008,34
ATGGAGACTCACCATTAGGA_009,94
CTGCATGGTGACGCCAACTG_001,76
CTGCATGGTGACGCCAACTG_002,108
CTGCATGGTGACGCCAACTG_003,135
CTGCATGGTGACGCCAACTG_004,12
CTGCATGGTGACGCCAACTG_005,68
CTGCATGGTGACGCCAACTG_006,65
CTGCATGGTGACGCCAACTG_007,25
CTGCATGGTGACGCCAACTG_008,42
ATGAGAGGCGGTATACACCG_001,85
ATGAGAGGCGGTATACACCG_002,160
ATGAGAGGCGGTATACACCG_003,26
CGCAATATGGAGTTCAAGCG_001,137
CGCAATATGGAGTTCAAGCG_002,10
CGCAATATGGAGTTCAAGCG_003,184
GCTCGCTCTCCTGACTCAGG_001,93
GCTCGCTCTCCTGACTCAGG_002,17
GCTCGCTCTCCTGACTCAGG_003,7
GCTCGCTCTCCTGACTCAGG_004,153
GCTCGCTCTCCTGACTCAGG_005,58
GCTCGCTCTCCTGACTCAGG_006,60
TCATCCGGGAGCTACAAGGG_001,112
TCATCCGGGAGCTACAAGGG_002,88
CCCATTCGAACAGCGTGTGA_001,148
CCCATTCGAACAGCGTGTGA_002,107
CCCATTCGAACAGCGTGTGA_003,43
CCCATTCGAACAGCGTGTGA_004,12
CCCATTCGAACAGCGTGTGA_005,177
CCCATTCGAACAGCGTGTGA_006,19
CCCATTCGAACAGCGTGTGA_007,56
CCCATTCGAACAGCGTGTGA_008,77
CCCATTCGAACAGCGTGTGA_009,10
CCCATTCGAACAGCGTGTGA_010,175
CCCATTCGAACAGCGTGTGA_011,63
CCCATTCGAACAGCGTGTGA_012,142
CCCATTCGAACAGCGTGTGA_013,59
GATTCTGTCATACCATCACC_001,2
GCTATAGCAGATAAGGAACA_001,15
GCTATAGCAGATAAGGAACA_002,8
CAGCAAATTTGTTCTCTAGG_001,144
CAGCAAATTTGTTCTCTAGG_002,45
CAGCAAATTTGTTCTCTAGG_003,129
CAGCAAATTTGTTCTCTAGG_004,169
GGAGCTTCACAATGTAGGGG_001,78
GGAGCTTCACAATGTAGGGG_002,173
GGAGCTTCACAATGTAGGGG_003,179
GTGAGGGCACGAGTCTCGGA_001,153
GTGAGGGCACGAGTCTCGGA_002,150
GTGAGGGCACGAGTCTCGGA_003,51
GTGAGGGCACGAGTCTCGGA_004,19
GTGAGGGCACGAGTCTCGGA_005,161
GTGAGGGCACGAGTCTCGGA_006,1
GTGAGGGCACGAGTCTCGGA_007,84
GTGAGGGCACGAGTCTCGGA_008,1
GTGAGGGCACGAGTCTCGGA_009,7
GTGAGGGCACGAGTCTCGGA_010,160
GTGAGGGCACGAGTCTCGGA_011,42
GTGAGGGCACGAGTCTCGGA_012,162
GTGAGGGCACGAGTCTCGGA_013,184
GTGAGGGCACGAGTCTCGGA_014,197
GTGAGGGCACGAGTCTCGGA_015,106
CCATTCAATAGTGACCGTGG_001,198
CCATTCAATAGTGACCGTGG_002,198
CCATTCAATAGTGACCGTGG_003,182
CCATTCAATAGTGACCGTGG_004,10
CGCAACTCTGATGTGTGGCA_001,160
CGCAACTCTGATGTGTGGCA_002,24
CGCAACTCTGATGTGTGGCA_003,26
CGCAACTCTGATGTGTGGCA_004,26
CGCAACTCTGATGTGTGGCA_005,75
CGCAACTCTGATGTGTGGCA_006,44
CGCAACTCTGATGTGTGGCA_007,145
CGCAACTCTGATGTGTGGCA_008,149
CGCAACTCTGATGTGTGGCA_009,34
CGCAACTCTGATGTGTGGCA_010,31
CGCAACTCTGATGTGTGGCA_011,69
CGCAACTCTGATGTGTGGCA_012,48
CGCAACTCTGATGTGTGGCA_013,99
CGCAACTCTGATGTGTGGCA_014,188
CGCAACTCTGATGTGTGGCA_015,141
CGCAACTCTGATGTGTGGCA_016,19
ACCACACAGTCCTCGATCTG_001,133
ACCACACAGTCCTCGATCTG_002,158
ACCACACAGTCCTCGATCTG_003,97
ACCACACAGTCCTCGATCTG_004,32
ACCACACAGTCCTCGATCTG_005,182
ACCACACAGTCCTCGATCTG_006,129
ACCACACAGTCCTCGATCTG_007,161
ACCACACAGTCCTCGATCTG_008,183
ACCACACAGTCCTCGATCTG_009,59
GAAGGGGTCTGGTCGAACCA_001,15
GAAGGGGTCTGGTCGAACCA_002,103
GAAGGGGTCTGGTCGAACCA_003,22
GAAGGGGTCTGGTCGAACCA_004,191
GAAGGGGTCTGGTCGAACCA_005,199
GAAGGGGTCTGGTCGAACCA_006,141
GAAGGGGTCTGGTCGAACCA_007,60
GAAGGGGTCTGGTCGAACCA_008,141
GAAGGGGTCTGGTCGAACCA_009,198
GAAGGGGTCTGGTCGAACCA_010,88
GAAGGGGTCTGGTCGAACCA_011,190
GAAGGGGTCTGGTCGAACCA_012,191
TCCCGCATCTGACAGCGCCG_001,94
TCCCGCATCTGACAGCGCCG_002,151
TCCCGCATCTGACAGCGCCG_003,42
TCCCGCATCTGACAGCGCCG_004,76
TCCCGCATCTGACAGCGCCG_005,88
TCCCGCATCTGACAGCGCCG_006,49
TCCCGCATCTGACAGCGCCG_007,142
TCCCGCATCTGACAGCGCCG_008,49
TCCCGCATCTGACAGCGCCG_009,17
TCCCGCATCTGACAGCGCCG_010,141
TCCCGCATCTGACAGCGCCG_011,162
TCCCGCATCTGACAGCGCCG_012,119
TCCCGCATCTGACAGCGCCG_013,2
TCCCGCATCTGACAGCGCCG_014,11
TCCCGCATCTGACAGCGCCG_015,144
TCCCGCATCTGACAGCGCCG_016,46
TCCCGCATCTGACAGCGCCG_017,175
TCCCGCATCTGACAGCGCCG_018,21
TCCCGCATCTGACAGCGCCG_019,46
TCCCGCATCTGACAGCGCCG_020,104
TTCCAACGAGGAGATCACAT_001,58
TTCCAACGAGGAGATCACAT_002,5
TTCCAACGAGGAGATCACAT_003,10
TTCCAACGAGGAGATCACAT_004,107
TTCCAACGAGGAGATCACAT_005,95
TTCCAACGAGGAGATCACAT_006,158
TTCCAACGAGGAGATCACAT_007,93
TTCCAACGAGGAGATCACAT_008,140
TTCCAACGAGGAGATCACAT_009,187
TTCCAACGAGGAGATCACAT_010,45
TTCCAACGAGGAGATCACAT_011,83
TTCCAACGAGGAGATCACAT_012,63
TTCCAACGAGGAGATCACAT_013,19
GCGAGTTGCAGATCTACACT_001,158
GCGAGTTGCAGATCTACACT_002,56
CCAGTGGCAGAGCCTGATCG_001,160
CCAGTGGCAGAGCCTGATCG_002,115
AAGAGGCCATCTCCCATGAG_001,53
AAGAGGCCATCTCCCATGAG_002,185
AAGAGGCCATCTCCCATGAG_003,113
AAGAGGCCATCTCCCATGAG_004,30
AAGAGGCCATCTCCCATGAG_005,184
AAGAGGCCATCTCCCATGAG_006,106
AAGAGGCCATCTCCCATGAG_007,43
AAGAGGCCATCTCCCATGAG_008,152
AAGAGGCCATCTCCCATGAG_009,34
ACTGGAGTTATCTATCCCAA_001,166
ACTGGAGTTATCTATCCCAA_002,40
ACTGGAGTTATCTATCCCAA_003,162
ACTGGAGTTATCTATCCCAA_004,190
ACTGGAGTTATCTATCCCAA_005,184
ACTGGAGTTATCTATCCCAA_006,12
ACTGGAGTTATCTATCCCAA_007,30
ACTGGAGTTATCTATCCCAA_008,148
ACTGGAGTTATCTATCCCAA_009,16
ACTGGAGTTATCTATCCCAA_010,48
ATCACCCCCACTTAAGCCGT_001,132
ATCACCCCCACTTAAGCCGT_002,14
ATCACCCCCACTTAAGCCGT_003,35
ATCACCCCCACTTAAGCCGT_004,168
ATCACCCCCACTTAAGCCGT_005,56
ATCACCCCCACTTAAGCCGT_006,140
ATCACCCCCACTTAAGCCGT_007,96
ATCACCCCCACTTAAGCCGT_008,34
ATCACCCCCACTTAAGCCGT_009,166
ATCACCCCCACTTAAGCCGT_010,11
ATCACCCCCACTTAAGCCGT_011,173
ATCACCCCCACTTAAGCCGT_012,173
ATCACCCCCACTTAAGCCGT_013,10
TTCGCAAGCAGTCTAAGCGC_001,27
TTCGCAAGCAGTCTAAGCGC_002,104
TTCGCAAGCAGTCTAAGCGC_003,19
TTCGCAAGCAGTCTAAGCGC_004,84
TTCGCAAGCAGTCTAAGCGC_005,83
CCACGTGGGCGGATACGCGA_001,172
CCACGTGGGCGGATACGCGA_002,183
CCACGTGGGCGGATACGCGA_003,92
CCACGTGGGCGGATACGCGA_004,190
CCACGTGGGCGGATACGCGA_005,162
CCACGTGGGCGGATACGCGA_006,80
CCACGTGGGCGGATACGCGA_007,91
CCACGTGGGCGGATACGCGA_008,18
CCACGTGGGCGGATACGCGA_009,157
CCACGTGGGCGGATACGCGA_010,99
CCACGTGGGCGGATACGCGA_011,190
CCACGTGGGCGGATACGCGA_012,104
CCACGTGGGCGGATACGCGA_013,138
CCACGTGGGCGGATACGCGA_014,116
CCTGGGAGCAAAAGACTCGC_001,65
CCTGGGAGCAAAAGACTCGC_002,62
CCTGGGAGCAAAAGACTCGC_003,159
CCTGGGAGCAAAAGACTCGC_004,77
CCTGGGAGCAAAAGACTCGC_005,178
CCTGGGAGCAAAAGACTCGC_006,178
CCTGGGAGCAAAAGACTCGC_007,115
CCTGGGAGCAAAAGACTCGC_008,68
CCTGGGAGCAAAAGACTCGC_009,151
CCTGGGAGCAAAAGACTCGC_010,168
CCTGGGAGCAAAAGACTCGC_011,199
CCTGGGAGCAAAAGACTCGC_012,152
CCTGGGAGCAAAAGACTCGC_013,37
CCTGGGAGCAAAAGACTCGC_014,54
CCTGGGAGCAAAAGACTCGC_015,129
ACGGCCACCACTCCTAGACC_001,44
ACGGCCACCACTCCTAGACC_002,51
ACGGCCACCACTCCTAGACC_003,153
ACGGCCACCACTCCTAGACC_004,145
ACGGCCACCACTCCTAGACC_005,127
ACGGCCACCACTCCTAGACC_006,13
ACGGCCACCACTCCTAGACC_007,70
ACGGCCACCACTCCTAGACC_008,150
ACGGCCACCACTCCTAGACC_009,152
GTCCTTCGTCATTCATCACC_001,125
GTCCTTCGTCATTCATCACC_002,15
GTCCTTCGTCATTCATCACC_003,50
GTCCTTCGTCATTCATCACC_004,199
GTCCTTCGTCATTCATCACC_005,45
GTCCTTCGTCATTCATCACC_006,149
GTCCTTCGTCATTCATCACC_007,21
GTCCTTCGTCATTCATCACC_008,28
GTCCTTCGTCATTCATCACC_009,157
AGAACTAGCTGCCTTCACAA_001,54
AGAACTAGCTGCCTTCACAA_002,172
AGAACTAGCTGCCTTCACAA_003,12
AGAACTAGCTGCCTTCACAA_004,26
AGAACTAGCTGCCTTCACAA_005,118
AGAACTAGCTGCCTTCACAA_006,181
AGAACTAGCTGCCTTCACAA_007,23
AGAACTAGCTGCCTTCACAA_008,98
AGAACTAGCTGCCTTCACAA_009,113
AGAACTAGCTGCCTTCACAA_010,22
AGAACTAGCTGCCTTCACAA_011,142
AGAACTAGCTGCCTTCACAA_012,172
AGAACTAGCTGCCTTCACAA_013,46
AGAACTAGCTGCCTTCACAA_014,12
AGAACTAGCTGCCTTCACAA_015,130
AGAACTAGCTGCCTTCACAA_016,198
AGAACTAGCTGCCTTCACAA_017,64
AGAACTAGCTGCCTTCACAA_018,130
AGAACTAGCTGCCTTCACAA_019,184
AGAACTAGCTGCCTTCACAA_020,65
AGAACTAGCTGCCTTCACAA_021,118
AGAACTAGCTGCCTTCACAA_022,54
AGAACTAGCTGCCTTCACAA_023,27
AGAACTAGCTGCCTTCACAA_024,137
AGAACTAGCTGCCTTCACAA_025,48
AGAACTAGCTGCCTTCACAA_026,121
AGAACTAGCTGCCTTCACAA_027,7
AAGTTGAGCCCGTTGTTGAG_001,183
AAGTTGAGCCCGTTGTTGAG_002,95
AAGTTGAGCCCGTTGTTGAG_003,77
AAGTTGAGCCCGTTGTTGAG_004,149
AAGTTGAGCCCGTTGTTGAG_005,29
CTTGGGCTACAGTACCATTG_001,48
CTTGGGCTACAGTACCATTG_002,166
CTTGGGCTACAGTACCATTG_003,40
CTTGGGCTACAGTACCATTG_004,10
CTTGGGCTACAGTACCATTG_005,49
CTTGGGCTACAGTACCATTG_006,34
CTTGGGCTACAGTACCATTG_007,175
CTTGGGCTACAGTACCATTG_008,144
CTTGGGCTACAGTACCATTG_009,77
CTTGGGCTACAGTACCATTG_010,197
AGGTTCAGTATGCCCCAGAG_001,70
AGGTTCAGTATGCCCCAGAG_002,80
AGGTTCAGTATGCCCCAGAG_003,157
AGGTTCAGTATGCCCCAGAG_004,75
CAGCTGTAAGCACCATTACG_001,37
CAGCTGTAAGCACCATTACG_002,75
CAGCTGTAAGCACCATTACG_003,145
CAGCTGTAAGCACCATTACG_004,172
AAGCCTGGGAAATCAAACAC_001,124
AAGCCTGGGAAATCAAACAC_002,138
AAGCCTGGGAAATCAAACAC_003,22
AAGCCTGGGAAATCAAACAC_004,67
AAGCCTGGGAAATCAAACAC_005,166
AAGCCTGGGAAATCAAACAC_006,134
AAGCCTGGGAAATCAAACAC_007,162
AAGCCTGGGAAATCAAACAC_008,25
AAGCCTGGGAAATCAAACAC_009,26
AAGCCTGGGAAATCAAACAC_010,13
CGGGTACGGTAGTCAGCGAT_001,78
CGGGTACGGTAGTCAGCGAT_002,154
CGGGTACGGTAGTCAGCGAT_003,62
CGGGTACGGTAGTCAGCGAT_004,32
CGGGTACGGTAGTCAGCGAT_005,173
CGGGTACGGTAGTCAGCGAT_006,191
CGGGTACGGTAGTCAGCGAT_007,63
CGGGTACGGTAGTCAGCGAT_008,137
CGGGTACGGTAGTCAGCGAT_009,80
CGGGTACGGTAGTCAGCGAT_010,62
CGGGTACGGTAGTCAGCGAT_011,130
TTTGGGCCCGTCCTCGACAA_001,75
TTTGGGCCCGTCCTCGACAA_002,123
TTTGGGCCCGTCCTCGACAA_003,9
TTTGGGCCCGTCCTCGACAA_004,67
TTTGGGCCCGTCCTCGACAA_005,9
TTTGGGCCCGTCCTCGACAA_006,118
TTTGGGCCCGTCCTCGACAA_007,0
TAGGAGATGACAAGTATGGG_001,188
TAGGAGATGACAAGTATGGG_002,49
TAGGAGATGACAAGTATGGG_003,16
TAGGAGATGACAAGTATGGG_004,115
TAGGAGATGACAAGTATGGG_005,147
TAGGAGATGACAAGTATGGG_006,157
GGCTACAGTTGTGACCCCTG_001,169
GGCTACAGTTGTGACCCCTG_002,168
GGCTACAGTTGTGACCCCTG_003,166
GGCTACAGTTGTGACCCCTG_004,10
TCGCCACTGACGTAGCACCA_001,64
GTCATCTAAAAAACGACAGC_001,7
GTCATCTAAAAAACGACAGC_002,189
GTCATCTAAAAAACGACAGC_003,32
GTCATCTAAAAAACGACAGC_004,118
GTCATCTAAAAAACGACAGC_005,149
GTCATCTAAAAAACGACAGC_006,8
GTCATCTAAAAAACGACAGC_007,28
GTCATCTAAAAAACGACAGC_008,130
GTCATCTAAAAAACGACAGC_009,120
GTCATCTAAAAAACGACAGC_010,94
GTCATCTAAAAAACGACAGC_011,137
GGATAATGCAGGGGCGCGCT_001,37
GGATAATGCAGGGGCGCGCT_002,139
GGATAATGCAGGGGCGCGCT_003,15
GGATAATGCAGGGGCGCGCT_004,46
GGATAATGCAGGGGCGCGCT_005,79
GGATAATGCAGGGGCGCGCT_006,9
GGATAATGCAGGGGCGCGCT_007,168
GGATAATGCAGGGGCGCGCT_008,162
GGATAATGCAGGGGCGCGCT_009,106
GTTGCACGGATCGACCTGGG_001,160
GTTGCACGGATCGACCTGGG_002,176
GTTGCACGGATCGACCTGGG_003,35
GTTGCACGGATCGACCTGGG_004,77
GTTGCACGGATCGACCTGGG_005,137
GTTGCACGGATCGACCTGGG_006,115
GTTGCACGGATCGACCTGGG_007,192
GTTGCACGGATCGACCTGGG_008,190
GTTGCACGGATCGACCTGGG_009,166
GTTGCACGGATCGACCTGGG_010,93
GTTGCACGGATCGACCTGGG_011,130
GTTGCACGGATCGACCTGGG_012,124
GTTGCACGGATCGACCTGGG_013,142
GTTGCACGGATCGACCTGGG_014,49
GTTGCACGGATCGACCTGGG_015,193
GGTCCACGCTCATGCACGTG_001,137
GGTCCACGCTCATGCACGTG_002,191
GGTCCACGCTCATGCACGTG_003,22
GGTCCACGCTCATGCACGTG_004,184
GGTCCACGCTCATGCACGTG_005,176
GGTCCACGCTCATGCACGTG_006,141
GGTCCACGCTCATGCACGTG_007,56
GGTCCACGCTCATGCACGTG_008,48
GGTCCACGCTCATGCACGTG_009,198
GGTCCACGCTCATGCACGTG_010,16
GGTCCACGCTCATGCACGTG_011,29
GGTCCACGCTCATGCACGTG_012,58
ACAGTGCAAGGACAATTGCA_001,129
ACAGTGCAAGGACAATTGCA_002,82
ACAGTGCAAGGACAATTGCA_003,102
ACAGTGCAAGGACAATTGCA_004,139
ACAGTGCAAGGACAATTGCA_005,179
ACAGTGCAAGGACAATTGCA_006,48
ACAGTGCAAGGACAATTGCA_007,142
ACAGTGCAAGGACAATTGCA_008,55
ACAGTGCAAGGACAATTGCA_009,19
ACAGTGCAAGGACAATTGCA_010,19
ACAGTGCAAGGACAATTGCA_011,162
ACAGTGCAAGGACAATTGCA_012,15
ACAGTGCAAGGACAATTGCA_013,7
ACAGTGCAAGGACAATTGCA_014,119
ACAGTGCAAGGACAATTGCA_015,8
ACAGTGCAAGGACAATTGCA_016,68
ACAGTGCAAGGACAATTGCA_017,180
ACAGTGCAAGGACAATTGCA_018,6
ACAGTGCAAGGACAATTGCA_019,196
CCCCAAAAATAATCCGAGAA_001,177
CCCCAAAAATAATCCGAGAA_002,2
CCCCAAAAATAATCCGAGAA_003,88
CCCCAAAAATAATCCGAGAA_004,30
CCCCAAAAATAATCCGAGAA_005,23
TCCCAATCAGGACCCCCCAG_001,189
TCCCAATCAGGACCCCCCAG_002,127
TCCCAATCAGGACCCCCCAG_003,6
TCCCAATCAGGACCCCCCAG_004,70
TCCCAATCAGGACCCCCCAG_005,48
TCCCAATCAGGACCCCCCAG_006,48
TCCCAATCAGGACCCCCCAG_007,97
TCCCAATCAGGACCCCCCAG_008,157
TCCCAATCAGGACCCCCCAG_009,121
TCCCAATCAGGACCCCCCAG_010,22
TCCCAATCAGGACCCCCCAG_011,176
TCCCAATCAGGACCCCCCAG_012,48
TCCCAATCAGGACCCCCCAG_013,68
TCCCAATCAGGACCCCCCAG_014,144
CTGGCCCACAGCCTCGACGA_001,88
CTGGCCCACAGCCTCGACGA_002,33
CTGGCCCACAGCCTCGACGA_003,145
CTGGCCCACAGCCTCGACGA_004,50
CTGGCCCACAGCCTCGACGA_005,110
CTGGCCCACAGCCTCGACGA_006,172
CTGGCCCACAGCCTCGACGA_007,65
CTGGCCCACAGCCTCGACGA_008,149
CTGGCCCACAGCCTCGACGA_009,149
CTGGCCCACAGCCTCGACGA_010,82
CTGGCCCACAGCCTCGACGA_011,127
CTGGCCCACAGCCTCGACGA_012,1
CTGGCCCACAGCCTCGACGA_013,108
CTGGCCCACAGCCTCGACGA_014,161
CTGGCCCACAGCCTCGACGA_015,150
CTGGCCCACAGCCTCGACGA_016,1
CTGGCCCACAGCCTCGACGA_017,169
CTGGCCCACAGCCTCGACGA_018,194
CTGGCCCACAGCCTCGACGA_019,179
CTGGCCCACAGCCTCGACGA_020,12
CTGGCCCACAGCCTCGACGA_021,127
CTGGCCCACAGCCTCGACGA_022,18
CTGGCCCACAGCCTCGACGA_023,174
CTGGCCCACAGCCTCGACGA_024,140
CTGGCCCACAGCCTCGACGA_025,83
CTGGCCCACAGCCTCGACGA_026,60
CTGGCCCACAGCCTCGACGA_027,17
CTGGCCCACAGCCTCGACGA_028,29
CTGGCCCACAGCCTCGACGA_029,105
CTGGCCCACAGCCTCGACGA_030,124
CTGGCCCACAGCCTCGACGA_031,128
GGAGACATAAAGTCTAACAA_001,98
GGAGACATAAAGTCTAACAA_002,12
GGAGACATAAAGTCTAACAA_003,162
GGAGACATAAAGTCTAACAA_004,40
AGATCTGATTAAGGTCCTGG_001,148
AGATCTGATTAAGGTCCTGG_002,87
AGATCTGATTAAGGTCCTGG_003,188
AGATCTGATTAAGGTCCTGG_004,146
AGATCTGATTAAGGTCCTGG_005,174
AGATCTGATTAAGGTCCTGG_006,151
AGATCTGATTAAGGTCCTGG_007,148
AGATCTGATTAAGGTCCTGG_008,104
AGATCTGATTAAGGTCCTGG_009,135
AGATCTGATTAAGGTCCTGG_010,135
AGATCTGATTAAGGTCCTGG_011,166
CTATAGAATGGAGTGTCCAG_001,63
TTCCTGTAGGCAATGCCCTA_001,162
TTCCTGTAGGCAATGCCCTA_002,94
TTCCTGTAGGCAATGCCCTA_003,162
TTCCTGTAGGCAATGCCCTA_004,81
TTCCTGTAGGCAATGCCCTA_005,40
TTCCTGTAGGCAATGCCCTA_006,7
TTCCTGTAGGCAATGCCCTA_007,41
GGAGCCGGGACCGCAAACGC_001,143
GGAGCCGGGACCGCAAACGC_002,62
GGAGCCGGGACCGCAAACGC_003,147
GGAGCCGGGACCGCAAACGC_004,35
GGAGCCGGGACCGCAAACGC_005,84
GGAGCCGGGACCGCAAACGC_006,88
GGAGCCGGGACCGCAAACGC_007,72
GGAGCCGGGACCGCAAACGC_008,198
GGAGCCGGGACCGCAAACGC_009,31
GGAGCCGGGACCGCAAACGC_010,150
GTGATAATGATGTATTCTCG_001,146
GTGATAATGATGTATTCTCG_002,10
GTGATAATGATGTATTCTCG_003,165
GTGATAATGATGTATTCTCG_004,103
AATTTCCAGTTTATCCAAAG_001,189
AATTTCCAGTTTATCCAAAG_002,29
AATTTCCAGTTTATCCAAAG_003,77
CTCCCCCGTTGCGATAGCAG_001,103
CTCCCCCGTTGCGATAGCAG_002,107
CTCCCCCGTTGCGATAGCAG_003,19
CTCCCCCGTTGCGATAGCAG_004,77
CCTGTCACTGCAATTGCGAG_001,176
CCTGTCACTGCAATTGCGAG_002,188
CCTGTCACTGCAATTGCGAG_003,105
CCTGTCACTGCAATTGCGAG_004,82
CCTGTCACTGCAATTGCGAG_005,113
CCTGTCACTGCAATTGCGAG_006,197
CCTGTCACTGCAATTGCGAG_007,120
CCTGTCACTGCAATTGCGAG_008,159
CCTGTCACTGCAATTGCGAG_009,16
AGAGTTGAACTGTAGGCTTG_001,34
AGAGTTGAACTGTAGGCTTG_002,72
AGAGTTGAACTGTAGGCTTG_003,105
AGAGTTGAACTGTAGGCTTG_004,148
GAGAACGTGTCAATGACATA_001,95
GAGAACGTGTCAATGACATA_002,21
GAGAACGTGTCAATGACATA_003,117
GAGAACGTGTCAATGACATA_004,166
GAGAACGTGTCAATGACATA_005,66
GAGAACGTGTCAATGACATA_006,168
GAGAACGTGTCAATGACATA_007,123
GCATGCCTCCTACTACCACA_001,95
GCATGCCTCCTACTACCACA_002,191
GCATGCCTCCTACTACCACA_003,72
GCATGCCTCCTACTACCACA_004,146
GCATGCCTCCTACTACCACA_005,144
GCATGCCTCCTACTACCACA_006,106
GCATGCCTCCTACTACCACA_007,115
GCATGCCTCCTACTACCACA_008,26
GCATGCCTCCTACTACCACA_009,77
GCATGCCTCCTACTACCACA_010,40
GCATGCCTCCTACTACCACA_011,26
GCATGCCTCCTACTACCACA_012,94
GCATGCCTCCTACTACCACA_013,33
GCATGCCTCCTACTACCACA_014,197
GCATGCCTCCTACTACCACA_015,43
GCATGCCTCCTACTACCACA_016,8
GCATGCCTCCTACTACCACA_017,144
GCATGCCTCCTACTACCACA_018,41
GCATGCCTCCTACTACCACA_019,107
GCATGCCTCCTACTACCACA_020,40
GCATGCCTCCTACTACCACA_021,76
GCATGCCTCCTACTACCACA_022,154
GCATGCCTCCTACTACCACA_023,60
GCATGCCTCCTACTACCACA_024,2
GCATGCCTCCTACTACCACA_025,15
GTCACACCGACTGCCTAGAG_001,1
GTCACACCGACTGCCTAGAG_002,82
GTCACACCGACTGCCTAGAG_003,54
GTCACACCGACTGCCTAGAG_004,83
GTCACACCGACTGCCTAGAG_005,28
GTCACACCGACTGCCTAGAG_006,15
GTCACACCGACTGCCTAGAG_007,127
GTCACACCGACTGCCTAGAG_008,105
GTCACACCGACTGCCTAGAG_009,184
GTCACACCGACTGCCTAGAG_010,166
GTCACACCGACTGCCTAGAG_011,166
GTCACACCGACTGCCTAGAG_012,126
GTCACACCGACTGCCTAGAG_013,149
GTCACACCGACTGCCTAGAG_014,58
GTCACACCGACTGCCTAGAG_015,49
GTCACACCGACTGCCTAGAG_016,172
TCCAGATAAGAAGCAAGAAG_001,27
TCCAGATAAGAAGCAAGAAG_002,81
TCCAGATAAGAAGCAAGAAG_003,95
TCCAGATAAGAAGCAAGAAG_004,176
TCCAGATAAGAAGCAAGAAG_005,153
TCCAGATAAGAAGCAAGAAG_006,188
AGAACGCGCACAAGGAGAGT_001,174
AGAACGCGCACAAGGAGAGT_002,13
AGAACGCGCACAAGGAGAGT_003,102
AGAACGCGCACAAGGAGAGT_004,29
AGAACGCGCACAAGGAGAGT_005,183
AGAACGCGCACAAGGAGAGT_006,78
CTGACTTCAGGCACGTCGTG_001,146
CTGACTTCAGGCACGTCGTG_002,58
CTGACTTCAGGCACGTCGTG_003,34
CTGACTTCAGGCACGTCGTG_004,58
CTGACTTCAGGCACGTCGTG_005,29
CTGACTTCAGGCACGTCGTG_006,165
CTGACTTCAGGCACGTCGTG_007,129
CTGACTTCAGGCACGTCGTG_008,60
CTGACTTCAGGCACGTCGTG_009,41
CTGACTTCAGGCACGTCGTG_010,127
CTGACTTCAGGCACGTCGTG_011,54
CTGACTTCAGGCACGTCGTG_012,29
CTGACTTCAGGCACGTCGTG_013,178
CTGACTTCAGGCACGTCGTG_014,40
CTGACTTCAGGCACGTCGTG_015,55
CTGACTTCAGGCACGTCGTG_016,178
CTGACTTCAGGCACGTCGTG_017,194
CTGACTTCAGGCACGTCGTG_018,115
CTGACTTCAGGCACGTCGTG_019,137
CTGACTTCAGGCACGTCGTG_020,50
CTGACTTCAGGCACGTCGTG_021,82
CTGACTTCAGGCACGTCGTG_022,94
CTGACTTCAGGCACGTCGTG_023,23
CTGACTTCAGGCACGTCGTG_024,105
CTGACTTCAGGCACGTCGTG_025,2
CTGACTTCAGGCACGTCGTG_026,35
CTGACTTCAGGCACGTCGTG_027,162
CTGACTTCAGGCACGTCGTG_028,98
CTGACTTCAGGCACGTCGTG_029,22
CTGACTTCAGGCACGTCGTG_030,150
CTGACTTCAGGCACGTCGTG_031,80
CTGACTTCAGGCACGTCGTG_032,169
CTGACTTCAGGCACGTCGTG_033,1
CTGACTTCAGGCACGTCGTG_034,89
CTGACTTCAGGCACGTCGTG_035,197
CTGACTTCAGGCACGTCGTG_036,90
GCTGCGAGTGCAGCACGCTG_001,47
GCTGCGAGTGCAGCACGCTG_002,72
GCTGCGAGTGCAGCACGCTG_003,49
GCTGCGAGTGCAGCACGCTG_004,26
GCTGCGAGTGCAGCACGCTG_005,197
GCTGCGAGTGCAGCACGCTG_006,104
GCTGCGAGTGCAGCACGCTG_007,177
GCTGCGAGTGCAGCACGCTG_008,94
GCTGCGAGTGCAGCACGCTG_009,15
GCTGCGAGTGCAGCACGCTG_010,22
GCTGCGAGTGCAGCACGCTG_011,94
GCTGCGAGTGCAGCACGCTG_012,127
GCTGCGAGTGCAGCACGCTG_013,105
GCTGCGAGTGCAGCACGCTG_014,194
GCTGCGAGTGCAGCACGCTG_015,191
GCTGCGAGTGCAGCACGCTG_016,46
ATCATCTTACCAGGGAAGGG_001,147
ATCATCTTACCAGGGAAGGG_002,121
ATCATCTTACCAGGGAAGGG_003,52
ATCATCTTACCAGGGAAGGG_004,57
ATCATCTTACCAGGGAAGGG_005,115
ATCATCTTACCAGGGAAGGG_006,163
ATCATCTTACCAGGGAAGGG_007,103
ATCATCTTACCAGGGAAGGG_008,111
ATCATCTTACCAGGGAAGGG_009,181
ATCATCTTACCAGGGAAGGG_010,88
ATCATCTTACCAGGGAAGGG_011,56
ATCATCTTACCAGGGAAGGG_012,157
ATCATCTTACCAGGGAAGGG_013,48
ATCATCTTACCAGGGAAGGG_014,193
ATCATCTTACCAGGGAAGGG_015,34
ATCATCTTACCAGGGAAGGG_016,152
ATCATCTTACCAGGGAAGGG_017,68
ATCATCTTACCAGGGAAGGG_018,45
ATCATCTTACCAGGGAAGGG_019,79
ATCATCTTACCAGGGAAGGG_020,60
ATCATCTTACCAGGGAAGGG_021,116
AATTTGGATAGAAAGTCACT_001,16
AATTTGGATAGAAAGTCACT_002,78
AATTTGGATAGAAAGTCACT_003,112
AATTTGGATAGAAAGTCACT_004,144
AATTTGGATAGAAAGTCACT_005,117
AATTTGGATAGAAAGTCACT_006,45
AATTTGGATAGAAAGTCACT_007,18
GTGGCTGGGGTAAGTCAACG_001,170
GTGGCTGGGGTAAGTCAACG_002,127
GTGGCTGGGGTAAGTCAACG_003,166
GTGGCTGGGGTAAGTCAACG_004,166
GTGGCTGGGGTAAGTCAACG_005,7
GTGGCTGGGGTAAGTCAACG_006,48
GTGGCTGGGGTAAGTCAACG_007,168
GTGGCTGGGGTAAGTCAACG_008,100
GTGGCTGGGGTAAGTCAACG_009,108
GTGGCTGGGGTAAGTCAACG_010,80
GTGGCTGGGGTAAGTCAACG_011,127
GTGGCTGGGGTAAGTCAACG_012,5
GTGGCTGGGGTAAGTCAACG_013,111
GTGGCTGGGGTAAGTCAACG_014,48
GTGGCTGGGGTAAGTCAACG_015,133
GTGGCTGGGGTAAGTCAACG_016,141
GTGGCTGGGGTAAGTCAACG_017,50
GTGGCTGGGGTAAGTCAACG_018,7
GTGGCTGGGGTAAGTCAACG_019,49
GTGGCTGGGGTAAGTCAACG_020,26
GTGGCTGGGGTAAGTCAACG_021,34
ATTGGCGACCATGTGTCGAA_001,107
ATTGGCGACCATGTGTCGAA_002,28
CAAACGTAGTGGGAAGTGCA_001,40
CAAACGTAGTGGGAAGTGCA_002,110
CAAACGTAGTGGGAAGTGCA_003,192
CAAACGTAGTGGGAAGTGCA_004,130
CCAGGACCGAGTGTAGCCCG_001,70
CCAGGACCGAGTGTAGCCCG_002,15
CCAGGACCGAGTGTAGCCCG_003,194
CCAGGACCGAGTGTAGCCCG_004,134
CCAGGACCGAGTGTAGCCCG_005,123
CCAGGACCGAGTGTAGCCCG_006,94
CCAGGACCGAGTGTAGCCCG_007,69
CCAGGACCGAGTGTAGCCCG_008,7
GGGTATTCGAATCGAAAAGT_001,81
GGGTATTCGAATCGAAAAGT_002,156
TGGCGATAACTAAATTGGTA_001,147
GGGAAAGCCTTTAGCCATCG_001,129
GGGAAAGCCTTTAGCCATCG_002,161
GGGAAAGCCTTTAGCCATCG_003,47
GGGAAAGCCTTTAGCCATCG_004,159
GGGAAAGCCTTTAGCCATCG_005,58
GGGAAAGCCTTTAGCCATCG_006,1
GGGAAAGCCTTTAGCCATCG_007,36
GGGAAAGCCTTTAGCCATCG_008,176
GGGAAAGCCTTTAGCCATCG_009,56
GGGAAAGCCTTTAGCCATCG_010,70
ACCGGAGCTAATAAAACCCG_001,16
ACCGGAGCTAATAAAACCCG_002,151
ACCGGAGCTAATAAAACCCG_003,154
GCTGGAGTTTCAAGACATCC_001,103
GCTGGAGTTTCAAGACATCC_002,148
GCTGGAGTTTCAAGACATCC_003,102
GCTGGAGTTTCAAGACATCC_004,111
GCTGGAGTTTCAAGACATCC_005,178
GCTGGAGTTTCAAGACATCC_006,104
GCTGGAGTTTCAAGACATCC_007,193
GTGCGTGCATCGACTCGTGA_001,67
GTGCGTGCATCGACTCGTGA_002,31
GTGCGTGCATCGACTCGTGA_003,196
GTGCGTGCATCGACTCGTGA_004,27
GTGCGTGCATCGACTCGTGA_005,198
GTGCGTGCATCGACTCGTGA_006,0
GTGCGTGCATCGACTCGTGA_007,104
GTGCGTGCATCGACTCGTGA_008,6
GTGCGTGCATCGACTCGTGA_009,19
GTGCGTGCATCGACTCGTGA_010,107
GTGCGTGCATCGACTCGTGA_011,126
GTGCGTGCATCGACTCGTGA_012,186
GTGCGTGCATCGACTCGTGA_013,160
GTGCGTGCATCGACTCGTGA_014,64
GTGCGTGCATCGACTCGTGA_015,67
GTGCGTGCATCGACTCGTGA_016,157
GTGCGTGCATCGACTCGTGA_017,26
GTGCGTGCATCGACTCGTGA_018,15
GTGCGTGCATCGACTCGTGA_019,10
GTGCGTGCATCGACTCGTGA_020,38
GTGCGTGCATCGACTCGTGA_021,175
GTGCGTGCATCGACTCGTGA_022,46
GTGCGTGCATCGACTCGTGA_023,199
GTGCGTGCATCGACTCGTGA_024,56
GTGCGTGCATCGACTCGTGA_025,138
TCTGATTGTCGTTTACTACC_001,55
AGTGGCCAGGAGTGAAACTG_001,98
AGTGGCCAGGAGTGAAACTG_002,26
AGTGGCCAGGAGTGAAACTG_003,157
AGTGGCCAGGAGTGAAACTG_004,121
AGTGGCCAGGAGTGAAACTG_005,128
AGTGGCCAGGAGTGAAACTG_006,175
AGTGGCCAGGAGTGAAACTG_007,104
AGTGGCCAGGAGTGAAACTG_008,144
AGTGGCCAGGAGTGAAACTG_009,14
AGTGGCCAGGAGTGAAACTG_010,162
AGTGGCCAGGAGTGAAACTG_011,38
AGTGGCCAGGAGTGAAACTG_012,123
AGTGGCCAGGAGTGAAACTG_013,164
AGTGGCCAGGAGTGAAACTG_014,164
AGTGGCCAGGAGTGAAACTG_015,110
AGTGGCCAGGAGTGAAACTG_016,68
AGTGGCCAGGAGTGAAACTG_017,114
AGTGGCCAGGAGTGAAACTG_018,48
AGTGGCCAGGAGTGAAACTG_019,9
AGTGGCCAGGAGTGAAACTG_020,148
AGTGGCCAGGAGTGAAACTG_021,35
AGTGGCCAGGAGTGAAACTG_022,37
AGTGGCCAGGAGTGAAACTG_023,198
AGTGGCCAGGAGTGAAACTG_024,136
AGTGGCCAGGAGTGAAACTG_025,145
AGTGGCCAGGAGTGAAACTG_026,58
TCCAGACAGTCACTCTACTG_001,56
TCCAGACAGTCACTCTACTG_002,110
TCCAGACAGTCACTCTACTG_003,83
TCCAGACAGTCACTCTACTG_004,183
TCCAGACAGTCACTCTACTG_005,115
TCCAGACAGTCACTCTACTG_006,106
TCCAGACAGTCACTCTACTG_007,33
TTTGGGAAGATTCGACCACG_001,56
TTTGGGAAGATTCGACCACG_002,110
TTTGGGAAGATTCGACCACG_003,97
TTTGGGAAGATTCGACCACG_004,196
TTTGGGAAGATTCGACCACG_005,179
TTTGGGAAGATTCGACCACG_006,104
TTTGGGAAGATTCGACCACG_007,48
TTTGGGAAGATTCGACCACG_008,124
GTCATGGTGATCAAACGCCC_001,198
GTCATGGTGATCAAACGCCC_002,42
CAAGGTAGCAGGGATATCCG_001,103
CAAGGTAGCAGGGATATCCG_002,104
CAAGGTAGCAGGGATATCCG_003,34
CAAGGTAGCAGGGATATCCG_004,43
TGAAGGGGAAGGTCCCCACG_001,181
TGAAGGGGAAGGTCCCCACG_002,68
TGAAGGGGAAGGTCCCCACG_003,75
TGAAGGGGAAGGTCCCCACG_004,56
TGAAGGGGAAGGTCCCCACG_005,28
GAACACTATAGCTCTCTGAA_001,181
GAACACTATAGCTCTCTGAA_002,116
ATGTTGGGGGTACATTCAGG_001,39
ATGTTGGGGGTACATTCAGG_002,166
ATGTTGGGGGTACATTCAGG_003,67
ATGTTGGGGGTACATTCAGG_004,148
ATGTTGGGGGTACATTCAGG_005,93
ATGTTGGGGGTACATTCAGG_006,181
ATGTTGGGGGTACATTCAGG_007,94
ATGTTGGGGGTACATTCAGG_008,49
CGAACCACAGGAAGTTCCGA_001,9
CGAACCACAGGAAGTTCCGA_002,198
CGAACCACAGGAAGTTCCGA_003,76
CGAACCACAGGAAGTTCCGA_004,181
CGAACCACAGGAAGTTCCGA_005,170
CGAACCACAGGAAGTTCCGA_006,106
CGAACCACAGGAAGTTCCGA_007,166
CGAACCACAGGAAGTTCCGA_008,158
CGAACCACAGGAAGTTCCGA_009,157
CGAACCACAGGAAGTTCCGA_010,28
CGAACCACAGGAAGTTCCGA_011,105
CGAACCACAGGAAGTTCCGA_012,0
GATGAACAATCGGTTTCGGA_001,96
GATGAACAATCGGTTTCGGA_002,166
GATGAACAATCGGTTTCGGA_003,198
CCTTCCCCCAGATATCCCAG_001,42
CCTTCCCCCAGATATCCCAG_002,172
CCTTCCCCCAGATATCCCAG_003,76
CCTTCCCCCAGATATCCCAG_004,1
CCTTCCCCCAGATATCCCAG_005,35
CCTTCCCCCAGATATCCCAG_006,36
CCTTCCCCCAGATATCCCAG_007,192
CCTTCCCCCAGATATCCCAG_008,152
CCTTCCCCCAGATATCCCAG_009,137
CCTTCCCCCAGATATCCCAG_010,51
CCTTCCCCCAGATATCCCAG_011,140
GTCCGCTTAAATCCAGACAA_001,118
GTCCGCTTAAATCCAGACAA_002,29
GTCCGCTTAAATCCAGACAA_003,121
GTCCGCTTAAATCCAGACAA_004,40
GTCCGCTTAAATCCAGACAA_005,198
GTCCGCTTAAATCCAGACAA_006,106
GTCCGCTTAAATCCAGACAA_007,150
GTCCGCTTAAATCCAGACAA_008,43
GTCCGCTTAAATCCAGACAA_009,156
GTCCGCTTAAATCCAGACAA_010,53
GTCCGCTTAAATCCAGACAA_011,25
GTCCGCTTAAATCCAGACAA_012,176
GTCCGCTTAAATCCAGACAA_013,192
GTCCGCTTAAATCCAGACAA_014,102
GTCCGCTTAAATCCAGACAA_015,19
GTCCGCTTAAATCCAGACAA_016,76
GTCCGCTTAAATCCAGACAA_017,27
GCTTCGTGCACCATATCCGA_001,159
GCTTCGTGCACCATATCCGA_002,32
GCTTCGTGCACCATATCCGA_003,98
GCTTCGTGCACCATATCCGA_004,168
GCTTCGTGCACCATATCCGA_005,43
GCTTCGTGCACCATATCCGA_006,105
GCTTCGTGCACCATATCCGA_007,68
GCTTCGTGCACCATATCCGA_008,174
GCTTCGTGCACCATATCCGA_009,54
AACTCCGTAGTTGTCCACGA_001,124
AACTCCGTAGTTGTCCACGA_002,73
AACTCCGTAGTTGTCCACGA_003,109
AACTCCGTAGTTGTCCACGA_004,109
AACTCCGTAGTTGTCCACGA_005,102
CAGACATGGTCTACAAGGCG_001,45
CAGACATGGTCTACAAGGCG_002,199
CAGACATGGTCTACAAGGCG_003,169
CAGACATGGTCTACAAGGCG_004,10
CAGACATGGTCTACAAGGCG_005,137
CAGACATGGTCTACAAGGCG_006,60
AGTCTCTGATGCCACAACCG_001,62
AGTCTCTGATGCCACAACCG_002,76
AGTCTCTGATGCCACAACCG_003,121
AGTCTCTGATGCCACAACCG_004,88
AGTCTCTGATGCCACAACCG_005,127
AGTCTCTGATGCCACAACCG_006,23
AGTCTCTGATGCCACAACCG_007,73
TTGAAGAGAGAAACGCACTG_001,15
TTGAAGAGAGAAACGCACTG_002,181
TTGAAGAGAGAAACGCACTG_003,127
TTGAAGAGAGAAACGCACTG_004,142
TTGAAGAGAGAAACGCACTG_005,134
TTGAAGAGAGAAACGCACTG_006,5
TTGAAGAGAGAAACGCACTG_007,134
TTGAAGAGAGAAACGCACTG_008,155
TTGAAGAGAGAAACGCACTG_009,68
TGTACTCCGTTGCCAACTTG_001,56
TGTACTCCGTTGCCAACTTG_002,169
TGTACTCCGTTGCCAACTTG_003,32
TGTACTCCGTTGCCAACTTG_004,114
TGTACTCCGTTGCCAACTTG_005,174
TGTACTCCGTTGCCAACTTG_006,119
TGTACTCCGTTGCCAACTTG_007,130
TGTACTCCGTTGCCAACTTG_008,62
TGTACTCCGTTGCCAACTTG_009,18
TGTACTCCGTTGCCAACTTG_010,5
TGTACTCCGTTGCCAACTTG_011,14
TGTACTCCGTTGCCAACTTG_012,73
TGTACTCCGTTGCCAACTTG_013,174
TGTACTCCGTTGCCAACTTG_014,105
TGTACTCCGTTGCCAACTTG_015,168
TGTACTCCGTTGCCAACTTG_016,124
TGTACTCCGTTGCCAACTTG_017,19
TGTACTCCGTTGCCAACTTG_018,99
ACTACGAGTACGTGATCATG_001,175
ACTACGAGTACGTGATCATG_002,9
ACTACGAGTACGTGATCATG_003,174
ACTACGAGTACGTGATCATG_004,4
ACTACGAGTACGTGATCATG_005,114
ACTACGAGTACGTGATCATG_006,127
AAATGCCTTCCCAATTACCG_001,159
AAATGCCTTCCCAATTACCG_002,147
AAATGCCTTCCCAATTACCG_003,4
AAATGCCTTCCCAATTACCG_004,94
AAATGCCTTCCCAATTACCG_005,94
TACCAACGGCGAGTCCCGGT_001,178
TACCAACGGCGAGTCCCGGT_002,6
TACCAACGGCGAGTCCCGGT_003,139
GATGAAAGAGGGTACGCTGG_001,83
GATGAAAGAGGGTACGCTGG_002,149
GATGAAAGAGGGTACGCTGG_003,92
GATGAAAGAGGGTACGCTGG_004,21
GATGAAAGAGGGTACGCTGG_005,140
GATGAAAGAGGGTACGCTGG_006,77
GATGAAAGAGGGTACGCTGG_007,77
GATGAAAGAGGGTACGCTGG_008,120
GATGAAAGAGGGTACGCTGG_009,35
GATGAAAGAGGGTACGCTGG_010,23
GATGAAAGAGGGTACGCTGG_011,115
AATCTTGAGAAGATTCACAA_001,29
AATCTTGAGAAGATTCACAA_002,7
AATCTTGAGAAGATTCACAA_003,32
AATCTTGAGAAGATTCACAA_004,127
AATCTTGAGAAGATTCACAA_005,127
AATCTTGAGAAGATTCACAA_006,147
AATCTTGAGAAGATTCACAA_007,48
AATCTTGAGAAGATTCACAA_008,52
AATCTTGAGAAGATTCACAA_009,68
AATCTTGAGAAGATTCACAA_010,127
AATCTTGAGAAGATTCACAA_011,176
AATCTTGAGAAGATTCACAA_012,27
AATCTTGAGAAGATTCACAA_013,197
AATCTTGAGAAGATTCACAA_014,41
AATCTTGAGAAGATTCACAA_015,0
AATCTTGAGAAGATTCACAA_016,41
AATCTTGAGAAGATTCACAA_017,61
AATCTTGAGAAGATTCACAA_018,95
AAACTTCGAGAAGACAGCGT_001,106
AAACTTCGAGAAGACAGCGT_002,77
AAACTTCGAGAAGACAGCGT_003,94
AAACTTCGAGAAGACAGCGT_004,128
AAACTTCGAGAAGACAGCGT_005,61
AAACTTCGAGAAGACAGCGT_006,12
AAACTTCGAGAAGACAGCGT_007,81
AAACTTCGAGAAGACAGCGT_008,139
AAACTTCGAGAAGACAGCGT_009,28
AAACTTCGAGAAGACAGCGT_010,147
AAACTTCGAGAAGACAGCGT_011,58
AAACTTCGAGAAGACAGCGT_012,78
AATGCTTACAGGATACCACT_001,115
AATGCTTACAGGATACCACT_002,149
AGTGGACATTCTCAGCCCCG_001,1
AGTGGACATTCTCAGCCCCG_002,9
CCTCCAGAGTGAGAACCCCT_001,154
CCTCCAGAGTGAGAACCCCT_002,34
CCTCCAGAGTGAGAACCCCT_003,34
CCTCCAGAGTGAGAACCCCT_004,174
CCTCCAGAGTGAGAACCCCT_005,168
CCTCCAGAGTGAGAACCCCT_006,16
CCTCCAGAGTGAGAACCCCT_007,9
CCTCCAGAGTGAGAACCCCT_008,112
CCTCCAGAGTGAGAACCCCT_009,168
CCTCCAGAGTGAGAACCCCT_010,199
CCTCCAGAGTGAGAACCCCT_011,138
CCTCCAGAGTGAGAACCCCT_012,147
CCTCCAGAGTGAGAACCCCT_013,149
CCTCCAGAGTGAGAACCCCT_014,35
CCTCCAGAGTGAGAACCCCT_015,0
CCTCCAGAGTGAGAACCCCT_016,57
CCTCCAGAGTGAGAACCCCT_017,125
GCCTGTATTAAAGGTCGTGG_001,149
GCCTGTATTAAAGGTCGTGG_002,48
GCCTGTATTAAAGGTCGTGG_003,144
GCCTGTATTAAAGGTCGTGG_004,160
GCCTGTATTAAAGGTCGTGG_005,149
GCCTGTATTAAAGGTCGTGG_006,181
GCCTGTATTAAAGGTCGTGG_007,160
GCCTGTATTAAAGGTCGTGG_008,81
GCCTGTATTAAAGGTCGTGG_009,19
GCCTGTATTAAAGGTCGTGG_010,2
TGGGCCACTTTCCAACACGG_001,50
TGGGCCACTTTCCAACACGG_002,78
TGGGCCACTTTCCAACACGG_003,31
TGGGCCACTTTCCAACACGG_004,126
TGGGCCACTTTCCAACACGG_005,115
TGGGCCACTTTCCAACACGG_006,68
TGGGCCACTTTCCAACACGG_007,188
GGCCGAACCTGAGATCGACG_001,17
GGCCGAACCTGAGATCGACG_002,166
GGCCGAACCTGAGATCGACG_003,51
GGCCGAACCTGAGATCGACG_004,160
GGCCGAACCTGAGATCGACG_005,72
GGCCGAACCTGAGATCGACG_006,162
GGCCGAACCTGAGATCGACG_007,162
GGCCGAACCTGAGATCGACG_008,136
GGCCGAACCTGAGATCGACG_009,150
GGCCGAACCTGAGATCGACG_010,58
GGCCGAACCTGAGATCGACG_011,177
GGCCGAACCTGAGATCGACG_012,188
GGCCGAACCTGAGATCGACG_013,40
GGCCGAACCTGAGATCGACG_014,48
GGCCGAACCTGAGATCGACG_015,134
GGCCGAACCTGAGATCGACG_016,124
GGCCGAACCTGAGATCGACG_017,144
GGCCGAACCTGAGATCGACG_018,167
TGCAGCTGCCAGACACGCCG_001,122
TGCAGCTGCCAGACACGCCG_002,2
TGCAGCTGCCAGACACGCCG_003,54
TGCAGCTGCCAGACACGCCG_004,77
TGCAGCTGCCAGACACGCCG_005,19
TGCAGCTGCCAGACACGCCG_006,118
TGCAGCTGCCAGACACGCCG_007,28
TGCAGCTGCCAGACACGCCG_008,53
TGCAGCTGCCAGACACGCCG_009,65
TGCAGCTGCCAGACACGCCG_010,171
TGCAGCTGCCAGACACGCCG_011,8
TGCAGCTGCCAGACACGCCG_012,174
TGCAGCTGCCAGACACGCCG_013,138
TGCAGCTGCCAGACACGCCG_014,138
TGCAGCTGCCAGACACGCCG_015,148
TGCAGCTGCCAGACACGCCG_016,8
TGCAGCTGCCAGACACGCCG_017,162
TGCAGCTGCCAGACACGCCG_018,7
TGCAGCTGCCAGACACGCCG_019,188
TGCAGCTGCCAGACACGCCG_020,168
TGCAGCTGCCAGACACGCCG_021,83
TGCAGCTGCCAGACACGCCG_022,81
TGCAGCTGCCAGACACGCCG_023,158
TGCAGCTGCCAGACACGCCG_024,69
TGCAGCTGCCAGACACGCCG_025,2
TGCAGCTGCCAGACACGCCG_026,127
TGCAGCTGCCAGACACGCCG_027,163
TGCAGCTGCCAGACACGCCG_028,10
TGCAGCTGCCAGACACGCCG_029,61
TGCAGCTGCCAGACACGCCG_030,134
TGCAGCTGCCAGACACGCCG_031,125
TGCAGCTGCCAGACACGCCG_032,67
GTGACTGTCTACCATCGCCG_001,106
GTGACTGTCTACCATCGCCG_002,191
GTGACTGTCTACCATCGCCG_003,84
CTGGAGCCGAAACGGTACCC_001,192
GGACTTAGACCGTTACAACA_001,114
GGACTTAGACCGTTACAACA_002,8
GGACTTAGACCGTTACAACA_003,147
GGACTTAGACCGTTACAACA_004,115
GGACTTAGACCGTTACAACA_005,49
GGACTTAGACCGTTACAACA_006,86
GGACTTAGACCGTTACAACA_007,69
GGACTTAGACCGTTACAACA_008,45
GGACTTAGACCGTTACAACA_009,161
CTGGATGCCCTCAAGGACGT_001,28
CTGGATGCCCTCAAGGACGT_002,6
CTGGATGCCCTCAAGGACGT_003,119
CTGGATGCCCTCAAGGACGT_004,161
CTGGATGCCCTCAAGGACGT_005,7
CTGGATGCCCTCAAGGACGT_006,115
CTGGATGCCCTCAAGGACGT_007,170
CTGGATGCCCTCAAGGACGT_008,46
CTGGATGCCCTCAAGGACGT_009,175
CTGGATGCCCTCAAGGACGT_010,2
CTGGATGCCCTCAAGGACGT_011,76
CTGGATGCCCTCAAGGACGT_012,78
CTGGATGCCCTCAAGGACGT_013,127
CTGGATGCCCTCAAGGACGT_014,130
CTGGATGCCCTCAAGGACGT_015,145
CTGGATGCCCTCAAGGACGT_016,81
CTGGATGCCCTCAAGGACGT_017,14
CTGGATGCCCTCAAGGACGT_018,126
CTGGATGCCCTCAAGGACGT_019,198
CTGGATGCCCTCAAGGACGT_020,70
CTGGATGCCCTCAAGGACGT_021,52
CTGGATGCCCTCAAGGACGT_022,173
CTGGATGCCCTCAAGGACGT_023,90
CTGGATGCCCTCAAGGACGT_024,95
AACATCTGTAACTTCTTGGA_001,175
GATTCGACTACAGACACAGA_001,8
GATTCGACTACAGACACAGA_002,143
GATTCGACTACAGACACAGA_003,35
GATTCGACTACAGACACAGA_004,141
GATTCGACTACAGACACAGA_005,69
GATTCGACTACAGACACAGA_006,61
GATTCGACTACAGACACAGA_007,66
TATTCCAGGAAGAGCAACCG_001,105
TATTCCAGGAAGAGCAACCG_002,1
TATTCCAGGAAGAGCAACCG_003,1
TATTCCAGGAAGAGCAACCG_004,115
TATTCCAGGAAGAGCAACCG_005,158
TATTCCAGGAAGAGCAACCG_006,147
TATTCCAGGAAGAGCAACCG_007,70
CAGCCCCCCAAAAGACTGGT_001,199
CAGCCCCCCAAAAGACTGGT_002,168
CAGCCCCCCAAAAGACTGGT_003,138
CAGCCCCCCAAAAGACTGGT_004,158
CAGCCCCCCAAAAGACTGGT_005,72
CAGCCCCCCAAAAGACTGGT_006,49
CAGCCCCCCAAAAGACTGGT_007,76
CAGCCCCCCAAAAGACTGGT_008,153
CAGCCCCCCAAAAGACTGGT_009,134
CAGCCCCCCAAAAGACTGGT_010,103
CAGCCCCCCAAAAGACTGGT_011,23
CAGCCCCCCAAAAGACTGGT_012,182
CAGCCCCCCAAAAGACTGGT_013,94
CAGCCCCCCAAAAGACTGGT_014,124
CAGCCCCCCAAAAGACTGGT_015,117
CAGCCCCCCAAAAGACTGGT_016,58
CAGCCCCCCAAAAGACTGGT_017,44
CAGCCCCCCAAAAGACTGGT_018,163
CAGCCCCCCAAAAGACTGGT_019,188
CAGCCCCCCAAAAGACTGGT_020,58
CAGCCCCCCAAAAGACTGGT_021,60
CAGCCCCCCAAAAGACTGGT_022,170
CAGCCCCCCAAAAGACTGGT_023,70
GGTGACACGGAACTACACCT_001,192
GGTGACACGGAACTACACCT_002,52
GGTGACACGGAACTACACCT_003,2
GGTGACACGGAACTACACCT_004,94
GGTGTATCCCAGAAGGCCCG_001,34
GGTGTATCCCAGAAGGCCCG_002,84
GGTGTATCCCAGAAGGCCCG_003,146
AGAGATCCGCTATCTAGATG_001,112
AGAGATCCGCTATCTAGATG_002,65
ATATCTGGCTCAATGCAAAG_001,150
ATATCTGGCTCAATGCAAAG_002,170
ATATCTGGCTCAATGCAAAG_003,36
ATATCTGGCTCAATGCAAAG_004,133
ATATCTGGCTCAATGCAAAG_005,58
ATATCTGGCTCAATGCAAAG_006,127
ATATCTGGCTCAATGCAAAG_007,153
ATATCTGGCTCAATGCAAAG_008,166
ATATCTGGCTCAATGCAAAG_009,137
ATATCTGGCTCAATGCAAAG_010,149
ATATCTGGCTCAATGCAAAG_011,105
ATATCTGGCTCAATGCAAAG_012,94
ATATCTGGCTCAATGCAAAG_013,147
ATATCTGGCTCAATGCAAAG_014,148
TCCCGCGATAGGGACAAATA_001,63
TCCCGCGATAGGGACAAATA_002,78
TCCCGCGATAGGGACAAATA_003,17
GATACCGGTAAAGTAGACTC_001,48
GATACCGGTAAAGTAGACTC_002,77
GATACCGGTAAAGTAGACTC_003,144
GATACCGGTAAAGTAGACTC_004,182
GATACCGGTAAAGTAGACTC_005,150
TAATAATGGACACCGTAAGT_001,53
AGCACTGGCTCGTGTCGACG_001,48
AGCACTGGCTCGTGTCGACG_002,48
AGCACTGGCTCGTGTCGACG_003,199
AGCACTGGCTCGTGTCGACG_004,121
AGCACTGGCTCGTGTCGACG_005,77
AGCACTGGCTCGTGTCGACG_006,70
AGCACTGGCTCGTGTCGACG_007,56
AGCACTGGCTCGTGTCGACG_008,30
AGCACTGGCTCGTGTCGACG_009,15
AGCACTGGCTCGTGTCGACG_010,151
AGCACTGGCTCGTGTCGACG_011,4
AGCACTGGCTCGTGTCGACG_012,137
AGCACTGGCTCGTGTCGACG_013,65
AGGCACTAGTCTGATACAGA_001,12
AGGCACTAGTCTGATACAGA_002,183
AGGCACTAGTCTGATACAGA_003,6
AGGCACTAGTCTGATACAGA_004,81
AGGCACTAGTCTGATACAGA_005,174
AGGCACTAGTCTGATACAGA_006,105
AGGCACTAGTCTGATACAGA_007,166
AGGCACTAGTCTGATACAGA_008,101
AGGCACTAGTCTGATACAGA_009,105
AGGCACTAGTCTGATACAGA_010,69
AGGCACTAGTCTGATACAGA_011,90
AGGCACTAGTCTGATACAGA_012,168
AGGCACTAGTCTGATACAGA_013,142
GAACGTTACCTGGACATGTG_001,109
GAACGTTACCTGGACATGTG_002,9
GAACGTTACCTGGACATGTG_003,50
GAACGTTACCTGGACATGTG_004,14
GAACGTTACCTGGACATGTG_005,88
GAACGTTACCTGGACATGTG_006,130
GAACGTTACCTGGACATGTG_007,148
GAACGTTACCTGGACATGTG_008,184
GAACGTTACCTGGACATGTG_009,116
CAGCCTCCGGGACTCCGATG_001,171
CAGCCTCCGGGACTCCGATG_002,130
CAGCCTCCGGGACTCCGATG_003,78
CAGCCTCCGGGACTCCGATG_004,188
CAGCCTCCGGGACTCCGATG_005,11
CAGCCTCCGGGACTCCGATG_006,109
CAGCCTCCGGGACTCCGATG_007,65
CAGCCTCCGGGACTCCGATG_008,152
CAGCCTCCGGGACTCCGATG_009,49
CAGCCTCCGGGACTCCGATG_010,41
CAGCCTCCGGGACTCCGATG_011,3
CAGCCTCCGGGACTCCGATG_012,135
CAGCCTCCGGGACTCCGATG_013,124
CAGCCTCCGGGACTCCGATG_014,167
CAGCCTCCGGGACTCCGATG_015,118
CGCTGGCCCGAAAGCCCAAG_001,172
CGCTGGCCCGAAAGCCCAAG_002,105
CGCTGGCCCGAAAGCCCAAG_003,162
CGCTGGCCCGAAAGCCCAAG_004,78
CGCTGGCCCGAAAGCCCAAG_005,118
CGCTGGCCCGAAAGCCCAAG_006,41
CGCTGGCCCGAAAGCCCAAG_007,20
CGCTGGCCCGAAAGCCCAAG_008,115
CGCTGGCCCGAAAGCCCAAG_009,79
GGGCCCGATTGGTCGCATGA_001,45
GGGCCCGATTGGTCGCATGA_002,170
GGGCCCGATTGGTCGCATGA_003,52
GGGCCCGATTGGTCGCATGA_004,99
GGGCCCGATTGGTCGCATGA_005,60
GGGCCCGATTGGTCGCATGA_006,98
GGGCCCGATTGGTCGCATGA_007,149
GGGCCCGATTGGTCGCATGA_008,12
GGGCCCGATTGGTCGCATGA_009,34
GGGCCCGATTGGTCGCATGA_010,44
GGGCCCGATTGGTCGCATGA_011,34
GGGCCCGATTGGTCGCATGA_012,46
TCCACTGTTGAGCTACAACG_001,170
TCCACTGTTGAGCTACAACG_002,197
TCCACTGTTGAGCTACAACG_003,84
TCCACTGTTGAGCTACAACG_004,147
TCCACTGTTGAGCTACAACG_005,13
GGAGCACTCGGATTATTCCA_001,197
TCTACAAATCAACAATCCGT_001,127
TCTACAAATCAACAATCCGT_002,81
TCTACAAATCAACAATCCGT_003,186
TCTACAAATCAACAATCCGT_004,163
CATGGACCGCTTGCAAACGG_001,187
CATGGACCGCTTGCAAACGG_002,89
CATGGACCGCTTGCAAACGG_003,63
CATGGACCGCTTGCAAACGG_004,166
ACAAGGAGCTAGGCTTCAAG_001,174
ACAAGGAGCTAGGCTTCAAG_002,62
ACAAGGAGCTAGGCTTCAAG_003,194
ACAAGGAGCTAGGCTTCAAG_004,18
ACAAGGAGCTAGGCTTCAAG_005,144
ACAAGGAGCTAGGCTTCAAG_006,178
ACAAGGAGCTAGGCTTCAAG_007,36
ACAAGGAGCTAGGCTTCAAG_008,111
ACAAGGAGCTAGGCTTCAAG_009,48
ACAAGGAGCTAGGCTTCAAG_010,170
AAATACATGTTGGGGCATGG_001,114
AAATACATGTTGGGGCATGG_002,121
AAATACATGTTGGGGCATGG_003,115
AAATACATGTTGGGGCATGG_004,48
AAATACATGTTGGGGCATGG_005,76
AAATACATGTTGGGGCATGG_006,134
AAATACATGTTGGGGCATGG_007,101
AAATACATGTTGGGGCATGG_008,115
ACGGAGCTGATGACATGGCG_001,160
ACGGAGCTGATGACATGGCG_002,48
ACGGAGCTGATGACATGGCG_003,75
ACGGAGCTGATGACATGGCG_004,171
ACGGAGCTGATGACATGGCG_005,160
ACGGAGCTGATGACATGGCG_006,150
ACGGAGCTGATGACATGGCG_007,2
ACGGAGCTGATGACATGGCG_008,19
ACGGAGCTGATGACATGGCG_009,50
ACGGAGCTGATGACATGGCG_010,29
ACGGAGCTGATGACATGGCG_011,1
ACGGAGCTGATGACATGGCG_012,50
ACGGAGCTGATGACATGGCG_013,67
ACGGAGCTGATGACATGGCG_014,161
ACGGAGCTGATGACATGGCG_015,77
ACGGAGCTGATGACATGGCG_016,135
ACGGAGCTGATGACATGGCG_017,49
ACGGAGCTGATGACATGGCG_018,81
AGAGACCGGGACATTCGAGT_001,118
AGAGACCGGGACATTCGAGT_002,145
AGAGACCGGGACATTCGAGT_003,8
AGAGACCGGGACATTCGAGT_004,144
AGAGACCGGGACATTCGAGT_005,54
AGAGACCGGGACATTCGAGT_006,189
AGAGACCGGGACATTCGAGT_007,53
AGAGACCGGGACATTCGAGT_008,141
AGAGACCGGGACATTCGAGT_009,66
AGAGACCGGGACATTCGAGT_010,138
AGAGCAGGCTGTAAAAAATG_001,119
AGAGCAGGCTGTAAAAAATG_002,9
AGAGCAGGCTGTAAAAAATG_003,27
AGAGCAGGCTGTAAAAAATG_004,50
GCCTCAAGACGACGTCCTGG_001,146
GCCTCAAGACGACGTCCTGG_002,18
GCCTCAAGACGACGTCCTGG_003,177
GCCTCAAGACGACGTCCTGG_004,56
GCCTCAAGACGACGTCCTGG_005,151
GCCTCAAGACGACGTCCTGG_006,49
GCCTCAAGACGACGTCCTGG_007,133
GCCTCAAGACGACGTCCTGG_008,91
GCCTCAAGACGACGTCCTGG_009,192
GCCTCAAGACGACGTCCTGG_010,127
GCCTCAAGACGACGTCCTGG_011,154
GCCTCAAGACGACGTCCTGG_012,73
GCCTCAAGACGACGTCCTGG_013,113
GCCTCAAGACGACGTCCTGG_014,63
GCCTCAAGACGACGTCCTGG_015,111
AGAACCTGAGGACCCAGTCA_001,17
AGAACCTGAGGACCCAGTCA_002,29
AGAACCTGAGGACCCAGTCA_003,38
AGAACCTGAGGACCCAGTCA_004,102
AGAACCTGAGGACCCAGTCA_005,130
AGAACCTGAGGACCCAGTCA_006,60
AGAACCTGAGGACCCAGTCA_007,13
AGAACCTGAGGACCCAGTCA_008,147
AGAACCTGAGGACCCAGTCA_009,49
AGAACCTGAGGACCCAGTCA_010,94
AGAACCTGAGGACCCAGTCA_011,177
AGAACCTGAGGACCCAGTCA_012,177
AGAACCTGAGGACCCAGTCA_013,84
AGAACCTGAGGACCCAGTCA_014,56
AGAACCTGAGGACCCAGTCA_015,147
AGAACCTGAGGACCCAGTCA_016,161
AGAACCTGAGGACCCAGTCA_017,12
AGAACCTGAGGACCCAGTCA_018,48
AGAACCTGAGGACCCAGTCA_019,58
AGAACCTGAGGACCCAGTCA_020,20
AGAACCTGAGGACCCAGTCA_021,47
AGAACCTGAGGACCCAGTCA_022,75
AGAACCTGAGGACCCAGTCA_023,148
AGAACCTGAGGACCCAGTCA_024,149
AGAACCTGAGGACCCAGTCA_025,168
AGAACCTGAGGACCCAGTCA_026,60
AGAACCTGAGGACCCAGTCA_027,155
AGGCTTACGCCAAACAACTG_001,29
AGGCTTACGCCAAACAACTG_002,107
AGGCTTACGCCAAACAACTG_003,105
AGGCTTACGCCAAACAACTG_004,41
AGGCTTACGCCAAACAACTG_005,9
AGGCTTACGCCAAACAACTG_006,117
AGGCTTACGCCAAACAACTG_007,150
AGGCTTACGCCAAACAACTG_008,154
AGGCTTACGCCAAACAACTG_009,73
AGGCTTACGCCAAACAACTG_010,122
AGGCTTACGCCAAACAACTG_011,97
AGGCTTACGCCAAACAACTG_012,187
AGGCTTACGCCAAACAACTG_013,119
AGGCTTACGCCAAACAACTG_014,28
AGGCTTACGCCAAACAACTG_015,174
AGGCTTACGCCAAACAACTG_016,184
AGGCTTACGCCAAACAACTG_017,157
AGGCTTACGCCAAACAACTG_018,162
AGGCTTACGCCAAACAACTG_019,105
AGGCTTACGCCAAACAACTG_020,11
AGGCTTACGCCAAACAACTG_021,136
AGGCTTACGCCAAACAACTG_022,166
AGGCTTACGCCAAACAACTG_023,6
AGGCTTACGCCAAACAACTG_024,178
AGGCTTACGCCAAACAACTG_025,138
AGGCTTACGCCAAACAACTG_026,17
GGCAACCCGCCGGCTCCCGG_001,6
GGCAACCCGCCGGCTCCCGG_002,13
GGCAACCCGCCGGCTCCCGG_003,149
GGCAACCCGCCGGCTCCCGG_004,7
GGCAACCCGCCGGCTCCCGG_005,2
GGCAACCCGCCGGCTCCCGG_006,198
GGCAACCCGCCGGCTCCCGG_007,18
GGCAACCCGCCGGCTCCCGG_008,62
GGCAACCCGCCGGCTCCCGG_009,23
GGCAACCCGCCGGCTCCCGG_010,100
GGCAACCCGCCGGCTCCCGG_011,100
GGCAACCCGCCGGCTCCCGG_012,53
GGCAACCCGCCGGCTCCCGG_013,118
GGCAACCCGCCGGCTCCCGG_014,145
TATTCCAACACCTTCCAACA_001,33
TATTCCAACACCTTCCAACA_002,193
TATTCCAACACCTTCCAACA_003,144
TCTACGTGGACTTACCGGCA_001,27
TTCTCCCTTCTCGGCCACCT_001,26
TTCTCCCTTCTCGGCCACCT_002,104
TTCTCCCTTCTCGGCCACCT_003,187
TTCTCCCTTCTCGGCCACCT_004,59
TTCTCCCTTCTCGGCCACCT_005,127
TTCTCCCTTCTCGGCCACCT_006,122
GGCGATGGCGAAGATATCGG_001,91
GGCGATGGCGAAGATATCGG_002,199
GGCGATGGCGAAGATATCGG_003,149
GGCGATGGCGAAGATATCGG_004,35
GGCGATGGCGAAGATATCGG_005,105
CAAGTTCCACAGCTACAAGT_001,6
CAAGTTCCACAGCTACAAGT_002,4
CAAGTTCCACAGCTACAAGT_003,13
CAAGTTCCACAGCTACAAGT_004,49
TGGATTGCAGTGGCATACGT_001,42
TGGATTGCAGTGGCATACGT_002,158
TGGATTGCAGTGGCATACGT_003,199
TGGATTGCAGTGGCATACGT_004,156
TGGATTGCAGTGGCATACGT_005,40
CCTGATGCACCCCCTAGATG_001,193
CCTGATGCACCCCCTAGATG_002,172
CCTGATGCACCCCCTAGATG_003,68
CCTGATGCACCCCCTAGATG_004,130
CCTGATGCACCCCCTAGATG_005,134
CCTGATGCACCCCCTAGATG_006,109
CCTGATGCACCCCCTAGATG_007,171
CCTGATGCACCCCCTAGATG_008,15
CCTGATGCACCCCCTAGATG_009,156
CCTGATGCACCCCCTAGATG_010,37
CCTGATGCACCCCCTAGATG_011,37
CCTGATGCACCCCCTAGATG_012,161
CCTGATGCACCCCCTAGATG_013,196
CCTGATGCACCCCCTAGATG_014,146
CCTGATGCACCCCCTAGATG_015,43
CCTGATGCACCCCCTAGATG_016,105
CCTGATGCACCCCCTAGATG_017,52
CCTGATGCACCCCCTAGATG_018,175
GGACGATGCGACTCCTGCCG_001,12
GGACGATGCGACTCCTGCCG_002,61
GGACGATGCGACTCCTGCCG_003,147
AGCCATACTGCCCATTAGCG_001,31
AGCCATACTGCCCATTAGCG_002,172
AGCCATACTGCCCATTAGCG_003,147
AGCCATACTGCCCATTAGCG_004,83
AGCCATACTGCCCATTAGCG_005,17
AGCCATACTGCCCATTAGCG_006,121
AGCCATACTGCCCATTAGCG_007,17
AGCCATACTGCCCATTAGCG_008,43
AGCCATACTGCCCATTAGCG_009,48
GCATCGCCTTCGCCCCGACG_001,37
GCATCGCCTTCGCCCCGACG_002,48
GCATCGCCTTCGCCCCGACG_003,95
GCATCGCCTTCGCCCCGACG_004,86
TTTGGATTAATTATTCCACT_001,88
TTTGGATTAATTATTCCACT_002,123
CACTTGCGCCGCTGACCCTG_001,112
CACTTGCGCCGCTGACCCTG_002,13
CACTTGCGCCGCTGACCCTG_003,125
CACTTGCGCCGCTGACCCTG_004,48
CACTTGCGCCGCTGACCCTG_005,88
CTAAGTACTTCTGCAACTCA_001,38
CTAAGTACTTCTGCAACTCA_002,149
CTAAGTACTTCTGCAACTCA_003,68
AAGGGCTACAAGCTGTATCG_001,170
AAGGGCTACAAGCTGTATCG_002,98
AAGGGCTACAAGCTGTATCG_003,116
GATAAAGGAGCTCTACGCGT_001,172
GATAAAGGAGCTCTACGCGT_002,4
GATAAAGGAGCTCTACGCGT_003,127
GATAAAGGAGCTCTACGCGT_004,20
GATAAAGGAGCTCTACGCGT_005,11
GATAAAGGAGCTCTACGCGT_006,91
GATAAAGGAGCTCTACGCGT_007,130
GATAAAGGAGCTCTACGCGT_008,61
GATAAAGGAGCTCTACGCGT_009,147
TCAAGTTAATCAGCAAACTG_001,23
TCAAGTTAATCAGCAAACTG_002,106
TCAAGTTAATCAGCAAACTG_003,152
TCAAGTTAATCAGCAAACTG_004,116
TGATTTCCGAATCCCCCAGG_001,175
TGATTTCCGAATCCCCCAGG_002,1
TGATTTCCGAATCCCCCAGG_003,88
TGATTTCCGAATCCCCCAGG_004,95
TGATTTCCGAATCCCCCAGG_005,124
TGATTTCCGAATCCCCCAGG_006,140
TGATTTCCGAATCCCCCAGG_007,175
TGATTTCCGAATCCCCCAGG_008,161
TGATTTCCGAATCCCCCAGG_009,81
ACCAGTGATATACCAGAACT_001,97
ACCAGTGATATACCAGAACT_002,115
ACCAGTGATATACCAGAACT_003,124
ACCAGTGATATACCAGAACT_004,143
GAGGCCTCGCGAGAACAAAG_001,94
GAGGCCTCGCGAGAACAAAG_002,170
GAGGCCTCGCGAGAACAAAG_003,106
GAGGCCTCGCGAGAACAAAG_004,44
GAGGCCTCGCGAGAACAAAG_005,185
GAGGCCTCGCGAGAACAAAG_006,191
GAGGCCTCGCGAGAACAAAG_007,77
GTATTATGACTCTCGAAACG_001,41
CCAGATGCGCCCGAACGCTG_001,83
CCAGATGCGCCCGAACGCTG_002,68
CCAGATGCGCCCGAACGCTG_003,181
CCAGATGCGCCCGAACGCTG_004,0
CCAGATGCGCCCGAACGCTG_005,166
CCAGATGCGCCCGAACGCTG_006,104
CCAGATGCGCCCGAACGCTG_007,34
CCAGATGCGCCCGAACGCTG_008,174
CTCTGTAGAGGATATCAGGA_001,107
CTCTGTAGAGGATATCAGGA_002,76
CTCTGTAGAGGATATCAGGA_003,150
CTCTGTAGAGGATATCAGGA_004,9
CTCTGTAGAGGATATCAGGA_005,4
CTCTGTAGAGGATATCAGGA_006,4
GCTTAAACCAGGTCCCCTGG_001,177
GCTTAAACCAGGTCCCCTGG_002,22
GCTTAAACCAGGTCCCCTGG_003,157
GCTTAAACCAGGTCCCCTGG_004,114
GCTTAAACCAGGTCCCCTGG_005,52
GCTTAAACCAGGTCCCCTGG_006,104
TATCGGCATCTCCGTATCCA_001,72
TATCGGCATCTCCGTATCCA_002,18
AGCTGGTGGAGAACCGCACG_001,169
AGCTGGTGGAGAACCGCACG_002,113
AGCTGGTGGAGAACCGCACG_003,55
AGCTGGTGGAGAACCGCACG_004,96
AGCTGGTGGAGAACCGCACG_005,25
AGCTGGTGGAGAACCGCACG_006,50
AGCTGGTGGAGAACCGCACG_007,119
AGCTGGTGGAGAACCGCACG_008,184
AGCTGGTGGAGAACCGCACG_009,82
AGCTGGTGGAGAACCGCACG_010,28
AGCTGGTGGAGAACCGCACG_011,69
AGCTGGTGGAGAACCGCACG_012,127
AGCTGGTGGAGAACCGCACG_013,85
AGCTGGTGGAGAACCGCACG_014,168
AGCTGGTGGAGAACCGCACG_015,101
AGCTGGTGGAGAACCGCACG_016,42
AGCTGGTGGAGAACCGCACG_017,182
AGCTGGTGGAGAACCGCACG_018,124
AGCTGGTGGAGAACCGCACG_019,184
AGCTGGTGGAGAACCGCACG_020,63
AGCTGGTGGAGAACCGCACG_021,46
TTTGTCTGGAATCGTGACCC_001,53
TTTGTCTGGAATCGTGACCC_002,168
TTTGTCTGGAATCGTGACCC_003,84
TTTGTCTGGAATCGTGACCC_004,188
TTTGTCTGGAATCGTGACCC_005,10
TTTGTCTGGAATCGTGACCC_006,39
CCAGCCAAGCTCATGCCCGG_001,131
CCAGCCAAGCTCATGCCCGG_002,49
CCAGCCAAGCTCATGCCCGG_003,28
CCAGCCAAGCTCATGCCCGG_004,158
GCTCCTGTAACCGGCATGGG_001,120
GCTCCTGTAACCGGCATGGG_002,121
GCTCCTGTAACCGGCATGGG_003,176
GCTCCTGTAACCGGCATGGG_004,12
GCTCCTGTAACCGGCATGGG_005,75
GCTCCTGTAACCGGCATGGG_006,145
GCTCCTGTAACCGGCATGGG_007,75
GCTCCTGTAACCGGCATGGG_008,190
GCTCCTGTAACCGGCATGGG_009,155
GCTCCTGTAACCGGCATGGG_010,199
GCTCCTGTAACCGGCATGGG_011,6
GCTCCTGTAACCGGCATGGG_012,47
GCTCCTGTAACCGGCATGGG_013,27
GCTCCTGTAACCGGCATGGG_014,81
GCTCCTGTAACCGGCATGGG_015,2
GTATCTCAGAGGGTTGTGGA_001,157
GTATCTCAGAGGGTTGTGGA_002,66
GTATCTCAGAGGGTTGTGGA_003,18
GTATCTCAGAGGGTTGTGGA_004,162
AATCAATACTTGAAAGACAT_001,22
AATCAATACTTGAAAGACAT_002,178
AATCAATACTTGAAAGACAT_003,154
AATCAATACTTGAAAGACAT_004,177
CAAAGCAGTGGAACTACTGG_001,43
CAAAGCAGTGGAACTACTGG_002,132
CAAAGCAGTGGAACTACTGG_003,60
CAAAGCAGTGGAACTACTGG_004,174
CAAAGCAGTGGAACTACTGG_005,147
CAAAGCAGTGGAACTACTGG_006,186
CAAAGCAGTGGAACTACTGG_007,186
CAAAGCAGTGGAACTACTGG_008,191
CAAAGCAGTGGAACTACTGG_009,147
GATCATAAGTCACGAGAGTG_001,28
GATCATAAGTCACGAGAGTG_002,162
CTTTGTGGAATTCTTGAGTG_001,189
GCCAACAACTGGAACGACTG_001,137
GCCAACAACTGGAACGACTG_002,183
GCCAACAACTGGAACGACTG_003,198
GCCAACAACTGGAACGACTG_004,103
GCCAACAACTGGAACGACTG_005,148
GCCAACAACTGGAACGACTG_006,34
GCCAACAACTGGAACGACTG_007,49
GCCAACAACTGGAACGACTG_008,16
GCCAACAACTGGAACGACTG_009,162
GCCAACAACTGGAACGACTG_010,42
GCCAACAACTGGAACGACTG_011,116
GCCAACAACTGGAACGACTG_012,60
GCCAACAACTGGAACGACTG_013,127
GCCAACAACTGGAACGACTG_014,161
GCCAACAACTGGAACGACTG_015,116
GCCAACAACTGGAACGACTG_016,33
GCCAACAACTGGAACGACTG_017,13
GCCAACAACTGGAACGACTG_018,94
GCCAACAACTGGAACGACTG_019,199
GCCAACAACTGGAACGACTG_020,50
GCCAACAACTGGAACGACTG_021,1
GCCAACAACTGGAACGACTG_022,159
GCCAACAACTGGAACGACTG_023,17
GCCAACAACTGGAACGACTG_024,174
GCCAACAACTGGAACGACTG_025,81
GCCAACAACTGGAACGACTG_026,149
GCCAACAACTGGAACGACTG_027,50
GCCAACAACTGGAACGACTG_028,107
GCCAACAACTGGAACGACTG_029,1
GCCAACAACTGGAACGACTG_030,5
GCCAACAACTGGAACGACTG_031,43
GCCAACAACTGGAACGACTG_032,77
GCCAACAACTGGAACGACTG_033,144
CCGGTCCCCAGCGTCACGCG_001,166
CCGGTCCCCAGCGTCACGCG_002,178
CCGGTCCCCAGCGTCACGCG_003,108
CCGGTCCCCAGCGTCACGCG_004,104
CCGGTCCCCAGCGTCACGCG_005,121
TCCTAGCCAAGACCGAGGAT_001,63
TCCTAGCCAAGACCGAGGAT_002,88
TCCTAGCCAAGACCGAGGAT_003,166
CATCACGCTTATCCACCCCA_001,170
CATCACGCTTATCCACCCCA_002,54
CATCACGCTTATCCACCCCA_003,101
CATCACGCTTATCCACCCCA_004,123
CATCACGCTTATCCACCCCA_005,174
TGCATCTGGATGTAATGGAT_001,82
TGCATCTGGATGTAATGGAT_002,74
TGCATCTGGATGTAATGGAT_003,58
TGCATCTGGATGTAATGGAT_004,106
TGCATCTGGATGTAATGGAT_005,161
TGCATCTGGATGTAATGGAT_006,53
TGCATCTGGATGTAATGGAT_007,111
TGCATCTGGATGTAATGGAT_008,127
TGCATCTGGATGTAATGGAT_009,83
TGCATCTGGATGTAATGGAT_010,115
TGCATCTGGATGTAATGGAT_011,113
TGCATCTGGATGTAATGGAT_012,121
TGCATCTGGATGTAATGGAT_013,191
AAGTGTCCTGGGATGCACTT_001,80
AAGTGTCCTGGGATGCACTT_002,134
AAGTGTCCTGGGATGCACTT_003,92
AAGTGTCCTGGGATGCACTT_004,121
AAGTGTCCTGGGATGCACTT_005,17
AAGTGTCCTGGGATGCACTT_006,175
AAGTGTCCTGGGATGCACTT_007,156
AAGTGTCCTGGGATGCACTT_008,107
AAGTGTCCTGGGATGCACTT_009,70
AAGTGTCCTGGGATGCACTT_010,50
AAGTGTCCTGGGATGCACTT_011,147
AAGTGTCCTGGGATGCACTT_012,48
AAGTGTCCTGGGATGCACTT_013,22
AAGTGTCCTGGGATGCACTT_014,1
CTCACACATCTGTGACACTG_001,81
CTCACACATCTGTGACACTG_002,121
CTCACACATCTGTGACACTG_003,176
CTCACACATCTGTGACACTG_004,17
CTCACACATCTGTGACACTG_005,83
CTCACACATCTGTGACACTG_006,112
CTCACACATCTGTGACACTG_007,98
ATGTGAGCATAATACTTGCG_001,55
GGATAAAGACCAAATCAAGG_001,13
GGATAAAGACCAAATCAAGG_002,98
TGGAGCTAGTAACAGAGACC_001,95
TGGAGCTAGTAACAGAGACC_002,176
TTACTTTGAAACTCCACACC_001,88
TTACTTTGAAACTCCACACC_002,40
TTACTTTGAAACTCCACACC_003,103
TTACTTTGAAACTCCACACC_004,50
TTACTTTGAAACTCCACACC_005,127
TCAGTGTCACAGGAACGAGT_001,94
ATGGAGGAGTTTATCACGGG_001,24
ATGGAGGAGTTTATCACGGG_002,7
ATGGAGGAGTTTATCACGGG_003,77
ATGGAGGAGTTTATCACGGG_004,112
ATGGAGGAGTTTATCACGGG_005,129
ATGGAGGAGTTTATCACGGG_006,156
ATGGAGGAGTTTATCACGGG_007,1
ATGGAGGAGTTTATCACGGG_008,178
AGCCTGTGGTGTTACATACG_001,153
AGCCTGTGGTGTTACATACG_002,28
AGCCTGTGGTGTTACATACG_003,60
AGCCTGTGGTGTTACATACG_004,140
AGCCTGTGGTGTTACATACG_005,86
AGCCTGTGGTGTTACATACG_006,179
AGCCTGTGGTGTTACATACG_007,14
AGCCTGTGGTGTTACATACG_008,177
AGCCTGTGGTGTTACATACG_009,70
AGCCTGTGGTGTTACATACG_010,9
AGCCTGTGGTGTTACATACG_011,151
AGCCTGTGGTGTTACATACG_012,151
AGCCTGTGGTGTTACATACG_013,166
AGCCTGTGGTGTTACATACG_014,28
AGCCTGTGGTGTTACATACG_015,27
CTATGCTGTAGCAGTCAGCG_001,113
CTATGCTGTAGCAGTCAGCG_002,71
CTATGCTGTAGCAGTCAGCG_003,36
CTATGCTGTAGCAGTCAGCG_004,17
CTATGCTGTAGCAGTCAGCG_005,176
GAAGTCTATGAGCATTTCAG_001,4
GAAGTCTATGAGCATTTCAG_002,150
GAAGTCTATGAGCATTTCAG_003,49
GAAGTCTATGAGCATTTCAG_004,43
GAAGTCTATGAGCATTTCAG_005,134
GAAGTCTATGAGCATTTCAG_006,83
GAAGTCTATGAGCATTTCAG_007,57
GAAGTCTATGAGCATTTCAG_008,71
GAAGTCTATGAGCATTTCAG_009,158
GAAGTCTATGAGCATTTCAG_010,168
GAAGTCTATGAGCATTTCAG_011,179
GAAGTCTATGAGCATTTCAG_012,139
GAAGTCTATGAGCATTTCAG_013,72
GAAGTCTATGAGCATTTCAG_014,58
GAAGTCTATGAGCATTTCAG_015,10
GAAGTCTATGAGCATTTCAG_016,178
GCTTTGAGAAGGTCGTACAC_001,134
GCTTTGAGAAGGTCGTACAC_002,29
GCTTTGAGAAGGTCGTACAC_003,58
GCTTTGAGAAGGTCGTACAC_004,56
GCTTTGAGAAGGTCGTACAC_005,166
GCTTTGAGAAGGTCGTACAC_006,60
GCTTTGAGAAGGTCGTACAC_007,169
GCTTTGAGAAGGTCGTACAC_008,114
GCTTTGAGAAGGTCGTACAC_009,130
GCTTTGAGAAGGTCGTACAC_010,59
GCTTTGAGAAGGTCGTACAC_011,28
GCTTTGAGAAGGTCGTACAC_012,1
GCTTTGAGAAGGTCGTACAC_013,63
GCTTTGAGAAGGTCGTACAC_014,9
GCTTTGAGAAGGTCGTACAC_015,65
GCTTTGAGAAGGTCGTACAC_016,70
GCTTTGAGAAGGTCGTACAC_017,46
GCTTTGAGAAGGTCGTACAC_018,77
GCTTTGAGAAGGTCGTACAC_019,88
GCTTTGAGAAGGTCGTACAC_020,113
GCTTTGAGAAGGTCGTACAC_021,114
GGCTCACAATGTGAAAGCGA_001,72
GGCTCACAATGTGAAAGCGA_002,35
GGCTCACAATGTGAAAGCGA_003,19
GGATGACAATAAAATAGGAC_001,68
GGCAGCGGTACTGATCTCTG_001,107
GGCAGCGGTACTGATCTCTG_002,166
CAGATCTTTGACAGCCAGCG_001,0
CAGATCTTTGACAGCCAGCG_002,139
CAGATCTTTGACAGCCAGCG_003,139
CAGATCTTTGACAGCCAGCG_004,106
CAGATCTTTGACAGCCAGCG_005,175
CAGATCTTTGACAGCCAGCG_006,83
TAACAAATACAGCACTGGCA_001,15
TAACAAATACAGCACTGGCA_002,113
TAACAAATACAGCACTGGCA_003,48
TAACAAATACAGCACTGGCA_004,164
TAACAAATACAGCACTGGCA_005,8
TAACAAATACAGCACTGGCA_006,12
TAACAAATACAGCACTGGCA_007,6
TAACAAATACAGCACTGGCA_008,178
TAACAAATACAGCACTGGCA_009,148
TAACAAATACAGCACTGGCA_010,146
TAACAAATACAGCACTGGCA_011,197
TAACAAATACAGCACTGGCA_012,52
AGATATTCTGAAGAAAATCG_001,44
AGATATTCTGAAGAAAATCG_002,60
GATGTGGTGCATATGCAGGG_001,43
GATGTGGTGCATATGCAGGG_002,52
GATGTGGTGCATATGCAGGG_003,32
GATGTGGTGCATATGCAGGG_004,161
GATGTGGTGCATATGCAGGG_005,6
GATGTGGTGCATATGCAGGG_006,106
GATGTGGTGCATATGCAGGG_007,142
GGAAGTGCTAACCCCAATGG_001,49
GGAAGTGCTAACCCCAATGG_002,69
GGAAGTGCTAACCCCAATGG_003,88
GGAAGTGCTAACCCCAATGG_004,62
GGAAGTGCTAACCCCAATGG_005,22
GGAAGTGCTAACCCCAATGG_006,147
GGAAGTGCTAACCCCAATGG_007,127
GGAAGTGCTAACCCCAATGG_008,174
GGAAGTGCTAACCCCAATGG_009,30
GGAAGTGCTAACCCCAATGG_010,56
GGAAGTGCTAACCCCAATGG_011,137
GGAAGTGCTAACCCCAATGG_012,121
GGAAGTGCTAACCCCAATGG_013,3
TCCCCACCTGACAGATGCAT_001,130
TCCCCACCTGACAGATGCAT_002,25
TCCCCACCTGACAGATGCAT_003,127
TCCCCACCTGACAGATGCAT_004,93
TCCCCACCTGACAGATGCAT_005,113
TCCCCACCTGACAGATGCAT_006,68
TCCCCACCTGACAGATGCAT_007,32
TCCCCACCTGACAGATGCAT_008,23
TCCCCACCTGACAGATGCAT_009,65
TCCCCACCTGACAGATGCAT_010,4
TCCCCACCTGACAGATGCAT_011,41
TCCCCACCTGACAGATGCAT_012,103
TCCCCACCTGACAGATGCAT_013,4
TCCCCACCTGACAGATGCAT_014,122
TCCCCACCTGACAGATGCAT_015,19
TCCCCACCTGACAGATGCAT_016,56
TCCCCACCTGACAGATGCAT_017,43
TCCCCACCTGACAGATGCAT_018,28
TTGCAAACCAGTTGTAGACA_001,101
TTGCAAACCAGTTGTAGACA_002,9
TTGCAAACCAGTTGTAGACA_003,181
GTATTTCATCCACGATACGG_001,175
GTATTTCATCCACGATACGG_002,46
GTATTTCATCCACGATACGG_003,49
GTATTTCATCCACGATACGG_004,46
ACTGGCGTTAACTCGACCAA_001,168
ACTGGCGTTAACTCGACCAA_002,37
ACTGGCGTTAACTCGACCAA_003,160
ACTGGCGTTAACTCGACCAA_004,3
ACTGGCGTTAACTCGACCAA_005,56
ACTGGCGTTAACTCGACCAA_006,82
ACTGGCGTTAACTCGACCAA_007,148
ACTGGCGTTAACTCGACCAA_008,70
ACTGGCGTTAACTCGACCAA_009,58
ACTGGCGTTAACTCGACCAA_010,131
ACTGGCGTTAACTCGACCAA_011,76
ACTGGCGTTAACTCGACCAA_012,82
ACTGGCGTTAACTCGACCAA_013,61
ACTGGCGTTAACTCGACCAA_014,104
ACTGGCGTTAACTCGACCAA_015,182
ACTGGCGTTAACTCGACCAA_016,190
ACTGGCGTTAACTCGACCAA_017,140
ACTGGCGTTAACTCGACCAA_018,148
ACTGGCGTTAACTCGACCAA_019,37
AGTACCTGTAGACATCACAT_001,54
AGTACCTGTAGACATCACAT_002,9
AGTACCTGTAGACATCACAT_003,47
AGTACCTGTAGACATCACAT_004,20
AGTACCTGTAGACATCACAT_005,68
AGTACCTGTAGACATCACAT_006,147
AGTACCTGTAGACATCACAT_007,170
ACGCCCTGGACAAGCAGCAC_001,50
ACGCCCTGGACAAGCAGCAC_002,171
ACGCCCTGGACAAGCAGCAC_003,141
ACGCCCTGGACAAGCAGCAC_004,175
ACGCCCTGGACAAGCAGCAC_005,160
ACGCCCTGGACAAGCAGCAC_006,67
ACGCCCTGGACAAGCAGCAC_007,62
ACGCCCTGGACAAGCAGCAC_008,47
ACGCCCTGGACAAGCAGCAC_009,96
ACGCCCTGGACAAGCAGCAC_010,2
ACGCCCTGGACAAGCAGCAC_011,58
ACGCCCTGGACAAGCAGCAC_012,16
ACGCCCTGGACAAGCAGCAC_013,82
ACGCCCTGGACAAGCAGCAC_014,86
ACGCCCTGGACAAGCAGCAC_015,197
ACGCCCTGGACAAGCAGCAC_016,76
ACGCCCTGGACAAGCAGCAC_017,102
ACGCCCTGGACAAGCAGCAC_018,141
ACGCCCTGGACAAGCAGCAC_019,60
ACGCCCTGGACAAGCAGCAC_020,101
ACGCCCTGGACAAGCAGCAC_021,40
ACGCCCTGGACAAGCAGCAC_022,29
ACGCCCTGGACAAGCAGCAC_023,174
ACGCCCTGGACAAGCAGCAC_024,192
ACGCCCTGGACAAGCAGCAC_025,47
ACGCCCTGGACAAGCAGCAC_026,115
ACGCCCTGGACAAGCAGCAC_027,28
ACGCCCTGGACAAGCAGCAC_028,40
ACGCCCTGGACAAGCAGCAC_029,120
ACGCCCTGGACAAGCAGCAC_030,39
ACGCCCTGGACAAGCAGCAC_031,91
ACGCCCTGGACAAGCAGCAC_032,177
ACGCCCTGGACAAGCAGCAC_033,10
ACGCCCTGGACAAGCAGCAC_034,157
ACGCCCTGGACAAGCAGCAC_035,127
ACGCCCTGGACAAGCAGCAC_036,127
ACGCCCTGGACAAGCAGCAC_037,52
ACGCCCTGGACAAGCAGCAC_038,157
CCTGTCCGACTTGTAAACAT_001,152
CCTGTCCGACTTGTAAACAT_002,182
CCTGTCCGACTTGTAAACAT_003,0
CCTGTCCGACTTGTAAACAT_004,190
CCTGTCCGACTTGTAAACAT_005,122
CCTGTCCGACTTGTAAACAT_006,174
CCTGTCCGACTTGTAAACAT_007,96
CCTGTCCGACTTGTAAACAT_008,119
CCTGTCCGACTTGTAAACAT_009,96
CCTGTCCGACTTGTAAACAT_010,31
CCTGTCCGACTTGTAAACAT_011,17
CCTGTCCGACTTGTAAACAT_012,175
CCTGTCCGACTTGTAAACAT_013,62
CCTGTCCGACTTGTAAACAT_014,68
CCTGTCCGACTTGTAAACAT_015,79
CCTGTCCGACTTGTAAACAT_016,39
CCTGTCCGACTTGTAAACAT_017,130
CCTGTCCGACTTGTAAACAT_018,39
GGAGAACGCGGGAGGCGCAG_001,43
GGAGAACGCGGGAGGCGCAG_002,156
GGAGAACGCGGGAGGCGCAG_003,150
GGAGAACGCGGGAGGCGCAG_004,154
GGAGAACGCGGGAGGCGCAG_005,30
GGAGAACGCGGGAGGCGCAG_006,22
GGAGAACGCGGGAGGCGCAG_007,111
GGAGAACGCGGGAGGCGCAG_008,80
GGAGAACGCGGGAGGCGCAG_009,30
GGAGAACGCGGGAGGCGCAG_010,164
GGAGAACGCGGGAGGCGCAG_011,164
GGAGAACGCGGGAGGCGCAG_012,160
GGAGAACGCGGGAGGCGCAG_013,116
GGAGAACGCGGGAGGCGCAG_014,127
GGAGAACGCGGGAGGCGCAG_015,127
GGAGAACGCGGGAGGCGCAG_016,83
GGAGAACGCGGGAGGCGCAG_017,167
GGAGAACGCGGGAGGCGCAG_018,115
GGAGAACGCGGGAGGCGCAG_019,120
GGGAGTATGTAGGAGACTTG_001,107
GGGAGTATGTAGGAGACTTG_002,20
GGGAGTATGTAGGAGACTTG_003,70
GGGAGTATGTAGGAGACTTG_004,19
GGGAGTATGTAGGAGACTTG_005,47
GGGAGTATGTAGGAGACTTG_006,72
GGGAGTATGTAGGAGACTTG_007,94
GGGAGTATGTAGGAGACTTG_008,115
GGGAGTATGTAGGAGACTTG_009,15
GGGAGTATGTAGGAGACTTG_010,198
GGGAGTATGTAGGAGACTTG_011,10
GGGAGTATGTAGGAGACTTG_012,193
AGCCTGCAAATGACATAACA_001,3
AGCCTGCAAATGACATAACA_002,144
AGCCTGCAAATGACATAACA_003,169
AGCCTGCAAATGACATAACA_004,96
AGCCTGCAAATGACATAACA_005,9
AGCCTGCAAATGACATAACA_006,10
TCAGAACTTCTGTTGAACTG_001,57
TCAGAACTTCTGTTGAACTG_002,17
TCAGAACTTCTGTTGAACTG_003,98
TCAGAACTTCTGTTGAACTG_004,55
ATCATTACCCCATGTTAGCG_001,7
ATCATTACCCCATGTTAGCG_002,70
ATCATTACCCCATGTTAGCG_003,171
ATCATTACCCCATGTTAGCG_004,23
ATCATTACCCCATGTTAGCG_005,12
ATCATTACCCCATGTTAGCG_006,132
ATCATTACCCCATGTTAGCG_007,37
TCTGCGACGCAGCTTTAGCG_001,24
TCTGCGACGCAGCTTTAGCG_002,15
TCTGCGACGCAGCTTTAGCG_003,29
TCTGCGACGCAGCTTTAGCG_004,2
TCTGCGACGCAGCTTTAGCG_005,134
TCTGCGACGCAGCTTTAGCG_006,112
TCTGCGACGCAGCTTTAGCG_007,9
TCTGCGACGCAGCTTTAGCG_008,199
TCTGCGACGCAGCTTTAGCG_009,79
AATTTGGTCTGAATACATCG_001,107
CGTCTGAGCTGCAGCCACTG_001,127
CGTCTGAGCTGCAGCCACTG_002,102
CGTCTGAGCTGCAGCCACTG_003,69
CGTCTGAGCTGCAGCCACTG_004,70
CGTCTGAGCTGCAGCCACTG_005,70
CGTCTGAGCTGCAGCCACTG_006,55
CGTCTGAGCTGCAGCCACTG_007,181
CGTCTGAGCTGCAGCCACTG_008,161
CGTCTGAGCTGCAGCCACTG_009,7
CGTCTGAGCTGCAGCCACTG_010,122
CGTCTGAGCTGCAGCCACTG_011,41
CGTCTGAGCTGCAGCCACTG_012,109
CGTCTGAGCTGCAGCCACTG_013,9
CGTCTGAGCTGCAGCCACTG_014,130
CGTCTGAGCTGCAGCCACTG_015,170
TGAACTTGAATGTGCCGATG_001,162
TGAACTTGAATGTGCCGATG_002,41
TGAACTTGAATGTGCCGATG_003,90
TGAACTTGAATGTGCCGATG_004,40
TGAACTTGAATGTGCCGATG_005,185
ACAGCCTCGAGTACCCGGAT_001,76
ACAGCCTCGAGTACCCGGAT_002,61
ACAGCCTCGAGTACCCGGAT_003,198
ACAGCCTCGAGTACCCGGAT_004,189
ACAGCCTCGAGTACCCGGAT_005,182
ACAGCCTCGAGTACCCGGAT_006,68
ACAGCCTCGAGTACCCGGAT_007,34
CAGAGTTAACCCCATGCACG_001,194
CAGAGTTAACCCCATGCACG_002,60
CAGAGTTAACCCCATGCACG_003,18
CAGAGTTAACCCCATGCACG_004,15
CAGAGTTAACCCCATGCACG_005,7
CAGAGTTAACCCCATGCACG_006,34
CAGAGTTAACCCCATGCACG_007,28
CAGAGTTAACCCCATGCACG_008,185
CAGAGTTAACCCCATGCACG_009,135
CAGAGTTAACCCCATGCACG_010,88
CAGAGTTAACCCCATGCACG_011,192
CAGAGTTAACCCCATGCACG_012,129
CAGAGTTAACCCCATGCACG_013,63
CAGAGTTAACCCCATGCACG_014,9
CAGAGTTAACCCCATGCACG_015,22
CAGAGTTAACCCCATGCACG_016,62
CAGAGTTAACCCCATGCACG_017,92
CAGAGTTAACCCCATGCACG_018,118
CAGAGTTAACCCCATGCACG_019,68
CAGAGTTAACCCCATGCACG_020,48
CAGAGTTAACCCCATGCACG_021,43
CAGAGTTAACCCCATGCACG_022,52
CAGAGTTAACCCCATGCACG_023,121
CAGAGTTAACCCCATGCACG_024,63
CAGAGTTAACCCCATGCACG_025,185
CAGAGTTAACCCCATGCACG_026,15
CAGAGTTAACCCCATGCACG_027,40
CAGAGTTAACCCCATGCACG_028,161
CAGAGTTAACCCCATGCACG_029,19
CATTCCGGTCCAGGTACCAC_001,0
CATTCCGGTCCAGGTACCAC_002,65
CATTCCGGTCCAGGTACCAC_003,129
CATTCCGGTCCAGGTACCAC_004,92
CATTCCGGTCCAGGTACCAC_005,50
CATTCCGGTCCAGGTACCAC_006,148
CATTCCGGTCCAGGTACCAC_007,147
CATTCCGGTCCAGGTACCAC_008,110
CATTCCGGTCCAGGTACCAC_009,70
CATTCCGGTCCAGGTACCAC_010,24
CATTCCGGTCCAGGTACCAC_011,98
CATTCCGGTCCAGGTACCAC_012,132
CATTCCGGTCCAGGTACCAC_013,141
CATTCCGGTCCAGGTACCAC_014,43
CATTCCGGTCCAGGTACCAC_015,146
CATTCCGGTCCAGGTACCAC_016,82
CATTCCGGTCCAGGTACCAC_017,97
CATTCCGGTCCAGGTACCAC_018,89
CATTCCGGTCCAGGTACCAC_019,46
CATTCCGGTCCAGGTACCAC_020,188
CATTCCGGTCCAGGTACCAC_021,169
CATTCCGGTCCAGGTACCAC_022,134
CATTCCGGTCCAGGTACCAC_023,8
CATTCCGGTCCAGGTACCAC_024,63
CATTCCGGTCCAGGTACCAC_025,165
CATTCCGGTCCAGGTACCAC_026,19
CATTCCGGTCCAGGTACCAC_027,182
CCAGCAGTCTAGCTGCAAGC_001,61
CCAGCAGTCTAGCTGCAAGC_002,158
CCAGCAGTCTAGCTGCAAGC_003,130
CGACCCGGCTGACCAAGATG_001,60
CGACCCGGCTGACCAAGATG_002,162
CGACCCGGCTGACCAAGATG_003,198
CGACCCGGCTGACCAAGATG_004,1
CGACCCGGCTGACCAAGATG_005,107
CGACCCGGCTGACCAAGATG_006,54
CGACCCGGCTGACCAAGATG_007,133
CGACCCGGCTGACCAAGATG_008,184
CGACCCGGCTGACCAAGATG_009,70
CGACCCGGCTGACCAAGATG_010,103
CGACCCGGCTGACCAAGATG_011,115
CGACCCGGCTGACCAAGATG_012,87
CGACCCGGCTGACCAAGATG_013,87
CGACCCGGCTGACCAAGATG_014,68
CGACCCGGCTGACCAAGATG_015,173
CGACCCGGCTGACCAAGATG_016,173
CGACCCGGCTGACCAAGATG_017,24
CGACCCGGCTGACCAAGATG_018,70
CGACCCGGCTGACCAAGATG_019,29
CGACCCGGCTGACCAAGATG_020,159
CGACCCGGCTGACCAAGATG_021,35
CGACCCGGCTGACCAAGATG_022,47
CGACCCGGCTGACCAAGATG_023,34
CGACCCGGCTGACCAAGATG_024,106
CGACCCGGCTGACCAAGATG_025,166
CGACCCGGCTGACCAAGATG_026,1
CGACCCGGCTGACCAAGATG_027,1
CGACCCGGCTGACCAAGATG_028,68
CGACCCGGCTGACCAAGATG_029,36
CGACCCGGCTGACCAAGATG_030,142
TCAAGACAGACCAACCTCAG_001,15
TCAAGACAGACCAACCTCAG_002,76
TCAAGACAGACCAACCTCAG_003,146
TCAAGACAGACCAACCTCAG_004,86
TCAAGACAGACCAACCTCAG_005,173
TCAAGACAGACCAACCTCAG_006,46
TCAAGACAGACCAACCTCAG_007,145
TCAAGACAGACCAACCTCAG_008,147
TCAAGACAGACCAACCTCAG_009,144
TCAAGACAGACCAACCTCAG_010,107
TCAAGACAGACCAACCTCAG_011,186
TCAAGACAGACCAACCTCAG_012,77
TCAAGACAGACCAACCTCAG_013,136
TCAAGACAGACCAACCTCAG_014,133
GCAGGTGCTCCAAAGCTCCG_001,104
GCAGGTGCTCCAAAGCTCCG_002,183
GCAGGTGCTCCAAAGCTCCG_003,107
GCAGGTGCTCCAAAGCTCCG_004,98
GCAGGTGCTCCAAAGCTCCG_005,103
GCAGGTGCTCCAAAGCTCCG_006,183
GCAGGTGCTCCAAAGCTCCG_007,103
GCAGGTGCTCCAAAGCTCCG_008,41
GCAGGTGCTCCAAAGCTCCG_009,127
GCAGGTGCTCCAAAGCTCCG_010,69
GCAGGTGCTCCAAAGCTCCG_011,174
GCAGGTGCTCCAAAGCTCCG_012,116
GCAGGTGCTCCAAAGCTCCG_013,189
GCAGGTGCTCCAAAGCTCCG_014,175
GCAGGTGCTCCAAAGCTCCG_015,68
GCAGGTGCTCCAAAGCTCCG_016,42
GCAGGTGCTCCAAAGCTCCG_017,124
GCAGGTGCTCCAAAGCTCCG_018,56
GCAGGTGCTCCAAAGCTCCG_019,95
GCAGGTGCTCCAAAGCTCCG_020,144
GCAGGTGCTCCAAAGCTCCG_021,0
GCAGGTGCTCCAAAGCTCCG_022,103
GCAGGTGCTCCAAAGCTCCG_023,187
AAAATCCCCATACCTTAGTG_001,34
AAAATCCCCATACCTTAGTG_002,168
AAAATCCCCATACCTTAGTG_003,19
AAAATCCCCATACCTTAGTG_004,37
GTGTGACTTGATGAGCCGTG_001,101
GTGTGACTTGATGAGCCGTG_002,105
GTGTGACTTGATGAGCCGTG_003,19
GTGTGACTTGATGAGCCGTG_004,6
GTGTGACTTGATGAGCCGTG_005,78
GTGTGACTTGATGAGCCGTG_006,27
GTGTGACTTGATGAGCCGTG_007,184
GCTCAGGAGCATCCAGGGAG_001,146
ATGTCTAAAGTCGTGGAGTG_001,178
ATGTCTAAAGTCGTGGAGTG_002,150
ATGTCTAAAGTCGTGGAGTG_003,156
ATGTCTAAAGTCGTGGAGTG_004,111
ATGTCTAAAGTCGTGGAGTG_005,170
ATGTCTAAAGTCGTGGAGTG_006,147
ATGTCTAAAGTCGTGGAGTG_007,192
ATGTCTAAAGTCGTGGAGTG_008,24
ATGTCTAAAGTCGTGGAGTG_009,22
ATGTCTAAAGTCGTGGAGTG_010,118
ATGTCTAAAGTCGTGGAGTG_011,23
ATGTCTAAAGTCGTGGAGTG_012,157
ATGTCTAAAGTCGTGGAGTG_013,108
CAGCACATACTCGGACAGCG_001,137
CAGCACATACTCGGACAGCG_002,76
CAGCACATACTCGGACAGCG_003,8
CAGCACATACTCGGACAGCG_004,62
CAGCACATACTCGGACAGCG_005,160
CAGCACATACTCGGACAGCG_006,11
CAGCACATACTCGGACAGCG_007,146
CAGCACATACTCGGACAGCG_008,25
CAGCACATACTCGGACAGCG_009,175
CAGCACATACTCGGACAGCG_010,81
CAGCACATACTCGGACAGCG_011,56
CAGCACATACTCGGACAGCG_012,184
GAAACAGGCACACAAGTGTG_001,94
GAAACAGGCACACAAGTGTG_002,68
GAAACAGGCACACAAGTGTG_003,198
GAAACAGGCACACAAGTGTG_004,27
GAAACAGGCACACAAGTGTG_005,121
ACCAGCTGTGGGTCCAGCTG_001,70
ACCAGCTGTGGGTCCAGCTG_002,4
ACCAGCTGTGGGTCCAGCTG_003,37
ACCAGCTGTGGGTCCAGCTG_004,14
ACCAGCTGTGGGTCCAGCTG_005,130
ACCAGCTGTGGGTCCAGCTG_006,194
ACCAGCTGTGGGTCCAGCTG_007,123
ACCAGCTGTGGGTCCAGCTG_008,144
ACCAGCTGTGGGTCCAGCTG_009,96
ACCAGCTGTGGGTCCAGCTG_010,150
ACCAGCTGTGGGTCCAGCTG_011,68
ACCAGCTGTGGGTCCAGCTG_012,60
ACCAGCTGTGGGTCCAGCTG_013,173
ACCAGCTGTGGGTCCAGCTG_014,113
ACCAGCTGTGGGTCCAGCTG_015,169
ACCAGCTGTGGGTCCAGCTG_016,151
ACCAGCTGTGGGTCCAGCTG_017,28
ACCAGCTGTGGGTCCAGCTG_018,98
ACCAGCTGTGGGTCCAGCTG_019,157
ACCAGCTGTGGGTCCAGCTG_020,104
ACCAGCTGTGGGTCCAGCTG_021,99
ACCAGCTGTGGGTCCAGCTG_022,20
ACCAGCTGTGGGTCCAGCTG_023,17
GAAGAAGGACACCTCCCTGG_001,85
GAAGAAGGACACCTCCCTGG_002,62
GAAGAAGGACACCTCCCTGG_003,86
GAAGAAGGACACCTCCCTGG_004,49
GAAGAAGGACACCTCCCTGG_005,134
GAAGAAGGACACCTCCCTGG_006,34
GAAGAAGGACACCTCCCTGG_007,67
GAAGAAGGACACCTCCCTGG_008,192
GAAGAAGGACACCTCCCTGG_009,9
GAAGAAGGACACCTCCCTGG_010,18
GAAGAAGGACACCTCCCTGG_011,40
GAAGAAGGACACCTCCCTGG_012,89
GAAGAAGGACACCTCCCTGG_013,4
ACAGCACCGCTGTACATGAG_001,40
ACAGCACCGCTGTACATGAG_002,113
ACAGCACCGCTGTACATGAG_003,19
ACAGCACCGCTGTACATGAG_004,2
ACAGCACCGCTGTACATGAG_005,135
ACAGCACCGCTGTACATGAG_006,140
ACAGCACCGCTGTACATGAG_007,63
GCCAGCACGAAGTCTTGGGA_001,132
GCCAGCACGAAGTCTTGGGA_002,102
GCCAGCACGAAGTCTTGGGA_003,76
GCCAGCACGAAGTCTTGGGA_004,42
GCCAGCACGAAGTCTTGGGA_005,3
GCCAGCACGAAGTCTTGGGA_006,177
GCCAGCACGAAGTCTTGGGA_007,115
GCCAGCACGAAGTCTTGGGA_008,0
GCCAGCACGAAGTCTTGGGA_009,41
GCCAGCACGAAGTCTTGGGA_010,115
GCCAGCACGAAGTCTTGGGA_011,13
GCCAGCACGAAGTCTTGGGA_012,76
GCCAGCACGAAGTCTTGGGA_013,125
GCCAGCACGAAGTCTTGGGA_014,150
GCCAGCACGAAGTCTTGGGA_015,116
GCCAGCACGAAGTCTTGGGA_016,38
GCCAGCACGAAGTCTTGGGA_017,104
GCCAGCACGAAGTCTTGGGA_018,81
GCCAGCACGAAGTCTTGGGA_019,148
AAGTGCCTGTGATCCGACCC_001,62
AAGTGCCTGTGATCCGACCC_002,191
TTTCAAAAAGTGATACTGAG_001,189
TTTCAAAAAGTGATACTGAG_002,58
TTTCAAAAAGTGATACTGAG_003,144
AGGACGGCGTCACTGAGCAG_001,53
AGGACGGCGTCACTGAGCAG_002,46
AGGACGGCGTCACTGAGCAG_003,78
AGGACGGCGTCACTGAGCAG_004,1
AGGACGGCGTCACTGAGCAG_005,169
AGGACGGCGTCACTGAGCAG_006,140
AGGACGGCGTCACTGAGCAG_007,90
AGGACGGCGTCACTGAGCAG_008,110
AGGACGGCGTCACTGAGCAG_009,83
AGGACGGCGTCACTGAGCAG_010,115
AGGACGGCGTCACTGAGCAG_011,131
AGGACGGCGTCACTGAGCAG_012,112
AGGACGGCGTCACTGAGCAG_013,178
AGGACGGCGTCACTGAGCAG_014,20
AGGACGGCGTCACTGAGCAG_015,29
AGGACGGCGTCACTGAGCAG_016,184
AGGACGGCGTCACTGAGCAG_017,142
AGGACGGCGTCACTGAGCAG_018,3
AGGACGGCGTCACTGAGCAG_019,66
AGGACGGCGTCACTGAGCAG_020,77
AGGACGGCGTCACTGAGCAG_021,61
AGGACGGCGTCACTGAGCAG_022,82
TTTGCCCTCAGGGCCTTCAG_001,8
TTTGCCCTCAGGGCCTTCAG_002,48
TTTGCCCTCAGGGCCTTCAG_003,3
TTTGCCCTCAGGGCCTTCAG_004,46
TTTGCCCTCAGGGCCTTCAG_005,140
TTTGCCCTCAGGGCCTTCAG_006,78
TTTGCCCTCAGGGCCTTCAG_007,152
TTTGCCCTCAGGGCCTTCAG_008,184
TTTGCCCTCAGGGCCTTCAG_009,193
TTTGCCCTCAGGGCCTTCAG_010,6
AAACTGCCGGAGTTTCACGG_001,15
AAACTGCCGGAGTTTCACGG_002,15
AAACTGCCGGAGTTTCACGG_003,78
AAACTGCCGGAGTTTCACGG_004,43
AAACTGCCGGAGTTTCACGG_005,64
AAACTGCCGGAGTTTCACGG_006,28
AAACTGCCGGAGTTTCACGG_007,148
AAACTGCCGGAGTTTCACGG_008,58
AAACTGCCGGAGTTTCACGG_009,17
AAACTGCCGGAGTTTCACGG_010,51
AAACTGCCGGAGTTTCACGG_011,129
AAACTGCCGGAGTTTCACGG_012,127
AAACTGCCGGAGTTTCACGG_013,57
AAACTGCCGGAGTTTCACGG_014,147
AAACTGCCGGAGTTTCACGG_015,49
AAACTGCCGGAGTTTCACGG_016,175
AAACTGCCGGAGTTTCACGG_017,105
AGTCTATGTTACCACCATTG_001,161
AGTCTATGTTACCACCATTG_002,36
AGTCTATGTTACCACCATTG_003,15
AGTCTATGTTACCACCATTG_004,1
AGTCTATGTTACCACCATTG_005,61
GAGAGAACCCTAGCCCCCAG_001,87
GAGAGAACCCTAGCCCCCAG_002,43
GAGAGAACCCTAGCCCCCAG_003,13
GAGAGAACCCTAGCCCCCAG_004,37
GAGAGAACCCTAGCCCCCAG_005,161
GAGAGAACCCTAGCCCCCAG_006,94
GAGAGAACCCTAGCCCCCAG_007,151
GAGAGAACCCTAGCCCCCAG_008,165
GAGAGAACCCTAGCCCCCAG_009,147
GAGAGAACCCTAGCCCCCAG_010,82
AATAGTATCAAGAAGTACAC_001,45
AATAGTATCAAGAAGTACAC_002,145
CCTTTGACCAGACGGCGTGG_001,17
CCTTTGACCAGACGGCGTGG_002,151
CCTTTGACCAGACGGCGTGG_003,69
CCTTTGACCAGACGGCGTGG_004,151
CCTTTGACCAGACGGCGTGG_005,16
CCTTTGACCAGACGGCGTGG_006,19
CCTTTGACCAGACGGCGTGG_007,9
CCTTTGACCAGACGGCGTGG_008,34
CCTTTGACCAGACGGCGTGG_009,82
CCTTTGACCAGACGGCGTGG_010,127
CCTTTGACCAGACGGCGTGG_011,175
CCTTTGACCAGACGGCGTGG_012,47
CCTTTGACCAGACGGCGTGG_013,78
CCTTTGACCAGACGGCGTGG_014,118
CCTTTGACCAGACGGCGTGG_015,67
CCTTTGACCAGACGGCGTGG_016,113
CCTTTGACCAGACGGCGTGG_017,0
CCTTTGACCAGACGGCGTGG_018,6
CCTTTGACCAGACGGCGTGG_019,103
CCTTTGACCAGACGGCGTGG_020,31
GGGCCAGCGAAATTGAGCAT_001,28
GGGCCAGCGAAATTGAGCAT_002,48
GGGCCAGCGAAATTGAGCAT_003,70
GGGCCAGCGAAATTGAGCAT_004,62
GGGCCAGCGAAATTGAGCAT_005,147
GGGCCAGCGAAATTGAGCAT_006,158
GGGCCAGCGAAATTGAGCAT_007,146
GGGCCAGCGAAATTGAGCAT_008,132
GGGCCAGCGAAATTGAGCAT_009,127
GGGCCAGCGAAATTGAGCAT_010,175
GGGCCAGCGAAATTGAGCAT_011,56
GGGCCAGCGAAATTGAGCAT_012,40
GGGCCAGCGAAATTGAGCAT_013,138
GGGCCAGCGAAATTGAGCAT_014,10
TGGTCGCCAGGTGTCCATCG_001,127
TGGTCGCCAGGTGTCCATCG_002,89
TGGTCGCCAGGTGTCCATCG_003,34
TGGTCGCCAGGTGTCCATCG_004,96
TGGTCGCCAGGTGTCCATCG_005,114
TGGTCGCCAGGTGTCCATCG_006,65
TGGTCGCCAGGTGTCCATCG_007,94
TGGTCGCCAGGTGTCCATCG_008,106
TGGTCGCCAGGTGTCCATCG_009,168
TGGTCGCCAGGTGTCCATCG_010,192
TGGTCGCCAGGTGTCCATCG_011,94
TGGTCGCCAGGTGTCCATCG_012,8
TGGTCGCCAGGTGTCCATCG_013,123
TGGTCGCCAGGTGTCCATCG_014,9
TGGTCGCCAGGTGTCCATCG_015,142
GGCCGTCACCTATACTTCTG_001,185
GGCCGTCACCTATACTTCTG_002,161
GGCCGTCACCTATACTTCTG_003,146
GGCCGTCACCTATACTTCTG_004,53
GGCCGTCACCTATACTTCTG_005,189
GGCCGTCACCTATACTTCTG_006,183
GGCCGTCACCTATACTTCTG_007,145
GGCCGTCACCTATACTTCTG_008,175
GGCCGTCACCTATACTTCTG_009,184
GGCCGTCACCTATACTTCTG_010,98
GGCCGTCACCTATACTTCTG_011,99
GGCCGTCACCTATACTTCTG_012,155
GGCCGTCACCTATACTTCTG_013,198
AATGTGACCGATTTCACCAG_001,68
AATGTGACCGATTTCACCAG_002,13
AATGTGACCGATTTCACCAG_003,120
AATGTGACCGATTTCACCAG_004,108
AATGTGACCGATTTCACCAG_005,161
AATGTGACCGATTTCACCAG_006,31
AATGTGACCGATTTCACCAG_007,76
AATGTGACCGATTTCACCAG_008,189
TGCTGAAACAAAGCTCCAGA_001,181
TGCTGAAACAAAGCTCCAGA_002,120
TGCTGAAACAAAGCTCCAGA_003,70
TGCTGAAACAAAGCTCCAGA_004,145
TGCTGAAACAAAGCTCCAGA_005,44
TGCTGAAACAAAGCTCCAGA_006,50
TTGTGACCAGATAGGCAAAG_001,169
TTGTGACCAGATAGGCAAAG_002,72
TTGTGACCAGATAGGCAAAG_003,117
TTGTGACCAGATAGGCAAAG_004,175
TTGTGACCAGATAGGCAAAG_005,16
TTGTGACCAGATAGGCAAAG_006,22
TTGTGACCAGATAGGCAAAG_007,150
TTGTGACCAGATAGGCAAAG_008,112
TTGTGACCAGATAGGCAAAG_009,63
TTGTGACCAGATAGGCAAAG_010,106
TTGTGACCAGATAGGCAAAG_011,90
TTGTGACCAGATAGGCAAAG_012,62
TTGTGACCAGATAGGCAAAG_013,66
ATCCGAAAAAAGAACCCAGG_001,27
ATCCGAAAAAAGAACCCAGG_002,142
ATCCGAAAAAAGAACCCAGG_003,94
ATCCGAAAAAAGAACCCAGG_004,105
ATCCGAAAAAAGAACCCAGG_005,93
ATCCGAAAAAAGAACCCAGG_006,183
ATCCGAAAAAAGAACCCAGG_007,172
ATCCGAAAAAAGAACCCAGG_008,41
ATCCGAAAAAAGAACCCAGG_009,117
ATCCGAAAAAAGAACCCAGG_010,82
ATCCGAAAAAAGAACCCAGG_011,15
ATCCGAAAAAAGAACCCAGG_012,199
ATCCGAAAAAAGAACCCAGG_013,62
ATCCGAAAAAAGAACCCAGG_014,43
ATCCGAAAAAAGAACCCAGG_015,178
ATCCGAAAAAAGAACCCAGG_016,102
ATCCGAAAAAAGAACCCAGG_017,105
ATCCGAAAAAAGAACCCAGG_018,17
ATCCGAAAAAAGAACCCAGG_019,41
ATCCGAAAAAAGAACCCAGG_020,165
ATCCGAAAAAAGAACCCAGG_021,29
ATCCGAAAAAAGAACCCAGG_022,150
ATCCGAAAAAAGAACCCAGG_023,29
TGAAGTCAAAGCCTTCTGCG_001,165
TGAAGTCAAAGCCTTCTGCG_002,141
TGAAGTCAAAGCCTTCTGCG_003,48
TGAAGTCAAAGCCTTCTGCG_004,98
TGAAGTCAAAGCCTTCTGCG_005,15
TGAAGTCAAAGCCTTCTGCG_006,79
TGAAGTCAAAGCCTTCTGCG_007,151
TGAAGTCAAAGCCTTCTGCG_008,141
TGAGACAAAGAGGTTATGGC_001,41
TGAGACAAAGAGGTTATGGC_002,15
TGAGACAAAGAGGTTATGGC_003,147
TGAGACAAAGAGGTTATGGC_004,78
TGAGACAAAGAGGTTATGGC_005,78
TGAGACAAAGAGGTTATGGC_006,8
TGAGACAAAGAGGTTATGGC_007,63
TGAGACAAAGAGGTTATGGC_008,49
TGAGACAAAGAGGTTATGGC_009,48
TGAGACAAAGAGGTTATGGC_010,70
TGAGACAAAGAGGTTATGGC_011,26
AGCTGCGGTAGAAAGCCCGG_001,106
AGCTGCGGTAGAAAGCCCGG_002,134
AGCTGCGGTAGAAAGCCCGG_003,68
AGCTGCGGTAGAAAGCCCGG_004,154
AGCTGCGGTAGAAAGCCCGG_005,16
AGCTGCGGTAGAAAGCCCGG_006,5
AGCTGCGGTAGAAAGCCCGG_007,131
AGCTGCGGTAGAAAGCCCGG_008,194
AGCTGCGGTAGAAAGCCCGG_009,80
AGCTGCGGTAGAAAGCCCGG_010,56
AGCTGCGGTAGAAAGCCCGG_011,78
AGCTGCGGTAGAAAGCCCGG_012,29
AGCTGCGGTAGAAAGCCCGG_013,33
AGCTGCGGTAGAAAGCCCGG_014,61
AGCTGCGGTAGAAAGCCCGG_015,197
AGCTGCGGTAGAAAGCCCGG_016,80
AGCTGCGGTAGAAAGCCCGG_017,100
AGCTGCGGTAGAAAGCCCGG_018,105
GTTGGCTCGCTGAATCACTG_001,4
GTTGGCTCGCTGAATCACTG_002,96
GTTGGCTCGCTGAATCACTG_003,60
GTTGGCTCGCTGAATCACTG_004,16
CATTAAATACCGTAGAGCCC_001,58
TCACAGCAGTGTATCCCGAG_001,57
TCACAGCAGTGTATCCCGAG_002,192
GCGCTGGCAAGACGTGTCGA_001,2
GCGCTGGCAAGACGTGTCGA_002,23
GCGCTGGCAAGACGTGTCGA_003,188
GCGCTGGCAAGACGTGTCGA_004,163
GCGCTGGCAAGACGTGTCGA_005,127
GCGCTGGCAAGACGTGTCGA_006,17
GCGCTGGCAAGACGTGTCGA_007,25
GCGCTGGCAAGACGTGTCGA_008,25
GCGCTGGCAAGACGTGTCGA_009,105
GCGCTGGCAAGACGTGTCGA_010,177
GCGCTGGCAAGACGTGTCGA_011,159
GCGCTGGCAAGACGTGTCGA_012,148
GCGCTGGCAAGACGTGTCGA_013,156
GCGCTGGCAAGACGTGTCGA_014,8
GCGCTGGCAAGACGTGTCGA_015,127
GCGCTGGCAAGACGTGTCGA_016,108
GCGCTGGCAAGACGTGTCGA_017,23
GCGCTGGCAAGACGTGTCGA_018,166
GCGCTGGCAAGACGTGTCGA_019,6
GCGCTGGCAAGACGTGTCGA_020,65
GCGCTGGCAAGACGTGTCGA_021,105
GCGCTGGCAAGACGTGTCGA_022,199
GCGCTGGCAAGACGTGTCGA_023,172
GCGCTGGCAAGACGTGTCGA_024,197
GCGCTGGCAAGACGTGTCGA_025,57
GCGCTGGCAAGACGTGTCGA_026,197
GCGCTGGCAAGACGTGTCGA_027,58
GCGCTGGCAAGACGTGTCGA_028,120
GCGCTGGCAAGACGTGTCGA_029,169
TGAAGCTCTTCCATCCCCGA_001,171
TGAAGCTCTTCCATCCCCGA_002,93
TGAAGCTCTTCCATCCCCGA_003,138
TGAAGCTCTTCCATCCCCGA_004,39
TGAAGCTCTTCCATCCCCGA_005,197
TGAAGCTCTTCCATCCCCGA_006,37
TGAAGCTCTTCCATCCCCGA_007,75
TGAAGCTCTTCCATCCCCGA_008,153
TGAAGCTCTTCCATCCCCGA_009,115
TGAAGCTCTTCCATCCCCGA_010,41
TGAAGCTCTTCCATCCCCGA_011,91
TGAAGCTCTTCCATCCCCGA_012,125
TGAAGCTCTTCCATCCCCGA_013,1
TGAAGCTCTTCCATCCCCGA_014,148
TGAAGCTCTTCCATCCCCGA_015,162
TGAAGCTCTTCCATCCCCGA_016,183
TGAAGCTCTTCCATCCCCGA_017,125
TGAAGCTCTTCCATCCCCGA_018,181
TGAAGCTCTTCCATCCCCGA_019,57
TGAAGCTCTTCCATCCCCGA_020,9
TGAAGCTCTTCCATCCCCGA_021,184
TGAAGCTCTTCCATCCCCGA_022,171
TGAAGCTCTTCCATCCCCGA_023,4
TGAAGCTCTTCCATCCCCGA_024,4
GTAATACTCCACTTGAACTG_001,178
GTAATACTCCACTTGAACTG_002,36
GTAATACTCCACTTGAACTG_003,45
GTAATACTCCACTTGAACTG_004,45
GTAATACTCCACTTGAACTG_005,69
GGAGAGAGCTGGGCTTTCCA_001,70
GGAGAGAGCTGGGCTTTCCA_002,81
GGAGAGAGCTGGGCTTTCCA_003,1
GGAGAGAGCTGGGCTTTCCA_004,157
GGAGAGAGCTGGGCTTTCCA_005,45
GGAGAGAGCTGGGCTTTCCA_006,103
GGAGAGAGCTGGGCTTTCCA_007,3
GGAGAGAGCTGGGCTTTCCA_008,26
GGAGAGAGCTGGGCTTTCCA_009,138
GGAGAGAGCTGGGCTTTCCA_010,5
GGAGAGAGCTGGGCTTTCCA_011,116
GGAGAGAGCTGGGCTTTCCA_012,9
GGAGAGAGCTGGGCTTTCCA_013,77
GGAGAGAGCTGGGCTTTCCA_014,39
GGAGAGAGCTGGGCTTTCCA_015,40
GGAGAGAGCTGGGCTTTCCA_016,48
GGAGAGAGCTGGGCTTTCCA_017,2
GGAGAGAGCTGGGCTTTCCA_018,1
GGAGAGAGCTGGGCTTTCCA_019,16
GGAGAGAGCTGGGCTTTCCA_020,58
GGAGAGAGCTGGGCTTTCCA_021,53
ATGGAGATGAGGACCACCAG_001,151
ATGGAGATGAGGACCACCAG_002,164
ATGGAGATGAGGACCACCAG_003,169
ATGGAGATGAGGACCACCAG_004,113
ATGGAGATGAGGACCACCAG_005,191
ATGGAGATGAGGACCACCAG_006,146
ATGGAGATGAGGACCACCAG_007,162
ATGGAGATGAGGACCACCAG_008,19
ATGGAGATGAGGACCACCAG_009,30
ATGGAGATGAGGACCACCAG_010,184
ATGGAGATGAGGACCACCAG_011,14
AACACTGCAGGGGTTTGTTG_001,116
AACACTGCAGGGGTTTGTTG_002,37
AACACTGCAGGGGTTTGTTG_003,116
AACACTGCAGGGGTTTGTTG_004,179
AACACTGCAGGGGTTTGTTG_005,42
AACACTGCAGGGGTTTGTTG_006,43
AACACTGCAGGGGTTTGTTG_007,96
AACACTGCAGGGGTTTGTTG_008,172
AACACTGCAGGGGTTTGTTG_009,169
GCCGCAAGGAGACCGACATG_001,83
GCCGCAAGGAGACCGACATG_002,57
GCCGCAAGGAGACCGACATG_003,146
GCCGCAAGGAGACCGACATG_004,2
GCCGCAAGGAGACCGACATG_005,161
TGATGGAGTTCTCATCAACC_001,38
TGATGGAGTTCTCATCAACC_002,10
TGATGGAGTTCTCATCAACC_003,60
TGATGGAGTTCTCATCAACC_004,105
TGATGGAGTTCTCATCAACC_005,26
TGATGGAGTTCTCATCAACC_006,2
TGATGGAGTTCTCATCAACC_007,70
GGAACAATTGAGCAAGAACA_001,94
GGAACAATTGAGCAAGAACA_002,34
GGAACAATTGAGCAAGAACA_003,6
GGAACAATTGAGCAAGAACA_004,124
AAGAATAACAGGAAATCCAA_001,122
AAGAATAACAGGAAATCCAA_002,189
GACAGGAAGTCTCAGCCCAT_001,77
GACAGGAAGTCTCAGCCCAT_002,72
GACAGGAAGTCTCAGCCCAT_003,0
GACAGGAAGTCTCAGCCCAT_004,158
GACAGGAAGTCTCAGCCCAT_005,52
GACAGGAAGTCTCAGCCCAT_006,149
GACAGGAAGTCTCAGCCCAT_007,75
GACAGGAAGTCTCAGCCCAT_008,147
GACAGGAAGTCTCAGCCCAT_009,174
GACAGGAAGTCTCAGCCCAT_010,63
GACAGGAAGTCTCAGCCCAT_011,48
GACAGGAAGTCTCAGCCCAT_012,34
GACAGGAAGTCTCAGCCCAT_013,34
GACAGGAAGTCTCAGCCCAT_014,175
GACAGGAAGTCTCAGCCCAT_015,66
GACAGGAAGTCTCAGCCCAT_016,9
CACCTTCTCCCAGTACACAG_001,138
CACCTTCTCCCAGTACACAG_002,77
CACCTTCTCCCAGTACACAG_003,88
CACCTTCTCCCAGTACACAG_004,115
TTCTACTATTCCAATCAACC_001,182
TTCTACTATTCCAATCAACC_002,124
AACCCAAAATCCAATCACAA_001,91
AACCCAAAATCCAATCACAA_002,12
AACCCAAAATCCAATCACAA_003,175
AACCCAAAATCCAATCACAA_004,123
AACCCAAAATCCAATCACAA_005,144
AACCCAAAATCCAATCACAA_006,56
AACCCAAAATCCAATCACAA_007,165
AACCCAAAATCCAATCACAA_008,49
AACCCAAAATCCAATCACAA_009,147
AACCCAAAATCCAATCACAA_010,197
AACCCAAAATCCAATCACAA_011,150
AACCCAAAATCCAATCACAA_012,174
AACCCAAAATCCAATCACAA_013,2
AACCCAAAATCCAATCACAA_014,41
AACCCAAAATCCAATCACAA_015,34
AACCCAAAATCCAATCACAA_016,56
AACCCAAAATCCAATCACAA_017,188
AACCCAAAATCCAATCACAA_018,61
AACCCAAAATCCAATCACAA_019,82
AACCCAAAATCCAATCACAA_020,145
GAAGGTGCCTCCATATGCGT_001,176
GAAGGTGCCTCCATATGCGT_002,70
GAAGGTGCCTCCATATGCGT_003,35
GAAGGTGCCTCCATATGCGT_004,148
GAAGGTGCCTCCATATGCGT_005,192
GAAGGTGCCTCCATATGCGT_006,3
GAAGGTGCCTCCATATGCGT_007,144
GAAGGTGCCTCCATATGCGT_008,3
GAAGGTGCCTCCATATGCGT_009,192
AAAATGAGTTCTGAACGTGA_001,161
AAAATGAGTTCTGAACGTGA_002,126
AAAATGAGTTCTGAACGTGA_003,6
AGAGAAGAGGGAATATGCAA_001,113
AGAGAAGAGGGAATATGCAA_002,157
AGAGAAGAGGGAATATGCAA_003,48
AGAGAAGAGGGAATATGCAA_004,18
AGAGAAGAGGGAATATGCAA_005,160
AGAGAAGAGGGAATATGCAA_006,148
TCAGCTTGTTCACCTTCTCG_001,40
TCAGCTTGTTCACCTTCTCG_002,4
TCAGCTTGTTCACCTTCTCG_003,2
TCAGCTTGTTCACCTTCTCG_004,115
TCAGCTTGTTCACCTTCTCG_005,108
GACTCTGTCGACTAGCTCCG_001,6
GACTCTGTCGACTAGCTCCG_002,171
GACTCTGTCGACTAGCTCCG_003,122
TGTATACATCCAAGCTCGTG_001,144
AAGAAAGATGATTTCGACTG_001,129
CCAGAAACGCCGGATAACAT_001,1
CCAGAAACGCCGGATAACAT_002,0
CCAGAAACGCCGGATAACAT_003,106
CCAGAAACGCCGGATAACAT_004,106
CCAGAAACGCCGGATAACAT_005,30
CCAGAAACGCCGGATAACAT_006,69
CCAGAAACGCCGGATAACAT_007,106
CCAGAAACGCCGGATAACAT_008,1
GGTGGAAGGTGCGTACACGG_001,35
GGTGGAAGGTGCGTACACGG_002,69
GGTGGAAGGTGCGTACACGG_003,26
GGTGGAAGGTGCGTACACGG_004,80
GGTGGAAGGTGCGTACACGG_005,135
GCATGACTGTCACCACCGCG_001,8
GCATGACTGTCACCACCGCG_002,8
GCATGACTGTCACCACCGCG_003,136
GCATGACTGTCACCACCGCG_004,163
GCATGACTGTCACCACCGCG_005,185
GCATGACTGTCACCACCGCG_006,38
GCTGTCAACAAATTTGTGCA_001,153
GCTGTCAACAAATTTGTGCA_002,166
GCTGTCAACAAATTTGTGCA_003,137
GCTGTCAACAAATTTGTGCA_004,191
GCTGTCAACAAATTTGTGCA_005,168
GCTGTCAACAAATTTGTGCA_006,130
AGGTCCCTTAAGTTAAGTGA_001,95
AGGTCCCTTAAGTTAAGTGA_002,4
AGGTCCCTTAAGTTAAGTGA_003,64
AGGTCCCTTAAGTTAAGTGA_004,77
AGGTCCCTTAAGTTAAGTGA_005,44
AGGTCCCTTAAGTTAAGTGA_006,31
AGGTCCCTTAAGTTAAGTGA_007,68
AGGTCCCTTAAGTTAAGTGA_008,141
AGGTCCCTTAAGTTAAGTGA_009,192
GGGCGCCGAGCACAGCAGGA_001,169
GGGCGCCGAGCACAGCAGGA_002,192
GGGCGCCGAGCACAGCAGGA_003,148
GGGCGCCGAGCACAGCAGGA_004,193
GGGCGCCGAGCACAGCAGGA_005,94
GGGCGCCGAGCACAGCAGGA_006,121
GGGCGCCGAGCACAGCAGGA_007,162
GGGCGCCGAGCACAGCAGGA_008,29
GGGCGCCGAGCACAGCAGGA_009,116
GGGCGCCGAGCACAGCAGGA_010,150
GGGCGCCGAGCACAGCAGGA_011,97
GGGCGCCGAGCACAGCAGGA_012,93
GGGCGCCGAGCACAGCAGGA_013,161
GGGCGCCGAGCACAGCAGGA_014,191
GGGCGCCGAGCACAGCAGGA_015,179
GGGCGCCGAGCACAGCAGGA_016,67
GGGCGCCGAGCACAGCAGGA_017,28
ATGTGACCATCGCCTTTATG_001,129
ATGTGACCATCGCCTTTATG_002,152
ATGTGACCATCGCCTTTATG_003,190
ATGTGACCATCGCCTTTATG_004,110
ATGTGACCATCGCCTTTATG_005,132
ATGTGACCATCGCCTTTATG_006,56
ATGTGACCATCGCCTTTATG_007,91
ATGTGACCATCGCCTTTATG_008,149
ATGTGACCATCGCCTTTATG_009,43
ATGTGACCATCGCCTTTATG_010,143
ATCATTGGTTGCTGCTTTGG_001,111
ATCATTGGTTGCTGCTTTGG_002,131
ATCATTGGTTGCTGCTTTGG_003,42
ATCATTGGTTGCTGCTTTGG_004,138
ATCATTGGTTGCTGCTTTGG_005,172
ATCATTGGTTGCTGCTTTGG_006,152
GGGTGTAATTGAATTTCACG_001,127
GGGTGTAATTGAATTTCACG_002,82
GGGTGTAATTGAATTTCACG_003,49
GGCTGCTATCCATCTCAAAG_001,185
TGCCATATGGCAAACCCCAG_001,10
TGCCATATGGCAAACCCCAG_002,145
TGCCATATGGCAAACCCCAG_003,159
TGCCATATGGCAAACCCCAG_004,62
TGCCATATGGCAAACCCCAG_005,2
CCTGGTAGCCCAAGTCCAAG_001,167
CCTGGTAGCCCAAGTCCAAG_002,153
CCTGGTAGCCCAAGTCCAAG_003,56
GGCTGTCGACTTCTTCAGCG_001,79
GGCTGTCGACTTCTTCAGCG_002,90
GGCCACTCAGGGCCCGGACA_001,11
GGCCACTCAGGGCCCGGACA_002,76
TCTTGTCCATCTCATCGAAG_001,154
TCTTGTCCATCTCATCGAAG_002,22
TCTTGTCCATCTCATCGAAG_003,26
TCTTGTCCATCTCATCGAAG_004,37
AGGATAATCTTAGAACATCC_001,192
GAGTGGCAGTCGTGGGTCCG_001,50
GAGTGGCAGTCGTGGGTCCG_002,116
GAGTGGCAGTCGTGGGTCCG_003,63
GAGTGGCAGTCGTGGGTCCG_004,197
GAGTGGCAGTCGTGGGTCCG_005,68
GAGTGGCAGTCGTGGGTCCG_006,115
GAGTGGCAGTCGTGGGTCCG_007,8
GAGTGGCAGTCGTGGGTCCG_008,133
GAGTGGCAGTCGTGGGTCCG_009,147
GAGTGGCAGTCGTGGGTCCG_010,78
GAGTGGCAGTCGTGGGTCCG_011,127
GAGTGGCAGTCGTGGGTCCG_012,105
GAGTGGCAGTCGTGGGTCCG_013,34
GAGTGGCAGTCGTGGGTCCG_014,36
GAGTGGCAGTCGTGGGTCCG_015,36
CTTCAGTGATCACCGCAGAG_001,169
CTTCAGTGATCACCGCAGAG_002,132
CTTCAGTGATCACCGCAGAG_003,53
CTTCAGTGATCACCGCAGAG_004,94
CTTCAGTGATCACCGCAGAG_005,63
CTTCAGTGATCACCGCAGAG_006,104
CTTCAGTGATCACCGCAGAG_007,160
CTTCAGTGATCACCGCAGAG_008,88
CTTCAGTGATCACCGCAGAG_009,69
CTTCAGTGATCACCGCAGAG_010,4
CTTCAGTGATCACCGCAGAG_011,186
CTTCAGTGATCACCGCAGAG_012,103
CTTCAGTGATCACCGCAGAG_013,107
CTTCAGTGATCACCGCAGAG_014,137
CTTCAGTGATCACCGCAGAG_015,12
CTTCAGTGATCACCGCAGAG_016,10
CTTCAGTGATCACCGCAGAG_017,97
CTTCAGTGATCACCGCAGAG_018,36
CTTCAGTGATCACCGCAGAG_019,96
CTTCAGTGATCACCGCAGAG_020,137
CTTCAGTGATCACCGCAGAG_021,25
ACAGCCTCCTTCCCATGATG_001,41
ACAGCCTCCTTCCCATGATG_002,49
ACAGCCTCCTTCCCATGATG_003,116
ACAGCCTCCTTCCCATGATG_004,145
ACAGCCTCCTTCCCATGATG_005,162
ACAGCCTCCTTCCCATGATG_006,58
ACAGCCTCCTTCCCATGATG_007,61
ACAGCCTCCTTCCCATGATG_008,193
ACAGCCTCCTTCCCATGATG_009,36
ACAGCCTCCTTCCCATGATG_010,141
ACAGCCTCCTTCCCATGATG_011,83
GGTAGCACACACAGTCCCGT_001,0
GGTAGCACACACAGTCCCGT_002,163
AAGGAGGGCGTCCTCTACGT_001,166
AAGGAGGGCGTCCTCTACGT_002,96
AAGGAGGGCGTCCTCTACGT_003,4
AAGGAGGGCGTCCTCTACGT_004,2
AAGGAGGGCGTCCTCTACGT_005,165
AAGGAGGGCGTCCTCTACGT_006,119
AAGGAGGGCGTCCTCTACGT_007,101
AAGGAGGGCGTCCTCTACGT_008,199
AAGGAGGGCGTCCTCTACGT_009,16
AAGGAGGGCGTCCTCTACGT_010,2
AAGGAGGGCGTCCTCTACGT_011,166
AAGGAGGGCGTCCTCTACGT_012,150
AAGGAGGGCGTCCTCTACGT_013,94
AAGGAGGGCGTCCTCTACGT_014,119
AAGGAGGGCGTCCTCTACGT_015,190
AAGGAGGGCGTCCTCTACGT_016,120
AAGGAGGGCGTCCTCTACGT_017,172
AAGGAGGGCGTCCTCTACGT_018,126
AAGGAGGGCGTCCTCTACGT_019,10
ATGATCAGACCATCCGAGTG_001,85
ATGATCAGACCATCCGAGTG_002,85
ATGATCAGACCATCCGAGTG_003,7
ATTGATAAATCTGTAGCAGC_001,57
ATTGATAAATCTGTAGCAGC_002,2
GTGATGGACATCGATACCAG_001,182
GTGATGGACATCGATACCAG_002,112
GTGATGGACATCGATACCAG_003,159
GTGATGGACATCGATACCAG_004,38
GTGATGGACATCGATACCAG_005,33
GTGATGGACATCGATACCAG_006,84
GTGATGGACATCGATACCAG_007,144
GTGATGGACATCGATACCAG_008,175
GTGATGGACATCGATACCAG_009,146
GTGATGGACATCGATACCAG_010,23
AGGACACTCAGCGCTCCCAG_001,122
AGGACACTCAGCGCTCCCAG_002,53
AGGACACTCAGCGCTCCCAG_003,53
AGGACACTCAGCGCTCCCAG_004,137
AGGACACTCAGCGCTCCCAG_005,147
AGGACACTCAGCGCTCCCAG_006,125
AGGACACTCAGCGCTCCCAG_007,72
AGGACACTCAGCGCTCCCAG_008,161
AGGACACTCAGCGCTCCCAG_009,49
AGGACACTCAGCGCTCCCAG_010,123
AGGACACTCAGCGCTCCCAG_011,130
AGGACACTCAGCGCTCCCAG_012,101
AGGACACTCAGCGCTCCCAG_013,28
AGGACACTCAGCGCTCCCAG_014,124
AGGACACTCAGCGCTCCCAG_015,36
AGGACACTCAGCGCTCCCAG_016,141
AGGACACTCAGCGCTCCCAG_017,48
GTTTGTAATAGACACACAGG_001,198
GTTTGTAATAGACACACAGG_002,148
GTTTGTAATAGACACACAGG_003,1
GTTTGTAATAGACACACAGG_004,141
GTTTGTAATAGACACACAGG_005,137
GTTTGTAATAGACACACAGG_006,30
GTTTGTAATAGACACACAGG_007,112
GTTTGTAATAGACACACAGG_008,33
GTTTGTAATAGACACACAGG_009,19
GTTTGTAATAGACACACAGG_010,138
GTTTGTAATAGACACACAGG_011,34
GTGGACGAGGCCAACGCACG_001,185
GTGGACGAGGCCAACGCACG_002,61
GTGGACGAGGCCAACGCACG_003,107
GTGGACGAGGCCAACGCACG_004,123
GTGGACGAGGCCAACGCACG_005,127
GTGGACGAGGCCAACGCACG_006,19
GTGGACGAGGCCAACGCACG_007,83
GTGGACGAGGCCAACGCACG_008,103
GTGGACGAGGCCAACGCACG_009,14
GTGGACGAGGCCAACGCACG_010,133
GTGGACGAGGCCAACGCACG_011,19
GTGGACGAGGCCAACGCACG_012,48
GTGGACGAGGCCAACGCACG_013,81
GTGGACGAGGCCAACGCACG_014,147
AGATATGTACACGGTGCAGG_001,112
AGATATGTACACGGTGCAGG_002,12
AGATATGTACACGGTGCAGG_003,98
AGATATGTACACGGTGCAGG_004,58
AGATATGTACACGGTGCAGG_005,50
AGATATGTACACGGTGCAGG_006,185
AGATATGTACACGGTGCAGG_007,76
AGATATGTACACGGTGCAGG_008,66
CCTCTGGTCTCACCAATCGG_001,105
CCTCTGGTCTCACCAATCGG_002,117
CCTCTGGTCTCACCAATCGG_003,56
CCTCTGGTCTCACCAATCGG_004,140
CCTCTGGTCTCACCAATCGG_005,2
CCTCTGGTCTCACCAATCGG_006,110
CCTCTGGTCTCACCAATCGG_007,160
CCTCTGGTCTCACCAATCGG_008,94
CCTCTGGTCTCACCAATCGG_009,11
CCTCTGGTCTCACCAATCGG_010,18
CCTCTGGTCTCACCAATCGG_011,95
CCTCTGGTCTCACCAATCGG_012,126
CCTCTGGTCTCACCAATCGG_013,48
CCTCTGGTCTCACCAATCGG_014,149
CCTCTGGTCTCACCAATCGG_015,48
CCTCTGGTCTCACCAATCGG_016,191
CCTCTGGTCTCACCAATCGG_017,114
GTACTCGCGGTACTGCACAT_001,112
GTACTCGCGGTACTGCACAT_002,77
GTACTCGCGGTACTGCACAT_003,68
GTACTCGCGGTACTGCACAT_004,42
GTACTCGCGGTACTGCACAT_005,119
GTACTCGCGGTACTGCACAT_006,104
GTACTCGCGGTACTGCACAT_007,151
GTACTCGCGGTACTGCACAT_008,29
GTACTCGCGGTACTGCACAT_009,127
GTACTCGCGGTACTGCACAT_010,62
GTACTCGCGGTACTGCACAT_011,161
GTACTCGCGGTACTGCACAT_012,4
GTACTCGCGGTACTGCACAT_013,129
GTACTCGCGGTACTGCACAT_014,170
GTACTCGCGGTACTGCACAT_015,160
GTACTCGCGGTACTGCACAT_016,193
GTACTCGCGGTACTGCACAT_017,98
GTACTCGCGGTACTGCACAT_018,174
GTACTCGCGGTACTGCACAT_019,28
GTACTCGCGGTACTGCACAT_020,184
GTACTCGCGGTACTGCACAT_021,145
GTACTCGCGGTACTGCACAT_022,169
GTACTCGCGGTACTGCACAT_023,49
GTACTCGCGGTACTGCACAT_024,89
ACAGTACCTCTTGGCGCTGG_001,151
ACAGTACCTCTTGGCGCTGG_002,157
ACAGTACCTCTTGGCGCTGG_003,1
ACAGTACCTCTTGGCGCTGG_004,49
ACAGTACCTCTTGGCGCTGG_005,168
ACAGTACCTCTTGGCGCTGG_006,198
CCTGCTCGTTCACCAGCACG_001,52
CCTGCTCGTTCACCAGCACG_002,19
CCTGCTCGTTCACCAGCACG_003,0
CCTGCTCGTTCACCAGCACG_004,1
CCTGCTCGTTCACCAGCACG_005,17
TGCTTCAGGAGCCTAAAGCG_001,154
TGCTTCAGGAGCCTAAAGCG_002,58
TGCTTCAGGAGCCTAAAGCG_003,64
TGCTTCAGGAGCCTAAAGCG_004,105
TGCTTCAGGAGCCTAAAGCG_005,106
TGCTTCAGGAGCCTAAAGCG_006,19
TGCTTCAGGAGCCTAAAGCG_007,65
TGCTTCAGGAGCCTAAAGCG_008,47
TGCTTCAGGAGCCTAAAGCG_009,178
TGCTTCAGGAGCCTAAAGCG_010,66
TGCTTCAGGAGCCTAAAGCG_011,19
TGCTTCAGGAGCCTAAAGCG_012,169
TGCTTCAGGAGCCTAAAGCG_013,28
TGCTTCAGGAGCCTAAAGCG_014,177
TGCTTCAGGAGCCTAAAGCG_015,87
TGCTTCAGGAGCCTAAAGCG_016,43
TGCTTCAGGAGCCTAAAGCG_017,16
TGCTTCAGGAGCCTAAAGCG_018,17
TGCTTCAGGAGCCTAAAGCG_019,11
TGCTTCAGGAGCCTAAAGCG_020,39
TGCTTCAGGAGCCTAAAGCG_021,138
TGCTTCAGGAGCCTAAAGCG_022,51
TTGGTTAGATTATATGCTCG_001,78
TAAAACTCTTCCCACAATCA_001,174
CAGTAGCACACGAAGCGGGG_001,160
CAGTAGCACACGAAGCGGGG_002,5
CAGTAGCACACGAAGCGGGG_003,183
CAGTAGCACACGAAGCGGGG_004,170
GCGAACCTGAGCAGCTACGC_001,73
GCGAACCTGAGCAGCTACGC_002,169
GCGAACCTGAGCAGCTACGC_003,118
GCGAACCTGAGCAGCTACGC_004,38
GCGAACCTGAGCAGCTACGC_005,6
GCGAACCTGAGCAGCTACGC_006,113
GCGAACCTGAGCAGCTACGC_007,108
GCGAACCTGAGCAGCTACGC_008,36
GCGAACCTGAGCAGCTACGC_009,66
GCGAACCTGAGCAGCTACGC_010,16
GCGAACCTGAGCAGCTACGC_011,164
GCGAACCTGAGCAGCTACGC_012,33
GCGAACCTGAGCAGCTACGC_013,199
GCGAACCTGAGCAGCTACGC_014,52
GCGAACCTGAGCAGCTACGC_015,43
GCGAACCTGAGCAGCTACGC_016,105
GCGAACCTGAGCAGCTACGC_017,127
GCGAACCTGAGCAGCTACGC_018,121
GCGAACCTGAGCAGCTACGC_019,146
GCGAACCTGAGCAGCTACGC_020,154
GCGAACCTGAGCAGCTACGC_021,168
GCGAACCTGAGCAGCTACGC_022,3
GACATCGTGCTGGCCACGAT_001,169
GACATCGTGCTGGCCACGAT_002,66
GACATCGTGCTGGCCACGAT_003,48
GACATCGTGCTGGCCACGAT_004,144
GACATCGTGCTGGCCACGAT_005,138
GACATCGTGCTGGCCACGAT_006,15
ACTAACAGGAAAGCCAGTGA_001,171
ACTAACAGGAAAGCCAGTGA_002,131
ACTAACAGGAAAGCCAGTGA_003,135
AGAGCAGCTCAAGCAAGCTG_001,136
AGAGCAGCTCAAGCAAGCTG_002,10
AGAGCAGCTCAAGCAAGCTG_003,10
AGAGCAGCTCAAGCAAGCTG_004,63
AGAGCAGCTCAAGCAAGCTG_005,57
AGAGCAGCTCAAGCAAGCTG_006,194
CCGCAGCAGGCAGATGTCGT_001,104
CCGCAGCAGGCAGATGTCGT_002,15
CCGCAGCAGGCAGATGTCGT_003,141
CCGCAGCAGGCAGATGTCGT_004,58
CCGCAGCAGGCAGATGTCGT_005,57
CCGCAGCAGGCAGATGTCGT_006,176
CCGCAGCAGGCAGATGTCGT_007,88
CCGCAGCAGGCAGATGTCGT_008,158
CCGCAGCAGGCAGATGTCGT_009,16
CCGCAGCAGGCAGATGTCGT_010,31
TCACCCACCTTCAGTGAACC_001,146
ACTACCTGCTGGGCATCAAG_001,5
ACTACCTGCTGGGCATCAAG_002,34
ACTACCTGCTGGGCATCAAG_003,70
ACTACCTGCTGGGCATCAAG_004,160
ACTACCTGCTGGGCATCAAG_005,84
ACTACCTGCTGGGCATCAAG_006,84
ACTACCTGCTGGGCATCAAG_007,9
ACTACCTGCTGGGCATCAAG_008,176
ACTACCTGCTGGGCATCAAG_009,34
ACTACCTGCTGGGCATCAAG_010,152
ACTACCTGCTGGGCATCAAG_011,50
ACTACCTGCTGGGCATCAAG_012,105
ACTACCTGCTGGGCATCAAG_013,1
ACTACCTGCTGGGCATCAAG_014,9
ACTACCTGCTGGGCATCAAG_015,69
ACTACCTGCTGGGCATCAAG_016,96
ACTACCTGCTGGGCATCAAG_017,70
ACCTCCTGGGCCTATCAGGA_001,115
ACCTCCTGGGCCTATCAGGA_002,149
ACCTCCTGGGCCTATCAGGA_003,194
ACCTCCTGGGCCTATCAGGA_004,70
ACCTCCTGGGCCTATCAGGA_005,53
ACCTCCTGGGCCTATCAGGA_006,41
ACCTCCTGGGCCTATCAGGA_007,115
ACCTCCTGGGCCTATCAGGA_008,185
ACCTCCTGGGCCTATCAGGA_009,177
ACCTCCTGGGCCTATCAGGA_010,105
AGGCCAGTCTCAATACTGCG_001,86
AGGCCAGTCTCAATACTGCG_002,96
AACAAAAGAACTGAACCCAT_001,1
AACAAAAGAACTGAACCCAT_002,50
AACAAAAGAACTGAACCCAT_003,131
AACAAAAGAACTGAACCCAT_004,148
AACAAAAGAACTGAACCCAT_005,189
AACAAAAGAACTGAACCCAT_006,146
AACAAAAGAACTGAACCCAT_007,70
AACAAAAGAACTGAACCCAT_008,104
TTACATTACCTGTCTGTGAG_001,185
TTACATTACCTGTCTGTGAG_002,68
TTACATTACCTGTCTGTGAG_003,16
TTACATTACCTGTCTGTGAG_004,158
TTACATTACCTGTCTGTGAG_005,76
TTACATTACCTGTCTGTGAG_006,2
TTACATTACCTGTCTGTGAG_007,31
TTACATTACCTGTCTGTGAG_008,112
TTACATTACCTGTCTGTGAG_009,162
TTACATTACCTGTCTGTGAG_010,132
TTACATTACCTGTCTGTGAG_011,187
TTACATTACCTGTCTGTGAG_012,13
TTACATTACCTGTCTGTGAG_013,63
TTACATTACCTGTCTGTGAG_014,166
TTACATTACCTGTCTGTGAG_015,175
TTACATTACCTGTCTGTGAG_016,124
TTGCCATCAAATTCCTCCTG_001,154
TTGCCATCAAATTCCTCCTG_002,50
AGACATTCATAGAATGAACA_001,63
CAGCATCACTGGTCAAACAA_001,183
CAGCATCACTGGTCAAACAA_002,82
CAGCATCACTGGTCAAACAA_003,147
CAGCATCACTGGTCAAACAA_004,48
CAGCATCACTGGTCAAACAA_005,35
CAGCATCACTGGTCAAACAA_006,75
CAGCATCACTGGTCAAACAA_007,12
CAGCATCACTGGTCAAACAA_008,169
CAGCATCACTGGTCAAACAA_009,134
CAGCATCACTGGTCAAACAA_010,48
CAGCATCACTGGTCAAACAA_011,188
CAGCATCACTGGTCAAACAA_012,5
AGGAAGGTGGTGATTCTCGG_001,14
AGGAAGGTGGTGATTCTCGG_002,175
AGGAAGGTGGTGATTCTCGG_003,154
AGGAAGGTGGTGATTCTCGG_004,115
AGGAAGGTGGTGATTCTCGG_005,1
AGGAAGGTGGTGATTCTCGG_006,180
AGGAAGGTGGTGATTCTCGG_007,19
AGGAAGGTGGTGATTCTCGG_008,182
AGGAAGGTGGTGATTCTCGG_009,78
AGGAAGGTGGTGATTCTCGG_010,143
AGGAAGGTGGTGATTCTCGG_011,185
AGGAAGGTGGTGATTCTCGG_012,127
AGGAAGGTGGTGATTCTCGG_013,55
AGGAAGGTGGTGATTCTCGG_014,141
AGGAAGGTGGTGATTCTCGG_015,111
AGGAAGGTGGTGATTCTCGG_016,165
AGGAAGGTGGTGATTCTCGG_017,1
AGGAAGGTGGTGATTCTCGG_018,1
AGGAAGGTGGTGATTCTCGG_019,63
AGGAAGGTGGTGATTCTCGG_020,97
AGGAAGGTGGTGATTCTCGG_021,12
AGGAAGGTGGTGATTCTCGG_022,40
AGGAAGGTGGTGATTCTCGG_023,23
AGGAAGGTGGTGATTCTCGG_024,122
AGGAAGGTGGTGATTCTCGG_025,1
AGGAAGGTGGTGATTCTCGG_026,104
AGGAAGGTGGTGATTCTCGG_027,89
AGGAAGGTGGTGATTCTCGG_028,191
AGGAAGGTGGTGATTCTCGG_029,83
CATTGATGAAAAATACGACG_001,24
TACCGACTTTAGTGACCAGT_001,172
TACCGACTTTAGTGACCAGT_002,106
TACCGACTTTAGTGACCAGT_003,188
ATCAGGAGGGTGCTATCAGA_001,115
ATCAGGAGGGTGCTATCAGA_002,49
ATCAGGAGGGTGCTATCAGA_003,81
ATCAGGAGGGTGCTATCAGA_004,157
ATCAGGAGGGTGCTATCAGA_005,198
ATCAGGAGGGTGCTATCAGA_006,61
ATCAGGAGGGTGCTATCAGA_007,197
ATCAGGAGGGTGCTATCAGA_008,162
ATCAGGAGGGTGCTATCAGA_009,121
ATCAGGAGGGTGCTATCAGA_010,14
ATCAGGAGGGTGCTATCAGA_011,153
ATCAGGAGGGTGCTATCAGA_012,105
ATCAGGAGGGTGCTATCAGA_013,147
ATCAGGAGGGTGCTATCAGA_014,55
ATCAGGAGGGTGCTATCAGA_015,134
ATCAGGAGGGTGCTATCAGA_016,145
ATCAGGAGGGTGCTATCAGA_017,35
ATCAGGAGGGTGCTATCAGA_018,80
ATCAGGAGGGTGCTATCAGA_019,88
ATCAGGAGGGTGCTATCAGA_020,185
ATCAGGAGGGTGCTATCAGA_021,174
ATCAGGAGGGTGCTATCAGA_022,48
ATCAGGAGGGTGCTATCAGA_023,141
ATCAGGAGGGTGCTATCAGA_024,86
CGGCGGCTGGACATCAACGA_001,186
CGGCGGCTGGACATCAACGA_002,179
CGGCGGCTGGACATCAACGA_003,183
CGGCGGCTGGACATCAACGA_004,145
CGGCGGCTGGACATCAACGA_005,84
CGGCGGCTGGACATCAACGA_006,32
CGGCGGCTGGACATCAACGA_007,27
CGGCGGCTGGACATCAACGA_008,136
CTCCCAGCAAGCATTCTGTG_001,106
CTCCCAGCAAGCATTCTGTG_002,105
CTCCCAGCAAGCATTCTGTG_003,42
CTCCCAGCAAGCATTCTGTG_004,83
CTCCCAGCAAGCATTCTGTG_005,60
CTCCCAGCAAGCATTCTGTG_006,109
CTCCCAGCAAGCATTCTGTG_007,74
CTCCCAGCAAGCATTCTGTG_008,178
CTCCCAGCAAGCATTCTGTG_009,191
CTCCCAGCAAGCATTCTGTG_010,129
CTCCCAGCAAGCATTCTGTG_011,26
CTCCCAGCAAGCATTCTGTG_012,122
CTCCCAGCAAGCATTCTGTG_013,32
CTCCCAGCAAGCATTCTGTG_014,76
CTCCCAGCAAGCATTCTGTG_015,63
CTCCCAGCAAGCATTCTGTG_016,161
CGGCTCTAGACGGACCCAAG_001,27
CGGCTCTAGACGGACCCAAG_002,160
CGGCTCTAGACGGACCCAAG_003,120
CGGCTCTAGACGGACCCAAG_004,78
CGGCTCTAGACGGACCCAAG_005,82
CGGCTCTAGACGGACCCAAG_006,77
CGGCTCTAGACGGACCCAAG_007,149
CGGCTCTAGACGGACCCAAG_008,43
CGGCTCTAGACGGACCCAAG_009,0
CGGCTCTAGACGGACCCAAG_010,138
CGGCTCTAGACGGACCCAAG_011,118
CGGCTCTAGACGGACCCAAG_012,19
CGGCTCTAGACGGACCCAAG_013,29
CGGCTCTAGACGGACCCAAG_014,174
CGGCTCTAGACGGACCCAAG_015,50
GCAGCCTCTGAAAAGAATCG_001,119
GCAGCCTCTGAAAAGAATCG_002,46
GCAGCCTCTGAAAAGAATCG_003,158
GCAGCCTCTGAAAAGAATCG_004,182
ACATGAACATGTCACCAGTG_001,157
ACATGAACATGTCACCAGTG_002,196
GAACTGGAAGACGTGTACTC_001,162
GAACTGGAAGACGTGTACTC_002,46
GAACTGGAAGACGTGTACTC_003,112
GAACTGGAAGACGTGTACTC_004,139
GAACTGGAAGACGTGTACTC_005,192
GAACTGGAAGACGTGTACTC_006,96
GAACTGGAAGACGTGTACTC_007,146
GAACTGGAAGACGTGTACTC_008,83
GAACTGGAAGACGTGTACTC_009,44
GAACTGGAAGACGTGTACTC_010,198
GAACTGGAAGACGTGTACTC_011,1
GAACTGGAAGACGTGTACTC_012,102
GAACTGGAAGACGTGTACTC_013,188
GAACTGGAAGACGTGTACTC_014,132
GAACTGGAAGACGTGTACTC_015,8
GAACTGGAAGACGTGTACTC_016,157
GAACTGGAAGACGTGTACTC_017,132
GAACTGGAAGACGTGTACTC_018,121
GAACTGGAAGACGTGTACTC_019,178
GAACTGGAAGACGTGTACTC_020,27
GAACTGGAAGACGTGTACTC_021,119
GAACTGGAAGACGTGTACTC_022,119
GAACTGGAAGACGTGTACTC_023,30
GGTTAGGATGAGCTGTCTCA_001,159
GGTTAGGATGAGCTGTCTCA_002,188
GGTTAGGATGAGCTGTCTCA_003,77
GGTTAGGATGAGCTGTCTCA_004,199
CAAACGACACCTTGGCGGGG_001,146
CAAACGACACCTTGGCGGGG_002,11
CAAACGACACCTTGGCGGGG_003,4
CAAACGACACCTTGGCGGGG_004,177
CAAACGACACCTTGGCGGGG_005,38
CAAACGACACCTTGGCGGGG_006,135
CAAACGACACCTTGGCGGGG_007,106
CAAACGACACCTTGGCGGGG_008,28
CAAACGACACCTTGGCGGGG_009,96
CAAACGACACCTTGGCGGGG_010,69
GGGATGTATGGGCTACTGTG_001,121
GGGATGTATGGGCTACTGTG_002,157
GGGATGTATGGGCTACTGTG_003,17
GGGATGTATGGGCTACTGTG_004,112
GGGATGTATGGGCTACTGTG_005,77
GGGATGTATGGGCTACTGTG_006,80
GGGATGTATGGGCTACTGTG_007,94
GGGATGTATGGGCTACTGTG_008,152
GGGATGTATGGGCTACTGTG_009,176
GGGATGTATGGGCTACTGTG_010,41
GGGATGTATGGGCTACTGTG_011,171
GGGATGTATGGGCTACTGTG_012,65
GGGATGTATGGGCTACTGTG_013,56
GGGATGTATGGGCTACTGTG_014,69
GGGATGTATGGGCTACTGTG_015,184
GGGATGTATGGGCTACTGTG_016,65
GGCTTGACAAATTCTTATGT_001,150
GGCTTGACAAATTCTTATGT_002,162
GGCTTGACAAATTCTTATGT_003,184
GGCTTGACAAATTCTTATGT_004,170
GGCTTGACAAATTCTTATGT_005,50
GGCTTGACAAATTCTTATGT_006,2
GGCTTGACAAATTCTTATGT_007,2
GGCTTGACAAATTCTTATGT_008,115
GGCTTGACAAATTCTTATGT_009,123
GTGAAGTCGCTATCGAGGGA_001,72
GTGAAGTCGCTATCGAGGGA_002,141
GTGAAGTCGCTATCGAGGGA_003,191
GTGAAGTCGCTATCGAGGGA_004,121
GTGAAGTCGCTATCGAGGGA_005,48
TACATACCCGATCCTGCGTG_001,82
TATTAACAAGCATATCCCAT_001,103
TATTAACAAGCATATCCCAT_002,91
TATTAACAAGCATATCCCAT_003,50
TCCAGATGTGAGTTATCAGG_001,139
TCCAGATGTGAGTTATCAGG_002,157
TGCAATGGGACAAAGTACTG_001,8
TGCAATGGGACAAAGTACTG_002,60
TGCAATGGGACAAAGTACTG_003,102
TGCAATGGGACAAAGTACTG_004,168
TGCAATGGGACAAAGTACTG_005,43
TGCAATGGGACAAAGTACTG_006,117
TGCAATGGGACAAAGTACTG_007,166
TGCAATGGGACAAAGTACTG_008,165
TGCAATGGGACAAAGTACTG_009,137
TGCAATGGGACAAAGTACTG_010,56
TGCAATGGGACAAAGTACTG_011,138
TGCAATGGGACAAAGTACTG_012,49
TGCAATGGGACAAAGTACTG_013,137
TGCAATGGGACAAAGTACTG_014,136
TGCAATGGGACAAAGTACTG_015,73
TGAACTCTCTAGGTTCTGGA_001,113
TGAACTCTCTAGGTTCTGGA_002,79
GTGGGGATTTGAGCCAGAAT_001,118
GTGGGGATTTGAGCCAGAAT_002,32
GTGGGGATTTGAGCCAGAAT_003,188
GTGGGGATTTGAGCCAGAAT_004,149
GTGGGGATTTGAGCCAGAAT_005,107
CATGGCCCCAATGGACACGT_001,93
CATGGCCCCAATGGACACGT_002,108
CATGGCCCCAATGGACACGT_003,129
CATGGCCCCAATGGACACGT_004,122
CATGGCCCCAATGGACACGT_005,9
CATGGCCCCAATGGACACGT_006,169
CATGGCCCCAATGGACACGT_007,141
CATGGCCCCAATGGACACGT_008,127
CATGGCCCCAATGGACACGT_009,139
CATGGCCCCAATGGACACGT_010,187
CATGGCCCCAATGGACACGT_011,91
CATGGCCCCAATGGACACGT_012,168
CATGGCCCCAATGGACACGT_013,56
CATGGCCCCAATGGACACGT_014,46
CTGGAGGAAGATTCTAACCA_001,83
CTGGAGGAAGATTCTAACCA_002,184
CTGGAGGAAGATTCTAACCA_003,133
GATGTGGCAACGCGACCGCG_001,178
GATGTGGCAACGCGACCGCG_002,177
GATGTGGCAACGCGACCGCG_003,152
GATGTGGCAACGCGACCGCG_004,16
GATGTGGCAACGCGACCGCG_005,79
GATGTGGCAACGCGACCGCG_006,98
GATGTGGCAACGCGACCGCG_007,162
GATGTGGCAACGCGACCGCG_008,127
GATGTGGCAACGCGACCGCG_009,60
TAGATCCAGAAGAAACACAT_001,188
TAGATCCAGAAGAAACACAT_002,81
TAGATCCAGAAGAAACACAT_003,115
TAGATCCAGAAGAAACACAT_004,9
TAGATCCAGAAGAAACACAT_005,150
ACCTACCATAGACTTTATAT_001,176
ACCTACCATAGACTTTATAT_002,42
GCAGAGGGGCACGCATGCCG_001,192
GCAGAGGGGCACGCATGCCG_002,192
GCAGAGGGGCACGCATGCCG_003,148
GCAGAGGGGCACGCATGCCG_004,182
GCAGAGGGGCACGCATGCCG_005,70
GCAGAGGGGCACGCATGCCG_006,12
GCAGAGGGGCACGCATGCCG_007,68
GCAGAGGGGCACGCATGCCG_008,57
GCCAGTTAGACAATGGCATG_001,149
GCCAGTTAGACAATGGCATG_002,65
GCCAGTTAGACAATGGCATG_003,1
GCCAGTTAGACAATGGCATG_004,149
GCCAGTTAGACAATGGCATG_005,104
GCCAGTTAGACAATGGCATG_006,99
GCCAGTTAGACAATGGCATG_007,13
GCCAGTTAGACAATGGCATG_008,87
GCCAGTTAGACAATGGCATG_009,35
GCCAGTTAGACAATGGCATG_010,174
GCCAGTTAGACAATGGCATG_011,112
GCCAGTTAGACAATGGCATG_012,154
GCCAGTTAGACAATGGCATG_013,166
GCCAGTTAGACAATGGCATG_014,68
GCCAGTTAGACAATGGCATG_015,46
GCCAGTTAGACAATGGCATG_016,177
GCCAGTTAGACAATGGCATG_017,106
GCCAGTTAGACAATGGCATG_018,63
TGAACGAGCAACGTACACCC_001,175
TGAACGAGCAACGTACACCC_002,23
TGAACGAGCAACGTACACCC_003,43
TGAACGAGCAACGTACACCC_004,198
TGTCCTACTCGCTGGTAGAG_001,78
TGTCCTACTCGCTGGTAGAG_002,149
TGTCCTACTCGCTGGTAGAG_003,154
TGTCCTACTCGCTGGTAGAG_004,48
TGTCCTACTCGCTGGTAGAG_005,78
TGTCCTACTCGCTGGTAGAG_006,63
TGTCCTACTCGCTGGTAGAG_007,77
TGTCCTACTCGCTGGTAGAG_008,174
TGTCCTACTCGCTGGTAGAG_009,27
TGTCCTACTCGCTGGTAGAG_010,62
TGTCCTACTCGCTGGTAGAG_011,58
TGTCCTACTCGCTGGTAGAG_012,58
TGTCCTACTCGCTGGTAGAG_013,2
TGTCCTACTCGCTGGTAGAG_014,5
GGGCATGAACTACTGTGTGA_001,89
GGGCATGAACTACTGTGTGA_002,80
TGATGTTGTGGCTGTACATG_001,62
TGATGTTGTGGCTGTACATG_002,139
TGATGTTGTGGCTGTACATG_003,156
TGATGTTGTGGCTGTACATG_004,45
TGATGTTGTGGCTGTACATG_005,5
TGATGTTGTGGCTGTACATG_006,49
TGATGTTGTGGCTGTACATG_007,170
TGATGTTGTGGCTGTACATG_008,105
TGATGTTGTGGCTGTACATG_009,70
TGATGTTGTGGCTGTACATG_010,78
TGATGTTGTGGCTGTACATG_011,130
TGATGTTGTGGCTGTACATG_012,196
TGATGTTGTGGCTGTACATG_013,196
TGATGTTGTGGCTGTACATG_014,8
TGATGTTGTGGCTGTACATG_015,198
TGATGTTGTGGCTGTACATG_016,168
CCTGAGCATTCTGTGAGTCG_001,156
CCTGAGCATTCTGTGAGTCG_002,144
CCTGAGCATTCTGTGAGTCG_003,18
CCTGAGCATTCTGTGAGTCG_004,159
AGCAGCTTCTTTAAACAGCT_001,106
AGCAGCTTCTTTAAACAGCT_002,23
AGCAGCTTCTTTAAACAGCT_003,80
AGCAGCTTCTTTAAACAGCT_004,56
AGCAGCTTCTTTAAACAGCT_005,198
AGCAGCTTCTTTAAACAGCT_006,82
AGCAGCTTCTTTAAACAGCT_007,70
AGCAGCTTCTTTAAACAGCT_008,41
AGCAGCTTCTTTAAACAGCT_009,81
AGCAGCTTCTTTAAACAGCT_010,97
AGCAGCTTCTTTAAACAGCT_011,81
AGCAGCTTCTTTAAACAGCT_012,13
AACGGAGTAAACGCAACAGG_001,81
AACGGAGTAAACGCAACAGG_002,34
AACGGAGTAAACGCAACAGG_003,48
AACGGAGTAAACGCAACAGG_004,77
AACGGAGTAAACGCAACAGG_005,30
AACGGAGTAAACGCAACAGG_006,147
AACGGAGTAAACGCAACAGG_007,96
AACGGAGTAAACGCAACAGG_008,130
AACGGAGTAAACGCAACAGG_009,117
AACGGAGTAAACGCAACAGG_010,151
CAGGCCGGAATCCTTATGCA_001,34
CAGGCCGGAATCCTTATGCA_002,92
CAGGCCGGAATCCTTATGCA_003,92
CAGGCCGGAATCCTTATGCA_004,153
CAGGCCGGAATCCTTATGCA_005,171
CAGGCCGGAATCCTTATGCA_006,32
CAGGCCGGAATCCTTATGCA_007,165
CAGGCCGGAATCCTTATGCA_008,152
CAGGCCGGAATCCTTATGCA_009,132
CAGGCCGGAATCCTTATGCA_010,82
CAAGTGCCCAGTAAACACTT_001,6
CAAGTGCCCAGTAAACACTT_002,129
CAAGTGCCCAGTAAACACTT_003,77
CAAGTGCCCAGTAAACACTT_004,156
CAAGTGCCCAGTAAACACTT_005,174
CAAGTGCCCAGTAAACACTT_006,197
GTTGGCTATTAGTGTCACTG_001,127
GTTGGCTATTAGTGTCACTG_002,45
GTTGGCTATTAGTGTCACTG_003,138
GTTGGCTATTAGTGTCACTG_004,73
GTTGGCTATTAGTGTCACTG_005,15
GTTGGCTATTAGTGTCACTG_006,1
GTTGGCTATTAGTGTCACTG_007,127
GTTGGCTATTAGTGTCACTG_008,10
GTTGGCTATTAGTGTCACTG_009,197
AGGAGACAGGAGATGAGGAA_001,15
AGGAGACAGGAGATGAGGAA_002,17
AGGAGACAGGAGATGAGGAA_003,78
AGGAGACAGGAGATGAGGAA_004,48
AGGAGACAGGAGATGAGGAA_005,41
AGGAGACAGGAGATGAGGAA_006,147
AGGAGACAGGAGATGAGGAA_007,193
AGGAGACAGGAGATGAGGAA_008,65
AGGAGACAGGAGATGAGGAA_009,158
AGGAGACAGGAGATGAGGAA_010,81
AGGAGACAGGAGATGAGGAA_011,15
AGGAGACAGGAGATGAGGAA_012,23
AGGAGACAGGAGATGAGGAA_013,88
AGGAGACAGGAGATGAGGAA_014,38
AGGAGACAGGAGATGAGGAA_015,38
AGGAGACAGGAGATGAGGAA_016,35
AGGAGACAGGAGATGAGGAA_017,155
AGGAGACAGGAGATGAGGAA_018,50
AGGAGACAGGAGATGAGGAA_019,2
AGGAGACAGGAGATGAGGAA_020,22
AGGAGACAGGAGATGAGGAA_021,7
AGGAGACAGGAGATGAGGAA_022,49
AGGAGACAGGAGATGAGGAA_023,134
AGGAGACAGGAGATGAGGAA_024,122
AGGAGACAGGAGATGAGGAA_025,136
AGGAGACAGGAGATGAGGAA_026,114
AGGAGACAGGAGATGAGGAA_027,114
AGGAGACAGGAGATGAGGAA_028,188
AGGAGACAGGAGATGAGGAA_029,9
AGGAGACAGGAGATGAGGAA_030,157
AGGAGACAGGAGATGAGGAA_031,140
AGGAGACAGGAGATGAGGAA_032,106
AGGAGACAGGAGATGAGGAA_033,94
AGGAGACAGGAGATGAGGAA_034,22
AGGAGACAGGAGATGAGGAA_035,198
AGGAGACAGGAGATGAGGAA_036,53
AGGAGACAGGAGATGAGGAA_037,41
AGGAGACAGGAGATGAGGAA_038,9
AGGAGACAGGAGATGAGGAA_039,58
AGGAGACAGGAGATGAGGAA_040,20
AGGAGACAGGAGATGAGGAA_041,191
AGGAGACAGGAGATGAGGAA_042,198
AGGAGACAGGAGATGAGGAA_043,182
AGGAGACAGGAGATGAGGAA_044,17
TGCAGCCAATAATTACGCCA_001,113
TGCAGCCAATAATTACGCCA_002,89
TGCAGCCAATAATTACGCCA_003,175
TGCAGCCAATAATTACGCCA_004,175
TGCAGCCAATAATTACGCCA_005,134
TGCAGCCAATAATTACGCCA_006,153
TGCAGCCAATAATTACGCCA_007,144
TGCAGCCAATAATTACGCCA_008,48
TGCAGCCAATAATTACGCCA_009,27
ACTCAATTACTGATTCACGA_001,154
ACTCAATTACTGATTCACGA_002,170
ACTCAATTACTGATTCACGA_003,57
ACTCAATTACTGATTCACGA_004,28
TTCAGCTGCAGGAAGATGCT_001,96
TTCAGCTGCAGGAAGATGCT_002,148
TTCAGCTGCAGGAAGATGCT_003,146
TTCAGCTGCAGGAAGATGCT_004,2
TTCAGCTGCAGGAAGATGCT_005,75
TTCAGCTGCAGGAAGATGCT_006,174
TTCAGCTGCAGGAAGATGCT_007,41
TTCAGCTGCAGGAAGATGCT_008,46
AACAAGAAAAAAGAAGCCGG_001,15
AACAAGAAAAAAGAAGCCGG_002,34
AACAAGAAAAAAGAAGCCGG_003,23
AACAAGAAAAAAGAAGCCGG_004,124
AACAAGAAAAAAGAAGCCGG_005,190
AACAAGAAAAAAGAAGCCGG_006,198
AACAAGAAAAAAGAAGCCGG_007,147
AACAAGAAAAAAGAAGCCGG_008,29
AACAAGAAAAAAGAAGCCGG_009,149
AACAAGAAAAAAGAAGCCGG_010,23
AACAAGAAAAAAGAAGCCGG_011,96
AACAAGAAAAAAGAAGCCGG_012,25
AACAAGAAAAAAGAAGCCGG_013,24
AACAAGAAAAAAGAAGCCGG_014,49
AACAAGAAAAAAGAAGCCGG_015,80
AACAAGAAAAAAGAAGCCGG_016,48
AACAAGAAAAAAGAAGCCGG_017,188
AACAAGAAAAAAGAAGCCGG_018,69
AACAAGAAAAAAGAAGCCGG_019,166
AACAAGAAAAAAGAAGCCGG_020,98
AACAAGAAAAAAGAAGCCGG_021,118
AACAAGAAAAAAGAAGCCGG_022,152
AACAAGAAAAAAGAAGCCGG_023,1
AACAAGAAAAAAGAAGCCGG_024,146
AACAAGAAAAAAGAAGCCGG_025,96
AACAAGAAAAAAGAAGCCGG_026,148
AACAAGAAAAAAGAAGCCGG_027,144
AACAAGAAAAAAGAAGCCGG_028,170
AACAAGAAAAAAGAAGCCGG_029,62
AACAAGAAAAAAGAAGCCGG_030,185
AACAAGAAAAAAGAAGCCGG_031,62
AACAAGAAAAAAGAAGCCGG_032,175
AACAAGAAAAAAGAAGCCGG_033,130
AACAAGAAAAAAGAAGCCGG_034,115
AACAAGAAAAAAGAAGCCGG_035,158
AACAAGAAAAAAGAAGCCGG_036,194
AACAAGAAAAAAGAAGCCGG_037,88
AACAAGAAAAAAGAAGCCGG_038,153
AACAAGAAAAAAGAAGCCGG_039,36
AACAAGAAAAAAGAAGCCGG_040,198
AACAAGAAAAAAGAAGCCGG_041,99
AACAAGAAAAAAGAAGCCGG_042,57
AACAAGAAAAAAGAAGCCGG_043,26
AACAAGAAAAAAGAAGCCGG_044,1
AACAAGAAAAAAGAAGCCGG_045,168
AGAGGTCATCAAATCTCAGG_001,148
AGAGGTCATCAAATCTCAGG_002,41
AGAGGTCATCAAATCTCAGG_003,42
AGAGGTCATCAAATCTCAGG_004,13
AGAGGTCATCAAATCTCAGG_005,23
CTTCTGCACTTCGCGGTACG_001,45
CTTCTGCACTTCGCGGTACG_002,127
CTTCTGCACTTCGCGGTACG_003,109
CTTCTGCACTTCGCGGTACG_004,80
CTTCTGCACTTCGCGGTACG_005,187
CTTCTGCACTTCGCGGTACG_006,88
CTTCTGCACTTCGCGGTACG_007,191
CTTCTGCACTTCGCGGTACG_008,33
CTTCTGCACTTCGCGGTACG_009,52
CTTCTGCACTTCGCGGTACG_010,63
AATATCTGAATGTTATGGGG_001,90
AATATCTGAATGTTATGGGG_002,77
AATATCTGAATGTTATGGGG_003,177
AATATCTGAATGTTATGGGG_004,189
AATATCTGAATGTTATGGGG_005,76
AATATCTGAATGTTATGGGG_006,67
AATATCTGAATGTTATGGGG_007,110
AATATCTGAATGTTATGGGG_008,118
ACATGGACAACCTCTACACG_001,194
ACATGGACAACCTCTACACG_002,171
ACATGGACAACCTCTACACG_003,163
ACATGGACAACCTCTACACG_004,47
ACATGGACAACCTCTACACG_005,13
ACATGGACAACCTCTACACG_006,177
ACATGGACAACCTCTACACG_007,179
ACATGGACAACCTCTACACG_008,21
ACATGGACAACCTCTACACG_009,92
ACATGGACAACCTCTACACG_010,42
ACATGGACAACCTCTACACG_011,13
ACATGGACAACCTCTACACG_012,102
ACATGGACAACCTCTACACG_013,5
ACATGGACAACCTCTACACG_014,143
ACATGGACAACCTCTACACG_015,143
GAGATTGTGAAGCGTCTGAG_001,134
GAGATTGTGAAGCGTCTGAG_002,127
GAGATTGTGAAGCGTCTGAG_003,169
GAGATTGTGAAGCGTCTGAG_004,184
GAGATTGTGAAGCGTCTGAG_005,15
GAGATTGTGAAGCGTCTGAG_006,58
GAGATTGTGAAGCGTCTGAG_007,189
GAGATTGTGAAGCGTCTGAG_008,121
GAGATTGTGAAGCGTCTGAG_009,60
GAGATTGTGAAGCGTCTGAG_010,60
GAGATTGTGAAGCGTCTGAG_011,63
GAGATTGTGAAGCGTCTGAG_012,68
GAGATTGTGAAGCGTCTGAG_013,20
GAGATTGTGAAGCGTCTGAG_014,57
GTCTTCAAGGCCCCTCACAG_001,108
GTCTTCAAGGCCCCTCACAG_002,180
GTCTTCAAGGCCCCTCACAG_003,29
GTCTTCAAGGCCCCTCACAG_004,9
GTCTTCAAGGCCCCTCACAG_005,182
GTCTTCAAGGCCCCTCACAG_006,101
GTCTTCAAGGCCCCTCACAG_007,9
GTCTTCAAGGCCCCTCACAG_008,7
GTCTTCAAGGCCCCTCACAG_009,23
GTCTTCAAGGCCCCTCACAG_010,15
GTCTTCAAGGCCCCTCACAG_011,188
GTCTTCAAGGCCCCTCACAG_012,94
GTCTTCAAGGCCCCTCACAG_013,104
GTCTTCAAGGCCCCTCACAG_014,199
GTCTTCAAGGCCCCTCACAG_015,102
GTCTTCAAGGCCCCTCACAG_016,108
GTCTTCAAGGCCCCTCACAG_017,123
GTCTTCAAGGCCCCTCACAG_018,35
GTCTTCAAGGCCCCTCACAG_019,166
GTCTTCAAGGCCCCTCACAG_020,9
GTCTTCAAGGCCCCTCACAG_021,81
GTCTTCAAGGCCCCTCACAG_022,3
GTCTTCAAGGCCCCTCACAG_023,28
GTCTTCAAGGCCCCTCACAG_024,166
GTCTTCAAGGCCCCTCACAG_025,107
GTCTTCAAGGCCCCTCACAG_026,108
GTCTTCAAGGCCCCTCACAG_027,108
GTCTTCAAGGCCCCTCACAG_028,14
GTCTTCAAGGCCCCTCACAG_029,111
TTCCCTCTCTGATCAAACAC_001,23
TTCCCTCTCTGATCAAACAC_002,149
TTCCCTCTCTGATCAAACAC_003,182
TTCCCTCTCTGATCAAACAC_004,77
TTCCCTCTCTGATCAAACAC_005,106
TTCCCTCTCTGATCAAACAC_006,16
TTCCCTCTCTGATCAAACAC_007,76
TTCCCTCTCTGATCAAACAC_008,28
CTCCAGCCACTCCAGCACAC_001,27
CTCCAGCCACTCCAGCACAC_002,77
CTCCAGCCACTCCAGCACAC_003,94
CTCCAGCCACTCCAGCACAC_004,160
CTCCAGCCACTCCAGCACAC_005,84
CTCCAGCCACTCCAGCACAC_006,0
CTCCAGCCACTCCAGCACAC_007,178
CTCCAGCCACTCCAGCACAC_008,174
CTCCAGCCACTCCAGCACAC_009,78
CTCCAGCCACTCCAGCACAC_010,79
CTCCAGCCACTCCAGCACAC_011,46
CTCCAGCCACTCCAGCACAC_012,184
CTCCAGCCACTCCAGCACAC_013,181
CTCCAGCCACTCCAGCACAC_014,179
CTCCAGCCACTCCAGCACAC_015,57
CTCCAGCCACTCCAGCACAC_016,78
CTCCAGCCACTCCAGCACAC_017,155
ACCAAAATGATACACCAGAG_001,69
ACCAAAATGATACACCAGAG_002,141
ACCAAAATGATACACCAGAG_003,197
GTACACAGCACCAGTCCGGT_001,84
GTACACAGCACCAGTCCGGT_002,132
GTACACAGCACCAGTCCGGT_003,140
GTACACAGCACCAGTCCGGT_004,88
GTACACAGCACCAGTCCGGT_005,62
GTACACAGCACCAGTCCGGT_006,154
GTACACAGCACCAGTCCGGT_007,97
GTACACAGCACCAGTCCGGT_008,137
GTACACAGCACCAGTCCGGT_009,15
GTACACAGCACCAGTCCGGT_010,192
GTACACAGCACCAGTCCGGT_011,136
GTACACAGCACCAGTCCGGT_012,72
GGATGGTCACGTGCCAGACC_001,49
GGATGGTCACGTGCCAGACC_002,17
GGATGGTCACGTGCCAGACC_003,156
GGATGGTCACGTGCCAGACC_004,69
GGATGGTCACGTGCCAGACC_005,189
CCACACTCACGGTAGCACCA_001,136
CCACACTCACGGTAGCACCA_002,78
CCACACTCACGGTAGCACCA_003,171
CCACACTCACGGTAGCACCA_004,174
CCACACTCACGGTAGCACCA_005,81
CCACACTCACGGTAGCACCA_006,94
CCACACTCACGGTAGCACCA_007,174
CCACACTCACGGTAGCACCA_008,168
CTCCAGGCTCTCGACTACCG_001,69
CTCCAGGCTCTCGACTACCG_002,170
CTCCAGGCTCTCGACTACCG_003,29
CTCCAGGCTCTCGACTACCG_004,3
CTCCAGGCTCTCGACTACCG_005,127
CTCCAGGCTCTCGACTACCG_006,193
CTCCAGGCTCTCGACTACCG_007,144
CTCCAGGCTCTCGACTACCG_008,49
CTCCAGGCTCTCGACTACCG_009,45
CTCCAGGCTCTCGACTACCG_010,38
CTCCAGGCTCTCGACTACCG_011,183
CTCCAGGCTCTCGACTACCG_012,78
CTCCAGGCTCTCGACTACCG_013,46
CTCCAGGCTCTCGACTACCG_014,99
CTGGGTCATAGATACAACAA_001,86
GCGGTTCCGGGAGCACATTT_001,170
GCGGTTCCGGGAGCACATTT_002,170
GCGGTTCCGGGAGCACATTT_003,0
GCGGTTCCGGGAGCACATTT_004,177
GCGGTTCCGGGAGCACATTT_005,96
GCGGTTCCGGGAGCACATTT_006,138
GCGGTTCCGGGAGCACATTT_007,81
GCGGTTCCGGGAGCACATTT_008,96
GCGGTTCCGGGAGCACATTT_009,146
GCGGTTCCGGGAGCACATTT_010,161
GCGGTTCCGGGAGCACATTT_011,8
GCGGTTCCGGGAGCACATTT_012,104
GCGGTTCCGGGAGCACATTT_013,126
GCGGTTCCGGGAGCACATTT_014,161
GCGGTTCCGGGAGCACATTT_015,174
GCGGTTCCGGGAGCACATTT_016,44
GCGGTTCCGGGAGCACATTT_017,2
GCGGTTCCGGGAGCACATTT_018,58
GCGGTTCCGGGAGCACATTT_019,8
GCGGTTCCGGGAGCACATTT_020,150
GCGGTTCCGGGAGCACATTT_021,170
GCGGTTCCGGGAGCACATTT_022,50
GCGGTTCCGGGAGCACATTT_023,137
GCGGTTCCGGGAGCACATTT_024,152
GCGGTTCCGGGAGCACATTT_025,127
GCGGTTCCGGGAGCACATTT_026,158
GCGGTTCCGGGAGCACATTT_027,54
GCGGTTCCGGGAGCACATTT_028,51
GCGGTTCCGGGAGCACATTT_029,77
GCGGTTCCGGGAGCACATTT_030,137
GCGGTTCCGGGAGCACATTT_031,136
GCGGTTCCGGGAGCACATTT_032,144
GCGGTTCCGGGAGCACATTT_033,115
GCGGTTCCGGGAGCACATTT_034,94
GCGGTTCCGGGAGCACATTT_035,52
GCGGTTCCGGGAGCACATTT_036,126
GCGGTTCCGGGAGCACATTT_037,162
GCGGTTCCGGGAGCACATTT_038,157
GCGGTTCCGGGAGCACATTT_039,197
GCGGTTCCGGGAGCACATTT_040,179
GCGGTTCCGGGAGCACATTT_041,10
GACCACAATGTGACAAGTAG_001,74
GCCGTCCTGAGTACTACGGG_001,15
GCCGTCCTGAGTACTACGGG_002,5
GCCGTCCTGAGTACTACGGG_003,198
GCCGTCCTGAGTACTACGGG_004,91
GCCGTCCTGAGTACTACGGG_005,109
GCCGTCCTGAGTACTACGGG_006,60
GCCGTCCTGAGTACTACGGG_007,69
GCCGTCCTGAGTACTACGGG_008,29
GCCGTCCTGAGTACTACGGG_009,76
GCCGTCCTGAGTACTACGGG_010,67
GCCGTCCTGAGTACTACGGG_011,116
GCCGTCCTGAGTACTACGGG_012,190
GCCGTCCTGAGTACTACGGG_013,71
GCCGTCCTGAGTACTACGGG_014,77
GCCGTCCTGAGTACTACGGG_015,77
GCCGTCCTGAGTACTACGGG_016,41
GCCGTCCTGAGTACTACGGG_017,29
GCCGTCCTGAGTACTACGGG_018,11
GCCGTCCTGAGTACTACGGG_019,0
GCCGTCCTGAGTACTACGGG_020,144
TGTCATCATAAAACTGCCTG_001,82
TGTCATCATAAAACTGCCTG_002,159
TGTCATCATAAAACTGCCTG_003,30
TGTCATCATAAAACTGCCTG_004,113
TGTCATCATAAAACTGCCTG_005,6
TCTCAAGTTGGAGAAAGGCG_001,59
GCCTGCGCGTACAGCCCGAG_001,29
GCCTGCGCGTACAGCCCGAG_002,94
GCCTGCGCGTACAGCCCGAG_003,146
GCCTGCGCGTACAGCCCGAG_004,2
GCCTGCGCGTACAGCCCGAG_005,86
GCCTGCGCGTACAGCCCGAG_006,188
GCCTGCGCGTACAGCCCGAG_007,58
GCCTGCGCGTACAGCCCGAG_008,47
CCAATGACTTCTGACACCCG_001,82
CCAATGACTTCTGACACCCG_002,93
CCAATGACTTCTGACACCCG_003,129
CCAATGACTTCTGACACCCG_004,81
CCAATGACTTCTGACACCCG_005,169
CCAATGACTTCTGACACCCG_006,3
CCAATGACTTCTGACACCCG_007,179
AGAGTGCCGGAGAGGCCTGG_001,170
AGAGTGCCGGAGAGGCCTGG_002,154
AGAGTGCCGGAGAGGCCTGG_003,13
AGAGTGCCGGAGAGGCCTGG_004,83
AGAGTGCCGGAGAGGCCTGG_005,113
AGAGTGCCGGAGAGGCCTGG_006,160
AGAGTGCCGGAGAGGCCTGG_007,108
GTGCCACACAGAGTGCCTTG_001,75
GTGCCACACAGAGTGCCTTG_002,86
GTGCCACACAGAGTGCCTTG_003,12
AGTGGTTGCAACCGGCAGGG_001,191
AGTGGTTGCAACCGGCAGGG_002,191
AGTGGTTGCAACCGGCAGGG_003,0
AGTGGTTGCAACCGGCAGGG_004,148
AGTGGTTGCAACCGGCAGGG_005,62
AGTGGTTGCAACCGGCAGGG_006,145
AGTGGTTGCAACCGGCAGGG_007,112
CACATGGCGTGCATGTACGT_001,14
CACATGGCGTGCATGTACGT_002,110
CACATGGCGTGCATGTACGT_003,16
CACATGGCGTGCATGTACGT_004,149
CACATGGCGTGCATGTACGT_005,162
CACATGGCGTGCATGTACGT_006,15
GTGCGTGAGTATTAACGCTC_001,51
GTGCGTGAGTATTAACGCTC_002,88
GTGCGTGAGTATTAACGCTC_003,149
GTGCGTGAGTATTAACGCTC_004,127
GTGCGTGAGTATTAACGCTC_005,70
GTGCGTGAGTATTAACGCTC_006,139
GTGCGTGAGTATTAACGCTC_007,113
GTGCGTGAGTATTAACGCTC_008,36
CTGAACACCACCAACGCCTG_001,103
CTGAACACCACCAACGCCTG_002,103
CTGAACACCACCAACGCCTG_003,179
CTGAACACCACCAACGCCTG_004,29
CTGAACACCACCAACGCCTG_005,13
CTGAACACCACCAACGCCTG_006,156
CTGAACACCACCAACGCCTG_007,140
CTGAACACCACCAACGCCTG_008,175
CTGAACACCACCAACGCCTG_009,140
CTGAACACCACCAACGCCTG_010,169
CTGAACACCACCAACGCCTG_011,185
CTGAACACCACCAACGCCTG_012,36
CTGAACACCACCAACGCCTG_013,94
CTGAACACCACCAACGCCTG_014,17
CTGAACACCACCAACGCCTG_015,137
CTGAACACCACCAACGCCTG_016,175
CTGAACACCACCAACGCCTG_017,182
CAGGCCGAGAATCACCTCAA_001,98
CAGGCCGAGAATCACCTCAA_002,29
CAGGCCGAGAATCACCTCAA_003,9
CAGGCCGAGAATCACCTCAA_004,68
CAGGCCGAGAATCACCTCAA_005,19
CAGGCCGAGAATCACCTCAA_006,23
CAGGCCGAGAATCACCTCAA_007,23
CAGGCCGAGAATCACCTCAA_008,34
CAGGCCGAGAATCACCTCAA_009,184
CAGGCCGAGAATCACCTCAA_010,199
CAGGCCGAGAATCACCTCAA_011,116
CAGGCCGAGAATCACCTCAA_012,120
CAGGCCGAGAATCACCTCAA_013,65
CAGGCCGAGAATCACCTCAA_014,177
CAGGCCGAGAATCACCTCAA_015,29
CAGGCCGAGAATCACCTCAA_016,146
CAGGCCGAGAATCACCTCAA_017,77
CAGGCCGAGAATCACCTCAA_018,0
GTATACCAAGAACTTCTATG_001,77
GTATACCAAGAACTTCTATG_002,155
GTATACCAAGAACTTCTATG_003,4
GTATACCAAGAACTTCTATG_004,2
CTGACGACCAAAACTTTAAG_001,81
CTGACGACCAAAACTTTAAG_002,119
CTGACGACCAAAACTTTAAG_003,6
CTGACGACCAAAACTTTAAG_004,73
CTGACGACCAAAACTTTAAG_005,94
CTGACGACCAAAACTTTAAG_006,95
CTGACGACCAAAACTTTAAG_007,43
CTGACGACCAAAACTTTAAG_008,74
TGCGCCCGGAGCGATGAAGA_001,114
TGCGCCCGGAGCGATGAAGA_002,42
TGCGCCCGGAGCGATGAAGA_003,69
TGCGCCCGGAGCGATGAAGA_004,137
TGCGCCCGGAGCGATGAAGA_005,38
TGCGCCCGGAGCGATGAAGA_006,88
CGTGGGCAAACGCTGCCCCG_001,165
CGTGGGCAAACGCTGCCCCG_002,65
CGTGGGCAAACGCTGCCCCG_003,145
CGTGGGCAAACGCTGCCCCG_004,72
CGTGGGCAAACGCTGCCCCG_005,62
CGTGGGCAAACGCTGCCCCG_006,62
CGTGGGCAAACGCTGCCCCG_007,153
CGTGGGCAAACGCTGCCCCG_008,70
CGTGGGCAAACGCTGCCCCG_009,10
CGTGGGCAAACGCTGCCCCG_010,88
CGTGGGCAAACGCTGCCCCG_011,5
CGTGGGCAAACGCTGCCCCG_012,60
CGTGGGCAAACGCTGCCCCG_013,62
CGTGGGCAAACGCTGCCCCG_014,129
CGTGGGCAAACGCTGCCCCG_015,65
CGTGGGCAAACGCTGCCCCG_016,27
CGTGGGCAAACGCTGCCCCG_017,45
ATCACATGGTACAAGCGTGG_001,149
GGATGTGGATGCTGTGGACA_001,34
GGATGTGGATGCTGTGGACA_002,56
GGATGTGGATGCTGTGGACA_003,42
GGATGTGGATGCTGTGGACA_004,158
CAGTTATAAGAACTCAGGAG_001,105
CAGTTATAAGAACTCAGGAG_002,70
CAGTTATAAGAACTCAGGAG_003,174
CAGTTATAAGAACTCAGGAG_004,38
CAGTTATAAGAACTCAGGAG_005,9
CAGTTATAAGAACTCAGGAG_006,84
CAGTTATAAGAACTCAGGAG_007,148
CAGTTATAAGAACTCAGGAG_008,17
CAGTTATAAGAACTCAGGAG_009,33
AGGGGTCTTACCTTGAATGG_001,102
AGGGGTCTTACCTTGAATGG_002,48
AGGGGTCTTACCTTGAATGG_003,50
AGGGGTCTTACCTTGAATGG_004,141
AGGGGTCTTACCTTGAATGG_005,6
AGGGGTCTTACCTTGAATGG_006,29
AGGGGTCTTACCTTGAATGG_007,52
ATGGCGACTGCGGAAGCTAG_001,81
ATGGCGACTGCGGAAGCTAG_002,15
ATGGCGACTGCGGAAGCTAG_003,181
ATGGCGACTGCGGAAGCTAG_004,29
ATGGCGACTGCGGAAGCTAG_005,198
GAATCCAGGGTACAGATAGG_001,137
GAATCCAGGGTACAGATAGG_002,102
GAATCCAGGGTACAGATAGG_003,154
GAATCCAGGGTACAGATAGG_004,90
GAATCCAGGGTACAGATAGG_005,70
GAATCCAGGGTACAGATAGG_006,96
GAATCCAGGGTACAGATAGG_007,130
GAATCCAGGGTACAGATAGG_008,9
GAATCCAGGGTACAGATAGG_009,101
GAATCCAGGGTACAGATAGG_010,148
GAATCCAGGGTACAGATAGG_011,69
GAATCCAGGGTACAGATAGG_012,38
GAATCCAGGGTACAGATAGG_013,69
CACCACCATGAAACCTACAG_001,8
CACCACCATGAAACCTACAG_002,96
CACCACCATGAAACCTACAG_003,188
CACCACCATGAAACCTACAG_004,94
CACCACCATGAAACCTACAG_005,117
CACCACCATGAAACCTACAG_006,41
CACCACCATGAAACCTACAG_007,53
CACCACCATGAAACCTACAG_008,56
CACCACCATGAAACCTACAG_009,134
CACCACCATGAAACCTACAG_010,171
CACCACCATGAAACCTACAG_011,23
CACCACCATGAAACCTACAG_012,150
CACCACCATGAAACCTACAG_013,78
CACCACCATGAAACCTACAG_014,181
CACCACCATGAAACCTACAG_015,188
CACCACCATGAAACCTACAG_016,111
CACCACCATGAAACCTACAG_017,149
AGTCCCCACAGCCACAACTG_001,79
AGTCCCCACAGCCACAACTG_002,42
AGTCCCCACAGCCACAACTG_003,28
AGTCCCCACAGCCACAACTG_004,1
AGTCCCCACAGCCACAACTG_005,48
AGTCCCCACAGCCACAACTG_006,12
AGTCCCCACAGCCACAACTG_007,48
AGTCCCCACAGCCACAACTG_008,154
AGTCCCCACAGCCACAACTG_009,35
AGTCCCCACAGCCACAACTG_010,77
AGTCCCCACAGCCACAACTG_011,49
AGTCCCCACAGCCACAACTG_012,15
AGTCCCCACAGCCACAACTG_013,9
AGTCCCCACAGCCACAACTG_014,29
AGTCCCCACAGCCACAACTG_015,86
AGTCCCCACAGCCACAACTG_016,111
AGTCCCCACAGCCACAACTG_017,109
AGTCCCCACAGCCACAACTG_018,48
AGTCCCCACAGCCACAACTG_019,182
AGTCCCCACAGCCACAACTG_020,79
AGTCCCCACAGCCACAACTG_021,92
AGTCCCCACAGCCACAACTG_022,163
AGTCCCCACAGCCACAACTG_023,81
AGTCCCCACAGCCACAACTG_024,8
AGTCCCCACAGCCACAACTG_025,58
AGTCCCCACAGCCACAACTG_026,175
AGTCCCCACAGCCACAACTG_027,77
AGTCCCCACAGCCACAACTG_028,105
AGTCCCCACAGCCACAACTG_029,160
AGTCCCCACAGCCACAACTG_030,40
AGTCCCCACAGCCACAACTG_031,86
AGTCCCCACAGCCACAACTG_032,103
AGTCCCCACAGCCACAACTG_033,2
AGTCCCCACAGCCACAACTG_034,157
AGTCCCCACAGCCACAACTG_035,153
AGTCCCCACAGCCACAACTG_036,9
AGTCCCCACAGCCACAACTG_037,159
AGTCCCCACAGCCACAACTG_038,155
AGTCCCCACAGCCACAACTG_039,56
AGTCCCCACAGCCACAACTG_040,8
AGTCCCCACAGCCACAACTG_041,41
AGTCCCCACAGCCACAACTG_042,29
AGTCCCCACAGCCACAACTG_043,49
AGTCCCCACAGCCACAACTG_044,197
AGTCCCCACAGCCACAACTG_045,52
AGTCCCCACAGCCACAACTG_046,175
AGTCCCCACAGCCACAACTG_047,46
AGTCCCCACAGCCACAACTG_048,152
AGTCCCCACAGCCACAACTG_049,80
AGTCCCCACAGCCACAACTG_050,62
AGTCCCCACAGCCACAACTG_051,52
AGTCCCCACAGCCACAACTG_052,17
AGTCCCCACAGCCACAACTG_053,41
AGTCCCCACAGCCACAACTG_054,157
AGTCCCCACAGCCACAACTG_055,27
AGTCCCCACAGCCACAACTG_056,96
CTGAGAAAGACATACCTCCT_001,81
CTGAGAAAGACATACCTCCT_002,132
CTGAGAAAGACATACCTCCT_003,67
CTGAGAAAGACATACCTCCT_004,74
AGTGGCGGGGGAAAGCACAC_001,9
AGTGGCGGGGGAAAGCACAC_002,31
AGTGGCGGGGGAAAGCACAC_003,27
AGTGGCGGGGGAAAGCACAC_004,163
AGTGGCGGGGGAAAGCACAC_005,154
AGTGGCGGGGGAAAGCACAC_006,149
AGTGGCGGGGGAAAGCACAC_007,32
AGTGGCGGGGGAAAGCACAC_008,134
AGTGGCGGGGGAAAGCACAC_009,188
AGTGGCGGGGGAAAGCACAC_010,148
AGTGGCGGGGGAAAGCACAC_011,150
AGTGGCGGGGGAAAGCACAC_012,26
AGTGGCGGGGGAAAGCACAC_013,49
AGTGGCGGGGGAAAGCACAC_014,176
AGTGGCGGGGGAAAGCACAC_015,194
AGTGGCGGGGGAAAGCACAC_016,149
AGTGGCGGGGGAAAGCACAC_017,120
AGTGGCGGGGGAAAGCACAC_018,110
AGTGGCGGGGGAAAGCACAC_019,110
AGTGGCGGGGGAAAGCACAC_020,13
AGTGGCGGGGGAAAGCACAC_021,44
AGTGGCGGGGGAAAGCACAC_022,124
AGTGGCGGGGGAAAGCACAC_023,34
AGACGCATACTGACCACTCG_001,109
AGACGCATACTGACCACTCG_002,80
AGACGCATACTGACCACTCG_003,68
CTTGCGGTCAATGGGACAGT_001,78
CTTGCGGTCAATGGGACAGT_002,22
CTTGCGGTCAATGGGACAGT_003,145
CTTGCGGTCAATGGGACAGT_004,81
CTTGCGGTCAATGGGACAGT_005,96
CTTGCGGTCAATGGGACAGT_006,96
CTTGCGGTCAATGGGACAGT_007,27
CTTGCGGTCAATGGGACAGT_008,88
CTTGCGGTCAATGGGACAGT_009,169
CTTGCGGTCAATGGGACAGT_010,67
CTTGCGGTCAATGGGACAGT_011,17
CTTGCGGTCAATGGGACAGT_012,126
GCCCCAAGCTAGAACTCAGC_001,157
GCCCCAAGCTAGAACTCAGC_002,21
GCCCCAAGCTAGAACTCAGC_003,158
GCCCCAAGCTAGAACTCAGC_004,166
GCCCCAAGCTAGAACTCAGC_005,120
GCCCCAAGCTAGAACTCAGC_006,141
GCCCCAAGCTAGAACTCAGC_007,191
GCCCCAAGCTAGAACTCAGC_008,86
GCCCCAAGCTAGAACTCAGC_009,44
GCCCCAAGCTAGAACTCAGC_010,60
GCCCCAAGCTAGAACTCAGC_011,38
GCCCCAAGCTAGAACTCAGC_012,162
GCCCCAAGCTAGAACTCAGC_013,111
GCCCCAAGCTAGAACTCAGC_014,21
TGACGGTTAGCTTCACACGG_001,96
TGACGGTTAGCTTCACACGG_002,44
TGACGGTTAGCTTCACACGG_003,188
TGACGGTTAGCTTCACACGG_004,184
TGACGGTTAGCTTCACACGG_005,169
TGACGGTTAGCTTCACACGG_006,157
TGACGGTTAGCTTCACACGG_007,159
TGACGGTTAGCTTCACACGG_008,59
TGACGGTTAGCTTCACACGG_009,78
ACACTTCATTATCCATACTG_001,41
CCGTACAGGTAGTTCCGGGC_001,88
CCGTACAGGTAGTTCCGGGC_002,156
CCGTACAGGTAGTTCCGGGC_003,152
GCTGCAGGAGATGATCGATG_001,134
GCTGCAGGAGATGATCGATG_002,154
GCTGCAGGAGATGATCGATG_003,154
GCTGCAGGAGATGATCGATG_004,39
GCTGCAGGAGATGATCGATG_005,78
GCTGCAGGAGATGATCGATG_006,67
GCTGCAGGAGATGATCGATG_007,70
GCTGCAGGAGATGATCGATG_008,146
GCTGCAGGAGATGATCGATG_009,52
GCTGCAGGAGATGATCGATG_010,152
GCTGCAGGAGATGATCGATG_011,198
GCTGCAGGAGATGATCGATG_012,38
GCTGCAGGAGATGATCGATG_013,188
GCTGCAGGAGATGATCGATG_014,188
GCTGCAGGAGATGATCGATG_015,20
GCTGCAGGAGATGATCGATG_016,153
AATGCTCAAGAAAGAACACG_001,111
AATGCTCAAGAAAGAACACG_002,100
AATGCTCAAGAAAGAACACG_003,1
AATGCTCAAGAAAGAACACG_004,116
ATCTCGTCCCCGGAATCCGA_001,98
ATCTCGTCCCCGGAATCCGA_002,19
ATCTCGTCCCCGGAATCCGA_003,169
ATCTCGTCCCCGGAATCCGA_004,105
ATCTCGTCCCCGGAATCCGA_005,121
ATCTCGTCCCCGGAATCCGA_006,26
ATCTCGTCCCCGGAATCCGA_007,26
ATCTCGTCCCCGGAATCCGA_008,37
GAAGACCAACAACCAAGATG_001,189
GAAGACCAACAACCAAGATG_002,193
GAAGACCAACAACCAAGATG_003,54
GAAGACCAACAACCAAGATG_004,169
GAAGACCAACAACCAAGATG_005,118
GAAGACCAACAACCAAGATG_006,34
GAAGACCAACAACCAAGATG_007,61
GAAGACCAACAACCAAGATG_008,35
GAAGACCAACAACCAAGATG_009,75
GAAGACCAACAACCAAGATG_010,120
GAAGACCAACAACCAAGATG_011,144
GAAGACCAACAACCAAGATG_012,125
GAAGACCAACAACCAAGATG_013,142
CCTGCATCGCTTCTACTGTG_001,128
CCTGCATCGCTTCTACTGTG_002,191
CCTGCATCGCTTCTACTGTG_003,126
CGCAGCAAGATGTTCATCGG_001,197
CGCAGCAAGATGTTCATCGG_002,54
CGCAGCAAGATGTTCATCGG_003,51
CGCAGCAAGATGTTCATCGG_004,15
CGCAGCAAGATGTTCATCGG_005,152
CGCAGCAAGATGTTCATCGG_006,153
CTTCTCCTACTAAATACTCA_001,64
CTTCTCCTACTAAATACTCA_002,178
CTTCTCCTACTAAATACTCA_003,12
CTTCTCCTACTAAATACTCA_004,164
CTTCTCCTACTAAATACTCA_005,96
CTTCTCCTACTAAATACTCA_006,26
GATGTGCGAGTTATTGACTG_001,27
GATGTGCGAGTTATTGACTG_002,113
GATGTGCGAGTTATTGACTG_003,154
GATGTGCGAGTTATTGACTG_004,98
GATGTGCGAGTTATTGACTG_005,110
GATGTGCGAGTTATTGACTG_006,158
GATGTGCGAGTTATTGACTG_007,86
GATGTGCGAGTTATTGACTG_008,190
GATGTGCGAGTTATTGACTG_009,193
GATGTGCGAGTTATTGACTG_010,40
GATGTGCGAGTTATTGACTG_011,60
GATGTGCGAGTTATTGACTG_012,12
GATGTGCGAGTTATTGACTG_013,37
GATGTGCGAGTTATTGACTG_014,133
GGGCTCAGCATCTCGAAAGG_001,105
GGGCTCAGCATCTCGAAAGG_002,198
AAATGGAGAGACTCTTCTTG_001,118
AAATGGAGAGACTCTTCTTG_002,115
AAATGGAGAGACTCTTCTTG_003,116
AAATGGAGAGACTCTTCTTG_004,169
AAATGGAGAGACTCTTCTTG_005,128
AAATGGAGAGACTCTTCTTG_006,22
GACCGGAATCGAGTACATCG_001,61
GACCGGAATCGAGTACATCG_002,117
GACCGGAATCGAGTACATCG_003,15
GACCGGAATCGAGTACATCG_004,160
GACCGGAATCGAGTACATCG_005,148
GACCGGAATCGAGTACATCG_006,160
GACCGGAATCGAGTACATCG_007,194
GACCGGAATCGAGTACATCG_008,10
GACCGGAATCGAGTACATCG_009,0
GACCGGAATCGAGTACATCG_010,133
CTCACGGCAGATGCAGAACA_001,26
CTCACGGCAGATGCAGAACA_002,96
CTCACGGCAGATGCAGAACA_003,127
CTCACGGCAGATGCAGAACA_004,3
CTCACGGCAGATGCAGAACA_005,98
CTCACGGCAGATGCAGAACA_006,92
CTCACGGCAGATGCAGAACA_007,75
CTCACGGCAGATGCAGAACA_008,88
CTCACGGCAGATGCAGAACA_009,127
CTCACGGCAGATGCAGAACA_010,1
CTCACGGCAGATGCAGAACA_011,75
CTCACGGCAGATGCAGAACA_012,6
CTCACGGCAGATGCAGAACA_013,9
CTCACGGCAGATGCAGAACA_014,96
CTCACGGCAGATGCAGAACA_015,173
CTCACGGCAGATGCAGAACA_016,108
CTCACGGCAGATGCAGAACA_017,88
GCAGCAGCATGAGCGCCCCG_001,151
GCAGCAGCATGAGCGCCCCG_002,115
GCAGCAGCATGAGCGCCCCG_003,37
GCAGCAGCATGAGCGCCCCG_004,175
GCAGCAGCATGAGCGCCCCG_005,170
GCAGCAGCATGAGCGCCCCG_006,158
GCAGCAGCATGAGCGCCCCG_007,175
GCAGCAGCATGAGCGCCCCG_008,116
GCAGCAGCATGAGCGCCCCG_009,29
GCAGCAGCATGAGCGCCCCG_010,133
GCAGCAGCATGAGCGCCCCG_011,146
GCAGCAGCATGAGCGCCCCG_012,72
GCAGCAGCATGAGCGCCCCG_013,20
TCGTCTTCAGGACTCAGGCA_001,174
TCGTCTTCAGGACTCAGGCA_002,104
TCGTCTTCAGGACTCAGGCA_003,95
TCGTCTTCAGGACTCAGGCA_004,181
TCGTCTTCAGGACTCAGGCA_005,126
TCGTCTTCAGGACTCAGGCA_006,126
TCGTCTTCAGGACTCAGGCA_007,116
TCGTCTTCAGGACTCAGGCA_008,162
TCGTCTTCAGGACTCAGGCA_009,127
TCGTCTTCAGGACTCAGGCA_010,49
TCGTCTTCAGGACTCAGGCA_011,162
TCGTCTTCAGGACTCAGGCA_012,130
TCGTCTTCAGGACTCAGGCA_013,168
TCGTCTTCAGGACTCAGGCA_014,147
TCGTCTTCAGGACTCAGGCA_015,115
TCGTCTTCAGGACTCAGGCA_016,119
TCGTCTTCAGGACTCAGGCA_017,158
TCGTCTTCAGGACTCAGGCA_018,158
TCGTCTTCAGGACTCAGGCA_019,142
TCGTCTTCAGGACTCAGGCA_020,60
TGGCTGACATTATTGCAACA_001,180
TGGCTGACATTATTGCAACA_002,3
ACCATATCACCTTTAGTAGG_001,54
ACCATATCACCTTTAGTAGG_002,190
ACCATATCACCTTTAGTAGG_003,60
ACCATATCACCTTTAGTAGG_004,70
ACCATATCACCTTTAGTAGG_005,50
ACCATATCACCTTTAGTAGG_006,175
ACCATATCACCTTTAGTAGG_007,76
ACCATATCACCTTTAGTAGG_008,136
ACCATATCACCTTTAGTAGG_009,66
ACCATATCACCTTTAGTAGG_010,41
GCAGCCACCCAGGAGTACGT_001,119
GCAGCCACCCAGGAGTACGT_002,90
GCAGCCACCCAGGAGTACGT_003,130
CTGGTGACTCCAAGTCTGAA_001,59
CTGGTGACTCCAAGTCTGAA_002,69
CTGGTGACTCCAAGTCTGAA_003,110
CTGGTGACTCCAAGTCTGAA_004,2
CTGGTGACTCCAAGTCTGAA_005,66
CTGGTGACTCCAAGTCTGAA_006,62
CTGGTGACTCCAAGTCTGAA_007,170
TGGCGCGTCAAGCTCCGCAA_001,8
TGGCGCGTCAAGCTCCGCAA_002,193
TGGCGCGTCAAGCTCCGCAA_003,28
TGGCGCGTCAAGCTCCGCAA_004,27
TGGCGCGTCAAGCTCCGCAA_005,193
TGGCGCGTCAAGCTCCGCAA_006,63
TGGCGCGTCAAGCTCCGCAA_007,69
TGGCGCGTCAAGCTCCGCAA_008,45
TGGCGCGTCAAGCTCCGCAA_009,194
TGGCGCGTCAAGCTCCGCAA_010,114
TGGCGCGTCAAGCTCCGCAA_011,53
TGGCGCGTCAAGCTCCGCAA_012,23
TGGCGCGTCAAGCTCCGCAA_013,81
TGGCGCGTCAAGCTCCGCAA_014,68
TGGCGCGTCAAGCTCCGCAA_015,40
AGGCAAGTCTAATCTCACAG_001,78
AGGCAAGTCTAATCTCACAG_002,195
AGGCAAGTCTAATCTCACAG_003,8
AGGCAAGTCTAATCTCACAG_004,165
AGGCAAGTCTAATCTCACAG_005,186
AGGCAAGTCTAATCTCACAG_006,168
AGGCAAGTCTAATCTCACAG_007,199
AGGCAAGTCTAATCTCACAG_008,31
AGGCAAGTCTAATCTCACAG_009,112
AGGCAAGTCTAATCTCACAG_010,141
AGGCAAGTCTAATCTCACAG_011,169
GCGAGAAGAAATCTGCTCAG_001,102
GCGAGAAGAAATCTGCTCAG_002,8
GCGAGAAGAAATCTGCTCAG_003,14
GCGAGAAGAAATCTGCTCAG_004,88
GCGAGAAGAAATCTGCTCAG_005,34
GCGAGAAGAAATCTGCTCAG_006,184
GCGAGAAGAAATCTGCTCAG_007,180
GCGAGAAGAAATCTGCTCAG_008,180
GCGAGAAGAAATCTGCTCAG_009,39
GCGAGAAGAAATCTGCTCAG_010,15
GCGAGAAGAAATCTGCTCAG_011,10
AAGACGCCTTGATTCATGCA_001,127
AAGACGCCTTGATTCATGCA_002,49
AAGACGCCTTGATTCATGCA_003,76
AAGACGCCTTGATTCATGCA_004,157
AAGACGCCTTGATTCATGCA_005,189
AAGACGCCTTGATTCATGCA_006,54
AAGACGCCTTGATTCATGCA_007,91
AAGACGCCTTGATTCATGCA_008,174
AAGACGCCTTGATTCATGCA_009,75
AAGACGCCTTGATTCATGCA_010,13
AAGACGCCTTGATTCATGCA_011,167
AAGACGCCTTGATTCATGCA_012,194
AAGACGCCTTGATTCATGCA_013,172
AAGACGCCTTGATTCATGCA_014,172
AAGACGCCTTGATTCATGCA_015,34
AAGACGCCTTGATTCATGCA_016,130
AAGACGCCTTGATTCATGCA_017,136
AAGACGCCTTGATTCATGCA_018,168
AAGACGCCTTGATTCATGCA_019,142
AAGACGCCTTGATTCATGCA_020,5
CCAACCAACACCTTTCCGGG_001,94
CCAACCAACACCTTTCCGGG_002,181
CCAACCAACACCTTTCCGGG_003,53
CCAACCAACACCTTTCCGGG_004,130
CCAACCAACACCTTTCCGGG_005,194
CCAACCAACACCTTTCCGGG_006,58
CCAACCAACACCTTTCCGGG_007,38
CCAACCAACACCTTTCCGGG_008,104
CCAACCAACACCTTTCCGGG_009,184
CCAACCAACACCTTTCCGGG_010,105
CCAACCAACACCTTTCCGGG_011,21
CCAACCAACACCTTTCCGGG_012,184
CCAACCAACACCTTTCCGGG_013,175
CCAACCAACACCTTTCCGGG_014,106
CCAACCAACACCTTTCCGGG_015,2
CCAACCAACACCTTTCCGGG_016,80
CCAACCAACACCTTTCCGGG_017,1
CCAACCAACACCTTTCCGGG_018,83
CCAACCAACACCTTTCCGGG_019,121
CCAACCAACACCTTTCCGGG_020,81
CCAACCAACACCTTTCCGGG_021,57
CCAACCAACACCTTTCCGGG_022,102
CCAACCAACACCTTTCCGGG_023,11
CCAACCAACACCTTTCCGGG_024,165
CCAACCAACACCTTTCCGGG_025,197
CCAACCAACACCTTTCCGGG_026,47
CCAACCAACACCTTTCCGGG_027,149
CCAACCAACACCTTTCCGGG_028,34
CTGAAAACAACATCATGCAG_001,0
CTGAAAACAACATCATGCAG_002,64
CTGAAAACAACATCATGCAG_003,132
CTGAAAACAACATCATGCAG_004,144
CTGAAAACAACATCATGCAG_005,31
CTGAAAACAACATCATGCAG_006,110
CTGAAAACAACATCATGCAG_007,85
CTGAAAACAACATCATGCAG_008,78
CTGAAAACAACATCATGCAG_009,148
CTGAAAACAACATCATGCAG_010,52
TATGAGATGGAGATTACTGA_001,31
TATGAGATGGAGATTACTGA_002,199
TATGAGATGGAGATTACTGA_003,87
TATGAGATGGAGATTACTGA_004,72
TATGAGATGGAGATTACTGA_005,103
TATGAGATGGAGATTACTGA_006,31
TATGAGATGGAGATTACTGA_007,182
TATGAGATGGAGATTACTGA_008,182
TATGAGATGGAGATTACTGA_009,34
CCCGAGCTCACCTCGCCGCG_001,29
CCCGAGCTCACCTCGCCGCG_002,53
CCCGAGCTCACCTCGCCGCG_003,110
CCCGAGCTCACCTCGCCGCG_004,153
CCCGAGCTCACCTCGCCGCG_005,36
CCCGAGCTCACCTCGCCGCG_006,45
CCCGAGCTCACCTCGCCGCG_007,40
AGCAGCCAATGACAGGCCTG_001,53
AGCAGCCAATGACAGGCCTG_002,58
AGCAGCCAATGACAGGCCTG_003,153
AGCAGCCAATGACAGGCCTG_004,149
AGCAGCCAATGACAGGCCTG_005,145
AGCAGCCAATGACAGGCCTG_006,198
AGCAGCCAATGACAGGCCTG_007,127
AGCAGCCAATGACAGGCCTG_008,19
AGCAGCCAATGACAGGCCTG_009,70
AGCAGCCAATGACAGGCCTG_010,91
AGCAGCCAATGACAGGCCTG_011,52
AGCAGCCAATGACAGGCCTG_012,126
CTATCTCCACGACCAGAACC_001,71
CTATCTCCACGACCAGAACC_002,12
CTATCTCCACGACCAGAACC_003,65
CTATCTCCACGACCAGAACC_004,82
CTATCTCCACGACCAGAACC_005,157
CTATCTCCACGACCAGAACC_006,8
CTATCTCCACGACCAGAACC_007,168
CTATCTCCACGACCAGAACC_008,23
CTATCTCCACGACCAGAACC_009,168
CTATCTCCACGACCAGAACC_010,35
TGTGGCGACTCACCTACCCG_001,89
TGTGGCGACTCACCTACCCG_002,129
TGTGGCGACTCACCTACCCG_003,125
TGTGGCGACTCACCTACCCG_004,72
TGTGGCGACTCACCTACCCG_005,151
TGTGGCGACTCACCTACCCG_006,112
GGAATGTGCTGAAGGTCGTG_001,84
GGAATGTGCTGAAGGTCGTG_002,111
GGAATGTGCTGAAGGTCGTG_003,198
GGAATGTGCTGAAGGTCGTG_004,198
GGAATGTGCTGAAGGTCGTG_005,129
GGAATGTGCTGAAGGTCGTG_006,113
GGAATGTGCTGAAGGTCGTG_007,194
GGAATGTGCTGAAGGTCGTG_008,43
GGAATGTGCTGAAGGTCGTG_009,139
GGAATGTGCTGAAGGTCGTG_010,9
GGAATGTGCTGAAGGTCGTG_011,158
GGAATGTGCTGAAGGTCGTG_012,97
GGAATGTGCTGAAGGTCGTG_013,5
GGAATGTGCTGAAGGTCGTG_014,81
GGAATGTGCTGAAGGTCGTG_015,2
GGAATGTGCTGAAGGTCGTG_016,170
GGAATGTGCTGAAGGTCGTG_017,146
GGAATGTGCTGAAGGTCGTG_018,114
GGAATGTGCTGAAGGTCGTG_019,94
GGAATGTGCTGAAGGTCGTG_020,19
GGAATGTGCTGAAGGTCGTG_021,176
GGAATGTGCTGAAGGTCGTG_022,124
GGAATGTGCTGAAGGTCGTG_023,3
GGAATGTGCTGAAGGTCGTG_024,102
GGAATGTGCTGAAGGTCGTG_025,88
GGAATGTGCTGAAGGTCGTG_026,170
GGAATGTGCTGAAGGTCGTG_027,3
TCCTGTCTAACACTGGACAG_001,160
TCCTGTCTAACACTGGACAG_002,121
TCCTGTCTAACACTGGACAG_003,8
TCCTGTCTAACACTGGACAG_004,147
TCCTGTCTAACACTGGACAG_005,148
TCCTGTCTAACACTGGACAG_006,150
AAGAACTTAACCGGCACTTG_001,123
AAGAACTTAACCGGCACTTG_002,169
AAGAACTTAACCGGCACTTG_003,48
AAGAACTTAACCGGCACTTG_004,57
AAGAACTTAACCGGCACTTG_005,12
AAGAACTTAACCGGCACTTG_006,61
AAGAACTTAACCGGCACTTG_007,44
AAGAACTTAACCGGCACTTG_008,150
AAGAACTTAACCGGCACTTG_009,40
ATAAGCTACTCTGAGTTCCT_001,172
ATAAGCTACTCTGAGTTCCT_002,89
ATAAGCTACTCTGAGTTCCT_003,41
ATAAGCTACTCTGAGTTCCT_004,199
ATAAGCTACTCTGAGTTCCT_005,105
ATAAGCTACTCTGAGTTCCT_006,115
ATAAGCTACTCTGAGTTCCT_007,121
ATAAGCTACTCTGAGTTCCT_008,65
ATAAGCTACTCTGAGTTCCT_009,41
ATAAGCTACTCTGAGTTCCT_010,54
ATAAGCTACTCTGAGTTCCT_011,193
ATAAGCTACTCTGAGTTCCT_012,121
ATAAGCTACTCTGAGTTCCT_013,113
ATAAGCTACTCTGAGTTCCT_014,158
ATAAGCTACTCTGAGTTCCT_015,169
ATAAGCTACTCTGAGTTCCT_016,34
ATAAGCTACTCTGAGTTCCT_017,127
ATAAGCTACTCTGAGTTCCT_018,149
AAAGTCGAGATGACCACACG_001,19
AAAGTCGAGATGACCACACG_002,8
AAAGTCGAGATGACCACACG_003,198
AAAGTCGAGATGACCACACG_004,58
AAAGTCGAGATGACCACACG_005,107
AAAGTCGAGATGACCACACG_006,48
AAAGTCGAGATGACCACACG_007,78
AAAGTCGAGATGACCACACG_008,13
AAAGTCGAGATGACCACACG_009,50
AAAGTCGAGATGACCACACG_010,134
AAAGTCGAGATGACCACACG_011,124
AAAGTCGAGATGACCACACG_012,194
AAAGTCGAGATGACCACACG_013,100
AAAGTCGAGATGACCACACG_014,56
AAAGTCGAGATGACCACACG_015,183
AAAGTCGAGATGACCACACG_016,24
AAAGTCGAGATGACCACACG_017,56
AAAGTCGAGATGACCACACG_018,182
GTCCTCATCCGGTCAGGCTG_001,126
GTCCTCATCCGGTCAGGCTG_002,48
GTCCTCATCCGGTCAGGCTG_003,25
GTCCTCATCCGGTCAGGCTG_004,18
GTCCTCATCCGGTCAGGCTG_005,118
GTCCTCATCCGGTCAGGCTG_006,8
GTCCTCATCCGGTCAGGCTG_007,144
GTCCTCATCCGGTCAGGCTG_008,178
GTCCTCATCCGGTCAGGCTG_009,7
GTCCTCATCCGGTCAGGCTG_010,119
GTCCTCATCCGGTCAGGCTG_011,102
GTCCTCATCCGGTCAGGCTG_012,94
GTCCTCATCCGGTCAGGCTG_013,49
GTCCTCATCCGGTCAGGCTG_014,34
GTCCTCATCCGGTCAGGCTG_015,177
GTCCTCATCCGGTCAGGCTG_016,68
GTCCTCATCCGGTCAGGCTG_017,184
GTCCTCATCCGGTCAGGCTG_018,124
GTCCTCATCCGGTCAGGCTG_019,40
GTCCTCATCCGGTCAGGCTG_020,24
GTCCTCATCCGGTCAGGCTG_021,54
GTCCTCATCCGGTCAGGCTG_022,25
GTCCTCATCCGGTCAGGCTG_023,44
GTCCTCATCCGGTCAGGCTG_024,95
GTCCTCATCCGGTCAGGCTG_025,64
GTCCTCATCCGGTCAGGCTG_026,199
GTCCTCATCCGGTCAGGCTG_027,146
GTCCTCATCCGGTCAGGCTG_028,103
GTCCTCATCCGGTCAGGCTG_029,2
GTCCTCATCCGGTCAGGCTG_030,157
GTCCTCATCCGGTCAGGCTG_031,44
GTCCTCATCCGGTCAGGCTG_032,33
GTCCTCATCCGGTCAGGCTG_033,156
GTCCTCATCCGGTCAGGCTG_034,107
GTCCTCATCCGGTCAGGCTG_035,29
GTCCTCATCCGGTCAGGCTG_036,30
GTCCTCATCCGGTCAGGCTG_037,30
GTCCTCATCCGGTCAGGCTG_038,155
GTCCTCATCCGGTCAGGCTG_039,159
GTCCTCATCCGGTCAGGCTG_040,91
GTCCTCATCCGGTCAGGCTG_041,76
GTCCTCATCCGGTCAGGCTG_042,140
GTCCTCATCCGGTCAGGCTG_043,30
GTCCTCATCCGGTCAGGCTG_044,131
GTCCTCATCCGGTCAGGCTG_045,76
GTCCTCATCCGGTCAGGCTG_046,126
GTCCTCATCCGGTCAGGCTG_047,17
GTCCTCATCCGGTCAGGCTG_048,135
GTCCTCATCCGGTCAGGCTG_049,158
GTCCTCATCCGGTCAGGCTG_050,150
GTCCTCATCCGGTCAGGCTG_051,116
GTCCTCATCCGGTCAGGCTG_052,160
GTCCTCATCCGGTCAGGCTG_053,132
GTCCTCATCCGGTCAGGCTG_054,117
GTCCTCATCCGGTCAGGCTG_055,117
GTCCTCATCCGGTCAGGCTG_056,104
GTCCTCATCCGGTCAGGCTG_057,121
GTCCTCATCCGGTCAGGCTG_058,105
GTCCTCATCCGGTCAGGCTG_059,116
GTCCTCATCCGGTCAGGCTG_060,147
GTCCTCATCCGGTCAGGCTG_061,172
GTCCTCATCCGGTCAGGCTG_062,130
GTCCTCATCCGGTCAGGCTG_063,107
GTCCTCATCCGGTCAGGCTG_064,34
GTCCTCATCCGGTCAGGCTG_065,103
GTCCTCATCCGGTCAGGCTG_066,77
GTCCTCATCCGGTCAGGCTG_067,188
GTCCTCATCCGGTCAGGCTG_068,126
GTCCTCATCCGGTCAGGCTG_069,144
GTCCTCATCCGGTCAGGCTG_070,105
GTCCTCATCCGGTCAGGCTG_071,37
GTCCTCATCCGGTCAGGCTG_072,37
GTCCTCATCCGGTCAGGCTG_073,23
GTCCTCATCCGGTCAGGCTG_074,130
GTCCTCATCCGGTCAGGCTG_075,152
GTCCTCATCCGGTCAGGCTG_076,65
GTCCTCATCCGGTCAGGCTG_077,69
GTCCTCATCCGGTCAGGCTG_078,177
GTCCTCATCCGGTCAGGCTG_079,28
TAGGCTTACCTTGTCCAAAG_001,160
TAGGCTTACCTTGTCCAAAG_002,77
TAGGCTTACCTTGTCCAAAG_003,48
TAGGCTTACCTTGTCCAAAG_004,83
TAGGCTTACCTTGTCCAAAG_005,56
TAGGCTTACCTTGTCCAAAG_006,168
TAGGCTTACCTTGTCCAAAG_007,78
TAGGCTTACCTTGTCCAAAG_008,16
TAGGCTTACCTTGTCCAAAG_009,70
TAGGCTTACCTTGTCCAAAG_010,162
CTGCCATGTTGACATGGCAA_001,9
CTGCCATGTTGACATGGCAA_002,76
CTGCCATGTTGACATGGCAA_003,138
CTGCCATGTTGACATGGCAA_004,182
CTGCCATGTTGACATGGCAA_005,197
CTGCCATGTTGACATGGCAA_006,199
AAGCACTGGCCATCCTACTG_001,49
AAGCACTGGCCATCCTACTG_002,51
AAGCACTGGCCATCCTACTG_003,69
AAGCACTGGCCATCCTACTG_004,48
AAGCACTGGCCATCCTACTG_005,179
AAGCACTGGCCATCCTACTG_006,29
ATCAGGAATAGAGGACTAGG_001,36
ATCAGGAATAGAGGACTAGG_002,119
ATCAGGAATAGAGGACTAGG_003,68
ATCAGGAATAGAGGACTAGG_004,25
ATCAGGAATAGAGGACTAGG_005,158
ATCAGGAATAGAGGACTAGG_006,159
ATCAGGAATAGAGGACTAGG_007,139
ATCAGGAATAGAGGACTAGG_008,85
ATCAGGAATAGAGGACTAGG_009,157
ATCAGGAATAGAGGACTAGG_010,63
ATCAGGAATAGAGGACTAGG_011,181
ATCAGGAATAGAGGACTAGG_012,2
ATCAGGAATAGAGGACTAGG_013,24
ATCAGGAATAGAGGACTAGG_014,142
ATCAGGAATAGAGGACTAGG_015,163
ATCAGGAATAGAGGACTAGG_016,44
ATCAGGAATAGAGGACTAGG_017,101
AAAAGACAACTCGGTGACGG_001,152
AAAAGACAACTCGGTGACGG_002,162
AAAAGACAACTCGGTGACGG_003,94
AAAAGACAACTCGGTGACGG_004,60
AAAAGACAACTCGGTGACGG_005,2
AAAAGACAACTCGGTGACGG_006,112
AAAAGACAACTCGGTGACGG_007,57
AAAAGACAACTCGGTGACGG_008,96
AGGACGGTGCTGGTCGTGTG_001,137
AGGACGGTGCTGGTCGTGTG_002,175
AGGACGGTGCTGGTCGTGTG_003,0
AGGACGGTGCTGGTCGTGTG_004,137
AGGACGGTGCTGGTCGTGTG_005,8
AGGACGGTGCTGGTCGTGTG_006,62
AGGACGGTGCTGGTCGTGTG_007,78
AGGACGGTGCTGGTCGTGTG_008,154
AGGACGGTGCTGGTCGTGTG_009,48
AGGACGGTGCTGGTCGTGTG_010,47
AGGACGGTGCTGGTCGTGTG_011,199
AGGACGGTGCTGGTCGTGTG_012,49
AGGACGGTGCTGGTCGTGTG_013,65
AGGACGGTGCTGGTCGTGTG_014,111
AGGACGGTGCTGGTCGTGTG_015,184
AGGACGGTGCTGGTCGTGTG_016,192
AGGACGGTGCTGGTCGTGTG_017,58
AGGACGGTGCTGGTCGTGTG_018,96
AGGACGGTGCTGGTCGTGTG_019,150
AGGACGGTGCTGGTCGTGTG_020,64
AGGACGGTGCTGGTCGTGTG_021,107
AGGACGGTGCTGGTCGTGTG_022,32
AGGACGGTGCTGGTCGTGTG_023,45
AGGACGGTGCTGGTCGTGTG_024,6
AGGACGGTGCTGGTCGTGTG_025,168
AGGACGGTGCTGGTCGTGTG_026,146
AGGACGGTGCTGGTCGTGTG_027,188
AGGACGGTGCTGGTCGTGTG_028,162
ACTTACCATCAGCTACACTA_001,38
ACTTACCATCAGCTACACTA_002,34
ACTTACCATCAGCTACACTA_003,176
ACTTACCATCAGCTACACTA_004,150
ACTTACCATCAGCTACACTA_005,177
ACTTACCATCAGCTACACTA_006,93
ACTTACCATCAGCTACACTA_007,141
ACTTACCATCAGCTACACTA_008,158
ACTTACCATCAGCTACACTA_009,34
ACTTACCATCAGCTACACTA_010,88
ACTTACCATCAGCTACACTA_011,58
ACTTACCATCAGCTACACTA_012,142
ACTTACCATCAGCTACACTA_013,151
ACTTACCATCAGCTACACTA_014,1
ACTTACCATCAGCTACACTA_015,6
ACTTACCATCAGCTACACTA_016,171
ACTTACCATCAGCTACACTA_017,126
ACTTACCATCAGCTACACTA_018,126
ACTTACCATCAGCTACACTA_019,175
ACTTACCATCAGCTACACTA_020,78
ACTTACCATCAGCTACACTA_021,10
ACTTACCATCAGCTACACTA_022,63
ACTTACCATCAGCTACACTA_023,184
TTTCCATGGGAACATCATCT_001,11
TTTCCATGGGAACATCATCT_002,61
TTTCCATGGGAACATCATCT_003,65
TTTCCATGGGAACATCATCT_004,81
CAAGATAATTGTCACCATAC_001,170
GTGCACAAATCCAACTGCAT_001,82
GTGCACAAATCCAACTGCAT_002,185
GTGCACAAATCCAACTGCAT_003,19
GTGCACAAATCCAACTGCAT_004,189
GTGCACAAATCCAACTGCAT_005,191
GTGCACAAATCCAACTGCAT_006,83
GTGCACAAATCCAACTGCAT_007,77
GTGCACAAATCCAACTGCAT_008,91
GTGCACAAATCCAACTGCAT_009,99
GTGCACAAATCCAACTGCAT_010,186
GTGCACAAATCCAACTGCAT_011,164
GTGCACAAATCCAACTGCAT_012,185
GTGCACAAATCCAACTGCAT_013,172
GTGCACAAATCCAACTGCAT_014,127
GTGCACAAATCCAACTGCAT_015,107
GCGTAGTGGATCGTGTCGAA_001,162
GCGTAGTGGATCGTGTCGAA_002,29
GCGTAGTGGATCGTGTCGAA_003,188
GCGTAGTGGATCGTGTCGAA_004,86
GCGTAGTGGATCGTGTCGAA_005,34
GCGTAGTGGATCGTGTCGAA_006,134
GCGTAGTGGATCGTGTCGAA_007,136
GCGTAGTGGATCGTGTCGAA_008,6
ATGGATCGCAGCAGGAATGT_001,84
ATGGATCGCAGCAGGAATGT_002,35
ATGGATCGCAGCAGGAATGT_003,184
ATGGATCGCAGCAGGAATGT_004,160
ATGGATCGCAGCAGGAATGT_005,19
ATGGATCGCAGCAGGAATGT_006,127
ATGGATCGCAGCAGGAATGT_007,71
ATGGATCGCAGCAGGAATGT_008,145
ATGGATCGCAGCAGGAATGT_009,65
ATGGATCGCAGCAGGAATGT_010,176
ATGGATCGCAGCAGGAATGT_011,154
ATGGATCGCAGCAGGAATGT_012,63
ATGGATCGCAGCAGGAATGT_013,194
ATGGATCGCAGCAGGAATGT_014,134
ATGGATCGCAGCAGGAATGT_015,105
ATGGATCGCAGCAGGAATGT_016,149
ATGGATCGCAGCAGGAATGT_017,130
ATGGATCGCAGCAGGAATGT_018,142
ATGGATCGCAGCAGGAATGT_019,194
ATGGATCGCAGCAGGAATGT_020,150
ATGGATCGCAGCAGGAATGT_021,153
ATGGATCGCAGCAGGAATGT_022,76
ATGGATCGCAGCAGGAATGT_023,168
ATGGATCGCAGCAGGAATGT_024,169
GGAATCTCTAAATAATGACT_001,60
GGAATCTCTAAATAATGACT_002,31
GGAATCTCTAAATAATGACT_003,184
GGAATCTCTAAATAATGACT_004,171
GGAATCTCTAAATAATGACT_005,125
AAGCCGGGAACCAGCTACCG_001,8
AAGCCGGGAACCAGCTACCG_002,9
AAGCCGGGAACCAGCTACCG_003,181
AAGCCGGGAACCAGCTACCG_004,32
AAGCCGGGAACCAGCTACCG_005,115
AAGCCGGGAACCAGCTACCG_006,188
AAGCCGGGAACCAGCTACCG_007,19
AAGCCGGGAACCAGCTACCG_008,137
AAGCCGGGAACCAGCTACCG_009,170
AAGCCGGGAACCAGCTACCG_010,30
AAGCCGGGAACCAGCTACCG_011,27
AAGCCGGGAACCAGCTACCG_012,13
AAGCCGGGAACCAGCTACCG_013,40
AAGCCGGGAACCAGCTACCG_014,127
AAGCCGGGAACCAGCTACCG_015,0
AAGCCGGGAACCAGCTACCG_016,168
AAGCCGGGAACCAGCTACCG_017,191
AAGCCGGGAACCAGCTACCG_018,41
AAGCCGGGAACCAGCTACCG_019,136
AAGCCGGGAACCAGCTACCG_020,175
AAGCCGGGAACCAGCTACCG_021,184
GTGTATGTAGCAACAGTCCT_001,48
GTGTATGTAGCAACAGTCCT_002,17
GTGTATGTAGCAACAGTCCT_003,64
GTGTATGTAGCAACAGTCCT_004,137
GTGTATGTAGCAACAGTCCT_005,127
GTGTATGTAGCAACAGTCCT_006,19
GTGTATGTAGCAACAGTCCT_007,110
GTACATGAGCCCATACACCT_001,2
GTACATGAGCCCATACACCT_002,62
GTACATGAGCCCATACACCT_003,65
GTACATGAGCCCATACACCT_004,53
GTACATGAGCCCATACACCT_005,158
GTACATGAGCCCATACACCT_006,47
GTACATGAGCCCATACACCT_007,186
GTACATGAGCCCATACACCT_008,27
GTACATGAGCCCATACACCT_009,81
GTACATGAGCCCATACACCT_010,46
GTACATGAGCCCATACACCT_011,131
GTACATGAGCCCATACACCT_012,146
GTACATGAGCCCATACACCT_013,149
GTACATGAGCCCATACACCT_014,195
GTACATGAGCCCATACACCT_015,60
GTACATGAGCCCATACACCT_016,142
GTACATGAGCCCATACACCT_017,3
GTACATGAGCCCATACACCT_018,142
GTACATGAGCCCATACACCT_019,63
GTACATGAGCCCATACACCT_020,10
AGTACGGTAGTCAAACCCCC_001,17
ATGTGAACGAGTGTGACATG_001,77
ATGTGAACGAGTGTGACATG_002,80
ATGTGAACGAGTGTGACATG_003,161
ATGTGAACGAGTGTGACATG_004,72
ATGTGAACGAGTGTGACATG_005,160
ATGTGAACGAGTGTGACATG_006,82
ATGTGAACGAGTGTGACATG_007,27
TCACCTGTTCGAATATGGTA_001,29
TCACCTGTTCGAATATGGTA_002,27
TCACCTGTTCGAATATGGTA_003,69
TCACCTGTTCGAATATGGTA_004,32
TCACCTGTTCGAATATGGTA_005,0
TCACCTGTTCGAATATGGTA_006,94
TCACCTGTTCGAATATGGTA_007,56
TCACCTGTTCGAATATGGTA_008,91
TCACCTGTTCGAATATGGTA_009,188
CATGCCTGTTTACAAGAAAG_001,189
CATGCCTGTTTACAAGAAAG_002,24
CATGCCTGTTTACAAGAAAG_003,181
CATGCCTGTTTACAAGAAAG_004,72
CATGCCTGTTTACAAGAAAG_005,147
CATGCCTGTTTACAAGAAAG_006,19
CATGCCTGTTTACAAGAAAG_007,184
CATGCCTGTTTACAAGAAAG_008,60
CATGCCTGTTTACAAGAAAG_009,41
CATGCCTGTTTACAAGAAAG_010,44
CATGCCTGTTTACAAGAAAG_011,33
GTGCATGGAGTAGTGCCCGT_001,15
GTGCATGGAGTAGTGCCCGT_002,23
GTGCATGGAGTAGTGCCCGT_003,9
GTGCATGGAGTAGTGCCCGT_004,103
GTGCATGGAGTAGTGCCCGT_005,148
GTGCATGGAGTAGTGCCCGT_006,35
GTGCATGGAGTAGTGCCCGT_007,157
GAATAGCTTCCCGAGATGAG_001,139
GAATAGCTTCCCGAGATGAG_002,132
GAATAGCTTCCCGAGATGAG_003,196
GAATAGCTTCCCGAGATGAG_004,177
GAATAGCTTCCCGAGATGAG_005,62
AGCATCCAAGAGCTCTGAGT_001,40
AGCATCCAAGAGCTCTGAGT_002,185
TGTGCAGATTCCCACAGCTG_001,98
TGTGCAGATTCCCACAGCTG_002,48
TGTGCAGATTCCCACAGCTG_003,95
TGTGCAGATTCCCACAGCTG_004,102
TGTGCAGATTCCCACAGCTG_005,134
AATATCAAGCGAATATCATG_001,40
AATATCAAGCGAATATCATG_002,50
AATATCAAGCGAATATCATG_003,150
TGTTTGTCTCGAAAAGCCTG_001,119
TGTTTGTCTCGAAAAGCCTG_002,81
TGTTTGTCTCGAAAAGCCTG_003,177
TGTTTGTCTCGAAAAGCCTG_004,115
TGTTTGTCTCGAAAAGCCTG_005,192
TGTTTGTCTCGAAAAGCCTG_006,133
AGTGCGCAGAGAATCTTCCT_001,105
AGTGCGCAGAGAATCTTCCT_002,69
AGTGCGCAGAGAATCTTCCT_003,45
AGTGCGCAGAGAATCTTCCT_004,75
AGTGCGCAGAGAATCTTCCT_005,56
AGTGCGCAGAGAATCTTCCT_006,152
AGTGCGCAGAGAATCTTCCT_007,183
AGTGCGCAGAGAATCTTCCT_008,113
AGTGCGCAGAGAATCTTCCT_009,40
AGTGCGCAGAGAATCTTCCT_010,104
ATGTGGATAAAATCGAACTG_001,43
ATGTGGATAAAATCGAACTG_002,102
ATGTGGATAAAATCGAACTG_003,153
ATGTGGATAAAATCGAACTG_004,161
ATGTGGATAAAATCGAACTG_005,48
ATGTGGATAAAATCGAACTG_006,164
ATGTGGATAAAATCGAACTG_007,186
ATGTGGATAAAATCGAACTG_008,102
ATGTGGATAAAATCGAACTG_009,29
ATGTGGATAAAATCGAACTG_010,159
ATGTGGATAAAATCGAACTG_011,93
ATGTGGATAAAATCGAACTG_012,161
ATGTGGATAAAATCGAACTG_013,40
ATGTGGATAAAATCGAACTG_014,121
ATGTGGATAAAATCGAACTG_015,6
ATGTGGATAAAATCGAACTG_016,116
ATGTGGATAAAATCGAACTG_017,168
ATGTGGATAAAATCGAACTG_018,40
ATGTGGATAAAATCGAACTG_019,120
ATGTGGATAAAATCGAACTG_020,119
ATGTGGATAAAATCGAACTG_021,1
ATGTGGATAAAATCGAACTG_022,195
ATGTGGATAAAATCGAACTG_023,63
TCACTCCAGAAAACAACCTG_001,9
TCACTCCAGAAAACAACCTG_002,185
TCACTCCAGAAAACAACCTG_003,96
TCACTCCAGAAAACAACCTG_004,150
TCACTCCAGAAAACAACCTG_005,77
TCACTCCAGAAAACAACCTG_006,59
TCACTCCAGAAAACAACCTG_007,19
TCACTCCAGAAAACAACCTG_008,48
TCACTCCAGAAAACAACCTG_009,83
TCACTCCAGAAAACAACCTG_010,62
TCACTCCAGAAAACAACCTG_011,150
TCACTCCAGAAAACAACCTG_012,76
TCACTCCAGAAAACAACCTG_013,146
TCACTCCAGAAAACAACCTG_014,91
TCACTCCAGAAAACAACCTG_015,110
TCACTCCAGAAAACAACCTG_016,16
TCACTCCAGAAAACAACCTG_017,162
TCACTCCAGAAAACAACCTG_018,77
TCACTCCAGAAAACAACCTG_019,157
TCACTCCAGAAAACAACCTG_020,13
GCCTATAACCACTACAGCCA_001,65
GCCTATAACCACTACAGCCA_002,157
GCCTATAACCACTACAGCCA_003,81
GCCTATAACCACTACAGCCA_004,48
GCCTATAACCACTACAGCCA_005,71
GCCTATAACCACTACAGCCA_006,174
GCCTATAACCACTACAGCCA_007,48
GCCTATAACCACTACAGCCA_008,58
GCCTATAACCACTACAGCCA_009,175
GCCTATAACCACTACAGCCA_010,184
GCCTATAACCACTACAGCCA_011,12
GCCTATAACCACTACAGCCA_012,16
GCCTATAACCACTACAGCCA_013,148
GCCTATAACCACTACAGCCA_014,130
GCCTATAACCACTACAGCCA_015,87
ACTTACGGCCTTCATTGTAG_001,150
ACTTACGGCCTTCATTGTAG_002,169
AGTCCTTCATCTTCCCCACA_001,61
AGTCCTTCATCTTCCCCACA_002,0
AGTCCTTCATCTTCCCCACA_003,8
AGTCCTTCATCTTCCCCACA_004,114
AGTCCTTCATCTTCCCCACA_005,116
AGTCCTTCATCTTCCCCACA_006,20
AGTCCTTCATCTTCCCCACA_007,146
AGTCCTTCATCTTCCCCACA_008,97
AGTCCTTCATCTTCCCCACA_009,86
AGTCCTTCATCTTCCCCACA_010,193
AGTCCTTCATCTTCCCCACA_011,147
AGTCCTTCATCTTCCCCACA_012,173
CAAAGTAGGATCCATCGGTG_001,132
CAAAGTAGGATCCATCGGTG_002,174
CAAAGTAGGATCCATCGGTG_003,82
CAAAGTAGGATCCATCGGTG_004,83
CAAAGTAGGATCCATCGGTG_005,78
CAAAGTAGGATCCATCGGTG_006,105
CCTGTGTATAATAAGACTTG_001,157
CCTGTGTATAATAAGACTTG_002,16
CCTGTGTATAATAAGACTTG_003,49
CCTGTGTATAATAAGACTTG_004,116
CCTGTGTATAATAAGACTTG_005,57
GTAACTTCACGAAGTTATCG_001,116
GTAACTTCACGAAGTTATCG_002,171
GTAACTTCACGAAGTTATCG_003,154
GTAACTTCACGAAGTTATCG_004,154
GTAACTTCACGAAGTTATCG_005,13
GGATGGCATACAGGTACCAG_001,33
GGATGGCATACAGGTACCAG_002,48
GGATGGCATACAGGTACCAG_003,113
TCCGTCGCGCTGTCCTCCAG_001,45
TCCGTCGCGCTGTCCTCCAG_002,94
TCCGTCGCGCTGTCCTCCAG_003,198
TCCGTCGCGCTGTCCTCCAG_004,134
TCCGTCGCGCTGTCCTCCAG_005,78
TCATTACTGTAAACATAGTG_001,72
TCATTACTGTAAACATAGTG_002,70
TCATTACTGTAAACATAGTG_003,111
TCATTACTGTAAACATAGTG_004,36
CGAGCACGGCAGTACCCCTG_001,119
CGAGCACGGCAGTACCCCTG_002,4
CGAGCACGGCAGTACCCCTG_003,127
CGAGCACGGCAGTACCCCTG_004,73
CGAGCACGGCAGTACCCCTG_005,68
CGAGCACGGCAGTACCCCTG_006,108
CGAGCACGGCAGTACCCCTG_007,42
CGAGCACGGCAGTACCCCTG_008,49
CGAGCACGGCAGTACCCCTG_009,8
CGAGCACGGCAGTACCCCTG_010,14
CGAGCACGGCAGTACCCCTG_011,76
CGAGCACGGCAGTACCCCTG_012,177
CGAGCACGGCAGTACCCCTG_013,47
CGAGCACGGCAGTACCCCTG_014,9
CGAGCACGGCAGTACCCCTG_015,92
CGAGCACGGCAGTACCCCTG_016,147
CGAGCACGGCAGTACCCCTG_017,80
CGAGCACGGCAGTACCCCTG_018,174
CGAGCACGGCAGTACCCCTG_019,104
CGAGCACGGCAGTACCCCTG_020,166
CGAGCACGGCAGTACCCCTG_021,144
CGAGCACGGCAGTACCCCTG_022,145
CGAGCACGGCAGTACCCCTG_023,155
AGTGGATGTCGGCGACCACG_001,104
AGTGGATGTCGGCGACCACG_002,1
AGTGGATGTCGGCGACCACG_003,131
AGTGGATGTCGGCGACCACG_004,16
ACTTCGCCCCTCAAAACTGG_001,5
ACTTCGCCCCTCAAAACTGG_002,5
ACTTCGCCCCTCAAAACTGG_003,174
ACTTCGCCCCTCAAAACTGG_004,129
ACTTCGCCCCTCAAAACTGG_005,102
ACTTCGCCCCTCAAAACTGG_006,149
ACTTCGCCCCTCAAAACTGG_007,76
ACTTCGCCCCTCAAAACTGG_008,96
ACTTCGCCCCTCAAAACTGG_009,94
ACTTCGCCCCTCAAAACTGG_010,9
ACTTCGCCCCTCAAAACTGG_011,192
ACTTCGCCCCTCAAAACTGG_012,8
ACTTCGCCCCTCAAAACTGG_013,42
ACTTCGCCCCTCAAAACTGG_014,9
ACTTCGCCCCTCAAAACTGG_015,46
ACTTCGCCCCTCAAAACTGG_016,26
ACTTCGCCCCTCAAAACTGG_017,61
ACTTCGCCCCTCAAAACTGG_018,172
ACTTCGCCCCTCAAAACTGG_019,12
ACTTCGCCCCTCAAAACTGG_020,35
ACTTCGCCCCTCAAAACTGG_021,67
ACTTCGCCCCTCAAAACTGG_022,113
ACTTCGCCCCTCAAAACTGG_023,79
ACTTCGCCCCTCAAAACTGG_024,168
ACTTCGCCCCTCAAAACTGG_025,52
ACTTCGCCCCTCAAAACTGG_026,168
ACTTCGCCCCTCAAAACTGG_027,49
GATCCGTGAGAACTTCGAAG_001,42
GATCCGTGAGAACTTCGAAG_002,193
GATCCGTGAGAACTTCGAAG_003,47
GATCCGTGAGAACTTCGAAG_004,104
GATCCGTGAGAACTTCGAAG_005,110
GATCCGTGAGAACTTCGAAG_006,199
GATCCGTGAGAACTTCGAAG_007,158
GAAGGTCCTGAGGCAGAGCA_001,82
GAAGGTCCTGAGGCAGAGCA_002,44
GAAGGTCCTGAGGCAGAGCA_003,4
GAAGGTCCTGAGGCAGAGCA_004,148
GAAGGTCCTGAGGCAGAGCA_005,60
GAAGGTCCTGAGGCAGAGCA_006,8
GAAGGTCCTGAGGCAGAGCA_007,108
GAAGGTCCTGAGGCAGAGCA_008,160
GAAGGTCCTGAGGCAGAGCA_009,60
GAAGGTCCTGAGGCAGAGCA_010,127
GAAGGTCCTGAGGCAGAGCA_011,158
GAAGGTCCTGAGGCAGAGCA_012,64
GAAGGTCCTGAGGCAGAGCA_013,98
GAAGGTCCTGAGGCAGAGCA_014,106
GAAGGTCCTGAGGCAGAGCA_015,145
GAAGGTCCTGAGGCAGAGCA_016,1
GAAGGTCCTGAGGCAGAGCA_017,132
GAAGGTCCTGAGGCAGAGCA_018,183
GAAGGTCCTGAGGCAGAGCA_019,132
GAAGGTCCTGAGGCAGAGCA_020,78
GAAGGTCCTGAGGCAGAGCA_021,42
GAAGGTCCTGAGGCAGAGCA_022,195
GAAGGTCCTGAGGCAGAGCA_023,72
GAAGGTCCTGAGGCAGAGCA_024,48
GAAGGTCCTGAGGCAGAGCA_025,35
GAAGGTCCTGAGGCAGAGCA_026,124
GAAGGTCCTGAGGCAGAGCA_027,57
GAAGGTCCTGAGGCAGAGCA_028,90
GAAGGTCCTGAGGCAGAGCA_029,117
GAAGGTCCTGAGGCAGAGCA_030,58
GAAGGTCCTGAGGCAGAGCA_031,17
GAAGGTCCTGAGGCAGAGCA_032,199
GAAGGTCCTGAGGCAGAGCA_033,158
GAAGGTCCTGAGGCAGAGCA_034,146
GAAGGTCCTGAGGCAGAGCA_035,77
GAAGGTCCTGAGGCAGAGCA_036,62
GAAGGTCCTGAGGCAGAGCA_037,162
GAAGGTCCTGAGGCAGAGCA_038,41
GAAGGTCCTGAGGCAGAGCA_039,169
GAAGGTCCTGAGGCAGAGCA_040,199
GAAGGTCCTGAGGCAGAGCA_041,168
GAAGGTCCTGAGGCAGAGCA_042,125
GAAGGTCCTGAGGCAGAGCA_043,150
GAAGGTCCTGAGGCAGAGCA_044,192
GAAGGTCCTGAGGCAGAGCA_045,30
GAAGGTCCTGAGGCAGAGCA_046,35
GAAGGTCCTGAGGCAGAGCA_047,73
GCATGTGGTCCTGATACAAG_001,172
GCATGTGGTCCTGATACAAG_002,157
GCATGTGGTCCTGATACAAG_003,43
GCATGTGGTCCTGATACAAG_004,117
GCATGTGGTCCTGATACAAG_005,152
GCATGTGGTCCTGATACAAG_006,10
GGAATATGACAGTAGCCTCA_001,91
GGAATATGACAGTAGCCTCA_002,145
GGAATATGACAGTAGCCTCA_003,127
GGAATATGACAGTAGCCTCA_004,68
GGAATATGACAGTAGCCTCA_005,113
GGAATATGACAGTAGCCTCA_006,84
GGAATATGACAGTAGCCTCA_007,17
ATTGCCGTTACAGACCAGAA_001,154
ATTGCCGTTACAGACCAGAA_002,19
ATTGCCGTTACAGACCAGAA_003,160
ATTGCCGTTACAGACCAGAA_004,74
ATTGCCGTTACAGACCAGAA_005,19
ATTGCCGTTACAGACCAGAA_006,185
ATTGCCGTTACAGACCAGAA_007,175
ATTGCCGTTACAGACCAGAA_008,104
TGCTGGTTAAAGAAACCCTG_001,157
TGCTGGTTAAAGAAACCCTG_002,76
TGCTGGTTAAAGAAACCCTG_003,171
TGCTGGTTAAAGAAACCCTG_004,48
TGCTGGTTAAAGAAACCCTG_005,170
TGCTGGTTAAAGAAACCCTG_006,35
TGCTGGTTAAAGAAACCCTG_007,134
TGCTGGTTAAAGAAACCCTG_008,83
TGCTGGTTAAAGAAACCCTG_009,146
TGCTGGTTAAAGAAACCCTG_010,130
TGCTGGTTAAAGAAACCCTG_011,58
TGCTGGTTAAAGAAACCCTG_012,113
TGCTGGTTAAAGAAACCCTG_013,124
TGCTGGTTAAAGAAACCCTG_014,66
GGCACAGGCTCACCCTCGAG_001,199
GGCACAGGCTCACCCTCGAG_002,158
GGCACAGGCTCACCCTCGAG_003,98
GGCACAGGCTCACCCTCGAG_004,195
GGCACAGGCTCACCCTCGAG_005,15
GGCACAGGCTCACCCTCGAG_006,191
GGCACAGGCTCACCCTCGAG_007,178
ATTGTACCAGTCGTAATCGA_001,54
ATTGTACCAGTCGTAATCGA_002,41
ATTGTACCAGTCGTAATCGA_003,160
GTACATAGGTGTATGCAAGT_001,136
GTACATAGGTGTATGCAAGT_002,172
GTACATAGGTGTATGCAAGT_003,162
GTACATAGGTGTATGCAAGT_004,28
GTACATAGGTGTATGCAAGT_005,174
GTACATAGGTGTATGCAAGT_006,15
GTACATAGGTGTATGCAAGT_007,70
GTACATAGGTGTATGCAAGT_008,199
GTACATAGGTGTATGCAAGT_009,43
GTACATAGGTGTATGCAAGT_010,149
ACTTGCCATTGAGATTTGGG_001,77
ACTTGCCATTGAGATTTGGG_002,94
ACTTGCCATTGAGATTTGGG_003,127
ACTTGCCATTGAGATTTGGG_004,155
ACTTGCCATTGAGATTTGGG_005,162
ACTTGCCATTGAGATTTGGG_006,52
ACTTGCCATTGAGATTTGGG_007,168
ACTTGCCATTGAGATTTGGG_008,116
ACTTGCCATTGAGATTTGGG_009,103
ACTTGCCATTGAGATTTGGG_010,157
AGGACCCAAAGCGGCAGCAA_001,124
AGGACCCAAAGCGGCAGCAA_002,157
AGGACCCAAAGCGGCAGCAA_003,175
AGGACCCAAAGCGGCAGCAA_004,105
AGGACCCAAAGCGGCAGCAA_005,77
AGGACCCAAAGCGGCAGCAA_006,149
AGGACCCAAAGCGGCAGCAA_007,169
AGGACCCAAAGCGGCAGCAA_008,94
AGGACCCAAAGCGGCAGCAA_009,50
AGGACCCAAAGCGGCAGCAA_010,141
AGGACCCAAAGCGGCAGCAA_011,149
AGGACCCAAAGCGGCAGCAA_012,5
AGGACCCAAAGCGGCAGCAA_013,168
AGGACCCAAAGCGGCAGCAA_014,115
AGGACCCAAAGCGGCAGCAA_015,142
AGGACCCAAAGCGGCAGCAA_016,96
AGGACCCAAAGCGGCAGCAA_017,8
AGGACCCAAAGCGGCAGCAA_018,12
AGGACCCAAAGCGGCAGCAA_019,98
AGGACCCAAAGCGGCAGCAA_020,94
AGGACCCAAAGCGGCAGCAA_021,11
AGGACCCAAAGCGGCAGCAA_022,1
AGGACCCAAAGCGGCAGCAA_023,8
AGGACCCAAAGCGGCAGCAA_024,150
AGGACCCAAAGCGGCAGCAA_025,113
AGGACCCAAAGCGGCAGCAA_026,62
AGGACCCAAAGCGGCAGCAA_027,97
AGGACCCAAAGCGGCAGCAA_028,125
AGGACCCAAAGCGGCAGCAA_029,108
AGGACCCAAAGCGGCAGCAA_030,178
AGGACCCAAAGCGGCAGCAA_031,65
AGGACCCAAAGCGGCAGCAA_032,67
AGGACCCAAAGCGGCAGCAA_033,88
AGGACCCAAAGCGGCAGCAA_034,84
AGGACCCAAAGCGGCAGCAA_035,91
AGGACCCAAAGCGGCAGCAA_036,74
AGGACCCAAAGCGGCAGCAA_037,102
AGGACCCAAAGCGGCAGCAA_038,34
AGGACCCAAAGCGGCAGCAA_039,192
AGGACCCAAAGCGGCAGCAA_040,77
AGGACCCAAAGCGGCAGCAA_041,188
AGGACCCAAAGCGGCAGCAA_042,184
AGATGATCAGCTCTCCGACG_001,179
GTACTCCAGACACTATCCGT_001,123
GTACTCCAGACACTATCCGT_002,22
GTACTCCAGACACTATCCGT_003,113
TCGACTTCTAACATCCACCT_001,15
TCGACTTCTAACATCCACCT_002,101
TCGACTTCTAACATCCACCT_003,84
TCGACTTCTAACATCCACCT_004,62
TCGACTTCTAACATCCACCT_005,56
TCGACTTCTAACATCCACCT_006,175
TCGACTTCTAACATCCACCT_007,175
AGGACTTGGCCGAGAGATTG_001,134
AGGACTTGGCCGAGAGATTG_002,49
AGGACTTGGCCGAGAGATTG_003,11
AGGACTTGGCCGAGAGATTG_004,79
AGGACTTGGCCGAGAGATTG_005,43
AGGACTTGGCCGAGAGATTG_006,36
AGGACTTGGCCGAGAGATTG_007,175
AGGACTTGGCCGAGAGATTG_008,138
ATGCGCTCCATGGCATCTGG_001,25
ATGCGCTCCATGGCATCTGG_002,160
ATGCGCTCCATGGCATCTGG_003,114
ATGCGCTCCATGGCATCTGG_004,187
ATGCGCTCCATGGCATCTGG_005,88
ATGCGCTCCATGGCATCTGG_006,116
ATGCGCTCCATGGCATCTGG_007,40
ATGCGCTCCATGGCATCTGG_008,86
ATGCGCTCCATGGCATCTGG_009,39
ATGCGCTCCATGGCATCTGG_010,190
CGTGGTGTAGTACCAAAATG_001,185
TACTCACATAGACGGGATGG_001,89
TACTCACATAGACGGGATGG_002,80
TACTCACATAGACGGGATGG_003,57
TACTCACATAGACGGGATGG_004,149
TACTCACATAGACGGGATGG_005,35
TCTCCACACCACCAATGACG_001,150
GGACACCGCCTCGTAGATGT_001,198
GGACACCGCCTCGTAGATGT_002,166
GGACACCGCCTCGTAGATGT_003,171
GGACACCGCCTCGTAGATGT_004,138
GGACACCGCCTCGTAGATGT_005,84
GGACACCGCCTCGTAGATGT_006,54
GGACACCGCCTCGTAGATGT_007,112
GGACACCGCCTCGTAGATGT_008,78
GGACACCGCCTCGTAGATGT_009,19
GGACACCGCCTCGTAGATGT_010,115
GGACACCGCCTCGTAGATGT_011,168
GGACACCGCCTCGTAGATGT_012,194
GGACACCGCCTCGTAGATGT_013,144
GGACACCGCCTCGTAGATGT_014,150
GGACACCGCCTCGTAGATGT_015,110
GGACACCGCCTCGTAGATGT_016,162
GGACACCGCCTCGTAGATGT_017,107
GGACACCGCCTCGTAGATGT_018,62
GGACACCGCCTCGTAGATGT_019,160
GGACACCGCCTCGTAGATGT_020,49
GGACACCGCCTCGTAGATGT_021,149
GGACACCGCCTCGTAGATGT_022,177
CGCAAGTTCTACTCCATCCG_001,34
CGCAAGTTCTACTCCATCCG_002,88
CTGTCACTCACCGCAACAGG_001,106
CTGTCACTCACCGCAACAGG_002,198
CTGTCACTCACCGCAACAGG_003,152
GATTCTCCACAGGGAGAGTG_001,29
GATTCTCCACAGGGAGAGTG_002,62
GATTCTCCACAGGGAGAGTG_003,154
GATTCTCCACAGGGAGAGTG_004,127
GATTCTCCACAGGGAGAGTG_005,19
GATTCTCCACAGGGAGAGTG_006,68
GATTCTCCACAGGGAGAGTG_007,138
GAAGTGCTCTGAGAGGTGGA_001,12
GAAGTGCTCTGAGAGGTGGA_002,81
GAAGTGCTCTGAGAGGTGGA_003,174
GAAGTGCTCTGAGAGGTGGA_004,11
GAAGTGCTCTGAGAGGTGGA_005,84
GAAGTGCTCTGAGAGGTGGA_006,55
GAAGTGCTCTGAGAGGTGGA_007,188
GAAGTGCTCTGAGAGGTGGA_008,80
GAAGTGCTCTGAGAGGTGGA_009,124
GAAGTGCTCTGAGAGGTGGA_010,57
GAAGTGCTCTGAGAGGTGGA_011,16
GAAGTGCTCTGAGAGGTGGA_012,3
GAAGTGCTCTGAGAGGTGGA_013,58
GAAGTGCTCTGAGAGGTGGA_014,61
GAAGTGCTCTGAGAGGTGGA_015,24
GAAGTGCTCTGAGAGGTGGA_016,139
GAAGTGCTCTGAGAGGTGGA_017,151
GAAGTGCTCTGAGAGGTGGA_018,156
TCAGCCATGAGAGATTATAG_001,88
TCAGCCATGAGAGATTATAG_002,68
GTGTTACGAGTTGGATCTCG_001,78
CCTGCGCCCCCAGCTACACC_001,191
CCTGCGCCCCCAGCTACACC_002,54
CCTGCGCCCCCAGCTACACC_003,65
CCTGCGCCCCCAGCTACACC_004,198
CCTGCGCCCCCAGCTACACC_005,14
CCTGCGCCCCCAGCTACACC_006,177
CCTGCGCCCCCAGCTACACC_007,154
CCTGCGCCCCCAGCTACACC_008,11
CCTGCGCCCCCAGCTACACC_009,48
CCTGCGCCCCCAGCTACACC_010,28
CCTGCGCCCCCAGCTACACC_011,50
GCAACCGAAGGATGACGGGC_001,172
GCAACCGAAGGATGACGGGC_002,15
GCAACCGAAGGATGACGGGC_003,126
GCAACCGAAGGATGACGGGC_004,33
GCAACCGAAGGATGACGGGC_005,111
GCAACCGAAGGATGACGGGC_006,100
GCAACCGAAGGATGACGGGC_007,36
GCAACCGAAGGATGACGGGC_008,46
CTGCTGCACTAGTAATCGTG_001,60
CTGCTGCACTAGTAATCGTG_002,189
CTGCTGCACTAGTAATCGTG_003,172
CTGCTGCACTAGTAATCGTG_004,94
CTGCTGCACTAGTAATCGTG_005,35
CTGCTGCACTAGTAATCGTG_006,113
CTGCTGCACTAGTAATCGTG_007,62
CTGCTGCACTAGTAATCGTG_008,1
CTGCTGCACTAGTAATCGTG_009,2
CTGCTGCACTAGTAATCGTG_010,48
CTGCTGCACTAGTAATCGTG_011,148
CTGCTGCACTAGTAATCGTG_012,48
CTGCTGCACTAGTAATCGTG_013,191
CTGCTGCACTAGTAATCGTG_014,102
CTGCTGCACTAGTAATCGTG_015,73
AGGAGGACAGTAATAACCGC_001,175
AGGAGGACAGTAATAACCGC_002,137
AGGAGGACAGTAATAACCGC_003,12
AGGAGGACAGTAATAACCGC_004,181
AGGAGGACAGTAATAACCGC_005,37
AGGAGGACAGTAATAACCGC_006,103
AGGAGGACAGTAATAACCGC_007,56
AGGAGGACAGTAATAACCGC_008,188
AGGAGGACAGTAATAACCGC_009,164
AGGAGGACAGTAATAACCGC_010,136
AGGAGGACAGTAATAACCGC_011,115
CAGGGAGTGTGTGAACTGTG_001,102
CAGGGAGTGTGTGAACTGTG_002,182
CAGGGAGTGTGTGAACTGTG_003,15
CAGGGAGTGTGTGAACTGTG_004,28
CAGGGAGTGTGTGAACTGTG_005,97
CAGGGAGTGTGTGAACTGTG_006,172
CAGGGAGTGTGTGAACTGTG_007,65
CAGGGAGTGTGTGAACTGTG_008,117
CAGGGAGTGTGTGAACTGTG_009,177
CAGGGAGTGTGTGAACTGTG_010,177
CAGGGAGTGTGTGAACTGTG_011,4
CAGGGAGTGTGTGAACTGTG_012,137
CAGGGAGTGTGTGAACTGTG_013,153
CAGGGAGTGTGTGAACTGTG_014,14
CAGGGAGTGTGTGAACTGTG_015,88
CAGGGAGTGTGTGAACTGTG_016,46
CAGGGAGTGTGTGAACTGTG_017,113
CAGGGAGTGTGTGAACTGTG_018,172
CAGGGAGTGTGTGAACTGTG_019,63
CAGGGAGTGTGTGAACTGTG_020,155
CAGGGAGTGTGTGAACTGTG_021,124
CAGGGAGTGTGTGAACTGTG_022,62
GGGGAAAGCTGTAGACAGCA_001,105
GGGGAAAGCTGTAGACAGCA_002,57
GGGGAAAGCTGTAGACAGCA_003,101
GGGGAAAGCTGTAGACAGCA_004,51
GGGGAAAGCTGTAGACAGCA_005,158
GGGGAAAGCTGTAGACAGCA_006,42
GGGGAAAGCTGTAGACAGCA_007,7
GGGGAAAGCTGTAGACAGCA_008,94
GGGGAAAGCTGTAGACAGCA_009,63
GGGGAAAGCTGTAGACAGCA_010,160
GGGGAAAGCTGTAGACAGCA_011,137
GGGGAAAGCTGTAGACAGCA_012,138
AGCTGGAGATGCAGCATCTG_001,77
AGCTGGAGATGCAGCATCTG_002,151
AGCTGGAGATGCAGCATCTG_003,50
AGCTGGAGATGCAGCATCTG_004,157
AGCTGGAGATGCAGCATCTG_005,70
AGCTGGAGATGCAGCATCTG_006,81
AGCTGGAGATGCAGCATCTG_007,90
AGCTGGAGATGCAGCATCTG_008,190
AGCTGGAGATGCAGCATCTG_009,36
AGCTGGAGATGCAGCATCTG_010,100
AGCTGGAGATGCAGCATCTG_011,98
AGCTGGAGATGCAGCATCTG_012,94
AGCTGGAGATGCAGCATCTG_013,186
AGCTGGAGATGCAGCATCTG_014,105
AGCTGGAGATGCAGCATCTG_015,198
AGCTGGAGATGCAGCATCTG_016,86
AGCTGGAGATGCAGCATCTG_017,148
AGCTGGAGATGCAGCATCTG_018,188
AGCTGGAGATGCAGCATCTG_019,163
AGCTGGAGATGCAGCATCTG_020,4
TGCCGCCCGACCTGTGTCCG_001,58
TGCCGCCCGACCTGTGTCCG_002,49
TGCCGCCCGACCTGTGTCCG_003,100
TGCCGCCCGACCTGTGTCCG_004,57
TGCCGCCCGACCTGTGTCCG_005,123
TGCCGCCCGACCTGTGTCCG_006,86
TGCCGCCCGACCTGTGTCCG_007,89
TGCCGCCCGACCTGTGTCCG_008,27
TGCCGCCCGACCTGTGTCCG_009,168
TGCCGCCCGACCTGTGTCCG_010,63
TGCCGCCCGACCTGTGTCCG_011,50
TGCCGCCCGACCTGTGTCCG_012,84
ACGCATAGACAATTTCAGTG_001,116
ATTGATACTTACCCAGCACT_001,24
ATTGATACTTACCCAGCACT_002,181
ATTGATACTTACCCAGCACT_003,99
ATTGATACTTACCCAGCACT_004,184
ATTGATACTTACCCAGCACT_005,174
ATTGATACTTACCCAGCACT_006,158
ATTGATACTTACCCAGCACT_007,116
ATTGATACTTACCCAGCACT_008,147
ATTGATACTTACCCAGCACT_009,85
ATTGATACTTACCCAGCACT_010,28
ATTGATACTTACCCAGCACT_011,81
TTCACAGTACCAGAGTCTCG_001,105
TTCACAGTACCAGAGTCTCG_002,58
TTCACAGTACCAGAGTCTCG_003,76
TTCACAGTACCAGAGTCTCG_004,68
TTTGGGTCTTAATGGCAAGA_001,6
AGGCATATGCCGAATCATGG_001,171
AGGCATATGCCGAATCATGG_002,65
AGGCATATGCCGAATCATGG_003,105
AGGCATATGCCGAATCATGG_004,168
TTCCCGAACTTTGAAGTCGG_001,172
TTCCCGAACTTTGAAGTCGG_002,185
TTCCCGAACTTTGAAGTCGG_003,175
TTCCCGAACTTTGAAGTCGG_004,9
TTCCCGAACTTTGAAGTCGG_005,191
TTCCCGAACTTTGAAGTCGG_006,198
TTCCCGAACTTTGAAGTCGG_007,198
TTCCCGAACTTTGAAGTCGG_008,9
TTCCCGAACTTTGAAGTCGG_009,152
TTCCCGAACTTTGAAGTCGG_010,62
TTCCCGAACTTTGAAGTCGG_011,179
TTCCCGAACTTTGAAGTCGG_012,165
TTCCCGAACTTTGAAGTCGG_013,34
TTCCCGAACTTTGAAGTCGG_014,32
TTCCCGAACTTTGAAGTCGG_015,159
TTCCCGAACTTTGAAGTCGG_016,8
TTCCCGAACTTTGAAGTCGG_017,77
TTCCCGAACTTTGAAGTCGG_018,189
TTCCCGAACTTTGAAGTCGG_019,117
TTCCCGAACTTTGAAGTCGG_020,104
TTCCCGAACTTTGAAGTCGG_021,56
TTCCCGAACTTTGAAGTCGG_022,194
TTCCCGAACTTTGAAGTCGG_023,48
TTCCCGAACTTTGAAGTCGG_024,52
TTCCCGAACTTTGAAGTCGG_025,184
TTCCCGAACTTTGAAGTCGG_026,19
TTCCCGAACTTTGAAGTCGG_027,169
TTCCCGAACTTTGAAGTCGG_028,50
TTCCCGAACTTTGAAGTCGG_029,49
TTCCCGAACTTTGAAGTCGG_030,177
TTCCCGAACTTTGAAGTCGG_031,3
CCAGCTCGGTTGTGTCGACA_001,134
CCAGCTCGGTTGTGTCGACA_002,136
CCAGCTCGGTTGTGTCGACA_003,93
CTACTTTCAGGTATCAATCA_001,160
CTACTTTCAGGTATCAATCA_002,126
CTACTTTCAGGTATCAATCA_003,75
CTACTTTCAGGTATCAATCA_004,108
CTACTTTCAGGTATCAATCA_005,155
CTACTTTCAGGTATCAATCA_006,56
CTACTTTCAGGTATCAATCA_007,48
CTACTTTCAGGTATCAATCA_008,0
CGTGCAGGTCGCATCGATGT_001,49
CGTGCAGGTCGCATCGATGT_002,102
CGTGCAGGTCGCATCGATGT_003,157
CGTGCAGGTCGCATCGATGT_004,9
CGTGCAGGTCGCATCGATGT_005,58
CGTGCAGGTCGCATCGATGT_006,175
CGTGCAGGTCGCATCGATGT_007,94
CGTGCAGGTCGCATCGATGT_008,199
CGTGCAGGTCGCATCGATGT_009,106
CGTGCAGGTCGCATCGATGT_010,49
CGTGCAGGTCGCATCGATGT_011,185
CGTGCAGGTCGCATCGATGT_012,10
GCCCCGACCTTGCCCCGCTG_001,65
GCCCCGACCTTGCCCCGCTG_002,57
GCCCCGACCTTGCCCCGCTG_003,98
GCCCCGACCTTGCCCCGCTG_004,48
GCCCCGACCTTGCCCCGCTG_005,191
GCCCCGACCTTGCCCCGCTG_006,13
GCCCCGACCTTGCCCCGCTG_007,145
GCCCCGACCTTGCCCCGCTG_008,161
GCCCCGACCTTGCCCCGCTG_009,178
GCCCCGACCTTGCCCCGCTG_010,6
GCCCCGACCTTGCCCCGCTG_011,15
GCCCCGACCTTGCCCCGCTG_012,103
GCCCCGACCTTGCCCCGCTG_013,6
GCCCCGACCTTGCCCCGCTG_014,174
GCCCCGACCTTGCCCCGCTG_015,110
GCCCCGACCTTGCCCCGCTG_016,117
GCCCCGACCTTGCCCCGCTG_017,152
TGCGGGGAGCTCTCTTAATG_001,105
TGCGGGGAGCTCTCTTAATG_002,41
TGCGGGGAGCTCTCTTAATG_003,31
TGCGGGGAGCTCTCTTAATG_004,185
TGCGGGGAGCTCTCTTAATG_005,40
TTGGGTCCTGGAGTAAATGC_001,12
TTGGGTCCTGGAGTAAATGC_002,19
TTGGGTCCTGGAGTAAATGC_003,144
TTGGGTCCTGGAGTAAATGC_004,19
TTGGGTCCTGGAGTAAATGC_005,144
TTGGGTCCTGGAGTAAATGC_006,99
TTGGGTCCTGGAGTAAATGC_007,188
TTGGGTCCTGGAGTAAATGC_008,57
TTGGGTCCTGGAGTAAATGC_009,96
TTGGGTCCTGGAGTAAATGC_010,121
TTGGGTCCTGGAGTAAATGC_011,16
CTCTACGTGAGCATAGGCTG_001,8
CTCTACGTGAGCATAGGCTG_002,144
CTCTACGTGAGCATAGGCTG_003,95
CTCTACGTGAGCATAGGCTG_004,31
CTCTACGTGAGCATAGGCTG_005,54
CTCTACGTGAGCATAGGCTG_006,160
CTCTACGTGAGCATAGGCTG_007,178
CTCTACGTGAGCATAGGCTG_008,105
CTCTACGTGAGCATAGGCTG_009,4
CTCTACGTGAGCATAGGCTG_010,29
AGCATGTGCTGAGCACCAGT_001,47
AGCATGTGCTGAGCACCAGT_002,146
AGCATGTGCTGAGCACCAGT_003,62
AGCATGTGCTGAGCACCAGT_004,28
AGCATGTGCTGAGCACCAGT_005,154
AGCATGTGCTGAGCACCAGT_006,42
AGCATGTGCTGAGCACCAGT_007,101
AGCATGTGCTGAGCACCAGT_008,84
AGCATGTGCTGAGCACCAGT_009,168
CAGCCGGCCTAAGAGCGAGT_001,105
CAGCCGGCCTAAGAGCGAGT_002,138
CAGCCGGCCTAAGAGCGAGT_003,29
AAGAGTATGCCAATACTACA_001,73
AAGAGTATGCCAATACTACA_002,48
AAGAGTATGCCAATACTACA_003,46
AAGAGTATGCCAATACTACA_004,113
AAGAGTATGCCAATACTACA_005,170
AAGAGTATGCCAATACTACA_006,94
AAGAGTATGCCAATACTACA_007,115
AAGAGTATGCCAATACTACA_008,78
AAGAGTATGCCAATACTACA_009,113
AAGAGTATGCCAATACTACA_010,161
AACATAGCGTATTCCCCACA_001,50
ACACACAGGATGGATACACA_001,17
ACACACAGGATGGATACACA_002,5
ACACACAGGATGGATACACA_003,5
ACACACAGGATGGATACACA_004,152
ACACACAGGATGGATACACA_005,147
ACACACAGGATGGATACACA_006,172
ACACACAGGATGGATACACA_007,156
ACACACAGGATGGATACACA_008,1
ACACACAGGATGGATACACA_009,115
ACACACAGGATGGATACACA_010,48
ACACACAGGATGGATACACA_011,49
ACACACAGGATGGATACACA_012,0
ACACACAGGATGGATACACA_013,82
ACACACAGGATGGATACACA_014,186
ACACACAGGATGGATACACA_015,80
ACACACAGGATGGATACACA_016,36
ACACCCCTCCATTAACACAT_001,62
ACACCCCTCCATTAACACAT_002,1
ACACCCCTCCATTAACACAT_003,17
ACACCCCTCCATTAACACAT_004,7
ACACCCCTCCATTAACACAT_005,52
ACACCCCTCCATTAACACAT_006,182
ACACCCCTCCATTAACACAT_007,8
ACACCCCTCCATTAACACAT_008,145
ACACCCCTCCATTAACACAT_009,177
ACACCCCTCCATTAACACAT_010,35
ACACCCCTCCATTAACACAT_011,198
ACACCCCTCCATTAACACAT_012,198
ACACCCCTCCATTAACACAT_013,144
ACCACCAACGAAGAGTACAC_001,35
ACCACCAACGAAGAGTACAC_002,154
ACCACCAACGAAGAGTACAC_003,37
ACCACCAACGAAGAGTACAC_004,161
CGGTGGGACAGGTCACACGC_001,76
CGGTGGGACAGGTCACACGC_002,76
CGGTGGGACAGGTCACACGC_003,43
CGGTGGGACAGGTCACACGC_004,121
CGGTGGGACAGGTCACACGC_005,172
CGGTGGGACAGGTCACACGC_006,82
CGGTGGGACAGGTCACACGC_007,151
CGGTGGGACAGGTCACACGC_008,142
CGGTGGGACAGGTCACACGC_009,115
CGGTGGGACAGGTCACACGC_010,23
CGGTGGGACAGGTCACACGC_011,29
CGGTGGGACAGGTCACACGC_012,30
CGGTGGGACAGGTCACACGC_013,139
CGGTGGGACAGGTCACACGC_014,31
CGGTGGGACAGGTCACACGC_015,10
CGGTGGGACAGGTCACACGC_016,49
CGGTGGGACAGGTCACACGC_017,76
CGGTGGGACAGGTCACACGC_018,67
CATCCTGGTGGGCCTCCCCA_001,198
CATCCTGGTGGGCCTCCCCA_002,177
CATCCTGGTGGGCCTCCCCA_003,157
CATCCTGGTGGGCCTCCCCA_004,47
CATCCTGGTGGGCCTCCCCA_005,170
CATCCTGGTGGGCCTCCCCA_006,153
CATCCTGGTGGGCCTCCCCA_007,49
CATCCTGGTGGGCCTCCCCA_008,11
CATCCTGGTGGGCCTCCCCA_009,135
CATCCTGGTGGGCCTCCCCA_010,123
CATCCTGGTGGGCCTCCCCA_011,103
CATCCTGGTGGGCCTCCCCA_012,15
CATCCTGGTGGGCCTCCCCA_013,117
CATCCTGGTGGGCCTCCCCA_014,169
CATCCTGGTGGGCCTCCCCA_015,191
CATCCTGGTGGGCCTCCCCA_016,42
CATCCTGGTGGGCCTCCCCA_017,158
CATCCTGGTGGGCCTCCCCA_018,115
CATCCTGGTGGGCCTCCCCA_019,39
GTGGCTTGTAGGGCGTGTCG_001,58
GTGGCTTGTAGGGCGTGTCG_002,58
GTGGCTTGTAGGGCGTGTCG_003,21
GTGGCTTGTAGGGCGTGTCG_004,113
GTGGCTTGTAGGGCGTGTCG_005,49
GTGGCTTGTAGGGCGTGTCG_006,113
GTGGCTTGTAGGGCGTGTCG_007,151
GTGGCTTGTAGGGCGTGTCG_008,161
GTGGCTTGTAGGGCGTGTCG_009,89
GTGGCTTGTAGGGCGTGTCG_010,91
GTGGCTTGTAGGGCGTGTCG_011,160
GTGGCTTGTAGGGCGTGTCG_012,20
GTGGCTTGTAGGGCGTGTCG_013,105
GTGGCTTGTAGGGCGTGTCG_014,15
GTGGCTTGTAGGGCGTGTCG_015,141
GTGGCTTGTAGGGCGTGTCG_016,117
GTGGCTTGTAGGGCGTGTCG_017,18
GTGGCTTGTAGGGCGTGTCG_018,162
GTTTGCAGGCCCACTCTCCG_001,116
GTTTGCAGGCCCACTCTCCG_002,92
GTTTGCAGGCCCACTCTCCG_003,53
GTTTGCAGGCCCACTCTCCG_004,158
GTTTGCAGGCCCACTCTCCG_005,76
GTTTGCAGGCCCACTCTCCG_006,29
GTTTGCAGGCCCACTCTCCG_007,199
GTTTGCAGGCCCACTCTCCG_008,2
GTTTGCAGGCCCACTCTCCG_009,113
GTTTGCAGGCCCACTCTCCG_010,63
GTTTGCAGGCCCACTCTCCG_011,94
GTTTGCAGGCCCACTCTCCG_012,77
GTTTGCAGGCCCACTCTCCG_013,141
ATTTGACGTGAAGCAAATTG_001,197
ATTTGACGTGAAGCAAATTG_002,98
ATTTGACGTGAAGCAAATTG_003,175
ATTTGACGTGAAGCAAATTG_004,33
ATTTGACGTGAAGCAAATTG_005,191
ATCGAGAACACTTAACAGTG_001,53
ATCGAGAACACTTAACAGTG_002,32
ATCGAGAACACTTAACAGTG_003,138
ATCGAGAACACTTAACAGTG_004,44
ATCGAGAACACTTAACAGTG_005,172
ATCGAGAACACTTAACAGTG_006,101
ATCGAGAACACTTAACAGTG_007,23
ATCGAGAACACTTAACAGTG_008,81
ATCGAGAACACTTAACAGTG_009,118
ATCGAGAACACTTAACAGTG_010,44
ATCGAGAACACTTAACAGTG_011,131
ATCGAGAACACTTAACAGTG_012,92
ATCGAGAACACTTAACAGTG_013,2
ATCGAGAACACTTAACAGTG_014,88
ATCGAGAACACTTAACAGTG_015,7
ATCGAGAACACTTAACAGTG_016,5
ATCGAGAACACTTAACAGTG_017,56
ATCGAGAACACTTAACAGTG_018,118
ATCGAGAACACTTAACAGTG_019,28
ATCGAGAACACTTAACAGTG_020,198
ACATGTCGCCCCCAAGCGAG_001,84
ACATGTCGCCCCCAAGCGAG_002,138
ACATGTCGCCCCCAAGCGAG_003,32
ACATGTCGCCCCCAAGCGAG_004,20
ACATGTCGCCCCCAAGCGAG_005,128
ACATGTCGCCCCCAAGCGAG_006,157
ACATGTCGCCCCCAAGCGAG_007,32
ACATGTCGCCCCCAAGCGAG_008,60
ACATGTCGCCCCCAAGCGAG_009,169
ACATGTCGCCCCCAAGCGAG_010,48
ACATGTCGCCCCCAAGCGAG_011,4
ACATGTCGCCCCCAAGCGAG_012,70
ACATGTCGCCCCCAAGCGAG_013,160
ACATGTCGCCCCCAAGCGAG_014,94
ACATGTCGCCCCCAAGCGAG_015,148
ACATGTCGCCCCCAAGCGAG_016,11
ACATGTCGCCCCCAAGCGAG_017,51
ACATGTCGCCCCCAAGCGAG_018,32
ACATGTCGCCCCCAAGCGAG_019,169
ACATGTCGCCCCCAAGCGAG_020,53
ACATGTCGCCCCCAAGCGAG_021,160
ACATGTCGCCCCCAAGCGAG_022,135
ACATGTCGCCCCCAAGCGAG_023,66
ACATGTCGCCCCCAAGCGAG_024,42
ACATGTCGCCCCCAAGCGAG_025,31
ACATGTCGCCCCCAAGCGAG_026,168
ACATGTCGCCCCCAAGCGAG_027,23
ACATGTCGCCCCCAAGCGAG_028,19
ACATGTCGCCCCCAAGCGAG_029,6
ACATGTCGCCCCCAAGCGAG_030,70
ACATGTCGCCCCCAAGCGAG_031,198
ACATGTCGCCCCCAAGCGAG_032,164
ACATGTCGCCCCCAAGCGAG_033,164
ACATGTCGCCCCCAAGCGAG_034,61
ACATGTCGCCCCCAAGCGAG_035,11
ACATGTCGCCCCCAAGCGAG_036,90
ACATGTCGCCCCCAAGCGAG_037,36
GTTCTGCTCAGTCTCAACAA_001,170
GTTCTGCTCAGTCTCAACAA_002,147
GTTCTGCTCAGTCTCAACAA_003,23
GTTCTGCTCAGTCTCAACAA_004,147
GTTCTGCTCAGTCTCAACAA_005,68
GTTCTGCTCAGTCTCAACAA_006,75
ACAGGTACATATCCATTCAC_001,159
TGGTCACCACCCCTCCACCA_001,168
TGGTCACCACCCCTCCACCA_002,133
TGGTCACCACCCCTCCACCA_003,185
TGGTCACCACCCCTCCACCA_004,183
TGGTCACCACCCCTCCACCA_005,162
TGGTCACCACCCCTCCACCA_006,168
TGGTCACCACCCCTCCACCA_007,72
TGGTCACCACCCCTCCACCA_008,183
TGGTCACCACCCCTCCACCA_009,6
TGGTCACCACCCCTCCACCA_010,194
TGGTCACCACCCCTCCACCA_011,112
TGGTCACCACCCCTCCACCA_012,42
TGGTCACCACCCCTCCACCA_013,15
TGGTCACCACCCCTCCACCA_014,84
TGGTCACCACCCCTCCACCA_015,174
TGGTCACCACCCCTCCACCA_016,70
TGGTCACCACCCCTCCACCA_017,30
TGGTCACCACCCCTCCACCA_018,172
TGGTCACCACCCCTCCACCA_019,11
TGGTCACCACCCCTCCACCA_020,150
TGGTCACCACCCCTCCACCA_021,140
TGGTCACCACCCCTCCACCA_022,8
TGGTCACCACCCCTCCACCA_023,148
TGGTCACCACCCCTCCACCA_024,141
TGGTCACCACCCCTCCACCA_025,44
TGGTCACCACCCCTCCACCA_026,67
TGGTCACCACCCCTCCACCA_027,29
TGGTCACCACCCCTCCACCA_028,34
TGGTCACCACCCCTCCACCA_029,187
TGGTCACCACCCCTCCACCA_030,6
TGGTCACCACCCCTCCACCA_031,158
TGGTCACCACCCCTCCACCA_032,116
TGGTCACCACCCCTCCACCA_033,137
TGGTCACCACCCCTCCACCA_034,4
TGGTCACCACCCCTCCACCA_035,16
TGGTCACCACCCCTCCACCA_036,6
TGGTCACCACCCCTCCACCA_037,3
TGGTCACCACCCCTCCACCA_038,160
TGGTCACCACCCCTCCACCA_039,35
TGGTCACCACCCCTCCACCA_040,41
TGGTCACCACCCCTCCACCA_041,162
TGGTCACCACCCCTCCACCA_042,142
TGGTCACCACCCCTCCACCA_043,197
TGGTCACCACCCCTCCACCA_044,177
TGGTCACCACCCCTCCACCA_045,105
ACTACTTACCAATGGCCCTG_001,41
ACTACTTACCAATGGCCCTG_002,172
ACTACTTACCAATGGCCCTG_003,5
ACTACTTACCAATGGCCCTG_004,5
ACTACTTACCAATGGCCCTG_005,90
ACTACTTACCAATGGCCCTG_006,99
ACTACTTACCAATGGCCCTG_007,127
ACTACTTACCAATGGCCCTG_008,40
CAAGCCGCCGAGTAGCACAG_001,115
CAAGCCGCCGAGTAGCACAG_002,76
CAAGCCGCCGAGTAGCACAG_003,0
CAAGCCGCCGAGTAGCACAG_004,189
CAAGCCGCCGAGTAGCACAG_005,41
CAAGCCGCCGAGTAGCACAG_006,33
CAAGCCGCCGAGTAGCACAG_007,127
CAAGCCGCCGAGTAGCACAG_008,9
CAAGCCGCCGAGTAGCACAG_009,94
CAAGCCGCCGAGTAGCACAG_010,188
CAAGCCGCCGAGTAGCACAG_011,77
CAAGCCGCCGAGTAGCACAG_012,15
CAAGCCGCCGAGTAGCACAG_013,141
CAAGCCGCCGAGTAGCACAG_014,138
CAAGCCGCCGAGTAGCACAG_015,99
CAAGCCGCCGAGTAGCACAG_016,41
CAAGCCGCCGAGTAGCACAG_017,198
CAAGCCGCCGAGTAGCACAG_018,114
CAAGCCGCCGAGTAGCACAG_019,76
CAAGCCGCCGAGTAGCACAG_020,105
CAAGCCGCCGAGTAGCACAG_021,10
CAAGCCGCCGAGTAGCACAG_022,180
CAAGCCGCCGAGTAGCACAG_023,104
CAAGCCGCCGAGTAGCACAG_024,174
CAAGCCGCCGAGTAGCACAG_025,81
CAAGCCGCCGAGTAGCACAG_026,152
CAAGCCGCCGAGTAGCACAG_027,35
GTGGGACATGAACCGTAGGT_001,115
GTGGGACATGAACCGTAGGT_002,18
GTGGGACATGAACCGTAGGT_003,121
GTGGGACATGAACCGTAGGT_004,176
GTGGGACATGAACCGTAGGT_005,112
GTGGGACATGAACCGTAGGT_006,158
GTGGGACATGAACCGTAGGT_007,158
GTGGGACATGAACCGTAGGT_008,136
GTGGGACATGAACCGTAGGT_009,174
GTGGGACATGAACCGTAGGT_010,67
GTGGGACATGAACCGTAGGT_011,52
GTGGGACATGAACCGTAGGT_012,152
GTGGGACATGAACCGTAGGT_013,91
GGGCGTCCCCCTCTATGCAG_001,15
GGGCGTCCCCCTCTATGCAG_002,43
GGGCGTCCCCCTCTATGCAG_003,48
GGGCGTCCCCCTCTATGCAG_004,88
GGGCGTCCCCCTCTATGCAG_005,23
GGGCGTCCCCCTCTATGCAG_006,142
GGGCGTCCCCCTCTATGCAG_007,41
GGGCGTCCCCCTCTATGCAG_008,183
GGGCGTCCCCCTCTATGCAG_009,33
GGGCGTCCCCCTCTATGCAG_010,72
GGGCGTCCCCCTCTATGCAG_011,120
GGGCGTCCCCCTCTATGCAG_012,184
GGGCGTCCCCCTCTATGCAG_013,28
GGGCGTCCCCCTCTATGCAG_014,63
GGGCGTCCCCCTCTATGCAG_015,180
GGGCGTCCCCCTCTATGCAG_016,66
GGGCGTCCCCCTCTATGCAG_017,6
GGGCGTCCCCCTCTATGCAG_018,96
GGGCGTCCCCCTCTATGCAG_019,47
GGGCGTCCCCCTCTATGCAG_020,168
GGGCGTCCCCCTCTATGCAG_021,177
ATTGACTTTATGTGTTACAG_001,140
ATTGACTTTATGTGTTACAG_002,199
ATTGACTTTATGTGTTACAG_003,20
ATTGACTTTATGTGTTACAG_004,17
ATTGACTTTATGTGTTACAG_005,104
ATTGACTTTATGTGTTACAG_006,194
ATTGACTTTATGTGTTACAG_007,175
ATTGACTTTATGTGTTACAG_008,100
ATTGACTTTATGTGTTACAG_009,126
ATTGACTTTATGTGTTACAG_010,3
GATGATGGCAAACAACCCAG_001,49
GATGATGGCAAACAACCCAG_002,65
GATGATGGCAAACAACCCAG_003,62
GATGATGGCAAACAACCCAG_004,156
GATGATGGCAAACAACCCAG_005,96
GATGATGGCAAACAACCCAG_006,175
GATGATGGCAAACAACCCAG_007,186
GATGATGGCAAACAACCCAG_008,146
GATGATGGCAAACAACCCAG_009,10
GATGATGGCAAACAACCCAG_010,130
GATGATGGCAAACAACCCAG_011,35
GATGATGGCAAACAACCCAG_012,190
GATGATGGCAAACAACCCAG_013,14
CCTCTTAAACCAGGTGAAGT_001,160
CAACGACAAAGCCCGCGTCG_001,2
CAACGACAAAGCCCGCGTCG_002,88
CAACGACAAAGCCCGCGTCG_003,52
CATCGTAGGGCATGTCAGAG_001,174
CATCGTAGGGCATGTCAGAG_002,66
CATCGTAGGGCATGTCAGAG_003,182
CATCGTAGGGCATGTCAGAG_004,172
CATCGTAGGGCATGTCAGAG_005,78
CATCGTAGGGCATGTCAGAG_006,62
CATCGTAGGGCATGTCAGAG_007,169
CATCGTAGGGCATGTCAGAG_008,93
CATCGTAGGGCATGTCAGAG_009,125
CATCGTAGGGCATGTCAGAG_010,83
CATCGTAGGGCATGTCAGAG_011,100
CATCGTAGGGCATGTCAGAG_012,145
CATCGTAGGGCATGTCAGAG_013,145
CATCGTAGGGCATGTCAGAG_014,147
CATCGTAGGGCATGTCAGAG_015,15
CATCGTAGGGCATGTCAGAG_016,68
GCTGCGGATCTACGAGATCG_001,146
GCTGCGGATCTACGAGATCG_002,47
GCTGCGGATCTACGAGATCG_003,158
GCTGCGGATCTACGAGATCG_004,37
GCTGCGGATCTACGAGATCG_005,38
GCTGCGGATCTACGAGATCG_006,137
GCTGCGGATCTACGAGATCG_007,78
GGAATACTCACCAGATAACG_001,187
GGAATACTCACCAGATAACG_002,1
GGAATACTCACCAGATAACG_003,88
GGAATACTCACCAGATAACG_004,182
GGAATACTCACCAGATAACG_005,115
GGAATACTCACCAGATAACG_006,166
CCAAGACCAACTCCTTACGG_001,48
CCAAGACCAACTCCTTACGG_002,108
CCAAGACCAACTCCTTACGG_003,76
CCAAGACCAACTCCTTACGG_004,57
CCAAGACCAACTCCTTACGG_005,14
CCAAGACCAACTCCTTACGG_006,159
CCAAGACCAACTCCTTACGG_007,2
CCAAGACCAACTCCTTACGG_008,119
CCAAGACCAACTCCTTACGG_009,98
TCCCGGAACAGCGCGCCGAA_001,148
TCCCGGAACAGCGCGCCGAA_002,137
TCCCGGAACAGCGCGCCGAA_003,155
TCCCGGAACAGCGCGCCGAA_004,168
TCCCGGAACAGCGCGCCGAA_005,177
TCCCGGAACAGCGCGCCGAA_006,15
TCCCGGAACAGCGCGCCGAA_007,183
GCCATTGTACACGCCAACAG_001,11
GCCATTGTACACGCCAACAG_002,87
GCCATTGTACACGCCAACAG_003,130
GCCATTGTACACGCCAACAG_004,90
GCCATTGTACACGCCAACAG_005,115
GCCATTGTACACGCCAACAG_006,19
GCCATTGTACACGCCAACAG_007,76
GCCATTGTACACGCCAACAG_008,94
GCCATTGTACACGCCAACAG_009,89
GCCATTGTACACGCCAACAG_010,10
GCCATTGTACACGCCAACAG_011,137
GCCATTGTACACGCCAACAG_012,79
GCCATTGTACACGCCAACAG_013,184
GCCATTGTACACGCCAACAG_014,113
GCCATTGTACACGCCAACAG_015,96
GCCATTGTACACGCCAACAG_016,28
GCCATTGTACACGCCAACAG_017,82
GTGTTGACAGGCAAGTCGAG_001,77
GTGTTGACAGGCAAGTCGAG_002,148
GTGTTGACAGGCAAGTCGAG_003,50
GTGTTGACAGGCAAGTCGAG_004,194
GTGTTGACAGGCAAGTCGAG_005,24
GTGTTGACAGGCAAGTCGAG_006,81
GTGTTGACAGGCAAGTCGAG_007,38
TGTGCAGCTGAATGACTACG_001,159
TGTGCAGCTGAATGACTACG_002,166
TGTGCAGCTGAATGACTACG_003,110
TGTGCAGCTGAATGACTACG_004,36
TGTGCAGCTGAATGACTACG_005,158
TGTGCAGCTGAATGACTACG_006,139
GTACAAGAAAAAGATCACGT_001,81
GTACAAGAAAAAGATCACGT_002,105
GTACAAGAAAAAGATCACGT_003,29
GTACAAGAAAAAGATCACGT_004,144
GTACAAGAAAAAGATCACGT_005,162
GTACAAGAAAAAGATCACGT_006,53
GTACAAGAAAAAGATCACGT_007,154
GTACAAGAAAAAGATCACGT_008,18
GTACAAGAAAAAGATCACGT_009,102
GTACAAGAAAAAGATCACGT_010,98
GTACAAGAAAAAGATCACGT_011,119
GTACAAGAAAAAGATCACGT_012,29
GTACAAGAAAAAGATCACGT_013,127
GTACAAGAAAAAGATCACGT_014,141
GTACAAGAAAAAGATCACGT_015,169
GTACAAGAAAAAGATCACGT_016,187
GTACAAGAAAAAGATCACGT_017,113
GTACAAGAAAAAGATCACGT_018,83
GTACAAGAAAAAGATCACGT_019,17
GTACAAGAAAAAGATCACGT_020,6
GTACAAGAAAAAGATCACGT_021,102
GTACAAGAAAAAGATCACGT_022,70
GTACAAGAAAAAGATCACGT_023,177
TGGACATGTCGGGAGACTTG_001,187
TGGACATGTCGGGAGACTTG_002,191
TGGACATGTCGGGAGACTTG_003,160
TGGACATGTCGGGAGACTTG_004,150
TGGACATGTCGGGAGACTTG_005,198
ATCAGCAGCTCGTAGAACTG_001,125
ATCAGCAGCTCGTAGAACTG_002,121
ATCAGCAGCTCGTAGAACTG_003,168
ATCAGCAGCTCGTAGAACTG_004,101
ATCAGCAGCTCGTAGAACTG_005,101
ATCAGCAGCTCGTAGAACTG_006,192
ATCAGCAGCTCGTAGAACTG_007,93
ATCAGCAGCTCGTAGAACTG_008,113
ATCAGCAGCTCGTAGAACTG_009,116
ATCAGCAGCTCGTAGAACTG_010,127
ATCAGCAGCTCGTAGAACTG_011,150
ATCAGCAGCTCGTAGAACTG_012,177
ATCAGCAGCTCGTAGAACTG_013,2
ATCAGCAGCTCGTAGAACTG_014,2
ATCAGCAGCTCGTAGAACTG_015,19
ATCAGCAGCTCGTAGAACTG_016,153
CAAACTGAACTCCAATGATG_001,117
CAAACTGAACTCCAATGATG_002,53
CAAACTGAACTCCAATGATG_003,88
CAAACTGAACTCCAATGATG_004,119
CAAACTGAACTCCAATGATG_005,126
CAAACTGAACTCCAATGATG_006,126
CAAACTGAACTCCAATGATG_007,65
CAAACTGAACTCCAATGATG_008,105
CAAACTGAACTCCAATGATG_009,112
CAAACTGAACTCCAATGATG_010,111
CAAACTGAACTCCAATGATG_011,111
CAAACTGAACTCCAATGATG_012,138
CAAACTGAACTCCAATGATG_013,140
CAAACTGAACTCCAATGATG_014,187
CAAACTGAACTCCAATGATG_015,174
CAAACTGAACTCCAATGATG_016,1
CAAACTGAACTCCAATGATG_017,82
CCCGGAGCCTTTGACAGAGT_001,19
CCCGGAGCCTTTGACAGAGT_002,188
CCATGGCCTTGATGATACTG_001,49
CCATGGCCTTGATGATACTG_002,136
CCATGGCCTTGATGATACTG_003,101
CCATGGCCTTGATGATACTG_004,77
CCATGGCCTTGATGATACTG_005,199
CCATGGCCTTGATGATACTG_006,183
CCATGGCCTTGATGATACTG_007,72
CCATGGCCTTGATGATACTG_008,187
CCATGGCCTTGATGATACTG_009,176
CCATGGCCTTGATGATACTG_010,175
CCATGGCCTTGATGATACTG_011,78
CCAGGTAAAACATCGCAGAA_001,145
CCAGGTAAAACATCGCAGAA_002,107
CCAGGTAAAACATCGCAGAA_003,178
CCAGGTAAAACATCGCAGAA_004,151
CCAGGTAAAACATCGCAGAA_005,96
CCAGGTAAAACATCGCAGAA_006,96
CCAGGTAAAACATCGCAGAA_007,80
CCAGGTAAAACATCGCAGAA_008,108
CCAGGTAAAACATCGCAGAA_009,135
CCAGGTAAAACATCGCAGAA_010,150
CCAGGTAAAACATCGCAGAA_011,27
CCAGGTAAAACATCGCAGAA_012,87
CCAGGTAAAACATCGCAGAA_013,111
CCAGGTAAAACATCGCAGAA_014,161
CCAGGTAAAACATCGCAGAA_015,175
CCAGGTAAAACATCGCAGAA_016,136
CCAGGTAAAACATCGCAGAA_017,99
CCAGGTAAAACATCGCAGAA_018,157
GGAACCATACCATGTGCACT_001,88
GGAACCATACCATGTGCACT_002,98
GGAACCATACCATGTGCACT_003,146
GGAACCATACCATGTGCACT_004,150
GGAACCATACCATGTGCACT_005,48
AGTCCTTGTGGTGCTCAGGG_001,167
AGTCCTTGTGGTGCTCAGGG_002,167
AGTCCTTGTGGTGCTCAGGG_003,81
AGTCCTTGTGGTGCTCAGGG_004,160
AGTCCTTGTGGTGCTCAGGG_005,9
AGTCCTTGTGGTGCTCAGGG_006,158
AGTCCTTGTGGTGCTCAGGG_007,176
AGTCCTTGTGGTGCTCAGGG_008,185
AGTCCTTGTGGTGCTCAGGG_009,185
CAGGGCTAGACTCATGAACT_001,181
CAGGGCTAGACTCATGAACT_002,43
CAGGGCTAGACTCATGAACT_003,84
CAGGGCTAGACTCATGAACT_004,15
CAGGGCTAGACTCATGAACT_005,91
CAGGGCTAGACTCATGAACT_006,0
CAGGGCTAGACTCATGAACT_007,162
CAGGGCTAGACTCATGAACT_008,91
CAGGGCTAGACTCATGAACT_009,42
CAGGGCTAGACTCATGAACT_010,58
CAGGGCTAGACTCATGAACT_011,187
CAGGGCTAGACTCATGAACT_012,8
TGGGGAAGACCCAACCAGTG_001,161
TGGGGAAGACCCAACCAGTG_002,145
TGGGGAAGACCCAACCAGTG_003,50
TGGGGAAGACCCAACCAGTG_004,147
TGGGGAAGACCCAACCAGTG_005,33
TGGGGAAGACCCAACCAGTG_006,0
TGGGGAAGACCCAACCAGTG_007,2
AATGTTCACACAGAGAACTG_001,168
AATGTTCACACAGAGAACTG_002,142
AATGTTCACACAGAGAACTG_003,80
AATGTTCACACAGAGAACTG_004,15
AATGTTCACACAGAGAACTG_005,0
AATGTTCACACAGAGAACTG_006,135
AATGTTCACACAGAGAACTG_007,110
AATGTTCACACAGAGAACTG_008,43
AATGTTCACACAGAGAACTG_009,10
AATGTTCACACAGAGAACTG_010,199
AATGTTCACACAGAGAACTG_011,12
AATGTTCACACAGAGAACTG_012,158
AATGTTCACACAGAGAACTG_013,28
AATGTTCACACAGAGAACTG_014,161
TGAAATCAGATCTCACGCGC_001,123
TGAAATCAGATCTCACGCGC_002,74
TGAAATCAGATCTCACGCGC_003,107
TGAAATCAGATCTCACGCGC_004,75
TGAAATCAGATCTCACGCGC_005,27
TGAAATCAGATCTCACGCGC_006,162
TGAAATCAGATCTCACGCGC_007,11
TGAAATCAGATCTCACGCGC_008,68
TGAAATCAGATCTCACGCGC_009,174
AGTCACATGTGGTGGAATGG_001,48
AGTCACATGTGGTGGAATGG_002,169
AGTCACATGTGGTGGAATGG_003,170
AGTCACATGTGGTGGAATGG_004,48
AGTCACATGTGGTGGAATGG_005,70
AGTCACATGTGGTGGAATGG_006,8
AGTCACATGTGGTGGAATGG_007,141
AGTCACATGTGGTGGAATGG_008,48
AGTCACATGTGGTGGAATGG_009,158
ACTCTTCGATAGCCTCGGGC_001,34
ACTCTTCGATAGCCTCGGGC_002,152
ACTCTTCGATAGCCTCGGGC_003,118
ACTCTTCGATAGCCTCGGGC_004,171
ACTCTTCGATAGCCTCGGGC_005,123
ACTCTTCGATAGCCTCGGGC_006,61
ACTCTTCGATAGCCTCGGGC_007,34
ACTCTTCGATAGCCTCGGGC_008,149
ACTCTTCGATAGCCTCGGGC_009,76
ACTCTTCGATAGCCTCGGGC_010,41
ACTCTTCGATAGCCTCGGGC_011,50
ACTCTTCGATAGCCTCGGGC_012,62
ACTCTTCGATAGCCTCGGGC_013,19
ACTCTTCGATAGCCTCGGGC_014,160
GGCGAGGAAGATAACCAGCA_001,115
GGCGAGGAAGATAACCAGCA_002,49
GGCGAGGAAGATAACCAGCA_003,168
GGCGAGGAAGATAACCAGCA_004,174
TAGAGAACGTGGCTCCCGCG_001,181
TAGAGAACGTGGCTCCCGCG_002,190
TAGAGAACGTGGCTCCCGCG_003,67
TAGAGAACGTGGCTCCCGCG_004,57
TAGAGAACGTGGCTCCCGCG_005,43
AACCTGACCGGTGTCCCCGG_001,37
AACCTGACCGGTGTCCCCGG_002,5
AACCTGACCGGTGTCCCCGG_003,125
AACCTGACCGGTGTCCCCGG_004,98
AACCTGACCGGTGTCCCCGG_005,38
AACCTGACCGGTGTCCCCGG_006,74
AACCTGACCGGTGTCCCCGG_007,157
AACCTGACCGGTGTCCCCGG_008,4
AACCTGACCGGTGTCCCCGG_009,36
AACCTGACCGGTGTCCCCGG_010,178
AACCTGACCGGTGTCCCCGG_011,63
AACCTGACCGGTGTCCCCGG_012,1
AACCTGACCGGTGTCCCCGG_013,88
AACCTGACCGGTGTCCCCGG_014,56
AACCTGACCGGTGTCCCCGG_015,26
AACCTGACCGGTGTCCCCGG_016,1
AACCTGACCGGTGTCCCCGG_017,188
AACCTGACCGGTGTCCCCGG_018,62
AACCTGACCGGTGTCCCCGG_019,102
AACCTGACCGGTGTCCCCGG_020,174
AACCTGACCGGTGTCCCCGG_021,94
AACCTGACCGGTGTCCCCGG_022,183
AACCTGACCGGTGTCCCCGG_023,197
AACCTGACCGGTGTCCCCGG_024,199
AACCTGACCGGTGTCCCCGG_025,166
AACCTGACCGGTGTCCCCGG_026,68
AACCTGACCGGTGTCCCCGG_027,155
AGACATTAAGAAGACTGGAG_001,177
AGACATTAAGAAGACTGGAG_002,172
AGACATTAAGAAGACTGGAG_003,148
AGACATTAAGAAGACTGGAG_004,147
CAAGGATCTCTGGTCCTGTG_001,29
GCTGGCACAATAAAGAACCA_001,0
GCTGGCACAATAAAGAACCA_002,1
GCTGGCACAATAAAGAACCA_003,61
GCTGGCACAATAAAGAACCA_004,110
GCTGGCACAATAAAGAACCA_005,82
GCTGGCACAATAAAGAACCA_006,147
GCTGGCACAATAAAGAACCA_007,80
GCTGGCACAATAAAGAACCA_008,15
GCTGGCACAATAAAGAACCA_009,12
GCTGGCACAATAAAGAACCA_010,180
GCTGGCACAATAAAGAACCA_011,28
GCTGGCACAATAAAGAACCA_012,169
GAGGAGGTAATGGCGGAAGG_001,8
GAGGAGGTAATGGCGGAAGG_002,192
GAGGAGGTAATGGCGGAAGG_003,94
GAGGAGGTAATGGCGGAAGG_004,115
GAGGAGGTAATGGCGGAAGG_005,8
GAGGAGGTAATGGCGGAAGG_006,128
GAGGAGGTAATGGCGGAAGG_007,116
GAGGAGGTAATGGCGGAAGG_008,147
GAGGAGGTAATGGCGGAAGG_009,118
GAGGAGGTAATGGCGGAAGG_010,147
GAGGAGGTAATGGCGGAAGG_011,28
GAGGAGGTAATGGCGGAAGG_012,17
GAGGAGGTAATGGCGGAAGG_013,88
GAGGAGGTAATGGCGGAAGG_014,169
GAGGAGGTAATGGCGGAAGG_015,105
GAGGAGGTAATGGCGGAAGG_016,17
GAGGAGGTAATGGCGGAAGG_017,94
CTATCTCGTAGTCAGACCAC_001,183
CTATCTCGTAGTCAGACCAC_002,162
CTATCTCGTAGTCAGACCAC_003,98
CTATCTCGTAGTCAGACCAC_004,95
CTATCTCGTAGTCAGACCAC_005,166
ATCACCCCGCCAGATATCCA_001,148
ATCACCCCGCCAGATATCCA_002,192
ATCACCCCGCCAGATATCCA_003,127
ATCACCCCGCCAGATATCCA_004,144
ATCACCCCGCCAGATATCCA_005,9
ATCACCCCGCCAGATATCCA_006,113
ATCACCCCGCCAGATATCCA_007,116
ATCACCCCGCCAGATATCCA_008,52
ATCACCCCGCCAGATATCCA_009,13
ATCACCCCGCCAGATATCCA_010,25
ATCACCCCGCCAGATATCCA_011,151
ATCACCCCGCCAGATATCCA_012,92
ATCACCCCGCCAGATATCCA_013,48
ATCACCCCGCCAGATATCCA_014,150
ATCACCCCGCCAGATATCCA_015,165
ATCACCCCGCCAGATATCCA_016,169
ATCACCCCGCCAGATATCCA_017,177
ATCACCCCGCCAGATATCCA_018,156
ATCACCCCGCCAGATATCCA_019,63
ATCACCCCGCCAGATATCCA_020,15
ATCACCCCGCCAGATATCCA_021,134
ATCACCCCGCCAGATATCCA_022,175
ATCACCCCGCCAGATATCCA_023,83
CTATGGAAAGTGTGTCATCG_001,4
CTATGGAAAGTGTGTCATCG_002,7
CTATGGAAAGTGTGTCATCG_003,69
CTATGGAAAGTGTGTCATCG_004,103
CTATGGAAAGTGTGTCATCG_005,23
CTATGGAAAGTGTGTCATCG_006,26
CTATGGAAAGTGTGTCATCG_007,81
CTATGGAAAGTGTGTCATCG_008,62
TACAGGCTCTGAGCCTACCA_001,5
TACAGGCTCTGAGCCTACCA_002,100
TACAGGCTCTGAGCCTACCA_003,176
TACAGGCTCTGAGCCTACCA_004,150
TACAGGCTCTGAGCCTACCA_005,116
TACAGGCTCTGAGCCTACCA_006,47
CTATAATGCTCCCACATGGC_001,181
CTATAATGCTCCCACATGGC_002,127
CTATAATGCTCCCACATGGC_003,43
CTATAATGCTCCCACATGGC_004,62
CTATAATGCTCCCACATGGC_005,142
CTATAATGCTCCCACATGGC_006,54
CTATAATGCTCCCACATGGC_007,130
AGAGACCACCTATCACACGC_001,105
AGAGACCACCTATCACACGC_002,140
TCATTTGCCGTGAATACAGT_001,76
TCATTTGCCGTGAATACAGT_002,10
TCATTTGCCGTGAATACAGT_003,81
TCATTTGCCGTGAATACAGT_004,98
TCATTTGCCGTGAATACAGT_005,60
TCATTTGCCGTGAATACAGT_006,141
TCATTTGCCGTGAATACAGT_007,27
TCATTTGCCGTGAATACAGT_008,0
CAAAACGATTGGTAAACTGC_001,155
CAAAACGATTGGTAAACTGC_002,140
CAAAACGATTGGTAAACTGC_003,145
CAAAACGATTGGTAAACTGC_004,119
CAAAACGATTGGTAAACTGC_005,10
CAAAACGATTGGTAAACTGC_006,159
CAAAACGATTGGTAAACTGC_007,108
CAAAACGATTGGTAAACTGC_008,160
CAAAACGATTGGTAAACTGC_009,48
CAAAACGATTGGTAAACTGC_010,116
CAAAACGATTGGTAAACTGC_011,89
CAAAACGATTGGTAAACTGC_012,13
CAAAACGATTGGTAAACTGC_013,108
GGAGTCGCCTCATGGGACGA_001,126
GGAGTCGCCTCATGGGACGA_002,104
GGAGTCGCCTCATGGGACGA_003,73
GGAGTCGCCTCATGGGACGA_004,29
GGAGTCGCCTCATGGGACGA_005,34
GGAGTCGCCTCATGGGACGA_006,158
GGAGTCGCCTCATGGGACGA_007,178
GGAGTCGCCTCATGGGACGA_008,111
GGAGTCGCCTCATGGGACGA_009,120
GGAGTCGCCTCATGGGACGA_010,31
GGAGTCGCCTCATGGGACGA_011,51
GGAGTCGCCTCATGGGACGA_012,20
GGAGTCGCCTCATGGGACGA_013,4
GGAGTCGCCTCATGGGACGA_014,98
GGAGTCGCCTCATGGGACGA_015,142
GGAGTCGCCTCATGGGACGA_016,166
GGAGTCGCCTCATGGGACGA_017,2
GGAGTCGCCTCATGGGACGA_018,79
GGAGTCGCCTCATGGGACGA_019,142
GGAGTCGCCTCATGGGACGA_020,108
GTAAATGTGCCCATTCAGGA_001,171
GTAAATGTGCCCATTCAGGA_002,10
GTAAATGTGCCCATTCAGGA_003,62
GTAAATGTGCCCATTCAGGA_004,77
GTAAATGTGCCCATTCAGGA_005,197
GTAAATGTGCCCATTCAGGA_006,138
GTAAATGTGCCCATTCAGGA_007,25
GTAAATGTGCCCATTCAGGA_008,152
GTAAATGTGCCCATTCAGGA_009,138
GTAAATGTGCCCATTCAGGA_010,8
GTAAATGTGCCCATTCAGGA_011,81
TAAAAGTTGCAACTCTCCGG_001,145
TAAAAGTTGCAACTCTCCGG_002,113
TAAAAGTTGCAACTCTCCGG_003,150
TAAAAGTTGCAACTCTCCGG_004,120
TAAAAGTTGCAACTCTCCGG_005,88
TAAAAGTTGCAACTCTCCGG_006,149
TCCTGCAAAGTTACGCAGAG_001,134
TCCTGCAAAGTTACGCAGAG_002,127
TCCTGCAAAGTTACGCAGAG_003,154
TCCTGCAAAGTTACGCAGAG_004,46
TCCTGCAAAGTTACGCAGAG_005,88
TCCTGCAAAGTTACGCAGAG_006,184
TCCTGCAAAGTTACGCAGAG_007,15
TCCTGCAAAGTTACGCAGAG_008,186
TCCTGCAAAGTTACGCAGAG_009,34
TCCTGCAAAGTTACGCAGAG_010,96
TCCTGCAAAGTTACGCAGAG_011,56
TCCTGCAAAGTTACGCAGAG_012,1
TCCTGCAAAGTTACGCAGAG_013,41
TCCTGCAAAGTTACGCAGAG_014,11
TCCTGCAAAGTTACGCAGAG_015,8
TCCTGCAAAGTTACGCAGAG_016,56
TCCTGCAAAGTTACGCAGAG_017,176
TCCTGCAAAGTTACGCAGAG_018,105
TCCTGCAAAGTTACGCAGAG_019,161
TCCTGCAAAGTTACGCAGAG_020,154
TCCTGCAAAGTTACGCAGAG_021,50
TCCTGCAAAGTTACGCAGAG_022,3
TGTTGTAGACACAAGACCAA_001,106
TGTTGTAGACACAAGACCAA_002,106
TGTTGTAGACACAAGACCAA_003,189
TGTTGTAGACACAAGACCAA_004,157
TGTTGTAGACACAAGACCAA_005,23
TGTTGTAGACACAAGACCAA_006,199
TGTTGTAGACACAAGACCAA_007,162
TGTTGTAGACACAAGACCAA_008,155
CTTCATCCTTCAGAAATGCA_001,145
CTTCATCCTTCAGAAATGCA_002,61
CTTCATCCTTCAGAAATGCA_003,158
CTTCATCCTTCAGAAATGCA_004,141
CTTCATCCTTCAGAAATGCA_005,15
CTTCATCCTTCAGAAATGCA_006,121
CTTCATCCTTCAGAAATGCA_007,56
CTTCATCCTTCAGAAATGCA_008,88
CTTCATCCTTCAGAAATGCA_009,46
CTTCATCCTTCAGAAATGCA_010,49
CTTCATCCTTCAGAAATGCA_011,63
CTTCATCCTTCAGAAATGCA_012,198
GATGTTTGGTGGGAAACAAG_001,1
GATGTTTGGTGGGAAACAAG_002,186
GATGTTTGGTGGGAAACAAG_003,155
GATGTTTGGTGGGAAACAAG_004,162
GATGTTTGGTGGGAAACAAG_005,198
GATGTTTGGTGGGAAACAAG_006,92
GATGTTTGGTGGGAAACAAG_007,129
GATGTTTGGTGGGAAACAAG_008,23
GATGTTTGGTGGGAAACAAG_009,23
GATGTTTGGTGGGAAACAAG_010,39
ACAGTGGCACAACAAATCCA_001,7
ACAGTGGCACAACAAATCCA_002,171
ACAGTGGCACAACAAATCCA_003,119
ACAGTGGCACAACAAATCCA_004,163
ACAGTGGCACAACAAATCCA_005,62
ACAGTGGCACAACAAATCCA_006,197
ACAGTGGCACAACAAATCCA_007,169
ACAGTGGCACAACAAATCCA_008,169
ACAGTGGCACAACAAATCCA_009,140
ACAGTGGCACAACAAATCCA_010,50
ACAGTGGCACAACAAATCCA_011,83
ACAGTGGCACAACAAATCCA_012,127
ACAGTGGCACAACAAATCCA_013,28
ACAGTGGCACAACAAATCCA_014,197
ACAGTGGCACAACAAATCCA_015,161
GTGGAAGGCGCTCTTCGGCA_001,176
GTGGAAGGCGCTCTTCGGCA_002,76
GTGGAAGGCGCTCTTCGGCA_003,98
GTGGAAGGCGCTCTTCGGCA_004,148
GTGGAAGGCGCTCTTCGGCA_005,185
ATGCACAGCAGGGTAACGGT_001,94
ATGCACAGCAGGGTAACGGT_002,169
ATGCACAGCAGGGTAACGGT_003,8
ATGCACAGCAGGGTAACGGT_004,29
ATGCACAGCAGGGTAACGGT_005,172
ATGCACAGCAGGGTAACGGT_006,7
ATGCACAGCAGGGTAACGGT_007,101
ATGCACAGCAGGGTAACGGT_008,114
ATGCACAGCAGGGTAACGGT_009,114
ATGCACAGCAGGGTAACGGT_010,85
ATGCACAGCAGGGTAACGGT_011,155
ATGCACAGCAGGGTAACGGT_012,88
ATGCACAGCAGGGTAACGGT_013,1
ATGCACAGCAGGGTAACGGT_014,88
ATGCACAGCAGGGTAACGGT_015,96
ATGCACAGCAGGGTAACGGT_016,105
ATGCACAGCAGGGTAACGGT_017,27
ATGCACAGCAGGGTAACGGT_018,154
ATGCACAGCAGGGTAACGGT_019,41
ATGCACAGCAGGGTAACGGT_020,138
ATGCACAGCAGGGTAACGGT_021,118
ATGCACAGCAGGGTAACGGT_022,180
ATGCACAGCAGGGTAACGGT_023,88
ATGCACAGCAGGGTAACGGT_024,133
ATGCACAGCAGGGTAACGGT_025,89
TCAATGTCGGCTACCACCGT_001,195
TCAATGTCGGCTACCACCGT_002,145
TCAATGTCGGCTACCACCGT_003,46
TCAATGTCGGCTACCACCGT_004,50
TCAATGTCGGCTACCACCGT_005,75
ACAGTTGAAGCAATACACTT_001,1
ACAGTTGAAGCAATACACTT_002,88
ACAGTTGAAGCAATACACTT_003,145
ACAGTTGAAGCAATACACTT_004,25
ACAGTTGAAGCAATACACTT_005,168
CACAGGGCAACGCATCCCTG_001,88
CACAGGGCAACGCATCCCTG_002,194
CACAGGGCAACGCATCCCTG_003,82
CACAGGGCAACGCATCCCTG_004,146
CACAGGGCAACGCATCCCTG_005,121
CACAGGGCAACGCATCCCTG_006,67
CACAGGGCAACGCATCCCTG_007,188
CACAGGGCAACGCATCCCTG_008,188
CACAGGGCAACGCATCCCTG_009,149
CACAGGGCAACGCATCCCTG_010,68
CACAGGGCAACGCATCCCTG_011,9
CACAGGGCAACGCATCCCTG_012,190
CACAGGGCAACGCATCCCTG_013,21
CACAGGGCAACGCATCCCTG_014,118
CACAGGGCAACGCATCCCTG_015,27
CACAGGGCAACGCATCCCTG_016,57
CATTAGAGATCAACTCCCGA_001,150
CATTAGAGATCAACTCCCGA_002,191
CATTAGAGATCAACTCCCGA_003,58
CATTAGAGATCAACTCCCGA_004,184
CATTAGAGATCAACTCCCGA_005,43
CATTAGAGATCAACTCCCGA_006,95
CATTAGAGATCAACTCCCGA_007,53
CATTAGAGATCAACTCCCGA_008,41
CATTAGAGATCAACTCCCGA_009,9
CATTAGAGATCAACTCCCGA_010,177
CATTAGAGATCAACTCCCGA_011,103
CATTAGAGATCAACTCCCGA_012,145
CATTAGAGATCAACTCCCGA_013,26
CATTAGAGATCAACTCCCGA_014,125
CATTAGAGATCAACTCCCGA_015,25
CATTAGAGATCAACTCCCGA_016,108
CATTAGAGATCAACTCCCGA_017,188
TTGAAAAAAGGATCTAAGCG_001,199
TTGAAAAAAGGATCTAAGCG_002,49
AGAAGATGTGAGAAATCACG_001,160
AGAAGATGTGAGAAATCACG_002,141
TCACGCACAAGAAACGTCCA_001,4
TCACGCACAAGAAACGTCCA_002,60
TCACGCACAAGAAACGTCCA_003,50
TCACGCACAAGAAACGTCCA_004,98
TGAGTCTTACTAGGTCCTGT_001,129
TGAGTCTTACTAGGTCCTGT_002,163
TGAGTCTTACTAGGTCCTGT_003,49
TGAGTCTTACTAGGTCCTGT_004,172
TGAGTCTTACTAGGTCCTGT_005,94
TGAGTCTTACTAGGTCCTGT_006,192
TGAGTCTTACTAGGTCCTGT_007,30
TGAGTCTTACTAGGTCCTGT_008,104
TGAGTCTTACTAGGTCCTGT_009,184
TGAGTCTTACTAGGTCCTGT_010,149
TGAGTCTTACTAGGTCCTGT_011,177
TGAGTCTTACTAGGTCCTGT_012,58
TGAGTCTTACTAGGTCCTGT_013,134
TGAGTCTTACTAGGTCCTGT_014,4
TGAGTCTTACTAGGTCCTGT_015,65
TGAGTCTTACTAGGTCCTGT_016,129
TGAGTCTTACTAGGTCCTGT_017,14
TGAGTCTTACTAGGTCCTGT_018,177
AAGATGTTACTCATGATACG_001,82
AAGATGTTACTCATGATACG_002,7
AAGATGTTACTCATGATACG_003,128
AAGATGTTACTCATGATACG_004,2
AAGATGTTACTCATGATACG_005,57
AAGATGTTACTCATGATACG_006,72
AAGATGTTACTCATGATACG_007,185
AAGATGTTACTCATGATACG_008,55
AAGATGTTACTCATGATACG_009,59
AAGATGTTACTCATGATACG_010,4
AAGATGTTACTCATGATACG_011,136
AAGATGTTACTCATGATACG_012,63
AATAGAGGAGATGTGTCACG_001,41
AATAGAGGAGATGTGTCACG_002,70
AATAGAGGAGATGTGTCACG_003,69
AATAGAGGAGATGTGTCACG_004,117
AGCATTTGAAAAGCCATGAA_001,100
AGCATTTGAAAAGCCATGAA_002,83
AGCATTTGAAAAGCCATGAA_003,96
AGCATTTGAAAAGCCATGAA_004,10
AGCATTTGAAAAGCCATGAA_005,31
AGCATTTGAAAAGCCATGAA_006,180
AGCATTTGAAAAGCCATGAA_007,39
GCCTCGCTTCGACTTACTGG_001,18
GCCTCGCTTCGACTTACTGG_002,35
GCCTCGCTTCGACTTACTGG_003,88
GCCTCGCTTCGACTTACTGG_004,137
GCCTCGCTTCGACTTACTGG_005,76
GCCTCGCTTCGACTTACTGG_006,172
GCCTCGCTTCGACTTACTGG_007,106
GCCTCGCTTCGACTTACTGG_008,48
GCCTCGCTTCGACTTACTGG_009,63
GCCTCGCTTCGACTTACTGG_010,130
GCCTCGCTTCGACTTACTGG_011,17
GCCTCGCTTCGACTTACTGG_012,107
GCCTCGCTTCGACTTACTGG_013,183
GCCTCGCTTCGACTTACTGG_014,49
GCCTCGCTTCGACTTACTGG_015,169
GCCTCGCTTCGACTTACTGG_016,160
GCCTCGCTTCGACTTACTGG_017,44
GCCTCGCTTCGACTTACTGG_018,154
GCCTCGCTTCGACTTACTGG_019,103
GCCTCGCTTCGACTTACTGG_020,48
GCCTCGCTTCGACTTACTGG_021,90
GCCTCGCTTCGACTTACTGG_022,60
GCCTCGCTTCGACTTACTGG_023,60
GCCTCGCTTCGACTTACTGG_024,133
ACAGCTACAGTTGTGGAATG_001,52
ACAGCTACAGTTGTGGAATG_002,121
ACAGCTACAGTTGTGGAATG_003,142
ACAGCTACAGTTGTGGAATG_004,50
ACAGCTACAGTTGTGGAATG_005,94
ACAGCTACAGTTGTGGAATG_006,115
ACAGCTACAGTTGTGGAATG_007,103
ACAGCTACAGTTGTGGAATG_008,82
ACAGCTACAGTTGTGGAATG_009,62
ACAGCTACAGTTGTGGAATG_010,86
ACAGCTACAGTTGTGGAATG_011,149
ACAGCTACAGTTGTGGAATG_012,139
ACAGCTACAGTTGTGGAATG_013,137
GGTAGAGATTCTAAAACACA_001,70
CCATACTGTGACCCGCAACA_001,150
CCATACTGTGACCCGCAACA_002,88
CCATACTGTGACCCGCAACA_003,134
CCATACTGTGACCCGCAACA_004,43
CCATACTGTGACCCGCAACA_005,172
CCATACTGTGACCCGCAACA_006,96
CCATACTGTGACCCGCAACA_007,78
CCATACTGTGACCCGCAACA_008,153
CCATACTGTGACCCGCAACA_009,91
GCAGCGACCGTACCTCCTCG_001,62
GCAGCGACCGTACCTCCTCG_002,50
GCAGCGACCGTACCTCCTCG_003,169
GCAGCGACCGTACCTCCTCG_004,121
GCAGCGACCGTACCTCCTCG_005,61
GCAGCGACCGTACCTCCTCG_006,109
GCAGCGACCGTACCTCCTCG_007,122
GCAGCGACCGTACCTCCTCG_008,82
GCAGCGACCGTACCTCCTCG_009,19
GCAGCGACCGTACCTCCTCG_010,1
GCAGCGACCGTACCTCCTCG_011,148
GCAGCGACCGTACCTCCTCG_012,155
GCAGCGACCGTACCTCCTCG_013,82
GCAGCGACCGTACCTCCTCG_014,171
GTTCGAGCCAACGTTTACGG_001,137
GTTCGAGCCAACGTTTACGG_002,147
GTTCGAGCCAACGTTTACGG_003,199
GTTCGAGCCAACGTTTACGG_004,105
GTTCGAGCCAACGTTTACGG_005,56
GTTCGAGCCAACGTTTACGG_006,82
GTTCGAGCCAACGTTTACGG_007,188
GTTCGAGCCAACGTTTACGG_008,184
GTTCGAGCCAACGTTTACGG_009,20
GTTCGAGCCAACGTTTACGG_010,98
GTTCGAGCCAACGTTTACGG_011,73
GTTCGAGCCAACGTTTACGG_012,186
GTTCGAGCCAACGTTTACGG_013,76
GTTCGAGCCAACGTTTACGG_014,88
GTTCGAGCCAACGTTTACGG_015,42
GTTCGAGCCAACGTTTACGG_016,63
ACCCGATAATAGCTACTGGT_001,115
ACCCGATAATAGCTACTGGT_002,17
ACCCGATAATAGCTACTGGT_003,29
ACCCGATAATAGCTACTGGT_004,88
AGTCCTCATAGTGGTAGCAT_001,197
AGTCCTCATAGTGGTAGCAT_002,141
AGTCCTCATAGTGGTAGCAT_003,107
AGTCCTCATAGTGGTAGCAT_004,61
AGTCCTCATAGTGGTAGCAT_005,12
CATCCAGTCCTGCTATCGTG_001,182
CATCCAGTCCTGCTATCGTG_002,81
CATCCAGTCCTGCTATCGTG_003,70
CATCCAGTCCTGCTATCGTG_004,70
CATCCAGTCCTGCTATCGTG_005,74
CATCCAGTCCTGCTATCGTG_006,3
CATCCAGTCCTGCTATCGTG_007,94
CATCCAGTCCTGCTATCGTG_008,61
ACAGCTCATCCTATTCAAGG_001,32
ACAGCCCAAAGCGTTCGGAC_001,60
ACAGCCCAAAGCGTTCGGAC_002,58
ACAGCCCAAAGCGTTCGGAC_003,198
ACAGCCCAAAGCGTTCGGAC_004,82
ACAGCCCAAAGCGTTCGGAC_005,93
ACAGCCCAAAGCGTTCGGAC_006,73
ACAGCCCAAAGCGTTCGGAC_007,191
ACAGCCCAAAGCGTTCGGAC_008,17
ACAGCCCAAAGCGTTCGGAC_009,154
ACAGCCCAAAGCGTTCGGAC_010,192
ACAGCCCAAAGCGTTCGGAC_011,151
ACAGCCCAAAGCGTTCGGAC_012,69
ACAGCCCAAAGCGTTCGGAC_013,85
ACAGCCCAAAGCGTTCGGAC_014,194
ACAGCCCAAAGCGTTCGGAC_015,8
ACAGCCCAAAGCGTTCGGAC_016,94
ACAGCCCAAAGCGTTCGGAC_017,53
ACAGCCCAAAGCGTTCGGAC_018,148
ACAGCCCAAAGCGTTCGGAC_019,104
ACAGCCCAAAGCGTTCGGAC_020,33
ACAGCCCAAAGCGTTCGGAC_021,127
ACAGCCCAAAGCGTTCGGAC_022,139
ACAGCCCAAAGCGTTCGGAC_023,160
ACAGCCCAAAGCGTTCGGAC_024,26
ACAGCCCAAAGCGTTCGGAC_025,104
ACAGCCCAAAGCGTTCGGAC_026,168
ACAGCCCAAAGCGTTCGGAC_027,36
ACAGCCCAAAGCGTTCGGAC_028,113
ACAGCCCAAAGCGTTCGGAC_029,39
CAGCAGCTACTTCTCAACAA_001,70
CAGCAGCTACTTCTCAACAA_002,175
CCTGAACTACTCCCACACCA_001,191
CCTGAACTACTCCCACACCA_002,147
CCTGAACTACTCCCACACCA_003,101
CCTGAACTACTCCCACACCA_004,1
GGTATAAAAGTTTGGTCACG_001,59
GGTATAAAAGTTTGGTCACG_002,162
GGTATAAAAGTTTGGTCACG_003,183
GGTATAAAAGTTTGGTCACG_004,70
CTTCACTAGCAGATGCTGCG_001,178
CTTCACTAGCAGATGCTGCG_002,97
CTTCACTAGCAGATGCTGCG_003,153
CTTCACTAGCAGATGCTGCG_004,171
CTTCACTAGCAGATGCTGCG_005,56
CTTCACTAGCAGATGCTGCG_006,148
CTTCACTAGCAGATGCTGCG_007,1
CTTCACTAGCAGATGCTGCG_008,186
CTTCACTAGCAGATGCTGCG_009,178
CTTCACTAGCAGATGCTGCG_010,154
CTTCACTAGCAGATGCTGCG_011,18
GTGGTGAGAAAGAACATGGT_001,69
GTGGTGAGAAAGAACATGGT_002,73
GTGGTGAGAAAGAACATGGT_003,120
GTGGTGAGAAAGAACATGGT_004,137
GTGGTGAGAAAGAACATGGT_005,97
GTGGTGAGAAAGAACATGGT_006,117
GTGGTGAGAAAGAACATGGT_007,117
GTGGTGAGAAAGAACATGGT_008,116
GTGGTGAGAAAGAACATGGT_009,12
GTGGTGAGAAAGAACATGGT_010,182
GTGGTGAGAAAGAACATGGT_011,76
GTGGTGAGAAAGAACATGGT_012,60
CAGCAGCCCCTTCCCAACCG_001,78
CAGCAGCCCCTTCCCAACCG_002,21
CAGCAGCCCCTTCCCAACCG_003,183
CAGCAGCCCCTTCCCAACCG_004,24
CAGCAGCCCCTTCCCAACCG_005,49
CAGCAGCCCCTTCCCAACCG_006,171
CAGCAGCCCCTTCCCAACCG_007,116
CAGCAGCCCCTTCCCAACCG_008,140
CAGCAGCCCCTTCCCAACCG_009,188
CAGCAGCCCCTTCCCAACCG_010,50
CAGCAGCCCCTTCCCAACCG_011,41
CAGCAGCCCCTTCCCAACCG_012,125
CAGCAGCCCCTTCCCAACCG_013,164
CAGCAGCCCCTTCCCAACCG_014,12
CAGCAGCCCCTTCCCAACCG_015,135
CAGCAGCCCCTTCCCAACCG_016,197
CAGCAGCCCCTTCCCAACCG_017,102
CAGCAGCCCCTTCCCAACCG_018,166
CAGCAGCCCCTTCCCAACCG_019,93
CAGCAGCCCCTTCCCAACCG_020,7
CAGCAGCCCCTTCCCAACCG_021,107
CAGCAGCCCCTTCCCAACCG_022,83
CAGCAGCCCCTTCCCAACCG_023,83
CAGCAGCCCCTTCCCAACCG_024,99
CAGCAGCCCCTTCCCAACCG_025,14
CAGCAGCCCCTTCCCAACCG_026,6
CAGCAGCCCCTTCCCAACCG_027,98
CAGCAGCCCCTTCCCAACCG_028,179
CAGCAGCCCCTTCCCAACCG_029,58
CAGCAGCCCCTTCCCAACCG_030,99
AAGCCGAATTAGCCAGTCCA_001,166
AAGCCGAATTAGCCAGTCCA_002,15
AAGCCGAATTAGCCAGTCCA_003,118
AAGCCGAATTAGCCAGTCCA_004,177
AAGCCGAATTAGCCAGTCCA_005,181
AAGCCGAATTAGCCAGTCCA_006,36
AAGCCGAATTAGCCAGTCCA_007,196
AAGCCGAATTAGCCAGTCCA_008,193
AAGCCGAATTAGCCAGTCCA_009,95
AAGCCGAATTAGCCAGTCCA_010,5
AAGCCGAATTAGCCAGTCCA_011,58
AAGCCGAATTAGCCAGTCCA_012,120
AAGCCGAATTAGCCAGTCCA_013,83
AAGCCGAATTAGCCAGTCCA_014,9
AAGCCGAATTAGCCAGTCCA_015,187
AAGCCGAATTAGCCAGTCCA_016,148
AAGCCGAATTAGCCAGTCCA_017,150
AAGCCGAATTAGCCAGTCCA_018,76
AAGCCGAATTAGCCAGTCCA_019,146
AAGCCGAATTAGCCAGTCCA_020,163
AAGCCGAATTAGCCAGTCCA_021,159
AAGCCGAATTAGCCAGTCCA_022,124
AAGCCGAATTAGCCAGTCCA_023,176
AAGCCGAATTAGCCAGTCCA_024,168
AAGCCGAATTAGCCAGTCCA_025,48
AAGCCGAATTAGCCAGTCCA_026,160
AAGCCGAATTAGCCAGTCCA_027,126
AAGCCGAATTAGCCAGTCCA_028,148
AAGCCGAATTAGCCAGTCCA_029,149
ACCTGCTCCCCTAAACACGA_001,34
ACCTGCTCCCCTAAACACGA_002,169
ACCTGCTCCCCTAAACACGA_003,172
ACCTGCTCCCCTAAACACGA_004,150
ACCTGCTCCCCTAAACACGA_005,105
ACCTGCTCCCCTAAACACGA_006,49
ACCTGCTCCCCTAAACACGA_007,40
ACCTGCTCCCCTAAACACGA_008,194
ACCTGCTCCCCTAAACACGA_009,117
ACCTGCTCCCCTAAACACGA_010,17
ACCTGCTCCCCTAAACACGA_011,1
ACCTGCTCCCCTAAACACGA_012,191
ACCTGCTCCCCTAAACACGA_013,68
ACCTGCTCCCCTAAACACGA_014,95
ACCTGCTCCCCTAAACACGA_015,177
ACCTGCTCCCCTAAACACGA_016,70
ACCTGCTCCCCTAAACACGA_017,119
ACCTGCTCCCCTAAACACGA_018,133
AGACCTTGCTGCTCAAGGAA_001,193
AGACCTTGCTGCTCAAGGAA_002,169
AGACCTTGCTGCTCAAGGAA_003,170
AGACCTTGCTGCTCAAGGAA_004,70
AGACCTTGCTGCTCAAGGAA_005,27
AGACCTTGCTGCTCAAGGAA_006,10
AGACCTTGCTGCTCAAGGAA_007,63
AGACCTTGCTGCTCAAGGAA_008,131
AGACCTTGCTGCTCAAGGAA_009,66
AGACCTTGCTGCTCAAGGAA_010,187
AGACCTTGCTGCTCAAGGAA_011,65
AGACCTTGCTGCTCAAGGAA_012,16
AGACCTTGCTGCTCAAGGAA_013,98
AGACCTTGCTGCTCAAGGAA_014,90
CCACGGAAAGATGATCTCCG_001,14
CCACGGAAAGATGATCTCCG_002,144
CCACGGAAAGATGATCTCCG_003,125
CCACGGAAAGATGATCTCCG_004,170
AGCAATGCCAACAGCGTCTA_001,69
AGCAATGCCAACAGCGTCTA_002,137
AGCAATGCCAACAGCGTCTA_003,73
AGCAATGCCAACAGCGTCTA_004,53
AGCAATGCCAACAGCGTCTA_005,20
AGCAATGCCAACAGCGTCTA_006,169
AGCAATGCCAACAGCGTCTA_007,94
AGCAATGCCAACAGCGTCTA_008,27
AGCAATGCCAACAGCGTCTA_009,168
GCGCAGCGCTACGGTGCCCC_001,31
GAATGGCATGCTCCAATGTG_001,139
GAATGGCATGCTCCAATGTG_002,138
GAATGGCATGCTCCAATGTG_003,199
GAATGGCATGCTCCAATGTG_004,6
GAATGGCATGCTCCAATGTG_005,198
GAATGGCATGCTCCAATGTG_006,80
GAATGGCATGCTCCAATGTG_007,118
GAATGGCATGCTCCAATGTG_008,192
GAATGGCATGCTCCAATGTG_009,149
GAATGGCATGCTCCAATGTG_010,107
GAATGGCATGCTCCAATGTG_011,117
GAATGGCATGCTCCAATGTG_012,145
GCTGTGGACACTTTGGTGAT_001,41
GCTGTGGACACTTTGGTGAT_002,85
GCTGTGGACACTTTGGTGAT_003,124
GCTGTGGACACTTTGGTGAT_004,146
GCTGTGGACACTTTGGTGAT_005,188
GCTGTGGACACTTTGGTGAT_006,171
GCTGTGGACACTTTGGTGAT_007,174
TGAGCATCAGGACCTGAACG_001,130
TGAGCATCAGGACCTGAACG_002,31
TGAGCATCAGGACCTGAACG_003,47
TGAGCATCAGGACCTGAACG_004,63
TGAGCATCAGGACCTGAACG_005,8
AAGAAGCCAACTCCAACAGG_001,29
AAGAAGCCAACTCCAACAGG_002,141
AAGAAGCCAACTCCAACAGG_003,159
AAGAAGCCAACTCCAACAGG_004,42
AAGAAGCCAACTCCAACAGG_005,147
AAGAAGCCAACTCCAACAGG_006,130
AAGAAGCCAACTCCAACAGG_007,147
AAGAAGCCAACTCCAACAGG_008,86
AAGAAGCCAACTCCAACAGG_009,177
AAGAAGCCAACTCCAACAGG_010,145
AAGAAGCCAACTCCAACAGG_011,40
AAGAAGCCAACTCCAACAGG_012,124
AAGAAGCCAACTCCAACAGG_013,184
AAGAAGCCAACTCCAACAGG_014,84
AAGAAGCCAACTCCAACAGG_015,196
AAGAAGCCAACTCCAACAGG_016,2
AAGAAGCCAACTCCAACAGG_017,138
AAGAAGCCAACTCCAACAGG_018,100
AAGAAGCCAACTCCAACAGG_019,101
AAGAAGCCAACTCCAACAGG_020,152
AAGAAGCCAACTCCAACAGG_021,137
AAGAAGCCAACTCCAACAGG_022,88
AAGAAGCCAACTCCAACAGG_023,138
TGGATAAACCACGCCACATG_001,103
TGGATAAACCACGCCACATG_002,42
TGGATAAACCACGCCACATG_003,1
TGGATAAACCACGCCACATG_004,63
TGGATAAACCACGCCACATG_005,93
TGGATAAACCACGCCACATG_006,94
TGGATAAACCACGCCACATG_007,183
TGGATAAACCACGCCACATG_008,26
TGGATAAACCACGCCACATG_009,38
TGGATAAACCACGCCACATG_010,73
TGGATAAACCACGCCACATG_011,133
TGGATAAACCACGCCACATG_012,15
TGGATAAACCACGCCACATG_013,25
GCCTGCGGATCTCCACTCGG_001,131
GCCTGCGGATCTCCACTCGG_002,127
GCCTGCGGATCTCCACTCGG_003,172
GCCTGCGGATCTCCACTCGG_004,24
GCCTGCGGATCTCCACTCGG_005,24
GCCTGCGGATCTCCACTCGG_006,92
GCCTGCGGATCTCCACTCGG_007,147
GCCTGCGGATCTCCACTCGG_008,117
GCCTGCGGATCTCCACTCGG_009,150
GCCTGCGGATCTCCACTCGG_010,77
GCCTGCGGATCTCCACTCGG_011,165
GCCTGCGGATCTCCACTCGG_012,134
GCCTGCGGATCTCCACTCGG_013,35
GCCTGCGGATCTCCACTCGG_014,114
GCCTGCGGATCTCCACTCGG_015,43
GCCTGCGGATCTCCACTCGG_016,2
GCCTGCGGATCTCCACTCGG_017,199
GCCTGCGGATCTCCACTCGG_018,159
GCCTGCGGATCTCCACTCGG_019,14
GCCTGCGGATCTCCACTCGG_020,106
GCCTGCGGATCTCCACTCGG_021,0
GCCTGCGGATCTCCACTCGG_022,81
GCCTGCGGATCTCCACTCGG_023,70
GCCTGCGGATCTCCACTCGG_024,157
GCCTGCGGATCTCCACTCGG_025,52
TTACGTGAGAGGCATAGTAC_001,16
TTACGTGAGAGGCATAGTAC_002,177
TTACGTGAGAGGCATAGTAC_003,185
TTACGTGAGAGGCATAGTAC_004,118
CTGGTTTGAAGACCATCTGA_001,146
CTGGTTTGAAGACCATCTGA_002,7
CTGGTTTGAAGACCATCTGA_003,49
AAAAAATATGTGCTATGGAG_001,18
AAAAAATATGTGCTATGGAG_002,105
AAAAAATATGTGCTATGGAG_003,105
AAAAAATATGTGCTATGGAG_004,38
AAAAAATATGTGCTATGGAG_005,129
AAAAAATATGTGCTATGGAG_006,194
AAAAAATATGTGCTATGGAG_007,24
CAAGCGCGTCCTCAATGATG_001,65
CAAGCGCGTCCTCAATGATG_002,176
CAAGCGCGTCCTCAATGATG_003,142
CAAGCGCGTCCTCAATGATG_004,118
CAAGCGCGTCCTCAATGATG_005,154
CAAGCGCGTCCTCAATGATG_006,139
CAAGCGCGTCCTCAATGATG_007,76
CAAGCGCGTCCTCAATGATG_008,17
CAAGCGCGTCCTCAATGATG_009,170
CAAGCGCGTCCTCAATGATG_010,100
CAAGCGCGTCCTCAATGATG_011,2
CAAGCGCGTCCTCAATGATG_012,130
CAAGCGCGTCCTCAATGATG_013,123
CAAGCGCGTCCTCAATGATG_014,141
CCGGCTGAAAGCAGAACAGG_001,121
CCGGCTGAAAGCAGAACAGG_002,29
CCGGCTGAAAGCAGAACAGG_003,183
CCGGCTGAAAGCAGAACAGG_004,58
CCGGCTGAAAGCAGAACAGG_005,133
CCGGCTGAAAGCAGAACAGG_006,61
CCGGCTGAAAGCAGAACAGG_007,65
CCGGCTGAAAGCAGAACAGG_008,78
CCGGCTGAAAGCAGAACAGG_009,66
CCGGCTGAAAGCAGAACAGG_010,17
CCGGCTGAAAGCAGAACAGG_011,130
CCGGCTGAAAGCAGAACAGG_012,70
CCGGCTGAAAGCAGAACAGG_013,125
GCAGCATGTCACTTGAAGGA_001,106
GCAGCATGTCACTTGAAGGA_002,166
GCAGCATGTCACTTGAAGGA_003,191
ATAGTTTCTTTGGATCGGAG_001,174
ATAGTTTCTTTGGATCGGAG_002,56
ATAGTTTCTTTGGATCGGAG_003,82
ATAGTTTCTTTGGATCGGAG_004,95
ATAGTTTCTTTGGATCGGAG_005,144
ATAGTTTCTTTGGATCGGAG_006,47
GACCGTCGACAAGATCCCGG_001,94
GACCGTCGACAAGATCCCGG_002,162
GACCGTCGACAAGATCCCGG_003,139
GACCGTCGACAAGATCCCGG_004,170
GACCGTCGACAAGATCCCGG_005,175
GACCGTCGACAAGATCCCGG_006,2
GACCGTCGACAAGATCCCGG_007,102
GACCGTCGACAAGATCCCGG_008,183
GACCGTCGACAAGATCCCGG_009,134
GACCGTCGACAAGATCCCGG_010,162
GACCGTCGACAAGATCCCGG_011,162
GACCGTCGACAAGATCCCGG_012,61
GACCGTCGACAAGATCCCGG_013,144
GACCGTCGACAAGATCCCGG_014,28
GACCGTCGACAAGATCCCGG_015,124
GACCGTCGACAAGATCCCGG_016,138
GACCGTCGACAAGATCCCGG_017,114
CACTCCAGAATCCAAGACAG_001,29
CACTCCAGAATCCAAGACAG_002,110
CACTCCAGAATCCAAGACAG_003,170
CACTCCAGAATCCAAGACAG_004,157
CACTCCAGAATCCAAGACAG_005,52
CACTCCAGAATCCAAGACAG_006,171
CACTCCAGAATCCAAGACAG_007,152
CACTCCAGAATCCAAGACAG_008,29
CACTCCAGAATCCAAGACAG_009,40
CACTCCAGAATCCAAGACAG_010,48
CACTCCAGAATCCAAGACAG_011,59
ACAGCAGCAGTGGACAGCAT_001,160
ACAGCAGCAGTGGACAGCAT_002,36
ACAGCAGCAGTGGACAGCAT_003,183
ACAGCAGCAGTGGACAGCAT_004,97
ACAGCAGCAGTGGACAGCAT_005,26
ACAGCAGCAGTGGACAGCAT_006,178
ACAGCAGCAGTGGACAGCAT_007,40
ACAGCAGCAGTGGACAGCAT_008,158
ACAGCAGCAGTGGACAGCAT_009,182
ACAGCAGCAGTGGACAGCAT_010,130
ACAGCAGCAGTGGACAGCAT_011,50
ACAGCAGCAGTGGACAGCAT_012,78
ACAGCAGCAGTGGACAGCAT_013,88
ACAGCAGCAGTGGACAGCAT_014,175
ACAGCAGCAGTGGACAGCAT_015,78
ACAGCAGCAGTGGACAGCAT_016,115
ACAGCAGCAGTGGACAGCAT_017,63
ACAGCAGCAGTGGACAGCAT_018,144
ACAGCAGCAGTGGACAGCAT_019,181
ACAGCAGCAGTGGACAGCAT_020,146
ACAGCAGCAGTGGACAGCAT_021,33
ACAGCAGCAGTGGACAGCAT_022,130
ACAGCAGCAGTGGACAGCAT_023,6
ACAGCAGCAGTGGACAGCAT_024,1
ACAGCAGCAGTGGACAGCAT_025,61
ACAGCAGCAGTGGACAGCAT_026,179
CTGGGGACACACATCGACGA_001,7
CTGGGGACACACATCGACGA_002,15
CTGGGGACACACATCGACGA_003,16
CTGGGGACACACATCGACGA_004,119
CTGGGGACACACATCGACGA_005,91
ACCAGCACAGAGTACCGAGA_001,105
ACCAGCACAGAGTACCGAGA_002,70
ACCAGCACAGAGTACCGAGA_003,162
ACCAGCACAGAGTACCGAGA_004,62
ACCAGCACAGAGTACCGAGA_005,134
ACCAGCACAGAGTACCGAGA_006,170
ACAATAACATCTAAACACGT_001,43
AGCATAGCCCCAATCAGCTC_001,1
AGCATAGCCCCAATCAGCTC_002,38
AGCATAGCCCCAATCAGCTC_003,161
AGCATAGCCCCAATCAGCTC_004,107
AGCATAGCCCCAATCAGCTC_005,188
AGCATAGCCCCAATCAGCTC_006,15
AGCATAGCCCCAATCAGCTC_007,138
AGCATAGCCCCAATCAGCTC_008,138
AGCATAGCCCCAATCAGCTC_009,77
AGCATAGCCCCAATCAGCTC_010,50
AGCATAGCCCCAATCAGCTC_011,98
AGCATAGCCCCAATCAGCTC_012,50
AGCATAGCCCCAATCAGCTC_013,124
TCCAAGTGAAGTTCGAGTGG_001,179
TCCAAGTGAAGTTCGAGTGG_002,78
TCCAAGTGAAGTTCGAGTGG_003,163
TCCAAGTGAAGTTCGAGTGG_004,17
TCCAAGTGAAGTTCGAGTGG_005,119
TCCAAGTGAAGTTCGAGTGG_006,56
ATTGTGGATAGAGCACCAAA_001,150
ATTGTGGATAGAGCACCAAA_002,1
ATTGTGGATAGAGCACCAAA_003,63
ATTGTGGATAGAGCACCAAA_004,148
CGCGTCGCTGGTGTACGACG_001,156
CGCGTCGCTGGTGTACGACG_002,60
CGCGTCGCTGGTGTACGACG_003,131
CGCGTCGCTGGTGTACGACG_004,158
CGCGTCGCTGGTGTACGACG_005,148
CGCGTCGCTGGTGTACGACG_006,124
TATTAAGTGCTGATCTACGA_001,162
TATTAAGTGCTGATCTACGA_002,47
TATTAAGTGCTGATCTACGA_003,116
TATTAAGTGCTGATCTACGA_004,17
TATTAAGTGCTGATCTACGA_005,127
GTAAAGCATGGAGAGCGTTG_001,148
GTAAAGCATGGAGAGCGTTG_002,29
GTAAAGCATGGAGAGCGTTG_003,41
GTAAAGCATGGAGAGCGTTG_004,153
GGTTGTTCGCAATCAAGAAG_001,45
GGTTGTTCGCAATCAAGAAG_002,8
GGTTGTTCGCAATCAAGAAG_003,110
GGTTGTTCGCAATCAAGAAG_004,134
GGTTGTTCGCAATCAAGAAG_005,30
GGTTGTTCGCAATCAAGAAG_006,117
AGAGAAAGAGCACAGACAGG_001,94
AGAGAAAGAGCACAGACAGG_002,29
TCCTTGTCTAGGAAACACGC_001,100
TCCTTGTCTAGGAAACACGC_002,176
TCCTTGTCTAGGAAACACGC_003,85
CCATGGTCAAGCCCCCACTC_001,48
CCATGGTCAAGCCCCCACTC_002,127
CCATGGTCAAGCCCCCACTC_003,38
CCATGGTCAAGCCCCCACTC_004,28
GCTCTGACCATCAGAAAGGG_001,185
GCTCTGACCATCAGAAAGGG_002,2
GCTCTGACCATCAGAAAGGG_003,179
GCTCTGACCATCAGAAAGGG_004,142
GCTCTGACCATCAGAAAGGG_005,127
GCTCTGACCATCAGAAAGGG_006,60
GCTCTGACCATCAGAAAGGG_007,14
GCTCTGACCATCAGAAAGGG_008,28
GCTCTGACCATCAGAAAGGG_009,171
GCTCTGACCATCAGAAAGGG_010,110
CATTAAGCACCTGCGCTCAG_001,9
CATTAAGCACCTGCGCTCAG_002,130
CATTAAGCACCTGCGCTCAG_003,82
CATTAAGCACCTGCGCTCAG_004,137
CATTAAGCACCTGCGCTCAG_005,25
ATTTAGGAATCGACGCTCTC_001,50
ATTTAGGAATCGACGCTCTC_002,155
ATTTAGGAATCGACGCTCTC_003,182
ATTTAGGAATCGACGCTCTC_004,105
ATTTAGGAATCGACGCTCTC_005,168
ATTTAGGAATCGACGCTCTC_006,144
ATTTAGGAATCGACGCTCTC_007,108
ATTTAGGAATCGACGCTCTC_008,125
ATTTAGGAATCGACGCTCTC_009,47
ATTTAGGAATCGACGCTCTC_010,6
ATTTAGGAATCGACGCTCTC_011,120
ATTTAGGAATCGACGCTCTC_012,57
ATTTAGGAATCGACGCTCTC_013,170
ATTTAGGAATCGACGCTCTC_014,17
ATTTAGGAATCGACGCTCTC_015,17
CAGTTGTAGAATCTCAAGAG_001,108
CAGTTGTAGAATCTCAAGAG_002,16
CAGTTGTAGAATCTCAAGAG_003,141
CAGTTGTAGAATCTCAAGAG_004,39
AGGTGGACATCCCTGCCACG_001,170
AGGTGGACATCCCTGCCACG_002,48
AGGTGGACATCCCTGCCACG_003,145
AGGTGGACATCCCTGCCACG_004,152
AGGTGGACATCCCTGCCACG_005,137
CCAATCGGACACCTACCAGG_001,110
CCAATCGGACACCTACCAGG_002,198
CCAATCGGACACCTACCAGG_003,150
CCAATCGGACACCTACCAGG_004,92
CCAATCGGACACCTACCAGG_005,8
CCAATCGGACACCTACCAGG_006,41
CCAATCGGACACCTACCAGG_007,170
CCAATCGGACACCTACCAGG_008,89
CCAATCGGACACCTACCAGG_009,34
CCAATCGGACACCTACCAGG_010,118
CCAATCGGACACCTACCAGG_011,141
CACCATCACTGTCTAGAGCA_001,107
CACCATCACTGTCTAGAGCA_002,149
CACCATCACTGTCTAGAGCA_003,54
CTTGGGATCATTAGGACGAA_001,149
CTTGGGATCATTAGGACGAA_002,48
CTTGGGATCATTAGGACGAA_003,90
CTTGGGATCATTAGGACGAA_004,170
CTTGGGATCATTAGGACGAA_005,11
CTTGGGATCATTAGGACGAA_006,94
CTTGGGATCATTAGGACGAA_007,105
CTTGGGATCATTAGGACGAA_008,160
CTTGGGATCATTAGGACGAA_009,182
GGAACCCTCCAAGTACGGTG_001,51
GGAACCCTCCAAGTACGGTG_002,41
GGAACCCTCCAAGTACGGTG_003,141
GGAACCCTCCAAGTACGGTG_004,111
GGAACCCTCCAAGTACGGTG_005,137
GGAACCCTCCAAGTACGGTG_006,68
CTTACCTGTCCATCAAAACG_001,188
CTTACCTGTCCATCAAAACG_002,105
CTTACCTGTCCATCAAAACG_003,5
CTTACCTGTCCATCAAAACG_004,26
CTTACCTGTCCATCAAAACG_005,146
CTTACCTGTCCATCAAAACG_006,127
CTTACCTGTCCATCAAAACG_007,52
CTTACCTGTCCATCAAAACG_008,103
CTTACCTGTCCATCAAAACG_009,38
CTTACCTGTCCATCAAAACG_010,165
CTTACCTGTCCATCAAAACG_011,108
GCCAACAAGACCACCCACTG_001,125
GCCAACAAGACCACCCACTG_002,194
GCCAACAAGACCACCCACTG_003,48
GCCAACAAGACCACCCACTG_004,146
GCCAACAAGACCACCCACTG_005,158
GCCAACAAGACCACCCACTG_006,127
GCCAACAAGACCACCCACTG_007,82
GCCAACAAGACCACCCACTG_008,115
GCCAACAAGACCACCCACTG_009,170
GCCAACAAGACCACCCACTG_010,2
GCCAACAAGACCACCCACTG_011,81
GCCAACAAGACCACCCACTG_012,140
GCCAACAAGACCACCCACTG_013,53
GCCAACAAGACCACCCACTG_014,100
GCCAACAAGACCACCCACTG_015,3
GCCAACAAGACCACCCACTG_016,86
GCCAACAAGACCACCCACTG_017,160
GCCAACAAGACCACCCACTG_018,11
GCCAACAAGACCACCCACTG_019,53
GCCAACAAGACCACCCACTG_020,158
GCCAACAAGACCACCCACTG_021,117
GCCAACAAGACCACCCACTG_022,80
GCCAACAAGACCACCCACTG_023,80
GCCAACAAGACCACCCACTG_024,158
GCCAACAAGACCACCCACTG_025,25
GCCAACAAGACCACCCACTG_026,134
GCCAACAAGACCACCCACTG_027,184
GCCAACAAGACCACCCACTG_028,83
GCCAACAAGACCACCCACTG_029,176
GCCAACAAGACCACCCACTG_030,1
GCCAACAAGACCACCCACTG_031,16
GCCAACAAGACCACCCACTG_032,83
GCCAACAAGACCACCCACTG_033,71
GCCAACAAGACCACCCACTG_034,152
GCCAACAAGACCACCCACTG_035,172
GCCAACAAGACCACCCACTG_036,173
GCCAACAAGACCACCCACTG_037,142
GCCAACAAGACCACCCACTG_038,63
GTTGGCACTGCTATCCACTG_001,161
GTTGGCACTGCTATCCACTG_002,104
GTTGGCACTGCTATCCACTG_003,65
GTTGGCACTGCTATCCACTG_004,115
GTTGGCACTGCTATCCACTG_005,28
GTTGGCACTGCTATCCACTG_006,195
GTTGGCACTGCTATCCACTG_007,94
GTTGGCACTGCTATCCACTG_008,27
TGCAAGAATATACTCAGTCA_001,41
TGCAAGAATATACTCAGTCA_002,76
TGCAAGAATATACTCAGTCA_003,161
CCGGGTGACAACGACATTGG_001,174
CCGGGTGACAACGACATTGG_002,115
CCGGGTGACAACGACATTGG_003,54
CCGGGTGACAACGACATTGG_004,49
CCGGGTGACAACGACATTGG_005,88
CCGGGTGACAACGACATTGG_006,1
CCGGGTGACAACGACATTGG_007,60
CCGGGTGACAACGACATTGG_008,187
CCGGGTGACAACGACATTGG_009,43
CCGGGTGACAACGACATTGG_010,58
CCGGGTGACAACGACATTGG_011,70
CCGGGTGACAACGACATTGG_012,23
CCGGGTGACAACGACATTGG_013,58
CCGGGTGACAACGACATTGG_014,124
CCGGGTGACAACGACATTGG_015,19
CCGGGTGACAACGACATTGG_016,107
CCGGGTGACAACGACATTGG_017,38
CCGGGTGACAACGACATTGG_018,160
CCGGGTGACAACGACATTGG_019,20
CCGGGTGACAACGACATTGG_020,162
CCGGGTGACAACGACATTGG_021,58
CCGGGTGACAACGACATTGG_022,40
CCGGGTGACAACGACATTGG_023,58
CCGGGTGACAACGACATTGG_024,28
CCGGGTGACAACGACATTGG_025,121
GCCTGGCGCCTACATCTACG_001,96
ACGTTATTACAGAGCCCCTG_001,134
ACGTTATTACAGAGCCCCTG_002,53
ACGTTATTACAGAGCCCCTG_003,185
ACGTTATTACAGAGCCCCTG_004,182
ATTCTTACGTGATTTAATGT_001,64
CATTATGTGTTGCCCAGAGG_001,197
CATTATGTGTTGCCCAGAGG_002,114
CATTATGTGTTGCCCAGAGG_003,4
GAAAAGCGCACGAGACAGGT_001,68
GAAAAGCGCACGAGACAGGT_002,119
GAAAAGCGCACGAGACAGGT_003,160
TGGCGAAGCCAACCACAGCG_001,137
TGGCGAAGCCAACCACAGCG_002,10
TGGCGAAGCCAACCACAGCG_003,2
TGGCGAAGCCAACCACAGCG_004,105
TGGCGAAGCCAACCACAGCG_005,40
TGGCGAAGCCAACCACAGCG_006,34
TGGCGAAGCCAACCACAGCG_007,182
TGGCGAAGCCAACCACAGCG_008,33
TGGCGAAGCCAACCACAGCG_009,6
TGGCGAAGCCAACCACAGCG_010,97
TGGCGAAGCCAACCACAGCG_011,97
TGGCGAAGCCAACCACAGCG_012,178
TGGCGAAGCCAACCACAGCG_013,119
AGATGGACACAGCCAGTTAG_001,19
AGATGGACACAGCCAGTTAG_002,129
AGATGGACACAGCCAGTTAG_003,141
AGATGGACACAGCCAGTTAG_004,109
AGATGGACACAGCCAGTTAG_005,130
AGATGGACACAGCCAGTTAG_006,191
CAGTAGATTAGAGGTTGGCG_001,50
CAGTAGATTAGAGGTTGGCG_002,160
CAGTAGATTAGAGGTTGGCG_003,89
CAGTAGATTAGAGGTTGGCG_004,112
TTAGCCGGACTTATTGACAA_001,68
TTAGCCGGACTTATTGACAA_002,105
TTAGCCGGACTTATTGACAA_003,48
TTAGCCGGACTTATTGACAA_004,40
TTAGCCGGACTTATTGACAA_005,60
TTAGCCGGACTTATTGACAA_006,19
TTAGCCGGACTTATTGACAA_007,20
TTAGCCGGACTTATTGACAA_008,85
TTAGCCGGACTTATTGACAA_009,23
TTAGCCGGACTTATTGACAA_010,66
TTAGCCGGACTTATTGACAA_011,31
TTAGCCGGACTTATTGACAA_012,56
TTAGCCGGACTTATTGACAA_013,74
TGAGCGCCGGGAGCTAACAG_001,169
TGAGCGCCGGGAGCTAACAG_002,23
TGAGCGCCGGGAGCTAACAG_003,72
TGAGCGCCGGGAGCTAACAG_004,157
TGAGCGCCGGGAGCTAACAG_005,69
TGAGCGCCGGGAGCTAACAG_006,80
TGAGCGCCGGGAGCTAACAG_007,158
TGAGCGCCGGGAGCTAACAG_008,35
CTCTCTCTGGGATATTAATG_001,139
CTCTCTCTGGGATATTAATG_002,14
CTCTCTCTGGGATATTAATG_003,8
CTCTCTCTGGGATATTAATG_004,126
CTCTCTCTGGGATATTAATG_005,153
CTCTCTCTGGGATATTAATG_006,39
CTCTCTCTGGGATATTAATG_007,33
CTCTCTCTGGGATATTAATG_008,185
GCGGCGGGTTTCGGTTACTG_001,191
GCGGCGGGTTTCGGTTACTG_002,70
GCGGCGGGTTTCGGTTACTG_003,1
GAGCCATAGCGGAAACCCCG_001,169
GAGCCATAGCGGAAACCCCG_002,77
GAGCCATAGCGGAAACCCCG_003,57
GAGCCATAGCGGAAACCCCG_004,64
GAGCCATAGCGGAAACCCCG_005,60
GAGCCATAGCGGAAACCCCG_006,191
GAGCCATAGCGGAAACCCCG_007,95
GAGCCATAGCGGAAACCCCG_008,39
GAGCCATAGCGGAAACCCCG_009,153
GAGCCATAGCGGAAACCCCG_010,60
GAGCCATAGCGGAAACCCCG_011,189
GAGCCATAGCGGAAACCCCG_012,17
GAGCCATAGCGGAAACCCCG_013,36
GAGCCATAGCGGAAACCCCG_014,1
GGGCAAGAACCCTTGCTACG_001,134
GAGCACTAGACAGCGCAAGA_001,176
GAGCACTAGACAGCGCAAGA_002,149
GAGCACTAGACAGCGCAAGA_003,77
GAGCACTAGACAGCGCAAGA_004,150
GAGCACTAGACAGCGCAAGA_005,178
GAGCACTAGACAGCGCAAGA_006,38
GAGCACTAGACAGCGCAAGA_007,170
GAGCACTAGACAGCGCAAGA_008,62
GAGCACTAGACAGCGCAAGA_009,49
GAGCACTAGACAGCGCAAGA_010,50
GAGCACTAGACAGCGCAAGA_011,49
GAGCACTAGACAGCGCAAGA_012,115
GAGCACTAGACAGCGCAAGA_013,105
GAGCACTAGACAGCGCAAGA_014,146
GAGCACTAGACAGCGCAAGA_015,2
GAGCACTAGACAGCGCAAGA_016,119
GAGCACTAGACAGCGCAAGA_017,73
GAGCACTAGACAGCGCAAGA_018,22
GAGCACTAGACAGCGCAAGA_019,22
GAGCACTAGACAGCGCAAGA_020,62
GAGCACTAGACAGCGCAAGA_021,27
GAGCACTAGACAGCGCAAGA_022,146
GAGCACTAGACAGCGCAAGA_023,126
GAGCACTAGACAGCGCAAGA_024,19
GAGCACTAGACAGCGCAAGA_025,102
GAGCACTAGACAGCGCAAGA_026,108
GTACACGAAGCCGAACATGT_001,15
GTACACGAAGCCGAACATGT_002,69
GTACACGAAGCCGAACATGT_003,56
GTACACGAAGCCGAACATGT_004,137
GTACACGAAGCCGAACATGT_005,140
GTACACGAAGCCGAACATGT_006,193
GTACACGAAGCCGAACATGT_007,76
GTACACGAAGCCGAACATGT_008,9
GTACACGAAGCCGAACATGT_009,51
GTACACGAAGCCGAACATGT_010,93
GTACACGAAGCCGAACATGT_011,127
GTACACGAAGCCGAACATGT_012,144
GTACACGAAGCCGAACATGT_013,93
GCATGCGTCTGTGATAGCTG_001,7
GCATGCGTCTGTGATAGCTG_002,159
GCATGCGTCTGTGATAGCTG_003,142
GCATGCGTCTGTGATAGCTG_004,50
GCATGCGTCTGTGATAGCTG_005,47
GCATGCGTCTGTGATAGCTG_006,108
GCATGCGTCTGTGATAGCTG_007,61
GCATGCGTCTGTGATAGCTG_008,33
TCATAGCGAGGAATGTTTAG_001,62
TCATAGCGAGGAATGTTTAG_002,42
TCATAGCGAGGAATGTTTAG_003,113
TCATAGCGAGGAATGTTTAG_004,199
AGATCTCATTCCATTCGATG_001,166
AGATCTCATTCCATTCGATG_002,111
AGATCTCATTCCATTCGATG_003,55
AGATCTCATTCCATTCGATG_004,147
AGATCTCATTCCATTCGATG_005,174
AGATCTCATTCCATTCGATG_006,162
CAAAAGCGTAAAGGTCCGAG_001,118
CAAAAGCGTAAAGGTCCGAG_002,104
CAAAAGCGTAAAGGTCCGAG_003,166
CAAAAGCGTAAAGGTCCGAG_004,15
CAAAAGCGTAAAGGTCCGAG_005,122
CAAAAGCGTAAAGGTCCGAG_006,43
CAAAAGCGTAAAGGTCCGAG_007,138
CAAAAGCGTAAAGGTCCGAG_008,137
CATAGAAAAGAACCTAACAC_001,151
CATAGAAAAGAACCTAACAC_002,48
CATAGAAAAGAACCTAACAC_003,1
CCTCAGTCCCTCCGACTACG_001,43
CCTCAGTCCCTCCGACTACG_002,171
CCTCAGTCCCTCCGACTACG_003,66
CCTCAGTCCCTCCGACTACG_004,115
CCTCAGTCCCTCCGACTACG_005,134
CCTCAGTCCCTCCGACTACG_006,127
CCTCAGTCCCTCCGACTACG_007,62
CCTCAGTCCCTCCGACTACG_008,149
CCTCAGTCCCTCCGACTACG_009,179
TCGAGATGCGCAGCAGATGA_001,153
TCGAGATGCGCAGCAGATGA_002,156
TCGAGATGCGCAGCAGATGA_003,52
CTTTGCTTTCAGTTAAACTG_001,107
CTTTGCTTTCAGTTAAACTG_002,79
CTTTGCTTTCAGTTAAACTG_003,62
CTTTGCTTTCAGTTAAACTG_004,29
CTTTGCTTTCAGTTAAACTG_005,40
CTTTGCTTTCAGTTAAACTG_006,163
AGAGTATGGAAGACTTGCGA_001,53
AGAGTATGGAAGACTTGCGA_002,50
AGAGTATGGAAGACTTGCGA_003,94
AGAGTATGGAAGACTTGCGA_004,3
GCTGAAGACTATTCGTCAGT_001,179
CAAGGCGCATTTGAACGACG_001,92
CAAGGCGCATTTGAACGACG_002,152
TAGTCAGGATCATAGTGTAG_001,88
TAGTCAGGATCATAGTGTAG_002,88
TAGTCAGGATCATAGTGTAG_003,76
CAGCTGAGGGACTACACTTG_001,113
CAGCTGAGGGACTACACTTG_002,184
CAGCTGAGGGACTACACTTG_003,50
CAGCTGAGGGACTACACTTG_004,191
CAGCTGAGGGACTACACTTG_005,62
CAGCTGAGGGACTACACTTG_006,26
CAGCTGAGGGACTACACTTG_007,36
CAGCTGAGGGACTACACTTG_008,161
CAGCTGAGGGACTACACTTG_009,100
CAGCTGAGGGACTACACTTG_010,173
CAGCTGAGGGACTACACTTG_011,176
CAGCTGAGGGACTACACTTG_012,54
CAGCTGAGGGACTACACTTG_013,26
CAGCTGAGGGACTACACTTG_014,184
CAGCTGAGGGACTACACTTG_015,60
CAGCTGAGGGACTACACTTG_016,17
CAGCTGAGGGACTACACTTG_017,60
CAGCTGAGGGACTACACTTG_018,107
CAGCTGAGGGACTACACTTG_019,78
CAGCTGAGGGACTACACTTG_020,98
CAGCTGAGGGACTACACTTG_021,9
CAGCTGAGGGACTACACTTG_022,149
CAGCTGAGGGACTACACTTG_023,4
CAGCTGAGGGACTACACTTG_024,158
CAGCTGAGGGACTACACTTG_025,61
CAGCTGAGGGACTACACTTG_026,20
CAGCTGAGGGACTACACTTG_027,1
CAGCTGAGGGACTACACTTG_028,138
CAGCTGAGGGACTACACTTG_029,50
CAGCTGAGGGACTACACTTG_030,72
CAGCTGAGGGACTACACTTG_031,19
CAGCTGAGGGACTACACTTG_032,5
CAGCTGAGGGACTACACTTG_033,158
CAGCTGAGGGACTACACTTG_034,49
CAGCTGAGGGACTACACTTG_035,89
CAGCTGAGGGACTACACTTG_036,36
CAGCTGAGGGACTACACTTG_037,53
CAGCTGAGGGACTACACTTG_038,159
CAGCTGAGGGACTACACTTG_039,137
CAGCTGAGGGACTACACTTG_040,108
CAGCTGAGGGACTACACTTG_041,94
CAGCTGAGGGACTACACTTG_042,50
CAGCTGAGGGACTACACTTG_043,94
CAGCTGAGGGACTACACTTG_044,124
CAGCTGAGGGACTACACTTG_045,182
CAGCTGAGGGACTACACTTG_046,78
CAGCTGAGGGACTACACTTG_047,68
CAGCTGAGGGACTACACTTG_048,16
CAGCTGAGGGACTACACTTG_049,184
CAGCTGAGGGACTACACTTG_050,107
CAGCTGAGGGACTACACTTG_051,69
CAGCTGAGGGACTACACTTG_052,62
ACTGGAGACATGCACCACAC_001,27
ACTGGAGACATGCACCACAC_002,1
ACTGGAGACATGCACCACAC_003,177
ACTGGAGACATGCACCACAC_004,48
ACTGGAGACATGCACCACAC_005,166
ACTGGAGACATGCACCACAC_006,162
ACTGGAGACATGCACCACAC_007,185
ACTGGAGACATGCACCACAC_008,117
ACTGGAGACATGCACCACAC_009,53
ACTGGAGACATGCACCACAC_010,105
ACTGGAGACATGCACCACAC_011,50
ACTGGAGACATGCACCACAC_012,8
ACTGGAGACATGCACCACAC_013,60
ACTGGAGACATGCACCACAC_014,184
ACTGGAGACATGCACCACAC_015,124
ACTGGAGACATGCACCACAC_016,47
ACTGGAGACATGCACCACAC_017,9
ACTGGAGACATGCACCACAC_018,94
ACTGGAGACATGCACCACAC_019,96
ACTGGAGACATGCACCACAC_020,146
ACTGGAGACATGCACCACAC_021,72
GCCTCCAGTCTACTACCCCG_001,169
GCCTCCAGTCTACTACCCCG_002,108
GCCTCCAGTCTACTACCCCG_003,66
GCCTCCAGTCTACTACCCCG_004,159
GCCTCCAGTCTACTACCCCG_005,70
GCCTCCAGTCTACTACCCCG_006,130
GGGACACGGCCCTAATCACG_001,44
GGGACACGGCCCTAATCACG_002,69
GAAATGCACGGACTGGAGCG_001,146
GAAATGCACGGACTGGAGCG_002,156
GAAATGCACGGACTGGAGCG_003,137
GAAATGCACGGACTGGAGCG_004,88
GAAATGCACGGACTGGAGCG_005,80
GAAATGCACGGACTGGAGCG_006,195
GAAATGCACGGACTGGAGCG_007,35
GAAATGCACGGACTGGAGCG_008,49
GAAATGCACGGACTGGAGCG_009,132
GAAATGCACGGACTGGAGCG_010,113
GAAATGCACGGACTGGAGCG_011,150
GAAATGCACGGACTGGAGCG_012,137
CGGTACAGGTCCACGCCCGG_001,119
CGGTACAGGTCCACGCCCGG_002,15
CGGTACAGGTCCACGCCCGG_003,19
CGGTACAGGTCCACGCCCGG_004,2
CGGTACAGGTCCACGCCCGG_005,106
CGGTACAGGTCCACGCCCGG_006,80
CGGTACAGGTCCACGCCCGG_007,58
CGGTACAGGTCCACGCCCGG_008,175
CGGTACAGGTCCACGCCCGG_009,184
CGGTACAGGTCCACGCCCGG_010,15
CGGTACAGGTCCACGCCCGG_011,123
CGGTACAGGTCCACGCCCGG_012,57
CGGTACAGGTCCACGCCCGG_013,104
CGGTACAGGTCCACGCCCGG_014,63
CGGTACAGGTCCACGCCCGG_015,81
CGGTACAGGTCCACGCCCGG_016,102
CGGTACAGGTCCACGCCCGG_017,165
CGGTACAGGTCCACGCCCGG_018,56
CGGTACAGGTCCACGCCCGG_019,155
CGGTACAGGTCCACGCCCGG_020,61
CGGTACAGGTCCACGCCCGG_021,48
CGGTACAGGTCCACGCCCGG_022,88
CGGTACAGGTCCACGCCCGG_023,101
CGGTACAGGTCCACGCCCGG_024,29
CGGTACAGGTCCACGCCCGG_025,68
CGGTACAGGTCCACGCCCGG_026,22
CGGTACAGGTCCACGCCCGG_027,66
CGGTACAGGTCCACGCCCGG_028,90
CGGTACAGGTCCACGCCCGG_029,50
CGGTACAGGTCCACGCCCGG_030,50
CGGTACAGGTCCACGCCCGG_031,60
CGGTACAGGTCCACGCCCGG_032,9
CGGTACAGGTCCACGCCCGG_033,21
CGGTACAGGTCCACGCCCGG_034,4
CGGTACAGGTCCACGCCCGG_035,9
ATGAGCAGGAGCAAACATGG_001,127
ATGAGCAGGAGCAAACATGG_002,15
ATGAGCAGGAGCAAACATGG_003,155
ATGAGCAGGAGCAAACATGG_004,147
ATGAGCAGGAGCAAACATGG_005,79
GCCGCAAGGACCAGATCCAG_001,127
GCCGCAAGGACCAGATCCAG_002,181
GCCGCAAGGACCAGATCCAG_003,119
GCCGCAAGGACCAGATCCAG_004,36
GCCGCAAGGACCAGATCCAG_005,40
GCCGCAAGGACCAGATCCAG_006,62
GCCGCAAGGACCAGATCCAG_007,73
GCCGCAAGGACCAGATCCAG_008,113
GCCGCAAGGACCAGATCCAG_009,14
GCCGCAAGGACCAGATCCAG_010,180
GGCTCACATGGCAGCGACGA_001,67
GGCTCACATGGCAGCGACGA_002,15
GGCTCACATGGCAGCGACGA_003,15
GGCTCACATGGCAGCGACGA_004,138
GGCTCACATGGCAGCGACGA_005,166
GGCTCACATGGCAGCGACGA_006,175
TACCAAATATGTGCTTACTA_001,9
TACCAAATATGTGCTTACTA_002,64
TACCAAATATGTGCTTACTA_003,141
TACCAAATATGTGCTTACTA_004,122
AGAAGAATGAAGGACTGACC_001,160
AGAAGAATGAAGGACTGACC_002,29
AGAAGAATGAAGGACTGACC_003,36
AGAAGAATGAAGGACTGACC_004,14
AGAAGAATGAAGGACTGACC_005,50
AGAAGAATGAAGGACTGACC_006,11
AGAAGAATGAAGGACTGACC_007,148
GGCCAGGACCACATCCGAGT_001,99
GGCCAGGACCACATCCGAGT_002,96
GGCCAGGACCACATCCGAGT_003,151
GGCCAGGACCACATCCGAGT_004,17
GGCCAGGACCACATCCGAGT_005,24
GGCCAGGACCACATCCGAGT_006,0
GGCCAGGACCACATCCGAGT_007,124
GAAAGCCAAACCCGTTCCCT_001,49
GAAAGCCAAACCCGTTCCCT_002,27
GAAAGCCAAACCCGTTCCCT_003,58
GAAAGCCAAACCCGTTCCCT_004,162
GAAAGCCAAACCCGTTCCCT_005,122
GAAAGCCAAACCCGTTCCCT_006,21
GAAAGCCAAACCCGTTCCCT_007,10
GAAAGCCAAACCCGTTCCCT_008,138
GAAAGCCAAACCCGTTCCCT_009,74
GAAAGCCAAACCCGTTCCCT_010,120
GAAAGCCAAACCCGTTCCCT_011,160
GAAAGCCAAACCCGTTCCCT_012,147
GAAAGCCAAACCCGTTCCCT_013,81
GAAAGCCAAACCCGTTCCCT_014,169
GAAAGCCAAACCCGTTCCCT_015,112
GAAAGCCAAACCCGTTCCCT_016,8
GAAAGCCAAACCCGTTCCCT_017,148
GAAAGCCAAACCCGTTCCCT_018,104
GAAAGCCAAACCCGTTCCCT_019,47
GAAAGCCAAACCCGTTCCCT_020,156
GAAAGCCAAACCCGTTCCCT_021,148
AACGAGTCCTCGAAGAAGTG_001,16
AACGAGTCCTCGAAGAAGTG_002,33
AACGAGTCCTCGAAGAAGTG_003,177
AACGAGTCCTCGAAGAAGTG_004,92
AACGAGTCCTCGAAGAAGTG_005,122
AACGAGTCCTCGAAGAAGTG_006,105
AACGAGTCCTCGAAGAAGTG_007,151
AACGAGTCCTCGAAGAAGTG_008,166
AACGAGTCCTCGAAGAAGTG_009,108
AACGAGTCCTCGAAGAAGTG_010,47
AACGAGTCCTCGAAGAAGTG_011,119
AACGAGTCCTCGAAGAAGTG_012,44
AACGAGTCCTCGAAGAAGTG_013,183
AACGAGTCCTCGAAGAAGTG_014,98
AACGAGTCCTCGAAGAAGTG_015,162
GTATGTGCTGATCTTTGCAC_001,92
GTATGTGCTGATCTTTGCAC_002,197
GTATGTGCTGATCTTTGCAC_003,199
ACCCAGTAACAACCAAGACA_001,175
ACCCAGTAACAACCAAGACA_002,137
ACCCAGTAACAACCAAGACA_003,199
ACCCAGTAACAACCAAGACA_004,120
ACCCAGTAACAACCAAGACA_005,192
ACCCAGTAACAACCAAGACA_006,127
CAGACCAACCAGGGTCAAGG_001,17
CAGACCAACCAGGGTCAAGG_002,57
CAGACCAACCAGGGTCAAGG_003,41
CAGACCAACCAGGGTCAAGG_004,53
CAGACCAACCAGGGTCAAGG_005,106
CAGACCAACCAGGGTCAAGG_006,137
GTGGTCCCCTCAATCTCTAT_001,191
GTGGTCCCCTCAATCTCTAT_002,176
GTGGTCCCCTCAATCTCTAT_003,112
GTGGTCCCCTCAATCTCTAT_004,146
GTGGTCCCCTCAATCTCTAT_005,190
GTGGTCCCCTCAATCTCTAT_006,108
GTGGTCCCCTCAATCTCTAT_007,30
GTGGTCCCCTCAATCTCTAT_008,157
GTGGTCCCCTCAATCTCTAT_009,84
GTGGTCCCCTCAATCTCTAT_010,162
GTGGTCCCCTCAATCTCTAT_011,150
GTGGTCCCCTCAATCTCTAT_012,194
GTGGTCCCCTCAATCTCTAT_013,75
GTGGTCCCCTCAATCTCTAT_014,135
GTGGTCCCCTCAATCTCTAT_015,46
GTGGTCCCCTCAATCTCTAT_016,28
GTGGTCCCCTCAATCTCTAT_017,66
GTGGTCCCCTCAATCTCTAT_018,3
GTGGTCCCCTCAATCTCTAT_019,136
GTGGTCCCCTCAATCTCTAT_020,65
TCATCAACAATGTAACTGAC_001,36
TCATCAACAATGTAACTGAC_002,17
TCATCAACAATGTAACTGAC_003,184
TCATCAACAATGTAACTGAC_004,104
TCATCAACAATGTAACTGAC_005,178
GAAGAGGTAAGACTCACCAT_001,78
GAAGAGGTAAGACTCACCAT_002,149
CCTCCATTACTCCTCCACTG_001,97
CCTCCATTACTCCTCCACTG_002,47
CCTCCATTACTCCTCCACTG_003,23
CATCAACACGCAAAGCAACG_001,129
CATCAACACGCAAAGCAACG_002,2
CATCAACACGCAAAGCAACG_003,186
CCAGTGTATTCAGTAGCGTG_001,78
CCAGTGTATTCAGTAGCGTG_002,54
CCAGTGTATTCAGTAGCGTG_003,110
CCAGTGTATTCAGTAGCGTG_004,77
GCTCAAGCCTACACTATCTG_001,139
GGCTCACACTGTGTGACATG_001,197
GGCTCACACTGTGTGACATG_002,68
GGCTCACACTGTGTGACATG_003,73
GGCTCACACTGTGTGACATG_004,176
CATGCTCGGCCAGAGCACCG_001,17
CATGCTCGGCCAGAGCACCG_002,104
CATGCTCGGCCAGAGCACCG_003,27
CATGCTCGGCCAGAGCACCG_004,147
CATGCTCGGCCAGAGCACCG_005,23
CATGCTCGGCCAGAGCACCG_006,126
CATGCCACATACTTCCGTCA_001,168
CATGCCACATACTTCCGTCA_002,77
CTCTCCCGGGACTTTAGCGA_001,8
CTCTCCCGGGACTTTAGCGA_002,87
CTCTCCCGGGACTTTAGCGA_003,3
CTCTCCCGGGACTTTAGCGA_004,49
CTCTCCCGGGACTTTAGCGA_005,169
CTCTCCCGGGACTTTAGCGA_006,137
CTCTCCCGGGACTTTAGCGA_007,19
CTCTCCCGGGACTTTAGCGA_008,151
CTCTCCCGGGACTTTAGCGA_009,151
CTCTCCCGGGACTTTAGCGA_010,175
CTCTCCCGGGACTTTAGCGA_011,101
CTCTCCCGGGACTTTAGCGA_012,139
CTCTCCCGGGACTTTAGCGA_013,157
CTCTCCCGGGACTTTAGCGA_014,15
CTCTCCCGGGACTTTAGCGA_015,15
CTCTCCCGGGACTTTAGCGA_016,140
CTCTCCCGGGACTTTAGCGA_017,58
CTCTCCCGGGACTTTAGCGA_018,47
CTCTCCCGGGACTTTAGCGA_019,124
CTCTCCCGGGACTTTAGCGA_020,58
CTCTCCCGGGACTTTAGCGA_021,169
TGTCTGACATCCGGGTGACG_001,150
TGTCTGACATCCGGGTGACG_002,50
TGTCTGACATCCGGGTGACG_003,167
ATCCCCCCACACGAACTCTG_001,42
ATCCCCCCACACGAACTCTG_002,75
ATCCCCCCACACGAACTCTG_003,47
ATCCCCCCACACGAACTCTG_004,137
ATCCCCCCACACGAACTCTG_005,19
ATCCCCCCACACGAACTCTG_006,98
ATCCCCCCACACGAACTCTG_007,35
ATCCCCCCACACGAACTCTG_008,28
ATCCCCCCACACGAACTCTG_009,184
ATCCCCCCACACGAACTCTG_010,176
ATCCCCCCACACGAACTCTG_011,58
ATCCCCCCACACGAACTCTG_012,154
ATCCCCCCACACGAACTCTG_013,112
ATCCCCCCACACGAACTCTG_014,198
ATCCCCCCACACGAACTCTG_015,2
ATCCCCCCACACGAACTCTG_016,162
ATCCCCCCACACGAACTCTG_017,118
ATCCCCCCACACGAACTCTG_018,146
ATCCCCCCACACGAACTCTG_019,178
ATCCCCCCACACGAACTCTG_020,94
ATCCCCCCACACGAACTCTG_021,4
ATCCCCCCACACGAACTCTG_022,63
ATCCCCCCACACGAACTCTG_023,175
ATCCCCCCACACGAACTCTG_024,136
GGTCTTCCTGGTCGAGATCG_001,53
GGTCTTCCTGGTCGAGATCG_002,198
GGTCTTCCTGGTCGAGATCG_003,190
GGTCTTCCTGGTCGAGATCG_004,84
GGTCTTCCTGGTCGAGATCG_005,22
GGTCTTCCTGGTCGAGATCG_006,77
GGTCTTCCTGGTCGAGATCG_007,158
GGTCTTCCTGGTCGAGATCG_008,50
GGTCTTCCTGGTCGAGATCG_009,42
GGTCTTCCTGGTCGAGATCG_010,50
GGTCTTCCTGGTCGAGATCG_011,62
GGTCTTCCTGGTCGAGATCG_012,198
GGTCTTCCTGGTCGAGATCG_013,66
GAGTGCAAAGTGCAAAAAGG_001,96
GAGTGCAAAGTGCAAAAAGG_002,15
GAGTGCAAAGTGCAAAAAGG_003,88
GAGTGCAAAGTGCAAAAAGG_004,170
GAGTGCAAAGTGCAAAAAGG_005,24
GAGTGCAAAGTGCAAAAAGG_006,19
GAGTGCAAAGTGCAAAAAGG_007,136
GAGTGCAAAGTGCAAAAAGG_008,55
GAGTGCAAAGTGCAAAAAGG_009,77
GAGTGCAAAGTGCAAAAAGG_010,2
GAGTGCAAAGTGCAAAAAGG_011,102
GAGTGCAAAGTGCAAAAAGG_012,5
GAGTGCAAAGTGCAAAAAGG_013,182
GAGTGCAAAGTGCAAAAAGG_014,102
GAGTGCAAAGTGCAAAAAGG_015,118
GAGTGCAAAGTGCAAAAAGG_016,54
GAGTGCAAAGTGCAAAAAGG_017,24
GAGTGCAAAGTGCAAAAAGG_018,127
GAGTGCAAAGTGCAAAAAGG_019,172
GAGTGCAAAGTGCAAAAAGG_020,161
GAGTGCAAAGTGCAAAAAGG_021,48
GAGTGCAAAGTGCAAAAAGG_022,102
GAGTGCAAAGTGCAAAAAGG_023,184
TCTGTCTGCTCCAGTGACGT_001,53
TCTGTCTGCTCCAGTGACGT_002,16
TCTGTCTGCTCCAGTGACGT_003,103
TCTGTCTGCTCCAGTGACGT_004,30
TCTGTCTGCTCCAGTGACGT_005,123
TCTGTCTGCTCCAGTGACGT_006,47
TCTGTCTGCTCCAGTGACGT_007,184
TCTGTCTGCTCCAGTGACGT_008,169
TCTGTCTGCTCCAGTGACGT_009,4
TCTGTCTGCTCCAGTGACGT_010,125
TCTGTCTGCTCCAGTGACGT_011,155
TCTGTCTGCTCCAGTGACGT_012,76
TCTGTCTGCTCCAGTGACGT_013,137
TCTGTCTGCTCCAGTGACGT_014,112
TCTGTCTGCTCCAGTGACGT_015,162
TCTGTCTGCTCCAGTGACGT_016,69
ACCAAATGGCTGGAATCCCT_001,138
ACCAAATGGCTGGAATCCCT_002,0
ACCAAATGGCTGGAATCCCT_003,76
ACCAAATGGCTGGAATCCCT_004,199
ACCAAATGGCTGGAATCCCT_005,88
ACCAAATGGCTGGAATCCCT_006,86
ACCAAATGGCTGGAATCCCT_007,177
GAGGAGACCTTTGAGTCGGG_001,119
GAGGAGACCTTTGAGTCGGG_002,78
GCTGTCTGAAGGTCAAGAGG_001,150
GCTGTCTGAAGGTCAAGAGG_002,127
GCTGTCTGAAGGTCAAGAGG_003,161
GCTGTCTGAAGGTCAAGAGG_004,97
GCTGTCTGAAGGTCAAGAGG_005,156
GCTGTCTGAAGGTCAAGAGG_006,48
GCTGTCTGAAGGTCAAGAGG_007,128
GCTGTCTGAAGGTCAAGAGG_008,94
GCTGTCTGAAGGTCAAGAGG_009,81
GCTGTCTGAAGGTCAAGAGG_010,160
GCTGTCTGAAGGTCAAGAGG_011,5
GCTGTCTGAAGGTCAAGAGG_012,161
GCTGTCTGAAGGTCAAGAGG_013,13
GCTGTCTGAAGGTCAAGAGG_014,50
GCTGTCTGAAGGTCAAGAGG_015,145
GCTGTCTGAAGGTCAAGAGG_016,142
GCTGTCTGAAGGTCAAGAGG_017,75
GCTGTCTGAAGGTCAAGAGG_018,139
GCTGTCTGAAGGTCAAGAGG_019,37
GCTGTCTGAAGGTCAAGAGG_020,16
AAGTTTCGAAGAGTGAGGGA_001,170
AAGTTTCGAAGAGTGAGGGA_002,18
AAGTTTCGAAGAGTGAGGGA_003,19
AAGTTTCGAAGAGTGAGGGA_004,73
AAGTTTCGAAGAGTGAGGGA_005,193
AAGTTTCGAAGAGTGAGGGA_006,7
AAGTTTCGAAGAGTGAGGGA_007,56
GGAGATACTGCCTAATGGAC_001,78
GGAGATACTGCCTAATGGAC_002,117
GGAGATACTGCCTAATGGAC_003,199
GGAGATACTGCCTAATGGAC_004,150
GGAGATACTGCCTAATGGAC_005,14
GGAGATACTGCCTAATGGAC_006,124
GGAGATACTGCCTAATGGAC_007,48
GGAGATACTGCCTAATGGAC_008,115
GGAGATACTGCCTAATGGAC_009,184
GGAGATACTGCCTAATGGAC_010,149
GGAGATACTGCCTAATGGAC_011,170
GGAGATACTGCCTAATGGAC_012,1
GGAGATACTGCCTAATGGAC_013,180
GGAGATACTGCCTAATGGAC_014,194
CTGAGGGATAGCCTACCTTG_001,8
CTGAGGGATAGCCTACCTTG_002,49
CTGAGGGATAGCCTACCTTG_003,15
CTGAGGGATAGCCTACCTTG_004,139
CTGAGGGATAGCCTACCTTG_005,159
CTGAGGGATAGCCTACCTTG_006,186
CTGAGGGATAGCCTACCTTG_007,96
CTGAGGGATAGCCTACCTTG_008,177
CTGAGGGATAGCCTACCTTG_009,145
CTGAGGGATAGCCTACCTTG_010,41
CTGAGGGATAGCCTACCTTG_011,17
CTGAGGGATAGCCTACCTTG_012,55
CTGAGGGATAGCCTACCTTG_013,137
CTGAGGGATAGCCTACCTTG_014,35
GGGTCTCCATGGCACCAATG_001,21
GGGTCTCCATGGCACCAATG_002,174
GGGTCTCCATGGCACCAATG_003,55
GGGTCTCCATGGCACCAATG_004,77
ATGCGGTCTGGAAAGCACCA_001,5
ATGCGGTCTGGAAAGCACCA_002,71
ATGCGGTCTGGAAAGCACCA_003,83
ATGCGGTCTGGAAAGCACCA_004,199
ATGCGGTCTGGAAAGCACCA_005,101
ATGCGGTCTGGAAAGCACCA_006,14
ATGCGGTCTGGAAAGCACCA_007,152
ATGCGGTCTGGAAAGCACCA_008,69
ATGCGGTCTGGAAAGCACCA_009,150
ATGCGGTCTGGAAAGCACCA_010,50
ATGCGGTCTGGAAAGCACCA_011,28
ATGCGGTCTGGAAAGCACCA_012,105
ATGCGGTCTGGAAAGCACCA_013,91
ATGCGGTCTGGAAAGCACCA_014,110
ATGCGGTCTGGAAAGCACCA_015,176
ATGCGGTCTGGAAAGCACCA_016,81
ATGCGGTCTGGAAAGCACCA_017,35
CCGGGAAGTGCTGACTACAA_001,76
CCGGGAAGTGCTGACTACAA_002,198
GAAGCGGAAGATCTCGCAGG_001,83
GAAGCGGAAGATCTCGCAGG_002,136
GAAGCGGAAGATCTCGCAGG_003,93
GAAGCGGAAGATCTCGCAGG_004,152
GAAGCGGAAGATCTCGCAGG_005,47
GAAGCGGAAGATCTCGCAGG_006,91
GAAGCGGAAGATCTCGCAGG_007,20
GAAGCGGAAGATCTCGCAGG_008,54
GAAGCGGAAGATCTCGCAGG_009,120
AAAGATTATGCGAGAATGTC_001,47
AAAGATTATGCGAGAATGTC_002,48
AAAGATTATGCGAGAATGTC_003,157
AAAGATTATGCGAGAATGTC_004,137
AAAGATTATGCGAGAATGTC_005,43
ATGGTGGTGTCCACCTACAT_001,28
ATGGTGGTGTCCACCTACAT_002,88
ATGGTGGTGTCCACCTACAT_003,70
ATGGTGGTGTCCACCTACAT_004,48
ATGGTGGTGTCCACCTACAT_005,5
ATGGTGGTGTCCACCTACAT_006,148
ATGGTGGTGTCCACCTACAT_007,15
ATGGTGGTGTCCACCTACAT_008,171
ATGGTGGTGTCCACCTACAT_009,23
ATGGTGGTGTCCACCTACAT_010,134
ATGGTGGTGTCCACCTACAT_011,47
GGACCGATGAATTTCAATCG_001,170
GGACCGATGAATTTCAATCG_002,111
GGACCGATGAATTTCAATCG_003,185
GTTTGGGTCCACGTTAGGGG_001,130
GTTTGGGTCCACGTTAGGGG_002,153
GTTTGGGTCCACGTTAGGGG_003,55
GTTTGGGTCCACGTTAGGGG_004,77
GTTTGGGTCCACGTTAGGGG_005,181
GTTTGGGTCCACGTTAGGGG_006,154
GTTTGGGTCCACGTTAGGGG_007,146
GTTTGGGTCCACGTTAGGGG_008,69
GTTTGGGTCCACGTTAGGGG_009,58
GTTTGGGTCCACGTTAGGGG_010,162
GTTTGGGTCCACGTTAGGGG_011,41
GTTTGGGTCCACGTTAGGGG_012,82
GTTTGGGTCCACGTTAGGGG_013,141
GTTTGGGTCCACGTTAGGGG_014,70
GTTTGGGTCCACGTTAGGGG_015,63
GTTTGGGTCCACGTTAGGGG_016,143
GTTTGGGTCCACGTTAGGGG_017,172
GTTTGGGTCCACGTTAGGGG_018,184
GTTTGGGTCCACGTTAGGGG_019,12
GTTTGGGTCCACGTTAGGGG_020,67
GTTTGGGTCCACGTTAGGGG_021,113
GTTTGGGTCCACGTTAGGGG_022,182
GTTTGGGTCCACGTTAGGGG_023,188
GTTTGGGTCCACGTTAGGGG_024,184
GTTTGGGTCCACGTTAGGGG_025,159
GTTTGGGTCCACGTTAGGGG_026,38
GTTTGGGTCCACGTTAGGGG_027,134
GTTTGGGTCCACGTTAGGGG_028,145
GTTTGGGTCCACGTTAGGGG_029,16
TCATAAACTTGCCCATTAAG_001,30
ATATTCCGCTCCTACTCTCG_001,6
ATATTCCGCTCCTACTCTCG_002,178
ATATTCCGCTCCTACTCTCG_003,81
TATCACATGCAAGTATCCAG_001,60
TATCACATGCAAGTATCCAG_002,40
TATCACATGCAAGTATCCAG_003,182
TATCACATGCAAGTATCCAG_004,147
TATCACATGCAAGTATCCAG_005,165
TATCACATGCAAGTATCCAG_006,69
TATCACATGCAAGTATCCAG_007,158
TATCACATGCAAGTATCCAG_008,1
TATCACATGCAAGTATCCAG_009,96
TATCACATGCAAGTATCCAG_010,175
TGAGGAAGACCCTGTGACGA_001,186
TGAGGAAGACCCTGTGACGA_002,45
TGAGGAAGACCCTGTGACGA_003,116
TGAGGAAGACCCTGTGACGA_004,43
TGAGGAAGACCCTGTGACGA_005,62
TGAGGAAGACCCTGTGACGA_006,190
TGAGGAAGACCCTGTGACGA_007,50
TGAGGAAGACCCTGTGACGA_008,70
TGAGGAAGACCCTGTGACGA_009,16
TGAGGAAGACCCTGTGACGA_010,137
TGAGGAAGACCCTGTGACGA_011,34
TGAGGAAGACCCTGTGACGA_012,117
TGAGGAAGACCCTGTGACGA_013,141
TGAGGAAGACCCTGTGACGA_014,88
TGAGGAAGACCCTGTGACGA_015,23
TGAGGAAGACCCTGTGACGA_016,117
TGAGGAAGACCCTGTGACGA_017,7
TGAGGAAGACCCTGTGACGA_018,35
TGAGGAAGACCCTGTGACGA_019,11
TGAGGAAGACCCTGTGACGA_020,48
TGGCGACGTCACATTCGTGG_001,6
TGGCGACGTCACATTCGTGG_002,80
TGGCGACGTCACATTCGTGG_003,144
TGGCGACGTCACATTCGTGG_004,187
TGGCGACGTCACATTCGTGG_005,49
TCAGTAAAGTGGCGCTCCAA_001,4
TCAGTAAAGTGGCGCTCCAA_002,9
TCAGTAAAGTGGCGCTCCAA_003,37
TCAGTAAAGTGGCGCTCCAA_004,50
TCAGTAAAGTGGCGCTCCAA_005,175
CAGGATTCCAGCGTAACTTG_001,114
CAGGATTCCAGCGTAACTTG_002,114
CAGGATTCCAGCGTAACTTG_003,42
CAGGATTCCAGCGTAACTTG_004,86
CAGGATTCCAGCGTAACTTG_005,30
CAGGATTCCAGCGTAACTTG_006,116
CAGGATTCCAGCGTAACTTG_007,114
CAGGATTCCAGCGTAACTTG_008,194
CAGGATTCCAGCGTAACTTG_009,77
CAGGATTCCAGCGTAACTTG_010,88
CAGGATTCCAGCGTAACTTG_011,164
CAGGATTCCAGCGTAACTTG_012,164
CAGGATTCCAGCGTAACTTG_013,166
CAGGATTCCAGCGTAACTTG_014,184
CAGGATTCCAGCGTAACTTG_015,19
TTTCTCAACATGTTCGCCAG_001,69
TTTCTCAACATGTTCGCCAG_002,91
TTTCTCAACATGTTCGCCAG_003,124
TTTCTCAACATGTTCGCCAG_004,174
TTTCTCAACATGTTCGCCAG_005,141
TTTCTCAACATGTTCGCCAG_006,60
TTTCTCAACATGTTCGCCAG_007,177
TTTCTCAACATGTTCGCCAG_008,93
TTTCTCAACATGTTCGCCAG_009,185
TTTCTCAACATGTTCGCCAG_010,170
TTTCTCAACATGTTCGCCAG_011,191
TTTCTCAACATGTTCGCCAG_012,102
TTTCTCAACATGTTCGCCAG_013,0
AACTTGTTAGAAAAGACAGG_001,83
AACTTGTTAGAAAAGACAGG_002,13
AACTTGTTAGAAAAGACAGG_003,11
AACTTGTTAGAAAAGACAGG_004,104
AACTTGTTAGAAAAGACAGG_005,103
CACCATCCATGAGAAGCCAA_001,168
CACCATCCATGAGAAGCCAA_002,17
CACCATCCATGAGAAGCCAA_003,60
CACCATCCATGAGAAGCCAA_004,169
GTCTAACCGAGCCCTCAAGC_001,29
GTCTAACCGAGCCCTCAAGC_002,171
GTCTAACCGAGCCCTCAAGC_003,16
GTCTAACCGAGCCCTCAAGC_004,94
GGCCCTTTGTGAAGACGACG_001,160
GGCCCTTTGTGAAGACGACG_002,72
GGCCCTTTGTGAAGACGACG_003,80
GGCCCTTTGTGAAGACGACG_004,98
GGCCCTTTGTGAAGACGACG_005,112
GGCCCTTTGTGAAGACGACG_006,114
GGCCCTTTGTGAAGACGACG_007,20
GGCCCTTTGTGAAGACGACG_008,2
GGCCCTTTGTGAAGACGACG_009,2
GGCCCTTTGTGAAGACGACG_010,149
GGCCCTTTGTGAAGACGACG_011,26
GGCCCTTTGTGAAGACGACG_012,9
GGCCCTTTGTGAAGACGACG_013,90
GGCCCTTTGTGAAGACGACG_014,147
GGCCCTTTGTGAAGACGACG_015,167
GGCCCTTTGTGAAGACGACG_016,141
GCCGGGACAAAACCCGAAAG_001,82
GCCGGGACAAAACCCGAAAG_002,62
GCCGGGACAAAACCCGAAAG_003,43
GCCGGGACAAAACCCGAAAG_004,75
GCCGGGACAAAACCCGAAAG_005,28
GCCGGGACAAAACCCGAAAG_006,115
GCCGGGACAAAACCCGAAAG_007,49
GCCGGGACAAAACCCGAAAG_008,148
GCCGGGACAAAACCCGAAAG_009,97
GCCGGGACAAAACCCGAAAG_010,157
GCCGGGACAAAACCCGAAAG_011,20
GCCGGGACAAAACCCGAAAG_012,43
CCGCTGGAAGGATTCCCGAG_001,170
CCGCTGGAAGGATTCCCGAG_002,17
CCGCTGGAAGGATTCCCGAG_003,42
CCGCTGGAAGGATTCCCGAG_004,24
CCGCTGGAAGGATTCCCGAG_005,53
CCGCTGGAAGGATTCCCGAG_006,60
CCGCTGGAAGGATTCCCGAG_007,196
CCGCTGGAAGGATTCCCGAG_008,77
CCGCTGGAAGGATTCCCGAG_009,176
CCGCTGGAAGGATTCCCGAG_010,75
CCGCTGGAAGGATTCCCGAG_011,11
CCGCTGGAAGGATTCCCGAG_012,70
CCGCTGGAAGGATTCCCGAG_013,1
CCGCTGGAAGGATTCCCGAG_014,27
CCGCTGGAAGGATTCCCGAG_015,177
CCGCTGGAAGGATTCCCGAG_016,78
CCGCTGGAAGGATTCCCGAG_017,195
GTGTGTGCTCACTAGCTGAA_001,121
GTGTGTGCTCACTAGCTGAA_002,121
GTGTGTGCTCACTAGCTGAA_003,88
GTGTGTGCTCACTAGCTGAA_004,187
GTGTGTGCTCACTAGCTGAA_005,88
GTGTGTGCTCACTAGCTGAA_006,25
GTGTGTGCTCACTAGCTGAA_007,4
GTGTGTGCTCACTAGCTGAA_008,141
GTGTGTGCTCACTAGCTGAA_009,53
GTGTGTGCTCACTAGCTGAA_010,151
GTGTGTGCTCACTAGCTGAA_011,101
GTGTGTGCTCACTAGCTGAA_012,1
GTGTGTGCTCACTAGCTGAA_013,121
GTGTGTGCTCACTAGCTGAA_014,47
GTGTGTGCTCACTAGCTGAA_015,178
GTGTGTGCTCACTAGCTGAA_016,61
GTGTGTGCTCACTAGCTGAA_017,197
GTGTGTGCTCACTAGCTGAA_018,35
GTGTGTGCTCACTAGCTGAA_019,81
GTGTGTGCTCACTAGCTGAA_020,3
GCGACGACGTGATCACCGGC_001,104
GCGACGACGTGATCACCGGC_002,138
CCTACAGCTTTGACGGCGTG_001,16
CCTACAGCTTTGACGGCGTG_002,154
CCTACAGCTTTGACGGCGTG_003,126
CCTACAGCTTTGACGGCGTG_004,8
CCTACAGCTTTGACGGCGTG_005,119
CCTACAGCTTTGACGGCGTG_006,191
CCTACAGCTTTGACGGCGTG_007,59
CCTACAGCTTTGACGGCGTG_008,158
CCTACAGCTTTGACGGCGTG_009,159
CCTACAGCTTTGACGGCGTG_010,29
CCTACAGCTTTGACGGCGTG_011,2
CCTACAGCTTTGACGGCGTG_012,143
CCTACAGCTTTGACGGCGTG_013,33
AAGAACTGGGGAGTTATAGG_001,48
AAGAACTGGGGAGTTATAGG_002,191
AAGAACTGGGGAGTTATAGG_003,66
AAGAACTGGGGAGTTATAGG_004,138
AAGAACTGGGGAGTTATAGG_005,175
AAGAACTGGGGAGTTATAGG_006,37
AAGAACTGGGGAGTTATAGG_007,174
AAGAACTGGGGAGTTATAGG_008,2
AAGAACTGGGGAGTTATAGG_009,32
CTGGCAAGTCCAGAATCCGT_001,197
CTGGCAAGTCCAGAATCCGT_002,162
CTGGCAAGTCCAGAATCCGT_003,171
CTGGCAAGTCCAGAATCCGT_004,156
CTGGCAAGTCCAGAATCCGT_005,153
CTGGCAAGTCCAGAATCCGT_006,126
CTGGCAAGTCCAGAATCCGT_007,172
CTGGCAAGTCCAGAATCCGT_008,48
CTGGCAAGTCCAGAATCCGT_009,10
CTGGCAAGTCCAGAATCCGT_010,80
CTGGCAAGTCCAGAATCCGT_011,124
GGCGAGCCTGAGGCGAACAA_001,147
GGCGAGCCTGAGGCGAACAA_002,79
GGCGAGCCTGAGGCGAACAA_003,19
GGCGAGCCTGAGGCGAACAA_004,137
GGCGAGCCTGAGGCGAACAA_005,8
GGCGAGCCTGAGGCGAACAA_006,121
GGCGAGCCTGAGGCGAACAA_007,19
GGCGAGCCTGAGGCGAACAA_008,11
GGCGAGCCTGAGGCGAACAA_009,37
GGCGAGCCTGAGGCGAACAA_010,43
GGCGAGCCTGAGGCGAACAA_011,19
GGTACTTCTCACGATGCCGG_001,59
GGTACTTCTCACGATGCCGG_002,191
GGTACTTCTCACGATGCCGG_003,177
GGTACTTCTCACGATGCCGG_004,23
GGTACTTCTCACGATGCCGG_005,122
GGTACTTCTCACGATGCCGG_006,34
GGTACTTCTCACGATGCCGG_007,115
GGTACTTCTCACGATGCCGG_008,39
GGTACTTCTCACGATGCCGG_009,172
GTTAGCCAGAGCCACTAACT_001,48
GTTAGCCAGAGCCACTAACT_002,191
GTTAGCCAGAGCCACTAACT_003,3
GTTAGCCAGAGCCACTAACT_004,117
TTTATTGCTTCAGGAAGAAC_001,127
TTTATTGCTTCAGGAAGAAC_002,198
TTTATTGCTTCAGGAAGAAC_003,168
CCATTTCATCTACACTAGAG_001,164
CCATTTCATCTACACTAGAG_002,170
CCATTTCATCTACACTAGAG_003,154
CCATTTCATCTACACTAGAG_004,34
CCATTTCATCTACACTAGAG_005,50
CCATTTCATCTACACTAGAG_006,95
CCATTTCATCTACACTAGAG_007,27
CCATTTCATCTACACTAGAG_008,36
CCATTTCATCTACACTAGAG_009,77
CCATTTCATCTACACTAGAG_010,169
AGTGCTGACAAGAAGGCTCA_001,172
AGTGCTGACAAGAAGGCTCA_002,114
AGTGCTGACAAGAAGGCTCA_003,27
AGTGCTGACAAGAAGGCTCA_004,125
AGTGCTGACAAGAAGGCTCA_005,196
AGTGCTGACAAGAAGGCTCA_006,151
AGTGCTGACAAGAAGGCTCA_007,6
AGTGCTGACAAGAAGGCTCA_008,174
GAGGACAGGATAATCGAGGG_001,49
GAGGACAGGATAATCGAGGG_002,78
GAGGACAGGATAATCGAGGG_003,162
GAGGACAGGATAATCGAGGG_004,21
GAGGACAGGATAATCGAGGG_005,92
GAGGACAGGATAATCGAGGG_006,76
TGACATGAACAAGAGGGACA_001,170
TGACATGAACAAGAGGGACA_002,179
TGACATGAACAAGAGGGACA_003,101
TGACATGAACAAGAGGGACA_004,68
TGACATGAACAAGAGGGACA_005,94
TGACATGAACAAGAGGGACA_006,28
TGACATGAACAAGAGGGACA_007,37
TGACATGAACAAGAGGGACA_008,41
TGACATGAACAAGAGGGACA_009,174
TGACATGAACAAGAGGGACA_010,41
TGACATGAACAAGAGGGACA_011,68
TGACATGAACAAGAGGGACA_012,27
TGACATGAACAAGAGGGACA_013,36
TGACATGAACAAGAGGGACA_014,166
TGACATGAACAAGAGGGACA_015,145
TGACATGAACAAGAGGGACA_016,140
TGACATGAACAAGAGGGACA_017,144
TGACATGAACAAGAGGGACA_018,124
AACATGTGTTGCAACTACTA_001,62
AACATGTGTTGCAACTACTA_002,29
AACATGTGTTGCAACTACTA_003,29
AACATGTGTTGCAACTACTA_004,75
AACATGTGTTGCAACTACTA_005,185
AACATGTGTTGCAACTACTA_006,138
AACATGTGTTGCAACTACTA_007,90
AACATGTGTTGCAACTACTA_008,115
AACATGTGTTGCAACTACTA_009,27
AGCTCTCACTCGGGAAACAG_001,56
AGCTCTCACTCGGGAAACAG_002,162
AGCTCTCACTCGGGAAACAG_003,15
AGCTCTCACTCGGGAAACAG_004,36
AGCTCTCACTCGGGAAACAG_005,58
AGCTCTCACTCGGGAAACAG_006,144
AGCTCTCACTCGGGAAACAG_007,115
AGCTCTCACTCGGGAAACAG_008,94
AGCTCTCACTCGGGAAACAG_009,30
AGCTCTCACTCGGGAAACAG_010,161
AGCTCTCACTCGGGAAACAG_011,174
AGCTCTCACTCGGGAAACAG_012,11
AGCTCTCACTCGGGAAACAG_013,186
AGCTCTCACTCGGGAAACAG_014,50
AGCTCTCACTCGGGAAACAG_015,72
AGCTCTCACTCGGGAAACAG_016,130
AGCTCTCACTCGGGAAACAG_017,52
AGCTCTCACTCGGGAAACAG_018,166
AGCTCTCACTCGGGAAACAG_019,124
AGCTCTCACTCGGGAAACAG_020,91
GGTCCAGTGTGAGATCGACG_001,191
GGTCCAGTGTGAGATCGACG_002,198
GGTCCAGTGTGAGATCGACG_003,42
GGTCCAGTGTGAGATCGACG_004,125
GGTCCAGTGTGAGATCGACG_005,159
GGTCCAGTGTGAGATCGACG_006,56
GGTCCAGTGTGAGATCGACG_007,40
GGTCCAGTGTGAGATCGACG_008,49
GGTCCAGTGTGAGATCGACG_009,41
GGTCCAGTGTGAGATCGACG_010,199
GGTCCAGTGTGAGATCGACG_011,113
GGTCCAGTGTGAGATCGACG_012,38
GGTCCAGTGTGAGATCGACG_013,184
GGTCCAGTGTGAGATCGACG_014,68
GGTCCAGTGTGAGATCGACG_015,30
GGTCCAGTGTGAGATCGACG_016,67
GGTCCAGTGTGAGATCGACG_017,137
GGTCCAGTGTGAGATCGACG_018,137
CCCACATCGTCCATCCACAC_001,89
ACGGTACATGCGCATGAGTC_001,106
ACGGTACATGCGCATGAGTC_002,128
ACGGTACATGCGCATGAGTC_003,108
ACGGTACATGCGCATGAGTC_004,76
ACGGTACATGCGCATGAGTC_005,12
ACGGTACATGCGCATGAGTC_006,150
ACGGTACATGCGCATGAGTC_007,145
ACGGTACATGCGCATGAGTC_008,42
ACGGTACATGCGCATGAGTC_009,56
AAGTAACACAAGATGAATCA_001,122
AAGTAACACAAGATGAATCA_002,168
CAACATGATCAGCCCAAGGG_001,47
CAACATGATCAGCCCAAGGG_002,186
CAACATGATCAGCCCAAGGG_003,4
CAACATGATCAGCCCAAGGG_004,158
CAACATGATCAGCCCAAGGG_005,147
CAACATGATCAGCCCAAGGG_006,94
CAACATGATCAGCCCAAGGG_007,88
CAACATGATCAGCCCAAGGG_008,46
GCGGGTCGAACCTCTCCAGT_001,184
GCGGGTCGAACCTCTCCAGT_002,117
GCGGGTCGAACCTCTCCAGT_003,152
CTGTCCACGAGAAACTAAGG_001,128
CTGTCCACGAGAAACTAAGG_002,189
TAGTGTACTTGATAAACAGG_001,178
AGTCTGGAGTGGTTGGATCA_001,127
AGTCTGGAGTGGTTGGATCA_002,1
AGTCTGGAGTGGTTGGATCA_003,2
AGTCTGGAGTGGTTGGATCA_004,118
AAAGACACTGTCTACACTAA_001,49
AAAGACACTGTCTACACTAA_002,160
AAAGACACTGTCTACACTAA_003,67
AAATCCTAGCACATTACCAC_001,148
AAATCCTAGCACATTACCAC_002,58
AAATCCTAGCACATTACCAC_003,16
AAATCCTAGCACATTACCAC_004,175
AAATCCTAGCACATTACCAC_005,62
AAATCCTAGCACATTACCAC_006,188
AAATCCTAGCACATTACCAC_007,154
AAATCCTAGCACATTACCAC_008,148
AAATCCTAGCACATTACCAC_009,134
AAATCCTAGCACATTACCAC_010,98
AAATCCTAGCACATTACCAC_011,12
AAATCCTAGCACATTACCAC_012,27
AAATCCTAGCACATTACCAC_013,16
AAATCCTAGCACATTACCAC_014,150
TGTTGGACATGAAGGTCACT_001,124
TGTTGGACATGAAGGTCACT_002,148
TGTTGGACATGAAGGTCACT_003,59
TGTTGGACATGAAGGTCACT_004,65
TGTTGGACATGAAGGTCACT_005,58
TGTTGGACATGAAGGTCACT_006,69
TGTTGGACATGAAGGTCACT_007,124
TGTTGGACATGAAGGTCACT_008,36
TGTTGGACATGAAGGTCACT_009,81
TGTTGGACATGAAGGTCACT_010,144
AAGGTCACACATAATGGCTG_001,88
AAGGTCACACATAATGGCTG_002,156
AAGGTCACACATAATGGCTG_003,146
AAGGTCACACATAATGGCTG_004,104
AGGCGTTATGAAGAGCACCT_001,65
AGGCGTTATGAAGAGCACCT_002,58
AGGCGTTATGAAGAGCACCT_003,25
AGGCGTTATGAAGAGCACCT_004,88
AGGCGTTATGAAGAGCACCT_005,183
AGGCGTTATGAAGAGCACCT_006,175
AGGCGTTATGAAGAGCACCT_007,122
AGGCGTTATGAAGAGCACCT_008,157
AGGCGTTATGAAGAGCACCT_009,101
AGGCGTTATGAAGAGCACCT_010,105
AGGCGTTATGAAGAGCACCT_011,15
AGGCGTTATGAAGAGCACCT_012,194
AGGCGTTATGAAGAGCACCT_013,94
AGGCGTTATGAAGAGCACCT_014,185
AGGCGTTATGAAGAGCACCT_015,189
AGGCGTTATGAAGAGCACCT_016,54
AGGCGTTATGAAGAGCACCT_017,117
AGGCGTTATGAAGAGCACCT_018,4
AGGCGTTATGAAGAGCACCT_019,113
AGGCGTTATGAAGAGCACCT_020,77
AGGCGTTATGAAGAGCACCT_021,150
AGGCGTTATGAAGAGCACCT_022,121
GGTGAAGCAGATCGAGAGCA_001,145
GGTGAAGCAGATCGAGAGCA_002,92
GGTGAAGCAGATCGAGAGCA_003,169
GGTGAAGCAGATCGAGAGCA_004,57
GGTGAAGCAGATCGAGAGCA_005,167
ATTGACGTCAGAGAGCAGCA_001,132
ATTGACGTCAGAGAGCAGCA_002,12
ATTGACGTCAGAGAGCAGCA_003,168
ATTGACGTCAGAGAGCAGCA_004,149
ATTGACGTCAGAGAGCAGCA_005,51
ATTGACGTCAGAGAGCAGCA_006,160
ATTGACGTCAGAGAGCAGCA_007,15
ATTGACGTCAGAGAGCAGCA_008,49
ATTGACGTCAGAGAGCAGCA_009,68
CAGGCCATAGCGCTTCACCG_001,126
CAGGCCATAGCGCTTCACCG_002,81
CAGGCCATAGCGCTTCACCG_003,114
CAGGCCATAGCGCTTCACCG_004,152
CAGGCCATAGCGCTTCACCG_005,147
CAGGCCATAGCGCTTCACCG_006,150
CAGGCCATAGCGCTTCACCG_007,30
CAGGCCATAGCGCTTCACCG_008,44
CAGGCCATAGCGCTTCACCG_009,113
CAGGCCATAGCGCTTCACCG_010,74
CAGGCCATAGCGCTTCACCG_011,54
CAGGCCATAGCGCTTCACCG_012,1
CAGGCCATAGCGCTTCACCG_013,53
CAGGCCATAGCGCTTCACCG_014,89
CAGGCCATAGCGCTTCACCG_015,97
GCAGCTTCACAAGCCAACCC_001,178
GCAGCTTCACAAGCCAACCC_002,51
GCAGCTTCACAAGCCAACCC_003,109
GCAGCTTCACAAGCCAACCC_004,9
GCAGCTTCACAAGCCAACCC_005,26
GCAGCTTCACAAGCCAACCC_006,64
TGGGTGGTACTGCCATCCGG_001,145
TGGGTGGTACTGCCATCCGG_002,130
GATCTGTGCCACCAATTATG_001,137
GATCTGTGCCACCAATTATG_002,49
GATCTGTGCCACCAATTATG_003,10
GATCTGTGCCACCAATTATG_004,130
GATCTGTGCCACCAATTATG_005,49
GATCTGTGCCACCAATTATG_006,146
GATCTGTGCCACCAATTATG_007,180
GAAGATAAAGACCCTAGGAG_001,171
GAAGATAAAGACCCTAGGAG_002,14
GTATCTTCCCGTCAAGAACG_001,63
GTATCTTCCCGTCAAGAACG_002,12
GTATCTTCCCGTCAAGAACG_003,53
GTATCTTCCCGTCAAGAACG_004,98
GTATCTTCCCGTCAAGAACG_005,98
GTATCTTCCCGTCAAGAACG_006,16
GTATCTTCCCGTCAAGAACG_007,184
GTATCTTCCCGTCAAGAACG_008,102
GTATCTTCCCGTCAAGAACG_009,189
GTATCTTCCCGTCAAGAACG_010,60
GTATCTTCCCGTCAAGAACG_011,57
TGGCCCTGACAGACGACATG_001,73
TGGCCCTGACAGACGACATG_002,19
TGGCCCTGACAGACGACATG_003,116
TGGCCCTGACAGACGACATG_004,31
TGGCCCTGACAGACGACATG_005,199
TGGCCCTGACAGACGACATG_006,48
TGGCCCTGACAGACGACATG_007,92
TGGCCCTGACAGACGACATG_008,4
TGGCCCTGACAGACGACATG_009,33
TGGCCCTGACAGACGACATG_010,35
TGGCCCTGACAGACGACATG_011,78
TGGCCCTGACAGACGACATG_012,140
TGGCCCTGACAGACGACATG_013,25
TGGCCCTGACAGACGACATG_014,36
TGGCCCTGACAGACGACATG_015,109
TGGCCCTGACAGACGACATG_016,147
TGGCCCTGACAGACGACATG_017,61
TGGCCCTGACAGACGACATG_018,84
TGGCCCTGACAGACGACATG_019,19
TGGCCCTGACAGACGACATG_020,28
TGGCCCTGACAGACGACATG_021,90
TGGCCCTGACAGACGACATG_022,46
TGGCCCTGACAGACGACATG_023,108
TGGCCCTGACAGACGACATG_024,4
TGGCCCTGACAGACGACATG_025,12
TGGCCCTGACAGACGACATG_026,185
TGGCCCTGACAGACGACATG_027,88
TGGCCCTGACAGACGACATG_028,72
TGGCCCTGACAGACGACATG_029,43
TGGCCCTGACAGACGACATG_030,32
CTGTGGGTCTTCGTAAATGA_001,60
CTGTGGGTCTTCGTAAATGA_002,114
CTGTGGGTCTTCGTAAATGA_003,47
CTGTGGGTCTTCGTAAATGA_004,33
CTGTGGGTCTTCGTAAATGA_005,134
CTGTGGGTCTTCGTAAATGA_006,43
CTGTGGGTCTTCGTAAATGA_007,196
CTGTGGGTCTTCGTAAATGA_008,19
TGAAATGCGCCTAGGCACAT_001,149
TGAAATGCGCCTAGGCACAT_002,137
TGAAATGCGCCTAGGCACAT_003,147
TGAAATGCGCCTAGGCACAT_004,39
TGAAATGCGCCTAGGCACAT_005,19
TGAAATGCGCCTAGGCACAT_006,105
TGAAATGCGCCTAGGCACAT_007,65
TGAAATGCGCCTAGGCACAT_008,4
TGAAATGCGCCTAGGCACAT_009,140
TGAAATGCGCCTAGGCACAT_010,26
TGAAATGCGCCTAGGCACAT_011,36
TGAAATGCGCCTAGGCACAT_012,36
TGAAATGCGCCTAGGCACAT_013,159
TGAAATGCGCCTAGGCACAT_014,159
TGAAATGCGCCTAGGCACAT_015,105
TGAAATGCGCCTAGGCACAT_016,3
TGAAATGCGCCTAGGCACAT_017,103
TGAAATGCGCCTAGGCACAT_018,196
GAAGTAGTAGTTATGGCGAG_001,12
GAAGTAGTAGTTATGGCGAG_002,194
GAAGTAGTAGTTATGGCGAG_003,198
TGATGTCGAAGACTTTCACA_001,63
TGATGTCGAAGACTTTCACA_002,168
TGATGTCGAAGACTTTCACA_003,42
TGATGTCGAAGACTTTCACA_004,56
TGATGTCGAAGACTTTCACA_005,163
TGATGTCGAAGACTTTCACA_006,40
TGATGTCGAAGACTTTCACA_007,158
TGATGTCGAAGACTTTCACA_008,162
TGATGTCGAAGACTTTCACA_009,42
CCAAGAAAAGCATTGACACA_001,40
CCAAGAAAAGCATTGACACA_002,57
CCAAGAAAAGCATTGACACA_003,193
CCAAGAAAAGCATTGACACA_004,60
CCAAGAAAAGCATTGACACA_005,160
CCAAGAAAAGCATTGACACA_006,118
CCAAGAAAAGCATTGACACA_007,165
CCAAGAAAAGCATTGACACA_008,166
CCAAGAAAAGCATTGACACA_009,133
AACTTTACACAACTCTGCCA_001,10
AACTTTACACAACTCTGCCA_002,105
AACTTTACACAACTCTGCCA_003,100
AACTTTACACAACTCTGCCA_004,147
AACTTTACACAACTCTGCCA_005,174
AACTTTACACAACTCTGCCA_006,138
AACTTTACACAACTCTGCCA_007,19
AACTTTACACAACTCTGCCA_008,145
AACTTTACACAACTCTGCCA_009,178
AACTTTACACAACTCTGCCA_010,19
AACTTTACACAACTCTGCCA_011,28
ACTATGGCAACTACCGGCGT_001,134
ACTATGGCAACTACCGGCGT_002,146
ACTATGGCAACTACCGGCGT_003,17
ACTATGGCAACTACCGGCGT_004,76
ACTATGGCAACTACCGGCGT_005,177
ACTATGGCAACTACCGGCGT_006,49
ACTATGGCAACTACCGGCGT_007,73
ACTATGGCAACTACCGGCGT_008,44
ACTATGGCAACTACCGGCGT_009,64
ACTATGGCAACTACCGGCGT_010,18
ACTATGGCAACTACCGGCGT_011,93
ACTATGGCAACTACCGGCGT_012,127
ACTATGGCAACTACCGGCGT_013,161
ACTATGGCAACTACCGGCGT_014,49
ACTATGGCAACTACCGGCGT_015,185
ACTATGGCAACTACCGGCGT_016,149
ACTATGGCAACTACCGGCGT_017,175
ACTATGGCAACTACCGGCGT_018,144
ACTATGGCAACTACCGGCGT_019,159
TTCAGACACTAGTAACTGCG_001,33
TTCAGACACTAGTAACTGCG_002,53
AGCGCTCCCGCATGCCGGTG_001,155
AGCGCTCCCGCATGCCGGTG_002,197
AGCGCTCCCGCATGCCGGTG_003,43
AGCGCTCCCGCATGCCGGTG_004,49
AGCGCTCCCGCATGCCGGTG_005,187
AGCGCTCCCGCATGCCGGTG_006,188
AGCGCTCCCGCATGCCGGTG_007,149
AGCGCTCCCGCATGCCGGTG_008,105
AGCGCTCCCGCATGCCGGTG_009,58
AGCGCTCCCGCATGCCGGTG_010,188
AGCGCTCCCGCATGCCGGTG_011,106
AGCGCTCCCGCATGCCGGTG_012,125
AGCGCTCCCGCATGCCGGTG_013,198
AGCGCTCCCGCATGCCGGTG_014,12
AGCGCTCCCGCATGCCGGTG_015,151
AGCGCTCCCGCATGCCGGTG_016,199
AGCGCTCCCGCATGCCGGTG_017,125
AGCGCTCCCGCATGCCGGTG_018,34
AGCGCTCCCGCATGCCGGTG_019,106
AGCGCTCCCGCATGCCGGTG_020,149
AGCGCTCCCGCATGCCGGTG_021,2
AGCGCTCCCGCATGCCGGTG_022,9
AGCGCTCCCGCATGCCGGTG_023,23
AGCGCTCCCGCATGCCGGTG_024,36
GGCAGCGGGAGGGTCTTCCG_001,177
GGCAGCGGGAGGGTCTTCCG_002,167
GGCAGCGGGAGGGTCTTCCG_003,185
GGCAGCGGGAGGGTCTTCCG_004,162
GGCAGCGGGAGGGTCTTCCG_005,132
GGCAGCGGGAGGGTCTTCCG_006,160
GGCAGCGGGAGGGTCTTCCG_007,127
GGCAGCGGGAGGGTCTTCCG_008,25
GGCAGCGGGAGGGTCTTCCG_009,115
GGCAGCGGGAGGGTCTTCCG_010,152
GGCAGCGGGAGGGTCTTCCG_011,137
ACGGTGGTGAAAGATATAGC_001,160
ACGGTGGTGAAAGATATAGC_002,34
ACGGTGGTGAAAGATATAGC_003,148
ACGGTGGTGAAAGATATAGC_004,77
ACGGTGGTGAAAGATATAGC_005,40
ACGGTGGTGAAAGATATAGC_006,37
ACGGTGGTGAAAGATATAGC_007,0
GCAAACCCAAAAATCTACGA_001,1
GCAAACCCAAAAATCTACGA_002,137
GCAAACCCAAAAATCTACGA_003,172
GCAAACCCAAAAATCTACGA_004,48
GAAGTTCAAATTCCCTTGAC_001,187
GAAGTTCAAATTCCCTTGAC_002,41
GAAGTTCAAATTCCCTTGAC_003,146
GAAGTTCAAATTCCCTTGAC_004,40
GAAGTTCAAATTCCCTTGAC_005,62
GAAGTTCAAATTCCCTTGAC_006,139
GAAGTTCAAATTCCCTTGAC_007,117
GAAGTTCAAATTCCCTTGAC_008,78
GAAGTTCAAATTCCCTTGAC_009,61
GAAGTTCAAATTCCCTTGAC_010,42
GAAGTTCAAATTCCCTTGAC_011,102
GAAGTTCAAATTCCCTTGAC_012,130
GAAGTTCAAATTCCCTTGAC_013,50
TTGGTGGTAACTGTGGCAGA_001,140
TTGGTGGTAACTGTGGCAGA_002,182
TTGGTGGTAACTGTGGCAGA_003,9
TTGGTGGTAACTGTGGCAGA_004,1
TTGGTGGTAACTGTGGCAGA_005,162
TTGGTGGTAACTGTGGCAGA_006,169
TTGGTGGTAACTGTGGCAGA_007,90
TTGGTGGTAACTGTGGCAGA_008,22
TTGGTGGTAACTGTGGCAGA_009,192
TTGGTGGTAACTGTGGCAGA_010,102
TTGGTGGTAACTGTGGCAGA_011,10
TCTGATTAAGAGGTACCAGT_001,83
TCTGATTAAGAGGTACCAGT_002,78
TCTGATTAAGAGGTACCAGT_003,151
TCTGATTAAGAGGTACCAGT_004,191
TCTGATTAAGAGGTACCAGT_005,121
TCTGATTAAGAGGTACCAGT_006,148
TCTGATTAAGAGGTACCAGT_007,138
CCGGGACCCCGGCCTCGGAT_001,15
CCGGGACCCCGGCCTCGGAT_002,149
CCGGGACCCCGGCCTCGGAT_003,147
CCGGGACCCCGGCCTCGGAT_004,80
CCGGGACCCCGGCCTCGGAT_005,122
CCGGGACCCCGGCCTCGGAT_006,141
CCGGGACCCCGGCCTCGGAT_007,132
CCGGGACCCCGGCCTCGGAT_008,8
CCGGGACCCCGGCCTCGGAT_009,49
CCGGGACCCCGGCCTCGGAT_010,104
CCGGGACCCCGGCCTCGGAT_011,31
CCGGGACCCCGGCCTCGGAT_012,2
CCGGGACCCCGGCCTCGGAT_013,39
CCGGGACCCCGGCCTCGGAT_014,142
CCGGGACCCCGGCCTCGGAT_015,63
CCGGGACCCCGGCCTCGGAT_016,77
CCGGGACCCCGGCCTCGGAT_017,35
CCGGGACCCCGGCCTCGGAT_018,112
CCGGGACCCCGGCCTCGGAT_019,77
CCGGGACCCCGGCCTCGGAT_020,71
CCGGGACCCCGGCCTCGGAT_021,49
GGCCCAGACACAACTTGCGG_001,56
GGCCCAGACACAACTTGCGG_002,17
GGCCCAGACACAACTTGCGG_003,18
GGCCCAGACACAACTTGCGG_004,184
GGCCCAGACACAACTTGCGG_005,166
GGCCCAGACACAACTTGCGG_006,34
GGCCCAGACACAACTTGCGG_007,59
GGCCCAGACACAACTTGCGG_008,177
GGCCCAGACACAACTTGCGG_009,134
GGCCCAGACACAACTTGCGG_010,184
GGCCCAGACACAACTTGCGG_011,149
GGCCCAGACACAACTTGCGG_012,123
GGCCCAGACACAACTTGCGG_013,38
GGCCCAGACACAACTTGCGG_014,176
GGCCCAGACACAACTTGCGG_015,56
GGCCCAGACACAACTTGCGG_016,52
GGCCCAGACACAACTTGCGG_017,140
GGCCCAGACACAACTTGCGG_018,148
GGCCCAGACACAACTTGCGG_019,142
GGCCCAGACACAACTTGCGG_020,10
GGCCCAGACACAACTTGCGG_021,63
GGCCCAGACACAACTTGCGG_022,172
CAAACAGTAAGAGCCCCTGT_001,144
CAAACAGTAAGAGCCCCTGT_002,100
CAAACAGTAAGAGCCCCTGT_003,23
CTTCCCGGGTCAAAGCAGAG_001,53
CTTCCCGGGTCAAAGCAGAG_002,194
CTTCCCGGGTCAAAGCAGAG_003,47
CTTCCCGGGTCAAAGCAGAG_004,108
CTTCCCGGGTCAAAGCAGAG_005,180
CTTCCCGGGTCAAAGCAGAG_006,154
AGTGTGCAAGATTAGCCCCG_001,117
AGTGTGCAAGATTAGCCCCG_002,77
AGTGTGCAAGATTAGCCCCG_003,169
AGTGTGCAAGATTAGCCCCG_004,7
AGTGTGCAAGATTAGCCCCG_005,9
AGTGTGCAAGATTAGCCCCG_006,188
AGTGTGCAAGATTAGCCCCG_007,153
AGTGTGCAAGATTAGCCCCG_008,39
AGTGTGCAAGATTAGCCCCG_009,66
ATTATCGAGCATCCGCATGA_001,15
ATTATCGAGCATCCGCATGA_002,108
ATTATCGAGCATCCGCATGA_003,104
ATTATCGAGCATCCGCATGA_004,181
ATTATCGAGCATCCGCATGA_005,145
ATTATCGAGCATCCGCATGA_006,148
ATTATCGAGCATCCGCATGA_007,185
ATTATCGAGCATCCGCATGA_008,23
ATTATCGAGCATCCGCATGA_009,64
ATTATCGAGCATCCGCATGA_010,95
ATTATCGAGCATCCGCATGA_011,181
ATTATCGAGCATCCGCATGA_012,106
ATTATCGAGCATCCGCATGA_013,29
ATTATCGAGCATCCGCATGA_014,43
ATTATCGAGCATCCGCATGA_015,176
ATTATCGAGCATCCGCATGA_016,187
ATTATCGAGCATCCGCATGA_017,80
ATTATCGAGCATCCGCATGA_018,199
ATTATCGAGCATCCGCATGA_019,86
ATTATCGAGCATCCGCATGA_020,48
CTACATCCAGTGCATGCACG_001,11
CTACATCCAGTGCATGCACG_002,190
CTACATCCAGTGCATGCACG_003,32
CTACATCCAGTGCATGCACG_004,154
CTACATCCAGTGCATGCACG_005,191
CTACATCCAGTGCATGCACG_006,153
CTACATCCAGTGCATGCACG_007,85
CTACATCCAGTGCATGCACG_008,123
CTACATCCAGTGCATGCACG_009,184
CTACATCCAGTGCATGCACG_010,80
CTACATCCAGTGCATGCACG_011,137
CTACATCCAGTGCATGCACG_012,158
CTACATCCAGTGCATGCACG_013,69
CTACATCCAGTGCATGCACG_014,102
CTACATCCAGTGCATGCACG_015,184
CTACATCCAGTGCATGCACG_016,67
CTACATCCAGTGCATGCACG_017,33
CTACATCCAGTGCATGCACG_018,184
CTACATCCAGTGCATGCACG_019,63
CTACATCCAGTGCATGCACG_020,90
CTACATCCAGTGCATGCACG_021,1
CTACATCCAGTGCATGCACG_022,96
GAAATAAAGCCTCTCCCAGG_001,21
GAAATAAAGCCTCTCCCAGG_002,12
GAAATAAAGCCTCTCCCAGG_003,115
GAAATAAAGCCTCTCCCAGG_004,2
GAAATAAAGCCTCTCCCAGG_005,2
GAAATAAAGCCTCTCCCAGG_006,169
GAAATAAAGCCTCTCCCAGG_007,88
GAAATAAAGCCTCTCCCAGG_008,169
GAAATAAAGCCTCTCCCAGG_009,145
GAAATAAAGCCTCTCCCAGG_010,112
AGGTGAAGGCCGGTTGCCAG_001,18
AGGTGAAGGCCGGTTGCCAG_002,169
AGGTGAAGGCCGGTTGCCAG_003,169
AGGTGAAGGCCGGTTGCCAG_004,127
AGGTGAAGGCCGGTTGCCAG_005,107
AGGTGAAGGCCGGTTGCCAG_006,67
AGGTGAAGGCCGGTTGCCAG_007,180
AGGTGAAGGCCGGTTGCCAG_008,20
AGGTGAAGGCCGGTTGCCAG_009,73
AGGTGAAGGCCGGTTGCCAG_010,62
AGGTGAAGGCCGGTTGCCAG_011,104
AGGTGAAGGCCGGTTGCCAG_012,169
AGGTGAAGGCCGGTTGCCAG_013,185
AGGTGAAGGCCGGTTGCCAG_014,62
AGGTGAAGGCCGGTTGCCAG_015,112
AGGTGAAGGCCGGTTGCCAG_016,29
AGGTGAAGGCCGGTTGCCAG_017,165
AGGTGAAGGCCGGTTGCCAG_018,162
AGGTGAAGGCCGGTTGCCAG_019,82
AGGTGAAGGCCGGTTGCCAG_020,156
AGGTGAAGGCCGGTTGCCAG_021,118
AGGTGAAGGCCGGTTGCCAG_022,67
AGGTGAAGGCCGGTTGCCAG_023,96
AGGTGAAGGCCGGTTGCCAG_024,125
AGGTGAAGGCCGGTTGCCAG_025,93
AGGTGAAGGCCGGTTGCCAG_026,175
AGGTGAAGGCCGGTTGCCAG_027,135
AGGTGAAGGCCGGTTGCCAG_028,41
AGGTGAAGGCCGGTTGCCAG_029,157
AGGTGAAGGCCGGTTGCCAG_030,158
CAGCACAGTAAACTTCTGTA_001,4
CAGCACAGTAAACTTCTGTA_002,14
CAGCACAGTAAACTTCTGTA_003,12
CAGCACAGTAAACTTCTGTA_004,77
CAGCACAGTAAACTTCTGTA_005,136
CAGCACAGTAAACTTCTGTA_006,192
CAGCACAGTAAACTTCTGTA_007,95
CAGCACAGTAAACTTCTGTA_008,70
CAGCACAGTAAACTTCTGTA_009,67
CAGCACAGTAAACTTCTGTA_010,92
CAGCACAGTAAACTTCTGTA_011,158
CAGCACAGTAAACTTCTGTA_012,67
CAGCACAGTAAACTTCTGTA_013,117
CAGCACAGTAAACTTCTGTA_014,66
GATAGATCGTTCAGGCCGCG_001,166
GATAGATCGTTCAGGCCGCG_002,19
GATAGATCGTTCAGGCCGCG_003,17
GATAGATCGTTCAGGCCGCG_004,192
GATAGATCGTTCAGGCCGCG_005,86
GATAGATCGTTCAGGCCGCG_006,156
GATAGATCGTTCAGGCCGCG_007,5
GATAGATCGTTCAGGCCGCG_008,149
GATAGATCGTTCAGGCCGCG_009,82
AAGAAATGTTCTCGACAGCA_001,91
AAGAAATGTTCTCGACAGCA_002,182
CTGGCGCAGGTACTCATACA_001,150
CTGGCGCAGGTACTCATACA_002,178
CTGGCGCAGGTACTCATACA_003,194
CTGGCGCAGGTACTCATACA_004,88
CTGGCGCAGGTACTCATACA_005,65
CTGGCGCAGGTACTCATACA_006,175
AGAAGACTTATTAACAGTGG_001,114
GCAGCGCTCCAGGAATGCCG_001,198
GCAGCGCTCCAGGAATGCCG_002,161
GCAGCGCTCCAGGAATGCCG_003,57
GCAGCGCTCCAGGAATGCCG_004,45
GCAGCGCTCCAGGAATGCCG_005,28
GCAGCGCTCCAGGAATGCCG_006,196
GCAGCGCTCCAGGAATGCCG_007,48
GTCTGCAACCACATGATAGT_001,4
GTCTGCAACCACATGATAGT_002,189
GTCTGCAACCACATGATAGT_003,12
GTCTGCAACCACATGATAGT_004,130
GTCTGCAACCACATGATAGT_005,65
GTCTGCAACCACATGATAGT_006,23
GTCTGCAACCACATGATAGT_007,158
GTCTGCAACCACATGATAGT_008,58
GTCTGCAACCACATGATAGT_009,182
GTCTGCAACCACATGATAGT_010,141
GTCTGCAACCACATGATAGT_011,68
GTCTGCAACCACATGATAGT_012,152
GTCTGCAACCACATGATAGT_013,45
GTCTGCAACCACATGATAGT_014,60
GTCTGCAACCACATGATAGT_015,59
GTCTGCAACCACATGATAGT_016,168
GTCTGCAACCACATGATAGT_017,12
TGCTAAGAGTGTCGGTGCCG_001,34
TGCTAAGAGTGTCGGTGCCG_002,98
TGCTAAGAGTGTCGGTGCCG_003,146
TGCTAAGAGTGTCGGTGCCG_004,114
TGCTAAGAGTGTCGGTGCCG_005,83
TGCTAAGAGTGTCGGTGCCG_006,74
TGCTAAGAGTGTCGGTGCCG_007,33
TGCTAAGAGTGTCGGTGCCG_008,68
CCCACCACGAGAGAGAGGCC_001,99
CCCACCACGAGAGAGAGGCC_002,92
CCCACCACGAGAGAGAGGCC_003,19
TGTAGTTTAAGGAATTTCTG_001,196
TGTAGTTTAAGGAATTTCTG_002,100
TGTAGTTTAAGGAATTTCTG_003,47
TGTAGTTTAAGGAATTTCTG_004,27
TGTAGTTTAAGGAATTTCTG_005,134
TGTAGTTTAAGGAATTTCTG_006,145
CGGCCTTGCAGGACTAACCC_001,149
CGGCCTTGCAGGACTAACCC_002,105
CGGCCTTGCAGGACTAACCC_003,188
AGGCCGAGTCGGTCACCCTG_001,8
AGGCCGAGTCGGTCACCCTG_002,72
AGGCCGAGTCGGTCACCCTG_003,162
AGGCCGAGTCGGTCACCCTG_004,70
AGGCCGAGTCGGTCACCCTG_005,118
AGGCCGAGTCGGTCACCCTG_006,46
AGGCCGAGTCGGTCACCCTG_007,36
AGGCCTCCATGAACAGCGTG_001,28
AGGCCTCCATGAACAGCGTG_002,28
AGGCCTCCATGAACAGCGTG_003,56
AGGCCTCCATGAACAGCGTG_004,17
AGGCCTCCATGAACAGCGTG_005,81
AGGCCTCCATGAACAGCGTG_006,105
AGGCCTCCATGAACAGCGTG_007,34
AGGCCTCCATGAACAGCGTG_008,61
AGGCCTCCATGAACAGCGTG_009,183
AGGCCTCCATGAACAGCGTG_010,191
GAGTATATTAGCCAAGCTAC_001,49
CGAAAGTCCTACGATTGCGG_001,191
CGAAAGTCCTACGATTGCGG_002,88
CGAAAGTCCTACGATTGCGG_003,8
CTCATCTCCAAGGTGCCCCG_001,42
CTCATCTCCAAGGTGCCCCG_002,105
CTCATCTCCAAGGTGCCCCG_003,169
CTCATCTCCAAGGTGCCCCG_004,84
CTCATCTCCAAGGTGCCCCG_005,8
CTCATCTCCAAGGTGCCCCG_006,193
GGAGTTCCCTCGCCGCACTG_001,41
GGAGTTCCCTCGCCGCACTG_002,147
GGAGTTCCCTCGCCGCACTG_003,48
GGAGTTCCCTCGCCGCACTG_004,41
GGAGTTCCCTCGCCGCACTG_005,12
GGAGTTCCCTCGCCGCACTG_006,84
GGAGTTCCCTCGCCGCACTG_007,50
GGAGTTCCCTCGCCGCACTG_008,108
GGAGTTCCCTCGCCGCACTG_009,47
GGAGTTCCCTCGCCGCACTG_010,58
GGAGTTCCCTCGCCGCACTG_011,184
GGAGTTCCCTCGCCGCACTG_012,104
GGAGTTCCCTCGCCGCACTG_013,106
GGAGTTCCCTCGCCGCACTG_014,174
GGAGTTCCCTCGCCGCACTG_015,22
GGAGTTCCCTCGCCGCACTG_016,27
GGAGTTCCCTCGCCGCACTG_017,78
GGAGTTCCCTCGCCGCACTG_018,197
GGAGTTCCCTCGCCGCACTG_019,91
GGAGTTCCCTCGCCGCACTG_020,48
GGAGTTCCCTCGCCGCACTG_021,121
GGAGTTCCCTCGCCGCACTG_022,180
GGAGTTCCCTCGCCGCACTG_023,98
GGAGTTCCCTCGCCGCACTG_024,116
GGAGTTCCCTCGCCGCACTG_025,147
TCCGTCTGCAGACGGCAACG_001,140
TCCGTCTGCAGACGGCAACG_002,77
TCCGTCTGCAGACGGCAACG_003,119
TCCGTCTGCAGACGGCAACG_004,199
TCCGTCTGCAGACGGCAACG_005,121
CAGGTACCAGAGCTTACCTG_001,103
CAGGTACCAGAGCTTACCTG_002,79
CAGGTACCAGAGCTTACCTG_003,43
CAGGTACCAGAGCTTACCTG_004,27
CAGGTACCAGAGCTTACCTG_005,49
CAGGTACCAGAGCTTACCTG_006,150
CAGGTACCAGAGCTTACCTG_007,147
CAGGTACCAGAGCTTACCTG_008,88
CAGGTACCAGAGCTTACCTG_009,179
CAGGTACCAGAGCTTACCTG_010,182
CAGGTACCAGAGCTTACCTG_011,69
CAGGTACCAGAGCTTACCTG_012,126
CAGGTACCAGAGCTTACCTG_013,60
CAGGTACCAGAGCTTACCTG_014,120
CAGGTACCAGAGCTTACCTG_015,127
CATGTGCAATCACAGCAGCC_001,158
CATGTGCAATCACAGCAGCC_002,199
CATGTGCAATCACAGCAGCC_003,158
CATGTGCAATCACAGCAGCC_004,58
CATGTGCAATCACAGCAGCC_005,0
CATGTGCAATCACAGCAGCC_006,168
CATGTGCAATCACAGCAGCC_007,58
CATGTGCAATCACAGCAGCC_008,188
CATGTGCAATCACAGCAGCC_009,0
CATGTGCAATCACAGCAGCC_010,137
CATGTGCAATCACAGCAGCC_011,88
CATGTGCAATCACAGCAGCC_012,41
GACAGCAGCGCTGGTCAAGG_001,104
GACAGCAGCGCTGGTCAAGG_002,162
GACAGCAGCGCTGGTCAAGG_003,41
GCCTTCGCTTTGAACCCAAG_001,172
GCCTTCGCTTTGAACCCAAG_002,4
GCCTTCGCTTTGAACCCAAG_003,106
GCCTTCGCTTTGAACCCAAG_004,130
GCCTTCGCTTTGAACCCAAG_005,50
GCCTTCGCTTTGAACCCAAG_006,65
GCCTTCGCTTTGAACCCAAG_007,159
GCCTTCGCTTTGAACCCAAG_008,28
GCCTTCGCTTTGAACCCAAG_009,169
GCCTTCGCTTTGAACCCAAG_010,37
GCCTTCGCTTTGAACCCAAG_011,88
GCCTTCGCTTTGAACCCAAG_012,30
GCCTTCGCTTTGAACCCAAG_013,159
GCCTTCGCTTTGAACCCAAG_014,67
GCCTTCGCTTTGAACCCAAG_015,142
GCCTTCGCTTTGAACCCAAG_016,166
GCCTTCGCTTTGAACCCAAG_017,63
GTACCTGTGTGAACGAACAG_001,72
GTACCTGTGTGAACGAACAG_002,72
GTACCTGTGTGAACGAACAG_003,2
GTACCTGTGTGAACGAACAG_004,158
CTGATTGACGCACACATCGA_001,41
CTGATTGACGCACACATCGA_002,84
CTGATTGACGCACACATCGA_003,191
CTGATTGACGCACACATCGA_004,96
CTGATTGACGCACACATCGA_005,99
CTGATTGACGCACACATCGA_006,66
TGGACAAGGGAGATCCCTTG_001,17
TGGACAAGGGAGATCCCTTG_002,160
TGGACAAGGGAGATCCCTTG_003,102
TGGACAAGGGAGATCCCTTG_004,167
TGGACAAGGGAGATCCCTTG_005,167
TGGACAAGGGAGATCCCTTG_006,135
CAACCGGCAGCGAGGGAACG_001,8
CAACCGGCAGCGAGGGAACG_002,78
CAACCGGCAGCGAGGGAACG_003,40
CAACCGGCAGCGAGGGAACG_004,157
CAACCGGCAGCGAGGGAACG_005,162
CAACCGGCAGCGAGGGAACG_006,180
ATCTTGAATGGGGATCGCCC_001,13
ATCTTGAATGGGGATCGCCC_002,82
GCTTCAGTAGCAGGGTACGT_001,172
GCTTCAGTAGCAGGGTACGT_002,94
GCTTCAGTAGCAGGGTACGT_003,85
GCTTCAGTAGCAGGGTACGT_004,41
GCTTCAGTAGCAGGGTACGT_005,34
GCTTCAGTAGCAGGGTACGT_006,51
GCTTCAGTAGCAGGGTACGT_007,107
GCTTCAGTAGCAGGGTACGT_008,135
GCTTCAGTAGCAGGGTACGT_009,34
GCTTCAGTAGCAGGGTACGT_010,89
GCTTCAGTAGCAGGGTACGT_011,116
GCTTCAGTAGCAGGGTACGT_012,192
GCTTCAGTAGCAGGGTACGT_013,199
GCTTCAGTAGCAGGGTACGT_014,130
GCTTCAGTAGCAGGGTACGT_015,146
GCTTCAGTAGCAGGGTACGT_016,193
GCTTCAGTAGCAGGGTACGT_017,197
GCTTCAGTAGCAGGGTACGT_018,94
GCTTCAGTAGCAGGGTACGT_019,76
GCTTCAGTAGCAGGGTACGT_020,163
GCTTCAGTAGCAGGGTACGT_021,1
GCTTCAGTAGCAGGGTACGT_022,50
GCTTCAGTAGCAGGGTACGT_023,105
GCTTCAGTAGCAGGGTACGT_024,30
GCTTCAGTAGCAGGGTACGT_025,104
AATGCTGAGGATGTTGAGCA_001,96
AATGCTGAGGATGTTGAGCA_002,73
AATGCTGAGGATGTTGAGCA_003,62
AATGCTGAGGATGTTGAGCA_004,38
TTCGTGCAAATCAGTTGGGG_001,88
TTCGTGCAAATCAGTTGGGG_002,48
TTCGTGCAAATCAGTTGGGG_003,96
TTCGTGCAAATCAGTTGGGG_004,30
TTCGTGCAAATCAGTTGGGG_005,66
TTCGTGCAAATCAGTTGGGG_006,3
TTCGTGCAAATCAGTTGGGG_007,69
TTCGTGCAAATCAGTTGGGG_008,97
TTCGTGCAAATCAGTTGGGG_009,48
TTCGTGCAAATCAGTTGGGG_010,48
TTCGTGCAAATCAGTTGGGG_011,48
TTCGTGCAAATCAGTTGGGG_012,9
TTCGTGCAAATCAGTTGGGG_013,62
TTCGTGCAAATCAGTTGGGG_014,103
TTCGTGCAAATCAGTTGGGG_015,40
GCAGAGGGCGAAGAGTCCTA_001,146
GCAGAGGGCGAAGAGTCCTA_002,144
GCAGAGGGCGAAGAGTCCTA_003,144
GCAGAGGGCGAAGAGTCCTA_004,23
GCAGAGGGCGAAGAGTCCTA_005,117
GCAGAGGGCGAAGAGTCCTA_006,78
GCAGAGGGCGAAGAGTCCTA_007,78
GCAGAGGGCGAAGAGTCCTA_008,131
GCAGAGGGCGAAGAGTCCTA_009,6
GCAGAGGGCGAAGAGTCCTA_010,199
GCAGAGGGCGAAGAGTCCTA_011,170
GCAGAGCTGGACGGGCGTTG_001,162
GCAGAGCTGGACGGGCGTTG_002,29
GCAGAGCTGGACGGGCGTTG_003,121
ACAGAGTATTTAGAAGGCGT_001,62
ACAGAGTATTTAGAAGGCGT_002,24
ACAGAGTATTTAGAAGGCGT_003,64
GTCCTGTGAGCCTCTCCTTG_001,37
GTCCTGTGAGCCTCTCCTTG_002,1
GTCCTGTGAGCCTCTCCTTG_003,76
GTCCTGTGAGCCTCTCCTTG_004,56
GTCCTGTGAGCCTCTCCTTG_005,172
GTCCTGTGAGCCTCTCCTTG_006,174
GTCCTGTGAGCCTCTCCTTG_007,13
GTCCTGTGAGCCTCTCCTTG_008,99
GTCCTGTGAGCCTCTCCTTG_009,52
GTCCTGTGAGCCTCTCCTTG_010,169
GTCCTGTGAGCCTCTCCTTG_011,161
GTCCTGTGAGCCTCTCCTTG_012,168
GTCCTGTGAGCCTCTCCTTG_013,199
GTCCTGTGAGCCTCTCCTTG_014,76
GTCCTGTGAGCCTCTCCTTG_015,81
GTCCTGTGAGCCTCTCCTTG_016,80
GTCCTGTGAGCCTCTCCTTG_017,80
GTCCTGTGAGCCTCTCCTTG_018,40
GTCCTGTGAGCCTCTCCTTG_019,182
GTCCTGTGAGCCTCTCCTTG_020,21
GTCCTGTGAGCCTCTCCTTG_021,6
GTCCTGTGAGCCTCTCCTTG_022,45
TTCCATTTGAGGCTACCCCA_001,78
TTCCATTTGAGGCTACCCCA_002,43
TTCCATTTGAGGCTACCCCA_003,12
TTCCATTTGAGGCTACCCCA_004,107
TTCCATTTGAGGCTACCCCA_005,80
TTCCATTTGAGGCTACCCCA_006,168
TTCCATTTGAGGCTACCCCA_007,52
TTCCATTTGAGGCTACCCCA_008,78
TGCAAGCGCCATCCACGACG_001,15
TGCAAGCGCCATCCACGACG_002,137
TGCAAGCGCCATCCACGACG_003,121
TGCAAGCGCCATCCACGACG_004,97
TGCAAGCGCCATCCACGACG_005,17
TGCAAGCGCCATCCACGACG_006,189
TGCAAGCGCCATCCACGACG_007,0
TGCAAGCGCCATCCACGACG_008,92
TGCAAGCGCCATCCACGACG_009,144
TGCAAGCGCCATCCACGACG_010,10
GGGCCGTGGCCTTTAACAAG_001,194
GGGCCGTGGCCTTTAACAAG_002,108
GGGCCGTGGCCTTTAACAAG_003,105
GGGCCGTGGCCTTTAACAAG_004,93
GGGCCGTGGCCTTTAACAAG_005,17
GGGCCGTGGCCTTTAACAAG_006,133
GGGCCGTGGCCTTTAACAAG_007,69
TTCAAACACTACCACCATCA_001,12
TTCAAACACTACCACCATCA_002,126
CATGCTGGCTAGTTCAGAGA_001,146
CATGCTGGCTAGTTCAGAGA_002,150
CATGCTGGCTAGTTCAGAGA_003,166
GCAAGGTCACAAGAAACACG_001,181
GCAAGGTCACAAGAAACACG_002,29
GCAAGGTCACAAGAAACACG_003,53
GCAAGGTCACAAGAAACACG_004,94
GCAAGGTCACAAGAAACACG_005,115
GCAAGGTCACAAGAAACACG_006,128
GCAAGGTCACAAGAAACACG_007,88
AAGAGCCGGATAAAAAAGAG_001,8
AAGAGCCGGATAAAAAAGAG_002,186
AAGAGCCGGATAAAAAAGAG_003,108
AAGAGCCGGATAAAAAAGAG_004,47
TCCCGGCACAACATCTACCG_001,163
TCCCGGCACAACATCTACCG_002,73
TCCCGGCACAACATCTACCG_003,198
TCCCGGCACAACATCTACCG_004,77
GGGAGTGGTACTGCGAATGG_001,49
GGGAGTGGTACTGCGAATGG_002,198
GGGAGTGGTACTGCGAATGG_003,163
GGGAGTGGTACTGCGAATGG_004,156
GGGAGTGGTACTGCGAATGG_005,72
GGGAGTGGTACTGCGAATGG_006,76
GGGAGTGGTACTGCGAATGG_007,192
GGGAGTGGTACTGCGAATGG_008,76
GGGAGTGGTACTGCGAATGG_009,39
AGAGGTTCAATAAAGTACGG_001,116
AGGCGCCAACATTGACCGTA_001,134
AGGCGCCAACATTGACCGTA_002,2
AGGCGCCAACATTGACCGTA_003,79
AGGCGCCAACATTGACCGTA_004,62
AGGCGCCAACATTGACCGTA_005,15
AGGCGCCAACATTGACCGTA_006,175
AGGCGCCAACATTGACCGTA_007,81
AGGCGCCAACATTGACCGTA_008,83
AGGCGCCAACATTGACCGTA_009,100
AGGCGCCAACATTGACCGTA_010,115
AGGCGCCAACATTGACCGTA_011,2
AGGCGCCAACATTGACCGTA_012,88
AGGCGCCAACATTGACCGTA_013,127
AGGCGCCAACATTGACCGTA_014,48
AGGCGCCAACATTGACCGTA_015,11
AGGCGCCAACATTGACCGTA_016,1
AGGCGCCAACATTGACCGTA_017,179
AGGCGCCAACATTGACCGTA_018,150
AGGCGCCAACATTGACCGTA_019,169
AGGCGCCAACATTGACCGTA_020,186
AGGCGCCAACATTGACCGTA_021,78
AGGCGCCAACATTGACCGTA_022,184
AGGCGCCAACATTGACCGTA_023,19
AGGCGCCAACATTGACCGTA_024,125
AGGCGCCAACATTGACCGTA_025,105
AGGCGCCAACATTGACCGTA_026,29
AGGCGCCAACATTGACCGTA_027,60
AGGCGCCAACATTGACCGTA_028,70
AGGCGCCAACATTGACCGTA_029,150
AGGCGCCAACATTGACCGTA_030,140
AGGCGCCAACATTGACCGTA_031,9
AGGCGCCAACATTGACCGTA_032,190
AGGCGCCAACATTGACCGTA_033,140
AGGCGCCAACATTGACCGTA_034,63
AGGCGCCAACATTGACCGTA_035,6
AGGCGCCAACATTGACCGTA_036,48
AGGCGCCAACATTGACCGTA_037,11
AGGCGCCAACATTGACCGTA_038,52
AGGCGCCAACATTGACCGTA_039,198
AGGCGCCAACATTGACCGTA_040,88
AGGCGCCAACATTGACCGTA_041,61
AGGCGCCAACATTGACCGTA_042,29
AGGCGCCAACATTGACCGTA_043,10
AGGCGCCAACATTGACCGTA_044,56
AGGCGCCAACATTGACCGTA_045,147
AGGCGCCAACATTGACCGTA_046,142
AGGCGCCAACATTGACCGTA_047,163
AGGCGCCAACATTGACCGTA_048,172
AGGCGCCAACATTGACCGTA_049,67
AGGCGCCAACATTGACCGTA_050,137
AGGCGCCAACATTGACCGTA_051,77
GCGGGACAAGAAGACAACCA_001,144
GCGGGACAAGAAGACAACCA_002,104
GCGGGACAAGAAGACAACCA_003,123
GCGGGACAAGAAGACAACCA_004,149
GCGGGACAAGAAGACAACCA_005,43
GCGGGACAAGAAGACAACCA_006,183
GCGGGACAAGAAGACAACCA_007,140
GCGGGACAAGAAGACAACCA_008,146
GCGGGACAAGAAGACAACCA_009,99
GCGGGACAAGAAGACAACCA_010,118
GCGGGACAAGAAGACAACCA_011,17
GCGGGACAAGAAGACAACCA_012,105
GCGGGACAAGAAGACAACCA_013,176
GCGGGACAAGAAGACAACCA_014,127
TTGAAAGCGATATGACCATC_001,1
CAGCTACTAGAGATACCGCA_001,190
GGCCTTAGGGGACATTCGGG_001,191
GGCCTTAGGGGACATTCGGG_002,160
GGCCTTAGGGGACATTCGGG_003,138
GGCCTTAGGGGACATTCGGG_004,198
GGCCTTAGGGGACATTCGGG_005,198
GGCCTTAGGGGACATTCGGG_006,68
GGCCTTAGGGGACATTCGGG_007,83
GGCCTTAGGGGACATTCGGG_008,63
GGCCTTAGGGGACATTCGGG_009,74
GGCCTTAGGGGACATTCGGG_010,68
GGCCTTAGGGGACATTCGGG_011,169
GGCCTTAGGGGACATTCGGG_012,151
GGCCTTAGGGGACATTCGGG_013,41
GGCCTTAGGGGACATTCGGG_014,162
GGCCTTAGGGGACATTCGGG_015,111
GGCCTTAGGGGACATTCGGG_016,135
GGCCTTAGGGGACATTCGGG_017,182
GGCCTTAGGGGACATTCGGG_018,184
GGCCTTAGGGGACATTCGGG_019,121
AGTGTCCAGTATGTAAAGCT_001,76
AGTGTCCAGTATGTAAAGCT_002,9
CGCTGCCATCAACTCCATGC_001,11
CGCTGCCATCAACTCCATGC_002,12
CGCTGCCATCAACTCCATGC_003,199
CGCTGCCATCAACTCCATGC_004,130
CGCTGCCATCAACTCCATGC_005,57
GACTGGCCACATCCCTCTGA_001,51
GACTGGCCACATCCCTCTGA_002,58
GACTGGCCACATCCCTCTGA_003,151
GACTGGCCACATCCCTCTGA_004,49
GACTGGCCACATCCCTCTGA_005,17
GACTGGCCACATCCCTCTGA_006,25
GACTGGCCACATCCCTCTGA_007,198
GACTGGCCACATCCCTCTGA_008,28
GACTGGCCACATCCCTCTGA_009,75
GACTGGCCACATCCCTCTGA_010,99
GACTGGCCACATCCCTCTGA_011,12
GACTGGCCACATCCCTCTGA_012,137
GACTGGCCACATCCCTCTGA_013,61
GACTGGCCACATCCCTCTGA_014,67
GACTGGCCACATCCCTCTGA_015,172
GACTGGCCACATCCCTCTGA_016,20
GACTGGCCACATCCCTCTGA_017,169
GACTGGCCACATCCCTCTGA_018,15
GACTGGCCACATCCCTCTGA_019,27
GACTGGCCACATCCCTCTGA_020,1
GACTGGCCACATCCCTCTGA_021,140
GACTGGCCACATCCCTCTGA_022,1
GACTGGCCACATCCCTCTGA_023,161
GACTGGCCACATCCCTCTGA_024,135
GACTGGCCACATCCCTCTGA_025,160
GACTGGCCACATCCCTCTGA_026,50
GACTGGCCACATCCCTCTGA_027,149
GACTGGCCACATCCCTCTGA_028,198
GACTGGCCACATCCCTCTGA_029,116
GACTGGCCACATCCCTCTGA_030,43
GACTGGCCACATCCCTCTGA_031,102
GACTGGCCACATCCCTCTGA_032,62
GACTGGCCACATCCCTCTGA_033,89
GACTGGCCACATCCCTCTGA_034,171
GACTGGCCACATCCCTCTGA_035,68
TCATGACTCCGTAAGTACGT_001,82
TCATGACTCCGTAAGTACGT_002,38
TCATGACTCCGTAAGTACGT_003,119
TCATGACTCCGTAAGTACGT_004,162
TCATGACTCCGTAAGTACGT_005,183
TCATGACTCCGTAAGTACGT_006,188
TCATGACTCCGTAAGTACGT_007,194
TCATGACTCCGTAAGTACGT_008,102
CGGCGAATCTGAATGCGGTG_001,185
TCTTGAGCAGCAATGAACAA_001,158
TCTTGAGCAGCAATGAACAA_002,60
TCTTGAGCAGCAATGAACAA_003,7
TCTTGAGCAGCAATGAACAA_004,84
TCTTGAGCAGCAATGAACAA_005,3
TCTTGAGCAGCAATGAACAA_006,78
TCTTGAGCAGCAATGAACAA_007,137
TCTTGAGCAGCAATGAACAA_008,144
TTGTCGTAGACCGAGAACAA_001,169
TTGTCGTAGACCGAGAACAA_002,68
GAACTACCCCAGCAAAAATG_001,29
GAACTACCCCAGCAAAAATG_002,45
GAACTACCCCAGCAAAAATG_003,58
GAACTACCCCAGCAAAAATG_004,10
TCCAGGAGCCCAATGACCTG_001,183
TCCAGGAGCCCAATGACCTG_002,38
TCCAGGAGCCCAATGACCTG_003,121
TCCAGGAGCCCAATGACCTG_004,137
TCCAGGAGCCCAATGACCTG_005,26
TCCAGGAGCCCAATGACCTG_006,19
TCCAGGAGCCCAATGACCTG_007,151
TCCAGGAGCCCAATGACCTG_008,12
TCCAGGAGCCCAATGACCTG_009,88
TCCAGGAGCCCAATGACCTG_010,60
TCCAGGAGCCCAATGACCTG_011,25
TCCAGGAGCCCAATGACCTG_012,176
TCCAGGAGCCCAATGACCTG_013,114
TCCAGGAGCCCAATGACCTG_014,104
TCCAGGAGCCCAATGACCTG_015,168
TCCAGGAGCCCAATGACCTG_016,154
TCCAGGAGCCCAATGACCTG_017,3
TCCAGGAGCCCAATGACCTG_018,159
TCTGATTTAACCTACCTGGG_001,140
TCTGATTTAACCTACCTGGG_002,194
TCTGATTTAACCTACCTGGG_003,76
CCCGCCTGGACAACCGACCG_001,24
CCCGCCTGGACAACCGACCG_002,70
CCCGCCTGGACAACCGACCG_003,174
CCCGCCTGGACAACCGACCG_004,115
CCCGCCTGGACAACCGACCG_005,62
CCCGCCTGGACAACCGACCG_006,17
CCCGCCTGGACAACCGACCG_007,14
CCCGCCTGGACAACCGACCG_008,143
GCACTTCGAATGTGTTACCA_001,127
GCACTTCGAATGTGTTACCA_002,59
GCACTTCGAATGTGTTACCA_003,32
GCACTTCGAATGTGTTACCA_004,15
GCACTTCGAATGTGTTACCA_005,125
GCACTTCGAATGTGTTACCA_006,197
GCACTTCGAATGTGTTACCA_007,119
GCACTTCGAATGTGTTACCA_008,98
GCACTTCGAATGTGTTACCA_009,137
GCACTTCGAATGTGTTACCA_010,191
GCACTTCGAATGTGTTACCA_011,197
GCACTTCGAATGTGTTACCA_012,185
GCACTTCGAATGTGTTACCA_013,160
GCACTTCGAATGTGTTACCA_014,106
CGGTTGCTGACAGAGCCTCA_001,103
CGGTTGCTGACAGAGCCTCA_002,91
CGGTTGCTGACAGAGCCTCA_003,44
CGGTTGCTGACAGAGCCTCA_004,119
CGGTTGCTGACAGAGCCTCA_005,139
CGGTTGCTGACAGAGCCTCA_006,161
CGGTTGCTGACAGAGCCTCA_007,162
CGGTTGCTGACAGAGCCTCA_008,178
CGGTTGCTGACAGAGCCTCA_009,102
CGGTTGCTGACAGAGCCTCA_010,14
CGGTTGCTGACAGAGCCTCA_011,159
CGGTTGCTGACAGAGCCTCA_012,169
CGGTTGCTGACAGAGCCTCA_013,28
CGGTTGCTGACAGAGCCTCA_014,193
CGGTTGCTGACAGAGCCTCA_015,197
CGGTTGCTGACAGAGCCTCA_016,191
CGGTTGCTGACAGAGCCTCA_017,147
CGGTTGCTGACAGAGCCTCA_018,147
CGGTTGCTGACAGAGCCTCA_019,83
CGGTTGCTGACAGAGCCTCA_020,153
GACACCCCCAAAAGACAGTG_001,198
GACACCCCCAAAAGACAGTG_002,60
GACACCCCCAAAAGACAGTG_003,137
GACACCCCCAAAAGACAGTG_004,172
GACACCCCCAAAAGACAGTG_005,172
GACACCCCCAAAAGACAGTG_006,38
GACACCCCCAAAAGACAGTG_007,21
GACACCCCCAAAAGACAGTG_008,91
GACACCCCCAAAAGACAGTG_009,120
GACACCCCCAAAAGACAGTG_010,43
GACACCCCCAAAAGACAGTG_011,148
GACACCCCCAAAAGACAGTG_012,88
GACACCCCCAAAAGACAGTG_013,140
GACACCCCCAAAAGACAGTG_014,9
GACACCCCCAAAAGACAGTG_015,154
GACACCCCCAAAAGACAGTG_016,16
GACACCCCCAAAAGACAGTG_017,183
GACACCCCCAAAAGACAGTG_018,39
GACACCCCCAAAAGACAGTG_019,9
GACACCCCCAAAAGACAGTG_020,56
ATACGTGGAAACTATAGACT_001,176
ATACGTGGAAACTATAGACT_002,176
ATACGTGGAAACTATAGACT_003,60
ATACGTGGAAACTATAGACT_004,78
ATACGTGGAAACTATAGACT_005,42
ATACGTGGAAACTATAGACT_006,188
ATACGTGGAAACTATAGACT_007,96
ATACGTGGAAACTATAGACT_008,94
GAGACCTACAAGAAGTTCAG_001,168
GAGACCTACAAGAAGTTCAG_002,102
GAGACCTACAAGAAGTTCAG_003,147
GAGACCTACAAGAAGTTCAG_004,88
GAGACCTACAAGAAGTTCAG_005,41
GAGACCTACAAGAAGTTCAG_006,158
GAGACCTACAAGAAGTTCAG_007,160
GAGACCTACAAGAAGTTCAG_008,138
GAGACCTACAAGAAGTTCAG_009,94
TACACGGCCCCCATCATGAG_001,144
TACACGGCCCCCATCATGAG_002,127
TACACGGCCCCCATCATGAG_003,177
TACACGGCCCCCATCATGAG_004,154
TACACGGCCCCCATCATGAG_005,190
TACACGGCCCCCATCATGAG_006,196
TACACGGCCCCCATCATGAG_007,108
TACACGGCCCCCATCATGAG_008,31
TACACGGCCCCCATCATGAG_009,111
TACACGGCCCCCATCATGAG_010,34
TACACGGCCCCCATCATGAG_011,116
TACACGGCCCCCATCATGAG_012,100
TACACGGCCCCCATCATGAG_013,91
TACACGGCCCCCATCATGAG_014,1
TACACGGCCCCCATCATGAG_015,115
TGAGGTTAGATTCTTCGACG_001,151
TGAGGTTAGATTCTTCGACG_002,88
TGAGGTTAGATTCTTCGACG_003,127
ACCTGATGGATTATCACCGG_001,68
ACCTGATGGATTATCACCGG_002,128
ATATAGCAGAACACGAACGT_001,28
ATATAGCAGAACACGAACGT_002,181
ATATAGCAGAACACGAACGT_003,159
CTCCACAATTGGACAACTGT_001,115
CTCCACAATTGGACAACTGT_002,94
CTCCACAATTGGACAACTGT_003,105
CTCCACAATTGGACAACTGT_004,16
CTCCACAATTGGACAACTGT_005,105
CTCCACAATTGGACAACTGT_006,49
CTCCACAATTGGACAACTGT_007,158
CTCCACAATTGGACAACTGT_008,137
CTCCACAATTGGACAACTGT_009,53
CTCCACAATTGGACAACTGT_010,105
CTCCACAATTGGACAACTGT_011,57
CTCCACAATTGGACAACTGT_012,192
CTCCACAATTGGACAACTGT_013,14
CTCCACAATTGGACAACTGT_014,150
CTCCACAATTGGACAACTGT_015,15
CCTCGAGGTAACAAACCCTG_001,119
CCTCGAGGTAACAAACCCTG_002,181
CCTCGAGGTAACAAACCCTG_003,48
CCTCGAGGTAACAAACCCTG_004,164
CCTCGAGGTAACAAACCCTG_005,2
CCTCGAGGTAACAAACCCTG_006,113
CCTCGAGGTAACAAACCCTG_007,57
CCTCGAGGTAACAAACCCTG_008,69
CCTCGAGGTAACAAACCCTG_009,35
CCTCGAGGTAACAAACCCTG_010,174
CCTCGAGGTAACAAACCCTG_011,138
CCTCGAGGTAACAAACCCTG_012,72
CCTCGAGGTAACAAACCCTG_013,72
CCTCGAGGTAACAAACCCTG_014,163
CCTCGAGGTAACAAACCCTG_015,8
CCTCGAGGTAACAAACCCTG_016,65
CCTCGAGGTAACAAACCCTG_017,1
CCTCGAGGTAACAAACCCTG_018,46
TCTTTGCCATACTGCAAGTG_001,44
TCTTTGCCATACTGCAAGTG_002,192
TGGTCCCTCTAGATGCACAC_001,102
TGGTCCCTCTAGATGCACAC_002,19
TGGTCCCTCTAGATGCACAC_003,2
TGGTCCCTCTAGATGCACAC_004,113
TGGTCCCTCTAGATGCACAC_005,150
TGGTCCCTCTAGATGCACAC_006,16
TGGTCCCTCTAGATGCACAC_007,190
TGGTCCCTCTAGATGCACAC_008,113
TGGTCCCTCTAGATGCACAC_009,188
CCACCTGCGCTTCGACCGTG_001,105
CCACCTGCGCTTCGACCGTG_002,159
CCACCTGCGCTTCGACCGTG_003,25
CCACCTGCGCTTCGACCGTG_004,43
CCACCTGCGCTTCGACCGTG_005,17
CCACCTGCGCTTCGACCGTG_006,12
CCACCTGCGCTTCGACCGTG_007,125
CCACCTGCGCTTCGACCGTG_008,19
CCACCTGCGCTTCGACCGTG_009,61
CCACCTGCGCTTCGACCGTG_010,127
CCACCTGCGCTTCGACCGTG_011,23
CCACCTGCGCTTCGACCGTG_012,62
CCACCTGCGCTTCGACCGTG_013,12
CCACCTGCGCTTCGACCGTG_014,55
CCACCTGCGCTTCGACCGTG_015,186
CCACCTGCGCTTCGACCGTG_016,17
TGACAAGGATAAACGCCTGG_001,108
TGACAAGGATAAACGCCTGG_002,2
TGACAAGGATAAACGCCTGG_003,23
TGACAAGGATAAACGCCTGG_004,68
TGACAAGGATAAACGCCTGG_005,49
TGACAAGGATAAACGCCTGG_006,163
TGACAAGGATAAACGCCTGG_007,81
GTCTTGCAACAACCCAGAAT_001,109
CTTGGAGTTACGAAAGATGC_001,103
CTTGGAGTTACGAAAGATGC_002,1
TTGTTGTCTAAGAACGACGA_001,70
TTGTTGTCTAAGAACGACGA_002,78
TTGTTGTCTAAGAACGACGA_003,159
TTGTTGTCTAAGAACGACGA_004,95
TTGTTGTCTAAGAACGACGA_005,127
TTGTTGTCTAAGAACGACGA_006,13
GAATGACCTGTGGTTGCCAA_001,137
GAATGACCTGTGGTTGCCAA_002,62
GAATGACCTGTGGTTGCCAA_003,127
GAATGACCTGTGGTTGCCAA_004,26
GAATGACCTGTGGTTGCCAA_005,177
GAATGACCTGTGGTTGCCAA_006,116
TGTAACTGAAGTCTACATCG_001,123
TGTAACTGAAGTCTACATCG_002,9
TGTAACTGAAGTCTACATCG_003,10
TGTAACTGAAGTCTACATCG_004,169
TGTAACTGAAGTCTACATCG_005,1
TGTAACTGAAGTCTACATCG_006,198
TGTAACTGAAGTCTACATCG_007,52
TGTAACTGAAGTCTACATCG_008,179
TGTAACTGAAGTCTACATCG_009,25
TGTAACTGAAGTCTACATCG_010,103
TGTAACTGAAGTCTACATCG_011,138
CAGGAATAAAGGCCCACACG_001,40
CAGGAATAAAGGCCCACACG_002,191
CAGGAATAAAGGCCCACACG_003,174
CAGGAATAAAGGCCCACACG_004,82
CAGGAATAAAGGCCCACACG_005,50
CAGGAATAAAGGCCCACACG_006,175
CAGGAATAAAGGCCCACACG_007,57
CAGGAATAAAGGCCCACACG_008,160
CAGGAATAAAGGCCCACACG_009,8
CAGGAATAAAGGCCCACACG_010,20
CAGGAATAAAGGCCCACACG_011,63
CAGGAATAAAGGCCCACACG_012,29
CAGGAATAAAGGCCCACACG_013,130
CAGGAATAAAGGCCCACACG_014,9
CAGGAATAAAGGCCCACACG_015,41
CAGGAATAAAGGCCCACACG_016,134
CAGGAATAAAGGCCCACACG_017,56
CAGGAATAAAGGCCCACACG_018,137
CAGGAATAAAGGCCCACACG_019,6
CAGGAATAAAGGCCCACACG_020,6
GGTCTCAAAGCCTATCCGGG_001,42
GGTCTCAAAGCCTATCCGGG_002,117
GGTCTCAAAGCCTATCCGGG_003,19
GGTCTCAAAGCCTATCCGGG_004,177
GGTCTCAAAGCCTATCCGGG_005,125
GGTCTCAAAGCCTATCCGGG_006,69
GGTCTCAAAGCCTATCCGGG_007,108
GGTCTCAAAGCCTATCCGGG_008,184
GGTCTCAAAGCCTATCCGGG_009,1
GGTCTCAAAGCCTATCCGGG_010,153
GGTCTCAAAGCCTATCCGGG_011,113
GGTCTCAAAGCCTATCCGGG_012,94
GGTCTCAAAGCCTATCCGGG_013,149
GGTCTCAAAGCCTATCCGGG_014,162
GGTCTCAAAGCCTATCCGGG_015,121
GGTCTCAAAGCCTATCCGGG_016,29
GGTCTCAAAGCCTATCCGGG_017,40
GGTCTCAAAGCCTATCCGGG_018,18
GGTCTCAAAGCCTATCCGGG_019,122
GTTGGAACACTTGTTCGATG_001,115
GTTGGAACACTTGTTCGATG_002,88
GTTGGAACACTTGTTCGATG_003,108
GTTGGAACACTTGTTCGATG_004,108
ACTGATGAGCATCATGCCAG_001,150
ACTGATGAGCATCATGCCAG_002,46
ACTGATGAGCATCATGCCAG_003,127
ACTGATGAGCATCATGCCAG_004,12
ACTGATGAGCATCATGCCAG_005,112
ACTGATGAGCATCATGCCAG_006,76
ACTGATGAGCATCATGCCAG_007,41
GCTCGGTCCCAGATGACGGC_001,15
GCTCGGTCCCAGATGACGGC_002,9
GCTCGGTCCCAGATGACGGC_003,184
AGACCCCAAAGAAACCTCCA_001,176
AGACCCCAAAGAAACCTCCA_002,147
AGACCCCAAAGAAACCTCCA_003,67
AGACCCCAAAGAAACCTCCA_004,178
AGACCCCAAAGAAACCTCCA_005,161
AGACCCCAAAGAAACCTCCA_006,150
AGACCCCAAAGAAACCTCCA_007,175
AGACCCCAAAGAAACCTCCA_008,91
AGACCCCAAAGAAACCTCCA_009,109
AGACCCCAAAGAAACCTCCA_010,49
AGACCCCAAAGAAACCTCCA_011,105
AGACCCCAAAGAAACCTCCA_012,150
AGACCCCAAAGAAACCTCCA_013,49
CAAAGGGAATTACTGGACCC_001,105
CAAAGGGAATTACTGGACCC_002,55
AGGGTGTCAGAATACCATGT_001,8
AGGGTGTCAGAATACCATGT_002,51
AGGGTGTCAGAATACCATGT_003,44
AGGGTGTCAGAATACCATGT_004,198
AGGGTGTCAGAATACCATGT_005,192
AGGGTGTCAGAATACCATGT_006,70
AGGGTGTCAGAATACCATGT_007,1
AGGGTGTCAGAATACCATGT_008,184
AGGGTGTCAGAATACCATGT_009,181
AGGGTGTCAGAATACCATGT_010,15
AGGGTGTCAGAATACCATGT_011,186
AGGGTGTCAGAATACCATGT_012,196
CATCCCTGAGGACTTACAGG_001,131
CATCCCTGAGGACTTACAGG_002,88
CATCCCTGAGGACTTACAGG_003,174
CATCCCTGAGGACTTACAGG_004,196
CATCCCTGAGGACTTACAGG_005,172
CATCCCTGAGGACTTACAGG_006,121
CATCCCTGAGGACTTACAGG_007,62
CATCCCTGAGGACTTACAGG_008,71
CATCCCTGAGGACTTACAGG_009,184
CATCCCTGAGGACTTACAGG_010,168
CATCCCTGAGGACTTACAGG_011,96
CATCCCTGAGGACTTACAGG_012,111
CATCCCTGAGGACTTACAGG_013,49
CATCCCTGAGGACTTACAGG_014,49
CATCCCTGAGGACTTACAGG_015,161
CATCCCTGAGGACTTACAGG_016,122
CGGCGTGCGAACGGAATGTG_001,77
CGGCGTGCGAACGGAATGTG_002,197
CGGCGTGCGAACGGAATGTG_003,137
CGGCGTGCGAACGGAATGTG_004,140
CGGCGTGCGAACGGAATGTG_005,169
CGGCGTGCGAACGGAATGTG_006,77
CGGCGTGCGAACGGAATGTG_007,84
CGGCGTGCGAACGGAATGTG_008,49
CGGCGTGCGAACGGAATGTG_009,197
CGGCGTGCGAACGGAATGTG_010,1
CGGCGTGCGAACGGAATGTG_011,67
CGGCGTGCGAACGGAATGTG_012,98
CGGCGTGCGAACGGAATGTG_013,17
CGGCGTGCGAACGGAATGTG_014,17
CGGCGTGCGAACGGAATGTG_015,50
CGGCGTGCGAACGGAATGTG_016,45
CGGCGTGCGAACGGAATGTG_017,20
GCGAGTGAGCGGTCTCGTAG_001,149
GCGAGTGAGCGGTCTCGTAG_002,185
GCGAGTGAGCGGTCTCGTAG_003,154
GCGAGTGAGCGGTCTCGTAG_004,67
GCGAGTGAGCGGTCTCGTAG_005,8
GCGAGTGAGCGGTCTCGTAG_006,4
GCGAGTGAGCGGTCTCGTAG_007,172
CGCAGCTGGAGATTAATGGG_001,78
CGCAGCTGGAGATTAATGGG_002,78
CGCAGCTGGAGATTAATGGG_003,140
CGCAGCTGGAGATTAATGGG_004,175
CGCAGCTGGAGATTAATGGG_005,115
CGCAGCTGGAGATTAATGGG_006,35
CGCAGCTGGAGATTAATGGG_007,64
CGCAGCTGGAGATTAATGGG_008,10
CGCAGCTGGAGATTAATGGG_009,31
CGCAGCTGGAGATTAATGGG_010,97
CGCAGCTGGAGATTAATGGG_011,42
CGCAGCTGGAGATTAATGGG_012,115
CGCAGCTGGAGATTAATGGG_013,55
CGCAGCTGGAGATTAATGGG_014,69
CGCAGCTGGAGATTAATGGG_015,144
CGCAGCTGGAGATTAATGGG_016,68
GCTCTCGAACACGTGCTCGA_001,86
GCTCTCGAACACGTGCTCGA_002,168
GCTCTCGAACACGTGCTCGA_003,185
GCTCTCGAACACGTGCTCGA_004,185
TCCACATGAATGCCACTCAG_001,121
TCCACATGAATGCCACTCAG_002,19
TCCACATGAATGCCACTCAG_003,150
TCCACATGAATGCCACTCAG_004,155
TCCACATGAATGCCACTCAG_005,18
TCCACATGAATGCCACTCAG_006,52
GCAATACAGGACATTCGCCA_001,119
GCAATACAGGACATTCGCCA_002,30
GCAATACAGGACATTCGCCA_003,79
GCAATACAGGACATTCGCCA_004,70
AGAGAAAATGGCTCACACAG_001,58
AGAGAAAATGGCTCACACAG_002,63
AGAGAAAATGGCTCACACAG_003,19
AGAGAAAATGGCTCACACAG_004,199
AGAGAAAATGGCTCACACAG_005,14
AGAGAAAATGGCTCACACAG_006,15
AGAGAAAATGGCTCACACAG_007,80
AGAGAAAATGGCTCACACAG_008,136
AGAGAAAATGGCTCACACAG_009,57
AGAGAAAATGGCTCACACAG_010,20
GAGACCCCTCACCTCCAGAG_001,94
GAGACCCCTCACCTCCAGAG_002,60
GAGACCCCTCACCTCCAGAG_003,51
GAGACCCCTCACCTCCAGAG_004,189
GAGACCCCTCACCTCCAGAG_005,65
GAGACCCCTCACCTCCAGAG_006,199
GAGACCCCTCACCTCCAGAG_007,174
GAGACCCCTCACCTCCAGAG_008,191
GAGACCCCTCACCTCCAGAG_009,66
GAGACCCCTCACCTCCAGAG_010,189
GAGACCCCTCACCTCCAGAG_011,174
GAGACCCCTCACCTCCAGAG_012,145
GAGACCCCTCACCTCCAGAG_013,79
GAGACCCCTCACCTCCAGAG_014,189
GAGACCCCTCACCTCCAGAG_015,88
GAGACCCCTCACCTCCAGAG_016,9
GAGACCCCTCACCTCCAGAG_017,112
GAGACCCCTCACCTCCAGAG_018,110
GAGACCCCTCACCTCCAGAG_019,85
GAGACCCCTCACCTCCAGAG_020,61
GAGACCCCTCACCTCCAGAG_021,1
GAGACCCCTCACCTCCAGAG_022,180
GAGACCCCTCACCTCCAGAG_023,175
GAGACCCCTCACCTCCAGAG_024,48
GAGACCCCTCACCTCCAGAG_025,138
GAGACCCCTCACCTCCAGAG_026,29
GAGACCCCTCACCTCCAGAG_027,10
AAATCTACAACATGGGACGG_001,40
AAATCTACAACATGGGACGG_002,0
AAATCTACAACATGGGACGG_003,151
AAATCTACAACATGGGACGG_004,134
AAATCTACAACATGGGACGG_005,49
AAATCTACAACATGGGACGG_006,86
AAATCTACAACATGGGACGG_007,85
AAATCTACAACATGGGACGG_008,81
AAATCTACAACATGGGACGG_009,42
AAATCTACAACATGGGACGG_010,144
AAATCTACAACATGGGACGG_011,178
AAATCTACAACATGGGACGG_012,84
AAATCTACAACATGGGACGG_013,11
AAATCTACAACATGGGACGG_014,49
AAATCTACAACATGGGACGG_015,126
AAAACGACGACTGGATATCG_001,27
AAAACGACGACTGGATATCG_002,184
AAAACGACGACTGGATATCG_003,28
AAAACGACGACTGGATATCG_004,60
AAAACGACGACTGGATATCG_005,24
CAAACGGGGCGGGATCCGAG_001,159
CAAACGGGGCGGGATCCGAG_002,181
CAAACGGGGCGGGATCCGAG_003,28
CAAACGGGGCGGGATCCGAG_004,46
CAAACGGGGCGGGATCCGAG_005,67
CAAACGGGGCGGGATCCGAG_006,138
CAAACGGGGCGGGATCCGAG_007,157
CAAACGGGGCGGGATCCGAG_008,16
CAAACGGGGCGGGATCCGAG_009,8
CAAACGGGGCGGGATCCGAG_010,70
CAAACGGGGCGGGATCCGAG_011,190
CAAACGGGGCGGGATCCGAG_012,68
CAAACGGGGCGGGATCCGAG_013,29
CAAACGGGGCGGGATCCGAG_014,141
CAAACGGGGCGGGATCCGAG_015,4
CAAACGGGGCGGGATCCGAG_016,56
CAAACGGGGCGGGATCCGAG_017,69
CAAACGGGGCGGGATCCGAG_018,88
CAAACGGGGCGGGATCCGAG_019,98
CAAACGGGGCGGGATCCGAG_020,176
CAAACGGGGCGGGATCCGAG_021,169
CAAACGGGGCGGGATCCGAG_022,30
CAAACGGGGCGGGATCCGAG_023,162
CAAACGGGGCGGGATCCGAG_024,12
CAAACGGGGCGGGATCCGAG_025,190
CAAACGGGGCGGGATCCGAG_026,73
CAAACGGGGCGGGATCCGAG_027,3
CAAACGGGGCGGGATCCGAG_028,14
CAAACGGGGCGGGATCCGAG_029,68
CAAACGGGGCGGGATCCGAG_030,56
CAAACGGGGCGGGATCCGAG_031,142
CAAACGGGGCGGGATCCGAG_032,11
CAAACGGGGCGGGATCCGAG_033,104
CCCGCGCCCCCTCCGTAGGT_001,33
CCCGCGCCCCCTCCGTAGGT_002,175
CCCGCGCCCCCTCCGTAGGT_003,35
CCCGCGCCCCCTCCGTAGGT_004,40
CCCGCGCCCCCTCCGTAGGT_005,67
CCCGCGCCCCCTCCGTAGGT_006,91
CCCGCGCCCCCTCCGTAGGT_007,10
CCCGCGCCCCCTCCGTAGGT_008,121
CCCGCGCCCCCTCCGTAGGT_009,140
CCCGCGCCCCCTCCGTAGGT_010,146
CCCGCGCCCCCTCCGTAGGT_011,46
CCCGCGCCCCCTCCGTAGGT_012,34
CCCGCGCCCCCTCCGTAGGT_013,126
CCCGCGCCCCCTCCGTAGGT_014,131
CCCGCGCCCCCTCCGTAGGT_015,81
CCCGCGCCCCCTCCGTAGGT_016,15
CCCGCGCCCCCTCCGTAGGT_017,10
CCCGCGCCCCCTCCGTAGGT_018,120
CCCGCGCCCCCTCCGTAGGT_019,15
CCCGCGCCCCCTCCGTAGGT_020,56
CCCGCGCCCCCTCCGTAGGT_021,184
CCCGCGCCCCCTCCGTAGGT_022,62
CCCGCGCCCCCTCCGTAGGT_023,99
CCCGCGCCCCCTCCGTAGGT_024,90
CCCGCGCCCCCTCCGTAGGT_025,43
CCCGCGCCCCCTCCGTAGGT_026,13
GGCTGCTGGTCCTTACGCGG_001,198
GGCTGCTGGTCCTTACGCGG_002,78
GGCTGCTGGTCCTTACGCGG_003,150
GGCTGCTGGTCCTTACGCGG_004,26
GGCTGCTGGTCCTTACGCGG_005,157
GGCTGCTGGTCCTTACGCGG_006,181
GGCTGCTGGTCCTTACGCGG_007,150
GGCTGCTGGTCCTTACGCGG_008,39
GGCTGCTGGTCCTTACGCGG_009,127
GGCTGCTGGTCCTTACGCGG_010,17
GGCTGCTGGTCCTTACGCGG_011,110
GGCTGCTGGTCCTTACGCGG_012,22
GGCTGCTGGTCCTTACGCGG_013,30
GGCTGCTGGTCCTTACGCGG_014,111
GGCTGCTGGTCCTTACGCGG_015,114
GGCTGCTGGTCCTTACGCGG_016,134
GGCTGCTGGTCCTTACGCGG_017,137
GGCTGCTGGTCCTTACGCGG_018,49
GGCTGCTGGTCCTTACGCGG_019,40
GGCTGCTGGTCCTTACGCGG_020,126
GGCTGCTGGTCCTTACGCGG_021,27
GGCTGCTGGTCCTTACGCGG_022,111
GGCTGCTGGTCCTTACGCGG_023,41
GGCTGCTGGTCCTTACGCGG_024,78
GGCTGCTGGTCCTTACGCGG_025,138
CACCTGCAGATCCACAAGAA_001,198
CACCTGCAGATCCACAAGAA_002,104
CACCTGCAGATCCACAAGAA_003,44
CACCTGCAGATCCACAAGAA_004,76
CACCTGCAGATCCACAAGAA_005,112
CACCTGCAGATCCACAAGAA_006,49
CACCTGCAGATCCACAAGAA_007,62
CACCTGCAGATCCACAAGAA_008,83
CACCTGCAGATCCACAAGAA_009,8
CACCTGCAGATCCACAAGAA_010,127
CACCTGCAGATCCACAAGAA_011,82
CACCTGCAGATCCACAAGAA_012,195
CACCTGCAGATCCACAAGAA_013,11
CACCTGCAGATCCACAAGAA_014,6
CACCTGCAGATCCACAAGAA_015,49
CACCTGCAGATCCACAAGAA_016,4
CACCTGCAGATCCACAAGAA_017,10
CACCTGCAGATCCACAAGAA_018,10
CACCTGCAGATCCACAAGAA_019,26
CACCTGCAGATCCACAAGAA_020,8
CACCTGCAGATCCACAAGAA_021,110
CACCTGCAGATCCACAAGAA_022,155
CACCTGCAGATCCACAAGAA_023,61
CCCACTAGAAAATAGGAGAG_001,70
CCCACTAGAAAATAGGAGAG_002,12
CCCACTAGAAAATAGGAGAG_003,150
CCCACTAGAAAATAGGAGAG_004,34
CCCACTAGAAAATAGGAGAG_005,116
CCCACTAGAAAATAGGAGAG_006,11
CCCACTAGAAAATAGGAGAG_007,199
GTGGACGGCACTCTGGACAG_001,171
ACCCACTATAGCGACCAGAT_001,184
ACCCACTATAGCGACCAGAT_002,34
ACCCACTATAGCGACCAGAT_003,111
TTCGCCGCCTCCGAAAACCG_001,15
TTCGCCGCCTCCGAAAACCG_002,12
TTCGCCGCCTCCGAAAACCG_003,145
TTCGCCGCCTCCGAAAACCG_004,29
TTCGCCGCCTCCGAAAACCG_005,170
TTCGCCGCCTCCGAAAACCG_006,60
TTCGCCGCCTCCGAAAACCG_007,88
TTCGCCGCCTCCGAAAACCG_008,169
TTCGCCGCCTCCGAAAACCG_009,169
TTCGCCGCCTCCGAAAACCG_010,65
TTCGCCGCCTCCGAAAACCG_011,58
TTCGCCGCCTCCGAAAACCG_012,63
TTCGCCGCCTCCGAAAACCG_013,105
TTCGCCGCCTCCGAAAACCG_014,142
TTCGCCGCCTCCGAAAACCG_015,150
AAACTACAACTGGATAGAGA_001,48
AAACTACAACTGGATAGAGA_002,185
GAAAACATATCCATTAAATG_001,29
GAAAACATATCCATTAAATG_002,150
GAAAACATATCCATTAAATG_003,108
GAAAACATATCCATTAAATG_004,31
GAAAACATATCCATTAAATG_005,121
GAAAACATATCCATTAAATG_006,18
GAAAACATATCCATTAAATG_007,117
GCGCTGGTGGAAAATCTCCG_001,117
GCGCTGGTGGAAAATCTCCG_002,16
GCGCTGGTGGAAAATCTCCG_003,167
GCGCTGGTGGAAAATCTCCG_004,167
GCGCTGGTGGAAAATCTCCG_005,42
GCGCTGGTGGAAAATCTCCG_006,23
GCGCTGGTGGAAAATCTCCG_007,123
GCGCTGGTGGAAAATCTCCG_008,139
GCGCTGGTGGAAAATCTCCG_009,15
GCGCTGGTGGAAAATCTCCG_010,17
GCGCTGGTGGAAAATCTCCG_011,104
GCGCTGGTGGAAAATCTCCG_012,3
GCGCTGGTGGAAAATCTCCG_013,196
TCTCTTCCCAAGGATCGCGG_001,130
TCTCTTCCCAAGGATCGCGG_002,128
TCTCTTCCCAAGGATCGCGG_003,116
TCTCTTCCCAAGGATCGCGG_004,112
ACAAGAGAGCTTGAAAAGTG_001,177
ACAAGAGAGCTTGAAAAGTG_002,135
ACAAGAGAGCTTGAAAAGTG_003,140
ACAAGAGAGCTTGAAAAGTG_004,169
ACAAGAGAGCTTGAAAAGTG_005,77
ACAAGAGAGCTTGAAAAGTG_006,108
ACAAGAGAGCTTGAAAAGTG_007,64
ACAAGAGAGCTTGAAAAGTG_008,83
ACTGTACGTGGTACAGCACT_001,8
ACTGTACGTGGTACAGCACT_002,198
ACTGTACGTGGTACAGCACT_003,126
GACCGTCATCAAGCAGACGA_001,57
GACCGTCATCAAGCAGACGA_002,144
GACCGTCATCAAGCAGACGA_003,27
GACCGTCATCAAGCAGACGA_004,140
GACCGTCATCAAGCAGACGA_005,2
GACCGTCATCAAGCAGACGA_006,97
GACCGTCATCAAGCAGACGA_007,99
GACCGTCATCAAGCAGACGA_008,104
GACCGTCATCAAGCAGACGA_009,109
GCAGGCGCATCGAAAACTTG_001,110
GCAGGCGCATCGAAAACTTG_002,190
GCAGGCGCATCGAAAACTTG_003,197
GCAGGCGCATCGAAAACTTG_004,176
GCAGGCGCATCGAAAACTTG_005,48
GCAGGCGCATCGAAAACTTG_006,88
GCAGGCGCATCGAAAACTTG_007,158
GCAGGCGCATCGAAAACTTG_008,138
TGTGTAATAAGATTGTCTGC_001,91
ACCCATGAGTTAAGTTTTCT_001,84
ACCCATGAGTTAAGTTTTCT_002,100
ACCCATGAGTTAAGTTTTCT_003,64
ACCCATGAGTTAAGTTTTCT_004,151
ACCCATGAGTTAAGTTTTCT_005,117
ACCCATGAGTTAAGTTTTCT_006,9
ACCCATGAGTTAAGTTTTCT_007,184
ACCCATGAGTTAAGTTTTCT_008,48
ACCCATGAGTTAAGTTTTCT_009,149
ACCCATGAGTTAAGTTTTCT_010,180
ACCCATGAGTTAAGTTTTCT_011,86
ACCCATGAGTTAAGTTTTCT_012,104
ACCCATGAGTTAAGTTTTCT_013,22
ACCCATGAGTTAAGTTTTCT_014,46
ACCCATGAGTTAAGTTTTCT_015,103
ACCCATGAGTTAAGTTTTCT_016,158
ACCCATGAGTTAAGTTTTCT_017,86
GGGCTGGCATCATAACAACC_001,113
CTGACCTCTTACCACCAGTG_001,60
CTGACCTCTTACCACCAGTG_002,194
CTGACCTCTTACCACCAGTG_003,111
CTGACCTCTTACCACCAGTG_004,119
CTGACCTCTTACCACCAGTG_005,70
CTGACCTCTTACCACCAGTG_006,165
CTGACCTCTTACCACCAGTG_007,124
ATCATTGATTCTCTAAAACG_001,3
AACTTGAACCCACACCTCCG_001,183
AACTTGAACCCACACCTCCG_002,194
AACTTGAACCCACACCTCCG_003,82
AACTTGAACCCACACCTCCG_004,102
AACTTGAACCCACACCTCCG_005,172
AACTTGAACCCACACCTCCG_006,198
AACTTGAACCCACACCTCCG_007,169
AACTTGAACCCACACCTCCG_008,78
AACTTGAACCCACACCTCCG_009,48
AACTTGAACCCACACCTCCG_010,105
AACTTGAACCCACACCTCCG_011,158
AACTTGAACCCACACCTCCG_012,181
AACTTGAACCCACACCTCCG_013,191
AACTTGAACCCACACCTCCG_014,191
AACTTGAACCCACACCTCCG_015,76
AACTTGAACCCACACCTCCG_016,1
AACTTGAACCCACACCTCCG_017,134
AACTTGAACCCACACCTCCG_018,81
AACTTGAACCCACACCTCCG_019,53
AACTTGAACCCACACCTCCG_020,84
AACTTGAACCCACACCTCCG_021,199
AACTTGAACCCACACCTCCG_022,47
AACTTGAACCCACACCTCCG_023,95
AACTTGAACCCACACCTCCG_024,46
AACTTGAACCCACACCTCCG_025,96
AACTTGAACCCACACCTCCG_026,1
CAAGGTCAGCATCCCATCCG_001,94
CAAGGTCAGCATCCCATCCG_002,23
CAAGGTCAGCATCCCATCCG_003,45
CAAGGTCAGCATCCCATCCG_004,8
CAAGGTCAGCATCCCATCCG_005,49
CAAGGTCAGCATCCCATCCG_006,148
CAAGGTCAGCATCCCATCCG_007,169
CAAGGTCAGCATCCCATCCG_008,177
CAAGGTCAGCATCCCATCCG_009,78
CAAGGTCAGCATCCCATCCG_010,43
CAAGGTCAGCATCCCATCCG_011,17
CAAGGTCAGCATCCCATCCG_012,144
CAAGGTCAGCATCCCATCCG_013,49
CAAGGTCAGCATCCCATCCG_014,115
CAAGGTCAGCATCCCATCCG_015,142
CAAGGTCAGCATCCCATCCG_016,128
CGGCGGCGGCGGTGACATCG_001,148
CGGCGGCGGCGGTGACATCG_002,145
CGGCGGCGGCGGTGACATCG_003,171
CGGCGGCGGCGGTGACATCG_004,64
ACTCTGGAACAAACTCCTAG_001,133
ACTCTGGAACAAACTCCTAG_002,98
ACTCTGGAACAAACTCCTAG_003,128
ACTCTGGAACAAACTCCTAG_004,34
GAAACCGGATTCCAACTATG_001,6
GAAACCGGATTCCAACTATG_002,127
TTAAATCTCTGCTATACCTG_001,62
AGAAGCTACTCAAATGCAGT_001,106
AGAAGCTACTCAAATGCAGT_002,113
AGAAGCTACTCAAATGCAGT_003,63
AGGCTGATAAACGAAGACTC_001,60
AGGCTGATAAACGAAGACTC_002,127
AGGCTGATAAACGAAGACTC_003,180
AGGCTGATAAACGAAGACTC_004,21
AGGCTGATAAACGAAGACTC_005,15
AGGCTGATAAACGAAGACTC_006,126
AGGCTGATAAACGAAGACTC_007,45
AGGCTGATAAACGAAGACTC_008,170
AGGCTGATAAACGAAGACTC_009,165
AGGCTGATAAACGAAGACTC_010,82
AGGCTGATAAACGAAGACTC_011,30
AGGCTGATAAACGAAGACTC_012,68
AGGCTGATAAACGAAGACTC_013,168
AGGCTGATAAACGAAGACTC_014,54
AGGCTGATAAACGAAGACTC_015,61
AGGCTGATAAACGAAGACTC_016,70
AGGCTGATAAACGAAGACTC_017,120
AGGCTGATAAACGAAGACTC_018,4
AGGCTGATAAACGAAGACTC_019,9
TAAACCAAGGATGATCTCAG_001,62
TAAACCAAGGATGATCTCAG_002,156
CTTCGGCGTACGCCAAATCG_001,176
CTTCGGCGTACGCCAAATCG_002,99
CTTCGGCGTACGCCAAATCG_003,10
GCGGTAGTAATTGAGCACAT_001,152
GCGGTAGTAATTGAGCACAT_002,163
GCGGTAGTAATTGAGCACAT_003,62
GCGGTAGTAATTGAGCACAT_004,50
GCGGTAGTAATTGAGCACAT_005,58
GCGGTAGTAATTGAGCACAT_006,88
GCGGTAGTAATTGAGCACAT_007,85
GCGGTAGTAATTGAGCACAT_008,187
GCGGTAGTAATTGAGCACAT_009,146
GCGGTAGTAATTGAGCACAT_010,54
GCGGTAGTAATTGAGCACAT_011,53
GCGGTAGTAATTGAGCACAT_012,171
GCGGTAGTAATTGAGCACAT_013,181
GCGGTAGTAATTGAGCACAT_014,9
GCGGTAGTAATTGAGCACAT_015,67
GCGGTAGTAATTGAGCACAT_016,78
GCGGTAGTAATTGAGCACAT_017,40
GCGGTAGTAATTGAGCACAT_018,47
GCGGTAGTAATTGAGCACAT_019,161
GCGGTAGTAATTGAGCACAT_020,174
AGCAGCCACATCCGTCCATG_001,193
AGCAGCCACATCCGTCCATG_002,42
AGCAGCCACATCCGTCCATG_003,129
AGCAGCCACATCCGTCCATG_004,50
CCGCCGCCGCTAGGTTGATG_001,19
CCGCCGCCGCTAGGTTGATG_002,199
CCGCCGCCGCTAGGTTGATG_003,60
CCGCCGCCGCTAGGTTGATG_004,127
CCGCCGCCGCTAGGTTGATG_005,66
CAGAGCCGGACGAGATCGGG_001,125
CAGAGCCGGACGAGATCGGG_002,149
CAGAGCCGGACGAGATCGGG_003,64
CAGAGCCGGACGAGATCGGG_004,184
CAGAGCCGGACGAGATCGGG_005,130
AGCGTGCCACACCAGGACAT_001,5
AGCGTGCCACACCAGGACAT_002,148
AGCGTGCCACACCAGGACAT_003,29
AGCGTGCCACACCAGGACAT_004,105
AGCGTGCCACACCAGGACAT_005,146
AGCGTGCCACACCAGGACAT_006,15
AGCGTGCCACACCAGGACAT_007,116
AGCGTGCCACACCAGGACAT_008,149
AGCGTGCCACACCAGGACAT_009,149
AGCGTGCCACACCAGGACAT_010,43
AGCGTGCCACACCAGGACAT_011,155
AGCGTGCCACACCAGGACAT_012,9
AGCGTGCCACACCAGGACAT_013,120
AGCGTGCCACACCAGGACAT_014,141
AGCGTGCCACACCAGGACAT_015,29
AGCGTGCCACACCAGGACAT_016,83
AGCGTGCCACACCAGGACAT_017,1
AGCGTGCCACACCAGGACAT_018,68
AGCGTGCCACACCAGGACAT_019,123
AGCGTGCCACACCAGGACAT_020,190
AGCGTGCCACACCAGGACAT_021,8
AGCGTGCCACACCAGGACAT_022,23
AGCGTGCCACACCAGGACAT_023,187
AGCGTGCCACACCAGGACAT_024,89
AGCGTGCCACACCAGGACAT_025,168
AGCGTGCCACACCAGGACAT_026,83
AGCGTGCCACACCAGGACAT_027,85
AGCGTGCCACACCAGGACAT_028,89
AGCGTGCCACACCAGGACAT_029,111
AGCGTGCCACACCAGGACAT_030,52
AGCGTGCCACACCAGGACAT_031,81
AGCGTGCCACACCAGGACAT_032,106
AGCGTGCCACACCAGGACAT_033,50
AGCGTGCCACACCAGGACAT_034,28
AGCGTGCCACACCAGGACAT_035,89
AGCGTGCCACACCAGGACAT_036,37
AGCGTGCCACACCAGGACAT_037,44
AGCGTGCCACACCAGGACAT_038,82
AGGACCCATTGAGCAGAAGG_001,194
AGGACCCATTGAGCAGAAGG_002,32
AGGACCCATTGAGCAGAAGG_003,56
AGGACCCATTGAGCAGAAGG_004,74
AGAGTTTGAAGCCATCGTCT_001,194
AGAGTTTGAAGCCATCGTCT_002,177
AGAGTTTGAAGCCATCGTCT_003,69
AGAGTTTGAAGCCATCGTCT_004,117
AGAGTTTGAAGCCATCGTCT_005,174
AGAGTTTGAAGCCATCGTCT_006,18
AGAGTTTGAAGCCATCGTCT_007,5
AGAGTTTGAAGCCATCGTCT_008,176
AGAGTTTGAAGCCATCGTCT_009,41
AGAGTTTGAAGCCATCGTCT_010,36
AGAGTTTGAAGCCATCGTCT_011,15
AGAGTTTGAAGCCATCGTCT_012,105
AGAGTTTGAAGCCATCGTCT_013,16
AGAGTTTGAAGCCATCGTCT_014,175
AGAGTTTGAAGCCATCGTCT_015,33
AGAGTTTGAAGCCATCGTCT_016,66
AGAGTTTGAAGCCATCGTCT_017,150
AGAGTTTGAAGCCATCGTCT_018,48
AGAGTTTGAAGCCATCGTCT_019,2
GGTTAGAGACTAGGCGCGCG_001,12
GGTTAGAGACTAGGCGCGCG_002,146
GGTTAGAGACTAGGCGCGCG_003,12
GGTTAGAGACTAGGCGCGCG_004,11
GGTTAGAGACTAGGCGCGCG_005,156
GGTTAGAGACTAGGCGCGCG_006,156
GGTTAGAGACTAGGCGCGCG_007,105
GGTTAGAGACTAGGCGCGCG_008,187
GGTTAGAGACTAGGCGCGCG_009,161
GGTTAGAGACTAGGCGCGCG_010,17
GGTTAGAGACTAGGCGCGCG_011,8
GGTTAGAGACTAGGCGCGCG_012,19
GGTTAGAGACTAGGCGCGCG_013,97
GGTTAGAGACTAGGCGCGCG_014,197
GGTTAGAGACTAGGCGCGCG_015,136
GGTTAGAGACTAGGCGCGCG_016,194
GGTTAGAGACTAGGCGCGCG_017,63
GGTTAGAGACTAGGCGCGCG_018,106
GGTTAGAGACTAGGCGCGCG_019,103
GGTTAGAGACTAGGCGCGCG_020,124
GGTTAGAGACTAGGCGCGCG_021,9
GTCTATGGCCTCACACACCA_001,69
GTCTATGGCCTCACACACCA_002,101
GTCTATGGCCTCACACACCA_003,86
GTCTATGGCCTCACACACCA_004,118
GTCTATGGCCTCACACACCA_005,142
GTCTATGGCCTCACACACCA_006,138
GTCTATGGCCTCACACACCA_007,188
GTTCGGAGATTGATACCGTA_001,170
GTTCGGAGATTGATACCGTA_002,32
GTTCGGAGATTGATACCGTA_003,94
GTTCGGAGATTGATACCGTA_004,160
GTTCGGAGATTGATACCGTA_005,58
AGCAGTCAGTTGAATACGAA_001,77
AGCAGTCAGTTGAATACGAA_002,188
AGCAGTCAGTTGAATACGAA_003,98
AGCAGTCAGTTGAATACGAA_004,115
AGCAGTCAGTTGAATACGAA_005,49
AGCAGTCAGTTGAATACGAA_006,78
GCTTGACACTCTGAGCTGCC_001,69
GCTTGACACTCTGAGCTGCC_002,123
GCTTGACACTCTGAGCTGCC_003,83
GCTTGACACTCTGAGCTGCC_004,171
GCTTGACACTCTGAGCTGCC_005,101
GCTTGACACTCTGAGCTGCC_006,108
GCTTGACACTCTGAGCTGCC_007,178
GCTTGACACTCTGAGCTGCC_008,29
GCTTGACACTCTGAGCTGCC_009,3
GCTTGACACTCTGAGCTGCC_010,113
AGGCTGGCATAACTGTATGG_001,104
AGGCTGGCATAACTGTATGG_002,107
AGGCTGGCATAACTGTATGG_003,182
AGGCTGGCATAACTGTATGG_004,16
AGGCTGGCATAACTGTATGG_005,156
AGGCTGGCATAACTGTATGG_006,62
AGGCTGGCATAACTGTATGG_007,147
AGGCTGGCATAACTGTATGG_008,161
AGGCTGGCATAACTGTATGG_009,49
AGGCTGGCATAACTGTATGG_010,99
AGGCTGGCATAACTGTATGG_011,15
TCTTCTCACAGACTTCGGCA_001,8
TCTTCTCACAGACTTCGGCA_002,105
AGCCAAAAGTCATTGACACC_001,28
AGCCAAAAGTCATTGACACC_002,16
AGCCAAAAGTCATTGACACC_003,135
AGCCAAAAGTCATTGACACC_004,76
AGCCAAAAGTCATTGACACC_005,83
CGCCGGACAGCCCCACGACG_001,175
CGCCGGACAGCCCCACGACG_002,8
CGCCGGACAGCCCCACGACG_003,147
CGCCGGACAGCCCCACGACG_004,184
CGCCGGACAGCCCCACGACG_005,9
CGCCGGACAGCCCCACGACG_006,89
CGCCGGACAGCCCCACGACG_007,137
CGCCGGACAGCCCCACGACG_008,158
CGCCGGACAGCCCCACGACG_009,22
CGCCGGACAGCCCCACGACG_010,29
CGCCGGACAGCCCCACGACG_011,55
CGCCGGACAGCCCCACGACG_012,98
CGCCGGACAGCCCCACGACG_013,68
CGCCGGACAGCCCCACGACG_014,107
CGCCGGACAGCCCCACGACG_015,145
CGCCGGACAGCCCCACGACG_016,91
CGCCGGACAGCCCCACGACG_017,168
CGCCGGACAGCCCCACGACG_018,1
CGCCGGACAGCCCCACGACG_019,37
CGCCGGACAGCCCCACGACG_020,61
CGCCGGACAGCCCCACGACG_021,124
CCATGTAAACCTGCTGTGCG_001,134
CCATGTAAACCTGCTGTGCG_002,145
CCATGTAAACCTGCTGTGCG_003,141
CCATGTAAACCTGCTGTGCG_004,19
CCATGTAAACCTGCTGTGCG_005,106
CCATGTAAACCTGCTGTGCG_006,177
CCATGTAAACCTGCTGTGCG_007,5
CCATGTAAACCTGCTGTGCG_008,115
CCATGTAAACCTGCTGTGCG_009,38
CCATGTAAACCTGCTGTGCG_010,64
CCATGTAAACCTGCTGTGCG_011,184
CCATGTAAACCTGCTGTGCG_012,44
CCATGTAAACCTGCTGTGCG_013,85
CCATGTAAACCTGCTGTGCG_014,180
TTGGTGCATTGACCTAGAGG_001,83
TTGGTGCATTGACCTAGAGG_002,20
AAGATCTGTTATCCGCTCTG_001,175
AAGATCTGTTATCCGCTCTG_002,149
AAGATCTGTTATCCGCTCTG_003,62
AAGATCTGTTATCCGCTCTG_004,13
AAGATCTGTTATCCGCTCTG_005,93
AAGATCTGTTATCCGCTCTG_006,69
ACCGGAATCTCGATGAACAC_001,102
ACCGGAATCTCGATGAACAC_002,32
ACCGGAATCTCGATGAACAC_003,114
ACCGGAATCTCGATGAACAC_004,119
ACCGGAATCTCGATGAACAC_005,140
ACCGGAATCTCGATGAACAC_006,156
ACCGGAATCTCGATGAACAC_007,168
ACCGGAATCTCGATGAACAC_008,140
ACCGGAATCTCGATGAACAC_009,188
ACCGGAATCTCGATGAACAC_010,93
ACCGGAATCTCGATGAACAC_011,93
ACCGGAATCTCGATGAACAC_012,140
ACCGGAATCTCGATGAACAC_013,62
ACCGGAATCTCGATGAACAC_014,6
ACCGGAATCTCGATGAACAC_015,168
ACCGGAATCTCGATGAACAC_016,66
AGCCTGACGGGCGAGTTCAA_001,121
AGCCTGACGGGCGAGTTCAA_002,126
AGCCTGACGGGCGAGTTCAA_003,161
AGCCTGACGGGCGAGTTCAA_004,48
AGCCTGACGGGCGAGTTCAA_005,96
AGCCTGACGGGCGAGTTCAA_006,130
AGCCTGACGGGCGAGTTCAA_007,170
AGCCTGACGGGCGAGTTCAA_008,172
AGCCTGACGGGCGAGTTCAA_009,129
AGCCTGACGGGCGAGTTCAA_010,63
AGCCTGACGGGCGAGTTCAA_011,4
AGCCTGACGGGCGAGTTCAA_012,115
AGCCTGACGGGCGAGTTCAA_013,50
AGCCTGACGGGCGAGTTCAA_014,47
AGCCTGACGGGCGAGTTCAA_015,5
AGCCTGACGGGCGAGTTCAA_016,73
AGCCTGACGGGCGAGTTCAA_017,16
AGCCTGACGGGCGAGTTCAA_018,46
CCTGTTCAAGATATTGCTAG_001,192
TTGGTCAGAGAGACCTACGA_001,10
TTGGTCAGAGAGACCTACGA_002,119
TTGGTCAGAGAGACCTACGA_003,168
TTCGTGGGCCTGAGCACTTG_001,150
TTCGTGGGCCTGAGCACTTG_002,134
TTCGTGGGCCTGAGCACTTG_003,94
TTCGTGGGCCTGAGCACTTG_004,107
TTCGTGGGCCTGAGCACTTG_005,194
TTCGTGGGCCTGAGCACTTG_006,24
TTCGTGGGCCTGAGCACTTG_007,102
AGAGACAGGAGGGCACTTAG_001,119
AGAGACAGGAGGGCACTTAG_002,60
AGAGACAGGAGGGCACTTAG_003,68
AGAGACAGGAGGGCACTTAG_004,59
AGAGACAGGAGGGCACTTAG_005,118
AGAGACAGGAGGGCACTTAG_006,118
AGAGACAGGAGGGCACTTAG_007,134
AGAGACAGGAGGGCACTTAG_008,126
AGAGACAGGAGGGCACTTAG_009,168
AGAGACAGGAGGGCACTTAG_010,50
AGAGACAGGAGGGCACTTAG_011,188
AGAGACAGGAGGGCACTTAG_012,162
AGAGACAGGAGGGCACTTAG_013,108
AGAGACAGGAGGGCACTTAG_014,144
AGAGACAGGAGGGCACTTAG_015,135
AGAGACAGGAGGGCACTTAG_016,0
AGAGACAGGAGGGCACTTAG_017,188
CGAAGCTAAACGCACCACCA_001,154
CGAAGCTAAACGCACCACCA_002,117
CGAAGCTAAACGCACCACCA_003,67
CGAAGCTAAACGCACCACCA_004,42
CGAAGCTAAACGCACCACCA_005,41
CGAAGCTAAACGCACCACCA_006,187
CGAAGCTAAACGCACCACCA_007,149
CGAAGCTAAACGCACCACCA_008,42
CGAAGCTAAACGCACCACCA_009,148
CGAAGCTAAACGCACCACCA_010,126
TGTACTGGATTAACAAGCGA_001,20
TGATTACCGAGACTATGACG_001,140
TGATTACCGAGACTATGACG_002,161
TGATTACCGAGACTATGACG_003,188
TGATTACCGAGACTATGACG_004,102
CAGATGGCTTACTTGGATTG_001,31
CAGATGGCTTACTTGGATTG_002,191
AAGGGACTCTGGCATGACCG_001,104
AAGGGACTCTGGCATGACCG_002,4
AAGGGACTCTGGCATGACCG_003,48
AAGGGACTCTGGCATGACCG_004,48
AAGGGACTCTGGCATGACCG_005,57
AAGGGACTCTGGCATGACCG_006,158
AAGGGACTCTGGCATGACCG_007,48
AAGGGACTCTGGCATGACCG_008,72
AAGGGACTCTGGCATGACCG_009,172
AAGGGACTCTGGCATGACCG_010,22
AAGGGACTCTGGCATGACCG_011,183
AAGGGACTCTGGCATGACCG_012,52
AAGGGACTCTGGCATGACCG_013,184
AAGGGACTCTGGCATGACCG_014,134
AAGGGACTCTGGCATGACCG_015,41
AAGGGACTCTGGCATGACCG_016,112
AAGGGACTCTGGCATGACCG_017,22
AAGGGACTCTGGCATGACCG_018,118
AAGGGACTCTGGCATGACCG_019,176
AAGGGACTCTGGCATGACCG_020,82
AAGGGACTCTGGCATGACCG_021,72
AAGGGACTCTGGCATGACCG_022,124
AAGGGACTCTGGCATGACCG_023,91
CGCCACGGGCCCGATCCGAG_001,6
CGCCACGGGCCCGATCCGAG_002,80
CGCCACGGGCCCGATCCGAG_003,15
CGCCACGGGCCCGATCCGAG_004,24
CGCCACGGGCCCGATCCGAG_005,62
CGCCACGGGCCCGATCCGAG_006,1
CGCCACGGGCCCGATCCGAG_007,126
CGCCACGGGCCCGATCCGAG_008,177
CGCCACGGGCCCGATCCGAG_009,169
CGCCACGGGCCCGATCCGAG_010,50
CGCCACGGGCCCGATCCGAG_011,184
CGCCACGGGCCCGATCCGAG_012,149
CGCCACGGGCCCGATCCGAG_013,169
CGCCACGGGCCCGATCCGAG_014,149
CGCCACGGGCCCGATCCGAG_015,190
CGCCACGGGCCCGATCCGAG_016,185
CGCCACGGGCCCGATCCGAG_017,29
CGCCACGGGCCCGATCCGAG_018,95
CGCCACGGGCCCGATCCGAG_019,25
CGCCACGGGCCCGATCCGAG_020,46
CGCCACGGGCCCGATCCGAG_021,113
CGCCACGGGCCCGATCCGAG_022,43
CGCCACGGGCCCGATCCGAG_023,116
CTTGCAAGACGACTTACTCT_001,168
CTTGCAAGACGACTTACTCT_002,137
CTTGCAAGACGACTTACTCT_003,138
CTTGCAAGACGACTTACTCT_004,45
CTTGCAAGACGACTTACTCT_005,63
CTTGCAAGACGACTTACTCT_006,148
CTTGCAAGACGACTTACTCT_007,198
CTTGCAAGACGACTTACTCT_008,121
CTTGCAAGACGACTTACTCT_009,35
CTTGCAAGACGACTTACTCT_010,27
CTTGCAAGACGACTTACTCT_011,77
CTTGCAAGACGACTTACTCT_012,70
CTTGCAAGACGACTTACTCT_013,136
CTTGCAAGACGACTTACTCT_014,106
CTTGCAAGACGACTTACTCT_015,159
AGCAAACATCAGCAGACCTG_001,115
AGCAAACATCAGCAGACCTG_002,2
AGCAAACATCAGCAGACCTG_003,166
AGCAAACATCAGCAGACCTG_004,132
AGCAAACATCAGCAGACCTG_005,117
AGCAAACATCAGCAGACCTG_006,27
AGCAAACATCAGCAGACCTG_007,121
AGCAAACATCAGCAGACCTG_008,184
AGCAAACATCAGCAGACCTG_009,166
AGCAAACATCAGCAGACCTG_010,62
AGCAAACATCAGCAGACCTG_011,50
AGTGAACCAGATTAGCCAAA_001,177
AGTGAACCAGATTAGCCAAA_002,58
AGTGAACCAGATTAGCCAAA_003,48
AGTGAACCAGATTAGCCAAA_004,16
AGTGAACCAGATTAGCCAAA_005,133
AGTGAACCAGATTAGCCAAA_006,2
AGTGAACCAGATTAGCCAAA_007,54
AGTGAACCAGATTAGCCAAA_008,191
AGTGAACCAGATTAGCCAAA_009,22
AGTGAACCAGATTAGCCAAA_010,123
AGTGAACCAGATTAGCCAAA_011,2
AGTGAACCAGATTAGCCAAA_012,118
AGTGAACCAGATTAGCCAAA_013,150
CTCCGCACGTCACCCCTTGG_001,42
CTCCGCACGTCACCCCTTGG_002,152
CTCCGCACGTCACCCCTTGG_003,164
CTCCGCACGTCACCCCTTGG_004,144
CTCCGCACGTCACCCCTTGG_005,165
CTCCGCACGTCACCCCTTGG_006,186
CTCCGCACGTCACCCCTTGG_007,169
CTCCGCACGTCACCCCTTGG_008,121
CTCCGCACGTCACCCCTTGG_009,194
CTCCGCACGTCACCCCTTGG_010,42
CAGCCGGTTCCTTTCATGCG_001,117
CAGCCGGTTCCTTTCATGCG_002,63
GAGCACCTCGGGTGACGCGT_001,145
GAGCACCTCGGGTGACGCGT_002,139
GAGCACCTCGGGTGACGCGT_003,140
GAGCACCTCGGGTGACGCGT_004,76
GAGCACCTCGGGTGACGCGT_005,151
GAGCACCTCGGGTGACGCGT_006,48
CCTCGACTCGCAGACCGGCG_001,151
TGAGCAGAGAACCTGCGCAG_001,115
TGAGCAGAGAACCTGCGCAG_002,103
TGAGCAGAGAACCTGCGCAG_003,193
TGAGCAGAGAACCTGCGCAG_004,2
TGAGCAGAGAACCTGCGCAG_005,41
TGAGCAGAGAACCTGCGCAG_006,106
TGAGCAGAGAACCTGCGCAG_007,43
TGAGCAGAGAACCTGCGCAG_008,110
TGAGCAGAGAACCTGCGCAG_009,127
TGAGCAGAGAACCTGCGCAG_010,26
TGAGCAGAGAACCTGCGCAG_011,158
TGAGCAGAGAACCTGCGCAG_012,34
TGAGCAGAGAACCTGCGCAG_013,144
TGAGCAGAGAACCTGCGCAG_014,160
CCAAACTCCTTACAACCGGA_001,67
CCAAACTCCTTACAACCGGA_002,82
CCAAACTCCTTACAACCGGA_003,62
CCAAACTCCTTACAACCGGA_004,88
CCAAACTCCTTACAACCGGA_005,42
CCAAACTCCTTACAACCGGA_006,159
CCAAACTCCTTACAACCGGA_007,81
CCAAACTCCTTACAACCGGA_008,102
CTGGTCCAGCGCCTACACCG_001,27
CTGGTCCAGCGCCTACACCG_002,15
CTGGTCCAGCGCCTACACCG_003,156
CTGGTCCAGCGCCTACACCG_004,156
CTGGTCCAGCGCCTACACCG_005,12
CTGGTCCAGCGCCTACACCG_006,22
CTGGTCCAGCGCCTACACCG_007,190
CTGGTCCAGCGCCTACACCG_008,47
CTGGTCCAGCGCCTACACCG_009,147
CTGGTCCAGCGCCTACACCG_010,78
CTGGTCCAGCGCCTACACCG_011,52
CTGGTCCAGCGCCTACACCG_012,33
GCAGAAGTATGAGCTGCGAG_001,198
GCAGAAGTATGAGCTGCGAG_002,172
AGAATTTGGTTCCTGGCACG_001,42
AGAATTTGGTTCCTGGCACG_002,187
AGAATTTGGTTCCTGGCACG_003,197
AGAATTTGGTTCCTGGCACG_004,158
CTGGACAATATGCCACTCCG_001,194
CTGGACAATATGCCACTCCG_002,110
CTGGACAATATGCCACTCCG_003,71
CTGGACAATATGCCACTCCG_004,96
CTGGACAATATGCCACTCCG_005,65
GGAGACACTCTGTAGCACCT_001,81
GGAGACACTCTGTAGCACCT_002,44
GGAGACACTCTGTAGCACCT_003,44
GGAGACACTCTGTAGCACCT_004,174
GGAGACACTCTGTAGCACCT_005,138
CCAGTTATAATTAGGGGTTT_001,6
CCAGTTATAATTAGGGGTTT_002,95
CCAGTTATAATTAGGGGTTT_003,115
CCAGTTATAATTAGGGGTTT_004,107
CCAGTTATAATTAGGGGTTT_005,79
GAGAGCCCTGTGAGAAAACG_001,71
GAGAGCCCTGTGAGAAAACG_002,48
GAGAGCCCTGTGAGAAAACG_003,17
GAGAGCCCTGTGAGAAAACG_004,147
GAGAGCCCTGTGAGAAAACG_005,86
GAGAGCCCTGTGAGAAAACG_006,149
GAGAGCCCTGTGAGAAAACG_007,42
GAGAGCCCTGTGAGAAAACG_008,0
TCGAGACCACTTGATCTGGT_001,60
TCGAGACCACTTGATCTGGT_002,157
TCGAGACCACTTGATCTGGT_003,160
TCGAGACCACTTGATCTGGT_004,26
TCGAGACCACTTGATCTGGT_005,127
TCGAGACCACTTGATCTGGT_006,98
TCGAGACCACTTGATCTGGT_007,197
TCGAGACCACTTGATCTGGT_008,15
TCGAGACCACTTGATCTGGT_009,88
TCGAGACCACTTGATCTGGT_010,78
GTTGGAGTTCTATGTGCAGC_001,150
GTTGGAGTTCTATGTGCAGC_002,88
GTTGGAGTTCTATGTGCAGC_003,48
GTTGGAGTTCTATGTGCAGC_004,191
GTTGGAGTTCTATGTGCAGC_005,178
GTTGGAGTTCTATGTGCAGC_006,158
GTTGGAGTTCTATGTGCAGC_007,48
GTTGGAGTTCTATGTGCAGC_008,113
GTTGGAGTTCTATGTGCAGC_009,110
GTTGGAGTTCTATGTGCAGC_010,15
GTTGGAGTTCTATGTGCAGC_011,12
GTTGGAGTTCTATGTGCAGC_012,174
GTTGGAGTTCTATGTGCAGC_013,30
GTTGGAGTTCTATGTGCAGC_014,107
GTTGGAGTTCTATGTGCAGC_015,174
GTTGGAGTTCTATGTGCAGC_016,62
GTTGGAGTTCTATGTGCAGC_017,17
GTTGGAGTTCTATGTGCAGC_018,77
TCAACAAGTCACCCCCCAAG_001,48
TCAACAAGTCACCCCCCAAG_002,125
TCAACAAGTCACCCCCCAAG_003,106
TCAACAAGTCACCCCCCAAG_004,91
TCAACAAGTCACCCCCCAAG_005,42
GCAGTACCCGCTCATGCGTG_001,197
GCAGTACCCGCTCATGCGTG_002,84
GCAGTACCCGCTCATGCGTG_003,150
GCAGTACCCGCTCATGCGTG_004,107
GCAGTACCCGCTCATGCGTG_005,112
GCAGTACCCGCTCATGCGTG_006,130
GCAGTACCCGCTCATGCGTG_007,51
GCAGTACCCGCTCATGCGTG_008,177
CACACTCACCTCATCCACCT_001,50
CACACTCACCTCATCCACCT_002,11
CACACTCACCTCATCCACCT_003,160
CACACTCACCTCATCCACCT_004,158
CACACTCACCTCATCCACCT_005,67
CACACTCACCTCATCCACCT_006,175
CACACTCACCTCATCCACCT_007,73
CACACTCACCTCATCCACCT_008,166
CACACTCACCTCATCCACCT_009,134
CACACTCACCTCATCCACCT_010,65
CCAGAGCCCATACCTGGCAT_001,59
CCAGAGCCCATACCTGGCAT_002,17
CCAGAGCCCATACCTGGCAT_003,174
CCAGAGCCCATACCTGGCAT_004,61
CTGCGTACCCTCAACATCAG_001,154
CTGCGTACCCTCAACATCAG_002,137
CTGCGTACCCTCAACATCAG_003,144
CTGCGTACCCTCAACATCAG_004,56
CTGCGTACCCTCAACATCAG_005,169
CTGCGTACCCTCAACATCAG_006,11
CTGCGTACCCTCAACATCAG_007,149
CTGCGTACCCTCAACATCAG_008,127
CTGCGTACCCTCAACATCAG_009,5
GTTAGCCCGGTTACTAGAGG_001,146
GTTAGCCCGGTTACTAGAGG_002,52
GTTAGCCCGGTTACTAGAGG_003,175
GTTAGCCCGGTTACTAGAGG_004,198
GTTAGCCCGGTTACTAGAGG_005,45
GTTAGCCCGGTTACTAGAGG_006,123
GTTAGCCCGGTTACTAGAGG_007,46
GTTAGCCCGGTTACTAGAGG_008,104
GTTAGCCCGGTTACTAGAGG_009,27
GTTAGCCCGGTTACTAGAGG_010,180
ATGGTGTTGAGGATTTCCGG_001,9
ATGGTGTTGAGGATTTCCGG_002,168
ATGGTGTTGAGGATTTCCGG_003,96
ATGGTGTTGAGGATTTCCGG_004,16
ATGGTGTTGAGGATTTCCGG_005,54
ATGGTGTTGAGGATTTCCGG_006,77
ATGGTGTTGAGGATTTCCGG_007,137
ATGGTGTTGAGGATTTCCGG_008,166
ATGGTGTTGAGGATTTCCGG_009,50
ATGGTGTTGAGGATTTCCGG_010,17
ATGGTGTTGAGGATTTCCGG_011,42
ATGGTGTTGAGGATTTCCGG_012,95
ATGGTGTTGAGGATTTCCGG_013,115
ATGGTGTTGAGGATTTCCGG_014,20
ATGGTGTTGAGGATTTCCGG_015,3
TCCATCTCTGAGGGACAACA_001,41
TCCATCTCTGAGGGACAACA_002,81
TCCATCTCTGAGGGACAACA_003,199
TCCATCTCTGAGGGACAACA_004,49
TCCATCTCTGAGGGACAACA_005,85
TCCATCTCTGAGGGACAACA_006,121
TCCATCTCTGAGGGACAACA_007,34
TCCATCTCTGAGGGACAACA_008,150
GAGTGCAACAGTACTCCTCA_001,33
GAGTGCAACAGTACTCCTCA_002,106
GAGTGCAACAGTACTCCTCA_003,120
AAGTTCGCATAGTGGCCCAG_001,127
AAGTTCGCATAGTGGCCCAG_002,9
ACTACTGGGAGCGACTGCTA_001,115
ACTACTGGGAGCGACTGCTA_002,2
ACTACTGGGAGCGACTGCTA_003,138
ACTACTGGGAGCGACTGCTA_004,24
ACTACTGGGAGCGACTGCTA_005,113
ACTACTGGGAGCGACTGCTA_006,170
ACTACTGGGAGCGACTGCTA_007,163
ACTACTGGGAGCGACTGCTA_008,21
ACTACTGGGAGCGACTGCTA_009,77
ACTACTGGGAGCGACTGCTA_010,52
ACTACTGGGAGCGACTGCTA_011,127
ACTACTGGGAGCGACTGCTA_012,22
ACTACTGGGAGCGACTGCTA_013,198
ACTACTGGGAGCGACTGCTA_014,171
ACTACTGGGAGCGACTGCTA_015,35
ACTACTGGGAGCGACTGCTA_016,82
ACTACTGGGAGCGACTGCTA_017,0
ACTACTGGGAGCGACTGCTA_018,198
ACTACTGGGAGCGACTGCTA_019,79
AGGGAGAACTTAATGTACTG_001,121
AGGGAGAACTTAATGTACTG_002,156
AGGGAGAACTTAATGTACTG_003,156
AGGGAGAACTTAATGTACTG_004,126
AGGGAGAACTTAATGTACTG_005,76
AGGGAGAACTTAATGTACTG_006,65
AGGGAGAACTTAATGTACTG_007,40
AGGGAGAACTTAATGTACTG_008,177
AGGGAGAACTTAATGTACTG_009,8
AGGGAGAACTTAATGTACTG_010,104
AGGGAGAACTTAATGTACTG_011,19
AGGGAGAACTTAATGTACTG_012,91
CATACCGTCTAAATCAACAG_001,184
CATACCGTCTAAATCAACAG_002,12
CATACCGTCTAAATCAACAG_003,19
CATACCGTCTAAATCAACAG_004,2
TGTCTACTCACAATGGGAAG_001,144
TGTCTACTCACAATGGGAAG_002,158
TGTCTACTCACAATGGGAAG_003,12
TGTCTACTCACAATGGGAAG_004,27
TGTCTACTCACAATGGGAAG_005,17
TGTCTACTCACAATGGGAAG_006,116
TGTCTACTCACAATGGGAAG_007,174
TGTCTACTCACAATGGGAAG_008,156
TGTCTACTCACAATGGGAAG_009,198
TGTCTACTCACAATGGGAAG_010,135
TGTCTACTCACAATGGGAAG_011,171
ATTCAGGTGTACAGTTGTGG_001,117
ATTCAGGTGTACAGTTGTGG_002,12
ATTCAGGTGTACAGTTGTGG_003,153
ATTCAGGTGTACAGTTGTGG_004,161
ATTCAGGTGTACAGTTGTGG_005,6
TATGATGCAATTGCTCGACA_001,158
TATGATGCAATTGCTCGACA_002,94
TATGATGCAATTGCTCGACA_003,82
TATGATGCAATTGCTCGACA_004,131
TATGATGCAATTGCTCGACA_005,28
AAGGCCAAAATGTCTGACGA_001,17
AAGGCCAAAATGTCTGACGA_002,184
AAGGCCAAAATGTCTGACGA_003,77
AAGGCCAAAATGTCTGACGA_004,199
AAGGCCAAAATGTCTGACGA_005,5
AAGGCCAAAATGTCTGACGA_006,86
AAGGCCAAAATGTCTGACGA_007,8
AAGGCCAAAATGTCTGACGA_008,120
AAGGCCAAAATGTCTGACGA_009,77
CATCTGGATTGGCAAATCAG_001,26
CATCTGGATTGGCAAATCAG_002,45
CATCTGGATTGGCAAATCAG_003,2
CATCTGGATTGGCAAATCAG_004,119
CATCTGGATTGGCAAATCAG_005,136
CATCTGGATTGGCAAATCAG_006,86
CATCTGGATTGGCAAATCAG_007,108
CATCTGGATTGGCAAATCAG_008,76
CATCTGGATTGGCAAATCAG_009,130
CATCTGGATTGGCAAATCAG_010,115
CATCTGGATTGGCAAATCAG_011,37
CATCTGGATTGGCAAATCAG_012,77
CATCTGGATTGGCAAATCAG_013,32
CATCTGGATTGGCAAATCAG_014,196
CATCTGGATTGGCAAATCAG_015,52
CATCTGGATTGGCAAATCAG_016,121
CATCTGGATTGGCAAATCAG_017,5
CATCTGGATTGGCAAATCAG_018,106
CATCTGGATTGGCAAATCAG_019,160
GTTCTGCAATACCTTTCACT_001,137
GTTCTGCAATACCTTTCACT_002,109
GTTCTGCAATACCTTTCACT_003,125
GACAGCACTATCATCAGAAG_001,6
GACAGCACTATCATCAGAAG_002,0
GACAGCACTATCATCAGAAG_003,77
AAGATGCGCATGGCTCGATG_001,15
AAGATGCGCATGGCTCGATG_002,192
AAGATGCGCATGGCTCGATG_003,19
AAGATGCGCATGGCTCGATG_004,166
AAGATGCGCATGGCTCGATG_005,2
AAGATGCGCATGGCTCGATG_006,198
AAGATGCGCATGGCTCGATG_007,187
AAGATGCGCATGGCTCGATG_008,176
AAGATGCGCATGGCTCGATG_009,29
AAGATGCGCATGGCTCGATG_010,52
AAGATGCGCATGGCTCGATG_011,80
AAGATGCGCATGGCTCGATG_012,19
AAGATGCGCATGGCTCGATG_013,199
AAGATGCGCATGGCTCGATG_014,33
AAGATGCGCATGGCTCGATG_015,70
AAGATGCGCATGGCTCGATG_016,54
AAGATGCGCATGGCTCGATG_017,48
AAGATGCGCATGGCTCGATG_018,118
AAGATGCGCATGGCTCGATG_019,79
AAGATGCGCATGGCTCGATG_020,9
GATTCCAGTGGTACAAGTCG_001,130
AAAAAGACACCTGACATATG_001,173
AAAAAGACACCTGACATATG_002,158
AAAAAGACACCTGACATATG_003,68
AAAAAGACACCTGACATATG_004,197
AAAAAGACACCTGACATATG_005,141
AAAAAGACACCTGACATATG_006,185
AAAAAGACACCTGACATATG_007,54
AAAAAGACACCTGACATATG_008,92
AAAAAGACACCTGACATATG_009,92
AAAAAGACACCTGACATATG_010,65
AAAAAGACACCTGACATATG_011,183
AAAAAGACACCTGACATATG_012,174
AAAAAGACACCTGACATATG_013,199
AAAAAGACACCTGACATATG_014,58
AAAGGTCCGATTGACATGGG_001,36
AAAGGTCCGATTGACATGGG_002,170
AAAGGTCCGATTGACATGGG_003,80
AAAGGTCCGATTGACATGGG_004,80
AAAGGTCCGATTGACATGGG_005,183
AAAGGTCCGATTGACATGGG_006,59
AAAGGTCCGATTGACATGGG_007,50
AAAGGTCCGATTGACATGGG_008,146
AAAGGTCCGATTGACATGGG_009,88
AAAGGTCCGATTGACATGGG_010,19
TCGACAGGTCACAACCAGCG_001,169
TCGACAGGTCACAACCAGCG_002,92
TCGACAGGTCACAACCAGCG_003,80
TCGACAGGTCACAACCAGCG_004,183
CTATGAACCAGAAAATCCTG_001,184
CTATGAACCAGAAAATCCTG_002,78
AGAAACACTTCCTCACGGAA_001,23
AGAAACACTTCCTCACGGAA_002,4
ATGGCGTACTATCTGAAGTG_001,157
ACACGGCGAAGCGGTCGTTG_001,145
ACACGGCGAAGCGGTCGTTG_002,130
ACACGGCGAAGCGGTCGTTG_003,137
ACACGGCGAAGCGGTCGTTG_004,144
ACATGACAGTGCCCGCACGC_001,169
ACATGACAGTGCCCGCACGC_002,48
ACATGACAGTGCCCGCACGC_003,182
ACATGACAGTGCCCGCACGC_004,65
ACATGACAGTGCCCGCACGC_005,137
ACATGACAGTGCCCGCACGC_006,158
ACATGACAGTGCCCGCACGC_007,147
ACATGACAGTGCCCGCACGC_008,101
ACATGACAGTGCCCGCACGC_009,190
ACATGACAGTGCCCGCACGC_010,98
ACATGACAGTGCCCGCACGC_011,89
ACATGACAGTGCCCGCACGC_012,198
ACATGACAGTGCCCGCACGC_013,149
ACATGACAGTGCCCGCACGC_014,63
ACATGACAGTGCCCGCACGC_015,158
ACATGACAGTGCCCGCACGC_016,149
ACATGACAGTGCCCGCACGC_017,181
ACATGACAGTGCCCGCACGC_018,145
ACATGACAGTGCCCGCACGC_019,137
ACATGACAGTGCCCGCACGC_020,77
ACATGACAGTGCCCGCACGC_021,58
CCCGGTTTAGAAATTGCCTG_001,117
CCCGGTTTAGAAATTGCCTG_002,25
GACACCCTGCCAGCTCAATG_001,2
GACACCCTGCCAGCTCAATG_002,184
GACACCCTGCCAGCTCAATG_003,132
GACACCCTGCCAGCTCAATG_004,4
GACACCCTGCCAGCTCAATG_005,176
GACACCCTGCCAGCTCAATG_006,156
GACACCCTGCCAGCTCAATG_007,40
GACACCCTGCCAGCTCAATG_008,52
GACACCCTGCCAGCTCAATG_009,177
GACACCCTGCCAGCTCAATG_010,136
GACACCCTGCCAGCTCAATG_011,67
GACACCCTGCCAGCTCAATG_012,192
GACACCCTGCCAGCTCAATG_013,63
GACACCCTGCCAGCTCAATG_014,46
AACACGCACCAGGATGAAGG_001,158
AACACGCACCAGGATGAAGG_002,191
AACACGCACCAGGATGAAGG_003,62
AACACGCACCAGGATGAAGG_004,102
AACACGCACCAGGATGAAGG_005,125
AACACGCACCAGGATGAAGG_006,119
AACACGCACCAGGATGAAGG_007,119
AACACGCACCAGGATGAAGG_008,66
AACACGCACCAGGATGAAGG_009,160
AACACGCACCAGGATGAAGG_010,121
GCACTGGCCTTTGACGCAAG_001,137
GCACTGGCCTTTGACGCAAG_002,56
GCACTGGCCTTTGACGCAAG_003,120
GCACTGGCCTTTGACGCAAG_004,140
GCACTGGCCTTTGACGCAAG_005,127
GCACTGGCCTTTGACGCAAG_006,186
GCACTGGCCTTTGACGCAAG_007,194
GCACTGGCCTTTGACGCAAG_008,95
GCACTGGCCTTTGACGCAAG_009,46
GCACTGGCCTTTGACGCAAG_010,170
GCACTGGCCTTTGACGCAAG_011,85
CAAGAGCGGTACCGGCATTG_001,130
CAAGAGCGGTACCGGCATTG_002,17
CAAGAGCGGTACCGGCATTG_003,155
CAAGAGCGGTACCGGCATTG_004,152
CAAGAGCGGTACCGGCATTG_005,67
CAAGAGCGGTACCGGCATTG_006,0
CAAGAGCGGTACCGGCATTG_007,124
CAAGAGCGGTACCGGCATTG_008,190
CAAGAGCGGTACCGGCATTG_009,36
CAAGAGCGGTACCGGCATTG_010,94
CAAGAGCGGTACCGGCATTG_011,199
CAAGAGCGGTACCGGCATTG_012,150
CAAGAGCGGTACCGGCATTG_013,165
CAAGAGCGGTACCGGCATTG_014,115
CAAGAGCGGTACCGGCATTG_015,43
CAAGAGCGGTACCGGCATTG_016,132
TGCACCTCATAGAGACTCTG_001,161
TGCACCTCATAGAGACTCTG_002,124
TGCACCTCATAGAGACTCTG_003,76
TGCACCTCATAGAGACTCTG_004,149
TGCACCTCATAGAGACTCTG_005,34
TGCACCTCATAGAGACTCTG_006,49
TTTCTGGGTACAGATCAGTT_001,104
TTTCTGGGTACAGATCAGTT_002,157
ACTTGCCGAGCCACGGACCG_001,114
ACTTGCCGAGCCACGGACCG_002,114
ACTTGCCGAGCCACGGACCG_003,59
ACTTGCCGAGCCACGGACCG_004,113
ACTTGCCGAGCCACGGACCG_005,16
ACTTGCCGAGCCACGGACCG_006,102
ACTTGCCGAGCCACGGACCG_007,102
ACTTGCCGAGCCACGGACCG_008,117
ACTTGCCGAGCCACGGACCG_009,105
ACTTGCCGAGCCACGGACCG_010,22
ACTTGCCGAGCCACGGACCG_011,199
ACTTGCCGAGCCACGGACCG_012,177
ACTTGCCGAGCCACGGACCG_013,1
CGCCGTCAATGGCCACCACG_001,195
CGCCGTCAATGGCCACCACG_002,43
CGCCGTCAATGGCCACCACG_003,6
CGCCGTCAATGGCCACCACG_004,146
CGCCGTCAATGGCCACCACG_005,144
CGCCGTCAATGGCCACCACG_006,37
CGCCGTCAATGGCCACCACG_007,168
CGCCGTCAATGGCCACCACG_008,178
CGCCGTCAATGGCCACCACG_009,42
CGCCGTCAATGGCCACCACG_010,91
CGCCGTCAATGGCCACCACG_011,153
CGCCGTCAATGGCCACCACG_012,6
CGCCGTCAATGGCCACCACG_013,38
CGCCGTCAATGGCCACCACG_014,58
CGCCGTCAATGGCCACCACG_015,199
CGCCGTCAATGGCCACCACG_016,146
CGCCGTCAATGGCCACCACG_017,199
CGCCGTCAATGGCCACCACG_018,8
CGCCGTCAATGGCCACCACG_019,107
CGCCGTCAATGGCCACCACG_020,2
CGCCGTCAATGGCCACCACG_021,16
CGCCGTCAATGGCCACCACG_022,87
CGCCGTCAATGGCCACCACG_023,87
CGCCGTCAATGGCCACCACG_024,2
CGCCGTCAATGGCCACCACG_025,199
CCATGGCAATGACGGGAACG_001,51
CCATGGCAATGACGGGAACG_002,32
CCATGGCAATGACGGGAACG_003,70
GAGTCCATTCCTCTTCGAGG_001,60
GAGTCCATTCCTCTTCGAGG_002,55
GAGTCCATTCCTCTTCGAGG_003,113
GAGTCCATTCCTCTTCGAGG_004,130
GAGTCCATTCCTCTTCGAGG_005,14
GAGTCCATTCCTCTTCGAGG_006,28
GCACCAGCACTCACCAAAGG_001,62
GCACCAGCACTCACCAAAGG_002,22
GCACCAGCACTCACCAAAGG_003,33
GCACCAGCACTCACCAAAGG_004,120
GCACCAGCACTCACCAAAGG_005,90
GCACCAGCACTCACCAAAGG_006,35
GCACCAGCACTCACCAAAGG_007,166
GCACCAGCACTCACCAAAGG_008,88
GCACCAGCACTCACCAAAGG_009,40
GCACCAGCACTCACCAAAGG_010,83
GCACCAGCACTCACCAAAGG_011,149
GCACCAGCACTCACCAAAGG_012,14
GCACCAGCACTCACCAAAGG_013,37
GTAATGTTACAGCCTTGGAG_001,11
GTAATGTTACAGCCTTGGAG_002,134
GTAATGTTACAGCCTTGGAG_003,138
CAGAAGCTATTTGATCTGCG_001,6
CAGAAGCTATTTGATCTGCG_002,141
GAGTACCGCGCATCTCCGCG_001,127
GAGTACCGCGCATCTCCGCG_002,150
TATGGCTCGAGTCTAAGGAA_001,185
TATGGCTCGAGTCTAAGGAA_002,113
GACAGCCGTCCATCATGCAT_001,83
GACAGCCGTCCATCATGCAT_002,146
GACAGCCGTCCATCATGCAT_003,182
AAGAACATTGTCTGACCCAG_001,140
AAGAACATTGTCTGACCCAG_002,72
AAGAACATTGTCTGACCCAG_003,117
AAGAACATTGTCTGACCCAG_004,141
AAGAACATTGTCTGACCCAG_005,4
GATATGGGGATATAGTCACC_001,149
GATATGGGGATATAGTCACC_002,114
GATATGGGGATATAGTCACC_003,49
GATATGGGGATATAGTCACC_004,63
GATATGGGGATATAGTCACC_005,121
GATATGGGGATATAGTCACC_006,69
GATATGGGGATATAGTCACC_007,1
GATATGGGGATATAGTCACC_008,77
AAAGTCAAAGCAGATACCAA_001,47
AAAGTCAAAGCAGATACCAA_002,169
AAAGTCAAAGCAGATACCAA_003,58
AAAGTCAAAGCAGATACCAA_004,2
TTCCTGGAGCGCCGTGAGAG_001,183
TTCCTGGAGCGCCGTGAGAG_002,199
TTCCTGGAGCGCCGTGAGAG_003,188
TTCCTGGAGCGCCGTGAGAG_004,111
TTCCTGGAGCGCCGTGAGAG_005,196
TTCCTGGAGCGCCGTGAGAG_006,82
TTCCTGGAGCGCCGTGAGAG_007,184
TTCCTGGAGCGCCGTGAGAG_008,71
TTCCTGGAGCGCCGTGAGAG_009,183
TTCCTGGAGCGCCGTGAGAG_010,48
TTCCTGGAGCGCCGTGAGAG_011,124
TTCCTGGAGCGCCGTGAGAG_012,144
TTCCTGGAGCGCCGTGAGAG_013,9
TTCCTGGAGCGCCGTGAGAG_014,146
TTCCTGGAGCGCCGTGAGAG_015,59
TTCCTGGAGCGCCGTGAGAG_016,65
TTCCTGGAGCGCCGTGAGAG_017,98
TTCCTGGAGCGCCGTGAGAG_018,170
TTCCTGGAGCGCCGTGAGAG_019,65
TTCCTGGAGCGCCGTGAGAG_020,130
TTCCTGGAGCGCCGTGAGAG_021,173
TTCCTGGAGCGCCGTGAGAG_022,35
TTCCTGGAGCGCCGTGAGAG_023,198
CATGTGAGGTTTACTTCCCG_001,131
CATGTGAGGTTTACTTCCCG_002,34
CATGTGAGGTTTACTTCCCG_003,118
CATGTGAGGTTTACTTCCCG_004,105
CATGTGAGGTTTACTTCCCG_005,93
CATGTGAGGTTTACTTCCCG_006,28
GGACCTCAATGGACAAGCAA_001,105
GGACCTCAATGGACAAGCAA_002,172
GGACCTCAATGGACAAGCAA_003,78
GGACCTCAATGGACAAGCAA_004,77
GGACCTCAATGGACAAGCAA_005,2
GGACCTCAATGGACAAGCAA_006,145
GGACCTCAATGGACAAGCAA_007,76
GGACCTCAATGGACAAGCAA_008,169
GGACCTCAATGGACAAGCAA_009,115
GGACCTCAATGGACAAGCAA_010,182
GGACCTCAATGGACAAGCAA_011,105
GGACCTCAATGGACAAGCAA_012,32
GGACCTCAATGGACAAGCAA_013,165
GGACCTCAATGGACAAGCAA_014,6
GGACCTCAATGGACAAGCAA_015,91
GGACCTCAATGGACAAGCAA_016,39
GGACCTCAATGGACAAGCAA_017,191
GGACCTCAATGGACAAGCAA_018,151
TGCAGTGCCATACTTACACT_001,177
TGCAGTGCCATACTTACACT_002,138
TGCAGTGCCATACTTACACT_003,16
TGCAGTGCCATACTTACACT_004,145
TGCAGTGCCATACTTACACT_005,124
TGCAGTGCCATACTTACACT_006,4
TGCAGTGCCATACTTACACT_007,152
TGCAGTGCCATACTTACACT_008,35
CCATGGTCACCATACGGACA_001,115
CCATGGTCACCATACGGACA_002,120
CCATGGTCACCATACGGACA_003,137
CCATGGTCACCATACGGACA_004,62
TTCAGAAATCAGAGCGAGGG_001,15
TTCAGAAATCAGAGCGAGGG_002,77
TTCAGAAATCAGAGCGAGGG_003,108
TTCAGAAATCAGAGCGAGGG_004,161
TTCAGAAATCAGAGCGAGGG_005,162
TTCAGAAATCAGAGCGAGGG_006,148
TTCAGAAATCAGAGCGAGGG_007,74
TTCAGAAATCAGAGCGAGGG_008,147
TTCAGAAATCAGAGCGAGGG_009,169
TTCAGAAATCAGAGCGAGGG_010,137
TTCAGAAATCAGAGCGAGGG_011,2
TTCAGAAATCAGAGCGAGGG_012,149
TTCAGAAATCAGAGCGAGGG_013,42
GCCCCAATACTTCAGTGCAT_001,166
GCCCCAATACTTCAGTGCAT_002,132
GCCCCAATACTTCAGTGCAT_003,27
GCCCCAATACTTCAGTGCAT_004,102
GCCCCAATACTTCAGTGCAT_005,5
TGGCCAAACTGATCTATGCG_001,8
TGGCCAAACTGATCTATGCG_002,54
TGGCCAAACTGATCTATGCG_003,96
TGGCCAAACTGATCTATGCG_004,62
TGGCCAAACTGATCTATGCG_005,177
TGGCCAAACTGATCTATGCG_006,193
TGGCTAAGAAGAGACAACGG_001,179
TGGCTAAGAAGAGACAACGG_002,77
TGGCTAAGAAGAGACAACGG_003,59
TGGCTAAGAAGAGACAACGG_004,172
TGGCTAAGAAGAGACAACGG_005,47
TGGCTAAGAAGAGACAACGG_006,70
TGGCTAAGAAGAGACAACGG_007,78
TGGCTAAGAAGAGACAACGG_008,30
TGGCTAAGAAGAGACAACGG_009,169
TGGCTAAGAAGAGACAACGG_010,94
TGGCTAAGAAGAGACAACGG_011,61
TGGCTAAGAAGAGACAACGG_012,55
TGGCTAAGAAGAGACAACGG_013,93
TGGCTAAGAAGAGACAACGG_014,93
TGGCTAAGAAGAGACAACGG_015,88
TGGCTAAGAAGAGACAACGG_016,46
TGGCTAAGAAGAGACAACGG_017,157
TGGCTAAGAAGAGACAACGG_018,17
TGGCTAAGAAGAGACAACGG_019,35
TGGCTAAGAAGAGACAACGG_020,73
TGGCTAAGAAGAGACAACGG_021,91
TGGCTAAGAAGAGACAACGG_022,164
TGGCTAAGAAGAGACAACGG_023,43
TGGCTAAGAAGAGACAACGG_024,75
TGGCTAAGAAGAGACAACGG_025,43
CAGACTCGAGTTATTCGGAC_001,88
CAGACTCGAGTTATTCGGAC_002,107
CAGACTCGAGTTATTCGGAC_003,102
CAGACTCGAGTTATTCGGAC_004,191
GATCAATGCAATAACCATCC_001,68
GATCAATGCAATAACCATCC_002,179
GATGGCATGTTTCACGGCGA_001,102
GATGGCATGTTTCACGGCGA_002,133
GATGGCATGTTTCACGGCGA_003,103
TTGAAGACCCCACCAGACCT_001,158
TTGAAGACCCCACCAGACCT_002,83
TTGAAGACCCCACCAGACCT_003,9
TTGAAGACCCCACCAGACCT_004,150
TTGAAGACCCCACCAGACCT_005,150
TTGAAGACCCCACCAGACCT_006,148
TTGAAGACCCCACCAGACCT_007,85
TTGAAGACCCCACCAGACCT_008,135
TTGAAGACCCCACCAGACCT_009,88
TTGAAGACCCCACCAGACCT_010,50
TTGAAGACCCCACCAGACCT_011,185
TTGAAGACCCCACCAGACCT_012,198
TTGAAGACCCCACCAGACCT_013,119
TTGAAGACCCCACCAGACCT_014,114
TTGAAGACCCCACCAGACCT_015,101
TTGAAGACCCCACCAGACCT_016,94
TTGAAGACCCCACCAGACCT_017,49
TTGAAGACCCCACCAGACCT_018,75
TTGAAGACCCCACCAGACCT_019,2
TTGAAGACCCCACCAGACCT_020,152
TTGAAGACCCCACCAGACCT_021,90
CCCGCCGCCCAGGACACACC_001,77
CCCGCCGCCCAGGACACACC_002,4
CCCGCCGCCCAGGACACACC_003,57
CCCGCCGCCCAGGACACACC_004,15
CCCGCCGCCCAGGACACACC_005,68
CCCGCCGCCCAGGACACACC_006,16
CCCGCCGCCCAGGACACACC_007,50
CCCGCCGCCCAGGACACACC_008,73
CCCGCCGCCCAGGACACACC_009,145
CCCGCCGCCCAGGACACACC_010,28
CCCGCCGCCCAGGACACACC_011,138
CCCGCCGCCCAGGACACACC_012,148
CCCGCCGCCCAGGACACACC_013,146
CCCGCCGCCCAGGACACACC_014,19
CCCGCCGCCCAGGACACACC_015,19
CCCGCCGCCCAGGACACACC_016,188
CCCGCCGCCCAGGACACACC_017,63
CCCGCCGCCCAGGACACACC_018,49
CCCGCCGCCCAGGACACACC_019,9
CCCGCCGCCCAGGACACACC_020,163
CCCGCCGCCCAGGACACACC_021,178
CCCGCCGCCCAGGACACACC_022,108
CCCGCCGCCCAGGACACACC_023,131
CCCGCCGCCCAGGACACACC_024,37
CCCGCCGCCCAGGACACACC_025,12
CCCGCCGCCCAGGACACACC_026,197
CCCGCCGCCCAGGACACACC_027,61
CACTAATAAGAACATGAAGG_001,105
GGAATACGATGAATCAGCCG_001,121
GGAATACGATGAATCAGCCG_002,40
GGAATACGATGAATCAGCCG_003,118
GGAATACGATGAATCAGCCG_004,166
GGAATACGATGAATCAGCCG_005,6
GGAATACGATGAATCAGCCG_006,137
GGAATACGATGAATCAGCCG_007,13
GGAATACGATGAATCAGCCG_008,56
GTTCACCAGGCTCGACACGA_001,68
GTTCACCAGGCTCGACACGA_002,78
GTTCACCAGGCTCGACACGA_003,102
GTTCACCAGGCTCGACACGA_004,70
GTTCACCAGGCTCGACACGA_005,99
GTTCACCAGGCTCGACACGA_006,149
GTTCACCAGGCTCGACACGA_007,14
GTTCACCAGGCTCGACACGA_008,160
GTTCACCAGGCTCGACACGA_009,8
GTTCACCAGGCTCGACACGA_010,199
GTTCACCAGGCTCGACACGA_011,162
GTTCACCAGGCTCGACACGA_012,196
GTTCACCAGGCTCGACACGA_013,103
GTTCACCAGGCTCGACACGA_014,50
GTTCACCAGGCTCGACACGA_015,48
GTTCACCAGGCTCGACACGA_016,147
GTTCACCAGGCTCGACACGA_017,9
GTTCACCAGGCTCGACACGA_018,70
GTTCACCAGGCTCGACACGA_019,88
GTTCACCAGGCTCGACACGA_020,199
GTTCACCAGGCTCGACACGA_021,1
GTTCACCAGGCTCGACACGA_022,113
GTTCACCAGGCTCGACACGA_023,60
GTTCACCAGGCTCGACACGA_024,171
GTTCACCAGGCTCGACACGA_025,191
GTTCACCAGGCTCGACACGA_026,20
GTTCACCAGGCTCGACACGA_027,128
GTTCACCAGGCTCGACACGA_028,152
GTTCACCAGGCTCGACACGA_029,76
GTTCACCAGGCTCGACACGA_030,137
GTTCACCAGGCTCGACACGA_031,172
GTTCACCAGGCTCGACACGA_032,148
GTTCACCAGGCTCGACACGA_033,144
AGAACAGGAGAGGCAGCAGG_001,68
AGAACAGGAGAGGCAGCAGG_002,67
AGAACAGGAGAGGCAGCAGG_003,24
AGAACAGGAGAGGCAGCAGG_004,128
AGAACAGGAGAGGCAGCAGG_005,171
AGAACAGGAGAGGCAGCAGG_006,157
AGAACAGGAGAGGCAGCAGG_007,147
AGAACAGGAGAGGCAGCAGG_008,115
AGAACAGGAGAGGCAGCAGG_009,68
AGAACAGGAGAGGCAGCAGG_010,124
AGAACAGGAGAGGCAGCAGG_011,148
AGAACAGGAGAGGCAGCAGG_012,44
AGAACAGGAGAGGCAGCAGG_013,194
AGAACAGGAGAGGCAGCAGG_014,85
AGAACAGGAGAGGCAGCAGG_015,43
AGAACAGGAGAGGCAGCAGG_016,3
AGAACAGGAGAGGCAGCAGG_017,142
AGAACAGGAGAGGCAGCAGG_018,60
AGAACAGGAGAGGCAGCAGG_019,18
TGTCTGATCCATCTAGCACC_001,95
TGTCTGATCCATCTAGCACC_002,22
TGTGGGCAAGGATGTAGGCT_001,46
TGTGGGCAAGGATGTAGGCT_002,48
TGTGGGCAAGGATGTAGGCT_003,105
TGTGGGCAAGGATGTAGGCT_004,27
TGTGGGCAAGGATGTAGGCT_005,170
TGTGGGCAAGGATGTAGGCT_006,137
TGTGGGCAAGGATGTAGGCT_007,184
TGTGGGCAAGGATGTAGGCT_008,31
TGTGGGCAAGGATGTAGGCT_009,74
TGTGGGCAAGGATGTAGGCT_010,170
TGTGGGCAAGGATGTAGGCT_011,94
CCCACCTCAACTCTGCGTAG_001,12
CCCACCTCAACTCTGCGTAG_002,64
CCCACCTCAACTCTGCGTAG_003,197
CCCACCTCAACTCTGCGTAG_004,128
CCCACCTCAACTCTGCGTAG_005,57
CCCACCTCAACTCTGCGTAG_006,41
CCCACCTCAACTCTGCGTAG_007,167
CCCACCTCAACTCTGCGTAG_008,167
CCCACCTCAACTCTGCGTAG_009,126
CCCACCTCAACTCTGCGTAG_010,93
ATATAAATAATATCTCACCA_001,177
ATATAAATAATATCTCACCA_002,194
TGAGAGCAGGTTGTAAAAGG_001,197
TGAGAGCAGGTTGTAAAAGG_002,160
TGAGAGCAGGTTGTAAAAGG_003,47
TGAGAGCAGGTTGTAAAAGG_004,6
TGAGAGCAGGTTGTAAAAGG_005,161
TGAGAGCAGGTTGTAAAAGG_006,126
TGAGAGCAGGTTGTAAAAGG_007,105
CCTGGACCACAACATCGTGA_001,24
CCTGGACCACAACATCGTGA_002,4
CCTGGACCACAACATCGTGA_003,158
CCTGGACCACAACATCGTGA_004,158
CCTGGACCACAACATCGTGA_005,14
CTCTGCCACCCTCCCAACAA_001,150
CTCTGCCACCCTCCCAACAA_002,144
CTCTGCCACCCTCCCAACAA_003,17
CTCTGCCACCCTCCCAACAA_004,127
CTCTGCCACCCTCCCAACAA_005,185
CTCTGCCACCCTCCCAACAA_006,23
CTCTGCCACCCTCCCAACAA_007,110
CTCTGCCACCCTCCCAACAA_008,142
CTCTGCCACCCTCCCAACAA_009,7
CTCTGCCACCCTCCCAACAA_010,24
CTCTGCCACCCTCCCAACAA_011,75
CTCTGCCACCCTCCCAACAA_012,72
CTCTGCCACCCTCCCAACAA_013,10
CTCTGCCACCCTCCCAACAA_014,175
CTCTGCCACCCTCCCAACAA_015,42
CTCTGCCACCCTCCCAACAA_016,135
CTCTGCCACCCTCCCAACAA_017,9
CTCTGCCACCCTCCCAACAA_018,147
CTCTGCCACCCTCCCAACAA_019,106
CTCTGCCACCCTCCCAACAA_020,172
CTCTGCCACCCTCCCAACAA_021,139
ATGGATTACCTAGATATCGG_001,169
GGAAGGAGCCAAAGACTCAA_001,2
GGAAGGAGCCAAAGACTCAA_002,117
GGAAGGAGCCAAAGACTCAA_003,165
GGAAGGAGCCAAAGACTCAA_004,49
GGAAGGAGCCAAAGACTCAA_005,158
GGAAGGAGCCAAAGACTCAA_006,147
GGAAGGAGCCAAAGACTCAA_007,60
GGAAGGAGCCAAAGACTCAA_008,149
GGCCGCGGGACACCACGATG_001,43
GGCCGCGGGACACCACGATG_002,193
GGCCGCGGGACACCACGATG_003,107
GGCCGCGGGACACCACGATG_004,107
GGCCGCGGGACACCACGATG_005,106
GGCCGCGGGACACCACGATG_006,23
GGCCGCGGGACACCACGATG_007,103
GGCCGCGGGACACCACGATG_008,112
GGCCGCGGGACACCACGATG_009,15
GGCCGCGGGACACCACGATG_010,84
GGCCGCGGGACACCACGATG_011,8
GGCCGCGGGACACCACGATG_012,140
GGCCGCGGGACACCACGATG_013,115
GGCCGCGGGACACCACGATG_014,120
GGCCGCGGGACACCACGATG_015,118
GGCCGCGGGACACCACGATG_016,42
GGCCGCGGGACACCACGATG_017,37
GGCCGCGGGACACCACGATG_018,8
CTGCCGTTTAACTCCCCGCG_001,137
CTGCCGTTTAACTCCCCGCG_002,130
CTGCCGTTTAACTCCCCGCG_003,106
CTGCCGTTTAACTCCCCGCG_004,19
CTGCCGTTTAACTCCCCGCG_005,94
CTGCCGTTTAACTCCCCGCG_006,63
CTGCCGTTTAACTCCCCGCG_007,171
CTGCCGTTTAACTCCCCGCG_008,150
CTGCCGTTTAACTCCCCGCG_009,155
CTGCCGTTTAACTCCCCGCG_010,198
CTGCCGTTTAACTCCCCGCG_011,62
CTGCCGTTTAACTCCCCGCG_012,115
CTGCCGTTTAACTCCCCGCG_013,60
TAATGGCGTTTCGATCAGAA_001,154
TAATGGCGTTTCGATCAGAA_002,139
TAGATGATCAGACCAAGCCC_001,105
TAGATGATCAGACCAAGCCC_002,68
TAGATGATCAGACCAAGCCC_003,14
ATCATGTCGGAGTCCAACTG_001,35
ATCATGTCGGAGTCCAACTG_002,166
ATCATGTCGGAGTCCAACTG_003,42
ATCATGTCGGAGTCCAACTG_004,92
ATCATGTCGGAGTCCAACTG_005,93
ATCATGTCGGAGTCCAACTG_006,70
ATCATGTCGGAGTCCAACTG_007,82
ATCATGTCGGAGTCCAACTG_008,172
ATCATGTCGGAGTCCAACTG_009,103
ATCATGTCGGAGTCCAACTG_010,151
ATCATGTCGGAGTCCAACTG_011,144
ATCATGTCGGAGTCCAACTG_012,50
ATCATGTCGGAGTCCAACTG_013,96
ATCATGTCGGAGTCCAACTG_014,116
ATCATGTCGGAGTCCAACTG_015,79
ATCATGTCGGAGTCCAACTG_016,46
ATCATGTCGGAGTCCAACTG_017,34
ATCATGTCGGAGTCCAACTG_018,188
ATCATGTCGGAGTCCAACTG_019,112
ATCATGTCGGAGTCCAACTG_020,151
CAGCATCACAAAATCCACAC_001,102
CAGCATCACAAAATCCACAC_002,160
CAGCATCACAAAATCCACAC_003,176
CAGCATCACAAAATCCACAC_004,70
CAGCATCACAAAATCCACAC_005,48
CAGCATCACAAAATCCACAC_006,162
CAGCATCACAAAATCCACAC_007,22
CAGCATCACAAAATCCACAC_008,188
CAGCATCACAAAATCCACAC_009,104
CAGCATCACAAAATCCACAC_010,92
ATTCCGACTTGACTTAAGGT_001,146
ATTCCGACTTGACTTAAGGT_002,74
ATTCCGACTTGACTTAAGGT_003,127
CTGCACGAAGGTCTCAGGAT_001,147
CTGCACGAAGGTCTCAGGAT_002,197
CTGCACGAAGGTCTCAGGAT_003,106
CTGCACGAAGGTCTCAGGAT_004,157
CTGCACGAAGGTCTCAGGAT_005,155
CTGCACGAAGGTCTCAGGAT_006,106
CTGCACGAAGGTCTCAGGAT_007,69
ATTCTCCCTAAATGTATAGG_001,198
ATTCTCCCTAAATGTATAGG_002,167
ATTCTCCCTAAATGTATAGG_003,164
ATTCTCCCTAAATGTATAGG_004,19
ATTCTCCCTAAATGTATAGG_005,117
ATTCTCCCTAAATGTATAGG_006,160
ATTCTCCCTAAATGTATAGG_007,21
ATTCTCCCTAAATGTATAGG_008,85
ATTCTCCCTAAATGTATAGG_009,191
ATTCTCCCTAAATGTATAGG_010,47
CCAGGGCCACTCATTCCCGA_001,103
CCAGGGCCACTCATTCCCGA_002,159
CCAGGGCCACTCATTCCCGA_003,177
CCAGGGCCACTCATTCCCGA_004,67
CGGAACACGTTCACACAAGG_001,73
AGCCTCTGGGGCAGCAGCAG_001,191
AGCCTCTGGGGCAGCAGCAG_002,172
AGCCTCTGGGGCAGCAGCAG_003,78
AGCCTCTGGGGCAGCAGCAG_004,107
AGCCTCTGGGGCAGCAGCAG_005,135
AGCCTCTGGGGCAGCAGCAG_006,97
AGCCTCTGGGGCAGCAGCAG_007,29
AGCCTCTGGGGCAGCAGCAG_008,70
AGCCTCTGGGGCAGCAGCAG_009,162
AGCCTCTGGGGCAGCAGCAG_010,9
AGCCTCTGGGGCAGCAGCAG_011,197
AGCCTCTGGGGCAGCAGCAG_012,61
AGCCTCTGGGGCAGCAGCAG_013,31
GCTCGTAGTCGTCGAAGCTG_001,123
GCTCGTAGTCGTCGAAGCTG_002,92
GCTCGTAGTCGTCGAAGCTG_003,55
GCTCGTAGTCGTCGAAGCTG_004,82
GCTCGTAGTCGTCGAAGCTG_005,62
GCTCGTAGTCGTCGAAGCTG_006,78
GCTCGTAGTCGTCGAAGCTG_007,77
GCTCGTAGTCGTCGAAGCTG_008,49
GCTCGTAGTCGTCGAAGCTG_009,74
GCTCGTAGTCGTCGAAGCTG_010,175
GCTCGTAGTCGTCGAAGCTG_011,156
GCTCGTAGTCGTCGAAGCTG_012,34
GCTCGTAGTCGTCGAAGCTG_013,115
GCTGCCATTGAAGAAATGCG_001,52
GCTGCCATTGAAGAAATGCG_002,43
GCTGCCATTGAAGAAATGCG_003,103
GCTGCCATTGAAGAAATGCG_004,196
GCTGCCATTGAAGAAATGCG_005,82
GCTGCCATTGAAGAAATGCG_006,15
GCTGCCATTGAAGAAATGCG_007,44
GCTGCCATTGAAGAAATGCG_008,38
GCTGCCATTGAAGAAATGCG_009,56
GCTGCCATTGAAGAAATGCG_010,63
GCTGCCATTGAAGAAATGCG_011,198
GCTGCCATTGAAGAAATGCG_012,19
GAGAAACCCTACAAATGTGA_001,76
GAGAAACCCTACAAATGTGA_002,138
GAGAAACCCTACAAATGTGA_003,138
TCCATCCAATTAGGCGACCT_001,148
TCCATCCAATTAGGCGACCT_002,108
TCCATCCAATTAGGCGACCT_003,1
TCCATCCAATTAGGCGACCT_004,33
TCCATCCAATTAGGCGACCT_005,127
TCCATCCAATTAGGCGACCT_006,140
TCCATCCAATTAGGCGACCT_007,7
TCCATCCAATTAGGCGACCT_008,143
TCCATCCAATTAGGCGACCT_009,143
AGAATGCACTCACCTTGTCA_001,82
AGAATGCACTCACCTTGTCA_002,166
AGAATGCACTCACCTTGTCA_003,41
AGAATGCACTCACCTTGTCA_004,133
AGAATGCACTCACCTTGTCA_005,123
AGAATGCACTCACCTTGTCA_006,124
AGAATGCACTCACCTTGTCA_007,137
AGAATGCACTCACCTTGTCA_008,81
AGAATGCACTCACCTTGTCA_009,184
AGAATGCACTCACCTTGTCA_010,65
ATGCCATCATGACCCAACTG_001,199
ATGCCATCATGACCCAACTG_002,137
ATGCCATCATGACCCAACTG_003,1
ATGCCATCATGACCCAACTG_004,78
ATGCCATCATGACCCAACTG_005,58
ATGCCATCATGACCCAACTG_006,38
ATGCCATCATGACCCAACTG_007,194
ATGCCATCATGACCCAACTG_008,147
CCCACCAATTGGCTTAAATG_001,4
CCCACCAATTGGCTTAAATG_002,198
CCCACCAATTGGCTTAAATG_003,21
CCCACCAATTGGCTTAAATG_004,137
CCCACCAATTGGCTTAAATG_005,137
CCCACCAATTGGCTTAAATG_006,161
CCCACCAATTGGCTTAAATG_007,135
CCCACCAATTGGCTTAAATG_008,157
CCCACCAATTGGCTTAAATG_009,176
CCCACCAATTGGCTTAAATG_010,169
CCCACCAATTGGCTTAAATG_011,34
CCCACCAATTGGCTTAAATG_012,63
CCCACCAATTGGCTTAAATG_013,77
GATCTGATAAGCTCTATCTA_001,160
GATCTGATAAGCTCTATCTA_002,150
GATCTGATAAGCTCTATCTA_003,109
GATCTGATAAGCTCTATCTA_004,169
GCTGCAGCTCAGACGACTCC_001,158
GCTGCAGCTCAGACGACTCC_002,2
GCTGCAGCTCAGACGACTCC_003,164
CATCCTAAACGACCAGTGCT_001,73
CATCCTAAACGACCAGTGCT_002,140
CATCCTAAACGACCAGTGCT_003,177
CATCCTAAACGACCAGTGCT_004,27
CATCCTAAACGACCAGTGCT_005,172
CATCCTAAACGACCAGTGCT_006,158
CATCCTAAACGACCAGTGCT_007,147
CATCCTAAACGACCAGTGCT_008,123
CATCCTAAACGACCAGTGCT_009,55
CATCCTAAACGACCAGTGCT_010,1
CATCCTAAACGACCAGTGCT_011,65
CATCCTAAACGACCAGTGCT_012,136
CATCCTAAACGACCAGTGCT_013,93
CATCCTAAACGACCAGTGCT_014,174
CATCCTAAACGACCAGTGCT_015,159
CATCCTAAACGACCAGTGCT_016,50
CATCCTAAACGACCAGTGCT_017,29
CATCCTAAACGACCAGTGCT_018,72
CATCCTAAACGACCAGTGCT_019,51
CATCCTAAACGACCAGTGCT_020,106
CATCCTAAACGACCAGTGCT_021,102
CATCCTAAACGACCAGTGCT_022,19
CATCCTAAACGACCAGTGCT_023,105
CATCCTAAACGACCAGTGCT_024,15
CATCCTAAACGACCAGTGCT_025,52
CATCCTAAACGACCAGTGCT_026,174
GTAGCCCAAAGCTTCAAACA_001,130
GTAGCCCAAAGCTTCAAACA_002,147
GTAGCCCAAAGCTTCAAACA_003,147
GTAGCCCAAAGCTTCAAACA_004,150
GTAGCCCAAAGCTTCAAACA_005,18
GTAGCCCAAAGCTTCAAACA_006,80
GTAGCCCAAAGCTTCAAACA_007,127
GTAGCCCAAAGCTTCAAACA_008,127
GTAGCCCAAAGCTTCAAACA_009,45
GTAGCCCAAAGCTTCAAACA_010,148
GTAGCCCAAAGCTTCAAACA_011,160
GTAGCCCAAAGCTTCAAACA_012,46
GTAGCCCAAAGCTTCAAACA_013,189
GTAGCCCAAAGCTTCAAACA_014,171
GTAGCCCAAAGCTTCAAACA_015,78
GTAGCCCAAAGCTTCAAACA_016,16
GTAGCCCAAAGCTTCAAACA_017,12
GTAGCCCAAAGCTTCAAACA_018,105
GTAGCCCAAAGCTTCAAACA_019,137
GTAGCCCAAAGCTTCAAACA_020,81
GTAGCCCAAAGCTTCAAACA_021,152
GTAGCCCAAAGCTTCAAACA_022,102
TAGACTGAAAACCTCCCCTG_001,105
TAGACTGAAAACCTCCCCTG_002,17
TAGACTGAAAACCTCCCCTG_003,60
TAGACTGAAAACCTCCCCTG_004,148
TAGACTGAAAACCTCCCCTG_005,104
TAGACTGAAAACCTCCCCTG_006,181
TAGACTGAAAACCTCCCCTG_007,9
TAGACTGAAAACCTCCCCTG_008,87
TAGACTGAAAACCTCCCCTG_009,56
TAGACTGAAAACCTCCCCTG_010,190
TAGACTGAAAACCTCCCCTG_011,82
TAGACTGAAAACCTCCCCTG_012,66
TAGACTGAAAACCTCCCCTG_013,113
TAGACTGAAAACCTCCCCTG_014,88
TAGACTGAAAACCTCCCCTG_015,56
TAGACTGAAAACCTCCCCTG_016,1
TAGACTGAAAACCTCCCCTG_017,45
TAGACTGAAAACCTCCCCTG_018,120
TAGACTGAAAACCTCCCCTG_019,82
TAGACTGAAAACCTCCCCTG_020,162
TAGACTGAAAACCTCCCCTG_021,175
TAGACTGAAAACCTCCCCTG_022,88
TAGACTGAAAACCTCCCCTG_023,29
TAGACTGAAAACCTCCCCTG_024,198
TAGACTGAAAACCTCCCCTG_025,42
TAGACTGAAAACCTCCCCTG_026,141
TAGACTGAAAACCTCCCCTG_027,167
TAGACTGAAAACCTCCCCTG_028,79
TAGACTGAAAACCTCCCCTG_029,69
TAGACTGAAAACCTCCCCTG_030,170
TAGACTGAAAACCTCCCCTG_031,37
TAGACTGAAAACCTCCCCTG_032,147
TAGACTGAAAACCTCCCCTG_033,61
TAGACTGAAAACCTCCCCTG_034,10
TAGACTGAAAACCTCCCCTG_035,111
TAGACTGAAAACCTCCCCTG_036,77
TAGACTGAAAACCTCCCCTG_037,57
TAGACTGAAAACCTCCCCTG_038,24
AGCGGTAGTCCCGATCAACA_001,32
AGCGGTAGTCCCGATCAACA_002,91
AGCGGTAGTCCCGATCAACA_003,58
AGCGGTAGTCCCGATCAACA_004,50
AGCGGTAGTCCCGATCAACA_005,160
AGCGGTAGTCCCGATCAACA_006,160
AGCGGTAGTCCCGATCAACA_007,30
AGCGGTAGTCCCGATCAACA_008,83
AGCGGTAGTCCCGATCAACA_009,137
AGCGGTAGTCCCGATCAACA_010,197
AGCGGTAGTCCCGATCAACA_011,163
AGCGGTAGTCCCGATCAACA_012,138
AGCGGTAGTCCCGATCAACA_013,174
AGCGGTAGTCCCGATCAACA_014,105
AGCGGTAGTCCCGATCAACA_015,77
AGCGGTAGTCCCGATCAACA_016,93
GAACTTTCACCAGTACTCCG_001,184
GAACTTTCACCAGTACTCCG_002,26
GAACTTTCACCAGTACTCCG_003,177
ACATTTGCAAGGATTATCCG_001,146
ACATTTGCAAGGATTATCCG_002,56
ACATTTGCAAGGATTATCCG_003,68
AGACCGCAACAGCCAACCAG_001,138
AGACCGCAACAGCCAACCAG_002,147
AGACCGCAACAGCCAACCAG_003,150
AGACCGCAACAGCCAACCAG_004,144
AGACCGCAACAGCCAACCAG_005,184
AGACCGCAACAGCCAACCAG_006,77
AGACCGCAACAGCCAACCAG_007,162
AGACCGCAACAGCCAACCAG_008,104
AGACCGCAACAGCCAACCAG_009,138
AGACCGCAACAGCCAACCAG_010,93
AGACCGCAACAGCCAACCAG_011,49
AGACCGCAACAGCCAACCAG_012,129
AGACCGCAACAGCCAACCAG_013,59
AGACCGCAACAGCCAACCAG_014,23
AGACCGCAACAGCCAACCAG_015,91
AGACCGCAACAGCCAACCAG_016,106
AACAGACAGCCCCCAACACA_001,108
AACAGACAGCCCCCAACACA_002,149
AACAGACAGCCCCCAACACA_003,185
AACAGACAGCCCCCAACACA_004,141
AACAGACAGCCCCCAACACA_005,150
AACAGACAGCCCCCAACACA_006,1
AACAGACAGCCCCCAACACA_007,78
AACAGACAGCCCCCAACACA_008,106
AACAGACAGCCCCCAACACA_009,42
AACAGACAGCCCCCAACACA_010,118
AACAGACAGCCCCCAACACA_011,139
AACAGACAGCCCCCAACACA_012,184
AACAGACAGCCCCCAACACA_013,133
AACAGACAGCCCCCAACACA_014,1
AACAGACAGCCCCCAACACA_015,98
AACAGACAGCCCCCAACACA_016,8
AACAGACAGCCCCCAACACA_017,115
AACAGACAGCCCCCAACACA_018,57
AACAGACAGCCCCCAACACA_019,41
AACAGACAGCCCCCAACACA_020,146
AACAGACAGCCCCCAACACA_021,94
AACAGACAGCCCCCAACACA_022,88
AACAGACAGCCCCCAACACA_023,81
AACAGACAGCCCCCAACACA_024,47
AACAGACAGCCCCCAACACA_025,25
AACAGACAGCCCCCAACACA_026,147
AACAGACAGCCCCCAACACA_027,3
AACAGACAGCCCCCAACACA_028,16
AACAGACAGCCCCCAACACA_029,55
AACAGACAGCCCCCAACACA_030,116
AACAGACAGCCCCCAACACA_031,186
TACCATGAGACATGAACACC_001,153
TACCATGAGACATGAACACC_002,172
TACCATGAGACATGAACACC_003,172
TACCATGAGACATGAACACC_004,75
TACCATGAGACATGAACACC_005,133
TACCATGAGACATGAACACC_006,94
TACCATGAGACATGAACACC_007,102
TACCATGAGACATGAACACC_008,53
TACCATGAGACATGAACACC_009,103
TACCATGAGACATGAACACC_010,46
ATATGGCTCTGATAGAACTG_001,118
ATATGGCTCTGATAGAACTG_002,145
ATATGGCTCTGATAGAACTG_003,127
ATATGGCTCTGATAGAACTG_004,169
ATATGGCTCTGATAGAACTG_005,40
GCTGGATCTGCAGCAACACT_001,121
GCTGGATCTGCAGCAACACT_002,88
GCTGGATCTGCAGCAACACT_003,97
GCTGGATCTGCAGCAACACT_004,1
GCTGGATCTGCAGCAACACT_005,70
GCTGGATCTGCAGCAACACT_006,109
GCTGGATCTGCAGCAACACT_007,182
GATGTATGCCTGCGTCCGTG_001,143
TGGCCCGCAGAGTTAATGCA_001,79
TGGCCCGCAGAGTTAATGCA_002,49
TGGCCCGCAGAGTTAATGCA_003,117
TGGCCCGCAGAGTTAATGCA_004,151
AAGAAGGACGAGCCCAAGAG_001,163
AAGAAGGACGAGCCCAAGAG_002,150
AAGAAGGACGAGCCCAAGAG_003,83
AAGAAGGACGAGCCCAAGAG_004,104
AAGAAGGACGAGCCCAAGAG_005,125
AAGAAGGACGAGCCCAAGAG_006,117
AAGAAGGACGAGCCCAAGAG_007,48
AAGAAGGACGAGCCCAAGAG_008,67
GGAGCCCTATTATCAGGCCG_001,182
GGAGCCCTATTATCAGGCCG_002,8
GGAGCCCTATTATCAGGCCG_003,133
GGAGCCCTATTATCAGGCCG_004,106
TCGAAACCGTGCCTGTGTGG_001,32
TCGAAACCGTGCCTGTGTGG_002,2
TCGAAACCGTGCCTGTGTGG_003,34
TCGAAACCGTGCCTGTGTGG_004,166
TCGAAACCGTGCCTGTGTGG_005,88
AAAGAAAGTCAGAAACCCGA_001,8
AAAGAAAGTCAGAAACCCGA_002,78
CTCCACGCACCTCCACAGAG_001,152
CTCCACGCACCTCCACAGAG_002,147
CTCCACGCACCTCCACAGAG_003,111
CTCCACGCACCTCCACAGAG_004,127
CTCCACGCACCTCCACAGAG_005,22
CTCCACGCACCTCCACAGAG_006,94
AGCGCTAGGCCTGGTTACCA_001,104
AGCGCTAGGCCTGGTTACCA_002,29
AGCGCTAGGCCTGGTTACCA_003,133
AGCGCTAGGCCTGGTTACCA_004,190
AGCGCTAGGCCTGGTTACCA_005,183
AGCGCTAGGCCTGGTTACCA_006,156
AGCGCTAGGCCTGGTTACCA_007,86
AGCGCTAGGCCTGGTTACCA_008,19
AGCGCTAGGCCTGGTTACCA_009,134
AGCGCTAGGCCTGGTTACCA_010,49
AGCGCTAGGCCTGGTTACCA_011,30
AGCGCTAGGCCTGGTTACCA_012,70
AGCGCTAGGCCTGGTTACCA_013,60
AGCGCTAGGCCTGGTTACCA_014,94
AGCGCTAGGCCTGGTTACCA_015,22
AGCGCTAGGCCTGGTTACCA_016,56
AGCGCTAGGCCTGGTTACCA_017,69
AGCGCTAGGCCTGGTTACCA_018,56
AGCGCTAGGCCTGGTTACCA_019,165
AGCGCTAGGCCTGGTTACCA_020,79
AGCGCTAGGCCTGGTTACCA_021,63
AGCGCTAGGCCTGGTTACCA_022,162
AAGCCTAAGAAATACAATCC_001,26
AAGCCTAAGAAATACAATCC_002,3
AAGCCTAAGAAATACAATCC_003,108
AAGCCTAAGAAATACAATCC_004,88
AAGCCTAAGAAATACAATCC_005,76
AAGCCTAAGAAATACAATCC_006,75
AAGCCTAAGAAATACAATCC_007,81
AAGCCTAAGAAATACAATCC_008,10
GTTTAAAAGATGGCTTGTCA_001,132
GTTTAAAAGATGGCTTGTCA_002,137
GTTTAAAAGATGGCTTGTCA_003,27
GTTTAAAAGATGGCTTGTCA_004,13
GTTTAAAAGATGGCTTGTCA_005,18
GTTTAAAAGATGGCTTGTCA_006,21
GTTTAAAAGATGGCTTGTCA_007,138
GTTTAAAAGATGGCTTGTCA_008,138
TTCTTGTAGGGTGAACACCG_001,150
TTCTTGTAGGGTGAACACCG_002,120
TTCTTGTAGGGTGAACACCG_003,15
TTCTTGTAGGGTGAACACCG_004,194
TTCTTGTAGGGTGAACACCG_005,185
TTCTTGTAGGGTGAACACCG_006,102
TTCTTGTAGGGTGAACACCG_007,1
TTCTTGTAGGGTGAACACCG_008,68
TTCTTGTAGGGTGAACACCG_009,79
TTCTTGTAGGGTGAACACCG_010,166
TTCTTGTAGGGTGAACACCG_011,105
TTCTTGTAGGGTGAACACCG_012,49
ACATACCTGCAGTAATTCCA_001,166
ACATACCTGCAGTAATTCCA_002,67
ACATACCTGCAGTAATTCCA_003,8
ACATACCTGCAGTAATTCCA_004,118
TTATTACTATCCACGATCGA_001,17
GCTATAAATCAACCAGACCG_001,58
GCTATAAATCAACCAGACCG_002,127
GCACTCTATGCAACCTACGA_001,20
GCACTCTATGCAACCTACGA_002,76
GCACTCTATGCAACCTACGA_003,48
GCACTCTATGCAACCTACGA_004,15
GCACTCTATGCAACCTACGA_005,147
GCACTCTATGCAACCTACGA_006,91
GCACTCTATGCAACCTACGA_007,114
GCACTCTATGCAACCTACGA_008,94
GCACTCTATGCAACCTACGA_009,1
GCACTCTATGCAACCTACGA_010,185
GCACTCTATGCAACCTACGA_011,178
GCACTCTATGCAACCTACGA_012,94
GCACTCTATGCAACCTACGA_013,162
GCACTCTATGCAACCTACGA_014,22
ACGGTGCCAGCCGATAAGTG_001,53
ACGGTGCCAGCCGATAAGTG_002,82
ACGGTGCCAGCCGATAAGTG_003,56
ACGGTGCCAGCCGATAAGTG_004,106
ACGGTGCCAGCCGATAAGTG_005,180
ACGGTGCCAGCCGATAAGTG_006,115
ACGGTGCCAGCCGATAAGTG_007,158
ACGGTGCCAGCCGATAAGTG_008,121
ACGGTGCCAGCCGATAAGTG_009,182
ACGGTGCCAGCCGATAAGTG_010,6
ACGGTGCCAGCCGATAAGTG_011,78
CCTGGAGCACACCCTGCGTG_001,136
CCTGGAGCACACCCTGCGTG_002,26
CCTGGAGCACACCCTGCGTG_003,169
CCTGGAGCACACCCTGCGTG_004,59
CCTGGAGCACACCCTGCGTG_005,22
CCTGGAGCACACCCTGCGTG_006,98
CCTGGAGCACACCCTGCGTG_007,187
CCTGGAGCACACCCTGCGTG_008,12
CCTGGAGCACACCCTGCGTG_009,16
CCTGGAGCACACCCTGCGTG_010,69
CCTGGAGCACACCCTGCGTG_011,33
CCTGGAGCACACCCTGCGTG_012,148
CCTGGAGCACACCCTGCGTG_013,174
CCTGGAGCACACCCTGCGTG_014,169
CCTGGAGCACACCCTGCGTG_015,102
CCTGGAGCACACCCTGCGTG_016,175
CCTGGAGCACACCCTGCGTG_017,21
CCTGGAGCACACCCTGCGTG_018,36
CCTGGAGCACACCCTGCGTG_019,180
CCTGGAGCACACCCTGCGTG_020,127
CCTGGAGCACACCCTGCGTG_021,77
CCTGGAGCACACCCTGCGTG_022,48
CCTGGAGCACACCCTGCGTG_023,16
ACCACGGGGCCATCGAGCCG_001,70
ACCACGGGGCCATCGAGCCG_002,144
ACCACGGGGCCATCGAGCCG_003,72
ACCACGGGGCCATCGAGCCG_004,72
ACCACGGGGCCATCGAGCCG_005,131
ACCACGGGGCCATCGAGCCG_006,97
ACCACGGGGCCATCGAGCCG_007,117
ACCACGGGGCCATCGAGCCG_008,128
ACCACGGGGCCATCGAGCCG_009,121
ACCACGGGGCCATCGAGCCG_010,148
ACCACGGGGCCATCGAGCCG_011,37
ACCACGGGGCCATCGAGCCG_012,152
ACCACGGGGCCATCGAGCCG_013,170
ACCACGGGGCCATCGAGCCG_014,102
ACCACGGGGCCATCGAGCCG_015,80
ACCACGGGGCCATCGAGCCG_016,179
ACCACGGGGCCATCGAGCCG_017,111
ACCACGGGGCCATCGAGCCG_018,92
ACCACGGGGCCATCGAGCCG_019,100
ACCACGGGGCCATCGAGCCG_020,72
ACCACGGGGCCATCGAGCCG_021,43
ACCACGGGGCCATCGAGCCG_022,19
ACCACGGGGCCATCGAGCCG_023,106
ACCACGGGGCCATCGAGCCG_024,79
ACCACGGGGCCATCGAGCCG_025,137
ACAGTCCATAGTGAAAGCAC_001,18
GCACGTACCTGAAAGAAACC_001,132
GCACGTACCTGAAAGAAACC_002,160
GCACGTACCTGAAAGAAACC_003,102
GCACGTACCTGAAAGAAACC_004,150
GCACGTACCTGAAAGAAACC_005,18
TCCTCCCCTTCGCGTAGCGG_001,69
TCCTCCCCTTCGCGTAGCGG_002,84
TTCTAAACAAAAGAAGCTCA_001,103
TTCTAAACAAAAGAAGCTCA_002,77
TTCTAAACAAAAGAAGCTCA_003,93
TTCTAAACAAAAGAAGCTCA_004,18
TTCTAAACAAAAGAAGCTCA_005,168
GCAGCTAGCGACCAGAAGCA_001,125
GCAGCTAGCGACCAGAAGCA_002,0
GCAGCTAGCGACCAGAAGCA_003,39
GCAGCTAGCGACCAGAAGCA_004,10
CATCTACTACCACATAAAGG_001,7
CATCTACTACCACATAAAGG_002,35
CATCTACTACCACATAAAGG_003,75
CATCTACTACCACATAAAGG_004,48
CATCTACTACCACATAAAGG_005,4
TAGCATTCGTGCTATCCCTG_001,80
TAGCATTCGTGCTATCCCTG_002,170
TAGCATTCGTGCTATCCCTG_003,119
TAGCATTCGTGCTATCCCTG_004,57
TAGCATTCGTGCTATCCCTG_005,61
TAGCATTCGTGCTATCCCTG_006,85
TAGCATTCGTGCTATCCCTG_007,144
AGGTAGAATACAAACAACTG_001,175
AGGTAGAATACAAACAACTG_002,82
AGGTAGAATACAAACAACTG_003,118
AGGTAGAATACAAACAACTG_004,78
AGGTAGAATACAAACAACTG_005,39
AGGTAGAATACAAACAACTG_006,69
CGACGAGCTGGCCTTCAACA_001,34
CGACGAGCTGGCCTTCAACA_002,134
CGACGAGCTGGCCTTCAACA_003,166
CGACGAGCTGGCCTTCAACA_004,47
CGACGAGCTGGCCTTCAACA_005,194
CGACGAGCTGGCCTTCAACA_006,149
CGACGAGCTGGCCTTCAACA_007,50
CGACGAGCTGGCCTTCAACA_008,163
CGACGAGCTGGCCTTCAACA_009,70
CGACGAGCTGGCCTTCAACA_010,20
CGACGAGCTGGCCTTCAACA_011,96
CGACGAGCTGGCCTTCAACA_012,70
CGACGAGCTGGCCTTCAACA_013,48
CGACGAGCTGGCCTTCAACA_014,100
CGACGAGCTGGCCTTCAACA_015,3
CGACGAGCTGGCCTTCAACA_016,47
CGACGAGCTGGCCTTCAACA_017,39
CGACGAGCTGGCCTTCAACA_018,142
CGACGAGCTGGCCTTCAACA_019,52
CGACGAGCTGGCCTTCAACA_020,91
CGACGAGCTGGCCTTCAACA_021,180
CGACGAGCTGGCCTTCAACA_022,37
CGACGAGCTGGCCTTCAACA_023,3
CGACGAGCTGGCCTTCAACA_024,72
TGGGCGACAAAGGAAGAACG_001,47
ACAGTGTCAAGATGGGAGAT_001,169
ACAGTGTCAAGATGGGAGAT_002,163
ACAGTGTCAAGATGGGAGAT_003,150
ACAGTGTCAAGATGGGAGAT_004,177
ACAGTGTCAAGATGGGAGAT_005,108
ACAGTGTCAAGATGGGAGAT_006,76
ACAGTGTCAAGATGGGAGAT_007,92
ACAGTGTCAAGATGGGAGAT_008,34
ACAGTGTCAAGATGGGAGAT_009,94
ACAGTGTCAAGATGGGAGAT_010,173
ACAGTGTCAAGATGGGAGAT_011,145
ACAGTGTCAAGATGGGAGAT_012,145
ACAGTGTCAAGATGGGAGAT_013,155
CACATTTGATGTGCCACGCG_001,124
CACATTTGATGTGCCACGCG_002,169
CACATTTGATGTGCCACGCG_003,65
CACATTTGATGTGCCACGCG_004,27
TTACCCACAATAGAGACAGA_001,181
TTACCCACAATAGAGACAGA_002,50
TTACCCACAATAGAGACAGA_003,107
TTACCCACAATAGAGACAGA_004,190
TTACCCACAATAGAGACAGA_005,149
TTACCCACAATAGAGACAGA_006,20
TTACCCACAATAGAGACAGA_007,42
TTACCCACAATAGAGACAGA_008,55
ACCACCCCCGTCGCAGGGAA_001,181
ACCACCCCCGTCGCAGGGAA_002,188
ACCACCCCCGTCGCAGGGAA_003,106
ACCACCCCCGTCGCAGGGAA_004,59
ACCACCCCCGTCGCAGGGAA_005,70
ACCACCCCCGTCGCAGGGAA_006,73
ACCACCCCCGTCGCAGGGAA_007,63
ACCACCCCCGTCGCAGGGAA_008,81
ACCACCCCCGTCGCAGGGAA_009,88
ACCACCCCCGTCGCAGGGAA_010,190
ACCACCCCCGTCGCAGGGAA_011,86
ACCACCCCCGTCGCAGGGAA_012,32
ACCACCCCCGTCGCAGGGAA_013,9
ACCACCCCCGTCGCAGGGAA_014,106
ACCACCCCCGTCGCAGGGAA_015,136
ACCACCCCCGTCGCAGGGAA_016,89
ACCACCCCCGTCGCAGGGAA_017,115
ACCACCCCCGTCGCAGGGAA_018,149
ACCACCCCCGTCGCAGGGAA_019,196
ACCACCCCCGTCGCAGGGAA_020,68
ACCACCCCCGTCGCAGGGAA_021,8
ACCACCCCCGTCGCAGGGAA_022,72
ACCACCCCCGTCGCAGGGAA_023,138
ACCACCCCCGTCGCAGGGAA_024,63
ACCACCCCCGTCGCAGGGAA_025,161
ACCACCCCCGTCGCAGGGAA_026,58
ACCACCCCCGTCGCAGGGAA_027,174
ACCACCCCCGTCGCAGGGAA_028,94
ACCACCCCCGTCGCAGGGAA_029,66
ACCACCCCCGTCGCAGGGAA_030,2
ACCACCCCCGTCGCAGGGAA_031,45
ACCACCCCCGTCGCAGGGAA_032,114
ACCACCCCCGTCGCAGGGAA_033,79
ACCACCCCCGTCGCAGGGAA_034,178
ACCACCCCCGTCGCAGGGAA_035,43
ACCACCCCCGTCGCAGGGAA_036,141
ACCACCCCCGTCGCAGGGAA_037,127
ACCACCCCCGTCGCAGGGAA_038,168
ACCACCCCCGTCGCAGGGAA_039,146
ACCACCCCCGTCGCAGGGAA_040,57
ACCACCCCCGTCGCAGGGAA_041,12
ACTGTACAGCTGGATACATG_001,78
ACTGTACAGCTGGATACATG_002,36
ACTGTACAGCTGGATACATG_003,187
ACTGTACAGCTGGATACATG_004,69
ACTGTACAGCTGGATACATG_005,49
ACTGTACAGCTGGATACATG_006,142
ACTGTACAGCTGGATACATG_007,135
ACTGTACAGCTGGATACATG_008,105
ACTGTACAGCTGGATACATG_009,197
ACTGTACAGCTGGATACATG_010,5
TGAGTACAGTATTACCAGGA_001,182
TGAGTACAGTATTACCAGGA_002,46
TGAGTACAGTATTACCAGGA_003,106
TGAGTACAGTATTACCAGGA_004,18
TGAGTACAGTATTACCAGGA_005,90
CTCTTGACGTAGGAAACCTG_001,113
CTCTTGACGTAGGAAACCTG_002,196
CTCTTGACGTAGGAAACCTG_003,185
CTCTTGACGTAGGAAACCTG_004,168
CTCTTGACGTAGGAAACCTG_005,127
CTCTTGACGTAGGAAACCTG_006,138
GGGGTCCGCTGCAATTAGAA_001,27
GGGGTCCGCTGCAATTAGAA_002,81
GGGGTCCGCTGCAATTAGAA_003,117
GGGGTCCGCTGCAATTAGAA_004,30
GGGGTCCGCTGCAATTAGAA_005,48
GGGGTCCGCTGCAATTAGAA_006,119
GGGGTCCGCTGCAATTAGAA_007,86
GGGGTCCGCTGCAATTAGAA_008,105
GGGGTCCGCTGCAATTAGAA_009,81
GGGGTCCGCTGCAATTAGAA_010,174
GGGGTCCGCTGCAATTAGAA_011,53
GGGGTCCGCTGCAATTAGAA_012,76
GGGGTCCGCTGCAATTAGAA_013,144
GGGGTCCGCTGCAATTAGAA_014,8
TTGCTCTCGTACAGCAACTG_001,58
TTGCTCTCGTACAGCAACTG_002,101
TTGCTCTCGTACAGCAACTG_003,134
CACCTTCCTGGCGTCCAACG_001,157
CACCTTCCTGGCGTCCAACG_002,171
CACCTTCCTGGCGTCCAACG_003,31
CACCTTCCTGGCGTCCAACG_004,86
CACCTTCCTGGCGTCCAACG_005,40
CACCTTCCTGGCGTCCAACG_006,27
CACCTTCCTGGCGTCCAACG_007,129
CACCTTCCTGGCGTCCAACG_008,104
CACCTTCCTGGCGTCCAACG_009,147
GGCCTGCTGTTGATTCCCGG_001,88
GGCCTGCTGTTGATTCCCGG_002,125
GGCCTGCTGTTGATTCCCGG_003,77
GGCCTGCTGTTGATTCCCGG_004,94
GGCCTGCTGTTGATTCCCGG_005,60
GGCCTGCTGTTGATTCCCGG_006,199
GGCCTGCTGTTGATTCCCGG_007,104
GGCCTGCTGTTGATTCCCGG_008,148
GGCCTGCTGTTGATTCCCGG_009,114
GGCCTGCTGTTGATTCCCGG_010,42
GGCCTGCTGTTGATTCCCGG_011,144
GGCCTGCTGTTGATTCCCGG_012,105
GCGGTACGAGGCGGGCTACG_001,3
GCGGTACGAGGCGGGCTACG_002,186
GCGGTACGAGGCGGGCTACG_003,183
GCGGTACGAGGCGGGCTACG_004,141
GCGGTACGAGGCGGGCTACG_005,2
GCGGTACGAGGCGGGCTACG_006,49
AGGTTGGGTACCGTTCTCGG_001,129
AGGTTGGGTACCGTTCTCGG_002,62
AGGTTGGGTACCGTTCTCGG_003,168
AGGTTGGGTACCGTTCTCGG_004,177
AGGTTGGGTACCGTTCTCGG_005,130
ATGGCGTGAATTGTGATGAC_001,44
ATGGCGTGAATTGTGATGAC_002,54
ATGGCGTGAATTGTGATGAC_003,72
AGAACTTACCTGCCTCACAC_001,181
AGAACTTACCTGCCTCACAC_002,102
AGAACTTACCTGCCTCACAC_003,139
AGAACTTACCTGCCTCACAC_004,25
AGAACTTACCTGCCTCACAC_005,24
AGAACTTACCTGCCTCACAC_006,4
AGAACTTACCTGCCTCACAC_007,115
CCTTGTCCTGCTCCGTGACG_001,158
CCTTGTCCTGCTCCGTGACG_002,106
CCTTGTCCTGCTCCGTGACG_003,78
CCTTGTCCTGCTCCGTGACG_004,178
CCTTGTCCTGCTCCGTGACG_005,190
CCTTGTCCTGCTCCGTGACG_006,174
CCTTGTCCTGCTCCGTGACG_007,109
CCTTGTCCTGCTCCGTGACG_008,152
CCTTGTCCTGCTCCGTGACG_009,60
CCTTGTCCTGCTCCGTGACG_010,153
GGTCCGCGCACAAGAGCAGG_001,146
GGTCCGCGCACAAGAGCAGG_002,58
GGTCCGCGCACAAGAGCAGG_003,49
GGTCCGCGCACAAGAGCAGG_004,116
GGTCCGCGCACAAGAGCAGG_005,63
GGTCCGCGCACAAGAGCAGG_006,49
GGTCCGCGCACAAGAGCAGG_007,192
GGTCCGCGCACAAGAGCAGG_008,141
GGTCCGCGCACAAGAGCAGG_009,10
GGTCCGCGCACAAGAGCAGG_010,44
GGTCCGCGCACAAGAGCAGG_011,181
GGTCCGCGCACAAGAGCAGG_012,83
GGTCCGCGCACAAGAGCAGG_013,115
GGTCCGCGCACAAGAGCAGG_014,132
GGTCCGCGCACAAGAGCAGG_015,179
GGTCCGCGCACAAGAGCAGG_016,147
GGTCCGCGCACAAGAGCAGG_017,21
GGTCCGCGCACAAGAGCAGG_018,168
GGTCCGCGCACAAGAGCAGG_019,147
GGTCCGCGCACAAGAGCAGG_020,88
GGTCCGCGCACAAGAGCAGG_021,184
GGTCCGCGCACAAGAGCAGG_022,123
GGTCCGCGCACAAGAGCAGG_023,69
GGTCCGCGCACAAGAGCAGG_024,15
GGTCCGCGCACAAGAGCAGG_025,20
GGTCCGCGCACAAGAGCAGG_026,10
GGTCCGCGCACAAGAGCAGG_027,19
GGTCCGCGCACAAGAGCAGG_028,88
GGTCCGCGCACAAGAGCAGG_029,134
GGTCCGCGCACAAGAGCAGG_030,26
GGTCCGCGCACAAGAGCAGG_031,151
GGTCCGCGCACAAGAGCAGG_032,97
GGTCCGCGCACAAGAGCAGG_033,130
GGTCCGCGCACAAGAGCAGG_034,11
GGTCCGCGCACAAGAGCAGG_035,33
GGTCCGCGCACAAGAGCAGG_036,185
GGTCCGCGCACAAGAGCAGG_037,174
GGTCCGCGCACAAGAGCAGG_038,47
GGTCCGCGCACAAGAGCAGG_039,36
GGTCCGCGCACAAGAGCAGG_040,58
GGTCCGCGCACAAGAGCAGG_041,127
GGTCCGCGCACAAGAGCAGG_042,168
GGTCCGCGCACAAGAGCAGG_043,8
GGTCCGCGCACAAGAGCAGG_044,58
GGTCCGCGCACAAGAGCAGG_045,0
GGTCCGCGCACAAGAGCAGG_046,102
GGTCCGCGCACAAGAGCAGG_047,48
GGTCCGCGCACAAGAGCAGG_048,81
GGTCCGCGCACAAGAGCAGG_049,168
GGTCCGCGCACAAGAGCAGG_050,9
CCACAACTATTATGGTAGCC_001,149
CAGCATCGGATGCTTAGGAG_001,161
CAGCATCGGATGCTTAGGAG_002,156
CAGCATCGGATGCTTAGGAG_003,72
CAGCATCGGATGCTTAGGAG_004,42
CAGCATCGGATGCTTAGGAG_005,42
CAGCATCGGATGCTTAGGAG_006,6
CAGCATCGGATGCTTAGGAG_007,151
CAGCATCGGATGCTTAGGAG_008,44
CAGCATCGGATGCTTAGGAG_009,159
CAGCATCGGATGCTTAGGAG_010,13
CAGCATCGGATGCTTAGGAG_011,44
CAGCATCGGATGCTTAGGAG_012,26
CAGCATCGGATGCTTAGGAG_013,2
CAGCATCGGATGCTTAGGAG_014,150
CAGCATCGGATGCTTAGGAG_015,198
CAGCATCGGATGCTTAGGAG_016,83
CAGCATCGGATGCTTAGGAG_017,188
CAGCATCGGATGCTTAGGAG_018,138
TTCAAATTCCGGGTGCAAGG_001,166
ATCACTACAGTCCCGCGCCG_001,170
ATCACTACAGTCCCGCGCCG_002,62
ATCACTACAGTCCCGCGCCG_003,148
ATCACTACAGTCCCGCGCCG_004,41
ATCACTACAGTCCCGCGCCG_005,88
GAACTTGATAGCTGACTCGG_001,49
GAACTTGATAGCTGACTCGG_002,45
GAACTTGATAGCTGACTCGG_003,8
GAACTTGATAGCTGACTCGG_004,116
GAACTTGATAGCTGACTCGG_005,127
GAACTTGATAGCTGACTCGG_006,137
GAACTTGATAGCTGACTCGG_007,102
GAACTTGATAGCTGACTCGG_008,136
GCAACTGCTTGACATTCAAG_001,173
GCAACTGCTTGACATTCAAG_002,139
GCAACTGCTTGACATTCAAG_003,82
GCAACTGCTTGACATTCAAG_004,13
GCAACTGCTTGACATTCAAG_005,8
GCAACTGCTTGACATTCAAG_006,143
GCAACTGCTTGACATTCAAG_007,180
GGGACTCACCCGCACGACGT_001,49
GGGACTCACCCGCACGACGT_002,160
GGGACTCACCCGCACGACGT_003,44
GGGACTCACCCGCACGACGT_004,156
GGGACTCACCCGCACGACGT_005,96
GGGACTCACCCGCACGACGT_006,70
GGGACTCACCCGCACGACGT_007,58
GGGACTCACCCGCACGACGT_008,42
GGGACTCACCCGCACGACGT_009,168
GGGACTCACCCGCACGACGT_010,170
GGGACTCACCCGCACGACGT_011,174
GGGACTCACCCGCACGACGT_012,82
GGGACTCACCCGCACGACGT_013,9
GGGACTCACCCGCACGACGT_014,61
GGGACTCACCCGCACGACGT_015,104
GGGACTCACCCGCACGACGT_016,12
GGGACTCACCCGCACGACGT_017,177
GGGACTCACCCGCACGACGT_018,192
GGGACTCACCCGCACGACGT_019,145
GGGACTCACCCGCACGACGT_020,80
GGGACTCACCCGCACGACGT_021,56
GGGACTCACCCGCACGACGT_022,117
GGGACTCACCCGCACGACGT_023,50
GGGACTCACCCGCACGACGT_024,150
GGGACTCACCCGCACGACGT_025,194
GGGACTCACCCGCACGACGT_026,28
GGGACTCACCCGCACGACGT_027,11
GGGACTCACCCGCACGACGT_028,19
GGGACTCACCCGCACGACGT_029,78
GGGACTCACCCGCACGACGT_030,127
GGGACTCACCCGCACGACGT_031,71
ACCCATTAAACGTACCTGGG_001,91
ACCCATTAAACGTACCTGGG_002,49
ACCCATTAAACGTACCTGGG_003,129
ACCCATTAAACGTACCTGGG_004,48
ACCCATTAAACGTACCTGGG_005,28
ACCCATTAAACGTACCTGGG_006,172
ACCCATTAAACGTACCTGGG_007,43
AGCCGAGTATACAGACCTAA_001,2
AGCCGAGTATACAGACCTAA_002,116
AGCCGAGTATACAGACCTAA_003,175
GTACCTGCTAACCATGAAGT_001,27
GTACCTGCTAACCATGAAGT_002,12
GTACCTGCTAACCATGAAGT_003,125
GTACCTGCTAACCATGAAGT_004,79
GTACCTGCTAACCATGAAGT_005,174
GTACCTGCTAACCATGAAGT_006,42
GTACCTGCTAACCATGAAGT_007,42
GTACCTGCTAACCATGAAGT_008,198
GTACCTGCTAACCATGAAGT_009,83
GTACCTGCTAACCATGAAGT_010,44
GTACCTGCTAACCATGAAGT_011,199
GTACCTGCTAACCATGAAGT_012,50
GTACCTGCTAACCATGAAGT_013,10
GTACCTGCTAACCATGAAGT_014,94
CTGTGGGGTATGAGTCGTGG_001,133
CTGTGGGGTATGAGTCGTGG_002,119
CTGTGGGGTATGAGTCGTGG_003,60
CTGTGGGGTATGAGTCGTGG_004,138
CTGTGGGGTATGAGTCGTGG_005,143
GGACTGTCTGTGGAACCACT_001,77
GGACTGTCTGTGGAACCACT_002,60
GGACTGTCTGTGGAACCACT_003,9
GGACTGTCTGTGGAACCACT_004,154
GGACTGTCTGTGGAACCACT_005,48
GGACTGTCTGTGGAACCACT_006,115
GGACTGTCTGTGGAACCACT_007,150
GGACTGTCTGTGGAACCACT_008,194
GGACTGTCTGTGGAACCACT_009,55
GGACTGTCTGTGGAACCACT_010,2
GGACTGTCTGTGGAACCACT_011,34
GGACTGTCTGTGGAACCACT_012,34
GGACTGTCTGTGGAACCACT_013,79
GGACTGTCTGTGGAACCACT_014,124
GGACTGTCTGTGGAACCACT_015,148
AATAGTCTTCCCCTAGCACT_001,181
AATAGTCTTCCCCTAGCACT_002,163
AATAGTCTTCCCCTAGCACT_003,181
AATAGTCTTCCCCTAGCACT_004,122
AATAGTCTTCCCCTAGCACT_005,107
AATAGTCTTCCCCTAGCACT_006,139
AATAGTCTTCCCCTAGCACT_007,181
AATAGTCTTCCCCTAGCACT_008,73
AATAGTCTTCCCCTAGCACT_009,73
AATAGTCTTCCCCTAGCACT_010,27
AATAGTCTTCCCCTAGCACT_011,163
AATAGTCTTCCCCTAGCACT_012,181
AATAGTCTTCCCCTAGCACT_013,171
AATAGTCTTCCCCTAGCACT_014,189
AATAGTCTTCCCCTAGCACT_015,154
AATAGTCTTCCCCTAGCACT_016,25
ATGATAAAGCCAGAAGAGGT_001,155
ATGATAAAGCCAGAAGAGGT_002,60
ATGATAAAGCCAGAAGAGGT_003,145
ATGATAAAGCCAGAAGAGGT_004,88
ATGATAAAGCCAGAAGAGGT_005,76
ATGATAAAGCCAGAAGAGGT_006,19
ATGATAAAGCCAGAAGAGGT_007,184
ATGATAAAGCCAGAAGAGGT_008,19
ATGATAAAGCCAGAAGAGGT_009,174
ATGATAAAGCCAGAAGAGGT_010,82
ATGATAAAGCCAGAAGAGGT_011,133
ATGATAAAGCCAGAAGAGGT_012,114
ATGATAAAGCCAGAAGAGGT_013,114
GGGAAGGACTCACCCACATG_001,65
GGGAAGGACTCACCCACATG_002,169
GGGAAGGACTCACCCACATG_003,82
GGGAAGGACTCACCCACATG_004,187
GGGAAGGACTCACCCACATG_005,139
GGGAAGGACTCACCCACATG_006,177
GGGAAGGACTCACCCACATG_007,96
GGGAAGGACTCACCCACATG_008,137
GGGAAGGACTCACCCACATG_009,147
TAGCACCGGGACAAGTTCCG_001,160
TAGCACCGGGACAAGTTCCG_002,1
TAGCACCGGGACAAGTTCCG_003,94
TAGCACCGGGACAAGTTCCG_004,182
TAGCACCGGGACAAGTTCCG_005,48
TAGCACCGGGACAAGTTCCG_006,15
TAGCACCGGGACAAGTTCCG_007,73
TAGCACCGGGACAAGTTCCG_008,138
TAGCACCGGGACAAGTTCCG_009,27
TAGCACCGGGACAAGTTCCG_010,28
TAGCACCGGGACAAGTTCCG_011,29
TAGCACCGGGACAAGTTCCG_012,121
TAGCACCGGGACAAGTTCCG_013,19
TAGCACCGGGACAAGTTCCG_014,75
TAGCACCGGGACAAGTTCCG_015,50
TAGCACCGGGACAAGTTCCG_016,102
TAGCACCGGGACAAGTTCCG_017,144
TAGCACCGGGACAAGTTCCG_018,181
TAGCACCGGGACAAGTTCCG_019,192
TAGCACCGGGACAAGTTCCG_020,150
TAGCACCGGGACAAGTTCCG_021,169
TAGCACCGGGACAAGTTCCG_022,34
TAGCACCGGGACAAGTTCCG_023,175
TAGCACCGGGACAAGTTCCG_024,68
TAGCACCGGGACAAGTTCCG_025,166
TAGCACCGGGACAAGTTCCG_026,172
TAGCACCGGGACAAGTTCCG_027,198
TAGCACCGGGACAAGTTCCG_028,40
TAGCACCGGGACAAGTTCCG_029,148
TAGCACCGGGACAAGTTCCG_030,147
TAGCACCGGGACAAGTTCCG_031,15
AAATTATTTAAAGCAGCCTG_001,156
AAATTATTTAAAGCAGCCTG_002,108
AACGGGCAGTTATAACACCA_001,150
TAGATGCCAAAACTCGGCGG_001,2
TAGATGCCAAAACTCGGCGG_002,82
TAGATGCCAAAACTCGGCGG_003,9
TAGATGCCAAAACTCGGCGG_004,119
TAGATGCCAAAACTCGGCGG_005,119
TAGATGCCAAAACTCGGCGG_006,48
TAGATGCCAAAACTCGGCGG_007,28
TAGATGCCAAAACTCGGCGG_008,81
TAGATGCCAAAACTCGGCGG_009,27
TAGATGCCAAAACTCGGCGG_010,17
TAGATGCCAAAACTCGGCGG_011,165
TAGATGCCAAAACTCGGCGG_012,180
TAGATGCCAAAACTCGGCGG_013,126
TTGGTCTAGCTGTTCAACAA_001,78
TTGGTCTAGCTGTTCAACAA_002,49
TTGGTCTAGCTGTTCAACAA_003,120
TTGGTCTAGCTGTTCAACAA_004,117
TTGGTCTAGCTGTTCAACAA_005,178
TTGGTCTAGCTGTTCAACAA_006,174
TTGGTCTAGCTGTTCAACAA_007,139
TTGGTCTAGCTGTTCAACAA_008,34
ACTGGGTATCAAGTAAACGA_001,26
ACTGGGTATCAAGTAAACGA_002,77
ACTGGGTATCAAGTAAACGA_003,83
ACTGGGTATCAAGTAAACGA_004,94
ACTGGGTATCAAGTAAACGA_005,190
ACTGGGTATCAAGTAAACGA_006,103
ACTGGGTATCAAGTAAACGA_007,130
ACTGGGTATCAAGTAAACGA_008,90
TGATTATAATGGACAAGCCA_001,24
TGATTATAATGGACAAGCCA_002,98
TGATTATAATGGACAAGCCA_003,162
TGATTATAATGGACAAGCCA_004,34
TGATTATAATGGACAAGCCA_005,170
TGATTATAATGGACAAGCCA_006,152
GGGCGAGGCCTGTATAACTC_001,172
GGGCGAGGCCTGTATAACTC_002,94
GGGCGAGGCCTGTATAACTC_003,69
GGGCGAGGCCTGTATAACTC_004,94
GGGCGAGGCCTGTATAACTC_005,79
GGGCGAGGCCTGTATAACTC_006,113
ACGCTGTGCAGTGACAACCA_001,118
ACGCTGTGCAGTGACAACCA_002,29
ACGCTGTGCAGTGACAACCA_003,27
ACGCTGTGCAGTGACAACCA_004,21
ACGCTGTGCAGTGACAACCA_005,119
ACGCTGTGCAGTGACAACCA_006,142
ACGCTGTGCAGTGACAACCA_007,181
ACGCTGTGCAGTGACAACCA_008,45
ACGCTGTGCAGTGACAACCA_009,9
ACGCTGTGCAGTGACAACCA_010,35
ACGCTGTGCAGTGACAACCA_011,129
ACGCTGTGCAGTGACAACCA_012,61
ACGCTGTGCAGTGACAACCA_013,78
ACGCTGTGCAGTGACAACCA_014,48
ACGCTGTGCAGTGACAACCA_015,183
ACGCTGTGCAGTGACAACCA_016,160
ACGCTGTGCAGTGACAACCA_017,15
ACGCTGTGCAGTGACAACCA_018,160
ACGCTGTGCAGTGACAACCA_019,177
ACGCTGTGCAGTGACAACCA_020,29
GACAGCAACAGAATCACTGA_001,142
GACAGCAACAGAATCACTGA_002,88
GACAGCAACAGAATCACTGA_003,195
GACAGCAACAGAATCACTGA_004,129
GACAGCAACAGAATCACTGA_005,85
GACAGCAACAGAATCACTGA_006,194
GACAGCAACAGAATCACTGA_007,69
GACAGCAACAGAATCACTGA_008,90
GACAGCAACAGAATCACTGA_009,38
CACTAGCAACAGCAGTAATG_001,165
CACTAGCAACAGCAGTAATG_002,68
CACTAGCAACAGCAGTAATG_003,53
CACTAGCAACAGCAGTAATG_004,165
CACTAGCAACAGCAGTAATG_005,185
CACTAGCAACAGCAGTAATG_006,68
CACTAGCAACAGCAGTAATG_007,28
CACTAGCAACAGCAGTAATG_008,99
CACTAGCAACAGCAGTAATG_009,144
CACTAGCAACAGCAGTAATG_010,138
CACTAGCAACAGCAGTAATG_011,184
CACTAGCAACAGCAGTAATG_012,17
CACTAGCAACAGCAGTAATG_013,86
CACTAGCAACAGCAGTAATG_014,57
CCGAGCAACTGCATTCCATG_001,40
CCGAGCAACTGCATTCCATG_002,28
CCGAGCAACTGCATTCCATG_003,91
CCGAGCAACTGCATTCCATG_004,160
CCGAGCAACTGCATTCCATG_005,165
CCGAGCAACTGCATTCCATG_006,166
CCGAGCAACTGCATTCCATG_007,174
CCGAGCAACTGCATTCCATG_008,22
CCGAGCAACTGCATTCCATG_009,50
CCGAGCAACTGCATTCCATG_010,186
AGCACCTATAGCCTTGACAG_001,186
AGCACCTATAGCCTTGACAG_002,90
AGCACCTATAGCCTTGACAG_003,140
AGCACCTATAGCCTTGACAG_004,65
AGCACCTATAGCCTTGACAG_005,27
AGCACCTATAGCCTTGACAG_006,23
AGCACCTATAGCCTTGACAG_007,118
AGCACCTATAGCCTTGACAG_008,71
AGCACCTATAGCCTTGACAG_009,145
AGCACCTATAGCCTTGACAG_010,81
AGCACCTATAGCCTTGACAG_011,112
AGCACCTATAGCCTTGACAG_012,170
AGCACCTATAGCCTTGACAG_013,177
AGCACCTATAGCCTTGACAG_014,57
AGCACCTATAGCCTTGACAG_015,45
AGGAGACACTCCATTCTTGG_001,34
AGGAGACACTCCATTCTTGG_002,38
AGTAGCCCACTCTATAGCCG_001,45
AGTAGCCCACTCTATAGCCG_002,28
AGTAGCCCACTCTATAGCCG_003,182
AGTAGCCCACTCTATAGCCG_004,19
GTTAGTCACACTCTTAGCGG_001,15
GTTAGTCACACTCTTAGCGG_002,130
GTTAGTCACACTCTTAGCGG_003,92
GTTAGTCACACTCTTAGCGG_004,184
GTTAGTCACACTCTTAGCGG_005,23
GAAACGGATGCGGCCGACGG_001,29
GAAACGGATGCGGCCGACGG_002,1
GAAACGGATGCGGCCGACGG_003,169
GAAACGGATGCGGCCGACGG_004,73
GAAACGGATGCGGCCGACGG_005,92
GAAACGGATGCGGCCGACGG_006,94
GAAACGGATGCGGCCGACGG_007,157
GAAACGGATGCGGCCGACGG_008,157
GAAACGGATGCGGCCGACGG_009,149
GAAACGGATGCGGCCGACGG_010,148
GAAACGGATGCGGCCGACGG_011,197
GAAACGGATGCGGCCGACGG_012,80
GAAACGGATGCGGCCGACGG_013,108
GAAACGGATGCGGCCGACGG_014,36
GAAACGGATGCGGCCGACGG_015,47
TAAAACACAGACACCTCCTG_001,105
TAAAACACAGACACCTCCTG_002,107
TAAAACACAGACACCTCCTG_003,78
TAAAACACAGACACCTCCTG_004,32
CCATTTATACAACTTCCACG_001,118
CCATTTATACAACTTCCACG_002,169
CCATTTATACAACTTCCACG_003,138
GGTATCACCAGAAAATGTGT_001,60
GGTATCACCAGAAAATGTGT_002,31
GCTCACAAAAAAACGTGACG_001,106
GCTCACAAAAAAACGTGACG_002,40
GCTCACAAAAAAACGTGACG_003,165
GCTCACAAAAAAACGTGACG_004,15
GCTCACAAAAAAACGTGACG_005,40
GCTCACAAAAAAACGTGACG_006,117
GCTCACAAAAAAACGTGACG_007,14
GCTCACAAAAAAACGTGACG_008,189
GCTCACAAAAAAACGTGACG_009,40
GCTCACAAAAAAACGTGACG_010,51
AAGTCCTCGTACCTGGCGAA_001,25
AAGTCCTCGTACCTGGCGAA_002,61
CAAAAATTGGAGGTGATGCA_001,85
CAAAAATTGGAGGTGATGCA_002,2
CAAAAATTGGAGGTGATGCA_003,146
CAAAAATTGGAGGTGATGCA_004,35
CAAAAATTGGAGGTGATGCA_005,191
CAAAAATTGGAGGTGATGCA_006,23
CAAAAATTGGAGGTGATGCA_007,92
CAAAAATTGGAGGTGATGCA_008,110
CAAAAATTGGAGGTGATGCA_009,66
AGGAAAGTAATCAGTTATCG_001,170
AGGAAAGTAATCAGTTATCG_002,34
AATATGCACAGAATGCGTTG_001,13
GGGTAAGAAGGCATTAGAGG_001,83
GGGTAAGAAGGCATTAGAGG_002,181
GGGTAAGAAGGCATTAGAGG_003,84
GGGTAAGAAGGCATTAGAGG_004,127
GGGTAAGAAGGCATTAGAGG_005,23
GGGTAAGAAGGCATTAGAGG_006,71
GGGTAAGAAGGCATTAGAGG_007,160
GGGTAAGAAGGCATTAGAGG_008,185
GGGTAAGAAGGCATTAGAGG_009,72
GGGTAAGAAGGCATTAGAGG_010,111
GGGTAAGAAGGCATTAGAGG_011,147
GGGTAAGAAGGCATTAGAGG_012,158
GGGTAAGAAGGCATTAGAGG_013,137
GGGTAAGAAGGCATTAGAGG_014,70
GGGTAAGAAGGCATTAGAGG_015,170
TATTGTGTGGCGACTTACTG_001,150
TATTGTGTGGCGACTTACTG_002,198
TATTGTGTGGCGACTTACTG_003,104
TATTGTGTGGCGACTTACTG_004,68
TATTGTGTGGCGACTTACTG_005,153
TATTGTGTGGCGACTTACTG_006,197
TATTGTGTGGCGACTTACTG_007,20
TATTGTGTGGCGACTTACTG_008,137
TATTGTGTGGCGACTTACTG_009,151
TATTGTGTGGCGACTTACTG_010,45
TATTGTGTGGCGACTTACTG_011,127
TATTGTGTGGCGACTTACTG_012,114
TATTGTGTGGCGACTTACTG_013,40
TATTGTGTGGCGACTTACTG_014,23
TATTGTGTGGCGACTTACTG_015,91
TCAACCCTCCCCTGACACCC_001,112
TCAGGGAAACCCCATGCTAG_001,163
TCAGGGAAACCCCATGCTAG_002,90
TCAGGGAAACCCCATGCTAG_003,12
TCAGGGAAACCCCATGCTAG_004,29
TCAGGGAAACCCCATGCTAG_005,27
TTGGAAGTGGCCACTTTGTG_001,169
TTGGAAGTGGCCACTTTGTG_002,9
TTGGAAGTGGCCACTTTGTG_003,189
TTGGAAGTGGCCACTTTGTG_004,133
TTGGAAGTGGCCACTTTGTG_005,156
TTGGAAGTGGCCACTTTGTG_006,80
TTGGAAGTGGCCACTTTGTG_007,103
TTGGAAGTGGCCACTTTGTG_008,150
TTGGAAGTGGCCACTTTGTG_009,92
TGTTTGTGTATCATGAAAGT_001,28
TGTTTGTGTATCATGAAAGT_002,142
AAAGCACATCACCAAGACCG_001,192
AAAGCACATCACCAAGACCG_002,186
AAAGCACATCACCAAGACCG_003,62
ATTTATATAGAACAGTGCTG_001,155
ATTTATATAGAACAGTGCTG_002,17
ATTTATATAGAACAGTGCTG_003,156
ATTTATATAGAACAGTGCTG_004,48
TGGCAACACATGGCGTACTG_001,184
TGGCAACACATGGCGTACTG_002,102
TGGCAACACATGGCGTACTG_003,170
TGGCAACACATGGCGTACTG_004,4
TGGCAACACATGGCGTACTG_005,17
TGGCAACACATGGCGTACTG_006,100
TGGCAACACATGGCGTACTG_007,100
TGGCAACACATGGCGTACTG_008,149
TGGCAACACATGGCGTACTG_009,182
TGGCAACACATGGCGTACTG_010,62
TGTCCTGGCACTCAACGTAG_001,133
TGTCCTGGCACTCAACGTAG_002,34
TGTCCTGGCACTCAACGTAG_003,150
TGTCCTGGCACTCAACGTAG_004,130
TGTCCTGGCACTCAACGTAG_005,145
TGTCCTGGCACTCAACGTAG_006,176
TGTCCTGGCACTCAACGTAG_007,7
TGTCCTGGCACTCAACGTAG_008,150
TGTCCTGGCACTCAACGTAG_009,134
TGTCCTGGCACTCAACGTAG_010,198
TGTCCTGGCACTCAACGTAG_011,149
TGTCCTGGCACTCAACGTAG_012,139
TGTCCTGGCACTCAACGTAG_013,24
TGTCCTGGCACTCAACGTAG_014,41
TGTCCTGGCACTCAACGTAG_015,88
TGTCCTGGCACTCAACGTAG_016,61
TGTCCTGGCACTCAACGTAG_017,50
TGTCCTGGCACTCAACGTAG_018,81
TGTCCTGGCACTCAACGTAG_019,70
TGTCCTGGCACTCAACGTAG_020,169
TGTCCTGGCACTCAACGTAG_021,1
TGTCCTGGCACTCAACGTAG_022,40
TGTCCTGGCACTCAACGTAG_023,101
TGTCCTGGCACTCAACGTAG_024,9
TGTCCTGGCACTCAACGTAG_025,151
TGTCCTGGCACTCAACGTAG_026,83
TGTCCTGGCACTCAACGTAG_027,28
TGTCCTGGCACTCAACGTAG_028,77
TGTCCTGGCACTCAACGTAG_029,17
TGTCCTGGCACTCAACGTAG_030,66
CCAGATAACAGCAAAGCCGA_001,198
CCAGATAACAGCAAAGCCGA_002,169
CCAGATAACAGCAAAGCCGA_003,2
CCAGATAACAGCAAAGCCGA_004,191
CCAGATAACAGCAAAGCCGA_005,48
CCAGATAACAGCAAAGCCGA_006,121
CCAGATAACAGCAAAGCCGA_007,68
CCAGATAACAGCAAAGCCGA_008,78
CCAGATAACAGCAAAGCCGA_009,28
CCAGATAACAGCAAAGCCGA_010,6
CCAGATAACAGCAAAGCCGA_011,121
ATTCATTTACTGAAGTGACG_001,13
ATTCATTTACTGAAGTGACG_002,8
ATTCATTTACTGAAGTGACG_003,96
ATTCATTTACTGAAGTGACG_004,62
ATTCATTTACTGAAGTGACG_005,155
GACACACTCTTTATCCATCA_001,95
GACACACTCTTTATCCATCA_002,107
GACACACTCTTTATCCATCA_003,87
GCTGCTGTAAGACTGGTACG_001,50
GCTGCTGTAAGACTGGTACG_002,40
CAGATAGATTCGACCCCGCA_001,137
CAGATAGATTCGACCCCGCA_002,160
CAGATAGATTCGACCCCGCA_003,106
CAGATAGATTCGACCCCGCA_004,88
CAGATAGATTCGACCCCGCA_005,8
CAGATAGATTCGACCCCGCA_006,146
CAGATAGATTCGACCCCGCA_007,140
CAGATAGATTCGACCCCGCA_008,50
CAGATAGATTCGACCCCGCA_009,2
CAGATAGATTCGACCCCGCA_010,70
CAGATAGATTCGACCCCGCA_011,144
CAGATAGATTCGACCCCGCA_012,121
CAGATAGATTCGACCCCGCA_013,160
CAGATAGATTCGACCCCGCA_014,35
CAGATAGATTCGACCCCGCA_015,91
ATGGTGTTTCGGAACCCGTG_001,62
ATGGTGTTTCGGAACCCGTG_002,176
ATGGTGTTTCGGAACCCGTG_003,88
ATGGTGTTTCGGAACCCGTG_004,192
CTCCAGGGACCCGCCGATCG_001,83
CTCCAGGGACCCGCCGATCG_002,48
CTCCAGGGACCCGCCGATCG_003,49
CTCCAGGGACCCGCCGATCG_004,125
CTCCAGGGACCCGCCGATCG_005,48
CTCCAGGGACCCGCCGATCG_006,87
CTCCAGGGACCCGCCGATCG_007,30
CTCCAGGGACCCGCCGATCG_008,67
CTCCAGGGACCCGCCGATCG_009,134
CTCCAGGGACCCGCCGATCG_010,166
CTCCAGGGACCCGCCGATCG_011,46
CTCCAGGGACCCGCCGATCG_012,172
CTCCAGGGACCCGCCGATCG_013,127
CTCCAGGGACCCGCCGATCG_014,50
CTCCAGGGACCCGCCGATCG_015,15
CTCCAGGGACCCGCCGATCG_016,180
CTCCAGGGACCCGCCGATCG_017,48
CTCCAGGGACCCGCCGATCG_018,134
CTCCAGGGACCCGCCGATCG_019,169
CTCCAGGGACCCGCCGATCG_020,170
TAAGAAAGTTGGGACTTACG_001,147
TAAGAAAGTTGGGACTTACG_002,78
TACTCCAGAGACACTGCTAG_001,33
TACTCCAGAGACACTGCTAG_002,148
TACTCCAGAGACACTGCTAG_003,83
TACTCCAGAGACACTGCTAG_004,56
TACTCCAGAGACACTGCTAG_005,34
TACTCCAGAGACACTGCTAG_006,62
TACTCCAGAGACACTGCTAG_007,52
TACTCCAGAGACACTGCTAG_008,2
TACTCCAGAGACACTGCTAG_009,115
TACTCCAGAGACACTGCTAG_010,138
ACTCCACGTCCATCAGTACG_001,106
ACTCCACGTCCATCAGTACG_002,155
ACTCCACGTCCATCAGTACG_003,137
ACTCCACGTCCATCAGTACG_004,58
ACTCCACGTCCATCAGTACG_005,42
ACTCCACGTCCATCAGTACG_006,102
ACTCCACGTCCATCAGTACG_007,102
AGATACTCGGGGGTCCCACA_001,159
AGATACTCGGGGGTCCCACA_002,189
AGATACTCGGGGGTCCCACA_003,189
AGATACTCGGGGGTCCCACA_004,60
AGATACTCGGGGGTCCCACA_005,181
AGATACTCGGGGGTCCCACA_006,151
AGATACTCGGGGGTCCCACA_007,48
TGCAGAAGATTATGCCAGTG_001,61
TGCAGAAGATTATGCCAGTG_002,29
TGCAGAAGATTATGCCAGTG_003,53
TGCAGAAGATTATGCCAGTG_004,148
TGCAGAAGATTATGCCAGTG_005,76
TGCAGAAGATTATGCCAGTG_006,190
TGCAGAAGATTATGCCAGTG_007,58
TGCAGAAGATTATGCCAGTG_008,34
TGCAGAAGATTATGCCAGTG_009,187
TGCAGAAGATTATGCCAGTG_010,190
TGCAGAAGATTATGCCAGTG_011,156
TGCAGAAGATTATGCCAGTG_012,175
TGCAGAAGATTATGCCAGTG_013,76
TGCAGAAGATTATGCCAGTG_014,98
TGCAGAAGATTATGCCAGTG_015,106
TGCAGAAGATTATGCCAGTG_016,2
TGCAGAAGATTATGCCAGTG_017,125
TGCAGAAGATTATGCCAGTG_018,103
TGGATCAGTATCATTATACG_001,49
TGGGCCAGACCATGGAACAA_001,1
TGGGCCAGACCATGGAACAA_002,46
TGGGCCAGACCATGGAACAA_003,36
TGGGCCAGACCATGGAACAA_004,43
TGGGCCAGACCATGGAACAA_005,151
TGGGCCAGACCATGGAACAA_006,56
TGGGCCAGACCATGGAACAA_007,141
GAAGAAGCGCGAGACCCACG_001,194
GAAGAAGCGCGAGACCCACG_002,158
GAAGAAGCGCGAGACCCACG_003,161
GAAGAAGCGCGAGACCCACG_004,39
CAGTCACCCAAGAGTCATCG_001,58
CAGTCACCCAAGAGTCATCG_002,94
CAGTCACCCAAGAGTCATCG_003,105
CAGTCACCCAAGAGTCATCG_004,132
CAGTCACCCAAGAGTCATCG_005,183
CAGTCACCCAAGAGTCATCG_006,119
CAGTCACCCAAGAGTCATCG_007,79
CAGTCACCCAAGAGTCATCG_008,88
CAGTCACCCAAGAGTCATCG_009,169
CAGTCACCCAAGAGTCATCG_010,133
CAGTCACCCAAGAGTCATCG_011,88
AAAAATCGTGGAATTTGACT_001,24
ATGGCTCGGAAATGTCCAGT_001,184
ATGGCTCGGAAATGTCCAGT_002,49
ATGGCTCGGAAATGTCCAGT_003,150
ATGGCTCGGAAATGTCCAGT_004,138
ATGGCTCGGAAATGTCCAGT_005,170
ATGGCTCGGAAATGTCCAGT_006,93
ATGGCTCGGAAATGTCCAGT_007,112
ATGGCTCGGAAATGTCCAGT_008,196
ATGGCTCGGAAATGTCCAGT_009,85
ATGGCTCGGAAATGTCCAGT_010,162
ATGGCTCGGAAATGTCCAGT_011,72
ATGGCTCGGAAATGTCCAGT_012,81
ATGGCTCGGAAATGTCCAGT_013,113
ATGGCTCGGAAATGTCCAGT_014,91
ATGGCTCGGAAATGTCCAGT_015,118
ATGGCTCGGAAATGTCCAGT_016,41
ATGGCTCGGAAATGTCCAGT_017,119
ATGGCTCGGAAATGTCCAGT_018,96
ATGGCTCGGAAATGTCCAGT_019,197
ATGGCTCGGAAATGTCCAGT_020,29
ATGGCTCGGAAATGTCCAGT_021,58
ATGGCTCGGAAATGTCCAGT_022,158
ATGGCTCGGAAATGTCCAGT_023,97
CCTACTGTGAGGAACATGCC_001,97
CCTACTGTGAGGAACATGCC_002,113
TGGAGAAAGACGTAACTTCG_001,1
TGGAGAAAGACGTAACTTCG_002,182
TGGAGAAAGACGTAACTTCG_003,162
TGGAGAAAGACGTAACTTCG_004,4
TGGAGAAAGACGTAACTTCG_005,1
TGGAGAAAGACGTAACTTCG_006,36
TGGAGAAAGACGTAACTTCG_007,192
TGGAGAAAGACGTAACTTCG_008,8
TGGAGAAAGACGTAACTTCG_009,115
TGGAGAAAGACGTAACTTCG_010,68
ATGATCTTCTCCGGGAGTAG_001,60
ATGATCTTCTCCGGGAGTAG_002,176
ATGATCTTCTCCGGGAGTAG_003,144
CAGCAACTCAAACTTGTGGT_001,134
CAGCAACTCAAACTTGTGGT_002,117
CAGCAACTCAAACTTGTGGT_003,36
CAGCAACTCAAACTTGTGGT_004,64
CCCTTCAGATACATTGCCAG_001,2
CCCTTCAGATACATTGCCAG_002,52
CCCTTCAGATACATTGCCAG_003,110
CCCTTCAGATACATTGCCAG_004,162
CCCTTCAGATACATTGCCAG_005,145
CCCTTCAGATACATTGCCAG_006,191
CCCTTCAGATACATTGCCAG_007,88
CCCTTCAGATACATTGCCAG_008,134
CCCTTCAGATACATTGCCAG_009,106
CCCTTCAGATACATTGCCAG_010,56
CCCTTCAGATACATTGCCAG_011,49
CCCTTCAGATACATTGCCAG_012,124
CCCTTCAGATACATTGCCAG_013,102
CCCTTCAGATACATTGCCAG_014,33
GAAGGCTGACAAGCTCCATG_001,74
GCCAACTTCTACAAGGACTC_001,78
GCCAACTTCTACAAGGACTC_002,21
GCCAACTTCTACAAGGACTC_003,67
GCCAACTTCTACAAGGACTC_004,169
GCCAACTTCTACAAGGACTC_005,127
GCCAACTTCTACAAGGACTC_006,24
GCCAACTTCTACAAGGACTC_007,76
GCCAACTTCTACAAGGACTC_008,102
GCCAACTTCTACAAGGACTC_009,122
GCCAACTTCTACAAGGACTC_010,174
GCCCGGAGAGAAAAGACCTG_001,54
GCCCGGAGAGAAAAGACCTG_002,68
GCCCGGAGAGAAAAGACCTG_003,134
GCCCGGAGAGAAAAGACCTG_004,44
GCCCGGAGAGAAAAGACCTG_005,80
GCCCGGAGAGAAAAGACCTG_006,186
GCCCGGAGAGAAAAGACCTG_007,13
GCCCGGAGAGAAAAGACCTG_008,50
GCCCGGAGAGAAAAGACCTG_009,98
GGCCTTTGTTAAAGCCTCCG_001,191
GGCCTTTGTTAAAGCCTCCG_002,171
GGCCTTTGTTAAAGCCTCCG_003,171
GGCCTTTGTTAAAGCCTCCG_004,114
GGCCTTTGTTAAAGCCTCCG_005,187
GGCCTTTGTTAAAGCCTCCG_006,65
GGCCTTTGTTAAAGCCTCCG_007,5
GGCCTTTGTTAAAGCCTCCG_008,150
GGCCTTTGTTAAAGCCTCCG_009,13
GGCCTTTGTTAAAGCCTCCG_010,124
GGCCTTTGTTAAAGCCTCCG_011,38
CAGTCGTGACAGGAACCCGA_001,137
CAGTCGTGACAGGAACCCGA_002,62
CAGTCGTGACAGGAACCCGA_003,76
CAGTCGTGACAGGAACCCGA_004,141
CAGTCGTGACAGGAACCCGA_005,67
CAGTCGTGACAGGAACCCGA_006,147
CAGTCGTGACAGGAACCCGA_007,24
CAGTCGTGACAGGAACCCGA_008,59
CAGTCGTGACAGGAACCCGA_009,116
GAGGAAGAAGCGCTCTACTG_001,50
GAGGAAGAAGCGCTCTACTG_002,145
GAGGAAGAAGCGCTCTACTG_003,174
GAGGAAGAAGCGCTCTACTG_004,42
GAGGAAGAAGCGCTCTACTG_005,112
GAGGAAGAAGCGCTCTACTG_006,19
GAGGAAGAAGCGCTCTACTG_007,105
GAGGAAGAAGCGCTCTACTG_008,184
GAGGAAGAAGCGCTCTACTG_009,4
GAGGAAGAAGCGCTCTACTG_010,1
GAGGAAGAAGCGCTCTACTG_011,138
GAGGAAGAAGCGCTCTACTG_012,120
GAGGAAGAAGCGCTCTACTG_013,29
GAGGAAGAAGCGCTCTACTG_014,126
GAGGAAGAAGCGCTCTACTG_015,48
GAGGAAGAAGCGCTCTACTG_016,105
GAGGAAGAAGCGCTCTACTG_017,151
GAGGAAGAAGCGCTCTACTG_018,84
GAGGAAGAAGCGCTCTACTG_019,186
GAGGAAGAAGCGCTCTACTG_020,76
GAGGAAGAAGCGCTCTACTG_021,106
GAGGAAGAAGCGCTCTACTG_022,166
GAGGAAGAAGCGCTCTACTG_023,42
GAGGAAGAAGCGCTCTACTG_024,88
GAGGAAGAAGCGCTCTACTG_025,187
GAGGAAGAAGCGCTCTACTG_026,187
GAGGAAGAAGCGCTCTACTG_027,108
GTGGAGCTCTGCACGCATCA_001,121
GTGGAGCTCTGCACGCATCA_002,1
CCTTACACAATATTTCAGCG_001,143
CCTTACACAATATTTCAGCG_002,143
CTCCAGTGTGCATTCCCAAG_001,152
CTCCAGTGTGCATTCCCAAG_002,191
CTCCAGTGTGCATTCCCAAG_003,137
TCTAAATCAGAAACTCGTTG_001,175
TCTAAATCAGAAACTCGTTG_002,61
TCTAAATCAGAAACTCGTTG_003,31
TCTAAATCAGAAACTCGTTG_004,107
TACCTGGAAACATGAAGACG_001,116
TACCTGGAAACATGAAGACG_002,26
TACCTGGAAACATGAAGACG_003,23
TACCTGGAAACATGAAGACG_004,15
TACCTGGAAACATGAAGACG_005,105
TACCTGGAAACATGAAGACG_006,28
TACCTGGAAACATGAAGACG_007,10
TACCTGGAAACATGAAGACG_008,2
TACCTGGAAACATGAAGACG_009,1
GTGATGTCACCGAGATGCAG_001,149
GTGATGTCACCGAGATGCAG_002,51
GTGATGTCACCGAGATGCAG_003,160
GTGATGTCACCGAGATGCAG_004,38
CTCTTCTCCACCACACCGGG_001,142
CTCTTCTCCACCACACCGGG_002,147
CTCTTCTCCACCACACCGGG_003,152
CTCTTCTCCACCACACCGGG_004,9
CTCTTCTCCACCACACCGGG_005,14
CTCTTCTCCACCACACCGGG_006,144
CTCTTCTCCACCACACCGGG_007,81
CTCTTCTCCACCACACCGGG_008,9
CTCTTCTCCACCACACCGGG_009,82
CTCTTCTCCACCACACCGGG_010,83
CTCTTCTCCACCACACCGGG_011,118
CTCTTCTCCACCACACCGGG_012,37
CTCTTCTCCACCACACCGGG_013,50
CTCTTCTCCACCACACCGGG_014,60
CTCTTCTCCACCACACCGGG_015,23
CTCTTCTCCACCACACCGGG_016,89
CTCTTCTCCACCACACCGGG_017,35
CTCTTCTCCACCACACCGGG_018,105
CTCTTCTCCACCACACCGGG_019,52
CTCTTCTCCACCACACCGGG_020,49
CTCTTCTCCACCACACCGGG_021,128
CTCTTCTCCACCACACCGGG_022,161
CTCTTCTCCACCACACCGGG_023,10
CTCTTCTCCACCACACCGGG_024,168
CTCTTCTCCACCACACCGGG_025,140
ATATTGGCATGAGATCGTCA_001,91
ATATTGGCATGAGATCGTCA_002,182
ATATTGGCATGAGATCGTCA_003,28
ATATTGGCATGAGATCGTCA_004,25
ATATTGGCATGAGATCGTCA_005,43
ATATTGGCATGAGATCGTCA_006,29
ATATTGGCATGAGATCGTCA_007,1
ATATTGGCATGAGATCGTCA_008,36
TGGTGGGACATCACAAGATG_001,29
TGGTGGGACATCACAAGATG_002,61
TGGTGGGACATCACAAGATG_003,142
TGGTGGGACATCACAAGATG_004,145
TGGTGGGACATCACAAGATG_005,130
AGCAAGAGGACCTGGCACGT_001,43
AGCAAGAGGACCTGGCACGT_002,159
AGCAAGAGGACCTGGCACGT_003,94
AGCAAGAGGACCTGGCACGT_004,172
AGCAAGAGGACCTGGCACGT_005,16
AGCAAGAGGACCTGGCACGT_006,15
AGCAAGAGGACCTGGCACGT_007,147
TGTCAACCTCGACTCAGCGC_001,108
TGTCAACCTCGACTCAGCGC_002,62
TGTCAACCTCGACTCAGCGC_003,162
TGTCAACCTCGACTCAGCGC_004,1
TGTCAACCTCGACTCAGCGC_005,178
TGTCAACCTCGACTCAGCGC_006,146
TGAGGTTCGGACCTGCAAAG_001,15
TGAGGTTCGGACCTGCAAAG_002,136
TGAGGTTCGGACCTGCAAAG_003,38
TGAGGTTCGGACCTGCAAAG_004,115
TGAGGTTCGGACCTGCAAAG_005,196
TGAGGTTCGGACCTGCAAAG_006,6
TGAGGTTCGGACCTGCAAAG_007,88
TGAGGTTCGGACCTGCAAAG_008,153
GACTCACTTCTCCTCCGAGG_001,170
GAGCAGGAGATTCGAGACAT_001,53
GAGCAGGAGATTCGAGACAT_002,3
GAGCAGGAGATTCGAGACAT_003,150
GAGCAGGAGATTCGAGACAT_004,98
GAGCAGGAGATTCGAGACAT_005,12
GAGCAGGAGATTCGAGACAT_006,87
GAGCAGGAGATTCGAGACAT_007,106
GAGCAGGAGATTCGAGACAT_008,84
GAGCAGGAGATTCGAGACAT_009,56
GAGCAGGAGATTCGAGACAT_010,124
GAGCAGGAGATTCGAGACAT_011,56
GAGCAGGAGATTCGAGACAT_012,80
GCAGGTACAGAATGATAGGG_001,34
GCAGGTACAGAATGATAGGG_002,70
GCAGGTACAGAATGATAGGG_003,80
GCAGGTACAGAATGATAGGG_004,161
GCAGGTACAGAATGATAGGG_005,125
GCAGGTACAGAATGATAGGG_006,161
GCAGGTACAGAATGATAGGG_007,32
GCAGGTACAGAATGATAGGG_008,116
GCAGGTACAGAATGATAGGG_009,161
GCAGGTACAGAATGATAGGG_010,105
GCAGGTACAGAATGATAGGG_011,77
GCAGGTACAGAATGATAGGG_012,166
GCGCGGCGCTTCGAGTTGCG_001,88
GCGCGGCGCTTCGAGTTGCG_002,145
GCGCGGCGCTTCGAGTTGCG_003,34
GCGCGGCGCTTCGAGTTGCG_004,2
GCGCGGCGCTTCGAGTTGCG_005,94
GCGCGGCGCTTCGAGTTGCG_006,177
GCGCGGCGCTTCGAGTTGCG_007,72
GCGCGGCGCTTCGAGTTGCG_008,96
GCGCGGCGCTTCGAGTTGCG_009,80
GCGCGGCGCTTCGAGTTGCG_010,169
GCGCGGCGCTTCGAGTTGCG_011,115
GCGCGGCGCTTCGAGTTGCG_012,0
GCGCGGCGCTTCGAGTTGCG_013,174
GCGCGGCGCTTCGAGTTGCG_014,11
GCGCGGCGCTTCGAGTTGCG_015,88
GCGCGGCGCTTCGAGTTGCG_016,163
GCGCGGCGCTTCGAGTTGCG_017,192
GCGCGGCGCTTCGAGTTGCG_018,178
GCGCGGCGCTTCGAGTTGCG_019,177
GCGCGGCGCTTCGAGTTGCG_020,42
GCGCGGCGCTTCGAGTTGCG_021,91
GCGCGGCGCTTCGAGTTGCG_022,136
GCGCGGCGCTTCGAGTTGCG_023,148
GCGCGGCGCTTCGAGTTGCG_024,77
GCGCGGCGCTTCGAGTTGCG_025,63
GCGCGGCGCTTCGAGTTGCG_026,36
GCGCGGCGCTTCGAGTTGCG_027,37
GCGCGGCGCTTCGAGTTGCG_028,78
GCGCGGCGCTTCGAGTTGCG_029,9
GCGCGGCGCTTCGAGTTGCG_030,37
GCGCGGCGCTTCGAGTTGCG_031,43
GCGCGGCGCTTCGAGTTGCG_032,106
GCGCGGCGCTTCGAGTTGCG_033,102
GCGCGGCGCTTCGAGTTGCG_034,12
GCGCGGCGCTTCGAGTTGCG_035,68
GCGCGGCGCTTCGAGTTGCG_036,106
GCGCGGCGCTTCGAGTTGCG_037,198
GCGCGGCGCTTCGAGTTGCG_038,62
GCGCGGCGCTTCGAGTTGCG_039,137
GCGCGGCGCTTCGAGTTGCG_040,68
GCGCGGCGCTTCGAGTTGCG_041,0
GCGCGGCGCTTCGAGTTGCG_042,172
GCGCGGCGCTTCGAGTTGCG_043,188
TATTCGGCTATGTGACATGA_001,55
TATTCGGCTATGTGACATGA_002,183
TATTCGGCTATGTGACATGA_003,104
TATTCGGCTATGTGACATGA_004,126
TATTCGGCTATGTGACATGA_005,168
TATTCGGCTATGTGACATGA_006,68
TATTCGGCTATGTGACATGA_007,149
TATTCGGCTATGTGACATGA_008,20
TATTCGGCTATGTGACATGA_009,75
TATTCGGCTATGTGACATGA_010,193
TATTCGGCTATGTGACATGA_011,88
TATTCGGCTATGTGACATGA_012,9
TATTCGGCTATGTGACATGA_013,46
TATTCGGCTATGTGACATGA_014,175
TATTCGGCTATGTGACATGA_015,28
TATTCGGCTATGTGACATGA_016,153
TATTCGGCTATGTGACATGA_017,170
TATTCGGCTATGTGACATGA_018,132
TATTCGGCTATGTGACATGA_019,188
TGCTATCTCGTGAAGGAAGG_001,19
GCCGTGGTGAGGATCAACAA_001,163
GCCGTGGTGAGGATCAACAA_002,154
GCCGTGGTGAGGATCAACAA_003,0
GCCGTGGTGAGGATCAACAA_004,140
GCCGTGGTGAGGATCAACAA_005,107
GCCGTGGTGAGGATCAACAA_006,129
GCCGTGGTGAGGATCAACAA_007,146
GCCGTGGTGAGGATCAACAA_008,198
GCCGTGGTGAGGATCAACAA_009,10
GCCGTGGTGAGGATCAACAA_010,155
GCCGTGGTGAGGATCAACAA_011,146
GCCGTGGTGAGGATCAACAA_012,98
GCCGTGGTGAGGATCAACAA_013,191
GCCGTGGTGAGGATCAACAA_014,60
GCCGTGGTGAGGATCAACAA_015,147
GCCGTGGTGAGGATCAACAA_016,95
GCCGTGGTGAGGATCAACAA_017,91
GCCGTGGTGAGGATCAACAA_018,191
GCCGTGGTGAGGATCAACAA_019,160
GCCGTGGTGAGGATCAACAA_020,174
GCCGTGGTGAGGATCAACAA_021,43
GCCGTGGTGAGGATCAACAA_022,197
GCCGTGGTGAGGATCAACAA_023,63
GCCGTGGTGAGGATCAACAA_024,33
GAAGGGGCCTCAAGTGACAA_001,15
GAAGGGGCCTCAAGTGACAA_002,32
GAAGGGGCCTCAAGTGACAA_003,105
GAAGGGGCCTCAAGTGACAA_004,84
GAAGGGGCCTCAAGTGACAA_005,33
TGATGCGAGATACGTCACAA_001,185
TGATGCGAGATACGTCACAA_002,8
TGATGCGAGATACGTCACAA_003,130
TGATGCGAGATACGTCACAA_004,4
TGATGCGAGATACGTCACAA_005,19
TGATGCGAGATACGTCACAA_006,115
TGATGCGAGATACGTCACAA_007,4
TGATGCGAGATACGTCACAA_008,126
TGATGCGAGATACGTCACAA_009,16
TGATGCGAGATACGTCACAA_010,168
TGATGCGAGATACGTCACAA_011,115
TGATGCGAGATACGTCACAA_012,43
TGATGCGAGATACGTCACAA_013,194
TGATGCGAGATACGTCACAA_014,99
TGATGCGAGATACGTCACAA_015,56
TGATGCGAGATACGTCACAA_016,31
TGATGCGAGATACGTCACAA_017,198
TGATGCGAGATACGTCACAA_018,134
TGATGCGAGATACGTCACAA_019,168
TGATGCGAGATACGTCACAA_020,137
TGATGCGAGATACGTCACAA_021,0
TGATGCGAGATACGTCACAA_022,188
TGATGCGAGATACGTCACAA_023,148
CCGGTCGGGTGAGAGTGGCA_001,42
CCGGTCGGGTGAGAGTGGCA_002,24
CCGGTCGGGTGAGAGTGGCA_003,60
CCGGTCGGGTGAGAGTGGCA_004,58
CCGGTCGGGTGAGAGTGGCA_005,48
AGCAGAGGAGAATCGGCCGG_001,129
AGCAGAGGAGAATCGGCCGG_002,107
AGCAGAGGAGAATCGGCCGG_003,174
AGCAGAGGAGAATCGGCCGG_004,9
AGCAGAGGAGAATCGGCCGG_005,81
AGCAGAGGAGAATCGGCCGG_006,24
TTTGACACGCACACGCCGCG_001,136
TTTGACACGCACACGCCGCG_002,182
TTTGACACGCACACGCCGCG_003,64
TTTGACACGCACACGCCGCG_004,42
TTTGACACGCACACGCCGCG_005,179
TTTGACACGCACACGCCGCG_006,10
TTTGACACGCACACGCCGCG_007,86
TTTGACACGCACACGCCGCG_008,86
TTTGACACGCACACGCCGCG_009,98
TTTGACACGCACACGCCGCG_010,127
TTTGACACGCACACGCCGCG_011,74
TTTGACACGCACACGCCGCG_012,144
TTTGACACGCACACGCCGCG_013,117
TTTGACACGCACACGCCGCG_014,62
TTTGACACGCACACGCCGCG_015,52
TTTGACACGCACACGCCGCG_016,42
TTTGACACGCACACGCCGCG_017,132
TTTGACACGCACACGCCGCG_018,56
TTTGACACGCACACGCCGCG_019,112
TTTGACACGCACACGCCGCG_020,41
TTTGACACGCACACGCCGCG_021,82
TTTGACACGCACACGCCGCG_022,53
TTTGACACGCACACGCCGCG_023,115
TTTGACACGCACACGCCGCG_024,26
AGAATGGTACTTACTGACGC_001,72
AGAATGGTACTTACTGACGC_002,139
AGAATGGTACTTACTGACGC_003,8
CCAAGGAATGACTTCCCAAG_001,28
CCAAGGAATGACTTCCCAAG_002,94
CCAAGGAATGACTTCCCAAG_003,116
CCAAGGAATGACTTCCCAAG_004,20
CCAAGGAATGACTTCCCAAG_005,58
CCAAGGAATGACTTCCCAAG_006,105
CCTACCCTTACTCTACCCCG_001,8
CCTACCCTTACTCTACCCCG_002,130
CCTACCCTTACTCTACCCCG_003,115
CCTACCCTTACTCTACCCCG_004,155
CCTACCCTTACTCTACCCCG_005,124
CTGGTCAGTGACAAAGCGGT_001,142
CTGGTCAGTGACAAAGCGGT_002,112
AAACGGCAGCACCGTCCTAG_001,58
AAACGGCAGCACCGTCCTAG_002,63
AAACGGCAGCACCGTCCTAG_003,13
AAACGGCAGCACCGTCCTAG_004,48
AAACGGCAGCACCGTCCTAG_005,102
AAACGGCAGCACCGTCCTAG_006,152
AAACGGCAGCACCGTCCTAG_007,64
AAACGGCAGCACCGTCCTAG_008,118
AAACGGCAGCACCGTCCTAG_009,70
AAACGGCAGCACCGTCCTAG_010,110
AAACGGCAGCACCGTCCTAG_011,95
AAACGGCAGCACCGTCCTAG_012,52
AAACGGCAGCACCGTCCTAG_013,154
AAACGGCAGCACCGTCCTAG_014,47
AAACGGCAGCACCGTCCTAG_015,2
AAACGGCAGCACCGTCCTAG_016,19
AAACGGCAGCACCGTCCTAG_017,42
AAACGGCAGCACCGTCCTAG_018,190
AAACGGCAGCACCGTCCTAG_019,83
AAACGGCAGCACCGTCCTAG_020,129
AAACGGCAGCACCGTCCTAG_021,85
AAACGGCAGCACCGTCCTAG_022,170
AAACGGCAGCACCGTCCTAG_023,108
AAACGGCAGCACCGTCCTAG_024,198
CTGGATCCGCTGTTTCGGGG_001,127
CTGGATCCGCTGTTTCGGGG_002,42
CTGGATCCGCTGTTTCGGGG_003,78
CTGGATCCGCTGTTTCGGGG_004,145
CTGGATCCGCTGTTTCGGGG_005,120
CTGGATCCGCTGTTTCGGGG_006,129
GCAGAAAAGCGGTTCCCAGG_001,47
GCAGAAAAGCGGTTCCCAGG_002,94
GCAGAAAAGCGGTTCCCAGG_003,62
GCAGAAAAGCGGTTCCCAGG_004,10
GCAGAAAAGCGGTTCCCAGG_005,107
GCAGAAAAGCGGTTCCCAGG_006,92
GCAGAAAAGCGGTTCCCAGG_007,168
GCAGAAAAGCGGTTCCCAGG_008,7
TAGCAAGCATGATCTTTCGA_001,62
TAGCAAGCATGATCTTTCGA_002,198
TAGCAAGCATGATCTTTCGA_003,112
CATCCTCACCATTGACAACG_001,88
CATCCTCACCATTGACAACG_002,178
CATCCTCACCATTGACAACG_003,178
CATCCTCACCATTGACAACG_004,4
CATCCTCACCATTGACAACG_005,129
CATCCTCACCATTGACAACG_006,103
CATCCTCACCATTGACAACG_007,61
CATCCTCACCATTGACAACG_008,69
CATCCTCACCATTGACAACG_009,145
CATCCTCACCATTGACAACG_010,159
CATCCTCACCATTGACAACG_011,63
CATACCATGAGGCACCAATG_001,149
CATACCATGAGGCACCAATG_002,154
CATACCATGAGGCACCAATG_003,127
CATACCATGAGGCACCAATG_004,112
CATACCATGAGGCACCAATG_005,38
CATACCATGAGGCACCAATG_006,177
CATACCATGAGGCACCAATG_007,115
GACTTGAAGATACTCTCGAC_001,119
GACTTGAAGATACTCTCGAC_002,127
GACTTGAAGATACTCTCGAC_003,178
TAGTGCCCAGAACTCACGAA_001,56
TAGTGCCCAGAACTCACGAA_002,183
TAGTGCCCAGAACTCACGAA_003,78
TAGTGCCCAGAACTCACGAA_004,171
TAGTGCCCAGAACTCACGAA_005,121
TAGTGCCCAGAACTCACGAA_006,199
TAGTGCCCAGAACTCACGAA_007,35
TAGTGCCCAGAACTCACGAA_008,147
TAGTGCCCAGAACTCACGAA_009,112
TAGTGCCCAGAACTCACGAA_010,92
TAGTGCCCAGAACTCACGAA_011,1
TAGTGCCCAGAACTCACGAA_012,19
TAGTGCCCAGAACTCACGAA_013,149
TAGTGCCCAGAACTCACGAA_014,175
TAGTGCCCAGAACTCACGAA_015,116
TAGTGCCCAGAACTCACGAA_016,62
TAGTGCCCAGAACTCACGAA_017,191
TACGGGTTCCATCAACTCGA_001,141
TACGGGTTCCATCAACTCGA_002,85
TACGGGTTCCATCAACTCGA_003,52
TACGGGTTCCATCAACTCGA_004,13
TACGGGTTCCATCAACTCGA_005,177
TACGGGTTCCATCAACTCGA_006,68
TACGGGTTCCATCAACTCGA_007,173
AGAGTTAATCGACAAACTGG_001,138
AGAGTTAATCGACAAACTGG_002,152
AGAGTTAATCGACAAACTGG_003,3
AGAGTTAATCGACAAACTGG_004,149
CACCTACAGGGAGCACGTAG_001,78
CACCTACAGGGAGCACGTAG_002,68
CACCTACAGGGAGCACGTAG_003,68
CACCTACAGGGAGCACGTAG_004,47
CACCTACAGGGAGCACGTAG_005,47
CACCTACAGGGAGCACGTAG_006,145
CACCTACAGGGAGCACGTAG_007,85
CACCTACAGGGAGCACGTAG_008,172
CACCTACAGGGAGCACGTAG_009,53
CACCTACAGGGAGCACGTAG_010,114
CACCTACAGGGAGCACGTAG_011,141
CACCTACAGGGAGCACGTAG_012,141
AGAATTTACCAAGCTAGAGG_001,8
AGAATTTACCAAGCTAGAGG_002,149
AGAATTTACCAAGCTAGAGG_003,137
AGAATTTACCAAGCTAGAGG_004,81
AGAATTTACCAAGCTAGAGG_005,26
AGAATTTACCAAGCTAGAGG_006,160
AGAATTTACCAAGCTAGAGG_007,47
AGAATTTACCAAGCTAGAGG_008,149
AGAATTTACCAAGCTAGAGG_009,175
AGAATTTACCAAGCTAGAGG_010,142
CCCGGTCTACGGCTACTCCG_001,69
CCCGGTCTACGGCTACTCCG_002,85
CCCGGTCTACGGCTACTCCG_003,130
CCCGGTCTACGGCTACTCCG_004,2
CCCGGTCTACGGCTACTCCG_005,19
CCCGGTCTACGGCTACTCCG_006,27
CCCGGTCTACGGCTACTCCG_007,77
CCCGGTCTACGGCTACTCCG_008,116
CCCGGTCTACGGCTACTCCG_009,37
TTCAAGGCCTGTGTCCAACG_001,27
TTCAAGGCCTGTGTCCAACG_002,123
TTCAAGGCCTGTGTCCAACG_003,122
TTCAAGGCCTGTGTCCAACG_004,104
AGAAGTCTGAAAGAGTCTTG_001,33
AGAAGTCTGAAAGAGTCTTG_002,107
CATGCTGTAGAATCCTAGGG_001,25
CATGCTGTAGAATCCTAGGG_002,69
CATGCTGTAGAATCCTAGGG_003,85
CATGCTGTAGAATCCTAGGG_004,1
CATGCTGTAGAATCCTAGGG_005,20
CATGCTGTAGAATCCTAGGG_006,52
CATGCTGTAGAATCCTAGGG_007,168
CATGCTGTAGAATCCTAGGG_008,10
CATGCTGTAGAATCCTAGGG_009,19
TTCTTGCAGACGATTAAGAG_001,134
TTCTTGCAGACGATTAAGAG_002,168
TTCTTGCAGACGATTAAGAG_003,64
CGAGTGAGATCAAGATCCAG_001,82
CGAGTGAGATCAAGATCCAG_002,69
CGAGTGAGATCAAGATCCAG_003,57
CGAGTGAGATCAAGATCCAG_004,94
CGAGTGAGATCAAGATCCAG_005,70
CGAGTGAGATCAAGATCCAG_006,142
CGAGTGAGATCAAGATCCAG_007,46
CGAGTGAGATCAAGATCCAG_008,44
CGTGCAAGCCAGACACATCG_001,172
CGTGCAAGCCAGACACATCG_002,70
CGTGCAAGCCAGACACATCG_003,62
CGTGCAAGCCAGACACATCG_004,76
CGTGCAAGCCAGACACATCG_005,194
CGTGCAAGCCAGACACATCG_006,40
CGTGCAAGCCAGACACATCG_007,197
CGTGCAAGCCAGACACATCG_008,9
CGTGCAAGCCAGACACATCG_009,48
CGTGCAAGCCAGACACATCG_010,184
CGTGCAAGCCAGACACATCG_011,16
CGTGCAAGCCAGACACATCG_012,11
CGTGCAAGCCAGACACATCG_013,166
CGTGCAAGCCAGACACATCG_014,104
CGTGCAAGCCAGACACATCG_015,138
CGTGCAAGCCAGACACATCG_016,1
CGTGCAAGCCAGACACATCG_017,175
CGTGCAAGCCAGACACATCG_018,0
CGTGCAAGCCAGACACATCG_019,191
CGTGCAAGCCAGACACATCG_020,147
CGTGCAAGCCAGACACATCG_021,116
CGTGCAAGCCAGACACATCG_022,58
CGTGCAAGCCAGACACATCG_023,33
CGTGCAAGCCAGACACATCG_024,183
CGTGCAAGCCAGACACATCG_025,127
CGTGCAAGCCAGACACATCG_026,51
CGTGCAAGCCAGACACATCG_027,107
CGTGCAAGCCAGACACATCG_028,120
TCCCCAACACATAGAAACTG_001,12
TCCCCAACACATAGAAACTG_002,60
TCCCCAACACATAGAAACTG_003,85
TCCCCAACACATAGAAACTG_004,73
TCCCCAACACATAGAAACTG_005,48
TCCCCAACACATAGAAACTG_006,143
TCCCCAACACATAGAAACTG_007,191
ACGGCGGTAGACACCGCTCA_001,52
ACGGCGGTAGACACCGCTCA_002,148
ACGGCGGTAGACACCGCTCA_003,2
GACTCCGTAATGATAGCCTG_001,130
GACTCCGTAATGATAGCCTG_002,97
GACTCCGTAATGATAGCCTG_003,42
GGTGTGCGACTCCAGCCCGT_001,122
GGTGTGCGACTCCAGCCCGT_002,138
GGTGTGCGACTCCAGCCCGT_003,128
GGTGTGCGACTCCAGCCCGT_004,184
GGTGTGCGACTCCAGCCCGT_005,108
GGTGTGCGACTCCAGCCCGT_006,83
GGTGTGCGACTCCAGCCCGT_007,103
GGTGTGCGACTCCAGCCCGT_008,4
GGTGTGCGACTCCAGCCCGT_009,95
GGTGTGCGACTCCAGCCCGT_010,177
GGTGTGCGACTCCAGCCCGT_011,6
GGTGTGCGACTCCAGCCCGT_012,108
GCAGTGCACCAGCAACTACA_001,88
GCAGTGCACCAGCAACTACA_002,92
GCAGTGCACCAGCAACTACA_003,16
GCAGTGCACCAGCAACTACA_004,38
GCAGTGCACCAGCAACTACA_005,32
GCAGTGCACCAGCAACTACA_006,25
GCAGTGCACCAGCAACTACA_007,105
GCAGTGCACCAGCAACTACA_008,24
GCAGTGCACCAGCAACTACA_009,169
GCAGTGCACCAGCAACTACA_010,116
GCAGTGCACCAGCAACTACA_011,78
TTGCTGAGGCCCCCACATGG_001,44
TTGCTGAGGCCCCCACATGG_002,142
TTGCTGAGGCCCCCACATGG_003,124
TTGCTGAGGCCCCCACATGG_004,154
TTGCTGAGGCCCCCACATGG_005,9
TTGCTGAGGCCCCCACATGG_006,120
TTGCTGAGGCCCCCACATGG_007,74
TTGCTGAGGCCCCCACATGG_008,168
TTGCTGAGGCCCCCACATGG_009,84
TTGCTGAGGCCCCCACATGG_010,11
TTGCTGAGGCCCCCACATGG_011,166
TTGCTGAGGCCCCCACATGG_012,63
TTGCTGAGGCCCCCACATGG_013,172
TTGCTGAGGCCCCCACATGG_014,82
TTGCTGAGGCCCCCACATGG_015,192
TTGCTGAGGCCCCCACATGG_016,130
TTGCTGAGGCCCCCACATGG_017,130
TTGCTGAGGCCCCCACATGG_018,65
TTGCTGAGGCCCCCACATGG_019,167
TTGCTGAGGCCCCCACATGG_020,57
TTGCTGAGGCCCCCACATGG_021,60
TTGCTGAGGCCCCCACATGG_022,11
TTGCTGAGGCCCCCACATGG_023,11
TTGCTGAGGCCCCCACATGG_024,194
TTGCTGAGGCCCCCACATGG_025,168
TTGCTGAGGCCCCCACATGG_026,138
TTGCTGAGGCCCCCACATGG_027,106
TTGCTGAGGCCCCCACATGG_028,107
TTGCTGAGGCCCCCACATGG_029,89
TTGCTGAGGCCCCCACATGG_030,172
TTGCTGAGGCCCCCACATGG_031,103
TTGCTGAGGCCCCCACATGG_032,98
CCTGCTGGATCACATCGCCG_001,146
CCTGCTGGATCACATCGCCG_002,150
CCTGCTGGATCACATCGCCG_003,190
CCTGCTGGATCACATCGCCG_004,171
CCTGCTGGATCACATCGCCG_005,47
CCTGCTGGATCACATCGCCG_006,49
CCTGCTGGATCACATCGCCG_007,194
CCTGCTGGATCACATCGCCG_008,8
CCTGCTGGATCACATCGCCG_009,11
CCTGCTGGATCACATCGCCG_010,91
CCTGCTGGATCACATCGCCG_011,25
CCTGCTGGATCACATCGCCG_012,12
CCTGCTGGATCACATCGCCG_013,199
CCTGCTGGATCACATCGCCG_014,15
CCTGCTGGATCACATCGCCG_015,184
CCTGCTGGATCACATCGCCG_016,166
CCTGCTGGATCACATCGCCG_017,107
CCTGCTGGATCACATCGCCG_018,166
CCTGCTGGATCACATCGCCG_019,194
CCTGCTGGATCACATCGCCG_020,103
CCTGCTGGATCACATCGCCG_021,121
CCTGCTGGATCACATCGCCG_022,58
CCTGCTGGATCACATCGCCG_023,10
CCTGCTGGATCACATCGCCG_024,135
GTACTCCCAAGTAATGCCAG_001,102
GTACTCCCAAGTAATGCCAG_002,170
GTACTCCCAAGTAATGCCAG_003,158
GTACTCCCAAGTAATGCCAG_004,142
GTACTCCCAAGTAATGCCAG_005,34
GAATATTTCAAGACACCGAA_001,29
GAATATTTCAAGACACCGAA_002,195
GAATATTTCAAGACACCGAA_003,140
GAATATTTCAAGACACCGAA_004,193
GAATATTTCAAGACACCGAA_005,42
GAATATTTCAAGACACCGAA_006,67
GAATATTTCAAGACACCGAA_007,26
GAATATTTCAAGACACCGAA_008,121
GAATATTTCAAGACACCGAA_009,1
GGGTGACTGAGTGCCTCCGA_001,118
GGGTGACTGAGTGCCTCCGA_002,17
GGGTGACTGAGTGCCTCCGA_003,84
GGGTGACTGAGTGCCTCCGA_004,12
GGGTGACTGAGTGCCTCCGA_005,121
GGGTGACTGAGTGCCTCCGA_006,90
GCTGGATGTTGTGAGAAAGG_001,139
GTCACACGGGTGTCTGAAGG_001,15
GTCACACGGGTGTCTGAAGG_002,160
CATAGCCGCCTGCTTTCGTG_001,63
CATAGCCGCCTGCTTTCGTG_002,186
CATAGCCGCCTGCTTTCGTG_003,134
CATAGCCGCCTGCTTTCGTG_004,37
CATAGCCGCCTGCTTTCGTG_005,54
CATAGCCGCCTGCTTTCGTG_006,178
CATAGCCGCCTGCTTTCGTG_007,56
CATAGCCGCCTGCTTTCGTG_008,26
CATAGCCGCCTGCTTTCGTG_009,101
CATAGCCGCCTGCTTTCGTG_010,198
CATAGCCGCCTGCTTTCGTG_011,15
CATAGCCGCCTGCTTTCGTG_012,183
CATAGCCGCCTGCTTTCGTG_013,192
CATAGCCGCCTGCTTTCGTG_014,138
GATAATTATACACCAGCAGG_001,130
GATAATTATACACCAGCAGG_002,79
GATAATTATACACCAGCAGG_003,49
GATAATTATACACCAGCAGG_004,168
GGCAGCAGGTCTCCTGACAG_001,22
GGCAGCAGGTCTCCTGACAG_002,190
AGCTGACCTGTACATTTCTG_001,115
AGCTGACCTGTACATTTCTG_002,180
AGCTGACCTGTACATTTCTG_003,10
AGCTGACCTGTACATTTCTG_004,96
AGCTGACCTGTACATTTCTG_005,178
TGACATTAGACCTTCACCTG_001,48
TGACATTAGACCTTCACCTG_002,131
TGACATTAGACCTTCACCTG_003,188
TGACATTAGACCTTCACCTG_004,27
GGATGACCGAGTCACCATCG_001,142
GGATGACCGAGTCACCATCG_002,67
GGATGACCGAGTCACCATCG_003,68
GGATGACCGAGTCACCATCG_004,53
GGATGACCGAGTCACCATCG_005,53
AATAGACATCGCTACTGGAA_001,13
AATAGACATCGCTACTGGAA_002,169
AATAGACATCGCTACTGGAA_003,50
TCCTTATTAAAACACTCATG_001,132
TCCTTATTAAAACACTCATG_002,7
TCCTTATTAAAACACTCATG_003,184
TCCTTATTAAAACACTCATG_004,145
CAGTAAACTGAGGTGCTCCA_001,36
CAGTAAACTGAGGTGCTCCA_002,157
CAGTAAACTGAGGTGCTCCA_003,169
CAGTAAACTGAGGTGCTCCA_004,46
CAGTAAACTGAGGTGCTCCA_005,34
CAGTAAACTGAGGTGCTCCA_006,160
CAGTAAACTGAGGTGCTCCA_007,95
CAGTAAACTGAGGTGCTCCA_008,107
CAGTAAACTGAGGTGCTCCA_009,17
CAGTAAACTGAGGTGCTCCA_010,148
CAGTAAACTGAGGTGCTCCA_011,123
CAGTAAACTGAGGTGCTCCA_012,27
CAGTAAACTGAGGTGCTCCA_013,18
CAGTAAACTGAGGTGCTCCA_014,184
CAGTAAACTGAGGTGCTCCA_015,9
GAAAATCCTTGATATTAACC_001,161
GAAAATCCTTGATATTAACC_002,108
GAAAATCCTTGATATTAACC_003,24
GAAAATCCTTGATATTAACC_004,48
GAAAATCCTTGATATTAACC_005,43
AGTCACTTTATTCAACACGG_001,2
AGTCACTTTATTCAACACGG_002,88
AGTCACTTTATTCAACACGG_003,45
AGTCACTTTATTCAACACGG_004,129
AGTCACTTTATTCAACACGG_005,170
AGTCACTTTATTCAACACGG_006,137
AGTCACTTTATTCAACACGG_007,98
AGTCACTTTATTCAACACGG_008,12
AGTCACTTTATTCAACACGG_009,176
AGTCACTTTATTCAACACGG_010,165
GTTGAATGAAATGGGCCTTG_001,127
GTTGAATGAAATGGGCCTTG_002,83
CAACTAGCAGTGAGACCCAC_001,49
CAACTAGCAGTGAGACCCAC_002,158
CAACTAGCAGTGAGACCCAC_003,15
CAACTAGCAGTGAGACCCAC_004,103
CAACTAGCAGTGAGACCCAC_005,98
CAACTAGCAGTGAGACCCAC_006,58
CAACTAGCAGTGAGACCCAC_007,184
GGGGCCCCAGCAGCTACATG_001,188
GGGGCCCCAGCAGCTACATG_002,190
GGGGCCCCAGCAGCTACATG_003,23
GGGGCCCCAGCAGCTACATG_004,36
GGGGCCCCAGCAGCTACATG_005,36
GGGGCCCCAGCAGCTACATG_006,4
GGGGCCCCAGCAGCTACATG_007,148
GGGGCCCCAGCAGCTACATG_008,100
GGGGCCCCAGCAGCTACATG_009,114
GGGGCCCCAGCAGCTACATG_010,153
GGGGCCCCAGCAGCTACATG_011,43
GGGGCCCCAGCAGCTACATG_012,194
GGGGCCCCAGCAGCTACATG_013,23
GGGGCCCCAGCAGCTACATG_014,185
GGGGCCCCAGCAGCTACATG_015,115
GGGGCCCCAGCAGCTACATG_016,188
GGGGCCCCAGCAGCTACATG_017,51
GGGGCCCCAGCAGCTACATG_018,130
GGGGCCCCAGCAGCTACATG_019,179
GGGGCCCCAGCAGCTACATG_020,70
GGGGCCCCAGCAGCTACATG_021,198
GGGGCCCCAGCAGCTACATG_022,85
GGGGCCCCAGCAGCTACATG_023,85
GGGGCCCCAGCAGCTACATG_024,52
CCAGTGGCGGAAGCACACTG_001,154
CCAGTGGCGGAAGCACACTG_002,44
CCAGTGGCGGAAGCACACTG_003,169
CCAGTGGCGGAAGCACACTG_004,78
CCAGTGGCGGAAGCACACTG_005,7
CCAGTGGCGGAAGCACACTG_006,188
CCAGTGGCGGAAGCACACTG_007,22
CCAGTGGCGGAAGCACACTG_008,185
CCAGTGGCGGAAGCACACTG_009,160
CCAGTGGCGGAAGCACACTG_010,19
CCAGTGGCGGAAGCACACTG_011,98
CCAGTGGCGGAAGCACACTG_012,198
CCAGTGGCGGAAGCACACTG_013,179
CCAGTGGCGGAAGCACACTG_014,33
CCAGTGGCGGAAGCACACTG_015,62
CCAGTGGCGGAAGCACACTG_016,64
CCAGTGGCGGAAGCACACTG_017,30
CCAGTGGCGGAAGCACACTG_018,3
GCTCAACAGTACATCAGACA_001,157
CGGACTCCTCCACAGCAGGG_001,130
CGGACTCCTCCACAGCAGGG_002,55
CGGACTCCTCCACAGCAGGG_003,55
CGGACTCCTCCACAGCAGGG_004,90
CGGACTCCTCCACAGCAGGG_005,9
CGGACTCCTCCACAGCAGGG_006,156
CGGACTCCTCCACAGCAGGG_007,134
CGGACTCCTCCACAGCAGGG_008,67
CGGACTCCTCCACAGCAGGG_009,76
CGGACTCCTCCACAGCAGGG_010,197
CGGACTCCTCCACAGCAGGG_011,62
CGGACTCCTCCACAGCAGGG_012,175
CGGACTCCTCCACAGCAGGG_013,2
CGGACTCCTCCACAGCAGGG_014,145
CGGACTCCTCCACAGCAGGG_015,2
CGGACTCCTCCACAGCAGGG_016,58
CGGACTCCTCCACAGCAGGG_017,168
CGGACTCCTCCACAGCAGGG_018,112
CGGACTCCTCCACAGCAGGG_019,119
CGGACTCCTCCACAGCAGGG_020,134
CGGACTCCTCCACAGCAGGG_021,184
CGGACTCCTCCACAGCAGGG_022,56
CGGACTCCTCCACAGCAGGG_023,40
CGGACTCCTCCACAGCAGGG_024,99
CGGACTCCTCCACAGCAGGG_025,138
CGGACTCCTCCACAGCAGGG_026,0
CGGACTCCTCCACAGCAGGG_027,153
GGTGATCTCAAGCATGCTGG_001,27
CACCTGCACCGCGACTGCTA_001,98
CACCTGCACCGCGACTGCTA_002,182
CACCTGCACCGCGACTGCTA_003,82
CACCTGCACCGCGACTGCTA_004,125
CACCTGCACCGCGACTGCTA_005,26
CACCTGCACCGCGACTGCTA_006,25
CACCTGCACCGCGACTGCTA_007,196
CACCTGCACCGCGACTGCTA_008,199
CACCTGCACCGCGACTGCTA_009,172
CACCTGCACCGCGACTGCTA_010,11
CACCTGCACCGCGACTGCTA_011,139
CACCTGCACCGCGACTGCTA_012,177
CACCTGCACCGCGACTGCTA_013,199
CACCTGCACCGCGACTGCTA_014,2
ACCTAAGGAATGCACTTCAT_001,19
AGTTCTCCGATCATTCCGGC_001,198
AGTTCTCCGATCATTCCGGC_002,12
AGTTCTCCGATCATTCCGGC_003,94
AGTTCTCCGATCATTCCGGC_004,50
AGTTCTCCGATCATTCCGGC_005,92
AGTTCTCCGATCATTCCGGC_006,10
AGTTCTCCGATCATTCCGGC_007,138
GCATGTGATGAAGATCACAA_001,172
GCATGTGATGAAGATCACAA_002,77
GCATGTGATGAAGATCACAA_003,70
GCATGTGATGAAGATCACAA_004,125
GCATGTGATGAAGATCACAA_005,29
GCATGTGATGAAGATCACAA_006,51
GCATGTGATGAAGATCACAA_007,160
GCATGTGATGAAGATCACAA_008,140
GCATGTGATGAAGATCACAA_009,16
GCATGTGATGAAGATCACAA_010,94
GCATGTGATGAAGATCACAA_011,68
GCATGTGATGAAGATCACAA_012,62
TGGGCAGTAATGTTCTACTG_001,106
TGGGCAGTAATGTTCTACTG_002,14
TGGGCAGTAATGTTCTACTG_003,127
TGGGCAGTAATGTTCTACTG_004,108
TGGGCAGTAATGTTCTACTG_005,66
TGGGCAGTAATGTTCTACTG_006,78
TGGGCAGTAATGTTCTACTG_007,152
TGGGCAGTAATGTTCTACTG_008,40
CGAGACATACCGCTACCTGA_001,120
CGAGACATACCGCTACCTGA_002,145
CGAGACATACCGCTACCTGA_003,31
CGAGACATACCGCTACCTGA_004,163
CGAGACATACCGCTACCTGA_005,127
CGAGACATACCGCTACCTGA_006,25
CGAGACATACCGCTACCTGA_007,138
CGAGACATACCGCTACCTGA_008,82
CGAGACATACCGCTACCTGA_009,47
CGAGACATACCGCTACCTGA_010,3
CGAGACATACCGCTACCTGA_011,0
CGAGACATACCGCTACCTGA_012,39
CGAGACATACCGCTACCTGA_013,160
CTTCGGCCGAAGCACCACGC_001,163
CTTCGGCCGAAGCACCACGC_002,4
CTTCGGCCGAAGCACCACGC_003,107
CTTCGGCCGAAGCACCACGC_004,83
CTTCGGCCGAAGCACCACGC_005,49
CTTCGGCCGAAGCACCACGC_006,154
CTTCGGCCGAAGCACCACGC_007,63
CTTCGGCCGAAGCACCACGC_008,40
CTTCGGCCGAAGCACCACGC_009,82
CTTCGGCCGAAGCACCACGC_010,56
CTTCGGCCGAAGCACCACGC_011,17
CTTCGGCCGAAGCACCACGC_012,48
CTTCGGCCGAAGCACCACGC_013,10
CTTCGGCCGAAGCACCACGC_014,94
CTTCGGCCGAAGCACCACGC_015,31
CTTCGGCCGAAGCACCACGC_016,149
CTTCGGCCGAAGCACCACGC_017,19
CTTCGGCCGAAGCACCACGC_018,65
CTTCGGCCGAAGCACCACGC_019,122
CTTCGGCCGAAGCACCACGC_020,81
CTTCGGCCGAAGCACCACGC_021,1
CTTCGGCCGAAGCACCACGC_022,138
CTTCGGCCGAAGCACCACGC_023,138
CTTCGGCCGAAGCACCACGC_024,66
CTTCGGCCGAAGCACCACGC_025,14
CTTCGGCCGAAGCACCACGC_026,184
CTTCGGCCGAAGCACCACGC_027,176
CTTCGGCCGAAGCACCACGC_028,160
CTTCGGCCGAAGCACCACGC_029,158
CTCTACAACTTCGACCTACG_001,97
CTCTACAACTTCGACCTACG_002,18
CTCTACAACTTCGACCTACG_003,188
CTCTACAACTTCGACCTACG_004,160
CTCTACAACTTCGACCTACG_005,155
CTCTACAACTTCGACCTACG_006,9
CTCTACAACTTCGACCTACG_007,122
CTCTACAACTTCGACCTACG_008,33
CTCTACAACTTCGACCTACG_009,42
GATGAATCAAGGCGTTTCAG_001,23
GATGAATCAAGGCGTTTCAG_002,106
GATGAATCAAGGCGTTTCAG_003,174
GATGAATCAAGGCGTTTCAG_004,133
GATGAATCAAGGCGTTTCAG_005,103
GATGAATCAAGGCGTTTCAG_006,140
ACCCAGGGACTAGTCTACCA_001,153
ACCCAGGGACTAGTCTACCA_002,144
ACCCAGGGACTAGTCTACCA_003,78
ACCCAGGGACTAGTCTACCA_004,28
ACCCAGGGACTAGTCTACCA_005,62
ACCCAGGGACTAGTCTACCA_006,41
ACCCAGGGACTAGTCTACCA_007,156
ACCCAGGGACTAGTCTACCA_008,76
ACCCAGGGACTAGTCTACCA_009,42
ACCCAGGGACTAGTCTACCA_010,139
ACCCAGGGACTAGTCTACCA_011,32
ACCCAGGGACTAGTCTACCA_012,147
ACCCAGGGACTAGTCTACCA_013,76
ACCCAGGGACTAGTCTACCA_014,162
ACCCAGGGACTAGTCTACCA_015,103
ACCCAGGGACTAGTCTACCA_016,106
ACCCAGGGACTAGTCTACCA_017,74
ACCCAGGGACTAGTCTACCA_018,29
CAATGACTTCCATAATTGGG_001,106
CGGAGCCTTGCTTACCACAG_001,108
CGGAGCCTTGCTTACCACAG_002,166
CGGAGCCTTGCTTACCACAG_003,41
CCTCCAAGCTGATGACCCGA_001,84
CCTCCAAGCTGATGACCCGA_002,4
GATGAATCACACGAACCCAA_001,41
GATGAATCACACGAACCCAA_002,17
GATGAATCACACGAACCCAA_003,4
GATGAATCACACGAACCCAA_004,48
GATGAATCACACGAACCCAA_005,127
GATGAATCACACGAACCCAA_006,69
GATGAATCACACGAACCCAA_007,45
GATGAATCACACGAACCCAA_008,157
GATGAATCACACGAACCCAA_009,102
GCTCGGTGTAAGTAGCCACA_001,35
GCTCGGTGTAAGTAGCCACA_002,137
TCCTCCAAGAGACAGTGGAG_001,8
TCCTCCAAGAGACAGTGGAG_002,47
TCCTCCAAGAGACAGTGGAG_003,38
TCCTCCAAGAGACAGTGGAG_004,35
TCCTCCAAGAGACAGTGGAG_005,129
TCCTCCAAGAGACAGTGGAG_006,72
TCCTCCAAGAGACAGTGGAG_007,87
TCCTCCAAGAGACAGTGGAG_008,82
TCCTCCAAGAGACAGTGGAG_009,130
TCCTCCAAGAGACAGTGGAG_010,121
TCCTCCAAGAGACAGTGGAG_011,81
TCCTCCAAGAGACAGTGGAG_012,46
TCCTCCAAGAGACAGTGGAG_013,24
TCCTCCAAGAGACAGTGGAG_014,40
TCCTCCAAGAGACAGTGGAG_015,159
TCCTCCAAGAGACAGTGGAG_016,115
TCCTCCAAGAGACAGTGGAG_017,72
TCCTCCAAGAGACAGTGGAG_018,168
TCCTCCAAGAGACAGTGGAG_019,41
TCCTCCAAGAGACAGTGGAG_020,50
TCCTCCAAGAGACAGTGGAG_021,177
TCCTCCAAGAGACAGTGGAG_022,180
TCCTCCAAGAGACAGTGGAG_023,118
TCCTCCAAGAGACAGTGGAG_024,14
TCCTCCAAGAGACAGTGGAG_025,6
AGGTGGGCACACAACCCCGA_001,95
AGGTGGGCACACAACCCCGA_002,0
AGGTGGGCACACAACCCCGA_003,175
AGGTGGGCACACAACCCCGA_004,121
AGGTGGGCACACAACCCCGA_005,15
AGGTGGGCACACAACCCCGA_006,139
AGGTGGGCACACAACCCCGA_007,171
AGGTGGGCACACAACCCCGA_008,80
AGGTGGGCACACAACCCCGA_009,139
AGGTGGGCACACAACCCCGA_010,103
AGGTGGGCACACAACCCCGA_011,43
AGGTGGGCACACAACCCCGA_012,32
AGGTGGGCACACAACCCCGA_013,59
AGGTGGGCACACAACCCCGA_014,5
AGGTGGGCACACAACCCCGA_015,169
AGGTGGGCACACAACCCCGA_016,40
AGGTGGGCACACAACCCCGA_017,27
TCTGGGGTGTTGCGATACGC_001,166
AGTTAGCCAAAACCCCAATG_001,48
AGTTAGCCAAAACCCCAATG_002,176
AGTTAGCCAAAACCCCAATG_003,139
AGTTAGCCAAAACCCCAATG_004,166
AGTTAGCCAAAACCCCAATG_005,64
AGTTAGCCAAAACCCCAATG_006,161
AGTTAGCCAAAACCCCAATG_007,20
AGTTAGCCAAAACCCCAATG_008,185
AGTTAGCCAAAACCCCAATG_009,102
AGTTAGCCAAAACCCCAATG_010,0
AGTTAGCCAAAACCCCAATG_011,122
AGTTAGCCAAAACCCCAATG_012,137
AGTTAGCCAAAACCCCAATG_013,161
AGTTAGCCAAAACCCCAATG_014,136
TCGGCCATGGTGTCGCGGCG_001,94
TCGGCCATGGTGTCGCGGCG_002,169
TCGGCCATGGTGTCGCGGCG_003,160
TCGGCCATGGTGTCGCGGCG_004,102
TCGGCCATGGTGTCGCGGCG_005,182
TCGGCCATGGTGTCGCGGCG_006,14
TCGGCCATGGTGTCGCGGCG_007,35
TCGGCCATGGTGTCGCGGCG_008,129
TCGGCCATGGTGTCGCGGCG_009,41
TCGGCCATGGTGTCGCGGCG_010,102
TCGGCCATGGTGTCGCGGCG_011,121
TCGGCCATGGTGTCGCGGCG_012,118
TCGGCCATGGTGTCGCGGCG_013,172
TCGGCCATGGTGTCGCGGCG_014,15
TCGGCCATGGTGTCGCGGCG_015,28
TCGGCCATGGTGTCGCGGCG_016,90
TCGGCCATGGTGTCGCGGCG_017,107
TGGGCACGATGTAAGCAAAG_001,26
TGGGCACGATGTAAGCAAAG_002,154
TGGGCACGATGTAAGCAAAG_003,0
TGGGCACGATGTAAGCAAAG_004,87
TGGGCACGATGTAAGCAAAG_005,147
TGGGCACGATGTAAGCAAAG_006,110
TGGGCACGATGTAAGCAAAG_007,81
TGGGCACGATGTAAGCAAAG_008,199
TGGGCACGATGTAAGCAAAG_009,19
TGGGCACGATGTAAGCAAAG_010,132
TGGGCACGATGTAAGCAAAG_011,81
TGGGCACGATGTAAGCAAAG_012,175
TGGGCACGATGTAAGCAAAG_013,175
TGGGCACGATGTAAGCAAAG_014,106
GGAGATAAAGGATATCCGGT_001,14
GGAGATAAAGGATATCCGGT_002,9
GGAGATAAAGGATATCCGGT_003,3
GGAGATAAAGGATATCCGGT_004,5
GGAGATAAAGGATATCCGGT_005,82
GGAGATAAAGGATATCCGGT_006,46
GGAGATAAAGGATATCCGGT_007,175
GGAGATAAAGGATATCCGGT_008,103
TTTCTATCACAATGTAAGGG_001,188
TTTCTATCACAATGTAAGGG_002,150
TTTCCGAGCCTATGGCATCG_001,17
TTTCCGAGCCTATGGCATCG_002,98
TTTCCGAGCCTATGGCATCG_003,17
TTTCCGAGCCTATGGCATCG_004,50
TTTCCGAGCCTATGGCATCG_005,154
TTTCCGAGCCTATGGCATCG_006,122
TTTCCGAGCCTATGGCATCG_007,4
ATCCAGAGCTTTCGTGACCG_001,2
ATCCAGAGCTTTCGTGACCG_002,159
ATCCAGAGCTTTCGTGACCG_003,6
ATCCAGAGCTTTCGTGACCG_004,80
ATCCAGAGCTTTCGTGACCG_005,157
ATCCAGAGCTTTCGTGACCG_006,172
ATCCAGAGCTTTCGTGACCG_007,88
ATCCAGAGCTTTCGTGACCG_008,162
ATCCAGAGCTTTCGTGACCG_009,104
ATCCAGAGCTTTCGTGACCG_010,191
ATCCAGAGCTTTCGTGACCG_011,40
ATCCAGAGCTTTCGTGACCG_012,185
ATCCAGAGCTTTCGTGACCG_013,48
ATCCAGAGCTTTCGTGACCG_014,76
ATCCAGAGCTTTCGTGACCG_015,152
ATCCAGAGCTTTCGTGACCG_016,29
ATCCAGAGCTTTCGTGACCG_017,127
AGGCCACAAATTGTATACAG_001,171
AGGCCACAAATTGTATACAG_002,154
AGGCCACAAATTGTATACAG_003,123
AGGCCACAAATTGTATACAG_004,43
AGGCCACAAATTGTATACAG_005,38
AGGCCACAAATTGTATACAG_006,178
AGGCCACAAATTGTATACAG_007,42
AGGCCACAAATTGTATACAG_008,56
AGGCCACAAATTGTATACAG_009,77
AGGCCACAAATTGTATACAG_010,170
AGGCCACAAATTGTATACAG_011,177
AGCCGGGCGTCTAGCCTGGG_001,63
AGCCGGGCGTCTAGCCTGGG_002,29
AGCCGGGCGTCTAGCCTGGG_003,43
AGCCGGGCGTCTAGCCTGGG_004,163
AGCCGGGCGTCTAGCCTGGG_005,78
AGCCGGGCGTCTAGCCTGGG_006,0
AGCCGGGCGTCTAGCCTGGG_007,113
AGCCGGGCGTCTAGCCTGGG_008,7
AGCCGGGCGTCTAGCCTGGG_009,82
AGCCGGGCGTCTAGCCTGGG_010,38
AGCCGGGCGTCTAGCCTGGG_011,149
AGCCGGGCGTCTAGCCTGGG_012,76
AGCCGGGCGTCTAGCCTGGG_013,47
AGCCGGGCGTCTAGCCTGGG_014,133
AGCCGGGCGTCTAGCCTGGG_015,28
AGCCGGGCGTCTAGCCTGGG_016,141
AGCCGGGCGTCTAGCCTGGG_017,48
AGCCGGGCGTCTAGCCTGGG_018,195
AGCCGGGCGTCTAGCCTGGG_019,120
AGCCGGGCGTCTAGCCTGGG_020,170
AGCCGGGCGTCTAGCCTGGG_021,19
AGCCGGGCGTCTAGCCTGGG_022,63
AGCCGGGCGTCTAGCCTGGG_023,76
AGCCGGGCGTCTAGCCTGGG_024,10
AGCCGGGCGTCTAGCCTGGG_025,56
AGCCGGGCGTCTAGCCTGGG_026,10
AGCCGGGCGTCTAGCCTGGG_027,63
AGCCGGGCGTCTAGCCTGGG_028,3
CAATGAGATTACGCTTGCCT_001,157
CAATGAGATTACGCTTGCCT_002,88
CAATGAGATTACGCTTGCCT_003,1
CAATGAGATTACGCTTGCCT_004,145
CAATGAGATTACGCTTGCCT_005,135
CAATGAGATTACGCTTGCCT_006,75
CAATGAGATTACGCTTGCCT_007,33
AGGAGGGAATAAGTGAAGTG_001,177
AGGAGGGAATAAGTGAAGTG_002,199
AGGAGGGAATAAGTGAAGTG_003,145
AGGAGGGAATAAGTGAAGTG_004,65
AGGAGGGAATAAGTGAAGTG_005,42
AGGAGGGAATAAGTGAAGTG_006,13
AGGAGGGAATAAGTGAAGTG_007,128
AGGAGGGAATAAGTGAAGTG_008,21
AGGAGGGAATAAGTGAAGTG_009,193
AGGAGGGAATAAGTGAAGTG_010,126
AGGAGGGAATAAGTGAAGTG_011,129
AGGAGGGAATAAGTGAAGTG_012,49
AGGAGGGAATAAGTGAAGTG_013,157
AGGAGGGAATAAGTGAAGTG_014,148
AGGAGGGAATAAGTGAAGTG_015,10
GCCACGTCGCGACCGCACAG_001,193
GCCACGTCGCGACCGCACAG_002,48
GCCACGTCGCGACCGCACAG_003,1
GCCACGTCGCGACCGCACAG_004,8
GCCACGTCGCGACCGCACAG_005,36
GCCACGTCGCGACCGCACAG_006,60
GCCACGTCGCGACCGCACAG_007,191
GCCACGTCGCGACCGCACAG_008,36
GCCACGTCGCGACCGCACAG_009,16
GCCACGTCGCGACCGCACAG_010,180
GCCACGTCGCGACCGCACAG_011,52
GCCACGTCGCGACCGCACAG_012,155
GCCACGTCGCGACCGCACAG_013,105
GCCACGTCGCGACCGCACAG_014,41
GCCACGTCGCGACCGCACAG_015,140
GCCACGTCGCGACCGCACAG_016,36
GCCACGTCGCGACCGCACAG_017,36
GCCACGTCGCGACCGCACAG_018,102
GCCACGTCGCGACCGCACAG_019,106
GCCACGTCGCGACCGCACAG_020,58
GCCACGTCGCGACCGCACAG_021,107
GCCACGTCGCGACCGCACAG_022,140
GCCACGTCGCGACCGCACAG_023,112
GCCACGTCGCGACCGCACAG_024,138
GCCACGTCGCGACCGCACAG_025,64
GCCACGTCGCGACCGCACAG_026,125
GCCACGTCGCGACCGCACAG_027,88
GAGATTCAGACAGATACTGT_001,65
GAGATTCAGACAGATACTGT_002,195
GAGATTCAGACAGATACTGT_003,123
CGCTCGTCTGGGCGTCGTCG_001,21
CGCTCGTCTGGGCGTCGTCG_002,13
CGCTCGTCTGGGCGTCGTCG_003,17
CGCTCGTCTGGGCGTCGTCG_004,81
CGCTCGTCTGGGCGTCGTCG_005,141
CGCTCGTCTGGGCGTCGTCG_006,14
CGCTCGTCTGGGCGTCGTCG_007,160
CGCTCGTCTGGGCGTCGTCG_008,103
CGCTCGTCTGGGCGTCGTCG_009,169
CGCTCGTCTGGGCGTCGTCG_010,113
CGCTCGTCTGGGCGTCGTCG_011,88
CGCTCGTCTGGGCGTCGTCG_012,160
CGCTCGTCTGGGCGTCGTCG_013,82
CGCTCGTCTGGGCGTCGTCG_014,120
CGCTCGTCTGGGCGTCGTCG_015,147
CGCTCGTCTGGGCGTCGTCG_016,63
CGCTCGTCTGGGCGTCGTCG_017,199
CGCTCGTCTGGGCGTCGTCG_018,40
CGCTCGTCTGGGCGTCGTCG_019,165
CGCTCGTCTGGGCGTCGTCG_020,191
TGTGCCAACCGTGCCAGACA_001,15
TGTGCCAACCGTGCCAGACA_002,115
TGTGCCAACCGTGCCAGACA_003,177
TGTGCCAACCGTGCCAGACA_004,11
TGTGCCAACCGTGCCAGACA_005,139
TGTGCCAACCGTGCCAGACA_006,133
ACGGCGAAGACGACGAGCCG_001,159
ACGGCGAAGACGACGAGCCG_002,56
ACGGCGAAGACGACGAGCCG_003,174
ACGGCGAAGACGACGAGCCG_004,190
ACGGCGAAGACGACGAGCCG_005,78
ACGGCGAAGACGACGAGCCG_006,103
ACGGCGAAGACGACGAGCCG_007,113
ACGGCGAAGACGACGAGCCG_008,61
ACGGCGAAGACGACGAGCCG_009,43
ACGGCGAAGACGACGAGCCG_010,69
ACGGCGAAGACGACGAGCCG_011,113
ACGGCGAAGACGACGAGCCG_012,16
ACGGCGAAGACGACGAGCCG_013,77
ACGGCGAAGACGACGAGCCG_014,166
ACGGCGAAGACGACGAGCCG_015,56
ACGGCGAAGACGACGAGCCG_016,150
ACGGCGAAGACGACGAGCCG_017,81
AGCCTCTAACAGCTGGCGAA_001,150
AGCCTCTAACAGCTGGCGAA_002,51
AGCCTCTAACAGCTGGCGAA_003,56
AGCCTCTAACAGCTGGCGAA_004,85
AGCCTCTAACAGCTGGCGAA_005,134
AGCCTCTAACAGCTGGCGAA_006,145
AGCCTCTAACAGCTGGCGAA_007,176
AGCCTCTAACAGCTGGCGAA_008,168
AGCCTCTAACAGCTGGCGAA_009,81
AGCCTCTAACAGCTGGCGAA_010,110
AGCCTCTAACAGCTGGCGAA_011,160
AGTTGCCTTTACGGAGCAGG_001,72
AGTTGCCTTTACGGAGCAGG_002,93
AGTTGCCTTTACGGAGCAGG_003,123
AGTTGCCTTTACGGAGCAGG_004,11
AGTTGCCTTTACGGAGCAGG_005,145
AGTTGCCTTTACGGAGCAGG_006,92
AGTTGCCTTTACGGAGCAGG_007,134
AGTTGCCTTTACGGAGCAGG_008,67
AGTTGCCTTTACGGAGCAGG_009,157
AGTTGCCTTTACGGAGCAGG_010,44
AGTTGCCTTTACGGAGCAGG_011,169
AGTTGCCTTTACGGAGCAGG_012,170
AGTTGCCTTTACGGAGCAGG_013,35
AGTTGCCTTTACGGAGCAGG_014,8
AGTTGCCTTTACGGAGCAGG_015,120
AGTTGCCTTTACGGAGCAGG_016,170
AGTTGCCTTTACGGAGCAGG_017,114
AGTTGCCTTTACGGAGCAGG_018,90
AGTTGCCTTTACGGAGCAGG_019,1
AGTTGCCTTTACGGAGCAGG_020,147
AGTTGCCTTTACGGAGCAGG_021,105
AGTTGCCTTTACGGAGCAGG_022,199
AGTTGCCTTTACGGAGCAGG_023,168
AGTTGCCTTTACGGAGCAGG_024,90
AGTTGCCTTTACGGAGCAGG_025,22
AGTTGCCTTTACGGAGCAGG_026,136
ATGAGAAATGAGCCCATTGA_001,26
ATGAGAAATGAGCCCATTGA_002,37
ATGAGAAATGAGCCCATTGA_003,6
ATGAGAAATGAGCCCATTGA_004,192
ATGAGAAATGAGCCCATTGA_005,1
ATGAGAAATGAGCCCATTGA_006,70
GCCGCGAACACACTGAGTAG_001,77
GCCGCGAACACACTGAGTAG_002,184
GCCGCGAACACACTGAGTAG_003,172
GCCGCGAACACACTGAGTAG_004,47
GCCGCGAACACACTGAGTAG_005,155
GCCGCGAACACACTGAGTAG_006,117
GCCGCGAACACACTGAGTAG_007,163
GCCGCGAACACACTGAGTAG_008,75
GCCGCGAACACACTGAGTAG_009,147
GCCGCGAACACACTGAGTAG_010,144
GCCGCGAACACACTGAGTAG_011,60
GCTGCAAATTCAGCAACACC_001,115
GAGAGACTGCAAGCCCGGAG_001,82
GAGAGACTGCAAGCCCGGAG_002,68
GAGAGACTGCAAGCCCGGAG_003,88
GAGAGACTGCAAGCCCGGAG_004,76
GAGAGACTGCAAGCCCGGAG_005,125
GAGAGACTGCAAGCCCGGAG_006,111
GAGAGACTGCAAGCCCGGAG_007,170
GAGAGACTGCAAGCCCGGAG_008,64
GAGAGACTGCAAGCCCGGAG_009,111
GAGAGACTGCAAGCCCGGAG_010,35
GAGAGACTGCAAGCCCGGAG_011,144
GAGAGACTGCAAGCCCGGAG_012,93
GAGAGACTGCAAGCCCGGAG_013,93
GAGAGACTGCAAGCCCGGAG_014,146
GAGAGACTGCAAGCCCGGAG_015,107
GAGAGACTGCAAGCCCGGAG_016,18
GAGAGACTGCAAGCCCGGAG_017,182
GAGAGACTGCAAGCCCGGAG_018,88
GAGAGACTGCAAGCCCGGAG_019,88
GAGAGACTGCAAGCCCGGAG_020,122
GAGAGACTGCAAGCCCGGAG_021,122
GAGAGACTGCAAGCCCGGAG_022,160
GAGAGACTGCAAGCCCGGAG_023,55
GAGAGACTGCAAGCCCGGAG_024,16
GAGAGACTGCAAGCCCGGAG_025,130
GAGAGACTGCAAGCCCGGAG_026,62
GATGTACTACTCATGCAATG_001,169
GGACCATAGGGTGGAGAAAG_001,94
GGACCATAGGGTGGAGAAAG_002,171
GGACCATAGGGTGGAGAAAG_003,157
GGACCATAGGGTGGAGAAAG_004,191
GGACCATAGGGTGGAGAAAG_005,142
GGACCATAGGGTGGAGAAAG_006,69
GGACCATAGGGTGGAGAAAG_007,197
GGACCATAGGGTGGAGAAAG_008,147
GGACCATAGGGTGGAGAAAG_009,92
GGACCATAGGGTGGAGAAAG_010,126
GGACCATAGGGTGGAGAAAG_011,128
GGACCATAGGGTGGAGAAAG_012,151
GGACCATAGGGTGGAGAAAG_013,150
GGACCATAGGGTGGAGAAAG_014,98
GGACCATAGGGTGGAGAAAG_015,116
GGACCATAGGGTGGAGAAAG_016,84
GGACCATAGGGTGGAGAAAG_017,80
GGACCATAGGGTGGAGAAAG_018,6
GGACCATAGGGTGGAGAAAG_019,84
GGACCATAGGGTGGAGAAAG_020,147
GGACCATAGGGTGGAGAAAG_021,21
GGACCATAGGGTGGAGAAAG_022,198
GGACCATAGGGTGGAGAAAG_023,34
AATTTAAGGAACGTTGGCAA_001,154
AATTTAAGGAACGTTGGCAA_002,61
AATTTAAGGAACGTTGGCAA_003,17
AATTTAAGGAACGTTGGCAA_004,14
AATTTAAGGAACGTTGGCAA_005,11
AATTTAAGGAACGTTGGCAA_006,100
AATTTAAGGAACGTTGGCAA_007,168
AATTTAAGGAACGTTGGCAA_008,187
AATTTAAGGAACGTTGGCAA_009,104
AATTTAAGGAACGTTGGCAA_010,162
ACATCGACACATAAATGCCA_001,77
ACATCGACACATAAATGCCA_002,8
ACATCGACACATAAATGCCA_003,72
ACATCGACACATAAATGCCA_004,92
ACATCGACACATAAATGCCA_005,172
ACATCGACACATAAATGCCA_006,175
ACATCGACACATAAATGCCA_007,162
AGTCTGTAAGTCATTATCCA_001,89
AGTCTGTAAGTCATTATCCA_002,154
AGTCTGTAAGTCATTATCCA_003,195
AGTCTGTAAGTCATTATCCA_004,191
AGTCTGTAAGTCATTATCCA_005,78
AGTCTGTAAGTCATTATCCA_006,120
AGTCTGTAAGTCATTATCCA_007,48
CCCAGAGCCCCAGTTCTATG_001,114
CCCAGAGCCCCAGTTCTATG_002,60
CCCAGAGCCCCAGTTCTATG_003,126
CCCAGAGCCCCAGTTCTATG_004,1
CCCAGAGCCCCAGTTCTATG_005,76
CCCAGAGCCCCAGTTCTATG_006,70
CCCAGAGCCCCAGTTCTATG_007,144
CCCAGAGCCCCAGTTCTATG_008,175
CCCAGAGCCCCAGTTCTATG_009,67
CCCAGAGCCCCAGTTCTATG_010,191
CCCAGAGCCCCAGTTCTATG_011,34
CCCAGAGCCCCAGTTCTATG_012,65
CCCAGAGCCCCAGTTCTATG_013,145
CCCAGAGCCCCAGTTCTATG_014,50
CCCAGAGCCCCAGTTCTATG_015,63
CTTGTACGAAATAGAAGACA_001,191
CTTGTACGAAATAGAAGACA_002,162
CTTGTACGAAATAGAAGACA_003,43
GGCATTGTTAGACTTGGCCA_001,194
GGCATTGTTAGACTTGGCCA_002,15
GGCATTGTTAGACTTGGCCA_003,105
GGCATTGTTAGACTTGGCCA_004,127
GGCATTGTTAGACTTGGCCA_005,26
GGCATTGTTAGACTTGGCCA_006,50
GGCATTGTTAGACTTGGCCA_007,149
GGCATTGTTAGACTTGGCCA_008,169
GGCATTGTTAGACTTGGCCA_009,57
GGCATTGTTAGACTTGGCCA_010,62
GGCATTGTTAGACTTGGCCA_011,197
GGCATTGTTAGACTTGGCCA_012,140
GGCATTGTTAGACTTGGCCA_013,28
GGCATTGTTAGACTTGGCCA_014,196
GGCATTGTTAGACTTGGCCA_015,63
GGCATTGTTAGACTTGGCCA_016,165
GGCATTGTTAGACTTGGCCA_017,128
GGCATTGTTAGACTTGGCCA_018,178
GGCATTGTTAGACTTGGCCA_019,199
GGCATTGTTAGACTTGGCCA_020,81
GGCATTGTTAGACTTGGCCA_021,110
CGTGCTGCAGGGGGTCCTGC_001,38
CGTGCTGCAGGGGGTCCTGC_002,115
CGTGCTGCAGGGGGTCCTGC_003,192
CGTGCTGCAGGGGGTCCTGC_004,93
CGTGCTGCAGGGGGTCCTGC_005,104
CGTGCTGCAGGGGGTCCTGC_006,158
CGTGCTGCAGGGGGTCCTGC_007,58
CGTGCTGCAGGGGGTCCTGC_008,6
CTGTGAGCAAAGTAATTGAG_001,162
CCACCGAGAGGAACCCCACA_001,2
CCACCGAGAGGAACCCCACA_002,153
CCACCGAGAGGAACCCCACA_003,66
CCACCGAGAGGAACCCCACA_004,136
CCACCGAGAGGAACCCCACA_005,139
CCACCGAGAGGAACCCCACA_006,78
CCACCGAGAGGAACCCCACA_007,107
CCACCGAGAGGAACCCCACA_008,188
CCACCGAGAGGAACCCCACA_009,150
CCACCGAGAGGAACCCCACA_010,77
CCACCGAGAGGAACCCCACA_011,12
CCACCGAGAGGAACCCCACA_012,177
CCACCGAGAGGAACCCCACA_013,48
CCACCGAGAGGAACCCCACA_014,50
CCACCGAGAGGAACCCCACA_015,50
CCACCGAGAGGAACCCCACA_016,48
CCACCGAGAGGAACCCCACA_017,149
CCACCGAGAGGAACCCCACA_018,174
CCACCGAGAGGAACCCCACA_019,117
CCACCGAGAGGAACCCCACA_020,124
CCACCGAGAGGAACCCCACA_021,94
CCACCGAGAGGAACCCCACA_022,19
CCACCGAGAGGAACCCCACA_023,70
CCACCGAGAGGAACCCCACA_024,16
CCACCGAGAGGAACCCCACA_025,62
CCACCGAGAGGAACCCCACA_026,84
CCACCGAGAGGAACCCCACA_027,110
CCACCGAGAGGAACCCCACA_028,141
CCACCGAGAGGAACCCCACA_029,43
GAAGAGGCCATAGCAATGGG_001,42
GAAGAGGCCATAGCAATGGG_002,198
GAAGAGGCCATAGCAATGGG_003,137
GAAGAGGCCATAGCAATGGG_004,141
GAAGAGGCCATAGCAATGGG_005,105
GAAGAGGCCATAGCAATGGG_006,197
GAAGAGGCCATAGCAATGGG_007,49
GAAGAGGCCATAGCAATGGG_008,160
GAAGAGGCCATAGCAATGGG_009,113
GAAGAGGCCATAGCAATGGG_010,149
GAAGAGGCCATAGCAATGGG_011,121
GAAGAGGCCATAGCAATGGG_012,189
GAAGAGGCCATAGCAATGGG_013,75
GAAGAGGCCATAGCAATGGG_014,126
GAAGAGGCCATAGCAATGGG_015,87
GAAGAGGCCATAGCAATGGG_016,66
GAAGAGGCCATAGCAATGGG_017,126
GTTCGAAGGACAAGGACGTG_001,4
GTTCGAAGGACAAGGACGTG_002,31
GTTCGAAGGACAAGGACGTG_003,48
GTTCGAAGGACAAGGACGTG_004,9
GTTCGAAGGACAAGGACGTG_005,125
GTTCGAAGGACAAGGACGTG_006,83
GTTCGAAGGACAAGGACGTG_007,186
GTTCGAAGGACAAGGACGTG_008,44
GTTCGAAGGACAAGGACGTG_009,87
GTTCGAAGGACAAGGACGTG_010,46
GTTCGAAGGACAAGGACGTG_011,39
GGGCTGGTACCACTACGCGG_001,60
GGGCTGGTACCACTACGCGG_002,68
GGGCTGGTACCACTACGCGG_003,169
GGACATGACAGGTCCCCGGG_001,15
GGACATGACAGGTCCCCGGG_002,34
GGACATGACAGGTCCCCGGG_003,155
GGACATGACAGGTCCCCGGG_004,151
GGACATGACAGGTCCCCGGG_005,22
GGACATGACAGGTCCCCGGG_006,105
GGACATGACAGGTCCCCGGG_007,48
GGACATGACAGGTCCCCGGG_008,125
GGACATGACAGGTCCCCGGG_009,172
GGACATGACAGGTCCCCGGG_010,136
GGACATGACAGGTCCCCGGG_011,48
GGACATGACAGGTCCCCGGG_012,144
GGACATGACAGGTCCCCGGG_013,0
GGACATGACAGGTCCCCGGG_014,133
GTATGCTGACACAGACAAGT_001,36
GTATGCTGACACAGACAAGT_002,17
GTATGCTGACACAGACAAGT_003,191
GTATGCTGACACAGACAAGT_004,182
GTATGCTGACACAGACAAGT_005,102
GTATGCTGACACAGACAAGT_006,62
GTATGCTGACACAGACAAGT_007,13
GTATGCTGACACAGACAAGT_008,36
GTATGCTGACACAGACAAGT_009,29
TAAGCAAGTATACATGACTG_001,56
TAAGCAAGTATACATGACTG_002,101
TAAGCAAGTATACATGACTG_003,38
TAAGCAAGTATACATGACTG_004,65
TATCCATGGCCTCTAGATGG_001,191
TATCCATGGCCTCTAGATGG_002,78
GTCAATGCTGATCACGCACA_001,162
GTCAATGCTGATCACGCACA_002,125
GTCAATGCTGATCACGCACA_003,178
GTCAATGCTGATCACGCACA_004,10
GTCAATGCTGATCACGCACA_005,102
TCTTGCGTGAAATACCGGAT_001,119
TCTTGCGTGAAATACCGGAT_002,179
TCTTGCGTGAAATACCGGAT_003,22
TCTTGCGTGAAATACCGGAT_004,199
TCTTGCGTGAAATACCGGAT_005,101
TTGATCCACTGTTTACAGCG_001,122
TTGATCCACTGTTTACAGCG_002,38
TTGATCCACTGTTTACAGCG_003,84
TTGATCCACTGTTTACAGCG_004,90
TTGATCCACTGTTTACAGCG_005,67
TTGATCCACTGTTTACAGCG_006,75
TTGATCCACTGTTTACAGCG_007,151
TTGATCCACTGTTTACAGCG_008,144
AGCAGGGCTATAGAATGTCA_001,191
AGCAGGGCTATAGAATGTCA_002,151
AGCAGGGCTATAGAATGTCA_003,91
AGCAGGGCTATAGAATGTCA_004,199
AGCAGGGCTATAGAATGTCA_005,176
AGCAGGGCTATAGAATGTCA_006,98
AGCAGGGCTATAGAATGTCA_007,157
AGCAGGGCTATAGAATGTCA_008,20
AGCAGGGCTATAGAATGTCA_009,116
AGCAGGGCTATAGAATGTCA_010,107
AGCAGGGCTATAGAATGTCA_011,166
AAAAAGTGATTAAGTTTCTG_001,169
AAAAAGTGATTAAGTTTCTG_002,198
AAAAAGTGATTAAGTTTCTG_003,15
AAAAAGTGATTAAGTTTCTG_004,172
AAAAAGTGATTAAGTTTCTG_005,147
AAAAAGTGATTAAGTTTCTG_006,35
AAAAAGTGATTAAGTTTCTG_007,99
AAAAAGTGATTAAGTTTCTG_008,52
AAAAAGTGATTAAGTTTCTG_009,36
ACTTGCTGAGTCGCACACAC_001,17
ACTTGCTGAGTCGCACACAC_002,5
ACTTGCTGAGTCGCACACAC_003,42
ACTTGCTGAGTCGCACACAC_004,70
ACTTGCTGAGTCGCACACAC_005,70
ACTTGCTGAGTCGCACACAC_006,19
ACTTGCTGAGTCGCACACAC_007,130
ACTTGCTGAGTCGCACACAC_008,94
ACTTGCTGAGTCGCACACAC_009,160
ACTTGCTGAGTCGCACACAC_010,140
ACTTGCTGAGTCGCACACAC_011,145
ACTTGCTGAGTCGCACACAC_012,177
ACTTGCTGAGTCGCACACAC_013,158
ACTTGCTGAGTCGCACACAC_014,171
ACTTGCTGAGTCGCACACAC_015,150
ACTTGCTGAGTCGCACACAC_016,121
ACTTGCTGAGTCGCACACAC_017,159
ACTTGCTGAGTCGCACACAC_018,195
ACTTGCTGAGTCGCACACAC_019,22
ACTTGCTGAGTCGCACACAC_020,140
ACTTGCTGAGTCGCACACAC_021,98
ACTTGCTGAGTCGCACACAC_022,158
ACTTGCTGAGTCGCACACAC_023,15
ACTTGCTGAGTCGCACACAC_024,145
ACTTGCTGAGTCGCACACAC_025,115
ACTTGCTGAGTCGCACACAC_026,140
ACTTGCTGAGTCGCACACAC_027,127
ACTTGCTGAGTCGCACACAC_028,55
ACTTGCTGAGTCGCACACAC_029,9
ACTTGCTGAGTCGCACACAC_030,118
AATCACAAATGTCCCATGCA_001,72
AATCACAAATGTCCCATGCA_002,94
AATCACAAATGTCCCATGCA_003,20
AATCACAAATGTCCCATGCA_004,58
AATCACAAATGTCCCATGCA_005,97
AATCACAAATGTCCCATGCA_006,88
AATCACAAATGTCCCATGCA_007,168
AATCACAAATGTCCCATGCA_008,188
AATCACAAATGTCCCATGCA_009,137
AATCACAAATGTCCCATGCA_010,149
CGCGACGTGGACGCTGTCGC_001,48
CGCGACGTGGACGCTGTCGC_002,176
CGCGACGTGGACGCTGTCGC_003,32
CGCGACGTGGACGCTGTCGC_004,76
CGCGACGTGGACGCTGTCGC_005,145
CGCGACGTGGACGCTGTCGC_006,187
CGCGACGTGGACGCTGTCGC_007,9
CGCGACGTGGACGCTGTCGC_008,115
CGCGACGTGGACGCTGTCGC_009,32
CGCGACGTGGACGCTGTCGC_010,156
CGCGACGTGGACGCTGTCGC_011,28
ACCATCTGGATTCACCCGAT_001,73
ACCATCTGGATTCACCCGAT_002,48
ACCATCTGGATTCACCCGAT_003,160
ACCATCTGGATTCACCCGAT_004,191
ACCATCTGGATTCACCCGAT_005,18
ACCATCTGGATTCACCCGAT_006,93
ACCATCTGGATTCACCCGAT_007,82
ACCATCTGGATTCACCCGAT_008,150
ACCATCTGGATTCACCCGAT_009,119
ACCATCTGGATTCACCCGAT_010,15
ACCATCTGGATTCACCCGAT_011,170
ACCATCTGGATTCACCCGAT_012,7
ACCATCTGGATTCACCCGAT_013,186
ACCATCTGGATTCACCCGAT_014,67
ACCATCTGGATTCACCCGAT_015,91
ACCATCTGGATTCACCCGAT_016,172
ACCATCTGGATTCACCCGAT_017,142
ACCATCTGGATTCACCCGAT_018,88
ACCATCTGGATTCACCCGAT_019,49
ACCATCTGGATTCACCCGAT_020,168
TGGCTGGTGATCATGCGCTG_001,119
TGGCTGGTGATCATGCGCTG_002,160
TGGCTGGTGATCATGCGCTG_003,189
TGGCTGGTGATCATGCGCTG_004,16
TGGCTGGTGATCATGCGCTG_005,27
TGGCTGGTGATCATGCGCTG_006,1
TGGCTGGTGATCATGCGCTG_007,158
TGGCTGGTGATCATGCGCTG_008,28
TGGCTGGTGATCATGCGCTG_009,199
TGGCTGGTGATCATGCGCTG_010,111
TGGCTGGTGATCATGCGCTG_011,160
TGGCTGGTGATCATGCGCTG_012,107
TGGCTGGTGATCATGCGCTG_013,145
TGGCTGGTGATCATGCGCTG_014,158
TGGCTGGTGATCATGCGCTG_015,188
TGGCTGGTGATCATGCGCTG_016,58
TGGCTGGTGATCATGCGCTG_017,30
TGGCTGGTGATCATGCGCTG_018,146
ATCACCAGGATGGACTGCGA_001,161
ATCACCAGGATGGACTGCGA_002,73
ATCACCAGGATGGACTGCGA_003,67
ATCACCAGGATGGACTGCGA_004,150
ATCACCAGGATGGACTGCGA_005,56
ATCACCAGGATGGACTGCGA_006,38
ATCACCAGGATGGACTGCGA_007,175
ATCACCAGGATGGACTGCGA_008,125
ATCACCAGGATGGACTGCGA_009,78
ATCACCAGGATGGACTGCGA_010,2
ATCACCAGGATGGACTGCGA_011,108
ATCACCAGGATGGACTGCGA_012,93
ATCACCAGGATGGACTGCGA_013,21
ATCACCAGGATGGACTGCGA_014,38
ATCACCAGGATGGACTGCGA_015,82
ATCACCAGGATGGACTGCGA_016,110
ATCACCAGGATGGACTGCGA_017,141
ATCACCAGGATGGACTGCGA_018,86
ATCACCAGGATGGACTGCGA_019,123
ATCACCAGGATGGACTGCGA_020,72
ATCACCAGGATGGACTGCGA_021,98
ATCACCAGGATGGACTGCGA_022,46
ATCACCAGGATGGACTGCGA_023,17
ATCACCAGGATGGACTGCGA_024,69
ATCACCAGGATGGACTGCGA_025,58
ATCACCAGGATGGACTGCGA_026,145
ATCACCAGGATGGACTGCGA_027,77
ATCACCAGGATGGACTGCGA_028,104
ATCACCAGGATGGACTGCGA_029,47
ATCACCAGGATGGACTGCGA_030,91
ATCACCAGGATGGACTGCGA_031,187
ATCACCAGGATGGACTGCGA_032,175
ATCACCAGGATGGACTGCGA_033,41
ATCACCAGGATGGACTGCGA_034,28
ATCACCAGGATGGACTGCGA_035,3
ATCACCAGGATGGACTGCGA_036,81
ATCACCAGGATGGACTGCGA_037,8
ATCACCAGGATGGACTGCGA_038,24
ATCACCAGGATGGACTGCGA_039,182
ATCACCAGGATGGACTGCGA_040,49
ATCACCAGGATGGACTGCGA_041,114
ATCACCAGGATGGACTGCGA_042,114
ATCACCAGGATGGACTGCGA_043,199
ATCACCAGGATGGACTGCGA_044,81
ATCACCAGGATGGACTGCGA_045,6
ATCACCAGGATGGACTGCGA_046,126
ATCACCAGGATGGACTGCGA_047,115
ATCACCAGGATGGACTGCGA_048,63
ATCACCAGGATGGACTGCGA_049,90
ATCACCAGGATGGACTGCGA_050,40
ATCACCAGGATGGACTGCGA_051,13
AATGGTCAGATTGATGTACC_001,2
AATGGTCAGATTGATGTACC_002,61
AATGGTCAGATTGATGTACC_003,121
AATGGTCAGATTGATGTACC_004,82
AATGGTCAGATTGATGTACC_005,156
AATGGTCAGATTGATGTACC_006,10
GATGAGCAATGGCAACAAAG_001,49
GATGAGCAATGGCAACAAAG_002,23
GATGAGCAATGGCAACAAAG_003,93
GATGAGCAATGGCAACAAAG_004,120
GATGAGCAATGGCAACAAAG_005,98
GATGAGCAATGGCAACAAAG_006,23
GATGAGCAATGGCAACAAAG_007,144
GATGAGCAATGGCAACAAAG_008,178
GGCCAAGCACGCGCGCATGG_001,134
GGCCAAGCACGCGCGCATGG_002,103
GGCCAAGCACGCGCGCATGG_003,183
GGCCAAGCACGCGCGCATGG_004,169
GGCCAAGCACGCGCGCATGG_005,19
GGCCAAGCACGCGCGCATGG_006,28
GGCCAAGCACGCGCGCATGG_007,18
GGCCAAGCACGCGCGCATGG_008,61
GGCCAAGCACGCGCGCATGG_009,167
GGCCAAGCACGCGCGCATGG_010,192
GGCCAAGCACGCGCGCATGG_011,75
GGCCAAGCACGCGCGCATGG_012,10
GGCCAAGCACGCGCGCATGG_013,78
GGCCAAGCACGCGCGCATGG_014,77
GGCCAAGCACGCGCGCATGG_015,137
GGCCAAGCACGCGCGCATGG_016,91
GGCCAAGCACGCGCGCATGG_017,8
GGCCAAGCACGCGCGCATGG_018,137
GGCCAAGCACGCGCGCATGG_019,76
GGCCAAGCACGCGCGCATGG_020,124
GGCCAAGCACGCGCGCATGG_021,29
GGGCCAGTGCGATGTCGTGG_001,75
AGCAATACTGTTGACCAGAA_001,130
AGCAATACTGTTGACCAGAA_002,149
AGCAATACTGTTGACCAGAA_003,34
AGCAATACTGTTGACCAGAA_004,63
AGCAATACTGTTGACCAGAA_005,116
AGCAATACTGTTGACCAGAA_006,34
AGCAATACTGTTGACCAGAA_007,55
AGCAATACTGTTGACCAGAA_008,55
AGCAATACTGTTGACCAGAA_009,175
AGCAATACTGTTGACCAGAA_010,2
AGCAATACTGTTGACCAGAA_011,138
AGCAATACTGTTGACCAGAA_012,42
AGCAATACTGTTGACCAGAA_013,177
AGCAATACTGTTGACCAGAA_014,145
AGCAATACTGTTGACCAGAA_015,94
AGCAATACTGTTGACCAGAA_016,111
TGTGAAAATCAAGGTTAACC_001,64
TGTGAAAATCAAGGTTAACC_002,48
TGTGAAAATCAAGGTTAACC_003,40
GCTGGACCGGAGGCCTCATG_001,170
GCTGGACCGGAGGCCTCATG_002,149
GCTGGACCGGAGGCCTCATG_003,106
GCTGGACCGGAGGCCTCATG_004,190
GCTGGACCGGAGGCCTCATG_005,61
GCTGGACCGGAGGCCTCATG_006,18
GCTGGACCGGAGGCCTCATG_007,42
GCTGGACCGGAGGCCTCATG_008,177
GCTGGACCGGAGGCCTCATG_009,29
GCTGGACCGGAGGCCTCATG_010,38
GCTGGACCGGAGGCCTCATG_011,150
GCTGGACCGGAGGCCTCATG_012,83
GCTGGACCGGAGGCCTCATG_013,63
GCTGGACCGGAGGCCTCATG_014,106
GCTGGACCGGAGGCCTCATG_015,60
GCTGGACCGGAGGCCTCATG_016,29
GCTGGACCGGAGGCCTCATG_017,81
GCTGGACCGGAGGCCTCATG_018,184
GCTGGACCGGAGGCCTCATG_019,110
GCTGGACCGGAGGCCTCATG_020,149
GCTGGACCGGAGGCCTCATG_021,53
GCTGGACCGGAGGCCTCATG_022,154
GCTGGACCGGAGGCCTCATG_023,29
GCTGGACCGGAGGCCTCATG_024,62
GCTGGACCGGAGGCCTCATG_025,118
GCTGGACCGGAGGCCTCATG_026,111
GCTGGACCGGAGGCCTCATG_027,22
GCTGGACCGGAGGCCTCATG_028,188
GCTGGACCGGAGGCCTCATG_029,193
AGCTACGTGAAGATTGGCGA_001,62
AGCTACGTGAAGATTGGCGA_002,19
AGCTACGTGAAGATTGGCGA_003,55
CAAATCCCCAGGTCTACTCG_001,27
CAAATCCCCAGGTCTACTCG_002,24
CAAATCCCCAGGTCTACTCG_003,130
CAAATCCCCAGGTCTACTCG_004,50
CAAATCCCCAGGTCTACTCG_005,53
CAAATCCCCAGGTCTACTCG_006,25
CAAATCCCCAGGTCTACTCG_007,198
GTAAAACCAGGATAGGTCTG_001,46
GTAAAACCAGGATAGGTCTG_002,157
GTAAAACCAGGATAGGTCTG_003,94
GTAAAACCAGGATAGGTCTG_004,186
GTAAAACCAGGATAGGTCTG_005,175
GTAAAACCAGGATAGGTCTG_006,175
GTAAAACCAGGATAGGTCTG_007,30
GTAAAACCAGGATAGGTCTG_008,48
GTAAAACCAGGATAGGTCTG_009,119
GTAAAACCAGGATAGGTCTG_010,124
TATGGCTCCCCGTGCGCGCG_001,199
TATGGCTCCCCGTGCGCGCG_002,102
TATGGCTCCCCGTGCGCGCG_003,115
TATGGCTCCCCGTGCGCGCG_004,182
TATGGCTCCCCGTGCGCGCG_005,112
TATGGCTCCCCGTGCGCGCG_006,95
TATGGCTCCCCGTGCGCGCG_007,150
TATGGCTCCCCGTGCGCGCG_008,150
TATGGCTCCCCGTGCGCGCG_009,1
TATGGCTCCCCGTGCGCGCG_010,101
TATGGCTCCCCGTGCGCGCG_011,115
TATGGCTCCCCGTGCGCGCG_012,28
TATGGCTCCCCGTGCGCGCG_013,94
TATGGCTCCCCGTGCGCGCG_014,138
TATGGCTCCCCGTGCGCGCG_015,137
TATGGCTCCCCGTGCGCGCG_016,10
TATGGCTCCCCGTGCGCGCG_017,155
TATGGCTCCCCGTGCGCGCG_018,166
TATGGCTCCCCGTGCGCGCG_019,168
TCATGACTGGACATTGAAGG_001,133
TCATGACTGGACATTGAAGG_002,119
TCATGACTGGACATTGAAGG_003,81
TCATGACTGGACATTGAAGG_004,28
TCATGACTGGACATTGAAGG_005,82
TCATGACTGGACATTGAAGG_006,142
TCTTGCAATTCTACAAGACG_001,88
TAATAGATTGGTTAACCACA_001,192
TAATAGATTGGTTAACCACA_002,183
TAATAGATTGGTTAACCACA_003,148
CATCACGCGAGTGCTCTATG_001,60
CATCACGCGAGTGCTCTATG_002,30
CATCACGCGAGTGCTCTATG_003,184
CATCACGCGAGTGCTCTATG_004,10
CATCACGCGAGTGCTCTATG_005,50
CATCACGCGAGTGCTCTATG_006,149
GAGAGCAGTAGGTAGCGAAG_001,45
GAGAGCAGTAGGTAGCGAAG_002,75
GAGAGCAGTAGGTAGCGAAG_003,157
GTTCGACTCGAACTCCACAA_001,98
GTTCGACTCGAACTCCACAA_002,19
GTTCGACTCGAACTCCACAA_003,118
GTTCGACTCGAACTCCACAA_004,142
GTTCGACTCGAACTCCACAA_005,52
GTTCGACTCGAACTCCACAA_006,56
GAAGACTTCAAATTGCAACA_001,111
GAAGACTTCAAATTGCAACA_002,178
GAAGACTTCAAATTGCAACA_003,64
GAAGACTTCAAATTGCAACA_004,29
GAAGACTTCAAATTGCAACA_005,177
GAAGACTTCAAATTGCAACA_006,81
GAAGACTTCAAATTGCAACA_007,172
GAAGACTTCAAATTGCAACA_008,17
GAAGACTTCAAATTGCAACA_009,29
GAAGACTTCAAATTGCAACA_010,127
GCCATGGAGTACTGCCAAGG_001,118
GCCATGGAGTACTGCCAAGG_002,123
GCCATGGAGTACTGCCAAGG_003,146
GCCATGGAGTACTGCCAAGG_004,197
GCCATGGAGTACTGCCAAGG_005,167
GCCATGGAGTACTGCCAAGG_006,176
GCCATGGAGTACTGCCAAGG_007,34
GGCCGAGCGGTACTTGGCCG_001,80
ACGAGGATGTAGAGCGACAG_001,94
ACGAGGATGTAGAGCGACAG_002,29
ACGAGGATGTAGAGCGACAG_003,171
ACGAGGATGTAGAGCGACAG_004,78
ACGAGGATGTAGAGCGACAG_005,17
ACGAGGATGTAGAGCGACAG_006,145
ACGAGGATGTAGAGCGACAG_007,81
ACGAGGATGTAGAGCGACAG_008,68
ACGAGGATGTAGAGCGACAG_009,76
ACGAGGATGTAGAGCGACAG_010,50
ACGAGGATGTAGAGCGACAG_011,144
ACGAGGATGTAGAGCGACAG_012,34
ACGAGGATGTAGAGCGACAG_013,105
ACGAGGATGTAGAGCGACAG_014,2
ACGAGGATGTAGAGCGACAG_015,135
ACGAGGATGTAGAGCGACAG_016,184
ACGAGGATGTAGAGCGACAG_017,106
ACGAGGATGTAGAGCGACAG_018,61
ACGAGGATGTAGAGCGACAG_019,34
ACGAGGATGTAGAGCGACAG_020,166
TTCCGCAGACTGGGCTATGG_001,90
TTCCGCAGACTGGGCTATGG_002,145
TTCCGCAGACTGGGCTATGG_003,74
TTCCGCAGACTGGGCTATGG_004,62
AAGGCTATGTCCCAGAACAC_001,94
AAGGCTATGTCCCAGAACAC_002,149
AAGGCTATGTCCCAGAACAC_003,94
AAGGCTATGTCCCAGAACAC_004,51
AAGGCTATGTCCCAGAACAC_005,199
AAGGCTATGTCCCAGAACAC_006,28
AAGGCTATGTCCCAGAACAC_007,97
AAGGCTATGTCCCAGAACAC_008,183
AAGGCTATGTCCCAGAACAC_009,118
AAGGCTATGTCCCAGAACAC_010,91
AAGGCTATGTCCCAGAACAC_011,104
AAGGCTATGTCCCAGAACAC_012,6
AATTACCTGTACTTGCGAGG_001,166
AATTACCTGTACTTGCGAGG_002,42
AATTACCTGTACTTGCGAGG_003,49
AATTACCTGTACTTGCGAGG_004,185
AATTACCTGTACTTGCGAGG_005,5
AATTACCTGTACTTGCGAGG_006,166
AATTACCTGTACTTGCGAGG_007,142
AATTACCTGTACTTGCGAGG_008,159
AATTACCTGTACTTGCGAGG_009,159
AATTACCTGTACTTGCGAGG_010,157
AATTACCTGTACTTGCGAGG_011,168
CTTGTGGCGCTGAAAACGAA_001,160
CTTGTGGCGCTGAAAACGAA_002,183
CTTGTGGCGCTGAAAACGAA_003,147
CTTGTGGCGCTGAAAACGAA_004,49
CTTGTGGCGCTGAAAACGAA_005,133
GACTGAGTATAAGATCACGG_001,42
GACTGAGTATAAGATCACGG_002,77
GACTGAGTATAAGATCACGG_003,113
GACTGAGTATAAGATCACGG_004,190
GACTGAGTATAAGATCACGG_005,190
GACTGAGTATAAGATCACGG_006,21
GACTGAGTATAAGATCACGG_007,188
GACTGAGTATAAGATCACGG_008,105
GATCAGCAGAAACATGTAGG_001,102
GATCAGCAGAAACATGTAGG_002,186
GATCAGCAGAAACATGTAGG_003,80
GATCAGCAGAAACATGTAGG_004,88
GATCAGCAGAAACATGTAGG_005,115
ACAAAAGCCCCATAGTGGAG_001,68
ACAAAAGCCCCATAGTGGAG_002,10
ACAAAAGCCCCATAGTGGAG_003,3
ACTGGAACGAGAACTACGGG_001,87
ACTGGAACGAGAACTACGGG_002,76
ACTGGAACGAGAACTACGGG_003,169
ACTGGAACGAGAACTACGGG_004,69
ACTGGAACGAGAACTACGGG_005,167
ACTGGAACGAGAACTACGGG_006,127
ACTGGAACGAGAACTACGGG_007,70
ACTGGAACGAGAACTACGGG_008,43
ACTGGAACGAGAACTACGGG_009,19
ACTGGAACGAGAACTACGGG_010,153
ACTGGAACGAGAACTACGGG_011,196
ACTGGAACGAGAACTACGGG_012,178
ACTGGAACGAGAACTACGGG_013,151
ACTGGAACGAGAACTACGGG_014,58
ACTGGAACGAGAACTACGGG_015,89
ACTGGAACGAGAACTACGGG_016,88
ACTGGAACGAGAACTACGGG_017,56
ACTGGAACGAGAACTACGGG_018,159
ACTGGAACGAGAACTACGGG_019,170
ACTGGAACGAGAACTACGGG_020,163
ACTGGAACGAGAACTACGGG_021,173
ACTGGAACGAGAACTACGGG_022,177
ACTGGAACGAGAACTACGGG_023,58
ACTGGAACGAGAACTACGGG_024,112
ACTGGAACGAGAACTACGGG_025,38
ACTGGAACGAGAACTACGGG_026,186
ACTGGAACGAGAACTACGGG_027,168
ACTGGAACGAGAACTACGGG_028,185
ACTGGAACGAGAACTACGGG_029,194
ACTGGAACGAGAACTACGGG_030,152
ACTGGAACGAGAACTACGGG_031,174
ACTGGAACGAGAACTACGGG_032,142
ACTGGAACGAGAACTACGGG_033,17
ACTGGAACGAGAACTACGGG_034,126
ACTGGAACGAGAACTACGGG_035,66
ACTGGAACGAGAACTACGGG_036,159
AAAATCTTCGAAATGCTTGA_001,35
CAGGTGATATTCAGACCACA_001,117
CAGGTGATATTCAGACCACA_002,42
CAGGTGATATTCAGACCACA_003,193
CAGGTGATATTCAGACCACA_004,172
CAGGTGATATTCAGACCACA_005,150
CAGGTGATATTCAGACCACA_006,38
CAGGTGATATTCAGACCACA_007,127
CAGGTGATATTCAGACCACA_008,70
CCCAACCTCCTGTATCACAC_001,84
CCCAACCTCCTGTATCACAC_002,4
CCCAACCTCCTGTATCACAC_003,12
CCCAACCTCCTGTATCACAC_004,182
CCCAACCTCCTGTATCACAC_005,118
CCCAACCTCCTGTATCACAC_006,76
CCCAACCTCCTGTATCACAC_007,192
CCTGGCCTGTCTGACATCGG_001,150
CCTGGCCTGTCTGACATCGG_002,89
CCTGGCCTGTCTGACATCGG_003,189
CCTGGCCTGTCTGACATCGG_004,56
GGTTATCACGAGCGACAAGG_001,7
GGTTATCACGAGCGACAAGG_002,49
GGTTATCACGAGCGACAAGG_003,62
GGTTATCACGAGCGACAAGG_004,100
GAGAATCAAATGCCTGAGCC_001,107
GAGAATCAAATGCCTGAGCC_002,147
GAGAATCAAATGCCTGAGCC_003,169
GAGAATCAAATGCCTGAGCC_004,145
GAGAATCAAATGCCTGAGCC_005,19
GAGAATCAAATGCCTGAGCC_006,156
GAGAATCAAATGCCTGAGCC_007,100
GAGAATCAAATGCCTGAGCC_008,185
GAGAATCAAATGCCTGAGCC_009,166
GAGCTCCACGAGTCCTACTG_001,53
GAGCTCCACGAGTCCTACTG_002,158
GAGCTCCACGAGTCCTACTG_003,70
GAGCTCCACGAGTCCTACTG_004,130
GAGCTCCACGAGTCCTACTG_005,27
GAGCTCCACGAGTCCTACTG_006,152
GAGCTCCACGAGTCCTACTG_007,75
GAGCTCCACGAGTCCTACTG_008,32
GAGCTCCACGAGTCCTACTG_009,92
GAGCTCCACGAGTCCTACTG_010,149
GAGCTCCACGAGTCCTACTG_011,102
GAGCTCCACGAGTCCTACTG_012,104
GAGCTCCACGAGTCCTACTG_013,49
GAGCTCCACGAGTCCTACTG_014,49
GAGCTCCACGAGTCCTACTG_015,115
GAGCTCCACGAGTCCTACTG_016,166
GAGCTCCACGAGTCCTACTG_017,19
GAGCTCCACGAGTCCTACTG_018,126
GAGCTCCACGAGTCCTACTG_019,166
CCTGCAGGTATGACGCTGGG_001,83
CCTGCAGGTATGACGCTGGG_002,10
AGTGTAGGCTACCCTTATGG_001,142
AGTGTAGGCTACCCTTATGG_002,169
AGTGTAGGCTACCCTTATGG_003,70
AGTGTAGGCTACCCTTATGG_004,149
AGTGTAGGCTACCCTTATGG_005,2
AGTGTAGGCTACCCTTATGG_006,184
AGTGTAGGCTACCCTTATGG_007,63
CTTTGAACAAAGGCTAAACC_001,0
CTTTGAACAAAGGCTAAACC_002,61
CTTTGAACAAAGGCTAAACC_003,75
CTTTGAACAAAGGCTAAACC_004,108
CTTTGAACAAAGGCTAAACC_005,36
GGAGAAGAAGTCCACGCCGA_001,94
GGAGAAGAAGTCCACGCCGA_002,187
GGAGAAGAAGTCCACGCCGA_003,19
GGAGAAGAAGTCCACGCCGA_004,145
GGAGAAGAAGTCCACGCCGA_005,177
GGAGAAGAAGTCCACGCCGA_006,175
GGAGAAGAAGTCCACGCCGA_007,113
GGAGAAGAAGTCCACGCCGA_008,113
GGAGAAGAAGTCCACGCCGA_009,82
GGAGAAGAAGTCCACGCCGA_010,24
GGAGAAGAAGTCCACGCCGA_011,166
GGAGAAGAAGTCCACGCCGA_012,162
GGAGAAGAAGTCCACGCCGA_013,168
GGAGAAGAAGTCCACGCCGA_014,63
GTGGTACTTGGACTACCCGG_001,174
GTGGTACTTGGACTACCCGG_002,119
GTGGTACTTGGACTACCCGG_003,119
AGATATATGGTAACGCACAG_001,114
AGATATATGGTAACGCACAG_002,84
AGATATATGGTAACGCACAG_003,49
AGATATATGGTAACGCACAG_004,9
AGATATATGGTAACGCACAG_005,179
AGATATATGGTAACGCACAG_006,50
AGATATATGGTAACGCACAG_007,162
AGATATATGGTAACGCACAG_008,168
AGATATATGGTAACGCACAG_009,45
AGATATATGGTAACGCACAG_010,87
AGATATATGGTAACGCACAG_011,58
AGATATATGGTAACGCACAG_012,108
TATCCTGGCATGGTGGAGGT_001,130
TATCCTGGCATGGTGGAGGT_002,50
TATCCTGGCATGGTGGAGGT_003,157
TATCCTGGCATGGTGGAGGT_004,94
TATCCTGGCATGGTGGAGGT_005,180
TATCCTGGCATGGTGGAGGT_006,55
TATCCTGGCATGGTGGAGGT_007,169
TATCCTGGCATGGTGGAGGT_008,104
TATCCTGGCATGGTGGAGGT_009,96
TATCCTGGCATGGTGGAGGT_010,34
TATCCTGGCATGGTGGAGGT_011,137
TATCCTGGCATGGTGGAGGT_012,6
TATCCTGGCATGGTGGAGGT_013,103
TATCCTGGCATGGTGGAGGT_014,17
TATCCTGGCATGGTGGAGGT_015,11
TCAACATCAACCAAAAAAGG_001,87
TCAACATCAACCAAAAAAGG_002,175
GGCATTGGCTAAATGTCCTG_001,189
GGCATTGGCTAAATGTCCTG_002,8
GGCATTGGCTAAATGTCCTG_003,10
GGCATTGGCTAAATGTCCTG_004,101
TTCGCTAAGTTGCTGTATGT_001,57
TTCGCTAAGTTGCTGTATGT_002,108
TTCGCTAAGTTGCTGTATGT_003,41
TTCGCTAAGTTGCTGTATGT_004,84
TTCGCTAAGTTGCTGTATGT_005,14
TTCGCTAAGTTGCTGTATGT_006,58
TTCGCTAAGTTGCTGTATGT_007,191
TTCGCTAAGTTGCTGTATGT_008,199
TTCGCTAAGTTGCTGTATGT_009,50
TTCGCTAAGTTGCTGTATGT_010,130
TTCGCTAAGTTGCTGTATGT_011,113
TTCGCTAAGTTGCTGTATGT_012,159
TTCGCTAAGTTGCTGTATGT_013,111
TTCGCTAAGTTGCTGTATGT_014,199
TTCGCTAAGTTGCTGTATGT_015,34
TTCGCTAAGTTGCTGTATGT_016,75
CTGCCTGGAAGAATGTCTAA_001,175
CTGCCTGGAAGAATGTCTAA_002,144
CTGCCTGGAAGAATGTCTAA_003,127
CTGCCTGGAAGAATGTCTAA_004,172
CTGCCTGGAAGAATGTCTAA_005,4
CTGCCTGGAAGAATGTCTAA_006,145
GCTCGAGTACCGCCACCGAG_001,112
GCTCGAGTACCGCCACCGAG_002,145
GCTCGAGTACCGCCACCGAG_003,147
GCTCGAGTACCGCCACCGAG_004,120
GCTCGAGTACCGCCACCGAG_005,70
GCTCGAGTACCGCCACCGAG_006,134
GCTCGAGTACCGCCACCGAG_007,188
GCTCGAGTACCGCCACCGAG_008,188
GCTCGAGTACCGCCACCGAG_009,103
GCTCGAGTACCGCCACCGAG_010,162
GCTCGAGTACCGCCACCGAG_011,16
GCTCGAGTACCGCCACCGAG_012,192
GCTCGAGTACCGCCACCGAG_013,150
GCTCGAGTACCGCCACCGAG_014,108
GCTCGAGTACCGCCACCGAG_015,126
GCTCGAGTACCGCCACCGAG_016,4
GCTCGAGTACCGCCACCGAG_017,4
GCTCGAGTACCGCCACCGAG_018,57
GCTCGAGTACCGCCACCGAG_019,28
AGCAATGAGCTCATCAACAG_001,32
AGCAATGAGCTCATCAACAG_002,147
AGCAATGAGCTCATCAACAG_003,198
AGCAATGAGCTCATCAACAG_004,12
AGCAATGAGCTCATCAACAG_005,185
AGCAATGAGCTCATCAACAG_006,94
AGCAATGAGCTCATCAACAG_007,15
AGCAATGAGCTCATCAACAG_008,31
AGCAATGAGCTCATCAACAG_009,67
AGCAATGAGCTCATCAACAG_010,170
AGCAATGAGCTCATCAACAG_011,148
AGCAATGAGCTCATCAACAG_012,34
AGCAATGAGCTCATCAACAG_013,104
TGATCATGATAGATATCCCG_001,107
TGATCATGATAGATATCCCG_002,162
GGAGGCCGGTAGTCTCCGTA_001,169
GGAGGCCGGTAGTCTCCGTA_002,199
GGAGGCCGGTAGTCTCCGTA_003,162
GGAGGCCGGTAGTCTCCGTA_004,107
GGAGGCCGGTAGTCTCCGTA_005,155
GGAGGCCGGTAGTCTCCGTA_006,35
GGAGGCCGGTAGTCTCCGTA_007,125
GGAGGCCGGTAGTCTCCGTA_008,196
CTTTGGATGAATCGACTCTG_001,131
CTTTGGATGAATCGACTCTG_002,49
CTTTGGATGAATCGACTCTG_003,121
CTTTGGATGAATCGACTCTG_004,40
CTTTGGATGAATCGACTCTG_005,108
CTTTGGATGAATCGACTCTG_006,148
CTTTGGATGAATCGACTCTG_007,23
CTTTGGATGAATCGACTCTG_008,56
CTTTGGATGAATCGACTCTG_009,63
CTTTGGATGAATCGACTCTG_010,87
CGCCATCCTGGTCGAAGGCG_001,188
CGCCATCCTGGTCGAAGGCG_002,163
CGCCATCCTGGTCGAAGGCG_003,105
CGCCATCCTGGTCGAAGGCG_004,56
CGCCATCCTGGTCGAAGGCG_005,4
AGCTTTGTATACGCTGCCAT_001,2
AGCTTTGTATACGCTGCCAT_002,195
AGCTTTGTATACGCTGCCAT_003,94
AGCTTTGTATACGCTGCCAT_004,57
AGCTTTGTATACGCTGCCAT_005,59
AGCTTTGTATACGCTGCCAT_006,158
AGCTTTGTATACGCTGCCAT_007,79
AGCTTTGTATACGCTGCCAT_008,122
CCAACGGCTAAACCTCCACC_001,59
ACAGCCTTCCGTGTAGTGGA_001,178
ACAGCCTTCCGTGTAGTGGA_002,10
ACAGCCTTCCGTGTAGTGGA_003,195
ACAGCCTTCCGTGTAGTGGA_004,184
ACAGCCTTCCGTGTAGTGGA_005,133
ACAGCCTTCCGTGTAGTGGA_006,153
ACAGCCTTCCGTGTAGTGGA_007,51
ACAGCCTTCCGTGTAGTGGA_008,85
ACAGCCTTCCGTGTAGTGGA_009,144
ACAGCCTTCCGTGTAGTGGA_010,116
ACAGCCTTCCGTGTAGTGGA_011,122
ACAGCCTTCCGTGTAGTGGA_012,145
ACAGCCTTCCGTGTAGTGGA_013,49
ACAGCCTTCCGTGTAGTGGA_014,4
AGGGGCAGCACCTTCCACCA_001,172
AGGGGCAGCACCTTCCACCA_002,8
AGGGGCAGCACCTTCCACCA_003,33
AGGGGCAGCACCTTCCACCA_004,116
AGGGGCAGCACCTTCCACCA_005,3
CTGGAGATAAATCACTAGGG_001,95
AGGCCAGGACCACCTATCGG_001,25
AGGCCAGGACCACCTATCGG_002,191
AGGCCAGGACCACCTATCGG_003,11
AGGCCAGGACCACCTATCGG_004,102
AGGCCAGGACCACCTATCGG_005,198
AGGCCAGGACCACCTATCGG_006,40
AGGCCAGGACCACCTATCGG_007,88
AGGCCAGGACCACCTATCGG_008,161
AGGCCAGGACCACCTATCGG_009,44
AGGCCAGGACCACCTATCGG_010,186
AGGCCAGGACCACCTATCGG_011,40
AGGCCAGGACCACCTATCGG_012,117
AGGCCAGGACCACCTATCGG_013,180
AGGCCAGGACCACCTATCGG_014,58
AGGCCAGGACCACCTATCGG_015,6
AGGCCAGGACCACCTATCGG_016,97
AGGCCAGGACCACCTATCGG_017,194
AGGCCAGGACCACCTATCGG_018,50
AGGCCAGGACCACCTATCGG_019,99
AGGCCAGGACCACCTATCGG_020,28
AGGCCAGGACCACCTATCGG_021,66
GTCTACTGCCAACAGCACCG_001,17
GTCTACTGCCAACAGCACCG_002,198
GTCTACTGCCAACAGCACCG_003,70
GTCTACTGCCAACAGCACCG_004,37
GTCTACTGCCAACAGCACCG_005,141
GTCTACTGCCAACAGCACCG_006,149
GTCTACTGCCAACAGCACCG_007,173
GTCTACTGCCAACAGCACCG_008,9
GTCTACTGCCAACAGCACCG_009,179
GTCTACTGCCAACAGCACCG_010,172
GTCTACTGCCAACAGCACCG_011,198
GTCTACTGCCAACAGCACCG_012,97
GTCTACTGCCAACAGCACCG_013,97
GTCTACTGCCAACAGCACCG_014,17
GTCTACTGCCAACAGCACCG_015,144
GTCTACTGCCAACAGCACCG_016,101
GTCTACTGCCAACAGCACCG_017,41
GTCTACTGCCAACAGCACCG_018,106
GAAATCACTAGGAACTCCAG_001,177
GAAATCACTAGGAACTCCAG_002,90
GAAATCACTAGGAACTCCAG_003,94
GAAATCACTAGGAACTCCAG_004,29
GAAATCACTAGGAACTCCAG_005,84
GAAATCACTAGGAACTCCAG_006,91
GAGCAGGCTCCGATGGCCGG_001,16
GAGCAGGCTCCGATGGCCGG_002,148
GAGCAGGCTCCGATGGCCGG_003,197
ATGAGGAAGAGTCCAAACAG_001,119
ATGAGGAAGAGTCCAAACAG_002,51
ATGAGGAAGAGTCCAAACAG_003,138
ATGAGGAAGAGTCCAAACAG_004,60
ATGAGGAAGAGTCCAAACAG_005,162
ATGAGGAAGAGTCCAAACAG_006,67
ATATTTGCTTGCAATAAACA_001,196
GAAGGCCCAAGTTCCACGCA_001,101
GAAGGCCCAAGTTCCACGCA_002,105
GAAGGCCCAAGTTCCACGCA_003,189
GAAGGCCCAAGTTCCACGCA_004,160
GAAGGCCCAAGTTCCACGCA_005,97
GAAGGCCCAAGTTCCACGCA_006,158
GAAGGCCCAAGTTCCACGCA_007,198
GAAGGCCCAAGTTCCACGCA_008,166
GAAGGCCCAAGTTCCACGCA_009,128
GAAGGCCCAAGTTCCACGCA_010,42
GAAGGCCCAAGTTCCACGCA_011,2
GAAGGCCCAAGTTCCACGCA_012,158
GAAGGCCCAAGTTCCACGCA_013,82
GAAGGCCCAAGTTCCACGCA_014,96
GAAGGCCCAAGTTCCACGCA_015,61
GAAGGCCCAAGTTCCACGCA_016,169
GAAGGCCCAAGTTCCACGCA_017,134
GAAGGCCCAAGTTCCACGCA_018,69
GAAGGCCCAAGTTCCACGCA_019,145
GAAGGCCCAAGTTCCACGCA_020,45
GAAGGCCCAAGTTCCACGCA_021,41
GAAGGCCCAAGTTCCACGCA_022,199
GAAGGCCCAAGTTCCACGCA_023,88
GAAGGCCCAAGTTCCACGCA_024,112
GAAGGCCCAAGTTCCACGCA_025,194
GAAGGCCCAAGTTCCACGCA_026,40
GAAGGCCCAAGTTCCACGCA_027,27
GAAGGCCCAAGTTCCACGCA_028,138
GAAGGCCCAAGTTCCACGCA_029,0
GAAGGCCCAAGTTCCACGCA_030,10
GAAGGCCCAAGTTCCACGCA_031,179
GAAGGCCCAAGTTCCACGCA_032,199
GAAGGCCCAAGTTCCACGCA_033,38
GAAGGCCCAAGTTCCACGCA_034,3
GAAGGCCCAAGTTCCACGCA_035,155
TAAGTCGATAAAGTCTCGAG_001,69
TAAGTCGATAAAGTCTCGAG_002,164
TTATTGTAAACTCAACAGCA_001,94
TTATTGTAAACTCAACAGCA_002,160
TTATTGTAAACTCAACAGCA_003,50
TTATTGTAAACTCAACAGCA_004,28
TTATTGTAAACTCAACAGCA_005,191
TTATTGTAAACTCAACAGCA_006,2
TTATTGTAAACTCAACAGCA_007,80
TTATTGTAAACTCAACAGCA_008,96
TTATTGTAAACTCAACAGCA_009,117
TTATTGTAAACTCAACAGCA_010,50
TTATTGTAAACTCAACAGCA_011,45
TTATTGTAAACTCAACAGCA_012,78
TTATTGTAAACTCAACAGCA_013,138
CCTACGTGGCTGCCAACCAG_001,137
CCTACGTGGCTGCCAACCAG_002,141
CCTACGTGGCTGCCAACCAG_003,140
CCTACGTGGCTGCCAACCAG_004,83
CCTACGTGGCTGCCAACCAG_005,9
CCTACGTGGCTGCCAACCAG_006,91
CCTACGTGGCTGCCAACCAG_007,142
AGGTGACAGTTGCTACCCGA_001,139
AGGTGACAGTTGCTACCCGA_002,21
AGGTGACAGTTGCTACCCGA_003,104
AGGTGACAGTTGCTACCCGA_004,153
AGGTGACAGTTGCTACCCGA_005,14
AGGTGACAGTTGCTACCCGA_006,7
AGGTGACAGTTGCTACCCGA_007,22
ACTGCAGTGGTAAAGATACC_001,64
ACTGCAGTGGTAAAGATACC_002,154
ACTGCAGTGGTAAAGATACC_003,150
CATCTACCAACAATCAGCCG_001,170
CATCTACCAACAATCAGCCG_002,117
CATCTACCAACAATCAGCCG_003,182
CATCTACCAACAATCAGCCG_004,112
CATCTACCAACAATCAGCCG_005,25
ACTTGGAGGATGGAACAATC_001,58
ACTTGGAGGATGGAACAATC_002,193
ACTTGGAGGATGGAACAATC_003,174
ACTTGGAGGATGGAACAATC_004,152
ACTTGGAGGATGGAACAATC_005,17
ACTTGGAGGATGGAACAATC_006,133
ACTTGGAGGATGGAACAATC_007,97
ACTTGGAGGATGGAACAATC_008,62
ACTTGGAGGATGGAACAATC_009,175
ACTTGGAGGATGGAACAATC_010,36
ACTTGGAGGATGGAACAATC_011,114
ACTTGGAGGATGGAACAATC_012,172
ACTTGGAGGATGGAACAATC_013,1
ACTTGGAGGATGGAACAATC_014,2
ACTTGGAGGATGGAACAATC_015,178
ACTTGGAGGATGGAACAATC_016,25
ACTTGGAGGATGGAACAATC_017,139
ACTTGGAGGATGGAACAATC_018,45
ACTTGGAGGATGGAACAATC_019,46
ACTTGGAGGATGGAACAATC_020,142
ACTTGGAGGATGGAACAATC_021,150
ACTTGGAGGATGGAACAATC_022,88
ACTTGGAGGATGGAACAATC_023,94
ACTTGGAGGATGGAACAATC_024,22
CGTTCAAGTACCAGTTCGTG_001,194
CGTTCAAGTACCAGTTCGTG_002,123
CGTTCAAGTACCAGTTCGTG_003,48
CGTTCAAGTACCAGTTCGTG_004,33
GAGCCTGACAAAAGGGTAGG_001,94
GAGCCTGACAAAAGGGTAGG_002,140
GAGCCTGACAAAAGGGTAGG_003,105
GAGCCTGACAAAAGGGTAGG_004,15
GAGCCTGACAAAAGGGTAGG_005,152
GAGCCTGACAAAAGGGTAGG_006,77
GAGCCTGACAAAAGGGTAGG_007,113
GAGCCTGACAAAAGGGTAGG_008,98
GAGCCTGACAAAAGGGTAGG_009,28
GAGCCTGACAAAAGGGTAGG_010,185
GAGCCTGACAAAAGGGTAGG_011,178
ATGTCAGACTCCGAGGACTG_001,121
ATGTCAGACTCCGAGGACTG_002,76
ATGTCAGACTCCGAGGACTG_003,24
ATGTCAGACTCCGAGGACTG_004,181
ATGTCAGACTCCGAGGACTG_005,112
ATGTCAGACTCCGAGGACTG_006,146
ATGTCAGACTCCGAGGACTG_007,48
ATGTCAGACTCCGAGGACTG_008,81
ATGTCAGACTCCGAGGACTG_009,149
ATGTCAGACTCCGAGGACTG_010,66
ATGTCAGACTCCGAGGACTG_011,88
ATGTCAGACTCCGAGGACTG_012,156
ATGTCAGACTCCGAGGACTG_013,63
ATGTCAGACTCCGAGGACTG_014,63
ATGTCAGACTCCGAGGACTG_015,23
ATGTCAGACTCCGAGGACTG_016,28
ATGTCAGACTCCGAGGACTG_017,118
AAGACCCCATGACTGATGCA_001,170
AAGACCCCATGACTGATGCA_002,170
AAGACCCCATGACTGATGCA_003,114
AAGACCCCATGACTGATGCA_004,102
AAGACCCCATGACTGATGCA_005,198
AAGACCCCATGACTGATGCA_006,110
AAGACCCCATGACTGATGCA_007,2
AAGACCCCATGACTGATGCA_008,19
AAGACCCCATGACTGATGCA_009,199
AAGACCCCATGACTGATGCA_010,33
AAGACCCCATGACTGATGCA_011,69
AAGACCCCATGACTGATGCA_012,168
AAGACCCCATGACTGATGCA_013,21
AAGACCCCATGACTGATGCA_014,62
AAGACCCCATGACTGATGCA_015,105
CTGCTGCTTCGACTACGACA_001,13
CTGCTGCTTCGACTACGACA_002,194
CTGCTGCTTCGACTACGACA_003,141
CTGCTGCTTCGACTACGACA_004,58
CTGCTGCTTCGACTACGACA_005,160
CTGCTGCTTCGACTACGACA_006,33
CTGCTGCTTCGACTACGACA_007,169
CTGCTGCTTCGACTACGACA_008,57
CTGCTGCTTCGACTACGACA_009,121
GGACTCAGACAAGATCTGCG_001,126
GGACTCAGACAAGATCTGCG_002,138
GGACTCAGACAAGATCTGCG_003,138
GGACTCAGACAAGATCTGCG_004,75
GGACTCAGACAAGATCTGCG_005,71
GGACTCAGACAAGATCTGCG_006,16
GGACTCAGACAAGATCTGCG_007,170
GGACTCAGACAAGATCTGCG_008,63
GGACTCAGACAAGATCTGCG_009,77
GGACTCAGACAAGATCTGCG_010,172
GGACTCAGACAAGATCTGCG_011,16
GGACTCAGACAAGATCTGCG_012,147
GGACTCAGACAAGATCTGCG_013,71
GGACTCAGACAAGATCTGCG_014,158
GGACTCAGACAAGATCTGCG_015,185
GGACTCAGACAAGATCTGCG_016,165
GGACTCAGACAAGATCTGCG_017,26
GGACTCAGACAAGATCTGCG_018,32
GGACTCAGACAAGATCTGCG_019,160
GGACTCAGACAAGATCTGCG_020,107
GGACTCAGACAAGATCTGCG_021,188
GGACTCAGACAAGATCTGCG_022,177
GGACTCAGACAAGATCTGCG_023,177
GGACTCAGACAAGATCTGCG_024,32
GGACTCAGACAAGATCTGCG_025,153
GGACTCAGACAAGATCTGCG_026,80
GGACTCAGACAAGATCTGCG_027,166
GGACTCAGACAAGATCTGCG_028,138
GGACTCAGACAAGATCTGCG_029,57
GGACTCAGACAAGATCTGCG_030,52
GGACTCAGACAAGATCTGCG_031,184
GGACTCAGACAAGATCTGCG_032,94
GGACTCAGACAAGATCTGCG_033,103
GGACTCAGACAAGATCTGCG_034,173
GGACTCAGACAAGATCTGCG_035,30
GGACTCAGACAAGATCTGCG_036,157
GGACTCAGACAAGATCTGCG_037,94
AAGGATTCAATCTAGCTGCC_001,197
AAACGTCATACAAACACCAT_001,29
AAACGTCATACAAACACCAT_002,184
AAACGTCATACAAACACCAT_003,56
AAACGTCATACAAACACCAT_004,82
AAACGTCATACAAACACCAT_005,94
AAACGTCATACAAACACCAT_006,165
AAACGTCATACAAACACCAT_007,8
TCTCGGGGAACCAGTCAGTG_001,184
TCTCGGGGAACCAGTCAGTG_002,2
TCTCGGGGAACCAGTCAGTG_003,13
TCTCGGGGAACCAGTCAGTG_004,66
TCTCGGGGAACCAGTCAGTG_005,70
TCTCGGGGAACCAGTCAGTG_006,30
TCTGAGTGTGTGCTCTACAC_001,172
TCTGAGTGTGTGCTCTACAC_002,2
TCTGAGTGTGTGCTCTACAC_003,29
TCTGAGTGTGTGCTCTACAC_004,58
TCTGAGTGTGTGCTCTACAC_005,11
GGAGCTCTGAATGGCATAGG_001,84
GGAGCTCTGAATGGCATAGG_002,147
GGAGCTCTGAATGGCATAGG_003,15
GGAGCTCTGAATGGCATAGG_004,143
GGAGCTCTGAATGGCATAGG_005,143
TGATAATCAAGTGATTCACT_001,70
CGGCATCTGGTACTCGTGCG_001,75
CGGCATCTGGTACTCGTGCG_002,104
CGGCATCTGGTACTCGTGCG_003,1
CGGCATCTGGTACTCGTGCG_004,178
CGGCATCTGGTACTCGTGCG_005,102
CGGCATCTGGTACTCGTGCG_006,55
CGGCATCTGGTACTCGTGCG_007,30
CGGCATCTGGTACTCGTGCG_008,16
GAACCATACACAGACCACAA_001,51
GAACCATACACAGACCACAA_002,130
GAACCATACACAGACCACAA_003,23
GAACCATACACAGACCACAA_004,120
GAACCATACACAGACCACAA_005,65
GAACCATACACAGACCACAA_006,187
AAGAGTAGTAGACGCCCGGG_001,24
AAGAGTAGTAGACGCCCGGG_002,78
AAGAGTAGTAGACGCCCGGG_003,138
AAGAGTAGTAGACGCCCGGG_004,68
AAGAGTAGTAGACGCCCGGG_005,48
AAGAGTAGTAGACGCCCGGG_006,44
AAGAGTAGTAGACGCCCGGG_007,111
AAGAGTAGTAGACGCCCGGG_008,121
AAGAGTAGTAGACGCCCGGG_009,148
AAGAGTAGTAGACGCCCGGG_010,9
AAGAGTAGTAGACGCCCGGG_011,118
AAGAGTAGTAGACGCCCGGG_012,52
AAGAGTAGTAGACGCCCGGG_013,82
AAGAGTAGTAGACGCCCGGG_014,13
AAGAGTAGTAGACGCCCGGG_015,141
AAGAGTAGTAGACGCCCGGG_016,2
AAGAGTAGTAGACGCCCGGG_017,112
AAGAGTAGTAGACGCCCGGG_018,49
AAGAGTAGTAGACGCCCGGG_019,65
AAGAGTAGTAGACGCCCGGG_020,29
AAGAGTAGTAGACGCCCGGG_021,178
AAGAGTAGTAGACGCCCGGG_022,58
AAGAGTAGTAGACGCCCGGG_023,27
AAGAGTAGTAGACGCCCGGG_024,114
AAGAGTAGTAGACGCCCGGG_025,174
AAGAGTAGTAGACGCCCGGG_026,6
AAGAGTAGTAGACGCCCGGG_027,81
AAGAGTAGTAGACGCCCGGG_028,103
AAGAGTAGTAGACGCCCGGG_029,174
AAGAGTAGTAGACGCCCGGG_030,158
CCCTGAGAAACGGCCTTGCG_001,12
CCCTGAGAAACGGCCTTGCG_002,97
CCCTGAGAAACGGCCTTGCG_003,22
CCCTGAGAAACGGCCTTGCG_004,77
CCCTGAGAAACGGCCTTGCG_005,19
CCCTGAGAAACGGCCTTGCG_006,174
CCCTGAGAAACGGCCTTGCG_007,96
CCCTGAGAAACGGCCTTGCG_008,178
CCCTGAGAAACGGCCTTGCG_009,15
CCCTGAGAAACGGCCTTGCG_010,88
CCCTGAGAAACGGCCTTGCG_011,15
CCCTGAGAAACGGCCTTGCG_012,15
CCCTGAGAAACGGCCTTGCG_013,118
CCCTGAGAAACGGCCTTGCG_014,48
CCCTGAGAAACGGCCTTGCG_015,166
CCCTGAGAAACGGCCTTGCG_016,148
CCCTGAGAAACGGCCTTGCG_017,13
GGAGATAGGTTGTCTCCACG_001,115
GGAGATAGGTTGTCTCCACG_002,62
CATAGGTCCCTAGCAACTCC_001,154
CATAGGTCCCTAGCAACTCC_002,11
CATAGGTCCCTAGCAACTCC_003,152
CATAGGTCCCTAGCAACTCC_004,98
CATAGGTCCCTAGCAACTCC_005,51
CATAGGTCCCTAGCAACTCC_006,169
CATAGGTCCCTAGCAACTCC_007,162
CATAGGTCCCTAGCAACTCC_008,158
CATAGGTCCCTAGCAACTCC_009,107
CATAGGTCCCTAGCAACTCC_010,69
CAAGCTCACAGAGCGTGAGT_001,137
CAAGCTCACAGAGCGTGAGT_002,107
CAAGCTCACAGAGCGTGAGT_003,121
CAAGCTCACAGAGCGTGAGT_004,153
CAAGCTCACAGAGCGTGAGT_005,29
CAAGCTCACAGAGCGTGAGT_006,91
CAAGCTCACAGAGCGTGAGT_007,68
CAAGCTCACAGAGCGTGAGT_008,44
CAAGCTCACAGAGCGTGAGT_009,85
GTAGGTCCTGTCAACAAGAA_001,95
GTAGGTCCTGTCAACAAGAA_002,12
GTAGGTCCTGTCAACAAGAA_003,50
GTAGGTCCTGTCAACAAGAA_004,115
GTAGGTCCTGTCAACAAGAA_005,175
GTAGGTCCTGTCAACAAGAA_006,46
GTAGGTCCTGTCAACAAGAA_007,20
GTAGGTCCTGTCAACAAGAA_008,185
GTAGGTCCTGTCAACAAGAA_009,187
GTAGGTCCTGTCAACAAGAA_010,27
CCTTTGCTCTGGACTCAACG_001,157
CCTTTGCTCTGGACTCAACG_002,157
CCTTTGCTCTGGACTCAACG_003,110
CCTTTGCTCTGGACTCAACG_004,116
CCTTTGCTCTGGACTCAACG_005,149
CCTTTGCTCTGGACTCAACG_006,100
CCTTTGCTCTGGACTCAACG_007,57
CCTTTGCTCTGGACTCAACG_008,117
GCTGGGTCAACAGTAGCCAT_001,194
GCTGGGTCAACAGTAGCCAT_002,35
GCTGGGTCAACAGTAGCCAT_003,161
GCTGGGTCAACAGTAGCCAT_004,193
GCTGGGTCAACAGTAGCCAT_005,127
TCGAGATTATAGATACTCGG_001,108
TGAATCGTGTGCACTTACTT_001,48
TGAATCGTGTGCACTTACTT_002,11
GCGGAAAGAAAGAAACCGCG_001,84
ACGTCGGAGCCCATTTGCTG_001,170
ACGTCGGAGCCCATTTGCTG_002,134
ACGTCGGAGCCCATTTGCTG_003,170
ACGTCGGAGCCCATTTGCTG_004,79
ACGTCGGAGCCCATTTGCTG_005,184
ACGTCGGAGCCCATTTGCTG_006,127
ACGTCGGAGCCCATTTGCTG_007,170
ACGTCGGAGCCCATTTGCTG_008,60
ACGTCGGAGCCCATTTGCTG_009,145
ACGTCGGAGCCCATTTGCTG_010,2
ACGTCGGAGCCCATTTGCTG_011,130
ACGTCGGAGCCCATTTGCTG_012,139
ACGTCGGAGCCCATTTGCTG_013,198
ACGTCGGAGCCCATTTGCTG_014,186
ACGTCGGAGCCCATTTGCTG_015,152
ACGTCGGAGCCCATTTGCTG_016,44
ACGTCGGAGCCCATTTGCTG_017,128
ACGTCGGAGCCCATTTGCTG_018,190
ACGTCGGAGCCCATTTGCTG_019,158
ACGTCGGAGCCCATTTGCTG_020,139
ACGTCGGAGCCCATTTGCTG_021,96
ACGTCGGAGCCCATTTGCTG_022,175
ACGTCGGAGCCCATTTGCTG_023,94
ACGTCGGAGCCCATTTGCTG_024,190
ACGTCGGAGCCCATTTGCTG_025,147
ACGTCGGAGCCCATTTGCTG_026,137
ACGTCGGAGCCCATTTGCTG_027,16
ACGTCGGAGCCCATTTGCTG_028,140
ACGTCGGAGCCCATTTGCTG_029,70
GCAGCCCCTCATAAGAACCG_001,113
GCAGCCCCTCATAAGAACCG_002,137
GCAGCCCCTCATAAGAACCG_003,56
GCAGCCCCTCATAAGAACCG_004,81
GCAGCCCCTCATAAGAACCG_005,142
GCAGCCCCTCATAAGAACCG_006,181
GCAGCCCCTCATAAGAACCG_007,43
GCAGCCCCTCATAAGAACCG_008,70
GCAGCCCCTCATAAGAACCG_009,184
GCAGCCCCTCATAAGAACCG_010,191
GCAGCCCCTCATAAGAACCG_011,10
GCAGCCCCTCATAAGAACCG_012,102
GCAGCCCCTCATAAGAACCG_013,15
GCAGCCCCTCATAAGAACCG_014,111
GCAGCCCCTCATAAGAACCG_015,76
GCAGCCCCTCATAAGAACCG_016,41
GCAGCCCCTCATAAGAACCG_017,38
GCAGCCCCTCATAAGAACCG_018,137
GCAGCCCCTCATAAGAACCG_019,94
GCAGCCCCTCATAAGAACCG_020,12
GCAGCCCCTCATAAGAACCG_021,108
GCAGCCCCTCATAAGAACCG_022,108
GCAGCCCCTCATAAGAACCG_023,174
GCAGCCCCTCATAAGAACCG_024,61
GCAGCCCCTCATAAGAACCG_025,42
GCAGCCCCTCATAAGAACCG_026,172
GCAGCCCCTCATAAGAACCG_027,5
GCAGCCCCTCATAAGAACCG_028,67
GCAGCCCCTCATAAGAACCG_029,105
GCAGCCCCTCATAAGAACCG_030,152
GCAGCCCCTCATAAGAACCG_031,71
TGGACATACTTCAGAACCGT_001,99
TGGACATACTTCAGAACCGT_002,157
TGGACATACTTCAGAACCGT_003,27
AGAGTTTGGCCAGCTGCATA_001,27
AGAGTTTGGCCAGCTGCATA_002,20
AGAGTTTGGCCAGCTGCATA_003,162
AGAGTTTGGCCAGCTGCATA_004,0
AGAGTTTGGCCAGCTGCATA_005,190
AGAGTTTGGCCAGCTGCATA_006,156
AGAGTTTGGCCAGCTGCATA_007,18
AGAGTTTGGCCAGCTGCATA_008,163
AGAGTTTGGCCAGCTGCATA_009,158
AGAGTTTGGCCAGCTGCATA_010,112
AGAGTTTGGCCAGCTGCATA_011,115
AGAGTTTGGCCAGCTGCATA_012,174
AGAGTTTGGCCAGCTGCATA_013,91
AGAGTTTGGCCAGCTGCATA_014,157
AGAGTTTGGCCAGCTGCATA_015,70
AGAGTTTGGCCAGCTGCATA_016,118
AGAGTTTGGCCAGCTGCATA_017,169
AGAGTTTGGCCAGCTGCATA_018,162
ACTACTGGCTATCCGCGCCA_001,129
ACTACTGGCTATCCGCGCCA_002,77
ACTACTGGCTATCCGCGCCA_003,144
ACTACTGGCTATCCGCGCCA_004,150
ACTACTGGCTATCCGCGCCA_005,82
ACTACTGGCTATCCGCGCCA_006,62
ACTACTGGCTATCCGCGCCA_007,76
ACTACTGGCTATCCGCGCCA_008,76
ACTACTGGCTATCCGCGCCA_009,195
ACTACTGGCTATCCGCGCCA_010,177
ACTACTGGCTATCCGCGCCA_011,191
ACTACTGGCTATCCGCGCCA_012,63
ACTACTGGCTATCCGCGCCA_013,185
ACTACTGGCTATCCGCGCCA_014,6
ACTACTGGCTATCCGCGCCA_015,36
ACTACTGGCTATCCGCGCCA_016,9
ACTACTGGCTATCCGCGCCA_017,5
ACTACTGGCTATCCGCGCCA_018,27
ACTACTGGCTATCCGCGCCA_019,174
CATCGATGCCAAATGCCACA_001,42
CATCGATGCCAAATGCCACA_002,1
CATCGATGCCAAATGCCACA_003,77
CATCGATGCCAAATGCCACA_004,127
CATCGATGCCAAATGCCACA_005,62
CATCGATGCCAAATGCCACA_006,156
CATCGATGCCAAATGCCACA_007,150
CATCGATGCCAAATGCCACA_008,155
CATCGATGCCAAATGCCACA_009,88
CATCGATGCCAAATGCCACA_010,107
CATCGATGCCAAATGCCACA_011,131
CATCGATGCCAAATGCCACA_012,70
CATCGATGCCAAATGCCACA_013,198
CATCGATGCCAAATGCCACA_014,62
CATGAACCTGGAACCGCCCA_001,15
CATGAACCTGGAACCGCCCA_002,192
CATGAACCTGGAACCGCCCA_003,152
CATGAACCTGGAACCGCCCA_004,147
CATGAACCTGGAACCGCCCA_005,114
CATGAACCTGGAACCGCCCA_006,65
CATGAACCTGGAACCGCCCA_007,43
CATGAACCTGGAACCGCCCA_008,41
CATGAACCTGGAACCGCCCA_009,163
CATGAACCTGGAACCGCCCA_010,152
TCATTGGGGTGGATCCCGAA_001,17
TCATTGGGGTGGATCCCGAA_002,35
CTGGCAGAGATCTTGTTGCG_001,172
CTGGCAGAGATCTTGTTGCG_002,67
CTGGCAGAGATCTTGTTGCG_003,96
CTGGCAGAGATCTTGTTGCG_004,165
CTGGCAGAGATCTTGTTGCG_005,150
CTGGCAGAGATCTTGTTGCG_006,116
CTGGCAGAGATCTTGTTGCG_007,123
CTGGCAGAGATCTTGTTGCG_008,154
GATGCTGAGAGCCAGGAAGG_001,32
GATGCTGAGAGCCAGGAAGG_002,2
GATGCTGAGAGCCAGGAAGG_003,98
GATGACATAGCACTTGTCCA_001,159
GATGACATAGCACTTGTCCA_002,167
GATGACATAGCACTTGTCCA_003,130
GATGACATAGCACTTGTCCA_004,160
GATGACATAGCACTTGTCCA_005,29
GATGACATAGCACTTGTCCA_006,141
GCCGACAACCCCCTGCGCTG_001,145
GCCGACAACCCCCTGCGCTG_002,168
GCCGACAACCCCCTGCGCTG_003,172
GCCGACAACCCCCTGCGCTG_004,188
GCCGACAACCCCCTGCGCTG_005,88
GCCGACAACCCCCTGCGCTG_006,34
GCCGACAACCCCCTGCGCTG_007,115
GCCGACAACCCCCTGCGCTG_008,41
GCCGACAACCCCCTGCGCTG_009,171
GCCGACAACCCCCTGCGCTG_010,35
GCCGACAACCCCCTGCGCTG_011,27
GCCGACAACCCCCTGCGCTG_012,176
GCCGACAACCCCCTGCGCTG_013,107
GCCGACAACCCCCTGCGCTG_014,48
GCCGACAACCCCCTGCGCTG_015,36
GCCGACAACCCCCTGCGCTG_016,105
ATGGTGGGTCTCCACACTTG_001,96
ATGGTGGGTCTCCACACTTG_002,190
ATGGTGGGTCTCCACACTTG_003,8
ATGGTGGGTCTCCACACTTG_004,92
ATGGTGGGTCTCCACACTTG_005,13
ATGGTGGGTCTCCACACTTG_006,19
ATGGTGGGTCTCCACACTTG_007,12
ATGGTGGGTCTCCACACTTG_008,75
ATGGTGGGTCTCCACACTTG_009,185
ATGGTGGGTCTCCACACTTG_010,132
ATGGTGGGTCTCCACACTTG_011,148
ATGGTGGGTCTCCACACTTG_012,126
ATGGTGGGTCTCCACACTTG_013,156
GGCCACACTGGAGGATGATG_001,184
GGCCACACTGGAGGATGATG_002,21
GGCCACACTGGAGGATGATG_003,3
GGCCACACTGGAGGATGATG_004,183
GGCCACACTGGAGGATGATG_005,94
GGCCACACTGGAGGATGATG_006,137
GGCCACACTGGAGGATGATG_007,91
GGCCACACTGGAGGATGATG_008,177
GGCCACACTGGAGGATGATG_009,188
GGCCACACTGGAGGATGATG_010,34
GGCCACACTGGAGGATGATG_011,78
GGCCACACTGGAGGATGATG_012,149
GGCCACACTGGAGGATGATG_013,155
GGCCACACTGGAGGATGATG_014,192
TATCATCAAGTTGAATCGAA_001,94
TATCATCAAGTTGAATCGAA_002,60
TATCATCAAGTTGAATCGAA_003,53
TATCATCAAGTTGAATCGAA_004,172
TATCATCAAGTTGAATCGAA_005,10
TATCATCAAGTTGAATCGAA_006,35
TATCATCAAGTTGAATCGAA_007,82
TATCATCAAGTTGAATCGAA_008,48
TATCATCAAGTTGAATCGAA_009,10
TATCATCAAGTTGAATCGAA_010,40
CAGCAAGTCTTGCGATCCTG_001,130
CAGCAAGTCTTGCGATCCTG_002,145
CAGCAAGTCTTGCGATCCTG_003,107
CAGCAAGTCTTGCGATCCTG_004,58
CAGCAAGTCTTGCGATCCTG_005,63
CAGCAAGTCTTGCGATCCTG_006,29
CAGCAAGTCTTGCGATCCTG_007,145
CAGCAAGTCTTGCGATCCTG_008,160
CAGCAAGTCTTGCGATCCTG_009,104
CAGCAAGTCTTGCGATCCTG_010,70
TCATCTTATTGACGGCTAGG_001,64
TCATCTTATTGACGGCTAGG_002,23
TCATCTTATTGACGGCTAGG_003,130
TCATCTTATTGACGGCTAGG_004,188
TCATCTTATTGACGGCTAGG_005,170
TCATCTTATTGACGGCTAGG_006,156
TCAAAAGGCTTCAGTTGCCC_001,168
GATGAGCGAGCTGCGACGCG_001,154
GATGAGCGAGCTGCGACGCG_002,103
GATGAGCGAGCTGCGACGCG_003,49
GATGAGCGAGCTGCGACGCG_004,61
GATGAGCGAGCTGCGACGCG_005,199
GATGAGCGAGCTGCGACGCG_006,49
GATGAGCGAGCTGCGACGCG_007,80
GATGAGCGAGCTGCGACGCG_008,7
GATGAGCGAGCTGCGACGCG_009,65
GATGAGCGAGCTGCGACGCG_010,42
GATGAGCGAGCTGCGACGCG_011,135
GATGAGCGAGCTGCGACGCG_012,41
GATGAGCGAGCTGCGACGCG_013,1
GATGAGCGAGCTGCGACGCG_014,63
GATGAGCGAGCTGCGACGCG_015,145
GATGAGCGAGCTGCGACGCG_016,166
GATGAGCGAGCTGCGACGCG_017,18
GATGAGCGAGCTGCGACGCG_018,182
GATGAGCGAGCTGCGACGCG_019,103
CAGCAATGAACACTTCACGC_001,175
CAGCAATGAACACTTCACGC_002,159
CAGCAATGAACACTTCACGC_003,17
CAGCAATGAACACTTCACGC_004,88
CAGCAATGAACACTTCACGC_005,163
CAGCAATGAACACTTCACGC_006,197
CAGCAATGAACACTTCACGC_007,197
CAGCAATGAACACTTCACGC_008,148
CAGCAATGAACACTTCACGC_009,176
CAGCAATGAACACTTCACGC_010,117
CAGCAATGAACACTTCACGC_011,106
CAGCAATGAACACTTCACGC_012,28
CAGCAATGAACACTTCACGC_013,104
CAGCAATGAACACTTCACGC_014,26
CAGCAATGAACACTTCACGC_015,153
CAGCAATGAACACTTCACGC_016,171
GACTTGGATACAGCCGACTT_001,198
TGCATCTGGAAGACTTATGT_001,100
TGCATCTGGAAGACTTATGT_002,158
TGCATCTGGAAGACTTATGT_003,178
TGCATCTGGAAGACTTATGT_004,17
TGCATCTGGAAGACTTATGT_005,139
TGCATCTGGAAGACTTATGT_006,148
TGCATCTGGAAGACTTATGT_007,129
TGCATCTGGAAGACTTATGT_008,29
TGCATCTGGAAGACTTATGT_009,112
TGCATCTGGAAGACTTATGT_010,160
TGCATCTGGAAGACTTATGT_011,22
TGCATCTGGAAGACTTATGT_012,21
TGCATCTGGAAGACTTATGT_013,102
TGCATCTGGAAGACTTATGT_014,27
TGCATCTGGAAGACTTATGT_015,144
TGCATCTGGAAGACTTATGT_016,6
TGCATCTGGAAGACTTATGT_017,161
TGCATCTGGAAGACTTATGT_018,78
TGCATCTGGAAGACTTATGT_019,12
CAGAGCATGATGATAGCGAG_001,80
CAGAGCATGATGATAGCGAG_002,34
CAGAGCATGATGATAGCGAG_003,37
CAGAGCATGATGATAGCGAG_004,186
CAGAGCATGATGATAGCGAG_005,160
CAGAGCATGATGATAGCGAG_006,162
CAGAGCATGATGATAGCGAG_007,61
CAGAGCATGATGATAGCGAG_008,33
CAGAGCATGATGATAGCGAG_009,107
CAGAGCATGATGATAGCGAG_010,145
TTTGGGATGGACCTGAAGCG_001,51
TTTGGGATGGACCTGAAGCG_002,173
TTTGGGATGGACCTGAAGCG_003,93
TTTGGGATGGACCTGAAGCG_004,46
TTTGGGATGGACCTGAAGCG_005,145
TTTGGGATGGACCTGAAGCG_006,168
TTTGGGATGGACCTGAAGCG_007,175
TTTGGGATGGACCTGAAGCG_008,150
TTTGGGATGGACCTGAAGCG_009,77
GTCAGTCACTTCAGCCGACG_001,16
GTCAGTCACTTCAGCCGACG_002,148
GTCAGTCACTTCAGCCGACG_003,137
GTCAGTCACTTCAGCCGACG_004,46
GTCAGTCACTTCAGCCGACG_005,158
GTCAGTCACTTCAGCCGACG_006,76
GTCAGTCACTTCAGCCGACG_007,77
GTCAGTCACTTCAGCCGACG_008,60
GTCAGTCACTTCAGCCGACG_009,117
GTCAGTCACTTCAGCCGACG_010,15
GTCAGTCACTTCAGCCGACG_011,172
AAAAGCACCACCTTAACGCA_001,138
AAAAGCACCACCTTAACGCA_002,49
AAAAGCACCACCTTAACGCA_003,42
AAAAGCACCACCTTAACGCA_004,141
AAAAGCACCACCTTAACGCA_005,49
AAAAGCACCACCTTAACGCA_006,48
AAAAGCACCACCTTAACGCA_007,197
AAAAGCACCACCTTAACGCA_008,150
AAAAGCACCACCTTAACGCA_009,60
AAAAGCACCACCTTAACGCA_010,58
AAAAGCACCACCTTAACGCA_011,49
AAAAGCACCACCTTAACGCA_012,83
AAAAGCACCACCTTAACGCA_013,178
AAAAGCACCACCTTAACGCA_014,6
AAAAGCACCACCTTAACGCA_015,185
AAAAGCACCACCTTAACGCA_016,160
AAAAGCACCACCTTAACGCA_017,160
AAAAGCACCACCTTAACGCA_018,162
AAAAGCACCACCTTAACGCA_019,48
AAAAGCACCACCTTAACGCA_020,191
AGAGAAACAAGGCGGTCTTG_001,42
AGAGAAACAAGGCGGTCTTG_002,28
AGGAGAAGTCCGATATGGAG_001,147
AGGAGAAGTCCGATATGGAG_002,163
AGGAGAAGTCCGATATGGAG_003,147
AGGAGAAGTCCGATATGGAG_004,8
AGGAGAAGTCCGATATGGAG_005,28
AGGAGAAGTCCGATATGGAG_006,61
AGGAGAAGTCCGATATGGAG_007,162
AGGAGAAGTCCGATATGGAG_008,162
AGGAGAAGTCCGATATGGAG_009,196
AGGAGAAGTCCGATATGGAG_010,142
AGGAGAAGTCCGATATGGAG_011,106
AGGAGAAGTCCGATATGGAG_012,60
AGGAGAAGTCCGATATGGAG_013,81
AGGAGAAGTCCGATATGGAG_014,112
AGGAGAAGTCCGATATGGAG_015,89
AGGAGAAGTCCGATATGGAG_016,40
CAACACCCTCACGTACGGAG_001,103
CAACACCCTCACGTACGGAG_002,141
CAACACCCTCACGTACGGAG_003,119
CAACACCCTCACGTACGGAG_004,188
CAACACCCTCACGTACGGAG_005,40
CAACACCCTCACGTACGGAG_006,121
CAACACCCTCACGTACGGAG_007,48
CAACACCCTCACGTACGGAG_008,113
CAACACCCTCACGTACGGAG_009,55
CAACACCCTCACGTACGGAG_010,96
CTCTCTCCAGCTCTTCACAG_001,17
CTCTCTCCAGCTCTTCACAG_002,60
CTCTCTCCAGCTCTTCACAG_003,181
CTCTCTCCAGCTCTTCACAG_004,28
CGAAGGCAGCTGGGACCCCA_001,197
CGAAGGCAGCTGGGACCCCA_002,168
CGAAGGCAGCTGGGACCCCA_003,105
CGAAGGCAGCTGGGACCCCA_004,112
CGAAGGCAGCTGGGACCCCA_005,172
CGAAGGCAGCTGGGACCCCA_006,23
CGAAGGCAGCTGGGACCCCA_007,127
CGAAGGCAGCTGGGACCCCA_008,59
CGAAGGCAGCTGGGACCCCA_009,126
CGAAGGCAGCTGGGACCCCA_010,72
CGAAGGCAGCTGGGACCCCA_011,72
AGGCAGGAATAGAGTTGGAG_001,5
AGGCAGGAATAGAGTTGGAG_002,121
AGGCAGGAATAGAGTTGGAG_003,73
AGGCAGGAATAGAGTTGGAG_004,48
GATCTCCAAGTAGCACCACA_001,172
GATCTCCAAGTAGCACCACA_002,115
GATCTCCAAGTAGCACCACA_003,68
GATCTCCAAGTAGCACCACA_004,125
GATCTCCAAGTAGCACCACA_005,16
GATCTCCAAGTAGCACCACA_006,140
GATCTCCAAGTAGCACCACA_007,175
GATCTCCAAGTAGCACCACA_008,123
GATCTCCAAGTAGCACCACA_009,121
GCTAGTGGAATACAAAGGGC_001,177
GCTAGTGGAATACAAAGGGC_002,175
GCTAGTGGAATACAAAGGGC_003,0
GCTAGTGGAATACAAAGGGC_004,60
GCTAGTGGAATACAAAGGGC_005,126
GCTAGTGGAATACAAAGGGC_006,60
GCTAGTGGAATACAAAGGGC_007,14
AAACAAACCTGGCTAAACGT_001,29
AAACAAACCTGGCTAAACGT_002,73
AAACAAACCTGGCTAAACGT_003,167
CTGCAGTATCCGGTACAGGG_001,138
CTGCAGTATCCGGTACAGGG_002,19
CTGCAGTATCCGGTACAGGG_003,88
CTGCAGTATCCGGTACAGGG_004,124
CTGCAGTATCCGGTACAGGG_005,79
CTGCAGTATCCGGTACAGGG_006,198
CTGCAGTATCCGGTACAGGG_007,3
CTGCAGTATCCGGTACAGGG_008,190
GAGTGTAAGCTAACACTCTG_001,116
GAGTGTAAGCTAACACTCTG_002,136
GAGTGTAAGCTAACACTCTG_003,182
GAGTGTAAGCTAACACTCTG_004,42
GAGTGTAAGCTAACACTCTG_005,51
GAGTGTAAGCTAACACTCTG_006,85
GAGTGTAAGCTAACACTCTG_007,41
GAGTGTAAGCTAACACTCTG_008,35
GAGTGTAAGCTAACACTCTG_009,20
GAGTGTAAGCTAACACTCTG_010,96
GAGTGTAAGCTAACACTCTG_011,127
GAGTGTAAGCTAACACTCTG_012,4
GAGTGTAAGCTAACACTCTG_013,30
GAGTGTAAGCTAACACTCTG_014,191
GAGTGTAAGCTAACACTCTG_015,192
GAGTGTAAGCTAACACTCTG_016,166
GAGTGTAAGCTAACACTCTG_017,1
GAGTGTAAGCTAACACTCTG_018,177
GAGTGTAAGCTAACACTCTG_019,27
GAGTGTAAGCTAACACTCTG_020,53
GAGTGTAAGCTAACACTCTG_021,48
GGCCGACAGCGCATACACGA_001,29
GGCCGACAGCGCATACACGA_002,188
GGCCGACAGCGCATACACGA_003,60
GGCCGACAGCGCATACACGA_004,96
GGCCGACAGCGCATACACGA_005,169
GGCCGACAGCGCATACACGA_006,62
GGCCGACAGCGCATACACGA_007,199
GGCCGACAGCGCATACACGA_008,184
GGCCGACAGCGCATACACGA_009,121
GGCCGACAGCGCATACACGA_010,130
GGCCGACAGCGCATACACGA_011,15
GGCCGACAGCGCATACACGA_012,115
GGCCGACAGCGCATACACGA_013,88
ATCCTGTTCTTACTGTACAA_001,105
ATCCTGTTCTTACTGTACAA_002,105
ATCCTGTTCTTACTGTACAA_003,191
ATCCTGTTCTTACTGTACAA_004,108
ATCCTGTTCTTACTGTACAA_005,155
ATCCTGTTCTTACTGTACAA_006,102
ATCCTGTTCTTACTGTACAA_007,142
ATCCTGTTCTTACTGTACAA_008,11
ATCCTGTTCTTACTGTACAA_009,66
ATCAATGATGTGCTTGCAGG_001,156
ATCAATGATGTGCTTGCAGG_002,198
ATCAATGATGTGCTTGCAGG_003,37
ATCAATGATGTGCTTGCAGG_004,19
ATCAATGATGTGCTTGCAGG_005,185
ATCAATGATGTGCTTGCAGG_006,102
ATCAATGATGTGCTTGCAGG_007,44
ATCAATGATGTGCTTGCAGG_008,69
ATCAATGATGTGCTTGCAGG_009,127
ATCAATGATGTGCTTGCAGG_010,171
ATCAATGATGTGCTTGCAGG_011,188
ATCAATGATGTGCTTGCAGG_012,61
ATCAATGATGTGCTTGCAGG_013,60
ATCAATGATGTGCTTGCAGG_014,28
ATCAATGATGTGCTTGCAGG_015,36
CACACACTCGAACTGCGCTG_001,57
CACACACTCGAACTGCGCTG_002,77
CACACACTCGAACTGCGCTG_003,82
CACACACTCGAACTGCGCTG_004,8
CACACACTCGAACTGCGCTG_005,21
CACACACTCGAACTGCGCTG_006,32
CACACACTCGAACTGCGCTG_007,32
CACACACTCGAACTGCGCTG_008,91
CACACACTCGAACTGCGCTG_009,42
CACACACTCGAACTGCGCTG_010,168
CACACACTCGAACTGCGCTG_011,52
CACACACTCGAACTGCGCTG_012,50
CACACACTCGAACTGCGCTG_013,82
CACACACTCGAACTGCGCTG_014,1
CACACACTCGAACTGCGCTG_015,124
CACACACTCGAACTGCGCTG_016,130
CACACACTCGAACTGCGCTG_017,130
CACACACTCGAACTGCGCTG_018,6
GAGCCAGCATCATAGCACAT_001,174
GAGCCAGCATCATAGCACAT_002,77
GAGCCAGCATCATAGCACAT_003,70
GAGCCAGCATCATAGCACAT_004,32
GAGCCAGCATCATAGCACAT_005,83
GAATACGCCAAGTATGAGGG_001,115
GAATACGCCAAGTATGAGGG_002,119
GAATACGCCAAGTATGAGGG_003,128
GAATACGCCAAGTATGAGGG_004,43
GAATACGCCAAGTATGAGGG_005,70
GAATACGCCAAGTATGAGGG_006,17
GAATACGCCAAGTATGAGGG_007,9
GAATACGCCAAGTATGAGGG_008,91
GAATACGCCAAGTATGAGGG_009,180
GAATACGCCAAGTATGAGGG_010,113
GGCTGTCACTTACCACCTGG_001,157
GGCTGTCACTTACCACCTGG_002,71
GGCTGTCACTTACCACCTGG_003,92
GGCTGTCACTTACCACCTGG_004,30
GGCTGTCACTTACCACCTGG_005,9
GGCTGTCACTTACCACCTGG_006,48
GGCTGTCACTTACCACCTGG_007,145
GGCTGTCACTTACCACCTGG_008,91
GGCTGTCACTTACCACCTGG_009,74
GTTTCGATATGCAAATGCCA_001,157
GTTTCGATATGCAAATGCCA_002,42
GTTTCGATATGCAAATGCCA_003,79
GTTTCGATATGCAAATGCCA_004,0
GTTTCGATATGCAAATGCCA_005,56
GTTTCGATATGCAAATGCCA_006,117
GTTTCGATATGCAAATGCCA_007,188
GTTTCGATATGCAAATGCCA_008,1
GTTTCGATATGCAAATGCCA_009,46
GTTTCGATATGCAAATGCCA_010,50
TCATAAAGGCACAGGCAACA_001,146
TCATAAAGGCACAGGCAACA_002,15
TCATAAAGGCACAGGCAACA_003,119
TCATAAAGGCACAGGCAACA_004,137
TCATAAAGGCACAGGCAACA_005,198
TCATAAAGGCACAGGCAACA_006,82
TCATAAAGGCACAGGCAACA_007,133
TCATAAAGGCACAGGCAACA_008,43
TCATAAAGGCACAGGCAACA_009,21
TCATAAAGGCACAGGCAACA_010,199
GAGCCGGTCCAGGCGCTGAG_001,174
GAGCCGGTCCAGGCGCTGAG_002,157
GAGCCGGTCCAGGCGCTGAG_003,196
GAGCCGGTCCAGGCGCTGAG_004,168
GAGCCGGTCCAGGCGCTGAG_005,17
GAGCCGGTCCAGGCGCTGAG_006,122
GAGCCGGTCCAGGCGCTGAG_007,193
GAGCCGGTCCAGGCGCTGAG_008,83
GAGCCGGTCCAGGCGCTGAG_009,12
GAGCCGGTCCAGGCGCTGAG_010,112
GAGCCGGTCCAGGCGCTGAG_011,0
GAGCCGGTCCAGGCGCTGAG_012,52
GAGCCGGTCCAGGCGCTGAG_013,8
GAGCCGGTCCAGGCGCTGAG_014,118
GAGCCGGTCCAGGCGCTGAG_015,197
GAGCCGGTCCAGGCGCTGAG_016,86
GAGCCGGTCCAGGCGCTGAG_017,107
GAGCCGGTCCAGGCGCTGAG_018,2
GAGCCGGTCCAGGCGCTGAG_019,60
GAGCCGGTCCAGGCGCTGAG_020,127
GAGCCGGTCCAGGCGCTGAG_021,160
GAGCCGGTCCAGGCGCTGAG_022,63
GAGCCGGTCCAGGCGCTGAG_023,175
GAGCCGGTCCAGGCGCTGAG_024,177
GAGCCGGTCCAGGCGCTGAG_025,74
GAGCCGGTCCAGGCGCTGAG_026,48
GAGCCGGTCCAGGCGCTGAG_027,137
GAGCCGGTCCAGGCGCTGAG_028,130
GAGCCGGTCCAGGCGCTGAG_029,69
GAGCCGGTCCAGGCGCTGAG_030,141
GAGCCGGTCCAGGCGCTGAG_031,48
GAGCCGGTCCAGGCGCTGAG_032,28
GAGCCGGTCCAGGCGCTGAG_033,57
GAGCCGGTCCAGGCGCTGAG_034,61
GAGCCGGTCCAGGCGCTGAG_035,197
CAATAGAGGCTGTATCACCG_001,49
CAATAGAGGCTGTATCACCG_002,183
CAATAGAGGCTGTATCACCG_003,12
CAATAGAGGCTGTATCACCG_004,54
CAATAGAGGCTGTATCACCG_005,112
CAATAGAGGCTGTATCACCG_006,179
CAATAGAGGCTGTATCACCG_007,135
CAATAGAGGCTGTATCACCG_008,198
CAATAGAGGCTGTATCACCG_009,55
CAATAGAGGCTGTATCACCG_010,180
CCTCAAAATAAGCAACACCA_001,152
CCTCAAAATAAGCAACACCA_002,170
CCTCAAAATAAGCAACACCA_003,101
CCTCAAAATAAGCAACACCA_004,57
CCTCAAAATAAGCAACACCA_005,177
CCTCAAAATAAGCAACACCA_006,110
CCTCAAAATAAGCAACACCA_007,100
CCTCAAAATAAGCAACACCA_008,117
CCTCAAAATAAGCAACACCA_009,132
CCTCAAAATAAGCAACACCA_010,123
CCTCAAAATAAGCAACACCA_011,76
CCTCAAAATAAGCAACACCA_012,165
CCTCAAAATAAGCAACACCA_013,38
CCTCAAAATAAGCAACACCA_014,86
CCTCAAAATAAGCAACACCA_015,81
CCTCAAAATAAGCAACACCA_016,83
CCTCAAAATAAGCAACACCA_017,170
CCTCAAAATAAGCAACACCA_018,103
CCTCAAAATAAGCAACACCA_019,68
CCTCAAAATAAGCAACACCA_020,149
CCTCAAAATAAGCAACACCA_021,156
CCTCAAAATAAGCAACACCA_022,121
CCTCAAAATAAGCAACACCA_023,88
CCTCAAAATAAGCAACACCA_024,157
CCTCAAAATAAGCAACACCA_025,58
CCTCAAAATAAGCAACACCA_026,108
CCTCAAAATAAGCAACACCA_027,104
CCTTGCCAAATAACCGTGAA_001,119
CCTTGCCAAATAACCGTGAA_002,127
CCTTGCCAAATAACCGTGAA_003,102
CCTTGCCAAATAACCGTGAA_004,145
CCTTGCCAAATAACCGTGAA_005,84
GCGTCCGATCCTTTGGAACA_001,150
GCGTCCGATCCTTTGGAACA_002,38
GCGTCCGATCCTTTGGAACA_003,70
GAGCAGCGTGCCGATGACGG_001,159
GAGCAGCGTGCCGATGACGG_002,127
GAGCAGCGTGCCGATGACGG_003,50
GAGCAGCGTGCCGATGACGG_004,137
GAGCAGCGTGCCGATGACGG_005,189
GAGCAGCGTGCCGATGACGG_006,2
GAGCAGCGTGCCGATGACGG_007,188
GAGCAGCGTGCCGATGACGG_008,32
GAGCAGCGTGCCGATGACGG_009,9
GAGCAGCGTGCCGATGACGG_010,179
GAGCAGCGTGCCGATGACGG_011,161
GAGCAGCGTGCCGATGACGG_012,58
GAGCAGCGTGCCGATGACGG_013,82
GAGCAGCGTGCCGATGACGG_014,30
GAGCAGCGTGCCGATGACGG_015,181
GAGCAGCGTGCCGATGACGG_016,9
GCGGCATGGCCACCGAACCG_001,179
GCGGCATGGCCACCGAACCG_002,101
GCGGCATGGCCACCGAACCG_003,55
GCGGCATGGCCACCGAACCG_004,124
GCGGCATGGCCACCGAACCG_005,58
GCGGCATGGCCACCGAACCG_006,187
GCGGCATGGCCACCGAACCG_007,188
GCGGCATGGCCACCGAACCG_008,106
GCGGCATGGCCACCGAACCG_009,156
GACTAACCAGAGCACTTCCG_001,191
GACTAACCAGAGCACTTCCG_002,152
GACTAACCAGAGCACTTCCG_003,158
GACTAACCAGAGCACTTCCG_004,152
GACTAACCAGAGCACTTCCG_005,34
GACTAACCAGAGCACTTCCG_006,191
GACTAACCAGAGCACTTCCG_007,76
GACTAACCAGAGCACTTCCG_008,144
GACTAACCAGAGCACTTCCG_009,8
GACTAACCAGAGCACTTCCG_010,188
GACTAACCAGAGCACTTCCG_011,2
GACTAACCAGAGCACTTCCG_012,107
GACTAACCAGAGCACTTCCG_013,77
GACTAACCAGAGCACTTCCG_014,176
GACTAACCAGAGCACTTCCG_015,146
GACTAACCAGAGCACTTCCG_016,169
GACTAACCAGAGCACTTCCG_017,62
GACTAACCAGAGCACTTCCG_018,123
GACTAACCAGAGCACTTCCG_019,139
GACTAACCAGAGCACTTCCG_020,186
GACTAACCAGAGCACTTCCG_021,127
GACTAACCAGAGCACTTCCG_022,127
GACTAACCAGAGCACTTCCG_023,198
GACTAACCAGAGCACTTCCG_024,37
GACTAACCAGAGCACTTCCG_025,172
GACTAACCAGAGCACTTCCG_026,98
GACTAACCAGAGCACTTCCG_027,166
TCATAATTATAGGGTAGTGG_001,81
TCATAATTATAGGGTAGTGG_002,113
CGTGCTGGTCTCCACGACCA_001,68
CGTGCTGGTCTCCACGACCA_002,26
TGGGAATACAGCTGTCGAGG_001,76
CAGTCTCCATGGCCTCCCTG_001,118
CAGTCTCCATGGCCTCCCTG_002,169
CAGTCTCCATGGCCTCCCTG_003,67
CAGTCTCCATGGCCTCCCTG_004,139
CAGTCTCCATGGCCTCCCTG_005,63
CAGTCTCCATGGCCTCCCTG_006,114
CAGTCTCCATGGCCTCCCTG_007,114
CAGTCTCCATGGCCTCCCTG_008,168
CAGTCTCCATGGCCTCCCTG_009,105
CAGTCTCCATGGCCTCCCTG_010,118
CAGTCTCCATGGCCTCCCTG_011,4
CAGTCTCCATGGCCTCCCTG_012,117
CAGTCTCCATGGCCTCCCTG_013,87
CAGTCTCCATGGCCTCCCTG_014,167
CAGTCTCCATGGCCTCCCTG_015,26
CAGTCTCCATGGCCTCCCTG_016,108
CAGTCTCCATGGCCTCCCTG_017,93
CAGTCTCCATGGCCTCCCTG_018,176
CAGTCTCCATGGCCTCCCTG_019,41
CAGTCTCCATGGCCTCCCTG_020,168
CAGTCTCCATGGCCTCCCTG_021,147
CAGTCTCCATGGCCTCCCTG_022,71
CAGTCTCCATGGCCTCCCTG_023,10
CAGTCTCCATGGCCTCCCTG_024,119
CCTCACCTCGTCCATCTCCT_001,70
CCTCACCTCGTCCATCTCCT_002,158
CCTCACCTCGTCCATCTCCT_003,125
CCTCACCTCGTCCATCTCCT_004,9
CCTCACCTCGTCCATCTCCT_005,24
CCTCACCTCGTCCATCTCCT_006,1
CCTCACCTCGTCCATCTCCT_007,40
CCTCACCTCGTCCATCTCCT_008,76
CCTCACCTCGTCCATCTCCT_009,49
CCTCACCTCGTCCATCTCCT_010,124
CCTCATTATGCTGCTTGTGG_001,177
CCTCATTATGCTGCTTGTGG_002,118
CCTCATTATGCTGCTTGTGG_003,27
CCTCATTATGCTGCTTGTGG_004,76
ATAATACTTACAACAACACG_001,147
ATAATACTTACAACAACACG_002,123
ATAATACTTACAACAACACG_003,81
ATAATACTTACAACAACACG_004,158
ATAATACTTACAACAACACG_005,118
ATAATACTTACAACAACACG_006,24
GGAAGAAAAGTGAACGGACA_001,126
GGAAGAAAAGTGAACGGACA_002,12
GGAAGAAAAGTGAACGGACA_003,17
GGAAGAAAAGTGAACGGACA_004,178
GGAAGAAAAGTGAACGGACA_005,178
GGAAGAAAAGTGAACGGACA_006,138
GGAAGAAAAGTGAACGGACA_007,156
GGAAGAAAAGTGAACGGACA_008,147
GGAAGAAAAGTGAACGGACA_009,94
GGAAGAAAAGTGAACGGACA_010,194
TCTACTCACCCTGAATCCTG_001,86
TCTACTCACCCTGAATCCTG_002,155
TCTACTCACCCTGAATCCTG_003,16
TCTACTCACCCTGAATCCTG_004,141
TCTACTCACCCTGAATCCTG_005,30
GAGCCCGGTTCAGACTTGCA_001,62
GAGCCCGGTTCAGACTTGCA_002,141
GAGCCCGGTTCAGACTTGCA_003,51
GAGCCCGGTTCAGACTTGCA_004,177
GAGCCCGGTTCAGACTTGCA_005,119
GAGCCCGGTTCAGACTTGCA_006,147
GAGCCCGGTTCAGACTTGCA_007,163
GAGCCCGGTTCAGACTTGCA_008,87
GAGCCCGGTTCAGACTTGCA_009,62
GAGCCCGGTTCAGACTTGCA_010,183
GAGCCCGGTTCAGACTTGCA_011,8
GAGCCCGGTTCAGACTTGCA_012,121
GAGCCCGGTTCAGACTTGCA_013,160
GAGCCCGGTTCAGACTTGCA_014,2
GAGCCCGGTTCAGACTTGCA_015,47
GAGCCCGGTTCAGACTTGCA_016,51
GAGCCCGGTTCAGACTTGCA_017,63
GAGCCCGGTTCAGACTTGCA_018,77
GAGCCCGGTTCAGACTTGCA_019,149
GAGCCCGGTTCAGACTTGCA_020,61
GAGCCCGGTTCAGACTTGCA_021,50
GAGCCCGGTTCAGACTTGCA_022,35
GAGCCCGGTTCAGACTTGCA_023,73
GAGCCCGGTTCAGACTTGCA_024,159
CGCATTTCCCGGCATCGATG_001,48
CGCATTTCCCGGCATCGATG_002,147
CGCATTTCCCGGCATCGATG_003,63
CGCATTTCCCGGCATCGATG_004,195
CGCATTTCCCGGCATCGATG_005,158
CGCATTTCCCGGCATCGATG_006,174
CGCATTTCCCGGCATCGATG_007,143
CGCATTTCCCGGCATCGATG_008,60
CGCATTTCCCGGCATCGATG_009,84
CGCATTTCCCGGCATCGATG_010,178
CGCATTTCCCGGCATCGATG_011,29
CGCATTTCCCGGCATCGATG_012,176
CGCATTTCCCGGCATCGATG_013,83
AGCCATTGTGGACAAGAACA_001,94
AGCCATTGTGGACAAGAACA_002,77
AGCCATTGTGGACAAGAACA_003,60
AGCCATTGTGGACAAGAACA_004,39
AGCCATTGTGGACAAGAACA_005,140
AGCCATTGTGGACAAGAACA_006,124
AGCCATTGTGGACAAGAACA_007,95
AGCCATTGTGGACAAGAACA_008,27
AGCCATTGTGGACAAGAACA_009,102
AGCCATTGTGGACAAGAACA_010,113
AGCCATTGTGGACAAGAACA_011,140
AGCCATTGTGGACAAGAACA_012,146
AGCCATTGTGGACAAGAACA_013,165
AGCCATTGTGGACAAGAACA_014,11
AGCCATTGTGGACAAGAACA_015,127
AGCCATTGTGGACAAGAACA_016,138
AGCCATTGTGGACAAGAACA_017,124
AGCAGAAACTGCTTCATGGC_001,147
AGCAGAAACTGCTTCATGGC_002,198
AGCAGAAACTGCTTCATGGC_003,145
AGCAGAAACTGCTTCATGGC_004,47
AGCAGAAACTGCTTCATGGC_005,56
AGCAGAAACTGCTTCATGGC_006,165
AGCAGAAACTGCTTCATGGC_007,55
AGGTCGAGTGCAGCTGATGA_001,152
AGGTCGAGTGCAGCTGATGA_002,96
AGGTCGAGTGCAGCTGATGA_003,12
AGGTCGAGTGCAGCTGATGA_004,127
AGGTCGAGTGCAGCTGATGA_005,160
AGGTCGAGTGCAGCTGATGA_006,180
AGGTCGAGTGCAGCTGATGA_007,159
GCAATGTTGCAAACCAACAT_001,127
GCAATGTTGCAAACCAACAT_002,63
GCAATGTTGCAAACCAACAT_003,88
GCAATGTTGCAAACCAACAT_004,144
GCAATGTTGCAAACCAACAT_005,35
GCAATGTTGCAAACCAACAT_006,179
GCAATGTTGCAAACCAACAT_007,145
GCAATGTTGCAAACCAACAT_008,41
GCAATGTTGCAAACCAACAT_009,163
GGAAACACAACTCGCCGGAG_001,28
GGAAACACAACTCGCCGGAG_002,87
GGACTCAGGGAAGTAGACGT_001,2
GGACTCAGGGAAGTAGACGT_002,199
GGACTCAGGGAAGTAGACGT_003,41
GGACTCAGGGAAGTAGACGT_004,188
GGACTCAGGGAAGTAGACGT_005,105
GGACTCAGGGAAGTAGACGT_006,48
GGACTCAGGGAAGTAGACGT_007,5
GGACTCAGGGAAGTAGACGT_008,70
TGGTCAATGATATTAGATGG_001,108
TGGTCAATGATATTAGATGG_002,179
CTTGGGCAACGAGATAGCGT_001,96
CTTGGGCAACGAGATAGCGT_002,199
CTTGGGCAACGAGATAGCGT_003,107
CTTGGGCAACGAGATAGCGT_004,41
CTTGGGCAACGAGATAGCGT_005,41
CTTGGGCAACGAGATAGCGT_006,8
CTTGGGCAACGAGATAGCGT_007,9
CTTGGGCAACGAGATAGCGT_008,76
CTTGGGCAACGAGATAGCGT_009,150
CTTGGGCAACGAGATAGCGT_010,27
ATGGGCAAGACCGCTCGCCG_001,28
ATGGGCAAGACCGCTCGCCG_002,126
ATGGGCAAGACCGCTCGCCG_003,36
ATGGGCAAGACCGCTCGCCG_004,175
ATGGGCAAGACCGCTCGCCG_005,60
ATGGGCAAGACCGCTCGCCG_006,113
ATGGGCAAGACCGCTCGCCG_007,55
ATGGGCAAGACCGCTCGCCG_008,70
ATGGGCAAGACCGCTCGCCG_009,17
ATGGGCAAGACCGCTCGCCG_010,12
ATGGGCAAGACCGCTCGCCG_011,28
ATGGGCAAGACCGCTCGCCG_012,159
ATGGGCAAGACCGCTCGCCG_013,48
ATGGGCAAGACCGCTCGCCG_014,62
ATGGGCAAGACCGCTCGCCG_015,81
ATGGGCAAGACCGCTCGCCG_016,10
CAAGAACTACCGATACCGTG_001,162
CAAGAACTACCGATACCGTG_002,14
AATTCAAGTCTATGCAGAAG_001,140
AATTCAAGTCTATGCAGAAG_002,188
AATTCAAGTCTATGCAGAAG_003,46
AAAAGCTCTGTGGTGCAGTG_001,63
AAAAGCTCTGTGGTGCAGTG_002,34
AAAAGCTCTGTGGTGCAGTG_003,78
AAAAGCTCTGTGGTGCAGTG_004,19
AAAAGCTCTGTGGTGCAGTG_005,176
AAAAGCTCTGTGGTGCAGTG_006,43
AAAAGCTCTGTGGTGCAGTG_007,11
AAAAGCTCTGTGGTGCAGTG_008,123
AAAAGCTCTGTGGTGCAGTG_009,184
AAAAGCTCTGTGGTGCAGTG_010,134
AAAAGCTCTGTGGTGCAGTG_011,27
AAAAGCTCTGTGGTGCAGTG_012,130
AAAAGCTCTGTGGTGCAGTG_013,188
AAAAGCTCTGTGGTGCAGTG_014,41
AAAAGCTCTGTGGTGCAGTG_015,77
AAAAGCTCTGTGGTGCAGTG_016,151
AAAAGCTCTGTGGTGCAGTG_017,76
AAAAGCTCTGTGGTGCAGTG_018,88
AAAAGCTCTGTGGTGCAGTG_019,30
AAAAGCTCTGTGGTGCAGTG_020,106
GTCCTCCAACTTATCTACGG_001,142
GTCCTCCAACTTATCTACGG_002,1
GTCCTCCAACTTATCTACGG_003,19
GTCCTCCAACTTATCTACGG_004,141
GTCCTCCAACTTATCTACGG_005,133
TCCATCTTCAGCATAACGAG_001,170
TCCATCTTCAGCATAACGAG_002,95
TCCATCTTCAGCATAACGAG_003,112
TCCATCTTCAGCATAACGAG_004,43
TCCATCTTCAGCATAACGAG_005,161
TCCATCTTCAGCATAACGAG_006,6
TCCATCTTCAGCATAACGAG_007,86
TCCATCTTCAGCATAACGAG_008,46
TCCATCTTCAGCATAACGAG_009,119
TCCATCTTCAGCATAACGAG_010,187
TCCATCTTCAGCATAACGAG_011,49
TCCATCTTCAGCATAACGAG_012,119
TCCTCAGGATCTCAAACCTG_001,2
TCCTCAGGATCTCAAACCTG_002,169
TCCTCAGGATCTCAAACCTG_003,27
GAAATGCAGTCTGAAGACTG_001,172
GAAATGCAGTCTGAAGACTG_002,24
GAAATGCAGTCTGAAGACTG_003,178
GAAATGCAGTCTGAAGACTG_004,106
GAAATGCAGTCTGAAGACTG_005,41
GAAATGCAGTCTGAAGACTG_006,16
GAAATGCAGTCTGAAGACTG_007,152
GAAATGCAGTCTGAAGACTG_008,197
AAGATCTCCATGAGGCACGA_001,72
AAGATCTCCATGAGGCACGA_002,2
AAGATCTCCATGAGGCACGA_003,170
AAGATCTCCATGAGGCACGA_004,88
AAGATCTCCATGAGGCACGA_005,94
AAGATCTCCATGAGGCACGA_006,2
AAGATCTCCATGAGGCACGA_007,192
AAGATCTCCATGAGGCACGA_008,5
AAGATCTCCATGAGGCACGA_009,2
AAGATCTCCATGAGGCACGA_010,182
AAGATCTCCATGAGGCACGA_011,134
AAGATCTCCATGAGGCACGA_012,158
AAGATCTCCATGAGGCACGA_013,49
AAGATCTCCATGAGGCACGA_014,81
AAGATCTCCATGAGGCACGA_015,44
AAGATCTCCATGAGGCACGA_016,12
AGAGAACCCAGTAATATCCA_001,173
AGAGAACCCAGTAATATCCA_002,173
TGAAGTAGATCCCCACCGTG_001,48
TGAAGTAGATCCCCACCGTG_002,88
TGAAGTAGATCCCCACCGTG_003,149
TGAAGTAGATCCCCACCGTG_004,151
TGAAGTAGATCCCCACCGTG_005,124
TGAAGTAGATCCCCACCGTG_006,70
ATTAGCCAGGCCCACCATGT_001,5
ATTAGCCAGGCCCACCATGT_002,111
ATTAGCCAGGCCCACCATGT_003,113
ATTAGCCAGGCCCACCATGT_004,144
ATTAGCCAGGCCCACCATGT_005,6
ATTAGCCAGGCCCACCATGT_006,62
ATTAGCCAGGCCCACCATGT_007,153
ATTAGCCAGGCCCACCATGT_008,144
ATTAGCCAGGCCCACCATGT_009,83
ATTAGCCAGGCCCACCATGT_010,68
ATTAGCCAGGCCCACCATGT_011,106
ATTAGCCAGGCCCACCATGT_012,89
GCTGCTGATAATCGAGTGCA_001,96
GCTGCTGATAATCGAGTGCA_002,5
GCTGCTGATAATCGAGTGCA_003,72
GCTGCTGATAATCGAGTGCA_004,190
GCTGCTGATAATCGAGTGCA_005,187
GCTGCTGATAATCGAGTGCA_006,15
TTTGATGGTATAGACGACGG_001,172
TTTGATGGTATAGACGACGG_002,58
TTTGATGGTATAGACGACGG_003,113
TTTGATGGTATAGACGACGG_004,146
TTTGATGGTATAGACGACGG_005,183
TAGGTGAAGAGTCACCGCGT_001,104
TAGGTGAAGAGTCACCGCGT_002,2
TAGGTGAAGAGTCACCGCGT_003,199
TAGGTGAAGAGTCACCGCGT_004,53
TAGGTGAAGAGTCACCGCGT_005,30
TAGGTGAAGAGTCACCGCGT_006,81
TAGGTGAAGAGTCACCGCGT_007,34
TAGGTGAAGAGTCACCGCGT_008,146
TAGGTGAAGAGTCACCGCGT_009,30
TAGGTGAAGAGTCACCGCGT_010,17
TAGGTGAAGAGTCACCGCGT_011,127
TAGGTGAAGAGTCACCGCGT_012,191
TGAACTCTCAGCAAAACAAG_001,172
TGAACTCTCAGCAAAACAAG_002,172
TGAACTCTCAGCAAAACAAG_003,92
TGAACTCTCAGCAAAACAAG_004,28
TAACCCCTGAGCGCCCGAGT_001,132
TAACCCCTGAGCGCCCGAGT_002,40
TAACCCCTGAGCGCCCGAGT_003,150
TAACCCCTGAGCGCCCGAGT_004,10
TAACCCCTGAGCGCCCGAGT_005,74
TAACCCCTGAGCGCCCGAGT_006,68
TAACCCCTGAGCGCCCGAGT_007,61
TAACCCCTGAGCGCCCGAGT_008,33
TAACCCCTGAGCGCCCGAGT_009,27
TAACCCCTGAGCGCCCGAGT_010,132
TAACCCCTGAGCGCCCGAGT_011,9
TAACCCCTGAGCGCCCGAGT_012,22
CAGTTATCTTGCACACAAGT_001,157
CAGTTATCTTGCACACAAGT_002,84
CAGTTATCTTGCACACAAGT_003,68
CAGTTATCTTGCACACAAGT_004,39
CAGTTATCTTGCACACAAGT_005,62
AAAGCAAAAGAATCCGATGG_001,28
AAAGCAAAAGAATCCGATGG_002,1
AAAGCAAAAGAATCCGATGG_003,48
AAAGCAAAAGAATCCGATGG_004,50
AAAGCAAAAGAATCCGATGG_005,86
AAAGCAAAAGAATCCGATGG_006,190
AAAGCAAAAGAATCCGATGG_007,156
AGCCTTATGAGCAACCGAGG_001,61
AGCCTTATGAGCAACCGAGG_002,42
CTGGTGCTTACAGCTCGGGA_001,6
CTGGTGCTTACAGCTCGGGA_002,182
CTGGTGCTTACAGCTCGGGA_003,54
CTGGTGCTTACAGCTCGGGA_004,83
CTGGTGCTTACAGCTCGGGA_005,113
CTGGTGCTTACAGCTCGGGA_006,136
CTGGTGCTTACAGCTCGGGA_007,1
CTGGTGCTTACAGCTCGGGA_008,33
CTGGTGCTTACAGCTCGGGA_009,132
CTGGTGCTTACAGCTCGGGA_010,177
CTGGTGCTTACAGCTCGGGA_011,63
CTGGTGCTTACAGCTCGGGA_012,191
CTGGTGCTTACAGCTCGGGA_013,53
CTGGTGCTTACAGCTCGGGA_014,62
CTGGTGCTTACAGCTCGGGA_015,160
CTGGTGCTTACAGCTCGGGA_016,160
CTGGTGCTTACAGCTCGGGA_017,60
CTGGTGCTTACAGCTCGGGA_018,47
GGTAGGCAGCGATGGTCATG_001,172
GGTAGGCAGCGATGGTCATG_002,137
GGTAGGCAGCGATGGTCATG_003,68
GGTAGGCAGCGATGGTCATG_004,104
GGTAGGCAGCGATGGTCATG_005,65
GGTAGGCAGCGATGGTCATG_006,77
GGTAGGCAGCGATGGTCATG_007,19
GGTAGGCAGCGATGGTCATG_008,106
GATCAGGACCGGATATATGT_001,36
GATCAGGACCGGATATATGT_002,6
GATCAGGACCGGATATATGT_003,62
GATCAGGACCGGATATATGT_004,66
GTGATTAAACTCAAAGGGGG_001,198
GTGATTAAACTCAAAGGGGG_002,143
GTGATTAAACTCAAAGGGGG_003,59
GTGATTAAACTCAAAGGGGG_004,118
GTGATTAAACTCAAAGGGGG_005,16
GTGATTAAACTCAAAGGGGG_006,13
TATCAATCGTCCGGGTCACT_001,170
TATCAATCGTCCGGGTCACT_002,166
TATCAATCGTCCGGGTCACT_003,115
TATCAATCGTCCGGGTCACT_004,29
TATCAATCGTCCGGGTCACT_005,177
TATCAATCGTCCGGGTCACT_006,138
TATCAATCGTCCGGGTCACT_007,118
CTGGATGAAAAGCATCAAGG_001,152
CTGGATGAAAAGCATCAAGG_002,43
CTGGATGAAAAGCATCAAGG_003,130
CTGGATGAAAAGCATCAAGG_004,7
CTGGATGAAAAGCATCAAGG_005,72
CTGGATGAAAAGCATCAAGG_006,72
CTGGATGAAAAGCATCAAGG_007,41
CTGGATGAAAAGCATCAAGG_008,66
GAAAAGAAAAATGAGTTCCA_001,163
GAAAAGAAAAATGAGTTCCA_002,104
GAAAAGAAAAATGAGTTCCA_003,60
GAAAAGAAAAATGAGTTCCA_004,105
GAAAAGAAAAATGAGTTCCA_005,184
GAAAAGAAAAATGAGTTCCA_006,16
CGGATCGCCCACCTAAACCG_001,121
CGGATCGCCCACCTAAACCG_002,14
CGGATCGCCCACCTAAACCG_003,196
CGGATCGCCCACCTAAACCG_004,67
CGGATCGCCCACCTAAACCG_005,64
CGGATCGCCCACCTAAACCG_006,70
CGGATCGCCCACCTAAACCG_007,23
CGGATCGCCCACCTAAACCG_008,168
CGGATCGCCCACCTAAACCG_009,166
CGGATCGCCCACCTAAACCG_010,127
CGGATCGCCCACCTAAACCG_011,158
CGGATCGCCCACCTAAACCG_012,63
CGGATCGCCCACCTAAACCG_013,65
CGGATCGCCCACCTAAACCG_014,106
CGGATCGCCCACCTAAACCG_015,172
CGGATCGCCCACCTAAACCG_016,157
CGGATCGCCCACCTAAACCG_017,19
CGGATCGCCCACCTAAACCG_018,188
TGGACCAAGGTATCCTCGGT_001,172
TGGACCAAGGTATCCTCGGT_002,29
TGGACCAAGGTATCCTCGGT_003,144
TCTCCCGCAAGGCTGTAATG_001,40
TCTCCCGCAAGGCTGTAATG_002,149
TGTTGACAAACAGGACCTTG_001,105
TGTTGACAAACAGGACCTTG_002,61
TGTTGACAAACAGGACCTTG_003,141
TGTTGACAAACAGGACCTTG_004,160
TGTTGACAAACAGGACCTTG_005,95
GAGCTGTCGAAGCAGCTCCG_001,100
GTCTCGGGCCAACGCCAAGG_001,84
GTCTCGGGCCAACGCCAAGG_002,199
GTCTCGGGCCAACGCCAAGG_003,18
GTCTCGGGCCAACGCCAAGG_004,142
GTCTCGGGCCAACGCCAAGG_005,14
ACAGGGAGGGACAACCACCG_001,103
ACAGGGAGGGACAACCACCG_002,130
ACAGGGAGGGACAACCACCG_003,170
ACAGGGAGGGACAACCACCG_004,152
ACAGGGAGGGACAACCACCG_005,43
ACAGGGAGGGACAACCACCG_006,15
ACAGGGAGGGACAACCACCG_007,8
ACAGGGAGGGACAACCACCG_008,39
ACAGGGAGGGACAACCACCG_009,2
ACAGGGAGGGACAACCACCG_010,137
ACAGGGAGGGACAACCACCG_011,163
ACAGGGAGGGACAACCACCG_012,102
ACAGGGAGGGACAACCACCG_013,190
ACAGGGAGGGACAACCACCG_014,197
ACAGGGAGGGACAACCACCG_015,124
ACAGGGAGGGACAACCACCG_016,49
ACAGGGAGGGACAACCACCG_017,25
ACAGGGAGGGACAACCACCG_018,83
ACAGGGAGGGACAACCACCG_019,127
ACAGGGAGGGACAACCACCG_020,170
ACAGGGAGGGACAACCACCG_021,114
ACAGGGAGGGACAACCACCG_022,81
ACAGGGAGGGACAACCACCG_023,130
ACAGGGAGGGACAACCACCG_024,97
ACAGGGAGGGACAACCACCG_025,75
ACAGGGAGGGACAACCACCG_026,113
ACAGGGAGGGACAACCACCG_027,142
ACAGGGAGGGACAACCACCG_028,62
ACAGGGAGGGACAACCACCG_029,131
ACAGGGAGGGACAACCACCG_030,88
ACAGGGAGGGACAACCACCG_031,199
ACAGGGAGGGACAACCACCG_032,70
ACAGGGAGGGACAACCACCG_033,188
ACAGGGAGGGACAACCACCG_034,167
ACAGGGAGGGACAACCACCG_035,82
ACAGGGAGGGACAACCACCG_036,152
ACAGGGAGGGACAACCACCG_037,137
ACAGGGAGGGACAACCACCG_038,46
ACAGGGAGGGACAACCACCG_039,12
ACAGGGAGGGACAACCACCG_040,162
ACAGGGAGGGACAACCACCG_041,48
ACAGGGAGGGACAACCACCG_042,62
ACAGGGAGGGACAACCACCG_043,70
ACAGGGAGGGACAACCACCG_044,27
ACAGGGAGGGACAACCACCG_045,184
ACAGGGAGGGACAACCACCG_046,169
ACAGGGAGGGACAACCACCG_047,118
ACAGGGAGGGACAACCACCG_048,28
ACAGGGAGGGACAACCACCG_049,60
ACAGGGAGGGACAACCACCG_050,83
ACAGGGAGGGACAACCACCG_051,174
ACAGGGAGGGACAACCACCG_052,20
ACAGGGAGGGACAACCACCG_053,23
ACAGGGAGGGACAACCACCG_054,116
ACAGGGAGGGACAACCACCG_055,70
ACAGGGAGGGACAACCACCG_056,180
ACAGGGAGGGACAACCACCG_057,27
ACAGGGAGGGACAACCACCG_058,2
ACAGGGAGGGACAACCACCG_059,37
ACAGGGAGGGACAACCACCG_060,136
ACAGGGAGGGACAACCACCG_061,60
ACAGGGAGGGACAACCACCG_062,146
ACAGGGAGGGACAACCACCG_063,56
ACAGGGAGGGACAACCACCG_064,35
ACAGGGAGGGACAACCACCG_065,105
TGCCTTACTTGGAGGAACTG_001,115
TGCCTTACTTGGAGGAACTG_002,1
TGCCTTACTTGGAGGAACTG_003,170
TGCCTTACTTGGAGGAACTG_004,172
TGCCTTACTTGGAGGAACTG_005,2
TGCCTTACTTGGAGGAACTG_006,97
TGCCTTACTTGGAGGAACTG_007,14
TGCCTTACTTGGAGGAACTG_008,149
TGCCTTACTTGGAGGAACTG_009,59
TGCCTTACTTGGAGGAACTG_010,150
TGCCTTACTTGGAGGAACTG_011,15
TGCCTTACTTGGAGGAACTG_012,50
TGCCTTACTTGGAGGAACTG_013,2
TGCCTTACTTGGAGGAACTG_014,101
TGCCTTACTTGGAGGAACTG_015,158
TGCCTTACTTGGAGGAACTG_016,48
TGCCTTACTTGGAGGAACTG_017,169
TGCCTTACTTGGAGGAACTG_018,28
TGCCTTACTTGGAGGAACTG_019,24
TGCCTTACTTGGAGGAACTG_020,31
CACCCCCATCTACTTAGGGG_001,77
CACCCCCATCTACTTAGGGG_002,7
CACCCCCATCTACTTAGGGG_003,122
CACCCCCATCTACTTAGGGG_004,169
CACCCCCATCTACTTAGGGG_005,157
CACCCCCATCTACTTAGGGG_006,94
CACCCCCATCTACTTAGGGG_007,82
CACCCCCATCTACTTAGGGG_008,51
ATTGACCGAATTAACAGACC_001,150
ATTGACCGAATTAACAGACC_002,70
CATGCCATAAGACGTTACGC_001,162
CATGCCATAAGACGTTACGC_002,158
CATGCCATAAGACGTTACGC_003,61
CATGCCATAAGACGTTACGC_004,162
CATGCCATAAGACGTTACGC_005,192
CATGCCATAAGACGTTACGC_006,161
CATGCCATAAGACGTTACGC_007,49
CATGCCATAAGACGTTACGC_008,81
CATGCCATAAGACGTTACGC_009,86
CATGCCATAAGACGTTACGC_010,77
CATGCCATAAGACGTTACGC_011,185
CATGCCATAAGACGTTACGC_012,115
CATGCCATAAGACGTTACGC_013,102
CATGCCATAAGACGTTACGC_014,78
CATGCCATAAGACGTTACGC_015,51
CATGCCATAAGACGTTACGC_016,76
CATGCCATAAGACGTTACGC_017,74
CATGCCATAAGACGTTACGC_018,84
CATGCCATAAGACGTTACGC_019,198
CATGCCATAAGACGTTACGC_020,170
CATGCCATAAGACGTTACGC_021,80
CATGCCATAAGACGTTACGC_022,188
CATGCCATAAGACGTTACGC_023,33
GGATGCCTGAGTAGAAGATG_001,178
GGATGCCTGAGTAGAAGATG_002,121
GGATGCCTGAGTAGAAGATG_003,96
GGATGCCTGAGTAGAAGATG_004,56
GGTATCGATGAACTGCTGAG_001,29
GGTATCGATGAACTGCTGAG_002,145
GGTATCGATGAACTGCTGAG_003,105
GGTATCGATGAACTGCTGAG_004,124
CTGGCTTCCTGATATCGTGA_001,10
CTGGCTTCCTGATATCGTGA_002,45
CTGGCTTCCTGATATCGTGA_003,88
CTGGCTTCCTGATATCGTGA_004,130
CTGGCTTCCTGATATCGTGA_005,49
GTTCCCATTGAACAGACACA_001,48
GTTCCCATTGAACAGACACA_002,115
GTTCCCATTGAACAGACACA_003,126
GTTCCCATTGAACAGACACA_004,41
GTTCCCATTGAACAGACACA_005,2
GTTCCCATTGAACAGACACA_006,98
TCCACCGTCACCATGGACCA_001,19
TCCACCGTCACCATGGACCA_002,82
TCCACCGTCACCATGGACCA_003,163
TCCACCGTCACCATGGACCA_004,51
TCCACCGTCACCATGGACCA_005,88
TCCACCGTCACCATGGACCA_006,24
TCCACCGTCACCATGGACCA_007,169
TCCACCGTCACCATGGACCA_008,93
TCCACCGTCACCATGGACCA_009,168
TCCACCGTCACCATGGACCA_010,50
TCCACCGTCACCATGGACCA_011,67
TCCACCGTCACCATGGACCA_012,95
TCCACCGTCACCATGGACCA_013,93
TCCACCGTCACCATGGACCA_014,78
TCCACCGTCACCATGGACCA_015,40
TCCACCGTCACCATGGACCA_016,56
TCCACCGTCACCATGGACCA_017,5
TCCACCGTCACCATGGACCA_018,198
AGCCCCGGGGCACGGAACCA_001,137
AGCCCCGGGGCACGGAACCA_002,15
AGCCCCGGGGCACGGAACCA_003,116
AGCCCCGGGGCACGGAACCA_004,94
AGCCCCGGGGCACGGAACCA_005,52
AGCCCCGGGGCACGGAACCA_006,103
AGTGGCACGAAGTCGCGCCA_001,191
AGTGGCACGAAGTCGCGCCA_002,115
AGTGGCACGAAGTCGCGCCA_003,134
AGTGGCACGAAGTCGCGCCA_004,171
AGTGGCACGAAGTCGCGCCA_005,56
AGTGGCACGAAGTCGCGCCA_006,74
AGTGGCACGAAGTCGCGCCA_007,23
AGTGGCACGAAGTCGCGCCA_008,95
AGTGGCACGAAGTCGCGCCA_009,44
AGTGGCACGAAGTCGCGCCA_010,183
AGTGGCACGAAGTCGCGCCA_011,28
AGTGGCACGAAGTCGCGCCA_012,163
AGTGGCACGAAGTCGCGCCA_013,135
AGTGGCACGAAGTCGCGCCA_014,98
AGTGGCACGAAGTCGCGCCA_015,110
AGTGGCACGAAGTCGCGCCA_016,195
AGTGGCACGAAGTCGCGCCA_017,188
AGTGGCACGAAGTCGCGCCA_018,43
AGTGGCACGAAGTCGCGCCA_019,49
AGTGGCACGAAGTCGCGCCA_020,40
AGTGGCACGAAGTCGCGCCA_021,60
AGTGGCACGAAGTCGCGCCA_022,43
AGTGGCACGAAGTCGCGCCA_023,188
AGTGGCACGAAGTCGCGCCA_024,177
GGTCAGGCACTTGGCAAGAG_001,29
GGTCAGGCACTTGGCAAGAG_002,24
GGTCAGGCACTTGGCAAGAG_003,154
GGTCAGGCACTTGGCAAGAG_004,197
GGTCAGGCACTTGGCAAGAG_005,0
GGTCAGGCACTTGGCAAGAG_006,60
GGTCAGGCACTTGGCAAGAG_007,37
GGTCAGGCACTTGGCAAGAG_008,121
GGTCAGGCACTTGGCAAGAG_009,103
GGTCAGGCACTTGGCAAGAG_010,148
GGTCAGGCACTTGGCAAGAG_011,141
GGTCAGGCACTTGGCAAGAG_012,146
GGTCAGGCACTTGGCAAGAG_013,188
GGTCAGGCACTTGGCAAGAG_014,146
GGTCAGGCACTTGGCAAGAG_015,35
GGTCAGGCACTTGGCAAGAG_016,138
GGTCAGGCACTTGGCAAGAG_017,123
CAGGTGCGGGAAGTAGACCT_001,65
CAGGTGCGGGAAGTAGACCT_002,144
CAGGTGCGGGAAGTAGACCT_003,137
CAGGTGCGGGAAGTAGACCT_004,199
CAGGTGCGGGAAGTAGACCT_005,188
GTACACGGCGAAGGCGCGGT_001,168
GTACACGGCGAAGGCGCGGT_002,148
GTACACGGCGAAGGCGCGGT_003,159
GTACACGGCGAAGGCGCGGT_004,163
GTACACGGCGAAGGCGCGGT_005,90
GTACACGGCGAAGGCGCGGT_006,102
GTACACGGCGAAGGCGCGGT_007,121
GTACACGGCGAAGGCGCGGT_008,126
GTACACGGCGAAGGCGCGGT_009,98
GTACACGGCGAAGGCGCGGT_010,38
GTACACGGCGAAGGCGCGGT_011,170
GTACACGGCGAAGGCGCGGT_012,29
GTACACGGCGAAGGCGCGGT_013,184
GTACACGGCGAAGGCGCGGT_014,145
GTACACGGCGAAGGCGCGGT_015,94
GTACACGGCGAAGGCGCGGT_016,34
GTACACGGCGAAGGCGCGGT_017,1
GTACACGGCGAAGGCGCGGT_018,3
GTACACGGCGAAGGCGCGGT_019,118
ACTGGTTGTGAGATGGAACA_001,63
ACTGGTTGTGAGATGGAACA_002,159
ACTGGTTGTGAGATGGAACA_003,121
ACTGGTTGTGAGATGGAACA_004,69
ACTGGTTGTGAGATGGAACA_005,144
ACTGGTTGTGAGATGGAACA_006,98
ACTGGTTGTGAGATGGAACA_007,186
ACTGGTTGTGAGATGGAACA_008,2
ACTGGTTGTGAGATGGAACA_009,88
ACTGGTTGTGAGATGGAACA_010,176
ACTGGTTGTGAGATGGAACA_011,9
ACTGGTTGTGAGATGGAACA_012,94
ACTGGTTGTGAGATGGAACA_013,108
ACTGGTTGTGAGATGGAACA_014,39
ACTGGTTGTGAGATGGAACA_015,7
AGATTTGACCGTACCCTGGG_001,43
AGATTTGACCGTACCCTGGG_002,171
AGATTTGACCGTACCCTGGG_003,171
GCATAGGCCCAATCATTTCA_001,50
TGTCACCGCGAATGTCACTG_001,35
TGTCACCGCGAATGTCACTG_002,123
TGTCACCGCGAATGTCACTG_003,81
TGTCACCGCGAATGTCACTG_004,150
TGTCACCGCGAATGTCACTG_005,149
TGTCACCGCGAATGTCACTG_006,148
TGTCACCGCGAATGTCACTG_007,16
TGTCACCGCGAATGTCACTG_008,169
TGTCACCGCGAATGTCACTG_009,81
AAGTTACAAGGGATCGCCAA_001,147
AAGTTACAAGGGATCGCCAA_002,43
AAGTTACAAGGGATCGCCAA_003,80
AAGTTACAAGGGATCGCCAA_004,115
AAGTTACAAGGGATCGCCAA_005,68
AAGTTACAAGGGATCGCCAA_006,114
AAGTTACAAGGGATCGCCAA_007,114
AAGTTACAAGGGATCGCCAA_008,148
AAGTTACAAGGGATCGCCAA_009,60
AAGACGACTGTGAAGCACTG_001,1
AAGACGACTGTGAAGCACTG_002,81
AAGACGACTGTGAAGCACTG_003,160
AAGACGACTGTGAAGCACTG_004,137
AAGACGACTGTGAAGCACTG_005,64
AAGACGACTGTGAAGCACTG_006,137
AAGACGACTGTGAAGCACTG_007,156
AAGACGACTGTGAAGCACTG_008,130
AAGACGACTGTGAAGCACTG_009,149
AAGACGACTGTGAAGCACTG_010,158
AAGACGACTGTGAAGCACTG_011,75
AAGACGACTGTGAAGCACTG_012,150
AAGACGACTGTGAAGCACTG_013,178
AAGACGACTGTGAAGCACTG_014,115
AAGACGACTGTGAAGCACTG_015,170
AAGACGACTGTGAAGCACTG_016,197
AAGACGACTGTGAAGCACTG_017,147
AAGACGACTGTGAAGCACTG_018,40
AAGACGACTGTGAAGCACTG_019,126
AAGACGACTGTGAAGCACTG_020,62
AAGACGACTGTGAAGCACTG_021,160
AAGACGACTGTGAAGCACTG_022,198
AAGACGACTGTGAAGCACTG_023,147
AAGACGACTGTGAAGCACTG_024,63
AAGACGACTGTGAAGCACTG_025,46
GAAGTCACCGAACTCTCCAC_001,32
GAAGTCACCGAACTCTCCAC_002,98
GAAGTCACCGAACTCTCCAC_003,5
GAAGTCACCGAACTCTCCAC_004,94
GAAGTCACCGAACTCTCCAC_005,8
GAAGTCACCGAACTCTCCAC_006,137
GAAGTCACCGAACTCTCCAC_007,177
GAAGTCACCGAACTCTCCAC_008,0
GTGATCTGCTGACTCAGCCT_001,130
GTGATCTGCTGACTCAGCCT_002,130
GTGATCTGCTGACTCAGCCT_003,92
GTGATCTGCTGACTCAGCCT_004,77
GTGATCTGCTGACTCAGCCT_005,185
GTGATCTGCTGACTCAGCCT_006,78
GTGATCTGCTGACTCAGCCT_007,127
GTGATCTGCTGACTCAGCCT_008,147
TCACCGTACTGTCCACGCCG_001,40
TCACCGTACTGTCCACGCCG_002,47
TCACCGTACTGTCCACGCCG_003,97
TCACCGTACTGTCCACGCCG_004,185
TCACCGTACTGTCCACGCCG_005,105
TCACCGTACTGTCCACGCCG_006,34
TCACCGTACTGTCCACGCCG_007,125
TCACCGTACTGTCCACGCCG_008,169
TCACCGTACTGTCCACGCCG_009,24
TCACCGTACTGTCCACGCCG_010,77
TCACCGTACTGTCCACGCCG_011,116
TCACCGTACTGTCCACGCCG_012,120
TCACCGTACTGTCCACGCCG_013,42
TCACCGTACTGTCCACGCCG_014,14
TCACCGTACTGTCCACGCCG_015,126
TCACCGTACTGTCCACGCCG_016,168
TCACCGTACTGTCCACGCCG_017,52
ACTTGGTCAATCTTGTCCAG_001,157
ACTTGGTCAATCTTGTCCAG_002,192
ACTTGGTCAATCTTGTCCAG_003,2
GCATGCAGTCCTTGAGCTCG_001,45
GCATGCAGTCCTTGAGCTCG_002,184
GCATGCAGTCCTTGAGCTCG_003,122
GCATGCAGTCCTTGAGCTCG_004,145
GCATGCAGTCCTTGAGCTCG_005,127
GCATGCAGTCCTTGAGCTCG_006,169
GCATGCAGTCCTTGAGCTCG_007,191
GCATGCAGTCCTTGAGCTCG_008,12
GCATGCAGTCCTTGAGCTCG_009,132
GCATGCAGTCCTTGAGCTCG_010,25
GCATGCAGTCCTTGAGCTCG_011,8
GCATGCAGTCCTTGAGCTCG_012,57
GCATGCAGTCCTTGAGCTCG_013,24
GCATGCAGTCCTTGAGCTCG_014,24
GCATGCAGTCCTTGAGCTCG_015,112
GCATGCAGTCCTTGAGCTCG_016,59
GCATGCAGTCCTTGAGCTCG_017,107
TGGAGCACCTCATATGAGCA_001,113
TGGAGCACCTCATATGAGCA_002,15
TGGAGCACCTCATATGAGCA_003,42
TGGAGCACCTCATATGAGCA_004,197
TGGAGCACCTCATATGAGCA_005,191
AGAACCAATGTACTGATGTG_001,199
AGAACCAATGTACTGATGTG_002,70
AGAACCAATGTACTGATGTG_003,122
AGAACCAATGTACTGATGTG_004,182
AGAACCAATGTACTGATGTG_005,110
AGAACCAATGTACTGATGTG_006,15
AGAACCAATGTACTGATGTG_007,103
AGAACCAATGTACTGATGTG_008,195
AGAACCAATGTACTGATGTG_009,131
AGAACCAATGTACTGATGTG_010,199
AGAACCAATGTACTGATGTG_011,88
AGAACCAATGTACTGATGTG_012,107
AGAACCAATGTACTGATGTG_013,138
AGAACCAATGTACTGATGTG_014,199
CTAACAATACTAAGCAAGGG_001,60
CTAACAATACTAAGCAAGGG_002,53
CTAACAATACTAAGCAAGGG_003,25
GATGATAAATATAAGCCACA_001,116
GATGATAAATATAAGCCACA_002,88
GATGATAAATATAAGCCACA_003,92
GATGATAAATATAAGCCACA_004,4
CATCACCATCAGTGACACGA_001,102
CATCACCATCAGTGACACGA_002,33
CATCACCATCAGTGACACGA_003,121
CATCACCATCAGTGACACGA_004,52
CATCACCATCAGTGACACGA_005,3
CATCACCATCAGTGACACGA_006,1
CATCACCATCAGTGACACGA_007,18
AGACACGCTTCACTGATACC_001,31
AGACACGCTTCACTGATACC_002,141
AGACACGCTTCACTGATACC_003,155
AGACACGCTTCACTGATACC_004,100
GCAATGCTACGTGAATGCAG_001,72
GCAATGCTACGTGAATGCAG_002,137
GCAATGCTACGTGAATGCAG_003,179
GCAATGCTACGTGAATGCAG_004,6
GCAATGCTACGTGAATGCAG_005,88
TAACTGAAGAGGCACGACCG_001,183
TAACTGAAGAGGCACGACCG_002,23
TAACTGAAGAGGCACGACCG_003,169
TAACTGAAGAGGCACGACCG_004,160
TAACTGAAGAGGCACGACCG_005,1
TAACTGAAGAGGCACGACCG_006,78
TAACTGAAGAGGCACGACCG_007,67
TAACTGAAGAGGCACGACCG_008,58
TAACTGAAGAGGCACGACCG_009,12
TAACTGAAGAGGCACGACCG_010,115
TAACTGAAGAGGCACGACCG_011,119
TAACTGAAGAGGCACGACCG_012,111
TAACTGAAGAGGCACGACCG_013,0
TAACTGAAGAGGCACGACCG_014,142
TAACTGAAGAGGCACGACCG_015,46
TAACTGAAGAGGCACGACCG_016,56
TAACTGAAGAGGCACGACCG_017,49
TAACTGAAGAGGCACGACCG_018,19
GGAGATTAATGGGCACAATG_001,82
GGAGATTAATGGGCACAATG_002,82
GGAGATTAATGGGCACAATG_003,58
GGAGATTAATGGGCACAATG_004,175
GGAGATTAATGGGCACAATG_005,113
GGAGATTAATGGGCACAATG_006,180
GGAGATTAATGGGCACAATG_007,168
GGAGATTAATGGGCACAATG_008,144
GGAGATTAATGGGCACAATG_009,82
GGAGATTAATGGGCACAATG_010,127
GGAGATTAATGGGCACAATG_011,92
GGAGATTAATGGGCACAATG_012,166
GGAGATTAATGGGCACAATG_013,149
GGAGATTAATGGGCACAATG_014,149
GGAGATTAATGGGCACAATG_015,184
GGAGATTAATGGGCACAATG_016,2
GGAGATTAATGGGCACAATG_017,145
GGAGATTAATGGGCACAATG_018,188
GGAGATTAATGGGCACAATG_019,180
GGAGATTAATGGGCACAATG_020,57
TATGAGCGCCCCAACTACCA_001,60
TATGAGCGCCCCAACTACCA_002,73
TATGAGCGCCCCAACTACCA_003,98
TATGAGCGCCCCAACTACCA_004,3
TATGAGCGCCCCAACTACCA_005,105
TATGAGCGCCCCAACTACCA_006,56
TATGAGCGCCCCAACTACCA_007,81
TCATCCCTGTAGATGTCATG_001,147
TCATCCCTGTAGATGTCATG_002,124
TCATCCCTGTAGATGTCATG_003,48
TCATCCCTGTAGATGTCATG_004,56
TCATCCCTGTAGATGTCATG_005,115
TCATCCCTGTAGATGTCATG_006,114
TCATCCCTGTAGATGTCATG_007,158
TCATCCCTGTAGATGTCATG_008,88
TCATCCCTGTAGATGTCATG_009,119
TCATCCCTGTAGATGTCATG_010,23
TCATCCCTGTAGATGTCATG_011,193
GGGTGTCGCCCGACCTCGAG_001,8
GGGTGTCGCCCGACCTCGAG_002,115
GGGTGTCGCCCGACCTCGAG_003,47
GGGTGTCGCCCGACCTCGAG_004,15
GGGTGTCGCCCGACCTCGAG_005,43
GGGTGTCGCCCGACCTCGAG_006,62
GGGTGTCGCCCGACCTCGAG_007,48
GGGTGTCGCCCGACCTCGAG_008,130
GGGTGTCGCCCGACCTCGAG_009,179
GGGTGTCGCCCGACCTCGAG_010,174
GGGTGTCGCCCGACCTCGAG_011,17
GGGTGTCGCCCGACCTCGAG_012,95
GGGTGTCGCCCGACCTCGAG_013,173
GGGTGTCGCCCGACCTCGAG_014,66
GGGTGTCGCCCGACCTCGAG_015,169
GGGTGTCGCCCGACCTCGAG_016,121
GGGTGTCGCCCGACCTCGAG_017,147
GGGTGTCGCCCGACCTCGAG_018,41
GGGTGTCGCCCGACCTCGAG_019,68
GGGTGTCGCCCGACCTCGAG_020,130
GGGTGTCGCCCGACCTCGAG_021,75
GGGTGTCGCCCGACCTCGAG_022,10
GGGTGTCGCCCGACCTCGAG_023,157
GGGTGTCGCCCGACCTCGAG_024,94
GGGTGTCGCCCGACCTCGAG_025,123
GATGTAGGACCCTATGAGTG_001,87
GATGTAGGACCCTATGAGTG_002,42
GATGTAGGACCCTATGAGTG_003,105
GATGTAGGACCCTATGAGTG_004,183
GATGTAGGACCCTATGAGTG_005,20
GATGTAGGACCCTATGAGTG_006,29
GATGTAGGACCCTATGAGTG_007,145
GATGTAGGACCCTATGAGTG_008,6
GATGTAGGACCCTATGAGTG_009,76
GATGTAGGACCCTATGAGTG_010,127
GATGTAGGACCCTATGAGTG_011,106
GATGTAGGACCCTATGAGTG_012,13
GATGTAGGACCCTATGAGTG_013,168
GATGTAGGACCCTATGAGTG_014,166
GATGTAGGACCCTATGAGTG_015,175
GATGTAGGACCCTATGAGTG_016,114
GATGTAGGACCCTATGAGTG_017,171
GATGTAGGACCCTATGAGTG_018,70
GATGTAGGACCCTATGAGTG_019,170
GATGTAGGACCCTATGAGTG_020,176
GATGTAGGACCCTATGAGTG_021,84
TCCAACTATGTGTCTCGGGG_001,197
TCCAACTATGTGTCTCGGGG_002,154
TCCAACTATGTGTCTCGGGG_003,142
TCCAACTATGTGTCTCGGGG_004,130
TCCAACTATGTGTCTCGGGG_005,60
TCCAACTATGTGTCTCGGGG_006,46
GCAGCTGTGATCACCCAAAG_001,149
GCAGCTGTGATCACCCAAAG_002,141
AACAAGAATTGGAAGACATG_001,134
AACAAGAATTGGAAGACATG_002,141
CCGGGCTGTGCAACAAGTGT_001,130
CCGGGCTGTGCAACAAGTGT_002,199
CCGGGCTGTGCAACAAGTGT_003,96
CGTTCGATGCCCAAGCGTGG_001,12
CGTTCGATGCCCAAGCGTGG_002,163
CGTTCGATGCCCAAGCGTGG_003,159
GGAGTAGACGCCCCTACCGG_001,9
GGAGTAGACGCCCCTACCGG_002,24
GGAGTAGACGCCCCTACCGG_003,122
GGAGTAGACGCCCCTACCGG_004,68
GGAGTAGACGCCCCTACCGG_005,183
GGAGTAGACGCCCCTACCGG_006,127
GGAGTAGACGCCCCTACCGG_007,40
GGAGTAGACGCCCCTACCGG_008,166
GGAGTAGACGCCCCTACCGG_009,30
GGAGTAGACGCCCCTACCGG_010,70
GGAGTAGACGCCCCTACCGG_011,19
GCAGGGCGTACAGTCTTCGG_001,55
GCAGGGCGTACAGTCTTCGG_002,82
GCAGGGCGTACAGTCTTCGG_003,183
GCAGGGCGTACAGTCTTCGG_004,170
GCAGGGCGTACAGTCTTCGG_005,156
GCAGGGCGTACAGTCTTCGG_006,31
GCAGGGCGTACAGTCTTCGG_007,69
GCAGGGCGTACAGTCTTCGG_008,20
GCAGGGCGTACAGTCTTCGG_009,9
GCAGGGCGTACAGTCTTCGG_010,96
GCAGGGCGTACAGTCTTCGG_011,194
AGGATCGAAACCACGCTCAG_001,60
AGGATCGAAACCACGCTCAG_002,25
AGGATCGAAACCACGCTCAG_003,145
AGGATCGAAACCACGCTCAG_004,19
AGGATCGAAACCACGCTCAG_005,127
AGGATCGAAACCACGCTCAG_006,107
AGGATCGAAACCACGCTCAG_007,44
AGGATCGAAACCACGCTCAG_008,50
AGGATCGAAACCACGCTCAG_009,133
AGGATCGAAACCACGCTCAG_010,161
AGGATCGAAACCACGCTCAG_011,31
AGGATCGAAACCACGCTCAG_012,115
AGGATCGAAACCACGCTCAG_013,147
AGGATCGAAACCACGCTCAG_014,149
AGGATCGAAACCACGCTCAG_015,171
AGGATCGAAACCACGCTCAG_016,78
AGGATCGAAACCACGCTCAG_017,191
AGGATCGAAACCACGCTCAG_018,166
GCAGGCAGCACAGTTGCCCG_001,2
GCAGGCAGCACAGTTGCCCG_002,83
GCAGGCAGCACAGTTGCCCG_003,146
GCAGGCAGCACAGTTGCCCG_004,148
TAAGCTGCTTCCCTGATCCG_001,3
TAAGCTGCTTCCCTGATCCG_002,198
TAAGCTGCTTCCCTGATCCG_003,55
TAAGCTGCTTCCCTGATCCG_004,29
TAAGCTGCTTCCCTGATCCG_005,86
TAAGCTGCTTCCCTGATCCG_006,167
TAAGCTGCTTCCCTGATCCG_007,114
TAAGCTGCTTCCCTGATCCG_008,174
TAAGCTGCTTCCCTGATCCG_009,40
TAAGCTGCTTCCCTGATCCG_010,102
TAAGCTGCTTCCCTGATCCG_011,158
TAAGCTGCTTCCCTGATCCG_012,109
TAAGCTGCTTCCCTGATCCG_013,123
TAAGCTGCTTCCCTGATCCG_014,47
TAAGCTGCTTCCCTGATCCG_015,178
TAAGCTGCTTCCCTGATCCG_016,47
TAAGCTGCTTCCCTGATCCG_017,47
TAAGCTGCTTCCCTGATCCG_018,77
TAAGCTGCTTCCCTGATCCG_019,88
TAAGCTGCTTCCCTGATCCG_020,49
GTGACAATAGTGTCTTACAC_001,198
GTGACAATAGTGTCTTACAC_002,181
GTGACAATAGTGTCTTACAC_003,119
GTGACAATAGTGTCTTACAC_004,16
TCCTGGTCCTCTCAGGAAAG_001,94
TCCTGGTCCTCTCAGGAAAG_002,67
TCCTGGTCCTCTCAGGAAAG_003,178
TCCTGGTCCTCTCAGGAAAG_004,196
TCCTGGTCCTCTCAGGAAAG_005,180
TCCTGGTCCTCTCAGGAAAG_006,131
TGAAAGACAAGTCGTCCGGG_001,70
TGAAAGACAAGTCGTCCGGG_002,148
TGAAAGACAAGTCGTCCGGG_003,179
TGAAAGACAAGTCGTCCGGG_004,27
TGAAAGACAAGTCGTCCGGG_005,20
TGAAAGACAAGTCGTCCGGG_006,147
TGAAAGACAAGTCGTCCGGG_007,45
TGAGGTGGGTCAAATCCATA_001,3
TGAGGTGGGTCAAATCCATA_002,165
TGAGGTGGGTCAAATCCATA_003,77
TGAGGTGGGTCAAATCCATA_004,102
TGAGGTGGGTCAAATCCATA_005,34
TGAGGTGGGTCAAATCCATA_006,34
TGAGGTGGGTCAAATCCATA_007,188
AGCTGGCGTCGGGATCGATG_001,171
AGCTGGCGTCGGGATCGATG_002,57
GGCGTTGGGGAACTGCACGA_001,186
GGCGTTGGGGAACTGCACGA_002,110
GGCGTTGGGGAACTGCACGA_003,29
GGCGTTGGGGAACTGCACGA_004,45
GGCGTTGGGGAACTGCACGA_005,7
GGCGTTGGGGAACTGCACGA_006,48
GGCGTTGGGGAACTGCACGA_007,130
GGCGTTGGGGAACTGCACGA_008,103
GGCGTTGGGGAACTGCACGA_009,183
GGCGTTGGGGAACTGCACGA_010,28
GGCGTTGGGGAACTGCACGA_011,19
GGCGTTGGGGAACTGCACGA_012,191
GGCGTTGGGGAACTGCACGA_013,15
GGCGTTGGGGAACTGCACGA_014,60
GGCGTTGGGGAACTGCACGA_015,22
GGCGTTGGGGAACTGCACGA_016,98
GGCGTTGGGGAACTGCACGA_017,147
GGCGTTGGGGAACTGCACGA_018,77
GGCGTTGGGGAACTGCACGA_019,177
GGCGTTGGGGAACTGCACGA_020,22
GGCGTTGGGGAACTGCACGA_021,38
GGCGTTGGGGAACTGCACGA_022,174
GGCGTTGGGGAACTGCACGA_023,19
GGCGTTGGGGAACTGCACGA_024,115
GGCGTTGGGGAACTGCACGA_025,138
GGCGTTGGGGAACTGCACGA_026,4
GGCGTTGGGGAACTGCACGA_027,40
GGCGTTGGGGAACTGCACGA_028,50
GGCGTTGGGGAACTGCACGA_029,99
GGCGTTGGGGAACTGCACGA_030,94
GGCGTTGGGGAACTGCACGA_031,1
GGCGTTGGGGAACTGCACGA_032,80
GGCGTTGGGGAACTGCACGA_033,3
GGCGTTGGGGAACTGCACGA_034,97
GGCGTTGGGGAACTGCACGA_035,89
GGCGTTGGGGAACTGCACGA_036,157
GGCGTTGGGGAACTGCACGA_037,113
GCTGGCCGCCAATATTTCCG_001,182
GCTGGCCGCCAATATTTCCG_002,185
GGTGACAGCCTTGAAGACGC_001,134
GGTGACAGCCTTGAAGACGC_002,50
GGTGACAGCCTTGAAGACGC_003,177
GGTGACAGCCTTGAAGACGC_004,8
GGTGACAGCCTTGAAGACGC_005,77
GGTGACAGCCTTGAAGACGC_006,163
GGTGACAGCCTTGAAGACGC_007,170
GGTGACAGCCTTGAAGACGC_008,178
CAGGCGTCAACATCCGACGG_001,113
CAGGCGTCAACATCCGACGG_002,191
CAGGCGTCAACATCCGACGG_003,72
CAGGCGTCAACATCCGACGG_004,83
CAGGCGTCAACATCCGACGG_005,50
CAGGCGTCAACATCCGACGG_006,77
CAGGCGTCAACATCCGACGG_007,86
TCAGATTGTATGTAGTTACC_001,149
TCAGATTGTATGTAGTTACC_002,55
TCCCGTGCAGCATTTCCACA_001,62
TCCCGTGCAGCATTTCCACA_002,180
TCCCGTGCAGCATTTCCACA_003,29
AAAACCTCAAAATATGATGG_001,62
AAAACCTCAAAATATGATGG_002,58
AAAACCTCAAAATATGATGG_003,55
CGAAAGAAGGCTGGATTGGT_001,162
CGAAAGAAGGCTGGATTGGT_002,85
CGAAAGAAGGCTGGATTGGT_003,153
CGAAAGAAGGCTGGATTGGT_004,166
CGAAAGAAGGCTGGATTGGT_005,15
CGAAAGAAGGCTGGATTGGT_006,102
CGAAAGAAGGCTGGATTGGT_007,2
CGAAAGAAGGCTGGATTGGT_008,197
CGAAAGAAGGCTGGATTGGT_009,68
CGAAAGAAGGCTGGATTGGT_010,126
CGAAAGAAGGCTGGATTGGT_011,78
CGAAAGAAGGCTGGATTGGT_012,7
CGAAAGAAGGCTGGATTGGT_013,115
CGAAAGAAGGCTGGATTGGT_014,68
CGAAAGAAGGCTGGATTGGT_015,87
CGAAAGAAGGCTGGATTGGT_016,9
CGAAAGAAGGCTGGATTGGT_017,31
CGAAAGAAGGCTGGATTGGT_018,65
CGAAAGAAGGCTGGATTGGT_019,129
CGAAAGAAGGCTGGATTGGT_020,15
CGAAAGAAGGCTGGATTGGT_021,170
CGAAAGAAGGCTGGATTGGT_022,162
CGAAAGAAGGCTGGATTGGT_023,100
CGAAAGAAGGCTGGATTGGT_024,6
CGAAAGAAGGCTGGATTGGT_025,34
CGAAAGAAGGCTGGATTGGT_026,45
CGAAAGAAGGCTGGATTGGT_027,142
CGAAAGAAGGCTGGATTGGT_028,19
CGAAAGAAGGCTGGATTGGT_029,99
CGAAAGAAGGCTGGATTGGT_030,37
CGAAAGAAGGCTGGATTGGT_031,145
CGAAAGAAGGCTGGATTGGT_032,60
CGAAAGAAGGCTGGATTGGT_033,197
AACCGGCCCAGTGCCAAGCA_001,107
AACCGGCCCAGTGCCAAGCA_002,49
AACCGGCCCAGTGCCAAGCA_003,58
AACCGGCCCAGTGCCAAGCA_004,158
AACCGGCCCAGTGCCAAGCA_005,39
AACCGGCCCAGTGCCAAGCA_006,161
TGTCTCATGTGCATACACAG_001,165
TGTCTCATGTGCATACACAG_002,37
TGTCTCATGTGCATACACAG_003,58
TGTCTCATGTGCATACACAG_004,166
TGTCTCATGTGCATACACAG_005,7
TGTCTCATGTGCATACACAG_006,168
TGTCTCATGTGCATACACAG_007,17
AGATAGTTAATACAGAACTT_001,150
AGATAGTTAATACAGAACTT_002,1
AGATAGTTAATACAGAACTT_003,151
AGATAGTTAATACAGAACTT_004,64
AGATAGTTAATACAGAACTT_005,4
AGATAGTTAATACAGAACTT_006,70
CTGAGTTCTGCATCCCGCCA_001,26
CTGAGTTCTGCATCCCGCCA_002,20
CTGAGTTCTGCATCCCGCCA_003,37
CTGAGTTCTGCATCCCGCCA_004,184
GCGCCCACGCAAGTCCACAG_001,104
GCGCCCACGCAAGTCCACAG_002,158
GCGCCCACGCAAGTCCACAG_003,137
GCGCCCACGCAAGTCCACAG_004,144
CTACTACTATCGGAGCCATG_001,137
CTACTACTATCGGAGCCATG_002,172
CTACTACTATCGGAGCCATG_003,83
CCTCCATATCCAAATTCACT_001,97
CCTCCATATCCAAATTCACT_002,130
TCAAGATCCTCTAGTGACTG_001,87
TCAAGATCCTCTAGTGACTG_002,118
TCAAGATCCTCTAGTGACTG_003,94
TCAAGATCCTCTAGTGACTG_004,61
TCAAGATCCTCTAGTGACTG_005,150
TCAAGATCCTCTAGTGACTG_006,162
TCAAGATCCTCTAGTGACTG_007,34
TCAAGATCCTCTAGTGACTG_008,63
TCAAGATCCTCTAGTGACTG_009,17
TCAAGATCCTCTAGTGACTG_010,69
GTCACGGAAGACCGCCTGAG_001,1
GTCACGGAAGACCGCCTGAG_002,162
GTCACGGAAGACCGCCTGAG_003,33
GTCACGGAAGACCGCCTGAG_004,42
GTCACGGAAGACCGCCTGAG_005,77
GTCACGGAAGACCGCCTGAG_006,144
GTCACGGAAGACCGCCTGAG_007,178
TATTAAGGGAGATATCCCAA_001,139
TATTAAGGGAGATATCCCAA_002,98
TATTAAGGGAGATATCCCAA_003,116
TATTAAGGGAGATATCCCAA_004,180
TATTAAGGGAGATATCCCAA_005,147
AGTTCATTCCAATGGATCAC_001,169
AGTTCATTCCAATGGATCAC_002,172
AGTTCATTCCAATGGATCAC_003,68
AGTTCATTCCAATGGATCAC_004,191
AGTTCATTCCAATGGATCAC_005,169
AGTTCATTCCAATGGATCAC_006,169
AGTTCATTCCAATGGATCAC_007,63
AGTTCATTCCAATGGATCAC_008,75
AGTTCATTCCAATGGATCAC_009,59
AGTTCATTCCAATGGATCAC_010,157
AGTTCATTCCAATGGATCAC_011,184
AGTTCATTCCAATGGATCAC_012,68
AGTTCATTCCAATGGATCAC_013,78
AGTTCATTCCAATGGATCAC_014,124
AGTTCATTCCAATGGATCAC_015,29
GCTCGTGGCAGTAGACACAC_001,172
GCTCGTGGCAGTAGACACAC_002,153
GCTCGTGGCAGTAGACACAC_003,137
GCTCGTGGCAGTAGACACAC_004,137
GCTCGTGGCAGTAGACACAC_005,170
GCTCGTGGCAGTAGACACAC_006,15
GCTCGTGGCAGTAGACACAC_007,71
GCTCGTGGCAGTAGACACAC_008,187
GCTCGTGGCAGTAGACACAC_009,30
GCTCGTGGCAGTAGACACAC_010,82
GCTCGTGGCAGTAGACACAC_011,112
GCTCGTGGCAGTAGACACAC_012,47
GCTCGTGGCAGTAGACACAC_013,76
GCTCGTGGCAGTAGACACAC_014,60
GCTCGTGGCAGTAGACACAC_015,56
GCTCGTGGCAGTAGACACAC_016,58
GCTCGTGGCAGTAGACACAC_017,22
GCTCGTGGCAGTAGACACAC_018,85
GCTCGTGGCAGTAGACACAC_019,91
GCTCGTGGCAGTAGACACAC_020,76
GCTCGTGGCAGTAGACACAC_021,1
GCTCGTGGCAGTAGACACAC_022,40
GCTCGTGGCAGTAGACACAC_023,116
GCTCGTGGCAGTAGACACAC_024,168
GCTCGTGGCAGTAGACACAC_025,0
GCTCGTGGCAGTAGACACAC_026,198
GCTCGTGGCAGTAGACACAC_027,127
GCTCGTGGCAGTAGACACAC_028,15
CCAGGGCATACCGTGGACAA_001,184
CCAGGGCATACCGTGGACAA_002,184
CCAGGGCATACCGTGGACAA_003,138
CCAGGGCATACCGTGGACAA_004,135
CCAGGGCATACCGTGGACAA_005,35
CACCCAGTGCAATCATCAGG_001,108
CACCCAGTGCAATCATCAGG_002,47
CACCCAGTGCAATCATCAGG_003,70
CACCCAGTGCAATCATCAGG_004,1
CACCCAGTGCAATCATCAGG_005,113
CACCCAGTGCAATCATCAGG_006,116
CACCCAGTGCAATCATCAGG_007,133
CACCCAGTGCAATCATCAGG_008,161
CACCCAGTGCAATCATCAGG_009,135
CACCCAGTGCAATCATCAGG_010,1
CACCCAGTGCAATCATCAGG_011,1
CACCCAGTGCAATCATCAGG_012,161
CACCCAGTGCAATCATCAGG_013,108
CACCCAGTGCAATCATCAGG_014,175
CACCCAGTGCAATCATCAGG_015,79
CACCCAGTGCAATCATCAGG_016,9
CACCCAGTGCAATCATCAGG_017,148
CACTCGTCGATGGTCCCGAA_001,139
CACTCGTCGATGGTCCCGAA_002,46
CACTCGTCGATGGTCCCGAA_003,48
CACTCGTCGATGGTCCCGAA_004,184
CACTCGTCGATGGTCCCGAA_005,132
CACTCGTCGATGGTCCCGAA_006,181
CACTCGTCGATGGTCCCGAA_007,106
CACTCGTCGATGGTCCCGAA_008,108
CACTCGTCGATGGTCCCGAA_009,178
CACTCGTCGATGGTCCCGAA_010,108
CACTCGTCGATGGTCCCGAA_011,188
CACTCGTCGATGGTCCCGAA_012,58
CACTCGTCGATGGTCCCGAA_013,83
CACTCGTCGATGGTCCCGAA_014,169
CACTCGTCGATGGTCCCGAA_015,41
CACTCGTCGATGGTCCCGAA_016,147
CACTCGTCGATGGTCCCGAA_017,153
CACTCGTCGATGGTCCCGAA_018,124
CACTCGTCGATGGTCCCGAA_019,12
CACTCGTCGATGGTCCCGAA_020,186
CACTCGTCGATGGTCCCGAA_021,11
CACTCGTCGATGGTCCCGAA_022,129
CACTCGTCGATGGTCCCGAA_023,26
CACTCGTCGATGGTCCCGAA_024,58
CACTCGTCGATGGTCCCGAA_025,119
CACTCGTCGATGGTCCCGAA_026,199
CACTCGTCGATGGTCCCGAA_027,96
CACTCGTCGATGGTCCCGAA_028,153
GAAGGCGCCATAGTCCGAGG_001,107
GAAGGCGCCATAGTCCGAGG_002,36
GAAGGCGCCATAGTCCGAGG_003,5
GAAGGCGCCATAGTCCGAGG_004,61
GAAGGCGCCATAGTCCGAGG_005,24
GAAGGCGCCATAGTCCGAGG_006,178
GCATCCAGCTTCCCCAACGT_001,70
GCATCCAGCTTCCCCAACGT_002,72
GCATCCAGCTTCCCCAACGT_003,133
GCATCCAGCTTCCCCAACGT_004,15
GCATCCAGCTTCCCCAACGT_005,97
GCATCCAGCTTCCCCAACGT_006,142
GCATCCAGCTTCCCCAACGT_007,152
GCATCCAGCTTCCCCAACGT_008,27
GCATCCAGCTTCCCCAACGT_009,67
GCATCCAGCTTCCCCAACGT_010,16
GCATCCAGCTTCCCCAACGT_011,112
GCATCCAGCTTCCCCAACGT_012,58
GCATCCAGCTTCCCCAACGT_013,2
GCATCCAGCTTCCCCAACGT_014,105
GCATCCAGCTTCCCCAACGT_015,13
GCATCCAGCTTCCCCAACGT_016,87
GCATCCAGCTTCCCCAACGT_017,191
GCATCCAGCTTCCCCAACGT_018,195
GCATCCAGCTTCCCCAACGT_019,38
GCATCCAGCTTCCCCAACGT_020,59
GCATCCAGCTTCCCCAACGT_021,172
GCATCCAGCTTCCCCAACGT_022,166
GCATCCAGCTTCCCCAACGT_023,138
GTGGAAGAGGATGACCACAT_001,132
GTGGAAGAGGATGACCACAT_002,156
GTGGAAGAGGATGACCACAT_003,19
GTGGAAGAGGATGACCACAT_004,184
GTGGAAGAGGATGACCACAT_005,74
TGTGGCAAACACAGTGACCA_001,191
TGTGGCAAACACAGTGACCA_002,47
TGTGGCAAACACAGTGACCA_003,181
TGTGGCAAACACAGTGACCA_004,107
TGTGGCAAACACAGTGACCA_005,141
TGTGGCAAACACAGTGACCA_006,185
TGTGGCAAACACAGTGACCA_007,82
TGTGGCAAACACAGTGACCA_008,138
TGTGGCAAACACAGTGACCA_009,75
TGTGGCAAACACAGTGACCA_010,70
TGTGGCAAACACAGTGACCA_011,166
TGTGGCAAACACAGTGACCA_012,170
TGTGGCAAACACAGTGACCA_013,18
ACAGCGCCTTCATGGAGCCG_001,174
ACAGCGCCTTCATGGAGCCG_002,26
ACAGCGCCTTCATGGAGCCG_003,104
ACAGCGCCTTCATGGAGCCG_004,104
ACAGCGCCTTCATGGAGCCG_005,49
ACAGCGCCTTCATGGAGCCG_006,94
ACAGCGCCTTCATGGAGCCG_007,70
ACAGCGCCTTCATGGAGCCG_008,184
ACAGCGCCTTCATGGAGCCG_009,147
ACAGCGCCTTCATGGAGCCG_010,174
ACAGCGCCTTCATGGAGCCG_011,65
ACAGCGCCTTCATGGAGCCG_012,49
ACAGCGCCTTCATGGAGCCG_013,49
ACAGCGCCTTCATGGAGCCG_014,64
ACAGCGCCTTCATGGAGCCG_015,73
CATGGCCGAGTTACCCACCG_001,63
CATGGCCGAGTTACCCACCG_002,148
CATGGCCGAGTTACCCACCG_003,136
CATGGCCGAGTTACCCACCG_004,88
CATGGCCGAGTTACCCACCG_005,94
CATGGCCGAGTTACCCACCG_006,27
CATGGCCGAGTTACCCACCG_007,82
CATGGCCGAGTTACCCACCG_008,27
AAAGGGCATCTTACACGTCA_001,156
AAAGGGCATCTTACACGTCA_002,31
CCCTACGGACCTGTTCGATG_001,148
CCCTACGGACCTGTTCGATG_002,168
CCCTACGGACCTGTTCGATG_003,23
CCCTACGGACCTGTTCGATG_004,78
CCCTACGGACCTGTTCGATG_005,169
CCCTACGGACCTGTTCGATG_006,176
CCCTACGGACCTGTTCGATG_007,1
CCCTACGGACCTGTTCGATG_008,145
CCCTACGGACCTGTTCGATG_009,29
CCCTACGGACCTGTTCGATG_010,110
CCCTACGGACCTGTTCGATG_011,1
CCCTACGGACCTGTTCGATG_012,138
CCCTACGGACCTGTTCGATG_013,153
CCCTACGGACCTGTTCGATG_014,104
CCGGGCTATAACAAAGACCA_001,35
CCGGGCTATAACAAAGACCA_002,126
CCGGGCTATAACAAAGACCA_003,176
CTACTATCTTAGGTGGTCGT_001,175
CTACTATCTTAGGTGGTCGT_002,188
CTACTATCTTAGGTGGTCGT_003,66
CTACTATCTTAGGTGGTCGT_004,9
GCCCGAACTAGGTGTATGCG_001,194
GCCCGAACTAGGTGTATGCG_002,198
GCCCGAACTAGGTGTATGCG_003,70
GCCCGAACTAGGTGTATGCG_004,102
GCCCGAACTAGGTGTATGCG_005,24
GCCCGAACTAGGTGTATGCG_006,9
GCCCGAACTAGGTGTATGCG_007,61
GCCCGAACTAGGTGTATGCG_008,56
GCCCGAACTAGGTGTATGCG_009,19
GCCCGAACTAGGTGTATGCG_010,78
GCCCGAACTAGGTGTATGCG_011,96
GCCCGAACTAGGTGTATGCG_012,192
GCCCGAACTAGGTGTATGCG_013,58
GCCCGAACTAGGTGTATGCG_014,158
GCCCGAACTAGGTGTATGCG_015,9
GCCCGAACTAGGTGTATGCG_016,10
GGAATTGACAATGCAAAAGG_001,103
GGAATTGACAATGCAAAAGG_002,169
GGAATTGACAATGCAAAAGG_003,166
GGAATTGACAATGCAAAAGG_004,106
GGAATTGACAATGCAAAAGG_005,91
GGAATTGACAATGCAAAAGG_006,82
AAAGATATAGCAAATTATGG_001,16
AAAGATATAGCAAATTATGG_002,199
GAGCACCTCCTGGCAAACGG_001,170
GAGCACCTCCTGGCAAACGG_002,102
GAGCACCTCCTGGCAAACGG_003,56
GAGCACCTCCTGGCAAACGG_004,49
GAGCACCTCCTGGCAAACGG_005,127
GAGCACCTCCTGGCAAACGG_006,76
GAGCACCTCCTGGCAAACGG_007,162
GAGCACCTCCTGGCAAACGG_008,50
GAGCACCTCCTGGCAAACGG_009,94
GAGCACCTCCTGGCAAACGG_010,60
GAGCACCTCCTGGCAAACGG_011,166
GAGCACCTCCTGGCAAACGG_012,76
GAGCACCTCCTGGCAAACGG_013,171
GAGCACCTCCTGGCAAACGG_014,35
GAGCACCTCCTGGCAAACGG_015,68
GAGCACCTCCTGGCAAACGG_016,28
GAGCACCTCCTGGCAAACGG_017,176
GAGCACCTCCTGGCAAACGG_018,103
GAGCACCTCCTGGCAAACGG_019,23
GAGCACCTCCTGGCAAACGG_020,162
GAGCACCTCCTGGCAAACGG_021,104
GAGCACCTCCTGGCAAACGG_022,46
GAGCACCTCCTGGCAAACGG_023,48
GAGCACCTCCTGGCAAACGG_024,96
GAGCACCTCCTGGCAAACGG_025,144
GAGCACCTCCTGGCAAACGG_026,81
GAGCACCTCCTGGCAAACGG_027,78
GAGCACCTCCTGGCAAACGG_028,174
GAGCACCTCCTGGCAAACGG_029,35
GAGCACCTCCTGGCAAACGG_030,27
GAGCACCTCCTGGCAAACGG_031,84
GAGCACCTCCTGGCAAACGG_032,185
GAGCACCTCCTGGCAAACGG_033,5
GAGCACCTCCTGGCAAACGG_034,53
GAGCACCTCCTGGCAAACGG_035,105
GAGCACCTCCTGGCAAACGG_036,147
GAGCACCTCCTGGCAAACGG_037,184
GAGCACCTCCTGGCAAACGG_038,19
GAGCACCTCCTGGCAAACGG_039,169
GAGCACCTCCTGGCAAACGG_040,99
GAGCACCTCCTGGCAAACGG_041,49
GAGCACCTCCTGGCAAACGG_042,15
GAGCACCTCCTGGCAAACGG_043,41
GAGCACCTCCTGGCAAACGG_044,63
GAGCACCTCCTGGCAAACGG_045,81
GAGCACCTCCTGGCAAACGG_046,88
GAGCACCTCCTGGCAAACGG_047,33
GAGCACCTCCTGGCAAACGG_048,48
GAGCACCTCCTGGCAAACGG_049,116
GAGCACCTCCTGGCAAACGG_050,72
GAGCACCTCCTGGCAAACGG_051,83
GAGCACCTCCTGGCAAACGG_052,1
GAGCACCTCCTGGCAAACGG_053,1
GGGGATCTGTCCGTCCAGCG_001,14
GGGGATCTGTCCGTCCAGCG_002,50
GGGGATCTGTCCGTCCAGCG_003,101
GGGGATCTGTCCGTCCAGCG_004,9
GGGGATCTGTCCGTCCAGCG_005,132
GGGGATCTGTCCGTCCAGCG_006,177
GGGGATCTGTCCGTCCAGCG_007,90
GGGGATCTGTCCGTCCAGCG_008,89
GGGGATCTGTCCGTCCAGCG_009,146
GGGGATCTGTCCGTCCAGCG_010,177
GGGGATCTGTCCGTCCAGCG_011,13
GGGGATCTGTCCGTCCAGCG_012,17
TACAACTCGCGGGTCCAGCG_001,33
TACAACTCGCGGGTCCAGCG_002,174
TTTGCGGATCAGTAATCGCA_001,15
TTTGCGGATCAGTAATCGCA_002,168
TTTGCGGATCAGTAATCGCA_003,7
TTTGCGGATCAGTAATCGCA_004,166
TTTGCGGATCAGTAATCGCA_005,189
TTTGCGGATCAGTAATCGCA_006,171
TTTGCGGATCAGTAATCGCA_007,188
TTTGCGGATCAGTAATCGCA_008,65
TTTGCGGATCAGTAATCGCA_009,67
TTTGCGGATCAGTAATCGCA_010,61
TTTGCGGATCAGTAATCGCA_011,15
TTTGCGGATCAGTAATCGCA_012,53
AAACAATGCCTATCCTCACA_001,158
AAACAATGCCTATCCTCACA_002,17
CTGCTTGAGAGACATTCGAA_001,86
CTGCTTGAGAGACATTCGAA_002,151
CTGCTTGAGAGACATTCGAA_003,148
CTGCTTGAGAGACATTCGAA_004,110
CTGCTTGAGAGACATTCGAA_005,20
CTGCTTGAGAGACATTCGAA_006,106
CTGCTTGAGAGACATTCGAA_007,168
AAGCCGATCTGACTGTGTAG_001,121
TGGACCATGGTCGGACACTG_001,160
TGGACCATGGTCGGACACTG_002,184
TGGACCATGGTCGGACACTG_003,98
TGGACCATGGTCGGACACTG_004,70
TGGACCATGGTCGGACACTG_005,92
TGGACCATGGTCGGACACTG_006,63
TGGACCATGGTCGGACACTG_007,88
TGGACCATGGTCGGACACTG_008,9
TGGACCATGGTCGGACACTG_009,56
TGGACCATGGTCGGACACTG_010,69
TGGACCATGGTCGGACACTG_011,147
TGGACCATGGTCGGACACTG_012,70
TGGACCATGGTCGGACACTG_013,127
TGGACCATGGTCGGACACTG_014,188
TGGACCATGGTCGGACACTG_015,142
TGGACCATGGTCGGACACTG_016,80
TGGACCATGGTCGGACACTG_017,63
TGGACCATGGTCGGACACTG_018,8
GAATACCATCCCGTGCACGT_001,56
GAATACCATCCCGTGCACGT_002,157
GAATACCATCCCGTGCACGT_003,45
GAATACCATCCCGTGCACGT_004,147
GAATACCATCCCGTGCACGT_005,29
ACTCGCTTAGACCTTCCTAC_001,147
ACTCGCTTAGACCTTCCTAC_002,49
ACTCGCTTAGACCTTCCTAC_003,127
ACTCGCTTAGACCTTCCTAC_004,76
ACTCGCTTAGACCTTCCTAC_005,184
ACTCGCTTAGACCTTCCTAC_006,134
ACTCGCTTAGACCTTCCTAC_007,138
ACTCGCTTAGACCTTCCTAC_008,11
ACTCGCTTAGACCTTCCTAC_009,84
ACTCGCTTAGACCTTCCTAC_010,105
ACTCGCTTAGACCTTCCTAC_011,77
ACTCGCTTAGACCTTCCTAC_012,58
ACTCGCTTAGACCTTCCTAC_013,147
ACTCGCTTAGACCTTCCTAC_014,19
ACTCGCTTAGACCTTCCTAC_015,169
ACTCGCTTAGACCTTCCTAC_016,69
ACTCGCTTAGACCTTCCTAC_017,166
ACTCGCTTAGACCTTCCTAC_018,103
ACTCGCTTAGACCTTCCTAC_019,2
ACTCGCTTAGACCTTCCTAC_020,147
ACTCGCTTAGACCTTCCTAC_021,12
ACTCGCTTAGACCTTCCTAC_022,15
ACTCGCTTAGACCTTCCTAC_023,12
ACTCGCTTAGACCTTCCTAC_024,48
ACTCGCTTAGACCTTCCTAC_025,162
ACTCGCTTAGACCTTCCTAC_026,118
ACTCGCTTAGACCTTCCTAC_027,80
ACTCGCTTAGACCTTCCTAC_028,77
ACTCGCTTAGACCTTCCTAC_029,58
AGTGTATCGACTGTGCCTCG_001,96
AGTGTATCGACTGTGCCTCG_002,191
AGTGTATCGACTGTGCCTCG_003,27
AGTGTATCGACTGTGCCTCG_004,121
AGTGTATCGACTGTGCCTCG_005,170
AGTGTATCGACTGTGCCTCG_006,115
AGTGTATCGACTGTGCCTCG_007,149
AGTGTATCGACTGTGCCTCG_008,178
CTAACAGTACAAAAGTCCAG_001,36
CTAACAGTACAAAAGTCCAG_002,151
CTAACAGTACAAAAGTCCAG_003,7
CTAACAGTACAAAAGTCCAG_004,61
CTAACAGTACAAAAGTCCAG_005,146
CTAACAGTACAAAAGTCCAG_006,126
CTAACAGTACAAAAGTCCAG_007,42
CTAACAGTACAAAAGTCCAG_008,177
CTAACAGTACAAAAGTCCAG_009,17
GACCGCATCTCCCCCCACGG_001,102
GACCGCATCTCCCCCCACGG_002,127
GACCGCATCTCCCCCCACGG_003,185
GACCGCATCTCCCCCCACGG_004,82
GACCGCATCTCCCCCCACGG_005,117
GACCGCATCTCCCCCCACGG_006,53
GACCGCATCTCCCCCCACGG_007,192
GACCGCATCTCCCCCCACGG_008,60
GACCGCATCTCCCCCCACGG_009,49
GACCGCATCTCCCCCCACGG_010,191
GACCGCATCTCCCCCCACGG_011,150
GACCGCATCTCCCCCCACGG_012,189
GACCGCATCTCCCCCCACGG_013,25
GACCGCATCTCCCCCCACGG_014,140
GACCGCATCTCCCCCCACGG_015,121
GACCGCATCTCCCCCCACGG_016,105
GACCGCATCTCCCCCCACGG_017,121
GACCGCATCTCCCCCCACGG_018,114
GACCGCATCTCCCCCCACGG_019,117
GACCGCATCTCCCCCCACGG_020,65
GACCGCATCTCCCCCCACGG_021,160
GACCGCATCTCCCCCCACGG_022,163
GACCGCATCTCCCCCCACGG_023,160
GACCGCATCTCCCCCCACGG_024,70
GACCGCATCTCCCCCCACGG_025,156
GACCGCATCTCCCCCCACGG_026,33
GACCGCATCTCCCCCCACGG_027,10
GACCGCATCTCCCCCCACGG_028,2
GACCGCATCTCCCCCCACGG_029,168
GACCGCATCTCCCCCCACGG_030,43
GACCGCATCTCCCCCCACGG_031,168
GACCGCATCTCCCCCCACGG_032,33
GACCGCATCTCCCCCCACGG_033,57
GACCGCATCTCCCCCCACGG_034,28
GACCGCATCTCCCCCCACGG_035,77
GACCGCATCTCCCCCCACGG_036,14
GACCGCATCTCCCCCCACGG_037,192
TGACATGACCAGCAATAAAG_001,140
TGACATGACCAGCAATAAAG_002,86
TGACATGACCAGCAATAAAG_003,154
TGACATGACCAGCAATAAAG_004,193
TGACATGACCAGCAATAAAG_005,81
TGACATGACCAGCAATAAAG_006,149
AGCCCCCATAAGCATCAGCA_001,78
AGCCCCCATAAGCATCAGCA_002,169
AGCCCCCATAAGCATCAGCA_003,193
AGCCCCCATAAGCATCAGCA_004,49
AGCCCCCATAAGCATCAGCA_005,132
AGCCCCCATAAGCATCAGCA_006,78
AGCCCCCATAAGCATCAGCA_007,106
AGCCCCCATAAGCATCAGCA_008,174
AGCCCCCATAAGCATCAGCA_009,158
AGCCCCCATAAGCATCAGCA_010,191
AGCCCCCATAAGCATCAGCA_011,47
AGCCCCCATAAGCATCAGCA_012,126
AGCCCCCATAAGCATCAGCA_013,13
AGCCCCCATAAGCATCAGCA_014,70
AGCCCCCATAAGCATCAGCA_015,15
AGCCCCCATAAGCATCAGCA_016,155
AGCCCCCATAAGCATCAGCA_017,9
AGCCCCCATAAGCATCAGCA_018,197
AGCCCCCATAAGCATCAGCA_019,150
AGCCCCCATAAGCATCAGCA_020,46
AGCCCCCATAAGCATCAGCA_021,121
GGGCGCACTCGTTGACAGGG_001,190
GGGCGCACTCGTTGACAGGG_002,178
GGGCGCACTCGTTGACAGGG_003,88
GGGCGCACTCGTTGACAGGG_004,132
GGGCGCACTCGTTGACAGGG_005,177
GGGCGCACTCGTTGACAGGG_006,63
GGGCGCACTCGTTGACAGGG_007,69
GGGCGCACTCGTTGACAGGG_008,140
TGTAACCAACATAATCCAAG_001,137
TGTAACCAACATAATCCAAG_002,28
AACACTGCAGTACCTGAACG_001,19
AACACTGCAGTACCTGAACG_002,195
AACACTGCAGTACCTGAACG_003,69
AACACTGCAGTACCTGAACG_004,17
AACACTGCAGTACCTGAACG_005,130
CCACCTACTTGAATCCAGTG_001,80
CCACCTACTTGAATCCAGTG_002,80
CCACCTACTTGAATCCAGTG_003,23
CCACCTACTTGAATCCAGTG_004,197
CCACCTACTTGAATCCAGTG_005,124
CCACCTACTTGAATCCAGTG_006,40
CCACCTACTTGAATCCAGTG_007,106
CCACCTACTTGAATCCAGTG_008,78
AAAAGAGATTCCTTCAGACA_001,176
AAAAGAGATTCCTTCAGACA_002,43
AAAAGAGATTCCTTCAGACA_003,198
AAAAGAGATTCCTTCAGACA_004,150
AAAAGAGATTCCTTCAGACA_005,194
AAAAGAGATTCCTTCAGACA_006,172
AAAAGAGATTCCTTCAGACA_007,37
AAAAGAGATTCCTTCAGACA_008,99
GAGCAAACTGCGTTATACAG_001,115
GAGCAAACTGCGTTATACAG_002,103
CGATCAAGGCAAAAACACTC_001,48
CGATCAAGGCAAAAACACTC_002,58
CGATCAAGGCAAAAACACTC_003,48
CGATCAAGGCAAAAACACTC_004,184
CGATCAAGGCAAAAACACTC_005,71
CGATCAAGGCAAAAACACTC_006,158
CGATCAAGGCAAAAACACTC_007,50
CGATCAAGGCAAAAACACTC_008,102
GCAGCCCGGAGATGTTGATG_001,157
GCAGCCCGGAGATGTTGATG_002,166
GCAGCCCGGAGATGTTGATG_003,155
GGCAGCTCCGAGACTCCCCG_001,172
GGCAGCTCCGAGACTCCCCG_002,188
GGCAGCTCCGAGACTCCCCG_003,146
GGCAGCTCCGAGACTCCCCG_004,32
GGCAGCTCCGAGACTCCCCG_005,21
GGCAGCTCCGAGACTCCCCG_006,190
GGCAGCTCCGAGACTCCCCG_007,65
GGCAGCTCCGAGACTCCCCG_008,175
GGCAGCTCCGAGACTCCCCG_009,188
GGCAGCTCCGAGACTCCCCG_010,34
GGCAGCTCCGAGACTCCCCG_011,156
GGCAGCTCCGAGACTCCCCG_012,146
GGCAGCTCCGAGACTCCCCG_013,19
GGCAGCTCCGAGACTCCCCG_014,164
GGCAGCTCCGAGACTCCCCG_015,25
GGCAGCTCCGAGACTCCCCG_016,63
GGCAGCTCCGAGACTCCCCG_017,151
GGCAGCTCCGAGACTCCCCG_018,35
GGCAGCTCCGAGACTCCCCG_019,61
GGCAGCTCCGAGACTCCCCG_020,2
GGCAGCTCCGAGACTCCCCG_021,88
GGCAGCTCCGAGACTCCCCG_022,62
GGCAGCTCCGAGACTCCCCG_023,199
GGCAGCTCCGAGACTCCCCG_024,42
GGCAGCTCCGAGACTCCCCG_025,49
GGCAGCTCCGAGACTCCCCG_026,41
GGCAGCTCCGAGACTCCCCG_027,94
GGCAGCTCCGAGACTCCCCG_028,183
GGCAGCTCCGAGACTCCCCG_029,177
GGCAGCTCCGAGACTCCCCG_030,62
TCATGTATACGAACATAACG_001,123
TCATGTATACGAACATAACG_002,43
TCATGTATACGAACATAACG_003,22
TCATGTATACGAACATAACG_004,78
AGGCATCTCACGATACCCGA_001,97
GAAGCTAGACTAGTGAACAG_001,190
GAAGCTAGACTAGTGAACAG_002,160
GAAGCTAGACTAGTGAACAG_003,58
GAAGCTAGACTAGTGAACAG_004,132
GAAGCTAGACTAGTGAACAG_005,161
GAAGCTAGACTAGTGAACAG_006,135
GAAGCTAGACTAGTGAACAG_007,156
GAAGCTAGACTAGTGAACAG_008,70
GAAGCTAGACTAGTGAACAG_009,105
GAAGCTAGACTAGTGAACAG_010,4
GAAGCTAGACTAGTGAACAG_011,48
GAAGCTAGACTAGTGAACAG_012,31
GAAGCTAGACTAGTGAACAG_013,26
GAAGCTAGACTAGTGAACAG_014,111
GAAGCTAGACTAGTGAACAG_015,112
GAAGCTAGACTAGTGAACAG_016,45
GAAGCTAGACTAGTGAACAG_017,48
GATCATGAAAGACTTAATCA_001,72
GATCATGAAAGACTTAATCA_002,94
GATCATGAAAGACTTAATCA_003,155
GATCATGAAAGACTTAATCA_004,148
GATCATGAAAGACTTAATCA_005,145
GATTCCAGAGTTCAAATACG_001,77
GATTCCAGAGTTCAAATACG_002,105
GATTCCAGAGTTCAAATACG_003,115
GATTCCAGAGTTCAAATACG_004,14
GATTCCAGAGTTCAAATACG_005,29
GATTCCAGAGTTCAAATACG_006,158
GATTCCAGAGTTCAAATACG_007,29
GATTCCAGAGTTCAAATACG_008,46
GATTCCAGAGTTCAAATACG_009,174
GATTCCAGAGTTCAAATACG_010,53
AGAAGAAATGTTAAACTACG_001,27
AGAAGAAATGTTAAACTACG_002,103
AGAAGAAATGTTAAACTACG_003,194
AGAAGAAATGTTAAACTACG_004,45
ATACACAGTGAGAAGCATCA_001,181
ATACACAGTGAGAAGCATCA_002,96
ATACACAGTGAGAAGCATCA_003,131
ATACACAGTGAGAAGCATCA_004,2
ATACACAGTGAGAAGCATCA_005,69
ATACACAGTGAGAAGCATCA_006,108
ATACACAGTGAGAAGCATCA_007,47
ATACACAGTGAGAAGCATCA_008,3
ATACACAGTGAGAAGCATCA_009,58
ATACACAGTGAGAAGCATCA_010,194
ATGGGACGGCTCCATTCGAG_001,42
ATGGGACGGCTCCATTCGAG_002,102
ATGGGACGGCTCCATTCGAG_003,115
ATGGGACGGCTCCATTCGAG_004,94
ATGGGACGGCTCCATTCGAG_005,153
ATGGGACGGCTCCATTCGAG_006,70
ATGGGACGGCTCCATTCGAG_007,147
GGATCACATGCGAGAAGCTG_001,39
GGATCACATGCGAGAAGCTG_002,176
GGATCACATGCGAGAAGCTG_003,101
GGATCACATGCGAGAAGCTG_004,158
TCATTACTACGTAAGAGTGG_001,69
AAGAAGATTAACAACATATG_001,8
GTACCTTTAGTGCTGAGGAG_001,68
GTACCTTTAGTGCTGAGGAG_002,85
GTACCTTTAGTGCTGAGGAG_003,20
GTACCTTTAGTGCTGAGGAG_004,168
GTACCTTTAGTGCTGAGGAG_005,45
GTACCTTTAGTGCTGAGGAG_006,184
GTACCTTTAGTGCTGAGGAG_007,81
GTACCTTTAGTGCTGAGGAG_008,152
GTACCTTTAGTGCTGAGGAG_009,152
GTACCTTTAGTGCTGAGGAG_010,184
GTACCTTTAGTGCTGAGGAG_011,2
GTACCTTTAGTGCTGAGGAG_012,133
GAATGCCAACACCAACACCG_001,82
GAATGCCAACACCAACACCG_002,23
GAATGCCAACACCAACACCG_003,58
GAATGCCAACACCAACACCG_004,76
GAATGCCAACACCAACACCG_005,32
GAATGCCAACACCAACACCG_006,175
GAATGCCAACACCAACACCG_007,54
GAATGCCAACACCAACACCG_008,187
GAATGCCAACACCAACACCG_009,9
GAATGCCAACACCAACACCG_010,1
GAATGCCAACACCAACACCG_011,170
GAATGCCAACACCAACACCG_012,78
GAATGCCAACACCAACACCG_013,72
GAATGCCAACACCAACACCG_014,170
GAATGCCAACACCAACACCG_015,45
GAATGCCAACACCAACACCG_016,62
GAATGCCAACACCAACACCG_017,50
GAATGCCAACACCAACACCG_018,96
GAATGCCAACACCAACACCG_019,9
GAATGCCAACACCAACACCG_020,20
GAATGCCAACACCAACACCG_021,117
GAATGCCAACACCAACACCG_022,70
GAATGCCAACACCAACACCG_023,26
GAATGCCAACACCAACACCG_024,130
GAATGCCAACACCAACACCG_025,10
GAATGCCAACACCAACACCG_026,166
GAATGCCAACACCAACACCG_027,106
GAATGCCAACACCAACACCG_028,127
GAATGCCAACACCAACACCG_029,160
GAATGCCAACACCAACACCG_030,2
GAATGCCAACACCAACACCG_031,184
GAATGCCAACACCAACACCG_032,38
GAATGCCAACACCAACACCG_033,110
TGGATATGACTGGTAAAAAC_001,129
TGGATATGACTGGTAAAAAC_002,18
AGACTCGTATTGTCATATTA_001,45
AGACTCGTATTGTCATATTA_002,188
AGACTCGTATTGTCATATTA_003,78
AGACTCGTATTGTCATATTA_004,144
AGAGTGGCATGCCTCCACCG_001,102
AGAGTGGCATGCCTCCACCG_002,102
AGAGTGGCATGCCTCCACCG_003,41
AGAGTGGCATGCCTCCACCG_004,198
AGAGTGGCATGCCTCCACCG_005,81
AGAGTGGCATGCCTCCACCG_006,86
AGAGTGGCATGCCTCCACCG_007,76
AGAGTGGCATGCCTCCACCG_008,198
AGAGTGGCATGCCTCCACCG_009,94
AGAGTGGCATGCCTCCACCG_010,151
AGAGTGGCATGCCTCCACCG_011,172
AGAGTGGCATGCCTCCACCG_012,9
AGAGTGGCATGCCTCCACCG_013,26
AGAGTGGCATGCCTCCACCG_014,35
AGAGTGGCATGCCTCCACCG_015,2
AGAGTGGCATGCCTCCACCG_016,1
AGAGTGGCATGCCTCCACCG_017,125
AGAGTGGCATGCCTCCACCG_018,146
CATGACATGAACTGGTACAG_001,20
CATGACATGAACTGGTACAG_002,119
CATGACATGAACTGGTACAG_003,148
CATGACATGAACTGGTACAG_004,94
CATGACATGAACTGGTACAG_005,154
CATGACATGAACTGGTACAG_006,55
CATGACATGAACTGGTACAG_007,98
TGTCCTTCCAAGGAACACCC_001,174
ATACATATGAGTTACAGGTG_001,78
ATACATATGAGTTACAGGTG_002,26
ATACATATGAGTTACAGGTG_003,118
ATACATATGAGTTACAGGTG_004,158
ATACATATGAGTTACAGGTG_005,107
ATACATATGAGTTACAGGTG_006,88
ATACATATGAGTTACAGGTG_007,69
GGTAGCCAAGATGATGAGAT_001,169
GGTAGCCAAGATGATGAGAT_002,77
GGTAGCCAAGATGATGAGAT_003,175
GGTAGCCAAGATGATGAGAT_004,156
GGTAGCCAAGATGATGAGAT_005,1
GGTAGCCAAGATGATGAGAT_006,23
GGTAGCCAAGATGATGAGAT_007,58
GGTAGCCAAGATGATGAGAT_008,28
GGTAGCCAAGATGATGAGAT_009,102
GGTAGCCAAGATGATGAGAT_010,48
GGTAGCCAAGATGATGAGAT_011,187
CTGGGACTCACCATAAATCT_001,104
CTGGGACTCACCATAAATCT_002,48
CTGGGACTCACCATAAATCT_003,65
CTGGGACTCACCATAAATCT_004,39
ACTCCGAAAGTCCAGCTGCA_001,34
ACTCCGAAAGTCCAGCTGCA_002,190
ACTCCGAAAGTCCAGCTGCA_003,3
ACTCCGAAAGTCCAGCTGCA_004,185
ACTCCGAAAGTCCAGCTGCA_005,199
ACTCCGAAAGTCCAGCTGCA_006,43
ACTCCGAAAGTCCAGCTGCA_007,76
ACTCCGAAAGTCCAGCTGCA_008,17
ACTCCGAAAGTCCAGCTGCA_009,189
ACTCCGAAAGTCCAGCTGCA_010,178
ACTCCGAAAGTCCAGCTGCA_011,170
ACTCCGAAAGTCCAGCTGCA_012,58
ACTCCGAAAGTCCAGCTGCA_013,183
ACTCCGAAAGTCCAGCTGCA_014,50
ACTCCGAAAGTCCAGCTGCA_015,13
ACTCCGAAAGTCCAGCTGCA_016,83
ACTCCGAAAGTCCAGCTGCA_017,78
ACTCCGAAAGTCCAGCTGCA_018,127
ACTCCGAAAGTCCAGCTGCA_019,17
ACTCCGAAAGTCCAGCTGCA_020,145
ACTCCGAAAGTCCAGCTGCA_021,13
ACTCCGAAAGTCCAGCTGCA_022,199
ACTCCGAAAGTCCAGCTGCA_023,146
ACTCCGAAAGTCCAGCTGCA_024,170
ACTCCGAAAGTCCAGCTGCA_025,76
ACTCCGAAAGTCCAGCTGCA_026,50
ACTCCGAAAGTCCAGCTGCA_027,170
ACTCCGAAAGTCCAGCTGCA_028,199
TGGATGTGGAAAGTCCCGAA_001,176
TGGATGTGGAAAGTCCCGAA_002,108
TGGATGTGGAAAGTCCCGAA_003,194
GGTCTCTACCACCAAAACGG_001,40
GGTCTCTACCACCAAAACGG_002,17
GGTCTCTACCACCAAAACGG_003,102
GGTCTCTACCACCAAAACGG_004,198
GGTCTCTACCACCAAAACGG_005,149
GGTCTCTACCACCAAAACGG_006,77
GGTCTCTACCACCAAAACGG_007,179
GGTCTCTACCACCAAAACGG_008,101
GGTCTCTACCACCAAAACGG_009,106
GGTCTCTACCACCAAAACGG_010,63
GGTCTCTACCACCAAAACGG_011,172
GGTCTCTACCACCAAAACGG_012,43
GGTCTCTACCACCAAAACGG_013,7
GGTCTCTACCACCAAAACGG_014,64
GGTCTCTACCACCAAAACGG_015,124
GGTCTCTACCACCAAAACGG_016,142
GGTCTCTACCACCAAAACGG_017,2
GGTCTCTACCACCAAAACGG_018,124
GGTCTCTACCACCAAAACGG_019,175
GATGAGTGTAAGGGACACCA_001,54
GATGAGTGTAAGGGACACCA_002,0
GATGAGTGTAAGGGACACCA_003,137
GATGAGTGTAAGGGACACCA_004,3
GCATCGACGAATTTAGCACA_001,145
GCATCGACGAATTTAGCACA_002,145
GCATCGACGAATTTAGCACA_003,106
GCATCGACGAATTTAGCACA_004,105
GCATCGACGAATTTAGCACA_005,88
GCATCGACGAATTTAGCACA_006,98
GCATCGACGAATTTAGCACA_007,51
GCATCGACGAATTTAGCACA_008,15
GCATCGACGAATTTAGCACA_009,134
GCATCGACGAATTTAGCACA_010,175
GCATCGACGAATTTAGCACA_011,163
GCATCGACGAATTTAGCACA_012,90
GCATCGACGAATTTAGCACA_013,39
AGCTTCGGTTTCACAATCAG_001,52
AGCTTCGGTTTCACAATCAG_002,29
AGCTTCGGTTTCACAATCAG_003,1
AGCTTCGGTTTCACAATCAG_004,103
AGCTTCGGTTTCACAATCAG_005,43
AGCTTCGGTTTCACAATCAG_006,5
AGCTTCGGTTTCACAATCAG_007,94
AGCTTCGGTTTCACAATCAG_008,178
AGCTTCGGTTTCACAATCAG_009,36
TAGAAGTGGACCACACCTCG_001,3
TAGAAGTGGACCACACCTCG_002,8
TAGAAGTGGACCACACCTCG_003,183
TAGAAGTGGACCACACCTCG_004,19
TAGAAGTGGACCACACCTCG_005,22
TAGAAGTGGACCACACCTCG_006,50
TAGAAGTGGACCACACCTCG_007,158
TAGAAGTGGACCACACCTCG_008,62
TAGAAGTGGACCACACCTCG_009,10
TAGAAGTGGACCACACCTCG_010,97
TAGAAGTGGACCACACCTCG_011,97
TAGAAGTGGACCACACCTCG_012,27
TAGAAGTGGACCACACCTCG_013,121
TCCACCGTCAAAGTTCATAC_001,183
TCCACCGTCAAAGTTCATAC_002,166
TCCACCGTCAAAGTTCATAC_003,94
TCCACCGTCAAAGTTCATAC_004,145
TCCACCGTCAAAGTTCATAC_005,82
TCCACCGTCAAAGTTCATAC_006,106
TCCACCGTCAAAGTTCATAC_007,167
TCCACCGTCAAAGTTCATAC_008,147
TCACGAAGTAGCGATACATG_001,193
TCACGAAGTAGCGATACATG_002,162
TCACGAAGTAGCGATACATG_003,11
TCACGAAGTAGCGATACATG_004,194
CCCTGCACAGCTATAAGAGA_001,47
CCCTGCACAGCTATAAGAGA_002,7
CCCTGCACAGCTATAAGAGA_003,132
CCCTGCACAGCTATAAGAGA_004,173
CCCTGCACAGCTATAAGAGA_005,179
CCCTGCACAGCTATAAGAGA_006,188
CGACAGTGTGCCACTCTAGG_001,0
CGACAGTGTGCCACTCTAGG_002,48
CGACAGTGTGCCACTCTAGG_003,150
CGACAGTGTGCCACTCTAGG_004,16
CGACAGTGTGCCACTCTAGG_005,2
CGACAGTGTGCCACTCTAGG_006,128
CGACAGTGTGCCACTCTAGG_007,156
CGACAGTGTGCCACTCTAGG_008,170
CGACAGTGTGCCACTCTAGG_009,107
CGACAGTGTGCCACTCTAGG_010,175
CGACAGTGTGCCACTCTAGG_011,169
CGACAGTGTGCCACTCTAGG_012,22
CGACAGTGTGCCACTCTAGG_013,56
CGACAGTGTGCCACTCTAGG_014,30
CGACAGTGTGCCACTCTAGG_015,144
CGACAGTGTGCCACTCTAGG_016,191
CGACAGTGTGCCACTCTAGG_017,134
CGACAGTGTGCCACTCTAGG_018,113
AGTAGTTCAACACCATCACT_001,113
AGTAGTTCAACACCATCACT_002,138
AGTAGTTCAACACCATCACT_003,150
AGTAGTTCAACACCATCACT_004,87
AGTAGTTCAACACCATCACT_005,83
AGTAGTTCAACACCATCACT_006,53
AGTAGTTCAACACCATCACT_007,152
AGTAGTTCAACACCATCACT_008,12
AGTAGTTCAACACCATCACT_009,35
AGGGATGAGAATAGACTCGG_001,58
AGGGATGAGAATAGACTCGG_002,2
AGGGATGAGAATAGACTCGG_003,94
AGGGATGAGAATAGACTCGG_004,166
AGGGATGAGAATAGACTCGG_005,53
AGGGATGAGAATAGACTCGG_006,54
AGGGATGAGAATAGACTCGG_007,81
AGGGATGAGAATAGACTCGG_008,102
AGGGATGAGAATAGACTCGG_009,80
AGGGATGAGAATAGACTCGG_010,127
CCACGTGAACTTGGTCAATG_001,191
CCACGTGAACTTGGTCAATG_002,49
CCACGTGAACTTGGTCAATG_003,102
CCACGTGAACTTGGTCAATG_004,76
CCACGTGAACTTGGTCAATG_005,145
CCACGTGAACTTGGTCAATG_006,61
CCACGTGAACTTGGTCAATG_007,55
CCACGTGAACTTGGTCAATG_008,77
CCACGTGAACTTGGTCAATG_009,63
CCACGTGAACTTGGTCAATG_010,88
CCACGTGAACTTGGTCAATG_011,101
CCACGTGAACTTGGTCAATG_012,150
CCACGTGAACTTGGTCAATG_013,92
CCACGTGAACTTGGTCAATG_014,18
CCACGTGAACTTGGTCAATG_015,55
CCACGTGAACTTGGTCAATG_016,150
CCACGTGAACTTGGTCAATG_017,94
CCACGTGAACTTGGTCAATG_018,192
CCACGTGAACTTGGTCAATG_019,141
CCACGTGAACTTGGTCAATG_020,115
CCACGTGAACTTGGTCAATG_021,94
CCACGTGAACTTGGTCAATG_022,43
CCACGTGAACTTGGTCAATG_023,150
CCACGTGAACTTGGTCAATG_024,115
CCACGTGAACTTGGTCAATG_025,75
CCACGTGAACTTGGTCAATG_026,146
CTACTTCCCAGACCGGAACG_001,112
CTACTTCCCAGACCGGAACG_002,17
CTACTTCCCAGACCGGAACG_003,150
CTACTTCCCAGACCGGAACG_004,140
CTACTTCCCAGACCGGAACG_005,41
CTACTTCCCAGACCGGAACG_006,88
CTACTTCCCAGACCGGAACG_007,176
CTACTTCCCAGACCGGAACG_008,30
CTACTTCCCAGACCGGAACG_009,169
CTACTTCCCAGACCGGAACG_010,182
CTACTTCCCAGACCGGAACG_011,150
TATGTGCCGTAAGTACGGTG_001,23
TATGTGCCGTAAGTACGGTG_002,73
TATGTGCCGTAAGTACGGTG_003,48
TATGTGCCGTAAGTACGGTG_004,38
TATGTGCCGTAAGTACGGTG_005,86
TATGTGCCGTAAGTACGGTG_006,108
TATGTGCCGTAAGTACGGTG_007,108
TATGTGCCGTAAGTACGGTG_008,36
TATGTGCCGTAAGTACGGTG_009,20
TATGTGCCGTAAGTACGGTG_010,166
TATGTGCCGTAAGTACGGTG_011,77
TATGTGCCGTAAGTACGGTG_012,149
TATGTGCCGTAAGTACGGTG_013,102
TATGTGCCGTAAGTACGGTG_014,81
TCCACACCGTTCTCTCCCCG_001,30
TCCACACCGTTCTCTCCCCG_002,165
CTGTTCCAGCAGCAGAACAC_001,75
CTGTTCCAGCAGCAGAACAC_002,178
CTGTTCCAGCAGCAGAACAC_003,158
CTGTTCCAGCAGCAGAACAC_004,107
CTGTTCCAGCAGCAGAACAC_005,133
TCCTGAATTCAGACAGCACG_001,148
TCCTGAATTCAGACAGCACG_002,15
TCCTGAATTCAGACAGCACG_003,148
TCCTGAATTCAGACAGCACG_004,115
TCAGCCAACTGAGTATGGGT_001,2
ATGTTGGAAGATCCATCAAG_001,92
ATGTTGGAAGATCCATCAAG_002,30
AGTGGTCAGGACCTGAACCA_001,96
AGTGGTCAGGACCTGAACCA_002,6
AGTGGTCAGGACCTGAACCA_003,80
AGTGGTCAGGACCTGAACCA_004,92
AGTGGTCAGGACCTGAACCA_005,40
AGTGGTCAGGACCTGAACCA_006,100
AGTGGTCAGGACCTGAACCA_007,99
TTAGACTGCAAGTGGCAACG_001,12
TTAGACTGCAAGTGGCAACG_002,70
TTAGACTGCAAGTGGCAACG_003,19
TTAGACTGCAAGTGGCAACG_004,2
GTCTACGACATTACTGACCG_001,64
GTCTACGACATTACTGACCG_002,136
GTCTACGACATTACTGACCG_003,94
TATTAATGTCCATGATAGCG_001,82
ACTGGTGAAAAACCCTACAA_001,4
ACTGGTGAAAAACCCTACAA_002,83
ACTGGTGAAAAACCCTACAA_003,147
ACTGGTGAAAAACCCTACAA_004,176
ACTGGTGAAAAACCCTACAA_005,9
ACTGGTGAAAAACCCTACAA_006,2
ACTGGTGAAAAACCCTACAA_007,199
GCAGCCGAATCGCCAACCGC_001,61
GCAGCCGAATCGCCAACCGC_002,139
GCAGCCGAATCGCCAACCGC_003,50
GCAGCCGAATCGCCAACCGC_004,155
GCAGCCGAATCGCCAACCGC_005,186
AGCACTTTAAAGGATACCAA_001,32
AGCACTTTAAAGGATACCAA_002,8
AGCACTTTAAAGGATACCAA_003,86
AGCACTTTAAAGGATACCAA_004,174
AGCACTTTAAAGGATACCAA_005,31
AGCACTTTAAAGGATACCAA_006,94
AGCACTTTAAAGGATACCAA_007,127
AGCACTTTAAAGGATACCAA_008,15
GATGGAAGTCAGACTCTGTG_001,184
GATGGAAGTCAGACTCTGTG_002,95
GATGGAAGTCAGACTCTGTG_003,185
GATGGAAGTCAGACTCTGTG_004,147
GATGGAAGTCAGACTCTGTG_005,130
GATGGAAGTCAGACTCTGTG_006,177
GATGGAAGTCAGACTCTGTG_007,188
GATGGAAGTCAGACTCTGTG_008,197
GATGGAAGTCAGACTCTGTG_009,83
GATGGAAGTCAGACTCTGTG_010,182
GATGGAAGTCAGACTCTGTG_011,199
GATGGAAGTCAGACTCTGTG_012,48
GATGGAAGTCAGACTCTGTG_013,135
GATGGAAGTCAGACTCTGTG_014,77
GATGGAAGTCAGACTCTGTG_015,33
GATGGAAGTCAGACTCTGTG_016,74
GATGGAAGTCAGACTCTGTG_017,48
AGTGTGAGAGTCCCCAATGG_001,40
AGTGTGAGAGTCCCCAATGG_002,123
GCTGCTTTGGCCCATCCTTG_001,12
GCTGCTTTGGCCCATCCTTG_002,58
GCTGCTTTGGCCCATCCTTG_003,27
GCTGCTTTGGCCCATCCTTG_004,85
GCTGCTTTGGCCCATCCTTG_005,186
GCTGCTTTGGCCCATCCTTG_006,62
GCTGCTTTGGCCCATCCTTG_007,58
GCTGCTTTGGCCCATCCTTG_008,158
GCTGCTTTGGCCCATCCTTG_009,119
GCTGCTTTGGCCCATCCTTG_010,126
GCTGCTTTGGCCCATCCTTG_011,35
AGGAGTTACGCTCAGAGCCA_001,193
AGGAGTTACGCTCAGAGCCA_002,54
AGGAGTTACGCTCAGAGCCA_003,48
AGGAGTTACGCTCAGAGCCA_004,51
AGGAGTTACGCTCAGAGCCA_005,16
AGGAGTTACGCTCAGAGCCA_006,146
AGGAGTTACGCTCAGAGCCA_007,129
AGGAGTTACGCTCAGAGCCA_008,52
AGGAGTTACGCTCAGAGCCA_009,117
AGGAGTTACGCTCAGAGCCA_010,169
AGGAGTTACGCTCAGAGCCA_011,48
AGGAGTTACGCTCAGAGCCA_012,36
AGGAGTTACGCTCAGAGCCA_013,152
AGGAGTTACGCTCAGAGCCA_014,197
GACGAGCACGTTGCCGAACA_001,80
GACGAGCACGTTGCCGAACA_002,60
GACGAGCACGTTGCCGAACA_003,146
GACGAGCACGTTGCCGAACA_004,169
GACGAGCACGTTGCCGAACA_005,31
GACGAGCACGTTGCCGAACA_006,72
GACGAGCACGTTGCCGAACA_007,16
GACGAGCACGTTGCCGAACA_008,170
GACGAGCACGTTGCCGAACA_009,105
GACGAGCACGTTGCCGAACA_010,145
GACGAGCACGTTGCCGAACA_011,98
GACGAGCACGTTGCCGAACA_012,157
GACGAGCACGTTGCCGAACA_013,72
GACGAGCACGTTGCCGAACA_014,42
GACGAGCACGTTGCCGAACA_015,66
GACGAGCACGTTGCCGAACA_016,102
GAGGACCGCAGCCATGTAGA_001,42
GAGGACCGCAGCCATGTAGA_002,27
GAGGACCGCAGCCATGTAGA_003,5
GAGGACCGCAGCCATGTAGA_004,101
GAGGACCGCAGCCATGTAGA_005,28
GAGGACCGCAGCCATGTAGA_006,157
GAGGACCGCAGCCATGTAGA_007,3
GAGGACCGCAGCCATGTAGA_008,67
GAGGACCGCAGCCATGTAGA_009,174
GAGGACCGCAGCCATGTAGA_010,170
GAGGACCGCAGCCATGTAGA_011,94
GAGGACCGCAGCCATGTAGA_012,18
GAGGACCGCAGCCATGTAGA_013,101
GAGGACCGCAGCCATGTAGA_014,16
GAGGACCGCAGCCATGTAGA_015,29
GAGGACCGCAGCCATGTAGA_016,170
GAGGACCGCAGCCATGTAGA_017,178
GAGGACCGCAGCCATGTAGA_018,40
GAGGACCGCAGCCATGTAGA_019,34
GAGGACCGCAGCCATGTAGA_020,138
GAGGACCGCAGCCATGTAGA_021,43
GCTCTACCTCACCCAACTGT_001,176
GCTCTACCTCACCCAACTGT_002,10
GCTCTACCTCACCCAACTGT_003,14
GCTCTACCTCACCCAACTGT_004,15
GCTCTACCTCACCCAACTGT_005,17
GCTCTACCTCACCCAACTGT_006,120
GCTCTACCTCACCCAACTGT_007,61
GCTCTACCTCACCCAACTGT_008,63
GCTCTACCTCACCCAACTGT_009,66
GGCACGGCAAGCGTCCAGCG_001,11
GGCACGGCAAGCGTCCAGCG_002,31
GGCACGGCAAGCGTCCAGCG_003,107
GGCACGGCAAGCGTCCAGCG_004,174
GGCACGGCAAGCGTCCAGCG_005,117
GGCACGGCAAGCGTCCAGCG_006,113
GGCACGGCAAGCGTCCAGCG_007,191
GGCACGGCAAGCGTCCAGCG_008,48
GGCACGGCAAGCGTCCAGCG_009,160
GGCACGGCAAGCGTCCAGCG_010,30
GGCACGGCAAGCGTCCAGCG_011,50
GGGGCAGCAGCAGCGGGGGG_001,0
GGGGCAGCAGCAGCGGGGGG_002,118
GGGGCAGCAGCAGCGGGGGG_003,56
GGGGCAGCAGCAGCGGGGGG_004,178
GGGGCAGCAGCAGCGGGGGG_005,42
GGGGCAGCAGCAGCGGGGGG_006,101
GGGGCAGCAGCAGCGGGGGG_007,63
GGGGCAGCAGCAGCGGGGGG_008,168
GGGGCAGCAGCAGCGGGGGG_009,77
GGGGCAGCAGCAGCGGGGGG_010,124
GGGGCAGCAGCAGCGGGGGG_011,127
GGGGCAGCAGCAGCGGGGGG_012,188
GGGGCAGCAGCAGCGGGGGG_013,188
GGGGCAGCAGCAGCGGGGGG_014,55
GGGGCAGCAGCAGCGGGGGG_015,62
GGGGCAGCAGCAGCGGGGGG_016,146
GGGGCAGCAGCAGCGGGGGG_017,156
GGGGCAGCAGCAGCGGGGGG_018,172
GGGGCAGCAGCAGCGGGGGG_019,40
GGGGCAGCAGCAGCGGGGGG_020,158
GGGGCAGCAGCAGCGGGGGG_021,195
GGGGCAGCAGCAGCGGGGGG_022,85
GGGGCAGCAGCAGCGGGGGG_023,168
GGGGCAGCAGCAGCGGGGGG_024,75
GGGGCAGCAGCAGCGGGGGG_025,118
GGGGCAGCAGCAGCGGGGGG_026,58
GGGGCAGCAGCAGCGGGGGG_027,9
GGGGCAGCAGCAGCGGGGGG_028,151
GGGGCAGCAGCAGCGGGGGG_029,134
GGGGCAGCAGCAGCGGGGGG_030,130
GGGGCAGCAGCAGCGGGGGG_031,76
GGGGCAGCAGCAGCGGGGGG_032,0
GGGGCAGCAGCAGCGGGGGG_033,64
GGGGCAGCAGCAGCGGGGGG_034,27
GGGGCAGCAGCAGCGGGGGG_035,48
GGGGCAGCAGCAGCGGGGGG_036,127
GGGGCAGCAGCAGCGGGGGG_037,6
GGGGCAGCAGCAGCGGGGGG_038,140
GGGGCAGCAGCAGCGGGGGG_039,52
GGGGCAGCAGCAGCGGGGGG_040,101
GGGGCAGCAGCAGCGGGGGG_041,186
GGGGCAGCAGCAGCGGGGGG_042,126
GGGGCAGCAGCAGCGGGGGG_043,24
GGGGCAGCAGCAGCGGGGGG_044,1
GGGGCAGCAGCAGCGGGGGG_045,78
GGGGCAGCAGCAGCGGGGGG_046,185
GGGGCAGCAGCAGCGGGGGG_047,196
GGGGCAGCAGCAGCGGGGGG_048,136
GGGGCAGCAGCAGCGGGGGG_049,101
GGGGCAGCAGCAGCGGGGGG_050,101
GGGGCAGCAGCAGCGGGGGG_051,179
GGGGCAGCAGCAGCGGGGGG_052,16
GGGGCAGCAGCAGCGGGGGG_053,155
GGGGCAGCAGCAGCGGGGGG_054,144
GGGGCAGCAGCAGCGGGGGG_055,160
AGGACGCGTGGGCCTCGGAG_001,198
AGGACGCGTGGGCCTCGGAG_002,189
AGGACGCGTGGGCCTCGGAG_003,51
AGGACGCGTGGGCCTCGGAG_004,72
AGGACGCGTGGGCCTCGGAG_005,68
ATGTAACGAGTTGTAAGTCA_001,184
ATGTAACGAGTTGTAAGTCA_002,97
ATGTAACGAGTTGTAAGTCA_003,88
ATGTAACGAGTTGTAAGTCA_004,17
ATGTAACGAGTTGTAAGTCA_005,127
ATGTAACGAGTTGTAAGTCA_006,105
ATGTAACGAGTTGTAAGTCA_007,76
ATGTAACGAGTTGTAAGTCA_008,125
ATGTAACGAGTTGTAAGTCA_009,6
CGACAACGTGCAGGTGTATC_001,84
CGACAACGTGCAGGTGTATC_002,5
CGACAACGTGCAGGTGTATC_003,153
CGACAACGTGCAGGTGTATC_004,73
CGACAACGTGCAGGTGTATC_005,70
CGACAACGTGCAGGTGTATC_006,95
CGACAACGTGCAGGTGTATC_007,67
CGACAACGTGCAGGTGTATC_008,158
CGACAACGTGCAGGTGTATC_009,155
CGACAACGTGCAGGTGTATC_010,121
CGACAACGTGCAGGTGTATC_011,68
CGACAACGTGCAGGTGTATC_012,34
TGGAATTCTTACGGTAGACA_001,161
AGGTCTATTACACAAGCTTG_001,41
AGGTCTATTACACAAGCTTG_002,191
AGGTCTATTACACAAGCTTG_003,117
AGGTCTATTACACAAGCTTG_004,157
AGGTCTATTACACAAGCTTG_005,76
GTAACAGTGATCATTCCGAG_001,52
GTAACAGTGATCATTCCGAG_002,144
GTAACAGTGATCATTCCGAG_003,195
GTAACAGTGATCATTCCGAG_004,32
GTAACAGTGATCATTCCGAG_005,105
GTAACAGTGATCATTCCGAG_006,106
TTTCCGGCGATGTAGCTGGG_001,78
TTTCCGGCGATGTAGCTGGG_002,0
TTTCCGGCGATGTAGCTGGG_003,153
TTTCCGGCGATGTAGCTGGG_004,151
TTTCCGGCGATGTAGCTGGG_005,160
TTTCCGGCGATGTAGCTGGG_006,54
TTTCCGGCGATGTAGCTGGG_007,57
TTTCCGGCGATGTAGCTGGG_008,149
TTTCCGGCGATGTAGCTGGG_009,188
TTTCCGGCGATGTAGCTGGG_010,22
TTTCCGGCGATGTAGCTGGG_011,162
TTTCCGGCGATGTAGCTGGG_012,137
AATACCTACACACACAAACC_001,73
AATACCTACACACACAAACC_002,43
CCTGGTCCGCCGATATGATG_001,8
CCTGGTCCGCCGATATGATG_002,126
CCTGGTCCGCCGATATGATG_003,127
AGGCTCGTTTAGAAGTGCAC_001,106
AGGCTCGTTTAGAAGTGCAC_002,107
AGGCTCGTTTAGAAGTGCAC_003,193
AGGCTCGTTTAGAAGTGCAC_004,145
AGGCTCGTTTAGAAGTGCAC_005,81
AGGCTCGTTTAGAAGTGCAC_006,39
AGGCTCGTTTAGAAGTGCAC_007,18
AGGCTCGTTTAGAAGTGCAC_008,114
CTGAACTAAAGAATGCACAC_001,33
CTGAACTAAAGAATGCACAC_002,56
CTGAACTAAAGAATGCACAC_003,20
CTGAACTAAAGAATGCACAC_004,30
CTGAACTAAAGAATGCACAC_005,123
CTGAACTAAAGAATGCACAC_006,44
CTGAACTAAAGAATGCACAC_007,48
CTGAACTAAAGAATGCACAC_008,191
CTGAACTAAAGAATGCACAC_009,142
CTGAACTAAAGAATGCACAC_010,94
CTGAACTAAAGAATGCACAC_011,40
CTGCCTGAAAGGTTGTGATG_001,187
CTGCCTGAAAGGTTGTGATG_002,127
CTGCCTGAAAGGTTGTGATG_003,104
CTGCCTGAAAGGTTGTGATG_004,90
CTGCCTGAAAGGTTGTGATG_005,94
CTGCCTGAAAGGTTGTGATG_006,124
CTGCCTGAAAGGTTGTGATG_007,12
CTGCCTGAAAGGTTGTGATG_008,51
CTGCCTGAAAGGTTGTGATG_009,41
CTGCCTGAAAGGTTGTGATG_010,78
CTGCCTGAAAGGTTGTGATG_011,12
CTGCCTGAAAGGTTGTGATG_012,131
CTGCCTGAAAGGTTGTGATG_013,65
CTGCCTGAAAGGTTGTGATG_014,58
CTGCCTGAAAGGTTGTGATG_015,171
CTGCCTGAAAGGTTGTGATG_016,198
CTGCCTGAAAGGTTGTGATG_017,198
CTGCCTGAAAGGTTGTGATG_018,88
CTGCCTGAAAGGTTGTGATG_019,145
CTGCCTGAAAGGTTGTGATG_020,19
CTGCCTGAAAGGTTGTGATG_021,99
CTGCCTGAAAGGTTGTGATG_022,144
CTGCCTGAAAGGTTGTGATG_023,87
CTGCCTGAAAGGTTGTGATG_024,87
CTGCCTGAAAGGTTGTGATG_025,143
CTGCCTGAAAGGTTGTGATG_026,169
CTGCCTGAAAGGTTGTGATG_027,138
TGAGACATTGAAACCCTTTG_001,107
TGAGACATTGAAACCCTTTG_002,159
TGAGACATTGAAACCCTTTG_003,173
TGAGACATTGAAACCCTTTG_004,3
TGAGACATTGAAACCCTTTG_005,34
TGAGACATTGAAACCCTTTG_006,2
TGAGACATTGAAACCCTTTG_007,138
AGGACTAGCCTCATTGTCAG_001,188
AGGACTAGCCTCATTGTCAG_002,108
AGGACTAGCCTCATTGTCAG_003,70
AGGACTAGCCTCATTGTCAG_004,12
AGGACTAGCCTCATTGTCAG_005,178
AGGACTAGCCTCATTGTCAG_006,88
AGGACTAGCCTCATTGTCAG_007,88
AGGACTAGCCTCATTGTCAG_008,184
CATCCCCAAGAAGGAGACTT_001,7
CATCCCCAAGAAGGAGACTT_002,49
CATCCCCAAGAAGGAGACTT_003,155
CATCCCCAAGAAGGAGACTT_004,133
CATCCCCAAGAAGGAGACTT_005,2
CATCCCCAAGAAGGAGACTT_006,158
CATCCCCAAGAAGGAGACTT_007,197
CATCCCCAAGAAGGAGACTT_008,187
CATCCCCAAGAAGGAGACTT_009,132
CATCCCCAAGAAGGAGACTT_010,38
CATCCCCAAGAAGGAGACTT_011,162
CATCCCCAAGAAGGAGACTT_012,148
CATCCCCAAGAAGGAGACTT_013,199
CATCCCCAAGAAGGAGACTT_014,20
TACCACACCACATCACACCC_001,150
TACCACACCACATCACACCC_002,44
CATTATTAGCCGCCTACAAG_001,62
CATTATTAGCCGCCTACAAG_002,96
CATTATTAGCCGCCTACAAG_003,25
CATTATTAGCCGCCTACAAG_004,97
CATTATTAGCCGCCTACAAG_005,82
CATTATTAGCCGCCTACAAG_006,5
CATTATTAGCCGCCTACAAG_007,57
CATTATTAGCCGCCTACAAG_008,43
CATTATTAGCCGCCTACAAG_009,174
AATCCTGATGCGGAAGACGG_001,48
AATCCTGATGCGGAAGACGG_002,28
AATCCTGATGCGGAAGACGG_003,50
AATCCTGATGCGGAAGACGG_004,76
AATCCTGATGCGGAAGACGG_005,120
AATCCTGATGCGGAAGACGG_006,75
AATCCTGATGCGGAAGACGG_007,132
AATCCTGATGCGGAAGACGG_008,11
AATCCTGATGCGGAAGACGG_009,198
AATCCTGATGCGGAAGACGG_010,162
AATCCTGATGCGGAAGACGG_011,10
AATCCTGATGCGGAAGACGG_012,137
CCCCTGGGCGGAGCACACGT_001,25
CCCCTGGGCGGAGCACACGT_002,3
CCCCTGGGCGGAGCACACGT_003,77
CCCCTGGGCGGAGCACACGT_004,19
CCCCTGGGCGGAGCACACGT_005,172
GGGTGCAAACAATTTATTCG_001,47
GGGTGCAAACAATTTATTCG_002,41
GGGTGCAAACAATTTATTCG_003,113
GCCCAATGCCTGCACTACAG_001,197
GCCCAATGCCTGCACTACAG_002,29
GCCCAATGCCTGCACTACAG_003,198
GCCCAATGCCTGCACTACAG_004,92
GCCCAATGCCTGCACTACAG_005,94
GCCCAATGCCTGCACTACAG_006,158
GCCCAATGCCTGCACTACAG_007,140
GCCCAATGCCTGCACTACAG_008,95
GCCCAATGCCTGCACTACAG_009,15
AATCTTACTCGTCCTCCTTG_001,158
AATCTTACTCGTCCTCCTTG_002,155
AATCTTACTCGTCCTCCTTG_003,6
AATCTTACTCGTCCTCCTTG_004,174
AATCTTACTCGTCCTCCTTG_005,182
AATCTTACTCGTCCTCCTTG_006,48
AATCTTACTCGTCCTCCTTG_007,150
AATCTTACTCGTCCTCCTTG_008,8
AATCTTACTCGTCCTCCTTG_009,198
AATCTTACTCGTCCTCCTTG_010,192
AATCTTACTCGTCCTCCTTG_011,1
AATCTTACTCGTCCTCCTTG_012,81
AATCTTACTCGTCCTCCTTG_013,19
AATCTTACTCGTCCTCCTTG_014,175
AATCTTACTCGTCCTCCTTG_015,199
AATCTTACTCGTCCTCCTTG_016,58
TATTTACTAATTGGGTCGGG_001,183
ACATGGACAACTCTTCCGGG_001,150
ACATGGACAACTCTTCCGGG_002,72
ACATGGACAACTCTTCCGGG_003,158
ACATGGACAACTCTTCCGGG_004,141
ACATGGACAACTCTTCCGGG_005,184
ACATGGACAACTCTTCCGGG_006,26
ACATGGACAACTCTTCCGGG_007,196
TCAGATAATCGACGCCAGGG_001,41
TCAGATAATCGACGCCAGGG_002,76
TCAGATAATCGACGCCAGGG_003,123
TCAGATAATCGACGCCAGGG_004,35
TCAGATAATCGACGCCAGGG_005,69
TCAGATAATCGACGCCAGGG_006,196
TCAGATAATCGACGCCAGGG_007,167
TCAGATAATCGACGCCAGGG_008,29
TCAGATAATCGACGCCAGGG_009,20
TCAGATAATCGACGCCAGGG_010,65
TCAGATAATCGACGCCAGGG_011,56
TCAGATAATCGACGCCAGGG_012,180
TCAGATAATCGACGCCAGGG_013,185
TCAGATAATCGACGCCAGGG_014,58
TCAGATAATCGACGCCAGGG_015,192
TCAGATAATCGACGCCAGGG_016,180
ATAGTATCAAATATCCAGAC_001,17
ATAGTATCAAATATCCAGAC_002,198
ATAGTATCAAATATCCAGAC_003,27
GCGATGTGCAGGAGAGATCG_001,46
GCGATGTGCAGGAGAGATCG_002,76
GCGATGTGCAGGAGAGATCG_003,125
GCGATGTGCAGGAGAGATCG_004,46
GCGATGTGCAGGAGAGATCG_005,150
GCGATGTGCAGGAGAGATCG_006,89
CATACTTAGGAGCAAAACCA_001,144
CAGTTCGTTGCGCTGCCAAG_001,41
CAGTTCGTTGCGCTGCCAAG_002,58
CAGTTCGTTGCGCTGCCAAG_003,127
CAGTTCGTTGCGCTGCCAAG_004,70
CAGTTCGTTGCGCTGCCAAG_005,17
CAGTTCGTTGCGCTGCCAAG_006,34
CAGTTCGTTGCGCTGCCAAG_007,70
CAGTTCGTTGCGCTGCCAAG_008,94
CAGTTCGTTGCGCTGCCAAG_009,102
CAGTTCGTTGCGCTGCCAAG_010,118
CAGTTCGTTGCGCTGCCAAG_011,8
GAGCCGGTTACAGAGTATTG_001,68
GAGCCGGTTACAGAGTATTG_002,105
GAGCCGGTTACAGAGTATTG_003,23
GAGCCGGTTACAGAGTATTG_004,138
GAGCCGGTTACAGAGTATTG_005,34
GAGCCGGTTACAGAGTATTG_006,86
GAGCCGGTTACAGAGTATTG_007,58
GGGAGCTGGGCACTTCACGT_001,97
GGGAGCTGGGCACTTCACGT_002,137
GGGAGCTGGGCACTTCACGT_003,148
GGGAGCTGGGCACTTCACGT_004,19
GGGAGCTGGGCACTTCACGT_005,177
GGGAGCTGGGCACTTCACGT_006,49
GGGAGCTGGGCACTTCACGT_007,24
GGGAGCTGGGCACTTCACGT_008,154
GGGAGCTGGGCACTTCACGT_009,1
GGGAGCTGGGCACTTCACGT_010,112
GGGAGCTGGGCACTTCACGT_011,9
GGGAGCTGGGCACTTCACGT_012,184
GGGAGCTGGGCACTTCACGT_013,16
GGGAGCTGGGCACTTCACGT_014,168
GGGAGCTGGGCACTTCACGT_015,44
GGGAGCTGGGCACTTCACGT_016,181
GGGAGCTGGGCACTTCACGT_017,14
GGGAGCTGGGCACTTCACGT_018,19
GGGAGCTGGGCACTTCACGT_019,52
GGGAGCTGGGCACTTCACGT_020,62
GGGAGCTGGGCACTTCACGT_021,17
GGGAGCTGGGCACTTCACGT_022,76
GGGAGCTGGGCACTTCACGT_023,120
GGGAGCTGGGCACTTCACGT_024,177
TCTTCCAGGTGACAACATCC_001,184
TCTTCCAGGTGACAACATCC_002,106
TCTTCCAGGTGACAACATCC_003,1
TCTTCCAGGTGACAACATCC_004,48
TCTTCCAGGTGACAACATCC_005,137
TCTTCCAGGTGACAACATCC_006,50
TCTTCCAGGTGACAACATCC_007,162
TCTTCCAGGTGACAACATCC_008,113
TCTTCCAGGTGACAACATCC_009,40
GAAGGTCAAACAAGCCAGCA_001,70
GAAGGTCAAACAAGCCAGCA_002,172
GAAGGTCAAACAAGCCAGCA_003,85
GAAGGTCAAACAAGCCAGCA_004,58
GAAGGTCAAACAAGCCAGCA_005,105
GAAGGTCAAACAAGCCAGCA_006,53
GAAGGTCAAACAAGCCAGCA_007,83
GAAGGTCAAACAAGCCAGCA_008,116
GAAGGTCAAACAAGCCAGCA_009,192
GAAGGTCAAACAAGCCAGCA_010,8
GAAGGTCAAACAAGCCAGCA_011,16
GAAGGTCAAACAAGCCAGCA_012,8
GAAGGTCAAACAAGCCAGCA_013,150
GAAGGTCAAACAAGCCAGCA_014,92
GAAGGTCAAACAAGCCAGCA_015,9
GAAGGTCAAACAAGCCAGCA_016,29
GAAGGTCAAACAAGCCAGCA_017,125
GAAGGTCAAACAAGCCAGCA_018,177
GAAGGTCAAACAAGCCAGCA_019,162
GAAGGTCAAACAAGCCAGCA_020,176
GAAGGTCAAACAAGCCAGCA_021,140
GAAGGTCAAACAAGCCAGCA_022,91
GAAGGTCAAACAAGCCAGCA_023,33
GAAGGTCAAACAAGCCAGCA_024,140
GAAGGTCAAACAAGCCAGCA_025,187
GAAGGTCAAACAAGCCAGCA_026,138
GAAGGTCAAACAAGCCAGCA_027,10
GAAGGTCAAACAAGCCAGCA_028,144
GAAGGTCAAACAAGCCAGCA_029,39
GAAGGTCAAACAAGCCAGCA_030,94
GAAGGTCAAACAAGCCAGCA_031,63
GAAGGTCAAACAAGCCAGCA_032,28
CAAGGGTCTCGGATTATAGG_001,52
CAAGGGTCTCGGATTATAGG_002,150
ACTCGTAATGGAAGGACTGG_001,157
ACTCGTAATGGAAGGACTGG_002,55
ACTCGTAATGGAAGGACTGG_003,174
ACTCGTAATGGAAGGACTGG_004,6
ACTCGTAATGGAAGGACTGG_005,182
ACTCGTAATGGAAGGACTGG_006,117
ACTCGTAATGGAAGGACTGG_007,76
ACTCGTAATGGAAGGACTGG_008,2
CAGAACACCAGACAAGCCGC_001,19
CAGAACACCAGACAAGCCGC_002,94
CAGAACACCAGACAAGCCGC_003,168
CAGAACACCAGACAAGCCGC_004,146
CAGAACACCAGACAAGCCGC_005,1
CAGAACACCAGACAAGCCGC_006,107
CAGAACACCAGACAAGCCGC_007,11
CAGAACACCAGACAAGCCGC_008,86
CAGAACACCAGACAAGCCGC_009,184
CAGAACACCAGACAAGCCGC_010,195
CAGAACACCAGACAAGCCGC_011,69
CAGAACACCAGACAAGCCGC_012,163
CAGAACACCAGACAAGCCGC_013,38
CAGAACACCAGACAAGCCGC_014,141
CAGAACACCAGACAAGCCGC_015,62
CAGAACACCAGACAAGCCGC_016,58
CAGAACACCAGACAAGCCGC_017,94
CAGAACACCAGACAAGCCGC_018,175
CAGAACACCAGACAAGCCGC_019,188
CAGAACACCAGACAAGCCGC_020,49
CAGAACACCAGACAAGCCGC_021,143
CAGAACACCAGACAAGCCGC_022,151
CAGAACACCAGACAAGCCGC_023,40
CAGAACACCAGACAAGCCGC_024,2
CAGAACACCAGACAAGCCGC_025,48
CTCGGCCCACTTGCGTTATA_001,37
CTCGGCCCACTTGCGTTATA_002,2
CTCGGCCCACTTGCGTTATA_003,12
CTCGGCCCACTTGCGTTATA_004,9
CTCGGCCCACTTGCGTTATA_005,84
CTCGGCCCACTTGCGTTATA_006,56
CTCGGCCCACTTGCGTTATA_007,15
CTCGGCCCACTTGCGTTATA_008,58
CTCGGCCCACTTGCGTTATA_009,158
CTCGGCCCACTTGCGTTATA_010,14
CTCGGCCCACTTGCGTTATA_011,59
CTCGGCCCACTTGCGTTATA_012,136
CTCGGCCCACTTGCGTTATA_013,79
CTCGGCCCACTTGCGTTATA_014,61
CTCGGCCCACTTGCGTTATA_015,198
CTCGGCCCACTTGCGTTATA_016,79
CTCGGCCCACTTGCGTTATA_017,97
CTCGGCCCACTTGCGTTATA_018,10
CTCGGCCCACTTGCGTTATA_019,19
CTCGGCCCACTTGCGTTATA_020,9
CTCGGCCCACTTGCGTTATA_021,20
CATCATGTCCACAACAACAG_001,131
CATCATGTCCACAACAACAG_002,179
CATCATGTCCACAACAACAG_003,18
GGGAATGACGAAAAGCGCGG_001,41
GGGAATGACGAAAAGCGCGG_002,172
GGGAATGACGAAAAGCGCGG_003,75
GGGAATGACGAAAAGCGCGG_004,48
GGGAATGACGAAAAGCGCGG_005,159
GGGAATGACGAAAAGCGCGG_006,151
ACATGGCAAGTCTCAAAACC_001,193
TCAGTATCGGCTGCTGGTAA_001,8
TCAGTATCGGCTGCTGGTAA_002,52
TCAGTATCGGCTGCTGGTAA_003,134
TCAGTATCGGCTGCTGGTAA_004,122
TCAGTATCGGCTGCTGGTAA_005,168
TCAGTATCGGCTGCTGGTAA_006,171
TCAGTATCGGCTGCTGGTAA_007,49
TCAGTATCGGCTGCTGGTAA_008,81
TCAGTATCGGCTGCTGGTAA_009,74
TCAGTATCGGCTGCTGGTAA_010,78
TCAGTATCGGCTGCTGGTAA_011,94
TGCCGGGCTCCGGCACTGAG_001,193
TGCCGGGCTCCGGCACTGAG_002,181
TGCCGGGCTCCGGCACTGAG_003,72
TGCCGGGCTCCGGCACTGAG_004,108
TGCCGGGCTCCGGCACTGAG_005,12
TGCCGGGCTCCGGCACTGAG_006,149
TGCCGGGCTCCGGCACTGAG_007,56
TGCCGGGCTCCGGCACTGAG_008,62
TGCCGGGCTCCGGCACTGAG_009,103
TGCCGGGCTCCGGCACTGAG_010,104
TGTGGATAGTACCACAAACA_001,181
TAGCTGTCTGCTATGACATG_001,5
TAGCTGTCTGCTATGACATG_002,105
TAGCTGTCTGCTATGACATG_003,127
TAGCTGTCTGCTATGACATG_004,5
TAGCTGTCTGCTATGACATG_005,156
TAGCTGTCTGCTATGACATG_006,47
TAGCTGTCTGCTATGACATG_007,163
TAGCTGTCTGCTATGACATG_008,38
TAGCTGTCTGCTATGACATG_009,150
TAGCTGTCTGCTATGACATG_010,29
TAGCTGTCTGCTATGACATG_011,150
TAGCTGTCTGCTATGACATG_012,81
TAGCTGTCTGCTATGACATG_013,134
TGTGGTGGATGAAATGACAT_001,193
TGTGGTGGATGAAATGACAT_002,102
TGTGGTGGATGAAATGACAT_003,57
TGTGGTGGATGAAATGACAT_004,166
TGTGGTGGATGAAATGACAT_005,72
TGTGGTGGATGAAATGACAT_006,116
TGTGGTGGATGAAATGACAT_007,42
TGTGGTGGATGAAATGACAT_008,93
TGTGGTGGATGAAATGACAT_009,43
TGTGGTGGATGAAATGACAT_010,60
TGTGGTGGATGAAATGACAT_011,105
TGTGGTGGATGAAATGACAT_012,127
TGTGGTGGATGAAATGACAT_013,74
TGTGGTGGATGAAATGACAT_014,127
TGTGGTGGATGAAATGACAT_015,174
TGTGGTGGATGAAATGACAT_016,77
TGTGGTGGATGAAATGACAT_017,21
TGTGGTGGATGAAATGACAT_018,124
TGTGGTGGATGAAATGACAT_019,166
TGTGGTGGATGAAATGACAT_020,128
TGTGGTGGATGAAATGACAT_021,77
TGTGGTGGATGAAATGACAT_022,142
TGTGGTGGATGAAATGACAT_023,75
TGTGGTGGATGAAATGACAT_024,34
CGTGGTCATCACAAACTGCT_001,106
CGTGGTCATCACAAACTGCT_002,159
CGTGGTCATCACAAACTGCT_003,158
CGTGGTCATCACAAACTGCT_004,134
CGTGGTCATCACAAACTGCT_005,175
CGTGGTCATCACAAACTGCT_006,175
CGTGGTCATCACAAACTGCT_007,146
CGTGGTCATCACAAACTGCT_008,101
CGTGGTCATCACAAACTGCT_009,163
CGTGGTCATCACAAACTGCT_010,36
CGTGGTCATCACAAACTGCT_011,166
CGTGGTCATCACAAACTGCT_012,104
CGTGGTCATCACAAACTGCT_013,72
CGTGGTCATCACAAACTGCT_014,37
TGAAGACCCCCAAAACTCAG_001,9
TGAAGACCCCCAAAACTCAG_002,162
TGAAGACCCCCAAAACTCAG_003,14
TGAAGACCCCCAAAACTCAG_004,172
TGAAGACCCCCAAAACTCAG_005,101
TGAAGACCCCCAAAACTCAG_006,54
TGAAGACCCCCAAAACTCAG_007,186
TGAAGACCCCCAAAACTCAG_008,50
TGAAGACCCCCAAAACTCAG_009,170
TGAAGACCCCCAAAACTCAG_010,94
TGAAGACCCCCAAAACTCAG_011,58
TGAAGACCCCCAAAACTCAG_012,69
TGAAGACCCCCAAAACTCAG_013,69
TGAAGACCCCCAAAACTCAG_014,117
TGAAGACCCCCAAAACTCAG_015,113
TGAAGACCCCCAAAACTCAG_016,3
TGAAGACCCCCAAAACTCAG_017,31
TGAAGACCCCCAAAACTCAG_018,74
TGAAGACCCCCAAAACTCAG_019,130
TGAAGACCCCCAAAACTCAG_020,83
TGAAGACCCCCAAAACTCAG_021,52
TGAAGACCCCCAAAACTCAG_022,78
TGAAGACCCCCAAAACTCAG_023,178
TGAAGACCCCCAAAACTCAG_024,143
TGAAGACCCCCAAAACTCAG_025,171
TGAAGACCCCCAAAACTCAG_026,105
TGAAGACCCCCAAAACTCAG_027,148
TGAAGACCCCCAAAACTCAG_028,172
TGAAGACCCCCAAAACTCAG_029,150
TGAAGACCCCCAAAACTCAG_030,66
TGAAGACCCCCAAAACTCAG_031,124
TGAAGACCCCCAAAACTCAG_032,19
TGAAGACCCCCAAAACTCAG_033,199
TGAAGACCCCCAAAACTCAG_034,113
TGAAGACCCCCAAAACTCAG_035,60
TGAAGACCCCCAAAACTCAG_036,137
TGAAGACCCCCAAAACTCAG_037,48
TGAAGACCCCCAAAACTCAG_038,142
TGAAGACCCCCAAAACTCAG_039,28
TGAAGACCCCCAAAACTCAG_040,138
TGAAGACCCCCAAAACTCAG_041,28
TGAAGACCCCCAAAACTCAG_042,116
TGAAGACCCCCAAAACTCAG_043,57
TGAAGACCCCCAAAACTCAG_044,52
TGAAGACCCCCAAAACTCAG_045,42
TGAAGACCCCCAAAACTCAG_046,17
TGAAGACCCCCAAAACTCAG_047,46
TGAAGACCCCCAAAACTCAG_048,166
TGAAGACCCCCAAAACTCAG_049,156
TGAAGACCCCCAAAACTCAG_050,40
TTGCTGCGTACGCCAAGATG_001,147
TTGCTGCGTACGCCAAGATG_002,169
GACATCCAAGCAGACACAAG_001,12
GACATCCAAGCAGACACAAG_002,160
GACATCCAAGCAGACACAAG_003,90
TGTAGGATCAATGAGTATGC_001,127
TGAGCCAAATAAGGAATGTG_001,130
TGAGCCAAATAAGGAATGTG_002,121
TGAGCCAAATAAGGAATGTG_003,105
TGAGCCAAATAAGGAATGTG_004,17
TGAGCCAAATAAGGAATGTG_005,186
TGAGCCAAATAAGGAATGTG_006,182
TGAGCCAAATAAGGAATGTG_007,150
TGAGCCAAATAAGGAATGTG_008,105
TGAGCCAAATAAGGAATGTG_009,147
TGAGCCAAATAAGGAATGTG_010,27
TGAGCCAAATAAGGAATGTG_011,184
TGAGCCAAATAAGGAATGTG_012,19
TGAGCCAAATAAGGAATGTG_013,50
TGAGCCAAATAAGGAATGTG_014,82
TGAGCCAAATAAGGAATGTG_015,88
TGAGCCAAATAAGGAATGTG_016,190
TGAGCCAAATAAGGAATGTG_017,33
TGAGCCAAATAAGGAATGTG_018,153
TGAGCCAAATAAGGAATGTG_019,63
TGAGCCAAATAAGGAATGTG_020,56
TGAGCCAAATAAGGAATGTG_021,2
TGAGCCAAATAAGGAATGTG_022,41
TGAGCCAAATAAGGAATGTG_023,123
TGAGCCAAATAAGGAATGTG_024,19
CAACACCTCTAGGACAACAT_001,150
CAACACCTCTAGGACAACAT_002,137
CAACACCTCTAGGACAACAT_003,160
CAACACCTCTAGGACAACAT_004,75
TGATGAAATCCATCCATGCA_001,152
TGATGAAATCCATCCATGCA_002,32
TGATGAAATCCATCCATGCA_003,9
TGATGAAATCCATCCATGCA_004,0
TGATGAAATCCATCCATGCA_005,101
TGATGAAATCCATCCATGCA_006,13
TGATGAAATCCATCCATGCA_007,83
TGATGAAATCCATCCATGCA_008,60
TGATGAAATCCATCCATGCA_009,158
TGATGAAATCCATCCATGCA_010,85
TGATGAAATCCATCCATGCA_011,46
GCTGTATGGCAAGATCGCCG_001,140
GCTGTATGGCAAGATCGCCG_002,196
GCTGTATGGCAAGATCGCCG_003,94
GCTGTATGGCAAGATCGCCG_004,82
GCTGTATGGCAAGATCGCCG_005,127
GCTGTATGGCAAGATCGCCG_006,102
GCTGTATGGCAAGATCGCCG_007,19
GCTGTATGGCAAGATCGCCG_008,94
GCTGTATGGCAAGATCGCCG_009,28
GGTTGGCACATTTATCATCA_001,160
GGTTGGCACATTTATCATCA_002,60
GGTTGGCACATTTATCATCA_003,82
GGTTGGCACATTTATCATCA_004,56
GGTTGGCACATTTATCATCA_005,70
AACACACGTATATAAATGTG_001,28
AACACACGTATATAAATGTG_002,81
TCAGGCTCAGGTCCGGATAG_001,78
TCAGGCTCAGGTCCGGATAG_002,60
TCAGGCTCAGGTCCGGATAG_003,104
TCAGGCTCAGGTCCGGATAG_004,174
CCCTGGAACTCCATCACAAG_001,118
CCCTGGAACTCCATCACAAG_002,45
CCCTGGAACTCCATCACAAG_003,5
CCCTGGAACTCCATCACAAG_004,166
CCCTGGAACTCCATCACAAG_005,11
CCCTGGAACTCCATCACAAG_006,22
CCCTGGAACTCCATCACAAG_007,40
CCCTGGAACTCCATCACAAG_008,118
CCCTGGAACTCCATCACAAG_009,84
CCCTGGAACTCCATCACAAG_010,190
CCCTGGAACTCCATCACAAG_011,159
CCCTGGAACTCCATCACAAG_012,130
CCCTGGAACTCCATCACAAG_013,103
CCCTGGAACTCCATCACAAG_014,81
CCCTGGAACTCCATCACAAG_015,190
CCCTGGAACTCCATCACAAG_016,174
CCCTGGAACTCCATCACAAG_017,174
CCCTGGAACTCCATCACAAG_018,106
CCCTGGAACTCCATCACAAG_019,28
CCCTGGAACTCCATCACAAG_020,52
TAACCCCTTATACGTCCAAG_001,135
TAACCCCTTATACGTCCAAG_002,168
TAACCCCTTATACGTCCAAG_003,184
TGTTCAGGCCACAAACAAAG_001,113
TGTTCAGGCCACAAACAAAG_002,50
TGTTCAGGCCACAAACAAAG_003,77
TGTTCAGGCCACAAACAAAG_004,47
TGTTCAGGCCACAAACAAAG_005,40
TGTTCAGGCCACAAACAAAG_006,56
TGTTCAGGCCACAAACAAAG_007,198
TGTTCAGGCCACAAACAAAG_008,147
TGTTCAGGCCACAAACAAAG_009,62
TGTTCAGGCCACAAACAAAG_010,48
TGTTCAGGCCACAAACAAAG_011,147
TGTTCAGGCCACAAACAAAG_012,28
TGTTCAGGCCACAAACAAAG_013,88
TGTTCAGGCCACAAACAAAG_014,148
TTTGGTAGTACCCATTAACA_001,42
TTTGGTAGTACCCATTAACA_002,197
TTTGGTAGTACCCATTAACA_003,81
TTTGGTAGTACCCATTAACA_004,19
TTTGGTAGTACCCATTAACA_005,19
GTGGAAATACCACAGCCCTG_001,105
GTGGAAATACCACAGCCCTG_002,94
GTGGAAATACCACAGCCCTG_003,170
GTGGAAATACCACAGCCCTG_004,45
GTGGAAATACCACAGCCCTG_005,77
GTGGAAATACCACAGCCCTG_006,17
GTGGAAATACCACAGCCCTG_007,186
GTGGAAATACCACAGCCCTG_008,117
GTGGAAATACCACAGCCCTG_009,104
GTGGAAATACCACAGCCCTG_010,178
GTGGAAATACCACAGCCCTG_011,3
GTGGAAATACCACAGCCCTG_012,166
ATTGGCAAGGACGCCTACCA_001,167
ATTGGCAAGGACGCCTACCA_002,142
ATTGGCAAGGACGCCTACCA_003,93
ATTGGCAAGGACGCCTACCA_004,177
ATTGGCAAGGACGCCTACCA_005,169
ATTGGCAAGGACGCCTACCA_006,80
ATTGGCAAGGACGCCTACCA_007,177
ATTGGCAAGGACGCCTACCA_008,95
ATTGGCAAGGACGCCTACCA_009,52
ATTGGCAAGGACGCCTACCA_010,39
ATTGGCAAGGACGCCTACCA_011,84
ATTGGCAAGGACGCCTACCA_012,118
ATTGGCAAGGACGCCTACCA_013,90
ATTGGCAAGGACGCCTACCA_014,138
GCAAGAGGGGATAAATCTAG_001,192
GCAAGAGGGGATAAATCTAG_002,34
GCAAGAGGGGATAAATCTAG_003,54
GCAAGAGGGGATAAATCTAG_004,61
GCAAGAGGGGATAAATCTAG_005,88
TGGAGCCTAAGATCCAGTGG_001,152
TGGAGCCTAAGATCCAGTGG_002,49
TGGAGCCTAAGATCCAGTGG_003,47
TGGAGCCTAAGATCCAGTGG_004,160
TGGAGCCTAAGATCCAGTGG_005,1
TGGAGCCTAAGATCCAGTGG_006,184
GAAGAAGGTGCTGAGCACCG_001,127
GAAGAAGGTGCTGAGCACCG_002,53
GAAGAAGGTGCTGAGCACCG_003,77
GAAGAAGGTGCTGAGCACCG_004,149
GAAGAAGGTGCTGAGCACCG_005,68
GAAGAAGGTGCTGAGCACCG_006,155
GAAGAAGGTGCTGAGCACCG_007,134
GAAGAAGGTGCTGAGCACCG_008,138
GAAGAAGGTGCTGAGCACCG_009,36
GAAGAAACCTGCCATAAACA_001,148
GAAGAAACCTGCCATAAACA_002,111
GAAGAAACCTGCCATAAACA_003,49
GAAGAAACCTGCCATAAACA_004,50
GAAGAAACCTGCCATAAACA_005,148
GAAGAAACCTGCCATAAACA_006,175
GAAGAAACCTGCCATAAACA_007,105
GAAGAAACCTGCCATAAACA_008,178
GAAGAAACCTGCCATAAACA_009,37
TGGAAAGGTGAAACCCATCA_001,78
TGGAAAGGTGAAACCCATCA_002,89
TGGAAAGGTGAAACCCATCA_003,141
TGGAAAGGTGAAACCCATCA_004,94
ACAAAGGCCCAGAAGAAGGA_001,130
ACAAAGGCCCAGAAGAAGGA_002,190
ACAAAGGCCCAGAAGAAGGA_003,86
ACAAAGGCCCAGAAGAAGGA_004,187
ACAAAGGCCCAGAAGAAGGA_005,54
ACAAAGGCCCAGAAGAAGGA_006,60
ACAAAGGCCCAGAAGAAGGA_007,97
GCACCGCTTGTGGACCACGC_001,2
GCACCGCTTGTGGACCACGC_002,188
GCACCGCTTGTGGACCACGC_003,157
GCACCGCTTGTGGACCACGC_004,148
GCACCGCTTGTGGACCACGC_005,3
GCACCGCTTGTGGACCACGC_006,153
GCACCGCTTGTGGACCACGC_007,172
GCACCGCTTGTGGACCACGC_008,177
GCACCGCTTGTGGACCACGC_009,113
GCACCGCTTGTGGACCACGC_010,105
GCACCGCTTGTGGACCACGC_011,76
GCACCGCTTGTGGACCACGC_012,156
GCACCGCTTGTGGACCACGC_013,137
GCACCGCTTGTGGACCACGC_014,37
GCACCGCTTGTGGACCACGC_015,33
GCACCGCTTGTGGACCACGC_016,118
GCACCGCTTGTGGACCACGC_017,3
GCACCGCTTGTGGACCACGC_018,77
GCACCGCTTGTGGACCACGC_019,160
GCACCGCTTGTGGACCACGC_020,26
ACGCCCGGGAAGTCGTACGC_001,75
ACGCCCGGGAAGTCGTACGC_002,81
ACGCCCGGGAAGTCGTACGC_003,63
ACGCCCGGGAAGTCGTACGC_004,41
ACGCCCGGGAAGTCGTACGC_005,198
ACGCCCGGGAAGTCGTACGC_006,60
ACGCCCGGGAAGTCGTACGC_007,144
ACGCCCGGGAAGTCGTACGC_008,137
CTACGGTGCTGATCACTGCG_001,106
CTACGGTGCTGATCACTGCG_002,77
CTCTTCATCTGTCAGCCCTG_001,153
CTCTTCATCTGTCAGCCCTG_002,109
CTCTTCATCTGTCAGCCCTG_003,109
CTCTTCATCTGTCAGCCCTG_004,109
CTCTTCATCTGTCAGCCCTG_005,147
CTCTTCATCTGTCAGCCCTG_006,175
CTCTTCATCTGTCAGCCCTG_007,81
CTCTTCATCTGTCAGCCCTG_008,74
CTCTTCATCTGTCAGCCCTG_009,141
CTCTTCATCTGTCAGCCCTG_010,102
CTCTTCATCTGTCAGCCCTG_011,116
CTCTTCATCTGTCAGCCCTG_012,98
CTCTTCATCTGTCAGCCCTG_013,120
CTCTTCATCTGTCAGCCCTG_014,34
CTCTTCATCTGTCAGCCCTG_015,113
CTCTTCATCTGTCAGCCCTG_016,41
GTCACTCGTCAGACCTGCAG_001,105
GTCACTCGTCAGACCTGCAG_002,126
GTCACTCGTCAGACCTGCAG_003,6
GTCACTCGTCAGACCTGCAG_004,121
GTCACTCGTCAGACCTGCAG_005,88
GTCACTCGTCAGACCTGCAG_006,197
GTCACTCGTCAGACCTGCAG_007,150
GTCACTCGTCAGACCTGCAG_008,104
GTCACTCGTCAGACCTGCAG_009,169
GTCACTCGTCAGACCTGCAG_010,88
GTCACTCGTCAGACCTGCAG_011,80
GTCACTCGTCAGACCTGCAG_012,36
GTCACTCGTCAGACCTGCAG_013,135
GTCACTCGTCAGACCTGCAG_014,12
GTCACTCGTCAGACCTGCAG_015,94
GTCACTCGTCAGACCTGCAG_016,108
GTCACTCGTCAGACCTGCAG_017,132
GTCACTCGTCAGACCTGCAG_018,34
GTCACTCGTCAGACCTGCAG_019,64
TGATTCCCTGTCTTTGAACG_001,9
TGATTCCCTGTCTTTGAACG_002,82
TGATTCCCTGTCTTTGAACG_003,169
TGATTCCCTGTCTTTGAACG_004,198
TGATTCCCTGTCTTTGAACG_005,99
TGATTCCCTGTCTTTGAACG_006,88
TGATTCCCTGTCTTTGAACG_007,68
AGCCCTCAATGTTACTTCCG_001,55
AGCCCTCAATGTTACTTCCG_002,187
AGCCCTCAATGTTACTTCCG_003,66
GGCCATGCCTATGTACGTCA_001,55
GGCCATGCCTATGTACGTCA_002,55
GGCCATGCCTATGTACGTCA_003,52
GGCCATGCCTATGTACGTCA_004,29
GGCCATGCCTATGTACGTCA_005,199
GGCCATGCCTATGTACGTCA_006,139
GGCCATGCCTATGTACGTCA_007,88
GGCCATGCCTATGTACGTCA_008,113
GGCCATGCCTATGTACGTCA_009,190
GGCCATGCCTATGTACGTCA_010,116
GGCCATGCCTATGTACGTCA_011,49
GGCCATGCCTATGTACGTCA_012,63
GGCCATGCCTATGTACGTCA_013,19
ATGTCATTACGAGTTGCCTG_001,160
ATGTCATTACGAGTTGCCTG_002,181
ACTGGGTTACTTAACTGTTG_001,81
ACTGGGTTACTTAACTGTTG_002,113
ACTGGGTTACTTAACTGTTG_003,19
ACTGGGTTACTTAACTGTTG_004,50
GCCGCGCACTGTGACCCAGT_001,116
GCCGCGCACTGTGACCCAGT_002,127
GCCGCGCACTGTGACCCAGT_003,135
GCCGCGCACTGTGACCCAGT_004,7
GCCGCGCACTGTGACCCAGT_005,67
GCCGCGCACTGTGACCCAGT_006,87
GCCGCGCACTGTGACCCAGT_007,121
GCCGCGCACTGTGACCCAGT_008,161
GCCGCGCACTGTGACCCAGT_009,172
CTGTGGCCGCCACTGCTGGG_001,14
CTGTGGCCGCCACTGCTGGG_002,115
CTGTGGCCGCCACTGCTGGG_003,177
CTGTGGCCGCCACTGCTGGG_004,28
CTGTGGCCGCCACTGCTGGG_005,118
CTGTGGCCGCCACTGCTGGG_006,165
CTGTGGCCGCCACTGCTGGG_007,102
CTGTGGCCGCCACTGCTGGG_008,59
CTGTGGCCGCCACTGCTGGG_009,83
CTGTGGCCGCCACTGCTGGG_010,163
CTGTGGCCGCCACTGCTGGG_011,25
CTGTGGCCGCCACTGCTGGG_012,113
CTGTGGCCGCCACTGCTGGG_013,107
CTGTGGCCGCCACTGCTGGG_014,121
CTGTGGCCGCCACTGCTGGG_015,32
CTGTGGCCGCCACTGCTGGG_016,149
CTGTGGCCGCCACTGCTGGG_017,113
CTGTGGCCGCCACTGCTGGG_018,62
CTGTGGCCGCCACTGCTGGG_019,171
CTGTGGCCGCCACTGCTGGG_020,95
CTGTGGCCGCCACTGCTGGG_021,158
CTGTGGCCGCCACTGCTGGG_022,165
CTGTGGCCGCCACTGCTGGG_023,30
CTGTGGCCGCCACTGCTGGG_024,108
CTGTGGCCGCCACTGCTGGG_025,9
CTGTGGCCGCCACTGCTGGG_026,30
CTGTGGCCGCCACTGCTGGG_027,30
GATTGGCTATACGTCTGTCA_001,11
GATTGGCTATACGTCTGTCA_002,60
GATTGGCTATACGTCTGTCA_003,102
GATTGGCTATACGTCTGTCA_004,6
GATTGGCTATACGTCTGTCA_005,50
ACGTACTGCAATCTTGCGGG_001,75
ACGTACTGCAATCTTGCGGG_002,153
ACGTACTGCAATCTTGCGGG_003,62
ACGTACTGCAATCTTGCGGG_004,12
ACGTACTGCAATCTTGCGGG_005,84
ACGTACTGCAATCTTGCGGG_006,89
ACGTACTGCAATCTTGCGGG_007,27
ACGTACTGCAATCTTGCGGG_008,184
CACAGTAATAAGCCACCACA_001,168
CACAGTAATAAGCCACCACA_002,5
CACAGTAATAAGCCACCACA_003,113
CACAGTAATAAGCCACCACA_004,105
CACAGTAATAAGCCACCACA_005,60
CACAGTAATAAGCCACCACA_006,184
CACAGTAATAAGCCACCACA_007,10
GGGAGCTACGCAGGCCACTG_001,162
GGGAGCTACGCAGGCCACTG_002,171
GGGAGCTACGCAGGCCACTG_003,140
GGGAGCTACGCAGGCCACTG_004,147
GGGAGCTACGCAGGCCACTG_005,43
GGGAGCTACGCAGGCCACTG_006,53
GGGAGCTACGCAGGCCACTG_007,191
GGGAGCTACGCAGGCCACTG_008,127
GGGAGCTACGCAGGCCACTG_009,113
GGGAGCTACGCAGGCCACTG_010,78
GGGAGCTACGCAGGCCACTG_011,149
GGGAGCTACGCAGGCCACTG_012,164
GGGAGCTACGCAGGCCACTG_013,2
GGGAGCTACGCAGGCCACTG_014,100
GGGAGCTACGCAGGCCACTG_015,82
GGGAGCTACGCAGGCCACTG_016,60
GGGAGCTACGCAGGCCACTG_017,184
GGGAGCTACGCAGGCCACTG_018,149
GGGAGCTACGCAGGCCACTG_019,47
GGGAGCTACGCAGGCCACTG_020,48
GGGAGCTACGCAGGCCACTG_021,147
GGGAGCTACGCAGGCCACTG_022,25
GGGAGCTACGCAGGCCACTG_023,166
GGGAGCTACGCAGGCCACTG_024,137
GGGAGCTACGCAGGCCACTG_025,66
GGGAGCTACGCAGGCCACTG_026,94
GGGAGCTACGCAGGCCACTG_027,144
GGGAGCTACGCAGGCCACTG_028,62
GGGAGCTACGCAGGCCACTG_029,133
GAAGGTGCTAGACAGGCGCG_001,105
GAAGGTGCTAGACAGGCGCG_002,96
GAAGGTGCTAGACAGGCGCG_003,177
GAAGGTGCTAGACAGGCGCG_004,114
GAAGGTGCTAGACAGGCGCG_005,17
GAAGGTGCTAGACAGGCGCG_006,184
GAAGGTGCTAGACAGGCGCG_007,137
GAAGGTGCTAGACAGGCGCG_008,18
GAAGGTGCTAGACAGGCGCG_009,146
GAAGGTGCTAGACAGGCGCG_010,125
GAAGGTGCTAGACAGGCGCG_011,38
GAAGGTGCTAGACAGGCGCG_012,177
GAAGGTGCTAGACAGGCGCG_013,72
GAAGGTGCTAGACAGGCGCG_014,38
GAAGGTGCTAGACAGGCGCG_015,44
GAAGGTGCTAGACAGGCGCG_016,56
GAAGGTGCTAGACAGGCGCG_017,57
GAAGGTGCTAGACAGGCGCG_018,72
GAAGGTGCTAGACAGGCGCG_019,186
GAAGGTGCTAGACAGGCGCG_020,81
GAAGGTGCTAGACAGGCGCG_021,9
GAAGGTGCTAGACAGGCGCG_022,166
GAAGGTGCTAGACAGGCGCG_023,142
GAAGGTGCTAGACAGGCGCG_024,115
GAAGGTGCTAGACAGGCGCG_025,152
GAAGGTGCTAGACAGGCGCG_026,168
GAAGGTGCTAGACAGGCGCG_027,150
GAAGGTGCTAGACAGGCGCG_028,197
GAAGGTGCTAGACAGGCGCG_029,57
GAAGGTGCTAGACAGGCGCG_030,14
TAGAACTGTTTATACGACTG_001,133
TAGAACTGTTTATACGACTG_002,134
TAGAACTGTTTATACGACTG_003,12
ATCAGCGTTCTGCGTCATGG_001,168
ATCAGCGTTCTGCGTCATGG_002,190
ATCAGCGTTCTGCGTCATGG_003,80
ATCAGCGTTCTGCGTCATGG_004,168
ATCAGCGTTCTGCGTCATGG_005,77
GGCCTCTACACGGACCCCTG_001,88
GGCCTCTACACGGACCCCTG_002,149
GGCCTCTACACGGACCCCTG_003,176
GGCCTCTACACGGACCCCTG_004,150
GGCCTCTACACGGACCCCTG_005,1
GGCCTCTACACGGACCCCTG_006,188
GGCCTCTACACGGACCCCTG_007,50
GGCCTCTACACGGACCCCTG_008,53
GGCCTCTACACGGACCCCTG_009,72
GGCCTCTACACGGACCCCTG_010,19
GGCCTCTACACGGACCCCTG_011,168
GGCCTCTACACGGACCCCTG_012,49
GGCCTCTACACGGACCCCTG_013,9
GGCCTCTACACGGACCCCTG_014,30
GGCCTCTACACGGACCCCTG_015,70
GGCCTCTACACGGACCCCTG_016,145
GGCCTCTACACGGACCCCTG_017,169
GGCCTCTACACGGACCCCTG_018,67
GGCCTCTACACGGACCCCTG_019,12
GGCCTCTACACGGACCCCTG_020,29
GGCCTCTACACGGACCCCTG_021,112
GGCCTCTACACGGACCCCTG_022,51
GGCCTCTACACGGACCCCTG_023,130
GGCCTCTACACGGACCCCTG_024,155
GGCCTCTACACGGACCCCTG_025,39
GGCCTCTACACGGACCCCTG_026,199
GGCCTCTACACGGACCCCTG_027,149
GGCCTCTACACGGACCCCTG_028,64
GGCCTCTACACGGACCCCTG_029,147
GGCCTCTACACGGACCCCTG_030,33
GGCCTCTACACGGACCCCTG_031,70
GGCCTCTACACGGACCCCTG_032,169
GGCCTCTACACGGACCCCTG_033,68
GGCCTCTACACGGACCCCTG_034,184
GGCCTCTACACGGACCCCTG_035,191
GGCCTCTACACGGACCCCTG_036,146
GGCCTCTACACGGACCCCTG_037,176
GGCCTCTACACGGACCCCTG_038,115
GGCCTCTACACGGACCCCTG_039,57
AGAGTGTTAGTCTTTCGCAG_001,48
AGAGTGTTAGTCTTTCGCAG_002,48
AGAGTGTTAGTCTTTCGCAG_003,83
TGCAACTTAAGATGGACTGG_001,176
TGCAACTTAAGATGGACTGG_002,84
TGCAACTTAAGATGGACTGG_003,181
TGCAACTTAAGATGGACTGG_004,4
TGCAACTTAAGATGGACTGG_005,177
TGCAACTTAAGATGGACTGG_006,176
TGCAACTTAAGATGGACTGG_007,159
TGCAACTTAAGATGGACTGG_008,132
TGCAACTTAAGATGGACTGG_009,48
TCAAGATTAAAACATCAATG_001,160
TCAAGATTAAAACATCAATG_002,184
TCAAGATTAAAACATCAATG_003,85
TCAAGATTAAAACATCAATG_004,146
TCAAGATTAAAACATCAATG_005,69
TCAAGATTAAAACATCAATG_006,168
TTTATTCATAGAAATCCGCG_001,160
TTTATTCATAGAAATCCGCG_002,69
AGGAGCGTTACCATCAGTGT_001,136
AGGAGCGTTACCATCAGTGT_002,147
AGGAGCGTTACCATCAGTGT_003,65
AGGAGCGTTACCATCAGTGT_004,194
AGGAGCGTTACCATCAGTGT_005,14
AGGAGCGTTACCATCAGTGT_006,71
AGGAGCGTTACCATCAGTGT_007,149
AGGAGCGTTACCATCAGTGT_008,134
AGGAGCGTTACCATCAGTGT_009,113
AGGAGCGTTACCATCAGTGT_010,166
AGGAGCGTTACCATCAGTGT_011,82
AGGAGCGTTACCATCAGTGT_012,36
AGGAGCGTTACCATCAGTGT_013,135
AGGAGCGTTACCATCAGTGT_014,62
AGGAGCGTTACCATCAGTGT_015,94
AGGAGCGTTACCATCAGTGT_016,52
AGGAGCGTTACCATCAGTGT_017,159
CTACTTGCTCAGTCATCCTG_001,159
CTACTTGCTCAGTCATCCTG_002,135
CTACTTGCTCAGTCATCCTG_003,159
CTACTTGCTCAGTCATCCTG_004,43
CTACTTGCTCAGTCATCCTG_005,160
CTACTTGCTCAGTCATCCTG_006,47
CTACTTGCTCAGTCATCCTG_007,175
GAGCCCCATAGCATGGCTTG_001,66
GAGCCCCATAGCATGGCTTG_002,127
TGTGGATCATAGTCGTTTGG_001,35
TGTGGATCATAGTCGTTTGG_002,168
GAAGTTATCCTGACTCACAC_001,174
GAAGTTATCCTGACTCACAC_002,163
GAAGTTATCCTGACTCACAC_003,181
GAAGTTATCCTGACTCACAC_004,55
GAAGTTATCCTGACTCACAC_005,8
GAAGTTATCCTGACTCACAC_006,171
GAAGTTATCCTGACTCACAC_007,123
GAAGTTATCCTGACTCACAC_008,121
GAAGTTATCCTGACTCACAC_009,162
GAAGTTATCCTGACTCACAC_010,94
GAAGTTATCCTGACTCACAC_011,102
GAAGTTATCCTGACTCACAC_012,196
GAAGTTATCCTGACTCACAC_013,130
GAAGTTATCCTGACTCACAC_014,188
TCCATGGCGGAACCAGAACG_001,15
TCCATGGCGGAACCAGAACG_002,68
TCCATGGCGGAACCAGAACG_003,105
TCCATGGCGGAACCAGAACG_004,130
TCCATGGCGGAACCAGAACG_005,172
ATTGTGCAGGTTAATAAAGT_001,35
ATTGTGCAGGTTAATAAAGT_002,160
ATTGTGCAGGTTAATAAAGT_003,150
ATTGTGCAGGTTAATAAAGT_004,27
ATTGTGCAGGTTAATAAAGT_005,88
ATTGTGCAGGTTAATAAAGT_006,16
GGGCCGCCAGGTCTTCGCTA_001,125
GGGCCGCCAGGTCTTCGCTA_002,101
GGGCCGCCAGGTCTTCGCTA_003,138
GGGCCGCCAGGTCTTCGCTA_004,193
GGGCCGCCAGGTCTTCGCTA_005,199
GGGCCGCCAGGTCTTCGCTA_006,81
GGGCCGCCAGGTCTTCGCTA_007,175
CTACCATAGGTCCCGAACTG_001,46
CTACCATAGGTCCCGAACTG_002,137
CTACCATAGGTCCCGAACTG_003,70
CTACCATAGGTCCCGAACTG_004,30
CTACCATAGGTCCCGAACTG_005,114
CTACCATAGGTCCCGAACTG_006,48
CTACCATAGGTCCCGAACTG_007,105
CTACCATAGGTCCCGAACTG_008,17
CTACCATAGGTCCCGAACTG_009,85
CTACCATAGGTCCCGAACTG_010,79
CTACCATAGGTCCCGAACTG_011,155
CTACCATAGGTCCCGAACTG_012,91
CTACCATAGGTCCCGAACTG_013,47
CTACCATAGGTCCCGAACTG_014,147
CTACCATAGGTCCCGAACTG_015,121
CTACCATAGGTCCCGAACTG_016,185
CTACCATAGGTCCCGAACTG_017,192
CTACCATAGGTCCCGAACTG_018,144
CTACCATAGGTCCCGAACTG_019,4
CTACCATAGGTCCCGAACTG_020,177
CTACCATAGGTCCCGAACTG_021,172
CTCACCAGCGAACTTGATGG_001,166
CTCACCAGCGAACTTGATGG_002,68
CTCACCAGCGAACTTGATGG_003,127
CTCACCAGCGAACTTGATGG_004,102
CTCACCAGCGAACTTGATGG_005,15
CTCACCAGCGAACTTGATGG_006,127
CTCACCAGCGAACTTGATGG_007,9
CTCACCAGCGAACTTGATGG_008,13
CGAGCCCTTATATGGCAAGT_001,130
CGAGCCCTTATATGGCAAGT_002,160
CTCTCACCTGTCATGTTCCG_001,169
CTCTCACCTGTCATGTTCCG_002,94
CTCTCACCTGTCATGTTCCG_003,199
CTCTCACCTGTCATGTTCCG_004,160
CTCTCACCTGTCATGTTCCG_005,36
GGCCGAAGTAGGTCTTCCAG_001,106
GGCCGAAGTAGGTCTTCCAG_002,19
GGCCGAAGTAGGTCTTCCAG_003,149
GGCCGAAGTAGGTCTTCCAG_004,147
GGCCGAAGTAGGTCTTCCAG_005,158
GGCCGAAGTAGGTCTTCCAG_006,113
GGCCGAAGTAGGTCTTCCAG_007,187
GGCCGAAGTAGGTCTTCCAG_008,43
GGCCGAAGTAGGTCTTCCAG_009,196
GGCCGAAGTAGGTCTTCCAG_010,196
TAGGAGGCAAAACGTCAGAG_001,56
TAGGAGGCAAAACGTCAGAG_002,168
TAGGAGGCAAAACGTCAGAG_003,56
TAGGAGGCAAAACGTCAGAG_004,124
TAGGAGGCAAAACGTCAGAG_005,159
TAGGAGGCAAAACGTCAGAG_006,8
TAGGAGGCAAAACGTCAGAG_007,147
TGACCAAACTCATAGTGGAA_001,26
TGACCAAACTCATAGTGGAA_002,11
TGACCAAACTCATAGTGGAA_003,106
TGACCAAACTCATAGTGGAA_004,170
TGACCAAACTCATAGTGGAA_005,144
TGACCAAACTCATAGTGGAA_006,2
GAAGGGGATGCCGGTCAACA_001,68
GAAGGGGATGCCGGTCAACA_002,78
GAAGGGGATGCCGGTCAACA_003,12
GAAGGGGATGCCGGTCAACA_004,0
GAAGGGGATGCCGGTCAACA_005,41
GAAGGGGATGCCGGTCAACA_006,83
GAAGGGGATGCCGGTCAACA_007,3
GAAGGGGATGCCGGTCAACA_008,188
GAAGGGGATGCCGGTCAACA_009,78
GAAGGGGATGCCGGTCAACA_010,134
GAAGGGGATGCCGGTCAACA_011,97
GAAGGGGATGCCGGTCAACA_012,48
GAAGGGGATGCCGGTCAACA_013,37
CGCCTAATTTCCGGATCAAT_001,41
CGCCTAATTTCCGGATCAAT_002,169
CGCCTAATTTCCGGATCAAT_003,96
CGCCTAATTTCCGGATCAAT_004,27
CGCCTAATTTCCGGATCAAT_005,44
CGCCTAATTTCCGGATCAAT_006,141
CGCCTAATTTCCGGATCAAT_007,10
CGCCTAATTTCCGGATCAAT_008,146
CGCCTAATTTCCGGATCAAT_009,19
CGCCTAATTTCCGGATCAAT_010,199
CGCCTAATTTCCGGATCAAT_011,153
CGCCTAATTTCCGGATCAAT_012,179
CGCCTAATTTCCGGATCAAT_013,7
CGCCTAATTTCCGGATCAAT_014,29
CGCCTAATTTCCGGATCAAT_015,67
CTGAACCCAGAGCGTTACAC_001,170
CTGAACCCAGAGCGTTACAC_002,17
CTGAACCCAGAGCGTTACAC_003,170
CTGAACCCAGAGCGTTACAC_004,88
CTGAACCCAGAGCGTTACAC_005,130
CTGAACCCAGAGCGTTACAC_006,199
CTGAACCCAGAGCGTTACAC_007,199
CTGAACCCAGAGCGTTACAC_008,135
CTGAACCCAGAGCGTTACAC_009,108
CTGAACCCAGAGCGTTACAC_010,157
CTGAACCCAGAGCGTTACAC_011,140
CTGAACCCAGAGCGTTACAC_012,115
CTGAACCCAGAGCGTTACAC_013,41
CTGAACCCAGAGCGTTACAC_014,1
CTGAACCCAGAGCGTTACAC_015,76
CTGAACCCAGAGCGTTACAC_016,5
CTGAACCCAGAGCGTTACAC_017,5
CTGAACCCAGAGCGTTACAC_018,15
CTGAACCCAGAGCGTTACAC_019,189
CTGAACCCAGAGCGTTACAC_020,133
CTGAACCCAGAGCGTTACAC_021,150
CTGAACCCAGAGCGTTACAC_022,88
CTGAACCCAGAGCGTTACAC_023,35
CTGAACCCAGAGCGTTACAC_024,84
CTGAACCCAGAGCGTTACAC_025,155
CTGAACCCAGAGCGTTACAC_026,127
CTGAACCCAGAGCGTTACAC_027,46
CTGAACCCAGAGCGTTACAC_028,99
CTGAACCCAGAGCGTTACAC_029,172
CTGAACCCAGAGCGTTACAC_030,155
CTGAACCCAGAGCGTTACAC_031,59
TGAAAGTCTGTCCTCCCAGA_001,29
TGAAAGTCTGTCCTCCCAGA_002,65
TGAAAGTCTGTCCTCCCAGA_003,82
TGAAAGTCTGTCCTCCCAGA_004,29
TGAAAGTCTGTCCTCCCAGA_005,93
TGAAAGTCTGTCCTCCCAGA_006,65
TGAAAGTCTGTCCTCCCAGA_007,155
TGAAAGTCTGTCCTCCCAGA_008,168
TGAAAGTCTGTCCTCCCAGA_009,92
TGAAAGTCTGTCCTCCCAGA_010,130
TGAAAGTCTGTCCTCCCAGA_011,150
TGAAAGTCTGTCCTCCCAGA_012,88
CTGTTGTATCATTTACACGG_001,70
AGACTGCCTAGAATTAAGTG_001,2
AGACTGCCTAGAATTAAGTG_002,182
AGACTGCCTAGAATTAAGTG_003,62
AGACTGCCTAGAATTAAGTG_004,182
AGACTGCCTAGAATTAAGTG_005,126
AGACTGCCTAGAATTAAGTG_006,198
AGACTGCCTAGAATTAAGTG_007,133
AGACTGCCTAGAATTAAGTG_008,61
AGACTGCCTAGAATTAAGTG_009,91
AGACTGCCTAGAATTAAGTG_010,32
AGACTGCCTAGAATTAAGTG_011,5
TTTCAACTGTAAAGGCGAGT_001,83
TTTCAACTGTAAAGGCGAGT_002,53
TTTCAACTGTAAAGGCGAGT_003,97
TTTCAACTGTAAAGGCGAGT_004,34
TTTCAACTGTAAAGGCGAGT_005,124
TTTCAACTGTAAAGGCGAGT_006,198
TTTCAACTGTAAAGGCGAGT_007,3
TTTCAACTGTAAAGGCGAGT_008,121
AGCCATCCTTACCTACGTGA_001,88
AGCCATCCTTACCTACGTGA_002,82
AGCCATCCTTACCTACGTGA_003,199
AGCCATCCTTACCTACGTGA_004,119
AGCCATCCTTACCTACGTGA_005,126
AGCCATCCTTACCTACGTGA_006,137
AGCCATCCTTACCTACGTGA_007,20
AGCCATCCTTACCTACGTGA_008,110
CAGGTCTTGTGCAGAGACTG_001,121
CAGGTCTTGTGCAGAGACTG_002,1
CAGGTCTTGTGCAGAGACTG_003,81
CAGGTCTTGTGCAGAGACTG_004,61
CAGGTCTTGTGCAGAGACTG_005,117
ATAGCGCTAACAAATTTACG_001,102
CAGATTGCCATATACTCAAG_001,50
GAAAATCTCAAAAAACGCGG_001,26
GAAAATCTCAAAAAACGCGG_002,15
GAAAATCTCAAAAAACGCGG_003,149
GAAAATCTCAAAAAACGCGG_004,196
GAAAATCTCAAAAAACGCGG_005,21
GAAAATCTCAAAAAACGCGG_006,121
GAAAATCTCAAAAAACGCGG_007,141
GAAAATCTCAAAAAACGCGG_008,166
GAAAATCTCAAAAAACGCGG_009,0
GAAAATCTCAAAAAACGCGG_010,133
GAAAATCTCAAAAAACGCGG_011,199
GAAAATCTCAAAAAACGCGG_012,76
GAAAATCTCAAAAAACGCGG_013,142
GAAAATCTCAAAAAACGCGG_014,153
TACTGTATTGTGTTGTCCCG_001,25
TACTGTATTGTGTTGTCCCG_002,110
TACTGTATTGTGTTGTCCCG_003,48
TACTGTATTGTGTTGTCCCG_004,31
TACTGTATTGTGTTGTCCCG_005,192
TACTGTATTGTGTTGTCCCG_006,148
TACTGTATTGTGTTGTCCCG_007,6
TACTGTATTGTGTTGTCCCG_008,98
AATTCAACACCAATTGTGTG_001,171
AATTCAACACCAATTGTGTG_002,153
AATTCAACACCAATTGTGTG_003,17
AATTCAACACCAATTGTGTG_004,174
AATTCAACACCAATTGTGTG_005,3
AATTCAACACCAATTGTGTG_006,70
AATTCAACACCAATTGTGTG_007,3
CCAGCTTGTCAAAGTACTCG_001,187
CCAGCTTGTCAAAGTACTCG_002,118
CCAGCTTGTCAAAGTACTCG_003,92
CCAGCTTGTCAAAGTACTCG_004,127
CCAGCTTGTCAAAGTACTCG_005,36
CCAGCTTGTCAAAGTACTCG_006,158
CCAGCTTGTCAAAGTACTCG_007,197
CCAGCTTGTCAAAGTACTCG_008,174
CCAGCTTGTCAAAGTACTCG_009,197
TTAAGAACGGCCCGGGATGT_001,126
TTAAGAACGGCCCGGGATGT_002,134
TTAAGAACGGCCCGGGATGT_003,191
TTAAGAACGGCCCGGGATGT_004,62
AGGAGGTGCACCATCATCTG_001,134
AGGAGGTGCACCATCATCTG_002,43
AGGAGGTGCACCATCATCTG_003,60
AGGAGGTGCACCATCATCTG_004,61
AGGAGGTGCACCATCATCTG_005,57
AGGAGGTGCACCATCATCTG_006,22
AGGAGGTGCACCATCATCTG_007,94
AGGAGGTGCACCATCATCTG_008,90
AGGAGGTGCACCATCATCTG_009,137
ATTCCACACAGGGTTTAGCG_001,149
ATTCCACACAGGGTTTAGCG_002,10
TGGGTTGGAAGGGATCTATG_001,8
TGGGTTGGAAGGGATCTATG_002,11
CTGCGCCTTACACAGTACCA_001,181
CTGCGCCTTACACAGTACCA_002,85
CTGCGCCTTACACAGTACCA_003,19
CTGCGCCTTACACAGTACCA_004,75
CTGCGCCTTACACAGTACCA_005,57
CTGCGCCTTACACAGTACCA_006,133
CTGCGCCTTACACAGTACCA_007,11
CTGCGCCTTACACAGTACCA_008,9
CTGCGCCTTACACAGTACCA_009,19
CTGCGCCTTACACAGTACCA_010,40
CTGCGCCTTACACAGTACCA_011,140
CTGCGCCTTACACAGTACCA_012,46
TTGCAACTTTCATCGAACAA_001,78
TTGCAACTTTCATCGAACAA_002,178
TTGCAACTTTCATCGAACAA_003,91
TTGCAACTTTCATCGAACAA_004,93
TTGCAACTTTCATCGAACAA_005,55
ACACCGCAACAAGATGTACA_001,8
ACACCGCAACAAGATGTACA_002,170
ACACCGCAACAAGATGTACA_003,47
ACACCGCAACAAGATGTACA_004,18
ACACCGCAACAAGATGTACA_005,2
ACACCGCAACAAGATGTACA_006,152
ACACCGCAACAAGATGTACA_007,104
ACATGTTCCCCCATATGACG_001,163
ACATGTTCCCCCATATGACG_002,12
CACCTGCGGATCTTACGGGC_001,186
CACCTGCGGATCTTACGGGC_002,134
CACCTGCGGATCTTACGGGC_003,102
CACCTGCGGATCTTACGGGC_004,8
CACCTGCGGATCTTACGGGC_005,74
AGTCCCACACCAACACTCTG_001,138
AGTCCCACACCAACACTCTG_002,81
AGTCCCACACCAACACTCTG_003,166
AGTCCCACACCAACACTCTG_004,12
AGTCCCACACCAACACTCTG_005,121
AGTCCCACACCAACACTCTG_006,191
AGTCCCACACCAACACTCTG_007,122
AGTCCCACACCAACACTCTG_008,0
AGTCCCACACCAACACTCTG_009,50
AGTCCCACACCAACACTCTG_010,130
AGTCCCACACCAACACTCTG_011,88
AGTCCCACACCAACACTCTG_012,152
AGTCCCACACCAACACTCTG_013,49
AGTCCCACACCAACACTCTG_014,150
AGTCCCACACCAACACTCTG_015,94
AGTCCCACACCAACACTCTG_016,47
AGTCCCACACCAACACTCTG_017,175
AGTCCCACACCAACACTCTG_018,63
AGTCCCACACCAACACTCTG_019,108
AGTCCCACACCAACACTCTG_020,108
AGTCCCACACCAACACTCTG_021,134
AGTCCCACACCAACACTCTG_022,42
AGTCCCACACCAACACTCTG_023,61
AGTCCCACACCAACACTCTG_024,166
AGTCCCACACCAACACTCTG_025,3
AGTCCCACACCAACACTCTG_026,104
AGTCCCACACCAACACTCTG_027,114
AGTCCCACACCAACACTCTG_028,46
AGTCCCACACCAACACTCTG_029,50
AGTCCCACACCAACACTCTG_030,182
AGTCCCACACCAACACTCTG_031,176
AGTCCCACACCAACACTCTG_032,160
AGTCCCACACCAACACTCTG_033,121
AGTCCCACACCAACACTCTG_034,105
AGTCCCACACCAACACTCTG_035,13
AGTCCCACACCAACACTCTG_036,76
AGTCCCACACCAACACTCTG_037,162
AGTCCCACACCAACACTCTG_038,148
AGTCCCACACCAACACTCTG_039,189
AGTCCCACACCAACACTCTG_040,100
AGTCCCACACCAACACTCTG_041,100
AGTCCCACACCAACACTCTG_042,47
AGTCCCACACCAACACTCTG_043,47
AGTCCCACACCAACACTCTG_044,190
AGTCCCACACCAACACTCTG_045,11
AGTCCCACACCAACACTCTG_046,75
AGTCCCACACCAACACTCTG_047,66
AGTCCCACACCAACACTCTG_048,41
AGTCCCACACCAACACTCTG_049,94
AGTCCCACACCAACACTCTG_050,151
AGTCCCACACCAACACTCTG_051,151
AGTCCCACACCAACACTCTG_052,12
AGTCCCACACCAACACTCTG_053,154
AGTCCCACACCAACACTCTG_054,148
AGTCCCACACCAACACTCTG_055,161
AGTCCCACACCAACACTCTG_056,116
AGTCCCACACCAACACTCTG_057,91
GCCATGACTCACCGAGTCCG_001,160
GCCATGACTCACCGAGTCCG_002,121
GCCATGACTCACCGAGTCCG_003,156
GCCATGACTCACCGAGTCCG_004,169
GCCATGACTCACCGAGTCCG_005,158
GCCATGACTCACCGAGTCCG_006,8
GCCATGACTCACCGAGTCCG_007,87
GCCATGACTCACCGAGTCCG_008,15
GCGACACTACCAGTTGCTGT_001,29
GTTCGATAGTTAGTAGCCAA_001,160
GTTCGATAGTTAGTAGCCAA_002,162
GTTCGATAGTTAGTAGCCAA_003,128
GTTCGATAGTTAGTAGCCAA_004,19
GTTCGATAGTTAGTAGCCAA_005,123
GTTCGATAGTTAGTAGCCAA_006,27
GTTCGATAGTTAGTAGCCAA_007,45
GTTCGATAGTTAGTAGCCAA_008,152
GTTCGATAGTTAGTAGCCAA_009,137
GCAATTATAAACTTGGAGCA_001,166
GCAATTATAAACTTGGAGCA_002,69
GCAATTATAAACTTGGAGCA_003,130
GCACCCATGTGGTTTAAAGG_001,91
GCACCCATGTGGTTTAAAGG_002,144
ATGGTGATCCTCATAGCCAT_001,92
ATGGTGATCCTCATAGCCAT_002,95
ATGGTGATCCTCATAGCCAT_003,153
ATGGTGATCCTCATAGCCAT_004,82
ATGGTGATCCTCATAGCCAT_005,174
ATGGTGATCCTCATAGCCAT_006,76
CTGGTGGACTCCCACCATCA_001,62
CTGGTGGACTCCCACCATCA_002,176
CTGGTGGACTCCCACCATCA_003,133
CTGGTGGACTCCCACCATCA_004,17
TGAGAAGACAGATAGGCACT_001,6
TGAGAAGACAGATAGGCACT_002,87
TGAGAAGACAGATAGGCACT_003,87
TGAGAAGACAGATAGGCACT_004,149
GCTGGCCTATCACCAAGGCG_001,91
GCTGGCCTATCACCAAGGCG_002,3
AAGCACTGGATGAAGTCCCG_001,101
AAGCACTGGATGAAGTCCCG_002,101
AAGCACTGGATGAAGTCCCG_003,5
AAGCACTGGATGAAGTCCCG_004,50
AAGCACTGGATGAAGTCCCG_005,50
AAGCACTGGATGAAGTCCCG_006,88
AAGCACTGGATGAAGTCCCG_007,94
AAGCACTGGATGAAGTCCCG_008,83
AAGCACTGGATGAAGTCCCG_009,152
AAGCACTGGATGAAGTCCCG_010,34
AAGCACTGGATGAAGTCCCG_011,111
AAGCACTGGATGAAGTCCCG_012,16
AAGCACTGGATGAAGTCCCG_013,22
AAGCACTGGATGAAGTCCCG_014,63
AAGCACTGGATGAAGTCCCG_015,19
AAGCACTGGATGAAGTCCCG_016,144
AAGCACTGGATGAAGTCCCG_017,188
AAGCACTGGATGAAGTCCCG_018,92
AAGCACTGGATGAAGTCCCG_019,65
AAGCACTGGATGAAGTCCCG_020,4
AAGCACTGGATGAAGTCCCG_021,185
AAGCACTGGATGAAGTCCCG_022,188
AAGCACTGGATGAAGTCCCG_023,39
AAGCACTGGATGAAGTCCCG_024,183
AAGCACTGGATGAAGTCCCG_025,114
AAGCACTGGATGAAGTCCCG_026,114
AAGCACTGGATGAAGTCCCG_027,53
AAGCACTGGATGAAGTCCCG_028,10
AAGCACTGGATGAAGTCCCG_029,188
AAGCACTGGATGAAGTCCCG_030,175
TTCTCATGTGTACTACACGC_001,25
TTCTCATGTGTACTACACGC_002,123
GCTTGCGGGCAATGTAGCGC_001,14
GCTTGCGGGCAATGTAGCGC_002,168
GCTTGCGGGCAATGTAGCGC_003,62
CAGGTACGCTCTGAAAAGGC_001,149
CAGGTACGCTCTGAAAAGGC_002,123
CAGGTACGCTCTGAAAAGGC_003,60
CAGGTACGCTCTGAAAAGGC_004,145
CAGGTACGCTCTGAAAAGGC_005,41
CAGGTACGCTCTGAAAAGGC_006,158
CAGGTACGCTCTGAAAAGGC_007,89
CAGGTACGCTCTGAAAAGGC_008,74
CAGGTACGCTCTGAAAAGGC_009,173
CAGGTACGCTCTGAAAAGGC_010,46
CAGGTACGCTCTGAAAAGGC_011,41
CAGGTACGCTCTGAAAAGGC_012,186
CAGGTACGCTCTGAAAAGGC_013,159
CAGGTACGCTCTGAAAAGGC_014,125
CAGGTACGCTCTGAAAAGGC_015,76
CAGGTACGCTCTGAAAAGGC_016,49
CGACAGCTAGGAATTACGTG_001,44
CGACAGCTAGGAATTACGTG_002,77
CGACAGCTAGGAATTACGTG_003,197
CGACAGCTAGGAATTACGTG_004,5
CGACAGCTAGGAATTACGTG_005,84
CGACAGCTAGGAATTACGTG_006,8
CGACAGCTAGGAATTACGTG_007,162
CGACAGCTAGGAATTACGTG_008,12
CGACAGCTAGGAATTACGTG_009,26
CGACAGCTAGGAATTACGTG_010,110
ATGGACCCCAGAGACAAAGC_001,78
ATGGACCCCAGAGACAAAGC_002,169
ATGGACCCCAGAGACAAAGC_003,144
ATGGACCCCAGAGACAAAGC_004,175
ATGGACCCCAGAGACAAAGC_005,34
ATGGACCCCAGAGACAAAGC_006,13
ATGGACCCCAGAGACAAAGC_007,52
ATGGACCCCAGAGACAAAGC_008,16
ATGGACCCCAGAGACAAAGC_009,21
ATGGACCCCAGAGACAAAGC_010,38
ATGGACCCCAGAGACAAAGC_011,81
ATGGACCCCAGAGACAAAGC_012,197
ATGGACCCCAGAGACAAAGC_013,30
ATGGACCCCAGAGACAAAGC_014,24
ATGGACCCCAGAGACAAAGC_015,56
CCGGGATTGTGGGCTCATGG_001,62
CCGGGATTGTGGGCTCATGG_002,101
CCGGGATTGTGGGCTCATGG_003,66
CCGGGATTGTGGGCTCATGG_004,115
CCGGGATTGTGGGCTCATGG_005,185
CCGGGATTGTGGGCTCATGG_006,156
CCGGGATTGTGGGCTCATGG_007,151
CCGGGATTGTGGGCTCATGG_008,110
CCGGGATTGTGGGCTCATGG_009,12
AATGTCCTGTACAAACACCA_001,198
AATGTCCTGTACAAACACCA_002,62
AATGTCCTGTACAAACACCA_003,166
AATGTCCTGTACAAACACCA_004,81
AATGTCCTGTACAAACACCA_005,192
AATGTCCTGTACAAACACCA_006,178
AATGTCCTGTACAAACACCA_007,117
AATGTCCTGTACAAACACCA_008,147
AATGTCCTGTACAAACACCA_009,2
AATGTCCTGTACAAACACCA_010,31
AATGTCCTGTACAAACACCA_011,113
AATGTCCTGTACAAACACCA_012,148
AATGTCCTGTACAAACACCA_013,168
AATGTCCTGTACAAACACCA_014,150
TAGTAATTATTTGTTAACCG_001,52
TTGGTGGAAAACATAGCCTG_001,3
TTGGTGGAAAACATAGCCTG_002,6
TTGGTGGAAAACATAGCCTG_003,155
TTGGTGGAAAACATAGCCTG_004,121
TTGGTGGAAAACATAGCCTG_005,78
CAATATTGACTCATAAACAA_001,105
CAATATTGACTCATAAACAA_002,94
GTGCCCGGCCTACGGCGCGT_001,15
GTGCCCGGCCTACGGCGCGT_002,175
GTGCCCGGCCTACGGCGCGT_003,174
GTGCCCGGCCTACGGCGCGT_004,158
GTGCCCGGCCTACGGCGCGT_005,25
GTGCCCGGCCTACGGCGCGT_006,35
GTGCCCGGCCTACGGCGCGT_007,48
GTGCCCGGCCTACGGCGCGT_008,41
TCCGAGCTAGAACCTGTATG_001,149
TCCGAGCTAGAACCTGTATG_002,120
TCCGAGCTAGAACCTGTATG_003,15
AATTACCACTGTCTACCAGG_001,3
AATTACCACTGTCTACCAGG_002,150
AATTACCACTGTCTACCAGG_003,177
AATTACCACTGTCTACCAGG_004,13
AATTACCACTGTCTACCAGG_005,185
GAGTTGGTTCTGCTTTCATG_001,65
GAGTTGGTTCTGCTTTCATG_002,152
GAGTTGGTTCTGCTTTCATG_003,166
GAGTTGGTTCTGCTTTCATG_004,104
GAGTTGGTTCTGCTTTCATG_005,174
GAGTTGGTTCTGCTTTCATG_006,3
GAGTTGGTTCTGCTTTCATG_007,50
GAGTTGGTTCTGCTTTCATG_008,3
GAGTTGGTTCTGCTTTCATG_009,106
GAGTTGGTTCTGCTTTCATG_010,62
GAGTTGGTTCTGCTTTCATG_011,48
GAGTTGGTTCTGCTTTCATG_012,90
GCCTAGTGCACTTATCAGTG_001,178
GCCTAGTGCACTTATCAGTG_002,121
GCCTAGTGCACTTATCAGTG_003,177
GCCTAGTGCACTTATCAGTG_004,38
GCCTAGTGCACTTATCAGTG_005,174
GCCTAGTGCACTTATCAGTG_006,138
GCCTAGTGCACTTATCAGTG_007,69
GCCTAGTGCACTTATCAGTG_008,6
GCCTAGTGCACTTATCAGTG_009,163
GCCTAGTGCACTTATCAGTG_010,171
GCCTAGTGCACTTATCAGTG_011,11
CCTGTGGAATGATAGCAGTA_001,17
CCTGTGGAATGATAGCAGTA_002,80
GCAGGCACAATCTTATCTGG_001,92
GCAGGCACAATCTTATCTGG_002,141
GCAGGCACAATCTTATCTGG_003,152
TCATGGGAGATCACATCATG_001,38
TCATGGGAGATCACATCATG_002,7
TCATGGGAGATCACATCATG_003,129
TGATGATAAACAGTTCCAGA_001,117
TGATGATAAACAGTTCCAGA_002,78
TGATGATAAACAGTTCCAGA_003,113
TGATGATAAACAGTTCCAGA_004,40
TGATGATAAACAGTTCCAGA_005,17
TGATGATAAACAGTTCCAGA_006,17
TGAACAGGTGGACACTAGTG_001,159
TGAACAGGTGGACACTAGTG_002,150
TGAACAGGTGGACACTAGTG_003,107
TGAACAGGTGGACACTAGTG_004,49
TGAACAGGTGGACACTAGTG_005,115
TGAACAGGTGGACACTAGTG_006,77
TGAACAGGTGGACACTAGTG_007,79
TGAACAGGTGGACACTAGTG_008,149
TGAACAGGTGGACACTAGTG_009,46
TGAACAGGTGGACACTAGTG_010,84
TGAACAGGTGGACACTAGTG_011,194
TGAACAGGTGGACACTAGTG_012,66
TGAACAGGTGGACACTAGTG_013,26
TGAACAGGTGGACACTAGTG_014,82
TGAACAGGTGGACACTAGTG_015,33
TGAACAGGTGGACACTAGTG_016,143
TGAACAGGTGGACACTAGTG_017,190
TGAACAGGTGGACACTAGTG_018,197
CACACAGTCAGTCTACATCC_001,12
CACACAGTCAGTCTACATCC_002,157
ACGGGCGGCTATCGCTGACT_001,127
ACGGGCGGCTATCGCTGACT_002,156
ACGGGCGGCTATCGCTGACT_003,145
ACGGGCGGCTATCGCTGACT_004,166
ACGGGCGGCTATCGCTGACT_005,139
ACGGGCGGCTATCGCTGACT_006,9
TTTGGCCAGACGATCTTCGG_001,78
TTTGGCCAGACGATCTTCGG_002,68
TTTGGCCAGACGATCTTCGG_003,115
TTTGGCCAGACGATCTTCGG_004,172
TTTGGCCAGACGATCTTCGG_005,79
TTTGGCCAGACGATCTTCGG_006,149
CATTACCGACCAAATCTACC_001,147
CATTACCGACCAAATCTACC_002,77
GCCCTCTCCGAAATCCAACT_001,154
GCCCTCTCCGAAATCCAACT_002,139
GCCCTCTCCGAAATCCAACT_003,144
GCCCTCTCCGAAATCCAACT_004,88
GCCCTCTCCGAAATCCAACT_005,15
GCCCTCTCCGAAATCCAACT_006,93
GCCCTCTCCGAAATCCAACT_007,176
GCCCTCTCCGAAATCCAACT_008,85
GCCCTCTCCGAAATCCAACT_009,168
GCCCTCTCCGAAATCCAACT_010,84
GCCCTCTCCGAAATCCAACT_011,28
GCCCTCTCCGAAATCCAACT_012,3
GCCCTCTCCGAAATCCAACT_013,62
GCCCTCTCCGAAATCCAACT_014,117
TGTAACGATGAGTACAAACT_001,76
TGTAACGATGAGTACAAACT_002,15
TGTAACGATGAGTACAAACT_003,76
TGTAACGATGAGTACAAACT_004,51
TGTAACGATGAGTACAAACT_005,126
TGTAACGATGAGTACAAACT_006,166
TGTAACGATGAGTACAAACT_007,134
TGTAACGATGAGTACAAACT_008,185
TGTAACGATGAGTACAAACT_009,19
TGTAACGATGAGTACAAACT_010,175
TGTAACGATGAGTACAAACT_011,24
TGTAACGATGAGTACAAACT_012,129
TGTAACGATGAGTACAAACT_013,94
TGTAACGATGAGTACAAACT_014,77
TGTAACGATGAGTACAAACT_015,154
GTTGATGTGATCGTGACACT_001,121
GTTGATGTGATCGTGACACT_002,48
GTTGATGTGATCGTGACACT_003,149
GTTGATGTGATCGTGACACT_004,62
GTTGATGTGATCGTGACACT_005,77
GTTGATGTGATCGTGACACT_006,151
GTTGATGTGATCGTGACACT_007,22
GTTGATGTGATCGTGACACT_008,33
GTTGATGTGATCGTGACACT_009,13
GTTGATGTGATCGTGACACT_010,9
GTTGATGTGATCGTGACACT_011,165
GTTGATGTGATCGTGACACT_012,108
GTTGATGTGATCGTGACACT_013,83
GTTGATGTGATCGTGACACT_014,26
GTTGATGTGATCGTGACACT_015,48
CGGAAGCACTACGCCCCTGG_001,191
CGGAAGCACTACGCCCCTGG_002,84
CGGAAGCACTACGCCCCTGG_003,11
CGGAAGCACTACGCCCCTGG_004,182
ACAGAAGTACATGACCGCCG_001,72
ACAGAAGTACATGACCGCCG_002,72
ACAGAAGTACATGACCGCCG_003,18
ACAGAAGTACATGACCGCCG_004,22
ACAGAAGTACATGACCGCCG_005,105
ACAGAAGTACATGACCGCCG_006,150
ACAGAAGTACATGACCGCCG_007,11
ACCAGGTGAAGAGTCCTGGA_001,138
ACCAGGTGAAGAGTCCTGGA_002,142
ACCAGGTGAAGAGTCCTGGA_003,138
ACCAGGTGAAGAGTCCTGGA_004,6
ACCAGGTGAAGAGTCCTGGA_005,6
TGCCCTTGGTGCATTAGCAA_001,171
TGCCCTTGGTGCATTAGCAA_002,132
TGCCCTTGGTGCATTAGCAA_003,141
TGCCCTTGGTGCATTAGCAA_004,140
TGCCCTTGGTGCATTAGCAA_005,65
TGCCCTTGGTGCATTAGCAA_006,188
TGCCCTTGGTGCATTAGCAA_007,178
TGCCCTTGGTGCATTAGCAA_008,141
TGCCCTTGGTGCATTAGCAA_009,1
TGCCCTTGGTGCATTAGCAA_010,49
TGCCCTTGGTGCATTAGCAA_011,63
TGCCCTTGGTGCATTAGCAA_012,138
TGCCCTTGGTGCATTAGCAA_013,19
AAATTGCCATAGAGGCGTGG_001,48
AAATTGCCATAGAGGCGTGG_002,169
AAATTGCCATAGAGGCGTGG_003,11
AAATTGCCATAGAGGCGTGG_004,78
AAATTGCCATAGAGGCGTGG_005,192
AAATTGCCATAGAGGCGTGG_006,40
AAATTGCCATAGAGGCGTGG_007,10
AAATTGCCATAGAGGCGTGG_008,34
GCAAACGTTTCAAGTACAAG_001,4
GCAAACGTTTCAAGTACAAG_002,48
GCAAACGTTTCAAGTACAAG_003,4
GCAAACGTTTCAAGTACAAG_004,174
GCAAACGTTTCAAGTACAAG_005,105
GCAAACGTTTCAAGTACAAG_006,40
GCAAACGTTTCAAGTACAAG_007,154
AGCCGCCCCTCAGTGCTACG_001,105
AGCCGCCCCTCAGTGCTACG_002,108
AGCCGCCCCTCAGTGCTACG_003,127
AGCCGCCCCTCAGTGCTACG_004,47
AGCCGCCCCTCAGTGCTACG_005,161
AGCCGCCCCTCAGTGCTACG_006,62
AGCCGCCCCTCAGTGCTACG_007,145
AGCCGCCCCTCAGTGCTACG_008,97
AGCCGCCCCTCAGTGCTACG_009,8
AGCCGCCCCTCAGTGCTACG_010,140
AGCCGCCCCTCAGTGCTACG_011,58
AGCCGCCCCTCAGTGCTACG_012,86
AGCCGCCCCTCAGTGCTACG_013,156
AGCCGCCCCTCAGTGCTACG_014,168
AGCCGCCCCTCAGTGCTACG_015,105
AGCCGCCCCTCAGTGCTACG_016,1
AGCCGCCCCTCAGTGCTACG_017,94
AGCCGCCCCTCAGTGCTACG_018,149
AGCCGCCCCTCAGTGCTACG_019,166
AGCCGCCCCTCAGTGCTACG_020,170
AGCCGCCCCTCAGTGCTACG_021,65
AGCCGCCCCTCAGTGCTACG_022,31
AGCCGCCCCTCAGTGCTACG_023,36
AGCCGCCCCTCAGTGCTACG_024,148
AGCCGCCCCTCAGTGCTACG_025,177
AGCCGCCCCTCAGTGCTACG_026,62
AGCCGCCCCTCAGTGCTACG_027,94
AGCCGCCCCTCAGTGCTACG_028,79
AGCCGCCCCTCAGTGCTACG_029,19
AGCCGCCCCTCAGTGCTACG_030,111
AGCCGCCCCTCAGTGCTACG_031,136
AGCCGCCCCTCAGTGCTACG_032,48
AGCCGCCCCTCAGTGCTACG_033,77
AGCCGCCCCTCAGTGCTACG_034,110
AGCCGCCCCTCAGTGCTACG_035,78
AGCCGCCCCTCAGTGCTACG_036,133
AGCCGCCCCTCAGTGCTACG_037,194
AGCCGCCCCTCAGTGCTACG_038,25
GGAAGGGGAACACGAAACGG_001,150
GGAAGGGGAACACGAAACGG_002,43
GGAAGGGGAACACGAAACGG_003,50
GGAAGGGGAACACGAAACGG_004,160
GGAAGGGGAACACGAAACGG_005,181
GGAAGGGGAACACGAAACGG_006,187
GGAAGGGGAACACGAAACGG_007,150
GGAAGGGGAACACGAAACGG_008,95
GGAAGGGGAACACGAAACGG_009,54
GGAAGGGGAACACGAAACGG_010,181
GGAAGGGGAACACGAAACGG_011,42
GGAAGGGGAACACGAAACGG_012,113
GGAAGGGGAACACGAAACGG_013,91
GGAAGGGGAACACGAAACGG_014,50
GGAAGGGGAACACGAAACGG_015,30
GGAAGGGGAACACGAAACGG_016,6
GGAAGGGGAACACGAAACGG_017,17
GGAAGGGGAACACGAAACGG_018,1
GGAAGGGGAACACGAAACGG_019,199
GGAAGGGGAACACGAAACGG_020,142
GGAAGGGGAACACGAAACGG_021,188
GGAAGGGGAACACGAAACGG_022,146
GGAAGGGGAACACGAAACGG_023,154
GGAAGGGGAACACGAAACGG_024,168
GGAAGGGGAACACGAAACGG_025,171
GGAAGGGGAACACGAAACGG_026,159
GGAAGGGGAACACGAAACGG_027,50
GGAAGGGGAACACGAAACGG_028,88
GGAAGGGGAACACGAAACGG_029,61
GGAAGGGGAACACGAAACGG_030,13
GAATTCCCAGAACGATGGAG_001,77
GAATTCCCAGAACGATGGAG_002,84
GAATTCCCAGAACGATGGAG_003,196
GAATTCCCAGAACGATGGAG_004,157
GAATTCCCAGAACGATGGAG_005,72
GAATTCCCAGAACGATGGAG_006,175
GAATTCCCAGAACGATGGAG_007,184
GAATTCCCAGAACGATGGAG_008,48
GAATTCCCAGAACGATGGAG_009,47
GAATTCCCAGAACGATGGAG_010,128
GAATTCCCAGAACGATGGAG_011,9
GAATTCCCAGAACGATGGAG_012,130
GAATTCCCAGAACGATGGAG_013,162
GAATTCCCAGAACGATGGAG_014,2
GAATTCCCAGAACGATGGAG_015,68
GAATTCCCAGAACGATGGAG_016,123
CATCCATGTTAGCTCTAAGG_001,58
CATCCATGTTAGCTCTAAGG_002,43
CATCCATGTTAGCTCTAAGG_003,197
CATCCATGTTAGCTCTAAGG_004,199
GATCTATCCGCAGAGCCCAT_001,121
GATCTATCCGCAGAGCCCAT_002,130
GGAGATAGCGATAAGCTTAG_001,53
GGAGATAGCGATAAGCTTAG_002,180
GGAGATAGCGATAAGCTTAG_003,123
GGAGATAGCGATAAGCTTAG_004,40
GGAGATAGCGATAAGCTTAG_005,141
CCTATCTATATGCAAAAGCA_001,172
GAGCAGGCGACCGCGCAGCG_001,54
GAGCAGGCGACCGCGCAGCG_002,41
GAGCAGGCGACCGCGCAGCG_003,63
GAGCAGGCGACCGCGCAGCG_004,19
GAGCAGGCGACCGCGCAGCG_005,154
GAGCAGGCGACCGCGCAGCG_006,60
GAGCAGGCGACCGCGCAGCG_007,59
GAGCAGGCGACCGCGCAGCG_008,58
GAGCAGGCGACCGCGCAGCG_009,160
GAGCAGGCGACCGCGCAGCG_010,157
GAGCAGGCGACCGCGCAGCG_011,69
GAGCAGGCGACCGCGCAGCG_012,153
ACAGCTATAGACATGCTCGG_001,26
ATCATCAGTTGTTAGGCTCA_001,170
ATCATCAGTTGTTAGGCTCA_002,192
ATCATCAGTTGTTAGGCTCA_003,158
ATCATCAGTTGTTAGGCTCA_004,42
ATCATCAGTTGTTAGGCTCA_005,26
CAACTGCCATTATTCCATGG_001,169
CAACTGCCATTATTCCATGG_002,17
GTCACCATAGAGGTGGTCGA_001,76
GTCACCATAGAGGTGGTCGA_002,82
GTCACCATAGAGGTGGTCGA_003,4
GTCACCATAGAGGTGGTCGA_004,100
GTCACCATAGAGGTGGTCGA_005,37
GTCACCATAGAGGTGGTCGA_006,50
GTCACCATAGAGGTGGTCGA_007,12
GTCACCATAGAGGTGGTCGA_008,141
GTCACCATAGAGGTGGTCGA_009,88
GTCACCATAGAGGTGGTCGA_010,177
GTCACCATAGAGGTGGTCGA_011,91
GTCACCATAGAGGTGGTCGA_012,134
GTCACCATAGAGGTGGTCGA_013,115
GTCACCATAGAGGTGGTCGA_014,105
GTCACCATAGAGGTGGTCGA_015,90
GTCACCATAGAGGTGGTCGA_016,12
GTCACCATAGAGGTGGTCGA_017,139
GTCACCATAGAGGTGGTCGA_018,85
GTCACCATAGAGGTGGTCGA_019,47
GTCACCATAGAGGTGGTCGA_020,36
GTCACCATAGAGGTGGTCGA_021,12
GTCACCATAGAGGTGGTCGA_022,16
GTCACCATAGAGGTGGTCGA_023,155
GTCACCATAGAGGTGGTCGA_024,20
GTCACCATAGAGGTGGTCGA_025,65
GTCACCATAGAGGTGGTCGA_026,169
GTCACCATAGAGGTGGTCGA_027,102
TGTTCAGTTCACCACCACCG_001,159
TGTTCAGTTCACCACCACCG_002,88
TGTTCAGTTCACCACCACCG_003,58
TGTTCAGTTCACCACCACCG_004,31
TGTTCAGTTCACCACCACCG_005,84
TGTTCAGTTCACCACCACCG_006,96
TGTTCAGTTCACCACCACCG_007,32
TTCACTGCACGGATGAACAG_001,149
TTCACTGCACGGATGAACAG_002,10
TTCACTGCACGGATGAACAG_003,121
TTCACTGCACGGATGAACAG_004,160
TTCACTGCACGGATGAACAG_005,29
TTCACTGCACGGATGAACAG_006,94
TTCACTGCACGGATGAACAG_007,124
TTCACTGCACGGATGAACAG_008,43
TTCACTGCACGGATGAACAG_009,61
TTCACTGCACGGATGAACAG_010,122
TTCACTGCACGGATGAACAG_011,85
TTCACTGCACGGATGAACAG_012,153
TTCACTGCACGGATGAACAG_013,18
TTCACTGCACGGATGAACAG_014,39
AGATATCACACATTACAGTG_001,188
AGATATCACACATTACAGTG_002,65
AGATATCACACATTACAGTG_003,138
AGATATCACACATTACAGTG_004,102
AGATATCACACATTACAGTG_005,78
AGATATCACACATTACAGTG_006,32
GGTATCATCGCCCCTGCAGG_001,17
GGTATCATCGCCCCTGCAGG_002,32
GGTATCATCGCCCCTGCAGG_003,183
GGTATCATCGCCCCTGCAGG_004,52
GTCCGCCTCGACCCAACCGG_001,80
GTCCGCCTCGACCCAACCGG_002,60
GTCCGCCTCGACCCAACCGG_003,41
GTCCGCCTCGACCCAACCGG_004,169
GTCCGCCTCGACCCAACCGG_005,174
GTCCGCCTCGACCCAACCGG_006,108
GTCCGCCTCGACCCAACCGG_007,60
GTCCGCCTCGACCCAACCGG_008,15
GTCCGCCTCGACCCAACCGG_009,114
GTCCGCCTCGACCCAACCGG_010,148
GTCCGCCTCGACCCAACCGG_011,43
GTCCGCCTCGACCCAACCGG_012,1
GTCCGCCTCGACCCAACCGG_013,30
GTCCGCCTCGACCCAACCGG_014,30
GTCCGCCTCGACCCAACCGG_015,61
GTCCGCCTCGACCCAACCGG_016,93
GTCCGCCTCGACCCAACCGG_017,30
GTCCGCCTCGACCCAACCGG_018,65
GTCCGCCTCGACCCAACCGG_019,49
GTCCGCCTCGACCCAACCGG_020,138
GTCCGCCTCGACCCAACCGG_021,22
GTCCGCCTCGACCCAACCGG_022,94
GTCCGCCTCGACCCAACCGG_023,116
GTCCGCCTCGACCCAACCGG_024,157
GTCCGCCTCGACCCAACCGG_025,81
GTCCGCCTCGACCCAACCGG_026,71
GTCCGCCTCGACCCAACCGG_027,191
GTCCGCCTCGACCCAACCGG_028,19
GTCCGCCTCGACCCAACCGG_029,184
GTCCGCCTCGACCCAACCGG_030,43
GTCCGCCTCGACCCAACCGG_031,196
GTCCGCCTCGACCCAACCGG_032,77
GTCCGCCTCGACCCAACCGG_033,124
GTCCGCCTCGACCCAACCGG_034,125
GTCCGCCTCGACCCAACCGG_035,180
GTCCGCCTCGACCCAACCGG_036,19
GTCCGCCTCGACCCAACCGG_037,63
GTCCGCCTCGACCCAACCGG_038,33
TCAGGTTTCGAAGGCATCAG_001,6
TCAGGTTTCGAAGGCATCAG_002,111
TCAGGTTTCGAAGGCATCAG_003,119
TCAGGTTTCGAAGGCATCAG_004,170
TCAGGTTTCGAAGGCATCAG_005,82
TCAGGTTTCGAAGGCATCAG_006,96
GTCTGCACTCCAATTCTACC_001,137
GTCTGCACTCCAATTCTACC_002,137
GTCTGCACTCCAATTCTACC_003,57
GTCTGCACTCCAATTCTACC_004,63
TACATCGCCCACATGCGCGG_001,158
TACATCGCCCACATGCGCGG_002,130
TACATCGCCCACATGCGCGG_003,118
TACATCGCCCACATGCGCGG_004,161
TACATCGCCCACATGCGCGG_005,115
TACATCGCCCACATGCGCGG_006,93
TACATCGCCCACATGCGCGG_007,44
TACATCGCCCACATGCGCGG_008,191
TACATCGCCCACATGCGCGG_009,50
TACATCGCCCACATGCGCGG_010,145
TACATCGCCCACATGCGCGG_011,187
TACATCGCCCACATGCGCGG_012,69
TACATCGCCCACATGCGCGG_013,98
TACATCGCCCACATGCGCGG_014,119
TACATCGCCCACATGCGCGG_015,76
TACATCGCCCACATGCGCGG_016,190
TACATCGCCCACATGCGCGG_017,162
ATTCAAGATACTATCCCTGG_001,50
GCACAGCTCAGGTTAAGCGA_001,71
GCACAGCTCAGGTTAAGCGA_002,26
GCACAGCTCAGGTTAAGCGA_003,30
GCACAGCTCAGGTTAAGCGA_004,124
GCACAGCTCAGGTTAAGCGA_005,36
GCACAGCTCAGGTTAAGCGA_006,6
GCACAGCTCAGGTTAAGCGA_007,120
GCACAGCTCAGGTTAAGCGA_008,168
GTCCCGGATGTCTCGGTACA_001,68
GTCCCGGATGTCTCGGTACA_002,130
GTCCCGGATGTCTCGGTACA_003,146
GTCCCGGATGTCTCGGTACA_004,181
GTCCCGGATGTCTCGGTACA_005,67
GTCCCGGATGTCTCGGTACA_006,16
GTCCCGGATGTCTCGGTACA_007,194
GTCCCGGATGTCTCGGTACA_008,65
GTCCCGGATGTCTCGGTACA_009,130
GTCCCGGATGTCTCGGTACA_010,16
GTCCCGGATGTCTCGGTACA_011,16
GTCCCGGATGTCTCGGTACA_012,30
GTCCCGGATGTCTCGGTACA_013,105
GTCCCGGATGTCTCGGTACA_014,150
GTCCCGGATGTCTCGGTACA_015,133
GTCCCGGATGTCTCGGTACA_016,52
GTCCCGGATGTCTCGGTACA_017,36
TCCAGGTCAGACTCAGAGGT_001,158
TCCAGGTCAGACTCAGAGGT_002,29
TCCAGGTCAGACTCAGAGGT_003,34
TCCAGGTCAGACTCAGAGGT_004,12
TCCAGGTCAGACTCAGAGGT_005,70
TCCAGGTCAGACTCAGAGGT_006,16
TCCAGGTCAGACTCAGAGGT_007,29
TCCAGGTCAGACTCAGAGGT_008,157
TCCAGGTCAGACTCAGAGGT_009,116
TCCAGGTCAGACTCAGAGGT_010,119
TCCAGGTCAGACTCAGAGGT_011,7
TTAGACGGATACAAGAGCCT_001,75
TTAGACGGATACAAGAGCCT_002,158
TTAGACGGATACAAGAGCCT_003,176
TTAGACGGATACAAGAGCCT_004,199
TTAGACGGATACAAGAGCCT_005,88
TTAGACGGATACAAGAGCCT_006,36
TTAGACGGATACAAGAGCCT_007,36
GCAGCGAGCTTGTCAAGAGT_001,119
GCAGCGAGCTTGTCAAGAGT_002,182
GCAGCGAGCTTGTCAAGAGT_003,9
GCAGCGAGCTTGTCAAGAGT_004,160
GCAGCGAGCTTGTCAAGAGT_005,16
GCAGCGAGCTTGTCAAGAGT_006,63
GCAGCGAGCTTGTCAAGAGT_007,131
CCGGCTTCAGGAACTGCGCA_001,9
CCGGCTTCAGGAACTGCGCA_002,184
CCGGCTTCAGGAACTGCGCA_003,43
CCGGCTTCAGGAACTGCGCA_004,24
CCGGCTTCAGGAACTGCGCA_005,39
CCGGCTTCAGGAACTGCGCA_006,118
CCGGCTTCAGGAACTGCGCA_007,124
ATACGCATGATTGCAAGAGG_001,198
ATACGCATGATTGCAAGAGG_002,86
ATACGCATGATTGCAAGAGG_003,9
ATACGCATGATTGCAAGAGG_004,178
ATACGCATGATTGCAAGAGG_005,146
ATACGCATGATTGCAAGAGG_006,186
ATACGCATGATTGCAAGAGG_007,60
ATACGCATGATTGCAAGAGG_008,63
ATACGCATGATTGCAAGAGG_009,140
ATACGCATGATTGCAAGAGG_010,48
ATACGCATGATTGCAAGAGG_011,81
ATACGCATGATTGCAAGAGG_012,162
ATACGCATGATTGCAAGAGG_013,141
ATACGCATGATTGCAAGAGG_014,136
ATACGCATGATTGCAAGAGG_015,94
ATACGCATGATTGCAAGAGG_016,94
ATACGCATGATTGCAAGAGG_017,71
ACTGTGGCCTACCCTGCCGA_001,153
ACTGTGGCCTACCCTGCCGA_002,3
ACTGTGGCCTACCCTGCCGA_003,16
ACTGTGGCCTACCCTGCCGA_004,94
ACTGTGGCCTACCCTGCCGA_005,153
ACTGTGGCCTACCCTGCCGA_006,121
ACTGTGGCCTACCCTGCCGA_007,170
ACTGTGGCCTACCCTGCCGA_008,92
ACTGTGGCCTACCCTGCCGA_009,25
ACTGTGGCCTACCCTGCCGA_010,2
ACTGTGGCCTACCCTGCCGA_011,50
ACTGTGGCCTACCCTGCCGA_012,108
ACTGTGGCCTACCCTGCCGA_013,132
ACTGTGGCCTACCCTGCCGA_014,130
ACTGTGGCCTACCCTGCCGA_015,80
ACTGTGGCCTACCCTGCCGA_016,60
ACTGTGGCCTACCCTGCCGA_017,127
ACTGTGGCCTACCCTGCCGA_018,137
ACTGTGGCCTACCCTGCCGA_019,64
ACTGTGGCCTACCCTGCCGA_020,125
GAAGGCATCTCAGTTAACAC_001,53
GAAGGCATCTCAGTTAACAC_002,121
GAAGGCATCTCAGTTAACAC_003,119
GAAGGCATCTCAGTTAACAC_004,37
GAAGGCATCTCAGTTAACAC_005,118
GAAGGCATCTCAGTTAACAC_006,198
GAAGGCATCTCAGTTAACAC_007,34
GAAGGCATCTCAGTTAACAC_008,126
GAAGGCATCTCAGTTAACAC_009,69
GAAGGCATCTCAGTTAACAC_010,131
GAAGGCATCTCAGTTAACAC_011,49
GAAGGCATCTCAGTTAACAC_012,56
GAAGGCATCTCAGTTAACAC_013,57
GTTACCTGTAGGGAATGCCG_001,170
GTTACCTGTAGGGAATGCCG_002,34
GTTACCTGTAGGGAATGCCG_003,82
GTTACCTGTAGGGAATGCCG_004,169
GTTACCTGTAGGGAATGCCG_005,46
GTTACCTGTAGGGAATGCCG_006,136
GCAGCTGGCCAATAACAAGA_001,137
GCAGCTGGCCAATAACAAGA_002,127
GCAGCTGGCCAATAACAAGA_003,105
GCAGCTGGCCAATAACAAGA_004,127
GCAGCTGGCCAATAACAAGA_005,86
GCAGCTGGCCAATAACAAGA_006,92
GCAGCTGGCCAATAACAAGA_007,101
GCAGCTGGCCAATAACAAGA_008,197
GCAGCTGGCCAATAACAAGA_009,52
GCAGCTGGCCAATAACAAGA_010,10
TACCCGACACTTACATGCCA_001,154
TACCCGACACTTACATGCCA_002,113
TACCCGACACTTACATGCCA_003,29
CCATAATAAGTACTGCATCA_001,119
TGTACATGCAGCCAAACAAG_001,118
TGTACATGCAGCCAAACAAG_002,94
TGTACATGCAGCCAAACAAG_003,162
TGTACATGCAGCCAAACAAG_004,166
TGTACATGCAGCCAAACAAG_005,120
TGTACATGCAGCCAAACAAG_006,162
TGTACATGCAGCCAAACAAG_007,4
GAGGTCCGGATAAAGGAGCT_001,150
GAGGTCCGGATAAAGGAGCT_002,145
GAGGTCCGGATAAAGGAGCT_003,116
GAGGTCCGGATAAAGGAGCT_004,174
GAGGTCCGGATAAAGGAGCT_005,131
GAGGTCCGGATAAAGGAGCT_006,112
GAGGTCCGGATAAAGGAGCT_007,3
TGAGAAGCTAGACAATAAGA_001,118
TGAGAAGCTAGACAATAAGA_002,62
GATTAACTGCAGAATCCTCA_001,1
GATTAACTGCAGAATCCTCA_002,93
ATATGTCCTTCTTCATAGTG_001,139
ATATGTCCTTCTTCATAGTG_002,2
ATATGTCCTTCTTCATAGTG_003,112
ATATGTCCTTCTTCATAGTG_004,138
ATATGTCCTTCTTCATAGTG_005,57
CAGGGACGGAGTCAGCCTAG_001,107
CAGGGACGGAGTCAGCCTAG_002,3
CAGGGACGGAGTCAGCCTAG_003,177
CAGGGACGGAGTCAGCCTAG_004,80
CAGGGACGGAGTCAGCCTAG_005,155
CAGGGACGGAGTCAGCCTAG_006,29
CAGGGACGGAGTCAGCCTAG_007,184
CAGGGACGGAGTCAGCCTAG_008,19
CAGGGACGGAGTCAGCCTAG_009,112
GAAGCTCGTTCTCTCTCACA_001,108
GAAGCTCGTTCTCTCTCACA_002,197
CACCAAGAAAACGAAGGCAT_001,15
CACCAAGAAAACGAAGGCAT_002,124
AAGCTGATGCTATAATCCCG_001,198
AAGCTGATGCTATAATCCCG_002,83
AAGCTGATGCTATAATCCCG_003,69
TTCCGGCGCAGTGTGGTCCG_001,134
TTCCGGCGCAGTGTGGTCCG_002,56
TTCCGGCGCAGTGTGGTCCG_003,118
TTCCGGCGCAGTGTGGTCCG_004,48
TTCCGGCGCAGTGTGGTCCG_005,52
TTCCGGCGCAGTGTGGTCCG_006,158
TTCCGGCGCAGTGTGGTCCG_007,26
TTCCGGCGCAGTGTGGTCCG_008,25
TTCCGGCGCAGTGTGGTCCG_009,24
TTCCGGCGCAGTGTGGTCCG_010,172
TTCCGGCGCAGTGTGGTCCG_011,103
TTCCGGCGCAGTGTGGTCCG_012,9
TTCCGGCGCAGTGTGGTCCG_013,1
TTCCGGCGCAGTGTGGTCCG_014,16
TTCCGGCGCAGTGTGGTCCG_015,56
TTCCGGCGCAGTGTGGTCCG_016,148
TTCCGGCGCAGTGTGGTCCG_017,194
TTCCGGCGCAGTGTGGTCCG_018,33
TTCCGGCGCAGTGTGGTCCG_019,195
TTCCGGCGCAGTGTGGTCCG_020,68
TTCCGGCGCAGTGTGGTCCG_021,151
TTCCGGCGCAGTGTGGTCCG_022,165
TTCCGGCGCAGTGTGGTCCG_023,77
TTCCGGCGCAGTGTGGTCCG_024,127
TTCCGGCGCAGTGTGGTCCG_025,69
TTCCGGCGCAGTGTGGTCCG_026,169
ACGTGGTGAACACGCACCCG_001,147
ACGTGGTGAACACGCACCCG_002,166
ACGTGGTGAACACGCACCCG_003,188
ACGTGGTGAACACGCACCCG_004,102
ACGTGGTGAACACGCACCCG_005,27
ACGTGGTGAACACGCACCCG_006,166
ACGTGGTGAACACGCACCCG_007,106
ACGTGGTGAACACGCACCCG_008,185
ACGTGGTGAACACGCACCCG_009,141
ACGTGGTGAACACGCACCCG_010,173
ACGTGGTGAACACGCACCCG_011,69
ACGTGGTGAACACGCACCCG_012,89
ACGTGGTGAACACGCACCCG_013,61
ACGTGGTGAACACGCACCCG_014,140
ACGTGGTGAACACGCACCCG_015,156
ACGTGGTGAACACGCACCCG_016,156
ACGTGGTGAACACGCACCCG_017,79
ACGTGGTGAACACGCACCCG_018,53
ACGTGGTGAACACGCACCCG_019,136
ACGTGGTGAACACGCACCCG_020,36
ACGTGGTGAACACGCACCCG_021,196
ACGTGGTGAACACGCACCCG_022,1
ACGTGGTGAACACGCACCCG_023,41
ACGTGGTGAACACGCACCCG_024,36
ACGTGGTGAACACGCACCCG_025,94
ACGTGGTGAACACGCACCCG_026,147
ACGTGGTGAACACGCACCCG_027,88
ACTAAGCTGATGCAAAACAG_001,156
ACTAAGCTGATGCAAAACAG_002,47
ACTAAGCTGATGCAAAACAG_003,124
ACTAAGCTGATGCAAAACAG_004,72
AATGTGCTGCACATAACCCT_001,52
AATGTGCTGCACATAACCCT_002,146
AATGTGCTGCACATAACCCT_003,112
AATGTGCTGCACATAACCCT_004,170
AATGTGCTGCACATAACCCT_005,113
AATGTGCTGCACATAACCCT_006,199
AATGTGCTGCACATAACCCT_007,199
AATGTGCTGCACATAACCCT_008,11
AATGTGCTGCACATAACCCT_009,156
AATGTGCTGCACATAACCCT_010,25
AATGTGCTGCACATAACCCT_011,54
AATGTGCTGCACATAACCCT_012,116
AATGTGCTGCACATAACCCT_013,159
AATGTGCTGCACATAACCCT_014,183
AATGTGCTGCACATAACCCT_015,174
AATGTGCTGCACATAACCCT_016,190
AATGTGCTGCACATAACCCT_017,36
AATGTGCTGCACATAACCCT_018,3
AATGTGCTGCACATAACCCT_019,90
AATGTGCTGCACATAACCCT_020,7
AATGTGCTGCACATAACCCT_021,2
AATGTGCTGCACATAACCCT_022,192
CCAACAGCGATTCGACCCGT_001,163
CCAACAGCGATTCGACCCGT_002,152
CCAACAGCGATTCGACCCGT_003,152
GGACACGCGGGAATTGATGA_001,42
GGACACGCGGGAATTGATGA_002,118
GGACACGCGGGAATTGATGA_003,0
GGACACGCGGGAATTGATGA_004,189
GGACACGCGGGAATTGATGA_005,158
GGACACGCGGGAATTGATGA_006,15
GGACACGCGGGAATTGATGA_007,156
ACCGACAGGATCTTCCGCCG_001,119
ACCGACAGGATCTTCCGCCG_002,194
ACCGACAGGATCTTCCGCCG_003,97
ACCGACAGGATCTTCCGCCG_004,157
ACCGACAGGATCTTCCGCCG_005,182
ACCGACAGGATCTTCCGCCG_006,56
ACCGACAGGATCTTCCGCCG_007,175
ACCGACAGGATCTTCCGCCG_008,183
ACCGACAGGATCTTCCGCCG_009,10
ACCGACAGGATCTTCCGCCG_010,149
ACCGACAGGATCTTCCGCCG_011,43
GTCAATACCACAAACCAGCA_001,50
GTCAATACCACAAACCAGCA_002,187
GTCAATACCACAAACCAGCA_003,176
GTCAATACCACAAACCAGCA_004,53
GTCAATACCACAAACCAGCA_005,148
GTCAATACCACAAACCAGCA_006,160
GTCAATACCACAAACCAGCA_007,81
GTCAATACCACAAACCAGCA_008,38
GTCAATACCACAAACCAGCA_009,158
GTCAATACCACAAACCAGCA_010,19
GTCAATACCACAAACCAGCA_011,19
GTCAATACCACAAACCAGCA_012,169
GTCAATACCACAAACCAGCA_013,190
GTCAATACCACAAACCAGCA_014,149
GTCAATACCACAAACCAGCA_015,184
GTCAATACCACAAACCAGCA_016,40
GTCAATACCACAAACCAGCA_017,65
GTCAATACCACAAACCAGCA_018,11
GTCAATACCACAAACCAGCA_019,61
GCAGCTCCACGTCAGGCACG_001,54
GCAGCTCCACGTCAGGCACG_002,68
GCAGCTCCACGTCAGGCACG_003,0
GCAGCTCCACGTCAGGCACG_004,32
GCAGCTCCACGTCAGGCACG_005,171
GCAGCTCCACGTCAGGCACG_006,28
GCAGCTCCACGTCAGGCACG_007,82
GCAGCTCCACGTCAGGCACG_008,161
GCAGCTCCACGTCAGGCACG_009,69
GCAGCTCCACGTCAGGCACG_010,1
GCAGCTCCACGTCAGGCACG_011,127
GCAGCTCCACGTCAGGCACG_012,172
GCAGCTCCACGTCAGGCACG_013,68
GCAGCTCCACGTCAGGCACG_014,20
GCAGCTCCACGTCAGGCACG_015,157
GCAGCTCCACGTCAGGCACG_016,115
GCAGCTCCACGTCAGGCACG_017,45
GCAGCTCCACGTCAGGCACG_018,189
GCAGCTCCACGTCAGGCACG_019,190
GCAGCTCCACGTCAGGCACG_020,63
GCAGCTCCACGTCAGGCACG_021,6
GCAGCTCCACGTCAGGCACG_022,23
GCAGCTCCACGTCAGGCACG_023,23
GCAGCTCCACGTCAGGCACG_024,179
GCAGCTCCACGTCAGGCACG_025,11
GCAGCTCCACGTCAGGCACG_026,27
GTCACGCTCAGCACTTGCCG_001,177
GTCACGCTCAGCACTTGCCG_002,130
GTCACGCTCAGCACTTGCCG_003,22
GTCACGCTCAGCACTTGCCG_004,16
GTCACGCTCAGCACTTGCCG_005,43
GTCACGCTCAGCACTTGCCG_006,58
GTCACGCTCAGCACTTGCCG_007,21
GTCACGCTCAGCACTTGCCG_008,186
GTCACGCTCAGCACTTGCCG_009,124
GTCACGCTCAGCACTTGCCG_010,118
GAACGTTGGTAGGGATGACG_001,47
GAACGTTGGTAGGGATGACG_002,5
GAACGTTGGTAGGGATGACG_003,81
GAACGTTGGTAGGGATGACG_004,148
GAACGTTGGTAGGGATGACG_005,85
GAACGTTGGTAGGGATGACG_006,160
GAACGTTGGTAGGGATGACG_007,170
GAACGTTGGTAGGGATGACG_008,186
GAACGTTGGTAGGGATGACG_009,146
GAACGTTGGTAGGGATGACG_010,171
GAACGTTGGTAGGGATGACG_011,83
GAACGTTGGTAGGGATGACG_012,35
GAACGTTGGTAGGGATGACG_013,61
GAACGTTGGTAGGGATGACG_014,63
GAACGTTGGTAGGGATGACG_015,62
GATGAGCATAAGTTGCACAA_001,162
GATGAGCATAAGTTGCACAA_002,25
GATGAGCATAAGTTGCACAA_003,178
GATGAGCATAAGTTGCACAA_004,126
GTGCAGGTTCAATCCCCCGT_001,168
GTGCAGGTTCAATCCCCCGT_002,94
GTGCAGGTTCAATCCCCCGT_003,188
GTGCAGGTTCAATCCCCCGT_004,13
GTGCAGGTTCAATCCCCCGT_005,118
GTGCAGGTTCAATCCCCCGT_006,175
CAGCAGTCAGTGCTGAAACC_001,62
CAGCAGTCAGTGCTGAAACC_002,147
CAGCAGTCAGTGCTGAAACC_003,137
CAGCAGTCAGTGCTGAAACC_004,5
CAGCAGTCAGTGCTGAAACC_005,37
CAGCAGTCAGTGCTGAAACC_006,188
CAGCAGTCAGTGCTGAAACC_007,81
CAGCAGTCAGTGCTGAAACC_008,77
CAGCAGTCAGTGCTGAAACC_009,144
CAGCAGTCAGTGCTGAAACC_010,145
CAGCAGTCAGTGCTGAAACC_011,101
ACTCGAGTACTACCTCTACG_001,152
ACTCGAGTACTACCTCTACG_002,118
ACTCGAGTACTACCTCTACG_003,21
ACTCGAGTACTACCTCTACG_004,21
ACTCGAGTACTACCTCTACG_005,1
ACTCGAGTACTACCTCTACG_006,120
ACTCGAGTACTACCTCTACG_007,128
ACTCGAGTACTACCTCTACG_008,199
ACTCGAGTACTACCTCTACG_009,103
CATTCAAGGTTATGATAACT_001,16
CATTCAAGGTTATGATAACT_002,34
CATTCAAGGTTATGATAACT_003,58
GAGCAGCAAATGGACGACAA_001,135
GAGCAGCAAATGGACGACAA_002,119
GAGCAGCAAATGGACGACAA_003,84
GAGCAGCAAATGGACGACAA_004,18
GAGCAGCAAATGGACGACAA_005,140
GAGCAGCAAATGGACGACAA_006,15
GAGCAGCAAATGGACGACAA_007,24
GAGCAGCAAATGGACGACAA_008,81
GAGCAGCAAATGGACGACAA_009,107
GAGCAGCAAATGGACGACAA_010,70
GAGCAGCAAATGGACGACAA_011,152
GAGCAGCAAATGGACGACAA_012,50
GAGCAGCAAATGGACGACAA_013,134
GAGCAGCAAATGGACGACAA_014,63
ATCTGTCAGCAGAGTTGAGA_001,77
ATCTGTCAGCAGAGTTGAGA_002,28
ATCTGTCAGCAGAGTTGAGA_003,160
ATCTGTCAGCAGAGTTGAGA_004,178
ATCTGTCAGCAGAGTTGAGA_005,123
ATCTGTCAGCAGAGTTGAGA_006,102
ATCTGTCAGCAGAGTTGAGA_007,119
ATCTGTCAGCAGAGTTGAGA_008,35
ATCTGTCAGCAGAGTTGAGA_009,166
ATCTGTCAGCAGAGTTGAGA_010,29
ATCTGTCAGCAGAGTTGAGA_011,136
AGCCCCCGCCGGCATAGAGT_001,77
AGCCCCCGCCGGCATAGAGT_002,108
AGCCCCCGCCGGCATAGAGT_003,105
AGCCCCCGCCGGCATAGAGT_004,155
AGCCCCCGCCGGCATAGAGT_005,171
AGCCCCCGCCGGCATAGAGT_006,9
AGCCCCCGCCGGCATAGAGT_007,57
AGCCCCCGCCGGCATAGAGT_008,146
AGCCCCCGCCGGCATAGAGT_009,66
AGCCCCCGCCGGCATAGAGT_010,19
AGCCCCCGCCGGCATAGAGT_011,67
AGCCCCCGCCGGCATAGAGT_012,52
AGCCCCCGCCGGCATAGAGT_013,68
AGCCCCCGCCGGCATAGAGT_014,60
AGCCCCCGCCGGCATAGAGT_015,42
AGCCCCCGCCGGCATAGAGT_016,68
AGCCCCCGCCGGCATAGAGT_017,26
AGCCCCCGCCGGCATAGAGT_018,101
AGCCCCCGCCGGCATAGAGT_019,127
AGCCCCCGCCGGCATAGAGT_020,150
AGCCCCCGCCGGCATAGAGT_021,56
AGCCCCCGCCGGCATAGAGT_022,68
AGCCCCCGCCGGCATAGAGT_023,139
AGCCCCCGCCGGCATAGAGT_024,104
AGCCCCCGCCGGCATAGAGT_025,192
AGCCCCCGCCGGCATAGAGT_026,48
AGCCCCCGCCGGCATAGAGT_027,1
AGCCCCCGCCGGCATAGAGT_028,166
AGCCCCCGCCGGCATAGAGT_029,81
AGCCCCCGCCGGCATAGAGT_030,188
AGCCCCCGCCGGCATAGAGT_031,80
AGCCCCCGCCGGCATAGAGT_032,21
AGCCCCCGCCGGCATAGAGT_033,120
TGGCGGCAAGAATTCGACCA_001,105
TGGCGGCAAGAATTCGACCA_002,123
TGGCGGCAAGAATTCGACCA_003,189
TGGCGGCAAGAATTCGACCA_004,165
CCTTCAGACTGAAATATGTG_001,53
AGAGTGTCGTGCCAAAACCA_001,1
AGAGTGTCGTGCCAAAACCA_002,177
AGAGTGTCGTGCCAAAACCA_003,47
AGAGTGTCGTGCCAAAACCA_004,181
AGAGTGTCGTGCCAAAACCA_005,169
AGAGTGTCGTGCCAAAACCA_006,169
AGAGTGTCGTGCCAAAACCA_007,158
CGTATGCTACAATGAGCCCA_001,15
GTTGACTGTTACCAGTGCGT_001,58
GTTGACTGTTACCAGTGCGT_002,87
GTTGACTGTTACCAGTGCGT_003,188
GTTGACTGTTACCAGTGCGT_004,184
TTAGAATGCATGGATCTCAA_001,175
TTAGAATGCATGGATCTCAA_002,77
TTAGAATGCATGGATCTCAA_003,75
TTAGAATGCATGGATCTCAA_004,172
TTAGAATGCATGGATCTCAA_005,87
TTAGAATGCATGGATCTCAA_006,148
TTAGAATGCATGGATCTCAA_007,63
ACTCTTAAGGCCATCCAAGG_001,62
ACTCTTAAGGCCATCCAAGG_002,74
ACTCTTAAGGCCATCCAAGG_003,123
ACTCTTAAGGCCATCCAAGG_004,127
ACTCTTAAGGCCATCCAAGG_005,169
ACTCTTAAGGCCATCCAAGG_006,193
ACTCTTAAGGCCATCCAAGG_007,46
GAGCACGTCTAGGATCGTGG_001,147
GAGCACGTCTAGGATCGTGG_002,190
GAGCACGTCTAGGATCGTGG_003,60
GAGCACGTCTAGGATCGTGG_004,136
GAGCACGTCTAGGATCGTGG_005,148
GAGCACGTCTAGGATCGTGG_006,85
GAGCACGTCTAGGATCGTGG_007,188
GAGCACGTCTAGGATCGTGG_008,78
GTGGCAGATGAGCTCCTATG_001,139
GTGGCAGATGAGCTCCTATG_002,88
GTGGCAGATGAGCTCCTATG_003,169
GTGGCAGATGAGCTCCTATG_004,152
GTGGCAGATGAGCTCCTATG_005,90
GTGGCAGATGAGCTCCTATG_006,3
GTGGCAGATGAGCTCCTATG_007,24
GTGGCAGATGAGCTCCTATG_008,160
GTGGCAGATGAGCTCCTATG_009,190
GTGGCAGATGAGCTCCTATG_010,124
GTGGCAGATGAGCTCCTATG_011,39
GTGGCAGATGAGCTCCTATG_012,119
CATCATCCCTCACGGACCCG_001,168
CATCATCCCTCACGGACCCG_002,40
CATCATCCCTCACGGACCCG_003,121
CATCATCCCTCACGGACCCG_004,83
CATCATCCCTCACGGACCCG_005,137
CATCATCCCTCACGGACCCG_006,58
CATCATCCCTCACGGACCCG_007,158
CATCATCCCTCACGGACCCG_008,83
CATCATCCCTCACGGACCCG_009,178
CATCATCCCTCACGGACCCG_010,47
CATCATCCCTCACGGACCCG_011,40
CATCATCCCTCACGGACCCG_012,8
CATCATCCCTCACGGACCCG_013,44
CATCATCCCTCACGGACCCG_014,71
CATCATCCCTCACGGACCCG_015,35
CATCATCCCTCACGGACCCG_016,147
CATCATCCCTCACGGACCCG_017,56
CATCATCCCTCACGGACCCG_018,165
CATCATCCCTCACGGACCCG_019,162
CATCATCCCTCACGGACCCG_020,26
CATCATCCCTCACGGACCCG_021,26
CATCATCCCTCACGGACCCG_022,108
CATCATCCCTCACGGACCCG_023,175
CATCATCCCTCACGGACCCG_024,158
CATCATCCCTCACGGACCCG_025,144
CATCATCCCTCACGGACCCG_026,94
CATCATCCCTCACGGACCCG_027,9
CATCATCCCTCACGGACCCG_028,77
CATCATCCCTCACGGACCCG_029,119
CATCATCCCTCACGGACCCG_030,192
CATCATCCCTCACGGACCCG_031,141
CATCATCCCTCACGGACCCG_032,98
CATTAAGACTACGGCCCAGG_001,73
CATTAAGACTACGGCCCAGG_002,72
CATTAAGACTACGGCCCAGG_003,45
GCAGCCACAGTCCCATAGCA_001,101
GCAGCCACAGTCCCATAGCA_002,56
GCAGCCACAGTCCCATAGCA_003,167
GCAGCCACAGTCCCATAGCA_004,167
GCAGCCACAGTCCCATAGCA_005,23
GCAGCCACAGTCCCATAGCA_006,183
GCAGCCACAGTCCCATAGCA_007,62
GCAGCCACAGTCCCATAGCA_008,144
GCAGCCACAGTCCCATAGCA_009,115
GCAGCCACAGTCCCATAGCA_010,3
GCAGCCACAGTCCCATAGCA_011,68
GCAGCCACAGTCCCATAGCA_012,123
GCAGCCACAGTCCCATAGCA_013,22
GCAGCCACAGTCCCATAGCA_014,1
TTGATGAAGAACTTGTGCCA_001,182
TTGATGAAGAACTTGTGCCA_002,69
TTGATGAAGAACTTGTGCCA_003,60
TTGATGAAGAACTTGTGCCA_004,92
TTGATGAAGAACTTGTGCCA_005,174
TTGATGAAGAACTTGTGCCA_006,165
TTGATGAAGAACTTGTGCCA_007,138
TTGATGAAGAACTTGTGCCA_008,152
TGCAGAGTGTTCTCCCACAA_001,114
TGCAGAGTGTTCTCCCACAA_002,4
TGCAGAGTGTTCTCCCACAA_003,1
TGCAGAGTGTTCTCCCACAA_004,58
TGCAGAGTGTTCTCCCACAA_005,57
TGCAGAGTGTTCTCCCACAA_006,75
TGCAGAGTGTTCTCCCACAA_007,17
TGCAGAGTGTTCTCCCACAA_008,16
TGCAGAGTGTTCTCCCACAA_009,160
ACGCCCTTACGCTTGCCCAG_001,151
ACGCCCTTACGCTTGCCCAG_002,1
ACGCCCTTACGCTTGCCCAG_003,76
ACGCCCTTACGCTTGCCCAG_004,169
ACGCCCTTACGCTTGCCCAG_005,176
ACGCCCTTACGCTTGCCCAG_006,9
ACGCCCTTACGCTTGCCCAG_007,22
ACGCCCTTACGCTTGCCCAG_008,16
ACGCCCTTACGCTTGCCCAG_009,49
ACGCCCTTACGCTTGCCCAG_010,70
ACGCCCTTACGCTTGCCCAG_011,111
ACGCCCTTACGCTTGCCCAG_012,94
GTAAGCCATGTCTCCCTCGG_001,76
GTAAGCCATGTCTCCCTCGG_002,125
GTAAGCCATGTCTCCCTCGG_003,29
CCCCGACCATAATGGTACAG_001,61
CCCCGACCATAATGGTACAG_002,68
CCCCGACCATAATGGTACAG_003,101
CCCCGACCATAATGGTACAG_004,171
CCCCGACCATAATGGTACAG_005,72
CCCCGACCATAATGGTACAG_006,105
CCCCGACCATAATGGTACAG_007,67
AGGCGCTAAGCGTCACCGTA_001,105
AGGCGCTAAGCGTCACCGTA_002,78
AGGCGCTAAGCGTCACCGTA_003,78
AGGCGCTAAGCGTCACCGTA_004,77
AGGCGCTAAGCGTCACCGTA_005,162
AGGCGCTAAGCGTCACCGTA_006,154
AGGCGCTAAGCGTCACCGTA_007,142
AGGCGCTAAGCGTCACCGTA_008,146
AGGCGCTAAGCGTCACCGTA_009,13
AGGCGCTAAGCGTCACCGTA_010,149
AGGCGCTAAGCGTCACCGTA_011,16
AGGCGCTAAGCGTCACCGTA_012,148
AGGCGCTAAGCGTCACCGTA_013,124
AGGCGCTAAGCGTCACCGTA_014,47
AGGCGCTAAGCGTCACCGTA_015,27
AGGCGCTAAGCGTCACCGTA_016,123
AGGCGCTAAGCGTCACCGTA_017,133
AGGCGCTAAGCGTCACCGTA_018,162
AGGCGCTAAGCGTCACCGTA_019,44
AGGCGCTAAGCGTCACCGTA_020,179
AGGCGCTAAGCGTCACCGTA_021,153
AGGCGCTAAGCGTCACCGTA_022,0
GCAGCACTTTGCCACACAGC_001,60
GCAGCACTTTGCCACACAGC_002,48
GCAGCACTTTGCCACACAGC_003,149
GCAGCACTTTGCCACACAGC_004,169
GCAGCACTTTGCCACACAGC_005,190
GCAGCACTTTGCCACACAGC_006,56
AAGAATAGCTCAACCATGAG_001,42
AAGAATAGCTCAACCATGAG_002,159
GCTGCCGTAATAGACTGACG_001,151
GCTGCCGTAATAGACTGACG_002,169
CGGCCACAGACAGCTGCTCG_001,69
CGGCCACAGACAGCTGCTCG_002,199
CGGCCACAGACAGCTGCTCG_003,142
CGGCCACAGACAGCTGCTCG_004,157
CGGCCACAGACAGCTGCTCG_005,198
CGGCCACAGACAGCTGCTCG_006,150
CGGCCACAGACAGCTGCTCG_007,166
CGGCCACAGACAGCTGCTCG_008,5
CGGCCACAGACAGCTGCTCG_009,162
AGGACATCAGCCTAATGTGA_001,113
AGGACATCAGCCTAATGTGA_002,37
AGGACATCAGCCTAATGTGA_003,194
AGGACATCAGCCTAATGTGA_004,81
AGGACATCAGCCTAATGTGA_005,146
AGGACATCAGCCTAATGTGA_006,78
ACCAGCAGGGCATTCCCCCG_001,82
ACCAGCAGGGCATTCCCCCG_002,128
ACCAGCAGGGCATTCCCCCG_003,115
ACCAGCAGGGCATTCCCCCG_004,131
CCAATTATATAATCACTGTG_001,23
CCAATTATATAATCACTGTG_002,27
CCAATTATATAATCACTGTG_003,53
CTCAGCACCGTGTAGCGGCG_001,24
CTCAGCACCGTGTAGCGGCG_002,194
CTCAGCACCGTGTAGCGGCG_003,194
CTCAGCACCGTGTAGCGGCG_004,43
CTCAGCACCGTGTAGCGGCG_005,88
CTCAGCACCGTGTAGCGGCG_006,12
CTCAGCACCGTGTAGCGGCG_007,34
CTCAGCACCGTGTAGCGGCG_008,156
CTCAGCACCGTGTAGCGGCG_009,113
CTCAGCACCGTGTAGCGGCG_010,40
CTCAGCACCGTGTAGCGGCG_011,198
CTCAGCACCGTGTAGCGGCG_012,41
CTCAGCACCGTGTAGCGGCG_013,15
CTCAGCACCGTGTAGCGGCG_014,104
CTCAGCACCGTGTAGCGGCG_015,52
CTCAGCACCGTGTAGCGGCG_016,47
CTCAGCACCGTGTAGCGGCG_017,85
TCGAATCTTCGTTCACGAGG_001,154
TCGAATCTTCGTTCACGAGG_002,156
CTGAAAGCAAAGGAGTGTTG_001,161
CTGAAAGCAAAGGAGTGTTG_002,36
CTGAAAGCAAAGGAGTGTTG_003,108
CTGAAAGCAAAGGAGTGTTG_004,102
CTGAAAGCAAAGGAGTGTTG_005,27
CTGAAAGCAAAGGAGTGTTG_006,61
CTGAAAGCAAAGGAGTGTTG_007,175
TAGTGGACGATCCCGACGTG_001,191
TAGTGGACGATCCCGACGTG_002,42
TAGTGGACGATCCCGACGTG_003,56
GATGATGTGACATGAACGTA_001,154
GATGATGTGACATGAACGTA_002,178
GATGATGTGACATGAACGTA_003,191
GATGATGTGACATGAACGTA_004,158
GATGATGTGACATGAACGTA_005,40
GATGATGTGACATGAACGTA_006,4
GATGATGTGACATGAACGTA_007,128
GATGATGTGACATGAACGTA_008,2
GATGATGTGACATGAACGTA_009,104
GATGATGTGACATGAACGTA_010,0
GATGATGTGACATGAACGTA_011,45
TGAGCTGACAGTCAAAAGTT_001,196
TGAGCTGACAGTCAAAAGTT_002,3
TGAGCTGACAGTCAAAAGTT_003,76
TGAGCTGACAGTCAAAAGTT_004,2
TGAGCTGACAGTCAAAAGTT_005,126
TGAGCTGACAGTCAAAAGTT_006,107
TGAGCTGACAGTCAAAAGTT_007,147
TGAGCTGACAGTCAAAAGTT_008,142
TGAGCTGACAGTCAAAAGTT_009,103
TGAGCTGACAGTCAAAAGTT_010,58
TGAGCTGACAGTCAAAAGTT_011,153
ATGATGACATTGTACCTCAG_001,146
ATGATGACATTGTACCTCAG_002,67
ATGATGACATTGTACCTCAG_003,150
ATGATGACATTGTACCTCAG_004,44
ATGATGACATTGTACCTCAG_005,42
ATGATGACATTGTACCTCAG_006,58
ATGATGACATTGTACCTCAG_007,9
ATGATGACATTGTACCTCAG_008,59
ATGATGACATTGTACCTCAG_009,43
ATGATGACATTGTACCTCAG_010,117
ATGATGACATTGTACCTCAG_011,162
TGGAAGTGAAAGTATAGCCG_001,104
CAGGAGGGTGACCGGTTCCG_001,64
CAGGAGGGTGACCGGTTCCG_002,48
CAGGAGGGTGACCGGTTCCG_003,105
CAGGAGGGTGACCGGTTCCG_004,43
CAGGAGGGTGACCGGTTCCG_005,60
CAGGAGGGTGACCGGTTCCG_006,129
CAGGAGGGTGACCGGTTCCG_007,65
CAGGAGGGTGACCGGTTCCG_008,5
CAGGAGGGTGACCGGTTCCG_009,21
CAGGAGGGTGACCGGTTCCG_010,107
CAGGAGGGTGACCGGTTCCG_011,115
CAGGAGGGTGACCGGTTCCG_012,175
CAGGAGGGTGACCGGTTCCG_013,148
CAGGAGGGTGACCGGTTCCG_014,114
CAGGAGGGTGACCGGTTCCG_015,105
CAGGAGGGTGACCGGTTCCG_016,50
CAGGAGGGTGACCGGTTCCG_017,113
CAGGAGGGTGACCGGTTCCG_018,155
CAGGAGGGTGACCGGTTCCG_019,88
CAGGAGGGTGACCGGTTCCG_020,49
CAGGAGGGTGACCGGTTCCG_021,190
CAGGAGGGTGACCGGTTCCG_022,174
CAGGAGGGTGACCGGTTCCG_023,115
CAGGAGGGTGACCGGTTCCG_024,0
CAGGAGGGTGACCGGTTCCG_025,40
CAGGAGGGTGACCGGTTCCG_026,162
CAGGAGGGTGACCGGTTCCG_027,16
CAGGAGGGTGACCGGTTCCG_028,2
CAGGAGGGTGACCGGTTCCG_029,198
CAGGAGGGTGACCGGTTCCG_030,12
CAGGAGGGTGACCGGTTCCG_031,15
CAGGAGGGTGACCGGTTCCG_032,158
CAGGAGGGTGACCGGTTCCG_033,56
CAGGAGGGTGACCGGTTCCG_034,81
CAGGAGGGTGACCGGTTCCG_035,172
CAGGAGGGTGACCGGTTCCG_036,146
CAGGAGGGTGACCGGTTCCG_037,175
CAGGAGGGTGACCGGTTCCG_038,175
CAGGAGGGTGACCGGTTCCG_039,35
CAGGAGGGTGACCGGTTCCG_040,147
CAGGAGGGTGACCGGTTCCG_041,34
CAGGAGGGTGACCGGTTCCG_042,94
CAGGAGGGTGACCGGTTCCG_043,19
ATGCTAGGACACATTAGGAT_001,88
ATGCTAGGACACATTAGGAT_002,192
ATGCTAGGACACATTAGGAT_003,17
ATGCTAGGACACATTAGGAT_004,167
ATGCTAGGACACATTAGGAT_005,182
ATGCTAGGACACATTAGGAT_006,108
TAAGCAGTCCGTGATAGGGA_001,51
TAAGCAGTCCGTGATAGGGA_002,60
TAAGCAGTCCGTGATAGGGA_003,56
TAAGCAGTCCGTGATAGGGA_004,9
TAAGCAGTCCGTGATAGGGA_005,188
TAAGCAGTCCGTGATAGGGA_006,151
TAAGCAGTCCGTGATAGGGA_007,16
TAAGCAGTCCGTGATAGGGA_008,159
TAAGCAGTCCGTGATAGGGA_009,154
TAAGCAGTCCGTGATAGGGA_010,184
TAAGCAGTCCGTGATAGGGA_011,130
TAAGCAGTCCGTGATAGGGA_012,148
TAAGCAGTCCGTGATAGGGA_013,58
TAAGCAGTCCGTGATAGGGA_014,2
TAAGCAGTCCGTGATAGGGA_015,94
TAAGCAGTCCGTGATAGGGA_016,23
TAAGCAGTCCGTGATAGGGA_017,106
TAAGCAGTCCGTGATAGGGA_018,176
TAAGCAGTCCGTGATAGGGA_019,63
TAAGCAGTCCGTGATAGGGA_020,76
TAAGCAGTCCGTGATAGGGA_021,16
GGTAGCCTTGGTCGTCCGTG_001,149
GGTAGCCTTGGTCGTCCGTG_002,149
GGTAGCCTTGGTCGTCCGTG_003,34
GGTAGCCTTGGTCGTCCGTG_004,112
GGTAGCCTTGGTCGTCCGTG_005,197
GGTAGCCTTGGTCGTCCGTG_006,106
GGTAGCCTTGGTCGTCCGTG_007,52
GGTAGCCTTGGTCGTCCGTG_008,60
GGTAGCCTTGGTCGTCCGTG_009,34
GGTAGCCTTGGTCGTCCGTG_010,138
GGTAGCCTTGGTCGTCCGTG_011,123
GGTAGCCTTGGTCGTCCGTG_012,124
GGTAGCCTTGGTCGTCCGTG_013,62
TTGGCTATGGGTATCTACAC_001,141
TTGGCTATGGGTATCTACAC_002,50
GGCCACATGAGAGTCCACCG_001,68
GGCCACATGAGAGTCCACCG_002,75
GGCCACATGAGAGTCCACCG_003,125
GGCCACATGAGAGTCCACCG_004,159
GGCCACATGAGAGTCCACCG_005,176
GGCCACATGAGAGTCCACCG_006,146
GGCCACATGAGAGTCCACCG_007,149
GGCCACATGAGAGTCCACCG_008,169
GGCCACATGAGAGTCCACCG_009,188
GGCCACATGAGAGTCCACCG_010,28
CGTCCCCGCCGATCACACAC_001,138
CGTCCCCGCCGATCACACAC_002,117
CGTCCCCGCCGATCACACAC_003,6
CGTCCCCGCCGATCACACAC_004,7
CGTCCCCGCCGATCACACAC_005,43
CGTCCCCGCCGATCACACAC_006,165
CGTCCCCGCCGATCACACAC_007,192
CGTCCCCGCCGATCACACAC_008,63
CGTCCCCGCCGATCACACAC_009,43
CGTCCCCGCCGATCACACAC_010,118
AGTCCCGCAATATCACAAGG_001,155
GAAGCAAGGGTCCAGCAAGG_001,17
GAAGCAAGGGTCCAGCAAGG_002,118
GAAGCAAGGGTCCAGCAAGG_003,177
GAAGCAAGGGTCCAGCAAGG_004,106
GAAGCAAGGGTCCAGCAAGG_005,68
GAAGCAAGGGTCCAGCAAGG_006,23
GAAGCAAGGGTCCAGCAAGG_007,168
GAAGCAAGGGTCCAGCAAGG_008,15
GAAGCAAGGGTCCAGCAAGG_009,48
GAAGCAAGGGTCCAGCAAGG_010,173
GAAGCAAGGGTCCAGCAAGG_011,88
GAAGCAAGGGTCCAGCAAGG_012,53
GAAGCAAGGGTCCAGCAAGG_013,48
GAAGCAAGGGTCCAGCAAGG_014,121
GAAGCAAGGGTCCAGCAAGG_015,96
GAAGCAAGGGTCCAGCAAGG_016,142
GAAGCAAGGGTCCAGCAAGG_017,147
TCATCACAGACCAGCTCCCA_001,65
TCATCACAGACCAGCTCCCA_002,125
TCATCACAGACCAGCTCCCA_003,149
TCATCACAGACCAGCTCCCA_004,17
TCATCACAGACCAGCTCCCA_005,68
TCATCACAGACCAGCTCCCA_006,93
TCATCACAGACCAGCTCCCA_007,130
TCATCACAGACCAGCTCCCA_008,10
TCATCACAGACCAGCTCCCA_009,148
TTCTTACTCTAGGTACAGCG_001,47
TTCTTACTCTAGGTACAGCG_002,185
TTCTTACTCTAGGTACAGCG_003,82
TTCTTACTCTAGGTACAGCG_004,115
TTCTTACTCTAGGTACAGCG_005,191
TTCTTACTCTAGGTACAGCG_006,4
AAATCTTACTGTTTACACTC_001,76
AAATCTTACTGTTTACACTC_002,49
AAATCTTACTGTTTACACTC_003,174
AAATCTTACTGTTTACACTC_004,126
AAATCTTACTGTTTACACTC_005,126
AAATCTTACTGTTTACACTC_006,157
AAATCTTACTGTTTACACTC_007,80
AAATCTTACTGTTTACACTC_008,148
AATCTGTGGTAAACTAACTG_001,0
AATCTGTGGTAAACTAACTG_002,11
AATCTGTGGTAAACTAACTG_003,103
AATCTGTGGTAAACTAACTG_004,75
AATCTGTGGTAAACTAACTG_005,149
AATCTGTGGTAAACTAACTG_006,189
AATCTGTGGTAAACTAACTG_007,140
AATCTGTGGTAAACTAACTG_008,157
AATCTGTGGTAAACTAACTG_009,34
AATCTGTGGTAAACTAACTG_010,162
AATCTGTGGTAAACTAACTG_011,88
AATCTGTGGTAAACTAACTG_012,171
AATCTGTGGTAAACTAACTG_013,59
AATCTGTGGTAAACTAACTG_014,113
AATCTGTGGTAAACTAACTG_015,33
AATCTGTGGTAAACTAACTG_016,75
AATCTGTGGTAAACTAACTG_017,137
AATCTGTGGTAAACTAACTG_018,104
AATCTGTGGTAAACTAACTG_019,105
AATCTGTGGTAAACTAACTG_020,191
AATCTGTGGTAAACTAACTG_021,52
AATCTGTGGTAAACTAACTG_022,97
CGACTGTGAAAAGACGGCCG_001,150
CGACTGTGAAAAGACGGCCG_002,198
CGACTGTGAAAAGACGGCCG_003,29
CGACTGTGAAAAGACGGCCG_004,104
CGACTGTGAAAAGACGGCCG_005,34
CGACTGTGAAAAGACGGCCG_006,115
CGACTGTGAAAAGACGGCCG_007,17
CGACTGTGAAAAGACGGCCG_008,194
CGACTGTGAAAAGACGGCCG_009,92
CGACTGTGAAAAGACGGCCG_010,6
CGACTGTGAAAAGACGGCCG_011,6
GAACGCATCCCGCACGTCCA_001,46
GAACGCATCCCGCACGTCCA_002,91
GAACGCATCCCGCACGTCCA_003,147
GAACGCATCCCGCACGTCCA_004,105
GAACGCATCCCGCACGTCCA_005,158
GAACGCATCCCGCACGTCCA_006,33
GAACGCATCCCGCACGTCCA_007,76
GAACGCATCCCGCACGTCCA_008,111
GAACGCATCCCGCACGTCCA_009,121
GAACGCATCCCGCACGTCCA_010,43
GAACGCATCCCGCACGTCCA_011,114
GAACGCATCCCGCACGTCCA_012,80
ATCACGCTCCAGAACATCGG_001,116
ATCACGCTCCAGAACATCGG_002,158
ATCACGCTCCAGAACATCGG_003,145
ATCACGCTCCAGAACATCGG_004,150
ATCACGCTCCAGAACATCGG_005,19
ATCACGCTCCAGAACATCGG_006,77
ATCACGCTCCAGAACATCGG_007,197
ATCACGCTCCAGAACATCGG_008,142
ATCACGCTCCAGAACATCGG_009,41
ATCACGCTCCAGAACATCGG_010,41
ATCACGCTCCAGAACATCGG_011,137
ATCACGCTCCAGAACATCGG_012,179
ATCACGCTCCAGAACATCGG_013,179
ATCACGCTCCAGAACATCGG_014,187
ATCACGCTCCAGAACATCGG_015,155
ATCACGCTCCAGAACATCGG_016,172
ATCACGCTCCAGAACATCGG_017,79
ATCACGCTCCAGAACATCGG_018,25
GAAGAAGCTGAAAGGGACAG_001,150
GAAGAAGCTGAAAGGGACAG_002,127
GAAGAAGCTGAAAGGGACAG_003,98
GAAGAAGCTGAAAGGGACAG_004,155
GAAGAAGCTGAAAGGGACAG_005,43
GAAGAAGCTGAAAGGGACAG_006,27
GAAGAAGCTGAAAGGGACAG_007,49
GAAGAAGCTGAAAGGGACAG_008,127
TATCAATGCTATCAGCAGAG_001,107
TATCAATGCTATCAGCAGAG_002,122
ATGAACACCACAGTGATGCA_001,156
ATGAACACCACAGTGATGCA_002,188
ATGAACACCACAGTGATGCA_003,139
ATGAACACCACAGTGATGCA_004,132
ATGAACACCACAGTGATGCA_005,114
ATGAACACCACAGTGATGCA_006,29
ATGAACACCACAGTGATGCA_007,120
ATGAACACCACAGTGATGCA_008,74
ATGAACACCACAGTGATGCA_009,84
ATGAACACCACAGTGATGCA_010,40
ATGAACACCACAGTGATGCA_011,82
ATGAACACCACAGTGATGCA_012,94
ATGAACACCACAGTGATGCA_013,56
ATGAACACCACAGTGATGCA_014,178
ATGAACACCACAGTGATGCA_015,178
ATGAACACCACAGTGATGCA_016,15
ATGAACACCACAGTGATGCA_017,35
ATGAACACCACAGTGATGCA_018,9
ATGAACACCACAGTGATGCA_019,9
ATGAACACCACAGTGATGCA_020,168
ATGTCACCTGTAAAAAGATG_001,177
ATGTCACCTGTAAAAAGATG_002,123
ATGTCACCTGTAAAAAGATG_003,65
ATGTCACCTGTAAAAAGATG_004,87
GAGGTCTGGGCTGAACATCG_001,130
GAGGTCTGGGCTGAACATCG_002,126
GAGGTCTGGGCTGAACATCG_003,172
GAGGTCTGGGCTGAACATCG_004,45
GAGGTCTGGGCTGAACATCG_005,0
GAGGTCTGGGCTGAACATCG_006,180
GAGGTCTGGGCTGAACATCG_007,33
GAGGTCTGGGCTGAACATCG_008,137
GAGGTCTGGGCTGAACATCG_009,116
GAGGTCTGGGCTGAACATCG_010,112
CCACGATGGCCGGAACAATG_001,187
CCACGATGGCCGGAACAATG_002,191
CCACGATGGCCGGAACAATG_003,51
CCACGATGGCCGGAACAATG_004,22
CCACGATGGCCGGAACAATG_005,28
TCGTTTGTGGGATCATATCG_001,151
GCCCGCTTCCAGGATGTGCG_001,114
GCCCGCTTCCAGGATGTGCG_002,57
GCCCGCTTCCAGGATGTGCG_003,56
GCCCGCTTCCAGGATGTGCG_004,172
GCCCGCTTCCAGGATGTGCG_005,147
GCCCGCTTCCAGGATGTGCG_006,148
GCCCGCTTCCAGGATGTGCG_007,17
GCCCGCTTCCAGGATGTGCG_008,146
GCCCGCTTCCAGGATGTGCG_009,144
GCCCGCTTCCAGGATGTGCG_010,52
GCCCGCTTCCAGGATGTGCG_011,50
GCCCGCTTCCAGGATGTGCG_012,165
GCCCGCTTCCAGGATGTGCG_013,50
GCCCGCTTCCAGGATGTGCG_014,13
GCCCGCTTCCAGGATGTGCG_015,137
GCCCGCTTCCAGGATGTGCG_016,43
GCCCGCTTCCAGGATGTGCG_017,149
GCCCGCTTCCAGGATGTGCG_018,21
GCCCGCTTCCAGGATGTGCG_019,87
GCCCGCTTCCAGGATGTGCG_020,87
GCCCGCTTCCAGGATGTGCG_021,17
GCCCGCTTCCAGGATGTGCG_022,43
GCCCGCTTCCAGGATGTGCG_023,156
GCCCGCTTCCAGGATGTGCG_024,66
GATGGAGGCACGGTACGAGA_001,111
GATGGAGGCACGGTACGAGA_002,183
GATGGAGGCACGGTACGAGA_003,170
GATGGAGGCACGGTACGAGA_004,50
GATGGAGGCACGGTACGAGA_005,138
GATGGAGGCACGGTACGAGA_006,61
GATGGAGGCACGGTACGAGA_007,13
GATGGAGGCACGGTACGAGA_008,162
GATGGAGGCACGGTACGAGA_009,175
GATGGAGGCACGGTACGAGA_010,149
GATGGAGGCACGGTACGAGA_011,82
GATGGAGGCACGGTACGAGA_012,102
GATGGAGGCACGGTACGAGA_013,3
GATGGAGGCACGGTACGAGA_014,55
GATGGAGGCACGGTACGAGA_015,122
GATGGAGGCACGGTACGAGA_016,89
TGAGAGTCAGGATGCCATGG_001,83
TGAGAGTCAGGATGCCATGG_002,98
TGTCTACATGTGCATTGCCG_001,162
TGTCTACATGTGCATTGCCG_002,55
TGTCTACATGTGCATTGCCG_003,154
TGTCTACATGTGCATTGCCG_004,199
TGTCTACATGTGCATTGCCG_005,145
TGTCTACATGTGCATTGCCG_006,113
AGTCCACCCAGAATCATGTG_001,46
AGTCCACCCAGAATCATGTG_002,53
AGTCCACCCAGAATCATGTG_003,12
AGTCCACCCAGAATCATGTG_004,40
AGTCCACCCAGAATCATGTG_005,188
AGTCCACCCAGAATCATGTG_006,113
AGTCCACCCAGAATCATGTG_007,162
AGTCCACCCAGAATCATGTG_008,76
AGTCCACCCAGAATCATGTG_009,25
AGTCCACCCAGAATCATGTG_010,97
AGTCCACCCAGAATCATGTG_011,19
AGTCCACCCAGAATCATGTG_012,81
AGTCCACCCAGAATCATGTG_013,140
AGTCCACCCAGAATCATGTG_014,1
AGTCCACCCAGAATCATGTG_015,94
AGTCCACCCAGAATCATGTG_016,3
AGTCCACCCAGAATCATGTG_017,88
AGTCCACCCAGAATCATGTG_018,168
AGTCCACCCAGAATCATGTG_019,29
AGTCCACCCAGAATCATGTG_020,37
AGTCCACCCAGAATCATGTG_021,5
AGTCCACCCAGAATCATGTG_022,72
AGTCCACCCAGAATCATGTG_023,141
AGTCCACCCAGAATCATGTG_024,40
AGTCCACCCAGAATCATGTG_025,172
AGTCCACCCAGAATCATGTG_026,44
AGTCCACCCAGAATCATGTG_027,175
AGTCCACCCAGAATCATGTG_028,55
AGTCCACCCAGAATCATGTG_029,28
AGTCCACCCAGAATCATGTG_030,144
AGTCCACCCAGAATCATGTG_031,152
ATCAAAGCCAATAGGCTCGG_001,22
GAAGGGAGTGGACCATGTCC_001,5
AAGGGCAAGTGGATGATGCG_001,8
AAGGGCAAGTGGATGATGCG_002,58
AAGGGCAAGTGGATGATGCG_003,12
AAGGGCAAGTGGATGATGCG_004,148
AAGGGCAAGTGGATGATGCG_005,103
AAGGGCAAGTGGATGATGCG_006,147
AAGGGCAAGTGGATGATGCG_007,179
AAGGGCAAGTGGATGATGCG_008,84
AAGGGCAAGTGGATGATGCG_009,152
AAGGGCAAGTGGATGATGCG_010,72
GCTTGGATTCAAGTCCCTGA_001,60
GCTTGGATTCAAGTCCCTGA_002,131
GCTTGGATTCAAGTCCCTGA_003,40
GCTTGGATTCAAGTCCCTGA_004,197
GCTTGGATTCAAGTCCCTGA_005,22
GCTTGGATTCAAGTCCCTGA_006,120
GCTTGGATTCAAGTCCCTGA_007,142
CTTCACAGTGTAAAGCTGGG_001,81
CTTCACAGTGTAAAGCTGGG_002,118
CTTCACAGTGTAAAGCTGGG_003,166
CTTCACAGTGTAAAGCTGGG_004,172
CTTCACAGTGTAAAGCTGGG_005,67
CTTCACAGTGTAAAGCTGGG_006,143
CTTCACAGTGTAAAGCTGGG_007,48
CTTCACAGTGTAAAGCTGGG_008,1
CTTCACAGTGTAAAGCTGGG_009,15
CTTCACAGTGTAAAGCTGGG_010,8
CTTCACAGTGTAAAGCTGGG_011,50
CTTCACAGTGTAAAGCTGGG_012,130
GCACGTCTTCGAGTTCATCG_001,8
GCACGTCTTCGAGTTCATCG_002,7
GCACGTCTTCGAGTTCATCG_003,26
GCACGTCTTCGAGTTCATCG_004,62
GCACGTCTTCGAGTTCATCG_005,162
GCACGTCTTCGAGTTCATCG_006,181
GCACGTCTTCGAGTTCATCG_007,64
GCACGTCTTCGAGTTCATCG_008,125
GCACGTCTTCGAGTTCATCG_009,123
GCACGTCTTCGAGTTCATCG_010,18
GCACGTCTTCGAGTTCATCG_011,98
GCACGTCTTCGAGTTCATCG_012,110
GCACGTCTTCGAGTTCATCG_013,124
GCACGTCTTCGAGTTCATCG_014,112
GCACGTCTTCGAGTTCATCG_015,58
AGGGAAGAAGACGCCTTTCG_001,112
AGGGAAGAAGACGCCTTTCG_002,78
AGGGAAGAAGACGCCTTTCG_003,147
AGGGAAGAAGACGCCTTTCG_004,72
AGGGAAGAAGACGCCTTTCG_005,88
AGGGAAGAAGACGCCTTTCG_006,16
AGGGAAGAAGACGCCTTTCG_007,134
AGGGAAGAAGACGCCTTTCG_008,194
AGGGAAGAAGACGCCTTTCG_009,33
AGGGAAGAAGACGCCTTTCG_010,15
AGGGAAGAAGACGCCTTTCG_011,142
AGGGAAGAAGACGCCTTTCG_012,165
AGGGAAGAAGACGCCTTTCG_013,138
TCAACATCTACAAGACAGTG_001,147
TCAACATCTACAAGACAGTG_002,105
TCACTCGGAAGGATGATTTG_001,70
TCACTCGGAAGGATGATTTG_002,127
TCACTCGGAAGGATGATTTG_003,144
TCACTCGGAAGGATGATTTG_004,177
TCACTCGGAAGGATGATTTG_005,20
TCACTCGGAAGGATGATTTG_006,197
TCACTCGGAAGGATGATTTG_007,43
TCAGGACCCATACAATGTAC_001,105
GTGTCACAGCCCACGACTGA_001,111
AAGGTGCCAAATTCATCATG_001,60
AAGGTGCCAAATTCATCATG_002,184
AAGGTGCCAAATTCATCATG_003,16
AAGGTGCCAAATTCATCATG_004,86
AAGGTGCCAAATTCATCATG_005,158
AAGGTGCCAAATTCATCATG_006,40
AAGGTGCCAAATTCATCATG_007,166
AAGGTGCCAAATTCATCATG_008,166
AAGGTGCCAAATTCATCATG_009,27
GACCTTGCATTGTACCCGAG_001,160
GACCTTGCATTGTACCCGAG_002,155
TACCTGGATGAGTACCGTGG_001,182
TACCTGGATGAGTACCGTGG_002,68
TACCTGGATGAGTACCGTGG_003,166
TACCTGGATGAGTACCGTGG_004,192
TACCTGGATGAGTACCGTGG_005,19
TACCTGGATGAGTACCGTGG_006,54
TACCTGGATGAGTACCGTGG_007,12
TACCTGGATGAGTACCGTGG_008,169
TACCTGGATGAGTACCGTGG_009,125
TACCTGGATGAGTACCGTGG_010,125
TACCTGGATGAGTACCGTGG_011,33
TACCTGGATGAGTACCGTGG_012,192
TACCTGGATGAGTACCGTGG_013,155
TACCTGGATGAGTACCGTGG_014,147
TACCTGGATGAGTACCGTGG_015,8
TACCTGGATGAGTACCGTGG_016,72
GGGTGAGGGACCGATCTGTG_001,161
GGGTGAGGGACCGATCTGTG_002,155
GGGTGAGGGACCGATCTGTG_003,88
GGGTGAGGGACCGATCTGTG_004,62
GGGTGAGGGACCGATCTGTG_005,85
GGTCCCCTTAGCTCTCATGT_001,37
AGCTGAAGCACCACTCGATG_001,155
AGCTGAAGCACCACTCGATG_002,104
AGCTGAAGCACCACTCGATG_003,199
AGCTGAAGCACCACTCGATG_004,121
AGCTGAAGCACCACTCGATG_005,139
AGCTGAAGCACCACTCGATG_006,50
AGCTGAAGCACCACTCGATG_007,108
AGCTGAAGCACCACTCGATG_008,102
AGCTGAAGCACCACTCGATG_009,68
AGCTGAAGCACCACTCGATG_010,25
AGCTGAAGCACCACTCGATG_011,178
AGCTGAAGCACCACTCGATG_012,11
AGCTGAAGCACCACTCGATG_013,97
AGCTGAAGCACCACTCGATG_014,6
GCCACCTACTCTCCGTCTGG_001,168
GCCACCTACTCTCCGTCTGG_002,39
GCCACCTACTCTCCGTCTGG_003,56
GCCACCTACTCTCCGTCTGG_004,105
TCAAGGTGCTATACTCGGTG_001,148
TCAAGGTGCTATACTCGGTG_002,38
TCAAGGTGCTATACTCGGTG_003,119
TGTCGGCATTTGTCACTGCG_001,43
TGTCGGCATTTGTCACTGCG_002,121
TGTCGGCATTTGTCACTGCG_003,108
TGTCGGCATTTGTCACTGCG_004,100
TGTCGGCATTTGTCACTGCG_005,88
TGTCGGCATTTGTCACTGCG_006,88
TGTCGGCATTTGTCACTGCG_007,121
TGTCGGCATTTGTCACTGCG_008,69
TGTCGGCATTTGTCACTGCG_009,48
TGTCGGCATTTGTCACTGCG_010,146
TGTCGGCATTTGTCACTGCG_011,174
TGTCGGCATTTGTCACTGCG_012,0
TGTCGGCATTTGTCACTGCG_013,187
TGTCGGCATTTGTCACTGCG_014,65
TGTCGGCATTTGTCACTGCG_015,156
TGTCGGCATTTGTCACTGCG_016,178
TGTCGGCATTTGTCACTGCG_017,8
TGTCGGCATTTGTCACTGCG_018,44
GCCTGGAGTAGGACAAATTG_001,108
GCCTGGAGTAGGACAAATTG_002,38
GCCTGGAGTAGGACAAATTG_003,27
GCCTGGAGTAGGACAAATTG_004,142
GATGTCGTTCTCTTCAGCAA_001,6
GATGTCGTTCTCTTCAGCAA_002,56
GATGTCGTTCTCTTCAGCAA_003,43
GATGTCGTTCTCTTCAGCAA_004,62
GATGTCGTTCTCTTCAGCAA_005,184
AGTATGAGATTCCTTCAGTG_001,148
AGTATGAGATTCCTTCAGTG_002,91
AGTATGAGATTCCTTCAGTG_003,101
AGTATGAGATTCCTTCAGTG_004,92
AGTATGAGATTCCTTCAGTG_005,137
AGTATGAGATTCCTTCAGTG_006,19
AGTATGAGATTCCTTCAGTG_007,175
AGTATGAGATTCCTTCAGTG_008,188
AGTATGAGATTCCTTCAGTG_009,141
AGTATGAGATTCCTTCAGTG_010,131
AGTATGAGATTCCTTCAGTG_011,0
AGTATGAGATTCCTTCAGTG_012,107
AGTATGAGATTCCTTCAGTG_013,3
AGTATGAGATTCCTTCAGTG_014,138
CCATCTCGAACACACGCCGG_001,48
CCATCTCGAACACACGCCGG_002,185
CCATCTCGAACACACGCCGG_003,114
CCATCTCGAACACACGCCGG_004,141
CCATCTCGAACACACGCCGG_005,148
CCATCTCGAACACACGCCGG_006,34
CCATCTCGAACACACGCCGG_007,43
CCATCTCGAACACACGCCGG_008,133
CCATCTCGAACACACGCCGG_009,170
CCATCTCGAACACACGCCGG_010,103
CCATCTCGAACACACGCCGG_011,162
GAGTCTGGGATATGTCTAAG_001,65
GTCACAAATGCCGACAACGA_001,165
GTCACAAATGCCGACAACGA_002,166
GTCACAAATGCCGACAACGA_003,129
GTCACAAATGCCGACAACGA_004,186
GTCACAAATGCCGACAACGA_005,137
GTCACAAATGCCGACAACGA_006,0
GTCACAAATGCCGACAACGA_007,1
GTCACAAATGCCGACAACGA_008,166
GTCACAAATGCCGACAACGA_009,176
GTCACAAATGCCGACAACGA_010,153
GTCACAAATGCCGACAACGA_011,91
GTCACAAATGCCGACAACGA_012,178
ATGGAAATCCAGCTTTAGTA_001,18
ATGGAAATCCAGCTTTAGTA_002,120
ATGGAAATCCAGCTTTAGTA_003,162
ATGGAAATCCAGCTTTAGTA_004,81
ATGGAAATCCAGCTTTAGTA_005,34
ATGGAAATCCAGCTTTAGTA_006,137
ATGGAAATCCAGCTTTAGTA_007,69
TGGAGCGTCTTGTCGCCCGT_001,14
TGGAGCGTCTTGTCGCCCGT_002,134
TGGAGCGTCTTGTCGCCCGT_003,146
TGGAGCGTCTTGTCGCCCGT_004,81
TGGAGCGTCTTGTCGCCCGT_005,58
TGGAGCGTCTTGTCGCCCGT_006,12
TGGAGCGTCTTGTCGCCCGT_007,139
TGGAGCGTCTTGTCGCCCGT_008,178
TGGAGCGTCTTGTCGCCCGT_009,133
TGGAGCGTCTTGTCGCCCGT_010,78
AGAGATCAGAAAGGAAACGT_001,174
AGAGATCAGAAAGGAAACGT_002,62
AGAGATCAGAAAGGAAACGT_003,38
AGAGATCAGAAAGGAAACGT_004,31
AGAGATCAGAAAGGAAACGT_005,72
AGAGATCAGAAAGGAAACGT_006,196
AGAGATCAGAAAGGAAACGT_007,114
AGAGATCAGAAAGGAAACGT_008,76
AGAGATCAGAAAGGAAACGT_009,188
AGAGATCAGAAAGGAAACGT_010,10
AGAGATCAGAAAGGAAACGT_011,89
AGAGATCAGAAAGGAAACGT_012,147
AGAGATCAGAAAGGAAACGT_013,166
TCCGCCGCCCCAGCGATACG_001,197
TCCGCCGCCCCAGCGATACG_002,121
TCCGCCGCCCCAGCGATACG_003,14
TCCGCCGCCCCAGCGATACG_004,24
TCCGCCGCCCCAGCGATACG_005,60
TCCGCCGCCCCAGCGATACG_006,199
TCCGCCGCCCCAGCGATACG_007,124
ATGAATCGATACCTTACCAC_001,47
ATGAATCGATACCTTACCAC_002,47
ATGAATCGATACCTTACCAC_003,118
ATGAATCGATACCTTACCAC_004,124
CTCCATCAGCCACCAAATGG_001,5
CTCCATCAGCCACCAAATGG_002,188
CTCCATCAGCCACCAAATGG_003,17
CTCCATCAGCCACCAAATGG_004,48
CTCCATCAGCCACCAAATGG_005,147
CTCCATCAGCCACCAAATGG_006,58
CTCCATCAGCCACCAAATGG_007,58
CTCCATCAGCCACCAAATGG_008,88
CTCCATCAGCCACCAAATGG_009,40
CTCCATCAGCCACCAAATGG_010,198
CTCCATCAGCCACCAAATGG_011,152
TGAAGGCCTTAAGACGCTCA_001,121
TGAAGGCCTTAAGACGCTCA_002,160
TGAAGGCCTTAAGACGCTCA_003,106
TGAAGGCCTTAAGACGCTCA_004,103
TGAAGGCCTTAAGACGCTCA_005,158
TGAAGGCCTTAAGACGCTCA_006,168
TGAAGGCCTTAAGACGCTCA_007,39
GAAATGAGCTACAGGTCCCT_001,21
GAAATGAGCTACAGGTCCCT_002,10
GAAATGAGCTACAGGTCCCT_003,43
GAAATGAGCTACAGGTCCCT_004,2
GAAATGAGCTACAGGTCCCT_005,12
GAAATGAGCTACAGGTCCCT_006,121
GAAATGAGCTACAGGTCCCT_007,120
GAAATGAGCTACAGGTCCCT_008,144
GAAATGAGCTACAGGTCCCT_009,40
GAAATGAGCTACAGGTCCCT_010,147
GAAATGAGCTACAGGTCCCT_011,188
GAAATGAGCTACAGGTCCCT_012,9
GAAATGAGCTACAGGTCCCT_013,105
GAAATGAGCTACAGGTCCCT_014,48
GAAATGAGCTACAGGTCCCT_015,8
GAAATGAGCTACAGGTCCCT_016,172
GAAATGAGCTACAGGTCCCT_017,120
GAAATGAGCTACAGGTCCCT_018,21
GAAATGAGCTACAGGTCCCT_019,147
GAAATGAGCTACAGGTCCCT_020,10
GAAATGAGCTACAGGTCCCT_021,82
GCTTATGAATGGGAGCCACG_001,160
GCTTATGAATGGGAGCCACG_002,178
GCTTATGAATGGGAGCCACG_003,132
GCTTATGAATGGGAGCCACG_004,5
GCTTATGAATGGGAGCCACG_005,107
GCTTATGAATGGGAGCCACG_006,99
GCTTATGAATGGGAGCCACG_007,88
GCTTATGAATGGGAGCCACG_008,174
GCTTATGAATGGGAGCCACG_009,27
GCTTATGAATGGGAGCCACG_010,118
CCATCCCTAGCGTATCTGTG_001,194
CCATCCCTAGCGTATCTGTG_002,83
CCATCCCTAGCGTATCTGTG_003,156
CCATCCCTAGCGTATCTGTG_004,10
CCATCCCTAGCGTATCTGTG_005,115
CCATCCCTAGCGTATCTGTG_006,35
CCATCCCTAGCGTATCTGTG_007,105
CCATCCCTAGCGTATCTGTG_008,156
AGTTTACGCAAGAACGACAG_001,168
AGTTTACGCAAGAACGACAG_002,172
AGTTTACGCAAGAACGACAG_003,56
AGTTTACGCAAGAACGACAG_004,27
AGTTTACGCAAGAACGACAG_005,76
AGTTTACGCAAGAACGACAG_006,81
AGTTTACGCAAGAACGACAG_007,110
AGTTTACGCAAGAACGACAG_008,77
AGTTTACGCAAGAACGACAG_009,113
AGTTTACGCAAGAACGACAG_010,154
AGTTTACGCAAGAACGACAG_011,158
AGTTTACGCAAGAACGACAG_012,118
AGTTTACGCAAGAACGACAG_013,178
AGTTTACGCAAGAACGACAG_014,36
CATGACAATCTATCACCACA_001,119
CATGACAATCTATCACCACA_002,88
CATGACAATCTATCACCACA_003,177
GAGATCGAGAACGTTCGCAA_001,67
GAGATCGAGAACGTTCGCAA_002,97
GAGATCGAGAACGTTCGCAA_003,84
GAGATCGAGAACGTTCGCAA_004,115
GAGATCGAGAACGTTCGCAA_005,115
GAGATCGAGAACGTTCGCAA_006,119
GAGATCGAGAACGTTCGCAA_007,137
GAGATCGAGAACGTTCGCAA_008,48
GAGATCGAGAACGTTCGCAA_009,175
GAGATCGAGAACGTTCGCAA_010,75
GAGATCGAGAACGTTCGCAA_011,141
GGTGCCAGAAGAGAATAGGG_001,150
GGTGCCAGAAGAGAATAGGG_002,51
GGTGCCAGAAGAGAATAGGG_003,76
GGTGCCAGAAGAGAATAGGG_004,70
GGTGCCAGAAGAGAATAGGG_005,60
GGTGCCAGAAGAGAATAGGG_006,129
GGTGCCAGAAGAGAATAGGG_007,85
GGTGCCAGAAGAGAATAGGG_008,96
GGTGCCAGAAGAGAATAGGG_009,77
GGTGCCAGAAGAGAATAGGG_010,112
GGTGCCAGAAGAGAATAGGG_011,5
GGTGCCAGAAGAGAATAGGG_012,197
GGTGCCAGAAGAGAATAGGG_013,72
GGTGCCAGAAGAGAATAGGG_014,17
GGTGCCAGAAGAGAATAGGG_015,11
GGTGCCAGAAGAGAATAGGG_016,11
GGTGCCAGAAGAGAATAGGG_017,48
GGTGCCAGAAGAGAATAGGG_018,125
GGTGCCAGAAGAGAATAGGG_019,58
GGTGCCAGAAGAGAATAGGG_020,168
GAAGTATAATCTCGCCACGG_001,40
GAAGTATAATCTCGCCACGG_002,57
GAAGTATAATCTCGCCACGG_003,133
GAAGTATAATCTCGCCACGG_004,11
CATGGCTTAACCCAATGGCG_001,76
CATGGCTTAACCCAATGGCG_002,158
CATGGCTTAACCCAATGGCG_003,29
CATGGCTTAACCCAATGGCG_004,9
CATGGCTTAACCCAATGGCG_005,52
CATGGCTTAACCCAATGGCG_006,116
CATGGCTTAACCCAATGGCG_007,127
GTGGCTTCACATCTTCAGGG_001,151
GTGGCTTCACATCTTCAGGG_002,30
GTGGCTTCACATCTTCAGGG_003,148
GTGGCTTCACATCTTCAGGG_004,194
GTGGCTTCACATCTTCAGGG_005,60
GTGGCTTCACATCTTCAGGG_006,46
GTGGCTTCACATCTTCAGGG_007,1
GTGGCTTCACATCTTCAGGG_008,177
GTGAGCAGATCTATCCGACA_001,49
GTGAGCAGATCTATCCGACA_002,27
GTGAGCAGATCTATCCGACA_003,152
GTACGGATTCGAGCGGCCTG_001,19
GTACGGATTCGAGCGGCCTG_002,169
GTACGGATTCGAGCGGCCTG_003,6
GTACGGATTCGAGCGGCCTG_004,29
GTACGGATTCGAGCGGCCTG_005,18
GTACGGATTCGAGCGGCCTG_006,147
GTACGGATTCGAGCGGCCTG_007,27
GTACGGATTCGAGCGGCCTG_008,158
GTACGGATTCGAGCGGCCTG_009,52
GTACGGATTCGAGCGGCCTG_010,49
GTACGGATTCGAGCGGCCTG_011,67
GTACGGATTCGAGCGGCCTG_012,98
GTACGGATTCGAGCGGCCTG_013,39
TTAACACTGAATCCTCCGGA_001,111
TTAACACTGAATCCTCCGGA_002,199
TTAACACTGAATCCTCCGGA_003,40
TTAACACTGAATCCTCCGGA_004,39
ACTTACGCGAGACCAACAGT_001,49
ACTTACGCGAGACCAACAGT_002,78
ACTTACGCGAGACCAACAGT_003,145
ACTTACGCGAGACCAACAGT_004,99
ACTTACGCGAGACCAACAGT_005,198
ACTTACGCGAGACCAACAGT_006,54
ACTTACGCGAGACCAACAGT_007,148
ACTTACGCGAGACCAACAGT_008,148
ACTTACGCGAGACCAACAGT_009,161
ACTTACGCGAGACCAACAGT_010,171
ACTTACGCGAGACCAACAGT_011,56
ACTTACGCGAGACCAACAGT_012,121
ACTTACGCGAGACCAACAGT_013,76
ACTTACGCGAGACCAACAGT_014,144
ACTTACGCGAGACCAACAGT_015,96
ACTTACGCGAGACCAACAGT_016,2
ACTTACGCGAGACCAACAGT_017,187
ACTTACGCGAGACCAACAGT_018,102
ACTTACGCGAGACCAACAGT_019,26
ACTTACGCGAGACCAACAGT_020,63
ACTTACGCGAGACCAACAGT_021,103
ACTTACGCGAGACCAACAGT_022,103
ACTTACGCGAGACCAACAGT_023,88
ACTTACGCGAGACCAACAGT_024,138
ACTTACGCGAGACCAACAGT_025,39
ACTTACGCGAGACCAACAGT_026,40
ACTTACGCGAGACCAACAGT_027,103
CCGGTACCAGAAGTAGCTCA_001,140
CAACAGCATCGCCTTCGTGG_001,166
CAACAGCATCGCCTTCGTGG_002,170
CAACAGCATCGCCTTCGTGG_003,178
CAACAGCATCGCCTTCGTGG_004,191
CAACAGCATCGCCTTCGTGG_005,97
CAACAGCATCGCCTTCGTGG_006,73
CAACAGCATCGCCTTCGTGG_007,54
CAACAGCATCGCCTTCGTGG_008,123
CAACAGCATCGCCTTCGTGG_009,86
CAACAGCATCGCCTTCGTGG_010,199
CAACAGCATCGCCTTCGTGG_011,147
CAACAGCATCGCCTTCGTGG_012,81
CAACAGCATCGCCTTCGTGG_013,9
GAAGATGGAGATATTCATCG_001,82
GAAGATGGAGATATTCATCG_002,93
GAAGATGGAGATATTCATCG_003,98
GAAGATGGAGATATTCATCG_004,175
GAAGATGGAGATATTCATCG_005,166
TGCCGCCTGGACTACTGCGG_001,95
TGCCGCCTGGACTACTGCGG_002,68
TGCCGCCTGGACTACTGCGG_003,127
TGCCGCCTGGACTACTGCGG_004,127
TGCCGCCTGGACTACTGCGG_005,157
TGCCGCCTGGACTACTGCGG_006,64
TGCCGCCTGGACTACTGCGG_007,60
TGCCGCCTGGACTACTGCGG_008,121
TGCCGCCTGGACTACTGCGG_009,181
TGCCGCCTGGACTACTGCGG_010,172
TGCCGCCTGGACTACTGCGG_011,159
TGCCGCCTGGACTACTGCGG_012,174
TGCCGCCTGGACTACTGCGG_013,58
TGCCGCCTGGACTACTGCGG_014,38
TGCCGCCTGGACTACTGCGG_015,105
TGCCGCCTGGACTACTGCGG_016,77
TGCCGCCTGGACTACTGCGG_017,38
TGCCGCCTGGACTACTGCGG_018,28
TGCCGCCTGGACTACTGCGG_019,77
AGACGCGCTCGAACTCGGGT_001,2
AGACGCGCTCGAACTCGGGT_002,104
CACGACGGCAAGAACCAGCC_001,161
CACGACGGCAAGAACCAGCC_002,113
CACGACGGCAAGAACCAGCC_003,105
CACGACGGCAAGAACCAGCC_004,159
CACGACGGCAAGAACCAGCC_005,19
CACGACGGCAAGAACCAGCC_006,175
CACGACGGCAAGAACCAGCC_007,78
CACGACGGCAAGAACCAGCC_008,19
CACGACGGCAAGAACCAGCC_009,8
CACGACGGCAAGAACCAGCC_010,52
CACGACGGCAAGAACCAGCC_011,161
CACGACGGCAAGAACCAGCC_012,188
CACGACGGCAAGAACCAGCC_013,150
GCAAAGTAACACCCATACAA_001,23
GCAAAGTAACACCCATACAA_002,151
GCAAAGTAACACCCATACAA_003,91
GCAAAGTAACACCCATACAA_004,144
GCAAAGTAACACCCATACAA_005,147
GCAAAGTAACACCCATACAA_006,37
GCAAAGTAACACCCATACAA_007,156
TCTAATACATCGGTATGGCG_001,105
TCTAATACATCGGTATGGCG_002,160
TCTAATACATCGGTATGGCG_003,38
TCTAATACATCGGTATGGCG_004,85
TCTTTAAGCCTCCACCGGAG_001,112
TCTTTAAGCCTCCACCGGAG_002,147
TCTTTAAGCCTCCACCGGAG_003,104
TTACCCAGGCTGTGGGTCTG_001,56
TTACCCAGGCTGTGGGTCTG_002,154
TTACCCAGGCTGTGGGTCTG_003,138
TTACCCAGGCTGTGGGTCTG_004,175
TTACCCAGGCTGTGGGTCTG_005,76
TTACCCAGGCTGTGGGTCTG_006,148
TTACCCAGGCTGTGGGTCTG_007,194
TTACCCAGGCTGTGGGTCTG_008,111
TTACCCAGGCTGTGGGTCTG_009,186
TTACCCAGGCTGTGGGTCTG_010,60
TTACCCAGGCTGTGGGTCTG_011,108
TTACCCAGGCTGTGGGTCTG_012,32
TTACCCAGGCTGTGGGTCTG_013,188
TTACCCAGGCTGTGGGTCTG_014,144
CCAGGTTAATATCTACAACC_001,146
GTTGTTATAGAATCCCTCCA_001,138
GTTGTTATAGAATCCCTCCA_002,147
TCAGACCTAACTCAACATCA_001,78
TCAGACCTAACTCAACATCA_002,184
TCAGACCTAACTCAACATCA_003,34
TCAGACCTAACTCAACATCA_004,52
TCAGACCTAACTCAACATCA_005,98
TCAGACCTAACTCAACATCA_006,82
TCAGACCTAACTCAACATCA_007,17
TCAGACCTAACTCAACATCA_008,30
TCAGACCTAACTCAACATCA_009,95
TCAGACCTAACTCAACATCA_010,174
TCAGACCTAACTCAACATCA_011,29
TCAGACCTAACTCAACATCA_012,102
GCTGGAAAATGACCGTAGCA_001,77
GCTGGAAAATGACCGTAGCA_002,30
GCTGGAAAATGACCGTAGCA_003,120
AAATCACAAACTAGATGCAA_001,81
AAATCACAAACTAGATGCAA_002,102
GTTCGTGGTGAGCTACGCCA_001,1
GTTCGTGGTGAGCTACGCCA_002,60
GTTCGTGGTGAGCTACGCCA_003,120
GTTCGTGGTGAGCTACGCCA_004,114
GTTCGTGGTGAGCTACGCCA_005,163
GTTCGTGGTGAGCTACGCCA_006,169
GTTCGTGGTGAGCTACGCCA_007,19
GTTCGTGGTGAGCTACGCCA_008,197
GTTCGTGGTGAGCTACGCCA_009,82
GTTCGTGGTGAGCTACGCCA_010,92
GTTCGTGGTGAGCTACGCCA_011,73
GTTCGTGGTGAGCTACGCCA_012,8
GTTCGTGGTGAGCTACGCCA_013,186
GTTCGTGGTGAGCTACGCCA_014,60
GTTCGTGGTGAGCTACGCCA_015,45
GTTCGTGGTGAGCTACGCCA_016,198
GTTCGTGGTGAGCTACGCCA_017,94
GTTCGTGGTGAGCTACGCCA_018,138
GTTCGTGGTGAGCTACGCCA_019,65
GTTCGTGGTGAGCTACGCCA_020,55
GTTCGTGGTGAGCTACGCCA_021,43
GTTCGTGGTGAGCTACGCCA_022,117
TACCTACTAGTAGTCCACTC_001,40
TACCTACTAGTAGTCCACTC_002,8
TACCTACTAGTAGTCCACTC_003,108
TACCTACTAGTAGTCCACTC_004,97
TACCTACTAGTAGTCCACTC_005,114
TCTTTACTCCAAACACCACA_001,5
TCTTTACTCCAAACACCACA_002,76
TCTTTACTCCAAACACCACA_003,137
TCTTTACTCCAAACACCACA_004,77
TCTTTACTCCAAACACCACA_005,96
TCTTTACTCCAAACACCACA_006,40
CATCCCTGCCAAAACTCGGG_001,21
CATCCCTGCCAAAACTCGGG_002,96
CATCCCTGCCAAAACTCGGG_003,142
CATCCCTGCCAAAACTCGGG_004,69
CATCCCTGCCAAAACTCGGG_005,112
CATCCCTGCCAAAACTCGGG_006,150
CATCCCTGCCAAAACTCGGG_007,17
CATCCCTGCCAAAACTCGGG_008,126
CATCCCTGCCAAAACTCGGG_009,42
CATCCCTGCCAAAACTCGGG_010,166
CATCCCTGCCAAAACTCGGG_011,134
CATCCCTGCCAAAACTCGGG_012,113
CATCCCTGCCAAAACTCGGG_013,178
CATCCCTGCCAAAACTCGGG_014,36
CATCCCTGCCAAAACTCGGG_015,61
CATCCCTGCCAAAACTCGGG_016,171
CATCCCTGCCAAAACTCGGG_017,74
CATCCCTGCCAAAACTCGGG_018,13
CATCCCTGCCAAAACTCGGG_019,87
CATCCCTGCCAAAACTCGGG_020,176
CATCCCTGCCAAAACTCGGG_021,60
CATCCCTGCCAAAACTCGGG_022,171
CATCCCTGCCAAAACTCGGG_023,55
CATCCCTGCCAAAACTCGGG_024,19
CATCCCTGCCAAAACTCGGG_025,175
CATCCCTGCCAAAACTCGGG_026,174
CATCCCTGCCAAAACTCGGG_027,104
CATCCCTGCCAAAACTCGGG_028,189
CATCCCTGCCAAAACTCGGG_029,59
CATCCCTGCCAAAACTCGGG_030,4
CATCCCTGCCAAAACTCGGG_031,61
CATCCCTGCCAAAACTCGGG_032,101
CATCCCTGCCAAAACTCGGG_033,69
AGAAACTCTACTTCAATCAT_001,3
AGAAACTCTACTTCAATCAT_002,9
AGAAACTCTACTTCAATCAT_003,152
AGCATACAAGTGCCACACGT_001,9
AGCATACAAGTGCCACACGT_002,135
AGCATACAAGTGCCACACGT_003,51
AGCATACAAGTGCCACACGT_004,64
AGCATACAAGTGCCACACGT_005,15
AGCATACAAGTGCCACACGT_006,72
CAAAGAAGCTAAAATCAGTG_001,198
CAAAGAAGCTAAAATCAGTG_002,35
CAAAGAAGCTAAAATCAGTG_003,160
CAAAGAAGCTAAAATCAGTG_004,17
CAAAGAAGCTAAAATCAGTG_005,41
CAAAGAAGCTAAAATCAGTG_006,181
CAAAGAAGCTAAAATCAGTG_007,81
CAAAGAAGCTAAAATCAGTG_008,17
CAAAGAAGCTAAAATCAGTG_009,48
CAAAGAAGCTAAAATCAGTG_010,81
CAAAGAAGCTAAAATCAGTG_011,2
CAGGCCACTTAATCGACCAA_001,159
CAGGCCACTTAATCGACCAA_002,76
CAGGCCACTTAATCGACCAA_003,42
CAGGCCACTTAATCGACCAA_004,81
CAGGCCACTTAATCGACCAA_005,86
CAGGCCACTTAATCGACCAA_006,1
CAGGCCACTTAATCGACCAA_007,152
CAGGCCACTTAATCGACCAA_008,159
CAGGCCACTTAATCGACCAA_009,50
CAGGCCACTTAATCGACCAA_010,160
CAGGCCACTTAATCGACCAA_011,110
CAGGCCACTTAATCGACCAA_012,99
CAGGCCACTTAATCGACCAA_013,13
CAGGCCACTTAATCGACCAA_014,57
CAGGCCACTTAATCGACCAA_015,63
CAGGCCACTTAATCGACCAA_016,175
CTGCAGTATCAACTCGAGGG_001,93
CTGCAGTATCAACTCGAGGG_002,183
CTGCAGTATCAACTCGAGGG_003,144
CTGCAGTATCAACTCGAGGG_004,122
CTGCAGTATCAACTCGAGGG_005,13
CTGCAGTATCAACTCGAGGG_006,199
CTGCAGTATCAACTCGAGGG_007,152
GAAGTTGTGGGTACTACACC_001,56
GAAGTTGTGGGTACTACACC_002,29
GCCACAGAACCCATAGCCAG_001,146
GCCACAGAACCCATAGCCAG_002,133
GCCACAGAACCCATAGCCAG_003,5
GCCACAGAACCCATAGCCAG_004,2
GCCACAGAACCCATAGCCAG_005,20
GCCACAGAACCCATAGCCAG_006,30
GCCACAGAACCCATAGCCAG_007,23
GCCACAGAACCCATAGCCAG_008,142
GCCACAGAACCCATAGCCAG_009,101
GCCACAGAACCCATAGCCAG_010,9
GCCACAGAACCCATAGCCAG_011,102
GCCACAGAACCCATAGCCAG_012,148
GCCACAGAACCCATAGCCAG_013,160
GCCACAGAACCCATAGCCAG_014,63
GCCACAGAACCCATAGCCAG_015,77
GCCACAGAACCCATAGCCAG_016,16
GCCACAGAACCCATAGCCAG_017,194
GGGGACTCGCCTCTCATACG_001,182
GGGGACTCGCCTCTCATACG_002,81
GGGGACTCGCCTCTCATACG_003,48
GGGGACTCGCCTCTCATACG_004,80
TGACCACATGCTCGCCATGG_001,65
TGACCACATGCTCGCCATGG_002,86
AGGATGCGGAGGATCCGAGG_001,57
AGGATGCGGAGGATCCGAGG_002,21
AGGATGCGGAGGATCCGAGG_003,4
AGGATGCGGAGGATCCGAGG_004,15
AGAACTTACCGATTCATGGC_001,137
AGAACTTACCGATTCATGGC_002,61
GCATGATGAGAGGACTCAAG_001,193
GCATGATGAGAGGACTCAAG_002,80
GCATGATGAGAGGACTCAAG_003,42
GCATGATGAGAGGACTCAAG_004,40
GCATGATGAGAGGACTCAAG_005,132
GCATGATGAGAGGACTCAAG_006,80
GCATGATGAGAGGACTCAAG_007,190
GCATGATGAGAGGACTCAAG_008,160
GCATGATGAGAGGACTCAAG_009,10
GCATGATGAGAGGACTCAAG_010,67
GCATGATGAGAGGACTCAAG_011,180
GCATGATGAGAGGACTCAAG_012,83
GCATGATGAGAGGACTCAAG_013,13
GCATGATGAGAGGACTCAAG_014,81
GCATGATGAGAGGACTCAAG_015,23
GCATGATGAGAGGACTCAAG_016,166
GCATGATGAGAGGACTCAAG_017,174
GCATGATGAGAGGACTCAAG_018,53
GCATGATGAGAGGACTCAAG_019,189
GCATGATGAGAGGACTCAAG_020,137
GCATGATGAGAGGACTCAAG_021,75
ATATACAAGCTGTCGCACTG_001,103
ATATACAAGCTGTCGCACTG_002,145
ATATACAAGCTGTCGCACTG_003,76
ATATACAAGCTGTCGCACTG_004,14
ATATACAAGCTGTCGCACTG_005,195
ATATACAAGCTGTCGCACTG_006,126
ATATACAAGCTGTCGCACTG_007,8
ATATACAAGCTGTCGCACTG_008,56
ATATACAAGCTGTCGCACTG_009,172
ATATACAAGCTGTCGCACTG_010,179
ATATACAAGCTGTCGCACTG_011,181
ATATACAAGCTGTCGCACTG_012,168
ATATACAAGCTGTCGCACTG_013,113
TGATCAGTGACTTCTGCGAG_001,59
TGATCAGTGACTTCTGCGAG_002,150
TGATCAGTGACTTCTGCGAG_003,184
TGATCAGTGACTTCTGCGAG_004,61
TGATCAGTGACTTCTGCGAG_005,156
TGATCAGTGACTTCTGCGAG_006,14
TGATCAGTGACTTCTGCGAG_007,188
TGATCAGTGACTTCTGCGAG_008,72
TGATCAGTGACTTCTGCGAG_009,188
TGATCAGTGACTTCTGCGAG_010,117
TGATCAGTGACTTCTGCGAG_011,28
TGATCAGTGACTTCTGCGAG_012,102
TGATCAGTGACTTCTGCGAG_013,90
ACACCAAGAGAAACCGACTG_001,115
ACACCAAGAGAAACCGACTG_002,61
ACACCAAGAGAAACCGACTG_003,57
ACACCAAGAGAAACCGACTG_004,98
ACACCAAGAGAAACCGACTG_005,170
CAAACGGACTGAGTGCTCCG_001,96
CAAACGGACTGAGTGCTCCG_002,82
CAAACGGACTGAGTGCTCCG_003,116
CAAACGGACTGAGTGCTCCG_004,43
CAAACGGACTGAGTGCTCCG_005,29
CAAACGGACTGAGTGCTCCG_006,15
CAAACGGACTGAGTGCTCCG_007,17
CAAACGGACTGAGTGCTCCG_008,15
CAAACGGACTGAGTGCTCCG_009,160
CAAACGGACTGAGTGCTCCG_010,2
CAAACGGACTGAGTGCTCCG_011,8
CAAACGGACTGAGTGCTCCG_012,20
CAAACGGACTGAGTGCTCCG_013,75
CAAACGGACTGAGTGCTCCG_014,106
CAAACGGACTGAGTGCTCCG_015,52
CAAACGGACTGAGTGCTCCG_016,168
CAAACGGACTGAGTGCTCCG_017,50
CAAACGGACTGAGTGCTCCG_018,188
CAAACGGACTGAGTGCTCCG_019,130
CAAACGGACTGAGTGCTCCG_020,121
CAAACGGACTGAGTGCTCCG_021,63
CAAACGGACTGAGTGCTCCG_022,127
CAAACGGACTGAGTGCTCCG_023,70
CAAACGGACTGAGTGCTCCG_024,174
CAAACGGACTGAGTGCTCCG_025,153
CAAACGGACTGAGTGCTCCG_026,162
CAAACGGACTGAGTGCTCCG_027,122
TGACCCGCGAGTTCATGTTG_001,181
TGACCCGCGAGTTCATGTTG_002,83
TGACCCGCGAGTTCATGTTG_003,3
CCGGACACTCCCGTCCCACG_001,36
CCGGACACTCCCGTCCCACG_002,63
CCGGACACTCCCGTCCCACG_003,60
CCGGACACTCCCGTCCCACG_004,94
CCGGACACTCCCGTCCCACG_005,172
CCGGACACTCCCGTCCCACG_006,140
CCGGACACTCCCGTCCCACG_007,181
CCGGACACTCCCGTCCCACG_008,59
CCGGACACTCCCGTCCCACG_009,94
CCGGACACTCCCGTCCCACG_010,75
CCGGACACTCCCGTCCCACG_011,175
CCGGACACTCCCGTCCCACG_012,168
CCGGACACTCCCGTCCCACG_013,189
TAAAATGTGTGCCTTGGCTG_001,0
TAAAATGTGTGCCTTGGCTG_002,130
TAAAATGTGTGCCTTGGCTG_003,31
TAAAATGTGTGCCTTGGCTG_004,85
GTTGTCGAAGAAACGGTCGA_001,141
GTTGTCGAAGAAACGGTCGA_002,182
GTTGTCGAAGAAACGGTCGA_003,60
GTTGTCGAAGAAACGGTCGA_004,76
GTTGTCGAAGAAACGGTCGA_005,177
GTTGTCGAAGAAACGGTCGA_006,4
GTTGTCGAAGAAACGGTCGA_007,48
GTTGTCGAAGAAACGGTCGA_008,106
GTTGTCGAAGAAACGGTCGA_009,77
GTTGTCGAAGAAACGGTCGA_010,172
GTTGTCGAAGAAACGGTCGA_011,29
GTTGTCGAAGAAACGGTCGA_012,123
GTTGTCGAAGAAACGGTCGA_013,36
GTTGTCGAAGAAACGGTCGA_014,141
GTTGTCGAAGAAACGGTCGA_015,28
GTTGTCGAAGAAACGGTCGA_016,124
GTTGTCGAAGAAACGGTCGA_017,175
GTTGTCGAAGAAACGGTCGA_018,19
CTATGGCCAAGGTCTTGTTG_001,63
CTATGGCCAAGGTCTTGTTG_002,81
CTATGGCCAAGGTCTTGTTG_003,150
CTATGGCCAAGGTCTTGTTG_004,36
CTATGGCCAAGGTCTTGTTG_005,199
CTATGGCCAAGGTCTTGTTG_006,40
CTATGGCCAAGGTCTTGTTG_007,48
CTATGGCCAAGGTCTTGTTG_008,35
CTATGGCCAAGGTCTTGTTG_009,81
CCCAAAAAAGAATGAGACAG_001,152
CCCAAAAAAGAATGAGACAG_002,127
CCCAAAAAAGAATGAGACAG_003,13
CCCAAAAAAGAATGAGACAG_004,19
CCCAAAAAAGAATGAGACAG_005,88
CCCAAAAAAGAATGAGACAG_006,178
CCCAAAAAAGAATGAGACAG_007,119
CCCAAAAAAGAATGAGACAG_008,32
CCCAAAAAAGAATGAGACAG_009,130
CCCAAAAAAGAATGAGACAG_010,118
CCCAAAAAAGAATGAGACAG_011,184
CCCAAAAAAGAATGAGACAG_012,90
CCCAAAAAAGAATGAGACAG_013,29
CCCAAAAAAGAATGAGACAG_014,46
CCCAAAAAAGAATGAGACAG_015,9
CCCAAAAAAGAATGAGACAG_016,125
CCCAAAAAAGAATGAGACAG_017,6
CCCAAAAAAGAATGAGACAG_018,11
TCCTCCGACTCCGACTCCCG_001,158
TCCTCCGACTCCGACTCCCG_002,137
TCCTCCGACTCCGACTCCCG_003,141
TCCTCCGACTCCGACTCCCG_004,103
TCCTCCGACTCCGACTCCCG_005,148
TCCTCCGACTCCGACTCCCG_006,75
TCCTCCGACTCCGACTCCCG_007,46
TCCTCCGACTCCGACTCCCG_008,183
TCCTCCGACTCCGACTCCCG_009,7
TCCTCCGACTCCGACTCCCG_010,158
TCCTCCGACTCCGACTCCCG_011,134
TCCTCCGACTCCGACTCCCG_012,22
TCCTCCGACTCCGACTCCCG_013,127
TCCTCCGACTCCGACTCCCG_014,127
TCCTCCGACTCCGACTCCCG_015,63
TCCTCCGACTCCGACTCCCG_016,70
TCCTCCGACTCCGACTCCCG_017,65
TCCTCCGACTCCGACTCCCG_018,2
TCCTCCGACTCCGACTCCCG_019,115
TCCTCCGACTCCGACTCCCG_020,149
TCCTCCGACTCCGACTCCCG_021,98
TCCTCCGACTCCGACTCCCG_022,43
TCCTCCGACTCCGACTCCCG_023,166
TCCTCCGACTCCGACTCCCG_024,13
CCACATTCTTCACATCTGAA_001,50
TAATAATGAATAATCCAGAC_001,45
TAATAATGAATAATCCAGAC_002,134
TAATAATGAATAATCCAGAC_003,147
TAATAATGAATAATCCAGAC_004,101
TTGACATAGAAGAGGCACAA_001,4
TTGACATAGAAGAGGCACAA_002,64
TTGACATAGAAGAGGCACAA_003,103
TTGACATAGAAGAGGCACAA_004,187
TTGACATAGAAGAGGCACAA_005,64
TCTTCTAATCCGAGGCGCTG_001,148
TCTTCTAATCCGAGGCGCTG_002,79
TCTTCTAATCCGAGGCGCTG_003,144
TCTTCTAATCCGAGGCGCTG_004,116
TCTTCTAATCCGAGGCGCTG_005,145
TCTTCTAATCCGAGGCGCTG_006,152
TCTTCTAATCCGAGGCGCTG_007,132
TCTTCTAATCCGAGGCGCTG_008,68
TCTTCTAATCCGAGGCGCTG_009,115
TCTTCTAATCCGAGGCGCTG_010,47
TCTTCTAATCCGAGGCGCTG_011,77
TCTTCTAATCCGAGGCGCTG_012,15
TCTTCTAATCCGAGGCGCTG_013,173
TCTTCTAATCCGAGGCGCTG_014,173
TCTTCTAATCCGAGGCGCTG_015,173
TCTTCTAATCCGAGGCGCTG_016,161
TCTTCTAATCCGAGGCGCTG_017,89
TCTTCTAATCCGAGGCGCTG_018,157
TCTTCTAATCCGAGGCGCTG_019,12
TCTTCTAATCCGAGGCGCTG_020,86
TCTTCTAATCCGAGGCGCTG_021,41
TCTTCTAATCCGAGGCGCTG_022,84
TCTTCGCAATTGGATAGAAG_001,96
TCTTCGCAATTGGATAGAAG_002,164
TCTTCGCAATTGGATAGAAG_003,185
TCTTCGCAATTGGATAGAAG_004,41
AGCCGGATGCAAGTGGATGG_001,94
AGCCGGATGCAAGTGGATGG_002,144
AGCCGGATGCAAGTGGATGG_003,67
AGCCGGATGCAAGTGGATGG_004,175
AGCCGGATGCAAGTGGATGG_005,42
AGCCGGATGCAAGTGGATGG_006,166
AGCCGGATGCAAGTGGATGG_007,161
AGCCGGATGCAAGTGGATGG_008,148
AGCCGGATGCAAGTGGATGG_009,178
AGGACGACGAGCAGAAGACA_001,48
AGGACGACGAGCAGAAGACA_002,157
AGGACGACGAGCAGAAGACA_003,169
AGGACGACGAGCAGAAGACA_004,175
AGGACGACGAGCAGAAGACA_005,177
AGGACGACGAGCAGAAGACA_006,188
AGGACGACGAGCAGAAGACA_007,144
AGGACGACGAGCAGAAGACA_008,44
AGGACGACGAGCAGAAGACA_009,180
AGGACGACGAGCAGAAGACA_010,175
AGGACGACGAGCAGAAGACA_011,148
AGGACGACGAGCAGAAGACA_012,83
AGGACGACGAGCAGAAGACA_013,105
AGGACGACGAGCAGAAGACA_014,9
AGGACGACGAGCAGAAGACA_015,2
AGGACGACGAGCAGAAGACA_016,35
AGCCGGAAAGCACCCCCAGA_001,61
AGCCGGAAAGCACCCCCAGA_002,113
AGCCGGAAAGCACCCCCAGA_003,76
AGCCGGAAAGCACCCCCAGA_004,57
AGCCGGAAAGCACCCCCAGA_005,10
AGCCGGAAAGCACCCCCAGA_006,17
AGCCGGAAAGCACCCCCAGA_007,101
AGCCGGAAAGCACCCCCAGA_008,108
AGCCGGAAAGCACCCCCAGA_009,145
AGCCGGAAAGCACCCCCAGA_010,49
AGCCGGAAAGCACCCCCAGA_011,17
AGCCGGAAAGCACCCCCAGA_012,33
AGACCTCTCACATGCCCTGG_001,49
AGACCTCTCACATGCCCTGG_002,175
AGACCTCTCACATGCCCTGG_003,68
AGACCTCTCACATGCCCTGG_004,78
AGACCTCTCACATGCCCTGG_005,76
AGACCTCTCACATGCCCTGG_006,141
AGACCTCTCACATGCCCTGG_007,115
AGACCTCTCACATGCCCTGG_008,12
AGACCTCTCACATGCCCTGG_009,199
AGACCTCTCACATGCCCTGG_010,110
AGACCTCTCACATGCCCTGG_011,22
AGACCTCTCACATGCCCTGG_012,137
AGACCTCTCACATGCCCTGG_013,94
AGACCTCTCACATGCCCTGG_014,197
AGACCTCTCACATGCCCTGG_015,97
AGACCTCTCACATGCCCTGG_016,47
AGACCTCTCACATGCCCTGG_017,116
AGACCTCTCACATGCCCTGG_018,144
AGACCTCTCACATGCCCTGG_019,115
AGACCTCTCACATGCCCTGG_020,41
AGACCTCTCACATGCCCTGG_021,129
AGACCTCTCACATGCCCTGG_022,1
AGACCTCTCACATGCCCTGG_023,17
AGACCTCTCACATGCCCTGG_024,197
AGACCTCTCACATGCCCTGG_025,95
AGACCTCTCACATGCCCTGG_026,145
AGACCTCTCACATGCCCTGG_027,22
AGACCTCTCACATGCCCTGG_028,138
AGACCTCTCACATGCCCTGG_029,198
AGACCTCTCACATGCCCTGG_030,170
AGACCTCTCACATGCCCTGG_031,2
AGACCTCTCACATGCCCTGG_032,35
AGACCTCTCACATGCCCTGG_033,115
AGACCTCTCACATGCCCTGG_034,7
CATGCGGAACTGGTCGCGGT_001,41
CATGCGGAACTGGTCGCGGT_002,199
CATGCGGAACTGGTCGCGGT_003,12
CATGCGGAACTGGTCGCGGT_004,116
CATGCGGAACTGGTCGCGGT_005,18
AAGCTGTCGAAGCTTTGCAG_001,47
AAGCTGTCGAAGCTTTGCAG_002,188
AAGCTGTCGAAGCTTTGCAG_003,56
AAGCTGTCGAAGCTTTGCAG_004,115
AAGCTGTCGAAGCTTTGCAG_005,199
AAGCTGTCGAAGCTTTGCAG_006,140
AAGCTGTCGAAGCTTTGCAG_007,145
AAGCTGTCGAAGCTTTGCAG_008,28
AAGCTGTCGAAGCTTTGCAG_009,17
AAGCTGTCGAAGCTTTGCAG_010,116
AAGCTGTCGAAGCTTTGCAG_011,190
AAGCTGTCGAAGCTTTGCAG_012,22
AAGCTGTCGAAGCTTTGCAG_013,52
AAGCTGTCGAAGCTTTGCAG_014,103
AAGCTGTCGAAGCTTTGCAG_015,105
AAGCTGTCGAAGCTTTGCAG_016,101
AAGCTGTCGAAGCTTTGCAG_017,57
AAGCTGTCGAAGCTTTGCAG_018,129
AAGCTGTCGAAGCTTTGCAG_019,198
AAGCTGTCGAAGCTTTGCAG_020,15
AAGCTGTCGAAGCTTTGCAG_021,165
AAGCTGTCGAAGCTTTGCAG_022,123
AAGCTGTCGAAGCTTTGCAG_023,6
AAGCTGTCGAAGCTTTGCAG_024,15
AAGCTGTCGAAGCTTTGCAG_025,129
CCCTCACCTGGCAAACAGGA_001,48
CCCTCACCTGGCAAACAGGA_002,119
CCCTCACCTGGCAAACAGGA_003,116
CCCTCACCTGGCAAACAGGA_004,38
CCCTCACCTGGCAAACAGGA_005,57
CCCTCACCTGGCAAACAGGA_006,170
CCCTCACCTGGCAAACAGGA_007,172
CCCTCACCTGGCAAACAGGA_008,130
CCCTCACCTGGCAAACAGGA_009,149
CCCTCACCTGGCAAACAGGA_010,180
CCCTCACCTGGCAAACAGGA_011,88
CCCTCACCTGGCAAACAGGA_012,41
CCCTCACCTGGCAAACAGGA_013,48
CCCTCACCTGGCAAACAGGA_014,97
CCCTCACCTGGCAAACAGGA_015,141
CCCTCACCTGGCAAACAGGA_016,105
CCCTCACCTGGCAAACAGGA_017,40
CCCTCACCTGGCAAACAGGA_018,140
CCCTCACCTGGCAAACAGGA_019,113
CCCTCACCTGGCAAACAGGA_020,188
CCCTCACCTGGCAAACAGGA_021,62
CCCTCACCTGGCAAACAGGA_022,59
CCCTCACCTGGCAAACAGGA_023,168
CCCTCACCTGGCAAACAGGA_024,150
CCCTCACCTGGCAAACAGGA_025,95
CCGCAGCATCCTGTACACCT_001,151
CCGCAGCATCCTGTACACCT_002,78
CCGCAGCATCCTGTACACCT_003,149
CCGCAGCATCCTGTACACCT_004,84
CCGCAGCATCCTGTACACCT_005,120
CCGCAGCATCCTGTACACCT_006,129
CCGCAGCATCCTGTACACCT_007,3
CCGCAGCATCCTGTACACCT_008,138
CCGCAGCATCCTGTACACCT_009,10
CCGCAGCATCCTGTACACCT_010,114
CCGCAGCATCCTGTACACCT_011,114
CCGCAGCATCCTGTACACCT_012,188
CCGCAGCATCCTGTACACCT_013,69
CCGCAGCATCCTGTACACCT_014,147
GACGGCGGAGACTGGCTGAG_001,15
GACGGCGGAGACTGGCTGAG_002,176
GACGGCGGAGACTGGCTGAG_003,40
GACGGCGGAGACTGGCTGAG_004,198
GACGGCGGAGACTGGCTGAG_005,112
GACGGCGGAGACTGGCTGAG_006,91
GACGGCGGAGACTGGCTGAG_007,155
GACGGCGGAGACTGGCTGAG_008,50
GACGGCGGAGACTGGCTGAG_009,5
GACGGCGGAGACTGGCTGAG_010,69
GACGGCGGAGACTGGCTGAG_011,40
GACGGCGGAGACTGGCTGAG_012,55
GACGGCGGAGACTGGCTGAG_013,162
GACGGCGGAGACTGGCTGAG_014,12
GACGGCGGAGACTGGCTGAG_015,157
GACGGCGGAGACTGGCTGAG_016,63
GACGGCGGAGACTGGCTGAG_017,126
GACGGCGGAGACTGGCTGAG_018,43
GACGGCGGAGACTGGCTGAG_019,144
GACGGCGGAGACTGGCTGAG_020,198
GACGGCGGAGACTGGCTGAG_021,162
GACGGCGGAGACTGGCTGAG_022,21
GACGGCGGAGACTGGCTGAG_023,15
GACGGCGGAGACTGGCTGAG_024,196
GACGGCGGAGACTGGCTGAG_025,66
GACGGCGGAGACTGGCTGAG_026,198
GACGGCGGAGACTGGCTGAG_027,167
GACGGCGGAGACTGGCTGAG_028,48
GACGGCGGAGACTGGCTGAG_029,136
GACGGCGGAGACTGGCTGAG_030,127
GACGGCGGAGACTGGCTGAG_031,78
GCGTCCGCCGACATCGTCGT_001,20
GCGTCCGCCGACATCGTCGT_002,9
GCGTCCGCCGACATCGTCGT_003,63
AATTAGTACACATACCTTTG_001,12
CCAGCATGGTCACTATGATG_001,102
CCAGCATGGTCACTATGATG_002,50
CCAGCATGGTCACTATGATG_003,134
CCAGCATGGTCACTATGATG_004,37
CCAGCATGGTCACTATGATG_005,41
CCAGCATGGTCACTATGATG_006,170
TCAGAAACATACTGACCTGG_001,17
TGCCCGAATTCCGAAAAGGT_001,43
TGCCCGAATTCCGAAAAGGT_002,75
TGCCCGAATTCCGAAAAGGT_003,29
TGCCCGAATTCCGAAAAGGT_004,34
TGCCCGAATTCCGAAAAGGT_005,104
CAACTCTGAATGGACTATGA_001,78
CAACTCTGAATGGACTATGA_002,116
CAACTCTGAATGGACTATGA_003,168
CAACTCTGAATGGACTATGA_004,130
CAACTCTGAATGGACTATGA_005,191
TGTGTTTCTTTCATGCAGCG_001,19
TGTGTTTCTTTCATGCAGCG_002,158
TGTGTTTCTTTCATGCAGCG_003,62
TGTGTTTCTTTCATGCAGCG_004,94
TGTGTTTCTTTCATGCAGCG_005,36
ACCTCAACAAAGTTGCATGT_001,139
ACCTCAACAAAGTTGCATGT_002,26
ACCTCAACAAAGTTGCATGT_003,58
ACCTCAACAAAGTTGCATGT_004,43
ACCTCAACAAAGTTGCATGT_005,146
ACCTCAACAAAGTTGCATGT_006,84
ACCTCAACAAAGTTGCATGT_007,1
GCACAGGCGGATGAGAACGT_001,171
GCACAGGCGGATGAGAACGT_002,169
GCACAGGCGGATGAGAACGT_003,74
GCACAGGCGGATGAGAACGT_004,177
GCACAGGCGGATGAGAACGT_005,41
GCACAGGCGGATGAGAACGT_006,28
CCCAGAGCTTCCTCGATCCG_001,115
CCCAGAGCTTCCTCGATCCG_002,157
CCCAGAGCTTCCTCGATCCG_003,58
CCCAGAGCTTCCTCGATCCG_004,62
CCCAGAGCTTCCTCGATCCG_005,142
CCCAGAGCTTCCTCGATCCG_006,0
CCCAGAGCTTCCTCGATCCG_007,60
CCCAGAGCTTCCTCGATCCG_008,34
CCCAGAGCTTCCTCGATCCG_009,130
CACGAGATAGGCAATACGAA_001,57
CACGAGATAGGCAATACGAA_002,98
GTGACGTAGCCGAAGACGAG_001,17
GTGACGTAGCCGAAGACGAG_002,177
GTGACGTAGCCGAAGACGAG_003,56
GTGACGTAGCCGAAGACGAG_004,24
GTGACGTAGCCGAAGACGAG_005,158
GTGACGTAGCCGAAGACGAG_006,161
GTGACGTAGCCGAAGACGAG_007,191
GTGACGTAGCCGAAGACGAG_008,1
GTGACGTAGCCGAAGACGAG_009,98
GTGACGTAGCCGAAGACGAG_010,147
TGGGTCATAAATCCTAGTGG_001,43
TGGGTCATAAATCCTAGTGG_002,132
GGAGTTCCGCTCCGGCAAGG_001,80
GGAGTTCCGCTCCGGCAAGG_002,40
GGAGTTCCGCTCCGGCAAGG_003,62
GGAGTTCCGCTCCGGCAAGG_004,84
GGAGTTCCGCTCCGGCAAGG_005,25
GGAGTTCCGCTCCGGCAAGG_006,192
GGAGTTCCGCTCCGGCAAGG_007,185
GGAGTTCCGCTCCGGCAAGG_008,166
GGAGTTCCGCTCCGGCAAGG_009,103
GGAGTTCCGCTCCGGCAAGG_010,25
GGAGTTCCGCTCCGGCAAGG_011,149
GGAGTTCCGCTCCGGCAAGG_012,109
AGCCTGGGGAGATCCGATGG_001,198
AGCCTGGGGAGATCCGATGG_002,150
AGCCTGGGGAGATCCGATGG_003,9
GTGCACTGACCTGTACTGCA_001,77
GTGCACTGACCTGTACTGCA_002,62
GTGCACTGACCTGTACTGCA_003,83
GTGCACTGACCTGTACTGCA_004,4
GTGCACTGACCTGTACTGCA_005,104
GTGCACTGACCTGTACTGCA_006,166
GTGCACTGACCTGTACTGCA_007,46
GTGCACTGACCTGTACTGCA_008,17
GTGCACTGACCTGTACTGCA_009,14
GTGCACTGACCTGTACTGCA_010,158
GTGCACTGACCTGTACTGCA_011,133
GTGCACTGACCTGTACTGCA_012,157
GTGCACTGACCTGTACTGCA_013,43
GTGCACTGACCTGTACTGCA_014,150
GTGCACTGACCTGTACTGCA_015,100
GTGCACTGACCTGTACTGCA_016,179
GTGCACTGACCTGTACTGCA_017,138
GTGCACTGACCTGTACTGCA_018,29
GTGCACTGACCTGTACTGCA_019,104
GTGCACTGACCTGTACTGCA_020,4
GTGCACTGACCTGTACTGCA_021,146
GTTATACCACAAATGCAGCC_001,108
GTTATACCACAAATGCAGCC_002,197
GTTATACCACAAATGCAGCC_003,36
GTTATACCACAAATGCAGCC_004,48
GTTATACCACAAATGCAGCC_005,150
GTTATACCACAAATGCAGCC_006,115
GTTATACCACAAATGCAGCC_007,188
AAAGAGAATTGAGTGCTATG_001,134
AAAGAGAATTGAGTGCTATG_002,68
AAAGAGAATTGAGTGCTATG_003,144
AAAGAGAATTGAGTGCTATG_004,27
AAAGAGAATTGAGTGCTATG_005,68
AAAGAGAATTGAGTGCTATG_006,49
AAAGAGAATTGAGTGCTATG_007,59
AAAGAGAATTGAGTGCTATG_008,68
AAAGAGAATTGAGTGCTATG_009,4
AAAGAGAATTGAGTGCTATG_010,9
AAAGAGAATTGAGTGCTATG_011,153
AAAGAGAATTGAGTGCTATG_012,127
AAAGAGAATTGAGTGCTATG_013,19
CACGAACTCTCTGCGCTAGG_001,100
CACGAACTCTCTGCGCTAGG_002,163
TCTTGAGTCAGACACCCTAT_001,127
TCTTGAGTCAGACACCCTAT_002,143
TCTTGAGTCAGACACCCTAT_003,119
TCTTGAGTCAGACACCCTAT_004,138
TCTTGAGTCAGACACCCTAT_005,74
TTAGATTCTACGGGAAAATG_001,185
ACAACTTCAGGGATTACTTA_001,23
ACAACTTCAGGGATTACTTA_002,54
ACAACTTCAGGGATTACTTA_003,146
GAGCCACACCTTGCCCACGA_001,93
GAGCCACACCTTGCCCACGA_002,41
GAGCCACACCTTGCCCACGA_003,126
GAGCCACACCTTGCCCACGA_004,183
GAGCCACACCTTGCCCACGA_005,187
GAGCCACACCTTGCCCACGA_006,124
CTCAGAGAATCAGTCCCCGA_001,154
CTCAGAGAATCAGTCCCCGA_002,132
CTCAGAGAATCAGTCCCCGA_003,2
CTCAGAGAATCAGTCCCCGA_004,127
CTCAGAGAATCAGTCCCCGA_005,60
CTCAGAGAATCAGTCCCCGA_006,127
CTCAGAGAATCAGTCCCCGA_007,5
CTCAGAGAATCAGTCCCCGA_008,164
CTCAGAGAATCAGTCCCCGA_009,1
TCAATGTCTCCGAAGCAGAT_001,77
TCAATGTCTCCGAAGCAGAT_002,181
TCAATGTCTCCGAAGCAGAT_003,57
TCAATGTCTCCGAAGCAGAT_004,107
TCAATGTCTCCGAAGCAGAT_005,97
TCAATGTCTCCGAAGCAGAT_006,62
TCAATGTCTCCGAAGCAGAT_007,199
TCAATGTCTCCGAAGCAGAT_008,175
TCAATGTCTCCGAAGCAGAT_009,37
TCAATGTCTCCGAAGCAGAT_010,65
TCAATGTCTCCGAAGCAGAT_011,115
TCAATGTCTCCGAAGCAGAT_012,81
TCAATGTCTCCGAAGCAGAT_013,169
TCAATGTCTCCGAAGCAGAT_014,142
TCAATGTCTCCGAAGCAGAT_015,98
TCAATGTCTCCGAAGCAGAT_016,147
AGCCATCCGGTCCAAATTCG_001,59
AGCCATCCGGTCCAAATTCG_002,133
AGCCATCCGGTCCAAATTCG_003,54
AGCCATCCGGTCCAAATTCG_004,144
AGCCATCCGGTCCAAATTCG_005,127
AGCCATCCGGTCCAAATTCG_006,35
AGCCATCCGGTCCAAATTCG_007,76
AGCCATCCGGTCCAAATTCG_008,107
AGCCATCCGGTCCAAATTCG_009,188
AGCCATCCGGTCCAAATTCG_010,77
AGCCATCCGGTCCAAATTCG_011,6
AGCCATCCGGTCCAAATTCG_012,36
AGCCATCCGGTCCAAATTCG_013,183
TCTGCGACAAGGCCTACACC_001,137
TCTGCGACAAGGCCTACACC_002,116
TCTGCGACAAGGCCTACACC_003,117
TCTGCGACAAGGCCTACACC_004,185
TCTGCGACAAGGCCTACACC_005,67
TCTGCGACAAGGCCTACACC_006,155
CCAACAGCGAGTACGAGTCG_001,16
CCAACAGCGAGTACGAGTCG_002,19
CGTGTCCCTCAAGAACATTG_001,19
CGTGTCCCTCAAGAACATTG_002,77
CGTGTCCCTCAAGAACATTG_003,107
CGTGTCCCTCAAGAACATTG_004,54
CGTGTCCCTCAAGAACATTG_005,61
CGTGTCCCTCAAGAACATTG_006,50
CGTGTCCCTCAAGAACATTG_007,160
CGTGTCCCTCAAGAACATTG_008,49
CGTGTCCCTCAAGAACATTG_009,75
CGTGTCCCTCAAGAACATTG_010,1
CGTGTCCCTCAAGAACATTG_011,48
CGTGTCCCTCAAGAACATTG_012,20
CGTGTCCCTCAAGAACATTG_013,81
CGTGTCCCTCAAGAACATTG_014,91
CGTGTCCCTCAAGAACATTG_015,25
CGTGTCCCTCAAGAACATTG_016,21
CGTGTCCCTCAAGAACATTG_017,70
CGTGTCCCTCAAGAACATTG_018,94
CGTGTCCCTCAAGAACATTG_019,8
CGTGTCCCTCAAGAACATTG_020,13
CGTGTCCCTCAAGAACATTG_021,67
CGTGTCCCTCAAGAACATTG_022,130
CGTGTCCCTCAAGAACATTG_023,27
CGTGTCCCTCAAGAACATTG_024,188
CGTGTCCCTCAAGAACATTG_025,180
TGTCCGGAGTCAATTTACTG_001,152
TGTCCGGAGTCAATTTACTG_002,171
TGTCCGGAGTCAATTTACTG_003,160
TGTCCGGAGTCAATTTACTG_004,174
TGTCCGGAGTCAATTTACTG_005,61
TGTCCGGAGTCAATTTACTG_006,48
TGTCCGGAGTCAATTTACTG_007,185
TGTCCGGAGTCAATTTACTG_008,150
TGTCCGGAGTCAATTTACTG_009,60
TGTCCGGAGTCAATTTACTG_010,148
AAATATGACTCAAGTGTGAG_001,40
AAATATGACTCAAGTGTGAG_002,137
AAATATGACTCAAGTGTGAG_003,103
AAATATGACTCAAGTGTGAG_004,29
AAATATGACTCAAGTGTGAG_005,78
AAATATGACTCAAGTGTGAG_006,66
CACAGACTGGTCCCCCAAGG_001,127
CACAGACTGGTCCCCCAAGG_002,105
CACAGACTGGTCCCCCAAGG_003,144
CACAGACTGGTCCCCCAAGG_004,160
CACAGACTGGTCCCCCAAGG_005,157
CACAGACTGGTCCCCCAAGG_006,124
CACAGACTGGTCCCCCAAGG_007,121
AGATAATGGCATTCACCACG_001,150
AGATAATGGCATTCACCACG_002,77
AGATAATGGCATTCACCACG_003,152
AGATAATGGCATTCACCACG_004,88
TTTCTCTAAATAGCTTCGGA_001,8
TTTCTCTAAATAGCTTCGGA_002,105
TTTCTCTAAATAGCTTCGGA_003,50
TTTCTCTAAATAGCTTCGGA_004,82
TTTCTCTAAATAGCTTCGGA_005,28
TTTCTCTAAATAGCTTCGGA_006,12
TTTCTCTAAATAGCTTCGGA_007,42
TTTCTCTAAATAGCTTCGGA_008,118
AGTGCAATGGACATGCCTCA_001,169
AGTGCAATGGACATGCCTCA_002,51
AGTGCAATGGACATGCCTCA_003,132
AGTGCAATGGACATGCCTCA_004,57
AGTGCAATGGACATGCCTCA_005,1
AGTGCAATGGACATGCCTCA_006,182
AGTGCAATGGACATGCCTCA_007,130
AGTGCAATGGACATGCCTCA_008,1
AGTGCAATGGACATGCCTCA_009,159
AGTGCAATGGACATGCCTCA_010,62
AGTGCAATGGACATGCCTCA_011,144
AGTGCAATGGACATGCCTCA_012,44
AGTGCAATGGACATGCCTCA_013,163
AGTGCAATGGACATGCCTCA_014,122
AGTGCAATGGACATGCCTCA_015,136
AGCCCGCCAGGGTCCCACAG_001,148
AGCCCGCCAGGGTCCCACAG_002,31
AGCCCGCCAGGGTCCCACAG_003,147
AGCCCGCCAGGGTCCCACAG_004,81
AGCCCGCCAGGGTCCCACAG_005,65
AGCCCGCCAGGGTCCCACAG_006,100
AGCCCGCCAGGGTCCCACAG_007,137
AGCCCGCCAGGGTCCCACAG_008,144
AGCCCGCCAGGGTCCCACAG_009,121
AGCCCGCCAGGGTCCCACAG_010,180
AGCCCGCCAGGGTCCCACAG_011,168
AGCCCGCCAGGGTCCCACAG_012,16
AGCCCGCCAGGGTCCCACAG_013,159
AGCCCGCCAGGGTCCCACAG_014,46
AGCCCGCCAGGGTCCCACAG_015,146
AGCCCGCCAGGGTCCCACAG_016,9
AGCCCGCCAGGGTCCCACAG_017,43
AGCCCGCCAGGGTCCCACAG_018,84
AGCCCGCCAGGGTCCCACAG_019,48
AGCCCGCCAGGGTCCCACAG_020,130
AGCCCGCCAGGGTCCCACAG_021,34
AGCCCGCCAGGGTCCCACAG_022,34
AGCCCGCCAGGGTCCCACAG_023,150
AGCCCGCCAGGGTCCCACAG_024,134
AGCCCGCCAGGGTCCCACAG_025,76
AGCCCGCCAGGGTCCCACAG_026,169
AGCCCGCCAGGGTCCCACAG_027,159
AGCCCGCCAGGGTCCCACAG_028,92
AGCCCGCCAGGGTCCCACAG_029,146
AGCCCGCCAGGGTCCCACAG_030,188
AGCCCGCCAGGGTCCCACAG_031,15
GTTACCTTGATAGCATAGGG_001,144
GTTACCTTGATAGCATAGGG_002,168
GAACCTGATGAAAGACTGTG_001,6
GAACCTGATGAAAGACTGTG_002,11
GAACCTGATGAAAGACTGTG_003,50
GAACCTGATGAAAGACTGTG_004,17
GAACCTGATGAAAGACTGTG_005,161
GAACCTGATGAAAGACTGTG_006,115
GAACCTGATGAAAGACTGTG_007,83
GAACCTGATGAAAGACTGTG_008,182
GAACCTGATGAAAGACTGTG_009,28
GAACCTGATGAAAGACTGTG_010,188
GCTGTCTGCGACAAAACATG_001,127
GCTGTCTGCGACAAAACATG_002,37
GCTGTCTGCGACAAAACATG_003,113
GCTGTCTGCGACAAAACATG_004,162
GCTGTCTGCGACAAAACATG_005,155
GCTGTCTGCGACAAAACATG_006,184
GCTGTCTGCGACAAAACATG_007,168
GCTGTCTGCGACAAAACATG_008,19
GCTGTCTGCGACAAAACATG_009,190
GCTGTCTGCGACAAAACATG_010,41
GCTGTCTGCGACAAAACATG_011,56
GCTGTCTGCGACAAAACATG_012,168
ACGTGCATGTCAACGTTGGT_001,166
ACGTGCATGTCAACGTTGGT_002,115
ACGTGCATGTCAACGTTGGT_003,49
ACGTGCATGTCAACGTTGGT_004,147
ACCTGCCAGGCTAACCTGCA_001,105
ACCTGCCAGGCTAACCTGCA_002,70
ACCTGCCAGGCTAACCTGCA_003,29
ACCTGCCAGGCTAACCTGCA_004,178
ACCTGCCAGGCTAACCTGCA_005,130
ACCTGCCAGGCTAACCTGCA_006,127
ACCTGCCAGGCTAACCTGCA_007,140
ACCTGCCAGGCTAACCTGCA_008,69
ACCTGCCAGGCTAACCTGCA_009,149
ACCTGCCAGGCTAACCTGCA_010,103
ACCTGCCAGGCTAACCTGCA_011,162
ACCTGCCAGGCTAACCTGCA_012,153
ACCTGCCAGGCTAACCTGCA_013,5
ACCTGCCAGGCTAACCTGCA_014,154
ACCTGCCAGGCTAACCTGCA_015,76
ACCTGCCAGGCTAACCTGCA_016,33
ACCTGCCAGGCTAACCTGCA_017,67
ACCTGCCAGGCTAACCTGCA_018,123
ACCTGCCAGGCTAACCTGCA_019,197
ACCTGCCAGGCTAACCTGCA_020,52
ACCTGCCAGGCTAACCTGCA_021,137
ACCTGCCAGGCTAACCTGCA_022,77
ACCTGCCAGGCTAACCTGCA_023,187
ACGGGACCCAGACAATACGA_001,198
ACGGGACCCAGACAATACGA_002,181
ACGGGACCCAGACAATACGA_003,44
ACGGGACCCAGACAATACGA_004,107
ACGGGACCCAGACAATACGA_005,15
ACGGGACCCAGACAATACGA_006,199
ACGGGACCCAGACAATACGA_007,94
CATGCAGCATGGCTGACATG_001,130
CATGCAGCATGGCTGACATG_002,107
CATGCAGCATGGCTGACATG_003,23
AGTACCAAAGATAAAGAGAG_001,11
AGTACCAAAGATAAAGAGAG_002,110
AGTACCAAAGATAAAGAGAG_003,160
AGTACCAAAGATAAAGAGAG_004,96
AGTACCAAAGATAAAGAGAG_005,49
AGTACCAAAGATAAAGAGAG_006,31
AGTACCAAAGATAAAGAGAG_007,132
AGTACCAAAGATAAAGAGAG_008,149
AGTACCAAAGATAAAGAGAG_009,168
AGTACCAAAGATAAAGAGAG_010,153
ACACTGTGTGGCCCAATCTG_001,29
ACACTGTGTGGCCCAATCTG_002,19
ACACTGTGTGGCCCAATCTG_003,40
ACACTGTGTGGCCCAATCTG_004,188
ACACTGTGTGGCCCAATCTG_005,94
ACACTGTGTGGCCCAATCTG_006,41
ACACTGTGTGGCCCAATCTG_007,88
ACACTGTGTGGCCCAATCTG_008,185
CTCTCCCAGTCATCCCAATG_001,29
CTCTCCCAGTCATCCCAATG_002,147
CTCTCCCAGTCATCCCAATG_003,2
CTCTCCCAGTCATCCCAATG_004,9
CTCTCCCAGTCATCCCAATG_005,113
CTCTCCCAGTCATCCCAATG_006,86
CTCTCCCAGTCATCCCAATG_007,106
AGATTATTGATCTATAAACA_001,51
AGATTATTGATCTATAAACA_002,32
AGATTATTGATCTATAAACA_003,1
CACACCACAGACAGCTACCG_001,157
CACACCACAGACAGCTACCG_002,15
CACACCACAGACAGCTACCG_003,26
CACACCACAGACAGCTACCG_004,176
CACACCACAGACAGCTACCG_005,82
CACACCACAGACAGCTACCG_006,96
CACACCACAGACAGCTACCG_007,60
CACACCACAGACAGCTACCG_008,15
CACACCACAGACAGCTACCG_009,1
CACACCACAGACAGCTACCG_010,65
CACACCACAGACAGCTACCG_011,197
CACACCACAGACAGCTACCG_012,52
CACACCACAGACAGCTACCG_013,102
CACACCACAGACAGCTACCG_014,127
CACACCACAGACAGCTACCG_015,0
CACACCACAGACAGCTACCG_016,27
TCTGTGCGTGGACCCCACCA_001,61
TCTGTGCGTGGACCCCACCA_002,147
TCTGTGCGTGGACCCCACCA_003,100
TCTGTGCGTGGACCCCACCA_004,42
TCTGTGCGTGGACCCCACCA_005,12
TCTGTGCGTGGACCCCACCA_006,114
TCTGTGCGTGGACCCCACCA_007,137
TCTGTGCGTGGACCCCACCA_008,3
TCTGTGCGTGGACCCCACCA_009,2
TCTGTGCGTGGACCCCACCA_010,45
TGATTGATGACTCCCATCAG_001,163
TGATTGATGACTCCCATCAG_002,170
TGATTGATGACTCCCATCAG_003,170
TGATTGATGACTCCCATCAG_004,44
TGATTGATGACTCCCATCAG_005,194
ATGGACATCCCGGTACTTTG_001,45
ATGGACATCCCGGTACTTTG_002,123
TTTAAATATGCCTCTAACAA_001,108
ATAAACGTGCAGGACTCCAT_001,69
ATAAACGTGCAGGACTCCAT_002,37
ATAAACGTGCAGGACTCCAT_003,14
ATAAACGTGCAGGACTCCAT_004,26
ATAAACGTGCAGGACTCCAT_005,166
ATAAACGTGCAGGACTCCAT_006,36
ATAAACGTGCAGGACTCCAT_007,110
ATAAACGTGCAGGACTCCAT_008,22
ATAAACGTGCAGGACTCCAT_009,1
ATAAACGTGCAGGACTCCAT_010,40
ATAAACGTGCAGGACTCCAT_011,144
ATCCTCGCAACAGAAGTAGC_001,28
ATCCTCGCAACAGAAGTAGC_002,147
ATCCTCGCAACAGAAGTAGC_003,19
ATCCTCGCAACAGAAGTAGC_004,115
ATCCTCGCAACAGAAGTAGC_005,2
ATCCTCGCAACAGAAGTAGC_006,58
ATCCTCGCAACAGAAGTAGC_007,169
ATCCTCGCAACAGAAGTAGC_008,10
ATCCTCGCAACAGAAGTAGC_009,8
ATCCTCGCAACAGAAGTAGC_010,72
ATCCTCGCAACAGAAGTAGC_011,33
ATCCTCGCAACAGAAGTAGC_012,126
ATCCTCGCAACAGAAGTAGC_013,144
ATCCTCGCAACAGAAGTAGC_014,115
ATCCTCGCAACAGAAGTAGC_015,37
ATCCTCGCAACAGAAGTAGC_016,4
ATCCTCGCAACAGAAGTAGC_017,76
ATCCTCGCAACAGAAGTAGC_018,168
ATCCTCGCAACAGAAGTAGC_019,138
ATCCTCGCAACAGAAGTAGC_020,34
ATCCTCGCAACAGAAGTAGC_021,34
ATCCTCGCAACAGAAGTAGC_022,19
ATCCTCGCAACAGAAGTAGC_023,63
ATCCTCGCAACAGAAGTAGC_024,170
GTGGCCACACAGGCTGATGA_001,137
GTGGCCACACAGGCTGATGA_002,85
GTGGCCACACAGGCTGATGA_003,25
GTGGCCACACAGGCTGATGA_004,111
GTGGCCACACAGGCTGATGA_005,15
GTGGCCACACAGGCTGATGA_006,158
GTGGCCACACAGGCTGATGA_007,173
GTGGCCACACAGGCTGATGA_008,11
AAGTGCTGACCCAATCATCT_001,194
AAGTGCTGACCCAATCATCT_002,60
AAGTGCTGACCCAATCATCT_003,170
AAGTGCTGACCCAATCATCT_004,150
AAGTGCTGACCCAATCATCT_005,150
AAGTGCTGACCCAATCATCT_006,81
AAGTGCTGACCCAATCATCT_007,174
AAGTGCTGACCCAATCATCT_008,102
CGGCGGCACCCCGAGCAGTG_001,190
CGGCGGCACCCCGAGCAGTG_002,125
CGGCGGCACCCCGAGCAGTG_003,178
CGGCGGCACCCCGAGCAGTG_004,105
CGGCGGCACCCCGAGCAGTG_005,92
CGGCGGCACCCCGAGCAGTG_006,199
CGGCGGCACCCCGAGCAGTG_007,177
CGGCGGCACCCCGAGCAGTG_008,114
CGGCGGCACCCCGAGCAGTG_009,22
CGGCGGCACCCCGAGCAGTG_010,199
CAGGCCCTCAAAGACCGAGT_001,133
CAGGCCCTCAAAGACCGAGT_002,130
CAGGCCCTCAAAGACCGAGT_003,150
CAGGCCCTCAAAGACCGAGT_004,150
CAGGCCCTCAAAGACCGAGT_005,175
CAGGCCCTCAAAGACCGAGT_006,0
CAGGCCCTCAAAGACCGAGT_007,46
CTGGTATATGGACGACGCCC_001,171
CTGGTATATGGACGACGCCC_002,78
GTAGGGTACAGCGTCAGCTT_001,127
GTAGGGTACAGCGTCAGCTT_002,150
GTAGGGTACAGCGTCAGCTT_003,73
GTAGGGTACAGCGTCAGCTT_004,48
GTAGGGTACAGCGTCAGCTT_005,108
GTAGGGTACAGCGTCAGCTT_006,195
GTAGGGTACAGCGTCAGCTT_007,75
GTAGGGTACAGCGTCAGCTT_008,33
GTAGGGTACAGCGTCAGCTT_009,55
GTAGGGTACAGCGTCAGCTT_010,160
GTAGGGTACAGCGTCAGCTT_011,119
GTAGGGTACAGCGTCAGCTT_012,80
GTAGGGTACAGCGTCAGCTT_013,161
GTAGGGTACAGCGTCAGCTT_014,6
GTAGGGTACAGCGTCAGCTT_015,34
GTAGGGTACAGCGTCAGCTT_016,138
GTAGGGTACAGCGTCAGCTT_017,94
GTAGGGTACAGCGTCAGCTT_018,77
GTAGGGTACAGCGTCAGCTT_019,0
CCGGCTCCCACTGTCTCATG_001,145
CCGGCTCCCACTGTCTCATG_002,168
CCGGCTCCCACTGTCTCATG_003,69
CCGGCTCCCACTGTCTCATG_004,28
CCGGCTCCCACTGTCTCATG_005,142
AGTGGGCAAAGGCTTCCCAT_001,104
AGTGGGCAAAGGCTTCCCAT_002,114
AGTGGGCAAAGGCTTCCCAT_003,5
AGTGGGCAAAGGCTTCCCAT_004,145
AGTGGGCAAAGGCTTCCCAT_005,22
AGTGGGCAAAGGCTTCCCAT_006,159
AGTGGGCAAAGGCTTCCCAT_007,86
AGTGGGCAAAGGCTTCCCAT_008,48
AGTGGGCAAAGGCTTCCCAT_009,179
AGTGGGCAAAGGCTTCCCAT_010,199
AGTGGGCAAAGGCTTCCCAT_011,60
AGTGGGCAAAGGCTTCCCAT_012,5
AGTGGGCAAAGGCTTCCCAT_013,62
AGTGGGCAAAGGCTTCCCAT_014,103
AGTGGGCAAAGGCTTCCCAT_015,193
AGTGGGCAAAGGCTTCCCAT_016,144
AGTGGGCAAAGGCTTCCCAT_017,188
AGTGGGCAAAGGCTTCCCAT_018,168
AGTGGGCAAAGGCTTCCCAT_019,151
AGTGGGCAAAGGCTTCCCAT_020,130
ATAGCCAGAGAGTTACAGAT_001,102
ATAGCCAGAGAGTTACAGAT_002,21
ATAGCCAGAGAGTTACAGAT_003,105
ATAGCCAGAGAGTTACAGAT_004,117
ATAGCCAGAGAGTTACAGAT_005,63
ATAGCCAGAGAGTTACAGAT_006,99
ATAGCCAGAGAGTTACAGAT_007,43
GTCCCTGGTGTGGAAAACTG_001,176
GTCCCTGGTGTGGAAAACTG_002,70
GTCCCTGGTGTGGAAAACTG_003,168
GTCCCTGGTGTGGAAAACTG_004,70
GTCCCTGGTGTGGAAAACTG_005,145
GTCCCTGGTGTGGAAAACTG_006,92
GTCCCTGGTGTGGAAAACTG_007,43
GTCCCTGGTGTGGAAAACTG_008,107
GTCCCTGGTGTGGAAAACTG_009,105
GTCCCTGGTGTGGAAAACTG_010,183
GTCCCTGGTGTGGAAAACTG_011,176
GTCCCTGGTGTGGAAAACTG_012,12
GTCCCTGGTGTGGAAAACTG_013,77
GTCCCTGGTGTGGAAAACTG_014,141
GTCCCTGGTGTGGAAAACTG_015,3
GTCCCTGGTGTGGAAAACTG_016,104
GTCCCTGGTGTGGAAAACTG_017,81
GTCCCTGGTGTGGAAAACTG_018,168
GTCCCTGGTGTGGAAAACTG_019,172
AGTGCAGGGCCACATAGCTG_001,47
AGTGCAGGGCCACATAGCTG_002,12
AGTGCAGGGCCACATAGCTG_003,168
AGTGCAGGGCCACATAGCTG_004,144
AGTGCAGGGCCACATAGCTG_005,6
AGTGCAGGGCCACATAGCTG_006,199
AGTGCAGGGCCACATAGCTG_007,169
AGTGCAGGGCCACATAGCTG_008,15
AGTGCAGGGCCACATAGCTG_009,177
AGTGCAGGGCCACATAGCTG_010,91
AGTGCAGGGCCACATAGCTG_011,34
AGTGCAGGGCCACATAGCTG_012,81
AGTGCAGGGCCACATAGCTG_013,34
AGTGCAGGGCCACATAGCTG_014,104
AGTGCAGGGCCACATAGCTG_015,133
AGTGCAGGGCCACATAGCTG_016,56
AGTGCAGGGCCACATAGCTG_017,175
AGTGCAGGGCCACATAGCTG_018,1
AGTGCAGGGCCACATAGCTG_019,70
AGTGCAGGGCCACATAGCTG_020,99
GCACAAACAGTCCAGCATGA_001,132
GCACAAACAGTCCAGCATGA_002,117
GCACAAACAGTCCAGCATGA_003,192
GCACAAACAGTCCAGCATGA_004,160
GCACAAACAGTCCAGCATGA_005,105
GCACAAACAGTCCAGCATGA_006,191
GCACAAACAGTCCAGCATGA_007,112
GCACAAACAGTCCAGCATGA_008,131
GCACAAACAGTCCAGCATGA_009,169
GAGACAGTGCTTCCTGTACA_001,168
GAGACAGTGCTTCCTGTACA_002,196
GAGACAGTGCTTCCTGTACA_003,190
GAGACAGTGCTTCCTGTACA_004,181
GAGACAGTGCTTCCTGTACA_005,60
GAGACAGTGCTTCCTGTACA_006,28
GAGACAGTGCTTCCTGTACA_007,54
GAGACAGTGCTTCCTGTACA_008,169
GAGACAGTGCTTCCTGTACA_009,99
GAGACAGTGCTTCCTGTACA_010,81
GAGACAGTGCTTCCTGTACA_011,167
GAGACAGTGCTTCCTGTACA_012,9
TCTGATGATAAATGACTGCG_001,134
TCTGATGATAAATGACTGCG_002,192
TCTGATGATAAATGACTGCG_003,49
TCTGATGATAAATGACTGCG_004,158
TCTGATGATAAATGACTGCG_005,108
TGATGAAAGTAATTTGGTGG_001,98
TGATGAAAGTAATTTGGTGG_002,168
TGCCAAGGTACACGACTATG_001,149
TGCCAAGGTACACGACTATG_002,181
TGCCAAGGTACACGACTATG_003,155
TGCCAAGGTACACGACTATG_004,25
TGCCAAGGTACACGACTATG_005,101
TGCCAAGGTACACGACTATG_006,3
TGCCAAGGTACACGACTATG_007,45
TGCCAAGGTACACGACTATG_008,191
TGCCAAGGTACACGACTATG_009,161
TGCCAAGGTACACGACTATG_010,6
TGCCAAGGTACACGACTATG_011,68
TGCCAAGGTACACGACTATG_012,105
TGCCAAGGTACACGACTATG_013,160
TGCCAAGGTACACGACTATG_014,18
ACTGGGCAATCAGATTCTGT_001,159
ACTGGGCAATCAGATTCTGT_002,159
ACTGGGCAATCAGATTCTGT_003,94
ACTGGGCAATCAGATTCTGT_004,115
ACTGGGCAATCAGATTCTGT_005,85
ACTGGGCAATCAGATTCTGT_006,126
ACTGGGCAATCAGATTCTGT_007,184
ACTGGGCAATCAGATTCTGT_008,178
CCTTAAATGAGATCTCGGCC_001,17
CCTTAAATGAGATCTCGGCC_002,191
CCTTAAATGAGATCTCGGCC_003,2
CCTTAAATGAGATCTCGGCC_004,184
CCTTAAATGAGATCTCGGCC_005,46
CATCCTAGGGGAAGGAACAA_001,131
CATCCTAGGGGAAGGAACAA_002,113
CATCCTAGGGGAAGGAACAA_003,94
GTGACAATGCCATAGTTGGG_001,173
GTGACAATGCCATAGTTGGG_002,34
GTGACAATGCCATAGTTGGG_003,60
GTGACAATGCCATAGTTGGG_004,19
TACAGGAATCTAGTTGCACT_001,116
TACAGGAATCTAGTTGCACT_002,60
TACAGGAATCTAGTTGCACT_003,87
TACAGGAATCTAGTTGCACT_004,191
TACAGGAATCTAGTTGCACT_005,46
TACAGGAATCTAGTTGCACT_006,176
TACAGGAATCTAGTTGCACT_007,166
TACAGGAATCTAGTTGCACT_008,26
TACAGGAATCTAGTTGCACT_009,156
TACAGGAATCTAGTTGCACT_010,83
TACAGGAATCTAGTTGCACT_011,41
TCATGGATGGAAATCACAGG_001,1
TCATGGATGGAAATCACAGG_002,184
TCATGGATGGAAATCACAGG_003,121
TCATGGATGGAAATCACAGG_004,15
ACGATGGACATTCGTCCAGA_001,154
ACGATGGACATTCGTCCAGA_002,173
ACGATGGACATTCGTCCAGA_003,114
ACGATGGACATTCGTCCAGA_004,114
ACGATGGACATTCGTCCAGA_005,24
ACGATGGACATTCGTCCAGA_006,160
AGAGATAGTCCCTCACCTTG_001,119
AGAGATAGTCCCTCACCTTG_002,78
AGAGATAGTCCCTCACCTTG_003,82
AGAGATAGTCCCTCACCTTG_004,105
CCTCCTGGAAAAGTCACGAG_001,89
CCTCCTGGAAAAGTCACGAG_002,77
CCTCCTGGAAAAGTCACGAG_003,127
CCTCCTGGAAAAGTCACGAG_004,146
CCTCCTGGAAAAGTCACGAG_005,148
CCTCCTGGAAAAGTCACGAG_006,191
CCTCCTGGAAAAGTCACGAG_007,40
CCTCCTGGAAAAGTCACGAG_008,21
CCTCCTGGAAAAGTCACGAG_009,22
CCTCCTGGAAAAGTCACGAG_010,142
CCTCCTGGAAAAGTCACGAG_011,166
CCTCCTGGAAAAGTCACGAG_012,148
CCTCCTGGAAAAGTCACGAG_013,199
CCTCCTGGAAAAGTCACGAG_014,172
CCTCCTGGAAAAGTCACGAG_015,12
CCTCCTGGAAAAGTCACGAG_016,12
CCTCCTGGAAAAGTCACGAG_017,172
CCTCCTGGAAAAGTCACGAG_018,94
CCTCCTGGAAAAGTCACGAG_019,151
CCTCCTGGAAAAGTCACGAG_020,52
CCTCCTGGAAAAGTCACGAG_021,53
CCTCCTGGAAAAGTCACGAG_022,27
CCTCCTGGAAAAGTCACGAG_023,137
CCTCCTGGAAAAGTCACGAG_024,58
CCTCCTGGAAAAGTCACGAG_025,191
CCTCCTGGAAAAGTCACGAG_026,53
GTTCTTCCACAAATCTTGCA_001,97
GTTCTTCCACAAATCTTGCA_002,6
GTTCTTCCACAAATCTTGCA_003,135
GAAGAACATCTGTTACACCT_001,188
GAAGAACATCTGTTACACCT_002,178
GAAGAACATCTGTTACACCT_003,179
GAAGAACATCTGTTACACCT_004,179
GAAGAACATCTGTTACACCT_005,158
GAAGAACATCTGTTACACCT_006,61
GAAGAACATCTGTTACACCT_007,9
GGTTGCACCACAAATCGAGG_001,177
GGTTGCACCACAAATCGAGG_002,179
GGTTGCACCACAAATCGAGG_003,81
GGTTGCACCACAAATCGAGG_004,77
GGTTGCACCACAAATCGAGG_005,11
GGTTGCACCACAAATCGAGG_006,169
GGTTGCACCACAAATCGAGG_007,75
GGTTGCACCACAAATCGAGG_008,82
GGTTGCACCACAAATCGAGG_009,68
GGTTGCACCACAAATCGAGG_010,105
GGTTGCACCACAAATCGAGG_011,56
GGTTGCACCACAAATCGAGG_012,138
GGTTGCACCACAAATCGAGG_013,188
GGTTGCACCACAAATCGAGG_014,67
GGTTGCACCACAAATCGAGG_015,194
GGTTGCACCACAAATCGAGG_016,96
GGTTGCACCACAAATCGAGG_017,56
TTACTTACAAGAATAGACCG_001,152
TTACTTACAAGAATAGACCG_002,183
TTACTTACAAGAATAGACCG_003,163
TTACTTACAAGAATAGACCG_004,78
TTTCCCAGTCTTCGTAACCC_001,52
ACAGGGTATTATAAGGAACA_001,19
ACAGGGTATTATAAGGAACA_002,184
ACAGGGTATTATAAGGAACA_003,82
ACAGGGTATTATAAGGAACA_004,38
ATAAAAGATGAAATATGCTA_001,108
ATAAAAGATGAAATATGCTA_002,111
ATAAAAGATGAAATATGCTA_003,178
ATAAAAGATGAAATATGCTA_004,62
ATAAAAGATGAAATATGCTA_005,112
ATAAAAGATGAAATATGCTA_006,68
ATAAAAGATGAAATATGCTA_007,192
ATAAAAGATGAAATATGCTA_008,81
ATAAAAGATGAAATATGCTA_009,56
AACAGGTCCAGCACCGACCG_001,70
AACAGGTCCAGCACCGACCG_002,154
AACAGGTCCAGCACCGACCG_003,49
AACAGGTCCAGCACCGACCG_004,83
AACAGGTCCAGCACCGACCG_005,2
AACAGGTCCAGCACCGACCG_006,169
AACAGGTCCAGCACCGACCG_007,58
AACAGGTCCAGCACCGACCG_008,69
AACAGGTCCAGCACCGACCG_009,91
AACAGGTCCAGCACCGACCG_010,13
CAGACTATCCAGATCTTGTG_001,8
GGGCTATGCACCCCTGCGCG_001,40
GGGCTATGCACCCCTGCGCG_002,116
GGGCTATGCACCCCTGCGCG_003,182
GGGCTATGCACCCCTGCGCG_004,154
GGGCTATGCACCCCTGCGCG_005,39
GGGCTATGCACCCCTGCGCG_006,199
GGGCTATGCACCCCTGCGCG_007,147
GGGCTATGCACCCCTGCGCG_008,87
GGGCTATGCACCCCTGCGCG_009,45
GGGCTATGCACCCCTGCGCG_010,185
GGGCTATGCACCCCTGCGCG_011,191
GGGCTATGCACCCCTGCGCG_012,14
GGGCTATGCACCCCTGCGCG_013,129
GGGCTATGCACCCCTGCGCG_014,63
GGGCTATGCACCCCTGCGCG_015,175
GGGCTATGCACCCCTGCGCG_016,40
GGGCTATGCACCCCTGCGCG_017,128
GGGCTATGCACCCCTGCGCG_018,142
GGGCTATGCACCCCTGCGCG_019,144
GGGCTATGCACCCCTGCGCG_020,178
GGGCTATGCACCCCTGCGCG_021,17
ACCACACTGCTGTAAGCAGG_001,21
ACCACACTGCTGTAAGCAGG_002,34
ACCACACTGCTGTAAGCAGG_003,51
ACCACACTGCTGTAAGCAGG_004,27
ACCACACTGCTGTAAGCAGG_005,15
ACCACACTGCTGTAAGCAGG_006,188
ACCACACTGCTGTAAGCAGG_007,35
TCAGGATTGGCAAGAACCAG_001,137
TCAGGATTGGCAAGAACCAG_002,186
TCAGGATTGGCAAGAACCAG_003,34
ATCCTAGGGAAACACTCAAG_001,157
ATCCTAGGGAAACACTCAAG_002,145
ATCCTAGGGAAACACTCAAG_003,17
ATCCTAGGGAAACACTCAAG_004,105
TGTCAAAGCTGGTTACGGGT_001,51
TGTCAAAGCTGGTTACGGGT_002,178
TGTCAAAGCTGGTTACGGGT_003,171
TGTCAAAGCTGGTTACGGGT_004,36
TGTCAAAGCTGGTTACGGGT_005,83
TGTCAAAGCTGGTTACGGGT_006,129
GATGATCATTGCAATGATGA_001,152
GATGATCATTGCAATGATGA_002,106
GATGATCATTGCAATGATGA_003,138
GATGATCATTGCAATGATGA_004,8
GATGATCATTGCAATGATGA_005,169
CCAGAGCCTCCGGATGACGC_001,159
CCAGAGCCTCCGGATGACGC_002,119
CCAGAGCCTCCGGATGACGC_003,162
CCAGAGCCTCCGGATGACGC_004,124
CCAGAGCCTCCGGATGACGC_005,158
CCAGAGCCTCCGGATGACGC_006,169
CCAGAGCCTCCGGATGACGC_007,25
CCAGAGCCTCCGGATGACGC_008,81
CCAGAGCCTCCGGATGACGC_009,102
CCAGAGCCTCCGGATGACGC_010,172
CCAGAGCCTCCGGATGACGC_011,47
CCAGAGCCTCCGGATGACGC_012,115
CAGCTGCAGCTGCTACGCTC_001,70
CAGCTGCAGCTGCTACGCTC_002,9
CAGCTGCAGCTGCTACGCTC_003,145
CAGCTGCAGCTGCTACGCTC_004,11
CAGCTGCAGCTGCTACGCTC_005,162
CAGCTGCAGCTGCTACGCTC_006,81
CAGCTGCAGCTGCTACGCTC_007,165
CAGCTGCAGCTGCTACGCTC_008,39
CAGCTGCAGCTGCTACGCTC_009,35
CTGACACATAAGCAGGAGCT_001,48
CTGACACATAAGCAGGAGCT_002,154
CTGACACATAAGCAGGAGCT_003,190
CTGACACATAAGCAGGAGCT_004,184
CTGACACATAAGCAGGAGCT_005,35
CTGACACATAAGCAGGAGCT_006,130
AGGTCACGTTCTGCACAAAG_001,82
AGGTCACGTTCTGCACAAAG_002,121
AGGTCACGTTCTGCACAAAG_003,189
GGGAATGAAGAGTTTCTATG_001,34
GTGAAGACTGCGTAGATGTG_001,172
GTGAAGACTGCGTAGATGTG_002,34
GTGAAGACTGCGTAGATGTG_003,8
GTGAAGACTGCGTAGATGTG_004,96
GTGAAGACTGCGTAGATGTG_005,101
GTGAAGACTGCGTAGATGTG_006,166
GTGAAGACTGCGTAGATGTG_007,199
GGCTGTGGTGATGATGAGAT_001,9
GGCTGTGGTGATGATGAGAT_002,161
TCCTGAATCAGGTTCCTCCG_001,11
TCCTGAATCAGGTTCCTCCG_002,137
TCCTGAATCAGGTTCCTCCG_003,137
TCCTGAATCAGGTTCCTCCG_004,85
TCCTGAATCAGGTTCCTCCG_005,64
TCCTGAATCAGGTTCCTCCG_006,151
TCCTGAATCAGGTTCCTCCG_007,23
TCCTGAATCAGGTTCCTCCG_008,141
TCCTGAATCAGGTTCCTCCG_009,198
TCCTGAATCAGGTTCCTCCG_010,60
TCATGAGAACCAAGCACATG_001,169
TCATGAGAACCAAGCACATG_002,144
TCATGAGAACCAAGCACATG_003,114
TCATGAGAACCAAGCACATG_004,20
TCATGAGAACCAAGCACATG_005,93
TCATGAGAACCAAGCACATG_006,87
TCATGAGAACCAAGCACATG_007,184
TCATGAGAACCAAGCACATG_008,61
TCATGAGAACCAAGCACATG_009,55
TCATGAGAACCAAGCACATG_010,135
TCATGAGAACCAAGCACATG_011,121
CAGTCACAGAGGTAGCAACA_001,130
CAGTCACAGAGGTAGCAACA_002,22
CAGTCACAGAGGTAGCAACA_003,130
CAGTCACAGAGGTAGCAACA_004,68
CAGTCACAGAGGTAGCAACA_005,146
CAGTCACAGAGGTAGCAACA_006,32
CAGTCACAGAGGTAGCAACA_007,96
CAGTCACAGAGGTAGCAACA_008,92
CAGTCACAGAGGTAGCAACA_009,188
CAGTCACAGAGGTAGCAACA_010,20
GTTGCCCGCCAACAAAACAG_001,124
GTTGCCCGCCAACAAAACAG_002,148
GTTGCCCGCCAACAAAACAG_003,141
GTTGCCCGCCAACAAAACAG_004,29
GTTGCCCGCCAACAAAACAG_005,141
GTTGCCCGCCAACAAAACAG_006,59
GTTGCCCGCCAACAAAACAG_007,197
GTTGCCCGCCAACAAAACAG_008,191
GTTGCCCGCCAACAAAACAG_009,40
GTTGCCCGCCAACAAAACAG_010,54
CGGTCACCTGTACACGACAG_001,169
CGGTCACCTGTACACGACAG_002,185
CGGTCACCTGTACACGACAG_003,74
AAGATGCACGATAGCAACAC_001,97
AAGATGCACGATAGCAACAC_002,38
AAGATGCACGATAGCAACAC_003,40
AAGATGCACGATAGCAACAC_004,139
AAGATGCACGATAGCAACAC_005,188
AGTGGAGGTCTATTCCCGCT_001,45
AGTGGAGGTCTATTCCCGCT_002,28
AGTGGAGGTCTATTCCCGCT_003,93
AGTGGAGGTCTATTCCCGCT_004,50
AGTGGAGGTCTATTCCCGCT_005,16
TTTCAAGACAGCATCCACGT_001,137
TTTCAAGACAGCATCCACGT_002,17
TTTCAAGACAGCATCCACGT_003,199
TTTCAAGACAGCATCCACGT_004,190
TTTCAAGACAGCATCCACGT_005,60
CCATGTGCCCCCAACGACCG_001,143
CCATGTGCCCCCAACGACCG_002,4
CCATGTGCCCCCAACGACCG_003,127
CCATGTGCCCCCAACGACCG_004,66
CCATGTGCCCCCAACGACCG_005,34
CCATGTGCCCCCAACGACCG_006,125
CCATGTGCCCCCAACGACCG_007,123
AGCCACAAAGATGACCTCCG_001,55
AGCCACAAAGATGACCTCCG_002,146
AGCCACAAAGATGACCTCCG_003,5
AGCCACAAAGATGACCTCCG_004,88
AGCCACAAAGATGACCTCCG_005,12
AGCCACAAAGATGACCTCCG_006,121
AGCCACAAAGATGACCTCCG_007,39
AGCCACAAAGATGACCTCCG_008,146
AGCCACAAAGATGACCTCCG_009,184
AGCCACAAAGATGACCTCCG_010,162
AGCCACAAAGATGACCTCCG_011,130
AGCCACAAAGATGACCTCCG_012,155
AGCCACAAAGATGACCTCCG_013,172
AGCCACAAAGATGACCTCCG_014,160
AGCCACAAAGATGACCTCCG_015,175
AGCCACAAAGATGACCTCCG_016,72
AGCCACAAAGATGACCTCCG_017,47
AGCCACAAAGATGACCTCCG_018,184
AGAGCGTCTAACTGATACTG_001,83
AGAGCGTCTAACTGATACTG_002,168
AGAGCGTCTAACTGATACTG_003,116
AGAGCGTCTAACTGATACTG_004,78
AGAGCGTCTAACTGATACTG_005,43
AGAGCGTCTAACTGATACTG_006,190
AGAGCGTCTAACTGATACTG_007,188
AGAGCGTCTAACTGATACTG_008,172
AGGAGTCTTCATGTTCACAT_001,41
AGGAGTCTTCATGTTCACAT_002,33
AGGAGTCTTCATGTTCACAT_003,78
AGGAGTCTTCATGTTCACAT_004,129
AGGAGTCTTCATGTTCACAT_005,58
AGGAGTCTTCATGTTCACAT_006,158
AGGAGTCTTCATGTTCACAT_007,40
CTAGCCGCCATTCACCTGAG_001,147
CTAGCCGCCATTCACCTGAG_002,115
CTAGCCGCCATTCACCTGAG_003,124
CTAGCCGCCATTCACCTGAG_004,137
CTAGCCGCCATTCACCTGAG_005,114
CTAGCCGCCATTCACCTGAG_006,123
CTAGCCGCCATTCACCTGAG_007,186
CTAGCCGCCATTCACCTGAG_008,69
CTAGCCGCCATTCACCTGAG_009,116
GCAGACCCAGTAACAATCTG_001,40
GCAGACCCAGTAACAATCTG_002,1
GCAGACCCAGTAACAATCTG_003,127
GCAGACCCAGTAACAATCTG_004,193
GCAGACCCAGTAACAATCTG_005,12
GCAGACCCAGTAACAATCTG_006,171
GCAGACCCAGTAACAATCTG_007,154
GCAGACCCAGTAACAATCTG_008,198
GCAGACCCAGTAACAATCTG_009,184
GCAGACCCAGTAACAATCTG_010,58
GCAGACCCAGTAACAATCTG_011,15
GCAGACCCAGTAACAATCTG_012,147
GCAGACCCAGTAACAATCTG_013,145
GCAGACCCAGTAACAATCTG_014,149
GCAGACCCAGTAACAATCTG_015,9
GCAGACCCAGTAACAATCTG_016,80
GCAGACCCAGTAACAATCTG_017,167
GCAGACCCAGTAACAATCTG_018,198
GCAGACCCAGTAACAATCTG_019,13
GCAGACCCAGTAACAATCTG_020,10
GCAGACCCAGTAACAATCTG_021,57
GCAGACCCAGTAACAATCTG_022,35
GCAGACCCAGTAACAATCTG_023,168
GCAGACCCAGTAACAATCTG_024,121
GGCATTTAACACACGTGTAG_001,69
GGCATTTAACACACGTGTAG_002,185
GGCATTTAACACACGTGTAG_003,155
GGCATTTAACACACGTGTAG_004,10
ACCACCCGGGCCGACCCTCG_001,50
ACCACCCGGGCCGACCCTCG_002,68
ACCACCCGGGCCGACCCTCG_003,15
ACCACCCGGGCCGACCCTCG_004,82
ACCACCCGGGCCGACCCTCG_005,148
ACCACCCGGGCCGACCCTCG_006,12
ACCACCCGGGCCGACCCTCG_007,172
ACCACCCGGGCCGACCCTCG_008,63
ACCACCCGGGCCGACCCTCG_009,53
ACCACCCGGGCCGACCCTCG_010,82
ACCACCCGGGCCGACCCTCG_011,63
ACCACCCGGGCCGACCCTCG_012,22
ACCACCCGGGCCGACCCTCG_013,158
ACCACCCGGGCCGACCCTCG_014,1
ACCACCCGGGCCGACCCTCG_015,78
ACCACCCGGGCCGACCCTCG_016,84
ACCACCCGGGCCGACCCTCG_017,159
ACCACCCGGGCCGACCCTCG_018,8
ACCACCCGGGCCGACCCTCG_019,166
ACCACCCGGGCCGACCCTCG_020,63
ACCACCCGGGCCGACCCTCG_021,40
ACCACCCGGGCCGACCCTCG_022,38
ACCACCCGGGCCGACCCTCG_023,83
ACCACCCGGGCCGACCCTCG_024,56
ACCACCCGGGCCGACCCTCG_025,40
ACCACCCGGGCCGACCCTCG_026,160
ACCACCCGGGCCGACCCTCG_027,140
ACCACCCGGGCCGACCCTCG_028,9
ACCACCCGGGCCGACCCTCG_029,6
ACCACCCGGGCCGACCCTCG_030,125
ACCACCCGGGCCGACCCTCG_031,49
ACCACCCGGGCCGACCCTCG_032,113
AGTCACGGACTCCTGCATCG_001,2
AGTCACGGACTCCTGCATCG_002,59
AGTCACGGACTCCTGCATCG_003,172
AGTCACGGACTCCTGCATCG_004,45
AGTCACGGACTCCTGCATCG_005,191
AGTCACGGACTCCTGCATCG_006,188
AGTCACGGACTCCTGCATCG_007,45
AGTCACGGACTCCTGCATCG_008,94
AGTCACGGACTCCTGCATCG_009,94
AGTCACGGACTCCTGCATCG_010,15
AAAGTGCTTAATGATGTGAG_001,105
AAAGTGCTTAATGATGTGAG_002,65
AAAGTGCTTAATGATGTGAG_003,69
AAAGTGCTTAATGATGTGAG_004,89
AAAGTGCTTAATGATGTGAG_005,104
AAAGTGCTTAATGATGTGAG_006,171
CCAGGTACTGAACGATATTG_001,14
CCAGGTACTGAACGATATTG_002,34
CCAGGTACTGAACGATATTG_003,27
CCAGGTACTGAACGATATTG_004,29
TATGACCCAGGAATAATACA_001,101
TATGACCCAGGAATAATACA_002,139
TATGACCCAGGAATAATACA_003,52
TATGACCCAGGAATAATACA_004,51
TATGACCCAGGAATAATACA_005,175
AATGACGTCAATGGATACGG_001,12
AATGACGTCAATGGATACGG_002,102
AATGACGTCAATGGATACGG_003,41
AATGACGTCAATGGATACGG_004,128
AATGACGTCAATGGATACGG_005,136
AATGACGTCAATGGATACGG_006,138
AATGACGTCAATGGATACGG_007,165
AATGACGTCAATGGATACGG_008,175
AATGACGTCAATGGATACGG_009,115
AATGACGTCAATGGATACGG_010,60
AATGACGTCAATGGATACGG_011,84
CTCCCCAGCCACGACCACGT_001,14
CTCCCCAGCCACGACCACGT_002,156
CTCCCCAGCCACGACCACGT_003,155
CTCCCCAGCCACGACCACGT_004,197
CTCCCCAGCCACGACCACGT_005,180
CTCCCCAGCCACGACCACGT_006,100
CTGCTCGTGTAGTGGACGAA_001,97
CTGCTCGTGTAGTGGACGAA_002,7
CTGCTCGTGTAGTGGACGAA_003,81
CTGCTCGTGTAGTGGACGAA_004,152
CTGCTCGTGTAGTGGACGAA_005,159
CTGCTCGTGTAGTGGACGAA_006,116
CTGCTCGTGTAGTGGACGAA_007,195
CTGCTCGTGTAGTGGACGAA_008,127
CTGCTCGTGTAGTGGACGAA_009,176
CTGCTCGTGTAGTGGACGAA_010,115
CTGCTCGTGTAGTGGACGAA_011,57
CTGCTCGTGTAGTGGACGAA_012,136
CTGCTCGTGTAGTGGACGAA_013,46
CTGCTCGTGTAGTGGACGAA_014,19
TGTTGGCAGATACTTTGTAG_001,145
TTCAGCCTGGTGGCCCACCG_001,159
TTCAGCCTGGTGGCCCACCG_002,147
TTCAGCCTGGTGGCCCACCG_003,179
TTCAGCCTGGTGGCCCACCG_004,183
TTCAGCCTGGTGGCCCACCG_005,137
TTCAGCCTGGTGGCCCACCG_006,127
TTCAGCCTGGTGGCCCACCG_007,38
TTCAGCCTGGTGGCCCACCG_008,62
TTCAGCCTGGTGGCCCACCG_009,160
TTCAGCCTGGTGGCCCACCG_010,148
TTCAGCCTGGTGGCCCACCG_011,102
CCCGGCGGACGGACCTACGG_001,145
CCCGGCGGACGGACCTACGG_002,27
CCCGGCGGACGGACCTACGG_003,181
CCCGGCGGACGGACCTACGG_004,16
CCCGGCGGACGGACCTACGG_005,197
CCCGGCGGACGGACCTACGG_006,71
CCCGGCGGACGGACCTACGG_007,148
CCCGGCGGACGGACCTACGG_008,133
CCCGGCGGACGGACCTACGG_009,154
CCCGGCGGACGGACCTACGG_010,156
CCCGGCGGACGGACCTACGG_011,88
CCCGGCGGACGGACCTACGG_012,38
CCCGGCGGACGGACCTACGG_013,41
CCCGGCGGACGGACCTACGG_014,69
CCCGGCGGACGGACCTACGG_015,23
CCCGGCGGACGGACCTACGG_016,38
CCCGGCGGACGGACCTACGG_017,48
CCCGGCGGACGGACCTACGG_018,145
CCCGGCGGACGGACCTACGG_019,3
CCTTCACAATCTCGTCGGTG_001,157
CTCTCCAGTCCAGATCGACC_001,178
CTCTCCAGTCCAGATCGACC_002,43
CTCTCCAGTCCAGATCGACC_003,29
CTCTCCAGTCCAGATCGACC_004,12
CTCTCCAGTCCAGATCGACC_005,142
CTCTCCAGTCCAGATCGACC_006,156
CTCTCCAGTCCAGATCGACC_007,194
CTCTCCAGTCCAGATCGACC_008,78
CTGCCCGCCTTGGACATGGG_001,56
CTGCCCGCCTTGGACATGGG_002,170
CTGCCCGCCTTGGACATGGG_003,105
CTGCCCGCCTTGGACATGGG_004,183
CTGCCCGCCTTGGACATGGG_005,93
CTGCCCGCCTTGGACATGGG_006,44
CTGCCCGCCTTGGACATGGG_007,58
CTGCCCGCCTTGGACATGGG_008,185
CTGCCCGCCTTGGACATGGG_009,142
CTGCCCGCCTTGGACATGGG_010,117
CTGCCCGCCTTGGACATGGG_011,104
CTGCCCGCCTTGGACATGGG_012,3
AATGACAATGGAGCAACTAG_001,7
AATGACAATGGAGCAACTAG_002,92
AATGACAATGGAGCAACTAG_003,174
AATGACAATGGAGCAACTAG_004,147
AATGACAATGGAGCAACTAG_005,31
AATGACAATGGAGCAACTAG_006,198
AATGACAATGGAGCAACTAG_007,197
AATGACAATGGAGCAACTAG_008,104
AATGACAATGGAGCAACTAG_009,47
CTGCAGAGGCCAAAGCACGG_001,121
CTGCAGAGGCCAAAGCACGG_002,10
CTGCAGAGGCCAAAGCACGG_003,117
CTGCAGAGGCCAAAGCACGG_004,144
CTGCAGAGGCCAAAGCACGG_005,94
CTGCAGAGGCCAAAGCACGG_006,81
CTGCAGAGGCCAAAGCACGG_007,184
CTGCAGAGGCCAAAGCACGG_008,162
CTGCAGAGGCCAAAGCACGG_009,8
CTGCAGAGGCCAAAGCACGG_010,0
CTGCAGAGGCCAAAGCACGG_011,61
CTGCAGAGGCCAAAGCACGG_012,174
CTGCAGAGGCCAAAGCACGG_013,40
CTGCAGAGGCCAAAGCACGG_014,40
CTGCAGAGGCCAAAGCACGG_015,31
CTGCAGAGGCCAAAGCACGG_016,119
CTGCAGAGGCCAAAGCACGG_017,41
CTGCAGAGGCCAAAGCACGG_018,120
CTGCAGAGGCCAAAGCACGG_019,41
CTGCAGAGGCCAAAGCACGG_020,156
CTGCAGAGGCCAAAGCACGG_021,160
CTGCAGAGGCCAAAGCACGG_022,9
CTGCAGAGGCCAAAGCACGG_023,160
CTGCAGAGGCCAAAGCACGG_024,105
CTGCAGAGGCCAAAGCACGG_025,44
CTGCAGAGGCCAAAGCACGG_026,165
CTGCAGAGGCCAAAGCACGG_027,105
CTGCAGAGGCCAAAGCACGG_028,15
CTGCAGAGGCCAAAGCACGG_029,77
CTGCAGAGGCCAAAGCACGG_030,157
CTGCAGAGGCCAAAGCACGG_031,43
CTGCAGAGGCCAAAGCACGG_032,26
CTGCAGAGGCCAAAGCACGG_033,162
CTGCAGAGGCCAAAGCACGG_034,126
CTGCAGAGGCCAAAGCACGG_035,169
CTGCAGAGGCCAAAGCACGG_036,81
CTGCAGAGGCCAAAGCACGG_037,106
CTGCAGAGGCCAAAGCACGG_038,15
CTGCAGAGGCCAAAGCACGG_039,198
CTGCAGAGGCCAAAGCACGG_040,27
CTGCAGAGGCCAAAGCACGG_041,96
CTGCAGAGGCCAAAGCACGG_042,140
CTGCAGAGGCCAAAGCACGG_043,17
CTGCAGAGGCCAAAGCACGG_044,158
CTGCAGAGGCCAAAGCACGG_045,174
CTGCAGAGGCCAAAGCACGG_046,162
CTGCAGAGGCCAAAGCACGG_047,162
CTGCAGAGGCCAAAGCACGG_048,148
GAACTCAAAACACACTCGGA_001,88
GAACTCAAAACACACTCGGA_002,150
GAACTCAAAACACACTCGGA_003,147
GAACTCAAAACACACTCGGA_004,174
GAACTCAAAACACACTCGGA_005,199
GAACTCAAAACACACTCGGA_006,59
GAACTCAAAACACACTCGGA_007,94
CTTCCCTAAATAAATCAGCG_001,58
CTTCCCTAAATAAATCAGCG_002,58
CTTCCCTAAATAAATCAGCG_003,150
CTTCCCTAAATAAATCAGCG_004,169
CTTCCCTAAATAAATCAGCG_005,28
CCCTCGACCCCAGAAACTGG_001,163
CCCTCGACCCCAGAAACTGG_002,21
CCCTCGACCCCAGAAACTGG_003,121
CCCTCGACCCCAGAAACTGG_004,88
CCCTCGACCCCAGAAACTGG_005,58
CCCTCGACCCCAGAAACTGG_006,33
CCCTCGACCCCAGAAACTGG_007,178
CCCTCGACCCCAGAAACTGG_008,196
CCCTCGACCCCAGAAACTGG_009,161
CCCTCGACCCCAGAAACTGG_010,34
CCCTCGACCCCAGAAACTGG_011,138
CCCTCGACCCCAGAAACTGG_012,178
CCCTCGACCCCAGAAACTGG_013,65
CCCTCGACCCCAGAAACTGG_014,20
CCCTCGACCCCAGAAACTGG_015,48
CCCTCGACCCCAGAAACTGG_016,88
CCCTCGACCCCAGAAACTGG_017,33
CCCTCGACCCCAGAAACTGG_018,3
CCCTCGACCCCAGAAACTGG_019,175
CCCTCGACCCCAGAAACTGG_020,151
TTGTGGATGGTCGAGCATCA_001,105
TTGTGGATGGTCGAGCATCA_002,129
TTGTGGATGGTCGAGCATCA_003,155
TTGTGGATGGTCGAGCATCA_004,94
TTGTGGATGGTCGAGCATCA_005,82
TTGTGGATGGTCGAGCATCA_006,11
TTGTGGATGGTCGAGCATCA_007,182
TTGTGGATGGTCGAGCATCA_008,170
TTGTGGATGGTCGAGCATCA_009,85
TTGTGGATGGTCGAGCATCA_010,159
TTGTGGATGGTCGAGCATCA_011,169
TTGTGGATGGTCGAGCATCA_012,196
TTGTGGATGGTCGAGCATCA_013,196
TTGTGGATGGTCGAGCATCA_014,95
TTGTGGATGGTCGAGCATCA_015,165
ATCCTGGATCTTTACTCACA_001,165
ATCCTGGATCTTTACTCACA_002,67
ATCCTGGATCTTTACTCACA_003,42
ATCCTGGATCTTTACTCACA_004,199
ATCCTGGATCTTTACTCACA_005,0
ATCCTGGATCTTTACTCACA_006,95
ATCCTGGATCTTTACTCACA_007,58
ATCCTGGATCTTTACTCACA_008,137
ATCCTGGATCTTTACTCACA_009,23
ATCCTGGATCTTTACTCACA_010,6
ATCCTGGATCTTTACTCACA_011,178
ATCCTGGATCTTTACTCACA_012,167
ATCCTGGATCTTTACTCACA_013,176
ATCCTGGATCTTTACTCACA_014,185
CACAGTACGAAGTCTCTCTG_001,8
CACAGTACGAAGTCTCTCTG_002,15
CACAGTACGAAGTCTCTCTG_003,9
CACAGTACGAAGTCTCTCTG_004,95
CACAGTACGAAGTCTCTCTG_005,63
CACAGTACGAAGTCTCTCTG_006,164
CACAGTACGAAGTCTCTCTG_007,56
CACAGTACGAAGTCTCTCTG_008,106
CACAGTACGAAGTCTCTCTG_009,119
CGAGCGGCATCACAAGACCG_001,157
CGAGCGGCATCACAAGACCG_002,1
CGAGCGGCATCACAAGACCG_003,188
CTTACCCACCACAATCCCAC_001,137
CTTACCCACCACAATCCCAC_002,121
CTTACCCACCACAATCCCAC_003,48
CTTACCCACCACAATCCCAC_004,119
CTTACCCACCACAATCCCAC_005,172
CTTACCCACCACAATCCCAC_006,64
TGGCCGACTCTTCTCCTGCG_001,50
TGGCCGACTCTTCTCCTGCG_002,48
TGGCCGACTCTTCTCCTGCG_003,170
TGGCCGACTCTTCTCCTGCG_004,46
GCTCACCACACGACCCCCGT_001,163
GCTCACCACACGACCCCCGT_002,158
GCTCACCACACGACCCCCGT_003,158
GCTCACCACACGACCCCCGT_004,102
GCTCACCACACGACCCCCGT_005,91
GCTCACCACACGACCCCCGT_006,77
GCTCACCACACGACCCCCGT_007,88
GCTCACCACACGACCCCCGT_008,132
GCTCACCACACGACCCCCGT_009,65
GCTCACCACACGACCCCCGT_010,17
GCTCACCACACGACCCCCGT_011,178
GCTCACCACACGACCCCCGT_012,88
GCTCACCACACGACCCCCGT_013,151
GCTCACCACACGACCCCCGT_014,152
GCTCACCACACGACCCCCGT_015,138
GCTCACCACACGACCCCCGT_016,6
GCTCACCACACGACCCCCGT_017,183
GCTCACCACACGACCCCCGT_018,37
GCTCACCACACGACCCCCGT_019,144
CCATAGTAAGAATACATCAG_001,123
CCATAGTAAGAATACATCAG_002,65
CCATAGTAAGAATACATCAG_003,65
CCATAGTAAGAATACATCAG_004,65
CCATAGTAAGAATACATCAG_005,55
CCATAGTAAGAATACATCAG_006,57
CCATAGTAAGAATACATCAG_007,69
CCATAGTAAGAATACATCAG_008,162
CCATAGTAAGAATACATCAG_009,70
CGTGGTACCGAGACACCGAA_001,144
CGTGGTACCGAGACACCGAA_002,120
CGTGGTACCGAGACACCGAA_003,9
CGTGGTACCGAGACACCGAA_004,75
CGTGGTACCGAGACACCGAA_005,80
CGTGGTACCGAGACACCGAA_006,178
CGTGGTACCGAGACACCGAA_007,98
CGTGGTACCGAGACACCGAA_008,82
CGTGGTACCGAGACACCGAA_009,44
CGTGGTACCGAGACACCGAA_010,93
CGTGGTACCGAGACACCGAA_011,198
CGTGGTACCGAGACACCGAA_012,8
CGTGGTACCGAGACACCGAA_013,147
CGTGGTACCGAGACACCGAA_014,113
CGTGGTACCGAGACACCGAA_015,9
CGTGGTACCGAGACACCGAA_016,117
CGTGGTACCGAGACACCGAA_017,49
CGTGGTACCGAGACACCGAA_018,156
CGTGGTACCGAGACACCGAA_019,156
CGTGGTACCGAGACACCGAA_020,180
CGTGGTACCGAGACACCGAA_021,55
CGTGGTACCGAGACACCGAA_022,33
CGTGGTACCGAGACACCGAA_023,30
CGTGGTACCGAGACACCGAA_024,44
CTGCGAACGTCGCCGCCGGG_001,170
CTGCGAACGTCGCCGCCGGG_002,44
CTGCGAACGTCGCCGCCGGG_003,54
CTGCGAACGTCGCCGCCGGG_004,8
CTGCGAACGTCGCCGCCGGG_005,165
CTGCGAACGTCGCCGCCGGG_006,142
CTGCTTCTATCGGGGCACAG_001,126
CTGCTTCTATCGGGGCACAG_002,99
CTGCTTCTATCGGGGCACAG_003,132
CTGCTTCTATCGGGGCACAG_004,9
CTGCTTCTATCGGGGCACAG_005,111
CTGCTTCTATCGGGGCACAG_006,46
CTGCTTCTATCGGGGCACAG_007,3
CTGCTTCTATCGGGGCACAG_008,33
AGAAGTTATCCAAAATGTTG_001,165
GCTCCAAGTCTTCATCCAGT_001,25
GCTCCAAGTCTTCATCCAGT_002,1
GCTCCAAGTCTTCATCCAGT_003,1
GCTCCAAGTCTTCATCCAGT_004,52
CCTCAGAACCAGATCCAATG_001,25
CCTCAGAACCAGATCCAATG_002,64
CCTCAGAACCAGATCCAATG_003,172
GAAAAAATTTGACTGCAGCA_001,66
GCTCAGGGGAGCAGATAACG_001,132
GGAGCATCCCAAGCATCTGG_001,73
GGAGCATCCCAAGCATCTGG_002,69
GGAGCATCCCAAGCATCTGG_003,67
GGAGCATCCCAAGCATCTGG_004,81
GGTCAAAGGTCTGTCCCACG_001,15
GGTCAAAGGTCTGTCCCACG_002,163
GGTCAAAGGTCTGTCCCACG_003,148
GGTCAAAGGTCTGTCCCACG_004,145
GGTCAAAGGTCTGTCCCACG_005,178
GGTCAAAGGTCTGTCCCACG_006,48
GGTCAAAGGTCTGTCCCACG_007,160
GGTCAAAGGTCTGTCCCACG_008,105
GGTCAAAGGTCTGTCCCACG_009,69
GGTCAAAGGTCTGTCCCACG_010,78
GGTCAAAGGTCTGTCCCACG_011,111
GTTGACGCATTCTAATCATG_001,113
AAGGACCGAATGGATCTTCA_001,4
AAGGACCGAATGGATCTTCA_002,183
AAGGACCGAATGGATCTTCA_003,149
AAGGACCGAATGGATCTTCA_004,6
AAGGACCGAATGGATCTTCA_005,158
AAGGACCGAATGGATCTTCA_006,165
AAGGACCGAATGGATCTTCA_007,72
AAGGACCGAATGGATCTTCA_008,88
AAGGACCGAATGGATCTTCA_009,55
AAGGACCGAATGGATCTTCA_010,49
AAGGACCGAATGGATCTTCA_011,191
AAGGACCGAATGGATCTTCA_012,58
AAGGACCGAATGGATCTTCA_013,61
AAGGACCGAATGGATCTTCA_014,82
AAGGACCGAATGGATCTTCA_015,149
AAGGACCGAATGGATCTTCA_016,42
AAGGACCGAATGGATCTTCA_017,9
AAGGACCGAATGGATCTTCA_018,104
AAGGACCGAATGGATCTTCA_019,97
AAGGACCGAATGGATCTTCA_020,144
AAGGACCGAATGGATCTTCA_021,2
AAGGACCGAATGGATCTTCA_022,63
AAGGACCGAATGGATCTTCA_023,18
AATTTGATGACAGTACCCCA_001,141
TCCCGCTGATCCGGCCGTCG_001,19
TCCCGCTGATCCGGCCGTCG_002,70
TCCCGCTGATCCGGCCGTCG_003,123
GTGACGGACAGCGCGTACAT_001,150
GTGACGGACAGCGCGTACAT_002,182
GTGACGGACAGCGCGTACAT_003,67
GTGACGGACAGCGCGTACAT_004,158
GTGACGGACAGCGCGTACAT_005,148
GTGACGGACAGCGCGTACAT_006,163
GTGACGGACAGCGCGTACAT_007,77
GTGACGGACAGCGCGTACAT_008,192
GTGACGGACAGCGCGTACAT_009,3
GTGACGGACAGCGCGTACAT_010,155
GTGACGGACAGCGCGTACAT_011,69
GTGACGGACAGCGCGTACAT_012,88
GTGACGGACAGCGCGTACAT_013,58
GTGACGGACAGCGCGTACAT_014,37
GTGACGGACAGCGCGTACAT_015,61
GTGACGGACAGCGCGTACAT_016,185
GTGACGGACAGCGCGTACAT_017,102
GTGACGGACAGCGCGTACAT_018,32
GTGACGGACAGCGCGTACAT_019,168
GTGACGGACAGCGCGTACAT_020,188
GTGACGGACAGCGCGTACAT_021,124
GTGACGGACAGCGCGTACAT_022,165
GTGACGGACAGCGCGTACAT_023,165
GGGAAGAATCGGAGTCCCGG_001,82
GGGAAGAATCGGAGTCCCGG_002,27
GGGAAGAATCGGAGTCCCGG_003,37
CCCGGAAGCACTCCGCTCGG_001,183
CCCGGAAGCACTCCGCTCGG_002,162
CTATTCTCAGGATATGACAG_001,128
CTATTCTCAGGATATGACAG_002,98
CTATTCTCAGGATATGACAG_003,67
CTATTCTCAGGATATGACAG_004,139
CTATTCTCAGGATATGACAG_005,79
CTATTCTCAGGATATGACAG_006,9
CTATTCTCAGGATATGACAG_007,15
GCCAATCCGTGATCCCGAAA_001,58
GCCAATCCGTGATCCCGAAA_002,166
GCCAATCCGTGATCCCGAAA_003,192
GCCAATCCGTGATCCCGAAA_004,150
GCCAATCCGTGATCCCGAAA_005,91
GCCAATCCGTGATCCCGAAA_006,139
GCCAATCCGTGATCCCGAAA_007,24
GCCAATCCGTGATCCCGAAA_008,150
GCCAATCCGTGATCCCGAAA_009,46
GCCAATCCGTGATCCCGAAA_010,131
GCCAATCCGTGATCCCGAAA_011,149
GCCAATCCGTGATCCCGAAA_012,119
GCCAATCCGTGATCCCGAAA_013,22
GGAGAAGCGCAAGCTACGGG_001,172
GGAGAAGCGCAAGCTACGGG_002,122
GGAGAAGCGCAAGCTACGGG_003,0
GGAGAAGCGCAAGCTACGGG_004,121
GGAGAAGCGCAAGCTACGGG_005,121
GGAGAAGCGCAAGCTACGGG_006,190
GGAGAAGCGCAAGCTACGGG_007,50
TGCTGCGCCGACATAAGCAC_001,153
TGCTGCGCCGACATAAGCAC_002,10
TACATCCCCGCACTGGCCGT_001,140
TACATCCCCGCACTGGCCGT_002,17
TACATCCCCGCACTGGCCGT_003,102
TACATCCCCGCACTGGCCGT_004,156
TACATCCCCGCACTGGCCGT_005,106
TACATCCCCGCACTGGCCGT_006,82
TACATCCCCGCACTGGCCGT_007,15
TACATCCCCGCACTGGCCGT_008,1
TACATCCCCGCACTGGCCGT_009,14
TACATCCCCGCACTGGCCGT_010,23
TACATCCCCGCACTGGCCGT_011,130
GGCTGTGGATGATGACCCCG_001,149
GGCTGTGGATGATGACCCCG_002,196
GGCTGTGGATGATGACCCCG_003,145
GGCTGTGGATGATGACCCCG_004,159
GGCTGTGGATGATGACCCCG_005,81
GGCTGTGGATGATGACCCCG_006,103
GGCTGTGGATGATGACCCCG_007,115
GGCTGTGGATGATGACCCCG_008,12
GGCTGTGGATGATGACCCCG_009,152
GGCTGTGGATGATGACCCCG_010,3
GGCTGTGGATGATGACCCCG_011,69
GGCTGTGGATGATGACCCCG_012,63
GGCTGTGGATGATGACCCCG_013,115
GGCTGTGGATGATGACCCCG_014,149
GGCTGTGGATGATGACCCCG_015,6
GGCTGTGGATGATGACCCCG_016,6
TGATCGTATTCAAAAAGACC_001,17
TGATCGTATTCAAAAAGACC_002,147
TGATCGTATTCAAAAAGACC_003,150
TGATCGTATTCAAAAAGACC_004,121
CCTTTACATCAAGTTAGATG_001,65
CCTTTACATCAAGTTAGATG_002,11
ACATTGCTCATTCTAGCAGG_001,69
AGACCTCGATGACGGTCGTG_001,17
AGACCTCGATGACGGTCGTG_002,151
AGACCTCGATGACGGTCGTG_003,105
AGACCTCGATGACGGTCGTG_004,27
AGACCTCGATGACGGTCGTG_005,188
AGACCTCGATGACGGTCGTG_006,20
AGACCTCGATGACGGTCGTG_007,192
AGACCTCGATGACGGTCGTG_008,177
AGACCTCGATGACGGTCGTG_009,132
AGACCTCGATGACGGTCGTG_010,194
AGACCTCGATGACGGTCGTG_011,184
AGACCTCGATGACGGTCGTG_012,28
AGACCTCGATGACGGTCGTG_013,183
AGACCTCGATGACGGTCGTG_014,19
AGACCTCGATGACGGTCGTG_015,19
AGACCTCGATGACGGTCGTG_016,82
AGACCTCGATGACGGTCGTG_017,128
AGACCTCGATGACGGTCGTG_018,146
AGACCTCGATGACGGTCGTG_019,17
AGACCTCGATGACGGTCGTG_020,130
AGACCTCGATGACGGTCGTG_021,65
AGACCTCGATGACGGTCGTG_022,90
AGACCTCGATGACGGTCGTG_023,122
AGACCTCGATGACGGTCGTG_024,33
AGACCTCGATGACGGTCGTG_025,17
GTTACAGGGACCATATGATG_001,190
GTTACAGGGACCATATGATG_002,31
GTTACAGGGACCATATGATG_003,154
GTTACAGGGACCATATGATG_004,186
GTTACAGGGACCATATGATG_005,56
GTTACAGGGACCATATGATG_006,29
AAAGCCCGGTCATCAGCGTG_001,160
AAAGCCCGGTCATCAGCGTG_002,103
AAAGCCCGGTCATCAGCGTG_003,2
AAAGCCCGGTCATCAGCGTG_004,145
AAAGCCCGGTCATCAGCGTG_005,73
AAAGCCCGGTCATCAGCGTG_006,78
AAAGCCCGGTCATCAGCGTG_007,65
AAAGCCCGGTCATCAGCGTG_008,145
AAAGCCCGGTCATCAGCGTG_009,9
AAAGCCCGGTCATCAGCGTG_010,43
AAAGCCCGGTCATCAGCGTG_011,142
AAAGCCCGGTCATCAGCGTG_012,138
GGGCTGGCTATGATAAACTG_001,182
GGGCTGGCTATGATAAACTG_002,170
GGGCTGGCTATGATAAACTG_003,147
GGGCTGGCTATGATAAACTG_004,77
GGGCTGGCTATGATAAACTG_005,78
GGGCTGGCTATGATAAACTG_006,72
GGGCTGGCTATGATAAACTG_007,188
GAAAGCTCTGAAGCACATAA_001,132
GAAAGCTCTGAAGCACATAA_002,155
GAAAGCTCTGAAGCACATAA_003,34
GAAAGCTCTGAAGCACATAA_004,21
GAAAGCTCTGAAGCACATAA_005,154
AAACTTACTAGTGACCGAAG_001,121
AAACTTACTAGTGACCGAAG_002,74
AAACTTACTAGTGACCGAAG_003,91
CAGAATGGCTCAAATACCAA_001,189
CAGAATGGCTCAAATACCAA_002,131
CAGAATGGCTCAAATACCAA_003,2
CAGAATGGCTCAAATACCAA_004,74
CAGAATGGCTCAAATACCAA_005,43
CAGAATGGCTCAAATACCAA_006,81
CAGAATGGCTCAAATACCAA_007,147
CAGAATGGCTCAAATACCAA_008,74
CAGAATGGCTCAAATACCAA_009,11
CAGAATGGCTCAAATACCAA_010,34
CAGAATGGCTCAAATACCAA_011,21
CAGAATGGCTCAAATACCAA_012,54
CAGAATGGCTCAAATACCAA_013,169
CAGAATGGCTCAAATACCAA_014,78
CAGAATGGCTCAAATACCAA_015,191
CAGAATGGCTCAAATACCAA_016,27
CAGAATGGCTCAAATACCAA_017,182
ATTTACATACCGATAAGCTG_001,160
ATTTACATACCGATAAGCTG_002,76
AGCTGACCTTAAGCATTACC_001,65
AGCTGACCTTAAGCATTACC_002,47
TATTATTCAGTTATCTGAAG_001,199
TATTATTCAGTTATCTGAAG_002,168
TATTATTCAGTTATCTGAAG_003,63
GCATCGAATACCAGAACATG_001,126
GCATCGAATACCAGAACATG_002,15
GCATCGAATACCAGAACATG_003,55
GCATCGAATACCAGAACATG_004,14
GCATCGAATACCAGAACATG_005,156
GCATCGAATACCAGAACATG_006,149
GCATCGAATACCAGAACATG_007,41
GCATCGAATACCAGAACATG_008,62
GCATCGAATACCAGAACATG_009,33
GCTCTGTGGTGGGATCCAGT_001,127
GCTCTGTGGTGGGATCCAGT_002,192
GCTCTGTGGTGGGATCCAGT_003,116
GCTCTGTGGTGGGATCCAGT_004,140
GCTCTGTGGTGGGATCCAGT_005,97
GCTCTGTGGTGGGATCCAGT_006,129
GCTCTGTGGTGGGATCCAGT_007,121
GCTCTGTGGTGGGATCCAGT_008,107
GCTCTGTGGTGGGATCCAGT_009,104
TGCAGTTCACCAAAAGCACA_001,105
TGCAGTTCACCAAAAGCACA_002,159
TGCAGTTCACCAAAAGCACA_003,30
TGCAGTTCACCAAAAGCACA_004,5
TGCAGTTCACCAAAAGCACA_005,130
TGCAGTTCACCAAAAGCACA_006,113
TGCAGTTCACCAAAAGCACA_007,15
TGCAGTTCACCAAAAGCACA_008,199
TGCAGTTCACCAAAAGCACA_009,68
TGCAGTTCACCAAAAGCACA_010,164
TGCAGTTCACCAAAAGCACA_011,164
TGCAGTTCACCAAAAGCACA_012,29
CAGGGCTGTAGTAGTAACAG_001,162
GCGGCGGCCGACATCGCAGT_001,12
GCGGCGGCCGACATCGCAGT_002,197
GCGGCGGCCGACATCGCAGT_003,41
GCGGCGGCCGACATCGCAGT_004,141
CTGGTTCCCAGATAGATCAA_001,70
CTGGTTCCCAGATAGATCAA_002,102
CTGGTTCCCAGATAGATCAA_003,14
CTGGTTCCCAGATAGATCAA_004,67
CTGGTTCCCAGATAGATCAA_005,43
CTGGTTCCCAGATAGATCAA_006,99
CTGGTTCCCAGATAGATCAA_007,183
CTGGTTCCCAGATAGATCAA_008,70
CTGGTTCCCAGATAGATCAA_009,75
CTGGTTCCCAGATAGATCAA_010,96
CTGGTTCCCAGATAGATCAA_011,199
CTGGTTCCCAGATAGATCAA_012,108
CTGGTTCCCAGATAGATCAA_013,36
CTGGTTCCCAGATAGATCAA_014,20
CTGGTTCCCAGATAGATCAA_015,43
CTGGTTCCCAGATAGATCAA_016,63
GTGGATGTGGACGTTGACGT_001,156
GTGGATGTGGACGTTGACGT_002,102
GTGGATGTGGACGTTGACGT_003,45
GTGGATGTGGACGTTGACGT_004,115
GTGGATGTGGACGTTGACGT_005,70
GTGGATGTGGACGTTGACGT_006,195
GTGGATGTGGACGTTGACGT_007,8
GTGGATGTGGACGTTGACGT_008,17
GTGGATGTGGACGTTGACGT_009,9
GTGGATGTGGACGTTGACGT_010,103
GTGGATGTGGACGTTGACGT_011,29
GTGGATGTGGACGTTGACGT_012,69
GTGGATGTGGACGTTGACGT_013,169
GTGGATGTGGACGTTGACGT_014,120
GTGGATGTGGACGTTGACGT_015,77
GTGGATGTGGACGTTGACGT_016,199
GTGGATGTGGACGTTGACGT_017,78
GTGGATGTGGACGTTGACGT_018,1
AGAAAGACAGCAAACACCTG_001,11
AGAAAGACAGCAAACACCTG_002,5
AGAAAGACAGCAAACACCTG_003,61
AGAAAGACAGCAAACACCTG_004,83
AGAAAGACAGCAAACACCTG_005,1
AGAAAGACAGCAAACACCTG_006,192
AGAAAGACAGCAAACACCTG_007,136
AGAAAGACAGCAAACACCTG_008,159
AGAAAGACAGCAAACACCTG_009,178
AGAAAGACAGCAAACACCTG_010,149
AGAAAGACAGCAAACACCTG_011,48
AGGGGCTGGAATTCTCGCAA_001,171
AGGGGCTGGAATTCTCGCAA_002,56
AGGGGCTGGAATTCTCGCAA_003,68
AGGGGCTGGAATTCTCGCAA_004,181
AGGGGCTGGAATTCTCGCAA_005,184
AGGGGCTGGAATTCTCGCAA_006,48
AGGGGCTGGAATTCTCGCAA_007,35
CCAAAGGACTGCAACTACAT_001,175
CCAAAGGACTGCAACTACAT_002,78
CCAAAGGACTGCAACTACAT_003,140
CCAAAGGACTGCAACTACAT_004,157
CCAAAGGACTGCAACTACAT_005,150
ACTCCTGGGAAGCCCAAAAC_001,153
ACTCCTGGGAAGCCCAAAAC_002,3
ACTCCTGGGAAGCCCAAAAC_003,151
ACTCCTGGGAAGCCCAAAAC_004,48
ACTCCTGGGAAGCCCAAAAC_005,94
ACTCCTGGGAAGCCCAAAAC_006,83
ACTCCTGGGAAGCCCAAAAC_007,111
ACTCCTGGGAAGCCCAAAAC_008,61
ACTCCTGGGAAGCCCAAAAC_009,94
ACTCCTGGGAAGCCCAAAAC_010,160
ACTCCTGGGAAGCCCAAAAC_011,105
ACTCCTGGGAAGCCCAAAAC_012,58
ACTCCTGGGAAGCCCAAAAC_013,126
ACTCCTGGGAAGCCCAAAAC_014,118
CCTGCATCAGGCCACCGCGG_001,18
CCTGCATCAGGCCACCGCGG_002,17
CCTGCATCAGGCCACCGCGG_003,134
CCTGCATCAGGCCACCGCGG_004,144
CCTGCATCAGGCCACCGCGG_005,116
CCTGCATCAGGCCACCGCGG_006,112
CCTGCATCAGGCCACCGCGG_007,89
CCTGCATCAGGCCACCGCGG_008,111
CCTGCATCAGGCCACCGCGG_009,16
CCTGCATCAGGCCACCGCGG_010,38
CCTGCATCAGGCCACCGCGG_011,83
ACAAGAGTGCGATGTTCATG_001,36
ACAAGAGTGCGATGTTCATG_002,29
ACAAGAGTGCGATGTTCATG_003,85
ACAAGAGTGCGATGTTCATG_004,199
ACAAGAGTGCGATGTTCATG_005,168
ACAAGAGTGCGATGTTCATG_006,8
ACAAGAGTGCGATGTTCATG_007,65
GTTCTCTCATAAGAGGCCAG_001,21
GTTCTCTCATAAGAGGCCAG_002,189
GTTCTCTCATAAGAGGCCAG_003,28
TCTTCCGCCCAAAGAGACCA_001,41
TCTTCCGCCCAAAGAGACCA_002,44
TCTTCCGCCCAAAGAGACCA_003,171
TCTTCCGCCCAAAGAGACCA_004,40
TCTTCCGCCCAAAGAGACCA_005,45
TCTTCCGCCCAAAGAGACCA_006,146
TGGAGGAGTTTGCCTGGCGT_001,90
TGGGTTATATTCATGACTGG_001,49
TGGGTTATATTCATGACTGG_002,84
TTTAGAAGTAACTAACCACG_001,40
CGGTGCTCACAATCACCCCA_001,82
CGGTGCTCACAATCACCCCA_002,115
CGGTGCTCACAATCACCCCA_003,61
CGGTGCTCACAATCACCCCA_004,169
CGGTGCTCACAATCACCCCA_005,102
CGGTGCTCACAATCACCCCA_006,16
CGGTGCTCACAATCACCCCA_007,168
CGGTGCTCACAATCACCCCA_008,122
CGCAGCATACTCCTTCACGA_001,182
CGCAGCATACTCCTTCACGA_002,0
CGCAGCATACTCCTTCACGA_003,137
CGCAGCATACTCCTTCACGA_004,190
TTTCCATTAATTGCCAAGCG_001,29
TTTCCATTAATTGCCAAGCG_002,53
TTTCCATTAATTGCCAAGCG_003,149
AGCCCTACTCCTGACTGCAA_001,38
AGCCCTACTCCTGACTGCAA_002,140
AGCCCTACTCCTGACTGCAA_003,130
AGCCCTACTCCTGACTGCAA_004,67
AGCCCTACTCCTGACTGCAA_005,193
AGCCCTACTCCTGACTGCAA_006,94
AGCCCTACTCCTGACTGCAA_007,40
AGCCCTACTCCTGACTGCAA_008,66
AGCCCTACTCCTGACTGCAA_009,188
AGCCCTACTCCTGACTGCAA_010,88
AGCCCTACTCCTGACTGCAA_011,49
TTTCGCAGATTGTCCCAATG_001,177
TTTCGCAGATTGTCCCAATG_002,84
TTTCGCAGATTGTCCCAATG_003,8
TTTCGCAGATTGTCCCAATG_004,92
TTTCGCAGATTGTCCCAATG_005,92
TTTCGCAGATTGTCCCAATG_006,113
TTTCGCAGATTGTCCCAATG_007,123
TTTCGCAGATTGTCCCAATG_008,113
TTTCGCAGATTGTCCCAATG_009,23
TTTCGCAGATTGTCCCAATG_010,44
TTTCGCAGATTGTCCCAATG_011,16
TTTCGCAGATTGTCCCAATG_012,34
TTTCGCAGATTGTCCCAATG_013,2
TTTCGCAGATTGTCCCAATG_014,168
TTTCGCAGATTGTCCCAATG_015,137
TTTCGCAGATTGTCCCAATG_016,137
TTTCGCAGATTGTCCCAATG_017,37
TTTCGCAGATTGTCCCAATG_018,127
TTTCGCAGATTGTCCCAATG_019,150
TCCCGGAGTAGCAGAGTCCG_001,23
TCCCGGAGTAGCAGAGTCCG_002,169
TCCCGGAGTAGCAGAGTCCG_003,49
TCCCGGAGTAGCAGAGTCCG_004,58
TCCCGGAGTAGCAGAGTCCG_005,55
TCCCGGAGTAGCAGAGTCCG_006,85
TCCCGGAGTAGCAGAGTCCG_007,170
TCCCGGAGTAGCAGAGTCCG_008,72
TCCCGGAGTAGCAGAGTCCG_009,15
TCCCGGAGTAGCAGAGTCCG_010,184
TCCCGGAGTAGCAGAGTCCG_011,55
TCCCGGAGTAGCAGAGTCCG_012,15
TCCCGGAGTAGCAGAGTCCG_013,156
TCCCGGAGTAGCAGAGTCCG_014,105
TCCCGGAGTAGCAGAGTCCG_015,143
TCCCGGAGTAGCAGAGTCCG_016,112
TCCCGGAGTAGCAGAGTCCG_017,96
TCCCGGAGTAGCAGAGTCCG_018,157
TCCCGGAGTAGCAGAGTCCG_019,68
TCCCGGAGTAGCAGAGTCCG_020,18
TCCCGGAGTAGCAGAGTCCG_021,122
TCCCGGAGTAGCAGAGTCCG_022,81
TCCCGGAGTAGCAGAGTCCG_023,41
TCCCGGAGTAGCAGAGTCCG_024,19
TCCCGGAGTAGCAGAGTCCG_025,134
TCCCGGAGTAGCAGAGTCCG_026,144
TCCCGGAGTAGCAGAGTCCG_027,174
TCCCGGAGTAGCAGAGTCCG_028,81
CATGATGAGAGGCTCTTGGG_001,113
CATGATGAGAGGCTCTTGGG_002,134
CATGATGAGAGGCTCTTGGG_003,34
CATGATGAGAGGCTCTTGGG_004,198
CATGATGAGAGGCTCTTGGG_005,158
CATGATGAGAGGCTCTTGGG_006,64
CATGATGAGAGGCTCTTGGG_007,71
CATGATGAGAGGCTCTTGGG_008,47
CATGATGAGAGGCTCTTGGG_009,8
CATGATGAGAGGCTCTTGGG_010,4
CATGATGAGAGGCTCTTGGG_011,145
CATGATGAGAGGCTCTTGGG_012,138
CATGATGAGAGGCTCTTGGG_013,108
CATGATGAGAGGCTCTTGGG_014,56
TGGAGGCGGAAATCGCCCAT_001,130
TGGAGGCGGAAATCGCCCAT_002,103
TGGAGGCGGAAATCGCCCAT_003,195
TGGAGGCGGAAATCGCCCAT_004,159
TGGAGGCGGAAATCGCCCAT_005,78
TGGAGGCGGAAATCGCCCAT_006,1
TGGAGGCGGAAATCGCCCAT_007,52
TGGAGGCGGAAATCGCCCAT_008,148
TGGAGGCGGAAATCGCCCAT_009,141
TGGAGGCGGAAATCGCCCAT_010,50
TGGAGGCGGAAATCGCCCAT_011,121
TGGAGGCGGAAATCGCCCAT_012,170
TGGAGGCGGAAATCGCCCAT_013,160
TGGAGGCGGAAATCGCCCAT_014,62
TGGAGGCGGAAATCGCCCAT_015,75
TGGAGGCGGAAATCGCCCAT_016,60
ACCATTAGCCAGTTTACGAG_001,157
ACCATTAGCCAGTTTACGAG_002,61
ACCATTAGCCAGTTTACGAG_003,193
ACCATTAGCCAGTTTACGAG_004,100
ACCATTAGCCAGTTTACGAG_005,177
ACCATTAGCCAGTTTACGAG_006,60
ACCATTAGCCAGTTTACGAG_007,15
ACCATTAGCCAGTTTACGAG_008,147
ACCATTAGCCAGTTTACGAG_009,8
ACCATTAGCCAGTTTACGAG_010,9
ACCATTAGCCAGTTTACGAG_011,168
CCATGCTGAACTTCTTCGTG_001,198
CCATGCTGAACTTCTTCGTG_002,87
CCATGCTGAACTTCTTCGTG_003,178
CCATGCTGAACTTCTTCGTG_004,15
CCATGCTGAACTTCTTCGTG_005,141
CCATGCTGAACTTCTTCGTG_006,122
CCATGCTGAACTTCTTCGTG_007,107
CCATGCTGAACTTCTTCGTG_008,14
CCATGCTGAACTTCTTCGTG_009,176
GCTGCCCAGCATCTACATCG_001,120
GCTGCCCAGCATCTACATCG_002,36
GCTGCCCAGCATCTACATCG_003,149
GCTGCCCAGCATCTACATCG_004,33
GCTGCCCAGCATCTACATCG_005,127
TGTGATCTCACACCAAGCCT_001,108
TGTGATCTCACACCAAGCCT_002,15
TGTGATCTCACACCAAGCCT_003,193
TGTGATCTCACACCAAGCCT_004,182
TGTGATCTCACACCAAGCCT_005,58
TGTGATCTCACACCAAGCCT_006,120
GGTGAGGCCAGACGGCGTGT_001,172
GGTGAGGCCAGACGGCGTGT_002,112
GGTGAGGCCAGACGGCGTGT_003,175
GGTGAGGCCAGACGGCGTGT_004,107
GGTGAGGCCAGACGGCGTGT_005,127
GGTGAGGCCAGACGGCGTGT_006,105
GGTGAGGCCAGACGGCGTGT_007,5
GGTGAGGCCAGACGGCGTGT_008,111
GGTGAGGCCAGACGGCGTGT_009,153
GGTGAGGCCAGACGGCGTGT_010,175
GGTGAGGCCAGACGGCGTGT_011,35
GGTGAGGCCAGACGGCGTGT_012,48
GGTGAGGCCAGACGGCGTGT_013,180
GGTGAGGCCAGACGGCGTGT_014,185
GGTGAGGCCAGACGGCGTGT_015,143
GGTGAGGCCAGACGGCGTGT_016,143
ATACGGTTTATCATCACACC_001,119
ATACGGTTTATCATCACACC_002,106
ATACGGTTTATCATCACACC_003,92
CTGAGCAATTGCATCCAATG_001,130
CTGAGCAATTGCATCCAATG_002,186
CTGAGCAATTGCATCCAATG_003,190
CTGAGCAATTGCATCCAATG_004,95
CTGAGCAATTGCATCCAATG_005,146
CTGAGCAATTGCATCCAATG_006,183
CTGAGCAATTGCATCCAATG_007,102
CTGAGCAATTGCATCCAATG_008,46
TGTCATGGAGCCCTACCTCG_001,4
TGTCATGGAGCCCTACCTCG_002,38
TGTCATGGAGCCCTACCTCG_003,26
TGTCATGGAGCCCTACCTCG_004,22
TGTCATGGAGCCCTACCTCG_005,37
AGTATGAGTGATCCAGTGCT_001,182
AGTATGAGTGATCCAGTGCT_002,137
AGTATGAGTGATCCAGTGCT_003,162
AGTATGAGTGATCCAGTGCT_004,44
AGTATGAGTGATCCAGTGCT_005,82
AGTATGAGTGATCCAGTGCT_006,160
AGTATGAGTGATCCAGTGCT_007,52
AAAGTCGGGATCCTACACCT_001,106
AAAGTCGGGATCCTACACCT_002,82
AAAGTCGGGATCCTACACCT_003,23
AAAGTCGGGATCCTACACCT_004,58
AAAGTCGGGATCCTACACCT_005,103
AAAGTCGGGATCCTACACCT_006,145
AAAGTCGGGATCCTACACCT_007,126
AAAGTCGGGATCCTACACCT_008,64
AAAGTCGGGATCCTACACCT_009,40
AAAGTCGGGATCCTACACCT_010,40
CTCCTTCATTGATGGAACGG_001,186
CTCCTTCATTGATGGAACGG_002,34
CTCCTTCATTGATGGAACGG_003,94
GGGGCTACGCCACTCGTACA_001,116
GGGGCTACGCCACTCGTACA_002,186
GGGGCTACGCCACTCGTACA_003,159
GGGGCTACGCCACTCGTACA_004,33
TACTGATATAAGGCCCACTG_001,3
TACTGATATAAGGCCCACTG_002,68
TACTGATATAAGGCCCACTG_003,91
TACTGATATAAGGCCCACTG_004,41
CCTGTCTAGCATCTCGCCAC_001,169
CCTGTCTAGCATCTCGCCAC_002,161
CCTGTCTAGCATCTCGCCAC_003,81
CCTGTCTAGCATCTCGCCAC_004,157
TTACATCTAAAGAGCTAGGG_001,158
TTACATCTAAAGAGCTAGGG_002,17
TTACATCTAAAGAGCTAGGG_003,60
TTACATCTAAAGAGCTAGGG_004,140
TTACATCTAAAGAGCTAGGG_005,105
TTACATCTAAAGAGCTAGGG_006,2
TTACATCTAAAGAGCTAGGG_007,115
TTACATCTAAAGAGCTAGGG_008,19
TGCACCAAAATGGCCACCAG_001,53
TGCACCAAAATGGCCACCAG_002,70
TGCACCAAAATGGCCACCAG_003,158
TGCACCAAAATGGCCACCAG_004,199
TGCACCAAAATGGCCACCAG_005,78
TGCACCAAAATGGCCACCAG_006,29
TGCACCAAAATGGCCACCAG_007,60
TGCACCAAAATGGCCACCAG_008,27
TGCACCAAAATGGCCACCAG_009,132
TGCACCAAAATGGCCACCAG_010,61
TGCACCAAAATGGCCACCAG_011,198
TGCACCAAAATGGCCACCAG_012,49
TGCACCAAAATGGCCACCAG_013,127
TGCACCAAAATGGCCACCAG_014,34
TGCACCAAAATGGCCACCAG_015,199
TGCACCAAAATGGCCACCAG_016,81
TGCACCAAAATGGCCACCAG_017,96
TGCACCAAAATGGCCACCAG_018,139
TGCACCAAAATGGCCACCAG_019,8
TGCACCAAAATGGCCACCAG_020,28
TGCACCAAAATGGCCACCAG_021,48
TGCACCAAAATGGCCACCAG_022,69
TGCACCAAAATGGCCACCAG_023,177
TGCACCAAAATGGCCACCAG_024,198
TGCACCAAAATGGCCACCAG_025,50
TGCACCAAAATGGCCACCAG_026,88
TGCACCAAAATGGCCACCAG_027,35
TGCACCAAAATGGCCACCAG_028,3
TGCACCAAAATGGCCACCAG_029,99
CACTAGAAAGTATTCTCCGT_001,139
CTCATCAAAAAATGCATTCT_001,17
CTCATCAAAAAATGCATTCT_002,105
CTCATCAAAAAATGCATTCT_003,137
CTCATCAAAAAATGCATTCT_004,16
CTCATCAAAAAATGCATTCT_005,10
CTCATCAAAAAATGCATTCT_006,34
CTCATCAAAAAATGCATTCT_007,136
CTCATCAAAAAATGCATTCT_008,180
CTCATCAAAAAATGCATTCT_009,184
CTCCAGAGATGTGACCCCCG_001,49
CTCCAGAGATGTGACCCCCG_002,174
GGAAGCCCGCAAAGGTCGCT_001,107
GGAAGCCCGCAAAGGTCGCT_002,105
GGAAGCCCGCAAAGGTCGCT_003,144
GGAAGCCCGCAAAGGTCGCT_004,53
GGAAGCCCGCAAAGGTCGCT_005,57
GGAAGCCCGCAAAGGTCGCT_006,117
GGAAGCCCGCAAAGGTCGCT_007,178
GGAAGCCCGCAAAGGTCGCT_008,147
GGAAGCCCGCAAAGGTCGCT_009,147
GGAAGCCCGCAAAGGTCGCT_010,118
GGAAGCCCGCAAAGGTCGCT_011,0
GGAAGCCCGCAAAGGTCGCT_012,78
GGAAGCCCGCAAAGGTCGCT_013,188
GGAAGCCCGCAAAGGTCGCT_014,97
GGAAGCCCGCAAAGGTCGCT_015,181
GGAAGCCCGCAAAGGTCGCT_016,154
GGAAGCCCGCAAAGGTCGCT_017,154
GGAAGCCCGCAAAGGTCGCT_018,127
GGAAGCCCGCAAAGGTCGCT_019,70
GGAAGCCCGCAAAGGTCGCT_020,78
GGAAGCCCGCAAAGGTCGCT_021,139
GGAAGCCCGCAAAGGTCGCT_022,70
GGAAGCCCGCAAAGGTCGCT_023,115
GGAAGCCCGCAAAGGTCGCT_024,179
GGAAGCCCGCAAAGGTCGCT_025,62
GGAAGCCCGCAAAGGTCGCT_026,89
GGAAGCCCGCAAAGGTCGCT_027,148
GGAAGCCCGCAAAGGTCGCT_028,139
GGAAGCCCGCAAAGGTCGCT_029,34
GGAAGCCCGCAAAGGTCGCT_030,187
GGAAGCCCGCAAAGGTCGCT_031,28
GGAAGCCCGCAAAGGTCGCT_032,34
GGAAGCCCGCAAAGGTCGCT_033,34
GGAAGCCCGCAAAGGTCGCT_034,39
GGAAGCCCGCAAAGGTCGCT_035,39
GGAAGCCCGCAAAGGTCGCT_036,188
GGAAGCCCGCAAAGGTCGCT_037,106
GGAAGCCCGCAAAGGTCGCT_038,174
GGAAGCCCGCAAAGGTCGCT_039,197
GGAAGCCCGCAAAGGTCGCT_040,2
GGAAGCCCGCAAAGGTCGCT_041,78
GGAAGCCCGCAAAGGTCGCT_042,126
GGAAGCCCGCAAAGGTCGCT_043,46
GGAAGCCCGCAAAGGTCGCT_044,166
GGAAGCCCGCAAAGGTCGCT_045,57
GTGTATGCTCGGCTTCGTAA_001,147
GTGTATGCTCGGCTTCGTAA_002,56
GTGTATGCTCGGCTTCGTAA_003,40
GTGTATGCTCGGCTTCGTAA_004,78
GTGTATGCTCGGCTTCGTAA_005,12
GTGTATGCTCGGCTTCGTAA_006,194
GTGTATGCTCGGCTTCGTAA_007,85
GATCCCGAATGGCATAACCA_001,1
GATCCCGAATGGCATAACCA_002,9
GATCCCGAATGGCATAACCA_003,115
GATCCCGAATGGCATAACCA_004,176
GATCCCGAATGGCATAACCA_005,33
GATCCCGAATGGCATAACCA_006,91
GATCCCGAATGGCATAACCA_007,197
GATCCCGAATGGCATAACCA_008,27
GATCCCGAATGGCATAACCA_009,69
AGCGATACTCACGTTATTCG_001,94
AGCGATACTCACGTTATTCG_002,8
AGCGATACTCACGTTATTCG_003,129
AGCGATACTCACGTTATTCG_004,160
CAAGCGAGCGATGAATCTCG_001,191
CAAGCGAGCGATGAATCTCG_002,67
CAAGCGAGCGATGAATCTCG_003,91
CAAGCGAGCGATGAATCTCG_004,54
CAAGCGAGCGATGAATCTCG_005,42
CAAGCGAGCGATGAATCTCG_006,138
CAAGCGAGCGATGAATCTCG_007,45
CAAGCGAGCGATGAATCTCG_008,65
CGTTGCCACAGACATCGGTG_001,35
CGTTGCCACAGACATCGGTG_002,149
CGTTGCCACAGACATCGGTG_003,166
CGTTGCCACAGACATCGGTG_004,175
CGTTGCCACAGACATCGGTG_005,50
CGTTGCCACAGACATCGGTG_006,89
CGTTGCCACAGACATCGGTG_007,20
CGTTGCCACAGACATCGGTG_008,89
CGTTGCCACAGACATCGGTG_009,102
GCATATTGAATATTACAACA_001,80
GCATATTGAATATTACAACA_002,144
GCATATTGAATATTACAACA_003,57
GCATATTGAATATTACAACA_004,51
ATTCTCAACAATGCGCACAA_001,34
ATTCTCAACAATGCGCACAA_002,175
ATTCTCAACAATGCGCACAA_003,129
ATTCTCAACAATGCGCACAA_004,6
ATTCTCAACAATGCGCACAA_005,177
ATTCTCAACAATGCGCACAA_006,127
ATTCTCAACAATGCGCACAA_007,36
ATTCTCAACAATGCGCACAA_008,100
ATTCTCAACAATGCGCACAA_009,67
ATTCTCAACAATGCGCACAA_010,199
ATTCTCAACAATGCGCACAA_011,61
ATTCTCAACAATGCGCACAA_012,78
ATTCTCAACAATGCGCACAA_013,106
ATTCTCAACAATGCGCACAA_014,98
CAGAAACAAGGATCAAGGAC_001,161
CAGAAACAAGGATCAAGGAC_002,105
TGGAAGGGAAGATAGTCAGT_001,76
TGGAAGGGAAGATAGTCAGT_002,53
TGGAAGGGAAGATAGTCAGT_003,9
TGGAAGGGAAGATAGTCAGT_004,145
TGGAAGGGAAGATAGTCAGT_005,64
TGGAAGGGAAGATAGTCAGT_006,117
TGGAAGGGAAGATAGTCAGT_007,54
TGGAAGGGAAGATAGTCAGT_008,107
TGGAAGGGAAGATAGTCAGT_009,107
TGGAAGGGAAGATAGTCAGT_010,47
TGGAAGGGAAGATAGTCAGT_011,45
TGGAAGGGAAGATAGTCAGT_012,149
TGGAAGGGAAGATAGTCAGT_013,169
TGGAAGGGAAGATAGTCAGT_014,52
ACCTATACAGAATTATGCAG_001,17
ACCTATACAGAATTATGCAG_002,188
ACCTATACAGAATTATGCAG_003,160
ACCTATACAGAATTATGCAG_004,156
CCCATTGACCAACTCCAGTG_001,126
CCCATTGACCAACTCCAGTG_002,5
CCCATTGACCAACTCCAGTG_003,41
CCCATTGACCAACTCCAGTG_004,127
CCCATTGACCAACTCCAGTG_005,36
CCCATTGACCAACTCCAGTG_006,118
CCCATTGACCAACTCCAGTG_007,36
CCCATTGACCAACTCCAGTG_008,186
CCCATTGACCAACTCCAGTG_009,175
CCCATTGACCAACTCCAGTG_010,116
CCCATTGACCAACTCCAGTG_011,130
CCCATTGACCAACTCCAGTG_012,42
CCCATTGACCAACTCCAGTG_013,88
CCCATTGACCAACTCCAGTG_014,162
CCCATTGACCAACTCCAGTG_015,110
CCCATTGACCAACTCCAGTG_016,197
CCCATTGACCAACTCCAGTG_017,43
CCCATTGACCAACTCCAGTG_018,15
CCCATTGACCAACTCCAGTG_019,43
CCCATTGACCAACTCCAGTG_020,23
CCCATTGACCAACTCCAGTG_021,23
CCCATTGACCAACTCCAGTG_022,124
CCCATTGACCAACTCCAGTG_023,39
CCCATTGACCAACTCCAGTG_024,162
CCCATTGACCAACTCCAGTG_025,3
TACGTGGCCATGAACCGCCG_001,4
TACGTGGCCATGAACCGCCG_002,99
TACGTGGCCATGAACCGCCG_003,191
TACGTGGCCATGAACCGCCG_004,12
TACGTGGCCATGAACCGCCG_005,24
TACGTGGCCATGAACCGCCG_006,61
TACGTGGCCATGAACCGCCG_007,83
TACGTGGCCATGAACCGCCG_008,166
TACGTGGCCATGAACCGCCG_009,153
TACGTGGCCATGAACCGCCG_010,7
TACGTGGCCATGAACCGCCG_011,162
TACGTGGCCATGAACCGCCG_012,147
GGTTCTCTAAGGGCTGCACC_001,69
GGTTCTCTAAGGGCTGCACC_002,190
GGTTCTCTAAGGGCTGCACC_003,169
GGTTCTCTAAGGGCTGCACC_004,56
GGTTCTCTAAGGGCTGCACC_005,134
GGTTCTCTAAGGGCTGCACC_006,121
GGTTCTCTAAGGGCTGCACC_007,26
GGTTCTCTAAGGGCTGCACC_008,48
GGTTCTCTAAGGGCTGCACC_009,172
AGGTGGACCAACAATTTCAG_001,15
AGGTGGACCAACAATTTCAG_002,181
AGGTGGACCAACAATTTCAG_003,134
AGGTGGACCAACAATTTCAG_004,149
AGGTGGACCAACAATTTCAG_005,107
AGGTGGACCAACAATTTCAG_006,98
AGGTGGACCAACAATTTCAG_007,186
AGGTGGACCAACAATTTCAG_008,56
AGGTGGACCAACAATTTCAG_009,9
AGGTGGACCAACAATTTCAG_010,190
CCCTACACATGTGAAGATCG_001,97
CCCTACACATGTGAAGATCG_002,182
CCCTACACATGTGAAGATCG_003,49
CCCTACACATGTGAAGATCG_004,34
CCCTACACATGTGAAGATCG_005,92
CCCTACACATGTGAAGATCG_006,52
CCCTACACATGTGAAGATCG_007,118
CCCTACACATGTGAAGATCG_008,19
CCCTACACATGTGAAGATCG_009,43
CCCTACACATGTGAAGATCG_010,191
CCCTACACATGTGAAGATCG_011,77
CCCTACACATGTGAAGATCG_012,169
CCCTACACATGTGAAGATCG_013,78
CCCTACACATGTGAAGATCG_014,177
TATAGGCGGCAAGACTATTG_001,41
TATAGGCGGCAAGACTATTG_002,169
TATAGGCGGCAAGACTATTG_003,176
TATAGGCGGCAAGACTATTG_004,117
TATAGGCGGCAAGACTATTG_005,14
TATAGGCGGCAAGACTATTG_006,172
TATAGGCGGCAAGACTATTG_007,63
GAACAAAGTGGTTACCAGGG_001,101
GAACAAAGTGGTTACCAGGG_002,127
GAACAAAGTGGTTACCAGGG_003,172
GAACAAAGTGGTTACCAGGG_004,191
GAACAAAGTGGTTACCAGGG_005,133
GAACAAAGTGGTTACCAGGG_006,50
GAACAAAGTGGTTACCAGGG_007,27
GAACAAAGTGGTTACCAGGG_008,173
GAACAAAGTGGTTACCAGGG_009,147
GAACAAAGTGGTTACCAGGG_010,115
GAACAAAGTGGTTACCAGGG_011,138
GAACAAAGTGGTTACCAGGG_012,29
GAACAAAGTGGTTACCAGGG_013,184
GAAGGTTCCTGACCAGACAT_001,42
GAAGGTTCCTGACCAGACAT_002,130
GAAGGTTCCTGACCAGACAT_003,81
GAAGGTTCCTGACCAGACAT_004,132
GAAGGTTCCTGACCAGACAT_005,19
GAAGGTTCCTGACCAGACAT_006,2
GAAGGTTCCTGACCAGACAT_007,9
GAAGGTTCCTGACCAGACAT_008,62
GAAGGTTCCTGACCAGACAT_009,100
GAAGGTTCCTGACCAGACAT_010,81
GGCTGGACTGGAGCTTGAGA_001,96
GGCTGGACTGGAGCTTGAGA_002,8
GGCTGGACTGGAGCTTGAGA_003,101
GGCTGGACTGGAGCTTGAGA_004,186
GGCTGGACTGGAGCTTGAGA_005,42
GGCTGGACTGGAGCTTGAGA_006,182
GGCTGGACTGGAGCTTGAGA_007,36
GGCTGGACTGGAGCTTGAGA_008,148
GGCTGGACTGGAGCTTGAGA_009,175
GGCTGGACTGGAGCTTGAGA_010,57
GGCTGGACTGGAGCTTGAGA_011,163
GGCTGGACTGGAGCTTGAGA_012,125
GGCTGGACTGGAGCTTGAGA_013,35
GGCTGGACTGGAGCTTGAGA_014,106
GGCTGGACTGGAGCTTGAGA_015,94
GGCTGGACTGGAGCTTGAGA_016,2
GGCTGGACTGGAGCTTGAGA_017,63
GGCTGGACTGGAGCTTGAGA_018,19
GGCTGGACTGGAGCTTGAGA_019,63
GGCTGGACTGGAGCTTGAGA_020,106
GGCTGGACTGGAGCTTGAGA_021,157
GGCTGGACTGGAGCTTGAGA_022,94
GGCTGGACTGGAGCTTGAGA_023,106
CCAGTACCCAAACAGGCCAG_001,102
CCAGTACCCAAACAGGCCAG_002,15
CCAGTACCCAAACAGGCCAG_003,169
CCAGTACCCAAACAGGCCAG_004,191
CCAGTACCCAAACAGGCCAG_005,194
CCAGTACCCAAACAGGCCAG_006,7
CCAGTACCCAAACAGGCCAG_007,7
CCAGTACCCAAACAGGCCAG_008,67
CCAGTACCCAAACAGGCCAG_009,78
CCAGTACCCAAACAGGCCAG_010,108
CCAGTACCCAAACAGGCCAG_011,19
CCAGTACCCAAACAGGCCAG_012,54
CCAGTACCCAAACAGGCCAG_013,184
CCAGTACCCAAACAGGCCAG_014,77
CCAGTACCCAAACAGGCCAG_015,2
CCAGTACCCAAACAGGCCAG_016,55
CCAGTACCCAAACAGGCCAG_017,14
CCAGTACCCAAACAGGCCAG_018,29
CCAGTACCCAAACAGGCCAG_019,69
CCAGTACCCAAACAGGCCAG_020,42
CCAGTACCCAAACAGGCCAG_021,168
CCAGTACCCAAACAGGCCAG_022,188
CCAGTACCCAAACAGGCCAG_023,1
CCAGTACCCAAACAGGCCAG_024,177
CCAGTACCCAAACAGGCCAG_025,37
CCAGTACCCAAACAGGCCAG_026,93
CCAGTACCCAAACAGGCCAG_027,56
CCAGTACCCAAACAGGCCAG_028,59
CCAGTACCCAAACAGGCCAG_029,66
TTGGAGCGTTGCAAACCCGG_001,60
TTGGAGCGTTGCAAACCCGG_002,162
TTGGAGCGTTGCAAACCCGG_003,127
TTGGAGCGTTGCAAACCCGG_004,137
TTGGAGCGTTGCAAACCCGG_005,172
TTGGAGCGTTGCAAACCCGG_006,156
TTGGAGCGTTGCAAACCCGG_007,166
TTGGAGCGTTGCAAACCCGG_008,19
TTGGAGCGTTGCAAACCCGG_009,50
GAACTTAATGCGATACACTG_001,81
GAACTTAATGCGATACACTG_002,9
GAACTTAATGCGATACACTG_003,196
GAACTTAATGCGATACACTG_004,139
GAACTTAATGCGATACACTG_005,11
GTGGTGAAGCAAAAAAACCA_001,166
GTGGTGAAGCAAAAAAACCA_002,7
GTGGTGAAGCAAAAAAACCA_003,74
GGAATCTCCACAGCGTCACA_001,30
GGAATCTCCACAGCGTCACA_002,162
GGAATCTCCACAGCGTCACA_003,57
GGAATCTCCACAGCGTCACA_004,59
GGAATCTCCACAGCGTCACA_005,69
TCCAATAGGATGAGTACCGC_001,23
TCCAATAGGATGAGTACCGC_002,189
TCCAATAGGATGAGTACCGC_003,76
TCCAATAGGATGAGTACCGC_004,27
TCCAATAGGATGAGTACCGC_005,39
AAGGTTTGCACCACTACCAA_001,83
AAGGTTTGCACCACTACCAA_002,101
AAGGTTTGCACCACTACCAA_003,163
AAGGTTTGCACCACTACCAA_004,171
AAGGTTTGCACCACTACCAA_005,98
AAGGTTTGCACCACTACCAA_006,137
AAGGTTTGCACCACTACCAA_007,194
AAGGTTTGCACCACTACCAA_008,115
GTGGAGAGGATGGCGAACGT_001,199
GTGGAGAGGATGGCGAACGT_002,113
GTGGAGAGGATGGCGAACGT_003,68
GTGGAGAGGATGGCGAACGT_004,189
GTCCCCTTGATCTCTACTCA_001,160
GTCCCCTTGATCTCTACTCA_002,142
GTCCCCTTGATCTCTACTCA_003,11
GTCCCCTTGATCTCTACTCA_004,53
GTCCCCTTGATCTCTACTCA_005,16
GTCCCCTTGATCTCTACTCA_006,169
GTCCCCTTGATCTCTACTCA_007,73
GTCCCCTTGATCTCTACTCA_008,29
GTCCCCTTGATCTCTACTCA_009,98
GTCCCCTTGATCTCTACTCA_010,84
CCACTCTTGGACATGACGCG_001,70
CCACTCTTGGACATGACGCG_002,150
CCACTCTTGGACATGACGCG_003,138
CCACTCTTGGACATGACGCG_004,171
CCACTCTTGGACATGACGCG_005,80
CCACTCTTGGACATGACGCG_006,167
CCACTCTTGGACATGACGCG_007,130
CCACTCTTGGACATGACGCG_008,14
CCACTCTTGGACATGACGCG_009,90
CCACTCTTGGACATGACGCG_010,9
CCACTCTTGGACATGACGCG_011,9
CCACTCTTGGACATGACGCG_012,120
CCACTCTTGGACATGACGCG_013,106
CCACTCTTGGACATGACGCG_014,120
AAGAGGCATTGCTCTATGGG_001,154
AAGAGGCATTGCTCTATGGG_002,146
TCAGGGCCTGAACTTCAACT_001,12
TCAGGGCCTGAACTTCAACT_002,9
TCAGGGCCTGAACTTCAACT_003,42
TCAGGGCCTGAACTTCAACT_004,121
TGATGATGCCTGTAAGACTG_001,52
TGATGATGCCTGTAAGACTG_002,166
TGATGATGCCTGTAAGACTG_003,92
ACCACTGAGTACTCACCATG_001,97
CCAGCCGCAGCACTTCACCT_001,53
CCAGCCGCAGCACTTCACCT_002,121
CCAGCCGCAGCACTTCACCT_003,6
CCAGCCGCAGCACTTCACCT_004,58
CCAGCCGCAGCACTTCACCT_005,120
CCAGCCGCAGCACTTCACCT_006,46
CCAGCCGCAGCACTTCACCT_007,141
CCAGCCGCAGCACTTCACCT_008,75
CCAGCCGCAGCACTTCACCT_009,22
CCAGCCGCAGCACTTCACCT_010,94
CCAGCCGCAGCACTTCACCT_011,172
CCAGCCGCAGCACTTCACCT_012,141
CCAGCCGCAGCACTTCACCT_013,193
CCAGCCGCAGCACTTCACCT_014,81
CCAGCCGCAGCACTTCACCT_015,107
AGGGGCCCGCCGTGGAATTG_001,30
AGGGGCCCGCCGTGGAATTG_002,169
AGGGGCCCGCCGTGGAATTG_003,175
AGGGGCCCGCCGTGGAATTG_004,138
AGGGGCCCGCCGTGGAATTG_005,56
AGGGGCCCGCCGTGGAATTG_006,81
AGGGGCCCGCCGTGGAATTG_007,49
AGGGGCCCGCCGTGGAATTG_008,48
AGGGGCCCGCCGTGGAATTG_009,17
AGGGGCCCGCCGTGGAATTG_010,32
AGGGGCCCGCCGTGGAATTG_011,70
AGGGGCCCGCCGTGGAATTG_012,86
AGGGGCCCGCCGTGGAATTG_013,18
AGGGGCCCGCCGTGGAATTG_014,1
AGGGGCCCGCCGTGGAATTG_015,20
CAAGGAATACCACATACCCG_001,138
CAAGGAATACCACATACCCG_002,157
CAAGGAATACCACATACCCG_003,10
GGAGTAAGAGAGTCCTCCTG_001,172
GGAGTAAGAGAGTCCTCCTG_002,56
GGAGTAAGAGAGTCCTCCTG_003,23
GGAGTAAGAGAGTCCTCCTG_004,177
GGAGTAAGAGAGTCCTCCTG_005,1
GGAGTAAGAGAGTCCTCCTG_006,95
GGAGTAAGAGAGTCCTCCTG_007,145
GGAGTAAGAGAGTCCTCCTG_008,82
GGAGTAAGAGAGTCCTCCTG_009,78
GGAGTAAGAGAGTCCTCCTG_010,1
GGAGTAAGAGAGTCCTCCTG_011,169
GGAGTAAGAGAGTCCTCCTG_012,81
GGAGTAAGAGAGTCCTCCTG_013,114
GGAGTAAGAGAGTCCTCCTG_014,39
TATGGTGATTCTGCTAACCC_001,15
TATGGTGATTCTGCTAACCC_002,112
TATGGTGATTCTGCTAACCC_003,81
TATGGTGATTCTGCTAACCC_004,166
TGTGACTTGTCCATAGCGTA_001,152
TGTGACTTGTCCATAGCGTA_002,132
TGTGACTTGTCCATAGCGTA_003,199
TGTGACTTGTCCATAGCGTA_004,158
TGTGACTTGTCCATAGCGTA_005,105
TGTGACTTGTCCATAGCGTA_006,17
TGTGACTTGTCCATAGCGTA_007,9
TGTGACTTGTCCATAGCGTA_008,172
TGTGACTTGTCCATAGCGTA_009,22
TGTGACTTGTCCATAGCGTA_010,113
TGTGACTTGTCCATAGCGTA_011,141
TGTGACTTGTCCATAGCGTA_012,136
TATGCGGCAGAGATCCTCTG_001,17
TATGCGGCAGAGATCCTCTG_002,166
TATGCGGCAGAGATCCTCTG_003,12
TATGCGGCAGAGATCCTCTG_004,113
TATGCGGCAGAGATCCTCTG_005,29
TATGCGGCAGAGATCCTCTG_006,137
TATGCGGCAGAGATCCTCTG_007,148
TATGCGGCAGAGATCCTCTG_008,132
TATGCGGCAGAGATCCTCTG_009,177
TATGCGGCAGAGATCCTCTG_010,83
TATGCGGCAGAGATCCTCTG_011,117
TATGCGGCAGAGATCCTCTG_012,117
TATGCGGCAGAGATCCTCTG_013,121
TATGCGGCAGAGATCCTCTG_014,106
TATGCGGCAGAGATCCTCTG_015,29
TATGCGGCAGAGATCCTCTG_016,145
TATGCGGCAGAGATCCTCTG_017,160
TATGCGGCAGAGATCCTCTG_018,141
TATGCGGCAGAGATCCTCTG_019,15
TATGCGGCAGAGATCCTCTG_020,30
TATGCGGCAGAGATCCTCTG_021,103
TATGCGGCAGAGATCCTCTG_022,126
TATGCGGCAGAGATCCTCTG_023,81
TATGCGGCAGAGATCCTCTG_024,27
TTACCCAGAAAAATCCTCTG_001,142
TTACCCAGAAAAATCCTCTG_002,159
TTACCCAGAAAAATCCTCTG_003,9
TTACCCAGAAAAATCCTCTG_004,168
CTCCCATGATGATACCACAC_001,11
CTAGGAGGAATCTGCATGTG_001,49
CTAGGAGGAATCTGCATGTG_002,109
CTAGGAGGAATCTGCATGTG_003,109
CTAGGAGGAATCTGCATGTG_004,154
CTAGGAGGAATCTGCATGTG_005,125
CTAGGAGGAATCTGCATGTG_006,125
CTAGGAGGAATCTGCATGTG_007,55
CTAGGAGGAATCTGCATGTG_008,171
CTAGGAGGAATCTGCATGTG_009,44
CTAGGAGGAATCTGCATGTG_010,75
CTAGGAGGAATCTGCATGTG_011,4
GACCTTCTTAGAAAGTCGAG_001,14
GACCTTCTTAGAAAGTCGAG_002,52
GACCTTCTTAGAAAGTCGAG_003,160
GACCTTCTTAGAAAGTCGAG_004,92
GACCTTCTTAGAAAGTCGAG_005,94
GACCTTCTTAGAAAGTCGAG_006,168
GACCTTCTTAGAAAGTCGAG_007,172
GACCTTCTTAGAAAGTCGAG_008,144
GACCTTCTTAGAAAGTCGAG_009,162
GACCTTCTTAGAAAGTCGAG_010,81
GACCTTCTTAGAAAGTCGAG_011,104
GACCTTCTTAGAAAGTCGAG_012,39
CCCAGGTGGTCATCCGCCGG_001,6
CCCAGGTGGTCATCCGCCGG_002,100
CCCAGGTGGTCATCCGCCGG_003,58
CCCAGGTGGTCATCCGCCGG_004,27
CAGACAAGACCGGTGAACTG_001,135
CAGACAAGACCGGTGAACTG_002,70
CAGACAAGACCGGTGAACTG_003,172
CAGACAAGACCGGTGAACTG_004,149
CAGACAAGACCGGTGAACTG_005,199
CAGACAAGACCGGTGAACTG_006,181
CAGACAAGACCGGTGAACTG_007,188
CAGACAAGACCGGTGAACTG_008,69
CAGACAAGACCGGTGAACTG_009,88
CAGACAAGACCGGTGAACTG_010,190
CAGACAAGACCGGTGAACTG_011,76
CAGACAAGACCGGTGAACTG_012,111
CAGACAAGACCGGTGAACTG_013,34
CAGACAAGACCGGTGAACTG_014,62
CAGACAAGACCGGTGAACTG_015,178
CAGACAAGACCGGTGAACTG_016,185
GAGCTATTCTGGATACACTC_001,82
GAGCTATTCTGGATACACTC_002,170
GAGCTATTCTGGATACACTC_003,154
GAGCTATTCTGGATACACTC_004,80
GAGCTATTCTGGATACACTC_005,82
GAGCTATTCTGGATACACTC_006,170
CAAGAAGGACTTAAGAACAC_001,2
CAAGAAGGACTTAAGAACAC_002,19
CAAGAAGGACTTAAGAACAC_003,134
CAAGAAGGACTTAAGAACAC_004,172
CAAGAAGGACTTAAGAACAC_005,175
CAAGAAGGACTTAAGAACAC_006,89
GAGATGTAATGTAGATCACC_001,104
GAGATGTAATGTAGATCACC_002,70
GAGATGTAATGTAGATCACC_003,57
TAGGATCCACAAGTTTGACC_001,197
TAGGATCCACAAGTTTGACC_002,43
TAGGATCCACAAGTTTGACC_003,58
TAGGATCCACAAGTTTGACC_004,191
AGAGGACAAGTTGCCAGACT_001,191
AGAGGACAAGTTGCCAGACT_002,2
AGAGGACAAGTTGCCAGACT_003,91
AGAGGACAAGTTGCCAGACT_004,93
AGAGGACAAGTTGCCAGACT_005,24
AGAGGACAAGTTGCCAGACT_006,191
AGAGGACAAGTTGCCAGACT_007,70
AGAGGACAAGTTGCCAGACT_008,49
AGAGGACAAGTTGCCAGACT_009,11
AGAGGACAAGTTGCCAGACT_010,94
TGGTAAAGTCTCGTCCCATG_001,94
TGGTAAAGTCTCGTCCCATG_002,168
CACACCTTACCGTCCATCGG_001,149
CACACCTTACCGTCCATCGG_002,199
CACACCTTACCGTCCATCGG_003,166
CACACCTTACCGTCCATCGG_004,96
CACACCTTACCGTCCATCGG_005,187
CACACCTTACCGTCCATCGG_006,61
CACACCTTACCGTCCATCGG_007,187
CACACCTTACCGTCCATCGG_008,33
CACACCTTACCGTCCATCGG_009,111
CACACCTTACCGTCCATCGG_010,79
CACACCTTACCGTCCATCGG_011,184
CACACCTTACCGTCCATCGG_012,199
CACACCTTACCGTCCATCGG_013,145
CACACCTTACCGTCCATCGG_014,88
CACACCTTACCGTCCATCGG_015,9
CACACCTTACCGTCCATCGG_016,123
CACACCTTACCGTCCATCGG_017,118
CACACCTTACCGTCCATCGG_018,52
CACACCTTACCGTCCATCGG_019,51
ACTCGATCCAGACAGGCCCG_001,28
ACTCGATCCAGACAGGCCCG_002,118
ACTCGATCCAGACAGGCCCG_003,137
ACTCGATCCAGACAGGCCCG_004,73
ACTCGATCCAGACAGGCCCG_005,128
ACTCGATCCAGACAGGCCCG_006,177
ACTCGATCCAGACAGGCCCG_007,190
ACTCGATCCAGACAGGCCCG_008,49
ACTCGATCCAGACAGGCCCG_009,192
ACTCGATCCAGACAGGCCCG_010,94
ACTCGATCCAGACAGGCCCG_011,38
ACTCGATCCAGACAGGCCCG_012,43
ACTCGATCCAGACAGGCCCG_013,162
ACTCGATCCAGACAGGCCCG_014,23
ACTCGATCCAGACAGGCCCG_015,18
ACTCGATCCAGACAGGCCCG_016,75
TCACAAGAAATACTCGAAGC_001,42
TCACAAGAAATACTCGAAGC_002,145
CCAAAGGTAAACTATCCAGA_001,94
CCAAAGGTAAACTATCCAGA_002,77
CCAAAGGTAAACTATCCAGA_003,170
CCAAAGGTAAACTATCCAGA_004,50
CCAAAGGTAAACTATCCAGA_005,115
CCAAAGGTAAACTATCCAGA_006,108
CAGGCCTCTCACATACTCGG_001,47
ATGATCCCACCACCCACCCG_001,122
ATGATCCCACCACCCACCCG_002,139
ATGATCCCACCACCCACCCG_003,32
ATGATCCCACCACCCACCCG_004,194
ATGATCCCACCACCCACCCG_005,29
ATGATCCCACCACCCACCCG_006,178
ATGATCCCACCACCCACCCG_007,134
ATGATCCCACCACCCACCCG_008,15
ATGATCCCACCACCCACCCG_009,158
ATGATCCCACCACCCACCCG_010,100
ATGATCCCACCACCCACCCG_011,104
ATGATCCCACCACCCACCCG_012,167
ATGATCCCACCACCCACCCG_013,199
ATGATCCCACCACCCACCCG_014,137
ATGATCCCACCACCCACCCG_015,42
ATGATCCCACCACCCACCCG_016,1
ATGATCCCACCACCCACCCG_017,9
ATGATCCCACCACCCACCCG_018,135
ATGATCCCACCACCCACCCG_019,152
ATGATCCCACCACCCACCCG_020,60
ATGATCCCACCACCCACCCG_021,173
ATGATCCCACCACCCACCCG_022,144
ATGATCCCACCACCCACCCG_023,169
ATGATCCCACCACCCACCCG_024,7
ATGATCCCACCACCCACCCG_025,47
ATGATCCCACCACCCACCCG_026,49
ATGATCCCACCACCCACCCG_027,133
ATGATCCCACCACCCACCCG_028,150
ATGATCCCACCACCCACCCG_029,162
ATGATCCCACCACCCACCCG_030,23
ATGATCCCACCACCCACCCG_031,1
ATGATCCCACCACCCACCCG_032,68
ATGATCCCACCACCCACCCG_033,138
ATGATCCCACCACCCACCCG_034,137
ATGATCCCACCACCCACCCG_035,77
ATGATCCCACCACCCACCCG_036,62
ATGATCCCACCACCCACCCG_037,44
ATGATCCCACCACCCACCCG_038,118
ATGATCCCACCACCCACCCG_039,48
ATGATCCCACCACCCACCCG_040,50
ATGATCCCACCACCCACCCG_041,82
ATGATCCCACCACCCACCCG_042,83
ATGATCCCACCACCCACCCG_043,106
ATGATCCCACCACCCACCCG_044,69
ATGATCCCACCACCCACCCG_045,199
ATGATCCCACCACCCACCCG_046,145
ATGATCCCACCACCCACCCG_047,48
ATGATCCCACCACCCACCCG_048,12
ATGATCCCACCACCCACCCG_049,139
ATGATCCCACCACCCACCCG_050,185
ATGATCCCACCACCCACCCG_051,168
ATGATCCCACCACCCACCCG_052,60
ATGATCCCACCACCCACCCG_053,115
ATGATCCCACCACCCACCCG_054,57
ATGATCCCACCACCCACCCG_055,119
ATGATCCCACCACCCACCCG_056,77
ATGATCCCACCACCCACCCG_057,82
ATGATCCCACCACCCACCCG_058,1
ATGATCCCACCACCCACCCG_059,30
ATGATCCCACCACCCACCCG_060,199
ATGATCCCACCACCCACCCG_061,49
ATGATCCCACCACCCACCCG_062,185
ATGATCCCACCACCCACCCG_063,144
ATGATCCCACCACCCACCCG_064,3
ATGATCCCACCACCCACCCG_065,68
ATGATCCCACCACCCACCCG_066,13
ATGATCCCACCACCCACCCG_067,34
ATGATCCCACCACCCACCCG_068,77
ATGATCCCACCACCCACCCG_069,129
ATGATCCCACCACCCACCCG_070,42
ATGATCCCACCACCCACCCG_071,69
ATGATCCCACCACCCACCCG_072,138
ATGATCCCACCACCCACCCG_073,188
ATGATCCCACCACCCACCCG_074,177
ATGATCCCACCACCCACCCG_075,73
ATGATCCCACCACCCACCCG_076,49
ATGATCCCACCACCCACCCG_077,162
ATGATCCCACCACCCACCCG_078,187
ATGATCCCACCACCCACCCG_079,104
ATGATCCCACCACCCACCCG_080,87
ATGATCCCACCACCCACCCG_081,161
ATGATCCCACCACCCACCCG_082,138
ATGATCCCACCACCCACCCG_083,12
ATGATCCCACCACCCACCCG_084,94
ATGATCCCACCACCCACCCG_085,56
ATGATCCCACCACCCACCCG_086,102
ATGATCCCACCACCCACCCG_087,142
ATGATCCCACCACCCACCCG_088,68
ATGATCCCACCACCCACCCG_089,43
ATGATCCCACCACCCACCCG_090,16
ATGATCCCACCACCCACCCG_091,54
ATGATCCCACCACCCACCCG_092,92
ATGATCCCACCACCCACCCG_093,32
ATGATCCCACCACCCACCCG_094,181
ATGATCCCACCACCCACCCG_095,15
ATGATCCCACCACCCACCCG_096,108
ATGATCCCACCACCCACCCG_097,113
ATGATCCCACCACCCACCCG_098,171
ATGATCCCACCACCCACCCG_099,189
ATGATCCCACCACCCACCCG_100,12
ATGATCCCACCACCCACCCG_101,107
ATGATCCCACCACCCACCCG_102,159
ATGATCCCACCACCCACCCG_103,42
ATGATCCCACCACCCACCCG_104,104
ATGATCCCACCACCCACCCG_105,176
ATGATCCCACCACCCACCCG_106,27
ATGATCCCACCACCCACCCG_107,131
ATGATCCCACCACCCACCCG_108,108
ATGATCCCACCACCCACCCG_109,134
ATGATCCCACCACCCACCCG_110,101
ATGATCCCACCACCCACCCG_111,84
ATGATCCCACCACCCACCCG_112,58
ATGATCCCACCACCCACCCG_113,25
ATGATCCCACCACCCACCCG_114,105
ATGATCCCACCACCCACCCG_115,151
ATGATCCCACCACCCACCCG_116,32
ATGATCCCACCACCCACCCG_117,189
ATGATCCCACCACCCACCCG_118,53
ATGATCCCACCACCCACCCG_119,170
ATGATCCCACCACCCACCCG_120,137
ATGATCCCACCACCCACCCG_121,12
ATGATCCCACCACCCACCCG_122,38
ATGATCCCACCACCCACCCG_123,124
ATGATCCCACCACCCACCCG_124,181
ATGATCCCACCACCCACCCG_125,86
ATGATCCCACCACCCACCCG_126,191
ATGATCCCACCACCCACCCG_127,177
ATGATCCCACCACCCACCCG_128,9
ATGATCCCACCACCCACCCG_129,145
ATGATCCCACCACCCACCCG_130,48
ATGATCCCACCACCCACCCG_131,9
ATGATCCCACCACCCACCCG_132,156
ATGATCCCACCACCCACCCG_133,97
ATGATCCCACCACCCACCCG_134,39
ATGATCCCACCACCCACCCG_135,91
ATGATCCCACCACCCACCCG_136,69
ATGATCCCACCACCCACCCG_137,190
ATGATCCCACCACCCACCCG_138,41
ATGATCCCACCACCCACCCG_139,148
ATGATCCCACCACCCACCCG_140,4
ATGATCCCACCACCCACCCG_141,197
ATGATCCCACCACCCACCCG_142,63
ATGATCCCACCACCCACCCG_143,75
ATGATCCCACCACCCACCCG_144,177
ATGATCCCACCACCCACCCG_145,87
ATGATCCCACCACCCACCCG_146,114
ATGATCCCACCACCCACCCG_147,147
ATGATCCCACCACCCACCCG_148,22
ATGATCCCACCACCCACCCG_149,0
ATGATCCCACCACCCACCCG_150,59
ATGATCCCACCACCCACCCG_151,118
ATGATCCCACCACCCACCCG_152,62
ATGATCCCACCACCCACCCG_153,75
ATGATCCCACCACCCACCCG_154,98
ATGATCCCACCACCCACCCG_155,30
ATGATCCCACCACCCACCCG_156,126
ATGATCCCACCACCCACCCG_157,158
ATGATCCCACCACCCACCCG_158,43
ATGATCCCACCACCCACCCG_159,94
ATGATCCCACCACCCACCCG_160,49
ATGATCCCACCACCCACCCG_161,26
ATGATCCCACCACCCACCCG_162,117
ATGATCCCACCACCCACCCG_163,13
ATGATCCCACCACCCACCCG_164,151
ATGATCCCACCACCCACCCG_165,148
ATGATCCCACCACCCACCCG_166,158
ATGATCCCACCACCCACCCG_167,141
ATGATCCCACCACCCACCCG_168,168
ATGATCCCACCACCCACCCG_169,140
ATGATCCCACCACCCACCCG_170,6
ATGATCCCACCACCCACCCG_171,33
ATGATCCCACCACCCACCCG_172,172
ATGATCCCACCACCCACCCG_173,197
ATGATCCCACCACCCACCCG_174,145
ATGATCCCACCACCCACCCG_175,148
ATGATCCCACCACCCACCCG_176,42
ATGATCCCACCACCCACCCG_177,57
ATGATCCCACCACCCACCCG_178,146
ATGATCCCACCACCCACCCG_179,166
ATGATCCCACCACCCACCCG_180,99
ATGATCCCACCACCCACCCG_181,26
ATGATCCCACCACCCACCCG_182,186
ATGATCCCACCACCCACCCG_183,62
ATGATCCCACCACCCACCCG_184,48
ATGATCCCACCACCCACCCG_185,89
ATGATCCCACCACCCACCCG_186,25
ATGATCCCACCACCCACCCG_187,151
ATGATCCCACCACCCACCCG_188,174
ATGATCCCACCACCCACCCG_189,150
ATGATCCCACCACCCACCCG_190,9
ATGATCCCACCACCCACCCG_191,104
ATGATCCCACCACCCACCCG_192,75
ATGATCCCACCACCCACCCG_193,115
ATGATCCCACCACCCACCCG_194,156
ATGATCCCACCACCCACCCG_195,48
ATGATCCCACCACCCACCCG_196,23
ATGATCCCACCACCCACCCG_197,28
ATGATCCCACCACCCACCCG_198,112
ATGATCCCACCACCCACCCG_199,192
ATGATCCCACCACCCACCCG_200,193
ATGATCCCACCACCCACCCG_201,187
ATGATCCCACCACCCACCCG_202,27
ATGATCCCACCACCCACCCG_203,28
ATGATCCCACCACCCACCCG_204,13
ATGATCCCACCACCCACCCG_205,188
ATGATCCCACCACCCACCCG_206,30
ATGATCCCACCACCCACCCG_207,30
ATGATCCCACCACCCACCCG_208,82
ATGATCCCACCACCCACCCG_209,194
ATGATCCCACCACCCACCCG_210,77
ATGATCCCACCACCCACCCG_211,30
ATGATCCCACCACCCACCCG_212,57
ATGATCCCACCACCCACCCG_213,2
ATGATCCCACCACCCACCCG_214,116
ATGATCCCACCACCCACCCG_215,169
ATGATCCCACCACCCACCCG_216,38
ATGATCCCACCACCCACCCG_217,74
ATGATCCCACCACCCACCCG_218,31
ATGATCCCACCACCCACCCG_219,76
ATGATCCCACCACCCACCCG_220,50
ATGATCCCACCACCCACCCG_221,185
ATGATCCCACCACCCACCCG_222,41
ATGATCCCACCACCCACCCG_223,136
ATGATCCCACCACCCACCCG_224,180
ATGATCCCACCACCCACCCG_225,144
ATGATCCCACCACCCACCCG_226,105
ATGATCCCACCACCCACCCG_227,108
ATGATCCCACCACCCACCCG_228,33
ATGATCCCACCACCCACCCG_229,134
ATGATCCCACCACCCACCCG_230,4
ATGATCCCACCACCCACCCG_231,22
ATGATCCCACCACCCACCCG_232,68
ATGATCCCACCACCCACCCG_233,158
ATGATCCCACCACCCACCCG_234,68
ATGATCCCACCACCCACCCG_235,198
ATGATCCCACCACCCACCCG_236,156
ATGATCCCACCACCCACCCG_237,192
ATGATCCCACCACCCACCCG_238,102
ATGATCCCACCACCCACCCG_239,63
ATGATCCCACCACCCACCCG_240,140
ATGATCCCACCACCCACCCG_241,35
ATGATCCCACCACCCACCCG_242,48
ATGATCCCACCACCCACCCG_243,8
ATGATCCCACCACCCACCCG_244,134
ATGATCCCACCACCCACCCG_245,17
ATGATCCCACCACCCACCCG_246,138
ATGATCCCACCACCCACCCG_247,19
ATGATCCCACCACCCACCCG_248,23
ATGATCCCACCACCCACCCG_249,93
ATGATCCCACCACCCACCCG_250,80
ATGATCCCACCACCCACCCG_251,106
ATGATCCCACCACCCACCCG_252,105
ATGATCCCACCACCCACCCG_253,158
ATGATCCCACCACCCACCCG_254,17
ATGATCCCACCACCCACCCG_255,141
ATGATCCCACCACCCACCCG_256,178
ATGATCCCACCACCCACCCG_257,188
ATGATCCCACCACCCACCCG_258,158
ATGATCCCACCACCCACCCG_259,158
ATGATCCCACCACCCACCCG_260,149
ATGATCCCACCACCCACCCG_261,116
ATGATCCCACCACCCACCCG_262,48
ATGATCCCACCACCCACCCG_263,136
ATGATCCCACCACCCACCCG_264,120
ATGATCCCACCACCCACCCG_265,83
ATGATCCCACCACCCACCCG_266,134
ATGATCCCACCACCCACCCG_267,96
ATGATCCCACCACCCACCCG_268,53
ATGATCCCACCACCCACCCG_269,81
ATGATCCCACCACCCACCCG_270,26
ATGATCCCACCACCCACCCG_271,156
ATGATCCCACCACCCACCCG_272,138
ATGATCCCACCACCCACCCG_273,27
ATGATCCCACCACCCACCCG_274,176
ATGATCCCACCACCCACCCG_275,133
ATGATCCCACCACCCACCCG_276,76
ATGATCCCACCACCCACCCG_277,106
ATGATCCCACCACCCACCCG_278,59
ATGATCCCACCACCCACCCG_279,19
ATGATCCCACCACCCACCCG_280,88
ATGATCCCACCACCCACCCG_281,139
ATGATCCCACCACCCACCCG_282,168
ATGATCCCACCACCCACCCG_283,115
ATGATCCCACCACCCACCCG_284,119
ATGATCCCACCACCCACCCG_285,70
ATGATCCCACCACCCACCCG_286,181
ATGATCCCACCACCCACCCG_287,50
ATGATCCCACCACCCACCCG_288,15
ATGATCCCACCACCCACCCG_289,20
ATGATCCCACCACCCACCCG_290,0
ATGATCCCACCACCCACCCG_291,105
ATGATCCCACCACCCACCCG_292,158
ATGATCCCACCACCCACCCG_293,71
ATGATCCCACCACCCACCCG_294,123
ATGATCCCACCACCCACCCG_295,164
ATGATCCCACCACCCACCCG_296,191
ATGATCCCACCACCCACCCG_297,102
ATGATCCCACCACCCACCCG_298,169
ATGATCCCACCACCCACCCG_299,151
ATGATCCCACCACCCACCCG_300,47
ATGATCCCACCACCCACCCG_301,117
ATGATCCCACCACCCACCCG_302,2
ATGATCCCACCACCCACCCG_303,7
ATGATCCCACCACCCACCCG_304,59
ATGATCCCACCACCCACCCG_305,50
ATGATCCCACCACCCACCCG_306,16
ATGATCCCACCACCCACCCG_307,14
ATGATCCCACCACCCACCCG_308,52
ATGATCCCACCACCCACCCG_309,57
ATGATCCCACCACCCACCCG_310,141
ATGATCCCACCACCCACCCG_311,104
ATGATCCCACCACCCACCCG_312,57
ATGATCCCACCACCCACCCG_313,192
ATGATCCCACCACCCACCCG_314,120
ATGATCCCACCACCCACCCG_315,27
ATGATCCCACCACCCACCCG_316,44
ATGATCCCACCACCCACCCG_317,160
ATGATCCCACCACCCACCCG_318,2
ATGATCCCACCACCCACCCG_319,57
ATGATCCCACCACCCACCCG_320,104
ATGATCCCACCACCCACCCG_321,44
ATGATCCCACCACCCACCCG_322,59
ATGATCCCACCACCCACCCG_323,36
ATGATCCCACCACCCACCCG_324,1
ATGATCCCACCACCCACCCG_325,50
ATGATCCCACCACCCACCCG_326,169
ATGATCCCACCACCCACCCG_327,63
ATGATCCCACCACCCACCCG_328,105
ATGATCCCACCACCCACCCG_329,23
ATGATCCCACCACCCACCCG_330,150
ATGATCCCACCACCCACCCG_331,149
ATGATCCCACCACCCACCCG_332,8
ATGATCCCACCACCCACCCG_333,131
ATGATCCCACCACCCACCCG_334,96
ATGATCCCACCACCCACCCG_335,101
ATGATCCCACCACCCACCCG_336,76
ATGATCCCACCACCCACCCG_337,184
ATGATCCCACCACCCACCCG_338,17
ATGATCCCACCACCCACCCG_339,8
ATGATCCCACCACCCACCCG_340,66
ATGATCCCACCACCCACCCG_341,147
ATGATCCCACCACCCACCCG_342,10
ATGATCCCACCACCCACCCG_343,148
ATGATCCCACCACCCACCCG_344,184
ATGATCCCACCACCCACCCG_345,98
ATGATCCCACCACCCACCCG_346,175
ATGATCCCACCACCCACCCG_347,175
ATGATCCCACCACCCACCCG_348,197
ATGATCCCACCACCCACCCG_349,69
ATGATCCCACCACCCACCCG_350,181
ATGATCCCACCACCCACCCG_351,44
ATGATCCCACCACCCACCCG_352,160
ATGATCCCACCACCCACCCG_353,152
ATGATCCCACCACCCACCCG_354,149
ATGATCCCACCACCCACCCG_355,46
ATGATCCCACCACCCACCCG_356,123
ATGATCCCACCACCCACCCG_357,2
ATGATCCCACCACCCACCCG_358,185
ATGATCCCACCACCCACCCG_359,175
ATGATCCCACCACCCACCCG_360,38
ATGATCCCACCACCCACCCG_361,168
ATGATCCCACCACCCACCCG_362,125
ATGATCCCACCACCCACCCG_363,183
ATGATCCCACCACCCACCCG_364,38
ATGATCCCACCACCCACCCG_365,116
ATGATCCCACCACCCACCCG_366,13
ATGATCCCACCACCCACCCG_367,7
ATGATCCCACCACCCACCCG_368,78
ATGATCCCACCACCCACCCG_369,141
ATGATCCCACCACCCACCCG_370,150
ATGATCCCACCACCCACCCG_371,30
ATGATCCCACCACCCACCCG_372,160
ATGATCCCACCACCCACCCG_373,41
ATGATCCCACCACCCACCCG_374,199
ATGATCCCACCACCCACCCG_375,182
ATGATCCCACCACCCACCCG_376,92
ATGATCCCACCACCCACCCG_377,33
ATGATCCCACCACCCACCCG_378,123
ATGATCCCACCACCCACCCG_379,13
ATGATCCCACCACCCACCCG_380,14
ATGATCCCACCACCCACCCG_381,152
ATGATCCCACCACCCACCCG_382,129
ATGATCCCACCACCCACCCG_383,31
ATGATCCCACCACCCACCCG_384,199
ATGATCCCACCACCCACCCG_385,98
ATGATCCCACCACCCACCCG_386,92
ATGATCCCACCACCCACCCG_387,43
ATGATCCCACCACCCACCCG_388,199
ATGATCCCACCACCCACCCG_389,73
ATGATCCCACCACCCACCCG_390,16
ATGATCCCACCACCCACCCG_391,95
ATGATCCCACCACCCACCCG_392,101
ATGATCCCACCACCCACCCG_393,21
ATGATCCCACCACCCACCCG_394,95
ATGATCCCACCACCCACCCG_395,111
ATGATCCCACCACCCACCCG_396,145
ATGATCCCACCACCCACCCG_397,53
ATGATCCCACCACCCACCCG_398,28
ATGATCCCACCACCCACCCG_399,85
ATGATCCCACCACCCACCCG_400,20
ATGATCCCACCACCCACCCG_401,192
ATGATCCCACCACCCACCCG_402,76
ATGATCCCACCACCCACCCG_403,104
ATGATCCCACCACCCACCCG_404,40
ATGATCCCACCACCCACCCG_405,35
ATGATCCCACCACCCACCCG_406,33
ATGATCCCACCACCCACCCG_407,13
ATGATCCCACCACCCACCCG_408,81
ATGATCCCACCACCCACCCG_409,30
ATGATCCCACCACCCACCCG_410,174
ATGATCCCACCACCCACCCG_411,168
ATGATCCCACCACCCACCCG_412,149
ATGATCCCACCACCCACCCG_413,88
ATGATCCCACCACCCACCCG_414,22
ATGATCCCACCACCCACCCG_415,12
ATGATCCCACCACCCACCCG_416,104
ATGATCCCACCACCCACCCG_417,35
ATGATCCCACCACCCACCCG_418,192
ATGATCCCACCACCCACCCG_419,43
ATGATCCCACCACCCACCCG_420,84
ATGATCCCACCACCCACCCG_421,88
ATGATCCCACCACCCACCCG_422,148
ATGATCCCACCACCCACCCG_423,151
ATGATCCCACCACCCACCCG_424,83
ATGATCCCACCACCCACCCG_425,58
ATGATCCCACCACCCACCCG_426,166
ATGATCCCACCACCCACCCG_427,168
ATGATCCCACCACCCACCCG_428,52
ATGATCCCACCACCCACCCG_429,8
ATGATCCCACCACCCACCCG_430,50
ATGATCCCACCACCCACCCG_431,195
ATGATCCCACCACCCACCCG_432,61
ATGATCCCACCACCCACCCG_433,81
ATGATCCCACCACCCACCCG_434,121
ATGATCCCACCACCCACCCG_435,172
ATGATCCCACCACCCACCCG_436,138
ATGATCCCACCACCCACCCG_437,175
ATGATCCCACCACCCACCCG_438,4
ATGATCCCACCACCCACCCG_439,136
ATGATCCCACCACCCACCCG_440,44
ATGATCCCACCACCCACCCG_441,10
ATGATCCCACCACCCACCCG_442,90
ATGATCCCACCACCCACCCG_443,198
ATGATCCCACCACCCACCCG_444,61
ATGATCCCACCACCCACCCG_445,155
ATGATCCCACCACCCACCCG_446,168
ATGATCCCACCACCCACCCG_447,94
ATGATCCCACCACCCACCCG_448,130
ATGATCCCACCACCCACCCG_449,62
ATGATCCCACCACCCACCCG_450,175
ATGATCCCACCACCCACCCG_451,11
ATGATCCCACCACCCACCCG_452,199
ATGATCCCACCACCCACCCG_453,168
ATGATCCCACCACCCACCCG_454,152
ATGATCCCACCACCCACCCG_455,90
ATGATCCCACCACCCACCCG_456,114
ATGATCCCACCACCCACCCG_457,13
ATGATCCCACCACCCACCCG_458,117
ATGATCCCACCACCCACCCG_459,184
ATGATCCCACCACCCACCCG_460,176
ATGATCCCACCACCCACCCG_461,8
ATGATCCCACCACCCACCCG_462,13
ATGATCCCACCACCCACCCG_463,137
ATGATCCCACCACCCACCCG_464,197
ATGATCCCACCACCCACCCG_465,158
ATGATCCCACCACCCACCCG_466,119
ATGATCCCACCACCCACCCG_467,188
ATGATCCCACCACCCACCCG_468,10
ATGATCCCACCACCCACCCG_469,48
ATGATCCCACCACCCACCCG_470,48
ATGATCCCACCACCCACCCG_471,50
ATGATCCCACCACCCACCCG_472,156
ATGATCCCACCACCCACCCG_473,31
ATGATCCCACCACCCACCCG_474,152
ATGATCCCACCACCCACCCG_475,109
ATGATCCCACCACCCACCCG_476,109
ATGATCCCACCACCCACCCG_477,168
ATGATCCCACCACCCACCCG_478,113
ATGATCCCACCACCCACCCG_479,91
ATGATCCCACCACCCACCCG_480,48
ATGATCCCACCACCCACCCG_481,56
ATGATCCCACCACCCACCCG_482,179
ATGATCCCACCACCCACCCG_483,5
ATGATCCCACCACCCACCCG_484,115
ATGATCCCACCACCCACCCG_485,66
ATGATCCCACCACCCACCCG_486,39
ATGATCCCACCACCCACCCG_487,103
ATGATCCCACCACCCACCCG_488,1
ATGATCCCACCACCCACCCG_489,106
ATGATCCCACCACCCACCCG_490,56
ATGATCCCACCACCCACCCG_491,3
ATGATCCCACCACCCACCCG_492,124
ATGATCCCACCACCCACCCG_493,47
ATGATCCCACCACCCACCCG_494,90
ATGATCCCACCACCCACCCG_495,198
ATGATCCCACCACCCACCCG_496,142
ATGATCCCACCACCCACCCG_497,157
ATGATCCCACCACCCACCCG_498,131
ATGATCCCACCACCCACCCG_499,147
ATGATCCCACCACCCACCCG_500,130
ATGATCCCACCACCCACCCG_501,34
ATGATCCCACCACCCACCCG_502,50
ATGATCCCACCACCCACCCG_503,136
ATGATCCCACCACCCACCCG_504,48
ATGATCCCACCACCCACCCG_505,113
ATGATCCCACCACCCACCCG_506,118
ATGATCCCACCACCCACCCG_507,91
ATGATCCCACCACCCACCCG_508,47
ATGATCCCACCACCCACCCG_509,88
ATGATCCCACCACCCACCCG_510,108
ATGATCCCACCACCCACCCG_511,191
ATGATCCCACCACCCACCCG_512,174
ATGATCCCACCACCCACCCG_513,99
ATGATCCCACCACCCACCCG_514,91
ATGATCCCACCACCCACCCG_515,169
ATGATCCCACCACCCACCCG_516,160
ATGATCCCACCACCCACCCG_517,180
ATGATCCCACCACCCACCCG_518,180
ATGATCCCACCACCCACCCG_519,65
ATGATCCCACCACCCACCCG_520,184
ATGATCCCACCACCCACCCG_521,71
ATGATCCCACCACCCACCCG_522,152
ATGATCCCACCACCCACCCG_523,127
ATGATCCCACCACCCACCCG_524,3
ATGATCCCACCACCCACCCG_525,39
ATGATCCCACCACCCACCCG_526,6
ATGATCCCACCACCCACCCG_527,124
ATGATCCCACCACCCACCCG_528,147
ATGATCCCACCACCCACCCG_529,66
ATGATCCCACCACCCACCCG_530,66
ATGATCCCACCACCCACCCG_531,48
ATGATCCCACCACCCACCCG_532,196
ATGATCCCACCACCCACCCG_533,173
ATGATCCCACCACCCACCCG_534,168
ATGATCCCACCACCCACCCG_535,52
ATGATCCCACCACCCACCCG_536,133
ATGATCCCACCACCCACCCG_537,66
ATGATCCCACCACCCACCCG_538,78
ATGATCCCACCACCCACCCG_539,48
ATGATCCCACCACCCACCCG_540,188
ATGATCCCACCACCCACCCG_541,6
ATGATCCCACCACCCACCCG_542,178
ATGATCCCACCACCCACCCG_543,144
ATGATCCCACCACCCACCCG_544,148
ATGATCCCACCACCCACCCG_545,56
ATGATCCCACCACCCACCCG_546,124
ATGATCCCACCACCCACCCG_547,38
ATGATCCCACCACCCACCCG_548,52
ATGATCCCACCACCCACCCG_549,145
ATGATCCCACCACCCACCCG_550,132
ATGATCCCACCACCCACCCG_551,76
ATGATCCCACCACCCACCCG_552,138
ATGATCCCACCACCCACCCG_553,165
ATGATCCCACCACCCACCCG_554,43
ATGATCCCACCACCCACCCG_555,138
ATGATCCCACCACCCACCCG_556,68
ATGATCCCACCACCCACCCG_557,42
ATGATCCCACCACCCACCCG_558,147
ATGATCCCACCACCCACCCG_559,174
ATGATCCCACCACCCACCCG_560,39
ATGATCCCACCACCCACCCG_561,105
ATGATCCCACCACCCACCCG_562,174
ATGATCCCACCACCCACCCG_563,108
ATGATCCCACCACCCACCCG_564,131
ATGATCCCACCACCCACCCG_565,84
ATGATCCCACCACCCACCCG_566,3
ATGATCCCACCACCCACCCG_567,35
ATGATCCCACCACCCACCCG_568,147
ATGATCCCACCACCCACCCG_569,8
ATGATCCCACCACCCACCCG_570,63
ATGATCCCACCACCCACCCG_571,52
ATGATCCCACCACCCACCCG_572,18
ATGATCCCACCACCCACCCG_573,98
ATGATCCCACCACCCACCCG_574,165
ATGATCCCACCACCCACCCG_575,83
ATGATCCCACCACCCACCCG_576,40
ATGATCCCACCACCCACCCG_577,165
ATGATCCCACCACCCACCCG_578,186
ATGATCCCACCACCCACCCG_579,75
ATGATCCCACCACCCACCCG_580,166
ATGATCCCACCACCCACCCG_581,197
ATGATCCCACCACCCACCCG_582,42
ATGATCCCACCACCCACCCG_583,56
ATGATCCCACCACCCACCCG_584,103
ATGATCCCACCACCCACCCG_585,140
ATGATCCCACCACCCACCCG_586,34
ATGATCCCACCACCCACCCG_587,188
ATGATCCCACCACCCACCCG_588,64
ATGATCCCACCACCCACCCG_589,10
ATGATCCCACCACCCACCCG_590,38
ATGATCCCACCACCCACCCG_591,89
ATGATCCCACCACCCACCCG_592,61
ATGATCCCACCACCCACCCG_593,144
ATGATCCCACCACCCACCCG_594,31
ATGATCCCACCACCCACCCG_595,138
ATGATCCCACCACCCACCCG_596,36
ATGATCCCACCACCCACCCG_597,162
ATGATCCCACCACCCACCCG_598,145
ATGATCCCACCACCCACCCG_599,56
ATGATCCCACCACCCACCCG_600,15
ATGATCCCACCACCCACCCG_601,50
ATGATCCCACCACCCACCCG_602,67
CTTCACCACATCCAAGTCGA_001,38
CTTCACCACATCCAAGTCGA_002,174
CCTGGCCATTGCTGGGATCG_001,41
CCTGGCCATTGCTGGGATCG_002,191
CCTGGCCATTGCTGGGATCG_003,194
CCTGGCCATTGCTGGGATCG_004,96
CCTGGCCATTGCTGGGATCG_005,131
CCTGGCCATTGCTGGGATCG_006,90
ACAGGACTGTTTATGCTTCA_001,77
ACAGGACTGTTTATGCTTCA_002,113
ACAGGACTGTTTATGCTTCA_003,188
ACAGGACTGTTTATGCTTCA_004,169
CGAAGCCGCTTACCTGACGG_001,170
CGAAGCCGCTTACCTGACGG_002,140
CGAAGCCGCTTACCTGACGG_003,102
CGAAGCCGCTTACCTGACGG_004,22
CGCACCCAGGCACACGAGCA_001,108
CGCACCCAGGCACACGAGCA_002,186
CGCACCCAGGCACACGAGCA_003,187
CGCACCCAGGCACACGAGCA_004,55
CGCACCCAGGCACACGAGCA_005,78
CGCACCCAGGCACACGAGCA_006,106
CGCACCCAGGCACACGAGCA_007,192
CGCACCCAGGCACACGAGCA_008,72
CGCACCCAGGCACACGAGCA_009,15
CGCACCCAGGCACACGAGCA_010,88
CGCACCCAGGCACACGAGCA_011,62
CGCACCCAGGCACACGAGCA_012,168
ATATATCCGACAAGAACCAA_001,1
ATATATCCGACAAGAACCAA_002,174
ATATATCCGACAAGAACCAA_003,46
ATATATCCGACAAGAACCAA_004,119
ATATATCCGACAAGAACCAA_005,197
ATATATCCGACAAGAACCAA_006,140
ATATATCCGACAAGAACCAA_007,194
ATATATCCGACAAGAACCAA_008,149
ATATATCCGACAAGAACCAA_009,138
GGAGCCACGTAGTGACAGTG_001,47
GTTTGTAGGAATGGTCTCAG_001,78
GTTTGTAGGAATGGTCTCAG_002,169
GTTTGTAGGAATGGTCTCAG_003,191
GTTTGTAGGAATGGTCTCAG_004,62
GTTTGTAGGAATGGTCTCAG_005,88
GTTTGTAGGAATGGTCTCAG_006,127
GTTTGTAGGAATGGTCTCAG_007,8
GTTTGTAGGAATGGTCTCAG_008,26
GTTTGTAGGAATGGTCTCAG_009,43
GTTTGTAGGAATGGTCTCAG_010,138
GTTTGTAGGAATGGTCTCAG_011,67
GTTTGTAGGAATGGTCTCAG_012,16
GTTTGTAGGAATGGTCTCAG_013,176
GTTTGTAGGAATGGTCTCAG_014,168
GTTTGTAGGAATGGTCTCAG_015,28
GTTTGTAGGAATGGTCTCAG_016,131
CAGGGGCTCGTTCATAACCA_001,172
CAGGGGCTCGTTCATAACCA_002,102
CAGGGGCTCGTTCATAACCA_003,183
CAGGGGCTCGTTCATAACCA_004,1
CAGGGGCTCGTTCATAACCA_005,173
CAGGGGCTCGTTCATAACCA_006,132
CAGGGGCTCGTTCATAACCA_007,197
CAGGGGCTCGTTCATAACCA_008,170
CAGGGGCTCGTTCATAACCA_009,160
CAGGGGCTCGTTCATAACCA_010,12
CAGGGGCTCGTTCATAACCA_011,104
AAGCATAATGGATGTCACTG_001,34
AAGCATAATGGATGTCACTG_002,169
AAGCATAATGGATGTCACTG_003,151
AAGCATAATGGATGTCACTG_004,149
AAGCATAATGGATGTCACTG_005,169
AAGCATAATGGATGTCACTG_006,67
AAGCATAATGGATGTCACTG_007,140
AAGCATAATGGATGTCACTG_008,172
AAGCATAATGGATGTCACTG_009,155
AAGCATAATGGATGTCACTG_010,17
AAGCATAATGGATGTCACTG_011,144
ACTCACATGATAACTCACAT_001,28
ACTCACATGATAACTCACAT_002,186
ACTCACATGATAACTCACAT_003,163
ACTCACATGATAACTCACAT_004,77
ACTCACATGATAACTCACAT_005,8
ACTCACATGATAACTCACAT_006,136
CATACCATGATGGTCAGCCA_001,105
CATACCATGATGGTCAGCCA_002,50
CATACCATGATGGTCAGCCA_003,185
CATACCATGATGGTCAGCCA_004,185
CATACCATGATGGTCAGCCA_005,57
CATACCATGATGGTCAGCCA_006,69
CGATTTCCCGCCGCCCGTCG_001,16
CGATTTCCCGCCGCCCGTCG_002,45
CGATTTCCCGCCGCCCGTCG_003,185
CGATTTCCCGCCGCCCGTCG_004,127
CGATTTCCCGCCGCCCGTCG_005,128
CGATTTCCCGCCGCCCGTCG_006,12
CGATTTCCCGCCGCCCGTCG_007,68
CGATTTCCCGCCGCCCGTCG_008,46
CGATTTCCCGCCGCCCGTCG_009,189
CGATTTCCCGCCGCCCGTCG_010,53
CGATTTCCCGCCGCCCGTCG_011,172
CGATTTCCCGCCGCCCGTCG_012,41
CGATTTCCCGCCGCCCGTCG_013,175
CGATTTCCCGCCGCCCGTCG_014,28
CGATTTCCCGCCGCCCGTCG_015,32
CTGACGCCCTTCACCGCGCG_001,55
CTGACGCCCTTCACCGCGCG_002,104
CTGACGCCCTTCACCGCGCG_003,106
CTGACGCCCTTCACCGCGCG_004,0
CTGACGCCCTTCACCGCGCG_005,56
GAGCTGTGGGACAATGCTCG_001,12
GAGCTGTGGGACAATGCTCG_002,55
GAGCTGTGGGACAATGCTCG_003,40
GAGCTGTGGGACAATGCTCG_004,98
GAGCTGTGGGACAATGCTCG_005,49
GAGCTGTGGGACAATGCTCG_006,192
GAGCTGTGGGACAATGCTCG_007,184
GAGCTGTGGGACAATGCTCG_008,98
GAGCTGTGGGACAATGCTCG_009,161
GAGCTGTGGGACAATGCTCG_010,85
GAGCTGTGGGACAATGCTCG_011,113
GAGCTGTGGGACAATGCTCG_012,116
GAGCTGTGGGACAATGCTCG_013,168
GAGCTGTGGGACAATGCTCG_014,169
GAGCTGTGGGACAATGCTCG_015,151
TGACGTGATCCACCCCGATG_001,168
TGACGTGATCCACCCCGATG_002,48
TGACGTGATCCACCCCGATG_003,184
TGACGTGATCCACCCCGATG_004,40
TGACGTGATCCACCCCGATG_005,127
TGACGTGATCCACCCCGATG_006,170
TGACGTGATCCACCCCGATG_007,9
TGACGTGATCCACCCCGATG_008,81
TGACGTGATCCACCCCGATG_009,127
TGACGTGATCCACCCCGATG_010,197
TGACGTGATCCACCCCGATG_011,84
TGACGTGATCCACCCCGATG_012,24
TGACGTGATCCACCCCGATG_013,58
TGACGTGATCCACCCCGATG_014,9
TGACGTGATCCACCCCGATG_015,125
TGACGTGATCCACCCCGATG_016,156
TGACGTGATCCACCCCGATG_017,127
TGACGTGATCCACCCCGATG_018,175
TGACGTGATCCACCCCGATG_019,78
TGACGTGATCCACCCCGATG_020,135
TGACGTGATCCACCCCGATG_021,169
TGACGTGATCCACCCCGATG_022,113
TGACGTGATCCACCCCGATG_023,42
TGACGTGATCCACCCCGATG_024,163
TGACGTGATCCACCCCGATG_025,35
TGACGTGATCCACCCCGATG_026,158
TGACGTGATCCACCCCGATG_027,162
TGACGTGATCCACCCCGATG_028,153
TGACGTGATCCACCCCGATG_029,184
TGACGTGATCCACCCCGATG_030,142
TGACGTGATCCACCCCGATG_031,3
CATACTACAGCCTTTCACAT_001,69
CATACTACAGCCTTTCACAT_002,56
CATACTACAGCCTTTCACAT_003,27
CATACTACAGCCTTTCACAT_004,50
GTTCTTTGAGACAAGACCTG_001,142
GTTCTTTGAGACAAGACCTG_002,103
GTTCTTTGAGACAAGACCTG_003,154
GTTCTTTGAGACAAGACCTG_004,50
GTTCTTTGAGACAAGACCTG_005,72
GTTCTTTGAGACAAGACCTG_006,134
GTTCTTTGAGACAAGACCTG_007,173
GTTCTTTGAGACAAGACCTG_008,60
GTTCTTTGAGACAAGACCTG_009,2
GTTCTTTGAGACAAGACCTG_010,153
GTTCTTTGAGACAAGACCTG_011,49
GTTCTTTGAGACAAGACCTG_012,199
GTTCTTTGAGACAAGACCTG_013,88
GTTCTTTGAGACAAGACCTG_014,28
GTTCTTTGAGACAAGACCTG_015,58
GTTCTTTGAGACAAGACCTG_016,78
GTTCTTTGAGACAAGACCTG_017,105
GTTCTTTGAGACAAGACCTG_018,59
GAACGCCTAGCTCTTGTCAC_001,106
ATTTGTTACCCGGCTGTCTG_001,7
ATTTGTTACCCGGCTGTCTG_002,88
ATTTGTTACCCGGCTGTCTG_003,176
ATTTGTTACCCGGCTGTCTG_004,132
ATTTGTTACCCGGCTGTCTG_005,61
ATTTGTTACCCGGCTGTCTG_006,191
ATTTGTTACCCGGCTGTCTG_007,174
ATTTGTTACCCGGCTGTCTG_008,70
ATTTGTTACCCGGCTGTCTG_009,153
ATTTGTTACCCGGCTGTCTG_010,185
ATTTGTTACCCGGCTGTCTG_011,20
ATTTGTTACCCGGCTGTCTG_012,169
ATTTGTTACCCGGCTGTCTG_013,154
ATTTGTTACCCGGCTGTCTG_014,50
ATTTGTTACCCGGCTGTCTG_015,59
ATTTGTTACCCGGCTGTCTG_016,81
ATTTGTTACCCGGCTGTCTG_017,180
ATTTGTTACCCGGCTGTCTG_018,121
ATTTGTTACCCGGCTGTCTG_019,48
ATTTGTTACCCGGCTGTCTG_020,76
ATTTGTTACCCGGCTGTCTG_021,171
TGTTTGATGAAGGAGTGAGG_001,182
TGTTTGATGAAGGAGTGAGG_002,65
CGGATGGCGAGAAGTCAGGG_001,77
CGGATGGCGAGAAGTCAGGG_002,0
CGGATGGCGAGAAGTCAGGG_003,138
CGGATGGCGAGAAGTCAGGG_004,53
CGGATGGCGAGAAGTCAGGG_005,118
CGGATGGCGAGAAGTCAGGG_006,25
CGGATGGCGAGAAGTCAGGG_007,77
CGGATGGCGAGAAGTCAGGG_008,12
CGGATGGCGAGAAGTCAGGG_009,175
CGGATGGCGAGAAGTCAGGG_010,84
CGGATGGCGAGAAGTCAGGG_011,31
CGGATGGCGAGAAGTCAGGG_012,8
CGGATGGCGAGAAGTCAGGG_013,169
CGGATGGCGAGAAGTCAGGG_014,92
CGGATGGCGAGAAGTCAGGG_015,127
CGGATGGCGAGAAGTCAGGG_016,156
CGGATGGCGAGAAGTCAGGG_017,116
CGGATGGCGAGAAGTCAGGG_018,103
CGGATGGCGAGAAGTCAGGG_019,71
CGGATGGCGAGAAGTCAGGG_020,37
CGGATGGCGAGAAGTCAGGG_021,43
CGGATGGCGAGAAGTCAGGG_022,177
CGGATGGCGAGAAGTCAGGG_023,136
CGGATGGCGAGAAGTCAGGG_024,1
CGGATGGCGAGAAGTCAGGG_025,162
CGGATGGCGAGAAGTCAGGG_026,36
CGGATGGCGAGAAGTCAGGG_027,53
CGGATGGCGAGAAGTCAGGG_028,21
CGGATGGCGAGAAGTCAGGG_029,2
CGGATGGCGAGAAGTCAGGG_030,50
CGGATGGCGAGAAGTCAGGG_031,130
CGGATGGCGAGAAGTCAGGG_032,137
CGGATGGCGAGAAGTCAGGG_033,131
CGGATGGCGAGAAGTCAGGG_034,180
CGGATGGCGAGAAGTCAGGG_035,127
CGGATGGCGAGAAGTCAGGG_036,106
CGGATGGCGAGAAGTCAGGG_037,144
CGGATGGCGAGAAGTCAGGG_038,125
CCAGGATGCACATCCAGGTG_001,62
CCAGGATGCACATCCAGGTG_002,147
CCTGCCAGTGACGACCGCCG_001,34
CCTGCCAGTGACGACCGCCG_002,64
CCTGCCAGTGACGACCGCCG_003,4
CCTGCCAGTGACGACCGCCG_004,182
CCTGCCAGTGACGACCGCCG_005,18
CCTGCCAGTGACGACCGCCG_006,34
CCTGCCAGTGACGACCGCCG_007,88
CCTGCCAGTGACGACCGCCG_008,160
CCTGCCAGTGACGACCGCCG_009,119
CCTGCCAGTGACGACCGCCG_010,17
CCTGCCAGTGACGACCGCCG_011,132
CCTGCCAGTGACGACCGCCG_012,22
CCTGCCAGTGACGACCGCCG_013,8
CCTGCCAGTGACGACCGCCG_014,161
CCTGCCAGTGACGACCGCCG_015,165
CCTGCCAGTGACGACCGCCG_016,1
CCTGCCAGTGACGACCGCCG_017,169
CCTGCCAGTGACGACCGCCG_018,142
CCTGCCAGTGACGACCGCCG_019,51
CCTGCCAGTGACGACCGCCG_020,12
CCTGCCAGTGACGACCGCCG_021,12
CCTGCCAGTGACGACCGCCG_022,175
CCTGCCAGTGACGACCGCCG_023,152
CCTGCCAGTGACGACCGCCG_024,77
CCTGCCAGTGACGACCGCCG_025,78
TGCACCGGATCCATGTGGAT_001,122
TGCACCGGATCCATGTGGAT_002,117
TGCACCGGATCCATGTGGAT_003,24
TGCACCGGATCCATGTGGAT_004,2
CACCTTCCTGAGGACTTACA_001,181
CACCTTCCTGAGGACTTACA_002,147
CACCTTCCTGAGGACTTACA_003,83
CACCTTCCTGAGGACTTACA_004,2
CACCTTCCTGAGGACTTACA_005,153
CACCTTCCTGAGGACTTACA_006,133
CACCTTCCTGAGGACTTACA_007,77
CACCTTCCTGAGGACTTACA_008,130
CACCTTCCTGAGGACTTACA_009,148
CACCTTCCTGAGGACTTACA_010,130
CACCTTCCTGAGGACTTACA_011,151
CACCTTCCTGAGGACTTACA_012,2
CACCTTCCTGAGGACTTACA_013,188
GCTCCATCAATGATAAATCG_001,5
GCTCCATCAATGATAAATCG_002,91
AGATGGTCAGATCTAGTAGT_001,61
AGATGGTCAGATCTAGTAGT_002,17
AGATGGTCAGATCTAGTAGT_003,150
AGATGGTCAGATCTAGTAGT_004,179
AGATGGTCAGATCTAGTAGT_005,1
AGATGGTCAGATCTAGTAGT_006,37
ATTGCTACCATGTACTCACA_001,170
ATTGCTACCATGTACTCACA_002,57
ATTGCTACCATGTACTCACA_003,186
ATTGCTACCATGTACTCACA_004,21
ATTGCTACCATGTACTCACA_005,94
ATTGCTACCATGTACTCACA_006,115
ATTGCTACCATGTACTCACA_007,8
ATTGCTACCATGTACTCACA_008,82
ATTGCTACCATGTACTCACA_009,18
ATTGCTACCATGTACTCACA_010,23
GAGGTCGGTTCTCCTTCTCG_001,152
GAGGTCGGTTCTCCTTCTCG_002,186
GAGGTCGGTTCTCCTTCTCG_003,145
GAGGTCGGTTCTCCTTCTCG_004,72
GAGGTCGGTTCTCCTTCTCG_005,178
GAGGTCGGTTCTCCTTCTCG_006,178
TGCTATAACTGCGGTAGAGG_001,19
TGCTATAACTGCGGTAGAGG_002,28
TGCTATAACTGCGGTAGAGG_003,166
TGCTATAACTGCGGTAGAGG_004,105
TGCTATAACTGCGGTAGAGG_005,166
TGCTATAACTGCGGTAGAGG_006,188
TGCTATAACTGCGGTAGAGG_007,8
GGCACTCTGCACTACAACCA_001,145
GGCACTCTGCACTACAACCA_002,184
GGCACTCTGCACTACAACCA_003,149
GGCACTCTGCACTACAACCA_004,43
GGCACTCTGCACTACAACCA_005,168
GGCACTCTGCACTACAACCA_006,142
GGCACTCTGCACTACAACCA_007,3
GGCACTCTGCACTACAACCA_008,47
GGCACTCTGCACTACAACCA_009,138
GATGCGTCTTTATTACCACT_001,120
GATGCGTCTTTATTACCACT_002,150
GATGCGTCTTTATTACCACT_003,1
TTGGCAGCTTCAAGTATACA_001,180
TTGGCAGCTTCAAGTATACA_002,116
AAGGACTTTCGGGAACGAGA_001,56
AAGGACTTTCGGGAACGAGA_002,5
AAGGACTTTCGGGAACGAGA_003,179
AAGGACTTTCGGGAACGAGA_004,116
AAGGACTTTCGGGAACGAGA_005,132
AAGGACTTTCGGGAACGAGA_006,197
AAGGACTTTCGGGAACGAGA_007,146
AAGGACTTTCGGGAACGAGA_008,149
AAGGACTTTCGGGAACGAGA_009,180
AAGGACTTTCGGGAACGAGA_010,94
AAGGACTTTCGGGAACGAGA_011,77
AGGTCCCATAGCCCTCGGGT_001,182
AGGTCCCATAGCCCTCGGGT_002,45
AGGTCCCATAGCCCTCGGGT_003,160
AGGTCCCATAGCCCTCGGGT_004,42
AGGTCCCATAGCCCTCGGGT_005,113
AGGTCCCATAGCCCTCGGGT_006,69
AGGTCCCATAGCCCTCGGGT_007,190
AGGTCCCATAGCCCTCGGGT_008,168
ATTATAGGTGAAATTCCACG_001,33
ATTATAGGTGAAATTCCACG_002,17
ATTATAGGTGAAATTCCACG_003,146
CTTCCGCATGCGCTTCTACG_001,45
GACTCGTCCAAGGACATCCG_001,32
GACTCGTCCAAGGACATCCG_002,191
GACTCGTCCAAGGACATCCG_003,24
GACTCGTCCAAGGACATCCG_004,36
GACTCGTCCAAGGACATCCG_005,80
GACTCGTCCAAGGACATCCG_006,117
GACTCGTCCAAGGACATCCG_007,17
GACTCGTCCAAGGACATCCG_008,130
GACTCGTCCAAGGACATCCG_009,53
GACTCGTCCAAGGACATCCG_010,80
GACTCGTCCAAGGACATCCG_011,24
GACTCGTCCAAGGACATCCG_012,158
GACTCGTCCAAGGACATCCG_013,147
GACTCGTCCAAGGACATCCG_014,29
GACTCGTCCAAGGACATCCG_015,67
GACTCGTCCAAGGACATCCG_016,185
GACTCGTCCAAGGACATCCG_017,79
GACTCGTCCAAGGACATCCG_018,40
GATCACCACCCGAGTCAATG_001,105
GATCACCACCCGAGTCAATG_002,19
GATCACCACCCGAGTCAATG_003,101
GATCACCACCCGAGTCAATG_004,166
GATCACCACCCGAGTCAATG_005,137
GATCACCACCCGAGTCAATG_006,169
GATCACCACCCGAGTCAATG_007,145
GATCACCACCCGAGTCAATG_008,127
GATCACCACCCGAGTCAATG_009,60
GATCACCACCCGAGTCAATG_010,168
GATCACCACCCGAGTCAATG_011,137
GATCACCACCCGAGTCAATG_012,42
GATCACCACCCGAGTCAATG_013,42
GATCACCACCCGAGTCAATG_014,136
GATCACCACCCGAGTCAATG_015,42
GATCACCACCCGAGTCAATG_016,160
GATCACCACCCGAGTCAATG_017,60
GATCACCACCCGAGTCAATG_018,181
GATCACCACCCGAGTCAATG_019,121
GATCACCACCCGAGTCAATG_020,184
GATCACCACCCGAGTCAATG_021,147
GATCACCACCCGAGTCAATG_022,120
GATCACCACCCGAGTCAATG_023,184
GATCACCACCCGAGTCAATG_024,150
GATCACCACCCGAGTCAATG_025,37
GATCACCACCCGAGTCAATG_026,28
GATCACCACCCGAGTCAATG_027,55
TAAACGGACGGGCAACGTGT_001,137
TAAACGGACGGGCAACGTGT_002,192
TAAACGGACGGGCAACGTGT_003,105
TAAACGGACGGGCAACGTGT_004,183
TAAACGGACGGGCAACGTGT_005,99
TAAACGGACGGGCAACGTGT_006,175
TAAACGGACGGGCAACGTGT_007,155
AGGAGGGATCCACTTTACCG_001,162
AGGAGGGATCCACTTTACCG_002,27
AGGAGGGATCCACTTTACCG_003,23
AGGAGGGATCCACTTTACCG_004,83
AGGAGGGATCCACTTTACCG_005,61
AGGAGGGATCCACTTTACCG_006,193
AGGAGGGATCCACTTTACCG_007,84
AGGAGGGATCCACTTTACCG_008,129
AGGAGGGATCCACTTTACCG_009,88
AGGAGGGATCCACTTTACCG_010,19
AGGAGGGATCCACTTTACCG_011,145
AGGAGGGATCCACTTTACCG_012,192
AGGAGGGATCCACTTTACCG_013,50
AGGAGGGATCCACTTTACCG_014,182
AGGAGGGATCCACTTTACCG_015,156
AGGAGGGATCCACTTTACCG_016,166
AGGAGGGATCCACTTTACCG_017,127
AGGAGGGATCCACTTTACCG_018,2
AGGAGGGATCCACTTTACCG_019,199
AGGAGGGATCCACTTTACCG_020,134
AGGAGGGATCCACTTTACCG_021,161
AGGAGGGATCCACTTTACCG_022,1
AGGAGGGATCCACTTTACCG_023,149
AGGAGGGATCCACTTTACCG_024,137
AGGAGGGATCCACTTTACCG_025,66
AGGAGGGATCCACTTTACCG_026,191
CAAGCAGCGCTCCACCTCCG_001,105
CAAGCAGCGCTCCACCTCCG_002,102
CAAGCAGCGCTCCACCTCCG_003,168
CAAGCAGCGCTCCACCTCCG_004,19
GCATGTCTCTGACACCTCAG_001,152
GCATGTCTCTGACACCTCAG_002,27
GCATGTCTCTGACACCTCAG_003,9
GCATGTCTCTGACACCTCAG_004,96
GCATGTCTCTGACACCTCAG_005,98
GCATGTCTCTGACACCTCAG_006,35
GCATGTCTCTGACACCTCAG_007,172
GCATGTCTCTGACACCTCAG_008,53
GCATGTCTCTGACACCTCAG_009,81
GCATGTCTCTGACACCTCAG_010,188
GCATGTCTCTGACACCTCAG_011,157
GCATGTCTCTGACACCTCAG_012,58
GCATGTCTCTGACACCTCAG_013,141
GCATGTCTCTGACACCTCAG_014,70
GCATGTCTCTGACACCTCAG_015,190
GCATGTCTCTGACACCTCAG_016,148
GCATGTCTCTGACACCTCAG_017,63
GCATGTCTCTGACACCTCAG_018,40
GCATGTCTCTGACACCTCAG_019,144
GCATGTCTCTGACACCTCAG_020,88
GCATGTCTCTGACACCTCAG_021,98
ACTGAAGCAGGCTTGAAACG_001,162
ACTGAAGCAGGCTTGAAACG_002,58
ACTGAAGCAGGCTTGAAACG_003,84
ACTGAAGCAGGCTTGAAACG_004,178
ACTGAAGCAGGCTTGAAACG_005,94
ACTGAAGCAGGCTTGAAACG_006,121
ACTGAAGCAGGCTTGAAACG_007,1
ACTGAAGCAGGCTTGAAACG_008,67
ACTGAAGCAGGCTTGAAACG_009,75
ACTGAAGCAGGCTTGAAACG_010,198
AAATTTCTTATACTGAACAT_001,61
AAATTTCTTATACTGAACAT_002,160
ACACCAGGTACGTGCTCATG_001,78
ACACCAGGTACGTGCTCATG_002,147
ACACCAGGTACGTGCTCATG_003,28
GATTGTGTTGTCAACAACGC_001,156
GATTGTGTTGTCAACAACGC_002,20
GATTGTGTTGTCAACAACGC_003,112
GATTGTGTTGTCAACAACGC_004,58
GATTGTGTTGTCAACAACGC_005,103
GATTGTGTTGTCAACAACGC_006,182
GATTGTGTTGTCAACAACGC_007,36
TGTCACTGTGACACTACCAG_001,176
TGTCACTGTGACACTACCAG_002,169
TGTCACTGTGACACTACCAG_003,46
TGTCACTGTGACACTACCAG_004,199
TGTCACTGTGACACTACCAG_005,98
TGTCACTGTGACACTACCAG_006,157
TGTCACTGTGACACTACCAG_007,42
TGTCACTGTGACACTACCAG_008,188
TGTCACTGTGACACTACCAG_009,9
TGTCACTGTGACACTACCAG_010,11
TGTCACTGTGACACTACCAG_011,75
TGTCACTGTGACACTACCAG_012,179
TGTCACTGTGACACTACCAG_013,113
TGTCACTGTGACACTACCAG_014,6
TGTCACTGTGACACTACCAG_015,15
TGTCACTGTGACACTACCAG_016,84
TGTCACTGTGACACTACCAG_017,111
TGTCACTGTGACACTACCAG_018,17
TGTCACTGTGACACTACCAG_019,46
TGTCACTGTGACACTACCAG_020,168
TGTCACTGTGACACTACCAG_021,9
TGTCACTGTGACACTACCAG_022,94
GCACCGCCACCATTGCACCA_001,12
GCACCGCCACCATTGCACCA_002,174
GCACCGCCACCATTGCACCA_003,184
GCACCGCCACCATTGCACCA_004,21
GCACCGCCACCATTGCACCA_005,186
GCACCGCCACCATTGCACCA_006,31
GCACCGCCACCATTGCACCA_007,154
GCACCGCCACCATTGCACCA_008,47
GCACCGCCACCATTGCACCA_009,100
GCACCGCCACCATTGCACCA_010,184
GCACCGCCACCATTGCACCA_011,32
GCACCGCCACCATTGCACCA_012,72
GCACCGCCACCATTGCACCA_013,94
GCACCGCCACCATTGCACCA_014,180
GCACCGCCACCATTGCACCA_015,131
GCACCGCCACCATTGCACCA_016,175
CCTGAGAACTCATGTGCCAA_001,15
CCTGAGAACTCATGTGCCAA_002,113
CCTGAGAACTCATGTGCCAA_003,169
CCTGAGAACTCATGTGCCAA_004,144
CCTGAGAACTCATGTGCCAA_005,39
CCTGAGAACTCATGTGCCAA_006,121
CCTGAGAACTCATGTGCCAA_007,188
CCTGAGAACTCATGTGCCAA_008,106
ACTTATCTCCGTTGTCTCGG_001,126
ACTTATCTCCGTTGTCTCGG_002,19
ACTTATCTCCGTTGTCTCGG_003,168
ACTTATCTCCGTTGTCTCGG_004,144
ATGTACTAGGACAGTTCGTG_001,140
ATGTACTAGGACAGTTCGTG_002,138
ATGTACTAGGACAGTTCGTG_003,50
ATGTACTAGGACAGTTCGTG_004,93
ATGTACTAGGACAGTTCGTG_005,65
ATGTACTAGGACAGTTCGTG_006,88
ATGTACTAGGACAGTTCGTG_007,194
ATGTACTAGGACAGTTCGTG_008,29
ATGTACTAGGACAGTTCGTG_009,105
ATGTACTAGGACAGTTCGTG_010,169
ATGTACTAGGACAGTTCGTG_011,28
ATGTACTAGGACAGTTCGTG_012,174
ATGTACTAGGACAGTTCGTG_013,38
ATGTACTAGGACAGTTCGTG_014,120
ATGTACTAGGACAGTTCGTG_015,85
ATGTACTAGGACAGTTCGTG_016,188
ATGTACTAGGACAGTTCGTG_017,63
ATGTACTAGGACAGTTCGTG_018,98
ATGTACTAGGACAGTTCGTG_019,50
ATGTACTAGGACAGTTCGTG_020,81
ATGTACTAGGACAGTTCGTG_021,58
ATGTACTAGGACAGTTCGTG_022,13
ATGTACTAGGACAGTTCGTG_023,162
ATGTACTAGGACAGTTCGTG_024,158
ATGTACTAGGACAGTTCGTG_025,103
AGGCCAAAATAAAACTCTAG_001,48
AGGCCAAAATAAAACTCTAG_002,48
AGGCCAAAATAAAACTCTAG_003,149
AGGCCAAAATAAAACTCTAG_004,15
AGGCCAAAATAAAACTCTAG_005,1
AGGCCAAAATAAAACTCTAG_006,148
AGGCCAAAATAAAACTCTAG_007,146
AGGCCAAAATAAAACTCTAG_008,118
AGGCCAAAATAAAACTCTAG_009,121
AGGCCAAAATAAAACTCTAG_010,198
GAGTGAGGCGCTATAGCCAA_001,30
GAGTGAGGCGCTATAGCCAA_002,140
GAGTGAGGCGCTATAGCCAA_003,134
GAGTGAGGCGCTATAGCCAA_004,177
GAGTGAGGCGCTATAGCCAA_005,105
GAGTGAGGCGCTATAGCCAA_006,40
GAGTGAGGCGCTATAGCCAA_007,176
GGGCAGCCCGCGACTGACGG_001,53
GGGCAGCCCGCGACTGACGG_002,53
GGGCAGCCCGCGACTGACGG_003,109
GGGCAGCCCGCGACTGACGG_004,109
GGGCAGCCCGCGACTGACGG_005,90
GGGCAGCCCGCGACTGACGG_006,156
GGGCAGCCCGCGACTGACGG_007,171
GGGCAGCCCGCGACTGACGG_008,94
GGGCAGCCCGCGACTGACGG_009,88
GGGCAGCCCGCGACTGACGG_010,46
GGGCAGCCCGCGACTGACGG_011,99
GGGCAGCCCGCGACTGACGG_012,103
GGGCAGCCCGCGACTGACGG_013,123
GGGCAGCCCGCGACTGACGG_014,5
GTCTCCCCTCCTAGGTCCCG_001,134
GTCTCCCCTCCTAGGTCCCG_002,127
GTCTCCCCTCCTAGGTCCCG_003,160
GTCTCCCCTCCTAGGTCCCG_004,5
GTCTCCCCTCCTAGGTCCCG_005,60
GTCTCCCCTCCTAGGTCCCG_006,196
CCGGCCAGTTGAAGTGCGAG_001,106
CCGGCCAGTTGAAGTGCGAG_002,29
CCGGCCAGTTGAAGTGCGAG_003,127
CCGGCCAGTTGAAGTGCGAG_004,196
CCGGCCAGTTGAAGTGCGAG_005,94
CCGGCCAGTTGAAGTGCGAG_006,27
CCGGCCAGTTGAAGTGCGAG_007,70
CCGGCCAGTTGAAGTGCGAG_008,62
CCGGCCAGTTGAAGTGCGAG_009,81
CCGGCCAGTTGAAGTGCGAG_010,177
CCGGCCAGTTGAAGTGCGAG_011,113
CCGGCCAGTTGAAGTGCGAG_012,104
CCGGCCAGTTGAAGTGCGAG_013,159
CCGGCCAGTTGAAGTGCGAG_014,61
CCGGCCAGTTGAAGTGCGAG_015,34
CCGGCCAGTTGAAGTGCGAG_016,81
CCGGCCAGTTGAAGTGCGAG_017,148
CCGGCCAGTTGAAGTGCGAG_018,58
CCGGCCAGTTGAAGTGCGAG_019,84
CCGGCCAGTTGAAGTGCGAG_020,121
CCGGCCAGTTGAAGTGCGAG_021,10
CCGGCCAGTTGAAGTGCGAG_022,35
CCGGCCAGTTGAAGTGCGAG_023,38
CCGGCCAGTTGAAGTGCGAG_024,127
CCGGCCAGTTGAAGTGCGAG_025,56
CCGGCCAGTTGAAGTGCGAG_026,168
CCGGCCAGTTGAAGTGCGAG_027,21
CCGGCCAGTTGAAGTGCGAG_028,146
CCGGCCAGTTGAAGTGCGAG_029,159
CCGGCCAGTTGAAGTGCGAG_030,22
CCGGCCAGTTGAAGTGCGAG_031,68
CCGGCCAGTTGAAGTGCGAG_032,125
CCGGCCAGTTGAAGTGCGAG_033,67
CCGGCCAGTTGAAGTGCGAG_034,40
CCGGCCAGTTGAAGTGCGAG_035,61
CCGGCCAGTTGAAGTGCGAG_036,130
CTTGCGGTAGAAGACACGCA_001,199
CTTGCGGTAGAAGACACGCA_002,15
CTTGCGGTAGAAGACACGCA_003,18
CTTGCGGTAGAAGACACGCA_004,27
CTTGCGGTAGAAGACACGCA_005,119
CTTGCGGTAGAAGACACGCA_006,62
CTTGCGGTAGAAGACACGCA_007,56
CTTGCGGTAGAAGACACGCA_008,115
CTTGCGGTAGAAGACACGCA_009,56
CTTGCGGTAGAAGACACGCA_010,188
CTTGCGGTAGAAGACACGCA_011,15
CTTGCGGTAGAAGACACGCA_012,12
GATCTTCGTACCAAGAGCAC_001,177
GATCTTCGTACCAAGAGCAC_002,125
TAGACATAATAGGTCCATGT_001,23
TAGACATAATAGGTCCATGT_002,115
TAGACATAATAGGTCCATGT_003,81
TAGACATAATAGGTCCATGT_004,0
TATGGAAAATCATTCCCTCA_001,71
TATGGAAAATCATTCCCTCA_002,141
TATGGAAAATCATTCCCTCA_003,121
TTACCTCTGCTAATGACGGG_001,92
TTACCTCTGCTAATGACGGG_002,126
TTACCTCTGCTAATGACGGG_003,140
AGGATGACCAGATGTACCAG_001,161
AGGATGACCAGATGTACCAG_002,178
AGGATGACCAGATGTACCAG_003,70
AGGATGACCAGATGTACCAG_004,94
AGGATGACCAGATGTACCAG_005,44
AGGATGACCAGATGTACCAG_006,175
AGGATGACCAGATGTACCAG_007,152
AGGATGACCAGATGTACCAG_008,88
AGGATGACCAGATGTACCAG_009,125
AGGATGACCAGATGTACCAG_010,37
AGGATGACCAGATGTACCAG_011,162
AGGATGACCAGATGTACCAG_012,47
AGGATGACCAGATGTACCAG_013,32
AGGATGACCAGATGTACCAG_014,69
AGGATGACCAGATGTACCAG_015,41
AGGATGACCAGATGTACCAG_016,161
AGGATGACCAGATGTACCAG_017,122
AGGATGACCAGATGTACCAG_018,10
AGGATGACCAGATGTACCAG_019,94
AGGATGACCAGATGTACCAG_020,17
AGGATGACCAGATGTACCAG_021,128
AGGATGACCAGATGTACCAG_022,81
GCGGCCCAAGCGCGGCCGAG_001,17
GCGGCCCAAGCGCGGCCGAG_002,137
GCGGCCCAAGCGCGGCCGAG_003,32
GCGGCCCAAGCGCGGCCGAG_004,32
GCGGCCCAAGCGCGGCCGAG_005,82
GCGGCCCAAGCGCGGCCGAG_006,84
GCGGCCCAAGCGCGGCCGAG_007,8
GCGGCCCAAGCGCGGCCGAG_008,131
GCGGCCCAAGCGCGGCCGAG_009,123
GCGGCCCAAGCGCGGCCGAG_010,127
GCGGCCCAAGCGCGGCCGAG_011,121
GCGGCCCAAGCGCGGCCGAG_012,121
GCGGCCCAAGCGCGGCCGAG_013,15
GTGTCGTGGTGGTCATTAAG_001,124
GTGTCGTGGTGGTCATTAAG_002,68
GTGTCGTGGTGGTCATTAAG_003,98
GTGTCGTGGTGGTCATTAAG_004,45
GTGTCGTGGTGGTCATTAAG_005,56
GTGTCGTGGTGGTCATTAAG_006,59
AGATCATATACTCCTATGAA_001,171
AGATTATCATCCGCTCAGGG_001,83
TGAACTCCACAGGTCACTCG_001,62
TGAACTCCACAGGTCACTCG_002,127
TGAACTCCACAGGTCACTCG_003,181
TGAACTCCACAGGTCACTCG_004,17
TGAACTCCACAGGTCACTCG_005,149
TGAACTCCACAGGTCACTCG_006,36
TGAACTCCACAGGTCACTCG_007,100
TGAACTCCACAGGTCACTCG_008,28
TGATGGGAATCCCACGACTG_001,64
TGATGGGAATCCCACGACTG_002,132
TGATGGGAATCCCACGACTG_003,95
TGATGGGAATCCCACGACTG_004,48
TGATGGGAATCCCACGACTG_005,98
TGATGGGAATCCCACGACTG_006,83
TGATGGGAATCCCACGACTG_007,196
TGATGGGAATCCCACGACTG_008,50
TGATGGGAATCCCACGACTG_009,170
TGATGGGAATCCCACGACTG_010,84
TGATGGGAATCCCACGACTG_011,126
TGATGGGAATCCCACGACTG_012,115
TGATGGGAATCCCACGACTG_013,165
TGATGGGAATCCCACGACTG_014,27
ACAAAAGCAGACCGCCAATG_001,178
ACAAAAGCAGACCGCCAATG_002,1
ACAAAAGCAGACCGCCAATG_003,6
GAGGTCAGTGATGTCCACGC_001,115
GAGGTCAGTGATGTCCACGC_002,85
GAGGTCAGTGATGTCCACGC_003,42
GAGGTCAGTGATGTCCACGC_004,69
GAGGTCAGTGATGTCCACGC_005,61
GAGGTCAGTGATGTCCACGC_006,82
GAGGTCAGTGATGTCCACGC_007,130
GAGGTCAGTGATGTCCACGC_008,183
GAGGTCAGTGATGTCCACGC_009,48
GAGGTCAGTGATGTCCACGC_010,125
GAGGTCAGTGATGTCCACGC_011,57
GAGGTCAGTGATGTCCACGC_012,79
AACATGATACATGCCCGCAA_001,168
AACATGATACATGCCCGCAA_002,88
AACATGATACATGCCCGCAA_003,158
AACATGATACATGCCCGCAA_004,166
AACATGATACATGCCCGCAA_005,175
AACATGATACATGCCCGCAA_006,114
AACATGATACATGCCCGCAA_007,2
AACATGATACATGCCCGCAA_008,12
AACATGATACATGCCCGCAA_009,51
AACATGATACATGCCCGCAA_010,176
AACATGATACATGCCCGCAA_011,41
AACATGATACATGCCCGCAA_012,74
TGCGCGCGTGGATCAGCGAC_001,80
TGCGCGCGTGGATCAGCGAC_002,176
TGCGCGCGTGGATCAGCGAC_003,175
GCTGCGACAGCATCTGTACC_001,113
GCTGCGACAGCATCTGTACC_002,33
GCTGCGACAGCATCTGTACC_003,86
CTTTGTTGCAGATTTCTAAC_001,81
CTTTGTTGCAGATTTCTAAC_002,40
CTTTGTTGCAGATTTCTAAC_003,155
AGAAATGACCGAGAGCTTCG_001,111
AGAAATGACCGAGAGCTTCG_002,38
AGAAATGACCGAGAGCTTCG_003,88
AGAAATGACCGAGAGCTTCG_004,12
AGAAATGACCGAGAGCTTCG_005,61
AGAAATGACCGAGAGCTTCG_006,14
AGAAATGACCGAGAGCTTCG_007,73
GCAACTGCGGAGCATCAACG_001,113
GCAACTGCGGAGCATCAACG_002,58
GCAACTGCGGAGCATCAACG_003,146
GCAACTGCGGAGCATCAACG_004,12
GCAACTGCGGAGCATCAACG_005,170
GCAACTGCGGAGCATCAACG_006,191
GCAACTGCGGAGCATCAACG_007,68
GCAACTGCGGAGCATCAACG_008,69
GCAACTGCGGAGCATCAACG_009,4
GCAACTGCGGAGCATCAACG_010,94
GCAACTGCGGAGCATCAACG_011,4
GCAACTGCGGAGCATCAACG_012,134
GCAACTGCGGAGCATCAACG_013,150
GCAACTGCGGAGCATCAACG_014,118
GCAACTGCGGAGCATCAACG_015,190
GCAACTGCGGAGCATCAACG_016,19
GCAACTGCGGAGCATCAACG_017,34
GCAACTGCGGAGCATCAACG_018,52
GCAACTGCGGAGCATCAACG_019,130
GCAACTGCGGAGCATCAACG_020,2
GCAACTGCGGAGCATCAACG_021,12
GCAACTGCGGAGCATCAACG_022,17
AGTGGTTGGTGATGACACAT_001,114
AGTGGTTGGTGATGACACAT_002,163
AGTGGTTGGTGATGACACAT_003,147
AGTGGTTGGTGATGACACAT_004,139
AGTGGTTGGTGATGACACAT_005,110
AGTGGTTGGTGATGACACAT_006,117
GATCTTGTGCTCCAAGGGGT_001,180
GGGAACCTCACGTTTATGGT_001,50
GGGAACCTCACGTTTATGGT_002,158
GGGAACCTCACGTTTATGGT_003,27
GGGAACCTCACGTTTATGGT_004,35
GGGAACCTCACGTTTATGGT_005,174
AAGAAGGCCCGTATAGCCAT_001,40
AAGAAGGCCCGTATAGCCAT_002,52
AAGAAGGCCCGTATAGCCAT_003,30
AAGAAGGCCCGTATAGCCAT_004,148
AAGAAGGCCCGTATAGCCAT_005,166
TGCCACGTGCAAAACGACCA_001,41
TGCCACGTGCAAAACGACCA_002,9
TGCCACGTGCAAAACGACCA_003,16
TGCCACGTGCAAAACGACCA_004,58
TGCCACGTGCAAAACGACCA_005,167
TGCCACGTGCAAAACGACCA_006,167
TGCCACGTGCAAAACGACCA_007,116
TGCCACGTGCAAAACGACCA_008,145
TGCCACGTGCAAAACGACCA_009,124
TGCCACGTGCAAAACGACCA_010,125
TGCCACGTGCAAAACGACCA_011,111
CTTGTGGAGTTGCATAAAGG_001,40
CTTGTGGAGTTGCATAAAGG_002,41
CTTGTGGAGTTGCATAAAGG_003,46
CTTGTGGAGTTGCATAAAGG_004,46
CTTGTGGAGTTGCATAAAGG_005,82
CTTGTGGAGTTGCATAAAGG_006,52
TTCCTGGGCCACGATAACGG_001,154
TTCCTGGGCCACGATAACGG_002,48
TTCCTGGGCCACGATAACGG_003,81
TTCCTGGGCCACGATAACGG_004,122
TTCCTGGGCCACGATAACGG_005,48
TTCCTGGGCCACGATAACGG_006,105
TTCCTGGGCCACGATAACGG_007,196
TTCCTGGGCCACGATAACGG_008,191
TTCCTGGGCCACGATAACGG_009,179
TTCCTGGGCCACGATAACGG_010,95
TTCCTGGGCCACGATAACGG_011,65
TTCCTGGGCCACGATAACGG_012,17
TTCCTGGGCCACGATAACGG_013,130
TTCCTGGGCCACGATAACGG_014,182
TTCCTGGGCCACGATAACGG_015,103
TTCCTGGGCCACGATAACGG_016,19
TTCCTGGGCCACGATAACGG_017,172
GGAGAGCCTGGACACCCCCG_001,102
GGAGAGCCTGGACACCCCCG_002,128
GGAGAGCCTGGACACCCCCG_003,106
GGAGAGCCTGGACACCCCCG_004,62
GGAGAGCCTGGACACCCCCG_005,90
GGAGAGCCTGGACACCCCCG_006,173
GGAGAGCCTGGACACCCCCG_007,105
GGAGAGCCTGGACACCCCCG_008,90
GGAGAGCCTGGACACCCCCG_009,139
GGAGAGCCTGGACACCCCCG_010,115
GGAGAGCCTGGACACCCCCG_011,3
TGGCTTTCGAAGAATCGGCA_001,146
TGGCTTTCGAAGAATCGGCA_002,63
TGGCTTTCGAAGAATCGGCA_003,111
ACTGGCAAAATCTGTATACG_001,37
ACTGGCAAAATCTGTATACG_002,80
AGCAGCCACGGGATCCCGTG_001,180
AGCAGCCACGGGATCCCGTG_002,88
AGCAGCCACGGGATCCCGTG_003,49
AGCAGCCACGGGATCCCGTG_004,50
AGCAGCCACGGGATCCCGTG_005,6
AGCAGCCACGGGATCCCGTG_006,161
AGCAGCCACGGGATCCCGTG_007,28
AGCAGCCACGGGATCCCGTG_008,138
AGCAGCCACGGGATCCCGTG_009,121
ATGATGGATCGTGTGCTCAG_001,166
ATGATGGATCGTGTGCTCAG_002,147
ATGATGGATCGTGTGCTCAG_003,15
ATGATGGATCGTGTGCTCAG_004,7
ATGATGGATCGTGTGCTCAG_005,76
ATGATGGATCGTGTGCTCAG_006,88
ATGATGGATCGTGTGCTCAG_007,192
ATGATGGATCGTGTGCTCAG_008,18
ATGATGGATCGTGTGCTCAG_009,195
ATGATGGATCGTGTGCTCAG_010,144
ATGATGGATCGTGTGCTCAG_011,144
ATGATGGATCGTGTGCTCAG_012,137
ATGATGGATCGTGTGCTCAG_013,144
ATGATGGATCGTGTGCTCAG_014,127
GCGCCTGCTCTTTAAATATG_001,159
GCGCCTGCTCTTTAAATATG_002,68
GCGCCTGCTCTTTAAATATG_003,104
TGCACTAACTAACATCCAGG_001,41
TGCACTAACTAACATCCAGG_002,38
TGCACTAACTAACATCCAGG_003,41
TGCACTAACTAACATCCAGG_004,129
TGCACTAACTAACATCCAGG_005,143
TGCACTAACTAACATCCAGG_006,143
TGCACTAACTAACATCCAGG_007,186
TGCACTAACTAACATCCAGG_008,124
GTCCCGTCTGGAGACAACAA_001,80
GTCCCGTCTGGAGACAACAA_002,146
GTCCCGTCTGGAGACAACAA_003,94
GTCCCGTCTGGAGACAACAA_004,102
GGCGAAGCAGGATTTACGCG_001,23
GGCGAAGCAGGATTTACGCG_002,60
GGCGAAGCAGGATTTACGCG_003,162
GGCGAAGCAGGATTTACGCG_004,81
GGCGAAGCAGGATTTACGCG_005,1
GGCGAAGCAGGATTTACGCG_006,83
GGCGAAGCAGGATTTACGCG_007,57
GGCGAAGCAGGATTTACGCG_008,13
GGCGAAGCAGGATTTACGCG_009,97
GGCGAAGCAGGATTTACGCG_010,175
GGCGAAGCAGGATTTACGCG_011,175
GGCGAAGCAGGATTTACGCG_012,48
GGCGAAGCAGGATTTACGCG_013,121
GGCGAAGCAGGATTTACGCG_014,66
GGCGAAGCAGGATTTACGCG_015,59
CCACAGAGCTGTACAGTCGG_001,171
CCACAGAGCTGTACAGTCGG_002,169
CCACAGAGCTGTACAGTCGG_003,137
CCACAGAGCTGTACAGTCGG_004,92
CCACAGAGCTGTACAGTCGG_005,127
CCACAGAGCTGTACAGTCGG_006,72
CCACAGAGCTGTACAGTCGG_007,70
CCACAGAGCTGTACAGTCGG_008,108
GCCCTCCTTCTCCACAGCCA_001,115
GCCCTCCTTCTCCACAGCCA_002,162
GCCCTCCTTCTCCACAGCCA_003,145
GCCCTCCTTCTCCACAGCCA_004,2
GCCCTCCTTCTCCACAGCCA_005,163
CCATCAACTTCACTCGACAG_001,58
CCATCAACTTCACTCGACAG_002,115
CCATCAACTTCACTCGACAG_003,19
CCATCAACTTCACTCGACAG_004,46
CCATCAACTTCACTCGACAG_005,144
CCATCAACTTCACTCGACAG_006,70
CCATCAACTTCACTCGACAG_007,15
GTACCGGTACCCATACCCCG_001,158
GTTCACACGGACACACCACG_001,119
GTTCACACGGACACACCACG_002,158
GTTCACACGGACACACCACG_003,9
GTTCACACGGACACACCACG_004,70
GTTCACACGGACACACCACG_005,81
GTTCACACGGACACACCACG_006,28
GTTCACACGGACACACCACG_007,137
GTTCACACGGACACACCACG_008,50
GTTCACACGGACACACCACG_009,57
GTTCACACGGACACACCACG_010,137
GTTCACACGGACACACCACG_011,55
GTTCACACGGACACACCACG_012,136
GTTCACACGGACACACCACG_013,14
AGGGTACTGAGAACTTGTTG_001,129
AGGGTACTGAGAACTTGTTG_002,44
AGGGTACTGAGAACTTGTTG_003,121
AGGGTACTGAGAACTTGTTG_004,88
AGGGTACTGAGAACTTGTTG_005,56
AGGGTACTGAGAACTTGTTG_006,196
GACTGACAGCAGGTCCGTGT_001,34
GACTGACAGCAGGTCCGTGT_002,199
GACTGACAGCAGGTCCGTGT_003,113
GACTGACAGCAGGTCCGTGT_004,6
GACTGACAGCAGGTCCGTGT_005,48
GACTGACAGCAGGTCCGTGT_006,37
GACTGACAGCAGGTCCGTGT_007,35
ATGGTCTACGATATGGAGAA_001,51
ATGGTCTACGATATGGAGAA_002,85
ACAGTGGATAAAGAGGACCG_001,180
ACAGTGGATAAAGAGGACCG_002,123
ACAGTGGATAAAGAGGACCG_003,38
ACAGTGGATAAAGAGGACCG_004,63
ACAGTGGATAAAGAGGACCG_005,29
AAGAAAGACACCCAAGTCGT_001,127
AAGAAAGACACCCAAGTCGT_002,160
AAGAAAGACACCCAAGTCGT_003,170
AAGAAAGACACCCAAGTCGT_004,60
AAGAAAGACACCCAAGTCGT_005,178
AAGAAAGACACCCAAGTCGT_006,75
AAGAAAGACACCCAAGTCGT_007,75
AAGAAAGACACCCAAGTCGT_008,52
AAGAAAGACACCCAAGTCGT_009,58
AGAACAGCCATGAAAAAGTG_001,8
AGAACAGCCATGAAAAAGTG_002,68
AGAACAGCCATGAAAAAGTG_003,166
AGAACAGCCATGAAAAAGTG_004,70
AGAACAGCCATGAAAAAGTG_005,2
AGAACAGCCATGAAAAAGTG_006,49
AGAACAGCCATGAAAAAGTG_007,182
AGAACAGCCATGAAAAAGTG_008,84
AGAACAGCCATGAAAAAGTG_009,53
AGAACAGCCATGAAAAAGTG_010,194
AGAACAGCCATGAAAAAGTG_011,34
AGAACAGCCATGAAAAAGTG_012,126
AGAACAGCCATGAAAAAGTG_013,123
CCAGATCCCTCAAAATACTG_001,12
CCAGATCCCTCAAAATACTG_002,132
CCAGATCCCTCAAAATACTG_003,64
CCAGATCCCTCAAAATACTG_004,106
CCAGATCCCTCAAAATACTG_005,46
CCAGATCCCTCAAAATACTG_006,43
CCAGATCCCTCAAAATACTG_007,125
CCAGATCCCTCAAAATACTG_008,174
CCAGATCCCTCAAAATACTG_009,15
CCAGATCCCTCAAAATACTG_010,144
CCAGATCCCTCAAAATACTG_011,66
CCAGATCCCTCAAAATACTG_012,90
GGCCGTTATCCACAAAGATG_001,20
GGCCGTTATCCACAAAGATG_002,197
GGCCGTTATCCACAAAGATG_003,56
GGCCGTTATCCACAAAGATG_004,153
GGCCGTTATCCACAAAGATG_005,66
GGCCGTTATCCACAAAGATG_006,38
GAGTTTCTGAGTCGGCACCC_001,8
GAGTTTCTGAGTCGGCACCC_002,60
GAGTTTCTGAGTCGGCACCC_003,116
GAGTTTCTGAGTCGGCACCC_004,8
GAGTTTCTGAGTCGGCACCC_005,145
GAGTTTCTGAGTCGGCACCC_006,34
GAGTTTCTGAGTCGGCACCC_007,43
GAGTTTCTGAGTCGGCACCC_008,168
GCTGGTTAAAGAGTTCGCCC_001,118
GCTGGTTAAAGAGTTCGCCC_002,58
GCTGGTTAAAGAGTTCGCCC_003,98
GCTGGTTAAAGAGTTCGCCC_004,96
GGGGACACACTTACCTACAT_001,52
GGGGACACACTTACCTACAT_002,57
GGGGACACACTTACCTACAT_003,180
GGGGACACACTTACCTACAT_004,14
GGGGACACACTTACCTACAT_005,48
GGGTACTGTGCATAGCCAAG_001,112
GGGTACTGTGCATAGCCAAG_002,170
GGGTACTGTGCATAGCCAAG_003,153
GGGTACTGTGCATAGCCAAG_004,48
GGGTACTGTGCATAGCCAAG_005,82
GGGTACTGTGCATAGCCAAG_006,14
GGGTACTGTGCATAGCCAAG_007,69
GGGTACTGTGCATAGCCAAG_008,152
GGGTACTGTGCATAGCCAAG_009,23
GGGTACTGTGCATAGCCAAG_010,2
GGGTACTGTGCATAGCCAAG_011,126
GGGTACTGTGCATAGCCAAG_012,10
GGGTACTGTGCATAGCCAAG_013,96
CCAAGACGCACTTCTCAGTG_001,121
CCAAGACGCACTTCTCAGTG_002,8
CCAAGACGCACTTCTCAGTG_003,92
CCAAGACGCACTTCTCAGTG_004,92
CCAAGACGCACTTCTCAGTG_005,182
CCAAGACGCACTTCTCAGTG_006,11
CCAAGACGCACTTCTCAGTG_007,132
CCAAGACGCACTTCTCAGTG_008,70
CCAAGACGCACTTCTCAGTG_009,62
CCAAGACGCACTTCTCAGTG_010,105
CCAAGACGCACTTCTCAGTG_011,179
CCAAGACGCACTTCTCAGTG_012,150
CCAAGACGCACTTCTCAGTG_013,127
CCAAGACGCACTTCTCAGTG_014,186
CCAAGACGCACTTCTCAGTG_015,164
CCAAGACGCACTTCTCAGTG_016,13
CCAAGACGCACTTCTCAGTG_017,7
CCAAGACGCACTTCTCAGTG_018,6
TGTGAAAGGACACGGTCCAG_001,176
TGTGAAAGGACACGGTCCAG_002,60
TGTGAAAGGACACGGTCCAG_003,47
TGTGAAAGGACACGGTCCAG_004,125
TGTGAAAGGACACGGTCCAG_005,131
TGTGAAAGGACACGGTCCAG_006,77
GCTGACAGACGTGGTCATCG_001,44
GCTGACAGACGTGGTCATCG_002,38
GCTGACAGACGTGGTCATCG_003,65
GCTGACAGACGTGGTCATCG_004,41
GCTGACAGACGTGGTCATCG_005,94
GCTGACAGACGTGGTCATCG_006,149
GCTGACAGACGTGGTCATCG_007,107
GCTGACAGACGTGGTCATCG_008,28
GCTGACAGACGTGGTCATCG_009,86
GCTGACAGACGTGGTCATCG_010,135
GCTGACAGACGTGGTCATCG_011,13
TTCCAACAGCTTCCTTTGCA_001,191
TTCCAACAGCTTCCTTTGCA_002,77
TTCCAACAGCTTCCTTTGCA_003,75
TTCCAACAGCTTCCTTTGCA_004,128
GAGACACCTTAAGAACACCA_001,58
GAGACACCTTAAGAACACCA_002,188
GAGACACCTTAAGAACACCA_003,188
GAGACACCTTAAGAACACCA_004,133
GAGACACCTTAAGAACACCA_005,94
GAGACACCTTAAGAACACCA_006,174
GAGACACCTTAAGAACACCA_007,129
GAGACACCTTAAGAACACCA_008,108
GAGACACCTTAAGAACACCA_009,178
GAGACACCTTAAGAACACCA_010,153
GAGACACCTTAAGAACACCA_011,94
GAGACACCTTAAGAACACCA_012,103
GAGACACCTTAAGAACACCA_013,138
GAGACACCTTAAGAACACCA_014,19
GAGACACCTTAAGAACACCA_015,19
GAGACACCTTAAGAACACCA_016,9
GAGACACCTTAAGAACACCA_017,56
GAGACACCTTAAGAACACCA_018,89
GAGACACCTTAAGAACACCA_019,79
GAGACACCTTAAGAACACCA_020,17
GCTGGCCAGTTATTATGTGG_001,28
GCTGGCCAGTTATTATGTGG_002,151
GCTGGCCAGTTATTATGTGG_003,83
GCTGGCCAGTTATTATGTGG_004,188
GCTGGCCAGTTATTATGTGG_005,19
AAAGTCGCTAAGTAACACGA_001,81
AAAGTCGCTAAGTAACACGA_002,169
AAAGTCGCTAAGTAACACGA_003,126
AAAGTCGCTAAGTAACACGA_004,127
AAAGTCGCTAAGTAACACGA_005,41
AAAGTCGCTAAGTAACACGA_006,55
AAAGTCGCTAAGTAACACGA_007,127
AAAGTCGCTAAGTAACACGA_008,199
CTGATCGTAGGACCACGGTG_001,27
CTGATCGTAGGACCACGGTG_002,5
CTGATCGTAGGACCACGGTG_003,102
CTGATCGTAGGACCACGGTG_004,199
CTGATCGTAGGACCACGGTG_005,50
CTGATCGTAGGACCACGGTG_006,20
CTGATCGTAGGACCACGGTG_007,99
CTGATCGTAGGACCACGGTG_008,163
CTGATCGTAGGACCACGGTG_009,183
CTGATCGTAGGACCACGGTG_010,156
CTGATCGTAGGACCACGGTG_011,166
CTGATCGTAGGACCACGGTG_012,108
TTACCGTAATGAATGTCCCA_001,198
TTACCGTAATGAATGTCCCA_002,96
TTACCGTAATGAATGTCCCA_003,145
AGGATGTCGGTAGATTACAA_001,62
AGGATGTCGGTAGATTACAA_002,55
AGGATGTCGGTAGATTACAA_003,189
AGGATGTCGGTAGATTACAA_004,144
AGGATGTCGGTAGATTACAA_005,15
AGGATGTCGGTAGATTACAA_006,81
AGGATGTCGGTAGATTACAA_007,1
AGGATGTCGGTAGATTACAA_008,52
AGGATGTCGGTAGATTACAA_009,57
AGGATGTCGGTAGATTACAA_010,175
AGGATGTCGGTAGATTACAA_011,138
AGGATGTCGGTAGATTACAA_012,37
AGGATGTCGGTAGATTACAA_013,162
AGGATGTCGGTAGATTACAA_014,19
AGGATGTCGGTAGATTACAA_015,146
AGGATGTCGGTAGATTACAA_016,69
AGGATGTCGGTAGATTACAA_017,24
AGGATGTCGGTAGATTACAA_018,191
AGGATGTCGGTAGATTACAA_019,162
AGGATGTCGGTAGATTACAA_020,180
AGGATGTCGGTAGATTACAA_021,138
CCTGCGACCACACTTCCAAA_001,10
CCTGCGACCACACTTCCAAA_002,45
CCTGCGACCACACTTCCAAA_003,197
CCTGCGACCACACTTCCAAA_004,123
CCTGCGACCACACTTCCAAA_005,104
CCTGCGACCACACTTCCAAA_006,34
CCTGCGACCACACTTCCAAA_007,105
CCTGCGACCACACTTCCAAA_008,56
CCTGCGACCACACTTCCAAA_009,178
CCTGCGACCACACTTCCAAA_010,84
CCTGCGACCACACTTCCAAA_011,52
CCTGCGACCACACTTCCAAA_012,141
CCTGCGACCACACTTCCAAA_013,145
CCTGCGACCACACTTCCAAA_014,115
CCTGCGACCACACTTCCAAA_015,9
CCTGCGACCACACTTCCAAA_016,24
CCTGCGACCACACTTCCAAA_017,141
CCTGCGACCACACTTCCAAA_018,2
AGATCTAGTGATGATCGGAG_001,8
AGATCTAGTGATGATCGGAG_002,62
AGATCTAGTGATGATCGGAG_003,134
AGATCTAGTGATGATCGGAG_004,56
AGATCTAGTGATGATCGGAG_005,105
AGATCTAGTGATGATCGGAG_006,116
AGATCTAGTGATGATCGGAG_007,11
AGATCTAGTGATGATCGGAG_008,88
AGATCTAGTGATGATCGGAG_009,117
AGATCTAGTGATGATCGGAG_010,199
AGATCTAGTGATGATCGGAG_011,71
AGATCTAGTGATGATCGGAG_012,76
ATAGCCATTTGCAATCTCAG_001,0
ATAGCCATTTGCAATCTCAG_002,17
ATAGCCATTTGCAATCTCAG_003,98
ATAGCCATTTGCAATCTCAG_004,81
ATAGCCATTTGCAATCTCAG_005,65
ATAGCCATTTGCAATCTCAG_006,167
ATAGCCATTTGCAATCTCAG_007,157
ATAGCCATTTGCAATCTCAG_008,42
ATAGCCATTTGCAATCTCAG_009,108
ATAGCCATTTGCAATCTCAG_010,145
ATAGCCATTTGCAATCTCAG_011,41
ATAGCCATTTGCAATCTCAG_012,43
ATAGCCATTTGCAATCTCAG_013,78
ATAGCCATTTGCAATCTCAG_014,122
ATAGCCATTTGCAATCTCAG_015,127
ATAGCCATTTGCAATCTCAG_016,3
ATAGCCATTTGCAATCTCAG_017,14
ATAGCCATTTGCAATCTCAG_018,118
AGAGCAGCTGAAACAAGCTG_001,127
AGAGCAGCTGAAACAAGCTG_002,185
AGAGCAGCTGAAACAAGCTG_003,6
AGAGCAGCTGAAACAAGCTG_004,134
AGAGCAGCTGAAACAAGCTG_005,43
AGAGCAGCTGAAACAAGCTG_006,77
AGAGCAGCTGAAACAAGCTG_007,29
AGAGCAGCTGAAACAAGCTG_008,119
AGAGCAGCTGAAACAAGCTG_009,119
AGAGCAGCTGAAACAAGCTG_010,185
AGAGCAGCTGAAACAAGCTG_011,185
AGAGCAGCTGAAACAAGCTG_012,105
AGAGCAGCTGAAACAAGCTG_013,154
AGAGCAGCTGAAACAAGCTG_014,191
AGAGCAGCTGAAACAAGCTG_015,174
AGAGCAGCTGAAACAAGCTG_016,125
AGAGCAGCTGAAACAAGCTG_017,2
AGAGCAGCTGAAACAAGCTG_018,27
AGAGCAGCTGAAACAAGCTG_019,196
AGAGCAGCTGAAACAAGCTG_020,75
AGTGGTTACAGCCTGTGACA_001,168
AGTGGTTACAGCCTGTGACA_002,33
AGTGGTTACAGCCTGTGACA_003,25
AGTGGTTACAGCCTGTGACA_004,52
AGTGGTTACAGCCTGTGACA_005,143
AGTGGTTACAGCCTGTGACA_006,127
AGTGGTTACAGCCTGTGACA_007,42
GAAACCCGCAGCACACTCCG_001,43
GAAACCCGCAGCACACTCCG_002,113
GAAACCCGCAGCACACTCCG_003,113
GAAACCCGCAGCACACTCCG_004,165
GAAACCCGCAGCACACTCCG_005,194
GAAACCCGCAGCACACTCCG_006,162
GAAACCCGCAGCACACTCCG_007,81
GAAACCCGCAGCACACTCCG_008,105
GAAACCCGCAGCACACTCCG_009,169
GAAACCCGCAGCACACTCCG_010,76
GAAACCCGCAGCACACTCCG_011,126
GAAACCCGCAGCACACTCCG_012,149
GAAACCCGCAGCACACTCCG_013,107
GAAACCCGCAGCACACTCCG_014,35
GAAACCCGCAGCACACTCCG_015,122
GAAACCCGCAGCACACTCCG_016,107
GAAACCCGCAGCACACTCCG_017,149
GAAACCCGCAGCACACTCCG_018,20
GAAACCCGCAGCACACTCCG_019,136
GAAACCCGCAGCACACTCCG_020,171
GAAACCCGCAGCACACTCCG_021,146
GAAACCCGCAGCACACTCCG_022,127
GAAACCCGCAGCACACTCCG_023,29
GAAACCCGCAGCACACTCCG_024,0
GAAACCCGCAGCACACTCCG_025,183
TAAGGACATATAAAGGATGT_001,166
TAAGGACATATAAAGGATGT_002,35
TAAGGACATATAAAGGATGT_003,100
TAAGGACATATAAAGGATGT_004,108
TAAGGACATATAAAGGATGT_005,183
TAAGGACATATAAAGGATGT_006,170
TAAGGACATATAAAGGATGT_007,80
TAAGGACATATAAAGGATGT_008,184
TAAGGACATATAAAGGATGT_009,12
CCTCGGGAGGAAAAGCCAAG_001,78
CCTCGGGAGGAAAAGCCAAG_002,30
TGAGCTCTTCAACAAGACTG_001,40
TGAGCTCTTCAACAAGACTG_002,137
TGAGCTCTTCAACAAGACTG_003,3
TGAGCTCTTCAACAAGACTG_004,159
TGAGCTCTTCAACAAGACTG_005,88
TGAGCTCTTCAACAAGACTG_006,154
TGAGCTCTTCAACAAGACTG_007,104
TGAGCTCTTCAACAAGACTG_008,160
TGAGCTCTTCAACAAGACTG_009,160
TGAGCTCTTCAACAAGACTG_010,85
TGAGCTCTTCAACAAGACTG_011,123
TGAGCTCTTCAACAAGACTG_012,27
TGAGCTCTTCAACAAGACTG_013,43
GTGGGCCAATACAATTGTCC_001,41
GTGGGCCAATACAATTGTCC_002,113
GTGGGCCAATACAATTGTCC_003,150
GTGGGCCAATACAATTGTCC_004,170
GTGATGCTACCCCCAATTTG_001,70
GTGATGCTACCCCCAATTTG_002,149
GTGATGCTACCCCCAATTTG_003,141
GTGATGCTACCCCCAATTTG_004,58
GTGATGCTACCCCCAATTTG_005,48
GTGATGCTACCCCCAATTTG_006,32
GTGATGCTACCCCCAATTTG_007,158
GTGATGCTACCCCCAATTTG_008,126
GTGATGCTACCCCCAATTTG_009,174
GTGATGCTACCCCCAATTTG_010,67
TCGTGATAGAGGAGTACACC_001,149
TCGTGATAGAGGAGTACACC_002,47
TCGTGATAGAGGAGTACACC_003,135
TCGTGATAGAGGAGTACACC_004,170
TCGTGATAGAGGAGTACACC_005,28
TCGTGATAGAGGAGTACACC_006,127
TCGTGATAGAGGAGTACACC_007,11
TCGTGATAGAGGAGTACACC_008,196
TCGTGATAGAGGAGTACACC_009,13
CAAAGGAAATAGATATGTCC_001,115
CAAAGGAAATAGATATGTCC_002,115
CAAAGGAAATAGATATGTCC_003,170
CAAAGGAAATAGATATGTCC_004,46
CAAAGGAAATAGATATGTCC_005,134
TTCCAAAGAATGATGATATG_001,83
AGTATGGGTAAAATTCAACT_001,161
AGTATGGGTAAAATTCAACT_002,108
AGCTCAAAAATTTAGCCATG_001,137
AGCTCAAAAATTTAGCCATG_002,52
AGCTCAAAAATTTAGCCATG_003,160
AGCTCAAAAATTTAGCCATG_004,168
AGCTCAAAAATTTAGCCATG_005,94
AGCTCAAAAATTTAGCCATG_006,175
AGCTCAAAAATTTAGCCATG_007,48
AGCTCAAAAATTTAGCCATG_008,151
AGCTCAAAAATTTAGCCATG_009,189
AGCTCAAAAATTTAGCCATG_010,166
AGCTCAAAAATTTAGCCATG_011,2
CCTGCAGCTCTGCTTCAGTG_001,174
CCTGCAGCTCTGCTTCAGTG_002,172
CCAGATTTCGTCGATGCCTG_001,83
CCAGATTTCGTCGATGCCTG_002,25
CCAGATTTCGTCGATGCCTG_003,32
CCAGATTTCGTCGATGCCTG_004,102
CCAGATTTCGTCGATGCCTG_005,36
CCAGATTTCGTCGATGCCTG_006,172
AGAAGCGGTTTATGCCGTCA_001,5
AGAAGCGGTTTATGCCGTCA_002,152
AGAAGCGGTTTATGCCGTCA_003,102
AGAAGCGGTTTATGCCGTCA_004,181
AGAAGCGGTTTATGCCGTCA_005,138
AGAAGCGGTTTATGCCGTCA_006,168
AGAAGCGGTTTATGCCGTCA_007,134
AGAAGCGGTTTATGCCGTCA_008,160
AGAAGCGGTTTATGCCGTCA_009,19
AGAAGCGGTTTATGCCGTCA_010,77
AGAAGCGGTTTATGCCGTCA_011,49
AGAAGCGGTTTATGCCGTCA_012,150
AGAAGCGGTTTATGCCGTCA_013,70
AGAAGCGGTTTATGCCGTCA_014,169
AGAAGCGGTTTATGCCGTCA_015,74
AGAAGCGGTTTATGCCGTCA_016,19
AGAAGCGGTTTATGCCGTCA_017,16
AGAAGCGGTTTATGCCGTCA_018,48
AGAAGCGGTTTATGCCGTCA_019,137
AGAAGCGGTTTATGCCGTCA_020,116
AGAAGCGGTTTATGCCGTCA_021,124
AGAAGCGGTTTATGCCGTCA_022,140
AGAAGCGGTTTATGCCGTCA_023,40
AGTCAACCACCATAGTGAGT_001,18
AGTCAACCACCATAGTGAGT_002,142
AGTCAACCACCATAGTGAGT_003,23
AGTCAACCACCATAGTGAGT_004,156
AGTCAACCACCATAGTGAGT_005,150
AGTCAACCACCATAGTGAGT_006,52
AGTCAACCACCATAGTGAGT_007,25
AGTCAACCACCATAGTGAGT_008,115
AGTCAACCACCATAGTGAGT_009,142
AGTCAACCACCATAGTGAGT_010,10
AGTCAACCACCATAGTGAGT_011,105
GAAACCGATCGACCGCGAGA_001,64
GAAACCGATCGACCGCGAGA_002,140
GAAACCGATCGACCGCGAGA_003,133
GAAACCGATCGACCGCGAGA_004,76
GAAACCGATCGACCGCGAGA_005,1
GAAACCGATCGACCGCGAGA_006,118
GAAACCGATCGACCGCGAGA_007,147
GAAACCGATCGACCGCGAGA_008,65
GAAACCGATCGACCGCGAGA_009,85
GAAACCGATCGACCGCGAGA_010,168
GAAACCGATCGACCGCGAGA_011,149
GAAACCGATCGACCGCGAGA_012,1
GAAACCGATCGACCGCGAGA_013,147
GAAACCGATCGACCGCGAGA_014,102
GAAACCGATCGACCGCGAGA_015,107
GAAACCGATCGACCGCGAGA_016,13
GAAACCGATCGACCGCGAGA_017,113
GATCATCGCCTCGAGCCACG_001,13
GATCATCGCCTCGAGCCACG_002,197
GATCATCGCCTCGAGCCACG_003,24
GATCATCGCCTCGAGCCACG_004,145
GATCATCGCCTCGAGCCACG_005,153
GATCATCGCCTCGAGCCACG_006,106
GATCATCGCCTCGAGCCACG_007,106
GATCATCGCCTCGAGCCACG_008,105
GATCATCGCCTCGAGCCACG_009,34
GATCATCGCCTCGAGCCACG_010,199
GATCATCGCCTCGAGCCACG_011,6
GATCATCGCCTCGAGCCACG_012,105
GATCATCGCCTCGAGCCACG_013,169
GATCATCGCCTCGAGCCACG_014,127
GATCATCGCCTCGAGCCACG_015,90
GATCATCGCCTCGAGCCACG_016,197
GCATGGCAACCGTGCCACTG_001,53
GCATGGCAACCGTGCCACTG_002,166
GCATGGCAACCGTGCCACTG_003,49
GCATGGCAACCGTGCCACTG_004,15
GCATGGCAACCGTGCCACTG_005,19
GCATGGCAACCGTGCCACTG_006,159
GCATGGCAACCGTGCCACTG_007,141
GCATGGCAACCGTGCCACTG_008,9
GCATGGCAACCGTGCCACTG_009,110
GCATGGCAACCGTGCCACTG_010,113
GCATGGCAACCGTGCCACTG_011,59
GCATGGCAACCGTGCCACTG_012,103
GCATGGCAACCGTGCCACTG_013,80
GCATGGCAACCGTGCCACTG_014,64
GCATGGCAACCGTGCCACTG_015,197
GCATGGCAACCGTGCCACTG_016,22
GCATGGCAACCGTGCCACTG_017,156
GCATGGCAACCGTGCCACTG_018,45
GCATGGCAACCGTGCCACTG_019,1
GCATGGCAACCGTGCCACTG_020,50
GCATGGCAACCGTGCCACTG_021,48
GCATGGCAACCGTGCCACTG_022,54
GCATGGCAACCGTGCCACTG_023,149
GCATGGCAACCGTGCCACTG_024,44
GCATGGCAACCGTGCCACTG_025,68
GCATGGCAACCGTGCCACTG_026,89
GCATGGCAACCGTGCCACTG_027,182
GCATGGCAACCGTGCCACTG_028,87
GCATGGCAACCGTGCCACTG_029,184
GCATGGCAACCGTGCCACTG_030,150
GCATGGCAACCGTGCCACTG_031,77
GCATGGCAACCGTGCCACTG_032,63
GCATGGCAACCGTGCCACTG_033,76
GCATGGCAACCGTGCCACTG_034,179
GCATGGCAACCGTGCCACTG_035,34
GCATGGCAACCGTGCCACTG_036,188
GCATGGCAACCGTGCCACTG_037,9
GCATGGCAACCGTGCCACTG_038,70
GCATGGCAACCGTGCCACTG_039,148
GCATGGCAACCGTGCCACTG_040,43
GCATGGCAACCGTGCCACTG_041,119
GCATGGCAACCGTGCCACTG_042,1
GCATGGCAACCGTGCCACTG_043,9
CTTGTAATGATGTTGATCGA_001,160
GGAACAGGCGCCGGTTGACA_001,41
GGAACAGGCGCCGGTTGACA_002,107
GGAACAGGCGCCGGTTGACA_003,106
GGAACAGGCGCCGGTTGACA_004,121
GGAACAGGCGCCGGTTGACA_005,168
GGAACAGGCGCCGGTTGACA_006,170
GGAACAGGCGCCGGTTGACA_007,196
GGAACAGGCGCCGGTTGACA_008,145
GGAACAGGCGCCGGTTGACA_009,84
GGAACAGGCGCCGGTTGACA_010,41
GGAACAGGCGCCGGTTGACA_011,106
TGCCATTCACTGCAATATAC_001,122
TGCCATTCACTGCAATATAC_002,82
TGCCATTCACTGCAATATAC_003,163
CAAGATTGACCAGACCGTGG_001,78
CAAGATTGACCAGACCGTGG_002,51
CAAGATTGACCAGACCGTGG_003,154
CAAGATTGACCAGACCGTGG_004,148
CAAGATTGACCAGACCGTGG_005,57
CAAGATTGACCAGACCGTGG_006,129
CAAGATTGACCAGACCGTGG_007,50
CAAGATTGACCAGACCGTGG_008,108
CAAGATTGACCAGACCGTGG_009,60
CAAGATTGACCAGACCGTGG_010,80
CAAGATTGACCAGACCGTGG_011,149
CAAGATTGACCAGACCGTGG_012,65
CAAGATTGACCAGACCGTGG_013,29
CAAGATTGACCAGACCGTGG_014,163
CAAGATTGACCAGACCGTGG_015,96
CAAGATTGACCAGACCGTGG_016,13
CAAGATTGACCAGACCGTGG_017,46
CAAGATTGACCAGACCGTGG_018,63
CAAGATTGACCAGACCGTGG_019,63
CAAGATTGACCAGACCGTGG_020,48
CAAGATTGACCAGACCGTGG_021,17
CAAGATTGACCAGACCGTGG_022,12
CAAGATTGACCAGACCGTGG_023,65
CAAGATTGACCAGACCGTGG_024,141
CAAGATTGACCAGACCGTGG_025,55
CAAGATTGACCAGACCGTGG_026,115
CAAGATTGACCAGACCGTGG_027,61
CAAGATTGACCAGACCGTGG_028,94
CAAGATTGACCAGACCGTGG_029,42
CAAGATTGACCAGACCGTGG_030,106
CAAGATTGACCAGACCGTGG_031,138
CAAGATTGACCAGACCGTGG_032,189
CAAGATTGACCAGACCGTGG_033,66
AACATCTCGTTAGGGGTATC_001,130
AACATCTCGTTAGGGGTATC_002,102
AACATCTCGTTAGGGGTATC_003,145
AACATCTCGTTAGGGGTATC_004,58
AACATCTCGTTAGGGGTATC_005,8
AACATCTCGTTAGGGGTATC_006,106
AACATCTCGTTAGGGGTATC_007,24
AACATCTCGTTAGGGGTATC_008,134
AACATCTCGTTAGGGGTATC_009,8
AACATCTCGTTAGGGGTATC_010,58
AACATCTCGTTAGGGGTATC_011,2
AACATCTCGTTAGGGGTATC_012,141
AACATCTCGTTAGGGGTATC_013,48
AACATCTCGTTAGGGGTATC_014,27
AACATCTCGTTAGGGGTATC_015,60
AACATCTCGTTAGGGGTATC_016,10
AACATCTCGTTAGGGGTATC_017,46
AACATCTCGTTAGGGGTATC_018,65
AACATCTCGTTAGGGGTATC_019,102
GATGGTACAGGAAGGGAACG_001,52
GATGGTACAGGAAGGGAACG_002,115
GATGGTACAGGAAGGGAACG_003,6
GATGGTACAGGAAGGGAACG_004,80
GATGGTACAGGAAGGGAACG_005,17
GATGGTACAGGAAGGGAACG_006,6
GATGGTACAGGAAGGGAACG_007,55
GATGGTACAGGAAGGGAACG_008,127
GATGGTACAGGAAGGGAACG_009,162
CAGGCAACATGACTTGCACC_001,145
CAGGCAACATGACTTGCACC_002,160
CAGGCAACATGACTTGCACC_003,34
CAGGCAACATGACTTGCACC_004,63
GTAGGTGAAATCGCCATGCT_001,12
GTAGGTGAAATCGCCATGCT_002,121
GTAGGTGAAATCGCCATGCT_003,117
GTAGGTGAAATCGCCATGCT_004,8
GTAGGTGAAATCGCCATGCT_005,166
GTAGGTGAAATCGCCATGCT_006,105
GTAGGTGAAATCGCCATGCT_007,16
GTAGGTGAAATCGCCATGCT_008,36
GTAGGTGAAATCGCCATGCT_009,21
GTAGGTGAAATCGCCATGCT_010,129
GTAGGTGAAATCGCCATGCT_011,50
GTAGGTGAAATCGCCATGCT_012,12
GTAGGTGAAATCGCCATGCT_013,131
GTAGGTGAAATCGCCATGCT_014,160
GTAGGTGAAATCGCCATGCT_015,18
AAGTAATGGTGGGCTCACTG_001,60
AAGTAATGGTGGGCTCACTG_002,65
AAGTAATGGTGGGCTCACTG_003,127
AAGTAATGGTGGGCTCACTG_004,12
AAGTAATGGTGGGCTCACTG_005,41
AAGTAATGGTGGGCTCACTG_006,169
AAGTAATGGTGGGCTCACTG_007,178
AAGTAATGGTGGGCTCACTG_008,178
AAGTAATGGTGGGCTCACTG_009,81
AAGTAATGGTGGGCTCACTG_010,31
AAGTAATGGTGGGCTCACTG_011,50
AAGTAATGGTGGGCTCACTG_012,32
AAGTAATGGTGGGCTCACTG_013,176
AAGTAATGGTGGGCTCACTG_014,115
AAGTAATGGTGGGCTCACTG_015,134
AAGTAATGGTGGGCTCACTG_016,12
AAGTAATGGTGGGCTCACTG_017,28
AAGTAATGGTGGGCTCACTG_018,165
CAGACCCCATAGCGCTCAGG_001,48
CAGACCCCATAGCGCTCAGG_002,19
CAGACCCCATAGCGCTCAGG_003,33
CAGACCCCATAGCGCTCAGG_004,101
CAGACCCCATAGCGCTCAGG_005,47
CAGACCCCATAGCGCTCAGG_006,120
CAGACCCCATAGCGCTCAGG_007,185
CAGACCCCATAGCGCTCAGG_008,32
CAGACCCCATAGCGCTCAGG_009,32
CAGACCCCATAGCGCTCAGG_010,38
CAGACCCCATAGCGCTCAGG_011,84
CAGACCCCATAGCGCTCAGG_012,178
CAGACCCCATAGCGCTCAGG_013,178
CAGACCCCATAGCGCTCAGG_014,75
CAGACCCCATAGCGCTCAGG_015,37
CAGACCCCATAGCGCTCAGG_016,15
CAGACCCCATAGCGCTCAGG_017,136
CGGCTGCCAAGAGGACCATG_001,162
CGGCTGCCAAGAGGACCATG_002,141
CGGCTGCCAAGAGGACCATG_003,43
CGGCTGCCAAGAGGACCATG_004,35
CGGCTGCCAAGAGGACCATG_005,188
CGGCTGCCAAGAGGACCATG_006,17
CGGCTGCCAAGAGGACCATG_007,109
CGGCTGCCAAGAGGACCATG_008,109
CGGCTGCCAAGAGGACCATG_009,40
CGGCTGCCAAGAGGACCATG_010,114
CGGCTGCCAAGAGGACCATG_011,158
CGGCTGCCAAGAGGACCATG_012,147
CGGCTGCCAAGAGGACCATG_013,197
CGGCTGCCAAGAGGACCATG_014,16
CGGCTGCCAAGAGGACCATG_015,155
CGGCTGCCAAGAGGACCATG_016,19
CGGCTGCCAAGAGGACCATG_017,63
CGGCTGCCAAGAGGACCATG_018,169
CGGCTGCCAAGAGGACCATG_019,145
CGGCTGCCAAGAGGACCATG_020,34
TAGGAATGGCCCATCAACGG_001,132
TAGGAATGGCCCATCAACGG_002,95
TAGGAATGGCCCATCAACGG_003,130
TAGGAATGGCCCATCAACGG_004,126
ACCTGCCACACAAATAACAC_001,181
ACCTGCCACACAAATAACAC_002,4
ACCTGCCACACAAATAACAC_003,162
ACCTGCCACACAAATAACAC_004,52
ACCTGCCACACAAATAACAC_005,8
ACCTGCCACACAAATAACAC_006,105
ACCTGCCACACAAATAACAC_007,174
ACCTGCCACACAAATAACAC_008,11
ACCTGCCACACAAATAACAC_009,160
GAGCCCCCCAAAATTAAACG_001,92
GAGCCCCCCAAAATTAAACG_002,176
GAGCCCCCCAAAATTAAACG_003,6
GAGCCCCCCAAAATTAAACG_004,121
GAGCCCCCCAAAATTAAACG_005,155
GAGCCCCCCAAAATTAAACG_006,148
CACTTGCCTTCACACCCACG_001,93
CACTTGCCTTCACACCCACG_002,68
CACTTGCCTTCACACCCACG_003,2
CACTTGCCTTCACACCCACG_004,42
CACTTGCCTTCACACCCACG_005,162
CACTTGCCTTCACACCCACG_006,145
CACTTGCCTTCACACCCACG_007,105
CACTTGCCTTCACACCCACG_008,0
CACTTGCCTTCACACCCACG_009,152
CACTTGCCTTCACACCCACG_010,10
CACTTGCCTTCACACCCACG_011,115
CACTTGCCTTCACACCCACG_012,97
CACTTGCCTTCACACCCACG_013,0
CACTTGCCTTCACACCCACG_014,82
CACTTGCCTTCACACCCACG_015,98
CACTTGCCTTCACACCCACG_016,48
CACTTGCCTTCACACCCACG_017,1
CACTTGCCTTCACACCCACG_018,56
CACTTGCCTTCACACCCACG_019,26
CACTTGCCTTCACACCCACG_020,62
CACTTGCCTTCACACCCACG_021,115
CACTTGCCTTCACACCCACG_022,163
CACTTGCCTTCACACCCACG_023,157
CACTTGCCTTCACACCCACG_024,40
CACTTGCCTTCACACCCACG_025,0
CACTTGCCTTCACACCCACG_026,37
CACTTGCCTTCACACCCACG_027,15
CACTTGCCTTCACACCCACG_028,28
CACTTGCCTTCACACCCACG_029,40
CACTTGCCTTCACACCCACG_030,191
CACTTGCCTTCACACCCACG_031,162
CACTTGCCTTCACACCCACG_032,67
GTCACCATCCCAAACCCCCA_001,50
GTCACCATCCCAAACCCCCA_002,150
GTCACCATCCCAAACCCCCA_003,142
GTCACCATCCCAAACCCCCA_004,118
GTCACCATCCCAAACCCCCA_005,1
GTCACCATCCCAAACCCCCA_006,178
GTCACCATCCCAAACCCCCA_007,36
GTCACCATCCCAAACCCCCA_008,19
GTCACCATCCCAAACCCCCA_009,9
GTCACCATCCCAAACCCCCA_010,120
GTCACCATCCCAAACCCCCA_011,147
GTCACCATCCCAAACCCCCA_012,27
GGCATTATTATCCCACATCG_001,96
AAGTACACAAGGGACCACGT_001,101
AAGTACACAAGGGACCACGT_002,9
AAGTACACAAGGGACCACGT_003,125
AAGTACACAAGGGACCACGT_004,97
AAGTACACAAGGGACCACGT_005,108
AAGTACACAAGGGACCACGT_006,36
AAGTACACAAGGGACCACGT_007,107
AAGTACACAAGGGACCACGT_008,91
AAGTACACAAGGGACCACGT_009,22
AATATAGAGAGAGATCACGT_001,97
AATATAGAGAGAGATCACGT_002,38
AATATAGAGAGAGATCACGT_003,162
AATATAGAGAGAGATCACGT_004,159
AATATAGAGAGAGATCACGT_005,68
AATATAGAGAGAGATCACGT_006,107
AATATAGAGAGAGATCACGT_007,172
ATTATATTCAGACAGCAGGT_001,12
ATTATATTCAGACAGCAGGT_002,58
ATTTGCTATACACTGGACTG_001,49
ATTTGCTATACACTGGACTG_002,168
ATTTGCTATACACTGGACTG_003,133
ATTTGCTATACACTGGACTG_004,108
ATTTGCTATACACTGGACTG_005,5
CCTGTGGTACATCCTCCAAA_001,59
CCTGTGGTACATCCTCCAAA_002,29
CCTGTGGTACATCCTCCAAA_003,145
CCTGTGGTACATCCTCCAAA_004,28
CCTGTGGTACATCCTCCAAA_005,31
CCTGTGGTACATCCTCCAAA_006,115
CCTGTGGTACATCCTCCAAA_007,40
CCTGTGGTACATCCTCCAAA_008,168
CCTGTGGTACATCCTCCAAA_009,198
CCTGTGGTACATCCTCCAAA_010,155
GCAGCTAGATCCAGTATGGG_001,41
GCAGCTAGATCCAGTATGGG_002,196
GCAGCTAGATCCAGTATGGG_003,15
GCAGCTAGATCCAGTATGGG_004,38
GCAGCTAGATCCAGTATGGG_005,144
GCAGCTAGATCCAGTATGGG_006,171
GCAGCTAGATCCAGTATGGG_007,159
GCAGCTAGATCCAGTATGGG_008,144
GCAGCTAGATCCAGTATGGG_009,90
GCAGCTAGATCCAGTATGGG_010,184
TAACCACACGGGCTACGATG_001,31
TAACCACACGGGCTACGATG_002,165
TAACCACACGGGCTACGATG_003,104
AATTATAACCTCTTGCCTCA_001,170
AATTATAACCTCTTGCCTCA_002,82
AATTATAACCTCTTGCCTCA_003,160
AATTATAACCTCTTGCCTCA_004,52
AATTATAACCTCTTGCCTCA_005,125
AATTATAACCTCTTGCCTCA_006,30
AGTAGAACTTATTGACCTTG_001,0
AGTAGAACTTATTGACCTTG_002,41
AGTAGAACTTATTGACCTTG_003,41
AGTAGAACTTATTGACCTTG_004,15
AGTAGAACTTATTGACCTTG_005,150
AGTAGAACTTATTGACCTTG_006,159
AGTAGAACTTATTGACCTTG_007,104
TCTGAGTGTATCCATAAGCT_001,88
TCTGAGTGTATCCATAAGCT_002,61
TCTGAGTGTATCCATAAGCT_003,31
TCTGAGTGTATCCATAAGCT_004,108
TCTGAGTGTATCCATAAGCT_005,75
TCTGAGTGTATCCATAAGCT_006,185
TCTGAGTGTATCCATAAGCT_007,160
ACTTGTACAACAAGCTGCCC_001,163
GTTTCATCACACGATCACTT_001,70
GTTTCATCACACGATCACTT_002,174
GTTTCATCACACGATCACTT_003,41
GTTTCATCACACGATCACTT_004,14
GTTTCATCACACGATCACTT_005,166
GCCAATCCTTGCGATATCTG_001,32
GCCAATCCTTGCGATATCTG_002,172
GCCAATCCTTGCGATATCTG_003,134
GCCAATCCTTGCGATATCTG_004,11
GCCAATCCTTGCGATATCTG_005,56
GCCAATCCTTGCGATATCTG_006,19
TGTTGCTTCTACAAGCACCG_001,124
TGTTGCTTCTACAAGCACCG_002,137
TGTTGCTTCTACAAGCACCG_003,113
TGTTGCTTCTACAAGCACCG_004,34
GAGTATTCAGGTAGATAGTG_001,151
GAGTATTCAGGTAGATAGTG_002,22
GAGTATTCAGGTAGATAGTG_003,130
GAGTATTCAGGTAGATAGTG_004,25
GAGTATTCAGGTAGATAGTG_005,168
GAGTATTCAGGTAGATAGTG_006,89
GAGTATTCAGGTAGATAGTG_007,154
GAGTATTCAGGTAGATAGTG_008,110
GAGTATTCAGGTAGATAGTG_009,180
GAGTATTCAGGTAGATAGTG_010,64
CTCACCAAGGGTCACAACGG_001,23
CTCACCAAGGGTCACAACGG_002,181
CTCACCAAGGGTCACAACGG_003,97
CTCACCAAGGGTCACAACGG_004,70
CTCACCAAGGGTCACAACGG_005,26
CTCACCAAGGGTCACAACGG_006,66
CTCACCAAGGGTCACAACGG_007,152
GCGTAGATGAGAACATCGAG_001,9
GCGTAGATGAGAACATCGAG_002,181
GCGTAGATGAGAACATCGAG_003,48
GCGTAGATGAGAACATCGAG_004,104
GCGTAGATGAGAACATCGAG_005,181
AAAACGGTTCATGATTACGA_001,141
AAAACGGTTCATGATTACGA_002,76
AAAACGGTTCATGATTACGA_003,141
AAAACGGTTCATGATTACGA_004,189
AAAACGGTTCATGATTACGA_005,199
TATCTCCAGATCAACATCTG_001,172
TATCTCCAGATCAACATCTG_002,8
TATCTCCAGATCAACATCTG_003,60
TATCTCCAGATCAACATCTG_004,41
TATCTCCAGATCAACATCTG_005,40
TATCTCCAGATCAACATCTG_006,139
TATCTCCAGATCAACATCTG_007,132
TATCTCCAGATCAACATCTG_008,74
TATCTCCAGATCAACATCTG_009,145
TATCTCCAGATCAACATCTG_010,17
TATCTCCAGATCAACATCTG_011,126
GGCACTCGGACCACGCAGCG_001,16
GGCACTCGGACCACGCAGCG_002,183
GGCACTCGGACCACGCAGCG_003,173
GGCACTCGGACCACGCAGCG_004,173
GGCACTCGGACCACGCAGCG_005,10
GGCACTCGGACCACGCAGCG_006,11
GGCACTCGGACCACGCAGCG_007,10
GGCACTCGGACCACGCAGCG_008,182
CTGCTCCTGCATGTGCGATG_001,43
CTGCTCCTGCATGTGCGATG_002,161
CTGCTCCTGCATGTGCGATG_003,105
CTGCTCCTGCATGTGCGATG_004,75
CTGCTCCTGCATGTGCGATG_005,196
CTGCTCCTGCATGTGCGATG_006,161
CTGCTCCTGCATGTGCGATG_007,20
CTGCTCCTGCATGTGCGATG_008,22
CTGCTCCTGCATGTGCGATG_009,42
CTGCTCCTGCATGTGCGATG_010,141
CTGCTCCTGCATGTGCGATG_011,166
CTGCTCCTGCATGTGCGATG_012,117
CTGCTCCTGCATGTGCGATG_013,122
CTGCTCCTGCATGTGCGATG_014,94
CTGCTCCTGCATGTGCGATG_015,48
CTGCTCCTGCATGTGCGATG_016,33
CTGGAAATAGCGCAGCATCG_001,91
CTGGAAATAGCGCAGCATCG_002,119
CTGGAAATAGCGCAGCATCG_003,184
CTGGAAATAGCGCAGCATCG_004,98
CTGGAAATAGCGCAGCATCG_005,6
GGCATGTGCCCCTAGCCGCG_001,12
GGCATGTGCCCCTAGCCGCG_002,94
GGCATGTGCCCCTAGCCGCG_003,140
GCTGGGATCTAACCGCATCC_001,3
CCTGCTGAGCATCATATCGG_001,78
CACAAGAGGAGGTACCACCA_001,77
TACACCGAGCCAGCGAACCC_001,115
TACACCGAGCCAGCGAACCC_002,181
CACCTGGATAGCTCTGAAGT_001,81
CAGCCAAAAAGTTCTCCTCA_001,139
CAGCCAAAAAGTTCTCCTCA_002,154
CAGCCAAAAAGTTCTCCTCA_003,137
CAGCCAAAAAGTTCTCCTCA_004,169
CAGCCAAAAAGTTCTCCTCA_005,120
CAGCCAAAAAGTTCTCCTCA_006,110
GTATAACAGAGTGTCCGTGG_001,173
GTATAACAGAGTGTCCGTGG_002,157
GTATAACAGAGTGTCCGTGG_003,144
GTATAACAGAGTGTCCGTGG_004,169
GTATAACAGAGTGTCCGTGG_005,151
GTATAACAGAGTGTCCGTGG_006,138
GTACATGTGGTGGTACCATG_001,19
GTACATGTGGTGGTACCATG_002,96
GTACATGTGGTGGTACCATG_003,4
GTACATGTGGTGGTACCATG_004,105
GTACATGTGGTGGTACCATG_005,15
GTACATGTGGTGGTACCATG_006,134
GTACATGTGGTGGTACCATG_007,178
GTACATGTGGTGGTACCATG_008,102
GTACATGTGGTGGTACCATG_009,115
CCTCGGAGTATGGCGCCCCC_001,41
CCTCGGAGTATGGCGCCCCC_002,168
CCACAGACACTGCTTCACGT_001,26
CCACAGACACTGCTTCACGT_002,105
CCACAGACACTGCTTCACGT_003,51
CCACAGACACTGCTTCACGT_004,171
CCACAGACACTGCTTCACGT_005,110
CCACAGACACTGCTTCACGT_006,158
CCACAGACACTGCTTCACGT_007,63
CCACAGACACTGCTTCACGT_008,24
CCACAGACACTGCTTCACGT_009,83
CCACAGACACTGCTTCACGT_010,187
CCACAGACACTGCTTCACGT_011,124
CCACAGACACTGCTTCACGT_012,62
CCACAGACACTGCTTCACGT_013,133
CCACAGACACTGCTTCACGT_014,108
CCACAGACACTGCTTCACGT_015,127
CCACAGACACTGCTTCACGT_016,121
CCACAGACACTGCTTCACGT_017,79
CCACAGACACTGCTTCACGT_018,66
CATCCAGGGCTACAATGTTG_001,146
CATCCAGGGCTACAATGTTG_002,7
CGCGCCCGCACGGAGCAGAG_001,94
CGCGCCCGCACGGAGCAGAG_002,33
CGCGCCCGCACGGAGCAGAG_003,115
CGCGCCCGCACGGAGCAGAG_004,136
CGCGCCCGCACGGAGCAGAG_005,171
CGCGCCCGCACGGAGCAGAG_006,180
CGCGCCCGCACGGAGCAGAG_007,30
CGCGCCCGCACGGAGCAGAG_008,28
CGCGCCCGCACGGAGCAGAG_009,52
CGCGCCCGCACGGAGCAGAG_010,17
CGCGCCCGCACGGAGCAGAG_011,50
CGCGCCCGCACGGAGCAGAG_012,158
CGCGCCCGCACGGAGCAGAG_013,174
CGCGCCCGCACGGAGCAGAG_014,144
CGCGCCCGCACGGAGCAGAG_015,119
CGCGCCCGCACGGAGCAGAG_016,90
CGCGCCCGCACGGAGCAGAG_017,84
CGCGCCCGCACGGAGCAGAG_018,99
TGGAAACAAGAGTGATCTGG_001,152
TGGAAACAAGAGTGATCTGG_002,36
TGGAAACAAGAGTGATCTGG_003,80
CAACATCTGTTGCAATGTGA_001,48
CAACATCTGTTGCAATGTGA_002,96
CAACATCTGTTGCAATGTGA_003,19
CAACATCTGTTGCAATGTGA_004,175
CAACATCTGTTGCAATGTGA_005,92
CAACATCTGTTGCAATGTGA_006,54
CAACATCTGTTGCAATGTGA_007,86
CAACATCTGTTGCAATGTGA_008,8
AGGATGTACAAGATGCACCG_001,199
AGGATGTACAAGATGCACCG_002,76
AGGATGTACAAGATGCACCG_003,150
AGGATGTACAAGATGCACCG_004,1
AGGATGTACAAGATGCACCG_005,55
AGGATGTACAAGATGCACCG_006,37
AGGATGTACAAGATGCACCG_007,15
AGGATGTACAAGATGCACCG_008,77
AGGATGTACAAGATGCACCG_009,175
AGGATGTACAAGATGCACCG_010,154
AGGATGTACAAGATGCACCG_011,8
AGGATGTACAAGATGCACCG_012,99
AGGATGTACAAGATGCACCG_013,140
AGGATGTACAAGATGCACCG_014,145
AGGATGTACAAGATGCACCG_015,190
AGGATGTACAAGATGCACCG_016,45
AGGATGTACAAGATGCACCG_017,60
AGGATGTACAAGATGCACCG_018,103
AGGATGTACAAGATGCACCG_019,83
AGGATGTACAAGATGCACCG_020,139
AGGATGTACAAGATGCACCG_021,85
AGGATGTACAAGATGCACCG_022,96
AGGATGTACAAGATGCACCG_023,145
AGGATGTACAAGATGCACCG_024,152
AGGATGTACAAGATGCACCG_025,46
AGGATGTACAAGATGCACCG_026,75
GCAGCGTCTTGTCGAACCAG_001,155
GCAGCGTCTTGTCGAACCAG_002,194
GCAGCGTCTTGTCGAACCAG_003,80
GCAGCGTCTTGTCGAACCAG_004,50
GCAGCGTCTTGTCGAACCAG_005,50
CAAAGCGGGAAAGGAAATCA_001,149
CAAAGCGGGAAAGGAAATCA_002,82
CACAGAGAGCTTACGCAGCG_001,41
CACAGAGAGCTTACGCAGCG_002,142
CACAGAGAGCTTACGCAGCG_003,19
CACAGAGAGCTTACGCAGCG_004,1
CACAGAGAGCTTACGCAGCG_005,177
CACAGAGAGCTTACGCAGCG_006,19
CACAGAGAGCTTACGCAGCG_007,15
CACAGAGAGCTTACGCAGCG_008,90
CACAGAGAGCTTACGCAGCG_009,98
CACAGAGAGCTTACGCAGCG_010,168
CACAGAGAGCTTACGCAGCG_011,106
CACAGAGAGCTTACGCAGCG_012,61
CACAGAGAGCTTACGCAGCG_013,41
CACAGAGAGCTTACGCAGCG_014,169
CACAGAGAGCTTACGCAGCG_015,9
CACAGAGAGCTTACGCAGCG_016,94
CACAGAGAGCTTACGCAGCG_017,58
CACAGAGAGCTTACGCAGCG_018,113
CACAGAGAGCTTACGCAGCG_019,14
CACAGAGAGCTTACGCAGCG_020,88
CACAGAGAGCTTACGCAGCG_021,140
CACAGAGAGCTTACGCAGCG_022,188
CACAGAGAGCTTACGCAGCG_023,98
CACAGAGAGCTTACGCAGCG_024,106
CACAGAGAGCTTACGCAGCG_025,188
CACAGAGAGCTTACGCAGCG_026,48
CACAGAGAGCTTACGCAGCG_027,68
CACAGAGAGCTTACGCAGCG_028,56
CACAGAGAGCTTACGCAGCG_029,136
CACAGAGAGCTTACGCAGCG_030,130
CACAGAGAGCTTACGCAGCG_031,31
CACAGAGAGCTTACGCAGCG_032,186
CTAGCCGCCCAGATCGAGCC_001,94
CTAGCCGCCCAGATCGAGCC_002,94
CTAGCCGCCCAGATCGAGCC_003,150
CTAGCCGCCCAGATCGAGCC_004,144
CTAGCCGCCCAGATCGAGCC_005,146
CTAGCCGCCCAGATCGAGCC_006,181
CTAGCCGCCCAGATCGAGCC_007,120
CTAGCCGCCCAGATCGAGCC_008,174
CTAGCCGCCCAGATCGAGCC_009,175
CTAGCCGCCCAGATCGAGCC_010,20
CTAGCCGCCCAGATCGAGCC_011,147
CTAGCCGCCCAGATCGAGCC_012,153
CTAGCCGCCCAGATCGAGCC_013,165
CTAGCCGCCCAGATCGAGCC_014,57
CTAGCCGCCCAGATCGAGCC_015,84
GATGAAGATGGGTATGCCCG_001,41
GATGAAGATGGGTATGCCCG_002,104
GATGAAGATGGGTATGCCCG_003,113
GGCCCGTCGTAGTGGCGGTG_001,172
GGCCCGTCGTAGTGGCGGTG_002,105
GGCCCGTCGTAGTGGCGGTG_003,145
GGCCCGTCGTAGTGGCGGTG_004,143
GGCCCGTCGTAGTGGCGGTG_005,143
GGCCCGTCGTAGTGGCGGTG_006,158
GGCCCGTCGTAGTGGCGGTG_007,174
GGCCCGTCGTAGTGGCGGTG_008,2
GGCCCGTCGTAGTGGCGGTG_009,88
GGCCCGTCGTAGTGGCGGTG_010,115
GGCCCGTCGTAGTGGCGGTG_011,199
GGCCCGTCGTAGTGGCGGTG_012,199
GGCCCGTCGTAGTGGCGGTG_013,0
CACCCCTGTCCACAACAAGG_001,19
CACCCCTGTCCACAACAAGG_002,19
CACCCCTGTCCACAACAAGG_003,166
CACCCCTGTCCACAACAAGG_004,39
CACCCCTGTCCACAACAAGG_005,48
CACCCCTGTCCACAACAAGG_006,145
CACCCCTGTCCACAACAAGG_007,77
ACACAGCACATCAGAAACGG_001,51
ACACAGCACATCAGAAACGG_002,11
ACACAGCACATCAGAAACGG_003,144
ACACAGCACATCAGAAACGG_004,65
ACACAGCACATCAGAAACGG_005,93
ACACAGCACATCAGAAACGG_006,198
ACACAGCACATCAGAAACGG_007,45
ACACAGCACATCAGAAACGG_008,145
ACACAGCACATCAGAAACGG_009,184
TCACGAATGGCTGTCAGACG_001,0
TCACGAATGGCTGTCAGACG_002,77
CAGCTCGCTCAGCCAGACAA_001,191
CAGCTCGCTCAGCCAGACAA_002,116
CAGCTCGCTCAGCCAGACAA_003,150
CAGCTCGCTCAGCCAGACAA_004,188
CAGCTCGCTCAGCCAGACAA_005,56
GCAGAACGAGGCTGCCCTAG_001,63
GCAGAACGAGGCTGCCCTAG_002,69
GCAGAACGAGGCTGCCCTAG_003,38
GCAGAACGAGGCTGCCCTAG_004,114
GCAGAACGAGGCTGCCCTAG_005,138
GCAGAACGAGGCTGCCCTAG_006,184
GCAGAACGAGGCTGCCCTAG_007,9
GCAGAACGAGGCTGCCCTAG_008,197
GCAGAACGAGGCTGCCCTAG_009,98
CATGTCCATCTACTCGGACA_001,41
AGCTCCCGTTCACATACGGT_001,64
AGCTCCCGTTCACATACGGT_002,196
AGCTCCCGTTCACATACGGT_003,182
AGCTCCCGTTCACATACGGT_004,12
AGCTCCCGTTCACATACGGT_005,131
AGCTCCCGTTCACATACGGT_006,77
AGCTCCCGTTCACATACGGT_007,19
AGCTCCCGTTCACATACGGT_008,130
AGCTCCCGTTCACATACGGT_009,170
AGCTCCCGTTCACATACGGT_010,115
AGCTCCCGTTCACATACGGT_011,81
AGCTCCCGTTCACATACGGT_012,60
AGCTCCCGTTCACATACGGT_013,140
AGCTCCCGTTCACATACGGT_014,108
AGCTCCCGTTCACATACGGT_015,108
AGCTCCCGTTCACATACGGT_016,141
AGCTCCCGTTCACATACGGT_017,9
AGCTCCCGTTCACATACGGT_018,141
AGCTCCCGTTCACATACGGT_019,76
AGCTCCCGTTCACATACGGT_020,197
AGCTCCCGTTCACATACGGT_021,56
AGCTCCCGTTCACATACGGT_022,111
AGCTCCCGTTCACATACGGT_023,150
AGCTCCCGTTCACATACGGT_024,129
AGCTCCCGTTCACATACGGT_025,86
AGCTCCCGTTCACATACGGT_026,148
AGCTCCCGTTCACATACGGT_027,144
AGCTCCCGTTCACATACGGT_028,152
AGCTCCCGTTCACATACGGT_029,142
AGCTCCCGTTCACATACGGT_030,19
AGCTCCCGTTCACATACGGT_031,19
CACCACTGAGGTGTAGACAT_001,197
CACCACTGAGGTGTAGACAT_002,131
CACCACTGAGGTGTAGACAT_003,32
CACCACTGAGGTGTAGACAT_004,61
CACCACTGAGGTGTAGACAT_005,29
CACCACTGAGGTGTAGACAT_006,145
CACCACTGAGGTGTAGACAT_007,10
CACCACTGAGGTGTAGACAT_008,10
GCACAGTGGCACACCAAGAT_001,58
GCACAGTGGCACACCAAGAT_002,132
GCACAGTGGCACACCAAGAT_003,93
GCACAGTGGCACACCAAGAT_004,78
GCACAGTGGCACACCAAGAT_005,132
GCACAGTGGCACACCAAGAT_006,163
GCACAGTGGCACACCAAGAT_007,149
GCACAGTGGCACACCAAGAT_008,170
GCACAGTGGCACACCAAGAT_009,93
GCACAGTGGCACACCAAGAT_010,168
GCACAGTGGCACACCAAGAT_011,19
GCACAGTGGCACACCAAGAT_012,104
GAGACCACTTTCGTGCAAGC_001,60
GAGACCACTTTCGTGCAAGC_002,198
GAGACCACTTTCGTGCAAGC_003,31
GAGACCACTTTCGTGCAAGC_004,53
GAGACCACTTTCGTGCAAGC_005,105
GAGACCACTTTCGTGCAAGC_006,56
GAGACCACTTTCGTGCAAGC_007,156
GAGACCACTTTCGTGCAAGC_008,174
GAGACCACTTTCGTGCAAGC_009,94
GAGACCACTTTCGTGCAAGC_010,96
GAGACCACTTTCGTGCAAGC_011,40
GAGACCACTTTCGTGCAAGC_012,154
GTGGAGATTGGGTTGTATGC_001,127
GTGGAGATTGGGTTGTATGC_002,20
GTGGAGATTGGGTTGTATGC_003,41
GTGGAGATTGGGTTGTATGC_004,36
GTATCACCCCAAGATAGAAG_001,80
GTATCACCCCAAGATAGAAG_002,144
GTATCACCCCAAGATAGAAG_003,78
GTATCACCCCAAGATAGAAG_004,108
GTATCACCCCAAGATAGAAG_005,130
GTATCACCCCAAGATAGAAG_006,94
GTATCACCCCAAGATAGAAG_007,158
CTTTACGGCGCTACCCATGG_001,144
CTTTACGGCGCTACCCATGG_002,83
CTTTACGGCGCTACCCATGG_003,81
CTTTACGGCGCTACCCATGG_004,183
CTTTACGGCGCTACCCATGG_005,46
CTTTACGGCGCTACCCATGG_006,121
CTTTACGGCGCTACCCATGG_007,118
CTTTACGGCGCTACCCATGG_008,188
AGCTGTACCTGGATGAAGCG_001,146
AGCTGTACCTGGATGAAGCG_002,41
AGCTGTACCTGGATGAAGCG_003,60
AGCTGTACCTGGATGAAGCG_004,75
AGCTGTACCTGGATGAAGCG_005,88
AGCTGTACCTGGATGAAGCG_006,148
AGCTGTACCTGGATGAAGCG_007,127
AGCTGTACCTGGATGAAGCG_008,121
AGCTGTACCTGGATGAAGCG_009,76
AGCTGTACCTGGATGAAGCG_010,151
AGCTGTACCTGGATGAAGCG_011,151
AGCTGTACCTGGATGAAGCG_012,178
AGCTGTACCTGGATGAAGCG_013,68
AGCTGTACCTGGATGAAGCG_014,12
AGCTGTACCTGGATGAAGCG_015,170
AGCTGTACCTGGATGAAGCG_016,117
AGCTGTACCTGGATGAAGCG_017,175
AGCTGTACCTGGATGAAGCG_018,115
AGCTGTACCTGGATGAAGCG_019,3
GCATCAGAGAATTTATTCAG_001,11
GCATCAGAGAATTTATTCAG_002,8
GCATCAGAGAATTTATTCAG_003,106
GCATCAGAGAATTTATTCAG_004,169
GCATCAGAGAATTTATTCAG_005,141
CCATGCGTACCCGATTCGCA_001,34
CCATGCGTACCCGATTCGCA_002,131
CCATGCGTACCCGATTCGCA_003,17
CCATGCGTACCCGATTCGCA_004,145
CCATGCGTACCCGATTCGCA_005,162
CCATGCGTACCCGATTCGCA_006,182
CCATGCGTACCCGATTCGCA_007,7
CCATGCGTACCCGATTCGCA_008,160
CCATGCGTACCCGATTCGCA_009,17
CCATGCGTACCCGATTCGCA_010,153
CCATGCGTACCCGATTCGCA_011,31
TGGTGCGCATCGTCCCTCGG_001,145
TGGTGCGCATCGTCCCTCGG_002,84
TGGTGCGCATCGTCCCTCGG_003,140
TGGTGCGCATCGTCCCTCGG_004,127
TGGTGCGCATCGTCCCTCGG_005,1
TGGTGCGCATCGTCCCTCGG_006,48
TGGTGCGCATCGTCCCTCGG_007,58
CTAGCGTACGATACCTGGTG_001,51
CTAGCGTACGATACCTGGTG_002,191
CTAGCGTACGATACCTGGTG_003,76
CCAAGATGGCTGTGATCAGG_001,84
CCAAGATGGCTGTGATCAGG_002,116
CCAAGATGGCTGTGATCAGG_003,153
CCAAGATGGCTGTGATCAGG_004,132
AAACGAATGTACATCTACAG_001,119
AAACGAATGTACATCTACAG_002,132
AAACGAATGTACATCTACAG_003,34
ACCGACTGGACCCCACCTAG_001,97
ACCGACTGGACCCCACCTAG_002,153
ACCGACTGGACCCCACCTAG_003,160
ACCGACTGGACCCCACCTAG_004,160
ACCGACTGGACCCCACCTAG_005,77
ACCGACTGGACCCCACCTAG_006,29
ACCGACTGGACCCCACCTAG_007,5
ACCGACTGGACCCCACCTAG_008,8
ACCGACTGGACCCCACCTAG_009,198
ACCGACTGGACCCCACCTAG_010,119
ACCGACTGGACCCCACCTAG_011,86
ACCGACTGGACCCCACCTAG_012,5
ACCGACTGGACCCCACCTAG_013,125
ACCGACTGGACCCCACCTAG_014,109
ACCGACTGGACCCCACCTAG_015,117
ACCGACTGGACCCCACCTAG_016,176
ACCGACTGGACCCCACCTAG_017,45
ACCGACTGGACCCCACCTAG_018,148
ACCGACTGGACCCCACCTAG_019,172
ACCGACTGGACCCCACCTAG_020,17
ACCGACTGGACCCCACCTAG_021,25
ACCGACTGGACCCCACCTAG_022,56
ACCGACTGGACCCCACCTAG_023,7
ACCGACTGGACCCCACCTAG_024,137
ATGGCATCCGTGCGCTTCGG_001,7
ATGGCATCCGTGCGCTTCGG_002,130
ATGGCATCCGTGCGCTTCGG_003,24
ATGGCATCCGTGCGCTTCGG_004,137
ATGGCATCCGTGCGCTTCGG_005,150
ATGGCATCCGTGCGCTTCGG_006,80
GACAGTGACGAAATAACTGC_001,189
GGTGAACTGGTCGTACCAGA_001,188
GGTGAACTGGTCGTACCAGA_002,50
GGTGAACTGGTCGTACCAGA_003,196
GGTGAACTGGTCGTACCAGA_004,108
GGTGAACTGGTCGTACCAGA_005,77
GGTGAACTGGTCGTACCAGA_006,84
CACATGTACATCAACAGCCC_001,175
TATGCTTCTAGCTTACCATG_001,198
TATGCTTCTAGCTTACCATG_002,174
TATGCTTCTAGCTTACCATG_003,144
TATGCTTCTAGCTTACCATG_004,126
TATGCTTCTAGCTTACCATG_005,40
TATGCTTCTAGCTTACCATG_006,172
TATGCTTCTAGCTTACCATG_007,27
TTGCCCTGGAGGTCCAATAC_001,6
TTGCCCTGGAGGTCCAATAC_002,137
TTGCCCTGGAGGTCCAATAC_003,10
TTGCCCTGGAGGTCCAATAC_004,157
TTGCCCTGGAGGTCCAATAC_005,5
TTGCCCTGGAGGTCCAATAC_006,189
TTGCCCTGGAGGTCCAATAC_007,100
TTGCCCTGGAGGTCCAATAC_008,118
TTGCCCTGGAGGTCCAATAC_009,148
TTGCCCTGGAGGTCCAATAC_010,55
TTGCCCTGGAGGTCCAATAC_011,121
TTGCCCTGGAGGTCCAATAC_012,38
TTGCCCTGGAGGTCCAATAC_013,171
TTGCCCTGGAGGTCCAATAC_014,35
TTGCCCTGGAGGTCCAATAC_015,168
TTGCCCTGGAGGTCCAATAC_016,118
TTGCCCTGGAGGTCCAATAC_017,128
TTGCCCTGGAGGTCCAATAC_018,45
TTGCCCTGGAGGTCCAATAC_019,66
GTCAACCCAAAATTGGCACC_001,116
GTCAACCCAAAATTGGCACC_002,94
TCAAGCGCGAGATGCACGTG_001,57
TCAAGCGCGAGATGCACGTG_002,148
TCAAGCGCGAGATGCACGTG_003,120
TCAAGCGCGAGATGCACGTG_004,99
TCAAGCGCGAGATGCACGTG_005,49
TCAAGCGCGAGATGCACGTG_006,183
TCAAGCGCGAGATGCACGTG_007,169
TCAAGCGCGAGATGCACGTG_008,49
TCAAGCGCGAGATGCACGTG_009,115
TCAAGCGCGAGATGCACGTG_010,173
TCAAGCGCGAGATGCACGTG_011,25
TCAAGCGCGAGATGCACGTG_012,146
TCAAGCGCGAGATGCACGTG_013,117
TCAAGCGCGAGATGCACGTG_014,69
TCAAGCGCGAGATGCACGTG_015,69
TCAAGCGCGAGATGCACGTG_016,187
TCAAGCGCGAGATGCACGTG_017,77
TCAAGCGCGAGATGCACGTG_018,94
TCAAGCGCGAGATGCACGTG_019,93
TCAAGCGCGAGATGCACGTG_020,10
TCAAGCGCGAGATGCACGTG_021,40
TCAAGCGCGAGATGCACGTG_022,22
TCAAGCGCGAGATGCACGTG_023,50
TCAAGCGCGAGATGCACGTG_024,117
TCAAGCGCGAGATGCACGTG_025,62
TCAAGCGCGAGATGCACGTG_026,168
TCAAGCGCGAGATGCACGTG_027,123
TCAAGCGCGAGATGCACGTG_028,168
TCAAGCGCGAGATGCACGTG_029,63
TTCCAAGTGCCATCGACCGT_001,94
TTCCAAGTGCCATCGACCGT_002,125
TTCCAAGTGCCATCGACCGT_003,49
TTCCAAGTGCCATCGACCGT_004,197
TTCCAAGTGCCATCGACCGT_005,197
TTCCAAGTGCCATCGACCGT_006,113
TTCCAAGTGCCATCGACCGT_007,77
TTCCAAGTGCCATCGACCGT_008,49
ACGGTGCTACTGTCTGTGCT_001,136
ACGGTGCTACTGTCTGTGCT_002,34
ACGGTGCTACTGTCTGTGCT_003,114
ACGGTGCTACTGTCTGTGCT_004,114
ACGGTGCTACTGTCTGTGCT_005,144
ACGGTGCTACTGTCTGTGCT_006,70
ACGGTGCTACTGTCTGTGCT_007,139
ACGGTGCTACTGTCTGTGCT_008,166
ACGGTGCTACTGTCTGTGCT_009,166
ACGGTGCTACTGTCTGTGCT_010,72
ACGGTGCTACTGTCTGTGCT_011,149
ACGGTGCTACTGTCTGTGCT_012,50
ACGGTGCTACTGTCTGTGCT_013,139
ACGGTGCTACTGTCTGTGCT_014,94
ACGGTGCTACTGTCTGTGCT_015,175
ACGGTGCTACTGTCTGTGCT_016,60
ACGGTGCTACTGTCTGTGCT_017,162
ACGGTGCTACTGTCTGTGCT_018,106
ACGGTGCTACTGTCTGTGCT_019,49
ACGGTGCTACTGTCTGTGCT_020,88
ACGGTGCTACTGTCTGTGCT_021,58
ACGGTGCTACTGTCTGTGCT_022,197
ACGGTGCTACTGTCTGTGCT_023,35
ACGGTGCTACTGTCTGTGCT_024,188
ACGGTGCTACTGTCTGTGCT_025,115
ACGGTGCTACTGTCTGTGCT_026,137
ACGGTGCTACTGTCTGTGCT_027,65
ACGGTGCTACTGTCTGTGCT_028,177
ACGGTGCTACTGTCTGTGCT_029,197
ACGGTGCTACTGTCTGTGCT_030,178
ACGGTGCTACTGTCTGTGCT_031,80
ACGGTGCTACTGTCTGTGCT_032,29
ACGGTGCTACTGTCTGTGCT_033,48
ACGGTGCTACTGTCTGTGCT_034,197
CACCACACCTCTGTTCACCC_001,50
CACCACACCTCTGTTCACCC_002,61
CACCACACCTCTGTTCACCC_003,1
TCCCACTCCAAACGAAACGC_001,18
TCCCACTCCAAACGAAACGC_002,113
TCCCACTCCAAACGAAACGC_003,169
TCCCACTCCAAACGAAACGC_004,169
TCCCACTCCAAACGAAACGC_005,80
TCCCACTCCAAACGAAACGC_006,113
TCCCACTCCAAACGAAACGC_007,46
TCCCACTCCAAACGAAACGC_008,46
TCCCACTCCAAACGAAACGC_009,90
TCCCACTCCAAACGAAACGC_010,124
TCCCACTCCAAACGAAACGC_011,4
ATGTTTGTGGATAATAGGTG_001,27
ATGTTTGTGGATAATAGGTG_002,145
ATGTTTGTGGATAATAGGTG_003,43
ATGTTTGTGGATAATAGGTG_004,129
ATGTTTGTGGATAATAGGTG_005,42
ATGTTTGTGGATAATAGGTG_006,75
ATGTTTGTGGATAATAGGTG_007,61
CCAATAGCAAAACGACTCAG_001,68
CCAATAGCAAAACGACTCAG_002,125
CCAATAGCAAAACGACTCAG_003,72
CCAATAGCAAAACGACTCAG_004,4
CCAATAGCAAAACGACTCAG_005,146
CCAATAGCAAAACGACTCAG_006,1
AGCACTCCGATCATTAATGT_001,30
AGCACTCCGATCATTAATGT_002,36
AGCACTCCGATCATTAATGT_003,113
AGCACTCCGATCATTAATGT_004,44
AGCACTCCGATCATTAATGT_005,76
AGCACTCCGATCATTAATGT_006,26
CAGACTGTCCCACTAACATG_001,119
CAGACTGTCCCACTAACATG_002,12
CAGACTGTCCCACTAACATG_003,62
CAGACTGTCCCACTAACATG_004,181
CAGACTGTCCCACTAACATG_005,113
CAGACTGTCCCACTAACATG_006,179
CAGACTGTCCCACTAACATG_007,65
CAGACTGTCCCACTAACATG_008,60
CAGACTGTCCCACTAACATG_009,175
CAGACTGTCCCACTAACATG_010,137
CAGACTGTCCCACTAACATG_011,185
CAGACTGTCCCACTAACATG_012,172
CAGACTGTCCCACTAACATG_013,155
CCAGTGCATCCAGACTGGAG_001,140
CCAGTGCATCCAGACTGGAG_002,37
TCGCACAGAGAACGACACGG_001,56
TCGCACAGAGAACGACACGG_002,80
TCGCACAGAGAACGACACGG_003,162
TCGCACAGAGAACGACACGG_004,6
TCGCACAGAGAACGACACGG_005,72
TCGCACAGAGAACGACACGG_006,49
TCGCACAGAGAACGACACGG_007,57
TCGCACAGAGAACGACACGG_008,93
TCGCACAGAGAACGACACGG_009,113
TCGCACAGAGAACGACACGG_010,30
TCGCACAGAGAACGACACGG_011,162
TCGCACAGAGAACGACACGG_012,151
TCGCACAGAGAACGACACGG_013,65
TCGCACAGAGAACGACACGG_014,2
TCGCACAGAGAACGACACGG_015,109
TCGCACAGAGAACGACACGG_016,15
TCGCACAGAGAACGACACGG_017,4
GTTGTCTATAAATCAGCCCT_001,127
GTTGTCTATAAATCAGCCCT_002,182
GTTGTCTATAAATCAGCCCT_003,16
GTTGTCTATAAATCAGCCCT_004,183
GTTGTCTATAAATCAGCCCT_005,60
GTTGTCTATAAATCAGCCCT_006,41
TAATCCCTGAAGATAGACCC_001,83
TAATCCCTGAAGATAGACCC_002,9
TAATCCCTGAAGATAGACCC_003,190
TAATCCCTGAAGATAGACCC_004,67
TATACACCAATGTCGGTCCG_001,28
TATACACCAATGTCGGTCCG_002,115
TATACACCAATGTCGGTCCG_003,175
TATACACCAATGTCGGTCCG_004,56
TATACACCAATGTCGGTCCG_005,158
TATACACCAATGTCGGTCCG_006,121
TATACACCAATGTCGGTCCG_007,68
TATACACCAATGTCGGTCCG_008,150
TATACACCAATGTCGGTCCG_009,19
GCCTCCCTCAGAAACCATGG_001,152
GCCTCCCTCAGAAACCATGG_002,104
GCCTCCCTCAGAAACCATGG_003,137
GCCTCCCTCAGAAACCATGG_004,38
GCCTCCCTCAGAAACCATGG_005,175
GCCTCCCTCAGAAACCATGG_006,36
GCCTCCCTCAGAAACCATGG_007,2
GCCTCCCTCAGAAACCATGG_008,56
GCCTCCCTCAGAAACCATGG_009,10
TCGGCTCCTGCGCCCAAGAA_001,181
TCGGCTCCTGCGCCCAAGAA_002,137
TCGGCTCCTGCGCCCAAGAA_003,49
TCGGCTCCTGCGCCCAAGAA_004,29
TTGAATCGAAGTCTACCAAG_001,62
TTGAATCGAAGTCTACCAAG_002,27
TTGAATCGAAGTCTACCAAG_003,34
TTGAATCGAAGTCTACCAAG_004,44
TTGAATCGAAGTCTACCAAG_005,162
TTGAATCGAAGTCTACCAAG_006,78
TTGAATCGAAGTCTACCAAG_007,49
TTGAATCGAAGTCTACCAAG_008,132
GATGTAGTCAGTGAGAATCC_001,96
GATGTAGTCAGTGAGAATCC_002,166
GTGGAGACCTGCCTCAACAT_001,65
GTGGAGACCTGCCTCAACAT_002,178
GTGGAGACCTGCCTCAACAT_003,125
GTGGAGACCTGCCTCAACAT_004,71
GTGGAGACCTGCCTCAACAT_005,20
GTGGAGACCTGCCTCAACAT_006,144
GTGGAGACCTGCCTCAACAT_007,68
GTGGAGACCTGCCTCAACAT_008,157
CAAGAGACCAGGAGTGTCGG_001,47
CAAGAGACCAGGAGTGTCGG_002,105
CAAGAGACCAGGAGTGTCGG_003,139
CAAGAGACCAGGAGTGTCGG_004,191
CAAGAGACCAGGAGTGTCGG_005,132
CAAGAGACCAGGAGTGTCGG_006,119
CAAGAGACCAGGAGTGTCGG_007,177
CCCTACAATAGGTTTCAATG_001,134
CCCTACAATAGGTTTCAATG_002,83
CCCTACAATAGGTTTCAATG_003,82
CCCTACAATAGGTTTCAATG_004,36
CCCTACAATAGGTTTCAATG_005,1
CCCTACAATAGGTTTCAATG_006,149
CCCTACAATAGGTTTCAATG_007,89
CCCTACAATAGGTTTCAATG_008,197
CCCTACAATAGGTTTCAATG_009,52
TGTAGGCTTTGTTGGGAGGT_001,7
TGTAGGCTTTGTTGGGAGGT_002,44
CTCCCCTGATGTATAGCAGG_001,19
CTCCCCTGATGTATAGCAGG_002,130
CTCCCCTGATGTATAGCAGG_003,58
CTCCCCTGATGTATAGCAGG_004,150
CTCCCCTGATGTATAGCAGG_005,9
CTCCCCTGATGTATAGCAGG_006,34
CTCCCCTGATGTATAGCAGG_007,81
GATCCGGTTTCTGTTCTGTG_001,191
GATCCGGTTTCTGTTCTGTG_002,43
GATCCGGTTTCTGTTCTGTG_003,186
GATCCGGTTTCTGTTCTGTG_004,156
GATCCGGTTTCTGTTCTGTG_005,126
GATCCGGTTTCTGTTCTGTG_006,53
AAGTGAGGACTACCTACACA_001,49
AAGTGAGGACTACCTACACA_002,70
AAGTGAGGACTACCTACACA_003,72
AAGTGAGGACTACCTACACA_004,170
AAGTGAGGACTACCTACACA_005,190
AAGTGAGGACTACCTACACA_006,44
AAGTGAGGACTACCTACACA_007,168
AAGTGAGGACTACCTACACA_008,82
AAGTGAGGACTACCTACACA_009,46
AAGTGAGGACTACCTACACA_010,135
AAGTGAGGACTACCTACACA_011,192
AAGTGAGGACTACCTACACA_012,190
AAGTGAGGACTACCTACACA_013,76
AAGTGAGGACTACCTACACA_014,199
AAGTGAGGACTACCTACACA_015,41
AAGTGAGGACTACCTACACA_016,86
AAGTGAGGACTACCTACACA_017,52
AAGTGAGGACTACCTACACA_018,1
GACATCCGGACAAAGAGTCA_001,85
GACATCCGGACAAAGAGTCA_002,96
GACATCCGGACAAAGAGTCA_003,168
GACATCCGGACAAAGAGTCA_004,1
GACATCCGGACAAAGAGTCA_005,34
GACATCCGGACAAAGAGTCA_006,68
GACATCCGGACAAAGAGTCA_007,70
GACATCCGGACAAAGAGTCA_008,160
GACATCCGGACAAAGAGTCA_009,149
GACATCCGGACAAAGAGTCA_010,184
GACATCCGGACAAAGAGTCA_011,94
GACATCCGGACAAAGAGTCA_012,33
GACATCCGGACAAAGAGTCA_013,147
GACATCCGGACAAAGAGTCA_014,39
GACATCCGGACAAAGAGTCA_015,106
GACATCCGGACAAAGAGTCA_016,52
GACATCCGGACAAAGAGTCA_017,93
GACATCCGGACAAAGAGTCA_018,113
TCCAAGCCAGAATATTGAGG_001,160
TCCAAGCCAGAATATTGAGG_002,143
CTCACGCAGACGGTGCTCTG_001,15
CTCACGCAGACGGTGCTCTG_002,7
CTCACGCAGACGGTGCTCTG_003,1
CTCACGCAGACGGTGCTCTG_004,73
CTCACGCAGACGGTGCTCTG_005,110
CTCACGCAGACGGTGCTCTG_006,63
CTCACGCAGACGGTGCTCTG_007,78
CTCACGCAGACGGTGCTCTG_008,39
CTCACGCAGACGGTGCTCTG_009,10
CTCACGCAGACGGTGCTCTG_010,63
CTCACGCAGACGGTGCTCTG_011,81
CTCACGCAGACGGTGCTCTG_012,0
CTCACGCAGACGGTGCTCTG_013,177
GACGTAACCAGTTGTCCATG_001,116
GACGTAACCAGTTGTCCATG_002,42
TTTGGCGAAAGGAAATTCAT_001,15
TTTGGCGAAAGGAAATTCAT_002,84
TTTGGCGAAAGGAAATTCAT_003,170
GGCGTGGTCGATACGGACGG_001,131
GGCGTGGTCGATACGGACGG_002,98
GGCGTGGTCGATACGGACGG_003,1
GGCGTGGTCGATACGGACGG_004,147
GGCGTGGTCGATACGGACGG_005,178
GGCGTGGTCGATACGGACGG_006,50
GGCGTGGTCGATACGGACGG_007,128
GGCGTGGTCGATACGGACGG_008,26
GTCCAACATAGGATCCTCCA_001,1
GTCCAACATAGGATCCTCCA_002,150
GTCCAACATAGGATCCTCCA_003,94
GTCCAACATAGGATCCTCCA_004,169
GTCCAACATAGGATCCTCCA_005,20
GTCCAACATAGGATCCTCCA_006,110
GTCCAACATAGGATCCTCCA_007,94
GTCCAACATAGGATCCTCCA_008,31
GTCCAACATAGGATCCTCCA_009,44
AGAACAGCTGCAGTTCCGAA_001,48
AGAACAGCTGCAGTTCCGAA_002,80
AGAACAGCTGCAGTTCCGAA_003,116
AGAACAGCTGCAGTTCCGAA_004,54
ATCTCGCGCATGGTACCCGG_001,78
ATCTCGCGCATGGTACCCGG_002,16
ATCTCGCGCATGGTACCCGG_003,127
ATCTCGCGCATGGTACCCGG_004,5
ATCTCGCGCATGGTACCCGG_005,88
ATCTCGCGCATGGTACCCGG_006,109
ATCTCGCGCATGGTACCCGG_007,77
ATCTCGCGCATGGTACCCGG_008,168
ATCTCGCGCATGGTACCCGG_009,49
CCGACATGGATAATCCAGAA_001,19
CCGACATGGATAATCCAGAA_002,78
CCGACATGGATAATCCAGAA_003,48
CCGACATGGATAATCCAGAA_004,40
CCGACATGGATAATCCAGAA_005,143
CCGACATGGATAATCCAGAA_006,143
CCGACATGGATAATCCAGAA_007,106
CCGACATGGATAATCCAGAA_008,29
CCGACATGGATAATCCAGAA_009,197
CCGACATGGATAATCCAGAA_010,98
GTGTCTACGCATGCTGTAGA_001,135
GTGTCTACGCATGCTGTAGA_002,63
TTTGTACTACCGCAGCAACA_001,41
TTTGTACTACCGCAGCAACA_002,48
TTTGTACTACCGCAGCAACA_003,134
TTTGTACTACCGCAGCAACA_004,48
TTTGTACTACCGCAGCAACA_005,30
TTTGTACTACCGCAGCAACA_006,159
TTTGTACTACCGCAGCAACA_007,85
TTTGTACTACCGCAGCAACA_008,116
TTTGTACTACCGCAGCAACA_009,22
TTTGTACTACCGCAGCAACA_010,145
TTTGTACTACCGCAGCAACA_011,76
TTTGTACTACCGCAGCAACA_012,54
TTTGTACTACCGCAGCAACA_013,60
TTTGTACTACCGCAGCAACA_014,80
TTTGTACTACCGCAGCAACA_015,20
TTTGTACTACCGCAGCAACA_016,40
TTTGTACTACCGCAGCAACA_017,194
TGACACAGTTGACGGCCAGT_001,169
TGACACAGTTGACGGCCAGT_002,70
TGACACAGTTGACGGCCAGT_003,83
TGACACAGTTGACGGCCAGT_004,183
TGACACAGTTGACGGCCAGT_005,184
TGACACAGTTGACGGCCAGT_006,78
TGACACAGTTGACGGCCAGT_007,170
TGACACAGTTGACGGCCAGT_008,82
TGACACAGTTGACGGCCAGT_009,155
TGACACAGTTGACGGCCAGT_010,118
TGACACAGTTGACGGCCAGT_011,158
TGACACAGTTGACGGCCAGT_012,56
TGACACAGTTGACGGCCAGT_013,130
TGACACAGTTGACGGCCAGT_014,74
TGACACAGTTGACGGCCAGT_015,118
TGACACAGTTGACGGCCAGT_016,188
TGACACAGTTGACGGCCAGT_017,119
TGACACAGTTGACGGCCAGT_018,20
TGACACAGTTGACGGCCAGT_019,20
GAAGGAACACCTCCGATCGA_001,49
GAAGGAACACCTCCGATCGA_002,169
GAAGGAACACCTCCGATCGA_003,85
GAAGGAACACCTCCGATCGA_004,88
GAAGGAACACCTCCGATCGA_005,174
GAAGGAACACCTCCGATCGA_006,166
GAAGGAACACCTCCGATCGA_007,43
GAAGGAACACCTCCGATCGA_008,34
GAAGGAACACCTCCGATCGA_009,174
GAAGGAACACCTCCGATCGA_010,7
GAAGGAACACCTCCGATCGA_011,16
GAAGGAACACCTCCGATCGA_012,63
GAAGGAACACCTCCGATCGA_013,39
GAAGGAACACCTCCGATCGA_014,77
GAAGGAACACCTCCGATCGA_015,149
GAAGGAACACCTCCGATCGA_016,146
GAAGGAACACCTCCGATCGA_017,48
GAAGGAACACCTCCGATCGA_018,80
GTACGGCGGCCAATACCGGA_001,127
GTACGGCGGCCAATACCGGA_002,17
GTACGGCGGCCAATACCGGA_003,156
GTACGGCGGCCAATACCGGA_004,83
GTACGGCGGCCAATACCGGA_005,184
GTACGGCGGCCAATACCGGA_006,130
GTACGGCGGCCAATACCGGA_007,4
GTACGGCGGCCAATACCGGA_008,132
GTACGGCGGCCAATACCGGA_009,187
GTACGGCGGCCAATACCGGA_010,61
GTACGGCGGCCAATACCGGA_011,190
GTACGGCGGCCAATACCGGA_012,145
GTACGGCGGCCAATACCGGA_013,11
GTACGGCGGCCAATACCGGA_014,155
GTACGGCGGCCAATACCGGA_015,145
GTACGGCGGCCAATACCGGA_016,24
GTACGGCGGCCAATACCGGA_017,2
GTACGGCGGCCAATACCGGA_018,13
GTACGGCGGCCAATACCGGA_019,105
GTACGGCGGCCAATACCGGA_020,190
GTACGGCGGCCAATACCGGA_021,97
GTACGGCGGCCAATACCGGA_022,2
GTACGGCGGCCAATACCGGA_023,198
GTACGGCGGCCAATACCGGA_024,62
GTACGGCGGCCAATACCGGA_025,162
GTACGGCGGCCAATACCGGA_026,19
GTACGGCGGCCAATACCGGA_027,107
GTACGGCGGCCAATACCGGA_028,67
GTACGGCGGCCAATACCGGA_029,19
TGAGTACTACGCCCGCTCCG_001,127
TGAGTACTACGCCCGCTCCG_002,58
TGAGTACTACGCCCGCTCCG_003,166
TGAGTACTACGCCCGCTCCG_004,80
TGAGTACTACGCCCGCTCCG_005,169
TGAGTACTACGCCCGCTCCG_006,19
TGAGTACTACGCCCGCTCCG_007,76
TGAGTACTACGCCCGCTCCG_008,57
TGAGTACTACGCCCGCTCCG_009,53
TGAGTACTACGCCCGCTCCG_010,194
TGAGTACTACGCCCGCTCCG_011,61
TGAGTACTACGCCCGCTCCG_012,121
TGAGTACTACGCCCGCTCCG_013,19
CGAGGACTCGCTCAGCTCAG_001,113
CGAGGACTCGCTCAGCTCAG_002,15
CGAGGACTCGCTCAGCTCAG_003,104
CGAGGACTCGCTCAGCTCAG_004,68
CATAAACTGAGCTTTCATCA_001,147
CATAAACTGAGCTTTCATCA_002,81
CATAAACTGAGCTTTCATCA_003,152
CACCTCATATGGGTCGTCCG_001,149
CACCTCATATGGGTCGTCCG_002,106
CACCTCATATGGGTCGTCCG_003,58
CACCTCATATGGGTCGTCCG_004,170
CACCTCATATGGGTCGTCCG_005,186
CACCTCATATGGGTCGTCCG_006,186
CACCTCATATGGGTCGTCCG_007,129
CACCTCATATGGGTCGTCCG_008,1
CACCTCATATGGGTCGTCCG_009,147
CACCTCATATGGGTCGTCCG_010,115
CACCTCATATGGGTCGTCCG_011,177
CACCTCATATGGGTCGTCCG_012,30
CACCTCATATGGGTCGTCCG_013,151
CACCTCATATGGGTCGTCCG_014,146
CACCTCATATGGGTCGTCCG_015,105
CACCTCATATGGGTCGTCCG_016,11
GCAGCGCTCCAGGAATGCCA_001,146
GCAGCGCTCCAGGAATGCCA_002,116
GCAGCGCTCCAGGAATGCCA_003,43
GCAGCGCTCCAGGAATGCCA_004,139
GAATATAGGGTGAATGCACA_001,126
GAATATAGGGTGAATGCACA_002,126
GAATATAGGGTGAATGCACA_003,61
GAATATAGGGTGAATGCACA_004,77
GAATATAGGGTGAATGCACA_005,77
TGCTGGACTTAAGGTCGCGG_001,188
TGCTGGACTTAAGGTCGCGG_002,115
TGCTGGACTTAAGGTCGCGG_003,50
TGCTGGACTTAAGGTCGCGG_004,65
TGCTGGACTTAAGGTCGCGG_005,96
TGCTGGACTTAAGGTCGCGG_006,147
TGCTGGACTTAAGGTCGCGG_007,103
TGCTGGACTTAAGGTCGCGG_008,62
TGCTGGACTTAAGGTCGCGG_009,63
TGCTGGACTTAAGGTCGCGG_010,45
TGCTGGACTTAAGGTCGCGG_011,134
TGCTGGACTTAAGGTCGCGG_012,83
TGCTGGACTTAAGGTCGCGG_013,86
TCTCACTGACACACTCGCTG_001,22
TCTCACTGACACACTCGCTG_002,12
AGGCCAGGAACGCGCCGTTG_001,172
AGGCCAGGAACGCGCCGTTG_002,196
AGGCCAGGAACGCGCCGTTG_003,15
AGGCCAGGAACGCGCCGTTG_004,174
AGGCCAGGAACGCGCCGTTG_005,8
TCCGAGATTAGGTAACGGAG_001,111
TCCGAGATTAGGTAACGGAG_002,24
TCCGAGATTAGGTAACGGAG_003,15
TCCGAGATTAGGTAACGGAG_004,160
TCCGAGATTAGGTAACGGAG_005,124
TCCGAGATTAGGTAACGGAG_006,126
TAGATGGCGGGATAAGCATG_001,26
TAGATGGCGGGATAAGCATG_002,166
CAGGAGTAAGACACTCCACA_001,191
CAGGAGTAAGACACTCCACA_002,18
CAGGAGTAAGACACTCCACA_003,66
CGCAATCCCTTAGGATAGCC_001,162
CGCAATCCCTTAGGATAGCC_002,57
CGCAATCCCTTAGGATAGCC_003,14
CGCAATCCCTTAGGATAGCC_004,170
CGCAATCCCTTAGGATAGCC_005,189
CGCAATCCCTTAGGATAGCC_006,170
CGCAATCCCTTAGGATAGCC_007,102
CGCAATCCCTTAGGATAGCC_008,54
CGCAATCCCTTAGGATAGCC_009,66
CGCAATCCCTTAGGATAGCC_010,180
CGCAATCCCTTAGGATAGCC_011,46
CGCAATCCCTTAGGATAGCC_012,169
CGCAATCCCTTAGGATAGCC_013,43
GCTCCACGCAGTCCACCTTG_001,47
GCTCCACGCAGTCCACCTTG_002,166
GAGACTGCGTTAATGCGCTT_001,137
GAGACTGCGTTAATGCGCTT_002,127
GAGACTGCGTTAATGCGCTT_003,88
GAGACTGCGTTAATGCGCTT_004,151
GAGACTGCGTTAATGCGCTT_005,107
GAGACTGCGTTAATGCGCTT_006,91
GAGACTGCGTTAATGCGCTT_007,61
GAGACTGCGTTAATGCGCTT_008,119
GAGACTGCGTTAATGCGCTT_009,181
GAGACTGCGTTAATGCGCTT_010,107
GAGACTGCGTTAATGCGCTT_011,82
GAGACTGCGTTAATGCGCTT_012,174
GAGACTGCGTTAATGCGCTT_013,5
GAGACTGCGTTAATGCGCTT_014,182
GAGACTGCGTTAATGCGCTT_015,4
GGGACGCGCGGAGGACGCAC_001,49
GGGACGCGCGGAGGACGCAC_002,133
GGGACGCGCGGAGGACGCAC_003,2
GGGACGCGCGGAGGACGCAC_004,131
GGGACGCGCGGAGGACGCAC_005,135
GGGACGCGCGGAGGACGCAC_006,189
GGGACGCGCGGAGGACGCAC_007,8
GGGACGCGCGGAGGACGCAC_008,23
GGGACGCGCGGAGGACGCAC_009,194
GGGACGCGCGGAGGACGCAC_010,157
GGGACGCGCGGAGGACGCAC_011,115
GGGACGCGCGGAGGACGCAC_012,94
GGGACGCGCGGAGGACGCAC_013,82
GGGACGCGCGGAGGACGCAC_014,57
GGGACGCGCGGAGGACGCAC_015,38
GGGACGCGCGGAGGACGCAC_016,135
GGGACGCGCGGAGGACGCAC_017,130
GGGACGCGCGGAGGACGCAC_018,88
GGGACGCGCGGAGGACGCAC_019,133
GGGACGCGCGGAGGACGCAC_020,148
GGGACGCGCGGAGGACGCAC_021,29
GGGACGCGCGGAGGACGCAC_022,85
GGGACGCGCGGAGGACGCAC_023,68
GGGACGCGCGGAGGACGCAC_024,42
GGGACGCGCGGAGGACGCAC_025,58
GGGACGCGCGGAGGACGCAC_026,182
GGGACGCGCGGAGGACGCAC_027,172
GGGACGCGCGGAGGACGCAC_028,172
GGGACGCGCGGAGGACGCAC_029,15
GGGACGCGCGGAGGACGCAC_030,67
GGGACGCGCGGAGGACGCAC_031,62
GGGACGCGCGGAGGACGCAC_032,49
GGGACGCGCGGAGGACGCAC_033,150
GGGACGCGCGGAGGACGCAC_034,169
GGGACGCGCGGAGGACGCAC_035,12
GGGACGCGCGGAGGACGCAC_036,40
GGGACGCGCGGAGGACGCAC_037,139
GGGACGCGCGGAGGACGCAC_038,25
GGGACGCGCGGAGGACGCAC_039,102
GGGACGCGCGGAGGACGCAC_040,111
GGGACGCGCGGAGGACGCAC_041,175
GGGACGCGCGGAGGACGCAC_042,169
GGGACGCGCGGAGGACGCAC_043,121
GGGACGCGCGGAGGACGCAC_044,105
GGGACGCGCGGAGGACGCAC_045,147
GGGACGCGCGGAGGACGCAC_046,199
GGGACGCGCGGAGGACGCAC_047,129
CCATATTTGTACCGAACACA_001,196
CCATATTTGTACCGAACACA_002,141
CCATATTTGTACCGAACACA_003,165
CCATATTTGTACCGAACACA_004,70
CCATATTTGTACCGAACACA_005,9
CCATATTTGTACCGAACACA_006,142
CCATGAAAAAGTAGGCAGCG_001,169
CCATGAAAAAGTAGGCAGCG_002,52
CCATGAAAAAGTAGGCAGCG_003,34
CCATGAAAAAGTAGGCAGCG_004,155
CCATGAAAAAGTAGGCAGCG_005,112
CCATGAAAAAGTAGGCAGCG_006,194
CCATGAAAAAGTAGGCAGCG_007,27
CCATGAAAAAGTAGGCAGCG_008,74
CCATGAAAAAGTAGGCAGCG_009,121
CCATGAAAAAGTAGGCAGCG_010,108
AACATTGTGAGCAAAACGGG_001,158
AACATTGTGAGCAAAACGGG_002,8
AACATTGTGAGCAAAACGGG_003,181
AACATTGTGAGCAAAACGGG_004,61
AACATTGTGAGCAAAACGGG_005,105
GCTTGCCCCGGGGATCTACA_001,145
GCTTGCCCCGGGGATCTACA_002,178
GCTTGCCCCGGGGATCTACA_003,169
GCTTGCCCCGGGGATCTACA_004,84
GCTTGCCCCGGGGATCTACA_005,121
GCTTGCCCCGGGGATCTACA_006,181
GCTTGCCCCGGGGATCTACA_007,22
GCTTGCCCCGGGGATCTACA_008,65
GCTTGCCCCGGGGATCTACA_009,183
GCTTGCCCCGGGGATCTACA_010,63
GCTTGCCCCGGGGATCTACA_011,63
TGATGGCCGACCGTATGCTG_001,65
TGATGGCCGACCGTATGCTG_002,51
TGATGGCCGACCGTATGCTG_003,67
TGATGGCCGACCGTATGCTG_004,79
TGATGGCCGACCGTATGCTG_005,71
TGATGGCCGACCGTATGCTG_006,61
TGATGGCCGACCGTATGCTG_007,61
TGATGGCCGACCGTATGCTG_008,50
TGATGGCCGACCGTATGCTG_009,50
TGATGGCCGACCGTATGCTG_010,144
TGATGGCCGACCGTATGCTG_011,94
TGATGGCCGACCGTATGCTG_012,140
TGATGGCCGACCGTATGCTG_013,117
ATAAACCTACAACAAAGACG_001,121
ATAAACCTACAACAAAGACG_002,41
ATAAACCTACAACAAAGACG_003,97
ATAAACCTACAACAAAGACG_004,58
ACGGAAGGGGTCCCGAAACA_001,17
TGCTGGCTGCATCTCAGACA_001,58
TGCTGGCTGCATCTCAGACA_002,69
TGCTGGCTGCATCTCAGACA_003,184
CGACGGGGACTTTGACACAG_001,5
CGACGGGGACTTTGACACAG_002,80
CGACGGGGACTTTGACACAG_003,134
CGACGGGGACTTTGACACAG_004,172
CGACGGGGACTTTGACACAG_005,29
CGACGGGGACTTTGACACAG_006,189
CGACGGGGACTTTGACACAG_007,119
CGACGGGGACTTTGACACAG_008,83
CGACGGGGACTTTGACACAG_009,140
CGACGGGGACTTTGACACAG_010,168
CGACGGGGACTTTGACACAG_011,121
CGACGGGGACTTTGACACAG_012,188
CGACGGGGACTTTGACACAG_013,197
CGACGGGGACTTTGACACAG_014,133
CGACGGGGACTTTGACACAG_015,29
CGACGGGGACTTTGACACAG_016,190
CGACGGGGACTTTGACACAG_017,168
CGACGGGGACTTTGACACAG_018,76
CGACGGGGACTTTGACACAG_019,120
CGACGGGGACTTTGACACAG_020,34
CGACGGGGACTTTGACACAG_021,155
CGACGGGGACTTTGACACAG_022,122
CGACGGGGACTTTGACACAG_023,137
CGACGGGGACTTTGACACAG_024,49
CGACGGGGACTTTGACACAG_025,175
CGACGGGGACTTTGACACAG_026,97
AGCCACTGAACGGTAAGACT_001,60
AGCCACTGAACGGTAAGACT_002,169
AGCCACTGAACGGTAAGACT_003,104
AGCCACTGAACGGTAAGACT_004,181
AGCCACTGAACGGTAAGACT_005,32
AGCCACTGAACGGTAAGACT_006,159
AGCCACTGAACGGTAAGACT_007,132
AGCCACTGAACGGTAAGACT_008,178
AGCCACTGAACGGTAAGACT_009,199
AGCCACTGAACGGTAAGACT_010,149
AGCCACTGAACGGTAAGACT_011,182
AGCCACTGAACGGTAAGACT_012,56
AGCCACTGAACGGTAAGACT_013,45
AGCCACTGAACGGTAAGACT_014,54
AGCCACTGAACGGTAAGACT_015,192
AGCCACTGAACGGTAAGACT_016,134
AGCCACTGAACGGTAAGACT_017,168
AGCCACTGAACGGTAAGACT_018,68
CACTTGGGGGTGCACTTGGG_001,25
CACTTGGGGGTGCACTTGGG_002,12
CACTTGGGGGTGCACTTGGG_003,72
CACTTGGGGGTGCACTTGGG_004,160
CACTTGGGGGTGCACTTGGG_005,158
CACTTGGGGGTGCACTTGGG_006,4
CACTTGGGGGTGCACTTGGG_007,5
CACTTGGGGGTGCACTTGGG_008,183
CACTTGGGGGTGCACTTGGG_009,114
CACTTGGGGGTGCACTTGGG_010,105
CACTTGGGGGTGCACTTGGG_011,71
CACTTGGGGGTGCACTTGGG_012,124
CACTTGGGGGTGCACTTGGG_013,67
CACTTGGGGGTGCACTTGGG_014,195
CACTTGGGGGTGCACTTGGG_015,16
CACTTGGGGGTGCACTTGGG_016,149
CACTTGGGGGTGCACTTGGG_017,26
CACTTGGGGGTGCACTTGGG_018,105
CACTTGGGGGTGCACTTGGG_019,110
CACTTGGGGGTGCACTTGGG_020,106
CACTTGGGGGTGCACTTGGG_021,184
CACTTGGGGGTGCACTTGGG_022,136
CACTTGGGGGTGCACTTGGG_023,172
CACTTGGGGGTGCACTTGGG_024,174
CACTTGGGGGTGCACTTGGG_025,40
CACTTGGGGGTGCACTTGGG_026,67
GCAGTTGCCAGGCTATCCAC_001,162
GCAGTTGCCAGGCTATCCAC_002,38
GCAGTTGCCAGGCTATCCAC_003,192
GCAGTTGCCAGGCTATCCAC_004,102
GCAGTTGCCAGGCTATCCAC_005,73
GCAGTTGCCAGGCTATCCAC_006,185
GCAGTTGCCAGGCTATCCAC_007,1
GCAGTTGCCAGGCTATCCAC_008,89
GCAGTTGCCAGGCTATCCAC_009,133
GCAGTTGCCAGGCTATCCAC_010,74
GCAGTTGCCAGGCTATCCAC_011,101
GTGGTACCTCGGCTCCATGA_001,60
GTGGTACCTCGGCTCCATGA_002,63
GTGGTACCTCGGCTCCATGA_003,105
GTGGTACCTCGGCTCCATGA_004,60
GTGGTACCTCGGCTCCATGA_005,139
TGTATCGGAGGTAATGATGC_001,182
AGACACATGGCAGTGCAGCG_001,157
AGACACATGGCAGTGCAGCG_002,60
AGACACATGGCAGTGCAGCG_003,86
AGACACATGGCAGTGCAGCG_004,107
AGACACATGGCAGTGCAGCG_005,30
AGACACATGGCAGTGCAGCG_006,176
AGACACATGGCAGTGCAGCG_007,96
AGACACATGGCAGTGCAGCG_008,153
AGACACATGGCAGTGCAGCG_009,19
AGACACATGGCAGTGCAGCG_010,149
AGACACATGGCAGTGCAGCG_011,35
AGACACATGGCAGTGCAGCG_012,49
AGACACATGGCAGTGCAGCG_013,173
AGACACATGGCAGTGCAGCG_014,173
AGACACATGGCAGTGCAGCG_015,62
AGACACATGGCAGTGCAGCG_016,51
AGACACATGGCAGTGCAGCG_017,102
AGACACATGGCAGTGCAGCG_018,127
AGACACATGGCAGTGCAGCG_019,62
AGACACATGGCAGTGCAGCG_020,58
AGACACATGGCAGTGCAGCG_021,177
AGACACATGGCAGTGCAGCG_022,3
AGACACATGGCAGTGCAGCG_023,139
AGACACATGGCAGTGCAGCG_024,144
AGACACATGGCAGTGCAGCG_025,70
AGACACATGGCAGTGCAGCG_026,116
AGACACATGGCAGTGCAGCG_027,94
AGACACATGGCAGTGCAGCG_028,99
AGACACATGGCAGTGCAGCG_029,32
AGACACATGGCAGTGCAGCG_030,159
AGACACATGGCAGTGCAGCG_031,124
AGACACATGGCAGTGCAGCG_032,124
AGACACATGGCAGTGCAGCG_033,186
ATCAAGAATCTTGTCCCCTG_001,153
ATCAAGAATCTTGTCCCCTG_002,68
ATCAAGAATCTTGTCCCCTG_003,27
ATCAAGAATCTTGTCCCCTG_004,88
ATCAAGAATCTTGTCCCCTG_005,61
ATCAAGAATCTTGTCCCCTG_006,157
ATCAAGAATCTTGTCCCCTG_007,183
ATCAAGAATCTTGTCCCCTG_008,28
ATCAAGAATCTTGTCCCCTG_009,155
ATCAAGAATCTTGTCCCCTG_010,124
AGATGCACCCTTAGGTACAG_001,106
AGATGCACCCTTAGGTACAG_002,5
AGATGCACCCTTAGGTACAG_003,195
AGATGCACCCTTAGGTACAG_004,102
AGATGCACCCTTAGGTACAG_005,33
AGATGCACCCTTAGGTACAG_006,96
AGATGCACCCTTAGGTACAG_007,2
AGATGCACCCTTAGGTACAG_008,17
AGATGCACCCTTAGGTACAG_009,176
AGGAAAGAAACACAGTCCTA_001,166
AGGAAAGAAACACAGTCCTA_002,115
AGGAAAGAAACACAGTCCTA_003,15
AGGAAAGAAACACAGTCCTA_004,165
AGGAAAGAAACACAGTCCTA_005,162
AGGAAAGAAACACAGTCCTA_006,96
AGGAAAGAAACACAGTCCTA_007,51
AGGAAAGAAACACAGTCCTA_008,128
AGGAAAGAAACACAGTCCTA_009,32
AGGAAAGAAACACAGTCCTA_010,197
AGGAAAGAAACACAGTCCTA_011,58
AGGAAAGAAACACAGTCCTA_012,8
AGGAAAGAAACACAGTCCTA_013,8
AGGAAAGAAACACAGTCCTA_014,90
ACAATCAAAATCGTAAGTGG_001,119
ACAATCAAAATCGTAAGTGG_002,108
ACAATCAAAATCGTAAGTGG_003,91
ACAATCAAAATCGTAAGTGG_004,146
CCATTTCTCAGATCAAGGAC_001,104
CCATTTCTCAGATCAAGGAC_002,137
CCATTTCTCAGATCAAGGAC_003,128
CCATTTCTCAGATCAAGGAC_004,15
CCATTTCTCAGATCAAGGAC_005,108
CCATTTCTCAGATCAAGGAC_006,15
CCATTTCTCAGATCAAGGAC_007,85
TTGTTGTTGCTGGTAACATG_001,4
TTGTTGTTGCTGGTAACATG_002,130
TTGTTGTTGCTGGTAACATG_003,118
TTGTTGTTGCTGGTAACATG_004,129
TTGTTGTTGCTGGTAACATG_005,140
TTGTTGTTGCTGGTAACATG_006,107
TTGTTGTTGCTGGTAACATG_007,58
TTGTTGTTGCTGGTAACATG_008,123
TTGTTGTTGCTGGTAACATG_009,126
TTGTTGTTGCTGGTAACATG_010,134
TTGTTGTTGCTGGTAACATG_011,56
TTGTTGTTGCTGGTAACATG_012,30
TTGTTGTTGCTGGTAACATG_013,34
TATCTTCGTCAAGACCGTGA_001,48
TATCTTCGTCAAGACCGTGA_002,121
TATCTTCGTCAAGACCGTGA_003,116
TATCTTCGTCAAGACCGTGA_004,28
TATCTTCGTCAAGACCGTGA_005,68
TATCTTCGTCAAGACCGTGA_006,149
TATCTTCGTCAAGACCGTGA_007,105
GATCTTGAACCAGCTCCCTA_001,139
GATCTTGAACCAGCTCCCTA_002,63
GATCTTGAACCAGCTCCCTA_003,121
GATCTTGAACCAGCTCCCTA_004,122
GATCTTGAACCAGCTCCCTA_005,43
GATCTTGAACCAGCTCCCTA_006,131
GATCTTGAACCAGCTCCCTA_007,147
GATCTTGAACCAGCTCCCTA_008,19
GATCTTGAACCAGCTCCCTA_009,160
GATCTTGAACCAGCTCCCTA_010,0
GATCTTGAACCAGCTCCCTA_011,66
GATCTTGAACCAGCTCCCTA_012,65
GATCTTGAACCAGCTCCCTA_013,48
GATCTTGAACCAGCTCCCTA_014,190
GATCTTGAACCAGCTCCCTA_015,128
GATCTTGAACCAGCTCCCTA_016,163
GATCTTGAACCAGCTCCCTA_017,50
GATCTTGAACCAGCTCCCTA_018,32
GATCTTGAACCAGCTCCCTA_019,4
GATCTTGAACCAGCTCCCTA_020,79
GATCTTGAACCAGCTCCCTA_021,39
GATCTTGAACCAGCTCCCTA_022,28
GATCTTGAACCAGCTCCCTA_023,4
TGAACAGGTGCGTCTGTGCA_001,40
TGAACAGGTGCGTCTGTGCA_002,178
TGAACAGGTGCGTCTGTGCA_003,36
TGAACAGGTGCGTCTGTGCA_004,62
TGAACAGGTGCGTCTGTGCA_005,14
TGAACAGGTGCGTCTGTGCA_006,34
TGAACAGGTGCGTCTGTGCA_007,150
TGAACAGGTGCGTCTGTGCA_008,47
TGAACAGGTGCGTCTGTGCA_009,121
TGAACAGGTGCGTCTGTGCA_010,33
TGAACAGGTGCGTCTGTGCA_011,60
TGAACAGGTGCGTCTGTGCA_012,44
GTGGCTGCAAGTAAAACTGA_001,151
GTGGCTGCAAGTAAAACTGA_002,24
GTGGCTGCAAGTAAAACTGA_003,192
GTGGCTGCAAGTAAAACTGA_004,102
GTGGCTGCAAGTAAAACTGA_005,95
GTGGCTGCAAGTAAAACTGA_006,28
GTGGCTGCAAGTAAAACTGA_007,136
GTGGCTGCAAGTAAAACTGA_008,90
GTGAGGACTTCCCGGCGTTG_001,93
GTGAGGACTTCCCGGCGTTG_002,86
GTGAGGACTTCCCGGCGTTG_003,129
GTGAGGACTTCCCGGCGTTG_004,107
GTGAGGACTTCCCGGCGTTG_005,29
GTGAGGACTTCCCGGCGTTG_006,60
GTGAGGACTTCCCGGCGTTG_007,127
GTGAGGACTTCCCGGCGTTG_008,0
GTGAGGACTTCCCGGCGTTG_009,182
GTGAGGACTTCCCGGCGTTG_010,145
GTGAGGACTTCCCGGCGTTG_011,28
GAAGGCGAAGGCATCGCACA_001,62
GAAGGCGAAGGCATCGCACA_002,158
GAAGGCGAAGGCATCGCACA_003,65
GAAGGCGAAGGCATCGCACA_004,8
GAAGGCGAAGGCATCGCACA_005,101
GAAGGCGAAGGCATCGCACA_006,152
GAAGGCGAAGGCATCGCACA_007,69
GAAGGCGAAGGCATCGCACA_008,70
GAAGGCGAAGGCATCGCACA_009,103
GAAGGCGAAGGCATCGCACA_010,188
GAAGGCGAAGGCATCGCACA_011,115
GAAGGCGAAGGCATCGCACA_012,94
GAAGGCGAAGGCATCGCACA_013,104
GAAGGCGAAGGCATCGCACA_014,140
GAAGGCGAAGGCATCGCACA_015,26
GAAGGCGAAGGCATCGCACA_016,39
GAAGGCGAAGGCATCGCACA_017,3
GAAGGCGAAGGCATCGCACA_018,0
GAAGGCGAAGGCATCGCACA_019,115
GAAGGCGAAGGCATCGCACA_020,78
TACACTTAGACTAACCACGT_001,62
TACACTTAGACTAACCACGT_002,198
TACACTTAGACTAACCACGT_003,66
TACACTTAGACTAACCACGT_004,160
TACACTTAGACTAACCACGT_005,61
TTGCACTACTAAAGTCAGTG_001,35
TTGCACTACTAAAGTCAGTG_002,108
TTGCACTACTAAAGTCAGTG_003,123
TTGCACTACTAAAGTCAGTG_004,123
TTGCACTACTAAAGTCAGTG_005,88
TTGCACTACTAAAGTCAGTG_006,23
TTGCACTACTAAAGTCAGTG_007,107
TTGCACTACTAAAGTCAGTG_008,76
TTGCACTACTAAAGTCAGTG_009,17
TTGCACTACTAAAGTCAGTG_010,186
TTGCACTACTAAAGTCAGTG_011,80
TTGCACTACTAAAGTCAGTG_012,55
TTGCACTACTAAAGTCAGTG_013,136
TTGCACTACTAAAGTCAGTG_014,199
TTGCACTACTAAAGTCAGTG_015,137
TTGCACTACTAAAGTCAGTG_016,127
TTGCACTACTAAAGTCAGTG_017,85
TTGCACTACTAAAGTCAGTG_018,83
TTGCACTACTAAAGTCAGTG_019,48
TTGCACTACTAAAGTCAGTG_020,72
TTGCACTACTAAAGTCAGTG_021,182
TTGCACTACTAAAGTCAGTG_022,153
TTGCACTACTAAAGTCAGTG_023,156
TTGCACTACTAAAGTCAGTG_024,48
TTGCACTACTAAAGTCAGTG_025,169
TTGCACTACTAAAGTCAGTG_026,169
TTGCACTACTAAAGTCAGTG_027,99
TTGCACTACTAAAGTCAGTG_028,31
TTGCACTACTAAAGTCAGTG_029,49
TTGCACTACTAAAGTCAGTG_030,121
TTGCACTACTAAAGTCAGTG_031,2
TTGCACTACTAAAGTCAGTG_032,89
GAAGATGACACTGAGACTAC_001,80
GAAGATGACACTGAGACTAC_002,23
GAAGATGACACTGAGACTAC_003,162
GAAGATGACACTGAGACTAC_004,50
GAAGATGACACTGAGACTAC_005,69
CATGCCACGCACCGTCCACG_001,74
CATGCCACGCACCGTCCACG_002,148
CATGCCACGCACCGTCCACG_003,47
CATGCCACGCACCGTCCACG_004,181
CATGCCACGCACCGTCCACG_005,170
CATGCCACGCACCGTCCACG_006,88
CATGCCACGCACCGTCCACG_007,57
CATGCCACGCACCGTCCACG_008,41
CATGCCACGCACCGTCCACG_009,174
CTGGGCACTTATCTAACAGG_001,176
CTGGGCACTTATCTAACAGG_002,70
CTGGGCACTTATCTAACAGG_003,85
CTGGGCACTTATCTAACAGG_004,72
CTGGGCACTTATCTAACAGG_005,84
TCCTTGAAACAGACACCCGG_001,29
TCCTTGAAACAGACACCCGG_002,106
TCCTTGAAACAGACACCCGG_003,6
TCCTTGAAACAGACACCCGG_004,127
TCCTTGAAACAGACACCCGG_005,113
TCCTTGAAACAGACACCCGG_006,125
TCCTTGAAACAGACACCCGG_007,131
TCCTTGAAACAGACACCCGG_008,21
TCCTTGAAACAGACACCCGG_009,159
TCCTTGAAACAGACACCCGG_010,97
TCCTTGAAACAGACACCCGG_011,2
TCCTTGAAACAGACACCCGG_012,17
TCCTTGAAACAGACACCCGG_013,191
TCCTTGAAACAGACACCCGG_014,49
TCCTTGAAACAGACACCCGG_015,58
TCCTTGAAACAGACACCCGG_016,37
TCCTTGAAACAGACACCCGG_017,94
TCCTTGAAACAGACACCCGG_018,49
TCCTTGAAACAGACACCCGG_019,184
TCCTTGAAACAGACACCCGG_020,184
TCCTTGAAACAGACACCCGG_021,15
ATCAAAGAGAGCATCCGGCG_001,61
ATCAAAGAGAGCATCCGGCG_002,61
CCGGAAGAGTTCTAGCAGTG_001,155
CCGGAAGAGTTCTAGCAGTG_002,187
CGGGCTGTTCCCAGTCTCGG_001,107
CGGGCTGTTCCCAGTCTCGG_002,179
CGGGCTGTTCCCAGTCTCGG_003,101
CGGGCTGTTCCCAGTCTCGG_004,124
CGGGCTGTTCCCAGTCTCGG_005,77
CGGGCTGTTCCCAGTCTCGG_006,137
CGGGCTGTTCCCAGTCTCGG_007,82
CGGGCTGTTCCCAGTCTCGG_008,63
CGGGCTGTTCCCAGTCTCGG_009,131
CGGGCTGTTCCCAGTCTCGG_010,137
CGGGCTGTTCCCAGTCTCGG_011,144
CGGGCTGTTCCCAGTCTCGG_012,17
GAACCTCTACCTGTTAGGTG_001,146
GAACCTCTACCTGTTAGGTG_002,106
GAACCTCTACCTGTTAGGTG_003,130
GAACCTCTACCTGTTAGGTG_004,177
GGCCTTCCAAGACACCACCA_001,153
GGCCTTCCAAGACACCACCA_002,49
GGCCTTCCAAGACACCACCA_003,6
GGCCTTCCAAGACACCACCA_004,161
GGCCTTCCAAGACACCACCA_005,20
GGCCTTCCAAGACACCACCA_006,82
GGCCTTCCAAGACACCACCA_007,62
GGCCTTCCAAGACACCACCA_008,22
GGCCTTCCAAGACACCACCA_009,34
GGCCTTCCAAGACACCACCA_010,115
GGCCTTCCAAGACACCACCA_011,155
GGCCTTCCAAGACACCACCA_012,59
GGCCTTCCAAGACACCACCA_013,17
GGCCTTCCAAGACACCACCA_014,70
CCTTTCGTGGAACAAGACCG_001,68
CCTTTCGTGGAACAAGACCG_002,29
CCTTTCGTGGAACAAGACCG_003,20
CCTTTCGTGGAACAAGACCG_004,39
CCTTTCGTGGAACAAGACCG_005,93
CCTTTCGTGGAACAAGACCG_006,146
CCTTTCGTGGAACAAGACCG_007,181
CCTTTCGTGGAACAAGACCG_008,96
CCTTTCGTGGAACAAGACCG_009,146
CCTTTCGTGGAACAAGACCG_010,83
CCTTTCGTGGAACAAGACCG_011,85
CCTTTCGTGGAACAAGACCG_012,94
CCTTTCGTGGAACAAGACCG_013,199
CCTTTCGTGGAACAAGACCG_014,76
CCTTTCGTGGAACAAGACCG_015,52
CCTTTCGTGGAACAAGACCG_016,158
CCTTTCGTGGAACAAGACCG_017,2
CCTTTCGTGGAACAAGACCG_018,9
CCTTTCGTGGAACAAGACCG_019,70
CCTTTCGTGGAACAAGACCG_020,122
CCTTTCGTGGAACAAGACCG_021,176
CCTTTCGTGGAACAAGACCG_022,183
CCTTTCGTGGAACAAGACCG_023,11
CCTTTCGTGGAACAAGACCG_024,116
CCTTTCGTGGAACAAGACCG_025,112
CTGACCAAGACGCAGTCCCG_001,198
CTGACCAAGACGCAGTCCCG_002,152
CTGACCAAGACGCAGTCCCG_003,155
CTGACCAAGACGCAGTCCCG_004,61
CTGACCAAGACGCAGTCCCG_005,150
CTGACCAAGACGCAGTCCCG_006,127
CTGACCAAGACGCAGTCCCG_007,146
CTGACCAAGACGCAGTCCCG_008,109
CTGACCAAGACGCAGTCCCG_009,155
AGTTTGACCATCTGCCTCCG_001,78
AGTTTGACCATCTGCCTCCG_002,122
AGTTTGACCATCTGCCTCCG_003,60
AGTTTGACCATCTGCCTCCG_004,174
AGTTTGACCATCTGCCTCCG_005,11
AGTTTGACCATCTGCCTCCG_006,147
AGTTTGACCATCTGCCTCCG_007,38
AGTTTGACCATCTGCCTCCG_008,116
AGTTTGACCATCTGCCTCCG_009,182
AGTTTGACCATCTGCCTCCG_010,184
AGTTTGACCATCTGCCTCCG_011,61
AGTTTGACCATCTGCCTCCG_012,107
AGTTTGACCATCTGCCTCCG_013,157
AGTTTGACCATCTGCCTCCG_014,92
AGTTTGACCATCTGCCTCCG_015,144
AAGATAAAAAGGCACCATTG_001,115
AAGATAAAAAGGCACCATTG_002,81
AAGATAAAAAGGCACCATTG_003,105
AAGATAAAAAGGCACCATTG_004,176
AAGATAAAAAGGCACCATTG_005,110
AAGATAAAAAGGCACCATTG_006,145
AAGATAAAAAGGCACCATTG_007,43
AAGATAAAAAGGCACCATTG_008,83
AAGATAAAAAGGCACCATTG_009,165
AAGATAAAAAGGCACCATTG_010,53
AAGATAAAAAGGCACCATTG_011,97
AAGATAAAAAGGCACCATTG_012,36
AAGATAAAAAGGCACCATTG_013,36
AAGATAAAAAGGCACCATTG_014,155
AAGATAAAAAGGCACCATTG_015,160
TTTCAGATGAGTAAAGGACC_001,177
CCTCCCAGGTTCGCTCTGAG_001,31
CCTCCCAGGTTCGCTCTGAG_002,119
CCTCCCAGGTTCGCTCTGAG_003,104
CCTCCCAGGTTCGCTCTGAG_004,62
CCTCCCAGGTTCGCTCTGAG_005,23
CCTCCCAGGTTCGCTCTGAG_006,7
CCTCCCAGGTTCGCTCTGAG_007,144
CCTCCCAGGTTCGCTCTGAG_008,195
CCTCCCAGGTTCGCTCTGAG_009,171
CCTCCCAGGTTCGCTCTGAG_010,175
CCTCCCAGGTTCGCTCTGAG_011,63
CCTCCCAGGTTCGCTCTGAG_012,159
CCTCCCAGGTTCGCTCTGAG_013,115
CCTCCCAGGTTCGCTCTGAG_014,185
CCTCCCAGGTTCGCTCTGAG_015,94
CCTCCCAGGTTCGCTCTGAG_016,161
CCTCCCAGGTTCGCTCTGAG_017,69
CCTCCCAGGTTCGCTCTGAG_018,117
CCTCCCAGGTTCGCTCTGAG_019,168
CCTCCCAGGTTCGCTCTGAG_020,60
CCTCCCAGGTTCGCTCTGAG_021,2
CCTCCCAGGTTCGCTCTGAG_022,58
CCTCCCAGGTTCGCTCTGAG_023,124
CCTCCCAGGTTCGCTCTGAG_024,152
CCTCCCAGGTTCGCTCTGAG_025,15
CCTCCCAGGTTCGCTCTGAG_026,180
CCTCCCAGGTTCGCTCTGAG_027,127
CCTCCCAGGTTCGCTCTGAG_028,48
CCTCCCAGGTTCGCTCTGAG_029,138
CCCGAAGCATCACTCCACTG_001,62
CCCGAAGCATCACTCCACTG_002,50
GAATACCGAGATGTGCGAGG_001,29
GAATACCGAGATGTGCGAGG_002,134
GAATACCGAGATGTGCGAGG_003,148
GAATACCGAGATGTGCGAGG_004,167
GAATACCGAGATGTGCGAGG_005,69
GAATACCGAGATGTGCGAGG_006,195
GAATACCGAGATGTGCGAGG_007,107
GAATACCGAGATGTGCGAGG_008,69
GAATACCGAGATGTGCGAGG_009,68
GAATACCGAGATGTGCGAGG_010,50
GAATACCGAGATGTGCGAGG_011,29
GAATACCGAGATGTGCGAGG_012,158
GAATACCGAGATGTGCGAGG_013,37
GAATACCGAGATGTGCGAGG_014,95
GAATACCGAGATGTGCGAGG_015,57
GAATACCGAGATGTGCGAGG_016,12
GAATACCGAGATGTGCGAGG_017,70
GAATACCGAGATGTGCGAGG_018,70
GAATACCGAGATGTGCGAGG_019,30
GAATACCGAGATGTGCGAGG_020,150
GAATACCGAGATGTGCGAGG_021,80
GAATACCGAGATGTGCGAGG_022,116
GAATACCGAGATGTGCGAGG_023,21
GAATACCGAGATGTGCGAGG_024,12
GAATACCGAGATGTGCGAGG_025,48
CTTCATCCACAGCTCGCACG_001,130
CTTCATCCACAGCTCGCACG_002,60
CTTCATCCACAGCTCGCACG_003,157
CTTCATCCACAGCTCGCACG_004,108
CTTCATCCACAGCTCGCACG_005,98
CTTCATCCACAGCTCGCACG_006,192
CTTCATCCACAGCTCGCACG_007,77
CTTCATCCACAGCTCGCACG_008,77
CTTCATCCACAGCTCGCACG_009,77
CTTCATCCACAGCTCGCACG_010,70
CTTCATCCACAGCTCGCACG_011,173
CTTCATCCACAGCTCGCACG_012,83
CTTCATCCACAGCTCGCACG_013,197
CTTCATCCACAGCTCGCACG_014,8
CTTCATCCACAGCTCGCACG_015,175
CTTCATCCACAGCTCGCACG_016,33
CTTCATCCACAGCTCGCACG_017,30
CTTCATCCACAGCTCGCACG_018,183
CTTCATCCACAGCTCGCACG_019,4
CTTCATCCACAGCTCGCACG_020,10
CTTCATCCACAGCTCGCACG_021,186
CTTCATCCACAGCTCGCACG_022,144
CTTCATCCACAGCTCGCACG_023,121
CTTGATACTTGACCCGAGAG_001,124
CTTGATACTTGACCCGAGAG_002,76
CTTGATACTTGACCCGAGAG_003,79
CTTGATACTTGACCCGAGAG_004,117
GCAGCGTTCACATTCGCTAG_001,41
GCAGCGTTCACATTCGCTAG_002,82
GCAGCGTTCACATTCGCTAG_003,118
GCAGCGTTCACATTCGCTAG_004,108
GCAGCGTTCACATTCGCTAG_005,118
GCAGCGTTCACATTCGCTAG_006,154
AAATAAAATTGCTCACTGAA_001,145
AAATAAAATTGCTCACTGAA_002,118
AAATAAAATTGCTCACTGAA_003,174
AAATAAAATTGCTCACTGAA_004,177
CTCCACGCCAACCTGTCCGA_001,92
CTCCACGCCAACCTGTCCGA_002,154
CTCCACGCCAACCTGTCCGA_003,169
CTCCACGCCAACCTGTCCGA_004,92
CTCCACGCCAACCTGTCCGA_005,11
CTCCACGCCAACCTGTCCGA_006,127
CTCCACGCCAACCTGTCCGA_007,51
CTCCACGCCAACCTGTCCGA_008,1
CTCCACGCCAACCTGTCCGA_009,29
CTCCACGCCAACCTGTCCGA_010,146
CTCCACGCCAACCTGTCCGA_011,49
CTCCACGCCAACCTGTCCGA_012,40
CTCCACGCCAACCTGTCCGA_013,22
CTCCACGCCAACCTGTCCGA_014,130
CTCCACGCCAACCTGTCCGA_015,105
CTCCACGCCAACCTGTCCGA_016,150
CTCCACGCCAACCTGTCCGA_017,173
CTCCACGCCAACCTGTCCGA_018,173
CTCCACGCCAACCTGTCCGA_019,173
CTCCACGCCAACCTGTCCGA_020,156
CTCCACGCCAACCTGTCCGA_021,17
CTCCACGCCAACCTGTCCGA_022,27
CTCCACGCCAACCTGTCCGA_023,95
CTCCACGCCAACCTGTCCGA_024,137
CTCCACGCCAACCTGTCCGA_025,9
CTCCACGCCAACCTGTCCGA_026,30
CTCCACGCCAACCTGTCCGA_027,146
CTCCACGCCAACCTGTCCGA_028,148
CTCCACGCCAACCTGTCCGA_029,172
CTCCACGCCAACCTGTCCGA_030,95
CTCCACGCCAACCTGTCCGA_031,189
CTCCACGCCAACCTGTCCGA_032,60
CTCCACGCCAACCTGTCCGA_033,3
CTCCACGCCAACCTGTCCGA_034,91
CTCCACGCCAACCTGTCCGA_035,2
CTCCACGCCAACCTGTCCGA_036,24
CTCCACGCCAACCTGTCCGA_037,164
CTCCACGCCAACCTGTCCGA_038,196
CTCCACGCCAACCTGTCCGA_039,43
CTCCACGCCAACCTGTCCGA_040,14
CTCCACGCCAACCTGTCCGA_041,94
CTCCACGCCAACCTGTCCGA_042,170
CTCCACGCCAACCTGTCCGA_043,103
CTCCACGCCAACCTGTCCGA_044,163
GCGCCGCGGATCGAATGGTG_001,49
GCGCCGCGGATCGAATGGTG_002,130
GCGCCGCGGATCGAATGGTG_003,15
GCGCCGCGGATCGAATGGTG_004,139
GCGCCGCGGATCGAATGGTG_005,145
GCGCCGCGGATCGAATGGTG_006,71
GCGCCGCGGATCGAATGGTG_007,104
GCGCCGCGGATCGAATGGTG_008,16
GCGCCGCGGATCGAATGGTG_009,95
GCGCCGCGGATCGAATGGTG_010,144
GCGCCGCGGATCGAATGGTG_011,71
GCGCCGCGGATCGAATGGTG_012,190
GCGCCGCGGATCGAATGGTG_013,132
GCGCCGCGGATCGAATGGTG_014,147
GCGCCGCGGATCGAATGGTG_015,127
GCGCCGCGGATCGAATGGTG_016,2
GCGCCGCGGATCGAATGGTG_017,110
GCGCCGCGGATCGAATGGTG_018,69
GCGCCGCGGATCGAATGGTG_019,52
GCGCCGCGGATCGAATGGTG_020,39
GCGCCGCGGATCGAATGGTG_021,188
GCGCCGCGGATCGAATGGTG_022,132
GCGCCGCGGATCGAATGGTG_023,57
CTGGAAGCCGGACTCAGCCA_001,54
CTGGAAGCCGGACTCAGCCA_002,8
CTGGAAGCCGGACTCAGCCA_003,193
CTGGAAGCCGGACTCAGCCA_004,54
CTGGAAGCCGGACTCAGCCA_005,8
CTGGAAGCCGGACTCAGCCA_006,172
CTGGAAGCCGGACTCAGCCA_007,163
CTGGAAGCCGGACTCAGCCA_008,1
CTGGAAGCCGGACTCAGCCA_009,172
CTGGAAGCCGGACTCAGCCA_010,160
CTGGAAGCCGGACTCAGCCA_011,102
CTGGAAGCCGGACTCAGCCA_012,7
CTGGAAGCCGGACTCAGCCA_013,107
CTGGAAGCCGGACTCAGCCA_014,120
CTGGAAGCCGGACTCAGCCA_015,49
CTGGAAGCCGGACTCAGCCA_016,62
CTGGAAGCCGGACTCAGCCA_017,126
CTGGAAGCCGGACTCAGCCA_018,40
CTGGAAGCCGGACTCAGCCA_019,3
CTGGAAGCCGGACTCAGCCA_020,111
CTGGAAGCCGGACTCAGCCA_021,20
CTGGAAGCCGGACTCAGCCA_022,156
CTGGAAGCCGGACTCAGCCA_023,20
CTGGAAGCCGGACTCAGCCA_024,94
CTGGAAGCCGGACTCAGCCA_025,191
CTGGAAGCCGGACTCAGCCA_026,46
CTGGAAGCCGGACTCAGCCA_027,105
CTGGAAGCCGGACTCAGCCA_028,175
CTGGAAGCCGGACTCAGCCA_029,40
CTGGAAGCCGGACTCAGCCA_030,169
CTGGAAGCCGGACTCAGCCA_031,111
CTGGAAGCCGGACTCAGCCA_032,184
CTGGAAGCCGGACTCAGCCA_033,118
CTGGAAGCCGGACTCAGCCA_034,138
CTGGAAGCCGGACTCAGCCA_035,161
CTGGAAGCCGGACTCAGCCA_036,84
ATGTCCATGGGATGCCACCG_001,140
ATGTCCATGGGATGCCACCG_002,80
ATGTCCATGGGATGCCACCG_003,191
ATGTCCATGGGATGCCACCG_004,77
ATGTCCATGGGATGCCACCG_005,138
ATGTCCATGGGATGCCACCG_006,60
ATGTCCATGGGATGCCACCG_007,190
ATGTCCATGGGATGCCACCG_008,127
ATGTCCATGGGATGCCACCG_009,165
ATGTCCATGGGATGCCACCG_010,9
ATGTCCATGGGATGCCACCG_011,170
ATGTCCATGGGATGCCACCG_012,127
ATGTCCATGGGATGCCACCG_013,105
ATGTCCATGGGATGCCACCG_014,19
ATGTCCATGGGATGCCACCG_015,50
ATGTCCATGGGATGCCACCG_016,2
ATGTCCATGGGATGCCACCG_017,118
ATGTCCATGGGATGCCACCG_018,49
ATGTCCATGGGATGCCACCG_019,105
ATGTCCATGGGATGCCACCG_020,79
ATGTCCATGGGATGCCACCG_021,154
ATGTCCATGGGATGCCACCG_022,63
ATGTCCATGGGATGCCACCG_023,164
ATGTCCATGGGATGCCACCG_024,34
ATGTCCATGGGATGCCACCG_025,166
ATGTCCATGGGATGCCACCG_026,73
ATGTCCATGGGATGCCACCG_027,56
ATGTCCATGGGATGCCACCG_028,175
ATGTCCATGGGATGCCACCG_029,88
ATGTCCATGGGATGCCACCG_030,107
ATGTCCATGGGATGCCACCG_031,159
ATGTCCATGGGATGCCACCG_032,6
ATGTCCATGGGATGCCACCG_033,94
ATGTCCATGGGATGCCACCG_034,96
ATGTCCATGGGATGCCACCG_035,43
CACTCTACTTGGGAGGTGAG_001,9
CACTCTACTTGGGAGGTGAG_002,75
CACTCTACTTGGGAGGTGAG_003,64
CACTCTACTTGGGAGGTGAG_004,129
CACTCTACTTGGGAGGTGAG_005,34
CACTCTACTTGGGAGGTGAG_006,147
CACTCTACTTGGGAGGTGAG_007,9
CACTCTACTTGGGAGGTGAG_008,98
CACTCTACTTGGGAGGTGAG_009,49
CACTCTACTTGGGAGGTGAG_010,11
GAAGTGTGGCCTGCTAGCGG_001,166
GAAGTGTGGCCTGCTAGCGG_002,15
GAAGTGTGGCCTGCTAGCGG_003,52
GAAGTGTGGCCTGCTAGCGG_004,148
GAAGTGTGGCCTGCTAGCGG_005,197
GAAGTGTGGCCTGCTAGCGG_006,8
GAAGTGTGGCCTGCTAGCGG_007,9
GAAGTGTGGCCTGCTAGCGG_008,2
GAAGTGTGGCCTGCTAGCGG_009,184
GAAGTGTGGCCTGCTAGCGG_010,38
GAAGTGTGGCCTGCTAGCGG_011,12
GAAGTGTGGCCTGCTAGCGG_012,27
GAAGTGTGGCCTGCTAGCGG_013,155
GGAGCAGCTGACAGAAACTG_001,96
GGAGCAGCTGACAGAAACTG_002,90
GGAGCAGCTGACAGAAACTG_003,40
GGAGCAGCTGACAGAAACTG_004,77
GGAGCAGCTGACAGAAACTG_005,168
GTTCAACAAGGACCGAGCGG_001,169
GTTCAACAAGGACCGAGCGG_002,96
GTTCAACAAGGACCGAGCGG_003,101
GTTCAACAAGGACCGAGCGG_004,149
GTTCAACAAGGACCGAGCGG_005,16
GTTCAACAAGGACCGAGCGG_006,129
GTTCAACAAGGACCGAGCGG_007,81
GTTCAACAAGGACCGAGCGG_008,50
GTTCAACAAGGACCGAGCGG_009,17
GTTCAACAAGGACCGAGCGG_010,19
GTTCAACAAGGACCGAGCGG_011,127
GTTCAACAAGGACCGAGCGG_012,44
GTTCAACAAGGACCGAGCGG_013,115
GTTCAACAAGGACCGAGCGG_014,148
GTTCAACAAGGACCGAGCGG_015,130
GGAGTTCATGAGCTCGGACG_001,149
GGAGTTCATGAGCTCGGACG_002,154
GGAGTTCATGAGCTCGGACG_003,158
GGAGTTCATGAGCTCGGACG_004,80
GGAGTTCATGAGCTCGGACG_005,80
GGAGTTCATGAGCTCGGACG_006,146
GGAGTTCATGAGCTCGGACG_007,141
GGAGTTCATGAGCTCGGACG_008,60
GGTGAATGGGACGGACAGTG_001,88
GGTGAATGGGACGGACAGTG_002,1
GGTGAATGGGACGGACAGTG_003,197
GGTGAATGGGACGGACAGTG_004,84
GGTGAATGGGACGGACAGTG_005,96
GGTGAATGGGACGGACAGTG_006,130
GGTGAATGGGACGGACAGTG_007,56
GGTGAATGGGACGGACAGTG_008,41
GGTGAATGGGACGGACAGTG_009,140
GGTGAATGGGACGGACAGTG_010,61
GGTGAATGGGACGGACAGTG_011,9
GGTGAATGGGACGGACAGTG_012,126
TCCGAGAGTAGTGATCAGGG_001,7
TCCGAGAGTAGTGATCAGGG_002,156
TTCAATCAAAAGCCTTACCC_001,57
TTCAATCAAAAGCCTTACCC_002,34
ACAGCAATCAGGTCAAGCAG_001,124
ACAGCAATCAGGTCAAGCAG_002,88
ACAGCAATCAGGTCAAGCAG_003,116
ACAGCAATCAGGTCAAGCAG_004,169
ACAGCAATCAGGTCAAGCAG_005,120
ACAGCAATCAGGTCAAGCAG_006,116
ACAGCAATCAGGTCAAGCAG_007,2
ACAGCAATCAGGTCAAGCAG_008,121
ACAGCAATCAGGTCAAGCAG_009,15
ACAGCAATCAGGTCAAGCAG_010,9
ACAGCAATCAGGTCAAGCAG_011,177
ACAGCAATCAGGTCAAGCAG_012,133
CGAATAAGGTTGCGTCCGAT_001,77
CGAATAAGGTTGCGTCCGAT_002,160
CGAATAAGGTTGCGTCCGAT_003,27
CGAATAAGGTTGCGTCCGAT_004,185
CGAATAAGGTTGCGTCCGAT_005,98
CGAATAAGGTTGCGTCCGAT_006,50
CGAATAAGGTTGCGTCCGAT_007,9
CGAATAAGGTTGCGTCCGAT_008,0
CGAATAAGGTTGCGTCCGAT_009,138
CGAATAAGGTTGCGTCCGAT_010,94
CGAATAAGGTTGCGTCCGAT_011,198
CGAATAAGGTTGCGTCCGAT_012,159
CGAATAAGGTTGCGTCCGAT_013,68
CGAATAAGGTTGCGTCCGAT_014,169
CGAATAAGGTTGCGTCCGAT_015,5
CGAATAAGGTTGCGTCCGAT_016,14
CGAATAAGGTTGCGTCCGAT_017,148
CGAATAAGGTTGCGTCCGAT_018,28
CGAATAAGGTTGCGTCCGAT_019,180
TGGCCTGCCCGCCTTCCTAG_001,53
TGGCCTGCCCGCCTTCCTAG_002,177
TGGCCTGCCCGCCTTCCTAG_003,55
TGGCCTGCCCGCCTTCCTAG_004,69
TGGCCTGCCCGCCTTCCTAG_005,119
TGGCCTGCCCGCCTTCCTAG_006,23
TGGCCTGCCCGCCTTCCTAG_007,29
TGGCCTGCCCGCCTTCCTAG_008,94
TGGCCTGCCCGCCTTCCTAG_009,1
TGGCCTGCCCGCCTTCCTAG_010,85
TGGCCTGCCCGCCTTCCTAG_011,1
TGGCCTGCCCGCCTTCCTAG_012,145
TGGCCTGCCCGCCTTCCTAG_013,190
TGGCCTGCCCGCCTTCCTAG_014,155
TGGCCTGCCCGCCTTCCTAG_015,87
TGGCCTGCCCGCCTTCCTAG_016,1
TGGCCTGCCCGCCTTCCTAG_017,12
TGGCCTGCCCGCCTTCCTAG_018,121
TGGCCTGCCCGCCTTCCTAG_019,99
TGGCCTGCCCGCCTTCCTAG_020,150
TGGCCTGCCCGCCTTCCTAG_021,68
TGGCCTGCCCGCCTTCCTAG_022,178
TGGCCTGCCCGCCTTCCTAG_023,90
TGGCCTGCCCGCCTTCCTAG_024,7
TGGCCTGCCCGCCTTCCTAG_025,149
TGGCCTGCCCGCCTTCCTAG_026,86
TGGCCTGCCCGCCTTCCTAG_027,11
ACACAATGTCAGTACTGTCT_001,2
ACACAATGTCAGTACTGTCT_002,28
ACACAATGTCAGTACTGTCT_003,186
ACACAATGTCAGTACTGTCT_004,166
ACACAATGTCAGTACTGTCT_005,35
ACACAATGTCAGTACTGTCT_006,180
ACCAGGCGATGCTTGGCGAA_001,123
ACCAGGCGATGCTTGGCGAA_002,81
ACCAGGCGATGCTTGGCGAA_003,181
ACCAGGCGATGCTTGGCGAA_004,93
ACCAGGCGATGCTTGGCGAA_005,49
ACCAGGCGATGCTTGGCGAA_006,73
CCACCTATGAGGTTCGCATG_001,19
CCACCTATGAGGTTCGCATG_002,191
CCACCTATGAGGTTCGCATG_003,154
CCACCTATGAGGTTCGCATG_004,98
CCACCTATGAGGTTCGCATG_005,27
CCACCTATGAGGTTCGCATG_006,130
CCACCTATGAGGTTCGCATG_007,194
CCACCTATGAGGTTCGCATG_008,33
CCACCTATGAGGTTCGCATG_009,170
CCACCTATGAGGTTCGCATG_010,160
CCACCTATGAGGTTCGCATG_011,66
CCACCTATGAGGTTCGCATG_012,92
CCACCTATGAGGTTCGCATG_013,25
CCACCTATGAGGTTCGCATG_014,155
CCACCTATGAGGTTCGCATG_015,160
CCACCTATGAGGTTCGCATG_016,121
CCACCTATGAGGTTCGCATG_017,127
CCACCTATGAGGTTCGCATG_018,127
CCACCTATGAGGTTCGCATG_019,82
CCACCTATGAGGTTCGCATG_020,79
CGAGTGCTTGAGGTCGGCGG_001,160
CGAGTGCTTGAGGTCGGCGG_002,168
CGAGTGCTTGAGGTCGGCGG_003,42
CGAGTGCTTGAGGTCGGCGG_004,191
CGAGTGCTTGAGGTCGGCGG_005,126
CGGGGCCCGCCTCAACAAGT_001,105
CGGGGCCCGCCTCAACAAGT_002,97
CGGGGCCCGCCTCAACAAGT_003,15
CGGGGCCCGCCTCAACAAGT_004,58
CGGGGCCCGCCTCAACAAGT_005,199
CGGGGCCCGCCTCAACAAGT_006,148
CGGGGCCCGCCTCAACAAGT_007,98
CGGGGCCCGCCTCAACAAGT_008,33
CGGGGCCCGCCTCAACAAGT_009,16
CGGGGCCCGCCTCAACAAGT_010,28
CGGGGCCCGCCTCAACAAGT_011,12
CGGGGCCCGCCTCAACAAGT_012,149
CGGGGCCCGCCTCAACAAGT_013,90
CGGGGCCCGCCTCAACAAGT_014,33
CGGGGCCCGCCTCAACAAGT_015,33
CGGGGCCCGCCTCAACAAGT_016,133
CGGGGCCCGCCTCAACAAGT_017,35
CGGGGCCCGCCTCAACAAGT_018,97
CGGGGCCCGCCTCAACAAGT_019,137
GCATAATGATGTCCCTCACA_001,30
GCATAATGATGTCCCTCACA_002,30
GCATAATGATGTCCCTCACA_003,51
GTGGCGAAAGTCTCCAAGCG_001,33
GTGGCGAAAGTCTCCAAGCG_002,41
CCAGGCACTGGACCGCAATG_001,166
CCAGGCACTGGACCGCAATG_002,158
CCAGGCACTGGACCGCAATG_003,0
CCAGGCACTGGACCGCAATG_004,166
CCAGGCACTGGACCGCAATG_005,182
CCAGGCACTGGACCGCAATG_006,19
CCAGGCACTGGACCGCAATG_007,184
CCAGGCACTGGACCGCAATG_008,41
CCAGGCACTGGACCGCAATG_009,193
CCAGGCACTGGACCGCAATG_010,81
CCAGGCACTGGACCGCAATG_011,9
CCAGGCACTGGACCGCAATG_012,160
CCAGGCACTGGACCGCAATG_013,185
CCAGGCACTGGACCGCAATG_014,6
CCAGGCACTGGACCGCAATG_015,85
CCAGGCACTGGACCGCAATG_016,16
CCAGGCACTGGACCGCAATG_017,55
CCAGGCACTGGACCGCAATG_018,150
CCAGGCACTGGACCGCAATG_019,81
CCAGGCACTGGACCGCAATG_020,33
CCAGGCACTGGACCGCAATG_021,94
CCAGGCACTGGACCGCAATG_022,131
CCAGGCACTGGACCGCAATG_023,37
CCAGGCACTGGACCGCAATG_024,159
CCAGGCACTGGACCGCAATG_025,152
TGCTGCCCTAAATCACAAGA_001,36
TGCTGCCCTAAATCACAAGA_002,27
TGCTGCCCTAAATCACAAGA_003,68
TGCTGCCCTAAATCACAAGA_004,87
TGCTGCCCTAAATCACAAGA_005,15
GCACCGTGCACGTCCCGAAG_001,87
GCACCGTGCACGTCCCGAAG_002,198
GCACCGTGCACGTCCCGAAG_003,19
GAGAGAATGCACTAATCTGA_001,97
GAGAGAATGCACTAATCTGA_002,1
GAGAGAATGCACTAATCTGA_003,5
GAGAGAATGCACTAATCTGA_004,138
GAGAGAATGCACTAATCTGA_005,191
GAGAGAATGCACTAATCTGA_006,174
GAGAGAATGCACTAATCTGA_007,138
GAGAGAATGCACTAATCTGA_008,169
GAGAGAATGCACTAATCTGA_009,63
GAGAGAATGCACTAATCTGA_010,19
TGACGCTTCGCACTGCACGT_001,188
TGACGCTTCGCACTGCACGT_002,36
TGACGCTTCGCACTGCACGT_003,144
TGACGCTTCGCACTGCACGT_004,161
TGACGCTTCGCACTGCACGT_005,181
TGACGCTTCGCACTGCACGT_006,78
TGACGCTTCGCACTGCACGT_007,185
TGACGCTTCGCACTGCACGT_008,81
TGACGCTTCGCACTGCACGT_009,72
TGACGCTTCGCACTGCACGT_010,92
TGACGCTTCGCACTGCACGT_011,85
TGACGCTTCGCACTGCACGT_012,91
TGACGCTTCGCACTGCACGT_013,9
TGACGCTTCGCACTGCACGT_014,8
TGACGCTTCGCACTGCACGT_015,128
TGACGCTTCGCACTGCACGT_016,105
TGACGCTTCGCACTGCACGT_017,146
TGACGCTTCGCACTGCACGT_018,43
TGACGCTTCGCACTGCACGT_019,124
TGACGCTTCGCACTGCACGT_020,50
TGACGCTTCGCACTGCACGT_021,27
TGACGCTTCGCACTGCACGT_022,16
TGACGCTTCGCACTGCACGT_023,2
TGACGCTTCGCACTGCACGT_024,136
TGACGCTTCGCACTGCACGT_025,162
TGACGCTTCGCACTGCACGT_026,124
TGGGCAATGTACAAAGTGAA_001,41
TGGGCAATGTACAAAGTGAA_002,166
TGGGCAATGTACAAAGTGAA_003,56
TGGGCAATGTACAAAGTGAA_004,52
TATCAGCAACATCGACACTT_001,5
TATCAGCAACATCGACACTT_002,121
TATCAGCAACATCGACACTT_003,15
TATCAGCAACATCGACACTT_004,68
TATCAGCAACATCGACACTT_005,38
TATCAGCAACATCGACACTT_006,148
TATCAGCAACATCGACACTT_007,190
TATCAGCAACATCGACACTT_008,108
TATCAGCAACATCGACACTT_009,68
TATCAGCAACATCGACACTT_010,70
TATCAGCAACATCGACACTT_011,126
TATCAGCAACATCGACACTT_012,3
TATCAGCAACATCGACACTT_013,124
CCGCAGAGTCGGCCGCCTCG_001,28
CCGCAGAGTCGGCCGCCTCG_002,33
CCGCAGAGTCGGCCGCCTCG_003,159
CCGCAGAGTCGGCCGCCTCG_004,145
CCGCAGAGTCGGCCGCCTCG_005,151
CCGCAGAGTCGGCCGCCTCG_006,23
CCGCAGAGTCGGCCGCCTCG_007,145
CCGCAGAGTCGGCCGCCTCG_008,184
CCGCAGAGTCGGCCGCCTCG_009,48
CCGCAGAGTCGGCCGCCTCG_010,147
CCGCAGAGTCGGCCGCCTCG_011,153
CCGCAGAGTCGGCCGCCTCG_012,173
CCGCAGAGTCGGCCGCCTCG_013,44
CCGCAGAGTCGGCCGCCTCG_014,170
CCGCAGAGTCGGCCGCCTCG_015,88
CCGCAGAGTCGGCCGCCTCG_016,56
CCGCAGAGTCGGCCGCCTCG_017,23
CCGCAGAGTCGGCCGCCTCG_018,178
CCGCAGAGTCGGCCGCCTCG_019,97
CCGCAGAGTCGGCCGCCTCG_020,127
CCGCAGAGTCGGCCGCCTCG_021,19
CCGCAGAGTCGGCCGCCTCG_022,19
CCGCAGAGTCGGCCGCCTCG_023,124
CCGCAGAGTCGGCCGCCTCG_024,77
CCGCAGAGTCGGCCGCCTCG_025,106
TTGATAGGTCACATCTGTAG_001,50
TTGATAGGTCACATCTGTAG_002,70
TTGATAGGTCACATCTGTAG_003,62
TTGATAGGTCACATCTGTAG_004,105
TTGATAGGTCACATCTGTAG_005,158
TTGATAGGTCACATCTGTAG_006,44
CAACGTGGGAGACTACATCG_001,121
CAACGTGGGAGACTACATCG_002,17
CAACGTGGGAGACTACATCG_003,112
CAACGTGGGAGACTACATCG_004,121
CAACGTGGGAGACTACATCG_005,116
CAACGTGGGAGACTACATCG_006,199
CAACGTGGGAGACTACATCG_007,184
CAACGTGGGAGACTACATCG_008,126
CAACGTGGGAGACTACATCG_009,185
CAACGTGGGAGACTACATCG_010,113
CAACGTGGGAGACTACATCG_011,149
CAACGTGGGAGACTACATCG_012,170
CAACGTGGGAGACTACATCG_013,15
CAACGTGGGAGACTACATCG_014,199
CAACGTGGGAGACTACATCG_015,17
CAACGTGGGAGACTACATCG_016,106
CAAGGAAGTCCTACTACCAG_001,81
CAAGGAAGTCCTACTACCAG_002,9
CAAGGAAGTCCTACTACCAG_003,106
AAGATGAACTGCGATGTGTG_001,167
AAGATGAACTGCGATGTGTG_002,159
AAGATGAACTGCGATGTGTG_003,6
AAGATGAACTGCGATGTGTG_004,6
AAGATGAACTGCGATGTGTG_005,102
AAGATGAACTGCGATGTGTG_006,142
AAGATGAACTGCGATGTGTG_007,146
GACTTGCACTCACCCTCTCG_001,184
GACTTGCACTCACCCTCTCG_002,1
GACTTGCACTCACCCTCTCG_003,115
GACTTGCACTCACCCTCTCG_004,47
GACTTGCACTCACCCTCTCG_005,125
GACTTGCACTCACCCTCTCG_006,191
GACTTGCACTCACCCTCTCG_007,119
GACTTGCACTCACCCTCTCG_008,31
GACTTGCACTCACCCTCTCG_009,156
GACTTGCACTCACCCTCTCG_010,145
GACTTGCACTCACCCTCTCG_011,160
GACTTGCACTCACCCTCTCG_012,198
GACTTGCACTCACCCTCTCG_013,130
GACTTGCACTCACCCTCTCG_014,176
AGACTTGAAGCGAATACCCA_001,133
AGACTTGAAGCGAATACCCA_002,44
AGACTTGAAGCGAATACCCA_003,58
AGACTTGAAGCGAATACCCA_004,41
AGACTTGAAGCGAATACCCA_005,154
AGACTTGAAGCGAATACCCA_006,67
AGACTTGAAGCGAATACCCA_007,50
AGACTTGAAGCGAATACCCA_008,162
AGACTTGAAGCGAATACCCA_009,161
AGACTTGAAGCGAATACCCA_010,10
AGACTTGAAGCGAATACCCA_011,69
ATTTCCGTTCTGACAGACTG_001,176
ATTTCCGTTCTGACAGACTG_002,25
ATTTCCGTTCTGACAGACTG_003,176
ATTTCCGTTCTGACAGACTG_004,40
ATTTCCGTTCTGACAGACTG_005,106
CCATGACTGGATGAGCAGCA_001,22
CCATGACTGGATGAGCAGCA_002,94
CCATGACTGGATGAGCAGCA_003,40
CCATGACTGGATGAGCAGCA_004,125
CCATGACTGGATGAGCAGCA_005,125
CCATGACTGGATGAGCAGCA_006,134
CCATGACTGGATGAGCAGCA_007,148
CCATGACTGGATGAGCAGCA_008,170
ATCCAGTCAAACTATAACAG_001,169
ATCCAGTCAAACTATAACAG_002,70
ATCCAGTCAAACTATAACAG_003,148
ATCCAGTCAAACTATAACAG_004,128
ATCCAGTCAAACTATAACAG_005,44
TGGAGGTAAACTTGTTAGCA_001,128
TGGAGGTAAACTTGTTAGCA_002,168
TGGAGGTAAACTTGTTAGCA_003,9
AGCTTGGCCCGCTTGCGGCG_001,119
AGCTTGGCCCGCTTGCGGCG_002,87
AGCTTGGCCCGCTTGCGGCG_003,125
AGCTTGGCCCGCTTGCGGCG_004,120
AGCTTGGCCCGCTTGCGGCG_005,184
ATCCTCTGATCTGATCATCA_001,47
ATCCTCTGATCTGATCATCA_002,166
ATCCTCTGATCTGATCATCA_003,39
ATCCTCTGATCTGATCATCA_004,147
ATCCTCTGATCTGATCATCA_005,73
ATCCTCTGATCTGATCATCA_006,184
ATCCTCTGATCTGATCATCA_007,15
ATCCTCTGATCTGATCATCA_008,175
ATCCTCTGATCTGATCATCA_009,8
ATCCTCTGATCTGATCATCA_010,2
ATCCTCTGATCTGATCATCA_011,157
ATCCTCTGATCTGATCATCA_012,140
ATCCTCTGATCTGATCATCA_013,86
ATCCTCTGATCTGATCATCA_014,77
ATCCTCTGATCTGATCATCA_015,149
ATCCTCTGATCTGATCATCA_016,62
CGACCGATTTGTCCTCGCAA_001,78
CGACCGATTTGTCCTCGCAA_002,78
CGACCGATTTGTCCTCGCAA_003,146
CGACCGATTTGTCCTCGCAA_004,70
CGACCGATTTGTCCTCGCAA_005,162
CGACCGATTTGTCCTCGCAA_006,112
CGACCGATTTGTCCTCGCAA_007,91
CGACCGATTTGTCCTCGCAA_008,114
CGACCGATTTGTCCTCGCAA_009,114
CGACCGATTTGTCCTCGCAA_010,51
CGACCGATTTGTCCTCGCAA_011,149
CGACCGATTTGTCCTCGCAA_012,38
CGACCGATTTGTCCTCGCAA_013,174
CGACCGATTTGTCCTCGCAA_014,1
CGACCGATTTGTCCTCGCAA_015,158
CGACCGATTTGTCCTCGCAA_016,52
CGACCGATTTGTCCTCGCAA_017,62
CGACCGATTTGTCCTCGCAA_018,19
CGACCGATTTGTCCTCGCAA_019,77
CGACCGATTTGTCCTCGCAA_020,5
CGACCGATTTGTCCTCGCAA_021,6
CTGGGAAACTACCGGGACAT_001,106
CTGGGAAACTACCGGGACAT_002,0
CTGGGAAACTACCGGGACAT_003,169
CTGGGAAACTACCGGGACAT_004,15
CTGGGAAACTACCGGGACAT_005,106
CTGGGAAACTACCGGGACAT_006,55
CTGGGAAACTACCGGGACAT_007,108
CTGGGAAACTACCGGGACAT_008,137
CTGGGAAACTACCGGGACAT_009,121
CTGGGAAACTACCGGGACAT_010,138
CTGGGAAACTACCGGGACAT_011,30
CTGGGAAACTACCGGGACAT_012,174
CTGGGAAACTACCGGGACAT_013,50
CTGGGAAACTACCGGGACAT_014,113
CTGGGAAACTACCGGGACAT_015,105
CTGGGAAACTACCGGGACAT_016,148
CTGGGAAACTACCGGGACAT_017,104
CTGGGAAACTACCGGGACAT_018,68
CTGGGAAACTACCGGGACAT_019,15
CTGGGAAACTACCGGGACAT_020,197
TCGGCAACTACAAGTTAGGT_001,165
TCGGCAACTACAAGTTAGGT_002,159
TCGGCAACTACAAGTTAGGT_003,68
TCGGCAACTACAAGTTAGGT_004,19
TCGGCAACTACAAGTTAGGT_005,170
TCGGCAACTACAAGTTAGGT_006,82
TCGGCAACTACAAGTTAGGT_007,34
TCGGCAACTACAAGTTAGGT_008,157
TCGGCAACTACAAGTTAGGT_009,166
CGACAAGGCTCGCTTCCTCG_001,62
CGACAAGGCTCGCTTCCTCG_002,76
CGACAAGGCTCGCTTCCTCG_003,47
CGACAAGGCTCGCTTCCTCG_004,109
CGACAAGGCTCGCTTCCTCG_005,137
CGACAAGGCTCGCTTCCTCG_006,148
CGACAAGGCTCGCTTCCTCG_007,98
CGACAAGGCTCGCTTCCTCG_008,16
CGACAAGGCTCGCTTCCTCG_009,155
CGACAAGGCTCGCTTCCTCG_010,89
CGACAAGGCTCGCTTCCTCG_011,149
CGACAAGGCTCGCTTCCTCG_012,188
CGACAAGGCTCGCTTCCTCG_013,62
CGACAAGGCTCGCTTCCTCG_014,76
CGACAAGGCTCGCTTCCTCG_015,179
CGACAAGGCTCGCTTCCTCG_016,68
ACTCCTGGAGGGAATTCGAG_001,70
ACTCCTGGAGGGAATTCGAG_002,185
ACTCCTGGAGGGAATTCGAG_003,134
ACTCCTGGAGGGAATTCGAG_004,18
ACTCCTGGAGGGAATTCGAG_005,11
ACTCCTGGAGGGAATTCGAG_006,127
ACTCCTGGAGGGAATTCGAG_007,9
ACTCCTGGAGGGAATTCGAG_008,105
ACTCCTGGAGGGAATTCGAG_009,119
ACTCCTGGAGGGAATTCGAG_010,157
ACTCCTGGAGGGAATTCGAG_011,119
ACTCCTGGAGGGAATTCGAG_012,50
ACTCCTGGAGGGAATTCGAG_013,28
ACTCCTGGAGGGAATTCGAG_014,59
ACTCCTGGAGGGAATTCGAG_015,119
ACTCCTGGAGGGAATTCGAG_016,157
ACTCCTGGAGGGAATTCGAG_017,3
ACTCCTGGAGGGAATTCGAG_018,47
ACTCCTGGAGGGAATTCGAG_019,98
ACTCCTGGAGGGAATTCGAG_020,188
ACTCCTGGAGGGAATTCGAG_021,47
ATGGGGCCTCCCACTAGGCG_001,57
ATGGGGCCTCCCACTAGGCG_002,65
ATGGGGCCTCCCACTAGGCG_003,56
ATGGGGCCTCCCACTAGGCG_004,85
ATGGGGCCTCCCACTAGGCG_005,162
ATGGGGCCTCCCACTAGGCG_006,101
ATGGGGCCTCCCACTAGGCG_007,53
ATGGGGCCTCCCACTAGGCG_008,145
ATGGGGCCTCCCACTAGGCG_009,169
ATGGGGCCTCCCACTAGGCG_010,189
ATGGGGCCTCCCACTAGGCG_011,153
ATGGGGCCTCCCACTAGGCG_012,168
ATGGGGCCTCCCACTAGGCG_013,180
ATGGGGCCTCCCACTAGGCG_014,52
ATGGGGCCTCCCACTAGGCG_015,9
ATGGGGCCTCCCACTAGGCG_016,189
ATGTGGTAGACGAGAAGGCG_001,102
ATGTGGTAGACGAGAAGGCG_002,69
ATGTGGTAGACGAGAAGGCG_003,43
ATGTGGTAGACGAGAAGGCG_004,196
ATGTGGTAGACGAGAAGGCG_005,17
ATGTGGTAGACGAGAAGGCG_006,124
CACTGGATGGGACCTTCCAG_001,152
CACTGGATGGGACCTTCCAG_002,187
CACTGGATGGGACCTTCCAG_003,113
CACTGGATGGGACCTTCCAG_004,4
CACTGGATGGGACCTTCCAG_005,96
CACTGGATGGGACCTTCCAG_006,81
CACTGGATGGGACCTTCCAG_007,123
CACTGGATGGGACCTTCCAG_008,13
CACTGGATGGGACCTTCCAG_009,148
CACTGGATGGGACCTTCCAG_010,13
CACTGGATGGGACCTTCCAG_011,127
CACTGGATGGGACCTTCCAG_012,80
CACTGGATGGGACCTTCCAG_013,170
CACTGGATGGGACCTTCCAG_014,35
CACTGGATGGGACCTTCCAG_015,81
GAATCTCTTATCTCTAAACA_001,107
CAAGAGAGACTGTTGGACTG_001,152
CAAGAGAGACTGTTGGACTG_002,77
CAAGAGAGACTGTTGGACTG_003,1
CAAGAGAGACTGTTGGACTG_004,50
CAAGAGAGACTGTTGGACTG_005,147
CAAGAGAGACTGTTGGACTG_006,153
CAAGAGAGACTGTTGGACTG_007,199
CAAGAGAGACTGTTGGACTG_008,23
CAAGAGAGACTGTTGGACTG_009,43
CAAGAGAGACTGTTGGACTG_010,186
CAAGAGAGACTGTTGGACTG_011,41
CAAGAGAGACTGTTGGACTG_012,169
CAAGAGAGACTGTTGGACTG_013,55
CAAGAGAGACTGTTGGACTG_014,94
CAAGAGAGACTGTTGGACTG_015,15
CAAGAGAGACTGTTGGACTG_016,104
CAAGAGAGACTGTTGGACTG_017,150
CAAGAGAGACTGTTGGACTG_018,181
CAAGAGAGACTGTTGGACTG_019,108
CAAGAGAGACTGTTGGACTG_020,108
CAAGAGAGACTGTTGGACTG_021,178
CAAGAGAGACTGTTGGACTG_022,85
CAAGAGAGACTGTTGGACTG_023,85
CAAGAGAGACTGTTGGACTG_024,169
CAAGAGAGACTGTTGGACTG_025,27
CAAGAGAGACTGTTGGACTG_026,172
AATTCTCTGGTGAAGCATCA_001,103
AATTCTCTGGTGAAGCATCA_002,65
AATTCTCTGGTGAAGCATCA_003,76
AATTCTCTGGTGAAGCATCA_004,113
AATTCTCTGGTGAAGCATCA_005,23
AATTCTCTGGTGAAGCATCA_006,94
AATTCTCTGGTGAAGCATCA_007,41
AATTCTCTGGTGAAGCATCA_008,123
AATTCTCTGGTGAAGCATCA_009,42
AATTCTCTGGTGAAGCATCA_010,26
AATTCTCTGGTGAAGCATCA_011,146
AATTCTCTGGTGAAGCATCA_012,41
AATTCTCTGGTGAAGCATCA_013,117
AATTCTCTGGTGAAGCATCA_014,106
AATTCTCTGGTGAAGCATCA_015,197
AATTCTCTGGTGAAGCATCA_016,89
AATTCTCTGGTGAAGCATCA_017,179
AATTCTCTGGTGAAGCATCA_018,89
AATTCTCTGGTGAAGCATCA_019,117
AGGGATCTCACGGAGCATGA_001,114
AGGGATCTCACGGAGCATGA_002,112
AGGGATCTCACGGAGCATGA_003,35
AGGGATCTCACGGAGCATGA_004,116
AGGGATCTCACGGAGCATGA_005,2
AGGGATCTCACGGAGCATGA_006,29
AGGGATCTCACGGAGCATGA_007,126
AGGGATCTCACGGAGCATGA_008,84
AGGGATCTCACGGAGCATGA_009,174
AGGGATCTCACGGAGCATGA_010,43
AGGGATCTCACGGAGCATGA_011,122
AGGGATCTCACGGAGCATGA_012,35
AGGGATCTCACGGAGCATGA_013,169
AGGGATCTCACGGAGCATGA_014,95
AGGGATCTCACGGAGCATGA_015,169
AGGGATCTCACGGAGCATGA_016,141
AGGGATCTCACGGAGCATGA_017,177
AGGGATCTCACGGAGCATGA_018,78
AGGGATCTCACGGAGCATGA_019,76
AGGGATCTCACGGAGCATGA_020,121
AGGGATCTCACGGAGCATGA_021,115
AGGGATCTCACGGAGCATGA_022,151
AGGGATCTCACGGAGCATGA_023,41
AGGGATCTCACGGAGCATGA_024,176
AGGGATCTCACGGAGCATGA_025,105
AGGGATCTCACGGAGCATGA_026,63
AGGGATCTCACGGAGCATGA_027,94
AGGGATCTCACGGAGCATGA_028,137
AGGGATCTCACGGAGCATGA_029,150
AGGGATCTCACGGAGCATGA_030,180
AGGGATCTCACGGAGCATGA_031,124
AGGGATCTCACGGAGCATGA_032,119
GAAACGGCTAGATATCCAAG_001,93
GAAACGGCTAGATATCCAAG_002,172
GAAACGGCTAGATATCCAAG_003,127
GAAACGGCTAGATATCCAAG_004,135
GAAACGGCTAGATATCCAAG_005,34
GAAACGGCTAGATATCCAAG_006,44
GAAACGGCTAGATATCCAAG_007,193
GAAACGGCTAGATATCCAAG_008,56
GAAACGGCTAGATATCCAAG_009,17
GCCGCTCCGCCACGTCATCG_001,22
GCCGCTCCGCCACGTCATCG_002,127
GCCGCTCCGCCACGTCATCG_003,119
GCCGCTCCGCCACGTCATCG_004,156
GCCGCTCCGCCACGTCATCG_005,76
GCCGCTCCGCCACGTCATCG_006,4
GCCGCTCCGCCACGTCATCG_007,48
GCCGCTCCGCCACGTCATCG_008,17
GCCGCTCCGCCACGTCATCG_009,56
GCCGCTCCGCCACGTCATCG_010,35
GCCGCTCCGCCACGTCATCG_011,105
GCCGCTCCGCCACGTCATCG_012,33
GCCGCTCCGCCACGTCATCG_013,15
GCCGCTCCGCCACGTCATCG_014,129
GCCGCTCCGCCACGTCATCG_015,158
GCCGCTCCGCCACGTCATCG_016,30
GCCGCTCCGCCACGTCATCG_017,110
GCCGCTCCGCCACGTCATCG_018,144
GCCGCTCCGCCACGTCATCG_019,73
GCCGCTCCGCCACGTCATCG_020,37
GCCGCTCCGCCACGTCATCG_021,108
GCCGCTCCGCCACGTCATCG_022,65
GCCGCTCCGCCACGTCATCG_023,48
GCCGCTCCGCCACGTCATCG_024,198
GCCGCTCCGCCACGTCATCG_025,5
GCCGCTCCGCCACGTCATCG_026,115
GCCGCTCCGCCACGTCATCG_027,112
GCCGCTCCGCCACGTCATCG_028,199
GCCGCTCCGCCACGTCATCG_029,162
GCCGCTCCGCCACGTCATCG_030,52
GCCGCTCCGCCACGTCATCG_031,20
GCCGCTCCGCCACGTCATCG_032,47
GCCGCTCCGCCACGTCATCG_033,4
GCCGCTCCGCCACGTCATCG_034,100
GCCGCTCCGCCACGTCATCG_035,41
GCCGCTCCGCCACGTCATCG_036,114
GCCGCTCCGCCACGTCATCG_037,124
GCCGCTCCGCCACGTCATCG_038,124
GCCGCTCCGCCACGTCATCG_039,166
GCCGCTCCGCCACGTCATCG_040,61
GCCGCTCCGCCACGTCATCG_041,63
GCCGCTCCGCCACGTCATCG_042,16
GCCGCTCCGCCACGTCATCG_043,62
GGGGATCGGGTAAAGATACC_001,125
GGGGATCGGGTAAAGATACC_002,15
GGGGATCGGGTAAAGATACC_003,130
GGGGATCGGGTAAAGATACC_004,53
GGGGATCGGGTAAAGATACC_005,190
GGGGATCGGGTAAAGATACC_006,150
GCAGCAAAGTAACCATACAG_001,46
GCAGCAAAGTAACCATACAG_002,94
GCAGCAAAGTAACCATACAG_003,115
GCAGCAAAGTAACCATACAG_004,33
GCAGCAAAGTAACCATACAG_005,68
GCAGCAAAGTAACCATACAG_006,75
GCAGCAAAGTAACCATACAG_007,50
GCAGCAAAGTAACCATACAG_008,68
GCAGCAAAGTAACCATACAG_009,105
GCAGCAAAGTAACCATACAG_010,94
GCAGCAAAGTAACCATACAG_011,37
GCCGTATCCCGAGTAGTCGT_001,191
GCCGTATCCCGAGTAGTCGT_002,27
GCCGTATCCCGAGTAGTCGT_003,12
GCCGTATCCCGAGTAGTCGT_004,30
GCCGTATCCCGAGTAGTCGT_005,195
GCCGTATCCCGAGTAGTCGT_006,130
TCAGCTAGGCCCACGATACG_001,48
TCAGCTAGGCCCACGATACG_002,169
TCAGCTAGGCCCACGATACG_003,145
TCAGCTAGGCCCACGATACG_004,17
TCAGCTAGGCCCACGATACG_005,60
TCAGCTAGGCCCACGATACG_006,13
TCAGCTAGGCCCACGATACG_007,136
AAATATTACCATCCCGAAAG_001,166
AAATATTACCATCCCGAAAG_002,44
TTACTGCCACTGGATCCCTC_001,26
TTACTGCCACTGGATCCCTC_002,92
GGTAATGCTGTGCTAGCCAG_001,129
GGTAATGCTGTGCTAGCCAG_002,23
GGTAATGCTGTGCTAGCCAG_003,40
ATGATCTGCGCGTTGATGTG_001,96
ATGATCTGCGCGTTGATGTG_002,20
ATGATCTGCGCGTTGATGTG_003,138
ATGATCTGCGCGTTGATGTG_004,61
ATGATCTGCGCGTTGATGTG_005,169
CTTCGAGGGCTTGGTCAAGG_001,188
CTTCGAGGGCTTGGTCAAGG_002,142
CTTCGAGGGCTTGGTCAAGG_003,40
CTTCGAGGGCTTGGTCAAGG_004,198
CTTCGAGGGCTTGGTCAAGG_005,83
CTTCGAGGGCTTGGTCAAGG_006,146
CTTCGAGGGCTTGGTCAAGG_007,1
CTTCGAGGGCTTGGTCAAGG_008,175
CTTCGAGGGCTTGGTCAAGG_009,161
CTTCGAGGGCTTGGTCAAGG_010,50
CTTCGAGGGCTTGGTCAAGG_011,156
CTTCGAGGGCTTGGTCAAGG_012,23
CAACAAGAGAAGGCACGCAT_001,49
CAACAAGAGAAGGCACGCAT_002,105
CAACAAGAGAAGGCACGCAT_003,199
CAACAAGAGAAGGCACGCAT_004,146
CAACAAGAGAAGGCACGCAT_005,72
CAACAAGAGAAGGCACGCAT_006,62
CAACAAGAGAAGGCACGCAT_007,10
CAACAAGAGAAGGCACGCAT_008,58
CAACAAGAGAAGGCACGCAT_009,15
CAACAAGAGAAGGCACGCAT_010,169
CAACAAGAGAAGGCACGCAT_011,192
CAACAAGAGAAGGCACGCAT_012,78
CAACAAGAGAAGGCACGCAT_013,144
CAACAAGAGAAGGCACGCAT_014,68
CAACAAGAGAAGGCACGCAT_015,134
CAACAAGAGAAGGCACGCAT_016,116
CAACAAGAGAAGGCACGCAT_017,111
CAACAAGAGAAGGCACGCAT_018,43
ACAAAATGCCGTGCGTCAAT_001,63
ACAAAATGCCGTGCGTCAAT_002,126
ACAAAATGCCGTGCGTCAAT_003,96
ACAAAATGCCGTGCGTCAAT_004,168
ACAAAATGCCGTGCGTCAAT_005,170
ACAAAATGCCGTGCGTCAAT_006,42
ACAAAATGCCGTGCGTCAAT_007,70
ACAAAATGCCGTGCGTCAAT_008,146
ACAAAATGCCGTGCGTCAAT_009,23
CTCAAAGCACTGTTCATCTG_001,60
CTCAAAGCACTGTTCATCTG_002,54
CTCAAAGCACTGTTCATCTG_003,98
CTCAAAGCACTGTTCATCTG_004,129
CTCAAAGCACTGTTCATCTG_005,68
CTCAAAGCACTGTTCATCTG_006,8
CTCAAAGCACTGTTCATCTG_007,105
CTCAAAGCACTGTTCATCTG_008,168
CTCAAAGCACTGTTCATCTG_009,64
CTCAAAGCACTGTTCATCTG_010,36
GAACTAGCGTCCACACACCC_001,12
GAACTAGCGTCCACACACCC_002,71
GAACTAGCGTCCACACACCC_003,57
GTAACCAGCATGTCAATAAG_001,182
GTAACCAGCATGTCAATAAG_002,35
CAGGTTCCCCACGATCATTG_001,127
CAGGTTCCCCACGATCATTG_002,157
CAGGTTCCCCACGATCATTG_003,60
CAGGTTCCCCACGATCATTG_004,83
CAGGTTCCCCACGATCATTG_005,115
TGATGACGGAGTTAGTCCGG_001,141
TGATGACGGAGTTAGTCCGG_002,166
GCCTCCCCCGTAGCTCAGGG_001,39
GCCTCCCCCGTAGCTCAGGG_002,122
GCCTCCCCCGTAGCTCAGGG_003,104
GCCTCCCCCGTAGCTCAGGG_004,159
GCCTCCCCCGTAGCTCAGGG_005,182
GCCTCCCCCGTAGCTCAGGG_006,8
GCCTCCCCCGTAGCTCAGGG_007,101
GCCTCCCCCGTAGCTCAGGG_008,26
GCCTCCCCCGTAGCTCAGGG_009,96
GCCTCCCCCGTAGCTCAGGG_010,38
GCCTCCCCCGTAGCTCAGGG_011,199
GCCTCCCCCGTAGCTCAGGG_012,2
GCCTCCCCCGTAGCTCAGGG_013,118
GCCTCCCCCGTAGCTCAGGG_014,90
GCCTCCCCCGTAGCTCAGGG_015,28
GCCTCCCCCGTAGCTCAGGG_016,135
GCCTCCCCCGTAGCTCAGGG_017,188
GTCTTGCAGTCAACCAAACC_001,174
GTCTTGCAGTCAACCAAACC_002,72
GTCTTGCAGTCAACCAAACC_003,65
GTCTTGCAGTCAACCAAACC_004,62
GAGTGCATTGTCTACCAATG_001,111
GAGTGCATTGTCTACCAATG_002,180
GAGTGCATTGTCTACCAATG_003,28
GGTGTGCTTAGGGCACACGC_001,117
GGTGTGCTTAGGGCACACGC_002,144
GGTGTGCTTAGGGCACACGC_003,116
CCGCAGGACCTCATCCAGTG_001,28
CCGCAGGACCTCATCCAGTG_002,82
CCGCAGGACCTCATCCAGTG_003,3
CCGCAGGACCTCATCCAGTG_004,106
CCGCAGGACCTCATCCAGTG_005,98
CCGCAGGACCTCATCCAGTG_006,166
CCGCAGGACCTCATCCAGTG_007,70
CCGCAGGACCTCATCCAGTG_008,117
CCGCAGGACCTCATCCAGTG_009,168
CCGCAGGACCTCATCCAGTG_010,140
CCGCAGGACCTCATCCAGTG_011,178
CCGCAGGACCTCATCCAGTG_012,187
CCGCAGGACCTCATCCAGTG_013,94
GAGAATCACGACCCGACCCA_001,121
GAGAATCACGACCCGACCCA_002,58
GAGAATCACGACCCGACCCA_003,62
GAGAATCACGACCCGACCCA_004,150
GAGAATCACGACCCGACCCA_005,149
GAGAATCACGACCCGACCCA_006,157
GAGAATCACGACCCGACCCA_007,184
GAGAATCACGACCCGACCCA_008,50
GAGAATCACGACCCGACCCA_009,145
GAGAATCACGACCCGACCCA_010,76
GAGAATCACGACCCGACCCA_011,78
GAGAATCACGACCCGACCCA_012,169
GAGAATCACGACCCGACCCA_013,151
GAGAATCACGACCCGACCCA_014,20
GAGAATCACGACCCGACCCA_015,94
GAGAATCACGACCCGACCCA_016,87
GAGAATCACGACCCGACCCA_017,87
GAGAATCACGACCCGACCCA_018,69
GAGAATCACGACCCGACCCA_019,181
GGTCTTGATATCAACAAGAC_001,88
GGTCTTGATATCAACAAGAC_002,26
GGTCTTGATATCAACAAGAC_003,193
TGTTTGCTGTGATGGCCAAG_001,186
TGTTTGCTGTGATGGCCAAG_002,55
TGTTTGCTGTGATGGCCAAG_003,186
TGTTTGCTGTGATGGCCAAG_004,186
TGTTTGCTGTGATGGCCAAG_005,9
TGTTTGCTGTGATGGCCAAG_006,88
TGTTTGCTGTGATGGCCAAG_007,169
TGTTTGCTGTGATGGCCAAG_008,60
TGTTTGCTGTGATGGCCAAG_009,38
TGTTTGCTGTGATGGCCAAG_010,18
TGTTTGCTGTGATGGCCAAG_011,62
TGTTTGCTGTGATGGCCAAG_012,147
TGTTTGCTGTGATGGCCAAG_013,79
TGTTTGCTGTGATGGCCAAG_014,121
TGTTTGCTGTGATGGCCAAG_015,75
TGTTTGCTGTGATGGCCAAG_016,126
GAACATCATGTGTTTCTGCA_001,122
GAACATCATGTGTTTCTGCA_002,103
GAACATCATGTGTTTCTGCA_003,154
TGTTGAAAAAGCATGGGTAA_001,6
TGTTGAAAAAGCATGGGTAA_002,173
AAGTGTAGTGCCATCGACAC_001,98
AGATGCCGAGCCCCACCAAA_001,63
AGATGCCGAGCCCCACCAAA_002,77
AGATGCCGAGCCCCACCAAA_003,35
AGATGCCGAGCCCCACCAAA_004,150
AGATGCCGAGCCCCACCAAA_005,101
AGATGCCGAGCCCCACCAAA_006,115
AGATGCCGAGCCCCACCAAA_007,16
AGATGCCGAGCCCCACCAAA_008,153
AGATGCCGAGCCCCACCAAA_009,89
AGGAGCTGGGATCACCATCG_001,162
AGGAGCTGGGATCACCATCG_002,78
AGGAGCTGGGATCACCATCG_003,142
AGGAGCTGGGATCACCATCG_004,35
CTTACTTTGATACGTCGAGT_001,184
CTTACTTTGATACGTCGAGT_002,76
CATTACGGTCTCCCCCATGG_001,91
GCCGGCGGCCAGTATTACAC_001,137
GCCGGCGGCCAGTATTACAC_002,58
GCCGGCGGCCAGTATTACAC_003,48
GCCGGCGGCCAGTATTACAC_004,60
GCCGGCGGCCAGTATTACAC_005,33
GGACCCTCTGGCCAGCACAA_001,95
GGACCCTCTGGCCAGCACAA_002,95
GGACCCTCTGGCCAGCACAA_003,51
GGACCCTCTGGCCAGCACAA_004,105
GGACCCTCTGGCCAGCACAA_005,124
GGACCCTCTGGCCAGCACAA_006,62
GGACCCTCTGGCCAGCACAA_007,73
GGACCCTCTGGCCAGCACAA_008,51
GGACCCTCTGGCCAGCACAA_009,148
GGACCCTCTGGCCAGCACAA_010,137
GGACCCTCTGGCCAGCACAA_011,169
GGACCCTCTGGCCAGCACAA_012,94
GGACCCTCTGGCCAGCACAA_013,48
GGACCCTCTGGCCAGCACAA_014,121
GGACCCTCTGGCCAGCACAA_015,130
GGACCCTCTGGCCAGCACAA_016,104
GGACCCTCTGGCCAGCACAA_017,62
GGACCCTCTGGCCAGCACAA_018,15
GGACCCTCTGGCCAGCACAA_019,10
GGACCCTCTGGCCAGCACAA_020,127
GGACCCTCTGGCCAGCACAA_021,107
GGACCCTCTGGCCAGCACAA_022,156
GGACCCTCTGGCCAGCACAA_023,102
GGACCCTCTGGCCAGCACAA_024,152
GGACCCTCTGGCCAGCACAA_025,29
GGACCCTCTGGCCAGCACAA_026,52
AGTCACACGGACGCACACTT_001,55
AGTCACACGGACGCACACTT_002,69
AGTCACACGGACGCACACTT_003,81
AGTCACACGGACGCACACTT_004,115
AGTCACACGGACGCACACTT_005,78
AGTCACACGGACGCACACTT_006,89
AGTCACACGGACGCACACTT_007,135
AGTCACACGGACGCACACTT_008,84
AGTCACACGGACGCACACTT_009,49
AGTCACACGGACGCACACTT_010,160
AGTCACACGGACGCACACTT_011,164
ATTGATAGCGGCTCAACGTG_001,172
ATTGATAGCGGCTCAACGTG_002,150
ATTGATAGCGGCTCAACGTG_003,137
ATTGATAGCGGCTCAACGTG_004,15
ATTGATAGCGGCTCAACGTG_005,84
ATTGATAGCGGCTCAACGTG_006,149
ATTGATAGCGGCTCAACGTG_007,153
GAATGCGCCCTAAATCACTG_001,115
GAATGCGCCCTAAATCACTG_002,63
GAATGCGCCCTAAATCACTG_003,63
GAATGCGCCCTAAATCACTG_004,139
GAATGCGCCCTAAATCACTG_005,176
GAATGCGCCCTAAATCACTG_006,32
GAATGCGCCCTAAATCACTG_007,139
GAATGCGCCCTAAATCACTG_008,194
GAATGCGCCCTAAATCACTG_009,31
GAATGCGCCCTAAATCACTG_010,118
GAATGCGCCCTAAATCACTG_011,34
GAATGCGCCCTAAATCACTG_012,63
GAATGCGCCCTAAATCACTG_013,172
GAATGCGCCCTAAATCACTG_014,162
GAATGCGCCCTAAATCACTG_015,99
GAATGCGCCCTAAATCACTG_016,77
GAATGCGCCCTAAATCACTG_017,90
GAATGCGCCCTAAATCACTG_018,124
GAATGCGCCCTAAATCACTG_019,180
GAATGCGCCCTAAATCACTG_020,117
GAATGCGCCCTAAATCACTG_021,152
AGAACACGGAGAGTGAGGGT_001,81
AGAACACGGAGAGTGAGGGT_002,155
AGAACACGGAGAGTGAGGGT_003,181
AGAACACGGAGAGTGAGGGT_004,62
GACGACGTGGTGACCAACGT_001,49
GACGACGTGGTGACCAACGT_002,58
GGGTCCGTGCTGTCCCATGG_001,113
GGGTCCGTGCTGTCCCATGG_002,78
GGGTCCGTGCTGTCCCATGG_003,114
GGGTCCGTGCTGTCCCATGG_004,11
GGGTCCGTGCTGTCCCATGG_005,158
GGGTCCGTGCTGTCCCATGG_006,96
GGGTCCGTGCTGTCCCATGG_007,163
GGGTCCGTGCTGTCCCATGG_008,184
AGAATGAGTGGACTCAGACC_001,170
AGAATGAGTGGACTCAGACC_002,70
AGAATGAGTGGACTCAGACC_003,0
AGAATGAGTGGACTCAGACC_004,42
AGAATGAGTGGACTCAGACC_005,98
AGAATGAGTGGACTCAGACC_006,118
AGAATGAGTGGACTCAGACC_007,61
AGAATGAGTGGACTCAGACC_008,53
AGAATGAGTGGACTCAGACC_009,194
AGAATGAGTGGACTCAGACC_010,50
AGAATGAGTGGACTCAGACC_011,139
AGAATGAGTGGACTCAGACC_012,58
AGAATGAGTGGACTCAGACC_013,2
AGAATGAGTGGACTCAGACC_014,177
GCAGCTGGGGCGGCAGCAAG_001,86
GCAGCTGGGGCGGCAGCAAG_002,18
GCAGCTGGGGCGGCAGCAAG_003,193
GCAGCTGGGGCGGCAGCAAG_004,154
GCAGCTGGGGCGGCAGCAAG_005,60
GCAGCTGGGGCGGCAGCAAG_006,147
GCAGCTGGGGCGGCAGCAAG_007,31
GCAGCTGGGGCGGCAGCAAG_008,5
GCAGCTGGGGCGGCAGCAAG_009,8
GCAGCTGGGGCGGCAGCAAG_010,152
GCAGCTGGGGCGGCAGCAAG_011,116
GCAGCTGGGGCGGCAGCAAG_012,112
GCAGCTGGGGCGGCAGCAAG_013,138
GCAGCTGGGGCGGCAGCAAG_014,49
GCAGCTGGGGCGGCAGCAAG_015,14
CGTCAGACAACCGATCCCGT_001,3
CTCGCCAGCACGTTTCCCGG_001,91
CTCGCCAGCACGTTTCCCGG_002,172
CTCGCCAGCACGTTTCCCGG_003,95
CTCGCCAGCACGTTTCCCGG_004,156
TGCAGCAAAATAACTAGATC_001,48
TGCAGCAAAATAACTAGATC_002,44
TGCAGCAAAATAACTAGATC_003,149
TGCAGCAAAATAACTAGATC_004,105
GAAGGGCCAACTTTGCCTTG_001,168
GAAGGGCCAACTTTGCCTTG_002,191
GAAGGGCCAACTTTGCCTTG_003,152
GAAGGGCCAACTTTGCCTTG_004,159
GAAGGGCCAACTTTGCCTTG_005,44
GAAGGGCCAACTTTGCCTTG_006,199
GAAGGGCCAACTTTGCCTTG_007,58
GAAGGGCCAACTTTGCCTTG_008,150
GAAGGGCCAACTTTGCCTTG_009,70
GAAGGGCCAACTTTGCCTTG_010,184
GAAGGGCCAACTTTGCCTTG_011,99
GAAGGGCCAACTTTGCCTTG_012,158
GAAGGGCCAACTTTGCCTTG_013,90
GAAGGGCCAACTTTGCCTTG_014,28
GAAGGGCCAACTTTGCCTTG_015,80
GAAGGGCCAACTTTGCCTTG_016,11
GAAGGGCCAACTTTGCCTTG_017,105
GAAGGGCCAACTTTGCCTTG_018,184
GAAGGGCCAACTTTGCCTTG_019,168
CCATACCTCCCCTACACCAG_001,64
CCATACCTCCCCTACACCAG_002,76
CCATACCTCCCCTACACCAG_003,156
CCATACCTCCCCTACACCAG_004,94
CCATACCTCCCCTACACCAG_005,17
CCATACCTCCCCTACACCAG_006,17
CCATACCTCCCCTACACCAG_007,83
CCATACCTCCCCTACACCAG_008,65
CCATACCTCCCCTACACCAG_009,48
CCATACCTCCCCTACACCAG_010,149
CCATACCTCCCCTACACCAG_011,107
CCATACCTCCCCTACACCAG_012,61
CCATACCTCCCCTACACCAG_013,160
CCATACCTCCCCTACACCAG_014,188
CCATACCTCCCCTACACCAG_015,137
CCATACCTCCCCTACACCAG_016,69
CCATACCTCCCCTACACCAG_017,91
CCATACCTCCCCTACACCAG_018,23
CCATACCTCCCCTACACCAG_019,15
CCATACCTCCCCTACACCAG_020,182
CCATACCTCCCCTACACCAG_021,12
CCATACCTCCCCTACACCAG_022,121
CCATACCTCCCCTACACCAG_023,193
CTGAGTAACTACTGAATTAG_001,169
CTGAGTAACTACTGAATTAG_002,58
CTGAGTAACTACTGAATTAG_003,148
AGGACATCAAGCATTCCACA_001,59
AGGACATCAAGCATTCCACA_002,92
AGGACATCAAGCATTCCACA_003,197
ATTTGTGACAGGGTGAACGG_001,149
ATTTGTGACAGGGTGAACGG_002,15
ATTTGTGACAGGGTGAACGG_003,59
ATTTGTGACAGGGTGAACGG_004,138
ATTTGTGACAGGGTGAACGG_005,188
ATTTGTGACAGGGTGAACGG_006,182
ATTTGTGACAGGGTGAACGG_007,145
ATTTGTGACAGGGTGAACGG_008,94
ATTTGTGACAGGGTGAACGG_009,137
ATTTGTGACAGGGTGAACGG_010,81
ATTTGTGACAGGGTGAACGG_011,165
ATTTGTGACAGGGTGAACGG_012,156
ATTTGTGACAGGGTGAACGG_013,162
ATTTGTGACAGGGTGAACGG_014,21
ATTTGTGACAGGGTGAACGG_015,73
ATTTGTGACAGGGTGAACGG_016,57
ATTTGTGACAGGGTGAACGG_017,16
ATTTGTGACAGGGTGAACGG_018,89
TGATCGAGGCCTATGGACAT_001,114
TGATCGAGGCCTATGGACAT_002,61
TGATCGAGGCCTATGGACAT_003,195
TGATCGAGGCCTATGGACAT_004,3
TGATCGAGGCCTATGGACAT_005,62
TGATCGAGGCCTATGGACAT_006,44
TGATCGAGGCCTATGGACAT_007,1
TGATCGAGGCCTATGGACAT_008,188
TGATCGAGGCCTATGGACAT_009,197
TGATCGAGGCCTATGGACAT_010,176
TGATCGAGGCCTATGGACAT_011,61
TGATCGAGGCCTATGGACAT_012,193
TGATCGAGGCCTATGGACAT_013,148
TGATCGAGGCCTATGGACAT_014,144
TGATCGAGGCCTATGGACAT_015,74
ATACCATGCTTGGTGCATGG_001,162
ATACCATGCTTGGTGCATGG_002,21
TCAGGTAGTTTCCCGACGGG_001,114
TCAGGTAGTTTCCCGACGGG_002,166
TCAGGTAGTTTCCCGACGGG_003,95
TCAGGTAGTTTCCCGACGGG_004,145
TCAGGTAGTTTCCCGACGGG_005,158
TCAGGTAGTTTCCCGACGGG_006,91
TCAGGTAGTTTCCCGACGGG_007,161
TCAGGTAGTTTCCCGACGGG_008,195
TCAGGTAGTTTCCCGACGGG_009,138
TCAGGTAGTTTCCCGACGGG_010,34
GGCACTGAGCCTGTCAATGG_001,37
GGCACTGAGCCTGTCAATGG_002,41
GGCACTGAGCCTGTCAATGG_003,30
GGCACTGAGCCTGTCAATGG_004,122
GGCACTGAGCCTGTCAATGG_005,24
GGCACTGAGCCTGTCAATGG_006,102
CTGGATTCTGGTACATACGA_001,130
CTGGATTCTGGTACATACGA_002,117
GTAGGTAGCGAAGAGGATGC_001,45
GGGGAATTTCATAGGTGTGG_001,60
AGTGTTGTATAACGACCTGT_001,122
TAACCGGGAATATGAGACAC_001,185
TAACCGGGAATATGAGACAC_002,149
TAACCGGGAATATGAGACAC_003,59
TAGGTGGTTGTCCTGAATGG_001,12
TAGGTGGTTGTCCTGAATGG_002,115
TAGGTGGTTGTCCTGAATGG_003,94
TAGGTGGTTGTCCTGAATGG_004,184
TAGGTGGTTGTCCTGAATGG_005,88
TAGGTGGTTGTCCTGAATGG_006,16
TAGGTGGTTGTCCTGAATGG_007,29
TAGGTGGTTGTCCTGAATGG_008,88
AGGAAAACCCAAACGTTCCT_001,68
AGGAAAACCCAAACGTTCCT_002,67
AGGAAAACCCAAACGTTCCT_003,1
AGGAAAACCCAAACGTTCCT_004,36
AGGAAAACCCAAACGTTCCT_005,144
ACAACCCCAGCACCAACGAG_001,188
ACAACCCCAGCACCAACGAG_002,93
ACAACCCCAGCACCAACGAG_003,188
ACAACCCCAGCACCAACGAG_004,106
ACAACCCCAGCACCAACGAG_005,150
ACAACCCCAGCACCAACGAG_006,18
ACAACCCCAGCACCAACGAG_007,148
ACAACCCCAGCACCAACGAG_008,189
ACAACCCCAGCACCAACGAG_009,89
ACAACCCCAGCACCAACGAG_010,82
ACAACCCCAGCACCAACGAG_011,115
ACAACCCCAGCACCAACGAG_012,61
ACAACCCCAGCACCAACGAG_013,60
ACAACCCCAGCACCAACGAG_014,148
ACAACCCCAGCACCAACGAG_015,155
ACAACCCCAGCACCAACGAG_016,158
ACAACCCCAGCACCAACGAG_017,32
ACAACCCCAGCACCAACGAG_018,90
ACAACCCCAGCACCAACGAG_019,13
ACAACCCCAGCACCAACGAG_020,141
ACAACCCCAGCACCAACGAG_021,83
ACAACCCCAGCACCAACGAG_022,181
ACAACCCCAGCACCAACGAG_023,78
ACAACCCCAGCACCAACGAG_024,74
ACAACCCCAGCACCAACGAG_025,33
ACAACCCCAGCACCAACGAG_026,142
ACAACCCCAGCACCAACGAG_027,89
ACAACCCCAGCACCAACGAG_028,138
ACAACCCCAGCACCAACGAG_029,148
ACAACCCCAGCACCAACGAG_030,55
ACAACCCCAGCACCAACGAG_031,129
ACAACCCCAGCACCAACGAG_032,137
ACAACCCCAGCACCAACGAG_033,132
ACAACCCCAGCACCAACGAG_034,9
GCAATCAAGTTAGCCCAACA_001,25
GCAATCAAGTTAGCCCAACA_002,9
GCAATCAAGTTAGCCCAACA_003,119
GCAATCAAGTTAGCCCAACA_004,48
GCAATCAAGTTAGCCCAACA_005,48
GCAATCAAGTTAGCCCAACA_006,157
GCAATCAAGTTAGCCCAACA_007,55
GCAATCAAGTTAGCCCAACA_008,36
GCAATCAAGTTAGCCCAACA_009,100
AGAAGACCGAGGCGCTTCAA_001,53
AGAAGACCGAGGCGCTTCAA_002,171
AGAAGACCGAGGCGCTTCAA_003,62
AGAAGACCGAGGCGCTTCAA_004,163
AGAAGACCGAGGCGCTTCAA_005,15
AGAAGACCGAGGCGCTTCAA_006,108
AGAAGACCGAGGCGCTTCAA_007,30
AGAAGACCGAGGCGCTTCAA_008,58
AGAAGACCGAGGCGCTTCAA_009,160
AGAAGACCGAGGCGCTTCAA_010,57
AGAAGACCGAGGCGCTTCAA_011,38
AGAAGACCGAGGCGCTTCAA_012,133
AGAAGACCGAGGCGCTTCAA_013,77
AGAAGACCGAGGCGCTTCAA_014,19
AGAAGACCGAGGCGCTTCAA_015,61
AGAAGACCGAGGCGCTTCAA_016,31
AGAAGACCGAGGCGCTTCAA_017,100
AGAAGACCGAGGCGCTTCAA_018,89
AGAAGACCGAGGCGCTTCAA_019,10
AGAAGACCGAGGCGCTTCAA_020,141
AGAAGACCGAGGCGCTTCAA_021,199
AGAAGACCGAGGCGCTTCAA_022,127
AGAAGACCGAGGCGCTTCAA_023,113
AGAAGACCGAGGCGCTTCAA_024,60
AGAAGACCGAGGCGCTTCAA_025,94
AGAAGACCGAGGCGCTTCAA_026,49
AGAAGACCGAGGCGCTTCAA_027,180
AGAAGACCGAGGCGCTTCAA_028,76
AGAAGACCGAGGCGCTTCAA_029,22
ATAGCTTCAGAAACAAACTC_001,160
ATAGCTTCAGAAACAAACTC_002,162
ATAGCTTCAGAAACAAACTC_003,198
ATAGCTTCAGAAACAAACTC_004,68
ATAGCTTCAGAAACAAACTC_005,122
CAGCTGATGAGAAATTCCGT_001,135
CAGCTGATGAGAAATTCCGT_002,9
CAGCTGATGAGAAATTCCGT_003,81
CAGCTGATGAGAAATTCCGT_004,62
ATGGGGTTCTTATAGTTCCG_001,153
GAAGTCTTGAGAATTCCACC_001,1
GAAGTCTTGAGAATTCCACC_002,146
GAAGTCTTGAGAATTCCACC_003,17
GAAGTCTTGAGAATTCCACC_004,156
GAAGTCTTGAGAATTCCACC_005,39
ATAACTCATAGTCTCTGCCA_001,33
ATAACTCATAGTCTCTGCCA_002,171
ATCTCCATCGACCGCTACAT_001,172
ATCTCCATCGACCGCTACAT_002,154
ATCTCCATCGACCGCTACAT_003,48
ATCTCCATCGACCGCTACAT_004,4
AATGATACAAAAGTCAAGAG_001,154
AATGATACAAAAGTCAAGAG_002,33
AATGATACAAAAGTCAAGAG_003,9
AATGATACAAAAGTCAAGAG_004,74
AATGATACAAAAGTCAAGAG_005,147
AATGATACAAAAGTCAAGAG_006,49
AATGATACAAAAGTCAAGAG_007,49
AATGATACAAAAGTCAAGAG_008,157
AATGATACAAAAGTCAAGAG_009,43
AATGATACAAAAGTCAAGAG_010,4
CTGGGAGAGCCTTATCGCCG_001,65
CTGGGAGAGCCTTATCGCCG_002,60
CTGGGAGAGCCTTATCGCCG_003,153
CTGGGAGAGCCTTATCGCCG_004,169
CTGGGAGAGCCTTATCGCCG_005,97
CTGGGAGAGCCTTATCGCCG_006,134
CTGGGAGAGCCTTATCGCCG_007,29
CTGGGAGAGCCTTATCGCCG_008,187
CTGGGAGAGCCTTATCGCCG_009,108
CTGGGAGAGCCTTATCGCCG_010,91
CTGGGAGAGCCTTATCGCCG_011,135
CTGGGAGAGCCTTATCGCCG_012,104
CTGGGAGAGCCTTATCGCCG_013,113
CTGGGAGAGCCTTATCGCCG_014,62
CTGGGAGAGCCTTATCGCCG_015,140
CTGGGAGAGCCTTATCGCCG_016,176
CTGGGAGAGCCTTATCGCCG_017,148
CTGGGAGAGCCTTATCGCCG_018,46
CTGGGAGAGCCTTATCGCCG_019,75
CTGGGAGAGCCTTATCGCCG_020,93
CTGGGAGAGCCTTATCGCCG_021,10
CTGGGAGAGCCTTATCGCCG_022,37
CTGGGAGAGCCTTATCGCCG_023,160
TATGTGTGAATTACGTTGTG_001,82
TATGTGTGAATTACGTTGTG_002,175
TATGTGTGAATTACGTTGTG_003,81
TATGTGTGAATTACGTTGTG_004,94
TATGTGTGAATTACGTTGTG_005,107
TATGTGTGAATTACGTTGTG_006,140
GGGCTCTTGGACAATTCCGG_001,88
GGGCTCTTGGACAATTCCGG_002,169
GGGCTCTTGGACAATTCCGG_003,146
GGGCTCTTGGACAATTCCGG_004,146
GGGCTCTTGGACAATTCCGG_005,53
GGGCTCTTGGACAATTCCGG_006,150
GGGCTCTTGGACAATTCCGG_007,52
GGGCTCTTGGACAATTCCGG_008,152
TCCACCAGAGACATTCACCT_001,113
TCCACCAGAGACATTCACCT_002,188
TCCACCAGAGACATTCACCT_003,154
TCCACCAGAGACATTCACCT_004,69
TCCACCAGAGACATTCACCT_005,105
TCCACCAGAGACATTCACCT_006,168
TCCACCAGAGACATTCACCT_007,187
TCCACCAGAGACATTCACCT_008,82
TCCACCAGAGACATTCACCT_009,199
TCCACCAGAGACATTCACCT_010,76
TCCACCAGAGACATTCACCT_011,23
TCCACCAGAGACATTCACCT_012,41
TCCACCAGAGACATTCACCT_013,14
TCCACCAGAGACATTCACCT_014,63
TCCACCAGAGACATTCACCT_015,46
TCCACCAGAGACATTCACCT_016,127
TCCACCAGAGACATTCACCT_017,119
GCACATACCACCAGTTCCGA_001,67
GCACATACCACCAGTTCCGA_002,161
GCACATACCACCAGTTCCGA_003,92
GCACATACCACCAGTTCCGA_004,158
GCACATACCACCAGTTCCGA_005,94
GCACATACCACCAGTTCCGA_006,52
GCACATACCACCAGTTCCGA_007,133
GCACATACCACCAGTTCCGA_008,37
GGTCCGAGAATGCCCCCCCG_001,171
GGTCCGAGAATGCCCCCCCG_002,88
GGTCCGAGAATGCCCCCCCG_003,145
GGTCCGAGAATGCCCCCCCG_004,15
GGTCCGAGAATGCCCCCCCG_005,172
GGTCCGAGAATGCCCCCCCG_006,70
GGTCCGAGAATGCCCCCCCG_007,47
GGTCCGAGAATGCCCCCCCG_008,105
GGTCCGAGAATGCCCCCCCG_009,145
GGTCCGAGAATGCCCCCCCG_010,12
GGTCCGAGAATGCCCCCCCG_011,25
GGTCCGAGAATGCCCCCCCG_012,76
GGTCCGAGAATGCCCCCCCG_013,49
GGTCCGAGAATGCCCCCCCG_014,60
GGTCCGAGAATGCCCCCCCG_015,198
GGTCCGAGAATGCCCCCCCG_016,198
GGTCCGAGAATGCCCCCCCG_017,105
GGTCCGAGAATGCCCCCCCG_018,118
GGTCCGAGAATGCCCCCCCG_019,172
GGTCCGAGAATGCCCCCCCG_020,198
GGTCCGAGAATGCCCCCCCG_021,171
GGTCCGAGAATGCCCCCCCG_022,118
GGTCCGAGAATGCCCCCCCG_023,15
GGTCCGAGAATGCCCCCCCG_024,19
GGTCCGAGAATGCCCCCCCG_025,164
GGTCCGAGAATGCCCCCCCG_026,164
TAGTGTCCGCTACTGTATCA_001,110
TAGTGTCCGCTACTGTATCA_002,6
TAGTGTCCGCTACTGTATCA_003,6
TAGTGTCCGCTACTGTATCA_004,168
TGAGCCGGATCTCAGTAACC_001,194
TGAGCCGGATCTCAGTAACC_002,159
TATAATCAGGTAGCCTAGGG_001,105
TATAATCAGGTAGCCTAGGG_002,7
AGTCATTGTGGTTACAACCA_001,146
AGTCATTGTGGTTACAACCA_002,199
AGTCATTGTGGTTACAACCA_003,136
AGTCATTGTGGTTACAACCA_004,172
AGTCATTGTGGTTACAACCA_005,176
AGTCATTGTGGTTACAACCA_006,36
AGTCATTGTGGTTACAACCA_007,80
AGTCATTGTGGTTACAACCA_008,40
AGTCATTGTGGTTACAACCA_009,169
AGTCATTGTGGTTACAACCA_010,62
ACATCTGTGCGAGTTCATCG_001,199
ACATCTGTGCGAGTTCATCG_002,65
ACATCTGTGCGAGTTCATCG_003,177
ACATCTGTGCGAGTTCATCG_004,113
ACATCTGTGCGAGTTCATCG_005,194
ACATCTGTGCGAGTTCATCG_006,30
ACATCTGTGCGAGTTCATCG_007,115
ACATCTGTGCGAGTTCATCG_008,106
TGCCTGGCTCCAGATCCACG_001,172
TGCCTGGCTCCAGATCCACG_002,183
TGCCTGGCTCCAGATCCACG_003,183
TGCCTGGCTCCAGATCCACG_004,190
TGCCTGGCTCCAGATCCACG_005,194
TGCCTGGCTCCAGATCCACG_006,13
TGCCTGGCTCCAGATCCACG_007,120
TGCCTGGCTCCAGATCCACG_008,152
TGCCTGGCTCCAGATCCACG_009,96
TGCCTGGCTCCAGATCCACG_010,44
TGCCTGGCTCCAGATCCACG_011,172
AATGCATGAATGATGCAGGA_001,197
AATGCATGAATGATGCAGGA_002,127
AATGCATGAATGATGCAGGA_003,13
AATGCATGAATGATGCAGGA_004,188
AATGCATGAATGATGCAGGA_005,17
AATGCATGAATGATGCAGGA_006,16
AATGCATGAATGATGCAGGA_007,99
AATGCATGAATGATGCAGGA_008,103
AATGCATGAATGATGCAGGA_009,4
AATGCATGAATGATGCAGGA_010,1
AATGCATGAATGATGCAGGA_011,50
AATGCATGAATGATGCAGGA_012,45
GAACGGCATGCTGATTCGTG_001,166
GAACGGCATGCTGATTCGTG_002,191
GAACGGCATGCTGATTCGTG_003,185
GAACGGCATGCTGATTCGTG_004,11
GAACGGCATGCTGATTCGTG_005,98
GAACGGCATGCTGATTCGTG_006,68
CCACCTCCGGAACCGCATCA_001,2
CCACCTCCGGAACCGCATCA_002,172
CCACCTCCGGAACCGCATCA_003,134
CCACCTCCGGAACCGCATCA_004,47
CCACCTCCGGAACCGCATCA_005,91
CCACCTCCGGAACCGCATCA_006,174
CCACCTCCGGAACCGCATCA_007,165
CCACCTCCGGAACCGCATCA_008,21
CCACCTCCGGAACCGCATCA_009,151
CCACCTCCGGAACCGCATCA_010,39
CCACCTCCGGAACCGCATCA_011,166
CCACCTCCGGAACCGCATCA_012,121
CCACCTCCGGAACCGCATCA_013,77
CCACCTCCGGAACCGCATCA_014,88
CCACCTCCGGAACCGCATCA_015,191
CCACCTCCGGAACCGCATCA_016,83
AGTACGAGGCACTGTATATG_001,119
AGTACGAGGCACTGTATATG_002,102
AGTACGAGGCACTGTATATG_003,130
AGTACGAGGCACTGTATATG_004,102
AGTACGAGGCACTGTATATG_005,160
AGTACGAGGCACTGTATATG_006,198
AGTACGAGGCACTGTATATG_007,3
AGTACGAGGCACTGTATATG_008,2
AGTACGAGGCACTGTATATG_009,197
AGTACGAGGCACTGTATATG_010,188
AGTACGAGGCACTGTATATG_011,193
AGTACGAGGCACTGTATATG_012,132
AGTACGAGGCACTGTATATG_013,115
AGTACGAGGCACTGTATATG_014,149
AGTACGAGGCACTGTATATG_015,103
AGTACGAGGCACTGTATATG_016,127
AGTACGAGGCACTGTATATG_017,127
AGTACGAGGCACTGTATATG_018,24
AGTACGAGGCACTGTATATG_019,57
AGTACGAGGCACTGTATATG_020,112
AGTACGAGGCACTGTATATG_021,3
AGTACGAGGCACTGTATATG_022,98
ATTCATCAACCAACATACAG_001,159
ATTCATCAACCAACATACAG_002,137
ATTCATCAACCAACATACAG_003,160
ATTCATCAACCAACATACAG_004,25
ATTCATCAACCAACATACAG_005,77
ATTCATCAACCAACATACAG_006,133
ATTCATCAACCAACATACAG_007,166
ATTCATCAACCAACATACAG_008,28
ATTCATCAACCAACATACAG_009,2
ATTCATCAACCAACATACAG_010,133
ATTCATCAACCAACATACAG_011,56
ATTCATCAACCAACATACAG_012,158
ATTCATCAACCAACATACAG_013,199
ATTCATCAACCAACATACAG_014,105
GCAGTTGCAGCATTTCATCG_001,163
GCAGTTGCAGCATTTCATCG_002,188
GCAGTTGCAGCATTTCATCG_003,62
GCAGTTGCAGCATTTCATCG_004,2
GCAGTTGCAGCATTTCATCG_005,188
GCAGTTGCAGCATTTCATCG_006,33
GCAGTTGCAGCATTTCATCG_007,24
GCGTCCAGATCTGTACCGAT_001,145
GCGTCCAGATCTGTACCGAT_002,185
GCGTCCAGATCTGTACCGAT_003,160
GCGTCCAGATCTGTACCGAT_004,152
GCGTCCAGATCTGTACCGAT_005,144
GCGTCCAGATCTGTACCGAT_006,7
GCGTCCAGATCTGTACCGAT_007,181
GCGTCCAGATCTGTACCGAT_008,15
GCGTCCAGATCTGTACCGAT_009,118
GCGTCCAGATCTGTACCGAT_010,87
GCGTCCAGATCTGTACCGAT_011,54
GCGTCCAGATCTGTACCGAT_012,14
GCGTCCAGATCTGTACCGAT_013,29
GCGTCCAGATCTGTACCGAT_014,102
GCGTCCAGATCTGTACCGAT_015,65
GCGTCCAGATCTGTACCGAT_016,10
GCGTCCAGATCTGTACCGAT_017,50
GCGTCCAGATCTGTACCGAT_018,182
GCGTCCAGATCTGTACCGAT_019,119
GCGTCCAGATCTGTACCGAT_020,40
GCGTCCAGATCTGTACCGAT_021,121
GCGTCCAGATCTGTACCGAT_022,168
GCGTCCAGATCTGTACCGAT_023,63
CAAGTCTCCTCAATCAATGG_001,105
CAAGTCTCCTCAATCAATGG_002,48
CAAGTCTCCTCAATCAATGG_003,105
CAAGTCTCCTCAATCAATGG_004,27
CAAGTCTCCTCAATCAATGG_005,112
CAAGTCTCCTCAATCAATGG_006,147
CAAGTCTCCTCAATCAATGG_007,32
CAAGTCTCCTCAATCAATGG_008,159
CAAGTCTCCTCAATCAATGG_009,93
CAAGTCTCCTCAATCAATGG_010,94
CAAGTCTCCTCAATCAATGG_011,172
ATAGTCTTCCCTATTCATTG_001,115
ATAGTCTTCCCTATTCATTG_002,169
ATAGTCTTCCCTATTCATTG_003,69
ATAGTCTTCCCTATTCATTG_004,151
ATAGTCTTCCCTATTCATTG_005,198
ATAGTCTTCCCTATTCATTG_006,12
AGTGTGTACTATGTCGTCGA_001,128
GTTTCAGTGAGGACAACACA_001,16
GTTTCAGTGAGGACAACACA_002,42
GTTTCAGTGAGGACAACACA_003,107
GAAAGAAGACAACGACACGC_001,15
GAAAGAAGACAACGACACGC_002,115
GAAAGAAGACAACGACACGC_003,184
GAAAGAAGACAACGACACGC_004,150
GAAAGAAGACAACGACACGC_005,197
GAAAGAAGACAACGACACGC_006,70
GAAAGAAGACAACGACACGC_007,187
GAAAGAAGACAACGACACGC_008,188
GAAAGAAGACAACGACACGC_009,49
GAAAGAAGACAACGACACGC_010,31
GAAAGAAGACAACGACACGC_011,131
GAAAGAAGACAACGACACGC_012,40
GAAAGAAGACAACGACACGC_013,168
GAAAGAAGACAACGACACGC_014,61
GAAAGAAGACAACGACACGC_015,169
GAAAGAAGACAACGACACGC_016,77
GATGATCAAACCCTTCTTGT_001,23
GATGATCAAACCCTTCTTGT_002,82
GATGATCAAACCCTTCTTGT_003,49
GATGATCAAACCCTTCTTGT_004,175
TGCTTGTCACGAAGCAGACA_001,70
TGCTTGTCACGAAGCAGACA_002,77
TGCTTGTCACGAAGCAGACA_003,143
TGCTTGTCACGAAGCAGACA_004,157
TGCTTGTCACGAAGCAGACA_005,96
TGCTTGTCACGAAGCAGACA_006,144
TGCTTGTCACGAAGCAGACA_007,48
TGCTTGTCACGAAGCAGACA_008,156
TGCTTGTCACGAAGCAGACA_009,58
TGCTTGTCACGAAGCAGACA_010,144
TGCTTGTCACGAAGCAGACA_011,26
TGCTTGTCACGAAGCAGACA_012,116
TGCTTGTCACGAAGCAGACA_013,186
TGCTTGTCACGAAGCAGACA_014,127
TGCTTGTCACGAAGCAGACA_015,152
TGCTTGTCACGAAGCAGACA_016,147
TGCTTGTCACGAAGCAGACA_017,137
TGCTTGTCACGAAGCAGACA_018,77
TGCTTGTCACGAAGCAGACA_019,98
AAGGGCGGCATGCCCGACAT_001,106
AAGGGCGGCATGCCCGACAT_002,40
AAGGGCGGCATGCCCGACAT_003,69
AAGGGCGGCATGCCCGACAT_004,34
AAGGGCGGCATGCCCGACAT_005,56
AAGGGCGGCATGCCCGACAT_006,12
AAGGGCGGCATGCCCGACAT_007,68
AAGGGCGGCATGCCCGACAT_008,40
AAGGGCGGCATGCCCGACAT_009,118
AAGGGCGGCATGCCCGACAT_010,147
AAGGGCGGCATGCCCGACAT_011,28
AAGGGCGGCATGCCCGACAT_012,151
AAGGGCGGCATGCCCGACAT_013,30
GCCATAGTGGATGTCAAACG_001,7
GCCATAGTGGATGTCAAACG_002,169
GCCATAGTGGATGTCAAACG_003,169
GCCATAGTGGATGTCAAACG_004,56
GCCATAGTGGATGTCAAACG_005,116
GCCATAGTGGATGTCAAACG_006,138
GCCATAGTGGATGTCAAACG_007,34
TTGCAATTACAGGATTGGTG_001,64
TTGCAATTACAGGATTGGTG_002,155
TTGCAATTACAGGATTGGTG_003,159
TTGCAATTACAGGATTGGTG_004,160
TTGCAATTACAGGATTGGTG_005,44
TTGCAATTACAGGATTGGTG_006,80
TTGCAATTACAGGATTGGTG_007,172
TTGCAATTACAGGATTGGTG_008,170
TTGCAATTACAGGATTGGTG_009,19
CTAGCCTGCTCACCGTCAGA_001,153
CTAGCCTGCTCACCGTCAGA_002,68
CTAGCCTGCTCACCGTCAGA_003,95
CTAGCCTGCTCACCGTCAGA_004,179
CTAGCCTGCTCACCGTCAGA_005,163
GAACTGCTCACGCTTCGAGT_001,116
GAACTGCTCACGCTTCGAGT_002,94
GAACTGCTCACGCTTCGAGT_003,5
GAACTGCTCACGCTTCGAGT_004,188
GAACTGCTCACGCTTCGAGT_005,97
GAACTGCTCACGCTTCGAGT_006,55
GAACTGCTCACGCTTCGAGT_007,94
GAACTGCTCACGCTTCGAGT_008,178
GAACTGCTCACGCTTCGAGT_009,127
GAACTGCTCACGCTTCGAGT_010,101
GAACTGCTCACGCTTCGAGT_011,12
AGTTCGATAAGGACCGAGAT_001,48
AGTTCGATAAGGACCGAGAT_002,179
AGTTCGATAAGGACCGAGAT_003,46
AGTTCGATAAGGACCGAGAT_004,174
AGTTCGATAAGGACCGAGAT_005,178
AGTTCGATAAGGACCGAGAT_006,92
AGTTCGATAAGGACCGAGAT_007,50
AGTTCGATAAGGACCGAGAT_008,62
AGTTCGATAAGGACCGAGAT_009,87
AGTTCGATAAGGACCGAGAT_010,87
AGTTCGATAAGGACCGAGAT_011,110
AGTTCGATAAGGACCGAGAT_012,23
AGTTCGATAAGGACCGAGAT_013,124
GCTTCGAAAGAGATTGACGA_001,107
GCTTCGAAAGAGATTGACGA_002,76
GCTTCGAAAGAGATTGACGA_003,50
GCTTCGAAAGAGATTGACGA_004,27
GCTTCGAAAGAGATTGACGA_005,117
GCTTCGAAAGAGATTGACGA_006,150
GCTTCGAAAGAGATTGACGA_007,78
GCTTCGAAAGAGATTGACGA_008,92
GCTTCGAAAGAGATTGACGA_009,98
GCTTCGAAAGAGATTGACGA_010,115
GCTTCGAAAGAGATTGACGA_011,30
GCTTCGAAAGAGATTGACGA_012,168
GCTTCGAAAGAGATTGACGA_013,77
GCTTCGAAAGAGATTGACGA_014,54
GCTTCGAAAGAGATTGACGA_015,116
GCTTCGAAAGAGATTGACGA_016,86
GCTTCGAAAGAGATTGACGA_017,128
GCTTCGAAAGAGATTGACGA_018,12
GCTTCGAAAGAGATTGACGA_019,173
GCTTCGAAAGAGATTGACGA_020,173
GCTTCGAAAGAGATTGACGA_021,57
GCTTCGAAAGAGATTGACGA_022,109
GCTTCGAAAGAGATTGACGA_023,49
GCTTCGAAAGAGATTGACGA_024,48
GGGACCTGAGCCTCACAACT_001,177
GGGACCTGAGCCTCACAACT_002,176
GGGACCTGAGCCTCACAACT_003,137
GGGACCTGAGCCTCACAACT_004,151
GGGACCTGAGCCTCACAACT_005,174
GGGACCTGAGCCTCACAACT_006,65
GGGACCTGAGCCTCACAACT_007,149
GGGACCTGAGCCTCACAACT_008,166
CCGGTGCGAGAAGAAGACCC_001,85
CCGGTGCGAGAAGAAGACCC_002,34
TCCAGCCGGGACAGTCACCA_001,182
TCCAGCCGGGACAGTCACCA_002,183
TCCAGCCGGGACAGTCACCA_003,22
TCCAGCCGGGACAGTCACCA_004,179
TCCAGCCGGGACAGTCACCA_005,115
TCCAGCCGGGACAGTCACCA_006,116
TCCAGCCGGGACAGTCACCA_007,77
TCCAGCCGGGACAGTCACCA_008,21
TCCAGCCGGGACAGTCACCA_009,165
TCCAGCCGGGACAGTCACCA_010,177
TCCAGCCGGGACAGTCACCA_011,58
CGCGTCCCAAAGGCTCCCGG_001,68
CGCGTCCCAAAGGCTCCCGG_002,50
CGCGTCCCAAAGGCTCCCGG_003,115
CGCGTCCCAAAGGCTCCCGG_004,130
CGCGTCCCAAAGGCTCCCGG_005,103
CGCGTCCCAAAGGCTCCCGG_006,29
CGCGTCCCAAAGGCTCCCGG_007,116
CGCGTCCCAAAGGCTCCCGG_008,26
CGCGTCCCAAAGGCTCCCGG_009,92
CGCGTCCCAAAGGCTCCCGG_010,59
CGCGTCCCAAAGGCTCCCGG_011,194
TGAATGTGCCATCGTCACCC_001,98
TGAATGTGCCATCGTCACCC_002,188
TCTTTGTTGCGATGATACAA_001,149
TCTTTGTTGCGATGATACAA_002,95
TCTTTGTTGCGATGATACAA_003,102
TCTTTGTTGCGATGATACAA_004,103
TCTTTGTTGCGATGATACAA_005,47
TCTTTGTTGCGATGATACAA_006,28
TCTTTGTTGCGATGATACAA_007,142
AGGGTGAGAAAACCACGTTG_001,166
AGGGTGAGAAAACCACGTTG_002,8
AGGGTGAGAAAACCACGTTG_003,199
AGGGTGAGAAAACCACGTTG_004,176
AGGGTGAGAAAACCACGTTG_005,188
AGGGTGAGAAAACCACGTTG_006,50
AGGGTGAGAAAACCACGTTG_007,142
AGGGTGAGAAAACCACGTTG_008,142
AGGGTGAGAAAACCACGTTG_009,26
GGTGCAAAATTCAGACAGTG_001,118
GGTGCAAAATTCAGACAGTG_002,111
GGTGCAAAATTCAGACAGTG_003,0
GGTGCAAAATTCAGACAGTG_004,149
GGTGCAAAATTCAGACAGTG_005,129
ATATTGAAATGGAACCAGAG_001,172
ATATTGAAATGGAACCAGAG_002,93
ATATTGAAATGGAACCAGAG_003,56
ATATTGAAATGGAACCAGAG_004,172
ATATTGAAATGGAACCAGAG_005,187
ATATTGAAATGGAACCAGAG_006,24
ATATTGAAATGGAACCAGAG_007,152
ATATTGAAATGGAACCAGAG_008,57
ATATTGAAATGGAACCAGAG_009,31
TAAATGCTAATAATAGCAAG_001,99
GGGGTCCACGCCGTCCAGCG_001,83
GGGGTCCACGCCGTCCAGCG_002,162
GGGGTCCACGCCGTCCAGCG_003,15
GGGGTCCACGCCGTCCAGCG_004,109
GGGGTCCACGCCGTCCAGCG_005,78
GGGGTCCACGCCGTCCAGCG_006,119
GGGGTCCACGCCGTCCAGCG_007,88
GGGGTCCACGCCGTCCAGCG_008,83
GGGGTCCACGCCGTCCAGCG_009,198
GGGGTCCACGCCGTCCAGCG_010,121
GGGGTCCACGCCGTCCAGCG_011,167
GGGGTCCACGCCGTCCAGCG_012,51
GGGGTCCACGCCGTCCAGCG_013,185
GGGGTCCACGCCGTCCAGCG_014,199
GGGGTCCACGCCGTCCAGCG_015,156
GGGGTCCACGCCGTCCAGCG_016,45
GGGGTCCACGCCGTCCAGCG_017,186
GGGGTCCACGCCGTCCAGCG_018,31
GGGGTCCACGCCGTCCAGCG_019,148
GGGGTCCACGCCGTCCAGCG_020,76
GGGGTCCACGCCGTCCAGCG_021,77
GGGGTCCACGCCGTCCAGCG_022,104
GGGGTCCACGCCGTCCAGCG_023,62
GGGGTCCACGCCGTCCAGCG_024,13
GGGGTCCACGCCGTCCAGCG_025,142
GGGGTCCACGCCGTCCAGCG_026,47
GGGGTCCACGCCGTCCAGCG_027,164
GGGGTCCACGCCGTCCAGCG_028,36
GGGGTCCACGCCGTCCAGCG_029,15
ATCTGCACAGACCGAATATG_001,130
ATCTGCACAGACCGAATATG_002,29
ATCTGCACAGACCGAATATG_003,149
ATCTGCACAGACCGAATATG_004,56
CCAGAGGACACTGTACCGAG_001,12
CCAGAGGACACTGTACCGAG_002,113
CCAGAGGACACTGTACCGAG_003,87
CCAGAGGACACTGTACCGAG_004,44
CCAGAGGACACTGTACCGAG_005,81
CCAGAGGACACTGTACCGAG_006,9
CCAGAGGACACTGTACCGAG_007,149
CCAGAGGACACTGTACCGAG_008,78
CCAGAGGACACTGTACCGAG_009,144
CCAGAGGACACTGTACCGAG_010,57
CCAGAGGACACTGTACCGAG_011,115
CCAGAGGACACTGTACCGAG_012,158
CCAGAGGACACTGTACCGAG_013,57
CCAGAGGACACTGTACCGAG_014,79
ATGCTGCAGAGGCATAGGCA_001,96
ATGCTGCAGAGGCATAGGCA_002,41
ATGCTGCAGAGGCATAGGCA_003,43
ATGCTGCAGAGGCATAGGCA_004,52
ATGCTGCAGAGGCATAGGCA_005,123
ATGCTGCAGAGGCATAGGCA_006,118
ATGCTGCAGAGGCATAGGCA_007,49
ATGCTGCAGAGGCATAGGCA_008,12
ATGCTGCAGAGGCATAGGCA_009,199
ATGCTGCAGAGGCATAGGCA_010,141
ATGCTGCAGAGGCATAGGCA_011,197
ATGCTGCAGAGGCATAGGCA_012,146
ATGCTGCAGAGGCATAGGCA_013,78
ATGCTGCAGAGGCATAGGCA_014,168
ATGCTGCAGAGGCATAGGCA_015,81
ATGCTGCAGAGGCATAGGCA_016,114
ATGCTGCAGAGGCATAGGCA_017,169
ATGCTGCAGAGGCATAGGCA_018,48
ATGCTGCAGAGGCATAGGCA_019,106
ATGCTGCAGAGGCATAGGCA_020,0
ATGCTGCAGAGGCATAGGCA_021,72
ATGCTGCAGAGGCATAGGCA_022,72
GGACGCACAGAAACATGATG_001,62
GGACGCACAGAAACATGATG_002,113
GGACGCACAGAAACATGATG_003,161
GGACGCACAGAAACATGATG_004,50
GGACGCACAGAAACATGATG_005,27
GGACGCACAGAAACATGATG_006,185
GGACGCACAGAAACATGATG_007,31
GGACGCACAGAAACATGATG_008,147
GGACGCACAGAAACATGATG_009,32
GGACGCACAGAAACATGATG_010,181
GGACGCACAGAAACATGATG_011,192
GGACGCACAGAAACATGATG_012,169
GGACGCACAGAAACATGATG_013,32
GGACGCACAGAAACATGATG_014,58
GGACGCACAGAAACATGATG_015,9
GGACGCACAGAAACATGATG_016,184
GGACGCACAGAAACATGATG_017,96
GGACGCACAGAAACATGATG_018,40
GGACGCACAGAAACATGATG_019,43
AGACACAACTACGAGCTGGG_001,11
AGACACAACTACGAGCTGGG_002,188
AGACACAACTACGAGCTGGG_003,69
AGACACAACTACGAGCTGGG_004,174
AGACACAACTACGAGCTGGG_005,115
AGACACAACTACGAGCTGGG_006,5
AGACACAACTACGAGCTGGG_007,44
AGACACAACTACGAGCTGGG_008,50
AGACACAACTACGAGCTGGG_009,38
AGACACAACTACGAGCTGGG_010,15
AGACACAACTACGAGCTGGG_011,79
AGACACAACTACGAGCTGGG_012,114
AGACACAACTACGAGCTGGG_013,93
AGACACAACTACGAGCTGGG_014,62
AGACACAACTACGAGCTGGG_015,189
AGACACAACTACGAGCTGGG_016,122
AGACACAACTACGAGCTGGG_017,2
AGACACAACTACGAGCTGGG_018,19
AGACACAACTACGAGCTGGG_019,107
CCTGTCTCGCTTCCAATCAA_001,191
CCTGTCTCGCTTCCAATCAA_002,76
CCTGTCTCGCTTCCAATCAA_003,150
CCTGTCTCGCTTCCAATCAA_004,126
CCTGTCTCGCTTCCAATCAA_005,0
CCTGTCTCGCTTCCAATCAA_006,48
CCTGTCTCGCTTCCAATCAA_007,119
CCTGTCTCGCTTCCAATCAA_008,122
CCTGTCTCGCTTCCAATCAA_009,160
CCTGTCTCGCTTCCAATCAA_010,53
CCTGTCTCGCTTCCAATCAA_011,194
CCTGTCTCGCTTCCAATCAA_012,47
CCTGTCTCGCTTCCAATCAA_013,129
CCTGTCTCGCTTCCAATCAA_014,166
CCTGTCTCGCTTCCAATCAA_015,152
CCTGTCTCGCTTCCAATCAA_016,56
CCTGTCTCGCTTCCAATCAA_017,49
CCTGTCTCGCTTCCAATCAA_018,159
CCTGTCTCGCTTCCAATCAA_019,42
CCTGTCTCGCTTCCAATCAA_020,5
CCTGTCTCGCTTCCAATCAA_021,149
CCTGTCTCGCTTCCAATCAA_022,78
CCTGTCTCGCTTCCAATCAA_023,64
CCTGTCTCGCTTCCAATCAA_024,196
CCTGTCTCGCTTCCAATCAA_025,66
CCTGTCTCGCTTCCAATCAA_026,56
CCTGTCTCGCTTCCAATCAA_027,158
CCTGTCTCGCTTCCAATCAA_028,67
GGGTACTACCAACTCCTGCG_001,188
GGGTACTACCAACTCCTGCG_002,94
GGGTACTACCAACTCCTGCG_003,58
GGGTACTACCAACTCCTGCG_004,98
GGGTACTACCAACTCCTGCG_005,103
TGAGAGTGCTAGAGAGCAGA_001,29
TGAGAGTGCTAGAGAGCAGA_002,172
TGAGAGTGCTAGAGAGCAGA_003,104
AGATGGCTATGGATCAAGCA_001,58
AGATGGCTATGGATCAAGCA_002,103
AGATGGCTATGGATCAAGCA_003,49
GAGCGCATTCGACCCAGACG_001,133
GAGCGCATTCGACCCAGACG_002,52
GAGCGCATTCGACCCAGACG_003,26
GAGCGCATTCGACCCAGACG_004,172
GAGCGCATTCGACCCAGACG_005,72
GAGCGCATTCGACCCAGACG_006,124
GAGCGCATTCGACCCAGACG_007,61
AGACACATGGTAGTGCACAG_001,121
AGACACATGGTAGTGCACAG_002,170
AGACACATGGTAGTGCACAG_003,102
AGACACATGGTAGTGCACAG_004,71
AGACACATGGTAGTGCACAG_005,58
AGACACATGGTAGTGCACAG_006,181
AGACACATGGTAGTGCACAG_007,61
AGACACATGGTAGTGCACAG_008,40
TGAGTATAGGATCAAACCAG_001,45
TGAGTATAGGATCAAACCAG_002,144
TGAGTATAGGATCAAACCAG_003,68
TGAGTATAGGATCAAACCAG_004,31
TGAGTATAGGATCAAACCAG_005,150
TGAGTATAGGATCAAACCAG_006,182
TGAGTATAGGATCAAACCAG_007,31
TGAGTATAGGATCAAACCAG_008,4
TGAGTATAGGATCAAACCAG_009,115
TGAGTATAGGATCAAACCAG_010,113
TGAGTATAGGATCAAACCAG_011,56
AGAACGACAACTTACTCTGG_001,187
AGAACGACAACTTACTCTGG_002,171
AGAACGACAACTTACTCTGG_003,150
AGAACGACAACTTACTCTGG_004,175
AGAACGACAACTTACTCTGG_005,48
AGAACGACAACTTACTCTGG_006,158
AGAACGACAACTTACTCTGG_007,16
CAGCCATTTATGGCGAGGAG_001,105
CAGCCATTTATGGCGAGGAG_002,91
CAGCCATTTATGGCGAGGAG_003,131
CAGCCATTTATGGCGAGGAG_004,176
CAGCCATTTATGGCGAGGAG_005,8
CAGCCATTTATGGCGAGGAG_006,78
CAGCCATTTATGGCGAGGAG_007,3
GCTTCCCTGTGATAAAACAA_001,8
GCTTCCCTGTGATAAAACAA_002,88
GCTTCCCTGTGATAAAACAA_003,138
GCTTCCCTGTGATAAAACAA_004,12
GCTTCCCTGTGATAAAACAA_005,19
GCTTCCCTGTGATAAAACAA_006,57
GGCAGCGCACCATAAGTGCA_001,29
GGCAGCGCACCATAAGTGCA_002,92
GGCAGCGCACCATAAGTGCA_003,156
GGCAGCGCACCATAAGTGCA_004,196
GGCAGCGCACCATAAGTGCA_005,4
GGCAGCGCACCATAAGTGCA_006,19
GGCAGCGCACCATAAGTGCA_007,193
GGCAGCGCACCATAAGTGCA_008,19
GGCAGCGCACCATAAGTGCA_009,104
GGCAGCGCACCATAAGTGCA_010,88
GGCAGCGCACCATAAGTGCA_011,103
GGCAGCGCACCATAAGTGCA_012,81
GGCAGCGCACCATAAGTGCA_013,13
GGCAGCGCACCATAAGTGCA_014,104
GTCCCTGTCGAGAACCAACG_001,78
GTCCCTGTCGAGAACCAACG_002,147
GTCCCTGTCGAGAACCAACG_003,158
GTCCCTGTCGAGAACCAACG_004,48
TCAGTATTCAATAGGTGCCG_001,54
TCAGTATTCAATAGGTGCCG_002,113
TCAGATCTGACTTACGCTGT_001,16
TCAGATCTGACTTACGCTGT_002,150
CCTTGAAGTAGGGTACAGTA_001,145
CCTTGAAGTAGGGTACAGTA_002,1
CCTTGAAGTAGGGTACAGTA_003,198
CCTTGAAGTAGGGTACAGTA_004,4
CCTTGAAGTAGGGTACAGTA_005,70
CCTTGAAGTAGGGTACAGTA_006,56
CCTTGAAGTAGGGTACAGTA_007,115
ATTTAATGGAGACAGCATGC_001,121
ATTTAATGGAGACAGCATGC_002,122
ATTTAATGGAGACAGCATGC_003,61
ATTTAATGGAGACAGCATGC_004,88
AACACCTTATGGTATGACAA_001,149
AACACCTTATGGTATGACAA_002,177
AACACCTTATGGTATGACAA_003,47
AACACCTTATGGTATGACAA_004,80
AACACCTTATGGTATGACAA_005,11
AACACCTTATGGTATGACAA_006,188
AACACCTTATGGTATGACAA_007,187
AACACCTTATGGTATGACAA_008,24
AACACCTTATGGTATGACAA_009,39
AACACCTTATGGTATGACAA_010,50
AACACCTTATGGTATGACAA_011,63
AACACCTTATGGTATGACAA_012,62
TACTGGGCGAGAAACTTCGT_001,166
TACTGGGCGAGAAACTTCGT_002,169
TACTGGGCGAGAAACTTCGT_003,139
TACTGGGCGAGAAACTTCGT_004,172
TACTGGGCGAGAAACTTCGT_005,94
TACTGGGCGAGAAACTTCGT_006,58
TACTGGGCGAGAAACTTCGT_007,42
AGGCCTTACAGGATTAAGCT_001,115
AGGCCTTACAGGATTAAGCT_002,198
AGGCCTTACAGGATTAAGCT_003,78
AGGCCTTACAGGATTAAGCT_004,81
AGGCCTTACAGGATTAAGCT_005,114
AGGCCTTACAGGATTAAGCT_006,175
AGGCCTTACAGGATTAAGCT_007,15
AGGCCTTACAGGATTAAGCT_008,166
AGGCCTTACAGGATTAAGCT_009,184
AGGCCTTACAGGATTAAGCT_010,125
AGGCCTTACAGGATTAAGCT_011,97
AGGCCTTACAGGATTAAGCT_012,63
AGGCCTTACAGGATTAAGCT_013,171
AGGCCTTACAGGATTAAGCT_014,149
AGGCCTTACAGGATTAAGCT_015,175
AGGCCTTACAGGATTAAGCT_016,103
AGGCCTTACAGGATTAAGCT_017,177
AGGCCTTACAGGATTAAGCT_018,127
AGGCCTTACAGGATTAAGCT_019,156
AGGCCTTACAGGATTAAGCT_020,105
AGGCCTTACAGGATTAAGCT_021,194
AGGCCTTACAGGATTAAGCT_022,101
AGGCCTTACAGGATTAAGCT_023,158
AGGCCTTACAGGATTAAGCT_024,160
CCCTGCCCAGAGGACTAACA_001,181
CCCTGCCCAGAGGACTAACA_002,152
CCCTGCCCAGAGGACTAACA_003,152
CCCTGCCCAGAGGACTAACA_004,165
CCCTGCCCAGAGGACTAACA_005,125
CCCTGCCCAGAGGACTAACA_006,75
CCCTGCCCAGAGGACTAACA_007,91
CCCTGCCCAGAGGACTAACA_008,156
CCCTGCCCAGAGGACTAACA_009,45
CCCTGCCCAGAGGACTAACA_010,185
CCCTGCCCAGAGGACTAACA_011,147
CCCTGCCCAGAGGACTAACA_012,102
CCCTGCCCAGAGGACTAACA_013,66
CCCTGCCCAGAGGACTAACA_014,177
CCCTGCCCAGAGGACTAACA_015,197
CCCTGCCCAGAGGACTAACA_016,65
CCCTGCCCAGAGGACTAACA_017,21
CCCTGCCCAGAGGACTAACA_018,171
CCCTGCCCAGAGGACTAACA_019,35
CCCTGCCCAGAGGACTAACA_020,139
CCCTGCCCAGAGGACTAACA_021,124
CCCTGCCCAGAGGACTAACA_022,159
CCCTGCCCAGAGGACTAACA_023,12
TTAAATAGTTACCTCCTCGG_001,2
TTAAATAGTTACCTCCTCGG_002,145
TTAAATAGTTACCTCCTCGG_003,191
TTAAATAGTTACCTCCTCGG_004,58
TTAAATAGTTACCTCCTCGG_005,184
TAGCCTTTAAGTGGACGGCG_001,17
TAGCCTTTAAGTGGACGGCG_002,8
TAGCCTTTAAGTGGACGGCG_003,113
TAGCCTTTAAGTGGACGGCG_004,99
TAGCCTTTAAGTGGACGGCG_005,112
TAGCCTTTAAGTGGACGGCG_006,19
TAGCCTTTAAGTGGACGGCG_007,62
TAGCCTTTAAGTGGACGGCG_008,172
TAGCCTTTAAGTGGACGGCG_009,188
TAGCCTTTAAGTGGACGGCG_010,199
TAGCCTTTAAGTGGACGGCG_011,150
TAGCCTTTAAGTGGACGGCG_012,9
TAGCCTTTAAGTGGACGGCG_013,160
TAGCCTTTAAGTGGACGGCG_014,19
TAGCCTTTAAGTGGACGGCG_015,142
TAGCCTTTAAGTGGACGGCG_016,138
TAGCCTTTAAGTGGACGGCG_017,110
TAGCCTTTAAGTGGACGGCG_018,1
TAGCCTTTAAGTGGACGGCG_019,182
AGAAACGATTAGAATCGGTC_001,46
AGAAACGATTAGAATCGGTC_002,23
TAAAAAGCTCAATACTCATG_001,37
TAAAAAGCTCAATACTCATG_002,9
TAAAAAGCTCAATACTCATG_003,41
TCTCCCCAACACCACGTTGG_001,170
GCTCAGTCGGAAGTTCCGAT_001,171
GCTCAGTCGGAAGTTCCGAT_002,7
GCTCAGTCGGAAGTTCCGAT_003,65
GCTCAGTCGGAAGTTCCGAT_004,158
GCTCAGTCGGAAGTTCCGAT_005,121
GCTCAGTCGGAAGTTCCGAT_006,118
GCTCAGTCGGAAGTTCCGAT_007,192
GCTCAGTCGGAAGTTCCGAT_008,179
GCTCAGTCGGAAGTTCCGAT_009,60
GCTCAGTCGGAAGTTCCGAT_010,169
GCTCAGTCGGAAGTTCCGAT_011,34
CATGGCGACGGTTCTCGTAG_001,185
CATGGCGACGGTTCTCGTAG_002,185
CATGGCGACGGTTCTCGTAG_003,9
CATGGCGACGGTTCTCGTAG_004,177
CATGGCGACGGTTCTCGTAG_005,162
CATGGCGACGGTTCTCGTAG_006,59
AAAAAGCCTGGATAACGGAA_001,160
AAAAAGCCTGGATAACGGAA_002,41
AAAAAGCCTGGATAACGGAA_003,44
AAAAAGCCTGGATAACGGAA_004,148
AAAAAGCCTGGATAACGGAA_005,39
GCACGGTATAGATGCCAAGG_001,78
GCACGGTATAGATGCCAAGG_002,165
GCACGGTATAGATGCCAAGG_003,107
GCACGGTATAGATGCCAAGG_004,178
GCACGGTATAGATGCCAAGG_005,106
GCACGGTATAGATGCCAAGG_006,95
GCACGGTATAGATGCCAAGG_007,83
GCACGGTATAGATGCCAAGG_008,13
GCACGGTATAGATGCCAAGG_009,134
TATGTTACCTACAAAAAACC_001,137
ACTCACCGACACATAGACCG_001,150
ACTCACCGACACATAGACCG_002,95
ACTCACCGACACATAGACCG_003,176
ACTCACCGACACATAGACCG_004,4
ACTCACCGACACATAGACCG_005,94
ACTCACCGACACATAGACCG_006,141
TGGAGCTACCATAAGCGCCG_001,129
TGGAGCTACCATAAGCGCCG_002,58
TGGAGCTACCATAAGCGCCG_003,102
TGGAGCTACCATAAGCGCCG_004,198
TGGAGCTACCATAAGCGCCG_005,42
TGGAGCTACCATAAGCGCCG_006,177
TGGAGCTACCATAAGCGCCG_007,115
TGGAGCTACCATAAGCGCCG_008,98
TGGAGCTACCATAAGCGCCG_009,142
TGGAGCTACCATAAGCGCCG_010,103
TGGAGCTACCATAAGCGCCG_011,94
TGGAGCTACCATAAGCGCCG_012,46
TGGAGCTACCATAAGCGCCG_013,188
TGGAGCTACCATAAGCGCCG_014,9
TGGAGCTACCATAAGCGCCG_015,150
TGGAGCTACCATAAGCGCCG_016,184
TGGAGCTACCATAAGCGCCG_017,166
TGGAGCTACCATAAGCGCCG_018,118
TGGAGCTACCATAAGCGCCG_019,113
TGGAGCTACCATAAGCGCCG_020,130
CCTGTGATGGGAAGAAGCCG_001,78
CCTGTGATGGGAAGAAGCCG_002,94
CCTGTGATGGGAAGAAGCCG_003,190
CCTGTGATGGGAAGAAGCCG_004,19
CCTGTGATGGGAAGAAGCCG_005,60
CCTGTGATGGGAAGAAGCCG_006,152
CCTGTGATGGGAAGAAGCCG_007,162
CCTGTGATGGGAAGAAGCCG_008,38
CCTGTGATGGGAAGAAGCCG_009,132
CCTGTGATGGGAAGAAGCCG_010,126
CCTGTGATGGGAAGAAGCCG_011,106
CCTGTGATGGGAAGAAGCCG_012,6
CCTGTGATGGGAAGAAGCCG_013,176
CCTGTGATGGGAAGAAGCCG_014,84
CCTGTGATGGGAAGAAGCCG_015,192
CCTGTGATGGGAAGAAGCCG_016,76
CCTGTGATGGGAAGAAGCCG_017,131
CCTGTGATGGGAAGAAGCCG_018,87
CCTGTGATGGGAAGAAGCCG_019,148
CCTGTGATGGGAAGAAGCCG_020,96
CCTGTGATGGGAAGAAGCCG_021,124
CCTGTGATGGGAAGAAGCCG_022,106
AGTGCGCCCTGATATGACAG_001,32
AGTGCGCCCTGATATGACAG_002,172
AGTGCGCCCTGATATGACAG_003,136
AGTGCGCCCTGATATGACAG_004,148
AGTGCGCCCTGATATGACAG_005,8
ATTTACAGAAGCTTCAAACG_001,2
AGATGGGCTGCACTCACGTG_001,136
AGATGGGCTGCACTCACGTG_002,142
AGATGGGCTGCACTCACGTG_003,59
AGATGGGCTGCACTCACGTG_004,76
AGATGGGCTGCACTCACGTG_005,132
AGATGGGCTGCACTCACGTG_006,164
CGAGCTGTCGCTGAGACTCG_001,155
CGAGCTGTCGCTGAGACTCG_002,172
CGAGCTGTCGCTGAGACTCG_003,19
CGAGCTGTCGCTGAGACTCG_004,51
CGAGCTGTCGCTGAGACTCG_005,2
CGAGCTGTCGCTGAGACTCG_006,6
CGAGCTGTCGCTGAGACTCG_007,102
CGAGCTGTCGCTGAGACTCG_008,74
CGAGCTGTCGCTGAGACTCG_009,132
CGAGCTGTCGCTGAGACTCG_010,72
CGAGCTGTCGCTGAGACTCG_011,107
CGAGCTGTCGCTGAGACTCG_012,26
CGAGCTGTCGCTGAGACTCG_013,146
CGAGCTGTCGCTGAGACTCG_014,190
CTGATAGGCAAACTCTAATG_001,99
AGGATAAGTTCCTAAGCGAG_001,83
AGGATAAGTTCCTAAGCGAG_002,148
AGGATAAGTTCCTAAGCGAG_003,111
AGGATAAGTTCCTAAGCGAG_004,178
AGGATAAGTTCCTAAGCGAG_005,178
AGGATAAGTTCCTAAGCGAG_006,20
AGAAACAGTACATGTGACAG_001,90
AGAAACAGTACATGTGACAG_002,8
AGAAACAGTACATGTGACAG_003,150
AGAAACAGTACATGTGACAG_004,175
AGAAACAGTACATGTGACAG_005,38
AGAAACAGTACATGTGACAG_006,56
CTGAAGAGACATTGGAGCTA_001,76
CTGAAGAGACATTGGAGCTA_002,1
CTGAAGAGACATTGGAGCTA_003,49
CTGAAGAGACATTGGAGCTA_004,113
CTGAAGAGACATTGGAGCTA_005,199
CTGAAGAGACATTGGAGCTA_006,113
CTGAAGAGACATTGGAGCTA_007,9
ACGAGGCGCACCAGATGTAC_001,41
ACGAGGCGCACCAGATGTAC_002,195
ACGAGGCGCACCAGATGTAC_003,15
ACGAGGCGCACCAGATGTAC_004,102
ACGAGGCGCACCAGATGTAC_005,40
AAAGACGGAGATATTCACCG_001,102
AAAGACGGAGATATTCACCG_002,188
AAAGACGGAGATATTCACCG_003,46
AAAGACGGAGATATTCACCG_004,137
AAAGACGGAGATATTCACCG_005,53
AAAGACGGAGATATTCACCG_006,47
AAAGACGGAGATATTCACCG_007,26
AAAGACGGAGATATTCACCG_008,140
AAAGACGGAGATATTCACCG_009,145
AAAGACGGAGATATTCACCG_010,94
AAAGACGGAGATATTCACCG_011,146
AAAGACGGAGATATTCACCG_012,140
AAAGACGGAGATATTCACCG_013,140
AAAGACGGAGATATTCACCG_014,192
AAAGACGGAGATATTCACCG_015,76
AAAGACGGAGATATTCACCG_016,174
AAAGACGGAGATATTCACCG_017,199
AAAGACGGAGATATTCACCG_018,16
AAAGTACTTCCCCCAGTGGG_001,94
AAAGTACTTCCCCCAGTGGG_002,169
AAAGTACTTCCCCCAGTGGG_003,94
AAAGTACTTCCCCCAGTGGG_004,149
AAAGTACTTCCCCCAGTGGG_005,124
AAAGTACTTCCCCCAGTGGG_006,41
GTGGACTGGTTAGTTGAAGT_001,179
GTGGACTGGTTAGTTGAAGT_002,7
AGAAATTAAGAGCGACAATT_001,23
GAAGACCCTGCGTGACAGTG_001,69
GAAGACCCTGCGTGACAGTG_002,169
GAAGACCCTGCGTGACAGTG_003,146
GAAGACCCTGCGTGACAGTG_004,12
GAAGACCCTGCGTGACAGTG_005,182
GAAGACCCTGCGTGACAGTG_006,122
GAAGACCCTGCGTGACAGTG_007,149
GAAGACCCTGCGTGACAGTG_008,94
GAAGACCCTGCGTGACAGTG_009,134
GAAGACCCTGCGTGACAGTG_010,55
GAAGACCCTGCGTGACAGTG_011,194
GAAGACCCTGCGTGACAGTG_012,150
GAAGACCCTGCGTGACAGTG_013,174
GAAGACCCTGCGTGACAGTG_014,176
CAAACTTACTTAGGATAAGG_001,102
CAAACTTACTTAGGATAAGG_002,88
CAAACTTACTTAGGATAAGG_003,62
CAAACTTACTTAGGATAAGG_004,147
TACGCCCATGAAACGCCCAA_001,34
TACGCCCATGAAACGCCCAA_002,101
TACGCCCATGAAACGCCCAA_003,106
TACGCCCATGAAACGCCCAA_004,2
TACGCCCATGAAACGCCCAA_005,81
TACGCCCATGAAACGCCCAA_006,128
TACGCCCATGAAACGCCCAA_007,83
TACGCCCATGAAACGCCCAA_008,198
TACGCCCATGAAACGCCCAA_009,83
TACGCCCATGAAACGCCCAA_010,120
TACGCCCATGAAACGCCCAA_011,94
TACGCCCATGAAACGCCCAA_012,48
TACGCCCATGAAACGCCCAA_013,37
TACGCCCATGAAACGCCCAA_014,100
TACGCCCATGAAACGCCCAA_015,55
TACGCCCATGAAACGCCCAA_016,158
TACGCCCATGAAACGCCCAA_017,150
TACGCCCATGAAACGCCCAA_018,2
TACGCCCATGAAACGCCCAA_019,102
TACGCCCATGAAACGCCCAA_020,189
TACGCCCATGAAACGCCCAA_021,24
TACGCCCATGAAACGCCCAA_022,82
TACGCCCATGAAACGCCCAA_023,28
TACGCCCATGAAACGCCCAA_024,46
TACGCCCATGAAACGCCCAA_025,137
TACGCCCATGAAACGCCCAA_026,160
GGCAAAGGGGCACTACACGG_001,3
GGCAAAGGGGCACTACACGG_002,169
GGCAAAGGGGCACTACACGG_003,128
GGCAAAGGGGCACTACACGG_004,166
GGCAAAGGGGCACTACACGG_005,30
GGCAAAGGGGCACTACACGG_006,16
GGCAAAGGGGCACTACACGG_007,28
GGCAAAGGGGCACTACACGG_008,67
GGCAAAGGGGCACTACACGG_009,58
TTCTTCTTGTACATCAACAC_001,182
TTCTTCTTGTACATCAACAC_002,70
TTCTTCTTGTACATCAACAC_003,172
TTCTTCTTGTACATCAACAC_004,83
TTCTTCTTGTACATCAACAC_005,134
TTCTTCTTGTACATCAACAC_006,32
TTCTTCTTGTACATCAACAC_007,48
TTCTTCTTGTACATCAACAC_008,162
TTCTTCTTGTACATCAACAC_009,1
TTCTTCTTGTACATCAACAC_010,138
CCCACTAATAACCAAAGATG_001,55
CCCACTAATAACCAAAGATG_002,130
CCCACTAATAACCAAAGATG_003,48
CCCACTAATAACCAAAGATG_004,165
CCCACTAATAACCAAAGATG_005,153
CCCACTAATAACCAAAGATG_006,92
CCCACTAATAACCAAAGATG_007,178
CCCACTAATAACCAAAGATG_008,70
CCCACTAATAACCAAAGATG_009,17
CCCACTAATAACCAAAGATG_010,50
TCATGAATACACAACAAAGG_001,137
TCATGAATACACAACAAAGG_002,197
TCATGAATACACAACAAAGG_003,191
TCATGAATACACAACAAAGG_004,29
ACAAAAGAATCTGTTCATCG_001,147
ACCATCAACAGCTCACACGT_001,93
ACCATCAACAGCTCACACGT_002,71
ACCATCAACAGCTCACACGT_003,5
ACCATCAACAGCTCACACGT_004,177
ACCATCAACAGCTCACACGT_005,133
ACCATCAACAGCTCACACGT_006,13
ACCATCAACAGCTCACACGT_007,141
ACCATCAACAGCTCACACGT_008,127
ACCATCAACAGCTCACACGT_009,139
CTGGTGTGCAACACGCTCAG_001,17
CTGGTGTGCAACACGCTCAG_002,144
CTGGTGTGCAACACGCTCAG_003,168
CTGGTGTGCAACACGCTCAG_004,133
CTGGTGTGCAACACGCTCAG_005,92
CTGGTGTGCAACACGCTCAG_006,85
CTGGTGTGCAACACGCTCAG_007,110
CTGGTGTGCAACACGCTCAG_008,149
CTGGTGTGCAACACGCTCAG_009,119
CTGGTGTGCAACACGCTCAG_010,94
CTGGTGTGCAACACGCTCAG_011,0
CTGGTGTGCAACACGCTCAG_012,34
CTGGTGTGCAACACGCTCAG_013,63
CTGGTGTGCAACACGCTCAG_014,142
CTGGTGTGCAACACGCTCAG_015,142
CTGGTGTGCAACACGCTCAG_016,97
CTGGTGTGCAACACGCTCAG_017,9
CTGGTGTGCAACACGCTCAG_018,49
CTGGTGTGCAACACGCTCAG_019,168
CTGGTGTGCAACACGCTCAG_020,50
CTGGTGTGCAACACGCTCAG_021,192
CTGGTGTGCAACACGCTCAG_022,192
GCAACTCACTACCTTGCAGA_001,9
GCAACTCACTACCTTGCAGA_002,96
GCAACTCACTACCTTGCAGA_003,169
CAAGGGAGAAGCTGGACCCA_001,62
CAAGGGAGAAGCTGGACCCA_002,56
CAAGGGAGAAGCTGGACCCA_003,77
CAAGGGAGAAGCTGGACCCA_004,75
CAAGGGAGAAGCTGGACCCA_005,189
CAAGGGAGAAGCTGGACCCA_006,8
CAAGGGAGAAGCTGGACCCA_007,8
CAAGGGAGAAGCTGGACCCA_008,174
CAAGGGAGAAGCTGGACCCA_009,158
CAAGGGAGAAGCTGGACCCA_010,150
CAAGGGAGAAGCTGGACCCA_011,136
CTTCTATGAAATGTCCCTAC_001,35
CTTCTATGAAATGTCCCTAC_002,29
CTTCTATGAAATGTCCCTAC_003,93
CTTCTATGAAATGTCCCTAC_004,147
CTTCTATGAAATGTCCCTAC_005,160
CTTCTATGAAATGTCCCTAC_006,51
CTTCTATGAAATGTCCCTAC_007,94
CTTCTATGAAATGTCCCTAC_008,50
GTTCGACGAAGCCAAGTTCG_001,196
GTTCGACGAAGCCAAGTTCG_002,115
GTTCGACGAAGCCAAGTTCG_003,74
GTTCGACGAAGCCAAGTTCG_004,94
GTTCGACGAAGCCAAGTTCG_005,103
GTTCGACGAAGCCAAGTTCG_006,136
CTTACTGCAGGAAATATCTG_001,3
CTTACTGCAGGAAATATCTG_002,159
CTTACTGCAGGAAATATCTG_003,140
CTTACTGCAGGAAATATCTG_004,98
CTTACTGCAGGAAATATCTG_005,22
CTTACTGCAGGAAATATCTG_006,11
CTTACTGCAGGAAATATCTG_007,90
GAGATGTGCAGCAAGCTCCG_001,58
GAGATGTGCAGCAAGCTCCG_002,193
AATTCTGTGTCTAACGAGAG_001,152
AATTCTGTGTCTAACGAGAG_002,115
AATTCTGTGTCTAACGAGAG_003,15
AATTCTGTGTCTAACGAGAG_004,85
TTCCCTCCCACCTTACCAAG_001,114
TTCCCTCCCACCTTACCAAG_002,13
TTCCCTCCCACCTTACCAAG_003,19
TTCCCTCCCACCTTACCAAG_004,127
TTCCCTCCCACCTTACCAAG_005,147
TTCCCTCCCACCTTACCAAG_006,57
TTCCCTCCCACCTTACCAAG_007,33
TTCCCTCCCACCTTACCAAG_008,61
TTCCCTCCCACCTTACCAAG_009,184
TTCCCTCCCACCTTACCAAG_010,102
TTCCCTCCCACCTTACCAAG_011,190
TTCCCTCCCACCTTACCAAG_012,21
TTCCCTCCCACCTTACCAAG_013,28
GCAGGAAGATAACCAGACAG_001,15
GCAGGAAGATAACCAGACAG_002,49
GCAGGAAGATAACCAGACAG_003,51
GCAGGAAGATAACCAGACAG_004,113
GCAGGAAGATAACCAGACAG_005,16
GCAGGAAGATAACCAGACAG_006,76
GCAGGAAGATAACCAGACAG_007,41
GCAGGAAGATAACCAGACAG_008,119
GCAGGAAGATAACCAGACAG_009,159
CATGAGACTAGGGTAAAGGA_001,46
CATGAGACTAGGGTAAAGGA_002,31
TAAAGTACTGAATTGGCGCA_001,63
TAAAGTACTGAATTGGCGCA_002,88
TAAAGTACTGAATTGGCGCA_003,12
TAAAGTACTGAATTGGCGCA_004,70
TAAAGTACTGAATTGGCGCA_005,62
TGCAAGTGGGGCATTCACAC_001,17
TGCAAGTGGGGCATTCACAC_002,58
TGCAAGTGGGGCATTCACAC_003,28
TGCAAGTGGGGCATTCACAC_004,91
TGCAAGTGGGGCATTCACAC_005,47
TGCAAGTGGGGCATTCACAC_006,83
TGCAAGTGGGGCATTCACAC_007,184
TGCAAGTGGGGCATTCACAC_008,174
TGCAAGTGGGGCATTCACAC_009,184
TGCAAGTGGGGCATTCACAC_010,147
TGCAAGTGGGGCATTCACAC_011,138
TGCAAGTGGGGCATTCACAC_012,81
TTTGTCACCAGAGATATGCG_001,80
TTTGTCACCAGAGATATGCG_002,22
TTTGTCACCAGAGATATGCG_003,44
TCCACATGTAAACCCGACAC_001,58
TCCACATGTAAACCCGACAC_002,192
TCCACATGTAAACCCGACAC_003,169
TCCACATGTAAACCCGACAC_004,197
TCCACATGTAAACCCGACAC_005,47
TCCACATGTAAACCCGACAC_006,89
GTTGTATCCAAAATTATCTG_001,155
GTTGTATCCAAAATTATCTG_002,102
GTTGTATCCAAAATTATCTG_003,35
TAAGGTTGGACAGATGACCC_001,48
TAAGGTTGGACAGATGACCC_002,1
TAAGGTTGGACAGATGACCC_003,95
AGGCGAATTGTGATCCACCG_001,70
AGGCGAATTGTGATCCACCG_002,168
AGGCGAATTGTGATCCACCG_003,81
AGGCGAATTGTGATCCACCG_004,33
AGGCGAATTGTGATCCACCG_005,136
AGGCGAATTGTGATCCACCG_006,112
AGGCGAATTGTGATCCACCG_007,19
AGGCGAATTGTGATCCACCG_008,152
AGGCGAATTGTGATCCACCG_009,111
AGGCGAATTGTGATCCACCG_010,0
AGGCGAATTGTGATCCACCG_011,16
AGGCGAATTGTGATCCACCG_012,75
AGGCGAATTGTGATCCACCG_013,139
AGGCGAATTGTGATCCACCG_014,76
AGGCGAATTGTGATCCACCG_015,9
AGGCGAATTGTGATCCACCG_016,88
AGGCGAATTGTGATCCACCG_017,90
AGGCGAATTGTGATCCACCG_018,52
TCAAGAATGTAAATAAGTGC_001,94
TCAAGAATGTAAATAAGTGC_002,177
TCAAGAATGTAAATAAGTGC_003,141
TTGGGGTTGCAATACAGAGG_001,147
TTGGGGTTGCAATACAGAGG_002,156
TTGGGGTTGCAATACAGAGG_003,48
TTGGGGTTGCAATACAGAGG_004,7
TTCCTCGGCCCCGATGGCAC_001,23
TTCCTCGGCCCCGATGGCAC_002,77
TTCCTCGGCCCCGATGGCAC_003,14
TTCCTCGGCCCCGATGGCAC_004,84
TTCCTCGGCCCCGATGGCAC_005,17
TTCCTCGGCCCCGATGGCAC_006,41
TTCCTCGGCCCCGATGGCAC_007,44
TTCCTCGGCCCCGATGGCAC_008,36
TTCCTCGGCCCCGATGGCAC_009,36
TTCCTCGGCCCCGATGGCAC_010,13
TTCCTCGGCCCCGATGGCAC_011,147
TTCCTCGGCCCCGATGGCAC_012,1
TTCCTCGGCCCCGATGGCAC_013,17
TTCCTCGGCCCCGATGGCAC_014,190
TTCCTCGGCCCCGATGGCAC_015,115
TTCCTCGGCCCCGATGGCAC_016,168
TTCCTCGGCCCCGATGGCAC_017,83
TTCCTCGGCCCCGATGGCAC_018,102
TTCCTCGGCCCCGATGGCAC_019,96
TTCCTCGGCCCCGATGGCAC_020,67
TTCCTCGGCCCCGATGGCAC_021,67
TTCCTCGGCCCCGATGGCAC_022,106
TTCCTCGGCCCCGATGGCAC_023,9
TTCCTCGGCCCCGATGGCAC_024,69
TTCCTCGGCCCCGATGGCAC_025,58
TTCCTCGGCCCCGATGGCAC_026,77
TTCCTCGGCCCCGATGGCAC_027,111
TTCCTCGGCCCCGATGGCAC_028,59
TTCCTCGGCCCCGATGGCAC_029,147
TTCCTCGGCCCCGATGGCAC_030,81
TTCCTCGGCCCCGATGGCAC_031,56
TTCCTCGGCCCCGATGGCAC_032,52
AAGATCAGTAGCGGTCCCGG_001,150
AAGATCAGTAGCGGTCCCGG_002,70
AAGATCAGTAGCGGTCCCGG_003,183
AAGATCAGTAGCGGTCCCGG_004,176
AAGATCAGTAGCGGTCCCGG_005,8
AAGATCAGTAGCGGTCCCGG_006,197
AAGATCAGTAGCGGTCCCGG_007,26
AAGATCAGTAGCGGTCCCGG_008,77
AAGATCAGTAGCGGTCCCGG_009,150
AAGATCAGTAGCGGTCCCGG_010,108
AATTAATTCGTGTAAAGCAG_001,137
AATTAATTCGTGTAAAGCAG_002,22
AATTAATTCGTGTAAAGCAG_003,191
AATTAATTCGTGTAAAGCAG_004,78
AATTAATTCGTGTAAAGCAG_005,140
CGGCACAGCACGAAGACCAG_001,134
CGGCACAGCACGAAGACCAG_002,175
CGGCACAGCACGAAGACCAG_003,138
CGGCACAGCACGAAGACCAG_004,115
CGGCACAGCACGAAGACCAG_005,115
CGGCACAGCACGAAGACCAG_006,97
CGGCACAGCACGAAGACCAG_007,158
GAAGAAACTCCATAGCTGGG_001,152
GAAGAAACTCCATAGCTGGG_002,49
GAAGAAACTCCATAGCTGGG_003,29
GAAGAAACTCCATAGCTGGG_004,178
GAAGAAACTCCATAGCTGGG_005,20
GAAGAAACTCCATAGCTGGG_006,12
GAAGAAACTCCATAGCTGGG_007,37
CAAGTGTTCTGGTAGCACCA_001,166
GAAGAACTCAAAGCAGACCG_001,80
GAAGAACTCAAAGCAGACCG_002,30
GAAGAACTCAAAGCAGACCG_003,68
GAAGAACTCAAAGCAGACCG_004,8
GAAGAACTCAAAGCAGACCG_005,62
GAAGAACTCAAAGCAGACCG_006,98
GAAGAACTCAAAGCAGACCG_007,188
GAAGAACTCAAAGCAGACCG_008,48
GAAGAACTCAAAGCAGACCG_009,44
GAAGAACTCAAAGCAGACCG_010,33
GAAGAACTCAAAGCAGACCG_011,75
GAAGAACTCAAAGCAGACCG_012,88
AGAGCCAGAAAGTGAAACAA_001,94
AGAGCCAGAAAGTGAAACAA_002,115
AGAGCCAGAAAGTGAAACAA_003,137
AGAGCCAGAAAGTGAAACAA_004,137
AGAGCCAGAAAGTGAAACAA_005,178
TCCCAGTGTGAGTATGTAAG_001,13
TCCCAGTGTGAGTATGTAAG_002,40
TTATGTCATTAATTGCCCAC_001,61
TTATGTCATTAATTGCCCAC_002,57
TTATGTCATTAATTGCCCAC_003,44
TTATGTCATTAATTGCCCAC_004,142
TTATGTCATTAATTGCCCAC_005,106
GTCTGTCCAAGTTGTAAACC_001,76
GTCTGTCCAAGTTGTAAACC_002,177
GTCTGTCCAAGTTGTAAACC_003,38
GTCTGTCCAAGTTGTAAACC_004,10
CATACGCGTAGCCCAATGAG_001,33
CATACGCGTAGCCCAATGAG_002,104
CATACGCGTAGCCCAATGAG_003,47
TTCGATCCAAACGATCCATG_001,172
TTCGATCCAAACGATCCATG_002,70
TTCGATCCAAACGATCCATG_003,158
TTCGATCCAAACGATCCATG_004,76
TTCGATCCAAACGATCCATG_005,6
TTCGATCCAAACGATCCATG_006,181
TTCGATCCAAACGATCCATG_007,56
TTCGATCCAAACGATCCATG_008,72
TTCGATCCAAACGATCCATG_009,174
TTCGATCCAAACGATCCATG_010,56
GGTCATCGTAGTCGGCGGGA_001,17
GGTCATCGTAGTCGGCGGGA_002,184
GGTCATCGTAGTCGGCGGGA_003,19
GGTCATCGTAGTCGGCGGGA_004,50
GGTCATCGTAGTCGGCGGGA_005,1
GGTCATCGTAGTCGGCGGGA_006,147
GGTCATCGTAGTCGGCGGGA_007,168
GGTCATCGTAGTCGGCGGGA_008,92
GGTCATCGTAGTCGGCGGGA_009,49
GGTCATCGTAGTCGGCGGGA_010,17
GGTCATCGTAGTCGGCGGGA_011,168
CCTCATCCGAGAACGGACGG_001,81
CCTCATCCGAGAACGGACGG_002,9
CCTCATCCGAGAACGGACGG_003,78
CCTCATCCGAGAACGGACGG_004,127
CCTCATCCGAGAACGGACGG_005,45
CCTCATCCGAGAACGGACGG_006,105
CCTCATCCGAGAACGGACGG_007,148
CCTCATCCGAGAACGGACGG_008,172
CCTCATCCGAGAACGGACGG_009,49
CCTCATCCGAGAACGGACGG_010,113
CCTCATCCGAGAACGGACGG_011,59
CCTCATCCGAGAACGGACGG_012,28
CCTCATCCGAGAACGGACGG_013,35
CCTCATCCGAGAACGGACGG_014,109
CCTCATCCGAGAACGGACGG_015,109
CCTCATCCGAGAACGGACGG_016,113
CCTCATCCGAGAACGGACGG_017,24
CCTCATCCGAGAACGGACGG_018,91
CCTCATCCGAGAACGGACGG_019,36
ATGGAGAACGGGAAACTATG_001,116
ATGGAGAACGGGAAACTATG_002,98
ATGGAGAACGGGAAACTATG_003,1
ATGGAGAACGGGAAACTATG_004,125
ATGGAGAACGGGAAACTATG_005,135
ATGGAGAACGGGAAACTATG_006,38
ATGGAGAACGGGAAACTATG_007,148
ATGGAGAACGGGAAACTATG_008,146
ATGGAGAACGGGAAACTATG_009,86
ATGGAGAACGGGAAACTATG_010,15
ATGGAGAACGGGAAACTATG_011,77
ATGGAGAACGGGAAACTATG_012,184
ATGGAGAACGGGAAACTATG_013,78
ATGGAGAACGGGAAACTATG_014,83
ATGGAGAACGGGAAACTATG_015,147
ATGGAGAACGGGAAACTATG_016,81
ATGGAGAACGGGAAACTATG_017,51
ATGGAGAACGGGAAACTATG_018,76
ATGGAGAACGGGAAACTATG_019,15
ATGGAGAACGGGAAACTATG_020,17
ATGGAGAACGGGAAACTATG_021,150
ATCACCACCATTCGCACTCG_001,187
ATCACCACCATTCGCACTCG_002,138
ATCACCACCATTCGCACTCG_003,185
ATCACCACCATTCGCACTCG_004,40
ATCACCACCATTCGCACTCG_005,53
ATCACCACCATTCGCACTCG_006,88
ATCACCACCATTCGCACTCG_007,173
ATCACCACCATTCGCACTCG_008,153
ATCACCACCATTCGCACTCG_009,29
GCGATCAGAAAGCTTCATGT_001,48
GCGATCAGAAAGCTTCATGT_002,42
GCGATCAGAAAGCTTCATGT_003,78
GCGATCAGAAAGCTTCATGT_004,20
GCGATCAGAAAGCTTCATGT_005,58
GCGATCAGAAAGCTTCATGT_006,17
GCGATCAGAAAGCTTCATGT_007,169
GCGATCAGAAAGCTTCATGT_008,146
GCGATCAGAAAGCTTCATGT_009,40
GCGATCAGAAAGCTTCATGT_010,115
GCGATCAGAAAGCTTCATGT_011,15
GCGATCAGAAAGCTTCATGT_012,98
GCGATCAGAAAGCTTCATGT_013,159
GCGATCAGAAAGCTTCATGT_014,8
GCGATCAGAAAGCTTCATGT_015,155
GCGATCAGAAAGCTTCATGT_016,64
GCGATCAGAAAGCTTCATGT_017,38
GCGATCAGAAAGCTTCATGT_018,145
GCGATCAGAAAGCTTCATGT_019,150
GCGATCAGAAAGCTTCATGT_020,29
GCGATCAGAAAGCTTCATGT_021,87
GCGATCAGAAAGCTTCATGT_022,87
GCGATCAGAAAGCTTCATGT_023,66
GCGATCAGAAAGCTTCATGT_024,101
TGAAGCCAGCTAGATACCGG_001,70
TGAAGCCAGCTAGATACCGG_002,146
TGAAGCCAGCTAGATACCGG_003,6
TGAAGCCAGCTAGATACCGG_004,63
TGAAGCCAGCTAGATACCGG_005,113
TGAAGCCAGCTAGATACCGG_006,131
TGAAGCCAGCTAGATACCGG_007,172
TGAAGCCAGCTAGATACCGG_008,70
TGAAGCCAGCTAGATACCGG_009,146
TTGTCATAGAGGGCGTGCAG_001,140
TTGTCATAGAGGGCGTGCAG_002,25
TTGTCATAGAGGGCGTGCAG_003,186
TTGTCATAGAGGGCGTGCAG_004,32
TTGTCATAGAGGGCGTGCAG_005,112
TTGTCATAGAGGGCGTGCAG_006,20
TTGTCATAGAGGGCGTGCAG_007,31
TTGTCATAGAGGGCGTGCAG_008,2
TTGTCATAGAGGGCGTGCAG_009,88
TTGTCATAGAGGGCGTGCAG_010,10
TTGTCATAGAGGGCGTGCAG_011,35
TTGTCATAGAGGGCGTGCAG_012,148
TTGTCATAGAGGGCGTGCAG_013,165
TTGTCATAGAGGGCGTGCAG_014,115
TTGTCATAGAGGGCGTGCAG_015,49
TTGTCATAGAGGGCGTGCAG_016,54
TTGTCATAGAGGGCGTGCAG_017,37
TTGTCATAGAGGGCGTGCAG_018,178
TTGTCATAGAGGGCGTGCAG_019,112
ACATCTCCGCAACAAGACAG_001,117
ACATCTCCGCAACAAGACAG_002,94
ACATCTCCGCAACAAGACAG_003,149
ACATCTCCGCAACAAGACAG_004,28
ACATCTCCGCAACAAGACAG_005,115
ACATCTCCGCAACAAGACAG_006,127
ACATCTCCGCAACAAGACAG_007,115
ACATCTCCGCAACAAGACAG_008,161
ACATCTCCGCAACAAGACAG_009,12
ACATCTCCGCAACAAGACAG_010,147
ACATCTCCGCAACAAGACAG_011,94
ACATCTCCGCAACAAGACAG_012,6
ACATCTCCGCAACAAGACAG_013,3
ACATCTCCGCAACAAGACAG_014,74
ACATCTCCGCAACAAGACAG_015,103
ACATCTCCGCAACAAGACAG_016,146
ACATCTCCGCAACAAGACAG_017,148
ACATCTCCGCAACAAGACAG_018,126
GAAGTAAACACAAGTAGCAC_001,128
GAAGTAAACACAAGTAGCAC_002,89
GAAGTAAACACAAGTAGCAC_003,60
GAAGTAAACACAAGTAGCAC_004,121
GAAGTAAACACAAGTAGCAC_005,91
CGGTTACCTCCTCCGCAGCC_001,103
CGGTTACCTCCTCCGCAGCC_002,78
CGGTTACCTCCTCCGCAGCC_003,132
CGGTTACCTCCTCCGCAGCC_004,189
CGGTTACCTCCTCCGCAGCC_005,141
CGGTTACCTCCTCCGCAGCC_006,141
CGGTTACCTCCTCCGCAGCC_007,151
CGGTTACCTCCTCCGCAGCC_008,161
CGGTTACCTCCTCCGCAGCC_009,161
CGGTTACCTCCTCCGCAGCC_010,16
CGGTTACCTCCTCCGCAGCC_011,80
CGGTTACCTCCTCCGCAGCC_012,91
CGGTTACCTCCTCCGCAGCC_013,197
CGGTTACCTCCTCCGCAGCC_014,98
CGGTTACCTCCTCCGCAGCC_015,86
CGGTTACCTCCTCCGCAGCC_016,75
CGGTTACCTCCTCCGCAGCC_017,159
CGGTTACCTCCTCCGCAGCC_018,95
CGGTTACCTCCTCCGCAGCC_019,117
CGGTTACCTCCTCCGCAGCC_020,181
CGGTTACCTCCTCCGCAGCC_021,34
CGGTTACCTCCTCCGCAGCC_022,44
CGGTTACCTCCTCCGCAGCC_023,187
CGGTTACCTCCTCCGCAGCC_024,38
CGGTTACCTCCTCCGCAGCC_025,51
CGGTTACCTCCTCCGCAGCC_026,21
CGGTTACCTCCTCCGCAGCC_027,192
CGGTTACCTCCTCCGCAGCC_028,59
AAGTTAAGATAACACCACTC_001,100
AAGTTAAGATAACACCACTC_002,193
AAGTTAAGATAACACCACTC_003,25
AAGTTAAGATAACACCACTC_004,130
AAGTTAAGATAACACCACTC_005,74
CCCAGAAGTGTCTGATATGG_001,96
CCCAGAAGTGTCTGATATGG_002,159
CCCAGAAGTGTCTGATATGG_003,29
CCCAGAAGTGTCTGATATGG_004,81
CTGCTGCAAGAAGGACGAGT_001,1
CTGCTGCAAGAAGGACGAGT_002,184
CTGCTGCAAGAAGGACGAGT_003,127
CTGCTGCAAGAAGGACGAGT_004,94
CTGCTGCAAGAAGGACGAGT_005,106
CTGCTGCAAGAAGGACGAGT_006,172
CTGCTGCAAGAAGGACGAGT_007,138
CTGCTGCAAGAAGGACGAGT_008,160
CTGCTGCAAGAAGGACGAGT_009,122
CTGCTGCAAGAAGGACGAGT_010,198
CTGCTGCAAGAAGGACGAGT_011,39
CTGCTGCAAGAAGGACGAGT_012,156
CTGCTGCAAGAAGGACGAGT_013,86
CTGCTGCAAGAAGGACGAGT_014,56
CTGCTGCAAGAAGGACGAGT_015,56
CTGCTGCAAGAAGGACGAGT_016,41
CTGCTGCAAGAAGGACGAGT_017,17
CTGCTGCAAGAAGGACGAGT_018,22
CTGCTGCAAGAAGGACGAGT_019,141
CTGCTGCAAGAAGGACGAGT_020,175
CTGCTGCAAGAAGGACGAGT_021,188
CTGCTGCAAGAAGGACGAGT_022,97
CTGCTGCAAGAAGGACGAGT_023,12
CTGCTGCAAGAAGGACGAGT_024,108
AGTCGCCAAAGGAGTCTGCG_001,114
AGTCGCCAAAGGAGTCTGCG_002,127
AGTCGCCAAAGGAGTCTGCG_003,27
AGTCGCCAAAGGAGTCTGCG_004,53
AGTCGCCAAAGGAGTCTGCG_005,98
AGTCGCCAAAGGAGTCTGCG_006,88
AGTCGCCAAAGGAGTCTGCG_007,169
AGTCGCCAAAGGAGTCTGCG_008,145
AGTCGCCAAAGGAGTCTGCG_009,42
AGTCGCCAAAGGAGTCTGCG_010,198
AGTCGCCAAAGGAGTCTGCG_011,27
AGTCGCCAAAGGAGTCTGCG_012,29
AGTCGCCAAAGGAGTCTGCG_013,76
AGTCGCCAAAGGAGTCTGCG_014,148
AGTCGCCAAAGGAGTCTGCG_015,8
AGTCGCCAAAGGAGTCTGCG_016,174
AGTCGCCAAAGGAGTCTGCG_017,62
AGTCGCCAAAGGAGTCTGCG_018,106
AGTCGCCAAAGGAGTCTGCG_019,189
AGTCGCCAAAGGAGTCTGCG_020,150
AGTCGCCAAAGGAGTCTGCG_021,17
AGTCGCCAAAGGAGTCTGCG_022,163
AGTCGCCAAAGGAGTCTGCG_023,106
AGTCGCCAAAGGAGTCTGCG_024,63
AGTCGCCAAAGGAGTCTGCG_025,10
AGTCGCCAAAGGAGTCTGCG_026,163
AGTCGCCAAAGGAGTCTGCG_027,34
AGTCGCCAAAGGAGTCTGCG_028,161
AGTCGCCAAAGGAGTCTGCG_029,135
AGTCGCCAAAGGAGTCTGCG_030,123
CCTGCTTCCAGACGACAAGT_001,26
CCTGCTTCCAGACGACAAGT_002,62
CCTGCTTCCAGACGACAAGT_003,50
CCTGCTTCCAGACGACAAGT_004,156
CCTGCTTCCAGACGACAAGT_005,147
CCTGCTTCCAGACGACAAGT_006,94
CCTGCTTCCAGACGACAAGT_007,10
CCTGCTTCCAGACGACAAGT_008,174
CCTGCTTCCAGACGACAAGT_009,176
CCTGCTTCCAGACGACAAGT_010,130
CCTGCTTCCAGACGACAAGT_011,29
CCTGCTTCCAGACGACAAGT_012,144
CCTGCTTCCAGACGACAAGT_013,169
CCTGCTTCCAGACGACAAGT_014,27
CCTGCTTCCAGACGACAAGT_015,144
CCTGCTTCCAGACGACAAGT_016,88
CCTGCTTCCAGACGACAAGT_017,146
CCTGCTTCCAGACGACAAGT_018,79
CCTGCTTCCAGACGACAAGT_019,106
CCTGCTTCCAGACGACAAGT_020,92
CTAAACAACTCCAGATTAGG_001,156
CTAAACAACTCCAGATTAGG_002,137
CTAAACAACTCCAGATTAGG_003,89
CTAAACAACTCCAGATTAGG_004,150
CTAAACAACTCCAGATTAGG_005,105
CTAAACAACTCCAGATTAGG_006,43
AGCCAGACGGAAGGATCATG_001,186
AGCCAGACGGAAGGATCATG_002,43
AGCCAGACGGAAGGATCATG_003,115
AGCCAGACGGAAGGATCATG_004,19
AGCCAGACGGAAGGATCATG_005,68
AGCCAGACGGAAGGATCATG_006,167
AGCCAGACGGAAGGATCATG_007,159
AGCCAGACGGAAGGATCATG_008,79
AGCCAGACGGAAGGATCATG_009,193
AGCCAGACGGAAGGATCATG_010,57
AGGGGCAAAAGCCGATGGTG_001,107
AGGGGCAAAAGCCGATGGTG_002,104
AGGGGCAAAAGCCGATGGTG_003,152
AGGGGCAAAAGCCGATGGTG_004,193
AGGGGCAAAAGCCGATGGTG_005,111
AGGGGCAAAAGCCGATGGTG_006,19
AGGGGCAAAAGCCGATGGTG_007,10
AGGGGCAAAAGCCGATGGTG_008,160
AGGGGCAAAAGCCGATGGTG_009,148
AGGGGCAAAAGCCGATGGTG_010,20
AGGGGCAAAAGCCGATGGTG_011,69
AGGGGCAAAAGCCGATGGTG_012,62
AGGGGCAAAAGCCGATGGTG_013,177
AGGGGCAAAAGCCGATGGTG_014,119
AGGGGCAAAAGCCGATGGTG_015,103
AGGGGCAAAAGCCGATGGTG_016,184
AGGGGCAAAAGCCGATGGTG_017,148
AGGGGCAAAAGCCGATGGTG_018,179
AGGGGCAAAAGCCGATGGTG_019,44
AGGGGCAAAAGCCGATGGTG_020,68
AGGGGCAAAAGCCGATGGTG_021,115
AGGGGCAAAAGCCGATGGTG_022,15
AGGGGCAAAAGCCGATGGTG_023,16
AGGGGCAAAAGCCGATGGTG_024,138
AGGGGCAAAAGCCGATGGTG_025,70
AGGGGCAAAAGCCGATGGTG_026,132
AGGGGCAAAAGCCGATGGTG_027,53
AGTGCGTCGGATAATACTGG_001,3
AGTGCGTCGGATAATACTGG_002,147
AGTGCGTCGGATAATACTGG_003,72
AGTGCGTCGGATAATACTGG_004,109
AAAACTTTAGTCCTCCCAGT_001,103
AAAACTTTAGTCCTCCCAGT_002,149
AAAACTTTAGTCCTCCCAGT_003,130
AAAACTTTAGTCCTCCCAGT_004,110
AAAACTTTAGTCCTCCCAGT_005,166
AAAACTTTAGTCCTCCCAGT_006,68
CATGGCGAGAGTACCTGCAG_001,53
CATGGCGAGAGTACCTGCAG_002,104
CATGGCGAGAGTACCTGCAG_003,152
CATGGCGAGAGTACCTGCAG_004,147
CATGGCGAGAGTACCTGCAG_005,74
CATGGCGAGAGTACCTGCAG_006,42
CATGGCGAGAGTACCTGCAG_007,187
CATGGCGAGAGTACCTGCAG_008,26
CATGGCGAGAGTACCTGCAG_009,157
CATGGCGAGAGTACCTGCAG_010,49
CTTCACCGCGTCGCCCACGG_001,31
CTTCACCGCGTCGCCCACGG_002,36
CTTCACCGCGTCGCCCACGG_003,118
CTTCACCGCGTCGCCCACGG_004,191
CTTCACCGCGTCGCCCACGG_005,116
CTTCACCGCGTCGCCCACGG_006,51
CTTCACCGCGTCGCCCACGG_007,57
CTTCACCGCGTCGCCCACGG_008,92
CTTCACCGCGTCGCCCACGG_009,68
CTTCACCGCGTCGCCCACGG_010,104
CTTCACCGCGTCGCCCACGG_011,182
CTTCACCGCGTCGCCCACGG_012,8
CTTCACCGCGTCGCCCACGG_013,147
CTTCACCGCGTCGCCCACGG_014,76
CTTCACCGCGTCGCCCACGG_015,24
CTTCACCGCGTCGCCCACGG_016,12
CTTCACCGCGTCGCCCACGG_017,113
CTTCACCGCGTCGCCCACGG_018,49
CTTCACCGCGTCGCCCACGG_019,171
CTTCACCGCGTCGCCCACGG_020,109
CTTCACCGCGTCGCCCACGG_021,109
CTTCACCGCGTCGCCCACGG_022,39
CTTCACCGCGTCGCCCACGG_023,39
CTTCACCGCGTCGCCCACGG_024,118
CTTCACCGCGTCGCCCACGG_025,129
CTTCACCGCGTCGCCCACGG_026,163
CTTCACCGCGTCGCCCACGG_027,152
CTTCACCGCGTCGCCCACGG_028,130
CTTCACCGCGTCGCCCACGG_029,188
CTTCACCGCGTCGCCCACGG_030,69
GTACGATTTCCTGTTCAAGC_001,12
GTACGATTTCCTGTTCAAGC_002,124
GTACGATTTCCTGTTCAAGC_003,194
GTACGATTTCCTGTTCAAGC_004,190
GTACGATTTCCTGTTCAAGC_005,31
GTACGATTTCCTGTTCAAGC_006,120
GTACGATTTCCTGTTCAAGC_007,169
GTACGATTTCCTGTTCAAGC_008,105
TGGCGAAGTAGAAGGAGCCG_001,178
TGGCGAAGTAGAAGGAGCCG_002,158
TGGCGAAGTAGAAGGAGCCG_003,158
TGGCGAAGTAGAAGGAGCCG_004,58
GCAGCAGAACGAGACACGCG_001,122
GCAGCAGAACGAGACACGCG_002,181
GCAGCAGAACGAGACACGCG_003,20
GCAGCAGAACGAGACACGCG_004,94
GCAGCAGAACGAGACACGCG_005,154
GCAGCAGAACGAGACACGCG_006,150
GCAGCAGAACGAGACACGCG_007,60
GCAGCAGAACGAGACACGCG_008,106
GCAGCAGAACGAGACACGCG_009,163
GCAGCAGAACGAGACACGCG_010,154
GCAGCAGAACGAGACACGCG_011,2
GCAGCAGAACGAGACACGCG_012,76
GCAGCAGAACGAGACACGCG_013,156
GCAGCAGAACGAGACACGCG_014,84
GCAGCAGAACGAGACACGCG_015,94
GCAGCAGAACGAGACACGCG_016,20
GCAGCAGAACGAGACACGCG_017,120
GCAGCAGAACGAGACACGCG_018,175
GCAGCAGAACGAGACACGCG_019,140
GCAGCAGAACGAGACACGCG_020,115
GCAGCAGAACGAGACACGCG_021,121
GCAGCAGAACGAGACACGCG_022,172
GCAGCAGAACGAGACACGCG_023,65
GCAGCAGAACGAGACACGCG_024,148
GCAGCAGAACGAGACACGCG_025,15
GCAGCAGAACGAGACACGCG_026,184
GCAGCAGAACGAGACACGCG_027,55
GCAGCAGAACGAGACACGCG_028,163
GCAGCAGAACGAGACACGCG_029,94
GCAGCAGAACGAGACACGCG_030,157
GCAGCAGAACGAGACACGCG_031,183
GCAGCAGAACGAGACACGCG_032,87
GCAGCAGAACGAGACACGCG_033,1
GCAGCAGAACGAGACACGCG_034,47
GCAGCAGAACGAGACACGCG_035,189
GCAGCAGAACGAGACACGCG_036,129
GCAGCAGAACGAGACACGCG_037,29
GCAGCAGAACGAGACACGCG_038,198
GCAGCAGAACGAGACACGCG_039,10
GCAGCAGAACGAGACACGCG_040,19
GCAGCAGAACGAGACACGCG_041,49
GCAGCAGAACGAGACACGCG_042,144
GCAGCAGAACGAGACACGCG_043,106
GCAGCAGAACGAGACACGCG_044,106
GCAGCAGAACGAGACACGCG_045,43
GCAGCAGAACGAGACACGCG_046,185
TCACCAATTTGAAACTACAG_001,81
ACTCACGGGAAATGTAGCCG_001,157
ACTCACGGGAAATGTAGCCG_002,68
ACTCACGGGAAATGTAGCCG_003,43
ACTCACGGGAAATGTAGCCG_004,58
ACTCACGGGAAATGTAGCCG_005,160
ACTCACGGGAAATGTAGCCG_006,51
ACTCACGGGAAATGTAGCCG_007,149
ACTCACGGGAAATGTAGCCG_008,40
ACTCACGGGAAATGTAGCCG_009,50
ACTCACGGGAAATGTAGCCG_010,145
ACTCACGGGAAATGTAGCCG_011,13
ACTCACGGGAAATGTAGCCG_012,50
ACTCACGGGAAATGTAGCCG_013,177
ACTCACGGGAAATGTAGCCG_014,198
ACTCACGGGAAATGTAGCCG_015,147
ACTCACGGGAAATGTAGCCG_016,25
ACTCACGGGAAATGTAGCCG_017,38
TTTGTCTGATGAAAACAGCG_001,191
TTTGTCTGATGAAAACAGCG_002,49
TTTGTCTGATGAAAACAGCG_003,154
TTTGTCTGATGAAAACAGCG_004,130
TTTGTCTGATGAAAACAGCG_005,105
TTTGTCTGATGAAAACAGCG_006,59
TTTGTCTGATGAAAACAGCG_007,119
TTTGTCTGATGAAAACAGCG_008,182
TGCACCGGAACATGAGACCC_001,84
TGCACCGGAACATGAGACCC_002,137
TGCACCGGAACATGAGACCC_003,146
TGCACCGGAACATGAGACCC_004,26
TGCACCGGAACATGAGACCC_005,77
CTGGATAAAGGACAAAGCCT_001,10
CTGGATAAAGGACAAAGCCT_002,103
CTGGATAAAGGACAAAGCCT_003,148
CTGGATAAAGGACAAAGCCT_004,180
CTGGATAAAGGACAAAGCCT_005,111
GATCGACTGGGCTCTTACAG_001,177
GATCGACTGGGCTCTTACAG_002,48
GATCGACTGGGCTCTTACAG_003,108
GATCGACTGGGCTCTTACAG_004,29
GATCGACTGGGCTCTTACAG_005,36
GATCGACTGGGCTCTTACAG_006,12
GATCGACTGGGCTCTTACAG_007,185
GATCGACTGGGCTCTTACAG_008,80
GATCGACTGGGCTCTTACAG_009,52
GTCTGTTGCAGGTAGAAACT_001,41
GTCTGTTGCAGGTAGAAACT_002,172
GTCTGTTGCAGGTAGAAACT_003,146
GTCTGTTGCAGGTAGAAACT_004,197
GTCTGTTGCAGGTAGAAACT_005,184
GTCTGTTGCAGGTAGAAACT_006,103
GTCTGTTGCAGGTAGAAACT_007,144
CCAAGAACATGTCCAAAGGG_001,118
CCAAGAACATGTCCAAAGGG_002,116
CCAAGAACATGTCCAAAGGG_003,49
CCAAGAACATGTCCAAAGGG_004,96
CCAAGAACATGTCCAAAGGG_005,121
CCAAGAACATGTCCAAAGGG_006,162
CACCGCTTCAGTGCAACACG_001,33
CACCGCTTCAGTGCAACACG_002,161
GCATTGAACACGTATAGAGT_001,148
GCATTGAACACGTATAGAGT_002,35
GCATTGAACACGTATAGAGT_003,121
GCATTGAACACGTATAGAGT_004,58
GCATTGAACACGTATAGAGT_005,8
GCATTGAACACGTATAGAGT_006,158
GCATTGAACACGTATAGAGT_007,144
GCATTGAACACGTATAGAGT_008,146
GCATTGAACACGTATAGAGT_009,66
GCATTGAACACGTATAGAGT_010,56
GCATTGAACACGTATAGAGT_011,127
GGAGATGTTCCAGCCTAGTG_001,6
TGCATACACCCCCGATTTGG_001,77
TGCATACACCCCCGATTTGG_002,31
TGCATACACCCCCGATTTGG_003,149
TGCATACACCCCCGATTTGG_004,152
TGCATACACCCCCGATTTGG_005,136
TGCATACACCCCCGATTTGG_006,151
TCTGTTAGCACTTGATAACG_001,98
TCTGTTAGCACTTGATAACG_002,80
TCTGTTAGCACTTGATAACG_003,97
TCTGTTAGCACTTGATAACG_004,157
TCTGTTAGCACTTGATAACG_005,40
AATGCCCAACAAGAAAACGA_001,41
AATGCCCAACAAGAAAACGA_002,9
AATGCCCAACAAGAAAACGA_003,124
AATGCCCAACAAGAAAACGA_004,84
AATGCCCAACAAGAAAACGA_005,17
AATGCCCAACAAGAAAACGA_006,148
AATGCCCAACAAGAAAACGA_007,47
AATGCCCAACAAGAAAACGA_008,22
AATGCCCAACAAGAAAACGA_009,139
AATGCCCAACAAGAAAACGA_010,13
AATGCCCAACAAGAAAACGA_011,8
AATGCCCAACAAGAAAACGA_012,22
AATGCCCAACAAGAAAACGA_013,116
AATGCCCAACAAGAAAACGA_014,155
AATGCCCAACAAGAAAACGA_015,94
AATGCCCAACAAGAAAACGA_016,130
CACACACTGGTGGCACCGAG_001,107
CACACACTGGTGGCACCGAG_002,198
CACACACTGGTGGCACCGAG_003,53
CACACACTGGTGGCACCGAG_004,6
CACACACTGGTGGCACCGAG_005,139
CACACACTGGTGGCACCGAG_006,126
TCACGATGTAGGTACACATG_001,17
TCACGATGTAGGTACACATG_002,58
TCACGATGTAGGTACACATG_003,158
TCACGATGTAGGTACACATG_004,108
TCACGATGTAGGTACACATG_005,103
TCACGATGTAGGTACACATG_006,22
TCACGATGTAGGTACACATG_007,23
TCACGATGTAGGTACACATG_008,47
TCACGATGTAGGTACACATG_009,158
AAGTGGGAGGCTAAATCTCG_001,52
AAGTGGGAGGCTAAATCTCG_002,177
CATGCCCCACCTATGCAACT_001,0
CATGCCCCACCTATGCAACT_002,146
CATGCCCCACCTATGCAACT_003,172
CATGCCCCACCTATGCAACT_004,150
CATGCCCCACCTATGCAACT_005,57
CATGCCCCACCTATGCAACT_006,121
CATGCCCCACCTATGCAACT_007,37
CATGCCCCACCTATGCAACT_008,127
CATGCCCCACCTATGCAACT_009,162
CATGCCCCACCTATGCAACT_010,63
CATGCCCCACCTATGCAACT_011,97
CATGCCCCACCTATGCAACT_012,39
CATGCCCCACCTATGCAACT_013,19
CATGCCCCACCTATGCAACT_014,106
GAGCATGCCATTGGAACACA_001,165
GAGCATGCCATTGGAACACA_002,77
GAGCATGCCATTGGAACACA_003,16
GAGCATGCCATTGGAACACA_004,22
GAGCATGCCATTGGAACACA_005,65
GAGCATGCCATTGGAACACA_006,190
GAGCATGCCATTGGAACACA_007,97
GAGCATGCCATTGGAACACA_008,124
GAGCATGCCATTGGAACACA_009,52
GAGCATGCCATTGGAACACA_010,69
GACCAGATGATTGCTAGCTG_001,77
GACCAGATGATTGCTAGCTG_002,77
GACCAGATGATTGCTAGCTG_003,117
CTGGCCAAGAAGGATTACCT_001,166
CTGGCCAAGAAGGATTACCT_002,162
CTGGCCAAGAAGGATTACCT_003,192
CTGGCCAAGAAGGATTACCT_004,192
CTGGCCAAGAAGGATTACCT_005,95
CTGGCCAAGAAGGATTACCT_006,135
CTGGCCAAGAAGGATTACCT_007,152
CTGGCCAAGAAGGATTACCT_008,45
CTGGCCAAGAAGGATTACCT_009,33
CTGGCCAAGAAGGATTACCT_010,30
CTGGCCAAGAAGGATTACCT_011,155
CTGGCCAAGAAGGATTACCT_012,78
CTGGCCAAGAAGGATTACCT_013,72
CTGGCCAAGAAGGATTACCT_014,40
GCCTCCGGATCCTTCCACGG_001,173
GCCTCCGGATCCTTCCACGG_002,93
GCCTCCGGATCCTTCCACGG_003,91
GCCTCCGGATCCTTCCACGG_004,54
GCCTCCGGATCCTTCCACGG_005,164
GCCTCCGGATCCTTCCACGG_006,140
GCCTCCGGATCCTTCCACGG_007,19
GCCTCCGGATCCTTCCACGG_008,141
GCCTCCGGATCCTTCCACGG_009,8
GCCTCCGGATCCTTCCACGG_010,183
GCCTCCGGATCCTTCCACGG_011,188
GCCTCCGGATCCTTCCACGG_012,81
GCCTCCGGATCCTTCCACGG_013,184
GCCTCCGGATCCTTCCACGG_014,63
GCCTCCGGATCCTTCCACGG_015,76
GCCTCCGGATCCTTCCACGG_016,105
GCCTCCGGATCCTTCCACGG_017,55
GCCTCCGGATCCTTCCACGG_018,127
GCCTCCGGATCCTTCCACGG_019,103
GCCTCCGGATCCTTCCACGG_020,15
GCCTCCGGATCCTTCCACGG_021,46
GCCTCCGGATCCTTCCACGG_022,77
GCCTCCGGATCCTTCCACGG_023,103
GCCTCCGGATCCTTCCACGG_024,130
GCCTCCGGATCCTTCCACGG_025,9
TGTCGCGCAGCACCTTGCGG_001,129
TGTCGCGCAGCACCTTGCGG_002,152
TGTCGCGCAGCACCTTGCGG_003,77
TGTCGCGCAGCACCTTGCGG_004,75
TGTCGCGCAGCACCTTGCGG_005,118
TGTCGCGCAGCACCTTGCGG_006,4
TGTCGCGCAGCACCTTGCGG_007,115
TGTCGCGCAGCACCTTGCGG_008,142
TGTCGCGCAGCACCTTGCGG_009,35
TGTCGCGCAGCACCTTGCGG_010,130
CCAGAGTATCATCTCCACCG_001,95
CCAGAGTATCATCTCCACCG_002,19
AGTTCATTCACACAAAGCTG_001,134
AGTTCATTCACACAAAGCTG_002,53
AGTTCATTCACACAAAGCTG_003,85
AGTTCATTCACACAAAGCTG_004,146
AGTTCATTCACACAAAGCTG_005,41
AGTTCATTCACACAAAGCTG_006,137
AGTTCATTCACACAAAGCTG_007,186
AGTTCATTCACACAAAGCTG_008,160
AGTTCATTCACACAAAGCTG_009,123
AGTTCATTCACACAAAGCTG_010,77
AGTTCATTCACACAAAGCTG_011,169
AGTTCATTCACACAAAGCTG_012,52
AGTTCATTCACACAAAGCTG_013,1
CCAGTTCAAGACGGGCGCTG_001,14
CCAGTTCAAGACGGGCGCTG_002,62
CCAGTTCAAGACGGGCGCTG_003,21
CCAGTTCAAGACGGGCGCTG_004,139
CCAGTTCAAGACGGGCGCTG_005,29
CCAGTTCAAGACGGGCGCTG_006,147
CCAGTTCAAGACGGGCGCTG_007,46
CCAGTTCAAGACGGGCGCTG_008,161
CCAGTTCAAGACGGGCGCTG_009,15
CCAGTTCAAGACGGGCGCTG_010,171
CCAGTTCAAGACGGGCGCTG_011,152
CCAGTTCAAGACGGGCGCTG_012,84
CCAGTTCAAGACGGGCGCTG_013,100
CCAGTTCAAGACGGGCGCTG_014,161
CCAGTTCAAGACGGGCGCTG_015,162
CCAGTTCAAGACGGGCGCTG_016,17
GGGGCAGTTACAAAACCGCA_001,19
GGGGCAGTTACAAAACCGCA_002,199
GGGGCAGTTACAAAACCGCA_003,29
GGGGCAGTTACAAAACCGCA_004,127
AAAGCTCCTACACGAAAGAG_001,72
AAAGCTCCTACACGAAAGAG_002,65
AAAGCTCCTACACGAAAGAG_003,30
AAAGCTCCTACACGAAAGAG_004,104
AAAGCTCCTACACGAAAGAG_005,27
AAAGCTCCTACACGAAAGAG_006,115
GGAGGCCAGATCTATGACGA_001,128
GGAGGCCAGATCTATGACGA_002,5
GGAGGCCAGATCTATGACGA_003,1
GGAGGCCAGATCTATGACGA_004,50
GGAGGCCAGATCTATGACGA_005,34
GGAGGCCAGATCTATGACGA_006,132
GGAGGCCAGATCTATGACGA_007,188
GGAGGCCAGATCTATGACGA_008,42
GGAGGCCAGATCTATGACGA_009,80
GGAGGCCAGATCTATGACGA_010,158
GGAGGCCAGATCTATGACGA_011,88
GGAGGCCAGATCTATGACGA_012,156
GGAGGCCAGATCTATGACGA_013,7
GGAGGCCAGATCTATGACGA_014,147
GGAGGCCAGATCTATGACGA_015,102
GGAGGCCAGATCTATGACGA_016,32
GGAGGCCAGATCTATGACGA_017,73
GGAGGCCAGATCTATGACGA_018,5
GGAGGCCAGATCTATGACGA_019,35
GGAGGCCAGATCTATGACGA_020,67
GGAGGCCAGATCTATGACGA_021,110
GGAGGCCAGATCTATGACGA_022,81
TTTATGCTAAAACTATCGAT_001,85
TTTATGCTAAAACTATCGAT_002,101
TTTATGCTAAAACTATCGAT_003,197
TTTATGCTAAAACTATCGAT_004,198
TTTATGCTAAAACTATCGAT_005,168
GGTAGTGGAGCGCTACCCCA_001,119
GGTAGTGGAGCGCTACCCCA_002,105
GGTAGTGGAGCGCTACCCCA_003,127
GGTAGTGGAGCGCTACCCCA_004,18
GGTAGTGGAGCGCTACCCCA_005,46
GGTAGTGGAGCGCTACCCCA_006,15
TAAGTGCACTCGCAAATGGA_001,198
TAAGTGCACTCGCAAATGGA_002,113
TAAGTGCACTCGCAAATGGA_003,74
TAAGTGCACTCGCAAATGGA_004,186
TAAGTGCACTCGCAAATGGA_005,167
TCACATCTGTCATTTCTCGA_001,52
TCACATCTGTCATTTCTCGA_002,3
TCACATCTGTCATTTCTCGA_003,60
TCACATCTGTCATTTCTCGA_004,5
GAGCTCATGTTGCCAAACTG_001,172
GAGCTCATGTTGCCAAACTG_002,70
GAGCTCATGTTGCCAAACTG_003,153
GAGCTCATGTTGCCAAACTG_004,48
GAGCTCATGTTGCCAAACTG_005,127
GAGCTCATGTTGCCAAACTG_006,15
GAGCTCATGTTGCCAAACTG_007,17
GAGCTCATGTTGCCAAACTG_008,6
GAGCTCATGTTGCCAAACTG_009,19
GAGCTCATGTTGCCAAACTG_010,15
GAGCTCATGTTGCCAAACTG_011,91
GAGCTCATGTTGCCAAACTG_012,68
GAGCTCATGTTGCCAAACTG_013,74
GAGCTCATGTTGCCAAACTG_014,8
GAGCTCATGTTGCCAAACTG_015,190
GAGCTCATGTTGCCAAACTG_016,58
GAGCTCATGTTGCCAAACTG_017,23
GAGCTCATGTTGCCAAACTG_018,58
GAGCTCATGTTGCCAAACTG_019,63
GAGCTCATGTTGCCAAACTG_020,188
GGTGTGGGTCATGTAACCCA_001,9
GGTGTGGGTCATGTAACCCA_002,71
GGTGTGGGTCATGTAACCCA_003,127
GGTGTGGGTCATGTAACCCA_004,13
CCTCACTCGTAGGAACATCG_001,59
CCTCACTCGTAGGAACATCG_002,75
CCTCACTCGTAGGAACATCG_003,14
CCTCACTCGTAGGAACATCG_004,52
AGAGATCAAAGAGTTCGCCG_001,174
AGAGATCAAAGAGTTCGCCG_002,29
AGAGATCAAAGAGTTCGCCG_003,104
AGAGATCAAAGAGTTCGCCG_004,62
AGAGATCAAAGAGTTCGCCG_005,187
AGAGATCAAAGAGTTCGCCG_006,144
AGAGATCAAAGAGTTCGCCG_007,49
AGAGATCAAAGAGTTCGCCG_008,149
AGAGATCAAAGAGTTCGCCG_009,69
AGAGATCAAAGAGTTCGCCG_010,19
AGAGATCAAAGAGTTCGCCG_011,10
AGAGATCAAAGAGTTCGCCG_012,170
AGAGATCAAAGAGTTCGCCG_013,143
ACAAGCCGAGAGGAACGATG_001,159
ACAAGCCGAGAGGAACGATG_002,178
ACAAGCCGAGAGGAACGATG_003,6
ACAAGCCGAGAGGAACGATG_004,64
ACAAGCCGAGAGGAACGATG_005,172
ACAAGCCGAGAGGAACGATG_006,64
ACAAGCCGAGAGGAACGATG_007,148
ACAAGCCGAGAGGAACGATG_008,138
ACAAGCCGAGAGGAACGATG_009,94
ACAAGCCGAGAGGAACGATG_010,69
ACAAGCCGAGAGGAACGATG_011,173
ACAAGCCGAGAGGAACGATG_012,80
ACAAGCCGAGAGGAACGATG_013,8
ACAAGCCGAGAGGAACGATG_014,1
ACAAGCCGAGAGGAACGATG_015,63
ACAAGCCGAGAGGAACGATG_016,9
ACAAGCCGAGAGGAACGATG_017,123
ACAAGCCGAGAGGAACGATG_018,35
CAGTCTGGGATCGTAGCATG_001,198
GGCCCGAGCTTACCCGTGAG_001,175
GGCCCGAGCTTACCCGTGAG_002,62
GGCCCGAGCTTACCCGTGAG_003,195
GGCCCGAGCTTACCCGTGAG_004,154
GGCCCGAGCTTACCCGTGAG_005,175
GGCCCGAGCTTACCCGTGAG_006,161
GGCCCGAGCTTACCCGTGAG_007,184
GGCCCGAGCTTACCCGTGAG_008,175
GGCCCGAGCTTACCCGTGAG_009,184
GGCCCGAGCTTACCCGTGAG_010,35
GGCCCGAGCTTACCCGTGAG_011,162
GTGGCACCACACCGTCAGCG_001,188
GTGGCACCACACCGTCAGCG_002,106
GTGGCACCACACCGTCAGCG_003,175
GTGGCACCACACCGTCAGCG_004,19
GTGGCACCACACCGTCAGCG_005,161
GTGGCACCACACCGTCAGCG_006,67
GTGGCACCACACCGTCAGCG_007,43
GTGGCACCACACCGTCAGCG_008,106
GTGGCACCACACCGTCAGCG_009,184
GTGGCACCACACCGTCAGCG_010,2
GTGGCACCACACCGTCAGCG_011,28
GTGGCACCACACCGTCAGCG_012,105
GTGGCACCACACCGTCAGCG_013,166
GTGGCACCACACCGTCAGCG_014,128
AGATCGAAAACGCAAGCAAG_001,154
AGATCGAAAACGCAAGCAAG_002,107
AGATCGAAAACGCAAGCAAG_003,171
AGATCGAAAACGCAAGCAAG_004,51
AGATCGAAAACGCAAGCAAG_005,77
AGATCGAAAACGCAAGCAAG_006,50
AGATCGAAAACGCAAGCAAG_007,144
AGATCGAAAACGCAAGCAAG_008,48
AGATCGAAAACGCAAGCAAG_009,104
AGATCGAAAACGCAAGCAAG_010,147
AGATCGAAAACGCAAGCAAG_011,151
AGATCGAAAACGCAAGCAAG_012,118
AGATCGAAAACGCAAGCAAG_013,57
AGATCGAAAACGCAAGCAAG_014,146
TCCGGGGAGTAAAGGTCCGG_001,67
TCCGGGGAGTAAAGGTCCGG_002,197
TCCGGGGAGTAAAGGTCCGG_003,33
TCCGGGGAGTAAAGGTCCGG_004,22
TCCGGGGAGTAAAGGTCCGG_005,135
TCCGGGGAGTAAAGGTCCGG_006,135
TCCGGGGAGTAAAGGTCCGG_007,115
TCCGGGGAGTAAAGGTCCGG_008,56
CAGGCACCTTGATGTCTGTG_001,64
CAGGCACCTTGATGTCTGTG_002,65
CAGGCACCTTGATGTCTGTG_003,176
CAGGCACCTTGATGTCTGTG_004,56
AATGATCCACACCACAGCAC_001,105
AATGATCCACACCACAGCAC_002,76
AATGATCCACACCACAGCAC_003,119
AATGATCCACACCACAGCAC_004,35
AATGATCCACACCACAGCAC_005,173
AATGATCCACACCACAGCAC_006,9
AATGATCCACACCACAGCAC_007,184
AATGATCCACACCACAGCAC_008,35
TCTGCCCTGAGGTATGCGAT_001,71
TCTGCCCTGAGGTATGCGAT_002,80
TCTGCCCTGAGGTATGCGAT_003,127
TCTGCCCTGAGGTATGCGAT_004,146
TCTGCCCTGAGGTATGCGAT_005,134
TCTGCCCTGAGGTATGCGAT_006,135
TCTGCCCTGAGGTATGCGAT_007,135
TCTGCCCTGAGGTATGCGAT_008,149
TCTGCCCTGAGGTATGCGAT_009,45
TCTGCCCTGAGGTATGCGAT_010,115
ATGAACATGTCGTCGTACGT_001,53
ATGAACATGTCGTCGTACGT_002,82
ATGAACATGTCGTCGTACGT_003,77
ATGAACATGTCGTCGTACGT_004,0
ATGAACATGTCGTCGTACGT_005,165
ATGAACATGTCGTCGTACGT_006,97
GACCACCTGACTGAGGCTAG_001,150
GACCACCTGACTGAGGCTAG_002,140
GACCACCTGACTGAGGCTAG_003,70
GACCACCTGACTGAGGCTAG_004,5
GACCACCTGACTGAGGCTAG_005,112
GACCACCTGACTGAGGCTAG_006,174
GACCACCTGACTGAGGCTAG_007,116
GACCAGGATTGCCAATGCTA_001,106
GACCAGGATTGCCAATGCTA_002,179
GACCAGGATTGCCAATGCTA_003,170
GACCAGGATTGCCAATGCTA_004,94
GACCAGGATTGCCAATGCTA_005,63
GACCAGGATTGCCAATGCTA_006,69
GACCAGGATTGCCAATGCTA_007,141
GACCAGGATTGCCAATGCTA_008,69
GACCAGGATTGCCAATGCTA_009,22
GACCAGGATTGCCAATGCTA_010,127
GACCAGGATTGCCAATGCTA_011,107
ATCATGTAAGAACCTCCCCA_001,199
ATCATGTAAGAACCTCCCCA_002,185
ATCATGTAAGAACCTCCCCA_003,80
ATCATGTAAGAACCTCCCCA_004,76
ATCATGTAAGAACCTCCCCA_005,141
ATCATGTAAGAACCTCCCCA_006,12
ATCATGTAAGAACCTCCCCA_007,128
ATCATGTAAGAACCTCCCCA_008,122
ATCATGTAAGAACCTCCCCA_009,34
ATCATGTAAGAACCTCCCCA_010,102
ATCATGTAAGAACCTCCCCA_011,102
ATCATGTAAGAACCTCCCCA_012,153
ATCATGTAAGAACCTCCCCA_013,170
ATCATGTAAGAACCTCCCCA_014,175
ATCATGTAAGAACCTCCCCA_015,54
ATCATGTAAGAACCTCCCCA_016,41
ATCATGTAAGAACCTCCCCA_017,170
ATCATGTAAGAACCTCCCCA_018,113
ATCATGTAAGAACCTCCCCA_019,168
ATCATGTAAGAACCTCCCCA_020,141
ATCATGTAAGAACCTCCCCA_021,52
ATCATGTAAGAACCTCCCCA_022,150
ATCATGTAAGAACCTCCCCA_023,2
ATCATGTAAGAACCTCCCCA_024,105
GACGGAAAATCGCTACAGTC_001,125
GACGGAAAATCGCTACAGTC_002,142
GACGGAAAATCGCTACAGTC_003,188
GACGGAAAATCGCTACAGTC_004,60
GACGGAAAATCGCTACAGTC_005,54
GACGGAAAATCGCTACAGTC_006,149
GACGGAAAATCGCTACAGTC_007,38
GACGGAAAATCGCTACAGTC_008,52
GACGGAAAATCGCTACAGTC_009,14
GACGGAAAATCGCTACAGTC_010,10
GACGGAAAATCGCTACAGTC_011,151
ATGCACAAGTTATTCTGGTG_001,159
ATGCACAAGTTATTCTGGTG_002,171
ATGCACAAGTTATTCTGGTG_003,81
GAGGGAAGATATTCACGACA_001,115
GAGGGAAGATATTCACGACA_002,45
GAGGGAAGATATTCACGACA_003,55
GAGGGAAGATATTCACGACA_004,126
GAGGGAAGATATTCACGACA_005,71
GAGGGAAGATATTCACGACA_006,5
GAGGGAAGATATTCACGACA_007,160
CCCAGGGAACAATCTGCATG_001,197
CCCAGGGAACAATCTGCATG_002,170
GATGAGCGACCCAACATCTG_001,157
GATGAGCGACCCAACATCTG_002,48
GATGAGCGACCCAACATCTG_003,188
GATGAGCGACCCAACATCTG_004,192
GATGAGCGACCCAACATCTG_005,176
GATGAGCGACCCAACATCTG_006,21
GATGAGCGACCCAACATCTG_007,77
GATGAGCGACCCAACATCTG_008,38
GATGAGCGACCCAACATCTG_009,40
CCTCTTACCGAACTGCCGCG_001,170
CCTCTTACCGAACTGCCGCG_002,52
CCTCTTACCGAACTGCCGCG_003,152
CCTCTTACCGAACTGCCGCG_004,49
CCTCTTACCGAACTGCCGCG_005,166
CCTCTTACCGAACTGCCGCG_006,70
CCTCTTACCGAACTGCCGCG_007,50
CCTCTTACCGAACTGCCGCG_008,83
CCTCTTACCGAACTGCCGCG_009,3
CCTCTTACCGAACTGCCGCG_010,28
GCTGCCACAGTCAACGACAG_001,41
GCTGCCACAGTCAACGACAG_002,145
GCTGCCACAGTCAACGACAG_003,81
GCTGCCACAGTCAACGACAG_004,70
GCTGCCACAGTCAACGACAG_005,156
GCTGCCACAGTCAACGACAG_006,25
GCTGCCACAGTCAACGACAG_007,114
GCTGCCACAGTCAACGACAG_008,127
GCTGCCACAGTCAACGACAG_009,48
CATTACGCAACCTGTAGTTG_001,138
CATTACGCAACCTGTAGTTG_002,106
CATTACGCAACCTGTAGTTG_003,156
CATTACGCAACCTGTAGTTG_004,157
CATTACGCAACCTGTAGTTG_005,138
CATTACGCAACCTGTAGTTG_006,56
CATTACGCAACCTGTAGTTG_007,17
CATTACGCAACCTGTAGTTG_008,40
CATTACGCAACCTGTAGTTG_009,48
CATTACGCAACCTGTAGTTG_010,37
GGAACATGAGCAGAACCCGC_001,108
GGAACATGAGCAGAACCCGC_002,121
GGAACATGAGCAGAACCCGC_003,68
AGGCTGTAGCTCGAAACCGT_001,147
AGGCTGTAGCTCGAAACCGT_002,166
AGGCTGTAGCTCGAAACCGT_003,106
AGGCTGTAGCTCGAAACCGT_004,185
AGGCTGTAGCTCGAAACCGT_005,181
AGGCTGTAGCTCGAAACCGT_006,191
AGGCTGTAGCTCGAAACCGT_007,171
AGGCTGTAGCTCGAAACCGT_008,57
AGGCTGTAGCTCGAAACCGT_009,122
AGGCTGTAGCTCGAAACCGT_010,141
AGGCTGTAGCTCGAAACCGT_011,124
AGGCTGTAGCTCGAAACCGT_012,13
AGGCTGTAGCTCGAAACCGT_013,41
AGGCTGTAGCTCGAAACCGT_014,26
AGGCTGTAGCTCGAAACCGT_015,127
AGGCTGTAGCTCGAAACCGT_016,14
AGGCTGTAGCTCGAAACCGT_017,183
AGGCTGTAGCTCGAAACCGT_018,145
AGGCTGTAGCTCGAAACCGT_019,186
AGGCTGTAGCTCGAAACCGT_020,41
AGGCTGTAGCTCGAAACCGT_021,199
AGGCTGTAGCTCGAAACCGT_022,134
AGGCTGTAGCTCGAAACCGT_023,37
AGGCTGTAGCTCGAAACCGT_024,78
AGGCTGTAGCTCGAAACCGT_025,19
AGGCTGTAGCTCGAAACCGT_026,73
AGGCTGTAGCTCGAAACCGT_027,110
GTGGTGCGGTAAGGGTACGG_001,180
GTGGTGCGGTAAGGGTACGG_002,16
GTGGTGCGGTAAGGGTACGG_003,59
GTGGTGCGGTAAGGGTACGG_004,114
GTGGTGCGGTAAGGGTACGG_005,114
GTGGTGCGGTAAGGGTACGG_006,4
GTGGTGCGGTAAGGGTACGG_007,48
GTGGTGCGGTAAGGGTACGG_008,1
GTGGTGCGGTAAGGGTACGG_009,107
GTGGTGCGGTAAGGGTACGG_010,7
GTGGTGCGGTAAGGGTACGG_011,73
GTGGTGCGGTAAGGGTACGG_012,10
GTGGTGCGGTAAGGGTACGG_013,147
GTGGTGCGGTAAGGGTACGG_014,136
GTGGTGCGGTAAGGGTACGG_015,40
GTGGTGCGGTAAGGGTACGG_016,32
GTGGTGCGGTAAGGGTACGG_017,199
GTGGTGCGGTAAGGGTACGG_018,41
GTGGTGCGGTAAGGGTACGG_019,53
GTGGTGCGGTAAGGGTACGG_020,41
GTGGTGCGGTAAGGGTACGG_021,116
GTGGTGCGGTAAGGGTACGG_022,158
GTGGTGCGGTAAGGGTACGG_023,141
GTGGTGCGGTAAGGGTACGG_024,23
GTGGTGCGGTAAGGGTACGG_025,31
GTGGTGCGGTAAGGGTACGG_026,45
GTGGTGCGGTAAGGGTACGG_027,152
GTGGTGCGGTAAGGGTACGG_028,159
GTGGTGCGGTAAGGGTACGG_029,170
GTGGTGCGGTAAGGGTACGG_030,115
GTGGTGCGGTAAGGGTACGG_031,112
GTGGTGCGGTAAGGGTACGG_032,66
GTGGTGCGGTAAGGGTACGG_033,31
GTGGTGCGGTAAGGGTACGG_034,61
GTGGTGCGGTAAGGGTACGG_035,115
GTGGTGCGGTAAGGGTACGG_036,56
GTGGTGCGGTAAGGGTACGG_037,175
GTGGTGCGGTAAGGGTACGG_038,34
GTGGTGCGGTAAGGGTACGG_039,185
GTGGTGCGGTAAGGGTACGG_040,170
GTGGTGCGGTAAGGGTACGG_041,187
TGCACGTGGGACTGGCAGCA_001,15
TGCACGTGGGACTGGCAGCA_002,94
TGCACGTGGGACTGGCAGCA_003,188
TGCACGTGGGACTGGCAGCA_004,198
TGCACGTGGGACTGGCAGCA_005,29
TGCACGTGGGACTGGCAGCA_006,96
TCCATGTATAAGGTTACCAC_001,88
TCCATGTATAAGGTTACCAC_002,50
TCCATGTATAAGGTTACCAC_003,197
TCCATGTATAAGGTTACCAC_004,50
TCCATGTATAAGGTTACCAC_005,67
TCCATGTATAAGGTTACCAC_006,113
TCCATGTATAAGGTTACCAC_007,96
TCCATGTATAAGGTTACCAC_008,7
TCCATGTATAAGGTTACCAC_009,194
TCCATGTATAAGGTTACCAC_010,180
TCCATGTATAAGGTTACCAC_011,35
ATTGCGCAATCCTTAGGATA_001,80
ATTGCGCAATCCTTAGGATA_002,105
ATTGCGCAATCCTTAGGATA_003,58
ATTGCGCAATCCTTAGGATA_004,98
ATTGCGCAATCCTTAGGATA_005,50
ATTGCGCAATCCTTAGGATA_006,15
ATTGCGCAATCCTTAGGATA_007,78
ATTGCGCAATCCTTAGGATA_008,16
ATTGCGCAATCCTTAGGATA_009,72
ATTGCGCAATCCTTAGGATA_010,41
ATTGCGCAATCCTTAGGATA_011,94
ATTGCGCAATCCTTAGGATA_012,155
ATTGCGCAATCCTTAGGATA_013,156
ATTGCGCAATCCTTAGGATA_014,0
ATTGCGCAATCCTTAGGATA_015,130
ATTGCGCAATCCTTAGGATA_016,115
ATTGCGCAATCCTTAGGATA_017,99
ATTGCGCAATCCTTAGGATA_018,63
GGTAATTCGGGCCTTCGAAG_001,130
GGTAATTCGGGCCTTCGAAG_002,63
GGTAATTCGGGCCTTCGAAG_003,140
GGTAATTCGGGCCTTCGAAG_004,116
GGTAATTCGGGCCTTCGAAG_005,86
GGTAATTCGGGCCTTCGAAG_006,88
GGTAATTCGGGCCTTCGAAG_007,163
GGTAATTCGGGCCTTCGAAG_008,6
GGTAATTCGGGCCTTCGAAG_009,6
GGTAATTCGGGCCTTCGAAG_010,83
GGTAATTCGGGCCTTCGAAG_011,98
GGTAATTCGGGCCTTCGAAG_012,56
GGTAATTCGGGCCTTCGAAG_013,1
GGTAATTCGGGCCTTCGAAG_014,9
GGTAATTCGGGCCTTCGAAG_015,102
GGTAATTCGGGCCTTCGAAG_016,16
GGTAATTCGGGCCTTCGAAG_017,94
GGTAATTCGGGCCTTCGAAG_018,198
GGTAATTCGGGCCTTCGAAG_019,154
GGTAATTCGGGCCTTCGAAG_020,43
GTAAAATCACCTTCAAGTCG_001,121
GTAAAATCACCTTCAAGTCG_002,29
GTAAAATCACCTTCAAGTCG_003,60
GTAAAATCACCTTCAAGTCG_004,42
GTAAAATCACCTTCAAGTCG_005,33
GTAAAATCACCTTCAAGTCG_006,147
GTAAAATCACCTTCAAGTCG_007,103
GTAAAATCACCTTCAAGTCG_008,68
GTAAAATCACCTTCAAGTCG_009,142
CAGAGCGCTAAGTTTCAAGG_001,25
CAGAGCGCTAAGTTTCAAGG_002,56
CAGAGCGCTAAGTTTCAAGG_003,176
CAGAGCGCTAAGTTTCAAGG_004,199
CTGCCACGCACCATCTGGGA_001,169
CTGCCACGCACCATCTGGGA_002,114
CTGCCACGCACCATCTGGGA_003,112
CTGCCACGCACCATCTGGGA_004,169
CTGCCACGCACCATCTGGGA_005,116
CTGCCACGCACCATCTGGGA_006,35
CTGCCACGCACCATCTGGGA_007,61
GACATGCCCCTCACTGCTCG_001,27
GACATGCCCCTCACTGCTCG_002,170
GACATGCCCCTCACTGCTCG_003,144
GACATGCCCCTCACTGCTCG_004,44
GACATGCCCCTCACTGCTCG_005,53
GACATGCCCCTCACTGCTCG_006,95
GACATGCCCCTCACTGCTCG_007,16
GACATGCCCCTCACTGCTCG_008,113
GACATGCCCCTCACTGCTCG_009,130
GACATGCCCCTCACTGCTCG_010,38
GACATGCCCCTCACTGCTCG_011,56
GACATGCCCCTCACTGCTCG_012,152
GACATGCCCCTCACTGCTCG_013,136
GACATGCCCCTCACTGCTCG_014,13
GACATGCCCCTCACTGCTCG_015,1
GACATGCCCCTCACTGCTCG_016,9
GACATGCCCCTCACTGCTCG_017,191
AGGGGCAGAAACAGAAACCA_001,83
AGGGGCAGAAACAGAAACCA_002,84
AGGGGCAGAAACAGAAACCA_003,27
AGGGGCAGAAACAGAAACCA_004,129
ATGTACACGAAGGCCCGCGG_001,183
ATGTACACGAAGGCCCGCGG_002,68
ATGTACACGAAGGCCCGCGG_003,11
ATGTACACGAAGGCCCGCGG_004,19
ATGTACACGAAGGCCCGCGG_005,160
ATGTACACGAAGGCCCGCGG_006,65
ATGTACACGAAGGCCCGCGG_007,17
ATGTACACGAAGGCCCGCGG_008,74
ATGTACACGAAGGCCCGCGG_009,168
ATGTACACGAAGGCCCGCGG_010,144
ATGTACACGAAGGCCCGCGG_011,115
ATGTACACGAAGGCCCGCGG_012,108
ATGTACACGAAGGCCCGCGG_013,110
ATGTACACGAAGGCCCGCGG_014,89
ATGTACACGAAGGCCCGCGG_015,29
ATGTACACGAAGGCCCGCGG_016,146
ATGTACACGAAGGCCCGCGG_017,111
ATGTACACGAAGGCCCGCGG_018,158
ATGTACACGAAGGCCCGCGG_019,65
ATGTACACGAAGGCCCGCGG_020,48
ATGTACACGAAGGCCCGCGG_021,77
ATGTACACGAAGGCCCGCGG_022,27
ATGTACACGAAGGCCCGCGG_023,176
ATGTACACGAAGGCCCGCGG_024,29
ATGTACACGAAGGCCCGCGG_025,169
ATGTACACGAAGGCCCGCGG_026,81
ATGTACACGAAGGCCCGCGG_027,140
ATGTACACGAAGGCCCGCGG_028,67
ATGTACACGAAGGCCCGCGG_029,79
ATGTACACGAAGGCCCGCGG_030,169
GCAGCAGAATGAGAGTGCAG_001,74
GCAGCAGAATGAGAGTGCAG_002,104
GCAGCAGAATGAGAGTGCAG_003,121
GCAGCAGAATGAGAGTGCAG_004,27
GCAGCAGAATGAGAGTGCAG_005,170
GCGCACACAGAAAAACGTGA_001,126
GCGCACACAGAAAAACGTGA_002,160
GCGCACACAGAAAAACGTGA_003,42
GCGCACACAGAAAAACGTGA_004,166
GCGCACACAGAAAAACGTGA_005,140
GCGCACACAGAAAAACGTGA_006,175
GCGCACACAGAAAAACGTGA_007,141
GCGCACACAGAAAAACGTGA_008,188
GCGCACACAGAAAAACGTGA_009,68
GCGCACACAGAAAAACGTGA_010,134
AAGGGACTCTGATCATCGAG_001,48
AAGGGACTCTGATCATCGAG_002,63
AAGGGACTCTGATCATCGAG_003,50
AAGGGACTCTGATCATCGAG_004,149
AAGGGACTCTGATCATCGAG_005,52
AAGGGACTCTGATCATCGAG_006,148
AAGGGACTCTGATCATCGAG_007,72
AAGGGACTCTGATCATCGAG_008,72
AAGGGACTCTGATCATCGAG_009,125
AAGGGACTCTGATCATCGAG_010,62
AAGGGACTCTGATCATCGAG_011,159
AAGGGACTCTGATCATCGAG_012,10
AAGGGACTCTGATCATCGAG_013,94
AAGGGACTCTGATCATCGAG_014,49
AAGGGACTCTGATCATCGAG_015,130
AAGGGACTCTGATCATCGAG_016,28
AAGGGACTCTGATCATCGAG_017,4
AAGGGACTCTGATCATCGAG_018,170
AAGGGACTCTGATCATCGAG_019,138
AAGGGACTCTGATCATCGAG_020,104
GCTTGGGAATAGGGTCCGGA_001,47
GCTTGGGAATAGGGTCCGGA_002,101
GCTTGGGAATAGGGTCCGGA_003,93
GCTTGGGAATAGGGTCCGGA_004,15
GCTTGGGAATAGGGTCCGGA_005,93
GCTTGGGAATAGGGTCCGGA_006,107
GCTTGGGAATAGGGTCCGGA_007,182
GCTTGGGAATAGGGTCCGGA_008,106
GCTTGGGAATAGGGTCCGGA_009,88
GCTTGGGAATAGGGTCCGGA_010,151
GCTTGGGAATAGGGTCCGGA_011,170
GCTTGGGAATAGGGTCCGGA_012,86
GCTTGGGAATAGGGTCCGGA_013,194
GCTTGGGAATAGGGTCCGGA_014,5
GCTTGGGAATAGGGTCCGGA_015,41
GCTTGGGAATAGGGTCCGGA_016,156
GCTTGGGAATAGGGTCCGGA_017,137
GCTTGGGAATAGGGTCCGGA_018,34
GCTTGGGAATAGGGTCCGGA_019,199
GCTTGGGAATAGGGTCCGGA_020,149
GCTTGGGAATAGGGTCCGGA_021,67
GCTTGGGAATAGGGTCCGGA_022,35
GGTACCGATTGCCCCCCACC_001,188
GGTACCGATTGCCCCCCACC_002,105
GGTACCGATTGCCCCCCACC_003,160
GGTACCGATTGCCCCCCACC_004,62
GGTACCGATTGCCCCCCACC_005,106
GGTACCGATTGCCCCCCACC_006,63
GGTACCGATTGCCCCCCACC_007,169
GGTACCGATTGCCCCCCACC_008,15
GGTACCGATTGCCCCCCACC_009,198
GTGCTGCACAAGGTAGCGAA_001,120
GTGCTGCACAAGGTAGCGAA_002,16
GTGCTGCACAAGGTAGCGAA_003,134
GTGCTGCACAAGGTAGCGAA_004,34
GTGCTGCACAAGGTAGCGAA_005,60
GTGCTGCACAAGGTAGCGAA_006,65
GTGCTGCACAAGGTAGCGAA_007,11
GTGCTGCACAAGGTAGCGAA_008,14
GCTGGCATCGATACCAACGT_001,100
GCTGGCATCGATACCAACGT_002,83
GCTGGCATCGATACCAACGT_003,154
GCTGGCATCGATACCAACGT_004,115
GCTGGCATCGATACCAACGT_005,128
GCTGGCATCGATACCAACGT_006,118
TCTACACTATGTACCTCACC_001,155
GCTGAGAAAAGTGCACTCCA_001,66
GCTGAGAAAAGTGCACTCCA_002,193
GCTGAGAAAAGTGCACTCCA_003,88
GCTGAGAAAAGTGCACTCCA_004,14
GCTGAGAAAAGTGCACTCCA_005,38
ACTTACCATCACTGTCAGAG_001,90
ACTTACCATCACTGTCAGAG_002,130
ACTTACCATCACTGTCAGAG_003,40
ACTTACCATCACTGTCAGAG_004,126
ACTTACCATCACTGTCAGAG_005,57
ACTTACCATCACTGTCAGAG_006,56
ACTTACCATCACTGTCAGAG_007,81
ACTTACCATCACTGTCAGAG_008,169
ACTTACCATCACTGTCAGAG_009,166
ACTTACCATCACTGTCAGAG_010,5
ACTTACCATCACTGTCAGAG_011,123
ACTTACCATCACTGTCAGAG_012,1
ACTTACCATCACTGTCAGAG_013,69
ACTTACCATCACTGTCAGAG_014,177
ACTTACCATCACTGTCAGAG_015,127
ACTTACCATCACTGTCAGAG_016,130
ACTTACCATCACTGTCAGAG_017,149
ACTTACCATCACTGTCAGAG_018,157
ACTTACCATCACTGTCAGAG_019,90
GAGCGTCAGCAGTCACACCG_001,88
GAGCGTCAGCAGTCACACCG_002,48
GAGCGTCAGCAGTCACACCG_003,54
GAGCGTCAGCAGTCACACCG_004,53
GAGCGTCAGCAGTCACACCG_005,32
GAGCGTCAGCAGTCACACCG_006,15
GAGCGTCAGCAGTCACACCG_007,150
GAGCGTCAGCAGTCACACCG_008,121
GAGCGTCAGCAGTCACACCG_009,171
GAGCGTCAGCAGTCACACCG_010,50
GAGCGTCAGCAGTCACACCG_011,75
GAGCGTCAGCAGTCACACCG_012,95
GAGCGTCAGCAGTCACACCG_013,13
GAGCGTCAGCAGTCACACCG_014,99
GAGCGTCAGCAGTCACACCG_015,14
GAGCGTCAGCAGTCACACCG_016,139
GAGCGTCAGCAGTCACACCG_017,43
GAGCGTCAGCAGTCACACCG_018,152
GAGCGTCAGCAGTCACACCG_019,45
GAGCGTCAGCAGTCACACCG_020,192
GAGCGTCAGCAGTCACACCG_021,145
GAGCGTCAGCAGTCACACCG_022,34
GAGCGTCAGCAGTCACACCG_023,10
GAGCGTCAGCAGTCACACCG_024,28
GAGCGTCAGCAGTCACACCG_025,50
GAGCGTCAGCAGTCACACCG_026,172
AATGGCATGGATCTCAGCGT_001,37
AATGGCATGGATCTCAGCGT_002,121
AATGGCATGGATCTCAGCGT_003,61
AATGGCATGGATCTCAGCGT_004,9
AATGGCATGGATCTCAGCGT_005,42
AATGGCATGGATCTCAGCGT_006,59
AATGGCATGGATCTCAGCGT_007,170
AATGGCATGGATCTCAGCGT_008,160
AATGGCATGGATCTCAGCGT_009,149
AATGGCATGGATCTCAGCGT_010,9
GCACCTGAGATAATTGACCA_001,174
GCACCTGAGATAATTGACCA_002,142
GCACCTGAGATAATTGACCA_003,76
GCACCTGAGATAATTGACCA_004,58
GCACCTGAGATAATTGACCA_005,41
GCACCTGAGATAATTGACCA_006,101
GCACCTGAGATAATTGACCA_007,97
GCACCTGAGATAATTGACCA_008,41
GCACCTGAGATAATTGACCA_009,53
GCACCTGAGATAATTGACCA_010,32
CTCCATAATCCGGACCACAA_001,32
CTCCATAATCCGGACCACAA_002,133
CTCCATAATCCGGACCACAA_003,95
CTCCATAATCCGGACCACAA_004,62
CTCCATAATCCGGACCACAA_005,17
CTCCATAATCCGGACCACAA_006,150
CTCCATAATCCGGACCACAA_007,78
CTCCATAATCCGGACCACAA_008,77
CTCCATAATCCGGACCACAA_009,60
CTCCATAATCCGGACCACAA_010,43
CTCCATAATCCGGACCACAA_011,184
CTCCATAATCCGGACCACAA_012,169
CTCCATAATCCGGACCACAA_013,27
CTCCATAATCCGGACCACAA_014,27
CTCCATAATCCGGACCACAA_015,81
CTCCATAATCCGGACCACAA_016,44
CTCCATAATCCGGACCACAA_017,139
CTCCATAATCCGGACCACAA_018,30
CTCCATAATCCGGACCACAA_019,197
CTCCATAATCCGGACCACAA_020,91
CTCCATAATCCGGACCACAA_021,100
CTCCATAATCCGGACCACAA_022,127
CTCCATAATCCGGACCACAA_023,76
CTCCATAATCCGGACCACAA_024,115
CTCCATAATCCGGACCACAA_025,146
CTCCATAATCCGGACCACAA_026,182
CTCCATAATCCGGACCACAA_027,172
CTCCATAATCCGGACCACAA_028,121
CTCCATAATCCGGACCACAA_029,106
CTCCATAATCCGGACCACAA_030,49
CTCCATAATCCGGACCACAA_031,2
CTCCATAATCCGGACCACAA_032,86
CTCCATAATCCGGACCACAA_033,19
GTGACCACCAGACAGACCTT_001,15
GTGACCACCAGACAGACCTT_002,107
GTGACCACCAGACAGACCTT_003,80
GTGACCACCAGACAGACCTT_004,72
GTGACCACCAGACAGACCTT_005,123
GTGACCACCAGACAGACCTT_006,166
GTGACCACCAGACAGACCTT_007,148
GTGACCACCAGACAGACCTT_008,86
GTGACCACCAGACAGACCTT_009,104
ACACGTAGCCACCTTTACAG_001,8
ACACGTAGCCACCTTTACAG_002,134
ACACGTAGCCACCTTTACAG_003,20
ACACGTAGCCACCTTTACAG_004,155
ACACGTAGCCACCTTTACAG_005,32
ACACGTAGCCACCTTTACAG_006,1
ACACGTAGCCACCTTTACAG_007,5
ACACGTAGCCACCTTTACAG_008,141
ACACGTAGCCACCTTTACAG_009,34
ACACGTAGCCACCTTTACAG_010,96
ACACGTAGCCACCTTTACAG_011,106
ACACGTAGCCACCTTTACAG_012,111
ACACGTAGCCACCTTTACAG_013,1
ACACGTAGCCACCTTTACAG_014,34
ACACGTAGCCACCTTTACAG_015,61
ACACGTAGCCACCTTTACAG_016,39
ACACGTAGCCACCTTTACAG_017,87
ACACGTAGCCACCTTTACAG_018,87
ACACGTAGCCACCTTTACAG_019,160
GCAAACCTTACACTGGGTGT_001,10
GCAAACCTTACACTGGGTGT_002,123
GCAAACCTTACACTGGGTGT_003,110
GCAAACCTTACACTGGGTGT_004,76
GCAAACCTTACACTGGGTGT_005,15
GCAAACCTTACACTGGGTGT_006,192
GCAAACCTTACACTGGGTGT_007,121
GCAAACCTTACACTGGGTGT_008,182
GCAAACCTTACACTGGGTGT_009,56
GCAAACCTTACACTGGGTGT_010,94
ACTTCGACGTCGCGGACCTG_001,48
ACTTCGACGTCGCGGACCTG_002,135
ACTTCGACGTCGCGGACCTG_003,18
ACTTCGACGTCGCGGACCTG_004,70
ACTTCGACGTCGCGGACCTG_005,105
ACTTCGACGTCGCGGACCTG_006,170
ACTTCGACGTCGCGGACCTG_007,58
CCAAGGACCTGTTACTACTG_001,6
CCAAGGACCTGTTACTACTG_002,108
CCAAGGACCTGTTACTACTG_003,75
CCAAGGACCTGTTACTACTG_004,166
CCAAGGACCTGTTACTACTG_005,49
CCAAGGACCTGTTACTACTG_006,198
TACACCTTCCAGATCAGAGT_001,105
TACACCTTCCAGATCAGAGT_002,197
TACACCTTCCAGATCAGAGT_003,152
TACACCTTCCAGATCAGAGT_004,191
ACCCACAAGACTACCTCCGT_001,169
ACCCACAAGACTACCTCCGT_002,46
ACCCACAAGACTACCTCCGT_003,29
ACCCACAAGACTACCTCCGT_004,81
ACCCACAAGACTACCTCCGT_005,189
ACCCACAAGACTACCTCCGT_006,27
ACCCACAAGACTACCTCCGT_007,29
ACCCACAAGACTACCTCCGT_008,57
AGTTGGAAAGGTCGTGATGG_001,191
AGTTGGAAAGGTCGTGATGG_002,53
AGTTGGAAAGGTCGTGATGG_003,156
AGTTGGAAAGGTCGTGATGG_004,156
AGTTGGAAAGGTCGTGATGG_005,137
AGTTGGAAAGGTCGTGATGG_006,62
AGTTGGAAAGGTCGTGATGG_007,188
AGTTGGAAAGGTCGTGATGG_008,109
AGTTGGAAAGGTCGTGATGG_009,70
AGTTGGAAAGGTCGTGATGG_010,42
AGTTGGAAAGGTCGTGATGG_011,177
AGTTGGAAAGGTCGTGATGG_012,35
GCGAGATACAAAAACAGTGA_001,7
GCGAGATACAAAAACAGTGA_002,53
AAGTTCTAACCAATAAGAGA_001,144
AAGTTCTAACCAATAAGAGA_002,17
AAGTTCTAACCAATAAGAGA_003,196
AAGTTCTAACCAATAAGAGA_004,69
AAGTTCTAACCAATAAGAGA_005,33
CTCTGCCACATGGATTGTCA_001,98
CTCTGCCACATGGATTGTCA_002,78
CTCTGCCACATGGATTGTCA_003,199
CTCTGCCACATGGATTGTCA_004,137
CTCTGCCACATGGATTGTCA_005,178
CTCTGCCACATGGATTGTCA_006,177
CTCTGCCACATGGATTGTCA_007,38
CTCTGCCACATGGATTGTCA_008,77
CTCTGCCACATGGATTGTCA_009,192
CTCTGCCACATGGATTGTCA_010,124
CTCTGCCACATGGATTGTCA_011,180
CTCTGCCACATGGATTGTCA_012,39
CTCTGCCACATGGATTGTCA_013,26
CTCTGCCACATGGATTGTCA_014,198
GGCAGGATGAAATCGTGCAG_001,177
GGCAGGATGAAATCGTGCAG_002,49
GGCAGGATGAAATCGTGCAG_003,89
GGCAGGATGAAATCGTGCAG_004,19
GGCAGGATGAAATCGTGCAG_005,40
GGCAGGATGAAATCGTGCAG_006,183
GGCAGGATGAAATCGTGCAG_007,34
TCCAGTCAAACGAGCGTCTG_001,62
TCCAGTCAAACGAGCGTCTG_002,60
TCCAGTCAAACGAGCGTCTG_003,184
TCCAGTCAAACGAGCGTCTG_004,41
TCCAGTCAAACGAGCGTCTG_005,94
TCCAGTCAAACGAGCGTCTG_006,57
TCCAGTCAAACGAGCGTCTG_007,182
TCCAGTCAAACGAGCGTCTG_008,62
TCCAGTCAAACGAGCGTCTG_009,168
TCCAGTCAAACGAGCGTCTG_010,87
TCCAGTCAAACGAGCGTCTG_011,180
AGTGGTCTATGGCTCAGCAA_001,121
AGTGGTCTATGGCTCAGCAA_002,66
AGTGGTCTATGGCTCAGCAA_003,155
AGTGGTCTATGGCTCAGCAA_004,158
AGTGGTCTATGGCTCAGCAA_005,16
AGTGGTCTATGGCTCAGCAA_006,194
AGTGGTCTATGGCTCAGCAA_007,89
AGTGGTCTATGGCTCAGCAA_008,105
AGTGGTCTATGGCTCAGCAA_009,191
TATTAGGAATGACAGTGATG_001,88
TATTAGGAATGACAGTGATG_002,34
TATTAGGAATGACAGTGATG_003,130
TATTAGGAATGACAGTGATG_004,188
TATTAGGAATGACAGTGATG_005,17
TATTAGGAATGACAGTGATG_006,60
TGTTCTTATTGGATATGTGT_001,55
TGTTCTTATTGGATATGTGT_002,157
TGTTCTTATTGGATATGTGT_003,66
TGTGTTACCAACAGACCATG_001,37
TGTGTTACCAACAGACCATG_002,156
TGTGTTACCAACAGACCATG_003,156
TGTGTTACCAACAGACCATG_004,76
TGTGTTACCAACAGACCATG_005,52
TGTGTTACCAACAGACCATG_006,151
TGTGTTACCAACAGACCATG_007,197
TGTGTTACCAACAGACCATG_008,14
TGTGTTACCAACAGACCATG_009,84
GACAGCCAAGCACCCGCCGC_001,124
GACAGCCAAGCACCCGCCGC_002,146
GACAGCCAAGCACCCGCCGC_003,55
GACAGCCAAGCACCCGCCGC_004,131
CCTGCCCAAACAGGACAGAG_001,27
CCTGCCCAAACAGGACAGAG_002,18
CCTGCCCAAACAGGACAGAG_003,149
CCTGCCCAAACAGGACAGAG_004,50
CCTGCCCAAACAGGACAGAG_005,148
CCTGCCCAAACAGGACAGAG_006,130
CCTGCCCAAACAGGACAGAG_007,93
CCTGCCCAAACAGGACAGAG_008,63
CCTGCCCAAACAGGACAGAG_009,149
CCTGCCCAAACAGGACAGAG_010,168
CCTGCCCAAACAGGACAGAG_011,57
CCTGCCCAAACAGGACAGAG_012,11
CATCGACTTCCTTAATTGAG_001,38
CATCGACTTCCTTAATTGAG_002,34
CATCGACTTCCTTAATTGAG_003,72
CATCGACTTCCTTAATTGAG_004,119
CATCGACTTCCTTAATTGAG_005,88
CATCGACTTCCTTAATTGAG_006,33
GAGCGAGGCAGAGTGCGACA_001,157
GAGCGAGGCAGAGTGCGACA_002,101
GAGCGAGGCAGAGTGCGACA_003,43
GAGCGAGGCAGAGTGCGACA_004,43
GAGCGAGGCAGAGTGCGACA_005,58
GAGCGAGGCAGAGTGCGACA_006,40
GAGCGAGGCAGAGTGCGACA_007,8
CATCCGCAGACTGAGATCCG_001,191
CATCCGCAGACTGAGATCCG_002,149
CATCCGCAGACTGAGATCCG_003,1
CATCCGCAGACTGAGATCCG_004,182
CATCCGCAGACTGAGATCCG_005,86
CATCCGCAGACTGAGATCCG_006,74
CATCCGCAGACTGAGATCCG_007,183
CATCCGCAGACTGAGATCCG_008,93
CATCCGCAGACTGAGATCCG_009,63
CATCCGCAGACTGAGATCCG_010,94
CATCCGCAGACTGAGATCCG_011,169
CATCCGCAGACTGAGATCCG_012,117
CATCCGCAGACTGAGATCCG_013,0
CATCCGCAGACTGAGATCCG_014,38
CATCCGCAGACTGAGATCCG_015,75
CATCCGCAGACTGAGATCCG_016,113
CATCCGCAGACTGAGATCCG_017,198
CATCCGCAGACTGAGATCCG_018,27
CATCCGCAGACTGAGATCCG_019,40
CATCCGCAGACTGAGATCCG_020,41
CATCCGCAGACTGAGATCCG_021,90
CATCCGCAGACTGAGATCCG_022,169
CATCCGCAGACTGAGATCCG_023,61
CGTATCTCCAGTATTGACAC_001,61
CGTATCTCCAGTATTGACAC_002,32
CGTATCTCCAGTATTGACAC_003,157
CGTATCTCCAGTATTGACAC_004,56
CGTATCTCCAGTATTGACAC_005,174
GCGCTGGCTCATGGTCAACG_001,4
GCGCTGGCTCATGGTCAACG_002,32
GCGCTGGCTCATGGTCAACG_003,83
GCGCTGGCTCATGGTCAACG_004,68
GCGCTGGCTCATGGTCAACG_005,56
GCGCTGGCTCATGGTCAACG_006,63
CAGGCGGCCCTCATACACGT_001,5
CAGGCGGCCCTCATACACGT_002,73
CAGGCGGCCCTCATACACGT_003,161
CAGGCGGCCCTCATACACGT_004,44
CAGGCGGCCCTCATACACGT_005,102
CAGGCGGCCCTCATACACGT_006,173
CAGGCGGCCCTCATACACGT_007,173
CAGGCGGCCCTCATACACGT_008,50
CAGGCGGCCCTCATACACGT_009,121
CAGGCGGCCCTCATACACGT_010,150
CAGGCGGCCCTCATACACGT_011,147
CAGGCGGCCCTCATACACGT_012,106
TTGCTAACTCGGGTGACCAA_001,168
TTGCTAACTCGGGTGACCAA_002,121
TTGCTAACTCGGGTGACCAA_003,54
TTGCTAACTCGGGTGACCAA_004,50
TTGCTAACTCGGGTGACCAA_005,16
TTGCTAACTCGGGTGACCAA_006,199
TGTAGACTCTGGAGTCAACG_001,4
TGTAGACTCTGGAGTCAACG_002,144
TGTAGACTCTGGAGTCAACG_003,175
CACATGGATTCCAAGGCTCT_001,106
CACATGGATTCCAAGGCTCT_002,156
CACATGGATTCCAAGGCTCT_003,156
CACATGGATTCCAAGGCTCT_004,78
CACATGGATTCCAAGGCTCT_005,8
CACATGGATTCCAAGGCTCT_006,183
CACATGGATTCCAAGGCTCT_007,137
CACATGGATTCCAAGGCTCT_008,199
CACATGGATTCCAAGGCTCT_009,154
CACATGGATTCCAAGGCTCT_010,145
CACATGGATTCCAAGGCTCT_011,60
CACATGGATTCCAAGGCTCT_012,174
CACATGGATTCCAAGGCTCT_013,169
CACATGGATTCCAAGGCTCT_014,177
CACATGGATTCCAAGGCTCT_015,45
CACATGGATTCCAAGGCTCT_016,85
CACATGGATTCCAAGGCTCT_017,83
CACATGGATTCCAAGGCTCT_018,85
CACATGGATTCCAAGGCTCT_019,32
CACATGGATTCCAAGGCTCT_020,58
CACATGGATTCCAAGGCTCT_021,48
CACATGGATTCCAAGGCTCT_022,66
CAACGTGGGTGACTCGCGCG_001,188
CAACGTGGGTGACTCGCGCG_002,78
CAACGTGGGTGACTCGCGCG_003,63
CAACGTGGGTGACTCGCGCG_004,188
CAACGTGGGTGACTCGCGCG_005,181
CAACGTGGGTGACTCGCGCG_006,84
CAACGTGGGTGACTCGCGCG_007,146
CAACGTGGGTGACTCGCGCG_008,96
CAACGTGGGTGACTCGCGCG_009,118
CAACGTGGGTGACTCGCGCG_010,62
CAACGTGGGTGACTCGCGCG_011,138
CAACGTGGGTGACTCGCGCG_012,176
CAACGTGGGTGACTCGCGCG_013,60
CAACGTGGGTGACTCGCGCG_014,95
CAACGTGGGTGACTCGCGCG_015,169
CAACGTGGGTGACTCGCGCG_016,48
CAACGTGGGTGACTCGCGCG_017,169
AGTACATTCCTTTCGCACCG_001,141
GCGCGACTTCGAAGCTCAGG_001,54
GCGCGACTTCGAAGCTCAGG_002,69
GCGCGACTTCGAAGCTCAGG_003,182
GCGCGACTTCGAAGCTCAGG_004,127
GCGCGACTTCGAAGCTCAGG_005,59
GCGCGACTTCGAAGCTCAGG_006,70
GCGCGACTTCGAAGCTCAGG_007,140
GCGCGACTTCGAAGCTCAGG_008,21
GCGCGACTTCGAAGCTCAGG_009,171
GCGCGACTTCGAAGCTCAGG_010,112
GCGCGACTTCGAAGCTCAGG_011,56
GCGCGACTTCGAAGCTCAGG_012,184
GCGCGACTTCGAAGCTCAGG_013,48
GCGCGACTTCGAAGCTCAGG_014,26
GCGCGACTTCGAAGCTCAGG_015,104
GCGCGACTTCGAAGCTCAGG_016,55
GCGCGACTTCGAAGCTCAGG_017,142
GCGCGACTTCGAAGCTCAGG_018,130
GCGCGACTTCGAAGCTCAGG_019,52
GCGCGACTTCGAAGCTCAGG_020,155
AATGGATGCCAATTATGTCA_001,24
AATGGATGCCAATTATGTCA_002,185
ACATGCCATCTAATAATCTG_001,12
GGTGACATTTAAACCCCCAG_001,160
GGTGACATTTAAACCCCCAG_002,159
GGTGACATTTAAACCCCCAG_003,191
GGTGACATTTAAACCCCCAG_004,141
TGGACGTACACCATGCGGGA_001,106
TGGACGTACACCATGCGGGA_002,4
TGGACGTACACCATGCGGGA_003,95
TGGACGTACACCATGCGGGA_004,9
TGGACGTACACCATGCGGGA_005,29
TGGACGTACACCATGCGGGA_006,114
TGGACGTACACCATGCGGGA_007,113
TGGACGTACACCATGCGGGA_008,154
TGGACGTACACCATGCGGGA_009,177
TGGACGTACACCATGCGGGA_010,81
TGGACGTACACCATGCGGGA_011,197
AAGGCACATTGATGGAGCTA_001,81
AAGGCACATTGATGGAGCTA_002,15
AAGGCACATTGATGGAGCTA_003,41
AAGGCACATTGATGGAGCTA_004,105
AAGGCACATTGATGGAGCTA_005,77
AAGGCACATTGATGGAGCTA_006,133
AAGGCACATTGATGGAGCTA_007,29
AAGGCACATTGATGGAGCTA_008,81
AAGGCACATTGATGGAGCTA_009,24
AAGGCACATTGATGGAGCTA_010,171
AAGGCACATTGATGGAGCTA_011,90
AAGGCACATTGATGGAGCTA_012,147
AAGGCACATTGATGGAGCTA_013,197
GACTCCCCATCAGAGCACAC_001,41
GACTCCCCATCAGAGCACAC_002,137
GACTCCCCATCAGAGCACAC_003,142
GACTCCCCATCAGAGCACAC_004,0
GGTGCCCACTCCCACATCCG_001,153
TCCGAGACAACTTCCCGGGG_001,158
TCCGAGACAACTTCCCGGGG_002,150
TCCGAGACAACTTCCCGGGG_003,115
TCCGAGACAACTTCCCGGGG_004,94
TGCCACCGAAGCGCTTCCGT_001,134
TGCCACCGAAGCGCTTCCGT_002,115
TGCCACCGAAGCGCTTCCGT_003,80
TGCCACCGAAGCGCTTCCGT_004,78
TGCCACCGAAGCGCTTCCGT_005,36
TGCCACCGAAGCGCTTCCGT_006,172
TGCCACCGAAGCGCTTCCGT_007,195
TGCCACCGAAGCGCTTCCGT_008,51
TGCCACCGAAGCGCTTCCGT_009,1
TGCCACCGAAGCGCTTCCGT_010,48
TGCCACCGAAGCGCTTCCGT_011,145
TGCCACCGAAGCGCTTCCGT_012,55
TGCCACCGAAGCGCTTCCGT_013,92
TGCCACCGAAGCGCTTCCGT_014,91
TGCCACCGAAGCGCTTCCGT_015,46
TGCCACCGAAGCGCTTCCGT_016,150
TGCCACCGAAGCGCTTCCGT_017,12
CTGATAGGAATGACTTCCGG_001,182
CTGATAGGAATGACTTCCGG_002,126
CTGATAGGAATGACTTCCGG_003,159
CTGATAGGAATGACTTCCGG_004,49
CTGATAGGAATGACTTCCGG_005,126
CTGATAGGAATGACTTCCGG_006,38
CTGATAGGAATGACTTCCGG_007,38
CTGATAGGAATGACTTCCGG_008,197
CTGATAGGAATGACTTCCGG_009,164
CTGATAGGAATGACTTCCGG_010,103
GAAGTATGGAGTGACGACTT_001,43
GAAGTATGGAGTGACGACTT_002,29
GAAGTATGGAGTGACGACTT_003,198
GAAGTATGGAGTGACGACTT_004,67
GAAGTATGGAGTGACGACTT_005,98
GAAGTATGGAGTGACGACTT_006,81
GAAGTATGGAGTGACGACTT_007,11
GAAGTATGGAGTGACGACTT_008,199
GAAGTATGGAGTGACGACTT_009,17
GAAGTATGGAGTGACGACTT_010,175
GAAGTATGGAGTGACGACTT_011,55
GAAGTATGGAGTGACGACTT_012,28
GAAGTATGGAGTGACGACTT_013,70
GAAGTATGGAGTGACGACTT_014,83
GAAGTATGGAGTGACGACTT_015,10
GAAGTATGGAGTGACGACTT_016,179
CTCGCCCAGTGACAACTCGT_001,163
CTCGCCCAGTGACAACTCGT_002,34
CTCGCCCAGTGACAACTCGT_003,4
CTCGCCCAGTGACAACTCGT_004,50
CTCGCCCAGTGACAACTCGT_005,57
CTCGCCCAGTGACAACTCGT_006,61
CTCGCCCAGTGACAACTCGT_007,88
CTCGCCCAGTGACAACTCGT_008,150
CTCGCCCAGTGACAACTCGT_009,13
CTCGCCCAGTGACAACTCGT_010,144
CTCGCCCAGTGACAACTCGT_011,60
CTCGCCCAGTGACAACTCGT_012,28
CTCGCCCAGTGACAACTCGT_013,152
CTCGCCCAGTGACAACTCGT_014,24
CTCGCCCAGTGACAACTCGT_015,127
CTCGCCCAGTGACAACTCGT_016,70
CTCGCCCAGTGACAACTCGT_017,130
CTCGCCCAGTGACAACTCGT_018,77
CTCGCCCAGTGACAACTCGT_019,68
CTCGCCCAGTGACAACTCGT_020,66
GCTGACTGTTACTTCACCAA_001,147
GCTGACTGTTACTTCACCAA_002,74
GCTGACTGTTACTTCACCAA_003,62
GCTGACTGTTACTTCACCAA_004,23
GCTGACTGTTACTTCACCAA_005,56
GCTGACTGTTACTTCACCAA_006,38
GCTGACTGTTACTTCACCAA_007,198
GCTGACTGTTACTTCACCAA_008,45
GCTGACTGTTACTTCACCAA_009,167
GCTGACTGTTACTTCACCAA_010,107
CATGTCGCTCTTCATCCGCA_001,81
CATGTCGCTCTTCATCCGCA_002,5
CATGTCGCTCTTCATCCGCA_003,184
CATGTCGCTCTTCATCCGCA_004,70
CATGTCGCTCTTCATCCGCA_005,110
CATGTCGCTCTTCATCCGCA_006,46
CATGTCGCTCTTCATCCGCA_007,103
GAAGCTGGTTATCCACTGGG_001,9
GAAGCTGGTTATCCACTGGG_002,48
GAAGCTGGTTATCCACTGGG_003,62
GAAGCTGGTTATCCACTGGG_004,62
ACGCTGATGGCAGTCACAGG_001,134
ACGCTGATGGCAGTCACAGG_002,49
ACGCTGATGGCAGTCACAGG_003,178
ACGCTGATGGCAGTCACAGG_004,127
ACGCTGATGGCAGTCACAGG_005,79
ACGCTGATGGCAGTCACAGG_006,176
ACGCTGATGGCAGTCACAGG_007,118
ACGCTGATGGCAGTCACAGG_008,174
ACGCTGATGGCAGTCACAGG_009,35
CCAGCTGGAAAAACGGTCGC_001,41
CCAGCTGGAAAAACGGTCGC_002,170
CCAGCTGGAAAAACGGTCGC_003,166
CCAGCTGGAAAAACGGTCGC_004,47
CCAGCTGGAAAAACGGTCGC_005,170
CCAGCTGGAAAAACGGTCGC_006,53
CCAGCTGGAAAAACGGTCGC_007,8
CCAGCTGGAAAAACGGTCGC_008,175
CCAGCTGGAAAAACGGTCGC_009,88
CCAGCTGGAAAAACGGTCGC_010,129
CCAGCTGGAAAAACGGTCGC_011,2
CCAGCTGGAAAAACGGTCGC_012,198
CCAGCTGGAAAAACGGTCGC_013,147
CCAGCTGGAAAAACGGTCGC_014,88
CCAGCTGGAAAAACGGTCGC_015,174
CCAGCTGGAAAAACGGTCGC_016,16
CCAGCTGGAAAAACGGTCGC_017,172
CCAGCTGGAAAAACGGTCGC_018,0
CCAGCTGGAAAAACGGTCGC_019,111
CCAGCTGGAAAAACGGTCGC_020,145
CCAGCTGGAAAAACGGTCGC_021,124
CCAGCTGGAAAAACGGTCGC_022,172
CCAGCTGGAAAAACGGTCGC_023,82
CCAGCTGGAAAAACGGTCGC_024,10
CCAGCTGGAAAAACGGTCGC_025,8
CCAGCTGGAAAAACGGTCGC_026,129
AATCAGGTGTACGTTTCTGG_001,128
AATCAGGTGTACGTTTCTGG_002,146
AGACTCCATAGGGTGCAGCG_001,62
AGACTCCATAGGGTGCAGCG_002,76
AGACTCCATAGGGTGCAGCG_003,133
AGACTCCATAGGGTGCAGCG_004,160
AGACTCCATAGGGTGCAGCG_005,59
AGACTCCATAGGGTGCAGCG_006,63
AGACTCCATAGGGTGCAGCG_007,70
AGACTCCATAGGGTGCAGCG_008,49
AGACTCCATAGGGTGCAGCG_009,5
AGACTCCATAGGGTGCAGCG_010,63
AGACTCCATAGGGTGCAGCG_011,104
AGACTCCATAGGGTGCAGCG_012,98
AGACTCCATAGGGTGCAGCG_013,60
AGACTCCATAGGGTGCAGCG_014,98
AGACTCCATAGGGTGCAGCG_015,126
AGACTCCATAGGGTGCAGCG_016,13
AGACTCCATAGGGTGCAGCG_017,48
AGACTCCATAGGGTGCAGCG_018,88
AGACTCCATAGGGTGCAGCG_019,94
AGACTCCATAGGGTGCAGCG_020,145
AGACTCCATAGGGTGCAGCG_021,107
AGACTCCATAGGGTGCAGCG_022,156
AGACTCCATAGGGTGCAGCG_023,160
AGACTCCATAGGGTGCAGCG_024,78
AGACTCCATAGGGTGCAGCG_025,49
AGACTCCATAGGGTGCAGCG_026,48
AGACTCCATAGGGTGCAGCG_027,121
CGGGACACGTCTACTTGGTG_001,19
CGGGACACGTCTACTTGGTG_002,144
CGGGACACGTCTACTTGGTG_003,157
CGGGACACGTCTACTTGGTG_004,142
CGGGACACGTCTACTTGGTG_005,39
GAAGCCCCACATGTGTGACA_001,111
GAAGCCCCACATGTGTGACA_002,113
GAAGCCCCACATGTGTGACA_003,130
ATCACTAGCATATGACAATG_001,2
ATCACTAGCATATGACAATG_002,56
ATCACTAGCATATGACAATG_003,41
ATCACTAGCATATGACAATG_004,70
ATCACTAGCATATGACAATG_005,3
ATCACTAGCATATGACAATG_006,26
ATCACTAGCATATGACAATG_007,152
ATCACTAGCATATGACAATG_008,4
ATCACTAGCATATGACAATG_009,149
AAACCGTAATCTTAGTGGAG_001,148
AAACCGTAATCTTAGTGGAG_002,160
AAACCGTAATCTTAGTGGAG_003,13
AAACCGTAATCTTAGTGGAG_004,98
AAACCGTAATCTTAGTGGAG_005,110
AAACCGTAATCTTAGTGGAG_006,36
AAACCGTAATCTTAGTGGAG_007,17
AAACCGTAATCTTAGTGGAG_008,127
TGATGGTGTTGAACCGGTCA_001,151
TGATGGTGTTGAACCGGTCA_002,114
CGAGATGGACAATCGCTACG_001,111
CGAGATGGACAATCGCTACG_002,149
CGAGATGGACAATCGCTACG_003,191
CGAGATGGACAATCGCTACG_004,4
CGAGATGGACAATCGCTACG_005,194
CGAGATGGACAATCGCTACG_006,113
CGAGATGGACAATCGCTACG_007,111
CGAGATGGACAATCGCTACG_008,153
CGAGATGGACAATCGCTACG_009,39
CGAGATGGACAATCGCTACG_010,174
CGAGATGGACAATCGCTACG_011,2
CCTGCAGGGCAATTTGCTGA_001,143
CCTGCAGGGCAATTTGCTGA_002,48
CCTGCAGGGCAATTTGCTGA_003,6
CCTGCAGGGCAATTTGCTGA_004,130
CCTGCAGGGCAATTTGCTGA_005,120
AAGGTGAAACGCTCCACCGG_001,188
AAGGTGAAACGCTCCACCGG_002,94
AAGGTGAAACGCTCCACCGG_003,5
AAGGTGAAACGCTCCACCGG_004,43
AAGGTGAAACGCTCCACCGG_005,115
AAGGTGAAACGCTCCACCGG_006,51
AAGGTGAAACGCTCCACCGG_007,2
AAGGTGAAACGCTCCACCGG_008,172
AAGGTGAAACGCTCCACCGG_009,149
AAGGTGAAACGCTCCACCGG_010,33
AAGGTGAAACGCTCCACCGG_011,107
AAGGTGAAACGCTCCACCGG_012,95
AAGGTGAAACGCTCCACCGG_013,199
AAGGTGAAACGCTCCACCGG_014,47
AAGGTGAAACGCTCCACCGG_015,178
AAGGTGAAACGCTCCACCGG_016,177
AAGGTGAAACGCTCCACCGG_017,70
AAGGTGAAACGCTCCACCGG_018,69
AAGGTGAAACGCTCCACCGG_019,168
AAGGTGAAACGCTCCACCGG_020,38
ATTGTCGTACGCTACAAGCA_001,30
ATTGTCGTACGCTACAAGCA_002,109
ATTGTCGTACGCTACAAGCA_003,48
ATTGTCGTACGCTACAAGCA_004,146
ATTGTCGTACGCTACAAGCA_005,184
ATTGTCGTACGCTACAAGCA_006,198
TCGGTTCCACCAGTAGGACA_001,101
TCGGTTCCACCAGTAGGACA_002,105
TGATGCGCATGGTTCACCCG_001,158
TGATGCGCATGGTTCACCCG_002,106
TGATGCGCATGGTTCACCCG_003,144
TGATGCGCATGGTTCACCCG_004,68
TGATGCGCATGGTTCACCCG_005,39
TGATGCGCATGGTTCACCCG_006,27
ATGACACGGCCTTAAACACA_001,77
ATGACACGGCCTTAAACACA_002,83
ATGACACGGCCTTAAACACA_003,117
ATGACACGGCCTTAAACACA_004,28
ATGACACGGCCTTAAACACA_005,106
ATGACACGGCCTTAAACACA_006,89
GCGTGCGCCCAACTCCCAAG_001,56
GCGTGCGCCCAACTCCCAAG_002,170
GCGTGCGCCCAACTCCCAAG_003,134
GCGTGCGCCCAACTCCCAAG_004,176
GCGTGCGCCCAACTCCCAAG_005,34
GCGTGCGCCCAACTCCCAAG_006,66
GCGTGCGCCCAACTCCCAAG_007,144
GCGTGCGCCCAACTCCCAAG_008,72
GCGTGCGCCCAACTCCCAAG_009,17
GCGTGCGCCCAACTCCCAAG_010,166
GCGTGCGCCCAACTCCCAAG_011,106
GCGTGCGCCCAACTCCCAAG_012,138
GCGTGCGCCCAACTCCCAAG_013,82
GCGTGCGCCCAACTCCCAAG_014,147
ATAGGCCTCAATCTCGCCGT_001,9
ATAGGCCTCAATCTCGCCGT_002,177
ATAGGCCTCAATCTCGCCGT_003,191
ATAGGCCTCAATCTCGCCGT_004,168
ATAGGCCTCAATCTCGCCGT_005,187
ATAGGCCTCAATCTCGCCGT_006,20
ATAGGCCTCAATCTCGCCGT_007,112
ATAGGCCTCAATCTCGCCGT_008,147
AGAGGAGGCAACAGTATTTG_001,146
AGAGGAGGCAACAGTATTTG_002,199
AGAGGAGGCAACAGTATTTG_003,17
AGAGGAGGCAACAGTATTTG_004,191
AGAGGAGGCAACAGTATTTG_005,62
AGAGGAGGCAACAGTATTTG_006,58
AGAGGAGGCAACAGTATTTG_007,179
AGAGGAGGCAACAGTATTTG_008,78
AGAGGAGGCAACAGTATTTG_009,172
AGAGGAGGCAACAGTATTTG_010,64
AGAGGAGGCAACAGTATTTG_011,9
AGAGGAGGCAACAGTATTTG_012,161
AGAGGAGGCAACAGTATTTG_013,185
AGAGGAGGCAACAGTATTTG_014,70
AGAGGAGGCAACAGTATTTG_015,142
AGAGGAGGCAACAGTATTTG_016,39
AGAGGAGGCAACAGTATTTG_017,16
AGGACCAACAGAGCTTTACG_001,34
AGGACCAACAGAGCTTTACG_002,199
AGGACCAACAGAGCTTTACG_003,133
AGGACCAACAGAGCTTTACG_004,144
AGGACCAACAGAGCTTTACG_005,2
AGGACCAACAGAGCTTTACG_006,188
AGGACCAACAGAGCTTTACG_007,138
AGTTCATATACTTCTTCACA_001,105
AGGACAGTGCTCGACGACTG_001,172
AGGACAGTGCTCGACGACTG_002,42
AGGACAGTGCTCGACGACTG_003,130
AGGACAGTGCTCGACGACTG_004,55
AGGACAGTGCTCGACGACTG_005,181
AGGACAGTGCTCGACGACTG_006,118
AGGACAGTGCTCGACGACTG_007,15
AGGACAGTGCTCGACGACTG_008,18
AGGACAGTGCTCGACGACTG_009,56
AGGACAGTGCTCGACGACTG_010,152
AGGACAGTGCTCGACGACTG_011,190
AGGACAGTGCTCGACGACTG_012,117
AGGACAGTGCTCGACGACTG_013,107
AGGACAGTGCTCGACGACTG_014,24
AGGACAGTGCTCGACGACTG_015,127
AGGACAGTGCTCGACGACTG_016,1
AGGACAGTGCTCGACGACTG_017,191
AGGACAGTGCTCGACGACTG_018,3
CAACAAATTTCTCAACCAAG_001,48
CAACAAATTTCTCAACCAAG_002,146
CAACAAATTTCTCAACCAAG_003,177
CAACAAATTTCTCAACCAAG_004,19
CAACAAATTTCTCAACCAAG_005,67
TACACCCTGACCCCCGCCGG_001,49
TACACCCTGACCCCCGCCGG_002,175
TACACCCTGACCCCCGCCGG_003,115
TACACCCTGACCCCCGCCGG_004,74
TACACCCTGACCCCCGCCGG_005,93
TACACCCTGACCCCCGCCGG_006,98
TACACCCTGACCCCCGCCGG_007,82
TACACCCTGACCCCCGCCGG_008,35
TACACCCTGACCCCCGCCGG_009,143
TACACCCTGACCCCCGCCGG_010,143
TACACCCTGACCCCCGCCGG_011,88
TACACCCTGACCCCCGCCGG_012,67
TACACCCTGACCCCCGCCGG_013,188
TACACCCTGACCCCCGCCGG_014,176
TACACCCTGACCCCCGCCGG_015,105
TACACCCTGACCCCCGCCGG_016,162
TACACCCTGACCCCCGCCGG_017,77
TACACCCTGACCCCCGCCGG_018,149
TACACCCTGACCCCCGCCGG_019,118
TACACCCTGACCCCCGCCGG_020,158
TACACCCTGACCCCCGCCGG_021,188
TACACCCTGACCCCCGCCGG_022,175
TACACCCTGACCCCCGCCGG_023,137
TACACCCTGACCCCCGCCGG_024,53
TACACCCTGACCCCCGCCGG_025,7
TACACCCTGACCCCCGCCGG_026,145
TGATGGGCTTCAATATAGGG_001,90
TGATGGGCTTCAATATAGGG_002,75
TGATGGGCTTCAATATAGGG_003,118
TGATGGGCTTCAATATAGGG_004,1
TGATGGGCTTCAATATAGGG_005,146
TGATGGGCTTCAATATAGGG_006,183
GCATGACACAAGTCGGCAGG_001,11
GCATGACACAAGTCGGCAGG_002,184
AGTCATCTTCAGTTCAGCGA_001,197
AGTCATCTTCAGTTCAGCGA_002,146
AGTCATCTTCAGTTCAGCGA_003,70
GGAGATAATCGATGAGAGCA_001,146
GGAGATAATCGATGAGAGCA_002,11
GGAGATAATCGATGAGAGCA_003,169
GGAGATAATCGATGAGAGCA_004,123
GGAGATAATCGATGAGAGCA_005,146
GGAGATAATCGATGAGAGCA_006,74
GGAGATAATCGATGAGAGCA_007,102
GGAGATAATCGATGAGAGCA_008,40
GGAGATAATCGATGAGAGCA_009,50
GGAGATAATCGATGAGAGCA_010,147
GGAGATAATCGATGAGAGCA_011,180
AACGTGGGCAAGTTGCTCAA_001,149
AACGTGGGCAAGTTGCTCAA_002,2
AACGTGGGCAAGTTGCTCAA_003,58
AACGTGGGCAAGTTGCTCAA_004,101
AACGTGGGCAAGTTGCTCAA_005,19
AACGTGGGCAAGTTGCTCAA_006,199
AACGTGGGCAAGTTGCTCAA_007,116
AACGTGGGCAAGTTGCTCAA_008,17
AACGTGGGCAAGTTGCTCAA_009,169
AACGTGGGCAAGTTGCTCAA_010,58
AACGTGGGCAAGTTGCTCAA_011,162
AACGTGGGCAAGTTGCTCAA_012,117
AACGTGGGCAAGTTGCTCAA_013,197
AACGTGGGCAAGTTGCTCAA_014,167
AACGTGGGCAAGTTGCTCAA_015,94
AACGTGGGCAAGTTGCTCAA_016,199
AACGTGGGCAAGTTGCTCAA_017,169
AACGTGGGCAAGTTGCTCAA_018,35
AACGTGGGCAAGTTGCTCAA_019,52
AACGTGGGCAAGTTGCTCAA_020,29
AACGTGGGCAAGTTGCTCAA_021,113
AACGTGGGCAAGTTGCTCAA_022,16
AACGTGGGCAAGTTGCTCAA_023,117
AACGTGGGCAAGTTGCTCAA_024,41
AACGTGGGCAAGTTGCTCAA_025,192
AACGTGGGCAAGTTGCTCAA_026,184
AACGTGGGCAAGTTGCTCAA_027,185
AACGTGGGCAAGTTGCTCAA_028,51
AACGTGGGCAAGTTGCTCAA_029,56
AACGTGGGCAAGTTGCTCAA_030,148
AACGTGGGCAAGTTGCTCAA_031,46
AACGTGGGCAAGTTGCTCAA_032,98
AACGTGGGCAAGTTGCTCAA_033,98
CATGCCTTGTTGGAATCGGT_001,183
CATGCCTTGTTGGAATCGGT_002,118
CATGCCTTGTTGGAATCGGT_003,60
CATGCCTTGTTGGAATCGGT_004,48
CATGCCTTGTTGGAATCGGT_005,89
CATGCCTTGTTGGAATCGGT_006,48
CATGCCTTGTTGGAATCGGT_007,48
CATGCCTTGTTGGAATCGGT_008,8
CATGCCTTGTTGGAATCGGT_009,0
CATGCCTTGTTGGAATCGGT_010,0
CATGCCTTGTTGGAATCGGT_011,157
GCTGCTACTTCTCTGTACAA_001,32
GCTGCTACTTCTCTGTACAA_002,10
GCTGCTACTTCTCTGTACAA_003,137
TACCACGTCCAGCCGATGAG_001,160
TACCACGTCCAGCCGATGAG_002,121
TACCACGTCCAGCCGATGAG_003,8
TACCACGTCCAGCCGATGAG_004,79
TACCACGTCCAGCCGATGAG_005,9
TACCACGTCCAGCCGATGAG_006,184
TACCACGTCCAGCCGATGAG_007,127
TACCACGTCCAGCCGATGAG_008,98
TACCACGTCCAGCCGATGAG_009,35
TACCACGTCCAGCCGATGAG_010,48
TACCACGTCCAGCCGATGAG_011,94
TACCACGTCCAGCCGATGAG_012,22
TACCACGTCCAGCCGATGAG_013,46
TACCACGTCCAGCCGATGAG_014,117
TACCACGTCCAGCCGATGAG_015,80
GAAGCAGCGTTTCCGCGCGT_001,147
TGCCAGCAGCTGCCGACCAA_001,107
TGCCAGCAGCTGCCGACCAA_002,156
TGCCAGCAGCTGCCGACCAA_003,170
TGCCAGCAGCTGCCGACCAA_004,70
TGCCAGCAGCTGCCGACCAA_005,191
TGCCAGCAGCTGCCGACCAA_006,183
TGCCAGCAGCTGCCGACCAA_007,121
TGCCAGCAGCTGCCGACCAA_008,5
TGCCAGCAGCTGCCGACCAA_009,168
TGCCAGCAGCTGCCGACCAA_010,178
TGCCAGCAGCTGCCGACCAA_011,178
TGCCAGCAGCTGCCGACCAA_012,148
TGCCAGCAGCTGCCGACCAA_013,19
TGCCAGCAGCTGCCGACCAA_014,53
TGCCAGCAGCTGCCGACCAA_015,60
TGCCAGCAGCTGCCGACCAA_016,57
TGCCAGCAGCTGCCGACCAA_017,170
TGCCAGCAGCTGCCGACCAA_018,44
TGCCAGCAGCTGCCGACCAA_019,110
TGCCAGCAGCTGCCGACCAA_020,174
TGCCAGCAGCTGCCGACCAA_021,149
TGCCAGCAGCTGCCGACCAA_022,177
TGCCAGCAGCTGCCGACCAA_023,92
TGCCAGCAGCTGCCGACCAA_024,28
TGCCAGCAGCTGCCGACCAA_025,115
TGCCAGCAGCTGCCGACCAA_026,116
TGCCAGCAGCTGCCGACCAA_027,113
TGCCAGCAGCTGCCGACCAA_028,108
TGCCAGCAGCTGCCGACCAA_029,151
TGCCAGCAGCTGCCGACCAA_030,56
TGCCAGCAGCTGCCGACCAA_031,31
TGCCAGCAGCTGCCGACCAA_032,184
TGCCAGCAGCTGCCGACCAA_033,38
TGCCAGCAGCTGCCGACCAA_034,61
TGCCAGCAGCTGCCGACCAA_035,33
TGCCAGCAGCTGCCGACCAA_036,12
TGCCAGCAGCTGCCGACCAA_037,167
TGCCAGCAGCTGCCGACCAA_038,169
TGCCAGCAGCTGCCGACCAA_039,1
TGCCAGCAGCTGCCGACCAA_040,65
TGCCAGCAGCTGCCGACCAA_041,140
TGCCAGCAGCTGCCGACCAA_042,145
TGCCAGCAGCTGCCGACCAA_043,117
TGCCAGCAGCTGCCGACCAA_044,106
TGCCAGCAGCTGCCGACCAA_045,88
TGCCAGCAGCTGCCGACCAA_046,1
TGCCAGCAGCTGCCGACCAA_047,134
TGCCAGCAGCTGCCGACCAA_048,115
TGCCAGCAGCTGCCGACCAA_049,127
TGCCAGCAGCTGCCGACCAA_050,14
TGCCAGCAGCTGCCGACCAA_051,105
TGCCAGCAGCTGCCGACCAA_052,1
TGCCAGCAGCTGCCGACCAA_053,82
TGCCAGCAGCTGCCGACCAA_054,123
TGCCAGCAGCTGCCGACCAA_055,0
TGCCAGCAGCTGCCGACCAA_056,92
TGCCAGCAGCTGCCGACCAA_057,158
TGCCAGCAGCTGCCGACCAA_058,106
TGCCAGCAGCTGCCGACCAA_059,130
TGCCAGCAGCTGCCGACCAA_060,136
TGCCAGCAGCTGCCGACCAA_061,136
TGCCAGCAGCTGCCGACCAA_062,190
TGCCAGCAGCTGCCGACCAA_063,74
TGCCAGCAGCTGCCGACCAA_064,153
ACAGAGCAGAGACTATGATG_001,27
ACAGAGCAGAGACTATGATG_002,42
ACAGAGCAGAGACTATGATG_003,126
ACAGAGCAGAGACTATGATG_004,61
ACAGAGCAGAGACTATGATG_005,16
ACAGAGCAGAGACTATGATG_006,115
ACAGAGCAGAGACTATGATG_007,156
ACAGAGCAGAGACTATGATG_008,120
CGGGAGTCCGCAGTCTTACG_001,76
CGGGAGTCCGCAGTCTTACG_002,146
TGAACCGTCGCTCCAATGAG_001,105
TGAACCGTCGCTCCAATGAG_002,29
TGAACCGTCGCTCCAATGAG_003,105
TGAACCGTCGCTCCAATGAG_004,137
TGAACCGTCGCTCCAATGAG_005,58
TGAACCGTCGCTCCAATGAG_006,170
TGAACCGTCGCTCCAATGAG_007,52
TGAACCGTCGCTCCAATGAG_008,150
TGAACCGTCGCTCCAATGAG_009,88
TGAACCGTCGCTCCAATGAG_010,104
TGAACCGTCGCTCCAATGAG_011,151
GGAGCGCCGCGAGTGCACGA_001,132
GGAGCGCCGCGAGTGCACGA_002,101
GGAGCGCCGCGAGTGCACGA_003,152
GGAGCGCCGCGAGTGCACGA_004,15
GGAGCGCCGCGAGTGCACGA_005,130
GGAGCGCCGCGAGTGCACGA_006,175
GGAGCGCCGCGAGTGCACGA_007,97
GGAGCGCCGCGAGTGCACGA_008,108
GGAGCGCCGCGAGTGCACGA_009,174
GGAGCGCCGCGAGTGCACGA_010,75
GGAGCGCCGCGAGTGCACGA_011,38
GGAGCGCCGCGAGTGCACGA_012,177
GGAGCGCCGCGAGTGCACGA_013,40
GGAGCGCCGCGAGTGCACGA_014,76
GGAGCGCCGCGAGTGCACGA_015,0
GGAGCGCCGCGAGTGCACGA_016,184
GGAGCGCCGCGAGTGCACGA_017,188
GGAGCGCCGCGAGTGCACGA_018,104
GGAGCGCCGCGAGTGCACGA_019,188
GGAGCGCCGCGAGTGCACGA_020,160
GGAGCGCCGCGAGTGCACGA_021,27
GGAGCGCCGCGAGTGCACGA_022,166
GGAGCGCCGCGAGTGCACGA_023,17
TTTATTAAAAGGGAATCGTG_001,56
TTTATTAAAAGGGAATCGTG_002,166
TTTATTAAAAGGGAATCGTG_003,137
TTTATTAAAAGGGAATCGTG_004,94
TTTATTAAAAGGGAATCGTG_005,14
CGACGTGTCAGACATTGGGT_001,119
CGACGTGTCAGACATTGGGT_002,113
CGACGTGTCAGACATTGGGT_003,53
CGACGTGTCAGACATTGGGT_004,158
CGACGTGTCAGACATTGGGT_005,185
CGACGTGTCAGACATTGGGT_006,158
CGACGTGTCAGACATTGGGT_007,141
CGACGTGTCAGACATTGGGT_008,158
CGACGTGTCAGACATTGGGT_009,1
CGACGTGTCAGACATTGGGT_010,185
CGACGTGTCAGACATTGGGT_011,191
CGACGTGTCAGACATTGGGT_012,140
CGACGTGTCAGACATTGGGT_013,15
CGACGTGTCAGACATTGGGT_014,174
CGACGTGTCAGACATTGGGT_015,98
CGACGTGTCAGACATTGGGT_016,154
CGACGTGTCAGACATTGGGT_017,14
CGACGTGTCAGACATTGGGT_018,124
CGACGTGTCAGACATTGGGT_019,46
CGACGTGTCAGACATTGGGT_020,49
CGACGTGTCAGACATTGGGT_021,168
CGACGTGTCAGACATTGGGT_022,27
CGACGTGTCAGACATTGGGT_023,77
CGACGTGTCAGACATTGGGT_024,192
CGACGTGTCAGACATTGGGT_025,190
CGACGTGTCAGACATTGGGT_026,123
CGACGTGTCAGACATTGGGT_027,49
AGGGACCAGGAAATTTCCTG_001,163
AGGGACCAGGAAATTTCCTG_002,109
AGGGACCAGGAAATTTCCTG_003,109
AGGGACCAGGAAATTTCCTG_004,114
CAGCCATAGGAACACTATCG_001,158
CAGCCATAGGAACACTATCG_002,9
CAGCCATAGGAACACTATCG_003,191
CAGCCATAGGAACACTATCG_004,145
CAGCCATAGGAACACTATCG_005,99
CAGCCATAGGAACACTATCG_006,6
CAGCCATAGGAACACTATCG_007,56
CAGCCATAGGAACACTATCG_008,34
AGCTCTCATAAGAGATGGAT_001,134
AGCTCTCATAAGAGATGGAT_002,175
AGCTCTCATAAGAGATGGAT_003,58
AGCTCTCATAAGAGATGGAT_004,105
AGCTCTCATAAGAGATGGAT_005,131
AGCTCTCATAAGAGATGGAT_006,94
AGCTCTCATAAGAGATGGAT_007,34
AGCTCTCATAAGAGATGGAT_008,50
AGCTCTCATAAGAGATGGAT_009,54
AGCTCTCATAAGAGATGGAT_010,16
AGCTCTCATAAGAGATGGAT_011,151
AGCTCTCATAAGAGATGGAT_012,5
AGCTCTCATAAGAGATGGAT_013,96
AGCTCTCATAAGAGATGGAT_014,199
AGCTCTCATAAGAGATGGAT_015,70
AGCTCTCATAAGAGATGGAT_016,150
AGCTCTCATAAGAGATGGAT_017,116
AGCTCTCATAAGAGATGGAT_018,116
CCGGAAAAGCCCCCTCCCGT_001,73
CCGGAAAAGCCCCCTCCCGT_002,43
CCGGAAAAGCCCCCTCCCGT_003,121
CCGGAAAAGCCCCCTCCCGT_004,185
CCGGAAAAGCCCCCTCCCGT_005,71
CCGGAAAAGCCCCCTCCCGT_006,148
CCGGAAAAGCCCCCTCCCGT_007,19
CCGGAAAAGCCCCCTCCCGT_008,42
CCGGAAAAGCCCCCTCCCGT_009,80
CCGGAAAAGCCCCCTCCCGT_010,98
CCGGAAAAGCCCCCTCCCGT_011,123
CCGGAAAAGCCCCCTCCCGT_012,30
TAACAACCTACCTGGGTCGG_001,48
TAACAACCTACCTGGGTCGG_002,166
TAACAACCTACCTGGGTCGG_003,139
TAACAACCTACCTGGGTCGG_004,47
TAACAACCTACCTGGGTCGG_005,166
TAACAACCTACCTGGGTCGG_006,119
TAACAACCTACCTGGGTCGG_007,112
TAACAACCTACCTGGGTCGG_008,158
TAACAACCTACCTGGGTCGG_009,159
TAACAACCTACCTGGGTCGG_010,184
TAACAACCTACCTGGGTCGG_011,91
TAACAACCTACCTGGGTCGG_012,89
TAACAACCTACCTGGGTCGG_013,144
TAACAACCTACCTGGGTCGG_014,43
TAACAACCTACCTGGGTCGG_015,105
TAACAACCTACCTGGGTCGG_016,103
GCTGTCACTGAACCAAGTCA_001,2
GCTGTCACTGAACCAAGTCA_002,105
GCTGTCACTGAACCAAGTCA_003,141
GCTGTCACTGAACCAAGTCA_004,113
GCTGTCACTGAACCAAGTCA_005,152
TCGAACCTGGAATATCCGGA_001,54
TCGAACCTGGAATATCCGGA_002,23
TCGAACCTGGAATATCCGGA_003,14
TCGAACCTGGAATATCCGGA_004,80
TCGAACCTGGAATATCCGGA_005,159
TCGAACCTGGAATATCCGGA_006,70
TCGAACCTGGAATATCCGGA_007,19
TTGCTGCCAGAATGGTTTGG_001,150
TTGCTGCCAGAATGGTTTGG_002,117
TTGCTGCCAGAATGGTTTGG_003,165
TTGCTGCCAGAATGGTTTGG_004,191
TTGCTGCCAGAATGGTTTGG_005,120
TTGCTGCCAGAATGGTTTGG_006,142
TTGCTGCCAGAATGGTTTGG_007,115
TTGCTGCCAGAATGGTTTGG_008,138
TTGCTGCCAGAATGGTTTGG_009,4
TTGCTGCCAGAATGGTTTGG_010,10
TTGCTGCCAGAATGGTTTGG_011,103
CGGGGCCTGATGAATGACAT_001,48
CGGGGCCTGATGAATGACAT_002,75
CGGGGCCTGATGAATGACAT_003,88
CGGGGCCTGATGAATGACAT_004,157
CGGGGCCTGATGAATGACAT_005,5
AGGGCTTCGCAGATGAACCT_001,1
AGGGCTTCGCAGATGAACCT_002,65
AGGGCTTCGCAGATGAACCT_003,94
AGGGCTTCGCAGATGAACCT_004,158
GTATTCACATTCTCCCAGTG_001,8
GTATTCACATTCTCCCAGTG_002,101
TTTCAGGCTACGGGCGCGGG_001,10
TTTCAGGCTACGGGCGCGGG_002,190
TTTCAGGCTACGGGCGCGGG_003,29
TTTCAGGCTACGGGCGCGGG_004,40
TTTCAGGCTACGGGCGCGGG_005,58
TTTCAGGCTACGGGCGCGGG_006,16
TTTCAGGCTACGGGCGCGGG_007,2
TTTCAGGCTACGGGCGCGGG_008,162
TTTCAGGCTACGGGCGCGGG_009,152
TTTCAGGCTACGGGCGCGGG_010,76
TTTCAGGCTACGGGCGCGGG_011,169
TTTCAGGCTACGGGCGCGGG_012,134
TTTCAGGCTACGGGCGCGGG_013,8
TTTCAGGCTACGGGCGCGGG_014,108
TTTCAGGCTACGGGCGCGGG_015,1
TTTCAGGCTACGGGCGCGGG_016,94
TTTCAGGCTACGGGCGCGGG_017,3
TTTCAGGCTACGGGCGCGGG_018,142
TTTCAGGCTACGGGCGCGGG_019,165
TTTCAGGCTACGGGCGCGGG_020,102
TTTCAGGCTACGGGCGCGGG_021,126
TTTCAGGCTACGGGCGCGGG_022,106
TGTTGTTCATGACCACGACG_001,91
TGTTGTTCATGACCACGACG_002,91
TGTTGTTCATGACCACGACG_003,106
AGGCGGTGACAACAGGACGC_001,24
AGGCGGTGACAACAGGACGC_002,169
AGGCGGTGACAACAGGACGC_003,134
AGGCGGTGACAACAGGACGC_004,147
AGGCGGTGACAACAGGACGC_005,129
AGGCGGTGACAACAGGACGC_006,83
AGGCGGTGACAACAGGACGC_007,188
GACCGCGTGAGATAACGTCA_001,174
GACCGCGTGAGATAACGTCA_002,94
GACCGCGTGAGATAACGTCA_003,2
GACCGCGTGAGATAACGTCA_004,41
GACCGCGTGAGATAACGTCA_005,172
GACCGCGTGAGATAACGTCA_006,87
GACCGCGTGAGATAACGTCA_007,107
GACCGCGTGAGATAACGTCA_008,169
GACCGCGTGAGATAACGTCA_009,69
GACCGCGTGAGATAACGTCA_010,127
GACCGCGTGAGATAACGTCA_011,88
GACCGCGTGAGATAACGTCA_012,146
GACCGCGTGAGATAACGTCA_013,146
GACCGCGTGAGATAACGTCA_014,46
GACCGCGTGAGATAACGTCA_015,21
GACCGCGTGAGATAACGTCA_016,6
GACCGCGTGAGATAACGTCA_017,199
GACCGCGTGAGATAACGTCA_018,102
TTCAACGCCGGATCGGACGT_001,130
TTCAACGCCGGATCGGACGT_002,112
TTCAACGCCGGATCGGACGT_003,192
TTCAACGCCGGATCGGACGT_004,144
TTCAACGCCGGATCGGACGT_005,153
TTCAACGCCGGATCGGACGT_006,191
TTCAACGCCGGATCGGACGT_007,41
TTCAACGCCGGATCGGACGT_008,12
TTCAACGCCGGATCGGACGT_009,148
AAAGTGGGAAGTACGTCCTG_001,122
AAAGTGGGAAGTACGTCCTG_002,1
AAAGTGGGAAGTACGTCCTG_003,167
AAAGTGGGAAGTACGTCCTG_004,8
AAAGTGGGAAGTACGTCCTG_005,98
CAAAACCAAATCCCAGCACG_001,60
CAAAACCAAATCCCAGCACG_002,34
CAAAACCAAATCCCAGCACG_003,90
CAAAACCAAATCCCAGCACG_004,172
CAAAACCAAATCCCAGCACG_005,94
CAAAACCAAATCCCAGCACG_006,49
CAAAACCAAATCCCAGCACG_007,154
CAAAACCAAATCCCAGCACG_008,4
CAAAACCAAATCCCAGCACG_009,125
CAAAACCAAATCCCAGCACG_010,184
CAAAACCAAATCCCAGCACG_011,12
CAAAACCAAATCCCAGCACG_012,70
CAAAACCAAATCCCAGCACG_013,46
CAAAACCAAATCCCAGCACG_014,77
CAAAACCAAATCCCAGCACG_015,10
CAAAACCAAATCCCAGCACG_016,88
CTACGACAGGTGGATGTGTG_001,172
CTACGACAGGTGGATGTGTG_002,145
CTACGACAGGTGGATGTGTG_003,111
CTACGACAGGTGGATGTGTG_004,181
CTACGACAGGTGGATGTGTG_005,198
CTACGACAGGTGGATGTGTG_006,186
CTACGACAGGTGGATGTGTG_007,151
GAGTCTTTCAAGGTCGAAAG_001,140
GAGTCTTTCAAGGTCGAAAG_002,109
GAGTCTTTCAAGGTCGAAAG_003,109
GATGACTGTATCTACCACAC_001,158
GATGACTGTATCTACCACAC_002,116
ATCACTGGTCACAAAAAACA_001,105
ATCACTGGTCACAAAAAACA_002,157
ATCACTGGTCACAAAAAACA_003,33
ATCACTGGTCACAAAAAACA_004,57
ATCACTGGTCACAAAAAACA_005,54
ATCACTGGTCACAAAAAACA_006,145
ATCACTGGTCACAAAAAACA_007,36
GTCTCTGAAGAAGAGTGCGT_001,23
GTCTCTGAAGAAGAGTGCGT_002,122
GTCTCTGAAGAAGAGTGCGT_003,16
GTCTCTGAAGAAGAGTGCGT_004,140
GTCTCTGAAGAAGAGTGCGT_005,113
GTCTCTGAAGAAGAGTGCGT_006,33
GTCTCTGAAGAAGAGTGCGT_007,116
GTCTCTGAAGAAGAGTGCGT_008,82
GTCTCTGAAGAAGAGTGCGT_009,9
GTCTCTGAAGAAGAGTGCGT_010,148
GTCTCTGAAGAAGAGTGCGT_011,46
GTCTCTGAAGAAGAGTGCGT_012,142
GTCTCTGAAGAAGAGTGCGT_013,15
GTCTCTGAAGAAGAGTGCGT_014,167
GTCTCTGAAGAAGAGTGCGT_015,167
GTCTCTGAAGAAGAGTGCGT_016,69
GTCTCTGAAGAAGAGTGCGT_017,138
GTCTCTGAAGAAGAGTGCGT_018,164
GTCTCTGAAGAAGAGTGCGT_019,164
AGAAACGCTACCATGTGTGG_001,147
AGAAACGCTACCATGTGTGG_002,190
AGAAACGCTACCATGTGTGG_003,62
AGAAACGCTACCATGTGTGG_004,70
AGAAACGCTACCATGTGTGG_005,68
GAGGCTCCGCGACCAAAGCG_001,52
GAGGCTCCGCGACCAAAGCG_002,111
GAGGCTCCGCGACCAAAGCG_003,84
GAGGCTCCGCGACCAAAGCG_004,104
GAGGCTCCGCGACCAAAGCG_005,107
GAGGCTCCGCGACCAAAGCG_006,124
GAGGCTCCGCGACCAAAGCG_007,54
GCCGCTGACCAGGATCGATG_001,28
GCCGCTGACCAGGATCGATG_002,157
GCCGCTGACCAGGATCGATG_003,181
GCCGCTGACCAGGATCGATG_004,104
GCCGCTGACCAGGATCGATG_005,85
TCATGAAAGATAAAGATACC_001,5
TCTTAGCCCTGAAAACAATC_001,6
TCTTAGCCCTGAAAACAATC_002,60
TCTTAGCCCTGAAAACAATC_003,153
TATCTGGAACGTGTTTCCAG_001,178
ACACTGCACACACGCCACAG_001,137
ACACTGCACACACGCCACAG_002,181
ACACTGCACACACGCCACAG_003,149
ACACTGCACACACGCCACAG_004,191
ACACTGCACACACGCCACAG_005,116
ACACTGCACACACGCCACAG_006,151
ACACTGCACACACGCCACAG_007,15
ACACTGCACACACGCCACAG_008,52
ACACTGCACACACGCCACAG_009,184
ACACTGCACACACGCCACAG_010,183
ACACTGCACACACGCCACAG_011,142
ACACTGCACACACGCCACAG_012,147
ACACTGCACACACGCCACAG_013,5
ACACTGCACACACGCCACAG_014,165
ACACTGCACACACGCCACAG_015,81
ACACTGCACACACGCCACAG_016,127
ACACTGCACACACGCCACAG_017,46
ACACTGCACACACGCCACAG_018,10
CCGGGATAGAGATTGGCGGT_001,145
CCGGGATAGAGATTGGCGGT_002,10
GGCCTATGGAACCTCCAAAG_001,136
GGCCTATGGAACCTCCAAAG_002,177
GGCCTATGGAACCTCCAAAG_003,48
GGCCTATGGAACCTCCAAAG_004,175
GGCCTATGGAACCTCCAAAG_005,151
GGCCTATGGAACCTCCAAAG_006,175
GGCCTATGGAACCTCCAAAG_007,164
GGCCTATGGAACCTCCAAAG_008,54
GGCCTATGGAACCTCCAAAG_009,46
GGCCTATGGAACCTCCAAAG_010,4
TGCACAAAGTCAGTCAGCAA_001,149
TGCACAAAGTCAGTCAGCAA_002,189
TGCACAAAGTCAGTCAGCAA_003,127
TGCACAAAGTCAGTCAGCAA_004,198
TGCACAAAGTCAGTCAGCAA_005,5
TGCACAAAGTCAGTCAGCAA_006,178
TGCACAAAGTCAGTCAGCAA_007,16
TGCACAAAGTCAGTCAGCAA_008,28
TGCACAAAGTCAGTCAGCAA_009,98
TGCACAAAGTCAGTCAGCAA_010,58
TGCACAAAGTCAGTCAGCAA_011,160
TGCACAAAGTCAGTCAGCAA_012,111
TGCACAAAGTCAGTCAGCAA_013,125
TGCACAAAGTCAGTCAGCAA_014,82
TGCACAAAGTCAGTCAGCAA_015,81
TGCACAAAGTCAGTCAGCAA_016,152
TGCACAAAGTCAGTCAGCAA_017,107
TGCACAAAGTCAGTCAGCAA_018,196
TGCACAAAGTCAGTCAGCAA_019,28
CAAGTTCAACCAGCGCTCGG_001,166
CAAGTTCAACCAGCGCTCGG_002,160
CAAGTTCAACCAGCGCTCGG_003,189
CAAGTTCAACCAGCGCTCGG_004,47
CAAGTTCAACCAGCGCTCGG_005,160
CAAGTTCAACCAGCGCTCGG_006,81
CAAGTTCAACCAGCGCTCGG_007,76
CAAGTTCAACCAGCGCTCGG_008,88
CAAGTTCAACCAGCGCTCGG_009,192
CAAGTTCAACCAGCGCTCGG_010,46
CAAGTTCAACCAGCGCTCGG_011,95
CAAGTTCAACCAGCGCTCGG_012,116
CAAGTTCAACCAGCGCTCGG_013,192
CAAGTTCAACCAGCGCTCGG_014,59
GGGACACATTAGAAGAACTG_001,113
GGGACACATTAGAAGAACTG_002,80
GGGACACATTAGAAGAACTG_003,158
GGGACACATTAGAAGAACTG_004,37
GGGACACATTAGAAGAACTG_005,69
CCGACCGTAGGACTCGTGAA_001,102
CCGACCGTAGGACTCGTGAA_002,184
CCGACCGTAGGACTCGTGAA_003,48
CCGACCGTAGGACTCGTGAA_004,136
CCGACCGTAGGACTCGTGAA_005,50
CCGACCGTAGGACTCGTGAA_006,106
CCGACCGTAGGACTCGTGAA_007,93
CCGACCGTAGGACTCGTGAA_008,184
CCGACCGTAGGACTCGTGAA_009,81
CCGACCGTAGGACTCGTGAA_010,94
CCGACCGTAGGACTCGTGAA_011,172
CCGACCGTAGGACTCGTGAA_012,82
CCGACCGTAGGACTCGTGAA_013,15
CCGACCGTAGGACTCGTGAA_014,120
CCGACCGTAGGACTCGTGAA_015,142
CCGACCGTAGGACTCGTGAA_016,80
CCGACCGTAGGACTCGTGAA_017,130
ATCTTCAGGGTAACTACGAA_001,70
ATCTTCAGGGTAACTACGAA_002,102
ATCTTCAGGGTAACTACGAA_003,127
ATCTTCAGGGTAACTACGAA_004,58
ATCTTCAGGGTAACTACGAA_005,79
ATCTTCAGGGTAACTACGAA_006,22
ATCTTCAGGGTAACTACGAA_007,61
ATCTTCAGGGTAACTACGAA_008,73
ATCTTCAGGGTAACTACGAA_009,183
GAGAACAGACCCAGTCCCTG_001,84
GAGAACAGACCCAGTCCCTG_002,106
GAGAACAGACCCAGTCCCTG_003,53
GAGAACAGACCCAGTCCCTG_004,16
GAGAACAGACCCAGTCCCTG_005,121
GAGAACAGACCCAGTCCCTG_006,108
GAGAACAGACCCAGTCCCTG_007,112
GAGAACAGACCCAGTCCCTG_008,8
GAGAACAGACCCAGTCCCTG_009,177
GAGAACAGACCCAGTCCCTG_010,82
GAGAACAGACCCAGTCCCTG_011,9
GAGAACAGACCCAGTCCCTG_012,149
GAGAACAGACCCAGTCCCTG_013,132
GAGAACAGACCCAGTCCCTG_014,158
GAGAACAGACCCAGTCCCTG_015,176
GAGAACAGACCCAGTCCCTG_016,105
GAGAACAGACCCAGTCCCTG_017,69
GAGAACAGACCCAGTCCCTG_018,3
GAGAACAGACCCAGTCCCTG_019,35
GAGAACAGACCCAGTCCCTG_020,52
GAGAACAGACCCAGTCCCTG_021,88
GAGAACAGACCCAGTCCCTG_022,136
GGAAATGCCGAAGTACGCGA_001,152
GGAAATGCCGAAGTACGCGA_002,25
GGAAATGCCGAAGTACGCGA_003,44
GGAAATGCCGAAGTACGCGA_004,66
GGAAATGCCGAAGTACGCGA_005,149
GGAAATGCCGAAGTACGCGA_006,142
GGAAATGCCGAAGTACGCGA_007,142
GGAAATGCCGAAGTACGCGA_008,38
AAGGATTCTTTGTATGCCCA_001,73
AAGGATTCTTTGTATGCCCA_002,121
AAGGATTCTTTGTATGCCCA_003,102
AAGGATTCTTTGTATGCCCA_004,119
AAGGTGAATTGGTCCTCTTG_001,72
AAGGTGAATTGGTCCTCTTG_002,160
AAGGTGAATTGGTCCTCTTG_003,11
AAGGTGAATTGGTCCTCTTG_004,65
AAGGTGAATTGGTCCTCTTG_005,78
AGCCAAGCACAATTTGCCGT_001,62
AGCCAAGCACAATTTGCCGT_002,43
GATGACAGGTACCCGCAAGA_001,163
GATGACAGGTACCCGCAAGA_002,66
GATGACAGGTACCCGCAAGA_003,123
GATGACAGGTACCCGCAAGA_004,6
GATGACAGGTACCCGCAAGA_005,60
GATGACAGGTACCCGCAAGA_006,149
GATGACAGGTACCCGCAAGA_007,146
GATGACAGGTACCCGCAAGA_008,16
GATGACAGGTACCCGCAAGA_009,4
GATGACAGGTACCCGCAAGA_010,42
GATGACAGGTACCCGCAAGA_011,129
GATGACAGGTACCCGCAAGA_012,57
GATGACAGGTACCCGCAAGA_013,191
GATGACAGGTACCCGCAAGA_014,117
GATGACAGGTACCCGCAAGA_015,70
GATGACAGGTACCCGCAAGA_016,117
GGGCCCAGGACTACTACAGG_001,31
GGGCCCAGGACTACTACAGG_002,12
GGGCCCAGGACTACTACAGG_003,49
GGGCCCAGGACTACTACAGG_004,127
GGGCCCAGGACTACTACAGG_005,115
GGGCCCAGGACTACTACAGG_006,5
GGGCCCAGGACTACTACAGG_007,181
GGGCCCAGGACTACTACAGG_008,52
GGGCCCAGGACTACTACAGG_009,177
GGGCCCAGGACTACTACAGG_010,61
GGGCCCAGGACTACTACAGG_011,144
GGGCCCAGGACTACTACAGG_012,81
GGGCCCAGGACTACTACAGG_013,188
GGGCCCAGGACTACTACAGG_014,191
AATTACGACTGAGTCAATGC_001,158
AATTACGACTGAGTCAATGC_002,12
AATTACGACTGAGTCAATGC_003,98
AATTACGACTGAGTCAATGC_004,56
AATTACGACTGAGTCAATGC_005,171
AATTACGACTGAGTCAATGC_006,155
AATTACGACTGAGTCAATGC_007,19
AATTACGACTGAGTCAATGC_008,105
AGGGCTGGATTACTACACTG_001,107
AGGGCTGGATTACTACACTG_002,171
AGGGCTGGATTACTACACTG_003,38
AGGGCTGGATTACTACACTG_004,61
AGGGCTGGATTACTACACTG_005,137
AGGGCTGGATTACTACACTG_006,162
GTCTGGTCGCCTACCCCTCG_001,36
GTCTGGTCGCCTACCCCTCG_002,138
GTCTGGTCGCCTACCCCTCG_003,105
GTCTGGTCGCCTACCCCTCG_004,175
GTCTGGTCGCCTACCCCTCG_005,121
GTCTGGTCGCCTACCCCTCG_006,57
GTCTGGTCGCCTACCCCTCG_007,156
GTCTGGTCGCCTACCCCTCG_008,17
GTCTGGTCGCCTACCCCTCG_009,40
GTCTGGTCGCCTACCCCTCG_010,16
GTCTGGTCGCCTACCCCTCG_011,78
GTCTGGTCGCCTACCCCTCG_012,115
GTCTGGTCGCCTACCCCTCG_013,78
GTCTGGTCGCCTACCCCTCG_014,162
GTCTGGTCGCCTACCCCTCG_015,177
GTCTGGTCGCCTACCCCTCG_016,102
GTCTGGTCGCCTACCCCTCG_017,152
GTGACTCCACAGCATAACAT_001,130
GTGACTCCACAGCATAACAT_002,29
GTGACTCCACAGCATAACAT_003,43
GTGACTCCACAGCATAACAT_004,94
GTGACTCCACAGCATAACAT_005,78
GTGACTCCACAGCATAACAT_006,117
TTCAGGAAGTAGGAAACAGT_001,191
TTCAGGAAGTAGGAAACAGT_002,19
TTCAGGAAGTAGGAAACAGT_003,150
TTCAGGAAGTAGGAAACAGT_004,198
TTCAGGAAGTAGGAAACAGT_005,191
TTCAGGAAGTAGGAAACAGT_006,160
TTCAGGAAGTAGGAAACAGT_007,12
GGAACAACTGAATTTGCAAG_001,132
GGAACAACTGAATTTGCAAG_002,55
GGAACAACTGAATTTGCAAG_003,136
GGAACAACTGAATTTGCAAG_004,34
GGAACAACTGAATTTGCAAG_005,158
GGAACAACTGAATTTGCAAG_006,156
GGAGCAGATTCGCAACAGGG_001,189
GGAGCAGATTCGCAACAGGG_002,18
GGAGCAGATTCGCAACAGGG_003,62
GGAGCAGATTCGCAACAGGG_004,19
GGAGCAGATTCGCAACAGGG_005,78
GGAGCAGATTCGCAACAGGG_006,11
GGAGCAGATTCGCAACAGGG_007,170
GGAGCAGATTCGCAACAGGG_008,160
GGAGCAGATTCGCAACAGGG_009,85
GGAGCAGATTCGCAACAGGG_010,185
GGAGCAGATTCGCAACAGGG_011,158
GGAGCAGATTCGCAACAGGG_012,6
GGAGCAGATTCGCAACAGGG_013,31
GGAGCAGATTCGCAACAGGG_014,192
GGAGCAGATTCGCAACAGGG_015,83
GGAGCAGATTCGCAACAGGG_016,170
GGAGCAGATTCGCAACAGGG_017,127
GGAGCAGATTCGCAACAGGG_018,22
GGAGCAGATTCGCAACAGGG_019,81
GGAGCAGATTCGCAACAGGG_020,160
GGAGCAGATTCGCAACAGGG_021,115
GGAGCAGATTCGCAACAGGG_022,48
GGAGCAGATTCGCAACAGGG_023,16
GGAGCAGATTCGCAACAGGG_024,10
GGAGCAGATTCGCAACAGGG_025,147
GGAGCAGATTCGCAACAGGG_026,126
GGAGCAGATTCGCAACAGGG_027,137
GGAGCAGATTCGCAACAGGG_028,152
GGAGCAGATTCGCAACAGGG_029,189
GGAGCAGATTCGCAACAGGG_030,37
TCTCCAAGGTGGGATAACGC_001,193
TGGGTGAATTATTGGAGACA_001,94
TGACTAGTGTGCCAAATGAG_001,152
TGACTAGTGTGCCAAATGAG_002,1
TGACTAGTGTGCCAAATGAG_003,4
TGACTAGTGTGCCAAATGAG_004,17
TGACTAGTGTGCCAAATGAG_005,191
TGACTAGTGTGCCAAATGAG_006,70
TGACTAGTGTGCCAAATGAG_007,40
TGACTAGTGTGCCAAATGAG_008,107
TGACTAGTGTGCCAAATGAG_009,60
TGACTAGTGTGCCAAATGAG_010,9
TGACTAGTGTGCCAAATGAG_011,149
TGACTAGTGTGCCAAATGAG_012,176
TGACTAGTGTGCCAAATGAG_013,147
TGACTAGTGTGCCAAATGAG_014,128
TGACTAGTGTGCCAAATGAG_015,113
TGACTAGTGTGCCAAATGAG_016,136
TGAAACAGTGTATCAAAGTG_001,171
TGAAACAGTGTATCAAAGTG_002,42
TGAAACAGTGTATCAAAGTG_003,10
TGAAACAGTGTATCAAAGTG_004,191
TGAAACAGTGTATCAAAGTG_005,36
TGAAACAGTGTATCAAAGTG_006,2
GAGAGCGAATGGGATCTGTA_001,62
GAGAGCGAATGGGATCTGTA_002,29
GAGAGCGAATGGGATCTGTA_003,15
GAGAGCGAATGGGATCTGTA_004,111
GAGAGCGAATGGGATCTGTA_005,133
GAGAGCGAATGGGATCTGTA_006,156
GAGAGCGAATGGGATCTGTA_007,15
GAGAGCGAATGGGATCTGTA_008,177
GAGAGCGAATGGGATCTGTA_009,16
GAGAGCGAATGGGATCTGTA_010,88
GAGAGCGAATGGGATCTGTA_011,48
GAGAGCGAATGGGATCTGTA_012,29
GAGAGCGAATGGGATCTGTA_013,38
GCTGCCAGGCCACATAAGCA_001,168
GCTGCCAGGCCACATAAGCA_002,65
GCTGCCAGGCCACATAAGCA_003,120
GCTGCCAGGCCACATAAGCA_004,10
GCTGCCAGGCCACATAAGCA_005,168
GATATGTACAGATTGTAACA_001,138
GATATGTACAGATTGTAACA_002,166
GATATGTACAGATTGTAACA_003,80
GATATGTACAGATTGTAACA_004,155
GATATGTACAGATTGTAACA_005,90
CATTATGGCAGGCCAACTTG_001,42
CATTATGGCAGGCCAACTTG_002,44
CATTATGGCAGGCCAACTTG_003,60
CATTATGGCAGGCCAACTTG_004,165
CATTATGGCAGGCCAACTTG_005,23
CATTATGGCAGGCCAACTTG_006,168
GTCCATCCCCCTTAACAAGG_001,65
GTCCATCCCCCTTAACAAGG_002,121
GTCCATCCCCCTTAACAAGG_003,44
GTCCATCCCCCTTAACAAGG_004,181
GTCCATCCCCCTTAACAAGG_005,113
GTCCATCCCCCTTAACAAGG_006,94
GTCCATCCCCCTTAACAAGG_007,168
GTCCATCCCCCTTAACAAGG_008,198
GTCCATCCCCCTTAACAAGG_009,162
GTCCATCCCCCTTAACAAGG_010,93
GTCCATCCCCCTTAACAAGG_011,102
GTCCATCCCCCTTAACAAGG_012,3
GTCCATCCCCCTTAACAAGG_013,49
GTCCATCCCCCTTAACAAGG_014,134
GTCCATCCCCCTTAACAAGG_015,44
GTCCATCCCCCTTAACAAGG_016,130
TGGCTTCTTGGAGACATACG_001,105
TGGCTTCTTGGAGACATACG_002,170
TGGCTTCTTGGAGACATACG_003,177
TGGCTTCTTGGAGACATACG_004,160
TGGCTTCTTGGAGACATACG_005,72
TGGCTTCTTGGAGACATACG_006,129
TGGCTTCTTGGAGACATACG_007,170
TGGCTTCTTGGAGACATACG_008,182
TGGCTTCTTGGAGACATACG_009,38
GCACTCCACAGACCTCATCG_001,199
GCACTCCACAGACCTCATCG_002,192
GCACTCCACAGACCTCATCG_003,117
GCACTCCACAGACCTCATCG_004,188
GCACTCCACAGACCTCATCG_005,20
GCACTCCACAGACCTCATCG_006,50
GCACTCCACAGACCTCATCG_007,162
GCACTCCACAGACCTCATCG_008,10
GCACTCCACAGACCTCATCG_009,28
GCACTCCACAGACCTCATCG_010,106
GCACTCCACAGACCTCATCG_011,14
GCACTCCACAGACCTCATCG_012,95
TCGGTCATCAGCGTCAGCAA_001,181
TCGGTCATCAGCGTCAGCAA_002,73
TCGGTCATCAGCGTCAGCAA_003,30
TCGGTCATCAGCGTCAGCAA_004,21
TCGGTCATCAGCGTCAGCAA_005,76
TCGGTCATCAGCGTCAGCAA_006,25
TCGGTCATCAGCGTCAGCAA_007,150
TCGGTCATCAGCGTCAGCAA_008,150
TCGGTCATCAGCGTCAGCAA_009,1
TCGGTCATCAGCGTCAGCAA_010,164
TCGGTCATCAGCGTCAGCAA_011,164
TCGGTCATCAGCGTCAGCAA_012,126
TCGGTCATCAGCGTCAGCAA_013,88
TCGGTCATCAGCGTCAGCAA_014,155
TCGGTCATCAGCGTCAGCAA_015,35
TGTCTTAGGAGGTGCATTTG_001,105
TGTCTTAGGAGGTGCATTTG_002,70
TGTCTTAGGAGGTGCATTTG_003,106
TGTCTTAGGAGGTGCATTTG_004,18
TGTCTTAGGAGGTGCATTTG_005,147
TGTCTTAGGAGGTGCATTTG_006,65
TTCGTTGGATACCACTAGCT_001,137
TTCGTTGGATACCACTAGCT_002,158
TTCGTTGGATACCACTAGCT_003,1
TTCGTTGGATACCACTAGCT_004,49
AAAGTGATGAGAATCAACCT_001,151
AAAGTGATGAGAATCAACCT_002,183
AAAGTGATGAGAATCAACCT_003,65
AAAGTGATGAGAATCAACCT_004,102
AAAGTGATGAGAATCAACCT_005,97
AAAGTGATGAGAATCAACCT_006,94
AAAGTGATGAGAATCAACCT_007,184
AAAGTGATGAGAATCAACCT_008,111
AAAGTGATGAGAATCAACCT_009,15
AAAGTGATGAGAATCAACCT_010,49
AAAGTGATGAGAATCAACCT_011,117
AAAGTGATGAGAATCAACCT_012,28
AAAGTGATGAGAATCAACCT_013,19
ACAACAACATGGATTGACGT_001,50
ACAACAACATGGATTGACGT_002,143
ACAACAACATGGATTGACGT_003,83
ACAACAACATGGATTGACGT_004,13
ACAACAACATGGATTGACGT_005,34
ACAACAACATGGATTGACGT_006,45
ACAACAACATGGATTGACGT_007,129
AGTACACAGAATGGCGACCA_001,119
AGTACACAGAATGGCGACCA_002,138
AGTACACAGAATGGCGACCA_003,81
AGTACACAGAATGGCGACCA_004,169
AGTACACAGAATGGCGACCA_005,169
CCTGGCCCAAGATAGCATTG_001,140
CCTGGCCCAAGATAGCATTG_002,140
CCTGGCCCAAGATAGCATTG_003,115
CCTGGCCCAAGATAGCATTG_004,103
CCTGGCCCAAGATAGCATTG_005,34
CCTGGCCCAAGATAGCATTG_006,119
CTACAGAATTCAGTTTGGCA_001,144
CTACAGAATTCAGTTTGGCA_002,48
CTACAGAATTCAGTTTGGCA_003,108
CTACAGAATTCAGTTTGGCA_004,6
TGTAGAGCTCCAGCGTGATG_001,78
TGTAGAGCTCCAGCGTGATG_002,130
TGTAGAGCTCCAGCGTGATG_003,191
TGTAGAGCTCCAGCGTGATG_004,105
TGTAGAGCTCCAGCGTGATG_005,147
TGTAGAGCTCCAGCGTGATG_006,38
TGTAGAGCTCCAGCGTGATG_007,29
TGTAGAGCTCCAGCGTGATG_008,57
TGTAGAGCTCCAGCGTGATG_009,131
TGTAGAGCTCCAGCGTGATG_010,127
TTCCAGGTGTACACCCCCGT_001,63
TTCCAGGTGTACACCCCCGT_002,7
TTCCAGGTGTACACCCCCGT_003,196
TTCCAGGTGTACACCCCCGT_004,148
TTCCAGGTGTACACCCCCGT_005,75
TTCCAGGTGTACACCCCCGT_006,7
TTCCAGGTGTACACCCCCGT_007,183
TTCCAGGTGTACACCCCCGT_008,176
GGACCCTGCATCCATAACGC_001,7
GGACCCTGCATCCATAACGC_002,43
GGACCCTGCATCCATAACGC_003,43
GGACCCTGCATCCATAACGC_004,190
CGGCGAGCCGTTACCGATGG_001,121
CGGCGAGCCGTTACCGATGG_002,174
CGGCGAGCCGTTACCGATGG_003,74
AAGAATTGAGAATACACTAA_001,177
AAGAATTGAGAATACACTAA_002,82
GAGACCAATGGTCAGCCACA_001,130
GAGACCAATGGTCAGCCACA_002,127
GAGACCAATGGTCAGCCACA_003,9
GAGACCAATGGTCAGCCACA_004,141
AATGCTGGGATCAGCTACCG_001,112
AATGCTGGGATCAGCTACCG_002,120
AATGCTGGGATCAGCTACCG_003,70
AATGCTGGGATCAGCTACCG_004,124
AATGCTGGGATCAGCTACCG_005,14
GCCCGAGTTCCACTACATCG_001,105
GCCCGAGTTCCACTACATCG_002,176
GCCCGAGTTCCACTACATCG_003,195
GCCCGAGTTCCACTACATCG_004,35
GCCCGAGTTCCACTACATCG_005,149
GCCCGAGTTCCACTACATCG_006,105
GCCCGAGTTCCACTACATCG_007,190
GCCCGAGTTCCACTACATCG_008,138
GCCCGAGTTCCACTACATCG_009,76
GCCCGAGTTCCACTACATCG_010,96
GCCCGAGTTCCACTACATCG_011,96
GCCCGAGTTCCACTACATCG_012,131
GCCCGAGTTCCACTACATCG_013,119
GGTCACACCAGCGTTCTCGG_001,125
GGTCACACCAGCGTTCTCGG_002,98
GGTCACACCAGCGTTCTCGG_003,153
GGTCACACCAGCGTTCTCGG_004,34
GGTCACACCAGCGTTCTCGG_005,197
GGTCACACCAGCGTTCTCGG_006,56
TCCTTCAGCAGCGTGGTTAG_001,17
TCCTTCAGCAGCGTGGTTAG_002,199
TCCTTCAGCAGCGTGGTTAG_003,133
TCCTTCAGCAGCGTGGTTAG_004,191
TCCTTCAGCAGCGTGGTTAG_005,106
TCACCAGTGAAATTTGACAT_001,86
TCACCAGTGAAATTTGACAT_002,42
TCACCAGTGAAATTTGACAT_003,65
TCACCAGTGAAATTTGACAT_004,185
TCACCAGTGAAATTTGACAT_005,185
TCACCAGTGAAATTTGACAT_006,57
TCACCAGTGAAATTTGACAT_007,10
TTGTCTTGCATAACCCACAG_001,149
TTGTCTTGCATAACCCACAG_002,33
TTGTCTTGCATAACCCACAG_003,42
TTGTCTTGCATAACCCACAG_004,184
TTGTCTTGCATAACCCACAG_005,166
TTGTCTTGCATAACCCACAG_006,14
TTGTCTTGCATAACCCACAG_007,158
TTGTCTTGCATAACCCACAG_008,70
TTGTCTTGCATAACCCACAG_009,65
TTGTCTTGCATAACCCACAG_010,67
TTGTCTTGCATAACCCACAG_011,131
CTCACAAATGCAAGATATGT_001,146
CTCACAAATGCAAGATATGT_002,15
CTCACAAATGCAAGATATGT_003,78
TGGAGGCCTACGAGTGAAGT_001,162
TGGAGGCCTACGAGTGAAGT_002,40
TGGAGGCCTACGAGTGAAGT_003,180
TGGAGGCCTACGAGTGAAGT_004,82
TGGAGGCCTACGAGTGAAGT_005,35
TGGAGGCCTACGAGTGAAGT_006,63
AGTGCGACGAGAGCAACCTG_001,177
AGTGCGACGAGAGCAACCTG_002,37
AGTGCGACGAGAGCAACCTG_003,112
AGTGCGACGAGAGCAACCTG_004,84
AGTGCGACGAGAGCAACCTG_005,76
AGTGCGACGAGAGCAACCTG_006,161
AGTGCGACGAGAGCAACCTG_007,185
AGTGCGACGAGAGCAACCTG_008,186
AGTGCGACGAGAGCAACCTG_009,122
AGTGCGACGAGAGCAACCTG_010,21
AGTGCGACGAGAGCAACCTG_011,102
AGTGCGACGAGAGCAACCTG_012,64
AGTGCGACGAGAGCAACCTG_013,40
AGTGCGACGAGAGCAACCTG_014,171
AGTGCGACGAGAGCAACCTG_015,89
AGTGCGACGAGAGCAACCTG_016,169
AGTGCGACGAGAGCAACCTG_017,141
AGTGCGACGAGAGCAACCTG_018,105
AGTGCGACGAGAGCAACCTG_019,149
AGTGCGACGAGAGCAACCTG_020,29
AGTGCGACGAGAGCAACCTG_021,146
GTACCGCCATTGGATTAAAG_001,117
GTACCGCCATTGGATTAAAG_002,177
GTACCGCCATTGGATTAAAG_003,40
GTACCGCCATTGGATTAAAG_004,178
GTACCGCCATTGGATTAAAG_005,6
TTCTCATAGCCACTAGACAA_001,68
TTCTCATAGCCACTAGACAA_002,127
GTGGTGAAAGATGGATCAAG_001,123
GTGGTGAAAGATGGATCAAG_002,199
GTGGTGAAAGATGGATCAAG_003,186
GTGGTGAAAGATGGATCAAG_004,23
GTGGTGAAAGATGGATCAAG_005,27
GTTTGCACAAGAAAACAGAC_001,118
GTTTGCACAAGAAAACAGAC_002,139
GTTTGCACAAGAAAACAGAC_003,92
GTTTGCACAAGAAAACAGAC_004,156
GTTTGCACAAGAAAACAGAC_005,33
GTTTGCACAAGAAAACAGAC_006,138
GTTTGCACAAGAAAACAGAC_007,138
TGCGTTCAGCATTTACGACA_001,118
TGCGTTCAGCATTTACGACA_002,26
TGCGTTCAGCATTTACGACA_003,121
TGCGTTCAGCATTTACGACA_004,197
TGCGTTCAGCATTTACGACA_005,75
TGCGTTCAGCATTTACGACA_006,13
TGCGTTCAGCATTTACGACA_007,175
TGCGTTCAGCATTTACGACA_008,138
TGCGTTCAGCATTTACGACA_009,71
GATCAATCAGCTGATCGCCG_001,104
GATCAATCAGCTGATCGCCG_002,182
GATCAATCAGCTGATCGCCG_003,130
GATCAATCAGCTGATCGCCG_004,147
GATCAATCAGCTGATCGCCG_005,37
CTTCATCAACTACCTCACGA_001,48
CTTCATCAACTACCTCACGA_002,188
CTTCATCAACTACCTCACGA_003,78
CTTCATCAACTACCTCACGA_004,107
CTTCATCAACTACCTCACGA_005,130
CTTCATCAACTACCTCACGA_006,24
CTTCATCAACTACCTCACGA_007,189
CTTCATCAACTACCTCACGA_008,33
CTTCATCAACTACCTCACGA_009,158
CTTCATCAACTACCTCACGA_010,192
CTTCATCAACTACCTCACGA_011,130
CTTCATCAACTACCTCACGA_012,48
CTTCATCAACTACCTCACGA_013,169
CTTCATCAACTACCTCACGA_014,103
CTTCATCAACTACCTCACGA_015,88
CTTCATCAACTACCTCACGA_016,97
CTTCATCAACTACCTCACGA_017,147
CTTCATCAACTACCTCACGA_018,192
CTTCATCAACTACCTCACGA_019,41
CTTCATCAACTACCTCACGA_020,94
CTTCATCAACTACCTCACGA_021,88
GACTGACCCCAAGACCGTGC_001,159
GACTGACCCCAAGACCGTGC_002,195
GACTGACCCCAAGACCGTGC_003,102
GACTGACCCCAAGACCGTGC_004,40
GACTGACCCCAAGACCGTGC_005,43
GACTGACCCCAAGACCGTGC_006,55
GACTGACCCCAAGACCGTGC_007,84
GACTGACCCCAAGACCGTGC_008,106
GACTGACCCCAAGACCGTGC_009,175
GACTGACCCCAAGACCGTGC_010,169
GACTGACCCCAAGACCGTGC_011,141
GACTGACCCCAAGACCGTGC_012,192
GACTGACCCCAAGACCGTGC_013,176
GACTGACCCCAAGACCGTGC_014,134
GACTGACCCCAAGACCGTGC_015,96
GACTGACCCCAAGACCGTGC_016,53
GACTGACCCCAAGACCGTGC_017,147
GACTGACCCCAAGACCGTGC_018,82
GACTGACCCCAAGACCGTGC_019,184
GACTGACCCCAAGACCGTGC_020,182
TCCCCGGGCTCACCATGCCG_001,27
TCCCCGGGCTCACCATGCCG_002,119
TCCCCGGGCTCACCATGCCG_003,119
TCCCCGGGCTCACCATGCCG_004,161
TCCCCGGGCTCACCATGCCG_005,165
TCCCCGGGCTCACCATGCCG_006,176
TCCCCGGGCTCACCATGCCG_007,62
TCCCCGGGCTCACCATGCCG_008,37
TCCCCGGGCTCACCATGCCG_009,64
TCCCCGGGCTCACCATGCCG_010,152
TCCCCGGGCTCACCATGCCG_011,35
TCCCCGGGCTCACCATGCCG_012,26
TCCCCGGGCTCACCATGCCG_013,50
CGGAACCGCGACCAACGCGG_001,98
CGGAACCGCGACCAACGCGG_002,15
CGGAACCGCGACCAACGCGG_003,15
CGGAACCGCGACCAACGCGG_004,58
CGGAACCGCGACCAACGCGG_005,117
CGGAACCGCGACCAACGCGG_006,156
CGGAACCGCGACCAACGCGG_007,60
CGGAACCGCGACCAACGCGG_008,154
ACCTATAACTACAACATGAG_001,80
ACCTATAACTACAACATGAG_002,172
ACGCAAGAGCCGACTTAAGT_001,161
ACGCAAGAGCCGACTTAAGT_002,78
ACGCAAGAGCCGACTTAAGT_003,9
ACGCAAGAGCCGACTTAAGT_004,52
ACGCAAGAGCCGACTTAAGT_005,127
ACGCAAGAGCCGACTTAAGT_006,102
ACGCAAGAGCCGACTTAAGT_007,165
ACGCAAGAGCCGACTTAAGT_008,49
GACATGGGTCCAACTCCAGG_001,158
GACATGGGTCCAACTCCAGG_002,88
GACATGGGTCCAACTCCAGG_003,149
GACATGGGTCCAACTCCAGG_004,157
GACATGGGTCCAACTCCAGG_005,154
GACATGGGTCCAACTCCAGG_006,48
TTTCCTGAACTGGAAACCAA_001,43
TTTCCTGAACTGGAAACCAA_002,130
TTTCCTGAACTGGAAACCAA_003,42
TTTCCTGAACTGGAAACCAA_004,60
TTTCCTGAACTGGAAACCAA_005,70
TTTCCTGAACTGGAAACCAA_006,140
TTTCCTGAACTGGAAACCAA_007,61
TTTCCTGAACTGGAAACCAA_008,198
TTTCCTGAACTGGAAACCAA_009,1
TTTCCTGAACTGGAAACCAA_010,68
TTTCCTGAACTGGAAACCAA_011,130
TTTCCTGAACTGGAAACCAA_012,46
TTTCCTGAACTGGAAACCAA_013,68
TTTCCTGAACTGGAAACCAA_014,49
TTTCCTGAACTGGAAACCAA_015,52
TTTCCTGAACTGGAAACCAA_016,97
TTTCCTGAACTGGAAACCAA_017,6
GGAGCTGATGGCACTCTCTG_001,50
GGAGCTGATGGCACTCTCTG_002,83
GGAGCTGATGGCACTCTCTG_003,35
GGAGCTGATGGCACTCTCTG_004,58
GGAGCTGATGGCACTCTCTG_005,150
GGAGCTGATGGCACTCTCTG_006,199
GGAGCTGATGGCACTCTCTG_007,158
GGAGCTGATGGCACTCTCTG_008,94
GGAGCTGATGGCACTCTCTG_009,76
GGAGCTGATGGCACTCTCTG_010,140
GGAGCTGATGGCACTCTCTG_011,43
GGAGCTGATGGCACTCTCTG_012,168
GGAGCTGATGGCACTCTCTG_013,102
GGAGCTGATGGCACTCTCTG_014,28
AGGGGCAGCTTTATGAGGAG_001,145
AGGGGCAGCTTTATGAGGAG_002,76
AGGGGCAGCTTTATGAGGAG_003,151
AGGGGCAGCTTTATGAGGAG_004,62
AGGGGCAGCTTTATGAGGAG_005,115
AGGGGCAGCTTTATGAGGAG_006,35
AGGGGCAGCTTTATGAGGAG_007,40
AGGGGCAGCTTTATGAGGAG_008,107
AGGGGCAGCTTTATGAGGAG_009,5
AGGGGCAGCTTTATGAGGAG_010,191
AGGGGCAGCTTTATGAGGAG_011,99
AGGGGCAGCTTTATGAGGAG_012,70
CCTGCTGACAGTGGACATAG_001,172
CCTGCTGACAGTGGACATAG_002,150
CCTGCTGACAGTGGACATAG_003,49
CCTGCTGACAGTGGACATAG_004,24
CCTGCTGACAGTGGACATAG_005,169
CCTGCTGACAGTGGACATAG_006,169
CCTGCTGACAGTGGACATAG_007,121
CCTGCTGACAGTGGACATAG_008,46
CCTGCTGACAGTGGACATAG_009,34
CCTGCTGACAGTGGACATAG_010,189
CCTGCTGACAGTGGACATAG_011,96
CCTGCTGACAGTGGACATAG_012,195
CCTGCTGACAGTGGACATAG_013,76
CCTGCTGACAGTGGACATAG_014,22
CCTGCTGACAGTGGACATAG_015,158
CCTGCTGACAGTGGACATAG_016,47
CCTGCTGACAGTGGACATAG_017,123
CCTGCTGACAGTGGACATAG_018,75
CCTGCTGACAGTGGACATAG_019,81
CCTGCTGACAGTGGACATAG_020,27
CCTGCTGACAGTGGACATAG_021,41
CCTGCTGACAGTGGACATAG_022,41
GCCTGGGGAGGACAGATGCG_001,1
GCCTGGGGAGGACAGATGCG_002,145
GCCTGGGGAGGACAGATGCG_003,121
GCCTGGGGAGGACAGATGCG_004,102
GCCTGGGGAGGACAGATGCG_005,4
GCCTGGGGAGGACAGATGCG_006,111
GCCTGGGGAGGACAGATGCG_007,48
GCCTGGGGAGGACAGATGCG_008,134
GCCTGGGGAGGACAGATGCG_009,48
GCCTGGGGAGGACAGATGCG_010,149
GCCTGGGGAGGACAGATGCG_011,119
GCCTGGGGAGGACAGATGCG_012,60
GCCTGGGGAGGACAGATGCG_013,123
GAGACCGAGGTGTATCACCA_001,14
GAGACCGAGGTGTATCACCA_002,197
GAGACCGAGGTGTATCACCA_003,196
GAGACCGAGGTGTATCACCA_004,68
GAGACCGAGGTGTATCACCA_005,23
TTGTGGTGGAGGATGCCCGA_001,171
TTGTGGTGGAGGATGCCCGA_002,181
TTGTGGTGGAGGATGCCCGA_003,187
TTGTGGTGGAGGATGCCCGA_004,93
TTGTGGTGGAGGATGCCCGA_005,140
TTGTGGTGGAGGATGCCCGA_006,17
TTGTGGTGGAGGATGCCCGA_007,159
TTGTGGTGGAGGATGCCCGA_008,88
TTGTGGTGGAGGATGCCCGA_009,170
TTGTGGTGGAGGATGCCCGA_010,196
TTGTGGTGGAGGATGCCCGA_011,177
TTGTGGTGGAGGATGCCCGA_012,21
AGACTCACCGATGAACTCGA_001,75
AGACTCACCGATGAACTCGA_002,158
AGACTCACCGATGAACTCGA_003,63
AGACTCACCGATGAACTCGA_004,58
AGACTCACCGATGAACTCGA_005,190
AGACTCACCGATGAACTCGA_006,10
AGACTCACCGATGAACTCGA_007,136
AGACTCACCGATGAACTCGA_008,121
AGACTCACCGATGAACTCGA_009,130
CAAACTGCTCGACAAGTAAG_001,94
CAAACTGCTCGACAAGTAAG_002,147
CAAACTGCTCGACAAGTAAG_003,142
CAAACTGCTCGACAAGTAAG_004,10
CAGCATCGAGATCCAGAACG_001,132
CAGCATCGAGATCCAGAACG_002,159
CAGCATCGAGATCCAGAACG_003,137
CAGCATCGAGATCCAGAACG_004,163
CTGGCTGATCCTGCACCACA_001,15
CTGGCTGATCCTGCACCACA_002,58
CTGGCTGATCCTGCACCACA_003,158
CTGGCTGATCCTGCACCACA_004,88
CTGGCTGATCCTGCACCACA_005,166
CTGGCTGATCCTGCACCACA_006,75
CTGGCTGATCCTGCACCACA_007,106
CTGGCTGATCCTGCACCACA_008,102
CTGGCTGATCCTGCACCACA_009,48
CTGGCTGATCCTGCACCACA_010,68
CTGGCTGATCCTGCACCACA_011,173
CTGGCTGATCCTGCACCACA_012,65
CTGGCTGATCCTGCACCACA_013,33
CTGGCTGATCCTGCACCACA_014,4
CTGGCTGATCCTGCACCACA_015,19
CTGGCTGATCCTGCACCACA_016,1
CTGGCTGATCCTGCACCACA_017,117
CTGGCTGATCCTGCACCACA_018,121
CTGGCTGATCCTGCACCACA_019,60
CTGGCTGATCCTGCACCACA_020,154
CTGGCTGATCCTGCACCACA_021,157
CTGGCTGATCCTGCACCACA_022,51
CTGGCTGATCCTGCACCACA_023,52
CTGGCTGATCCTGCACCACA_024,144
CTGGCTGATCCTGCACCACA_025,168
CTGGCTGATCCTGCACCACA_026,168
CTGGCTGATCCTGCACCACA_027,40
CTGGCTGATCCTGCACCACA_028,84
CTGGCTGATCCTGCACCACA_029,46
CTGGCTGATCCTGCACCACA_030,19
CTGGCTGATCCTGCACCACA_031,196
CTGGCTGATCCTGCACCACA_032,6
GTAGAAATGGAATCCTCCAT_001,154
GTAGAAATGGAATCCTCCAT_002,114
CATGGCATGCCCCCTGGATC_001,9
CATGGCATGCCCCCTGGATC_002,134
CATGGCATGCCCCCTGGATC_003,7
CATGGCATGCCCCCTGGATC_004,178
CATGGCATGCCCCCTGGATC_005,101
CATGGCATGCCCCCTGGATC_006,17
CATGGCATGCCCCCTGGATC_007,49
CATGGCATGCCCCCTGGATC_008,59
CATGGCATGCCCCCTGGATC_009,163
CATGGCATGCCCCCTGGATC_010,184
CATGGCATGCCCCCTGGATC_011,161
CATGGCATGCCCCCTGGATC_012,0
CATGGCATGCCCCCTGGATC_013,48
GAGACAGAGAATCCCATGGG_001,38
GGAGCTGAAGATCGTGATCG_001,153
GGAGCTGAAGATCGTGATCG_002,133
GGAGCTGAAGATCGTGATCG_003,54
GGAGCTGAAGATCGTGATCG_004,188
GGAGCTGAAGATCGTGATCG_005,169
GGAGCTGAAGATCGTGATCG_006,50
GGAGCTGAAGATCGTGATCG_007,131
GGAGCTGAAGATCGTGATCG_008,172
GGAGCTGAAGATCGTGATCG_009,2
GGAGCTGAAGATCGTGATCG_010,156
CGGAAACACAGCAACCCATG_001,77
CGGAAACACAGCAACCCATG_002,49
CGGAAACACAGCAACCCATG_003,58
CGGAAACACAGCAACCCATG_004,47
CGGAAACACAGCAACCCATG_005,84
CGGAAACACAGCAACCCATG_006,22
CGGAAACACAGCAACCCATG_007,127
CGGAAACACAGCAACCCATG_008,2
CGGAAACACAGCAACCCATG_009,106
CGGAAACACAGCAACCCATG_010,166
CGGAAACACAGCAACCCATG_011,103
CGGAAACACAGCAACCCATG_012,61
CGGAAACACAGCAACCCATG_013,155
CGGAAACACAGCAACCCATG_014,62
CGGAAACACAGCAACCCATG_015,78
CGGAAACACAGCAACCCATG_016,188
CGGAAACACAGCAACCCATG_017,105
CGGAAACACAGCAACCCATG_018,102
CGGAAACACAGCAACCCATG_019,19
CGGAAACACAGCAACCCATG_020,158
CAGAAAAAGGCTAATACCAT_001,29
CAGAAAAAGGCTAATACCAT_002,65
CAGAAAAAGGCTAATACCAT_003,102
CAGAAAAAGGCTAATACCAT_004,2
CAGAAAAAGGCTAATACCAT_005,186
CAGAAAAAGGCTAATACCAT_006,96
CAGAAAAAGGCTAATACCAT_007,102
CAGAAAAAGGCTAATACCAT_008,125
ATGTTTACAAAAGACAGTGA_001,70
ATGTTTACAAAAGACAGTGA_002,149
ATGTTTACAAAAGACAGTGA_003,10
ATGTTTACAAAAGACAGTGA_004,170
ATGTTTACAAAAGACAGTGA_005,104
ATGTTTACAAAAGACAGTGA_006,64
ATGTTTACAAAAGACAGTGA_007,7
GTAACTCACCCAAACATTTG_001,177
GTAACTCACCCAAACATTTG_002,179
GTAACTCACCCAAACATTTG_003,21
GTAACTCACCCAAACATTTG_004,116
GTAACTCACCCAAACATTTG_005,118
TTGACAATAGGTGTTTGACC_001,116
TTGACAATAGGTGTTTGACC_002,169
TTGACAATAGGTGTTTGACC_003,49
AGTAAAGTTTACTGGCTACC_001,40
AGTAAAGTTTACTGGCTACC_002,60
AGTAAAGTTTACTGGCTACC_003,127
AGTAAAGTTTACTGGCTACC_004,61
TCCCCGCTCACTAGGGCACG_001,82
TCCCCGCTCACTAGGGCACG_002,69
TCCCCGCTCACTAGGGCACG_003,160
TCCCCGCTCACTAGGGCACG_004,45
TCCCCGCTCACTAGGGCACG_005,116
TCCCCGCTCACTAGGGCACG_006,25
AAGATAAAGAGCGGAGAGCG_001,83
AAGATAAAGAGCGGAGAGCG_002,10
AAGATAAAGAGCGGAGAGCG_003,84
AAGATAAAGAGCGGAGAGCG_004,112
AAGATAAAGAGCGGAGAGCG_005,81
AAGATAAAGAGCGGAGAGCG_006,113
AAGATAAAGAGCGGAGAGCG_007,16
AAGATAAAGAGCGGAGAGCG_008,105
AAGATAAAGAGCGGAGAGCG_009,2
AAGATAAAGAGCGGAGAGCG_010,138
AAGATAAAGAGCGGAGAGCG_011,146
AAGATAAAGAGCGGAGAGCG_012,155
AAGATAAAGAGCGGAGAGCG_013,96
AAGATAAAGAGCGGAGAGCG_014,118
AAGATAAAGAGCGGAGAGCG_015,162
AAGATAAAGAGCGGAGAGCG_016,176
CAGGCCAGAAGCTTCGCAAC_001,189
CAGGCCAGAAGCTTCGCAAC_002,97
CAGGCCAGAAGCTTCGCAAC_003,188
CAGGCCAGAAGCTTCGCAAC_004,171
CAGGCCAGAAGCTTCGCAAC_005,114
CAGGCCAGAAGCTTCGCAAC_006,46
CAGGCCAGAAGCTTCGCAAC_007,180
CAGGCCAGAAGCTTCGCAAC_008,132
TGAGGATTTACGGAAGCAGG_001,78
TGAGGATTTACGGAAGCAGG_002,50
TGAGGATTTACGGAAGCAGG_003,149
TGAGGATTTACGGAAGCAGG_004,105
TGAGGATTTACGGAAGCAGG_005,77
TGAGGATTTACGGAAGCAGG_006,156
TGAGGATTTACGGAAGCAGG_007,115
TGAGGATTTACGGAAGCAGG_008,49
TGAGGATTTACGGAAGCAGG_009,28
TGAGGATTTACGGAAGCAGG_010,58
TGAGGATTTACGGAAGCAGG_011,198
TGAGGATTTACGGAAGCAGG_012,35
TGAGGATTTACGGAAGCAGG_013,142
TGAGGATTTACGGAAGCAGG_014,60
TGAGGATTTACGGAAGCAGG_015,144
TGAGGATTTACGGAAGCAGG_016,34
TGAGGATTTACGGAAGCAGG_017,130
TGAGGATTTACGGAAGCAGG_018,162
TGATGAGATCACGATCACGG_001,50
TGATGAGATCACGATCACGG_002,159
TGATGAGATCACGATCACGG_003,102
TGATGAGATCACGATCACGG_004,175
TGATGAGATCACGATCACGG_005,158
TGATGAGATCACGATCACGG_006,177
TGATGAGATCACGATCACGG_007,120
AGTACACAAGCACTCGACCG_001,172
AGTACACAAGCACTCGACCG_002,111
AGTACACAAGCACTCGACCG_003,81
AGTACACAAGCACTCGACCG_004,42
AGTACACAAGCACTCGACCG_005,44
AGTACACAAGCACTCGACCG_006,27
AGTACACAAGCACTCGACCG_007,16
AGTACACAAGCACTCGACCG_008,75
AGTACACAAGCACTCGACCG_009,169
AGTACACAAGCACTCGACCG_010,140
AGTACACAAGCACTCGACCG_011,146
AGTACACAAGCACTCGACCG_012,123
AGTACACAAGCACTCGACCG_013,34
GGTCTCATGAGCTATCACGA_001,88
GGTCTCATGAGCTATCACGA_002,2
GGTCTCATGAGCTATCACGA_003,93
ATGGCAACTACAATATTAGG_001,144
ATGGCAACTACAATATTAGG_002,195
ATGGCAACTACAATATTAGG_003,152
ATGGCAACTACAATATTAGG_004,170
GTGCTTCAGATGGAAGAGCA_001,60
GTGCTTCAGATGGAAGAGCA_002,147
GTGCTTCAGATGGAAGAGCA_003,191
GTGCTTCAGATGGAAGAGCA_004,84
GTGCTTCAGATGGAAGAGCA_005,184
GTGCTTCAGATGGAAGAGCA_006,1
GTGCTTCAGATGGAAGAGCA_007,149
GTGCTTCAGATGGAAGAGCA_008,99
GTGCTTCAGATGGAAGAGCA_009,144
GTGCTTCAGATGGAAGAGCA_010,26
TTTCCAAGGCTACCACCAGA_001,152
TTTCCAAGGCTACCACCAGA_002,120
TTTCCAAGGCTACCACCAGA_003,102
AGATGGACCTCACAAATGCA_001,60
AGATGGACCTCACAAATGCA_002,4
AGATGGACCTCACAAATGCA_003,4
AGATGGACCTCACAAATGCA_004,29
AGATGGACCTCACAAATGCA_005,178
AGATGGACCTCACAAATGCA_006,80
AGATGGACCTCACAAATGCA_007,28
AGATGGACCTCACAAATGCA_008,108
AGATGGACCTCACAAATGCA_009,145
AGATGGACCTCACAAATGCA_010,198
AGATGGACCTCACAAATGCA_011,168
AGATGGACCTCACAAATGCA_012,166
AGATGGACCTCACAAATGCA_013,62
AGATGGACCTCACAAATGCA_014,11
AAGTGGGCCATACCAGCCGA_001,102
AAGTGGGCCATACCAGCCGA_002,48
AAGTGGGCCATACCAGCCGA_003,169
AAGTGGGCCATACCAGCCGA_004,199
AAGTGGGCCATACCAGCCGA_005,199
AAGTGGGCCATACCAGCCGA_006,53
AAGTGGGCCATACCAGCCGA_007,142
AAGTGGGCCATACCAGCCGA_008,121
AAGTGGGCCATACCAGCCGA_009,1
AAGTGGGCCATACCAGCCGA_010,178
AAGTGGGCCATACCAGCCGA_011,115
AAGTGGGCCATACCAGCCGA_012,97
AAGTGGGCCATACCAGCCGA_013,187
AAGTGGGCCATACCAGCCGA_014,28
AAGTGGGCCATACCAGCCGA_015,105
AAGTGGGCCATACCAGCCGA_016,49
AAGTGGGCCATACCAGCCGA_017,52
AAGTGGGCCATACCAGCCGA_018,106
AAGTGGGCCATACCAGCCGA_019,142
AAGTGGGCCATACCAGCCGA_020,68
AAGTGGGCCATACCAGCCGA_021,2
AAGTGGGCCATACCAGCCGA_022,124
AAGTGGGCCATACCAGCCGA_023,99
AAGTGGGCCATACCAGCCGA_024,166
AAGTGGGCCATACCAGCCGA_025,115
AAGTGGGCCATACCAGCCGA_026,144
ATTGGCACAAACAGTTGGTG_001,94
ATTGGCACAAACAGTTGGTG_002,156
ATTGGCACAAACAGTTGGTG_003,57
ATTGGCACAAACAGTTGGTG_004,37
ATTGGCACAAACAGTTGGTG_005,117
TGCTGCAGAATGACTCGCGT_001,17
TGCTGCAGAATGACTCGCGT_002,149
TGCTGCAGAATGACTCGCGT_003,154
TGCTGCAGAATGACTCGCGT_004,182
TGCTGCAGAATGACTCGCGT_005,105
TGCTGCAGAATGACTCGCGT_006,138
TGCTGCAGAATGACTCGCGT_007,96
TGCTGCAGAATGACTCGCGT_008,88
TGCTGCAGAATGACTCGCGT_009,122
TGCTGCAGAATGACTCGCGT_010,175
TGCTGCAGAATGACTCGCGT_011,117
TGCTGCAGAATGACTCGCGT_012,92
TGCTGCAGAATGACTCGCGT_013,78
TGCTGCAGAATGACTCGCGT_014,41
TGCTGCAGAATGACTCGCGT_015,79
TGCTGCAGAATGACTCGCGT_016,187
TGCTGCAGAATGACTCGCGT_017,126
TTTACCAAAAAGCTGCCATG_001,45
TTTACCAAAAAGCTGCCATG_002,72
TTTACCAAAAAGCTGCCATG_003,13
TTTACCAAAAAGCTGCCATG_004,94
TTTACCAAAAAGCTGCCATG_005,174
TTTACCAAAAAGCTGCCATG_006,170
TTTACCAAAAAGCTGCCATG_007,48
GAGGAACCGACGATAACTCG_001,152
GGTAGTGGGAAGTTTGGGCA_001,149
GGTAGTGGGAAGTTTGGGCA_002,139
GGTAGTGGGAAGTTTGGGCA_003,132
GGTAGTGGGAAGTTTGGGCA_004,8
GGTAGTGGGAAGTTTGGGCA_005,140
GGTAGTGGGAAGTTTGGGCA_006,158
GGTAGTGGGAAGTTTGGGCA_007,88
GGTAGTGGGAAGTTTGGGCA_008,10
GGTAGTGGGAAGTTTGGGCA_009,91
TGAGCTCCTTGTCCGTACGC_001,162
TGAGCTCCTTGTCCGTACGC_002,70
TGAGCTCCTTGTCCGTACGC_003,198
TGAGCTCCTTGTCCGTACGC_004,147
TGAGCTCCTTGTCCGTACGC_005,41
TGAGCTCCTTGTCCGTACGC_006,128
TGAGCTCCTTGTCCGTACGC_007,78
TGAGCTCCTTGTCCGTACGC_008,56
TGAGCTCCTTGTCCGTACGC_009,101
TGCCAAACCAGTTGGGCATG_001,116
TGCCAAACCAGTTGGGCATG_002,108
TGCCAAACCAGTTGGGCATG_003,48
TGCCAAACCAGTTGGGCATG_004,70
TGCCAAACCAGTTGGGCATG_005,74
TGCCAAACCAGTTGGGCATG_006,39
GAACAGAACGCACAGAATGG_001,163
GAACAGAACGCACAGAATGG_002,171
GAACAGAACGCACAGAATGG_003,3
GAACAGAACGCACAGAATGG_004,4
GAACAGAACGCACAGAATGG_005,58
GAACAGAACGCACAGAATGG_006,150
GAACAGAACGCACAGAATGG_007,113
GAACAGAACGCACAGAATGG_008,190
GAACAGAACGCACAGAATGG_009,94
GAACAGAACGCACAGAATGG_010,193
GAACAGAACGCACAGAATGG_011,94
GAACAGAACGCACAGAATGG_012,160
GAACAGAACGCACAGAATGG_013,7
GAACAGAACGCACAGAATGG_014,100
GAACAGAACGCACAGAATGG_015,72
GAACAGAACGCACAGAATGG_016,116
GAACAGAACGCACAGAATGG_017,102
GAACAGAACGCACAGAATGG_018,15
GAACAGAACGCACAGAATGG_019,120
GAACAGAACGCACAGAATGG_020,30
GTGCTCTTGCAACACAATCG_001,149
GTGCTCTTGCAACACAATCG_002,168
GTGCTCTTGCAACACAATCG_003,58
GTGCTCTTGCAACACAATCG_004,166
ACATTCGCTTCAATGCACAT_001,181
ACATTCGCTTCAATGCACAT_002,160
ACATTCGCTTCAATGCACAT_003,88
ACATTCGCTTCAATGCACAT_004,190
ACATTCGCTTCAATGCACAT_005,76
ACATTCGCTTCAATGCACAT_006,85
ACATTCGCTTCAATGCACAT_007,190
ACATTCGCTTCAATGCACAT_008,105
ACATTCGCTTCAATGCACAT_009,77
ACATTCGCTTCAATGCACAT_010,149
ACATTCGCTTCAATGCACAT_011,198
ACATTCGCTTCAATGCACAT_012,96
ACATTCGCTTCAATGCACAT_013,5
ACATTCGCTTCAATGCACAT_014,141
ACATTCGCTTCAATGCACAT_015,43
ACATTCGCTTCAATGCACAT_016,43
ACATTCGCTTCAATGCACAT_017,68
ACATTCGCTTCAATGCACAT_018,39
ACATTCGCTTCAATGCACAT_019,178
ACATTCGCTTCAATGCACAT_020,117
ACATTCGCTTCAATGCACAT_021,107
ACATTCGCTTCAATGCACAT_022,140
ACATTCGCTTCAATGCACAT_023,137
ACATTCGCTTCAATGCACAT_024,13
CCGCGACGCCAACTACCGGA_001,172
CCGCGACGCCAACTACCGGA_002,158
CCGCGACGCCAACTACCGGA_003,38
CCGCGACGCCAACTACCGGA_004,156
CCGCGACGCCAACTACCGGA_005,129
CCGCGACGCCAACTACCGGA_006,185
ATTGTTAACACAGATGAACT_001,41
ATTGTTAACACAGATGAACT_002,166
ATTGTTAACACAGATGAACT_003,104
ATTGTTAACACAGATGAACT_004,20
TTTCGCATCCCCATGAGTCT_001,183
TTTCGCATCCCCATGAGTCT_002,63
TTTCGCATCCCCATGAGTCT_003,192
AGACATGAAGGACCACCATG_001,132
AGACATGAAGGACCACCATG_002,22
AGACATGAAGGACCACCATG_003,148
AGACATGAAGGACCACCATG_004,108
AGACATGAAGGACCACCATG_005,74
AGACATGAAGGACCACCATG_006,25
AGACATGAAGGACCACCATG_007,4
AGACATGAAGGACCACCATG_008,82
AGACATGAAGGACCACCATG_009,23
GAGTCGAAGATGGTCTAGGA_001,49
GAGTCGAAGATGGTCTAGGA_002,36
GAGTCGAAGATGGTCTAGGA_003,45
GAGTCGAAGATGGTCTAGGA_004,12
GAGTCGAAGATGGTCTAGGA_005,84
GAGTCGAAGATGGTCTAGGA_006,24
GAGTCGAAGATGGTCTAGGA_007,113
GAGTCGAAGATGGTCTAGGA_008,9
GAGTCGAAGATGGTCTAGGA_009,170
GAGTCGAAGATGGTCTAGGA_010,190
GAGTCGAAGATGGTCTAGGA_011,158
GAGTCGAAGATGGTCTAGGA_012,149
GAGTCGAAGATGGTCTAGGA_013,137
GAGTCGAAGATGGTCTAGGA_014,83
GAGTCGAAGATGGTCTAGGA_015,178
GAGTCGAAGATGGTCTAGGA_016,108
GAGTCGAAGATGGTCTAGGA_017,121
GAGTCGAAGATGGTCTAGGA_018,185
GAGTCGAAGATGGTCTAGGA_019,181
GAGTCGAAGATGGTCTAGGA_020,121
GAGTCGAAGATGGTCTAGGA_021,148
GAGTCGAAGATGGTCTAGGA_022,65
GAGTCGAAGATGGTCTAGGA_023,112
GAGTCGAAGATGGTCTAGGA_024,94
GAGTCGAAGATGGTCTAGGA_025,41
GAGTCGAAGATGGTCTAGGA_026,98
GAGTCGAAGATGGTCTAGGA_027,16
GAGTCGAAGATGGTCTAGGA_028,3
GAGTCGAAGATGGTCTAGGA_029,82
GAGTCGAAGATGGTCTAGGA_030,31
ACACAAAGGATATCAGCGAA_001,31
ACACAAAGGATATCAGCGAA_002,161
ACACAAAGGATATCAGCGAA_003,198
ACACAAAGGATATCAGCGAA_004,147
GCTGCTGACACTCAGGACCA_001,146
GCTGCTGACACTCAGGACCA_002,195
GCTGCTGACACTCAGGACCA_003,126
GCTGCTGACACTCAGGACCA_004,80
GCTGCTGACACTCAGGACCA_005,9
GCTGCTGACACTCAGGACCA_006,63
GCTGCTGACACTCAGGACCA_007,28
GCTGCTGACACTCAGGACCA_008,116
GCTGCTGACACTCAGGACCA_009,186
TATAAAAAGACTTGACCGGG_001,187
TATAAAAAGACTTGACCGGG_002,106
TATAAAAAGACTTGACCGGG_003,86
TATAAAAAGACTTGACCGGG_004,42
TATAAAAAGACTTGACCGGG_005,63
TATAAAAAGACTTGACCGGG_006,116
TATAAAAAGACTTGACCGGG_007,19
TATAAAAAGACTTGACCGGG_008,19
TATAAAAAGACTTGACCGGG_009,58
TATCTGAACTCACCAGCGAT_001,196
TATCTGAACTCACCAGCGAT_002,196
TATCTGAACTCACCAGCGAT_003,49
TATCTGAACTCACCAGCGAT_004,103
TATCTGAACTCACCAGCGAT_005,129
TATCTGAACTCACCAGCGAT_006,186
TATCTGAACTCACCAGCGAT_007,55
TATCTGAACTCACCAGCGAT_008,180
TATCTGAACTCACCAGCGAT_009,170
TATCTGAACTCACCAGCGAT_010,139
AGAGATCAATACCAAAGAGG_001,41
AGAGATCAATACCAAAGAGG_002,15
AGAGATCAATACCAAAGAGG_003,121
AGAGATCAATACCAAAGAGG_004,48
AGGTGGGAGGAGAATAAACG_001,48
AGGTGGGAGGAGAATAAACG_002,127
AGGTGGGAGGAGAATAAACG_003,144
AGGTGGGAGGAGAATAAACG_004,198
AGGTGGGAGGAGAATAAACG_005,15
AGGTGGGAGGAGAATAAACG_006,178
AGGTGGGAGGAGAATAAACG_007,160
AGGTGGGAGGAGAATAAACG_008,111
AGGTGGGAGGAGAATAAACG_009,184
AGGTGGGAGGAGAATAAACG_010,64
AGGTGGGAGGAGAATAAACG_011,68
AGGTGGGAGGAGAATAAACG_012,127
AGGTGGGAGGAGAATAAACG_013,15
AGGTGGGAGGAGAATAAACG_014,14
AGGTGGGAGGAGAATAAACG_015,105
TGACATAGGTTCCTGTCTGT_001,43
TGACATAGGTTCCTGTCTGT_002,195
TGACATAGGTTCCTGTCTGT_003,166
TGACATAGGTTCCTGTCTGT_004,7
TGACATAGGTTCCTGTCTGT_005,7
TGACATAGGTTCCTGTCTGT_006,142
TGACATAGGTTCCTGTCTGT_007,57
TGACATAGGTTCCTGTCTGT_008,170
TGACATAGGTTCCTGTCTGT_009,145
TGACATAGGTTCCTGTCTGT_010,191
TGACATAGGTTCCTGTCTGT_011,186
TGACATAGGTTCCTGTCTGT_012,67
TGACATAGGTTCCTGTCTGT_013,177
TGACATAGGTTCCTGTCTGT_014,170
TGACATAGGTTCCTGTCTGT_015,42
TGACATAGGTTCCTGTCTGT_016,56
TGACATAGGTTCCTGTCTGT_017,175
TGACATAGGTTCCTGTCTGT_018,68
ATACTGTTGCCTCAATATCA_001,96
ATACTGTTGCCTCAATATCA_002,118
ATACTGTTGCCTCAATATCA_003,62
ATACTGTTGCCTCAATATCA_004,91
ATACTGTTGCCTCAATATCA_005,77
ATACTGTTGCCTCAATATCA_006,160
ATACTGTTGCCTCAATATCA_007,120
ATACTGTTGCCTCAATATCA_008,103
ATACTGTTGCCTCAATATCA_009,77
ATACTGTTGCCTCAATATCA_010,188
TGATTATCTCAATGTACTCC_001,168
ACAGGTTGCCCCACGCGTTG_001,140
ACAGGTTGCCCCACGCGTTG_002,178
ACAGGTTGCCCCACGCGTTG_003,50
ACAGGTTGCCCCACGCGTTG_004,191
ACAGGTTGCCCCACGCGTTG_005,17
ACAGGTTGCCCCACGCGTTG_006,65
ACAGGTTGCCCCACGCGTTG_007,70
ACAGGTTGCCCCACGCGTTG_008,172
ACAGGTTGCCCCACGCGTTG_009,191
ACAGGTTGCCCCACGCGTTG_010,10
ACAGGTTGCCCCACGCGTTG_011,22
ACAGGTTGCCCCACGCGTTG_012,177
ACAGGTTGCCCCACGCGTTG_013,197
ACAGGTTGCCCCACGCGTTG_014,121
ACAGGTTGCCCCACGCGTTG_015,115
ACAGGTTGCCCCACGCGTTG_016,164
ACAGGTTGCCCCACGCGTTG_017,158
ACAGGTTGCCCCACGCGTTG_018,130
ACAGGTTGCCCCACGCGTTG_019,8
ACAGGTTGCCCCACGCGTTG_020,27
ACAGGTTGCCCCACGCGTTG_021,161
ACAGGTTGCCCCACGCGTTG_022,186
ACAGGTTGCCCCACGCGTTG_023,116
ACAGGTTGCCCCACGCGTTG_024,103
ACAGGTTGCCCCACGCGTTG_025,2
ACAGGTTGCCCCACGCGTTG_026,77
ACAGGTTGCCCCACGCGTTG_027,130
ACAGCGCCTGGTAGCCCCAG_001,84
ACAGCGCCTGGTAGCCCCAG_002,130
ACAGCGCCTGGTAGCCCCAG_003,42
ACAGCGCCTGGTAGCCCCAG_004,102
ACAGCGCCTGGTAGCCCCAG_005,82
ACAGCGCCTGGTAGCCCCAG_006,66
ACAGCGCCTGGTAGCCCCAG_007,102
ACAGCGCCTGGTAGCCCCAG_008,172
ACAGCGCCTGGTAGCCCCAG_009,155
ACAGCGCCTGGTAGCCCCAG_010,77
ACAGCGCCTGGTAGCCCCAG_011,158
ACAGCGCCTGGTAGCCCCAG_012,21
AAGTTCATAAGTGTTAAGAG_001,70
AAGTTCATAAGTGTTAAGAG_002,175
AAGTTCATAAGTGTTAAGAG_003,174
AAGTTCATAAGTGTTAAGAG_004,116
AAGTTCATAAGTGTTAAGAG_005,43
AAGTTCATAAGTGTTAAGAG_006,176
AAGTTCATAAGTGTTAAGAG_007,48
CTGTGTGAGATGTTCCCAGC_001,126
CTGTGTGAGATGTTCCCAGC_002,188
CTGTGTGAGATGTTCCCAGC_003,9
CTGTGTGAGATGTTCCCAGC_004,118
GATGCGCACCAACCCTACGC_001,127
GATGCGCACCAACCCTACGC_002,172
GATGCGCACCAACCCTACGC_003,122
GATGCGCACCAACCCTACGC_004,155
GATGCGCACCAACCCTACGC_005,30
GATGCGCACCAACCCTACGC_006,32
GATGCGCACCAACCCTACGC_007,115
GATGCGCACCAACCCTACGC_008,108
CGGCGCTTGGCCCGGCATGG_001,188
CGGCGCTTGGCCCGGCATGG_002,90
CGGCGCTTGGCCCGGCATGG_003,28
CGGCGCTTGGCCCGGCATGG_004,165
CATGATCATCAGTGTGAATG_001,127
CATGATCATCAGTGTGAATG_002,176
CAAGGGGTATACTATGTGGG_001,138
CAAGGGGTATACTATGTGGG_002,175
CAAGGGGTATACTATGTGGG_003,6
CAAGGGGTATACTATGTGGG_004,6
CAAGGGGTATACTATGTGGG_005,141
CAAGGGGTATACTATGTGGG_006,9
CAAGGGGTATACTATGTGGG_007,130
CAAGGGGTATACTATGTGGG_008,148
CAAGGGGTATACTATGTGGG_009,81
CAAGGGGTATACTATGTGGG_010,112
TGACGAAAATAGTTGTCCAA_001,85
TGACGAAAATAGTTGTCCAA_002,55
CTGTGGACTGAGCTCTTCCG_001,127
CTGTGGACTGAGCTCTTCCG_002,108
CTGTGGACTGAGCTCTTCCG_003,176
CTGTGGACTGAGCTCTTCCG_004,176
CTGTGGACTGAGCTCTTCCG_005,33
CTGTGGACTGAGCTCTTCCG_006,13
CTGTGGACTGAGCTCTTCCG_007,22
CTGTGGACTGAGCTCTTCCG_008,97
CTGTGGACTGAGCTCTTCCG_009,81
CTGTGGACTGAGCTCTTCCG_010,184
CTGTGGACTGAGCTCTTCCG_011,62
CTGTGGACTGAGCTCTTCCG_012,194
CTGTGGACTGAGCTCTTCCG_013,156
CTGTGGACTGAGCTCTTCCG_014,15
TGCAGAGATAACCCTCAATG_001,32
TGCAGAGATAACCCTCAATG_002,70
TGCAGAGATAACCCTCAATG_003,23
ACAGATAACATTTGACAACA_001,9
ACAGATAACATTTGACAACA_002,101
ACAGATAACATTTGACAACA_003,22
ACAGATAACATTTGACAACA_004,188
GTTGGCCACTCATAGATACG_001,172
GTTGGCCACTCATAGATACG_002,183
GTTGGCCACTCATAGATACG_003,114
GTTGGCCACTCATAGATACG_004,140
GTTGGCCACTCATAGATACG_005,22
GTTGGCCACTCATAGATACG_006,57
GTTGGCCACTCATAGATACG_007,169
GTTGGCCACTCATAGATACG_008,84
GTTGGCCACTCATAGATACG_009,94
GTTGGCCACTCATAGATACG_010,63
GTTGGCCACTCATAGATACG_011,94
ATCATCTTACCACGCCTCGT_001,5
ATCATCTTACCACGCCTCGT_002,66
ATCATCTTACCACGCCTCGT_003,17
ATCATCTTACCACGCCTCGT_004,1
ATCATCTTACCACGCCTCGT_005,188
ATCATCTTACCACGCCTCGT_006,42
ATCATCTTACCACGCCTCGT_007,156
ATCATCTTACCACGCCTCGT_008,70
ATCATCTTACCACGCCTCGT_009,28
ATCATCTTACCACGCCTCGT_010,47
ATCATCTTACCACGCCTCGT_011,19
GCTCTTCAAGACCCCGCGTG_001,187
GCTCTTCAAGACCCCGCGTG_002,20
CTTTCAAGACAACTTCCCAG_001,171
CTTTCAAGACAACTTCCCAG_002,72
CTTTCAAGACAACTTCCCAG_003,1
CTTTCAAGACAACTTCCCAG_004,67
CTTTCAAGACAACTTCCCAG_005,191
CTTTCAAGACAACTTCCCAG_006,45
CTTTCAAGACAACTTCCCAG_007,172
CTTTCAAGACAACTTCCCAG_008,169
CTTTCAAGACAACTTCCCAG_009,110
CTTTCAAGACAACTTCCCAG_010,21
CTTTCAAGACAACTTCCCAG_011,147
CTTTCAAGACAACTTCCCAG_012,22
CTTTCAAGACAACTTCCCAG_013,166
CTTTCAAGACAACTTCCCAG_014,10
CTTTCAAGACAACTTCCCAG_015,145
CTTTCAAGACAACTTCCCAG_016,111
CTTTCAAGACAACTTCCCAG_017,13
TCATCAAAACATGCCCGGTG_001,112
TCATCAAAACATGCCCGGTG_002,157
TCATCAAAACATGCCCGGTG_003,107
TCATCAAAACATGCCCGGTG_004,41
TCATCAAAACATGCCCGGTG_005,170
TCATCAAAACATGCCCGGTG_006,78
TCATCAAAACATGCCCGGTG_007,134
TCATCAAAACATGCCCGGTG_008,122
TCATCAAAACATGCCCGGTG_009,94
TCATCAAAACATGCCCGGTG_010,193
TCATCAAAACATGCCCGGTG_011,26
TCATCAAAACATGCCCGGTG_012,8
GGACAGGGAAGACCCGCACC_001,57
GGACAGGGAAGACCCGCACC_002,169
GGACAGGGAAGACCCGCACC_003,144
GGACAGGGAAGACCCGCACC_004,148
GGACAGGGAAGACCCGCACC_005,130
GGACAGGGAAGACCCGCACC_006,36
GGACAGGGAAGACCCGCACC_007,166
GGACAGGGAAGACCCGCACC_008,172
AAGGGAAAAGCAGTTCGTAG_001,55
AAGGGAAAAGCAGTTCGTAG_002,97
AAGGGAAAAGCAGTTCGTAG_003,61
AAGGGAAAAGCAGTTCGTAG_004,148
AAGGGAAAAGCAGTTCGTAG_005,190
AAGGGAAAAGCAGTTCGTAG_006,67
AAGGGAAAAGCAGTTCGTAG_007,48
AAGGGAAAAGCAGTTCGTAG_008,15
AAGGGAAAAGCAGTTCGTAG_009,77
AAGGGAAAAGCAGTTCGTAG_010,17
GGGCCCATGTGTCTCCGGCG_001,4
GGGCCCATGTGTCTCCGGCG_002,138
GTACTGCAGTGGGTTGCAGA_001,195
GTACTGCAGTGGGTTGCAGA_002,102
GTACTGCAGTGGGTTGCAGA_003,121
GTACTGCAGTGGGTTGCAGA_004,127
GTACTGCAGTGGGTTGCAGA_005,72
GTACTGCAGTGGGTTGCAGA_006,33
GTACTGCAGTGGGTTGCAGA_007,173
GTACTGCAGTGGGTTGCAGA_008,173
GTACTGCAGTGGGTTGCAGA_009,27
GTACTGCAGTGGGTTGCAGA_010,170
GTACTGCAGTGGGTTGCAGA_011,1
GTACTGCAGTGGGTTGCAGA_012,174
GTACTGCAGTGGGTTGCAGA_013,13
GTACTGCAGTGGGTTGCAGA_014,9
GTACTGCAGTGGGTTGCAGA_015,146
GTACTGCAGTGGGTTGCAGA_016,105
GTACTGCAGTGGGTTGCAGA_017,72
GTACTGCAGTGGGTTGCAGA_018,29
GTACTGCAGTGGGTTGCAGA_019,48
GTACTGCAGTGGGTTGCAGA_020,154
GTACTGCAGTGGGTTGCAGA_021,121
GTACTGCAGTGGGTTGCAGA_022,150
GTACTGCAGTGGGTTGCAGA_023,40
CAGAAACTGGACCCTGTGTG_001,48
CAGAAACTGGACCCTGTGTG_002,88
CAGAAACTGGACCCTGTGTG_003,124
CAGAAACTGGACCCTGTGTG_004,159
CAGAAACTGGACCCTGTGTG_005,150
CATCTCCATTCACAATCATG_001,56
CATCTCCATTCACAATCATG_002,70
CATCTCCATTCACAATCATG_003,47
CATCTCCATTCACAATCATG_004,22
CATCTCCATTCACAATCATG_005,75
CCTGTCTTCAAACGGACTAG_001,80
CCTGTCTTCAAACGGACTAG_002,183
CCTGTCTTCAAACGGACTAG_003,33
ATCCAGGATTCCGGGCACCG_001,166
ATCCAGGATTCCGGGCACCG_002,194
ATCCAGGATTCCGGGCACCG_003,83
ATCCAGGATTCCGGGCACCG_004,14
ATCCAGGATTCCGGGCACCG_005,68
ATCCAGGATTCCGGGCACCG_006,29
ATCCAGGATTCCGGGCACCG_007,174
ATCCAGGATTCCGGGCACCG_008,16
ATCCAGGATTCCGGGCACCG_009,78
ATCCAGGATTCCGGGCACCG_010,11
ATCCAGGATTCCGGGCACCG_011,60
ATCCAGGATTCCGGGCACCG_012,124
ATCCAGGATTCCGGGCACCG_013,76
ATCCAGGATTCCGGGCACCG_014,129
ATCCAGGATTCCGGGCACCG_015,162
ATCCAGGATTCCGGGCACCG_016,80
ATCCAGGATTCCGGGCACCG_017,133
ATCCAGGATTCCGGGCACCG_018,107
ATCCAGGATTCCGGGCACCG_019,147
ATCCAGGATTCCGGGCACCG_020,182
ATCCAGGATTCCGGGCACCG_021,172
ATCCAGGATTCCGGGCACCG_022,130
ATCCAGGATTCCGGGCACCG_023,172
ATCCAGGATTCCGGGCACCG_024,70
ATCCAGGATTCCGGGCACCG_025,149
ATCCAGGATTCCGGGCACCG_026,61
ATCCAGGATTCCGGGCACCG_027,103
ATCCAGGATTCCGGGCACCG_028,162
ATCCAGGATTCCGGGCACCG_029,88
ATCCAGGATTCCGGGCACCG_030,16
ATCCAGGATTCCGGGCACCG_031,61
ATCCAGGATTCCGGGCACCG_032,20
ATCCAGGATTCCGGGCACCG_033,188
ATCCAGGATTCCGGGCACCG_034,158
ATCCAGGATTCCGGGCACCG_035,38
ATCCAGGATTCCGGGCACCG_036,26
ATCCAGGATTCCGGGCACCG_037,56
ATCCAGGATTCCGGGCACCG_038,15
ATCCAGGATTCCGGGCACCG_039,197
ATCCAGGATTCCGGGCACCG_040,0
ATCCAGGATTCCGGGCACCG_041,168
ATCCAGGATTCCGGGCACCG_042,174
CCCCTAGGTGTGGGACAACG_001,137
CCCCTAGGTGTGGGACAACG_002,1
CCCCTAGGTGTGGGACAACG_003,145
ATCGTGCAGTTACTACCCCT_001,162
ATCGTGCAGTTACTACCCCT_002,41
ATCGTGCAGTTACTACCCCT_003,130
ATCGTGCAGTTACTACCCCT_004,104
ATCGTGCAGTTACTACCCCT_005,8
ATCGTGCAGTTACTACCCCT_006,115
ATCGTGCAGTTACTACCCCT_007,48
ATCGTGCAGTTACTACCCCT_008,70
ATCGTGCAGTTACTACCCCT_009,157
ATCGTGCAGTTACTACCCCT_010,48
ATCGTGCAGTTACTACCCCT_011,0
ATCGTGCAGTTACTACCCCT_012,96
ATCGTGCAGTTACTACCCCT_013,172
ATCGTGCAGTTACTACCCCT_014,197
ATCGTGCAGTTACTACCCCT_015,14
ATCGTGCAGTTACTACCCCT_016,162
ATCGTGCAGTTACTACCCCT_017,188
TGTTGTACATTGTCGTGAGA_001,170
TGTTGTACATTGTCGTGAGA_002,91
TGTTGTACATTGTCGTGAGA_003,124
TGTTGTACATTGTCGTGAGA_004,29
TGTTGTACATTGTCGTGAGA_005,160
TGTTGTACATTGTCGTGAGA_006,55
GAGTACAAGTAATAGCCTGG_001,107
AGAAAGTGTGTGACCCCGAG_001,176
AGAAAGTGTGTGACCCCGAG_002,97
AGAAAGTGTGTGACCCCGAG_003,181
AGAAAGTGTGTGACCCCGAG_004,115
AGAAAGTGTGTGACCCCGAG_005,95
GCCCAGTGATGTCCGAACAC_001,191
GCCCAGTGATGTCCGAACAC_002,144
GCCCAGTGATGTCCGAACAC_003,72
GCCCAGTGATGTCCGAACAC_004,39
TCCCGCGCGGGGACTCTCGG_001,45
TCCCGCGCGGGGACTCTCGG_002,43
TCCCGCGCGGGGACTCTCGG_003,60
TCCCGCGCGGGGACTCTCGG_004,48
TCCCGCGCGGGGACTCTCGG_005,28
TCCCGCGCGGGGACTCTCGG_006,194
TCCCGCGCGGGGACTCTCGG_007,67
TCCCGCGCGGGGACTCTCGG_008,140
TCCCGCGCGGGGACTCTCGG_009,175
TCCCGCGCGGGGACTCTCGG_010,180
TCCCGCGCGGGGACTCTCGG_011,103
TCCCGCGCGGGGACTCTCGG_012,199
TCCCGCGCGGGGACTCTCGG_013,144
TCCCGCGCGGGGACTCTCGG_014,47
GGTGTGTCTCTTGACAGTTA_001,169
GGTGTGTCTCTTGACAGTTA_002,94
GGTGTGTCTCTTGACAGTTA_003,22
AGAGAGTGTACAGATTATAG_001,76
AGAGAGTGTACAGATTATAG_002,102
AGAGTCTCAGGATCGTTGGT_001,5
AGAGTCTCAGGATCGTTGGT_002,169
AGAGTCTCAGGATCGTTGGT_003,113
AGAGTCTCAGGATCGTTGGT_004,31
AGAGTCTCAGGATCGTTGGT_005,115
AGAGTCTCAGGATCGTTGGT_006,88
AGAGTCTCAGGATCGTTGGT_007,121
AGAGTCTCAGGATCGTTGGT_008,37
GCAAAGCCAGGGCTAGCCCG_001,149
GCAAAGCCAGGGCTAGCCCG_002,177
GCAAAGCCAGGGCTAGCCCG_003,80
GCAAAGCCAGGGCTAGCCCG_004,6
GCAAAGCCAGGGCTAGCCCG_005,102
GCAAAGCCAGGGCTAGCCCG_006,169
GCAAAGCCAGGGCTAGCCCG_007,56
GCAAAGCCAGGGCTAGCCCG_008,77
GCAAAGCCAGGGCTAGCCCG_009,189
GCAAAGCCAGGGCTAGCCCG_010,126
GCAAAGCCAGGGCTAGCCCG_011,34
GCAAAGCCAGGGCTAGCCCG_012,61
GCAAAGCCAGGGCTAGCCCG_013,129
GCAAAGCCAGGGCTAGCCCG_014,163
GCAAAGCCAGGGCTAGCCCG_015,160
GCAAAGCCAGGGCTAGCCCG_016,76
GCAAAGCCAGGGCTAGCCCG_017,184
GCAAAGCCAGGGCTAGCCCG_018,46
GCAAAGCCAGGGCTAGCCCG_019,101
GCAAAGCCAGGGCTAGCCCG_020,147
GCAAAGCCAGGGCTAGCCCG_021,118
GCAAAGCCAGGGCTAGCCCG_022,122
GCAAAGCCAGGGCTAGCCCG_023,176
GCAAAGCCAGGGCTAGCCCG_024,176
GCAAAGCCAGGGCTAGCCCG_025,172
GCAAAGCCAGGGCTAGCCCG_026,8
GCAAAGCCAGGGCTAGCCCG_027,168
GCAAAGCCAGGGCTAGCCCG_028,137
GCAAAGCCAGGGCTAGCCCG_029,183
GCAAAGCCAGGGCTAGCCCG_030,157
GCAAAGCCAGGGCTAGCCCG_031,136
GCAAAGCCAGGGCTAGCCCG_032,115
GCAAAGCCAGGGCTAGCCCG_033,52
AAGAGATTTAACTTACCTGA_001,121
AAGAGATTTAACTTACCTGA_002,43
TAGTCGAATGGCTAAACCAG_001,88
TAGTCGAATGGCTAAACCAG_002,115
TAGTCGAATGGCTAAACCAG_003,11
TAGTCGAATGGCTAAACCAG_004,105
GCTGATAAACTTCTGCACAC_001,174
GCTGATAAACTTCTGCACAC_002,64
GCTGATAAACTTCTGCACAC_003,168
GCTGATAAACTTCTGCACAC_004,156
GCTGATAAACTTCTGCACAC_005,15
GCTGATAAACTTCTGCACAC_006,144
CACAGTTTCAGAACGTCTGG_001,128
CACAGTTTCAGAACGTCTGG_002,0
CACAGTTTCAGAACGTCTGG_003,124
CACAGTTTCAGAACGTCTGG_004,19
CACAGTTTCAGAACGTCTGG_005,8
GAGGTACTTGATGAACACTA_001,150
GAGGTACTTGATGAACACTA_002,147
GAGGTACTTGATGAACACTA_003,30
TTACCTAGCTAGTATAGGTA_001,96
TTACCTAGCTAGTATAGGTA_002,73
TTACCTAGCTAGTATAGGTA_003,134
TTACCTAGCTAGTATAGGTA_004,12
TTACCTAGCTAGTATAGGTA_005,78
TTACCTAGCTAGTATAGGTA_006,19
TTACCTAGCTAGTATAGGTA_007,91
CGTCATATACACAAACGCCC_001,129
CGTCATATACACAAACGCCC_002,84
GTGATCGGCGACTCCAATGT_001,101
GTGATCGGCGACTCCAATGT_002,175
GTGATCGGCGACTCCAATGT_003,150
GTGATCGGCGACTCCAATGT_004,118
GTGATCGGCGACTCCAATGT_005,106
GTGATCGGCGACTCCAATGT_006,2
GTGATCGGCGACTCCAATGT_007,159
GTGATCGGCGACTCCAATGT_008,120
GTGATCGGCGACTCCAATGT_009,178
CCTGCGTGTACCAAATGCAG_001,41
CCTGCGTGTACCAAATGCAG_002,72
CCTGCGTGTACCAAATGCAG_003,97
CCTGCGTGTACCAAATGCAG_004,151
CCTGCGTGTACCAAATGCAG_005,142
CCTGCGTGTACCAAATGCAG_006,3
CCTGCGTGTACCAAATGCAG_007,15
CCTGCGTGTACCAAATGCAG_008,46
CCTGCGTGTACCAAATGCAG_009,84
CCTGCGTGTACCAAATGCAG_010,6
CCTGCGTGTACCAAATGCAG_011,135
CCTGCGTGTACCAAATGCAG_012,60
CCTGCGTGTACCAAATGCAG_013,117
CCTGCGTGTACCAAATGCAG_014,138
CCTGCGTGTACCAAATGCAG_015,51
CCTGCGTGTACCAAATGCAG_016,84
ATAACACAAAGACTACAACC_001,150
ATAACACAAAGACTACAACC_002,78
ATAACACAAAGACTACAACC_003,172
ATAACACAAAGACTACAACC_004,83
ATAACACAAAGACTACAACC_005,107
ATAACACAAAGACTACAACC_006,58
ATAACACAAAGACTACAACC_007,97
ATAACACAAAGACTACAACC_008,70
GATGAACTCGTCGAAATCCA_001,53
GATGAACTCGTCGAAATCCA_002,149
GATGAACTCGTCGAAATCCA_003,158
GATGAACTCGTCGAAATCCA_004,46
GATGAACTCGTCGAAATCCA_005,175
GATGAACTCGTCGAAATCCA_006,194
GTCCCGAGTCCCAATCGGCC_001,141
GTCCCGAGTCCCAATCGGCC_002,192
GTCCCGAGTCCCAATCGGCC_003,56
GTCCCGAGTCCCAATCGGCC_004,168
GTCCCGAGTCCCAATCGGCC_005,44
CTCCTTAATGACTACGCCAA_001,38
CTCCTTAATGACTACGCCAA_002,77
CTCCTTAATGACTACGCCAA_003,112
CTCCTTAATGACTACGCCAA_004,64
ATGTCCCTAAACCTTTGGAC_001,177
ATGTCCCTAAACCTTTGGAC_002,94
GCCCAGCACATGAGGCACGA_001,166
GCCCAGCACATGAGGCACGA_002,127
GCCCAGCACATGAGGCACGA_003,183
GCCCAGCACATGAGGCACGA_004,30
GCCCAGCACATGAGGCACGA_005,183
GCCCAGCACATGAGGCACGA_006,48
GCCCAGCACATGAGGCACGA_007,170
ACGTGGCAAGCAGGGCGGCA_001,181
ACGTGGCAAGCAGGGCGGCA_002,191
ACGTGGCAAGCAGGGCGGCA_003,102
ACGTGGCAAGCAGGGCGGCA_004,28
ACGTGGCAAGCAGGGCGGCA_005,81
ACGTGGCAAGCAGGGCGGCA_006,107
ACGTGGCAAGCAGGGCGGCA_007,44
ACGTGGCAAGCAGGGCGGCA_008,68
ACGTGGCAAGCAGGGCGGCA_009,79
ACGTGGCAAGCAGGGCGGCA_010,166
ACGTGGCAAGCAGGGCGGCA_011,70
ACGTGGCAAGCAGGGCGGCA_012,48
ACTCATTCGAAAAGCTAAAG_001,168
ACTCATTCGAAAAGCTAAAG_002,11
ACTCATTCGAAAAGCTAAAG_003,185
ACTCATTCGAAAAGCTAAAG_004,19
ACTCATTCGAAAAGCTAAAG_005,127
ACTCATTCGAAAAGCTAAAG_006,115
ACACACGTGGAGGAACACGT_001,10
ACACACGTGGAGGAACACGT_002,6
ACACACGTGGAGGAACACGT_003,111
ACACACGTGGAGGAACACGT_004,151
ACACACGTGGAGGAACACGT_005,198
ACACACGTGGAGGAACACGT_006,69
ACACACGTGGAGGAACACGT_007,11
ACACACGTGGAGGAACACGT_008,18
ACACACGTGGAGGAACACGT_009,88
ACACACGTGGAGGAACACGT_010,169
ACACACGTGGAGGAACACGT_011,189
CCTGGAACTGGCTGGCAACG_001,130
CCTGGAACTGGCTGGCAACG_002,53
CCTGGAACTGGCTGGCAACG_003,168
CCTGGAACTGGCTGGCAACG_004,84
CCTGGAACTGGCTGGCAACG_005,82
CCTGGAACTGGCTGGCAACG_006,149
CCTGGAACTGGCTGGCAACG_007,134
CCTGGAACTGGCTGGCAACG_008,41
CCTGGAACTGGCTGGCAACG_009,78
CCTGGAACTGGCTGGCAACG_010,141
CCTGGAACTGGCTGGCAACG_011,103
CCTGGAACTGGCTGGCAACG_012,146
CCTGGAACTGGCTGGCAACG_013,147
CCTGGAACTGGCTGGCAACG_014,46
CCTGGAACTGGCTGGCAACG_015,61
CCTGGAACTGGCTGGCAACG_016,103
CCTGGAACTGGCTGGCAACG_017,93
TCATCGCGACACAAGTCACG_001,195
TCATCGCGACACAAGTCACG_002,10
TCATCGCGACACAAGTCACG_003,121
TCATCGCGACACAAGTCACG_004,63
ATATTACAGAGTTCCGAAGT_001,48
ATATTACAGAGTTCCGAAGT_002,151
TGATGATCGCGTACTGAGTG_001,181
TGATGATCGCGTACTGAGTG_002,32
CCATCTAGAGCACAGACACA_001,23
CCATCTAGAGCACAGACACA_002,113
CCATCTAGAGCACAGACACA_003,37
CCATCTAGAGCACAGACACA_004,91
CCATCTAGAGCACAGACACA_005,98
CCATCTAGAGCACAGACACA_006,39
CCATCTAGAGCACAGACACA_007,90
CCATCTAGAGCACAGACACA_008,105
CCATCTAGAGCACAGACACA_009,41
CCATCTAGAGCACAGACACA_010,29
CCATCTAGAGCACAGACACA_011,0
CCATCTAGAGCACAGACACA_012,10
GATCAAAGACCGATGCTGAG_001,96
GATCAAAGACCGATGCTGAG_002,146
GATCAAAGACCGATGCTGAG_003,76
GATCAAAGACCGATGCTGAG_004,55
GATCAAAGACCGATGCTGAG_005,129
GATCAAAGACCGATGCTGAG_006,138
GATCAAAGACCGATGCTGAG_007,126
CATCCACCACTGGTAGCTTG_001,69
CATCCACCACTGGTAGCTTG_002,100
CATCCACCACTGGTAGCTTG_003,161
CATCCACCACTGGTAGCTTG_004,176
CATCCACCACTGGTAGCTTG_005,85
CATCCACCACTGGTAGCTTG_006,97
GCATTAGAAAAACCCAACAC_001,43
GCATTAGAAAAACCCAACAC_002,6
GCATTAGAAAAACCCAACAC_003,27
GGAGGTCATGGCCTCAAAAG_001,60
GGAGGTCATGGCCTCAAAAG_002,81
GGAGGTCATGGCCTCAAAAG_003,5
GGAGGTCATGGCCTCAAAAG_004,60
GGAGGTCATGGCCTCAAAAG_005,171
CTTCTTCTCTGATAGCAGCC_001,83
ATGATGGGCTTGTAAGAGAG_001,174
ATGATGGGCTTGTAAGAGAG_002,36
ATGATGGGCTTGTAAGAGAG_003,129
ATGATGGGCTTGTAAGAGAG_004,55
ATGATGGGCTTGTAAGAGAG_005,80
ATGATGGGCTTGTAAGAGAG_006,48
ATGATGGGCTTGTAAGAGAG_007,17
ATGATGGGCTTGTAAGAGAG_008,68
ATGATGGGCTTGTAAGAGAG_009,82
ATGATGGGCTTGTAAGAGAG_010,131
ATGATGGGCTTGTAAGAGAG_011,8
ATGATGGGCTTGTAAGAGAG_012,50
TGATCGAATCGACAATGATG_001,29
TGATCGAATCGACAATGATG_002,119
TGATCGAATCGACAATGATG_003,98
TGATCGAATCGACAATGATG_004,58
TGATCGAATCGACAATGATG_005,62
TGATCGAATCGACAATGATG_006,157
TGATCGAATCGACAATGATG_007,28
TTTCCCCTCATAGTGACAGG_001,162
TTTCCCCTCATAGTGACAGG_002,15
TTTCCCCTCATAGTGACAGG_003,182
TTTCCCCTCATAGTGACAGG_004,58
TTTCCCCTCATAGTGACAGG_005,149
TTTCCCCTCATAGTGACAGG_006,94
TTTCCCCTCATAGTGACAGG_007,160
TTTCCCCTCATAGTGACAGG_008,190
TTTCCCCTCATAGTGACAGG_009,145
TTTCCCCTCATAGTGACAGG_010,102
TTTCCCCTCATAGTGACAGG_011,198
TTTCCCCTCATAGTGACAGG_012,160
CACATAACATGAGGTATCAG_001,122
CACATAACATGAGGTATCAG_002,96
CACATAACATGAGGTATCAG_003,9
CACATAACATGAGGTATCAG_004,188
CACATAACATGAGGTATCAG_005,56
CACATAACATGAGGTATCAG_006,10
CACATAACATGAGGTATCAG_007,26
CACATAACATGAGGTATCAG_008,0
CACATAACATGAGGTATCAG_009,34
CACATAACATGAGGTATCAG_010,119
CACATAACATGAGGTATCAG_011,162
CACATAACATGAGGTATCAG_012,93
CACATAACATGAGGTATCAG_013,146
CACATAACATGAGGTATCAG_014,73
CACATAACATGAGGTATCAG_015,98
CACATAACATGAGGTATCAG_016,172
CACATAACATGAGGTATCAG_017,58
CACATAACATGAGGTATCAG_018,168
CACATAACATGAGGTATCAG_019,63
CACATAACATGAGGTATCAG_020,3
CACATAACATGAGGTATCAG_021,64
CACATAACATGAGGTATCAG_022,100
CACATAACATGAGGTATCAG_023,88
CACATAACATGAGGTATCAG_024,81
CACATAACATGAGGTATCAG_025,174
CACATAACATGAGGTATCAG_026,158
CTTAATCGGAACCATAGGCG_001,134
CTTAATCGGAACCATAGGCG_002,190
CTTAATCGGAACCATAGGCG_003,137
CTTAATCGGAACCATAGGCG_004,81
CTTAATCGGAACCATAGGCG_005,151
CTTAATCGGAACCATAGGCG_006,145
CTTAATCGGAACCATAGGCG_007,45
CTTAATCGGAACCATAGGCG_008,43
CTTAATCGGAACCATAGGCG_009,45
CTTAATCGGAACCATAGGCG_010,104
CTTAATCGGAACCATAGGCG_011,12
GAACCCGTGTGCGTGGACCT_001,61
GAACCCGTGTGCGTGGACCT_002,87
GAACCCGTGTGCGTGGACCT_003,107
GAACCCGTGTGCGTGGACCT_004,20
GAACCCGTGTGCGTGGACCT_005,112
GAACCCGTGTGCGTGGACCT_006,91
GAACCCGTGTGCGTGGACCT_007,150
GAACCCGTGTGCGTGGACCT_008,169
CCCGGCAGAAGCTGGCGCTG_001,45
CCCGGCAGAAGCTGGCGCTG_002,153
CCCGGCAGAAGCTGGCGCTG_003,37
CCCGGCAGAAGCTGGCGCTG_004,133
CCCGGCAGAAGCTGGCGCTG_005,115
CCCGGCAGAAGCTGGCGCTG_006,183
CCCGGCAGAAGCTGGCGCTG_007,166
CCCGGCAGAAGCTGGCGCTG_008,96
CCCGGCAGAAGCTGGCGCTG_009,149
CCCGGCAGAAGCTGGCGCTG_010,101
CCCGGCAGAAGCTGGCGCTG_011,30
CCCGGCAGAAGCTGGCGCTG_012,107
CCCGGCAGAAGCTGGCGCTG_013,168
TGGTGGTATTACGCTTGATG_001,78
GGTAGGGGTAGCATAACTGT_001,4
GGTAGGGGTAGCATAACTGT_002,145
GCACTGTGATGCATTATCAG_001,105
GCACTGTGATGCATTATCAG_002,160
GCACTGTGATGCATTATCAG_003,77
GCACTGTGATGCATTATCAG_004,98
GCACTGTGATGCATTATCAG_005,81
GCACTGTGATGCATTATCAG_006,98
GCACTGTGATGCATTATCAG_007,198
TGACGAGAGATGATGAACCC_001,46
TGACGAGAGATGATGAACCC_002,65
TGACGAGAGATGATGAACCC_003,104
TGACGAGAGATGATGAACCC_004,34
CTGTACCAGTCGGACCCACG_001,188
CTGTACCAGTCGGACCCACG_002,63
CTGTACCAGTCGGACCCACG_003,56
CTGTACCAGTCGGACCCACG_004,3
CTGTACCAGTCGGACCCACG_005,158
CTGTACCAGTCGGACCCACG_006,98
CTGTACCAGTCGGACCCACG_007,150
CTGTACCAGTCGGACCCACG_008,191
CTGTACCAGTCGGACCCACG_009,50
CTGTACCAGTCGGACCCACG_010,113
ACCCGATAAGAGAGACTGTG_001,169
ACCCGATAAGAGAGACTGTG_002,80
ACCCGATAAGAGAGACTGTG_003,54
ACCCGATAAGAGAGACTGTG_004,29
ACCCGATAAGAGAGACTGTG_005,76
ACCCGATAAGAGAGACTGTG_006,31
ACCCGATAAGAGAGACTGTG_007,129
ACCCGATAAGAGAGACTGTG_008,148
ACCCGATAAGAGAGACTGTG_009,83
ACCCGATAAGAGAGACTGTG_010,82
ACCCGATAAGAGAGACTGTG_011,162
ACCCGATAAGAGAGACTGTG_012,199
ACCCGATAAGAGAGACTGTG_013,43
ACCCGATAAGAGAGACTGTG_014,141
ACCCGATAAGAGAGACTGTG_015,1
ACCCGATAAGAGAGACTGTG_016,10
GTAAGTACAGCACTTTCAGT_001,36
GTAAGTACAGCACTTTCAGT_002,160
GTAAGTACAGCACTTTCAGT_003,137
GTAAGTACAGCACTTTCAGT_004,197
GTAAGTACAGCACTTTCAGT_005,155
GTAAGTACAGCACTTTCAGT_006,78
GTAAGTACAGCACTTTCAGT_007,128
GTAAGTACAGCACTTTCAGT_008,158
GTAAGTACAGCACTTTCAGT_009,141
GTAAGTACAGCACTTTCAGT_010,116
GTAAGTACAGCACTTTCAGT_011,44
GTAAGTACAGCACTTTCAGT_012,79
GTAAGTACAGCACTTTCAGT_013,142
GTAAGTACAGCACTTTCAGT_014,72
GTAAGTACAGCACTTTCAGT_015,170
AAGAATGATATTGTCCATCG_001,34
AAGAATGATATTGTCCATCG_002,56
CTGGGATTACGAGTCACATG_001,72
CTGGGATTACGAGTCACATG_002,102
CTGGGATTACGAGTCACATG_003,37
TGTGCTCAGACGTAAAACGG_001,149
TTGGTGCCTCTGAGCGACAG_001,121
TTGGTGCCTCTGAGCGACAG_002,88
TTGGTGCCTCTGAGCGACAG_003,3
TTGGTGCCTCTGAGCGACAG_004,166
TTGGTGCCTCTGAGCGACAG_005,27
TTGGTGCCTCTGAGCGACAG_006,27
TTGGTGCCTCTGAGCGACAG_007,98
TTGGTGCCTCTGAGCGACAG_008,182
TTGGTGCCTCTGAGCGACAG_009,160
TTGGTGCCTCTGAGCGACAG_010,159
TTGGTGCCTCTGAGCGACAG_011,104
TTGGTGCCTCTGAGCGACAG_012,59
TTGGTGCCTCTGAGCGACAG_013,177
CCTCGGACTTGGAAACGTCC_001,196
CCTCGGACTTGGAAACGTCC_002,58
CCTCGGACTTGGAAACGTCC_003,58
CCTCGGACTTGGAAACGTCC_004,198
CCTCGGACTTGGAAACGTCC_005,83
CCTCGGACTTGGAAACGTCC_006,13
GTCATTGACCTGAAGCGAGG_001,69
GTCATTGACCTGAAGCGAGG_002,178
GTCATTGACCTGAAGCGAGG_003,48
GTCATTGACCTGAAGCGAGG_004,193
GTCATTGACCTGAAGCGAGG_005,199
GTCATTGACCTGAAGCGAGG_006,183
GTCATTGACCTGAAGCGAGG_007,190
GTCATTGACCTGAAGCGAGG_008,31
GTCATTGACCTGAAGCGAGG_009,159
GTCATTGACCTGAAGCGAGG_010,86
GTCATTGACCTGAAGCGAGG_011,96
GTCATTGACCTGAAGCGAGG_012,62
GTCATTGACCTGAAGCGAGG_013,56
GTCATTGACCTGAAGCGAGG_014,81
GTCATTGACCTGAAGCGAGG_015,127
GTCATTGACCTGAAGCGAGG_016,88
GTCATTGACCTGAAGCGAGG_017,16
GTCATTGACCTGAAGCGAGG_018,58
GTCATTGACCTGAAGCGAGG_019,22
GTCATTGACCTGAAGCGAGG_020,183
GTCATTGACCTGAAGCGAGG_021,42
GTCATTGACCTGAAGCGAGG_022,135
GTCATTGACCTGAAGCGAGG_023,176
GTCATTGACCTGAAGCGAGG_024,141
ACGTGATCAGAGTTCCAGCG_001,72
ACGTGATCAGAGTTCCAGCG_002,126
ACGTGATCAGAGTTCCAGCG_003,115
ACGTGATCAGAGTTCCAGCG_004,153
ACGTGATCAGAGTTCCAGCG_005,198
ACGTGATCAGAGTTCCAGCG_006,72
ACGTGATCAGAGTTCCAGCG_007,12
ACGTGATCAGAGTTCCAGCG_008,116
ACGTGATCAGAGTTCCAGCG_009,146
ACGTGATCAGAGTTCCAGCG_010,166
GAAAGGAGGTGCATCGCTCG_001,151
GAAAGGAGGTGCATCGCTCG_002,28
GAAAGGAGGTGCATCGCTCG_003,148
GAAAGGAGGTGCATCGCTCG_004,120
GAAAGGAGGTGCATCGCTCG_005,31
GAAAGGAGGTGCATCGCTCG_006,95
GAAAGGAGGTGCATCGCTCG_007,146
GAAAGGAGGTGCATCGCTCG_008,1
GAAAGGAGGTGCATCGCTCG_009,133
GAAAGGAGGTGCATCGCTCG_010,147
GAAAGGAGGTGCATCGCTCG_011,45
CAATGGCGTGGACATTTGAT_001,183
CAATGGCGTGGACATTTGAT_002,16
CAATGGCGTGGACATTTGAT_003,176
CAATGGCGTGGACATTTGAT_004,56
CAATGGCGTGGACATTTGAT_005,145
CAATGGCGTGGACATTTGAT_006,161
CAATGGCGTGGACATTTGAT_007,101
CAATGGCGTGGACATTTGAT_008,38
CAATGGCGTGGACATTTGAT_009,68
CAATGGCGTGGACATTTGAT_010,105
CAATGGCGTGGACATTTGAT_011,13
CAATGGCGTGGACATTTGAT_012,119
CAATGGCGTGGACATTTGAT_013,107
CAATGGCGTGGACATTTGAT_014,78
CAATGGCGTGGACATTTGAT_015,56
CAATGGCGTGGACATTTGAT_016,1
CAATGGCGTGGACATTTGAT_017,66
GCATCTGTTCATGCTGTCGG_001,14
GCATCTGTTCATGCTGTCGG_002,140
GCATCTGTTCATGCTGTCGG_003,76
GCATCTGTTCATGCTGTCGG_004,2
GCATCTGTTCATGCTGTCGG_005,96
GCATCTGTTCATGCTGTCGG_006,83
GCATCTGTTCATGCTGTCGG_007,4
GCATCTGTTCATGCTGTCGG_008,112
GCATCTGTTCATGCTGTCGG_009,22
GCATCTGTTCATGCTGTCGG_010,108
GCATCTGTTCATGCTGTCGG_011,72
GCATCTGTTCATGCTGTCGG_012,168
CCAGACACCAAAACATCTCT_001,149
CCAGACACCAAAACATCTCT_002,16
CCAGACACCAAAACATCTCT_003,106
CCAGACACCAAAACATCTCT_004,37
CCAGACACCAAAACATCTCT_005,44
CCAGACACCAAAACATCTCT_006,105
CCAGACACCAAAACATCTCT_007,174
CCAGACACCAAAACATCTCT_008,113
CCAGACACCAAAACATCTCT_009,157
CCAGACACCAAAACATCTCT_010,35
CCAGACACCAAAACATCTCT_011,188
CCAGACACCAAAACATCTCT_012,48
CCAGACACCAAAACATCTCT_013,80
CCAGACACCAAAACATCTCT_014,121
CCAGACACCAAAACATCTCT_015,26
CCAGACACCAAAACATCTCT_016,83
CCAGACACCAAAACATCTCT_017,9
CTCAAACCGCAGGTTCTGTG_001,193
CTCAAACCGCAGGTTCTGTG_002,65
CTCAAACCGCAGGTTCTGTG_003,3
CTCAAACCGCAGGTTCTGTG_004,161
CTCAAACCGCAGGTTCTGTG_005,98
CTCCAACGCGACAGACGTCG_001,113
CTCCAACGCGACAGACGTCG_002,93
CTCCAACGCGACAGACGTCG_003,20
CTCCAACGCGACAGACGTCG_004,166
CTCCAACGCGACAGACGTCG_005,116
CTCCAACGCGACAGACGTCG_006,1
CTCCAACGCGACAGACGTCG_007,9
CTCCAACGCGACAGACGTCG_008,131
CTCCAACGCGACAGACGTCG_009,147
AGCAGTCCCACAGAGAGGAA_001,178
AGCAGTCCCACAGAGAGGAA_002,198
AGCAGTCCCACAGAGAGGAA_003,48
AGCAGTCCCACAGAGAGGAA_004,121
AGCAGTCCCACAGAGAGGAA_005,62
AGCAGTCCCACAGAGAGGAA_006,153
AGCAGTCCCACAGAGAGGAA_007,148
AGCAGTCCCACAGAGAGGAA_008,61
AGCAGTCCCACAGAGAGGAA_009,146
AGCAGTCCCACAGAGAGGAA_010,29
AGCAGTCCCACAGAGAGGAA_011,114
AGCAGTCCCACAGAGAGGAA_012,50
AGCAGTCCCACAGAGAGGAA_013,178
AGCAGTCCCACAGAGAGGAA_014,42
AGCAGTCCCACAGAGAGGAA_015,66
AGCAGTCCCACAGAGAGGAA_016,143
AGCAGTCCCACAGAGAGGAA_017,78
AGCAGTCCCACAGAGAGGAA_018,36
AGCAGTCCCACAGAGAGGAA_019,168
AGCAGTCCCACAGAGAGGAA_020,186
AGCAGTCCCACAGAGAGGAA_021,95
AGCAGTCCCACAGAGAGGAA_022,158
AAGTGCCAGACCATATAAGT_001,27
AAGTGCCAGACCATATAAGT_002,70
AAGTGCCAGACCATATAAGT_003,169
AAGTGCCAGACCATATAAGT_004,152
AAGTGCCAGACCATATAAGT_005,175
AAGTGCCAGACCATATAAGT_006,149
AAGTGCCAGACCATATAAGT_007,191
AAGTGCCAGACCATATAAGT_008,77
AAGTGCCAGACCATATAAGT_009,61
AAGTGCCAGACCATATAAGT_010,80
AAGTGCCAGACCATATAAGT_011,199
AAGTGCCAGACCATATAAGT_012,104
AAGTGCCAGACCATATAAGT_013,158
AAGTGCCAGACCATATAAGT_014,168
AAGTGCCAGACCATATAAGT_015,162
AAGTGCCAGACCATATAAGT_016,148
AAGTGCCAGACCATATAAGT_017,94
AAGTGCCAGACCATATAAGT_018,83
AAGTGCCAGACCATATAAGT_019,57
AAGTGCCAGACCATATAAGT_020,180
AAGTGCCAGACCATATAAGT_021,13
AAGTGCCAGACCATATAAGT_022,148
AAGTGCCAGACCATATAAGT_023,49
AAGTGCCAGACCATATAAGT_024,93
GCAGAGTCGATACAAACAGG_001,7
GCAGAGTCGATACAAACAGG_002,114
GCAGAGTCGATACAAACAGG_003,94
GCAGAGTCGATACAAACAGG_004,169
GCAGAGTCGATACAAACAGG_005,36
AGGATGGCGCTATATTGGAG_001,184
AGGATGGCGCTATATTGGAG_002,52
AGGATGGCGCTATATTGGAG_003,162
AGGATGGCGCTATATTGGAG_004,40
AGGATGGCGCTATATTGGAG_005,198
GTGATGAAGCAGGCTCTAGG_001,121
GTGATGAAGCAGGCTCTAGG_002,169
GTGATGAAGCAGGCTCTAGG_003,54
GTGATGAAGCAGGCTCTAGG_004,51
GTGATGAAGCAGGCTCTAGG_005,9
GTGATGAAGCAGGCTCTAGG_006,64
GTGATGAAGCAGGCTCTAGG_007,83
GTGATGAAGCAGGCTCTAGG_008,5
GTGATGAAGCAGGCTCTAGG_009,32
GTGATGAAGCAGGCTCTAGG_010,68
GTGATGAAGCAGGCTCTAGG_011,62
GTGATGAAGCAGGCTCTAGG_012,119
GTGATGAAGCAGGCTCTAGG_013,61
GTGATGAAGCAGGCTCTAGG_014,120
GTGATGAAGCAGGCTCTAGG_015,112
GTGATGAAGCAGGCTCTAGG_016,29
GTGATGAAGCAGGCTCTAGG_017,94
GTGATGAAGCAGGCTCTAGG_018,45
GTGATGAAGCAGGCTCTAGG_019,63
GTGATGAAGCAGGCTCTAGG_020,79
GTTGGGATGAAACATCTCAC_001,48
GTTGGGATGAAACATCTCAC_002,147
GTTGGGATGAAACATCTCAC_003,106
GTTGGGATGAAACATCTCAC_004,59
GTTGGGATGAAACATCTCAC_005,5
GTTGGGATGAAACATCTCAC_006,193
GTTGGGATGAAACATCTCAC_007,199
GTTGGGATGAAACATCTCAC_008,106
GTTGGGATGAAACATCTCAC_009,35
CTCATCTGAGGACTCCATAG_001,131
CTCATCTGAGGACTCCATAG_002,177
CTCATCTGAGGACTCCATAG_003,137
CCGCGCAGCACAAAGTCTCA_001,70
CCGCGCAGCACAAAGTCTCA_002,41
CCGCGCAGCACAAAGTCTCA_003,108
CCGCGCAGCACAAAGTCTCA_004,157
CCGCGCAGCACAAAGTCTCA_005,52
CCGCGCAGCACAAAGTCTCA_006,168
CCGCGCAGCACAAAGTCTCA_007,64
CCGCGCAGCACAAAGTCTCA_008,188
GCGTGGGCACCACGAAGCCA_001,118
GCGTGGGCACCACGAAGCCA_002,17
GCGTGGGCACCACGAAGCCA_003,1
GCGTGGGCACCACGAAGCCA_004,131
GCGTGGGCACCACGAAGCCA_005,96
GCGTGGGCACCACGAAGCCA_006,168
GCGTGGGCACCACGAAGCCA_007,114
GGGGATGACAGTCCTCAGGT_001,76
CCTTCAGGCTCTGTTCACTG_001,189
CCTTCAGGCTCTGTTCACTG_002,104
CCTTCAGGCTCTGTTCACTG_003,124
CCTTCAGGCTCTGTTCACTG_004,117
CCTTCAGGCTCTGTTCACTG_005,78
CCTTCAGGCTCTGTTCACTG_006,62
CCTTCAGGCTCTGTTCACTG_007,115
GGGACCATATCACCAAGCTA_001,186
GGGACCATATCACCAAGCTA_002,0
GGGACCATATCACCAAGCTA_003,177
CAAGATGATGATGCAAACGA_001,191
CAAGATGATGATGCAAACGA_002,105
CAAGATGATGATGCAAACGA_003,168
CAAGATGATGATGCAAACGA_004,79
CAAGATGATGATGCAAACGA_005,83
CAAGATGATGATGCAAACGA_006,169
CAAGATGATGATGCAAACGA_007,57
GGGGTCCGACTATGCGAGTG_001,103
GGGGTCCGACTATGCGAGTG_002,8
GGGGTCCGACTATGCGAGTG_003,181
GGGGTCCGACTATGCGAGTG_004,62
GGGGTCCGACTATGCGAGTG_005,48
GGGGTCCGACTATGCGAGTG_006,178
GGGGTCCGACTATGCGAGTG_007,116
GGGGTCCGACTATGCGAGTG_008,168
GGGGTCCGACTATGCGAGTG_009,150
GGGGTCCGACTATGCGAGTG_010,69
GGGGTCCGACTATGCGAGTG_011,8
GGGGTCCGACTATGCGAGTG_012,80
GGGGTCCGACTATGCGAGTG_013,161
GGGGTCCGACTATGCGAGTG_014,19
GGGGTCCGACTATGCGAGTG_015,94
GGGGTCCGACTATGCGAGTG_016,62
GGGGTCCGACTATGCGAGTG_017,56
GGGGTCCGACTATGCGAGTG_018,11
GGGGTCCGACTATGCGAGTG_019,62
GGGGTCCGACTATGCGAGTG_020,158
GGGGTCCGACTATGCGAGTG_021,76
AGGGTCACGCACTGTAGACG_001,45
AGGGTCACGCACTGTAGACG_002,46
AGGGTCACGCACTGTAGACG_003,87
AGGGTCACGCACTGTAGACG_004,149
AGGGTCACGCACTGTAGACG_005,81
AGGGTCACGCACTGTAGACG_006,107
AGGGTCACGCACTGTAGACG_007,130
AGGGTCACGCACTGTAGACG_008,77
AGGGTCACGCACTGTAGACG_009,105
AGGGTCACGCACTGTAGACG_010,15
AGGGTCACGCACTGTAGACG_011,94
AGGGTCACGCACTGTAGACG_012,133
AGGGTCACGCACTGTAGACG_013,76
AGGGTCACGCACTGTAGACG_014,191
AGGGTCACGCACTGTAGACG_015,131
AGGGTCACGCACTGTAGACG_016,162
AGGGTCACGCACTGTAGACG_017,155
AGGGTCACGCACTGTAGACG_018,147
AGGGTCACGCACTGTAGACG_019,124
AGGGTCACGCACTGTAGACG_020,77
AGGGTCACGCACTGTAGACG_021,35
AGGGTCACGCACTGTAGACG_022,102
AGGGTCACGCACTGTAGACG_023,34
AGGGTCACGCACTGTAGACG_024,52
AGGGTCACGCACTGTAGACG_025,68
AGGGTCACGCACTGTAGACG_026,158
AGGGTCACGCACTGTAGACG_027,152
CTGTTCAGTTCATGCCGTGG_001,27
TCGCCAGGAAAGGTGAAAGA_001,154
TCGCCAGGAAAGGTGAAAGA_002,171
TCGCCAGGAAAGGTGAAAGA_003,149
TCGCCAGGAAAGGTGAAAGA_004,113
TCGCCAGGAAAGGTGAAAGA_005,29
TCGCCAGGAAAGGTGAAAGA_006,119
TCGCCAGGAAAGGTGAAAGA_007,19
TCGCCAGGAAAGGTGAAAGA_008,129
TCGCCAGGAAAGGTGAAAGA_009,70
TCGCCAGGAAAGGTGAAAGA_010,69
TCGCCAGGAAAGGTGAAAGA_011,111
TCGCCAGGAAAGGTGAAAGA_012,51
GAGACTCTCTGAATTTCTAG_001,16
GAGACTCTCTGAATTTCTAG_002,144
GAGACTCTCTGAATTTCTAG_003,1
TCAGGTGCTGATATGCAGGG_001,178
CAAGCAGCCCACCTTACTGA_001,98
CAAGCAGCCCACCTTACTGA_002,78
CAAGCAGCCCACCTTACTGA_003,50
CAAGCAGCCCACCTTACTGA_004,12
CAAGCAGCCCACCTTACTGA_005,162
ACTGGGTGATATGACCAAAG_001,8
ACTGGGTGATATGACCAAAG_002,76
ACTGGGTGATATGACCAAAG_003,2
ACTGGGTGATATGACCAAAG_004,188
ACTGGGTGATATGACCAAAG_005,79
ATGCCAGTATGGCAACTCCT_001,146
ATGCCAGTATGGCAACTCCT_002,139
ATGCCAGTATGGCAACTCCT_003,161
ATGCCAGTATGGCAACTCCT_004,38
ATGCCAGTATGGCAACTCCT_005,10
ATGCCAGTATGGCAACTCCT_006,63
ATGCCAGTATGGCAACTCCT_007,2
ATGCCAGTATGGCAACTCCT_008,94
ATGCCAGTATGGCAACTCCT_009,198
ATGCCAGTATGGCAACTCCT_010,146
ATGCCAGTATGGCAACTCCT_011,141
ATGCCAGTATGGCAACTCCT_012,60
ATGCCAGTATGGCAACTCCT_013,184
ATGCCAGTATGGCAACTCCT_014,94
ATGCCAGTATGGCAACTCCT_015,64
ATGCCAGTATGGCAACTCCT_016,175
ATGCCAGTATGGCAACTCCT_017,76
ATGCCAGTATGGCAACTCCT_018,19
ATGCCAGTATGGCAACTCCT_019,48
ATGCCAGTATGGCAACTCCT_020,60
GCAATGTGATTCCATCAAGT_001,17
GCAATGTGATTCCATCAAGT_002,159
GCAATGTGATTCCATCAAGT_003,197
GCAATGTGATTCCATCAAGT_004,80
GCAATGTGATTCCATCAAGT_005,58
GCAATGTGATTCCATCAAGT_006,100
TGGGTTCAATTTCATAAGTG_001,14
TGGGTTCAATTTCATAAGTG_002,192
TGGGTTCAATTTCATAAGTG_003,14
TGGGTTCAATTTCATAAGTG_004,77
TGGGTTCAATTTCATAAGTG_005,34
TGGGTTCAATTTCATAAGTG_006,166
TACACATCCCGGGACTCACA_001,40
TACACATCCCGGGACTCACA_002,140
TACACATCCCGGGACTCACA_003,83
TACACATCCCGGGACTCACA_004,57
GAGTACCTCCTGGCAACTAT_001,62
GAGTACCTCCTGGCAACTAT_002,149
GAGTACCTCCTGGCAACTAT_003,19
GAGTACCTCCTGGCAACTAT_004,181
GAGTACCTCCTGGCAACTAT_005,151
GAGTACCTCCTGGCAACTAT_006,51
GAGTACCTCCTGGCAACTAT_007,187
AGGCCTTTAACTCTCACACG_001,58
AGGCCTTTAACTCTCACACG_002,169
AGGCCTTTAACTCTCACACG_003,63
AGGCCTTTAACTCTCACACG_004,77
AGGCCTTTAACTCTCACACG_005,55
AGGCCTTTAACTCTCACACG_006,81
AGGCCTTTAACTCTCACACG_007,62
AGGCCTTTAACTCTCACACG_008,92
AGGCCTTTAACTCTCACACG_009,24
AGGCCTTTAACTCTCACACG_010,76
AGGCCTTTAACTCTCACACG_011,158
AGGCCTTTAACTCTCACACG_012,32
AGGCCTTTAACTCTCACACG_013,162
AGGCCTTTAACTCTCACACG_014,121
AGGCCTTTAACTCTCACACG_015,191
CCAACATGACAGTGATACTA_001,125
CCAACATGACAGTGATACTA_002,176
TCTAGTGGAAGTTACCCTGG_001,170
TCTAGTGGAAGTTACCCTGG_002,169
TCTAGTGGAAGTTACCCTGG_003,58
TCTAGTGGAAGTTACCCTGG_004,155
TCTAGTGGAAGTTACCCTGG_005,52
TTGATAGCGAAATACATCAA_001,27
GTACAGAAGAAGACTGACAA_001,9
GTACAGAAGAAGACTGACAA_002,126
GTACAGAAGAAGACTGACAA_003,115
GTACAGAAGAAGACTGACAA_004,136
GTACAGAAGAAGACTGACAA_005,123
CTGTGCTCTTACCGTAAGCG_001,36
CTGTGCTCTTACCGTAAGCG_002,97
CTGTGCTCTTACCGTAAGCG_003,112
AGCGGTCGGTGAAAGTCCTG_001,22
AGCGGTCGGTGAAAGTCCTG_002,7
AGCGGTCGGTGAAAGTCCTG_003,161
AGCGGTCGGTGAAAGTCCTG_004,94
AGCGGTCGGTGAAAGTCCTG_005,179
AGCGGTCGGTGAAAGTCCTG_006,123
AGCGGTCGGTGAAAGTCCTG_007,6
AGCGGTCGGTGAAAGTCCTG_008,49
AGCGGTCGGTGAAAGTCCTG_009,181
AGCGGTCGGTGAAAGTCCTG_010,57
AGCGGTCGGTGAAAGTCCTG_011,70
AGCGGTCGGTGAAAGTCCTG_012,136
CAGTGGCTGATAGCCTGAAG_001,39
CAGTGGCTGATAGCCTGAAG_002,4
CAGTGGCTGATAGCCTGAAG_003,169
CAGTGGCTGATAGCCTGAAG_004,19
TTTGACCACAAAACTGTGAG_001,94
TTTGACCACAAAACTGTGAG_002,144
TTTGACCACAAAACTGTGAG_003,157
TTTGACCACAAAACTGTGAG_004,163
TTTGACCACAAAACTGTGAG_005,170
TTTGACCACAAAACTGTGAG_006,33
TTTGACCACAAAACTGTGAG_007,113
TTTGACCACAAAACTGTGAG_008,162
TTTGACCACAAAACTGTGAG_009,168
TTTGACCACAAAACTGTGAG_010,174
TTTGACCACAAAACTGTGAG_011,81
TTTGACCACAAAACTGTGAG_012,25
TTTGACCACAAAACTGTGAG_013,34
TTTGACCACAAAACTGTGAG_014,172
TTTGACCACAAAACTGTGAG_015,9
TTTGACCACAAAACTGTGAG_016,28
TTTGACCACAAAACTGTGAG_017,161
TTTGACCACAAAACTGTGAG_018,108
TTTGACCACAAAACTGTGAG_019,197
GTCCAGGTGTTGGACACTCC_001,99
GTCCAGGTGTTGGACACTCC_002,95
GTCCAGGTGTTGGACACTCC_003,113
GTCCAGGTGTTGGACACTCC_004,175
GTCCAGGTGTTGGACACTCC_005,159
TGCACTTGGCGCTCACAGGT_001,92
TGCACTTGGCGCTCACAGGT_002,133
TGCACTTGGCGCTCACAGGT_003,150
TGCACTTGGCGCTCACAGGT_004,102
TGCACTTGGCGCTCACAGGT_005,166
TGCACTTGGCGCTCACAGGT_006,142
TGCACTTGGCGCTCACAGGT_007,77
TGCACTTGGCGCTCACAGGT_008,170
AAAGCTGTCAAAGAACCTCT_001,179
AAAGCTGTCAAAGAACCTCT_002,81
AAAGCTGTCAAAGAACCTCT_003,154
AAAGCTGTCAAAGAACCTCT_004,75
AAAGCTGTCAAAGAACCTCT_005,52
AAAGCTGTCAAAGAACCTCT_006,58
AAAGCTGTCAAAGAACCTCT_007,147
AAAGCTGTCAAAGAACCTCT_008,146
AAAGCTGTCAAAGAACCTCT_009,155
AAAGCTGTCAAAGAACCTCT_010,82
AAAGCTGTCAAAGAACCTCT_011,178
AAAGCTGTCAAAGAACCTCT_012,66
AATACCAATGCTCAAGCCGA_001,185
AATACCAATGCTCAAGCCGA_002,112
AATACCAATGCTCAAGCCGA_003,23
AATACCAATGCTCAAGCCGA_004,195
AATACCAATGCTCAAGCCGA_005,177
AATACCAATGCTCAAGCCGA_006,150
AATACCAATGCTCAAGCCGA_007,121
AATACCAATGCTCAAGCCGA_008,148
AATACCAATGCTCAAGCCGA_009,141
GGGAGATTGTGAGTGCAACA_001,150
GGGAGATTGTGAGTGCAACA_002,199
GGGAGATTGTGAGTGCAACA_003,48
GGGAGATTGTGAGTGCAACA_004,172
GGGAGATTGTGAGTGCAACA_005,114
GGGAGATTGTGAGTGCAACA_006,105
GGGAGATTGTGAGTGCAACA_007,169
GGGAGATTGTGAGTGCAACA_008,116
GGGAGATTGTGAGTGCAACA_009,116
GGGAGATTGTGAGTGCAACA_010,83
GGGAGATTGTGAGTGCAACA_011,19
GGGAGATTGTGAGTGCAACA_012,56
GGGAGATTGTGAGTGCAACA_013,14
GGGAGATTGTGAGTGCAACA_014,170
GGGAGATTGTGAGTGCAACA_015,83
GGGAGATTGTGAGTGCAACA_016,2
GGGAGATTGTGAGTGCAACA_017,49
GGGAGATTGTGAGTGCAACA_018,70
GGGAGATTGTGAGTGCAACA_019,177
GGGAGATTGTGAGTGCAACA_020,167
TAAAGGGTTCCAAGCCTTAG_001,94
TAAAGGGTTCCAAGCCTTAG_002,115
TAAAGGGTTCCAAGCCTTAG_003,58
TAAAGGGTTCCAAGCCTTAG_004,52
TAAAGGGTTCCAAGCCTTAG_005,144
TAAAGGGTTCCAAGCCTTAG_006,66
AAAGAAGCTCACGCCCACAG_001,100
AAAGAAGCTCACGCCCACAG_002,191
AAAGAAGCTCACGCCCACAG_003,134
AAAGAAGCTCACGCCCACAG_004,69
AAAGAAGCTCACGCCCACAG_005,169
AAAGAAGCTCACGCCCACAG_006,100
AAAGAAGCTCACGCCCACAG_007,140
AAAGAAGCTCACGCCCACAG_008,150
AAAGAAGCTCACGCCCACAG_009,194
AAAGAAGCTCACGCCCACAG_010,184
AAAGAAGCTCACGCCCACAG_011,74
CAGGGGCAGATTCCCCTCCA_001,53
CAGGGGCAGATTCCCCTCCA_002,160
GGTGTAGTTCGGCTATGGTG_001,48
GGTGTAGTTCGGCTATGGTG_002,91
GGTGTAGTTCGGCTATGGTG_003,102
GCCACCGAACATCTCCGCGG_001,191
GCCACCGAACATCTCCGCGG_002,47
GCCACCGAACATCTCCGCGG_003,81
GCCACCGAACATCTCCGCGG_004,198
CCAAACCCAACATACAACTG_001,102
CCAAACCCAACATACAACTG_002,135
CCAAACCCAACATACAACTG_003,135
CCAAACCCAACATACAACTG_004,69
CCAAACCCAACATACAACTG_005,34
CCAAACCCAACATACAACTG_006,168
CCAAACCCAACATACAACTG_007,147
CCAAACCCAACATACAACTG_008,3
CCAAACCCAACATACAACTG_009,36
CCAAACCCAACATACAACTG_010,6
CCAAACCCAACATACAACTG_011,183
TCTGATCATAGATACGGAGA_001,154
TCTGATCATAGATACGGAGA_002,127
TCTGATCATAGATACGGAGA_003,166
TCTGATCATAGATACGGAGA_004,103
TCTGATCATAGATACGGAGA_005,48
CCACTGTAATAGCAACAGGA_001,77
CCACTGTAATAGCAACAGGA_002,55
CCACTGTAATAGCAACAGGA_003,94
CCACTGTAATAGCAACAGGA_004,177
CCACTGTAATAGCAACAGGA_005,70
ATCCCCAAGAAGGCCCTCCG_001,52
ATCCCCAAGAAGGCCCTCCG_002,47
ATCCCCAAGAAGGCCCTCCG_003,41
ATCCCCAAGAAGGCCCTCCG_004,2
ATCCCCAAGAAGGCCCTCCG_005,188
ATCCCCAAGAAGGCCCTCCG_006,62
ATCCCCAAGAAGGCCCTCCG_007,151
ATCCCCAAGAAGGCCCTCCG_008,58
ATCCCCAAGAAGGCCCTCCG_009,29
ATCCCCAAGAAGGCCCTCCG_010,53
ATCCCCAAGAAGGCCCTCCG_011,38
ATCCCCAAGAAGGCCCTCCG_012,190
ATCCCCAAGAAGGCCCTCCG_013,56
ATCCCCAAGAAGGCCCTCCG_014,56
ATCCCCAAGAAGGCCCTCCG_015,15
ATCCCCAAGAAGGCCCTCCG_016,120
ATCCCCAAGAAGGCCCTCCG_017,190
ATCCCCAAGAAGGCCCTCCG_018,14
ATCCCCAAGAAGGCCCTCCG_019,15
ATCCCCAAGAAGGCCCTCCG_020,70
ATCCCCAAGAAGGCCCTCCG_021,77
ATCCCCAAGAAGGCCCTCCG_022,149
ATCCCCAAGAAGGCCCTCCG_023,68
ATCCCCAAGAAGGCCCTCCG_024,157
ATCCCCAAGAAGGCCCTCCG_025,52
ATCCCCAAGAAGGCCCTCCG_026,124
ATCCCCAAGAAGGCCCTCCG_027,130
ATCCCCAAGAAGGCCCTCCG_028,189
ATCCCCAAGAAGGCCCTCCG_029,48
ATCCCCAAGAAGGCCCTCCG_030,29
ATCCCCAAGAAGGCCCTCCG_031,127
ATCCCCAAGAAGGCCCTCCG_032,169
ATCCCCAAGAAGGCCCTCCG_033,30
ATCCCCAAGAAGGCCCTCCG_034,121
ATCCCCAAGAAGGCCCTCCG_035,104
ATCCCCAAGAAGGCCCTCCG_036,188
ATCCCCAAGAAGGCCCTCCG_037,78
ATCCCCAAGAAGGCCCTCCG_038,15
ATCCCCAAGAAGGCCCTCCG_039,11
ATCCCCAAGAAGGCCCTCCG_040,160
ATCCCCAAGAAGGCCCTCCG_041,172
ATCCCCAAGAAGGCCCTCCG_042,197
ATCCCCAAGAAGGCCCTCCG_043,19
TGCAATTGTACGGTTCACAA_001,48
TGCAATTGTACGGTTCACAA_002,9
TGCAATTGTACGGTTCACAA_003,9
TGCAATTGTACGGTTCACAA_004,49
TGCAATTGTACGGTTCACAA_005,88
TGCAATTGTACGGTTCACAA_006,165
TGCAATTGTACGGTTCACAA_007,1
GTTGCCTATCACAATATCAG_001,63
GTTTACCAGGAACCTAACAG_001,148
GTTTACCAGGAACCTAACAG_002,13
GTTTACCAGGAACCTAACAG_003,8
GTTTACCAGGAACCTAACAG_004,38
GTTTACCAGGAACCTAACAG_005,138
GTTTACCAGGAACCTAACAG_006,149
GTTTACCAGGAACCTAACAG_007,30
GTTTACCAGGAACCTAACAG_008,142
GTTTACCAGGAACCTAACAG_009,39
AACAGTGAAGTGTCGTAATG_001,2
AACAGTGAAGTGTCGTAATG_002,5
ACTATAAAATTCAGGCGTCG_001,26
ACTATAAAATTCAGGCGTCG_002,125
ACTATAAAATTCAGGCGTCG_003,161
ACTATAAAATTCAGGCGTCG_004,135
ATTCACCAGTTCAGTATCTG_001,14
ATTCACCAGTTCAGTATCTG_002,172
ATTCACCAGTTCAGTATCTG_003,72
ATTCACCAGTTCAGTATCTG_004,5
ATTCACCAGTTCAGTATCTG_005,48
ATTCACCAGTTCAGTATCTG_006,116
CCGGGCCGACTCCACACACG_001,196
CCGGGCCGACTCCACACACG_002,153
CCGGGCCGACTCCACACACG_003,168
CCGGGCCGACTCCACACACG_004,56
CCGGGCCGACTCCACACACG_005,169
CCGGGCCGACTCCACACACG_006,181
CCGGGCCGACTCCACACACG_007,15
CCGGGCCGACTCCACACACG_008,60
CCAAGAGGAGTGGTTTAAGG_001,191
CCAAGAGGAGTGGTTTAAGG_002,17
CCAAGAGGAGTGGTTTAAGG_003,70
CCAAGAGGAGTGGTTTAAGG_004,127
CCAAGAGGAGTGGTTTAAGG_005,174
CCAAGAGGAGTGGTTTAAGG_006,19
CCAAGAGGAGTGGTTTAAGG_007,34
CCAAGAGGAGTGGTTTAAGG_008,188
CCAAGAGGAGTGGTTTAAGG_009,180
AATTGAAGGAAGAAAAATAG_001,69
AATTGAAGGAAGAAAAATAG_002,37
AATTGAAGGAAGAAAAATAG_003,146
AATTGAAGGAAGAAAAATAG_004,146
AATTGAAGGAAGAAAAATAG_005,120
AATTGAAGGAAGAAAAATAG_006,78
AATTGAAGGAAGAAAAATAG_007,2
AATTGAAGGAAGAAAAATAG_008,172
GCTGACTAGCATGATGTGAG_001,164
GCTGACTAGCATGATGTGAG_002,174
GCTGACTAGCATGATGTGAG_003,184
GCTGACTAGCATGATGTGAG_004,79
GCTGACTAGCATGATGTGAG_005,134
GCTGACTAGCATGATGTGAG_006,109
TCCTTGGGAGTTCCACAATG_001,121
TCCTTGGGAGTTCCACAATG_002,4
TCCTTGGGAGTTCCACAATG_003,133
TCCTTGGGAGTTCCACAATG_004,150
TCCTTGGGAGTTCCACAATG_005,133
TGTCAGCGACAGACCCCTCG_001,13
TGTCAGCGACAGACCCCTCG_002,150
TGTCAGCGACAGACCCCTCG_003,143
TGTCAGCGACAGACCCCTCG_004,186
TGTCAGCGACAGACCCCTCG_005,111
TGTCAGCGACAGACCCCTCG_006,118
TGTCAGCGACAGACCCCTCG_007,34
TGTCAGCGACAGACCCCTCG_008,175
TGTCAGCGACAGACCCCTCG_009,48
TGTCAGCGACAGACCCCTCG_010,61
TGTCAGCGACAGACCCCTCG_011,168
TGTCAGCGACAGACCCCTCG_012,66
TGTCAGCGACAGACCCCTCG_013,113
TGTCAGCGACAGACCCCTCG_014,112
TGTCAGCGACAGACCCCTCG_015,102
ACGCCATGTATGTCATCATG_001,94
AGCCTGAAAAGAGTCGACAG_001,181
AGCCTGAAAAGAGTCGACAG_002,6
AGCCTGAAAAGAGTCGACAG_003,155
AGCCTGAAAAGAGTCGACAG_004,77
AGCCTGAAAAGAGTCGACAG_005,62
AGCCTGAAAAGAGTCGACAG_006,77
AGCCTGAAAAGAGTCGACAG_007,126
AGCCTGAAAAGAGTCGACAG_008,144
AGCCTGAAAAGAGTCGACAG_009,58
AGCCTGAAAAGAGTCGACAG_010,105
AGCCTGAAAAGAGTCGACAG_011,84
AGCCTGAAAAGAGTCGACAG_012,55
AGCCTGAAAAGAGTCGACAG_013,9
AGCCTGAAAAGAGTCGACAG_014,121
GAAGGGACTCCGGATCTCAG_001,162
GAAGGGACTCCGGATCTCAG_002,162
GCTCGCATCTGTTGAGCCAC_001,112
GCTCGCATCTGTTGAGCCAC_002,199
GCTCGCATCTGTTGAGCCAC_003,144
GCTCGCATCTGTTGAGCCAC_004,136
GCTCGCATCTGTTGAGCCAC_005,144
ATTAATGAATGACGATACCC_001,147
ATTAATGAATGACGATACCC_002,38
ATTAATGAATGACGATACCC_003,127
ATTAATGAATGACGATACCC_004,68
ATTAATGAATGACGATACCC_005,170
ATTAATGAATGACGATACCC_006,16
TCTGGTGAAGAAATCAGATG_001,0
TCTGGTGAAGAAATCAGATG_002,115
TCTGGTGAAGAAATCAGATG_003,94
TCTGGTGAAGAAATCAGATG_004,158
CTGTCCCGAAGGTACCTCCG_001,145
CTGTCCCGAAGGTACCTCCG_002,53
CTGTCCCGAAGGTACCTCCG_003,165
CTGTCCCGAAGGTACCTCCG_004,98
CTGTCCCGAAGGTACCTCCG_005,76
CTGTCCCGAAGGTACCTCCG_006,78
CTGTCCCGAAGGTACCTCCG_007,70
CTGTCCCGAAGGTACCTCCG_008,160
CTGTCCCGAAGGTACCTCCG_009,11
TGGAGCTGATATGAATCTAG_001,127
TGGAGCTGATATGAATCTAG_002,106
TGGAGCTGATATGAATCTAG_003,145
GACCACGAGGACAAGGACCG_001,115
GACCACGAGGACAAGGACCG_002,147
GACCACGAGGACAAGGACCG_003,52
GACCACGAGGACAAGGACCG_004,98
GACCACGAGGACAAGGACCG_005,94
GCTCAAGGAAGCTTGTTCCA_001,174
GCTCAAGGAAGCTTGTTCCA_002,76
GCTCAAGGAAGCTTGTTCCA_003,55
GCTCAAGGAAGCTTGTTCCA_004,55
GCTCAAGGAAGCTTGTTCCA_005,75
GCTCAAGGAAGCTTGTTCCA_006,197
CTAACACACAACGATGACAC_001,141
CTAACACACAACGATGACAC_002,153
CTAACACACAACGATGACAC_003,137
CTAACACACAACGATGACAC_004,180
GTGGCGCGCAAAGGACCCTG_001,83
GTGGCGCGCAAAGGACCCTG_002,86
GTGGCGCGCAAAGGACCCTG_003,169
GTGGCGCGCAAAGGACCCTG_004,102
GTGGCGCGCAAAGGACCCTG_005,177
GTGGCGCGCAAAGGACCCTG_006,82
GTGGCGCGCAAAGGACCCTG_007,130
GTGGCGCGCAAAGGACCCTG_008,138
GTGGCGCGCAAAGGACCCTG_009,5
GTGGCGCGCAAAGGACCCTG_010,130
GTGGCGCGCAAAGGACCCTG_011,129
GTGGCGCGCAAAGGACCCTG_012,17
GTGGCGCGCAAAGGACCCTG_013,185
GTGGCGCGCAAAGGACCCTG_014,157
GTGGCGCGCAAAGGACCCTG_015,184
GTGGCGCGCAAAGGACCCTG_016,166
CTCGTCGTAGCCCACAAGCA_001,127
CTCGTCGTAGCCCACAAGCA_002,18
CTCGTCGTAGCCCACAAGCA_003,78
CTCGTCGTAGCCCACAAGCA_004,121
CTCGTCGTAGCCCACAAGCA_005,116
CTCGTCGTAGCCCACAAGCA_006,177
CTCGTCGTAGCCCACAAGCA_007,86
CTCGTCGTAGCCCACAAGCA_008,94
CTCGTCGTAGCCCACAAGCA_009,198
CTCGTCGTAGCCCACAAGCA_010,156
CTCGTCGTAGCCCACAAGCA_011,8
CTCGTCGTAGCCCACAAGCA_012,140
CTCGTCGTAGCCCACAAGCA_013,140
CTCGTCGTAGCCCACAAGCA_014,185
CTCGTCGTAGCCCACAAGCA_015,40
CTCGTCGTAGCCCACAAGCA_016,57
CTCGTCGTAGCCCACAAGCA_017,49
CTCGTCGTAGCCCACAAGCA_018,30
CTCGTCGTAGCCCACAAGCA_019,158
CTCGTCGTAGCCCACAAGCA_020,107
CTCGTCGTAGCCCACAAGCA_021,162
CTCGTCGTAGCCCACAAGCA_022,39
CTCGTCGTAGCCCACAAGCA_023,63
CTCGTCGTAGCCCACAAGCA_024,180
CTCGTCGTAGCCCACAAGCA_025,101
CTCGTCGTAGCCCACAAGCA_026,56
CTCGTCGTAGCCCACAAGCA_027,125
CTCGTCGTAGCCCACAAGCA_028,106
GTCTTCACAGGGTGCAACGA_001,15
GTCTTCACAGGGTGCAACGA_002,166
GTCTTCACAGGGTGCAACGA_003,115
GTCTTCACAGGGTGCAACGA_004,6
GTCTTCACAGGGTGCAACGA_005,106
GTCTTCACAGGGTGCAACGA_006,20
GTCTTCACAGGGTGCAACGA_007,61
GTCTTCACAGGGTGCAACGA_008,7
GTCTTCACAGGGTGCAACGA_009,50
GTCTTCACAGGGTGCAACGA_010,17
GTCTTCACAGGGTGCAACGA_011,123
GTCTTCACAGGGTGCAACGA_012,46
GTCTTCACAGGGTGCAACGA_013,45
GTCTTCACAGGGTGCAACGA_014,163
GTCTTCACAGGGTGCAACGA_015,66
GTCTTCACAGGGTGCAACGA_016,15
GTCTTCACAGGGTGCAACGA_017,101
GTCTTCACAGGGTGCAACGA_018,9
GTCTTCACAGGGTGCAACGA_019,162
GTCTTCACAGGGTGCAACGA_020,4
GTCTTCACAGGGTGCAACGA_021,147
GTCTTCACAGGGTGCAACGA_022,11
GTCTTCACAGGGTGCAACGA_023,53
GTCTTCACAGGGTGCAACGA_024,92
GTCTTCACAGGGTGCAACGA_025,172
GTCTTCACAGGGTGCAACGA_026,85
GTCTTCACAGGGTGCAACGA_027,104
GTCTTCACAGGGTGCAACGA_028,32
GTCTTCACAGGGTGCAACGA_029,46
GTCTTCACAGGGTGCAACGA_030,15
GTCTTCACAGGGTGCAACGA_031,156
GTCTTCACAGGGTGCAACGA_032,1
TGCAGTTTCCCCGGGAACAG_001,51
TGCAGTTTCCCCGGGAACAG_002,2
TGCAGTTTCCCCGGGAACAG_003,166
TGCAGTTTCCCCGGGAACAG_004,134
TGCAGTTTCCCCGGGAACAG_005,82
TGCAGTTTCCCCGGGAACAG_006,198
TGCAGTTTCCCCGGGAACAG_007,69
TGCAGTTTCCCCGGGAACAG_008,68
AGAGCCTGAGCCAGCTTAAG_001,2
AGAGCCTGAGCCAGCTTAAG_002,61
AGAGCCTGAGCCAGCTTAAG_003,183
AGAGCCTGAGCCAGCTTAAG_004,72
AGAGCCTGAGCCAGCTTAAG_005,127
AGAGCCTGAGCCAGCTTAAG_006,149
AGAGCCTGAGCCAGCTTAAG_007,2
AGAGCCTGAGCCAGCTTAAG_008,103
AGAGCCTGAGCCAGCTTAAG_009,187
AGAGCCTGAGCCAGCTTAAG_010,194
AGAGCCTGAGCCAGCTTAAG_011,147
AGAGCCTGAGCCAGCTTAAG_012,169
AGAGCCTGAGCCAGCTTAAG_013,175
AGAGCCTGAGCCAGCTTAAG_014,134
AGAGCCTGAGCCAGCTTAAG_015,48
AGAGCCTGAGCCAGCTTAAG_016,120
AGAGCCTGAGCCAGCTTAAG_017,1
AGAGCCTGAGCCAGCTTAAG_018,165
AGAGCCTGAGCCAGCTTAAG_019,92
AGAGCCTGAGCCAGCTTAAG_020,73
AGAGCCTGAGCCAGCTTAAG_021,70
AGAGCCTGAGCCAGCTTAAG_022,149
AGAGCCTGAGCCAGCTTAAG_023,92
AGAGCCTGAGCCAGCTTAAG_024,170
AGAGCCTGAGCCAGCTTAAG_025,82
AGAGCCTGAGCCAGCTTAAG_026,162
AGAGCCTGAGCCAGCTTAAG_027,41
AGAGCCTGAGCCAGCTTAAG_028,41
AGAGCCTGAGCCAGCTTAAG_029,199
AGAGCCTGAGCCAGCTTAAG_030,183
AGAGCCTGAGCCAGCTTAAG_031,150
AGAGCCTGAGCCAGCTTAAG_032,122
AGAGCCTGAGCCAGCTTAAG_033,56
AGAGCCTGAGCCAGCTTAAG_034,129
AGAGCCTGAGCCAGCTTAAG_035,13
AGAGCCTGAGCCAGCTTAAG_036,70
AGAGCCTGAGCCAGCTTAAG_037,151
AGAGCCTGAGCCAGCTTAAG_038,147
CCCCAACCTCCGGATTGATG_001,108
CCCCAACCTCCGGATTGATG_002,101
CCCCAACCTCCGGATTGATG_003,105
CCCCAACCTCCGGATTGATG_004,170
CCCCAACCTCCGGATTGATG_005,130
CCCCAACCTCCGGATTGATG_006,32
CCCCAACCTCCGGATTGATG_007,144
CCCCAACCTCCGGATTGATG_008,10
CCCCAACCTCCGGATTGATG_009,151
TCCAAAAGTTTCCCACCCAG_001,29
TCCAAAAGTTTCCCACCCAG_002,6
TCCAAAAGTTTCCCACCCAG_003,161
TCCAAAAGTTTCCCACCCAG_004,26
TCCAAAAGTTTCCCACCCAG_005,100
TCCAAAAGTTTCCCACCCAG_006,53
TCCAAAAGTTTCCCACCCAG_007,148
TCCAAAAGTTTCCCACCCAG_008,116
TCCAAAAGTTTCCCACCCAG_009,121
TCCAAAAGTTTCCCACCCAG_010,95
TCCAAAAGTTTCCCACCCAG_011,95
TCCAAAAGTTTCCCACCCAG_012,12
TCCAAAAGTTTCCCACCCAG_013,9
TCCAAAAGTTTCCCACCCAG_014,197
ACTGATTCTAGATGTAAGAA_001,17
ACTGATTCTAGATGTAAGAA_002,91
ACTGATTCTAGATGTAAGAA_003,141
ACTGATTCTAGATGTAAGAA_004,174
ACTGATTCTAGATGTAAGAA_005,6
ACTGATTCTAGATGTAAGAA_006,134
ACTGATTCTAGATGTAAGAA_007,128
ACTGATTCTAGATGTAAGAA_008,88
ACTGATTCTAGATGTAAGAA_009,141
ACTGATTCTAGATGTAAGAA_010,197
ACTGATTCTAGATGTAAGAA_011,41
TGACGGACAGGAGCTCGCAC_001,177
TGACGGACAGGAGCTCGCAC_002,106
TGACGGACAGGAGCTCGCAC_003,150
TGACGGACAGGAGCTCGCAC_004,82
TGACGGACAGGAGCTCGCAC_005,89
TGACGGACAGGAGCTCGCAC_006,117
TGACGGACAGGAGCTCGCAC_007,148
TGACGGACAGGAGCTCGCAC_008,72
TGACGGACAGGAGCTCGCAC_009,93
TGACGGACAGGAGCTCGCAC_010,93
TGACGGACAGGAGCTCGCAC_011,113
TGACGGACAGGAGCTCGCAC_012,52
TGACGGACAGGAGCTCGCAC_013,174
TGACGGACAGGAGCTCGCAC_014,127
TGACGGACAGGAGCTCGCAC_015,32
TGACGGACAGGAGCTCGCAC_016,16
TGACGGACAGGAGCTCGCAC_017,63
TGACGGACAGGAGCTCGCAC_018,71
TGACGGACAGGAGCTCGCAC_019,6
TGACGGACAGGAGCTCGCAC_020,173
TGACGGACAGGAGCTCGCAC_021,15
TGACGGACAGGAGCTCGCAC_022,81
TGACGGACAGGAGCTCGCAC_023,110
TGACGGACAGGAGCTCGCAC_024,16
ACCTGGTCGTGGATCAAGGA_001,199
ACCTGGTCGTGGATCAAGGA_002,147
ACCTGGTCGTGGATCAAGGA_003,147
ACCTGGTCGTGGATCAAGGA_004,121
ACCTGGTCGTGGATCAAGGA_005,189
ACCTGGTCGTGGATCAAGGA_006,181
ACCTGGTCGTGGATCAAGGA_007,65
ACCTGGTCGTGGATCAAGGA_008,151
ACCTGGTCGTGGATCAAGGA_009,183
ACCTGGTCGTGGATCAAGGA_010,1
ACCTGGTCGTGGATCAAGGA_011,51
ACCTGGTCGTGGATCAAGGA_012,76
ACCTGGTCGTGGATCAAGGA_013,150
ACCTGGTCGTGGATCAAGGA_014,110
ACCTGGTCGTGGATCAAGGA_015,61
ACCTGGTCGTGGATCAAGGA_016,182
ACCTGGTCGTGGATCAAGGA_017,199
ACCTGGTCGTGGATCAAGGA_018,138
ACCTGGTCGTGGATCAAGGA_019,191
ACCTGGTCGTGGATCAAGGA_020,155
TTTCCCGAATCTTGTCGGCG_001,125
TTTCCCGAATCTTGTCGGCG_002,36
TTTCCCGAATCTTGTCGGCG_003,44
TTTCCCGAATCTTGTCGGCG_004,130
GAGCACTTCTCAGCGTACCA_001,80
GAGCACTTCTCAGCGTACCA_002,58
GAGCACTTCTCAGCGTACCA_003,42
GAGCACTTCTCAGCGTACCA_004,71
GAGCACTTCTCAGCGTACCA_005,48
GAGCACTTCTCAGCGTACCA_006,56
GAGCACTTCTCAGCGTACCA_007,184
GAGCACTTCTCAGCGTACCA_008,83
GAGCACTTCTCAGCGTACCA_009,95
GAGCACTTCTCAGCGTACCA_010,50
GAGCACTTCTCAGCGTACCA_011,168
GAGCACTTCTCAGCGTACCA_012,123
GAGCACTTCTCAGCGTACCA_013,165
GAGCACTTCTCAGCGTACCA_014,154
GAGCACTTCTCAGCGTACCA_015,29
GAGCACTTCTCAGCGTACCA_016,15
GAGCACTTCTCAGCGTACCA_017,184
GAGCACTTCTCAGCGTACCA_018,48
AAGCAACTTCCATTGTAACC_001,184
AAGCAACTTCCATTGTAACC_002,23
AAGCAACTTCCATTGTAACC_003,102
AAGCAACTTCCATTGTAACC_004,79
AAGCAACTTCCATTGTAACC_005,67
AGTGTCTTAGTACCACTCGG_001,166
AGTGTCTTAGTACCACTCGG_002,170
AGTGTCTTAGTACCACTCGG_003,56
AGTGTCTTAGTACCACTCGG_004,158
AGTGTCTTAGTACCACTCGG_005,187
AGTGTCTTAGTACCACTCGG_006,31
AGTGTCTTAGTACCACTCGG_007,43
AGTGTCTTAGTACCACTCGG_008,130
CATGGCGGTTAATACCCAGG_001,148
CATGGCGGTTAATACCCAGG_002,30
CATGGCGGTTAATACCCAGG_003,168
CATGGCGGTTAATACCCAGG_004,180
ATTCACCAACCAGTCCCTGT_001,57
ATTCACCAACCAGTCCCTGT_002,150
ATTCACCAACCAGTCCCTGT_003,27
ATTCACCAACCAGTCCCTGT_004,183
ATTCACCAACCAGTCCCTGT_005,176
ATTCACCAACCAGTCCCTGT_006,196
ATTCACCAACCAGTCCCTGT_007,188
ATTCACCAACCAGTCCCTGT_008,182
ATTCACCAACCAGTCCCTGT_009,129
ATTCACCAACCAGTCCCTGT_010,50
ATTCACCAACCAGTCCCTGT_011,152
ATTCACCAACCAGTCCCTGT_012,40
ATTCACCAACCAGTCCCTGT_013,105
ATTCACCAACCAGTCCCTGT_014,20
ATTCACCAACCAGTCCCTGT_015,160
CTCACAATATTCACTGAACA_001,145
CTCACAATATTCACTGAACA_002,158
GAGCCAGCTGGACAATAGAG_001,36
GAGCCAGCTGGACAATAGAG_002,55
GAGCCAGCTGGACAATAGAG_003,67
GAGCCAGCTGGACAATAGAG_004,56
GAGCCAGCTGGACAATAGAG_005,186
GAGCCAGCTGGACAATAGAG_006,158
GAGCCAGCTGGACAATAGAG_007,77
GAGCCAGCTGGACAATAGAG_008,34
GAGCCAGCTGGACAATAGAG_009,142
GAGCCAGCTGGACAATAGAG_010,1
GAGCCAGCTGGACAATAGAG_011,19
GAGCCAGCTGGACAATAGAG_012,10
GCTGCCTGTGTATAAGCCCG_001,139
GCTGCCTGTGTATAAGCCCG_002,35
ATACTCTCAGTCAAACTATG_001,199
ATACTCTCAGTCAAACTATG_002,17
ATACTCTCAGTCAAACTATG_003,117
ATACTCTCAGTCAAACTATG_004,21
ATACTCTCAGTCAAACTATG_005,78
ATACTCTCAGTCAAACTATG_006,177
ATACTCTCAGTCAAACTATG_007,149
ATACTCTCAGTCAAACTATG_008,196
ATACTCTCAGTCAAACTATG_009,180
ATACTCTCAGTCAAACTATG_010,103
ATACTCTCAGTCAAACTATG_011,19
ATACTCTCAGTCAAACTATG_012,127
GATCGTGTGTGTGAACCCCA_001,183
GATCGTGTGTGTGAACCCCA_002,121
GGATGCTCTTGATCGAGAAG_001,8
GGATGCTCTTGATCGAGAAG_002,48
GGATGCTCTTGATCGAGAAG_003,36
GGATGCTCTTGATCGAGAAG_004,63
GGATGCTCTTGATCGAGAAG_005,49
GGATGCTCTTGATCGAGAAG_006,198
GGATGCTCTTGATCGAGAAG_007,88
GGATGCTCTTGATCGAGAAG_008,91
GGATGCTCTTGATCGAGAAG_009,11
GGATGCTCTTGATCGAGAAG_010,169
GGATGCTCTTGATCGAGAAG_011,12
GGATGCTCTTGATCGAGAAG_012,169
GGATGCTCTTGATCGAGAAG_013,106
TGAGCGGCCTCTAATTAATC_001,85
TGAGCGGCCTCTAATTAATC_002,58
TGAGCGGCCTCTAATTAATC_003,56
TTGTAGTGGACAAAACAAAG_001,2
TTGTAGTGGACAAAACAAAG_002,2
TTGTAGTGGACAAAACAAAG_003,55
TTGTAGTGGACAAAACAAAG_004,116
TTGTAGTGGACAAAACAAAG_005,65
TTGTAGTGGACAAAACAAAG_006,116
TTGTAGTGGACAAAACAAAG_007,48
TTGTAGTGGACAAAACAAAG_008,133
TTGTAGTGGACAAAACAAAG_009,105
TTGTAGTGGACAAAACAAAG_010,158
TTGTAGTGGACAAAACAAAG_011,196
TTGTAGTGGACAAAACAAAG_012,91
TGAGTGAATACAACAGGTAG_001,98
TGAGTGAATACAACAGGTAG_002,48
TGAGTGAATACAACAGGTAG_003,17
TGAGTGAATACAACAGGTAG_004,89
TGAGTGAATACAACAGGTAG_005,17
TGAGTGAATACAACAGGTAG_006,24
TGAGTGAATACAACAGGTAG_007,17
CGGCTGACCATCATCCCACA_001,184
GGCAGCTGAGCACAGCACAC_001,126
GGCAGCTGAGCACAGCACAC_002,69
GGCAGCTGAGCACAGCACAC_003,108
GGCAGCTGAGCACAGCACAC_004,91
GGCAGCTGAGCACAGCACAC_005,120
GGCAGCTGAGCACAGCACAC_006,125
GGCAGCTGAGCACAGCACAC_007,36
GGCAGCTGAGCACAGCACAC_008,124
GGCAGCTGAGCACAGCACAC_009,194
GGCAGCTGAGCACAGCACAC_010,186
GGCAGCTGAGCACAGCACAC_011,43
GGCAGCTGAGCACAGCACAC_012,94
GGCAGCTGAGCACAGCACAC_013,158
GGCAGCTGAGCACAGCACAC_014,187
GGCAGCTGAGCACAGCACAC_015,169
GGCAGCTGAGCACAGCACAC_016,19
GGCAGCTGAGCACAGCACAC_017,169
GGCAGCTGAGCACAGCACAC_018,40
GGACTCCCGAAAAATTGACC_001,178
GGACTCCCGAAAAATTGACC_002,61
TGACGACTGAGATAGAGCAG_001,5
TGACGACTGAGATAGAGCAG_002,113
TGACGACTGAGATAGAGCAG_003,147
TGACGACTGAGATAGAGCAG_004,166
TGACGACTGAGATAGAGCAG_005,124
TGACGACTGAGATAGAGCAG_006,186
TGACGACTGAGATAGAGCAG_007,141
TGACGACTGAGATAGAGCAG_008,15
TGACGACTGAGATAGAGCAG_009,165
TGACGACTGAGATAGAGCAG_010,28
TGACGACTGAGATAGAGCAG_011,134
GCAAGGCTACACACATATGG_001,77
GCAAGGCTACACACATATGG_002,78
GGAAACTCAAGCCTGCACTC_001,60
GGAAACTCAAGCCTGCACTC_002,199
GGAAACTCAAGCCTGCACTC_003,104
GGAAACTCAAGCCTGCACTC_004,85
GGAAACTCAAGCCTGCACTC_005,81
GGAAACTCAAGCCTGCACTC_006,143
GGAAACTCAAGCCTGCACTC_007,196
GGAAACTCAAGCCTGCACTC_008,97
GGAAACTCAAGCCTGCACTC_009,83
GGAAACTCAAGCCTGCACTC_010,29
GGAAACTCAAGCCTGCACTC_011,177
GGAAACTCAAGCCTGCACTC_012,67
GGAAACTCAAGCCTGCACTC_013,199
GGAAACTCAAGCCTGCACTC_014,120
GGAAACTCAAGCCTGCACTC_015,194
GGAAACTCAAGCCTGCACTC_016,26
GGAAACTCAAGCCTGCACTC_017,75
GGAAACTCAAGCCTGCACTC_018,76
GGAAACTCAAGCCTGCACTC_019,82
GGAAACTCAAGCCTGCACTC_020,2
GGAAACTCAAGCCTGCACTC_021,152
GGAAACTCAAGCCTGCACTC_022,0
GGAAACTCAAGCCTGCACTC_023,184
GGAAACTCAAGCCTGCACTC_024,107
GGAAACTCAAGCCTGCACTC_025,62
GTCTGGAGTGTACAAGTCCG_001,11
GTCTGGAGTGTACAAGTCCG_002,70
GTCTGGAGTGTACAAGTCCG_003,63
GTCTGGAGTGTACAAGTCCG_004,74
GTCTGGAGTGTACAAGTCCG_005,26
GTCTGGAGTGTACAAGTCCG_006,166
GTCTGGAGTGTACAAGTCCG_007,175
GTCTGGAGTGTACAAGTCCG_008,15
GTCTGGAGTGTACAAGTCCG_009,15
GTCTGGAGTGTACAAGTCCG_010,94
GTCTGGAGTGTACAAGTCCG_011,186
GTCTGGAGTGTACAAGTCCG_012,110
GTCTGGAGTGTACAAGTCCG_013,196
GTCTGGAGTGTACAAGTCCG_014,187
GTCTGGAGTGTACAAGTCCG_015,10
GTCTGGAGTGTACAAGTCCG_016,39
AGTACTTACCTGAGTAACCA_001,18
AGTACTTACCTGAGTAACCA_002,28
AGTACTTACCTGAGTAACCA_003,28
AGTACTTACCTGAGTAACCA_004,77
AGTACTTACCTGAGTAACCA_005,94
AGTACTTACCTGAGTAACCA_006,149
AGTACTTACCTGAGTAACCA_007,96
AGTACTTACCTGAGTAACCA_008,58
AGTACTTACCTGAGTAACCA_009,168
AGTACTTACCTGAGTAACCA_010,122
AGTACTTACCTGAGTAACCA_011,154
AGTACTTACCTGAGTAACCA_012,185
AGTACTTACCTGAGTAACCA_013,30
AGTACTTACCTGAGTAACCA_014,149
AGTACTTACCTGAGTAACCA_015,40
AGTACTTACCTGAGTAACCA_016,178
AGTACTTACCTGAGTAACCA_017,46
AGTACTTACCTGAGTAACCA_018,144
TCATAATCAACTAACTGACA_001,80
TCATAATCAACTAACTGACA_002,80
TCATAATCAACTAACTGACA_003,139
TCATAATCAACTAACTGACA_004,57
TCGGGGTAATAGAACGCAGG_001,62
GTCCAGCTGTGCATCCACCA_001,160
GTCCAGCTGTGCATCCACCA_002,14
GTCCAGCTGTGCATCCACCA_003,62
GTCCAGCTGTGCATCCACCA_004,172
GTCCAGCTGTGCATCCACCA_005,38
GTCCAGCTGTGCATCCACCA_006,169
GTCCAGCTGTGCATCCACCA_007,71
GTCCAGCTGTGCATCCACCA_008,168
GTCCAGCTGTGCATCCACCA_009,133
GTCCAGCTGTGCATCCACCA_010,191
GTCCAGCTGTGCATCCACCA_011,66
CAGTTGAAGGCACACTGTAA_001,147
CAGTTGAAGGCACACTGTAA_002,1
GTTCGACAACCAAATCCATG_001,118
GTTCGACAACCAAATCCATG_002,109
GTTCGACAACCAAATCCATG_003,190
GTTCGACAACCAAATCCATG_004,83
GTTCGACAACCAAATCCATG_005,2
GTTCGACAACCAAATCCATG_006,78
GTTCGACAACCAAATCCATG_007,88
GTTCGACAACCAAATCCATG_008,72
GTTCGACAACCAAATCCATG_009,21
GTTCGACAACCAAATCCATG_010,24
GTTCGACAACCAAATCCATG_011,67
GTTCGACAACCAAATCCATG_012,87
GTTCGACAACCAAATCCATG_013,102
GTTCGACAACCAAATCCATG_014,151
GTTCGACAACCAAATCCATG_015,98
GTTCGACAACCAAATCCATG_016,96
GTTCGACAACCAAATCCATG_017,81
GTTCGACAACCAAATCCATG_018,12
GTTCGACAACCAAATCCATG_019,111
GTTCGACAACCAAATCCATG_020,102
GTTCGACAACCAAATCCATG_021,35
GTTCGACAACCAAATCCATG_022,192
GTTCGACAACCAAATCCATG_023,142
GTTCGACAACCAAATCCATG_024,113
GTTCGACAACCAAATCCATG_025,49
GTTCGACAACCAAATCCATG_026,4
GGGGAGAATGCACATGCAGT_001,78
GGGGAGAATGCACATGCAGT_002,162
GGGGAGAATGCACATGCAGT_003,185
GGGGAGAATGCACATGCAGT_004,120
GGGGAGAATGCACATGCAGT_005,196
GGGGAGAATGCACATGCAGT_006,27
GGGGAGAATGCACATGCAGT_007,61
GGGGAGAATGCACATGCAGT_008,28
GGGGAGAATGCACATGCAGT_009,197
GGGGAGAATGCACATGCAGT_010,88
GGGGAGAATGCACATGCAGT_011,162
GGGGAGAATGCACATGCAGT_012,5
GGGGAGAATGCACATGCAGT_013,142
TGTCTGCACATGTCCTCCAG_001,152
TGTCTGCACATGTCCTCCAG_002,99
TGTCTGCACATGTCCTCCAG_003,10
TGTCTGCACATGTCCTCCAG_004,118
CATTGTTCAATCCAGATGTT_001,40
CATTGTTCAATCCAGATGTT_002,62
CATTGTTCAATCCAGATGTT_003,65
CCGGCGCCCATACAGAGTGA_001,66
CCGGCGCCCATACAGAGTGA_002,10
CCGGCGCCCATACAGAGTGA_003,106
GAGACCTGAGGGTCTTCGTC_001,62
GAGACCTGAGGGTCTTCGTC_002,45
GAGACCTGAGGGTCTTCGTC_003,13
GAGACCTGAGGGTCTTCGTC_004,50
GAGACCTGAGGGTCTTCGTC_005,50
GAGACCTGAGGGTCTTCGTC_006,88
GAGGCCCAAGTCCCTAGGTA_001,92
GAGGCCCAAGTCCCTAGGTA_002,60
GAGGCCCAAGTCCCTAGGTA_003,15
GAGGCCCAAGTCCCTAGGTA_004,150
GAGGCCCAAGTCCCTAGGTA_005,123
GAGGCCCAAGTCCCTAGGTA_006,96
GAGGCCCAAGTCCCTAGGTA_007,94
GAGGCCCAAGTCCCTAGGTA_008,106
GAGGCCCAAGTCCCTAGGTA_009,28
GAGGCCCAAGTCCCTAGGTA_010,148
GAGGCCCAAGTCCCTAGGTA_011,166
GAGGCCCAAGTCCCTAGGTA_012,156
GAGGCCCAAGTCCCTAGGTA_013,42
GAGGCCCAAGTCCCTAGGTA_014,149
GAGGCCCAAGTCCCTAGGTA_015,1
GAGGCCCAAGTCCCTAGGTA_016,78
GAGGCCCAAGTCCCTAGGTA_017,14
GAGGCCCAAGTCCCTAGGTA_018,129
GAGGCCCAAGTCCCTAGGTA_019,73
GAGGCCCAAGTCCCTAGGTA_020,141
GAGGCCCAAGTCCCTAGGTA_021,115
GAGGCCCAAGTCCCTAGGTA_022,153
GAGGCCCAAGTCCCTAGGTA_023,94
GAGGCCCAAGTCCCTAGGTA_024,29
GAGGCCCAAGTCCCTAGGTA_025,74
GAGGCCCAAGTCCCTAGGTA_026,20
GAGGCCCAAGTCCCTAGGTA_027,150
GAGGCCCAAGTCCCTAGGTA_028,48
GAGGCCCAAGTCCCTAGGTA_029,17
GAGGCCCAAGTCCCTAGGTA_030,106
TCTCCAGAACGGCTGCCACG_001,19
TCTCCAGAACGGCTGCCACG_002,24
AAAAGTAGTTAATTACCTGT_001,11
AAAAGTAGTTAATTACCTGT_002,173
AAGACATAGTCTCTGAACAC_001,49
AAGACATAGTCTCTGAACAC_002,39
TGCTTGAGCCAACTCCATAG_001,160
TGCTTGAGCCAACTCCATAG_002,137
TGCTTGAGCCAACTCCATAG_003,19
TGCTTGAGCCAACTCCATAG_004,23
TGCTTGAGCCAACTCCATAG_005,85
TGCTTGAGCCAACTCCATAG_006,62
TGCTTGAGCCAACTCCATAG_007,32
TGCTTGAGCCAACTCCATAG_008,181
TGCTTGAGCCAACTCCATAG_009,178
TGCTTGAGCCAACTCCATAG_010,3
TGCTTGAGCCAACTCCATAG_011,27
GGTGTCCACACCCACAAACA_001,199
GGTGTCCACACCCACAAACA_002,8
GGTGTCCACACCCACAAACA_003,76
GGTGTCCACACCCACAAACA_004,52
GTCCTGCCAGAAAGTCTCGT_001,177
GTCCTGCCAGAAAGTCTCGT_002,98
GTCCTGCCAGAAAGTCTCGT_003,181
GTCCTGCCAGAAAGTCTCGT_004,113
GTCCTGCCAGAAAGTCTCGT_005,26
GTCCTGCCAGAAAGTCTCGT_006,81
CCACTTCATGTCGATAACTG_001,129
CCACTTCATGTCGATAACTG_002,159
CCACTTCATGTCGATAACTG_003,197
CCACTTCATGTCGATAACTG_004,15
CCACTTCATGTCGATAACTG_005,80
CCACTTCATGTCGATAACTG_006,103
CCACTTCATGTCGATAACTG_007,187
CCACTTCATGTCGATAACTG_008,148
CCACTTCATGTCGATAACTG_009,29
TAGAAGACGTCAAACTCCCA_001,191
TAGAAGACGTCAAACTCCCA_002,170
TAGAAGACGTCAAACTCCCA_003,169
TAGAAGACGTCAAACTCCCA_004,185
TAGAAGACGTCAAACTCCCA_005,17
TAGAAGACGTCAAACTCCCA_006,104
TAGAAGACGTCAAACTCCCA_007,147
TAGAAGACGTCAAACTCCCA_008,78
TAGAAGACGTCAAACTCCCA_009,175
TAGAAGACGTCAAACTCCCA_010,152
TTCTAGGGGGAAATTTGCAG_001,183
TTCTAGGGGGAAATTTGCAG_002,152
TTCTAGGGGGAAATTTGCAG_003,82
TTCTAGGGGGAAATTTGCAG_004,18
TTCTAGGGGGAAATTTGCAG_005,145
TTCTAGGGGGAAATTTGCAG_006,114
TTCTAGGGGGAAATTTGCAG_007,113
TTCTAGGGGGAAATTTGCAG_008,145
TTCTAGGGGGAAATTTGCAG_009,42
TTCTAGGGGGAAATTTGCAG_010,10
TTCTAGGGGGAAATTTGCAG_011,134
TTCTAGGGGGAAATTTGCAG_012,81
TTCTAGGGGGAAATTTGCAG_013,50
TTCTAGGGGGAAATTTGCAG_014,191
TTCTAGGGGGAAATTTGCAG_015,130
TTCTAGGGGGAAATTTGCAG_016,118
TGGAGGCCAGTTCAGCACTG_001,141
TGGAGGCCAGTTCAGCACTG_002,124
TGGAGGCCAGTTCAGCACTG_003,16
TGGAGGCCAGTTCAGCACTG_004,89
TGGAGGCCAGTTCAGCACTG_005,56
TGGAGGCCAGTTCAGCACTG_006,65
TGGAGGCCAGTTCAGCACTG_007,98
TGGAGGCCAGTTCAGCACTG_008,6
TGGAGGCCAGTTCAGCACTG_009,178
AGGAGGAGGATGCACCATCG_001,198
AGGAGGAGGATGCACCATCG_002,17
AGGAGGAGGATGCACCATCG_003,77
AGGAGGAGGATGCACCATCG_004,147
AGGAGGAGGATGCACCATCG_005,84
AGGAGGAGGATGCACCATCG_006,7
AGGAGGAGGATGCACCATCG_007,97
AGGAGGAGGATGCACCATCG_008,191
AGGAGGAGGATGCACCATCG_009,77
AGGAGGAGGATGCACCATCG_010,158
AGGAGGAGGATGCACCATCG_011,15
AGGAGGAGGATGCACCATCG_012,42
AGGAGGAGGATGCACCATCG_013,42
AGGAGGAGGATGCACCATCG_014,177
AGGAGGAGGATGCACCATCG_015,104
AGGAGGAGGATGCACCATCG_016,52
AGGAGGAGGATGCACCATCG_017,162
AGGAGGAGGATGCACCATCG_018,68
AGGAGGAGGATGCACCATCG_019,84
AGGAGGAGGATGCACCATCG_020,38
AGGAGGAGGATGCACCATCG_021,1
AGGAGGAGGATGCACCATCG_022,121
AGGAGGAGGATGCACCATCG_023,84
AGGAGGAGGATGCACCATCG_024,98
GGTACATACGAGTGTCCTGT_001,59
GGTACATACGAGTGTCCTGT_002,168
GGTACATACGAGTGTCCTGT_003,100
GGTACATACGAGTGTCCTGT_004,72
GGTACATACGAGTGTCCTGT_005,42
TGTTCCCACAAAGGCACCAG_001,109
TGTTCCCACAAAGGCACCAG_002,157
TGTTCCCACAAAGGCACCAG_003,65
TGTTCCCACAAAGGCACCAG_004,172
TGTTCCCACAAAGGCACCAG_005,51
TGTTCCCACAAAGGCACCAG_006,12
TGTTCCCACAAAGGCACCAG_007,198
TGTTCCCACAAAGGCACCAG_008,147
TGTTCCCACAAAGGCACCAG_009,160
TGTTCCCACAAAGGCACCAG_010,15
TGTTCCCACAAAGGCACCAG_011,79
TGTTCCCACAAAGGCACCAG_012,5
TGTTCCCACAAAGGCACCAG_013,10
TGTTCCCACAAAGGCACCAG_014,165
AGGTCTCCCTTATCGACCTG_001,43
AGGTCTCCCTTATCGACCTG_002,12
AGGTCTCCCTTATCGACCTG_003,38
AGGTCTCCCTTATCGACCTG_004,77
AGGTCTCCCTTATCGACCTG_005,180
AGGTCTCCCTTATCGACCTG_006,137
AGGTCTCCCTTATCGACCTG_007,157
AGGTCTCCCTTATCGACCTG_008,123
AGGTCTCCCTTATCGACCTG_009,141
AGGTCTCCCTTATCGACCTG_010,52
AGGTCTCCCTTATCGACCTG_011,113
AGGTCTCCCTTATCGACCTG_012,116
AGGTCTCCCTTATCGACCTG_013,18
AGGTCTCCCTTATCGACCTG_014,3
AGGTCTCCCTTATCGACCTG_015,6
AGGTCTCCCTTATCGACCTG_016,6
AGGTCTCCCTTATCGACCTG_017,156
AGGTCTCCCTTATCGACCTG_018,81
AGGTCTCCCTTATCGACCTG_019,82
GGAAATGCCCCAATTTCCGG_001,188
GGAAATGCCCCAATTTCCGG_002,127
GGAAATGCCCCAATTTCCGG_003,53
GGAAATGCCCCAATTTCCGG_004,34
GGAAATGCCCCAATTTCCGG_005,198
GGAAATGCCCCAATTTCCGG_006,11
GGAAATGCCCCAATTTCCGG_007,81
GGAAATGCCCCAATTTCCGG_008,199
ACCCACAGGCGGACCTACGT_001,1
ACCCACAGGCGGACCTACGT_002,157
ACCCACAGGCGGACCTACGT_003,37
ACCCACAGGCGGACCTACGT_004,165
ACCCACAGGCGGACCTACGT_005,76
ACCCACAGGCGGACCTACGT_006,159
ACCCACAGGCGGACCTACGT_007,184
ACCCACAGGCGGACCTACGT_008,107
ACCCACAGGCGGACCTACGT_009,2
ACCCACAGGCGGACCTACGT_010,15
ACCCACAGGCGGACCTACGT_011,112
ACCCACAGGCGGACCTACGT_012,94
ACCCACAGGCGGACCTACGT_013,155
ACCCACAGGCGGACCTACGT_014,78
ACCCACAGGCGGACCTACGT_015,149
ACCCACAGGCGGACCTACGT_016,121
ACCCACAGGCGGACCTACGT_017,160
ACCCACAGGCGGACCTACGT_018,93
ACCCACAGGCGGACCTACGT_019,13
ACCCACAGGCGGACCTACGT_020,141
ACCCACAGGCGGACCTACGT_021,149
ACCCACAGGCGGACCTACGT_022,41
ACCCACAGGCGGACCTACGT_023,150
ACCCACAGGCGGACCTACGT_024,60
ACCCACAGGCGGACCTACGT_025,199
ACCCACAGGCGGACCTACGT_026,68
ACCCACAGGCGGACCTACGT_027,152
ACCCACAGGCGGACCTACGT_028,19
ACCCACAGGCGGACCTACGT_029,33
ACCCACAGGCGGACCTACGT_030,72
ACCCACAGGCGGACCTACGT_031,45
ACCCACAGGCGGACCTACGT_032,158
ACCCACAGGCGGACCTACGT_033,2
ACCCACAGGCGGACCTACGT_034,199
ACCCACAGGCGGACCTACGT_035,126
ACCCACAGGCGGACCTACGT_036,88
ACCCACAGGCGGACCTACGT_037,140
ACCCACAGGCGGACCTACGT_038,113
ACCCACAGGCGGACCTACGT_039,128
ACCCACAGGCGGACCTACGT_040,39
ACCCACAGGCGGACCTACGT_041,39
ACCCACAGGCGGACCTACGT_042,48
ACCCACAGGCGGACCTACGT_043,160
TGAGCATGCCTCCAGAACCA_001,152
TGAGCATGCCTCCAGAACCA_002,94
TGAGCATGCCTCCAGAACCA_003,76
TGAGCATGCCTCCAGAACCA_004,161
TGAGCATGCCTCCAGAACCA_005,134
TGAGCATGCCTCCAGAACCA_006,191
TGAGCATGCCTCCAGAACCA_007,36
TGAGCATGCCTCCAGAACCA_008,192
TGAGCATGCCTCCAGAACCA_009,15
TGAGCATGCCTCCAGAACCA_010,114
TGAGCATGCCTCCAGAACCA_011,36
TGAGCATGCCTCCAGAACCA_012,96
TGAGCATGCCTCCAGAACCA_013,52
TGAGCATGCCTCCAGAACCA_014,67
CCTAGTCCGAGGTGCCACCG_001,24
CCTAGTCCGAGGTGCCACCG_002,54
CCTAGTCCGAGGTGCCACCG_003,162
CCTAGTCCGAGGTGCCACCG_004,121
CCTAGTCCGAGGTGCCACCG_005,131
CCTAGTCCGAGGTGCCACCG_006,162
CCTAGTCCGAGGTGCCACCG_007,129
CCTAGTCCGAGGTGCCACCG_008,81
CCTAGTCCGAGGTGCCACCG_009,125
CCTAGTCCGAGGTGCCACCG_010,33
CCTAGTCCGAGGTGCCACCG_011,69
CCTAGTCCGAGGTGCCACCG_012,160
CCTAGTCCGAGGTGCCACCG_013,157
CCTAGTCCGAGGTGCCACCG_014,88
CCTAGTCCGAGGTGCCACCG_015,141
CCTAGTCCGAGGTGCCACCG_016,159
CCTAGTCCGAGGTGCCACCG_017,33
CCTAGTCCGAGGTGCCACCG_018,153
CCTAGTCCGAGGTGCCACCG_019,24
CCTAGTCCGAGGTGCCACCG_020,155
CCTAGTCCGAGGTGCCACCG_021,165
CCTAGTCCGAGGTGCCACCG_022,13
CCTAGTCCGAGGTGCCACCG_023,88
CCTAGTCCGAGGTGCCACCG_024,54
CCTAGTCCGAGGTGCCACCG_025,83
CCTAGTCCGAGGTGCCACCG_026,169
CCTAGTCCGAGGTGCCACCG_027,2
CCTAGTCCGAGGTGCCACCG_028,179
CCTAGTCCGAGGTGCCACCG_029,188
CCTAGTCCGAGGTGCCACCG_030,188
CCTAGTCCGAGGTGCCACCG_031,116
CCTAGTCCGAGGTGCCACCG_032,27
CCTAGTCCGAGGTGCCACCG_033,43
CCTAGTCCGAGGTGCCACCG_034,1
CCTAGTCCGAGGTGCCACCG_035,38
CCTAGTCCGAGGTGCCACCG_036,9
AGATTCGGACCATCCCAGCT_001,9
AGATTCGGACCATCCCAGCT_002,147
AGATTCGGACCATCCCAGCT_003,170
AGATTCGGACCATCCCAGCT_004,50
AGATTCGGACCATCCCAGCT_005,115
AGATTCGGACCATCCCAGCT_006,122
AGATTCGGACCATCCCAGCT_007,171
AGATTCGGACCATCCCAGCT_008,32
AGATTCGGACCATCCCAGCT_009,30
AGATTCGGACCATCCCAGCT_010,172
AGATTCGGACCATCCCAGCT_011,38
AGATTCGGACCATCCCAGCT_012,5
AGATTCGGACCATCCCAGCT_013,169
AGATTCGGACCATCCCAGCT_014,49
AGATTCGGACCATCCCAGCT_015,88
AGATTCGGACCATCCCAGCT_016,169
AGATTCGGACCATCCCAGCT_017,147
AGATTCGGACCATCCCAGCT_018,198
AGATTCGGACCATCCCAGCT_019,161
AGATTCGGACCATCCCAGCT_020,34
AGATTCGGACCATCCCAGCT_021,162
AGATTCGGACCATCCCAGCT_022,1
CGTTCACCCATTTACCTCTG_001,169
CGTTCACCCATTTACCTCTG_002,167
CGTTCACCCATTTACCTCTG_003,29
CGTTCACCCATTTACCTCTG_004,50
CGTTCACCCATTTACCTCTG_005,18
CGTTCACCCATTTACCTCTG_006,195
CGTTCACCCATTTACCTCTG_007,40
CGTTCACCCATTTACCTCTG_008,108
CGTTCACCCATTTACCTCTG_009,9
CGTTCACCCATTTACCTCTG_010,188
CGTTCACCCATTTACCTCTG_011,170
AGGTCGATGACAGCATTCAG_001,171
AGGTCGATGACAGCATTCAG_002,147
AGGTCGATGACAGCATTCAG_003,111
AGGTCGATGACAGCATTCAG_004,112
AGGTCGATGACAGCATTCAG_005,8
AGGTCGATGACAGCATTCAG_006,70
AGGTCGATGACAGCATTCAG_007,26
AGGTCGATGACAGCATTCAG_008,191
AGGTCGATGACAGCATTCAG_009,8
AGGTCGATGACAGCATTCAG_010,66
AGGTCGATGACAGCATTCAG_011,63
GAGCGTGGCGAGGAAATACA_001,166
GAGCGTGGCGAGGAAATACA_002,64
GAGCGTGGCGAGGAAATACA_003,152
GAGCGTGGCGAGGAAATACA_004,68
GAGCGTGGCGAGGAAATACA_005,49
GAGCGTGGCGAGGAAATACA_006,57
GAGCGTGGCGAGGAAATACA_007,58
GAGCGTGGCGAGGAAATACA_008,185
GAGCGTGGCGAGGAAATACA_009,180
GAGCGTGGCGAGGAAATACA_010,4
GAGCGTGGCGAGGAAATACA_011,66
AGTTTGTCTAGAGACCTGGC_001,54
AGTTTGTCTAGAGACCTGGC_002,9
AGTTTGTCTAGAGACCTGGC_003,115
AGTTTGTCTAGAGACCTGGC_004,150
AGTTTGTCTAGAGACCTGGC_005,144
AGTTTGTCTAGAGACCTGGC_006,76
AGTTTGTCTAGAGACCTGGC_007,127
AGTTTGTCTAGAGACCTGGC_008,62
AGTTTGTCTAGAGACCTGGC_009,162
AGTTTGTCTAGAGACCTGGC_010,61
AGTTTGTCTAGAGACCTGGC_011,136
AGTTTGTCTAGAGACCTGGC_012,115
AGTTTGTCTAGAGACCTGGC_013,19
AGTTTGTCTAGAGACCTGGC_014,81
AGAGGAAATCTCTGTATGAG_001,23
AGAGGAAATCTCTGTATGAG_002,118
AGAGGAAATCTCTGTATGAG_003,28
GCTTCCCGATGATGACGTTG_001,9
GCTTCCCGATGATGACGTTG_002,84
AATGGTGAGACTCATCAGAC_001,144
AATGGTGAGACTCATCAGAC_002,172
AATGGTGAGACTCATCAGAC_003,146
AATGGTGAGACTCATCAGAC_004,140
AATGGTGAGACTCATCAGAC_005,96
AATGGTGAGACTCATCAGAC_006,33
AATGGTGAGACTCATCAGAC_007,102
AATGGTGAGACTCATCAGAC_008,81
AATGGTGAGACTCATCAGAC_009,44
AATGGTGAGACTCATCAGAC_010,192
AATGGTGAGACTCATCAGAC_011,96
AATGGTGAGACTCATCAGAC_012,15
AATGGTGAGACTCATCAGAC_013,52
AATGGTGAGACTCATCAGAC_014,38
AATGGTGAGACTCATCAGAC_015,42
AATGGTGAGACTCATCAGAC_016,170
AATGGTGAGACTCATCAGAC_017,176
AATGGTGAGACTCATCAGAC_018,187
AATGGTGAGACTCATCAGAC_019,81
AATGGTGAGACTCATCAGAC_020,63
AATGGTGAGACTCATCAGAC_021,108
AATGGTGAGACTCATCAGAC_022,121
CAGTACTAGGATGAGCACCT_001,14
CAGTACTAGGATGAGCACCT_002,40
CAGTACTAGGATGAGCACCT_003,94
CAGTACTAGGATGAGCACCT_004,92
CAGTACTAGGATGAGCACCT_005,76
CAGTACTAGGATGAGCACCT_006,84
CAGTACTAGGATGAGCACCT_007,140
CAGTACTAGGATGAGCACCT_008,82
CAGTACTAGGATGAGCACCT_009,82
CAGTACTAGGATGAGCACCT_010,73
CAGTACTAGGATGAGCACCT_011,148
CAGTACTAGGATGAGCACCT_012,178
CTGCCAATGACAAAGAACCA_001,169
CTGCCAATGACAAAGAACCA_002,48
CTGCCAATGACAAAGAACCA_003,132
CTGCCAATGACAAAGAACCA_004,32
CTGCCAATGACAAAGAACCA_005,187
CTGCCAATGACAAAGAACCA_006,134
CTGCCAATGACAAAGAACCA_007,49
CTGCCAATGACAAAGAACCA_008,158
CTGCCAATGACAAAGAACCA_009,29
CTGCCAATGACAAAGAACCA_010,50
GACGGGCCGAGTCATGCTCG_001,7
GACGGGCCGAGTCATGCTCG_002,68
GACGGGCCGAGTCATGCTCG_003,130
GACGGGCCGAGTCATGCTCG_004,7
GACGGGCCGAGTCATGCTCG_005,2
GACGGGCCGAGTCATGCTCG_006,103
GACGGGCCGAGTCATGCTCG_007,124
GACGGGCCGAGTCATGCTCG_008,147
GACGGGCCGAGTCATGCTCG_009,28
GACGGGCCGAGTCATGCTCG_010,40
GGATACAACTTTCCCCCACA_001,8
GGATACAACTTTCCCCCACA_002,111
GGATACAACTTTCCCCCACA_003,1
ACTCACTATCCGAGGGTCGA_001,150
ACTCACTATCCGAGGGTCGA_002,105
ACTCACTATCCGAGGGTCGA_003,98
ACTCACTATCCGAGGGTCGA_004,199
ACTCACTATCCGAGGGTCGA_005,63
ACTCACTATCCGAGGGTCGA_006,28
ACTCACTATCCGAGGGTCGA_007,15
ACTCACTATCCGAGGGTCGA_008,42
ACTCACTATCCGAGGGTCGA_009,108
ACTCACTATCCGAGGGTCGA_010,167
CGCCTGCACCAAAGACTGGG_001,160
CGCCTGCACCAAAGACTGGG_002,53
CGCCTGCACCAAAGACTGGG_003,174
CGCCTGCACCAAAGACTGGG_004,86
CGCCTGCACCAAAGACTGGG_005,85
CGCCTGCACCAAAGACTGGG_006,68
CGCCTGCACCAAAGACTGGG_007,77
TCTGTGCTGAAATGAAATCG_001,30
TCTGTGCTGAAATGAAATCG_002,172
GGTCCTAAGCTTAATATCGA_001,166
GGTCCTAAGCTTAATATCGA_002,171
GGTCCTAAGCTTAATATCGA_003,8
GGTCCTAAGCTTAATATCGA_004,152
GAAGTGCATCTTCCCCGCAA_001,149
GAAGTGCATCTTCCCCGCAA_002,13
GAAGTGCATCTTCCCCGCAA_003,160
GAAGTGCATCTTCCCCGCAA_004,122
GAAGTGCATCTTCCCCGCAA_005,70
GAAGTGCATCTTCCCCGCAA_006,13
GAAGTGCATCTTCCCCGCAA_007,174
GAAGTGCATCTTCCCCGCAA_008,87
GGCATTATGGCTGTCACATG_001,181
GGCATTATGGCTGTCACATG_002,180
GGCATTATGGCTGTCACATG_003,171
GGCATTATGGCTGTCACATG_004,40
GGCATTATGGCTGTCACATG_005,16
GGCATTATGGCTGTCACATG_006,170
GGCATTATGGCTGTCACATG_007,199
GTAACAATGTCTGAACTCAG_001,160
GTAACAATGTCTGAACTCAG_002,184
GTAACAATGTCTGAACTCAG_003,57
GTAACAATGTCTGAACTCAG_004,43
GTAACAATGTCTGAACTCAG_005,106
GTAACAATGTCTGAACTCAG_006,58
GTAACAATGTCTGAACTCAG_007,76
GTAACAATGTCTGAACTCAG_008,48
GTAACAATGTCTGAACTCAG_009,121
TGGATGGTGACAATCTTGAG_001,158
TGGATGGTGACAATCTTGAG_002,16
TGGATGGTGACAATCTTGAG_003,16
GGTGACATGCTTCTACGGCG_001,149
GGTGACATGCTTCTACGGCG_002,86
GTCCTTGTAGGATAGCAATG_001,84
GTCCTTGTAGGATAGCAATG_002,48
GTCCTTGTAGGATAGCAATG_003,168
GTCCTTGTAGGATAGCAATG_004,92
GTCCTTGTAGGATAGCAATG_005,2
GTCCTTGTAGGATAGCAATG_006,3
GTCCTTGTAGGATAGCAATG_007,60
GTCCTTGTAGGATAGCAATG_008,60
GTCCTTGTAGGATAGCAATG_009,58
GTCCTTGTAGGATAGCAATG_010,107
GTCCTTGTAGGATAGCAATG_011,189
GTCCTTGTAGGATAGCAATG_012,147
GTCCTTGTAGGATAGCAATG_013,107
GTCCTTGTAGGATAGCAATG_014,130
GTCCTTGTAGGATAGCAATG_015,2
GTCCTTGTAGGATAGCAATG_016,157
GTCCTTGTAGGATAGCAATG_017,2
GTCCTTGTAGGATAGCAATG_018,65
GTCCTTGTAGGATAGCAATG_019,175
TGCAGAGGATCACATCCGTG_001,18
TGCAGAGGATCACATCCGTG_002,199
TGCAGAGGATCACATCCGTG_003,193
TGCAGAGGATCACATCCGTG_004,6
TGCAGAGGATCACATCCGTG_005,58
TGCAGAGGATCACATCCGTG_006,159
TGCAGAGGATCACATCCGTG_007,92
TGCAGAGGATCACATCCGTG_008,6
TGCAGAGGATCACATCCGTG_009,150
TCTCTATGAACATGTGACGG_001,113
GTAACGGGGAGCATCCATTG_001,106
GTAACGGGGAGCATCCATTG_002,129
GTAACGGGGAGCATCCATTG_003,158
GTAACGGGGAGCATCCATTG_004,169
CCAGAGTCCCACATTCCCTG_001,75
CCAGAGTCCCACATTCCCTG_002,161
CCAGAGTCCCACATTCCCTG_003,47
CCAGAGTCCCACATTCCCTG_004,144
CCAGAGTCCCACATTCCCTG_005,157
CCAGAGTCCCACATTCCCTG_006,146
CCAGAGTCCCACATTCCCTG_007,19
CCAGAGTCCCACATTCCCTG_008,148
ATGATTAATTGCCTTGACTG_001,23
ATGATTAATTGCCTTGACTG_002,146
ATGATTAATTGCCTTGACTG_003,198
ATGATTAATTGCCTTGACTG_004,127
ATGATTAATTGCCTTGACTG_005,166
ATGATTAATTGCCTTGACTG_006,52
ATGATTAATTGCCTTGACTG_007,87
ATGATTAATTGCCTTGACTG_008,150
ATGATTAATTGCCTTGACTG_009,182
ATGATTAATTGCCTTGACTG_010,140
ATGATTAATTGCCTTGACTG_011,84
ATGATTAATTGCCTTGACTG_012,17
ATGATTAATTGCCTTGACTG_013,48
CAGGGCCTCATAGAAAGCTC_001,51
CAGGGCCTCATAGAAAGCTC_002,150
CAGGGCCTCATAGAAAGCTC_003,114
CAGGGCCTCATAGAAAGCTC_004,106
CAGGGCCTCATAGAAAGCTC_005,169
CAGGGCCTCATAGAAAGCTC_006,1
CAGGGCCTCATAGAAAGCTC_007,150
TAGATTACATGACTTCATCA_001,24
TAGATTACATGACTTCATCA_002,68
TAGATTACATGACTTCATCA_003,158
CCAAGGTAAGCCAATACGGG_001,29
CCAAGGTAAGCCAATACGGG_002,197
CCAAGGTAAGCCAATACGGG_003,170
CCAAGGTAAGCCAATACGGG_004,169
CCAAGGTAAGCCAATACGGG_005,77
CCAAGGTAAGCCAATACGGG_006,75
CCAAGGTAAGCCAATACGGG_007,82
CCAAGGTAAGCCAATACGGG_008,18
CCAAGGTAAGCCAATACGGG_009,195
CCAAGGTAAGCCAATACGGG_010,4
CGGCAGCATGCTACCAACGT_001,171
CGGCAGCATGCTACCAACGT_002,134
CGGCAGCATGCTACCAACGT_003,8
CGGCAGCATGCTACCAACGT_004,6
CGGCAGCATGCTACCAACGT_005,63
CGGCAGCATGCTACCAACGT_006,52
TGTGTTTAACCAGAGATCCG_001,103
TGTGTTTAACCAGAGATCCG_002,147
TGTGTTTAACCAGAGATCCG_003,70
TGTGTTTAACCAGAGATCCG_004,94
TGTGTTTAACCAGAGATCCG_005,158
TGTGTTTAACCAGAGATCCG_006,107
TGTGTTTAACCAGAGATCCG_007,191
TGTGTTTAACCAGAGATCCG_008,17
GGCCCTGGACGCGAGCCTAG_001,24
GGCCCTGGACGCGAGCCTAG_002,44
GGCCCTGGACGCGAGCCTAG_003,105
GGCCCTGGACGCGAGCCTAG_004,182
GGCCCTGGACGCGAGCCTAG_005,8
GGCCCTGGACGCGAGCCTAG_006,113
GGCCCTGGACGCGAGCCTAG_007,80
GGCCCTGGACGCGAGCCTAG_008,6
GGCCCTGGACGCGAGCCTAG_009,138
GGCCCTGGACGCGAGCCTAG_010,168
GGCCCTGGACGCGAGCCTAG_011,64
GGCCCTGGACGCGAGCCTAG_012,135
GGCCCTGGACGCGAGCCTAG_013,94
GGCCCTGGACGCGAGCCTAG_014,93
GGCCCTGGACGCGAGCCTAG_015,27
GGCCCTGGACGCGAGCCTAG_016,81
GGCCCTGGACGCGAGCCTAG_017,162
GGCCCTGGACGCGAGCCTAG_018,13
GGCCCTGGACGCGAGCCTAG_019,115
GGCCCTGGACGCGAGCCTAG_020,168
GGCCCTGGACGCGAGCCTAG_021,198
GGCCCTGGACGCGAGCCTAG_022,94
GGCCCTGGACGCGAGCCTAG_023,9
GGCCCTGGACGCGAGCCTAG_024,124
GGCCCTGGACGCGAGCCTAG_025,168
GGCCCTGGACGCGAGCCTAG_026,113
ATAGGCGGTCACCCAAACGA_001,30
ATAGGCGGTCACCCAAACGA_002,162
ATAGGCGGTCACCCAAACGA_003,192
ATAGGCGGTCACCCAAACGA_004,185
ATAGGCGGTCACCCAAACGA_005,12
ATAGGCGGTCACCCAAACGA_006,28
ATAGGCGGTCACCCAAACGA_007,104
ATAGGCGGTCACCCAAACGA_008,140
ATAGGCGGTCACCCAAACGA_009,2
ATAGGCGGTCACCCAAACGA_010,14
ATAGGCGGTCACCCAAACGA_011,148
ATAGGCGGTCACCCAAACGA_012,48
CACAAGCAAGCCAGAAAAGT_001,22
TGTGCTTGTGAATGGGACGA_001,93
TGTGCTTGTGAATGGGACGA_002,142
TGTGCTTGTGAATGGGACGA_003,65
TGTGCTTGTGAATGGGACGA_004,114
TGTGCTTGTGAATGGGACGA_005,114
TGTGCTTGTGAATGGGACGA_006,40
TGTGCTTGTGAATGGGACGA_007,172
TGTGCTTGTGAATGGGACGA_008,62
TGTGCTTGTGAATGGGACGA_009,11
TGTGCTTGTGAATGGGACGA_010,23
TGTGCTTGTGAATGGGACGA_011,146
TGTGCTTGTGAATGGGACGA_012,165
TGTGCTTGTGAATGGGACGA_013,185
TGTGCTTGTGAATGGGACGA_014,91
TGTGCTTGTGAATGGGACGA_015,117
TGTGCTTGTGAATGGGACGA_016,166
TGTGCTTGTGAATGGGACGA_017,46
AGGTGGTGACGGTCACAATG_001,197
AGGTGGTGACGGTCACAATG_002,152
AGGTGGTGACGGTCACAATG_003,118
AGGTGGTGACGGTCACAATG_004,80
AGGTGGTGACGGTCACAATG_005,1
AGGTGGTGACGGTCACAATG_006,40
AGGTGGTGACGGTCACAATG_007,58
AGGTGGTGACGGTCACAATG_008,150
AGGTGGTGACGGTCACAATG_009,169
AGGTGGTGACGGTCACAATG_010,1
AGGTGGTGACGGTCACAATG_011,83
AGGTGGTGACGGTCACAATG_012,123
AGGTGGTGACGGTCACAATG_013,2
AGGTGGTGACGGTCACAATG_014,38
AGGTGGTGACGGTCACAATG_015,118
AGGTGGTGACGGTCACAATG_016,134
AGGTGGTGACGGTCACAATG_017,56
AGGTGGTGACGGTCACAATG_018,56
GGCCGACTGATCCAGAACTT_001,77
GGCCGACTGATCCAGAACTT_002,197
GGCCGACTGATCCAGAACTT_003,68
GGCCGACTGATCCAGAACTT_004,170
GGCCGACTGATCCAGAACTT_005,197
GGCCGACTGATCCAGAACTT_006,107
GGCCGACTGATCCAGAACTT_007,91
GGCCGACTGATCCAGAACTT_008,35
GGCCGACTGATCCAGAACTT_009,1
GGCCGACTGATCCAGAACTT_010,23
TGAAACCTACCATAAGCCCG_001,137
TGAAACCTACCATAAGCCCG_002,113
TGAAACCTACCATAAGCCCG_003,185
TGAAACCTACCATAAGCCCG_004,184
TGAAACCTACCATAAGCCCG_005,19
TGAAACCTACCATAAGCCCG_006,131
TGAAACCTACCATAAGCCCG_007,180
TGAAACCTACCATAAGCCCG_008,185
TGAAACCTACCATAAGCCCG_009,71
TGAAACCTACCATAAGCCCG_010,28
TGAAACCTACCATAAGCCCG_011,129
TGAAACCTACCATAAGCCCG_012,188
TGAAACCTACCATAAGCCCG_013,19
TGAAACCTACCATAAGCCCG_014,58
TGAAACCTACCATAAGCCCG_015,60
TGAAACCTACCATAAGCCCG_016,154
ATATAGATGAGTAACGAAAG_001,122
CGGCACTGCAACATCCATGC_001,44
CGGCACTGCAACATCCATGC_002,122
CGGCACTGCAACATCCATGC_003,2
CGGCACTGCAACATCCATGC_004,17
CGGCACTGCAACATCCATGC_005,80
CGGCACTGCAACATCCATGC_006,6
CGGCACTGCAACATCCATGC_007,6
TCGGCGCTGGAGTCGTACAG_001,169
TCGGCGCTGGAGTCGTACAG_002,73
TCGGCGCTGGAGTCGTACAG_003,81
TCGGCGCTGGAGTCGTACAG_004,78
TCGGCGCTGGAGTCGTACAG_005,17
TCGGCGCTGGAGTCGTACAG_006,147
TCGGCGCTGGAGTCGTACAG_007,184
TCGGCGCTGGAGTCGTACAG_008,133
TCGGCGCTGGAGTCGTACAG_009,170
TCGGCGCTGGAGTCGTACAG_010,104
TCGGCGCTGGAGTCGTACAG_011,46
TCGGCGCTGGAGTCGTACAG_012,33
AGAGATTATTGCCTTCCACG_001,147
AGAGATTATTGCCTTCCACG_002,28
AGAGATTATTGCCTTCCACG_003,132
AGAGATTATTGCCTTCCACG_004,88
AGAGATTATTGCCTTCCACG_005,77
AGAGATTATTGCCTTCCACG_006,53
CAGCACCAATGGCTCGGACA_001,134
CAGCACCAATGGCTCGGACA_002,154
CAGCACCAATGGCTCGGACA_003,113
CAGCACCAATGGCTCGGACA_004,48
CAGCACCAATGGCTCGGACA_005,157
CAGCACCAATGGCTCGGACA_006,38
CAGCACCAATGGCTCGGACA_007,50
CAGCACCAATGGCTCGGACA_008,62
CAGGGTGGTGTAGTAGTGAG_001,148
CAGGGTGGTGTAGTAGTGAG_002,139
CAGGGTGGTGTAGTAGTGAG_003,81
CAGGGTGGTGTAGTAGTGAG_004,9
CAGGGTGGTGTAGTAGTGAG_005,155
CAGGGTGGTGTAGTAGTGAG_006,69
CAGGGTGGTGTAGTAGTGAG_007,168
CAGGGTGGTGTAGTAGTGAG_008,144
CAGGGTGGTGTAGTAGTGAG_009,198
CAGGGTGGTGTAGTAGTGAG_010,136
CAGGGTGGTGTAGTAGTGAG_011,180
CAGGGTGGTGTAGTAGTGAG_012,79
CAGGGTGGTGTAGTAGTGAG_013,63
CTCTACGTCAATACGCGTGG_001,15
CTCTACGTCAATACGCGTGG_002,49
CTCTACGTCAATACGCGTGG_003,113
CTCTACGTCAATACGCGTGG_004,126
CTCTACGTCAATACGCGTGG_005,144
CTCTACGTCAATACGCGTGG_006,127
CTGGCGGTCAGACTGGACCA_001,150
CTGGCGGTCAGACTGGACCA_002,150
CTGGCGGTCAGACTGGACCA_003,198
CTGGCGGTCAGACTGGACCA_004,50
CTGGCGGTCAGACTGGACCA_005,133
CTGGCGGTCAGACTGGACCA_006,186
CTGGCGGTCAGACTGGACCA_007,169
CTGGCGGTCAGACTGGACCA_008,2
CTGGCGGTCAGACTGGACCA_009,105
CTGGCGGTCAGACTGGACCA_010,166
CTGGCGGTCAGACTGGACCA_011,198
CTGGCGGTCAGACTGGACCA_012,56
CTGGCGGTCAGACTGGACCA_013,148
CTGGCGGTCAGACTGGACCA_014,95
CTGGCGGTCAGACTGGACCA_015,64
CTGGCGGTCAGACTGGACCA_016,92
CTGGCGGTCAGACTGGACCA_017,114
CTGGCGGTCAGACTGGACCA_018,108
CTGGCGGTCAGACTGGACCA_019,153
CTGGCGGTCAGACTGGACCA_020,106
CTGGCGGTCAGACTGGACCA_021,99
CTGGCGGTCAGACTGGACCA_022,144
CTGGCGGTCAGACTGGACCA_023,192
CTGGCGGTCAGACTGGACCA_024,102
TCTTGCGGATGGCGTCAACG_001,189
TCTTGCGGATGGCGTCAACG_002,141
TCTTGCGGATGGCGTCAACG_003,114
TCTTGCGGATGGCGTCAACG_004,26
TTCATGCCCGTATATTTCTG_001,140
CATGATAGAAGAGTAATGCA_001,152
CATGATAGAAGAGTAATGCA_002,175
CATGATAGAAGAGTAATGCA_003,54
CATGATAGAAGAGTAATGCA_004,182
CATGATAGAAGAGTAATGCA_005,12
CATGATAGAAGAGTAATGCA_006,199
CTTATGTCTAGTAAGAGTTG_001,166
CTTATGTCTAGTAAGAGTTG_002,174
CTTATGTCTAGTAAGAGTTG_003,56
GTCACCCCGTAGGAGTGCGC_001,48
GTCACCCCGTAGGAGTGCGC_002,91
ACAGAAAAGATTGAGCTCAG_001,30
GTGGCAAGACGCTTGTAACT_001,171
GTGGCAAGACGCTTGTAACT_002,20
GTGGCAAGACGCTTGTAACT_003,48
GTGGCAAGACGCTTGTAACT_004,115
GTGGCAAGACGCTTGTAACT_005,24
AAGGGCGTGCCCTGCGTTGT_001,142
AAGGGCGTGCCCTGCGTTGT_002,176
AAGGGCGTGCCCTGCGTTGT_003,121
AAGGGCGTGCCCTGCGTTGT_004,107
AAGGGCGTGCCCTGCGTTGT_005,173
AAGGGCGTGCCCTGCGTTGT_006,66
AAGGGCGTGCCCTGCGTTGT_007,15
AAGGGCGTGCCCTGCGTTGT_008,145
AAGGGCGTGCCCTGCGTTGT_009,81
AAGGGCGTGCCCTGCGTTGT_010,140
AAGGGCGTGCCCTGCGTTGT_011,146
AAGGGCGTGCCCTGCGTTGT_012,184
AAGGGCGTGCCCTGCGTTGT_013,115
AAGGGCGTGCCCTGCGTTGT_014,61
AAGGGCGTGCCCTGCGTTGT_015,142
AAGGGCGTGCCCTGCGTTGT_016,170
AAGGGCGTGCCCTGCGTTGT_017,174
AAGGGCGTGCCCTGCGTTGT_018,199
AAGGGCGTGCCCTGCGTTGT_019,40
AAGGGCGTGCCCTGCGTTGT_020,61
AAGGGCGTGCCCTGCGTTGT_021,63
AAGGGCGTGCCCTGCGTTGT_022,84
AAGGGCGTGCCCTGCGTTGT_023,178
AAGGGCGTGCCCTGCGTTGT_024,145
AAGGGCGTGCCCTGCGTTGT_025,28
AAGGGCGTGCCCTGCGTTGT_026,170
ATGGGCCCATTCATCTCACA_001,149
ATGGGCCCATTCATCTCACA_002,165
ATGGGCCCATTCATCTCACA_003,40
AGGCTGGTGCACTATCTGAA_001,53
AGGCTGGTGCACTATCTGAA_002,170
AGGCTGGTGCACTATCTGAA_003,185
AGGCTGGTGCACTATCTGAA_004,19
AGGCTGGTGCACTATCTGAA_005,123
AGGCTGGTGCACTATCTGAA_006,65
AGGCTGGTGCACTATCTGAA_007,77
AGGCTGGTGCACTATCTGAA_008,122
AGGCTGGTGCACTATCTGAA_009,160
AGGCTGGTGCACTATCTGAA_010,15
AGGCTGGTGCACTATCTGAA_011,94
GCTGCCATATAAAGAATGCA_001,172
GCTGCCATATAAAGAATGCA_002,45
GCTGCCATATAAAGAATGCA_003,0
GCTGCCATATAAAGAATGCA_004,104
GCTGCCATATAAAGAATGCA_005,35
GCTGCCATATAAAGAATGCA_006,89
GCTGCCATATAAAGAATGCA_007,97
CAGCAGCACCAGGACGGGGT_001,181
CAGCAGCACCAGGACGGGGT_002,9
CAGCAGCACCAGGACGGGGT_003,178
CAGCAGCACCAGGACGGGGT_004,43
CAGCAGCACCAGGACGGGGT_005,1
CAGCAGCACCAGGACGGGGT_006,70
CAGCAGCACCAGGACGGGGT_007,170
CAGCAGCACCAGGACGGGGT_008,45
CAGCAGCACCAGGACGGGGT_009,189
CAGCAGCACCAGGACGGGGT_010,147
CAGCAGCACCAGGACGGGGT_011,195
CAGCAGCACCAGGACGGGGT_012,195
CAGCAGCACCAGGACGGGGT_013,136
CAGCAGCACCAGGACGGGGT_014,136
CAGCAGCACCAGGACGGGGT_015,100
CAGCAGCACCAGGACGGGGT_016,177
CAGCAGCACCAGGACGGGGT_017,81
CAGCAGCACCAGGACGGGGT_018,13
TGTAGCTAAGTGAGTATGCC_001,94
TGTAGCTAAGTGAGTATGCC_002,145
TGTAGCTAAGTGAGTATGCC_003,24
TGTAGCTAAGTGAGTATGCC_004,48
TGTAGCTAAGTGAGTATGCC_005,147
TGTAGCTAAGTGAGTATGCC_006,16
TGTAGCTAAGTGAGTATGCC_007,115
TGTAGCTAAGTGAGTATGCC_008,63
TGTAGCTAAGTGAGTATGCC_009,63
TGTAGCTAAGTGAGTATGCC_010,191
TGTAGCTAAGTGAGTATGCC_011,167
TGTAGCTAAGTGAGTATGCC_012,178
GAGATCTCCGACCAGTCTGG_001,64
GAGATCTCCGACCAGTCTGG_002,163
GAGATCTCCGACCAGTCTGG_003,147
GAGATCTCCGACCAGTCTGG_004,95
TTTCTGACAGTAAGGTCCAG_001,58
TTTCTGACAGTAAGGTCCAG_002,63
TTTCTGACAGTAAGGTCCAG_003,81
TTTCTGACAGTAAGGTCCAG_004,58
TTTCTGACAGTAAGGTCCAG_005,28
TTTCTGACAGTAAGGTCCAG_006,38
TTTCTGACAGTAAGGTCCAG_007,91
TTTCTGACAGTAAGGTCCAG_008,158
TTTCTGACAGTAAGGTCCAG_009,174
TTTCTGACAGTAAGGTCCAG_010,75
TTTCTGACAGTAAGGTCCAG_011,44
TTTCTGACAGTAAGGTCCAG_012,127
TTTCTGACAGTAAGGTCCAG_013,140
TTTCTGACAGTAAGGTCCAG_014,41
TTTCTGACAGTAAGGTCCAG_015,119
TTTCTGACAGTAAGGTCCAG_016,26
TTTCTGACAGTAAGGTCCAG_017,56
TTTCTGACAGTAAGGTCCAG_018,129
TTTCTGACAGTAAGGTCCAG_019,155
TTTCTGACAGTAAGGTCCAG_020,1
TTTCTGACAGTAAGGTCCAG_021,1
TTTCTGACAGTAAGGTCCAG_022,111
GGATACAGGGCTCTACACAG_001,81
GGATACAGGGCTCTACACAG_002,144
GGATACAGGGCTCTACACAG_003,104
GGATACAGGGCTCTACACAG_004,63
GGATACAGGGCTCTACACAG_005,58
GGATACAGGGCTCTACACAG_006,88
GGATACAGGGCTCTACACAG_007,36
GGATACAGGGCTCTACACAG_008,1
GGATACAGGGCTCTACACAG_009,52
GGATACAGGGCTCTACACAG_010,185
GGATACAGGGCTCTACACAG_011,58
GGATACAGGGCTCTACACAG_012,48
GGATACAGGGCTCTACACAG_013,81
GGATACAGGGCTCTACACAG_014,57
GGATACAGGGCTCTACACAG_015,62
GGATACAGGGCTCTACACAG_016,150
GGATACAGGGCTCTACACAG_017,64
GGATACAGGGCTCTACACAG_018,178
GGATACAGGGCTCTACACAG_019,0
GGATACAGGGCTCTACACAG_020,17
GGATACAGGGCTCTACACAG_021,35
GGATACAGGGCTCTACACAG_022,124
GGATACAGGGCTCTACACAG_023,91
GGATACAGGGCTCTACACAG_024,150
AGCACACGGGCAAATAGCTG_001,181
AGCACACGGGCAAATAGCTG_002,146
AGCACACGGGCAAATAGCTG_003,116
AGCACACGGGCAAATAGCTG_004,51
AGCACACGGGCAAATAGCTG_005,164
AGCACACGGGCAAATAGCTG_006,164
AGCACACGGGCAAATAGCTG_007,76
AGCACACGGGCAAATAGCTG_008,78
AGCACACGGGCAAATAGCTG_009,47
GCCTGATGCAGTCCCCCACG_001,113
GCCTGATGCAGTCCCCCACG_002,160
GCCTGATGCAGTCCCCCACG_003,170
GCCTGATGCAGTCCCCCACG_004,85
GCCTGATGCAGTCCCCCACG_005,186
GCCTGATGCAGTCCCCCACG_006,52
GCCTGATGCAGTCCCCCACG_007,182
GCCTGATGCAGTCCCCCACG_008,104
GCCTGATGCAGTCCCCCACG_009,157
CAAGTGTCCCAAGTGCAACA_001,137
CAAGTGTCCCAAGTGCAACA_002,94
CAAGTGTCCCAAGTGCAACA_003,149
CAAGTGTCCCAAGTGCAACA_004,184
CAAGTGTCCCAAGTGCAACA_005,12
CAAGTGTCCCAAGTGCAACA_006,78
CAAGTGTCCCAAGTGCAACA_007,52
CAAGTGTCCCAAGTGCAACA_008,8
CAAGTGTCCCAAGTGCAACA_009,53
CAAGTGTCCCAAGTGCAACA_010,14
CAAGTGTCCCAAGTGCAACA_011,153
CAAGTGTCCCAAGTGCAACA_012,136
CAAGTGTCCCAAGTGCAACA_013,105
CAAGTGTCCCAAGTGCAACA_014,116
CAAGTGTCCCAAGTGCAACA_015,152
CAAGTGTCCCAAGTGCAACA_016,56
CAAGTGTCCCAAGTGCAACA_017,65
CAAGTGTCCCAAGTGCAACA_018,52
CAAGTGTCCCAAGTGCAACA_019,52
CAAGTGTCCCAAGTGCAACA_020,42
CAAGTGTCCCAAGTGCAACA_021,168
CAAGTGTCCCAAGTGCAACA_022,174
GGACCGCTACCCAGGCACGT_001,62
CAGGCACGCACAGAATACAG_001,18
CAGGCACGCACAGAATACAG_002,105
CAGGCACGCACAGAATACAG_003,175
CAGGCACGCACAGAATACAG_004,160
CAGGCACGCACAGAATACAG_005,94
CAGGCACGCACAGAATACAG_006,45
AGAGCTCTATGCAATGTCAA_001,70
AGAGCTCTATGCAATGTCAA_002,198
AGAGCTCTATGCAATGTCAA_003,77
AGAGCTCTATGCAATGTCAA_004,40
AGAGCTCTATGCAATGTCAA_005,0
AGAGCTCTATGCAATGTCAA_006,17
AGAGCTCTATGCAATGTCAA_007,191
AGAGCTCTATGCAATGTCAA_008,198
GGAAACCAACTTCTACGACC_001,69
GGAAACCAACTTCTACGACC_002,197
GGTGGAATAAGTGCTAGTAT_001,48
GGTGGAATAAGTGCTAGTAT_002,80
AAGGGGCGATCAACAAACCG_001,29
AAGGGGCGATCAACAAACCG_002,13
AAGGGGCGATCAACAAACCG_003,47
AAGGGGCGATCAACAAACCG_004,64
AAGGGGCGATCAACAAACCG_005,170
AAGGGGCGATCAACAAACCG_006,150
AAGGGGCGATCAACAAACCG_007,192
AAGGGGCGATCAACAAACCG_008,48
AAGGGGCGATCAACAAACCG_009,114
ACCAGGTCTACACATTCGAT_001,183
ACCAGGTCTACACATTCGAT_002,148
ACCAGGTCTACACATTCGAT_003,185
ACCAGGTCTACACATTCGAT_004,198
CAGACTAGTGCTGAGTCTTG_001,60
CAGACTAGTGCTGAGTCTTG_002,8
CAGACTAGTGCTGAGTCTTG_003,82
GATGGTCTCAAAGGAGACCC_001,41
ATCCTTCCCTGAATCATCAA_001,77
ATCCTTCCCTGAATCATCAA_002,24
ATCCTTCCCTGAATCATCAA_003,92
ATCCTTCCCTGAATCATCAA_004,61
ATCCTTCCCTGAATCATCAA_005,174
ATCCTTCCCTGAATCATCAA_006,28
ATCCTTCCCTGAATCATCAA_007,49
ATCCTTCCCTGAATCATCAA_008,1
ATCCTTCCCTGAATCATCAA_009,137
ATCCTTCCCTGAATCATCAA_010,10
ATCCTTCCCTGAATCATCAA_011,66
ATCCTTCCCTGAATCATCAA_012,16
ATCCTTCCCTGAATCATCAA_013,137
ATCCTTCCCTGAATCATCAA_014,6
GTCCGTCCAGTGTATCACAC_001,121
CATCTTGGGAACCATGGCCG_001,169
CATCTTGGGAACCATGGCCG_002,127
CATCTTGGGAACCATGGCCG_003,118
CATCTTGGGAACCATGGCCG_004,142
CATCTTGGGAACCATGGCCG_005,9
CATCTTGGGAACCATGGCCG_006,8
CATCTTGGGAACCATGGCCG_007,172
CATCTTGGGAACCATGGCCG_008,57
CATCTTGGGAACCATGGCCG_009,32
CATCTTGGGAACCATGGCCG_010,62
CATCTTGGGAACCATGGCCG_011,27
GAACCGGCGCAGCGACAATG_001,81
GAACCGGCGCAGCGACAATG_002,102
GAACCGGCGCAGCGACAATG_003,38
GAACCGGCGCAGCGACAATG_004,147
GAACCGGCGCAGCGACAATG_005,22
GAACCGGCGCAGCGACAATG_006,154
GAACCGGCGCAGCGACAATG_007,127
GAACCGGCGCAGCGACAATG_008,176
GAACCGGCGCAGCGACAATG_009,10
AGAAAATGAACACTTGCTTG_001,105
AGAAAATGAACACTTGCTTG_002,77
AGAAAATGAACACTTGCTTG_003,11
AGAAAATGAACACTTGCTTG_004,2
AGAAAATGAACACTTGCTTG_005,42
AGAAAATGAACACTTGCTTG_006,90
AGAAAATGAACACTTGCTTG_007,38
AGAAAATGAACACTTGCTTG_008,54
AGAAAATGAACACTTGCTTG_009,77
AGAAAATGAACACTTGCTTG_010,46
AGAAAATGAACACTTGCTTG_011,39
CATGCACGTAGCGTCGCTGG_001,70
CATGCACGTAGCGTCGCTGG_002,134
CATGCACGTAGCGTCGCTGG_003,184
CATGCACGTAGCGTCGCTGG_004,62
CATGCACGTAGCGTCGCTGG_005,129
CATGCACGTAGCGTCGCTGG_006,146
CATGCCAAGTCCCTTTCAAG_001,178
CATGCCAAGTCCCTTTCAAG_002,77
CATGCCAAGTCCCTTTCAAG_003,163
CATGCCAAGTCCCTTTCAAG_004,90
CATGCCAAGTCCCTTTCAAG_005,53
CATGCCAAGTCCCTTTCAAG_006,142
CATGCCAAGTCCCTTTCAAG_007,137
CATGCCAAGTCCCTTTCAAG_008,22
CATGCCAAGTCCCTTTCAAG_009,63
CATGCCAAGTCCCTTTCAAG_010,153
CATGCCAAGTCCCTTTCAAG_011,37
CATGCCAAGTCCCTTTCAAG_012,0
CATGCCAAGTCCCTTTCAAG_013,41
CATGCCAAGTCCCTTTCAAG_014,170
CATGCCAAGTCCCTTTCAAG_015,129
CATGCCAAGTCCCTTTCAAG_016,93
CATGCCAAGTCCCTTTCAAG_017,62
CATGCCAAGTCCCTTTCAAG_018,90
CATGCCAAGTCCCTTTCAAG_019,74
CATGCCAAGTCCCTTTCAAG_020,168
CATGCCAAGTCCCTTTCAAG_021,99
CATGCCAAGTCCCTTTCAAG_022,138
CATGCCAAGTCCCTTTCAAG_023,178
CATGCCAAGTCCCTTTCAAG_024,29
CATGCCAAGTCCCTTTCAAG_025,29
AATATCAGTTTCTCTCCAAG_001,164
AATATCAGTTTCTCTCCAAG_002,81
CCCAGCAGGCACCGCCCCTG_001,17
CCCAGCAGGCACCGCCCCTG_002,115
CCCAGCAGGCACCGCCCCTG_003,182
CCCAGCAGGCACCGCCCCTG_004,172
CCCAGCAGGCACCGCCCCTG_005,154
CCCAGCAGGCACCGCCCCTG_006,154
CCCAGCAGGCACCGCCCCTG_007,88
CCCAGCAGGCACCGCCCCTG_008,4
CCCAGCAGGCACCGCCCCTG_009,9
CCCAGCAGGCACCGCCCCTG_010,16
CCCAGCAGGCACCGCCCCTG_011,67
CCCAGCAGGCACCGCCCCTG_012,149
CCCAGCAGGCACCGCCCCTG_013,156
CCCAGCAGGCACCGCCCCTG_014,113
CCCAGCAGGCACCGCCCCTG_015,40
CCCAGCAGGCACCGCCCCTG_016,96
CCCAGCAGGCACCGCCCCTG_017,127
CCCAGCAGGCACCGCCCCTG_018,151
CCCAGCAGGCACCGCCCCTG_019,15
CCCAGCAGGCACCGCCCCTG_020,5
CCCAGCAGGCACCGCCCCTG_021,82
CCCAGCAGGCACCGCCCCTG_022,145
CCCAGCAGGCACCGCCCCTG_023,2
CCCAGCAGGCACCGCCCCTG_024,42
CCCAGCAGGCACCGCCCCTG_025,113
CCCAGCAGGCACCGCCCCTG_026,188
CCCAGCAGGCACCGCCCCTG_027,52
CCCAGCAGGCACCGCCCCTG_028,106
CCCAGCAGGCACCGCCCCTG_029,168
CCCAGCAGGCACCGCCCCTG_030,77
CCCAGCAGGCACCGCCCCTG_031,169
CCCAGCAGGCACCGCCCCTG_032,69
CCCAGCAGGCACCGCCCCTG_033,67
CCCAGCAGGCACCGCCCCTG_034,124
CCCAGCAGGCACCGCCCCTG_035,173
GGCCCTATTGAGGACCTCCG_001,174
GGCCCTATTGAGGACCTCCG_002,58
GGCCCTATTGAGGACCTCCG_003,10
GGCCCTATTGAGGACCTCCG_004,5
GGCCCTATTGAGGACCTCCG_005,161
GGCCCTATTGAGGACCTCCG_006,10
GCCAGCTTTCTCCCACGTGG_001,101
GCCAGCTTTCTCCCACGTGG_002,127
GCCAGCTTTCTCCCACGTGG_003,119
GCCAGCTTTCTCCCACGTGG_004,175
GCCAGCTTTCTCCCACGTGG_005,115
GCAACCTAGAAAGCATCCCA_001,161
GCAACCTAGAAAGCATCCCA_002,97
GCAACCTAGAAAGCATCCCA_003,141
GCAACCTAGAAAGCATCCCA_004,5
GCAACCTAGAAAGCATCCCA_005,113
GCAACCTAGAAAGCATCCCA_006,120
GCAACCTAGAAAGCATCCCA_007,94
GCAACCTAGAAAGCATCCCA_008,46
GCAACCTAGAAAGCATCCCA_009,63
GCAACCTAGAAAGCATCCCA_010,58
GCAACCTAGAAAGCATCCCA_011,160
GCAACCTAGAAAGCATCCCA_012,23
CCATACTTGAGGTAGGCGCG_001,9
CCATACTTGAGGTAGGCGCG_002,59
CCATACTTGAGGTAGGCGCG_003,40
CCATACTTGAGGTAGGCGCG_004,9
CCATACTTGAGGTAGGCGCG_005,42
CCATACTTGAGGTAGGCGCG_006,115
CCATACTTGAGGTAGGCGCG_007,3
CCATACTTGAGGTAGGCGCG_008,102
CCATACTTGAGGTAGGCGCG_009,95
CCATACTTGAGGTAGGCGCG_010,9
CCATACTTGAGGTAGGCGCG_011,117
CCATACTTGAGGTAGGCGCG_012,3
CCATACTTGAGGTAGGCGCG_013,191
CCATACTTGAGGTAGGCGCG_014,137
CCATACTTGAGGTAGGCGCG_015,43
GCCACCCCCTCGGACCCGGG_001,166
GCCACCCCCTCGGACCCGGG_002,138
GCCACCCCCTCGGACCCGGG_003,57
GCCACCCCCTCGGACCCGGG_004,70
GCCACCCCCTCGGACCCGGG_005,11
GCCACCCCCTCGGACCCGGG_006,128
GCCACCCCCTCGGACCCGGG_007,177
GCCACCCCCTCGGACCCGGG_008,133
GCCACCCCCTCGGACCCGGG_009,146
GCCACCCCCTCGGACCCGGG_010,193
GCCACCCCCTCGGACCCGGG_011,32
GCCACCCCCTCGGACCCGGG_012,124
GCCACCCCCTCGGACCCGGG_013,187
GCCACCCCCTCGGACCCGGG_014,38
GCCACCCCCTCGGACCCGGG_015,115
GCCACCCCCTCGGACCCGGG_016,150
GCCACCCCCTCGGACCCGGG_017,15
GCCACCCCCTCGGACCCGGG_018,177
GCCACCCCCTCGGACCCGGG_019,62
GCCACCCCCTCGGACCCGGG_020,197
GCCACCCCCTCGGACCCGGG_021,146
GCCACCCCCTCGGACCCGGG_022,138
GCCACCCCCTCGGACCCGGG_023,11
GCCACCCCCTCGGACCCGGG_024,138
GCCACCCCCTCGGACCCGGG_025,86
GCCACCCCCTCGGACCCGGG_026,116
GCCACCCCCTCGGACCCGGG_027,48
GCCACCCCCTCGGACCCGGG_028,37
GCCACCCCCTCGGACCCGGG_029,4
GCCACCCCCTCGGACCCGGG_030,93
GCCACCCCCTCGGACCCGGG_031,56
GCCACCCCCTCGGACCCGGG_032,188
GCCACCCCCTCGGACCCGGG_033,62
GCCACCCCCTCGGACCCGGG_034,105
GCCACCCCCTCGGACCCGGG_035,174
GCCACCCCCTCGGACCCGGG_036,138
GCCACCCCCTCGGACCCGGG_037,81
GCCACCCCCTCGGACCCGGG_038,40
GCCACCCCCTCGGACCCGGG_039,88
GCCACCCCCTCGGACCCGGG_040,191
GCCACCCCCTCGGACCCGGG_041,152
GCCACCCCCTCGGACCCGGG_042,70
GCCACCCCCTCGGACCCGGG_043,98
GCCACCCCCTCGGACCCGGG_044,190
GCCACCCCCTCGGACCCGGG_045,92
TTGCCAACTACATGCTGTCC_001,146
TGGAATAGCCTCCAGTTGAG_001,116
TGGAATAGCCTCCAGTTGAG_002,11
AAGATACAGACATAGGCCAG_001,37
AAGATACAGACATAGGCCAG_002,50
AAGATACAGACATAGGCCAG_003,157
AAGATACAGACATAGGCCAG_004,179
AAGATACAGACATAGGCCAG_005,129
AAGATACAGACATAGGCCAG_006,104
AAGATACAGACATAGGCCAG_007,41
ATTTGATCAGATCCTAGACT_001,183
ATTTGATCAGATCCTAGACT_002,33
ATTTGATCAGATCCTAGACT_003,33
ATTTGATCAGATCCTAGACT_004,167
ATTTGATCAGATCCTAGACT_005,41
TGTGTCACAAAATCATAGGT_001,182
TGTGTCACAAAATCATAGGT_002,74
TGTGTCACAAAATCATAGGT_003,68
TGTGTCACAAAATCATAGGT_004,123
TGTGTCACAAAATCATAGGT_005,77
GTCAACCACTACATGAAAGG_001,194
GTCAACCACTACATGAAAGG_002,50
GTCAACCACTACATGAAAGG_003,61
GTCAACCACTACATGAAAGG_004,157
GTCAACCACTACATGAAAGG_005,174
GTCAACCACTACATGAAAGG_006,78
GTCAACCACTACATGAAAGG_007,117
GTCAACCACTACATGAAAGG_008,108
TTGGGGTCCTCGATACGGAA_001,108
TTGGGGTCCTCGATACGGAA_002,138
TTGGGGTCCTCGATACGGAA_003,125
TTGGGGTCCTCGATACGGAA_004,175
GCGAGAGGCGTGGTAGACAG_001,82
GCGAGAGGCGTGGTAGACAG_002,29
GCGAGAGGCGTGGTAGACAG_003,189
GCGAGAGGCGTGGTAGACAG_004,175
GCGAGAGGCGTGGTAGACAG_005,170
GCGAGAGGCGTGGTAGACAG_006,196
GCGAGAGGCGTGGTAGACAG_007,15
GCGAGAGGCGTGGTAGACAG_008,172
GCGAGAGGCGTGGTAGACAG_009,84
GCGAGAGGCGTGGTAGACAG_010,29
GCGAGAGGCGTGGTAGACAG_011,185
GCGAGAGGCGTGGTAGACAG_012,52
GCGAGAGGCGTGGTAGACAG_013,81
GCGAGAGGCGTGGTAGACAG_014,128
GCGAGAGGCGTGGTAGACAG_015,150
GCGAGAGGCGTGGTAGACAG_016,75
GCGAGAGGCGTGGTAGACAG_017,95
GCGAGAGGCGTGGTAGACAG_018,21
GCGAGAGGCGTGGTAGACAG_019,43
GCGAGAGGCGTGGTAGACAG_020,61
GCGAGAGGCGTGGTAGACAG_021,198
GCGAGAGGCGTGGTAGACAG_022,13
GCGAGAGGCGTGGTAGACAG_023,133
GCGAGAGGCGTGGTAGACAG_024,187
GCGAGAGGCGTGGTAGACAG_025,145
GCGAGAGGCGTGGTAGACAG_026,49
GCGAGAGGCGTGGTAGACAG_027,94
GCGAGAGGCGTGGTAGACAG_028,137
GCGAGAGGCGTGGTAGACAG_029,52
GCGAGAGGCGTGGTAGACAG_030,177
GAGTCTAGCATTAACTATGG_001,197
CAAGACCAAGACGAGAGCCG_001,87
CAAGACCAAGACGAGAGCCG_002,33
CAAGACCAAGACGAGAGCCG_003,147
CAAGACCAAGACGAGAGCCG_004,92
CAAGACCAAGACGAGAGCCG_005,18
CAAGACCAAGACGAGAGCCG_006,103
CAAGACCAAGACGAGAGCCG_007,13
CAAGACCAAGACGAGAGCCG_008,122
CAAGACCAAGACGAGAGCCG_009,184
CAAGACCAAGACGAGAGCCG_010,199
CAAGACCAAGACGAGAGCCG_011,172
ACAAAGCGATTTAAAGCGAG_001,1
ACAAAGCGATTTAAAGCGAG_002,1
ACAAAGCGATTTAAAGCGAG_003,113
ACAAAGCGATTTAAAGCGAG_004,1
ACAAAGCGATTTAAAGCGAG_005,0
ACAAAGCGATTTAAAGCGAG_006,47
ACAAAGCGATTTAAAGCGAG_007,178
ACTCTTTGTAACCCAGAACG_001,163
AGACAACGTACATTCCGGGG_001,174
AGACAACGTACATTCCGGGG_002,56
AGACAACGTACATTCCGGGG_003,82
AGACAACGTACATTCCGGGG_004,57
AGACAACGTACATTCCGGGG_005,110
AGACAACGTACATTCCGGGG_006,30
AGACAACGTACATTCCGGGG_007,54
GATCATGAAGATGACCGACG_001,4
GATCATGAAGATGACCGACG_002,198
GATCATGAAGATGACCGACG_003,103
GATCATGAAGATGACCGACG_004,61
GATCATGAAGATGACCGACG_005,22
GATCATGAAGATGACCGACG_006,92
GATCATGAAGATGACCGACG_007,36
GATCATGAAGATGACCGACG_008,169
GATCATGAAGATGACCGACG_009,81
GATCATGAAGATGACCGACG_010,62
GATCATGAAGATGACCGACG_011,160
GATCATGAAGATGACCGACG_012,145
GATCATGAAGATGACCGACG_013,144
GATCATGAAGATGACCGACG_014,138
GATCATGAAGATGACCGACG_015,138
GATCATGAAGATGACCGACG_016,141
GATCATGAAGATGACCGACG_017,6
GATCATGAAGATGACCGACG_018,184
GATCATGAAGATGACCGACG_019,108
AAACTCACCAGGGCCCTCGA_001,17
AAACTCACCAGGGCCCTCGA_002,45
AAACTCACCAGGGCCCTCGA_003,106
AAACTCACCAGGGCCCTCGA_004,27
AAACTCACCAGGGCCCTCGA_005,94
AAACTCACCAGGGCCCTCGA_006,169
AAACTCACCAGGGCCCTCGA_007,48
AAACTCACCAGGGCCCTCGA_008,159
AAACTCACCAGGGCCCTCGA_009,159
AAACTCACCAGGGCCCTCGA_010,53
AAACTCACCAGGGCCCTCGA_011,51
AAACTCACCAGGGCCCTCGA_012,63
AAACTCACCAGGGCCCTCGA_013,177
AAACTCACCAGGGCCCTCGA_014,192
AAACTCACCAGGGCCCTCGA_015,87
AAACTCACCAGGGCCCTCGA_016,37
AAACTCACCAGGGCCCTCGA_017,48
AAACTCACCAGGGCCCTCGA_018,160
AAACTCACCAGGGCCCTCGA_019,155
AAACTCACCAGGGCCCTCGA_020,130
AAACTCACCAGGGCCCTCGA_021,188
AAACTCACCAGGGCCCTCGA_022,169
AAACTCACCAGGGCCCTCGA_023,144
AAACTCACCAGGGCCCTCGA_024,48
GACATACTGCTTAGCTCCAT_001,146
GACATACTGCTTAGCTCCAT_002,14
GACATACTGCTTAGCTCCAT_003,127
GACATACTGCTTAGCTCCAT_004,159
GACATACTGCTTAGCTCCAT_005,90
GACATACTGCTTAGCTCCAT_006,160
GACATACTGCTTAGCTCCAT_007,48
CAGACTTGTTCACAGCACGA_001,147
CAGACTTGTTCACAGCACGA_002,142
CAGACTTGTTCACAGCACGA_003,79
CAGACTTGTTCACAGCACGA_004,125
CAGACTTGTTCACAGCACGA_005,61
CAGACTTGTTCACAGCACGA_006,154
CAGACTTGTTCACAGCACGA_007,7
CAGACTTGTTCACAGCACGA_008,41
CAGACTTGTTCACAGCACGA_009,58
CAGACTTGTTCACAGCACGA_010,151
CAGACTTGTTCACAGCACGA_011,150
CAGACTTGTTCACAGCACGA_012,61
CAGACTTGTTCACAGCACGA_013,161
TGGACGGACGCCGAGATGCG_001,198
TGGACGGACGCCGAGATGCG_002,38
TGGACGGACGCCGAGATGCG_003,176
TGGACGGACGCCGAGATGCG_004,58
TGGACGGACGCCGAGATGCG_005,41
TGGACGGACGCCGAGATGCG_006,49
TGGACGGACGCCGAGATGCG_007,7
TGGACGGACGCCGAGATGCG_008,35
TGGACGGACGCCGAGATGCG_009,192
TGGACGGACGCCGAGATGCG_010,9
TGGACGGACGCCGAGATGCG_011,127
TGGACGGACGCCGAGATGCG_012,8
TGGACGGACGCCGAGATGCG_013,68
TGGACGGACGCCGAGATGCG_014,152
TGGACGGACGCCGAGATGCG_015,191
TGGACGGACGCCGAGATGCG_016,155
TGGACGGACGCCGAGATGCG_017,48
TGGACGGACGCCGAGATGCG_018,48
CTTCCACTCCCGGAATAGTC_001,105
CTTCCACTCCCGGAATAGTC_002,50
CTTCCACTCCCGGAATAGTC_003,89
CTTCCACTCCCGGAATAGTC_004,170
CTTCCACTCCCGGAATAGTC_005,199
CTTCCACTCCCGGAATAGTC_006,170
CTTCCACTCCCGGAATAGTC_007,36
AGACATCAGCCATCATGTGA_001,27
AGACATCAGCCATCATGTGA_002,62
AGACATCAGCCATCATGTGA_003,118
AGACATCAGCCATCATGTGA_004,175
AGACATCAGCCATCATGTGA_005,92
AGACATCAGCCATCATGTGA_006,9
AGACATCAGCCATCATGTGA_007,80
AGACATCAGCCATCATGTGA_008,77
AGACATCAGCCATCATGTGA_009,78
AGACATCAGCCATCATGTGA_010,66
AGACATCAGCCATCATGTGA_011,130
AGACATCAGCCATCATGTGA_012,45
AGACATCAGCCATCATGTGA_013,62
AGACATCAGCCATCATGTGA_014,127
TAAGTAATTCAATCTCCAGC_001,138
TAAGTAATTCAATCTCCAGC_002,106
TGTGTGACCAGGGCGTTGGT_001,114
TGTGTGACCAGGGCGTTGGT_002,77
TGTGTGACCAGGGCGTTGGT_003,119
TGTGTGACCAGGGCGTTGGT_004,78
TGTGTGACCAGGGCGTTGGT_005,30
TGTGTGACCAGGGCGTTGGT_006,9
TGTGTGACCAGGGCGTTGGT_007,70
TGTGTGACCAGGGCGTTGGT_008,96
TGTGTGACCAGGGCGTTGGT_009,148
TGTGTGACCAGGGCGTTGGT_010,20
TGTGTGACCAGGGCGTTGGT_011,141
TGTGTGACCAGGGCGTTGGT_012,147
TGTGTGACCAGGGCGTTGGT_013,30
TGTGTGACCAGGGCGTTGGT_014,134
TGTGTGACCAGGGCGTTGGT_015,98
TGTGTGACCAGGGCGTTGGT_016,96
TGTGTGACCAGGGCGTTGGT_017,44
TGTGTGACCAGGGCGTTGGT_018,44
TGTGTGACCAGGGCGTTGGT_019,15
TGTGTGACCAGGGCGTTGGT_020,171
TGTGTGACCAGGGCGTTGGT_021,159
TGTGTGACCAGGGCGTTGGT_022,115
TGTGTGACCAGGGCGTTGGT_023,188
TGTGTGACCAGGGCGTTGGT_024,88
TGTGTGACCAGGGCGTTGGT_025,98
TGTGTGACCAGGGCGTTGGT_026,82
TGTGTGACCAGGGCGTTGGT_027,94
TGTGTGACCAGGGCGTTGGT_028,183
TGTGTGACCAGGGCGTTGGT_029,184
TGTGTGACCAGGGCGTTGGT_030,127
TGTGTGACCAGGGCGTTGGT_031,125
TGTGTGACCAGGGCGTTGGT_032,76
TGTGTGACCAGGGCGTTGGT_033,138
TGTGTGACCAGGGCGTTGGT_034,63
TGTGTGACCAGGGCGTTGGT_035,63
TGTGTGACCAGGGCGTTGGT_036,15
TGTGTGACCAGGGCGTTGGT_037,188
TGTGTGACCAGGGCGTTGGT_038,191
TGTGTGACCAGGGCGTTGGT_039,175
TGAGTGCTTTCAAGCGACCA_001,185
TGAGTGCTTTCAAGCGACCA_002,130
TGAGTGCTTTCAAGCGACCA_003,176
TGAGTGCTTTCAAGCGACCA_004,105
TGAGTGCTTTCAAGCGACCA_005,144
TGAGTGCTTTCAAGCGACCA_006,49
TGAGTGCTTTCAAGCGACCA_007,180
GAAACAATCGGAATCATCCA_001,86
GAAACAATCGGAATCATCCA_002,17
GAAACAATCGGAATCATCCA_003,76
GAAACAATCGGAATCATCCA_004,199
GAAACAATCGGAATCATCCA_005,188
GAAACAATCGGAATCATCCA_006,116
GAAACAATCGGAATCATCCA_007,129
GAAACAATCGGAATCATCCA_008,41
GAAACAATCGGAATCATCCA_009,5
GCAGTGGTCTGCCAAGCTCT_001,4
GCAGTGGTCTGCCAAGCTCT_002,98
GCAGTGGTCTGCCAAGCTCT_003,70
GCAGTGGTCTGCCAAGCTCT_004,13
GCAGTGGTCTGCCAAGCTCT_005,148
GCAGTGGTCTGCCAAGCTCT_006,74
GCAGTGGTCTGCCAAGCTCT_007,107
GCAGTGGTCTGCCAAGCTCT_008,186
TGAAGAAGAAGGGCTACGTG_001,129
TGAAGAAGAAGGGCTACGTG_002,7
TGAAGAAGAAGGGCTACGTG_003,7
TGAAGAAGAAGGGCTACGTG_004,158
TGAAGAAGAAGGGCTACGTG_005,11
TGAAGAAGAAGGGCTACGTG_006,125
TGAAGAAGAAGGGCTACGTG_007,177
TGAAGAAGAAGGGCTACGTG_008,125
TGAAGAAGAAGGGCTACGTG_009,161
TGAAGAAGAAGGGCTACGTG_010,47
TGAAGAAGAAGGGCTACGTG_011,30
TGAAGAAGAAGGGCTACGTG_012,174
TGAAGAAGAAGGGCTACGTG_013,155
TGAAGAAGAAGGGCTACGTG_014,144
TGAAGAAGAAGGGCTACGTG_015,138
TGAAGAAGAAGGGCTACGTG_016,124
TGAAGAAGAAGGGCTACGTG_017,31
TGAAGAAGAAGGGCTACGTG_018,141
TGAAGAAGAAGGGCTACGTG_019,170
GACATGCTCCTAGAGATGGG_001,5
GACATGCTCCTAGAGATGGG_002,146
GACATGCTCCTAGAGATGGG_003,5
GACATGCTCCTAGAGATGGG_004,187
GACATGCTCCTAGAGATGGG_005,55
GACATGCTCCTAGAGATGGG_006,31
GACATGCTCCTAGAGATGGG_007,70
GACATGCTCCTAGAGATGGG_008,82
GACATGCTCCTAGAGATGGG_009,69
GACATGCTCCTAGAGATGGG_010,5
GACATGCTCCTAGAGATGGG_011,23
GACATGCTCCTAGAGATGGG_012,182
GACATGCTCCTAGAGATGGG_013,43
GACATGCTCCTAGAGATGGG_014,63
GACATGCTCCTAGAGATGGG_015,180
GAACAAATACAGTCACGTCC_001,60
GAACAAATACAGTCACGTCC_002,132
GAACAAATACAGTCACGTCC_003,156
GAACAAATACAGTCACGTCC_004,29
GGGACAGAAGTGCTTCACCT_001,137
GGGACAGAAGTGCTTCACCT_002,196
GGGACAGAAGTGCTTCACCT_003,137
GGGACAGAAGTGCTTCACCT_004,130
GGGACAGAAGTGCTTCACCT_005,17
GGGACAGAAGTGCTTCACCT_006,27
GGGACAGAAGTGCTTCACCT_007,70
GGGACAGAAGTGCTTCACCT_008,69
GGGACAGAAGTGCTTCACCT_009,125
GGGACAGAAGTGCTTCACCT_010,86
GGGACAGAAGTGCTTCACCT_011,1
GGGACAGAAGTGCTTCACCT_012,49
GGGACAGAAGTGCTTCACCT_013,186
GGGACAGAAGTGCTTCACCT_014,10
GGGACAGAAGTGCTTCACCT_015,22
GGGACAGAAGTGCTTCACCT_016,175
GGGACAGAAGTGCTTCACCT_017,162
TACTGTTTGATCCACTTCTG_001,80
TACTGTTTGATCCACTTCTG_002,175
TACTGTTTGATCCACTTCTG_003,144
GACTGAAGCCACCATCGGCG_001,199
GACTGAAGCCACCATCGGCG_002,160
GACTGAAGCCACCATCGGCG_003,158
GACTGAAGCCACCATCGGCG_004,144
GACTGAAGCCACCATCGGCG_005,172
GACTGAAGCCACCATCGGCG_006,15
GACTGAAGCCACCATCGGCG_007,131
GACTGAAGCCACCATCGGCG_008,137
GACTGAAGCCACCATCGGCG_009,140
GACTGAAGCCACCATCGGCG_010,36
GACTGAAGCCACCATCGGCG_011,77
GACTGAAGCCACCATCGGCG_012,147
GACTGAAGCCACCATCGGCG_013,85
GACTGAAGCCACCATCGGCG_014,94
GACTGAAGCCACCATCGGCG_015,120
GACTGAAGCCACCATCGGCG_016,172
GACTGAAGCCACCATCGGCG_017,155
GACTGAAGCCACCATCGGCG_018,119
GACTGAAGCCACCATCGGCG_019,111
GACTGAAGCCACCATCGGCG_020,166
GACTGAAGCCACCATCGGCG_021,74
GACTGAAGCCACCATCGGCG_022,182
GACTGAAGCCACCATCGGCG_023,81
GACTGAAGCCACCATCGGCG_024,88
GACTGAAGCCACCATCGGCG_025,35
GACTGAAGCCACCATCGGCG_026,40
GACTGAAGCCACCATCGGCG_027,78
GACTGAAGCCACCATCGGCG_028,81
GACTGAAGCCACCATCGGCG_029,28
GACTGAAGCCACCATCGGCG_030,106
GACTGAAGCCACCATCGGCG_031,90
GACTGAAGCCACCATCGGCG_032,178
GACTGAAGCCACCATCGGCG_033,8
GGTAACGCTATACAGCACAG_001,38
GGTAACGCTATACAGCACAG_002,62
GGTAACGCTATACAGCACAG_003,165
GGTAACGCTATACAGCACAG_004,82
GGTAACGCTATACAGCACAG_005,19
TGGTGTCCCAAATCTGATGG_001,159
TGGTGTCCCAAATCTGATGG_002,162
TGGTGTCCCAAATCTGATGG_003,81
TGGTGTCCCAAATCTGATGG_004,17
TGGTGTCCCAAATCTGATGG_005,34
TGGTGTCCCAAATCTGATGG_006,177
TGGTGTCCCAAATCTGATGG_007,130
CTTCTGCGATAGCCTCACTG_001,150
CTTCTGCGATAGCCTCACTG_002,191
AAATGATCCTAGCTTGACAT_001,176
AAATGATCCTAGCTTGACAT_002,102
AAATGATCCTAGCTTGACAT_003,73
AAATGATCCTAGCTTGACAT_004,159
AAATGATCCTAGCTTGACAT_005,67
AAATGATCCTAGCTTGACAT_006,118
AAATGATCCTAGCTTGACAT_007,174
AAATGATCCTAGCTTGACAT_008,48
AAATGATCCTAGCTTGACAT_009,142
ATCATCTCACAGACGCCCCA_001,149
ATCATCTCACAGACGCCCCA_002,6
ATCATCTCACAGACGCCCCA_003,127
ATCATCTCACAGACGCCCCA_004,53
ATCATCTCACAGACGCCCCA_005,69
ATCATCTCACAGACGCCCCA_006,159
ATCATCTCACAGACGCCCCA_007,150
ATCATCTCACAGACGCCCCA_008,70
ATCATCTCACAGACGCCCCA_009,190
ATCATCTCACAGACGCCCCA_010,70
ATCATCTCACAGACGCCCCA_011,49
ATCATCTCACAGACGCCCCA_012,15
ATCATCTCACAGACGCCCCA_013,24
ATCATCTCACAGACGCCCCA_014,58
ATCATCTCACAGACGCCCCA_015,21
ATCATCTCACAGACGCCCCA_016,114
ATCATCTCACAGACGCCCCA_017,57
ATCATCTCACAGACGCCCCA_018,139
ATCATCTCACAGACGCCCCA_019,108
ATCATCTCACAGACGCCCCA_020,17
ATCATCTCACAGACGCCCCA_021,71
CATTGCCAGTAAGCCAAGAG_001,196
CATTGCCAGTAAGCCAAGAG_002,53
CATTGCCAGTAAGCCAAGAG_003,77
CATTGCCAGTAAGCCAAGAG_004,140
CATTGCCAGTAAGCCAAGAG_005,65
CATTGCCAGTAAGCCAAGAG_006,191
CATTGCCAGTAAGCCAAGAG_007,166
CATTGCCAGTAAGCCAAGAG_008,121
AGTACCTGTGAAACTGCTCG_001,167
AGTACCTGTGAAACTGCTCG_002,44
AGTACCTGTGAAACTGCTCG_003,112
AGTACCTGTGAAACTGCTCG_004,166
AGTACCTGTGAAACTGCTCG_005,118
AGTACCTGTGAAACTGCTCG_006,177
AGTACCTGTGAAACTGCTCG_007,110
AGTACCTGTGAAACTGCTCG_008,24
AGTACCTGTGAAACTGCTCG_009,198
AGTACCTGTGAAACTGCTCG_010,79
AGTACCTGTGAAACTGCTCG_011,55
AGTACCTGTGAAACTGCTCG_012,116
TTATCGCATCTATGGCGACA_001,106
TTATCGCATCTATGGCGACA_002,83
GCTGGCGCACCCAGAGACAA_001,118
GCTGGCGCACCCAGAGACAA_002,152
GCTGGCGCACCCAGAGACAA_003,102
GCTGGCGCACCCAGAGACAA_004,48
GCTGGCGCACCCAGAGACAA_005,36
GCTGGCGCACCCAGAGACAA_006,76
GCTGGCGCACCCAGAGACAA_007,137
GCTGGCGCACCCAGAGACAA_008,145
GCTGGCGCACCCAGAGACAA_009,150
GCTGGCGCACCCAGAGACAA_010,49
GCTGGCGCACCCAGAGACAA_011,114
GCTGGCGCACCCAGAGACAA_012,117
GCTGGCGCACCCAGAGACAA_013,90
CCCTTACCTGGACATCGCCC_001,56
ACCGCGAGCACGAGGACACG_001,78
ACCGCGAGCACGAGGACACG_002,181
ACCGCGAGCACGAGGACACG_003,102
ACCGCGAGCACGAGGACACG_004,119
ACCGCGAGCACGAGGACACG_005,74
ACCGCGAGCACGAGGACACG_006,98
ACCGCGAGCACGAGGACACG_007,20
ACCGCGAGCACGAGGACACG_008,199
ACCGCGAGCACGAGGACACG_009,51
ACCGCGAGCACGAGGACACG_010,144
ACCGCGAGCACGAGGACACG_011,119
ACCGCGAGCACGAGGACACG_012,36
ACCGCGAGCACGAGGACACG_013,0
ACCGCGAGCACGAGGACACG_014,151
ACCGCGAGCACGAGGACACG_015,93
ACCGCGAGCACGAGGACACG_016,156
ACCGCGAGCACGAGGACACG_017,35
ACCGCGAGCACGAGGACACG_018,126
ACCGCGAGCACGAGGACACG_019,73
ACCGCGAGCACGAGGACACG_020,150
ACCGCGAGCACGAGGACACG_021,30
ACCGCGAGCACGAGGACACG_022,94
ACCGCGAGCACGAGGACACG_023,84
ACCGCGAGCACGAGGACACG_024,134
ACCGCGAGCACGAGGACACG_025,37
ACCGCGAGCACGAGGACACG_026,39
ACCGCGAGCACGAGGACACG_027,55
ACCGCGAGCACGAGGACACG_028,170
ACCGCGAGCACGAGGACACG_029,78
GCTGTGGAGAATCCAGCAAA_001,134
GCTGTGGAGAATCCAGCAAA_002,149
GCTGTGGAGAATCCAGCAAA_003,120
GCTGTGGAGAATCCAGCAAA_004,70
GCTGTGGAGAATCCAGCAAA_005,52
GCTGTGGAGAATCCAGCAAA_006,84
GCTGTGGAGAATCCAGCAAA_007,137
GCTGTGGAGAATCCAGCAAA_008,195
GCTGTGGAGAATCCAGCAAA_009,52
GCTGTGGAGAATCCAGCAAA_010,5
GCTGTGGAGAATCCAGCAAA_011,34
GCTGTGGAGAATCCAGCAAA_012,63
GCTGTGGAGAATCCAGCAAA_013,35
TCCTGGACACGACAGGCAAG_001,3
TCCTGGACACGACAGGCAAG_002,104
TCCTGGACACGACAGGCAAG_003,88
TCCTGGACACGACAGGCAAG_004,134
TCCTGGACACGACAGGCAAG_005,183
TCCTGGACACGACAGGCAAG_006,170
TCCTGGACACGACAGGCAAG_007,199
TCCTGGACACGACAGGCAAG_008,3
TCCTGGACACGACAGGCAAG_009,42
TTTCAGAGGATTAGTGCGGG_001,102
TTTCAGAGGATTAGTGCGGG_002,78
TTTCAGAGGATTAGTGCGGG_003,77
TTTCAGAGGATTAGTGCGGG_004,78
TTTCAGAGGATTAGTGCGGG_005,12
TTTCAGAGGATTAGTGCGGG_006,102
TTTCAGAGGATTAGTGCGGG_007,152
TGAAGCGGCTTACCCATCAA_001,122
TGAAGCGGCTTACCCATCAA_002,184
TGAAGCGGCTTACCCATCAA_003,68
TGAAGCGGCTTACCCATCAA_004,111
TGAAGCGGCTTACCCATCAA_005,112
TGAAGCGGCTTACCCATCAA_006,168
TGAAGCGGCTTACCCATCAA_007,2
TGAAGCGGCTTACCCATCAA_008,40
AACCGGCCAAAACACAGTGT_001,67
AACCGGCCAAAACACAGTGT_002,144
AACCGGCCAAAACACAGTGT_003,147
AACCGGCCAAAACACAGTGT_004,52
AACCGGCCAAAACACAGTGT_005,115
AACCGGCCAAAACACAGTGT_006,120
AACCGGCCAAAACACAGTGT_007,160
AACCGGCCAAAACACAGTGT_008,145
AACCGGCCAAAACACAGTGT_009,66
AACCGGCCAAAACACAGTGT_010,95
AACCGGCCAAAACACAGTGT_011,151
AACCGGCCAAAACACAGTGT_012,160
AACCGGCCAAAACACAGTGT_013,76
AACTCCCTGGAGATAAACTT_001,61
AACTCCCTGGAGATAAACTT_002,162
AACTCCCTGGAGATAAACTT_003,9
AACTCCCTGGAGATAAACTT_004,21
AACTCCCTGGAGATAAACTT_005,122
AACTCCCTGGAGATAAACTT_006,118
AACTCCCTGGAGATAAACTT_007,42
AAGAGGCGCCTCTTCAGTAT_001,107
AAGAGGCGCCTCTTCAGTAT_002,99
AAGAGGCGCCTCTTCAGTAT_003,3
AAGAGGCGCCTCTTCAGTAT_004,176
AAGAGGCGCCTCTTCAGTAT_005,57
AGGAATTGGATTCAAGTACG_001,165
AGGAATTGGATTCAAGTACG_002,103
AGGAATTGGATTCAAGTACG_003,105
AGGAATTGGATTCAAGTACG_004,94
AGGAATTGGATTCAAGTACG_005,93
AGGAATTGGATTCAAGTACG_006,111
CGTCAACCTGACCGTACGAG_001,51
CGTCAACCTGACCGTACGAG_002,131
CGTCAACCTGACCGTACGAG_003,123
CGTCAACCTGACCGTACGAG_004,158
CGTCAACCTGACCGTACGAG_005,174
CGTCAACCTGACCGTACGAG_006,19
TTGTCACTGATCTAATCAGA_001,7
TTGTCACTGATCTAATCAGA_002,19
TTGTCACTGATCTAATCAGA_003,169
AGGCCACGAAGGAAGTTACG_001,118
AGGCCACGAAGGAAGTTACG_002,41
AGGCCACGAAGGAAGTTACG_003,134
CAGTTGCTATTGACGCAAAG_001,88
CAGTTGCTATTGACGCAAAG_002,62
CAGTTGCTATTGACGCAAAG_003,37
CAGTTGCTATTGACGCAAAG_004,18
CAGTTGCTATTGACGCAAAG_005,51
CAGTTGCTATTGACGCAAAG_006,68
CAGTTGCTATTGACGCAAAG_007,174
CAGTTGCTATTGACGCAAAG_008,13
ACCTATAATCGACCACATTT_001,68
ACCTATAATCGACCACATTT_002,67
ACCTATAATCGACCACATTT_003,14
ACCTATAATCGACCACATTT_004,194
ACCTATAATCGACCACATTT_005,98
ACCTATAATCGACCACATTT_006,95
ACCTATAATCGACCACATTT_007,100
ACCTATAATCGACCACATTT_008,80
ACCTATAATCGACCACATTT_009,70
ACCTATAATCGACCACATTT_010,76
ACCTATAATCGACCACATTT_011,166
ACCTATAATCGACCACATTT_012,174
ACCTATAATCGACCACATTT_013,165
GATGCGGAATACCACTAGGA_001,102
GATGCGGAATACCACTAGGA_002,158
GATGCGGAATACCACTAGGA_003,61
GATGCGGAATACCACTAGGA_004,116
GATGCGGAATACCACTAGGA_005,20
GATGCGGAATACCACTAGGA_006,36
ATCAACAGCCAGTTATCTAG_001,198
ATCAACAGCCAGTTATCTAG_002,15
ATCAACAGCCAGTTATCTAG_003,188
ATCAACAGCCAGTTATCTAG_004,172
ATCAACAGCCAGTTATCTAG_005,37
ATCAACAGCCAGTTATCTAG_006,70
CCCTGACCAATCTCTTACGG_001,50
TCCGGATGAGTACTATGTGT_001,25
CCGCCGCATGGAGCTCGACG_001,5
CCGCCGCATGGAGCTCGACG_002,174
CCGCCGCATGGAGCTCGACG_003,61
CCGCCGCATGGAGCTCGACG_004,108
CCGCCGCATGGAGCTCGACG_005,178
CCGCCGCATGGAGCTCGACG_006,161
CCGCCGCATGGAGCTCGACG_007,52
GCCCATACCAGCCATTTGGT_001,40
GCCCATACCAGCCATTTGGT_002,8
GCCCATACCAGCCATTTGGT_003,46
GCCCATACCAGCCATTTGGT_004,116
TTGTACTTGGTATCACTAGG_001,33
TTGTACTTGGTATCACTAGG_002,79
TTGTACTTGGTATCACTAGG_003,68
ATAGCTCCACAAATCACCTG_001,34
ATAGCTCCACAAATCACCTG_002,162
ATAGCTCCACAAATCACCTG_003,86
ATAGCTCCACAAATCACCTG_004,34
ATAGCTCCACAAATCACCTG_005,146
ATAGCTCCACAAATCACCTG_006,184
ATAGCTCCACAAATCACCTG_007,96
ATAGCTCCACAAATCACCTG_008,131
ATAGCTCCACAAATCACCTG_009,99
ATAGCTCCACAAATCACCTG_010,113
ATAGCTCCACAAATCACCTG_011,148
ATAGCTCCACAAATCACCTG_012,66
CCTTTCCCATAACCTGTGCA_001,169
CCTTTCCCATAACCTGTGCA_002,78
CCTTTCCCATAACCTGTGCA_003,162
CCTTTCCCATAACCTGTGCA_004,77
CCTTTCCCATAACCTGTGCA_005,169
CCTTTCCCATAACCTGTGCA_006,117
CCTTTCCCATAACCTGTGCA_007,101
CCTTTCCCATAACCTGTGCA_008,49
CCTTTCCCATAACCTGTGCA_009,161
CCTTTCCCATAACCTGTGCA_010,36
CCTTTCCCATAACCTGTGCA_011,167
CCTTTCCCATAACCTGTGCA_012,72
ACACCCCACTCACGTCATTG_001,49
ACACCCCACTCACGTCATTG_002,48
ACACCCCACTCACGTCATTG_003,164
ACACCCCACTCACGTCATTG_004,191
ACACCCCACTCACGTCATTG_005,158
ACACCCCACTCACGTCATTG_006,94
TCTTGTGCGTCTAACATCTG_001,60
TCTTGTGCGTCTAACATCTG_002,137
TCTTGTGCGTCTAACATCTG_003,77
TCTTGTGCGTCTAACATCTG_004,2
TCTTGTGCGTCTAACATCTG_005,4
TCTTGTGCGTCTAACATCTG_006,86
TCTTGTGCGTCTAACATCTG_007,18
TCTTGTGCGTCTAACATCTG_008,147
CCGCGGCGCGTGAATACGAA_001,48
CCGCGGCGCGTGAATACGAA_002,90
CCGCGGCGCGTGAATACGAA_003,28
ACTCACTTGAAAACTCAGAG_001,182
ACTCACTTGAAAACTCAGAG_002,137
ACTCACTTGAAAACTCAGAG_003,28
ACTCACTTGAAAACTCAGAG_004,148
ACTCACTTGAAAACTCAGAG_005,30
ACTCACTTGAAAACTCAGAG_006,78
ACTCACTTGAAAACTCAGAG_007,28
ACTCACTTGAAAACTCAGAG_008,173
ACTCACTTGAAAACTCAGAG_009,16
TACTGCATGGGAGTTAACTG_001,104
TACTGCATGGGAGTTAACTG_002,174
TACTGCATGGGAGTTAACTG_003,72
TACTGCATGGGAGTTAACTG_004,29
TACTGCATGGGAGTTAACTG_005,146
TACTGCATGGGAGTTAACTG_006,45
TACTGCATGGGAGTTAACTG_007,99
TACTGCATGGGAGTTAACTG_008,7
TACTGCATGGGAGTTAACTG_009,40
TACTGCATGGGAGTTAACTG_010,127
TACTGCATGGGAGTTAACTG_011,141
TACTGCATGGGAGTTAACTG_012,102
TACTGCATGGGAGTTAACTG_013,12
TACTGCATGGGAGTTAACTG_014,170
TACTGCATGGGAGTTAACTG_015,128
TACTGCATGGGAGTTAACTG_016,127
TACTGCATGGGAGTTAACTG_017,15
TACTGCATGGGAGTTAACTG_018,80
TACTGCATGGGAGTTAACTG_019,6
TACTGCATGGGAGTTAACTG_020,151
GTGATCGGCGAGCTTGGCGT_001,132
GTGATCGGCGAGCTTGGCGT_002,27
GTGATCGGCGAGCTTGGCGT_003,121
GTGATCGGCGAGCTTGGCGT_004,36
GTGATCGGCGAGCTTGGCGT_005,163
GTGATCGGCGAGCTTGGCGT_006,7
GAAACACCGTGACCACGCCA_001,59
GAAACACCGTGACCACGCCA_002,26
GAAACACCGTGACCACGCCA_003,131
GAAACACCGTGACCACGCCA_004,60
GAAACACCGTGACCACGCCA_005,186
GAAACACCGTGACCACGCCA_006,10
GAAACACCGTGACCACGCCA_007,170
GAAACACCGTGACCACGCCA_008,153
GAAACACCGTGACCACGCCA_009,106
GAAACACCGTGACCACGCCA_010,137
GAAACACCGTGACCACGCCA_011,192
GAAACACCGTGACCACGCCA_012,91
GAAACACCGTGACCACGCCA_013,161
GAAACACCGTGACCACGCCA_014,23
GAAACACCGTGACCACGCCA_015,165
GAAACACCGTGACCACGCCA_016,21
GAAACACCGTGACCACGCCA_017,98
GAAACACCGTGACCACGCCA_018,107
GAAACACCGTGACCACGCCA_019,72
GAAACACCGTGACCACGCCA_020,140
GAAACACCGTGACCACGCCA_021,4
GAAACACCGTGACCACGCCA_022,149
GAAACACCGTGACCACGCCA_023,171
GAAACACCGTGACCACGCCA_024,117
GAAACACCGTGACCACGCCA_025,82
GAAACACCGTGACCACGCCA_026,29
GAAACACCGTGACCACGCCA_027,168
GAAACACCGTGACCACGCCA_028,170
CGCCTCTGCCACGTACCCCG_001,177
CGCCTCTGCCACGTACCCCG_002,14
CGCCTCTGCCACGTACCCCG_003,150
CGCCTCTGCCACGTACCCCG_004,172
CGCCTCTGCCACGTACCCCG_005,77
CGCCTCTGCCACGTACCCCG_006,4
CGAAACTGCTGGGCTGCGAA_001,127
CGAAACTGCTGGGCTGCGAA_002,161
CGAAACTGCTGGGCTGCGAA_003,199
CGAAACTGCTGGGCTGCGAA_004,58
CGAAACTGCTGGGCTGCGAA_005,56
CGAAACTGCTGGGCTGCGAA_006,138
CGAAACTGCTGGGCTGCGAA_007,63
CGAAACTGCTGGGCTGCGAA_008,65
AGCCGCCAACGGGTTCAGCG_001,130
AGCCGCCAACGGGTTCAGCG_002,61
AGCCGCCAACGGGTTCAGCG_003,81
AGCCGCCAACGGGTTCAGCG_004,191
AGCCGCCAACGGGTTCAGCG_005,60
AGCCGCCAACGGGTTCAGCG_006,191
AGCCGCCAACGGGTTCAGCG_007,61
AGCCGCCAACGGGTTCAGCG_008,145
AGCCGCCAACGGGTTCAGCG_009,149
AGCCGCCAACGGGTTCAGCG_010,160
AGCCGCCAACGGGTTCAGCG_011,24
AGCCGCCAACGGGTTCAGCG_012,189
AGCCGCCAACGGGTTCAGCG_013,122
AGCCGCCAACGGGTTCAGCG_014,152
AGCCGCCAACGGGTTCAGCG_015,138
AGCCGCCAACGGGTTCAGCG_016,177
AGCCGCCAACGGGTTCAGCG_017,105
AGCCGCCAACGGGTTCAGCG_018,56
AGCCGCCAACGGGTTCAGCG_019,160
AGCCGCCAACGGGTTCAGCG_020,33
AGCCGCCAACGGGTTCAGCG_021,135
AGCCGCCAACGGGTTCAGCG_022,178
AGCCGCCAACGGGTTCAGCG_023,169
AGCCGCCAACGGGTTCAGCG_024,8
AGCCGCCAACGGGTTCAGCG_025,150
AGCCGCCAACGGGTTCAGCG_026,33
AGCCGCCAACGGGTTCAGCG_027,123
AGCCGCCAACGGGTTCAGCG_028,32
AGCCGCCAACGGGTTCAGCG_029,138
AGCCGCCAACGGGTTCAGCG_030,63
AGCCGCCAACGGGTTCAGCG_031,172
AGCCGCCAACGGGTTCAGCG_032,116
AGCCGCCAACGGGTTCAGCG_033,182
AGCCGCCAACGGGTTCAGCG_034,101
AGCCGCCAACGGGTTCAGCG_035,68
AGCCGCCAACGGGTTCAGCG_036,78
AGCCGCCAACGGGTTCAGCG_037,76
AGCCGCCAACGGGTTCAGCG_038,81
AGCCGCCAACGGGTTCAGCG_039,191
AGCCGCCAACGGGTTCAGCG_040,145
AGCCGCCAACGGGTTCAGCG_041,166
AGCCGCCAACGGGTTCAGCG_042,133
AGCCGCCAACGGGTTCAGCG_043,48
AGCCGCCAACGGGTTCAGCG_044,81
AGCCGCCAACGGGTTCAGCG_045,82
AGCCGCCAACGGGTTCAGCG_046,44
AGCCGCCAACGGGTTCAGCG_047,88
AGCCGCCAACGGGTTCAGCG_048,136
AGCCGCCAACGGGTTCAGCG_049,96
AGCCGCCAACGGGTTCAGCG_050,147
AGCCGCCAACGGGTTCAGCG_051,34
AGCCGCCAACGGGTTCAGCG_052,63
AGCCGCCAACGGGTTCAGCG_053,104
AGCCGCCAACGGGTTCAGCG_054,49
AGCCGCCAACGGGTTCAGCG_055,194
AGCCGCCAACGGGTTCAGCG_056,28
AGCCGCCAACGGGTTCAGCG_057,43
AGCCGCCAACGGGTTCAGCG_058,121
AGCCGCCAACGGGTTCAGCG_059,72
AGCCGCCAACGGGTTCAGCG_060,99
GACGCCATTAAACTTGCCCT_001,118
GACGCCATTAAACTTGCCCT_002,137
GACGCCATTAAACTTGCCCT_003,58
GACGCCATTAAACTTGCCCT_004,144
GACGCCATTAAACTTGCCCT_005,169
GACGCCATTAAACTTGCCCT_006,149
GACGCCATTAAACTTGCCCT_007,63
GACGCCATTAAACTTGCCCT_008,50
GACGCCATTAAACTTGCCCT_009,41
GACGCCATTAAACTTGCCCT_010,44
GACGCCATTAAACTTGCCCT_011,19
GACGCCATTAAACTTGCCCT_012,147
GACGCCATTAAACTTGCCCT_013,39
GACGCCATTAAACTTGCCCT_014,188
TCGCTGACCGGGCTATTAGG_001,127
TCGCTGACCGGGCTATTAGG_002,127
TCGCTGACCGGGCTATTAGG_003,35
TCGCTGACCGGGCTATTAGG_004,162
AGTTCTGCGAAGGAGATGGT_001,69
AGTTCTGCGAAGGAGATGGT_002,1
AGTTCTGCGAAGGAGATGGT_003,59
AGTTCTGCGAAGGAGATGGT_004,117
AGTTCTGCGAAGGAGATGGT_005,41
AGTTCTGCGAAGGAGATGGT_006,61
AGTTCTGCGAAGGAGATGGT_007,81
AGTTCTGCGAAGGAGATGGT_008,105
AGTTCTGCGAAGGAGATGGT_009,197
AGTTCTGCGAAGGAGATGGT_010,149
AGTTCTGCGAAGGAGATGGT_011,77
GCACCCGTTGTGCGTGACTG_001,171
GCACCCGTTGTGCGTGACTG_002,105
GCACCCGTTGTGCGTGACTG_003,30
GCACCCGTTGTGCGTGACTG_004,115
GCACCCGTTGTGCGTGACTG_005,147
GCACCCGTTGTGCGTGACTG_006,191
GCACCCGTTGTGCGTGACTG_007,46
GCACCCGTTGTGCGTGACTG_008,1
GCACCCGTTGTGCGTGACTG_009,87
CTAGAGCTTGTCGATAGTGA_001,183
CTAGAGCTTGTCGATAGTGA_002,177
CTAGAGCTTGTCGATAGTGA_003,174
AAAAGTACATGGGACGATGA_001,183
AAAAGTACATGGGACGATGA_002,94
AAAAGTACATGGGACGATGA_003,113
CATGTACAACAGGAACCGTG_001,160
CATGTACAACAGGAACCGTG_002,26
CATGTACAACAGGAACCGTG_003,33
CATGTACAACAGGAACCGTG_004,117
CATGTACAACAGGAACCGTG_005,95
CATGTACAACAGGAACCGTG_006,59
CATGTACAACAGGAACCGTG_007,70
CATGTACAACAGGAACCGTG_008,169
CATGTACAACAGGAACCGTG_009,10
GATGCTCAAGAACCTGGTCA_001,191
GATGCTCAAGAACCTGGTCA_002,108
GATGCTCAAGAACCTGGTCA_003,41
GATGCTCAAGAACCTGGTCA_004,25
GATGCTCAAGAACCTGGTCA_005,36
GATGCTCAAGAACCTGGTCA_006,111
TATGTATAATCAAGCCACAC_001,11
AGTCTGTTCATTACCAACAG_001,147
AGTCTGTTCATTACCAACAG_002,52
AGTCTGTTCATTACCAACAG_003,185
AGTCTGTTCATTACCAACAG_004,15
AGTCTGTTCATTACCAACAG_005,138
TCTCATAGAGCCTGTGCATG_001,78
TCTCATAGAGCCTGTGCATG_002,133
TGAACCAGTACCACCTGATG_001,56
TGAACCAGTACCACCTGATG_002,108
TGAACCAGTACCACCTGATG_003,74
TGAACCAGTACCACCTGATG_004,81
TGAACCAGTACCACCTGATG_005,180
TGAACCAGTACCACCTGATG_006,46
TGAACCAGTACCACCTGATG_007,138
TGAACCAGTACCACCTGATG_008,150
TGAACCAGTACCACCTGATG_009,187
TGAACCAGTACCACCTGATG_010,24
TGAACCAGTACCACCTGATG_011,153
TGAACCAGTACCACCTGATG_012,22
TGAACCAGTACCACCTGATG_013,4
TGAACCAGTACCACCTGATG_014,1
TGAACCAGTACCACCTGATG_015,157
GTCCAAGATCCGGTCCCACG_001,95
ACAATATTACCATTGACTTG_001,70
ACAATATTACCATTGACTTG_002,62
GGGATGCTGGATCATAAACA_001,19
GGGATGCTGGATCATAAACA_002,60
GGTCGCTATCAGGAACACGG_001,116
GGTCGCTATCAGGAACACGG_002,32
GGTCGCTATCAGGAACACGG_003,193
GGTCGCTATCAGGAACACGG_004,60
GGTCGCTATCAGGAACACGG_005,90
GGTCGCTATCAGGAACACGG_006,14
GGTCGCTATCAGGAACACGG_007,188
GGTCGCTATCAGGAACACGG_008,108
GGTCGCTATCAGGAACACGG_009,145
GGTCGCTATCAGGAACACGG_010,69
GGTCGCTATCAGGAACACGG_011,91
GGTCGCTATCAGGAACACGG_012,54
GGTCGCTATCAGGAACACGG_013,51
GGTCGCTATCAGGAACACGG_014,41
GGTCGCTATCAGGAACACGG_015,60
GGTCGCTATCAGGAACACGG_016,105
GGTCGCTATCAGGAACACGG_017,105
GGTCGCTATCAGGAACACGG_018,94
GGTCGCTATCAGGAACACGG_019,56
GGTCGCTATCAGGAACACGG_020,141
GGTCGCTATCAGGAACACGG_021,82
GGTCGCTATCAGGAACACGG_022,137
GGTCGCTATCAGGAACACGG_023,28
GGTCGCTATCAGGAACACGG_024,153
AGCCTGGTGTTGAAGCACAT_001,81
AGCCTGGTGTTGAAGCACAT_002,38
AGCCTGGTGTTGAAGCACAT_003,183
AGCCTGGTGTTGAAGCACAT_004,152
AGCCTGGTGTTGAAGCACAT_005,17
AGCCTGGTGTTGAAGCACAT_006,19
AGCCTGGTGTTGAAGCACAT_007,26
AGCCTGGTGTTGAAGCACAT_008,29
AGCCTGGTGTTGAAGCACAT_009,48
AGCCTGGTGTTGAAGCACAT_010,126
AGCCTGGTGTTGAAGCACAT_011,63
AGCCTGGTGTTGAAGCACAT_012,183
AGCCTGGTGTTGAAGCACAT_013,45
AGCCTGGTGTTGAAGCACAT_014,142
AGCCTGGTGTTGAAGCACAT_015,186
GAAGCTGCAAGGAATTTGCT_001,137
GAAGCTGCAAGGAATTTGCT_002,184
GAAGCTGCAAGGAATTTGCT_003,51
GAAGCTGCAAGGAATTTGCT_004,60
GGATTACAAAGACTGCAACT_001,106
GGATTACAAAGACTGCAACT_002,166
GGATTACAAAGACTGCAACT_003,127
GGATTACAAAGACTGCAACT_004,137
GGATTACAAAGACTGCAACT_005,68
GGATTACAAAGACTGCAACT_006,66
CTGACGATCAAGGTCAACAT_001,0
CTGACGATCAAGGTCAACAT_002,56
CTGACGATCAAGGTCAACAT_003,51
CTGACGATCAAGGTCAACAT_004,74
CTGACGATCAAGGTCAACAT_005,24
CTGACGATCAAGGTCAACAT_006,4
CTGACGATCAAGGTCAACAT_007,15
CTGACGATCAAGGTCAACAT_008,17
CTGACGATCAAGGTCAACAT_009,143
CTGACGATCAAGGTCAACAT_010,127
CTGACGATCAAGGTCAACAT_011,40
CTGACGATCAAGGTCAACAT_012,81
CTGACGATCAAGGTCAACAT_013,70
CTGACGATCAAGGTCAACAT_014,19
CTGACGATCAAGGTCAACAT_015,34
CTGACGATCAAGGTCAACAT_016,106
TATGGCAGAGATGAATGTGA_001,48
TATGGCAGAGATGAATGTGA_002,18
TATGGCAGAGATGAATGTGA_003,103
TATGGCAGAGATGAATGTGA_004,178
TATGGCAGAGATGAATGTGA_005,177
GTCATGCCCATGGATACTTG_001,130
GTCATGCCCATGGATACTTG_002,45
GTCATGCCCATGGATACTTG_003,38
GTCATGCCCATGGATACTTG_004,25
GTCATGCCCATGGATACTTG_005,92
GTCATGCCCATGGATACTTG_006,105
GTCATGCCCATGGATACTTG_007,10
GTCATGCCCATGGATACTTG_008,156
GTCATGCCCATGGATACTTG_009,80
CTCCAATAAGGGTGGTAGGA_001,165
CTCCAATAAGGGTGGTAGGA_002,162
CTCCAATAAGGGTGGTAGGA_003,60
CTCCAATAAGGGTGGTAGGA_004,174
CTCCAATAAGGGTGGTAGGA_005,164
CTCCAATAAGGGTGGTAGGA_006,164
CTCCAATAAGGGTGGTAGGA_007,113
CTCCAATAAGGGTGGTAGGA_008,63
CTCCAATAAGGGTGGTAGGA_009,184
CTCCAATAAGGGTGGTAGGA_010,105
CTCCAATAAGGGTGGTAGGA_011,173
CTCCAATAAGGGTGGTAGGA_012,137
CTCCAATAAGGGTGGTAGGA_013,94
CTCCAATAAGGGTGGTAGGA_014,77
CTCCAATAAGGGTGGTAGGA_015,183
CTCCAATAAGGGTGGTAGGA_016,3
GCTCCCGCCCCGGGGGACTG_001,88
GCTCCCGCCCCGGGGGACTG_002,11
GCTCCCGCCCCGGGGGACTG_003,191
GCTCCCGCCCCGGGGGACTG_004,189
GCTCCCGCCCCGGGGGACTG_005,189
GCTCCCGCCCCGGGGGACTG_006,101
GCTCCCGCCCCGGGGGACTG_007,16
GCTCCCGCCCCGGGGGACTG_008,137
GCTCCCGCCCCGGGGGACTG_009,103
GCTCCCGCCCCGGGGGACTG_010,149
GCTCCCGCCCCGGGGGACTG_011,9
GCTCCCGCCCCGGGGGACTG_012,56
GCTCCCGCCCCGGGGGACTG_013,88
CCAGCAACTACGAGTATCTG_001,33
CCAGCAACTACGAGTATCTG_002,58
CCAGCAACTACGAGTATCTG_003,185
CCAGCAACTACGAGTATCTG_004,13
CTTCTCGGACTCGTACATGA_001,72
CTTCTCGGACTCGTACATGA_002,113
CTTCTCGGACTCGTACATGA_003,198
CTTCTCGGACTCGTACATGA_004,82
CTTCTCGGACTCGTACATGA_005,193
CTTCTCGGACTCGTACATGA_006,9
CTTCTCGGACTCGTACATGA_007,0
ATGCTAGGAGATCACTAACA_001,88
ATGCTAGGAGATCACTAACA_002,22
ATGCTAGGAGATCACTAACA_003,29
ATGCTAGGAGATCACTAACA_004,40
ATGCTAGGAGATCACTAACA_005,104
ATGCTAGGAGATCACTAACA_006,46
ATGCTAGGAGATCACTAACA_007,106
TGATATCTGAAATGACGAGG_001,102
TGATATCTGAAATGACGAGG_002,96
TGATATCTGAAATGACGAGG_003,2
TGATATCTGAAATGACGAGG_004,152
TGATATCTGAAATGACGAGG_005,15
TGATATCTGAAATGACGAGG_006,84
TGATATCTGAAATGACGAGG_007,48
AAGGCCATGAAGACAAGCGG_001,137
AAGGCCATGAAGACAAGCGG_002,42
AAGGCCATGAAGACAAGCGG_003,29
AAGGCCATGAAGACAAGCGG_004,183
AAGGCCATGAAGACAAGCGG_005,1
AAGGCCATGAAGACAAGCGG_006,16
AAGGCCATGAAGACAAGCGG_007,48
AAGGCCATGAAGACAAGCGG_008,2
AAGGCCATGAAGACAAGCGG_009,29
AAGGCCATGAAGACAAGCGG_010,26
AAGGCCATGAAGACAAGCGG_011,14
AAGGCCATGAAGACAAGCGG_012,62
AAGGCCATGAAGACAAGCGG_013,131
AAGGCCATGAAGACAAGCGG_014,145
AAGGCCATGAAGACAAGCGG_015,149
AAGGCCATGAAGACAAGCGG_016,15
AAGGCCATGAAGACAAGCGG_017,36
AAGGCCATGAAGACAAGCGG_018,47
AAGGCCATGAAGACAAGCGG_019,127
AAGGCCATGAAGACAAGCGG_020,17
AAGGCCATGAAGACAAGCGG_021,6
AAGGCCATGAAGACAAGCGG_022,59
AAGGCCATGAAGACAAGCGG_023,184
AAGGCCATGAAGACAAGCGG_024,72
AAGGCCATGAAGACAAGCGG_025,159
AAGGCCATGAAGACAAGCGG_026,145
AAGGCCATGAAGACAAGCGG_027,65
AAGGCCATGAAGACAAGCGG_028,111
AAGGCCATGAAGACAAGCGG_029,183
AAGGCCATGAAGACAAGCGG_030,124
AAGGCCATGAAGACAAGCGG_031,115
AAGGCCATGAAGACAAGCGG_032,6
AAGGCCATGAAGACAAGCGG_033,10
AAGGCCATGAAGACAAGCGG_034,185
AAGGCCATGAAGACAAGCGG_035,164
AAGGCCATGAAGACAAGCGG_036,188
AAGGCCATGAAGACAAGCGG_037,158
GAAGACGCAGGACCTGATAG_001,193
GAAGACGCAGGACCTGATAG_002,166
GAAGACGCAGGACCTGATAG_003,61
GAAGACGCAGGACCTGATAG_004,159
GAAGACGCAGGACCTGATAG_005,161
GAAGACGCAGGACCTGATAG_006,154
GAAGACGCAGGACCTGATAG_007,187
GAAGACGCAGGACCTGATAG_008,112
GAAGACGCAGGACCTGATAG_009,73
AATCAACACGAGGTTTCTAG_001,155
TTCTCATCCTGAAGATTACG_001,158
TTCTCATCCTGAAGATTACG_002,28
TTCTCATCCTGAAGATTACG_003,85
TTCTCATCCTGAAGATTACG_004,195
CAGCCCAAGTAACTCACCCC_001,97
CTGATGACAAGCTCAATGGG_001,172
CTGATGACAAGCTCAATGGG_002,58
CTGATGACAAGCTCAATGGG_003,119
CTGATGACAAGCTCAATGGG_004,171
CTGATGACAAGCTCAATGGG_005,11
CTGATGACAAGCTCAATGGG_006,104
CTGATGACAAGCTCAATGGG_007,199
CTGATGACAAGCTCAATGGG_008,95
CTGATGACAAGCTCAATGGG_009,136
CTGATGACAAGCTCAATGGG_010,11
CTGATGACAAGCTCAATGGG_011,6
GGATGCGGATATAGAACCGG_001,80
ATTTCATCTGGAAATACAGG_001,50
CGAGTGCACGTGATAGAGCA_001,179
CGAGTGCACGTGATAGAGCA_002,128
CGAGTGCACGTGATAGAGCA_003,75
CGAGTGCACGTGATAGAGCA_004,2
CGAGTGCACGTGATAGAGCA_005,25
CGAGTGCACGTGATAGAGCA_006,165
GCATATGTACAAGCTTTGGA_001,160
GCATATGTACAAGCTTTGGA_002,139
GCATATGTACAAGCTTTGGA_003,27
CCCCCTACTTCTATGCACTG_001,156
CCCCCTACTTCTATGCACTG_002,94
CCCCCTACTTCTATGCACTG_003,30
CCCCCTACTTCTATGCACTG_004,35
CCCCCTACTTCTATGCACTG_005,9
CTCATCACCAGACTTGACAC_001,62
CTCATCACCAGACTTGACAC_002,1
CTCATCACCAGACTTGACAC_003,127
CTCATCACCAGACTTGACAC_004,2
CTCATCACCAGACTTGACAC_005,130
CTCATCACCAGACTTGACAC_006,197
CTCATCACCAGACTTGACAC_007,121
CTCATCACCAGACTTGACAC_008,78
CTCATCACCAGACTTGACAC_009,9
CTCATCACCAGACTTGACAC_010,94
CTCATCACCAGACTTGACAC_011,159
CTCATCACCAGACTTGACAC_012,62
CTCATCACCAGACTTGACAC_013,144
CTCATCACCAGACTTGACAC_014,10
CTCATCACCAGACTTGACAC_015,130
CTCATCACCAGACTTGACAC_016,76
CTCATCACCAGACTTGACAC_017,184
CTCATCACCAGACTTGACAC_018,105
CTCATCACCAGACTTGACAC_019,0
AAACGGTGTAGAGACTATGA_001,77
AAACGGTGTAGAGACTATGA_002,15
AAACGGTGTAGAGACTATGA_003,45
CCAACACCACAAATCAGCAA_001,34
CCAACACCACAAATCAGCAA_002,65
CCAACACCACAAATCAGCAA_003,147
CCAACACCACAAATCAGCAA_004,155
CCAACACCACAAATCAGCAA_005,81
CCAACACCACAAATCAGCAA_006,94
CCAACACCACAAATCAGCAA_007,81
CCAACACCACAAATCAGCAA_008,152
CCAACACCACAAATCAGCAA_009,142
CCAACACCACAAATCAGCAA_010,108
CCAACACCACAAATCAGCAA_011,34
AGTGCGAGTAGAGATCTGAG_001,163
AGTGCGAGTAGAGATCTGAG_002,60
AGTGCGAGTAGAGATCTGAG_003,28
AGTGCGAGTAGAGATCTGAG_004,121
AGTGCGAGTAGAGATCTGAG_005,127
AGTGCGAGTAGAGATCTGAG_006,196
AGTGCGAGTAGAGATCTGAG_007,88
AGTGCGAGTAGAGATCTGAG_008,48
AGTGCGAGTAGAGATCTGAG_009,0
AGTGCGAGTAGAGATCTGAG_010,128
CACGACGACGACGACATCCG_001,82
CACGACGACGACGACATCCG_002,145
CACGACGACGACGACATCCG_003,16
CACGACGACGACGACATCCG_004,1
CACGACGACGACGACATCCG_005,65
CACGACGACGACGACATCCG_006,199
CACGACGACGACGACATCCG_007,92
CACGACGACGACGACATCCG_008,42
CACGACGACGACGACATCCG_009,176
CACGACGACGACGACATCCG_010,67
CACGACGACGACGACATCCG_011,67
CACGACGACGACGACATCCG_012,119
CACGACGACGACGACATCCG_013,121
CCATCAACAAGAGCCCCCAA_001,98
CCATCAACAAGAGCCCCCAA_002,17
CCATCAACAAGAGCCCCCAA_003,70
CCATCAACAAGAGCCCCCAA_004,86
CCATCAACAAGAGCCCCCAA_005,49
CCATCAACAAGAGCCCCCAA_006,8
CCATCAACAAGAGCCCCCAA_007,22
CCATCAACAAGAGCCCCCAA_008,44
CCATCAACAAGAGCCCCCAA_009,112
AGAGTGGGTCATCATCGACA_001,177
AGAGTGGGTCATCATCGACA_002,57
AGAGTGGGTCATCATCGACA_003,103
AGAGTGGGTCATCATCGACA_004,64
GGCGCCTCAGACAGGCATCG_001,83
GGCGCCTCAGACAGGCATCG_002,22
GGCGCCTCAGACAGGCATCG_003,125
GGCGCCTCAGACAGGCATCG_004,97
GGCGCCTCAGACAGGCATCG_005,108
GGCGCCTCAGACAGGCATCG_006,5
GGCGCCTCAGACAGGCATCG_007,131
GGCGCCTCAGACAGGCATCG_008,28
GGCGCCTCAGACAGGCATCG_009,175
GGCGCCTCAGACAGGCATCG_010,152
GGCGCCTCAGACAGGCATCG_011,130
GGCGCCTCAGACAGGCATCG_012,130
GGCGCCTCAGACAGGCATCG_013,142
GGCGCCTCAGACAGGCATCG_014,52
GTTGAGTCACTCAAGGGTGT_001,126
GTTGAGTCACTCAAGGGTGT_002,4
GTTGAGTCACTCAAGGGTGT_003,30
GTTGAGTCACTCAAGGGTGT_004,45
GTTGAGTCACTCAAGGGTGT_005,83
GTTGAGTCACTCAAGGGTGT_006,197
GTTGAGTCACTCAAGGGTGT_007,66
GTTGAGTCACTCAAGGGTGT_008,131
GTTGAGTCACTCAAGGGTGT_009,91
GTTGAGTCACTCAAGGGTGT_010,82
GCACGGCGCGGGCAATCACG_001,166
GCACGGCGCGGGCAATCACG_002,95
GCACGGCGCGGGCAATCACG_003,143
GCACGGCGCGGGCAATCACG_004,29
GCACGGCGCGGGCAATCACG_005,3
GCACGGCGCGGGCAATCACG_006,103
CTATGCTTAGGCATTCCGGG_001,169
CTATGCTTAGGCATTCCGGG_002,169
CTATGCTTAGGCATTCCGGG_003,66
CTATGCTTAGGCATTCCGGG_004,63
CTATGCTTAGGCATTCCGGG_005,133
CTATGCTTAGGCATTCCGGG_006,110
CTATGCTTAGGCATTCCGGG_007,80
CTATGCTTAGGCATTCCGGG_008,80
CTATGCTTAGGCATTCCGGG_009,33
CTATGCTTAGGCATTCCGGG_010,25
CTATGCTTAGGCATTCCGGG_011,128
CTATGCTTAGGCATTCCGGG_012,107
CTATGCTTAGGCATTCCGGG_013,130
CTATGCTTAGGCATTCCGGG_014,19
CTATGCTTAGGCATTCCGGG_015,33
CCCCACAGACGAATACCTGG_001,166
CCCCACAGACGAATACCTGG_002,23
CCCCACAGACGAATACCTGG_003,140
ATGTGTGAAGAGCATGGCAA_001,17
ATGTGTGAAGAGCATGGCAA_002,164
ATGTGTGAAGAGCATGGCAA_003,106
ATGTGTGAAGAGCATGGCAA_004,188
ATGTGTGAAGAGCATGGCAA_005,188
ATGTGTGAAGAGCATGGCAA_006,94
ATGTGTGAAGAGCATGGCAA_007,108
ATGTGTGAAGAGCATGGCAA_008,2
ATGTGTGAAGAGCATGGCAA_009,127
ATGTGTGAAGAGCATGGCAA_010,194
ATGTGTGAAGAGCATGGCAA_011,168
ATGTGTGAAGAGCATGGCAA_012,63
ATGTGTGAAGAGCATGGCAA_013,90
ATGTGTGAAGAGCATGGCAA_014,63
GCTCCACAGAAGGCGATCGG_001,93
GCTCCACAGAAGGCGATCGG_002,163
GCTCCACAGAAGGCGATCGG_003,115
GCTCCACAGAAGGCGATCGG_004,41
GCTCCACAGAAGGCGATCGG_005,38
GCTCCACAGAAGGCGATCGG_006,185
CTTCTTGTGAATTCCACTCA_001,177
CTTCTTGTGAATTCCACTCA_002,83
CTTCTTGTGAATTCCACTCA_003,121
CTTCTTGTGAATTCCACTCA_004,186
CTGGAGCATTACAGAGACAT_001,173
CTGGAGCATTACAGAGACAT_002,175
CTGGAGCATTACAGAGACAT_003,182
CTGGAGCATTACAGAGACAT_004,106
CTGGAGCATTACAGAGACAT_005,115
GACGGTAAGGATCATCAGCG_001,180
GTGAAGCTGACGGGTCCGCG_001,146
GTGAAGCTGACGGGTCCGCG_002,94
GTGAAGCTGACGGGTCCGCG_003,94
GTGAAGCTGACGGGTCCGCG_004,135
GTGAAGCTGACGGGTCCGCG_005,76
GTGAAGCTGACGGGTCCGCG_006,15
GTGAAGCTGACGGGTCCGCG_007,190
GTGAAGCTGACGGGTCCGCG_008,62
GTGAAGCTGACGGGTCCGCG_009,170
GTGAAGCTGACGGGTCCGCG_010,83
GTGAAGCTGACGGGTCCGCG_011,48
GTGAAGCTGACGGGTCCGCG_012,50
GTGAAGCTGACGGGTCCGCG_013,93
GTGAAGCTGACGGGTCCGCG_014,29
GTGAAGCTGACGGGTCCGCG_015,65
GTGAAGCTGACGGGTCCGCG_016,94
GTGAAGCTGACGGGTCCGCG_017,124
GTGAAGCTGACGGGTCCGCG_018,12
GTGAAGCTGACGGGTCCGCG_019,144
GTGAAGCTGACGGGTCCGCG_020,185
GTGAAGCTGACGGGTCCGCG_021,81
GTGAAGCTGACGGGTCCGCG_022,121
GTGAAGCTGACGGGTCCGCG_023,181
GTGAAGCTGACGGGTCCGCG_024,123
GTGAAGCTGACGGGTCCGCG_025,13
GTGAAGCTGACGGGTCCGCG_026,174
GTGAAGCTGACGGGTCCGCG_027,172
GTGAAGCTGACGGGTCCGCG_028,137
GTGAAGCTGACGGGTCCGCG_029,158
GTGAAGCTGACGGGTCCGCG_030,98
GTGAAGCTGACGGGTCCGCG_031,148
GTGAAGCTGACGGGTCCGCG_032,170
GTGAAGCTGACGGGTCCGCG_033,160
AGCAAGACAGAGTCAATAAG_001,160
AGCAAGACAGAGTCAATAAG_002,168
AGCAAGACAGAGTCAATAAG_003,26
AGTTCAAATGCCCTTCCAGT_001,41
AGTTCAAATGCCCTTCCAGT_002,41
AGTTCAAATGCCCTTCCAGT_003,102
AGTTCAAATGCCCTTCCAGT_004,60
AGTTCAAATGCCCTTCCAGT_005,49
AGTTCAAATGCCCTTCCAGT_006,166
AGTTCAAATGCCCTTCCAGT_007,177
AGTTCAAATGCCCTTCCAGT_008,57
AGTTCAAATGCCCTTCCAGT_009,61
GTATGAGATTGCCATTCGCA_001,2
GTATGAGATTGCCATTCGCA_002,156
GTATGAGATTGCCATTCGCA_003,196
GTATGAGATTGCCATTCGCA_004,64
GTATGAGATTGCCATTCGCA_005,3
GTATGAGATTGCCATTCGCA_006,174
GTATGAGATTGCCATTCGCA_007,91
GTATGAGATTGCCATTCGCA_008,91
GTATGAGATTGCCATTCGCA_009,108
GTATGAGATTGCCATTCGCA_010,72
GTATGAGATTGCCATTCGCA_011,117
GTATGAGATTGCCATTCGCA_012,23
GTATGAGATTGCCATTCGCA_013,198
CGCACAACTGGGACACCATG_001,7
CGCACAACTGGGACACCATG_002,194
CGCACAACTGGGACACCATG_003,166
CGCACAACTGGGACACCATG_004,82
CGCACAACTGGGACACCATG_005,90
CGCACAACTGGGACACCATG_006,62
CGCACAACTGGGACACCATG_007,141
CGCACAACTGGGACACCATG_008,15
CGCACAACTGGGACACCATG_009,162
CGCACAACTGGGACACCATG_010,68
CGCACAACTGGGACACCATG_011,144
CGCACAACTGGGACACCATG_012,159
CGCACAACTGGGACACCATG_013,129
CGCACAACTGGGACACCATG_014,153
CGCACAACTGGGACACCATG_015,111
CGCACAACTGGGACACCATG_016,9
CGCACAACTGGGACACCATG_017,83
CGCACAACTGGGACACCATG_018,12
CGCACAACTGGGACACCATG_019,168
CGCACAACTGGGACACCATG_020,156
CGCACAACTGGGACACCATG_021,105
CGCACAACTGGGACACCATG_022,174
CGCACAACTGGGACACCATG_023,197
CGCACAACTGGGACACCATG_024,191
CGCACAACTGGGACACCATG_025,64
AAATATGGACGAATAGTGGA_001,86
AAATATGGACGAATAGTGGA_002,82
AAATATGGACGAATAGTGGA_003,146
AAGACGCGGAACAAGGCGCT_001,8
AAGACGCGGAACAAGGCGCT_002,172
AAGACGCGGAACAAGGCGCT_003,37
AAGACGCGGAACAAGGCGCT_004,122
AAGACGCGGAACAAGGCGCT_005,19
AAGACGCGGAACAAGGCGCT_006,19
AAGACGCGGAACAAGGCGCT_007,19
AAGACGCGGAACAAGGCGCT_008,146
AAGACGCGGAACAAGGCGCT_009,199
AAGACGCGGAACAAGGCGCT_010,19
AAGACGCGGAACAAGGCGCT_011,8
AAGACGCGGAACAAGGCGCT_012,44
AAGACGCGGAACAAGGCGCT_013,101
AAGACGCGGAACAAGGCGCT_014,102
AAGACGCGGAACAAGGCGCT_015,105
AAGACGCGGAACAAGGCGCT_016,26
AAGACGCGGAACAAGGCGCT_017,85
AAGACGCGGAACAAGGCGCT_018,3
AAGACGCGGAACAAGGCGCT_019,188
AAGACGCGGAACAAGGCGCT_020,107
AAGACGCGGAACAAGGCGCT_021,146
AAGACGCGGAACAAGGCGCT_022,192
AAGACGCGGAACAAGGCGCT_023,165
AAGACGCGGAACAAGGCGCT_024,148
AAGACGCGGAACAAGGCGCT_025,28
AAGACGCGGAACAAGGCGCT_026,185
AAGACGCGGAACAAGGCGCT_027,4
AAGACGCGGAACAAGGCGCT_028,168
AAGACGCGGAACAAGGCGCT_029,77
AAGACGCGGAACAAGGCGCT_030,197
AAGACGCGGAACAAGGCGCT_031,194
AAGACGCGGAACAAGGCGCT_032,194
AAGACGCGGAACAAGGCGCT_033,21
AAGACGCGGAACAAGGCGCT_034,98
AAGACGCGGAACAAGGCGCT_035,88
AATCATTATTAACCACAACA_001,105
AATCATTATTAACCACAACA_002,40
AATCATTATTAACCACAACA_003,9
CCATAGCGATAGGCCTCCGA_001,177
CCATAGCGATAGGCCTCCGA_002,162
CCATAGCGATAGGCCTCCGA_003,163
CCATAGCGATAGGCCTCCGA_004,195
CCATAGCGATAGGCCTCCGA_005,10
CCATAGCGATAGGCCTCCGA_006,77
CCATAGCGATAGGCCTCCGA_007,62
CCATAGCGATAGGCCTCCGA_008,158
CCATAGCGATAGGCCTCCGA_009,105
CCATAGCGATAGGCCTCCGA_010,98
CCATAGCGATAGGCCTCCGA_011,106
GAAGGCCATCTTGGGTACGG_001,76
GAAGGCCATCTTGGGTACGG_002,199
GAAGGCCATCTTGGGTACGG_003,3
GAAGGCCATCTTGGGTACGG_004,77
GAAGGCCATCTTGGGTACGG_005,15
GAAGGCCATCTTGGGTACGG_006,14
GAAGGCCATCTTGGGTACGG_007,48
GAAGGCCATCTTGGGTACGG_008,128
GAAGGCCATCTTGGGTACGG_009,4
GACTGGAATCTGGAGAGTGA_001,99
GACTGGAATCTGGAGAGTGA_002,68
AGATTGATGAAGTAAAGGTG_001,138
AGATTGATGAAGTAAAGGTG_002,56
AGATTGATGAAGTAAAGGTG_003,192
AGATTGATGAAGTAAAGGTG_004,192
AGATTGATGAAGTAAAGGTG_005,88
AGATTGATGAAGTAAAGGTG_006,121
CAGGGCGGAGACTTCACCAG_001,77
CAGGGCGGAGACTTCACCAG_002,100
CAGGGCGGAGACTTCACCAG_003,125
CAGGGCGGAGACTTCACCAG_004,153
CAGGGCGGAGACTTCACCAG_005,18
CAGGGCGGAGACTTCACCAG_006,125
CAGGGCGGAGACTTCACCAG_007,96
CAGGGCGGAGACTTCACCAG_008,2
CAGGGCGGAGACTTCACCAG_009,134
CAGGGCGGAGACTTCACCAG_010,163
CAGGGCGGAGACTTCACCAG_011,118
CAGGGCGGAGACTTCACCAG_012,121
CAGGGCGGAGACTTCACCAG_013,166
CAGGGCGGAGACTTCACCAG_014,141
CAGGGCGGAGACTTCACCAG_015,70
CAGGGCGGAGACTTCACCAG_016,100
CAGGGCGGAGACTTCACCAG_017,124
GCATGTCACAGAAGGTGCAC_001,129
GCATGTCACAGAAGGTGCAC_002,49
GCATGTCACAGAAGGTGCAC_003,124
GCATGTCACAGAAGGTGCAC_004,137
GCATGTCACAGAAGGTGCAC_005,88
GCATGTCACAGAAGGTGCAC_006,84
GCATGTCACAGAAGGTGCAC_007,199
GCATGTCACAGAAGGTGCAC_008,60
GGCCTCCCTCCTGCGCACCG_001,41
GGCCTCCCTCCTGCGCACCG_002,96
GGCCTCCCTCCTGCGCACCG_003,0
GGCCTCCCTCCTGCGCACCG_004,41
GGCCTCCCTCCTGCGCACCG_005,117
GGCCTCCCTCCTGCGCACCG_006,50
GGCCTCCCTCCTGCGCACCG_007,151
GGCCTCCCTCCTGCGCACCG_008,38
GGCCTCCCTCCTGCGCACCG_009,160
GGCCTCCCTCCTGCGCACCG_010,139
GGCCTCCCTCCTGCGCACCG_011,168
GGCCTCCCTCCTGCGCACCG_012,9
GGCCTCCCTCCTGCGCACCG_013,192
GGCCTCCCTCCTGCGCACCG_014,67
GGCCTCCCTCCTGCGCACCG_015,191
GGCCTCCCTCCTGCGCACCG_016,176
GGTACAGCCGGGACGCTCGA_001,3
GGTACAGCCGGGACGCTCGA_002,104
GGTACAGCCGGGACGCTCGA_003,22
GGTACAGCCGGGACGCTCGA_004,7
GGTACAGCCGGGACGCTCGA_005,169
GGTACAGCCGGGACGCTCGA_006,182
GGTACAGCCGGGACGCTCGA_007,169
GGTACAGCCGGGACGCTCGA_008,149
GGTACAGCCGGGACGCTCGA_009,108
GGTACAGCCGGGACGCTCGA_010,67
GGTACAGCCGGGACGCTCGA_011,98
GGTACAGCCGGGACGCTCGA_012,169
GGTACAGCCGGGACGCTCGA_013,189
GGTACAGCCGGGACGCTCGA_014,2
GGTACAGCCGGGACGCTCGA_015,141
GGTACAGCCGGGACGCTCGA_016,162
GGTACAGCCGGGACGCTCGA_017,76
GGTACAGCCGGGACGCTCGA_018,148
GGTACAGCCGGGACGCTCGA_019,146
GGTACAGCCGGGACGCTCGA_020,32
GGTACAGCCGGGACGCTCGA_021,115
GGTACAGCCGGGACGCTCGA_022,188
GGTACAGCCGGGACGCTCGA_023,188
GGTACAGCCGGGACGCTCGA_024,56
GGTACAGCCGGGACGCTCGA_025,100
GGTACAGCCGGGACGCTCGA_026,56
GGTACAGCCGGGACGCTCGA_027,108
GGTACAGCCGGGACGCTCGA_028,47
GGTACAGCCGGGACGCTCGA_029,133
GGTACAGCCGGGACGCTCGA_030,62
GGTACAGCCGGGACGCTCGA_031,132
GGTACAGCCGGGACGCTCGA_032,115
GGTGAAGTACTGGCAAGCAA_001,162
GGTGAAGTACTGGCAAGCAA_002,154
GGTGAAGTACTGGCAAGCAA_003,177
GGTGAAGTACTGGCAAGCAA_004,9
GGTGAAGTACTGGCAAGCAA_005,172
GGTGAAGTACTGGCAAGCAA_006,192
GGTGAAGTACTGGCAAGCAA_007,148
GGTGAAGTACTGGCAAGCAA_008,34
GGTGAAGTACTGGCAAGCAA_009,107
GGTGAAGTACTGGCAAGCAA_010,40
GGTGAAGTACTGGCAAGCAA_011,123
GGTGAAGTACTGGCAAGCAA_012,126
GGTGAAGTACTGGCAAGCAA_013,148
CTCAACCGACCGTATGGTCA_001,23
CTCAACCGACCGTATGGTCA_002,41
CTCAACCGACCGTATGGTCA_003,51
CTCAACCGACCGTATGGTCA_004,46
CTCAACCGACCGTATGGTCA_005,22
CTCAACCGACCGTATGGTCA_006,127
CTCAACCGACCGTATGGTCA_007,22
CTCAACCGACCGTATGGTCA_008,162
CTCAACCGACCGTATGGTCA_009,141
CTCAACCGACCGTATGGTCA_010,184
CTCAACCGACCGTATGGTCA_011,105
CTCAACCGACCGTATGGTCA_012,175
CTCAACCGACCGTATGGTCA_013,27
GAGGGCGACGCATACCCCAA_001,72
GAGGGCGACGCATACCCCAA_002,198
GAGGGCGACGCATACCCCAA_003,166
GAGGGCGACGCATACCCCAA_004,158
GAGGGCGACGCATACCCCAA_005,0
GAGGGCGACGCATACCCCAA_006,174
GAGGGCGACGCATACCCCAA_007,57
GAGGGCGACGCATACCCCAA_008,83
GAGGGCGACGCATACCCCAA_009,102
GAGGGCGACGCATACCCCAA_010,127
ATTGGTGGTGCTTCTAGTCG_001,188
ATTGGTGGTGCTTCTAGTCG_002,103
AACTCAGCTGACATTCTACA_001,76
TTATATTAGACATACTCATC_001,55
TTATATTAGACATACTCATC_002,81
TTATATTAGACATACTCATC_003,81
CCAACCAATCAACCACTAGG_001,70
CCAACCAATCAACCACTAGG_002,173
CCAACCAATCAACCACTAGG_003,43
CCAACCAATCAACCACTAGG_004,162
CCAACCAATCAACCACTAGG_005,96
CCAACCAATCAACCACTAGG_006,63
CCAACCAATCAACCACTAGG_007,63
CCAACCAATCAACCACTAGG_008,149
CCAACCAATCAACCACTAGG_009,136
CCAACCAATCAACCACTAGG_010,57
CCAACCAATCAACCACTAGG_011,149
CCAACCAATCAACCACTAGG_012,184
CCAACCAATCAACCACTAGG_013,136
CACTCACCTGACAACCCCGG_001,114
CACTCACCTGACAACCCCGG_002,59
CACTCACCTGACAACCCCGG_003,47
CACTCACCTGACAACCCCGG_004,44
CACTCACCTGACAACCCCGG_005,61
CACTCACCTGACAACCCCGG_006,57
CACTCACCTGACAACCCCGG_007,54
CACTCACCTGACAACCCCGG_008,93
CACTCACCTGACAACCCCGG_009,15
CACTCACCTGACAACCCCGG_010,1
CACTCACCTGACAACCCCGG_011,103
CACTCACCTGACAACCCCGG_012,162
CACTCACCTGACAACCCCGG_013,113
ACCACCCCCAACTCCCATGG_001,166
ACCACCCCCAACTCCCATGG_002,70
ACCACCCCCAACTCCCATGG_003,88
ACCACCCCCAACTCCCATGG_004,15
ACCACCCCCAACTCCCATGG_005,62
ACCACCCCCAACTCCCATGG_006,40
ACCACCCCCAACTCCCATGG_007,72
ACCACCCCCAACTCCCATGG_008,62
ACCACCCCCAACTCCCATGG_009,41
ACCACCCCCAACTCCCATGG_010,16
ACCACCCCCAACTCCCATGG_011,92
ACCACCCCCAACTCCCATGG_012,28
ACCACCCCCAACTCCCATGG_013,49
ACCACCCCCAACTCCCATGG_014,199
ACCACCCCCAACTCCCATGG_015,2
CGGCTCCATCAACACGCTCT_001,0
CGGCTCCATCAACACGCTCT_002,90
CGGCTCCATCAACACGCTCT_003,56
TGAAACCCGAGAGGAGCGCA_001,5
TGAAACCCGAGAGGAGCGCA_002,94
TGAAACCCGAGAGGAGCGCA_003,114
TGAAACCCGAGAGGAGCGCA_004,113
TGAAACCCGAGAGGAGCGCA_005,149
TGAAACCCGAGAGGAGCGCA_006,149
TGAAACCCGAGAGGAGCGCA_007,177
TGAAACCCGAGAGGAGCGCA_008,30
TGAAACCCGAGAGGAGCGCA_009,145
TGAAACCCGAGAGGAGCGCA_010,199
TGAAACCCGAGAGGAGCGCA_011,101
TGAAACCCGAGAGGAGCGCA_012,101
TGAAACCCGAGAGGAGCGCA_013,10
CGCCCAACAGCACTGCATGG_001,118
CGCCCAACAGCACTGCATGG_002,188
CGCCCAACAGCACTGCATGG_003,81
CGCCCAACAGCACTGCATGG_004,113
CGCCCAACAGCACTGCATGG_005,86
CGCCCAACAGCACTGCATGG_006,119
CGCCCAACAGCACTGCATGG_007,190
CGCCCAACAGCACTGCATGG_008,113
CGCCCAACAGCACTGCATGG_009,158
CGCCCAACAGCACTGCATGG_010,45
CGCCCAACAGCACTGCATGG_011,174
CGCCCAACAGCACTGCATGG_012,180
CAAAGGTCCCCGAATAGATG_001,195
CAAAGGTCCCCGAATAGATG_002,8
CAAAGGTCCCCGAATAGATG_003,122
CAAAGGTCCCCGAATAGATG_004,15
CAAAGGTCCCCGAATAGATG_005,58
CAAAGGTCCCCGAATAGATG_006,98
CAAAGGTCCCCGAATAGATG_007,66
CAAAGGTCCCCGAATAGATG_008,126
CAAAGGTCCCCGAATAGATG_009,55
CAAAGGTCCCCGAATAGATG_010,124
CAAAGGTCCCCGAATAGATG_011,0
TATTGGGATACCTGCTGTTG_001,166
TATTGGGATACCTGCTGTTG_002,160
TATTGGGATACCTGCTGTTG_003,188
TATTGGGATACCTGCTGTTG_004,32
TATTGGGATACCTGCTGTTG_005,88
TATTGGGATACCTGCTGTTG_006,69
TATTGGGATACCTGCTGTTG_007,35
TATCTGAATGGCAAACGCGG_001,94
TATCTGAATGGCAAACGCGG_002,166
TATCTGAATGGCAAACGCGG_003,5
TATCTGAATGGCAAACGCGG_004,80
TATCTGAATGGCAAACGCGG_005,66
TATCTGAATGGCAAACGCGG_006,98
TATCTGAATGGCAAACGCGG_007,111
TATCTGAATGGCAAACGCGG_008,73
TATCTGAATGGCAAACGCGG_009,117
TATCTGAATGGCAAACGCGG_010,19
TATCTGAATGGCAAACGCGG_011,68
TATCTGAATGGCAAACGCGG_012,177
TATCTGAATGGCAAACGCGG_013,70
TATCTGAATGGCAAACGCGG_014,76
TATCTGAATGGCAAACGCGG_015,26
TATCTGAATGGCAAACGCGG_016,141
TATCTGAATGGCAAACGCGG_017,80
TATCTGAATGGCAAACGCGG_018,165
TATCTGAATGGCAAACGCGG_019,50
AGCAACTCACATGGGCACCT_001,11
AGCAACTCACATGGGCACCT_002,169
AGCAACTCACATGGGCACCT_003,161
AGCAACTCACATGGGCACCT_004,198
AGCAACTCACATGGGCACCT_005,29
AGCAACTCACATGGGCACCT_006,199
AGCAACTCACATGGGCACCT_007,12
AGCAACTCACATGGGCACCT_008,158
AGCAACTCACATGGGCACCT_009,76
AGCAACTCACATGGGCACCT_010,165
AGCAACTCACATGGGCACCT_011,82
AGCAACTCACATGGGCACCT_012,40
AGCAACTCACATGGGCACCT_013,184
AGCAACTCACATGGGCACCT_014,32
AGCAACTCACATGGGCACCT_015,156
AGCAACTCACATGGGCACCT_016,33
AGCAACTCACATGGGCACCT_017,149
AGCAACTCACATGGGCACCT_018,69
AGCAACTCACATGGGCACCT_019,159
AGCAACTCACATGGGCACCT_020,116
AGCAACTCACATGGGCACCT_021,19
ACTTGAAACAAAGCTCGACA_001,58
ACTTGAAACAAAGCTCGACA_002,115
ACTTGAAACAAAGCTCGACA_003,177
ACTTGAAACAAAGCTCGACA_004,198
CAATATCTATGGCATCGCTG_001,68
CAATATCTATGGCATCGCTG_002,112
CAATATCTATGGCATCGCTG_003,58
CAATATCTATGGCATCGCTG_004,141
CAATATCTATGGCATCGCTG_005,184
TAGGGAGTGAAGTCTCACAT_001,69
TAGGGAGTGAAGTCTCACAT_002,43
TAGGGAGTGAAGTCTCACAT_003,49
TAGGGAGTGAAGTCTCACAT_004,16
TAGGGAGTGAAGTCTCACAT_005,192
TAGGGAGTGAAGTCTCACAT_006,183
GAGCATGGCACCAAATCTGA_001,24
GAGCATGGCACCAAATCTGA_002,116
GAGCATGGCACCAAATCTGA_003,62
GAGCATGGCACCAAATCTGA_004,48
GAGCATGGCACCAAATCTGA_005,44
GAGCATGGCACCAAATCTGA_006,59
GAGCATGGCACCAAATCTGA_007,192
GAGCATGGCACCAAATCTGA_008,24
GAGCATGGCACCAAATCTGA_009,45
GAGCATGGCACCAAATCTGA_010,49
GAGCATGGCACCAAATCTGA_011,174
GAGCATGGCACCAAATCTGA_012,197
GAGCATGGCACCAAATCTGA_013,141
ATCCGTGACACCAGGTCCAG_001,88
ATCCGTGACACCAGGTCCAG_002,32
ATCCGTGACACCAGGTCCAG_003,139
ATCCGTGACACCAGGTCCAG_004,66
ATCCGTGACACCAGGTCCAG_005,78
ATCCGTGACACCAGGTCCAG_006,121
ATCCGTGACACCAGGTCCAG_007,197
ATCCGTGACACCAGGTCCAG_008,37
ATCCGTGACACCAGGTCCAG_009,105
ATCCGTGACACCAGGTCCAG_010,110
ATCCGTGACACCAGGTCCAG_011,41
ATCCGTGACACCAGGTCCAG_012,79
ATCCGTGACACCAGGTCCAG_013,191
ATCCGTGACACCAGGTCCAG_014,28
ATCCGTGACACCAGGTCCAG_015,116
ATCCGTGACACCAGGTCCAG_016,183
ATCCGTGACACCAGGTCCAG_017,144
ATCCGTGACACCAGGTCCAG_018,148
CAGCAGTTACCATTGCTGCT_001,38
CCCTTGGACATACCCCGTCA_001,107
CCCTTGGACATACCCCGTCA_002,50
CCCTTGGACATACCCCGTCA_003,118
CCCTTGGACATACCCCGTCA_004,140
CCCTTGGACATACCCCGTCA_005,18
CCCTTGGACATACCCCGTCA_006,50
CCCTTGGACATACCCCGTCA_007,44
CCCTTGGACATACCCCGTCA_008,72
CCCTTGGACATACCCCGTCA_009,144
CCCTTGGACATACCCCGTCA_010,58
TGAGGAAATTCAATGCAAGG_001,171
TGAGGAAATTCAATGCAAGG_002,148
TGAGGAAATTCAATGCAAGG_003,170
TGAGGAAATTCAATGCAAGG_004,158
TGAGGAAATTCAATGCAAGG_005,58
TGAGGAAATTCAATGCAAGG_006,183
TGAGGAAATTCAATGCAAGG_007,44
CTTGTTCCGAAACTGCACAC_001,32
CTTGTTCCGAAACTGCACAC_002,12
CTTGTTCCGAAACTGCACAC_003,121
CTTGTTCCGAAACTGCACAC_004,104
CTTGTTCCGAAACTGCACAC_005,128
CTTGTTCCGAAACTGCACAC_006,9
CTTGTTCCGAAACTGCACAC_007,156
CTTGTTCCGAAACTGCACAC_008,105
CTTGTTCCGAAACTGCACAC_009,132
CTTGTTCCGAAACTGCACAC_010,130
CTTGTTCCGAAACTGCACAC_011,160
CTTGTTCCGAAACTGCACAC_012,71
CTTGTTCCGAAACTGCACAC_013,176
CTTGTTCCGAAACTGCACAC_014,197
CTTGTTCCGAAACTGCACAC_015,158
CTTGTTCCGAAACTGCACAC_016,105
CTTGTTCCGAAACTGCACAC_017,79
CTTGTTCCGAAACTGCACAC_018,160
GCCAGGTCTGATACCACGCA_001,150
GCCAGGTCTGATACCACGCA_002,188
GCCAGGTCTGATACCACGCA_003,73
GCCAGGTCTGATACCACGCA_004,151
GCCAGGTCTGATACCACGCA_005,1
GCCAGGTCTGATACCACGCA_006,29
GCCAGGTCTGATACCACGCA_007,7
GCCAGGTCTGATACCACGCA_008,74
AGAGGGCGCACTCTTGCGAG_001,159
AGAGGGCGCACTCTTGCGAG_002,48
AGAGGGCGCACTCTTGCGAG_003,15
AGGCCTTGAAGGTGTTATTG_001,150
AGGCCTTGAAGGTGTTATTG_002,115
AGGCCTTGAAGGTGTTATTG_003,167
AGGCCTTGAAGGTGTTATTG_004,176
AGGCCTTGAAGGTGTTATTG_005,191
AGGCCTTGAAGGTGTTATTG_006,169
AGGCCTTGAAGGTGTTATTG_007,73
AGGCCTTGAAGGTGTTATTG_008,24
AGGCCTTGAAGGTGTTATTG_009,146
AGGCCTTGAAGGTGTTATTG_010,162
AGGCCTTGAAGGTGTTATTG_011,174
AGGCCTTGAAGGTGTTATTG_012,48
AGGCCTTGAAGGTGTTATTG_013,140
AGGCCTTGAAGGTGTTATTG_014,176
AGGCCTTGAAGGTGTTATTG_015,23
AGGCCTTGAAGGTGTTATTG_016,162
AGGCCTTGAAGGTGTTATTG_017,31
AGGCCTTGAAGGTGTTATTG_018,83
AGGCCTTGAAGGTGTTATTG_019,166
AGGCCTTGAAGGTGTTATTG_020,176
AGGCCTTGAAGGTGTTATTG_021,119
AGGCCTTGAAGGTGTTATTG_022,43
AGGCCTTGAAGGTGTTATTG_023,113
AGGCCTTGAAGGTGTTATTG_024,10
AGGCCTTGAAGGTGTTATTG_025,70
AGGCCTTGAAGGTGTTATTG_026,53
TAGCTCGAGTCATTTCTCTA_001,4
TAGCTCGAGTCATTTCTCTA_002,69
TAGCTCGAGTCATTTCTCTA_003,182
TAGCTCGAGTCATTTCTCTA_004,138
TAGCTCGAGTCATTTCTCTA_005,120
TAGCTCGAGTCATTTCTCTA_006,126
TAGCTCGAGTCATTTCTCTA_007,105
TAGCTCGAGTCATTTCTCTA_008,157
TAGCTCGAGTCATTTCTCTA_009,28
TCAGTGCGTGGACATCCCCG_001,169
TCAGTGCGTGGACATCCCCG_002,27
TCAGTGCGTGGACATCCCCG_003,185
TCAGTGCGTGGACATCCCCG_004,174
TCAGTGCGTGGACATCCCCG_005,58
TCAGTGCGTGGACATCCCCG_006,3
TCAGTGCGTGGACATCCCCG_007,41
TCAGTGCGTGGACATCCCCG_008,0
TCAGTGCGTGGACATCCCCG_009,151
CAGCAGGAAGTCCAATTCAA_001,0
CAGCAGGAAGTCCAATTCAA_002,126
CAGCAGGAAGTCCAATTCAA_003,166
CAGCAGGAAGTCCAATTCAA_004,115
CAGCAGGAAGTCCAATTCAA_005,15
GAAAACCATAGTCGGCTGCG_001,183
GAAAACCATAGTCGGCTGCG_002,150
GAAAACCATAGTCGGCTGCG_003,19
GAAAACCATAGTCGGCTGCG_004,162
GAAAACCATAGTCGGCTGCG_005,28
GAAAACCATAGTCGGCTGCG_006,158
GAAAACCATAGTCGGCTGCG_007,117
GAAAACCATAGTCGGCTGCG_008,190
GAAAACCATAGTCGGCTGCG_009,19
GAAAACCATAGTCGGCTGCG_010,97
GAAAACCATAGTCGGCTGCG_011,119
GAAAACCATAGTCGGCTGCG_012,134
GGAGAACAGAAATAAGGGAA_001,130
GGAGAACAGAAATAAGGGAA_002,169
GGAGAACAGAAATAAGGGAA_003,36
GGAGAACAGAAATAAGGGAA_004,128
GGAGAACAGAAATAAGGGAA_005,44
GGAGAACAGAAATAAGGGAA_006,69
TAAATGTTTAGAACCTACTG_001,170
GGATGCCTACCGGGTACCGT_001,175
GGATGCCTACCGGGTACCGT_002,142
GGATGCCTACCGGGTACCGT_003,72
GGATGCCTACCGGGTACCGT_004,169
GGATGCCTACCGGGTACCGT_005,142
GGATGCCTACCGGGTACCGT_006,82
GGATGCCTACCGGGTACCGT_007,119
GGATGCCTACCGGGTACCGT_008,166
GGATGCCTACCGGGTACCGT_009,136
GGATGCCTACCGGGTACCGT_010,134
GGATGCCTACCGGGTACCGT_011,17
GGATGCCTACCGGGTACCGT_012,54
AGGGTTCAGAAAACCCCGAG_001,78
AGGGTTCAGAAAACCCCGAG_002,44
AGGGTTCAGAAAACCCCGAG_003,64
CGCTTCGTGTTCAAGAGATG_001,106
CGCTTCGTGTTCAAGAGATG_002,169
CGCTTCGTGTTCAAGAGATG_003,186
CGCTTCGTGTTCAAGAGATG_004,169
CGCTTCGTGTTCAAGAGATG_005,172
CGCTTCGTGTTCAAGAGATG_006,39
CGCTTCGTGTTCAAGAGATG_007,39
AAGATCTTCCACCCGAACGT_001,167
AAGATCTTCCACCCGAACGT_002,44
AAGATCTTCCACCCGAACGT_003,75
AAGATCTTCCACCCGAACGT_004,98
AAGATCTTCCACCCGAACGT_005,9
AAGATCTTCCACCCGAACGT_006,197
AAGATCTTCCACCCGAACGT_007,171
AAGATCTTCCACCCGAACGT_008,88
AAGATCTTCCACCCGAACGT_009,144
CTCAAAGAATGCTAGCTGAG_001,34
CTCAAAGAATGCTAGCTGAG_002,21
CTCAAAGAATGCTAGCTGAG_003,199
GGACCGCCTTAACATCGAGG_001,189
GGACCGCCTTAACATCGAGG_002,130
GGACCGCCTTAACATCGAGG_003,48
GGACCGCCTTAACATCGAGG_004,199
GGACCGCCTTAACATCGAGG_005,121
GGACCGCCTTAACATCGAGG_006,90
GGTTACCAAGATCTCCAGCA_001,32
GGTTACCAAGATCTCCAGCA_002,106
GGTTACCAAGATCTCCAGCA_003,94
GGTTACCAAGATCTCCAGCA_004,159
GGTTACCAAGATCTCCAGCA_005,58
GGTTACCAAGATCTCCAGCA_006,20
GGTTACCAAGATCTCCAGCA_007,119
GGTTACCAAGATCTCCAGCA_008,165
GGTTACCAAGATCTCCAGCA_009,174
GGTTACCAAGATCTCCAGCA_010,191
GGTTACCAAGATCTCCAGCA_011,63
GGTTACCAAGATCTCCAGCA_012,9
GGTTACCAAGATCTCCAGCA_013,199
GGTTACCAAGATCTCCAGCA_014,176
GGTTACCAAGATCTCCAGCA_015,199
GGTGCCATGCGCTTGCACGA_001,132
GGTGCCATGCGCTTGCACGA_002,161
GGTGCCATGCGCTTGCACGA_003,27
GGTGCCATGCGCTTGCACGA_004,113
GGTGCCATGCGCTTGCACGA_005,6
GGTGCCATGCGCTTGCACGA_006,108
GGTGCCATGCGCTTGCACGA_007,16
GGTGCCATGCGCTTGCACGA_008,84
GGTGCCATGCGCTTGCACGA_009,145
GGTGCCATGCGCTTGCACGA_010,114
GGTGCCATGCGCTTGCACGA_011,41
GGTGCCATGCGCTTGCACGA_012,44
GGTGCCATGCGCTTGCACGA_013,127
GGTGCCATGCGCTTGCACGA_014,119
GGTGCCATGCGCTTGCACGA_015,9
GGTGCCATGCGCTTGCACGA_016,116
GGTGCCATGCGCTTGCACGA_017,27
GCCATGTAGAGCTCAAAGCT_001,123
GCCATGTAGAGCTCAAAGCT_002,7
GCCATGTAGAGCTCAAAGCT_003,83
GCCATGTAGAGCTCAAAGCT_004,137
GCCATGTAGAGCTCAAAGCT_005,170
GCCATGTAGAGCTCAAAGCT_006,180
GCCATGTAGAGCTCAAAGCT_007,106
GCTACTGTGAGCAACATGCC_001,88
TGCCTTTAGGAATCCTATGG_001,77
TGCCTTTAGGAATCCTATGG_002,53
TGCCTTTAGGAATCCTATGG_003,158
TGCCTTTAGGAATCCTATGG_004,158
TGCCTTTAGGAATCCTATGG_005,147
TGCCTTTAGGAATCCTATGG_006,24
TGCCTTTAGGAATCCTATGG_007,141
TGCCTTTAGGAATCCTATGG_008,9
TGCCTTTAGGAATCCTATGG_009,150
TGCCTTTAGGAATCCTATGG_010,178
TGCCTTTAGGAATCCTATGG_011,183
TGCCTTTAGGAATCCTATGG_012,165
TGCCTTTAGGAATCCTATGG_013,28
TGCCTTTAGGAATCCTATGG_014,77
AATTTAAGCAGCGACAGACC_001,121
AATTTAAGCAGCGACAGACC_002,29
ACAATTCAGATAGCAACACC_001,161
ACAATTCAGATAGCAACACC_002,161
ACAATTCAGATAGCAACACC_003,47
ACAATTCAGATAGCAACACC_004,29
GATGGACTGTGTAATGCCGA_001,83
GATGGACTGTGTAATGCCGA_002,174
GATGGACTGTGTAATGCCGA_003,81
GATGGACTGTGTAATGCCGA_004,103
GATGGACTGTGTAATGCCGA_005,14
GAGGGAGGGCGAGCTTACGG_001,116
GAGGGAGGGCGAGCTTACGG_002,146
GAGGGAGGGCGAGCTTACGG_003,119
GAGGGAGGGCGAGCTTACGG_004,70
GAGGGAGGGCGAGCTTACGG_005,140
GAGGGAGGGCGAGCTTACGG_006,150
GAGGGAGGGCGAGCTTACGG_007,133
GAGGGAGGGCGAGCTTACGG_008,155
GAGGGAGGGCGAGCTTACGG_009,194
GAGGGAGGGCGAGCTTACGG_010,121
GAGGGAGGGCGAGCTTACGG_011,6
GAGGGAGGGCGAGCTTACGG_012,161
GAGGGAGGGCGAGCTTACGG_013,192
GAGGGAGGGCGAGCTTACGG_014,127
GAGGGAGGGCGAGCTTACGG_015,121
GAGGGAGGGCGAGCTTACGG_016,153
GAGGGAGGGCGAGCTTACGG_017,171
GAGGGAGGGCGAGCTTACGG_018,114
GAGGGAGGGCGAGCTTACGG_019,168
AGCACCAGACAATAGTCTGT_001,157
AGCACCAGACAATAGTCTGT_002,174
AGCACCAGACAATAGTCTGT_003,78
AGCACCAGACAATAGTCTGT_004,127
AGCACCAGACAATAGTCTGT_005,88
AGCACCAGACAATAGTCTGT_006,158
AGCACCAGACAATAGTCTGT_007,48
AGCACCAGACAATAGTCTGT_008,49
AGCACCAGACAATAGTCTGT_009,50
AGCACCAGACAATAGTCTGT_010,147
AGCACCAGACAATAGTCTGT_011,181
AGCACCAGACAATAGTCTGT_012,23
CGTCACAACCCAAGACCATG_001,108
CGTCACAACCCAAGACCATG_002,77
CGTCACAACCCAAGACCATG_003,34
CGTCACAACCCAAGACCATG_004,8
CGTCACAACCCAAGACCATG_005,16
CGTCACAACCCAAGACCATG_006,81
CGTCACAACCCAAGACCATG_007,158
CGTCACAACCCAAGACCATG_008,67
CGTCACAACCCAAGACCATG_009,144
CGTCACAACCCAAGACCATG_010,16
TGCTAATGAGCATTGACCAG_001,26
TGCTAATGAGCATTGACCAG_002,21
TGCTAATGAGCATTGACCAG_003,72
TGCTAATGAGCATTGACCAG_004,72
TTGACAAAGTACCTTCGTCG_001,11
TTGACAAAGTACCTTCGTCG_002,41
TTGACAAAGTACCTTCGTCG_003,58
AGAGGAAAGCGAGAGATTGG_001,76
AGAGGAAAGCGAGAGATTGG_002,16
AGAGGAAAGCGAGAGATTGG_003,178
AGAGGAAAGCGAGAGATTGG_004,119
AGAGGAAAGCGAGAGATTGG_005,103
AGAGGAAAGCGAGAGATTGG_006,49
AGAGGAAAGCGAGAGATTGG_007,161
AGAGGAAAGCGAGAGATTGG_008,108
AGAGGAAAGCGAGAGATTGG_009,136
AGAGGAAAGCGAGAGATTGG_010,48
AGAGGAAAGCGAGAGATTGG_011,8
AGAGGAAAGCGAGAGATTGG_012,106
AGAGGAAAGCGAGAGATTGG_013,124
GCCAAGACAGAGGCACTAAG_001,27
GCCAAGACAGAGGCACTAAG_002,76
GCCAAGACAGAGGCACTAAG_003,147
GCCAAGACAGAGGCACTAAG_004,60
GCCAAGACAGAGGCACTAAG_005,51
GCCAAGACAGAGGCACTAAG_006,177
GCCAAGACAGAGGCACTAAG_007,110
GCCAAGACAGAGGCACTAAG_008,60
GCCAAGACAGAGGCACTAAG_009,145
GCCAAGACAGAGGCACTAAG_010,78
GCCAAGACAGAGGCACTAAG_011,49
GCCAAGACAGAGGCACTAAG_012,141
GCCAAGACAGAGGCACTAAG_013,47
GCCAAGACAGAGGCACTAAG_014,140
GCCAAGACAGAGGCACTAAG_015,140
GCCAAGACAGAGGCACTAAG_016,34
GCCAAGACAGAGGCACTAAG_017,3
ATTGATCACGTTAAAGCAGC_001,141
ATTGATCACGTTAAAGCAGC_002,19
ATTGATCACGTTAAAGCAGC_003,169
ATTGATCACGTTAAAGCAGC_004,145
ATTGATCACGTTAAAGCAGC_005,144
ATTGATCACGTTAAAGCAGC_006,187
ATTGATCACGTTAAAGCAGC_007,25
ATTGATCACGTTAAAGCAGC_008,153
GAGGGGTTAAAAATTCTCCA_001,35
GAGGGGTTAAAAATTCTCCA_002,19
GAGGGGTTAAAAATTCTCCA_003,141
TTTAAATGGCCGGAAAACAA_001,62
TTTAAATGGCCGGAAAACAA_002,116
TTTAAATGGCCGGAAAACAA_003,90
TTTCAGTTGAGCAATCCACC_001,18
TTTCAGTTGAGCAATCCACC_002,172
TTTCAGTTGAGCAATCCACC_003,96
TTTCAGTTGAGCAATCCACC_004,133
TTTCAGTTGAGCAATCCACC_005,68
TCATCCATAGGCAAGTCATG_001,178
TCATCCATAGGCAAGTCATG_002,122
TCATCCATAGGCAAGTCATG_003,129
TCATCCATAGGCAAGTCATG_004,62
TCATCCATAGGCAAGTCATG_005,142
TCATCCATAGGCAAGTCATG_006,182
TCATCCATAGGCAAGTCATG_007,158
TCATCCATAGGCAAGTCATG_008,150
TCATCCATAGGCAAGTCATG_009,8
TCATCCATAGGCAAGTCATG_010,78
GCAATGGTTGAAGTCCGGCG_001,53
GCAATGGTTGAAGTCCGGCG_002,198
GCAATGGTTGAAGTCCGGCG_003,64
GCAATGGTTGAAGTCCGGCG_004,142
GCAATGGTTGAAGTCCGGCG_005,138
GCAATGGTTGAAGTCCGGCG_006,38
GCAATGGTTGAAGTCCGGCG_007,188
GCAATGGTTGAAGTCCGGCG_008,29
GCAATGGTTGAAGTCCGGCG_009,2
GCAATGGTTGAAGTCCGGCG_010,174
GCAATGGTTGAAGTCCGGCG_011,29
GCAATGGTTGAAGTCCGGCG_012,148
GCAATGGTTGAAGTCCGGCG_013,191
GCAATGGTTGAAGTCCGGCG_014,19
GCAATGGTTGAAGTCCGGCG_015,197
TACCTGACAGAATCTCCGCA_001,158
TACCTGACAGAATCTCCGCA_002,128
TACCTGACAGAATCTCCGCA_003,116
TACCTGACAGAATCTCCGCA_004,81
CTCCCTGATAAATTCAACTG_001,108
CTCCCTGATAAATTCAACTG_002,113
CTCCCTGATAAATTCAACTG_003,117
CTCCCTGATAAATTCAACTG_004,150
CTCCCTGATAAATTCAACTG_005,145
GCTTGCCAGGAAAACAGGTG_001,85
GCTTGCCAGGAAAACAGGTG_002,112
GCTTGCCAGGAAAACAGGTG_003,104
GCTTGCCAGGAAAACAGGTG_004,51
GCTTGCCAGGAAAACAGGTG_005,44
GCTTGCCAGGAAAACAGGTG_006,169
GCTTGCCAGGAAAACAGGTG_007,94
GCTTGCCAGGAAAACAGGTG_008,76
GTTTGGGTACAAGCCCTCCA_001,11
GTTTGGGTACAAGCCCTCCA_002,29
GTTTGGGTACAAGCCCTCCA_003,26
GTTTGGGTACAAGCCCTCCA_004,81
GTTTGGGTACAAGCCCTCCA_005,98
CTTACTTAGAACATTGACCG_001,26
CTTACTTAGAACATTGACCG_002,150
CTTACTTAGAACATTGACCG_003,6
CTTACTTAGAACATTGACCG_004,135
CTTACTTAGAACATTGACCG_005,19
CTTACTTAGAACATTGACCG_006,141
CTTACTTAGAACATTGACCG_007,78
CTTACTTAGAACATTGACCG_008,15
CTTACTTAGAACATTGACCG_009,191
CTTACTTAGAACATTGACCG_010,191
CTTACTTAGAACATTGACCG_011,49
CTTACTTAGAACATTGACCG_012,77
GGCTAAAGCAGACAAGCTGA_001,152
GGCTAAAGCAGACAAGCTGA_002,10
GGCTAAAGCAGACAAGCTGA_003,23
GGCTAAAGCAGACAAGCTGA_004,88
GGCTAAAGCAGACAAGCTGA_005,120
GGCTAAAGCAGACAAGCTGA_006,60
GGCTAAAGCAGACAAGCTGA_007,52
GGCTAAAGCAGACAAGCTGA_008,32
GGCTAAAGCAGACAAGCTGA_009,74
CTGCGGCTCGGACCGCACCG_001,125
CTGCGGCTCGGACCGCACCG_002,77
CTGCGGCTCGGACCGCACCG_003,49
CTGCGGCTCGGACCGCACCG_004,172
GGACGCCAGGTGGCACCGAG_001,80
GGACGCCAGGTGGCACCGAG_002,112
AAACACACTCTGTATCAATG_001,169
AAACACACTCTGTATCAATG_002,79
AAACACACTCTGTATCAATG_003,106
AAACACACTCTGTATCAATG_004,65
TTTGCACGATAAGAATAGCA_001,46
TTCCCTTCCTCCGTCACCAG_001,197
TTCCCTTCCTCCGTCACCAG_002,137
TTCCCTTCCTCCGTCACCAG_003,149
TTCCCTTCCTCCGTCACCAG_004,119
TTCCCTTCCTCCGTCACCAG_005,181
TTCCCTTCCTCCGTCACCAG_006,126
TTCCCTTCCTCCGTCACCAG_007,13
TTCCCTTCCTCCGTCACCAG_008,98
TTCCCTTCCTCCGTCACCAG_009,70
TTCCCTTCCTCCGTCACCAG_010,198
TTCCCTTCCTCCGTCACCAG_011,71
TTCCCTTCCTCCGTCACCAG_012,81
TTCCCTTCCTCCGTCACCAG_013,168
TTCCCTTCCTCCGTCACCAG_014,101
TTCCCTTCCTCCGTCACCAG_015,89
TTCCCTTCCTCCGTCACCAG_016,145
TTCCCTTCCTCCGTCACCAG_017,38
TTCCCTTCCTCCGTCACCAG_018,151
TTCCCTTCCTCCGTCACCAG_019,196
TTCCCTTCCTCCGTCACCAG_020,196
TTCCCTTCCTCCGTCACCAG_021,112
TTCCCTTCCTCCGTCACCAG_022,62
TTCCCTTCCTCCGTCACCAG_023,126
TTCCCTTCCTCCGTCACCAG_024,10
TTCCCTTCCTCCGTCACCAG_025,147
TTCCCTTCCTCCGTCACCAG_026,96
TTCCCTTCCTCCGTCACCAG_027,163
TTCCCTTCCTCCGTCACCAG_028,124
TTCCCTTCCTCCGTCACCAG_029,61
TTCCCTTCCTCCGTCACCAG_030,43
TTCCCTTCCTCCGTCACCAG_031,12
GGTCACCCACATCTTGAACA_001,70
GGTCACCCACATCTTGAACA_002,78
GGTCACCCACATCTTGAACA_003,25
GGTCACCCACATCTTGAACA_004,189
GGTCACCCACATCTTGAACA_005,180
GGTCACCCACATCTTGAACA_006,173
GGTCACCCACATCTTGAACA_007,166
GGTCACCCACATCTTGAACA_008,197
GGTCACCCACATCTTGAACA_009,1
GGTCACCCACATCTTGAACA_010,179
GGTCACCCACATCTTGAACA_011,42
GGTCACCCACATCTTGAACA_012,10
GGTCACCCACATCTTGAACA_013,66
GGTCACCCACATCTTGAACA_014,57
GGTCACCCACATCTTGAACA_015,175
AGACGGCAATGTCCGCCACC_001,92
AGACGGCAATGTCCGCCACC_002,122
AGACGGCAATGTCCGCCACC_003,17
AGGACCACGATGAAATAGAA_001,174
AGGACCACGATGAAATAGAA_002,184
AGGACCACGATGAAATAGAA_003,183
AGGACCACGATGAAATAGAA_004,115
AGGACCACGATGAAATAGAA_005,68
AGGACCACGATGAAATAGAA_006,15
AGGACCACGATGAAATAGAA_007,184
AGGACCACGATGAAATAGAA_008,190
AGGACCACGATGAAATAGAA_009,78
AGGACCACGATGAAATAGAA_010,198
AGAAGCTTGGGTTTGCCTAG_001,51
AGAAGCTTGGGTTTGCCTAG_002,174
AGAAGCTTGGGTTTGCCTAG_003,83
AGAAGCTTGGGTTTGCCTAG_004,76
AGAAGCTTGGGTTTGCCTAG_005,183
AGAAGCTTGGGTTTGCCTAG_006,50
AGAAGCTTGGGTTTGCCTAG_007,182
AGAAGCTTGGGTTTGCCTAG_008,39
AGAAGCTTGGGTTTGCCTAG_009,2
GAGTAAAGCTTCCGATAGAG_001,134
GAGTAAAGCTTCCGATAGAG_002,8
GGTGCACGCCTACGTCCACA_001,11
GGTGCACGCCTACGTCCACA_002,43
GGTGCACGCCTACGTCCACA_003,62
GGTGCACGCCTACGTCCACA_004,29
GGTGCACGCCTACGTCCACA_005,50
GGTGCACGCCTACGTCCACA_006,170
GGTGCACGCCTACGTCCACA_007,27
GTTACTGAGAAGCGCAGAAT_001,55
GTTACTGAGAAGCGCAGAAT_002,82
GTTACTGAGAAGCGCAGAAT_003,141
GTTACTGAGAAGCGCAGAAT_004,96
GTTACTGAGAAGCGCAGAAT_005,69
CTGTTGTTAGTGCAGCACAT_001,47
CTGTTGTTAGTGCAGCACAT_002,9
CTGTTGTTAGTGCAGCACAT_003,137
CTGTTGTTAGTGCAGCACAT_004,1
CTGTTGTTAGTGCAGCACAT_005,141
CTGTTGTTAGTGCAGCACAT_006,81
TACGCCATCAAGTCCCCACG_001,72
TACGCCATCAAGTCCCCACG_002,8
TACGCCATCAAGTCCCCACG_003,183
TACGCCATCAAGTCCCCACG_004,7
TACGCCATCAAGTCCCCACG_005,113
TACGCCATCAAGTCCCCACG_006,128
TACGCCATCAAGTCCCCACG_007,167
TACGCCATCAAGTCCCCACG_008,6
TACGCCATCAAGTCCCCACG_009,76
TACGCCATCAAGTCCCCACG_010,162
TACGCCATCAAGTCCCCACG_011,141
TACGCCATCAAGTCCCCACG_012,76
TACGCCATCAAGTCCCCACG_013,148
TACGCCATCAAGTCCCCACG_014,169
TATTATTTCCGGATCACTCC_001,114
CAGCATGAGACACACGTTGG_001,14
CAGCATGAGACACACGTTGG_002,70
CAGCATGAGACACACGTTGG_003,140
CAGCATGAGACACACGTTGG_004,127
CAGCATGAGACACACGTTGG_005,7
CAGCATGAGACACACGTTGG_006,139
CAGCATGAGACACACGTTGG_007,53
CAGCATGAGACACACGTTGG_008,133
CAGCATGAGACACACGTTGG_009,134
CAGCATGAGACACACGTTGG_010,198
CAGCATGAGACACACGTTGG_011,162
CAGCATGAGACACACGTTGG_012,1
CAGCATGAGACACACGTTGG_013,43
CAGCATGAGACACACGTTGG_014,91
CAGCATGAGACACACGTTGG_015,44
CAGCATGAGACACACGTTGG_016,55
CAGCATGAGACACACGTTGG_017,76
CAGCATGAGACACACGTTGG_018,2
CAGCATGAGACACACGTTGG_019,15
CAGCATGAGACACACGTTGG_020,69
CAGCATGAGACACACGTTGG_021,111
CAGCATGAGACACACGTTGG_022,135
CAGCATGAGACACACGTTGG_023,145
CAGCATGAGACACACGTTGG_024,70
CAGCATGAGACACACGTTGG_025,116
CAGCATGAGACACACGTTGG_026,48
CAGCATGAGACACACGTTGG_027,179
CAGCATGAGACACACGTTGG_028,82
CAGCATGAGACACACGTTGG_029,115
CAGCATGAGACACACGTTGG_030,94
CAGCATGAGACACACGTTGG_031,150
TGGTTCCAGGGGGTTCGCAG_001,62
TGGTTCCAGGGGGTTCGCAG_002,134
TGGTTCCAGGGGGTTCGCAG_003,29
TGGTTCCAGGGGGTTCGCAG_004,129
TGGTTCCAGGGGGTTCGCAG_005,116
TGGTTCCAGGGGGTTCGCAG_006,68
TGGTTCCAGGGGGTTCGCAG_007,23
TGGTTCCAGGGGGTTCGCAG_008,65
TGGTTCCAGGGGGTTCGCAG_009,85
TGGTTCCAGGGGGTTCGCAG_010,8
TGGTTCCAGGGGGTTCGCAG_011,27
TGGTTCCAGGGGGTTCGCAG_012,67
TGGTTCCAGGGGGTTCGCAG_013,69
TGGTTCCAGGGGGTTCGCAG_014,150
TGGTTCCAGGGGGTTCGCAG_015,76
TGGTTCCAGGGGGTTCGCAG_016,49
TGGTTCCAGGGGGTTCGCAG_017,107
TGGTTCCAGGGGGTTCGCAG_018,75
TGGTTCCAGGGGGTTCGCAG_019,29
TGGTTCCAGGGGGTTCGCAG_020,75
TGGTTCCAGGGGGTTCGCAG_021,56
TGGTTCCAGGGGGTTCGCAG_022,69
TGGTTCCAGGGGGTTCGCAG_023,134
ATGAGCGAGATTATCGGGAC_001,1
GGGGCTGAGGAAGCGACCCG_001,136
GGGGCTGAGGAAGCGACCCG_002,183
GGGGCTGAGGAAGCGACCCG_003,0
GGGGCTGAGGAAGCGACCCG_004,59
GGGGCTGAGGAAGCGACCCG_005,103
GGGGCTGAGGAAGCGACCCG_006,31
GGGGCTGAGGAAGCGACCCG_007,112
GGGGCTGAGGAAGCGACCCG_008,48
GATATGCCTGCGGTACAAAG_001,153
GATATGCCTGCGGTACAAAG_002,136
GATATGCCTGCGGTACAAAG_003,35
ACCTACAGGAGTACCTGACG_001,108
ACCTACAGGAGTACCTGACG_002,107
ACCTACAGGAGTACCTGACG_003,43
ACCTACAGGAGTACCTGACG_004,149
ACCTACAGGAGTACCTGACG_005,64
ACCTACAGGAGTACCTGACG_006,99
ACCTACAGGAGTACCTGACG_007,49
ACCTACAGGAGTACCTGACG_008,84
ACCTACAGGAGTACCTGACG_009,147
ACCTACAGGAGTACCTGACG_010,118
ACCTACAGGAGTACCTGACG_011,28
ACCTACAGGAGTACCTGACG_012,140
ACCTACAGGAGTACCTGACG_013,170
ACCTACAGGAGTACCTGACG_014,15
ACCTACAGGAGTACCTGACG_015,123
CTCTATAGGAGTCTATGATG_001,19
CTCTATAGGAGTCTATGATG_002,123
CTCTATAGGAGTCTATGATG_003,99
CTCTATAGGAGTCTATGATG_004,63
GGATTAAAGTCTGCTACCTG_001,198
GGATTAAAGTCTGCTACCTG_002,48
GGATTAAAGTCTGCTACCTG_003,136
GGATTAAAGTCTGCTACCTG_004,193
GGATTAAAGTCTGCTACCTG_005,23
GATACCTGAATCCCTCCAGT_001,13
GATACCTGAATCCCTCCAGT_002,97
ATATGATTAACAAAACGGGT_001,15
ATATGATTAACAAAACGGGT_002,58
ATATGATTAACAAAACGGGT_003,73
ATATGATTAACAAAACGGGT_004,123
GTCTTCGTAGCACCGCAGTG_001,3
GTCTTCGTAGCACCGCAGTG_002,196
GTCTTCGTAGCACCGCAGTG_003,127
GTCTTCGTAGCACCGCAGTG_004,11
GTCTTCGTAGCACCGCAGTG_005,176
GTCTTCGTAGCACCGCAGTG_006,170
GTCTTCGTAGCACCGCAGTG_007,142
GTCTTCGTAGCACCGCAGTG_008,119
GTCTTCGTAGCACCGCAGTG_009,119
GTCTTCGTAGCACCGCAGTG_010,102
GATTGTCTTTGTCATCTCAG_001,115
GATTGTCTTTGTCATCTCAG_002,20
GATTGTCTTTGTCATCTCAG_003,3
TTTGGGCTTCCGCTTTGATG_001,199
TTTGGGCTTCCGCTTTGATG_002,118
CACAACCACGAAGATGACAC_001,49
CACAACCACGAAGATGACAC_002,148
CACAACCACGAAGATGACAC_003,129
CACAACCACGAAGATGACAC_004,145
CACAACCACGAAGATGACAC_005,95
CCTGTTGTCAGGTGATGACG_001,140
CCTGTTGTCAGGTGATGACG_002,27
CCTGTTGTCAGGTGATGACG_003,172
CCTGTTGTCAGGTGATGACG_004,6
CCTGTTGTCAGGTGATGACG_005,9
CCTGTTGTCAGGTGATGACG_006,137
CCTGTTGTCAGGTGATGACG_007,9
CCTGTTGTCAGGTGATGACG_008,86
CCTGTTGTCAGGTGATGACG_009,53
CCTGTTGTCAGGTGATGACG_010,169
CCTGTTGTCAGGTGATGACG_011,26
CCTGTTGTCAGGTGATGACG_012,44
CCTGTTGTCAGGTGATGACG_013,17
CCTGTTGTCAGGTGATGACG_014,81
CCTGTTGTCAGGTGATGACG_015,87
CCTGTTGTCAGGTGATGACG_016,82
CCTGTTGTCAGGTGATGACG_017,81
CCTGTTGTCAGGTGATGACG_018,40
CCTGTTGTCAGGTGATGACG_019,8
CCTGTTGTCAGGTGATGACG_020,2
CCTGTTGTCAGGTGATGACG_021,162
CCTGTTGTCAGGTGATGACG_022,2
CCTGTTGTCAGGTGATGACG_023,94
CCTGTTGTCAGGTGATGACG_024,81
CCTGTTGTCAGGTGATGACG_025,34
AAATGGTCTGGTGCTATCAG_001,141
AAATGGTCTGGTGCTATCAG_002,40
AAATGGTCTGGTGCTATCAG_003,174
AAATGGTCTGGTGCTATCAG_004,169
AAATGGTCTGGTGCTATCAG_005,81
TACAGAGTGGACATCGACCA_001,107
TACAGAGTGGACATCGACCA_002,193
TACAGAGTGGACATCGACCA_003,115
TACAGAGTGGACATCGACCA_004,58
TACAGAGTGGACATCGACCA_005,11
TACAGAGTGGACATCGACCA_006,118
TACAGAGTGGACATCGACCA_007,64
TACAGAGTGGACATCGACCA_008,199
TACAGAGTGGACATCGACCA_009,45
TACAGAGTGGACATCGACCA_010,157
TACAGAGTGGACATCGACCA_011,70
TACAGAGTGGACATCGACCA_012,72
TACAGAGTGGACATCGACCA_013,137
GATGACATTCCTTCAACCCA_001,94
GATGACATTCCTTCAACCCA_002,98
GATGACATTCCTTCAACCCA_003,192
GATGACATTCCTTCAACCCA_004,2
GATGACATTCCTTCAACCCA_005,6
GGCCGTATAGTGGCCCACGG_001,48
GGCCGTATAGTGGCCCACGG_002,19
GGCCGTATAGTGGCCCACGG_003,113
GGCCGTATAGTGGCCCACGG_004,66
TCAACACTACCAGCTACCTG_001,152
TCAACACTACCAGCTACCTG_002,145
TCAACACTACCAGCTACCTG_003,61
TCAACACTACCAGCTACCTG_004,125
TCAACACTACCAGCTACCTG_005,72
TCAACACTACCAGCTACCTG_006,1
TCAACACTACCAGCTACCTG_007,130
TACAGGGCCCTTATACACAG_001,161
TACAGGGCCCTTATACACAG_002,60
TACAGGGCCCTTATACACAG_003,69
TACAGGGCCCTTATACACAG_004,76
TACAGGGCCCTTATACACAG_005,192
TACAGGGCCCTTATACACAG_006,146
TACAGGGCCCTTATACACAG_007,68
TACAGGGCCCTTATACACAG_008,73
TACAGGGCCCTTATACACAG_009,113
TACAGGGCCCTTATACACAG_010,182
AGCAGCGGGCAAGTGCGATG_001,23
AGCAGCGGGCAAGTGCGATG_002,77
AGCAGCGGGCAAGTGCGATG_003,130
AGCAGCGGGCAAGTGCGATG_004,142
AGCAGCGGGCAAGTGCGATG_005,134
AGCAGCGGGCAAGTGCGATG_006,14
AGCAGCGGGCAAGTGCGATG_007,181
AGCAGCGGGCAAGTGCGATG_008,42
AGCAGCGGGCAAGTGCGATG_009,169
AGCAGCGGGCAAGTGCGATG_010,176
AGCAGCGGGCAAGTGCGATG_011,70
AGCAGCGGGCAAGTGCGATG_012,31
AGCAGCGGGCAAGTGCGATG_013,98
AGCAGCGGGCAAGTGCGATG_014,147
AGCAGCGGGCAAGTGCGATG_015,101
AGCAGCGGGCAAGTGCGATG_016,50
AGCAGCGGGCAAGTGCGATG_017,113
AGCAGCGGGCAAGTGCGATG_018,61
AGCAGCGGGCAAGTGCGATG_019,148
AGCAGCGGGCAAGTGCGATG_020,55
AGCAGCGGGCAAGTGCGATG_021,5
AGCAGCGGGCAAGTGCGATG_022,186
AGCAGCGGGCAAGTGCGATG_023,91
AGCAGCGGGCAAGTGCGATG_024,56
AGCAGCGGGCAAGTGCGATG_025,15
AGCAGCGGGCAAGTGCGATG_026,0
AGCAGCGGGCAAGTGCGATG_027,58
AGCAGCGGGCAAGTGCGATG_028,62
AGCAGCGGGCAAGTGCGATG_029,75
AGCAGCGGGCAAGTGCGATG_030,98
AGCAGCGGGCAAGTGCGATG_031,171
TGTATTTGACTTGATCAACA_001,111
TGTATTTGACTTGATCAACA_002,174
TGTATTTGACTTGATCAACA_003,102
AGGACGATCCCTATGGTGCA_001,47
AGGACGATCCCTATGGTGCA_002,158
AGGACGATCCCTATGGTGCA_003,2
AGGACGATCCCTATGGTGCA_004,98
AGGACGATCCCTATGGTGCA_005,5
AGGACGATCCCTATGGTGCA_006,64
AGGACGATCCCTATGGTGCA_007,58
AGGACGATCCCTATGGTGCA_008,16
AGGACGATCCCTATGGTGCA_009,132
AGGACGATCCCTATGGTGCA_010,31
AGGACGATCCCTATGGTGCA_011,70
AGGACGATCCCTATGGTGCA_012,160
AGGACGATCCCTATGGTGCA_013,192
AGGACGATCCCTATGGTGCA_014,36
AGGACGATCCCTATGGTGCA_015,55
AGGACGATCCCTATGGTGCA_016,37
AGGACGATCCCTATGGTGCA_017,105
AGGACGATCCCTATGGTGCA_018,180
AAGGTGCAAAACAAAGGACA_001,172
AAGGTGCAAAACAAAGGACA_002,115
AAGGTGCAAAACAAAGGACA_003,177
AAGGTGCAAAACAAAGGACA_004,134
AAGGTGCAAAACAAAGGACA_005,172
AAGGTGCAAAACAAAGGACA_006,76
AAGGTGCAAAACAAAGGACA_007,13
AAGGTGCAAAACAAAGGACA_008,198
AAGGTGCAAAACAAAGGACA_009,96
CCACAGGACACACCGTATGG_001,140
CCACAGGACACACCGTATGG_002,158
CCACAGGACACACCGTATGG_003,116
CCACAGGACACACCGTATGG_004,106
CCACAGGACACACCGTATGG_005,58
CCACAGGACACACCGTATGG_006,48
CCACAGGACACACCGTATGG_007,38
CCACAGGACACACCGTATGG_008,7
CCACAGGACACACCGTATGG_009,56
CCACAGGACACACCGTATGG_010,152
CCACAGGACACACCGTATGG_011,63
CCACAGGACACACCGTATGG_012,94
GGGCCACACAACCAGCAACA_001,78
GGGCCACACAACCAGCAACA_002,177
GGGCCACACAACCAGCAACA_003,46
ATGGAGGTAGTCTTAACCTA_001,138
ATGGAGGTAGTCTTAACCTA_002,83
ATGGAGGTAGTCTTAACCTA_003,105
GGAAACGCATCTGGAAAAGG_001,72
GGAAACGCATCTGGAAAAGG_002,177
GGAAACGCATCTGGAAAAGG_003,39
TTGCAGGATATACCCATGAA_001,8
TTGCAGGATATACCCATGAA_002,45
TTGCAGGATATACCCATGAA_003,106
TTGCAGGATATACCCATGAA_004,29
TTGCAGGATATACCCATGAA_005,168
TTGCAGGATATACCCATGAA_006,94
TTGCAGGATATACCCATGAA_007,40
CTGAGACAGTTGTTGGACTG_001,102
CTGAGACAGTTGTTGGACTG_002,161
CTGAGACAGTTGTTGGACTG_003,60
CTGAGACAGTTGTTGGACTG_004,9
CTGCGTGTTCAACCGCAACG_001,150
CTGCGTGTTCAACCGCAACG_002,61
GCAATCCTCGCAAAGTTAGG_001,76
GCAATCCTCGCAAAGTTAGG_002,139
GCAATCCTCGCAAAGTTAGG_003,99
GCAATCCTCGCAAAGTTAGG_004,148
GCAATCCTCGCAAAGTTAGG_005,141
GCAATCCTCGCAAAGTTAGG_006,182
GCAATCCTCGCAAAGTTAGG_007,132
GCAATCCTCGCAAAGTTAGG_008,43
AGCACTCGCCTTCACACCGA_001,191
AGCACTCGCCTTCACACCGA_002,168
AGCACTCGCCTTCACACCGA_003,62
AGCACTCGCCTTCACACCGA_004,87
AGCACTCGCCTTCACACCGA_005,127
AGCACTCGCCTTCACACCGA_006,127
AGCACTCGCCTTCACACCGA_007,70
AGCACTCGCCTTCACACCGA_008,149
AGCACTCGCCTTCACACCGA_009,17
AGCACTCGCCTTCACACCGA_010,142
GGCCACGGGTCTCATTAATG_001,27
GGCCACGGGTCTCATTAATG_002,12
CATTTCTAATTATAGCCTAG_001,186
CGGGCACAACCTCACCGTAG_001,66
CGGGCACAACCTCACCGTAG_002,198
CGGGCACAACCTCACCGTAG_003,199
CGGGCACAACCTCACCGTAG_004,104
CGGGCACAACCTCACCGTAG_005,65
CGGGCACAACCTCACCGTAG_006,77
GGCCACCGGCTGTAGACAAG_001,94
GGCCACCGGCTGTAGACAAG_002,80
GGCCACCGGCTGTAGACAAG_003,6
GGCCACCGGCTGTAGACAAG_004,154
GGCCACCGGCTGTAGACAAG_005,149
GGCCACCGGCTGTAGACAAG_006,155
TTCAGTTCTTCATTGACGGT_001,86
TTCAGTTCTTCATTGACGGT_002,52
TTCAGTTCTTCATTGACGGT_003,192
TTCAGTTCTTCATTGACGGT_004,155
TTCAGTTCTTCATTGACGGT_005,10
TTCAGTTCTTCATTGACGGT_006,112
CACTTAGCGTGATAAACCCG_001,87
CACTTAGCGTGATAAACCCG_002,108
CACTTAGCGTGATAAACCCG_003,100
CACTTAGCGTGATAAACCCG_004,106
TGCTGGCAGGAAAACGCTCA_001,41
TGCTGGCAGGAAAACGCTCA_002,58
CCCCAACTCACCAATGGACA_001,49
CCCCAACTCACCAATGGACA_002,34
CCCCAACTCACCAATGGACA_003,77
CCCCAACTCACCAATGGACA_004,27
CCCCAACTCACCAATGGACA_005,119
CCCCAACTCACCAATGGACA_006,13
CCCCAACTCACCAATGGACA_007,35
CCCCAACTCACCAATGGACA_008,117
CCCCAACTCACCAATGGACA_009,49
CCCCAACTCACCAATGGACA_010,197
CCCCAACTCACCAATGGACA_011,8
CCCCAACTCACCAATGGACA_012,107
CCCCAACTCACCAATGGACA_013,130
CCCCAACTCACCAATGGACA_014,180
CCCCAACTCACCAATGGACA_015,152
CCCCAACTCACCAATGGACA_016,199
CCCCAACTCACCAATGGACA_017,118
CCCCAACTCACCAATGGACA_018,10
CCCCAACTCACCAATGGACA_019,124
CCCCAACTCACCAATGGACA_020,124
CCCCAACTCACCAATGGACA_021,124
CCCCAACTCACCAATGGACA_022,6
CCCCAACTCACCAATGGACA_023,191
AACCGGGAGTGAAACTACTG_001,15
AACCGGGAGTGAAACTACTG_002,193
AACCGGGAGTGAAACTACTG_003,178
AACCGGGAGTGAAACTACTG_004,125
AACCGGGAGTGAAACTACTG_005,125
AACCGGGAGTGAAACTACTG_006,32
AACCGGGAGTGAAACTACTG_007,25
AACCGGGAGTGAAACTACTG_008,61
AACCGGGAGTGAAACTACTG_009,98
AACCGGGAGTGAAACTACTG_010,199
AACCGGGAGTGAAACTACTG_011,17
AACCGGGAGTGAAACTACTG_012,95
AACCGGGAGTGAAACTACTG_013,181
AACCGGGAGTGAAACTACTG_014,108
GAAGACCAGGCGGATGAACT_001,162
GAAGACCAGGCGGATGAACT_002,169
GAAGACCAGGCGGATGAACT_003,2
GAAGACCAGGCGGATGAACT_004,19
GAAGACCAGGCGGATGAACT_005,39
GAAGACCAGGCGGATGAACT_006,133
GAAGACCAGGCGGATGAACT_007,102
GAAGACCAGGCGGATGAACT_008,60
GAAGACCAGGCGGATGAACT_009,126
GAAGACCAGGCGGATGAACT_010,170
AGAAATCTGACGGAAACCTG_001,181
AGAAATCTGACGGAAACCTG_002,92
AGAAATCTGACGGAAACCTG_003,105
AGAAATCTGACGGAAACCTG_004,58
AGAAATCTGACGGAAACCTG_005,129
AGAAATCTGACGGAAACCTG_006,9
CGGCAAAGTCCATCTGACAG_001,152
ACAGCGCCGGTACCGCAGCT_001,56
ACAGCGCCGGTACCGCAGCT_002,129
ACAGCGCCGGTACCGCAGCT_003,112
ACAGCGCCGGTACCGCAGCT_004,56
ACAGCGCCGGTACCGCAGCT_005,101
ACAGCGCCGGTACCGCAGCT_006,126
ACAGCGCCGGTACCGCAGCT_007,126
ACAGCGCCGGTACCGCAGCT_008,132
ACAGCGCCGGTACCGCAGCT_009,124
ACAGCGCCGGTACCGCAGCT_010,10
CATCAATCCAATCCAAAAGG_001,172
CACTGGAATGGAGTTGTCCA_001,118
CACTGGAATGGAGTTGTCCA_002,147
CACTGGAATGGAGTTGTCCA_003,60
CACTGGAATGGAGTTGTCCA_004,26
CACTGGAATGGAGTTGTCCA_005,25
CACTGGAATGGAGTTGTCCA_006,12
CACTGGAATGGAGTTGTCCA_007,177
CACTGGAATGGAGTTGTCCA_008,153
CACTGGAATGGAGTTGTCCA_009,174
CACTGGAATGGAGTTGTCCA_010,88
CACTGGAATGGAGTTGTCCA_011,12
CACTGGAATGGAGTTGTCCA_012,144
CACTGGAATGGAGTTGTCCA_013,53
CACTGGAATGGAGTTGTCCA_014,177
CACTGGAATGGAGTTGTCCA_015,89
CACTGGAATGGAGTTGTCCA_016,126
CACTGGAATGGAGTTGTCCA_017,82
CACTGGAATGGAGTTGTCCA_018,118
CACTGGAATGGAGTTGTCCA_019,169
CACTGGAATGGAGTTGTCCA_020,28
CACTGGAATGGAGTTGTCCA_021,124
CAGGGAAACACTTATAGATG_001,157
CAGGGAAACACTTATAGATG_002,3
ATGGTGGGACTTGATAATGC_001,62
ATGGTGGGACTTGATAATGC_002,139
ATGGTGGGACTTGATAATGC_003,62
ATGGTGGGACTTGATAATGC_004,107
ATGGTGGGACTTGATAATGC_005,88
ATGGTGGGACTTGATAATGC_006,98
ATGGTGGGACTTGATAATGC_007,16
ATGGTGGGACTTGATAATGC_008,58
ATGGTGGGACTTGATAATGC_009,133
ATGGTGGGACTTGATAATGC_010,30
ATGGTGGGACTTGATAATGC_011,135
ATGGTGGGACTTGATAATGC_012,81
ATGGTGGGACTTGATAATGC_013,54
ATGGTGGGACTTGATAATGC_014,88
ATGGTGGGACTTGATAATGC_015,192
ATGGTGGGACTTGATAATGC_016,176
ATGGTGGGACTTGATAATGC_017,63
ATGGTGGGACTTGATAATGC_018,169
ATGGTGGGACTTGATAATGC_019,198
ATGGTGGGACTTGATAATGC_020,3
GAATATGAAGATATGTGAGA_001,33
TGCTACTATATGGGTCTAGC_001,89
TGCTACTATATGGGTCTAGC_002,98
GGTAGTAAAAAATCACGATG_001,60
GGTAGTAAAAAATCACGATG_002,40
GGTAGTAAAAAATCACGATG_003,102
TGGTCCAGGATCAGATCGCC_001,49
TGGTCCAGGATCAGATCGCC_002,48
TGGTCCAGGATCAGATCGCC_003,43
TGGTCCAGGATCAGATCGCC_004,118
TGGTCCAGGATCAGATCGCC_005,111
TGGTCCAGGATCAGATCGCC_006,174
TGGTCCAGGATCAGATCGCC_007,54
TGGTCCAGGATCAGATCGCC_008,85
TGGTCCAGGATCAGATCGCC_009,15
TGGTCCAGGATCAGATCGCC_010,88
TGGTCCAGGATCAGATCGCC_011,2
CAAAGAGGTAACCTTCAGGG_001,102
CAAAGAGGTAACCTTCAGGG_002,104
CAAAGAGGTAACCTTCAGGG_003,141
CAAAGAGGTAACCTTCAGGG_004,56
CAAAGAGGTAACCTTCAGGG_005,39
CAAAGAGGTAACCTTCAGGG_006,49
CAAAGAGGTAACCTTCAGGG_007,63
GGCTACGTGAACATGAGGAG_001,61
GGCTACGTGAACATGAGGAG_002,186
GGCTACGTGAACATGAGGAG_003,89
GCACCATATCATAGGCACTG_001,144
CGGCAGAAGCTTACCTCCGA_001,77
CGGCAGAAGCTTACCTCCGA_002,53
CGGCAGAAGCTTACCTCCGA_003,111
CGGCAGAAGCTTACCTCCGA_004,21
CGGCAGAAGCTTACCTCCGA_005,147
CGGCAGAAGCTTACCTCCGA_006,53
TGGAGTTCAGACCCCCCTCG_001,91
TGGAGTTCAGACCCCCCTCG_002,32
TGGAGTTCAGACCCCCCTCG_003,19
TGGAGTTCAGACCCCCCTCG_004,197
TGGAGTTCAGACCCCCCTCG_005,117
TGGAGTTCAGACCCCCCTCG_006,169
TGGAGTTCAGACCCCCCTCG_007,84
TGGAGTTCAGACCCCCCTCG_008,188
TGGAGTTCAGACCCCCCTCG_009,94
TGGAGTTCAGACCCCCCTCG_010,48
TGGAGTTCAGACCCCCCTCG_011,9
AGGGTCATAGGCGTCCAGGT_001,21
AGGGTCATAGGCGTCCAGGT_002,92
AGGGTCATAGGCGTCCAGGT_003,124
AGGGTCATAGGCGTCCAGGT_004,39
AGGGTCATAGGCGTCCAGGT_005,105
TGGTAACCTGGCGTCCGGTG_001,130
TGGTAACCTGGCGTCCGGTG_002,106
TGGTAACCTGGCGTCCGGTG_003,101
CTGGTAAAGTGCCATCTCCG_001,169
CTGGTAAAGTGCCATCTCCG_002,196
CTGGTAAAGTGCCATCTCCG_003,137
CTGGTAAAGTGCCATCTCCG_004,12
CTGGTAAAGTGCCATCTCCG_005,159
CTGGTAAAGTGCCATCTCCG_006,174
CTGGTAAAGTGCCATCTCCG_007,47
CTGGTAAAGTGCCATCTCCG_008,36
CTGGTAAAGTGCCATCTCCG_009,65
CTGGTAAAGTGCCATCTCCG_010,151
CTGGTAAAGTGCCATCTCCG_011,158
CTGGTAAAGTGCCATCTCCG_012,125
CTGGTAAAGTGCCATCTCCG_013,188
CTGGTAAAGTGCCATCTCCG_014,95
CTGGTAAAGTGCCATCTCCG_015,80
CTGGTAAAGTGCCATCTCCG_016,175
CTGGTAAAGTGCCATCTCCG_017,40
CTGGTAAAGTGCCATCTCCG_018,9
CTGGTAAAGTGCCATCTCCG_019,115
CTGGTAAAGTGCCATCTCCG_020,36
CTGGTAAAGTGCCATCTCCG_021,65
CTGGTAAAGTGCCATCTCCG_022,65
CTGGTAAAGTGCCATCTCCG_023,58
CTGGTAAAGTGCCATCTCCG_024,116
GATGATATGAGCCCTCGTCG_001,54
GATGATATGAGCCCTCGTCG_002,124
GATGATATGAGCCCTCGTCG_003,192
GATGATATGAGCCCTCGTCG_004,99
GATGATATGAGCCCTCGTCG_005,54
CTCAAACTTGGTATTACCAC_001,148
CTCAAACTTGGTATTACCAC_002,169
GAAGCAGAGTCTGACTGTGG_001,134
GAAGCAGAGTCTGACTGTGG_002,49
GAAGCAGAGTCTGACTGTGG_003,85
GAAGCAGAGTCTGACTGTGG_004,184
GAAGCAGAGTCTGACTGTGG_005,191
GAAGCAGAGTCTGACTGTGG_006,96
AATACCTAGCCACACTCGAG_001,43
AATACCTAGCCACACTCGAG_002,191
AATACCTAGCCACACTCGAG_003,89
AATACCTAGCCACACTCGAG_004,158
AATACCTAGCCACACTCGAG_005,110
AATACCTAGCCACACTCGAG_006,30
AATACCTAGCCACACTCGAG_007,59
AATACCTAGCCACACTCGAG_008,81
AATACCTAGCCACACTCGAG_009,147
AATACCTAGCCACACTCGAG_010,81
AATACCTAGCCACACTCGAG_011,144
AATACCTAGCCACACTCGAG_012,162
AATACCTAGCCACACTCGAG_013,134
AATACCTAGCCACACTCGAG_014,198
TTTATATGCTAACGCTTTCG_001,82
TTTATATGCTAACGCTTTCG_002,145
AATTGCGGGATATGCCAGAT_001,33
AATTGCGGGATATGCCAGAT_002,80
AATTGCGGGATATGCCAGAT_003,62
AATTGCGGGATATGCCAGAT_004,83
AATTGCGGGATATGCCAGAT_005,94
AATTGCGGGATATGCCAGAT_006,105
AATTGCGGGATATGCCAGAT_007,51
AATTGCGGGATATGCCAGAT_008,83
AATTGCGGGATATGCCAGAT_009,83
AATTGCGGGATATGCCAGAT_010,176
AATTGCGGGATATGCCAGAT_011,160
AATTGCGGGATATGCCAGAT_012,122
AATTGCGGGATATGCCAGAT_013,70
AATTGCGGGATATGCCAGAT_014,150
AATTGCGGGATATGCCAGAT_015,132
AATTGCGGGATATGCCAGAT_016,107
AATTGCGGGATATGCCAGAT_017,113
AATTGCGGGATATGCCAGAT_018,163
AATTGCGGGATATGCCAGAT_019,177
AATTGCGGGATATGCCAGAT_020,64
AATTGCGGGATATGCCAGAT_021,130
AATTGCGGGATATGCCAGAT_022,1
AATTGCGGGATATGCCAGAT_023,170
AGGACTGCCTGCTGAACCGT_001,49
AGGACTGCCTGCTGAACCGT_002,117
AGGACTGCCTGCTGAACCGT_003,38
AGGACTGCCTGCTGAACCGT_004,3
AGGACTGCCTGCTGAACCGT_005,34
AGGACTGCCTGCTGAACCGT_006,132
AGGACTGCCTGCTGAACCGT_007,9
AGGACTGCCTGCTGAACCGT_008,182
CGCCTCCTCACTTTCAACAG_001,123
CGCCTCCTCACTTTCAACAG_002,50
CGCCTCCTCACTTTCAACAG_003,1
CGCCTCCTCACTTTCAACAG_004,147
CGCCTCCTCACTTTCAACAG_005,78
CGCCTCCTCACTTTCAACAG_006,198
CGCCTCCTCACTTTCAACAG_007,160
CGCCTCCTCACTTTCAACAG_008,62
CGCCTCCTCACTTTCAACAG_009,46
CGCCTCCTCACTTTCAACAG_010,130
CACGCCGTTTGACCCGTAGG_001,75
CACGCCGTTTGACCCGTAGG_002,106
CACGCCGTTTGACCCGTAGG_003,113
ACGGCACGCTGTTCATCGTG_001,60
ACGGCACGCTGTTCATCGTG_002,184
ACGGCACGCTGTTCATCGTG_003,162
ACGGCACGCTGTTCATCGTG_004,90
ACGGCACGCTGTTCATCGTG_005,177
GTAGGTGTCAGTTGTACCCG_001,115
GTAGGTGTCAGTTGTACCCG_002,125
GTAGGTGTCAGTTGTACCCG_003,173
GTAGGTGTCAGTTGTACCCG_004,173
GTAGGTGTCAGTTGTACCCG_005,178
GTAGGTGTCAGTTGTACCCG_006,135
GTAGGTGTCAGTTGTACCCG_007,150
GTAGGTGTCAGTTGTACCCG_008,177
AGAACTTTCCCTCTAGCCTG_001,34
AGAACTTTCCCTCTAGCCTG_002,34
AGAACTTTCCCTCTAGCCTG_003,181
AGAACTTTCCCTCTAGCCTG_004,88
AGAACTTTCCCTCTAGCCTG_005,30
AGAACTTTCCCTCTAGCCTG_006,139
AGAACTTTCCCTCTAGCCTG_007,128
GCCACACGTGGCCATCGAAG_001,60
GCCACACGTGGCCATCGAAG_002,115
GCCACACGTGGCCATCGAAG_003,169
GCCACACGTGGCCATCGAAG_004,137
GCCACACGTGGCCATCGAAG_005,197
GCCACACGTGGCCATCGAAG_006,58
GCCACACGTGGCCATCGAAG_007,49
GCCACACGTGGCCATCGAAG_008,102
CCAGCCGTACTATGCCACGA_001,97
AACAATACAGGCACCCAGGT_001,49
AACAATACAGGCACCCAGGT_002,147
AACAATACAGGCACCCAGGT_003,95
CTGCTGTGGTTCCAGCTCTG_001,185
CTGCTGTGGTTCCAGCTCTG_002,114
CTGCTGTGGTTCCAGCTCTG_003,3
CTGCTGTGGTTCCAGCTCTG_004,143
CTGCTGTGGTTCCAGCTCTG_005,167
CTGCTGTGGTTCCAGCTCTG_006,149
CTGCTGTGGTTCCAGCTCTG_007,9
CTGCTGTGGTTCCAGCTCTG_008,9
CCACAGAGTTCTGTTCCTCG_001,14
CCACAGAGTTCTGTTCCTCG_002,112
CCACAGAGTTCTGTTCCTCG_003,137
CCACAGAGTTCTGTTCCTCG_004,77
CCACAGAGTTCTGTTCCTCG_005,166
CCACAGAGTTCTGTTCCTCG_006,81
TACATACCAGTGTCTCAATG_001,145
TACATACCAGTGTCTCAATG_002,160
TACATACCAGTGTCTCAATG_003,58
TACATACCAGTGTCTCAATG_004,15
TACATACCAGTGTCTCAATG_005,170
GCCCTATCGGCAGTACTACG_001,5
GCCCTATCGGCAGTACTACG_002,13
GCCCTATCGGCAGTACTACG_003,181
GCCCTATCGGCAGTACTACG_004,29
GCCCTATCGGCAGTACTACG_005,60
GCCCTATCGGCAGTACTACG_006,78
CCAGTACCGCCAGCTAAACC_001,187
CCAGTACCGCCAGCTAAACC_002,137
CCAGTACCGCCAGCTAAACC_003,199
CCAGTACCGCCAGCTAAACC_004,65
CCAGTACCGCCAGCTAAACC_005,145
CCAGTACCGCCAGCTAAACC_006,48
CCAGTACCGCCAGCTAAACC_007,199
CCAGTACCGCCAGCTAAACC_008,56
CCAGTACCGCCAGCTAAACC_009,6
AATCAGTCCAATTGTTCCAC_001,38
AATCAGTCCAATTGTTCCAC_002,127
ACAGAACTCACAGGTCACAG_001,144
ACAGAACTCACAGGTCACAG_002,68
ACAGAACTCACAGGTCACAG_003,146
AGTGAGCACACATAGCCCGG_001,23
AGTGAGCACACATAGCCCGG_002,171
AGTGAGCACACATAGCCCGG_003,26
AGTGAGCACACATAGCCCGG_004,78
AGTGAGCACACATAGCCCGG_005,113
CCATGGTGGCGGCGACACAG_001,124
CCATGGTGGCGGCGACACAG_002,41
CCATGGTGGCGGCGACACAG_003,32
CCATGGTGGCGGCGACACAG_004,37
CAGGGAGCGGATCACAAGTG_001,134
CAGGGAGCGGATCACAAGTG_002,85
CAGGGAGCGGATCACAAGTG_003,126
CAGGGAGCGGATCACAAGTG_004,40
CAGGGAGCGGATCACAAGTG_005,34
CAGGGAGCGGATCACAAGTG_006,8
CAGGGAGCGGATCACAAGTG_007,121
CAGGGAGCGGATCACAAGTG_008,144
CAGGGAGCGGATCACAAGTG_009,133
CAGGGAGCGGATCACAAGTG_010,147
CAGGGAGCGGATCACAAGTG_011,144
CAGGGAGCGGATCACAAGTG_012,84
TCTCAGCAGAATATAAAGCC_001,135
ATTAAAAGTAAAAAGGGGTT_001,38
GGAGGAAAATAAAAAACACA_001,192
CACCGTTTGGGAAGATGCGA_001,98
CACCGTTTGGGAAGATGCGA_002,177
CACCGTTTGGGAAGATGCGA_003,147
CACCGTTTGGGAAGATGCGA_004,135
CACCGTTTGGGAAGATGCGA_005,91
CACCGTTTGGGAAGATGCGA_006,68
CACCGTTTGGGAAGATGCGA_007,8
CACCGTTTGGGAAGATGCGA_008,193
CACCGTTTGGGAAGATGCGA_009,15
CACCGTTTGGGAAGATGCGA_010,39
ATGATGTGGCCCTGTCATAG_001,55
ATGATGTGGCCCTGTCATAG_002,134
ATGATGTGGCCCTGTCATAG_003,144
ATGATGTGGCCCTGTCATAG_004,105
ATGATGTGGCCCTGTCATAG_005,138
ATGATGTGGCCCTGTCATAG_006,48
ATGATGTGGCCCTGTCATAG_007,188
ATGATGTGGCCCTGTCATAG_008,127
ATGATGTGGCCCTGTCATAG_009,58
ATGATGTGGCCCTGTCATAG_010,75
ATGATGTGGCCCTGTCATAG_011,149
ATGATGTGGCCCTGTCATAG_012,79
CGGCAGCAATCGATTTGCCA_001,198
CGGCAGCAATCGATTTGCCA_002,58
CGGCAGCAATCGATTTGCCA_003,29
CGGCAGCAATCGATTTGCCA_004,77
CGGCAGCAATCGATTTGCCA_005,27
CGGCAGCAATCGATTTGCCA_006,68
CGGCAGCAATCGATTTGCCA_007,140
CGGCAGCAATCGATTTGCCA_008,168
CGGCAGCAATCGATTTGCCA_009,47
CGGCAGCAATCGATTTGCCA_010,130
CGGCAGCAATCGATTTGCCA_011,9
CGGCAGCAATCGATTTGCCA_012,115
CGGCAGCAATCGATTTGCCA_013,152
CGGCAGCAATCGATTTGCCA_014,123
ACACCGGCGCGTGGGGAACG_001,33
TAGGGGCCACAAAGGACATG_001,29
TAGGGGCCACAAAGGACATG_002,46
TAGGGGCCACAAAGGACATG_003,149
TAGGGGCCACAAAGGACATG_004,40
TAGGGGCCACAAAGGACATG_005,63
TAGGGGCCACAAAGGACATG_006,35
TAGGGGCCACAAAGGACATG_007,121
TAGGGGCCACAAAGGACATG_008,20
TAGGGGCCACAAAGGACATG_009,29
TAGGGGCCACAAAGGACATG_010,1
TAGGGGCCACAAAGGACATG_011,15
TAGGGGCCACAAAGGACATG_012,23
TAGGGGCCACAAAGGACATG_013,23
TAGGGGCCACAAAGGACATG_014,185
TAGGGGCCACAAAGGACATG_015,185
TAGGGGCCACAAAGGACATG_016,188
TAGGGGCCACAAAGGACATG_017,14
TACAACATCGACGAGACCTG_001,181
TACAACATCGACGAGACCTG_002,100
TACAACATCGACGAGACCTG_003,4
TACAACATCGACGAGACCTG_004,122
TACAACATCGACGAGACCTG_005,25
TACAACATCGACGAGACCTG_006,91
TACAACATCGACGAGACCTG_007,30
TACAACATCGACGAGACCTG_008,196
CTTACCATTTGTCTGAGACA_001,70
CTTACCATTTGTCTGAGACA_002,175
CTTACCATTTGTCTGAGACA_003,17
CTTACCATTTGTCTGAGACA_004,28
CTTACCATTTGTCTGAGACA_005,6
GATTGGAGACAAGATCATGC_001,10
ACGGGTACTTCCCCTGACCG_001,15
ACGGGTACTTCCCCTGACCG_002,184
ACGGGTACTTCCCCTGACCG_003,148
ACGGGTACTTCCCCTGACCG_004,60
ACGGGTACTTCCCCTGACCG_005,30
ACGGGTACTTCCCCTGACCG_006,88
ACGGGTACTTCCCCTGACCG_007,25
ACGGGTACTTCCCCTGACCG_008,56
ACGGGTACTTCCCCTGACCG_009,169
ACGGGTACTTCCCCTGACCG_010,144
ACGGGTACTTCCCCTGACCG_011,175
ACGGGTACTTCCCCTGACCG_012,162
ACGGGTACTTCCCCTGACCG_013,158
ACGGGTACTTCCCCTGACCG_014,191
ACGGGTACTTCCCCTGACCG_015,80
ACGGGTACTTCCCCTGACCG_016,126
ACGGGTACTTCCCCTGACCG_017,115
TGCCTACAGTGCAGTTCAGG_001,181
TGCCTACAGTGCAGTTCAGG_002,53
TGCCTACAGTGCAGTTCAGG_003,40
TGCCTACAGTGCAGTTCAGG_004,150
TGCCTACAGTGCAGTTCAGG_005,19
TGCCTACAGTGCAGTTCAGG_006,8
TGCCTACAGTGCAGTTCAGG_007,26
TGCCTACAGTGCAGTTCAGG_008,76
TGCCTACAGTGCAGTTCAGG_009,58
TGCCTACAGTGCAGTTCAGG_010,12
TGCCTACAGTGCAGTTCAGG_011,163
TGCCTACAGTGCAGTTCAGG_012,163
TGCCTACAGTGCAGTTCAGG_013,63
TGCCTACAGTGCAGTTCAGG_014,146
GCAACCAGTTATGATTACAA_001,187
ATACAATCACAAGAAAAACC_001,150
ATACAATCACAAGAAAAACC_002,17
ATACAATCACAAGAAAAACC_003,106
CAACGAAAATGAGCCTCGCG_001,17
CAACGAAAATGAGCCTCGCG_002,181
CAACGAAAATGAGCCTCGCG_003,170
CAACGAAAATGAGCCTCGCG_004,57
CAACGAAAATGAGCCTCGCG_005,69
CAACGAAAATGAGCCTCGCG_006,159
CAACGAAAATGAGCCTCGCG_007,158
CAACGAAAATGAGCCTCGCG_008,148
CAACGAAAATGAGCCTCGCG_009,69
CAACGAAAATGAGCCTCGCG_010,124
CAACGAAAATGAGCCTCGCG_011,124
CAACGAAAATGAGCCTCGCG_012,20
CTATGAGAACCGCACCGACG_001,50
CTATGAGAACCGCACCGACG_002,123
CTATGAGAACCGCACCGACG_003,96
CTATGAGAACCGCACCGACG_004,115
CTATGAGAACCGCACCGACG_005,47
CTATGAGAACCGCACCGACG_006,15
CTATGAGAACCGCACCGACG_007,162
CTATGAGAACCGCACCGACG_008,48
CTATGAGAACCGCACCGACG_009,121
CTATGAGAACCGCACCGACG_010,118
CTATGAGAACCGCACCGACG_011,134
CTATGAGAACCGCACCGACG_012,31
CGGGTACCCCGGCATCACAG_001,96
CGGGTACCCCGGCATCACAG_002,15
CGGGTACCCCGGCATCACAG_003,146
CGGGTACCCCGGCATCACAG_004,51
CGGGTACCCCGGCATCACAG_005,67
CGGGTACCCCGGCATCACAG_006,67
CGGGTACCCCGGCATCACAG_007,48
CGGGTACCCCGGCATCACAG_008,75
CGGGTACCCCGGCATCACAG_009,133
CGGGTACCCCGGCATCACAG_010,15
CGGGTACCCCGGCATCACAG_011,63
CGGGTACCCCGGCATCACAG_012,136
CGGGTACCCCGGCATCACAG_013,112
CGGGTACCCCGGCATCACAG_014,56
CGGGTACCCCGGCATCACAG_015,34
CGGGTACCCCGGCATCACAG_016,115
CGGGTACCCCGGCATCACAG_017,17
CGGGTACCCCGGCATCACAG_018,27
TTGTAGAAGACATAAAAAGA_001,118
TTGTAGAAGACATAAAAAGA_002,118
CTGGAGTCTTCATATCCAAG_001,199
CTGGAGTCTTCATATCCAAG_002,60
GAAAGGATGCACGTCCCAGG_001,26
GAAAGGATGCACGTCCCAGG_002,165
GAAAGGATGCACGTCCCAGG_003,147
GAGAGTGTGAGCGAGCATCT_001,160
GAGAGTGTGAGCGAGCATCT_002,127
GAGAGTGTGAGCGAGCATCT_003,52
GAGAGTGTGAGCGAGCATCT_004,10
GAGAGTGTGAGCGAGCATCT_005,34
GAGAGTGTGAGCGAGCATCT_006,134
GAGAGTGTGAGCGAGCATCT_007,77
GAGAGTGTGAGCGAGCATCT_008,198
GAGAGTGTGAGCGAGCATCT_009,1
GAGAGTGTGAGCGAGCATCT_010,61
GAGAGTGTGAGCGAGCATCT_011,149
GAGAGTGTGAGCGAGCATCT_012,58
GAGAGTGTGAGCGAGCATCT_013,17
GAGAGTGTGAGCGAGCATCT_014,80
GAGAGTGTGAGCGAGCATCT_015,110
GAGAGTGTGAGCGAGCATCT_016,82
GAGAGTGTGAGCGAGCATCT_017,150
GAGAGTGTGAGCGAGCATCT_018,19
GAGAGTGTGAGCGAGCATCT_019,53
GAGAGTGTGAGCGAGCATCT_020,16
GAGAGTGTGAGCGAGCATCT_021,126
GAGAGTGTGAGCGAGCATCT_022,36
GAGAGTGTGAGCGAGCATCT_023,102
GAGAGTGTGAGCGAGCATCT_024,3
GAGAGTGTGAGCGAGCATCT_025,89
GACAGACCTCTCTGTCACTG_001,183
GACAGACCTCTCTGTCACTG_002,48
GACAGACCTCTCTGTCACTG_003,172
GACAGACCTCTCTGTCACTG_004,105
GACAGACCTCTCTGTCACTG_005,53
GACAGACCTCTCTGTCACTG_006,140
GACAGACCTCTCTGTCACTG_007,71
GACAGACCTCTCTGTCACTG_008,144
GACAGACCTCTCTGTCACTG_009,177
GACAGACCTCTCTGTCACTG_010,9
GACAGACCTCTCTGTCACTG_011,26
GACAGACCTCTCTGTCACTG_012,90
GACAGACCTCTCTGTCACTG_013,4
GACAGACCTCTCTGTCACTG_014,152
GACAGACCTCTCTGTCACTG_015,94
GACAGACCTCTCTGTCACTG_016,125
GACAGACCTCTCTGTCACTG_017,112
GACAGACCTCTCTGTCACTG_018,115
GACAGACCTCTCTGTCACTG_019,75
GACAGACCTCTCTGTCACTG_020,65
CTTCAGATATGTTCGCTCGG_001,108
CTTCAGATATGTTCGCTCGG_002,121
CATCTCCATCGACACGCTCG_001,15
CATCTCCATCGACACGCTCG_002,160
CATCTCCATCGACACGCTCG_003,27
CATCTCCATCGACACGCTCG_004,70
CATCTCCATCGACACGCTCG_005,147
CATCTCCATCGACACGCTCG_006,20
CATCTCCATCGACACGCTCG_007,41
CATCTCCATCGACACGCTCG_008,70
CATCTCCATCGACACGCTCG_009,93
CATCTCCATCGACACGCTCG_010,148
CATCTCCATCGACACGCTCG_011,199
CATCTCCATCGACACGCTCG_012,41
CATCTCCATCGACACGCTCG_013,1
CATCTCCATCGACACGCTCG_014,105
CATCTCCATCGACACGCTCG_015,130
CATCTCCATCGACACGCTCG_016,30
CATCTCCATCGACACGCTCG_017,110
CATCTCCATCGACACGCTCG_018,8
CATCTCCATCGACACGCTCG_019,77
CATCTCCATCGACACGCTCG_020,131
ATGAGGATGTCAATCAGCAT_001,36
ATGAGGATGTCAATCAGCAT_002,5
ATGAGGATGTCAATCAGCAT_003,8
ATGAGGATGTCAATCAGCAT_004,131
ATGAGGATGTCAATCAGCAT_005,198
ATGAGGATGTCAATCAGCAT_006,150
ATGAGGATGTCAATCAGCAT_007,198
CAGGACGGTACTTACGTCTG_001,116
CAGGACGGTACTTACGTCTG_002,127
CAGGACGGTACTTACGTCTG_003,146
CAGGACGGTACTTACGTCTG_004,159
CAGGACGGTACTTACGTCTG_005,69
CAGGACGGTACTTACGTCTG_006,138
CAGGACGGTACTTACGTCTG_007,19
CAGGACGGTACTTACGTCTG_008,45
GACATTCCTGCAATTAACCA_001,72
GACATTCCTGCAATTAACCA_002,72
GACATTCCTGCAATTAACCA_003,72
GACATTCCTGCAATTAACCA_004,198
GACATTCCTGCAATTAACCA_005,76
GACATTCCTGCAATTAACCA_006,28
GCACATAGTGCTCCTAACAG_001,178
GCACATAGTGCTCCTAACAG_002,158
TCACCCCATTCCCTGACGAG_001,196
TCACCCCATTCCCTGACGAG_002,161
TCACCCCATTCCCTGACGAG_003,110
TCACCCCATTCCCTGACGAG_004,98
TCACCCCATTCCCTGACGAG_005,55
TCACCCCATTCCCTGACGAG_006,138
TCACCCCATTCCCTGACGAG_007,63
ACGAAAGTGCAGAAGAAGGA_001,128
ACGAAAGTGCAGAAGAAGGA_002,101
ACGAAAGTGCAGAAGAAGGA_003,123
ACGAAAGTGCAGAAGAAGGA_004,168
CGTCGTCCCCCGCGCCTGCG_001,118
CGTCGTCCCCCGCGCCTGCG_002,35
CGTCGTCCCCCGCGCCTGCG_003,17
CGTCGTCCCCCGCGCCTGCG_004,43
CGTCGTCCCCCGCGCCTGCG_005,192
CGTCGTCCCCCGCGCCTGCG_006,181
CGTCGTCCCCCGCGCCTGCG_007,121
CGTCGTCCCCCGCGCCTGCG_008,34
CGTCGTCCCCCGCGCCTGCG_009,129
CGTCGTCCCCCGCGCCTGCG_010,128
CGTCGTCCCCCGCGCCTGCG_011,79
CGTCGTCCCCCGCGCCTGCG_012,116
CGTCGTCCCCCGCGCCTGCG_013,147
CGTCGTCCCCCGCGCCTGCG_014,9
CGTCGTCCCCCGCGCCTGCG_015,52
CGTCGTCCCCCGCGCCTGCG_016,8
CGTCGTCCCCCGCGCCTGCG_017,166
CGTCGTCCCCCGCGCCTGCG_018,150
CGTCGTCCCCCGCGCCTGCG_019,83
CGTCGTCCCCCGCGCCTGCG_020,173
CGTCGTCCCCCGCGCCTGCG_021,49
CGTCGTCCCCCGCGCCTGCG_022,61
CGTCGTCCCCCGCGCCTGCG_023,183
CGTCGTCCCCCGCGCCTGCG_024,150
CGTCGTCCCCCGCGCCTGCG_025,81
CGTCGTCCCCCGCGCCTGCG_026,40
CGTCGTCCCCCGCGCCTGCG_027,40
CGTCGTCCCCCGCGCCTGCG_028,145
CGTCGTCCCCCGCGCCTGCG_029,3
CGTCGTCCCCCGCGCCTGCG_030,47
CGTCGTCCCCCGCGCCTGCG_031,36
CGTCGTCCCCCGCGCCTGCG_032,81
CGTCGTCCCCCGCGCCTGCG_033,168
CGTCGTCCCCCGCGCCTGCG_034,188
CGTCGTCCCCCGCGCCTGCG_035,40
CGTCGTCCCCCGCGCCTGCG_036,15
CGTCGTCCCCCGCGCCTGCG_037,69
CGTCGTCCCCCGCGCCTGCG_038,118
CGTCGTCCCCCGCGCCTGCG_039,10
CGTCGTCCCCCGCGCCTGCG_040,69
CGTCGTCCCCCGCGCCTGCG_041,39
CGTCGTCCCCCGCGCCTGCG_042,175
CGTCGTCCCCCGCGCCTGCG_043,136
CGTCGTCCCCCGCGCCTGCG_044,63
CGTCGTCCCCCGCGCCTGCG_045,61
CGTCGTCCCCCGCGCCTGCG_046,82
CGTCGTCCCCCGCGCCTGCG_047,52
AATGCCTGAACCCTTCACAG_001,5
AATGCCTGAACCCTTCACAG_002,102
AATGCCTGAACCCTTCACAG_003,103
AATGCCTGAACCCTTCACAG_004,106
AATGCCTGAACCCTTCACAG_005,157
AATGCCTGAACCCTTCACAG_006,132
AATGCCTGAACCCTTCACAG_007,19
AATGCCTGAACCCTTCACAG_008,154
AATGCCTGAACCCTTCACAG_009,48
AATGCCTGAACCCTTCACAG_010,104
AATGCCTGAACCCTTCACAG_011,130
AATGCCTGAACCCTTCACAG_012,12
AATGCCTGAACCCTTCACAG_013,147
AATGCCTGAACCCTTCACAG_014,175
AATGCCTGAACCCTTCACAG_015,154
AATGCCTGAACCCTTCACAG_016,178
AATGCCTGAACCCTTCACAG_017,2
AATGCCTGAACCCTTCACAG_018,184
AATGCCTGAACCCTTCACAG_019,170
AATGCCTGAACCCTTCACAG_020,66
AATGCCTGAACCCTTCACAG_021,130
AATGCCTGAACCCTTCACAG_022,19
AATGCCTGAACCCTTCACAG_023,28
AATGCCTGAACCCTTCACAG_024,49
AATGCCTGAACCCTTCACAG_025,191
AATGCCTGAACCCTTCACAG_026,77
AATGCCTGAACCCTTCACAG_027,187
AATGCCTGAACCCTTCACAG_028,144
AATGCCTGAACCCTTCACAG_029,177
AATGCCTGAACCCTTCACAG_030,29
GAAAATCCCTGAAAATGCGA_001,104
GAAAATCCCTGAAAATGCGA_002,44
GAAAATCCCTGAAAATGCGA_003,12
GAAAATCCCTGAAAATGCGA_004,76
GAAAATCCCTGAAAATGCGA_005,192
GAAAATCCCTGAAAATGCGA_006,50
GAAAATCCCTGAAAATGCGA_007,150
GAAAATCCCTGAAAATGCGA_008,192
GAAAATCCCTGAAAATGCGA_009,195
GAAAATCCCTGAAAATGCGA_010,126
GAAAATCCCTGAAAATGCGA_011,35
GAAAATCCCTGAAAATGCGA_012,19
GTGGAATTGGCCAATCAGCG_001,112
TGAGGTCCATATGTCGACTG_001,78
ACTTCTCTGAGTGCGTGAAG_001,114
ACTTCTCTGAGTGCGTGAAG_002,3
ACTTCTCTGAGTGCGTGAAG_003,134
ACTTCTCTGAGTGCGTGAAG_004,165
ACTTCTCTGAGTGCGTGAAG_005,18
ACTTCTCTGAGTGCGTGAAG_006,156
ACTTCTCTGAGTGCGTGAAG_007,141
ACTTCTCTGAGTGCGTGAAG_008,149
ACTTCTCTGAGTGCGTGAAG_009,46
ACTTCTCTGAGTGCGTGAAG_010,144
ACGAGGAGATGACTGAGCGT_001,93
ACGAGGAGATGACTGAGCGT_002,27
ACGAGGAGATGACTGAGCGT_003,15
ACGAGGAGATGACTGAGCGT_004,49
ACGAGGAGATGACTGAGCGT_005,166
ACGAGGAGATGACTGAGCGT_006,88
ACGAGGAGATGACTGAGCGT_007,45
ACGAGGAGATGACTGAGCGT_008,43
ACGAGGAGATGACTGAGCGT_009,73
ACGAGGAGATGACTGAGCGT_010,98
ACGAGGAGATGACTGAGCGT_011,47
ACGAGGAGATGACTGAGCGT_012,17
ACGAGGAGATGACTGAGCGT_013,199
ACGAGGAGATGACTGAGCGT_014,199
ACGAGGAGATGACTGAGCGT_015,144
CTCCAAAGTGAAAGACGCCG_001,88
CTCCAAAGTGAAAGACGCCG_002,135
CTCCAAAGTGAAAGACGCCG_003,32
CTCCAAAGTGAAAGACGCCG_004,83
CTCCAAAGTGAAAGACGCCG_005,70
CTCCAAAGTGAAAGACGCCG_006,19
CTCCAAAGTGAAAGACGCCG_007,112
CTCCAAAGTGAAAGACGCCG_008,193
CTCCAAAGTGAAAGACGCCG_009,145
CTCCAAAGTGAAAGACGCCG_010,91
GCTGTCACCATGGTTCCCGG_001,137
GCTGTCACCATGGTTCCCGG_002,157
GCTGTCACCATGGTTCCCGG_003,143
GCTGTCACCATGGTTCCCGG_004,26
GCTGTCACCATGGTTCCCGG_005,138
GCTGTCACCATGGTTCCCGG_006,72
GCTGTCACCATGGTTCCCGG_007,188
GCTGTCACCATGGTTCCCGG_008,126
GCTGTCACCATGGTTCCCGG_009,52
TCCTGCGGAACACTATTCAG_001,183
TCCTGCGGAACACTATTCAG_002,132
TCCTGCGGAACACTATTCAG_003,181
TCCTGCGGAACACTATTCAG_004,143
TCCTGCGGAACACTATTCAG_005,196
TCCTGCGGAACACTATTCAG_006,169
TCCTGCGGAACACTATTCAG_007,36
TCCTGCGGAACACTATTCAG_008,80
TCCTGCGGAACACTATTCAG_009,184
TCCTGCGGAACACTATTCAG_010,108
CCGGAAGAAATATCCGGACA_001,172
AAGGAAAGAGTCTACTGTCG_001,151
AAGGAAAGAGTCTACTGTCG_002,30
AAGGAAAGAGTCTACTGTCG_003,139
AAGGAAAGAGTCTACTGTCG_004,35
AAGGAAAGAGTCTACTGTCG_005,78
AAGGAAAGAGTCTACTGTCG_006,159
AAGGAAAGAGTCTACTGTCG_007,107
CAGCAAGCCTGAGACAGACA_001,162
CAGCAAGCCTGAGACAGACA_002,176
CAGCAAGCCTGAGACAGACA_003,8
CAGCAAGCCTGAGACAGACA_004,172
CAGCAAGCCTGAGACAGACA_005,158
CAGCAAGCCTGAGACAGACA_006,160
TCGGCCAGGCACACGAAGTG_001,75
TCGGCCAGGCACACGAAGTG_002,199
TCGGCCAGGCACACGAAGTG_003,199
TCGGCCAGGCACACGAAGTG_004,49
TCGGCCAGGCACACGAAGTG_005,78
TCGGCCAGGCACACGAAGTG_006,68
TCGGCCAGGCACACGAAGTG_007,54
TCGGCCAGGCACACGAAGTG_008,192
TCGGCCAGGCACACGAAGTG_009,119
TCGGCCAGGCACACGAAGTG_010,119
TCGGCCAGGCACACGAAGTG_011,136
TCGGCCAGGCACACGAAGTG_012,102
TCGGCCAGGCACACGAAGTG_013,40
TCGGCCAGGCACACGAAGTG_014,44
CATGCCCTCTACATACTGGG_001,58
CATGCCCTCTACATACTGGG_002,168
CATGCCCTCTACATACTGGG_003,130
CATGCCCTCTACATACTGGG_004,162
CATGCCCTCTACATACTGGG_005,78
AGCTGTCCATCAATTCGCCA_001,77
AGCTGTCCATCAATTCGCCA_002,77
AGCTGTCCATCAATTCGCCA_003,128
AGCTGTCCATCAATTCGCCA_004,94
AGCTGTCCATCAATTCGCCA_005,106
AGCTGTCCATCAATTCGCCA_006,78
AGCTGTCCATCAATTCGCCA_007,2
AGCTGTCCATCAATTCGCCA_008,2
AGCTGTCCATCAATTCGCCA_009,70
AGCTGTCCATCAATTCGCCA_010,80
AGCTGTCCATCAATTCGCCA_011,147
AGCTGTCCATCAATTCGCCA_012,50
AGCTGTCCATCAATTCGCCA_013,157
AGCTGTCCATCAATTCGCCA_014,191
AGCTGTCCATCAATTCGCCA_015,163
AGCTGTCCATCAATTCGCCA_016,74
AGCTGTCCATCAATTCGCCA_017,102
AGCTGTCCATCAATTCGCCA_018,141
AGCTGTCCATCAATTCGCCA_019,197
AGCTGTCCATCAATTCGCCA_020,82
AGCTGTCCATCAATTCGCCA_021,13
AGCTGTCCATCAATTCGCCA_022,183
AGCTGTCCATCAATTCGCCA_023,127
AGCTGTCCATCAATTCGCCA_024,9
AGCTGTCCATCAATTCGCCA_025,178
AGCTGTCCATCAATTCGCCA_026,178
AGCTGTCCATCAATTCGCCA_027,101
AGCTGTCCATCAATTCGCCA_028,35
AGCTGTCCATCAATTCGCCA_029,197
AGCTGTCCATCAATTCGCCA_030,121
AGCTGTCCATCAATTCGCCA_031,106
AGCTGTCCATCAATTCGCCA_032,40
AGCTGTCCATCAATTCGCCA_033,16
AGCTGTCCATCAATTCGCCA_034,43
AGCTGTCCATCAATTCGCCA_035,148
AGCTGTCCATCAATTCGCCA_036,38
AGCTGTCCATCAATTCGCCA_037,96
AGCTGTCCATCAATTCGCCA_038,145
GGATAGGTACAACTTCAGTG_001,102
GGATAGGTACAACTTCAGTG_002,19
GGATAGGTACAACTTCAGTG_003,116
GGATAGGTACAACTTCAGTG_004,70
CTCACCCCAAGTGACTCGAG_001,137
CTCACCCCAAGTGACTCGAG_002,130
CTCACCCCAAGTGACTCGAG_003,137
CTCACCCCAAGTGACTCGAG_004,37
CTCACCCCAAGTGACTCGAG_005,55
CTCACCCCAAGTGACTCGAG_006,153
CTCACCCCAAGTGACTCGAG_007,52
CTCACCCCAAGTGACTCGAG_008,165
CTCACCCCAAGTGACTCGAG_009,75
CTCACCCCAAGTGACTCGAG_010,89
CTCACCCCAAGTGACTCGAG_011,42
CTCACCCCAAGTGACTCGAG_012,82
CTCACCCCAAGTGACTCGAG_013,198
CTCACCCCAAGTGACTCGAG_014,12
CTCACCCCAAGTGACTCGAG_015,10
TCAAACCAACACTTTGCAGG_001,48
AAACAAATGAACATTCCTGG_001,172
AAACAAATGAACATTCCTGG_002,118
AAACAAATGAACATTCCTGG_003,59
AAACAAATGAACATTCCTGG_004,69
AAACAAATGAACATTCCTGG_005,76
TTCCCGAAACACCAAGACGT_001,77
TTCCCGAAACACCAAGACGT_002,183
TTCCCGAAACACCAAGACGT_003,121
TTCCCGAAACACCAAGACGT_004,188
TTCCCGAAACACCAAGACGT_005,74
TTCCCGAAACACCAAGACGT_006,106
TTCCCGAAACACCAAGACGT_007,134
TTCCCGAAACACCAAGACGT_008,175
TTCCCGAAACACCAAGACGT_009,113
TTCCCGAAACACCAAGACGT_010,119
TTCCCGAAACACCAAGACGT_011,75
TTCCCGAAACACCAAGACGT_012,54
CCGGTCCAGGTGCCCTACGT_001,121
CCGGTCCAGGTGCCCTACGT_002,62
CCGGTCCAGGTGCCCTACGT_003,184
CCGGTCCAGGTGCCCTACGT_004,40
CCGGTCCAGGTGCCCTACGT_005,18
CCGGTCCAGGTGCCCTACGT_006,189
CCGGTCCAGGTGCCCTACGT_007,107
CCGGTCCAGGTGCCCTACGT_008,176
CCGGTCCAGGTGCCCTACGT_009,133
CCGGTCCAGGTGCCCTACGT_010,127
CCGGTCCAGGTGCCCTACGT_011,50
CCGGTCCAGGTGCCCTACGT_012,15
CCGGTCCAGGTGCCCTACGT_013,182
CCGGTCCAGGTGCCCTACGT_014,6
CCGGTCCAGGTGCCCTACGT_015,52
CCGGTCCAGGTGCCCTACGT_016,170
GAGATAGCGGAATTCTGAGA_001,19
GAGATAGCGGAATTCTGAGA_002,63
GAGATAGCGGAATTCTGAGA_003,187
GAGATAGCGGAATTCTGAGA_004,67
GAGATAGCGGAATTCTGAGA_005,160
GAGATAGCGGAATTCTGAGA_006,113
TCCACAAGTTCGTCGCCATG_001,68
TCCACAAGTTCGTCGCCATG_002,183
TCCACAAGTTCGTCGCCATG_003,12
TCCACAAGTTCGTCGCCATG_004,78
TCCACAAGTTCGTCGCCATG_005,174
TCCACAAGTTCGTCGCCATG_006,143
GCAGCATGAAGCCATGCCGT_001,29
GCAGCATGAAGCCATGCCGT_002,77
GCAGCATGAAGCCATGCCGT_003,148
GCAGCATGAAGCCATGCCGT_004,104
GCAGCATGAAGCCATGCCGT_005,14
GCAGCATGAAGCCATGCCGT_006,12
GCAGCATGAAGCCATGCCGT_007,117
GCAGCATGAAGCCATGCCGT_008,137
GCAGCATGAAGCCATGCCGT_009,8
GGTTTACAACAAAACATCCA_001,185
GGTTTACAACAAAACATCCA_002,185
GGTTTACAACAAAACATCCA_003,82
GGTTTACAACAAAACATCCA_004,194
GGTTTACAACAAAACATCCA_005,186
GGTTTACAACAAAACATCCA_006,83
GGTTTACAACAAAACATCCA_007,53
GGTTTACAACAAAACATCCA_008,109
GGTTTACAACAAAACATCCA_009,79
GGTTTACAACAAAACATCCA_010,148
GCCCAGAGGAGGACTACGTG_001,103
GCCCAGAGGAGGACTACGTG_002,17
GCCCAGAGGAGGACTACGTG_003,41
GCCCAGAGGAGGACTACGTG_004,0
GCCCAGAGGAGGACTACGTG_005,13
GCCCAGAGGAGGACTACGTG_006,51
GCCCAGAGGAGGACTACGTG_007,194
GCCCAGAGGAGGACTACGTG_008,112
GCCCAGAGGAGGACTACGTG_009,56
GCCCAGAGGAGGACTACGTG_010,50
GCCCAGAGGAGGACTACGTG_011,58
GCCCAGAGGAGGACTACGTG_012,149
GCCCAGAGGAGGACTACGTG_013,152
GCCCAGAGGAGGACTACGTG_014,94
GCCCAGAGGAGGACTACGTG_015,162
GCCCAGAGGAGGACTACGTG_016,156
GCCCAGAGGAGGACTACGTG_017,2
GCCCAGAGGAGGACTACGTG_018,67
GCCCAGAGGAGGACTACGTG_019,52
GCCCAGAGGAGGACTACGTG_020,92
GCCCAGAGGAGGACTACGTG_021,75
GCCCAGAGGAGGACTACGTG_022,170
GCCCAGAGGAGGACTACGTG_023,176
GCCCAGAGGAGGACTACGTG_024,62
GCCCAGAGGAGGACTACGTG_025,33
GCCCAGAGGAGGACTACGTG_026,19
GCCCAGAGGAGGACTACGTG_027,82
GCCCAGAGGAGGACTACGTG_028,98
GCCCAGAGGAGGACTACGTG_029,154
GCCCAGAGGAGGACTACGTG_030,3
GCCCAGAGGAGGACTACGTG_031,68
GCCCAGAGGAGGACTACGTG_032,0
GCCCAGAGGAGGACTACGTG_033,89
GCCCAGAGGAGGACTACGTG_034,90
GCCCAGAGGAGGACTACGTG_035,172
GCCCAGAGGAGGACTACGTG_036,145
GCCCAGAGGAGGACTACGTG_037,76
GCCCAGAGGAGGACTACGTG_038,160
GCCCAGAGGAGGACTACGTG_039,119
GCCCAGAGGAGGACTACGTG_040,4
GCCCAGAGGAGGACTACGTG_041,160
GCCCAGAGGAGGACTACGTG_042,12
GCCCAGAGGAGGACTACGTG_043,49
GCCCAGAGGAGGACTACGTG_044,181
GCCCAGAGGAGGACTACGTG_045,184
GCCCAGAGGAGGACTACGTG_046,126
GCCCAGAGGAGGACTACGTG_047,197
CCTGCAGCGATCAACGGGAG_001,184
CCTGCAGCGATCAACGGGAG_002,176
CCTGCAGCGATCAACGGGAG_003,60
CCTGCAGCGATCAACGGGAG_004,62
CCTGCAGCGATCAACGGGAG_005,49
CCTGCAGCGATCAACGGGAG_006,101
CCTGCAGCGATCAACGGGAG_007,55
CCTGCAGCGATCAACGGGAG_008,19
CCTGCAGCGATCAACGGGAG_009,16
CCTGCAGCGATCAACGGGAG_010,151
CCTGCAGCGATCAACGGGAG_011,19
CACGCAGCAGAACTTCTACA_001,31
CACGCAGCAGAACTTCTACA_002,145
CACGCAGCAGAACTTCTACA_003,149
CACGCAGCAGAACTTCTACA_004,169
CACGCAGCAGAACTTCTACA_005,15
CACGCAGCAGAACTTCTACA_006,75
CACGCAGCAGAACTTCTACA_007,96
CACGCAGCAGAACTTCTACA_008,101
CACGCAGCAGAACTTCTACA_009,6
AGCAGAACCTTAACACACTG_001,112
AGCAGAACCTTAACACACTG_002,17
AGCAGAACCTTAACACACTG_003,99
AGCAGAACCTTAACACACTG_004,105
AGCAGAACCTTAACACACTG_005,36
AGCAGAACCTTAACACACTG_006,23
AGCAGAACCTTAACACACTG_007,47
AGCAGAACCTTAACACACTG_008,36
AGCAGAACCTTAACACACTG_009,181
AGCAGAACCTTAACACACTG_010,36
AGCAGAACCTTAACACACTG_011,166
AGCAGAACCTTAACACACTG_012,9
AGCAGAACCTTAACACACTG_013,43
AGCAGAACCTTAACACACTG_014,66
AGCAGAACCTTAACACACTG_015,82
AGCAGAACCTTAACACACTG_016,168
AAATAGCTGTAATATCCAGG_001,69
AAATAGCTGTAATATCCAGG_002,199
ACTGCCCTACGACGGCAGCG_001,168
ACTGCCCTACGACGGCAGCG_002,83
ACTGCCCTACGACGGCAGCG_003,23
ACTGCCCTACGACGGCAGCG_004,68
ACTGCCCTACGACGGCAGCG_005,72
ACTGCCCTACGACGGCAGCG_006,98
ACTGCCCTACGACGGCAGCG_007,130
ATACTTACCATATTCGACTG_001,190
ATACTTACCATATTCGACTG_002,19
TCCGATTCCAGAAAATTCGG_001,105
TCCGATTCCAGAAAATTCGG_002,184
TCCGATTCCAGAAAATTCGG_003,149
TCCGATTCCAGAAAATTCGG_004,149
AAAAACGCAAACATCGTGCA_001,41
AAAAACGCAAACATCGTGCA_002,185
AAAAACGCAAACATCGTGCA_003,88
AAAAACGCAAACATCGTGCA_004,76
AAAAACGCAAACATCGTGCA_005,7
TTCTTACAGATACATGTCGC_001,8
TTCTTACAGATACATGTCGC_002,34
GGACGCTGAGGTCTCACCGC_001,44
GGACGCTGAGGTCTCACCGC_002,93
GGACGCTGAGGTCTCACCGC_003,117
GGACGCTGAGGTCTCACCGC_004,78
GGACGCTGAGGTCTCACCGC_005,56
GGACGCTGAGGTCTCACCGC_006,62
GGACGCTGAGGTCTCACCGC_007,126
GGACGCTGAGGTCTCACCGC_008,90
GGACGCTGAGGTCTCACCGC_009,90
TATGAGGGGGAGCTTGACGA_001,95
TATGAGGGGGAGCTTGACGA_002,8
TATGAGGGGGAGCTTGACGA_003,127
TATGAGGGGGAGCTTGACGA_004,12
TATGAGGGGGAGCTTGACGA_005,92
TATGAGGGGGAGCTTGACGA_006,98
TATGAGGGGGAGCTTGACGA_007,20
TATGAGGGGGAGCTTGACGA_008,132
TATGAGGGGGAGCTTGACGA_009,64
TATGAGGGGGAGCTTGACGA_010,20
TATGAGGGGGAGCTTGACGA_011,95
TATGAGGGGGAGCTTGACGA_012,110
TATGAGGGGGAGCTTGACGA_013,194
TATGAGGGGGAGCTTGACGA_014,63
TATGAGGGGGAGCTTGACGA_015,81
TATGAGGGGGAGCTTGACGA_016,1
TATGAGGGGGAGCTTGACGA_017,9
TATGAGGGGGAGCTTGACGA_018,104
TATGAGGGGGAGCTTGACGA_019,94
TATGAGGGGGAGCTTGACGA_020,168
TATGAGGGGGAGCTTGACGA_021,94
TATGAGGGGGAGCTTGACGA_022,59
TATGAGGGGGAGCTTGACGA_023,169
TATGAGGGGGAGCTTGACGA_024,98
TATGAGGGGGAGCTTGACGA_025,74
GTGATCCCTCAATTTCACGA_001,157
GTGATCCCTCAATTTCACGA_002,149
GTGATCCCTCAATTTCACGA_003,166
GTGATCCCTCAATTTCACGA_004,120
GTGATCCCTCAATTTCACGA_005,183
GTGATCCCTCAATTTCACGA_006,9
GTGATCCCTCAATTTCACGA_007,63
GTGATCCCTCAATTTCACGA_008,69
GTGATCCCTCAATTTCACGA_009,168
GTGATCCCTCAATTTCACGA_010,4
GTGATCCCTCAATTTCACGA_011,194
GTGATCCCTCAATTTCACGA_012,106
GTGATCCCTCAATTTCACGA_013,49
GTGATCCCTCAATTTCACGA_014,138
GTGATCCCTCAATTTCACGA_015,191
GTGATCCCTCAATTTCACGA_016,2
TGATCCGCTCGGCCACGAGT_001,148
ATGTGTGTACAAAAGGGCAG_001,2
ATGTGTGTACAAAAGGGCAG_002,149
ATGTGTGTACAAAAGGGCAG_003,149
ATGTGTGTACAAAAGGGCAG_004,149
ATGTGTGTACAAAAGGGCAG_005,146
ATGTGTGTACAAAAGGGCAG_006,105
ATGTGTGTACAAAAGGGCAG_007,94
ATGTGTGTACAAAAGGGCAG_008,135
ATGTGTGTACAAAAGGGCAG_009,13
ATGTGTGTACAAAAGGGCAG_010,118
ATGTGTGTACAAAAGGGCAG_011,124
ATGTGTGTACAAAAGGGCAG_012,189
ATGTGTGTACAAAAGGGCAG_013,13
ATGTGTGTACAAAAGGGCAG_014,197
ATGTGTGTACAAAAGGGCAG_015,130
ATGTGTGTACAAAAGGGCAG_016,83
CACTGCAAGAACCGCCGCTG_001,169
CACTGCAAGAACCGCCGCTG_002,31
CACTGCAAGAACCGCCGCTG_003,156
CACTGCAAGAACCGCCGCTG_004,106
CACTGCAAGAACCGCCGCTG_005,144
CACTGCAAGAACCGCCGCTG_006,16
CACTGCAAGAACCGCCGCTG_007,137
CACTGCAAGAACCGCCGCTG_008,142
CACTGCAAGAACCGCCGCTG_009,84
CACTGCAAGAACCGCCGCTG_010,175
CACTGCAAGAACCGCCGCTG_011,149
CACTGCAAGAACCGCCGCTG_012,130
CACTGCAAGAACCGCCGCTG_013,38
CACTGCAAGAACCGCCGCTG_014,47
CACTGCAAGAACCGCCGCTG_015,35
CACTGCAAGAACCGCCGCTG_016,130
CACTGCAAGAACCGCCGCTG_017,199
CACTGCAAGAACCGCCGCTG_018,192
CACTGCAAGAACCGCCGCTG_019,98
CACTGCAAGAACCGCCGCTG_020,115
CACTGCAAGAACCGCCGCTG_021,168
CACTGCAAGAACCGCCGCTG_022,51
CACTGCAAGAACCGCCGCTG_023,24
CACTGCAAGAACCGCCGCTG_024,58
CACTGCAAGAACCGCCGCTG_025,113
CACTGCAAGAACCGCCGCTG_026,197
CACTGCAAGAACCGCCGCTG_027,42
CACTGCAAGAACCGCCGCTG_028,94
CACTGCAAGAACCGCCGCTG_029,58
CACTGCAAGAACCGCCGCTG_030,8
CACTGCAAGAACCGCCGCTG_031,136
CACTGCAAGAACCGCCGCTG_032,118
CACTGCAAGAACCGCCGCTG_033,145
CACTGCAAGAACCGCCGCTG_034,19
CACTGCAAGAACCGCCGCTG_035,1
CACTGCAAGAACCGCCGCTG_036,146
CACTGCAAGAACCGCCGCTG_037,77
CACTGCAAGAACCGCCGCTG_038,65
CACTGCAAGAACCGCCGCTG_039,166
CACTGCAAGAACCGCCGCTG_040,77
CACTGCAAGAACCGCCGCTG_041,17
CACTGCAAGAACCGCCGCTG_042,151
CACTGCAAGAACCGCCGCTG_043,117
CACTGCAAGAACCGCCGCTG_044,91
TTCAGCTATTAATCAACTGG_001,85
TTCAGCTATTAATCAACTGG_002,168
TTGCCACTGATGAATACCAG_001,160
TTGCCACTGATGAATACCAG_002,141
TTGCCACTGATGAATACCAG_003,127
TTGCCACTGATGAATACCAG_004,41
TTGCCACTGATGAATACCAG_005,41
TTGCCACTGATGAATACCAG_006,138
TTGCCACTGATGAATACCAG_007,119
TTGCCACTGATGAATACCAG_008,9
TTGCCACTGATGAATACCAG_009,183
TTGCCACTGATGAATACCAG_010,191
TTGCCACTGATGAATACCAG_011,113
TTGCCACTGATGAATACCAG_012,16
TTGCCACTGATGAATACCAG_013,185
TTGCCACTGATGAATACCAG_014,35
AGGAACTCCTAACTGGCCAA_001,117
AGGAACTCCTAACTGGCCAA_002,161
AGGAACTCCTAACTGGCCAA_003,178
AGGAACTCCTAACTGGCCAA_004,84
AGGAACTCCTAACTGGCCAA_005,25
AGGAACTCCTAACTGGCCAA_006,186
AGGAACTCCTAACTGGCCAA_007,156
AGGAACTCCTAACTGGCCAA_008,41
AGGAACTCCTAACTGGCCAA_009,176
AGGAACTCCTAACTGGCCAA_010,134
GGTGGGGAACGTGTACGTCA_001,84
GGTGGGGAACGTGTACGTCA_002,22
GGTGGGGAACGTGTACGTCA_003,102
GGTGGGGAACGTGTACGTCA_004,181
GGATACCGCAAGTTTGCATG_001,161
GGATACCGCAAGTTTGCATG_002,198
GGATACCGCAAGTTTGCATG_003,114
GGATACCGCAAGTTTGCATG_004,114
GGATACCGCAAGTTTGCATG_005,9
GGATACCGCAAGTTTGCATG_006,183
GGATACCGCAAGTTTGCATG_007,77
GGATACCGCAAGTTTGCATG_008,179
GGATACCGCAAGTTTGCATG_009,98
GGATACCGCAAGTTTGCATG_010,160
GGATACCGCAAGTTTGCATG_011,22
GGATACCGCAAGTTTGCATG_012,48
GGATACCGCAAGTTTGCATG_013,37
GGATACCGCAAGTTTGCATG_014,161
GGATACCGCAAGTTTGCATG_015,137
GGATACCGCAAGTTTGCATG_016,98
GGATACCGCAAGTTTGCATG_017,43
GGATACCGCAAGTTTGCATG_018,70
GGATACCGCAAGTTTGCATG_019,29
GGCAGGTTCAGCGGACAGTG_001,105
GGCAGGTTCAGCGGACAGTG_002,98
GGCAGGTTCAGCGGACAGTG_003,14
GGCAGGTTCAGCGGACAGTG_004,75
GGCAGGTTCAGCGGACAGTG_005,71
GGCAGGTTCAGCGGACAGTG_006,67
GGCAGGTTCAGCGGACAGTG_007,41
GGCAGGTTCAGCGGACAGTG_008,150
GGCAGGTTCAGCGGACAGTG_009,137
GGCAGGTTCAGCGGACAGTG_010,107
GGCAGGTTCAGCGGACAGTG_011,139
GGCAGGTTCAGCGGACAGTG_012,176
GGCAGGTTCAGCGGACAGTG_013,161
GGCAGGTTCAGCGGACAGTG_014,121
GGCAGGTTCAGCGGACAGTG_015,161
GGCAGGTTCAGCGGACAGTG_016,19
GGCAGGTTCAGCGGACAGTG_017,147
GGCAGGTTCAGCGGACAGTG_018,158
GGCAGGTTCAGCGGACAGTG_019,37
GGCAGGTTCAGCGGACAGTG_020,39
AGCCAGCAGAAGAGCACAGG_001,129
AGCCAGCAGAAGAGCACAGG_002,171
AGCCAGCAGAAGAGCACAGG_003,133
AGCCAGCAGAAGAGCACAGG_004,159
AGCCAGCAGAAGAGCACAGG_005,149
AGCCAGCAGAAGAGCACAGG_006,20
AGCCAGCAGAAGAGCACAGG_007,45
AGCCAGCAGAAGAGCACAGG_008,118
AGCCAGCAGAAGAGCACAGG_009,34
AGCCAGCAGAAGAGCACAGG_010,175
AGCCAGCAGAAGAGCACAGG_011,147
AGCCAGCAGAAGAGCACAGG_012,75
AGCCAGCAGAAGAGCACAGG_013,26
AGCCAGCAGAAGAGCACAGG_014,43
AGCCAGCAGAAGAGCACAGG_015,76
AGCCAGCAGAAGAGCACAGG_016,150
CAAACCGTACACATTTGGTG_001,138
ACTTACTCTACTGATGACTG_001,50
ACTTACTCTACTGATGACTG_002,24
ACTTACTCTACTGATGACTG_003,30
ACTTACTCTACTGATGACTG_004,121
ACTTACTCTACTGATGACTG_005,13
ACTTACTCTACTGATGACTG_006,81
ACTTACTCTACTGATGACTG_007,106
TTGCACCCTATCAAGCAGAG_001,105
TTGCACCCTATCAAGCAGAG_002,149
TTGCACCCTATCAAGCAGAG_003,147
TTGCACCCTATCAAGCAGAG_004,27
TTGCACCCTATCAAGCAGAG_005,150
TTGCACCCTATCAAGCAGAG_006,169
TTGCACCCTATCAAGCAGAG_007,58
TTGCACCCTATCAAGCAGAG_008,83
TTGCACCCTATCAAGCAGAG_009,116
TTGCACCCTATCAAGCAGAG_010,112
TTGCACCCTATCAAGCAGAG_011,153
TTGCACCCTATCAAGCAGAG_012,9
TTGCACCCTATCAAGCAGAG_013,5
TTGCACCCTATCAAGCAGAG_014,78
TTGCACCCTATCAAGCAGAG_015,96
TTGCACCCTATCAAGCAGAG_016,9
TTGCACCCTATCAAGCAGAG_017,188
TTGCACCCTATCAAGCAGAG_018,54
TTGCACCCTATCAAGCAGAG_019,65
TTGCACCCTATCAAGCAGAG_020,138
TTGCACCCTATCAAGCAGAG_021,52
TTGCACCCTATCAAGCAGAG_022,65
TTGCACCCTATCAAGCAGAG_023,23
TTGCACCCTATCAAGCAGAG_024,198
GATATCAAACCTCGGCCCTG_001,55
GATATCAAACCTCGGCCCTG_002,6
GATATCAAACCTCGGCCCTG_003,170
GATATCAAACCTCGGCCCTG_004,103
GATATCAAACCTCGGCCCTG_005,48
GATATCAAACCTCGGCCCTG_006,1
GATATCAAACCTCGGCCCTG_007,12
GATATCAAACCTCGGCCCTG_008,4
GATATCAAACCTCGGCCCTG_009,140
GATATCAAACCTCGGCCCTG_010,58
GATATCAAACCTCGGCCCTG_011,80
GATATCAAACCTCGGCCCTG_012,64
GATATCAAACCTCGGCCCTG_013,12
GATATCAAACCTCGGCCCTG_014,2
GATATCAAACCTCGGCCCTG_015,195
GATATCAAACCTCGGCCCTG_016,127
GATATCAAACCTCGGCCCTG_017,27
GATATCAAACCTCGGCCCTG_018,147
GATATCAAACCTCGGCCCTG_019,46
GATATCAAACCTCGGCCCTG_020,95
ACTACAAATGTTGGTGGACA_001,50
ACTACAAATGTTGGTGGACA_002,121
ACTACAAATGTTGGTGGACA_003,137
ACTACAAATGTTGGTGGACA_004,56
ACTACAAATGTTGGTGGACA_005,42
ACTACAAATGTTGGTGGACA_006,82
ACTACAAATGTTGGTGGACA_007,10
ACATACTTACCAGTTCTCGT_001,69
ACATACTTACCAGTTCTCGT_002,39
ACATACTTACCAGTTCTCGT_003,97
ACATACTTACCAGTTCTCGT_004,48
ACATACTTACCAGTTCTCGT_005,21
ACATACTTACCAGTTCTCGT_006,78
ACATACTTACCAGTTCTCGT_007,169
ACATACTTACCAGTTCTCGT_008,169
ACATACTTACCAGTTCTCGT_009,30
ACATACTTACCAGTTCTCGT_010,58
ACATACTTACCAGTTCTCGT_011,41
ACATACTTACCAGTTCTCGT_012,6
ACATACTTACCAGTTCTCGT_013,6
ACATACTTACCAGTTCTCGT_014,52
ATCAGCATCTGCATCCGGGA_001,55
ATCAGCATCTGCATCCGGGA_002,80
ATCAGCATCTGCATCCGGGA_003,19
ATCAGCATCTGCATCCGGGA_004,83
ATCAGCATCTGCATCCGGGA_005,192
ATCAGCATCTGCATCCGGGA_006,21
ATCAGCATCTGCATCCGGGA_007,74
ATCAGCATCTGCATCCGGGA_008,69
CGAGTGCAATGACGATGTTG_001,44
GGCTTCGGCACGGTCTACGC_001,40
GGCTTCGGCACGGTCTACGC_002,169
GGCTTCGGCACGGTCTACGC_003,68
GGCTTCGGCACGGTCTACGC_004,80
GGCTTCGGCACGGTCTACGC_005,150
GGCTTCGGCACGGTCTACGC_006,43
GGCTTCGGCACGGTCTACGC_007,38
GGCTTCGGCACGGTCTACGC_008,199
GGCTTCGGCACGGTCTACGC_009,61
ACACCGTGCACAAAGACTCG_001,16
ACACCGTGCACAAAGACTCG_002,2
ACACCGTGCACAAAGACTCG_003,49
ACACCGTGCACAAAGACTCG_004,69
ACACCGTGCACAAAGACTCG_005,190
ACACCGTGCACAAAGACTCG_006,108
ACACCGTGCACAAAGACTCG_007,77
ACACCGTGCACAAAGACTCG_008,82
ACACCGTGCACAAAGACTCG_009,56
ACACCGTGCACAAAGACTCG_010,158
ACACCGTGCACAAAGACTCG_011,76
ACACCGTGCACAAAGACTCG_012,1
ACACCGTGCACAAAGACTCG_013,50
ACACCGTGCACAAAGACTCG_014,13
ACACCGTGCACAAAGACTCG_015,190
ACACCGTGCACAAAGACTCG_016,103
ATGACAACTCCGGCGACAGT_001,91
ATGACAACTCCGGCGACAGT_002,179
ATGACAACTCCGGCGACAGT_003,46
ATGACAACTCCGGCGACAGT_004,146
ATGACAACTCCGGCGACAGT_005,148
ATGACAACTCCGGCGACAGT_006,179
ATGACAACTCCGGCGACAGT_007,159
ATGACAACTCCGGCGACAGT_008,98
ATGACAACTCCGGCGACAGT_009,149
ATGACAACTCCGGCGACAGT_010,169
ATGACAACTCCGGCGACAGT_011,98
ATGACAACTCCGGCGACAGT_012,187
ATGACAACTCCGGCGACAGT_013,98
ATGACAACTCCGGCGACAGT_014,104
ATGACAACTCCGGCGACAGT_015,148
ATGACAACTCCGGCGACAGT_016,160
ATGACAACTCCGGCGACAGT_017,158
ATGACAACTCCGGCGACAGT_018,37
ATGACAACTCCGGCGACAGT_019,8
ATGACAACTCCGGCGACAGT_020,83
ATGACAACTCCGGCGACAGT_021,148
ATGACAACTCCGGCGACAGT_022,33
CCAGACCTTTCATGGGAACG_001,152
CCAGACCTTTCATGGGAACG_002,128
CCAGACCTTTCATGGGAACG_003,58
CCAGACCTTTCATGGGAACG_004,147
CCAGACCTTTCATGGGAACG_005,28
CCAGACCTTTCATGGGAACG_006,131
CCAGACCTTTCATGGGAACG_007,74
CCAGACCTTTCATGGGAACG_008,78
CCAGACCTTTCATGGGAACG_009,81
CCAGACCTTTCATGGGAACG_010,88
GGATATTCTAATCTCATCCG_001,3
GGATATTCTAATCTCATCCG_002,48
GGATATTCTAATCTCATCCG_003,62
TAACAACCAGTGGATGATCG_001,87
TAACAACCAGTGGATGATCG_002,87
TAACAACCAGTGGATGATCG_003,182
TAACAACCAGTGGATGATCG_004,31
TAACAACCAGTGGATGATCG_005,49
GCTGAGCCGTGAATTCAACG_001,181
GCTGAGCCGTGAATTCAACG_002,62
GCTGAGCCGTGAATTCAACG_003,160
GCTGAGCCGTGAATTCAACG_004,188
GCTGAGCCGTGAATTCAACG_005,162
GCTGAGCCGTGAATTCAACG_006,98
GCTGAGCCGTGAATTCAACG_007,198
GCTGAGCCGTGAATTCAACG_008,20
GCTGAGCCGTGAATTCAACG_009,194
TAAGGGTGAACTACTGAAGA_001,128
TGGTACCAGCAGTGAATTTG_001,69
TGGTACCAGCAGTGAATTTG_002,60
TGGTACCAGCAGTGAATTTG_003,15
TGGTACCAGCAGTGAATTTG_004,40
TGGTACCAGCAGTGAATTTG_005,130
TGGTACCAGCAGTGAATTTG_006,198
TGGTACCAGCAGTGAATTTG_007,1
TGGTACCAGCAGTGAATTTG_008,198
GTACGGCGGCATGTTCGCCG_001,57
GTACGGCGGCATGTTCGCCG_002,127
TGAATATCAGTACTGTGGAG_001,97
TGAATATCAGTACTGTGGAG_002,154
ATGATACTCAAGCAATGCAG_001,177
ATGATACTCAAGCAATGCAG_002,176
ATGATACTCAAGCAATGCAG_003,176
ATGATACTCAAGCAATGCAG_004,181
ATGATACTCAAGCAATGCAG_005,166
ATGATACTCAAGCAATGCAG_006,0
ATGATACTCAAGCAATGCAG_007,86
ATGATACTCAAGCAATGCAG_008,6
TGGATCTGTTGATCTACCCT_001,32
TGGATCTGTTGATCTACCCT_002,47
TGGATCTGTTGATCTACCCT_003,137
CTCATAGATCAAGCGTACAA_001,81
CTCATAGATCAAGCGTACAA_002,12
CTCATAGATCAAGCGTACAA_003,184
CTCATAGATCAAGCGTACAA_004,188
CTCATAGATCAAGCGTACAA_005,17
CTCATAGATCAAGCGTACAA_006,28
GTGTGTTAGAACACTTGTGT_001,117
GTGTGTTAGAACACTTGTGT_002,159
GTGTGTTAGAACACTTGTGT_003,5
GTGTGTTAGAACACTTGTGT_004,188
GTGTGTTAGAACACTTGTGT_005,63
GTGTGTTAGAACACTTGTGT_006,62
GTGTGTTAGAACACTTGTGT_007,78
GTGTGTTAGAACACTTGTGT_008,30
GTGTGTTAGAACACTTGTGT_009,139
GTGTGTTAGAACACTTGTGT_010,141
GTGTGTTAGAACACTTGTGT_011,147
GTGTGTTAGAACACTTGTGT_012,75
GTGTGTTAGAACACTTGTGT_013,74
GTGTGTTAGAACACTTGTGT_014,9
TGGCACGGCAGCCACAAGTG_001,100
TGGCACGGCAGCCACAAGTG_002,29
TGGCACGGCAGCCACAAGTG_003,4
TGCGGACGTTCAAGCAGGTC_001,23
TGCGGACGTTCAAGCAGGTC_002,23
TGCGGACGTTCAAGCAGGTC_003,74
TGCGGACGTTCAAGCAGGTC_004,199
TGCGGACGTTCAAGCAGGTC_005,63
ACTCGCAGGATCGACGTTGG_001,78
ACTCGCAGGATCGACGTTGG_002,77
ACTCGCAGGATCGACGTTGG_003,104
ACTCGCAGGATCGACGTTGG_004,50
ACTCGCAGGATCGACGTTGG_005,188
ACTCGCAGGATCGACGTTGG_006,166
ACTCGCAGGATCGACGTTGG_007,29
ACTCGCAGGATCGACGTTGG_008,137
ACTCGCAGGATCGACGTTGG_009,192
ACTCGCAGGATCGACGTTGG_010,56
ACTCGCAGGATCGACGTTGG_011,21
ACTCGCAGGATCGACGTTGG_012,195
ACTCGCAGGATCGACGTTGG_013,183
ACTCGCAGGATCGACGTTGG_014,117
ACTCGCAGGATCGACGTTGG_015,160
ACTCGCAGGATCGACGTTGG_016,183
ACTCGCAGGATCGACGTTGG_017,62
ACTCGCAGGATCGACGTTGG_018,2
ACTCGCAGGATCGACGTTGG_019,27
ACTCGCAGGATCGACGTTGG_020,70
ACTCGCAGGATCGACGTTGG_021,78
ACTCGCAGGATCGACGTTGG_022,0
AGAGGATTGACATTAGGCCA_001,149
AGAGGATTGACATTAGGCCA_002,63
AGAGGATTGACATTAGGCCA_003,88
AGAGGATTGACATTAGGCCA_004,162
AGAGGATTGACATTAGGCCA_005,78
AGAGGATTGACATTAGGCCA_006,80
AGAGGATTGACATTAGGCCA_007,147
AGAGGATTGACATTAGGCCA_008,183
AGAGGATTGACATTAGGCCA_009,28
AGAGGATTGACATTAGGCCA_010,36
AGAGGATTGACATTAGGCCA_011,90
AGAGGATTGACATTAGGCCA_012,81
AGAGGATTGACATTAGGCCA_013,78
AGAGGATTGACATTAGGCCA_014,88
AGAGGATTGACATTAGGCCA_015,160
AGAGGATTGACATTAGGCCA_016,166
AGAGGATTGACATTAGGCCA_017,76
AGAGGATTGACATTAGGCCA_018,39
ATAGCTCATTATAGCTCAGG_001,139
ATAGCTCATTATAGCTCAGG_002,174
ATACCAAGTTGAATATGCCA_001,157
ATACCAAGTTGAATATGCCA_002,87
ATACCAAGTTGAATATGCCA_003,83
CAGATGAAAGTGTCCTAATG_001,164
CAGATGAAAGTGTCCTAATG_002,164
CAGATGAAAGTGTCCTAATG_003,148
TAGTATCAGCATGGGATAAG_001,166
TAGTATCAGCATGGGATAAG_002,77
TAGTATCAGCATGGGATAAG_003,50
TAGTATCAGCATGGGATAAG_004,103
TAGTATCAGCATGGGATAAG_005,105
TAGTATCAGCATGGGATAAG_006,42
TAGTATCAGCATGGGATAAG_007,98
TAGTATCAGCATGGGATAAG_008,195
TAGTATCAGCATGGGATAAG_009,115
TAGTATCAGCATGGGATAAG_010,26
TAGTATCAGCATGGGATAAG_011,10
TAGTATCAGCATGGGATAAG_012,43
TAGTATCAGCATGGGATAAG_013,15
TAGTATCAGCATGGGATAAG_014,157
TAGTATCAGCATGGGATAAG_015,34
TAGTATCAGCATGGGATAAG_016,114
ACAGGAAGAGACACACCCTA_001,15
ACAGGAAGAGACACACCCTA_002,114
ACAGGAAGAGACACACCCTA_003,114
ACAGGAAGAGACACACCCTA_004,98
ACAGGAAGAGACACACCCTA_005,120
ACAGGAAGAGACACACCCTA_006,197
ACAGGAAGAGACACACCCTA_007,134
ACAGGAAGAGACACACCCTA_008,116
ACAGGAAGAGACACACCCTA_009,60
ACAGGAAGAGACACACCCTA_010,113
ACAGGAAGAGACACACCCTA_011,87
ACAGGAAGAGACACACCCTA_012,180
ACAGGAAGAGACACACCCTA_013,133
ACAGGAAGAGACACACCCTA_014,22
ACAGGAAGAGACACACCCTA_015,22
ACAGGAAGAGACACACCCTA_016,45
ACAGGAAGAGACACACCCTA_017,104
ACAGGAAGAGACACACCCTA_018,68
ACAGGAAGAGACACACCCTA_019,130
ACAGGAAGAGACACACCCTA_020,155
ACAGGAAGAGACACACCCTA_021,54
ACAGGAAGAGACACACCCTA_022,51
ACAGGAAGAGACACACCCTA_023,78
ACAGGAAGAGACACACCCTA_024,40
ACAGGAAGAGACACACCCTA_025,114
ACAGGAAGAGACACACCCTA_026,114
ACAGGAAGAGACACACCCTA_027,58
ACAGGAAGAGACACACCCTA_028,97
ACAGGAAGAGACACACCCTA_029,149
ACAGGAAGAGACACACCCTA_030,40
ACAGGAAGAGACACACCCTA_031,34
ACAGGAAGAGACACACCCTA_032,34
ACAGGAAGAGACACACCCTA_033,169
ACAGGAAGAGACACACCCTA_034,34
ACAGGAAGAGACACACCCTA_035,58
ACAGGAAGAGACACACCCTA_036,136
ACAGGAAGAGACACACCCTA_037,107
ACAGGAAGAGACACACCCTA_038,26
AGCTCTTGGAGCGCACCACA_001,162
AGCTCTTGGAGCGCACCACA_002,172
AGCTCTTGGAGCGCACCACA_003,121
AGCTCTTGGAGCGCACCACA_004,28
AGCTCTTGGAGCGCACCACA_005,49
AGCTCTTGGAGCGCACCACA_006,32
AGCTCTTGGAGCGCACCACA_007,16
AGCTCTTGGAGCGCACCACA_008,16
AGCTCTTGGAGCGCACCACA_009,82
AGCTCTTGGAGCGCACCACA_010,121
AGCTCTTGGAGCGCACCACA_011,26
AGCTCTTGGAGCGCACCACA_012,111
AGCTCTTGGAGCGCACCACA_013,77
AGCTCTTGGAGCGCACCACA_014,92
AGCTCTTGGAGCGCACCACA_015,17
AGCTCTTGGAGCGCACCACA_016,23
AGCTCTTGGAGCGCACCACA_017,58
AGCTCTTGGAGCGCACCACA_018,198
AGCTCTTGGAGCGCACCACA_019,76
AGCTCTTGGAGCGCACCACA_020,105
AGCTCTTGGAGCGCACCACA_021,77
AGCTCTTGGAGCGCACCACA_022,138
AGCTCTTGGAGCGCACCACA_023,83
AGCTCTTGGAGCGCACCACA_024,158
AGCTCTTGGAGCGCACCACA_025,121
AGCTCTTGGAGCGCACCACA_026,63
AGCTCTTGGAGCGCACCACA_027,1
AGCTCTTGGAGCGCACCACA_028,106
AGCTCTTGGAGCGCACCACA_029,67
AGCTCTTGGAGCGCACCACA_030,16
AGCTCTTGGAGCGCACCACA_031,61
AGCTCTTGGAGCGCACCACA_032,88
CCTCGAAGCCATCAAACGCG_001,99
CCTCGAAGCCATCAAACGCG_002,59
CCTCGAAGCCATCAAACGCG_003,86
CCTCGAAGCCATCAAACGCG_004,10
CCTCGAAGCCATCAAACGCG_005,9
CCTCGAAGCCATCAAACGCG_006,15
GGTCAAACTGCTTATAACAT_001,78
GGTCAAACTGCTTATAACAT_002,16
TGTATGCCGTACGGAGTGAG_001,77
TGTATGCCGTACGGAGTGAG_002,117
TGTATGCCGTACGGAGTGAG_003,17
TGTATGCCGTACGGAGTGAG_004,116
TGTATGCCGTACGGAGTGAG_005,190
CAGTGGTGCATTCGTAGCTG_001,7
CAGTGGTGCATTCGTAGCTG_002,12
CAGTGGTGCATTCGTAGCTG_003,41
CAGTGGTGCATTCGTAGCTG_004,198
CAGTGGTGCATTCGTAGCTG_005,70
CAGTGGTGCATTCGTAGCTG_006,76
CAGTGGTGCATTCGTAGCTG_007,85
CAGTGGTGCATTCGTAGCTG_008,21
CAGTGGTGCATTCGTAGCTG_009,12
CAGTGGTGCATTCGTAGCTG_010,27
ACAAATACCTTAATCAAGAG_001,188
ACAAATACCTTAATCAAGAG_002,94
ACAAATACCTTAATCAAGAG_003,50
ACAAATACCTTAATCAAGAG_004,1
ACAAATACCTTAATCAAGAG_005,88
ACAAATACCTTAATCAAGAG_006,106
ACAAATACCTTAATCAAGAG_007,99
ACAAATACCTTAATCAAGAG_008,130
ACAAATACCTTAATCAAGAG_009,146
ACAAATACCTTAATCAAGAG_010,52
AATTACTACAGGAATTGTGA_001,145
AATTACTACAGGAATTGTGA_002,86
AATTACTACAGGAATTGTGA_003,147
TGGTCGCTGGAATCTCTGGG_001,42
TGGTCGCTGGAATCTCTGGG_002,126
TGGTCGCTGGAATCTCTGGG_003,1
TGGTCGCTGGAATCTCTGGG_004,114
TGGTCGCTGGAATCTCTGGG_005,96
TGGTCGCTGGAATCTCTGGG_006,9
TGGTCGCTGGAATCTCTGGG_007,19
TGGTCGCTGGAATCTCTGGG_008,194
GCGCGTGGATCACTAGGACG_001,165
GCGCGTGGATCACTAGGACG_002,88
GCGCGTGGATCACTAGGACG_003,183
GCGCGTGGATCACTAGGACG_004,49
GCGCGTGGATCACTAGGACG_005,86
GCGCGTGGATCACTAGGACG_006,154
GCGCGTGGATCACTAGGACG_007,73
GCGCGTGGATCACTAGGACG_008,67
GCGCGTGGATCACTAGGACG_009,58
GCGCGTGGATCACTAGGACG_010,169
GCGCGTGGATCACTAGGACG_011,88
GCGCGTGGATCACTAGGACG_012,141
GCGCGTGGATCACTAGGACG_013,175
GCGCGTGGATCACTAGGACG_014,12
GCGCGTGGATCACTAGGACG_015,58
GCGCGTGGATCACTAGGACG_016,14
GCGCGTGGATCACTAGGACG_017,121
GCGCGTGGATCACTAGGACG_018,138
GCGCGTGGATCACTAGGACG_019,28
GCGCGTGGATCACTAGGACG_020,168
GCGCGTGGATCACTAGGACG_021,46
GCGCGTGGATCACTAGGACG_022,69
GCGCGTGGATCACTAGGACG_023,63
GCGCGTGGATCACTAGGACG_024,77
GCGCGTGGATCACTAGGACG_025,149
GCGCGTGGATCACTAGGACG_026,37
GCGCGTGGATCACTAGGACG_027,115
GCGCGTGGATCACTAGGACG_028,34
GCGCGTGGATCACTAGGACG_029,56
AATTATCAAGAAAACATAGG_001,18
AATTATCAAGAAAACATAGG_002,191
AATTATCAAGAAAACATAGG_003,52
AATTATCAAGAAAACATAGG_004,187
AATTATCAAGAAAACATAGG_005,173
CAAGTTCAAGCTGAGTAAGG_001,161
CAAGTTCAAGCTGAGTAAGG_002,105
CAAGTTCAAGCTGAGTAAGG_003,87
CAAGTTCAAGCTGAGTAAGG_004,17
CAAGTTCAAGCTGAGTAAGG_005,70
CAAGTTCAAGCTGAGTAAGG_006,35
TGAACCGAGCGCCCTCTCGG_001,137
TGAACCGAGCGCCCTCTCGG_002,43
TGAACCGAGCGCCCTCTCGG_003,125
TGAACCGAGCGCCCTCTCGG_004,188
TGAACCGAGCGCCCTCTCGG_005,151
TGAACCGAGCGCCCTCTCGG_006,56
TGAACCGAGCGCCCTCTCGG_007,159
TGAACCGAGCGCCCTCTCGG_008,9
TGGGGCCAAGGAATGCCATG_001,153
TCTGGGCACATAAGGCCCTA_001,61
TCTGGGCACATAAGGCCCTA_002,77
TCTGGGCACATAAGGCCCTA_003,149
TCTGGGCACATAAGGCCCTA_004,12
TCTGGGCACATAAGGCCCTA_005,145
TCTGGGCACATAAGGCCCTA_006,70
TCTGGGCACATAAGGCCCTA_007,175
TCTGGGCACATAAGGCCCTA_008,183
TCTGGGCACATAAGGCCCTA_009,197
TCTGGGCACATAAGGCCCTA_010,197
TCTGGGCACATAAGGCCCTA_011,118
TCTGGGCACATAAGGCCCTA_012,170
TCTGGGCACATAAGGCCCTA_013,101
TCTGGGCACATAAGGCCCTA_014,133
CCACGGCGAAGCGCCCTCCG_001,176
CCACGGCGAAGCGCCCTCCG_002,28
CCACGGCGAAGCGCCCTCCG_003,188
CCACGGCGAAGCGCCCTCCG_004,134
CCACGGCGAAGCGCCCTCCG_005,14
CCACGGCGAAGCGCCCTCCG_006,175
CCACGGCGAAGCGCCCTCCG_007,180
CCACGGCGAAGCGCCCTCCG_008,83
CCACGGCGAAGCGCCCTCCG_009,22
CCACGGCGAAGCGCCCTCCG_010,121
CCACGGCGAAGCGCCCTCCG_011,157
CCACGGCGAAGCGCCCTCCG_012,36
CCACGGCGAAGCGCCCTCCG_013,43
AGTTCACGGCAACCTCCACG_001,195
AGTTCACGGCAACCTCCACG_002,63
AGTTCACGGCAACCTCCACG_003,5
AGTTCACGGCAACCTCCACG_004,78
AGTTCACGGCAACCTCCACG_005,48
AGTTCACGGCAACCTCCACG_006,121
AGTTCACGGCAACCTCCACG_007,48
AGTTCACGGCAACCTCCACG_008,93
AGTTCACGGCAACCTCCACG_009,2
AGTTCACGGCAACCTCCACG_010,156
AGTTCACGGCAACCTCCACG_011,49
AGTTCACGGCAACCTCCACG_012,138
AGTTCACGGCAACCTCCACG_013,107
AGTTCACGGCAACCTCCACG_014,24
AGTTCACGGCAACCTCCACG_015,105
AGTTCACGGCAACCTCCACG_016,127
AGTTCACGGCAACCTCCACG_017,106
AGTTCACGGCAACCTCCACG_018,78
TGCGCCGACTGCGAGGCCAA_001,191
TGCGCCGACTGCGAGGCCAA_002,27
TGCGCCGACTGCGAGGCCAA_003,127
TGCGCCGACTGCGAGGCCAA_004,17
TGCGCCGACTGCGAGGCCAA_005,56
TGCGCCGACTGCGAGGCCAA_006,162
TGCGCCGACTGCGAGGCCAA_007,42
TGCGCCGACTGCGAGGCCAA_008,13
TGCGCCGACTGCGAGGCCAA_009,184
TGCGCCGACTGCGAGGCCAA_010,68
TGCGCCGACTGCGAGGCCAA_011,74
TCCAACTGCTCGGCACTCAG_001,58
TCCAACTGCTCGGCACTCAG_002,176
TCCAACTGCTCGGCACTCAG_003,105
TCCAACTGCTCGGCACTCAG_004,44
TCCAACTGCTCGGCACTCAG_005,68
TCCAACTGCTCGGCACTCAG_006,107
TCCAACTGCTCGGCACTCAG_007,197
TCCAACTGCTCGGCACTCAG_008,62
TCCAACTGCTCGGCACTCAG_009,69
TCCAACTGCTCGGCACTCAG_010,100
ACTACTTCGTCCCAGCACCC_001,63
ACTACTTCGTCCCAGCACCC_002,64
ACTACTTCGTCCCAGCACCC_003,125
ACTACTTCGTCCCAGCACCC_004,88
ACTACTTCGTCCCAGCACCC_005,173
AAAGCGGGAATAGAAATAAG_001,6
AAAGCGGGAATAGAAATAAG_002,97
AAAGCGGGAATAGAAATAAG_003,150
AAAGCGGGAATAGAAATAAG_004,120
AAAGCGGGAATAGAAATAAG_005,176
AAAGCGGGAATAGAAATAAG_006,137
AAAGCGGGAATAGAAATAAG_007,182
AAAGCGGGAATAGAAATAAG_008,144
AAGCCATCCTCAACTGAAGG_001,63
AAGCCATCCTCAACTGAAGG_002,119
AAGCCATCCTCAACTGAAGG_003,9
AAGCCATCCTCAACTGAAGG_004,94
AAGCCATCCTCAACTGAAGG_005,137
AAGCCATCCTCAACTGAAGG_006,5
AAGCCATCCTCAACTGAAGG_007,44
AAGCCATCCTCAACTGAAGG_008,155
AAGCCATCCTCAACTGAAGG_009,184
AAGCCATCCTCAACTGAAGG_010,55
AAGCCATCCTCAACTGAAGG_011,63
AAGCCATCCTCAACTGAAGG_012,47
AAGCCATCCTCAACTGAAGG_013,199
AAGCCATCCTCAACTGAAGG_014,190
AAGCCATCCTCAACTGAAGG_015,141
AAGCCATCCTCAACTGAAGG_016,28
AAGCCATCCTCAACTGAAGG_017,130
CCAGGTAACGTTCTGATACG_001,91
CCAGGTAACGTTCTGATACG_002,0
CCAGGTAACGTTCTGATACG_003,62
TTCAAGCTAAATCTGGCACC_001,26
TTCAAGCTAAATCTGGCACC_002,58
CTGGCCCTGCTGGTACGCGG_001,13
CTGGCCCTGCTGGTACGCGG_002,131
CTGGCCCTGCTGGTACGCGG_003,136
CTGGCCCTGCTGGTACGCGG_004,136
CTGGCCCTGCTGGTACGCGG_005,16
CTGGCCCTGCTGGTACGCGG_006,83
CTGGCCCTGCTGGTACGCGG_007,84
CTGGCCCTGCTGGTACGCGG_008,113
CTGGCCCTGCTGGTACGCGG_009,82
CTGGCCCTGCTGGTACGCGG_010,161
CTGGCCCTGCTGGTACGCGG_011,172
CTGGCCCTGCTGGTACGCGG_012,0
CTGGCCCTGCTGGTACGCGG_013,150
CTGGCCCTGCTGGTACGCGG_014,55
CTGGCCCTGCTGGTACGCGG_015,138
CTGGCCCTGCTGGTACGCGG_016,63
CTGGCCCTGCTGGTACGCGG_017,21
CTGGCCCTGCTGGTACGCGG_018,190
CTGGCCCTGCTGGTACGCGG_019,107
CTGGCCCTGCTGGTACGCGG_020,94
CTGGCCCTGCTGGTACGCGG_021,6
CTGGCCCTGCTGGTACGCGG_022,130
CTGGCCCTGCTGGTACGCGG_023,0
CTGGCCCTGCTGGTACGCGG_024,52
CTGGCCCTGCTGGTACGCGG_025,142
CTGGCCCTGCTGGTACGCGG_026,162
ACCACCGCCTGGGTCCTGCG_001,88
ACCACCGCCTGGGTCCTGCG_002,168
ACCACCGCCTGGGTCCTGCG_003,65
ACCACCGCCTGGGTCCTGCG_004,150
ACCACCGCCTGGGTCCTGCG_005,181
ACCACCGCCTGGGTCCTGCG_006,60
ACCACCGCCTGGGTCCTGCG_007,85
ACCACCGCCTGGGTCCTGCG_008,42
ACCACCGCCTGGGTCCTGCG_009,177
ACCACCGCCTGGGTCCTGCG_010,94
ACCACCGCCTGGGTCCTGCG_011,1
ACCACCGCCTGGGTCCTGCG_012,44
ACCACCGCCTGGGTCCTGCG_013,93
ACCACCGCCTGGGTCCTGCG_014,86
ACCACCGCCTGGGTCCTGCG_015,172
ACCACCGCCTGGGTCCTGCG_016,113
ACCACCGCCTGGGTCCTGCG_017,179
ACCACCGCCTGGGTCCTGCG_018,103
ACCACCGCCTGGGTCCTGCG_019,63
ACCACCGCCTGGGTCCTGCG_020,77
ACCACCGCCTGGGTCCTGCG_021,133
ACCACCGCCTGGGTCCTGCG_022,157
ACCACCGCCTGGGTCCTGCG_023,105
ACCACCGCCTGGGTCCTGCG_024,114
ACCACCGCCTGGGTCCTGCG_025,157
ACCACCGCCTGGGTCCTGCG_026,84
ACCACCGCCTGGGTCCTGCG_027,94
ACCACCGCCTGGGTCCTGCG_028,43
ACCACCGCCTGGGTCCTGCG_029,145
ACCACCGCCTGGGTCCTGCG_030,5
ACCACCGCCTGGGTCCTGCG_031,133
ACCACCGCCTGGGTCCTGCG_032,3
ACCACCGCCTGGGTCCTGCG_033,28
ACCACCGCCTGGGTCCTGCG_034,156
ACCACCGCCTGGGTCCTGCG_035,120
ACCACCGCCTGGGTCCTGCG_036,82
ACCACCGCCTGGGTCCTGCG_037,124
ACCACCGCCTGGGTCCTGCG_038,134
ACCACCGCCTGGGTCCTGCG_039,168
AGACAAAGGAATAGGCCGCT_001,28
AGACAAAGGAATAGGCCGCT_002,11
AGACAAAGGAATAGGCCGCT_003,78
AGACAAAGGAATAGGCCGCT_004,77
AGACAAAGGAATAGGCCGCT_005,61
AGACAAAGGAATAGGCCGCT_006,115
AGACAAAGGAATAGGCCGCT_007,49
AGACAAAGGAATAGGCCGCT_008,179
AGACAAAGGAATAGGCCGCT_009,121
AGACAAAGGAATAGGCCGCT_010,52
AGACAAAGGAATAGGCCGCT_011,3
AGACAAAGGAATAGGCCGCT_012,94
CATTGGCAAGTGTCCAGTCA_001,188
CATTGGCAAGTGTCCAGTCA_002,142
CATTGGCAAGTGTCCAGTCA_003,48
CATTGGCAAGTGTCCAGTCA_004,168
CATTGGCAAGTGTCCAGTCA_005,48
CATTGGCAAGTGTCCAGTCA_006,145
CATTGGCAAGTGTCCAGTCA_007,16
CATTGGCAAGTGTCCAGTCA_008,70
CATTGGCAAGTGTCCAGTCA_009,44
CATTGGCAAGTGTCCAGTCA_010,13
CATTGGCAAGTGTCCAGTCA_011,12
CATTGGCAAGTGTCCAGTCA_012,86
CATTGGCAAGTGTCCAGTCA_013,85
CATTGGCAAGTGTCCAGTCA_014,172
CATTGGCAAGTGTCCAGTCA_015,83
CATTGGCAAGTGTCCAGTCA_016,189
CATTGGCAAGTGTCCAGTCA_017,41
CATTGGCAAGTGTCCAGTCA_018,135
CATTGGCAAGTGTCCAGTCA_019,6
CATTGGCAAGTGTCCAGTCA_020,3
CATTGGCAAGTGTCCAGTCA_021,180
GCTACTGCCAGGCTATTACA_001,139
GCTACTGCCAGGCTATTACA_002,165
GAACCCTAAAACAATTAATC_001,2
GAACCCTAAAACAATTAATC_002,169
GAACCCTAAAACAATTAATC_003,140
GAACCCTAAAACAATTAATC_004,8
GAACCCTAAAACAATTAATC_005,8
GAACCCTAAAACAATTAATC_006,116
GAACCCTAAAACAATTAATC_007,141
GAACCCTAAAACAATTAATC_008,52
TAAATTCCAAGGGCAACATG_001,120
TAAATTCCAAGGGCAACATG_002,35
TAAATTCCAAGGGCAACATG_003,94
TAAATTCCAAGGGCAACATG_004,76
TAAATTCCAAGGGCAACATG_005,12
TAAATTCCAAGGGCAACATG_006,172
TAAATTCCAAGGGCAACATG_007,59
TAAATTCCAAGGGCAACATG_008,15
CATTACAGTACAAATTGAGG_001,199
CATTACAGTACAAATTGAGG_002,129
CCCCACACAAAGTTGGACCT_001,133
CCCCACACAAAGTTGGACCT_002,83
CCCCACACAAAGTTGGACCT_003,181
CCCCACACAAAGTTGGACCT_004,122
CCCCACACAAAGTTGGACCT_005,21
CCCCACACAAAGTTGGACCT_006,184
CCCCACACAAAGTTGGACCT_007,72
CCCCACACAAAGTTGGACCT_008,191
CCCCACACAAAGTTGGACCT_009,12
CCCCACACAAAGTTGGACCT_010,61
CCCCACACAAAGTTGGACCT_011,118
CCCCACACAAAGTTGGACCT_012,99
CCCCACACAAAGTTGGACCT_013,140
CCCCACACAAAGTTGGACCT_014,15
CCCCACACAAAGTTGGACCT_015,49
CCCCACACAAAGTTGGACCT_016,63
TCTTGGATCTTGGCGAGTAG_001,160
TCTTGGATCTTGGCGAGTAG_002,170
TCTTGGATCTTGGCGAGTAG_003,44
TCTTGGATCTTGGCGAGTAG_004,95
TCTTGGATCTTGGCGAGTAG_005,63
GAATTTCGCAGCCCGGAACA_001,107
GAATTTCGCAGCCCGGAACA_002,52
GAATTTCGCAGCCCGGAACA_003,61
GAATTTCGCAGCCCGGAACA_004,35
GAATTTCGCAGCCCGGAACA_005,115
GAATTTCGCAGCCCGGAACA_006,149
CACTCTCATTCACTCCCAAG_001,46
CACTCTCATTCACTCCCAAG_002,153
CACTCTCATTCACTCCCAAG_003,145
CACTCTCATTCACTCCCAAG_004,31
ATGGAGTTCCGCGACCACGT_001,160
ATGGAGTTCCGCGACCACGT_002,160
ATGGAGTTCCGCGACCACGT_003,83
ATGGAGTTCCGCGACCACGT_004,55
ATGGAGTTCCGCGACCACGT_005,40
ATGGAGTTCCGCGACCACGT_006,50
ATGGAGTTCCGCGACCACGT_007,82
ATGGAGTTCCGCGACCACGT_008,138
ATGGAGTTCCGCGACCACGT_009,2
ATGGAGTTCCGCGACCACGT_010,83
ATGGAGTTCCGCGACCACGT_011,3
ATGGAGTTCCGCGACCACGT_012,161
CCACCCGAGTTCAGCCGCTG_001,181
CCACCCGAGTTCAGCCGCTG_002,182
CCACCCGAGTTCAGCCGCTG_003,145
CCACCCGAGTTCAGCCGCTG_004,156
CCACCCGAGTTCAGCCGCTG_005,111
CCACCCGAGTTCAGCCGCTG_006,94
CCACCCGAGTTCAGCCGCTG_007,48
CCACCCGAGTTCAGCCGCTG_008,5
CACACTCTGATTTGACGAAT_001,76
CACACTCTGATTTGACGAAT_002,58
CACACTCTGATTTGACGAAT_003,190
CACACTCTGATTTGACGAAT_004,35
CACACTCTGATTTGACGAAT_005,13
CACACTCTGATTTGACGAAT_006,165
CACACTCTGATTTGACGAAT_007,3
CACACTCTGATTTGACGAAT_008,119
CACACTCTGATTTGACGAAT_009,61
CACACTCTGATTTGACGAAT_010,83
CACACTCTGATTTGACGAAT_011,146
CACACTCTGATTTGACGAAT_012,106
CACACTCTGATTTGACGAAT_013,17
CACACTCTGATTTGACGAAT_014,171
CACACTCTGATTTGACGAAT_015,177
CACACTCTGATTTGACGAAT_016,142
CACACTCTGATTTGACGAAT_017,65
CACACTCTGATTTGACGAAT_018,181
CACACTCTGATTTGACGAAT_019,147
CACACTCTGATTTGACGAAT_020,145
CACACTCTGATTTGACGAAT_021,116
CACACTCTGATTTGACGAAT_022,46
ATCCATACCCTCATTCTGGG_001,8
ATCCATACCCTCATTCTGGG_002,171
ATCCATACCCTCATTCTGGG_003,4
ATCCATACCCTCATTCTGGG_004,98
ATCCATACCCTCATTCTGGG_005,98
ATCCATACCCTCATTCTGGG_006,61
ATCCATACCCTCATTCTGGG_007,189
ATCCATACCCTCATTCTGGG_008,189
ATCCATACCCTCATTCTGGG_009,82
ATCCATACCCTCATTCTGGG_010,81
ATCCATACCCTCATTCTGGG_011,190
ATCCATACCCTCATTCTGGG_012,155
GATAAAGGTAATGCCATCGG_001,168
GATAAAGGTAATGCCATCGG_002,168
GATAAAGGTAATGCCATCGG_003,69
GATAAAGGTAATGCCATCGG_004,138
GATAAAGGTAATGCCATCGG_005,171
CCGTGTAGCCATCACGACAG_001,129
CCGTGTAGCCATCACGACAG_002,151
CCGTGTAGCCATCACGACAG_003,95
CCGTGTAGCCATCACGACAG_004,63
CCGTGTAGCCATCACGACAG_005,41
CCGTGTAGCCATCACGACAG_006,68
CCGTGTAGCCATCACGACAG_007,142
CCGTGTAGCCATCACGACAG_008,108
CCGTGTAGCCATCACGACAG_009,44
TGAATCGGCGGGACTTACGT_001,101
TGAATCGGCGGGACTTACGT_002,0
TGAATCGGCGGGACTTACGT_003,24
TGAATCGGCGGGACTTACGT_004,81
TTCAGCAGAAAAGTATAGCG_001,10
ACAGAGCAAAAAATGACCAG_001,105
ACAGAGCAAAAAATGACCAG_002,92
ACAGAGCAAAAAATGACCAG_003,67
ACAGAGCAAAAAATGACCAG_004,61
TGAGTCCTGGTACCAGACAA_001,156
TGAGTCCTGGTACCAGACAA_002,168
TGAGTCCTGGTACCAGACAA_003,38
TGAGTCCTGGTACCAGACAA_004,68
TGAGTCCTGGTACCAGACAA_005,121
TGAGTCCTGGTACCAGACAA_006,32
TGAGTCCTGGTACCAGACAA_007,33
TGAGTCCTGGTACCAGACAA_008,99
TGAGTCCTGGTACCAGACAA_009,53
TGAGTCCTGGTACCAGACAA_010,78
TGAGTCCTGGTACCAGACAA_011,170
CAGTATCTCAGATTACACCA_001,102
CAGTATCTCAGATTACACCA_002,40
ATCGTCGTAGAAGTCAATCG_001,41
ATCGTCGTAGAAGTCAATCG_002,107
ATCGTCGTAGAAGTCAATCG_003,158
ATCGTCGTAGAAGTCAATCG_004,43
ATCGTCGTAGAAGTCAATCG_005,25
ATCGTCGTAGAAGTCAATCG_006,128
ATCGTCGTAGAAGTCAATCG_007,110
ATCGTCGTAGAAGTCAATCG_008,17
ATCGTCGTAGAAGTCAATCG_009,199
ATCGTCGTAGAAGTCAATCG_010,67
ATCGTCGTAGAAGTCAATCG_011,72
ATCGTCGTAGAAGTCAATCG_012,150
ATCGTCGTAGAAGTCAATCG_013,48
ATCGTCGTAGAAGTCAATCG_014,56
ATCGTCGTAGAAGTCAATCG_015,161
ATCGTCGTAGAAGTCAATCG_016,177
ATCGTCGTAGAAGTCAATCG_017,20
ATCGTCGTAGAAGTCAATCG_018,198
ATCGTCGTAGAAGTCAATCG_019,28
ATCGTCGTAGAAGTCAATCG_020,48
ATCGTCGTAGAAGTCAATCG_021,198
CTCACCTTTGGAAAACACAG_001,6
CTCACCTTTGGAAAACACAG_002,57
CTCACCTTTGGAAAACACAG_003,107
CTCACCTTTGGAAAACACAG_004,82
TCATGCTAGCAATGACTACG_001,65
TCATGCTAGCAATGACTACG_002,9
TCATGCTAGCAATGACTACG_003,184
TCATGCTAGCAATGACTACG_004,81
TCATGCTAGCAATGACTACG_005,4
TCATGCTAGCAATGACTACG_006,58
TCATGCTAGCAATGACTACG_007,114
TCATGCTAGCAATGACTACG_008,170
TCATGCTAGCAATGACTACG_009,11
CTGCTTCAAGTTACTGAATG_001,104
CTGCTTCAAGTTACTGAATG_002,28
CTGCTTCAAGTTACTGAATG_003,60
CTGCTTCAAGTTACTGAATG_004,29
TACCTGCAAGCAAAGTACAA_001,159
TACCTGCAAGCAAAGTACAA_002,32
TACCTGCAAGCAAAGTACAA_003,122
TACCTGCAAGCAAAGTACAA_004,122
TACCTGCAAGCAAAGTACAA_005,135
TACCTGCAAGCAAAGTACAA_006,93
TCGGCCTCGAGGGTCTTCTG_001,101
TCGGCCTCGAGGGTCTTCTG_002,143
TCGGCCTCGAGGGTCTTCTG_003,143
TCGGCCTCGAGGGTCTTCTG_004,162
TCGGCCTCGAGGGTCTTCTG_005,116
TCGGCCTCGAGGGTCTTCTG_006,54
TCGGCCTCGAGGGTCTTCTG_007,194
TCGGCCTCGAGGGTCTTCTG_008,146
TCGGCCTCGAGGGTCTTCTG_009,41
TCGGCCTCGAGGGTCTTCTG_010,26
TCGGCCTCGAGGGTCTTCTG_011,166
TCGGCCTCGAGGGTCTTCTG_012,3
TCGGCCTCGAGGGTCTTCTG_013,110
TCGGCCTCGAGGGTCTTCTG_014,81
TCGGCCTCGAGGGTCTTCTG_015,161
TCTAGTGATCCTTCACTGTG_001,73
TCTAGTGATCCTTCACTGTG_002,176
TCTAGTGATCCTTCACTGTG_003,81
TCTAGTGATCCTTCACTGTG_004,158
TCTAGTGATCCTTCACTGTG_005,40
TCCCAGCACCTCTCACCAGT_001,40
TCCCAGCACCTCTCACCAGT_002,174
TCCCAGCACCTCTCACCAGT_003,194
TCCCAGCACCTCTCACCAGT_004,172
TCCCAGCACCTCTCACCAGT_005,157
CCGACTTCCCTGACTCAAGG_001,185
CCGACTTCCCTGACTCAAGG_002,176
CCGACTTCCCTGACTCAAGG_003,85
CCGACTTCCCTGACTCAAGG_004,49
CCGACTTCCCTGACTCAAGG_005,159
CCGACTTCCCTGACTCAAGG_006,94
CCGACTTCCCTGACTCAAGG_007,191
CCGACTTCCCTGACTCAAGG_008,181
CCGACTTCCCTGACTCAAGG_009,2
CCGACTTCCCTGACTCAAGG_010,188
CCGACTTCCCTGACTCAAGG_011,65
CCGACTTCCCTGACTCAAGG_012,144
CCGACTTCCCTGACTCAAGG_013,134
CCGACTTCCCTGACTCAAGG_014,5
CCGACTTCCCTGACTCAAGG_015,116
CCGACTTCCCTGACTCAAGG_016,35
CCGACTTCCCTGACTCAAGG_017,184
CCGACTTCCCTGACTCAAGG_018,2
CCGACTTCCCTGACTCAAGG_019,73
CCGACTTCCCTGACTCAAGG_020,132
CCGACTTCCCTGACTCAAGG_021,50
CCGACTTCCCTGACTCAAGG_022,49
CCGACTTCCCTGACTCAAGG_023,98
CCGACTTCCCTGACTCAAGG_024,100
TCGACCCATCTACCATCACG_001,105
TCGACCCATCTACCATCACG_002,154
TCGACCCATCTACCATCACG_003,17
CACCTGCTCTTATGGAACGG_001,61
CACCTGCTCTTATGGAACGG_002,17
CACCTGCTCTTATGGAACGG_003,4
CACCTGCTCTTATGGAACGG_004,178
CACCTGCTCTTATGGAACGG_005,107
CACCTGCTCTTATGGAACGG_006,126
CACCTGCTCTTATGGAACGG_007,68
CACCTGCTCTTATGGAACGG_008,88
CACCTGCTCTTATGGAACGG_009,15
CACCTGCTCTTATGGAACGG_010,174
TCTCCTGTACAAAACATCGT_001,174
TCTCCTGTACAAAACATCGT_002,102
TCTCCTGTACAAAACATCGT_003,175
CTCATGACACACGAGACTCA_001,169
CTCATGACACACGAGACTCA_002,19
CTCATGACACACGAGACTCA_003,118
CTCATGACACACGAGACTCA_004,144
CTCATGACACACGAGACTCA_005,178
CTCATGACACACGAGACTCA_006,115
CTCATGACACACGAGACTCA_007,197
CTCATGACACACGAGACTCA_008,174
CTCATGACACACGAGACTCA_009,2
CTCATGACACACGAGACTCA_010,73
CTCATGACACACGAGACTCA_011,55
CTCATGACACACGAGACTCA_012,176
CTCATGACACACGAGACTCA_013,83
CTCATGACACACGAGACTCA_014,188
CTCATGACACACGAGACTCA_015,124
CTCATGACACACGAGACTCA_016,163
CTTCAGAGACAGCCGCTCGT_001,0
CTTCAGAGACAGCCGCTCGT_002,77
CTTCAGAGACAGCCGCTCGT_003,183
CTTCAGAGACAGCCGCTCGT_004,110
CTTCAGAGACAGCCGCTCGT_005,5
CTTCAGAGACAGCCGCTCGT_006,23
CTTCAGAGACAGCCGCTCGT_007,63
CTTCAGAGACAGCCGCTCGT_008,94
CTTCAGAGACAGCCGCTCGT_009,155
CTTCAGAGACAGCCGCTCGT_010,30
CTTCAGAGACAGCCGCTCGT_011,0
CTTCAGAGACAGCCGCTCGT_012,11
CTTCAGAGACAGCCGCTCGT_013,26
CTTCAGAGACAGCCGCTCGT_014,177
CTTCAGAGACAGCCGCTCGT_015,59
CTTCAGAGACAGCCGCTCGT_016,2
CTTCAGAGACAGCCGCTCGT_017,22
CTTCAGAGACAGCCGCTCGT_018,58
CTTCAGAGACAGCCGCTCGT_019,48
CTTCAGAGACAGCCGCTCGT_020,48
CTTCAGAGACAGCCGCTCGT_021,111
CTTCAGAGACAGCCGCTCGT_022,113
CTTCAGAGACAGCCGCTCGT_023,99
TGGCAGTGGACTTATGCTAG_001,64
TGGCAGTGGACTTATGCTAG_002,148
TGGCAGTGGACTTATGCTAG_003,162
TGGCAGTGGACTTATGCTAG_004,3
TGGCAGTGGACTTATGCTAG_005,141
TGGCAGTGGACTTATGCTAG_006,117
TGGCAGTGGACTTATGCTAG_007,151
TGGCAGTGGACTTATGCTAG_008,151
TGGCAGTGGACTTATGCTAG_009,28
TGGCAGTGGACTTATGCTAG_010,87
TGGCAGTGGACTTATGCTAG_011,63
TGGCAGTGGACTTATGCTAG_012,184
ACTCTTGTCATAGACGGAAA_001,45
ACTCTTGTCATAGACGGAAA_002,50
ACTCTTGTCATAGACGGAAA_003,145
ACTCTTGTCATAGACGGAAA_004,81
ACTCTTGTCATAGACGGAAA_005,26
ACTCTTGTCATAGACGGAAA_006,7
ACTCTTGTCATAGACGGAAA_007,106
ACTCTTGTCATAGACGGAAA_008,1
GGCACAAACAGCCCGACTGG_001,49
GGCACAAACAGCCCGACTGG_002,97
GGCACAAACAGCCCGACTGG_003,192
GGCACAAACAGCCCGACTGG_004,42
GGCACAAACAGCCCGACTGG_005,185
GGCACAAACAGCCCGACTGG_006,148
GGCACAAACAGCCCGACTGG_007,46
GGCACAAACAGCCCGACTGG_008,177
GGCACAAACAGCCCGACTGG_009,120
GGCACAAACAGCCCGACTGG_010,63
GGCACAAACAGCCCGACTGG_011,188
GGCACAAACAGCCCGACTGG_012,39
GGCACAAACAGCCCGACTGG_013,103
GGCACAAACAGCCCGACTGG_014,94
GGCACAAACAGCCCGACTGG_015,168
TTATCACAAAGCTGTTTCAA_001,88
TTTCTTTCGTGGATTGACAG_001,0
TTTCTTTCGTGGATTGACAG_002,98
TTTCTTTCGTGGATTGACAG_003,69
TTTCTTTCGTGGATTGACAG_004,9
TTTCTTTCGTGGATTGACAG_005,134
TTTCTTTCGTGGATTGACAG_006,50
TTTCTTTCGTGGATTGACAG_007,83
TTTCTTTCGTGGATTGACAG_008,198
TTTCTTTCGTGGATTGACAG_009,102
TTTCTTTCGTGGATTGACAG_010,54
GAGGGGTTCATCATTAACAC_001,48
TTTATAAGATGCGAAATGGT_001,133
TTTATAAGATGCGAAATGGT_002,166
GAAGGAGGAAAAACCACATG_001,118
GAAGGAGGAAAAACCACATG_002,8
GAAGGAGGAAAAACCACATG_003,6
GAAGGAGGAAAAACCACATG_004,194
GAAGGAGGAAAAACCACATG_005,38
GAAGGAGGAAAAACCACATG_006,160
GAAGGAGGAAAAACCACATG_007,116
GAAGGAGGAAAAACCACATG_008,22
GAAGGAGGAAAAACCACATG_009,29
GAAGGAGGAAAAACCACATG_010,182
GAAGGAGGAAAAACCACATG_011,147
GAAGGAGGAAAAACCACATG_012,199
GAAGGAGGAAAAACCACATG_013,72
GAAGGAGGAAAAACCACATG_014,144
GAAGGAGGAAAAACCACATG_015,121
GAAGGAGGAAAAACCACATG_016,3
GAAGGAGGAAAAACCACATG_017,145
GGTGTGTCGTTTATCGAAAA_001,11
GGTGTGTCGTTTATCGAAAA_002,37
TGATAGGGGAGTTGACACGC_001,12
TGATAGGGGAGTTGACACGC_002,112
TGATAGGGGAGTTGACACGC_003,15
TGATAGGGGAGTTGACACGC_004,199
TGATAGGGGAGTTGACACGC_005,11
TGATAGGGGAGTTGACACGC_006,98
TGATAGGGGAGTTGACACGC_007,103
TGATAGGGGAGTTGACACGC_008,73
TGATAGGGGAGTTGACACGC_009,45
TGATAGGGGAGTTGACACGC_010,127
TGATAGGGGAGTTGACACGC_011,95
TGATAGGGGAGTTGACACGC_012,189
TGATAGGGGAGTTGACACGC_013,185
TGATAGGGGAGTTGACACGC_014,70
GGGCGTGGAGATGTACGACC_001,63
GGGCGTGGAGATGTACGACC_002,137
GGGCGTGGAGATGTACGACC_003,4
GGGCGTGGAGATGTACGACC_004,162
GGGCGTGGAGATGTACGACC_005,8
GGGCGTGGAGATGTACGACC_006,89
GGGCGTGGAGATGTACGACC_007,76
GGGCGTGGAGATGTACGACC_008,178
GGGCGTGGAGATGTACGACC_009,178
GGGCGTGGAGATGTACGACC_010,26
GGGCGTGGAGATGTACGACC_011,44
GGGCGTGGAGATGTACGACC_012,41
TGAGCAAATAAAACATGCTG_001,183
TGAGCAAATAAAACATGCTG_002,77
TGAGCAAATAAAACATGCTG_003,69
TGAGCAAATAAAACATGCTG_004,108
TGAGCAAATAAAACATGCTG_005,184
TGAGCAAATAAAACATGCTG_006,38
TGAGCAAATAAAACATGCTG_007,116
TGAGCAAATAAAACATGCTG_008,193
TGAGCAAATAAAACATGCTG_009,84
TGAGCAAATAAAACATGCTG_010,22
TGAGCAAATAAAACATGCTG_011,190
TGAGCAAATAAAACATGCTG_012,30
TGAGCAAATAAAACATGCTG_013,32
TGAGCAAATAAAACATGCTG_014,159
TGAGCAAATAAAACATGCTG_015,55
TGAGCAAATAAAACATGCTG_016,65
TGAGCAAATAAAACATGCTG_017,140
TGAGCAAATAAAACATGCTG_018,191
TGAGCAAATAAAACATGCTG_019,23
TGAGCAAATAAAACATGCTG_020,166
TGAGCAAATAAAACATGCTG_021,175
TGAGCAAATAAAACATGCTG_022,131
TGAGCAAATAAAACATGCTG_023,181
TGAGCAAATAAAACATGCTG_024,69
TGTCTGATAAAAGATCCACC_001,5
TGTCTGATAAAAGATCCACC_002,126
TGTCTGATAAAAGATCCACC_003,137
TGTCTGATAAAAGATCCACC_004,80
CTGGAGCTCCGTGATCTGAG_001,106
CTGGAGCTCCGTGATCTGAG_002,107
CTGGAGCTCCGTGATCTGAG_003,198
CTGGAGCTCCGTGATCTGAG_004,142
CTGGAGCTCCGTGATCTGAG_005,48
CTGGAGCTCCGTGATCTGAG_006,19
CTGGAGCTCCGTGATCTGAG_007,155
CTGGAGCTCCGTGATCTGAG_008,155
CTGGAGCTCCGTGATCTGAG_009,150
CTGGAGCTCCGTGATCTGAG_010,56
CTGGAGCTCCGTGATCTGAG_011,16
CTGGAGCTCCGTGATCTGAG_012,105
CTGGAGCTCCGTGATCTGAG_013,160
CTGGAGCTCCGTGATCTGAG_014,66
CTGGAGCTCCGTGATCTGAG_015,138
GACTCACGACAGCATGTCTG_001,37
GACTCACGACAGCATGTCTG_002,15
GACTCACGACAGCATGTCTG_003,82
GACTCACGACAGCATGTCTG_004,38
GACTCACGACAGCATGTCTG_005,175
ATGATGTTTGATGACCGTCG_001,138
CCACCACCAACAGAAAGTCA_001,102
CCACCACCAACAGAAAGTCA_002,127
CCACCACCAACAGAAAGTCA_003,198
CCACCACCAACAGAAAGTCA_004,27
CCACCACCAACAGAAAGTCA_005,160
CCACCACCAACAGAAAGTCA_006,68
TTCCTAAGGAACTCTCCACA_001,162
TTCCTAAGGAACTCTCCACA_002,175
TTCCTAAGGAACTCTCCACA_003,150
TTCCTAAGGAACTCTCCACA_004,141
TTCCTAAGGAACTCTCCACA_005,162
TTCCTAAGGAACTCTCCACA_006,1
TTCCTAAGGAACTCTCCACA_007,147
TTCCTAAGGAACTCTCCACA_008,150
TTCCTAAGGAACTCTCCACA_009,91
TTCCTAAGGAACTCTCCACA_010,41
TTCCTAAGGAACTCTCCACA_011,1
TTCCTAAGGAACTCTCCACA_012,27
TTCCTAAGGAACTCTCCACA_013,169
TTCCTAAGGAACTCTCCACA_014,117
TTCCTAAGGAACTCTCCACA_015,41
TTCCTAAGGAACTCTCCACA_016,29
TTCCTAAGGAACTCTCCACA_017,185
TTCCTAAGGAACTCTCCACA_018,144
AAAGTTCTGGATAACAGGAT_001,171
AAAGTTCTGGATAACAGGAT_002,139
AAAGTTCTGGATAACAGGAT_003,94
AAAGTTCTGGATAACAGGAT_004,9
AAAGTTCTGGATAACAGGAT_005,165
AAAGTTCTGGATAACAGGAT_006,81
AAAGTTCTGGATAACAGGAT_007,169
AAAGTTCTGGATAACAGGAT_008,147
AAAGTTCTGGATAACAGGAT_009,3
AAAGTTCTGGATAACAGGAT_010,162
AAAGTTCTGGATAACAGGAT_011,78
AAAGTTCTGGATAACAGGAT_012,40
CAAGAACATGCAGAACGCTG_001,182
CAAGAACATGCAGAACGCTG_002,90
CAAGAACATGCAGAACGCTG_003,119
CAAGAACATGCAGAACGCTG_004,124
CAAGAACATGCAGAACGCTG_005,162
CAAGAACATGCAGAACGCTG_006,106
CAAGAACATGCAGAACGCTG_007,173
CAAGAACATGCAGAACGCTG_008,174
CAAGAACATGCAGAACGCTG_009,169
GATGGTGACGTACCTGTCGA_001,154
GATGGTGACGTACCTGTCGA_002,151
GATGGTGACGTACCTGTCGA_003,169
GATGGTGACGTACCTGTCGA_004,157
GATGGTGACGTACCTGTCGA_005,60
GATGGTGACGTACCTGTCGA_006,186
GATGGTGACGTACCTGTCGA_007,88
GATGGTGACGTACCTGTCGA_008,50
GATGGTGACGTACCTGTCGA_009,48
GATGGTGACGTACCTGTCGA_010,191
GATGGTGACGTACCTGTCGA_011,115
GATGGTGACGTACCTGTCGA_012,68
GATGGTGACGTACCTGTCGA_013,190
GATGGTGACGTACCTGTCGA_014,25
GATGGTGACGTACCTGTCGA_015,11
GATGGTGACGTACCTGTCGA_016,175
GATGGTGACGTACCTGTCGA_017,140
GATGGTGACGTACCTGTCGA_018,172
GATGGTGACGTACCTGTCGA_019,113
GATGGTGACGTACCTGTCGA_020,49
AGGTCACTGAGATCTAGAGG_001,6
AGGTCACTGAGATCTAGAGG_002,169
AGGTCACTGAGATCTAGAGG_003,149
ATACACACATTCCCTAACTG_001,163
ATACACACATTCCCTAACTG_002,15
ATACACACATTCCCTAACTG_003,40
ATACACACATTCCCTAACTG_004,65
ATACACACATTCCCTAACTG_005,63
CCCTCTTTGAAGTCGTCCTG_001,191
CCCTCTTTGAAGTCGTCCTG_002,12
CCCTCTTTGAAGTCGTCCTG_003,81
CCCTCTTTGAAGTCGTCCTG_004,17
CCCTCTTTGAAGTCGTCCTG_005,137
TGGATAAGGTCATCACCAGC_001,70
TGGATAAGGTCATCACCAGC_002,100
TGGATAAGGTCATCACCAGC_003,30
TGGATAAGGTCATCACCAGC_004,192
TGGATAAGGTCATCACCAGC_005,2
TGGATAAGGTCATCACCAGC_006,88
TGGATAAGGTCATCACCAGC_007,53
TGGATAAGGTCATCACCAGC_008,160
TGGATAAGGTCATCACCAGC_009,16
TGGATAAGGTCATCACCAGC_010,148
TGGATAAGGTCATCACCAGC_011,141
TGGATAAGGTCATCACCAGC_012,42
TGGATAAGGTCATCACCAGC_013,144
TGGATAAGGTCATCACCAGC_014,88
TGGATAAGGTCATCACCAGC_015,68
TGGATAAGGTCATCACCAGC_016,92
TGGATAAGGTCATCACCAGC_017,82
GGCAGTTCGAGATTTCACGT_001,61
GGCAGTTCGAGATTTCACGT_002,106
GGCAGTTCGAGATTTCACGT_003,20
GGCAGTTCGAGATTTCACGT_004,119
GGCAGTTCGAGATTTCACGT_005,195
GGCAGTTCGAGATTTCACGT_006,192
GGCAGTTCGAGATTTCACGT_007,41
GGCAGTTCGAGATTTCACGT_008,76
GGCAGTTCGAGATTTCACGT_009,52
GGCAGTTCGAGATTTCACGT_010,1
GGCAGTTCGAGATTTCACGT_011,19
CACACACATAGGTCACCACT_001,195
CACACACATAGGTCACCACT_002,141
CACACACATAGGTCACCACT_003,84
CACACACATAGGTCACCACT_004,88
CACACACATAGGTCACCACT_005,138
CACACACATAGGTCACCACT_006,68
CACACACATAGGTCACCACT_007,197
CACACACATAGGTCACCACT_008,83
CACACACATAGGTCACCACT_009,137
CACACACATAGGTCACCACT_010,10
CACACACATAGGTCACCACT_011,17
CGAGCTGCAGGCCAAACACG_001,83
CGAGCTGCAGGCCAAACACG_002,146
CGAGCTGCAGGCCAAACACG_003,49
CGAGCTGCAGGCCAAACACG_004,114
CGAGCTGCAGGCCAAACACG_005,98
CGAGCTGCAGGCCAAACACG_006,113
CGAGCTGCAGGCCAAACACG_007,148
CGAGCTGCAGGCCAAACACG_008,74
CGAGCTGCAGGCCAAACACG_009,9
CGAGCTGCAGGCCAAACACG_010,20
CGAGCTGCAGGCCAAACACG_011,176
CGAGCTGCAGGCCAAACACG_012,76
CGAGCTGCAGGCCAAACACG_013,22
CGAGCTGCAGGCCAAACACG_014,34
CGAGCTGCAGGCCAAACACG_015,40
CGAGCTGCAGGCCAAACACG_016,147
CGAGCTGCAGGCCAAACACG_017,136
CGAGCTGCAGGCCAAACACG_018,148
CGAGCTGCAGGCCAAACACG_019,123
CGAGCTGCAGGCCAAACACG_020,185
CGAGCTGCAGGCCAAACACG_021,137
AGTGTATACCATGAACAAGC_001,98
GAGAGCAAGGAGATCGTGCG_001,181
GAGAGCAAGGAGATCGTGCG_002,19
GAGAGCAAGGAGATCGTGCG_003,105
GAGAGCAAGGAGATCGTGCG_004,82
GAGAGCAAGGAGATCGTGCG_005,88
GAGAGCAAGGAGATCGTGCG_006,162
GAGAGCAAGGAGATCGTGCG_007,198
GAGAGCAAGGAGATCGTGCG_008,63
GAGAGCAAGGAGATCGTGCG_009,127
GAGAGCAAGGAGATCGTGCG_010,146
GAGAGCAAGGAGATCGTGCG_011,58
GAGAGCAAGGAGATCGTGCG_012,49
GAGAGCAAGGAGATCGTGCG_013,184
GAGAGCAAGGAGATCGTGCG_014,2
GAGAGCAAGGAGATCGTGCG_015,81
GAGAGCAAGGAGATCGTGCG_016,61
GAGAGCAAGGAGATCGTGCG_017,174
GAGAGCAAGGAGATCGTGCG_018,129
GAGAGCAAGGAGATCGTGCG_019,41
GAGAGCAAGGAGATCGTGCG_020,78
GAGAGCAAGGAGATCGTGCG_021,85
GAGAGCAAGGAGATCGTGCG_022,62
GAGAGCAAGGAGATCGTGCG_023,12
GAGAGCAAGGAGATCGTGCG_024,134
GAGAGCAAGGAGATCGTGCG_025,49
CATCAATGCCAAATCGATCA_001,67
CATCAATGCCAAATCGATCA_002,63
CATCAATGCCAAATCGATCA_003,97
CATCAATGCCAAATCGATCA_004,160
CATCAATGCCAAATCGATCA_005,149
GATCCACCGATCTCCGGTAC_001,199
GTGCATGGCAAAGACTTCGT_001,32
GTGCATGGCAAAGACTTCGT_002,127
GTGCATGGCAAAGACTTCGT_003,199
GTGCATGGCAAAGACTTCGT_004,106
GTGCATGGCAAAGACTTCGT_005,101
GTGCATGGCAAAGACTTCGT_006,171
GTGCATGGCAAAGACTTCGT_007,87
GTGCATGGCAAAGACTTCGT_008,188
GTGCATGGCAAAGACTTCGT_009,46
GTGCATGGCAAAGACTTCGT_010,111
GTGCATGGCAAAGACTTCGT_011,160
CTTCAATGAACCAATAAACC_001,15
CTTCAATGAACCAATAAACC_002,173
CTTCAATGAACCAATAAACC_003,175
CTTCAATGAACCAATAAACC_004,176
CTTCAATGAACCAATAAACC_005,58
GATGAAGTACTATATAGGTG_001,129
GATGAAGTACTATATAGGTG_002,78
GATGAAGTACTATATAGGTG_003,18
TCTGACGTGTACTCTCCTAA_001,170
TCTGACGTGTACTCTCCTAA_002,105
TCTGACGTGTACTCTCCTAA_003,172
GAGATGGCAGCCAAACACCC_001,190
TGGGAACGGACCCTGACCAT_001,130
TGGGAACGGACCCTGACCAT_002,12
TGGGAACGGACCCTGACCAT_003,107
TGGGAACGGACCCTGACCAT_004,106
AGTTCAGGTACAACTTGGAA_001,15
AGTTCAGGTACAACTTGGAA_002,94
AGTTCAGGTACAACTTGGAA_003,69
AGTTCAGGTACAACTTGGAA_004,61
AGTTCAGGTACAACTTGGAA_005,104
AGTTCAGGTACAACTTGGAA_006,15
AGTTCAGGTACAACTTGGAA_007,37
AGTTCAGGTACAACTTGGAA_008,78
AGTTCAGGTACAACTTGGAA_009,9
ACACATGACACCTCCACAGA_001,144
ACACATGACACCTCCACAGA_002,182
ACACATGACACCTCCACAGA_003,169
ACACATGACACCTCCACAGA_004,8
ACACATGACACCTCCACAGA_005,61
ACACATGACACCTCCACAGA_006,83
ACACATGACACCTCCACAGA_007,121
ACACATGACACCTCCACAGA_008,197
ACACATGACACCTCCACAGA_009,32
ACACATGACACCTCCACAGA_010,109
ACACATGACACCTCCACAGA_011,109
ACACATGACACCTCCACAGA_012,77
ACACATGACACCTCCACAGA_013,26
TAGTGGCGGTGGCTCGTACG_001,43
TAGTGGCGGTGGCTCGTACG_002,68
TAGTGGCGGTGGCTCGTACG_003,73
TAGTGGCGGTGGCTCGTACG_004,92
TAGTGGCGGTGGCTCGTACG_005,85
TAGTGGCGGTGGCTCGTACG_006,50
TAGTGGCGGTGGCTCGTACG_007,153
TAGTGGCGGTGGCTCGTACG_008,57
TAGTGGCGGTGGCTCGTACG_009,141
TAGTGGCGGTGGCTCGTACG_010,140
TAGTGGCGGTGGCTCGTACG_011,56
TAGTGGCGGTGGCTCGTACG_012,5
TAGTGGCGGTGGCTCGTACG_013,58
TATGGTACCATGTTCCCCAG_001,102
TATGGTACCATGTTCCCCAG_002,115
TATGGTACCATGTTCCCCAG_003,88
TATGGTACCATGTTCCCCAG_004,40
TATGGTACCATGTTCCCCAG_005,102
TATGGTACCATGTTCCCCAG_006,175
TATGGTACCATGTTCCCCAG_007,148
TATGGTACCATGTTCCCCAG_008,119
TATGGTACCATGTTCCCCAG_009,47
TATGGTACCATGTTCCCCAG_010,57
GAGTAGCAGGGGAGACCCCG_001,19
GAGTAGCAGGGGAGACCCCG_002,176
GAGTAGCAGGGGAGACCCCG_003,17
GAGTAGCAGGGGAGACCCCG_004,121
GAGTAGCAGGGGAGACCCCG_005,43
GAGTAGCAGGGGAGACCCCG_006,141
GAGTAGCAGGGGAGACCCCG_007,28
GAGTAGCAGGGGAGACCCCG_008,104
GAGTAGCAGGGGAGACCCCG_009,179
GAGTAGCAGGGGAGACCCCG_010,114
GAGTAGCAGGGGAGACCCCG_011,69
GAGTAGCAGGGGAGACCCCG_012,183
GAGTAGCAGGGGAGACCCCG_013,183
GAGTAGCAGGGGAGACCCCG_014,3
AAATACATACCTCAGCAAGG_001,118
AAATACATACCTCAGCAAGG_002,76
GGGAGCGCCTTACTTGACAG_001,34
GGGAGCGCCTTACTTGACAG_002,6
GGGAGCGCCTTACTTGACAG_003,181
GGGAGCGCCTTACTTGACAG_004,137
GGGAGCGCCTTACTTGACAG_005,45
GGGAGCGCCTTACTTGACAG_006,26
GGGAGCGCCTTACTTGACAG_007,30
GGGAGCGCCTTACTTGACAG_008,33
GGGAGCGCCTTACTTGACAG_009,94
GGGAGCGCCTTACTTGACAG_010,95
GGGAGCGCCTTACTTGACAG_011,13
GGGAGCGCCTTACTTGACAG_012,81
GGGAGCGCCTTACTTGACAG_013,153
GGGAGCGCCTTACTTGACAG_014,122
GGGAGCGCCTTACTTGACAG_015,130
GGGAGCGCCTTACTTGACAG_016,81
GGGAGCGCCTTACTTGACAG_017,174
GGGAGCGCCTTACTTGACAG_018,68
GGGAGCGCCTTACTTGACAG_019,78
GGGAGCGCCTTACTTGACAG_020,14
GGGAGCGCCTTACTTGACAG_021,168
GCAAACCTCGAATTTAAAGA_001,58
GCAAACCTCGAATTTAAAGA_002,81
GCAGCGGGGGATACGCGGCA_001,72
GCAGCGGGGGATACGCGGCA_002,101
GCAGCGGGGGATACGCGGCA_003,70
GCAGCGGGGGATACGCGGCA_004,91
GCAGCGGGGGATACGCGGCA_005,102
GCAGCGGGGGATACGCGGCA_006,184
GCAGCGGGGGATACGCGGCA_007,63
GCAGCGGGGGATACGCGGCA_008,145
GCAGCGGGGGATACGCGGCA_009,146
GCAGCGGGGGATACGCGGCA_010,49
GCAGCGGGGGATACGCGGCA_011,62
GCAGCGGGGGATACGCGGCA_012,98
GCAGCGGGGGATACGCGGCA_013,61
GCAGCGGGGGATACGCGGCA_014,155
CTCGACACAGCACTACAATG_001,98
CTCGACACAGCACTACAATG_002,75
CTCGACACAGCACTACAATG_003,177
CTCGACACAGCACTACAATG_004,86
CTCGACACAGCACTACAATG_005,41
ACTGGAGTCTCAATCCCCAC_001,16
ACTGGAGTCTCAATCCCCAC_002,75
ACTGGAGTCTCAATCCCCAC_003,169
ACTGGAGTCTCAATCCCCAC_004,197
ACTGGAGTCTCAATCCCCAC_005,121
ACTGGAGTCTCAATCCCCAC_006,137
ACTGGAGTCTCAATCCCCAC_007,106
ACTGGAGTCTCAATCCCCAC_008,113
AACATGCCAGTGCCTCAACG_001,45
AACATGCCAGTGCCTCAACG_002,64
AACATGCCAGTGCCTCAACG_003,19
AACATGCCAGTGCCTCAACG_004,48
AACATGCCAGTGCCTCAACG_005,121
AACATGCCAGTGCCTCAACG_006,121
AACATGCCAGTGCCTCAACG_007,63
AACATGCCAGTGCCTCAACG_008,104
AACATGCCAGTGCCTCAACG_009,34
AACATGCCAGTGCCTCAACG_010,34
AACATGCCAGTGCCTCAACG_011,142
AACATGCCAGTGCCTCAACG_012,137
AACATGCCAGTGCCTCAACG_013,31
AACATGCCAGTGCCTCAACG_014,84
AACATGCCAGTGCCTCAACG_015,52
AACATGCCAGTGCCTCAACG_016,0
AACATGCCAGTGCCTCAACG_017,22
AACATGCCAGTGCCTCAACG_018,184
AACATGCCAGTGCCTCAACG_019,184
AACATGCCAGTGCCTCAACG_020,60
AACATGCCAGTGCCTCAACG_021,174
AACATGCCAGTGCCTCAACG_022,123
CACTATCAAAGCCTTTCCTA_001,123
CACTATCAAAGCCTTTCCTA_002,91
CACTATCAAAGCCTTTCCTA_003,50
CACTATCAAAGCCTTTCCTA_004,48
CACTATCAAAGCCTTTCCTA_005,137
CCCGTACGAAGGCCCCACGG_001,98
CCCGTACGAAGGCCCCACGG_002,62
CCCGTACGAAGGCCCCACGG_003,115
CCCGTACGAAGGCCCCACGG_004,197
CCCGTACGAAGGCCCCACGG_005,118
CCCGTACGAAGGCCCCACGG_006,53
CCCGTACGAAGGCCCCACGG_007,119
CCCGTACGAAGGCCCCACGG_008,57
CCCGTACGAAGGCCCCACGG_009,155
CCCGTACGAAGGCCCCACGG_010,7
CCCGTACGAAGGCCCCACGG_011,183
CCCGTACGAAGGCCCCACGG_012,34
CCCGTACGAAGGCCCCACGG_013,34
CCCGTACGAAGGCCCCACGG_014,105
CCCGTACGAAGGCCCCACGG_015,146
CCCGTACGAAGGCCCCACGG_016,156
AGCTTCTACCTGGAGACCTA_001,172
AGCTTCTACCTGGAGACCTA_002,29
AGCTTCTACCTGGAGACCTA_003,141
AGCTTCTACCTGGAGACCTA_004,181
AGCTTCTACCTGGAGACCTA_005,113
AGCTTCTACCTGGAGACCTA_006,150
AGCTTCTACCTGGAGACCTA_007,81
AGCTTCTACCTGGAGACCTA_008,105
AGCTTCTACCTGGAGACCTA_009,83
AGCTTCTACCTGGAGACCTA_010,105
AGCTTCTACCTGGAGACCTA_011,7
GCATAGCTTAACTTGCCACG_001,103
GCATAGCTTAACTTGCCACG_002,52
GCATAGCTTAACTTGCCACG_003,94
GCATAGCTTAACTTGCCACG_004,20
GCATAGCTTAACTTGCCACG_005,20
GCATAGCTTAACTTGCCACG_006,192
GCATAGCTTAACTTGCCACG_007,49
GCATAGCTTAACTTGCCACG_008,88
GCATAGCTTAACTTGCCACG_009,195
CTACACGTTCAACAAAGACC_001,158
CTACACGTTCAACAAAGACC_002,50
TTGAGCCAGGATGGACCTCG_001,36
TTGAGCCAGGATGGACCTCG_002,184
TTGAGCCAGGATGGACCTCG_003,62
TTGAGCCAGGATGGACCTCG_004,19
TTGAGCCAGGATGGACCTCG_005,6
TTGAGCCAGGATGGACCTCG_006,97
TTGAGCCAGGATGGACCTCG_007,183
TTGAGCCAGGATGGACCTCG_008,15
TTGAGCCAGGATGGACCTCG_009,88
TTGAGCCAGGATGGACCTCG_010,106
TTGAGCCAGGATGGACCTCG_011,24
TTGAGCCAGGATGGACCTCG_012,177
TTGAGCCAGGATGGACCTCG_013,127
TTGAGCCAGGATGGACCTCG_014,68
TTGAGCCAGGATGGACCTCG_015,59
TTGAGCCAGGATGGACCTCG_016,19
TTGAGCCAGGATGGACCTCG_017,105
TTGAGCCAGGATGGACCTCG_018,78
TTGAGCCAGGATGGACCTCG_019,184
TTGAGCCAGGATGGACCTCG_020,94
TTGAGCCAGGATGGACCTCG_021,123
TTGAGCCAGGATGGACCTCG_022,3
TTGAGCCAGGATGGACCTCG_023,28
TTGAGCCAGGATGGACCTCG_024,111
TTGAGCCAGGATGGACCTCG_025,20
TTGAGCCAGGATGGACCTCG_026,144
GAGGTGGACAGCGTTCCCTT_001,181
GAGGTGGACAGCGTTCCCTT_002,1
GAGGTGGACAGCGTTCCCTT_003,72
GCAGGCAAAAACAGCTGACG_001,141
GCAGGCAAAAACAGCTGACG_002,147
GCAGGCAAAAACAGCTGACG_003,52
GCAGGCAAAAACAGCTGACG_004,197
GCAGGCAAAAACAGCTGACG_005,194
GCAGGCAAAAACAGCTGACG_006,116
GCAGGCAAAAACAGCTGACG_007,198
GCAGGCAAAAACAGCTGACG_008,6
GCAGGCAAAAACAGCTGACG_009,118
GCAGGCAAAAACAGCTGACG_010,10
GCAGGCAAAAACAGCTGACG_011,65
GCAGGCAAAAACAGCTGACG_012,131
GCAGGCAAAAACAGCTGACG_013,180
GCAGGCAAAAACAGCTGACG_014,108
GCAGGCAAAAACAGCTGACG_015,9
GCAGGCAAAAACAGCTGACG_016,98
GCAGGCAAAAACAGCTGACG_017,135
GCAGGCAAAAACAGCTGACG_018,128
GCAGGCAAAAACAGCTGACG_019,85
GCAGGCAAAAACAGCTGACG_020,195
GCAGGCAAAAACAGCTGACG_021,30
GCAGGCAAAAACAGCTGACG_022,30
GCAGGCAAAAACAGCTGACG_023,101
GCAGGCAAAAACAGCTGACG_024,103
GCAGGCAAAAACAGCTGACG_025,169
GCAGGCAAAAACAGCTGACG_026,3
GCAGGCAAAAACAGCTGACG_027,47
GCAGGCAAAAACAGCTGACG_028,160
GCAGGCAAAAACAGCTGACG_029,15
GCAGGCAAAAACAGCTGACG_030,48
GCAGGCAAAAACAGCTGACG_031,43
GCAGGCAAAAACAGCTGACG_032,111
GCAGGCAAAAACAGCTGACG_033,157
GTTCTGCAGATCATCACACA_001,155
GTTCTGCAGATCATCACACA_002,188
GTTCTGCAGATCATCACACA_003,111
GTTCTGCAGATCATCACACA_004,126
TTGCTTGTGAACTTGACCCA_001,199
TTGCTTGTGAACTTGACCCA_002,158
TTGCTTGTGAACTTGACCCA_003,68
TTGCTTGTGAACTTGACCCA_004,135
TTGGGCCGATTCTTAATAGG_001,138
TTGGGCCGATTCTTAATAGG_002,146
TTGGGCCGATTCTTAATAGG_003,8
TTGGGCCGATTCTTAATAGG_004,155
TTGGGCCGATTCTTAATAGG_005,29
TTGGGCCGATTCTTAATAGG_006,130
TTGGGCCGATTCTTAATAGG_007,166
GCTGAGTTCAAACAGATACA_001,63
GCTGAGTTCAAACAGATACA_002,77
TGAAGGAGGAGAACAAATCG_001,81
TGAAGGAGGAGAACAAATCG_002,165
TGAAGGAGGAGAACAAATCG_003,48
TGAAGGAGGAGAACAAATCG_004,181
TGAAGGAGGAGAACAAATCG_005,147
TGAAGGAGGAGAACAAATCG_006,129
TGAAGGAGGAGAACAAATCG_007,134
TGAAGGAGGAGAACAAATCG_008,188
TGAAGGAGGAGAACAAATCG_009,157
TGAAGGAGGAGAACAAATCG_010,142
TGAAGGAGGAGAACAAATCG_011,72
GGAGGAAGTACATGGGCCTG_001,185
GGAGGAAGTACATGGGCCTG_002,181
GGAGGAAGTACATGGGCCTG_003,54
GGAGGAAGTACATGGGCCTG_004,185
GGAGGAAGTACATGGGCCTG_005,9
GGAGGAAGTACATGGGCCTG_006,87
GGAGGAAGTACATGGGCCTG_007,92
GGAGGAAGTACATGGGCCTG_008,91
GGAGGAAGTACATGGGCCTG_009,95
GGAGGAAGTACATGGGCCTG_010,77
GGAGGAAGTACATGGGCCTG_011,146
GGAGGAAGTACATGGGCCTG_012,137
CCCCAAGTCAGTGACGGTGA_001,190
CCCCAAGTCAGTGACGGTGA_002,42
CCCCAAGTCAGTGACGGTGA_003,195
CCCCAAGTCAGTGACGGTGA_004,150
CCCCAAGTCAGTGACGGTGA_005,121
CCCCAAGTCAGTGACGGTGA_006,48
CCCCAAGTCAGTGACGGTGA_007,45
CCCCAAGTCAGTGACGGTGA_008,82
CCCCAAGTCAGTGACGGTGA_009,49
CCCCAAGTCAGTGACGGTGA_010,160
CCCCAAGTCAGTGACGGTGA_011,88
CCCCAAGTCAGTGACGGTGA_012,41
CCCCAAGTCAGTGACGGTGA_013,186
CCCCAAGTCAGTGACGGTGA_014,28
CCCCAAGTCAGTGACGGTGA_015,137
CCCCAAGTCAGTGACGGTGA_016,59
CCCCAAGTCAGTGACGGTGA_017,116
CCCCAAGTCAGTGACGGTGA_018,70
AACATTCCGCCTGGAGAGGG_001,54
AACATTCCGCCTGGAGAGGG_002,48
AACATTCCGCCTGGAGAGGG_003,39
AACATTCCGCCTGGAGAGGG_004,94
AACATTCCGCCTGGAGAGGG_005,61
AACATTCCGCCTGGAGAGGG_006,26
AACATTCCGCCTGGAGAGGG_007,184
AACATTCCGCCTGGAGAGGG_008,124
AACATTCCGCCTGGAGAGGG_009,49
AACATTCCGCCTGGAGAGGG_010,23
AACATTCCGCCTGGAGAGGG_011,36
TCACTTCATCAGGCTCGAAG_001,53
TCACTTCATCAGGCTCGAAG_002,190
TCACTTCATCAGGCTCGAAG_003,77
TCACTTCATCAGGCTCGAAG_004,148
TCACTTCATCAGGCTCGAAG_005,53
TCACTTCATCAGGCTCGAAG_006,123
TCACTTCATCAGGCTCGAAG_007,24
TCACTTCATCAGGCTCGAAG_008,88
TCACTTCATCAGGCTCGAAG_009,184
TCACTTCATCAGGCTCGAAG_010,154
TCACTTCATCAGGCTCGAAG_011,123
TCACTTCATCAGGCTCGAAG_012,19
TCACTTCATCAGGCTCGAAG_013,48
TCGGACTTACCTACGATGTG_001,70
TCGGACTTACCTACGATGTG_002,83
TCGGACTTACCTACGATGTG_003,135
TCGGACTTACCTACGATGTG_004,134
TCGGACTTACCTACGATGTG_005,81
TCGGACTTACCTACGATGTG_006,21
TCGGACTTACCTACGATGTG_007,105
TCGGACTTACCTACGATGTG_008,68
TCGGACTTACCTACGATGTG_009,115
TCGGACTTACCTACGATGTG_010,88
TCGGACTTACCTACGATGTG_011,67
TCGGACTTACCTACGATGTG_012,148
TCGGACTTACCTACGATGTG_013,75
TCGGACTTACCTACGATGTG_014,39
TCGGACTTACCTACGATGTG_015,2
TATCACTAAGGCGCAGAAGA_001,137
TATCACTAAGGCGCAGAAGA_002,89
TATCACTAAGGCGCAGAAGA_003,48
TATCACTAAGGCGCAGAAGA_004,62
TGAAGTGATGGAGATTGACA_001,83
TGAAGTGATGGAGATTGACA_002,74
TGAAGTGATGGAGATTGACA_003,177
TGAAGTGATGGAGATTGACA_004,121
TGAAGTGATGGAGATTGACA_005,123
TGAAGTGATGGAGATTGACA_006,118
ATGTATGTATTGAATGTGGG_001,12
ATGTATGTATTGAATGTGGG_002,152
ATGTATGTATTGAATGTGGG_003,49
ATGTATGTATTGAATGTGGG_004,34
ATGTATGTATTGAATGTGGG_005,166
ATGTATGTATTGAATGTGGG_006,29
ATGTATGTATTGAATGTGGG_007,67
ATGTATGTATTGAATGTGGG_008,65
ATGTATGTATTGAATGTGGG_009,198
ATGTATGTATTGAATGTGGG_010,192
ATGTATGTATTGAATGTGGG_011,187
ATGTATGTATTGAATGTGGG_012,88
ATGTATGTATTGAATGTGGG_013,54
ATGTATGTATTGAATGTGGG_014,106
ATGTATGTATTGAATGTGGG_015,76
ATGTATGTATTGAATGTGGG_016,67
ATGTATGTATTGAATGTGGG_017,136
ATGTATGTATTGAATGTGGG_018,43
ATGTATGTATTGAATGTGGG_019,48
ATGTATGTATTGAATGTGGG_020,36
ATGTATGTATTGAATGTGGG_021,10
ATGTATGTATTGAATGTGGG_022,149
ATGTATGTATTGAATGTGGG_023,88
ATGTATGTATTGAATGTGGG_024,124
AAACATACGGGCATTCATGG_001,15
AAACATACGGGCATTCATGG_002,116
AAACATACGGGCATTCATGG_003,104
CCCTCCTCTAGCCAATCAAG_001,94
CCCTCCTCTAGCCAATCAAG_002,61
CCCTCCTCTAGCCAATCAAG_003,198
CCCTCCTCTAGCCAATCAAG_004,106
GGTCTCCCAAAACATAAGCA_001,92
GGTCTCCCAAAACATAAGCA_002,71
GGTCTCCCAAAACATAAGCA_003,162
GGTCTCCCAAAACATAAGCA_004,7
GGTCTCCCAAAACATAAGCA_005,146
GGTCTCCCAAAACATAAGCA_006,192
GGTCTCCCAAAACATAAGCA_007,47
GGTCTCCCAAAACATAAGCA_008,130
GGTCTCCCAAAACATAAGCA_009,175
GGTCTCCCAAAACATAAGCA_010,132
GGTCTCCCAAAACATAAGCA_011,130
GGTCTCCCAAAACATAAGCA_012,78
GGTCTCCCAAAACATAAGCA_013,33
GGTCTCCCAAAACATAAGCA_014,118
TTGTAGATGATATTGCCGTG_001,2
TTGTAGATGATATTGCCGTG_002,114
TTGTAGATGATATTGCCGTG_003,1
TTGTAGATGATATTGCCGTG_004,8
CCCACGAGGCACGTCTACAC_001,106
CCCACGAGGCACGTCTACAC_002,8
AGGATCAGCCCCAGTACCTG_001,161
AGGATCAGCCCCAGTACCTG_002,176
AGGATCAGCCCCAGTACCTG_003,170
AGGATCAGCCCCAGTACCTG_004,6
AGGATCAGCCCCAGTACCTG_005,168
AGGATCAGCCCCAGTACCTG_006,182
AGGATCAGCCCCAGTACCTG_007,128
AGGATCAGCCCCAGTACCTG_008,64
AGGATCAGCCCCAGTACCTG_009,51
AGGATCAGCCCCAGTACCTG_010,1
AGGATCAGCCCCAGTACCTG_011,82
AGGATCAGCCCCAGTACCTG_012,13
AGGATCAGCCCCAGTACCTG_013,93
AGGATCAGCCCCAGTACCTG_014,107
AGGATCAGCCCCAGTACCTG_015,46
AGGATCAGCCCCAGTACCTG_016,58
AGGATCAGCCCCAGTACCTG_017,82
AGGATCAGCCCCAGTACCTG_018,130
AGGATCAGCCCCAGTACCTG_019,147
AGGATCAGCCCCAGTACCTG_020,34
AGGATCAGCCCCAGTACCTG_021,96
AGGATCAGCCCCAGTACCTG_022,28
AGGATCAGCCCCAGTACCTG_023,42
AGGATCAGCCCCAGTACCTG_024,126
AGGATCAGCCCCAGTACCTG_025,172
AGGATCAGCCCCAGTACCTG_026,196
AGGATCAGCCCCAGTACCTG_027,55
AGGATCAGCCCCAGTACCTG_028,0
AGGATCAGCCCCAGTACCTG_029,152
AGGATCAGCCCCAGTACCTG_030,150
AGGATCAGCCCCAGTACCTG_031,170
AGGATCAGCCCCAGTACCTG_032,63
TGCCGTTAAGATTTGACTGG_001,190
TGCCGTTAAGATTTGACTGG_002,188
TGCCGTTAAGATTTGACTGG_003,184
TGCCGTTAAGATTTGACTGG_004,130
TGCCGTTAAGATTTGACTGG_005,29
TGCCGTTAAGATTTGACTGG_006,78
TGCCGTTAAGATTTGACTGG_007,161
TGCCGTTAAGATTTGACTGG_008,183
TGCCGTTAAGATTTGACTGG_009,160
TGCCGTTAAGATTTGACTGG_010,160
TGCCGTTAAGATTTGACTGG_011,62
TGCCGTTAAGATTTGACTGG_012,60
TGCCGTTAAGATTTGACTGG_013,145
TGCCGTTAAGATTTGACTGG_014,149
TGCCGTTAAGATTTGACTGG_015,168
TGCCGTTAAGATTTGACTGG_016,50
TGCCGTTAAGATTTGACTGG_017,184
TGCCGTTAAGATTTGACTGG_018,56
TGCCGTTAAGATTTGACTGG_019,117
TGCCGTTAAGATTTGACTGG_020,2
AGCAGTGTTTGACGGCGTCG_001,169
AGCAGTGTTTGACGGCGTCG_002,98
AGCAGTGTTTGACGGCGTCG_003,115
AGCAGTGTTTGACGGCGTCG_004,126
AGCAGTGTTTGACGGCGTCG_005,128
AGCAGTGTTTGACGGCGTCG_006,171
AGCAGTGTTTGACGGCGTCG_007,174
AGCAGTGTTTGACGGCGTCG_008,111
AGCAGTGTTTGACGGCGTCG_009,158
AGCAGTGTTTGACGGCGTCG_010,88
AGCAGTGTTTGACGGCGTCG_011,41
AGCAGTGTTTGACGGCGTCG_012,151
AGCAGTGTTTGACGGCGTCG_013,121
AGCAGTGTTTGACGGCGTCG_014,83
AGCAGTGTTTGACGGCGTCG_015,60
AGCAGTGTTTGACGGCGTCG_016,100
AGCAGTGTTTGACGGCGTCG_017,162
AGCAGTGTTTGACGGCGTCG_018,67
AGCAGTGTTTGACGGCGTCG_019,190
CATCGGGTTCAGTAACAATC_001,146
CATCGGGTTCAGTAACAATC_002,16
CATCGGGTTCAGTAACAATC_003,158
CATCGGGTTCAGTAACAATC_004,50
CATCGGGTTCAGTAACAATC_005,93
CATCGGGTTCAGTAACAATC_006,171
CATCGGGTTCAGTAACAATC_007,58
CATCGGGTTCAGTAACAATC_008,84
CATCGGGTTCAGTAACAATC_009,137
CATCGGGTTCAGTAACAATC_010,163
CATCGGGTTCAGTAACAATC_011,84
CATCGGGTTCAGTAACAATC_012,157
CATCGGGTTCAGTAACAATC_013,17
CATCGGGTTCAGTAACAATC_014,129
CATCGGGTTCAGTAACAATC_015,152
CATCGGGTTCAGTAACAATC_016,129
CATCGGGTTCAGTAACAATC_017,46
TACCGAAGTCAATGTCGAGG_001,63
TACCGAAGTCAATGTCGAGG_002,75
TACCGAAGTCAATGTCGAGG_003,80
TACCGAAGTCAATGTCGAGG_004,62
TACCGAAGTCAATGTCGAGG_005,180
GACAGAGATGGACTTAAGGG_001,174
GACAGAGATGGACTTAAGGG_002,11
GACAGAGATGGACTTAAGGG_003,121
GACAGAGATGGACTTAAGGG_004,75
GACAGAGATGGACTTAAGGG_005,158
GACAGAGATGGACTTAAGGG_006,105
GACAGAGATGGACTTAAGGG_007,169
GACAGAGATGGACTTAAGGG_008,127
GACAGAGATGGACTTAAGGG_009,199
GACAGAGATGGACTTAAGGG_010,187
GACAGAGATGGACTTAAGGG_011,77
GGAGAACTTCTATTGCCCGA_001,19
GGAGAACTTCTATTGCCCGA_002,170
GGGAAATACTCACGTTTGAG_001,91
GCATCGCAAGTATGACCTCA_001,151
GCATCGCAAGTATGACCTCA_002,127
GCATCGCAAGTATGACCTCA_003,52
GCATCGCAAGTATGACCTCA_004,3
GCATCGCAAGTATGACCTCA_005,108
GCATCGCAAGTATGACCTCA_006,165
GCATCGCAAGTATGACCTCA_007,58
GCATCGCAAGTATGACCTCA_008,66
GCATCGCAAGTATGACCTCA_009,158
AGGTAGAAGAGGTCCACTTG_001,144
AGGTAGAAGAGGTCCACTTG_002,135
AGGTAGAAGAGGTCCACTTG_003,148
AGGTAGAAGAGGTCCACTTG_004,61
AGGTAGAAGAGGTCCACTTG_005,160
AGGTAGAAGAGGTCCACTTG_006,32
AGGTAGAAGAGGTCCACTTG_007,50
AGGTAGAAGAGGTCCACTTG_008,76
AGGTAGAAGAGGTCCACTTG_009,5
AGGTAGAAGAGGTCCACTTG_010,169
AGGTAGAAGAGGTCCACTTG_011,82
AGGTAGAAGAGGTCCACTTG_012,17
AGGTAGAAGAGGTCCACTTG_013,96
AGGTAGAAGAGGTCCACTTG_014,147
AGGTAGAAGAGGTCCACTTG_015,136
AGGTAGAAGAGGTCCACTTG_016,86
AACTACCTCTGCATTCAACA_001,147
AACTACCTCTGCATTCAACA_002,21
AACTACCTCTGCATTCAACA_003,195
AACTACCTCTGCATTCAACA_004,28
CAATGGCGGACATGTTTGCG_001,45
CAATGGCGGACATGTTTGCG_002,154
CAATGGCGGACATGTTTGCG_003,61
CAATGGCGGACATGTTTGCG_004,149
CAATGGCGGACATGTTTGCG_005,42
CAATGGCGGACATGTTTGCG_006,158
CAATGGCGGACATGTTTGCG_007,187
CAATGGCGGACATGTTTGCG_008,15
CAATGGCGGACATGTTTGCG_009,193
AGAAAATATTCGTAAAGCAG_001,62
AGAAAATATTCGTAAAGCAG_002,134
GCTGGAATGGATATTTGGGG_001,119
GTGATCAGCATCAGACCGAG_001,91
GTGATCAGCATCAGACCGAG_002,23
GTGATCAGCATCAGACCGAG_003,63
GTGATCAGCATCAGACCGAG_004,5
GTGATCAGCATCAGACCGAG_005,55
GTGATCAGCATCAGACCGAG_006,82
GTGATCAGCATCAGACCGAG_007,15
GTGATCAGCATCAGACCGAG_008,198
GTGATCAGCATCAGACCGAG_009,113
GTGATCAGCATCAGACCGAG_010,42
GTGATCAGCATCAGACCGAG_011,27
GTGATCAGCATCAGACCGAG_012,166
GTGATCAGCATCAGACCGAG_013,136
GTGATCAGCATCAGACCGAG_014,142
GTGATCAGCATCAGACCGAG_015,166
GTGATCAGCATCAGACCGAG_016,77
CAAGTGCAATGAGGAGCGAG_001,61
CAAGTGCAATGAGGAGCGAG_002,177
CAAGTGCAATGAGGAGCGAG_003,182
CAAGTGCAATGAGGAGCGAG_004,11
CAAGTGCAATGAGGAGCGAG_005,85
CAAGTGCAATGAGGAGCGAG_006,98
CAAGTGCAATGAGGAGCGAG_007,104
CAAGTGCAATGAGGAGCGAG_008,30
CAAGTGCAATGAGGAGCGAG_009,169
CAAGTGCAATGAGGAGCGAG_010,53
CAAGTGCAATGAGGAGCGAG_011,1
CAAGTGCAATGAGGAGCGAG_012,62
CAAGTGCAATGAGGAGCGAG_013,1
CAAGTGCAATGAGGAGCGAG_014,81
CAAGTGCAATGAGGAGCGAG_015,194
CAAGTGCAATGAGGAGCGAG_016,9
CAAGTGCAATGAGGAGCGAG_017,68
CAAGTGCAATGAGGAGCGAG_018,176
CAAGTGCAATGAGGAGCGAG_019,123
CAAGTGCAATGAGGAGCGAG_020,28
CAAGTGCAATGAGGAGCGAG_021,106
CAAGTGCAATGAGGAGCGAG_022,129
GCACGTCATTAATCCAGTCG_001,173
GCACGTCATTAATCCAGTCG_002,185
GCACGTCATTAATCCAGTCG_003,31
GCACGTCATTAATCCAGTCG_004,119
GCACGTCATTAATCCAGTCG_005,62
GCACGTCATTAATCCAGTCG_006,32
GCACGTCATTAATCCAGTCG_007,10
GCACGTCATTAATCCAGTCG_008,50
ACAGTGACATGCGTTAACTG_001,98
ACAGTGACATGCGTTAACTG_002,100
TCACTGCCCACCACAGACCA_001,8
TCACTGCCCACCACAGACCA_002,4
TCACTGCCCACCACAGACCA_003,42
TCACTGCCCACCACAGACCA_004,191
TCACTGCCCACCACAGACCA_005,85
TCACTGCCCACCACAGACCA_006,78
TCACTGCCCACCACAGACCA_007,40
TCACTGCCCACCACAGACCA_008,58
TCACTGCCCACCACAGACCA_009,192
TCACTGCCCACCACAGACCA_010,38
TCACTGCCCACCACAGACCA_011,120
TCACTGCCCACCACAGACCA_012,171
TCACTGCCCACCACAGACCA_013,68
TCACTGCCCACCACAGACCA_014,182
TCACTGCCCACCACAGACCA_015,185
TCACTGCCCACCACAGACCA_016,145
TCACTGCCCACCACAGACCA_017,169
TCACTGCCCACCACAGACCA_018,56
TCACTGCCCACCACAGACCA_019,29
TCACTGCCCACCACAGACCA_020,117
TCACTGCCCACCACAGACCA_021,101
TCACTGCCCACCACAGACCA_022,171
TCACTGCCCACCACAGACCA_023,39
TCACTGCCCACCACAGACCA_024,41
TCACTGCCCACCACAGACCA_025,70
TCACTGCCCACCACAGACCA_026,89
TCACTGCCCACCACAGACCA_027,77
TCACTGCCCACCACAGACCA_028,67
TCACTGCCCACCACAGACCA_029,67
TCACTGCCCACCACAGACCA_030,160
TCACTGCCCACCACAGACCA_031,68
TCACTGCCCACCACAGACCA_032,199
TCACTGCCCACCACAGACCA_033,43
TCACTGCCCACCACAGACCA_034,102
TCACTGCCCACCACAGACCA_035,158
TCACTGCCCACCACAGACCA_036,21
TCACTGCCCACCACAGACCA_037,9
ACTTTCTTGCCAAAGCCGCG_001,139
ACTTTCTTGCCAAAGCCGCG_002,32
ACTTTCTTGCCAAAGCCGCG_003,121
ACTTTCTTGCCAAAGCCGCG_004,197
ACTTTCTTGCCAAAGCCGCG_005,137
ACTTTCTTGCCAAAGCCGCG_006,198
ACTTTCTTGCCAAAGCCGCG_007,56
ACTTTCTTGCCAAAGCCGCG_008,15
ACTTTCTTGCCAAAGCCGCG_009,45
ACTTTCTTGCCAAAGCCGCG_010,69
ACTTTCTTGCCAAAGCCGCG_011,10
ACTTTCTTGCCAAAGCCGCG_012,103
ACCCATTGAGAGTCGCCTGA_001,24
ACCCATTGAGAGTCGCCTGA_002,88
ACCCATTGAGAGTCGCCTGA_003,48
ACCCATTGAGAGTCGCCTGA_004,38
ACCCATTGAGAGTCGCCTGA_005,166
ACCCATTGAGAGTCGCCTGA_006,152
ACCCATTGAGAGTCGCCTGA_007,29
ACCCATTGAGAGTCGCCTGA_008,78
ACCCATTGAGAGTCGCCTGA_009,23
ACCCATTGAGAGTCGCCTGA_010,77
ACCCATTGAGAGTCGCCTGA_011,169
ACCCATTGAGAGTCGCCTGA_012,134
ACCCATTGAGAGTCGCCTGA_013,134
ACCCATTGAGAGTCGCCTGA_014,150
ACCCATTGAGAGTCGCCTGA_015,43
ACCCATTGAGAGTCGCCTGA_016,184
ACCCATTGAGAGTCGCCTGA_017,62
ACCCATTGAGAGTCGCCTGA_018,156
ACCCATTGAGAGTCGCCTGA_019,161
ACCCATTGAGAGTCGCCTGA_020,78
ACCCATTGAGAGTCGCCTGA_021,84
ACCCATTGAGAGTCGCCTGA_022,192
ACCCATTGAGAGTCGCCTGA_023,176
ACCCATTGAGAGTCGCCTGA_024,78
ACCCATTGAGAGTCGCCTGA_025,4
ACCCATTGAGAGTCGCCTGA_026,69
ACCCATTGAGAGTCGCCTGA_027,159
ACCCATTGAGAGTCGCCTGA_028,94
ACCCATTGAGAGTCGCCTGA_029,168
ACCCATTGAGAGTCGCCTGA_030,187
ACCCATTGAGAGTCGCCTGA_031,122
ACCCATTGAGAGTCGCCTGA_032,142
ACCCATTGAGAGTCGCCTGA_033,85
ACCCATTGAGAGTCGCCTGA_034,199
ACCCATTGAGAGTCGCCTGA_035,105
ACCCATTGAGAGTCGCCTGA_036,50
ACCCATTGAGAGTCGCCTGA_037,19
ACCCATTGAGAGTCGCCTGA_038,20
ACCCATTGAGAGTCGCCTGA_039,83
GCTGTCTTGCTGCCTCACGG_001,113
GCTGTCTTGCTGCCTCACGG_002,147
GCTGTCTTGCTGCCTCACGG_003,33
GCTGTCTTGCTGCCTCACGG_004,87
GCTGTCTTGCTGCCTCACGG_005,189
GCTGTCTTGCTGCCTCACGG_006,23
GCTGTCTTGCTGCCTCACGG_007,16
GCTGTCTTGCTGCCTCACGG_008,20
GCTGTCTTGCTGCCTCACGG_009,157
GCTGTCTTGCTGCCTCACGG_010,9
GCTGTCTTGCTGCCTCACGG_011,168
GCTGTCTTGCTGCCTCACGG_012,148
GCTGTCTTGCTGCCTCACGG_013,148
GCTGTCTTGCTGCCTCACGG_014,174
GCTGTCTTGCTGCCTCACGG_015,120
GCTGTCTTGCTGCCTCACGG_016,3
GCTGTCTTGCTGCCTCACGG_017,66
GCTGTCTTGCTGCCTCACGG_018,37
TGAGATCCTCTACCTCACTG_001,183
TGAGATCCTCTACCTCACTG_002,105
TGAGATCCTCTACCTCACTG_003,144
TGAGATCCTCTACCTCACTG_004,1
TGAGATCCTCTACCTCACTG_005,11
TGAGATCCTCTACCTCACTG_006,171
TGAGATCCTCTACCTCACTG_007,87
TGAGATCCTCTACCTCACTG_008,198
TGAGATCCTCTACCTCACTG_009,50
TGAGATCCTCTACCTCACTG_010,173
TGAGATCCTCTACCTCACTG_011,148
TGAGATCCTCTACCTCACTG_012,75
TGAGATCCTCTACCTCACTG_013,1
TGAGATCCTCTACCTCACTG_014,89
TGAGATCCTCTACCTCACTG_015,163
TGAGATCCTCTACCTCACTG_016,105
TGCTCCGCTCCGGAAGCCAT_001,105
TGCTCCGCTCCGGAAGCCAT_002,22
TGCTCCGCTCCGGAAGCCAT_003,88
TGCTCCGCTCCGGAAGCCAT_004,8
TGCTCCGCTCCGGAAGCCAT_005,60
TGCTCCGCTCCGGAAGCCAT_006,178
TGCTCCGCTCCGGAAGCCAT_007,140
TGCTCCGCTCCGGAAGCCAT_008,78
TGCTCCGCTCCGGAAGCCAT_009,169
TGCTCCGCTCCGGAAGCCAT_010,126
TGCTCCGCTCCGGAAGCCAT_011,63
TGCTCCGCTCCGGAAGCCAT_012,149
TGCTCCGCTCCGGAAGCCAT_013,56
TGCTCCGCTCCGGAAGCCAT_014,63
TGCTCCGCTCCGGAAGCCAT_015,166
AAGTCACGCTGAATACAGTG_001,150
AAGTCACGCTGAATACAGTG_002,41
AAGTCACGCTGAATACAGTG_003,27
AAGTCACGCTGAATACAGTG_004,191
AAGTCACGCTGAATACAGTG_005,138
ATAGACCCATTAGCAGCCAA_001,150
ATAGACCCATTAGCAGCCAA_002,84
ATAGACCCATTAGCAGCCAA_003,43
ATAGACCCATTAGCAGCCAA_004,108
ATAGACCCATTAGCAGCCAA_005,132
ATAGACCCATTAGCAGCCAA_006,6
ATAGACCCATTAGCAGCCAA_007,26
ATAGACCCATTAGCAGCCAA_008,177
ATAGACCCATTAGCAGCCAA_009,2
ATAGACCCATTAGCAGCCAA_010,138
ATAGACCCATTAGCAGCCAA_011,81
ATAGACCCATTAGCAGCCAA_012,197
ATAGACCCATTAGCAGCCAA_013,169
ATAGACCCATTAGCAGCCAA_014,19
ATGCCAGCTTTGCAAACGGG_001,150
ATGCCAGCTTTGCAAACGGG_002,104
ATGCCAGCTTTGCAAACGGG_003,88
ATGCCAGCTTTGCAAACGGG_004,35
ATGCCAGCTTTGCAAACGGG_005,37
ATGCCAGCTTTGCAAACGGG_006,4
ATGCCAGCTTTGCAAACGGG_007,41
ATGCCAGCTTTGCAAACGGG_008,106
ATGCCAGCTTTGCAAACGGG_009,165
ATGCCAGCTTTGCAAACGGG_010,83
ATGCCAGCTTTGCAAACGGG_011,8
ATGCCAGCTTTGCAAACGGG_012,168
ATGCCAGCTTTGCAAACGGG_013,177
ATGCCAGCTTTGCAAACGGG_014,70
ATGCCAGCTTTGCAAACGGG_015,12
ATGCCAGCTTTGCAAACGGG_016,198
ATGCCAGCTTTGCAAACGGG_017,118
ATGCCAGCTTTGCAAACGGG_018,50
ATGCCAGCTTTGCAAACGGG_019,190
ATGCCAGCTTTGCAAACGGG_020,32
ATGCCAGCTTTGCAAACGGG_021,40
ATGCCAGCTTTGCAAACGGG_022,57
ATGCCAGCTTTGCAAACGGG_023,20
ATGCCAGCTTTGCAAACGGG_024,144
ATGCCAGCTTTGCAAACGGG_025,178
ATGCCAGCTTTGCAAACGGG_026,43
ATGCCAGCTTTGCAAACGGG_027,10
ATGCCAGCTTTGCAAACGGG_028,149
ATGCCAGCTTTGCAAACGGG_029,0
ATGCCAGCTTTGCAAACGGG_030,51
ATGCCAGCTTTGCAAACGGG_031,184
ATGCCAGCTTTGCAAACGGG_032,103
GGATTCAGTGACAATTAGCG_001,112
GGATTCAGTGACAATTAGCG_002,155
GGATTCAGTGACAATTAGCG_003,38
GGATTCAGTGACAATTAGCG_004,128
GGATTCAGTGACAATTAGCG_005,66
GGATTCAGTGACAATTAGCG_006,144
CAGATATTGCTAACCCCGGG_001,128
CAGATATTGCTAACCCCGGG_002,46
CAGATATTGCTAACCCCGGG_003,171
CAGATATTGCTAACCCCGGG_004,158
CAGATATTGCTAACCCCGGG_005,19
CAGATATTGCTAACCCCGGG_006,68
CAGATATTGCTAACCCCGGG_007,80
CAGATATTGCTAACCCCGGG_008,124
CAGATATTGCTAACCCCGGG_009,84
GCGCAACACCAGGTGCAGGG_001,88
GCGCAACACCAGGTGCAGGG_002,11
GCGCAACACCAGGTGCAGGG_003,9
GCGCAACACCAGGTGCAGGG_004,68
GCGCAACACCAGGTGCAGGG_005,49
GCGCAACACCAGGTGCAGGG_006,178
TGTTTATAAGCAGTATGACA_001,94
TGTTTATAAGCAGTATGACA_002,96
TGTTTATAAGCAGTATGACA_003,47
AACACTGCTGCGATTTGTTG_001,29
AACACTGCTGCGATTTGTTG_002,107
AACACTGCTGCGATTTGTTG_003,13
AACACTGCTGCGATTTGTTG_004,67
AACTGGTCACACAGTAGTGT_001,50
AACTGGTCACACAGTAGTGT_002,38
AACTGGTCACACAGTAGTGT_003,115
AACTGGTCACACAGTAGTGT_004,7
AACTGGTCACACAGTAGTGT_005,181
AACTGGTCACACAGTAGTGT_006,125
AACTGGTCACACAGTAGTGT_007,80
AACTGGTCACACAGTAGTGT_008,80
AACTGGTCACACAGTAGTGT_009,193
AACTGGTCACACAGTAGTGT_010,160
AACTGGTCACACAGTAGTGT_011,25
AATTTGGCTCCAACTCGCCT_001,27
AATTTGGCTCCAACTCGCCT_002,63
AATTTGGCTCCAACTCGCCT_003,78
AATTTGGCTCCAACTCGCCT_004,77
CCAGATTATAATCCCTACCA_001,145
CCAGATTATAATCCCTACCA_002,9
CCAGATTATAATCCCTACCA_003,94
GAGGGTCAAGACTATCTGAA_001,149
GAGGGTCAAGACTATCTGAA_002,169
GAGGGTCAAGACTATCTGAA_003,81
GAGGGTCAAGACTATCTGAA_004,175
GAGGGTCAAGACTATCTGAA_005,12
GAGGGTCAAGACTATCTGAA_006,174
GAGGGTCAAGACTATCTGAA_007,94
GAGGGTCAAGACTATCTGAA_008,60
GAGGGTCAAGACTATCTGAA_009,58
GGAGGCCCGTCCACTATCGG_001,72
GGAGGCCCGTCCACTATCGG_002,159
GGAGGCCCGTCCACTATCGG_003,95
GGAGGCCCGTCCACTATCGG_004,154
GGAGGCCCGTCCACTATCGG_005,105
GGAGGCCCGTCCACTATCGG_006,149
GGAGGCCCGTCCACTATCGG_007,162
GGAGGCCCGTCCACTATCGG_008,123
AAACTATTTGAGAATGACAC_001,181
AAACTATTTGAGAATGACAC_002,175
AAACTATTTGAGAATGACAC_003,105
AAACTATTTGAGAATGACAC_004,149
AAACTATTTGAGAATGACAC_005,60
AAACTATTTGAGAATGACAC_006,130
AAACTATTTGAGAATGACAC_007,133
AAACTATTTGAGAATGACAC_008,168
AAACTATTTGAGAATGACAC_009,157
AAACTATTTGAGAATGACAC_010,154
AAACTATTTGAGAATGACAC_011,170
AAACTATTTGAGAATGACAC_012,16
AAACTATTTGAGAATGACAC_013,76
AAACTATTTGAGAATGACAC_014,77
AAACTATTTGAGAATGACAC_015,63
GGAGTCTTGATCGGTAATTG_001,50
GGAGTCTTGATCGGTAATTG_002,188
GGAGTCTTGATCGGTAATTG_003,28
GCCCTCCAGTCACGGCACTG_001,12
GCCCTCCAGTCACGGCACTG_002,157
GCCCTCCAGTCACGGCACTG_003,40
GCCCTCCAGTCACGGCACTG_004,102
GCCCTCCAGTCACGGCACTG_005,156
GCCCTCCAGTCACGGCACTG_006,77
GCCCTCCAGTCACGGCACTG_007,172
GCCCTCCAGTCACGGCACTG_008,189
GCCCTCCAGTCACGGCACTG_009,133
GCCCTCCAGTCACGGCACTG_010,66
GCCCTCCAGTCACGGCACTG_011,65
GCCCTCCAGTCACGGCACTG_012,92
GCCCTCCAGTCACGGCACTG_013,150
GCCCTCCAGTCACGGCACTG_014,82
GCCCTCCAGTCACGGCACTG_015,170
GCCCTCCAGTCACGGCACTG_016,10
GCCCTCCAGTCACGGCACTG_017,174
GCCCTCCAGTCACGGCACTG_018,17
GCCCTCCAGTCACGGCACTG_019,159
GCCCTCCAGTCACGGCACTG_020,166
GCCCTCCAGTCACGGCACTG_021,107
GCCCTCCAGTCACGGCACTG_022,36
ACACTACCAGCTGCAACTCG_001,40
ACACTACCAGCTGCAACTCG_002,55
ACACTACCAGCTGCAACTCG_003,154
ACACTACCAGCTGCAACTCG_004,99
ACACTACCAGCTGCAACTCG_005,29
ACACTACCAGCTGCAACTCG_006,151
ACACTACCAGCTGCAACTCG_007,56
ACACTACCAGCTGCAACTCG_008,0
ACACTACCAGCTGCAACTCG_009,65
ACACTACCAGCTGCAACTCG_010,177
ACACTACCAGCTGCAACTCG_011,29
ACACTACCAGCTGCAACTCG_012,86
ACACTACCAGCTGCAACTCG_013,33
ACACTACCAGCTGCAACTCG_014,167
CTGGCTTATTAGCTATAAAG_001,194
CTGGCTTATTAGCTATAAAG_002,178
CTGGCTTATTAGCTATAAAG_003,178
CTGGCTTATTAGCTATAAAG_004,116
CTGGCTTATTAGCTATAAAG_005,145
CTGGCTTATTAGCTATAAAG_006,80
CTGGCTTATTAGCTATAAAG_007,100
CTGGCTTATTAGCTATAAAG_008,41
CAGCAACATATGCTCGATCG_001,67
CAGCAACATATGCTCGATCG_002,142
CGGCTGCTGGAAACGCAAGA_001,120
CGGCTGCTGGAAACGCAAGA_002,92
CGGCTGCTGGAAACGCAAGA_003,94
CGGCTGCTGGAAACGCAAGA_004,23
GGACGAGGGCAGTGCCTCGG_001,182
GGACGAGGGCAGTGCCTCGG_002,147
GGACGAGGGCAGTGCCTCGG_003,147
GGACGAGGGCAGTGCCTCGG_004,182
GGACGAGGGCAGTGCCTCGG_005,17
GGACGAGGGCAGTGCCTCGG_006,38
GGACGAGGGCAGTGCCTCGG_007,144
GGACGAGGGCAGTGCCTCGG_008,196
GGACGAGGGCAGTGCCTCGG_009,76
GGACGAGGGCAGTGCCTCGG_010,154
GGACGAGGGCAGTGCCTCGG_011,125
GGACGAGGGCAGTGCCTCGG_012,72
GGACGAGGGCAGTGCCTCGG_013,105
GGACGAGGGCAGTGCCTCGG_014,192
GGACGAGGGCAGTGCCTCGG_015,33
GGACGAGGGCAGTGCCTCGG_016,134
GGACGAGGGCAGTGCCTCGG_017,134
GGACGAGGGCAGTGCCTCGG_018,156
GGACGAGGGCAGTGCCTCGG_019,184
GGACGAGGGCAGTGCCTCGG_020,140
GGACGAGGGCAGTGCCTCGG_021,191
GGACGAGGGCAGTGCCTCGG_022,188
GGACGAGGGCAGTGCCTCGG_023,40
GGACGAGGGCAGTGCCTCGG_024,15
GGACGAGGGCAGTGCCTCGG_025,54
GGACGAGGGCAGTGCCTCGG_026,11
GGACGAGGGCAGTGCCTCGG_027,199
GGACGAGGGCAGTGCCTCGG_028,175
GGACGAGGGCAGTGCCTCGG_029,78
GGACGAGGGCAGTGCCTCGG_030,49
GGACGAGGGCAGTGCCTCGG_031,115
GGACGAGGGCAGTGCCTCGG_032,35
GGACGAGGGCAGTGCCTCGG_033,48
GGACGAGGGCAGTGCCTCGG_034,81
GGACGAGGGCAGTGCCTCGG_035,160
GGACGAGGGCAGTGCCTCGG_036,48
GGACGAGGGCAGTGCCTCGG_037,130
GGACGAGGGCAGTGCCTCGG_038,162
GGACGAGGGCAGTGCCTCGG_039,118
GGACGAGGGCAGTGCCTCGG_040,185
GGACGAGGGCAGTGCCTCGG_041,81
GGACGAGGGCAGTGCCTCGG_042,103
GGACGAGGGCAGTGCCTCGG_043,91
TAGGAGGCCCATAGTCGTCG_001,94
TAGGAGGCCCATAGTCGTCG_002,169
TAGGAGGCCCATAGTCGTCG_003,195
TAGGAGGCCCATAGTCGTCG_004,117
TAGGAGGCCCATAGTCGTCG_005,8
TAGGAGGCCCATAGTCGTCG_006,115
TAGGAGGCCCATAGTCGTCG_007,90
TAGGAGGCCCATAGTCGTCG_008,152
CTCCATCTACAACCGCTCAG_001,24
CTCCATCTACAACCGCTCAG_002,107
CTCCATCTACAACCGCTCAG_003,164
CTCCATCTACAACCGCTCAG_004,185
CTCCATCTACAACCGCTCAG_005,85
CTCCATCTACAACCGCTCAG_006,82
CTCCATCTACAACCGCTCAG_007,144
CTCCATCTACAACCGCTCAG_008,177
CTCCATCTACAACCGCTCAG_009,149
CTCCATCTACAACCGCTCAG_010,94
CTCCATCTACAACCGCTCAG_011,52
TGAACACTTAAATCTAACAG_001,89
TGAACACTTAAATCTAACAG_002,48
TGAACACTTAAATCTAACAG_003,54
TGAACACTTAAATCTAACAG_004,25
TGAACACTTAAATCTAACAG_005,162
TGAACACTTAAATCTAACAG_006,175
GTTCTGTTCGAAGTCACGAG_001,1
GTTCTGTTCGAAGTCACGAG_002,169
GTTCTGTTCGAAGTCACGAG_003,60
GTTCTGTTCGAAGTCACGAG_004,139
GTTCTGTTCGAAGTCACGAG_005,197
GTTCTGTTCGAAGTCACGAG_006,141
GTTCTGTTCGAAGTCACGAG_007,69
GTTCTGTTCGAAGTCACGAG_008,87
GTTCTGTTCGAAGTCACGAG_009,87
GTTCTGTTCGAAGTCACGAG_010,150
GTTCTGTTCGAAGTCACGAG_011,42
GTTCTGTTCGAAGTCACGAG_012,157
GTTCTGTTCGAAGTCACGAG_013,57
GTTCTGTTCGAAGTCACGAG_014,128
GTTCTGTTCGAAGTCACGAG_015,169
GTTCTGTTCGAAGTCACGAG_016,141
GTTCTGTTCGAAGTCACGAG_017,199
GTTCTGTTCGAAGTCACGAG_018,174
GTTCTGTTCGAAGTCACGAG_019,74
GTTCTGTTCGAAGTCACGAG_020,184
GTTCTGTTCGAAGTCACGAG_021,108
GTTCTGTTCGAAGTCACGAG_022,108
GTTCTGTTCGAAGTCACGAG_023,188
GTTCTGTTCGAAGTCACGAG_024,175
GTTCTGTTCGAAGTCACGAG_025,9
GTTCTGTTCGAAGTCACGAG_026,137
GTTCTGTTCGAAGTCACGAG_027,148
GTTCTGTTCGAAGTCACGAG_028,94
GTTCTGTTCGAAGTCACGAG_029,1
GTTCTGTTCGAAGTCACGAG_030,130
GTTCTGTTCGAAGTCACGAG_031,113
GTTCTGTTCGAAGTCACGAG_032,105
GTTCTGTTCGAAGTCACGAG_033,172
GTTCTGTTCGAAGTCACGAG_034,131
GTTCTGTTCGAAGTCACGAG_035,115
GTTCTGTTCGAAGTCACGAG_036,106
GTTCTGTTCGAAGTCACGAG_037,64
GTTCTGTTCGAAGTCACGAG_038,134
GTTCTGTTCGAAGTCACGAG_039,16
GTTCTGTTCGAAGTCACGAG_040,148
GTTCTGTTCGAAGTCACGAG_041,166
GTTCTGTTCGAAGTCACGAG_042,55
GTTCTGTTCGAAGTCACGAG_043,45
GTTCTGTTCGAAGTCACGAG_044,130
GTTCTGTTCGAAGTCACGAG_045,27
GTTCTGTTCGAAGTCACGAG_046,161
GTTCTGTTCGAAGTCACGAG_047,162
AATACCTGTGATCAAGAACT_001,198
AATACCTGTGATCAAGAACT_002,122
AATACCTGTGATCAAGAACT_003,58
CGGGCCAGATGACTACGACG_001,178
CGGGCCAGATGACTACGACG_002,149
CGGGCCAGATGACTACGACG_003,147
CGGGCCAGATGACTACGACG_004,49
CGGGCCAGATGACTACGACG_005,114
CGGGCCAGATGACTACGACG_006,56
CGGGCCAGATGACTACGACG_007,49
CGGGCCAGATGACTACGACG_008,105
CGGGCCAGATGACTACGACG_009,15
CGGGCCAGATGACTACGACG_010,36
AATGCAATAGAAGCCCCCGG_001,72
AATGCAATAGAAGCCCCCGG_002,185
AATGCAATAGAAGCCCCCGG_003,119
AATGCAATAGAAGCCCCCGG_004,65
AATGCAATAGAAGCCCCCGG_005,154
AATGCAATAGAAGCCCCCGG_006,31
AATGCAATAGAAGCCCCCGG_007,8
AATGCAATAGAAGCCCCCGG_008,98
AATGCAATAGAAGCCCCCGG_009,145
AATGCAATAGAAGCCCCCGG_010,129
AATGCAATAGAAGCCCCCGG_011,91
AATGCAATAGAAGCCCCCGG_012,79
AATGCAATAGAAGCCCCCGG_013,116
AATGCAATAGAAGCCCCCGG_014,88
AATGCAATAGAAGCCCCCGG_015,13
AATGCAATAGAAGCCCCCGG_016,115
AATGCAATAGAAGCCCCCGG_017,170
CCAAGACGTGCTCCACCCCA_001,20
CCAAGACGTGCTCCACCCCA_002,114
CCAAGACGTGCTCCACCCCA_003,38
TGGCCTTGGATGCCAATGCG_001,42
TGGCCTTGGATGCCAATGCG_002,3
TGGCCTTGGATGCCAATGCG_003,77
TGGCCTTGGATGCCAATGCG_004,78
TGGCCTTGGATGCCAATGCG_005,117
TGGCCTTGGATGCCAATGCG_006,107
TGGCCTTGGATGCCAATGCG_007,77
TGGCCTTGGATGCCAATGCG_008,106
TGGCCTTGGATGCCAATGCG_009,8
TGGCCTTGGATGCCAATGCG_010,115
TGGCCTTGGATGCCAATGCG_011,60
TGGCCTTGGATGCCAATGCG_012,122
TGGCCTTGGATGCCAATGCG_013,149
TGGCCTTGGATGCCAATGCG_014,149
TGGCCTTGGATGCCAATGCG_015,88
TGGCCTTGGATGCCAATGCG_016,123
TGGCCTTGGATGCCAATGCG_017,182
TGGCCTTGGATGCCAATGCG_018,73
TGGCCTTGGATGCCAATGCG_019,170
TGGCCTTGGATGCCAATGCG_020,15
TGGCCTTGGATGCCAATGCG_021,18
TGGCCTTGGATGCCAATGCG_022,32
TGGCCTTGGATGCCAATGCG_023,49
TGGCCTTGGATGCCAATGCG_024,154
TGGCCTTGGATGCCAATGCG_025,146
TGGCCTTGGATGCCAATGCG_026,60
TGGCCTTGGATGCCAATGCG_027,16
TGGCCTTGGATGCCAATGCG_028,189
TGGCCTTGGATGCCAATGCG_029,77
TGGCCTTGGATGCCAATGCG_030,12
TGGCCTTGGATGCCAATGCG_031,140
TGGCCTTGGATGCCAATGCG_032,140
TGGCCTTGGATGCCAATGCG_033,197
TGGCCTTGGATGCCAATGCG_034,197
TGGCCTTGGATGCCAATGCG_035,137
TGGCCTTGGATGCCAATGCG_036,9
TGGCCTTGGATGCCAATGCG_037,22
TGGCCTTGGATGCCAATGCG_038,106
TGGCCTTGGATGCCAATGCG_039,49
TGGCCTTGGATGCCAATGCG_040,28
TGGCCTTGGATGCCAATGCG_041,169
TGGCCTTGGATGCCAATGCG_042,76
TGGCCTTGGATGCCAATGCG_043,39
TGGCCTTGGATGCCAATGCG_044,191
TGGCCTTGGATGCCAATGCG_045,77
TGGCCTTGGATGCCAATGCG_046,17
TGGCCTTGGATGCCAATGCG_047,199
TTGTAAACATCACTTCTCTG_001,116
TTGTAAACATCACTTCTCTG_002,70
TTGTAAACATCACTTCTCTG_003,53
TTGTAAACATCACTTCTCTG_004,86
TTGTAAACATCACTTCTCTG_005,165
TTGTAAACATCACTTCTCTG_006,121
TTGTAAACATCACTTCTCTG_007,32
TTGTAAACATCACTTCTCTG_008,175
TTGTAAACATCACTTCTCTG_009,167
TTGTAAACATCACTTCTCTG_010,147
TTGTAAACATCACTTCTCTG_011,133
TTGTAAACATCACTTCTCTG_012,149
TTGTAAACATCACTTCTCTG_013,150
TTGTAAACATCACTTCTCTG_014,124
TTGTAAACATCACTTCTCTG_015,125
TTGTAAACATCACTTCTCTG_016,168
CTCACCTTGTAATCCTATGG_001,115
CTCACCTTGTAATCCTATGG_002,106
CTCACCTTGTAATCCTATGG_003,5
ATAAAGTGCTGGCGCAATCG_001,147
ATAAAGTGCTGGCGCAATCG_002,70
ATAAAGTGCTGGCGCAATCG_003,48
ATAAAGTGCTGGCGCAATCG_004,67
ATAAAGTGCTGGCGCAATCG_005,30
ATAAAGTGCTGGCGCAATCG_006,127
AAGTATGGCCAGGGGGTAGT_001,172
AAGTATGGCCAGGGGGTAGT_002,98
AAGTATGGCCAGGGGGTAGT_003,189
AAGTATGGCCAGGGGGTAGT_004,8
AAGTATGGCCAGGGGGTAGT_005,83
AAGTATGGCCAGGGGGTAGT_006,34
AAGTATGGCCAGGGGGTAGT_007,150
AAGTATGGCCAGGGGGTAGT_008,38
AAGTATGGCCAGGGGGTAGT_009,151
AAGTATGGCCAGGGGGTAGT_010,23
AAGTATGGCCAGGGGGTAGT_011,58
AAGTATGGCCAGGGGGTAGT_012,128
AAGTATGGCCAGGGGGTAGT_013,26
CTGGGGTACAAATCTCACAG_001,169
CTGGGGTACAAATCTCACAG_002,105
GCGGCGTCATCCACGCGTGC_001,43
GCGGCGTCATCCACGCGTGC_002,196
GCGGCGTCATCCACGCGTGC_003,2
GCGGCGTCATCCACGCGTGC_004,162
TCTGAGCCAGATAAATACAA_001,170
TCTGAGCCAGATAAATACAA_002,169
TCTGAGCCAGATAAATACAA_003,76
TCTGAGCCAGATAAATACAA_004,61
GAGGACCGAGAACACGACTG_001,142
GAGGACCGAGAACACGACTG_002,166
GAGGACCGAGAACACGACTG_003,178
GAGGACCGAGAACACGACTG_004,48
GAGGACCGAGAACACGACTG_005,48
GAGGACCGAGAACACGACTG_006,142
GAGGACCGAGAACACGACTG_007,150
GAGGACCGAGAACACGACTG_008,57
GAGGACCGAGAACACGACTG_009,104
GAGGACCGAGAACACGACTG_010,185
GAGGACCGAGAACACGACTG_011,174
GAGGACCGAGAACACGACTG_012,104
GAGGACCGAGAACACGACTG_013,154
GAGGACCGAGAACACGACTG_014,194
GAGGACCGAGAACACGACTG_015,19
GAGGACCGAGAACACGACTG_016,137
GAGGACCGAGAACACGACTG_017,121
GAGGACCGAGAACACGACTG_018,189
GAGGACCGAGAACACGACTG_019,113
GAGGACCGAGAACACGACTG_020,10
GAGGACCGAGAACACGACTG_021,188
GAGGACCGAGAACACGACTG_022,173
GAGGACCGAGAACACGACTG_023,173
GAGGACCGAGAACACGACTG_024,94
GAGGACCGAGAACACGACTG_025,13
GAGGACCGAGAACACGACTG_026,91
GAGGACCGAGAACACGACTG_027,0
GAGGACCGAGAACACGACTG_028,150
GAGGACCGAGAACACGACTG_029,17
GAGGACCGAGAACACGACTG_030,48
GAGGACCGAGAACACGACTG_031,27
AGCCCGAGTACGCGCGCGTG_001,43
AGCCCGAGTACGCGCGCGTG_002,70
AGCCCGAGTACGCGCGCGTG_003,63
AGCCCGAGTACGCGCGCGTG_004,1
AGCCCGAGTACGCGCGCGTG_005,170
AGCCCGAGTACGCGCGCGTG_006,154
AGCCCGAGTACGCGCGCGTG_007,3
AGCCCGAGTACGCGCGCGTG_008,106
AGCCCGAGTACGCGCGCGTG_009,150
AAATATAAAAGTACACTGAG_001,17
AAATATAAAAGTACACTGAG_002,76
AAATATAAAAGTACACTGAG_003,60
AAATATAAAAGTACACTGAG_004,47
AAATATAAAAGTACACTGAG_005,36
AAATATAAAAGTACACTGAG_006,158
AAATATAAAAGTACACTGAG_007,80
AAATATAAAAGTACACTGAG_008,183
AAATATAAAAGTACACTGAG_009,94
AAATATAAAAGTACACTGAG_010,2
AAATATAAAAGTACACTGAG_011,69
AGGGGAACACGCTGCCCCCG_001,70
AGGGGAACACGCTGCCCCCG_002,42
AGGGGAACACGCTGCCCCCG_003,98
AGGGGAACACGCTGCCCCCG_004,170
AGGGGAACACGCTGCCCCCG_005,37
AGGGGAACACGCTGCCCCCG_006,29
AGGGGAACACGCTGCCCCCG_007,98
AGGGGAACACGCTGCCCCCG_008,14
AGGGGAACACGCTGCCCCCG_009,160
AGGGGAACACGCTGCCCCCG_010,133
AGGGGAACACGCTGCCCCCG_011,182
AGGGGAACACGCTGCCCCCG_012,86
GGGGCCCGAGAGGTTCGTGG_001,199
GGGGCCCGAGAGGTTCGTGG_002,144
GGGGCCCGAGAGGTTCGTGG_003,49
GGGGCCCGAGAGGTTCGTGG_004,138
GGGGCCCGAGAGGTTCGTGG_005,138
GGGGCCCGAGAGGTTCGTGG_006,147
GGGGCCCGAGAGGTTCGTGG_007,95
GGGGCCCGAGAGGTTCGTGG_008,92
GGGGCCCGAGAGGTTCGTGG_009,23
GGGGCCCGAGAGGTTCGTGG_010,146
GGGGCCCGAGAGGTTCGTGG_011,199
GGGGCCCGAGAGGTTCGTGG_012,171
GGGGCCCGAGAGGTTCGTGG_013,166
GGGGCCCGAGAGGTTCGTGG_014,108
GGGGCCCGAGAGGTTCGTGG_015,13
GAATTCTACAACATTCCTCA_001,160
GAATTCTACAACATTCCTCA_002,78
GAATTCTACAACATTCCTCA_003,77
GGTGCAGAGAAACCGGCATG_001,47
TACTGTGTTTCAGATAACGG_001,169
TACTGTGTTTCAGATAACGG_002,121
TACTGTGTTTCAGATAACGG_003,101
AATGGTTTGATATCCAGTGA_001,42
AATGGTTTGATATCCAGTGA_002,41
AGTGACACAGAAAACAACCT_001,73
AGTGACACAGAAAACAACCT_002,24
AGTGACACAGAAAACAACCT_003,115
AGTGACACAGAAAACAACCT_004,119
AGTGACACAGAAAACAACCT_005,118
AGTGACACAGAAAACAACCT_006,198
CTGGAAGAGATTTGTGCGTG_001,180
CTGGAAGAGATTTGTGCGTG_002,105
CTGGAAGAGATTTGTGCGTG_003,184
CTGGAAGAGATTTGTGCGTG_004,150
CTGGAAGAGATTTGTGCGTG_005,82
CTGGAAGAGATTTGTGCGTG_006,133
CTGGAAGAGATTTGTGCGTG_007,56
CTGGAAGAGATTTGTGCGTG_008,193
CTGGAAGAGATTTGTGCGTG_009,101
CTTCTCCTGAGACTCAGGCG_001,127
CTTCTCCTGAGACTCAGGCG_002,9
CTTCTCCTGAGACTCAGGCG_003,154
CTTCTCCTGAGACTCAGGCG_004,153
CTTCTCCTGAGACTCAGGCG_005,173
TGCCCTTGGAAGGATGACCG_001,188
TGCCCTTGGAAGGATGACCG_002,169
TGCCCTTGGAAGGATGACCG_003,98
TGCCCTTGGAAGGATGACCG_004,104
TGCCCTTGGAAGGATGACCG_005,169
TGCCCTTGGAAGGATGACCG_006,120
TGCCCTTGGAAGGATGACCG_007,16
TGCCCTTGGAAGGATGACCG_008,61
TGCCCTTGGAAGGATGACCG_009,33
TGCCCTTGGAAGGATGACCG_010,47
TGCCCTTGGAAGGATGACCG_011,15
TGCCCTTGGAAGGATGACCG_012,145
TAAGAACGGAGGGCCTATGG_001,115
TGGTGTGGGAACATTCGTGT_001,68
TGGTGTGGGAACATTCGTGT_002,103
TGGTGTGGGAACATTCGTGT_003,61
TGGTGTGGGAACATTCGTGT_004,5
TGGTGTGGGAACATTCGTGT_005,14
TGGTGTGGGAACATTCGTGT_006,125
TGGTGTGGGAACATTCGTGT_007,66
TGGTGTGGGAACATTCGTGT_008,136
GCAGGCAACATCAAGACCCT_001,191
GCAGGCAACATCAAGACCCT_002,153
GCAGGCAACATCAAGACCCT_003,51
GCAGGCAACATCAAGACCCT_004,31
GCAGGCAACATCAAGACCCT_005,168
GCAGGCAACATCAAGACCCT_006,68
ACCTCCGATACCTAGCCATG_001,75
ACCTCCGATACCTAGCCATG_002,41
ACCTCCGATACCTAGCCATG_003,108
CGGGTTCAAGTGGAGCACGA_001,139
CGGGTTCAAGTGGAGCACGA_002,125
CGGGTTCAAGTGGAGCACGA_003,158
CGGGTTCAAGTGGAGCACGA_004,117
CGGGTTCAAGTGGAGCACGA_005,30
CGGGTTCAAGTGGAGCACGA_006,78
GGCGGGCAAAAGGAAGCGCA_001,61
GGCGGGCAAAAGGAAGCGCA_002,147
GGCGGGCAAAAGGAAGCGCA_003,98
GGCGGGCAAAAGGAAGCGCA_004,53
GGCGGGCAAAAGGAAGCGCA_005,38
GGCGGGCAAAAGGAAGCGCA_006,170
GGCGGGCAAAAGGAAGCGCA_007,150
GGCGGGCAAAAGGAAGCGCA_008,197
GGCGGGCAAAAGGAAGCGCA_009,124
GGCGGGCAAAAGGAAGCGCA_010,9
GGCGGGCAAAAGGAAGCGCA_011,4
GGCGGGCAAAAGGAAGCGCA_012,16
GGCGGGCAAAAGGAAGCGCA_013,174
GGCGGGCAAAAGGAAGCGCA_014,12
GGCGGGCAAAAGGAAGCGCA_015,29
GGCGGGCAAAAGGAAGCGCA_016,61
GGCGGGCAAAAGGAAGCGCA_017,57
GGCGGGCAAAAGGAAGCGCA_018,158
GGCGGGCAAAAGGAAGCGCA_019,197
GGCGGGCAAAAGGAAGCGCA_020,136
GGCGGGCAAAAGGAAGCGCA_021,82
GGCGGGCAAAAGGAAGCGCA_022,128
GGCGGGCAAAAGGAAGCGCA_023,124
GTCGATGCGAAACGTGAGCG_001,174
GGGACGGAGGCGCTCGCTCA_001,167
GGGACGGAGGCGCTCGCTCA_002,113
GGGACGGAGGCGCTCGCTCA_003,41
GGGACGGAGGCGCTCGCTCA_004,161
GGGACGGAGGCGCTCGCTCA_005,6
AACCAATTCCAATAAAGACG_001,59
AACCAATTCCAATAAAGACG_002,147
AACCAATTCCAATAAAGACG_003,72
GTCTGCGATGGTCCGGAGCG_001,115
GTCTGCGATGGTCCGGAGCG_002,170
GTCTGCGATGGTCCGGAGCG_003,130
TGTCAGAGATTATGATCACA_001,194
TGTCAGAGATTATGATCACA_002,48
TGTCAGAGATTATGATCACA_003,78
CTGCATGACCAACACACCTG_001,187
CTGCATGACCAACACACCTG_002,175
CTGCATGACCAACACACCTG_003,15
CTGCATGACCAACACACCTG_004,106
CTGCATGACCAACACACCTG_005,184
CTGCATGACCAACACACCTG_006,88
CTGCATGACCAACACACCTG_007,188
CTGCATGACCAACACACCTG_008,191
CTGCATGACCAACACACCTG_009,194
CTGCATGACCAACACACCTG_010,21
CTGCATGACCAACACACCTG_011,182
CTGCATGACCAACACACCTG_012,197
CTGCATGACCAACACACCTG_013,61
CTGCATGACCAACACACCTG_014,31
CTGCATGACCAACACACCTG_015,56
CTGCATGACCAACACACCTG_016,146
CTGCATGACCAACACACCTG_017,191
CTGCATGACCAACACACCTG_018,74
CTGCATGACCAACACACCTG_019,174
CTGCATGACCAACACACCTG_020,1
CTGCATGACCAACACACCTG_021,197
CTGCATGACCAACACACCTG_022,107
CTGCATGACCAACACACCTG_023,130
CTGCATGACCAACACACCTG_024,144
CTGCATGACCAACACACCTG_025,81
CTGCATGACCAACACACCTG_026,112
CTGCATGACCAACACACCTG_027,195
CTGCATGACCAACACACCTG_028,147
CTGCATGACCAACACACCTG_029,197
CTGCATGACCAACACACCTG_030,127
CTGCATGACCAACACACCTG_031,124
CTGCATGACCAACACACCTG_032,57
CTGCATGACCAACACACCTG_033,12
CTGCATGACCAACACACCTG_034,61
CTGCATGACCAACACACCTG_035,180
CTGCATGACCAACACACCTG_036,138
CTGCATGACCAACACACCTG_037,77
TGAGATGATCACGCTTCCAC_001,113
TGAGATGATCACGCTTCCAC_002,113
TGAGATGATCACGCTTCCAC_003,13
TGAGATGATCACGCTTCCAC_004,86
GATGGGCTTGGAGCATAGCG_001,30
GATGGGCTTGGAGCATAGCG_002,112
GATGGGCTTGGAGCATAGCG_003,68
GATGGGCTTGGAGCATAGCG_004,44
GATGGGCTTGGAGCATAGCG_005,121
GATGGGCTTGGAGCATAGCG_006,0
GATGGGCTTGGAGCATAGCG_007,42
GATGGGCTTGGAGCATAGCG_008,42
GATGGGCTTGGAGCATAGCG_009,122
GATGGGCTTGGAGCATAGCG_010,177
GATGGGCTTGGAGCATAGCG_011,62
GATGGGCTTGGAGCATAGCG_012,127
GATGGGCTTGGAGCATAGCG_013,57
GATGGGCTTGGAGCATAGCG_014,62
GATGGGCTTGGAGCATAGCG_015,145
GATGGGCTTGGAGCATAGCG_016,12
GATGGGCTTGGAGCATAGCG_017,115
GATGGGCTTGGAGCATAGCG_018,164
GATGGGCTTGGAGCATAGCG_019,94
GATGGGCTTGGAGCATAGCG_020,25
GATGGGCTTGGAGCATAGCG_021,78
CGAGATTGAGGATGTGAGCA_001,184
CGAGATTGAGGATGTGAGCA_002,88
CGAGATTGAGGATGTGAGCA_003,94
CGAGATTGAGGATGTGAGCA_004,147
CGAGATTGAGGATGTGAGCA_005,52
CGAGATTGAGGATGTGAGCA_006,81
CGAGATTGAGGATGTGAGCA_007,147
CGAGATTGAGGATGTGAGCA_008,176
CGAGATTGAGGATGTGAGCA_009,17
CGAGATTGAGGATGTGAGCA_010,114
CGAGATTGAGGATGTGAGCA_011,102
CGAGATTGAGGATGTGAGCA_012,168
CGAGATTGAGGATGTGAGCA_013,8
CGAGATTGAGGATGTGAGCA_014,70
CGAGATTGAGGATGTGAGCA_015,15
CGAGATTGAGGATGTGAGCA_016,123
TGTCTCGACGCATCACACGC_001,84
TGTCTCGACGCATCACACGC_002,105
TGTCTCGACGCATCACACGC_003,76
TGTCTCGACGCATCACACGC_004,140
TGTCTCGACGCATCACACGC_005,23
TGTCTCGACGCATCACACGC_006,120
TGTCTCGACGCATCACACGC_007,72
TGTCTCGACGCATCACACGC_008,64
CGTCCCCAAAGACTTACCGG_001,86
CGTCCCCAAAGACTTACCGG_002,7
CGTCCCCAAAGACTTACCGG_003,106
CGTCCCCAAAGACTTACCGG_004,1
ACATGGGGGAGTGTAAGTGA_001,78
ACATGGGGGAGTGTAAGTGA_002,96
ACATGGGGGAGTGTAAGTGA_003,15
ACATGGGGGAGTGTAAGTGA_004,104
ACATGGGGGAGTGTAAGTGA_005,144
ACATGGGGGAGTGTAAGTGA_006,2
ACATGGGGGAGTGTAAGTGA_007,113
ACATGGGGGAGTGTAAGTGA_008,144
ACATGGGGGAGTGTAAGTGA_009,57
ACATGGGGGAGTGTAAGTGA_010,156
ACATGGGGGAGTGTAAGTGA_011,128
CTGGGAAGCTGATCGACCTG_001,69
CTGGGAAGCTGATCGACCTG_002,39
CTGGGAAGCTGATCGACCTG_003,8
CTGGGAAGCTGATCGACCTG_004,171
CTGGGAAGCTGATCGACCTG_005,120
CTGGGAAGCTGATCGACCTG_006,38
CTGGGAAGCTGATCGACCTG_007,184
CTGGGAAGCTGATCGACCTG_008,15
CTGGGAAGCTGATCGACCTG_009,103
CTGGGAAGCTGATCGACCTG_010,8
CTGGGAAGCTGATCGACCTG_011,191
CTGGGAAGCTGATCGACCTG_012,164
CTGGGAAGCTGATCGACCTG_013,164
CTGGGAAGCTGATCGACCTG_014,157
CTGGGAAGCTGATCGACCTG_015,15
CTGGGAAGCTGATCGACCTG_016,130
CTGGGAAGCTGATCGACCTG_017,129
CTGGGAAGCTGATCGACCTG_018,65
CTGGGAAGCTGATCGACCTG_019,97
CTGGGAAGCTGATCGACCTG_020,160
CTGGGAAGCTGATCGACCTG_021,110
CTGGGAAGCTGATCGACCTG_022,150
GGTGCCCGCTATGGCTATGG_001,92
GGTGCCCGCTATGGCTATGG_002,173
TGTCAAAGGCGACGCCGCGG_001,147
TGTCAAAGGCGACGCCGCGG_002,69
TGTCAAAGGCGACGCCGCGG_003,42
TGTCAAAGGCGACGCCGCGG_004,48
TGTCAAAGGCGACGCCGCGG_005,137
TGTCAAAGGCGACGCCGCGG_006,82
TGTCAAAGGCGACGCCGCGG_007,148
TGTCAAAGGCGACGCCGCGG_008,147
TGTCAAAGGCGACGCCGCGG_009,144
TGTCAAAGGCGACGCCGCGG_010,39
TGTCAAAGGCGACGCCGCGG_011,153
TGTCAAAGGCGACGCCGCGG_012,141
TGTCAAAGGCGACGCCGCGG_013,144
TGTCAAAGGCGACGCCGCGG_014,137
TGTCAAAGGCGACGCCGCGG_015,84
GAAGAGATGGTATCGTGAAT_001,51
GAAGAGATGGTATCGTGAAT_002,192
GAAGAGATGGTATCGTGAAT_003,139
GAAGAGATGGTATCGTGAAT_004,145
GAAGAGATGGTATCGTGAAT_005,115
GAAGAGATGGTATCGTGAAT_006,17
GAAGAGATGGTATCGTGAAT_007,170
GAAGAGATGGTATCGTGAAT_008,176
GAAGAGATGGTATCGTGAAT_009,168
GAAGAGATGGTATCGTGAAT_010,176
TTAGTCAGTGCAAAACAGCT_001,160
TTAGTCAGTGCAAAACAGCT_002,196
TTAGTCAGTGCAAAACAGCT_003,148
TTAGTCAGTGCAAAACAGCT_004,156
TTAGTCAGTGCAAAACAGCT_005,168
TTAGTCAGTGCAAAACAGCT_006,137
TTAGTCAGTGCAAAACAGCT_007,98
TTAGTCAGTGCAAAACAGCT_008,50
GATGCCCAGGCTGACAACAA_001,55
GATGCCCAGGCTGACAACAA_002,48
GATGCCCAGGCTGACAACAA_003,192
GATGCCCAGGCTGACAACAA_004,107
GATGCCCAGGCTGACAACAA_005,32
GATGCCCAGGCTGACAACAA_006,83
GATGCCCAGGCTGACAACAA_007,154
GATGCCCAGGCTGACAACAA_008,53
GATGCCCAGGCTGACAACAA_009,171
GATGCCCAGGCTGACAACAA_010,163
GATGCCCAGGCTGACAACAA_011,121
GATGCCCAGGCTGACAACAA_012,150
GATGCCCAGGCTGACAACAA_013,88
GATGCCCAGGCTGACAACAA_014,165
GATGCCCAGGCTGACAACAA_015,156
GATGCCCAGGCTGACAACAA_016,82
GATGCCCAGGCTGACAACAA_017,61
GATGCCCAGGCTGACAACAA_018,12
GATGCCCAGGCTGACAACAA_019,44
GATGCCCAGGCTGACAACAA_020,60
GATGCCCAGGCTGACAACAA_021,62
GATGCCCAGGCTGACAACAA_022,63
GATGCCCAGGCTGACAACAA_023,180
GATGCCCAGGCTGACAACAA_024,126
GATGCCCAGGCTGACAACAA_025,156
GATGCCCAGGCTGACAACAA_026,152
GATGCCCAGGCTGACAACAA_027,192
CAAGGACAGTACTACGCAGA_001,123
CAAGGACAGTACTACGCAGA_002,89
CAAGGACAGTACTACGCAGA_003,199
GGCCGGCTCCTGAAGTGTTG_001,8
GGCCGGCTCCTGAAGTGTTG_002,160
CCAGAATGGATATTAAGTCT_001,163
CCAGAATGGATATTAAGTCT_002,106
CCAGAATGGATATTAAGTCT_003,63
CCAGAATGGATATTAAGTCT_004,184
AAATACTTCATACATTACAG_001,166
AAATACTTCATACATTACAG_002,108
AAATACTTCATACATTACAG_003,67
AAATACTTCATACATTACAG_004,162
AAATACTTCATACATTACAG_005,194
AAATACTTCATACATTACAG_006,82
TGGTGATGTTCCGAAGCACG_001,131
TGGTGATGTTCCGAAGCACG_002,89
TGGTGATGTTCCGAAGCACG_003,52
TGGTGATGTTCCGAAGCACG_004,75
CGCAGATACACGGATAGAGT_001,39
CGCAGATACACGGATAGAGT_002,24
CGCAGATACACGGATAGAGT_003,98
ACCTGGTTAGGGCTCTGAGT_001,169
ACCTGGTTAGGGCTCTGAGT_002,14
ACCTGGTTAGGGCTCTGAGT_003,143
ACCTGGTTAGGGCTCTGAGT_004,21
ACCTGGTTAGGGCTCTGAGT_005,81
ACCTGGTTAGGGCTCTGAGT_006,115
ACCTGGTTAGGGCTCTGAGT_007,13
ACCTGGTTAGGGCTCTGAGT_008,1
ACCTGGTTAGGGCTCTGAGT_009,184
ACCTGGTTAGGGCTCTGAGT_010,6
ACCTGGTTAGGGCTCTGAGT_011,123
GCAGGGTATCGAGACTCCAG_001,76
GCAGGGTATCGAGACTCCAG_002,184
GCAGGGTATCGAGACTCCAG_003,197
GCAGGGTATCGAGACTCCAG_004,175
GCAGGGTATCGAGACTCCAG_005,82
GCAGGGTATCGAGACTCCAG_006,102
GCAGGGTATCGAGACTCCAG_007,182
GCAGGGTATCGAGACTCCAG_008,48
GCAGGGTATCGAGACTCCAG_009,43
ACAAAAGATAATCCCCAAAG_001,148
ACAAAAGATAATCCCCAAAG_002,33
TGCCTGCCCACTCTTCACTG_001,172
TGCCTGCCCACTCTTCACTG_002,103
TGCCTGCCCACTCTTCACTG_003,175
TGCCTGCCCACTCTTCACTG_004,70
TGCCTGCCCACTCTTCACTG_005,191
TGCCTGCCCACTCTTCACTG_006,22
TGCCTGCCCACTCTTCACTG_007,62
TGCCTGCCCACTCTTCACTG_008,25
TGCCTGCCCACTCTTCACTG_009,116
TGCCTGCCCACTCTTCACTG_010,129
TGCCTGCCCACTCTTCACTG_011,0
TGCCTGCCCACTCTTCACTG_012,14
TGCCTGCCCACTCTTCACTG_013,113
TGCCTGCCCACTCTTCACTG_014,41
TGCCTGCCCACTCTTCACTG_015,41
TGCCTGCCCACTCTTCACTG_016,76
TGCCTGCCCACTCTTCACTG_017,17
TGCCTGCCCACTCTTCACTG_018,105
TGCCTGCCCACTCTTCACTG_019,48
TGCCTGCCCACTCTTCACTG_020,188
TGCCTGCCCACTCTTCACTG_021,144
TGCCTGCCCACTCTTCACTG_022,70
TGCCTGCCCACTCTTCACTG_023,110
TGCCTGCCCACTCTTCACTG_024,155
TGCCTGCCCACTCTTCACTG_025,175
TGCCTGCCCACTCTTCACTG_026,91
TGCCTGCCCACTCTTCACTG_027,79
TGCCTGCCCACTCTTCACTG_028,103
TGCCTGCCCACTCTTCACTG_029,108
TGCCTGCCCACTCTTCACTG_030,4
TGCCTGCCCACTCTTCACTG_031,102
TGCCTGCCCACTCTTCACTG_032,174
TGCCTGCCCACTCTTCACTG_033,191
TGCCTGCCCACTCTTCACTG_034,27
TGCCTGCCCACTCTTCACTG_035,170
TGCCTGCCCACTCTTCACTG_036,70
TGCCTGCCCACTCTTCACTG_037,13
TGCCTGCCCACTCTTCACTG_038,155
TGCCTGCCCACTCTTCACTG_039,184
TGCCTGCCCACTCTTCACTG_040,66
TGCCTGCCCACTCTTCACTG_041,184
CCCAGTATCACGTCAGCGAG_001,19
CCCAGTATCACGTCAGCGAG_002,142
CCCAGTATCACGTCAGCGAG_003,105
CCCAGTATCACGTCAGCGAG_004,29
CCCAGTATCACGTCAGCGAG_005,21
CCCAGTATCACGTCAGCGAG_006,72
CCCAGTATCACGTCAGCGAG_007,29
CCCAGTATCACGTCAGCGAG_008,63
CCCAGTATCACGTCAGCGAG_009,147
CCCAGTATCACGTCAGCGAG_010,147
CCCAGTATCACGTCAGCGAG_011,62
CCCAGTATCACGTCAGCGAG_012,188
GTCAAAGAAAACAATTATCG_001,73
GTCAAAGAAAACAATTATCG_002,90
TATTCCACAACAGTACCGAC_001,42
TTTCCTTCACCAGTCCCGGG_001,29
TTTCCTTCACCAGTCCCGGG_002,100
TTTCCTTCACCAGTCCCGGG_003,114
TTTCCTTCACCAGTCCCGGG_004,8
TTTCCTTCACCAGTCCCGGG_005,52
TTTCCTTCACCAGTCCCGGG_006,56
TTTCCTTCACCAGTCCCGGG_007,50
TTTCCTTCACCAGTCCCGGG_008,194
TTTCCTTCACCAGTCCCGGG_009,14
TTTCCTTCACCAGTCCCGGG_010,3
TTTCCTTCACCAGTCCCGGG_011,54
CACGCCCTCGCTGACGACGT_001,6
CACGCCCTCGCTGACGACGT_002,58
CACGCCCTCGCTGACGACGT_003,32
CACGCCCTCGCTGACGACGT_004,55
CACGCCCTCGCTGACGACGT_005,94
CACGCCCTCGCTGACGACGT_006,3
CACGCCCTCGCTGACGACGT_007,3
CACGCCCTCGCTGACGACGT_008,156
CACGCCCTCGCTGACGACGT_009,156
CACGCCCTCGCTGACGACGT_010,93
CACGCCCTCGCTGACGACGT_011,62
CACGCCCTCGCTGACGACGT_012,170
CACGCCCTCGCTGACGACGT_013,56
CACGCCCTCGCTGACGACGT_014,150
CACGCCCTCGCTGACGACGT_015,141
CACGCCCTCGCTGACGACGT_016,47
CACGCCCTCGCTGACGACGT_017,15
CACGCCCTCGCTGACGACGT_018,104
ATCTCTTTGGAACTCTACCA_001,42
ATCTCTTTGGAACTCTACCA_002,102
ATCTCTTTGGAACTCTACCA_003,2
ATCTCTTTGGAACTCTACCA_004,23
ATCTCTTTGGAACTCTACCA_005,23
ATCTCTTTGGAACTCTACCA_006,68
ATCTCTTTGGAACTCTACCA_007,188
ATCTCTTTGGAACTCTACCA_008,3
ATCTCTTTGGAACTCTACCA_009,162
ATCTCTTTGGAACTCTACCA_010,12
ATCTCTTTGGAACTCTACCA_011,155
ATCTCTTTGGAACTCTACCA_012,136
ATCTCTTTGGAACTCTACCA_013,28
ATCTCTTTGGAACTCTACCA_014,106
ATCTCTTTGGAACTCTACCA_015,77
ATCTCTTTGGAACTCTACCA_016,10
ATCTCTTTGGAACTCTACCA_017,120
GCTGTTTGGTTCCAGCCATG_001,12
GCTGTTTGGTTCCAGCCATG_002,96
GCTGTTTGGTTCCAGCCATG_003,127
GCTGTTTGGTTCCAGCCATG_004,197
GCTGTTTGGTTCCAGCCATG_005,155
AGGCTAAAGAGCGAGCGCGG_001,117
AGGCTAAAGAGCGAGCGCGG_002,117
AGGCTAAAGAGCGAGCGCGG_003,53
AGGCTAAAGAGCGAGCGCGG_004,62
AGGCTAAAGAGCGAGCGCGG_005,3
AGGCTAAAGAGCGAGCGCGG_006,4
AGGCTAAAGAGCGAGCGCGG_007,17
AGGCTAAAGAGCGAGCGCGG_008,15
AGGCTAAAGAGCGAGCGCGG_009,129
AGGCTAAAGAGCGAGCGCGG_010,121
AGGCTAAAGAGCGAGCGCGG_011,76
AGGCTAAAGAGCGAGCGCGG_012,176
CCTTGAAATCAAATCAAACC_001,169
CCTTGAAATCAAATCAAACC_002,61
GTATCTTTCTGTAGCAAGAG_001,25
GTATCTTTCTGTAGCAAGAG_002,61
GTATCTTTCTGTAGCAAGAG_003,48
GTATCTTTCTGTAGCAAGAG_004,150
GTATCTTTCTGTAGCAAGAG_005,104
GTATCTTTCTGTAGCAAGAG_006,177
GTATCTTTCTGTAGCAAGAG_007,11
GTATCTTTCTGTAGCAAGAG_008,11
GTATCTTTCTGTAGCAAGAG_009,146
GTATCTTTCTGTAGCAAGAG_010,48
GTATCTTTCTGTAGCAAGAG_011,82
GTATCTTTCTGTAGCAAGAG_012,145
GTATCTTTCTGTAGCAAGAG_013,192
GTATCTTTCTGTAGCAAGAG_014,199
GGGCATGAACCGCTACAGCG_001,43
GGGCATGAACCGCTACAGCG_002,0
GGGCATGAACCGCTACAGCG_003,82
GGGCATGAACCGCTACAGCG_004,190
GGGCATGAACCGCTACAGCG_005,56
GGGCATGAACCGCTACAGCG_006,186
GGGCATGAACCGCTACAGCG_007,57
GGGCATGAACCGCTACAGCG_008,12
GGGCATGAACCGCTACAGCG_009,102
GGGCATGAACCGCTACAGCG_010,199
GGGCATGAACCGCTACAGCG_011,34
GGGCATGAACCGCTACAGCG_012,166
GGGCATGAACCGCTACAGCG_013,137
GGGCATGAACCGCTACAGCG_014,52
GTCGGTGTCAGAGGTCAAAG_001,42
GTCGGTGTCAGAGGTCAAAG_002,17
GTCGGTGTCAGAGGTCAAAG_003,19
GTCGGTGTCAGAGGTCAAAG_004,18
GTCGGTGTCAGAGGTCAAAG_005,116
GTCGGTGTCAGAGGTCAAAG_006,32
GTCGGTGTCAGAGGTCAAAG_007,41
GTCGGTGTCAGAGGTCAAAG_008,78
GTCGGTGTCAGAGGTCAAAG_009,28
GTCGGTGTCAGAGGTCAAAG_010,35
GTCGGTGTCAGAGGTCAAAG_011,53
GTCGGTGTCAGAGGTCAAAG_012,38
GTCGGTGTCAGAGGTCAAAG_013,180
GTCGGTGTCAGAGGTCAAAG_014,137
TGGCTATGAGCTTCAGGCTT_001,15
TGGCTATGAGCTTCAGGCTT_002,43
TGGCTATGAGCTTCAGGCTT_003,182
TGGCTATGAGCTTCAGGCTT_004,48
TGGCTATGAGCTTCAGGCTT_005,184
TGGCTATGAGCTTCAGGCTT_006,149
ACGAGCGCATTAAAGTCCCA_001,85
ACGAGCGCATTAAAGTCCCA_002,137
ACGAGCGCATTAAAGTCCCA_003,60
ACGAGCGCATTAAAGTCCCA_004,81
ACGAGCGCATTAAAGTCCCA_005,115
ACGAGCGCATTAAAGTCCCA_006,125
ACGAGCGCATTAAAGTCCCA_007,36
ACGAGCGCATTAAAGTCCCA_008,28
ACGAGCGCATTAAAGTCCCA_009,46
ACGAGCGCATTAAAGTCCCA_010,94
ACGAGCGCATTAAAGTCCCA_011,68
ACGAGCGCATTAAAGTCCCA_012,166
ACGAGCGCATTAAAGTCCCA_013,118
ACGAGCGCATTAAAGTCCCA_014,69
ACGAGCGCATTAAAGTCCCA_015,68
ACGAGCGCATTAAAGTCCCA_016,56
ACGAGCGCATTAAAGTCCCA_017,119
ACGAGCGCATTAAAGTCCCA_018,119
TGGTCACACACGCCTCGATG_001,27
TGGTCACACACGCCTCGATG_002,101
TGGTCACACACGCCTCGATG_003,175
TGGTCACACACGCCTCGATG_004,124
TGGTCACACACGCCTCGATG_005,48
TGGTCACACACGCCTCGATG_006,105
TGGTCACACACGCCTCGATG_007,107
TGGTCACACACGCCTCGATG_008,124
TGGTCACACACGCCTCGATG_009,57
TGGTCACACACGCCTCGATG_010,168
TGGTCACACACGCCTCGATG_011,124
TGGTCACACACGCCTCGATG_012,138
TGGTCACACACGCCTCGATG_013,13
TGGTCACACACGCCTCGATG_014,172
CACACAGGTCCAAAGGCGGG_001,169
CACACAGGTCCAAAGGCGGG_002,63
CACACAGGTCCAAAGGCGGG_003,117
CACACAGGTCCAAAGGCGGG_004,112
CACACAGGTCCAAAGGCGGG_005,80
CACACAGGTCCAAAGGCGGG_006,118
CACACAGGTCCAAAGGCGGG_007,193
CACACAGGTCCAAAGGCGGG_008,60
CACACAGGTCCAAAGGCGGG_009,52
CACACAGGTCCAAAGGCGGG_010,92
CACACAGGTCCAAAGGCGGG_011,195
CACACAGGTCCAAAGGCGGG_012,134
CACACAGGTCCAAAGGCGGG_013,120
CACACAGGTCCAAAGGCGGG_014,127
CACACAGGTCCAAAGGCGGG_015,182
CACACAGGTCCAAAGGCGGG_016,168
CACACAGGTCCAAAGGCGGG_017,197
CACACAGGTCCAAAGGCGGG_018,69
CACACAGGTCCAAAGGCGGG_019,147
CACACAGGTCCAAAGGCGGG_020,135
CACACAGGTCCAAAGGCGGG_021,78
CACACAGGTCCAAAGGCGGG_022,171
CACACAGGTCCAAAGGCGGG_023,197
CACACAGGTCCAAAGGCGGG_024,137
CACACAGGTCCAAAGGCGGG_025,177
CACACAGGTCCAAAGGCGGG_026,0
CACACAGGTCCAAAGGCGGG_027,41
CACACAGGTCCAAAGGCGGG_028,41
CAATATAGTGCTTACCAGCG_001,15
GGCATTTAGAGCCTTCAGCA_001,51
GGCATTTAGAGCCTTCAGCA_002,129
GGCATTTAGAGCCTTCAGCA_003,140
GGCATTTAGAGCCTTCAGCA_004,2
GGCATTTAGAGCCTTCAGCA_005,146
GGCATTTAGAGCCTTCAGCA_006,176
GGCATTTAGAGCCTTCAGCA_007,168
GGCATTTAGAGCCTTCAGCA_008,123
GGCATTTAGAGCCTTCAGCA_009,135
GCCTTCATTTACGAGAAACG_001,137
GCCTTCATTTACGAGAAACG_002,42
GCCTTCATTTACGAGAAACG_003,103
GCCTTCATTTACGAGAAACG_004,106
GCCTTCATTTACGAGAAACG_005,126
GCCTTCATTTACGAGAAACG_006,188
GCCTTCATTTACGAGAAACG_007,39
GAAGGAATTTAGCAACCAGG_001,44
GAAGGAATTTAGCAACCAGG_002,124
GAAGGAATTTAGCAACCAGG_003,74
GAAGGAATTTAGCAACCAGG_004,163
GAAGGAATTTAGCAACCAGG_005,88
GAAGGAATTTAGCAACCAGG_006,48
GCAGATGCTCCTTTCGAGCC_001,107
GCAGATGCTCCTTTCGAGCC_002,198
GCAGATGCTCCTTTCGAGCC_003,194
GCAGATGCTCCTTTCGAGCC_004,169
GCAGATGCTCCTTTCGAGCC_005,148
AAGCGGCGTGATGAAATGCT_001,87
AAGCGGCGTGATGAAATGCT_002,184
AAGCGGCGTGATGAAATGCT_003,122
AAGCGGCGTGATGAAATGCT_004,11
AAGCGGCGTGATGAAATGCT_005,111
CCTGGCACGAGAGTACAGCG_001,34
CCTTTAGTAACATGATATCG_001,171
AGGACGACGCCGGTCACCCG_001,172
AGGACGACGCCGGTCACCCG_002,88
AGGACGACGCCGGTCACCCG_003,113
AGGACGACGCCGGTCACCCG_004,175
AGGACGACGCCGGTCACCCG_005,28
AGGACGACGCCGGTCACCCG_006,162
AGGACGACGCCGGTCACCCG_007,171
AGGACGACGCCGGTCACCCG_008,159
AGGACGACGCCGGTCACCCG_009,73
AGGACGACGCCGGTCACCCG_010,126
AGGACGACGCCGGTCACCCG_011,1
AGGACGACGCCGGTCACCCG_012,145
AGGACGACGCCGGTCACCCG_013,44
AGGACGACGCCGGTCACCCG_014,48
AGGACGACGCCGGTCACCCG_015,50
AGGACGACGCCGGTCACCCG_016,88
AGGACGACGCCGGTCACCCG_017,28
AGGACGACGCCGGTCACCCG_018,148
AGGACGACGCCGGTCACCCG_019,35
AGGACGACGCCGGTCACCCG_020,177
CCTGTGTTGTCATAGCTCAG_001,80
CCTGTGTTGTCATAGCTCAG_002,140
CCTGTGTTGTCATAGCTCAG_003,23
CCTGTGTTGTCATAGCTCAG_004,88
CCTGTGTTGTCATAGCTCAG_005,2
CCTGTGTTGTCATAGCTCAG_006,135
CCTGTGTTGTCATAGCTCAG_007,94
CCTGTGTTGTCATAGCTCAG_008,191
CCTGTGTTGTCATAGCTCAG_009,149
CCTGTGTTGTCATAGCTCAG_010,149
GTGGACATGTTGGATCCACG_001,80
GTGGACATGTTGGATCCACG_002,151
GTGGACATGTTGGATCCACG_003,10
GTGGACATGTTGGATCCACG_004,90
GTGGACATGTTGGATCCACG_005,121
TCAAATCATCAGTTTCCAGC_001,84
TCAAATCATCAGTTTCCAGC_002,34
TCAAATCATCAGTTTCCAGC_003,183
TCAAATCATCAGTTTCCAGC_004,2
TCAAATCATCAGTTTCCAGC_005,42
AGGCGTGCAAATGCTGTTCG_001,7
AGGCGTGCAAATGCTGTTCG_002,68
AGGCGTGCAAATGCTGTTCG_003,75
ATCACTGCACAACTCGTAGT_001,98
ATCACTGCACAACTCGTAGT_002,151
ATCACTGCACAACTCGTAGT_003,172
ATCACTGCACAACTCGTAGT_004,184
ATCACTGCACAACTCGTAGT_005,170
ATCACTGCACAACTCGTAGT_006,40
TCACTCAGCGTAAGTACACG_001,55
TCACTCAGCGTAAGTACACG_002,101
TCACTCAGCGTAAGTACACG_003,198
TCACTCAGCGTAAGTACACG_004,98
TCACTCAGCGTAAGTACACG_005,17
TCACTCAGCGTAAGTACACG_006,29
TCACTCAGCGTAAGTACACG_007,29
TCACTCAGCGTAAGTACACG_008,29
TCACTCAGCGTAAGTACACG_009,184
TCACTCAGCGTAAGTACACG_010,117
TCACTCAGCGTAAGTACACG_011,182
TCACTCAGCGTAAGTACACG_012,123
ATAAAAGCCTACTTTGCACT_001,170
ATAAAAGCCTACTTTGCACT_002,27
ATAAAAGCCTACTTTGCACT_003,17
ATAAAAGCCTACTTTGCACT_004,87
ATAAAAGCCTACTTTGCACT_005,67
CCTGCTACTCAAGTCCTCAG_001,102
CCTGCTACTCAAGTCCTCAG_002,37
CCTGCTACTCAAGTCCTCAG_003,154
CCTGCTACTCAAGTCCTCAG_004,138
CCTGCTACTCAAGTCCTCAG_005,40
CTGGACTTACCGGATCCAGG_001,124
CTGGACTTACCGGATCCAGG_002,74
CTGGACTTACCGGATCCAGG_003,156
CTGGACTTACCGGATCCAGG_004,76
CTGGACTTACCGGATCCAGG_005,143
CTGGACTTACCGGATCCAGG_006,83
CTGGACTTACCGGATCCAGG_007,50
CTGGACTTACCGGATCCAGG_008,134
CTGGACTTACCGGATCCAGG_009,148
CTGGACTTACCGGATCCAGG_010,27
CTGGACTTACCGGATCCAGG_011,9
GGCGAATGAGTGCGCCGTCA_001,27
GGCGAATGAGTGCGCCGTCA_002,156
GGCGAATGAGTGCGCCGTCA_003,56
GGCGAATGAGTGCGCCGTCA_004,143
GGCGAATGAGTGCGCCGTCA_005,160
GGCGAATGAGTGCGCCGTCA_006,65
GGCGAATGAGTGCGCCGTCA_007,19
ATACTGCCCCATGTTGACCG_001,72
ATACTGCCCCATGTTGACCG_002,156
ATACTGCCCCATGTTGACCG_003,52
ATACTGCCCCATGTTGACCG_004,153
ATACTGCCCCATGTTGACCG_005,113
ATACTGCCCCATGTTGACCG_006,191
ATACTGCCCCATGTTGACCG_007,14
ATACTGCCCCATGTTGACCG_008,197
ATACTGCCCCATGTTGACCG_009,144
ATACTGCCCCATGTTGACCG_010,2
ATACTGCCCCATGTTGACCG_011,113
ATACTGCCCCATGTTGACCG_012,184
ATACTGCCCCATGTTGACCG_013,45
ATACTGCCCCATGTTGACCG_014,151
ATACTGCCCCATGTTGACCG_015,153
ATACTGCCCCATGTTGACCG_016,104
GTACAGGAGAGTCTATACAG_001,159
GTACAGGAGAGTCTATACAG_002,41
GTACAGGAGAGTCTATACAG_003,73
GTACAGGAGAGTCTATACAG_004,121
GTACAGGAGAGTCTATACAG_005,120
GTACAGGAGAGTCTATACAG_006,117
GTACAGGAGAGTCTATACAG_007,15
CTGGCCAGAAGGATACCAGC_001,94
CTGGCCAGAAGGATACCAGC_002,177
CTGGCCAGAAGGATACCAGC_003,78
CATACCAATTCCCGATCTGA_001,130
CATACCAATTCCCGATCTGA_002,158
CATACCAATTCCCGATCTGA_003,198
CATACCAATTCCCGATCTGA_004,88
CATACCAATTCCCGATCTGA_005,63
CATACCAATTCCCGATCTGA_006,8
CATACCAATTCCCGATCTGA_007,63
CATACCAATTCCCGATCTGA_008,125
CATACCAATTCCCGATCTGA_009,117
CATACCAATTCCCGATCTGA_010,174
CCAGAGCCTCCCAAACGACG_001,87
CCAGAGCCTCCCAAACGACG_002,68
CCAGAGCCTCCCAAACGACG_003,68
CCAGAGCCTCCCAAACGACG_004,62
CCAGAGCCTCCCAAACGACG_005,189
CCAGAGCCTCCCAAACGACG_006,168
CCAGAGCCTCCCAAACGACG_007,190
CCAGAGCCTCCCAAACGACG_008,65
CCAGAGCCTCCCAAACGACG_009,46
CCAGAGCCTCCCAAACGACG_010,148
CCAGAGCCTCCCAAACGACG_011,197
CCAGAGCCTCCCAAACGACG_012,136
CCAGAGCCTCCCAAACGACG_013,176
CCAGAGCCTCCCAAACGACG_014,90
CCAGAGCCTCCCAAACGACG_015,103
GTATGGGGATGTGTACTGCA_001,108
GTATGGGGATGTGTACTGCA_002,11
GTATGGGGATGTGTACTGCA_003,60
GTATGGGGATGTGTACTGCA_004,170
GTATGGGGATGTGTACTGCA_005,133
GTATGGGGATGTGTACTGCA_006,125
GTATGGGGATGTGTACTGCA_007,96
GTATGGGGATGTGTACTGCA_008,163
GTATGGGGATGTGTACTGCA_009,166
GTATGGGGATGTGTACTGCA_010,169
GTATGGGGATGTGTACTGCA_011,35
GTATGGGGATGTGTACTGCA_012,14
GTATGGGGATGTGTACTGCA_013,94
GTATGGGGATGTGTACTGCA_014,50
GTATGGGGATGTGTACTGCA_015,162
GTATGGGGATGTGTACTGCA_016,110
GTATGGGGATGTGTACTGCA_017,108
GTATGGGGATGTGTACTGCA_018,150
GTATGGGGATGTGTACTGCA_019,132
GTATGGGGATGTGTACTGCA_020,160
GTATGGGGATGTGTACTGCA_021,56
GTATGGGGATGTGTACTGCA_022,77
GTATGGGGATGTGTACTGCA_023,58
GTATGGGGATGTGTACTGCA_024,46
GTATGGGGATGTGTACTGCA_025,56
GTATGGGGATGTGTACTGCA_026,92
CAGGCGACATAGTCGGTGCG_001,94
CAGGCGACATAGTCGGTGCG_002,128
CAGGCGACATAGTCGGTGCG_003,21
CAGGCGACATAGTCGGTGCG_004,51
CAGGCGACATAGTCGGTGCG_005,41
CAGGCGACATAGTCGGTGCG_006,197
CAGGCGACATAGTCGGTGCG_007,0
CAGGCGACATAGTCGGTGCG_008,148
TACGTGCAACCTTGTTGCTA_001,115
TACGTGCAACCTTGTTGCTA_002,149
TACGTGCAACCTTGTTGCTA_003,69
TACGTGCAACCTTGTTGCTA_004,52
TACGTGCAACCTTGTTGCTA_005,7
TACGTGCAACCTTGTTGCTA_006,14
TACGTGCAACCTTGTTGCTA_007,14
AAGGTCAATTCACCATCATG_001,197
AAGGTCAATTCACCATCATG_002,146
AAGGTCAATTCACCATCATG_003,102
AAGGTCAATTCACCATCATG_004,11
AAGGTCAATTCACCATCATG_005,159
TTTATAGGGTCTGTCTACAA_001,12
TTTATAGGGTCTGTCTACAA_002,2
AAACGGAGGAACTACAACCA_001,17
AAACGGAGGAACTACAACCA_002,17
AAACGGAGGAACTACAACCA_003,10
AAACGGAGGAACTACAACCA_004,159
AAACGGAGGAACTACAACCA_005,7
AAACGGAGGAACTACAACCA_006,134
AAACGGAGGAACTACAACCA_007,62
AAACGGAGGAACTACAACCA_008,185
AAACGGAGGAACTACAACCA_009,120
AAACGGAGGAACTACAACCA_010,29
AAACGGAGGAACTACAACCA_011,75
AAACGGAGGAACTACAACCA_012,130
AAACGGAGGAACTACAACCA_013,124
AAACGGAGGAACTACAACCA_014,154
AAACGGAGGAACTACAACCA_015,32
AAACGGAGGAACTACAACCA_016,176
AAACGGAGGAACTACAACCA_017,144
AAACGGAGGAACTACAACCA_018,137
AAACGGAGGAACTACAACCA_019,137
CAGCAAAGTCACCTACCCCG_001,81
CAGCAAAGTCACCTACCCCG_002,15
CAGCAAAGTCACCTACCCCG_003,146
CAGCAAAGTCACCTACCCCG_004,197
CAGCAAAGTCACCTACCCCG_005,110
CAGCAAAGTCACCTACCCCG_006,6
CAGCAAAGTCACCTACCCCG_007,94
CAGCAAAGTCACCTACCCCG_008,63
CAGCAAAGTCACCTACCCCG_009,197
CAGCAAAGTCACCTACCCCG_010,27
TGAGAGTGGTCACTGCTGCG_001,62
TGAGAGTGGTCACTGCTGCG_002,121
TGAGAGTGGTCACTGCTGCG_003,90
TGAGAGTGGTCACTGCTGCG_004,35
TGAGAGTGGTCACTGCTGCG_005,91
TGAGAGTGGTCACTGCTGCG_006,160
CTGACTTCGGAACATCAAAG_001,163
CTGACTTCGGAACATCAAAG_002,94
CTGACTTCGGAACATCAAAG_003,15
CTGACTTCGGAACATCAAAG_004,123
CTGACTTCGGAACATCAAAG_005,17
CTGACTTCGGAACATCAAAG_006,42
CTGACTTCGGAACATCAAAG_007,5
CTGACTTCGGAACATCAAAG_008,46
CTGACTTCGGAACATCAAAG_009,68
CTGACTTCGGAACATCAAAG_010,134
CTGACTTCGGAACATCAAAG_011,160
CTGACTTCGGAACATCAAAG_012,108
CTGACTTCGGAACATCAAAG_013,168
CTGACTTCGGAACATCAAAG_014,49
CTGACTTCGGAACATCAAAG_015,41
CTGACTTCGGAACATCAAAG_016,188
CTGACTTCGGAACATCAAAG_017,154
CTGACTTCGGAACATCAAAG_018,56
CTGACTTCGGAACATCAAAG_019,38
CTGACTTCGGAACATCAAAG_020,106
CTGACTTCGGAACATCAAAG_021,88
CTGACTTCGGAACATCAAAG_022,106
CTGACTTCGGAACATCAAAG_023,170
CTGACTTCGGAACATCAAAG_024,169
CTGACTTCGGAACATCAAAG_025,95
CTGACTTCGGAACATCAAAG_026,131
ATGAGGCTGTCATTATGACA_001,116
ATGAGGCTGTCATTATGACA_002,41
ATGAGGCTGTCATTATGACA_003,62
ATGAGGCTGTCATTATGACA_004,58
ATGAGGCTGTCATTATGACA_005,119
TGAATGCTATGTCATCCCCG_001,69
TGAATGCTATGTCATCCCCG_002,150
TGAATGCTATGTCATCCCCG_003,2
TGAATGCTATGTCATCCCCG_004,184
GCATCTAAGGATCTTACCTT_001,183
GCATCTAAGGATCTTACCTT_002,158
GCATCTAAGGATCTTACCTT_003,103
GCATCTAAGGATCTTACCTT_004,176
GCATCTAAGGATCTTACCTT_005,177
GCATCTAAGGATCTTACCTT_006,42
GGCTGAAAGCCGGAGCGAGT_001,199
GGCTGAAAGCCGGAGCGAGT_002,60
GGCTGAAAGCCGGAGCGAGT_003,1
GGCTGAAAGCCGGAGCGAGT_004,107
TGGTGGTTAATAACCCGGTG_001,43
TGGTGGTTAATAACCCGGTG_002,25
TGGTGGTTAATAACCCGGTG_003,69
TGGTGGTTAATAACCCGGTG_004,174
TGGTGGTTAATAACCCGGTG_005,179
CCCTCATCACCATTGGAAGG_001,76
CCCTCATCACCATTGGAAGG_002,12
CCCTCATCACCATTGGAAGG_003,17
CCCTCATCACCATTGGAAGG_004,135
CCCTCATCACCATTGGAAGG_005,38
CCCTCATCACCATTGGAAGG_006,72
CCCTCATCACCATTGGAAGG_007,166
CCCTCATCACCATTGGAAGG_008,177
CCCTCATCACCATTGGAAGG_009,186
CCCTCATCACCATTGGAAGG_010,63
CCCTCATCACCATTGGAAGG_011,63
CCCTCATCACCATTGGAAGG_012,127
CCCTCATCACCATTGGAAGG_013,78
CCCTCATCACCATTGGAAGG_014,29
AAGTACTGGATCTACGTCTG_001,78
AAGTACTGGATCTACGTCTG_002,121
AAGTACTGGATCTACGTCTG_003,9
AAGTACTGGATCTACGTCTG_004,116
AAGTACTGGATCTACGTCTG_005,58
AAGTACTGGATCTACGTCTG_006,160
AAGTACTGGATCTACGTCTG_007,191
AAGTACTGGATCTACGTCTG_008,2
AAGTACTGGATCTACGTCTG_009,84
AAGTACTGGATCTACGTCTG_010,16
AAGTACTGGATCTACGTCTG_011,28
AAGTACTGGATCTACGTCTG_012,103
AAGTACTGGATCTACGTCTG_013,164
AAGTACTGGATCTACGTCTG_014,58
AAGTACTGGATCTACGTCTG_015,38
AAGTACTGGATCTACGTCTG_016,8
AAGTACTGGATCTACGTCTG_017,62
AAGTACTGGATCTACGTCTG_018,83
AAGTACTGGATCTACGTCTG_019,150
AAGTACTGGATCTACGTCTG_020,146
AAGTACTGGATCTACGTCTG_021,13
AAGTACTGGATCTACGTCTG_022,177
AAGTACTGGATCTACGTCTG_023,63
AAGTACTGGATCTACGTCTG_024,94
AAGTACTGGATCTACGTCTG_025,22
AAGTACTGGATCTACGTCTG_026,69
GTGATTTCATCTTGACCGAA_001,183
GTGATTTCATCTTGACCGAA_002,73
GTGATTTCATCTTGACCGAA_003,144
GTGATTTCATCTTGACCGAA_004,158
GTGATTTCATCTTGACCGAA_005,42
GTGATTTCATCTTGACCGAA_006,147
GTGATTTCATCTTGACCGAA_007,15
TCTGGTGAGGATCTATTGAA_001,121
TCTGGTGAGGATCTATTGAA_002,162
TCTGGTGAGGATCTATTGAA_003,5
TCTGGTGAGGATCTATTGAA_004,149
GTAGCCCAGATACAACCGGA_001,123
GTAGCCCAGATACAACCGGA_002,181
GTAGCCCAGATACAACCGGA_003,49
GTAGCCCAGATACAACCGGA_004,190
GTAGCCCAGATACAACCGGA_005,54
GTAGCCCAGATACAACCGGA_006,151
GTAGCCCAGATACAACCGGA_007,51
GTAGCCCAGATACAACCGGA_008,139
GTAGCCCAGATACAACCGGA_009,174
TCCTTCGCCAGTGGTCATAG_001,62
TCCTTCGCCAGTGGTCATAG_002,69
CGGAAGTGGCTACCACCCGA_001,1
CGGAAGTGGCTACCACCCGA_002,69
CGGAAGTGGCTACCACCCGA_003,190
CGGAAGTGGCTACCACCCGA_004,61
CGGAAGTGGCTACCACCCGA_005,7
CGGAAGTGGCTACCACCCGA_006,66
TTATGTGCACAAGAGTGTAA_001,57
TTATGTGCACAAGAGTGTAA_002,150
TTATGTGCACAAGAGTGTAA_003,50
TGGCACACTCTATCTCGCTG_001,134
TGGCACACTCTATCTCGCTG_002,188
TGGCACACTCTATCTCGCTG_003,177
TGGCACACTCTATCTCGCTG_004,78
CCAGAAAGCTTCCTGACCAG_001,130
CCAGAAAGCTTCCTGACCAG_002,75
GAGGGCGCCAGATCAGACTT_001,16
GAGGGCGCCAGATCAGACTT_002,130
GAGGGCGCCAGATCAGACTT_003,95
GAGGGCGCCAGATCAGACTT_004,22
GAGGGCGCCAGATCAGACTT_005,113
GAGGGCGCCAGATCAGACTT_006,46
GAGGGCGCCAGATCAGACTT_007,105
GAGGGCGCCAGATCAGACTT_008,7
AGTCGATGTCAGCTTCGGCG_001,20
AGTCGATGTCAGCTTCGGCG_002,141
AGTCGATGTCAGCTTCGGCG_003,30
AGTCGATGTCAGCTTCGGCG_004,104
AGTCGATGTCAGCTTCGGCG_005,34
AGTCGATGTCAGCTTCGGCG_006,64
AGTCGATGTCAGCTTCGGCG_007,40
AGTCGATGTCAGCTTCGGCG_008,4
AGATGTTGCCTCGTCTAAGG_001,147
AGATGTTGCCTCGTCTAAGG_002,70
AGATGTTGCCTCGTCTAAGG_003,85
AGATGTTGCCTCGTCTAAGG_004,105
AGATGTTGCCTCGTCTAAGG_005,160
AGATGTTGCCTCGTCTAAGG_006,111
AGATGTTGCCTCGTCTAAGG_007,139
AGATGTTGCCTCGTCTAAGG_008,68
AGATGTTGCCTCGTCTAAGG_009,62
AGATGTTGCCTCGTCTAAGG_010,105
AGATGTTGCCTCGTCTAAGG_011,12
AGATGTTGCCTCGTCTAAGG_012,81
AGATGTTGCCTCGTCTAAGG_013,63
AGATGTTGCCTCGTCTAAGG_014,127
AGATGTTGCCTCGTCTAAGG_015,124
GAAAGAAATTCATTCTCGAA_001,167
GAAAGAAATTCATTCTCGAA_002,194
GAAAGAAATTCATTCTCGAA_003,44
GACAGGGGCAGCGAGCACGT_001,176
GACAGGGGCAGCGAGCACGT_002,197
GACAGGGGCAGCGAGCACGT_003,78
GACAGGGGCAGCGAGCACGT_004,77
GACAGGGGCAGCGAGCACGT_005,144
GACAGGGGCAGCGAGCACGT_006,14
GACAGGGGCAGCGAGCACGT_007,139
GACAGGGGCAGCGAGCACGT_008,198
GACAGGGGCAGCGAGCACGT_009,134
GACAGGGGCAGCGAGCACGT_010,103
GACAGGGGCAGCGAGCACGT_011,121
GACAGGGGCAGCGAGCACGT_012,26
GACAGGGGCAGCGAGCACGT_013,91
GACAGGGGCAGCGAGCACGT_014,48
GACAGGGGCAGCGAGCACGT_015,20
GACAGGGGCAGCGAGCACGT_016,67
GACAGGGGCAGCGAGCACGT_017,42
GACAGGGGCAGCGAGCACGT_018,50
GACAGGGGCAGCGAGCACGT_019,199
GACAGGGGCAGCGAGCACGT_020,138
GACAGGGGCAGCGAGCACGT_021,5
GACAGGGGCAGCGAGCACGT_022,19
GACAGGGGCAGCGAGCACGT_023,127
GACAGGGGCAGCGAGCACGT_024,114
GACAGGGGCAGCGAGCACGT_025,106
GACAGGGGCAGCGAGCACGT_026,88
GACAGGGGCAGCGAGCACGT_027,15
GACAGGGGCAGCGAGCACGT_028,148
GACAGGGGCAGCGAGCACGT_029,193
GACAGGGGCAGCGAGCACGT_030,169
GACAGGGGCAGCGAGCACGT_031,136
GACAGGGGCAGCGAGCACGT_032,175
GACAGGGGCAGCGAGCACGT_033,178
GACAGGGGCAGCGAGCACGT_034,75
GACAGGGGCAGCGAGCACGT_035,56
GACAGGGGCAGCGAGCACGT_036,180
GACAGGGGCAGCGAGCACGT_037,143
GACAGGGGCAGCGAGCACGT_038,143
GACAGGGGCAGCGAGCACGT_039,113
GTTGTCCGAGATCATCACTA_001,42
GTTGTCCGAGATCATCACTA_002,169
GTTGTCCGAGATCATCACTA_003,108
CGCCATTGCCAGCTCGACGT_001,2
CGCCATTGCCAGCTCGACGT_002,172
CGCCATTGCCAGCTCGACGT_003,166
CGCCATTGCCAGCTCGACGT_004,31
CGCCATTGCCAGCTCGACGT_005,150
CGCCATTGCCAGCTCGACGT_006,62
CGCCATTGCCAGCTCGACGT_007,22
GCAGGACCGAATTCAGCAAG_001,46
GCAGGACCGAATTCAGCAAG_002,82
GCAGGACCGAATTCAGCAAG_003,155
GCAGGACCGAATTCAGCAAG_004,142
GTTTAAGGAATACTGCCCGA_001,138
GTTTAAGGAATACTGCCCGA_002,99
GTTTAAGGAATACTGCCCGA_003,74
GTTTAAGGAATACTGCCCGA_004,126
GTTTAAGGAATACTGCCCGA_005,121
GTTTAAGGAATACTGCCCGA_006,49
ATGCCTTTCAGATATAATGG_001,199
ATGCCTTTCAGATATAATGG_002,22
ATGCCTTTCAGATATAATGG_003,12
ATGCCTTTCAGATATAATGG_004,4
CAGACACAGTCAATCGCTCA_001,84
CAGACACAGTCAATCGCTCA_002,84
CAGACACAGTCAATCGCTCA_003,14
CAGACACAGTCAATCGCTCA_004,40
CAGACACAGTCAATCGCTCA_005,138
CAGACACAGTCAATCGCTCA_006,106
CAGACACAGTCAATCGCTCA_007,34
TCTCTTACACAATAGCCTCA_001,133
TCTCTTACACAATAGCCTCA_002,82
TCTCTTACACAATAGCCTCA_003,17
CTTTCCAGGCCAAAATGAAG_001,34
CTTTCCAGGCCAAAATGAAG_002,17
CTTTCCAGGCCAAAATGAAG_003,94
CTTTCCAGGCCAAAATGAAG_004,96
CTTTCCAGGCCAAAATGAAG_005,30
GTGGTCCCCAGATTCATACC_001,17
GTGGTCCCCAGATTCATACC_002,58
GTGGTCCCCAGATTCATACC_003,198
GTGGTCCCCAGATTCATACC_004,172
GTGGTCCCCAGATTCATACC_005,127
GTGGTCCCCAGATTCATACC_006,1
GTGGTCCCCAGATTCATACC_007,9
GTGGTCCCCAGATTCATACC_008,113
GTGGTCCCCAGATTCATACC_009,142
GTGGTCCCCAGATTCATACC_010,2
GTGGTCCCCAGATTCATACC_011,69
GTGGTCCCCAGATTCATACC_012,55
GTGGTCCCCAGATTCATACC_013,82
GTACATTGTATAAAGACCAC_001,184
GTACATTGTATAAAGACCAC_002,39
GTACATTGTATAAAGACCAC_003,28
GTACATTGTATAAAGACCAC_004,27
GTACATTGTATAAAGACCAC_005,68
GTAGGCACCAAAGTACCACT_001,65
GTAGGCACCAAAGTACCACT_002,150
GTAGGCACCAAAGTACCACT_003,171
GTAGGCACCAAAGTACCACT_004,7
GTAGGCACCAAAGTACCACT_005,32
GTAGGCACCAAAGTACCACT_006,80
GTAGGCACCAAAGTACCACT_007,161
GTAGGCACCAAAGTACCACT_008,75
GTAGGCACCAAAGTACCACT_009,87
GTAGGCACCAAAGTACCACT_010,175
GTAGGCACCAAAGTACCACT_011,40
GTAGGCACCAAAGTACCACT_012,10
GTAGGCACCAAAGTACCACT_013,136
GTAGGCACCAAAGTACCACT_014,85
GTAGGCACCAAAGTACCACT_015,162
GTAGGCACCAAAGTACCACT_016,169
TGTAAGACGCAGCAAATGGG_001,154
TGTAAGACGCAGCAAATGGG_002,141
TGTAAGACGCAGCAAATGGG_003,77
AGCTGTGAAGACGTTCTGTG_001,178
AGCTGTGAAGACGTTCTGTG_002,174
AGCTGTGAAGACGTTCTGTG_003,77
AGCTGTGAAGACGTTCTGTG_004,32
AGCTGTGAAGACGTTCTGTG_005,146
AGCTGTGAAGACGTTCTGTG_006,8
AGCTGTGAAGACGTTCTGTG_007,144
AGCTGTGAAGACGTTCTGTG_008,103
AGCTGTGAAGACGTTCTGTG_009,46
AGCTGTGAAGACGTTCTGTG_010,46
AGCTGTGAAGACGTTCTGTG_011,14
AGCTGTGAAGACGTTCTGTG_012,38
AGCTGTGAAGACGTTCTGTG_013,88
AGCTGTGAAGACGTTCTGTG_014,76
AGCTGTGAAGACGTTCTGTG_015,91
AGCTGTGAAGACGTTCTGTG_016,59
AGCTGTGAAGACGTTCTGTG_017,21
AGCTGTGAAGACGTTCTGTG_018,82
AGCTGTGAAGACGTTCTGTG_019,151
AGCTGTGAAGACGTTCTGTG_020,146
AGCTGTGAAGACGTTCTGTG_021,23
AGCTGTGAAGACGTTCTGTG_022,87
AGCTGTGAAGACGTTCTGTG_023,40
AGCTGTGAAGACGTTCTGTG_024,174
AGCTGTGAAGACGTTCTGTG_025,163
AGCTGTGAAGACGTTCTGTG_026,154
AGCTGTGAAGACGTTCTGTG_027,172
AGCTGTGAAGACGTTCTGTG_028,19
AGCTGTGAAGACGTTCTGTG_029,132
AGCTGTGAAGACGTTCTGTG_030,127
AGCTGTGAAGACGTTCTGTG_031,70
AGCTGTGAAGACGTTCTGTG_032,27
AGCTGTGAAGACGTTCTGTG_033,40
CCAGACTCGGCAGAATATCG_001,150
CCAGACTCGGCAGAATATCG_002,24
CCAGACTCGGCAGAATATCG_003,33
CCAGACTCGGCAGAATATCG_004,35
CCAGACTCGGCAGAATATCG_005,120
CCAGACTCGGCAGAATATCG_006,30
CCAGACTCGGCAGAATATCG_007,95
CCAGACTCGGCAGAATATCG_008,0
CCAGACTCGGCAGAATATCG_009,1
CCAGACTCGGCAGAATATCG_010,127
CCAGACTCGGCAGAATATCG_011,101
CCAGACTCGGCAGAATATCG_012,58
CCAGACTCGGCAGAATATCG_013,184
CCAGACTCGGCAGAATATCG_014,115
CCAGACTCGGCAGAATATCG_015,90
GAAGTTCATCAGTCAGATCG_001,34
GAAGTTCATCAGTCAGATCG_002,144
GAAGTTCATCAGTCAGATCG_003,59
GAAGTTCATCAGTCAGATCG_004,119
GAAGTTCATCAGTCAGATCG_005,129
GAAGTTCATCAGTCAGATCG_006,111
GAAGTTCATCAGTCAGATCG_007,130
GAAGTTCATCAGTCAGATCG_008,25
GAAGTTCATCAGTCAGATCG_009,53
GAAGTTCATCAGTCAGATCG_010,48
GAAGTTCATCAGTCAGATCG_011,144
GAAGTTCATCAGTCAGATCG_012,166
GAAGTTCATCAGTCAGATCG_013,15
GAAGTTCATCAGTCAGATCG_014,62
GACCGGTCTCAACCGCCGGG_001,148
GACCGGTCTCAACCGCCGGG_002,188
GACCGGTCTCAACCGCCGGG_003,146
GACCGGTCTCAACCGCCGGG_004,176
GACCGGTCTCAACCGCCGGG_005,167
GACCGGTCTCAACCGCCGGG_006,174
GACCGGTCTCAACCGCCGGG_007,144
ACAAGAAGGCTCACAAACGG_001,152
ACAAGAAGGCTCACAAACGG_002,15
ACAAGAAGGCTCACAAACGG_003,123
ACAAGAAGGCTCACAAACGG_004,155
ACAAGAAGGCTCACAAACGG_005,173
ACAAGAAGGCTCACAAACGG_006,69
ACAAGAAGGCTCACAAACGG_007,11
ACAAGAAGGCTCACAAACGG_008,125
ACAAGAAGGCTCACAAACGG_009,5
ACAAGAAGGCTCACAAACGG_010,2
ACAAGAAGGCTCACAAACGG_011,197
CTGGGCCGATCTTTATGTCA_001,2
TCTCCGGAATTTAAGCACGG_001,48
TCTCCGGAATTTAAGCACGG_002,176
TTTCCTAGATACACCCTCCG_001,68
TTTCCTAGATACACCCTCCG_002,138
CGGTGGCGCTTAGTCCGTAG_001,82
CGGTGGCGCTTAGTCCGTAG_002,41
CGGTGGCGCTTAGTCCGTAG_003,92
CGGTGGCGCTTAGTCCGTAG_004,150
CGGTGGCGCTTAGTCCGTAG_005,94
CGGTGGCGCTTAGTCCGTAG_006,76
CGGTGGCGCTTAGTCCGTAG_007,2
CGGTGGCGCTTAGTCCGTAG_008,149
CGGTGGCGCTTAGTCCGTAG_009,123
CGGTGGCGCTTAGTCCGTAG_010,72
CGGTGGCGCTTAGTCCGTAG_011,48
CGGTGGCGCTTAGTCCGTAG_012,160
CGGTGGCGCTTAGTCCGTAG_013,163
CGGTGGCGCTTAGTCCGTAG_014,121
CGGTGGCGCTTAGTCCGTAG_015,130
CGGTGGCGCTTAGTCCGTAG_016,155
GCTCTCCCAAGCCTTAGCTG_001,151
GCTCTCCCAAGCCTTAGCTG_002,185
GCTCTCCCAAGCCTTAGCTG_003,143
GCTCTCCCAAGCCTTAGCTG_004,83
GCTCTCCCAAGCCTTAGCTG_005,32
GCTCTCCCAAGCCTTAGCTG_006,75
GCTCTCCCAAGCCTTAGCTG_007,141
GCTCTCCCAAGCCTTAGCTG_008,50
GCTCTCCCAAGCCTTAGCTG_009,150
GCTCTCCCAAGCCTTAGCTG_010,170
GCTCTCCCAAGCCTTAGCTG_011,40
GCTCTCCCAAGCCTTAGCTG_012,44
GCTCTCCCAAGCCTTAGCTG_013,62
GCTCTCCCAAGCCTTAGCTG_014,137
GCTCTCCCAAGCCTTAGCTG_015,8
GCTCTCCCAAGCCTTAGCTG_016,168
GCTCTCCCAAGCCTTAGCTG_017,77
GCTCTCCCAAGCCTTAGCTG_018,28
GCTCTCCCAAGCCTTAGCTG_019,34
GCTCTCCCAAGCCTTAGCTG_020,169
GCTCTCCCAAGCCTTAGCTG_021,189
GCTCTCCCAAGCCTTAGCTG_022,189
TCACTGTGATAAGGTAGATG_001,29
TCACTGTGATAAGGTAGATG_002,2
TCACTGTGATAAGGTAGATG_003,5
TCACTGTGATAAGGTAGATG_004,147
TCACTGTGATAAGGTAGATG_005,10
ATGAAGAATGATTTCCACGA_001,183
ATGAAGAATGATTTCCACGA_002,147
TCGTGGCAGAAGATGACGGG_001,188
TCGTGGCAGAAGATGACGGG_002,10
TCGTGGCAGAAGATGACGGG_003,148
TCGTGGCAGAAGATGACGGG_004,113
TCGTGGCAGAAGATGACGGG_005,11
TGAAATCAAATGGAGTATCA_001,52
ACCTCGATGACGAAAACCTA_001,191
ACCTCGATGACGAAAACCTA_002,48
ACCTCGATGACGAAAACCTA_003,17
ACCTCGATGACGAAAACCTA_004,29
ACCTCGATGACGAAAACCTA_005,122
ACCTCGATGACGAAAACCTA_006,154
ACCTCGATGACGAAAACCTA_007,145
ACCTCGATGACGAAAACCTA_008,43
ACCTCGATGACGAAAACCTA_009,31
TATGCAAGCTCACATCACAC_001,151
TATGCAAGCTCACATCACAC_002,111
CTCTCAGAGCCGAATGCCGT_001,102
CTCTCAGAGCCGAATGCCGT_002,20
CTCTCAGAGCCGAATGCCGT_003,108
CTCTCAGAGCCGAATGCCGT_004,141
CTCTCAGAGCCGAATGCCGT_005,65
CTCTCAGAGCCGAATGCCGT_006,33
CTCTCAGAGCCGAATGCCGT_007,61
CTCTCAGAGCCGAATGCCGT_008,148
CTCTCAGAGCCGAATGCCGT_009,177
CTCTCAGAGCCGAATGCCGT_010,98
CTCTCAGAGCCGAATGCCGT_011,180
CTCTCAGAGCCGAATGCCGT_012,11
TTTCCTGAAAGCAGATGACA_001,188
TTTCCTGAAAGCAGATGACA_002,184
TTTCCTGAAAGCAGATGACA_003,170
TTTCCTGAAAGCAGATGACA_004,172
TTTCCTGAAAGCAGATGACA_005,16
TTTCCTGAAAGCAGATGACA_006,55
TTTCCTGAAAGCAGATGACA_007,35
TTTCCTGAAAGCAGATGACA_008,127
TTTCCTGAAAGCAGATGACA_009,152
TTCCAATGAACTTCTGAACA_001,17
TTCCAATGAACTTCTGAACA_002,150
GGGAGCGAATCGCCAACACG_001,194
GGGAGCGAATCGCCAACACG_002,19
GGGAGCGAATCGCCAACACG_003,157
GGGAGCGAATCGCCAACACG_004,162
GGGAGCGAATCGCCAACACG_005,20
GGGAGCGAATCGCCAACACG_006,177
GGGAGCGAATCGCCAACACG_007,158
GAGACCAGAAGAGACCCATG_001,102
GAGACCAGAAGAGACCCATG_002,150
GAGACCAGAAGAGACCCATG_003,96
GAGACCAGAAGAGACCCATG_004,6
GAGACCAGAAGAGACCCATG_005,36
GAGACCAGAAGAGACCCATG_006,113
GAGACCAGAAGAGACCCATG_007,48
GAGACCAGAAGAGACCCATG_008,169
GAGACCAGAAGAGACCCATG_009,50
GACAACTGCCAAGAGACCTG_001,176
GACAACTGCCAAGAGACCTG_002,134
GACAACTGCCAAGAGACCTG_003,29
GACAACTGCCAAGAGACCTG_004,185
GACAACTGCCAAGAGACCTG_005,165
GACAACTGCCAAGAGACCTG_006,52
TTTGCCCACAAATACTACAA_001,62
TTTGCCCACAAATACTACAA_002,8
AAGACTGAGACATATCCTCA_001,168
AAGACTGAGACATATCCTCA_002,62
GACCATGAAGAAACATGAGA_001,188
GACCATGAAGAAACATGAGA_002,78
GACCATGAAGAAACATGAGA_003,50
GACCATGAAGAAACATGAGA_004,0
GACCATGAAGAAACATGAGA_005,17
GACCATGAAGAAACATGAGA_006,130
GACCATGAAGAAACATGAGA_007,125
GACCATGAAGAAACATGAGA_008,147
GATCCTCATAATTCCCGACG_001,16
GATCCTCATAATTCCCGACG_002,65
GATCCTCATAATTCCCGACG_003,188
GGTATGTACACAAATCAACA_001,118
GGTATGTACACAAATCAACA_002,73
GGTATGTACACAAATCAACA_003,181
GGTATGTACACAAATCAACA_004,3
AGACCTCAGAGGACATATGG_001,29
AGACCTCAGAGGACATATGG_002,172
AGACCTCAGAGGACATATGG_003,40
AAATCTAAACTCTTATTCCT_001,9
CACAGAGGGCTACAATGTGA_001,42
CACAGAGGGCTACAATGTGA_002,42
CACAGAGGGCTACAATGTGA_003,103
CACAGAGGGCTACAATGTGA_004,102
CACAGAGGGCTACAATGTGA_005,52
CACAGAGGGCTACAATGTGA_006,187
CACAGAGGGCTACAATGTGA_007,162
CACAGAGGGCTACAATGTGA_008,10
CAGCCCAAACTGGTACCCGT_001,125
CAGCCCAAACTGGTACCCGT_002,192
CAGCCCAAACTGGTACCCGT_003,8
CAGCCCAAACTGGTACCCGT_004,156
CAGCCCAAACTGGTACCCGT_005,99
CAGCCCAAACTGGTACCCGT_006,172
CGCAGCGCATCCCGGCGTGT_001,12
CGCAGCGCATCCCGGCGTGT_002,9
CGCAGCGCATCCCGGCGTGT_003,65
CGCAGCGCATCCCGGCGTGT_004,31
CGCAGCGCATCCCGGCGTGT_005,34
CGCAGCGCATCCCGGCGTGT_006,166
CGCAGCGCATCCCGGCGTGT_007,160
CGCAGCGCATCCCGGCGTGT_008,141
CGCAGCGCATCCCGGCGTGT_009,11
CGCAGCGCATCCCGGCGTGT_010,157
CGCAGCGCATCCCGGCGTGT_011,180
CCCAGGGTGAGACAGCACTT_001,102
CCCAGGGTGAGACAGCACTT_002,116
CCCAGGGTGAGACAGCACTT_003,84
CCCAGGGTGAGACAGCACTT_004,130
CCCAGGGTGAGACAGCACTT_005,188
CCCAGGGTGAGACAGCACTT_006,3
CCCAGGGTGAGACAGCACTT_007,35
GCAGCGCCAAGCGGAGCCTG_001,175
GCAGCGCCAAGCGGAGCCTG_002,13
GCAGCGCCAAGCGGAGCCTG_003,83
GCAGCGCCAAGCGGAGCCTG_004,50
GCAGCGCCAAGCGGAGCCTG_005,199
GCAGCGCCAAGCGGAGCCTG_006,146
GCAGCGCCAAGCGGAGCCTG_007,172
GCAGCGCCAAGCGGAGCCTG_008,137
GCAGCGCCAAGCGGAGCCTG_009,117
CTGTGATGATTTGGTTCCTG_001,19
CTGTGATGATTTGGTTCCTG_002,115
GCTGCCATTGTATAGGCATG_001,169
GCTGCCATTGTATAGGCATG_002,175
GCTGCCATTGTATAGGCATG_003,18
GCTGCCATTGTATAGGCATG_004,63
ATACATGAAAGAACTCACAT_001,42
ATACATGAAAGAACTCACAT_002,15
ATACATGAAAGAACTCACAT_003,50
ATACATGAAAGAACTCACAT_004,130
ATACATGAAAGAACTCACAT_005,143
ATACATGAAAGAACTCACAT_006,182
ATACATGAAAGAACTCACAT_007,107
ATACATGAAAGAACTCACAT_008,48
ATACATGAAAGAACTCACAT_009,72
ATACATGAAAGAACTCACAT_010,127
ATACATGAAAGAACTCACAT_011,169
GTACAAAAGGGAAACACATG_001,173
GTACAAAAGGGAAACACATG_002,2
GTACAAAAGGGAAACACATG_003,146
GTACAAAAGGGAAACACATG_004,182
GTACAAAAGGGAAACACATG_005,5
GTACAAAAGGGAAACACATG_006,74
GTACAAAAGGGAAACACATG_007,149
GTACAAAAGGGAAACACATG_008,160
GTACAAAAGGGAAACACATG_009,98
TGGGTGTTCTTGCTTTGCTG_001,35
TGGGTGTTCTTGCTTTGCTG_002,169
TGGGTGTTCTTGCTTTGCTG_003,104
TGGGTGTTCTTGCTTTGCTG_004,26
TGGGTGTTCTTGCTTTGCTG_005,36
TGGGTGTTCTTGCTTTGCTG_006,45
GGCACGTCCAGCAACCCGTG_001,145
GACACGGCGTAAAGTGATGT_001,25
GACACGGCGTAAAGTGATGT_002,109
GACACGGCGTAAAGTGATGT_003,129
GACACGGCGTAAAGTGATGT_004,82
GACACGGCGTAAAGTGATGT_005,154
GACACGGCGTAAAGTGATGT_006,107
CAAAAAGGCGTTTGAGCGTG_001,92
CAAAAAGGCGTTTGAGCGTG_002,127
CAAAAAGGCGTTTGAGCGTG_003,60
CAAAAAGGCGTTTGAGCGTG_004,10
CAAAAAGGCGTTTGAGCGTG_005,150
CAAAAAGGCGTTTGAGCGTG_006,19
CAAAAAGGCGTTTGAGCGTG_007,106
CAAAAAGGCGTTTGAGCGTG_008,199
CAAAAAGGCGTTTGAGCGTG_009,6
CAAAAAGGCGTTTGAGCGTG_010,38
CAAAAAGGCGTTTGAGCGTG_011,108
CCAATGGAGCATCCTACGCA_001,151
CCAATGGAGCATCCTACGCA_002,49
CCAATGGAGCATCCTACGCA_003,170
CCAATGGAGCATCCTACGCA_004,114
CCAATGGAGCATCCTACGCA_005,131
CCTTGCAATTACCCACACGT_001,149
CCTTGCAATTACCCACACGT_002,145
CCTTGCAATTACCCACACGT_003,50
CCTTGCAATTACCCACACGT_004,72
CCTTGCAATTACCCACACGT_005,56
CCTTGCAATTACCCACACGT_006,56
CCTTGCAATTACCCACACGT_007,141
CCTTGCAATTACCCACACGT_008,79
CCTTGCAATTACCCACACGT_009,61
CCTTGCAATTACCCACACGT_010,87
CCTTGCAATTACCCACACGT_011,27
CCTTGCAATTACCCACACGT_012,99
CCTTGCAATTACCCACACGT_013,88
CCTTGCAATTACCCACACGT_014,153
CGAGGAAGAGGACTTCCACG_001,138
CGAGGAAGAGGACTTCCACG_002,54
CGAGGAAGAGGACTTCCACG_003,105
CGAGGAAGAGGACTTCCACG_004,190
CGAGGAAGAGGACTTCCACG_005,154
CGAGGAAGAGGACTTCCACG_006,134
CGAGGAAGAGGACTTCCACG_007,129
CGAGGAAGAGGACTTCCACG_008,55
CGAGGAAGAGGACTTCCACG_009,27
CGAGGAAGAGGACTTCCACG_010,10
CGAGGAAGAGGACTTCCACG_011,186
CGAGGAAGAGGACTTCCACG_012,94
CGAGGAAGAGGACTTCCACG_013,94
CGAGGAAGAGGACTTCCACG_014,198
CGAGGAAGAGGACTTCCACG_015,33
ACAGATGGAGAATTATACTC_001,127
ACAGATGGAGAATTATACTC_002,9
ACAGATGGAGAATTATACTC_003,135
ACAGATGGAGAATTATACTC_004,177
TACGGAACCAGGGCCAGGCG_001,91
TACGGAACCAGGGCCAGGCG_002,184
TACGGAACCAGGGCCAGGCG_003,115
TACGGAACCAGGGCCAGGCG_004,27
TACGGAACCAGGGCCAGGCG_005,64
TACGGAACCAGGGCCAGGCG_006,29
TACGGAACCAGGGCCAGGCG_007,191
TACGGAACCAGGGCCAGGCG_008,178
TACGGAACCAGGGCCAGGCG_009,186
TACGGAACCAGGGCCAGGCG_010,68
TACGGAACCAGGGCCAGGCG_011,113
TACGGAACCAGGGCCAGGCG_012,50
TACGGAACCAGGGCCAGGCG_013,92
TACGGAACCAGGGCCAGGCG_014,43
TACGGAACCAGGGCCAGGCG_015,1
TACGGAACCAGGGCCAGGCG_016,194
TACGGAACCAGGGCCAGGCG_017,34
TACGGAACCAGGGCCAGGCG_018,166
TACGGAACCAGGGCCAGGCG_019,80
TACGGAACCAGGGCCAGGCG_020,115
TACGGAACCAGGGCCAGGCG_021,120
TACGGAACCAGGGCCAGGCG_022,123
TACGGAACCAGGGCCAGGCG_023,123
TACGGAACCAGGGCCAGGCG_024,158
AGGAAACTCCGAAGTCTATG_001,122
AGGAAACTCCGAAGTCTATG_002,45
AGGAAACTCCGAAGTCTATG_003,181
AGGAAACTCCGAAGTCTATG_004,50
AGGAAACTCCGAAGTCTATG_005,15
AGGAAACTCCGAAGTCTATG_006,63
AGGAAACTCCGAAGTCTATG_007,138
AGGAAACTCCGAAGTCTATG_008,36
AGGAAACTCCGAAGTCTATG_009,165
AAGAAATGGTCTCCAAGACA_001,35
GCCGAAGCCAAATTCCTCAG_001,106
GCCGAAGCCAAATTCCTCAG_002,161
GCCGAAGCCAAATTCCTCAG_003,76
GCCGAAGCCAAATTCCTCAG_004,45
GCCGAAGCCAAATTCCTCAG_005,115
GCCGAAGCCAAATTCCTCAG_006,91
GCCGAAGCCAAATTCCTCAG_007,160
GCCGAAGCCAAATTCCTCAG_008,116
CTTAAGGAACCAGAAATATG_001,127
TTCGATGTAGTTGACAAGCG_001,37
TTCGATGTAGTTGACAAGCG_002,135
TTCGATGTAGTTGACAAGCG_003,174
AAAGATAAGCCATTATCTGG_001,46
AAAGATAAGCCATTATCTGG_002,34
AAAGATAAGCCATTATCTGG_003,105
AAAGATAAGCCATTATCTGG_004,105
AAAGATAAGCCATTATCTGG_005,70
CTCCACTTTGGACTCATCGT_001,17
CTCCACTTTGGACTCATCGT_002,93
CTCCACTTTGGACTCATCGT_003,11
CTCCACTTTGGACTCATCGT_004,197
CTCCACTTTGGACTCATCGT_005,102
CTCCACTTTGGACTCATCGT_006,129
CTCCACTTTGGACTCATCGT_007,38
CTCCACTTTGGACTCATCGT_008,115
CTCCACTTTGGACTCATCGT_009,58
CTCCACTTTGGACTCATCGT_010,70
CTCCACTTTGGACTCATCGT_011,50
CTCCACTTTGGACTCATCGT_012,194
CTCCACTTTGGACTCATCGT_013,121
CTCCACTTTGGACTCATCGT_014,164
CTCCACTTTGGACTCATCGT_015,164
CAGGTCACCATTCCCCAAGG_001,65
CAGGTCACCATTCCCCAAGG_002,45
CAGGTCACCATTCCCCAAGG_003,17
CAGGTCACCATTCCCCAAGG_004,79
CAGGTCACCATTCCCCAAGG_005,4
CAGGTCACCATTCCCCAAGG_006,142
CAGGTCACCATTCCCCAAGG_007,81
TCTGCAGGATTGCACAACAT_001,4
TCTGCAGGATTGCACAACAT_002,30
TCTGCAGGATTGCACAACAT_003,169
TCTGCAGGATTGCACAACAT_004,165
CCTGTTGACTTAATAGGAGG_001,137
CCTGTTGACTTAATAGGAGG_002,149
CCTGTTGACTTAATAGGAGG_003,50
CCTGTTGACTTAATAGGAGG_004,184
CCTGTTGACTTAATAGGAGG_005,9
CCTGTTGACTTAATAGGAGG_006,186
CCTGTTGACTTAATAGGAGG_007,112
CCTGTTGACTTAATAGGAGG_008,167
CCTGTTGACTTAATAGGAGG_009,36
CCTGTTGACTTAATAGGAGG_010,88
CCTGTTGACTTAATAGGAGG_011,8
CCTGTTGACTTAATAGGAGG_012,193
CCTGTTGACTTAATAGGAGG_013,41
CCTGTTGACTTAATAGGAGG_014,48
GCTGCAGCAGAATCTCCCAA_001,170
GCTGCAGCAGAATCTCCCAA_002,53
GCTGCAGCAGAATCTCCCAA_003,151
GCTGCAGCAGAATCTCCCAA_004,82
GCTGCAGCAGAATCTCCCAA_005,43
GCTGCAGCAGAATCTCCCAA_006,127
GCTGCAGCAGAATCTCCCAA_007,20
GCTGCAGCAGAATCTCCCAA_008,11
GCTGCAGCAGAATCTCCCAA_009,94
TTGCGGAGCCCAGTACCAGT_001,52
TTGCGGAGCCCAGTACCAGT_002,150
TTGCGGAGCCCAGTACCAGT_003,112
TTGCGGAGCCCAGTACCAGT_004,83
TTGCGGAGCCCAGTACCAGT_005,9
TTGCGGAGCCCAGTACCAGT_006,68
TTGCGGAGCCCAGTACCAGT_007,146
TTGCGGAGCCCAGTACCAGT_008,180
TTGCGGAGCCCAGTACCAGT_009,177
TTGCGGAGCCCAGTACCAGT_010,150
TTGCGGAGCCCAGTACCAGT_011,181
TTGCGGAGCCCAGTACCAGT_012,113
TTGCGGAGCCCAGTACCAGT_013,184
TTGCGGAGCCCAGTACCAGT_014,37
TTGCGGAGCCCAGTACCAGT_015,166
TTGCGGAGCCCAGTACCAGT_016,98
TTGCGGAGCCCAGTACCAGT_017,72
TTGCGGAGCCCAGTACCAGT_018,158
TTGCGGAGCCCAGTACCAGT_019,6
TTGCGGAGCCCAGTACCAGT_020,125
TTGCGGAGCCCAGTACCAGT_021,75
TTGCGGAGCCCAGTACCAGT_022,49
TTGCGGAGCCCAGTACCAGT_023,56
TTGCGGAGCCCAGTACCAGT_024,2
TTGCGGAGCCCAGTACCAGT_025,199
TTGCGGAGCCCAGTACCAGT_026,35
AGGTGTTAGACAAACCCAGT_001,30
AGGTGTTAGACAAACCCAGT_002,56
AGGTGTTAGACAAACCCAGT_003,17
AGGTGTTAGACAAACCCAGT_004,82
AGGTGTTAGACAAACCCAGT_005,148
TCAGCCACTTCAATACTCAT_001,141
TCAGCCACTTCAATACTCAT_002,169
TCAGCCACTTCAATACTCAT_003,108
TCAGCCACTTCAATACTCAT_004,128
TCAGCCACTTCAATACTCAT_005,49
TCAGCCACTTCAATACTCAT_006,147
TCAGCCACTTCAATACTCAT_007,65
TCAGCCACTTCAATACTCAT_008,39
TCAGCCACTTCAATACTCAT_009,152
ACGCATAAAATTGTACAACC_001,54
ACGCATAAAATTGTACAACC_002,161
GCTGGTATAGATGCTTGTAA_001,36
GCTGGTATAGATGCTTGTAA_002,80
GCTGGTATAGATGCTTGTAA_003,94
GCTGGTATAGATGCTTGTAA_004,169
GCTGGTATAGATGCTTGTAA_005,110
GCTGGTATAGATGCTTGTAA_006,29
GCTGGTATAGATGCTTGTAA_007,55
GCTGGTATAGATGCTTGTAA_008,176
GCTGGTATAGATGCTTGTAA_009,135
CGCAGGACAATCCCTCGTCG_001,147
CGCAGGACAATCCCTCGTCG_002,9
CGCAGGACAATCCCTCGTCG_003,8
AGTCATCAGAATTTGATGTG_001,168
AGTCATCAGAATTTGATGTG_002,190
AGTCATCAGAATTTGATGTG_003,13
AGTCATCAGAATTTGATGTG_004,10
AGTCATCAGAATTTGATGTG_005,166
CTGTTACTACAGCCACTGCT_001,144
CTGTTACTACAGCCACTGCT_002,170
CTGTTACTACAGCCACTGCT_003,184
GTGTTGTGAACAGATTGACC_001,193
GTGTTGTGAACAGATTGACC_002,6
TTGAGGGCCTCTTCTAATGG_001,57
TTGAGGGCCTCTTCTAATGG_002,12
CGTCCAATTTCATGGTACTG_001,2
CGTCCAATTTCATGGTACTG_002,48
TACAGGTTCATACGTTCCAA_001,30
TACAGGTTCATACGTTCCAA_002,197
TACAGGTTCATACGTTCCAA_003,94
AGGCTATCTCTACACCTACT_001,12
AGGCTATCTCTACACCTACT_002,159
AGGCTATCTCTACACCTACT_003,176
AGGTAGAGGAGGATCATGGT_001,29
AGGTAGAGGAGGATCATGGT_002,34
AGGTAGAGGAGGATCATGGT_003,199
AGGTAGAGGAGGATCATGGT_004,76
AGGTAGAGGAGGATCATGGT_005,31
AGGTAGAGGAGGATCATGGT_006,12
AGGTAGAGGAGGATCATGGT_007,172
AGGTAGAGGAGGATCATGGT_008,60
AGGTAGAGGAGGATCATGGT_009,16
AGGTAGAGGAGGATCATGGT_010,41
AGGTAGAGGAGGATCATGGT_011,121
AGGTAGAGGAGGATCATGGT_012,130
AGGTAGAGGAGGATCATGGT_013,183
AGGTAGAGGAGGATCATGGT_014,26
GGGGACACGCTGGTGCACCT_001,68
GGGGACACGCTGGTGCACCT_002,41
GGGGACACGCTGGTGCACCT_003,146
GGGGACACGCTGGTGCACCT_004,158
GGGGACACGCTGGTGCACCT_005,96
GGGGACACGCTGGTGCACCT_006,145
GGGGACACGCTGGTGCACCT_007,70
GGGGACACGCTGGTGCACCT_008,50
GGGGACACGCTGGTGCACCT_009,26
GGGGACACGCTGGTGCACCT_010,61
GGGGACACGCTGGTGCACCT_011,138
GGGGACACGCTGGTGCACCT_012,81
GGGGACACGCTGGTGCACCT_013,104
GGGGACACGCTGGTGCACCT_014,97
GGGGACACGCTGGTGCACCT_015,78
GGGGACACGCTGGTGCACCT_016,159
GGGGACACGCTGGTGCACCT_017,157
AGTGGTCAACTGGAGAGTCA_001,42
AGTGGTCAACTGGAGAGTCA_002,150
AGTGGTCAACTGGAGAGTCA_003,194
AGTGGTCAACTGGAGAGTCA_004,51
AGTGGTCAACTGGAGAGTCA_005,58
AGTGGTCAACTGGAGAGTCA_006,170
AGTGGTCAACTGGAGAGTCA_007,28
AGTGGTCAACTGGAGAGTCA_008,22
AGTGGTCAACTGGAGAGTCA_009,10
AGTGGTCAACTGGAGAGTCA_010,198
AGTGGTCAACTGGAGAGTCA_011,50
AGTGGTCAACTGGAGAGTCA_012,190
AGTGGTCAACTGGAGAGTCA_013,195
AGTGGTCAACTGGAGAGTCA_014,56
AGTGGTCAACTGGAGAGTCA_015,15
AGTGGTCAACTGGAGAGTCA_016,135
AGTGGTCAACTGGAGAGTCA_017,98
TCGTCCGGGTGGTCCTCTGG_001,8
TCGTCCGGGTGGTCCTCTGG_002,145
TCGTCCGGGTGGTCCTCTGG_003,35
TCGTCCGGGTGGTCCTCTGG_004,133
TCGTCCGGGTGGTCCTCTGG_005,82
TCGTCCGGGTGGTCCTCTGG_006,175
TCGTCCGGGTGGTCCTCTGG_007,63
TCGTCCGGGTGGTCCTCTGG_008,144
CTTTCTATGGGTCAAGCAGA_001,83
CTTTCTATGGGTCAAGCAGA_002,95
CTTTCTATGGGTCAAGCAGA_003,1
CTTTCTATGGGTCAAGCAGA_004,147
TCTAGTTGTCTCCTCAACAA_001,62
TCTAGTTGTCTCCTCAACAA_002,32
CAAAGGGACTTGGTGCCGCG_001,68
CAAAGGGACTTGGTGCCGCG_002,34
CAAAGGGACTTGGTGCCGCG_003,177
CAAAGGGACTTGGTGCCGCG_004,88
CAAAGGGACTTGGTGCCGCG_005,18
CAAAGGGACTTGGTGCCGCG_006,38
CAAAGGGACTTGGTGCCGCG_007,160
CAAAGGGACTTGGTGCCGCG_008,68
CAAAGGGACTTGGTGCCGCG_009,183
CAAAGGGACTTGGTGCCGCG_010,29
CAAAGGGACTTGGTGCCGCG_011,95
CAAAGGGACTTGGTGCCGCG_012,193
CAAAGGGACTTGGTGCCGCG_013,42
CAAAGGGACTTGGTGCCGCG_014,169
CAAAGGGACTTGGTGCCGCG_015,42
CAAAGGGACTTGGTGCCGCG_016,75
CAAAGGGACTTGGTGCCGCG_017,95
CAAAGGGACTTGGTGCCGCG_018,53
CAAAGGGACTTGGTGCCGCG_019,54
CAAAGGGACTTGGTGCCGCG_020,92
CAAAGGGACTTGGTGCCGCG_021,9
CAAAGGGACTTGGTGCCGCG_022,148
CAAAGGGACTTGGTGCCGCG_023,93
CAAAGGGACTTGGTGCCGCG_024,184
AGAATCTGGTGATTATGGGT_001,159
AGAATCTGGTGATTATGGGT_002,41
AGAATCTGGTGATTATGGGT_003,135
AGAATCTGGTGATTATGGGT_004,7
AGAATCTGGTGATTATGGGT_005,28
GATTCCGCTGGTTTACACCC_001,63
GGAGGCTAGAGCCCCACTCG_001,68
ACCTCACAGAACATCAACCT_001,103
ACCTCACAGAACATCAACCT_002,27
ACCTCACAGAACATCAACCT_003,48
ACCTCACAGAACATCAACCT_004,105
ACCTCACAGAACATCAACCT_005,166
ACCTCACAGAACATCAACCT_006,63
ACCTCACAGAACATCAACCT_007,98
ACCTCACAGAACATCAACCT_008,182
ACCTCACAGAACATCAACCT_009,144
ACCTCACAGAACATCAACCT_010,155
ACCTCACAGAACATCAACCT_011,127
ACCTCACAGAACATCAACCT_012,54
ACCTCACAGAACATCAACCT_013,184
ACCTCACAGAACATCAACCT_014,158
ACCTCACAGAACATCAACCT_015,133
ACCTCACAGAACATCAACCT_016,63
ACCTCACAGAACATCAACCT_017,131
ACCTCACAGAACATCAACCT_018,131
AATCCACCTTAAGGCAACAA_001,187
AATCCACCTTAAGGCAACAA_002,16
AATCCACCTTAAGGCAACAA_003,93
AATCCACCTTAAGGCAACAA_004,84
AATCCACCTTAAGGCAACAA_005,65
AATCCACCTTAAGGCAACAA_006,169
AATCCACCTTAAGGCAACAA_007,121
AATCCACCTTAAGGCAACAA_008,93
AATCCACCTTAAGGCAACAA_009,113
AATCCACCTTAAGGCAACAA_010,124
AACTTCGACAAGGCTCGCGT_001,58
AACTTCGACAAGGCTCGCGT_002,43
AACTTCGACAAGGCTCGCGT_003,130
AACTTCGACAAGGCTCGCGT_004,183
AACTTCGACAAGGCTCGCGT_005,3
AACTTCGACAAGGCTCGCGT_006,47
AACTTCGACAAGGCTCGCGT_007,140
AACTTCGACAAGGCTCGCGT_008,68
AACTTCGACAAGGCTCGCGT_009,184
AACTTCGACAAGGCTCGCGT_010,186
AACTTCGACAAGGCTCGCGT_011,166
AACTTCGACAAGGCTCGCGT_012,80
AACTTCGACAAGGCTCGCGT_013,174
AACTTCGACAAGGCTCGCGT_014,172
AACTTCGACAAGGCTCGCGT_015,188
AACTTCGACAAGGCTCGCGT_016,172
AACTTCGACAAGGCTCGCGT_017,176
AACTTCGACAAGGCTCGCGT_018,144
AACTTCGACAAGGCTCGCGT_019,117
AACTTCGACAAGGCTCGCGT_020,157
AACTTCGACAAGGCTCGCGT_021,157
AACTTCGACAAGGCTCGCGT_022,54
AACTTCGACAAGGCTCGCGT_023,113
AACTTCGACAAGGCTCGCGT_024,28
AACTTCGACAAGGCTCGCGT_025,142
AACTTCGACAAGGCTCGCGT_026,19
AACTTCGACAAGGCTCGCGT_027,94
AACTTCGACAAGGCTCGCGT_028,168
AACTTCGACAAGGCTCGCGT_029,198
AACTTCGACAAGGCTCGCGT_030,17
AACTTCGACAAGGCTCGCGT_031,149
AACTTCGACAAGGCTCGCGT_032,1
AACTTCGACAAGGCTCGCGT_033,103
AACTTCGACAAGGCTCGCGT_034,118
AACTTCGACAAGGCTCGCGT_035,3
AACTTCGACAAGGCTCGCGT_036,40
AACTTCGACAAGGCTCGCGT_037,162
AACTTCGACAAGGCTCGCGT_038,133
GGTTGTCTATGAAGTAGTCG_001,155
GGTTGTCTATGAAGTAGTCG_002,15
GGTTGTCTATGAAGTAGTCG_003,91
GGTTGTCTATGAAGTAGTCG_004,115
GGTTGTCTATGAAGTAGTCG_005,184
GGTTGTCTATGAAGTAGTCG_006,115
GGTTGTCTATGAAGTAGTCG_007,40
GGTTGTCTATGAAGTAGTCG_008,106
AGCCGTATGAGTCCTACACA_001,60
AGCCGTATGAGTCCTACACA_002,121
AGCCGTATGAGTCCTACACA_003,1
AGCCGTATGAGTCCTACACA_004,155
TGTTTGGGGAGCATAGTGCG_001,103
TGTTTGGGGAGCATAGTGCG_002,78
TGCAGCAAAACCATCCAGGC_001,80
TGCAGCAAAACCATCCAGGC_002,41
TGCAGCAAAACCATCCAGGC_003,107
TGCAGCAAAACCATCCAGGC_004,6
TGCAGCAAAACCATCCAGGC_005,45
TGCAGCAAAACCATCCAGGC_006,188
TGCAGCAAAACCATCCAGGC_007,80
TGCAGCAAAACCATCCAGGC_008,80
TGCAGCAAAACCATCCAGGC_009,53
TGCAGCAAAACCATCCAGGC_010,166
TGCAGCAAAACCATCCAGGC_011,188
TGCAGCAAAACCATCCAGGC_012,78
TGCAGCAAAACCATCCAGGC_013,127
TGCAGCAAAACCATCCAGGC_014,144
TGCAGCAAAACCATCCAGGC_015,146
TGCAGCAAAACCATCCAGGC_016,103
TGCAGCAAAACCATCCAGGC_017,48
TGCAGCAAAACCATCCAGGC_018,199
TGCAGCAAAACCATCCAGGC_019,60
ACACCATAGTACAGGCAACC_001,111
CCAACTCTGCTATGAAAAAG_001,0
CCAACTCTGCTATGAAAAAG_002,24
CCAACTCTGCTATGAAAAAG_003,174
CCAACTCTGCTATGAAAAAG_004,76
CCAACTCTGCTATGAAAAAG_005,92
ATGGTGTCATAGTAACAGGT_001,57
GATCTTGCTGACAAGAGGTA_001,160
GATCTTGCTGACAAGAGGTA_002,132
GATCTTGCTGACAAGAGGTA_003,60
GATCTTGCTGACAAGAGGTA_004,17
GATCTTGCTGACAAGAGGTA_005,191
GATCTTGCTGACAAGAGGTA_006,147
GATCTTGCTGACAAGAGGTA_007,27
GATCTTGCTGACAAGAGGTA_008,7
GATCTTGCTGACAAGAGGTA_009,127
GATCTTGCTGACAAGAGGTA_010,82
GATCTTGCTGACAAGAGGTA_011,168
GATCTTGCTGACAAGAGGTA_012,115
AGCATTTGCGCGGCAACTGT_001,23
AGCATTTGCGCGGCAACTGT_002,195
AGCATTTGCGCGGCAACTGT_003,158
AGCATTTGCGCGGCAACTGT_004,88
AGCATTTGCGCGGCAACTGT_005,24
AGCATTTGCGCGGCAACTGT_006,171
AGCATTTGCGCGGCAACTGT_007,122
AGCATTTGCGCGGCAACTGT_008,195
AGCATTTGCGCGGCAACTGT_009,43
AGCATTTGCGCGGCAACTGT_010,49
AGCATTTGCGCGGCAACTGT_011,174
AGCATTTGCGCGGCAACTGT_012,15
AGCATTTGCGCGGCAACTGT_013,174
AGCATTTGCGCGGCAACTGT_014,168
AGCATTTGCGCGGCAACTGT_015,141
AGCATTTGCGCGGCAACTGT_016,53
AGCATTTGCGCGGCAACTGT_017,34
AGCATTTGCGCGGCAACTGT_018,56
AGCATTTGCGCGGCAACTGT_019,124
AGCATTTGCGCGGCAACTGT_020,199
AGCATTTGCGCGGCAACTGT_021,29
AGCATTTGCGCGGCAACTGT_022,56
AGCATTTGCGCGGCAACTGT_023,10
AGCATTTGCGCGGCAACTGT_024,153
AGCATTTGCGCGGCAACTGT_025,197
AGCATTTGCGCGGCAACTGT_026,130
AGCATTTGCGCGGCAACTGT_027,145
AGCATTTGCGCGGCAACTGT_028,49
AGCATTTGCGCGGCAACTGT_029,108
AGCATTTGCGCGGCAACTGT_030,26
AGCATTTGCGCGGCAACTGT_031,100
GAGAAAATGCCTGAAGAATG_001,115
GAGAAAATGCCTGAAGAATG_002,120
GAGAAAATGCCTGAAGAATG_003,137
GAGAAAATGCCTGAAGAATG_004,16
GAGAAAATGCCTGAAGAATG_005,191
GAGAAAATGCCTGAAGAATG_006,75
GAGAAAATGCCTGAAGAATG_007,34
GAGAAAATGCCTGAAGAATG_008,34
TGGGGGCTACCTGATGTGCG_001,183
TGGGGGCTACCTGATGTGCG_002,27
TGGGGGCTACCTGATGTGCG_003,147
TGGGGGCTACCTGATGTGCG_004,81
TGGGGGCTACCTGATGTGCG_005,106
TGGGGGCTACCTGATGTGCG_006,117
TGGGGGCTACCTGATGTGCG_007,150
TGGGGGCTACCTGATGTGCG_008,181
TGGGGGCTACCTGATGTGCG_009,43
TGGGGGCTACCTGATGTGCG_010,162
TGGGGGCTACCTGATGTGCG_011,149
TGGGGGCTACCTGATGTGCG_012,120
TGGGGGCTACCTGATGTGCG_013,34
TGGGGGCTACCTGATGTGCG_014,189
TGGGGGCTACCTGATGTGCG_015,103
TGGGGGCTACCTGATGTGCG_016,199
GGAGCACTATTTCCACGCCG_001,87
GGAGCACTATTTCCACGCCG_002,137
GGAGCACTATTTCCACGCCG_003,125
GGAGCACTATTTCCACGCCG_004,84
ATCACACACGTAACAACGAG_001,126
ATCACACACGTAACAACGAG_002,192
ATCACACACGTAACAACGAG_003,11
ATCACACACGTAACAACGAG_004,51
ATCACACACGTAACAACGAG_005,92
ATCACACACGTAACAACGAG_006,108
ATCACACACGTAACAACGAG_007,78
ATCACACACGTAACAACGAG_008,2
ATCACACACGTAACAACGAG_009,113
ATCACACACGTAACAACGAG_010,69
GATCCCATCCGGAAGAAGCG_001,119
GATCCCATCCGGAAGAAGCG_002,145
GATCCCATCCGGAAGAAGCG_003,2
GATCCCATCCGGAAGAAGCG_004,140
GATCCCATCCGGAAGAAGCG_005,196
GATCCCATCCGGAAGAAGCG_006,64
GATCCCATCCGGAAGAAGCG_007,132
TGAACTGAACAACCGAGTTG_001,26
TGAACTGAACAACCGAGTTG_002,52
TGAACTGAACAACCGAGTTG_003,69
TGAACTGAACAACCGAGTTG_004,116
TGAACTGAACAACCGAGTTG_005,48
TGAACTGAACAACCGAGTTG_006,107
TGAACTGAACAACCGAGTTG_007,25
TGAACTGAACAACCGAGTTG_008,92
TGAACTGAACAACCGAGTTG_009,121
TGAACTGAACAACCGAGTTG_010,157
TGAACTGAACAACCGAGTTG_011,98
TGAACTGAACAACCGAGTTG_012,55
GCCGACAGCGAGCTGTACTG_001,32
GCCGACAGCGAGCTGTACTG_002,45
GCCGACAGCGAGCTGTACTG_003,55
GCCGACAGCGAGCTGTACTG_004,77
GCCGACAGCGAGCTGTACTG_005,105
GCCGACAGCGAGCTGTACTG_006,153
GCCGACAGCGAGCTGTACTG_007,58
GCCGACAGCGAGCTGTACTG_008,36
GCCGACAGCGAGCTGTACTG_009,26
GCCGACAGCGAGCTGTACTG_010,171
GCCGACAGCGAGCTGTACTG_011,54
GCCGACAGCGAGCTGTACTG_012,181
GCCGACAGCGAGCTGTACTG_013,32
GCCGACAGCGAGCTGTACTG_014,171
GCCGACAGCGAGCTGTACTG_015,49
GCCGACAGCGAGCTGTACTG_016,17
GCCGACAGCGAGCTGTACTG_017,177
GCCGACAGCGAGCTGTACTG_018,70
GCCGACAGCGAGCTGTACTG_019,127
GCCGACAGCGAGCTGTACTG_020,127
GCCGACAGCGAGCTGTACTG_021,186
GCCGACAGCGAGCTGTACTG_022,50
GCCGACAGCGAGCTGTACTG_023,112
GCCGACAGCGAGCTGTACTG_024,175
GCCGACAGCGAGCTGTACTG_025,140
GCCGACAGCGAGCTGTACTG_026,127
GCCGACAGCGAGCTGTACTG_027,81
GCCGACAGCGAGCTGTACTG_028,38
GCCGACAGCGAGCTGTACTG_029,185
GCCGACAGCGAGCTGTACTG_030,86
GCCGACAGCGAGCTGTACTG_031,160
GCCGACAGCGAGCTGTACTG_032,103
GCCGACAGCGAGCTGTACTG_033,149
GCCGACAGCGAGCTGTACTG_034,155
GCCGACAGCGAGCTGTACTG_035,96
GCCGACAGCGAGCTGTACTG_036,96
GCCGACAGCGAGCTGTACTG_037,78
GCCGACAGCGAGCTGTACTG_038,145
GCCGACAGCGAGCTGTACTG_039,13
GCCGACAGCGAGCTGTACTG_040,81
CATTAGCCTTCATTACCAGA_001,12
CATTAGCCTTCATTACCAGA_002,137
CATTAGCCTTCATTACCAGA_003,22
CATTAGCCTTCATTACCAGA_004,67
CATTAGCCTTCATTACCAGA_005,38
CATTAGCCTTCATTACCAGA_006,30
ATGACCACCAACACTTACAT_001,169
ATGACCACCAACACTTACAT_002,33
ATGACCACCAACACTTACAT_003,48
ATGACCACCAACACTTACAT_004,68
ATGACCACCAACACTTACAT_005,130
ATGACCACCAACACTTACAT_006,1
ATGACCACCAACACTTACAT_007,75
ATGACCACCAACACTTACAT_008,126
ATGACCACCAACACTTACAT_009,43
ATGACCACCAACACTTACAT_010,145
ATGACCACCAACACTTACAT_011,146
ATGACCACCAACACTTACAT_012,4
ATGACCACCAACACTTACAT_013,180
ATGACCACCAACACTTACAT_014,19
ACATAGACGGATCTCAATGG_001,141
ACATAGACGGATCTCAATGG_002,147
ACATAGACGGATCTCAATGG_003,155
ACATAGACGGATCTCAATGG_004,80
ACATAGACGGATCTCAATGG_005,46
AGGCCGCGAATCTGCTGTTG_001,194
AGGCCGCGAATCTGCTGTTG_002,51
AGATGCACGCTTAGGCACAG_001,62
AGATGCACGCTTAGGCACAG_002,157
AGATGCACGCTTAGGCACAG_003,160
AGATGCACGCTTAGGCACAG_004,146
AGATGCACGCTTAGGCACAG_005,140
AGATGCACGCTTAGGCACAG_006,22
AGATGCACGCTTAGGCACAG_007,139
AGATGCACGCTTAGGCACAG_008,137
AGATGCACGCTTAGGCACAG_009,52
AGATGCACGCTTAGGCACAG_010,16
AGATGCACGCTTAGGCACAG_011,59
AGATGCACGCTTAGGCACAG_012,162
AGATGCACGCTTAGGCACAG_013,118
AGATGCACGCTTAGGCACAG_014,182
AGATGCACGCTTAGGCACAG_015,186
AGATGCACGCTTAGGCACAG_016,2
AGATGCACGCTTAGGCACAG_017,144
AGATGCACGCTTAGGCACAG_018,28
AGATGCACGCTTAGGCACAG_019,170
AGATGCACGCTTAGGCACAG_020,177
AGATGCACGCTTAGGCACAG_021,59
AGATGCACGCTTAGGCACAG_022,183
AGATGCACGCTTAGGCACAG_023,190
AGATGCACGCTTAGGCACAG_024,156
AGATGCACGCTTAGGCACAG_025,119
AGATGCACGCTTAGGCACAG_026,19
AGATGCACGCTTAGGCACAG_027,177
AGATGCACGCTTAGGCACAG_028,99
AGATGCACGCTTAGGCACAG_029,78
AGATGCACGCTTAGGCACAG_030,88
AGATGCACGCTTAGGCACAG_031,150
AGATGCACGCTTAGGCACAG_032,34
AGATGCACGCTTAGGCACAG_033,34
AGATGCACGCTTAGGCACAG_034,136
AGATGCACGCTTAGGCACAG_035,168
AGATGCACGCTTAGGCACAG_036,108
AACCATAGCAATTGGACTTG_001,111
AACCATAGCAATTGGACTTG_002,29
AACCATAGCAATTGGACTTG_003,172
AGATTGATGTCTCCTACCTG_001,173
AGATTGATGTCTCCTACCTG_002,38
AGATTGATGTCTCCTACCTG_003,181
AGATTGATGTCTCCTACCTG_004,137
CGGATTATGTTGTCTATGGG_001,17
GGCCTTGATCCTCCAACACA_001,155
GGCCTTGATCCTCCAACACA_002,146
GGCCTTGATCCTCCAACACA_003,177
GGCCTTGATCCTCCAACACA_004,186
GGCCTTGATCCTCCAACACA_005,196
GGCCTTGATCCTCCAACACA_006,146
GGCCTTGATCCTCCAACACA_007,146
GGCCTTGATCCTCCAACACA_008,116
GGCCTTGATCCTCCAACACA_009,133
GGCCTTGATCCTCCAACACA_010,28
GGCCTTGATCCTCCAACACA_011,48
GGCCTTGATCCTCCAACACA_012,46
GGCCTTGATCCTCCAACACA_013,84
GGCCTTGATCCTCCAACACA_014,151
CTCCGCACTGTGCCTCCTTG_001,115
CTCCGCACTGTGCCTCCTTG_002,58
CTCCGCACTGTGCCTCCTTG_003,193
CTCCGCACTGTGCCTCCTTG_004,177
CTCCGCACTGTGCCTCCTTG_005,182
CTCCGCACTGTGCCTCCTTG_006,120
CTCCGCACTGTGCCTCCTTG_007,161
CTCCGCACTGTGCCTCCTTG_008,27
CTCCGCACTGTGCCTCCTTG_009,198
CTCCGCACTGTGCCTCCTTG_010,36
CTCCGCACTGTGCCTCCTTG_011,176
CTCCGCACTGTGCCTCCTTG_012,177
CTCCGCACTGTGCCTCCTTG_013,150
CTCCGCACTGTGCCTCCTTG_014,80
CTCCGCACTGTGCCTCCTTG_015,152
CTCCGCACTGTGCCTCCTTG_016,66
CTCCGCACTGTGCCTCCTTG_017,175
CTCCGCACTGTGCCTCCTTG_018,175
CTCCGCACTGTGCCTCCTTG_019,136
CTCCGCACTGTGCCTCCTTG_020,74
GATAGAAGGCAAACTCAGTG_001,94
GATAGAAGGCAAACTCAGTG_002,50
GATAGAAGGCAAACTCAGTG_003,168
GATAGAAGGCAAACTCAGTG_004,131
GATAGAAGGCAAACTCAGTG_005,49
GATAGAAGGCAAACTCAGTG_006,138
GATAGAAGGCAAACTCAGTG_007,32
GATAGAAGGCAAACTCAGTG_008,171
GATAGAAGGCAAACTCAGTG_009,175
GATAGAAGGCAAACTCAGTG_010,26
GATAGAAGGCAAACTCAGTG_011,113
GATAGAAGGCAAACTCAGTG_012,177
GATAGAAGGCAAACTCAGTG_013,5
GATAGAAGGCAAACTCAGTG_014,173
GATAGAAGGCAAACTCAGTG_015,6
GATAGAAGGCAAACTCAGTG_016,176
GATAGAAGGCAAACTCAGTG_017,15
GATAGAAGGCAAACTCAGTG_018,19
GTATACAGCTTTGATCCAGT_001,135
GTATACAGCTTTGATCCAGT_002,157
GTATACAGCTTTGATCCAGT_003,55
GTATACAGCTTTGATCCAGT_004,137
GTATACAGCTTTGATCCAGT_005,63
AATTAAGAGTGGATGCATCA_001,29
AATTAAGAGTGGATGCATCA_002,181
AATTAAGAGTGGATGCATCA_003,67
AATTAAGAGTGGATGCATCA_004,158
AATTAAGAGTGGATGCATCA_005,117
AATTAAGAGTGGATGCATCA_006,138
AATTAAGAGTGGATGCATCA_007,138
AACGTGTGTAAAGTGCAGAA_001,130
AACGTGTGTAAAGTGCAGAA_002,134
AACGTGTGTAAAGTGCAGAA_003,183
AACGTGTGTAAAGTGCAGAA_004,27
AACGTGTGTAAAGTGCAGAA_005,194
AACGTGTGTAAAGTGCAGAA_006,88
AACGTGTGTAAAGTGCAGAA_007,58
AACGTGTGTAAAGTGCAGAA_008,117
AACGTGTGTAAAGTGCAGAA_009,115
AACGTGTGTAAAGTGCAGAA_010,1
AACGTGTGTAAAGTGCAGAA_011,150
AACGTGTGTAAAGTGCAGAA_012,148
AACGTGTGTAAAGTGCAGAA_013,76
AACGTGTGTAAAGTGCAGAA_014,115
AACGTGTGTAAAGTGCAGAA_015,183
AACGTGTGTAAAGTGCAGAA_016,64
AACGTGTGTAAAGTGCAGAA_017,175
AACGTGTGTAAAGTGCAGAA_018,76
AACGTGTGTAAAGTGCAGAA_019,94
AACGTGTGTAAAGTGCAGAA_020,156
AACGTGTGTAAAGTGCAGAA_021,70
AACGTGTGTAAAGTGCAGAA_022,140
AACGTGTGTAAAGTGCAGAA_023,76
AACGTGTGTAAAGTGCAGAA_024,192
AACGTGTGTAAAGTGCAGAA_025,158
AACGTGTGTAAAGTGCAGAA_026,180
AACGTGTGTAAAGTGCAGAA_027,139
AACGTGTGTAAAGTGCAGAA_028,133
AACGTGTGTAAAGTGCAGAA_029,127
AACGTGTGTAAAGTGCAGAA_030,78
AACGTGTGTAAAGTGCAGAA_031,79
AACGTGTGTAAAGTGCAGAA_032,40
AACGTGTGTAAAGTGCAGAA_033,124
AACGTGTGTAAAGTGCAGAA_034,19
AACGTGTGTAAAGTGCAGAA_035,170
AACGTGTGTAAAGTGCAGAA_036,19
CCAGCGTCGAGCCCAGCGGG_001,29
CCAGCGTCGAGCCCAGCGGG_002,130
CCAGCGTCGAGCCCAGCGGG_003,41
CCAGCGTCGAGCCCAGCGGG_004,152
CCAGCGTCGAGCCCAGCGGG_005,77
CCAGCGTCGAGCCCAGCGGG_006,137
CCAGCGTCGAGCCCAGCGGG_007,47
CCAGCGTCGAGCCCAGCGGG_008,132
CCAGCGTCGAGCCCAGCGGG_009,16
CCAGCGTCGAGCCCAGCGGG_010,144
CCAGCGTCGAGCCCAGCGGG_011,4
CCAGCGTCGAGCCCAGCGGG_012,29
CCAGCGTCGAGCCCAGCGGG_013,77
CCAGCGTCGAGCCCAGCGGG_014,29
CCAGCGTCGAGCCCAGCGGG_015,127
CCAGCGTCGAGCCCAGCGGG_016,158
CCAGCGTCGAGCCCAGCGGG_017,121
CCAGCGTCGAGCCCAGCGGG_018,34
CCAGCGTCGAGCCCAGCGGG_019,75
CCAGCGTCGAGCCCAGCGGG_020,8
CCAGCGTCGAGCCCAGCGGG_021,76
CCAGCGTCGAGCCCAGCGGG_022,62
CCAGCGTCGAGCCCAGCGGG_023,65
CCAGCGTCGAGCCCAGCGGG_024,16
CCAGCGTCGAGCCCAGCGGG_025,2
CCAGCGTCGAGCCCAGCGGG_026,24
CCAGCGTCGAGCCCAGCGGG_027,88
CCAGCGTCGAGCCCAGCGGG_028,184
CCAGCGTCGAGCCCAGCGGG_029,140
CCAGCGTCGAGCCCAGCGGG_030,125
CCAGCGTCGAGCCCAGCGGG_031,6
CCAGCGTCGAGCCCAGCGGG_032,199
CCAGCGTCGAGCCCAGCGGG_033,29
CCAGCGTCGAGCCCAGCGGG_034,77
CCAGCGTCGAGCCCAGCGGG_035,177
CCAGCGTCGAGCCCAGCGGG_036,168
CCAGCGTCGAGCCCAGCGGG_037,138
CCAGCGTCGAGCCCAGCGGG_038,115
TATCGTGAAGAACTACACTG_001,153
TATCGTGAAGAACTACACTG_002,137
TATCGTGAAGAACTACACTG_003,164
TATCGTGAAGAACTACACTG_004,79
TATCGTGAAGAACTACACTG_005,138
TATCGTGAAGAACTACACTG_006,70
TATCGTGAAGAACTACACTG_007,137
TATCGTGAAGAACTACACTG_008,118
TATCGTGAAGAACTACACTG_009,94
TATCGTGAAGAACTACACTG_010,85
TATCGTGAAGAACTACACTG_011,63
TATCGTGAAGAACTACACTG_012,94
TATCGTGAAGAACTACACTG_013,148
TATCGTGAAGAACTACACTG_014,9
TATCGTGAAGAACTACACTG_015,65
TATCGTGAAGAACTACACTG_016,2
TATCGTGAAGAACTACACTG_017,46
TATCGTGAAGAACTACACTG_018,27
GGAAGAGGGACCACCATGGT_001,82
GGAAGAGGGACCACCATGGT_002,112
GGAAGAGGGACCACCATGGT_003,48
GGAAGAGGGACCACCATGGT_004,73
GGAAGAGGGACCACCATGGT_005,35
GGAAGAGGGACCACCATGGT_006,59
GGAAGAGGGACCACCATGGT_007,66
TGCATGGCCTGTTCATGATG_001,150
TGCATGGCCTGTTCATGATG_002,186
TGCATGGCCTGTTCATGATG_003,92
TGCATGGCCTGTTCATGATG_004,199
TGCATGGCCTGTTCATGATG_005,69
TGCATGGCCTGTTCATGATG_006,94
TGCATGGCCTGTTCATGATG_007,144
TGCATGGCCTGTTCATGATG_008,72
TGCATGGCCTGTTCATGATG_009,13
TGCATGGCCTGTTCATGATG_010,198
TGCATGGCCTGTTCATGATG_011,8
TGCATGGCCTGTTCATGATG_012,139
TGCATGGCCTGTTCATGATG_013,132
TGCATGGCCTGTTCATGATG_014,158
TGCATGGCCTGTTCATGATG_015,76
TGCATGGCCTGTTCATGATG_016,68
TGCATGGCCTGTTCATGATG_017,126
CTTCTGTGCAGATTGACAGT_001,2
CTTCTGTGCAGATTGACAGT_002,129
CTTCTGTGCAGATTGACAGT_003,86
GAGCTGCAAGTCGTACCCAT_001,199
GAGCTGCAAGTCGTACCCAT_002,7
GAGCTGCAAGTCGTACCCAT_003,7
GAGCTGCAAGTCGTACCCAT_004,122
GAGCTGCAAGTCGTACCCAT_005,139
GAGCTGCAAGTCGTACCCAT_006,12
GAGCTGCAAGTCGTACCCAT_007,145
GAGCTGCAAGTCGTACCCAT_008,61
GAGCTGCAAGTCGTACCCAT_009,82
GAGCTGCAAGTCGTACCCAT_010,188
GAGCTGCAAGTCGTACCCAT_011,113
GAGCTGCAAGTCGTACCCAT_012,161
GAGCTGCAAGTCGTACCCAT_013,115
GAGCTGCAAGTCGTACCCAT_014,184
GAGCTGCAAGTCGTACCCAT_015,55
GAGCTGCAAGTCGTACCCAT_016,106
GAGCTGCAAGTCGTACCCAT_017,58
GAGCTGCAAGTCGTACCCAT_018,158
GAGCTGCAAGTCGTACCCAT_019,168
GAGCTGCAAGTCGTACCCAT_020,48
GAGCTGCAAGTCGTACCCAT_021,170
CACCAGCAACAACTTCAATC_001,62
CACCAGCAACAACTTCAATC_002,62
CACCAGCAACAACTTCAATC_003,77
CACCAGCAACAACTTCAATC_004,136
CACCAGCAACAACTTCAATC_005,77
CACCAGCAACAACTTCAATC_006,106
GAGAAAATCAATGTCCCTGG_001,48
GAGAAAATCAATGTCCCTGG_002,107
GAGAAAATCAATGTCCCTGG_003,150
GAGAAAATCAATGTCCCTGG_004,144
GACCTACTTACCCTGTCCAA_001,188
GACCTACTTACCCTGTCCAA_002,188
GACCTACTTACCCTGTCCAA_003,99
ATAGAGTACTCTTCCACCAA_001,81
ATAGAGTACTCTTCCACCAA_002,174
TGGGAGGGAAGAGCACATCG_001,70
TGGGAGGGAAGAGCACATCG_002,53
TGGGAGGGAAGAGCACATCG_003,96
TGGGAGGGAAGAGCACATCG_004,50
TGGGAGGGAAGAGCACATCG_005,158
TGGGAGGGAAGAGCACATCG_006,27
TGGGAGGGAAGAGCACATCG_007,56
TGGGAGGGAAGAGCACATCG_008,159
TGGGAGGGAAGAGCACATCG_009,170
TGGGAGGGAAGAGCACATCG_010,69
TGGGAGGGAAGAGCACATCG_011,160
TGGGAGGGAAGAGCACATCG_012,47
TGGGAGGGAAGAGCACATCG_013,174
TGGGAGGGAAGAGCACATCG_014,148
TGGGAGGGAAGAGCACATCG_015,135
TGGGAGGGAAGAGCACATCG_016,192
TGGGAGGGAAGAGCACATCG_017,123
TGGGAGGGAAGAGCACATCG_018,105
TGGGAGGGAAGAGCACATCG_019,158
TGGGAGGGAAGAGCACATCG_020,156
TGGGAGGGAAGAGCACATCG_021,38
TGGGAGGGAAGAGCACATCG_022,199
TGGGAGGGAAGAGCACATCG_023,170
TGGGAGGGAAGAGCACATCG_024,135
TGGGAGGGAAGAGCACATCG_025,162
TGGGAGGGAAGAGCACATCG_026,171
TGGGAGGGAAGAGCACATCG_027,195
TGGGAGGGAAGAGCACATCG_028,170
TGGGAGGGAAGAGCACATCG_029,152
TGGGAGGGAAGAGCACATCG_030,11
TGGGAGGGAAGAGCACATCG_031,128
TGGGAGGGAAGAGCACATCG_032,41
TGGGAGGGAAGAGCACATCG_033,76
TGGGAGGGAAGAGCACATCG_034,57
TGGGAGGGAAGAGCACATCG_035,155
TGGGAGGGAAGAGCACATCG_036,32
TGTGCAGAGGATGTAAAGAG_001,166
TGTGCAGAGGATGTAAAGAG_002,78
TGTGCAGAGGATGTAAAGAG_003,167
TGTGCAGAGGATGTAAAGAG_004,187
TGTGCAGAGGATGTAAAGAG_005,122
AGAGAGTGTACCTCAAAACA_001,121
AGAGAGTGTACCTCAAAACA_002,103
AGAGAGTGTACCTCAAAACA_003,149
AGAGAGTGTACCTCAAAACA_004,49
AGAGAGTGTACCTCAAAACA_005,88
AGAGAGTGTACCTCAAAACA_006,33
AGAGAGTGTACCTCAAAACA_007,19
AGAGAGTGTACCTCAAAACA_008,105
AGAGAGTGTACCTCAAAACA_009,189
AGAGAGTGTACCTCAAAACA_010,189
AGAGAGTGTACCTCAAAACA_011,60
AGAGAGTGTACCTCAAAACA_012,113
AGAGAGTGTACCTCAAAACA_013,27
AGAGAGTGTACCTCAAAACA_014,41
AGAGAGTGTACCTCAAAACA_015,75
AGAGAGTGTACCTCAAAACA_016,81
AGAGAGTGTACCTCAAAACA_017,145
GACAAAGCTGAAGTTAGCAT_001,16
GACAAAGCTGAAGTTAGCAT_002,42
GACAAAGCTGAAGTTAGCAT_003,179
GACAAAGCTGAAGTTAGCAT_004,160
GACAAAGCTGAAGTTAGCAT_005,42
GACAAAGCTGAAGTTAGCAT_006,150
GACAAAGCTGAAGTTAGCAT_007,70
GGAGGAAGAGTAGCTCGCCG_001,147
GGAGGAAGAGTAGCTCGCCG_002,0
GGAGGAAGAGTAGCTCGCCG_003,70
GGAGGAAGAGTAGCTCGCCG_004,34
GGAGGAAGAGTAGCTCGCCG_005,43
GGAGGAAGAGTAGCTCGCCG_006,50
GGAGGAAGAGTAGCTCGCCG_007,184
GGAGGAAGAGTAGCTCGCCG_008,137
GGAGGAAGAGTAGCTCGCCG_009,120
CGGCACCACGAGACCCAAGG_001,127
CGGCACCACGAGACCCAAGG_002,105
CGGCACCACGAGACCCAAGG_003,67
CGGCACCACGAGACCCAAGG_004,172
CGGCACCACGAGACCCAAGG_005,177
CGGCACCACGAGACCCAAGG_006,172
CGGCACCACGAGACCCAAGG_007,16
CGGCACCACGAGACCCAAGG_008,119
CGGCACCACGAGACCCAAGG_009,119
CGGCACCACGAGACCCAAGG_010,158
CGGCACCACGAGACCCAAGG_011,56
CGGCACCACGAGACCCAAGG_012,103
CGGCACCACGAGACCCAAGG_013,190
CGGCACCACGAGACCCAAGG_014,162
CGGCACCACGAGACCCAAGG_015,66
CGGCACCACGAGACCCAAGG_016,65
CGGCACCACGAGACCCAAGG_017,94
AGGAGTGATTGTCCTCAAGG_001,67
AGGAGTGATTGTCCTCAAGG_002,75
AGGAGTGATTGTCCTCAAGG_003,31
AGGAGTGATTGTCCTCAAGG_004,171
AACCGCCTACGAGACACTCA_001,39
AACCGCCTACGAGACACTCA_002,140
AACCGCCTACGAGACACTCA_003,177
AACCGCCTACGAGACACTCA_004,36
AACCGCCTACGAGACACTCA_005,88
AACCGCCTACGAGACACTCA_006,88
AACCGCCTACGAGACACTCA_007,7
AACCGCCTACGAGACACTCA_008,150
TAGTGGCAGATACCGGGACA_001,140
TAGTGGCAGATACCGGGACA_002,177
ACTCTGTGCTGAGAAGTCTG_001,140
ACTCTGTGCTGAGAAGTCTG_002,199
ACTCTGTGCTGAGAAGTCTG_003,25
ACTCTGTGCTGAGAAGTCTG_004,175
ACTCTGTGCTGAGAAGTCTG_005,145
ATCAAGACATAGGAGCTATG_001,145
ATCAAGACATAGGAGCTATG_002,82
ATCAAGACATAGGAGCTATG_003,15
ATCAAGACATAGGAGCTATG_004,195
ATCAAGACATAGGAGCTATG_005,117
ATCAAGACATAGGAGCTATG_006,9
ATCAAGACATAGGAGCTATG_007,198
ATCAAGACATAGGAGCTATG_008,199
ATCAAGACATAGGAGCTATG_009,37
ATCAAGACATAGGAGCTATG_010,165
GAATGCCCTCGAAAGACATG_001,80
GAATGCCCTCGAAAGACATG_002,108
GAATGCCCTCGAAAGACATG_003,76
GAATGCCCTCGAAAGACATG_004,155
GAATGCCCTCGAAAGACATG_005,187
GAATGCCCTCGAAAGACATG_006,190
GAATGCCCTCGAAAGACATG_007,190
GAATGCCCTCGAAAGACATG_008,138
GAATGCCCTCGAAAGACATG_009,96
GAATGCCCTCGAAAGACATG_010,88
GAATGCCCTCGAAAGACATG_011,28
CCAAGCCCGTCTGGTGACAA_001,135
CCAAGCCCGTCTGGTGACAA_002,56
CCAAGCCCGTCTGGTGACAA_003,2
CCAAGCCCGTCTGGTGACAA_004,2
CCAAGCCCGTCTGGTGACAA_005,177
CCAAGCCCGTCTGGTGACAA_006,157
TCTTCTGGAGCAGCTCAGCC_001,144
TCTTCTGGAGCAGCTCAGCC_002,28
GGCGCTTGACCCCAACGCGG_001,127
GGCGCTTGACCCCAACGCGG_002,115
GGCGCTTGACCCCAACGCGG_003,119
GGCGCTTGACCCCAACGCGG_004,147
GGCGCTTGACCCCAACGCGG_005,197
GGCGCTTGACCCCAACGCGG_006,170
GGCGCTTGACCCCAACGCGG_007,147
GGCGCTTGACCCCAACGCGG_008,88
GGCGCTTGACCCCAACGCGG_009,174
GGCGCTTGACCCCAACGCGG_010,98
GGCGCTTGACCCCAACGCGG_011,50
GGCGCTTGACCCCAACGCGG_012,124
GGCGCTTGACCCCAACGCGG_013,3
GGCGCTTGACCCCAACGCGG_014,138
GGCGCTTGACCCCAACGCGG_015,138
GGCGCTTGACCCCAACGCGG_016,101
GGCGCTTGACCCCAACGCGG_017,75
AAAAGACGAGCCATCACTGA_001,19
AAAAGACGAGCCATCACTGA_002,19
AAAAGACGAGCCATCACTGA_003,126
ACTCTACGGACGGCTTAGAG_001,41
ACTCTACGGACGGCTTAGAG_002,169
ACTCTACGGACGGCTTAGAG_003,98
ACTCTACGGACGGCTTAGAG_004,78
ACTCTACGGACGGCTTAGAG_005,68
ACTCTACGGACGGCTTAGAG_006,93
ACTCTACGGACGGCTTAGAG_007,134
TGGATGCGCAGAACTACCCC_001,134
TGGATGCGCAGAACTACCCC_002,88
TGGATGCGCAGAACTACCCC_003,169
GCTCGCCATTAAGTACAATG_001,178
GCTCGCCATTAAGTACAATG_002,105
GCTCGCCATTAAGTACAATG_003,10
GCTCGCCATTAAGTACAATG_004,126
GCTCGCCATTAAGTACAATG_005,105
GCTCGCCATTAAGTACAATG_006,41
GCTCGCCATTAAGTACAATG_007,39
GCTCGCCATTAAGTACAATG_008,118
TGTGGAAGGCGTGCACCAAG_001,34
TGTGGAAGGCGTGCACCAAG_002,34
TGTGGAAGGCGTGCACCAAG_003,65
TGTGGAAGGCGTGCACCAAG_004,140
TGTGGAAGGCGTGCACCAAG_005,199
TGTGGAAGGCGTGCACCAAG_006,174
TGTGGAAGGCGTGCACCAAG_007,82
TGTGGAAGGCGTGCACCAAG_008,19
TGTGGAAGGCGTGCACCAAG_009,169
TGTGGAAGGCGTGCACCAAG_010,112
TGTGGAAGGCGTGCACCAAG_011,128
TGTGGAAGGCGTGCACCAAG_012,170
TGTGGAAGGCGTGCACCAAG_013,149
TGTGGAAGGCGTGCACCAAG_014,155
TGTGGAAGGCGTGCACCAAG_015,169
TGTGGAAGGCGTGCACCAAG_016,155
TGTGGAAGGCGTGCACCAAG_017,161
AAACGGTCAGCCCGCATGTG_001,150
AAACGGTCAGCCCGCATGTG_002,48
AAACGGTCAGCCCGCATGTG_003,69
AAACGGTCAGCCCGCATGTG_004,189
AAACGGTCAGCCCGCATGTG_005,29
AAACGGTCAGCCCGCATGTG_006,84
AAACGGTCAGCCCGCATGTG_007,146
AAACGGTCAGCCCGCATGTG_008,174
AAACGGTCAGCCCGCATGTG_009,83
AAACGGTCAGCCCGCATGTG_010,177
AAACGGTCAGCCCGCATGTG_011,0
AAACGGTCAGCCCGCATGTG_012,37
AAACGGTCAGCCCGCATGTG_013,174
AAACGGTCAGCCCGCATGTG_014,86
AAACGGTCAGCCCGCATGTG_015,175
AAACGGTCAGCCCGCATGTG_016,56
AAACGGTCAGCCCGCATGTG_017,50
AAACGGTCAGCCCGCATGTG_018,48
AAACGGTCAGCCCGCATGTG_019,176
AAACGGTCAGCCCGCATGTG_020,63
AAACGGTCAGCCCGCATGTG_021,199
AAACGGTCAGCCCGCATGTG_022,149
AAACGGTCAGCCCGCATGTG_023,37
AAACGGTCAGCCCGCATGTG_024,178
AAACGGTCAGCCCGCATGTG_025,0
AAACGGTCAGCCCGCATGTG_026,194
AAACGGTCAGCCCGCATGTG_027,171
AAACGGTCAGCCCGCATGTG_028,55
AAACGGTCAGCCCGCATGTG_029,104
AAACGGTCAGCCCGCATGTG_030,58
AAACGGTCAGCCCGCATGTG_031,138
AAACGGTCAGCCCGCATGTG_032,142
AAACGGTCAGCCCGCATGTG_033,82
AAACGGTCAGCCCGCATGTG_034,1
AAACGGTCAGCCCGCATGTG_035,63
AAACGGTCAGCCCGCATGTG_036,84
AAACGGTCAGCCCGCATGTG_037,106
AAACGGTCAGCCCGCATGTG_038,144
CAGGGAAGCGTTCTCGTAGC_001,36
CCACAGATTGCAGCCAAATG_001,6
CCACAGATTGCAGCCAAATG_002,60
CCACAGATTGCAGCCAAATG_003,11
CCACAGATTGCAGCCAAATG_004,156
CCACAGATTGCAGCCAAATG_005,84
CCACAGATTGCAGCCAAATG_006,54
CCACAGATTGCAGCCAAATG_007,11
CCACAGATTGCAGCCAAATG_008,2
TCGCCGGGACCGGCACCCTG_001,76
TCGCCGGGACCGGCACCCTG_002,176
TCGCCGGGACCGGCACCCTG_003,77
TCGCCGGGACCGGCACCCTG_004,25
TCGCCGGGACCGGCACCCTG_005,78
TCGCCGGGACCGGCACCCTG_006,11
TCGCCGGGACCGGCACCCTG_007,61
TCGCCGGGACCGGCACCCTG_008,67
TCGCCGGGACCGGCACCCTG_009,2
TCGCCGGGACCGGCACCCTG_010,168
TCGCCGGGACCGGCACCCTG_011,26
TCGCCGGGACCGGCACCCTG_012,82
TCGCCGGGACCGGCACCCTG_013,175
TCGCCGGGACCGGCACCCTG_014,98
TCGCCGGGACCGGCACCCTG_015,29
TCGCCGGGACCGGCACCCTG_016,107
TCGCCGGGACCGGCACCCTG_017,25
TCGCCGGGACCGGCACCCTG_018,4
TCGCCGGGACCGGCACCCTG_019,169
TCGCCGGGACCGGCACCCTG_020,10
TCGCCGGGACCGGCACCCTG_021,52
TCGCCGGGACCGGCACCCTG_022,10
TCGCCGGGACCGGCACCCTG_023,69
ACCGAGCAGATCCGGCACAG_001,190
ACCGAGCAGATCCGGCACAG_002,118
ACCGAGCAGATCCGGCACAG_003,149
ACCGAGCAGATCCGGCACAG_004,70
ACCGAGCAGATCCGGCACAG_005,177
ACCGAGCAGATCCGGCACAG_006,134
ACCGAGCAGATCCGGCACAG_007,33
ACCGAGCAGATCCGGCACAG_008,118
ACCGAGCAGATCCGGCACAG_009,2
ACCGAGCAGATCCGGCACAG_010,29
ACCGAGCAGATCCGGCACAG_011,56
ACCGAGCAGATCCGGCACAG_012,154
ACCGAGCAGATCCGGCACAG_013,60
ACCGAGCAGATCCGGCACAG_014,33
CATCGTTTAACTTCACAACG_001,170
CATCGTTTAACTTCACAACG_002,152
CATCGTTTAACTTCACAACG_003,122
CATCGTTTAACTTCACAACG_004,8
CATCGTTTAACTTCACAACG_005,42
CATCGTTTAACTTCACAACG_006,93
CATCGTTTAACTTCACAACG_007,34
CATCGTTTAACTTCACAACG_008,150
CATCGTTTAACTTCACAACG_009,78
CATCGTTTAACTTCACAACG_010,92
GGGATGAGACAGGCAGGCAT_001,104
GGGATGAGACAGGCAGGCAT_002,41
GGGATGAGACAGGCAGGCAT_003,174
GGGATGAGACAGGCAGGCAT_004,116
GGGATGAGACAGGCAGGCAT_005,77
GGGATGAGACAGGCAGGCAT_006,176
GGGATGAGACAGGCAGGCAT_007,138
GGGATGAGACAGGCAGGCAT_008,189
GGGATGAGACAGGCAGGCAT_009,82
GGGATGAGACAGGCAGGCAT_010,197
GGGATGAGACAGGCAGGCAT_011,23
GGGATGAGACAGGCAGGCAT_012,146
GGGATGAGACAGGCAGGCAT_013,198
GGGATGAGACAGGCAGGCAT_014,61
GGGTTTCTACACTTCCGCGG_001,151
GGGTTTCTACACTTCCGCGG_002,151
GGGTTTCTACACTTCCGCGG_003,56
GGGTTTCTACACTTCCGCGG_004,169
GGGTTTCTACACTTCCGCGG_005,18
GGGTTTCTACACTTCCGCGG_006,184
GGGTTTCTACACTTCCGCGG_007,149
GGGTTTCTACACTTCCGCGG_008,199
GGGTTTCTACACTTCCGCGG_009,70
GGGTTTCTACACTTCCGCGG_010,107
GGGTTTCTACACTTCCGCGG_011,102
ACTGACATCAGAGAGGTTTG_001,118
ACTGACATCAGAGAGGTTTG_002,12
ACTGACATCAGAGAGGTTTG_003,168
ACTGACATCAGAGAGGTTTG_004,28
ACTGACATCAGAGAGGTTTG_005,17
ACTGACATCAGAGAGGTTTG_006,199
ACTGACATCAGAGAGGTTTG_007,92
ACTGACATCAGAGAGGTTTG_008,2
ACTGACATCAGAGAGGTTTG_009,112
ACTGACATCAGAGAGGTTTG_010,16
ACTGACATCAGAGAGGTTTG_011,156
ACTGACATCAGAGAGGTTTG_012,9
ACTGACATCAGAGAGGTTTG_013,134
ACTGACATCAGAGAGGTTTG_014,96
ACTGACATCAGAGAGGTTTG_015,60
ACTGACATCAGAGAGGTTTG_016,105
ACTGACATCAGAGAGGTTTG_017,49
ACTGACATCAGAGAGGTTTG_018,169
ACTGACATCAGAGAGGTTTG_019,100
ACTGACATCAGAGAGGTTTG_020,9
ACTGACATCAGAGAGGTTTG_021,161
ACTGACATCAGAGAGGTTTG_022,55
ACTGACATCAGAGAGGTTTG_023,55
ACTGACATCAGAGAGGTTTG_024,131
ACTGACATCAGAGAGGTTTG_025,17
ACTGACATCAGAGAGGTTTG_026,56
ACTGACATCAGAGAGGTTTG_027,63
ACTGACATCAGAGAGGTTTG_028,150
ACTCACATGAGTTATGGCTA_001,86
ACTCACATGAGTTATGGCTA_002,102
ACTCACATGAGTTATGGCTA_003,9
ACTCACATGAGTTATGGCTA_004,11
ACTCACATGAGTTATGGCTA_005,124
CCTGGCTTGTGCTATGCTGG_001,96
CCTGGCTTGTGCTATGCTGG_002,62
CCTGGCTTGTGCTATGCTGG_003,181
CCTGGCTTGTGCTATGCTGG_004,29
CCTGGCTTGTGCTATGCTGG_005,139
CCTGGCTTGTGCTATGCTGG_006,6
CCTGGCTTGTGCTATGCTGG_007,155
CCTGGCTTGTGCTATGCTGG_008,82
CCTGGCTTGTGCTATGCTGG_009,156
CCTGGCTTGTGCTATGCTGG_010,72
CCTGGCTTGTGCTATGCTGG_011,106
CCTGGCTTGTGCTATGCTGG_012,114
GCTTCCAATCCTATTTCACA_001,146
GCTTCCAATCCTATTTCACA_002,145
CATCTACTGCCTGTCACCGC_001,29
CATCTACTGCCTGTCACCGC_002,158
CATCTACTGCCTGTCACCGC_003,32
CATCTACTGCCTGTCACCGC_004,62
CATCTACTGCCTGTCACCGC_005,199
CATCTACTGCCTGTCACCGC_006,96
CATCTACTGCCTGTCACCGC_007,84
CATCTACTGCCTGTCACCGC_008,195
CATCTACTGCCTGTCACCGC_009,116
AGGTATGTGTGTCGGCTGAG_001,116
AGGTATGTGTGTCGGCTGAG_002,37
AGGTATGTGTGTCGGCTGAG_003,161
AGGTATGTGTGTCGGCTGAG_004,168
AGGTATGTGTGTCGGCTGAG_005,103
AGGTATGTGTGTCGGCTGAG_006,173
AGGTATGTGTGTCGGCTGAG_007,177
GTGGATACCATAGCCATCCA_001,69
GTGGATACCATAGCCATCCA_002,181
GTGGATACCATAGCCATCCA_003,149
GTGGATACCATAGCCATCCA_004,62
GTGGATACCATAGCCATCCA_005,135
GTGGATACCATAGCCATCCA_006,22
GTGGATACCATAGCCATCCA_007,139
GTTCTCAAGGCAGACGTGGT_001,169
GTTCTCAAGGCAGACGTGGT_002,68
GTTCTCAAGGCAGACGTGGT_003,170
GTTCTCAAGGCAGACGTGGT_004,153
GTTCTCAAGGCAGACGTGGT_005,169
GTTCTCAAGGCAGACGTGGT_006,15
GTTCTCAAGGCAGACGTGGT_007,147
GTTCTCAAGGCAGACGTGGT_008,158
GTTCTCAAGGCAGACGTGGT_009,29
GTTCTCAAGGCAGACGTGGT_010,70
GTTCTCAAGGCAGACGTGGT_011,145
GTTCTCAAGGCAGACGTGGT_012,63
GTTCTCAAGGCAGACGTGGT_013,85
GTTCTCAAGGCAGACGTGGT_014,63
GTTCTCAAGGCAGACGTGGT_015,88
GTTCTCAAGGCAGACGTGGT_016,3
GTTCTCAAGGCAGACGTGGT_017,91
GTTCTCAAGGCAGACGTGGT_018,58
GTTCTCAAGGCAGACGTGGT_019,10
GTTCTCAAGGCAGACGTGGT_020,130
GTTCTCAAGGCAGACGTGGT_021,46
CCTGGTATACCGCCTGCGTG_001,185
CCTGGTATACCGCCTGCGTG_002,12
CCTGGTATACCGCCTGCGTG_003,59
CCTGGTATACCGCCTGCGTG_004,121
CCTGGTATACCGCCTGCGTG_005,153
CCTGGTATACCGCCTGCGTG_006,59
CCTGGTATACCGCCTGCGTG_007,61
CCTGGTATACCGCCTGCGTG_008,16
CCTGGTATACCGCCTGCGTG_009,16
CCTGGTATACCGCCTGCGTG_010,174
CCTGGTATACCGCCTGCGTG_011,142
CCTGGTATACCGCCTGCGTG_012,77
CCTGGTATACCGCCTGCGTG_013,1
CCTGGTATACCGCCTGCGTG_014,188
CCTGGTATACCGCCTGCGTG_015,28
GCATTGGCATCAAAACACAT_001,31
GCATTGGCATCAAAACACAT_002,56
GCATTGGCATCAAAACACAT_003,94
GCATTGGCATCAAAACACAT_004,174
GCATTGGCATCAAAACACAT_005,86
GCATTGGCATCAAAACACAT_006,169
GCATTGGCATCAAAACACAT_007,184
GCATTGGCATCAAAACACAT_008,81
GCATTGGCATCAAAACACAT_009,2
GCATTGGCATCAAAACACAT_010,188
GCATTGGCATCAAAACACAT_011,48
GCATTGGCATCAAAACACAT_012,144
GCATTGGCATCAAAACACAT_013,1
GCATTGGCATCAAAACACAT_014,50
GGTCAATGGAAATAGACGCT_001,184
GGTCAATGGAAATAGACGCT_002,12
GGTCAATGGAAATAGACGCT_003,195
GGTCAATGGAAATAGACGCT_004,2
GGTCAATGGAAATAGACGCT_005,23
GGTCAATGGAAATAGACGCT_006,91
GGTCAATGGAAATAGACGCT_007,186
GGTCAATGGAAATAGACGCT_008,100
GGTCAATGGAAATAGACGCT_009,128
GGTCAATGGAAATAGACGCT_010,48
GGTCAATGGAAATAGACGCT_011,34
GGTCAATGGAAATAGACGCT_012,106
GAAGAAGAAATATACAAACA_001,169
GAAGAAGAAATATACAAACA_002,33
GAAGAAGAAATATACAAACA_003,34
CAAGGAGTCTATCATCTGCG_001,9
CAAGGAGTCTATCATCTGCG_002,120
CAAGGAGTCTATCATCTGCG_003,175
CCCACAGAAGCATAGGCGGA_001,36
CCCACAGAAGCATAGGCGGA_002,84
CCCACAGAAGCATAGGCGGA_003,129
CCCACAGAAGCATAGGCGGA_004,163
CCCACAGAAGCATAGGCGGA_005,43
CCCACAGAAGCATAGGCGGA_006,163
CCCACAGAAGCATAGGCGGA_007,58
CCCACAGAAGCATAGGCGGA_008,51
CCCACAGAAGCATAGGCGGA_009,0
CCCACAGAAGCATAGGCGGA_010,150
CCCACAGAAGCATAGGCGGA_011,94
CCCACAGAAGCATAGGCGGA_012,88
CCCACAGAAGCATAGGCGGA_013,80
CCCACAGAAGCATAGGCGGA_014,188
CCCACAGAAGCATAGGCGGA_015,140
CCCACAGAAGCATAGGCGGA_016,43
CCCACAGAAGCATAGGCGGA_017,96
CCCACAGAAGCATAGGCGGA_018,78
CCCACAGAAGCATAGGCGGA_019,28
CCCACAGAAGCATAGGCGGA_020,126
AATACCTAGGAAAAGACACT_001,15
AATACCTAGGAAAAGACACT_002,132
AATACCTAGGAAAAGACACT_003,183
CTGTTTCGAAAAGTGCCCAT_001,28
CTGTTTCGAAAAGTGCCCAT_002,194
CTGTTTCGAAAAGTGCCCAT_003,14
CTGTTTCGAAAAGTGCCCAT_004,88
CTGTTTCGAAAAGTGCCCAT_005,199
CTGTTTCGAAAAGTGCCCAT_006,0
CTGTTTCGAAAAGTGCCCAT_007,127
GGCGCCATCAACCACCGCTG_001,198
GGCGCCATCAACCACCGCTG_002,158
GGCGCCATCAACCACCGCTG_003,114
GGCGCCATCAACCACCGCTG_004,82
GGCGCCATCAACCACCGCTG_005,69
GGCGCCATCAACCACCGCTG_006,159
GGCGCCATCAACCACCGCTG_007,9
GGCGCCATCAACCACCGCTG_008,152
GGCGCCATCAACCACCGCTG_009,171
GGCGCCATCAACCACCGCTG_010,77
GGCGCCATCAACCACCGCTG_011,117
GGCGCCATCAACCACCGCTG_012,82
GGCGCCATCAACCACCGCTG_013,97
GGCGCCATCAACCACCGCTG_014,159
TAGCTGATATGCATTCAAGA_001,164
TAGCTGATATGCATTCAAGA_002,164
TAGCTGATATGCATTCAAGA_003,166
ATGTCTTGCTTGCATCAGTG_001,5
ATGTCTTGCTTGCATCAGTG_002,149
ATGTCTTGCTTGCATCAGTG_003,81
ATGTCTTGCTTGCATCAGTG_004,44
ATGTCTTGCTTGCATCAGTG_005,176
ATGTCTTGCTTGCATCAGTG_006,112
ATGTCTTGCTTGCATCAGTG_007,70
ATGTCTTGCTTGCATCAGTG_008,144
ATGTCTTGCTTGCATCAGTG_009,189
ATGTCTTGCTTGCATCAGTG_010,163
ATGTCTTGCTTGCATCAGTG_011,58
ATGTCTTGCTTGCATCAGTG_012,29
ATGTCTTGCTTGCATCAGTG_013,147
ATGTCTTGCTTGCATCAGTG_014,15
ATGTCTTGCTTGCATCAGTG_015,50
ATGTCTTGCTTGCATCAGTG_016,88
ATGTCTTGCTTGCATCAGTG_017,140
ATGTCTTGCTTGCATCAGTG_018,23
ATGTCTTGCTTGCATCAGTG_019,174
ATGTCTTGCTTGCATCAGTG_020,19
ATGTCTTGCTTGCATCAGTG_021,183
ATGTCTTGCTTGCATCAGTG_022,182
ATGTCTTGCTTGCATCAGTG_023,96
ATGTCTTGCTTGCATCAGTG_024,142
ATGTCTTGCTTGCATCAGTG_025,135
ATGTCTTGCTTGCATCAGTG_026,76
ATGTCTTGCTTGCATCAGTG_027,63
ATGTCTTGCTTGCATCAGTG_028,85
ATGTCTTGCTTGCATCAGTG_029,160
ATGTCTTGCTTGCATCAGTG_030,81
ATGTCTTGCTTGCATCAGTG_031,1
ATGTCTTGCTTGCATCAGTG_032,118
ATGTCTTGCTTGCATCAGTG_033,188
TCTTCTTCCAATGTAAACGG_001,150
TCTTCTTCCAATGTAAACGG_002,148
TCTTCTTCCAATGTAAACGG_003,43
TCTTCTTCCAATGTAAACGG_004,98
GGCCCAAGCCGGTAGATCCG_001,147
GGCCCAAGCCGGTAGATCCG_002,14
GGCCCAAGCCGGTAGATCCG_003,150
GGCCCAAGCCGGTAGATCCG_004,130
GGCCCAAGCCGGTAGATCCG_005,165
GGCCCAAGCCGGTAGATCCG_006,124
GGCCCAAGCCGGTAGATCCG_007,192
CCAGAAGTAGTTAATCGTCG_001,158
CCAGAAGTAGTTAATCGTCG_002,108
CCAGAAGTAGTTAATCGTCG_003,27
TACCAGCGCCCAGACAGTGT_001,105
TACCAGCGCCCAGACAGTGT_002,159
TACCAGCGCCCAGACAGTGT_003,193
TACCAGCGCCCAGACAGTGT_004,61
TACCAGCGCCCAGACAGTGT_005,66
TACCAGCGCCCAGACAGTGT_006,150
TACCAGCGCCCAGACAGTGT_007,184
TACCAGCGCCCAGACAGTGT_008,15
CAGAGTGGAGGATTACGACG_001,148
CAGAGTGGAGGATTACGACG_002,184
CCACAGAGGTACATCGATGG_001,113
CCACAGAGGTACATCGATGG_002,190
CCACAGAGGTACATCGATGG_003,96
CCACAGAGGTACATCGATGG_004,78
CCACAGAGGTACATCGATGG_005,168
CGCATCGACCGGGACATAAG_001,198
CGCATCGACCGGGACATAAG_002,1
CGCATCGACCGGGACATAAG_003,102
CGCATCGACCGGGACATAAG_004,51
CGCATCGACCGGGACATAAG_005,177
CGCATCGACCGGGACATAAG_006,161
CGCATCGACCGGGACATAAG_007,14
CGCATCGACCGGGACATAAG_008,160
CGCATCGACCGGGACATAAG_009,175
CGCATCGACCGGGACATAAG_010,112
CGCATCGACCGGGACATAAG_011,19
GCAATCAATTGTCCATACGA_001,121
GCAATCAATTGTCCATACGA_002,60
GCAATCAATTGTCCATACGA_003,15
GCAATCAATTGTCCATACGA_004,149
GCAATCAATTGTCCATACGA_005,103
GCAATCAATTGTCCATACGA_006,191
GCAATCAATTGTCCATACGA_007,25
GCAATCAATTGTCCATACGA_008,94
GCAATCAATTGTCCATACGA_009,169
GCAATCAATTGTCCATACGA_010,165
GCAATCAATTGTCCATACGA_011,58
GCAATCAATTGTCCATACGA_012,2
GCAATCAATTGTCCATACGA_013,174
GCAATCAATTGTCCATACGA_014,105
ATCGAGAAGTAAGACCTCTG_001,175
ATCGAGAAGTAAGACCTCTG_002,67
ATCGAGAAGTAAGACCTCTG_003,28
ATCGAGAAGTAAGACCTCTG_004,104
ATCGAGAAGTAAGACCTCTG_005,105
ATCGAGAAGTAAGACCTCTG_006,113
ATCGAGAAGTAAGACCTCTG_007,169
ATCGAGAAGTAAGACCTCTG_008,184
ATCGAGAAGTAAGACCTCTG_009,149
ATCGAGAAGTAAGACCTCTG_010,145
ATCGAGAAGTAAGACCTCTG_011,162
ATCGAGAAGTAAGACCTCTG_012,148
ATCGAGAAGTAAGACCTCTG_013,197
ATCGAGAAGTAAGACCTCTG_014,122
ATCGAGAAGTAAGACCTCTG_015,113
ATCGAGAAGTAAGACCTCTG_016,9
ATCGAGAAGTAAGACCTCTG_017,198
ATCGAGAAGTAAGACCTCTG_018,107
ATCGAGAAGTAAGACCTCTG_019,41
ATCGAGAAGTAAGACCTCTG_020,187
ATCGAGAAGTAAGACCTCTG_021,127
ATCGAGAAGTAAGACCTCTG_022,70
ATCGAGAAGTAAGACCTCTG_023,105
GCGATGGCTACTCTTACCGA_001,10
GCGATGGCTACTCTTACCGA_002,175
GCGATGGCTACTCTTACCGA_003,198
GCGATGGCTACTCTTACCGA_004,16
TGGAATAGTATTTATCATGG_001,81
GCCCCAAGGACAGTTGTCAG_001,119
GCCCCAAGGACAGTTGTCAG_002,175
GCCCCAAGGACAGTTGTCAG_003,121
AGAGCAGGTTGCTCACTACG_001,185
AGAGCAGGTTGCTCACTACG_002,182
AGAGCAGGTTGCTCACTACG_003,55
AGAGCAGGTTGCTCACTACG_004,189
AGAGCAGGTTGCTCACTACG_005,193
AGAGCAGGTTGCTCACTACG_006,98
AGAGCAGGTTGCTCACTACG_007,28
AGAGCAGGTTGCTCACTACG_008,9
AGAGCAGGTTGCTCACTACG_009,150
AGAGCAGGTTGCTCACTACG_010,121
AGAGCAGGTTGCTCACTACG_011,184
AGAGCAGGTTGCTCACTACG_012,178
AGAGCAGGTTGCTCACTACG_013,175
AGAGCAGGTTGCTCACTACG_014,137
AGAGCAGGTTGCTCACTACG_015,149
AGAGCAGGTTGCTCACTACG_016,32
AGAGCAGGTTGCTCACTACG_017,157
AGAGCAGGTTGCTCACTACG_018,134
AGAGCAGGTTGCTCACTACG_019,114
AGAGCAGGTTGCTCACTACG_020,73
AGAGCAGGTTGCTCACTACG_021,127
AGAGCAGGTTGCTCACTACG_022,31
AGAGCAGGTTGCTCACTACG_023,184
AGAGCAGGTTGCTCACTACG_024,84
AGAGCAGGTTGCTCACTACG_025,77
AGAGCAGGTTGCTCACTACG_026,10
AGAGCAGGTTGCTCACTACG_027,122
AGAGCAGGTTGCTCACTACG_028,4
AGAGCAGGTTGCTCACTACG_029,78
AGAGCAGGTTGCTCACTACG_030,39
AGAGCAGGTTGCTCACTACG_031,138
AGAGCAGGTTGCTCACTACG_032,12
AGAGCAGGTTGCTCACTACG_033,169
AGAGCAGGTTGCTCACTACG_034,114
AGAGCAGGTTGCTCACTACG_035,155
AGAGCAGGTTGCTCACTACG_036,61
AGAGCAGGTTGCTCACTACG_037,159
CTCCTCTCCGCTCCGCATGG_001,11
CTCCTCTCCGCTCCGCATGG_002,34
CTCCTCTCCGCTCCGCATGG_003,91
CTCCTCTCCGCTCCGCATGG_004,93
ACCTGCATGGAGACTCGACG_001,105
ACCTGCATGGAGACTCGACG_002,84
ACCTGCATGGAGACTCGACG_003,199
ACCTGCATGGAGACTCGACG_004,77
ACCTGCATGGAGACTCGACG_005,184
ACCTGCATGGAGACTCGACG_006,116
ACCTGCATGGAGACTCGACG_007,153
ACCTGCATGGAGACTCGACG_008,182
ACCTGCATGGAGACTCGACG_009,166
ACCTGCATGGAGACTCGACG_010,166
ACCTGCATGGAGACTCGACG_011,146
ACCTGCATGGAGACTCGACG_012,137
ACCTGCATGGAGACTCGACG_013,94
ACCTGCATGGAGACTCGACG_014,16
ACCTGCATGGAGACTCGACG_015,145
ACCTGCATGGAGACTCGACG_016,121
ACCTGCATGGAGACTCGACG_017,40
ACCTGCATGGAGACTCGACG_018,148
ACCTGCATGGAGACTCGACG_019,148
ACCTGCATGGAGACTCGACG_020,157
ACCTGCATGGAGACTCGACG_021,42
ACCTGCATGGAGACTCGACG_022,27
ACCTGCATGGAGACTCGACG_023,81
ACCTGCATGGAGACTCGACG_024,198
ACCTGCATGGAGACTCGACG_025,6
ACCTGCATGGAGACTCGACG_026,36
ACCTGCATGGAGACTCGACG_027,100
ACCTGCATGGAGACTCGACG_028,15
ACCTGCATGGAGACTCGACG_029,127
ACCTGCATGGAGACTCGACG_030,34
CCTCATTGAAACCAGAGGGT_001,77
CCTCATTGAAACCAGAGGGT_002,33
CCTCATTGAAACCAGAGGGT_003,14
CCTCATTGAAACCAGAGGGT_004,63
CCTCATTGAAACCAGAGGGT_005,43
CCTCATTGAAACCAGAGGGT_006,134
CCTCATTGAAACCAGAGGGT_007,54
CCTCATTGAAACCAGAGGGT_008,21
CCTCATTGAAACCAGAGGGT_009,157
CCTCATTGAAACCAGAGGGT_010,176
CCTGTGGGGCGAATGCACGC_001,34
CCTGTGGGGCGAATGCACGC_002,17
CCTGTGGGGCGAATGCACGC_003,149
CCTGTGGGGCGAATGCACGC_004,188
CCTGTGGGGCGAATGCACGC_005,17
CCTGTGGGGCGAATGCACGC_006,77
CCTGTGGGGCGAATGCACGC_007,27
CCTGTGGGGCGAATGCACGC_008,113
CCTGTGGGGCGAATGCACGC_009,160
CCTGTGGGGCGAATGCACGC_010,95
CCTGTGGGGCGAATGCACGC_011,150
CCTGTGGGGCGAATGCACGC_012,177
CCTGTGGGGCGAATGCACGC_013,31
CCTGTGGGGCGAATGCACGC_014,98
CCTGTGGGGCGAATGCACGC_015,111
CCTGTGGGGCGAATGCACGC_016,11
CCTGTGGGGCGAATGCACGC_017,64
CCTGTGGGGCGAATGCACGC_018,178
CCTGTGGGGCGAATGCACGC_019,38
CCTGTGGGGCGAATGCACGC_020,104
CCTGTGGGGCGAATGCACGC_021,49
CCTGTGGGGCGAATGCACGC_022,80
CCTGTGGGGCGAATGCACGC_023,175
CCTGTGGGGCGAATGCACGC_024,63
CCTGTGGGGCGAATGCACGC_025,138
CCTGTGGGGCGAATGCACGC_026,58
CCTGTGGGGCGAATGCACGC_027,48
GGCCACCCACATGCTAAATG_001,162
GGCCACCCACATGCTAAATG_002,155
GGCCACCCACATGCTAAATG_003,45
GGCCACCCACATGCTAAATG_004,157
GGCCACCCACATGCTAAATG_005,102
GGCCACCCACATGCTAAATG_006,176
GAAACAAAGTTACCTGAATG_001,58
GAAACAAAGTTACCTGAATG_002,32
GAAACAAAGTTACCTGAATG_003,163
GAAACAAAGTTACCTGAATG_004,171
GAAACAAAGTTACCTGAATG_005,117
TGACTACTTACGATCCAATG_001,4
TGACTACTTACGATCCAATG_002,6
TGACTACTTACGATCCAATG_003,115
TGACTACTTACGATCCAATG_004,134
GTGCTCCAGGCAATCTCGCA_001,48
GTGCTCCAGGCAATCTCGCA_002,153
GTGCTCCAGGCAATCTCGCA_003,60
GTGCTCCAGGCAATCTCGCA_004,176
GTGCTCCAGGCAATCTCGCA_005,51
GTGCTCCAGGCAATCTCGCA_006,71
GTGCTCCAGGCAATCTCGCA_007,102
GTGCTCCAGGCAATCTCGCA_008,166
GTGCTCCAGGCAATCTCGCA_009,158
GTGCTCCAGGCAATCTCGCA_010,42
GTGCTCCAGGCAATCTCGCA_011,26
GTGCTCCAGGCAATCTCGCA_012,69
GTGCTCCAGGCAATCTCGCA_013,139
GTGCTCCAGGCAATCTCGCA_014,45
GTGCTCCAGGCAATCTCGCA_015,177
GTGCTCCAGGCAATCTCGCA_016,114
GTGCTCCAGGCAATCTCGCA_017,142
GTGCTCCAGGCAATCTCGCA_018,118
GTGCTCCAGGCAATCTCGCA_019,29
GTGCTCCAGGCAATCTCGCA_020,1
GTGCTCCAGGCAATCTCGCA_021,46
TACAAAAAGGCAGATCCCCA_001,97
TACAAAAAGGCAGATCCCCA_002,187
TACAAAAAGGCAGATCCCCA_003,48
TACAAAAAGGCAGATCCCCA_004,88
TACAAAAAGGCAGATCCCCA_005,190
TACAAAAAGGCAGATCCCCA_006,25
TACAAAAAGGCAGATCCCCA_007,115
TACAAAAAGGCAGATCCCCA_008,157
TACAAAAAGGCAGATCCCCA_009,16
TACAAAAAGGCAGATCCCCA_010,199
TACAAAAAGGCAGATCCCCA_011,141
TACAAAAAGGCAGATCCCCA_012,184
TACAAAAAGGCAGATCCCCA_013,156
TACAAAAAGGCAGATCCCCA_014,147
TACAAAAAGGCAGATCCCCA_015,158
TACAAAAAGGCAGATCCCCA_016,127
TACAAAAAGGCAGATCCCCA_017,61
TACAAAAAGGCAGATCCCCA_018,69
TACAAAAAGGCAGATCCCCA_019,180
TACAAAAAGGCAGATCCCCA_020,180
GAGTGTGTGTGGCACAGCAC_001,96
GAGTGTGTGTGGCACAGCAC_002,11
GAGTGTGTGTGGCACAGCAC_003,17
GAGTGTGTGTGGCACAGCAC_004,107
GAGTGTGTGTGGCACAGCAC_005,105
GAGTGTGTGTGGCACAGCAC_006,127
GAGTGTGTGTGGCACAGCAC_007,78
GAGTGTGTGTGGCACAGCAC_008,126
GAGTGTGTGTGGCACAGCAC_009,41
GAGTGTGTGTGGCACAGCAC_010,76
TTATTGAACAAATAGAACTG_001,16
TTATTGAACAAATAGAACTG_002,49
TTATTGAACAAATAGAACTG_003,123
TTATTGAACAAATAGAACTG_004,150
TTATTGAACAAATAGAACTG_005,169
TTATTGAACAAATAGAACTG_006,31
TTATTGAACAAATAGAACTG_007,47
TTATTGAACAAATAGAACTG_008,19
CACATATTACTCAAATACAG_001,12
CACATATTACTCAAATACAG_002,72
GTGTCCCGCTGGATGCCGTG_001,92
GTGTCCCGCTGGATGCCGTG_002,59
GTGTCCCGCTGGATGCCGTG_003,93
GGTTAACATCGCCACTCTGA_001,170
GGTTAACATCGCCACTCTGA_002,18
GGTTAACATCGCCACTCTGA_003,145
GGTTAACATCGCCACTCTGA_004,159
GGTTAACATCGCCACTCTGA_005,160
GGTTAACATCGCCACTCTGA_006,17
GGTTAACATCGCCACTCTGA_007,169
GGTTAACATCGCCACTCTGA_008,1
GGTTAACATCGCCACTCTGA_009,68
GGTTAACATCGCCACTCTGA_010,3
GGTTAACATCGCCACTCTGA_011,62
CAGGTCACGTCTAATATCTG_001,30
CAGGTCACGTCTAATATCTG_002,162
CAGGTCACGTCTAATATCTG_003,118
CAGGTCACGTCTAATATCTG_004,147
GAAAGTGGCAGAGATACACC_001,162
GAAAGTGGCAGAGATACACC_002,106
GAAAGTGGCAGAGATACACC_003,155
GAAAGTGGCAGAGATACACC_004,8
GAAAGTGGCAGAGATACACC_005,63
GAAAGTGGCAGAGATACACC_006,141
GAAAGTGGCAGAGATACACC_007,94
GAAAGTGGCAGAGATACACC_008,150
GAAAGTGGCAGAGATACACC_009,2
GAAAGTGGCAGAGATACACC_010,12
ATGGCGATGGGACTAATGTG_001,27
ATGGCGATGGGACTAATGTG_002,70
ATGGCGATGGGACTAATGTG_003,122
ATGGCGATGGGACTAATGTG_004,32
ATGGCGATGGGACTAATGTG_005,134
ATGGCGATGGGACTAATGTG_006,57
ATGGCGATGGGACTAATGTG_007,102
ATGGCGATGGGACTAATGTG_008,56
ATGGCGATGGGACTAATGTG_009,115
ATGGCGATGGGACTAATGTG_010,11
ATGGCGATGGGACTAATGTG_011,191
ATGGCGATGGGACTAATGTG_012,120
ATGGCGATGGGACTAATGTG_013,75
ATGGCGATGGGACTAATGTG_014,141
ATGGCGATGGGACTAATGTG_015,151
ATGGCGATGGGACTAATGTG_016,115
ATGGCGATGGGACTAATGTG_017,26
ATGGCGATGGGACTAATGTG_018,185
ATGGCGATGGGACTAATGTG_019,92
ATGGCGATGGGACTAATGTG_020,28
ATGGCGATGGGACTAATGTG_021,70
ATGGCGATGGGACTAATGTG_022,48
ATGGCGATGGGACTAATGTG_023,54
ATGGCGATGGGACTAATGTG_024,16
ATGGCGATGGGACTAATGTG_025,107
ATGGCGATGGGACTAATGTG_026,10
ATGGCGATGGGACTAATGTG_027,116
ATGGCGATGGGACTAATGTG_028,152
ATGGCGATGGGACTAATGTG_029,118
ATGGCGATGGGACTAATGTG_030,193
ATGGCGATGGGACTAATGTG_031,172
GGTACCAATGTCGTTTCGAG_001,97
GGTACCAATGTCGTTTCGAG_002,184
GGTACCAATGTCGTTTCGAG_003,127
GGTACCAATGTCGTTTCGAG_004,112
GGTACCAATGTCGTTTCGAG_005,156
GGTACCAATGTCGTTTCGAG_006,14
GGTACCAATGTCGTTTCGAG_007,19
GGTACCAATGTCGTTTCGAG_008,183
GGTACCAATGTCGTTTCGAG_009,150
GGTACCAATGTCGTTTCGAG_010,168
GGTACCAATGTCGTTTCGAG_011,81
AGAAGAAAAAAATGTCTACG_001,28
AGAAGAAAAAAATGTCTACG_002,13
AGAAGAAAAAAATGTCTACG_003,148
AGAAGAAAAAAATGTCTACG_004,53
ATCACCCCATTAGCCTCCGG_001,150
ATCACCCCATTAGCCTCCGG_002,107
ATCACCCCATTAGCCTCCGG_003,76
ATCACCCCATTAGCCTCCGG_004,114
ATCACCCCATTAGCCTCCGG_005,134
ATCACCCCATTAGCCTCCGG_006,78
ATCACCCCATTAGCCTCCGG_007,43
ATCACCCCATTAGCCTCCGG_008,81
ATCACCCCATTAGCCTCCGG_009,189
ATCACCCCATTAGCCTCCGG_010,115
ATCACCCCATTAGCCTCCGG_011,154
ATCACCCCATTAGCCTCCGG_012,61
ATCACCCCATTAGCCTCCGG_013,153
ATCACCCCATTAGCCTCCGG_014,128
ATCACCCCATTAGCCTCCGG_015,49
ATCACCCCATTAGCCTCCGG_016,117
ATCACCCCATTAGCCTCCGG_017,95
ATCACCCCATTAGCCTCCGG_018,50
ATCACCCCATTAGCCTCCGG_019,106
ATCACCCCATTAGCCTCCGG_020,12
ATCACCCCATTAGCCTCCGG_021,118
ATCACCCCATTAGCCTCCGG_022,62
ATCACCCCATTAGCCTCCGG_023,158
ATCACCCCATTAGCCTCCGG_024,116
ATCACCCCATTAGCCTCCGG_025,61
CCCTGCCGCAGCCAGTCCCG_001,126
CCCTGCCGCAGCCAGTCCCG_002,123
CCCTGCCGCAGCCAGTCCCG_003,21
CCCTGCCGCAGCCAGTCCCG_004,179
CCCTGCCGCAGCCAGTCCCG_005,69
CCCTGCCGCAGCCAGTCCCG_006,179
CCCTGCCGCAGCCAGTCCCG_007,10
CCCTGCCGCAGCCAGTCCCG_008,63
CCCTGCCGCAGCCAGTCCCG_009,56
CCCTGCCGCAGCCAGTCCCG_010,37
TATACCAGACCACAGCGCCG_001,190
TATACCAGACCACAGCGCCG_002,58
TATACCAGACCACAGCGCCG_003,188
TATACCAGACCACAGCGCCG_004,106
TATACCAGACCACAGCGCCG_005,19
TATACCAGACCACAGCGCCG_006,12
TATACCAGACCACAGCGCCG_007,35
TATACCAGACCACAGCGCCG_008,77
TATACCAGACCACAGCGCCG_009,181
TATACCAGACCACAGCGCCG_010,84
TATACCAGACCACAGCGCCG_011,186
TATACCAGACCACAGCGCCG_012,161
TATACCAGACCACAGCGCCG_013,163
TATACCAGACCACAGCGCCG_014,198
TATACCAGACCACAGCGCCG_015,112
TATACCAGACCACAGCGCCG_016,127
TATACCAGACCACAGCGCCG_017,76
TATACCAGACCACAGCGCCG_018,16
TATACCAGACCACAGCGCCG_019,197
TATACCAGACCACAGCGCCG_020,105
TATACCAGACCACAGCGCCG_021,182
TATACCAGACCACAGCGCCG_022,191
TATACCAGACCACAGCGCCG_023,137
TATACCAGACCACAGCGCCG_024,130
TATACCAGACCACAGCGCCG_025,176
TATACCAGACCACAGCGCCG_026,149
TATACCAGACCACAGCGCCG_027,127
TATACCAGACCACAGCGCCG_028,66
TATACCAGACCACAGCGCCG_029,41
TATACCAGACCACAGCGCCG_030,104
TATACCAGACCACAGCGCCG_031,161
TATACCAGACCACAGCGCCG_032,80
TCATTGATCTTGGAAGCAAG_001,132
TCATTGATCTTGGAAGCAAG_002,65
TCATTGATCTTGGAAGCAAG_003,75
TCATTGATCTTGGAAGCAAG_004,62
TCATTGATCTTGGAAGCAAG_005,59
TCATTGATCTTGGAAGCAAG_006,50
TCATTGATCTTGGAAGCAAG_007,95
TCATTGATCTTGGAAGCAAG_008,48
TGAAGATGAACGGATACGGA_001,169
ACCAGCAGTACCATGGACTA_001,194
ACCAGCAGTACCATGGACTA_002,30
ACCAGCAGTACCATGGACTA_003,125
ACCAGCAGTACCATGGACTA_004,60
ACCAGCAGTACCATGGACTA_005,76
ACCAGCAGTACCATGGACTA_006,118
ACCAGCAGTACCATGGACTA_007,41
ACCAGCAGTACCATGGACTA_008,78
ACCAGCAGTACCATGGACTA_009,19
CTGGGGAGAACCGAGCAGGA_001,143
CTGGGGAGAACCGAGCAGGA_002,8
CTGGGGAGAACCGAGCAGGA_003,49
CTGGGGAGAACCGAGCAGGA_004,8
CTGGGGAGAACCGAGCAGGA_005,139
CTGGGGAGAACCGAGCAGGA_006,133
CTGGGGAGAACCGAGCAGGA_007,175
CTGGGGAGAACCGAGCAGGA_008,131
CTGGGGAGAACCGAGCAGGA_009,110
CTGGGGAGAACCGAGCAGGA_010,19
CTGGGGAGAACCGAGCAGGA_011,144
CTGGGGAGAACCGAGCAGGA_012,155
CTGGGGAGAACCGAGCAGGA_013,68
CTGGGGAGAACCGAGCAGGA_014,91
CTGGGGAGAACCGAGCAGGA_015,35
CTGGGGAGAACCGAGCAGGA_016,117
CTGGGGAGAACCGAGCAGGA_017,70
CTGGGGAGAACCGAGCAGGA_018,3
CTGGGGAGAACCGAGCAGGA_019,180
CTGGGGAGAACCGAGCAGGA_020,180
CTGGGGAGAACCGAGCAGGA_021,162
GATCACGAAGTGTAACCATG_001,146
GATCACGAAGTGTAACCATG_002,169
GATCACGAAGTGTAACCATG_003,168
GATCACGAAGTGTAACCATG_004,175
GATCACGAAGTGTAACCATG_005,17
GATCACGAAGTGTAACCATG_006,12
GATCACGAAGTGTAACCATG_007,172
GATCACGAAGTGTAACCATG_008,70
TCTGCAACACAGATGTAGTA_001,199
TCTGCAACACAGATGTAGTA_002,2
TCTGCAACACAGATGTAGTA_003,142
TCTGCAACACAGATGTAGTA_004,71
TCTGCAACACAGATGTAGTA_005,29
TCTGCAACACAGATGTAGTA_006,169
TCTGCAACACAGATGTAGTA_007,6
TCTGCAACACAGATGTAGTA_008,79
TCTGCAACACAGATGTAGTA_009,168
TCTGCAACACAGATGTAGTA_010,94
TCTGCAACACAGATGTAGTA_011,184
TCTGCAACACAGATGTAGTA_012,31
CATCTTTAGCAATCGGGCCG_001,163
CATCTTTAGCAATCGGGCCG_002,181
CATCTTTAGCAATCGGGCCG_003,15
CATCTTTAGCAATCGGGCCG_004,127
CATCTTTAGCAATCGGGCCG_005,170
CATCTTTAGCAATCGGGCCG_006,46
CATCTTTAGCAATCGGGCCG_007,155
CATCTTTAGCAATCGGGCCG_008,82
CATCTTTAGCAATCGGGCCG_009,76
CATCTTTAGCAATCGGGCCG_010,187
CATCTTTAGCAATCGGGCCG_011,49
CATCTTTAGCAATCGGGCCG_012,28
CATCTTTAGCAATCGGGCCG_013,127
CATCTTTAGCAATCGGGCCG_014,59
CATCTTTAGCAATCGGGCCG_015,194
GAATGTCCCAAGGAACACCT_001,69
GAATGTCCCAAGGAACACCT_002,148
GAATGTCCCAAGGAACACCT_003,83
GAATGTCCCAAGGAACACCT_004,115
GAATGTCCCAAGGAACACCT_005,12
GAATGTCCCAAGGAACACCT_006,12
GAATGTCCCAAGGAACACCT_007,198
GAATGTCCCAAGGAACACCT_008,12
GAATGTCCCAAGGAACACCT_009,197
GAATGTCCCAAGGAACACCT_010,80
GAATGTCCCAAGGAACACCT_011,127
GAATGTCCCAAGGAACACCT_012,137
GCAAAGTCTGTAAAGTGTCC_001,169
GCAAAGTCTGTAAAGTGTCC_002,105
GCAAAGTCTGTAAAGTGTCC_003,58
GCAGCCAAAAGATTGAAGGA_001,178
GCAGCCAAAAGATTGAAGGA_002,144
GCAGCCAAAAGATTGAAGGA_003,22
GCAGCCAAAAGATTGAAGGA_004,127
AGAAGCCGCCTACCTCAGTG_001,68
AGAAGCCGCCTACCTCAGTG_002,104
AGAAGCCGCCTACCTCAGTG_003,43
AGAAGCCGCCTACCTCAGTG_004,1
AGAAGCCGCCTACCTCAGTG_005,112
AGAAGCCGCCTACCTCAGTG_006,175
AGAAGCCGCCTACCTCAGTG_007,60
AGAAGCCGCCTACCTCAGTG_008,0
CCGATGCTGAAGTGGAACCA_001,194
CCGATGCTGAAGTGGAACCA_002,5
CCGATGCTGAAGTGGAACCA_003,191
CCGATGCTGAAGTGGAACCA_004,43
CCGATGCTGAAGTGGAACCA_005,126
CCGATGCTGAAGTGGAACCA_006,76
CCGATGCTGAAGTGGAACCA_007,117
CCGATGCTGAAGTGGAACCA_008,12
CCGATGCTGAAGTGGAACCA_009,27
CCGATGCTGAAGTGGAACCA_010,52
CCGATGCTGAAGTGGAACCA_011,8
CCGATGCTGAAGTGGAACCA_012,49
CCGATGCTGAAGTGGAACCA_013,138
CCGATGCTGAAGTGGAACCA_014,8
CCGATGCTGAAGTGGAACCA_015,48
CCGATGCTGAAGTGGAACCA_016,166
CCGATGCTGAAGTGGAACCA_017,52
CCGATGCTGAAGTGGAACCA_018,114
CCGATGCTGAAGTGGAACCA_019,74
CCGATGCTGAAGTGGAACCA_020,8
CCGATGCTGAAGTGGAACCA_021,85
CCGATGCTGAAGTGGAACCA_022,81
CCGATGCTGAAGTGGAACCA_023,93
CCGATGCTGAAGTGGAACCA_024,51
CCGATGCTGAAGTGGAACCA_025,73
GGAGAGTACGAGAGAACTGG_001,43
GGAGAGTACGAGAGAACTGG_002,86
GGAGAGTACGAGAGAACTGG_003,29
TAACTGTGTACTTACAACAA_001,146
TAACTGTGTACTTACAACAA_002,84
TAACTGTGTACTTACAACAA_003,19
TAACTGTGTACTTACAACAA_004,172
TAACTGTGTACTTACAACAA_005,146
TAACTGTGTACTTACAACAA_006,149
TAACTGTGTACTTACAACAA_007,136
GCCATGAGCATCCGTCCAGC_001,199
GCCATGAGCATCCGTCCAGC_002,157
GCCATGAGCATCCGTCCAGC_003,162
GCCATGAGCATCCGTCCAGC_004,146
GCCATGAGCATCCGTCCAGC_005,49
TAGTTGACGCCAGAGTTCCG_001,125
TAGTTGACGCCAGAGTTCCG_002,197
TAGTTGACGCCAGAGTTCCG_003,106
TAGTTGACGCCAGAGTTCCG_004,51
TAGTTGACGCCAGAGTTCCG_005,197
TAGTTGACGCCAGAGTTCCG_006,181
TAGTTGACGCCAGAGTTCCG_007,163
TAGTTGACGCCAGAGTTCCG_008,112
TAGTTGACGCCAGAGTTCCG_009,63
TAGTTGACGCCAGAGTTCCG_010,78
TAGTTGACGCCAGAGTTCCG_011,50
TAGTTGACGCCAGAGTTCCG_012,50
TAGTTGACGCCAGAGTTCCG_013,65
TAGTTGACGCCAGAGTTCCG_014,25
TAGTTGACGCCAGAGTTCCG_015,12
TAGTTGACGCCAGAGTTCCG_016,62
TAGTTGACGCCAGAGTTCCG_017,16
TAGTTGACGCCAGAGTTCCG_018,19
TAGTTGACGCCAGAGTTCCG_019,117
TAGTTGACGCCAGAGTTCCG_020,104
TAGTTGACGCCAGAGTTCCG_021,69
TAGTTGACGCCAGAGTTCCG_022,91
TAGTTGACGCCAGAGTTCCG_023,46
TAGTTGACGCCAGAGTTCCG_024,162
TAGTTGACGCCAGAGTTCCG_025,120
TCCGCAGCTGAGAGTCACGT_001,37
TCCGCAGCTGAGAGTCACGT_002,115
TCCGCAGCTGAGAGTCACGT_003,34
TCCGCAGCTGAGAGTCACGT_004,42
TCCGCAGCTGAGAGTCACGT_005,174
TCCGCAGCTGAGAGTCACGT_006,83
TCCGCAGCTGAGAGTCACGT_007,152
TCCGCAGCTGAGAGTCACGT_008,28
TCCGCAGCTGAGAGTCACGT_009,78
TCCGCAGCTGAGAGTCACGT_010,133
TCCGCAGCTGAGAGTCACGT_011,144
TCCGCAGCTGAGAGTCACGT_012,130
ACCAAGCCATCATCATGCTA_001,111
ACCAAGCCATCATCATGCTA_002,76
AGTCCCAGCCTAGCGCACGT_001,84
AGTCCCAGCCTAGCGCACGT_002,12
AGTCCCAGCCTAGCGCACGT_003,27
AGTCCCAGCCTAGCGCACGT_004,0
AGTCCCAGCCTAGCGCACGT_005,193
AGTCCCAGCCTAGCGCACGT_006,117
AGTCCCAGCCTAGCGCACGT_007,94
AGTCCCAGCCTAGCGCACGT_008,1
AGTCCCAGCCTAGCGCACGT_009,169
AGTCCCAGCCTAGCGCACGT_010,152
AGTCCCAGCCTAGCGCACGT_011,145
AGTCCCAGCCTAGCGCACGT_012,169
AGTCCCAGCCTAGCGCACGT_013,44
AGTCCCAGCCTAGCGCACGT_014,96
AGTCCCAGCCTAGCGCACGT_015,127
AGTCCCAGCCTAGCGCACGT_016,175
AGTCCCAGCCTAGCGCACGT_017,177
AGTCCCAGCCTAGCGCACGT_018,65
AGTCCCAGCCTAGCGCACGT_019,97
AGTCCCAGCCTAGCGCACGT_020,20
AGTCCCAGCCTAGCGCACGT_021,63
AGTCCCAGCCTAGCGCACGT_022,147
AGTCCCAGCCTAGCGCACGT_023,148
AGTCCCAGCCTAGCGCACGT_024,171
AGTCCCAGCCTAGCGCACGT_025,194
CCGCCCCCGGCCGCCAGCAC_001,2
CCGCCCCCGGCCGCCAGCAC_002,91
CCGCCCCCGGCCGCCAGCAC_003,96
CCGCCCCCGGCCGCCAGCAC_004,196
CCGCCCCCGGCCGCCAGCAC_005,76
CCGCCCCCGGCCGCCAGCAC_006,50
CCGCCCCCGGCCGCCAGCAC_007,185
CCGCCCCCGGCCGCCAGCAC_008,108
CCGCCCCCGGCCGCCAGCAC_009,36
CCGCCCCCGGCCGCCAGCAC_010,42
CCGCCCCCGGCCGCCAGCAC_011,94
CCGCCCCCGGCCGCCAGCAC_012,17
CCGCCCCCGGCCGCCAGCAC_013,43
CCGCCCCCGGCCGCCAGCAC_014,148
CCGCCCCCGGCCGCCAGCAC_015,120
CCGCCCCCGGCCGCCAGCAC_016,88
CCGCCCCCGGCCGCCAGCAC_017,8
CCGCCCCCGGCCGCCAGCAC_018,49
CCGCCCCCGGCCGCCAGCAC_019,9
CCGCCCCCGGCCGCCAGCAC_020,94
CCGCCCCCGGCCGCCAGCAC_021,170
CCGCCCCCGGCCGCCAGCAC_022,111
CCGCCCCCGGCCGCCAGCAC_023,190
CCGCCCCCGGCCGCCAGCAC_024,151
CCGCCCCCGGCCGCCAGCAC_025,100
CCGCCCCCGGCCGCCAGCAC_026,84
CCGCCCCCGGCCGCCAGCAC_027,19
CCGCCCCCGGCCGCCAGCAC_028,121
CCGCCCCCGGCCGCCAGCAC_029,12
CCGCCCCCGGCCGCCAGCAC_030,50
CCGCCCCCGGCCGCCAGCAC_031,177
CCGCCCCCGGCCGCCAGCAC_032,67
CCGCCCCCGGCCGCCAGCAC_033,107
CCGCCCCCGGCCGCCAGCAC_034,17
CCGCCCCCGGCCGCCAGCAC_035,178
CCGCCCCCGGCCGCCAGCAC_036,191
CCGCCCCCGGCCGCCAGCAC_037,47
CCGCCCCCGGCCGCCAGCAC_038,19
CCGCCCCCGGCCGCCAGCAC_039,149
CCGCCCCCGGCCGCCAGCAC_040,138
CCGCCCCCGGCCGCCAGCAC_041,15
CCGCCCCCGGCCGCCAGCAC_042,124
GTATGAGGCGATTGTACGAG_001,176
GTATGAGGCGATTGTACGAG_002,137
GTATGAGGCGATTGTACGAG_003,40
GTATGAGGCGATTGTACGAG_004,127
GTATGAGGCGATTGTACGAG_005,10
GTATGAGGCGATTGTACGAG_006,148
TGAGGCGGAGAGCGGGCCAG_001,60
TGAGGCGGAGAGCGGGCCAG_002,60
TGAGGCGGAGAGCGGGCCAG_003,118
TGAGGCGGAGAGCGGGCCAG_004,49
TGAGGCGGAGAGCGGGCCAG_005,88
TGAGGCGGAGAGCGGGCCAG_006,136
TGAGGCGGAGAGCGGGCCAG_007,2
TGAGGCGGAGAGCGGGCCAG_008,1
TGAGGCGGAGAGCGGGCCAG_009,144
TGAGGCGGAGAGCGGGCCAG_010,192
TGAGGCGGAGAGCGGGCCAG_011,94
TGAGGCGGAGAGCGGGCCAG_012,83
TGAGGCGGAGAGCGGGCCAG_013,114
TGGTGCAGTAATGACTACCT_001,88
TGGTGCAGTAATGACTACCT_002,145
TGGTGCAGTAATGACTACCT_003,66
TGTCCAGACTACATAACCGG_001,196
ACTACATAAGCACCTCACCT_001,8
ACTACATAAGCACCTCACCT_002,60
ACTACATAAGCACCTCACCT_003,78
ACTACATAAGCACCTCACCT_004,169
ACTACATAAGCACCTCACCT_005,145
ACTACATAAGCACCTCACCT_006,150
ACTACATAAGCACCTCACCT_007,150
ACTACATAAGCACCTCACCT_008,169
ACTACATAAGCACCTCACCT_009,94
ACTACATAAGCACCTCACCT_010,34
ACTACATAAGCACCTCACCT_011,169
ACTACATAAGCACCTCACCT_012,45
ACTACATAAGCACCTCACCT_013,129
ACTACATAAGCACCTCACCT_014,198
ACTACATAAGCACCTCACCT_015,39
ACTACATAAGCACCTCACCT_016,78
ACTACATAAGCACCTCACCT_017,16
GCTGGGGAACCTCATAGCAC_001,76
GCTGGGGAACCTCATAGCAC_002,85
GCTGGGGAACCTCATAGCAC_003,142
GCTGGGGAACCTCATAGCAC_004,5
GCTGGGGAACCTCATAGCAC_005,5
GCTGGGGAACCTCATAGCAC_006,168
GCTGGGGAACCTCATAGCAC_007,29
GCTGGGGAACCTCATAGCAC_008,1
GCTGGGGAACCTCATAGCAC_009,1
GCTGGGGAACCTCATAGCAC_010,171
GCTGGGGAACCTCATAGCAC_011,144
GCTGGGGAACCTCATAGCAC_012,108
GCTGGGGAACCTCATAGCAC_013,64
GCTGGGGAACCTCATAGCAC_014,139
GCTGGGGAACCTCATAGCAC_015,102
GCTGGGGAACCTCATAGCAC_016,13
GCTGGGGAACCTCATAGCAC_017,165
GCTGGGGAACCTCATAGCAC_018,139
GCTGGGGAACCTCATAGCAC_019,31
GCTGGGGAACCTCATAGCAC_020,115
TTGCAATATGGATGTCAATG_001,38
ACTTGGAGGCTGAGGATAAG_001,45
ACTTGGAGGCTGAGGATAAG_002,41
ACTTGGAGGCTGAGGATAAG_003,145
ACTTGGAGGCTGAGGATAAG_004,81
ACTTGGAGGCTGAGGATAAG_005,174
ACTTGGAGGCTGAGGATAAG_006,156
ACTTGGAGGCTGAGGATAAG_007,177
ACTTGGAGGCTGAGGATAAG_008,123
ACTTGGAGGCTGAGGATAAG_009,170
ACTTGGAGGCTGAGGATAAG_010,27
ACTTGGAGGCTGAGGATAAG_011,198
ACTTGGAGGCTGAGGATAAG_012,52
ACTTGGAGGCTGAGGATAAG_013,42
AACCCGGCACCACTCAATGG_001,84
AACCCGGCACCACTCAATGG_002,94
AACCCGGCACCACTCAATGG_003,108
AACCCGGCACCACTCAATGG_004,145
AACCCGGCACCACTCAATGG_005,176
AACCCGGCACCACTCAATGG_006,58
AACCCGGCACCACTCAATGG_007,2
AACCCGGCACCACTCAATGG_008,15
AACCCGGCACCACTCAATGG_009,116
AACCCGGCACCACTCAATGG_010,178
AACCCGGCACCACTCAATGG_011,70
AACCCGGCACCACTCAATGG_012,131
AACCCGGCACCACTCAATGG_013,124
AACCCGGCACCACTCAATGG_014,138
AACCCGGCACCACTCAATGG_015,144
AACCCGGCACCACTCAATGG_016,66
ACAAAAATGTAGGATGAACC_001,6
ACAAAAATGTAGGATGAACC_002,19
ACAAAAATGTAGGATGAACC_003,167
ACAAAAATGTAGGATGAACC_004,142
ACAAAAATGTAGGATGAACC_005,166
ACAAAAATGTAGGATGAACC_006,161
ACAAAAATGTAGGATGAACC_007,123
ACCTGACCAATTCCGTGCAG_001,124
ACCTGACCAATTCCGTGCAG_002,3
ACCTGACCAATTCCGTGCAG_003,4
GGAGACAGCAGAATCAGATG_001,146
GGAGACAGCAGAATCAGATG_002,82
GGAGACAGCAGAATCAGATG_003,184
GGAGACAGCAGAATCAGATG_004,16
GGAGACAGCAGAATCAGATG_005,2
GGAGACAGCAGAATCAGATG_006,2
GGAGACAGCAGAATCAGATG_007,54
GGAGACAGCAGAATCAGATG_008,182
GGAGACAGCAGAATCAGATG_009,36
GGAGACAGCAGAATCAGATG_010,2
GGAGACAGCAGAATCAGATG_011,152
GGAGACAGCAGAATCAGATG_012,107
GGAGACAGCAGAATCAGATG_013,35
GGAGACAGCAGAATCAGATG_014,43
GGAGACAGCAGAATCAGATG_015,9
GGAGACAGCAGAATCAGATG_016,179
GGGCGTGCACATCTCCAAGG_001,14
GGGCGTGCACATCTCCAAGG_002,0
CAGTTCAACGTGTATAGGGT_001,106
CAGTTCAACGTGTATAGGGT_002,134
CAGTTCAACGTGTATAGGGT_003,105
CAGTTCAACGTGTATAGGGT_004,114
CAGTTCAACGTGTATAGGGT_005,27
CAGTTCAACGTGTATAGGGT_006,14
CAGTTCAACGTGTATAGGGT_007,83
CAGTTCAACGTGTATAGGGT_008,117
CAGTTCAACGTGTATAGGGT_009,63
GAAGTTGAGCTTTGCCGATG_001,63
GAAGTTGAGCTTTGCCGATG_002,115
GAAGTTGAGCTTTGCCGATG_003,158
GAAGTTGAGCTTTGCCGATG_004,177
GAAGTTGAGCTTTGCCGATG_005,127
GAAGTTGAGCTTTGCCGATG_006,41
GAAGTTGAGCTTTGCCGATG_007,36
GAAGTTGAGCTTTGCCGATG_008,115
GAAGTTGAGCTTTGCCGATG_009,56
GAAGTTGAGCTTTGCCGATG_010,100
GAAGTTGAGCTTTGCCGATG_011,190
GAAGTTGAGCTTTGCCGATG_012,58
GAAGTTGAGCTTTGCCGATG_013,61
GAAGTTGAGCTTTGCCGATG_014,15
GAAGTTGAGCTTTGCCGATG_015,63
GAAGTTGAGCTTTGCCGATG_016,160
GAAGTTGAGCTTTGCCGATG_017,50
GAAGTTGAGCTTTGCCGATG_018,40
GAAGTTGAGCTTTGCCGATG_019,123
GAAGTTGAGCTTTGCCGATG_020,78
GAAGTTGAGCTTTGCCGATG_021,91
GAAGTTGAGCTTTGCCGATG_022,9
GAAGTTGAGCTTTGCCGATG_023,145
TGAGTGTGGACCCTAACACC_001,70
TGAGTGTGGACCCTAACACC_002,151
TGAGTGTGGACCCTAACACC_003,29
TGAGTGTGGACCCTAACACC_004,115
TGAGTGTGGACCCTAACACC_005,136
CATCCTGCTCAACCTAGCCG_001,1
CATCCTGCTCAACCTAGCCG_002,130
CATCCTGCTCAACCTAGCCG_003,130
CATCCTGCTCAACCTAGCCG_004,62
CATCCTGCTCAACCTAGCCG_005,20
CATCCTGCTCAACCTAGCCG_006,133
CATCCTGCTCAACCTAGCCG_007,38
CATCCTGCTCAACCTAGCCG_008,169
CATCCTGCTCAACCTAGCCG_009,153
CATCCTGCTCAACCTAGCCG_010,180
CATCCTGCTCAACCTAGCCG_011,62
CATCCTGCTCAACCTAGCCG_012,7
CATCCTGCTCAACCTAGCCG_013,176
CATCCTGCTCAACCTAGCCG_014,172
GTTGAGAATAAGAGTCACGT_001,189
GTTGAGAATAAGAGTCACGT_002,172
GTTGAGAATAAGAGTCACGT_003,193
GTTGAGAATAAGAGTCACGT_004,102
GTTGAGAATAAGAGTCACGT_005,151
GTTGAGAATAAGAGTCACGT_006,149
GTTGAGAATAAGAGTCACGT_007,30
GTTGAGAATAAGAGTCACGT_008,114
GTTGAGAATAAGAGTCACGT_009,114
GTTGAGAATAAGAGTCACGT_010,29
GTTGAGAATAAGAGTCACGT_011,17
CCACCTGGCATTGCATCGTG_001,81
CCACCTGGCATTGCATCGTG_002,63
CCACCTGGCATTGCATCGTG_003,150
CCACCTGGCATTGCATCGTG_004,40
CCACCTGGCATTGCATCGTG_005,93
CCACCTGGCATTGCATCGTG_006,177
CCACCTGGCATTGCATCGTG_007,122
CCACCTGGCATTGCATCGTG_008,12
CCACCTGGCATTGCATCGTG_009,126
CCACCTGGCATTGCATCGTG_010,169
CCACCTGGCATTGCATCGTG_011,50
CCACCTGGCATTGCATCGTG_012,160
CCACCTGGCATTGCATCGTG_013,51
CCACCTGGCATTGCATCGTG_014,48
CCACCTGGCATTGCATCGTG_015,104
CCACCTGGCATTGCATCGTG_016,42
CCACCTGGCATTGCATCGTG_017,162
CCACCTGGCATTGCATCGTG_018,137
CCACCTGGCATTGCATCGTG_019,113
CCACCTGGCATTGCATCGTG_020,187
TGCCCTGAAAGCATACCAAG_001,1
TGCCCTGAAAGCATACCAAG_002,66
TGCCCTGAAAGCATACCAAG_003,143
TGCCCTGAAAGCATACCAAG_004,97
TGCCCTGAAAGCATACCAAG_005,8
TGCCCTGAAAGCATACCAAG_006,85
TGCCCTGAAAGCATACCAAG_007,44
TGCCCTGAAAGCATACCAAG_008,174
TAAGTAATCAATGATAGCAT_001,197
TAAGTAATCAATGATAGCAT_002,0
TAAGTAATCAATGATAGCAT_003,92
TAAGTAATCAATGATAGCAT_004,63
TAAGTAATCAATGATAGCAT_005,63
TAAGTAATCAATGATAGCAT_006,132
TAAGTAATCAATGATAGCAT_007,146
TAAGTAATCAATGATAGCAT_008,124
CAGCATGACACGACGCAGAA_001,127
CAGCATGACACGACGCAGAA_002,108
CAGCATGACACGACGCAGAA_003,80
CAGCATGACACGACGCAGAA_004,159
CAGCATGACACGACGCAGAA_005,85
CAGCATGACACGACGCAGAA_006,172
CAGCATGACACGACGCAGAA_007,58
CAGCATGACACGACGCAGAA_008,146
CAGCATGACACGACGCAGAA_009,48
AGCATACAGGGCTTCTGCTG_001,119
AGCATACAGGGCTTCTGCTG_002,93
AGCATACAGGGCTTCTGCTG_003,71
AGCATACAGGGCTTCTGCTG_004,83
AGCATACAGGGCTTCTGCTG_005,192
AGCATACAGGGCTTCTGCTG_006,187
AGCATACAGGGCTTCTGCTG_007,183
AGCATACAGGGCTTCTGCTG_008,58
AGCATACAGGGCTTCTGCTG_009,6
AGCATACAGGGCTTCTGCTG_010,197
AGCATACAGGGCTTCTGCTG_011,151
AGCATACAGGGCTTCTGCTG_012,158
AGCATACAGGGCTTCTGCTG_013,176
AGCATACAGGGCTTCTGCTG_014,141
AGCATACAGGGCTTCTGCTG_015,185
GCCCACCCTCAATGGCGGGT_001,152
GCCCACCCTCAATGGCGGGT_002,102
GCCCACCCTCAATGGCGGGT_003,28
GCCCACCCTCAATGGCGGGT_004,76
GCCCACCCTCAATGGCGGGT_005,184
GCCCACCCTCAATGGCGGGT_006,44
GCCCACCCTCAATGGCGGGT_007,41
GCCCACCCTCAATGGCGGGT_008,159
GCCCACCCTCAATGGCGGGT_009,129
GCCCACCCTCAATGGCGGGT_010,199
GCCCACCCTCAATGGCGGGT_011,116
GCCCACCCTCAATGGCGGGT_012,123
GCCCACCCTCAATGGCGGGT_013,87
GCCCACCCTCAATGGCGGGT_014,84
GCCCACCCTCAATGGCGGGT_015,87
GCCCACCCTCAATGGCGGGT_016,155
GCCCACCCTCAATGGCGGGT_017,40
GCCCACCCTCAATGGCGGGT_018,171
GCCCACCCTCAATGGCGGGT_019,57
CTGGTGACAGTGCGCCAGGG_001,92
CTGGTGACAGTGCGCCAGGG_002,60
CTGGTGACAGTGCGCCAGGG_003,150
CTGGTGACAGTGCGCCAGGG_004,65
CTGGTGACAGTGCGCCAGGG_005,60
CTGGTGACAGTGCGCCAGGG_006,141
CTGGTGACAGTGCGCCAGGG_007,147
CTGGTGACAGTGCGCCAGGG_008,106
CTGGTGACAGTGCGCCAGGG_009,157
CTGGTGACAGTGCGCCAGGG_010,105
CTGGTGACAGTGCGCCAGGG_011,169
CTGGTGACAGTGCGCCAGGG_012,62
CTGGTGACAGTGCGCCAGGG_013,198
CTGGTGACAGTGCGCCAGGG_014,94
GTCATCGGAGGGGATAAGAG_001,34
GTCATCGGAGGGGATAAGAG_002,118
GTCATCGGAGGGGATAAGAG_003,178
GTCATCGGAGGGGATAAGAG_004,14
GTCATCGGAGGGGATAAGAG_005,130
GTCATCGGAGGGGATAAGAG_006,188
GTCATCGGAGGGGATAAGAG_007,150
GTCATCGGAGGGGATAAGAG_008,115
GTCATCGGAGGGGATAAGAG_009,127
GTCATCGGAGGGGATAAGAG_010,184
GTCATCGGAGGGGATAAGAG_011,149
GTCATCGGAGGGGATAAGAG_012,188
GTCATCGGAGGGGATAAGAG_013,169
GTCATCGGAGGGGATAAGAG_014,78
GTCATCGGAGGGGATAAGAG_015,99
GTCATCGGAGGGGATAAGAG_016,137
GTCATCGGAGGGGATAAGAG_017,33
GTCATCGGAGGGGATAAGAG_018,187
GCACTCGTGTGACACGTCGA_001,5
GCACTCGTGTGACACGTCGA_002,176
GCACTCGTGTGACACGTCGA_003,142
GCACTCGTGTGACACGTCGA_004,169
GCACTCGTGTGACACGTCGA_005,125
GCACTCGTGTGACACGTCGA_006,150
GCACTCGTGTGACACGTCGA_007,48
GCACTCGTGTGACACGTCGA_008,57
GCACTCGTGTGACACGTCGA_009,198
GCACTCGTGTGACACGTCGA_010,170
GCACTCGTGTGACACGTCGA_011,157
GCACTCGTGTGACACGTCGA_012,60
GCACTCGTGTGACACGTCGA_013,157
GCACTCGTGTGACACGTCGA_014,64
GCACTCGTGTGACACGTCGA_015,98
GCACTCGTGTGACACGTCGA_016,132
ATCCAGCAATCGAACCCCAG_001,0
ATCCAGCAATCGAACCCCAG_002,29
ATCCAGCAATCGAACCCCAG_003,29
ATCCAGCAATCGAACCCCAG_004,88
ATCCAGCAATCGAACCCCAG_005,182
ATCCAGCAATCGAACCCCAG_006,121
ATCCAGCAATCGAACCCCAG_007,68
ATCCAGCAATCGAACCCCAG_008,28
ATCCAGCAATCGAACCCCAG_009,2
ATCCAGCAATCGAACCCCAG_010,31
ATCCAGCAATCGAACCCCAG_011,199
ATCCAGCAATCGAACCCCAG_012,49
ATCCAGCAATCGAACCCCAG_013,96
ATCCAGCAATCGAACCCCAG_014,113
ATCCAGCAATCGAACCCCAG_015,133
ATCCAGCAATCGAACCCCAG_016,19
ATCCAGCAATCGAACCCCAG_017,88
ATCCAGCAATCGAACCCCAG_018,37
ATCCAGCAATCGAACCCCAG_019,144
ATCCAGCAATCGAACCCCAG_020,115
ATCCAGCAATCGAACCCCAG_021,159
ATCCAGCAATCGAACCCCAG_022,23
TACGCCAGGAGCGTGACCAG_001,155
TACGCCAGGAGCGTGACCAG_002,91
TACGCCAGGAGCGTGACCAG_003,137
TACGCCAGGAGCGTGACCAG_004,105
TACGCCAGGAGCGTGACCAG_005,130
TACGCCAGGAGCGTGACCAG_006,82
TACGCCAGGAGCGTGACCAG_007,163
TACGCCAGGAGCGTGACCAG_008,142
TACGCCAGGAGCGTGACCAG_009,135
TACGCCAGGAGCGTGACCAG_010,113
TACGCCAGGAGCGTGACCAG_011,56
TACGCCAGGAGCGTGACCAG_012,68
TACGCCAGGAGCGTGACCAG_013,44
TACGCCAGGAGCGTGACCAG_014,89
TACGCCAGGAGCGTGACCAG_015,198
TACGCCAGGAGCGTGACCAG_016,169
TACGCCAGGAGCGTGACCAG_017,56
TACGCCAGGAGCGTGACCAG_018,112
TACGCCAGGAGCGTGACCAG_019,49
TACGCCAGGAGCGTGACCAG_020,103
TACGCCAGGAGCGTGACCAG_021,126
TACGCCAGGAGCGTGACCAG_022,76
TACGCCAGGAGCGTGACCAG_023,35
TACGCCAGGAGCGTGACCAG_024,166
TACGCCAGGAGCGTGACCAG_025,53
TACGCCAGGAGCGTGACCAG_026,82
TACGCCAGGAGCGTGACCAG_027,130
TACGCCAGGAGCGTGACCAG_028,124
TACGCCAGGAGCGTGACCAG_029,113
ACAAAGCCCCAGGATATCGA_001,105
ACAAAGCCCCAGGATATCGA_002,50
ACAAAGCCCCAGGATATCGA_003,43
ACAAAGCCCCAGGATATCGA_004,87
ACAAAGCCCCAGGATATCGA_005,197
ACAAAGCCCCAGGATATCGA_006,81
ACAAAGCCCCAGGATATCGA_007,63
ACAAAGCCCCAGGATATCGA_008,46
ACAAAGCCCCAGGATATCGA_009,108
CGAGGTCCACTTCTTCGACT_001,138
CGAGGTCCACTTCTTCGACT_002,77
CAAGCCCTAGATAGCCCCAG_001,149
CAAGCCCTAGATAGCCCCAG_002,78
CAAGCCCTAGATAGCCCCAG_003,130
CAAGCCCTAGATAGCCCCAG_004,29
CAAGCCCTAGATAGCCCCAG_005,76
CAAGCCCTAGATAGCCCCAG_006,117
CAAGCCCTAGATAGCCCCAG_007,72
CAAGCCCTAGATAGCCCCAG_008,150
CAAGCCCTAGATAGCCCCAG_009,157
CAAGCCCTAGATAGCCCCAG_010,184
CAAGCCCTAGATAGCCCCAG_011,94
CAAGCCCTAGATAGCCCCAG_012,56
CAAGCCCTAGATAGCCCCAG_013,49
CAAGCCCTAGATAGCCCCAG_014,118
CAAGCCCTAGATAGCCCCAG_015,188
CAAGCCCTAGATAGCCCCAG_016,172
CAAGCCCTAGATAGCCCCAG_017,88
CAAGCCCTAGATAGCCCCAG_018,2
CAAGCCCTAGATAGCCCCAG_019,101
CAAGCCCTAGATAGCCCCAG_020,132
CAAGCCCTAGATAGCCCCAG_021,83
CAAGCCCTAGATAGCCCCAG_022,36
CAAGCCCTAGATAGCCCCAG_023,144
CAAGCCCTAGATAGCCCCAG_024,9
CAAGCCCTAGATAGCCCCAG_025,39
CAAGCCCTAGATAGCCCCAG_026,40
GGGAAAAGATTGTCTGACAG_001,76
GGGAAAAGATTGTCTGACAG_002,172
GGGAAAAGATTGTCTGACAG_003,196
GGGAAAAGATTGTCTGACAG_004,161
GGGAAAAGATTGTCTGACAG_005,61
GGGAAAAGATTGTCTGACAG_006,88
TCACGGCCGCGATGTAGCAG_001,155
TCACGGCCGCGATGTAGCAG_002,14
GCAGAACGTGCAGTTCTCCG_001,41
GCAGAACGTGCAGTTCTCCG_002,142
GCAGAACGTGCAGTTCTCCG_003,192
GCAGAACGTGCAGTTCTCCG_004,70
GCAGAACGTGCAGTTCTCCG_005,77
GCAGAACGTGCAGTTCTCCG_006,25
GCAGAACGTGCAGTTCTCCG_007,74
GCAGAACGTGCAGTTCTCCG_008,115
GCAGAACGTGCAGTTCTCCG_009,94
GCAGAACGTGCAGTTCTCCG_010,114
CAGAGATATCAAAGACACGA_001,178
CAGAGATATCAAAGACACGA_002,17
CAGAGATATCAAAGACACGA_003,169
CAGAGATATCAAAGACACGA_004,63
ACAGCCAGGAGCTTCGCATG_001,137
ACAGCCAGGAGCTTCGCATG_002,114
ACAGCCAGGAGCTTCGCATG_003,34
ACAGCCAGGAGCTTCGCATG_004,173
ACAGCCAGGAGCTTCGCATG_005,63
ACAGCCAGGAGCTTCGCATG_006,99
CCAGCGAATGTCCACACACG_001,72
CCAGCGAATGTCCACACACG_002,115
CCAGCGAATGTCCACACACG_003,191
AGGAGTTCAGATCGTTGGGT_001,72
AGGAGTTCAGATCGTTGGGT_002,147
AGGAGTTCAGATCGTTGGGT_003,162
AGGAGTTCAGATCGTTGGGT_004,58
AGGAGTTCAGATCGTTGGGT_005,14
AGGAGTTCAGATCGTTGGGT_006,115
AGGAGTTCAGATCGTTGGGT_007,105
AGGAGTTCAGATCGTTGGGT_008,170
AGGAGTTCAGATCGTTGGGT_009,72
AGGAGTTCAGATCGTTGGGT_010,182
AGGAGTTCAGATCGTTGGGT_011,127
AGGAGTTCAGATCGTTGGGT_012,159
AGGAGTTCAGATCGTTGGGT_013,16
AGGAGTTCAGATCGTTGGGT_014,83
AGGAGTTCAGATCGTTGGGT_015,90
TGGGGTGATTATGAGCACCG_001,76
TGGGGTGATTATGAGCACCG_002,177
TGGGGTGATTATGAGCACCG_003,45
TGGGGTGATTATGAGCACCG_004,182
TGGGGTGATTATGAGCACCG_005,50
TGGGGTGATTATGAGCACCG_006,68
TGGGGTGATTATGAGCACCG_007,89
TGGGGTGATTATGAGCACCG_008,141
TGGGGTGATTATGAGCACCG_009,51
TGGGGTGATTATGAGCACCG_010,78
TGGGGTGATTATGAGCACCG_011,153
ATGCTGTCAATATCTACACT_001,11
ATGCTGTCAATATCTACACT_002,155
ATGCTGTCAATATCTACACT_003,50
ATGCTGTCAATATCTACACT_004,151
ACCGAATGGTTGTGAGTGGT_001,186
ACCGAATGGTTGTGAGTGGT_002,51
ACCGAATGGTTGTGAGTGGT_003,80
ACCGAATGGTTGTGAGTGGT_004,100
ACCGAATGGTTGTGAGTGGT_005,119
ACCGAATGGTTGTGAGTGGT_006,76
ACCGAATGGTTGTGAGTGGT_007,49
ACCGAATGGTTGTGAGTGGT_008,29
ACCGAATGGTTGTGAGTGGT_009,176
ACCGAATGGTTGTGAGTGGT_010,50
ACCGAATGGTTGTGAGTGGT_011,10
ACCGAATGGTTGTGAGTGGT_012,0
CATCTTTGCCAACGTCAGTG_001,177
CATCTTTGCCAACGTCAGTG_002,31
CATCTTTGCCAACGTCAGTG_003,8
CATCTTTGCCAACGTCAGTG_004,7
CATCTTTGCCAACGTCAGTG_005,195
CATCTTTGCCAACGTCAGTG_006,170
CATCTTTGCCAACGTCAGTG_007,145
CATCTTTGCCAACGTCAGTG_008,44
CATCTTTGCCAACGTCAGTG_009,81
CATCTTTGCCAACGTCAGTG_010,69
CATCTTTGCCAACGTCAGTG_011,107
CATCTTTGCCAACGTCAGTG_012,94
CATCTTTGCCAACGTCAGTG_013,136
CATCTTTGCCAACGTCAGTG_014,194
CATCTTTGCCAACGTCAGTG_015,176
CATCTTTGCCAACGTCAGTG_016,105
TGCATCGACAACCGACCCCG_001,169
TGCATCGACAACCGACCCCG_002,120
TGCATCGACAACCGACCCCG_003,195
TGCATCGACAACCGACCCCG_004,5
TGCATCGACAACCGACCCCG_005,127
TGCATCGACAACCGACCCCG_006,150
TGCATCGACAACCGACCCCG_007,2
TGCATCGACAACCGACCCCG_008,191
TGCATCGACAACCGACCCCG_009,120
TTGTGCTGGACATTCCTGAG_001,137
TTGTGCTGGACATTCCTGAG_002,130
TTGTGCTGGACATTCCTGAG_003,44
TTGTGCTGGACATTCCTGAG_004,150
TTGTGCTGGACATTCCTGAG_005,12
TTGTGCTGGACATTCCTGAG_006,161
TTGTGCTGGACATTCCTGAG_007,101
TTGTGCTGGACATTCCTGAG_008,106
TTGTGCTGGACATTCCTGAG_009,74
TTGTGCTGGACATTCCTGAG_010,67
TTGTGCTGGACATTCCTGAG_011,78
TTGTGCTGGACATTCCTGAG_012,158
TTGTGCTGGACATTCCTGAG_013,190
TTGTGCTGGACATTCCTGAG_014,6
TTGTGCTGGACATTCCTGAG_015,141
TTGTGCTGGACATTCCTGAG_016,105
TTGTGCTGGACATTCCTGAG_017,149
TTGTGCTGGACATTCCTGAG_018,50
TTGTGCTGGACATTCCTGAG_019,56
TTGTGCTGGACATTCCTGAG_020,123
TTGTGCTGGACATTCCTGAG_021,177
TTGTGCTGGACATTCCTGAG_022,130
GAGATCGGCCAGAACCACCA_001,129
GAGATCGGCCAGAACCACCA_002,94
GAGATCGGCCAGAACCACCA_003,176
GAGATCGGCCAGAACCACCA_004,29
GAGATCGGCCAGAACCACCA_005,24
GAGATCGGCCAGAACCACCA_006,102
GAGATCGGCCAGAACCACCA_007,148
GAGATCGGCCAGAACCACCA_008,48
GAGATCGGCCAGAACCACCA_009,86
GAGATCGGCCAGAACCACCA_010,6
GAGATCGGCCAGAACCACCA_011,74
GAGATCGGCCAGAACCACCA_012,181
GAGATCGGCCAGAACCACCA_013,33
GAGATCGGCCAGAACCACCA_014,147
GAGATCGGCCAGAACCACCA_015,170
GAGATCGGCCAGAACCACCA_016,177
GAGATCGGCCAGAACCACCA_017,59
GAGATCGGCCAGAACCACCA_018,102
GAGATCGGCCAGAACCACCA_019,129
GAGATCGGCCAGAACCACCA_020,98
GAGATCGGCCAGAACCACCA_021,136
GAGATCGGCCAGAACCACCA_022,14
GAGATCGGCCAGAACCACCA_023,8
GAGATCGGCCAGAACCACCA_024,144
GAGATCGGCCAGAACCACCA_025,43
GAGATCGGCCAGAACCACCA_026,124
GAGATCGGCCAGAACCACCA_027,71
GAGATCGGCCAGAACCACCA_028,89
AACGTTCCTGAAGATAGTCT_001,162
AACGTTCCTGAAGATAGTCT_002,120
AACGTTCCTGAAGATAGTCT_003,115
AACGTTCCTGAAGATAGTCT_004,35
AACGTTCCTGAAGATAGTCT_005,78
CTGACCTGAACCATTTCCGG_001,119
CTGACCTGAACCATTTCCGG_002,137
CTGACCTGAACCATTTCCGG_003,28
CTGACCTGAACCATTTCCGG_004,13
CTGACCTGAACCATTTCCGG_005,93
CTGACCTGAACCATTTCCGG_006,18
CTGACCTGAACCATTTCCGG_007,97
CTGACCTGAACCATTTCCGG_008,42
CTGACCTGAACCATTTCCGG_009,105
CTGACCTGAACCATTTCCGG_010,47
CTGACCTGAACCATTTCCGG_011,35
CTGACCTGAACCATTTCCGG_012,137
CTGACCTGAACCATTTCCGG_013,161
CTGACCTGAACCATTTCCGG_014,117
CTGACCTGAACCATTTCCGG_015,88
CTGACCTGAACCATTTCCGG_016,74
CTGACCTGAACCATTTCCGG_017,138
CTGACCTGAACCATTTCCGG_018,63
CTGACCTGAACCATTTCCGG_019,27
CTGACCTGAACCATTTCCGG_020,1
GTATCCCAAAGCCAATAACC_001,1
GTATCCCAAAGCCAATAACC_002,120
GTATCCCAAAGCCAATAACC_003,147
GTATCCCAAAGCCAATAACC_004,16
GTATCCCAAAGCCAATAACC_005,130
GTATCCCAAAGCCAATAACC_006,94
GTATCCCAAAGCCAATAACC_007,138
GTATCCCAAAGCCAATAACC_008,188
GTATCCCAAAGCCAATAACC_009,185
GTATCCCAAAGCCAATAACC_010,136
GTATCCCAAAGCCAATAACC_011,8
GTATCCCAAAGCCAATAACC_012,28
GTATCCCAAAGCCAATAACC_013,144
GTATCCCAAAGCCAATAACC_014,1
GGAGCAATTGAAAGTCACTC_001,65
GGAGCAATTGAAAGTCACTC_002,50
GGAGCAATTGAAAGTCACTC_003,121
GGAGCAATTGAAAGTCACTC_004,171
GGAGCAATTGAAAGTCACTC_005,94
GGAGCAATTGAAAGTCACTC_006,41
GGAGCAATTGAAAGTCACTC_007,15
GGAGCAATTGAAAGTCACTC_008,43
GGAGCAATTGAAAGTCACTC_009,19
GGAGCAATTGAAAGTCACTC_010,184
GGAAGATGGCTTCTACCCAT_001,76
GGAAGATGGCTTCTACCCAT_002,81
GGAAGATGGCTTCTACCCAT_003,92
GGAAGATGGCTTCTACCCAT_004,111
GGAAGATGGCTTCTACCCAT_005,172
TCATAGACACTGTGATACAG_001,102
TCATAGACACTGTGATACAG_002,83
TCATAGACACTGTGATACAG_003,99
TCATAGACACTGTGATACAG_004,38
TAATGATACTAATGCAACCA_001,153
ACCGAGCGCACTCTCTAGCC_001,39
AGGGTCCGAATAAAGTGAGA_001,185
AGGGTCCGAATAAAGTGAGA_002,17
AGGGTCCGAATAAAGTGAGA_003,174
AGGGTCCGAATAAAGTGAGA_004,120
AGGGTCCGAATAAAGTGAGA_005,79
AGGGTCCGAATAAAGTGAGA_006,62
AGGGTCCGAATAAAGTGAGA_007,49
AGGGTCCGAATAAAGTGAGA_008,40
AGGGTCCGAATAAAGTGAGA_009,53
AGATCACTTTGATTGCCATG_001,154
AGATCACTTTGATTGCCATG_002,19
GGAAGAATTAAAGCAAACAC_001,157
CAACCATAGTAGTCTCGGAG_001,134
CAACCATAGTAGTCTCGGAG_002,105
CAACCATAGTAGTCTCGGAG_003,149
CAACCATAGTAGTCTCGGAG_004,157
TCTCTGTTTCACAAACACAA_001,33
TCTCTGTTTCACAAACACAA_002,175
TCTCTGTTTCACAAACACAA_003,162
TCTCTGTTTCACAAACACAA_004,141
TGATCGAGGATTTCAACTCG_001,169
TGATCGAGGATTTCAACTCG_002,19
TGATCGAGGATTTCAACTCG_003,66
GATGGTGCAACTCGTAATGG_001,141
GATGGTGCAACTCGTAATGG_002,58
GATGGTGCAACTCGTAATGG_003,112
GATGGTGCAACTCGTAATGG_004,16
GATGGTGCAACTCGTAATGG_005,59
GATGGTGCAACTCGTAATGG_006,19
GCATCTTCCGGGATCCACAG_001,11
GCATCTTCCGGGATCCACAG_002,160
GCATCTTCCGGGATCCACAG_003,62
GCATCTTCCGGGATCCACAG_004,23
GCATCTTCCGGGATCCACAG_005,118
GCATCTTCCGGGATCCACAG_006,177
GCATCTTCCGGGATCCACAG_007,186
GCATCTTCCGGGATCCACAG_008,150
GCATCTTCCGGGATCCACAG_009,175
GCATCTTCCGGGATCCACAG_010,36
GCATCTTCCGGGATCCACAG_011,34
GCATCTTCCGGGATCCACAG_012,83
GCATCTTCCGGGATCCACAG_013,185
GCATCTTCCGGGATCCACAG_014,192
GCATCTTCCGGGATCCACAG_015,35
GCATCTTCCGGGATCCACAG_016,25
GCATCTTCCGGGATCCACAG_017,60
GCATCTTCCGGGATCCACAG_018,2
GCATCTTCCGGGATCCACAG_019,68
GCATCTTCCGGGATCCACAG_020,162
GCATCTTCCGGGATCCACAG_021,96
GCATCTTCCGGGATCCACAG_022,137
GCATCTTCCGGGATCCACAG_023,36
TAAGAAATGGGAAAGACCGG_001,65
TAAGAAATGGGAAAGACCGG_002,56
TAAGAAATGGGAAAGACCGG_003,152
TAAGAAATGGGAAAGACCGG_004,152
TAAGAAATGGGAAAGACCGG_005,56
TAAGAAATGGGAAAGACCGG_006,172
TAAGAAATGGGAAAGACCGG_007,150
TAAGAAATGGGAAAGACCGG_008,61
TAAGAAATGGGAAAGACCGG_009,74
TAAGAAATGGGAAAGACCGG_010,191
TAAGAAATGGGAAAGACCGG_011,178
TAAGAAATGGGAAAGACCGG_012,180
TAAGAAATGGGAAAGACCGG_013,176
TAAGAAATGGGAAAGACCGG_014,25
TAAGAAATGGGAAAGACCGG_015,196
TAAGAAATGGGAAAGACCGG_016,12
TCAGATTCTTGACCAAAATG_001,158
TCAGATTCTTGACCAAAATG_002,61
TCAGATTCTTGACCAAAATG_003,136
TCAGATTCTTGACCAAAATG_004,62
TCAGATTCTTGACCAAAATG_005,198
TCAGATTCTTGACCAAAATG_006,127
TCAGATTCTTGACCAAAATG_007,47
CAAACCACGGAAAACCACCT_001,122
CAAACCACGGAAAACCACCT_002,129
CAAACCACGGAAAACCACCT_003,41
CAAACCACGGAAAACCACCT_004,88
CAAACCACGGAAAACCACCT_005,81
CAAACCACGGAAAACCACCT_006,168
CAAACCACGGAAAACCACCT_007,169
CAAACCACGGAAAACCACCT_008,91
AGGCCTAGTTGACACTGCAA_001,27
AGGCCTAGTTGACACTGCAA_002,62
AGGCCTAGTTGACACTGCAA_003,97
AGGCCTAGTTGACACTGCAA_004,48
AGGCCTAGTTGACACTGCAA_005,61
AGGCCTAGTTGACACTGCAA_006,50
AGGCCTAGTTGACACTGCAA_007,141
AGGCCTAGTTGACACTGCAA_008,150
AGGCCTAGTTGACACTGCAA_009,81
AGGCCTAGTTGACACTGCAA_010,185
AGGCCTAGTTGACACTGCAA_011,192
AGGCCTAGTTGACACTGCAA_012,83
AGGCCTAGTTGACACTGCAA_013,5
AGGCCTAGTTGACACTGCAA_014,56
AGGCCTAGTTGACACTGCAA_015,106
AGGCCTAGTTGACACTGCAA_016,88
AGGCCTAGTTGACACTGCAA_017,130
AGGCCTAGTTGACACTGCAA_018,189
AGGCCTAGTTGACACTGCAA_019,94
AGGCCTAGTTGACACTGCAA_020,188
AGGCCTAGTTGACACTGCAA_021,162
AGGCCTAGTTGACACTGCAA_022,119
CAGAGGAAGTAGGCGCATAC_001,71
CAGAGGAAGTAGGCGCATAC_002,106
CAGAGGAAGTAGGCGCATAC_003,154
CAGAGGAAGTAGGCGCATAC_004,4
CAGAGGAAGTAGGCGCATAC_005,15
CAGAGGAAGTAGGCGCATAC_006,162
CAGAGGAAGTAGGCGCATAC_007,0
CAGAGGAAGTAGGCGCATAC_008,83
CAGAGGAAGTAGGCGCATAC_009,10
AAAGTCAAAGCTATAGCCTG_001,22
AAAGTCAAAGCTATAGCCTG_002,45
GCCATTGAAAATCTTCGGTG_001,117
GCCATTGAAAATCTTCGGTG_002,9
GCCATTGAAAATCTTCGGTG_003,147
GCCATTGAAAATCTTCGGTG_004,78
GCCATTGAAAATCTTCGGTG_005,176
GCCATTGAAAATCTTCGGTG_006,41
GAGCCGGTCAGATATCGGGC_001,187
GAGCCGGTCAGATATCGGGC_002,150
GAGCCGGTCAGATATCGGGC_003,76
AGAGAAGAAACTCCCGAGAG_001,63
AGAGAAGAAACTCCCGAGAG_002,77
AGAGAAGAAACTCCCGAGAG_003,41
AGAGAAGAAACTCCCGAGAG_004,17
AGAGAAGAAACTCCCGAGAG_005,141
AGAGAAGAAACTCCCGAGAG_006,78
AGAGAAGAAACTCCCGAGAG_007,49
AGAGAAGAAACTCCCGAGAG_008,46
AGAGAAGAAACTCCCGAGAG_009,78
TGGGGTCAATATGCCACCGA_001,75
TGGGGTCAATATGCCACCGA_002,32
CATGAAAAAGCGAGGCTTCG_001,170
CATGAAAAAGCGAGGCTTCG_002,2
CATGAAAAAGCGAGGCTTCG_003,170
CATGAAAAAGCGAGGCTTCG_004,12
CATGAAAAAGCGAGGCTTCG_005,77
CATGAAAAAGCGAGGCTTCG_006,111
CATGAAAAAGCGAGGCTTCG_007,178
CATGAAAAAGCGAGGCTTCG_008,117
CATGAAAAAGCGAGGCTTCG_009,51
CATGAAAAAGCGAGGCTTCG_010,197
CGTGTTCATTACCATGGCCA_001,192
CGTGTTCATTACCATGGCCA_002,72
CGTGTTCATTACCATGGCCA_003,6
CGTGTTCATTACCATGGCCA_004,80
CGTGTTCATTACCATGGCCA_005,14
GTCGGGCACATTGACGAGAG_001,85
GTCGGGCACATTGACGAGAG_002,185
GTCGGGCACATTGACGAGAG_003,102
ACAGAAGACAAAGTACTGAG_001,52
ACAGAAGACAAAGTACTGAG_002,155
ACAGAAGACAAAGTACTGAG_003,155
ACAGAAGACAAAGTACTGAG_004,155
ACAGAAGACAAAGTACTGAG_005,44
ACAGAAGACAAAGTACTGAG_006,49
GTACACAAGACAATGTCCCA_001,171
GTACACAAGACAATGTCCCA_002,172
GTACACAAGACAATGTCCCA_003,179
GTACACAAGACAATGTCCCA_004,44
GTACACAAGACAATGTCCCA_005,198
GTACACAAGACAATGTCCCA_006,11
GTACACAAGACAATGTCCCA_007,148
GTACACAAGACAATGTCCCA_008,107
GTACACAAGACAATGTCCCA_009,138
GTACACAAGACAATGTCCCA_010,40
GTACACAAGACAATGTCCCA_011,1
GTACACAAGACAATGTCCCA_012,145
GTACACAAGACAATGTCCCA_013,133
GTACACAAGACAATGTCCCA_014,35
GTACACAAGACAATGTCCCA_015,49
CTGTAATGCAGAGTCACCAG_001,181
CTGTAATGCAGAGTCACCAG_002,13
CTGTAATGCAGAGTCACCAG_003,160
CTGTAATGCAGAGTCACCAG_004,151
TTGTACTCAAACCTGCGTAG_001,194
TTGTACTCAAACCTGCGTAG_002,24
TTGTACTCAAACCTGCGTAG_003,96
TTGTACTCAAACCTGCGTAG_004,76
TTGTACTCAAACCTGCGTAG_005,46
TTGTACTCAAACCTGCGTAG_006,23
TTGTACTCAAACCTGCGTAG_007,124
TTGTACTCAAACCTGCGTAG_008,58
TTGTACTCAAACCTGCGTAG_009,42
TTGTACTCAAACCTGCGTAG_010,127
TTGTACTCAAACCTGCGTAG_011,40
TTGTACTCAAACCTGCGTAG_012,38
AGTGACAGAAGACTCGGGCA_001,185
AGTGACAGAAGACTCGGGCA_002,62
AGTGACAGAAGACTCGGGCA_003,103
AGTGACAGAAGACTCGGGCA_004,83
AGTGACAGAAGACTCGGGCA_005,183
AGTGACAGAAGACTCGGGCA_006,38
AGTGACAGAAGACTCGGGCA_007,170
AGTGACAGAAGACTCGGGCA_008,150
AGTGACAGAAGACTCGGGCA_009,99
GGGCCACAGCGCGCTCGATG_001,105
GGGCCACAGCGCGCTCGATG_002,28
GGGCCACAGCGCGCTCGATG_003,196
GGGCCACAGCGCGCTCGATG_004,168
GGGCCACAGCGCGCTCGATG_005,1
GGGCCACAGCGCGCTCGATG_006,36
GGGCCACAGCGCGCTCGATG_007,147
GGGCCACAGCGCGCTCGATG_008,12
GGGCCACAGCGCGCTCGATG_009,175
GGGCCACAGCGCGCTCGATG_010,74
GGGCCACAGCGCGCTCGATG_011,174
GGGCCACAGCGCGCTCGATG_012,81
GGGCCACAGCGCGCTCGATG_013,116
GGGCCACAGCGCGCTCGATG_014,124
TGTAATCGTCCATCATGCCA_001,174
TGTAATCGTCCATCATGCCA_002,181
GTATGCTGACTATTTCCAAG_001,198
GTATGCTGACTATTTCCAAG_002,57
GTATGCTGACTATTTCCAAG_003,17
TGGTAGCAGGGTTCGCAGAG_001,156
TGGTAGCAGGGTTCGCAGAG_002,16
TGGTAGCAGGGTTCGCAGAG_003,71
TGGTAGCAGGGTTCGCAGAG_004,9
TGGTAGCAGGGTTCGCAGAG_005,174
TGGTAGCAGGGTTCGCAGAG_006,37
TGGTAGCAGGGTTCGCAGAG_007,14
TGGTAGCAGGGTTCGCAGAG_008,46
AAAGCTCTAATGAATCATTG_001,9
AAAGCTCTAATGAATCATTG_002,19
AAAGCTCTAATGAATCATTG_003,158
AAAGCTCTAATGAATCATTG_004,188
CAAGACGGGAAAGCCCCTGT_001,162
CAAGACGGGAAAGCCCCTGT_002,186
CAAGACGGGAAAGCCCCTGT_003,198
CAAGACGGGAAAGCCCCTGT_004,165
CAAGACGGGAAAGCCCCTGT_005,68
GAAGAGTGCTGCTGTCAGCC_001,161
GAAGAGTGCTGCTGTCAGCC_002,121
GAAGAGTGCTGCTGTCAGCC_003,115
GAAGAGTGCTGCTGTCAGCC_004,147
GAAGAGTGCTGCTGTCAGCC_005,1
CAGGTTCTAAACGAAGCCGT_001,68
CAGGTTCTAAACGAAGCCGT_002,154
CAGGTTCTAAACGAAGCCGT_003,94
CAGGTTCTAAACGAAGCCGT_004,28
CAGGTTCTAAACGAAGCCGT_005,41
CAGGTTCTAAACGAAGCCGT_006,123
CAGGTTCTAAACGAAGCCGT_007,24
CAGGTTCTAAACGAAGCCGT_008,26
TGTCCGAGGCCAATGCAGAG_001,179
TGTCCGAGGCCAATGCAGAG_002,15
TGTCCGAGGCCAATGCAGAG_003,50
TGTCCGAGGCCAATGCAGAG_004,0
TGTCCGAGGCCAATGCAGAG_005,170
TGTCCGAGGCCAATGCAGAG_006,17
TGTCCGAGGCCAATGCAGAG_007,176
TGTCCGAGGCCAATGCAGAG_008,151
CCGCATCTTGGTGAAACGGT_001,198
CCGCATCTTGGTGAAACGGT_002,105
ACTACTTGTCATTTGTTGTG_001,69
ACTACTTGTCATTTGTTGTG_002,178
ACTACTTGTCATTTGTTGTG_003,168
ACTACTTGTCATTTGTTGTG_004,16
ACTACTTGTCATTTGTTGTG_005,118
ACTACTTGTCATTTGTTGTG_006,80
ACTACTTGTCATTTGTTGTG_007,194
ACTACTTGTCATTTGTTGTG_008,177
ACTACTTGTCATTTGTTGTG_009,133
ACTACTTGTCATTTGTTGTG_010,154
ACTACTTGTCATTTGTTGTG_011,49
ACTACTTGTCATTTGTTGTG_012,106
ACTACTTGTCATTTGTTGTG_013,150
ACTACTTGTCATTTGTTGTG_014,40
ATACGGCATAGTGCAGAACA_001,113
ATACGGCATAGTGCAGAACA_002,170
GCTAACGTGCTATTATACCA_001,58
GAGCCATAAGCCGTTCCTGT_001,112
GAGCCATAAGCCGTTCCTGT_002,80
GAGCCATAAGCCGTTCCTGT_003,115
GAGCCATAAGCCGTTCCTGT_004,22
GAGCCATAAGCCGTTCCTGT_005,76
GAGCCATAAGCCGTTCCTGT_006,50
GAGCCATAAGCCGTTCCTGT_007,20
GAGCCATAAGCCGTTCCTGT_008,53
TTCTCGCGCTCGTTGTAGGT_001,23
TTCTCGCGCTCGTTGTAGGT_002,139
TTCTCGCGCTCGTTGTAGGT_003,129
TTCTCGCGCTCGTTGTAGGT_004,30
TTCTCGCGCTCGTTGTAGGT_005,89
GGCTAGTGCAGTACACAGAG_001,113
GGCTAGTGCAGTACACAGAG_002,40
GGCTAGTGCAGTACACAGAG_003,28
GGCTAGTGCAGTACACAGAG_004,3
GGCTAGTGCAGTACACAGAG_005,166
GGCTAGTGCAGTACACAGAG_006,156
GGCTAGTGCAGTACACAGAG_007,98
GGCTAGTGCAGTACACAGAG_008,1
GGCTAGTGCAGTACACAGAG_009,48
GGCTAGTGCAGTACACAGAG_010,129
GGCTAGTGCAGTACACAGAG_011,84
GGCTAGTGCAGTACACAGAG_012,96
GGCTGAAGTAGTCTCGAGTG_001,41
GGCTGAAGTAGTCTCGAGTG_002,65
GGCTGAAGTAGTCTCGAGTG_003,61
GGCTGAAGTAGTCTCGAGTG_004,91
TAGCCGCGTCTTCTCGAACA_001,43
ACAAGAGCCACAGACCCCCT_001,43
ACAAGAGCCACAGACCCCCT_002,175
ACAAGAGCCACAGACCCCCT_003,105
ACAAGAGCCACAGACCCCCT_004,50
ACAAGAGCCACAGACCCCCT_005,93
ACAAGAGCCACAGACCCCCT_006,196
ACAAGAGCCACAGACCCCCT_007,58
ACAAGAGCCACAGACCCCCT_008,157
GAGAACTTGATGGCATACTC_001,10
GAGAACTTGATGGCATACTC_002,148
GAGAACTTGATGGCATACTC_003,41
GAGAACTTGATGGCATACTC_004,27
GAGAACTTGATGGCATACTC_005,113
GAGAACTTGATGGCATACTC_006,187
GAGAACTTGATGGCATACTC_007,58
GAGAACTTGATGGCATACTC_008,169
GAGAACTTGATGGCATACTC_009,105
GAGAACTTGATGGCATACTC_010,101
GAGAACTTGATGGCATACTC_011,56
GAGAACTTGATGGCATACTC_012,50
AGATAGCAGAAAATGCTCTG_001,68
AGATAGCAGAAAATGCTCTG_002,4
AGATAGCAGAAAATGCTCTG_003,68
AGATAGCAGAAAATGCTCTG_004,137
AGATAGCAGAAAATGCTCTG_005,81
AGATAGCAGAAAATGCTCTG_006,107
AGATAGCAGAAAATGCTCTG_007,158
AGATAGCAGAAAATGCTCTG_008,120
AGATAGCAGAAAATGCTCTG_009,140
AGATAGCAGAAAATGCTCTG_010,140
AGATAGCAGAAAATGCTCTG_011,43
AGATAGCAGAAAATGCTCTG_012,162
AGATAGCAGAAAATGCTCTG_013,198
AGATAGCAGAAAATGCTCTG_014,123
CCTCCCTGCACAACACACGG_001,157
CCTCCCTGCACAACACACGG_002,130
CCTCCCTGCACAACACACGG_003,150
CCTCCCTGCACAACACACGG_004,166
CCTCCCTGCACAACACACGG_005,176
CCTCCCTGCACAACACACGG_006,52
CCTCCCTGCACAACACACGG_007,11
CCTCCCTGCACAACACACGG_008,118
CCTCCCTGCACAACACACGG_009,114
CCTCCCTGCACAACACACGG_010,166
CCTCCCTGCACAACACACGG_011,67
CCTCCCTGCACAACACACGG_012,199
CCTCCCTGCACAACACACGG_013,158
CCTCCCTGCACAACACACGG_014,177
CCTCCCTGCACAACACACGG_015,154
CCTCCCTGCACAACACACGG_016,45
CCTCCCTGCACAACACACGG_017,162
CCTCCCTGCACAACACACGG_018,177
CCTCCCTGCACAACACACGG_019,115
CCTCCCTGCACAACACACGG_020,115
CCTCCCTGCACAACACACGG_021,83
CCTCCCTGCACAACACACGG_022,112
CCTCCCTGCACAACACACGG_023,198
CCTCCCTGCACAACACACGG_024,9
CCTCCCTGCACAACACACGG_025,57
CCTCCCTGCACAACACACGG_026,63
CCTCCCTGCACAACACACGG_027,122
CCTCCCTGCACAACACACGG_028,21
CCTCCCTGCACAACACACGG_029,148
CCTCCCTGCACAACACACGG_030,9
CCTCCCTGCACAACACACGG_031,12
CCTCCCTGCACAACACACGG_032,175
CCTCCCTGCACAACACACGG_033,184
CCTCCCTGCACAACACACGG_034,9
CCTCCCTGCACAACACACGG_035,164
CCTCCCTGCACAACACACGG_036,115
CCTCCCTGCACAACACACGG_037,164
CCTCCCTGCACAACACACGG_038,116
GGTGGAGCATCGGTATAGGG_001,129
GGTGGAGCATCGGTATAGGG_002,9
GGTGGAGCATCGGTATAGGG_003,160
GCAGCAGCACAGTACTATCT_001,174
GCAGCAGCACAGTACTATCT_002,65
GCAGCAGCACAGTACTATCT_003,118
GGTTAAATGTCACCCCGCGC_001,179
GGTTAAATGTCACCCCGCGC_002,199
GGTTAAATGTCACCCCGCGC_003,5
GGTTAAATGTCACCCCGCGC_004,73
GGTTAAATGTCACCCCGCGC_005,4
GGTTAAATGTCACCCCGCGC_006,123
GGTTAAATGTCACCCCGCGC_007,10
CTTCATCATACAGAAATCCA_001,121
AAAGTTGACGACACCTCTCA_001,115
AAAGTTGACGACACCTCTCA_002,158
AAAGTTGACGACACCTCTCA_003,183
AAAGTTGACGACACCTCTCA_004,149
AAAGTTGACGACACCTCTCA_005,53
AAAGTTGACGACACCTCTCA_006,150
AAAGTTGACGACACCTCTCA_007,60
AAAGTTGACGACACCTCTCA_008,56
AAAGTTGACGACACCTCTCA_009,53
AAAGTTGACGACACCTCTCA_010,137
GATACGCAAACGCCATACAA_001,15
GATACGCAAACGCCATACAA_002,23
GATACGCAAACGCCATACAA_003,60
GATACGCAAACGCCATACAA_004,105
GATACGCAAACGCCATACAA_005,163
GATACGCAAACGCCATACAA_006,76
GATACGCAAACGCCATACAA_007,169
GATACGCAAACGCCATACAA_008,37
GATACGCAAACGCCATACAA_009,84
GATACGCAAACGCCATACAA_010,184
GATACGCAAACGCCATACAA_011,13
GATACGCAAACGCCATACAA_012,104
GATACGCAAACGCCATACAA_013,183
GATACGCAAACGCCATACAA_014,37
GATACGCAAACGCCATACAA_015,37
GATACGCAAACGCCATACAA_016,43
GATACGCAAACGCCATACAA_017,4
GATACGCAAACGCCATACAA_018,28
GATACGCAAACGCCATACAA_019,185
AGAGGCTGGATAACCTACCA_001,10
TCTATCCTTGATCCTAGAGC_001,2
TCTATCCTTGATCCTAGAGC_002,129
TCTATCCTTGATCCTAGAGC_003,121
TCTATCCTTGATCCTAGAGC_004,17
TCTATCCTTGATCCTAGAGC_005,43
TCTATCCTTGATCCTAGAGC_006,20
TCTATCCTTGATCCTAGAGC_007,67
TCTATCCTTGATCCTAGAGC_008,173
TCTATCCTTGATCCTAGAGC_009,173
AATGGTGAATGACAGACCGG_001,111
AATGGTGAATGACAGACCGG_002,132
AATGGTGAATGACAGACCGG_003,83
AATGGTGAATGACAGACCGG_004,28
AATGGTGAATGACAGACCGG_005,148
AATGGTGAATGACAGACCGG_006,16
AATGGTGAATGACAGACCGG_007,105
AATGGTGAATGACAGACCGG_008,52
AATGGTGAATGACAGACCGG_009,137
AATGGTGAATGACAGACCGG_010,166
AATGGTGAATGACAGACCGG_011,68
AATGGTGAATGACAGACCGG_012,82
AATGGTGAATGACAGACCGG_013,72
GTTTCTGTACAGGTCGCACG_001,97
GTTTCTGTACAGGTCGCACG_002,91
GTTTCTGTACAGGTCGCACG_003,118
GTTTCTGTACAGGTCGCACG_004,17
GTTTCTGTACAGGTCGCACG_005,30
GTTTCTGTACAGGTCGCACG_006,150
GTTTCTGTACAGGTCGCACG_007,75
GTTTCTGTACAGGTCGCACG_008,105
GTTTCTGTACAGGTCGCACG_009,85
GTTTCTGTACAGGTCGCACG_010,113
GTTTCTGTACAGGTCGCACG_011,158
GTTTCTGTACAGGTCGCACG_012,147
GTTTCTGTACAGGTCGCACG_013,154
GTTTCTGTACAGGTCGCACG_014,116
GTTTCTGTACAGGTCGCACG_015,70
GTTTCTGTACAGGTCGCACG_016,48
GAAATGACACAGCAAAATGG_001,5
GAAATGACACAGCAAAATGG_002,63
GAAATGACACAGCAAAATGG_003,84
GAAATGACACAGCAAAATGG_004,117
GAAATGACACAGCAAAATGG_005,24
GAAATGACACAGCAAAATGG_006,104
GAAATGACACAGCAAAATGG_007,130
GAAATGACACAGCAAAATGG_008,6
GAAATGACACAGCAAAATGG_009,65
GAAATGACACAGCAAAATGG_010,132
GAAATGACACAGCAAAATGG_011,98
GCGACTACTGCACAAGCTAG_001,180
GCGACTACTGCACAAGCTAG_002,112
GCGACTACTGCACAAGCTAG_003,44
GCGACTACTGCACAAGCTAG_004,25
GCGACTACTGCACAAGCTAG_005,141
GCGACTACTGCACAAGCTAG_006,56
GCGACTACTGCACAAGCTAG_007,155
GCGACTACTGCACAAGCTAG_008,144
GCGACTACTGCACAAGCTAG_009,79
GCGACTACTGCACAAGCTAG_010,9
GCGACTACTGCACAAGCTAG_011,152
GCGACTACTGCACAAGCTAG_012,118
TCACAGTCCTCCTGGCACAG_001,160
TCACAGTCCTCCTGGCACAG_002,21
TCACAGTCCTCCTGGCACAG_003,175
TCACAGTCCTCCTGGCACAG_004,3
TCACAGTCCTCCTGGCACAG_005,162
GAGTAACACAGTCAAATCAC_001,169
GAGTAACACAGTCAAATCAC_002,112
GAGTAACACAGTCAAATCAC_003,9
GAGTAACACAGTCAAATCAC_004,156
GAGTAACACAGTCAAATCAC_005,115
GAGTAACACAGTCAAATCAC_006,33
GAGTAACACAGTCAAATCAC_007,28
GCTGCTTGAGAAGCCCACAG_001,162
GCTGCTTGAGAAGCCCACAG_002,157
GCTGCTTGAGAAGCCCACAG_003,5
GCTGCTTGAGAAGCCCACAG_004,122
GCTGCTTGAGAAGCCCACAG_005,159
GCTGCTTGAGAAGCCCACAG_006,89
GCTGCTTGAGAAGCCCACAG_007,116
GCTGCTTGAGAAGCCCACAG_008,45
GCTGCTTGAGAAGCCCACAG_009,22
GCTGCTTGAGAAGCCCACAG_010,182
GCTGCTTGAGAAGCCCACAG_011,39
GCTGCTTGAGAAGCCCACAG_012,48
GCTGCTTGAGAAGCCCACAG_013,4
GCTGCTTGAGAAGCCCACAG_014,101
GCTGCTTGAGAAGCCCACAG_015,74
GCTGCTTGAGAAGCCCACAG_016,170
GCTGCTTGAGAAGCCCACAG_017,63
GCTGCTTGAGAAGCCCACAG_018,78
GCTGCTTGAGAAGCCCACAG_019,104
GCTGCTTGAGAAGCCCACAG_020,82
GCTGCTTGAGAAGCCCACAG_021,128
GCTGCTTGAGAAGCCCACAG_022,92
GCTGCTTGAGAAGCCCACAG_023,87
GCTGCTTGAGAAGCCCACAG_024,43
GCTGCTTGAGAAGCCCACAG_025,87
GCTGCTTGAGAAGCCCACAG_026,15
GCTGCTTGAGAAGCCCACAG_027,88
GCTGCTTGAGAAGCCCACAG_028,102
TGCCTCCCGAGCGTGACGCG_001,58
TGCCTCCCGAGCGTGACGCG_002,130
TGCCTCCCGAGCGTGACGCG_003,3
TGCCTCCCGAGCGTGACGCG_004,6
TGCCTCCCGAGCGTGACGCG_005,6
TGCCTCCCGAGCGTGACGCG_006,47
ACATACCATCATAGCTATGA_001,152
CGAGAATGGTATGAAACACG_001,68
CGAGAATGGTATGAAACACG_002,33
CGAGAATGGTATGAAACACG_003,152
ACAGAAGAGTTTGTGCGCAG_001,94
ACAGAAGAGTTTGTGCGCAG_002,116
ACAGAAGAGTTTGTGCGCAG_003,168
ACAGAAGAGTTTGTGCGCAG_004,169
ACAGAAGAGTTTGTGCGCAG_005,88
ACAGAAGAGTTTGTGCGCAG_006,98
ACAGAAGAGTTTGTGCGCAG_007,74
ACAGAAGAGTTTGTGCGCAG_008,56
ACAGAAGAGTTTGTGCGCAG_009,40
ACAGAAGAGTTTGTGCGCAG_010,48
ACAGAAGAGTTTGTGCGCAG_011,9
CGGACAGCAGATCGGCGACG_001,97
CGGACAGCAGATCGGCGACG_002,149
CGGACAGCAGATCGGCGACG_003,175
CGGACAGCAGATCGGCGACG_004,138
CGGACAGCAGATCGGCGACG_005,157
CGGACAGCAGATCGGCGACG_006,180
GATACTAAAAACCATAACCA_001,21
GATACTAAAAACCATAACCA_002,68
GATACTAAAAACCATAACCA_003,102
GATACTAAAAACCATAACCA_004,113
GATACTAAAAACCATAACCA_005,81
GATACTAAAAACCATAACCA_006,145
GATACTAAAAACCATAACCA_007,15
GATACTAAAAACCATAACCA_008,68
GATACTAAAAACCATAACCA_009,34
GATACTAAAAACCATAACCA_010,183
GATACTAAAAACCATAACCA_011,77
GTACACTGTGGCATAGGAGC_001,129
GTACACTGTGGCATAGGAGC_002,50
GTACACTGTGGCATAGGAGC_003,49
GTACACTGTGGCATAGGAGC_004,28
GTACACTGTGGCATAGGAGC_005,63
GTACACTGTGGCATAGGAGC_006,72
GTACACTGTGGCATAGGAGC_007,72
AGGTAAGCACGGAAAAGCCA_001,86
AGGTAAGCACGGAAAAGCCA_002,181
AGGTAAGCACGGAAAAGCCA_003,185
AGGTAAGCACGGAAAAGCCA_004,191
GTTAGTCTTACAGTCTCCGA_001,137
GTTAGTCTTACAGTCTCCGA_002,143
GTTAGTCTTACAGTCTCCGA_003,81
GTTAGTCTTACAGTCTCCGA_004,26
AAGCTTAGTTGATGATGGTA_001,148
AAGCTTAGTTGATGATGGTA_002,184
TGGGAAATGTACCTATCCAA_001,115
TGGGAAATGTACCTATCCAA_002,40
TTTGTTCACCTGACTCACAT_001,30
TTTGTTCACCTGACTCACAT_002,158
TTTGTTCACCTGACTCACAT_003,168
TTTGTTCACCTGACTCACAT_004,57
TTTGTTCACCTGACTCACAT_005,118
TTTGTTCACCTGACTCACAT_006,118
TTTGTTCACCTGACTCACAT_007,103
TTTGTTCACCTGACTCACAT_008,98
TTTGTTCACCTGACTCACAT_009,152
TTTGTTCACCTGACTCACAT_010,146
TCCTGTTTCACCCAGCCACA_001,92
TCCTGTTTCACCCAGCCACA_002,98
TCCTGTTTCACCCAGCCACA_003,115
TCCTGTTTCACCCAGCCACA_004,142
TCCTGTTTCACCCAGCCACA_005,144
AAGAACCTGACTGTTTACAC_001,29
AAGAACCTGACTGTTTACAC_002,50
AAGAACCTGACTGTTTACAC_003,137
AAGAACCTGACTGTTTACAC_004,151
AAGAACCTGACTGTTTACAC_005,148
AAGAACCTGACTGTTTACAC_006,126
AAGAACCTGACTGTTTACAC_007,97
AAGAACCTGACTGTTTACAC_008,183
AAGAACCTGACTGTTTACAC_009,1
AAGAACCTGACTGTTTACAC_010,191
AAGAACCTGACTGTTTACAC_011,13
AAGAACCTGACTGTTTACAC_012,187
AAGAACCTGACTGTTTACAC_013,157
AAGAACCTGACTGTTTACAC_014,70
AAGAACCTGACTGTTTACAC_015,72
AAGAACCTGACTGTTTACAC_016,53
AAGAACCTGACTGTTTACAC_017,101
AAGAACCTGACTGTTTACAC_018,147
AAGAACCTGACTGTTTACAC_019,163
AAGAACCTGACTGTTTACAC_020,196
AAGAACCTGACTGTTTACAC_021,165
AAGAACCTGACTGTTTACAC_022,137
AAGAACCTGACTGTTTACAC_023,193
GGGACTGTAATTGGCCCCTG_001,121
GGGACTGTAATTGGCCCCTG_002,117
GGGACTGTAATTGGCCCCTG_003,175
GGGACTGTAATTGGCCCCTG_004,54
GGGACTGTAATTGGCCCCTG_005,97
GGGACTGTAATTGGCCCCTG_006,74
GGGACTGTAATTGGCCCCTG_007,136
GGGACTGTAATTGGCCCCTG_008,1
GGGACTGTAATTGGCCCCTG_009,162
GGGACTGTAATTGGCCCCTG_010,98
TTTCGAGCTCCTGATCTGAA_001,130
TTTCGAGCTCCTGATCTGAA_002,3
ATTACCAGATCGTCATTACC_001,26
ATTACCAGATCGTCATTACC_002,27
ATTACCAGATCGTCATTACC_003,49
ATTACCAGATCGTCATTACC_004,94
ATTACCAGATCGTCATTACC_005,77
ATTACCAGATCGTCATTACC_006,38
ATTACCAGATCGTCATTACC_007,52
ATTACCAGATCGTCATTACC_008,147
ATTACCAGATCGTCATTACC_009,172
ATTACCAGATCGTCATTACC_010,42
ATTACCAGATCGTCATTACC_011,15
ATTACCAGATCGTCATTACC_012,92
ATTACCAGATCGTCATTACC_013,124
GGTCAGCGGCATCAACGTAG_001,77
GGTCAGCGGCATCAACGTAG_002,12
GGTCAGCGGCATCAACGTAG_003,146
GGTCAGCGGCATCAACGTAG_004,17
GGTCAGCGGCATCAACGTAG_005,38
GGTCAGCGGCATCAACGTAG_006,61
GGTCAGCGGCATCAACGTAG_007,176
GGTCAGCGGCATCAACGTAG_008,42
GGTCAGCGGCATCAACGTAG_009,177
GGTCAGCGGCATCAACGTAG_010,36
GGTCAGCGGCATCAACGTAG_011,56
GGTCAGCGGCATCAACGTAG_012,150
GGTCAGCGGCATCAACGTAG_013,199
GGTCAGCGGCATCAACGTAG_014,191
GGTCAGCGGCATCAACGTAG_015,169
GGTCAGCGGCATCAACGTAG_016,198
ATTCGTAGTGGGATCCGAGT_001,43
ATTCGTAGTGGGATCCGAGT_002,121
ATTCGTAGTGGGATCCGAGT_003,118
ATTCGTAGTGGGATCCGAGT_004,21
ATTCGTAGTGGGATCCGAGT_005,37
ATTCGTAGTGGGATCCGAGT_006,190
ATTCGTAGTGGGATCCGAGT_007,74
ATTCGTAGTGGGATCCGAGT_008,88
GTGAAGAATTCCATCCACGT_001,105
GTGAAGAATTCCATCCACGT_002,82
GTGAAGAATTCCATCCACGT_003,162
GTGAAGAATTCCATCCACGT_004,57
GTGAAGAATTCCATCCACGT_005,160
GTGAAGAATTCCATCCACGT_006,61
GTGAAGAATTCCATCCACGT_007,113
GTGAAGAATTCCATCCACGT_008,107
GTGAAGAATTCCATCCACGT_009,94
GTGAAGAATTCCATCCACGT_010,145
GTGAAGAATTCCATCCACGT_011,145
GTGAAGAATTCCATCCACGT_012,15
GTGAAGAATTCCATCCACGT_013,119
GTGAAGAATTCCATCCACGT_014,48
GTGAAGAATTCCATCCACGT_015,167
GTGAAGAATTCCATCCACGT_016,28
GTGAAGAATTCCATCCACGT_017,186
GTGGCAATGGATCTGACTCA_001,106
GTGGCAATGGATCTGACTCA_002,153
GTGGCAATGGATCTGACTCA_003,198
GTGGCAATGGATCTGACTCA_004,76
GTGGCAATGGATCTGACTCA_005,190
GTGGCAATGGATCTGACTCA_006,65
GTGGCAATGGATCTGACTCA_007,198
GTGGCAATGGATCTGACTCA_008,23
CTGAATCTTCCAGTCAGACA_001,2
CTGAATCTTCCAGTCAGACA_002,23
CTGAATCTTCCAGTCAGACA_003,23
CTGAATCTTCCAGTCAGACA_004,113
CTGAATCTTCCAGTCAGACA_005,60
CTGAATCTTCCAGTCAGACA_006,2
CTGAATCTTCCAGTCAGACA_007,140
CTGAATCTTCCAGTCAGACA_008,60
CTGAATCTTCCAGTCAGACA_009,54
CTGAATCTTCCAGTCAGACA_010,24
CTGAATCTTCCAGTCAGACA_011,49
CTGAATCTTCCAGTCAGACA_012,188
CTGAATCTTCCAGTCAGACA_013,63
GGACGACAAGAACTCTGTGA_001,42
GGACGACAAGAACTCTGTGA_002,29
GGACGACAAGAACTCTGTGA_003,170
GCTGCGTTTGGATGGTAACG_001,191
GCTGCGTTTGGATGGTAACG_002,106
GCTGCGTTTGGATGGTAACG_003,142
GTTGATGCCGTAGCGCACGC_001,69
GTTGATGCCGTAGCGCACGC_002,1
GTTGATGCCGTAGCGCACGC_003,50
GTTGATGCCGTAGCGCACGC_004,176
GTTGATGCCGTAGCGCACGC_005,41
TTCTCACAAGGTCTCAGCTG_001,85
TTCTCACAAGGTCTCAGCTG_002,139
TTCTCACAAGGTCTCAGCTG_003,50
CACTACAAGCTCAAGCACGA_001,166
CACTACAAGCTCAAGCACGA_002,177
CACTACAAGCTCAAGCACGA_003,170
CACTACAAGCTCAAGCACGA_004,17
CACTACAAGCTCAAGCACGA_005,153
CACTACAAGCTCAAGCACGA_006,44
CACTACAAGCTCAAGCACGA_007,150
CACTACAAGCTCAAGCACGA_008,17
CACTACAAGCTCAAGCACGA_009,98
CACTACAAGCTCAAGCACGA_010,41
CACTACAAGCTCAAGCACGA_011,58
CACTACAAGCTCAAGCACGA_012,30
CACTACAAGCTCAAGCACGA_013,107
CACTACAAGCTCAAGCACGA_014,49
CACTACAAGCTCAAGCACGA_015,40
CACTACAAGCTCAAGCACGA_016,8
CACTACAAGCTCAAGCACGA_017,107
CACTACAAGCTCAAGCACGA_018,38
CACTACAAGCTCAAGCACGA_019,16
CACTACAAGCTCAAGCACGA_020,8
CACTACAAGCTCAAGCACGA_021,30
CACTACAAGCTCAAGCACGA_022,69
CACTACAAGCTCAAGCACGA_023,13
CACTACAAGCTCAAGCACGA_024,53
CACTACAAGCTCAAGCACGA_025,122
CACTACAAGCTCAAGCACGA_026,52
CACTACAAGCTCAAGCACGA_027,115
CACTACAAGCTCAAGCACGA_028,169
CACTACAAGCTCAAGCACGA_029,17
CACTACAAGCTCAAGCACGA_030,52
CACTACAAGCTCAAGCACGA_031,188
CACTACAAGCTCAAGCACGA_032,193
CACTACAAGCTCAAGCACGA_033,91
CACTACAAGCTCAAGCACGA_034,90
CACTACAAGCTCAAGCACGA_035,124
CACTACAAGCTCAAGCACGA_036,39
CACTACAAGCTCAAGCACGA_037,188
CACTACAAGCTCAAGCACGA_038,19
CACTACAAGCTCAAGCACGA_039,34
CACTACAAGCTCAAGCACGA_040,115
CACTACAAGCTCAAGCACGA_041,130
CATGTGATCCCGGAAATAGG_001,37
CATGTGATCCCGGAAATAGG_002,94
CATGTGATCCCGGAAATAGG_003,66
CATGTGATCCCGGAAATAGG_004,11
AAACATTACATAGCTGACGG_001,176
AAACATTACATAGCTGACGG_002,103
AAACATTACATAGCTGACGG_003,128
AAACATTACATAGCTGACGG_004,42
AAACATTACATAGCTGACGG_005,26
AAACATTACATAGCTGACGG_006,61
AAACATTACATAGCTGACGG_007,121
AAACATTACATAGCTGACGG_008,150
AAACATTACATAGCTGACGG_009,78
AAACATTACATAGCTGACGG_010,122
AAACATTACATAGCTGACGG_011,178
AAACATTACATAGCTGACGG_012,22
AAACATTACATAGCTGACGG_013,19
AAACATTACATAGCTGACGG_014,63
AGCAGCGGTCAAAATCTGAC_001,19
AGCAGCGGTCAAAATCTGAC_002,58
AGCAGCGGTCAAAATCTGAC_003,5
AGCAGCGGTCAAAATCTGAC_004,176
AGCAGCGGTCAAAATCTGAC_005,21
AGCAGCGGTCAAAATCTGAC_006,8
AGCAGCGGTCAAAATCTGAC_007,77
AGCAGCGGTCAAAATCTGAC_008,124
AGCAGCGGTCAAAATCTGAC_009,15
TGTGCCATAGCAGAACCCGG_001,15
TGTGCCATAGCAGAACCCGG_002,58
TGTGCCATAGCAGAACCCGG_003,177
TGTGCCATAGCAGAACCCGG_004,148
CAGTTCCCTGAACGTCAGTG_001,189
CAGTTCCCTGAACGTCAGTG_002,156
CAGTTCCCTGAACGTCAGTG_003,17
CAGTTCCCTGAACGTCAGTG_004,51
CAGTTCCCTGAACGTCAGTG_005,16
CAGTTCCCTGAACGTCAGTG_006,115
CAGTTCCCTGAACGTCAGTG_007,160
CAGTTCCCTGAACGTCAGTG_008,82
CAGTTCCCTGAACGTCAGTG_009,8
CAGTTCCCTGAACGTCAGTG_010,19
CAGTTCCCTGAACGTCAGTG_011,157
GATGTTGAAGCCCAGCGTTG_001,113
GATGTTGAAGCCCAGCGTTG_002,98
GATGTTGAAGCCCAGCGTTG_003,130
GATGTTGAAGCCCAGCGTTG_004,72
TCCCACTGGCAGGAGAACAA_001,20
TCCCACTGGCAGGAGAACAA_002,50
TCCCACTGGCAGGAGAACAA_003,59
TCCCACTGGCAGGAGAACAA_004,46
TCCCACTGGCAGGAGAACAA_005,72
TCCCACTGGCAGGAGAACAA_006,94
TCCCACTGGCAGGAGAACAA_007,101
TCCCACTGGCAGGAGAACAA_008,94
TCCCACTGGCAGGAGAACAA_009,41
TCCCACTGGCAGGAGAACAA_010,115
TCCCACTGGCAGGAGAACAA_011,65
TCCCACTGGCAGGAGAACAA_012,20
TCCCACTGGCAGGAGAACAA_013,78
TCCCACTGGCAGGAGAACAA_014,56
TCCCACTGGCAGGAGAACAA_015,152
TCCCACTGGCAGGAGAACAA_016,118
TCCCACTGGCAGGAGAACAA_017,124
TCCCACTGGCAGGAGAACAA_018,8
TCCCACTGGCAGGAGAACAA_019,112
TCCAGAATCCCTACCGTCAG_001,191
TCCAGAATCCCTACCGTCAG_002,48
TCCAGAATCCCTACCGTCAG_003,195
TCCAGAATCCCTACCGTCAG_004,95
TCCAGAATCCCTACCGTCAG_005,154
TCCAGAATCCCTACCGTCAG_006,32
AGGTTTCTGCCACATAGCTG_001,11
AGGTTTCTGCCACATAGCTG_002,166
AGGTTTCTGCCACATAGCTG_003,113
AGGTTTCTGCCACATAGCTG_004,118
CATGGTGAATGACGGCGTGG_001,21
CATGGTGAATGACGGCGTGG_002,134
CATGGTGAATGACGGCGTGG_003,159
CATGGTGAATGACGGCGTGG_004,62
CATGGTGAATGACGGCGTGG_005,177
CATGGTGAATGACGGCGTGG_006,9
CATGGTGAATGACGGCGTGG_007,62
CATGGTGAATGACGGCGTGG_008,69
CATGGTGAATGACGGCGTGG_009,33
CATGGTGAATGACGGCGTGG_010,29
CATGGTGAATGACGGCGTGG_011,60
CATGGTGAATGACGGCGTGG_012,199
CATGGTGAATGACGGCGTGG_013,7
CATGGTGAATGACGGCGTGG_014,199
CATTGGTGGATACAGATGCG_001,88
CATTGGTGGATACAGATGCG_002,150
CATTGGTGGATACAGATGCG_003,5
CATTGGTGGATACAGATGCG_004,112
TTGAGTAGTCAAATGAATTG_001,70
TTGAGTAGTCAAATGAATTG_002,140
TTGAGTAGTCAAATGAATTG_003,184
AGATTGTGCCCACCTACGAG_001,92
AGATTGTGCCCACCTACGAG_002,31
AGATTGTGCCCACCTACGAG_003,58
AGATTGTGCCCACCTACGAG_004,105
AGATTGTGCCCACCTACGAG_005,34
AGATTGTGCCCACCTACGAG_006,183
AGATTGTGCCCACCTACGAG_007,97
AGATTGTGCCCACCTACGAG_008,47
AGATTGTGCCCACCTACGAG_009,63
AGATTGTGCCCACCTACGAG_010,11
AGATTGTGCCCACCTACGAG_011,3
CCCCACGTTGCCGCGGACCG_001,88
CCCCACGTTGCCGCGGACCG_002,127
CCCCACGTTGCCGCGGACCG_003,29
CCCCACGTTGCCGCGGACCG_004,15
CCCCACGTTGCCGCGGACCG_005,20
CCCCACGTTGCCGCGGACCG_006,61
CCCCACGTTGCCGCGGACCG_007,121
TCTTCTCTGAGTCAAAGAGG_001,52
TTTAACACAGTCCAAAAAGC_001,50
TTTAACACAGTCCAAAAAGC_002,40
TTTAACACAGTCCAAAAAGC_003,198
GACTTGAAACGAGTGCAAGA_001,16
GACTTGAAACGAGTGCAAGA_002,162
GACTTGAAACGAGTGCAAGA_003,49
GACTTGAAACGAGTGCAAGA_004,52
GACTTGAAACGAGTGCAAGA_005,137
GACTTGAAACGAGTGCAAGA_006,162
GACTTGAAACGAGTGCAAGA_007,37
GACTTGAAACGAGTGCAAGA_008,158
GACTTGAAACGAGTGCAAGA_009,50
GACTTGAAACGAGTGCAAGA_010,81
GACTTGAAACGAGTGCAAGA_011,168
GACTTGAAACGAGTGCAAGA_012,92
GACTTGAAACGAGTGCAAGA_013,92
GACTTGAAACGAGTGCAAGA_014,198
GACTTGAAACGAGTGCAAGA_015,126
GACTTGAAACGAGTGCAAGA_016,166
GACTTGAAACGAGTGCAAGA_017,3
GACTTGAAACGAGTGCAAGA_018,188
GACTTGAAACGAGTGCAAGA_019,12
CATCCCTGTTGTCATCGACG_001,15
CATCCCTGTTGTCATCGACG_002,15
CATCCCTGTTGTCATCGACG_003,156
CATCCCTGTTGTCATCGACG_004,27
CATCCCTGTTGTCATCGACG_005,168
CATCCCTGTTGTCATCGACG_006,69
CATCCCTGTTGTCATCGACG_007,191
CATCCCTGTTGTCATCGACG_008,83
CAGCTGAGGATGATATACCC_001,106
CAGCTGAGGATGATATACCC_002,3
ACCAGTACTCCACCACGATG_001,146
ACCAGTACTCCACCACGATG_002,2
ACCAGTACTCCACCACGATG_003,53
ACCAGTACTCCACCACGATG_004,187
ACCAGTACTCCACCACGATG_005,134
ACCAGTACTCCACCACGATG_006,8
ACCAGTACTCCACCACGATG_007,58
ACCAGTACTCCACCACGATG_008,59
ACCAGTACTCCACCACGATG_009,12
ACCAGTACTCCACCACGATG_010,38
ACCAGTACTCCACCACGATG_011,52
ACCAGTACTCCACCACGATG_012,166
ACCAGTACTCCACCACGATG_013,33
ACCAGTACTCCACCACGATG_014,70
ACCAGTACTCCACCACGATG_015,29
CCTAAGCCTCGGCTAGAAGG_001,76
CCTAAGCCTCGGCTAGAAGG_002,187
CCTAAGCCTCGGCTAGAAGG_003,169
CCTAAGCCTCGGCTAGAAGG_004,28
CCTAAGCCTCGGCTAGAAGG_005,124
CCTAAGCCTCGGCTAGAAGG_006,53
ACAGCTGGCCAGACAAGTCG_001,12
ACAGCTGGCCAGACAAGTCG_002,48
ACAGCTGGCCAGACAAGTCG_003,33
ACAGCTGGCCAGACAAGTCG_004,148
ACAGCTGGCCAGACAAGTCG_005,156
ACAGCTGGCCAGACAAGTCG_006,100
ACAGCTGGCCAGACAAGTCG_007,60
ACAGCTGGCCAGACAAGTCG_008,170
ACAGCTGGCCAGACAAGTCG_009,15
CTGGGCCTGACTATCTCAGG_001,105
CTGGGCCTGACTATCTCAGG_002,22
CTGGGCCTGACTATCTCAGG_003,85
GCCGCGCCTCTACCGACCCG_001,166
GCCGCGCCTCTACCGACCCG_002,149
GCCGCGCCTCTACCGACCCG_003,162
GCCGCGCCTCTACCGACCCG_004,58
GCCGCGCCTCTACCGACCCG_005,145
GCCGCGCCTCTACCGACCCG_006,122
GCCGCGCCTCTACCGACCCG_007,9
GCCGCGCCTCTACCGACCCG_008,116
GCCGCGCCTCTACCGACCCG_009,160
GCCGCGCCTCTACCGACCCG_010,38
GCCGCGCCTCTACCGACCCG_011,72
GCCGCGCCTCTACCGACCCG_012,85
GCCGCGCCTCTACCGACCCG_013,103
GCCGCGCCTCTACCGACCCG_014,87
GCCGCGCCTCTACCGACCCG_015,12
ACTACAGAGATTTCAAACTG_001,169
ACAATATCAGCGGATTCGGA_001,96
ACAATATCAGCGGATTCGGA_002,31
ACAATATCAGCGGATTCGGA_003,42
ACAATATCAGCGGATTCGGA_004,188
ACAATATCAGCGGATTCGGA_005,97
ACAATATCAGCGGATTCGGA_006,163
ACAATATCAGCGGATTCGGA_007,50
ACAATATCAGCGGATTCGGA_008,143
ACAATATCAGCGGATTCGGA_009,185
ACAATATCAGCGGATTCGGA_010,29
ACAATATCAGCGGATTCGGA_011,52
ACAATATCAGCGGATTCGGA_012,153
ACAATATCAGCGGATTCGGA_013,24
ACAATATCAGCGGATTCGGA_014,127
ACAATATCAGCGGATTCGGA_015,61
ACAATATCAGCGGATTCGGA_016,46
ACAATATCAGCGGATTCGGA_017,27
CCCGGCCACACTCAGTAAAG_001,6
CCCGGCCACACTCAGTAAAG_002,113
CCCGGCCACACTCAGTAAAG_003,29
CCCGGCCACACTCAGTAAAG_004,138
CCCGGCCACACTCAGTAAAG_005,170
CCCGGCCACACTCAGTAAAG_006,115
CCCGGCCACACTCAGTAAAG_007,94
CCCGGCCACACTCAGTAAAG_008,83
CCCGGCCACACTCAGTAAAG_009,105
CCCGGCCACACTCAGTAAAG_010,82
CCCGGCCACACTCAGTAAAG_011,184
CCCGGCCACACTCAGTAAAG_012,29
CCCGGCCACACTCAGTAAAG_013,38
CCCGGCCACACTCAGTAAAG_014,39
CCCGGCCACACTCAGTAAAG_015,191
CCCGGCCACACTCAGTAAAG_016,162
CCCGGCCACACTCAGTAAAG_017,19
CCCGGCCACACTCAGTAAAG_018,10
CCCGGCCACACTCAGTAAAG_019,10
CCCGGCCACACTCAGTAAAG_020,28
CCCGGCCACACTCAGTAAAG_021,94
CCCGGCCACACTCAGTAAAG_022,49
CCCGGCCACACTCAGTAAAG_023,67
CCCGGCCACACTCAGTAAAG_024,44
CCCGGCCACACTCAGTAAAG_025,45
CGGAAGGAGCGAGTGCACCA_001,190
CGGAAGGAGCGAGTGCACCA_002,172
CGGAAGGAGCGAGTGCACCA_003,104
CGGAAGGAGCGAGTGCACCA_004,150
CTGATTGCTGTAACGATGAG_001,160
CTGATTGCTGTAACGATGAG_002,115
CTGATTGCTGTAACGATGAG_003,169
CTGATTGCTGTAACGATGAG_004,6
CTGATTGCTGTAACGATGAG_005,135
CTGATTGCTGTAACGATGAG_006,182
CTGATTGCTGTAACGATGAG_007,121
GCCAAGCCAAGAGTTACCCC_001,34
GCTGGACAACTTAACATGCG_001,56
ATACACTAGATTCTACGGGG_001,193
ATACACTAGATTCTACGGGG_002,181
ATACACTAGATTCTACGGGG_003,6
ATACACTAGATTCTACGGGG_004,64
GTAATAACACCAGTACGGAC_001,152
GTAATAACACCAGTACGGAC_002,142
GTAATAACACCAGTACGGAC_003,137
GTAATAACACCAGTACGGAC_004,126
GTAATAACACCAGTACGGAC_005,197
ATTCGGCCAACCTTGGAAGG_001,105
ATTCGGCCAACCTTGGAAGG_002,116
ATTCGGCCAACCTTGGAAGG_003,116
ATTCGGCCAACCTTGGAAGG_004,165
ATTCGGCCAACCTTGGAAGG_005,88
ATTCGGCCAACCTTGGAAGG_006,115
ATTCGGCCAACCTTGGAAGG_007,157
ATTCGGCCAACCTTGGAAGG_008,193
ATTCGGCCAACCTTGGAAGG_009,183
ATTCGGCCAACCTTGGAAGG_010,184
ATTCGGCCAACCTTGGAAGG_011,45
ATTCGGCCAACCTTGGAAGG_012,139
ATTCGGCCAACCTTGGAAGG_013,21
ATTCGGCCAACCTTGGAAGG_014,1
ATTCGGCCAACCTTGGAAGG_015,185
ATTCGGCCAACCTTGGAAGG_016,141
ATTCGGCCAACCTTGGAAGG_017,179
ATTCGGCCAACCTTGGAAGG_018,116
TAAGGGACTGAGTATCATTG_001,144
TAAGGGACTGAGTATCATTG_002,172
TAAGGGACTGAGTATCATTG_003,188
TAAGGGACTGAGTATCATTG_004,77
TAAGGGACTGAGTATCATTG_005,169
CAGTGTTAACTCCACACCAG_001,150
CAGTGTTAACTCCACACCAG_002,16
CAGTGTTAACTCCACACCAG_003,48
TGCCAGCACTAGGTGAACGG_001,137
TGCCAGCACTAGGTGAACGG_002,34
TGCCAGCACTAGGTGAACGG_003,169
TGCCAGCACTAGGTGAACGG_004,162
TGCCAGCACTAGGTGAACGG_005,112
TGCCAGCACTAGGTGAACGG_006,0
TACCTCCAGAATCAGTGGAT_001,9
TACCTCCAGAATCAGTGGAT_002,156
TACCTCCAGAATCAGTGGAT_003,188
TACCTCCAGAATCAGTGGAT_004,119
CGAAGGCGACCACAACTGGC_001,182
CGAAGGCGACCACAACTGGC_002,177
CGAAGGCGACCACAACTGGC_003,162
CGAAGGCGACCACAACTGGC_004,70
CGAAGGCGACCACAACTGGC_005,70
CGAAGGCGACCACAACTGGC_006,36
CGAAGGCGACCACAACTGGC_007,94
CGAAGGCGACCACAACTGGC_008,29
CGAAGGCGACCACAACTGGC_009,137
CGAAGGCGACCACAACTGGC_010,133
CGAAGGCGACCACAACTGGC_011,153
CGAAGGCGACCACAACTGGC_012,32
CGAAGGCGACCACAACTGGC_013,19
CGAAGGCGACCACAACTGGC_014,127
CGAAGGCGACCACAACTGGC_015,84
CGAAGGCGACCACAACTGGC_016,146
CGAAGGCGACCACAACTGGC_017,168
CGAAGGCGACCACAACTGGC_018,15
CGAAGGCGACCACAACTGGC_019,77
CGAAGGCGACCACAACTGGC_020,40
CGAAGGCGACCACAACTGGC_021,37
CGAAGGCGACCACAACTGGC_022,10
TTTGTAGTTCTCATGACGAG_001,97
TTTGTAGTTCTCATGACGAG_002,132
TTTGTAGTTCTCATGACGAG_003,56
TTTGTAGTTCTCATGACGAG_004,180
TTTGTAGTTCTCATGACGAG_005,199
GTGACTGGTGAAGATCGACT_001,50
GTGACTGGTGAAGATCGACT_002,140
GTGACTGGTGAAGATCGACT_003,54
GTGACTGGTGAAGATCGACT_004,79
GTGACTGGTGAAGATCGACT_005,78
GTGACTGGTGAAGATCGACT_006,170
GTGACTGGTGAAGATCGACT_007,47
GTGACTGGTGAAGATCGACT_008,41
AGATGAAAATTACGGTAGGG_001,114
AGATGAAAATTACGGTAGGG_002,178
AGATGAAAATTACGGTAGGG_003,59
AGATGAAAATTACGGTAGGG_004,88
AGATGAAAATTACGGTAGGG_005,121
AGATGAAAATTACGGTAGGG_006,121
AGATGAAAATTACGGTAGGG_007,126
AGATGAAAATTACGGTAGGG_008,104
AGATGAAAATTACGGTAGGG_009,38
AGATGAAAATTACGGTAGGG_010,141
TATGTGTCGTAACAATCGAC_001,98
TATGTGTCGTAACAATCGAC_002,107
TATGTGTCGTAACAATCGAC_003,28
TATGTGTCGTAACAATCGAC_004,178
TATGTGTCGTAACAATCGAC_005,36
TATGTGTCGTAACAATCGAC_006,78
TATGTGTCGTAACAATCGAC_007,56
GGGGCGATGTTTCCTGACTG_001,107
GGGGCGATGTTTCCTGACTG_002,147
GGGGCGATGTTTCCTGACTG_003,83
GGGGCGATGTTTCCTGACTG_004,108
GGGGCGATGTTTCCTGACTG_005,98
GGGGCGATGTTTCCTGACTG_006,193
GGGGCGATGTTTCCTGACTG_007,82
GGGGCGATGTTTCCTGACTG_008,174
GGGGCGATGTTTCCTGACTG_009,162
GGGGCGATGTTTCCTGACTG_010,170
TTCTCATAGATGAACTACAC_001,96
TTCTCATAGATGAACTACAC_002,42
TTCTCATAGATGAACTACAC_003,173
TTCTCATAGATGAACTACAC_004,173
TTCTCATAGATGAACTACAC_005,158
GAGCACGCATCCGCAGCCCG_001,2
GAGCACGCATCCGCAGCCCG_002,181
GAGCACGCATCCGCAGCCCG_003,170
GAGCACGCATCCGCAGCCCG_004,116
GAGCACGCATCCGCAGCCCG_005,24
TACCTGAACAAGGTTCATGC_001,164
TACCTGAACAAGGTTCATGC_002,164
CCAACACATTTATCGTGATG_001,4
CCAACACATTTATCGTGATG_002,99
CCAACACATTTATCGTGATG_003,47
CCAACACATTTATCGTGATG_004,63
CCAACACATTTATCGTGATG_005,191
CCAACACATTTATCGTGATG_006,169
CCAACACATTTATCGTGATG_007,19
CCAACACATTTATCGTGATG_008,98
CGAGCTACCCAGGATACCCG_001,173
CGAGCTACCCAGGATACCCG_002,190
CGAGCTACCCAGGATACCCG_003,144
CGAGCTACCCAGGATACCCG_004,128
CGAGCTACCCAGGATACCCG_005,33
CGAGCTACCCAGGATACCCG_006,38
AGCATTCCAAGACTCGTCGG_001,183
AGCATTCCAAGACTCGTCGG_002,90
AGCATTCCAAGACTCGTCGG_003,151
AGCATTCCAAGACTCGTCGG_004,58
AGCATTCCAAGACTCGTCGG_005,61
AGCATTCCAAGACTCGTCGG_006,155
AGCATTCCAAGACTCGTCGG_007,154
AGCATTCCAAGACTCGTCGG_008,190
AGCATTCCAAGACTCGTCGG_009,60
AGCATTCCAAGACTCGTCGG_010,16
AGCATTCCAAGACTCGTCGG_011,14
AGCATTCCAAGACTCGTCGG_012,172
AGCATTCCAAGACTCGTCGG_013,24
AGCATTCCAAGACTCGTCGG_014,194
AGCATTCCAAGACTCGTCGG_015,160
TGTACATGATTGCCTGAGAG_001,65
GAACCGTCAGACAGTACTAG_001,63
CGAGCTCTTCGTGCTGAACG_001,198
CGAGCTCTTCGTGCTGAACG_002,160
CGAGCTCTTCGTGCTGAACG_003,170
CGAGCTCTTCGTGCTGAACG_004,58
AGAAATTCAGGGTAATGTCA_001,105
CTTAGCCCACTGATGAACGA_001,135
CTTAGCCCACTGATGAACGA_002,82
CTTAGCCCACTGATGAACGA_003,65
CTTAGCCCACTGATGAACGA_004,113
CTTAGCCCACTGATGAACGA_005,84
CTTAGCCCACTGATGAACGA_006,12
CTTAGCCCACTGATGAACGA_007,30
CTTAGCCCACTGATGAACGA_008,65
CTTAGCCCACTGATGAACGA_009,72
CTTAGCCCACTGATGAACGA_010,197
CAACAACACATTCAGAGTGG_001,25
GCACCGACTGTACCACCACG_001,115
GCACCGACTGTACCACCACG_002,66
GCACCGACTGTACCACCACG_003,183
GCACCGACTGTACCACCACG_004,12
GCACCGACTGTACCACCACG_005,12
GCACCGACTGTACCACCACG_006,23
GCACCGACTGTACCACCACG_007,46
GCACCGACTGTACCACCACG_008,6
GCACCGACTGTACCACCACG_009,15
GCACCGACTGTACCACCACG_010,148
GCACCGACTGTACCACCACG_011,98
GCACCGACTGTACCACCACG_012,82
GCACCGACTGTACCACCACG_013,177
GCACCGACTGTACCACCACG_014,46
GCACCGACTGTACCACCACG_015,175
GCACCGACTGTACCACCACG_016,115
GCACCGACTGTACCACCACG_017,106
GCACCGACTGTACCACCACG_018,78
TGACGGTGGTTACAACACGC_001,178
TGACGGTGGTTACAACACGC_002,45
TGACGGTGGTTACAACACGC_003,121
TGACGGTGGTTACAACACGC_004,106
TGACGGTGGTTACAACACGC_005,176
TGACGGTGGTTACAACACGC_006,46
TGACGGTGGTTACAACACGC_007,34
AGAACTACAATCCCTTGGAG_001,169
AGAACTACAATCCCTTGGAG_002,101
AGAACTACAATCCCTTGGAG_003,96
AGAACTACAATCCCTTGGAG_004,130
AGAACTACAATCCCTTGGAG_005,113
AGAACTACAATCCCTTGGAG_006,148
AGAACTACAATCCCTTGGAG_007,61
AGAACTACAATCCCTTGGAG_008,180
TTCCATTAATGAAACCCCAC_001,40
TTCCATTAATGAAACCCCAC_002,77
TTCCATTAATGAAACCCCAC_003,23
TTCCATTAATGAAACCCCAC_004,48
TTCCATTAATGAAACCCCAC_005,199
TTCCATTAATGAAACCCCAC_006,103
TTCCATTAATGAAACCCCAC_007,144
TTCCATTAATGAAACCCCAC_008,99
TTCCATTAATGAAACCCCAC_009,162
TTCCATTAATGAAACCCCAC_010,194
TTCCATTAATGAAACCCCAC_011,81
TGGATCGGCAGTGGTACTGG_001,11
TGGATCGGCAGTGGTACTGG_002,109
TGGATCGGCAGTGGTACTGG_003,175
TGGATCGGCAGTGGTACTGG_004,161
TGGATCGGCAGTGGTACTGG_005,106
TGGATCGGCAGTGGTACTGG_006,29
TGGATCGGCAGTGGTACTGG_007,5
TGGATCGGCAGTGGTACTGG_008,169
TGGATCGGCAGTGGTACTGG_009,78
TGGATCGGCAGTGGTACTGG_010,168
TGGATCGGCAGTGGTACTGG_011,157
TGGATCGGCAGTGGTACTGG_012,21
TGGATCGGCAGTGGTACTGG_013,181
TGGATCGGCAGTGGTACTGG_014,11
TGGATCGGCAGTGGTACTGG_015,148
TGGATCGGCAGTGGTACTGG_016,5
TGGATCGGCAGTGGTACTGG_017,112
TGGATCGGCAGTGGTACTGG_018,86
TGGATCGGCAGTGGTACTGG_019,88
TGGATCGGCAGTGGTACTGG_020,75
TGGATCGGCAGTGGTACTGG_021,102
TGGATCGGCAGTGGTACTGG_022,105
TGGATCGGCAGTGGTACTGG_023,97
TGGATCGGCAGTGGTACTGG_024,80
TGGATCGGCAGTGGTACTGG_025,29
TGGATCGGCAGTGGTACTGG_026,100
TGGATCGGCAGTGGTACTGG_027,184
TGGATCGGCAGTGGTACTGG_028,161
TGGATCGGCAGTGGTACTGG_029,46
TGGATCGGCAGTGGTACTGG_030,172
TGGATCGGCAGTGGTACTGG_031,108
TGGATCGGCAGTGGTACTGG_032,97
GGTACTTGGAAAAATGGACA_001,121
GGTACTTGGAAAAATGGACA_002,62
GGTACTTGGAAAAATGGACA_003,107
GGTACTTGGAAAAATGGACA_004,160
GGTACTTGGAAAAATGGACA_005,38
GGTACTTGGAAAAATGGACA_006,41
GGTACTTGGAAAAATGGACA_007,98
GGTACTTGGAAAAATGGACA_008,65
AAGGTTTACCTAAAGCACCA_001,175
AAGGTTTACCTAAAGCACCA_002,105
AAGGTTTACCTAAAGCACCA_003,70
AAGGTTTACCTAAAGCACCA_004,39
AAGGTTTACCTAAAGCACCA_005,163
AAGGTTTACCTAAAGCACCA_006,21
AGTTTGAAGAGCTTCATAGG_001,34
AGTTTGAAGAGCTTCATAGG_002,58
AGTTTGAAGAGCTTCATAGG_003,1
AGTTTGAAGAGCTTCATAGG_004,127
AGTTTGAAGAGCTTCATAGG_005,191
AGTTTGAAGAGCTTCATAGG_006,3
GATGCTCCTCTATGCCCCGG_001,77
GATGCTCCTCTATGCCCCGG_002,17
GATGCTCCTCTATGCCCCGG_003,34
GATGCTCCTCTATGCCCCGG_004,52
GATGCTCCTCTATGCCCCGG_005,197
GATGCTCCTCTATGCCCCGG_006,83
GATGCTCCTCTATGCCCCGG_007,88
GATGCTCCTCTATGCCCCGG_008,26
GATGCTCCTCTATGCCCCGG_009,178
GATGCTCCTCTATGCCCCGG_010,68
GATGCTCCTCTATGCCCCGG_011,191
GATGCTCCTCTATGCCCCGG_012,124
GGGCCTGCAGACATGATGAG_001,29
GGGCCTGCAGACATGATGAG_002,51
GGGCCTGCAGACATGATGAG_003,134
GGGCCTGCAGACATGATGAG_004,81
GGGCCTGCAGACATGATGAG_005,51
GGGCCTGCAGACATGATGAG_006,48
GGGCCTGCAGACATGATGAG_007,169
GGGCCTGCAGACATGATGAG_008,150
GGGCCTGCAGACATGATGAG_009,186
GGGCCTGCAGACATGATGAG_010,188
GGGCCTGCAGACATGATGAG_011,112
GGGCCTGCAGACATGATGAG_012,161
GGGCCTGCAGACATGATGAG_013,97
GGGCCTGCAGACATGATGAG_014,105
GGGCCTGCAGACATGATGAG_015,10
GGGCCTGCAGACATGATGAG_016,65
GGGCCTGCAGACATGATGAG_017,122
GGGCCTGCAGACATGATGAG_018,91
GGGCCTGCAGACATGATGAG_019,19
GGGCCTGCAGACATGATGAG_020,77
GGGCCTGCAGACATGATGAG_021,171
GGGCCTGCAGACATGATGAG_022,56
GGGCCTGCAGACATGATGAG_023,33
GGGCCTGCAGACATGATGAG_024,33
GCTGGAGAACCTGACCGCCG_001,127
GCTGGAGAACCTGACCGCCG_002,127
GCTGGAGAACCTGACCGCCG_003,96
GCTGGAGAACCTGACCGCCG_004,44
GCTGGAGAACCTGACCGCCG_005,76
GCTGGAGAACCTGACCGCCG_006,199
GCTGGAGAACCTGACCGCCG_007,43
TGTCAGCAAGAATGTGCCAG_001,128
TGTCAGCAAGAATGTGCCAG_002,118
TGTCAGCAAGAATGTGCCAG_003,66
GATCCCGGAAACCACAATAG_001,15
GATCCCGGAAACCACAATAG_002,172
GATCCCGGAAACCACAATAG_003,115
GATCCCGGAAACCACAATAG_004,7
GATCCCGGAAACCACAATAG_005,197
GATCCCGGAAACCACAATAG_006,63
GATCCCGGAAACCACAATAG_007,1
GATCCCGGAAACCACAATAG_008,145
GATCCCGGAAACCACAATAG_009,174
GATCCCGGAAACCACAATAG_010,112
GATCCCGGAAACCACAATAG_011,48
GATCCCGGAAACCACAATAG_012,119
GATCCCGGAAACCACAATAG_013,150
GATCCCGGAAACCACAATAG_014,31
GATCCCGGAAACCACAATAG_015,34
GATCCCGGAAACCACAATAG_016,157
GATCCCGGAAACCACAATAG_017,199
TTATCGAGGTCACTGAACAC_001,72
TTATCGAGGTCACTGAACAC_002,69
TTATCGAGGTCACTGAACAC_003,50
TTATCGAGGTCACTGAACAC_004,160
TTATCGAGGTCACTGAACAC_005,142
TTATCGAGGTCACTGAACAC_006,49
TTATCGAGGTCACTGAACAC_007,91
AGAGCTCACGGAATTCCTCT_001,187
AGAGCTCACGGAATTCCTCT_002,147
AGAGCTCACGGAATTCCTCT_003,184
AGAGCTCACGGAATTCCTCT_004,48
AGAGCTCACGGAATTCCTCT_005,10
AGAGCTCACGGAATTCCTCT_006,48
AGAGCTCACGGAATTCCTCT_007,141
AGAGCTCACGGAATTCCTCT_008,146
AGAGCTCACGGAATTCCTCT_009,145
CCTCATCATCGCGGCAAAGT_001,152
CCTCATCATCGCGGCAAAGT_002,60
CCTCATCATCGCGGCAAAGT_003,62
CCTCATCATCGCGGCAAAGT_004,50
CCTCATCATCGCGGCAAAGT_005,77
CCTCATCATCGCGGCAAAGT_006,71
CCTCATCATCGCGGCAAAGT_007,83
CCTCATCATCGCGGCAAAGT_008,41
CCTCATCATCGCGGCAAAGT_009,62
CCTCATCATCGCGGCAAAGT_010,166
CCTCATCATCGCGGCAAAGT_011,74
CCTCATCATCGCGGCAAAGT_012,144
CCGTTCTGCCATCAACGAAG_001,144
CCGTTCTGCCATCAACGAAG_002,51
CCGTTCTGCCATCAACGAAG_003,191
CCGTTCTGCCATCAACGAAG_004,29
CCGTTCTGCCATCAACGAAG_005,157
TGAGCCTCGTTATATCCTGG_001,149
TGAGCCTCGTTATATCCTGG_002,127
TGAGCCTCGTTATATCCTGG_003,161
AAGCCCCATCCATTAAACCA_001,29
AAGCCCCATCCATTAAACCA_002,70
AAGCCCCATCCATTAAACCA_003,192
AAGCCCCATCCATTAAACCA_004,48
AAGCCCCATCCATTAAACCA_005,23
AAGCCCCATCCATTAAACCA_006,23
AAGCCCCATCCATTAAACCA_007,19
AAGCCCCATCCATTAAACCA_008,183
GGAAGACCGAATATGCCCTG_001,141
GGAAGACCGAATATGCCCTG_002,152
GGAAGACCGAATATGCCCTG_003,66
GGAAGACCGAATATGCCCTG_004,161
CAAGACAGCTGGACGCACGG_001,58
CAAGACAGCTGGACGCACGG_002,61
CAAGACAGCTGGACGCACGG_003,32
CAAGACAGCTGGACGCACGG_004,169
CAAGACAGCTGGACGCACGG_005,6
CAAGACAGCTGGACGCACGG_006,81
CAAGACAGCTGGACGCACGG_007,102
CAAGACAGCTGGACGCACGG_008,61
CAAGACAGCTGGACGCACGG_009,182
CAAGACAGCTGGACGCACGG_010,120
CAAGACAGCTGGACGCACGG_011,48
CAAGACAGCTGGACGCACGG_012,48
CAAGACAGCTGGACGCACGG_013,17
CAAGACAGCTGGACGCACGG_014,155
CAAGACAGCTGGACGCACGG_015,84
CAAGACAGCTGGACGCACGG_016,40
CAAGACAGCTGGACGCACGG_017,104
CAAGACAGCTGGACGCACGG_018,113
CAAGACAGCTGGACGCACGG_019,130
CAAGACAGCTGGACGCACGG_020,36
CAAGACAGCTGGACGCACGG_021,76
CAAGACAGCTGGACGCACGG_022,113
CAAGACAGCTGGACGCACGG_023,29
CAAGACAGCTGGACGCACGG_024,50
CAAGACAGCTGGACGCACGG_025,53
CAAGACAGCTGGACGCACGG_026,176
CAAGACAGCTGGACGCACGG_027,31
CAAGACAGCTGGACGCACGG_028,174
CAAGACAGCTGGACGCACGG_029,83
CAAGACAGCTGGACGCACGG_030,110
CAAGACAGCTGGACGCACGG_031,81
CAAGACAGCTGGACGCACGG_032,84
CAAGACAGCTGGACGCACGG_033,141
CAAGACAGCTGGACGCACGG_034,135
CAAGACAGCTGGACGCACGG_035,93
CAAGACAGCTGGACGCACGG_036,58
CAAGACAGCTGGACGCACGG_037,28
CAAGACAGCTGGACGCACGG_038,43
CAAGACAGCTGGACGCACGG_039,43
CAAGACAGCTGGACGCACGG_040,60
CAAGACAGCTGGACGCACGG_041,48
AGATACTCCACACTGAGCAG_001,184
AGATACTCCACACTGAGCAG_002,105
AGATACTCCACACTGAGCAG_003,58
AGATACTCCACACTGAGCAG_004,77
AGATACTCCACACTGAGCAG_005,152
AGATACTCCACACTGAGCAG_006,62
AGATACTCCACACTGAGCAG_007,50
AGATACTCCACACTGAGCAG_008,192
AGATACTCCACACTGAGCAG_009,157
AGATACTCCACACTGAGCAG_010,83
AGATACTCCACACTGAGCAG_011,11
AGATACTCCACACTGAGCAG_012,175
AGATACTCCACACTGAGCAG_013,150
AGATACTCCACACTGAGCAG_014,168
AGATACTCCACACTGAGCAG_015,6
AGATACTCCACACTGAGCAG_016,113
AGATACTCCACACTGAGCAG_017,127
GCAAATCATACCCCTTCAGG_001,35
CCTCCTCCGACAGACGCGGG_001,199
CCTCCTCCGACAGACGCGGG_002,65
CCTCCTCCGACAGACGCGGG_003,115
CCTCCTCCGACAGACGCGGG_004,9
CCTCCTCCGACAGACGCGGG_005,42
CCTCCTCCGACAGACGCGGG_006,185
CCTCCTCCGACAGACGCGGG_007,160
CCTCCTCCGACAGACGCGGG_008,168
CCTCCTCCGACAGACGCGGG_009,48
CCTCCTCCGACAGACGCGGG_010,2
CCTCCTCCGACAGACGCGGG_011,41
CCTCCTCCGACAGACGCGGG_012,68
CCTCCTCCGACAGACGCGGG_013,177
CCTCCTCCGACAGACGCGGG_014,63
GGAACATTGGATCCCTCCTG_001,6
GGAACATTGGATCCCTCCTG_002,78
GGAACATTGGATCCCTCCTG_003,56
AGCGAGAGGACGTCGGCGAA_001,184
AGCGAGAGGACGTCGGCGAA_002,183
AGCGAGAGGACGTCGGCGAA_003,84
AGCGAGAGGACGTCGGCGAA_004,156
AGCGAGAGGACGTCGGCGAA_005,44
AGCGAGAGGACGTCGGCGAA_006,39
AGCGAGAGGACGTCGGCGAA_007,124
AGCGAGAGGACGTCGGCGAA_008,11
CCAGCAGACGTACATATCGA_001,5
CCAGCAGACGTACATATCGA_002,147
CCAGCAGACGTACATATCGA_003,198
TGGTGATCGATACAGGCCTG_001,16
TGGTGATCGATACAGGCCTG_002,68
TGGTGATCGATACAGGCCTG_003,4
TGGTGATCGATACAGGCCTG_004,8
TGGTGATCGATACAGGCCTG_005,10
TGGTGATCGATACAGGCCTG_006,151
GAGAACAGTCACCCACCGAT_001,158
GAGAACAGTCACCCACCGAT_002,121
GAGAACAGTCACCCACCGAT_003,169
GAGAACAGTCACCCACCGAT_004,84
GAGAACAGTCACCCACCGAT_005,132
GAGAACAGTCACCCACCGAT_006,175
GAGAACAGTCACCCACCGAT_007,102
GAGAACAGTCACCCACCGAT_008,150
GAGAACAGTCACCCACCGAT_009,166
GAGAACAGTCACCCACCGAT_010,185
GAGAACAGTCACCCACCGAT_011,135
GAGAACAGTCACCCACCGAT_012,1
GAGAACAGTCACCCACCGAT_013,81
GAGAACAGTCACCCACCGAT_014,144
GAGAACAGTCACCCACCGAT_015,184
GAGAACAGTCACCCACCGAT_016,130
GAGAACAGTCACCCACCGAT_017,120
GAGAACAGTCACCCACCGAT_018,61
GAGAACAGTCACCCACCGAT_019,187
GAGAACAGTCACCCACCGAT_020,79
GAGAACAGTCACCCACCGAT_021,170
GAGAACAGTCACCCACCGAT_022,78
GAGAACAGTCACCCACCGAT_023,55
GAGAACAGTCACCCACCGAT_024,78
GAGAACAGTCACCCACCGAT_025,121
GAGAACAGTCACCCACCGAT_026,183
GAGAACAGTCACCCACCGAT_027,193
GAGAACAGTCACCCACCGAT_028,117
CCAGGACTGGAGTTTCGGTG_001,179
CCAGGACTGGAGTTTCGGTG_002,24
CCAGGACTGGAGTTTCGGTG_003,184
AGCATACTCCCAGCCATCAA_001,116
AGCATACTCCCAGCCATCAA_002,7
AGCATACTCCCAGCCATCAA_003,102
AGCATACTCCCAGCCATCAA_004,108
AGCATACTCCCAGCCATCAA_005,138
AGCATACTCCCAGCCATCAA_006,50
AGCATACTCCCAGCCATCAA_007,106
CGAACCGAAACCTCGTGCAG_001,12
CGAACCGAAACCTCGTGCAG_002,104
CGAACCGAAACCTCGTGCAG_003,11
CGAACCGAAACCTCGTGCAG_004,112
CGAACCGAAACCTCGTGCAG_005,16
CGAACCGAAACCTCGTGCAG_006,39
CGAACCGAAACCTCGTGCAG_007,76
CGAACCGAAACCTCGTGCAG_008,134
CGAACCGAAACCTCGTGCAG_009,144
CGAACCGAAACCTCGTGCAG_010,197
CGAACCGAAACCTCGTGCAG_011,115
CGTGCCTCCGTAGGTCTGCG_001,83
CGTGCCTCCGTAGGTCTGCG_002,9
CGTGCCTCCGTAGGTCTGCG_003,19
CGTGCCTCCGTAGGTCTGCG_004,1
CGTGCCTCCGTAGGTCTGCG_005,30
CGTGCCTCCGTAGGTCTGCG_006,88
CGTGCCTCCGTAGGTCTGCG_007,82
AAAGCTGTTCATGTGAACCA_001,127
AAAGCTGTTCATGTGAACCA_002,107
AAAGCTGTTCATGTGAACCA_003,24
AAAGCTGTTCATGTGAACCA_004,53
AAAGCTGTTCATGTGAACCA_005,49
AAAGCTGTTCATGTGAACCA_006,141
AAAGCTGTTCATGTGAACCA_007,17
AAAGCTGTTCATGTGAACCA_008,185
AAAGCTGTTCATGTGAACCA_009,57
AAAGCTGTTCATGTGAACCA_010,107
AAAGCTGTTCATGTGAACCA_011,155
AAAGCTGTTCATGTGAACCA_012,182
AAAGCTGTTCATGTGAACCA_013,94
AAAGCTGTTCATGTGAACCA_014,29
AAAGCTGTTCATGTGAACCA_015,191
AAAGCTGTTCATGTGAACCA_016,144
AAAGCTGTTCATGTGAACCA_017,2
ACCCTCTCAGGCAGAAACGG_001,192
ACCCTCTCAGGCAGAAACGG_002,199
ACCCTCTCAGGCAGAAACGG_003,88
ACCCTCTCAGGCAGAAACGG_004,178
ACCCTCTCAGGCAGAAACGG_005,165
ACCCTCTCAGGCAGAAACGG_006,150
ACCCTCTCAGGCAGAAACGG_007,2
ACCCTCTCAGGCAGAAACGG_008,77
ACCCTCTCAGGCAGAAACGG_009,172
CAATGACCTGATCGTTATGT_001,94
CAATGACCTGATCGTTATGT_002,115
CAATGACCTGATCGTTATGT_003,14
CAATGACCTGATCGTTATGT_004,147
CAATGACCTGATCGTTATGT_005,177
CAATGACCTGATCGTTATGT_006,168
GGAGGCTTGGAGAGACCAGG_001,84
GGAGGCTTGGAGAGACCAGG_002,58
GGAGGCTTGGAGAGACCAGG_003,105
GGAGGCTTGGAGAGACCAGG_004,199
GGAGGCTTGGAGAGACCAGG_005,119
GGAGGCTTGGAGAGACCAGG_006,50
GGAGGCTTGGAGAGACCAGG_007,94
GGAGGCTTGGAGAGACCAGG_008,184
GGAGGCTTGGAGAGACCAGG_009,45
GGAGGCTTGGAGAGACCAGG_010,191
GGAGGCTTGGAGAGACCAGG_011,175
GGAGCCCGAAGGCGTCATCG_001,169
GGAGCCCGAAGGCGTCATCG_002,17
GGAGCCCGAAGGCGTCATCG_003,15
GGAGCCCGAAGGCGTCATCG_004,197
GGAGGTAGTGCTAGACAATG_001,178
GGAGGTAGTGCTAGACAATG_002,48
GGAGGTAGTGCTAGACAATG_003,94
GGAGGTAGTGCTAGACAATG_004,147
GGAGGTAGTGCTAGACAATG_005,175
GGAGGTAGTGCTAGACAATG_006,138
GGAGGTAGTGCTAGACAATG_007,142
ACTGGTTAAAAAGCCTAACT_001,96
ACTGGTTAAAAAGCCTAACT_002,181
ACTGGTTAAAAAGCCTAACT_003,145
ACTGGTTAAAAAGCCTAACT_004,88
ACTGGTTAAAAAGCCTAACT_005,35
ACTGGTTAAAAAGCCTAACT_006,157
GAAATGGGGACACCCCTTCG_001,43
GAAATGGGGACACCCCTTCG_002,84
GAAATGGGGACACCCCTTCG_003,11
GAAATGGGGACACCCCTTCG_004,105
GAAATGGGGACACCCCTTCG_005,23
GAAATGGGGACACCCCTTCG_006,159
GAAATGGGGACACCCCTTCG_007,111
GAAATGGGGACACCCCTTCG_008,85
GAAATGGGGACACCCCTTCG_009,186
GAAATGGGGACACCCCTTCG_010,88
GAAATGGGGACACCCCTTCG_011,160
ACAATCCGAGACTGGATGAG_001,37
ACAATCCGAGACTGGATGAG_002,12
ACAATCCGAGACTGGATGAG_003,55
ACAATCCGAGACTGGATGAG_004,104
TCCACTCATTTATGGCAGCA_001,104
TCCACTCATTTATGGCAGCA_002,194
TCCACTCATTTATGGCAGCA_003,80
TCCACTCATTTATGGCAGCA_004,80
TCCACTCATTTATGGCAGCA_005,141
TCCACTCATTTATGGCAGCA_006,76
TCCACTCATTTATGGCAGCA_007,160
TCCACTCATTTATGGCAGCA_008,155
TCCACTCATTTATGGCAGCA_009,182
TCCACTCATTTATGGCAGCA_010,147
TCCACTCATTTATGGCAGCA_011,169
TCCACTCATTTATGGCAGCA_012,179
TCCACTCATTTATGGCAGCA_013,174
TCCACTCATTTATGGCAGCA_014,182
CTGGCTTCTGCTCTCACCGC_001,23
CTGGCTTCTGCTCTCACCGC_002,140
CTGGCTTCTGCTCTCACCGC_003,12
CTGGCTTCTGCTCTCACCGC_004,135
CTGGCTTCTGCTCTCACCGC_005,119
CTGGCTTCTGCTCTCACCGC_006,48
CTGGCTTCTGCTCTCACCGC_007,121
CTGGCTTCTGCTCTCACCGC_008,41
CTGGCTTCTGCTCTCACCGC_009,16
CTGGCTTCTGCTCTCACCGC_010,151
CTGGCTTCTGCTCTCACCGC_011,171
CTGGCTTCTGCTCTCACCGC_012,156
CTGGCTTCTGCTCTCACCGC_013,88
CTGGCTTCTGCTCTCACCGC_014,39
CTGGCTTCTGCTCTCACCGC_015,10
CTGGCTTCTGCTCTCACCGC_016,134
CTGGCTTCTGCTCTCACCGC_017,121
CTGGCTTCTGCTCTCACCGC_018,27
CTGGCTTCTGCTCTCACCGC_019,177
TTAGAACCTCCGGATCGGAG_001,144
TTAGAACCTCCGGATCGGAG_002,96
TTAGAACCTCCGGATCGGAG_003,65
TTAGAACCTCCGGATCGGAG_004,52
AGGATCTTCCCATCTATACC_001,184
AGGATCTTCCCATCTATACC_002,32
AGGATCTTCCCATCTATACC_003,41
AGGATCTTCCCATCTATACC_004,160
AGGATCTTCCCATCTATACC_005,59
AGGATCTTCCCATCTATACC_006,124
CGACGTCTTTACGTGTCCAA_001,170
CGACGTCTTTACGTGTCCAA_002,114
CGACGTCTTTACGTGTCCAA_003,23
CGACGTCTTTACGTGTCCAA_004,77
CGACGTCTTTACGTGTCCAA_005,110
CGACGTCTTTACGTGTCCAA_006,78
CGACGTCTTTACGTGTCCAA_007,58
CGACGTCTTTACGTGTCCAA_008,170
CGACGTCTTTACGTGTCCAA_009,29
CGACGTCTTTACGTGTCCAA_010,94
CGACGTCTTTACGTGTCCAA_011,137
CGACGTCTTTACGTGTCCAA_012,137
CGACGTCTTTACGTGTCCAA_013,121
CGACGTCTTTACGTGTCCAA_014,72
CGACGTCTTTACGTGTCCAA_015,55
CGACGTCTTTACGTGTCCAA_016,33
CGACGTCTTTACGTGTCCAA_017,33
CGACGTCTTTACGTGTCCAA_018,116
CGACGTCTTTACGTGTCCAA_019,19
CGACGTCTTTACGTGTCCAA_020,168
CGACGTCTTTACGTGTCCAA_021,42
CGACGTCTTTACGTGTCCAA_022,83
CGACGTCTTTACGTGTCCAA_023,142
CGACGTCTTTACGTGTCCAA_024,153
CGACGTCTTTACGTGTCCAA_025,127
CGACGTCTTTACGTGTCCAA_026,35
CGACGTCTTTACGTGTCCAA_027,81
CGACGTCTTTACGTGTCCAA_028,129
CGACGTCTTTACGTGTCCAA_029,89
CGACGTCTTTACGTGTCCAA_030,107
CGACGTCTTTACGTGTCCAA_031,55
CGACGTCTTTACGTGTCCAA_032,78
CGACGTCTTTACGTGTCCAA_033,168
CGACGTCTTTACGTGTCCAA_034,19
AGCATGAGCCCAGAAGGGCA_001,34
AGCATGAGCCCAGAAGGGCA_002,94
AGCATGAGCCCAGAAGGGCA_003,148
AGCATGAGCCCAGAAGGGCA_004,91
AGCATGAGCCCAGAAGGGCA_005,157
AGCATGAGCCCAGAAGGGCA_006,104
TGGTGCAGGGGCAATTACCA_001,158
TGGTGCAGGGGCAATTACCA_002,158
TGGTGCAGGGGCAATTACCA_003,153
TGGTGCAGGGGCAATTACCA_004,47
GAAGGTCTACACGCCCCGCG_001,28
GAAGGTCTACACGCCCCGCG_002,14
GAAGGTCTACACGCCCCGCG_003,72
CCAGCTTCCAACTGACGATG_001,194
CCAGCTTCCAACTGACGATG_002,1
CCAGCTTCCAACTGACGATG_003,125
CCAGCTTCCAACTGACGATG_004,196
CCAGCTTCCAACTGACGATG_005,147
CCAGCTTCCAACTGACGATG_006,130
CCAGCTTCCAACTGACGATG_007,54
CCAGCTTCCAACTGACGATG_008,63
CCAGCTTCCAACTGACGATG_009,103
CCAGCTTCCAACTGACGATG_010,104
CCAGCTTCCAACTGACGATG_011,66
CCAGCTTCCAACTGACGATG_012,167
CCAGCTTCCAACTGACGATG_013,167
CCAGCTTCCAACTGACGATG_014,9
CCAGCTTCCAACTGACGATG_015,61
CCAGCTTCCAACTGACGATG_016,35
CCAGCTTCCAACTGACGATG_017,166
CCAGCTTCCAACTGACGATG_018,83
CCAGCTTCCAACTGACGATG_019,123
CCAGCTTCCAACTGACGATG_020,81
CCAGCTTCCAACTGACGATG_021,191
CCAGCTTCCAACTGACGATG_022,19
CCAGCTTCCAACTGACGATG_023,46
CCAGCTTCCAACTGACGATG_024,19
CCAGCTTCCAACTGACGATG_025,52
CACCCCCGATCCCCCCAGGA_001,124
CACCCCCGATCCCCCCAGGA_002,157
CACCCCCGATCCCCCCAGGA_003,168
CACCCCCGATCCCCCCAGGA_004,199
CACCCCCGATCCCCCCAGGA_005,137
CACCCCCGATCCCCCCAGGA_006,2
CACCCCCGATCCCCCCAGGA_007,125
CACCCCCGATCCCCCCAGGA_008,135
CACCCCCGATCCCCCCAGGA_009,140
CACCCCCGATCCCCCCAGGA_010,67
TGAGTCTGAGGGCGTGATGT_001,21
TGAGTCTGAGGGCGTGATGT_002,32
TGAGTCTGAGGGCGTGATGT_003,174
TGAGTCTGAGGGCGTGATGT_004,14
TGAGTCTGAGGGCGTGATGT_005,169
TGAGTCTGAGGGCGTGATGT_006,187
TGAGTCTGAGGGCGTGATGT_007,192
TGAGTCTGAGGGCGTGATGT_008,17
TGAGTCTGAGGGCGTGATGT_009,162
TGAGTCTGAGGGCGTGATGT_010,14
TGAGTCTGAGGGCGTGATGT_011,78
TGAGTCTGAGGGCGTGATGT_012,106
TGAGTCTGAGGGCGTGATGT_013,129
TACTCTAGGAAACAACCCCG_001,140
TACTCTAGGAAACAACCCCG_002,145
TACTCTAGGAAACAACCCCG_003,54
TACTCTAGGAAACAACCCCG_004,45
TACTCTAGGAAACAACCCCG_005,2
TACTCTAGGAAACAACCCCG_006,198
TACTCTAGGAAACAACCCCG_007,58
TACTCTAGGAAACAACCCCG_008,62
TACTCTAGGAAACAACCCCG_009,189
TACTCTAGGAAACAACCCCG_010,88
TACTCTAGGAAACAACCCCG_011,174
TACTCTAGGAAACAACCCCG_012,122
TACTCTAGGAAACAACCCCG_013,1
TACTCTAGGAAACAACCCCG_014,73
TACTCTAGGAAACAACCCCG_015,55
TACTCTAGGAAACAACCCCG_016,26
TACTCTAGGAAACAACCCCG_017,198
TACTCTAGGAAACAACCCCG_018,94
TACTCTAGGAAACAACCCCG_019,28
TACTCTAGGAAACAACCCCG_020,84
TACTCTAGGAAACAACCCCG_021,199
TACTCTAGGAAACAACCCCG_022,127
TACTCTAGGAAACAACCCCG_023,192
TACTCTAGGAAACAACCCCG_024,31
TACTCTAGGAAACAACCCCG_025,172
TACTCTAGGAAACAACCCCG_026,4
TACTCTAGGAAACAACCCCG_027,31
AATTACAATTCCATTCACCT_001,26
AATTACAATTCCATTCACCT_002,108
AATTACAATTCCATTCACCT_003,118
AATTACAATTCCATTCACCT_004,34
AATTACAATTCCATTCACCT_005,28
AATTACAATTCCATTCACCT_006,66
GTCAGTGAATCGAGAACTGG_001,99
GTCAGTGAATCGAGAACTGG_002,102
GTCAGTGAATCGAGAACTGG_003,170
GTCAGTGAATCGAGAACTGG_004,152
GTCAGTGAATCGAGAACTGG_005,30
GTCAGTGAATCGAGAACTGG_006,10
GTCAGTGAATCGAGAACTGG_007,27
GTCAGTGAATCGAGAACTGG_008,107
GAGTTCAGGAATGCGCAGCG_001,77
GAGTTCAGGAATGCGCAGCG_002,17
GAGTTCAGGAATGCGCAGCG_003,179
GAGTTCAGGAATGCGCAGCG_004,18
GAGTTCAGGAATGCGCAGCG_005,59
GAGTTCAGGAATGCGCAGCG_006,147
GAGTTCAGGAATGCGCAGCG_007,121
GAGTTCAGGAATGCGCAGCG_008,30
GAGTTCAGGAATGCGCAGCG_009,105
GAGTTCAGGAATGCGCAGCG_010,15
AGCCGGCATACACGTCCACA_001,152
AGCCGGCATACACGTCCACA_002,103
AGCCGGCATACACGTCCACA_003,101
AGCCGGCATACACGTCCACA_004,68
TGAAGCACAGGCAGGTTATG_001,112
TGAAGCACAGGCAGGTTATG_002,50
TGAAGCACAGGCAGGTTATG_003,88
TGAAGCACAGGCAGGTTATG_004,78
TGAAGCACAGGCAGGTTATG_005,60
TGAAGCACAGGCAGGTTATG_006,54
TGAAGCACAGGCAGGTTATG_007,42
TGAAGCACAGGCAGGTTATG_008,48
TGAAGCACAGGCAGGTTATG_009,41
TGAAGCACAGGCAGGTTATG_010,69
TGAAGCACAGGCAGGTTATG_011,123
TGAAGCACAGGCAGGTTATG_012,177
CTATATGCCATGGAGTTACA_001,2
CTATATGCCATGGAGTTACA_002,88
CTATATGCCATGGAGTTACA_003,88
CTATATGCCATGGAGTTACA_004,15
CTATATGCCATGGAGTTACA_005,175
CTATATGCCATGGAGTTACA_006,183
CTATATGCCATGGAGTTACA_007,163
CTATATGCCATGGAGTTACA_008,75
CTATATGCCATGGAGTTACA_009,43
GAAGCAGATGATATTTAGAG_001,70
GAAGCAGATGATATTTAGAG_002,199
GAAGCAGATGATATTTAGAG_003,178
GAAGCAGATGATATTTAGAG_004,178
AGCTTGGATTGAGTCAACAG_001,147
AGCTTGGATTGAGTCAACAG_002,147
AGCTTGGATTGAGTCAACAG_003,32
AGCTTGGATTGAGTCAACAG_004,174
AGCTTGGATTGAGTCAACAG_005,163
AGCTTGGATTGAGTCAACAG_006,169
TACAGCTGGTATAAATTCCT_001,74
TACAGCTGGTATAAATTCCT_002,62
CCTCTGCCAGTGGCTCCATC_001,146
CCTCTGCCAGTGGCTCCATC_002,58
CCTCTGCCAGTGGCTCCATC_003,184
CCTCTGCCAGTGGCTCCATC_004,94
CCTCTGCCAGTGGCTCCATC_005,26
CCTCTGCCAGTGGCTCCATC_006,44
CCTCTGCCAGTGGCTCCATC_007,44
CCTCTGCCAGTGGCTCCATC_008,147
CCTCTGCCAGTGGCTCCATC_009,174
CCTCTGCCAGTGGCTCCATC_010,50
CCTCTGCCAGTGGCTCCATC_011,94
CCTCTGCCAGTGGCTCCATC_012,158
CCTCTGCCAGTGGCTCCATC_013,160
CCTCTGCCAGTGGCTCCATC_014,42
CCTCTGCCAGTGGCTCCATC_015,130
CCTCTGCCAGTGGCTCCATC_016,186
CCTCTGCCAGTGGCTCCATC_017,116
CCTCTGCCAGTGGCTCCATC_018,178
CCTCTGCCAGTGGCTCCATC_019,169
CCTCTGCCAGTGGCTCCATC_020,137
CGACCAGGACACCGGCACGA_001,28
CGACCAGGACACCGGCACGA_002,21
CGACCAGGACACCGGCACGA_003,10
CGACCAGGACACCGGCACGA_004,161
CGACCAGGACACCGGCACGA_005,116
CGACCAGGACACCGGCACGA_006,170
CGACCAGGACACCGGCACGA_007,56
CGACCAGGACACCGGCACGA_008,134
CGACCAGGACACCGGCACGA_009,169
CGACCAGGACACCGGCACGA_010,88
CGACCAGGACACCGGCACGA_011,185
CGACCAGGACACCGGCACGA_012,92
CGACCAGGACACCGGCACGA_013,135
CGACCAGGACACCGGCACGA_014,170
CGACCAGGACACCGGCACGA_015,170
CGACCAGGACACCGGCACGA_016,105
CGACCAGGACACCGGCACGA_017,49
CGACCAGGACACCGGCACGA_018,162
CGACCAGGACACCGGCACGA_019,60
CGACCAGGACACCGGCACGA_020,130
CGACCAGGACACCGGCACGA_021,161
CGACCAGGACACCGGCACGA_022,17
CGACCAGGACACCGGCACGA_023,15
CGACCAGGACACCGGCACGA_024,155
CGACCAGGACACCGGCACGA_025,65
CGACCAGGACACCGGCACGA_026,13
CGACCAGGACACCGGCACGA_027,180
CGACCAGGACACCGGCACGA_028,151
CGACCAGGACACCGGCACGA_029,118
CGACCAGGACACCGGCACGA_030,47
CGACCAGGACACCGGCACGA_031,136
GAAGCTACACTTACTCCAGT_001,74
GAAGCTACACTTACTCCAGT_002,72
CAGGGATCTATCTAATGTGG_001,50
CAGGGATCTATCTAATGTGG_002,29
AATGCCCTTGGACAAACACA_001,62
AATGCCCTTGGACAAACACA_002,139
AATGCCCTTGGACAAACACA_003,162
AATGCCCTTGGACAAACACA_004,147
AATGCCCTTGGACAAACACA_005,194
ACAGCTATTTAAATACCAGG_001,171
ACAGCTATTTAAATACCAGG_002,178
ACAGCTATTTAAATACCAGG_003,178
CCTTCATATGAGGAAGATCA_001,27
GGTAAAGCTTCTCGGCAGCG_001,28
GGTAAAGCTTCTCGGCAGCG_002,48
GGTAAAGCTTCTCGGCAGCG_003,157
GGTAAAGCTTCTCGGCAGCG_004,17
GGTAAAGCTTCTCGGCAGCG_005,184
GGTAAAGCTTCTCGGCAGCG_006,125
GTACAATAGTGCCCCACTGG_001,192
GTACAATAGTGCCCCACTGG_002,140
GTACAATAGTGCCCCACTGG_003,17
GTACAATAGTGCCCCACTGG_004,160
GTACAATAGTGCCCCACTGG_005,12
GTACAATAGTGCCCCACTGG_006,119
GTACAATAGTGCCCCACTGG_007,67
GTACAATAGTGCCCCACTGG_008,62
GTACAATAGTGCCCCACTGG_009,179
TTACTCCGTACAGCTCGGTG_001,121
TTACTCCGTACAGCTCGGTG_002,161
TTACTCCGTACAGCTCGGTG_003,184
TTACTCCGTACAGCTCGGTG_004,190
TTACTCCGTACAGCTCGGTG_005,173
TTACTCCGTACAGCTCGGTG_006,157
TTACTCCGTACAGCTCGGTG_007,108
TTACTCCGTACAGCTCGGTG_008,45
TTACTCCGTACAGCTCGGTG_009,181
TTACTCCGTACAGCTCGGTG_010,113
TACTCACCAACTGGATGACG_001,32
TACTCACCAACTGGATGACG_002,115
TACTCACCAACTGGATGACG_003,174
TACTCACCAACTGGATGACG_004,15
TACTCACCAACTGGATGACG_005,170
TACTCACCAACTGGATGACG_006,65
TACTCACCAACTGGATGACG_007,88
TACTCACCAACTGGATGACG_008,86
TACTCACCAACTGGATGACG_009,35
TACTCACCAACTGGATGACG_010,183
TACTCACCAACTGGATGACG_011,170
TACTCACCAACTGGATGACG_012,40
TACTCACCAACTGGATGACG_013,41
TACTCACCAACTGGATGACG_014,19
TACTCACCAACTGGATGACG_015,43
TACTCACCAACTGGATGACG_016,124
TACTCACCAACTGGATGACG_017,188
TACTCACCAACTGGATGACG_018,84
CCATCTCTGAGACTCATCGC_001,61
CCATCTCTGAGACTCATCGC_002,198
CCATCTCTGAGACTCATCGC_003,114
CCATCTCTGAGACTCATCGC_004,114
CCATCTCTGAGACTCATCGC_005,181
CCATCTCTGAGACTCATCGC_006,115
CCATCTCTGAGACTCATCGC_007,29
CCATCTCTGAGACTCATCGC_008,57
CCATCTCTGAGACTCATCGC_009,40
CCATCTCTGAGACTCATCGC_010,148
CCATCTCTGAGACTCATCGC_011,124
CCATCTCTGAGACTCATCGC_012,158
ATACGAGTCCATGTCCAAGT_001,176
ATACGAGTCCATGTCCAAGT_002,58
CGACATTGTCACCCGCAGCC_001,42
CGACATTGTCACCCGCAGCC_002,78
CGACATTGTCACCCGCAGCC_003,15
CGACATTGTCACCCGCAGCC_004,1
GAACTGGGGAGCCACAATAG_001,166
GAACTGGGGAGCCACAATAG_002,142
GGACACCAAGATGTGTTCAG_001,173
GGACACCAAGATGTGTTCAG_002,83
GGACACCAAGATGTGTTCAG_003,48
GGACACCAAGATGTGTTCAG_004,132
GGACACCAAGATGTGTTCAG_005,26
GGACACCAAGATGTGTTCAG_006,61
GGACACCAAGATGTGTTCAG_007,93
GGACACCAAGATGTGTTCAG_008,35
GGACACCAAGATGTGTTCAG_009,31
GGACACCAAGATGTGTTCAG_010,176
GGACACCAAGATGTGTTCAG_011,185
GGACACCAAGATGTGTTCAG_012,185
GGACACCAAGATGTGTTCAG_013,123
TGAAACTGCTTGAGGCGGTA_001,76
TGAAACTGCTTGAGGCGGTA_002,15
TGAAACTGCTTGAGGCGGTA_003,147
TGAAACTGCTTGAGGCGGTA_004,173
TGAAACTGCTTGAGGCGGTA_005,173
TGAAACTGCTTGAGGCGGTA_006,91
TGAAACTGCTTGAGGCGGTA_007,84
GAACGTAGAGCCCTTTGACA_001,127
GAACGTAGAGCCCTTTGACA_002,60
GAACGTAGAGCCCTTTGACA_003,82
AAGGAATGGGTGCTGAACAT_001,72
AAGGAATGGGTGCTGAACAT_002,177
AAGGAATGGGTGCTGAACAT_003,2
AAGGAATGGGTGCTGAACAT_004,98
AAGGAATGGGTGCTGAACAT_005,36
AAGGAATGGGTGCTGAACAT_006,15
AAGGAATGGGTGCTGAACAT_007,42
AAGGAATGGGTGCTGAACAT_008,166
AAGGAATGGGTGCTGAACAT_009,26
AAGGAATGGGTGCTGAACAT_010,151
AAGGAATGGGTGCTGAACAT_011,172
AAGGAATGGGTGCTGAACAT_012,156
AAGGAATGGGTGCTGAACAT_013,78
AAGGAATGGGTGCTGAACAT_014,78
AAGGAATGGGTGCTGAACAT_015,49
AAGGAATGGGTGCTGAACAT_016,185
AAGGAATGGGTGCTGAACAT_017,53
AAGGAATGGGTGCTGAACAT_018,58
AAGGAATGGGTGCTGAACAT_019,134
AAGGAATGGGTGCTGAACAT_020,145
AAGGAATGGGTGCTGAACAT_021,16
AAGGAATGGGTGCTGAACAT_022,82
AAGGAATGGGTGCTGAACAT_023,172
AAGGAATGGGTGCTGAACAT_024,113
AAGGAATGGGTGCTGAACAT_025,71
AAGGAATGGGTGCTGAACAT_026,1
AAGGAATGGGTGCTGAACAT_027,162
AAGGAATGGGTGCTGAACAT_028,103
AAGGAATGGGTGCTGAACAT_029,115
AAGGAATGGGTGCTGAACAT_030,39
AAGGAATGGGTGCTGAACAT_031,168
AAGGAATGGGTGCTGAACAT_032,91
TCTTTGAAGAAAGTAGTCAT_001,142
TGCCTATGTTGTGTTTAAGG_001,149
TGCCTATGTTGTGTTTAAGG_002,160
TGCCTATGTTGTGTTTAAGG_003,53
TGCCTATGTTGTGTTTAAGG_004,149
TGCCTATGTTGTGTTTAAGG_005,48
ACTGCTTAATCCAGTCGTTG_001,184
ACTGCTTAATCCAGTCGTTG_002,57
TGAATCCACAGCCATCCACT_001,5
TGAATCCACAGCCATCCACT_002,70
TGAATCCACAGCCATCCACT_003,44
TGAATCCACAGCCATCCACT_004,148
TGAATCCACAGCCATCCACT_005,61
TGAATCCACAGCCATCCACT_006,138
TGAATCCACAGCCATCCACT_007,29
TGAATCCACAGCCATCCACT_008,19
TGAATCCACAGCCATCCACT_009,172
TGAATCCACAGCCATCCACT_010,39
TGAATCCACAGCCATCCACT_011,168
CGAGATCGAGCTCTTTGTGA_001,102
CGAGATCGAGCTCTTTGTGA_002,103
CGAGATCGAGCTCTTTGTGA_003,160
CAATGGAGCAAGCCATCTCG_001,199
CAATGGAGCAAGCCATCTCG_002,199
CAATGGAGCAAGCCATCTCG_003,178
CAATGGAGCAAGCCATCTCG_004,65
CAATGGAGCAAGCCATCTCG_005,95
CAATGGAGCAAGCCATCTCG_006,79
CAATGGAGCAAGCCATCTCG_007,39
CAATGGAGCAAGCCATCTCG_008,39
CAGTGCTCAGTTCAAAGGAG_001,55
CAGTGCTCAGTTCAAAGGAG_002,161
CAGTGCTCAGTTCAAAGGAG_003,84
CAGTGCTCAGTTCAAAGGAG_004,21
CAGTGCTCAGTTCAAAGGAG_005,176
CAGTGCTCAGTTCAAAGGAG_006,146
CAGTGCTCAGTTCAAAGGAG_007,132
CAGTGCTCAGTTCAAAGGAG_008,137
CAGTGCTCAGTTCAAAGGAG_009,37
TACGACTATACAGGCGACCC_001,161
CACACCAGTGGACCACTGCG_001,137
CACACCAGTGGACCACTGCG_002,73
CACACCAGTGGACCACTGCG_003,170
CACACCAGTGGACCACTGCG_004,27
CACACCAGTGGACCACTGCG_005,58
CACACCAGTGGACCACTGCG_006,29
CACACCAGTGGACCACTGCG_007,94
CACACCAGTGGACCACTGCG_008,182
CACACCAGTGGACCACTGCG_009,83
CACACCAGTGGACCACTGCG_010,152
CACACCAGTGGACCACTGCG_011,129
CACACCAGTGGACCACTGCG_012,70
CACACCAGTGGACCACTGCG_013,134
CACACCAGTGGACCACTGCG_014,197
CACACCAGTGGACCACTGCG_015,115
CACACCAGTGGACCACTGCG_016,175
CACACCAGTGGACCACTGCG_017,68
CACACCAGTGGACCACTGCG_018,77
CACACCAGTGGACCACTGCG_019,9
CACACCAGTGGACCACTGCG_020,80
CACACCAGTGGACCACTGCG_021,108
CACACCAGTGGACCACTGCG_022,198
CACACCAGTGGACCACTGCG_023,177
CACACCAGTGGACCACTGCG_024,174
CACACCAGTGGACCACTGCG_025,38
CACACCAGTGGACCACTGCG_026,105
CACACCAGTGGACCACTGCG_027,6
CACACCAGTGGACCACTGCG_028,178
CACACCAGTGGACCACTGCG_029,161
CACACCAGTGGACCACTGCG_030,56
CACACCAGTGGACCACTGCG_031,9
CACACCAGTGGACCACTGCG_032,147
CACACCAGTGGACCACTGCG_033,19
CACACCAGTGGACCACTGCG_034,182
CACACCAGTGGACCACTGCG_035,3
CACACCAGTGGACCACTGCG_036,120
CACACCAGTGGACCACTGCG_037,148
ATATTAATTTGAAGGTGGCG_001,129
ATATTAATTTGAAGGTGGCG_002,147
GGAAGATGGCGGCATACAGT_001,172
GGAAGATGGCGGCATACAGT_002,49
GGAAGATGGCGGCATACAGT_003,194
GGAAGATGGCGGCATACAGT_004,81
GACGCGCGAACAGCTGATGG_001,105
GACGCGCGAACAGCTGATGG_002,171
GACGCGCGAACAGCTGATGG_003,150
GACGCGCGAACAGCTGATGG_004,127
GACGCGCGAACAGCTGATGG_005,198
GACGCGCGAACAGCTGATGG_006,57
GACGCGCGAACAGCTGATGG_007,127
GACGCGCGAACAGCTGATGG_008,76
GACGCGCGAACAGCTGATGG_009,57
GACGCGCGAACAGCTGATGG_010,6
GACGCGCGAACAGCTGATGG_011,16
GACGCGCGAACAGCTGATGG_012,150
GACGCGCGAACAGCTGATGG_013,140
GACGCGCGAACAGCTGATGG_014,69
GACGCGCGAACAGCTGATGG_015,25
GACGCGCGAACAGCTGATGG_016,113
GACGCGCGAACAGCTGATGG_017,73
GACGCGCGAACAGCTGATGG_018,101
GACGCGCGAACAGCTGATGG_019,3
GACGCGCGAACAGCTGATGG_020,13
GACGCGCGAACAGCTGATGG_021,155
GGCTACAACAGGCTTCAGAG_001,145
GGCTACAACAGGCTTCAGAG_002,150
GGCTACAACAGGCTTCAGAG_003,132
GGCTACAACAGGCTTCAGAG_004,185
GGCTACAACAGGCTTCAGAG_005,69
GGCTACAACAGGCTTCAGAG_006,77
GGCTACAACAGGCTTCAGAG_007,33
GGCTACAACAGGCTTCAGAG_008,102
GGCTACAACAGGCTTCAGAG_009,148
GGCTACAACAGGCTTCAGAG_010,49
GGCTACAACAGGCTTCAGAG_011,191
GGCTACAACAGGCTTCAGAG_012,38
GGCTACAACAGGCTTCAGAG_013,102
GGCTACAACAGGCTTCAGAG_014,158
GGCTACAACAGGCTTCAGAG_015,166
GGCTACAACAGGCTTCAGAG_016,152
GGCTACAACAGGCTTCAGAG_017,169
GGCTACAACAGGCTTCAGAG_018,104
GGCTACAACAGGCTTCAGAG_019,46
GGCTACAACAGGCTTCAGAG_020,146
GGCTACAACAGGCTTCAGAG_021,43
CCTGCGCCTCAATCACACAG_001,185
CCTGCGCCTCAATCACACAG_002,131
CCTGCGCCTCAATCACACAG_003,48
CCTGCGCCTCAATCACACAG_004,191
CCTGCGCCTCAATCACACAG_005,183
CCTGCGCCTCAATCACACAG_006,14
CCTGCGCCTCAATCACACAG_007,56
CCTGCGCCTCAATCACACAG_008,167
CCTGCGCCTCAATCACACAG_009,124
CCTGCGCCTCAATCACACAG_010,20
CCTGCGCCTCAATCACACAG_011,197
CCTGCGCCTCAATCACACAG_012,53
CCTGCGCCTCAATCACACAG_013,169
CCTGCGCCTCAATCACACAG_014,63
GTTGCGAACGAGAAGACCTG_001,181
GTTGCGAACGAGAAGACCTG_002,60
GTTGCGAACGAGAAGACCTG_003,67
GTTGCGAACGAGAAGACCTG_004,114
GTTGCGAACGAGAAGACCTG_005,78
GTTGCGAACGAGAAGACCTG_006,76
GTTGCGAACGAGAAGACCTG_007,85
GTTGCGAACGAGAAGACCTG_008,134
GTTGCGAACGAGAAGACCTG_009,177
GTTGCGAACGAGAAGACCTG_010,157
GTTGCGAACGAGAAGACCTG_011,70
GTTGCGAACGAGAAGACCTG_012,10
GTTGCGAACGAGAAGACCTG_013,66
GTTGCGAACGAGAAGACCTG_014,152
GTTGCGAACGAGAAGACCTG_015,121
GTTGCGAACGAGAAGACCTG_016,2
GTTGCGAACGAGAAGACCTG_017,199
GTTGCGAACGAGAAGACCTG_018,19
GTTGCGAACGAGAAGACCTG_019,76
CCGTCCATAGGGGTGAATGG_001,72
CCGTCCATAGGGGTGAATGG_002,145
CCGTCCATAGGGGTGAATGG_003,57
CCGTCCATAGGGGTGAATGG_004,100
CCGTCCATAGGGGTGAATGG_005,50
CCGTCCATAGGGGTGAATGG_006,58
CCGTCCATAGGGGTGAATGG_007,88
CCGTCCATAGGGGTGAATGG_008,168
CCGTCCATAGGGGTGAATGG_009,9
CCGTCCATAGGGGTGAATGG_010,27
CCGTCCATAGGGGTGAATGG_011,94
CCGTCCATAGGGGTGAATGG_012,42
CCGTCCATAGGGGTGAATGG_013,56
CCGTCCATAGGGGTGAATGG_014,188
CCGTCCATAGGGGTGAATGG_015,48
TTTGCGCTCCGTCACATGCA_001,109
TTTGCGCTCCGTCACATGCA_002,15
TTTGCGCTCCGTCACATGCA_003,108
TGCATGAAGGACGACAGCAA_001,40
TGCATGAAGGACGACAGCAA_002,91
TGCATGAAGGACGACAGCAA_003,17
TGCATGAAGGACGACAGCAA_004,112
TGCATGAAGGACGACAGCAA_005,157
TGCATGAAGGACGACAGCAA_006,0
TGCATGAAGGACGACAGCAA_007,22
TGCATGAAGGACGACAGCAA_008,148
TGCATGAAGGACGACAGCAA_009,22
TGCATGAAGGACGACAGCAA_010,2
TGCATGAAGGACGACAGCAA_011,192
TGCATGAAGGACGACAGCAA_012,68
TGCATGAAGGACGACAGCAA_013,9
TGCATGAAGGACGACAGCAA_014,191
TGCATGAAGGACGACAGCAA_015,88
TGCATGAAGGACGACAGCAA_016,138
TGCATGAAGGACGACAGCAA_017,166
CCGATGCGTGAGTCCATGTG_001,60
CCGATGCGTGAGTCCATGTG_002,15
CCGATGCGTGAGTCCATGTG_003,172
CCGATGCGTGAGTCCATGTG_004,91
CCGATGCGTGAGTCCATGTG_005,132
CCGATGCGTGAGTCCATGTG_006,75
CCGATGCGTGAGTCCATGTG_007,61
CCGATGCGTGAGTCCATGTG_008,137
CCGATGCGTGAGTCCATGTG_009,144
CCGATGCGTGAGTCCATGTG_010,68
CCGATGCGTGAGTCCATGTG_011,114
CCGATGCGTGAGTCCATGTG_012,15
CCGATGCGTGAGTCCATGTG_013,146
CCGATGCGTGAGTCCATGTG_014,63
CCGATGCGTGAGTCCATGTG_015,142
CCGATGCGTGAGTCCATGTG_016,69
CCTGACGCGAAGGAGATGGA_001,27
CCTGACGCGAAGGAGATGGA_002,181
CCTGACGCGAAGGAGATGGA_003,147
TCAGTTATGTCTGGAAAACG_001,83
TCAGTTATGTCTGGAAAACG_002,127
GCCCAGACGCCCTAGAATAG_001,48
GCCCAGACGCCCTAGAATAG_002,150
GCCCAGACGCCCTAGAATAG_003,181
GCCCAGACGCCCTAGAATAG_004,162
GCCCAGACGCCCTAGAATAG_005,62
GCCCAGACGCCCTAGAATAG_006,42
GCCCAGACGCCCTAGAATAG_007,117
GCCCAGACGCCCTAGAATAG_008,48
GCCCAGACGCCCTAGAATAG_009,190
GCCCAGACGCCCTAGAATAG_010,1
TGCTTCAAATACTAGCGCCA_001,15
TGCTTCAAATACTAGCGCCA_002,4
TGCTTCAAATACTAGCGCCA_003,102
TGCTTCAAATACTAGCGCCA_004,45
TGCTTCAAATACTAGCGCCA_005,19
TGCTTCAAATACTAGCGCCA_006,68
TGCTTCAAATACTAGCGCCA_007,105
TAACAGTGCTCGATTAACCT_001,104
TAACAGTGCTCGATTAACCT_002,170
AAAAGCGTCTTATACAAATG_001,42
GAATCCCTGGAAATCGCCGA_001,169
GAATCCCTGGAAATCGCCGA_002,94
GAATCCCTGGAAATCGCCGA_003,35
GAATCCCTGGAAATCGCCGA_004,124
GAATCCCTGGAAATCGCCGA_005,20
AGTGGTGCGAGAGAATTGCT_001,178
AGTGGTGCGAGAGAATTGCT_002,193
AGTGGTGCGAGAGAATTGCT_003,1
AGTGGTGCGAGAGAATTGCT_004,78
CCAGCACTTAGTACCTAATG_001,135
CCAGCACTTAGTACCTAATG_002,185
CCAGCACTTAGTACCTAATG_003,37
CCAGCACTTAGTACCTAATG_004,78
CCAGCACTTAGTACCTAATG_005,130
CTGCCATTACTTACCAATGG_001,106
GGGTAGGCAAGCGAGTAGCG_001,31
GGGTAGGCAAGCGAGTAGCG_002,88
GGGTAGGCAAGCGAGTAGCG_003,82
GGGTAGGCAAGCGAGTAGCG_004,135
GGGTAGGCAAGCGAGTAGCG_005,88
GGGTAGGCAAGCGAGTAGCG_006,141
GGGTAGGCAAGCGAGTAGCG_007,61
GGGTAGGCAAGCGAGTAGCG_008,122
GGGTAGGCAAGCGAGTAGCG_009,57
GGGTAGGCAAGCGAGTAGCG_010,182
CCGACGGGCGAAGAAACGAC_001,70
GAGAAGATGGACATCACTGG_001,39
GAGAAGATGGACATCACTGG_002,46
GAGAAGATGGACATCACTGG_003,169
GAGAAGATGGACATCACTGG_004,48
GAGAAGATGGACATCACTGG_005,175
GAGAAGATGGACATCACTGG_006,13
GAGAAGATGGACATCACTGG_007,197
GTGGGTCAGAGGATCCGCCG_001,191
GTGGGTCAGAGGATCCGCCG_002,88
GTGGGTCAGAGGATCCGCCG_003,17
GTGGGTCAGAGGATCCGCCG_004,153
GTGGGTCAGAGGATCCGCCG_005,56
GTGGGTCAGAGGATCCGCCG_006,17
GTGGGTCAGAGGATCCGCCG_007,118
GTGGGTCAGAGGATCCGCCG_008,75
GTGGGTCAGAGGATCCGCCG_009,1
GTGGGTCAGAGGATCCGCCG_010,70
GTGGGTCAGAGGATCCGCCG_011,44
GTGGGTCAGAGGATCCGCCG_012,145
GTGGGTCAGAGGATCCGCCG_013,154
GTGGGTCAGAGGATCCGCCG_014,115
GTGGGTCAGAGGATCCGCCG_015,24
GTGGGTCAGAGGATCCGCCG_016,75
GTGGGTCAGAGGATCCGCCG_017,28
GTGGGTCAGAGGATCCGCCG_018,153
CAGCTTCTGTGGGGACGTCG_001,62
CAGCTTCTGTGGGGACGTCG_002,32
CAGCTTCTGTGGGGACGTCG_003,159
CAGCTTCTGTGGGGACGTCG_004,88
CAGCTTCTGTGGGGACGTCG_005,15
CAGCTTCTGTGGGGACGTCG_006,113
CAGCTTCTGTGGGGACGTCG_007,69
CAGCTTCTGTGGGGACGTCG_008,60
CAGCTTCTGTGGGGACGTCG_009,78
CAGCTTCTGTGGGGACGTCG_010,80
CAGCTTCTGTGGGGACGTCG_011,76
CAGCTTCTGTGGGGACGTCG_012,43
CAGCTTCTGTGGGGACGTCG_013,88
CAGCTTCTGTGGGGACGTCG_014,48
CAGCTTCTGTGGGGACGTCG_015,62
TGCTCGCTGGACGTGCTACG_001,0
TGCTCGCTGGACGTGCTACG_002,33
TGCTCGCTGGACGTGCTACG_003,33
TGCTCGCTGGACGTGCTACG_004,129
TGCTCGCTGGACGTGCTACG_005,49
TGCTCGCTGGACGTGCTACG_006,176
TGCTCGCTGGACGTGCTACG_007,41
TGCTCGCTGGACGTGCTACG_008,50
TGCTCGCTGGACGTGCTACG_009,62
TGCTCGCTGGACGTGCTACG_010,182
TGCTCGCTGGACGTGCTACG_011,29
TGCTCGCTGGACGTGCTACG_012,183
TGCTCGCTGGACGTGCTACG_013,140
TGCTCGCTGGACGTGCTACG_014,119
TGCTCGCTGGACGTGCTACG_015,18
TGCTCGCTGGACGTGCTACG_016,49
TGCTCGCTGGACGTGCTACG_017,31
TGCTCGCTGGACGTGCTACG_018,144
GGAAAAACTACCAAGACTCG_001,68
GGAAAAACTACCAAGACTCG_002,147
GGAAAAACTACCAAGACTCG_003,119
GGAAAAACTACCAAGACTCG_004,1
GGAAAAACTACCAAGACTCG_005,13
GGAAAAACTACCAAGACTCG_006,147
GGAAAAACTACCAAGACTCG_007,52
GGAAAAACTACCAAGACTCG_008,104
GGAAAAACTACCAAGACTCG_009,78
TCAGTCGCCTGGGTACAAGA_001,4
TCAGTCGCCTGGGTACAAGA_002,104
TCAGTCGCCTGGGTACAAGA_003,130
TCAGTCGCCTGGGTACAAGA_004,147
TCAGTCGCCTGGGTACAAGA_005,94
TCAGTCGCCTGGGTACAAGA_006,2
TCAGTCGCCTGGGTACAAGA_007,76
TCAGTCGCCTGGGTACAAGA_008,16
TCAGTCGCCTGGGTACAAGA_009,141
TCAGTCGCCTGGGTACAAGA_010,83
TCAGTCGCCTGGGTACAAGA_011,23
TCAGTCGCCTGGGTACAAGA_012,32
TCAGTCGCCTGGGTACAAGA_013,48
TCAGTCGCCTGGGTACAAGA_014,17
TCAGTCGCCTGGGTACAAGA_015,161
TCAGTCGCCTGGGTACAAGA_016,2
AGAATCTGGACTATTAGCGA_001,25
AGAATCTGGACTATTAGCGA_002,134
AGAATCTGGACTATTAGCGA_003,49
AGAATCTGGACTATTAGCGA_004,127
AGAATCTGGACTATTAGCGA_005,199
AGAATCTGGACTATTAGCGA_006,2
AGAATCTGGACTATTAGCGA_007,150
AGAATCTGGACTATTAGCGA_008,104
AGAATCTGGACTATTAGCGA_009,174
AGAATCTGGACTATTAGCGA_010,174
AGAATCTGGACTATTAGCGA_011,57
TGGAGACACCAGTCCAGCTG_001,145
TGGAGACACCAGTCCAGCTG_002,183
TGGAGACACCAGTCCAGCTG_003,159
TGGAGACACCAGTCCAGCTG_004,147
TGGAGACACCAGTCCAGCTG_005,186
TGGAGACACCAGTCCAGCTG_006,170
TGGAGACACCAGTCCAGCTG_007,39
TGGAGACACCAGTCCAGCTG_008,128
TGGAGACACCAGTCCAGCTG_009,1
TGGAGACACCAGTCCAGCTG_010,48
TGGAGACACCAGTCCAGCTG_011,1
TGGAGACACCAGTCCAGCTG_012,94
GGGAAATAAAGCTACCACAA_001,147
GGGAAATAAAGCTACCACAA_002,21
TATGACTGTATTCTTATACC_001,34
TCTGGGTGTTATTACTACAT_001,169
TCTGGGTGTTATTACTACAT_002,181
TCTGGGTGTTATTACTACAT_003,66
TCTGGGTGTTATTACTACAT_004,44
TCTGGGTGTTATTACTACAT_005,72
TATAGAGGTCAGATTCATCC_001,168
TATAGAGGTCAGATTCATCC_002,106
TATATGTCAGACCCAGCTTG_001,12
TATATGTCAGACCCAGCTTG_002,174
TATATGTCAGACCCAGCTTG_003,115
TATATGTCAGACCCAGCTTG_004,142
TATATGTCAGACCCAGCTTG_005,1
TATATGTCAGACCCAGCTTG_006,64
TATATGTCAGACCCAGCTTG_007,104
TATATGTCAGACCCAGCTTG_008,49
TATATGTCAGACCCAGCTTG_009,70
TATATGTCAGACCCAGCTTG_010,115
ATGCCATGAACCTTGAGCCG_001,141
ATGCCATGAACCTTGAGCCG_002,17
ATGCCATGAACCTTGAGCCG_003,145
ATGCCATGAACCTTGAGCCG_004,134
ATGCCATGAACCTTGAGCCG_005,192
ATGCCATGAACCTTGAGCCG_006,150
ATGCCATGAACCTTGAGCCG_007,138
ATGCCATGAACCTTGAGCCG_008,118
AAATGTGTGAAACCTAATGT_001,161
AAATGTGTGAAACCTAATGT_002,175
CACCTTGCTACCATCTACCC_001,5
CACCTTGCTACCATCTACCC_002,104
GGGGGTAGAAGCGAACCAGT_001,170
GGGGGTAGAAGCGAACCAGT_002,15
GGGGGTAGAAGCGAACCAGT_003,63
GGGGGTAGAAGCGAACCAGT_004,175
GGGGGTAGAAGCGAACCAGT_005,104
GGGGGTAGAAGCGAACCAGT_006,115
GGGGGTAGAAGCGAACCAGT_007,121
GGGGGTAGAAGCGAACCAGT_008,128
CCGATCGTACCCATAGCGGG_001,188
CCGATCGTACCCATAGCGGG_002,48
CCGATCGTACCCATAGCGGG_003,48
CCGATCGTACCCATAGCGGG_004,191
CCGATCGTACCCATAGCGGG_005,189
CCGATCGTACCCATAGCGGG_006,154
CCGATCGTACCCATAGCGGG_007,83
CCGATCGTACCCATAGCGGG_008,50
CCGATCGTACCCATAGCGGG_009,166
CCGATCGTACCCATAGCGGG_010,35
GATATTACCACTAGTCTCCG_001,190
GATATTACCACTAGTCTCCG_002,145
GATATTACCACTAGTCTCCG_003,44
GATATTACCACTAGTCTCCG_004,6
GGATAATACACAATTCCCCA_001,161
GGATAATACACAATTCCCCA_002,69
GCTCGTGAAGGATCGCCTCG_001,196
GCTCGTGAAGGATCGCCTCG_002,169
GCTCGTGAAGGATCGCCTCG_003,194
GCTCGTGAAGGATCGCCTCG_004,37
GCTCGTGAAGGATCGCCTCG_005,121
GCTCGTGAAGGATCGCCTCG_006,140
GCTCGTGAAGGATCGCCTCG_007,134
GCTCGTGAAGGATCGCCTCG_008,45
GCTCGTGAAGGATCGCCTCG_009,173
GCTCGTGAAGGATCGCCTCG_010,88
GCTCGTGAAGGATCGCCTCG_011,48
GCTCGTGAAGGATCGCCTCG_012,4
GCTCGTGAAGGATCGCCTCG_013,45
GCTCGTGAAGGATCGCCTCG_014,72
GCTCGTGAAGGATCGCCTCG_015,18
GCTCGTGAAGGATCGCCTCG_016,111
GCTCGTGAAGGATCGCCTCG_017,106
GCTCGTGAAGGATCGCCTCG_018,34
GCTCGTGAAGGATCGCCTCG_019,34
ATTGTGACTACTCAGTAGAC_001,83
ATTGTGACTACTCAGTAGAC_002,11
ATTGTGACTACTCAGTAGAC_003,196
ATTGTGACTACTCAGTAGAC_004,23
ATTGTGACTACTCAGTAGAC_005,0
CCTGCTGCTGCTGCTCTCCG_001,147
CCTGCTGCTGCTGCTCTCCG_002,3
CCTGCTGCTGCTGCTCTCCG_003,196
CCTGCTGCTGCTGCTCTCCG_004,102
CCTGCTGCTGCTGCTCTCCG_005,121
CCTGCTGCTGCTGCTCTCCG_006,115
CCTGCTGCTGCTGCTCTCCG_007,94
CCTGCTGCTGCTGCTCTCCG_008,62
CCTGCTGCTGCTGCTCTCCG_009,1
CCTGCTGCTGCTGCTCTCCG_010,90
CCTGCTGCTGCTGCTCTCCG_011,94
GATGTGAAAATAGATGACGC_001,106
GATGTGAAAATAGATGACGC_002,4
GATGTGAAAATAGATGACGC_003,15
GATGTGAAAATAGATGACGC_004,162
GATGTGAAAATAGATGACGC_005,161
GATGTGAAAATAGATGACGC_006,66
GATGTGAAAATAGATGACGC_007,105
GATGTGAAAATAGATGACGC_008,126
GATGTGAAAATAGATGACGC_009,73
GATGTGAAAATAGATGACGC_010,148
GATGTGAAAATAGATGACGC_011,28
TGACGCCTGCCACAAACTAA_001,9
TGACGCCTGCCACAAACTAA_002,144
TGACGCCTGCCACAAACTAA_003,43
TGACGCCTGCCACAAACTAA_004,152
TGACGCCTGCCACAAACTAA_005,176
TGACGCCTGCCACAAACTAA_006,169
TGACGCCTGCCACAAACTAA_007,175
TGACGCCTGCCACAAACTAA_008,181
TGCCATCTTATACACAGCCT_001,78
TGCCATCTTATACACAGCCT_002,94
TGCCATCTTATACACAGCCT_003,183
TGCCATCTTATACACAGCCT_004,100
TGCCATCTTATACACAGCCT_005,66
TGCCATCTTATACACAGCCT_006,41
TGCCATCTTATACACAGCCT_007,146
TGCCATCTTATACACAGCCT_008,184
CAAGCTGTTATGTTGCCTGA_001,138
CAAGCTGTTATGTTGCCTGA_002,138
CACAGGCTCTTCGACTACCG_001,107
CACAGGCTCTTCGACTACCG_002,60
CACAGGCTCTTCGACTACCG_003,102
CACAGGCTCTTCGACTACCG_004,15
CACAGGCTCTTCGACTACCG_005,95
CACAGGCTCTTCGACTACCG_006,169
CACAGGCTCTTCGACTACCG_007,52
GGCAGCTACCATGAGTGAAG_001,66
GGCAGCTACCATGAGTGAAG_002,0
GGCAGCTACCATGAGTGAAG_003,69
GGCAGCTACCATGAGTGAAG_004,175
TGGAAGCCTTATATTGTGCA_001,133
TGGAAGCCTTATATTGTGCA_002,2
TGGAAGCCTTATATTGTGCA_003,96
TGTGAGGACTCCATAATGTG_001,63
TGTGAGGACTCCATAATGTG_002,192
TGTGAGGACTCCATAATGTG_003,115
TGTGAGGACTCCATAATGTG_004,49
TGTGAGGACTCCATAATGTG_005,162
TGTGAGGACTCCATAATGTG_006,68
TGTGAGGACTCCATAATGTG_007,127
CGTGCAGAACCCGAACAGCG_001,188
CGTGCAGAACCCGAACAGCG_002,127
CGTGCAGAACCCGAACAGCG_003,45
CGTGCAGAACCCGAACAGCG_004,9
CGTGCAGAACCCGAACAGCG_005,105
CGTGCAGAACCCGAACAGCG_006,149
CGTGCAGAACCCGAACAGCG_007,49
CGTGCAGAACCCGAACAGCG_008,27
CGTGCAGAACCCGAACAGCG_009,182
CGTGCAGAACCCGAACAGCG_010,22
CGTGCAGAACCCGAACAGCG_011,51
CGTGCAGAACCCGAACAGCG_012,155
CGTGCAGAACCCGAACAGCG_013,103
CGTGCAGAACCCGAACAGCG_014,45
CGTGCAGAACCCGAACAGCG_015,135
CGTGCAGAACCCGAACAGCG_016,37
CGTGCAGAACCCGAACAGCG_017,46
CGTGCAGAACCCGAACAGCG_018,81
CGTGCAGAACCCGAACAGCG_019,170
CGTGCAGAACCCGAACAGCG_020,116
GACATGATGGTAGACACCTG_001,52
GACATGATGGTAGACACCTG_002,102
GACATGATGGTAGACACCTG_003,6
GACATGATGGTAGACACCTG_004,169
GACATGATGGTAGACACCTG_005,43
GACATGATGGTAGACACCTG_006,112
GACATGATGGTAGACACCTG_007,156
GACATGATGGTAGACACCTG_008,170
GACATGATGGTAGACACCTG_009,197
GCAGACTACCTGTATGAAAG_001,106
GCAGACTACCTGTATGAAAG_002,16
GCAGACTACCTGTATGAAAG_003,117
TGACCCAGGTAAATCACAAG_001,117
TGACCCAGGTAAATCACAAG_002,96
TGACCCAGGTAAATCACAAG_003,115
TGACCCAGGTAAATCACAAG_004,183
TGACCCAGGTAAATCACAAG_005,145
TGACCCAGGTAAATCACAAG_006,13
GAGTCCGCACCAATAGGTAG_001,172
GAGTCCGCACCAATAGGTAG_002,171
GAGTCCGCACCAATAGGTAG_003,80
GAGTCCGCACCAATAGGTAG_004,68
GAGTCCGCACCAATAGGTAG_005,46
GAGTCCGCACCAATAGGTAG_006,40
GAGTCCGCACCAATAGGTAG_007,60
GAGTCCGCACCAATAGGTAG_008,88
GAGTCCGCACCAATAGGTAG_009,160
GAGTCCGCACCAATAGGTAG_010,99
GAGTCCGCACCAATAGGTAG_011,197
GAGTCCGCACCAATAGGTAG_012,1
GCTGACAACGATGGACGTTG_001,4
AGATAAATGATACACACACA_001,106
AGATAAATGATACACACACA_002,19
GAGATCAGGTGTAATCCGAG_001,54
GAGATCAGGTGTAATCCGAG_002,118
GAGATCAGGTGTAATCCGAG_003,45
GAGATCAGGTGTAATCCGAG_004,116
GAGATCAGGTGTAATCCGAG_005,187
GAGATCAGGTGTAATCCGAG_006,11
GAGATCAGGTGTAATCCGAG_007,19
GAGATCAGGTGTAATCCGAG_008,134
GAGATCAGGTGTAATCCGAG_009,176
GAGATCAGGTGTAATCCGAG_010,41
GAGATCAGGTGTAATCCGAG_011,35
GAGATCAGGTGTAATCCGAG_012,153
CCATGGTCCGATACCGCGTG_001,9
CCATGGTCCGATACCGCGTG_002,81
CCATGGTCCGATACCGCGTG_003,170
CCATGGTCCGATACCGCGTG_004,45
CCATGGTCCGATACCGCGTG_005,41
CCATGGTCCGATACCGCGTG_006,177
CCATGGTCCGATACCGCGTG_007,106
CCATGGTCCGATACCGCGTG_008,9
CCATGGTCCGATACCGCGTG_009,83
CCATGGTCCGATACCGCGTG_010,22
CCATGGTCCGATACCGCGTG_011,88
CCATGGTCCGATACCGCGTG_012,57
CCATGGTCCGATACCGCGTG_013,121
CCATGGTCCGATACCGCGTG_014,23
CCATGGTCCGATACCGCGTG_015,40
CCATGGTCCGATACCGCGTG_016,10
CCATGGTCCGATACCGCGTG_017,191
GCCCTGTTACAAGTGGATAG_001,118
GCCCTGTTACAAGTGGATAG_002,89
GCCCTGTTACAAGTGGATAG_003,187
GCCCTGTTACAAGTGGATAG_004,69
GCCCTGTTACAAGTGGATAG_005,172
GCCCTGTTACAAGTGGATAG_006,6
GCCCTGTTACAAGTGGATAG_007,6
GCCCTGTTACAAGTGGATAG_008,77
GCCCTGTTACAAGTGGATAG_009,163
GCCCTGTTACAAGTGGATAG_010,140
AACTGCAGGATCAATAGTGC_001,88
AACTGCAGGATCAATAGTGC_002,150
AACTGCAGGATCAATAGTGC_003,46
AACTGCAGGATCAATAGTGC_004,94
AACTGCAGGATCAATAGTGC_005,62
AACTGCAGGATCAATAGTGC_006,10
AACTGCAGGATCAATAGTGC_007,37
AACTGCAGGATCAATAGTGC_008,46
AACTGCAGGATCAATAGTGC_009,19
ACTTGAAAAAGGGTCTTGAC_001,76
ACTTGAAAAAGGGTCTTGAC_002,53
ACTTGAAAAAGGGTCTTGAC_003,12
ACTTGAAAAAGGGTCTTGAC_004,185
ACTTGAAAAAGGGTCTTGAC_005,118
ACTTGAAAAAGGGTCTTGAC_006,153
ACTTGAAAAAGGGTCTTGAC_007,47
CTTCGTAGGGCTTGTCACCA_001,42
CTTCGTAGGGCTTGTCACCA_002,147
CTTCGTAGGGCTTGTCACCA_003,191
CTTCGTAGGGCTTGTCACCA_004,42
CTTCGTAGGGCTTGTCACCA_005,12
CTTCGTAGGGCTTGTCACCA_006,105
CTTCGTAGGGCTTGTCACCA_007,141
CTTCGTAGGGCTTGTCACCA_008,33
CTTCGTAGGGCTTGTCACCA_009,30
CTTCGTAGGGCTTGTCACCA_010,141
CTTCGTAGGGCTTGTCACCA_011,56
CTTCGTAGGGCTTGTCACCA_012,161
CTTCGTAGGGCTTGTCACCA_013,177
CTTCGTAGGGCTTGTCACCA_014,161
CTTCGTAGGGCTTGTCACCA_015,6
CTTCGTAGGGCTTGTCACCA_016,13
CTTCGTAGGGCTTGTCACCA_017,42
CTTCGTAGGGCTTGTCACCA_018,41
CTTCGTAGGGCTTGTCACCA_019,54
CTTCGTAGGGCTTGTCACCA_020,147
CTTCGTAGGGCTTGTCACCA_021,198
CTTCGTAGGGCTTGTCACCA_022,56
CTTCGTAGGGCTTGTCACCA_023,88
CTTCGTAGGGCTTGTCACCA_024,40
CTTCGTAGGGCTTGTCACCA_025,63
CTTCGTAGGGCTTGTCACCA_026,168
CTTCGTAGGGCTTGTCACCA_027,6
CTTCGTAGGGCTTGTCACCA_028,47
CTTCGTAGGGCTTGTCACCA_029,60
CAGCGACCCCTGGAAACTCT_001,154
CAGCGACCCCTGGAAACTCT_002,22
CAGCGACCCCTGGAAACTCT_003,123
CAGCGACCCCTGGAAACTCT_004,9
CAGCGACCCCTGGAAACTCT_005,26
CAGCGACCCCTGGAAACTCT_006,138
CAGCGACCCCTGGAAACTCT_007,18
CAGCGACCCCTGGAAACTCT_008,46
CAGCGACCCCTGGAAACTCT_009,123
GGAGCTCTTCGACCCACCCA_001,160
GGAGCTCTTCGACCCACCCA_002,146
GGAGCTCTTCGACCCACCCA_003,27
GGAGCTCTTCGACCCACCCA_004,29
GGAGCTCTTCGACCCACCCA_005,51
GGAGCTCTTCGACCCACCCA_006,58
GGAGCTCTTCGACCCACCCA_007,25
GGAGCTCTTCGACCCACCCA_008,63
GGAGCTCTTCGACCCACCCA_009,13
GGAGCTCTTCGACCCACCCA_010,118
GGAGCTCTTCGACCCACCCA_011,170
GGAGCTCTTCGACCCACCCA_012,103
GGAGCTCTTCGACCCACCCA_013,190
GGAGCTCTTCGACCCACCCA_014,185
GGAGCTCTTCGACCCACCCA_015,177
GGAGCTCTTCGACCCACCCA_016,192
GGAGCTCTTCGACCCACCCA_017,47
AGGGATCGTGATGGGAGACC_001,95
AGTCCACCGTCGTGTTCACG_001,73
AGTCCACCGTCGTGTTCACG_002,135
AGTCCACCGTCGTGTTCACG_003,84
AGTCCACCGTCGTGTTCACG_004,64
AGTCCACCGTCGTGTTCACG_005,125
AGTCCACCGTCGTGTTCACG_006,134
AGTCCACCGTCGTGTTCACG_007,162
AGTCCACCGTCGTGTTCACG_008,137
AGTCCACCGTCGTGTTCACG_009,192
AGTCCACCGTCGTGTTCACG_010,191
AGTCCACCGTCGTGTTCACG_011,199
AGTCCACCGTCGTGTTCACG_012,145
AGTCCACCGTCGTGTTCACG_013,77
AGTCCACCGTCGTGTTCACG_014,102
AGTCCACCGTCGTGTTCACG_015,77
AGTCCACCGTCGTGTTCACG_016,60
AGTCCACCGTCGTGTTCACG_017,180
AGTCCACCGTCGTGTTCACG_018,35
AGTCCACCGTCGTGTTCACG_019,94
GCTGATCAGGAACACGTGCG_001,102
GCTGATCAGGAACACGTGCG_002,3
GCTGATCAGGAACACGTGCG_003,190
GCTGATCAGGAACACGTGCG_004,193
GCTGATCAGGAACACGTGCG_005,70
GCTGATCAGGAACACGTGCG_006,160
GCTGATCAGGAACACGTGCG_007,55
GCTGATCAGGAACACGTGCG_008,63
GCTGATCAGGAACACGTGCG_009,149
GCTGATCAGGAACACGTGCG_010,47
GCTGATCAGGAACACGTGCG_011,8
GCTGATCAGGAACACGTGCG_012,68
GCTGATCAGGAACACGTGCG_013,87
GCTGATCAGGAACACGTGCG_014,183
GCTGATCAGGAACACGTGCG_015,185
GCTGATCAGGAACACGTGCG_016,163
GCTGATCAGGAACACGTGCG_017,150
GCTGATCAGGAACACGTGCG_018,105
GCTGATCAGGAACACGTGCG_019,27
GCTGATCAGGAACACGTGCG_020,34
GCTGATCAGGAACACGTGCG_021,111
GCTGATCAGGAACACGTGCG_022,80
GCTGATCAGGAACACGTGCG_023,177
GCTGATCAGGAACACGTGCG_024,67
GCTGATCAGGAACACGTGCG_025,105
GCTGATCAGGAACACGTGCG_026,41
GCTGATCAGGAACACGTGCG_027,180
GCTGATCAGGAACACGTGCG_028,141
GCTGATCAGGAACACGTGCG_029,2
GCCAACAAAAGTCCAATCAA_001,149
GCCAACAAAAGTCCAATCAA_002,149
GCCAACAAAAGTCCAATCAA_003,149
GCCAACAAAAGTCCAATCAA_004,175
GCCAACAAAAGTCCAATCAA_005,47
GCCAACAAAAGTCCAATCAA_006,36
GCCAACAAAAGTCCAATCAA_007,47
GCCAACAAAAGTCCAATCAA_008,85
GCCAACAAAAGTCCAATCAA_009,92
GCCAACAAAAGTCCAATCAA_010,10
GCCAACAAAAGTCCAATCAA_011,83
GCCAACAAAAGTCCAATCAA_012,137
GCCAACAAAAGTCCAATCAA_013,136
GCCAACAAAAGTCCAATCAA_014,170
AGGAATTCACCAATGAGACA_001,108
AGGAATTCACCAATGAGACA_002,12
AGGAATTCACCAATGAGACA_003,33
AGGAATTCACCAATGAGACA_004,58
AGGAATTCACCAATGAGACA_005,165
GCCCAGCTTGATGTCGACCG_001,20
GCCCAGCTTGATGTCGACCG_002,124
GCCCAGCTTGATGTCGACCG_003,16
TTCGTAGGCACATGAATGGG_001,94
TTCGTAGGCACATGAATGGG_002,75
TTCGTAGGCACATGAATGGG_003,17
TTCGTAGGCACATGAATGGG_004,101
TTCGTAGGCACATGAATGGG_005,83
TTCGTAGGCACATGAATGGG_006,57
TTCGTAGGCACATGAATGGG_007,113
TTCGTAGGCACATGAATGGG_008,175
TTCGTAGGCACATGAATGGG_009,152
TTCGTAGGCACATGAATGGG_010,184
TTCGTAGGCACATGAATGGG_011,155
TTCGTAGGCACATGAATGGG_012,174
TTCGTAGGCACATGAATGGG_013,137
CCCGGCCATTTCGTCTACAC_001,122
CCCGGCCATTTCGTCTACAC_002,6
CCCGGCCATTTCGTCTACAC_003,36
CCCGGCCATTTCGTCTACAC_004,158
CCCGGCCATTTCGTCTACAC_005,169
CCCGGCCATTTCGTCTACAC_006,1
CCCGGCCATTTCGTCTACAC_007,176
CCCGGCCATTTCGTCTACAC_008,101
CCCGGCCATTTCGTCTACAC_009,155
CCCGGCCATTTCGTCTACAC_010,96
CCCGGCCATTTCGTCTACAC_011,105
CCCGGCCATTTCGTCTACAC_012,70
CCCGGCCATTTCGTCTACAC_013,150
CCCGGCCATTTCGTCTACAC_014,151
CCCGGCCATTTCGTCTACAC_015,1
CCCGGCCATTTCGTCTACAC_016,158
CCCGGCCATTTCGTCTACAC_017,30
CCCGGCCATTTCGTCTACAC_018,170
CCCGGCCATTTCGTCTACAC_019,149
CCCGGCCATTTCGTCTACAC_020,150
CCCGGCCATTTCGTCTACAC_021,29
CCCGGCCATTTCGTCTACAC_022,48
CCCGGCCATTTCGTCTACAC_023,147
CCCTACAGCGATCTCAGCAA_001,76
CCCTACAGCGATCTCAGCAA_002,176
CCCTACAGCGATCTCAGCAA_003,58
GGAGAAGACGAATGTCGGGG_001,177
GGAGAAGACGAATGTCGGGG_002,137
GGAGAAGACGAATGTCGGGG_003,156
GGAGAAGACGAATGTCGGGG_004,124
AGTTATCTATCCGTGCCCTG_001,174
AGTTATCTATCCGTGCCCTG_002,36
GGTGCTACTAGAAGAAGGCG_001,186
GGTGCTACTAGAAGAAGGCG_002,158
GGTGCTACTAGAAGAAGGCG_003,176
GGTGCTACTAGAAGAAGGCG_004,12
GGTGCTACTAGAAGAAGGCG_005,42
GGTGCTACTAGAAGAAGGCG_006,56
GGTGCTACTAGAAGAAGGCG_007,58
ATCCTTCTAGAAACATACGA_001,120
TGGGATCAGACTTAGAGCAC_001,52
TGGGATCAGACTTAGAGCAC_002,194
TGGGATCAGACTTAGAGCAC_003,103
TGGGATCAGACTTAGAGCAC_004,177
TGGGATCAGACTTAGAGCAC_005,125
TGGGATCAGACTTAGAGCAC_006,8
TGGGATCAGACTTAGAGCAC_007,146
TGGGATCAGACTTAGAGCAC_008,12
TGGGATCAGACTTAGAGCAC_009,5
TGGGATCAGACTTAGAGCAC_010,40
TGGGATCAGACTTAGAGCAC_011,88
TGGGATCAGACTTAGAGCAC_012,10
TGGGATCAGACTTAGAGCAC_013,136
TGGGATCAGACTTAGAGCAC_014,44
TGGGATCAGACTTAGAGCAC_015,35
TGGGATCAGACTTAGAGCAC_016,58
ACCATTAGCCTCGTCCGCCG_001,78
ACCATTAGCCTCGTCCGCCG_002,141
ACCATTAGCCTCGTCCGCCG_003,150
ACCATTAGCCTCGTCCGCCG_004,143
ACCATTAGCCTCGTCCGCCG_005,29
ACCATTAGCCTCGTCCGCCG_006,105
ACCATTAGCCTCGTCCGCCG_007,178
ACCATTAGCCTCGTCCGCCG_008,98
ACCATTAGCCTCGTCCGCCG_009,61
ACCATTAGCCTCGTCCGCCG_010,40
ACCATTAGCCTCGTCCGCCG_011,85
ACCATTAGCCTCGTCCGCCG_012,50
ACCATTAGCCTCGTCCGCCG_013,19
ACCATTAGCCTCGTCCGCCG_014,33
ACCATTAGCCTCGTCCGCCG_015,13
ACCATTAGCCTCGTCCGCCG_016,1
ACCATTAGCCTCGTCCGCCG_017,76
ACCATTAGCCTCGTCCGCCG_018,198
ACCATTAGCCTCGTCCGCCG_019,144
ACCATTAGCCTCGTCCGCCG_020,198
ACCATTAGCCTCGTCCGCCG_021,129
ACCATTAGCCTCGTCCGCCG_022,15
ACCATTAGCCTCGTCCGCCG_023,34
ACCATTAGCCTCGTCCGCCG_024,130
ACCATTAGCCTCGTCCGCCG_025,130
ACCATTAGCCTCGTCCGCCG_026,151
ACCATTAGCCTCGTCCGCCG_027,112
ACCATTAGCCTCGTCCGCCG_028,27
ACCATTAGCCTCGTCCGCCG_029,29
ACCATTAGCCTCGTCCGCCG_030,77
AAAACGTGAAACTTACACAG_001,24
AAAACGTGAAACTTACACAG_002,17
AAAACGTGAAACTTACACAG_003,144
AAAACGTGAAACTTACACAG_004,42
AAAACGTGAAACTTACACAG_005,162
AAAACGTGAAACTTACACAG_006,42
AAAACGTGAAACTTACACAG_007,42
AAAACGTGAAACTTACACAG_008,15
AAAACGTGAAACTTACACAG_009,132
AAAACGTGAAACTTACACAG_010,196
AAAACGTGAAACTTACACAG_011,76
AAAACGTGAAACTTACACAG_012,119
AAAACGTGAAACTTACACAG_013,196
AAAACGTGAAACTTACACAG_014,193
AAAACGTGAAACTTACACAG_015,29
AAAACGTGAAACTTACACAG_016,22
AAAACGTGAAACTTACACAG_017,71
ATGCCTTGGCAACACAAAAG_001,146
ATGCCTTGGCAACACAAAAG_002,65
ATGCCTTGGCAACACAAAAG_003,144
ATGCCTTGGCAACACAAAAG_004,85
ATGCCTTGGCAACACAAAAG_005,43
ATGCCTTGGCAACACAAAAG_006,166
ATGCCTTGGCAACACAAAAG_007,65
ATGCCTTGGCAACACAAAAG_008,38
ATGCCTTGGCAACACAAAAG_009,9
ATGCCTTGGCAACACAAAAG_010,145
ATGCCTTGGCAACACAAAAG_011,175
ATGCCTTGGCAACACAAAAG_012,79
ATGCCTTGGCAACACAAAAG_013,99
AAATGATTTCCAAATGTCGA_001,10
AAATGATTTCCAAATGTCGA_002,185
AAATGATTTCCAAATGTCGA_003,113
TGTTGTTCAACAAAACCGCG_001,154
TGTTGTTCAACAAAACCGCG_002,171
TGTTGTTCAACAAAACCGCG_003,199
TGTTGTTCAACAAAACCGCG_004,139
TGTTGTTCAACAAAACCGCG_005,122
TGTTGTTCAACAAAACCGCG_006,41
TGTTGTTCAACAAAACCGCG_007,41
TGTTGTTCAACAAAACCGCG_008,17
TGTTGTTCAACAAAACCGCG_009,159
TGTTGTTCAACAAAACCGCG_010,65
TGTTGTTCAACAAAACCGCG_011,116
TGTTGTTCAACAAAACCGCG_012,35
TGTTGTTCAACAAAACCGCG_013,84
AAGTAATTGACTCAAACCTG_001,159
AAGTAATTGACTCAAACCTG_002,14
AAGTAATTGACTCAAACCTG_003,127
AAGTAATTGACTCAAACCTG_004,29
AAGTAATTGACTCAAACCTG_005,156
AAGTAATTGACTCAAACCTG_006,13
AAGTAATTGACTCAAACCTG_007,130
AAGTAATTGACTCAAACCTG_008,127
AAGTAATTGACTCAAACCTG_009,82
AAGTAATTGACTCAAACCTG_010,126
AAGTAATTGACTCAAACCTG_011,32
AAGTAATTGACTCAAACCTG_012,166
TGGCGGTGTAATGTAAGGGG_001,53
TGGCGGTGTAATGTAAGGGG_002,169
TGGCGGTGTAATGTAAGGGG_003,112
TGGCGGTGTAATGTAAGGGG_004,44
TGGCGGTGTAATGTAAGGGG_005,174
TGGCGGTGTAATGTAAGGGG_006,145
TGGCGGTGTAATGTAAGGGG_007,13
TGGCGGTGTAATGTAAGGGG_008,123
ATAACAGCAAAGTACCACCT_001,18
ATAACAGCAAAGTACCACCT_002,139
ATAACAGCAAAGTACCACCT_003,65
ATAACAGCAAAGTACCACCT_004,12
ATAACAGCAAAGTACCACCT_005,80
ATAACAGCAAAGTACCACCT_006,135
ATAACAGCAAAGTACCACCT_007,197
ATAACAGCAAAGTACCACCT_008,119
ATAACAGCAAAGTACCACCT_009,88
ATAACAGCAAAGTACCACCT_010,146
ATAACAGCAAAGTACCACCT_011,145
ATAACAGCAAAGTACCACCT_012,107
ATAACAGCAAAGTACCACCT_013,29
ATAACAGCAAAGTACCACCT_014,41
ATAACAGCAAAGTACCACCT_015,96
ATAACAGCAAAGTACCACCT_016,116
ACCGGAGCAGCTTGAAACCG_001,73
ACCGGAGCAGCTTGAAACCG_002,1
ACCGGAGCAGCTTGAAACCG_003,23
ACCGGAGCAGCTTGAAACCG_004,32
ACCGGAGCAGCTTGAAACCG_005,103
ACCGGAGCAGCTTGAAACCG_006,103
ACCGGAGCAGCTTGAAACCG_007,32
ACCGGAGCAGCTTGAAACCG_008,163
ACCGGAGCAGCTTGAAACCG_009,15
ACCGGAGCAGCTTGAAACCG_010,45
ATAAGAACTTTGCTGCCAGT_001,41
ATAAGAACTTTGCTGCCAGT_002,12
ATAAGAACTTTGCTGCCAGT_003,67
ATAAGAACTTTGCTGCCAGT_004,181
ATAAGAACTTTGCTGCCAGT_005,78
ATAAGAACTTTGCTGCCAGT_006,184
ATAAGAACTTTGCTGCCAGT_007,58
ATAAGAACTTTGCTGCCAGT_008,199
ATAAGAACTTTGCTGCCAGT_009,5
ATAAGAACTTTGCTGCCAGT_010,136
ATAAGAACTTTGCTGCCAGT_011,198
ATAAGAACTTTGCTGCCAGT_012,17
ATAAGAACTTTGCTGCCAGT_013,114
ACAGGCTTGCAGCAGCAAAT_001,149
ACAGGCTTGCAGCAGCAAAT_002,155
ACAGGCTTGCAGCAGCAAAT_003,151
ACAGGCTTGCAGCAGCAAAT_004,50
ACAGGCTTGCAGCAGCAAAT_005,80
ACCCCGGTCACATATACACG_001,194
ACCCCGGTCACATATACACG_002,48
ACCCCGGTCACATATACACG_003,9
ACCCCGGTCACATATACACG_004,170
ATCTCTGACTACTTCCCCCG_001,155
ATCTCTGACTACTTCCCCCG_002,124
ATCTCTGACTACTTCCCCCG_003,52
ATCTCTGACTACTTCCCCCG_004,163
ATCTCTGACTACTTCCCCCG_005,29
ATCTCTGACTACTTCCCCCG_006,1
ATCTCTGACTACTTCCCCCG_007,112
ATCTCTGACTACTTCCCCCG_008,104
ATCTCTGACTACTTCCCCCG_009,151
CCCCAAATAATGGGCTACTG_001,147
CCCCAAATAATGGGCTACTG_002,49
CCCCAAATAATGGGCTACTG_003,116
CCCCAAATAATGGGCTACTG_004,42
CCCCAAATAATGGGCTACTG_005,71
CCCCAAATAATGGGCTACTG_006,50
CCCCAAATAATGGGCTACTG_007,34
CCCCAAATAATGGGCTACTG_008,62
CCCCAAATAATGGGCTACTG_009,101
TGAGCAAGAAGACACAGACG_001,124
TGAGCAAGAAGACACAGACG_002,149
TGAGCAAGAAGACACAGACG_003,94
TGAGCAAGAAGACACAGACG_004,128
TGAGCAAGAAGACACAGACG_005,178
TGAGCAAGAAGACACAGACG_006,161
TGAGCAAGAAGACACAGACG_007,119
TGAGCAAGAAGACACAGACG_008,41
TGAGCAAGAAGACACAGACG_009,60
TGAGCAAGAAGACACAGACG_010,182
TGAGCAAGAAGACACAGACG_011,40
TGAGCAAGAAGACACAGACG_012,136
GCTTATGGTTGCTGGCATGG_001,149
GCTTATGGTTGCTGGCATGG_002,44
GCTTATGGTTGCTGGCATGG_003,1
GCTTATGGTTGCTGGCATGG_004,39
GCTTATGGTTGCTGGCATGG_005,172
GCTTATGGTTGCTGGCATGG_006,83
GCTTATGGTTGCTGGCATGG_007,149
GATGTCAGACAGCATCTTAG_001,76
GCTGTTAAACCAGTACCGGA_001,129
GCTGTTAAACCAGTACCGGA_002,68
GCTGTTAAACCAGTACCGGA_003,151
GCTGTTAAACCAGTACCGGA_004,169
GCTGTTAAACCAGTACCGGA_005,60
GCTGTTAAACCAGTACCGGA_006,123
GCTGTTAAACCAGTACCGGA_007,162
TGAAGCCTGCTATTGCAACA_001,30
TGAAGCCTGCTATTGCAACA_002,198
TGAAGCCTGCTATTGCAACA_003,160
TGAAGCCTGCTATTGCAACA_004,6
TAGCTGCTGTTCTGACACGT_001,84
TAGCTGCTGTTCTGACACGT_002,79
TAGCTGCTGTTCTGACACGT_003,14
TGCTTCCTAGGAAACCCTGG_001,69
TGCTTCCTAGGAAACCCTGG_002,113
TGCTTCCTAGGAAACCCTGG_003,14
TGCTTCCTAGGAAACCCTGG_004,148
GATGTATGTGTGCAACAAGG_001,141
GATGTATGTGTGCAACAAGG_002,19
GATGTATGTGTGCAACAAGG_003,63
GATGTATGTGTGCAACAAGG_004,70
CGTGGTAAAGGTGAACAAAG_001,107
CGTGGTAAAGGTGAACAAAG_002,154
CGTGGTAAAGGTGAACAAAG_003,48
CGTGGTAAAGGTGAACAAAG_004,169
CGTGGTAAAGGTGAACAAAG_005,152
CGTGGTAAAGGTGAACAAAG_006,39
CGTGGTAAAGGTGAACAAAG_007,129
CGTGGTAAAGGTGAACAAAG_008,124
CGTGGTAAAGGTGAACAAAG_009,130
CGTGGTAAAGGTGAACAAAG_010,158
CGTGGTAAAGGTGAACAAAG_011,142
CGTGGTAAAGGTGAACAAAG_012,81
CGTGGTAAAGGTGAACAAAG_013,4
CGTGGTAAAGGTGAACAAAG_014,19
GAGAAGTTCCGCGAGGACGA_001,78
GAGAAGTTCCGCGAGGACGA_002,15
GAGAAGTTCCGCGAGGACGA_003,81
GAGAAGTTCCGCGAGGACGA_004,175
GAGAAGTTCCGCGAGGACGA_005,42
GAGAAGTTCCGCGAGGACGA_006,112
GAGAAGTTCCGCGAGGACGA_007,81
AGAGCAAAAGATTTGTACAC_001,115
AGAGCAAAAGATTTGTACAC_002,9
AGAGCAAAAGATTTGTACAC_003,191
AGAGCAAAAGATTTGTACAC_004,48
CCATATTCTGATCAACAATG_001,156
GCCGCTCTCGGAAGTCGGGT_001,96
GCCGCTCTCGGAAGTCGGGT_002,137
GCCGCTCTCGGAAGTCGGGT_003,6
GCCGCTCTCGGAAGTCGGGT_004,119
GCCGCTCTCGGAAGTCGGGT_005,181
GCCGCTCTCGGAAGTCGGGT_006,127
GCCGCTCTCGGAAGTCGGGT_007,137
GCCGCTCTCGGAAGTCGGGT_008,30
GCCGCTCTCGGAAGTCGGGT_009,121
GCCGCTCTCGGAAGTCGGGT_010,115
GCCGCTCTCGGAAGTCGGGT_011,19
GCCGCTCTCGGAAGTCGGGT_012,105
GCCGCTCTCGGAAGTCGGGT_013,199
GCCGCTCTCGGAAGTCGGGT_014,186
GCCGCTCTCGGAAGTCGGGT_015,186
GCCGCTCTCGGAAGTCGGGT_016,111
GCCGCTCTCGGAAGTCGGGT_017,51
GCCGCTCTCGGAAGTCGGGT_018,151
GCCGCTCTCGGAAGTCGGGT_019,101
GCCGCTCTCGGAAGTCGGGT_020,180
GCCGCTCTCGGAAGTCGGGT_021,62
GCCGCTCTCGGAAGTCGGGT_022,77
GCCGCTCTCGGAAGTCGGGT_023,82
GCCGCTCTCGGAAGTCGGGT_024,48
GCCGCTCTCGGAAGTCGGGT_025,82
GCCGCTCTCGGAAGTCGGGT_026,63
GCCGCTCTCGGAAGTCGGGT_027,9
GCCGCTCTCGGAAGTCGGGT_028,130
AGGAAGACCCTATTCACCTG_001,152
AGGAAGACCCTATTCACCTG_002,185
AGGAAGACCCTATTCACCTG_003,8
AGGAAGACCCTATTCACCTG_004,3
AGGAAGACCCTATTCACCTG_005,119
AGACAGCGACCAGACAGATG_001,190
AGACAGCGACCAGACAGATG_002,133
AGACAGCGACCAGACAGATG_003,181
AGACAGCGACCAGACAGATG_004,2
AGACAGCGACCAGACAGATG_005,41
AGACAGCGACCAGACAGATG_006,92
AGACAGCGACCAGACAGATG_007,146
AGACAGCGACCAGACAGATG_008,88
AGACAGCGACCAGACAGATG_009,184
AGACAGCGACCAGACAGATG_010,179
AGACAGCGACCAGACAGATG_011,66
AGACAGCGACCAGACAGATG_012,35
AGACAGCGACCAGACAGATG_013,12
AGACAGCGACCAGACAGATG_014,76
AGACAGCGACCAGACAGATG_015,28
AGACAGCGACCAGACAGATG_016,74
AGACAGCGACCAGACAGATG_017,159
AGACAGCGACCAGACAGATG_018,113
AGACAGCGACCAGACAGATG_019,22
AGACAGCGACCAGACAGATG_020,168
AGACAGCGACCAGACAGATG_021,78
AGACAGCGACCAGACAGATG_022,3
AGACAGCGACCAGACAGATG_023,19
AGGAATGTTTACGTAGGTGG_001,102
AGGAATGTTTACGTAGGTGG_002,82
AGGAATGTTTACGTAGGTGG_003,177
AGGAATGTTTACGTAGGTGG_004,187
AGGAATGTTTACGTAGGTGG_005,105
AGACTTCTCCACGAACACAA_001,119
AGACTTCTCCACGAACACAA_002,68
AGACTTCTCCACGAACACAA_003,4
AGACTTCTCCACGAACACAA_004,73
AGACTTCTCCACGAACACAA_005,145
AGACTTCTCCACGAACACAA_006,4
AGACTTCTCCACGAACACAA_007,162
AGACTTCTCCACGAACACAA_008,22
AGACTTCTCCACGAACACAA_009,15
AGACTTCTCCACGAACACAA_010,195
AGACTTCTCCACGAACACAA_011,150
AGACTTCTCCACGAACACAA_012,159
AGACTTCTCCACGAACACAA_013,42
AGACTTCTCCACGAACACAA_014,84
AGACTTCTCCACGAACACAA_015,166
AGACTTCTCCACGAACACAA_016,9
AGACTTCTCCACGAACACAA_017,94
AGACTTCTCCACGAACACAA_018,35
ATTGGTGAAAATATGTGGGT_001,137
ATTGGTGAAAATATGTGGGT_002,56
ATTGGTGAAAATATGTGGGT_003,49
ATTGGTGAAAATATGTGGGT_004,2
ATTGGTGAAAATATGTGGGT_005,95
ATTGGTGAAAATATGTGGGT_006,41
ATTGGTGAAAATATGTGGGT_007,170
ATTGGTGAAAATATGTGGGT_008,4
ATTGGTGAAAATATGTGGGT_009,138
ATTGGTGAAAATATGTGGGT_010,166
ATTGGTGAAAATATGTGGGT_011,27
TTTCCAACCAGATTTGCTAG_001,191
TTTCCAACCAGATTTGCTAG_002,160
TTTCCAACCAGATTTGCTAG_003,116
TTTCCAACCAGATTTGCTAG_004,57
GGAGCAGAGAGAGCCGTCGG_001,62
GGAGCAGAGAGAGCCGTCGG_002,141
GGAGCAGAGAGAGCCGTCGG_003,84
GGAGCAGAGAGAGCCGTCGG_004,166
GGAGCAGAGAGAGCCGTCGG_005,43
GGAGCAGAGAGAGCCGTCGG_006,63
GGAGCAGAGAGAGCCGTCGG_007,49
GGAGCAGAGAGAGCCGTCGG_008,161
GGAGCAGAGAGAGCCGTCGG_009,104
GGAGCAGAGAGAGCCGTCGG_010,14
GGAGCAGAGAGAGCCGTCGG_011,1
GGAGCAGAGAGAGCCGTCGG_012,95
GGAGCAGAGAGAGCCGTCGG_013,56
GGAGCAGAGAGAGCCGTCGG_014,34
GGAGCAGAGAGAGCCGTCGG_015,1
GGAGCAGAGAGAGCCGTCGG_016,88
GGAGCAGAGAGAGCCGTCGG_017,190
GGAGCAGAGAGAGCCGTCGG_018,175
GGAGCAGAGAGAGCCGTCGG_019,6
GGAGCAGAGAGAGCCGTCGG_020,108
GGAGCAGAGAGAGCCGTCGG_021,30
GAAGTACATGGGGATATGAA_001,15
GAAGTACATGGGGATATGAA_002,124
GAAGTACATGGGGATATGAA_003,149
GAAGTACATGGGGATATGAA_004,147
GAAGTACATGGGGATATGAA_005,153
GTTCCGTGAGGGTTACTTCA_001,50
GTTCCGTGAGGGTTACTTCA_002,126
GTTCCGTGAGGGTTACTTCA_003,94
GTTCCGTGAGGGTTACTTCA_004,181
GTTCCGTGAGGGTTACTTCA_005,154
GTTCCGTGAGGGTTACTTCA_006,175
GTTCCGTGAGGGTTACTTCA_007,48
GTTCCGTGAGGGTTACTTCA_008,122
GTTCCGTGAGGGTTACTTCA_009,13
GTTCCGTGAGGGTTACTTCA_010,74
GTTCCGTGAGGGTTACTTCA_011,13
GTTCCGTGAGGGTTACTTCA_012,74
GTTCCGTGAGGGTTACTTCA_013,81
GTTCCGTGAGGGTTACTTCA_014,105
GTTCCGTGAGGGTTACTTCA_015,2
GTTCCGTGAGGGTTACTTCA_016,176
GTTCCGTGAGGGTTACTTCA_017,60
GTTCCGTGAGGGTTACTTCA_018,162
GTTCCGTGAGGGTTACTTCA_019,56
GTTCCGTGAGGGTTACTTCA_020,88
GTTCCGTGAGGGTTACTTCA_021,35
GTTCCGTGAGGGTTACTTCA_022,78
GTTCCGTGAGGGTTACTTCA_023,50
GTTCCGTGAGGGTTACTTCA_024,49
GTTCCGTGAGGGTTACTTCA_025,58
GTTCCGTGAGGGTTACTTCA_026,43
GTTCCGTGAGGGTTACTTCA_027,117
GTTCCGTGAGGGTTACTTCA_028,50
CAGCCAACAGCCATACCCAG_001,115
CAGCCAACAGCCATACCCAG_002,153
CAGCCAACAGCCATACCCAG_003,172
CAGCCAACAGCCATACCCAG_004,100
CAGCCAACAGCCATACCCAG_005,135
CAGCCAACAGCCATACCCAG_006,62
CAGCCAACAGCCATACCCAG_007,87
CAGCCAACAGCCATACCCAG_008,116
CAGCCAACAGCCATACCCAG_009,105
CAGCCAACAGCCATACCCAG_010,173
CAGCCAACAGCCATACCCAG_011,170
TTCATACAGGATGCAACCCA_001,130
TTCATACAGGATGCAACCCA_002,43
TTCATACAGGATGCAACCCA_003,112
TTCATACAGGATGCAACCCA_004,148
TTCATACAGGATGCAACCCA_005,15
TTCATACAGGATGCAACCCA_006,49
TTCATACAGGATGCAACCCA_007,148
TTCATACAGGATGCAACCCA_008,102
TTCATACAGGATGCAACCCA_009,78
TTCATACAGGATGCAACCCA_010,105
TTCATACAGGATGCAACCCA_011,184
TTCATACAGGATGCAACCCA_012,108
CCAGAACTCCACTGACAGCG_001,51
CCAGAACTCCACTGACAGCG_002,156
CCAGAACTCCACTGACAGCG_003,115
CCAGAACTCCACTGACAGCG_004,58
CCAGAACTCCACTGACAGCG_005,192
CCAGAACTCCACTGACAGCG_006,137
CCAGAACTCCACTGACAGCG_007,178
CTACGGAATCGTCCGCATCG_001,171
CTACGGAATCGTCCGCATCG_002,95
CTACGGAATCGTCCGCATCG_003,49
CTACGGAATCGTCCGCATCG_004,102
CTACGGAATCGTCCGCATCG_005,69
CTACGGAATCGTCCGCATCG_006,125
TTCCGCCATGAGAATGTCAT_001,15
TTCCGCCATGAGAATGTCAT_002,119
TTCCGCCATGAGAATGTCAT_003,29
TTCCGCCATGAGAATGTCAT_004,118
TTCCGCCATGAGAATGTCAT_005,60
TTCCGCCATGAGAATGTCAT_006,127
TTCCGCCATGAGAATGTCAT_007,25
TTCCGCCATGAGAATGTCAT_008,139
TTCCGCCATGAGAATGTCAT_009,26
TTCCGCCATGAGAATGTCAT_010,177
TTCCGCCATGAGAATGTCAT_011,41
TTCCGCCATGAGAATGTCAT_012,69
TTCCGCCATGAGAATGTCAT_013,152
TTCCGCCATGAGAATGTCAT_014,48
TTCCGCCATGAGAATGTCAT_015,190
TTCCGCCATGAGAATGTCAT_016,156
TTCCGCCATGAGAATGTCAT_017,73
TTCCGCCATGAGAATGTCAT_018,178
TTCCGCCATGAGAATGTCAT_019,27
TTCCGCCATGAGAATGTCAT_020,9
TTCCGTGTAATCTTCACAGG_001,140
TAAACTGAGAGATGGTGGCA_001,93
TAAACTGAGAGATGGTGGCA_002,116
TAAACTGAGAGATGGTGGCA_003,76
TAAACTGAGAGATGGTGGCA_004,180
GTCTTCGGGAAGTACCTGAG_001,137
GTCTTCGGGAAGTACCTGAG_002,199
GTCTTCGGGAAGTACCTGAG_003,48
GTCTTCGGGAAGTACCTGAG_004,94
GTCTTCGGGAAGTACCTGAG_005,170
GTCTTCGGGAAGTACCTGAG_006,193
GTCTTCGGGAAGTACCTGAG_007,120
GTCTTCGGGAAGTACCTGAG_008,118
GTCTTCGGGAAGTACCTGAG_009,148
GTCTTCGGGAAGTACCTGAG_010,197
GTCTTCGGGAAGTACCTGAG_011,137
GTCTTCGGGAAGTACCTGAG_012,48
GTCTTCGGGAAGTACCTGAG_013,96
GTCTTCGGGAAGTACCTGAG_014,101
GTCTTCGGGAAGTACCTGAG_015,78
GTCTTCGGGAAGTACCTGAG_016,166
GTCTTCGGGAAGTACCTGAG_017,44
GTCTTCGGGAAGTACCTGAG_018,111
GTCTTCGGGAAGTACCTGAG_019,155
GTCTTCGGGAAGTACCTGAG_020,158
GTCTTCGGGAAGTACCTGAG_021,46
GTCTTCGGGAAGTACCTGAG_022,84
GTCTTCGGGAAGTACCTGAG_023,137
GAAGAGGCGCAAGAACGACG_001,82
GAAGAGGCGCAAGAACGACG_002,154
GAAGAGGCGCAAGAACGACG_003,17
GAAGAGGCGCAAGAACGACG_004,65
GAAGAGGCGCAAGAACGACG_005,26
GAAGAGGCGCAAGAACGACG_006,68
GAAGAGGCGCAAGAACGACG_007,70
GAAGAGGCGCAAGAACGACG_008,155
GAAGAGGCGCAAGAACGACG_009,182
AAGAGATTATTGGCAAGGGT_001,183
ATGGCAGCTCATTCAGCCGT_001,121
GAAGCATATAAATGACTGGG_001,43
GAAGCATATAAATGACTGGG_002,59
GAAGCATATAAATGACTGGG_003,121
GAAGCATATAAATGACTGGG_004,119
GAAGCATATAAATGACTGGG_005,5
CAAATGTAGCAAACAACTGC_001,197
CAAATGTAGCAAACAACTGC_002,145
AGTATTCAGCTCTTCACAGG_001,118
CGTGCGGGTTCGCGTCTGGG_001,196
CGTGCGGGTTCGCGTCTGGG_002,47
CGTGCGGGTTCGCGTCTGGG_003,88
CGTGCGGGTTCGCGTCTGGG_004,40
CGTGCGGGTTCGCGTCTGGG_005,6
CGTGCGGGTTCGCGTCTGGG_006,1
CGTGCGGGTTCGCGTCTGGG_007,78
GAATACTGAAGTGGCCATCA_001,130
GAATACTGAAGTGGCCATCA_002,115
GAATACTGAAGTGGCCATCA_003,77
GAATACTGAAGTGGCCATCA_004,10
GAATACTGAAGTGGCCATCA_005,104
GAATACTGAAGTGGCCATCA_006,42
GAATACTGAAGTGGCCATCA_007,115
GAATACTGAAGTGGCCATCA_008,14
GAATACTGAAGTGGCCATCA_009,123
GAATACTGAAGTGGCCATCA_010,14
GAATACTGAAGTGGCCATCA_011,116
GAATACTGAAGTGGCCATCA_012,17
GAATACTGAAGTGGCCATCA_013,43
CCTCTACGGACCCTACGGCA_001,84
CCTCTACGGACCCTACGGCA_002,147
CCTCTACGGACCCTACGGCA_003,198
CCTCTACGGACCCTACGGCA_004,48
CCTCTACGGACCCTACGGCA_005,94
CCTCTACGGACCCTACGGCA_006,94
CCTCTACGGACCCTACGGCA_007,184
CCTCTACGGACCCTACGGCA_008,77
CCTCTACGGACCCTACGGCA_009,151
AGAAGGTAGACAGCAATGAG_001,5
AGAAGGTAGACAGCAATGAG_002,44
AGAAGGTAGACAGCAATGAG_003,114
AGAAGGTAGACAGCAATGAG_004,73
AGAAGGTAGACAGCAATGAG_005,56
AGAAGGTAGACAGCAATGAG_006,184
AGAAGGTAGACAGCAATGAG_007,148
AGAAGGTAGACAGCAATGAG_008,2
AGAAGGTAGACAGCAATGAG_009,94
AGAAGGTAGACAGCAATGAG_010,38
AGAAGGTAGACAGCAATGAG_011,128
AGAAGGTAGACAGCAATGAG_012,141
AGAAGGTAGACAGCAATGAG_013,16
AGAAGGTAGACAGCAATGAG_014,8
AGAAGGTAGACAGCAATGAG_015,196
AGAAGGTAGACAGCAATGAG_016,196
AGAAGGTAGACAGCAATGAG_017,141
AGAAGGTAGACAGCAATGAG_018,103
AGAAGGTAGACAGCAATGAG_019,51
AGAAGGTAGACAGCAATGAG_020,160
AGAAGGTAGACAGCAATGAG_021,37
AGAAGGTAGACAGCAATGAG_022,2
AGAAGGTAGACAGCAATGAG_023,158
AGAAGGTAGACAGCAATGAG_024,60
CGGGGGCGATCAAGTGCCCG_001,118
CGGGGGCGATCAAGTGCCCG_002,13
CGGGGGCGATCAAGTGCCCG_003,22
CGGGGGCGATCAAGTGCCCG_004,40
CGGGGGCGATCAAGTGCCCG_005,162
CGGGGGCGATCAAGTGCCCG_006,4
TGTAAATTTGGACACCGAAG_001,39
TGTAAATTTGGACACCGAAG_002,35
TGTAAATTTGGACACCGAAG_003,106
TGTAAATTTGGACACCGAAG_004,121
TGTAAATTTGGACACCGAAG_005,57
TGTAAATTTGGACACCGAAG_006,26
TGTAAATTTGGACACCGAAG_007,77
TGTAAATTTGGACACCGAAG_008,105
TTGGCCAGGACCCAGACGTG_001,183
TTGGCCAGGACCCAGACGTG_002,103
TTGGCCAGGACCCAGACGTG_003,146
TTGGCCAGGACCCAGACGTG_004,6
TTGGCCAGGACCCAGACGTG_005,62
TTGGCCAGGACCCAGACGTG_006,145
TTGGCCAGGACCCAGACGTG_007,76
TTGGCCAGGACCCAGACGTG_008,148
TTGGCCAGGACCCAGACGTG_009,150
TTGGCCAGGACCCAGACGTG_010,106
TTGGCCAGGACCCAGACGTG_011,0
TTGGCCAGGACCCAGACGTG_012,110
TTGGCCAGGACCCAGACGTG_013,91
TTGGCCAGGACCCAGACGTG_014,41
TTGGCCAGGACCCAGACGTG_015,149
TTGGCCAGGACCCAGACGTG_016,2
TTGGCCAGGACCCAGACGTG_017,144
TTGGCCAGGACCCAGACGTG_018,73
TTGGCCAGGACCCAGACGTG_019,115
TTGGCCAGGACCCAGACGTG_020,158
TTGGCCAGGACCCAGACGTG_021,120
TTGGCCAGGACCCAGACGTG_022,158
TTGGCCAGGACCCAGACGTG_023,91
TTGGCCAGGACCCAGACGTG_024,5
TTGGCCAGGACCCAGACGTG_025,57
TTGGCCAGGACCCAGACGTG_026,63
TTGGCCAGGACCCAGACGTG_027,188
TTGGCCAGGACCCAGACGTG_028,5
TTGGCCAGGACCCAGACGTG_029,197
TTGGCCAGGACCCAGACGTG_030,170
TTGGCCAGGACCCAGACGTG_031,48
TTGGCCAGGACCCAGACGTG_032,121
TTGGCCAGGACCCAGACGTG_033,137
TTGGCCAGGACCCAGACGTG_034,56
TTGGCCAGGACCCAGACGTG_035,186
TTGGCCAGGACCCAGACGTG_036,21
TTGGCCAGGACCCAGACGTG_037,138
TTGGCCAGGACCCAGACGTG_038,11
TTGGCCAGGACCCAGACGTG_039,32
TTGGCCAGGACCCAGACGTG_040,126
TTGGCCAGGACCCAGACGTG_041,182
TTGGCCAGGACCCAGACGTG_042,110
TTGGCCAGGACCCAGACGTG_043,157
TTGGCCAGGACCCAGACGTG_044,188
TTGGCCAGGACCCAGACGTG_045,98
TTGGCCAGGACCCAGACGTG_046,49
TTGGCCAGGACCCAGACGTG_047,106
TTGGCCAGGACCCAGACGTG_048,181
TTGGCCAGGACCCAGACGTG_049,77
TTGGCCAGGACCCAGACGTG_050,46
TTGGCCAGGACCCAGACGTG_051,149
TTGGCCAGGACCCAGACGTG_052,39
TTGGCCAGGACCCAGACGTG_053,52
TTGGCCAGGACCCAGACGTG_054,148
TTGGCCAGGACCCAGACGTG_055,82
TTGGCCAGGACCCAGACGTG_056,91
TTGGCCAGGACCCAGACGTG_057,48
ATGTCCACACACTTGAGACA_001,170
ATGTCCACACACTTGAGACA_002,116
ATGTCCACACACTTGAGACA_003,48
ATGTCCACACACTTGAGACA_004,104
ATGTCCACACACTTGAGACA_005,48
ATGTCCACACACTTGAGACA_006,173
ATGTCCACACACTTGAGACA_007,23
ATGTCCACACACTTGAGACA_008,75
ATGTCCACACACTTGAGACA_009,6
ATGTCCACACACTTGAGACA_010,39
ATGTCCACACACTTGAGACA_011,35
ATGTCCACACACTTGAGACA_012,52
ATGTCCACACACTTGAGACA_013,34
ATGTCCACACACTTGAGACA_014,35
GACAAACTGCAGGCGTCAAG_001,159
GACAAACTGCAGGCGTCAAG_002,71
GACAAACTGCAGGCGTCAAG_003,74
GACAAACTGCAGGCGTCAAG_004,187
GACAAACTGCAGGCGTCAAG_005,150
GACAAACTGCAGGCGTCAAG_006,18
TGCGTAGGACACACACCCGG_001,162
TGCGTAGGACACACACCCGG_002,6
TGCGTAGGACACACACCCGG_003,171
TGCGTAGGACACACACCCGG_004,102
TGCGTAGGACACACACCCGG_005,54
TGCGTAGGACACACACCCGG_006,199
TGCGTAGGACACACACCCGG_007,170
TGCGTAGGACACACACCCGG_008,85
TGCGTAGGACACACACCCGG_009,169
TGCGTAGGACACACACCCGG_010,134
TGCGTAGGACACACACCCGG_011,58
TGCGTAGGACACACACCCGG_012,98
TGCGTAGGACACACACCCGG_013,156
TGCGTAGGACACACACCCGG_014,168
TGCGTAGGACACACACCCGG_015,144
TGCGTAGGACACACACCCGG_016,29
TGCGTAGGACACACACCCGG_017,117
TGCGTAGGACACACACCCGG_018,129
TGCGTAGGACACACACCCGG_019,144
TGCGTAGGACACACACCCGG_020,124
GGGTGAGGACTCACCGAGGT_001,136
GGGTGAGGACTCACCGAGGT_002,17
CCCATAACTTACCACTAGAG_001,114
CCCATAACTTACCACTAGAG_002,111
CCCATAACTTACCACTAGAG_003,127
CCCATAACTTACCACTAGAG_004,72
CCCATAACTTACCACTAGAG_005,72
CCCATAACTTACCACTAGAG_006,34
ACTTGACTCAGGTCACCTCA_001,44
ACTTGACTCAGGTCACCTCA_002,9
ACTTGACTCAGGTCACCTCA_003,147
ACTTGACTCAGGTCACCTCA_004,158
ACTTGACTCAGGTCACCTCA_005,61
ACTTGACTCAGGTCACCTCA_006,199
CAGCCTGAAGAGCAACAGCA_001,112
CAGCCTGAAGAGCAACAGCA_002,19
CAGCCTGAAGAGCAACAGCA_003,112
CAGCCTGAAGAGCAACAGCA_004,2
CAGCCTGAAGAGCAACAGCA_005,29
CAGCCTGAAGAGCAACAGCA_006,161
CAGCCTGAAGAGCAACAGCA_007,10
CAGCCTGAAGAGCAACAGCA_008,199
CAGCCTGAAGAGCAACAGCA_009,41
CAGCCTGAAGAGCAACAGCA_010,113
CAGCCTGAAGAGCAACAGCA_011,2
CAGCCTGAAGAGCAACAGCA_012,13
CAGCCTGAAGAGCAACAGCA_013,125
CAGCCTGAAGAGCAACAGCA_014,0
CAGCCTGAAGAGCAACAGCA_015,116
CAGCCTGAAGAGCAACAGCA_016,181
CAGCCTGAAGAGCAACAGCA_017,58
CAGCCTGAAGAGCAACAGCA_018,49
CAGCCTGAAGAGCAACAGCA_019,138
CAGCCTGAAGAGCAACAGCA_020,174
CAGCCTGAAGAGCAACAGCA_021,197
GAAAATAGTCGACCAGCCAC_001,40
GAAAATAGTCGACCAGCCAC_002,77
GAAAATAGTCGACCAGCCAC_003,29
GAAAATAGTCGACCAGCCAC_004,29
GAAAATAGTCGACCAGCCAC_005,184
GAAAATAGTCGACCAGCCAC_006,1
GAAAATAGTCGACCAGCCAC_007,123
ACAGCCGGAGCCATAGCCAC_001,13
ACAGCCGGAGCCATAGCCAC_002,182
ACAGCCGGAGCCATAGCCAC_003,113
ACAGCCGGAGCCATAGCCAC_004,199
ACAGCCGGAGCCATAGCCAC_005,2
ACAGCCGGAGCCATAGCCAC_006,156
CGTCAGTGAGGATCCCGCGC_001,115
CGTCAGTGAGGATCCCGCGC_002,174
CGTCAGTGAGGATCCCGCGC_003,54
CGTCAGTGAGGATCCCGCGC_004,150
CGTCAGTGAGGATCCCGCGC_005,40
CGTCAGTGAGGATCCCGCGC_006,50
CGTCAGTGAGGATCCCGCGC_007,153
CTGTCCACTTACATTTCGTG_001,195
CTGTCCACTTACATTTCGTG_002,158
CTGTCCACTTACATTTCGTG_003,13
CTGTCCACTTACATTTCGTG_004,22
GAGAAGCTACCACTTCCGCA_001,142
GAGAAGCTACCACTTCCGCA_002,16
GAGAAGCTACCACTTCCGCA_003,62
GAGAAGCTACCACTTCCGCA_004,65
GAGAAGCTACCACTTCCGCA_005,148
GAGAAGCTACCACTTCCGCA_006,109
GAGAAGCTACCACTTCCGCA_007,86
GAGAAGCTACCACTTCCGCA_008,12
GAGAAGCTACCACTTCCGCA_009,187
GAGAAGCTACCACTTCCGCA_010,157
GAGAAGCTACCACTTCCGCA_011,55
GAGAAGCTACCACTTCCGCA_012,35
GAGAAGCTACCACTTCCGCA_013,124
GAGAAGCTACCACTTCCGCA_014,46
GAGAAGCTACCACTTCCGCA_015,77
GAGAAGCTACCACTTCCGCA_016,20
GAGAAGCTACCACTTCCGCA_017,41
GAGAAGCTACCACTTCCGCA_018,58
GAGAAGCTACCACTTCCGCA_019,56
GAGAAGCTACCACTTCCGCA_020,120
GAGAAGCTACCACTTCCGCA_021,198
GAGAAGCTACCACTTCCGCA_022,121
GAGAAGCTACCACTTCCGCA_023,134
GAGAAGCTACCACTTCCGCA_024,154
GATTGGGGCCACAGAATGGG_001,3
GATTGGGGCCACAGAATGGG_002,116
GATTGGGGCCACAGAATGGG_003,106
GATTGGGGCCACAGAATGGG_004,118
GATTGGGGCCACAGAATGGG_005,19
GATTGGGGCCACAGAATGGG_006,129
TAGGGACTGCACAGTCAATG_001,41
TAGGGACTGCACAGTCAATG_002,177
TAGGGACTGCACAGTCAATG_003,134
TAGGGACTGCACAGTCAATG_004,113
TAGGGACTGCACAGTCAATG_005,130
TAGGGACTGCACAGTCAATG_006,151
TAGGGACTGCACAGTCAATG_007,131
TAGGGACTGCACAGTCAATG_008,77
GGCCTGGCGACTTACCTGAA_001,115
GGCCTGGCGACTTACCTGAA_002,78
GGCCTGGCGACTTACCTGAA_003,116
GGCCTGGCGACTTACCTGAA_004,195
GGCCTGGCGACTTACCTGAA_005,80
GGCCTGGCGACTTACCTGAA_006,94
GGCCTGGCGACTTACCTGAA_007,65
GGCCTGGCGACTTACCTGAA_008,184
GGCCTGGCGACTTACCTGAA_009,12
GGCCTGGCGACTTACCTGAA_010,70
GGCCTGGCGACTTACCTGAA_011,158
GGCCTGGCGACTTACCTGAA_012,81
GGCCTGGCGACTTACCTGAA_013,109
GGCCTGGCGACTTACCTGAA_014,42
AGGAAGTAGAGAAAGCCACA_001,57
AGGAAGTAGAGAAAGCCACA_002,105
AGGAAGTAGAGAAAGCCACA_003,60
AGGAAGTAGAGAAAGCCACA_004,191
AGGAAGTAGAGAAAGCCACA_005,48
TGAAGTGTACAACATGAGCT_001,20
TGAAGTGTACAACATGAGCT_002,77
TGAAGTGTACAACATGAGCT_003,126
TCTGGCCTGTAAAATCCGTA_001,188
TCTGGCCTGTAAAATCCGTA_002,162
TCTGGCCTGTAAAATCCGTA_003,197
TCTGGCCTGTAAAATCCGTA_004,182
TCTGGCCTGTAAAATCCGTA_005,151
TCTGGCCTGTAAAATCCGTA_006,102
CACGAAATTTGTTCCCAACG_001,69
CACGAAATTTGTTCCCAACG_002,73
CACGAAATTTGTTCCCAACG_003,88
CACGAAATTTGTTCCCAACG_004,70
CACGAAATTTGTTCCCAACG_005,141
CACGAAATTTGTTCCCAACG_006,48
CACGAAATTTGTTCCCAACG_007,59
CACGAAATTTGTTCCCAACG_008,185
CATCATGGTACATCCCAACC_001,144
CATCATGGTACATCCCAACC_002,138
CATCATGGTACATCCCAACC_003,45
CATCATGGTACATCCCAACC_004,49
GCTTCTGCCAGAGTACGACG_001,88
GCTTCTGCCAGAGTACGACG_002,179
GCTTCTGCCAGAGTACGACG_003,29
GCTTCTGCCAGAGTACGACG_004,198
GCTTCTGCCAGAGTACGACG_005,36
GCTTCTGCCAGAGTACGACG_006,149
GCTTCTGCCAGAGTACGACG_007,20
GCTTCTGCCAGAGTACGACG_008,170
GCTTCTGCCAGAGTACGACG_009,76
GCTTCTGCCAGAGTACGACG_010,144
GCTTCTGCCAGAGTACGACG_011,152
GCTTCTGCCAGAGTACGACG_012,52
GCTTCTGCCAGAGTACGACG_013,105
GCTTCTGCCAGAGTACGACG_014,76
GCTTCTGCCAGAGTACGACG_015,14
GAGGATCTGTACTGGATGAG_001,198
TTCAAACCGTACTCATGGAG_001,48
TTCAAACCGTACTCATGGAG_002,177
TTCAAACCGTACTCATGGAG_003,120
GCATCAACCTCATCAAACCA_001,27
GCATCAACCTCATCAAACCA_002,44
GCATCAACCTCATCAAACCA_003,193
GCATCAACCTCATCAAACCA_004,12
GCATCAACCTCATCAAACCA_005,98
GCATCAACCTCATCAAACCA_006,69
GCATCAACCTCATCAAACCA_007,111
GCATCAACCTCATCAAACCA_008,34
GCATCAACCTCATCAAACCA_009,113
GCATCAACCTCATCAAACCA_010,17
GCATCAACCTCATCAAACCA_011,155
GCATCAACCTCATCAAACCA_012,31
TAGGTTCAGAGCTTCATGCG_001,82
TAGGTTCAGAGCTTCATGCG_002,105
TAGGTTCAGAGCTTCATGCG_003,76
TAGGTTCAGAGCTTCATGCG_004,40
TAGGTTCAGAGCTTCATGCG_005,133
TAGGTTCAGAGCTTCATGCG_006,49
TAGGTTCAGAGCTTCATGCG_007,89
GAGAAGACGAGTGAACTACT_001,34
GAGAAGACGAGTGAACTACT_002,53
GAGAAGACGAGTGAACTACT_003,15
GAGAAGACGAGTGAACTACT_004,22
GAGAAGACGAGTGAACTACT_005,33
GAGAAGACGAGTGAACTACT_006,137
GAGAAGACGAGTGAACTACT_007,1
GAGAAGACGAGTGAACTACT_008,88
GAGAAGACGAGTGAACTACT_009,37
GAGAAGACGAGTGAACTACT_010,3
GAGAAGACGAGTGAACTACT_011,58
GAGAAGACGAGTGAACTACT_012,144
GAGAAGACGAGTGAACTACT_013,12
AAGAACCCACAGTAGCTAAG_001,171
AAGAACCCACAGTAGCTAAG_002,72
AAGAACCCACAGTAGCTAAG_003,103
AAGAACCCACAGTAGCTAAG_004,168
AAGAACCCACAGTAGCTAAG_005,52
AAGAACCCACAGTAGCTAAG_006,149
AAGAACCCACAGTAGCTAAG_007,134
AAGAACCCACAGTAGCTAAG_008,129
AAGAACCCACAGTAGCTAAG_009,117
AAGAACCCACAGTAGCTAAG_010,143
AAGAACCCACAGTAGCTAAG_011,146
AAGAACCCACAGTAGCTAAG_012,180
AAGAACCCACAGTAGCTAAG_013,43
AAGAACCCACAGTAGCTAAG_014,190
AGGCAAACGTGGTCACCACG_001,157
AGGCAAACGTGGTCACCACG_002,49
AGGCAAACGTGGTCACCACG_003,5
AGGCAAACGTGGTCACCACG_004,113
AGGCAAACGTGGTCACCACG_005,73
AGGCAAACGTGGTCACCACG_006,158
AGGCAAACGTGGTCACCACG_007,191
GCTACCTGCTACGTAATACT_001,106
GCTACCTGCTACGTAATACT_002,168
GCTACCTGCTACGTAATACT_003,166
GCTACCTGCTACGTAATACT_004,53
GCTACCTGCTACGTAATACT_005,40
GCTACCTGCTACGTAATACT_006,106
CACACCAAGCTGAAACAGTG_001,48
CACACCAAGCTGAAACAGTG_002,170
CACACCAAGCTGAAACAGTG_003,72
CACACCAAGCTGAAACAGTG_004,72
CACACCAAGCTGAAACAGTG_005,8
CACACCAAGCTGAAACAGTG_006,184
CTTGTAGGCAGGATACCGGC_001,64
CTTGTAGGCAGGATACCGGC_002,103
CTTGTAGGCAGGATACCGGC_003,50
CTTGTAGGCAGGATACCGGC_004,179
CTTGTAGGCAGGATACCGGC_005,197
CCTGGTAGCCAATCACGCCA_001,78
CCTGGTAGCCAATCACGCCA_002,101
CCTGGTAGCCAATCACGCCA_003,10
CCTGGTAGCCAATCACGCCA_004,46
CCTGGTAGCCAATCACGCCA_005,160
CCTGGTAGCCAATCACGCCA_006,88
CCTGGTAGCCAATCACGCCA_007,29
CCTGGTAGCCAATCACGCCA_008,60
CCTGGTAGCCAATCACGCCA_009,149
GAATGATGGTCACTACCAGG_001,190
GAATGATGGTCACTACCAGG_002,121
GAATGATGGTCACTACCAGG_003,96
GAATGATGGTCACTACCAGG_004,158
GCAGGCGGCTCCCCCACAGG_001,192
GCAGGCGGCTCCCCCACAGG_002,199
GCAGGCGGCTCCCCCACAGG_003,124
GCAGGCGGCTCCCCCACAGG_004,93
GCAGGCGGCTCCCCCACAGG_005,100
GCAGGCGGCTCCCCCACAGG_006,108
GCAGGCGGCTCCCCCACAGG_007,53
GTTGACATCGTCCCTCAGGT_001,77
GTTGACATCGTCCCTCAGGT_002,199
GTTGACATCGTCCCTCAGGT_003,89
GTTGACATCGTCCCTCAGGT_004,68
GTTGACATCGTCCCTCAGGT_005,25
GTTGACATCGTCCCTCAGGT_006,153
CAAGAGCCTGACAATCGTTG_001,11
CAAGAGCCTGACAATCGTTG_002,161
CCATAACGCAGTCCACGCTG_001,191
CCATAACGCAGTCCACGCTG_002,17
CCATAACGCAGTCCACGCTG_003,153
CCATAACGCAGTCCACGCTG_004,23
CCATAACGCAGTCCACGCTG_005,23
CCATAACGCAGTCCACGCTG_006,57
CCATAACGCAGTCCACGCTG_007,70
CCATAACGCAGTCCACGCTG_008,50
CCATTGCCTCATACTGCGTG_001,92
CCATTGCCTCATACTGCGTG_002,7
CCATTGCCTCATACTGCGTG_003,81
CCATTGCCTCATACTGCGTG_004,68
CCATTGCCTCATACTGCGTG_005,19
CCATTGCCTCATACTGCGTG_006,188
CCATTGCCTCATACTGCGTG_007,169
ACCATTGCAATTTAGAGATG_001,44
ACCATTGCAATTTAGAGATG_002,42
ACCATTGCAATTTAGAGATG_003,43
GACCAAGAAAAGCCAAAATC_001,62
GACCAAGAAAAGCCAAAATC_002,172
GACCAAGAAAAGCCAAAATC_003,146
GAGGCGATGTAGTCGCCCCG_001,162
CTCATGAAACATGAGAAGCT_001,25
GAGGTAGCAGAGTCGGCACA_001,55
GAGGTAGCAGAGTCGGCACA_002,92
GAGGTAGCAGAGTCGGCACA_003,161
GAGGTAGCAGAGTCGGCACA_004,6
GAGGTAGCAGAGTCGGCACA_005,118
GAGGTAGCAGAGTCGGCACA_006,8
GAGGTAGCAGAGTCGGCACA_007,169
GAGGTAGCAGAGTCGGCACA_008,78
GAGGTAGCAGAGTCGGCACA_009,140
GAGGTAGCAGAGTCGGCACA_010,4
GAGGTAGCAGAGTCGGCACA_011,68
GAGGTAGCAGAGTCGGCACA_012,144
GAGGTAGCAGAGTCGGCACA_013,168
GAGGTAGCAGAGTCGGCACA_014,149
GAGGTAGCAGAGTCGGCACA_015,78
GAGGTAGCAGAGTCGGCACA_016,146
GAGGTAGCAGAGTCGGCACA_017,110
GAGGTAGCAGAGTCGGCACA_018,18
GAGGTAGCAGAGTCGGCACA_019,102
GAGGTAGCAGAGTCGGCACA_020,87
GAGGTAGCAGAGTCGGCACA_021,169
GAGGTAGCAGAGTCGGCACA_022,107
GAGGTAGCAGAGTCGGCACA_023,121
GAGGTAGCAGAGTCGGCACA_024,2
GAGGTAGCAGAGTCGGCACA_025,6
GAGGTAGCAGAGTCGGCACA_026,116
GAGGTAGCAGAGTCGGCACA_027,136
GAGGTAGCAGAGTCGGCACA_028,66
GAGGTAGCAGAGTCGGCACA_029,70
GAGGTAGCAGAGTCGGCACA_030,62
CTGGCTTTCCGATAGCGAGG_001,41
CTGGCTTTCCGATAGCGAGG_002,29
CTGGCTTTCCGATAGCGAGG_003,35
CTGGCTTTCCGATAGCGAGG_004,58
CTGGCTTTCCGATAGCGAGG_005,29
CTGGCTTTCCGATAGCGAGG_006,65
CTGGCTTTCCGATAGCGAGG_007,103
CTGGCTTTCCGATAGCGAGG_008,65
CTGGCTTTCCGATAGCGAGG_009,0
CTGGCTTTCCGATAGCGAGG_010,156
ATCCAGTGGAAGAATACAGG_001,76
ATCCAGTGGAAGAATACAGG_002,195
ATCCAGTGGAAGAATACAGG_003,145
ATCCAGTGGAAGAATACAGG_004,149
ATCCAGTGGAAGAATACAGG_005,9
ATCCAGTGGAAGAATACAGG_006,56
ATCCAGTGGAAGAATACAGG_007,170
ATCCAGTGGAAGAATACAGG_008,0
ATCCAGTGGAAGAATACAGG_009,94
ATCCAGTGGAAGAATACAGG_010,138
ATCCAGTGGAAGAATACAGG_011,96
ATCCAGTGGAAGAATACAGG_012,106
ATCCAGTGGAAGAATACAGG_013,102
ATCCAGTGGAAGAATACAGG_014,33
CCCCACGACGTTCGTTATGG_001,101
CCCCACGACGTTCGTTATGG_002,158
CCCCACGACGTTCGTTATGG_003,2
CCCCACGACGTTCGTTATGG_004,117
CCCCACGACGTTCGTTATGG_005,86
CCCCACGACGTTCGTTATGG_006,181
CCCCACGACGTTCGTTATGG_007,17
CCCCACGACGTTCGTTATGG_008,193
CCCCACGACGTTCGTTATGG_009,152
TGAATGAAGGGTAAATTCTG_001,37
TGAATGAAGGGTAAATTCTG_002,114
TGAATGAAGGGTAAATTCTG_003,84
TGAATGAAGGGTAAATTCTG_004,88
TGAATGAAGGGTAAATTCTG_005,1
GAAGGAAGGATTAACTCCAA_001,171
GAAGGAAGGATTAACTCCAA_002,55
GAAGGAAGGATTAACTCCAA_003,65
GAAGGAAGGATTAACTCCAA_004,45
GAAGGAAGGATTAACTCCAA_005,171
GAAGGAAGGATTAACTCCAA_006,4
GAAGGAAGGATTAACTCCAA_007,153
GAAGGAAGGATTAACTCCAA_008,7
AGAAGTATACAGGTAAGATA_001,135
CAGAAAAGAGCCTGATCCAT_001,97
CAGAAAAGAGCCTGATCCAT_002,64
CAGAAAAGAGCCTGATCCAT_003,37
CAGAAAAGAGCCTGATCCAT_004,81
CAGAAAAGAGCCTGATCCAT_005,19
CAGAAAAGAGCCTGATCCAT_006,147
CAGAAAAGAGCCTGATCCAT_007,184
GGTGCTGAATGCCTCCCACG_001,82
GGTGCTGAATGCCTCCCACG_002,12
GGTGCTGAATGCCTCCCACG_003,124
GGTGCTGAATGCCTCCCACG_004,168
GGTGCTGAATGCCTCCCACG_005,24
GGTGCTGAATGCCTCCCACG_006,17
GGTGCTGAATGCCTCCCACG_007,198
GGTGCTGAATGCCTCCCACG_008,55
GGTGCTGAATGCCTCCCACG_009,48
GGTGCTGAATGCCTCCCACG_010,105
GGTGCTGAATGCCTCCCACG_011,41
GGTGCTGAATGCCTCCCACG_012,168
GGTGCTGAATGCCTCCCACG_013,148
CGTCCCCGGCGACAACGTCG_001,15
CGTCCCCGGCGACAACGTCG_002,38
CGTCCCCGGCGACAACGTCG_003,9
CGTCCCCGGCGACAACGTCG_004,174
CGTCCCCGGCGACAACGTCG_005,68
CGTCCCCGGCGACAACGTCG_006,4
CGTCCCCGGCGACAACGTCG_007,144
CGTCCCCGGCGACAACGTCG_008,115
CGTCCCCGGCGACAACGTCG_009,144
CGTCCCCGGCGACAACGTCG_010,168
CGTCCCCGGCGACAACGTCG_011,194
GAAGAACATTTACACCATCC_001,35
GCTAGGCCAGAGGATACCGT_001,130
GCTAGGCCAGAGGATACCGT_002,50
GCTAGGCCAGAGGATACCGT_003,1
GCTAGGCCAGAGGATACCGT_004,129
GCTAGGCCAGAGGATACCGT_005,82
GCTAGGCCAGAGGATACCGT_006,17
GCTAGGCCAGAGGATACCGT_007,49
GCTAGGCCAGAGGATACCGT_008,15
GCTAGGCCAGAGGATACCGT_009,166
GCTAGGCCAGAGGATACCGT_010,171
GTAGCTGACATATTGAGCAG_001,78
ATTCCTCTCCAAAAATGCTA_001,68
ATTCCTCTCCAAAAATGCTA_002,70
ATTCCTCTCCAAAAATGCTA_003,23
ATTCCTCTCCAAAAATGCTA_004,91
ATTCCTCTCCAAAAATGCTA_005,40
AGATAGACTCAACAGGGCCA_001,73
AGATAGACTCAACAGGGCCA_002,77
AGATAGACTCAACAGGGCCA_003,27
AGATAGACTCAACAGGGCCA_004,42
AGATAGACTCAACAGGGCCA_005,159
AGATAGACTCAACAGGGCCA_006,163
AGATAGACTCAACAGGGCCA_007,97
AGATAGACTCAACAGGGCCA_008,119
AGATAGACTCAACAGGGCCA_009,119
AGATAGACTCAACAGGGCCA_010,177
AGATAGACTCAACAGGGCCA_011,58
AGATAGACTCAACAGGGCCA_012,191
AGATAGACTCAACAGGGCCA_013,77
AGATAGACTCAACAGGGCCA_014,181
AGATAGACTCAACAGGGCCA_015,147
AGATAGACTCAACAGGGCCA_016,169
AGATAGACTCAACAGGGCCA_017,181
CAGACAAAGTTGTGCATGAG_001,60
CAGACAAAGTTGTGCATGAG_002,60
CAGACAAAGTTGTGCATGAG_003,170
CAGACAAAGTTGTGCATGAG_004,133
CAGACAAAGTTGTGCATGAG_005,51
CAGACAAAGTTGTGCATGAG_006,75
CAGACAAAGTTGTGCATGAG_007,123
CAGACAAAGTTGTGCATGAG_008,68
CAGACAAAGTTGTGCATGAG_009,152
CAGACAAAGTTGTGCATGAG_010,141
CAGACAAAGTTGTGCATGAG_011,190
CAGACAAAGTTGTGCATGAG_012,176
CAGACAAAGTTGTGCATGAG_013,184
CAGACAAAGTTGTGCATGAG_014,6
CAGACAAAGTTGTGCATGAG_015,42
CAGACAAAGTTGTGCATGAG_016,177
CAGCATCACGCGCCCCAACG_001,72
CAGCATCACGCGCCCCAACG_002,126
CAGCATCACGCGCCCCAACG_003,41
CAGCATCACGCGCCCCAACG_004,148
CAGCATCACGCGCCCCAACG_005,194
CAGCATCACGCGCCCCAACG_006,31
CAGCATCACGCGCCCCAACG_007,62
CAGCATCACGCGCCCCAACG_008,137
CAGCATCACGCGCCCCAACG_009,106
CGTGGTGCTCTGGACCGATG_001,139
CGTGGTGCTCTGGACCGATG_002,113
CGTGGTGCTCTGGACCGATG_003,83
CGTGGTGCTCTGGACCGATG_004,118
CGTGGTGCTCTGGACCGATG_005,70
CGTGGTGCTCTGGACCGATG_006,94
CGTGGTGCTCTGGACCGATG_007,82
CGTGGTGCTCTGGACCGATG_008,152
CGTGGTGCTCTGGACCGATG_009,47
CTACGGCCTCCACTCCAGCG_001,82
CTACGGCCTCCACTCCAGCG_002,105
CTACGGCCTCCACTCCAGCG_003,105
CTACGGCCTCCACTCCAGCG_004,150
CTACGGCCTCCACTCCAGCG_005,190
CTACGGCCTCCACTCCAGCG_006,115
CTACGGCCTCCACTCCAGCG_007,132
CTACGGCCTCCACTCCAGCG_008,120
CTACGGCCTCCACTCCAGCG_009,41
CTACGGCCTCCACTCCAGCG_010,108
CTACGGCCTCCACTCCAGCG_011,199
CTACGGCCTCCACTCCAGCG_012,27
CTACGGCCTCCACTCCAGCG_013,98
CTACGGCCTCCACTCCAGCG_014,33
CTACGGCCTCCACTCCAGCG_015,23
CTACGGCCTCCACTCCAGCG_016,142
CTACGGCCTCCACTCCAGCG_017,188
CTACGGCCTCCACTCCAGCG_018,116
CTACGGCCTCCACTCCAGCG_019,120
CTACGGCCTCCACTCCAGCG_020,17
CTACGGCCTCCACTCCAGCG_021,188
CTACGGCCTCCACTCCAGCG_022,12
CTACGGCCTCCACTCCAGCG_023,129
CTACGGCCTCCACTCCAGCG_024,100
CTACGGCCTCCACTCCAGCG_025,94
CTACGGCCTCCACTCCAGCG_026,169
CTACGGCCTCCACTCCAGCG_027,80
CTACGGCCTCCACTCCAGCG_028,168
CTACGGCCTCCACTCCAGCG_029,118
CTACGGCCTCCACTCCAGCG_030,159
CTACGGCCTCCACTCCAGCG_031,161
GAAGATGATCAATGTTTACA_001,92
GAAGATGATCAATGTTTACA_002,70
GAAGATGATCAATGTTTACA_003,98
GAAGATGATCAATGTTTACA_004,119
GAAGATGATCAATGTTTACA_005,6
GAAGATGATCAATGTTTACA_006,161
GCAATTTCATCACGAAAACC_001,81
GCAATTTCATCACGAAAACC_002,155
GGCTCACTGGAAGACAAGCT_001,16
GGCTCACTGGAAGACAAGCT_002,147
GGCTCACTGGAAGACAAGCT_003,138
GGCTCACTGGAAGACAAGCT_004,68
GGCTCACTGGAAGACAAGCT_005,45
GGCTCACTGGAAGACAAGCT_006,14
AGGAGCCGCAGAGACAACCG_001,14
AGGAGCCGCAGAGACAACCG_002,15
AGGAGCCGCAGAGACAACCG_003,174
AGGAGCCGCAGAGACAACCG_004,160
AGGAGCCGCAGAGACAACCG_005,86
AGGAGCCGCAGAGACAACCG_006,135
AGGAGCCGCAGAGACAACCG_007,170
AGGAGCCGCAGAGACAACCG_008,12
AGGAGCCGCAGAGACAACCG_009,169
AGGAGCCGCAGAGACAACCG_010,6
AGGAGCCGCAGAGACAACCG_011,161
AGGAGCCGCAGAGACAACCG_012,197
AGGAGCCGCAGAGACAACCG_013,88
AGGAGCCGCAGAGACAACCG_014,124
AGGAGCCGCAGAGACAACCG_015,149
AGGAGCCGCAGAGACAACCG_016,91
AGGAGCCGCAGAGACAACCG_017,124
AGGAGCCGCAGAGACAACCG_018,147
AGGAGCCGCAGAGACAACCG_019,172
GATCCGATCAGCTACCAAGC_001,78
GATCCGATCAGCTACCAAGC_002,152
AACTTGAAGCTACAGGCACG_001,73
AACTTGAAGCTACAGGCACG_002,171
AACTTGAAGCTACAGGCACG_003,6
AACTTGAAGCTACAGGCACG_004,138
AACTTGAAGCTACAGGCACG_005,14
AACTTGAAGCTACAGGCACG_006,172
AACTTGAAGCTACAGGCACG_007,144
AACTTGAAGCTACAGGCACG_008,57
AACTTGAAGCTACAGGCACG_009,31
AACTTGAAGCTACAGGCACG_010,141
AACTTGAAGCTACAGGCACG_011,52
AACTTGAAGCTACAGGCACG_012,6
AACTTGAAGCTACAGGCACG_013,150
AACTTGAAGCTACAGGCACG_014,50
AACTTGAAGCTACAGGCACG_015,176
AACTTGAAGCTACAGGCACG_016,105
AACTTGAAGCTACAGGCACG_017,41
AACTTGAAGCTACAGGCACG_018,12
AACTTGAAGCTACAGGCACG_019,176
AACTTGAAGCTACAGGCACG_020,137
AACTTGAAGCTACAGGCACG_021,34
AACTTGAAGCTACAGGCACG_022,185
AACTTGAAGCTACAGGCACG_023,34
AACTTGAAGCTACAGGCACG_024,115
GGAGGACCCGGACCACACAG_001,166
GGAGGACCCGGACCACACAG_002,26
GGAGGACCCGGACCACACAG_003,81
GGAGGACCCGGACCACACAG_004,132
GGAGGACCCGGACCACACAG_005,15
GGAGGACCCGGACCACACAG_006,154
GGAGGACCCGGACCACACAG_007,0
GGAGGACCCGGACCACACAG_008,46
GGAGGACCCGGACCACACAG_009,46
GGAGGACCCGGACCACACAG_010,157
GGAGGACCCGGACCACACAG_011,166
GGAGGACCCGGACCACACAG_012,158
GGAGGACCCGGACCACACAG_013,147
GGAGGACCCGGACCACACAG_014,186
GGAGGACCCGGACCACACAG_015,130
GGAGGACCCGGACCACACAG_016,176
GGAGGACCCGGACCACACAG_017,95
GGAGGACCCGGACCACACAG_018,40
GGAGGACCCGGACCACACAG_019,172
GGAGGACCCGGACCACACAG_020,25
GGAGGACCCGGACCACACAG_021,107
GGAGGACCCGGACCACACAG_022,60
GGAGGACCCGGACCACACAG_023,72
GGAGGACCCGGACCACACAG_024,175
GGAGGACCCGGACCACACAG_025,94
GGAGGACCCGGACCACACAG_026,99
GGAGGACCCGGACCACACAG_027,34
AGTGGTTAGCTTCATTACAA_001,86
CACACTGGTAAAATGAACCC_001,21
CACACTGGTAAAATGAACCC_002,58
CACACTGGTAAAATGAACCC_003,169
CACACTGGTAAAATGAACCC_004,47
CACACTGGTAAAATGAACCC_005,60
GCGGCGACCTGGCACCAGCG_001,17
GCGGCGACCTGGCACCAGCG_002,141
GCGGCGACCTGGCACCAGCG_003,30
GCGGCGACCTGGCACCAGCG_004,186
GCGGCGACCTGGCACCAGCG_005,50
GCGGCGACCTGGCACCAGCG_006,63
GCGGCGACCTGGCACCAGCG_007,158
GCGGCGACCTGGCACCAGCG_008,1
GCGGCGACCTGGCACCAGCG_009,162
CAGCTCGCGCGGACTCCCCG_001,172
CAGCTCGCGCGGACTCCCCG_002,182
CAGCTCGCGCGGACTCCCCG_003,185
CAGCTCGCGCGGACTCCCCG_004,183
CAGCTCGCGCGGACTCCCCG_005,162
CAGCTCGCGCGGACTCCCCG_006,35
CAGCTCGCGCGGACTCCCCG_007,112
CAGCTCGCGCGGACTCCCCG_008,12
CAGCTCGCGCGGACTCCCCG_009,2
CAGCTCGCGCGGACTCCCCG_010,151
CAGCTCGCGCGGACTCCCCG_011,166
CAGCTCGCGCGGACTCCCCG_012,102
CAGCTCGCGCGGACTCCCCG_013,150
CAGCTCGCGCGGACTCCCCG_014,30
CAGCTCGCGCGGACTCCCCG_015,25
CAGCTCGCGCGGACTCCCCG_016,78
CAGCTCGCGCGGACTCCCCG_017,11
CAGCTCGCGCGGACTCCCCG_018,37
CAGCTCGCGCGGACTCCCCG_019,37
CAGCTCGCGCGGACTCCCCG_020,191
CAGCTCGCGCGGACTCCCCG_021,17
CAGCTCGCGCGGACTCCCCG_022,148
CAGCTCGCGCGGACTCCCCG_023,24
CAGCTCGCGCGGACTCCCCG_024,83
CAGCTCGCGCGGACTCCCCG_025,96
CAGCTCGCGCGGACTCCCCG_026,97
CAGCTCGCGCGGACTCCCCG_027,128
CAGCTCGCGCGGACTCCCCG_028,88
CAGCTCGCGCGGACTCCCCG_029,47
CAGCTCGCGCGGACTCCCCG_030,47
CAGCTCGCGCGGACTCCCCG_031,130
CAGCTCGCGCGGACTCCCCG_032,177
CAGCTCGCGCGGACTCCCCG_033,177
CAGCTCGCGCGGACTCCCCG_034,105
CAGCTCGCGCGGACTCCCCG_035,63
CAGCTCGCGCGGACTCCCCG_036,180
CAGCTCGCGCGGACTCCCCG_037,37
TGAAAGTGATCGTCGTCATG_001,161
TGAAAGTGATCGTCGTCATG_002,17
TGAAAGTGATCGTCGTCATG_003,40
TGAAAGTGATCGTCGTCATG_004,125
TGAAAGTGATCGTCGTCATG_005,15
TCCAGGTGCCGAACCGAACG_001,16
TCCAGGTGCCGAACCGAACG_002,28
TCCAGGTGCCGAACCGAACG_003,130
TCCAGGTGCCGAACCGAACG_004,160
TCCAGGTGCCGAACCGAACG_005,161
TCCAGGTGCCGAACCGAACG_006,184
TCCAGGTGCCGAACCGAACG_007,36
TCCAGGTGCCGAACCGAACG_008,195
TCCAGGTGCCGAACCGAACG_009,165
TCCAGGTGCCGAACCGAACG_010,1
GTTCCAAATCATTACCAAGG_001,159
TTCCACATGGAGTACAGCTG_001,6
TTCCACATGGAGTACAGCTG_002,6
TTCCACATGGAGTACAGCTG_003,127
TTCCACATGGAGTACAGCTG_004,157
TTCCACATGGAGTACAGCTG_005,186
TTCCACATGGAGTACAGCTG_006,117
TTCCACATGGAGTACAGCTG_007,40
AGGTCATGATGTAGCGATAG_001,73
AGGTCATGATGTAGCGATAG_002,73
AGGTCATGATGTAGCGATAG_003,17
AGGTCATGATGTAGCGATAG_004,106
AGGTCATGATGTAGCGATAG_005,17
AGGTCATGATGTAGCGATAG_006,8
AGGTCATGATGTAGCGATAG_007,160
CCCTCGATTCTACAATTCGG_001,76
CCCTCGATTCTACAATTCGG_002,161
CCCTCGATTCTACAATTCGG_003,162
CCCTCGATTCTACAATTCGG_004,124
CCCTCGATTCTACAATTCGG_005,86
GAGACTTACATAGTTAGCTA_001,171
GAGACTTACATAGTTAGCTA_002,62
GAGACTTACATAGTTAGCTA_003,150
GAGACTTACATAGTTAGCTA_004,77
GAGACTTACATAGTTAGCTA_005,71
GAGACTTACATAGTTAGCTA_006,141
GAGACTTACATAGTTAGCTA_007,77
GAGACTTACATAGTTAGCTA_008,182
GAGACTTACATAGTTAGCTA_009,189
GAGACTTACATAGTTAGCTA_010,77
GAGACTTACATAGTTAGCTA_011,105
GAGACTTACATAGTTAGCTA_012,19
GAGACTTACATAGTTAGCTA_013,90
GTAGGTACATGGAAAACTTG_001,121
GTAGGTACATGGAAAACTTG_002,77
GTAGGTACATGGAAAACTTG_003,78
GTAGGTACATGGAAAACTTG_004,109
GTAGGTACATGGAAAACTTG_005,182
GTAGGTACATGGAAAACTTG_006,106
GTAGGTACATGGAAAACTTG_007,48
GTAGGTACATGGAAAACTTG_008,3
GTAGGTACATGGAAAACTTG_009,56
GTAGGTACATGGAAAACTTG_010,28
GTTGACAGGTTTCAGTTTCG_001,135
GTTGACAGGTTTCAGTTTCG_002,175
GTTGACAGGTTTCAGTTTCG_003,160
GTTGACAGGTTTCAGTTTCG_004,29
GTTGACAGGTTTCAGTTTCG_005,71
GTTGACAGGTTTCAGTTTCG_006,30
GTTGACAGGTTTCAGTTTCG_007,48
GTTGACAGGTTTCAGTTTCG_008,94
CTCAACAAAGTCTTCATAGG_001,138
GTCCCGAACGGCATGCACCG_001,45
GTCCCGAACGGCATGCACCG_002,102
GTCCCGAACGGCATGCACCG_003,76
GTCCCGAACGGCATGCACCG_004,132
GTCCCGAACGGCATGCACCG_005,158
GTCCCGAACGGCATGCACCG_006,162
GTCCCGAACGGCATGCACCG_007,149
GTCCCGAACGGCATGCACCG_008,165
GTCCCGAACGGCATGCACCG_009,44
GTCCCGAACGGCATGCACCG_010,30
GTCCCGAACGGCATGCACCG_011,89
GTCCCGAACGGCATGCACCG_012,78
GTCCCGAACGGCATGCACCG_013,9
GTCCCGAACGGCATGCACCG_014,108
GTCCCGAACGGCATGCACCG_015,56
GTCCCGAACGGCATGCACCG_016,70
GTCCCGAACGGCATGCACCG_017,6
GTCCCGAACGGCATGCACCG_018,165
GTCCCGAACGGCATGCACCG_019,19
AACACCGAATGCATTGGTGG_001,115
AACACCGAATGCATTGGTGG_002,48
AACACCGAATGCATTGGTGG_003,48
AACACCGAATGCATTGGTGG_004,145
AACACCGAATGCATTGGTGG_005,176
GAGGATCTGTGGGTGCGCGG_001,61
GAGGATCTGTGGGTGCGCGG_002,178
GAGGATCTGTGGGTGCGCGG_003,15
GAGGATCTGTGGGTGCGCGG_004,104
GAGGATCTGTGGGTGCGCGG_005,92
GAGGATCTGTGGGTGCGCGG_006,153
GAGGATCTGTGGGTGCGCGG_007,147
GAGGATCTGTGGGTGCGCGG_008,165
GAGGATCTGTGGGTGCGCGG_009,8
GAGGATCTGTGGGTGCGCGG_010,171
GAGGATCTGTGGGTGCGCGG_011,145
GAGGATCTGTGGGTGCGCGG_012,85
GAGGATCTGTGGGTGCGCGG_013,169
GAGGATCTGTGGGTGCGCGG_014,199
GAGGATCTGTGGGTGCGCGG_015,134
GAGGATCTGTGGGTGCGCGG_016,67
GAGGATCTGTGGGTGCGCGG_017,83
GAGGATCTGTGGGTGCGCGG_018,194
GAGGATCTGTGGGTGCGCGG_019,113
GAGGATCTGTGGGTGCGCGG_020,76
GAGGATCTGTGGGTGCGCGG_021,65
GAGGATCTGTGGGTGCGCGG_022,107
GAGGATCTGTGGGTGCGCGG_023,122
GAGGATCTGTGGGTGCGCGG_024,12
GAGGATCTGTGGGTGCGCGG_025,165
GAGGATCTGTGGGTGCGCGG_026,11
GAGGATCTGTGGGTGCGCGG_027,45
GAGGATCTGTGGGTGCGCGG_028,83
GAGGATCTGTGGGTGCGCGG_029,76
GAGGATCTGTGGGTGCGCGG_030,53
GAGGATCTGTGGGTGCGCGG_031,15
GAGGATCTGTGGGTGCGCGG_032,70
GAGGATCTGTGGGTGCGCGG_033,15
GAGGATCTGTGGGTGCGCGG_034,88
GAGGATCTGTGGGTGCGCGG_035,154
GAGGATCTGTGGGTGCGCGG_036,4
GAGGATCTGTGGGTGCGCGG_037,41
GAGGATCTGTGGGTGCGCGG_038,171
GAGGATCTGTGGGTGCGCGG_039,75
GAGGATCTGTGGGTGCGCGG_040,115
GAGGATCTGTGGGTGCGCGG_041,29
GAGGATCTGTGGGTGCGCGG_042,108
GAGGATCTGTGGGTGCGCGG_043,127
GCCTGGTCCTAGATTTACAA_001,94
GCCTGGTCCTAGATTTACAA_002,10
GCCTGGTCCTAGATTTACAA_003,115
GCCTGGTCCTAGATTTACAA_004,98
GCCTGGTCCTAGATTTACAA_005,39
AAGCTGCAACACTACACCAG_001,150
AAGCTGCAACACTACACCAG_002,5
AAGCTGCAACACTACACCAG_003,36
AAGCTGCAACACTACACCAG_004,40
AAGCTGCAACACTACACCAG_005,5
AAGCTGCAACACTACACCAG_006,5
AAGCTGCAACACTACACCAG_007,155
AAGCTGCAACACTACACCAG_008,17
AAGCTGCAACACTACACCAG_009,37
AAGCTGCAACACTACACCAG_010,193
AAGCTGCAACACTACACCAG_011,167
AAGCTGCAACACTACACCAG_012,142
AAGCTGCAACACTACACCAG_013,22
AAGCTGCAACACTACACCAG_014,42
AAGCTGCAACACTACACCAG_015,121
AAGCTGCAACACTACACCAG_016,8
CAGCAAACCCCGAGTCACAC_001,140
CAGCAAACCCCGAGTCACAC_002,158
CAGCAAACCCCGAGTCACAC_003,114
CAGCAAACCCCGAGTCACAC_004,149
CAGCAAACCCCGAGTCACAC_005,151
CAGCAAACCCCGAGTCACAC_006,42
CAGCAAACCCCGAGTCACAC_007,113
CAGCAAACCCCGAGTCACAC_008,1
CAGCAAACCCCGAGTCACAC_009,148
CAGCAAACCCCGAGTCACAC_010,134
CAGCAAACCCCGAGTCACAC_011,4
CAGCAAACCCCGAGTCACAC_012,137
CAGCAAACCCCGAGTCACAC_013,39
CAGCAAACCCCGAGTCACAC_014,104
CAGCAAACCCCGAGTCACAC_015,138
AAGAAGGTCCCTCTCCAAGA_001,117
AAGAAGGTCCCTCTCCAAGA_002,117
AAGAAGGTCCCTCTCCAAGA_003,158
AAGAAGGTCCCTCTCCAAGA_004,3
AAGAAGGTCCCTCTCCAAGA_005,3
AAGAAGGTCCCTCTCCAAGA_006,185
TCTAACTCCAACTTACGCTC_001,106
TCTAACTCCAACTTACGCTC_002,6
TCTAACTCCAACTTACGCTC_003,6
TCTAACTCCAACTTACGCTC_004,1
TCTAACTCCAACTTACGCTC_005,169
TCTAACTCCAACTTACGCTC_006,78
TCTAACTCCAACTTACGCTC_007,12
TCTAACTCCAACTTACGCTC_008,124
TCTAACTCCAACTTACGCTC_009,10
TCTAACTCCAACTTACGCTC_010,88
TCTAACTCCAACTTACGCTC_011,181
TCTAACTCCAACTTACGCTC_012,41
TCTAACTCCAACTTACGCTC_013,197
TGCATGACACAGTGTAACGT_001,185
TGCATGACACAGTGTAACGT_002,137
TGCATGACACAGTGTAACGT_003,107
TGCATGACACAGTGTAACGT_004,88
TGTTTGTCTCCAGAGGGCGC_001,22
TGTTTGTCTCCAGAGGGCGC_002,26
TGTTTGTCTCCAGAGGGCGC_003,68
TGTTTGTCTCCAGAGGGCGC_004,102
TGTTTGTCTCCAGAGGGCGC_005,16
TGTTTGTCTCCAGAGGGCGC_006,68
AACTTGAAGGGCAAGTTGGG_001,43
AACTTGAAGGGCAAGTTGGG_002,23
AACTTGAAGGGCAAGTTGGG_003,183
AACTTGAAGGGCAAGTTGGG_004,116
AACTTGAAGGGCAAGTTGGG_005,16
CTTGCAGGTACTTTATGTAG_001,176
CTTGCAGGTACTTTATGTAG_002,19
CTTGCAGGTACTTTATGTAG_003,107
CTTGCAGGTACTTTATGTAG_004,126
GCTATGTAGAGGACCCCCAG_001,45
GCTATGTAGAGGACCCCCAG_002,43
GCTATGTAGAGGACCCCCAG_003,70
GTGCGTATCGTTGGCCCTCG_001,134
GTGCGTATCGTTGGCCCTCG_002,29
GTGCGTATCGTTGGCCCTCG_003,105
GTGCGTATCGTTGGCCCTCG_004,59
GTGCGTATCGTTGGCCCTCG_005,39
GTGCGTATCGTTGGCCCTCG_006,45
GTGCGTATCGTTGGCCCTCG_007,2
GTGCGTATCGTTGGCCCTCG_008,33
GTGCGTATCGTTGGCCCTCG_009,198
GTGCGTATCGTTGGCCCTCG_010,60
TCGTGACCAAGACGCTACGG_001,152
TCGTGACCAAGACGCTACGG_002,101
TCGTGACCAAGACGCTACGG_003,148
TCGTGACCAAGACGCTACGG_004,160
TCGTGACCAAGACGCTACGG_005,2
TCGTGACCAAGACGCTACGG_006,183
TCGTGACCAAGACGCTACGG_007,120
TCGTGACCAAGACGCTACGG_008,1
TCGTGACCAAGACGCTACGG_009,99
TCGTGACCAAGACGCTACGG_010,19
TCGTGACCAAGACGCTACGG_011,48
TCGTGACCAAGACGCTACGG_012,50
TCGTGACCAAGACGCTACGG_013,33
TCGTGACCAAGACGCTACGG_014,166
TCGTGACCAAGACGCTACGG_015,34
TCGTGACCAAGACGCTACGG_016,37
TGCTGAAGCATATTGACTTG_001,7
TGCTGAAGCATATTGACTTG_002,177
TGCTGAAGCATATTGACTTG_003,29
TGCTGAAGCATATTGACTTG_004,55
TGCTGAAGCATATTGACTTG_005,162
TGCTGAAGCATATTGACTTG_006,63
CCAGCTTGATGTGTCCTGTG_001,101
CCAGCTTGATGTGTCCTGTG_002,74
CCAGCTTGATGTGTCCTGTG_003,188
CCAGCTTGATGTGTCCTGTG_004,145
CCAGCTTGATGTGTCCTGTG_005,105
CCAGCTTGATGTGTCCTGTG_006,43
CCAGCTTGATGTGTCCTGTG_007,3
CCAGCTTGATGTGTCCTGTG_008,39
GGTCGGCTATTGTTTGGCAA_001,74
GGTCGGCTATTGTTTGGCAA_002,70
GGTCGGCTATTGTTTGGCAA_003,42
GGTCGGCTATTGTTTGGCAA_004,42
GGTCGGCTATTGTTTGGCAA_005,42
ACGCAGATGTTTACTGGTGT_001,65
ACGCAGATGTTTACTGGTGT_002,23
ACGCAGATGTTTACTGGTGT_003,23
ACGCAGATGTTTACTGGTGT_004,169
ACGCAGATGTTTACTGGTGT_005,153
AAGCTGTAACCACTAATCAG_001,149
AAGCTGTAACCACTAATCAG_002,82
CTGCATACATCTCCGACACT_001,145
CTGCATACATCTCCGACACT_002,35
CTGCATACATCTCCGACACT_003,160
CTGCATACATCTCCGACACT_004,12
CTGCATACATCTCCGACACT_005,113
CTGCATACATCTCCGACACT_006,124
AGCCAGATTTCAGCGCATGA_001,154
AGCCAGATTTCAGCGCATGA_002,54
AGCCAGATTTCAGCGCATGA_003,149
AGCCAGATTTCAGCGCATGA_004,148
GCCTCCCCACTGAGGAACTG_001,170
GCCTCCCCACTGAGGAACTG_002,83
GCCTCCCCACTGAGGAACTG_003,154
GCCTCCCCACTGAGGAACTG_004,85
GCCTCCCCACTGAGGAACTG_005,177
GCCTCCCCACTGAGGAACTG_006,112
GCCTCCCCACTGAGGAACTG_007,72
GCCTCCCCACTGAGGAACTG_008,86
GCCTCCCCACTGAGGAACTG_009,158
GCCTCCCCACTGAGGAACTG_010,169
GCCTCCCCACTGAGGAACTG_011,156
GCCTCCCCACTGAGGAACTG_012,23
GCCTCCCCACTGAGGAACTG_013,43
CGATGACGAGCCAGAGTACG_001,159
CGATGACGAGCCAGAGTACG_002,113
CGATGACGAGCCAGAGTACG_003,88
CGATGACGAGCCAGAGTACG_004,141
CGATGACGAGCCAGAGTACG_005,191
CGATGACGAGCCAGAGTACG_006,158
CGATGACGAGCCAGAGTACG_007,105
CGATGACGAGCCAGAGTACG_008,52
CGATGACGAGCCAGAGTACG_009,33
CGATGACGAGCCAGAGTACG_010,146
CGATGACGAGCCAGAGTACG_011,126
CGATGACGAGCCAGAGTACG_012,1
CGATGACGAGCCAGAGTACG_013,166
CGATGACGAGCCAGAGTACG_014,106
CGATGACGAGCCAGAGTACG_015,119
CGATGACGAGCCAGAGTACG_016,33
TGAGTCCAGATCTTCACATG_001,114
TGAGTCCAGATCTTCACATG_002,114
TGAGTCCAGATCTTCACATG_003,17
TGAGTCCAGATCTTCACATG_004,171
TGAGTCCAGATCTTCACATG_005,144
TGAGTCCAGATCTTCACATG_006,196
GACGACAAGCCAGACGACTC_001,137
GACGACAAGCCAGACGACTC_002,172
GACGACAAGCCAGACGACTC_003,12
GACGACAAGCCAGACGACTC_004,77
GACGACAAGCCAGACGACTC_005,125
GACGACAAGCCAGACGACTC_006,162
GACGACAAGCCAGACGACTC_007,175
GACGACAAGCCAGACGACTC_008,67
GACGACAAGCCAGACGACTC_009,84
GACGACAAGCCAGACGACTC_010,172
GACGACAAGCCAGACGACTC_011,63
GACGACAAGCCAGACGACTC_012,6
GACGACAAGCCAGACGACTC_013,76
CTGCGACTAGATTGTTCTCA_001,73
CTGCGACTAGATTGTTCTCA_002,67
CTGCGACTAGATTGTTCTCA_003,184
GAAGCCGCGACAGCATAGTG_001,17
GAAGCCGCGACAGCATAGTG_002,72
GAAGCCGCGACAGCATAGTG_003,20
GAAGCCGCGACAGCATAGTG_004,72
GAAGCCGCGACAGCATAGTG_005,115
GAAGCCGCGACAGCATAGTG_006,180
GAAGCCGCGACAGCATAGTG_007,76
GAAGCCGCGACAGCATAGTG_008,58
GAAGCCGCGACAGCATAGTG_009,94
GAAGCCGCGACAGCATAGTG_010,187
GAAGCCGCGACAGCATAGTG_011,7
GAAGCCGCGACAGCATAGTG_012,166
AAATTCCGAAGACTACATGA_001,150
AAATTCCGAAGACTACATGA_002,142
AAATTCCGAAGACTACATGA_003,115
AAATTCCGAAGACTACATGA_004,192
AAATTCCGAAGACTACATGA_005,70
AAATTCCGAAGACTACATGA_006,186
AAATTCCGAAGACTACATGA_007,54
AAATTCCGAAGACTACATGA_008,16
AAATTCCGAAGACTACATGA_009,17
AAATTCCGAAGACTACATGA_010,15
AAATTCCGAAGACTACATGA_011,149
AAATTCCGAAGACTACATGA_012,151
AAATTCCGAAGACTACATGA_013,166
AAATTCCGAAGACTACATGA_014,62
AAATTCCGAAGACTACATGA_015,142
AAATTCCGAAGACTACATGA_016,184
GAAAGTTCGAAGCTTGCTAG_001,26
GAAAGTTCGAAGCTTGCTAG_002,26
GAAAGTTCGAAGCTTGCTAG_003,92
GAAAGTTCGAAGCTTGCTAG_004,128
GAAAGTTCGAAGCTTGCTAG_005,53
GAAAGTTCGAAGCTTGCTAG_006,88
GAAAGTTCGAAGCTTGCTAG_007,24
GAAAGTTCGAAGCTTGCTAG_008,41
GAAAGTTCGAAGCTTGCTAG_009,159
GAAAGTTCGAAGCTTGCTAG_010,193
GAAAGTTCGAAGCTTGCTAG_011,105
GAAAGTTCGAAGCTTGCTAG_012,124
GAAAGTTCGAAGCTTGCTAG_013,1
GAAAGTTCGAAGCTTGCTAG_014,148
GAAAGTTCGAAGCTTGCTAG_015,148
AAGCACATAAAGATGAACGG_001,49
AAGCACATAAAGATGAACGG_002,16
AAGCACATAAAGATGAACGG_003,114
AAGCACATAAAGATGAACGG_004,83
AAGCACATAAAGATGAACGG_005,154
AAGCACATAAAGATGAACGG_006,176
AAGCACATAAAGATGAACGG_007,35
AGAGCAGACCACGGTATGGG_001,196
AGAGCAGACCACGGTATGGG_002,192
AGAGCAGACCACGGTATGGG_003,25
AGAGCAGACCACGGTATGGG_004,162
AGAGCAGACCACGGTATGGG_005,48
AGAGCAGACCACGGTATGGG_006,45
AGAGCAGACCACGGTATGGG_007,38
AGAGCAGACCACGGTATGGG_008,119
AGAGCAGACCACGGTATGGG_009,98
AGAGCAGACCACGGTATGGG_010,169
AGAGCAGACCACGGTATGGG_011,30
AGAGCAGACCACGGTATGGG_012,190
AGAGCAGACCACGGTATGGG_013,102
AGAGCAGACCACGGTATGGG_014,64
AGAGCAGACCACGGTATGGG_015,177
AGAGCAGACCACGGTATGGG_016,187
AGAGCAGACCACGGTATGGG_017,58
AGAGCAGACCACGGTATGGG_018,5
AGAGCAGACCACGGTATGGG_019,16
AGAGCAGACCACGGTATGGG_020,41
AGAGCAGACCACGGTATGGG_021,41
AGAGCAGACCACGGTATGGG_022,17
AGAGCAGACCACGGTATGGG_023,60
AGAGCAGACCACGGTATGGG_024,46
AGAGCAGACCACGGTATGGG_025,147
AGAGCAGACCACGGTATGGG_026,176
AGAGCAGACCACGGTATGGG_027,51
AGAGCAGACCACGGTATGGG_028,180
AGAGCAGACCACGGTATGGG_029,70
AGAGCAGACCACGGTATGGG_030,70
AGAGCAGACCACGGTATGGG_031,75
AGAGCAGACCACGGTATGGG_032,56
AGAGCAGACCACGGTATGGG_033,13
AGACTCACGTGACAAAGATG_001,62
ACTGCTGGGTTATGATATGG_001,48
ACTGCTGGGTTATGATATGG_002,88
ACTGCTGGGTTATGATATGG_003,30
ACTGCTGGGTTATGATATGG_004,2
ACTGCTGGGTTATGATATGG_005,43
ACTGCTGGGTTATGATATGG_006,1
ACTGCTGGGTTATGATATGG_007,58
ACTGCTGGGTTATGATATGG_008,72
TCACCCTGCCAGATCATGAG_001,132
TCACCCTGCCAGATCATGAG_002,153
TCACCCTGCCAGATCATGAG_003,72
TCACCCTGCCAGATCATGAG_004,27
TCACCCTGCCAGATCATGAG_005,79
TCACCCTGCCAGATCATGAG_006,9
TCACCCTGCCAGATCATGAG_007,96
TCACCCTGCCAGATCATGAG_008,118
TCACCCTGCCAGATCATGAG_009,91
CAAGGCCACAATGACCACAA_001,114
CAAGGCCACAATGACCACAA_002,114
CAAGGCCACAATGACCACAA_003,141
CAAGGCCACAATGACCACAA_004,172
CAAGGCCACAATGACCACAA_005,28
GCCTCTGTGACCATAGACCT_001,84
GCCTCTGTGACCATAGACCT_002,101
GCCTCTGTGACCATAGACCT_003,193
GCCTCTGTGACCATAGACCT_004,7
GCCTCTGTGACCATAGACCT_005,81
GCCTCTGTGACCATAGACCT_006,67
GCCTCTGTGACCATAGACCT_007,127
GCCTCTGTGACCATAGACCT_008,65
GCCTCTGTGACCATAGACCT_009,42
GCCTCTGTGACCATAGACCT_010,134
GCCTCTGTGACCATAGACCT_011,21
GCCTCTGTGACCATAGACCT_012,183
GCCTCTGTGACCATAGACCT_013,41
GCCTCTGTGACCATAGACCT_014,198
GCCTCTGTGACCATAGACCT_015,23
GCCTCTGTGACCATAGACCT_016,1
GCCTCTGTGACCATAGACCT_017,148
GCCTCTGTGACCATAGACCT_018,88
GCCTCTGTGACCATAGACCT_019,17
GCCTCTGTGACCATAGACCT_020,194
GCCTCTGTGACCATAGACCT_021,142
GCCTCTGTGACCATAGACCT_022,161
GCCTCTGTGACCATAGACCT_023,116
GCCTCTGTGACCATAGACCT_024,115
GCCTCTGTGACCATAGACCT_025,69
GCCTCTGTGACCATAGACCT_026,168
GCCTCTGTGACCATAGACCT_027,168
GCCTCTGTGACCATAGACCT_028,144
GCCTCTGTGACCATAGACCT_029,66
GCCTCTGTGACCATAGACCT_030,179
CAGGGACCCAATCAATCATG_001,125
CAGGGACCCAATCAATCATG_002,85
CAGGGACCCAATCAATCATG_003,43
CAGGGACCCAATCAATCATG_004,179
GGCACAAGTCAGTACCAGGT_001,56
GGCACAAGTCAGTACCAGGT_002,63
CTTGGGACACCCAGTATACG_001,127
CTTGGGACACCCAGTATACG_002,150
CTTGGGACACCCAGTATACG_003,110
CTTGGGACACCCAGTATACG_004,192
CTTGGGACACCCAGTATACG_005,161
CTTGGGACACCCAGTATACG_006,177
CTTGGGACACCCAGTATACG_007,165
CTTGGGACACCCAGTATACG_008,164
GGGCCCAATAAAGCTCCGAC_001,147
GGGCCCAATAAAGCTCCGAC_002,112
GGGCCCAATAAAGCTCCGAC_003,156
GGGCCCAATAAAGCTCCGAC_004,77
GGGCCCAATAAAGCTCCGAC_005,17
GGGCCCAATAAAGCTCCGAC_006,162
GGGCCCAATAAAGCTCCGAC_007,114
GGGCCCAATAAAGCTCCGAC_008,0
GGGCCCAATAAAGCTCCGAC_009,43
GGAGCGAATCAAGGAGCGTG_001,189
GGAGCGAATCAAGGAGCGTG_002,65
GGAGCGAATCAAGGAGCGTG_003,65
GGAGCGAATCAAGGAGCGTG_004,185
GGAGCGAATCAAGGAGCGTG_005,130
GGAGCGAATCAAGGAGCGTG_006,189
GGAGCGAATCAAGGAGCGTG_007,15
GGAGCGAATCAAGGAGCGTG_008,117
GGAGCGAATCAAGGAGCGTG_009,11
GGAGCGAATCAAGGAGCGTG_010,99
GGAGCGAATCAAGGAGCGTG_011,162
GGAGCGAATCAAGGAGCGTG_012,57
GGAGCGAATCAAGGAGCGTG_013,56
GGAGCGAATCAAGGAGCGTG_014,180
GGAGCGAATCAAGGAGCGTG_015,41
GGAGCGAATCAAGGAGCGTG_016,180
GTCTACTCACTGGATCGCTG_001,81
GTCTACTCACTGGATCGCTG_002,130
GTCTACTCACTGGATCGCTG_003,152
GTCTACTCACTGGATCGCTG_004,10
GTCTACTCACTGGATCGCTG_005,19
GTCTACTCACTGGATCGCTG_006,127
GTCTACTCACTGGATCGCTG_007,16
GTCTACTCACTGGATCGCTG_008,44
GTCTACTCACTGGATCGCTG_009,179
GTCTACTCACTGGATCGCTG_010,1
GTCTACTCACTGGATCGCTG_011,83
GTCTACTCACTGGATCGCTG_012,9
GTCTACTCACTGGATCGCTG_013,112
GTCTACTCACTGGATCGCTG_014,44
GTCTACTCACTGGATCGCTG_015,21
GTCTACTCACTGGATCGCTG_016,1
GTCTACTCACTGGATCGCTG_017,99
GTCTACTCACTGGATCGCTG_018,47
GTCTACTCACTGGATCGCTG_019,79
GTCTACTCACTGGATCGCTG_020,16
GTCTACTCACTGGATCGCTG_021,41
GTCTACTCACTGGATCGCTG_022,9
GACTTGAAGGAGATTCGAGT_001,105
GACTTGAAGGAGATTCGAGT_002,9
GACTTGAAGGAGATTCGAGT_003,105
GACTTGAAGGAGATTCGAGT_004,105
GACTTGAAGGAGATTCGAGT_005,134
GACTTGAAGGAGATTCGAGT_006,68
GACTTGAAGGAGATTCGAGT_007,4
GACTTGAAGGAGATTCGAGT_008,141
GACTTGAAGGAGATTCGAGT_009,178
GACTTGAAGGAGATTCGAGT_010,178
GACTTGAAGGAGATTCGAGT_011,57
GACTTGAAGGAGATTCGAGT_012,147
GGCCCAGACTGCATATGAGG_001,7
GGCCCAGACTGCATATGAGG_002,162
GGCCCAGACTGCATATGAGG_003,74
GGCCCAGACTGCATATGAGG_004,134
GGCCCAGACTGCATATGAGG_005,78
GGCCCAGACTGCATATGAGG_006,153
GGCCCAGACTGCATATGAGG_007,142
GGCCCAGACTGCATATGAGG_008,191
ACAATCTTAAAAGGCGGACA_001,60
ACAATCTTAAAAGGCGGACA_002,169
ACAATCTTAAAAGGCGGACA_003,95
ACAATCTTAAAAGGCGGACA_004,159
ACAATCTTAAAAGGCGGACA_005,158
ACAATCTTAAAAGGCGGACA_006,152
ACAATCTTAAAAGGCGGACA_007,106
ACAATCTTAAAAGGCGGACA_008,108
TCATACTATACTCATCGACA_001,88
TCATACTATACTCATCGACA_002,47
TCATACTATACTCATCGACA_003,111
TCTGGTAGCCCTCTAAACGG_001,115
TCTGGTAGCCCTCTAAACGG_002,48
TCTGGTAGCCCTCTAAACGG_003,40
TCTGGTAGCCCTCTAAACGG_004,31
TCTGGTAGCCCTCTAAACGG_005,48
TCTGGTAGCCCTCTAAACGG_006,18
TCTGGTAGCCCTCTAAACGG_007,91
TCTGGTAGCCCTCTAAACGG_008,61
TGCAGGCTGTAATATCCCTG_001,196
TGCAGGCTGTAATATCCCTG_002,14
TGCAGGCTGTAATATCCCTG_003,165
TGCAGGCTGTAATATCCCTG_004,171
TGCAGGCTGTAATATCCCTG_005,143
TGCAGGCTGTAATATCCCTG_006,62
TGCAGGCTGTAATATCCCTG_007,88
TGCAGGCTGTAATATCCCTG_008,184
TGCAGGCTGTAATATCCCTG_009,145
TGCAGGCTGTAATATCCCTG_010,127
CTTTCCAAAGTCGGGCACTG_001,88
CTTTCCAAAGTCGGGCACTG_002,80
CTTTCCAAAGTCGGGCACTG_003,105
CTTTCCAAAGTCGGGCACTG_004,60
CTTTCCAAAGTCGGGCACTG_005,199
CTTTCCAAAGTCGGGCACTG_006,131
CTTTCCAAAGTCGGGCACTG_007,81
CTTTCCAAAGTCGGGCACTG_008,54
CTTTCCAAAGTCGGGCACTG_009,147
CTTTCCAAAGTCGGGCACTG_010,139
CTTTCCAAAGTCGGGCACTG_011,40
CTTTCCAAAGTCGGGCACTG_012,115
CTTTCCAAAGTCGGGCACTG_013,93
CTTTCCAAAGTCGGGCACTG_014,104
CTTTCCAAAGTCGGGCACTG_015,141
CTTTCCAAAGTCGGGCACTG_016,43
CTTTCCAAAGTCGGGCACTG_017,175
CTTTCCAAAGTCGGGCACTG_018,187
CTTTCCAAAGTCGGGCACTG_019,156
CTTTCCAAAGTCGGGCACTG_020,169
CTTTCCAAAGTCGGGCACTG_021,9
CTTTCCAAAGTCGGGCACTG_022,57
CTTTCCAAAGTCGGGCACTG_023,184
CTTTCCAAAGTCGGGCACTG_024,81
CTTTCCAAAGTCGGGCACTG_025,123
CTTTCCAAAGTCGGGCACTG_026,54
CTTTCCAAAGTCGGGCACTG_027,53
CTTTCCAAAGTCGGGCACTG_028,152
CTTTCCAAAGTCGGGCACTG_029,166
CTTTCCAAAGTCGGGCACTG_030,181
CTTTCCAAAGTCGGGCACTG_031,181
CTTTCCAAAGTCGGGCACTG_032,38
CTTTCCAAAGTCGGGCACTG_033,63
CTTTCCAAAGTCGGGCACTG_034,138
CTTTCCAAAGTCGGGCACTG_035,51
CTTTCCAAAGTCGGGCACTG_036,49
GCAGTACTGCCACACCCACG_001,120
GCAGTACTGCCACACCCACG_002,186
GCAGTACTGCCACACCCACG_003,197
GCAGTACTGCCACACCCACG_004,10
GCAGTACTGCCACACCCACG_005,35
GCAGTACTGCCACACCCACG_006,61
GGCCAAGAACTGCTATCGCA_001,150
AGCGTCTGCAGGTCACGAAG_001,108
AGCGTCTGCAGGTCACGAAG_002,6
AGCGTCTGCAGGTCACGAAG_003,154
AGCGTCTGCAGGTCACGAAG_004,7
AGCGTCTGCAGGTCACGAAG_005,101
AGCGTCTGCAGGTCACGAAG_006,94
AGCGTCTGCAGGTCACGAAG_007,174
AGCGTCTGCAGGTCACGAAG_008,177
AGCGTCTGCAGGTCACGAAG_009,48
AGCGTCTGCAGGTCACGAAG_010,130
AGCGTCTGCAGGTCACGAAG_011,155
AGCGTCTGCAGGTCACGAAG_012,23
GTGGTCAAACGCCGACCTGA_001,183
GTGGTCAAACGCCGACCTGA_002,106
GTGGTCAAACGCCGACCTGA_003,2
GTGGTCAAACGCCGACCTGA_004,11
GTGGTCAAACGCCGACCTGA_005,193
GTGGTCAAACGCCGACCTGA_006,181
GTGGTCAAACGCCGACCTGA_007,42
GTGGTCAAACGCCGACCTGA_008,70
GTGGTCAAACGCCGACCTGA_009,160
GTGGTCAAACGCCGACCTGA_010,15
GTGGTCAAACGCCGACCTGA_011,78
GTGGTCAAACGCCGACCTGA_012,11
GTGGTCAAACGCCGACCTGA_013,115
GTGGTCAAACGCCGACCTGA_014,50
GTGGTCAAACGCCGACCTGA_015,155
GTGGTCAAACGCCGACCTGA_016,192
GTGGTCAAACGCCGACCTGA_017,88
GTGGTCAAACGCCGACCTGA_018,123
GTGGTCAAACGCCGACCTGA_019,4
GTGGTCAAACGCCGACCTGA_020,183
GTGGTCAAACGCCGACCTGA_021,102
GTGGTCAAACGCCGACCTGA_022,1
GTGGTCAAACGCCGACCTGA_023,102
GTGGTCAAACGCCGACCTGA_024,69
GTGGTCAAACGCCGACCTGA_025,193
GTGGTCAAACGCCGACCTGA_026,177
GTGGTCAAACGCCGACCTGA_027,88
GTGGTCAAACGCCGACCTGA_028,77
GTGGTCAAACGCCGACCTGA_029,107
GTGGTCAAACGCCGACCTGA_030,57
GTGGTCAAACGCCGACCTGA_031,105
GTGGTCAAACGCCGACCTGA_032,1
GTGGTCAAACGCCGACCTGA_033,62
GTGGTCAAACGCCGACCTGA_034,19
GTGGTCAAACGCCGACCTGA_035,40
GTGGTCAAACGCCGACCTGA_036,35
GTGGTCAAACGCCGACCTGA_037,57
AACAGTCGACTTAAACAACC_001,26
AACAGTCGACTTAAACAACC_002,198
AGCGGCTCAAGACTGTCGCT_001,48
AGCGGCTCAAGACTGTCGCT_002,175
AGCGGCTCAAGACTGTCGCT_003,33
AGCGGCTCAAGACTGTCGCT_004,162
AGCGGCTCAAGACTGTCGCT_005,115
AGCGGCTCAAGACTGTCGCT_006,162
AGCGGCTCAAGACTGTCGCT_007,178
AGCGGCTCAAGACTGTCGCT_008,166
AGCGGCTCAAGACTGTCGCT_009,98
AGCGGCTCAAGACTGTCGCT_010,69
AGCGGCTCAAGACTGTCGCT_011,37
AGCGGCTCAAGACTGTCGCT_012,66
AGCGGCTCAAGACTGTCGCT_013,35
GAACGTAACTTTCGCACCAG_001,62
GAACGTAACTTTCGCACCAG_002,158
GAACGTAACTTTCGCACCAG_003,83
GAACGTAACTTTCGCACCAG_004,160
GAACGTAACTTTCGCACCAG_005,127
GAACGTAACTTTCGCACCAG_006,12
GAACGTAACTTTCGCACCAG_007,175
GAACGTAACTTTCGCACCAG_008,13
TAACGAAGCCTATGGGCTGG_001,127
TAACGAAGCCTATGGGCTGG_002,184
TAACGAAGCCTATGGGCTGG_003,17
TAACGAAGCCTATGGGCTGG_004,12
TAACGAAGCCTATGGGCTGG_005,15
TAACGAAGCCTATGGGCTGG_006,17
TAACGAAGCCTATGGGCTGG_007,194
TAACGAAGCCTATGGGCTGG_008,41
TAACGAAGCCTATGGGCTGG_009,121
TAACGAAGCCTATGGGCTGG_010,105
TAACGAAGCCTATGGGCTGG_011,88
TAACGAAGCCTATGGGCTGG_012,106
TAACGAAGCCTATGGGCTGG_013,145
TAACGAAGCCTATGGGCTGG_014,84
TAACGAAGCCTATGGGCTGG_015,119
TAACGAAGCCTATGGGCTGG_016,9
GATGTCCCTTGAAATGGCGC_001,82
GATGTCCCTTGAAATGGCGC_002,177
GATGTCCCTTGAAATGGCGC_003,5
GATGTCCCTTGAAATGGCGC_004,95
GATGTCCCTTGAAATGGCGC_005,177
GATGTCCCTTGAAATGGCGC_006,105
GATGTCCCTTGAAATGGCGC_007,199
GATGTCCCTTGAAATGGCGC_008,34
TGTCAGGGATCCGTGGACAG_001,84
TGTCAGGGATCCGTGGACAG_002,11
TGTCAGGGATCCGTGGACAG_003,158
TGTCAGGGATCCGTGGACAG_004,24
TGTCAGGGATCCGTGGACAG_005,84
TGTCAGGGATCCGTGGACAG_006,60
TGTCAGGGATCCGTGGACAG_007,56
TGTCAGGGATCCGTGGACAG_008,191
TGTCAGGGATCCGTGGACAG_009,198
TGTCAGGGATCCGTGGACAG_010,60
TGTCAGGGATCCGTGGACAG_011,177
TGTCAGGGATCCGTGGACAG_012,116
TGTCAGGGATCCGTGGACAG_013,5
TGTCAGGGATCCGTGGACAG_014,48
TGTCAGGGATCCGTGGACAG_015,166
TGTCAGGGATCCGTGGACAG_016,49
TGTCAGGGATCCGTGGACAG_017,159
TGTCAGGGATCCGTGGACAG_018,115
TGTCAGGGATCCGTGGACAG_019,26
TGTCAGGGATCCGTGGACAG_020,9
TGTCAGGGATCCGTGGACAG_021,122
TGTCAGGGATCCGTGGACAG_022,8
TGTCAGGGATCCGTGGACAG_023,14
TGTCAGGGATCCGTGGACAG_024,37
TGTCAGGGATCCGTGGACAG_025,158
TGTCAGGGATCCGTGGACAG_026,63
TGTCAGGGATCCGTGGACAG_027,66
TGTCAGGGATCCGTGGACAG_028,108
TGTCAGGGATCCGTGGACAG_029,43
AGAACGCTTGCTCAAACCGG_001,113
AGAACGCTTGCTCAAACCGG_002,19
CAACTCAGTTCACGCAAAGC_001,21
CAACTCAGTTCACGCAAAGC_002,8
CAACTCAGTTCACGCAAAGC_003,188
CAACTCAGTTCACGCAAAGC_004,64
CAACTCAGTTCACGCAAAGC_005,91
CAACTCAGTTCACGCAAAGC_006,148
CAACTCAGTTCACGCAAAGC_007,38
CAACTCAGTTCACGCAAAGC_008,32
CAACTCAGTTCACGCAAAGC_009,195
CAACTCAGTTCACGCAAAGC_010,25
CAACTCAGTTCACGCAAAGC_011,103
CAACTCAGTTCACGCAAAGC_012,154
GGTAGTTTCAGATCATAACA_001,64
GGTAGTTTCAGATCATAACA_002,194
GGTAGTTTCAGATCATAACA_003,54
GTGGAATGGCGATGACAGCC_001,94
GTGGAATGGCGATGACAGCC_002,38
GTGGAATGGCGATGACAGCC_003,40
GTGGAATGGCGATGACAGCC_004,79
GTGGAATGGCGATGACAGCC_005,98
GTGGAATGGCGATGACAGCC_006,69
GTGGAATGGCGATGACAGCC_007,77
GTGGAATGGCGATGACAGCC_008,191
TATACAGCTGCGTAAAGTGT_001,102
TATACAGCTGCGTAAAGTGT_002,83
CACAGTACCAGATGCCCATG_001,41
CACAGTACCAGATGCCCATG_002,108
CACAGTACCAGATGCCCATG_003,111
CACAGTACCAGATGCCCATG_004,153
CACAGTACCAGATGCCCATG_005,27
CACAGTACCAGATGCCCATG_006,77
CACAGTACCAGATGCCCATG_007,149
CACAGTACCAGATGCCCATG_008,47
CACAGTACCAGATGCCCATG_009,30
CACAGTACCAGATGCCCATG_010,158
CACAGTACCAGATGCCCATG_011,2
CACAGTACCAGATGCCCATG_012,183
CACAGTACCAGATGCCCATG_013,119
CACAGTACCAGATGCCCATG_014,70
CACAGTACCAGATGCCCATG_015,37
CACAGTACCAGATGCCCATG_016,95
CACAGTACCAGATGCCCATG_017,118
GCCTGAGGCGTGGAAACACG_001,199
GCCTGAGGCGTGGAAACACG_002,41
GCCTGAGGCGTGGAAACACG_003,13
GCCTGAGGCGTGGAAACACG_004,120
GCCTGAGGCGTGGAAACACG_005,170
GCCGAGAGAATGTAATTACG_001,77
GCCGAGAGAATGTAATTACG_002,127
GCCGAGAGAATGTAATTACG_003,137
GCCGAGAGAATGTAATTACG_004,20
GCCGAGAGAATGTAATTACG_005,118
GCCGAGAGAATGTAATTACG_006,48
AGTGTGTGTGGAGAAATCAT_001,93
AGTGTGTGTGGAGAAATCAT_002,137
AGTGTGTGTGGAGAAATCAT_003,45
AGTGTGTGTGGAGAAATCAT_004,78
AGTGTGTGTGGAGAAATCAT_005,50
AGTGTGTGTGGAGAAATCAT_006,43
AGTGTGTGTGGAGAAATCAT_007,185
AGTGTGTGTGGAGAAATCAT_008,56
AGTGTGTGTGGAGAAATCAT_009,48
AGTGTGTGTGGAGAAATCAT_010,94
CGTGCGCGTGCACAACCAGT_001,101
CGTGCGCGTGCACAACCAGT_002,15
CGTGCGCGTGCACAACCAGT_003,2
CGTGCGCGTGCACAACCAGT_004,96
CGTGCGCGTGCACAACCAGT_005,88
CGTGCGCGTGCACAACCAGT_006,88
CGTGCGCGTGCACAACCAGT_007,31
CGTGCGCGTGCACAACCAGT_008,44
CGTGCGCGTGCACAACCAGT_009,147
CGTGCGCGTGCACAACCAGT_010,3
CGTGCGCGTGCACAACCAGT_011,8
CGTGCGCGTGCACAACCAGT_012,65
TTACGTCCGCAGGTTTGCCC_001,148
TTACGTCCGCAGGTTTGCCC_002,50
TTACGTCCGCAGGTTTGCCC_003,159
AGGTGGCAATGAGAGCCTTG_001,12
AGGTGGCAATGAGAGCCTTG_002,12
AGGTGGCAATGAGAGCCTTG_003,88
AGGTGGCAATGAGAGCCTTG_004,46
AGGTGGCAATGAGAGCCTTG_005,169
AGGTGGCAATGAGAGCCTTG_006,66
GACAGGGTGTCCAGATCTAT_001,57
GACAGGGTGTCCAGATCTAT_002,198
GCTGCACATCGCCAAACTAG_001,116
CCCATCTACTCGTACAGGTG_001,70
CCCATCTACTCGTACAGGTG_002,86
CCCATCTACTCGTACAGGTG_003,40
CCCATCTACTCGTACAGGTG_004,157
TGACTTCAGATTTCCCCAGG_001,115
TGACTTCAGATTTCCCCAGG_002,16
TGACTTCAGATTTCCCCAGG_003,53
TGACTTCAGATTTCCCCAGG_004,196
CCCGTTCTTCACGTGAACAG_001,181
CCCGTTCTTCACGTGAACAG_002,101
CCCGTTCTTCACGTGAACAG_003,144
CCCGTTCTTCACGTGAACAG_004,169
CGTTTCACCTCCACGCACGG_001,168
CGTTTCACCTCCACGCACGG_002,150
CGTTTCACCTCCACGCACGG_003,184
CGTTTCACCTCCACGCACGG_004,70
CGTTTCACCTCCACGCACGG_005,12
CGTTTCACCTCCACGCACGG_006,42
CGTTTCACCTCCACGCACGG_007,81
CGTTTCACCTCCACGCACGG_008,95
CGTTTCACCTCCACGCACGG_009,197
CGTTTCACCTCCACGCACGG_010,76
CGTTTCACCTCCACGCACGG_011,169
CGTTTCACCTCCACGCACGG_012,81
CGTTTCACCTCCACGCACGG_013,29
CGTTTCACCTCCACGCACGG_014,105
CGTTTCACCTCCACGCACGG_015,199
CGTTTCACCTCCACGCACGG_016,94
CGTTTCACCTCCACGCACGG_017,72
CGTTTCACCTCCACGCACGG_018,80
CGTTTCACCTCCACGCACGG_019,115
CGTTTCACCTCCACGCACGG_020,40
CGTTTCACCTCCACGCACGG_021,113
CGTTTCACCTCCACGCACGG_022,99
TTCCTGAGCCTCCAACTGGG_001,45
TTCCTGAGCCTCCAACTGGG_002,115
TTCCTGAGCCTCCAACTGGG_003,60
TTCCTGAGCCTCCAACTGGG_004,147
TTCCTGAGCCTCCAACTGGG_005,11
TTCCTGAGCCTCCAACTGGG_006,184
TTCCTGAGCCTCCAACTGGG_007,49
TTCCTGAGCCTCCAACTGGG_008,76
GGGAAGAACTGTGCCTGGAG_001,56
GGGAAGAACTGTGCCTGGAG_002,25
GGGAAGAACTGTGCCTGGAG_003,27
GGGAAGAACTGTGCCTGGAG_004,110
GGGAAGAACTGTGCCTGGAG_005,16
GGGAAGAACTGTGCCTGGAG_006,136
GGGAAGAACTGTGCCTGGAG_007,56
GGGAAGAACTGTGCCTGGAG_008,26
GGGAAGAACTGTGCCTGGAG_009,142
ATCAAAACGTGGAGTACAAG_001,54
ATCAAAACGTGGAGTACAAG_002,4
ATCAAAACGTGGAGTACAAG_003,114
ATCAAAACGTGGAGTACAAG_004,130
ATCAAAACGTGGAGTACAAG_005,94
ATCAAAACGTGGAGTACAAG_006,17
ATCAAAACGTGGAGTACAAG_007,57
ATCAAAACGTGGAGTACAAG_008,140
ATCAAAACGTGGAGTACAAG_009,65
ATCAAAACGTGGAGTACAAG_010,139
ATCAAAACGTGGAGTACAAG_011,114
ATCAAAACGTGGAGTACAAG_012,184
ATCAAAACGTGGAGTACAAG_013,161
CGTGGGGGTACCATACAGGA_001,4
CGTGGGGGTACCATACAGGA_002,119
CGTGGGGGTACCATACAGGA_003,17
CGTGGGGGTACCATACAGGA_004,110
CGTGGGGGTACCATACAGGA_005,33
CGTGGGGGTACCATACAGGA_006,197
CGTGGGGGTACCATACAGGA_007,3
GGTCCTCGAGTACCTGACCG_001,170
GGTCCTCGAGTACCTGACCG_002,138
GGTCCTCGAGTACCTGACCG_003,47
GGTCCTCGAGTACCTGACCG_004,68
GGTCCTCGAGTACCTGACCG_005,63
CAAGTGGTGCTTACATCTTG_001,165
CAAGTGGTGCTTACATCTTG_002,2
ATGCTGACAGTAATAGGTCA_001,156
ATGCTGACAGTAATAGGTCA_002,1
ATGCTGACAGTAATAGGTCA_003,108
ATGCTGACAGTAATAGGTCA_004,189
ATGCTGACAGTAATAGGTCA_005,47
ATGCTGACAGTAATAGGTCA_006,97
ACTGATGCCATTATCACCAG_001,67
ACTGATGCCATTATCACCAG_002,50
GCCACCAGAGATTGTGCACG_001,175
CTACTGCACCCAGTATGGCG_001,77
CTACTGCACCCAGTATGGCG_002,147
CTACTGCACCCAGTATGGCG_003,98
CTACTGCACCCAGTATGGCG_004,166
CTACTGCACCCAGTATGGCG_005,39
CTACTGCACCCAGTATGGCG_006,190
CTACTGCACCCAGTATGGCG_007,181
CTACTGCACCCAGTATGGCG_008,28
CTACTGCACCCAGTATGGCG_009,169
GGTGACAGGCAACCCAACAG_001,7
GGTGACAGGCAACCCAACAG_002,198
GGTGACAGGCAACCCAACAG_003,105
GGTGACAGGCAACCCAACAG_004,113
GGTGACAGGCAACCCAACAG_005,187
GGTGACAGGCAACCCAACAG_006,107
GGTGACAGGCAACCCAACAG_007,134
GGTGACAGGCAACCCAACAG_008,133
GGTGACAGGCAACCCAACAG_009,32
GGTGACAGGCAACCCAACAG_010,43
GGTGACAGGCAACCCAACAG_011,83
GGTGACAGGCAACCCAACAG_012,12
GGTGACAGGCAACCCAACAG_013,40
GGTGACAGGCAACCCAACAG_014,102
GGTGACAGGCAACCCAACAG_015,175
GGTGACAGGCAACCCAACAG_016,103
GGTGACAGGCAACCCAACAG_017,29
GGTGACAGGCAACCCAACAG_018,57
GGTGACAGGCAACCCAACAG_019,9
GGTGACAGGCAACCCAACAG_020,191
GGTGACAGGCAACCCAACAG_021,85
GGTGACAGGCAACCCAACAG_022,169
GGTGACAGGCAACCCAACAG_023,158
GGTGACAGGCAACCCAACAG_024,9
AGGAAGCCTTACCTCTGACC_001,8
AGGAAGCCTTACCTCTGACC_002,72
AGGAAGCCTTACCTCTGACC_003,147
AGGAAGCCTTACCTCTGACC_004,153
AACCTACCTGCAAAAACCTT_001,92
AACCTACCTGCAAAAACCTT_002,168
AACCTACCTGCAAAAACCTT_003,17
AACCTACCTGCAAAAACCTT_004,18
AACCTACCTGCAAAAACCTT_005,4
AACCTACCTGCAAAAACCTT_006,146
AACCTACCTGCAAAAACCTT_007,69
AGACTCTAATCATCCAGTAG_001,19
AGACTCTAATCATCCAGTAG_002,16
AGACTCTAATCATCCAGTAG_003,196
AGACTCTAATCATCCAGTAG_004,160
AGACTCTAATCATCCAGTAG_005,106
AGACTCTAATCATCCAGTAG_006,69
GAGAACATGACACAGCTGGT_001,115
GAGAACATGACACAGCTGGT_002,76
GAGAACATGACACAGCTGGT_003,42
GAGAACATGACACAGCTGGT_004,8
GAGAACATGACACAGCTGGT_005,122
GAGAACATGACACAGCTGGT_006,199
GAGAACATGACACAGCTGGT_007,65
GAGAACATGACACAGCTGGT_008,93
GAGAACATGACACAGCTGGT_009,134
GAGAACATGACACAGCTGGT_010,188
GAGAACATGACACAGCTGGT_011,56
GAGAACATGACACAGCTGGT_012,184
GAGAACATGACACAGCTGGT_013,123
GAGAACATGACACAGCTGGT_014,188
GAGAACATGACACAGCTGGT_015,40
GCATACCGAATAGTCACATG_001,6
GCATACCGAATAGTCACATG_002,121
GCATACCGAATAGTCACATG_003,179
GCATACCGAATAGTCACATG_004,169
GCATACCGAATAGTCACATG_005,50
GCATACCGAATAGTCACATG_006,138
GCATACCGAATAGTCACATG_007,117
TGCCGCACCGAAACTCGAAG_001,119
TGCCGCACCGAAACTCGAAG_002,133
TGCCGCACCGAAACTCGAAG_003,139
TGCCGCACCGAAACTCGAAG_004,19
TGCCGCACCGAAACTCGAAG_005,63
TGCCGCACCGAAACTCGAAG_006,91
TGCCGCACCGAAACTCGAAG_007,161
TGCCGCACCGAAACTCGAAG_008,97
TGCCGCACCGAAACTCGAAG_009,106
TGCCGCACCGAAACTCGAAG_010,183
TGCCGCACCGAAACTCGAAG_011,170
TGCCGCACCGAAACTCGAAG_012,176
TGCCGCACCGAAACTCGAAG_013,19
TGCCGCACCGAAACTCGAAG_014,61
TGCCGCACCGAAACTCGAAG_015,168
TGCCGCACCGAAACTCGAAG_016,115
TGCCGCACCGAAACTCGAAG_017,146
TGCCGCACCGAAACTCGAAG_018,180
TGCCGCACCGAAACTCGAAG_019,155
TGCCGCACCGAAACTCGAAG_020,39
TGCCGCACCGAAACTCGAAG_021,172
TGCCGCACCGAAACTCGAAG_022,50
TGCCGCACCGAAACTCGAAG_023,98
GAGGGAAGAATCGATAGCAG_001,139
GAGGGAAGAATCGATAGCAG_002,19
GAGGGAAGAATCGATAGCAG_003,107
GAGGGAAGAATCGATAGCAG_004,138
GAGGGAAGAATCGATAGCAG_005,39
GAGGGAAGAATCGATAGCAG_006,138
GAGGGAAGAATCGATAGCAG_007,188
GAGGGAAGAATCGATAGCAG_008,98
TGTGCGCAAATACATGCAGA_001,108
TGTGCGCAAATACATGCAGA_002,4
TGTGCGCAAATACATGCAGA_003,4
ACTGCCCATACTTAGATCCA_001,14
ACTGCCCATACTTAGATCCA_002,1
ACTGCCCATACTTAGATCCA_003,177
GCAGCCTAGACACCATGCTG_001,94
GCAGCCTAGACACCATGCTG_002,12
GCAGCCTAGACACCATGCTG_003,49
GCAGCCTAGACACCATGCTG_004,171
GCAGCCTAGACACCATGCTG_005,169
GCAGCCTAGACACCATGCTG_006,190
GCAGCCTAGACACCATGCTG_007,1
GCAGCCTAGACACCATGCTG_008,15
GCAGCCTAGACACCATGCTG_009,112
GCAGCCTAGACACCATGCTG_010,147
GCAGCCTAGACACCATGCTG_011,115
GCAGCCTAGACACCATGCTG_012,28
GCAGCCTAGACACCATGCTG_013,50
GCAGCCTAGACACCATGCTG_014,184
GCAGCCTAGACACCATGCTG_015,160
GCAGCCTAGACACCATGCTG_016,197
GCAGCCTAGACACCATGCTG_017,182
GCAGCCTAGACACCATGCTG_018,82
ATTAGACCATGAACGAGCCA_001,105
ATTAGACCATGAACGAGCCA_002,11
ATTAGACCATGAACGAGCCA_003,162
ATTAGACCATGAACGAGCCA_004,146
ATTAGACCATGAACGAGCCA_005,108
ATTAGACCATGAACGAGCCA_006,178
ATTAGACCATGAACGAGCCA_007,105
ATTAGACCATGAACGAGCCA_008,174
ATTAGACCATGAACGAGCCA_009,144
ATTAGACCATGAACGAGCCA_010,14
ATTAGACCATGAACGAGCCA_011,44
CTGTTGCTGCCTGAACTAAG_001,127
CTGTTGCTGCCTGAACTAAG_002,105
CTGTTGCTGCCTGAACTAAG_003,166
CTGTTGCTGCCTGAACTAAG_004,69
CTGTTGCTGCCTGAACTAAG_005,9
CTGTTGCTGCCTGAACTAAG_006,77
CTGTTGCTGCCTGAACTAAG_007,49
CTGTTGCTGCCTGAACTAAG_008,70
CTGTTGCTGCCTGAACTAAG_009,175
CTGTTGCTGCCTGAACTAAG_010,13
CTGTTGCTGCCTGAACTAAG_011,98
AAGGTTAACCGATTTCACAG_001,199
AAGGTTAACCGATTTCACAG_002,108
AAGGTTAACCGATTTCACAG_003,199
AAGGTTAACCGATTTCACAG_004,81
AAGGTTAACCGATTTCACAG_005,51
AAGGTTAACCGATTTCACAG_006,65
AAGGTTAACCGATTTCACAG_007,97
AAGGTTAACCGATTTCACAG_008,97
TGGAACATGGACAGGAACTG_001,15
TGGAACATGGACAGGAACTG_002,145
TGGAACATGGACAGGAACTG_003,115
TGGAACATGGACAGGAACTG_004,94
TGGAACATGGACAGGAACTG_005,50
TGGAACATGGACAGGAACTG_006,33
TGGAACATGGACAGGAACTG_007,67
TGGAACATGGACAGGAACTG_008,97
TGGAACATGGACAGGAACTG_009,98
TGGAACATGGACAGGAACTG_010,28
TGGAACATGGACAGGAACTG_011,134
TGGAACATGGACAGGAACTG_012,188
TGGAACATGGACAGGAACTG_013,35
TGGAACATGGACAGGAACTG_014,188
TGGAACATGGACAGGAACTG_015,147
TGGAACATGGACAGGAACTG_016,129
TGGAACATGGACAGGAACTG_017,130
GGAGGATGTAGGCGCCCGTG_001,92
GGAGGATGTAGGCGCCCGTG_002,147
CCTGAGCGAACGCTCGCACG_001,27
CCTGAGCGAACGCTCGCACG_002,101
CCTGAGCGAACGCTCGCACG_003,124
CCTGAGCGAACGCTCGCACG_004,198
CCTGAGCGAACGCTCGCACG_005,17
CCTGAGCGAACGCTCGCACG_006,193
CCTGAGCGAACGCTCGCACG_007,101
CCTGAGCGAACGCTCGCACG_008,2
CCTGAGCGAACGCTCGCACG_009,127
CCTGAGCGAACGCTCGCACG_010,2
CCTGAGCGAACGCTCGCACG_011,165
CCTGAGCGAACGCTCGCACG_012,147
CCTGAGCGAACGCTCGCACG_013,169
CCTGAGCGAACGCTCGCACG_014,2
CCTGAGCGAACGCTCGCACG_015,9
CCTGAGCGAACGCTCGCACG_016,57
CCTGAGCGAACGCTCGCACG_017,147
CCTGAGCGAACGCTCGCACG_018,188
CCTGAGCGAACGCTCGCACG_019,20
CCTGAGCGAACGCTCGCACG_020,104
CCTGAGCGAACGCTCGCACG_021,19
CCTGAGCGAACGCTCGCACG_022,19
CCTGAGCGAACGCTCGCACG_023,108
TCAGTCGGTGTGTACTAAGA_001,16
TCAGTCGGTGTGTACTAAGA_002,192
TCAGTCGGTGTGTACTAAGA_003,145
TCAGTCGGTGTGTACTAAGA_004,169
TCAGTCGGTGTGTACTAAGA_005,23
AGTCCAGGAAGATCATTACT_001,139
AGTCCAGGAAGATCATTACT_002,29
AGTCCAGGAAGATCATTACT_003,37
AGTCCAGGAAGATCATTACT_004,145
AGTCCAGGAAGATCATTACT_005,190
AGTCCAGGAAGATCATTACT_006,75
AGTCCAGGAAGATCATTACT_007,65
AGTCCAGGAAGATCATTACT_008,158
AGTCCAGGAAGATCATTACT_009,48
AGTCCAGGAAGATCATTACT_010,90
AGTCCAGGAAGATCATTACT_011,1
AGTCCAGGAAGATCATTACT_012,118
AGTCCAGGAAGATCATTACT_013,19
AGTCCAGGAAGATCATTACT_014,190
AGTCCAGGAAGATCATTACT_015,51
AGTCCAGGAAGATCATTACT_016,148
GGAAGAGCTGAAACATCCCC_001,147
GGAAGAGCTGAAACATCCCC_002,139
GGAAGAGCTGAAACATCCCC_003,78
TCATGGCTTGCAAAACGTAA_001,29
TCATGGCTTGCAAAACGTAA_002,152
TCATGGCTTGCAAAACGTAA_003,138
TCATGGCTTGCAAAACGTAA_004,33
TCATGGCTTGCAAAACGTAA_005,37
GTATGGTGGACTATGATGAG_001,105
GTATGGTGGACTATGATGAG_002,107
GTATGGTGGACTATGATGAG_003,150
GTATGGTGGACTATGATGAG_004,141
GTATGGTGGACTATGATGAG_005,11
GTATGGTGGACTATGATGAG_006,118
GTATGGTGGACTATGATGAG_007,34
GTATGGTGGACTATGATGAG_008,75
GTATGGTGGACTATGATGAG_009,46
GTATGGTGGACTATGATGAG_010,79
GTATGGTGGACTATGATGAG_011,165
GTATGGTGGACTATGATGAG_012,162
GTATGGTGGACTATGATGAG_013,120
GTATGGTGGACTATGATGAG_014,60
GTATGGTGGACTATGATGAG_015,58
ACTATAGGGCTATTGTAAGC_001,10
GAAAAACAATCAAATCCTCG_001,168
GAAAAACAATCAAATCCTCG_002,127
GAAAAACAATCAAATCCTCG_003,46
GAAAAACAATCAAATCCTCG_004,15
GAAAAACAATCAAATCCTCG_005,146
GAAAAACAATCAAATCCTCG_006,149
GCGCGGCACCTGTACCTCCG_001,68
GCGCGGCACCTGTACCTCCG_002,56
GCGCGGCACCTGTACCTCCG_003,151
CCTGGGTCGAAGAAGAATCG_001,81
CCTGGGTCGAAGAAGAATCG_002,107
CCTGGGTCGAAGAAGAATCG_003,105
CCTGGGTCGAAGAAGAATCG_004,144
CCTGGGTCGAAGAAGAATCG_005,193
CCTGGGTCGAAGAAGAATCG_006,176
CTTGTTGCGTATACGAGACT_001,44
CTTGTTGCGTATACGAGACT_002,96
CTTGTTGCGTATACGAGACT_003,9
CTTGTTGCGTATACGAGACT_004,197
CTTGTTGCGTATACGAGACT_005,140
CTTGTTGCGTATACGAGACT_006,22
CTTGTTGCGTATACGAGACT_007,121
CTTGTTGCGTATACGAGACT_008,62
CTTGTTGCGTATACGAGACT_009,171
CTTGTTGCGTATACGAGACT_010,194
CTTGTTGCGTATACGAGACT_011,155
CTTGTTGCGTATACGAGACT_012,174
CTTGTTGCGTATACGAGACT_013,160
CTTGTTGCGTATACGAGACT_014,186
CTTGTTGCGTATACGAGACT_015,103
CTGCGCCCCAGGAGGGAACG_001,195
CTGCGCCCCAGGAGGGAACG_002,94
CTGCGCCCCAGGAGGGAACG_003,141
CTGCGCCCCAGGAGGGAACG_004,190
CTGCGCCCCAGGAGGGAACG_005,114
CTGCGCCCCAGGAGGGAACG_006,114
CTGCGCCCCAGGAGGGAACG_007,42
CTGCGCCCCAGGAGGGAACG_008,184
CTGCGCCCCAGGAGGGAACG_009,148
CTGCGCCCCAGGAGGGAACG_010,150
CTGCGCCCCAGGAGGGAACG_011,48
CTGCGCCCCAGGAGGGAACG_012,119
CTGCGCCCCAGGAGGGAACG_013,134
CTGCGCCCCAGGAGGGAACG_014,115
CTGCGCCCCAGGAGGGAACG_015,43
CAGTATGAGGAGTTCTACGT_001,49
CAGTATGAGGAGTTCTACGT_002,118
CAGTATGAGGAGTTCTACGT_003,94
CAGTATGAGGAGTTCTACGT_004,40
CAGTATGAGGAGTTCTACGT_005,105
CAGTATGAGGAGTTCTACGT_006,125
CAGTATGAGGAGTTCTACGT_007,160
CAGTATGAGGAGTTCTACGT_008,50
CAGTATGAGGAGTTCTACGT_009,146
CAGTATGAGGAGTTCTACGT_010,78
CAGTATGAGGAGTTCTACGT_011,113
CAGTATGAGGAGTTCTACGT_012,52
CAGTATGAGGAGTTCTACGT_013,40
CAAGCTCGGCCGGTACAACG_001,19
CAAGCTCGGCCGGTACAACG_002,62
CAAGCTCGGCCGGTACAACG_003,62
CAAGCTCGGCCGGTACAACG_004,103
CAAGCTCGGCCGGTACAACG_005,130
CAAGCTCGGCCGGTACAACG_006,115
CAAGCTCGGCCGGTACAACG_007,138
CAAGCTCGGCCGGTACAACG_008,96
CCTGACTGGGAACTTCGCTG_001,41
CCTGACTGGGAACTTCGCTG_002,51
CCTGACTGGGAACTTCGCTG_003,26
CCTGACTGGGAACTTCGCTG_004,13
CCTGACTGGGAACTTCGCTG_005,27
CCTGACTGGGAACTTCGCTG_006,154
CCTGACTGGGAACTTCGCTG_007,105
CCTGACTGGGAACTTCGCTG_008,119
CCTGACTGGGAACTTCGCTG_009,172
CCTGACTGGGAACTTCGCTG_010,142
CCTGACTGGGAACTTCGCTG_011,106
CCTGACTGGGAACTTCGCTG_012,48
CCTGACTGGGAACTTCGCTG_013,168
GCAGCATGTTCATAGCAAGT_001,11
GCAGCATGTTCATAGCAAGT_002,12
GCAGCATGTTCATAGCAAGT_003,190
AAGAGATTCTCCGATGTCAC_001,73
AAGAGATTCTCCGATGTCAC_002,104
AAGAGATTCTCCGATGTCAC_003,122
AAGAGATTCTCCGATGTCAC_004,62
AGCACTTTCACGTACATGAG_001,45
AGCACTTTCACGTACATGAG_002,75
AGCACTTTCACGTACATGAG_003,65
AGCACTTTCACGTACATGAG_004,110
AGCACTTTCACGTACATGAG_005,150
AGCACTTTCACGTACATGAG_006,186
AGGTCGATACGAGATCACAG_001,172
CTACAAGAAGAATATCTGTG_001,181
CTACAAGAAGAATATCTGTG_002,184
CTACAAGAAGAATATCTGTG_003,176
CTACAAGAAGAATATCTGTG_004,98
CTACAAGAAGAATATCTGTG_005,175
AGCGTCCGACTCGACTCGGA_001,96
AGCGTCCGACTCGACTCGGA_002,17
AGCGTCCGACTCGACTCGGA_003,62
AGCGTCCGACTCGACTCGGA_004,22
AGCGTCCGACTCGACTCGGA_005,44
AGCGTCCGACTCGACTCGGA_006,68
AGCGTCCGACTCGACTCGGA_007,94
AGCGTCCGACTCGACTCGGA_008,75
AGCGTCCGACTCGACTCGGA_009,170
AGCGTCCGACTCGACTCGGA_010,112
AGCGTCCGACTCGACTCGGA_011,125
AGCGTCCGACTCGACTCGGA_012,103
AGCGTCCGACTCGACTCGGA_013,26
AGCGTCCGACTCGACTCGGA_014,33
AGCGTCCGACTCGACTCGGA_015,188
CAGGACCACTCCCCACAGGT_001,38
CAGGACCACTCCCCACAGGT_002,68
CAGGACCACTCCCCACAGGT_003,24
CAGGACCACTCCCCACAGGT_004,166
CAGGACCACTCCCCACAGGT_005,166
CAGGACCACTCCCCACAGGT_006,118
CAGGACCACTCCCCACAGGT_007,78
CAGGACCACTCCCCACAGGT_008,78
CCAGTGTGCCGTGCCAGCCA_001,78
CCAGTGTGCCGTGCCAGCCA_002,168
CCAGTGTGCCGTGCCAGCCA_003,148
CCAGTGTGCCGTGCCAGCCA_004,88
CCAGTGTGCCGTGCCAGCCA_005,18
CCAGTGTGCCGTGCCAGCCA_006,110
CCAGTGTGCCGTGCCAGCCA_007,160
CCAGTGTGCCGTGCCAGCCA_008,171
CGACCGCCTCAATATTACGG_001,166
CGACCGCCTCAATATTACGG_002,123
CGACCGCCTCAATATTACGG_003,28
CGACCGCCTCAATATTACGG_004,48
CGACCGCCTCAATATTACGG_005,156
GCCAAGCTCCTACTACAATG_001,85
GCCAAGCTCCTACTACAATG_002,185
TGTGTAACTCAGTCAGAACG_001,182
TGTGTAACTCAGTCAGAACG_002,152
TAGGATGGCAGACATCGCGA_001,157
CCTGCGGGGTCTCACCAAGG_001,162
CCTGCGGGGTCTCACCAAGG_002,8
CCTGCGGGGTCTCACCAAGG_003,25
CCTGCGGGGTCTCACCAAGG_004,181
CCTGCGGGGTCTCACCAAGG_005,188
CCTGCGGGGTCTCACCAAGG_006,48
CCTGCGGGGTCTCACCAAGG_007,8
CCTGCGGGGTCTCACCAAGG_008,26
CCTGCGGGGTCTCACCAAGG_009,177
CCTGCGGGGTCTCACCAAGG_010,69
CCTGCGGGGTCTCACCAAGG_011,69
CCTGCGGGGTCTCACCAAGG_012,75
CCTGCGGGGTCTCACCAAGG_013,49
CCTGCGGGGTCTCACCAAGG_014,153
CCTGCGGGGTCTCACCAAGG_015,169
CCTGCGGGGTCTCACCAAGG_016,37
TACGGAGGCTTCGATGACCT_001,15
TACGGAGGCTTCGATGACCT_002,127
TACGGAGGCTTCGATGACCT_003,94
TACGGAGGCTTCGATGACCT_004,60
TACGGAGGCTTCGATGACCT_005,48
TACGGAGGCTTCGATGACCT_006,76
TACGGAGGCTTCGATGACCT_007,137
TACGGAGGCTTCGATGACCT_008,105
TACGGAGGCTTCGATGACCT_009,170
TTGTCCTTGAGACATGCATG_001,113
TTGTCCTTGAGACATGCATG_002,2
TTGTCCTTGAGACATGCATG_003,102
TTGTCCTTGAGACATGCATG_004,38
TTGTCCTTGAGACATGCATG_005,63
TTGTCCTTGAGACATGCATG_006,161
TTGTCCTTGAGACATGCATG_007,170
TTGTCCTTGAGACATGCATG_008,0
TTGTCCTTGAGACATGCATG_009,20
TTGTCCTTGAGACATGCATG_010,78
TTGTCCTTGAGACATGCATG_011,94
TTGTCCTTGAGACATGCATG_012,83
TTGTCCTTGAGACATGCATG_013,33
AAAATACAGAATGAATACCT_001,154
AAAATACAGAATGAATACCT_002,32
AAGCTGTTAAAAATGAACTG_001,139
AAGCTGTTAAAAATGAACTG_002,117
AAGCTGTTAAAAATGAACTG_003,172
AAGCTGTTAAAAATGAACTG_004,56
CCACCGGCTTGACCGCACAG_001,197
CCACCGGCTTGACCGCACAG_002,7
CCACCGGCTTGACCGCACAG_003,114
CCACCGGCTTGACCGCACAG_004,50
CCACCGGCTTGACCGCACAG_005,157
CCTGGTAAGCAAGGGAACGT_001,147
CCTGGTAAGCAAGGGAACGT_002,115
CCTGGTAAGCAAGGGAACGT_003,150
CCTGGTAAGCAAGGGAACGT_004,188
CCTGGTAAGCAAGGGAACGT_005,149
CCTGGTAAGCAAGGGAACGT_006,95
CCTGGTAAGCAAGGGAACGT_007,139
CCTGGTAAGCAAGGGAACGT_008,33
GCAGCCGGTAGGAACGGCCC_001,160
GCAGCCGGTAGGAACGGCCC_002,160
GCAGCCGGTAGGAACGGCCC_003,68
ACCTACTATACTCGTCACAC_001,133
ACCTACTATACTCGTCACAC_002,79
ACCTACTATACTCGTCACAC_003,153
GGAGACTGTGACGCCCGGGA_001,160
GGAGACTGTGACGCCCGGGA_002,42
GGAGACTGTGACGCCCGGGA_003,113
GGAGACTGTGACGCCCGGGA_004,112
GGAGACTGTGACGCCCGGGA_005,53
GGAGACTGTGACGCCCGGGA_006,41
GGAGACTGTGACGCCCGGGA_007,63
GGAGACTGTGACGCCCGGGA_008,63
GGAGACTGTGACGCCCGGGA_009,89
TTTCAGGAGATAAACTGGAG_001,50
TTTCAGGAGATAAACTGGAG_002,8
AGTAGCTCCAGCCTTCAATG_001,172
AGTAGCTCCAGCCTTCAATG_002,169
AGTAGCTCCAGCCTTCAATG_003,127
AGTAGCTCCAGCCTTCAATG_004,58
AGTAGCTCCAGCCTTCAATG_005,141
AGTAGCTCCAGCCTTCAATG_006,141
AGTAGCTCCAGCCTTCAATG_007,106
AGTAGCTCCAGCCTTCAATG_008,140
AGTAGCTCCAGCCTTCAATG_009,155
AGTAGCTCCAGCCTTCAATG_010,158
AGTAGCTCCAGCCTTCAATG_011,41
AGTAGCTCCAGCCTTCAATG_012,42
AGTAGCTCCAGCCTTCAATG_013,151
AGTAGCTCCAGCCTTCAATG_014,112
AGTAGCTCCAGCCTTCAATG_015,169
AGTAGCTCCAGCCTTCAATG_016,58
AGTAGCTCCAGCCTTCAATG_017,108
AGTAGCTCCAGCCTTCAATG_018,2
AGTAGCTCCAGCCTTCAATG_019,58
AGTAGCTCCAGCCTTCAATG_020,193
AGTAGCTCCAGCCTTCAATG_021,160
AGTAGCTCCAGCCTTCAATG_022,174
AGTAGCTCCAGCCTTCAATG_023,31
AGTAGCTCCAGCCTTCAATG_024,42
ATGGGGAGCCAGTTTCCGAG_001,78
ATGGGGAGCCAGTTTCCGAG_002,28
ATGGGGAGCCAGTTTCCGAG_003,155
ATGGGGAGCCAGTTTCCGAG_004,76
ATGGGGAGCCAGTTTCCGAG_005,190
ATGGGGAGCCAGTTTCCGAG_006,156
ATGGGGAGCCAGTTTCCGAG_007,134
ATGGGGAGCCAGTTTCCGAG_008,85
ATGGGGAGCCAGTTTCCGAG_009,152
ATGGGGAGCCAGTTTCCGAG_010,115
ATGGGGAGCCAGTTTCCGAG_011,118
ATGGGGAGCCAGTTTCCGAG_012,150
ATGGGGAGCCAGTTTCCGAG_013,110
ATGGGGAGCCAGTTTCCGAG_014,192
ATGGGGAGCCAGTTTCCGAG_015,4
ATGGGGAGCCAGTTTCCGAG_016,176
ATGGGGAGCCAGTTTCCGAG_017,113
ATGGGGAGCCAGTTTCCGAG_018,190
ATGGGGAGCCAGTTTCCGAG_019,155
ATGGGGAGCCAGTTTCCGAG_020,37
ATGGGGAGCCAGTTTCCGAG_021,37
ATGGGGAGCCAGTTTCCGAG_022,23
ATGGGGAGCCAGTTTCCGAG_023,133
TGTGCACTCCATCAGTCAAG_001,176
TGTGCACTCCATCAGTCAAG_002,0
TGTGCACTCCATCAGTCAAG_003,127
TGTGCACTCCATCAGTCAAG_004,9
TGTGCACTCCATCAGTCAAG_005,18
TGTGCACTCCATCAGTCAAG_006,83
TGTGCACTCCATCAGTCAAG_007,12
TGTGCACTCCATCAGTCAAG_008,102
TGTGCACTCCATCAGTCAAG_009,58
TGTGCACTCCATCAGTCAAG_010,149
AAATGTTACTGACCTTTCAG_001,60
AAATGTTACTGACCTTTCAG_002,171
ATGCCATATCAATGATTGAG_001,115
ATGCCATATCAATGATTGAG_002,150
ATGCCATATCAATGATTGAG_003,6
CCAAGGTTCTGTACGCTCCG_001,33
CCAAGGTTCTGTACGCTCCG_002,147
CCAAGGTTCTGTACGCTCCG_003,113
CCAAGGTTCTGTACGCTCCG_004,54
CCAAGGTTCTGTACGCTCCG_005,61
CTTCCTCCACTCACGCAAGG_001,171
CTTCCTCCACTCACGCAAGG_002,133
CTTCCTCCACTCACGCAAGG_003,149
CTTCCTCCACTCACGCAAGG_004,84
CTTCCTCCACTCACGCAAGG_005,15
CTTCCTCCACTCACGCAAGG_006,25
CTTCCTCCACTCACGCAAGG_007,65
CTTCCTCCACTCACGCAAGG_008,174
CTTCCTCCACTCACGCAAGG_009,149
CTTCCTCCACTCACGCAAGG_010,105
CTTCCTCCACTCACGCAAGG_011,138
CTTCCTCCACTCACGCAAGG_012,37
CTTCCTCCACTCACGCAAGG_013,96
CTTCCTCCACTCACGCAAGG_014,57
CTTCCTCCACTCACGCAAGG_015,1
CTTCCTCCACTCACGCAAGG_016,179
CTTCCTCCACTCACGCAAGG_017,80
CTTCCTCCACTCACGCAAGG_018,156
CTTCCTCCACTCACGCAAGG_019,127
CTTCCTCCACTCACGCAAGG_020,127
CTTCCTCCACTCACGCAAGG_021,158
CTTCCTCCACTCACGCAAGG_022,160
CTTCCTCCACTCACGCAAGG_023,19
CTTCCTCCACTCACGCAAGG_024,193
CTTCCTCCACTCACGCAAGG_025,63
CTTCCTCCACTCACGCAAGG_026,79
CTTCCTCCACTCACGCAAGG_027,90
CTTCCTCCACTCACGCAAGG_028,174
CTTCCTCCACTCACGCAAGG_029,130
CTTCCTCCACTCACGCAAGG_030,3
CTTCCTCCACTCACGCAAGG_031,33
CTTCCTCCACTCACGCAAGG_032,4
CTTCCTCCACTCACGCAAGG_033,9
GTGGAGAAAGAGATACACAA_001,67
GTGGAGAAAGAGATACACAA_002,155
CATGACAATCCATGTGGCAG_001,27
CATGACAATCCATGTGGCAG_002,58
CATGACAATCCATGTGGCAG_003,5
CATGACAATCCATGTGGCAG_004,183
CATGACAATCCATGTGGCAG_005,192
CATGACAATCCATGTGGCAG_006,107
CATGACAATCCATGTGGCAG_007,79
CATGACAATCCATGTGGCAG_008,120
CATGACAATCCATGTGGCAG_009,186
CATGACAATCCATGTGGCAG_010,92
CATGACAATCCATGTGGCAG_011,61
CATGACAATCCATGTGGCAG_012,79
CATGACAATCCATGTGGCAG_013,60
CATGACAATCCATGTGGCAG_014,151
CCACCCGAATACCGCGACAG_001,157
CCACCCGAATACCGCGACAG_002,191
CCACCCGAATACCGCGACAG_003,20
CCACCCGAATACCGCGACAG_004,197
CCACCCGAATACCGCGACAG_005,196
CCACCCGAATACCGCGACAG_006,112
CCACCCGAATACCGCGACAG_007,158
CCACCCGAATACCGCGACAG_008,198
CCACCCGAATACCGCGACAG_009,51
CCACCCGAATACCGCGACAG_010,130
CCACCCGAATACCGCGACAG_011,36
CCACCCGAATACCGCGACAG_012,81
CCACCCGAATACCGCGACAG_013,150
CCACCCGAATACCGCGACAG_014,75
CCACCCGAATACCGCGACAG_015,138
CCACCCGAATACCGCGACAG_016,166
CCACCCGAATACCGCGACAG_017,170
CCACCCGAATACCGCGACAG_018,13
CCACCCGAATACCGCGACAG_019,59
GGCTGCAACATGCTTCAGGG_001,182
GGCTGCAACATGCTTCAGGG_002,50
GGCTGCAACATGCTTCAGGG_003,127
GGCTGCAACATGCTTCAGGG_004,148
GGCTGCAACATGCTTCAGGG_005,100
GGCTGCAACATGCTTCAGGG_006,59
GGCTGCAACATGCTTCAGGG_007,130
GGCTGCAACATGCTTCAGGG_008,89
TCTGTTAGATGATAGCGTCA_001,186
TCTGTTAGATGATAGCGTCA_002,191
TCTGATACAGGACGTTCAAG_001,150
TCTGATACAGGACGTTCAAG_002,122
TCTGATACAGGACGTTCAAG_003,148
CGCACCAAGTAGCACCCCTG_001,15
CGCACCAAGTAGCACCCCTG_002,133
CGCACCAAGTAGCACCCCTG_003,199
CGCACCAAGTAGCACCCCTG_004,149
CGCACCAAGTAGCACCCCTG_005,113
CGCACCAAGTAGCACCCCTG_006,137
CGCACCAAGTAGCACCCCTG_007,141
CGCACCAAGTAGCACCCCTG_008,158
CGCACCAAGTAGCACCCCTG_009,192
CGCACCAAGTAGCACCCCTG_010,34
CGCACCAAGTAGCACCCCTG_011,4
CGCACCAAGTAGCACCCCTG_012,7
CGCACCAAGTAGCACCCCTG_013,194
CGCACCAAGTAGCACCCCTG_014,95
CGCACCAAGTAGCACCCCTG_015,78
CGCACCAAGTAGCACCCCTG_016,103
CGCACCAAGTAGCACCCCTG_017,180
CGCACCAAGTAGCACCCCTG_018,42
CGCACCAAGTAGCACCCCTG_019,86
CGCACCAAGTAGCACCCCTG_020,160
CGCACCAAGTAGCACCCCTG_021,4
CGCACCAAGTAGCACCCCTG_022,37
CGCACCAAGTAGCACCCCTG_023,147
CGCACCAAGTAGCACCCCTG_024,74
CGCACCAAGTAGCACCCCTG_025,65
CGCACCAAGTAGCACCCCTG_026,70
CGCACCAAGTAGCACCCCTG_027,15
CATGTGACTTTCATGTGCCG_001,178
CATGTGACTTTCATGTGCCG_002,45
CATGTGACTTTCATGTGCCG_003,59
GATTGGCTGGGATCCCAATG_001,55
GATTGGCTGGGATCCCAATG_002,47
GATTGGCTGGGATCCCAATG_003,43
GATTGGCTGGGATCCCAATG_004,178
GATTGGCTGGGATCCCAATG_005,88
GATTGGCTGGGATCCCAATG_006,12
GGAAGTACAGGCGCTACTCG_001,115
GGAAGTACAGGCGCTACTCG_002,17
GGAAGTACAGGCGCTACTCG_003,144
GGAAGTACAGGCGCTACTCG_004,158
GGAAGTACAGGCGCTACTCG_005,2
GGAAGTACAGGCGCTACTCG_006,74
GGAAGTACAGGCGCTACTCG_007,142
GGAAGTACAGGCGCTACTCG_008,115
GGAAGTACAGGCGCTACTCG_009,85
GGAAGTACAGGCGCTACTCG_010,150
GGAAGTACAGGCGCTACTCG_011,121
AAAATTTGGCTGCACTGCGG_001,142
AAAATTTGGCTGCACTGCGG_002,63
AAAATTTGGCTGCACTGCGG_003,83
AAAATTTGGCTGCACTGCGG_004,5
CAGAACAAGTGACACCTGGG_001,36
CAGAACAAGTGACACCTGGG_002,188
CAGAACAAGTGACACCTGGG_003,127
CAGAACAAGTGACACCTGGG_004,49
CAGAACAAGTGACACCTGGG_005,102
CAGAACAAGTGACACCTGGG_006,4
CAGAACAAGTGACACCTGGG_007,4
CAGAACAAGTGACACCTGGG_008,86
CAGAACAAGTGACACCTGGG_009,132
CAGAACAAGTGACACCTGGG_010,41
CAGAACAAGTGACACCTGGG_011,42
CAGAACAAGTGACACCTGGG_012,66
CAGAACAAGTGACACCTGGG_013,153
CAGAACAAGTGACACCTGGG_014,75
CAGAACAAGTGACACCTGGG_015,122
CTACATGTCATGTCAGCCTA_001,176
CTACATGTCATGTCAGCCTA_002,40
CTACATGTCATGTCAGCCTA_003,56
CTACATGTCATGTCAGCCTA_004,33
CATCTTCCCGAATCCGTCGT_001,27
CATCTTCCCGAATCCGTCGT_002,37
CATCTTCCCGAATCCGTCGT_003,162
CATCTTCCCGAATCCGTCGT_004,120
TCTAAACACATAGCCAGCAA_001,56
TCTAAACACATAGCCAGCAA_002,190
TCTAAACACATAGCCAGCAA_003,161
TCTAAACACATAGCCAGCAA_004,96
TCTAAACACATAGCCAGCAA_005,20
CCCGGACACAGTCCACTGGG_001,43
CCCGGACACAGTCCACTGGG_002,150
CCCGGACACAGTCCACTGGG_003,83
CCCGGACACAGTCCACTGGG_004,198
CCCGGACACAGTCCACTGGG_005,162
CCCGGACACAGTCCACTGGG_006,19
CCCGGACACAGTCCACTGGG_007,78
CCCGGACACAGTCCACTGGG_008,136
CCCGGACACAGTCCACTGGG_009,150
TTGGGTGAACAACTGCATCG_001,69
TTGGGTGAACAACTGCATCG_002,145
TTGGGTGAACAACTGCATCG_003,153
TTGGGTGAACAACTGCATCG_004,139
TTGGGTGAACAACTGCATCG_005,147
TTGGGTGAACAACTGCATCG_006,139
TTGGGTGAACAACTGCATCG_007,41
TTGGGTGAACAACTGCATCG_008,17
TTGGGTGAACAACTGCATCG_009,175
TTGGGTGAACAACTGCATCG_010,3
TTGGGTGAACAACTGCATCG_011,134
TTGGGTGAACAACTGCATCG_012,77
GTACAAGTCAAAGATCCCTC_001,17
GTACAAGTCAAAGATCCCTC_002,43
GTACAAGTCAAAGATCCCTC_003,127
GTACAAGTCAAAGATCCCTC_004,47
GTACAAGTCAAAGATCCCTC_005,6
GTACAAGTCAAAGATCCCTC_006,67
TCTGCTGCTGTCGTATGTGA_001,19
TCTGCTGCTGTCGTATGTGA_002,144
TCTGCTGCTGTCGTATGTGA_003,115
TCTGCTGCTGTCGTATGTGA_004,117
TCTGCTGCTGTCGTATGTGA_005,127
AGACACAGGATAATGCACCG_001,157
AGACACAGGATAATGCACCG_002,166
AGACACAGGATAATGCACCG_003,166
AATTGGCTCCACACCCGTGG_001,197
AATTGGCTCCACACCCGTGG_002,49
AATTGGCTCCACACCCGTGG_003,61
AATTGGCTCCACACCCGTGG_004,58
AATTGGCTCCACACCCGTGG_005,90
AATTGGCTCCACACCCGTGG_006,34
AATTGGCTCCACACCCGTGG_007,130
AATTGGCTCCACACCCGTGG_008,152
TTGTGAGATTGAAACTGACA_001,77
TTGTGAGATTGAAACTGACA_002,134
AGCAGCATCCAGGACACACT_001,125
AGCAGCATCCAGGACACACT_002,29
AGCAGCATCCAGGACACACT_003,135
AGCAGCATCCAGGACACACT_004,127
AGCAGCATCCAGGACACACT_005,168
AGCAGCATCCAGGACACACT_006,151
AGCAGCATCCAGGACACACT_007,146
AGCAGCATCCAGGACACACT_008,76
AGCAGCATCCAGGACACACT_009,78
AGCAGCATCCAGGACACACT_010,123
AGCAGCATCCAGGACACACT_011,126
AGCAGCATCCAGGACACACT_012,152
AGCAGCATCCAGGACACACT_013,147
AGCAGCATCCAGGACACACT_014,33
AGCAGCATCCAGGACACACT_015,116
AGCAGCATCCAGGACACACT_016,68
AGCAGCATCCAGGACACACT_017,34
AGCAGCATCCAGGACACACT_018,99
AGCAGCATCCAGGACACACT_019,188
AGCAGCATCCAGGACACACT_020,15
AGCAGCATCCAGGACACACT_021,75
CGAAACTCACAGCTCCATTG_001,189
CGAAACTCACAGCTCCATTG_002,146
CGAAACTCACAGCTCCATTG_003,126
CGAAACTCACAGCTCCATTG_004,96
CGAAACTCACAGCTCCATTG_005,66
CGAAACTCACAGCTCCATTG_006,29
CGAAACTCACAGCTCCATTG_007,50
CGAAACTCACAGCTCCATTG_008,48
CGAAACTCACAGCTCCATTG_009,106
CGAAACTCACAGCTCCATTG_010,118
CGAAACTCACAGCTCCATTG_011,43
CGAAACTCACAGCTCCATTG_012,49
CGAAACTCACAGCTCCATTG_013,108
CGAAACTCACAGCTCCATTG_014,108
CGAAACTCACAGCTCCATTG_015,36
AAAAGGCCAAGATTGTCGGA_001,190
AAAAGGCCAAGATTGTCGGA_002,78
AAAAGGCCAAGATTGTCGGA_003,104
AAAAGGCCAAGATTGTCGGA_004,0
AAAAGGCCAAGATTGTCGGA_005,60
AAAAGGCCAAGATTGTCGGA_006,5
AAAAGGCCAAGATTGTCGGA_007,75
AAAAGGCCAAGATTGTCGGA_008,140
CTGAACGACAACATTCGAAG_001,178
CTGAACGACAACATTCGAAG_002,198
CTGAACGACAACATTCGAAG_003,170
CTGAACGACAACATTCGAAG_004,25
CTGAACGACAACATTCGAAG_005,39
CTGAACGACAACATTCGAAG_006,145
CTGAACGACAACATTCGAAG_007,79
CTGAACGACAACATTCGAAG_008,161
CTGAACGACAACATTCGAAG_009,192
CTGAACGACAACATTCGAAG_010,28
CTGAACGACAACATTCGAAG_011,159
ACTGTCACCGGCCTTACCGC_001,138
ACTGTCACCGGCCTTACCGC_002,117
ACTGTCACCGGCCTTACCGC_003,69
ACTGTCACCGGCCTTACCGC_004,130
ACTGTCACCGGCCTTACCGC_005,132
ACTGTCACCGGCCTTACCGC_006,78
ACTGTCACCGGCCTTACCGC_007,14
ACTGTCACCGGCCTTACCGC_008,158
GAGTTACCAGAACCTGACTC_001,31
GAGTTACCAGAACCTGACTC_002,170
GAGTTACCAGAACCTGACTC_003,28
GAGTTACCAGAACCTGACTC_004,166
GAGTTACCAGAACCTGACTC_005,30
ACTATGAAATTAGAATTCGC_001,137
ACTATGAAATTAGAATTCGC_002,158
ACTATGAAATTAGAATTCGC_003,13
ACTATGAAATTAGAATTCGC_004,81
ACTATGAAATTAGAATTCGC_005,193
ACTATGAAATTAGAATTCGC_006,56
ACTATGAAATTAGAATTCGC_007,174
ACTATGAAATTAGAATTCGC_008,49
ACTATGAAATTAGAATTCGC_009,26
ACTATGAAATTAGAATTCGC_010,70
ACATTGACAGCTGAGAGCCA_001,8
ACATTGACAGCTGAGAGCCA_002,53
ACATTGACAGCTGAGAGCCA_003,61
ACATTGACAGCTGAGAGCCA_004,187
ACATTGACAGCTGAGAGCCA_005,54
ACATTGACAGCTGAGAGCCA_006,183
ACATTGACAGCTGAGAGCCA_007,62
ACATTGACAGCTGAGAGCCA_008,70
ACATTGACAGCTGAGAGCCA_009,111
ACATTGACAGCTGAGAGCCA_010,56
ACATTGACAGCTGAGAGCCA_011,165
ACTGTGTGGCCGACCTCAAG_001,123
ACTGTGTGGCCGACCTCAAG_002,48
ACTGTGTGGCCGACCTCAAG_003,15
ACTGTGTGGCCGACCTCAAG_004,170
ACTGTGTGGCCGACCTCAAG_005,170
ACTGTGTGGCCGACCTCAAG_006,135
ACTGTGTGGCCGACCTCAAG_007,190
ACTGTGTGGCCGACCTCAAG_008,113
ACTGTGTGGCCGACCTCAAG_009,150
ACTGTGTGGCCGACCTCAAG_010,88
ATGAAGTTTGTGTCTCACGG_001,160
ATGAAGTTTGTGTCTCACGG_002,35
ATGAAGTTTGTGTCTCACGG_003,78
ATGAAGTTTGTGTCTCACGG_004,175
ATGAAGTTTGTGTCTCACGG_005,197
ATGAAGTTTGTGTCTCACGG_006,92
ATGAAGTTTGTGTCTCACGG_007,152
ATGAAGTTTGTGTCTCACGG_008,169
ATGAAGTTTGTGTCTCACGG_009,0
ATGAAGTTTGTGTCTCACGG_010,184
ATGAAGTTTGTGTCTCACGG_011,14
CAAGCTTAGTAACCAAAGGG_001,136
CAAGCTTAGTAACCAAAGGG_002,66
CAAGCTTAGTAACCAAAGGG_003,157
CAAGCTTAGTAACCAAAGGG_004,83
CAGGCAAGAACTTCGTGGCA_001,2
CAGGCAAGAACTTCGTGGCA_002,168
CAGGCAAGAACTTCGTGGCA_003,144
CAGGCAAGAACTTCGTGGCA_004,96
CAGGCAAGAACTTCGTGGCA_005,125
CAGGCAAGAACTTCGTGGCA_006,111
CAGGCAAGAACTTCGTGGCA_007,68
CAGGCAAGAACTTCGTGGCA_008,50
CAGGCAAGAACTTCGTGGCA_009,187
CAGGCAAGAACTTCGTGGCA_010,82
CTGACTCGGGTGGATTGTAG_001,114
CTGACTCGGGTGGATTGTAG_002,149
CTGACTCGGGTGGATTGTAG_003,15
ACGGCGCTTCACATCGTCCG_001,41
ACGGCGCTTCACATCGTCCG_002,26
ACGGCGCTTCACATCGTCCG_003,146
ACGGCGCTTCACATCGTCCG_004,187
ACGGCGCTTCACATCGTCCG_005,16
ACGGCGCTTCACATCGTCCG_006,70
ACGGCGCTTCACATCGTCCG_007,83
GGACGCCTGAGGCTCGAGTG_001,8
GGACGCCTGAGGCTCGAGTG_002,168
GGACGCCTGAGGCTCGAGTG_003,148
GGACGCCTGAGGCTCGAGTG_004,197
GGACGCCTGAGGCTCGAGTG_005,191
GGACGCCTGAGGCTCGAGTG_006,1
GGACGCCTGAGGCTCGAGTG_007,118
GGACGCCTGAGGCTCGAGTG_008,103
GGACGCCTGAGGCTCGAGTG_009,46
GGACGCCTGAGGCTCGAGTG_010,124
GGACGCCTGAGGCTCGAGTG_011,141
GGACGCCTGAGGCTCGAGTG_012,128
GGACGCCTGAGGCTCGAGTG_013,14
GGACGCCTGAGGCTCGAGTG_014,81
GGACGCCTGAGGCTCGAGTG_015,120
GGACGCCTGAGGCTCGAGTG_016,136
GGACGCCTGAGGCTCGAGTG_017,138
GGACGCCTGAGGCTCGAGTG_018,19
GGACGCCTGAGGCTCGAGTG_019,18
GGACGCCTGAGGCTCGAGTG_020,132
TCCACCAGCACTCACACGGT_001,169
TCCACCAGCACTCACACGGT_002,190
TCCACCAGCACTCACACGGT_003,19
TCCACCAGCACTCACACGGT_004,117
TCCACCAGCACTCACACGGT_005,1
TTGCCAGGATCACTCCGACG_001,115
TTGCCAGGATCACTCCGACG_002,41
TTGCCAGGATCACTCCGACG_003,117
TTGCCAGGATCACTCCGACG_004,54
TTGCCAGGATCACTCCGACG_005,169
TTGCCAGGATCACTCCGACG_006,82
TTGCCAGGATCACTCCGACG_007,176
TTGCCAGGATCACTCCGACG_008,60
TTGCCAGGATCACTCCGACG_009,198
TTGCCAGGATCACTCCGACG_010,107
TTGCCAGGATCACTCCGACG_011,149
GACACCAACAAGATCCTCAC_001,19
GACACCAACAAGATCCTCAC_002,121
GACACCAACAAGATCCTCAC_003,53
GACACCAACAAGATCCTCAC_004,181
GACACCAACAAGATCCTCAC_005,126
GACACCAACAAGATCCTCAC_006,31
GACACCAACAAGATCCTCAC_007,156
GACACCAACAAGATCCTCAC_008,156
GACACCAACAAGATCCTCAC_009,142
GACACCAACAAGATCCTCAC_010,191
GACACCAACAAGATCCTCAC_011,81
GACACCAACAAGATCCTCAC_012,124
ACAAGGACGTGGTAGCGCAG_001,172
ACAAGGACGTGGTAGCGCAG_002,53
ACAAGGACGTGGTAGCGCAG_003,53
ACAAGGACGTGGTAGCGCAG_004,61
ACAAGGACGTGGTAGCGCAG_005,90
ACAAGGACGTGGTAGCGCAG_006,117
ACAAGGACGTGGTAGCGCAG_007,65
ACAAGGACGTGGTAGCGCAG_008,151
ACAAGGACGTGGTAGCGCAG_009,158
ACAAGGACGTGGTAGCGCAG_010,57
ACAAGGACGTGGTAGCGCAG_011,116
ACAAGGACGTGGTAGCGCAG_012,45
ACAAGGACGTGGTAGCGCAG_013,75
ACAAGGACGTGGTAGCGCAG_014,9
ACAAGGACGTGGTAGCGCAG_015,170
ACAAGGACGTGGTAGCGCAG_016,50
ACAAGGACGTGGTAGCGCAG_017,77
ACAAGGACGTGGTAGCGCAG_018,166
ACAAGGACGTGGTAGCGCAG_019,33
ACAAGGACGTGGTAGCGCAG_020,73
ACAAGGACGTGGTAGCGCAG_021,121
ACAAGGACGTGGTAGCGCAG_022,146
ACAAGGACGTGGTAGCGCAG_023,140
ACAAGGACGTGGTAGCGCAG_024,194
ACAAGGACGTGGTAGCGCAG_025,58
ACAAGGACGTGGTAGCGCAG_026,176
ACAAGGACGTGGTAGCGCAG_027,112
ACAAGGACGTGGTAGCGCAG_028,130
ACAAGGACGTGGTAGCGCAG_029,36
ACAAGGACGTGGTAGCGCAG_030,60
ACAAGGACGTGGTAGCGCAG_031,49
TGAAAGCTGGCTTCACATGG_001,34
TGAAAGCTGGCTTCACATGG_002,197
TGAAAGCTGGCTTCACATGG_003,130
TGAAAGCTGGCTTCACATGG_004,104
TGAAAGCTGGCTTCACATGG_005,85
TGAAAGCTGGCTTCACATGG_006,169
GAGTGTCCCCAATCACACGT_001,1
GAGTGTCCCCAATCACACGT_002,154
GAGTGTCCCCAATCACACGT_003,12
GAGTGTCCCCAATCACACGT_004,69
GAGTGTCCCCAATCACACGT_005,38
GAGTGTCCCCAATCACACGT_006,88
GAGTGTCCCCAATCACACGT_007,91
GAGTGTCCCCAATCACACGT_008,129
GAGTGTCCCCAATCACACGT_009,181
GAGTGTCCCCAATCACACGT_010,166
GCTGCAGCTCTTCGAACAGG_001,179
GCTGCAGCTCTTCGAACAGG_002,66
AATTCATTGAAGCTGCACAA_001,182
AATTCATTGAAGCTGCACAA_002,130
AATTCATTGAAGCTGCACAA_003,76
AATTCATTGAAGCTGCACAA_004,48
AATTCATTGAAGCTGCACAA_005,169
AATTCATTGAAGCTGCACAA_006,88
AATTCATTGAAGCTGCACAA_007,58
AATTCATTGAAGCTGCACAA_008,123
AATTCATTGAAGCTGCACAA_009,124
AATTCATTGAAGCTGCACAA_010,62
AATTCATTGAAGCTGCACAA_011,105
AATTCATTGAAGCTGCACAA_012,112
AATTCATTGAAGCTGCACAA_013,169
AATTCATTGAAGCTGCACAA_014,104
AATTCATTGAAGCTGCACAA_015,142
AATTCATTGAAGCTGCACAA_016,175
AGACATGCGCAGAGACCACG_001,127
AGACATGCGCAGAGACCACG_002,169
AGACATGCGCAGAGACCACG_003,17
AGACATGCGCAGAGACCACG_004,9
AGACATGCGCAGAGACCACG_005,53
AGACATGCGCAGAGACCACG_006,80
AGACATGCGCAGAGACCACG_007,134
AGACATGCGCAGAGACCACG_008,25
AGACATGCGCAGAGACCACG_009,129
AGACATGCGCAGAGACCACG_010,6
AGACATGCGCAGAGACCACG_011,60
AGACATGCGCAGAGACCACG_012,81
AGACATGCGCAGAGACCACG_013,30
AGACATGCGCAGAGACCACG_014,120
AGACATGCGCAGAGACCACG_015,147
AGACATGCGCAGAGACCACG_016,12
AGACATGCGCAGAGACCACG_017,28
AGACATGCGCAGAGACCACG_018,130
AGACATGCGCAGAGACCACG_019,129
AGACATGCGCAGAGACCACG_020,83
AGACATGCGCAGAGACCACG_021,24
AGACATGCGCAGAGACCACG_022,92
AGACATGCGCAGAGACCACG_023,141
AGACATGCGCAGAGACCACG_024,60
AGACATGCGCAGAGACCACG_025,115
AGACATGCGCAGAGACCACG_026,144
AGACATGCGCAGAGACCACG_027,121
AGACATGCGCAGAGACCACG_028,150
AGACATGCGCAGAGACCACG_029,96
AGACATGCGCAGAGACCACG_030,115
AGACATGCGCAGAGACCACG_031,51
GCAGAGCATGGGTGTCCTAG_001,87
GCAGAGCATGGGTGTCCTAG_002,160
GCAGAGCATGGGTGTCCTAG_003,160
GCAGAGCATGGGTGTCCTAG_004,147
GCAGAGCATGGGTGTCCTAG_005,134
GCAGAGCATGGGTGTCCTAG_006,98
GCAGAGCATGGGTGTCCTAG_007,121
GCAGAGCATGGGTGTCCTAG_008,166
GCAGAGCATGGGTGTCCTAG_009,99
GCAGAGCATGGGTGTCCTAG_010,94
GCAGAGCATGGGTGTCCTAG_011,49
GCAGAGCATGGGTGTCCTAG_012,15
GCAGAGCATGGGTGTCCTAG_013,129
GCAGAGCATGGGTGTCCTAG_014,94
CAGACCACGATCCAGACGAG_001,102
CAGACCACGATCCAGACGAG_002,192
TGTGAACATAATAGACCACA_001,149
TGTGAACATAATAGACCACA_002,48
TGTGAACATAATAGACCACA_003,148
TGTGAACATAATAGACCACA_004,190
TGTGAACATAATAGACCACA_005,102
TCATGTGACTAGTTCCCCTG_001,140
TCATGTGACTAGTTCCCCTG_002,162
TCATGTGACTAGTTCCCCTG_003,196
TCATGTGACTAGTTCCCCTG_004,69
TCATGTGACTAGTTCCCCTG_005,115
TCATGTGACTAGTTCCCCTG_006,97
TCATGTGACTAGTTCCCCTG_007,80
TCATGTGACTAGTTCCCCTG_008,176
TCATGTGACTAGTTCCCCTG_009,192
TCATGTGACTAGTTCCCCTG_010,70
TCATGTGACTAGTTCCCCTG_011,181
TCATGTGACTAGTTCCCCTG_012,13
TTCATCATCTAGTCCCCGGG_001,60
TTCATCATCTAGTCCCCGGG_002,7
TGAATAAACAGTAGGTGACA_001,41
TGAATAAACAGTAGGTGACA_002,64
TGAATAAACAGTAGGTGACA_003,97
TGAATAAACAGTAGGTGACA_004,106
TGAATAAACAGTAGGTGACA_005,48
TGAATAAACAGTAGGTGACA_006,124
CTGTGATAATCCATGGACAG_001,115
CTGTGATAATCCATGGACAG_002,42
CTGTGATAATCCATGGACAG_003,143
CTGTGATAATCCATGGACAG_004,146
CTGTGATAATCCATGGACAG_005,186
TCTGTCTCAAGAATCAGAGT_001,147
TCTGTCTCAAGAATCAGAGT_002,36
AAGAGGGTGGAAGCCATTAG_001,150
AAGAGGGTGGAAGCCATTAG_002,137
AAGAGGGTGGAAGCCATTAG_003,108
AAGAGGGTGGAAGCCATTAG_004,13
AAGAGGGTGGAAGCCATTAG_005,83
AAGAGGGTGGAAGCCATTAG_006,65
AAGAGGGTGGAAGCCATTAG_007,157
AAGAGGGTGGAAGCCATTAG_008,30
AAGAGGGTGGAAGCCATTAG_009,30
AAGAGGGTGGAAGCCATTAG_010,56
AAGAGGGTGGAAGCCATTAG_011,52
AAGAGGGTGGAAGCCATTAG_012,2
AAGAGGGTGGAAGCCATTAG_013,98
AAGAGGGTGGAAGCCATTAG_014,48
AAGAGGGTGGAAGCCATTAG_015,23
TCCCCCAGGAATAAAAGCTG_001,124
TCCCCCAGGAATAAAAGCTG_002,127
TCCCCCAGGAATAAAAGCTG_003,149
TCCCCCAGGAATAAAAGCTG_004,56
TCCCCCAGGAATAAAAGCTG_005,78
TCCCCCAGGAATAAAAGCTG_006,171
TCCCCCAGGAATAAAAGCTG_007,166
TCCCCCAGGAATAAAAGCTG_008,150
TCCCCCAGGAATAAAAGCTG_009,1
TCCCCCAGGAATAAAAGCTG_010,16
TCCCCCAGGAATAAAAGCTG_011,74
TCCCCCAGGAATAAAAGCTG_012,197
TCCCCCAGGAATAAAAGCTG_013,128
TCCCCCAGGAATAAAAGCTG_014,44
TCCCCCAGGAATAAAAGCTG_015,18
TCCCCCAGGAATAAAAGCTG_016,82
TCCCCCAGGAATAAAAGCTG_017,121
TCCCCCAGGAATAAAAGCTG_018,15
TTCCAGCCTTGAGAGGCTAG_001,25
TTCCAGCCTTGAGAGGCTAG_002,22
TTCCAGCCTTGAGAGGCTAG_003,107
TTCCAGCCTTGAGAGGCTAG_004,22
TTCCAGCCTTGAGAGGCTAG_005,194
TTCCAGCCTTGAGAGGCTAG_006,30
TTCCAGCCTTGAGAGGCTAG_007,179
TTCCAGCCTTGAGAGGCTAG_008,162
TTCCAGCCTTGAGAGGCTAG_009,23
TTCCAGCCTTGAGAGGCTAG_010,95
TTCCAGCCTTGAGAGGCTAG_011,1
TTCCAGCCTTGAGAGGCTAG_012,126
TTCCAGCCTTGAGAGGCTAG_013,128
GTAGGCCTTCCCATCCACGT_001,115
GTAGGCCTTCCCATCCACGT_002,177
GTAGGCCTTCCCATCCACGT_003,166
GTAGGCCTTCCCATCCACGT_004,97
GTAGGCCTTCCCATCCACGT_005,124
GTAGGCCTTCCCATCCACGT_006,162
GTAGGCCTTCCCATCCACGT_007,8
GTAGGCCTTCCCATCCACGT_008,90
GTAGGCCTTCCCATCCACGT_009,198
GTAGGCCTTCCCATCCACGT_010,37
GTAGGCCTTCCCATCCACGT_011,1
GTAGGCCTTCCCATCCACGT_012,103
GTAGGCCTTCCCATCCACGT_013,153
GTAGGCCTTCCCATCCACGT_014,152
GTAGGCCTTCCCATCCACGT_015,1
GTAGGCCTTCCCATCCACGT_016,149
GTAGGCCTTCCCATCCACGT_017,19
GTAGGCCTTCCCATCCACGT_018,2
GTAGGCCTTCCCATCCACGT_019,66
GTAGGCCTTCCCATCCACGT_020,70
GTAGGCCTTCCCATCCACGT_021,5
GTAGGCCTTCCCATCCACGT_022,81
GTAGGCCTTCCCATCCACGT_023,62
GTAGGCCTTCCCATCCACGT_024,188
GTAGGCCTTCCCATCCACGT_025,82
GTAGGCCTTCCCATCCACGT_026,117
GTAGGCCTTCCCATCCACGT_027,81
GTAGGCCTTCCCATCCACGT_028,62
GTAGGCCTTCCCATCCACGT_029,162
GTAGGCCTTCCCATCCACGT_030,127
GTAGGCCTTCCCATCCACGT_031,184
GTAGGCCTTCCCATCCACGT_032,126
GTAGGCCTTCCCATCCACGT_033,149
GTAGGCCTTCCCATCCACGT_034,1
GGACAGCCTCAAAACAGTCA_001,127
GGACAGCCTCAAAACAGTCA_002,172
GGACAGCCTCAAAACAGTCA_003,70
GGACAGCCTCAAAACAGTCA_004,77
GGACAGCCTCAAAACAGTCA_005,3
GGACAGCCTCAAAACAGTCA_006,180
GGACAGCCTCAAAACAGTCA_007,184
GGACAGCCTCAAAACAGTCA_008,96
GGACAGCCTCAAAACAGTCA_009,165
ACTGGCACGCTCTATAGCCA_001,23
ACTGGCACGCTCTATAGCCA_002,23
ACTGGCACGCTCTATAGCCA_003,56
ACTGGCACGCTCTATAGCCA_004,125
ACTGGCACGCTCTATAGCCA_005,178
GTCACACAATTAGATGCCTG_001,157
GTCACACAATTAGATGCCTG_002,17
GTCACACAATTAGATGCCTG_003,94
GTCACACAATTAGATGCCTG_004,1
GTCACACAATTAGATGCCTG_005,15
GTCACACAATTAGATGCCTG_006,106
GTCACACAATTAGATGCCTG_007,77
GTCACACAATTAGATGCCTG_008,48
GTCACACAATTAGATGCCTG_009,62
GTCACACAATTAGATGCCTG_010,136
GTCACACAATTAGATGCCTG_011,197
GTCACACAATTAGATGCCTG_012,115
GTCACACAATTAGATGCCTG_013,116
GTCACACAATTAGATGCCTG_014,66
TGTGGCCGAGGCATTCCGTG_001,81
TGTGGCCGAGGCATTCCGTG_002,7
TGTGGCCGAGGCATTCCGTG_003,56
TGTGGCCGAGGCATTCCGTG_004,150
TGTGGCCGAGGCATTCCGTG_005,27
TGTGGCCGAGGCATTCCGTG_006,95
TGTGGCCGAGGCATTCCGTG_007,139
TGTGGCCGAGGCATTCCGTG_008,0
TGTGGCCGAGGCATTCCGTG_009,195
TGTGGCCGAGGCATTCCGTG_010,89
TGTGGCCGAGGCATTCCGTG_011,130
TGTGGCCGAGGCATTCCGTG_012,121
TGTGGCCGAGGCATTCCGTG_013,5
TGTGGCCGAGGCATTCCGTG_014,34
TGTGGCCGAGGCATTCCGTG_015,34
TGTGGCCGAGGCATTCCGTG_016,0
TTCTAGGTAACTCTTCAGAG_001,19
TTCTAGGTAACTCTTCAGAG_002,63
TTCTAGGTAACTCTTCAGAG_003,38
TTCTAGGTAACTCTTCAGAG_004,65
TTCTAGGTAACTCTTCAGAG_005,58
AGAAGGTTCCGAGATCAGGT_001,173
AGAAGGTTCCGAGATCAGGT_002,192
AGAAGGTTCCGAGATCAGGT_003,177
TCATATATAATCCAATTAGG_001,76
CAATATGTCCACAGCAACGT_001,88
CAATATGTCCACAGCAACGT_002,29
CAATATGTCCACAGCAACGT_003,115
CAATATGTCCACAGCAACGT_004,48
CAATATGTCCACAGCAACGT_005,141
CAATATGTCCACAGCAACGT_006,112
CAATATGTCCACAGCAACGT_007,19
CAATATGTCCACAGCAACGT_008,135
CAATATGTCCACAGCAACGT_009,61
CAATATGTCCACAGCAACGT_010,138
CCCACCCCAAGGGTCAACTG_001,58
CCCACCCCAAGGGTCAACTG_002,158
CCCACCCCAAGGGTCAACTG_003,189
CCCACCCCAAGGGTCAACTG_004,181
CCCACCCCAAGGGTCAACTG_005,94
CCCACCCCAAGGGTCAACTG_006,154
CCCACCCCAAGGGTCAACTG_007,51
CCCACCCCAAGGGTCAACTG_008,70
CCCACCCCAAGGGTCAACTG_009,58
CCCACCCCAAGGGTCAACTG_010,83
CCCACCCCAAGGGTCAACTG_011,145
CCCACCCCAAGGGTCAACTG_012,64
CCCACCCCAAGGGTCAACTG_013,183
CCCACCCCAAGGGTCAACTG_014,19
CCCACCCCAAGGGTCAACTG_015,105
CCCACCCCAAGGGTCAACTG_016,65
CCCACCCCAAGGGTCAACTG_017,65
CCCACCCCAAGGGTCAACTG_018,182
CCCACCCCAAGGGTCAACTG_019,143
CCCACCCCAAGGGTCAACTG_020,143
CCCACCCCAAGGGTCAACTG_021,88
CCCACCCCAAGGGTCAACTG_022,185
CCCACCCCAAGGGTCAACTG_023,137
CCCACCCCAAGGGTCAACTG_024,107
CCCACCCCAAGGGTCAACTG_025,181
CCCACCCCAAGGGTCAACTG_026,37
CCCACCCCAAGGGTCAACTG_027,50
CCCACCCCAAGGGTCAACTG_028,142
CCCACCCCAAGGGTCAACTG_029,19
CCCACCCCAAGGGTCAACTG_030,149
CCCACCCCAAGGGTCAACTG_031,52
CCCACCCCAAGGGTCAACTG_032,105
CCCACCCCAAGGGTCAACTG_033,11
GTGATGTATTCATCTGAAAG_001,9
GTGATGTATTCATCTGAAAG_002,170
TATGAAGGCAATACACAACA_001,141
TATGAAGGCAATACACAACA_002,148
TATGAAGGCAATACACAACA_003,9
TATGAAGGCAATACACAACA_004,24
TATGAAGGCAATACACAACA_005,58
AGGACGACGCCTTCGAGCAG_001,162
AGGACGACGCCTTCGAGCAG_002,29
AGGACGACGCCTTCGAGCAG_003,88
AGGACGACGCCTTCGAGCAG_004,57
AGGACGACGCCTTCGAGCAG_005,122
AGGACGACGCCTTCGAGCAG_006,54
AGGACGACGCCTTCGAGCAG_007,37
AGGACGACGCCTTCGAGCAG_008,88
AGGACGACGCCTTCGAGCAG_009,16
AGGACGACGCCTTCGAGCAG_010,146
AGGACGACGCCTTCGAGCAG_011,55
AGGACGACGCCTTCGAGCAG_012,34
AGGACGACGCCTTCGAGCAG_013,79
AGGACGACGCCTTCGAGCAG_014,198
AGGACGACGCCTTCGAGCAG_015,150
AGGACGACGCCTTCGAGCAG_016,2
AGGACGACGCCTTCGAGCAG_017,184
AGGACGACGCCTTCGAGCAG_018,188
AGGACGACGCCTTCGAGCAG_019,172
AGGACGACGCCTTCGAGCAG_020,63
AGGACGACGCCTTCGAGCAG_021,27
AGGACGACGCCTTCGAGCAG_022,117
AGGACGACGCCTTCGAGCAG_023,113
CTTGTAGCCAGTCCCCGACG_001,63
CTTGTAGCCAGTCCCCGACG_002,32
CTTGTAGCCAGTCCCCGACG_003,116
CTTGTAGCCAGTCCCCGACG_004,144
CTTGTAGCCAGTCCCCGACG_005,170
CTTGTAGCCAGTCCCCGACG_006,81
CTTGTAGCCAGTCCCCGACG_007,148
CTTGTAGCCAGTCCCCGACG_008,9
CTTGTAGCCAGTCCCCGACG_009,121
CTTGTAGCCAGTCCCCGACG_010,40
CTTGTAGCCAGTCCCCGACG_011,49
GCACTGTGGCTAGGAAGTCA_001,49
GCACTGTGGCTAGGAAGTCA_002,137
GCACTGTGGCTAGGAAGTCA_003,194
GCACTGTGGCTAGGAAGTCA_004,22
GCACTGTGGCTAGGAAGTCA_005,95
GCACTGTGGCTAGGAAGTCA_006,92
GCACTGTGGCTAGGAAGTCA_007,148
GCACTGTGGCTAGGAAGTCA_008,158
GCACTGTGGCTAGGAAGTCA_009,150
GCACTGTGGCTAGGAAGTCA_010,140
GCACTGTGGCTAGGAAGTCA_011,169
GCACTGTGGCTAGGAAGTCA_012,112
GCACTGTGGCTAGGAAGTCA_013,28
GCACTGTGGCTAGGAAGTCA_014,117
GCACTGTGGCTAGGAAGTCA_015,190
CACCAGTGAGGCAACTATGT_001,38
CACCAGTGAGGCAACTATGT_002,173
CACCAGTGAGGCAACTATGT_003,88
CACCAGTGAGGCAACTATGT_004,78
CACCAGTGAGGCAACTATGT_005,33
CACCAGTGAGGCAACTATGT_006,91
CACCAGTGAGGCAACTATGT_007,147
CACCAGTGAGGCAACTATGT_008,51
CACCAGTGAGGCAACTATGT_009,190
CACCAGTGAGGCAACTATGT_010,188
CACCAGTGAGGCAACTATGT_011,160
CACCAGTGAGGCAACTATGT_012,55
CACCAGTGAGGCAACTATGT_013,150
CACCAGTGAGGCAACTATGT_014,127
CACCAGTGAGGCAACTATGT_015,77
CACCAGTGAGGCAACTATGT_016,87
CACCAGTGAGGCAACTATGT_017,87
CACCAGTGAGGCAACTATGT_018,46
CACCAGTGAGGCAACTATGT_019,61
CACCAGTGAGGCAACTATGT_020,120
GACGGACGATCACGGAGGGA_001,151
GACGGACGATCACGGAGGGA_002,38
GACGGACGATCACGGAGGGA_003,45
GACGGACGATCACGGAGGGA_004,37
AACTCTAGCTCTTCAGAAGG_001,18
GTTGTTGACAGGCAAATAAG_001,99
GTTGTTGACAGGCAAATAAG_002,188
GTTGTTGACAGGCAAATAAG_003,47
GTTGTTGACAGGCAAATAAG_004,171
GTTGTTGACAGGCAAATAAG_005,80
GTTGTTGACAGGCAAATAAG_006,80
GTTGTTGACAGGCAAATAAG_007,47
GTTGTTGACAGGCAAATAAG_008,6
GTTGTTGACAGGCAAATAAG_009,34
GTTGTTGACAGGCAAATAAG_010,52
GTTGTTGACAGGCAAATAAG_011,136
GGTTCAGAAACAGTTCGATG_001,9
GGTTCAGAAACAGTTCGATG_002,15
TGACGTTGTACAGGTACAGG_001,121
TGACGTTGTACAGGTACAGG_002,72
TGACGTTGTACAGGTACAGG_003,48
TGACGTTGTACAGGTACAGG_004,126
TGACGTTGTACAGGTACAGG_005,13
TGACGTTGTACAGGTACAGG_006,152
TGACGTTGTACAGGTACAGG_007,3
TGACGTTGTACAGGTACAGG_008,69
TGACGTTGTACAGGTACAGG_009,0
AGACTCTGTTGATCTAGCTG_001,3
AGACTCTGTTGATCTAGCTG_002,181
AGACTCTGTTGATCTAGCTG_003,61
AGACTCTGTTGATCTAGCTG_004,105
AGACTCTGTTGATCTAGCTG_005,147
AGACTCTGTTGATCTAGCTG_006,127
AGACTCTGTTGATCTAGCTG_007,17
AGACTCTGTTGATCTAGCTG_008,139
AGACTCTGTTGATCTAGCTG_009,50
AGACTCTGTTGATCTAGCTG_010,75
AGACTCTGTTGATCTAGCTG_011,35
AGACTCTGTTGATCTAGCTG_012,43
AGACTCTGTTGATCTAGCTG_013,136
AGACTCTGTTGATCTAGCTG_014,33
AGACTCTGTTGATCTAGCTG_015,195
GAAGGGGATCAGTATTGTGG_001,101
GAAGGGGATCAGTATTGTGG_002,112
TCAAGTACAGCAATTACGTG_001,76
TCAAGTACAGCAATTACGTG_002,145
TCAAGTACAGCAATTACGTG_003,124
TCAAGTACAGCAATTACGTG_004,182
TCAAGTACAGCAATTACGTG_005,61
TCAAGTACAGCAATTACGTG_006,92
GCGAATGCGGGACTCCAACG_001,186
GCGAATGCGGGACTCCAACG_002,172
GCGAATGCGGGACTCCAACG_003,16
GCGAATGCGGGACTCCAACG_004,183
GCGAATGCGGGACTCCAACG_005,58
GCGAATGCGGGACTCCAACG_006,102
GCGAATGCGGGACTCCAACG_007,105
GCGAATGCGGGACTCCAACG_008,105
GCGAATGCGGGACTCCAACG_009,24
GCGAATGCGGGACTCCAACG_010,104
GCGAATGCGGGACTCCAACG_011,25
GCGAATGCGGGACTCCAACG_012,42
GCGAATGCGGGACTCCAACG_013,184
GCGAATGCGGGACTCCAACG_014,2
GCGAATGCGGGACTCCAACG_015,19
GCGAATGCGGGACTCCAACG_016,88
GCGAATGCGGGACTCCAACG_017,40
GCGAATGCGGGACTCCAACG_018,195
GCGAATGCGGGACTCCAACG_019,163
GCGAATGCGGGACTCCAACG_020,156
GCGAATGCGGGACTCCAACG_021,2
GCGAATGCGGGACTCCAACG_022,176
GCGAATGCGGGACTCCAACG_023,112
GCGAATGCGGGACTCCAACG_024,126
GCGAATGCGGGACTCCAACG_025,155
GCGAATGCGGGACTCCAACG_026,42
GCGAATGCGGGACTCCAACG_027,28
CTGTTCCAACTACGACACGC_001,34
CTGTTCCAACTACGACACGC_002,36
CTGTTCCAACTACGACACGC_003,0
CTGTTCCAACTACGACACGC_004,29
CTGTTCCAACTACGACACGC_005,76
CTGTTCCAACTACGACACGC_006,149
CTGTTCCAACTACGACACGC_007,3
CTGTTCCAACTACGACACGC_008,84
CTGTTCCAACTACGACACGC_009,143
CTGTTCCAACTACGACACGC_010,106
CTGTTCCAACTACGACACGC_011,0
CTTTACATGCCACATCACAC_001,54
CTTTACATGCCACATCACAC_002,78
CTTTACATGCCACATCACAC_003,60
CTTTACATGCCACATCACAC_004,149
CTTTACATGCCACATCACAC_005,34
CTTTACATGCCACATCACAC_006,32
CTTTACATGCCACATCACAC_007,95
CTTTACATGCCACATCACAC_008,121
AGAATGTTCAACGACGCTGG_001,84
AGAATGTTCAACGACGCTGG_002,53
AGAATGTTCAACGACGCTGG_003,67
AGAATGTTCAACGACGCTGG_004,54
AGAATGTTCAACGACGCTGG_005,43
AGAATGTTCAACGACGCTGG_006,70
AGAATGTTCAACGACGCTGG_007,149
AGAATGTTCAACGACGCTGG_008,95
GTGCCCCTCATGAATCCCGG_001,76
GTGCCCCTCATGAATCCCGG_002,188
GTGCCCCTCATGAATCCCGG_003,173
GTGCCCCTCATGAATCCCGG_004,29
GTGCCCCTCATGAATCCCGG_005,15
GTGCCCCTCATGAATCCCGG_006,34
GTGCCCCTCATGAATCCCGG_007,49
GTGCCCCTCATGAATCCCGG_008,13
GTGCCCCTCATGAATCCCGG_009,92
GTGCCCCTCATGAATCCCGG_010,44
GTGCCCCTCATGAATCCCGG_011,88
GTGCCCCTCATGAATCCCGG_012,98
CTTTCACCATTTGGTACCTG_001,82
CTTTCACCATTTGGTACCTG_002,127
CTTTCACCATTTGGTACCTG_003,130
CTTTCACCATTTGGTACCTG_004,87
CTTTCACCATTTGGTACCTG_005,128
CTTTCACCATTTGGTACCTG_006,88
CTTTCACCATTTGGTACCTG_007,184
TCACACCTAACTCAACATAC_001,139
TCACACCTAACTCAACATAC_002,73
TCACACCTAACTCAACATAC_003,158
TCACACCTAACTCAACATAC_004,160
TCACACCTAACTCAACATAC_005,157
AGTCGGATATTAGAGTCAGG_001,107
AGTCGGATATTAGAGTCAGG_002,177
AGTCGGATATTAGAGTCAGG_003,136
AGTCGGATATTAGAGTCAGG_004,43
AGTCGGATATTAGAGTCAGG_005,106
AGGTGCACCGATTATACCCG_001,98
AGGTGCACCGATTATACCCG_002,50
AGGTGCACCGATTATACCCG_003,141
AGGTGCACCGATTATACCCG_004,24
AGGTGCACCGATTATACCCG_005,168
GGGAGGTCATGTGGCAAACG_001,70
GGGAGGTCATGTGGCAAACG_002,98
ACAGCTGTCACTGGAAGCGT_001,172
ACAGCTGTCACTGGAAGCGT_002,168
ACAGCTGTCACTGGAAGCGT_003,137
ACAGCTGTCACTGGAAGCGT_004,58
ACAGCTGTCACTGGAAGCGT_005,137
ACAGCTGTCACTGGAAGCGT_006,31
ACAGCTGTCACTGGAAGCGT_007,77
ACAGCTGTCACTGGAAGCGT_008,56
ACAGCTGTCACTGGAAGCGT_009,85
GGGATCCACAGAAAGTCAGT_001,149
GGGATCCACAGAAAGTCAGT_002,0
GGGATCCACAGAAAGTCAGT_003,6
GGGATCCACAGAAAGTCAGT_004,29
GGGATCCACAGAAAGTCAGT_005,138
GGGATCCACAGAAAGTCAGT_006,108
CCAGGGGATCAGGAGAACAT_001,1
CCAGGGGATCAGGAGAACAT_002,191
CCAGGGGATCAGGAGAACAT_003,81
CCAGGGGATCAGGAGAACAT_004,115
CCAGGGGATCAGGAGAACAT_005,105
CCAGGGGATCAGGAGAACAT_006,9
CCGACAAAGGTGGAGAGACA_001,121
CCGACAAAGGTGGAGAGACA_002,50
CCGACAAAGGTGGAGAGACA_003,29
CCGACAAAGGTGGAGAGACA_004,170
CCGACAAAGGTGGAGAGACA_005,165
CCGACAAAGGTGGAGAGACA_006,15
CCGACAAAGGTGGAGAGACA_007,70
CCGACAAAGGTGGAGAGACA_008,137
CCGACAAAGGTGGAGAGACA_009,113
CCGACAAAGGTGGAGAGACA_010,191
GGGTCAATCGAAGTATGTGG_001,47
GGGTCAATCGAAGTATGTGG_002,55
GGGTCAATCGAAGTATGTGG_003,172
GGGTCAATCGAAGTATGTGG_004,134
GGGTCAATCGAAGTATGTGG_005,49
TGCCGCGTTAGACTGGACCG_001,127
TGCCGCGTTAGACTGGACCG_002,140
TGCCGCGTTAGACTGGACCG_003,41
TGCCGCGTTAGACTGGACCG_004,53
TGCCGCGTTAGACTGGACCG_005,17
TGCCGCGTTAGACTGGACCG_006,114
TGCCGCGTTAGACTGGACCG_007,26
TGCCGCGTTAGACTGGACCG_008,156
TGCCGCGTTAGACTGGACCG_009,156
CTGAGTGCAAGCATGGCCTG_001,128
CTGAGTGCAAGCATGGCCTG_002,171
CTGAGTGCAAGCATGGCCTG_003,131
CTGAGTGCAAGCATGGCCTG_004,62
CTGAGTGCAAGCATGGCCTG_005,9
CTGAGTGCAAGCATGGCCTG_006,104
CTGAGTGCAAGCATGGCCTG_007,67
CTGAGTGCAAGCATGGCCTG_008,90
CTGAGTGCAAGCATGGCCTG_009,40
CTGAGTGCAAGCATGGCCTG_010,31
CTGAGTGCAAGCATGGCCTG_011,194
CTGAGTGCAAGCATGGCCTG_012,170
CTGAGTGCAAGCATGGCCTG_013,83
CTGAGTGCAAGCATGGCCTG_014,129
CTGAGTGCAAGCATGGCCTG_015,68
CTGAGTGCAAGCATGGCCTG_016,12
CTGAGTGCAAGCATGGCCTG_017,171
CTGAGTGCAAGCATGGCCTG_018,172
CTGAGTGCAAGCATGGCCTG_019,62
CTGAGTGCAAGCATGGCCTG_020,3
AGTTGGGGCTAGGGACTCGG_001,158
AGTTGGGGCTAGGGACTCGG_002,144
AGTTGGGGCTAGGGACTCGG_003,23
AGTTGGGGCTAGGGACTCGG_004,112
AGTTGGGGCTAGGGACTCGG_005,15
AGTTGGGGCTAGGGACTCGG_006,88
AGTTGGGGCTAGGGACTCGG_007,58
AGTTGGGGCTAGGGACTCGG_008,188
AGTTGGGGCTAGGGACTCGG_009,47
AGTTGGGGCTAGGGACTCGG_010,62
AGTTGGGGCTAGGGACTCGG_011,7
AGTTGGGGCTAGGGACTCGG_012,177
AGTTGGGGCTAGGGACTCGG_013,128
AGTTGGGGCTAGGGACTCGG_014,69
AGCGGAGAGGAGATTCAAGC_001,7
AGCGGAGAGGAGATTCAAGC_002,168
AGCGGAGAGGAGATTCAAGC_003,62
AGCGGAGAGGAGATTCAAGC_004,88
AGCGGAGAGGAGATTCAAGC_005,117
AGCGGAGAGGAGATTCAAGC_006,134
AGCGGAGAGGAGATTCAAGC_007,166
AGCGGAGAGGAGATTCAAGC_008,34
AGCGGAGAGGAGATTCAAGC_009,50
AGCGGAGAGGAGATTCAAGC_010,88
AATGGAACACATGCATACTC_001,182
AATGGAACACATGCATACTC_002,152
TCTACCTATTGTGGAATTTG_001,95
TCTACCTATTGTGGAATTTG_002,9
TGGAGAGTCAAACTGTGCAA_001,61
TGGAGAGTCAAACTGTGCAA_002,9
TGGAGAGTCAAACTGTGCAA_003,141
TGGAGAGTCAAACTGTGCAA_004,48
TGGAGAGTCAAACTGTGCAA_005,76
TGGAGAGTCAAACTGTGCAA_006,170
TGGAGAGTCAAACTGTGCAA_007,81
TGGAGAGTCAAACTGTGCAA_008,56
TGGAGAGTCAAACTGTGCAA_009,58
TGGAGAGTCAAACTGTGCAA_010,2
TGGAGAGTCAAACTGTGCAA_011,111
TGGAGAGTCAAACTGTGCAA_012,90
TGGAGAGTCAAACTGTGCAA_013,115
TGGAGAGTCAAACTGTGCAA_014,115
CAAACCAGATCTTGGCACGC_001,126
CAAACCAGATCTTGGCACGC_002,165
CAAACCAGATCTTGGCACGC_003,166
CAAACCAGATCTTGGCACGC_004,162
CAAACCAGATCTTGGCACGC_005,77
CAAACCAGATCTTGGCACGC_006,125
CAAACCAGATCTTGGCACGC_007,126
CAAACCAGATCTTGGCACGC_008,97
CAAACCAGATCTTGGCACGC_009,70
CAAACCAGATCTTGGCACGC_010,76
CAAACCAGATCTTGGCACGC_011,129
CAAACCAGATCTTGGCACGC_012,166
CAAACCAGATCTTGGCACGC_013,10
CAAACCAGATCTTGGCACGC_014,61
CAAACCAGATCTTGGCACGC_015,8
CAAACCAGATCTTGGCACGC_016,169
GGTAGTAACGGTTCAGCTGG_001,145
TTTGTAAACGCCCTAAGTTG_001,6
TTTGTAAACGCCCTAAGTTG_002,185
TTTGTAAACGCCCTAAGTTG_003,121
TTTGTAAACGCCCTAAGTTG_004,1
GTACCGTCTAAAGGGGCACA_001,127
GTACCGTCTAAAGGGGCACA_002,68
GTACCGTCTAAAGGGGCACA_003,79
GTACCGTCTAAAGGGGCACA_004,78
GTACCGTCTAAAGGGGCACA_005,19
GTACCGTCTAAAGGGGCACA_006,59
GTACCGTCTAAAGGGGCACA_007,110
GGTCGATAAGCTGGAACTGA_001,118
AAGACAGTGTAGGCGCTACG_001,15
AAGACAGTGTAGGCGCTACG_002,188
AAGACAGTGTAGGCGCTACG_003,158
AAGACAGTGTAGGCGCTACG_004,112
AAGACAGTGTAGGCGCTACG_005,44
AAGACAGTGTAGGCGCTACG_006,44
AAGACAGTGTAGGCGCTACG_007,70
AAGACAGTGTAGGCGCTACG_008,60
AAGACAGTGTAGGCGCTACG_009,28
AAGACAGTGTAGGCGCTACG_010,2
GATCTTCAGATGGCCAACGG_001,95
GATCTTCAGATGGCCAACGG_002,113
GATCTTCAGATGGCCAACGG_003,59
GATCTTCAGATGGCCAACGG_004,50
GATCTTCAGATGGCCAACGG_005,68
GATCTTCAGATGGCCAACGG_006,15
GATCTTCAGATGGCCAACGG_007,136
GATCTTCAGATGGCCAACGG_008,137
GATCTTCAGATGGCCAACGG_009,39
GCACCTGCGACACGGCGTCG_001,159
GCACCTGCGACACGGCGTCG_002,36
GCACCTGCGACACGGCGTCG_003,199
GCACCTGCGACACGGCGTCG_004,174
GCACCTGCGACACGGCGTCG_005,117
GCACCTGCGACACGGCGTCG_006,98
GCACCTGCGACACGGCGTCG_007,68
GCACCTGCGACACGGCGTCG_008,172
GCACCTGCGACACGGCGTCG_009,7
GCACCTGCGACACGGCGTCG_010,8
GCACCTGCGACACGGCGTCG_011,48
GCACCTGCGACACGGCGTCG_012,37
GCACCTGCGACACGGCGTCG_013,149
GCACCTGCGACACGGCGTCG_014,192
GCACCTGCGACACGGCGTCG_015,169
GCACCTGCGACACGGCGTCG_016,58
GCACCTGCGACACGGCGTCG_017,57
GCACCTGCGACACGGCGTCG_018,184
GCACCTGCGACACGGCGTCG_019,58
GCACCTGCGACACGGCGTCG_020,88
GCACCTGCGACACGGCGTCG_021,77
GCACCTGCGACACGGCGTCG_022,157
GCACCTGCGACACGGCGTCG_023,67
GCACCTGCGACACGGCGTCG_024,175
GCACCTGCGACACGGCGTCG_025,147
GCACCTGCGACACGGCGTCG_026,89
GCACCTGCGACACGGCGTCG_027,1
GCACCTGCGACACGGCGTCG_028,169
GCACCTGCGACACGGCGTCG_029,168
GCACCTGCGACACGGCGTCG_030,129
GCACCTGCGACACGGCGTCG_031,162
GCACCTGCGACACGGCGTCG_032,178
GCACCTGCGACACGGCGTCG_033,178
GCACCTGCGACACGGCGTCG_034,24
GCACCTGCGACACGGCGTCG_035,72
GCACCTGCGACACGGCGTCG_036,106
GCACCTGCGACACGGCGTCG_037,162
GCACCTGCGACACGGCGTCG_038,14
GCACCTGCGACACGGCGTCG_039,29
GCACCTGCGACACGGCGTCG_040,101
GCACCTGCGACACGGCGTCG_041,115
GCACCTGCGACACGGCGTCG_042,188
AGATGCTGCGGAAGTAGCGT_001,166
AGATGCTGCGGAAGTAGCGT_002,65
AGATGCTGCGGAAGTAGCGT_003,148
AGATGCTGCGGAAGTAGCGT_004,50
AGATGCTGCGGAAGTAGCGT_005,83
AGATGCTGCGGAAGTAGCGT_006,65
AGATGCTGCGGAAGTAGCGT_007,128
AGATGCTGCGGAAGTAGCGT_008,49
AGATGCTGCGGAAGTAGCGT_009,6
AGATGCTGCGGAAGTAGCGT_010,125
AGATGCTGCGGAAGTAGCGT_011,148
AGATGCTGCGGAAGTAGCGT_012,13
AGATGCTGCGGAAGTAGCGT_013,20
AGATGCTGCGGAAGTAGCGT_014,10
AAGTGTACCCTAACTAGCCG_001,78
AAGTGTACCCTAACTAGCCG_002,60
AAGTGTACCCTAACTAGCCG_003,159
AAGTGTACCCTAACTAGCCG_004,122
AAGTGTACCCTAACTAGCCG_005,65
AAGTGTACCCTAACTAGCCG_006,2
AAGTGTACCCTAACTAGCCG_007,94
AAGTGTACCCTAACTAGCCG_008,136
AAGTGTACCCTAACTAGCCG_009,9
AAGTGTACCCTAACTAGCCG_010,43
AAGTGTACCCTAACTAGCCG_011,37
AAGTGTACCCTAACTAGCCG_012,56
AAGTGTACCCTAACTAGCCG_013,115
AAGTGTACCCTAACTAGCCG_014,184
AGGCTCCAAGCATAGAACAG_001,180
ATGACCTGACCTGGTGAATG_001,105
ATGACCTGACCTGGTGAATG_002,114
ATGACCTGACCTGGTGAATG_003,198
ATGACCTGACCTGGTGAATG_004,80
ATGACCTGACCTGGTGAATG_005,139
CAGCTTTGCCCACACCATAG_001,55
CAGCTTTGCCCACACCATAG_002,80
CAGCTTTGCCCACACCATAG_003,139
CAGCTTTGCCCACACCATAG_004,193
CAGCTTTGCCCACACCATAG_005,15
CAGCTTTGCCCACACCATAG_006,149
CAGCTTTGCCCACACCATAG_007,137
CAGCTTTGCCCACACCATAG_008,88
CAGCTTTGCCCACACCATAG_009,107
CAGCTTTGCCCACACCATAG_010,40
CCAGTGGACTGCAAGCATAG_001,129
CCAGTGGACTGCAAGCATAG_002,69
CCAGTGGACTGCAAGCATAG_003,21
CCAGTGGACTGCAAGCATAG_004,28
CCAGTGGACTGCAAGCATAG_005,15
CCAGTGGACTGCAAGCATAG_006,77
CCAGTGGACTGCAAGCATAG_007,176
CCAGTGGACTGCAAGCATAG_008,60
CCAGTGGACTGCAAGCATAG_009,27
CCAGTGGACTGCAAGCATAG_010,1
CCAGTGGACTGCAAGCATAG_011,170
CCAGTGGACTGCAAGCATAG_012,60
CCAGTGGACTGCAAGCATAG_013,69
CCAGTGGACTGCAAGCATAG_014,184
CCAGTGGACTGCAAGCATAG_015,184
CCAGTGGACTGCAAGCATAG_016,132
CCAGTGGACTGCAAGCATAG_017,8
CCAGTGGACTGCAAGCATAG_018,32
CCAGTGGACTGCAAGCATAG_019,95
CCAGTGGACTGCAAGCATAG_020,13
CCAGTGGACTGCAAGCATAG_021,9
CCAGTGGACTGCAAGCATAG_022,169
CCAGTGGACTGCAAGCATAG_023,197
CCAGTGGACTGCAAGCATAG_024,29
CCAGTGGACTGCAAGCATAG_025,161
CCAGTGGACTGCAAGCATAG_026,119
CCAGTGGACTGCAAGCATAG_027,56
CCAGTGGACTGCAAGCATAG_028,152
CCAGTGGACTGCAAGCATAG_029,102
CCAGTGGACTGCAAGCATAG_030,49
CTAGCTAATAGACATAATCA_001,148
CTAGCTAATAGACATAATCA_002,143
CCCCCACTCACGGATGCGCG_001,60
CCCCCACTCACGGATGCGCG_002,194
CCCCCACTCACGGATGCGCG_003,130
CCCCCACTCACGGATGCGCG_004,181
CCCCCACTCACGGATGCGCG_005,174
CCCCCACTCACGGATGCGCG_006,136
CCCCCACTCACGGATGCGCG_007,91
CCCCCACTCACGGATGCGCG_008,165
CCCCCACTCACGGATGCGCG_009,130
CCCCCACTCACGGATGCGCG_010,55
CCCCCACTCACGGATGCGCG_011,184
CCCCCACTCACGGATGCGCG_012,10
GATGCTAGTTGGTATACCGT_001,169
GATGCTAGTTGGTATACCGT_002,196
GATGCTAGTTGGTATACCGT_003,105
GACAGAGATGTATCAAAACA_001,121
GACAGAGATGTATCAAAACA_002,55
GACAGAGATGTATCAAAACA_003,82
GACAGAGATGTATCAAAACA_004,50
CAAAAACAGCCCGTTGACTG_001,105
CAAAAACAGCCCGTTGACTG_002,129
CAAAAACAGCCCGTTGACTG_003,169
CAAAAACAGCCCGTTGACTG_004,70
CAGGGCAGACTTACACAAAG_001,120
CAGGGCAGACTTACACAAAG_002,47
CAGGGCAGACTTACACAAAG_003,46
GTGCTAGGCAGAACACCACC_001,127
GTGCTAGGCAGAACACCACC_002,106
GTGCTAGGCAGAACACCACC_003,188
GTGCTAGGCAGAACACCACC_004,77
GTGCTAGGCAGAACACCACC_005,20
GTGCTAGGCAGAACACCACC_006,57
GTGCTAGGCAGAACACCACC_007,97
GTGCTAGGCAGAACACCACC_008,75
GTGCTAGGCAGAACACCACC_009,38
GTGCTAGGCAGAACACCACC_010,107
GTGCTAGGCAGAACACCACC_011,9
GTGCTAGGCAGAACACCACC_012,60
GTGCTAGGCAGAACACCACC_013,171
GTGCTAGGCAGAACACCACC_014,107
GTGCTAGGCAGAACACCACC_015,140
GTGCTAGGCAGAACACCACC_016,26
GTGCTAGGCAGAACACCACC_017,159
GTGCTAGGCAGAACACCACC_018,43
GTGCTAGGCAGAACACCACC_019,37
GTGCTAGGCAGAACACCACC_020,188
GTGCTAGGCAGAACACCACC_021,191
GTGCTAGGCAGAACACCACC_022,155
TCAGCGGAGAATGGTCTCCG_001,199
TCAGCGGAGAATGGTCTCCG_002,168
TCAGCGGAGAATGGTCTCCG_003,41
TCAGCGGAGAATGGTCTCCG_004,60
TCAGCGGAGAATGGTCTCCG_005,159
TCAGCGGAGAATGGTCTCCG_006,86
TCAGCGGAGAATGGTCTCCG_007,41
TCAGCGGAGAATGGTCTCCG_008,140
TCAGCGGAGAATGGTCTCCG_009,19
TCAGCGGAGAATGGTCTCCG_010,172
TCAGCGGAGAATGGTCTCCG_011,5
TCAGCGGAGAATGGTCTCCG_012,111
AGCTGTGATTCGAAGCATAG_001,94
AGCTGTGATTCGAAGCATAG_002,102
AGCTGTGATTCGAAGCATAG_003,96
AGCTGTGATTCGAAGCATAG_004,97
AGCTGTGATTCGAAGCATAG_005,53
AGCTGTGATTCGAAGCATAG_006,160
AGCTGTGATTCGAAGCATAG_007,184
AGCTGTGATTCGAAGCATAG_008,165
AAGACAATCCCAAACAAGGT_001,23
AAGACAATCCCAAACAAGGT_002,191
AAGACAATCCCAAACAAGGT_003,106
AAGACAATCCCAAACAAGGT_004,114
AAGACAATCCCAAACAAGGT_005,124
AAGACAATCCCAAACAAGGT_006,144
AAGACAATCCCAAACAAGGT_007,42
AAGACAATCCCAAACAAGGT_008,160
AAGACAATCCCAAACAAGGT_009,177
AAGACAATCCCAAACAAGGT_010,177
AAGACAATCCCAAACAAGGT_011,88
AAGACAATCCCAAACAAGGT_012,30
AAGACAATCCCAAACAAGGT_013,61
AAGACAATCCCAAACAAGGT_014,133
AAGACAATCCCAAACAAGGT_015,159
AAGACAATCCCAAACAAGGT_016,178
GAGTTTCTAGTAGTGGTAGG_001,77
GAGTTTCTAGTAGTGGTAGG_002,58
GAGTTTCTAGTAGTGGTAGG_003,127
GAGTTTCTAGTAGTGGTAGG_004,76
GAGTTTCTAGTAGTGGTAGG_005,70
GAGTTTCTAGTAGTGGTAGG_006,5
GAGTTTCTAGTAGTGGTAGG_007,25
GAGTTTCTAGTAGTGGTAGG_008,182
GAGTTTCTAGTAGTGGTAGG_009,76
GAGTTTCTAGTAGTGGTAGG_010,178
GAGTTTCTAGTAGTGGTAGG_011,178
GAGTTTCTAGTAGTGGTAGG_012,72
GAGTTTCTAGTAGTGGTAGG_013,128
GAGTTTCTAGTAGTGGTAGG_014,48
GAGTTTCTAGTAGTGGTAGG_015,154
GAGTTTCTAGTAGTGGTAGG_016,31
GAGTTTCTAGTAGTGGTAGG_017,17
GAGTTTCTAGTAGTGGTAGG_018,100
GAGTTTCTAGTAGTGGTAGG_019,104
CAGTTGCTGGTCAATCTCTG_001,179
CAGTTGCTGGTCAATCTCTG_002,42
CAGTTGCTGGTCAATCTCTG_003,44
CAGTTGCTGGTCAATCTCTG_004,84
CAGTTGCTGGTCAATCTCTG_005,105
CAGTTGCTGGTCAATCTCTG_006,191
CAGTTGCTGGTCAATCTCTG_007,199
CAGTTGCTGGTCAATCTCTG_008,80
CAGTTGCTGGTCAATCTCTG_009,6
CAGTTGCTGGTCAATCTCTG_010,125
CCGGTAACCCCAAACGTGCA_001,168
CCGGTAACCCCAAACGTGCA_002,29
CCGGTAACCCCAAACGTGCA_003,106
CCGGTAACCCCAAACGTGCA_004,175
CCGGTAACCCCAAACGTGCA_005,33
CCGGTAACCCCAAACGTGCA_006,82
CCGGTAACCCCAAACGTGCA_007,184
CCGGTAACCCCAAACGTGCA_008,147
CCGGTAACCCCAAACGTGCA_009,60
CCGGTAACCCCAAACGTGCA_010,147
CCGGTAACCCCAAACGTGCA_011,140
CCGGTAACCCCAAACGTGCA_012,127
AGGTTGTCCACAGGTCCTTG_001,128
AGGTTGTCCACAGGTCCTTG_002,64
AGGTTGTCCACAGGTCCTTG_003,82
AGGTTGTCCACAGGTCCTTG_004,153
AGGTTGTCCACAGGTCCTTG_005,137
AGGTTGTCCACAGGTCCTTG_006,162
AGGTTGTCCACAGGTCCTTG_007,83
AGGTTGTCCACAGGTCCTTG_008,198
AGGTTGTCCACAGGTCCTTG_009,148
TGTGACAACATCAGTGACAC_001,112
TGTGACAACATCAGTGACAC_002,10
TGTGACAACATCAGTGACAC_003,52
CGTAGACTGCTGTCAAAAGG_001,146
CGTAGACTGCTGTCAAAAGG_002,74
CGTAGACTGCTGTCAAAAGG_003,68
CGTAGACTGCTGTCAAAAGG_004,115
CGTAGACTGCTGTCAAAAGG_005,102
CGTAGACTGCTGTCAAAAGG_006,147
CCAGGTCACCCATGGGACGA_001,113
CCAGGTCACCCATGGGACGA_002,88
CCAGGTCACCCATGGGACGA_003,52
CCAGGTCACCCATGGGACGA_004,1
CCAGGTCACCCATGGGACGA_005,52
CCAGGTCACCCATGGGACGA_006,168
CCAGGTCACCCATGGGACGA_007,108
CCAGGTCACCCATGGGACGA_008,108
CCAGGTCACCCATGGGACGA_009,47
CCAGGTCACCCATGGGACGA_010,80
CCAGGTCACCCATGGGACGA_011,17
CCAGGTCACCCATGGGACGA_012,39
CTGCTCACCTCGACCCAGTG_001,124
CTGCTCACCTCGACCCAGTG_002,76
CTGCTCACCTCGACCCAGTG_003,145
CTGCTCACCTCGACCCAGTG_004,101
CTGCTCACCTCGACCCAGTG_005,160
CTGCTCACCTCGACCCAGTG_006,33
CTGCTCACCTCGACCCAGTG_007,83
CTGCTCACCTCGACCCAGTG_008,93
CTGCTCACCTCGACCCAGTG_009,38
CTGCTCACCTCGACCCAGTG_010,174
CTGCTCACCTCGACCCAGTG_011,108
CTGCTCACCTCGACCCAGTG_012,82
CTGCTCACCTCGACCCAGTG_013,91
CTGCTCACCTCGACCCAGTG_014,60
CTGCTCACCTCGACCCAGTG_015,8
CTGCTCACCTCGACCCAGTG_016,118
CTGCTCACCTCGACCCAGTG_017,178
CTGCTCACCTCGACCCAGTG_018,168
CTGCTCACCTCGACCCAGTG_019,184
CTTCTTTACCTACCCCACGG_001,4
CTTCTTTACCTACCCCACGG_002,168
CTTCTTTACCTACCCCACGG_003,145
CTTCTTTACCTACCCCACGG_004,172
CTTCTTTACCTACCCCACGG_005,94
CTTCTTTACCTACCCCACGG_006,160
CTTCTTTACCTACCCCACGG_007,52
CTTCTTTACCTACCCCACGG_008,58
CTTCTTTACCTACCCCACGG_009,182
GGGCATTTGGGGGGACACTT_001,176
GGGCATTTGGGGGGACACTT_002,43
GGGCATTTGGGGGGACACTT_003,15
GGGCATTTGGGGGGACACTT_004,158
GGGCATTTGGGGGGACACTT_005,11
GGGCATTTGGGGGGACACTT_006,41
GGGCATTTGGGGGGACACTT_007,24
GGGCATTTGGGGGGACACTT_008,178
GGGCATTTGGGGGGACACTT_009,88
GGGCATTTGGGGGGACACTT_010,30
GGGCATTTGGGGGGACACTT_011,153
GGGCATTTGGGGGGACACTT_012,32
ATTGAGTCCAGTAGTCACAG_001,194
ATTGAGTCCAGTAGTCACAG_002,21
ATTGAGTCCAGTAGTCACAG_003,144
ATTGAGTCCAGTAGTCACAG_004,13
ATTGAGTCCAGTAGTCACAG_005,13
ATTGAGTCCAGTAGTCACAG_006,98
ATTGAGTCCAGTAGTCACAG_007,98
ATTGAGTCCAGTAGTCACAG_008,58
ATTGAGTCCAGTAGTCACAG_009,71
ATTGAGTCCAGTAGTCACAG_010,134
ATTGAGTCCAGTAGTCACAG_011,107
ATTGAGTCCAGTAGTCACAG_012,132
ATTGAGTCCAGTAGTCACAG_013,107
ATTGAGTCCAGTAGTCACAG_014,192
ATTGAGTCCAGTAGTCACAG_015,5
ATTGAGTCCAGTAGTCACAG_016,121
ATTGAGTCCAGTAGTCACAG_017,39
ATTGAGTCCAGTAGTCACAG_018,48
ATTGAGTCCAGTAGTCACAG_019,41
ATTGAGTCCAGTAGTCACAG_020,145
ATTGAGTCCAGTAGTCACAG_021,99
ACTAAAACGCTTAATGACAG_001,72
ACTAAAACGCTTAATGACAG_002,186
AGACGCGGGGCGTATGAGTG_001,132
ATACCTGTACTTACTGTCGT_001,72
ATACCTGTACTTACTGTCGT_002,126
TGTGGTCTGTAATGCACAGT_001,192
TGTGGTCTGTAATGCACAGT_002,126
TGTGGTCTGTAATGCACAGT_003,5
TGTGGTCTGTAATGCACAGT_004,17
TGTGGTCTGTAATGCACAGT_005,111
TGTGGTCTGTAATGCACAGT_006,127
TGTGGTCTGTAATGCACAGT_007,85
TGTGGTCTGTAATGCACAGT_008,49
TGTGGTCTGTAATGCACAGT_009,124
TGTGGTCTGTAATGCACAGT_010,42
TGTGGTCTGTAATGCACAGT_011,116
TGTGGTCTGTAATGCACAGT_012,16
TGTGGTCTGTAATGCACAGT_013,81
TGTGGTCTGTAATGCACAGT_014,174
CCCAGGCACGACGGGCGTCA_001,191
CCCAGGCACGACGGGCGTCA_002,78
CCCAGGCACGACGGGCGTCA_003,50
CCCAGGCACGACGGGCGTCA_004,115
CCCAGGCACGACGGGCGTCA_005,38
CCCAGGCACGACGGGCGTCA_006,92
CCCAGGCACGACGGGCGTCA_007,33
CCCAGGCACGACGGGCGTCA_008,162
CCCAGGCACGACGGGCGTCA_009,30
AGTCCCCAGCCAATCAGGAG_001,15
AGTCCCCAGCCAATCAGGAG_002,6
AGTCCCCAGCCAATCAGGAG_003,58
AGTCCCCAGCCAATCAGGAG_004,149
AGTCCCCAGCCAATCAGGAG_005,48
AGTCCCCAGCCAATCAGGAG_006,77
AGTCCCCAGCCAATCAGGAG_007,77
AGTCCCCAGCCAATCAGGAG_008,166
AGTCCCCAGCCAATCAGGAG_009,38
AGTCCCCAGCCAATCAGGAG_010,166
AGTCCCCAGCCAATCAGGAG_011,134
AGTCCCCAGCCAATCAGGAG_012,3
AGTCCCCAGCCAATCAGGAG_013,73
AGTCCCCAGCCAATCAGGAG_014,5
AGTCCCCAGCCAATCAGGAG_015,5
AGTCCCCAGCCAATCAGGAG_016,156
AGTCCCCAGCCAATCAGGAG_017,172
AGTCCCCAGCCAATCAGGAG_018,8
AGTCCCCAGCCAATCAGGAG_019,144
AGTCCCCAGCCAATCAGGAG_020,106
AGTCCCCAGCCAATCAGGAG_021,8
AGTCCCCAGCCAATCAGGAG_022,4
AGTCCCCAGCCAATCAGGAG_023,76
AGTCCCCAGCCAATCAGGAG_024,46
AGTCCCCAGCCAATCAGGAG_025,158
AGTCCCCAGCCAATCAGGAG_026,174
AGTCCCCAGCCAATCAGGAG_027,198
AGTCCCCAGCCAATCAGGAG_028,113
AGTCCCCAGCCAATCAGGAG_029,105
AGTCCCCAGCCAATCAGGAG_030,64
AGTCCCCAGCCAATCAGGAG_031,48
AGTCCCCAGCCAATCAGGAG_032,114
AGTCCCCAGCCAATCAGGAG_033,61
AGTCCCCAGCCAATCAGGAG_034,40
AGTCCCCAGCCAATCAGGAG_035,181
AGTCCCCAGCCAATCAGGAG_036,153
AGTCCCCAGCCAATCAGGAG_037,31
AGTCCCCAGCCAATCAGGAG_038,119
AGTCCCCAGCCAATCAGGAG_039,47
AGTCCCCAGCCAATCAGGAG_040,190
AGTCCCCAGCCAATCAGGAG_041,97
AGTCCCCAGCCAATCAGGAG_042,172
AGTCCCCAGCCAATCAGGAG_043,153
AGTCCCCAGCCAATCAGGAG_044,35
AGTCCCCAGCCAATCAGGAG_045,102
AGTCCCCAGCCAATCAGGAG_046,142
AGTCCCCAGCCAATCAGGAG_047,10
AGTCCCCAGCCAATCAGGAG_048,97
AGTCCCCAGCCAATCAGGAG_049,153
AGTCCCCAGCCAATCAGGAG_050,143
AGTCCCCAGCCAATCAGGAG_051,143
AGTCCCCAGCCAATCAGGAG_052,57
AGTCCCCAGCCAATCAGGAG_053,46
AGTCCCCAGCCAATCAGGAG_054,90
TGATCGAATGACATTTCCCG_001,135
TGATCGAATGACATTTCCCG_002,120
TGATCGAATGACATTTCCCG_003,194
TGATCGAATGACATTTCCCG_004,81
TGATCGAATGACATTTCCCG_005,19
TGATCGAATGACATTTCCCG_006,77
CATGCAGATCGGATTGGTCG_001,88
CATGCAGATCGGATTGGTCG_002,27
CATGCAGATCGGATTGGTCG_003,4
CATGCAGATCGGATTGGTCG_004,171
CATGCAGATCGGATTGGTCG_005,11
CATGCAGATCGGATTGGTCG_006,96
CATGCAGATCGGATTGGTCG_007,4
CATGCAGATCGGATTGGTCG_008,173
CATGCAGATCGGATTGGTCG_009,33
CATGCAGATCGGATTGGTCG_010,150
CATGCAGATCGGATTGGTCG_011,150
CATGCAGATCGGATTGGTCG_012,73
CATGCAGATCGGATTGGTCG_013,58
CATGCAGATCGGATTGGTCG_014,9
CATGCAGATCGGATTGGTCG_015,144
ATTTAAACCGTTACACAGTC_001,15
ATTTAAACCGTTACACAGTC_002,173
ATTTAAACCGTTACACAGTC_003,162
ATTTAAACCGTTACACAGTC_004,70
ATTTAAACCGTTACACAGTC_005,1
ATTTAAACCGTTACACAGTC_006,48
ATTTAAACCGTTACACAGTC_007,62
GAGACAAAGATGGTCCTGGG_001,134
GAGACAAAGATGGTCCTGGG_002,83
GAGACAAAGATGGTCCTGGG_003,193
GAGACAAAGATGGTCCTGGG_004,186
GAGACAAAGATGGTCCTGGG_005,177
GAGACAAAGATGGTCCTGGG_006,67
TAGATGTTCCAGGGTCAAAG_001,172
TAGATGTTCCAGGGTCAAAG_002,1
TAGATGTTCCAGGGTCAAAG_003,191
TAGATGTTCCAGGGTCAAAG_004,183
TAGATGTTCCAGGGTCAAAG_005,55
TAGATGTTCCAGGGTCAAAG_006,50
TAGATGTTCCAGGGTCAAAG_007,59
TAGATGTTCCAGGGTCAAAG_008,52
TAGATGTTCCAGGGTCAAAG_009,187
TAGATGTTCCAGGGTCAAAG_010,83
TAGATGTTCCAGGGTCAAAG_011,128
CTCTTTCCCGATGGGCACCG_001,113
CTCTTTCCCGATGGGCACCG_002,76
CTCTTTCCCGATGGGCACCG_003,119
CTCTTTCCCGATGGGCACCG_004,5
CTCTTTCCCGATGGGCACCG_005,81
CTCTTTCCCGATGGGCACCG_006,102
CTCTTTCCCGATGGGCACCG_007,50
CTCTTTCCCGATGGGCACCG_008,82
CTCTTTCCCGATGGGCACCG_009,7
CTCTTTCCCGATGGGCACCG_010,20
CTCTTTCCCGATGGGCACCG_011,74
CTCTTTCCCGATGGGCACCG_012,94
CTCTTTCCCGATGGGCACCG_013,26
CTCTTTCCCGATGGGCACCG_014,156
CTCTTTCCCGATGGGCACCG_015,70
CTCTTTCCCGATGGGCACCG_016,107
CTCTTTCCCGATGGGCACCG_017,166
CTCTTTCCCGATGGGCACCG_018,5
CTCTTTCCCGATGGGCACCG_019,44
CTCTTTCCCGATGGGCACCG_020,112
CTCTTTCCCGATGGGCACCG_021,20
CTCTTTCCCGATGGGCACCG_022,96
CTCTTTCCCGATGGGCACCG_023,38
CTCTTTCCCGATGGGCACCG_024,32
CTCTTTCCCGATGGGCACCG_025,53
CTCTTTCCCGATGGGCACCG_026,109
CTCTTTCCCGATGGGCACCG_027,21
CTCTTTCCCGATGGGCACCG_028,146
CTCTTTCCCGATGGGCACCG_029,11
CTCTTTCCCGATGGGCACCG_030,107
CTCTTTCCCGATGGGCACCG_031,1
CTCTTTCCCGATGGGCACCG_032,70
CTCTTTCCCGATGGGCACCG_033,136
CTCTTTCCCGATGGGCACCG_034,180
CTCTTTCCCGATGGGCACCG_035,39
CTCTTTCCCGATGGGCACCG_036,115
CTCTTTCCCGATGGGCACCG_037,50
CTCTTTCCCGATGGGCACCG_038,39
CTCTTTCCCGATGGGCACCG_039,44
CTCTTTCCCGATGGGCACCG_040,166
CTCTTTCCCGATGGGCACCG_041,142
CTCTTTCCCGATGGGCACCG_042,126
CTCTTTCCCGATGGGCACCG_043,46
CTCTTTCCCGATGGGCACCG_044,168
CTCTTTCCCGATGGGCACCG_045,117
CTCTTTCCCGATGGGCACCG_046,43
CTGTTAGCGTGTATCTACCT_001,96
CTGTTAGCGTGTATCTACCT_002,43
CTGTTAGCGTGTATCTACCT_003,72
CTGTTAGCGTGTATCTACCT_004,61
CTGTTAGCGTGTATCTACCT_005,17
CTGTTAGCGTGTATCTACCT_006,45
CTGTTAGCGTGTATCTACCT_007,76
CTGTTAGCGTGTATCTACCT_008,103
CTGTCACTACGCAACAACAG_001,23
CTGTCACTACGCAACAACAG_002,145
CTGTCACTACGCAACAACAG_003,155
CTGTCACTACGCAACAACAG_004,42
TGCTCTATGAATTGCTGTCC_001,67
TGCTCTATGAATTGCTGTCC_002,49
TGCTCTATGAATTGCTGTCC_003,180
TGCTCTATGAATTGCTGTCC_004,168
GCTTATCCACAGCAATGACT_001,183
GCTTATCCACAGCAATGACT_002,26
GCTTATCCACAGCAATGACT_003,50
GCTTATCCACAGCAATGACT_004,158
GCTTATCCACAGCAATGACT_005,4
GCTTATCCACAGCAATGACT_006,148
GCTTATCCACAGCAATGACT_007,33
GCTTATCCACAGCAATGACT_008,52
GCTTATCCACAGCAATGACT_009,88
GCTTATCCACAGCAATGACT_010,65
GCTTATCCACAGCAATGACT_011,43
GCTTATCCACAGCAATGACT_012,143
GCTTATCCACAGCAATGACT_013,30
GCTTATCCACAGCAATGACT_014,135
GCTTATCCACAGCAATGACT_015,178
GCTTATCCACAGCAATGACT_016,55
CTACCCTAACTACGACCTGG_001,135
CTACCCTAACTACGACCTGG_002,97
CTACCCTAACTACGACCTGG_003,31
CTACCCTAACTACGACCTGG_004,174
ATTGTGTTGCAGGATTGGGA_001,8
ATTGTGTTGCAGGATTGGGA_002,193
ATTGTGTTGCAGGATTGGGA_003,175
ATTGTGTTGCAGGATTGGGA_004,49
ATTGTGTTGCAGGATTGGGA_005,52
ATTGTGTTGCAGGATTGGGA_006,115
ATTGTGTTGCAGGATTGGGA_007,37
ATTGTGTTGCAGGATTGGGA_008,1
ATTGTGTTGCAGGATTGGGA_009,130
ATTGTGTTGCAGGATTGGGA_010,84
ATTGTGTTGCAGGATTGGGA_011,48
ATTGTGTTGCAGGATTGGGA_012,34
ATTGTGTTGCAGGATTGGGA_013,9
ATTGTGTTGCAGGATTGGGA_014,82
ATTGTGTTGCAGGATTGGGA_015,75
ATTGTGTTGCAGGATTGGGA_016,37
ATTGTGTTGCAGGATTGGGA_017,165
ATTGTGTTGCAGGATTGGGA_018,70
ATTGTGTTGCAGGATTGGGA_019,81
ATTGTGTTGCAGGATTGGGA_020,56
AGGCACTTGGTATCTTAAAG_001,140
AGGCACTTGGTATCTTAAAG_002,122
AGGCACTTGGTATCTTAAAG_003,61
GAGGGAACGAGAAACCACAA_001,64
GAGGGAACGAGAAACCACAA_002,101
GAGGGAACGAGAAACCACAA_003,40
GAGGGAACGAGAAACCACAA_004,88
GAGGGAACGAGAAACCACAA_005,62
GAGGGAACGAGAAACCACAA_006,186
GAGGGAACGAGAAACCACAA_007,191
GAGGGAACGAGAAACCACAA_008,185
GAGGGAACGAGAAACCACAA_009,139
GAGGGAACGAGAAACCACAA_010,170
GAGGGAACGAGAAACCACAA_011,158
GGGTAGAGAACCCGGCATTG_001,164
GGGTAGAGAACCCGGCATTG_002,130
GGGTAGAGAACCCGGCATTG_003,155
GGGTAGAGAACCCGGCATTG_004,115
GGGTAGAGAACCCGGCATTG_005,83
GGGTAGAGAACCCGGCATTG_006,134
GGGTAGAGAACCCGGCATTG_007,162
GGGTAGAGAACCCGGCATTG_008,175
GGGTAGAGAACCCGGCATTG_009,6
GGGTAGAGAACCCGGCATTG_010,106
GGGTAGAGAACCCGGCATTG_011,115
GGGTAGAGAACCCGGCATTG_012,71
GGGTAGAGAACCCGGCATTG_013,23
GGGTAGAGAACCCGGCATTG_014,23
GGGTAGAGAACCCGGCATTG_015,1
GGGTAGAGAACCCGGCATTG_016,54
GGGTAGAGAACCCGGCATTG_017,175
GCTCCCTACTGGCACCGGAG_001,22
GCTCCCTACTGGCACCGGAG_002,113
GCTCCCTACTGGCACCGGAG_003,35
TTCGGTGCGGGGATCGCGAG_001,80
TTCGGTGCGGGGATCGCGAG_002,199
TTCGGTGCGGGGATCGCGAG_003,27
TTCGGTGCGGGGATCGCGAG_004,52
TTCGGTGCGGGGATCGCGAG_005,160
TTCGGTGCGGGGATCGCGAG_006,96
TTCGGTGCGGGGATCGCGAG_007,27
TTCGGTGCGGGGATCGCGAG_008,11
TTCGGTGCGGGGATCGCGAG_009,60
TTCGGTGCGGGGATCGCGAG_010,35
TTCGGTGCGGGGATCGCGAG_011,121
TTCGGTGCGGGGATCGCGAG_012,27
TTCGGTGCGGGGATCGCGAG_013,20
GAAGGCACAAGGTGTACACA_001,141
GAAGGCACAAGGTGTACACA_002,19
GAAGGCACAAGGTGTACACA_003,1
GAAGGCACAAGGTGTACACA_004,83
GAAGGCACAAGGTGTACACA_005,7
GAAGGCACAAGGTGTACACA_006,150
GAAGGCACAAGGTGTACACA_007,53
GAAGGCACAAGGTGTACACA_008,43
GAAGGCACAAGGTGTACACA_009,12
GAAGGCACAAGGTGTACACA_010,58
GAAGGCACAAGGTGTACACA_011,112
GAAGGCACAAGGTGTACACA_012,166
GAAGGCACAAGGTGTACACA_013,76
GAAGGCACAAGGTGTACACA_014,38
GAAGGCACAAGGTGTACACA_015,1
GAAGGCACAAGGTGTACACA_016,106
GAAGGCACAAGGTGTACACA_017,42
GAAGGCACAAGGTGTACACA_018,154
GAAGGCACAAGGTGTACACA_019,138
AACACGATCAGCTCTTAGAC_001,23
AACACGATCAGCTCTTAGAC_002,113
ATTGTGCAAAGCTAAAGCAA_001,60
ATTGTGCAAAGCTAAAGCAA_002,130
ATTGTGCAAAGCTAAAGCAA_003,179
ATTGTGCAAAGCTAAAGCAA_004,16
ATTGTGCAAAGCTAAAGCAA_005,127
ATTGTGCAAAGCTAAAGCAA_006,127
ATTGTGCAAAGCTAAAGCAA_007,188
ATTGTGCAAAGCTAAAGCAA_008,170
ATTGTGCAAAGCTAAAGCAA_009,96
ATTGTGCAAAGCTAAAGCAA_010,159
ATTGTGCAAAGCTAAAGCAA_011,91
ATTGTGCAAAGCTAAAGCAA_012,148
ATTGTGCAAAGCTAAAGCAA_013,82
ATTGTGCAAAGCTAAAGCAA_014,125
GCTGCGGGAACACACAGACC_001,166
GAAGGACCGCTGGTACCAGG_001,8
GAAGGACCGCTGGTACCAGG_002,42
GAAGGACCGCTGGTACCAGG_003,14
GAAGGACCGCTGGTACCAGG_004,170
GAAGGACCGCTGGTACCAGG_005,46
GAAGGACCGCTGGTACCAGG_006,49
GAAGGACCGCTGGTACCAGG_007,152
GACAGCAAGATTCTTTGAAG_001,191
GTGCTAGAACACGTGTCAGG_001,160
GTGCTAGAACACGTGTCAGG_002,175
GTGCTAGAACACGTGTCAGG_003,35
TGAGACCTGTTCTCGAAGCG_001,152
TGAGACCTGTTCTCGAAGCG_002,105
TGAGACCTGTTCTCGAAGCG_003,94
TGAGACCTGTTCTCGAAGCG_004,56
TGAGACCTGTTCTCGAAGCG_005,48
TGAGACCTGTTCTCGAAGCG_006,172
TGAGACCTGTTCTCGAAGCG_007,56
TGAGACCTGTTCTCGAAGCG_008,57
TGAGACCTGTTCTCGAAGCG_009,9
TGAGACCTGTTCTCGAAGCG_010,12
ACCTTTATTGAAGAACATGG_001,175
ACCTTTATTGAAGAACATGG_002,191
ACCTTTATTGAAGAACATGG_003,90
ACCTTTATTGAAGAACATGG_004,147
ACCTTTATTGAAGAACATGG_005,170
ACCTTTATTGAAGAACATGG_006,4
ACCTTTATTGAAGAACATGG_007,177
ACCTTTATTGAAGAACATGG_008,128
ACCTTTATTGAAGAACATGG_009,27
ACCTTTATTGAAGAACATGG_010,108
ACCTTTATTGAAGAACATGG_011,152
ACCTTTATTGAAGAACATGG_012,172
ACCTTTATTGAAGAACATGG_013,165
CATGACAATGATCACCAAAG_001,174
CATGACAATGATCACCAAAG_002,101
AAGGCCAATCAGCCCCCCCA_001,129
AAGGCCAATCAGCCCCCCCA_002,17
AAGGCCAATCAGCCCCCCCA_003,105
AAGGCCAATCAGCCCCCCCA_004,38
AAGGCCAATCAGCCCCCCCA_005,40
AAGGCCAATCAGCCCCCCCA_006,137
AAGGCCAATCAGCCCCCCCA_007,188
AAGGCCAATCAGCCCCCCCA_008,153
AAGGCCAATCAGCCCCCCCA_009,102
AAGGCCAATCAGCCCCCCCA_010,105
AAGGCCAATCAGCCCCCCCA_011,177
AAGGCCAATCAGCCCCCCCA_012,76
AAGGCCAATCAGCCCCCCCA_013,147
AAGGCCAATCAGCCCCCCCA_014,81
AAGGCCAATCAGCCCCCCCA_015,53
AAGGCCAATCAGCCCCCCCA_016,27
AAGGCCAATCAGCCCCCCCA_017,168
AAGGCCAATCAGCCCCCCCA_018,48
AAGGCCAATCAGCCCCCCCA_019,100
AAGGCCAATCAGCCCCCCCA_020,107
AAGGCCAATCAGCCCCCCCA_021,43
AAGGCCAATCAGCCCCCCCA_022,130
AAGGCCAATCAGCCCCCCCA_023,10
AAGGCCAATCAGCCCCCCCA_024,3
AAGGCCAATCAGCCCCCCCA_025,89
CCCGAGTGCAGTAGACCTTG_001,17
CCCGAGTGCAGTAGACCTTG_002,78
CCCGAGTGCAGTAGACCTTG_003,147
CCCGAGTGCAGTAGACCTTG_004,160
CCCGAGTGCAGTAGACCTTG_005,48
CCCGAGTGCAGTAGACCTTG_006,144
CCCGAGTGCAGTAGACCTTG_007,50
CCCGAGTGCAGTAGACCTTG_008,21
CCCGAGTGCAGTAGACCTTG_009,160
CCCGAGTGCAGTAGACCTTG_010,151
CCCGAGTGCAGTAGACCTTG_011,157
CCCGAGTGCAGTAGACCTTG_012,137
CCCGAGTGCAGTAGACCTTG_013,140
CCCGAGTGCAGTAGACCTTG_014,91
CCCGAGTGCAGTAGACCTTG_015,46
CCCGAGTGCAGTAGACCTTG_016,35
ACTCCCAAAAGTTTGACCAG_001,118
ACTCCCAAAAGTTTGACCAG_002,94
ACTCCCAAAAGTTTGACCAG_003,198
ACTCCCAAAAGTTTGACCAG_004,134
ACTCCCAAAAGTTTGACCAG_005,24
ACTCCCAAAAGTTTGACCAG_006,12
ACTCCCAAAAGTTTGACCAG_007,72
ACTCCCAAAAGTTTGACCAG_008,175
ACTCCCAAAAGTTTGACCAG_009,102
ACTCCCAAAAGTTTGACCAG_010,199
ACTCCCAAAAGTTTGACCAG_011,105
ACTCCCAAAAGTTTGACCAG_012,13
ACTCCCAAAAGTTTGACCAG_013,141
ACTCCCAAAAGTTTGACCAG_014,82
ACTCCCAAAAGTTTGACCAG_015,29
ACTCCCAAAAGTTTGACCAG_016,169
ACTCCCAAAAGTTTGACCAG_017,108
ACTCCCAAAAGTTTGACCAG_018,89
ACTCCCAAAAGTTTGACCAG_019,80
ACTCCCAAAAGTTTGACCAG_020,176
ACTCCCAAAAGTTTGACCAG_021,131
ACTCCCAAAAGTTTGACCAG_022,28
ACTCCCAAAAGTTTGACCAG_023,158
ACTCCCAAAAGTTTGACCAG_024,172
ACTCCCAAAAGTTTGACCAG_025,49
ACTCCCAAAAGTTTGACCAG_026,94
ACTCCCAAAAGTTTGACCAG_027,101
GATCAGAATGCCGATAACAA_001,3
GATCAGAATGCCGATAACAA_002,11
GATCAGAATGCCGATAACAA_003,76
GATCAGAATGCCGATAACAA_004,108
GATCAGAATGCCGATAACAA_005,125
GATCAGAATGCCGATAACAA_006,74
GATCAGAATGCCGATAACAA_007,111
GATCAGAATGCCGATAACAA_008,142
GATCAGAATGCCGATAACAA_009,166
GATCAGAATGCCGATAACAA_010,56
GCTCCTTACGAAGCTAAGTG_001,43
GCTCCTTACGAAGCTAAGTG_002,190
GCTCCTTACGAAGCTAAGTG_003,2
GCTCCTTACGAAGCTAAGTG_004,3
GCTCCTTACGAAGCTAAGTG_005,3
GCTCCTTACGAAGCTAAGTG_006,183
GCTCCTTACGAAGCTAAGTG_007,188
GCTCCTTACGAAGCTAAGTG_008,28
GCTCCTTACGAAGCTAAGTG_009,172
GCTCCTTACGAAGCTAAGTG_010,117
AGAGAAGGGAATTATCCGAA_001,127
AGAGAAGGGAATTATCCGAA_002,55
AGAGAAGGGAATTATCCGAA_003,55
AGAGAAGGGAATTATCCGAA_004,169
AGAGAAGGGAATTATCCGAA_005,83
AGAGAAGGGAATTATCCGAA_006,8
AGAGAAGGGAATTATCCGAA_007,141
AGAGAAGGGAATTATCCGAA_008,76
AGAGAAGGGAATTATCCGAA_009,78
AGAGAAGGGAATTATCCGAA_010,63
AGAGAAGGGAATTATCCGAA_011,172
AGAGAAGGGAATTATCCGAA_012,130
AGAGAAGGGAATTATCCGAA_013,79
CTGAAGCGTCACAAGGACCT_001,157
CTGAAGCGTCACAAGGACCT_002,106
CTGAAGCGTCACAAGGACCT_003,20
CTGAAGCGTCACAAGGACCT_004,113
CTGAAGCGTCACAAGGACCT_005,65
CTGAAGCGTCACAAGGACCT_006,162
CTGAAGCGTCACAAGGACCT_007,53
CTGAAGCGTCACAAGGACCT_008,178
CTGAAGCGTCACAAGGACCT_009,58
CTGAAGCGTCACAAGGACCT_010,152
CTGAAGCGTCACAAGGACCT_011,98
CTGAAGCGTCACAAGGACCT_012,98
CTGAAGCGTCACAAGGACCT_013,11
CTGAAGCGTCACAAGGACCT_014,130
CTGAAGCGTCACAAGGACCT_015,6
TGGGCCAAGACCCCCAACCA_001,175
TGGGCCAAGACCCCCAACCA_002,43
TGGGCCAAGACCCCCAACCA_003,146
TGGGCCAAGACCCCCAACCA_004,29
TGGGCCAAGACCCCCAACCA_005,189
TGGGCCAAGACCCCCAACCA_006,77
TGGGCCAAGACCCCCAACCA_007,110
TGGGCCAAGACCCCCAACCA_008,15
TGGGCCAAGACCCCCAACCA_009,94
CCTCTTCCAGTATGCCAGCA_001,191
CCTCTTCCAGTATGCCAGCA_002,48
CCTCTTCCAGTATGCCAGCA_003,126
CCTCTTCCAGTATGCCAGCA_004,62
CCTCTTCCAGTATGCCAGCA_005,170
CCTCTTCCAGTATGCCAGCA_006,70
CCTCTTCCAGTATGCCAGCA_007,64
CCTCTTCCAGTATGCCAGCA_008,188
CCTCTTCCAGTATGCCAGCA_009,141
CCTCTTCCAGTATGCCAGCA_010,190
CCTCTTCCAGTATGCCAGCA_011,70
CCTCTTCCAGTATGCCAGCA_012,81
CCTCTTCCAGTATGCCAGCA_013,94
CCTCTTCCAGTATGCCAGCA_014,27
CCTCTTCCAGTATGCCAGCA_015,27
CCTCTTCCAGTATGCCAGCA_016,146
CCTCTTCCAGTATGCCAGCA_017,130
CCTCTTCCAGTATGCCAGCA_018,121
CCTCTTCCAGTATGCCAGCA_019,114
CCTCTTCCAGTATGCCAGCA_020,22
CCAGCGGGAGAACCTCAGCG_001,113
CCAGCGGGAGAACCTCAGCG_002,68
CCAGCGGGAGAACCTCAGCG_003,30
CCTTGCAAAGGCCTATACTG_001,30
CCTTGCAAAGGCCTATACTG_002,121
CCTTGCAAAGGCCTATACTG_003,139
CCTTGCAAAGGCCTATACTG_004,83
CCTTGCAAAGGCCTATACTG_005,43
CCTTGCAAAGGCCTATACTG_006,48
CCTTGCAAAGGCCTATACTG_007,172
CCTTGCAAAGGCCTATACTG_008,10
CTTGTACTGAGAATGTTCTG_001,175
CTTGTACTGAGAATGTTCTG_002,3
CTTGTACTGAGAATGTTCTG_003,27
CTTGTACTGAGAATGTTCTG_004,16
CTTGTACTGAGAATGTTCTG_005,184
CTTGTACTGAGAATGTTCTG_006,156
CTTGTACTGAGAATGTTCTG_007,150
CTTGTACTGAGAATGTTCTG_008,94
CAGGCATATGCACACTCATT_001,128
CAGGCATATGCACACTCATT_002,128
CAGGCATATGCACACTCATT_003,29
AACAGCCAGACATTACCAGT_001,41
AACAGCCAGACATTACCAGT_002,94
AACAGCCAGACATTACCAGT_003,117
AACAGCCAGACATTACCAGT_004,150
AACAGCCAGACATTACCAGT_005,48
AACAGCCAGACATTACCAGT_006,147
AACAGCCAGACATTACCAGT_007,75
AACAGCCAGACATTACCAGT_008,8
AACAGCCAGACATTACCAGT_009,72
AACAGCCAGACATTACCAGT_010,27
CATCTTCGTGCTAGTCGGGG_001,28
CATCTTCGTGCTAGTCGGGG_002,39
CATCTTCGTGCTAGTCGGGG_003,197
GCCAAGTCCAACACATAGTG_001,15
GCCAAGTCCAACACATAGTG_002,168
GCCAAGTCCAACACATAGTG_003,0
GCCAAGTCCAACACATAGTG_004,140
TCAGAGTACGAAGCTCCAGG_001,92
TCAGAGTACGAAGCTCCAGG_002,42
TCAGAGTACGAAGCTCCAGG_003,116
TCAGAGTACGAAGCTCCAGG_004,191
TCAGAGTACGAAGCTCCAGG_005,123
TCAGAGTACGAAGCTCCAGG_006,29
TCAGAGTACGAAGCTCCAGG_007,14
TCAGAGTACGAAGCTCCAGG_008,14
AGTCCCTCCAACAACAGCAA_001,162
AGTCCCTCCAACAACAGCAA_002,172
AGTCCCTCCAACAACAGCAA_003,81
AGTCCCTCCAACAACAGCAA_004,194
AGTCCCTCCAACAACAGCAA_005,145
AGTCCCTCCAACAACAGCAA_006,138
AGTCCCTCCAACAACAGCAA_007,174
AGTCCCTCCAACAACAGCAA_008,12
AGTCCCTCCAACAACAGCAA_009,61
TGGGACTCATGAACGAGTTG_001,182
TGGGACTCATGAACGAGTTG_002,115
TGGGACTCATGAACGAGTTG_003,29
TGGGACTCATGAACGAGTTG_004,121
TGGGACTCATGAACGAGTTG_005,185
TGGGACTCATGAACGAGTTG_006,49
TGGGACTCATGAACGAGTTG_007,110
TGGGACTCATGAACGAGTTG_008,115
TGGGACTCATGAACGAGTTG_009,158
TGGGACTCATGAACGAGTTG_010,50
TGGGACTCATGAACGAGTTG_011,185
TGGGACTCATGAACGAGTTG_012,97
TGGGACTCATGAACGAGTTG_013,93
TGGGACTCATGAACGAGTTG_014,32
TGGGACTCATGAACGAGTTG_015,40
TGGGACTCATGAACGAGTTG_016,88
TCTCTTCAGAGCAAATCCAA_001,123
AAGTTCTACGGAGCATAAAG_001,139
AAGTTCTACGGAGCATAAAG_002,105
AAGTTCTACGGAGCATAAAG_003,160
AAGTTCTACGGAGCATAAAG_004,36
AAGTTCTACGGAGCATAAAG_005,19
AAGTTCTACGGAGCATAAAG_006,50
AAGTTCTACGGAGCATAAAG_007,98
AAGTTCTACGGAGCATAAAG_008,175
AAGTTCTACGGAGCATAAAG_009,96
AAGTTCTACGGAGCATAAAG_010,190
AAGTTCTACGGAGCATAAAG_011,170
AAGTTCTACGGAGCATAAAG_012,83
AAGTTCTACGGAGCATAAAG_013,174
GTGGATGTCCGTGTCGTGCG_001,61
GTGGATGTCCGTGTCGTGCG_002,44
GTGGATGTCCGTGTCGTGCG_003,198
GTGGATGTCCGTGTCGTGCG_004,8
GTGGATGTCCGTGTCGTGCG_005,134
GTGGATGTCCGTGTCGTGCG_006,187
GTGGATGTCCGTGTCGTGCG_007,41
GTGGATGTCCGTGTCGTGCG_008,77
GTGGATGTCCGTGTCGTGCG_009,182
GTGGATGTCCGTGTCGTGCG_010,138
GTGGATGTCCGTGTCGTGCG_011,99
GTGGATGTCCGTGTCGTGCG_012,117
GTGGATGTCCGTGTCGTGCG_013,9
GTGGATGTCCGTGTCGTGCG_014,137
GTGGATGTCCGTGTCGTGCG_015,105
GTGGATGTCCGTGTCGTGCG_016,41
GTGGATGTCCGTGTCGTGCG_017,162
GTGGATGTCCGTGTCGTGCG_018,104
GTGGATGTCCGTGTCGTGCG_019,56
GTGGATGTCCGTGTCGTGCG_020,62
GTGGATGTCCGTGTCGTGCG_021,161
GTGGATGTCCGTGTCGTGCG_022,116
GTGGATGTCCGTGTCGTGCG_023,195
GTGGATGTCCGTGTCGTGCG_024,166
GTGGATGTCCGTGTCGTGCG_025,188
GTGGATGTCCGTGTCGTGCG_026,196
GTGGATGTCCGTGTCGTGCG_027,49
GTGGATGTCCGTGTCGTGCG_028,199
GTGGATGTCCGTGTCGTGCG_029,46
GTGGATGTCCGTGTCGTGCG_030,168
GTGGATGTCCGTGTCGTGCG_031,48
GTGGATGTCCGTGTCGTGCG_032,168
GTGGATGTCCGTGTCGTGCG_033,9
GTGGATGTCCGTGTCGTGCG_034,103
TGTTCTCAAACTTGCCTGTG_001,48
TGTTCTCAAACTTGCCTGTG_002,65
TGTTCTCAAACTTGCCTGTG_003,20
TGTTCTCAAACTTGCCTGTG_004,104
TGTTCTCAAACTTGCCTGTG_005,160
TGTTCTCAAACTTGCCTGTG_006,50
TGTTCTCAAACTTGCCTGTG_007,161
TGTTCTCAAACTTGCCTGTG_008,6
TGTTCTCAAACTTGCCTGTG_009,102
TGTTCTCAAACTTGCCTGTG_010,45
TGTTCTCAAACTTGCCTGTG_011,162
TGTTCTCAAACTTGCCTGTG_012,35
TGTTCTCAAACTTGCCTGTG_013,145
TGTTCTCAAACTTGCCTGTG_014,167
GTACAAGCGCAGGATAGATG_001,157
GTACAAGCGCAGGATAGATG_002,191
GTACAAGCGCAGGATAGATG_003,106
GTACAAGCGCAGGATAGATG_004,124
GTACAAGCGCAGGATAGATG_005,77
GTACAAGCGCAGGATAGATG_006,169
GTACAAGCGCAGGATAGATG_007,177
GTACAAGCGCAGGATAGATG_008,128
GTACAAGCGCAGGATAGATG_009,33
GTACAAGCGCAGGATAGATG_010,28
GTACAAGCGCAGGATAGATG_011,106
GTACAAGCGCAGGATAGATG_012,124
GTACAAGCGCAGGATAGATG_013,177
GTACAAGCGCAGGATAGATG_014,120
GCTCGACAAGGAGAACGCCT_001,68
GCTCGACAAGGAGAACGCCT_002,167
GCTCGACAAGGAGAACGCCT_003,167
GCTCGACAAGGAGAACGCCT_004,161
GCTCGACAAGGAGAACGCCT_005,121
ACACTACATGCAGTTCCGAA_001,0
ACACTACATGCAGTTCCGAA_002,185
ACACTACATGCAGTTCCGAA_003,47
ACACTACATGCAGTTCCGAA_004,23
TATGTGCCCTCATTTCACTG_001,147
TATGTGCCCTCATTTCACTG_002,2
TATGTGCCCTCATTTCACTG_003,24
TATGTGCCCTCATTTCACTG_004,48
TATGTGCCCTCATTTCACTG_005,155
TATGTGCCCTCATTTCACTG_006,5
TATGTGCCCTCATTTCACTG_007,149
CCAACAGTCGGAAATTGCGA_001,184
CCAACAGTCGGAAATTGCGA_002,2
CCAACAGTCGGAAATTGCGA_003,58
CCAACAGTCGGAAATTGCGA_004,127
CCAACAGTCGGAAATTGCGA_005,82
CCAACAGTCGGAAATTGCGA_006,62
AACTAAAAAGGACCAAGAAG_001,102
AACTAAAAAGGACCAAGAAG_002,33
AACTAAAAAGGACCAAGAAG_003,34
AACTAAAAAGGACCAAGAAG_004,61
AACTAAAAAGGACCAAGAAG_005,28
AACTAAAAAGGACCAAGAAG_006,111
CAGCTGAAGACAGATGAAAG_001,96
CAGCTGAAGACAGATGAAAG_002,5
CAGCTGAAGACAGATGAAAG_003,20
CAGCTGAAGACAGATGAAAG_004,113
CAGCTGAAGACAGATGAAAG_005,177
CAGCTGAAGACAGATGAAAG_006,22
CAGCTGAAGACAGATGAAAG_007,35
CAGCTGAAGACAGATGAAAG_008,4
CAGCTGAAGACAGATGAAAG_009,128
CAGCTGAAGACAGATGAAAG_010,81
CAGCTGAAGACAGATGAAAG_011,175
CAGCTGAAGACAGATGAAAG_012,20
CAGCTGAAGACAGATGAAAG_013,152
CAGCTGAAGACAGATGAAAG_014,46
GAAGGAATGGCTTCAAACCA_001,53
GAAGGAATGGCTTCAAACCA_002,81
GAAGGAATGGCTTCAAACCA_003,42
GAAGGAATGGCTTCAAACCA_004,194
GAAGGAATGGCTTCAAACCA_005,66
GAAGGAATGGCTTCAAACCA_006,149
GAAGGAATGGCTTCAAACCA_007,124
GAAGGAATGGCTTCAAACCA_008,122
TACCCGCGACCGGAGCAGTA_001,183
TACCCGCGACCGGAGCAGTA_002,36
TACCCGCGACCGGAGCAGTA_003,88
TACCCGCGACCGGAGCAGTA_004,103
TACCCGCGACCGGAGCAGTA_005,31
TACCCGCGACCGGAGCAGTA_006,26
TACCCGCGACCGGAGCAGTA_007,46
TACCCGCGACCGGAGCAGTA_008,193
TACCCGCGACCGGAGCAGTA_009,137
TACCCGCGACCGGAGCAGTA_010,106
TACCCGCGACCGGAGCAGTA_011,80
TACCCGCGACCGGAGCAGTA_012,45
TACCCGCGACCGGAGCAGTA_013,70
TACCCGCGACCGGAGCAGTA_014,19
TACCCGCGACCGGAGCAGTA_015,19
TACCCGCGACCGGAGCAGTA_016,13
TCTTCAACAGAAATACTCCG_001,123
TCTTCAACAGAAATACTCCG_002,65
TCTTCAACAGAAATACTCCG_003,50
TCTTCAACAGAAATACTCCG_004,48
TCTTCAACAGAAATACTCCG_005,60
TCTTCAACAGAAATACTCCG_006,80
TCTTCAACAGAAATACTCCG_007,33
GTCCAATGAGTTGCAGACAA_001,43
GTCCAATGAGTTGCAGACAA_002,152
ACTCAATTATCATGCACCAG_001,118
AGCGCTACAAGAACCGACCG_001,19
AGCGCTACAAGAACCGACCG_002,63
AGCGCTACAAGAACCGACCG_003,28
AGCGCTACAAGAACCGACCG_004,69
AGCGCTACAAGAACCGACCG_005,12
AGCGCTACAAGAACCGACCG_006,198
AGCGCTACAAGAACCGACCG_007,35
AGCGCTACAAGAACCGACCG_008,63
AGCGCTACAAGAACCGACCG_009,63
AGCGCTACAAGAACCGACCG_010,29
AGCGCTACAAGAACCGACCG_011,127
CTTCCTGCGTGGCTTTAAAC_001,105
CTTCCTGCGTGGCTTTAAAC_002,159
CTTCCTGCGTGGCTTTAAAC_003,77
CTTCCTGCGTGGCTTTAAAC_004,105
CTTCCTGCGTGGCTTTAAAC_005,35
CTTCCTGCGTGGCTTTAAAC_006,147
CTTCCTGCGTGGCTTTAAAC_007,9
CTTCCTGCGTGGCTTTAAAC_008,145
CTTCCTGCGTGGCTTTAAAC_009,52
CTTCCTGCGTGGCTTTAAAC_010,158
CTTCCTGCGTGGCTTTAAAC_011,16
CTTCCTGCGTGGCTTTAAAC_012,194
CTTCCTGCGTGGCTTTAAAC_013,91
CTTCCTGCGTGGCTTTAAAC_014,158
CTTCCTGCGTGGCTTTAAAC_015,149
CTTCCTGCGTGGCTTTAAAC_016,19
CTTCCTGCGTGGCTTTAAAC_017,6
AAGTGGAATACAAGCACCAG_001,134
AAGTGGAATACAAGCACCAG_002,182
AAGTGGAATACAAGCACCAG_003,98
AAGTGGAATACAAGCACCAG_004,76
AAGTGGAATACAAGCACCAG_005,49
AAGTGGAATACAAGCACCAG_006,68
AAGTGGAATACAAGCACCAG_007,142
AAGTGGAATACAAGCACCAG_008,40
AAGTGGAATACAAGCACCAG_009,10
AAGTGGAATACAAGCACCAG_010,115
AAGTGGAATACAAGCACCAG_011,197
AAGTGGAATACAAGCACCAG_012,140
AGAAATCAGAGGACATGCTG_001,36
AGAAATCAGAGGACATGCTG_002,29
AGAAATCAGAGGACATGCTG_003,182
AGAAATCAGAGGACATGCTG_004,144
AGAAATCAGAGGACATGCTG_005,118
AGAAATCAGAGGACATGCTG_006,56
AGAAATCAGAGGACATGCTG_007,139
AGAAATCAGAGGACATGCTG_008,172
AGAAATCAGAGGACATGCTG_009,145
AGAAATCAGAGGACATGCTG_010,81
AGAAATCAGAGGACATGCTG_011,117
AGAAATCAGAGGACATGCTG_012,58
AGAAATCAGAGGACATGCTG_013,86
AGAAATCAGAGGACATGCTG_014,170
AGAAATCAGAGGACATGCTG_015,14
AGAAATCAGAGGACATGCTG_016,115
AGAAATCAGAGGACATGCTG_017,62
AGAAATCAGAGGACATGCTG_018,144
AGAAATCAGAGGACATGCTG_019,103
GGCGTGATCTCCAGGCAATG_001,121
GGCGTGATCTCCAGGCAATG_002,64
GGCGTGATCTCCAGGCAATG_003,38
GGCGTGATCTCCAGGCAATG_004,103
GGCGTGATCTCCAGGCAATG_005,72
GGCGTGATCTCCAGGCAATG_006,114
GGCGTGATCTCCAGGCAATG_007,132
GCTGCTAAGTAACCAGAGCG_001,160
GCTGCTAAGTAACCAGAGCG_002,8
GCTGCTAAGTAACCAGAGCG_003,68
GCTGCTAAGTAACCAGAGCG_004,177
GCTGCTAAGTAACCAGAGCG_005,82
GCTGCTAAGTAACCAGAGCG_006,94
GCTGCTAAGTAACCAGAGCG_007,158
GCTGCTAAGTAACCAGAGCG_008,106
GCTGCTAAGTAACCAGAGCG_009,157
GCTGCTAAGTAACCAGAGCG_010,181
GCTGCTAAGTAACCAGAGCG_011,124
GCTGCTAAGTAACCAGAGCG_012,77
GCTGCTAAGTAACCAGAGCG_013,76
GCTGCTAAGTAACCAGAGCG_014,116
GCTGCTAAGTAACCAGAGCG_015,119
GCTGCTAAGTAACCAGAGCG_016,34
AGAACCGAATTCGGAGTACG_001,17
AGAACCGAATTCGGAGTACG_002,125
AGAACCGAATTCGGAGTACG_003,135
AGAACCGAATTCGGAGTACG_004,169
AGAACCGAATTCGGAGTACG_005,172
AGAACCGAATTCGGAGTACG_006,192
AGAACCGAATTCGGAGTACG_007,145
AGAACCGAATTCGGAGTACG_008,0
AGAACCGAATTCGGAGTACG_009,94
AGAACCGAATTCGGAGTACG_010,142
AGAACCGAATTCGGAGTACG_011,78
AGAACCGAATTCGGAGTACG_012,2
AGAACCGAATTCGGAGTACG_013,105
GGGACATCCTCGTGGCATAG_001,24
GGGACATCCTCGTGGCATAG_002,115
GGGACATCCTCGTGGCATAG_003,191
GGGACATCCTCGTGGCATAG_004,140
GGGACATCCTCGTGGCATAG_005,99
GGGACATCCTCGTGGCATAG_006,114
GGGACATCCTCGTGGCATAG_007,14
GGGACATCCTCGTGGCATAG_008,126
GGGACATCCTCGTGGCATAG_009,112
GGGACATCCTCGTGGCATAG_010,175
GGGACATCCTCGTGGCATAG_011,141
GGGACATCCTCGTGGCATAG_012,95
GGGACATCCTCGTGGCATAG_013,3
GGGACATCCTCGTGGCATAG_014,34
GGGACATCCTCGTGGCATAG_015,189
GGGACATCCTCGTGGCATAG_016,176
GGGACATCCTCGTGGCATAG_017,62
GGGACATCCTCGTGGCATAG_018,136
GGGACATCCTCGTGGCATAG_019,22
GGGACATCCTCGTGGCATAG_020,165
TTAAATCCCATTCCTCGGAA_001,10
TTAAATCCCATTCCTCGGAA_002,70
TTAAATCCCATTCCTCGGAA_003,170
TTAAATCCCATTCCTCGGAA_004,142
TTAAATCCCATTCCTCGGAA_005,39
CAGGACTGGGTCGATCAGAA_001,151
CAGGACTGGGTCGATCAGAA_002,144
TTATGCACGGGTGATGCATG_001,75
TTATGCACGGGTGATGCATG_002,174
TTATGCACGGGTGATGCATG_003,19
TTATGCACGGGTGATGCATG_004,164
TTATGCACGGGTGATGCATG_005,174
TTATGCACGGGTGATGCATG_006,197
TTATGCACGGGTGATGCATG_007,160
TTATGCACGGGTGATGCATG_008,149
TTATGCACGGGTGATGCATG_009,88
TTATGCACGGGTGATGCATG_010,103
TTATGCACGGGTGATGCATG_011,198
TTATGCACGGGTGATGCATG_012,153
ATACATAGAGCAGAATGGGA_001,8
ATACATAGAGCAGAATGGGA_002,150
ATACATAGAGCAGAATGGGA_003,169
ATACATAGAGCAGAATGGGA_004,34
GTGGTTCTAAATTAGATGTG_001,34
GTGGTTCTAAATTAGATGTG_002,115
GTGGTTCTAAATTAGATGTG_003,170
GTGGTTCTAAATTAGATGTG_004,81
GTGGTTCTAAATTAGATGTG_005,170
GTGGTTCTAAATTAGATGTG_006,16
GTGGTTCTAAATTAGATGTG_007,145
GTGGTTCTAAATTAGATGTG_008,171
GTGGTTCTAAATTAGATGTG_009,38
GTGGTTCTAAATTAGATGTG_010,70
ATGATTGCATTAGAAAATAA_001,133
ATGATTGCATTAGAAAATAA_002,67
ATGATTGCATTAGAAAATAA_003,38
ATGATTGCATTAGAAAATAA_004,150
ATGATTGCATTAGAAAATAA_005,122
ATGATTGCATTAGAAAATAA_006,42
ATGATTGCATTAGAAAATAA_007,72
TACCTGAGTAGGCGCCAATG_001,147
TACCTGAGTAGGCGCCAATG_002,58
TACCTGAGTAGGCGCCAATG_003,29
TACCTGAGTAGGCGCCAATG_004,78
TACCTGAGTAGGCGCCAATG_005,96
TACCTGAGTAGGCGCCAATG_006,84
TACCTGAGTAGGCGCCAATG_007,36
TACCTGAGTAGGCGCCAATG_008,35
TACCTGAGTAGGCGCCAATG_009,12
TACCTGAGTAGGCGCCAATG_010,26
TACCTGAGTAGGCGCCAATG_011,148
TACCTGAGTAGGCGCCAATG_012,121
TACCTGAGTAGGCGCCAATG_013,199
TACCTGAGTAGGCGCCAATG_014,13
TACCTGAGTAGGCGCCAATG_015,152
TACCTGAGTAGGCGCCAATG_016,166
TACCTGAGTAGGCGCCAATG_017,188
TACCTGAGTAGGCGCCAATG_018,77
TACCTGAGTAGGCGCCAATG_019,112
TACCTGAGTAGGCGCCAATG_020,42
TACCTGAGTAGGCGCCAATG_021,175
GTGATTGAGAACGTCAAGCG_001,151
GTGATTGAGAACGTCAAGCG_002,69
GTGATTGAGAACGTCAAGCG_003,137
GTGATTGAGAACGTCAAGCG_004,5
GTGATTGAGAACGTCAAGCG_005,80
GTGATTGAGAACGTCAAGCG_006,37
GTGATTGAGAACGTCAAGCG_007,182
GTGATTGAGAACGTCAAGCG_008,55
GATCCCAGATCGCCTAGTAG_001,198
GATCCCAGATCGCCTAGTAG_002,70
GATCCCAGATCGCCTAGTAG_003,88
GATCCCAGATCGCCTAGTAG_004,127
GATCCCAGATCGCCTAGTAG_005,121
GATCCCAGATCGCCTAGTAG_006,41
GATCCCAGATCGCCTAGTAG_007,169
GATCCCAGATCGCCTAGTAG_008,82
GATCCCAGATCGCCTAGTAG_009,98
GATCCCAGATCGCCTAGTAG_010,121
GATCCCAGATCGCCTAGTAG_011,80
ACAGAAGGTATAGCCACCAT_001,188
ACAGAAGGTATAGCCACCAT_002,45
ACAGAAGGTATAGCCACCAT_003,138
CTGGTCTATTACTACGCCCG_001,52
CTTAAGTTCGGAATACACCT_001,118
CTTAAGTTCGGAATACACCT_002,102
CTTAAGTTCGGAATACACCT_003,27
CTTAAGTTCGGAATACACCT_004,67
CTTAAGTTCGGAATACACCT_005,11
CTTAAGTTCGGAATACACCT_006,191
CTTAAGTTCGGAATACACCT_007,175
CCAGGTGACAGTGTAAACCA_001,129
CCAGGTGACAGTGTAAACCA_002,149
CCAGGTGACAGTGTAAACCA_003,60
CCAGGTGACAGTGTAAACCA_004,29
CCAGGTGACAGTGTAAACCA_005,8
CCAGGTGACAGTGTAAACCA_006,55
CCAGGTGACAGTGTAAACCA_007,11
CCAGGTGACAGTGTAAACCA_008,118
CCAGGTGACAGTGTAAACCA_009,138
GGTGTAATAGGTCACTACGT_001,82
GGTGTAATAGGTCACTACGT_002,170
GGTGTAATAGGTCACTACGT_003,158
GCAGAAGCTGCCATCCAACG_001,178
GCAGAAGCTGCCATCCAACG_002,108
GCAGAAGCTGCCATCCAACG_003,149
GCAGAAGCTGCCATCCAACG_004,35
GCAGAAGCTGCCATCCAACG_005,189
GCAGAAGCTGCCATCCAACG_006,121
GCAGAAGCTGCCATCCAACG_007,174
GCAGAAGCTGCCATCCAACG_008,98
GCAGAAGCTGCCATCCAACG_009,174
GCAGAAGCTGCCATCCAACG_010,68
GCAGAAGCTGCCATCCAACG_011,10
ATTTCTGACTAAGATAGCAG_001,65
ATTTCTGACTAAGATAGCAG_002,28
ATTTCTGACTAAGATAGCAG_003,158
ATTTCTGACTAAGATAGCAG_004,8
ATTTCTGACTAAGATAGCAG_005,113
CGAATGGAGTGAAGAAGCCG_001,19
CGAATGGAGTGAAGAAGCCG_002,32
CGAATGGAGTGAAGAAGCCG_003,185
CGAATGGAGTGAAGAAGCCG_004,8
CGAATGGAGTGAAGAAGCCG_005,69
CGAATGGAGTGAAGAAGCCG_006,15
CGAATGGAGTGAAGAAGCCG_007,21
CGAATGGAGTGAAGAAGCCG_008,107
GATCTGGAATCACACTCGGG_001,147
GATCTGGAATCACACTCGGG_002,2
GATCTGGAATCACACTCGGG_003,187
GATCTGGAATCACACTCGGG_004,1
GATCTGGAATCACACTCGGG_005,9
GATCTGGAATCACACTCGGG_006,29
GGATGTGTATGACGGCGTGA_001,76
GTGTACTACAACGAGGCCAG_001,160
GTGTACTACAACGAGGCCAG_002,72
GTGTACTACAACGAGGCCAG_003,45
GTGTACTACAACGAGGCCAG_004,12
GTGTACTACAACGAGGCCAG_005,121
GTGTACTACAACGAGGCCAG_006,82
GTGTACTACAACGAGGCCAG_007,126
GTGTACTACAACGAGGCCAG_008,193
TGCACTATGTGACCATGATG_001,8
TGCACTATGTGACCATGATG_002,44
TGGAACATTCAAATTCACAA_001,195
CATGATGAGCCAGTGCCTAG_001,96
CATGATGAGCCAGTGCCTAG_002,141
CATGATGAGCCAGTGCCTAG_003,69
CATGATGAGCCAGTGCCTAG_004,149
CATGATGAGCCAGTGCCTAG_005,100
CATGATGAGCCAGTGCCTAG_006,100
CATGATGAGCCAGTGCCTAG_007,174
CATGATGAGCCAGTGCCTAG_008,185
CATGATGAGCCAGTGCCTAG_009,94
CATGATGAGCCAGTGCCTAG_010,115
CATGATGAGCCAGTGCCTAG_011,144
CATGATGAGCCAGTGCCTAG_012,57
CATGATGAGCCAGTGCCTAG_013,170
CATGATGAGCCAGTGCCTAG_014,69
CAGTTTCGCTCACCCCACGC_001,54
CAGTTTCGCTCACCCCACGC_002,104
CAGTTTCGCTCACCCCACGC_003,46
CTGGGCCTAATCTTTGACCG_001,41
CTGGGCCTAATCTTTGACCG_002,68
CTGGGCCTAATCTTTGACCG_003,69
CTGGGCCTAATCTTTGACCG_004,77
CTGGGCCTAATCTTTGACCG_005,150
CTGGGCCTAATCTTTGACCG_006,81
CTGGGCCTAATCTTTGACCG_007,67
TGAAACCAAACAGTCTACCT_001,42
TGAAACCAAACAGTCTACCT_002,181
TGAAACCAAACAGTCTACCT_003,66
TGAAACCAAACAGTCTACCT_004,118
TGAAACCAAACAGTCTACCT_005,2
TGAAACCAAACAGTCTACCT_006,127
TGAAACCAAACAGTCTACCT_007,53
TGAAACCAAACAGTCTACCT_008,26
TGAAACCAAACAGTCTACCT_009,112
ACTGGCACAGAGGATGGGAC_001,139
ACTGGCACAGAGGATGGGAC_002,160
ACTGGCACAGAGGATGGGAC_003,182
ACTGGCACAGAGGATGGGAC_004,0
ACTGGCACAGAGGATGGGAC_005,49
ACTGGCACAGAGGATGGGAC_006,49
ACTGGCACAGAGGATGGGAC_007,33
ACTGGCACAGAGGATGGGAC_008,53
ACTGGCACAGAGGATGGGAC_009,189
ACTGGCACAGAGGATGGGAC_010,81
ACTGGCACAGAGGATGGGAC_011,50
ACTGGCACAGAGGATGGGAC_012,0
ACTGGCACAGAGGATGGGAC_013,88
ACTGGCACAGAGGATGGGAC_014,188
ACTGGCACAGAGGATGGGAC_015,43
ACTGGCACAGAGGATGGGAC_016,76
ACTGGCACAGAGGATGGGAC_017,149
ACTGGCACAGAGGATGGGAC_018,157
ACTGGCACAGAGGATGGGAC_019,171
ACTGGCACAGAGGATGGGAC_020,160
ACTGGCACAGAGGATGGGAC_021,194
ACTGGCACAGAGGATGGGAC_022,165
ACTGGCACAGAGGATGGGAC_023,34
ACTGGCACAGAGGATGGGAC_024,145
ACTGGCACAGAGGATGGGAC_025,62
ACTGGCACAGAGGATGGGAC_026,145
AGCATGTGATGAAGTGCTAG_001,102
AGCATGTGATGAAGTGCTAG_002,36
AGCATGTGATGAAGTGCTAG_003,82
AGCATGTGATGAAGTGCTAG_004,152
AGCATGTGATGAAGTGCTAG_005,143
AGCATGTGATGAAGTGCTAG_006,56
AGCATGTGATGAAGTGCTAG_007,70
AGCATGTGATGAAGTGCTAG_008,21
AGCATGTGATGAAGTGCTAG_009,134
AGCATGTGATGAAGTGCTAG_010,57
AGCATGTGATGAAGTGCTAG_011,20
AGCATGTGATGAAGTGCTAG_012,68
AGCATGTGATGAAGTGCTAG_013,178
AGCATGTGATGAAGTGCTAG_014,145
AGCATGTGATGAAGTGCTAG_015,121
GCCTGATCCATGGCACCGTG_001,162
GCCTGATCCATGGCACCGTG_002,105
GCCTGATCCATGGCACCGTG_003,55
GCCTGATCCATGGCACCGTG_004,35
GCCTGATCCATGGCACCGTG_005,118
GCCTGATCCATGGCACCGTG_006,45
GCCTGATCCATGGCACCGTG_007,16
GCCTGATCCATGGCACCGTG_008,63
GCCTGATCCATGGCACCGTG_009,27
GCCTGATCCATGGCACCGTG_010,184
GCCTGATCCATGGCACCGTG_011,162
GCCTGATCCATGGCACCGTG_012,130
GCCTGATCCATGGCACCGTG_013,2
GCCTGATCCATGGCACCGTG_014,1
GCCTGATCCATGGCACCGTG_015,18
GCCTGATCCATGGCACCGTG_016,139
GCCTGATCCATGGCACCGTG_017,13
GCCTGATCCATGGCACCGTG_018,94
GCCTGATCCATGGCACCGTG_019,177
GCCTGATCCATGGCACCGTG_020,137
GCCTGATCCATGGCACCGTG_021,183
GCCTGATCCATGGCACCGTG_022,48
GCCTGATCCATGGCACCGTG_023,63
GCCTGATCCATGGCACCGTG_024,117
GCCTGATCCATGGCACCGTG_025,41
GCCTGATCCATGGCACCGTG_026,76
GCCTGATCCATGGCACCGTG_027,168
GCCTGATCCATGGCACCGTG_028,175
GCCTGATCCATGGCACCGTG_029,39
GCCTGATCCATGGCACCGTG_030,18
GCCTGATCCATGGCACCGTG_031,70
GCCTGATCCATGGCACCGTG_032,170
GCCTGATCCATGGCACCGTG_033,150
GCCTGATCCATGGCACCGTG_034,92
GCTCGCAAGTATTTAAGGAC_001,6
GCTCGCAAGTATTTAAGGAC_002,145
GCTCGCAAGTATTTAAGGAC_003,76
GCTCGCAAGTATTTAAGGAC_004,190
GCTCGCAAGTATTTAAGGAC_005,15
GCTCGCAAGTATTTAAGGAC_006,9
GCTCGCAAGTATTTAAGGAC_007,70
GGGCGGTCAGGTCGCTCCGA_001,94
GGGCGGTCAGGTCGCTCCGA_002,78
GGGCGGTCAGGTCGCTCCGA_003,73
GGGCGGTCAGGTCGCTCCGA_004,182
GGGCGGTCAGGTCGCTCCGA_005,168
GGGCGGTCAGGTCGCTCCGA_006,81
GGGCGGTCAGGTCGCTCCGA_007,29
GGGCGGTCAGGTCGCTCCGA_008,31
GGGCGGTCAGGTCGCTCCGA_009,168
GGGCGGTCAGGTCGCTCCGA_010,161
GGGCGGTCAGGTCGCTCCGA_011,30
GGGCGGTCAGGTCGCTCCGA_012,105
GGGCGGTCAGGTCGCTCCGA_013,183
GGGCGGTCAGGTCGCTCCGA_014,32
GGGCGGTCAGGTCGCTCCGA_015,77
GGGCGGTCAGGTCGCTCCGA_016,113
GGGCGGTCAGGTCGCTCCGA_017,9
GGGCGGTCAGGTCGCTCCGA_018,199
GGGCGGTCAGGTCGCTCCGA_019,88
TTCCATAGTGACGCCCCCCA_001,121
TTCCATAGTGACGCCCCCCA_002,57
TTCCATAGTGACGCCCCCCA_003,64
TTCCATAGTGACGCCCCCCA_004,135
TTCCATAGTGACGCCCCCCA_005,77
TTCCATAGTGACGCCCCCCA_006,92
TTCCATAGTGACGCCCCCCA_007,150
TTCCATAGTGACGCCCCCCA_008,8
AATATCTGAATCTACCCCCG_001,107
AATATCTGAATCTACCCCCG_002,96
AATATCTGAATCTACCCCCG_003,81
AATATCTGAATCTACCCCCG_004,174
AATATCTGAATCTACCCCCG_005,189
AATATCTGAATCTACCCCCG_006,77
AATATCTGAATCTACCCCCG_007,145
AATATCTGAATCTACCCCCG_008,50
AATATCTGAATCTACCCCCG_009,185
AATATCTGAATCTACCCCCG_010,151
AATATCTGAATCTACCCCCG_011,54
ATGATGGATCAGCTGTACCA_001,121
ATGATGGATCAGCTGTACCA_002,70
ATGATGGATCAGCTGTACCA_003,168
ATGATGGATCAGCTGTACCA_004,63
ATGATGGATCAGCTGTACCA_005,50
ATGATGGATCAGCTGTACCA_006,43
ATGATGGATCAGCTGTACCA_007,86
ATGATGGATCAGCTGTACCA_008,144
ATGATGGATCAGCTGTACCA_009,29
ATGATGGATCAGCTGTACCA_010,75
ATGATGGATCAGCTGTACCA_011,83
ATGATGGATCAGCTGTACCA_012,170
ATGATGGATCAGCTGTACCA_013,1
ATGATGGATCAGCTGTACCA_014,192
ATGATGGATCAGCTGTACCA_015,4
ATGATGGATCAGCTGTACCA_016,191
ATGATGGATCAGCTGTACCA_017,124
ATGATGGATCAGCTGTACCA_018,158
CCATATCGAACAACCTGCAG_001,39
CCATATCGAACAACCTGCAG_002,9
CCATATCGAACAACCTGCAG_003,127
CCATATCGAACAACCTGCAG_004,130
CCATATCGAACAACCTGCAG_005,174
TTGAACCAGACTCGGAAGCG_001,69
TTGAACCAGACTCGGAAGCG_002,152
TTGAACCAGACTCGGAAGCG_003,88
TTGAACCAGACTCGGAAGCG_004,155
TTGAACCAGACTCGGAAGCG_005,174
TTGAACCAGACTCGGAAGCG_006,184
TTGAACCAGACTCGGAAGCG_007,170
CCTGTAGCACCAGCCATACG_001,147
CCTGTAGCACCAGCCATACG_002,65
CCTGTAGCACCAGCCATACG_003,12
CCTGTAGCACCAGCCATACG_004,83
CCTGTAGCACCAGCCATACG_005,58
CCTGTAGCACCAGCCATACG_006,37
CCTGTAGCACCAGCCATACG_007,182
CCTGTAGCACCAGCCATACG_008,154
CCTGTAGCACCAGCCATACG_009,127
CCTGTAGCACCAGCCATACG_010,57
CCTGTAGCACCAGCCATACG_011,145
CCTGTAGCACCAGCCATACG_012,1
CCTGTAGCACCAGCCATACG_013,144
CCTGTAGCACCAGCCATACG_014,119
CCTGTAGCACCAGCCATACG_015,97
CAGGATTAAGTAGCTTAGAG_001,85
CAGGATTAAGTAGCTTAGAG_002,42
CAGGATTAAGTAGCTTAGAG_003,28
CAGGATTAAGTAGCTTAGAG_004,178
CAGGATTAAGTAGCTTAGAG_005,43
CAGGATTAAGTAGCTTAGAG_006,98
ATGACCCTATCGACGTGCCA_001,88
ATGACCCTATCGACGTGCCA_002,192
ATGACCCTATCGACGTGCCA_003,49
ATGACCCTATCGACGTGCCA_004,17
ATGACCCTATCGACGTGCCA_005,49
ATGACCCTATCGACGTGCCA_006,43
ATGACCCTATCGACGTGCCA_007,104
ATGACCCTATCGACGTGCCA_008,95
ATGACCCTATCGACGTGCCA_009,5
ATGACCCTATCGACGTGCCA_010,46
ATGACCCTATCGACGTGCCA_011,142
ATGACCCTATCGACGTGCCA_012,154
ATGACCCTATCGACGTGCCA_013,53
ATGACCCTATCGACGTGCCA_014,172
CCTGACCGGAGCCTTCAGCG_001,64
CCTGACCGGAGCCTTCAGCG_002,50
CCTGACCGGAGCCTTCAGCG_003,170
CCTGACCGGAGCCTTCAGCG_004,113
CCTGACCGGAGCCTTCAGCG_005,3
CCTGACCGGAGCCTTCAGCG_006,53
CCTGACCGGAGCCTTCAGCG_007,131
CCTGACCGGAGCCTTCAGCG_008,115
CCTGACCGGAGCCTTCAGCG_009,53
CCTGACCGGAGCCTTCAGCG_010,40
CCTGACCGGAGCCTTCAGCG_011,69
CCTGACCGGAGCCTTCAGCG_012,40
CCTGACCGGAGCCTTCAGCG_013,9
CCTGACCGGAGCCTTCAGCG_014,111
CCTGACCGGAGCCTTCAGCG_015,113
CCTGACCGGAGCCTTCAGCG_016,1
CCTGACCGGAGCCTTCAGCG_017,42
CCTGACCGGAGCCTTCAGCG_018,108
CCTGACCGGAGCCTTCAGCG_019,110
CCTGACCGGAGCCTTCAGCG_020,31
CCTGACCGGAGCCTTCAGCG_021,52
CCTGACCGGAGCCTTCAGCG_022,184
CCTGACCGGAGCCTTCAGCG_023,19
CCTGACCGGAGCCTTCAGCG_024,199
CCTGACCGGAGCCTTCAGCG_025,57
TGGCACCCCACGTCCACGAG_001,60
TGGCACCCCACGTCCACGAG_002,70
TGGCACCCCACGTCCACGAG_003,24
TGGCACCCCACGTCCACGAG_004,96
TGGCACCCCACGTCCACGAG_005,113
TGGCACCCCACGTCCACGAG_006,52
TGGCACCCCACGTCCACGAG_007,67
TGGCACCCCACGTCCACGAG_008,8
TGGCACCCCACGTCCACGAG_009,191
TGGCACCCCACGTCCACGAG_010,47
TGGCACCCCACGTCCACGAG_011,70
TGGCACCCCACGTCCACGAG_012,11
TGGCACCCCACGTCCACGAG_013,94
TGGCACCCCACGTCCACGAG_014,61
TGGCACCCCACGTCCACGAG_015,46
TGGCACCCCACGTCCACGAG_016,35
TGGCACCCCACGTCCACGAG_017,35
TGGCACCCCACGTCCACGAG_018,88
TGGCACCCCACGTCCACGAG_019,24
GGCTGATAAAGTCCTCCGAT_001,155
GGCTGATAAAGTCCTCCGAT_002,155
GTGACAGGTACACTAGAGCG_001,144
GTGACAGGTACACTAGAGCG_002,16
CCTCATTCGACCAGTTCCGG_001,150
CCTCATTCGACCAGTTCCGG_002,59
CCTCATTCGACCAGTTCCGG_003,96
CCTCATTCGACCAGTTCCGG_004,35
CCTCATTCGACCAGTTCCGG_005,55
CCTCATTCGACCAGTTCCGG_006,62
CCTCATTCGACCAGTTCCGG_007,65
CCTCATTCGACCAGTTCCGG_008,34
CCTCATTCGACCAGTTCCGG_009,15
GCAGCAGCGAAAGCGCCTTG_001,146
GCGCTCCCAGCCCTACAGAG_001,177
GCGCTCCCAGCCCTACAGAG_002,115
GCGCTCCCAGCCCTACAGAG_003,156
GCGCTCCCAGCCCTACAGAG_004,177
GCGCTCCCAGCCCTACAGAG_005,173
GCGCTCCCAGCCCTACAGAG_006,185
GCGCTCCCAGCCCTACAGAG_007,116
GCGCTCCCAGCCCTACAGAG_008,130
GCGCTCCCAGCCCTACAGAG_009,81
GCGCTCCCAGCCCTACAGAG_010,85
GCGCTCCCAGCCCTACAGAG_011,182
GCGCTCCCAGCCCTACAGAG_012,47
GCGCTCCCAGCCCTACAGAG_013,2
GCGCTCCCAGCCCTACAGAG_014,175
GCGCTCCCAGCCCTACAGAG_015,133
GCGCTCCCAGCCCTACAGAG_016,150
GCGCTCCCAGCCCTACAGAG_017,30
GCGCTCCCAGCCCTACAGAG_018,24
GCGCTCCCAGCCCTACAGAG_019,168
GCGCTCCCAGCCCTACAGAG_020,130
GCGCTCCCAGCCCTACAGAG_021,41
GCGCTCCCAGCCCTACAGAG_022,49
GGCCCGTCGAGCCCGTAGCG_001,36
GGCCCGTCGAGCCCGTAGCG_002,96
GGCCCGTCGAGCCCGTAGCG_003,136
GGCCCGTCGAGCCCGTAGCG_004,199
GGCCCGTCGAGCCCGTAGCG_005,9
GGCCCGTCGAGCCCGTAGCG_006,175
TTTGGTCAGTGAACAGACAC_001,191
TTTGGTCAGTGAACAGACAC_002,48
TTTGGTCAGTGAACAGACAC_003,5
TTTGGTCAGTGAACAGACAC_004,169
TTTGGTCAGTGAACAGACAC_005,194
TTTGGTCAGTGAACAGACAC_006,163
TTTGGTCAGTGAACAGACAC_007,81
TTTGGTCAGTGAACAGACAC_008,79
TTTGGTCAGTGAACAGACAC_009,178
TTTGGTCAGTGAACAGACAC_010,174
TTTGGTCAGTGAACAGACAC_011,83
TTTGGTCAGTGAACAGACAC_012,57
TTTGGTCAGTGAACAGACAC_013,40
TTTGGTCAGTGAACAGACAC_014,68
TTTGGTCAGTGAACAGACAC_015,68
AATGGTAATCCAGTGTACCA_001,137
AATGGTAATCCAGTGTACCA_002,61
AATGGTAATCCAGTGTACCA_003,98
AATGGTAATCCAGTGTACCA_004,198
AATGGTAATCCAGTGTACCA_005,43
AATGGTAATCCAGTGTACCA_006,17
AATGGTAATCCAGTGTACCA_007,149
AATGGTAATCCAGTGTACCA_008,127
AATGGTAATCCAGTGTACCA_009,122
AATGGTAATCCAGTGTACCA_010,172
AATGGTAATCCAGTGTACCA_011,84
AATGGTAATCCAGTGTACCA_012,24
AATGGTAATCCAGTGTACCA_013,88
AATGGTAATCCAGTGTACCA_014,23
AATGGTAATCCAGTGTACCA_015,45
AATGGTAATCCAGTGTACCA_016,106
AATGGTAATCCAGTGTACCA_017,176
AATGGTAATCCAGTGTACCA_018,150
AATGGTAATCCAGTGTACCA_019,140
AATGGTAATCCAGTGTACCA_020,18
AATGGTAATCCAGTGTACCA_021,103
AATGGTAATCCAGTGTACCA_022,102
AATGGTAATCCAGTGTACCA_023,59
CTTTAGTGAATGTCCAGTAG_001,35
CTTTAGTGAATGTCCAGTAG_002,28
CTTTAGTGAATGTCCAGTAG_003,1
CTTTAGTGAATGTCCAGTAG_004,130
CTTTAGTGAATGTCCAGTAG_005,152
TGGAAACATTGATGGCTAGG_001,181
TGGAAACATTGATGGCTAGG_002,8
TGGAAACATTGATGGCTAGG_003,5
TGGAAACATTGATGGCTAGG_004,98
TGGAAACATTGATGGCTAGG_005,75
TGGAAACATTGATGGCTAGG_006,171
TGGAAACATTGATGGCTAGG_007,127
TGGAAACATTGATGGCTAGG_008,6
AGAGGAACATCGCAAACAAG_001,10
AGAGGAACATCGCAAACAAG_002,77
AGAGGAACATCGCAAACAAG_003,188
AGAGGAACATCGCAAACAAG_004,94
AGAGGAACATCGCAAACAAG_005,9
AGAGGAACATCGCAAACAAG_006,29
AGAGGAACATCGCAAACAAG_007,168
AGAGGAACATCGCAAACAAG_008,22
AGAGGAACATCGCAAACAAG_009,98
AGAGGAACATCGCAAACAAG_010,177
AGAGGAACATCGCAAACAAG_011,136
AGAGGAACATCGCAAACAAG_012,40
AGAGGAACATCGCAAACAAG_013,49
AGAGGAACATCGCAAACAAG_014,63
AGAGGAACATCGCAAACAAG_015,184
GGGTAGTGGAGATGCTGTGT_001,17
GGGTAGTGGAGATGCTGTGT_002,119
GGGTAGTGGAGATGCTGTGT_003,164
GGGTAGTGGAGATGCTGTGT_004,101
TCAGGTTCGCACCGTCCCTG_001,16
TCAGGTTCGCACCGTCCCTG_002,129
TCAGGTTCGCACCGTCCCTG_003,44
TCAGGTTCGCACCGTCCCTG_004,198
TCAGGTTCGCACCGTCCCTG_005,119
TCAGGTTCGCACCGTCCCTG_006,65
TCAGGTTCGCACCGTCCCTG_007,21
TCAGGTTCGCACCGTCCCTG_008,56
TCAGGTTCGCACCGTCCCTG_009,22
TCAGGTTCGCACCGTCCCTG_010,22
TCAGGTTCGCACCGTCCCTG_011,170
TCAGGTTCGCACCGTCCCTG_012,103
TGTAGAGCGTGGTTCGATCG_001,170
TGTAGAGCGTGGTTCGATCG_002,12
TGTAGAGCGTGGTTCGATCG_003,5
TGTAGAGCGTGGTTCGATCG_004,195
TGTAGAGCGTGGTTCGATCG_005,175
TGTAGAGCGTGGTTCGATCG_006,15
TGTAGAGCGTGGTTCGATCG_007,102
TGTAGAGCGTGGTTCGATCG_008,102
TGTAGAGCGTGGTTCGATCG_009,189
TGTGAACTTTCAACAGACAC_001,80
TGTGAACTTTCAACAGACAC_002,146
TGTGAACTTTCAACAGACAC_003,17
CCAAGGGATAATCCAACATG_001,29
CCAAGGGATAATCCAACATG_002,60
CCAAGGGATAATCCAACATG_003,49
TCGGCGTCTTCCTTGCACTG_001,142
TCGGCGTCTTCCTTGCACTG_002,182
TCGGCGTCTTCCTTGCACTG_003,72
TCGGCGTCTTCCTTGCACTG_004,68
TCGGCGTCTTCCTTGCACTG_005,137
TCGGCGTCTTCCTTGCACTG_006,56
GAGCGACCAAACCATCAAGT_001,194
GAGCGACCAAACCATCAAGT_002,12
GAGCGACCAAACCATCAAGT_003,103
GAGCGACCAAACCATCAAGT_004,50
GAGCGACCAAACCATCAAGT_005,133
GAGCGACCAAACCATCAAGT_006,150
GAGCGACCAAACCATCAAGT_007,35
GAGCGACCAAACCATCAAGT_008,184
GAGCGACCAAACCATCAAGT_009,166
GAGCGACCAAACCATCAAGT_010,44
GAGCGACCAAACCATCAAGT_011,117
GAGCGACCAAACCATCAAGT_012,145
GAGCGACCAAACCATCAAGT_013,47
GAGCGACCAAACCATCAAGT_014,94
GAGCGACCAAACCATCAAGT_015,94
GAGCGACCAAACCATCAAGT_016,137
GAGCGACCAAACCATCAAGT_017,120
GAGCGACCAAACCATCAAGT_018,50
GAGCGACCAAACCATCAAGT_019,137
GAGCGACCAAACCATCAAGT_020,33
TCACAGACAGAAATTACTTA_001,8
TCACAGACAGAAATTACTTA_002,119
TCACAGACAGAAATTACTTA_003,19
TGCTTTGAACTGGTTAAACA_001,88
TGCTTTGAACTGGTTAAACA_002,127
TGCTTTGAACTGGTTAAACA_003,73
TGCTTTGAACTGGTTAAACA_004,190
TGCTTTGAACTGGTTAAACA_005,105
TGCTTTGAACTGGTTAAACA_006,70
TGCTTTGAACTGGTTAAACA_007,96
TGCTTTGAACTGGTTAAACA_008,174
GTCAGGCCTGATCAGCCAAG_001,146
GTCAGGCCTGATCAGCCAAG_002,41
GTCAGGCCTGATCAGCCAAG_003,53
GTCAGGCCTGATCAGCCAAG_004,55
GTCAGGCCTGATCAGCCAAG_005,171
GTCAGGCCTGATCAGCCAAG_006,80
GTCAGGCCTGATCAGCCAAG_007,12
GTCAGGCCTGATCAGCCAAG_008,162
GTCAGGCCTGATCAGCCAAG_009,50
GTCAGGCCTGATCAGCCAAG_010,141
GTCAGGCCTGATCAGCCAAG_011,56
GTCAGGCCTGATCAGCCAAG_012,15
GTCAGGCCTGATCAGCCAAG_013,29
GTCAGGCCTGATCAGCCAAG_014,17
GTCAGGCCTGATCAGCCAAG_015,20
GTCAGGCCTGATCAGCCAAG_016,197
AATCCTTTAAGGTATATGAG_001,47
GCGAGGCCGCTACCTCGTGG_001,95
GCGAGGCCGCTACCTCGTGG_002,76
GCGAGGCCGCTACCTCGTGG_003,160
GCGAGGCCGCTACCTCGTGG_004,124
GCGAGGCCGCTACCTCGTGG_005,13
GCGAGGCCGCTACCTCGTGG_006,77
GCGAGGCCGCTACCTCGTGG_007,24
GCGAGGCCGCTACCTCGTGG_008,181
GCGAGGCCGCTACCTCGTGG_009,184
GCGAGGCCGCTACCTCGTGG_010,90
GCGAGGCCGCTACCTCGTGG_011,78
GGATGAATTCATTAGTGATG_001,153
GGATGAATTCATTAGTGATG_002,161
GGATGAATTCATTAGTGATG_003,36
GGATGAATTCATTAGTGATG_004,178
GGATGAATTCATTAGTGATG_005,28
GTTTCATGGATACGGACCAG_001,39
GTTTCATGGATACGGACCAG_002,145
GTTTCATGGATACGGACCAG_003,26
GTTTCATGGATACGGACCAG_004,110
GTTTCATGGATACGGACCAG_005,91
GTTTCATGGATACGGACCAG_006,49
GTTTCATGGATACGGACCAG_007,3
GTTTCATGGATACGGACCAG_008,98
GTTTCATGGATACGGACCAG_009,176
GTTTCATGGATACGGACCAG_010,163
GTTTCATGGATACGGACCAG_011,182
GTTTCATGGATACGGACCAG_012,42
GTTTCATGGATACGGACCAG_013,134
GTTTCATGGATACGGACCAG_014,198
GTTTCATGGATACGGACCAG_015,88
GTTTCATGGATACGGACCAG_016,177
GTTTCATGGATACGGACCAG_017,138
GTTTCATGGATACGGACCAG_018,82
GTTTCATGGATACGGACCAG_019,166
GTTTCATGGATACGGACCAG_020,40
GTTTCATGGATACGGACCAG_021,40
GTTTCATGGATACGGACCAG_022,28
GTTTCATGGATACGGACCAG_023,68
GTTTCATGGATACGGACCAG_024,191
GTTTCATGGATACGGACCAG_025,198
GTTTCATGGATACGGACCAG_026,29
GTTTCATGGATACGGACCAG_027,157
GTTTCATGGATACGGACCAG_028,157
CCAAATTCAGCTAATACCCA_001,127
CCAAATTCAGCTAATACCCA_002,128
CCAAATTCAGCTAATACCCA_003,65
CCAAATTCAGCTAATACCCA_004,28
CCAAATTCAGCTAATACCCA_005,96
GGTGCTAAACTGGTGCTCTG_001,130
GGTGCTAAACTGGTGCTCTG_002,169
GGTGCTAAACTGGTGCTCTG_003,119
GGTGCTAAACTGGTGCTCTG_004,172
GGTGCTAAACTGGTGCTCTG_005,28
GGTGCTAAACTGGTGCTCTG_006,127
GGTGCTAAACTGGTGCTCTG_007,2
GGTGCTAAACTGGTGCTCTG_008,108
GGTGCTAAACTGGTGCTCTG_009,58
GGTGCTAAACTGGTGCTCTG_010,19
GGTGCTAAACTGGTGCTCTG_011,94
GGTGCTAAACTGGTGCTCTG_012,119
GGTGCTAAACTGGTGCTCTG_013,184
GGTGCTAAACTGGTGCTCTG_014,179
GGTGCTAAACTGGTGCTCTG_015,180
GGTGCTAAACTGGTGCTCTG_016,174
GGTGCTAAACTGGTGCTCTG_017,104
GAAAAGGTTACAGCTCATCG_001,61
GAAAAGGTTACAGCTCATCG_002,132
GAAAAGGTTACAGCTCATCG_003,88
GAGACAAATCTAACTGTAGG_001,181
GAGACAAATCTAACTGTAGG_002,130
GAGACAAATCTAACTGTAGG_003,150
TACTTACAGGAGGTCCAACG_001,117
TACTTACAGGAGGTCCAACG_002,80
TACTTACAGGAGGTCCAACG_003,161
TACTTACAGGAGGTCCAACG_004,6
TACTTACAGGAGGTCCAACG_005,117
TACTTACAGGAGGTCCAACG_006,48
TACTTACAGGAGGTCCAACG_007,176
TACTTACAGGAGGTCCAACG_008,165
TACTTACAGGAGGTCCAACG_009,139
TACTTACAGGAGGTCCAACG_010,103
TACTTACAGGAGGTCCAACG_011,166
TACTTACAGGAGGTCCAACG_012,73
ACAGGGCATTGGTACAGGAG_001,80
ACAGGGCATTGGTACAGGAG_002,69
ACAGGGCATTGGTACAGGAG_003,77
ACAGGGCATTGGTACAGGAG_004,111
ACAGGGCATTGGTACAGGAG_005,2
ACAGGGCATTGGTACAGGAG_006,70
ACAGGGCATTGGTACAGGAG_007,69
CACAGCCACCATGCCATACG_001,190
CACAGCCACCATGCCATACG_002,43
CACAGCCACCATGCCATACG_003,32
CACAGCCACCATGCCATACG_004,63
AGCACCGGAACCACGCCCGG_001,134
AGCACCGGAACCACGCCCGG_002,117
AGCACCGGAACCACGCCCGG_003,64
AGCACCGGAACCACGCCCGG_004,150
AGCACCGGAACCACGCCCGG_005,40
AGCACCGGAACCACGCCCGG_006,6
AGCACCGGAACCACGCCCGG_007,139
AGCACCGGAACCACGCCCGG_008,124
AGCACCGGAACCACGCCCGG_009,115
AGCACCGGAACCACGCCCGG_010,196
AGCACCGGAACCACGCCCGG_011,136
AGCACCGGAACCACGCCCGG_012,19
AGCACCGGAACCACGCCCGG_013,52
AGCACCGGAACCACGCCCGG_014,150
AGCACCGGAACCACGCCCGG_015,196
AGCACCGGAACCACGCCCGG_016,138
AGCACCGGAACCACGCCCGG_017,90
AGCACCGGAACCACGCCCGG_018,153
AGCACCGGAACCACGCCCGG_019,160
AGCACCGGAACCACGCCCGG_020,34
AGCACCGGAACCACGCCCGG_021,166
AGCACCGGAACCACGCCCGG_022,93
AGCACCGGAACCACGCCCGG_023,69
AGCACCGGAACCACGCCCGG_024,67
AGCACCGGAACCACGCCCGG_025,148
AGCACCGGAACCACGCCCGG_026,10
AGCACCGGAACCACGCCCGG_027,35
AGCACCGGAACCACGCCCGG_028,193
AGCACCGGAACCACGCCCGG_029,159
AGCACCGGAACCACGCCCGG_030,144
AGCACCGGAACCACGCCCGG_031,33
AGCACCGGAACCACGCCCGG_032,176
AGCACCGGAACCACGCCCGG_033,116
AGCACCGGAACCACGCCCGG_034,199
AGCACCGGAACCACGCCCGG_035,92
AGCACCGGAACCACGCCCGG_036,6
AGCACCGGAACCACGCCCGG_037,98
AGCACCGGAACCACGCCCGG_038,88
AGCACCGGAACCACGCCCGG_039,170
AGCACCGGAACCACGCCCGG_040,43
AGCACCGGAACCACGCCCGG_041,108
AGCACCGGAACCACGCCCGG_042,174
AGCACCGGAACCACGCCCGG_043,66
AGCACCGGAACCACGCCCGG_044,68
AGCACCGGAACCACGCCCGG_045,107
AGCACCGGAACCACGCCCGG_046,103
AGCACCGGAACCACGCCCGG_047,4
AGCACCGGAACCACGCCCGG_048,1
AGCACCGGAACCACGCCCGG_049,58
AGCACCGGAACCACGCCCGG_050,58
GATGTTGAGAGAACACCTTA_001,79
GATGTTGAGAGAACACCTTA_002,194
GATGTTGAGAGAACACCTTA_003,19
GATGTTGAGAGAACACCTTA_004,177
GATGTTGAGAGAACACCTTA_005,16
GATGTTGAGAGAACACCTTA_006,43
GATGTTGAGAGAACACCTTA_007,50
GATGTTGAGAGAACACCTTA_008,19
GATGTTGAGAGAACACCTTA_009,112
GATGTTGAGAGAACACCTTA_010,88
CTCTAATAGGCAATCCAGCA_001,8
CTCTAATAGGCAATCCAGCA_002,103
AGATATTTGACCAAAAACAC_001,46
AGATATTTGACCAAAAACAC_002,141
AGATATTTGACCAAAAACAC_003,14
AGATATTTGACCAAAAACAC_004,47
AGATATTTGACCAAAAACAC_005,50
AGATATTTGACCAAAAACAC_006,184
AGATATTTGACCAAAAACAC_007,118
GGTGACCACGAAGTGCACCA_001,27
GGTGACCACGAAGTGCACCA_002,121
GGTGACCACGAAGTGCACCA_003,119
GGTGACCACGAAGTGCACCA_004,40
GGTGACCACGAAGTGCACCA_005,197
GGTGACCACGAAGTGCACCA_006,73
GGTGACCACGAAGTGCACCA_007,198
GGTGACCACGAAGTGCACCA_008,137
GGTGACCACGAAGTGCACCA_009,169
GGTGACCACGAAGTGCACCA_010,149
GGTGACCACGAAGTGCACCA_011,76
GGTGACCACGAAGTGCACCA_012,19
GGTGACCACGAAGTGCACCA_013,197
GGTGACCACGAAGTGCACCA_014,118
GGTGACCACGAAGTGCACCA_015,150
GGTGACCACGAAGTGCACCA_016,134
GGTGACCACGAAGTGCACCA_017,194
GGTGACCACGAAGTGCACCA_018,70
GGTGACCACGAAGTGCACCA_019,12
GGTGACCACGAAGTGCACCA_020,158
GGTGACCACGAAGTGCACCA_021,99
GGTGACCACGAAGTGCACCA_022,116
GGTGACCACGAAGTGCACCA_023,149
GGTGACCACGAAGTGCACCA_024,188
GGTGACCACGAAGTGCACCA_025,46
GGTGACCACGAAGTGCACCA_026,76
GGTGACCACGAAGTGCACCA_027,78
CTGGAACTGGCAGGAACTGT_001,85
GGGCCCACACTAGAAGCGTG_001,171
GGGCCCACACTAGAAGCGTG_002,159
GGGCCCACACTAGAAGCGTG_003,116
GGGCCCACACTAGAAGCGTG_004,101
GGGCCCACACTAGAAGCGTG_005,88
GGGCCCACACTAGAAGCGTG_006,84
CCTGGCAGATTACTACAGCC_001,106
CCTGGCAGATTACTACAGCC_002,42
CCTGGCAGATTACTACAGCC_003,56
CCTGGCAGATTACTACAGCC_004,8
CCTGGCAGATTACTACAGCC_005,42
CCTGGCAGATTACTACAGCC_006,161
CCTGGCAGATTACTACAGCC_007,148
GCTGGTGCAGTTTCAAGAGG_001,50
GCTGGTGCAGTTTCAAGAGG_002,68
GCTGGTGCAGTTTCAAGAGG_003,10
GCTGGTGCAGTTTCAAGAGG_004,136
AAGAAGCGTTCGTATTCGGT_001,179
AAGAAGCGTTCGTATTCGGT_002,94
AAGAAGCGTTCGTATTCGGT_003,56
AAGAAGCGTTCGTATTCGGT_004,81
CATATGAACACAAAACTGTG_001,76
CATATGAACACAAAACTGTG_002,16
CATATGAACACAAAACTGTG_003,134
CATATGAACACAAAACTGTG_004,84
CATATGAACACAAAACTGTG_005,70
CATATGAACACAAAACTGTG_006,35
CCATCGTAGATGTCACACTG_001,152
CCATCGTAGATGTCACACTG_002,44
CCATCGTAGATGTCACACTG_003,35
CCATCGTAGATGTCACACTG_004,134
CCATCGTAGATGTCACACTG_005,188
CCATCGTAGATGTCACACTG_006,70
CCATCGTAGATGTCACACTG_007,58
CCTGCCCAGCTACAAAGTTG_001,127
CCTGCCCAGCTACAAAGTTG_002,193
CCTGCCCAGCTACAAAGTTG_003,145
CCTGCCCAGCTACAAAGTTG_004,105
CCTGCCCAGCTACAAAGTTG_005,137
CCTGCCCAGCTACAAAGTTG_006,177
CCTGCCCAGCTACAAAGTTG_007,149
CCTGCCCAGCTACAAAGTTG_008,127
CCTGCCCAGCTACAAAGTTG_009,56
CCTGCCCAGCTACAAAGTTG_010,168
CCTGCCCAGCTACAAAGTTG_011,6
CCTGCCCAGCTACAAAGTTG_012,138
CCTGCCCAGCTACAAAGTTG_013,140
CCTGCCCAGCTACAAAGTTG_014,29
CCTGCCCAGCTACAAAGTTG_015,75
GAAGTCTAACGCTTGCAGAG_001,191
GAAGTCTAACGCTTGCAGAG_002,48
CAGAGACTACAAAATCACCC_001,148
CAGAGACTACAAAATCACCC_002,178
CGCATCGACCGGGACGTAAG_001,183
CGCATCGACCGGGACGTAAG_002,127
CGCATCGACCGGGACGTAAG_003,122
CGCATCGACCGGGACGTAAG_004,175
CGCATCGACCGGGACGTAAG_005,180
CGCATCGACCGGGACGTAAG_006,60
CGCATCGACCGGGACGTAAG_007,144
CGCATCGACCGGGACGTAAG_008,169
CGCATCGACCGGGACGTAAG_009,166
CGCATCGACCGGGACGTAAG_010,15
CGCATCGACCGGGACGTAAG_011,0
GGAGGTACTCCGAGCTGTCG_001,159
GGAGGTACTCCGAGCTGTCG_002,50
GGAGGTACTCCGAGCTGTCG_003,91
GGAGGTACTCCGAGCTGTCG_004,101
GGAGGTACTCCGAGCTGTCG_005,121
ACCTCCACAAGAAAAAGCCC_001,181
ACCTCCACAAGAAAAAGCCC_002,51
ACCTCCACAAGAAAAAGCCC_003,50
GCAGAGGCCTCCCAGACCCG_001,74
GCAGAGGCCTCCCAGACCCG_002,22
GCAGAGGCCTCCCAGACCCG_003,162
GCAGAGGCCTCCCAGACCCG_004,33
GCAGAGGCCTCCCAGACCCG_005,139
GCAGAGGCCTCCCAGACCCG_006,184
GCAGAGGCCTCCCAGACCCG_007,130
CTCTGACCAGAACGACAAGG_001,149
AGGGTGTTCTCTATGTAGGT_001,181
AGGGTGTTCTCTATGTAGGT_002,81
AGGGTGTTCTCTATGTAGGT_003,75
AGGGTGTTCTCTATGTAGGT_004,97
AGGGTGTTCTCTATGTAGGT_005,198
AGGGTGTTCTCTATGTAGGT_006,156
GTCCATTACATAGCATAAGG_001,156
GTCCATTACATAGCATAAGG_002,22
GTCCATTACATAGCATAAGG_003,27
GACGCCAGATACGCACAGTA_001,137
GACGCCAGATACGCACAGTA_002,172
GACGCCAGATACGCACAGTA_003,172
GACGCCAGATACGCACAGTA_004,22
GACGCCAGATACGCACAGTA_005,165
GACGCCAGATACGCACAGTA_006,139
GACGCCAGATACGCACAGTA_007,38
GACGCCAGATACGCACAGTA_008,26
GACGCCAGATACGCACAGTA_009,172
GACGCCAGATACGCACAGTA_010,83
GACGCCAGATACGCACAGTA_011,88
GACGCCAGATACGCACAGTA_012,130
GACGCCAGATACGCACAGTA_013,17
GACGCCAGATACGCACAGTA_014,53
GACGCCAGATACGCACAGTA_015,48
GACGCCAGATACGCACAGTA_016,63
GACGCCAGATACGCACAGTA_017,157
TAAAGCCAGCTCTTTCACAT_001,197
TAAAGCCAGCTCTTTCACAT_002,167
TAAAGCCAGCTCTTTCACAT_003,71
TAAAGCCAGCTCTTTCACAT_004,92
TAAAGCCAGCTCTTTCACAT_005,77
TAAAGCCAGCTCTTTCACAT_006,11
TAAAGCCAGCTCTTTCACAT_007,148
TAAAGCCAGCTCTTTCACAT_008,189
TAAAGCCAGCTCTTTCACAT_009,85
TAAAGCCAGCTCTTTCACAT_010,92
TAAAGCCAGCTCTTTCACAT_011,158
TAAAGCCAGCTCTTTCACAT_012,187
TCTTTCCAATGCAATGACAG_001,194
TCTTTCCAATGCAATGACAG_002,81
TCTTTCCAATGCAATGACAG_003,145
TCTTTCCAATGCAATGACAG_004,197
TCTTTCCAATGCAATGACAG_005,141
TCTTTCCAATGCAATGACAG_006,161
TGGTGGTGGCAGGCCCAGTG_001,193
TGGTGGTGGCAGGCCCAGTG_002,146
TGGTGGTGGCAGGCCCAGTG_003,33
TGGTGGTGGCAGGCCCAGTG_004,43
TGGTGGTGGCAGGCCCAGTG_005,121
TGGTGGTGGCAGGCCCAGTG_006,72
TGGTGGTGGCAGGCCCAGTG_007,35
TGGTGGTGGCAGGCCCAGTG_008,40
TGGTGGTGGCAGGCCCAGTG_009,27
TGGTGGTGGCAGGCCCAGTG_010,183
TGGTGGTGGCAGGCCCAGTG_011,140
TGGTGGTGGCAGGCCCAGTG_012,177
TGGTGGTGGCAGGCCCAGTG_013,94
TGGTGGTGGCAGGCCCAGTG_014,162
TGGTGGTGGCAGGCCCAGTG_015,126
TGGTGGTGGCAGGCCCAGTG_016,52
TGGTGGTGGCAGGCCCAGTG_017,70
TGGTGGTGGCAGGCCCAGTG_018,134
TGGTGGTGGCAGGCCCAGTG_019,49
TGGTGGTGGCAGGCCCAGTG_020,160
TGGTGGTGGCAGGCCCAGTG_021,57
TGGTGGTGGCAGGCCCAGTG_022,191
TGGTGGTGGCAGGCCCAGTG_023,161
TGGTGGTGGCAGGCCCAGTG_024,5
TGGTGGTGGCAGGCCCAGTG_025,29
TGGTGGTGGCAGGCCCAGTG_026,170
TGGTGGTGGCAGGCCCAGTG_027,21
TGGTGGTGGCAGGCCCAGTG_028,124
TGGTGGTGGCAGGCCCAGTG_029,57
TGGTGGTGGCAGGCCCAGTG_030,28
TGCGAACGACAGGCACACAG_001,23
TGCGAACGACAGGCACACAG_002,193
TGCGAACGACAGGCACACAG_003,40
TGCGAACGACAGGCACACAG_004,75
TGCGAACGACAGGCACACAG_005,62
TGCGAACGACAGGCACACAG_006,23
TGCGAACGACAGGCACACAG_007,30
TGCGAACGACAGGCACACAG_008,48
TGCGAACGACAGGCACACAG_009,108
GTAGTAAGGAGCCTTGTGCA_001,172
GTAGTAAGGAGCCTTGTGCA_002,174
GTAGTAAGGAGCCTTGTGCA_003,152
GTAGTAAGGAGCCTTGTGCA_004,58
GTAGTAAGGAGCCTTGTGCA_005,9
GTAGTAAGGAGCCTTGTGCA_006,29
GTAGTAAGGAGCCTTGTGCA_007,130
CTCCGAGCGGCAGTACACAA_001,30
CTCCGAGCGGCAGTACACAA_002,98
CTCCGAGCGGCAGTACACAA_003,44
CTCCGAGCGGCAGTACACAA_004,172
CTCCGAGCGGCAGTACACAA_005,146
CTCCGAGCGGCAGTACACAA_006,122
CTCCGAGCGGCAGTACACAA_007,145
CTCCGAGCGGCAGTACACAA_008,137
CTCCGAGCGGCAGTACACAA_009,98
CTCCGAGCGGCAGTACACAA_010,192
CCACATACAGCTCCACGTAG_001,2
CCGGTGTGAGCTCAAAGCAA_001,188
CCGGTGTGAGCTCAAAGCAA_002,134
CCGGTGTGAGCTCAAAGCAA_003,35
CCGGTGTGAGCTCAAAGCAA_004,120
AGGCTTGGAGTACACACCAA_001,29
AGGCTTGGAGTACACACCAA_002,12
AGGCTTGGAGTACACACCAA_003,159
AGGCTTGGAGTACACACCAA_004,162
AGGCTTGGAGTACACACCAA_005,67
AGGCTTGGAGTACACACCAA_006,98
AGGCTTGGAGTACACACCAA_007,91
AGGCTTGGAGTACACACCAA_008,106
AGGCTTGGAGTACACACCAA_009,16
AGGCTTGGAGTACACACCAA_010,88
AGGCTTGGAGTACACACCAA_011,180
AGGCTTGGAGTACACACCAA_012,182
AGGCTTGGAGTACACACCAA_013,127
GGAGTTGTCAATGTTTATTG_001,157
GGAGTTGTCAATGTTTATTG_002,160
GGAGTTGTCAATGTTTATTG_003,29
CAAAGAGGGCACCCACCCAG_001,107
CAAAGAGGGCACCCACCCAG_002,185
CAAAGAGGGCACCCACCCAG_003,105
CAAAGAGGGCACCCACCCAG_004,41
CAAAGAGGGCACCCACCCAG_005,48
CAAAGAGGGCACCCACCCAG_006,157
CAAAGAGGGCACCCACCCAG_007,84
CAAAGAGGGCACCCACCCAG_008,152
CAAAGAGGGCACCCACCCAG_009,138
CAAAGAGGGCACCCACCCAG_010,131
CAAAGAGGGCACCCACCCAG_011,72
CAAAGAGGGCACCCACCCAG_012,139
CAAAGAGGGCACCCACCCAG_013,116
CAAAGAGGGCACCCACCCAG_014,134
CAAAGAGGGCACCCACCCAG_015,81
CAAAGAGGGCACCCACCCAG_016,4
CAAAGAGGGCACCCACCCAG_017,112
CAAAGAGGGCACCCACCCAG_018,66
CAAAGAGGGCACCCACCCAG_019,102
CAAAGAGGGCACCCACCCAG_020,35
CAAAGAGGGCACCCACCCAG_021,47
GCTTAACTCAGCTGACATCA_001,138
GCTTAACTCAGCTGACATCA_002,63
GCTTAACTCAGCTGACATCA_003,19
TGCTGCCTACATGAGCAAGG_001,97
TGCTGCCTACATGAGCAAGG_002,49
TGCTGCCTACATGAGCAAGG_003,125
TGCTGCCTACATGAGCAAGG_004,135
TGCTGCCTACATGAGCAAGG_005,130
AAGCATGATAATGTGCCAGG_001,178
AAGCATGATAATGTGCCAGG_002,98
CTTCTCTTATTGGTGCTCCG_001,170
CTTCTCTTATTGGTGCTCCG_002,33
CTTCTCTTATTGGTGCTCCG_003,40
CTTCTCTTATTGGTGCTCCG_004,86
CTTCTCTTATTGGTGCTCCG_005,73
CTTCTCTTATTGGTGCTCCG_006,3
CACCAACAGCCCCTACCCGG_001,149
CACCAACAGCCCCTACCCGG_002,50
CACCAACAGCCCCTACCCGG_003,98
CACCAACAGCCCCTACCCGG_004,1
CACCAACAGCCCCTACCCGG_005,57
CACCAACAGCCCCTACCCGG_006,97
CACCAACAGCCCCTACCCGG_007,1
CACCAACAGCCCCTACCCGG_008,6
CACCAACAGCCCCTACCCGG_009,129
CACCAACAGCCCCTACCCGG_010,191
CACCAACAGCCCCTACCCGG_011,72
CACCAACAGCCCCTACCCGG_012,36
CACCAACAGCCCCTACCCGG_013,82
CACCAACAGCCCCTACCCGG_014,117
CACCAACAGCCCCTACCCGG_015,38
CACCAACAGCCCCTACCCGG_016,137
CACCAACAGCCCCTACCCGG_017,182
CACCAACAGCCCCTACCCGG_018,138
CACCAACAGCCCCTACCCGG_019,63
CGGCTGCACGAGGACCGTAG_001,8
CGGCTGCACGAGGACCGTAG_002,45
CGGCTGCACGAGGACCGTAG_003,105
CGGCTGCACGAGGACCGTAG_004,58
CGGCTGCACGAGGACCGTAG_005,146
CGGCTGCACGAGGACCGTAG_006,54
CGGCTGCACGAGGACCGTAG_007,31
CGGCTGCACGAGGACCGTAG_008,56
CGGCTGCACGAGGACCGTAG_009,70
CGGCTGCACGAGGACCGTAG_010,7
CGGCTGCACGAGGACCGTAG_011,93
CGGCTGCACGAGGACCGTAG_012,181
CGGCTGCACGAGGACCGTAG_013,152
CGGCTGCACGAGGACCGTAG_014,173
CGGCTGCACGAGGACCGTAG_015,170
CGGCTGCACGAGGACCGTAG_016,144
CGGCTGCACGAGGACCGTAG_017,151
CGGCTGCACGAGGACCGTAG_018,1
CTGGAGTCATAGGACTCGAA_001,33
CTGGAGTCATAGGACTCGAA_002,35
CTGGAGTCATAGGACTCGAA_003,18
CTGGAGTCATAGGACTCGAA_004,131
CTGGAGTCATAGGACTCGAA_005,49
CTGGAGTCATAGGACTCGAA_006,146
CTGGAGTCATAGGACTCGAA_007,175
CTGGAGTCATAGGACTCGAA_008,105
CTGGAGTCATAGGACTCGAA_009,137
CTGGAGTCATAGGACTCGAA_010,161
CTGGAGTCATAGGACTCGAA_011,38
CTGGAGTCATAGGACTCGAA_012,179
CTGGAGTCATAGGACTCGAA_013,160
CTGGAGTCATAGGACTCGAA_014,82
CTGGAGTCATAGGACTCGAA_015,38
CTGGAGTCATAGGACTCGAA_016,118
CTGGAGTCATAGGACTCGAA_017,113
CTGGAGTCATAGGACTCGAA_018,53
CTGGAGTCATAGGACTCGAA_019,112
CTGGAGTCATAGGACTCGAA_020,134
TTCCTGCAAACACTACTGGT_001,15
TTCCTGCAAACACTACTGGT_002,142
TTCCTGCAAACACTACTGGT_003,144
TTCCTGCAAACACTACTGGT_004,55
TTCCTGCAAACACTACTGGT_005,196
TTCCTGCAAACACTACTGGT_006,29
TTCCTGCAAACACTACTGGT_007,112
TTCCTGCAAACACTACTGGT_008,149
TTCCTGCAAACACTACTGGT_009,17
TTCCTGCAAACACTACTGGT_010,74
TTCCTGCAAACACTACTGGT_011,16
TTCCTGCAAACACTACTGGT_012,8
TTCCTGCAAACACTACTGGT_013,52
TTCCTGCAAACACTACTGGT_014,9
TTCCTGCAAACACTACTGGT_015,126
TTCCTGCAAACACTACTGGT_016,63
GTCTGGGATTCAGACGCAAG_001,29
GTCTGGGATTCAGACGCAAG_002,32
GTCTGGGATTCAGACGCAAG_003,23
GTCTGGGATTCAGACGCAAG_004,28
GTCTGGGATTCAGACGCAAG_005,2
GTCTGGGATTCAGACGCAAG_006,26
GTCTGGGATTCAGACGCAAG_007,20
GTCTGGGATTCAGACGCAAG_008,103
GTCTGGGATTCAGACGCAAG_009,37
TCCCACAGAACACAGATGCG_001,1
TCCCACAGAACACAGATGCG_002,149
TCCCACAGAACACAGATGCG_003,153
TCCCACAGAACACAGATGCG_004,175
TCCCACAGAACACAGATGCG_005,102
TCCCACAGAACACAGATGCG_006,127
TCCCACAGAACACAGATGCG_007,140
TCCCACAGAACACAGATGCG_008,187
TCCCACAGAACACAGATGCG_009,91
TTCGAGAATAATCTTGACTG_001,117
TTCGAGAATAATCTTGACTG_002,7
CCCATGCCGCAAGAGAACGT_001,139
CCCATGCCGCAAGAGAACGT_002,8
CCCATGCCGCAAGAGAACGT_003,12
CCCATGCCGCAAGAGAACGT_004,135
GAGTACTTCCAACTCTGGGT_001,19
GAGTACTTCCAACTCTGGGT_002,72
GAGTACTTCCAACTCTGGGT_003,177
GAGTACTTCCAACTCTGGGT_004,20
GAGTACTTCCAACTCTGGGT_005,108
GAGTACTTCCAACTCTGGGT_006,102
GAGTACTTCCAACTCTGGGT_007,158
GAGTACTTCCAACTCTGGGT_008,32
GAGTACTTCCAACTCTGGGT_009,63
ACTATAGGCTCGAAAACACA_001,41
ACTATAGGCTCGAAAACACA_002,62
GTGCCGTAATTTCAGGTACG_001,194
GTGCCGTAATTTCAGGTACG_002,196
GTGCCGTAATTTCAGGTACG_003,2
GTGCCGTAATTTCAGGTACG_004,43
GTGCCGTAATTTCAGGTACG_005,78
GTGCCGTAATTTCAGGTACG_006,132
GTGCCGTAATTTCAGGTACG_007,32
GTGTTATTAATAAAGTCACC_001,135
CTCCACAGAGTAGACGACTT_001,15
CTCCACAGAGTAGACGACTT_002,92
CTCCACAGAGTAGACGACTT_003,186
CTCCACAGAGTAGACGACTT_004,4
CTCCACAGAGTAGACGACTT_005,184
CTCCACAGAGTAGACGACTT_006,68
CTCCACAGAGTAGACGACTT_007,78
CAAGTACTTCCCTTACCTCG_001,34
CAAGTACTTCCCTTACCTCG_002,1
CAAGTACTTCCCTTACCTCG_003,144
CAAGTACTTCCCTTACCTCG_004,56
CAAGTACTTCCCTTACCTCG_005,128
CAAGTACTTCCCTTACCTCG_006,128
CAAGTACTTCCCTTACCTCG_007,70
CAAGTACTTCCCTTACCTCG_008,138
TCGGGCTGACATAATCCAGG_001,172
GAACAGCCTCCAGACGAGGG_001,107
GAACAGCCTCCAGACGAGGG_002,156
GAACAGCCTCCAGACGAGGG_003,28
GAACAGCCTCCAGACGAGGG_004,44
GAACAGCCTCCAGACGAGGG_005,20
GAACAGCCTCCAGACGAGGG_006,90
GAACAGCCTCCAGACGAGGG_007,58
GAACAGCCTCCAGACGAGGG_008,117
GAACAGCCTCCAGACGAGGG_009,121
GAACAGCCTCCAGACGAGGG_010,19
GAACAGCCTCCAGACGAGGG_011,124
TCAGGACCGGGTTGACCACG_001,31
TCAGGACCGGGTTGACCACG_002,91
TCAGGACCGGGTTGACCACG_003,2
TCAGGACCGGGTTGACCACG_004,130
TCAGGACCGGGTTGACCACG_005,42
TCAGGACCGGGTTGACCACG_006,196
TCAGGACCGGGTTGACCACG_007,36
TCAGGACCGGGTTGACCACG_008,128
TCAGGACCGGGTTGACCACG_009,96
TCAGGACCGGGTTGACCACG_010,64
CTTCTACAACGAGCTGCGCG_001,170
GCTGAACCACGGGCAATGGG_001,131
GCTGAACCACGGGCAATGGG_002,73
GCTGAACCACGGGCAATGGG_003,141
GCTGAACCACGGGCAATGGG_004,157
GCTGAACCACGGGCAATGGG_005,163
GCTGAACCACGGGCAATGGG_006,17
GCTGAACCACGGGCAATGGG_007,22
GCTGAACCACGGGCAATGGG_008,177
GCTGAACCACGGGCAATGGG_009,162
GCTGAACCACGGGCAATGGG_010,136
AGACGATGGGAAGATAACGC_001,132
GTCCTCATCACTCATCTCCG_001,52
GTCCTCATCACTCATCTCCG_002,70
GTCCTCATCACTCATCTCCG_003,159
GTCCTCATCACTCATCTCCG_004,66
GTCCTCATCACTCATCTCCG_005,174
GTCCTCATCACTCATCTCCG_006,26
GTCCTCATCACTCATCTCCG_007,180
CCCCTGCTTCAACAACGTGG_001,29
CCCCTGCTTCAACAACGTGG_002,111
CCCCTGCTTCAACAACGTGG_003,118
CCCCTGCTTCAACAACGTGG_004,93
CCCCTGCTTCAACAACGTGG_005,69
CCCCTGCTTCAACAACGTGG_006,181
CCCCTGCTTCAACAACGTGG_007,8
CCCCTGCTTCAACAACGTGG_008,10
CCCCTGCTTCAACAACGTGG_009,116
CCCCTGCTTCAACAACGTGG_010,42
CCCCTGCTTCAACAACGTGG_011,46
CCCCTGCTTCAACAACGTGG_012,0
TGCTCTTCAGGATCCAAATG_001,184
TGCTCTTCAGGATCCAAATG_002,29
TGCTCTTCAGGATCCAAATG_003,141
TGCTCTTCAGGATCCAAATG_004,70
TGCTCTTCAGGATCCAAATG_005,0
TGCTCTTCAGGATCCAAATG_006,191
GTGATAGCACTAGCACCTGT_001,27
GTGATAGCACTAGCACCTGT_002,63
GTGATAGCACTAGCACCTGT_003,159
GTGATAGCACTAGCACCTGT_004,69
CCTGGACAGTGTCGTATCCG_001,145
CCTGGACAGTGTCGTATCCG_002,185
CCTGGACAGTGTCGTATCCG_003,135
CCTGGACAGTGTCGTATCCG_004,180
AGGCTGTTAAACGGTATCGG_001,137
AGGCTGTTAAACGGTATCGG_002,188
AGGCTGTTAAACGGTATCGG_003,157
AGGCTGTTAAACGGTATCGG_004,91
AGGCTGTTAAACGGTATCGG_005,13
AGGCTGTTAAACGGTATCGG_006,13
AGGCTGTTAAACGGTATCGG_007,15
AGGCTGTTAAACGGTATCGG_008,84
GCAGTAACAACCGTATCTTC_001,102
CACTAGAAGTGGGACCAAGT_001,31
CACTAGAAGTGGGACCAAGT_002,199
CACTAGAAGTGGGACCAAGT_003,48
CTTGGAAATAGGGTTTACAC_001,170
CTTGGAAATAGGGTTTACAC_002,44
CTTGGAAATAGGGTTTACAC_003,144
CTTGGAAATAGGGTTTACAC_004,80
GCGGTGGACGTGTAGTGCGG_001,106
GCGGTGGACGTGTAGTGCGG_002,12
GCGGTGGACGTGTAGTGCGG_003,147
GCGGTGGACGTGTAGTGCGG_004,168
GCGGTGGACGTGTAGTGCGG_005,114
GCGGTGGACGTGTAGTGCGG_006,48
GCGGTGGACGTGTAGTGCGG_007,18
GCGGTGGACGTGTAGTGCGG_008,188
GCGGTGGACGTGTAGTGCGG_009,26
GCGGTGGACGTGTAGTGCGG_010,61
GCGGTGGACGTGTAGTGCGG_011,5
GCGGTGGACGTGTAGTGCGG_012,141
GCGGTGGACGTGTAGTGCGG_013,192
GCGGTGGACGTGTAGTGCGG_014,35
GCGGTGGACGTGTAGTGCGG_015,115
GCGGTGGACGTGTAGTGCGG_016,98
GCGGTGGACGTGTAGTGCGG_017,184
GCGGTGGACGTGTAGTGCGG_018,197
GCGGTGGACGTGTAGTGCGG_019,150
GCGGTGGACGTGTAGTGCGG_020,81
GCGGTGGACGTGTAGTGCGG_021,9
GCGGTGGACGTGTAGTGCGG_022,186
GCGGTGGACGTGTAGTGCGG_023,189
GCGGTGGACGTGTAGTGCGG_024,88
GCGGTGGACGTGTAGTGCGG_025,1
GCGGTGGACGTGTAGTGCGG_026,175
GCGGTGGACGTGTAGTGCGG_027,77
GCGGTGGACGTGTAGTGCGG_028,152
GCGGTGGACGTGTAGTGCGG_029,144
GCGGTGGACGTGTAGTGCGG_030,152
GCGGTGGACGTGTAGTGCGG_031,18
GCGGTGGACGTGTAGTGCGG_032,82
GAGTACAGAGAGGTTCTGAG_001,38
GAGTACAGAGAGGTTCTGAG_002,175
GAGTACAGAGAGGTTCTGAG_003,157
GAGTACAGAGAGGTTCTGAG_004,80
GAGTACAGAGAGGTTCTGAG_005,50
GAGTACAGAGAGGTTCTGAG_006,2
GAGTACAGAGAGGTTCTGAG_007,163
GAGTACAGAGAGGTTCTGAG_008,40
GAGTACAGAGAGGTTCTGAG_009,170
GAGTACAGAGAGGTTCTGAG_010,175
GAGTACAGAGAGGTTCTGAG_011,184
GAGTACAGAGAGGTTCTGAG_012,170
GAGTACAGAGAGGTTCTGAG_013,199
GAGTACAGAGAGGTTCTGAG_014,5
GAGTACAGAGAGGTTCTGAG_015,160
GACTGAGGGGACCTACCGTG_001,127
GACTGAGGGGACCTACCGTG_002,9
GACTGAGGGGACCTACCGTG_003,29
GACTGAGGGGACCTACCGTG_004,180
GACTGAGGGGACCTACCGTG_005,105
GACTGAGGGGACCTACCGTG_006,127
GACTGAGGGGACCTACCGTG_007,127
GACTGAGGGGACCTACCGTG_008,42
GACTGAGGGGACCTACCGTG_009,128
GACTGAGGGGACCTACCGTG_010,115
GACTGAGGGGACCTACCGTG_011,184
GACTGAGGGGACCTACCGTG_012,126
GACTGAGGGGACCTACCGTG_013,64
GACTGAGGGGACCTACCGTG_014,48
GACTGAGGGGACCTACCGTG_015,70
GCTGCTTGCCTTGCACGCGA_001,15
GCTGCTTGCCTTGCACGCGA_002,182
GCTGCTTGCCTTGCACGCGA_003,86
GCTGCTTGCCTTGCACGCGA_004,193
GCTGCTTGCCTTGCACGCGA_005,4
GCTGCTTGCCTTGCACGCGA_006,120
GCTGCTTGCCTTGCACGCGA_007,190
GCTGCTTGCCTTGCACGCGA_008,150
GCTGCTTGCCTTGCACGCGA_009,26
GCTGCTTGCCTTGCACGCGA_010,14
GCTGCTTGCCTTGCACGCGA_011,121
GCTGCTTGCCTTGCACGCGA_012,121
GCTGCTTGCCTTGCACGCGA_013,78
GCTGCTTGCCTTGCACGCGA_014,138
GCTGCTTGCCTTGCACGCGA_015,4
GCTGCTTGCCTTGCACGCGA_016,27
GCTGCTTGCCTTGCACGCGA_017,152
GCTGCTTGCCTTGCACGCGA_018,52
GCTGCTTGCCTTGCACGCGA_019,46
GGAATGCCATGATCAATCGG_001,150
GGAATGCCATGATCAATCGG_002,115
GGAATGCCATGATCAATCGG_003,29
GGAATGCCATGATCAATCGG_004,86
GGAATGCCATGATCAATCGG_005,133
GGAATGCCATGATCAATCGG_006,159
GGAGTTCAAAAACTGCTGAC_001,160
GGAGTTCAAAAACTGCTGAC_002,77
GGAGTTCAAAAACTGCTGAC_003,158
GGAGTTCAAAAACTGCTGAC_004,158
GGAGTTCAAAAACTGCTGAC_005,106
GGAGTTCAAAAACTGCTGAC_006,137
GGAGTTCAAAAACTGCTGAC_007,168
GGAGTTCAAAAACTGCTGAC_008,106
GGAGTTCAAAAACTGCTGAC_009,4
GGAGTTCAAAAACTGCTGAC_010,161
GATACTGTCATAGTAGTACC_001,32
GATACTGTCATAGTAGTACC_002,54
AGACATACCTCAGAGCCCCA_001,172
AGACATACCTCAGAGCCCCA_002,88
AGACATACCTCAGAGCCCCA_003,175
AGACATACCTCAGAGCCCCA_004,78
AGACATACCTCAGAGCCCCA_005,197
AGACATACCTCAGAGCCCCA_006,7
AGACATACCTCAGAGCCCCA_007,185
AGACATACCTCAGAGCCCCA_008,68
AGACATACCTCAGAGCCCCA_009,179
AGACATACCTCAGAGCCCCA_010,165
AAGAAAAAGCTGTAAAAGGA_001,8
AAGAAAAAGCTGTAAAAGGA_002,130
AAGAAAAAGCTGTAAAAGGA_003,168
AAGAAAAAGCTGTAAAAGGA_004,30
AAGAAAAAGCTGTAAAAGGA_005,169
AAGAAAAAGCTGTAAAAGGA_006,1
AAGAAAAAGCTGTAAAAGGA_007,76
AAGAAAAAGCTGTAAAAGGA_008,145
AAGAAAAAGCTGTAAAAGGA_009,108
AAGAAAAAGCTGTAAAAGGA_010,161
AAGAAAAAGCTGTAAAAGGA_011,140
AAGAAAAAGCTGTAAAAGGA_012,63
AAGAAAAAGCTGTAAAAGGA_013,103
AAGAAAAAGCTGTAAAAGGA_014,81
GACCAGCTGTACCCACTGAT_001,0
GACCAGCTGTACCCACTGAT_002,119
GACCAGCTGTACCCACTGAT_003,80
GACCAGCTGTACCCACTGAT_004,166
GACCAGCTGTACCCACTGAT_005,199
GACCAGCTGTACCCACTGAT_006,161
GACCAGCTGTACCCACTGAT_007,84
GACTGGAGTTGAAACGACTG_001,77
GACTGGAGTTGAAACGACTG_002,162
GACTGGAGTTGAAACGACTG_003,65
GACTGGAGTTGAAACGACTG_004,137
GACTGGAGTTGAAACGACTG_005,57
GACTGGAGTTGAAACGACTG_006,32
GACTGGAGTTGAAACGACTG_007,57
GACTGGAGTTGAAACGACTG_008,15
GACTGGAGTTGAAACGACTG_009,98
GACTGGAGTTGAAACGACTG_010,188
GACTGGAGTTGAAACGACTG_011,189
GACTGGAGTTGAAACGACTG_012,171
GACTGGAGTTGAAACGACTG_013,26
GACTGGAGTTGAAACGACTG_014,20
GACTGGAGTTGAAACGACTG_015,191
CGTCCATGGGAAACCTTCGG_001,128
CGTCCATGGGAAACCTTCGG_002,51
CGTCCATGGGAAACCTTCGG_003,189
CGTCCATGGGAAACCTTCGG_004,189
CGTCCATGGGAAACCTTCGG_005,189
CGTCCATGGGAAACCTTCGG_006,82
CGTCCATGGGAAACCTTCGG_007,77
CGTCCATGGGAAACCTTCGG_008,8
CGTCCATGGGAAACCTTCGG_009,8
CGTCCATGGGAAACCTTCGG_010,182
CGTCCATGGGAAACCTTCGG_011,133
CGTCCATGGGAAACCTTCGG_012,77
CGTCCATGGGAAACCTTCGG_013,196
CGTCCATGGGAAACCTTCGG_014,108
CGTCCATGGGAAACCTTCGG_015,95
CGTCCATGGGAAACCTTCGG_016,160
CGTCCATGGGAAACCTTCGG_017,162
CGTCCATGGGAAACCTTCGG_018,157
CGTCCATGGGAAACCTTCGG_019,7
CGTCCATGGGAAACCTTCGG_020,13
CGTCCATGGGAAACCTTCGG_021,6
CGTCCATGGGAAACCTTCGG_022,172
CTCACTGTTGCCCACCCCCG_001,162
CTCACTGTTGCCCACCCCCG_002,147
CTCACTGTTGCCCACCCCCG_003,191
TTAATTGAAGATTCATGATG_001,150
TTAATTGAAGATTCATGATG_002,94
TTAATTGAAGATTCATGATG_003,149
TTAATTGAAGATTCATGATG_004,59
TTAATTGAAGATTCATGATG_005,147
TTAATTGAAGATTCATGATG_006,144
TTAATTGAAGATTCATGATG_007,66
GTAGGTGAGTTCACAAGAGA_001,156
GTAGGTGAGTTCACAAGAGA_002,117
GTAGGTGAGTTCACAAGAGA_003,96
GTAGGTGAGTTCACAAGAGA_004,127
GTAGGTGAGTTCACAAGAGA_005,148
GTAGGTGAGTTCACAAGAGA_006,74
GTAGGTGAGTTCACAAGAGA_007,85
AGGAAGTAAAGACGGGTGTG_001,58
AGGAAGTAAAGACGGGTGTG_002,152
AGGAAGTAAAGACGGGTGTG_003,198
AGGAAGTAAAGACGGGTGTG_004,132
AGGAAGTAAAGACGGGTGTG_005,62
AGGAAGTAAAGACGGGTGTG_006,67
AGGAAGTAAAGACGGGTGTG_007,175
AGGAAGTAAAGACGGGTGTG_008,134
AGGAAGTAAAGACGGGTGTG_009,193
AGGAAGTAAAGACGGGTGTG_010,194
AGGAAGTAAAGACGGGTGTG_011,14
AGGAAGTAAAGACGGGTGTG_012,188
AGGAAGTAAAGACGGGTGTG_013,81
AGGAAGTAAAGACGGGTGTG_014,155
AGGAAGTAAAGACGGGTGTG_015,144
AGGAAGTAAAGACGGGTGTG_016,150
AGGAAGTAAAGACGGGTGTG_017,106
CGTCTGCAACAAGTTCACGA_001,182
CGTCTGCAACAAGTTCACGA_002,126
CGTCTGCAACAAGTTCACGA_003,42
CGTCTGCAACAAGTTCACGA_004,62
CGTCTGCAACAAGTTCACGA_005,139
CGTCTGCAACAAGTTCACGA_006,17
CGTCTGCAACAAGTTCACGA_007,25
CGTCTGCAACAAGTTCACGA_008,158
CGTCTGCAACAAGTTCACGA_009,113
ACCTTGGACATAAAAGCTCT_001,121
ACCTTGGACATAAAAGCTCT_002,88
ACCTTGGACATAAAAGCTCT_003,147
ACCTTGGACATAAAAGCTCT_004,110
ACCTTGGACATAAAAGCTCT_005,74
ACCTTGGACATAAAAGCTCT_006,137
ACCTTGGACATAAAAGCTCT_007,123
ACCTTGGACATAAAAGCTCT_008,145
ACCTTGGACATAAAAGCTCT_009,38
ACCTTGGACATAAAAGCTCT_010,29
ACCTTGGACATAAAAGCTCT_011,177
ACCTTGGACATAAAAGCTCT_012,129
ACCTTGGACATAAAAGCTCT_013,198
ACCTTGGACATAAAAGCTCT_014,19
AAGGGAGGCTGTGGTTCTTG_001,107
AAGGGAGGCTGTGGTTCTTG_002,157
TCGTGGAATTGATCCGCAAG_001,19
TCGTGGAATTGATCCGCAAG_002,94
TCGTGGAATTGATCCGCAAG_003,70
TCGTGGAATTGATCCGCAAG_004,10
TCGTGGAATTGATCCGCAAG_005,130
TCGTGGAATTGATCCGCAAG_006,190
TCGTGGAATTGATCCGCAAG_007,4
TCGTGGAATTGATCCGCAAG_008,77
TCGTGGAATTGATCCGCAAG_009,139
TCGTGGAATTGATCCGCAAG_010,58
TCGTGGAATTGATCCGCAAG_011,146
TCGTGGAATTGATCCGCAAG_012,156
TCGTGGAATTGATCCGCAAG_013,172
TCGTGGAATTGATCCGCAAG_014,28
CGGCTTGGAGGGGTACGCCT_001,70
CGGCTTGGAGGGGTACGCCT_002,147
CGGCTTGGAGGGGTACGCCT_003,104
CGGCTTGGAGGGGTACGCCT_004,58
CGGCTTGGAGGGGTACGCCT_005,88
CGGCTTGGAGGGGTACGCCT_006,70
CGGCTTGGAGGGGTACGCCT_007,168
CGGCTTGGAGGGGTACGCCT_008,41
CCTACTCCCGTGTGTTATCC_001,27
CCTACTCCCGTGTGTTATCC_002,191
CCTACTCCCGTGTGTTATCC_003,17
CCTACTCCCGTGTGTTATCC_004,113
CCTACTCCCGTGTGTTATCC_005,145
CCTACTCCCGTGTGTTATCC_006,188
CCTACTCCCGTGTGTTATCC_007,188
CCTACTCCCGTGTGTTATCC_008,41
CCTACTCCCGTGTGTTATCC_009,119
CCTACTCCCGTGTGTTATCC_010,84
CCTACTCCCGTGTGTTATCC_011,101
CCTACTCCCGTGTGTTATCC_012,2
CCTACTCCCGTGTGTTATCC_013,124
CCTACTCCCGTGTGTTATCC_014,17
GCATTAGAATAATTCGTGAA_001,138
TTCATCGCGTAGACTGTCCA_001,151
TTCATCGCGTAGACTGTCCA_002,50
TTCATCGCGTAGACTGTCCA_003,78
TTCATCGCGTAGACTGTCCA_004,153
TTCATCGCGTAGACTGTCCA_005,75
TTCATCGCGTAGACTGTCCA_006,173
TTCATCGCGTAGACTGTCCA_007,173
TTCATCGCGTAGACTGTCCA_008,50
TTCATCGCGTAGACTGTCCA_009,76
TTCATCGCGTAGACTGTCCA_010,122
TTCATCGCGTAGACTGTCCA_011,107
TTCATCGCGTAGACTGTCCA_012,103
TTCATCGCGTAGACTGTCCA_013,157
TTCATCGCGTAGACTGTCCA_014,166
AGAAGATCCTAACAGTGCAA_001,81
AGAAGATCCTAACAGTGCAA_002,43
AGAAGATCCTAACAGTGCAA_003,2
AGAAGATCCTAACAGTGCAA_004,59
AGAAGATCCTAACAGTGCAA_005,50
AGAAGATCCTAACAGTGCAA_006,127
AGAAGATCCTAACAGTGCAA_007,130
AGAAGATCCTAACAGTGCAA_008,108
AGAAGATCCTAACAGTGCAA_009,130
AGAAGATCCTAACAGTGCAA_010,152
AGAAGATCCTAACAGTGCAA_011,184
AGAAGATCCTAACAGTGCAA_012,147
AGAAGATCCTAACAGTGCAA_013,160
GAACTTCGAATGCAGCAGAA_001,198
GAACTTCGAATGCAGCAGAA_002,87
GAACTTCGAATGCAGCAGAA_003,199
GAACTTCGAATGCAGCAGAA_004,185
GAACTTCGAATGCAGCAGAA_005,5
GAACTTCGAATGCAGCAGAA_006,50
GAACTTCGAATGCAGCAGAA_007,105
GAACTTCGAATGCAGCAGAA_008,43
GAACTTCGAATGCAGCAGAA_009,153
GAACTTCGAATGCAGCAGAA_010,142
GAACTTCGAATGCAGCAGAA_011,149
CAAGATCACCGTGACATCCG_001,177
ATCACCCTAATTGTCGACGG_001,160
ATCACCCTAATTGTCGACGG_002,41
ATCACCCTAATTGTCGACGG_003,199
GGGGTGCTGTGGCTCTTGTG_001,198
GGGGTGCTGTGGCTCTTGTG_002,144
GGGGTGCTGTGGCTCTTGTG_003,70
GGGGTGCTGTGGCTCTTGTG_004,176
GGGGTGCTGTGGCTCTTGTG_005,75
GGGGTGCTGTGGCTCTTGTG_006,177
GGGGTGCTGTGGCTCTTGTG_007,64
GGGGTGCTGTGGCTCTTGTG_008,103
GGGGTGCTGTGGCTCTTGTG_009,83
GGGGTGCTGTGGCTCTTGTG_010,17
GGGGTGCTGTGGCTCTTGTG_011,144
GGGGTGCTGTGGCTCTTGTG_012,78
GGGGTGCTGTGGCTCTTGTG_013,74
GCTTATCATAGTGACCATCA_001,50
GCTTATCATAGTGACCATCA_002,187
GCTTATCATAGTGACCATCA_003,103
ATCACCACTCAAAGTCCCAA_001,50
ATCACCACTCAAAGTCCCAA_002,15
ATCACCACTCAAAGTCCCAA_003,41
ATCACCACTCAAAGTCCCAA_004,68
ATCACCACTCAAAGTCCCAA_005,102
ATCACCACTCAAAGTCCCAA_006,58
ATCACCACTCAAAGTCCCAA_007,78
ATCACCACTCAAAGTCCCAA_008,61
ATCACCACTCAAAGTCCCAA_009,5
ATCACCACTCAAAGTCCCAA_010,153
ATCACCACTCAAAGTCCCAA_011,180
TAACGAACGAGCCATGCGCA_001,171
TAACGAACGAGCCATGCGCA_002,117
TAACGAACGAGCCATGCGCA_003,77
TAACGAACGAGCCATGCGCA_004,77
TAACGAACGAGCCATGCGCA_005,105
TAACGAACGAGCCATGCGCA_006,111
TAACGAACGAGCCATGCGCA_007,26
TAACGAACGAGCCATGCGCA_008,72
TAACGAACGAGCCATGCGCA_009,170
TAACGAACGAGCCATGCGCA_010,145
TAACGAACGAGCCATGCGCA_011,19
TAACGAACGAGCCATGCGCA_012,187
TAACGAACGAGCCATGCGCA_013,77
TAACGAACGAGCCATGCGCA_014,3
TAACGAACGAGCCATGCGCA_015,34
TAACGAACGAGCCATGCGCA_016,13
TAACGAACGAGCCATGCGCA_017,90
TAACGAACGAGCCATGCGCA_018,166
TAACGAACGAGCCATGCGCA_019,72
TAACGAACGAGCCATGCGCA_020,161
TAACGAACGAGCCATGCGCA_021,6
TAACGAACGAGCCATGCGCA_022,66
TAACGAACGAGCCATGCGCA_023,160
TAACGAACGAGCCATGCGCA_024,158
GGAATGCCATCACCGGATAG_001,155
GGAATGCCATCACCGGATAG_002,119
GGAATGCCATCACCGGATAG_003,113
GGAATGCCATCACCGGATAG_004,28
CCCGGACACCGACTCCACTC_001,58
CCCGGACACCGACTCCACTC_002,75
CCCGGACACCGACTCCACTC_003,72
CCCGGACACCGACTCCACTC_004,76
CCCGGACACCGACTCCACTC_005,198
CCCGGACACCGACTCCACTC_006,49
CCCGGACACCGACTCCACTC_007,134
CCCGGACACCGACTCCACTC_008,27
CCCGGACACCGACTCCACTC_009,185
CCCGGACACCGACTCCACTC_010,37
CCCGGACACCGACTCCACTC_011,63
GCGTATACCTCAGCCCAACC_001,27
GCGTATACCTCAGCCCAACC_002,62
GCGTATACCTCAGCCCAACC_003,88
GGAATGGGACCACCTCAGGG_001,130
GGAATGGGACCACCTCAGGG_002,125
GGAATGGGACCACCTCAGGG_003,196
GGAATGGGACCACCTCAGGG_004,121
GGAATGGGACCACCTCAGGG_005,32
GGAATGGGACCACCTCAGGG_006,52
GGAATGGGACCACCTCAGGG_007,96
TGCTCCTCGCTCACTACCCG_001,7
TGCTCCTCGCTCACTACCCG_002,146
TGCTCCTCGCTCACTACCCG_003,41
TGCTCCTCGCTCACTACCCG_004,131
TGCTCCTCGCTCACTACCCG_005,67
TGCTCCTCGCTCACTACCCG_006,24
TGCTCCTCGCTCACTACCCG_007,77
TGCTCCTCGCTCACTACCCG_008,49
TGCTCCTCGCTCACTACCCG_009,165
TGCTCCTCGCTCACTACCCG_010,8
GGACGTATCATCAAAGTTGG_001,198
GGACGTATCATCAAAGTTGG_002,29
GGACGTATCATCAAAGTTGG_003,70
GGACGTATCATCAAAGTTGG_004,185
GGACGTATCATCAAAGTTGG_005,52
GGACGTATCATCAAAGTTGG_006,152
GGACGTATCATCAAAGTTGG_007,103
TGCAGGTGTGCATGACAGCA_001,121
TGCAGGTGTGCATGACAGCA_002,111
TGCAGGTGTGCATGACAGCA_003,58
TGCAGGTGTGCATGACAGCA_004,76
TGCAGGTGTGCATGACAGCA_005,118
TGCAGGTGTGCATGACAGCA_006,94
TGCAGGTGTGCATGACAGCA_007,1
AGATTTGCACTCGGAGCAAG_001,62
AGATTTGCACTCGGAGCAAG_002,2
AGATTTGCACTCGGAGCAAG_003,40
AGATTTGCACTCGGAGCAAG_004,199
AGATTTGCACTCGGAGCAAG_005,105
AGATTTGCACTCGGAGCAAG_006,144
AGATTTGCACTCGGAGCAAG_007,144
AGATTTGCACTCGGAGCAAG_008,124
AGATTTGCACTCGGAGCAAG_009,165
CACCGACCAGAACATGCCAG_001,132
CACCGACCAGAACATGCCAG_002,178
CACCGACCAGAACATGCCAG_003,142
CACCGACCAGAACATGCCAG_004,0
GAAGCGGCTGTCAAAAGGGG_001,88
GAAGCGGCTGTCAAAAGGGG_002,49
GAAGCGGCTGTCAAAAGGGG_003,172
GAAGCGGCTGTCAAAAGGGG_004,49
GAAGCGGCTGTCAAAAGGGG_005,185
GAAGCGGCTGTCAAAAGGGG_006,70
GAAGCGGCTGTCAAAAGGGG_007,199
GAAGCGGCTGTCAAAAGGGG_008,154
GAAGCGGCTGTCAAAAGGGG_009,199
GAAGCGGCTGTCAAAAGGGG_010,15
GAAGCGGCTGTCAAAAGGGG_011,132
GAAGCGGCTGTCAAAAGGGG_012,5
TACACTCAGGCAGTAGAACA_001,127
TACACTCAGGCAGTAGAACA_002,15
TACACTCAGGCAGTAGAACA_003,112
TACACTCAGGCAGTAGAACA_004,175
TACACTCAGGCAGTAGAACA_005,116
TACACTCAGGCAGTAGAACA_006,126
TACACTCAGGCAGTAGAACA_007,124
CCCACAAGGGAACAGCACAT_001,144
CCCACAAGGGAACAGCACAT_002,124
CCCACAAGGGAACAGCACAT_003,6
CCCACAAGGGAACAGCACAT_004,80
CCCACAAGGGAACAGCACAT_005,141
CCCACAAGGGAACAGCACAT_006,188
CCCACAAGGGAACAGCACAT_007,35
CCCACAAGGGAACAGCACAT_008,192
CCCACAAGGGAACAGCACAT_009,41
CCCACAAGGGAACAGCACAT_010,120
CCCACAAGGGAACAGCACAT_011,41
CCCACAAGGGAACAGCACAT_012,127
TCACCGTCACCACCACCGAG_001,19
TCACCGTCACCACCACCGAG_002,19
TCACCGTCACCACCACCGAG_003,83
TCACCGTCACCACCACCGAG_004,2
TCACCGTCACCACCACCGAG_005,112
TCACCGTCACCACCACCGAG_006,176
TCACCGTCACCACCACCGAG_007,177
TCACCGTCACCACCACCGAG_008,40
TCACCGTCACCACCACCGAG_009,142
TCACCGTCACCACCACCGAG_010,193
TCACCGTCACCACCACCGAG_011,84
TCACCGTCACCACCACCGAG_012,19
TCACCGTCACCACCACCGAG_013,48
TCACCGTCACCACCACCGAG_014,16
TCACCGTCACCACCACCGAG_015,175
TCACCGTCACCACCACCGAG_016,99
TCACCGTCACCACCACCGAG_017,168
TCACCGTCACCACCACCGAG_018,188
TCACCGTCACCACCACCGAG_019,0
TCACCGTCACCACCACCGAG_020,2
TCACCGTCACCACCACCGAG_021,121
TCACCGTCACCACCACCGAG_022,130
TCACCGTCACCACCACCGAG_023,9
TCACCGTCACCACCACCGAG_024,46
TCACCGTCACCACCACCGAG_025,135
TCACCGTCACCACCACCGAG_026,88
TCACCGTCACCACCACCGAG_027,88
TCACCGTCACCACCACCGAG_028,9
TCACCGTCACCACCACCGAG_029,115
TCACCGTCACCACCACCGAG_030,19
TCACCGTCACCACCACCGAG_031,40
TCACCGTCACCACCACCGAG_032,158
TCACCGTCACCACCACCGAG_033,89
TCACCGTCACCACCACCGAG_034,197
TCACCGTCACCACCACCGAG_035,46
TCACCGTCACCACCACCGAG_036,149
TCACCGTCACCACCACCGAG_037,135
TCACCGTCACCACCACCGAG_038,168
TCACCGTCACCACCACCGAG_039,142
TCACCGTCACCACCACCGAG_040,180
TCACCGTCACCACCACCGAG_041,150
TCACCGTCACCACCACCGAG_042,169
TCACCGTCACCACCACCGAG_043,137
TCACCGTCACCACCACCGAG_044,124
TCACCGTCACCACCACCGAG_045,88
TCACCGTCACCACCACCGAG_046,96
TCACCGTCACCACCACCGAG_047,81
TCACCGTCACCACCACCGAG_048,52
TCACCGTCACCACCACCGAG_049,10
TCACCGTCACCACCACCGAG_050,84
TCACCGTCACCACCACCGAG_051,13
TCACCGTCACCACCACCGAG_052,108
TCACCGTCACCACCACCGAG_053,95
TCACCGTCACCACCACCGAG_054,153
TCGCGCATCTCATCTCCGCG_001,119
TCGCGCATCTCATCTCCGCG_002,32
TCGCGCATCTCATCTCCGCG_003,119
CAAGACCAAGATTCCCCACA_001,27
CAAGACCAAGATTCCCCACA_002,168
CAAGACCAAGATTCCCCACA_003,198
CAAGACCAAGATTCCCCACA_004,57
CAAGACCAAGATTCCCCACA_005,50
CAAGACCAAGATTCCCCACA_006,146
CAAGACCAAGATTCCCCACA_007,150
CAAGACCAAGATTCCCCACA_008,108
CAAGACCAAGATTCCCCACA_009,150
CTCTGTGCAGAGCCCAAGGA_001,137
CTCTGTGCAGAGCCCAAGGA_002,172
CTCTGTGCAGAGCCCAAGGA_003,122
CTCTGTGCAGAGCCCAAGGA_004,159
CTCTGTGCAGAGCCCAAGGA_005,11
CTCTGTGCAGAGCCCAAGGA_006,128
CTCTGTGCAGAGCCCAAGGA_007,83
CTCTGTGCAGAGCCCAAGGA_008,58
CTCTGTGCAGAGCCCAAGGA_009,42
CTCTGTGCAGAGCCCAAGGA_010,169
CTCTGTGCAGAGCCCAAGGA_011,16
CTCTGTGCAGAGCCCAAGGA_012,176
CTCTGTGCAGAGCCCAAGGA_013,113
CTCTGTGCAGAGCCCAAGGA_014,27
CTCTGTGCAGAGCCCAAGGA_015,109
TTCTAAATCATCCTCTGAAG_001,180
TTCTAAATCATCCTCTGAAG_002,155
TTCTAAATCATCCTCTGAAG_003,161
CATCATAGGCTAAATAACAT_001,70
CATCATAGGCTAAATAACAT_002,150
CATCATAGGCTAAATAACAT_003,50
CATCATAGGCTAAATAACAT_004,81
CATCATAGGCTAAATAACAT_005,0
TCGGGACGCGGCAAGCAGGG_001,29
TCGGGACGCGGCAAGCAGGG_002,60
TCGGGACGCGGCAAGCAGGG_003,23
TCGGGACGCGGCAAGCAGGG_004,42
TCGGGACGCGGCAAGCAGGG_005,35
AGGCCTCCAGTACCGACAGG_001,60
AGGCCTCCAGTACCGACAGG_002,70
AGGCCTCCAGTACCGACAGG_003,27
AGGCCTCCAGTACCGACAGG_004,130
AGGCCTCCAGTACCGACAGG_005,164
AGGCCTCCAGTACCGACAGG_006,14
CATTCGCAATGGGGACAACG_001,62
CATTCGCAATGGGGACAACG_002,70
CATTCGCAATGGGGACAACG_003,29
CATTCGCAATGGGGACAACG_004,81
CATTCGCAATGGGGACAACG_005,55
CATTCGCAATGGGGACAACG_006,127
CATTCGCAATGGGGACAACG_007,130
CATTCGCAATGGGGACAACG_008,160
CATTCGCAATGGGGACAACG_009,112
CATTCGCAATGGGGACAACG_010,56
CATTCGCAATGGGGACAACG_011,198
CATTCGCAATGGGGACAACG_012,73
CATTCGCAATGGGGACAACG_013,139
CATTCGCAATGGGGACAACG_014,108
CATTCGCAATGGGGACAACG_015,137
CATTCGCAATGGGGACAACG_016,127
CATTCGCAATGGGGACAACG_017,48
CATTCGCAATGGGGACAACG_018,165
CATTCGCAATGGGGACAACG_019,35
CATTCGCAATGGGGACAACG_020,51
CATTCGCAATGGGGACAACG_021,159
CATTCGCAATGGGGACAACG_022,177
CATTCGCAATGGGGACAACG_023,34
CATTCGCAATGGGGACAACG_024,5
CATTCGCAATGGGGACAACG_025,80
CATTCGCAATGGGGACAACG_026,172
CATTCGCAATGGGGACAACG_027,137
CATTCGCAATGGGGACAACG_028,160
CATTCGCAATGGGGACAACG_029,137
CATTCGCAATGGGGACAACG_030,47
CATTCGCAATGGGGACAACG_031,174
CATTCGCAATGGGGACAACG_032,71
AGGATGTGCAACCCTCCAAG_001,77
AGGATGTGCAACCCTCCAAG_002,45
AGGATGTGCAACCCTCCAAG_003,107
AGGATGTGCAACCCTCCAAG_004,34
AGGATGTGCAACCCTCCAAG_005,176
AGGATGTGCAACCCTCCAAG_006,165
AATGCAGATAAGCCAATCAT_001,62
AATGCAGATAAGCCAATCAT_002,116
AATGCAGATAAGCCAATCAT_003,116
AATGCAGATAAGCCAATCAT_004,32
AATGCAGATAAGCCAATCAT_005,175
AATGCAGATAAGCCAATCAT_006,194
AATGCAGATAAGCCAATCAT_007,187
AATGCAGATAAGCCAATCAT_008,43
AATGCAGATAAGCCAATCAT_009,91
AATGCAGATAAGCCAATCAT_010,185
AATGCAGATAAGCCAATCAT_011,146
AATGCAGATAAGCCAATCAT_012,187
AATGCAGATAAGCCAATCAT_013,120
AATGCAGATAAGCCAATCAT_014,158
AATGCAGATAAGCCAATCAT_015,185
AATGCAGATAAGCCAATCAT_016,57
AATGCAGATAAGCCAATCAT_017,4
AATGCAGATAAGCCAATCAT_018,150
AATGCAGATAAGCCAATCAT_019,158
AATGCAGATAAGCCAATCAT_020,64
TGTCACGCAACACCTTGCGG_001,121
TGTCACGCAACACCTTGCGG_002,27
TGTCACGCAACACCTTGCGG_003,157
TGTCACGCAACACCTTGCGG_004,42
TGTCACGCAACACCTTGCGG_005,150
TGTCACGCAACACCTTGCGG_006,175
TGTCACGCAACACCTTGCGG_007,168
TGTCACGCAACACCTTGCGG_008,175
GGCCTGGGGTGGATACAGCG_001,172
GGCCTGGGGTGGATACAGCG_002,130
GGCCTGGGGTGGATACAGCG_003,150
GGCCTGGGGTGGATACAGCG_004,100
GGCCTGGGGTGGATACAGCG_005,56
GGCCTGGGGTGGATACAGCG_006,131
GGCCTGGGGTGGATACAGCG_007,55
GGCCTGGGGTGGATACAGCG_008,25
GGCCTGGGGTGGATACAGCG_009,9
GGCCTGGGGTGGATACAGCG_010,22
GGCCTGGGGTGGATACAGCG_011,58
GGCCTGGGGTGGATACAGCG_012,124
GGCCTGGGGTGGATACAGCG_013,174
GGCCTGGGGTGGATACAGCG_014,82
GGCCTGGGGTGGATACAGCG_015,75
GGCCTGGGGTGGATACAGCG_016,145
GGCCTGGGGTGGATACAGCG_017,81
GGCCTGGGGTGGATACAGCG_018,77
GGCCTGGGGTGGATACAGCG_019,141
GGCCTGGGGTGGATACAGCG_020,174
GGCCTGGGGTGGATACAGCG_021,69
GGCCTGGGGTGGATACAGCG_022,34
GGCCTGGGGTGGATACAGCG_023,166
GGCCTGGGGTGGATACAGCG_024,9
GGCCTGGGGTGGATACAGCG_025,68
GGCCTGGGGTGGATACAGCG_026,106
GGCCTGGGGTGGATACAGCG_027,127
GGCCTGGGGTGGATACAGCG_028,114
GGCCTGGGGTGGATACAGCG_029,70
GGCCTGGGGTGGATACAGCG_030,52
GGCCTGGGGTGGATACAGCG_031,67
GGCCTGGGGTGGATACAGCG_032,102
GGCCTGGGGTGGATACAGCG_033,40
GGCCTGGGGTGGATACAGCG_034,47
GGCCTGGGGTGGATACAGCG_035,119
GGCCTGGGGTGGATACAGCG_036,88
GGCCTGGGGTGGATACAGCG_037,3
GCTCTCCAAAGTGGGAATGT_001,109
GCTCTCCAAAGTGGGAATGT_002,109
GCTCTCCAAAGTGGGAATGT_003,126
TGCCATTGTAAAAGTAAAGG_001,88
TGCCATTGTAAAAGTAAAGG_002,177
TGCCATTGTAAAAGTAAAGG_003,60
AGAAATAAGAGTTTCTTGTG_001,145
AGAAATAAGAGTTTCTTGTG_002,35
AGAAATAAGAGTTTCTTGTG_003,74
AGAAATAAGAGTTTCTTGTG_004,11
AGAAATAAGAGTTTCTTGTG_005,163
AGAAATAAGAGTTTCTTGTG_006,68
GCAGACAAACAGAAATGACA_001,67
GCAGACAAACAGAAATGACA_002,103
GCAGACAAACAGAAATGACA_003,192
GCAGACAAACAGAAATGACA_004,185
GCAGACAAACAGAAATGACA_005,77
GCAGACAAACAGAAATGACA_006,102
GCAGACAAACAGAAATGACA_007,196
GCAGACAAACAGAAATGACA_008,29
GCAGACAAACAGAAATGACA_009,59
GCAGACAAACAGAAATGACA_010,28
GCAGACAAACAGAAATGACA_011,1
GCAGACAAACAGAAATGACA_012,133
TCTGGCTTTCCCGGACGAGG_001,105
TCTGGCTTTCCCGGACGAGG_002,29
TCTGGCTTTCCCGGACGAGG_003,137
TCTGGCTTTCCCGGACGAGG_004,196
TCTGGCTTTCCCGGACGAGG_005,24
TCTGGCTTTCCCGGACGAGG_006,168
TCTGGCTTTCCCGGACGAGG_007,42
TCTGGCTTTCCCGGACGAGG_008,111
TCTGGCTTTCCCGGACGAGG_009,140
TCTGGCTTTCCCGGACGAGG_010,127
TCTGGCTTTCCCGGACGAGG_011,24
TCTGGCTTTCCCGGACGAGG_012,5
TCTGGCTTTCCCGGACGAGG_013,47
TCTGGCTTTCCCGGACGAGG_014,185
TCTGGCTTTCCCGGACGAGG_015,54
TCTGGCTTTCCCGGACGAGG_016,24
TCTGGCTTTCCCGGACGAGG_017,173
TGACCTTGGAGCAAACCCGG_001,168
TGACCTTGGAGCAAACCCGG_002,104
TGACCTTGGAGCAAACCCGG_003,44
TGACCTTGGAGCAAACCCGG_004,124
TGACCTTGGAGCAAACCCGG_005,115
TGACCTTGGAGCAAACCCGG_006,188
TGACCTTGGAGCAAACCCGG_007,16
TGACCTTGGAGCAAACCCGG_008,40
TGACCTTGGAGCAAACCCGG_009,29
TGACCTTGGAGCAAACCCGG_010,62
TGACCTTGGAGCAAACCCGG_011,96
TGACCTTGGAGCAAACCCGG_012,8
TGACCTTGGAGCAAACCCGG_013,144
TGACCTTGGAGCAAACCCGG_014,1
TGACCTTGGAGCAAACCCGG_015,29
TGACCTTGGAGCAAACCCGG_016,27
ACCTACAGACGGAGCCCCGG_001,24
ACCTACAGACGGAGCCCCGG_002,137
ACCTACAGACGGAGCCCCGG_003,140
ACCTACAGACGGAGCCCCGG_004,48
ACCTACAGACGGAGCCCCGG_005,48
ACCTACAGACGGAGCCCCGG_006,68
ACCTACAGACGGAGCCCCGG_007,156
ACCTACAGACGGAGCCCCGG_008,115
ACCTACAGACGGAGCCCCGG_009,51
ACCTACAGACGGAGCCCCGG_010,90
ACCTACAGACGGAGCCCCGG_011,121
ACCTACAGACGGAGCCCCGG_012,7
ACCTACAGACGGAGCCCCGG_013,8
ACCTACAGACGGAGCCCCGG_014,115
ACCTACAGACGGAGCCCCGG_015,173
ACCTACAGACGGAGCCCCGG_016,173
ACCTACAGACGGAGCCCCGG_017,174
ACCTACAGACGGAGCCCCGG_018,12
ACCTACAGACGGAGCCCCGG_019,187
ACCTACAGACGGAGCCCCGG_020,39
ACCTACAGACGGAGCCCCGG_021,188
ACCTACAGACGGAGCCCCGG_022,111
ACCTACAGACGGAGCCCCGG_023,178
ACCTACAGACGGAGCCCCGG_024,161
ACCTACAGACGGAGCCCCGG_025,6
ACCTACAGACGGAGCCCCGG_026,169
ACCTACAGACGGAGCCCCGG_027,6
ACCTACAGACGGAGCCCCGG_028,183
ACCTACAGACGGAGCCCCGG_029,81
ACCTACAGACGGAGCCCCGG_030,157
ACCTACAGACGGAGCCCCGG_031,146
ACCTACAGACGGAGCCCCGG_032,165
ACCTACAGACGGAGCCCCGG_033,153
GAGGCTCGAGTCGGCCACGA_001,57
GAGGCTCGAGTCGGCCACGA_002,2
GAGGCTCGAGTCGGCCACGA_003,50
GAGGCTCGAGTCGGCCACGA_004,94
GAGGCTCGAGTCGGCCACGA_005,37
GAGGCTCGAGTCGGCCACGA_006,19
GAGGCTCGAGTCGGCCACGA_007,19
GAGGCTCGAGTCGGCCACGA_008,58
GAGGCTCGAGTCGGCCACGA_009,158
GAGGCTCGAGTCGGCCACGA_010,146
GAGGCTCGAGTCGGCCACGA_011,54
GAGGCTCGAGTCGGCCACGA_012,148
GAGGCTCGAGTCGGCCACGA_013,38
GAGGCTCGAGTCGGCCACGA_014,45
GAGGCTCGAGTCGGCCACGA_015,15
GAGGCTCGAGTCGGCCACGA_016,104
GAGGCTCGAGTCGGCCACGA_017,104
GAGGCTCGAGTCGGCCACGA_018,172
GAGGCTCGAGTCGGCCACGA_019,99
CTCATGTCCAGCGACAACAA_001,41
CTCATGTCCAGCGACAACAA_002,166
CTCATGTCCAGCGACAACAA_003,103
CTCATGTCCAGCGACAACAA_004,184
CTCATGTCCAGCGACAACAA_005,82
CTCATGTCCAGCGACAACAA_006,7
GAGGACAGCGGAGCATACGG_001,58
GAGGACAGCGGAGCATACGG_002,62
GAGGACAGCGGAGCATACGG_003,18
GAGGACAGCGGAGCATACGG_004,150
GAGGACAGCGGAGCATACGG_005,175
GAGGACAGCGGAGCATACGG_006,61
GAGGACAGCGGAGCATACGG_007,16
GAGGACAGCGGAGCATACGG_008,38
GAGGACAGCGGAGCATACGG_009,147
GAGGACAGCGGAGCATACGG_010,151
GAGGACAGCGGAGCATACGG_011,66
GAGGACAGCGGAGCATACGG_012,111
GAGGACAGCGGAGCATACGG_013,180
GAGGACAGCGGAGCATACGG_014,4
ATGGATGTCACCGACTACAA_001,70
ATGGATGTCACCGACTACAA_002,112
ATGGATGTCACCGACTACAA_003,134
ATGGATGTCACCGACTACAA_004,52
ATGGATGTCACCGACTACAA_005,83
ATGGATGTCACCGACTACAA_006,123
ATGGATGTCACCGACTACAA_007,58
ATGGATGTCACCGACTACAA_008,110
ATGGATGTCACCGACTACAA_009,185
ATGGATGTCACCGACTACAA_010,93
ATGGATGTCACCGACTACAA_011,127
ATGGATGTCACCGACTACAA_012,76
ATGGATGTCACCGACTACAA_013,34
ATGGATGTCACCGACTACAA_014,15
ATGGATGTCACCGACTACAA_015,88
GGACTTTAGTTCCAGTGGTT_001,103
GGACTTTAGTTCCAGTGGTT_002,77
GGACTTTAGTTCCAGTGGTT_003,41
GGACTTTAGTTCCAGTGGTT_004,113
GGACTTTAGTTCCAGTGGTT_005,113
GGACTTTAGTTCCAGTGGTT_006,190
GGACTTTAGTTCCAGTGGTT_007,24
GGACTTTAGTTCCAGTGGTT_008,157
GGACTTTAGTTCCAGTGGTT_009,30
GGACTTTAGTTCCAGTGGTT_010,187
GGACTTTAGTTCCAGTGGTT_011,50
GGACTTTAGTTCCAGTGGTT_012,110
GGACTTTAGTTCCAGTGGTT_013,97
GGACTTTAGTTCCAGTGGTT_014,75
GGACTTTAGTTCCAGTGGTT_015,180
GGACTTTAGTTCCAGTGGTT_016,47
GGACTTTAGTTCCAGTGGTT_017,155
TTCTCCAGGAGGACAGACTG_001,198
TTCTCCAGGAGGACAGACTG_002,147
TTCTCCAGGAGGACAGACTG_003,160
TTCTCCAGGAGGACAGACTG_004,171
TTCTCCAGGAGGACAGACTG_005,150
TTCTCCAGGAGGACAGACTG_006,43
TTCTCCAGGAGGACAGACTG_007,94
TTCTCCAGGAGGACAGACTG_008,159
TTCTCCAGGAGGACAGACTG_009,68
TTCTCCAGGAGGACAGACTG_010,30
TTCTCCAGGAGGACAGACTG_011,117
TTCTCCAGGAGGACAGACTG_012,106
TTCTCCAGGAGGACAGACTG_013,57
TTCTCCAGGAGGACAGACTG_014,72
TTCTCCAGGAGGACAGACTG_015,82
TTCTCCAGGAGGACAGACTG_016,62
TTCTCCAGGAGGACAGACTG_017,102
TTCTCCAGGAGGACAGACTG_018,115
TTCTCCAGGAGGACAGACTG_019,137
TTCTCCAGGAGGACAGACTG_020,86
TTCTCCAGGAGGACAGACTG_021,184
TTCTCCAGGAGGACAGACTG_022,106
TTCTCCAGGAGGACAGACTG_023,78
TTCTCCAGGAGGACAGACTG_024,107
TGAAAGCGAACTTGGCGTTG_001,148
TGAAAGCGAACTTGGCGTTG_002,32
TGAAAGCGAACTTGGCGTTG_003,121
TGAAAGCGAACTTGGCGTTG_004,183
TGAAAGCGAACTTGGCGTTG_005,166
TGAAAGCGAACTTGGCGTTG_006,61
TGAAAGCGAACTTGGCGTTG_007,35
TGAAAGCGAACTTGGCGTTG_008,60
TGAAAGCGAACTTGGCGTTG_009,82
TGAAAGCGAACTTGGCGTTG_010,106
TGGAGGGGATGAGCTTGCAT_001,189
TGGAGGGGATGAGCTTGCAT_002,48
TGGAGGGGATGAGCTTGCAT_003,63
TGGAGGGGATGAGCTTGCAT_004,138
TGGAGGGGATGAGCTTGCAT_005,141
TGGAGGGGATGAGCTTGCAT_006,113
TGGAGGGGATGAGCTTGCAT_007,13
TGGAGGGGATGAGCTTGCAT_008,120
TGGAGGGGATGAGCTTGCAT_009,78
TGGAGGGGATGAGCTTGCAT_010,96
TGGAGGGGATGAGCTTGCAT_011,71
TGGAGGGGATGAGCTTGCAT_012,126
TGGAGGGGATGAGCTTGCAT_013,149
TGGAGGGGATGAGCTTGCAT_014,152
TGGAGGGGATGAGCTTGCAT_015,108
TGGAGGGGATGAGCTTGCAT_016,20
TGGAGGGGATGAGCTTGCAT_017,165
TGGAGGGGATGAGCTTGCAT_018,60
TGGAGGGGATGAGCTTGCAT_019,62
TGGAGGGGATGAGCTTGCAT_020,114
TGGAGGGGATGAGCTTGCAT_021,168
TGGAGGGGATGAGCTTGCAT_022,78
TGGAGGGGATGAGCTTGCAT_023,127
TGGAGGGGATGAGCTTGCAT_024,115
TGGAGGGGATGAGCTTGCAT_025,124
TGGAGGGGATGAGCTTGCAT_026,4
ATGGATTATAGTCACCGAAG_001,98
ATGGATTATAGTCACCGAAG_002,106
ATGGATTATAGTCACCGAAG_003,151
GCTTGCTATATGGGTGCGAG_001,60
GCTTGCTATATGGGTGCGAG_002,67
GCTTGCTATATGGGTGCGAG_003,21
GCTTGCTATATGGGTGCGAG_004,15
GCTTGCTATATGGGTGCGAG_005,70
GCTTGCTATATGGGTGCGAG_006,199
GCTTGCTATATGGGTGCGAG_007,105
GCTTGCTATATGGGTGCGAG_008,188
GCTTGCTATATGGGTGCGAG_009,191
GCTTGCTATATGGGTGCGAG_010,166
GCTTGCTATATGGGTGCGAG_011,35
GCTTGCTATATGGGTGCGAG_012,129
GCTTGCTATATGGGTGCGAG_013,9
GCTTGCTATATGGGTGCGAG_014,77
GCTTGCTATATGGGTGCGAG_015,81
GCTTGCTATATGGGTGCGAG_016,78
GCTTGCTATATGGGTGCGAG_017,126
GCTTGCTATATGGGTGCGAG_018,188
GCTTGCTATATGGGTGCGAG_019,184
GCTTGCTATATGGGTGCGAG_020,138
GCTTGCTATATGGGTGCGAG_021,142
GCTTGCTATATGGGTGCGAG_022,138
GCTTGCTATATGGGTGCGAG_023,160
GCTTGCTATATGGGTGCGAG_024,23
GCTTGCTATATGGGTGCGAG_025,138
GCACCGATTCCCACTCAATG_001,132
GCACCGATTCCCACTCAATG_002,130
GCACCGATTCCCACTCAATG_003,178
GCACCGATTCCCACTCAATG_004,70
GCACCGATTCCCACTCAATG_005,49
GCACCGATTCCCACTCAATG_006,138
GCACCGATTCCCACTCAATG_007,160
GCACCGATTCCCACTCAATG_008,120
GCACCGATTCCCACTCAATG_009,20
GCACCGATTCCCACTCAATG_010,22
GCACCGATTCCCACTCAATG_011,176
CAATTGTAACTGGAGTACCA_001,194
CTGGGTCCACATGATTGACA_001,108
CTGGGTCCACATGATTGACA_002,89
CTGGGTCCACATGATTGACA_003,29
GTTCATGGGCCATGTAACCA_001,199
GTTCATGGGCCATGTAACCA_002,2
GTTCATGGGCCATGTAACCA_003,197
GTTCATGGGCCATGTAACCA_004,40
GTTCATGGGCCATGTAACCA_005,152
GTTCATGGGCCATGTAACCA_006,150
GTTCATGGGCCATGTAACCA_007,62
GTTCATGGGCCATGTAACCA_008,85
GTTCATGGGCCATGTAACCA_009,190
GTTCATGGGCCATGTAACCA_010,190
GTTCATGGGCCATGTAACCA_011,132
GTTCATGGGCCATGTAACCA_012,190
GTTCATGGGCCATGTAACCA_013,169
AAGCGTCAAAAGTCTGCCAG_001,199
AAGCGTCAAAAGTCTGCCAG_002,7
AAGCGTCAAAAGTCTGCCAG_003,148
AAGCGTCAAAAGTCTGCCAG_004,27
AAGCGTCAAAAGTCTGCCAG_005,188
AAGCGTCAAAAGTCTGCCAG_006,39
AAGCGTCAAAAGTCTGCCAG_007,41
AAGCGTCAAAAGTCTGCCAG_008,159
AAGCGTCAAAAGTCTGCCAG_009,85
AAGCGTCAAAAGTCTGCCAG_010,156
AAGCGTCAAAAGTCTGCCAG_011,65
AAGCGTCAAAAGTCTGCCAG_012,13
AAGCGTCAAAAGTCTGCCAG_013,133
AAGCGTCAAAAGTCTGCCAG_014,12
AAGCGTCAAAAGTCTGCCAG_015,150
AAGCGTCAAAAGTCTGCCAG_016,50
AAGCGTCAAAAGTCTGCCAG_017,78
AAGCGTCAAAAGTCTGCCAG_018,98
AAGCGTCAAAAGTCTGCCAG_019,197
AAGCGTCAAAAGTCTGCCAG_020,26
AAGCGTCAAAAGTCTGCCAG_021,89
AAGCGTCAAAAGTCTGCCAG_022,121
AAGCGTCAAAAGTCTGCCAG_023,113
AAGCGTCAAAAGTCTGCCAG_024,77
AAGCGTCAAAAGTCTGCCAG_025,91
AAGTGATAATAAACTAGAGG_001,8
GGGCAGCCGACGGACCACGG_001,113
GGGCAGCCGACGGACCACGG_002,190
GGGCAGCCGACGGACCACGG_003,76
GGGCAGCCGACGGACCACGG_004,113
GGGCAGCCGACGGACCACGG_005,6
GGGCAGCCGACGGACCACGG_006,149
GGGCAGCCGACGGACCACGG_007,77
GGGCAGCCGACGGACCACGG_008,148
GGGCAGCCGACGGACCACGG_009,77
GGGCAGCCGACGGACCACGG_010,23
GGGCAGCCGACGGACCACGG_011,23
GGGCAGCCGACGGACCACGG_012,161
GGGCAGCCGACGGACCACGG_013,196
GGGCAGCCGACGGACCACGG_014,91
GGGCAGCCGACGGACCACGG_015,197
GGGCAGCCGACGGACCACGG_016,186
ATCCGGGTAACGCGTCAATG_001,38
ATCCGGGTAACGCGTCAATG_002,52
ATCCGGGTAACGCGTCAATG_003,138
ATCCGGGTAACGCGTCAATG_004,106
ATCCGGGTAACGCGTCAATG_005,125
ATCCGGGTAACGCGTCAATG_006,108
ATCCGGGTAACGCGTCAATG_007,38
ATCCGGGTAACGCGTCAATG_008,158
ATCCGGGTAACGCGTCAATG_009,76
ATCCGGGTAACGCGTCAATG_010,156
ATCCGGGTAACGCGTCAATG_011,12
ATCCGGGTAACGCGTCAATG_012,94
ATCCGGGTAACGCGTCAATG_013,77
ATCCGGGTAACGCGTCAATG_014,2
ATCCGGGTAACGCGTCAATG_015,68
ATCCGGGTAACGCGTCAATG_016,27
ATCCGGGTAACGCGTCAATG_017,11
ATCCGGGTAACGCGTCAATG_018,46
ATCCGGGTAACGCGTCAATG_019,156
ATCCGGGTAACGCGTCAATG_020,27
ATCCGGGTAACGCGTCAATG_021,10
ATCCGGGTAACGCGTCAATG_022,2
ATCCGGGTAACGCGTCAATG_023,63
ATCCGGGTAACGCGTCAATG_024,176
CTGGATGAAACTGTCGATGT_001,48
CTGGATGAAACTGTCGATGT_002,80
CTGGATGAAACTGTCGATGT_003,152
CTGGATGAAACTGTCGATGT_004,122
CTGGATGAAACTGTCGATGT_005,92
CTGGATGAAACTGTCGATGT_006,143
CTGGATGAAACTGTCGATGT_007,50
CTGGATGAAACTGTCGATGT_008,57
CTGGATGAAACTGTCGATGT_009,117
CTGGATGAAACTGTCGATGT_010,150
CTGGATGAAACTGTCGATGT_011,22
CTGGATGAAACTGTCGATGT_012,57
CTGGATGAAACTGTCGATGT_013,42
CTGGATGAAACTGTCGATGT_014,42
CTGGATGAAACTGTCGATGT_015,160
CTGGATGAAACTGTCGATGT_016,41
CTGGATGAAACTGTCGATGT_017,136
TCACGGTCTTCTCAAATGCG_001,185
TCACGGTCTTCTCAAATGCG_002,140
TCACGGTCTTCTCAAATGCG_003,145
TCACGGTCTTCTCAAATGCG_004,98
TCACGGTCTTCTCAAATGCG_005,15
TCACGGTCTTCTCAAATGCG_006,115
TCACGGTCTTCTCAAATGCG_007,25
TCACGGTCTTCTCAAATGCG_008,21
TCACGGTCTTCTCAAATGCG_009,130
TCCAACATACATGAAAACAC_001,123
TCCAACATACATGAAAACAC_002,118
TCCAACATACATGAAAACAC_003,168
TCGGTATTCCAGAATCACAG_001,9
TCGGTATTCCAGAATCACAG_002,60
GCTTGCGAAACTTGGCGCGG_001,42
GCTTGCGAAACTTGGCGCGG_002,42
GCTTGCGAAACTTGGCGCGG_003,50
GCTTGCGAAACTTGGCGCGG_004,164
GCTTGCGAAACTTGGCGCGG_005,198
GCTTGCGAAACTTGGCGCGG_006,7
GCTTGCGAAACTTGGCGCGG_007,111
GCTTGCGAAACTTGGCGCGG_008,69
GCTTGCGAAACTTGGCGCGG_009,17
GCTTGCGAAACTTGGCGCGG_010,141
GCTTGCGAAACTTGGCGCGG_011,69
GCTTGCGAAACTTGGCGCGG_012,5
GCTTGCGAAACTTGGCGCGG_013,26
GCTTGCGAAACTTGGCGCGG_014,26
GCTTGCGAAACTTGGCGCGG_015,132
GCTTGCGAAACTTGGCGCGG_016,60
GCTTGCGAAACTTGGCGCGG_017,145
GCTTGCGAAACTTGGCGCGG_018,59
GCTTGCGAAACTTGGCGCGG_019,24
AGAATGGACTTATGAAACTG_001,181
AGAATGGACTTATGAAACTG_002,154
AGAATGGACTTATGAAACTG_003,153
AGAATGGACTTATGAAACTG_004,2
AGAATGGACTTATGAAACTG_005,166
AGAATGGACTTATGAAACTG_006,72
AGAATGGACTTATGAAACTG_007,56
AGAATGGACTTATGAAACTG_008,149
GGTGCATCATTGGAGTTTCG_001,6
GGTGCATCATTGGAGTTTCG_002,6
GGTGCATCATTGGAGTTTCG_003,199
ACTGTGAAGCCGTGGCACGA_001,32
ACTGTGAAGCCGTGGCACGA_002,170
ACTGTGAAGCCGTGGCACGA_003,199
ACTGTGAAGCCGTGGCACGA_004,60
ACTGTGAAGCCGTGGCACGA_005,139
ACTGTGAAGCCGTGGCACGA_006,189
ACTGTGAAGCCGTGGCACGA_007,82
ACTGTGAAGCCGTGGCACGA_008,126
ACTGTGAAGCCGTGGCACGA_009,162
ACTGTGAAGCCGTGGCACGA_010,44
ACTGTGAAGCCGTGGCACGA_011,76
ACTGTGAAGCCGTGGCACGA_012,174
ACTGTGAAGCCGTGGCACGA_013,90
ACTGTGAAGCCGTGGCACGA_014,156
ACTGTGAAGCCGTGGCACGA_015,60
ACTGTGAAGCCGTGGCACGA_016,150
ACTGTGAAGCCGTGGCACGA_017,190
ACTGTGAAGCCGTGGCACGA_018,44
ACTGTGAAGCCGTGGCACGA_019,110
ACTGTGAAGCCGTGGCACGA_020,168
ACTGTGAAGCCGTGGCACGA_021,37
ACTGTGAAGCCGTGGCACGA_022,184
ACTGTGAAGCCGTGGCACGA_023,12
ACTGTGAAGCCGTGGCACGA_024,43
ACTGTGAAGCCGTGGCACGA_025,39
GCGGCACGGACTTCTTAGGG_001,199
GCGGCACGGACTTCTTAGGG_002,178
GCGGCACGGACTTCTTAGGG_003,169
CATGACCGATGAGACATCCG_001,36
CATGACCGATGAGACATCCG_002,19
CATGACCGATGAGACATCCG_003,130
CATGACCGATGAGACATCCG_004,115
CATGACCGATGAGACATCCG_005,83
CATGACCGATGAGACATCCG_006,104
CATGACCGATGAGACATCCG_007,170
CATGACCGATGAGACATCCG_008,181
CATGACCGATGAGACATCCG_009,88
CATGACCGATGAGACATCCG_010,75
CATGACCGATGAGACATCCG_011,49
CATGACCGATGAGACATCCG_012,67
CATGACCGATGAGACATCCG_013,149
CATGACCGATGAGACATCCG_014,71
CATGACCGATGAGACATCCG_015,184
CATGACCGATGAGACATCCG_016,48
CATGACCGATGAGACATCCG_017,136
CATGACCGATGAGACATCCG_018,165
CATGACCGATGAGACATCCG_019,79
CATGACCGATGAGACATCCG_020,50
CATGACCGATGAGACATCCG_021,78
CATGACCGATGAGACATCCG_022,149
TGTTGTTGACGTGATCTCTG_001,20
TGTTGTTGACGTGATCTCTG_002,117
TGTTGTTGACGTGATCTCTG_003,172
TGTTGTTGACGTGATCTCTG_004,188
TGTTGTTGACGTGATCTCTG_005,14
GAATGAAGAACATCTGAGTG_001,56
GAATGAAGAACATCTGAGTG_002,19
GAATGAAGAACATCTGAGTG_003,96
TTGACAGGCGCTTACACAAG_001,60
TTGACAGGCGCTTACACAAG_002,83
TTGACAGGCGCTTACACAAG_003,69
TTGACAGGCGCTTACACAAG_004,99
TTGACAGGCGCTTACACAAG_005,82
TTGACAGGCGCTTACACAAG_006,61
TTGACAGGCGCTTACACAAG_007,28
TTGACAGGCGCTTACACAAG_008,147
TTGACAGGCGCTTACACAAG_009,68
TTGACAGGCGCTTACACAAG_010,185
TTGACAGGCGCTTACACAAG_011,27
TTGACAGGCGCTTACACAAG_012,102
TTGACAGGCGCTTACACAAG_013,112
CAGTTTATATCGATGAAACA_001,115
GTCTCGGGCGTCCCTCCAAG_001,25
GTCTCGGGCGTCCCTCCAAG_002,175
GTCTCGGGCGTCCCTCCAAG_003,10
CAACCGCCAGCACAACTGGT_001,152
CAACCGCCAGCACAACTGGT_002,43
CAACCGCCAGCACAACTGGT_003,189
CAACCGCCAGCACAACTGGT_004,17
CAACCGCCAGCACAACTGGT_005,132
CAACCGCCAGCACAACTGGT_006,194
CAACCGCCAGCACAACTGGT_007,168
CAACCGCCAGCACAACTGGT_008,129
CAACCGCCAGCACAACTGGT_009,59
CAACCGCCAGCACAACTGGT_010,197
CAACCGCCAGCACAACTGGT_011,120
CAACCGCCAGCACAACTGGT_012,3
CAACCGCCAGCACAACTGGT_013,89
CAACCGCCAGCACAACTGGT_014,115
CAACCGCCAGCACAACTGGT_015,1
CAACCGCCAGCACAACTGGT_016,147
CAACCGCCAGCACAACTGGT_017,24
CAGTGACCGGCATTCGTGTG_001,69
CAGTGACCGGCATTCGTGTG_002,161
CAGTGACCGGCATTCGTGTG_003,60
CAGTGACCGGCATTCGTGTG_004,54
CAGTGACCGGCATTCGTGTG_005,83
CAGTGACCGGCATTCGTGTG_006,3
CAGTGACCGGCATTCGTGTG_007,66
ATAGCCTATCCAACATCCAG_001,36
ATAGCCTATCCAACATCCAG_002,22
ATAGCCTATCCAACATCCAG_003,94
ATAGCCTATCCAACATCCAG_004,172
ATAGCCTATCCAACATCCAG_005,42
ATAGCCTATCCAACATCCAG_006,102
ATAGCCTATCCAACATCCAG_007,94
ATAGCCTATCCAACATCCAG_008,17
ATAGCCTATCCAACATCCAG_009,88
ATAGCCTATCCAACATCCAG_010,140
ATAGCCTATCCAACATCCAG_011,76
ATAGCCTATCCAACATCCAG_012,69
ATAGCCTATCCAACATCCAG_013,66
ATAGCCTATCCAACATCCAG_014,118
CACGAAGTACTCCTTGACGC_001,157
CACGAAGTACTCCTTGACGC_002,1
CACGAAGTACTCCTTGACGC_003,137
CACGAAGTACTCCTTGACGC_004,17
CACGAAGTACTCCTTGACGC_005,12
CACGAAGTACTCCTTGACGC_006,159
CACGAAGTACTCCTTGACGC_007,60
CACGAAGTACTCCTTGACGC_008,35
CACGAAGTACTCCTTGACGC_009,166
CACGAAGTACTCCTTGACGC_010,36
CGACCATACTCACTTGCACG_001,95
GACCATGGAGCTACATGACA_001,78
GACCATGGAGCTACATGACA_002,69
GACCATGGAGCTACATGACA_003,44
GACCATGGAGCTACATGACA_004,116
GACCATGGAGCTACATGACA_005,153
GACCATGGAGCTACATGACA_006,126
GACCATGGAGCTACATGACA_007,63
GACCATGGAGCTACATGACA_008,177
GACCATGGAGCTACATGACA_009,68
GACCATGGAGCTACATGACA_010,45
GACCATGGAGCTACATGACA_011,148
GACCATGGAGCTACATGACA_012,106
GACCATGGAGCTACATGACA_013,167
GACCATGGAGCTACATGACA_014,167
GACCATGGAGCTACATGACA_015,175
GACCATGGAGCTACATGACA_016,144
GTAACAGACACGTCCCCTGG_001,8
GTAACAGACACGTCCCCTGG_002,65
GTAACAGACACGTCCCCTGG_003,98
GTAACAGACACGTCCCCTGG_004,36
GTAACAGACACGTCCCCTGG_005,72
GTAACAGACACGTCCCCTGG_006,162
GTTGCCTGAGTAGTCCCCGG_001,147
TAAAACAAAGTCCATGCAGG_001,88
TAAAACAAAGTCCATGCAGG_002,169
TAAAACAAAGTCCATGCAGG_003,9
TAAAACAAAGTCCATGCAGG_004,81
TAAAACAAAGTCCATGCAGG_005,98
TAAAACAAAGTCCATGCAGG_006,42
TAAAACAAAGTCCATGCAGG_007,1
CCACTGCCTTATCGACCCGC_001,96
CCACTGCCTTATCGACCCGC_002,15
CCACTGCCTTATCGACCCGC_003,88
CCACTGCCTTATCGACCCGC_004,7
CCACTGCCTTATCGACCCGC_005,37
CCACTGCCTTATCGACCCGC_006,49
CCACTGCCTTATCGACCCGC_007,31
ATGATGTACTACTATTGGGA_001,96
ATGATGTACTACTATTGGGA_002,5
ATGATGTACTACTATTGGGA_003,42
ATGATGTACTACTATTGGGA_004,80
ATGATGTACTACTATTGGGA_005,44
ATGATGTACTACTATTGGGA_006,4
ATGATGTACTACTATTGGGA_007,176
GAGACCACTGGATGGCCCCG_001,163
GAGACCACTGGATGGCCCCG_002,105
GAGACCACTGGATGGCCCCG_003,127
GAGACCACTGGATGGCCCCG_004,61
GAGACCACTGGATGGCCCCG_005,141
GAGACCACTGGATGGCCCCG_006,184
GAGACCACTGGATGGCCCCG_007,181
GAGACCACTGGATGGCCCCG_008,133
GAGACCACTGGATGGCCCCG_009,166
GAGACCACTGGATGGCCCCG_010,43
GAGACCACTGGATGGCCCCG_011,90
CTTTGGGAAGATCATCCGCA_001,97
CTTTGGGAAGATCATCCGCA_002,196
CTTTGGGAAGATCATCCGCA_003,38
CTTTGGGAAGATCATCCGCA_004,108
TTTACTCCTAGGATGGGTAT_001,41
TTTACTCCTAGGATGGGTAT_002,7
TTTACTCCTAGGATGGGTAT_003,12
TTTACTCCTAGGATGGGTAT_004,196
TTTACTCCTAGGATGGGTAT_005,23
TTTACTCCTAGGATGGGTAT_006,61
TTTACTCCTAGGATGGGTAT_007,3
GGGTCTGGTTAGGGGCGAAG_001,19
GGGTCTGGTTAGGGGCGAAG_002,17
GGGTCTGGTTAGGGGCGAAG_003,99
GGGTCTGGTTAGGGGCGAAG_004,125
GGGTCTGGTTAGGGGCGAAG_005,166
GGGTCTGGTTAGGGGCGAAG_006,115
GGGTCTGGTTAGGGGCGAAG_007,115
GGGTCTGGTTAGGGGCGAAG_008,100
TTCAGCCTGCAATTTCCATC_001,48
TTCAGCCTGCAATTTCCATC_002,158
TTCAGCCTGCAATTTCCATC_003,118
TTCAGCCTGCAATTTCCATC_004,151
TTCAGCCTGCAATTTCCATC_005,91
TTCAGCCTGCAATTTCCATC_006,188
TTCAGCCTGCAATTTCCATC_007,107
TTCAGCCTGCAATTTCCATC_008,81
CTCTTCCTATTCCTACGCGG_001,183
GGGGTGTCATCAAGTCACCT_001,96
GGGGTGTCATCAAGTCACCT_002,133
GGGGTGTCATCAAGTCACCT_003,60
GGGGTGTCATCAAGTCACCT_004,53
GGGGTGTCATCAAGTCACCT_005,112
GGGGTGTCATCAAGTCACCT_006,44
GGGGTGTCATCAAGTCACCT_007,25
GTAGCGAAGAGCAGTCAGCG_001,9
GTAGCGAAGAGCAGTCAGCG_002,69
GTAGCGAAGAGCAGTCAGCG_003,81
GTAGCGAAGAGCAGTCAGCG_004,23
GTAGCGAAGAGCAGTCAGCG_005,151
GTAGCGAAGAGCAGTCAGCG_006,40
GTAGCGAAGAGCAGTCAGCG_007,155
GTAGCGAAGAGCAGTCAGCG_008,34
GTAGCGAAGAGCAGTCAGCG_009,84
GTAGCGAAGAGCAGTCAGCG_010,138
GTAGCGAAGAGCAGTCAGCG_011,134
GTAGCGAAGAGCAGTCAGCG_012,50
GTAGCGAAGAGCAGTCAGCG_013,62
GTAGCGAAGAGCAGTCAGCG_014,120
GTAGCGAAGAGCAGTCAGCG_015,152
GTAGCGAAGAGCAGTCAGCG_016,26
GTAGCGAAGAGCAGTCAGCG_017,42
GTAGCGAAGAGCAGTCAGCG_018,18
GTAGCGAAGAGCAGTCAGCG_019,174
GTAGCGAAGAGCAGTCAGCG_020,181
GTAGCGAAGAGCAGTCAGCG_021,182
GTAGCGAAGAGCAGTCAGCG_022,2
GTAGCGAAGAGCAGTCAGCG_023,39
GTAGCGAAGAGCAGTCAGCG_024,149
GTAGCGAAGAGCAGTCAGCG_025,152
GTAGCGAAGAGCAGTCAGCG_026,48
GTAGCGAAGAGCAGTCAGCG_027,190
GTAGCGAAGAGCAGTCAGCG_028,10
GTAGCGAAGAGCAGTCAGCG_029,51
TCAGGAAATGATCCGCACAG_001,146
TCAGGAAATGATCCGCACAG_002,8
TCAGGAAATGATCCGCACAG_003,19
TCAGGAAATGATCCGCACAG_004,3
AGGCCAGTGCGTAAAGTTTG_001,69
AGGCCAGTGCGTAAAGTTTG_002,165
AGGCCAGTGCGTAAAGTTTG_003,48
AGGCCAGTGCGTAAAGTTTG_004,41
AGGCCAGTGCGTAAAGTTTG_005,9
AGGCCAGTGCGTAAAGTTTG_006,81
AGGCCAGTGCGTAAAGTTTG_007,49
AGGCCAGTGCGTAAAGTTTG_008,36
CAGAGACTCCGTAACTACTC_001,17
CAGAGACTCCGTAACTACTC_002,92
CAGAGACTCCGTAACTACTC_003,117
CAGAGACTCCGTAACTACTC_004,163
CAGAGACTCCGTAACTACTC_005,172
CAGAGACTCCGTAACTACTC_006,81
GACAAGTACATGGATACCGC_001,124
TGCATGGGCCCCGGGACACG_001,166
TGCATGGGCCCCGGGACACG_002,184
TGCATGGGCCCCGGGACACG_003,82
TGCATGGGCCCCGGGACACG_004,124
TGCATGGGCCCCGGGACACG_005,198
TGCATGGGCCCCGGGACACG_006,27
TGCATGGGCCCCGGGACACG_007,130
GCTTATGGGAGAGGGACAGT_001,161
GCTTATGGGAGAGGGACAGT_002,19
GCTTATGGGAGAGGGACAGT_003,15
GCTTATGGGAGAGGGACAGT_004,158
GCTTATGGGAGAGGGACAGT_005,66
GCTTATGGGAGAGGGACAGT_006,168
GCTTATGGGAGAGGGACAGT_007,46
GCTTATGGGAGAGGGACAGT_008,50
GACTGGGCCGCATACAAGCA_001,145
GACTGGGCCGCATACAAGCA_002,16
GACTGGGCCGCATACAAGCA_003,70
GACTGGGCCGCATACAAGCA_004,176
GGATGCTCTACAGCGACACA_001,20
GGATGCTCTACAGCGACACA_002,118
GGATGCTCTACAGCGACACA_003,194
GGATGCTCTACAGCGACACA_004,82
GGATGCTCTACAGCGACACA_005,147
GGATGCTCTACAGCGACACA_006,147
GGATGCTCTACAGCGACACA_007,140
GGATGCTCTACAGCGACACA_008,176
ATTGGGAAAGGACTTATATG_001,159
ATTGGGAAAGGACTTATATG_002,162
ATTGGGAAAGGACTTATATG_003,98
ATTGGGAAAGGACTTATATG_004,118
ATTGGGAAAGGACTTATATG_005,79
ATTGGGAAAGGACTTATATG_006,94
ATTGGGAAAGGACTTATATG_007,32
ATTGGGAAAGGACTTATATG_008,49
ATTGGGAAAGGACTTATATG_009,126
GATCACTGTTCCATATCTTG_001,42
AGTATACCAACCTTGTCACT_001,81
AGTATACCAACCTTGTCACT_002,44
AGTATACCAACCTTGTCACT_003,74
AGTATACCAACCTTGTCACT_004,178
AGTATACCAACCTTGTCACT_005,178
AGTATACCAACCTTGTCACT_006,26
AGTATACCAACCTTGTCACT_007,108
AGTATACCAACCTTGTCACT_008,13
AGTATACCAACCTTGTCACT_009,198
AGTATACCAACCTTGTCACT_010,69
AAGAACGGGCGTGTGTACGA_001,141
AAGAACGGGCGTGTGTACGA_002,115
AAGAACGGGCGTGTGTACGA_003,160
TCTCCAGTGTAAGTGCTCTG_001,98
AGAATAGCGCTGCGTTGTGG_001,30
AGAATAGCGCTGCGTTGTGG_002,196
AAGGAGCGTCTATGCAACCA_001,102
AAGGAGCGTCTATGCAACCA_002,127
AAGGAGCGTCTATGCAACCA_003,10
AAGGAGCGTCTATGCAACCA_004,167
AAGGAGCGTCTATGCAACCA_005,167
AAGGAGCGTCTATGCAACCA_006,41
AAGGAGCGTCTATGCAACCA_007,33
AAGGAGCGTCTATGCAACCA_008,196
AAGGAGCGTCTATGCAACCA_009,36
AAGGAGCGTCTATGCAACCA_010,175
GATGACGGTGTAAAAGTGTG_001,58
GATGACGGTGTAAAAGTGTG_002,48
GATGACGGTGTAAAAGTGTG_003,50
GATGACGGTGTAAAAGTGTG_004,84
GATGACGGTGTAAAAGTGTG_005,48
GATGACGGTGTAAAAGTGTG_006,56
GATGACGGTGTAAAAGTGTG_007,173
GATGACGGTGTAAAAGTGTG_008,160
GATGACGGTGTAAAAGTGTG_009,88
GAGCTGGCATTGTACAAGAG_001,94
GAGCTGGCATTGTACAAGAG_002,161
GAGCTGGCATTGTACAAGAG_003,113
GAGCTGGCATTGTACAAGAG_004,5
GAGCTGGCATTGTACAAGAG_005,83
GAGCTGGCATTGTACAAGAG_006,10
CATGCTGACACCGATCCGGA_001,161
CATGCTGACACCGATCCGGA_002,84
CATGCTGACACCGATCCGGA_003,70
CATGCTGACACCGATCCGGA_004,27
CATGCTGACACCGATCCGGA_005,121
CATGCTGACACCGATCCGGA_006,172
CATGCTGACACCGATCCGGA_007,44
CATGCTGACACCGATCCGGA_008,127
CATGCTGACACCGATCCGGA_009,15
CATGCTGACACCGATCCGGA_010,15
CATGCTGACACCGATCCGGA_011,66
TGGTACCATTGATGGGACCA_001,149
TGGTACCATTGATGGGACCA_002,199
TGGTACCATTGATGGGACCA_003,184
TGGTACCATTGATGGGACCA_004,94
TGGTACCATTGATGGGACCA_005,190
TGGTACCATTGATGGGACCA_006,67
TGGTACCATTGATGGGACCA_007,170
TGGTACCATTGATGGGACCA_008,102
GTATCAACCTCTCACTGACG_001,107
GTATCAACCTCTCACTGACG_002,8
CCACACCAGAGATCCCATTG_001,39
CCACACCAGAGATCCCATTG_002,137
CCACACCAGAGATCCCATTG_003,88
CCACACCAGAGATCCCATTG_004,97
CCACACCAGAGATCCCATTG_005,196
CCACACCAGAGATCCCATTG_006,62
CCACACCAGAGATCCCATTG_007,27
CCACACCAGAGATCCCATTG_008,4
CCACACCAGAGATCCCATTG_009,147
CCACACCAGAGATCCCATTG_010,56
CGATGTAAGTGCAGTCGGAG_001,151
CGATGTAAGTGCAGTCGGAG_002,166
CGATGTAAGTGCAGTCGGAG_003,166
CGATGTAAGTGCAGTCGGAG_004,153
CGATGTAAGTGCAGTCGGAG_005,149
CGATGTAAGTGCAGTCGGAG_006,184
CAGGAACATTGAGAAGCTAG_001,127
CAGGAACATTGAGAAGCTAG_002,49
GCCACTCACGCTGAACTCGC_001,155
GCCACTCACGCTGAACTCGC_002,150
GCCACTCACGCTGAACTCGC_003,105
GCCACTCACGCTGAACTCGC_004,65
GCCACTCACGCTGAACTCGC_005,126
GCCACTCACGCTGAACTCGC_006,102
GCCACTCACGCTGAACTCGC_007,38
GCCACTCACGCTGAACTCGC_008,162
GCCACTCACGCTGAACTCGC_009,141
GCCACTCACGCTGAACTCGC_010,107
GCCACTCACGCTGAACTCGC_011,49
GCCACTCACGCTGAACTCGC_012,185
GCCACTCACGCTGAACTCGC_013,45
GCCACTCACGCTGAACTCGC_014,161
GCCACTCACGCTGAACTCGC_015,51
GCCACTCACGCTGAACTCGC_016,130
GCCACTCACGCTGAACTCGC_017,196
CCAACCCCATGAAAAAGACC_001,147
CCAACCCCATGAAAAAGACC_002,35
CCAACCCCATGAAAAAGACC_003,124
CCAACCCCATGAAAAAGACC_004,17
AAGTGACAGATGGGCAGGCG_001,96
AAGTGACAGATGGGCAGGCG_002,85
AAGTGACAGATGGGCAGGCG_003,149
AAGTGACAGATGGGCAGGCG_004,115
AAGTGACAGATGGGCAGGCG_005,75
AAGTGACAGATGGGCAGGCG_006,76
AAGTGACAGATGGGCAGGCG_007,42
AAGTGACAGATGGGCAGGCG_008,107
AAGTGACAGATGGGCAGGCG_009,33
AAGTGACAGATGGGCAGGCG_010,191
AAGTGACAGATGGGCAGGCG_011,12
AAGTGACAGATGGGCAGGCG_012,145
AAGTGACAGATGGGCAGGCG_013,67
AAGTGACAGATGGGCAGGCG_014,41
AAGTGACAGATGGGCAGGCG_015,105
AAGTGACAGATGGGCAGGCG_016,185
AAGTGACAGATGGGCAGGCG_017,155
AAGTGACAGATGGGCAGGCG_018,194
AAGTGACAGATGGGCAGGCG_019,120
AAGTGACAGATGGGCAGGCG_020,78
AAGTGACAGATGGGCAGGCG_021,98
AAGTGACAGATGGGCAGGCG_022,0
AAGTGACAGATGGGCAGGCG_023,95
AAGTGACAGATGGGCAGGCG_024,170
AAGTGACAGATGGGCAGGCG_025,158
AAGTGACAGATGGGCAGGCG_026,70
AAGTGACAGATGGGCAGGCG_027,94
AAGTGACAGATGGGCAGGCG_028,149
AAGTGACAGATGGGCAGGCG_029,159
AAGTGACAGATGGGCAGGCG_030,115
AAGTGACAGATGGGCAGGCG_031,12
AAGTGACAGATGGGCAGGCG_032,145
AAGTGACAGATGGGCAGGCG_033,51
AAGTGACAGATGGGCAGGCG_034,105
AAGTGACAGATGGGCAGGCG_035,76
AAGTGACAGATGGGCAGGCG_036,41
AAGTGACAGATGGGCAGGCG_037,60
AAGTGACAGATGGGCAGGCG_038,118
AAGTGACAGATGGGCAGGCG_039,78
AAGTGACAGATGGGCAGGCG_040,93
AAGTGACAGATGGGCAGGCG_041,49
AAGTGACAGATGGGCAGGCG_042,178
AAGTGACAGATGGGCAGGCG_043,136
AAGTGACAGATGGGCAGGCG_044,15
AAGTGACAGATGGGCAGGCG_045,150
AAGTGACAGATGGGCAGGCG_046,54
AAGTGACAGATGGGCAGGCG_047,138
AAGTGACAGATGGGCAGGCG_048,63
AAGTGACAGATGGGCAGGCG_049,77
AAGTGACAGATGGGCAGGCG_050,37
AAGTGACAGATGGGCAGGCG_051,197
AAGTGACAGATGGGCAGGCG_052,80
AAGTGACAGATGGGCAGGCG_053,77
AAGTGACAGATGGGCAGGCG_054,141
AAGTGACAGATGGGCAGGCG_055,12
AAGTGACAGATGGGCAGGCG_056,105
AAGTGACAGATGGGCAGGCG_057,18
AAGTGACAGATGGGCAGGCG_058,188
AGGCAGTCAGGACTAAACGA_001,118
AGGCAGTCAGGACTAAACGA_002,162
AGGCAGTCAGGACTAAACGA_003,198
AGGCAGTCAGGACTAAACGA_004,195
AGGCAGTCAGGACTAAACGA_005,5
AGGCAGTCAGGACTAAACGA_006,140
AGGCAGTCAGGACTAAACGA_007,8
AGGCAGTCAGGACTAAACGA_008,89
AGGCAGTCAGGACTAAACGA_009,75
AGGCAGTCAGGACTAAACGA_010,9
AGGCAGTCAGGACTAAACGA_011,148
AGGCAGTCAGGACTAAACGA_012,75
AGGCAGTCAGGACTAAACGA_013,83
AGGCAGTCAGGACTAAACGA_014,94
AGGCAGTCAGGACTAAACGA_015,83
AGGCAGTCAGGACTAAACGA_016,165
AGGCAGTCAGGACTAAACGA_017,92
AGGCAGTCAGGACTAAACGA_018,180
CCTCAACCACGAAGGGACGT_001,149
CCTCAACCACGAAGGGACGT_002,76
CCTCAACCACGAAGGGACGT_003,110
CCTCAACCACGAAGGGACGT_004,130
CCTCAACCACGAAGGGACGT_005,48
CCTCAACCACGAAGGGACGT_006,137
CCTCAACCACGAAGGGACGT_007,49
CCTCAACCACGAAGGGACGT_008,30
CCTCAACCACGAAGGGACGT_009,1
CCTCAACCACGAAGGGACGT_010,88
CCTCAACCACGAAGGGACGT_011,137
CCTCAACCACGAAGGGACGT_012,176
CCTCAACCACGAAGGGACGT_013,127
CCTCAACCACGAAGGGACGT_014,61
CCTCAACCACGAAGGGACGT_015,82
CCTCAACCACGAAGGGACGT_016,94
CCTCAACCACGAAGGGACGT_017,87
CCTCAACCACGAAGGGACGT_018,183
CCTCAACCACGAAGGGACGT_019,146
CCTCAACCACGAAGGGACGT_020,24
CCTCAACCACGAAGGGACGT_021,74
CCTCAACCACGAAGGGACGT_022,168
CAGTACTCACAGGCTGCACG_001,175
CAGTACTCACAGGCTGCACG_002,183
CAGTACTCACAGGCTGCACG_003,181
CAGTACTCACAGGCTGCACG_004,152
CAGTACTCACAGGCTGCACG_005,87
CAGTACTCACAGGCTGCACG_006,169
CAGTACTCACAGGCTGCACG_007,174
CAGTACTCACAGGCTGCACG_008,22
CAGTACTCACAGGCTGCACG_009,188
CAGTACTCACAGGCTGCACG_010,63
CAGTACTCACAGGCTGCACG_011,95
CAGTACTCACAGGCTGCACG_012,149
CAGTACTCACAGGCTGCACG_013,136
CAGTACTCACAGGCTGCACG_014,72
CAGTACTCACAGGCTGCACG_015,116
CAGTACTCACAGGCTGCACG_016,8
CAGTACTCACAGGCTGCACG_017,2
CAGTACTCACAGGCTGCACG_018,162
CAGTACTCACAGGCTGCACG_019,60
CAGTACTCACAGGCTGCACG_020,71
CAGTACTCACAGGCTGCACG_021,94
CAGTACTCACAGGCTGCACG_022,151
CAGTACTCACAGGCTGCACG_023,133
CAGTACTCACAGGCTGCACG_024,16
CAGTACTCACAGGCTGCACG_025,162
CAGTACTCACAGGCTGCACG_026,127
CAGTACTCACAGGCTGCACG_027,67
CAGTACTCACAGGCTGCACG_028,57
CAGTACTCACAGGCTGCACG_029,142
CAGTACTCACAGGCTGCACG_030,82
CTGGATGTAAAAAGTCCAGG_001,27
CTGGATGTAAAAAGTCCAGG_002,68
CTGGATGTAAAAAGTCCAGG_003,9
CTGGATGTAAAAAGTCCAGG_004,77
CTGGATGTAAAAAGTCCAGG_005,34
CTGGATGTAAAAAGTCCAGG_006,120
CTGGATGTAAAAAGTCCAGG_007,70
CTGGATGTAAAAAGTCCAGG_008,27
CTGGATGTAAAAAGTCCAGG_009,127
CTGGATGTAAAAAGTCCAGG_010,195
CTGGATGTAAAAAGTCCAGG_011,6
TCCTCTTCCACGTACCCATG_001,130
TCCTCTTCCACGTACCCATG_002,165
TCCTCTTCCACGTACCCATG_003,89
ACATACTTACGCAGCATGAA_001,178
ACATACTTACGCAGCATGAA_002,9
ACATACTTACGCAGCATGAA_003,168
ACATACTTACGCAGCATGAA_004,159
ACATACTTACGCAGCATGAA_005,159
ACATACTTACGCAGCATGAA_006,98
ACATACTTACGCAGCATGAA_007,80
ACATACTTACGCAGCATGAA_008,146
ACATACTTACGCAGCATGAA_009,61
ACATACTTACGCAGCATGAA_010,50
ACATACTTACGCAGCATGAA_011,166
AAACTTACCCGGTTGCAAAG_001,147
AAACTTACCCGGTTGCAAAG_002,119
AAACTTACCCGGTTGCAAAG_003,56
AAACTTACCCGGTTGCAAAG_004,137
AAACTTACCCGGTTGCAAAG_005,194
AAACTTACCCGGTTGCAAAG_006,125
AAACTTACCCGGTTGCAAAG_007,108
AAACTTACCCGGTTGCAAAG_008,60
AAACTTACCCGGTTGCAAAG_009,150
AAACTTACCCGGTTGCAAAG_010,38
AAACTTACCCGGTTGCAAAG_011,119
AAACTTACCCGGTTGCAAAG_012,181
AAACTTACCCGGTTGCAAAG_013,198
AAACTTACCCGGTTGCAAAG_014,33
AGCTTGTGGTGAAAGACCTG_001,152
AGCTTGTGGTGAAAGACCTG_002,23
AGCTTGTGGTGAAAGACCTG_003,176
AGCTTGTGGTGAAAGACCTG_004,12
AGCTTGTGGTGAAAGACCTG_005,50
AGCTTGTGGTGAAAGACCTG_006,127
AGCTTGTGGTGAAAGACCTG_007,174
AGCTTGTGGTGAAAGACCTG_008,38
AGCTTGTGGTGAAAGACCTG_009,55
AGCTTGTGGTGAAAGACCTG_010,173
AGCTTGTGGTGAAAGACCTG_011,59
AGCTTGTGGTGAAAGACCTG_012,158
AGCTTGTGGTGAAAGACCTG_013,78
AGCTTGTGGTGAAAGACCTG_014,159
AGCTTGTGGTGAAAGACCTG_015,4
AGCTTGTGGTGAAAGACCTG_016,124
AGCTTGTGGTGAAAGACCTG_017,121
AGCTTGTGGTGAAAGACCTG_018,168
AGCTTGTGGTGAAAGACCTG_019,42
AGCTTGTGGTGAAAGACCTG_020,28
AGCTTGTGGTGAAAGACCTG_021,103
AGCTTGTGGTGAAAGACCTG_022,124
AGCTTGTGGTGAAAGACCTG_023,188
AGCTTGTGGTGAAAGACCTG_024,116
AGCTTGTGGTGAAAGACCTG_025,15
AGCTTGTGGTGAAAGACCTG_026,172
AGCTTGTGGTGAAAGACCTG_027,86
AGCTTGTGGTGAAAGACCTG_028,104
AGCTTGTGGTGAAAGACCTG_029,55
AGCTTGTGGTGAAAGACCTG_030,197
AGCTTGTGGTGAAAGACCTG_031,82
AGCTTGTGGTGAAAGACCTG_032,146
AGCTTGTGGTGAAAGACCTG_033,48
AGCTTGTGGTGAAAGACCTG_034,105
AGCTTGTGGTGAAAGACCTG_035,59
AGCTTGTGGTGAAAGACCTG_036,111
AGCTTGTGGTGAAAGACCTG_037,46
AGCTTGTGGTGAAAGACCTG_038,3
CTCACCGCGGATGTGCGCGT_001,42
CTCACCGCGGATGTGCGCGT_002,77
CTCACCGCGGATGTGCGCGT_003,119
CAAGGCCAAAGACAACACTG_001,78
CAAGGCCAAAGACAACACTG_002,187
CAAGGCCAAAGACAACACTG_003,174
CAAGGCCAAAGACAACACTG_004,31
CAAGGCCAAAGACAACACTG_005,105
CAAGGCCAAAGACAACACTG_006,50
CAAGGCCAAAGACAACACTG_007,131
CAAGGCCAAAGACAACACTG_008,134
CAAGGCCAAAGACAACACTG_009,148
CAAGGCCAAAGACAACACTG_010,30
CAAGGCCAAAGACAACACTG_011,75
CAAGGCCAAAGACAACACTG_012,132
CAAGGCCAAAGACAACACTG_013,2
CAAGGCCAAAGACAACACTG_014,149
CAAGGCCAAAGACAACACTG_015,142
CAAGGCCAAAGACAACACTG_016,142
GTAGGTGAAAAGGACACACC_001,147
GTAGGTGAAAAGGACACACC_002,149
GTAGGTGAAAAGGACACACC_003,13
GTAGGTGAAAAGGACACACC_004,3
GTAGGTGAAAAGGACACACC_005,137
GTAGGTGAAAAGGACACACC_006,105
GTAGGTGAAAAGGACACACC_007,2
GTAGGTGAAAAGGACACACC_008,77
GTAGGTGAAAAGGACACACC_009,140
GTAGGTGAAAAGGACACACC_010,121
GTAGGTGAAAAGGACACACC_011,3
GTAGGTGAAAAGGACACACC_012,127
GTAGGTGAAAAGGACACACC_013,48
GTAGGTGAAAAGGACACACC_014,172
GTAGGTGAAAAGGACACACC_015,129
GTAGGTGAAAAGGACACACC_016,15
GTAGGTGAAAAGGACACACC_017,2
GTAGGTGAAAAGGACACACC_018,69
GTAGGTGAAAAGGACACACC_019,104
GTAGGTGAAAAGGACACACC_020,118
GTAGGTGAAAAGGACACACC_021,154
GTAGGTGAAAAGGACACACC_022,105
GTAGGTGAAAAGGACACACC_023,152
GGCATTCAGAATAGTCCACT_001,37
GGCATTCAGAATAGTCCACT_002,63
GGCATTCAGAATAGTCCACT_003,175
GGCATTCAGAATAGTCCACT_004,103
GGCATTCAGAATAGTCCACT_005,91
GGCATTCAGAATAGTCCACT_006,12
GGCATTCAGAATAGTCCACT_007,6
GGCATTCAGAATAGTCCACT_008,60
TCACCAAAAGTTGTTACCCA_001,181
TCACCAAAAGTTGTTACCCA_002,32
TCACCAAAAGTTGTTACCCA_003,36
TCACCAAAAGTTGTTACCCA_004,36
TCACCAAAAGTTGTTACCCA_005,150
TCACCAAAAGTTGTTACCCA_006,83
TCACCAAAAGTTGTTACCCA_007,15
TCACCAAAAGTTGTTACCCA_008,181
TCACCAAAAGTTGTTACCCA_009,54
TCACCAAAAGTTGTTACCCA_010,175
CCTCAAGAACCTGAGCCCGT_001,49
CCTCAAGAACCTGAGCCCGT_002,162
CCTCAAGAACCTGAGCCCGT_003,127
CCTCAAGAACCTGAGCCCGT_004,185
CCTCAAGAACCTGAGCCCGT_005,150
CCTCAAGAACCTGAGCCCGT_006,148
ATGGTCAAGAGCAATCAGTG_001,32
ATGGTCAAGAGCAATCAGTG_002,188
ATGGTCAAGAGCAATCAGTG_003,27
ATGGTCAAGAGCAATCAGTG_004,21
ATGGTCAAGAGCAATCAGTG_005,101
ATGGTCAAGAGCAATCAGTG_006,77
ATGGTCAAGAGCAATCAGTG_007,88
ATGGTCAAGAGCAATCAGTG_008,45
ATGGTCAAGAGCAATCAGTG_009,129
ATGGTCAAGAGCAATCAGTG_010,80
ATGGTCAAGAGCAATCAGTG_011,97
ATGGTCAAGAGCAATCAGTG_012,53
ATGGTCAAGAGCAATCAGTG_013,115
ATGGTCAAGAGCAATCAGTG_014,8
ATGGTCAAGAGCAATCAGTG_015,80
ATGGTCAAGAGCAATCAGTG_016,125
ATGGTCAAGAGCAATCAGTG_017,58
ATGGTCAAGAGCAATCAGTG_018,166
ATGGTCAAGAGCAATCAGTG_019,107
ATGGTCAAGAGCAATCAGTG_020,133
ATGGTCAAGAGCAATCAGTG_021,61
ATGGTCAAGAGCAATCAGTG_022,95
ATGGTCAAGAGCAATCAGTG_023,75
ATGGTCAAGAGCAATCAGTG_024,160
ATGGTCAAGAGCAATCAGTG_025,82
ATGGTCAAGAGCAATCAGTG_026,14
ATGGTCAAGAGCAATCAGTG_027,96
ATGGTCAAGAGCAATCAGTG_028,22
ATGGTCAAGAGCAATCAGTG_029,156
ATGGTCAAGAGCAATCAGTG_030,31
ATGGTCAAGAGCAATCAGTG_031,115
ATGGTCAAGAGCAATCAGTG_032,184
ATGGTCAAGAGCAATCAGTG_033,101
ATGGTCAAGAGCAATCAGTG_034,149
ATGGTCAAGAGCAATCAGTG_035,168
ATGGTCAAGAGCAATCAGTG_036,40
ATGGTCAAGAGCAATCAGTG_037,148
ATGGTCAAGAGCAATCAGTG_038,34
ATGGTCAAGAGCAATCAGTG_039,16
ATGGTCAAGAGCAATCAGTG_040,58
ATGGTCAAGAGCAATCAGTG_041,93
ATGGTCAAGAGCAATCAGTG_042,63
ATGGTCAAGAGCAATCAGTG_043,120
ATGGTCAAGAGCAATCAGTG_044,176
ATGGTCAAGAGCAATCAGTG_045,115
ATGGTCAAGAGCAATCAGTG_046,56
ATGGTCAAGAGCAATCAGTG_047,175
ATGGTCAAGAGCAATCAGTG_048,154
ATGGTCAAGAGCAATCAGTG_049,52
ATGGTCAAGAGCAATCAGTG_050,162
ATGGTCAAGAGCAATCAGTG_051,49
ATGGTCAAGAGCAATCAGTG_052,81
ATGGTCAAGAGCAATCAGTG_053,42
ATGGTCAAGAGCAATCAGTG_054,184
ATGGTCAAGAGCAATCAGTG_055,184
ATGGTCAAGAGCAATCAGTG_056,78
ATGGTCAAGAGCAATCAGTG_057,18
ATGGTCAAGAGCAATCAGTG_058,6
ATGGTCAAGAGCAATCAGTG_059,60
ATGGTCAAGAGCAATCAGTG_060,29
ATGGTCAAGAGCAATCAGTG_061,10
ATGGTCAAGAGCAATCAGTG_062,165
ATGGTCAAGAGCAATCAGTG_063,42
ATGGTCAAGAGCAATCAGTG_064,63
ATGGTCAAGAGCAATCAGTG_065,46
ATGGTCAAGAGCAATCAGTG_066,120
ATGGTCAAGAGCAATCAGTG_067,157
CTCCACTGGGCTTCCCACAA_001,33
CTCCACTGGGCTTCCCACAA_002,5
CTCCACTGGGCTTCCCACAA_003,163
CTCCACTGGGCTTCCCACAA_004,119
CTCCACTGGGCTTCCCACAA_005,172
CTCCACTGGGCTTCCCACAA_006,144
CTCCACTGGGCTTCCCACAA_007,145
CTCCACTGGGCTTCCCACAA_008,199
CTCCACTGGGCTTCCCACAA_009,137
GGATGCCGTAGTCCCATGCG_001,111
GGATGCCGTAGTCCCATGCG_002,145
GGATGCCGTAGTCCCATGCG_003,85
GGATGCCGTAGTCCCATGCG_004,102
GGATGCCGTAGTCCCATGCG_005,199
GGATGCCGTAGTCCCATGCG_006,40
GGATGCCGTAGTCCCATGCG_007,48
GGATGCCGTAGTCCCATGCG_008,143
GGGAACCCCAGTGTAATACG_001,59
GGGAACCCCAGTGTAATACG_002,2
GGGAACCCCAGTGTAATACG_003,89
AGGGCGATGACTGTACCCAG_001,20
AGGGCGATGACTGTACCCAG_002,174
AGGGCGATGACTGTACCCAG_003,57
AGGGCGATGACTGTACCCAG_004,38
AGGGCGATGACTGTACCCAG_005,123
AGGGCGATGACTGTACCCAG_006,51
AGGGCGATGACTGTACCCAG_007,132
AGGGCGATGACTGTACCCAG_008,184
AGGGCGATGACTGTACCCAG_009,37
AGGGCGATGACTGTACCCAG_010,138
AGGGCGATGACTGTACCCAG_011,138
AGGGCGATGACTGTACCCAG_012,63
AATCTATGAGTACAACCCAA_001,118
AATCTATGAGTACAACCCAA_002,97
AATCTATGAGTACAACCCAA_003,140
AATCTATGAGTACAACCCAA_004,26
AATCTATGAGTACAACCCAA_005,113
AATCTATGAGTACAACCCAA_006,192
AATCTATGAGTACAACCCAA_007,41
AATCTATGAGTACAACCCAA_008,176
AATCTATGAGTACAACCCAA_009,65
AATCTATGAGTACAACCCAA_010,110
AATCTATGAGTACAACCCAA_011,81
AATCTATGAGTACAACCCAA_012,188
AATCTATGAGTACAACCCAA_013,9
AATCTATGAGTACAACCCAA_014,115
AATCTATGAGTACAACCCAA_015,138
AATCTATGAGTACAACCCAA_016,63
AATCTATGAGTACAACCCAA_017,78
AATCTATGAGTACAACCCAA_018,57
ACTGGGTGGATACCACCGAA_001,114
ACTCGACTTCGAAGACCCAT_001,40
ACTCGACTTCGAAGACCCAT_002,159
ACTCGACTTCGAAGACCCAT_003,17
ACTCGACTTCGAAGACCCAT_004,48
ACTCGACTTCGAAGACCCAT_005,176
ACTCGACTTCGAAGACCCAT_006,155
ACTCGACTTCGAAGACCCAT_007,20
ACTCGACTTCGAAGACCCAT_008,168
ACTCGACTTCGAAGACCCAT_009,27
ACTCGACTTCGAAGACCCAT_010,125
ACTCGACTTCGAAGACCCAT_011,81
CACCGTGTGTGACTCCTGTG_001,195
CACCGTGTGTGACTCCTGTG_002,76
CACCGTGTGTGACTCCTGTG_003,188
CACCGTGTGTGACTCCTGTG_004,167
CACCGTGTGTGACTCCTGTG_005,92
CACCGTGTGTGACTCCTGTG_006,179
CACCGTGTGTGACTCCTGTG_007,130
CACCGTGTGTGACTCCTGTG_008,92
CACCGTGTGTGACTCCTGTG_009,82
CACCGTGTGTGACTCCTGTG_010,11
CACCGTGTGTGACTCCTGTG_011,43
CACCGTGTGTGACTCCTGTG_012,98
CACCGTGTGTGACTCCTGTG_013,198
CACCGTGTGTGACTCCTGTG_014,19
CACCGTGTGTGACTCCTGTG_015,191
CACCGTGTGTGACTCCTGTG_016,166
GGGAGTGCACACGCAGACGA_001,77
GGGAGTGCACACGCAGACGA_002,94
GGGAGTGCACACGCAGACGA_003,127
GGGAGTGCACACGCAGACGA_004,64
GGGAGTGCACACGCAGACGA_005,159
GGGAGTGCACACGCAGACGA_006,149
GGGAGTGCACACGCAGACGA_007,115
GGGAGTGCACACGCAGACGA_008,30
TGCGTACACATCAGACTTGG_001,153
TGCGTACACATCAGACTTGG_002,160
TGCGTACACATCAGACTTGG_003,12
TGCGTACACATCAGACTTGG_004,51
TGCGTACACATCAGACTTGG_005,136
CAGGATAAACGGTATACCCA_001,171
CAGGATAAACGGTATACCCA_002,113
CAGGATAAACGGTATACCCA_003,151
CAGGATAAACGGTATACCCA_004,183
CAGGATAAACGGTATACCCA_005,145
CAGGATAAACGGTATACCCA_006,184
CAGGATAAACGGTATACCCA_007,102
CAGGATAAACGGTATACCCA_008,11
CGAGTTGATTAACCACGACG_001,113
CGAGTTGATTAACCACGACG_002,95
CGAGTTGATTAACCACGACG_003,16
CGAGTTGATTAACCACGACG_004,130
CGAGTTGATTAACCACGACG_005,1
CGAGTTGATTAACCACGACG_006,147
CGAGTTGATTAACCACGACG_007,43
CGAGTTGATTAACCACGACG_008,28
CGAGTTGATTAACCACGACG_009,116
CGAGTTGATTAACCACGACG_010,148
CGAGTTGATTAACCACGACG_011,177
CAATCACACCCATCAACGAA_001,60
CAATCACACCCATCAACGAA_002,175
CAATCACACCCATCAACGAA_003,94
CAATCACACCCATCAACGAA_004,152
CAATCACACCCATCAACGAA_005,148
CAATCACACCCATCAACGAA_006,81
CAATCACACCCATCAACGAA_007,86
CAATCACACCCATCAACGAA_008,28
CAATCACACCCATCAACGAA_009,29
CAGACTTCGGAACAGCTGCG_001,177
CAGACTTCGGAACAGCTGCG_002,67
GGGATGGCGACTATCCAGAG_001,9
GGGATGGCGACTATCCAGAG_002,41
GGGATGGCGACTATCCAGAG_003,7
GGGATGGCGACTATCCAGAG_004,70
GGGATGGCGACTATCCAGAG_005,152
GGGATGGCGACTATCCAGAG_006,117
GGGATGGCGACTATCCAGAG_007,66
GGGATGGCGACTATCCAGAG_008,151
GGGATGGCGACTATCCAGAG_009,102
GGGATGGCGACTATCCAGAG_010,68
GGGATGGCGACTATCCAGAG_011,22
GGGATGGCGACTATCCAGAG_012,155
GGGATGGCGACTATCCAGAG_013,117
GGGATGGCGACTATCCAGAG_014,13
GGGATGGCGACTATCCAGAG_015,75
GGGATGGCGACTATCCAGAG_016,173
GGGATGGCGACTATCCAGAG_017,60
GGGATGGCGACTATCCAGAG_018,141
GGGATGGCGACTATCCAGAG_019,37
GGGATGGCGACTATCCAGAG_020,37
GGGATGGCGACTATCCAGAG_021,29
GGGATGGCGACTATCCAGAG_022,191
GGTTGAGACAGTCATGTCAG_001,54
GGTTGAGACAGTCATGTCAG_002,195
GGTTGAGACAGTCATGTCAG_003,78
GGTTGAGACAGTCATGTCAG_004,98
GGTTGAGACAGTCATGTCAG_005,146
GGTTGAGACAGTCATGTCAG_006,2
GGTTGAGACAGTCATGTCAG_007,176
GGTTGAGACAGTCATGTCAG_008,29
CTCCGCCGCACTACTCGGGG_001,134
CTCCGCCGCACTACTCGGGG_002,41
CTCCGCCGCACTACTCGGGG_003,176
CTCCGCCGCACTACTCGGGG_004,45
CTCCGCCGCACTACTCGGGG_005,139
CTCCGCCGCACTACTCGGGG_006,95
CTCCGCCGCACTACTCGGGG_007,198
CTCCGCCGCACTACTCGGGG_008,115
CTCCGCCGCACTACTCGGGG_009,19
CTCCGCCGCACTACTCGGGG_010,98
CTCCGCCGCACTACTCGGGG_011,60
CTCCGCCGCACTACTCGGGG_012,116
CTCCGCCGCACTACTCGGGG_013,172
CTCCGCCGCACTACTCGGGG_014,36
CTCCGCCGCACTACTCGGGG_015,26
CTCCGCCGCACTACTCGGGG_016,161
CTCCGCCGCACTACTCGGGG_017,24
CTCCGCCGCACTACTCGGGG_018,164
CTCCGCCGCACTACTCGGGG_019,184
CTCCGCCGCACTACTCGGGG_020,103
CTCCGCCGCACTACTCGGGG_021,94
GCATTTGGTTACGTGTGTGG_001,149
GCATTTGGTTACGTGTGTGG_002,29
GCATTTGGTTACGTGTGTGG_003,54
GCATTTGGTTACGTGTGTGG_004,162
GCATTTGGTTACGTGTGTGG_005,76
GCATTTGGTTACGTGTGTGG_006,198
GCATTTGGTTACGTGTGTGG_007,51
GCATTTGGTTACGTGTGTGG_008,153
GTACACGGTGCTTTACCGCG_001,175
GTACACGGTGCTTTACCGCG_002,116
GTACACGGTGCTTTACCGCG_003,88
GTACACGGTGCTTTACCGCG_004,197
GTACACGGTGCTTTACCGCG_005,43
GTACACGGTGCTTTACCGCG_006,82
GTACACGGTGCTTTACCGCG_007,194
GTACACGGTGCTTTACCGCG_008,25
GTACACGGTGCTTTACCGCG_009,127
GTACACGGTGCTTTACCGCG_010,141
GTACACGGTGCTTTACCGCG_011,131
GTACACGGTGCTTTACCGCG_012,152
GTACACGGTGCTTTACCGCG_013,174
GTACACGGTGCTTTACCGCG_014,50
GTACACGGTGCTTTACCGCG_015,144
AAAGCCTCAATTTATACCAG_001,191
AAAGCCTCAATTTATACCAG_002,3
AAAGCCTCAATTTATACCAG_003,34
AAAGCCTCAATTTATACCAG_004,168
TAAGGGAACGAATCATCAAG_001,150
TAAGGGAACGAATCATCAAG_002,2
TAAGGGAACGAATCATCAAG_003,72
TAAGGGAACGAATCATCAAG_004,70
TAAGGGAACGAATCATCAAG_005,94
TAAGGGAACGAATCATCAAG_006,17
TAAGGGAACGAATCATCAAG_007,63
TAAGGGAACGAATCATCAAG_008,2
ACGAGGTACTTTCTTGAAGT_001,124
GAAGTGTATAGGGAAACCTG_001,141
GAAGTGTATAGGGAAACCTG_002,179
GAAGTGTATAGGGAAACCTG_003,8
GAAGTGTATAGGGAAACCTG_004,93
GAAGTGTATAGGGAAACCTG_005,60
GAAGTGTATAGGGAAACCTG_006,152
GAAGTGTATAGGGAAACCTG_007,148
GAAGTGTATAGGGAAACCTG_008,40
GAAGTGTATAGGGAAACCTG_009,109
GAAGTGTATAGGGAAACCTG_010,168
GAAGTGTATAGGGAAACCTG_011,155
TGAATGGTGATATTCCCCCT_001,189
TGAATGGTGATATTCCCCCT_002,1
TGAATGGTGATATTCCCCCT_003,149
TGAATGGTGATATTCCCCCT_004,144
TGAATGGTGATATTCCCCCT_005,43
TGAATGGTGATATTCCCCCT_006,192
TGAATGGTGATATTCCCCCT_007,16
TGAATGGTGATATTCCCCCT_008,146
TGAATGGTGATATTCCCCCT_009,119
TGAATGGTGATATTCCCCCT_010,169
TGAATGGTGATATTCCCCCT_011,119
TGATCGAGCCACTTTCTGTG_001,181
TGATCGAGCCACTTTCTGTG_002,38
TGATCGAGCCACTTTCTGTG_003,142
TGATCGAGCCACTTTCTGTG_004,138
GAAAGCAAATGTGTATCCAG_001,172
ATGTGGGAGCGGTATTGCAG_001,41
ATGTGGGAGCGGTATTGCAG_002,96
ATGTGGGAGCGGTATTGCAG_003,77
ATGTGGGAGCGGTATTGCAG_004,101
ATGTGGGAGCGGTATTGCAG_005,40
ATGTGGGAGCGGTATTGCAG_006,49
ATGTGGGAGCGGTATTGCAG_007,199
ATGTGGGAGCGGTATTGCAG_008,11
ATGTGGGAGCGGTATTGCAG_009,105
ATGTGGGAGCGGTATTGCAG_010,172
ATGTGGGAGCGGTATTGCAG_011,182
ATGTGGGAGCGGTATTGCAG_012,158
ATGTGGGAGCGGTATTGCAG_013,148
ATGTGGGAGCGGTATTGCAG_014,169
ATGTGGGAGCGGTATTGCAG_015,158
ATGTGGGAGCGGTATTGCAG_016,103
ATGTGGGAGCGGTATTGCAG_017,49
ATGTGGGAGCGGTATTGCAG_018,106
ATGTGGGAGCGGTATTGCAG_019,149
ATGTGGGAGCGGTATTGCAG_020,33
ATGTGGGAGCGGTATTGCAG_021,161
ATGTGGGAGCGGTATTGCAG_022,150
ATGTGGGAGCGGTATTGCAG_023,52
ATGTGGGAGCGGTATTGCAG_024,68
ATGTGGGAGCGGTATTGCAG_025,63
ATGTGGGAGCGGTATTGCAG_026,158
ATGTGGGAGCGGTATTGCAG_027,19
ATGTGGGAGCGGTATTGCAG_028,63
ATGTGGGAGCGGTATTGCAG_029,188
ATGTGGGAGCGGTATTGCAG_030,108
ATGTGGGAGCGGTATTGCAG_031,56
CTCCATGTCGTCGGGCCCAG_001,51
CTCCATGTCGTCGGGCCCAG_002,8
CCGAGAAGCATGGCGCCCGG_001,48
CCGAGAAGCATGGCGCCCGG_002,37
CCGAGAAGCATGGCGCCCGG_003,124
CCGAGAAGCATGGCGCCCGG_004,156
CCGAGAAGCATGGCGCCCGG_005,94
CCGAGAAGCATGGCGCCCGG_006,68
CCGAGAAGCATGGCGCCCGG_007,34
CCGAGAAGCATGGCGCCCGG_008,50
CCGAGAAGCATGGCGCCCGG_009,110
CCGAGAAGCATGGCGCCCGG_010,147
CCGAGAAGCATGGCGCCCGG_011,167
CCGAGAAGCATGGCGCCCGG_012,65
CCGAGAAGCATGGCGCCCGG_013,182
CCGAGAAGCATGGCGCCCGG_014,123
CCGAGAAGCATGGCGCCCGG_015,58
AGGTGGTAGATTGGGAAACG_001,149
AGGTGGTAGATTGGGAAACG_002,100
AGGTGGTAGATTGGGAAACG_003,32
AGGTGGTAGATTGGGAAACG_004,62
AGGTGGTAGATTGGGAAACG_005,45
CCACCAGTCTCGGATCATCA_001,41
CCACCAGTCTCGGATCATCA_002,92
CCACCAGTCTCGGATCATCA_003,9
GATCACTACGACCAAACAGC_001,104
GATCACTACGACCAAACAGC_002,72
GATCACTACGACCAAACAGC_003,58
GATCACTACGACCAAACAGC_004,49
ATTCCTCGACCACTAGGACA_001,8
ATTCCTCGACCACTAGGACA_002,140
ATTCCTCGACCACTAGGACA_003,17
ATTCCTCGACCACTAGGACA_004,128
ATTCCTCGACCACTAGGACA_005,141
ATTCCTCGACCACTAGGACA_006,161
ATTCCTCGACCACTAGGACA_007,0
ATTCCTCGACCACTAGGACA_008,58
ATTCCTCGACCACTAGGACA_009,168
CAGCCAGAGGATTGTCAACG_001,199
CAGCCAGAGGATTGTCAACG_002,134
CAGCCAGAGGATTGTCAACG_003,192
CAGCCAGAGGATTGTCAACG_004,168
CAGCCAGAGGATTGTCAACG_005,169
CAGCCAGAGGATTGTCAACG_006,124
CAGCCAGAGGATTGTCAACG_007,56
CAGCCAGAGGATTGTCAACG_008,192
AGATTGTGGACCAGTGTGAG_001,36
AGATTGTGGACCAGTGTGAG_002,15
AGATTGTGGACCAGTGTGAG_003,43
AGATTGTGGACCAGTGTGAG_004,32
AGATTGTGGACCAGTGTGAG_005,76
AGATTGTGGACCAGTGTGAG_006,60
AGATTGTGGACCAGTGTGAG_007,97
AGATTGTGGACCAGTGTGAG_008,63
AGATTGTGGACCAGTGTGAG_009,106
AGATTGTGGACCAGTGTGAG_010,169
AGATTGTGGACCAGTGTGAG_011,15
AGATTGTGGACCAGTGTGAG_012,117
AGATTGTGGACCAGTGTGAG_013,83
AGATTGTGGACCAGTGTGAG_014,161
AGATTGTGGACCAGTGTGAG_015,59
AGATTGTGGACCAGTGTGAG_016,71
AGATTGTGGACCAGTGTGAG_017,115
AGATTGTGGACCAGTGTGAG_018,50
AGATTGTGGACCAGTGTGAG_019,41
AGATTGTGGACCAGTGTGAG_020,105
AGATTGTGGACCAGTGTGAG_021,139
AGATTGTGGACCAGTGTGAG_022,143
AGATTGTGGACCAGTGTGAG_023,10
AGATTGTGGACCAGTGTGAG_024,188
AGATTGTGGACCAGTGTGAG_025,160
CCAATAGTAAGGTCATGCAC_001,56
CCAATAGTAAGGTCATGCAC_002,147
GCACTGAGAAATATGGCTGT_001,172
GCACTGAGAAATATGGCTGT_002,88
GCACTGAGAAATATGGCTGT_003,160
GCACTGAGAAATATGGCTGT_004,70
GCACTGAGAAATATGGCTGT_005,174
GCACTGAGAAATATGGCTGT_006,30
TCCAGAGCAGCATTCACAAG_001,183
TCCAGAGCAGCATTCACAAG_002,145
TCGGCTCGCGCTACATCATG_001,55
TCGGCTCGCGCTACATCATG_002,26
TCGGCTCGCGCTACATCATG_003,137
TCGGCTCGCGCTACATCATG_004,163
TCGGCTCGCGCTACATCATG_005,116
TCGGCTCGCGCTACATCATG_006,68
TCGGCTCGCGCTACATCATG_007,76
GGCCTCTCTCCCTCGCAAGG_001,115
GGCCTCTCTCCCTCGCAAGG_002,62
GGCCTCTCTCCCTCGCAAGG_003,177
GGCCTCTCTCCCTCGCAAGG_004,98
GGCCTCTCTCCCTCGCAAGG_005,41
GGCCTCTCTCCCTCGCAAGG_006,19
GGAGTGGTGTGGTTAACAGA_001,150
GGAGTGGTGTGGTTAACAGA_002,193
GGAGTGGTGTGGTTAACAGA_003,193
GGAGTGGTGTGGTTAACAGA_004,51
GGAGTGGTGTGGTTAACAGA_005,162
GGAGTGGTGTGGTTAACAGA_006,153
GGAGTGGTGTGGTTAACAGA_007,194
GGAGTGGTGTGGTTAACAGA_008,88
GGAGTGGTGTGGTTAACAGA_009,2
GGAGTGGTGTGGTTAACAGA_010,162
GGAGTGGTGTGGTTAACAGA_011,12
AAATTGCGTCCCCTCAGCGG_001,28
AAATTGCGTCCCCTCAGCGG_002,13
AAATTGCGTCCCCTCAGCGG_003,157
AAATTGCGTCCCCTCAGCGG_004,149
AAATTGCGTCCCCTCAGCGG_005,127
AAATTGCGTCCCCTCAGCGG_006,58
AAATTGCGTCCCCTCAGCGG_007,60
AAATTGCGTCCCCTCAGCGG_008,170
AAATTGCGTCCCCTCAGCGG_009,28
AAATTGCGTCCCCTCAGCGG_010,57
GAGATGGAGCTGACGCTCGT_001,144
GAGATGGAGCTGACGCTCGT_002,115
GAGATGGAGCTGACGCTCGT_003,75
GTCAGTCCTCCTGAACATTG_001,45
GTCAGTCCTCCTGAACATTG_002,17
GTCAGTCCTCCTGAACATTG_003,96
TAGTAGTGGCAATCCCACTG_001,42
TAGTAGTGGCAATCCCACTG_002,0
TAGTAGTGGCAATCCCACTG_003,50
TAGTAGTGGCAATCCCACTG_004,48
TAGTAGTGGCAATCCCACTG_005,94
TAGTAGTGGCAATCCCACTG_006,176
TAGTAGTGGCAATCCCACTG_007,15
TAGTAGTGGCAATCCCACTG_008,80
TAGTAGTGGCAATCCCACTG_009,80
TAGTAGTGGCAATCCCACTG_010,88
TAGTAGTGGCAATCCCACTG_011,62
TAGTAGTGGCAATCCCACTG_012,48
TAGTAGTGGCAATCCCACTG_013,172
TAGTAGTGGCAATCCCACTG_014,104
TAGTAGTGGCAATCCCACTG_015,37
TAGTAGTGGCAATCCCACTG_016,130
CATCACGTCGCAGAACATCT_001,148
CATCACGTCGCAGAACATCT_002,78
CATCACGTCGCAGAACATCT_003,188
CATCACGTCGCAGAACATCT_004,94
CATCACGTCGCAGAACATCT_005,81
CATCACGTCGCAGAACATCT_006,149
CATCACGTCGCAGAACATCT_007,29
CATCACGTCGCAGAACATCT_008,58
CATCACGTCGCAGAACATCT_009,76
CATCACGTCGCAGAACATCT_010,16
CATCACGTCGCAGAACATCT_011,40
CATCACGTCGCAGAACATCT_012,65
CATCACGTCGCAGAACATCT_013,151
CATCACGTCGCAGAACATCT_014,38
CATCACGTCGCAGAACATCT_015,117
GCTTTAGCCAAATGGGCGGA_001,29
GCTTTAGCCAAATGGGCGGA_002,112
GTCAGCGGCACAGAAGACGT_001,145
GTCAGCGGCACAGAAGACGT_002,149
GTCAGCGGCACAGAAGACGT_003,170
GTCAGCGGCACAGAAGACGT_004,132
GTCAGCGGCACAGAAGACGT_005,28
GTCAGCGGCACAGAAGACGT_006,84
GTCAGCGGCACAGAAGACGT_007,62
GTCAGCGGCACAGAAGACGT_008,124
GTCAGCGGCACAGAAGACGT_009,197
GTCAGCGGCACAGAAGACGT_010,104
GTCAGCGGCACAGAAGACGT_011,81
GTCAGCGGCACAGAAGACGT_012,86
GTCAGCGGCACAGAAGACGT_013,88
GTCAGCGGCACAGAAGACGT_014,34
TCCACCAACTTGACATACAT_001,129
TCCACCAACTTGACATACAT_002,43
TCCACCAACTTGACATACAT_003,141
TCCACCAACTTGACATACAT_004,144
TCCACCAACTTGACATACAT_005,18
TCCACCAACTTGACATACAT_006,35
TCCACCAACTTGACATACAT_007,174
TCCACCAACTTGACATACAT_008,70
TCCACCAACTTGACATACAT_009,127
TGGTTCTGCCACCACGACAG_001,60
TGGTTCTGCCACCACGACAG_002,172
TGGTTCTGCCACCACGACAG_003,14
TGGTTCTGCCACCACGACAG_004,107
AGTAACCTGATCCACTACCT_001,118
AGTAACCTGATCCACTACCT_002,184
AGTAACCTGATCCACTACCT_003,60
AGTAACCTGATCCACTACCT_004,68
AGTAACCTGATCCACTACCT_005,183
AGTAACCTGATCCACTACCT_006,188
AGTAACCTGATCCACTACCT_007,123
AGTAACCTGATCCACTACCT_008,19
AGTAACCTGATCCACTACCT_009,116
AGTAACCTGATCCACTACCT_010,40
AGTAACCTGATCCACTACCT_011,75
GAACACGAGTAGGAACACCA_001,102
GAACACGAGTAGGAACACCA_002,19
GAACACGAGTAGGAACACCA_003,74
GAACACGAGTAGGAACACCA_004,137
GAACACGAGTAGGAACACCA_005,94
GAACACGAGTAGGAACACCA_006,132
GAACACGAGTAGGAACACCA_007,169
GAACACGAGTAGGAACACCA_008,141
GAACACGAGTAGGAACACCA_009,29
GAACACGAGTAGGAACACCA_010,157
GAACACGAGTAGGAACACCA_011,50
GAACACGAGTAGGAACACCA_012,149
GAACACGAGTAGGAACACCA_013,115
GAACACGAGTAGGAACACCA_014,88
GAACACGAGTAGGAACACCA_015,15
GAACACGAGTAGGAACACCA_016,180
GAACACGAGTAGGAACACCA_017,10
TCTGCACTCACTGACCATTG_001,178
TCTGCACTCACTGACCATTG_002,103
TCTGCACTCACTGACCATTG_003,51
TCTGCACTCACTGACCATTG_004,27
TCTGCACTCACTGACCATTG_005,88
TCTGCACTCACTGACCATTG_006,66
TCTGCACTCACTGACCATTG_007,172
TCTGCACTCACTGACCATTG_008,89
AATGGCTAACTACATGTACA_001,17
AATGGCTAACTACATGTACA_002,141
AATGGCTAACTACATGTACA_003,155
AATGGCTAACTACATGTACA_004,129
AATGGCTAACTACATGTACA_005,62
AATGGCTAACTACATGTACA_006,190
AATGGCTAACTACATGTACA_007,36
AATGGCTAACTACATGTACA_008,127
AATGGCTAACTACATGTACA_009,176
AATGGCTAACTACATGTACA_010,105
AATGGCTAACTACATGTACA_011,8
AATGGCTAACTACATGTACA_012,34
AATGGCTAACTACATGTACA_013,43
AATGGCTAACTACATGTACA_014,106
GTAGCCTCTGAAAATCTCGG_001,120
TGTGGCACAGAATCTGCACT_001,2
TGTGGCACAGAATCTGCACT_002,137
TGTGGCACAGAATCTGCACT_003,163
TGTGGCACAGAATCTGCACT_004,94
TGTGGCACAGAATCTGCACT_005,61
TGTGGCACAGAATCTGCACT_006,68
TGTGGCACAGAATCTGCACT_007,182
TGTGGCACAGAATCTGCACT_008,177
AGCCCCACCAGCAGGTACAC_001,12
AGCCCCACCAGCAGGTACAC_002,163
AGCCCCACCAGCAGGTACAC_003,184
AGCCCCACCAGCAGGTACAC_004,76
AGCCCCACCAGCAGGTACAC_005,112
AGCCCCACCAGCAGGTACAC_006,45
TGTCGACGCCGAAAAACTCG_001,82
TGTCGACGCCGAAAAACTCG_002,170
TGTCGACGCCGAAAAACTCG_003,54
ATGACCTCTTTACCCCGCTG_001,189
ATGACCTCTTTACCCCGCTG_002,140
ATGACCTCTTTACCCCGCTG_003,56
ATGACCTCTTTACCCCGCTG_004,168
ATGACCTCTTTACCCCGCTG_005,172
ATGACCTCTTTACCCCGCTG_006,147
ATGACCTCTTTACCCCGCTG_007,54
ATGACCTCTTTACCCCGCTG_008,181
ATGACCTCTTTACCCCGCTG_009,48
ATGACCTCTTTACCCCGCTG_010,38
ATGACCTCTTTACCCCGCTG_011,80
ATGACCTCTTTACCCCGCTG_012,115
ATGACCTCTTTACCCCGCTG_013,13
ATGACCTCTTTACCCCGCTG_014,63
ATGACCTCTTTACCCCGCTG_015,46
CTCTATGGCCCCAAAAAGCG_001,90
CTCTATGGCCCCAAAAAGCG_002,183
GGCTGAGGAACAGCCTCACA_001,172
GGCTGAGGAACAGCCTCACA_002,127
GGCTGAGGAACAGCCTCACA_003,193
GGCTGAGGAACAGCCTCACA_004,129
GGCTGAGGAACAGCCTCACA_005,170
GGCTGAGGAACAGCCTCACA_006,77
GGCTGAGGAACAGCCTCACA_007,149
GGCTGAGGAACAGCCTCACA_008,126
GGCTGAGGAACAGCCTCACA_009,198
GGCTGAGGAACAGCCTCACA_010,185
GGCTGAGGAACAGCCTCACA_011,48
GGCTGAGGAACAGCCTCACA_012,43
GGCTGAGGAACAGCCTCACA_013,149
GGCTGAGGAACAGCCTCACA_014,36
ACTCCTCACTGTTCTAACCC_001,178
CAGGACATGTCGCTCCAGGG_001,158
CAGGACATGTCGCTCCAGGG_002,160
CAGGACATGTCGCTCCAGGG_003,41
CAGGACATGTCGCTCCAGGG_004,122
CAGGACATGTCGCTCCAGGG_005,176
CAGGACATGTCGCTCCAGGG_006,95
CTGCTGGGAGTTCGACACAG_001,115
CTGCTGGGAGTTCGACACAG_002,9
CTGCTGGGAGTTCGACACAG_003,94
CTGCTGGGAGTTCGACACAG_004,20
CTGCTGGGAGTTCGACACAG_005,11
CTGCTGGGAGTTCGACACAG_006,9
CTGCTGGGAGTTCGACACAG_007,115
CTGCTGGGAGTTCGACACAG_008,76
CTGCTGGGAGTTCGACACAG_009,158
CTGCTGGGAGTTCGACACAG_010,121
GAGTTACAAGATCATCCAAG_001,119
GAGTTACAAGATCATCCAAG_002,146
ACTCTGTAGCCACTATCTGG_001,27
ACTCTGTAGCCACTATCTGG_002,134
ACTCTGTAGCCACTATCTGG_003,7
ACTCTGTAGCCACTATCTGG_004,81
ACTCTGTAGCCACTATCTGG_005,52
ACTCTGTAGCCACTATCTGG_006,70
ACTCTGTAGCCACTATCTGG_007,22
CAATCACTTCTACCTAAAGT_001,139
CAATCACTTCTACCTAAAGT_002,42
TCTTGGCTTCAATTAACACG_001,78
TCTTGGCTTCAATTAACACG_002,144
TCTTGGCTTCAATTAACACG_003,134
CCAAGATCCTGAACAAGAGG_001,1
GTGGTTCCTTCCGAATACGA_001,12
GTGGTTCCTTCCGAATACGA_002,69
GTGGTTCCTTCCGAATACGA_003,137
GTGGTTCCTTCCGAATACGA_004,113
GTGGTTCCTTCCGAATACGA_005,76
GTGGTTCCTTCCGAATACGA_006,88
GTGGTTCCTTCCGAATACGA_007,81
GTGGTTCCTTCCGAATACGA_008,89
GTGGTTCCTTCCGAATACGA_009,19
GTGGTTCCTTCCGAATACGA_010,44
GTGGTTCCTTCCGAATACGA_011,127
GTGGTTCCTTCCGAATACGA_012,83
GTGGTTCCTTCCGAATACGA_013,56
GTGGTTCCTTCCGAATACGA_014,155
GTGGTTCCTTCCGAATACGA_015,70
GTGGTTCCTTCCGAATACGA_016,8
GTGGTTCCTTCCGAATACGA_017,155
GTGGTTCCTTCCGAATACGA_018,0
GGCTGCCACCGACTTCGTGC_001,115
GGCTGCCACCGACTTCGTGC_002,130
GGCTGCCACCGACTTCGTGC_003,165
GGCTGCCACCGACTTCGTGC_004,72
GGCTGCCACCGACTTCGTGC_005,181
GGCTGCCACCGACTTCGTGC_006,105
GGCTGCCACCGACTTCGTGC_007,149
GGCTGCCACCGACTTCGTGC_008,73
GGCTGCCACCGACTTCGTGC_009,25
GGCTGCCACCGACTTCGTGC_010,83
GGCTGCCACCGACTTCGTGC_011,98
GGCTGCCACCGACTTCGTGC_012,62
GGCTGCCACCGACTTCGTGC_013,169
GGCTGCCACCGACTTCGTGC_014,199
GGCTGCCACCGACTTCGTGC_015,92
GGCTGCCACCGACTTCGTGC_016,97
GGTTTTATAAGGGTGGGCCT_001,64
GGTTTTATAAGGGTGGGCCT_002,127
GGTTTTATAAGGGTGGGCCT_003,23
GGTTTTATAAGGGTGGGCCT_004,168
GGTTTTATAAGGGTGGGCCT_005,102
GGTTTTATAAGGGTGGGCCT_006,78
GGTTTTATAAGGGTGGGCCT_007,19
GGTTTTATAAGGGTGGGCCT_008,154
GGTTTTATAAGGGTGGGCCT_009,172
GGTTTTATAAGGGTGGGCCT_010,199
GGTTTTATAAGGGTGGGCCT_011,2
GGTTTTATAAGGGTGGGCCT_012,46
CTGGGCAGGACCGGTTCTCA_001,140
CTGGGCAGGACCGGTTCTCA_002,38
CTGGGCAGGACCGGTTCTCA_003,174
CTGGGCAGGACCGGTTCTCA_004,139
CTGGGCAGGACCGGTTCTCA_005,82
CTGGGCAGGACCGGTTCTCA_006,103
CTGGGCAGGACCGGTTCTCA_007,107
CTGGGCAGGACCGGTTCTCA_008,115
CTGGGCAGGACCGGTTCTCA_009,166
CTGGGCAGGACCGGTTCTCA_010,124
CTGGGCAGGACCGGTTCTCA_011,62
GTCCCGCTGATGGTGGACCA_001,171
GAGCCATCGAAATTCCACTC_001,188
GAGCCATCGAAATTCCACTC_002,153
GAGCCATCGAAATTCCACTC_003,70
CCTCACATTTCGTTTCACTG_001,118
CCTCACATTTCGTTTCACTG_002,176
CCTCACATTTCGTTTCACTG_003,63
CCTCACATTTCGTTTCACTG_004,149
CCTCACATTTCGTTTCACTG_005,148
CCTCACATTTCGTTTCACTG_006,81
CCTCACATTTCGTTTCACTG_007,190
CCTCACATTTCGTTTCACTG_008,6
CCTCACATTTCGTTTCACTG_009,102
TGAATTTGTATCAAACTCTG_001,15
TGAATTTGTATCAAACTCTG_002,11
TGAATTTGTATCAAACTCTG_003,22
TGAATTTGTATCAAACTCTG_004,50
TGAATTTGTATCAAACTCTG_005,22
TGAATTTGTATCAAACTCTG_006,144
TGAATTTGTATCAAACTCTG_007,160
GACCCCAACAAACTGCCAGA_001,127
GACCCCAACAAACTGCCAGA_002,42
GACCCCAACAAACTGCCAGA_003,84
GACCCCAACAAACTGCCAGA_004,122
GACCCCAACAAACTGCCAGA_005,38
GACCCCAACAAACTGCCAGA_006,81
GACCCCAACAAACTGCCAGA_007,65
GACCCCAACAAACTGCCAGA_008,147
GACCCCAACAAACTGCCAGA_009,188
GACCCCAACAAACTGCCAGA_010,1
GACCCCAACAAACTGCCAGA_011,43
GACCCCAACAAACTGCCAGA_012,55
GACCCCAACAAACTGCCAGA_013,108
GACCCCAACAAACTGCCAGA_014,180
GACCCCAACAAACTGCCAGA_015,36
GGGGGTCACCCCAATGACCG_001,65
GGGGGTCACCCCAATGACCG_002,48
GGGGGTCACCCCAATGACCG_003,43
GGGGGTCACCCCAATGACCG_004,114
GGGGGTCACCCCAATGACCG_005,137
GGGGGTCACCCCAATGACCG_006,115
GGGGGTCACCCCAATGACCG_007,197
GGGGGTCACCCCAATGACCG_008,104
GGGGGTCACCCCAATGACCG_009,13
GGGGGTCACCCCAATGACCG_010,72
GGGGGTCACCCCAATGACCG_011,149
GGGGGTCACCCCAATGACCG_012,118
GGGGGTCACCCCAATGACCG_013,168
GGGGGTCACCCCAATGACCG_014,143
GGGGGTCACCCCAATGACCG_015,191
GGGGGTCACCCCAATGACCG_016,117
GGGGGTCACCCCAATGACCG_017,192
GGGGGTCACCCCAATGACCG_018,90
GGGGGTCACCCCAATGACCG_019,152
GGGGGTCACCCCAATGACCG_020,19
GGGGGTCACCCCAATGACCG_021,70
GGGGGTCACCCCAATGACCG_022,13
ACTACTTGAGCTAGTAGACT_001,196
ACTACTTGAGCTAGTAGACT_002,62
ACTACTTGAGCTAGTAGACT_003,125
ACTACTTGAGCTAGTAGACT_004,146
ACTACTTGAGCTAGTAGACT_005,91
ACTACTTGAGCTAGTAGACT_006,6
ACTACTTGAGCTAGTAGACT_007,19
TCATGAGATCCACTACGGAC_001,121
TCATGAGATCCACTACGGAC_002,192
TCATGAGATCCACTACGGAC_003,162
TCATGAGATCCACTACGGAC_004,38
TCATGAGATCCACTACGGAC_005,16
TCATGAGATCCACTACGGAC_006,16
TCATGAGATCCACTACGGAC_007,94
TCATGAGATCCACTACGGAC_008,16
TCATGAGATCCACTACGGAC_009,19
TCATGAGATCCACTACGGAC_010,184
TCATGAGATCCACTACGGAC_011,70
TCATGAGATCCACTACGGAC_012,60
TCATGAGATCCACTACGGAC_013,188
TCATGAGATCCACTACGGAC_014,20
TCATGAGATCCACTACGGAC_015,163
TCATGAGATCCACTACGGAC_016,158
AACCAGACGCGGATGACCCG_001,154
AACCAGACGCGGATGACCCG_002,23
AACCAGACGCGGATGACCCG_003,119
AACCAGACGCGGATGACCCG_004,146
AACCAGACGCGGATGACCCG_005,29
AACCAGACGCGGATGACCCG_006,121
AACCAGACGCGGATGACCCG_007,48
AACCAGACGCGGATGACCCG_008,191
AACCAGACGCGGATGACCCG_009,158
AACCAGACGCGGATGACCCG_010,33
AACCAGACGCGGATGACCCG_011,128
AACCAGACGCGGATGACCCG_012,77
AACCAGACGCGGATGACCCG_013,137
AACCAGACGCGGATGACCCG_014,144
AACCAGACGCGGATGACCCG_015,61
AACCAGACGCGGATGACCCG_016,156
AACCAGACGCGGATGACCCG_017,177
AACCAGACGCGGATGACCCG_018,26
AACCAGACGCGGATGACCCG_019,22
AACCAGACGCGGATGACCCG_020,135
AACCAGACGCGGATGACCCG_021,178
AACCAGACGCGGATGACCCG_022,80
AACCAGACGCGGATGACCCG_023,138
AACCAGACGCGGATGACCCG_024,152
CCAGGATGTAGATCTCAACA_001,78
TTCAGGTGACAAGTAGTATG_001,65
TTCAGGTGACAAGTAGTATG_002,100
TTCAGGTGACAAGTAGTATG_003,64
TTCAGGTGACAAGTAGTATG_004,179
TTCAGGTGACAAGTAGTATG_005,3
TTCAGGTGACAAGTAGTATG_006,178
TTCAGGTGACAAGTAGTATG_007,15
TTCAGGTGACAAGTAGTATG_008,56
TTCAGGTGACAAGTAGTATG_009,113
TTCAGGTGACAAGTAGTATG_010,174
TTCAGGTGACAAGTAGTATG_011,79
TTCAGGTGACAAGTAGTATG_012,1
TCTAGAGAAGAATCCCCTGG_001,53
TCTAGAGAAGAATCCCCTGG_002,155
TCTAGAGAAGAATCCCCTGG_003,45
GCTCAAGAAGAAGCGATACC_001,115
GCTCAAGAAGAAGCGATACC_002,56
GCTCAAGAAGAAGCGATACC_003,52
GCTCAAGAAGAAGCGATACC_004,141
GCTCAAGAAGAAGCGATACC_005,150
GCTCAAGAAGAAGCGATACC_006,87
GCTCAAGAAGAAGCGATACC_007,159
GCTCAAGAAGAAGCGATACC_008,94
GCTCAAGAAGAAGCGATACC_009,188
GCTCAAGAAGAAGCGATACC_010,175
GCTCAAGAAGAAGCGATACC_011,26
CATCACACACTTTGTCCACG_001,68
CATCACACACTTTGTCCACG_002,6
CATCACACACTTTGTCCACG_003,92
CATCACACACTTTGTCCACG_004,63
CATCACACACTTTGTCCACG_005,130
CATCACACACTTTGTCCACG_006,134
CATCACACACTTTGTCCACG_007,48
CATCACACACTTTGTCCACG_008,35
CATCACACACTTTGTCCACG_009,20
CATCACACACTTTGTCCACG_010,120
CATCACACACTTTGTCCACG_011,179
CATCACACACTTTGTCCACG_012,39
CTCAGCCAGACAGTAGTAGG_001,169
CTCAGCCAGACAGTAGTAGG_002,193
CTCAGCCAGACAGTAGTAGG_003,161
CTCAGCCAGACAGTAGTAGG_004,61
CTCAGCCAGACAGTAGTAGG_005,94
CTCAGCCAGACAGTAGTAGG_006,16
CTCAGCCAGACAGTAGTAGG_007,194
CTCAGCCAGACAGTAGTAGG_008,121
CTCAGCCAGACAGTAGTAGG_009,101
CTTCCACTTCAGAATCACTG_001,129
CTTCCACTTCAGAATCACTG_002,49
CTTCCACTTCAGAATCACTG_003,28
CTTCCACTTCAGAATCACTG_004,63
CTTCCACTTCAGAATCACTG_005,48
CTTCCACTTCAGAATCACTG_006,193
CTTCCACTTCAGAATCACTG_007,49
CTTCCACTTCAGAATCACTG_008,17
CTTCCACTTCAGAATCACTG_009,43
ACGCCGGTCTTGATGACGAG_001,4
ACGCCGGTCTTGATGACGAG_002,74
ACGCCGGTCTTGATGACGAG_003,107
ACGCCGGTCTTGATGACGAG_004,121
ACGCCGGTCTTGATGACGAG_005,75
ACGCCGGTCTTGATGACGAG_006,177
ACGCCGGTCTTGATGACGAG_007,23
ACGCCGGTCTTGATGACGAG_008,14
ACGCCGGTCTTGATGACGAG_009,150
ACGCCGGTCTTGATGACGAG_010,27
ACGCCGGTCTTGATGACGAG_011,146
TGCGACACATGATTGCAGAT_001,94
TGCGACACATGATTGCAGAT_002,108
TGCGACACATGATTGCAGAT_003,54
AGCTAGCGATGGCTCTAAGT_001,77
AGCTAGCGATGGCTCTAAGT_002,29
AGCTAGCGATGGCTCTAAGT_003,53
AGCTAGCGATGGCTCTAAGT_004,81
AGCTAGCGATGGCTCTAAGT_005,126
AGCTAGCGATGGCTCTAAGT_006,157
AGCTAGCGATGGCTCTAAGT_007,17
AGCTAGCGATGGCTCTAAGT_008,58
AGCTAGCGATGGCTCTAAGT_009,56
AGCTAGCGATGGCTCTAAGT_010,131
CGTTCCTCTTGGAAAAAGCA_001,154
CGTTCCTCTTGGAAAAAGCA_002,86
CGTTCCTCTTGGAAAAAGCA_003,57
CAGACTGCAGACCACCCACG_001,68
CAGACTGCAGACCACCCACG_002,68
CAGACTGCAGACCACCCACG_003,145
CAGACTGCAGACCACCCACG_004,121
CAGACTGCAGACCACCCACG_005,33
CAGACTGCAGACCACCCACG_006,116
CAGACTGCAGACCACCCACG_007,127
CAGACTGCAGACCACCCACG_008,122
CAGACTGCAGACCACCCACG_009,165
CAGACTGCAGACCACCCACG_010,168
CAACATCAACTTGAAGCTCG_001,34
CAACATCAACTTGAAGCTCG_002,166
CAACATCAACTTGAAGCTCG_003,181
CAACATCAACTTGAAGCTCG_004,159
CAACATCAACTTGAAGCTCG_005,175
CAACATCAACTTGAAGCTCG_006,168
GGAACGCCCCATGTACGGCC_001,127
GGAACGCCCCATGTACGGCC_002,19
GGAACGCCCCATGTACGGCC_003,58
GGAACGCCCCATGTACGGCC_004,60
GGAACGCCCCATGTACGGCC_005,140
GGAACGCCCCATGTACGGCC_006,169
GGAACGCCCCATGTACGGCC_007,107
GGAACGCCCCATGTACGGCC_008,77
GGAACGCCCCATGTACGGCC_009,108
GGAACGCCCCATGTACGGCC_010,144
GGAACGCCCCATGTACGGCC_011,23
GGAACGCCCCATGTACGGCC_012,55
GGAACGCCCCATGTACGGCC_013,1
GGAACGCCCCATGTACGGCC_014,149
GGAACGCCCCATGTACGGCC_015,32
GGAACGCCCCATGTACGGCC_016,108
GGAACGCCCCATGTACGGCC_017,82
GGAACGCCCCATGTACGGCC_018,62
GGCGAAATGGATATGGGTAA_001,110
GGCGAAATGGATATGGGTAA_002,76
TCTTATCACACGTATCACAT_001,88
TCTTATCACACGTATCACAT_002,178
TCTTATCACACGTATCACAT_003,152
TCTTATCACACGTATCACAT_004,161
TCTTATCACACGTATCACAT_005,189
TTCTTGCCAGGCCATCCGAG_001,48
TTCTTGCCAGGCCATCCGAG_002,44
TTCTTGCCAGGCCATCCGAG_003,16
TTCTTGCCAGGCCATCCGAG_004,103
TTCTTGCCAGGCCATCCGAG_005,173
TTCTTGCCAGGCCATCCGAG_006,162
TTCTTGCCAGGCCATCCGAG_007,139
TTCTTGCCAGGCCATCCGAG_008,192
TTCTTGCCAGGCCATCCGAG_009,78
TTCTTGCCAGGCCATCCGAG_010,145
GCAGAAAATCAGGGCAACCC_001,149
GCAGAAAATCAGGGCAACCC_002,73
GCAGAAAATCAGGGCAACCC_003,146
GGAGTCAATGAAGTCCCGTG_001,115
GGAGTCAATGAAGTCCCGTG_002,169
GGAGTCAATGAAGTCCCGTG_003,178
GGAGTCAATGAAGTCCCGTG_004,105
GAGACCTTCTGTGGTAAACG_001,162
GAGACCTTCTGTGGTAAACG_002,150
GAGACCTTCTGTGGTAAACG_003,28
GAGACCTTCTGTGGTAAACG_004,195
GAGACCTTCTGTGGTAAACG_005,195
GAGACCTTCTGTGGTAAACG_006,50
GAGACCTTCTGTGGTAAACG_007,10
GGTACTGGACATGTGACACA_001,25
GGTACTGGACATGTGACACA_002,1
GGTACTGGACATGTGACACA_003,174
GGTACTGGACATGTGACACA_004,120
GGTACTGGACATGTGACACA_005,127
GGTACTGGACATGTGACACA_006,29
GGTACTGGACATGTGACACA_007,41
GGTACTGGACATGTGACACA_008,105
GGTACTGGACATGTGACACA_009,121
GGTACTGGACATGTGACACA_010,61
AGGTGGCATCCGCCACACTC_001,42
TCAAGGAGATCAATTTCCGT_001,176
TCAAGGAGATCAATTTCCGT_002,142
TCAAGGAGATCAATTTCCGT_003,38
TTACACCACAAGAGGCAACG_001,118
TTACACCACAAGAGGCAACG_002,69
TTACACCACAAGAGGCAACG_003,119
TTACACCACAAGAGGCAACG_004,188
TTACACCACAAGAGGCAACG_005,68
TTACACCACAAGAGGCAACG_006,140
TTACACCACAAGAGGCAACG_007,112
TTACACCACAAGAGGCAACG_008,167
TTACACCACAAGAGGCAACG_009,167
TTACACCACAAGAGGCAACG_010,98
TTACACCACAAGAGGCAACG_011,71
TTACACCACAAGAGGCAACG_012,80
TTACACCACAAGAGGCAACG_013,22
TTACACCACAAGAGGCAACG_014,80
TTACACCACAAGAGGCAACG_015,48
TTACACCACAAGAGGCAACG_016,138
TCTGAAAGTTGTGGACTACG_001,177
TCTGAAAGTTGTGGACTACG_002,125
TCTGAAAGTTGTGGACTACG_003,180
TCTGAAAGTTGTGGACTACG_004,43
CGAATTGAGCAGTGTACACG_001,163
CGAATTGAGCAGTGTACACG_002,82
CGAATTGAGCAGTGTACACG_003,104
CGAATTGAGCAGTGTACACG_004,153
CGAATTGAGCAGTGTACACG_005,115
CGAATTGAGCAGTGTACACG_006,84
CGAATTGAGCAGTGTACACG_007,136
CGAATTGAGCAGTGTACACG_008,90
CGAATTGAGCAGTGTACACG_009,66
CGAATTGAGCAGTGTACACG_010,37
CGAATTGAGCAGTGTACACG_011,37
CGAATTGAGCAGTGTACACG_012,93
CGAATTGAGCAGTGTACACG_013,104
CGAATTGAGCAGTGTACACG_014,57
CGAATTGAGCAGTGTACACG_015,169
AGGCTGAGGAAGTAGACGCC_001,183
AGGCTGAGGAAGTAGACGCC_002,154
AGGCTGAGGAAGTAGACGCC_003,107
AGGCTGAGGAAGTAGACGCC_004,142
AGGCTGAGGAAGTAGACGCC_005,144
AGGCTGAGGAAGTAGACGCC_006,196
TTGGACACTAGAACCCCCAC_001,189
TTGGACACTAGAACCCCCAC_002,191
TTGGACACTAGAACCCCCAC_003,49
TTGGACACTAGAACCCCCAC_004,10
TTGGACACTAGAACCCCCAC_005,128
TTGGACACTAGAACCCCCAC_006,149
TTGGACACTAGAACCCCCAC_007,128
TTGGACACTAGAACCCCCAC_008,141
TTGGACACTAGAACCCCCAC_009,16
TTGGACACTAGAACCCCCAC_010,131
TTGGACACTAGAACCCCCAC_011,38
TTGGACACTAGAACCCCCAC_012,122
TTGGACACTAGAACCCCCAC_013,118
TTGGACACTAGAACCCCCAC_014,118
TTGGACACTAGAACCCCCAC_015,146
TTGGACACTAGAACCCCCAC_016,45
TTGGACACTAGAACCCCCAC_017,174
TTGGACACTAGAACCCCCAC_018,57
TTGGACACTAGAACCCCCAC_019,68
TTGGACACTAGAACCCCCAC_020,53
TTGGACACTAGAACCCCCAC_021,107
TTGGACACTAGAACCCCCAC_022,151
TTGGACACTAGAACCCCCAC_023,124
TTGGACACTAGAACCCCCAC_024,48
TTGGACACTAGAACCCCCAC_025,160
GCAGCTACTAGCATTATCTG_001,102
GCAGCTACTAGCATTATCTG_002,199
GCAGCTACTAGCATTATCTG_003,169
GCAGCTACTAGCATTATCTG_004,147
GCAGCTACTAGCATTATCTG_005,146
GCAGCTACTAGCATTATCTG_006,146
GCAGCTACTAGCATTATCTG_007,50
AAATGGCATCAAAGCTAGGG_001,133
AAATGGCATCAAAGCTAGGG_002,60
AAATGGCATCAAAGCTAGGG_003,172
AAATGGCATCAAAGCTAGGG_004,127
AAATGGCATCAAAGCTAGGG_005,36
AAATGGCATCAAAGCTAGGG_006,94
AAATGGCATCAAAGCTAGGG_007,46
AAATGGCATCAAAGCTAGGG_008,113
AAATGGCATCAAAGCTAGGG_009,169
AAATGGCATCAAAGCTAGGG_010,188
AAATGGCATCAAAGCTAGGG_011,78
AAATGGCATCAAAGCTAGGG_012,67
AAATGGCATCAAAGCTAGGG_013,84
AAATGGCATCAAAGCTAGGG_014,58
AAATGGCATCAAAGCTAGGG_015,88
AAGTATCGATCCACGAGCGA_001,15
AAGTATCGATCCACGAGCGA_002,7
TGGAGCTACAGAAATCGACG_001,70
TGGAGCTACAGAAATCGACG_002,92
TGGAGCTACAGAAATCGACG_003,175
GAAGCGACTACTAGACAGAA_001,16
GAAGCGACTACTAGACAGAA_002,195
GAAGCGACTACTAGACAGAA_003,119
GAAGCGACTACTAGACAGAA_004,68
CATAATCTCATTTGTATGCT_001,183
CATAATCTCATTTGTATGCT_002,28
CATAATCTCATTTGTATGCT_003,58
CATAATCTCATTTGTATGCT_004,19
CATAATCTCATTTGTATGCT_005,176
CATAATCTCATTTGTATGCT_006,176
GCTGCTCAAAGTTGGACATG_001,137
GCTGCTCAAAGTTGGACATG_002,144
GCTGCTCAAAGTTGGACATG_003,88
GCTGCTCAAAGTTGGACATG_004,43
GCTGCTCAAAGTTGGACATG_005,138
GCTGCTCAAAGTTGGACATG_006,138
GCTGCTCAAAGTTGGACATG_007,105
GCTGCTCAAAGTTGGACATG_008,0
GCTGCTCAAAGTTGGACATG_009,14
GCTGCTCAAAGTTGGACATG_010,169
GCTGCTCAAAGTTGGACATG_011,57
GCTGCTCAAAGTTGGACATG_012,88
GCTGCTCAAAGTTGGACATG_013,160
GCTGCTCAAAGTTGGACATG_014,191
GGACGACGATCAGAAAGACT_001,72
GGACGACGATCAGAAAGACT_002,56
GCAAGGACTTCTCTGATAGG_001,113
GCCAGAGGCGCAGATAGGTG_001,53
GCCAGAGGCGCAGATAGGTG_002,27
GCCAGAGGCGCAGATAGGTG_003,28
GCCAGAGGCGCAGATAGGTG_004,74
GCCAGAGGCGCAGATAGGTG_005,82
GCCAGAGGCGCAGATAGGTG_006,148
GCCAGAGGCGCAGATAGGTG_007,14
GCCAGAGGCGCAGATAGGTG_008,68
CACCGTCAAGTATGACCGCA_001,70
CACCGTCAAGTATGACCGCA_002,142
CACCGTCAAGTATGACCGCA_003,175
GAGACCCGGACCTATGAACA_001,139
GAGACCCGGACCTATGAACA_002,29
GAGACCCGGACCTATGAACA_003,92
GAGACCCGGACCTATGAACA_004,85
GAGACCCGGACCTATGAACA_005,110
GAGACCCGGACCTATGAACA_006,133
GAGACCCGGACCTATGAACA_007,39
GGTATTTGAGAACCAACCCT_001,32
GGTATTTGAGAACCAACCCT_002,52
GGTATTTGAGAACCAACCCT_003,2
GGTATTTGAGAACCAACCCT_004,102
AAGACCCACATATATCTATG_001,112
AAGACCCACATATATCTATG_002,127
AAGACCCACATATATCTATG_003,150
TGCCAATGGTTCGAGCAACG_001,21
TGCCAATGGTTCGAGCAACG_002,92
TGCCAATGGTTCGAGCAACG_003,2
TGCCAATGGTTCGAGCAACG_004,90
AGCCTGTGACCATCAATGTG_001,0
AGCCTGTGACCATCAATGTG_002,8
AGCCTGTGACCATCAATGTG_003,8
AGCCTGTGACCATCAATGTG_004,8
AGCCTGTGACCATCAATGTG_005,121
AGCCTGTGACCATCAATGTG_006,75
AGCCTGTGACCATCAATGTG_007,69
AGCCTGTGACCATCAATGTG_008,148
AGCCTGTGACCATCAATGTG_009,175
AGCCTGTGACCATCAATGTG_010,8
AGCCTGTGACCATCAATGTG_011,194
AGCCTGTGACCATCAATGTG_012,69
AGCCTGTGACCATCAATGTG_013,193
AGCCTGTGACCATCAATGTG_014,195
AGCCTGTGACCATCAATGTG_015,188
AGCCTGTGACCATCAATGTG_016,165
AAAGGACTGGATTACTAACA_001,70
GACGTAATGCCCTTGATCGG_001,39
GACGTAATGCCCTTGATCGG_002,154
GACGTAATGCCCTTGATCGG_003,129
GACGTAATGCCCTTGATCGG_004,148
GACGTAATGCCCTTGATCGG_005,137
GACGTAATGCCCTTGATCGG_006,96
GACGTAATGCCCTTGATCGG_007,102
GACGTAATGCCCTTGATCGG_008,142
GACGTAATGCCCTTGATCGG_009,34
GACGTAATGCCCTTGATCGG_010,172
GACGTAATGCCCTTGATCGG_011,50
ATATATTCAGGATTTCCGGA_001,135
ATATATTCAGGATTTCCGGA_002,170
ATATATTCAGGATTTCCGGA_003,169
ATATATTCAGGATTTCCGGA_004,65
TGAGTTTGCCAATCATAGGG_001,48
TGAGTTTGCCAATCATAGGG_002,29
TGAGTTTGCCAATCATAGGG_003,177
CCACCGGAGCAACGTCACGG_001,175
CCACCGGAGCAACGTCACGG_002,34
CCACCGGAGCAACGTCACGG_003,118
CCACCGGAGCAACGTCACGG_004,113
CCACCGGAGCAACGTCACGG_005,152
CCACCGGAGCAACGTCACGG_006,91
CCACCGGAGCAACGTCACGG_007,115
CCACCGGAGCAACGTCACGG_008,157
CCACCGGAGCAACGTCACGG_009,15
CCACCGGAGCAACGTCACGG_010,57
CCACCGGAGCAACGTCACGG_011,17
CCACCGGAGCAACGTCACGG_012,115
CCACCGGAGCAACGTCACGG_013,141
CCACCGGAGCAACGTCACGG_014,115
CCACCGGAGCAACGTCACGG_015,170
GGACGAAAACTTGTATGAGA_001,87
GGACGAAAACTTGTATGAGA_002,151
ACATGTAATAATACACACTG_001,169
ACATGTAATAATACACACTG_002,50
ACATGTAATAATACACACTG_003,134
ACATGTAATAATACACACTG_004,148
ACATGTAATAATACACACTG_005,162
ACATGTAATAATACACACTG_006,119
ACACCGTGAGCCTCTACCAG_001,58
ACACCGTGAGCCTCTACCAG_002,102
ACACCGTGAGCCTCTACCAG_003,61
ACACCGTGAGCCTCTACCAG_004,39
ACACCGTGAGCCTCTACCAG_005,142
ACACCGTGAGCCTCTACCAG_006,178
ACACCGTGAGCCTCTACCAG_007,72
ACACCGTGAGCCTCTACCAG_008,132
ACACCGTGAGCCTCTACCAG_009,34
ACACCGTGAGCCTCTACCAG_010,132
ACACCGTGAGCCTCTACCAG_011,115
ACACCGTGAGCCTCTACCAG_012,108
ACACCGTGAGCCTCTACCAG_013,108
ACACCGTGAGCCTCTACCAG_014,101
ACACCGTGAGCCTCTACCAG_015,113
ACACCGTGAGCCTCTACCAG_016,41
ACACCGTGAGCCTCTACCAG_017,40
ACACCGTGAGCCTCTACCAG_018,57
ACACCGTGAGCCTCTACCAG_019,118
ACACCGTGAGCCTCTACCAG_020,26
ACACCGTGAGCCTCTACCAG_021,70
ACACCGTGAGCCTCTACCAG_022,63
ACACCGTGAGCCTCTACCAG_023,154
ACACCGTGAGCCTCTACCAG_024,163
ACACCGTGAGCCTCTACCAG_025,162
ACACCGTGAGCCTCTACCAG_026,95
ACACCGTGAGCCTCTACCAG_027,62
ACACCGTGAGCCTCTACCAG_028,115
ACACCGTGAGCCTCTACCAG_029,112
ACACCGTGAGCCTCTACCAG_030,113
ACACCGTGAGCCTCTACCAG_031,157
ACACCGTGAGCCTCTACCAG_032,175
ACACCGTGAGCCTCTACCAG_033,12
ACACCGTGAGCCTCTACCAG_034,144
ACACCGTGAGCCTCTACCAG_035,43
ACACCGTGAGCCTCTACCAG_036,59
ATATACCGTTTGCATCTTTG_001,17
ATATACCGTTTGCATCTTTG_002,130
ATATACCGTTTGCATCTTTG_003,68
ATATACCGTTTGCATCTTTG_004,7
ATATACCGTTTGCATCTTTG_005,199
ATATACCGTTTGCATCTTTG_006,1
CACACGCATCACCTTTGAGA_001,169
CACGCCGGCTAAACCCACTG_001,172
CACGCCGGCTAAACCCACTG_002,145
CACGCCGGCTAAACCCACTG_003,28
CACGCCGGCTAAACCCACTG_004,113
CACGCCGGCTAAACCCACTG_005,163
CACGCCGGCTAAACCCACTG_006,28
CACGCCGGCTAAACCCACTG_007,6
CACGCCGGCTAAACCCACTG_008,97
CACGCCGGCTAAACCCACTG_009,48
CACGCCGGCTAAACCCACTG_010,169
CACGCCGGCTAAACCCACTG_011,91
CACGCCGGCTAAACCCACTG_012,130
CACGCCGGCTAAACCCACTG_013,97
CACGCCGGCTAAACCCACTG_014,184
CACGCCGGCTAAACCCACTG_015,172
CACGCCGGCTAAACCCACTG_016,62
CACGCCGGCTAAACCCACTG_017,81
CACGCCGGCTAAACCCACTG_018,53
GTGAATGGCACAACAGGAGA_001,53
GTGAATGGCACAACAGGAGA_002,187
GTGAATGGCACAACAGGAGA_003,2
GTGAATGGCACAACAGGAGA_004,143
GTGAATGGCACAACAGGAGA_005,143
TGATGATCTTGTGCTCCAAG_001,175
ATGTTCAATTAAAGGACCAC_001,184
ATGTTCAATTAAAGGACCAC_002,142
ATGTTCAATTAAAGGACCAC_003,15
ATGTTCAATTAAAGGACCAC_004,134
ATGTTCAATTAAAGGACCAC_005,158
ATGTTCAATTAAAGGACCAC_006,176
ATGTTCAATTAAAGGACCAC_007,125
ATGTTCAATTAAAGGACCAC_008,198
ATGTTCAATTAAAGGACCAC_009,59
ATGTTCAATTAAAGGACCAC_010,52
ATGTTCAATTAAAGGACCAC_011,49
CAGACTGTAAGGGAGCGAGT_001,6
CAGACTGTAAGGGAGCGAGT_002,161
CAGACTGTAAGGGAGCGAGT_003,76
CAGACTGTAAGGGAGCGAGT_004,60
CAGACTGTAAGGGAGCGAGT_005,91
CAGACTGTAAGGGAGCGAGT_006,100
CAGACTGTAAGGGAGCGAGT_007,158
CGGACTCCTCCAAGATACCC_001,85
CGGACTCCTCCAAGATACCC_002,101
CGGACTCCTCCAAGATACCC_003,188
TCTTCTTGAACTTGGACCGG_001,101
TCTTCTTGAACTTGGACCGG_002,176
ATTCATGGGATCATATAATG_001,184
GGACCTCACTACTACACATG_001,166
GGACCTCACTACTACACATG_002,72
AAAGTGACAGCTCTTAGTCG_001,69
AAAGTGACAGCTCTTAGTCG_002,38
AAAGTGACAGCTCTTAGTCG_003,74
AAAGTGACAGCTCTTAGTCG_004,70
AAAGTGACAGCTCTTAGTCG_005,70
AAAGTGACAGCTCTTAGTCG_006,127
AGATGCTCGAGAATTGGACC_001,126
AGATGCTCGAGAATTGGACC_002,11
AGATGCTCGAGAATTGGACC_003,176
AGATGCTCGAGAATTGGACC_004,176
AGATGCTCGAGAATTGGACC_005,127
AGATGCTCGAGAATTGGACC_006,199
GGAGGCGAAAAATTACGAAG_001,68
GGAGGCGAAAAATTACGAAG_002,117
GGAGGCGAAAAATTACGAAG_003,14
GGAGGCGAAAAATTACGAAG_004,14
GGAGGCGAAAAATTACGAAG_005,161
GTGAGCGCTACATTGGCATG_001,68
GTGAGCGCTACATTGGCATG_002,60
GTGAGCGCTACATTGGCATG_003,115
GTGAGCGCTACATTGGCATG_004,173
GTGAGCGCTACATTGGCATG_005,173
GTGAGCGCTACATTGGCATG_006,173
GTGAGCGCTACATTGGCATG_007,44
GTGAGCGCTACATTGGCATG_008,73
GTGAGCGCTACATTGGCATG_009,107
GTGAGCGCTACATTGGCATG_010,120
GTGAGCGCTACATTGGCATG_011,104
GTGAGCGCTACATTGGCATG_012,10
GTGAGCGCTACATTGGCATG_013,138
GAGGCACTGTTGGCAACGGG_001,17
GAGGCACTGTTGGCAACGGG_002,86
GAGGCACTGTTGGCAACGGG_003,197
GAGGCACTGTTGGCAACGGG_004,1
GAGGCACTGTTGGCAACGGG_005,19
GAGGCACTGTTGGCAACGGG_006,91
TGGAATGAGGATCCAAAACA_001,5
TGGAATGAGGATCCAAAACA_002,182
TGGAATGAGGATCCAAAACA_003,98
TGGAATGAGGATCCAAAACA_004,172
TGGAATGAGGATCCAAAACA_005,50
TGGAATGAGGATCCAAAACA_006,27
TGGAATGAGGATCCAAAACA_007,143
TGGAATGAGGATCCAAAACA_008,177
TGGAATGAGGATCCAAAACA_009,60
TGGAATGAGGATCCAAAACA_010,141
AGGGAAGAGTCCCTGCTACG_001,40
AGGGAAGAGTCCCTGCTACG_002,37
AGGGAAGAGTCCCTGCTACG_003,75
AGGGAAGAGTCCCTGCTACG_004,121
AGGGAAGAGTCCCTGCTACG_005,154
AGGGAAGAGTCCCTGCTACG_006,88
AGGGAAGAGTCCCTGCTACG_007,107
AGGGAAGAGTCCCTGCTACG_008,194
AGGGAAGAGTCCCTGCTACG_009,48
CAGGAAGGCTCACAGACCAC_001,83
TTGTAGACGTGAACCTATGC_001,62
TTGTAGACGTGAACCTATGC_002,150
TTGTAGACGTGAACCTATGC_003,14
TTGTAGACGTGAACCTATGC_004,58
TTGTAGACGTGAACCTATGC_005,132
TTGTAGACGTGAACCTATGC_006,31
AACAGTTCAAAAAGGTACCA_001,113
AACAGTTCAAAAAGGTACCA_002,130
TGGCATAATTCATCATACCC_001,9
TATCATGGTCACAAAAACGA_001,191
TATCATGGTCACAAAAACGA_002,93
TATCATGGTCACAAAAACGA_003,185
TATCATGGTCACAAAAACGA_004,105
TATCATGGTCACAAAAACGA_005,129
TATCATGGTCACAAAAACGA_006,37
TATCATGGTCACAAAAACGA_007,169
TATCATGGTCACAAAAACGA_008,5
GCCAGACGGTGTGCCCATCA_001,121
GCCAGACGGTGTGCCCATCA_002,150
GCCAGACGGTGTGCCCATCA_003,118
GCCAGACGGTGTGCCCATCA_004,199
GCCAGACGGTGTGCCCATCA_005,57
GCCAGACGGTGTGCCCATCA_006,28
GCCAGACGGTGTGCCCATCA_007,123
GCCAGACGGTGTGCCCATCA_008,124
GCCAGACGGTGTGCCCATCA_009,122
GCCAGACGGTGTGCCCATCA_010,137
GCCAGACGGTGTGCCCATCA_011,58
GCCAGACGGTGTGCCCATCA_012,147
GCCAGACGGTGTGCCCATCA_013,182
GCCAGACGGTGTGCCCATCA_014,52
ATTGGAGGAGATTTAACACA_001,44
ATTGGAGGAGATTTAACACA_002,26
ATTGGAGGAGATTTAACACA_003,147
ATTGGAGGAGATTTAACACA_004,15
TTTAAGGAGCTAGTTACACA_001,48
TTTAAGGAGCTAGTTACACA_002,17
TTTAAGGAGCTAGTTACACA_003,120
TTTAAGGAGCTAGTTACACA_004,146
TTTAAGGAGCTAGTTACACA_005,48
TTTAAGGAGCTAGTTACACA_006,113
TTTAAGGAGCTAGTTACACA_007,178
TTTAAGGAGCTAGTTACACA_008,165
TTTAAGGAGCTAGTTACACA_009,137
TTTAAGGAGCTAGTTACACA_010,94
TTTAAGGAGCTAGTTACACA_011,162
TTTAAGGAGCTAGTTACACA_012,17
TTTAAGGAGCTAGTTACACA_013,177
GCTGAACTCGATGGAACCAG_001,60
GCTGAACTCGATGGAACCAG_002,193
GCTGAACTCGATGGAACCAG_003,69
GCTGAACTCGATGGAACCAG_004,58
GCTGAACTCGATGGAACCAG_005,184
GCTGAACTCGATGGAACCAG_006,158
GCTGAACTCGATGGAACCAG_007,20
GCTGAACTCGATGGAACCAG_008,102
AGAGGAGGCTAATTATGAGG_001,50
AGAGGAGGCTAATTATGAGG_002,198
AGAGGAGGCTAATTATGAGG_003,175
AGCCCTTCTTCTACTCACTA_001,147
AGCCCTTCTTCTACTCACTA_002,57
AGCCCTTCTTCTACTCACTA_003,15
AGCCCTTCTTCTACTCACTA_004,122
AGCCCTTCTTCTACTCACTA_005,140
AGCCCTTCTTCTACTCACTA_006,108
AGCCCTTCTTCTACTCACTA_007,148
AGCCCTTCTTCTACTCACTA_008,2
CAGAATGCTTCCGTACATGT_001,158
CAGAATGCTTCCGTACATGT_002,103
CAGAATGCTTCCGTACATGT_003,48
CAGAATGCTTCCGTACATGT_004,105
CAGAATGCTTCCGTACATGT_005,121
CAGAATGCTTCCGTACATGT_006,51
CAGAATGCTTCCGTACATGT_007,43
CAGAATGCTTCCGTACATGT_008,165
GCTGAACGACGCAGTCACCG_001,27
CTGACAAATCAGAAGATGGA_001,49
CTGACAAATCAGAAGATGGA_002,88
CTGACAAATCAGAAGATGGA_003,141
CTGACAAATCAGAAGATGGA_004,19
CTGACAAATCAGAAGATGGA_005,15
AGGGCATACGGAGACAGCGA_001,184
AGGGCATACGGAGACAGCGA_002,34
AGGGCATACGGAGACAGCGA_003,127
AGGGCATACGGAGACAGCGA_004,88
AGGGCATACGGAGACAGCGA_005,10
AGGGCATACGGAGACAGCGA_006,137
AGGGCATACGGAGACAGCGA_007,2
AGGGCATACGGAGACAGCGA_008,88
AGGGCATACGGAGACAGCGA_009,75
AGGGCATACGGAGACAGCGA_010,10
AGGGCATACGGAGACAGCGA_011,148
AGGGCATACGGAGACAGCGA_012,146
AGGGCATACGGAGACAGCGA_013,48
AGGGCATACGGAGACAGCGA_014,176
AGGGCATACGGAGACAGCGA_015,49
AGGGCATACGGAGACAGCGA_016,8
AGGGCATACGGAGACAGCGA_017,50
AGGGCATACGGAGACAGCGA_018,53
AGGGCATACGGAGACAGCGA_019,188
AGGGCATACGGAGACAGCGA_020,179
AGGGCATACGGAGACAGCGA_021,115
AGGGCATACGGAGACAGCGA_022,77
AGGGCATACGGAGACAGCGA_023,9
AGGGCATACGGAGACAGCGA_024,111
AGGGCATACGGAGACAGCGA_025,87
GGCCATGGTGAGGAGTCACA_001,119
AAAGAGGGAAAGATCAAAAG_001,175
AAAGAGGGAAAGATCAAAAG_002,175
AAAGAGGGAAAGATCAAAAG_003,34
AAAGAGGGAAAGATCAAAAG_004,84
AAAGAGGGAAAGATCAAAAG_005,27
AAAGAGGGAAAGATCAAAAG_006,117
AAAGAGGGAAAGATCAAAAG_007,8
AAAGAGGGAAAGATCAAAAG_008,45
TGGGAGCCACATTTACAATG_001,81
TGGGAGCCACATTTACAATG_002,168
TGGGAGCCACATTTACAATG_003,138
TGGGAGCCACATTTACAATG_004,134
TGGGAGCCACATTTACAATG_005,181
TGGGAGCCACATTTACAATG_006,59
TGGGAGCCACATTTACAATG_007,156
TGGGAGCCACATTTACAATG_008,31
TGGGAGCCACATTTACAATG_009,129
TGGGAGCCACATTTACAATG_010,10
TGGGAGCCACATTTACAATG_011,153
AATGAGACTCTAGTACAACA_001,127
AATGAGACTCTAGTACAACA_002,55
AATGAGACTCTAGTACAACA_003,18
AATGAGACTCTAGTACAACA_004,90
ACAGCCCTCACGAGCCCGAA_001,86
ACAGCCCTCACGAGCCCGAA_002,60
ACAGCCCTCACGAGCCCGAA_003,68
ACAGCCCTCACGAGCCCGAA_004,28
ACAGCCCTCACGAGCCCGAA_005,94
ACAGCCCTCACGAGCCCGAA_006,28
ACAGCCCTCACGAGCCCGAA_007,102
ACAGCCCTCACGAGCCCGAA_008,171
ACAGCCCTCACGAGCCCGAA_009,171
ACAGCCCTCACGAGCCCGAA_010,76
ACAGCCCTCACGAGCCCGAA_011,50
ACAGCCCTCACGAGCCCGAA_012,128
ACAGCCCTCACGAGCCCGAA_013,38
ACAGCCCTCACGAGCCCGAA_014,191
ACAGCCCTCACGAGCCCGAA_015,121
ACAGCCCTCACGAGCCCGAA_016,115
ACAGCCCTCACGAGCCCGAA_017,168
ACAGCCCTCACGAGCCCGAA_018,26
ACAGCCCTCACGAGCCCGAA_019,8
ACAGCCCTCACGAGCCCGAA_020,67
ACAGCCCTCACGAGCCCGAA_021,70
ACAGCCCTCACGAGCCCGAA_022,19
ACAGCCCTCACGAGCCCGAA_023,25
ACAGCCCTCACGAGCCCGAA_024,65
ACAGCCCTCACGAGCCCGAA_025,102
ACAGCCCTCACGAGCCCGAA_026,63
ACAGCCCTCACGAGCCCGAA_027,88
ACAGCCCTCACGAGCCCGAA_028,108
ACAGCCCTCACGAGCCCGAA_029,169
ACAGCCCTCACGAGCCCGAA_030,169
ACAGCCCTCACGAGCCCGAA_031,124
ACAGCCCTCACGAGCCCGAA_032,142
ACAGCCCTCACGAGCCCGAA_033,50
ACAGCCCTCACGAGCCCGAA_034,22
ACAGCCCTCACGAGCCCGAA_035,197
TGGTGAAAAGCTTCTCCGAG_001,15
TGGTGAAAAGCTTCTCCGAG_002,128
TGGTGAAAAGCTTCTCCGAG_003,160
TGGTGAAAAGCTTCTCCGAG_004,75
TGGTGAAAAGCTTCTCCGAG_005,43
TGGTGAAAAGCTTCTCCGAG_006,36
TGGTGAAAAGCTTCTCCGAG_007,162
CAGAATCTCTTCCCGAACTC_001,58
CAGAATCTCTTCCCGAACTC_002,162
CAGAATCTCTTCCCGAACTC_003,184
CAGAATCTCTTCCCGAACTC_004,165
CAGAATCTCTTCCCGAACTC_005,165
CATAGGTTCGAGTCGCATGG_001,121
CATAGGTTCGAGTCGCATGG_002,121
CATAGGTTCGAGTCGCATGG_003,118
CCTGAAATAGACAAGCCGTG_001,129
CCTGAAATAGACAAGCCGTG_002,177
CCTGAAATAGACAAGCCGTG_003,36
CCTGAAATAGACAAGCCGTG_004,178
CCTGAAATAGACAAGCCGTG_005,6
CCTGAAATAGACAAGCCGTG_006,43
CCTGAAATAGACAAGCCGTG_007,15
CCTGAAATAGACAAGCCGTG_008,40
CCTGAAATAGACAAGCCGTG_009,172
CCTGAAATAGACAAGCCGTG_010,61
CCTGAAATAGACAAGCCGTG_011,70
CCTGAAATAGACAAGCCGTG_012,170
CCTGAAATAGACAAGCCGTG_013,94
GCTGGCACACAGCCAAGTAG_001,158
GCTGGCACACAGCCAAGTAG_002,22
GCTGGCACACAGCCAAGTAG_003,192
GCTGGCACACAGCCAAGTAG_004,40
GCTGGCACACAGCCAAGTAG_005,116
ACTTCCAGAATACCCAGGTA_001,171
ACTTCCAGAATACCCAGGTA_002,181
ACTTCCAGAATACCCAGGTA_003,181
ACTTCCAGAATACCCAGGTA_004,49
ACTTCCAGAATACCCAGGTA_005,138
ACTTCCAGAATACCCAGGTA_006,105
ACTTCCAGAATACCCAGGTA_007,63
ACTTCCAGAATACCCAGGTA_008,27
AGATTCTAAAGACTGTATGG_001,89
AGATTCTAAAGACTGTATGG_002,68
AGATTCTAAAGACTGTATGG_003,35
AGATTCTAAAGACTGTATGG_004,113
AGATTCTAAAGACTGTATGG_005,134
CTTTCTCCCCACCTCAACCA_001,102
CTTTCTCCCCACCTCAACCA_002,161
CTTTCTCCCCACCTCAACCA_003,160
CTTTCTCCCCACCTCAACCA_004,121
CTTTCTCCCCACCTCAACCA_005,157
CTTTCTCCCCACCTCAACCA_006,65
CTTTCTCCCCACCTCAACCA_007,83
CTTTCTCCCCACCTCAACCA_008,154
CTTTCTCCCCACCTCAACCA_009,56
CTTTCTCCCCACCTCAACCA_010,9
CTTTCTCCCCACCTCAACCA_011,22
CTTTCTCCCCACCTCAACCA_012,195
CTTTCTCCCCACCTCAACCA_013,159
CTTTCTCCCCACCTCAACCA_014,137
CTTTCTCCCCACCTCAACCA_015,27
CTTTCTCCCCACCTCAACCA_016,6
CTTTCTCCCCACCTCAACCA_017,89
CTTTCTCCCCACCTCAACCA_018,174
CTTTCTCCCCACCTCAACCA_019,169
CTTTCTCCCCACCTCAACCA_020,161
CTTTCTCCCCACCTCAACCA_021,15
CTTTCTCCCCACCTCAACCA_022,62
CTTTCTCCCCACCTCAACCA_023,43
CTTTCTCCCCACCTCAACCA_024,69
CTTTCTCCCCACCTCAACCA_025,132
CTTTCTCCCCACCTCAACCA_026,194
CTTTCTCCCCACCTCAACCA_027,60
CTTTCTCCCCACCTCAACCA_028,92
CTTTCTCCCCACCTCAACCA_029,183
CTTTCTCCCCACCTCAACCA_030,75
CTTTCTCCCCACCTCAACCA_031,14
CTTTCTCCCCACCTCAACCA_032,69
CTTTCTCCCCACCTCAACCA_033,56
CTTTCTCCCCACCTCAACCA_034,57
CTTTCTCCCCACCTCAACCA_035,40
CTTTCTCCCCACCTCAACCA_036,37
CTTTCTCCCCACCTCAACCA_037,118
CTTTCTCCCCACCTCAACCA_038,91
CTTTCTCCCCACCTCAACCA_039,138
CTTTCTCCCCACCTCAACCA_040,19
CTTTCTCCCCACCTCAACCA_041,17
CTTTCTCCCCACCTCAACCA_042,108
CTTTCTCCCCACCTCAACCA_043,183
CTTTCTCCCCACCTCAACCA_044,120
TCTGACAACAGCTCTAGTGA_001,188
TCTGACAACAGCTCTAGTGA_002,77
AGGGGGCGGCCAAAGGCAGT_001,40
AGGGGGCGGCCAAAGGCAGT_002,128
AGGGGGCGGCCAAAGGCAGT_003,55
AGGGGGCGGCCAAAGGCAGT_004,84
AGGGGGCGGCCAAAGGCAGT_005,55
AGGGGGCGGCCAAAGGCAGT_006,169
AGGGGGCGGCCAAAGGCAGT_007,82
AGGGGGCGGCCAAAGGCAGT_008,151
AGGGGGCGGCCAAAGGCAGT_009,24
AGGGGGCGGCCAAAGGCAGT_010,81
AGGGGGCGGCCAAAGGCAGT_011,20
CGGGAGGCAGAGGACCTGCA_001,68
CGGGAGGCAGAGGACCTGCA_002,42
CGGGAGGCAGAGGACCTGCA_003,149
CGGGAGGCAGAGGACCTGCA_004,72
CGGGAGGCAGAGGACCTGCA_005,172
CGGGAGGCAGAGGACCTGCA_006,149
CGGGAGGCAGAGGACCTGCA_007,94
CGGGAGGCAGAGGACCTGCA_008,8
CGGGAGGCAGAGGACCTGCA_009,49
CGGGAGGCAGAGGACCTGCA_010,171
CGGGAGGCAGAGGACCTGCA_011,20
CGGGAGGCAGAGGACCTGCA_012,35
CGGGAGGCAGAGGACCTGCA_013,159
CGGGAGGCAGAGGACCTGCA_014,8
CGGGAGGCAGAGGACCTGCA_015,109
CGGGAGGCAGAGGACCTGCA_016,109
CGGGAGGCAGAGGACCTGCA_017,148
CGGGAGGCAGAGGACCTGCA_018,130
CGGGAGGCAGAGGACCTGCA_019,34
CGGGAGGCAGAGGACCTGCA_020,186
CGGGAGGCAGAGGACCTGCA_021,49
CGGGAGGCAGAGGACCTGCA_022,36
CGGGAGGCAGAGGACCTGCA_023,184
CGGGAGGCAGAGGACCTGCA_024,183
CGGGAGGCAGAGGACCTGCA_025,55
CGGGAGGCAGAGGACCTGCA_026,86
CGGGAGGCAGAGGACCTGCA_027,56
CGGGAGGCAGAGGACCTGCA_028,193
CGGGAGGCAGAGGACCTGCA_029,26
CGGGAGGCAGAGGACCTGCA_030,48
CGGGAGGCAGAGGACCTGCA_031,52
CGGGAGGCAGAGGACCTGCA_032,197
CGGGAGGCAGAGGACCTGCA_033,114
TAACAATGCGTCAGACTCTG_001,159
TAACAATGCGTCAGACTCTG_002,178
TAACAATGCGTCAGACTCTG_003,77
TAACAATGCGTCAGACTCTG_004,169
TAACAATGCGTCAGACTCTG_005,44
TAACAATGCGTCAGACTCTG_006,166
TAACAATGCGTCAGACTCTG_007,116
TTGTAGCTTAGTGCACATGG_001,97
TTGTAGCTTAGTGCACATGG_002,36
TTGTAGCTTAGTGCACATGG_003,108
TTGTAGCTTAGTGCACATGG_004,112
TTGTAGCTTAGTGCACATGG_005,198
TTGTAGCTTAGTGCACATGG_006,44
TTGTAGCTTAGTGCACATGG_007,139
TTGTAGCTTAGTGCACATGG_008,126
TTGTAGCTTAGTGCACATGG_009,46
AATGGACATGAACAACCCTC_001,109
AATGGACATGAACAACCCTC_002,17
AATGGACATGAACAACCCTC_003,188
AATGGACATGAACAACCCTC_004,7
AATGGACATGAACAACCCTC_005,54
AATGGACATGAACAACCCTC_006,119
AATGGACATGAACAACCCTC_007,29
AATGGACATGAACAACCCTC_008,141
AATGGACATGAACAACCCTC_009,116
AATGGACATGAACAACCCTC_010,176
AATGGACATGAACAACCCTC_011,132
AATGGACATGAACAACCCTC_012,152
AATGGACATGAACAACCCTC_013,198
AATGGACATGAACAACCCTC_014,183
GAATACCTAGAAGCACTCAT_001,31
GAATACCTAGAAGCACTCAT_002,114
GAATACCTAGAAGCACTCAT_003,9
GAATACCTAGAAGCACTCAT_004,129
GAATACCTAGAAGCACTCAT_005,17
GAATACCTAGAAGCACTCAT_006,131
GAATACCTAGAAGCACTCAT_007,69
GAATACCTAGAAGCACTCAT_008,48
GAATACCTAGAAGCACTCAT_009,2
GAATACCTAGAAGCACTCAT_010,59
GAATACCTAGAAGCACTCAT_011,9
GAATACCTAGAAGCACTCAT_012,115
GAATACCTAGAAGCACTCAT_013,156
GAATACCTAGAAGCACTCAT_014,178
GAATACCTAGAAGCACTCAT_015,47
GAATACCTAGAAGCACTCAT_016,151
GAATACCTAGAAGCACTCAT_017,185
GAATACCTAGAAGCACTCAT_018,15
GAATACCTAGAAGCACTCAT_019,177
GAATACCTAGAAGCACTCAT_020,58
GAATACCTAGAAGCACTCAT_021,175
GAATACCTAGAAGCACTCAT_022,72
GACTCGGGGATCGACGACAG_001,158
GACTCGGGGATCGACGACAG_002,13
GACTCGGGGATCGACGACAG_003,87
GACTCGGGGATCGACGACAG_004,128
GACTCGGGGATCGACGACAG_005,34
GACTCGGGGATCGACGACAG_006,121
GACTCGGGGATCGACGACAG_007,111
GACTCGGGGATCGACGACAG_008,62
GACTCGGGGATCGACGACAG_009,198
GACTCGGGGATCGACGACAG_010,44
GACTCGGGGATCGACGACAG_011,56
AGATTGTGCGGCGCTTCGAG_001,130
AGATTGTGCGGCGCTTCGAG_002,137
AGATTGTGCGGCGCTTCGAG_003,195
CTCTTGATGACATAAAAGAA_001,159
CTCTTGATGACATAAAAGAA_002,47
CTCTTGATGACATAAAAGAA_003,198
CTCTTGATGACATAAAAGAA_004,175
TATTTAAACATCTCCCAACA_001,113
TATTTAAACATCTCCCAACA_002,193
TATTTAAACATCTCCCAACA_003,115
AGCCATCTCTCTTACCCGAG_001,32
CTATTTGATAAGCCAACTAG_001,22
GTCGCCGCCTGCCTCGGACA_001,65
GTCGCCGCCTGCCTCGGACA_002,185
GTCGCCGCCTGCCTCGGACA_003,185
GTCGCCGCCTGCCTCGGACA_004,72
GTCGCCGCCTGCCTCGGACA_005,127
GTCGCCGCCTGCCTCGGACA_006,9
GTCGCCGCCTGCCTCGGACA_007,107
GTCGCCGCCTGCCTCGGACA_008,60
GTCGCCGCCTGCCTCGGACA_009,122
GTCGCCGCCTGCCTCGGACA_010,32
GTCGCCGCCTGCCTCGGACA_011,114
GTCGCCGCCTGCCTCGGACA_012,121
GTCGCCGCCTGCCTCGGACA_013,105
GTCGCCGCCTGCCTCGGACA_014,96
GTCGCCGCCTGCCTCGGACA_015,2
GTCGCCGCCTGCCTCGGACA_016,126
GTCGCCGCCTGCCTCGGACA_017,7
GTCGCCGCCTGCCTCGGACA_018,169
GTCGCCGCCTGCCTCGGACA_019,17
GTCGCCGCCTGCCTCGGACA_020,172
GTCGCCGCCTGCCTCGGACA_021,121
GTCGCCGCCTGCCTCGGACA_022,96
GTCGCCGCCTGCCTCGGACA_023,159
GTCGCCGCCTGCCTCGGACA_024,88
GTCGCCGCCTGCCTCGGACA_025,16
GTCGCCGCCTGCCTCGGACA_026,58
GTCGCCGCCTGCCTCGGACA_027,169
GTCGCCGCCTGCCTCGGACA_028,76
GTCGCCGCCTGCCTCGGACA_029,22
GTCGCCGCCTGCCTCGGACA_030,108
GTCGCCGCCTGCCTCGGACA_031,15
GTCGCCGCCTGCCTCGGACA_032,20
GTCGCCGCCTGCCTCGGACA_033,144
GTCGCCGCCTGCCTCGGACA_034,88
GTCGCCGCCTGCCTCGGACA_035,49
GTCGCCGCCTGCCTCGGACA_036,130
GTCGCCGCCTGCCTCGGACA_037,44
GTCGCCGCCTGCCTCGGACA_038,170
GTCGCCGCCTGCCTCGGACA_039,102
GTCGCCGCCTGCCTCGGACA_040,10
GTCGCCGCCTGCCTCGGACA_041,48
GTCGCCGCCTGCCTCGGACA_042,137
GTCGCCGCCTGCCTCGGACA_043,144
GTCGCCGCCTGCCTCGGACA_044,144
GTCGCCGCCTGCCTCGGACA_045,124
GTCGCCGCCTGCCTCGGACA_046,57
GGAGCCGGAGCCCGAACGTG_001,154
GGAGCCGGAGCCCGAACGTG_002,63
GGAGCCGGAGCCCGAACGTG_003,49
GGAGCCGGAGCCCGAACGTG_004,147
GGAGCCGGAGCCCGAACGTG_005,144
GGAGCCGGAGCCCGAACGTG_006,20
GGAGCCGGAGCCCGAACGTG_007,172
GGAGCCGGAGCCCGAACGTG_008,49
GGAGCCGGAGCCCGAACGTG_009,106
GGAGCCGGAGCCCGAACGTG_010,49
GGAGCCGGAGCCCGAACGTG_011,148
GGAGCCGGAGCCCGAACGTG_012,105
GGAGCCGGAGCCCGAACGTG_013,40
GGTTACCATCATCCGCAGTG_001,92
GGTTACCATCATCCGCAGTG_002,84
GGTTACCATCATCCGCAGTG_003,82
GGTTACCATCATCCGCAGTG_004,69
GGTTACCATCATCCGCAGTG_005,135
GGTTACCATCATCCGCAGTG_006,127
GGTTACCATCATCCGCAGTG_007,88
GGTTACCATCATCCGCAGTG_008,174
TGCTGGACTTCTACGAGCCG_001,2
TGCTGGACTTCTACGAGCCG_002,127
TGCTGGACTTCTACGAGCCG_003,157
TGCTGGACTTCTACGAGCCG_004,120
GATCTGTCAAGCTTTCATAC_001,2
GATCTGTCAAGCTTTCATAC_002,101
GATCTGTCAAGCTTTCATAC_003,2
GATCTGTCAAGCTTTCATAC_004,105
GATCTGTCAAGCTTTCATAC_005,113
GATCTGTCAAGCTTTCATAC_006,1
GATCTGTCAAGCTTTCATAC_007,121
GATCTGTCAAGCTTTCATAC_008,70
GATCTGTCAAGCTTTCATAC_009,47
GATCTGTCAAGCTTTCATAC_010,148
GATCTGTCAAGCTTTCATAC_011,49
GATCTGTCAAGCTTTCATAC_012,198
GATCTGTCAAGCTTTCATAC_013,86
GATCTGTCAAGCTTTCATAC_014,46
GCTGGTAGTAGGCGTAGGCG_001,130
GCTGGTAGTAGGCGTAGGCG_002,1
GCTGGTAGTAGGCGTAGGCG_003,27
GCTGGTAGTAGGCGTAGGCG_004,48
GCTGGTAGTAGGCGTAGGCG_005,70
GCTGGTAGTAGGCGTAGGCG_006,162
GCTGGTAGTAGGCGTAGGCG_007,140
GCTGGTAGTAGGCGTAGGCG_008,127
GCTGGTAGTAGGCGTAGGCG_009,172
GCTGGTAGTAGGCGTAGGCG_010,154
GCTGGTAGTAGGCGTAGGCG_011,62
GCTGGTAGTAGGCGTAGGCG_012,76
GCTGGTAGTAGGCGTAGGCG_013,169
GCTGGTAGTAGGCGTAGGCG_014,76
GCTGGTAGTAGGCGTAGGCG_015,62
GCTGGTAGTAGGCGTAGGCG_016,94
GCTGGTAGTAGGCGTAGGCG_017,170
GCTGGTAGTAGGCGTAGGCG_018,75
ATCACCAGCAAACTCCGACG_001,20
ATCACCAGCAAACTCCGACG_002,150
ATCACCAGCAAACTCCGACG_003,41
ATCACCAGCAAACTCCGACG_004,176
ATCACCAGCAAACTCCGACG_005,176
ATCACCAGCAAACTCCGACG_006,88
ATCACCAGCAAACTCCGACG_007,141
ATCACCAGCAAACTCCGACG_008,193
ATCACCAGCAAACTCCGACG_009,112
ATCACCAGCAAACTCCGACG_010,38
ATCACCAGCAAACTCCGACG_011,146
ATCACCAGCAAACTCCGACG_012,85
ATCACCAGCAAACTCCGACG_013,138
ATCACCAGCAAACTCCGACG_014,34
ATCACCAGCAAACTCCGACG_015,147
GTACCCAGTACGGAACGACA_001,184
GTACCCAGTACGGAACGACA_002,81
GTACCCAGTACGGAACGACA_003,67
GTACCCAGTACGGAACGACA_004,65
GTACCCAGTACGGAACGACA_005,75
GTACCCAGTACGGAACGACA_006,15
GTACCCAGTACGGAACGACA_007,7
GTACCCAGTACGGAACGACA_008,183
TCAGCCTCATGTCCATCCAG_001,74
GCGCAGACATGATCGCCATA_001,159
GCGCAGACATGATCGCCATA_002,176
GCGCAGACATGATCGCCATA_003,165
GCGCAGACATGATCGCCATA_004,130
GCGCAGACATGATCGCCATA_005,58
GCGCAGACATGATCGCCATA_006,141
GCGCAGACATGATCGCCATA_007,154
GCGCAGACATGATCGCCATA_008,57
GCGCAGACATGATCGCCATA_009,68
GCGCAGACATGATCGCCATA_010,30
GCGCAGACATGATCGCCATA_011,58
GCGCAGACATGATCGCCATA_012,22
GCGCAGACATGATCGCCATA_013,102
GCGCAGACATGATCGCCATA_014,145
GCGCAGACATGATCGCCATA_015,96
GCGCAGACATGATCGCCATA_016,148
GCGCAGACATGATCGCCATA_017,176
GCGCAGACATGATCGCCATA_018,41
GCGCAGACATGATCGCCATA_019,55
GCGCAGACATGATCGCCATA_020,149
GCGCAGACATGATCGCCATA_021,124
GCGCAGACATGATCGCCATA_022,114
GCGCAGACATGATCGCCATA_023,144
GCGCAGACATGATCGCCATA_024,199
GCGCAGACATGATCGCCATA_025,199
GCGCAGACATGATCGCCATA_026,38
ATCATCTTGGATCACCTCCA_001,182
ATCATCTTGGATCACCTCCA_002,28
ATCATCTTGGATCACCTCCA_003,154
ATCATCTTGGATCACCTCCA_004,137
ATCATCTTGGATCACCTCCA_005,174
ATCATCTTGGATCACCTCCA_006,198
ATCATCTTGGATCACCTCCA_007,105
ATCATCTTGGATCACCTCCA_008,72
ATCATCTTGGATCACCTCCA_009,5
ATCATCTTGGATCACCTCCA_010,127
ATCATCTTGGATCACCTCCA_011,198
ATCATCTTGGATCACCTCCA_012,13
ATCATCTTGGATCACCTCCA_013,81
ATCATCTTGGATCACCTCCA_014,175
ATCATCTTGGATCACCTCCA_015,198
CCAGGTCACGGTGTAACCTG_001,159
CCAGGTCACGGTGTAACCTG_002,92
CCAGGTCACGGTGTAACCTG_003,159
CCAGGTCACGGTGTAACCTG_004,18
CCAGGTCACGGTGTAACCTG_005,6
ACAGGCCGGGCATCCTCCCG_001,38
ACAGGCCGGGCATCCTCCCG_002,181
ACAGGCCGGGCATCCTCCCG_003,105
GCCAGACTCAGGCCAAAGCA_001,2
GCCAGACTCAGGCCAAAGCA_002,119
GCCAGACTCAGGCCAAAGCA_003,182
GCCAGACTCAGGCCAAAGCA_004,169
GCCAGACTCAGGCCAAAGCA_005,120
GCCAGACTCAGGCCAAAGCA_006,150
GCCAGACTCAGGCCAAAGCA_007,130
GCCAGACTCAGGCCAAAGCA_008,38
GCCAGACTCAGGCCAAAGCA_009,3
GCCAGACTCAGGCCAAAGCA_010,144
GCCAGACTCAGGCCAAAGCA_011,63
GGCCTGAGGCTGGAGACTAG_001,14
GGCCTGAGGCTGGAGACTAG_002,46
GGCCTGAGGCTGGAGACTAG_003,40
GGCCTGAGGCTGGAGACTAG_004,47
GGCCTGAGGCTGGAGACTAG_005,117
GGCCTGAGGCTGGAGACTAG_006,64
GGCCTGAGGCTGGAGACTAG_007,77
GGCCTGAGGCTGGAGACTAG_008,77
GGCCTGAGGCTGGAGACTAG_009,86
GGCCTGAGGCTGGAGACTAG_010,108
GGCCTGAGGCTGGAGACTAG_011,88
CTTCTGCAGATGGATAGAAG_001,199
CGAAACGAAACAATTTCGCG_001,78
CGAAACGAAACAATTTCGCG_002,31
CGAAACGAAACAATTTCGCG_003,164
CGAAACGAAACAATTTCGCG_004,10
GGACAGAAAAAGGTACATGG_001,160
GGACAGAAAAAGGTACATGG_002,198
GGACAGAAAAAGGTACATGG_003,106
GGACAGAAAAAGGTACATGG_004,94
GGACAGAAAAAGGTACATGG_005,183
GGACAGAAAAAGGTACATGG_006,15
GGACAGAAAAAGGTACATGG_007,81
GGACAGAAAAAGGTACATGG_008,115
GGACAGAAAAAGGTACATGG_009,157
GGACAGAAAAAGGTACATGG_010,29
GGACAGAAAAAGGTACATGG_011,191
GGACAGAAAAAGGTACATGG_012,127
GGACAGAAAAAGGTACATGG_013,127
GGACAGAAAAAGGTACATGG_014,83
GGACAGAAAAAGGTACATGG_015,129
GGACAGAAAAAGGTACATGG_016,9
GGACAGAAAAAGGTACATGG_017,175
GGACAGAAAAAGGTACATGG_018,11
GGACAGAAAAAGGTACATGG_019,5
GGACAGAAAAAGGTACATGG_020,190
GGACAGAAAAAGGTACATGG_021,103
GGACAGAAAAAGGTACATGG_022,136
GGACAGAAAAAGGTACATGG_023,138
GGACAGAAAAAGGTACATGG_024,190
GGACAGAAAAAGGTACATGG_025,121
CCTGGGTTGGTATTCCGTGG_001,35
TCCCGGTTGGTGAACGATAC_001,172
TCCCGGTTGGTGAACGATAC_002,42
TCCCGGTTGGTGAACGATAC_003,150
TCCCGGTTGGTGAACGATAC_004,135
TCCCGGTTGGTGAACGATAC_005,118
TCCCGGTTGGTGAACGATAC_006,82
TCCCGGTTGGTGAACGATAC_007,9
TCCCGGTTGGTGAACGATAC_008,121
TCCCGGTTGGTGAACGATAC_009,148
TCCCGGTTGGTGAACGATAC_010,149
TCCCGGTTGGTGAACGATAC_011,17
TCCCGGTTGGTGAACGATAC_012,169
TCCCGGTTGGTGAACGATAC_013,50
TCCCGGTTGGTGAACGATAC_014,49
TCCCGGTTGGTGAACGATAC_015,44
TCCCGGTTGGTGAACGATAC_016,82
TCCCGGTTGGTGAACGATAC_017,78
TCCCGGTTGGTGAACGATAC_018,199
TTTCTGAACGAATTGTACAG_001,42
TTTCTGAACGAATTGTACAG_002,81
GTCCTAACCTCAATCCTGCG_001,12
GTCCTAACCTCAATCCTGCG_002,178
GTCCTAACCTCAATCCTGCG_003,47
GTCCTAACCTCAATCCTGCG_004,74
GTCCTAACCTCAATCCTGCG_005,16
GTCCTAACCTCAATCCTGCG_006,102
GTCCTAACCTCAATCCTGCG_007,95
GTCCTAACCTCAATCCTGCG_008,40
GTCCTAACCTCAATCCTGCG_009,67
GTCCTAACCTCAATCCTGCG_010,192
GTCCTAACCTCAATCCTGCG_011,145
GTCCTAACCTCAATCCTGCG_012,113
GTCCTAACCTCAATCCTGCG_013,141
GTCCTAACCTCAATCCTGCG_014,145
GTCCTAACCTCAATCCTGCG_015,96
GTCCTAACCTCAATCCTGCG_016,187
GTCCTAACCTCAATCCTGCG_017,49
GTCCTAACCTCAATCCTGCG_018,10
GTCCTAACCTCAATCCTGCG_019,127
GTCCTAACCTCAATCCTGCG_020,145
GGGGTGACAGGCCGTCGCAT_001,12
GGGGTGACAGGCCGTCGCAT_002,113
GGGGTGACAGGCCGTCGCAT_003,29
GGGGTGACAGGCCGTCGCAT_004,172
GGGGTGACAGGCCGTCGCAT_005,139
GGGGTGACAGGCCGTCGCAT_006,118
GGGGTGACAGGCCGTCGCAT_007,105
GGGGTGACAGGCCGTCGCAT_008,152
GGGGTGACAGGCCGTCGCAT_009,197
GGGGTGACAGGCCGTCGCAT_010,76
GGGGTGACAGGCCGTCGCAT_011,16
GGGGTGACAGGCCGTCGCAT_012,50
GGGGTGACAGGCCGTCGCAT_013,107
GGGGTGACAGGCCGTCGCAT_014,60
GGGGTGACAGGCCGTCGCAT_015,188
GGGGTGACAGGCCGTCGCAT_016,93
GGGGTGACAGGCCGTCGCAT_017,160
GGGGTGACAGGCCGTCGCAT_018,1
GGGGTGACAGGCCGTCGCAT_019,135
GGGGTGACAGGCCGTCGCAT_020,49
GGGGTGACAGGCCGTCGCAT_021,149
GGGGTGACAGGCCGTCGCAT_022,174
GGGGTGACAGGCCGTCGCAT_023,77
TCAATATAGGTAATGTACAT_001,105
TCAATATAGGTAATGTACAT_002,98
TCAATATAGGTAATGTACAT_003,147
CAAAAGCAATCACGAGACTG_001,47
CAAAAGCAATCACGAGACTG_002,169
CAAAAGCAATCACGAGACTG_003,72
CAAAAGCAATCACGAGACTG_004,73
CAAAAGCAATCACGAGACTG_005,195
CAAAAGCAATCACGAGACTG_006,70
CAAAAGCAATCACGAGACTG_007,48
CAAAAGCAATCACGAGACTG_008,108
CAAAAGCAATCACGAGACTG_009,29
AGCTCAAGAACAATTAGGCA_001,119
AGCTCAAGAACAATTAGGCA_002,42
AGCTCAAGAACAATTAGGCA_003,47
AGCTCAAGAACAATTAGGCA_004,169
AGCTCAAGAACAATTAGGCA_005,68
AGCTCAAGAACAATTAGGCA_006,23
AGCTCAAGAACAATTAGGCA_007,63
AGCTCAAGAACAATTAGGCA_008,83
AGCTCAAGAACAATTAGGCA_009,170
AGCTCAAGAACAATTAGGCA_010,146
AGCTCAAGAACAATTAGGCA_011,169
AGCTCAAGAACAATTAGGCA_012,49
AGCTCAAGAACAATTAGGCA_013,59
AGCTCAAGAACAATTAGGCA_014,89
AGCTCAAGAACAATTAGGCA_015,41
AGCTCAAGAACAATTAGGCA_016,62
AGCTCAAGAACAATTAGGCA_017,53
AGCTCAAGAACAATTAGGCA_018,2
AGCTCAAGAACAATTAGGCA_019,151
AGCTCAAGAACAATTAGGCA_020,141
AGCTCAAGAACAATTAGGCA_021,168
AGCTCAAGAACAATTAGGCA_022,3
AGCTCAAGAACAATTAGGCA_023,49
AGCTCAAGAACAATTAGGCA_024,186
AGCTCAAGAACAATTAGGCA_025,54
AGCTCAAGAACAATTAGGCA_026,127
ATCAATCTAGATTACCTGAG_001,172
CGAGGTTACCTACCTACTGC_001,135
CGAGGTTACCTACCTACTGC_002,92
GGTCTTTACCCCAGACACGA_001,60
GGTCTTTACCCCAGACACGA_002,73
GGTCTTTACCCCAGACACGA_003,84
GGTCTTTACCCCAGACACGA_004,108
CTTTGTCAGCCGTCCCTCCG_001,60
CTTTGTCAGCCGTCCCTCCG_002,39
CTTTGTCAGCCGTCCCTCCG_003,162
CTTTGTCAGCCGTCCCTCCG_004,8
CTTTGTCAGCCGTCCCTCCG_005,123
CTTTGTCAGCCGTCCCTCCG_006,57
CTTTGTCAGCCGTCCCTCCG_007,185
CTTTGTCAGCCGTCCCTCCG_008,124
CTTTGTCAGCCGTCCCTCCG_009,152
CTTTGTCAGCCGTCCCTCCG_010,50
TGAGGTAAGTGCCGCCCACA_001,53
TGAGGTAAGTGCCGCCCACA_002,65
TGAGGTAAGTGCCGCCCACA_003,158
TGAGGTAAGTGCCGCCCACA_004,159
TGAGGTAAGTGCCGCCCACA_005,160
TGAGGTAAGTGCCGCCCACA_006,34
TGAGGTAAGTGCCGCCCACA_007,94
TGAGGTAAGTGCCGCCCACA_008,188
TGAGGTAAGTGCCGCCCACA_009,76
TGAGGTAAGTGCCGCCCACA_010,175
TGAGGTAAGTGCCGCCCACA_011,118
TGAGGTAAGTGCCGCCCACA_012,11
TGAGGTAAGTGCCGCCCACA_013,49
TGAGGTAAGTGCCGCCCACA_014,24
TGAGGTAAGTGCCGCCCACA_015,166
TGAGGTAAGTGCCGCCCACA_016,9
TGAGGTAAGTGCCGCCCACA_017,48
TGAGGTAAGTGCCGCCCACA_018,127
TGAGGTAAGTGCCGCCCACA_019,58
TGGGTGAGGATCCACCCCGT_001,74
TGGGTGAGGATCCACCCCGT_002,139
TGGGTGAGGATCCACCCCGT_003,169
TGGGTGAGGATCCACCCCGT_004,120
TTCATCGTATGTAGGAAGAG_001,159
GAAGACGGCTATAGCTGAGA_001,72
GAAGACGGCTATAGCTGAGA_002,38
GAAGACGGCTATAGCTGAGA_003,70
AGAAAGAATGGGGCTCACTG_001,132
AGAAAGAATGGGGCTCACTG_002,8
AGAAAGAATGGGGCTCACTG_003,169
AGAAAGAATGGGGCTCACTG_004,80
AGAAAGAATGGGGCTCACTG_005,160
AGAAAGAATGGGGCTCACTG_006,53
AGAAAGAATGGGGCTCACTG_007,126
AGAAAGAATGGGGCTCACTG_008,176
AGAAAGAATGGGGCTCACTG_009,41
AGAAAGAATGGGGCTCACTG_010,163
AGAAAGAATGGGGCTCACTG_011,82
AGAAAGAATGGGGCTCACTG_012,147
AGAAAGAATGGGGCTCACTG_013,182
AGAAAGAATGGGGCTCACTG_014,119
AGAAAGAATGGGGCTCACTG_015,74
AGAAAGAATGGGGCTCACTG_016,103
AGAAAGAATGGGGCTCACTG_017,145
AGAAAGAATGGGGCTCACTG_018,60
AGAAAGAATGGGGCTCACTG_019,19
AGAAAGAATGGGGCTCACTG_020,78
AGAAAGAATGGGGCTCACTG_021,104
AGAAAGAATGGGGCTCACTG_022,181
AGAAAGAATGGGGCTCACTG_023,151
AGAAAGAATGGGGCTCACTG_024,130
AGAAAGAATGGGGCTCACTG_025,121
AGAAAGAATGGGGCTCACTG_026,81
AGAAAGAATGGGGCTCACTG_027,184
AGAAAGAATGGGGCTCACTG_028,89
AGAAAGAATGGGGCTCACTG_029,68
AGAAAGAATGGGGCTCACTG_030,116
AGAAAACATCGCCCCCTTCG_001,184
AGAAAACATCGCCCCCTTCG_002,94
AGAAAACATCGCCCCCTTCG_003,42
AGAAAACATCGCCCCCTTCG_004,192
AGAAAACATCGCCCCCTTCG_005,30
AGAAAACATCGCCCCCTTCG_006,57
AGAAAACATCGCCCCCTTCG_007,134
AGAAAACATCGCCCCCTTCG_008,89
ATGTCTGGGCGAGGTAAAGG_001,103
ATGTCTGGGCGAGGTAAAGG_002,51
ATGTCTGGGCGAGGTAAAGG_003,53
ATGTCTGGGCGAGGTAAAGG_004,85
ATGTCTGGGCGAGGTAAAGG_005,90
ATGTCTGGGCGAGGTAAAGG_006,63
ATGTCTGGGCGAGGTAAAGG_007,184
ATGTCTGGGCGAGGTAAAGG_008,141
ATGTCTGGGCGAGGTAAAGG_009,174
ATGTCTGGGCGAGGTAAAGG_010,27
ATGTCTGGGCGAGGTAAAGG_011,172
ATGTCTGGGCGAGGTAAAGG_012,107
ATGTCTGGGCGAGGTAAAGG_013,15
ATGTCTGGGCGAGGTAAAGG_014,27
ATGTCTGGGCGAGGTAAAGG_015,83
ATGTCTGGGCGAGGTAAAGG_016,103
ATGTCTGGGCGAGGTAAAGG_017,102
ATGTCTGGGCGAGGTAAAGG_018,49
ATGTCTGGGCGAGGTAAAGG_019,81
ATGTCTGGGCGAGGTAAAGG_020,81
ATGTCTGGGCGAGGTAAAGG_021,144
ATGTCTGGGCGAGGTAAAGG_022,9
ATGTCTGGGCGAGGTAAAGG_023,168
CAATGATAGCAAACGTAGTG_001,43
TGAAAGCTACACCCATTGAA_001,88
TGAAAGCTACACCCATTGAA_002,80
TGAAAGCTACACCCATTGAA_003,191
AAATGTAATGGACAAGAATG_001,62
AAATGTAATGGACAAGAATG_002,134
AAATGTAATGGACAAGAATG_003,145
GGGAAACATACACCCTAACC_001,162
GAAAAAGATCTCGATACTTG_001,62
GAAAAAGATCTCGATACTTG_002,125
GGGACTCGCTGTGAACCGAT_001,5
GGGACTCGCTGTGAACCGAT_002,170
GGGACTCGCTGTGAACCGAT_003,48
GGGACTCGCTGTGAACCGAT_004,140
GGGACTCGCTGTGAACCGAT_005,145
GGGACTCGCTGTGAACCGAT_006,129
GGGACTCGCTGTGAACCGAT_007,182
GGGACTCGCTGTGAACCGAT_008,2
GGGACTCGCTGTGAACCGAT_009,134
GGGACTCGCTGTGAACCGAT_010,81
CATTGGACTAACCCAAGCCG_001,159
CATTGGACTAACCCAAGCCG_002,77
CATTGGACTAACCCAAGCCG_003,27
CATTGGACTAACCCAAGCCG_004,147
CATTGGACTAACCCAAGCCG_005,122
CATTGGACTAACCCAAGCCG_006,35
GGTGGACACTCACAACACAC_001,1
GGTGGACACTCACAACACAC_002,115
GACAGTTCTGCGACTCAGCG_001,188
GACAGTTCTGCGACTCAGCG_002,130
GACAGTTCTGCGACTCAGCG_003,88
GACAGTTCTGCGACTCAGCG_004,103
GACAGTTCTGCGACTCAGCG_005,97
GACAGTTCTGCGACTCAGCG_006,125
GACAGTTCTGCGACTCAGCG_007,148
GACAGTTCTGCGACTCAGCG_008,58
GACAGTTCTGCGACTCAGCG_009,150
GACAGTTCTGCGACTCAGCG_010,16
GACAGTTCTGCGACTCAGCG_011,24
GACAGTTCTGCGACTCAGCG_012,80
GACAGTTCTGCGACTCAGCG_013,91
GACAGTTCTGCGACTCAGCG_014,137
GACAGTTCTGCGACTCAGCG_015,137
CATTAGCTGCTATGAATGGA_001,50
CATTAGCTGCTATGAATGGA_002,8
CATTAGCTGCTATGAATGGA_003,27
CATTAGCTGCTATGAATGGA_004,126
GATGCCAGTGGAATCACCTG_001,170
GATGCCAGTGGAATCACCTG_002,188
GATGCCAGTGGAATCACCTG_003,154
GATGCCAGTGGAATCACCTG_004,12
GATGCCAGTGGAATCACCTG_005,120
GATGCCAGTGGAATCACCTG_006,185
GATGCCAGTGGAATCACCTG_007,17
GATGCCAGTGGAATCACCTG_008,108
GATGCCAGTGGAATCACCTG_009,146
GATGCCAGTGGAATCACCTG_010,144
GATGCCAGTGGAATCACCTG_011,16
GATGCCAGTGGAATCACCTG_012,113
GATGCCAGTGGAATCACCTG_013,103
GATGCCAGTGGAATCACCTG_014,26
GATGCCAGTGGAATCACCTG_015,114
GATGCCAGTGGAATCACCTG_016,172
GATGCCAGTGGAATCACCTG_017,129
GATGCCAGTGGAATCACCTG_018,152
GATGCCAGTGGAATCACCTG_019,134
GATGCCAGTGGAATCACCTG_020,130
GATGCCAGTGGAATCACCTG_021,180
GATGCCAGTGGAATCACCTG_022,116
GATGCCAGTGGAATCACCTG_023,174
GATGCCAGTGGAATCACCTG_024,28
GATGCCAGTGGAATCACCTG_025,121
GATGCCAGTGGAATCACCTG_026,144
GATGCCAGTGGAATCACCTG_027,12
GATGCCAGTGGAATCACCTG_028,61
GATGCCAGTGGAATCACCTG_029,186
TGGTTGAGCGCGTAGGACAC_001,15
TGGTTGAGCGCGTAGGACAC_002,15
TGGTTGAGCGCGTAGGACAC_003,19
TGGTTGAGCGCGTAGGACAC_004,192
TGGTTGAGCGCGTAGGACAC_005,82
TGGTTGAGCGCGTAGGACAC_006,56
TGGTTGAGCGCGTAGGACAC_007,34
TGGTTGAGCGCGTAGGACAC_008,1
TGGTTGAGCGCGTAGGACAC_009,77
TGGTTGAGCGCGTAGGACAC_010,97
TGGTTGAGCGCGTAGGACAC_011,145
TGGTTGAGCGCGTAGGACAC_012,172
TGGTTGAGCGCGTAGGACAC_013,63
TGGTTGAGCGCGTAGGACAC_014,58
TGGTTGAGCGCGTAGGACAC_015,49
TGGTTGAGCGCGTAGGACAC_016,0
GCCCTGGAAGTCGAAGCGGT_001,42
GCCCTGGAAGTCGAAGCGGT_002,115
GCCCTGGAAGTCGAAGCGGT_003,150
GCCCTGGAAGTCGAAGCGGT_004,88
GCCCTGGAAGTCGAAGCGGT_005,168
GCCCTGGAAGTCGAAGCGGT_006,180
GCCCTGGAAGTCGAAGCGGT_007,65
GCCCTGGAAGTCGAAGCGGT_008,197
GCCCTGGAAGTCGAAGCGGT_009,90
GCCCTGGAAGTCGAAGCGGT_010,9
GCCCTGGAAGTCGAAGCGGT_011,144
GCCCTGGAAGTCGAAGCGGT_012,168
GCTTGGGTAGACCTGTCACG_001,175
GCTTGGGTAGACCTGTCACG_002,130
GCTTGGGTAGACCTGTCACG_003,181
GCTTGGGTAGACCTGTCACG_004,44
GCTTGGGTAGACCTGTCACG_005,68
GCTTGGGTAGACCTGTCACG_006,127
GCTTGGGTAGACCTGTCACG_007,105
GCTTGGGTAGACCTGTCACG_008,80
GCTTGGGTAGACCTGTCACG_009,108
GCTTGGGTAGACCTGTCACG_010,102
GCTTGGGTAGACCTGTCACG_011,137
GCTTGGGTAGACCTGTCACG_012,19
GCTTGGGTAGACCTGTCACG_013,71
GCTTGGGTAGACCTGTCACG_014,138
AGAAATACGGTCCGAAACGT_001,101
AGAAATACGGTCCGAAACGT_002,84
AGAAATACGGTCCGAAACGT_003,2
AGAAATACGGTCCGAAACGT_004,10
AGAAATACGGTCCGAAACGT_005,25
GCGGCCACACACCGGCAACG_001,134
GCGGCCACACACCGGCAACG_002,159
GCGGCCACACACCGGCAACG_003,194
GCGGCCACACACCGGCAACG_004,105
GCGGCCACACACCGGCAACG_005,83
GCGGCCACACACCGGCAACG_006,134
GCGGCCACACACCGGCAACG_007,52
GCGGCCACACACCGGCAACG_008,174
GCGGCCACACACCGGCAACG_009,141
GCGGCCACACACCGGCAACG_010,45
GCGGCCACACACCGGCAACG_011,188
GCGGCCACACACCGGCAACG_012,56
GCGGCCACACACCGGCAACG_013,177
TTGGCTTTGTAGAACTTGTG_001,85
TTGGCTTTGTAGAACTTGTG_002,80
TTGGCTTTGTAGAACTTGTG_003,36
TTGGCTTTGTAGAACTTGTG_004,158
TTGGCTTTGTAGAACTTGTG_005,157
TTGGCTTTGTAGAACTTGTG_006,1
TTGGCTTTGTAGAACTTGTG_007,75
TTGGCTTTGTAGAACTTGTG_008,148
TTGGCTTTGTAGAACTTGTG_009,162
ACACCATAATTGGATCGCTG_001,105
ACACCATAATTGGATCGCTG_002,58
AGCACCGCTGCCAGATACAC_001,184
AGCACCGCTGCCAGATACAC_002,43
AGCACCGCTGCCAGATACAC_003,70
GCGGCGGCGGAAGACCCCGT_001,1
GCGGCGGCGGAAGACCCCGT_002,184
GCGGCGGCGGAAGACCCCGT_003,108
GCGGCGGCGGAAGACCCCGT_004,27
GCGGCGGCGGAAGACCCCGT_005,41
GCGGCGGCGGAAGACCCCGT_006,103
GCGGCGGCGGAAGACCCCGT_007,77
GCGGCGGCGGAAGACCCCGT_008,100
GCGGCGGCGGAAGACCCCGT_009,191
GCGGCGGCGGAAGACCCCGT_010,105
GCGGCGGCGGAAGACCCCGT_011,154
GCGGCGGCGGAAGACCCCGT_012,119
GCGGCGGCGGAAGACCCCGT_013,41
GCGGCGGCGGAAGACCCCGT_014,196
GCGGCGGCGGAAGACCCCGT_015,48
GCGGCGGCGGAAGACCCCGT_016,123
GTCTAATGGACTTACAGGAG_001,2
GTCTAATGGACTTACAGGAG_002,147
GTCTAATGGACTTACAGGAG_003,118
GTCTAATGGACTTACAGGAG_004,27
GTCTAATGGACTTACAGGAG_005,159
GTCTAATGGACTTACAGGAG_006,1
GTCTAATGGACTTACAGGAG_007,36
GTCTAATGGACTTACAGGAG_008,108
AACTGACGACAAAGGAACCC_001,159
AACTGACGACAAAGGAACCC_002,36
AACTGACGACAAAGGAACCC_003,160
AACTGACGACAAAGGAACCC_004,121
AACTGACGACAAAGGAACCC_005,60
AACTGACGACAAAGGAACCC_006,76
ATCAAAGTGACCGTCAGGCA_001,23
ATCAAAGTGACCGTCAGGCA_002,34
ATCAAAGTGACCGTCAGGCA_003,25
ATCAAAGTGACCGTCAGGCA_004,27
ATCAAAGTGACCGTCAGGCA_005,104
ATCAAAGTGACCGTCAGGCA_006,172
ATCAAAGTGACCGTCAGGCA_007,113
ATCAAAGTGACCGTCAGGCA_008,61
TCTTACAGGGAGTGACGTGG_001,188
TCTTACAGGGAGTGACGTGG_002,25
TCTTACAGGGAGTGACGTGG_003,63
TCTTACAGGGAGTGACGTGG_004,1
TCTTACAGGGAGTGACGTGG_005,50
TCTTACAGGGAGTGACGTGG_006,167
TGATTCGTCGCAGAAGCCTA_001,192
AGGTAAAATAGTCCAACCTG_001,109
AGGTAAAATAGTCCAACCTG_002,172
AGGTAAAATAGTCCAACCTG_003,98
AGGTAAAATAGTCCAACCTG_004,49
AGGTAAAATAGTCCAACCTG_005,46
CCTTTAGCGACAAGGTGCTG_001,82
CCTTTAGCGACAAGGTGCTG_002,139
CCTTTAGCGACAAGGTGCTG_003,188
CCTTTAGCGACAAGGTGCTG_004,1
CCTTTAGCGACAAGGTGCTG_005,50
CCTTTAGCGACAAGGTGCTG_006,132
CCTTTAGCGACAAGGTGCTG_007,8
CCTTTAGCGACAAGGTGCTG_008,70
CCTTTAGCGACAAGGTGCTG_009,127
CCTTTAGCGACAAGGTGCTG_010,8
CCTTTAGCGACAAGGTGCTG_011,147
CCTTTAGCGACAAGGTGCTG_012,47
CCTTTAGCGACAAGGTGCTG_013,148
CCTTTAGCGACAAGGTGCTG_014,113
CCTTTAGCGACAAGGTGCTG_015,29
CCTTTAGCGACAAGGTGCTG_016,108
CCTTTAGCGACAAGGTGCTG_017,44
CCTTTAGCGACAAGGTGCTG_018,119
CCTTTAGCGACAAGGTGCTG_019,197
CCTTTAGCGACAAGGTGCTG_020,197
CCTTTAGCGACAAGGTGCTG_021,156
CCTTTAGCGACAAGGTGCTG_022,148
CCTTTAGCGACAAGGTGCTG_023,155
CCTTTAGCGACAAGGTGCTG_024,135
GAGCACCGTAGCGAAACCAC_001,24
GAGCACCGTAGCGAAACCAC_002,103
GAGCACCGTAGCGAAACCAC_003,84
GAGCACCGTAGCGAAACCAC_004,187
CCACATCTCAGACACATCTG_001,121
CCACATCTCAGACACATCTG_002,154
CCACATCTCAGACACATCTG_003,73
CCACATCTCAGACACATCTG_004,100
CCACATCTCAGACACATCTG_005,133
CCACATCTCAGACACATCTG_006,192
CCACATCTCAGACACATCTG_007,65
CCACATCTCAGACACATCTG_008,12
CCACATCTCAGACACATCTG_009,124
CCACATCTCAGACACATCTG_010,57
CCACATCTCAGACACATCTG_011,147
CCACATCTCAGACACATCTG_012,101
ACCCGGCGTGGTATGTACAT_001,28
ACCCGGCGTGGTATGTACAT_002,93
ACCCGGCGTGGTATGTACAT_003,149
ACCCGGCGTGGTATGTACAT_004,192
TCTGGATCACGTCACCGATG_001,127
TCTGGATCACGTCACCGATG_002,88
GAGGGGTCTCGACCAGGCGT_001,161
GAGGGGTCTCGACCAGGCGT_002,161
GAGGGGTCTCGACCAGGCGT_003,108
GAGGGGTCTCGACCAGGCGT_004,47
GAGGGGTCTCGACCAGGCGT_005,62
GAGGGGTCTCGACCAGGCGT_006,106
GAGGGGTCTCGACCAGGCGT_007,77
GAGGGGTCTCGACCAGGCGT_008,94
GAGGGGTCTCGACCAGGCGT_009,193
GAGGGGTCTCGACCAGGCGT_010,137
GAGGGGTCTCGACCAGGCGT_011,16
GAGGGGTCTCGACCAGGCGT_012,150
GAGGGGTCTCGACCAGGCGT_013,7
GAGGGGTCTCGACCAGGCGT_014,162
GAGGGGTCTCGACCAGGCGT_015,16
GAGGGGTCTCGACCAGGCGT_016,102
TAGGAGTGGGGCACTTGGGA_001,197
TAGGAGTGGGGCACTTGGGA_002,16
TAGGAGTGGGGCACTTGGGA_003,177
TAGGAGTGGGGCACTTGGGA_004,105
TAGGAGTGGGGCACTTGGGA_005,41
TAGGAGTGGGGCACTTGGGA_006,77
TAGGAGTGGGGCACTTGGGA_007,49
TAGGAGTGGGGCACTTGGGA_008,119
TAGGAGTGGGGCACTTGGGA_009,72
TGTAGGACTTCTCGCACATG_001,177
TGTAGGACTTCTCGCACATG_002,78
TGTAGGACTTCTCGCACATG_003,147
TGTAGGACTTCTCGCACATG_004,198
TGTAGGACTTCTCGCACATG_005,105
TGTAGGACTTCTCGCACATG_006,57
TGTAGGACTTCTCGCACATG_007,14
TGTAGGACTTCTCGCACATG_008,37
TGTAGGACTTCTCGCACATG_009,34
TCATCATCCTGGATTCTTGT_001,88
TGTTCCGGGGCTCCAAACGT_001,62
TGTTCCGGGGCTCCAAACGT_002,160
TGTTCCGGGGCTCCAAACGT_003,159
TGTTCCGGGGCTCCAAACGT_004,48
TGTTCCGGGGCTCCAAACGT_005,106
AGCCCACTCGCAATATCAGG_001,20
AGCCCACTCGCAATATCAGG_002,175
AGCCCACTCGCAATATCAGG_003,73
AGCCCACTCGCAATATCAGG_004,167
AGCCCACTCGCAATATCAGG_005,109
GAGCAAGGGATGCAATTCGA_001,18
GAGCAAGGGATGCAATTCGA_002,198
GAGCAAGGGATGCAATTCGA_003,143
GAGCAAGGGATGCAATTCGA_004,143
GAGCAAGGGATGCAATTCGA_005,20
GAGCAAGGGATGCAATTCGA_006,144
GAGCAAGGGATGCAATTCGA_007,94
GAGCAAGGGATGCAATTCGA_008,94
GAGCAAGGGATGCAATTCGA_009,58
GAGCAAGGGATGCAATTCGA_010,58
GAGCAAGGGATGCAATTCGA_011,147
GAGCAAGGGATGCAATTCGA_012,124
GAGCAAGGGATGCAATTCGA_013,168
GGACGCGTTCAAGTAAGCGT_001,88
GGACGCGTTCAAGTAAGCGT_002,99
GGACGCGTTCAAGTAAGCGT_003,88
GGACGCGTTCAAGTAAGCGT_004,133
GGACGCGTTCAAGTAAGCGT_005,157
GGACGCGTTCAAGTAAGCGT_006,6
AGCTCAGGACCCCGTCACCA_001,62
AGCTCAGGACCCCGTCACCA_002,121
AGCTCAGGACCCCGTCACCA_003,27
AGCTCAGGACCCCGTCACCA_004,4
AGCTCAGGACCCCGTCACCA_005,73
AGCTCAGGACCCCGTCACCA_006,95
AGCTCAGGACCCCGTCACCA_007,171
AGCTCAGGACCCCGTCACCA_008,15
AGCTCAGGACCCCGTCACCA_009,145
AGCTCAGGACCCCGTCACCA_010,103
AGCTCAGGACCCCGTCACCA_011,88
AGCTCAGGACCCCGTCACCA_012,146
AGCTCAGGACCCCGTCACCA_013,41
AGCTCAGGACCCCGTCACCA_014,35
AGCTCAGGACCCCGTCACCA_015,27
ATTACGCTTAAGGAATGACT_001,118
AAGCCGCAGAATTAGATCGT_001,171
AAGCCGCAGAATTAGATCGT_002,194
AAGCCGCAGAATTAGATCGT_003,151
AAGCCGCAGAATTAGATCGT_004,140
AAGCCGCAGAATTAGATCGT_005,150
AAGCCGCAGAATTAGATCGT_006,187
AAGCCGCAGAATTAGATCGT_007,165
AAGCCGCAGAATTAGATCGT_008,150
CACACAAGCTCTAGTACCGG_001,83
TCACTCTCTGGTAACAGTGA_001,190
TCACTCTCTGGTAACAGTGA_002,62
TCACTCTCTGGTAACAGTGA_003,129
TCACTCTCTGGTAACAGTGA_004,126
TGGCGTCCCATACATCCCTG_001,185
TGGCGTCCCATACATCCCTG_002,117
TGGCGTCCCATACATCCCTG_003,70
TGGCGTCCCATACATCCCTG_004,94
TGGCGTCCCATACATCCCTG_005,198
TGGCGTCCCATACATCCCTG_006,115
TGGCGTCCCATACATCCCTG_007,168
TGGCGTCCCATACATCCCTG_008,158
TTGCGCATTCAACAAAACCA_001,49
TTGCGCATTCAACAAAACCA_002,108
TGCAGAGCTTGACACAGCGT_001,158
TGCAGAGCTTGACACAGCGT_002,115
TGCAGAGCTTGACACAGCGT_003,49
TGCAGAGCTTGACACAGCGT_004,9
TGCAGAGCTTGACACAGCGT_005,118
TGCAGAGCTTGACACAGCGT_006,83
TGCAGAGCTTGACACAGCGT_007,96
TGCAGAGCTTGACACAGCGT_008,88
TGCAGAGCTTGACACAGCGT_009,87
TGCAGAGCTTGACACAGCGT_010,87
TTCTAGGATAACCACCACTG_001,1
TTCTAGGATAACCACCACTG_002,115
TTCTAGGATAACCACCACTG_003,50
TTCTAGGATAACCACCACTG_004,17
TTCTAGGATAACCACCACTG_005,197
TTCTAGGATAACCACCACTG_006,11
TTCTAGGATAACCACCACTG_007,151
TTCTAGGATAACCACCACTG_008,172
TTCTAGGATAACCACCACTG_009,191
TTCTAGGATAACCACCACTG_010,170
TTCTAGGATAACCACCACTG_011,9
GCACAGTCTCAGAGATAGCG_001,125
GCACAGTCTCAGAGATAGCG_002,118
AGATGTACTCGATCTCATCA_001,95
AGATGTACTCGATCTCATCA_002,129
AGATGTACTCGATCTCATCA_003,7
AGATGTACTCGATCTCATCA_004,139
AGATGTACTCGATCTCATCA_005,2
AGATGTACTCGATCTCATCA_006,166
AGATGTACTCGATCTCATCA_007,5
AGATGTACTCGATCTCATCA_008,94
AGATGTACTCGATCTCATCA_009,8
GAGGACCCGCGACAGAACCG_001,186
GAGGACCCGCGACAGAACCG_002,170
GAGGACCCGCGACAGAACCG_003,117
GAGGACCCGCGACAGAACCG_004,139
GAGGACCCGCGACAGAACCG_005,55
GAGGACCCGCGACAGAACCG_006,60
GAGGACCCGCGACAGAACCG_007,117
GAGGACCCGCGACAGAACCG_008,61
GAGGACCCGCGACAGAACCG_009,172
GAGGACCCGCGACAGAACCG_010,155
GAGGACCCGCGACAGAACCG_011,75
GAGGACCCGCGACAGAACCG_012,1
GAGGACCCGCGACAGAACCG_013,19
GAGGACCCGCGACAGAACCG_014,1
GAGGACCCGCGACAGAACCG_015,169
GAGGACCCGCGACAGAACCG_016,72
GAGGACCCGCGACAGAACCG_017,40
GAGGACCCGCGACAGAACCG_018,1
GAGGACCCGCGACAGAACCG_019,98
GAGGACCCGCGACAGAACCG_020,76
GAGGACCCGCGACAGAACCG_021,57
GAGGACCCGCGACAGAACCG_022,150
GAGGACCCGCGACAGAACCG_023,182
GAGGACCCGCGACAGAACCG_024,16
GAGGACCCGCGACAGAACCG_025,48
GAGGACCCGCGACAGAACCG_026,15
GAGGACCCGCGACAGAACCG_027,148
GAGGACCCGCGACAGAACCG_028,46
GAGGACCCGCGACAGAACCG_029,146
GAGGACCCGCGACAGAACCG_030,4
GAGGACCCGCGACAGAACCG_031,88
GAGGACCCGCGACAGAACCG_032,162
GAGGACCCGCGACAGAACCG_033,69
GAGGACCCGCGACAGAACCG_034,188
GAGGACCCGCGACAGAACCG_035,115
GAGGACCCGCGACAGAACCG_036,115
GAGGACCCGCGACAGAACCG_037,56
GAGGACCCGCGACAGAACCG_038,51
GAGGACCCGCGACAGAACCG_039,30
GAGGACCCGCGACAGAACCG_040,77
GAGGACCCGCGACAGAACCG_041,70
GAGGACCCGCGACAGAACCG_042,29
GAGGACCCGCGACAGAACCG_043,27
GAGGACCCGCGACAGAACCG_044,43
GAGGACCCGCGACAGAACCG_045,61
GAGGACCCGCGACAGAACCG_046,15
GAGGACCCGCGACAGAACCG_047,168
GAGGACCCGCGACAGAACCG_048,37
GAGGACCCGCGACAGAACCG_049,191
GAGGACCCGCGACAGAACCG_050,20
GAGGACCCGCGACAGAACCG_051,77
GAGGACCCGCGACAGAACCG_052,157
GAGGACCCGCGACAGAACCG_053,125
GAGGACCCGCGACAGAACCG_054,113
TGCGGAAGCGCGCTCCAGAG_001,131
TGCGGAAGCGCGCTCCAGAG_002,32
TGCGGAAGCGCGCTCCAGAG_003,145
TGCGGAAGCGCGCTCCAGAG_004,70
TGCGGAAGCGCGCTCCAGAG_005,134
TGGTGGATCAGTTAAGCATG_001,15
TGGTGGATCAGTTAAGCATG_002,15
TGGTGGATCAGTTAAGCATG_003,22
TGGTGGATCAGTTAAGCATG_004,147
TGGTGGATCAGTTAAGCATG_005,94
TGGTGGATCAGTTAAGCATG_006,147
TGGTGGATCAGTTAAGCATG_007,87
TGGTGGATCAGTTAAGCATG_008,114
TGGTGGATCAGTTAAGCATG_009,34
CCAGCCGCCTATCAGGAGAG_001,149
CCAGCCGCCTATCAGGAGAG_002,80
CCAGCCGCCTATCAGGAGAG_003,199
CCAGCCGCCTATCAGGAGAG_004,42
GAGGTTCATGACCGCCACGT_001,96
GAGGTTCATGACCGCCACGT_002,153
GAGGTTCATGACCGCCACGT_003,187
GAGGTTCATGACCGCCACGT_004,25
GAGGTTCATGACCGCCACGT_005,65
GAGGTTCATGACCGCCACGT_006,13
GAGGTTCATGACCGCCACGT_007,198
GAGGTTCATGACCGCCACGT_008,78
GAGGTTCATGACCGCCACGT_009,173
GAGGTTCATGACCGCCACGT_010,173
GAGGTTCATGACCGCCACGT_011,173
GAGGTTCATGACCGCCACGT_012,65
GAGGTTCATGACCGCCACGT_013,145
GAGGTTCATGACCGCCACGT_014,49
GAGGTTCATGACCGCCACGT_015,171
GAGGTTCATGACCGCCACGT_016,42
GCGGTTAACAAAGAGTCCGA_001,74
GCGGTTAACAAAGAGTCCGA_002,44
GCGGTTAACAAAGAGTCCGA_003,65
GCGGTTAACAAAGAGTCCGA_004,197
GCGGTTAACAAAGAGTCCGA_005,62
GCGGTTAACAAAGAGTCCGA_006,145
GCGGTTAACAAAGAGTCCGA_007,137
GCGGTTAACAAAGAGTCCGA_008,70
GCGGTTAACAAAGAGTCCGA_009,199
GCGGTTAACAAAGAGTCCGA_010,54
GCGGTTAACAAAGAGTCCGA_011,0
GCGGTTAACAAAGAGTCCGA_012,91
GCGGTTAACAAAGAGTCCGA_013,103
GCGGTTAACAAAGAGTCCGA_014,76
GCGGTTAACAAAGAGTCCGA_015,82
GCGGTTAACAAAGAGTCCGA_016,82
GCGGTTAACAAAGAGTCCGA_017,2
GCGGTTAACAAAGAGTCCGA_018,142
GCGGTTAACAAAGAGTCCGA_019,183
GCGGTTAACAAAGAGTCCGA_020,177
GCGGTTAACAAAGAGTCCGA_021,127
GCGGTTAACAAAGAGTCCGA_022,103
GCGGTTAACAAAGAGTCCGA_023,172
GCGGTTAACAAAGAGTCCGA_024,190
GCGGTTAACAAAGAGTCCGA_025,136
AAAATACTACTAGCTCACTC_001,130
TTGGGGACCCAAAAACAACA_001,69
TTGGGGACCCAAAAACAACA_002,48
TTGGGGACCCAAAAACAACA_003,101
TTGGGGACCCAAAAACAACA_004,145
TTGGGGACCCAAAAACAACA_005,78
TTGGGGACCCAAAAACAACA_006,58
TTGGGGACCCAAAAACAACA_007,2
TTGGGGACCCAAAAACAACA_008,147
TTGGGGACCCAAAAACAACA_009,177
TTGGGGACCCAAAAACAACA_010,163
TTGGGGACCCAAAAACAACA_011,0
TTGGGGACCCAAAAACAACA_012,197
TTGGGGACCCAAAAACAACA_013,57
TTGGGGACCCAAAAACAACA_014,17
TTGGGGACCCAAAAACAACA_015,174
CGGTGCTGTGAAAGCCGAGC_001,127
CGGTGCTGTGAAAGCCGAGC_002,12
CGGTGCTGTGAAAGCCGAGC_003,61
CGGTGCTGTGAAAGCCGAGC_004,47
CGGTGCTGTGAAAGCCGAGC_005,179
CGGTGCTGTGAAAGCCGAGC_006,36
CGGTGCTGTGAAAGCCGAGC_007,100
CGGTGCTGTGAAAGCCGAGC_008,137
CGGTGCTGTGAAAGCCGAGC_009,71
CGGTGCTGTGAAAGCCGAGC_010,180
CGGTGCTGTGAAAGCCGAGC_011,9
CGGTGCTGTGAAAGCCGAGC_012,156
CGGTGCTGTGAAAGCCGAGC_013,3
CGGTGCTGTGAAAGCCGAGC_014,132
CGGTGCTGTGAAAGCCGAGC_015,141
CGGTGCTGTGAAAGCCGAGC_016,77
CGGTGCTGTGAAAGCCGAGC_017,50
CGGTGCTGTGAAAGCCGAGC_018,53
CGGTGCTGTGAAAGCCGAGC_019,75
CGGTGCTGTGAAAGCCGAGC_020,158
CGGTGCTGTGAAAGCCGAGC_021,190
CGGTGCTGTGAAAGCCGAGC_022,76
CGGTGCTGTGAAAGCCGAGC_023,17
CGGTGCTGTGAAAGCCGAGC_024,199
CGGTGCTGTGAAAGCCGAGC_025,115
CGGTGCTGTGAAAGCCGAGC_026,40
CGGTGCTGTGAAAGCCGAGC_027,35
CGGTGCTGTGAAAGCCGAGC_028,94
CGGTGCTGTGAAAGCCGAGC_029,155
CGGTGCTGTGAAAGCCGAGC_030,58
CGGTGCTGTGAAAGCCGAGC_031,43
ACGTTGTATCTCATGCACAG_001,142
ACGTTGTATCTCATGCACAG_002,43
ACGTTGTATCTCATGCACAG_003,57
ACGTTGTATCTCATGCACAG_004,77
ACGTTGTATCTCATGCACAG_005,16
ACGTTGTATCTCATGCACAG_006,55
ACGTTGTATCTCATGCACAG_007,90
ACGTTGTATCTCATGCACAG_008,40
ACGTTGTATCTCATGCACAG_009,188
ACGTTGTATCTCATGCACAG_010,198
GCATGTCACCCATCGAAGTG_001,113
GCATGTCACCCATCGAAGTG_002,113
GCATGTCACCCATCGAAGTG_003,117
GCATGTCACCCATCGAAGTG_004,176
GCATGTCACCCATCGAAGTG_005,177
GCATGTCACCCATCGAAGTG_006,169
GCATGTCACCCATCGAAGTG_007,199
GCATGTCACCCATCGAAGTG_008,50
GCATGTCACCCATCGAAGTG_009,191
GCATGTCACCCATCGAAGTG_010,179
GCATGTCACCCATCGAAGTG_011,197
GCATGTCACCCATCGAAGTG_012,107
GCATGTCACCCATCGAAGTG_013,119
GCATGTCACCCATCGAAGTG_014,181
GCATGTCACCCATCGAAGTG_015,5
GCATGTCACCCATCGAAGTG_016,149
GCATGTCACCCATCGAAGTG_017,90
GCATGTCACCCATCGAAGTG_018,194
GCATGTCACCCATCGAAGTG_019,22
GCATGTCACCCATCGAAGTG_020,63
GCATGTCACCCATCGAAGTG_021,99
AATCGTGGGAAGTTTCGATG_001,97
AATCGTGGGAAGTTTCGATG_002,149
AATCGTGGGAAGTTTCGATG_003,184
AATCGTGGGAAGTTTCGATG_004,115
AATCGTGGGAAGTTTCGATG_005,9
AATCGTGGGAAGTTTCGATG_006,127
AATCGTGGGAAGTTTCGATG_007,52
AATCGTGGGAAGTTTCGATG_008,174
AATCGTGGGAAGTTTCGATG_009,44
AATCGTGGGAAGTTTCGATG_010,194
AATCGTGGGAAGTTTCGATG_011,6
AATCGTGGGAAGTTTCGATG_012,191
AATCGTGGGAAGTTTCGATG_013,183
AATCGTGGGAAGTTTCGATG_014,43
AATCGTGGGAAGTTTCGATG_015,121
AATCGTGGGAAGTTTCGATG_016,31
AATCGTGGGAAGTTTCGATG_017,158
AGACACTTATACTATGAAAG_001,141
AGACACTTATACTATGAAAG_002,0
CCATCATAAGACACAGACCA_001,119
CCATCATAAGACACAGACCA_002,153
CCATCATAAGACACAGACCA_003,166
CCATCATAAGACACAGACCA_004,197
CCATCATAAGACACAGACCA_005,127
CCATCATAAGACACAGACCA_006,69
CCATCATAAGACACAGACCA_007,9
CCATCATAAGACACAGACCA_008,41
CCATCATAAGACACAGACCA_009,12
CCATCATAAGACACAGACCA_010,108
CCATCATAAGACACAGACCA_011,161
CCATCATAAGACACAGACCA_012,55
CCATCATAAGACACAGACCA_013,18
CCATCATAAGACACAGACCA_014,27
CCATCATAAGACACAGACCA_015,1
CCATCATAAGACACAGACCA_016,31
CCATCATAAGACACAGACCA_017,49
CCATCATAAGACACAGACCA_018,143
CCATCATAAGACACAGACCA_019,102
CCATCATAAGACACAGACCA_020,102
CCATCATAAGACACAGACCA_021,40
CCATCATAAGACACAGACCA_022,128
CCATCATAAGACACAGACCA_023,51
CCATCATAAGACACAGACCA_024,108
CCATCATAAGACACAGACCA_025,39
CCATCATAAGACACAGACCA_026,168
CCATCATAAGACACAGACCA_027,40
CCATCATAAGACACAGACCA_028,137
CCATCATAAGACACAGACCA_029,37
CTGGACAAAGATAGGCTGGG_001,27
CTGGACAAAGATAGGCTGGG_002,72
CTGGACAAAGATAGGCTGGG_003,32
CTGGACAAAGATAGGCTGGG_004,27
CTGGACAAAGATAGGCTGGG_005,41
CTGGACAAAGATAGGCTGGG_006,63
CTGGACAAAGATAGGCTGGG_007,72
CTGGACAAAGATAGGCTGGG_008,199
CTGGACAAAGATAGGCTGGG_009,65
CTGGACAAAGATAGGCTGGG_010,122
CTGGACAAAGATAGGCTGGG_011,193
CTGGACAAAGATAGGCTGGG_012,115
CTGGACAAAGATAGGCTGGG_013,26
CTGGACAAAGATAGGCTGGG_014,137
CTGGACAAAGATAGGCTGGG_015,148
CTGGACAAAGATAGGCTGGG_016,186
CTGGACAAAGATAGGCTGGG_017,169
CTGGACAAAGATAGGCTGGG_018,9
CTGGACAAAGATAGGCTGGG_019,175
CTGGACAAAGATAGGCTGGG_020,197
CTGGACAAAGATAGGCTGGG_021,107
CTGGACAAAGATAGGCTGGG_022,163
CTGGACAAAGATAGGCTGGG_023,108
CTGGACAAAGATAGGCTGGG_024,178
CTGGACAAAGATAGGCTGGG_025,84
CTGGACAAAGATAGGCTGGG_026,49
CTGGACAAAGATAGGCTGGG_027,135
CTGGACAAAGATAGGCTGGG_028,80
CTGGACAAAGATAGGCTGGG_029,34
CTGGACAAAGATAGGCTGGG_030,125
CTGGACAAAGATAGGCTGGG_031,56
CTGGACAAAGATAGGCTGGG_032,141
GTTGATCATTGTGCACGCCA_001,183
GTTGATCATTGTGCACGCCA_002,66
GTTGATCATTGTGCACGCCA_003,183
GTTGATCATTGTGCACGCCA_004,156
GTTGATCATTGTGCACGCCA_005,151
GTTGATCATTGTGCACGCCA_006,188
GTTGATCATTGTGCACGCCA_007,181
CTGACGTGTGACGAGTACAA_001,185
CTGACGTGTGACGAGTACAA_002,156
CTGACGTGTGACGAGTACAA_003,119
GAACGTATGGTGCTCAACAC_001,163
GAACGTATGGTGCTCAACAC_002,85
GAACGTATGGTGCTCAACAC_003,103
GAACGTATGGTGCTCAACAC_004,158
GAACGTATGGTGCTCAACAC_005,105
GAACGTATGGTGCTCAACAC_006,91
GAACGTATGGTGCTCAACAC_007,15
GAACGTATGGTGCTCAACAC_008,94
GAACGTATGGTGCTCAACAC_009,163
GAACGTATGGTGCTCAACAC_010,102
GAACGTATGGTGCTCAACAC_011,39
GAACGTATGGTGCTCAACAC_012,188
TGGGAGTAGTGAAGAATTCG_001,150
TGGGAGTAGTGAAGAATTCG_002,146
TGGGAGTAGTGAAGAATTCG_003,140
ATACAGATGTCATCATGAAG_001,133
ATACAGATGTCATCATGAAG_002,141
ATACAGATGTCATCATGAAG_003,88
ATACAGATGTCATCATGAAG_004,127
GCCAAGAAGGTTGATGCTGG_001,121
GCCAAGAAGGTTGATGCTGG_002,69
GCCAAGAAGGTTGATGCTGG_003,17
GCCAAGAAGGTTGATGCTGG_004,14
GCCAAGAAGGTTGATGCTGG_005,158
GCCAAGAAGGTTGATGCTGG_006,109
GCCAAGAAGGTTGATGCTGG_007,166
ACAACTCTGAGTCCAACTCT_001,23
ACAACTCTGAGTCCAACTCT_002,122
ACAACTCTGAGTCCAACTCT_003,141
ACAACTCTGAGTCCAACTCT_004,66
ACAACTCTGAGTCCAACTCT_005,162
ACAACTCTGAGTCCAACTCT_006,65
ACAACTCTGAGTCCAACTCT_007,191
ACAACTCTGAGTCCAACTCT_008,103
ACAACTCTGAGTCCAACTCT_009,55
ACAACTCTGAGTCCAACTCT_010,103
TCCTGGTCAGAGCGTCAGAG_001,145
TCCTGGTCAGAGCGTCAGAG_002,32
TCCTGGTCAGAGCGTCAGAG_003,160
AATTAGGATCAGATGCCCCA_001,12
AATTAGGATCAGATGCCCCA_002,15
AATTAGGATCAGATGCCCCA_003,115
AATTAGGATCAGATGCCCCA_004,81
AATTAGGATCAGATGCCCCA_005,60
AATTAGGATCAGATGCCCCA_006,56
AATTAGGATCAGATGCCCCA_007,175
AATTAGGATCAGATGCCCCA_008,151
AATTAGGATCAGATGCCCCA_009,189
AATTAGGATCAGATGCCCCA_010,137
AATTAGGATCAGATGCCCCA_011,34
AATTAGGATCAGATGCCCCA_012,162
AATTAGGATCAGATGCCCCA_013,182
GTATACTGAATGCCACAGAG_001,94
GTATACTGAATGCCACAGAG_002,105
GTATACTGAATGCCACAGAG_003,80
GTATACTGAATGCCACAGAG_004,161
GTATACTGAATGCCACAGAG_005,175
GTATACTGAATGCCACAGAG_006,77
GTATACTGAATGCCACAGAG_007,34
GTATACTGAATGCCACAGAG_008,77
GTATACTGAATGCCACAGAG_009,100
GTATACTGAATGCCACAGAG_010,150
CAGATCCGAGTAGACCAGGC_001,119
CAGATCCGAGTAGACCAGGC_002,75
CAGATCCGAGTAGACCAGGC_003,1
CAGATCCGAGTAGACCAGGC_004,11
CAGATCCGAGTAGACCAGGC_005,49
CAGATCCGAGTAGACCAGGC_006,41
CAGATCCGAGTAGACCAGGC_007,9
CAGATCCGAGTAGACCAGGC_008,166
CAGATCCGAGTAGACCAGGC_009,104
CAGATCCGAGTAGACCAGGC_010,66
CAGATCCGAGTAGACCAGGC_011,78
CAGATCCGAGTAGACCAGGC_012,11
CAGATCCGAGTAGACCAGGC_013,104
CAGATCCGAGTAGACCAGGC_014,52
CAGATCCGAGTAGACCAGGC_015,170
CAGATCCGAGTAGACCAGGC_016,162
CAGATCCGAGTAGACCAGGC_017,188
CAGATCCGAGTAGACCAGGC_018,119
CAGATCCGAGTAGACCAGGC_019,180
CAGATCCGAGTAGACCAGGC_020,27
CAGATCCGAGTAGACCAGGC_021,108
CAGATCCGAGTAGACCAGGC_022,108
CCTTATCTCTACCATCGCTG_001,55
CCTTATCTCTACCATCGCTG_002,170
CCTTATCTCTACCATCGCTG_003,185
CCTTATCTCTACCATCGCTG_004,146
CCTTATCTCTACCATCGCTG_005,126
CCTTATCTCTACCATCGCTG_006,176
CCTTATCTCTACCATCGCTG_007,181
CCTTATCTCTACCATCGCTG_008,29
CCTTATCTCTACCATCGCTG_009,65
CCTTATCTCTACCATCGCTG_010,0
AAGTCATAGACCGAAGAGTG_001,49
AAGTCATAGACCGAAGAGTG_002,105
AAGTCATAGACCGAAGAGTG_003,46
AAGTCATAGACCGAAGAGTG_004,110
AAGTCATAGACCGAAGAGTG_005,17
AAGTCATAGACCGAAGAGTG_006,156
AAGTCATAGACCGAAGAGTG_007,160
AAGTCATAGACCGAAGAGTG_008,197
AAGTCATAGACCGAAGAGTG_009,23
CCTGTGCACGAGGACCAATA_001,115
CCTGTGCACGAGGACCAATA_002,85
CCTGTGCACGAGGACCAATA_003,2
CCTGTGCACGAGGACCAATA_004,23
CCTGTGCACGAGGACCAATA_005,20
CCTGTGCACGAGGACCAATA_006,62
CCTGTGCACGAGGACCAATA_007,0
CCTGTGCACGAGGACCAATA_008,177
CCAAGGCCAGAAGGTTGGAG_001,102
CCAAGGCCAGAAGGTTGGAG_002,53
CCAAGGCCAGAAGGTTGGAG_003,48
CCAAGGCCAGAAGGTTGGAG_004,44
CCAAGGCCAGAAGGTTGGAG_005,127
CCAAGGCCAGAAGGTTGGAG_006,127
CCAAGGCCAGAAGGTTGGAG_007,83
CCAAGGCCAGAAGGTTGGAG_008,66
CCAAGGCCAGAAGGTTGGAG_009,126
CCAAGGCCAGAAGGTTGGAG_010,35
CCAAGGCCAGAAGGTTGGAG_011,43
CCAAGGCCAGAAGGTTGGAG_012,35
CCAAGGCCAGAAGGTTGGAG_013,15
CCAAGGCCAGAAGGTTGGAG_014,121
CCAAGGCCAGAAGGTTGGAG_015,105
CCAAGGCCAGAAGGTTGGAG_016,185
CCAAGGCCAGAAGGTTGGAG_017,82
CCAAGGCCAGAAGGTTGGAG_018,56
CCAAGGCCAGAAGGTTGGAG_019,138
CCAAGGCCAGAAGGTTGGAG_020,104
CCAAGGCCAGAAGGTTGGAG_021,62
CCAAGGCCAGAAGGTTGGAG_022,127
CCAAGGCCAGAAGGTTGGAG_023,156
CTTACAGGCTATGCGCACAG_001,77
CTTACAGGCTATGCGCACAG_002,198
CTTACAGGCTATGCGCACAG_003,68
CTTACAGGCTATGCGCACAG_004,53
CTTACAGGCTATGCGCACAG_005,125
CTTACAGGCTATGCGCACAG_006,172
CTTACAGGCTATGCGCACAG_007,188
CTTACAGGCTATGCGCACAG_008,94
GATGACAGGATCGTAGAGCA_001,61
GATGACAGGATCGTAGAGCA_002,51
GATGACAGGATCGTAGAGCA_003,60
GATGACAGGATCGTAGAGCA_004,7
CAGGCGGTAATAGGCAGTAA_001,160
CAGGCGGTAATAGGCAGTAA_002,151
CACTAATTAGTGGCGGACGA_001,157
CACTAATTAGTGGCGGACGA_002,35
GAAACGAGAAGTTTGTACTA_001,185
GAAACGAGAAGTTTGTACTA_002,94
GAAACGAGAAGTTTGTACTA_003,106
GAAACGAGAAGTTTGTACTA_004,12
GAAACGAGAAGTTTGTACTA_005,181
GAAACGAGAAGTTTGTACTA_006,171
GAAACGAGAAGTTTGTACTA_007,7
GAAACGAGAAGTTTGTACTA_008,28
GAAACGAGAAGTTTGTACTA_009,76
GAAACGAGAAGTTTGTACTA_010,160
GAAACGAGAAGTTTGTACTA_011,43
GAAACGAGAAGTTTGTACTA_012,75
GAAACGAGAAGTTTGTACTA_013,15
GAAACGAGAAGTTTGTACTA_014,126
GAAACGAGAAGTTTGTACTA_015,158
GAAACGAGAAGTTTGTACTA_016,60
GAAACGAGAAGTTTGTACTA_017,98
GAAACGAGAAGTTTGTACTA_018,83
GCCAGTCCCAGGATCACGGT_001,70
GCCAGTCCCAGGATCACGGT_002,106
AGCCACTGAGCAATACCACC_001,165
AGCCACTGAGCAATACCACC_002,118
AGCCACTGAGCAATACCACC_003,142
AGCCACTGAGCAATACCACC_004,180
AGCCACTGAGCAATACCACC_005,147
AGCCACTGAGCAATACCACC_006,94
GGACCGATTTCTTCTCACTG_001,165
GGACCGATTTCTTCTCACTG_002,59
GGACCGATTTCTTCTCACTG_003,142
GGACCGATTTCTTCTCACTG_004,41
GGACCGATTTCTTCTCACTG_005,1
GGACCGATTTCTTCTCACTG_006,84
GACCTACGCTCCTCACCCAG_001,53
GACCTACGCTCCTCACCCAG_002,167
GACCTACGCTCCTCACCCAG_003,167
GACCTACGCTCCTCACCCAG_004,77
GACCTACGCTCCTCACCCAG_005,152
GACCTACGCTCCTCACCCAG_006,148
GACCTACGCTCCTCACCCAG_007,18
GACCTACGCTCCTCACCCAG_008,149
GACCTACGCTCCTCACCCAG_009,63
GACCTACGCTCCTCACCCAG_010,183
GACCTACGCTCCTCACCCAG_011,2
GACCTACGCTCCTCACCCAG_012,30
GACCTACGCTCCTCACCCAG_013,190
GGCATGTTGTGAGAGCGTGG_001,83
GGCATGTTGTGAGAGCGTGG_002,169
GGCATGTTGTGAGAGCGTGG_003,80
GGCATGTTGTGAGAGCGTGG_004,88
GGCATGTTGTGAGAGCGTGG_005,192
GGCATGTTGTGAGAGCGTGG_006,5
GGCATGTTGTGAGAGCGTGG_007,78
GGCATGTTGTGAGAGCGTGG_008,141
GGCATGTTGTGAGAGCGTGG_009,157
GGCATGTTGTGAGAGCGTGG_010,148
GGCATGTTGTGAGAGCGTGG_011,191
GGCGCGCTGGAAGTGACCGG_001,70
GGCGCGCTGGAAGTGACCGG_002,188
GGCGCGCTGGAAGTGACCGG_003,21
GGCGCGCTGGAAGTGACCGG_004,163
GGCGCGCTGGAAGTGACCGG_005,4
GGCGCGCTGGAAGTGACCGG_006,82
GGCGCGCTGGAAGTGACCGG_007,121
GGCGCGCTGGAAGTGACCGG_008,17
GGCGCGCTGGAAGTGACCGG_009,190
GGCGCGCTGGAAGTGACCGG_010,188
GGCGCGCTGGAAGTGACCGG_011,2
GGCGCGCTGGAAGTGACCGG_012,171
GGCGCGCTGGAAGTGACCGG_013,147
GGCGCGCTGGAAGTGACCGG_014,82
GGCGCGCTGGAAGTGACCGG_015,199
GGCGCGCTGGAAGTGACCGG_016,103
GGCGCGCTGGAAGTGACCGG_017,115
GGCGCGCTGGAAGTGACCGG_018,67
GGCGCGCTGGAAGTGACCGG_019,94
GGCGCGCTGGAAGTGACCGG_020,135
GGCGCGCTGGAAGTGACCGG_021,18
GGGAGCTGAATAGTCAAGGG_001,188
GGGAGCTGAATAGTCAAGGG_002,62
GGGAGCTGAATAGTCAAGGG_003,141
GGGAGCTGAATAGTCAAGGG_004,91
GGGAGCTGAATAGTCAAGGG_005,102
GGGAGCTGAATAGTCAAGGG_006,197
GGGAGCTGAATAGTCAAGGG_007,188
GGGAGCTGAATAGTCAAGGG_008,197
GGGAGCTGAATAGTCAAGGG_009,142
GGGAGCTGAATAGTCAAGGG_010,134
GGGAGCTGAATAGTCAAGGG_011,147
GGGAGCTGAATAGTCAAGGG_012,4
GGGAGCTGAATAGTCAAGGG_013,136
TCAGCCCTATGTAAACACTA_001,155
TCAGCCCTATGTAAACACTA_002,14
TCAGCCCTATGTAAACACTA_003,83
TCAGCCCTATGTAAACACTA_004,148
TCAGCCCTATGTAAACACTA_005,13
TCAGCCCTATGTAAACACTA_006,63
TCAGGGTGAGGGTCAGACGG_001,130
TCAGGGTGAGGGTCAGACGG_002,168
TCAGGGTGAGGGTCAGACGG_003,174
TCAGGGTGAGGGTCAGACGG_004,106
TCAGGGTGAGGGTCAGACGG_005,98
TCAGGGTGAGGGTCAGACGG_006,155
TCAGGGTGAGGGTCAGACGG_007,37
TGCCGACTGCAAACCACTCG_001,82
TGCCGACTGCAAACCACTCG_002,96
TGCCGACTGCAAACCACTCG_003,188
TGCCGACTGCAAACCACTCG_004,88
TGCCGACTGCAAACCACTCG_005,199
TGCCGACTGCAAACCACTCG_006,168
TGTGGTTGTGGAATTCAGCA_001,80
TGTGGTTGTGGAATTCAGCA_002,97
TGTGGTTGTGGAATTCAGCA_003,63
TGTGGTTGTGGAATTCAGCA_004,9
TGTGGTTGTGGAATTCAGCA_005,96
TGTGGTTGTGGAATTCAGCA_006,22
TGTGGTTGTGGAATTCAGCA_007,187
TGTGGTTGTGGAATTCAGCA_008,56
CCGGTCGCTATCGGCCACAC_001,17
CCGGTCGCTATCGGCCACAC_002,44
CCGGTCGCTATCGGCCACAC_003,39
CCGGTCGCTATCGGCCACAC_004,61
CCGGTCGCTATCGGCCACAC_005,18
CCGGTCGCTATCGGCCACAC_006,22
CTACCGCAAAGAGATCGAAG_001,158
CTACCGCAAAGAGATCGAAG_002,177
CTACCGCAAAGAGATCGAAG_003,127
CTACCGCAAAGAGATCGAAG_004,53
CTACCGCAAAGAGATCGAAG_005,125
CTACCGCAAAGAGATCGAAG_006,88
CTACCGCAAAGAGATCGAAG_007,3
CTACCGCAAAGAGATCGAAG_008,179
CTACCGCAAAGAGATCGAAG_009,113
CTACCGCAAAGAGATCGAAG_010,4
CTACCGCAAAGAGATCGAAG_011,19
CTACCGCAAAGAGATCGAAG_012,171
CTACCGCAAAGAGATCGAAG_013,52
CTACCGCAAAGAGATCGAAG_014,70
CATCGAGAACCCCAACCGGG_001,69
CATCGAGAACCCCAACCGGG_002,41
CATCGAGAACCCCAACCGGG_003,41
CATCGAGAACCCCAACCGGG_004,177
CATCGAGAACCCCAACCGGG_005,2
CTCTTCAGTAGAGTTCGAGG_001,19
CTCTTCAGTAGAGTTCGAGG_002,32
CTCTTCAGTAGAGTTCGAGG_003,11
CTCTTCAGTAGAGTTCGAGG_004,48
CTCTTCAGTAGAGTTCGAGG_005,79
ACCAGGCACACAAGAGACTG_001,42
ACCAGGCACACAAGAGACTG_002,184
ACCAGGCACACAAGAGACTG_003,141
ACCAGGCACACAAGAGACTG_004,41
ACCAGGCACACAAGAGACTG_005,116
ACCAGGCACACAAGAGACTG_006,181
ACCAGGCACACAAGAGACTG_007,81
ACCAGGCACACAAGAGACTG_008,54
ACCAGGCACACAAGAGACTG_009,19
ACCAGGCACACAAGAGACTG_010,2
ACCAGGCACACAAGAGACTG_011,49
ACCAGGCACACAAGAGACTG_012,28
ACCAGGCACACAAGAGACTG_013,9
ACCAGGCACACAAGAGACTG_014,88
ACCAGGCACACAAGAGACTG_015,2
ACCAGGCACACAAGAGACTG_016,145
ACCAGGCACACAAGAGACTG_017,5
ACCAGGCACACAAGAGACTG_018,124
ACATTTAGGACTTGATAAGT_001,165
ACATTTAGGACTTGATAAGT_002,12
ACATTTAGGACTTGATAAGT_003,107
ACATTTAGGACTTGATAAGT_004,89
ACATTTAGGACTTGATAAGT_005,70
ACATTTAGGACTTGATAAGT_006,75
CCTCCTCTATCTTCCTGAGG_001,119
CCTCCTCTATCTTCCTGAGG_002,14
CCTCCTCTATCTTCCTGAGG_003,182
GCTGAAAAGGTGGCCACTAG_001,197
GCTGAAAAGGTGGCCACTAG_002,78
GCTGAAAAGGTGGCCACTAG_003,94
GCTGAAAAGGTGGCCACTAG_004,178
GCTGAAAAGGTGGCCACTAG_005,182
TGTATGTGACCGCCTCCTTG_001,52
TGTATGTGACCGCCTCCTTG_002,50
TGTATGTGACCGCCTCCTTG_003,198
TGTATGTGACCGCCTCCTTG_004,199
TGTATGTGACCGCCTCCTTG_005,179
TGTATGTGACCGCCTCCTTG_006,141
TGTATGTGACCGCCTCCTTG_007,9
TGTATGTGACCGCCTCCTTG_008,181
TGTATGTGACCGCCTCCTTG_009,44
TGTATGTGACCGCCTCCTTG_010,136
TGTATGTGACCGCCTCCTTG_011,63
CCTGCCAAACTTACTGCACA_001,137
CCTGCCAAACTTACTGCACA_002,60
CCTGCCAAACTTACTGCACA_003,26
CCTGCCAAACTTACTGCACA_004,15
CCTGCCAAACTTACTGCACA_005,176
CCTGCCAAACTTACTGCACA_006,92
CCTGCCAAACTTACTGCACA_007,99
CCTGCCAAACTTACTGCACA_008,182
CCTGCCAAACTTACTGCACA_009,133
CCTGCCAAACTTACTGCACA_010,16
CCTGCCAAACTTACTGCACA_011,58
CCTGCCAAACTTACTGCACA_012,24
CCTGCCAAACTTACTGCACA_013,22
CCTGCCAAACTTACTGCACA_014,120
CCTGCCAAACTTACTGCACA_015,146
CCTGCCAAACTTACTGCACA_016,176
GCGGGTACTCTGGGATTGTG_001,127
GCGGGTACTCTGGGATTGTG_002,130
GCGGGTACTCTGGGATTGTG_003,1
GCGGGTACTCTGGGATTGTG_004,76
GCGGGTACTCTGGGATTGTG_005,105
GCGGGTACTCTGGGATTGTG_006,58
GCGGGTACTCTGGGATTGTG_007,170
GCGGGTACTCTGGGATTGTG_008,145
GCGGGTACTCTGGGATTGTG_009,132
GCGGGTACTCTGGGATTGTG_010,174
GCGGGTACTCTGGGATTGTG_011,78
GCGGGTACTCTGGGATTGTG_012,154
GCGGGTACTCTGGGATTGTG_013,159
GCGGGTACTCTGGGATTGTG_014,46
GCGGGTACTCTGGGATTGTG_015,147
GCGGGTACTCTGGGATTGTG_016,191
GCGGGTACTCTGGGATTGTG_017,105
GCGGGTACTCTGGGATTGTG_018,82
GCGGGTACTCTGGGATTGTG_019,170
GCGGGTACTCTGGGATTGTG_020,145
GCGGGTACTCTGGGATTGTG_021,11
GCGGGTACTCTGGGATTGTG_022,142
GCGGGTACTCTGGGATTGTG_023,0
GCGGGTACTCTGGGATTGTG_024,5
GCGGGTACTCTGGGATTGTG_025,58
GCGGGTACTCTGGGATTGTG_026,166
GCGGGTACTCTGGGATTGTG_027,153
GCGGGTACTCTGGGATTGTG_028,55
TGTGGTTACGCCAATTGCAA_001,93
TGTGGTTACGCCAATTGCAA_002,11
TGTGGTTACGCCAATTGCAA_003,31
TGTGGTTACGCCAATTGCAA_004,144
TGTGGTTACGCCAATTGCAA_005,60
TGTGGTTACGCCAATTGCAA_006,146
TGTGGTTACGCCAATTGCAA_007,127
TGTGGTTACGCCAATTGCAA_008,113
TGTGGTTACGCCAATTGCAA_009,156
CGCATACAGGAAGATCCCAA_001,70
CGCATACAGGAAGATCCCAA_002,150
GTCATGCTGATCAGCGACAT_001,55
GTCATGCTGATCAGCGACAT_002,80
GTCATGCTGATCAGCGACAT_003,12
GTCATGCTGATCAGCGACAT_004,158
GTCATGCTGATCAGCGACAT_005,92
GTCATGCTGATCAGCGACAT_006,126
GTCATGCTGATCAGCGACAT_007,159
GTCATGCTGATCAGCGACAT_008,33
GTCATGCTGATCAGCGACAT_009,126
AGGAGTTGGAAAACTCGCCA_001,134
AGGAGTTGGAAAACTCGCCA_002,121
AGGAGTTGGAAAACTCGCCA_003,12
AGGAGTTGGAAAACTCGCCA_004,163
AGGAGTTGGAAAACTCGCCA_005,177
AGGAGTTGGAAAACTCGCCA_006,64
AGGAGTTGGAAAACTCGCCA_007,94
AGGAGTTGGAAAACTCGCCA_008,80
AGGAGTTGGAAAACTCGCCA_009,55
AGGAGTTGGAAAACTCGCCA_010,62
AGGAGTTGGAAAACTCGCCA_011,101
AGGAGTTGGAAAACTCGCCA_012,43
AGGAGTTGGAAAACTCGCCA_013,93
AGGAGTTGGAAAACTCGCCA_014,162
AGGAGTTGGAAAACTCGCCA_015,94
AGGAGTTGGAAAACTCGCCA_016,138
AGGAGTTGGAAAACTCGCCA_017,65
AGGAGTTGGAAAACTCGCCA_018,145
AGGAGTTGGAAAACTCGCCA_019,105
AGGAGTTGGAAAACTCGCCA_020,160
AGGAGTTGGAAAACTCGCCA_021,6
AGGAGTTGGAAAACTCGCCA_022,78
AGGAGTTGGAAAACTCGCCA_023,70
AGGAGTTGGAAAACTCGCCA_024,115
AGGAGTTGGAAAACTCGCCA_025,105
AGGAGTTGGAAAACTCGCCA_026,174
AGGAGTTGGAAAACTCGCCA_027,144
AGGAGTTGGAAAACTCGCCA_028,102
AGGAGTTGGAAAACTCGCCA_029,65
AGGAGTTGGAAAACTCGCCA_030,106
AGGAGTTGGAAAACTCGCCA_031,94
CAGCACCCGAGCTTCGTGCG_001,17
CAGCACCCGAGCTTCGTGCG_002,0
CAGCACCCGAGCTTCGTGCG_003,29
CAGCACCCGAGCTTCGTGCG_004,41
CAGCACCCGAGCTTCGTGCG_005,198
CAGCACCCGAGCTTCGTGCG_006,32
CAGCACCCGAGCTTCGTGCG_007,189
CAGCACCCGAGCTTCGTGCG_008,51
CAGCACCCGAGCTTCGTGCG_009,151
CAGCACCCGAGCTTCGTGCG_010,161
CAGCACCCGAGCTTCGTGCG_011,175
CAGCACCCGAGCTTCGTGCG_012,138
CAGCACCCGAGCTTCGTGCG_013,178
CAGCACCCGAGCTTCGTGCG_014,172
CAGCACCCGAGCTTCGTGCG_015,197
CAGCACCCGAGCTTCGTGCG_016,26
GTTGACATCTGACGACGTGA_001,68
GTTGACATCTGACGACGTGA_002,193
GTTGACATCTGACGACGTGA_003,127
AAGGTAGCTACATTTCGACA_001,1
AAGGTAGCTACATTTCGACA_002,187
AAGGTAGCTACATTTCGACA_003,185
AGAATTTGCTGAGTCAGCAG_001,150
AGAATTTGCTGAGTCAGCAG_002,72
AGAATTTGCTGAGTCAGCAG_003,117
AGAATTTGCTGAGTCAGCAG_004,68
AGAATTTGCTGAGTCAGCAG_005,147
CTCACTGTGATGATGAAGCA_001,13
CTCACTGTGATGATGAAGCA_002,62
CTCACTGTGATGATGAAGCA_003,32
CTCACTGTGATGATGAAGCA_004,62
GTATCCCATATCGGCACAGG_001,119
GTATCCCATATCGGCACAGG_002,69
GTATCCCATATCGGCACAGG_003,65
GTATCCCATATCGGCACAGG_004,97
GTATCCCATATCGGCACAGG_005,8
GTATCCCATATCGGCACAGG_006,40
GTATCCCATATCGGCACAGG_007,70
GTATCCCATATCGGCACAGG_008,105
GTATCCCATATCGGCACAGG_009,145
GTATCCCATATCGGCACAGG_010,77
GTATCCCATATCGGCACAGG_011,114
GTATCCCATATCGGCACAGG_012,0
GTATCCCATATCGGCACAGG_013,161
GTATCCCATATCGGCACAGG_014,108
GTGTCCATAAGCGCGGAGAG_001,65
GTGTCCATAAGCGCGGAGAG_002,44
GTGTCCATAAGCGCGGAGAG_003,39
AAGGATTTCTTCAGTCTCAG_001,118
AAGGATTTCTTCAGTCTCAG_002,53
AAGGATTTCTTCAGTCTCAG_003,182
AAGGATTTCTTCAGTCTCAG_004,105
AAGGATTTCTTCAGTCTCAG_005,135
GGTTGGGCTAGGACTCGGAG_001,60
GGTTGGGCTAGGACTCGGAG_002,175
GGTTGGGCTAGGACTCGGAG_003,149
TGGACTAGAATGCCTAAACG_001,180
TGGACTAGAATGCCTAAACG_002,190
TGGACTAGAATGCCTAAACG_003,42
TGGACTAGAATGCCTAAACG_004,33
TGGACTAGAATGCCTAAACG_005,2
CATCCGTCCAGATAACATGT_001,197
CATCCGTCCAGATAACATGT_002,96
CATCCGTCCAGATAACATGT_003,52
CATCCGTCCAGATAACATGT_004,40
CATCCGTCCAGATAACATGT_005,103
CATCCGTCCAGATAACATGT_006,77
CATCCGTCCAGATAACATGT_007,175
CATCCGTCCAGATAACATGT_008,40
CATCCGTCCAGATAACATGT_009,155
CATCCGTCCAGATAACATGT_010,119
CATCCGTCCAGATAACATGT_011,125
CATCCGTCCAGATAACATGT_012,147
CATCCGTCCAGATAACATGT_013,12
CATCCGTCCAGATAACATGT_014,60
CATCCGTCCAGATAACATGT_015,68
GACGGCACCTCGTAGCCTAG_001,198
GACGGCACCTCGTAGCCTAG_002,60
GACGGCACCTCGTAGCCTAG_003,165
GACGGCACCTCGTAGCCTAG_004,183
GACGGCACCTCGTAGCCTAG_005,24
GACGGCACCTCGTAGCCTAG_006,78
GACGGCACCTCGTAGCCTAG_007,50
GACGGCACCTCGTAGCCTAG_008,78
GACGGCACCTCGTAGCCTAG_009,140
GACGGCACCTCGTAGCCTAG_010,157
GACGGCACCTCGTAGCCTAG_011,97
GACGGCACCTCGTAGCCTAG_012,170
GACGGCACCTCGTAGCCTAG_013,16
GACGGCACCTCGTAGCCTAG_014,67
GACGGCACCTCGTAGCCTAG_015,50
GACGGCACCTCGTAGCCTAG_016,144
GACGGCACCTCGTAGCCTAG_017,103
GACGGCACCTCGTAGCCTAG_018,68
GACGGCACCTCGTAGCCTAG_019,112
GACGGCACCTCGTAGCCTAG_020,107
GACGGCACCTCGTAGCCTAG_021,195
GACGGCACCTCGTAGCCTAG_022,160
GACGGCACCTCGTAGCCTAG_023,165
GACGGCACCTCGTAGCCTAG_024,52
GACGGCACCTCGTAGCCTAG_025,128
ACTTGTCACCAGTGCCATTA_001,70
ACTTGTCACCAGTGCCATTA_002,198
ACTTGTCACCAGTGCCATTA_003,57
ACTTGTCACCAGTGCCATTA_004,111
ACTTGTCACCAGTGCCATTA_005,87
ACTTGTCACCAGTGCCATTA_006,147
ACTTGTCACCAGTGCCATTA_007,137
CTCCACCTCATAGCACAAGT_001,62
CTCCACCTCATAGCACAAGT_002,8
CTCCACCTCATAGCACAAGT_003,9
CTCCACCTCATAGCACAAGT_004,40
CTCCACCTCATAGCACAAGT_005,184
CTCCACCTCATAGCACAAGT_006,8
CTCCACCTCATAGCACAAGT_007,169
CTCCACCTCATAGCACAAGT_008,101
CTCCACCTCATAGCACAAGT_009,160
CTCCGTGGTCCACTCACAGA_001,88
CTCCGTGGTCCACTCACAGA_002,188
CTCCGTGGTCCACTCACAGA_003,108
CTCCGTGGTCCACTCACAGA_004,4
CTCCGTGGTCCACTCACAGA_005,151
CTCCGTGGTCCACTCACAGA_006,57
CTCCGTGGTCCACTCACAGA_007,15
GACATCCAGTAGGTTCACAG_001,116
GACATCCAGTAGGTTCACAG_002,5
GACATCCAGTAGGTTCACAG_003,77
GACATCCAGTAGGTTCACAG_004,135
GACATCCAGTAGGTTCACAG_005,85
GACATCCAGTAGGTTCACAG_006,121
GACATCCAGTAGGTTCACAG_007,62
GACATCCAGTAGGTTCACAG_008,77
GACATCCAGTAGGTTCACAG_009,127
GACATCCAGTAGGTTCACAG_010,183
GACATCCAGTAGGTTCACAG_011,40
GACATCCAGTAGGTTCACAG_012,105
GACATCCAGTAGGTTCACAG_013,91
GACATCCAGTAGGTTCACAG_014,56
GACATCCAGTAGGTTCACAG_015,104
GACATCCAGTAGGTTCACAG_016,88
GACATCCAGTAGGTTCACAG_017,159
GACATCCAGTAGGTTCACAG_018,117
GACATCCAGTAGGTTCACAG_019,193
GACATCCAGTAGGTTCACAG_020,185
GACATCCAGTAGGTTCACAG_021,158
GACATCCAGTAGGTTCACAG_022,138
GACATCCAGTAGGTTCACAG_023,37
GACATCCAGTAGGTTCACAG_024,151
GACATCCAGTAGGTTCACAG_025,13
GACATCCAGTAGGTTCACAG_026,197
TCTAGTGACCAACAAAACTT_001,94
TCTAGTGACCAACAAAACTT_002,115
TCTAGTGACCAACAAAACTT_003,17
TCTAGTGACCAACAAAACTT_004,161
TCTAGTGACCAACAAAACTT_005,183
TCTAGTGACCAACAAAACTT_006,65
TCTAGTGACCAACAAAACTT_007,83
TCTAGTGACCAACAAAACTT_008,46
GCAACCCACACACTTCGGAG_001,18
GCAACCCACACACTTCGGAG_002,104
TGATGAACTATGGGTAGTCA_001,38
ATTCACCACCTCCTAAAGCG_001,121
ATTCACCACCTCCTAAAGCG_002,29
ATTCACCACCTCCTAAAGCG_003,169
ATTCACCACCTCCTAAAGCG_004,194
GATGCTAGTACGTACCGAAG_001,105
GATGCTAGTACGTACCGAAG_002,2
GATGCTAGTACGTACCGAAG_003,29
GATGCTAGTACGTACCGAAG_004,81
GATGCTAGTACGTACCGAAG_005,184
GATGCTAGTACGTACCGAAG_006,49
GATGCTAGTACGTACCGAAG_007,190
GATGCTAGTACGTACCGAAG_008,127
GATGCTAGTACGTACCGAAG_009,146
GATGCTAGTACGTACCGAAG_010,105
GATGCTAGTACGTACCGAAG_011,56
GATGCTAGTACGTACCGAAG_012,76
CAAGGACCGAAGTACCCCTG_001,136
CAAGGACCGAAGTACCCCTG_002,116
CAAGGACCGAAGTACCCCTG_003,102
CAAGGACCGAAGTACCCCTG_004,129
CAAGGACCGAAGTACCCCTG_005,191
CAAGGACCGAAGTACCCCTG_006,76
CAAGGACCGAAGTACCCCTG_007,93
CAAGGACCGAAGTACCCCTG_008,197
CAAGGACCGAAGTACCCCTG_009,172
CAAGGACCGAAGTACCCCTG_010,101
CAAGGACCGAAGTACCCCTG_011,50
CAAGGACCGAAGTACCCCTG_012,94
CAAGGACCGAAGTACCCCTG_013,89
CAAGGACCGAAGTACCCCTG_014,50
CAAGGACCGAAGTACCCCTG_015,82
CAAGGACCGAAGTACCCCTG_016,116
CAAGGACCGAAGTACCCCTG_017,78
CAAGGACCGAAGTACCCCTG_018,145
CAAGGACCGAAGTACCCCTG_019,29
CAAGGACCGAAGTACCCCTG_020,1
CAAGGACCGAAGTACCCCTG_021,84
CAAGGACCGAAGTACCCCTG_022,48
GACGGAGCACGGGATCGGGT_001,76
GACGGAGCACGGGATCGGGT_002,49
GACGGAGCACGGGATCGGGT_003,48
GACGGAGCACGGGATCGGGT_004,80
GACGGAGCACGGGATCGGGT_005,68
GACGGAGCACGGGATCGGGT_006,108
GACGGAGCACGGGATCGGGT_007,80
GACGGAGCACGGGATCGGGT_008,4
GACGGAGCACGGGATCGGGT_009,49
GACGGAGCACGGGATCGGGT_010,8
GACGGAGCACGGGATCGGGT_011,81
GACGGAGCACGGGATCGGGT_012,62
GACGGAGCACGGGATCGGGT_013,71
GACGGAGCACGGGATCGGGT_014,108
GACGGAGCACGGGATCGGGT_015,144
GACGGAGCACGGGATCGGGT_016,24
GACGGAGCACGGGATCGGGT_017,20
GACGGAGCACGGGATCGGGT_018,94
GACGGAGCACGGGATCGGGT_019,23
GACGGAGCACGGGATCGGGT_020,36
GACGGAGCACGGGATCGGGT_021,91
GACGGAGCACGGGATCGGGT_022,29
GACGGAGCACGGGATCGGGT_023,108
GACGGAGCACGGGATCGGGT_024,14
GACGGAGCACGGGATCGGGT_025,145
GACGGAGCACGGGATCGGGT_026,130
GACGGAGCACGGGATCGGGT_027,33
GACGGAGCACGGGATCGGGT_028,4
GACGGAGCACGGGATCGGGT_029,103
GACGGAGCACGGGATCGGGT_030,126
GACGGAGCACGGGATCGGGT_031,1
GACGGAGCACGGGATCGGGT_032,46
CCATATGCAGGGTCGGCCGG_001,68
CCATATGCAGGGTCGGCCGG_002,183
CCATATGCAGGGTCGGCCGG_003,165
CCATATGCAGGGTCGGCCGG_004,182
CCATATGCAGGGTCGGCCGG_005,70
CCATATGCAGGGTCGGCCGG_006,192
CCATATGCAGGGTCGGCCGG_007,83
CCATATGCAGGGTCGGCCGG_008,19
CCATATGCAGGGTCGGCCGG_009,29
CCATATGCAGGGTCGGCCGG_010,106
CCATATGCAGGGTCGGCCGG_011,115
TAGCTGGAGTAGATCGTACG_001,48
TAGCTGGAGTAGATCGTACG_002,146
TAGCTGGAGTAGATCGTACG_003,92
TAGCTGGAGTAGATCGTACG_004,48
GAGCACGGATTGATTAAATG_001,176
GAGCACGGATTGATTAAATG_002,66
GCAAGACTTAACTTGAACAG_001,24
GCAAGACTTAACTTGAACAG_002,126
GCAAGACTTAACTTGAACAG_003,155
GCAAGACTTAACTTGAACAG_004,163
GCAAGACTTAACTTGAACAG_005,17
GCAAGACTTAACTTGAACAG_006,62
GCGGTCCCGGTATCCAGTCT_001,63
GCGGTCCCGGTATCCAGTCT_002,40
CCTGACCAAACACATACTGG_001,6
CCTGACCAAACACATACTGG_002,27
CCTGACCAAACACATACTGG_003,126
CCTGACCAAACACATACTGG_004,16
CCTGACCAAACACATACTGG_005,185
CCTGACCAAACACATACTGG_006,8
CCTGACCAAACACATACTGG_007,182
CCTGACCAAACACATACTGG_008,63
CCTGACCAAACACATACTGG_009,48
TGTTGGCAGATATACCACAA_001,19
TGTTGGCAGATATACCACAA_002,11
GCAAACATGAGACAGTTGGA_001,191
GCAAACATGAGACAGTTGGA_002,12
GCAAACATGAGACAGTTGGA_003,12
GCAAACATGAGACAGTTGGA_004,58
GCAAACATGAGACAGTTGGA_005,187
GCTTCATTGAGTGACTGAAG_001,96
GCTTCATTGAGTGACTGAAG_002,40
AAGATGGGTCCGAAAATGGG_001,88
AGACATGAAAGTTATCACAC_001,53
AGACATGAAAGTTATCACAC_002,167
AGACATGAAAGTTATCACAC_003,41
AGACATGAAAGTTATCACAC_004,78
AGACATGAAAGTTATCACAC_005,27
AGACATGAAAGTTATCACAC_006,156
AGACATGAAAGTTATCACAC_007,42
AAAGTTTGATTATGTGAGGG_001,64
AAAGTTTGATTATGTGAGGG_002,53
AAAGTTTGATTATGTGAGGG_003,49
TGTCCATCTGCTCTTCCGAG_001,38
AACCGAGGCAAAGACGACCG_001,27
AACCGAGGCAAAGACGACCG_002,94
AACCGAGGCAAAGACGACCG_003,58
AACCGAGGCAAAGACGACCG_004,98
AACCGAGGCAAAGACGACCG_005,32
AACCGAGGCAAAGACGACCG_006,154
AACCGAGGCAAAGACGACCG_007,181
AACCGAGGCAAAGACGACCG_008,106
AACCGAGGCAAAGACGACCG_009,82
AACCGAGGCAAAGACGACCG_010,115
AACCGAGGCAAAGACGACCG_011,16
AACCGAGGCAAAGACGACCG_012,59
AACCGAGGCAAAGACGACCG_013,98
AACCGAGGCAAAGACGACCG_014,172
AACCGAGGCAAAGACGACCG_015,62
AACCGAGGCAAAGACGACCG_016,158
AACCGAGGCAAAGACGACCG_017,25
TTTCATCTTCTCAGATACAG_001,50
TTTCATCTTCTCAGATACAG_002,30
TTTCATCTTCTCAGATACAG_003,106
TTTCATCTTCTCAGATACAG_004,98
GGAGATGAACGCAGCCCCCG_001,198
GGAGATGAACGCAGCCCCCG_002,170
GGAGATGAACGCAGCCCCCG_003,16
GGAGATGAACGCAGCCCCCG_004,150
GGAGATGAACGCAGCCCCCG_005,125
GGAGATGAACGCAGCCCCCG_006,171
GGAGATGAACGCAGCCCCCG_007,129
GGAGATGAACGCAGCCCCCG_008,115
GGAGATGAACGCAGCCCCCG_009,43
GGAGATGAACGCAGCCCCCG_010,130
GGAGATGAACGCAGCCCCCG_011,5
GGAGATGAACGCAGCCCCCG_012,29
GGAGATGAACGCAGCCCCCG_013,108
GGAGATGAACGCAGCCCCCG_014,55
GGAGATGAACGCAGCCCCCG_015,120
GGAGATGAACGCAGCCCCCG_016,11
GGAGATGAACGCAGCCCCCG_017,46
GGAGATGAACGCAGCCCCCG_018,182
GGAGATGAACGCAGCCCCCG_019,13
CAGCTCGAAAGTGCGCATGG_001,70
CAGCTCGAAAGTGCGCATGG_002,192
CAGCTCGAAAGTGCGCATGG_003,139
CAGCTCGAAAGTGCGCATGG_004,54
CAGCTCGAAAGTGCGCATGG_005,22
CAGCTCGAAAGTGCGCATGG_006,198
CAGCTCGAAAGTGCGCATGG_007,183
CAGCTCGAAAGTGCGCATGG_008,77
CAGCTCGAAAGTGCGCATGG_009,152
CAGCTCGAAAGTGCGCATGG_010,89
CAGCTCGAAAGTGCGCATGG_011,132
TCAGGTTTCAAAACATTCCG_001,153
TCAGGTTTCAAAACATTCCG_002,1
TCAGGTTTCAAAACATTCCG_003,63
TCAGGTTTCAAAACATTCCG_004,28
TCAGGTTTCAAAACATTCCG_005,198
TCAGGTTTCAAAACATTCCG_006,13
TCAGGTTTCAAAACATTCCG_007,69
CCCACCCATGGTCAGAAGTG_001,197
CCCACCCATGGTCAGAAGTG_002,170
CCCACCCATGGTCAGAAGTG_003,53
CCCACCCATGGTCAGAAGTG_004,178
CCCACCCATGGTCAGAAGTG_005,185
CCCACCCATGGTCAGAAGTG_006,60
CCCACCCATGGTCAGAAGTG_007,133
CCCACCCATGGTCAGAAGTG_008,127
CCCACCCATGGTCAGAAGTG_009,158
CCCACCCATGGTCAGAAGTG_010,83
CCCACCCATGGTCAGAAGTG_011,50
CCCACCCATGGTCAGAAGTG_012,199
CCCACCCATGGTCAGAAGTG_013,127
TGTTGTGGAATGGGCTGCAA_001,150
TGTTGTGGAATGGGCTGCAA_002,124
TGTTGTGGAATGGGCTGCAA_003,161
TGTTGTGGAATGGGCTGCAA_004,26
TGTTGTGGAATGGGCTGCAA_005,147
TGTTGTGGAATGGGCTGCAA_006,126
TGTTGTGGAATGGGCTGCAA_007,15
TGTTGTGGAATGGGCTGCAA_008,58
TGTTGTGGAATGGGCTGCAA_009,140
TGTTGTGGAATGGGCTGCAA_010,119
TGTTGTGGAATGGGCTGCAA_011,144
TGTTGTGGAATGGGCTGCAA_012,157
TGTTGTGGAATGGGCTGCAA_013,122
TGTTGTGGAATGGGCTGCAA_014,140
TGTTGTGGAATGGGCTGCAA_015,160
TGTTGTGGAATGGGCTGCAA_016,159
TGTTGTGGAATGGGCTGCAA_017,137
TGTTGTGGAATGGGCTGCAA_018,41
TGTTGTGGAATGGGCTGCAA_019,156
TGTTGTGGAATGGGCTGCAA_020,36
TGTTGTGGAATGGGCTGCAA_021,120
TGTTGTGGAATGGGCTGCAA_022,62
TGTTGTGGAATGGGCTGCAA_023,29
TGTTGTGGAATGGGCTGCAA_024,199
TGTTGTGGAATGGGCTGCAA_025,199
TGTTGTGGAATGGGCTGCAA_026,178
TGTTGTGGAATGGGCTGCAA_027,175
CCTAGTAACTGGAACCCTTG_001,157
CCTAGTAACTGGAACCCTTG_002,162
CCTAGTAACTGGAACCCTTG_003,151
CCTAGTAACTGGAACCCTTG_004,60
CCTAGTAACTGGAACCCTTG_005,144
CCTAGTAACTGGAACCCTTG_006,14
CCTAGTAACTGGAACCCTTG_007,124
CCTAGTAACTGGAACCCTTG_008,50
CCTAGTAACTGGAACCCTTG_009,105
ATTACACCAGCTATACTCAG_001,159
ATTACACCAGCTATACTCAG_002,159
ATTACACCAGCTATACTCAG_003,38
ATTACACCAGCTATACTCAG_004,22
CCATCGAGAAGGTCCGGAGA_001,126
CCATCGAGAAGGTCCGGAGA_002,12
CCATCGAGAAGGTCCGGAGA_003,127
CCATCGAGAAGGTCCGGAGA_004,2
CCATCGAGAAGGTCCGGAGA_005,77
CCATCGAGAAGGTCCGGAGA_006,152
CCATCGAGAAGGTCCGGAGA_007,152
CCATCGAGAAGGTCCGGAGA_008,147
CCATCGAGAAGGTCCGGAGA_009,115
CCATCGAGAAGGTCCGGAGA_010,1
CCATCGAGAAGGTCCGGAGA_011,49
CCATCGAGAAGGTCCGGAGA_012,162
CCATCGAGAAGGTCCGGAGA_013,163
CCATCGAGAAGGTCCGGAGA_014,35
CCATCGAGAAGGTCCGGAGA_015,14
CCATCGAGAAGGTCCGGAGA_016,19
TGGAAGGTGTCTACCATCGA_001,88
TGGAAGGTGTCTACCATCGA_002,106
TACTATAATACAGAAACAGG_001,154
TACTATAATACAGAAACAGG_002,57
TACTATAATACAGAAACAGG_003,170
TACTATAATACAGAAACAGG_004,97
TACTATAATACAGAAACAGG_005,46
TACTATAATACAGAAACAGG_006,113
GCGTCAGCAAGACCTACACC_001,178
AATGATGGGTATAAGCTCAG_001,187
AATGATGGGTATAAGCTCAG_002,60
AATGATGGGTATAAGCTCAG_003,182
AATGATGGGTATAAGCTCAG_004,113
AATGATGGGTATAAGCTCAG_005,194
AATGATGGGTATAAGCTCAG_006,160
AATGATGGGTATAAGCTCAG_007,3
AATGATGGGTATAAGCTCAG_008,150
AATGATGGGTATAAGCTCAG_009,32
TGAGGAACCCATAAAAAACG_001,40
TGAGGAACCCATAAAAAACG_002,160
TCACTTACATTGGAGCCTGG_001,47
TCACTTACATTGGAGCCTGG_002,73
GTCCTGCTCTATGAGTACGT_001,198
GTCCTGCTCTATGAGTACGT_002,82
CTCCCTCCCTAGTCCTACAC_001,158
CTCCCTCCCTAGTCCTACAC_002,170
CTCCCTCCCTAGTCCTACAC_003,183
CTCCCTCCCTAGTCCTACAC_004,177
CTCCCTCCCTAGTCCTACAC_005,197
CTCCCTCCCTAGTCCTACAC_006,84
CTCCCTCCCTAGTCCTACAC_007,52
CTCCCTCCCTAGTCCTACAC_008,73
CTCCCTCCCTAGTCCTACAC_009,27
CTCCCTCCCTAGTCCTACAC_010,96
CTCCCTCCCTAGTCCTACAC_011,34
CTCCCTCCCTAGTCCTACAC_012,73
GACAGTGCAGAACCCCGGCG_001,88
GACAGTGCAGAACCCCGGCG_002,19
GACAGTGCAGAACCCCGGCG_003,198
GACAGTGCAGAACCCCGGCG_004,2
GACAGTGCAGAACCCCGGCG_005,48
GACAGTGCAGAACCCCGGCG_006,183
GACAGTGCAGAACCCCGGCG_007,48
GACAGTGCAGAACCCCGGCG_008,48
GACAGTGCAGAACCCCGGCG_009,13
GACAGTGCAGAACCCCGGCG_010,103
GACAGTGCAGAACCCCGGCG_011,108
GACAGTGCAGAACCCCGGCG_012,153
GACAGTGCAGAACCCCGGCG_013,144
GACAGTGCAGAACCCCGGCG_014,131
GACAGTGCAGAACCCCGGCG_015,130
GACAGTGCAGAACCCCGGCG_016,43
GACAGTGCAGAACCCCGGCG_017,78
GACAGTGCAGAACCCCGGCG_018,102
GACAGTGCAGAACCCCGGCG_019,198
GACAGTGCAGAACCCCGGCG_020,49
GACAGTGCAGAACCCCGGCG_021,1
GACAGTGCAGAACCCCGGCG_022,162
GACAGTGCAGAACCCCGGCG_023,100
GACAGTGCAGAACCCCGGCG_024,10
GACAGTGCAGAACCCCGGCG_025,155
GACAGTGCAGAACCCCGGCG_026,170
TGTCATTTGTAGACCAGACT_001,138
TGTCATTTGTAGACCAGACT_002,1
TGTCATTTGTAGACCAGACT_003,29
TGTCATTTGTAGACCAGACT_004,158
TGTCATTTGTAGACCAGACT_005,56
TGTCATTTGTAGACCAGACT_006,174
TGTCATTTGTAGACCAGACT_007,76
TGTCATTTGTAGACCAGACT_008,52
TGTGGGAAGAACTTTCGTAG_001,127
TGTGGGAAGAACTTTCGTAG_002,154
TGTGGGAAGAACTTTCGTAG_003,12
TGTGGGAAGAACTTTCGTAG_004,16
TGTGGGAAGAACTTTCGTAG_005,82
TGTGGGAAGAACTTTCGTAG_006,183
TGTGGGAAGAACTTTCGTAG_007,69
TGTGGGAAGAACTTTCGTAG_008,161
TGTGGGAAGAACTTTCGTAG_009,161
TGTGGGAAGAACTTTCGTAG_010,144
TGTGGGAAGAACTTTCGTAG_011,65
TGTGGGAAGAACTTTCGTAG_012,102
TGTGGGAAGAACTTTCGTAG_013,62
TGTGGGAAGAACTTTCGTAG_014,147
TGTGGGAAGAACTTTCGTAG_015,116
TGTGGGAAGAACTTTCGTAG_016,78
ATTACCTAAGCCAAGTTGGA_001,64
ATTACCTAAGCCAAGTTGGA_002,42
ATTACCTAAGCCAAGTTGGA_003,169
ATTACCTAAGCCAAGTTGGA_004,168
ATTACCTAAGCCAAGTTGGA_005,199
ATTACCTAAGCCAAGTTGGA_006,155
ATTACCTAAGCCAAGTTGGA_007,158
ATTACCTAAGCCAAGTTGGA_008,161
ATTACCTAAGCCAAGTTGGA_009,2
ATTACCTAAGCCAAGTTGGA_010,94
ATTACCTAAGCCAAGTTGGA_011,60
ATTACCTAAGCCAAGTTGGA_012,56
ATTACCTAAGCCAAGTTGGA_013,1
ATTACCTAAGCCAAGTTGGA_014,137
ATTACCTAAGCCAAGTTGGA_015,81
ATTACCTAAGCCAAGTTGGA_016,160
TCCCACAGCGATCCCCACAT_001,138
TCCCACAGCGATCCCCACAT_002,162
GCCCCCGTGCGATCACCTTG_001,2
GCCCCCGTGCGATCACCTTG_002,149
GCCCCCGTGCGATCACCTTG_003,104
GCCCCCGTGCGATCACCTTG_004,28
GCCCCCGTGCGATCACCTTG_005,194
GCCCCCGTGCGATCACCTTG_006,115
GCCCCCGTGCGATCACCTTG_007,58
GCCCCCGTGCGATCACCTTG_008,1
GCCCCCGTGCGATCACCTTG_009,77
CTAGCTCAGATCTGTCTACG_001,153
CTAGCTCAGATCTGTCTACG_002,130
CTAGCTCAGATCTGTCTACG_003,40
CTAGCTCAGATCTGTCTACG_004,77
GCATTTACGGAACCATTCAG_001,9
GCATTTACGGAACCATTCAG_002,49
GCATTTACGGAACCATTCAG_003,59
GCATTTACGGAACCATTCAG_004,12
GCATTTACGGAACCATTCAG_005,184
GCATTTACGGAACCATTCAG_006,160
GCATTTACGGAACCATTCAG_007,39
GCATTTACGGAACCATTCAG_008,197
GCATTTACGGAACCATTCAG_009,141
AGAGCTTAACCACGTGCAGG_001,145
AGAGCTTAACCACGTGCAGG_002,50
AGAGCTTAACCACGTGCAGG_003,191
AGAGCTTAACCACGTGCAGG_004,147
AGAGCTTAACCACGTGCAGG_005,7
AGAGCTTAACCACGTGCAGG_006,75
AGAGCTTAACCACGTGCAGG_007,62
AGAGCTTAACCACGTGCAGG_008,19
TGGTCTCTCAGAGAGCGTCG_001,153
TGGTCTCTCAGAGAGCGTCG_002,152
TGGTCTCTCAGAGAGCGTCG_003,121
TGGTCTCTCAGAGAGCGTCG_004,127
TGGTCTCTCAGAGAGCGTCG_005,159
CAGATCAGTCCACGACATCA_001,40
CAGATCAGTCCACGACATCA_002,77
CAGATCAGTCCACGACATCA_003,114
CAGATCAGTCCACGACATCA_004,198
CAGATCAGTCCACGACATCA_005,48
CAGATCAGTCCACGACATCA_006,11
CAGATCAGTCCACGACATCA_007,55
CAGATCAGTCCACGACATCA_008,34
CAGATCAGTCCACGACATCA_009,46
CAGATCAGTCCACGACATCA_010,105
CAGATCAGTCCACGACATCA_011,178
CAGATCAGTCCACGACATCA_012,4
CAGATCAGTCCACGACATCA_013,39
CAGATCAGTCCACGACATCA_014,192
CAGATCAGTCCACGACATCA_015,170
CCTGCGCAGGAAAAACACGC_001,121
CCTGCGCAGGAAAAACACGC_002,2
CCTGCGCAGGAAAAACACGC_003,103
CCTGCGCAGGAAAAACACGC_004,169
CCTGCGCAGGAAAAACACGC_005,8
CCTGCGCAGGAAAAACACGC_006,151
CCTGCGCAGGAAAAACACGC_007,116
CCTGCGCAGGAAAAACACGC_008,186
CCTGCGCAGGAAAAACACGC_009,166
CCTGCGCAGGAAAAACACGC_010,147
CCTGCGCAGGAAAAACACGC_011,138
CCTGCGCAGGAAAAACACGC_012,8
CCTGCGCAGGAAAAACACGC_013,145
CCTGCGCAGGAAAAACACGC_014,8
CCTGCGCAGGAAAAACACGC_015,70
CCTGCGCAGGAAAAACACGC_016,199
CCTGCGCAGGAAAAACACGC_017,89
CCTGCGCAGGAAAAACACGC_018,43
CCTGCGCAGGAAAAACACGC_019,8
CCTACTTACAGGCTTTAACG_001,163
CCTACTTACAGGCTTTAACG_002,121
CCTACTTACAGGCTTTAACG_003,169
CCTACTTACAGGCTTTAACG_004,135
CCTACTTACAGGCTTTAACG_005,154
CCTACTTACAGGCTTTAACG_006,51
CCTACTTACAGGCTTTAACG_007,78
CCTACTTACAGGCTTTAACG_008,150
CCTACTTACAGGCTTTAACG_009,168
CCTACTTACAGGCTTTAACG_010,6
CCTACTTACAGGCTTTAACG_011,126
CCTACTTACAGGCTTTAACG_012,144
GATACGGACTTCCTATGAGG_001,31
GATACGGACTTCCTATGAGG_002,102
GATACGGACTTCCTATGAGG_003,76
GATACGGACTTCCTATGAGG_004,19
GATACGGACTTCCTATGAGG_005,141
GATACGGACTTCCTATGAGG_006,117
GATACGGACTTCCTATGAGG_007,60
GATACGGACTTCCTATGAGG_008,147
GATACGGACTTCCTATGAGG_009,63
ACTGAGAGTGGATCCGAAAG_001,129
ACTGAGAGTGGATCCGAAAG_002,138
ACTGAGAGTGGATCCGAAAG_003,138
ACTGAGAGTGGATCCGAAAG_004,161
ACTGAGAGTGGATCCGAAAG_005,178
ACTGAGAGTGGATCCGAAAG_006,33
ACTGAGAGTGGATCCGAAAG_007,94
ACTGAGAGTGGATCCGAAAG_008,150
ACTGAGAGTGGATCCGAAAG_009,131
GAAGAATGGACGGGACCCTG_001,80
GAAGAATGGACGGGACCCTG_002,174
GAAGAATGGACGGGACCCTG_003,23
GAAGAATGGACGGGACCCTG_004,121
GAAGAATGGACGGGACCCTG_005,125
GAAGAATGGACGGGACCCTG_006,190
GAAGAATGGACGGGACCCTG_007,100
GAAGAATGGACGGGACCCTG_008,105
GAAGAATGGACGGGACCCTG_009,48
GAAGAATGGACGGGACCCTG_010,123
GAAGAATGGACGGGACCCTG_011,164
GAAGAATGGACGGGACCCTG_012,56
GAAGAATGGACGGGACCCTG_013,82
GAAGAATGGACGGGACCCTG_014,191
GAAGAATGGACGGGACCCTG_015,115
GAAGAATGGACGGGACCCTG_016,41
GAAGAATGGACGGGACCCTG_017,127
GAAGAATGGACGGGACCCTG_018,53
GAAGAATGGACGGGACCCTG_019,173
GAAGAATGGACGGGACCCTG_020,2
GAAGAATGGACGGGACCCTG_021,48
GAAGAATGGACGGGACCCTG_022,106
GAAGAATGGACGGGACCCTG_023,87
GAAGAATGGACGGGACCCTG_024,87
GAAGAATGGACGGGACCCTG_025,61
GAAGAATGGACGGGACCCTG_026,9
GAAGAATGGACGGGACCCTG_027,62
GAAGAATGGACGGGACCCTG_028,83
GAAGAATGGACGGGACCCTG_029,168
GAAGAATGGACGGGACCCTG_030,147
GAAGAATGGACGGGACCCTG_031,147
GAAGAATGGACGGGACCCTG_032,187
GAAGAATGGACGGGACCCTG_033,0
GAAGAATGGACGGGACCCTG_034,77
GAAGAATGGACGGGACCCTG_035,168
GATGACGGCACACACCACCA_001,190
GATGACGGCACACACCACCA_002,199
GATGACGGCACACACCACCA_003,105
GATGACGGCACACACCACCA_004,2
GATGACGGCACACACCACCA_005,157
GATGACGGCACACACCACCA_006,139
GATGACGGCACACACCACCA_007,40
GATGACGGCACACACCACCA_008,175
GATGACGGCACACACCACCA_009,37
GATGACGGCACACACCACCA_010,178
GATGACGGCACACACCACCA_011,62
GTAGAATGGCAAACCTACCA_001,22
GTAGAATGGCAAACCTACCA_002,172
GTAGAATGGCAAACCTACCA_003,4
GTAGAATGGCAAACCTACCA_004,152
GTAGAATGGCAAACCTACCA_005,121
GTAGAATGGCAAACCTACCA_006,1
GTAGAATGGCAAACCTACCA_007,150
GTAGAATGGCAAACCTACCA_008,92
GTAGAATGGCAAACCTACCA_009,91
GTAGAATGGCAAACCTACCA_010,30
GTAGAATGGCAAACCTACCA_011,68
GTAGAATGGCAAACCTACCA_012,105
GTAGAATGGCAAACCTACCA_013,44
GTAGAATGGCAAACCTACCA_014,49
GTAGAATGGCAAACCTACCA_015,184
GTAGAATGGCAAACCTACCA_016,19
GTAGAATGGCAAACCTACCA_017,175
GTAGAATGGCAAACCTACCA_018,63
GTAGAATGGCAAACCTACCA_019,40
GTAGAATGGCAAACCTACCA_020,46
GTAGAATGGCAAACCTACCA_021,138
GTAGAATGGCAAACCTACCA_022,176
GTAGAATGGCAAACCTACCA_023,176
AGCCTCAAGTTTCTCGACAT_001,151
AGCCTCAAGTTTCTCGACAT_002,29
AGCCTCAAGTTTCTCGACAT_003,65
AGCCTCAAGTTTCTCGACAT_004,67
AGCCTCAAGTTTCTCGACAT_005,148
AGCCTCAAGTTTCTCGACAT_006,158
AGCCTCAAGTTTCTCGACAT_007,83
AGCCTCAAGTTTCTCGACAT_008,155
AGCCTCAAGTTTCTCGACAT_009,20
AGCCTCAAGTTTCTCGACAT_010,62
AGCCTCAAGTTTCTCGACAT_011,106
GGCCGCCCGGGAAGTCAACA_001,111
GGCCGCCCGGGAAGTCAACA_002,8
GGCCGCCCGGGAAGTCAACA_003,131
GGCCGCCCGGGAAGTCAACA_004,26
GGCCGCCCGGGAAGTCAACA_005,84
GAGGCCGACACACTTCACCC_001,105
CAACCGCGTGTGCGAATGCA_001,122
CAACCGCGTGTGCGAATGCA_002,77
CAACCGCGTGTGCGAATGCA_003,3
CAACCGCGTGTGCGAATGCA_004,107
CAACCGCGTGTGCGAATGCA_005,94
CAACCGCGTGTGCGAATGCA_006,191
CAACCGCGTGTGCGAATGCA_007,198
CAACCGCGTGTGCGAATGCA_008,150
CAACCGCGTGTGCGAATGCA_009,172
CAACCGCGTGTGCGAATGCA_010,17
CAACCGCGTGTGCGAATGCA_011,134
CAACCGCGTGTGCGAATGCA_012,98
CAACCGCGTGTGCGAATGCA_013,45
CAACCGCGTGTGCGAATGCA_014,140
CAACCGCGTGTGCGAATGCA_015,90
CAACCGCGTGTGCGAATGCA_016,168
CAACCGCGTGTGCGAATGCA_017,6
CAACCGCGTGTGCGAATGCA_018,82
CAACCGCGTGTGCGAATGCA_019,2
CAACCGCGTGTGCGAATGCA_020,17
CAACCGCGTGTGCGAATGCA_021,135
CAACCGCGTGTGCGAATGCA_022,107
CAACCGCGTGTGCGAATGCA_023,15
CAACCGCGTGTGCGAATGCA_024,112
CAACCGCGTGTGCGAATGCA_025,13
CAACCGCGTGTGCGAATGCA_026,9
CAACCGCGTGTGCGAATGCA_027,126
CAACCGCGTGTGCGAATGCA_028,98
CAACCGCGTGTGCGAATGCA_029,39
CAACCGCGTGTGCGAATGCA_030,194
CAACCGCGTGTGCGAATGCA_031,128
CAACCGCGTGTGCGAATGCA_032,32
CAACCGCGTGTGCGAATGCA_033,167
CAACCGCGTGTGCGAATGCA_034,102
CAACCGCGTGTGCGAATGCA_035,183
AAAAAGCTTCCGCCTGATGG_001,29
AAAAAGCTTCCGCCTGATGG_002,60
AAAAAGCTTCCGCCTGATGG_003,134
AAAAAGCTTCCGCCTGATGG_004,35
AAAAAGCTTCCGCCTGATGG_005,76
AAAAAGCTTCCGCCTGATGG_006,88
AAAAAGCTTCCGCCTGATGG_007,129
AAAAAGCTTCCGCCTGATGG_008,107
AAAAAGCTTCCGCCTGATGG_009,83
AAAAAGCTTCCGCCTGATGG_010,115
AAGAAGGATTTACAGGCACC_001,17
AAGAAGGATTTACAGGCACC_002,33
AAGAAGGATTTACAGGCACC_003,158
AAGAAGGATTTACAGGCACC_004,148
GTGGTATGGTGTATTCCTGT_001,115
GTGGTATGGTGTATTCCTGT_002,49
GTGGTATGGTGTATTCCTGT_003,147
GAGCCCGAGTAGTCTACCGT_001,127
GAGCCCGAGTAGTCTACCGT_002,132
GAGCCCGAGTAGTCTACCGT_003,62
GAGCCCGAGTAGTCTACCGT_004,27
GAGCCCGAGTAGTCTACCGT_005,172
GAGCCCGAGTAGTCTACCGT_006,58
GAGCCCGAGTAGTCTACCGT_007,160
GAGCCCGAGTAGTCTACCGT_008,61
GCTGTGGATGTTGATCACGG_001,178
GGGGATCGATACAACCCACC_001,90
GGGGATCGATACAACCCACC_002,129
GGGGATCGATACAACCCACC_003,96
GGGGATCGATACAACCCACC_004,31
GCACTGTTATCAGACTGGCT_001,51
GCACTGTTATCAGACTGGCT_002,88
CTTGGCCAACCATTGAGACA_001,6
CTTGGCCAACCATTGAGACA_002,41
CTTGGCCAACCATTGAGACA_003,68
CTTGGCCAACCATTGAGACA_004,23
CTTGGCCAACCATTGAGACA_005,113
CTTGGCCAACCATTGAGACA_006,11
CTTGGCCAACCATTGAGACA_007,153
CTTGGCCAACCATTGAGACA_008,56
CTTGGCCAACCATTGAGACA_009,20
CTTGGCCAACCATTGAGACA_010,114
CTTGGCCAACCATTGAGACA_011,41
CTTGGCCAACCATTGAGACA_012,174
TATGCTTATAAAAGGCGATG_001,58
TATGCTTATAAAAGGCGATG_002,98
TATGCTTATAAAAGGCGATG_003,129
AGTGTCTAATCCTGCAGTCA_001,198
AGTGTCTAATCCTGCAGTCA_002,114
AGTGTCTAATCCTGCAGTCA_003,81
CCTCCGACACGAAGGCGCGG_001,62
CCTCCGACACGAAGGCGCGG_002,40
CCTCCGACACGAAGGCGCGG_003,158
CCTCCGACACGAAGGCGCGG_004,94
CCTCCGACACGAAGGCGCGG_005,49
CCTCCGACACGAAGGCGCGG_006,158
CCTCCGACACGAAGGCGCGG_007,2
CCTCCGACACGAAGGCGCGG_008,185
CCTCCGACACGAAGGCGCGG_009,146
CCTCCGACACGAAGGCGCGG_010,116
CCTCCGACACGAAGGCGCGG_011,48
CCTCCGACACGAAGGCGCGG_012,39
CCTCCGACACGAAGGCGCGG_013,4
CAAGGCCTGCCTTTATCCGG_001,9
CAAGGCCTGCCTTTATCCGG_002,1
CAAGGCCTGCCTTTATCCGG_003,15
CAAGGCCTGCCTTTATCCGG_004,4
CAAGGCCTGCCTTTATCCGG_005,185
GAAGGTTCCTATCATCGACT_001,168
GAAGGTTCCTATCATCGACT_002,33
GGGTCCAGTCTTCAGTATCG_001,18
ATGCATGAAGCTGCAATCCA_001,11
ATGCATGAAGCTGCAATCCA_002,94
ATGCATGAAGCTGCAATCCA_003,54
ATGCATGAAGCTGCAATCCA_004,114
ATGCATGAAGCTGCAATCCA_005,114
ATGCATGAAGCTGCAATCCA_006,108
ATGCATGAAGCTGCAATCCA_007,35
ATGCATGAAGCTGCAATCCA_008,177
ATGCATGAAGCTGCAATCCA_009,108
ATGCATGAAGCTGCAATCCA_010,144
ATGCATGAAGCTGCAATCCA_011,49
AGAGGGTGCACATCAAAGAG_001,42
AGAGGGTGCACATCAAAGAG_002,42
AGAGGGTGCACATCAAAGAG_003,169
AGAGGGTGCACATCAAAGAG_004,54
AGAGGGTGCACATCAAAGAG_005,170
AGAGGGTGCACATCAAAGAG_006,4
AGAGGGTGCACATCAAAGAG_007,50
AGAGGGTGCACATCAAAGAG_008,198
AGAGGGTGCACATCAAAGAG_009,4
AGAGGGTGCACATCAAAGAG_010,113
AGAGGGTGCACATCAAAGAG_011,189
AGAGGGTGCACATCAAAGAG_012,85
AGAGGGTGCACATCAAAGAG_013,65
AGAGGGTGCACATCAAAGAG_014,1
AGAGGGTGCACATCAAAGAG_015,80
AGAGGGTGCACATCAAAGAG_016,113
AGAGGGTGCACATCAAAGAG_017,150
AGAGGGTGCACATCAAAGAG_018,162
AGAGGGTGCACATCAAAGAG_019,88
AGAGGGTGCACATCAAAGAG_020,93
AGAGGGTGCACATCAAAGAG_021,103
AGAGGGTGCACATCAAAGAG_022,43
AGAGGGTGCACATCAAAGAG_023,10
AGAGGGTGCACATCAAAGAG_024,17
AGAGGGTGCACATCAAAGAG_025,39
CTACCCACCTCTATGCATGT_001,106
CTACCCACCTCTATGCATGT_002,69
CTACCCACCTCTATGCATGT_003,41
CTACCCACCTCTATGCATGT_004,81
CTACCCACCTCTATGCATGT_005,147
CTACCCACCTCTATGCATGT_006,75
CTACCCACCTCTATGCATGT_007,177
CTACCCACCTCTATGCATGT_008,150
CTACCCACCTCTATGCATGT_009,88
CTACCCACCTCTATGCATGT_010,171
CTACCCACCTCTATGCATGT_011,186
CTACCCACCTCTATGCATGT_012,180
CAGCGCTGGAATCCCATGGG_001,115
CAGCGCTGGAATCCCATGGG_002,132
CAGCGCTGGAATCCCATGGG_003,180
CAGCGCTGGAATCCCATGGG_004,144
TGCCCAGAACAATCTGACAA_001,71
TGCCCAGAACAATCTGACAA_002,174
TGCCCAGAACAATCTGACAA_003,15
TGCGTTGCTGACCACGTCTG_001,115
TGCGTTGCTGACCACGTCTG_002,114
TGCGTTGCTGACCACGTCTG_003,144
AGGGAACAACCTGAGGAGCA_001,22
AGGGAACAACCTGAGGAGCA_002,150
AGGGAACAACCTGAGGAGCA_003,40
AGGGAACAACCTGAGGAGCA_004,178
AGGGAACAACCTGAGGAGCA_005,140
AGGGAACAACCTGAGGAGCA_006,150
AGGGAACAACCTGAGGAGCA_007,157
AGGGAACAACCTGAGGAGCA_008,197
AGGGAACAACCTGAGGAGCA_009,93
AGGGAACAACCTGAGGAGCA_010,49
AGGGAACAACCTGAGGAGCA_011,172
AGGGAACAACCTGAGGAGCA_012,152
AGGGAACAACCTGAGGAGCA_013,84
GAAAGGTAACTGCATAGCCA_001,1
GAAAGGTAACTGCATAGCCA_002,83
GAAAGGTAACTGCATAGCCA_003,51
GAAAGGTAACTGCATAGCCA_004,54
CCTTCCTCAAGCCACAGTAG_001,166
CCTTCCTCAAGCCACAGTAG_002,191
CCTTCCTCAAGCCACAGTAG_003,139
CCTTCCTCAAGCCACAGTAG_004,166
CCTTCCTCAAGCCACAGTAG_005,1
CCTTCCTCAAGCCACAGTAG_006,64
CCTTCCTCAAGCCACAGTAG_007,53
CCTTCCTCAAGCCACAGTAG_008,88
CCTTCCTCAAGCCACAGTAG_009,19
CCTTCCTCAAGCCACAGTAG_010,172
CCTTCCTCAAGCCACAGTAG_011,117
AGAAGATGTTTATCACACGG_001,40
AGAAGATGTTTATCACACGG_002,174
AGAAGATGTTTATCACACGG_003,70
AGAAGATGTTTATCACACGG_004,119
AGAAGATGTTTATCACACGG_005,127
AGAAGATGTTTATCACACGG_006,141
AGAAGATGTTTATCACACGG_007,198
AGAAGATGTTTATCACACGG_008,135
AGAAGATGTTTATCACACGG_009,71
AGATAGAGTAACTCTCTTTG_001,105
GTTGAAGCAAAAGGCATCAA_001,113
GTTGAAGCAAAAGGCATCAA_002,50
GTTGAAGCAAAAGGCATCAA_003,49
GTTGAAGCAAAAGGCATCAA_004,100
GTTGAAGCAAAAGGCATCAA_005,102
GTTGAAGCAAAAGGCATCAA_006,81
GTTGAAGCAAAAGGCATCAA_007,31
GTTGAAGCAAAAGGCATCAA_008,82
GTTGAAGCAAAAGGCATCAA_009,8
GTTGAAGCAAAAGGCATCAA_010,29
GTTGAAGCAAAAGGCATCAA_011,17
GTTGAAGCAAAAGGCATCAA_012,113
GTTGAAGCAAAAGGCATCAA_013,122
GTTGAAGCAAAAGGCATCAA_014,13
GTTGAAGCAAAAGGCATCAA_015,13
GTTGAAGCAAAAGGCATCAA_016,158
GTTGAAGCAAAAGGCATCAA_017,88
GTTGAAGCAAAAGGCATCAA_018,0
TCTGTTAACAGGATTCCTCG_001,1
TCTGTTAACAGGATTCCTCG_002,88
TCTGTTAACAGGATTCCTCG_003,26
TCTGTTAACAGGATTCCTCG_004,107
TCTGTTAACAGGATTCCTCG_005,17
TCTGTTAACAGGATTCCTCG_006,83
TCTGTTAACAGGATTCCTCG_007,148
CCAGCCAACAGGAAGACCAC_001,55
CCAGCCAACAGGAAGACCAC_002,56
CCAGCCAACAGGAAGACCAC_003,119
CCAGCCAACAGGAAGACCAC_004,133
CCAGCCAACAGGAAGACCAC_005,9
CCAGCCAACAGGAAGACCAC_006,29
CCAGCCAACAGGAAGACCAC_007,26
CCAGCCAACAGGAAGACCAC_008,24
CCAGCCAACAGGAAGACCAC_009,79
CCAGCCAACAGGAAGACCAC_010,166
CCAGCCAACAGGAAGACCAC_011,193
CCAGCCAACAGGAAGACCAC_012,191
CCAGCCAACAGGAAGACCAC_013,0
CCAGCCAACAGGAAGACCAC_014,115
CCAGCCAACAGGAAGACCAC_015,2
CCAGCCAACAGGAAGACCAC_016,110
CCAGCCAACAGGAAGACCAC_017,97
CCAGCCAACAGGAAGACCAC_018,170
CCAGCCAACAGGAAGACCAC_019,17
CCAGCCAACAGGAAGACCAC_020,34
CCAGCCAACAGGAAGACCAC_021,170
CCAGCCAACAGGAAGACCAC_022,47
CCAGCCAACAGGAAGACCAC_023,64
GCGCGCCCGACAGCAGCTAG_001,6
GCGCGCCCGACAGCAGCTAG_002,32
GCGCGCCCGACAGCAGCTAG_003,198
GCGCGCCCGACAGCAGCTAG_004,107
GCGCGCCCGACAGCAGCTAG_005,43
GCGCGCCCGACAGCAGCTAG_006,166
GCGCGCCCGACAGCAGCTAG_007,29
GCGCGCCCGACAGCAGCTAG_008,19
GCGCGCCCGACAGCAGCTAG_009,32
GCGCGCCCGACAGCAGCTAG_010,181
GCGCGCCCGACAGCAGCTAG_011,108
GCGCGCCCGACAGCAGCTAG_012,162
GCGCGCCCGACAGCAGCTAG_013,81
GCGCGCCCGACAGCAGCTAG_014,155
GCGCGCCCGACAGCAGCTAG_015,13
GCGCGCCCGACAGCAGCTAG_016,177
GCGCGCCCGACAGCAGCTAG_017,156
GCGCGCCCGACAGCAGCTAG_018,15
GCGCGCCCGACAGCAGCTAG_019,119
GCGCGCCCGACAGCAGCTAG_020,153
GCGCGCCCGACAGCAGCTAG_021,92
GCGCGCCCGACAGCAGCTAG_022,40
GCGCGCCCGACAGCAGCTAG_023,112
GCGCGCCCGACAGCAGCTAG_024,92
GCGCGCCCGACAGCAGCTAG_025,4
GCGCGCCCGACAGCAGCTAG_026,105
GCGCGCCCGACAGCAGCTAG_027,179
GCGCGCCCGACAGCAGCTAG_028,48
GCGCGCCCGACAGCAGCTAG_029,38
GCGCGCCCGACAGCAGCTAG_030,39
GCGCGCCCGACAGCAGCTAG_031,138
GCGCGCCCGACAGCAGCTAG_032,10
GCGCGCCCGACAGCAGCTAG_033,116
GCGCGCCCGACAGCAGCTAG_034,127
GCGCGCCCGACAGCAGCTAG_035,81
GCGCGCCCGACAGCAGCTAG_036,148
GCGCGCCCGACAGCAGCTAG_037,138
GCGCGCCCGACAGCAGCTAG_038,35
GCGCGCCCGACAGCAGCTAG_039,137
GCGCGCCCGACAGCAGCTAG_040,174
TAAAACACTTCATCGAACTG_001,80
TAAAACACTTCATCGAACTG_002,41
TAAAACACTTCATCGAACTG_003,121
TAAAACACTTCATCGAACTG_004,115
TAAAACACTTCATCGAACTG_005,52
TAAAACACTTCATCGAACTG_006,49
TAAAACACTTCATCGAACTG_007,127
TAAAACACTTCATCGAACTG_008,34
GGATGCGCCAAATGAGACCG_001,60
GGATGCGCCAAATGAGACCG_002,138
GGATGCGCCAAATGAGACCG_003,81
GGATGCGCCAAATGAGACCG_004,69
GGATGCGCCAAATGAGACCG_005,173
GGATGCGCCAAATGAGACCG_006,173
GGATGCGCCAAATGAGACCG_007,160
GGATGCGCCAAATGAGACCG_008,41
GGATGCGCCAAATGAGACCG_009,118
GGATGCGCCAAATGAGACCG_010,31
GGATGCGCCAAATGAGACCG_011,160
GGATGCGCCAAATGAGACCG_012,138
TAGCCCTTGACTGAAACTGG_001,49
TAGCCCTTGACTGAAACTGG_002,102
TAGCCCTTGACTGAAACTGG_003,198
TAGCCCTTGACTGAAACTGG_004,195
TAGCCCTTGACTGAAACTGG_005,96
TAGCCCTTGACTGAAACTGG_006,157
TAGCCCTTGACTGAAACTGG_007,112
TAGCCCTTGACTGAAACTGG_008,125
TAGCCCTTGACTGAAACTGG_009,21
TAGCCCTTGACTGAAACTGG_010,171
TAGCCCTTGACTGAAACTGG_011,176
TAGCCCTTGACTGAAACTGG_012,175
TAGCCCTTGACTGAAACTGG_013,3
TAGCCCTTGACTGAAACTGG_014,78
TAGCCCTTGACTGAAACTGG_015,15
TAGCCCTTGACTGAAACTGG_016,131
TGCCCACTTAGCAACACTCT_001,139
TGCCCACTTAGCAACACTCT_002,14
TGCCCACTTAGCAACACTCT_003,79
TGCCCACTTAGCAACACTCT_004,65
TGCCCACTTAGCAACACTCT_005,13
TGCCCACTTAGCAACACTCT_006,19
TGCCCACTTAGCAACACTCT_007,125
TGCCCACTTAGCAACACTCT_008,160
TGCCCACTTAGCAACACTCT_009,146
TGCCCACTTAGCAACACTCT_010,192
TGCCCACTTAGCAACACTCT_011,48
TGCCCACTTAGCAACACTCT_012,73
TGCCCACTTAGCAACACTCT_013,1
TGCCCACTTAGCAACACTCT_014,170
TGCCCACTTAGCAACACTCT_015,63
TGCCCACTTAGCAACACTCT_016,65
TGCCCACTTAGCAACACTCT_017,24
ACCGGCGGTTTATAGCAGCA_001,8
ACCGGCGGTTTATAGCAGCA_002,63
ACCGGCGGTTTATAGCAGCA_003,188
ACCGGCGGTTTATAGCAGCA_004,160
ACCGGCGGTTTATAGCAGCA_005,58
ACCGGCGGTTTATAGCAGCA_006,100
ACCGGCGGTTTATAGCAGCA_007,28
ACCGGCGGTTTATAGCAGCA_008,175
ACCGGCGGTTTATAGCAGCA_009,180
ACCGGCGGTTTATAGCAGCA_010,81
GCGAAACCCGCTTCACTGGG_001,112
GCGAAACCCGCTTCACTGGG_002,58
GCGAAACCCGCTTCACTGGG_003,77
GCGAAACCCGCTTCACTGGG_004,49
GCGAAACCCGCTTCACTGGG_005,48
GCGAAACCCGCTTCACTGGG_006,192
GCGAAACCCGCTTCACTGGG_007,88
GCGAAACCCGCTTCACTGGG_008,94
GCGAAACCCGCTTCACTGGG_009,93
GCGAAACCCGCTTCACTGGG_010,130
GCGAAACCCGCTTCACTGGG_011,79
GCGAAACCCGCTTCACTGGG_012,68
TGATAGAAATTGTTCAGTGT_001,12
TGATAGAAATTGTTCAGTGT_002,144
TGATAGAAATTGTTCAGTGT_003,123
GATTCTGATCGATTGCGTCG_001,162
GATTCTGATCGATTGCGTCG_002,137
GATTCTGATCGATTGCGTCG_003,105
GATTCTGATCGATTGCGTCG_004,93
GATTCTGATCGATTGCGTCG_005,66
GATTCTGATCGATTGCGTCG_006,199
GATTCTGATCGATTGCGTCG_007,160
GATTCTGATCGATTGCGTCG_008,10
GATTCTGATCGATTGCGTCG_009,3
GATTCTGATCGATTGCGTCG_010,63
GATTCTGATCGATTGCGTCG_011,178
CACATCGATGAACTCGTCCG_001,73
CACATCGATGAACTCGTCCG_002,17
CACATCGATGAACTCGTCCG_003,105
CACATCGATGAACTCGTCCG_004,81
CACATCGATGAACTCGTCCG_005,192
CACATCGATGAACTCGTCCG_006,20
CACATCGATGAACTCGTCCG_007,151
CACATCGATGAACTCGTCCG_008,171
CACATCGATGAACTCGTCCG_009,142
CACATCGATGAACTCGTCCG_010,146
GGAAGCTTCTACCACACCTG_001,88
GGAAGCTTCTACCACACCTG_002,120
GGAAGCTTCTACCACACCTG_003,16
GGAAGCTTCTACCACACCTG_004,174
GGAAGCTTCTACCACACCTG_005,76
GGAAGCTTCTACCACACCTG_006,187
TCCTAAAGGGGCCTACAACG_001,57
TCCTAAAGGGGCCTACAACG_002,49
TCCTAAAGGGGCCTACAACG_003,114
TCCTAAAGGGGCCTACAACG_004,114
TCCTAAAGGGGCCTACAACG_005,153
TCCTAAAGGGGCCTACAACG_006,169
TCCTAAAGGGGCCTACAACG_007,195
TCCTAAAGGGGCCTACAACG_008,80
TCCTAAAGGGGCCTACAACG_009,0
TCCTAAAGGGGCCTACAACG_010,35
TCCTAAAGGGGCCTACAACG_011,126
GGTGCTAGAAGAGATCAGCC_001,105
GGTGCTAGAAGAGATCAGCC_002,125
GGTGCTAGAAGAGATCAGCC_003,36
GGTGCTAGAAGAGATCAGCC_004,63
GGTGCTAGAAGAGATCAGCC_005,103
GGTGCTAGAAGAGATCAGCC_006,117
TGCCTGTCCGACTCCAACAA_001,188
TGCCTGTCCGACTCCAACAA_002,106
TGCCTGTCCGACTCCAACAA_003,13
TGCCTGTCCGACTCCAACAA_004,63
TGCCTGTCCGACTCCAACAA_005,40
TGCCTGTCCGACTCCAACAA_006,94
TGCCTGTCCGACTCCAACAA_007,169
TGCCTGTCCGACTCCAACAA_008,121
TGCCTGTCCGACTCCAACAA_009,40
TGCCTGTCCGACTCCAACAA_010,19
TGCCTGTCCGACTCCAACAA_011,191
TGCCTGTCCGACTCCAACAA_012,28
TGCCTGTCCGACTCCAACAA_013,58
TGCCTGTCCGACTCCAACAA_014,86
TGCCTGTCCGACTCCAACAA_015,139
TGCCTGTCCGACTCCAACAA_016,35
TGCCTGTCCGACTCCAACAA_017,124
TGCCTGTCCGACTCCAACAA_018,104
TGCCTGTCCGACTCCAACAA_019,118
TGCCTGTCCGACTCCAACAA_020,120
TGCCTGTCCGACTCCAACAA_021,116
TGCCTGTCCGACTCCAACAA_022,0
TGCCTGTCCGACTCCAACAA_023,172
CATGCGCAAGAGTTACCGCG_001,174
CATGCGCAAGAGTTACCGCG_002,29
CATGCGCAAGAGTTACCGCG_003,15
CATGCGCAAGAGTTACCGCG_004,191
CATGCGCAAGAGTTACCGCG_005,117
CATGCGCAAGAGTTACCGCG_006,57
CATGCGCAAGAGTTACCGCG_007,129
CATGCGCAAGAGTTACCGCG_008,59
CATGCGCAAGAGTTACCGCG_009,90
CATGCGCAAGAGTTACCGCG_010,116
CATGCGCAAGAGTTACCGCG_011,154
CATGCGCAAGAGTTACCGCG_012,88
AGGTTACCTGAAGGAATCGA_001,94
AGGTTACCTGAAGGAATCGA_002,189
AGGTTACCTGAAGGAATCGA_003,13
CGGCACCCCGCACTAATACA_001,109
CGGCACCCCGCACTAATACA_002,93
CGGCACCCCGCACTAATACA_003,40
CGGCACCCCGCACTAATACA_004,128
CGGCACCCCGCACTAATACA_005,176
CGGCACCCCGCACTAATACA_006,170
CGGCACCCCGCACTAATACA_007,27
CGGCACCCCGCACTAATACA_008,6
CGGCACCCCGCACTAATACA_009,36
ACTGCGGGACGAAGAGCTCG_001,9
ACTGCGGGACGAAGAGCTCG_002,128
ACTGCGGGACGAAGAGCTCG_003,191
ACTGCGGGACGAAGAGCTCG_004,134
ACTGCGGGACGAAGAGCTCG_005,154
ACTGCGGGACGAAGAGCTCG_006,61
ACTGCGGGACGAAGAGCTCG_007,28
ACTGCGGGACGAAGAGCTCG_008,161
ACTGCGGGACGAAGAGCTCG_009,27
ACTGCGGGACGAAGAGCTCG_010,93
ACTGCGGGACGAAGAGCTCG_011,15
ACTGCGGGACGAAGAGCTCG_012,170
ACTGCGGGACGAAGAGCTCG_013,63
ACTGCGGGACGAAGAGCTCG_014,50
ACTGCGGGACGAAGAGCTCG_015,174
ACTGCGGGACGAAGAGCTCG_016,52
ACTGCGGGACGAAGAGCTCG_017,144
GATGTTGAAAGAATCCACGG_001,177
GATGTTGAAAGAATCCACGG_002,130
GATGTTGAAAGAATCCACGG_003,34
GATGTTGAAAGAATCCACGG_004,154
GATGTTGAAAGAATCCACGG_005,137
GATGTTGAAAGAATCCACGG_006,36
GATGTTGAAAGAATCCACGG_007,22
GATGTTGAAAGAATCCACGG_008,171
GATGTTGAAAGAATCCACGG_009,42
GATGTTGAAAGAATCCACGG_010,93
GATGTTGAAAGAATCCACGG_011,31
GATGTTGAAAGAATCCACGG_012,172
GATGTTGAAAGAATCCACGG_013,82
GATGTTGAAAGAATCCACGG_014,48
GATGTTGAAAGAATCCACGG_015,58
GATGTTGAAAGAATCCACGG_016,2
GATGTTGAAAGAATCCACGG_017,15
GATGTTGAAAGAATCCACGG_018,18
GATGTTGAAAGAATCCACGG_019,180
GATGTTGAAAGAATCCACGG_020,1
GTGTGTGACCAACCACACGC_001,117
GTGTGTGACCAACCACACGC_002,72
GTGTGTGACCAACCACACGC_003,72
GTGTGTGACCAACCACACGC_004,187
GTGTGTGACCAACCACACGC_005,61
GTGTGTGACCAACCACACGC_006,160
GTGTGTGACCAACCACACGC_007,63
GTGTGTGACCAACCACACGC_008,49
GTGTGTGACCAACCACACGC_009,1
GTGTGTGACCAACCACACGC_010,62
GTGTGTGACCAACCACACGC_011,4
GTGTGTGACCAACCACACGC_012,146
GTGTGTGACCAACCACACGC_013,166
GTGTGTGACCAACCACACGC_014,188
GTGTGTGACCAACCACACGC_015,40
GTGTGTGACCAACCACACGC_016,34
ACGAGAAACCAGAATGATGG_001,78
ACGAGAAACCAGAATGATGG_002,158
ACGAGAAACCAGAATGATGG_003,8
ACGAGAAACCAGAATGATGG_004,118
ACGAGAAACCAGAATGATGG_005,193
ACGAGAAACCAGAATGATGG_006,150
ACGAGAAACCAGAATGATGG_007,7
ACGAGAAACCAGAATGATGG_008,138
ACGAGAAACCAGAATGATGG_009,1
ACGAGAAACCAGAATGATGG_010,162
ACGAGAAACCAGAATGATGG_011,133
ATCTGACGAATACTCACGAG_001,1
ATCTGACGAATACTCACGAG_002,95
ATCTGACGAATACTCACGAG_003,189
ATCTGACGAATACTCACGAG_004,43
GCAGTAGTATAAGCAGGCTG_001,87
GCAGTAGTATAAGCAGGCTG_002,116
GCAGTAGTATAAGCAGGCTG_003,115
GCAGTAGTATAAGCAGGCTG_004,145
GCAGTAGTATAAGCAGGCTG_005,61
GCAGTAGTATAAGCAGGCTG_006,198
GCAGTAGTATAAGCAGGCTG_007,196
GCAGTAGTATAAGCAGGCTG_008,63
GCAGTAGTATAAGCAGGCTG_009,64
AAGTTGAAGTAGACGAACTG_001,49
AAGTTGAAGTAGACGAACTG_002,162
AAGTTGAAGTAGACGAACTG_003,98
AAGTTGAAGTAGACGAACTG_004,50
AAGTTGAAGTAGACGAACTG_005,91
AAGTTGAAGTAGACGAACTG_006,32
AAGTTGAAGTAGACGAACTG_007,176
AAGTTGAAGTAGACGAACTG_008,60
AAGTTGAAGTAGACGAACTG_009,65
AAGTTGAAGTAGACGAACTG_010,21
AAGTTGAAGTAGACGAACTG_011,199
CAGCGGTGCTATTTGGTCTT_001,1
CAGCGGTGCTATTTGGTCTT_002,112
CAGCGGTGCTATTTGGTCTT_003,169
CAGCGGTGCTATTTGGTCTT_004,40
CAGCGGTGCTATTTGGTCTT_005,160
CAGCGGTGCTATTTGGTCTT_006,128
CAGCGGTGCTATTTGGTCTT_007,82
CAGCGGTGCTATTTGGTCTT_008,193
CAGCGGTGCTATTTGGTCTT_009,149
CAGCGGTGCTATTTGGTCTT_010,103
CAGCGGTGCTATTTGGTCTT_011,53
CAGCGGTGCTATTTGGTCTT_012,178
CAGCGGTGCTATTTGGTCTT_013,102
CAGCGGTGCTATTTGGTCTT_014,136
CTGGGTGCGACTGACAAACG_001,170
CTGGGTGCGACTGACAAACG_002,94
CTGGGTGCGACTGACAAACG_003,120
CTGGGTGCGACTGACAAACG_004,185
CTGGGTGCGACTGACAAACG_005,127
CTGGGTGCGACTGACAAACG_006,126
CTGGGTGCGACTGACAAACG_007,22
CTGGGTGCGACTGACAAACG_008,67
CTGGGTGCGACTGACAAACG_009,29
CTGGGTGCGACTGACAAACG_010,19
CTGGGTGCGACTGACAAACG_011,188
CTGGGTGCGACTGACAAACG_012,96
GGTCGTACAAGCTGTAGTGT_001,137
GGTCGTACAAGCTGTAGTGT_002,15
GGTCGTACAAGCTGTAGTGT_003,106
GGTGAAGCGCACCAACAGAG_001,182
GGTGAAGCGCACCAACAGAG_002,188
GGTGAAGCGCACCAACAGAG_003,150
GGTGAAGCGCACCAACAGAG_004,73
GGTGAAGCGCACCAACAGAG_005,98
GGTGAAGCGCACCAACAGAG_006,65
GGTGAAGCGCACCAACAGAG_007,65
GGTGAAGCGCACCAACAGAG_008,156
GGTGAAGCGCACCAACAGAG_009,79
GGTGAAGCGCACCAACAGAG_010,130
GGCATTCCTATGAATATCAG_001,17
GGCATTCCTATGAATATCAG_002,23
GGCATTCCTATGAATATCAG_003,68
GGCATTCCTATGAATATCAG_004,63
GGCATTCCTATGAATATCAG_005,150
GGCATTCCTATGAATATCAG_006,157
GGCATTCCTATGAATATCAG_007,119
GGCATTCCTATGAATATCAG_008,28
GGCATTCCTATGAATATCAG_009,53
GGCATTCCTATGAATATCAG_010,73
GGCATTCCTATGAATATCAG_011,28
GGCATTCCTATGAATATCAG_012,170
AGGTCCTGGGAACTCCAACA_001,188
AGGTCCTGGGAACTCCAACA_002,141
AGGTCCTGGGAACTCCAACA_003,76
AGGTCCTGGGAACTCCAACA_004,12
AGGTCCTGGGAACTCCAACA_005,34
AGGTCCTGGGAACTCCAACA_006,175
AGGTCCTGGGAACTCCAACA_007,114
AGGTCCTGGGAACTCCAACA_008,114
AGGTCCTGGGAACTCCAACA_009,15
CACCCGCGGGGTCCTCACAG_001,1
CACCCGCGGGGTCCTCACAG_002,17
CACCCGCGGGGTCCTCACAG_003,150
CACCCGCGGGGTCCTCACAG_004,42
CACCCGCGGGGTCCTCACAG_005,78
CACCCGCGGGGTCCTCACAG_006,58
CACCCGCGGGGTCCTCACAG_007,130
CACCCGCGGGGTCCTCACAG_008,50
CACCCGCGGGGTCCTCACAG_009,143
CACCCGCGGGGTCCTCACAG_010,146
CACCCGCGGGGTCCTCACAG_011,166
CACCCGCGGGGTCCTCACAG_012,152
CACCCGCGGGGTCCTCACAG_013,191
CACCCGCGGGGTCCTCACAG_014,51
CACCCGCGGGGTCCTCACAG_015,187
CACCCGCGGGGTCCTCACAG_016,55
CACCCGCGGGGTCCTCACAG_017,98
CAGGTCAGAGTAATGACTGC_001,6
CAGGTCAGAGTAATGACTGC_002,90
CAGGTCAGAGTAATGACTGC_003,40
CAGGTCAGAGTAATGACTGC_004,54
ACTACTCTTACCAGCCGTGG_001,197
ACTACTCTTACCAGCCGTGG_002,109
ACTACTCTTACCAGCCGTGG_003,92
ACTACTCTTACCAGCCGTGG_004,198
ACTACTCTTACCAGCCGTGG_005,81
ACTACTCTTACCAGCCGTGG_006,178
ACTACTCTTACCAGCCGTGG_007,183
CCAGCTGTCAGCATACTGAA_001,69
CCAGCTGTCAGCATACTGAA_002,28
CCAGCTGTCAGCATACTGAA_003,0
TAAGACCGTTGGTTCTGACG_001,116
TAAGACCGTTGGTTCTGACG_002,108
TAAGACCGTTGGTTCTGACG_003,147
TAAGACCGTTGGTTCTGACG_004,41
TAAGACCGTTGGTTCTGACG_005,50
TAAGACCGTTGGTTCTGACG_006,116
TAAGACCGTTGGTTCTGACG_007,53
TAAGACCGTTGGTTCTGACG_008,180
TAAGACCGTTGGTTCTGACG_009,39
AGGTAGAAGGTCGGCACCTG_001,102
AGGTAGAAGGTCGGCACCTG_002,140
AGGTAGAAGGTCGGCACCTG_003,145
AGGTAGAAGGTCGGCACCTG_004,146
AGGTAGAAGGTCGGCACCTG_005,102
AGGTAGAAGGTCGGCACCTG_006,191
AGGTAGAAGGTCGGCACCTG_007,88
AGGTAGAAGGTCGGCACCTG_008,127
AGGTAGAAGGTCGGCACCTG_009,105
AGGTAGAAGGTCGGCACCTG_010,163
AGGTAGAAGGTCGGCACCTG_011,38
AGGTAGAAGGTCGGCACCTG_012,29
AGGTAGAAGGTCGGCACCTG_013,166
AGGTAGAAGGTCGGCACCTG_014,127
AGGTAGAAGGTCGGCACCTG_015,11
AGGTAGAAGGTCGGCACCTG_016,162
AGGTAGAAGGTCGGCACCTG_017,154
AGGTAGAAGGTCGGCACCTG_018,172
AGGTAGAAGGTCGGCACCTG_019,4
AGGTAGAAGGTCGGCACCTG_020,18
AGGTAGAAGGTCGGCACCTG_021,103
AGGTAGAAGGTCGGCACCTG_022,22
AGGTAGAAGGTCGGCACCTG_023,1
AGGTAGAAGGTCGGCACCTG_024,6
AGGTAGAAGGTCGGCACCTG_025,178
AGGTAGAAGGTCGGCACCTG_026,29
AGGTAGAAGGTCGGCACCTG_027,19
AGGTAGAAGGTCGGCACCTG_028,109
AGGTAGAAGGTCGGCACCTG_029,124
AGGTAGAAGGTCGGCACCTG_030,169
AGGTAGAAGGTCGGCACCTG_031,34
AGGTAGAAGGTCGGCACCTG_032,34
AGGTAGAAGGTCGGCACCTG_033,120
AGGTAGAAGGTCGGCACCTG_034,180
AGGTAGAAGGTCGGCACCTG_035,26
AGGTAGAAGGTCGGCACCTG_036,98
AGGTAGAAGGTCGGCACCTG_037,126
AGGTAGAAGGTCGGCACCTG_038,4
GTAAAATGCACCTTCTGACA_001,17
GTAAAATGCACCTTCTGACA_002,119
GTAAAATGCACCTTCTGACA_003,34
GTAAAATGCACCTTCTGACA_004,88
CATTGATTTAGATGAAACAT_001,184
CATTGATTTAGATGAAACAT_002,72
CATTGATTTAGATGAAACAT_003,145
CATTGATTTAGATGAAACAT_004,56
CATTGATTTAGATGAAACAT_005,156
CATTGATTTAGATGAAACAT_006,182
AAATATCCAACTAAGGACCA_001,29
AAATATCCAACTAAGGACCA_002,58
AAATATCCAACTAAGGACCA_003,162
AAATATCCAACTAAGGACCA_004,158
AAATATCCAACTAAGGACCA_005,94
AAATATCCAACTAAGGACCA_006,193
AAGAGGAGCTCTTTAGACAA_001,72
AAGAGGAGCTCTTTAGACAA_002,6
AAGAGGAGCTCTTTAGACAA_003,96
AAGAGGAGCTCTTTAGACAA_004,77
AAGAGGAGCTCTTTAGACAA_005,6
AAGAGGAGCTCTTTAGACAA_006,6
AAGAGGAGCTCTTTAGACAA_007,150
AAGAGGAGCTCTTTAGACAA_008,80
AAGAGGAGCTCTTTAGACAA_009,103
AAGAGGAGCTCTTTAGACAA_010,1
AAGAGGAGCTCTTTAGACAA_011,63
AAGAGGAGCTCTTTAGACAA_012,37
AAGAGGAGCTCTTTAGACAA_013,148
AAGAGGAGCTCTTTAGACAA_014,107
AAGAGGAGCTCTTTAGACAA_015,57
AAGAGGAGCTCTTTAGACAA_016,10
GCCTAGTCTCGGTAAGAGTG_001,62
GCCTAGTCTCGGTAAGAGTG_002,27
GCCTAGTCTCGGTAAGAGTG_003,147
GCCTAGTCTCGGTAAGAGTG_004,100
GCCTAGTCTCGGTAAGAGTG_005,176
GCCTAGTCTCGGTAAGAGTG_006,62
GCCTAGTCTCGGTAAGAGTG_007,105
GCCTAGTCTCGGTAAGAGTG_008,82
GCCTAGTCTCGGTAAGAGTG_009,73
GCCTAGTCTCGGTAAGAGTG_010,117
GCCTAGTCTCGGTAAGAGTG_011,84
GCCTAGTCTCGGTAAGAGTG_012,17
GCCTAGTCTCGGTAAGAGTG_013,158
GCCTAGTCTCGGTAAGAGTG_014,186
GCCTAGTCTCGGTAAGAGTG_015,188
GCCTAGTCTCGGTAAGAGTG_016,186
GCCTAGTCTCGGTAAGAGTG_017,186
GCCTAGTCTCGGTAAGAGTG_018,125
GCCTAGTCTCGGTAAGAGTG_019,111
GCCTAGTCTCGGTAAGAGTG_020,105
GCCTAGTCTCGGTAAGAGTG_021,88
GCCTAGTCTCGGTAAGAGTG_022,157
GCCTAGTCTCGGTAAGAGTG_023,97
GCCTAGTCTCGGTAAGAGTG_024,64
GCCTAGTCTCGGTAAGAGTG_025,138
GCCTAGTCTCGGTAAGAGTG_026,49
GCCTAGTCTCGGTAAGAGTG_027,146
GCCTAGTCTCGGTAAGAGTG_028,140
GGACACTACCCTTATAGAGA_001,173
GGACACTACCCTTATAGAGA_002,116
ATGCTGTGGCCGTTACAATG_001,117
ATGCTGTGGCCGTTACAATG_002,188
ATGCTGTGGCCGTTACAATG_003,49
ATGCTGTGGCCGTTACAATG_004,63
ATGCTGTGGCCGTTACAATG_005,29
ATGCTGTGGCCGTTACAATG_006,62
ATGCTGTGGCCGTTACAATG_007,198
ATGCTGTGGCCGTTACAATG_008,62
ATGCTGTGGCCGTTACAATG_009,27
ATGCTGTGGCCGTTACAATG_010,78
ATGCTGTGGCCGTTACAATG_011,90
ATGCTGTGGCCGTTACAATG_012,82
ATGCTGTGGCCGTTACAATG_013,102
ATGCTGTGGCCGTTACAATG_014,50
ATGCTGTGGCCGTTACAATG_015,175
AGTCTAGAAGATGAAATTGT_001,157
AGTCTAGAAGATGAAATTGT_002,174
CGGCCGACTCGAGAAAGAAG_001,53
CGGCCGACTCGAGAAAGAAG_002,198
CGGCCGACTCGAGAAAGAAG_003,143
CGGCCGACTCGAGAAAGAAG_004,48
CGGCCGACTCGAGAAAGAAG_005,177
CGGCCGACTCGAGAAAGAAG_006,32
CGGCCGACTCGAGAAAGAAG_007,166
CGGCCGACTCGAGAAAGAAG_008,174
CGGCCGACTCGAGAAAGAAG_009,147
CGGCCGACTCGAGAAAGAAG_010,170
CGGCCGACTCGAGAAAGAAG_011,136
CGGCCGACTCGAGAAAGAAG_012,14
GATTCGTAACCAACTTAACC_001,197
GATTCGTAACCAACTTAACC_002,144
GATTCGTAACCAACTTAACC_003,132
GATTCGTAACCAACTTAACC_004,40
GATTCGTAACCAACTTAACC_005,40
GATTCGTAACCAACTTAACC_006,177
GATTCGTAACCAACTTAACC_007,145
AGCCGGAGATGCAGCTCAAG_001,78
AGCCGGAGATGCAGCTCAAG_002,102
AGCCGGAGATGCAGCTCAAG_003,56
AGCCGGAGATGCAGCTCAAG_004,166
AGCCGGAGATGCAGCTCAAG_005,43
AGCCGGAGATGCAGCTCAAG_006,179
AGCCGGAGATGCAGCTCAAG_007,186
AGCCGGAGATGCAGCTCAAG_008,123
AGCCGGAGATGCAGCTCAAG_009,124
AGCCGGAGATGCAGCTCAAG_010,8
AGCCGGAGATGCAGCTCAAG_011,50
AGCCGGAGATGCAGCTCAAG_012,95
AGCCGGAGATGCAGCTCAAG_013,184
AGCCGGAGATGCAGCTCAAG_014,19
AGCCGGAGATGCAGCTCAAG_015,75
AGCCGGAGATGCAGCTCAAG_016,109
AGCCGGAGATGCAGCTCAAG_017,176
CCATCAAGGGCTGACCACCG_001,84
CCATCAAGGGCTGACCACCG_002,181
CCATCAAGGGCTGACCACCG_003,18
CCATCAAGGGCTGACCACCG_004,170
CCATCAAGGGCTGACCACCG_005,195
CCATCAAGGGCTGACCACCG_006,144
CCATCAAGGGCTGACCACCG_007,115
CCATCAAGGGCTGACCACCG_008,118
CCATCAAGGGCTGACCACCG_009,29
CCATCAAGGGCTGACCACCG_010,12
CCATCAAGGGCTGACCACCG_011,154
CCATCAAGGGCTGACCACCG_012,185
CCATCAAGGGCTGACCACCG_013,114
CCATCAAGGGCTGACCACCG_014,68
CCATCAAGGGCTGACCACCG_015,94
CCATCAAGGGCTGACCACCG_016,169
CCATCAAGGGCTGACCACCG_017,58
CCATCAAGGGCTGACCACCG_018,127
CCATCAAGGGCTGACCACCG_019,56
CCATCAAGGGCTGACCACCG_020,196
CCATCAAGGGCTGACCACCG_021,178
CCATCAAGGGCTGACCACCG_022,118
CCATCAAGGGCTGACCACCG_023,17
CCATCAAGGGCTGACCACCG_024,40
CCATCAAGGGCTGACCACCG_025,101
CCATCAAGGGCTGACCACCG_026,38
CCATCAAGGGCTGACCACCG_027,103
CCATCAAGGGCTGACCACCG_028,9
CCATCAAGGGCTGACCACCG_029,168
CCATCAAGGGCTGACCACCG_030,81
CCATCAAGGGCTGACCACCG_031,16
CCATCAAGGGCTGACCACCG_032,155
CCATCAAGGGCTGACCACCG_033,82
CCATCAAGGGCTGACCACCG_034,160
CCATCAAGGGCTGACCACCG_035,70
CCATCAAGGGCTGACCACCG_036,114
CCATCAAGGGCTGACCACCG_037,41
CCATCAAGGGCTGACCACCG_038,28
CCATCAAGGGCTGACCACCG_039,165
CCATCAAGGGCTGACCACCG_040,36
CCATCAAGGGCTGACCACCG_041,174
CCATCAAGGGCTGACCACCG_042,177
CCATCAAGGGCTGACCACCG_043,41
CCATCAAGGGCTGACCACCG_044,30
AAAATGAGAATCAAAGATGC_001,121
AAAATGAGAATCAAAGATGC_002,47
CCGCTGGCCTCCGATCGCTA_001,65
CCGCTGGCCTCCGATCGCTA_002,139
CCGCTGGCCTCCGATCGCTA_003,172
CCGCTGGCCTCCGATCGCTA_004,54
CCGCTGGCCTCCGATCGCTA_005,85
CCGCTGGCCTCCGATCGCTA_006,173
CCGCTGGCCTCCGATCGCTA_007,173
CCGCTGGCCTCCGATCGCTA_008,64
CCGCTGGCCTCCGATCGCTA_009,176
CCGCTGGCCTCCGATCGCTA_010,193
CCGCTGGCCTCCGATCGCTA_011,145
CCGCTGGCCTCCGATCGCTA_012,167
CCGCTGGCCTCCGATCGCTA_013,28
CCGCTGGCCTCCGATCGCTA_014,147
CCGCTGGCCTCCGATCGCTA_015,147
CCGCTGGCCTCCGATCGCTA_016,113
CCGCTGGCCTCCGATCGCTA_017,134
CCGCTGGCCTCCGATCGCTA_018,150
CCGCTGGCCTCCGATCGCTA_019,58
CCGCTGGCCTCCGATCGCTA_020,11
CCGCTGGCCTCCGATCGCTA_021,163
CCGCTGGCCTCCGATCGCTA_022,186
CCGCTGGCCTCCGATCGCTA_023,12
CCGCTGGCCTCCGATCGCTA_024,19
CCGCTGGCCTCCGATCGCTA_025,94
CCGCTGGCCTCCGATCGCTA_026,116
CCGCTGGCCTCCGATCGCTA_027,141
CCGCTGGCCTCCGATCGCTA_028,60
CCGCTGGCCTCCGATCGCTA_029,94
CCGCTGGCCTCCGATCGCTA_030,64
CCGCTGGCCTCCGATCGCTA_031,178
CCGCTGGCCTCCGATCGCTA_032,45
CCGCTGGCCTCCGATCGCTA_033,199
CCGCTGGCCTCCGATCGCTA_034,48
CCGCTGGCCTCCGATCGCTA_035,105
CCGCTGGCCTCCGATCGCTA_036,103
CCGCTGGCCTCCGATCGCTA_037,179
CCGCTGGCCTCCGATCGCTA_038,106
CCGCTGGCCTCCGATCGCTA_039,77
CCGCTGGCCTCCGATCGCTA_040,144
CCGCTGGCCTCCGATCGCTA_041,179
CCGCTGGCCTCCGATCGCTA_042,116
GGTGTCCGATGGCGCACAGG_001,10
GGTGTCCGATGGCGCACAGG_002,175
GGTGTCCGATGGCGCACAGG_003,169
GGTGTCCGATGGCGCACAGG_004,78
GGTGTCCGATGGCGCACAGG_005,117
GGTGTCCGATGGCGCACAGG_006,13
GGTGTCCGATGGCGCACAGG_007,12
GGTGTCCGATGGCGCACAGG_008,107
GGTGTCCGATGGCGCACAGG_009,185
GTGAATGTAGCGGGTCTGCA_001,21
GTGAATGTAGCGGGTCTGCA_002,12
GTGAATGTAGCGGGTCTGCA_003,194
GTGAATGTAGCGGGTCTGCA_004,95
GTGAATGTAGCGGGTCTGCA_005,5
GTGAATGTAGCGGGTCTGCA_006,105
GTGAATGTAGCGGGTCTGCA_007,65
GTGAATGTAGCGGGTCTGCA_008,78
GTGAATGTAGCGGGTCTGCA_009,163
GTGAATGTAGCGGGTCTGCA_010,152
GTGAATGTAGCGGGTCTGCA_011,91
GTGAATGTAGCGGGTCTGCA_012,108
GTGAATGTAGCGGGTCTGCA_013,56
GTGAATGTAGCGGGTCTGCA_014,74
GTGAATGTAGCGGGTCTGCA_015,188
GTGAATGTAGCGGGTCTGCA_016,184
GTGAATGTAGCGGGTCTGCA_017,111
GTGAATGTAGCGGGTCTGCA_018,111
GTGAATGTAGCGGGTCTGCA_019,57
GTGAATGTAGCGGGTCTGCA_020,42
GTGAATGTAGCGGGTCTGCA_021,49
GTGAATGTAGCGGGTCTGCA_022,111
GTGAATGTAGCGGGTCTGCA_023,65
GTGAATGTAGCGGGTCTGCA_024,169
GTGAATGTAGCGGGTCTGCA_025,109
GTGAATGTAGCGGGTCTGCA_026,58
GTGAATGTAGCGGGTCTGCA_027,172
GTGAATGTAGCGGGTCTGCA_028,145
GTGAATGTAGCGGGTCTGCA_029,190
GTGAATGTAGCGGGTCTGCA_030,123
GTGAATGTAGCGGGTCTGCA_031,123
GTGAATGTAGCGGGTCTGCA_032,115
GTGAATGTAGCGGGTCTGCA_033,94
GTGAATGTAGCGGGTCTGCA_034,35
GTGAATGTAGCGGGTCTGCA_035,1
GTGAATGTAGCGGGTCTGCA_036,6
GTGAATGTAGCGGGTCTGCA_037,6
GTGAATGTAGCGGGTCTGCA_038,189
GACCCGGCCGGAGGCTACGT_001,50
GACCCGGCCGGAGGCTACGT_002,66
GACCCGGCCGGAGGCTACGT_003,76
GACCCGGCCGGAGGCTACGT_004,63
CTCAAAAGGGTTAACTACAA_001,55
CTCAAAAGGGTTAACTACAA_002,23
CTCAAAAGGGTTAACTACAA_003,69
CTCAAAAGGGTTAACTACAA_004,48
CTCAAAAGGGTTAACTACAA_005,50
CTCAAAAGGGTTAACTACAA_006,65
CTCAAAAGGGTTAACTACAA_007,42
CAGTCAAGGGGAGATCAGTG_001,177
CAGTCAAGGGGAGATCAGTG_002,58
CAGTCAAGGGGAGATCAGTG_003,163
CAGTCAAGGGGAGATCAGTG_004,183
CAGTCAAGGGGAGATCAGTG_005,139
CAGTCAAGGGGAGATCAGTG_006,45
CAGTCAAGGGGAGATCAGTG_007,54
CAGTCAAGGGGAGATCAGTG_008,184
CAGTCAAGGGGAGATCAGTG_009,60
CAGTCAAGGGGAGATCAGTG_010,41
CAGTCAAGGGGAGATCAGTG_011,105
CAGTCAAGGGGAGATCAGTG_012,158
CAGTCAAGGGGAGATCAGTG_013,92
CAGTCAAGGGGAGATCAGTG_014,2
CAGTCAAGGGGAGATCAGTG_015,155
CAGTCAAGGGGAGATCAGTG_016,82
CAGTCAAGGGGAGATCAGTG_017,182
CAGTCAAGGGGAGATCAGTG_018,74
CAGTCAAGGGGAGATCAGTG_019,113
CAGTCAAGGGGAGATCAGTG_020,13
CAGTCAAGGGGAGATCAGTG_021,199
CAGTCAAGGGGAGATCAGTG_022,121
CAGTCAAGGGGAGATCAGTG_023,150
CAGTCAAGGGGAGATCAGTG_024,94
CAGTCAAGGGGAGATCAGTG_025,16
CAGTCAAGGGGAGATCAGTG_026,185
CAGTCAAGGGGAGATCAGTG_027,149
CAGTCAAGGGGAGATCAGTG_028,127
CAGTCAAGGGGAGATCAGTG_029,40
CAGTCAAGGGGAGATCAGTG_030,176
CAGTCAAGGGGAGATCAGTG_031,137
CAGTCAAGGGGAGATCAGTG_032,74
CATAATCCATGGACCTGTCA_001,186
CATAATCCATGGACCTGTCA_002,60
CATAATCCATGGACCTGTCA_003,184
CATAATCCATGGACCTGTCA_004,114
CATAATCCATGGACCTGTCA_005,114
CATAATCCATGGACCTGTCA_006,143
CATAATCCATGGACCTGTCA_007,107
CATAATCCATGGACCTGTCA_008,169
CATAATCCATGGACCTGTCA_009,25
CATAATCCATGGACCTGTCA_010,169
CATAATCCATGGACCTGTCA_011,131
CATAATCCATGGACCTGTCA_012,150
CATAATCCATGGACCTGTCA_013,196
CATAATCCATGGACCTGTCA_014,96
CTGTGCATTCCTCACAGAGT_001,110
GCGAGTCGCTTTGTGTAACC_001,49
GCGAGTCGCTTTGTGTAACC_002,50
GCGAGTCGCTTTGTGTAACC_003,61
GCGAGTCGCTTTGTGTAACC_004,168
GCGAGTCGCTTTGTGTAACC_005,28
GCGAGTCGCTTTGTGTAACC_006,172
GCGAGTCGCTTTGTGTAACC_007,106
ATGGACAAACAATCCAGTGC_001,114
ATGGACAAACAATCCAGTGC_002,58
ATGGACAAACAATCCAGTGC_003,82
ATGGACAAACAATCCAGTGC_004,159
ATGGACAAACAATCCAGTGC_005,27
TCTGCAGCTCCTTACCCAGG_001,177
AGGCATGGTATGTGCCCGAG_001,68
AGGCATGGTATGTGCCCGAG_002,32
GAAGATTCGGAGCCTTGATG_001,96
GAAGATTCGGAGCCTTGATG_002,163
GAAGATTCGGAGCCTTGATG_003,181
ACAACATCAGCCGAGCCGCG_001,160
ACAACATCAGCCGAGCCGCG_002,167
ACAACATCAGCCGAGCCGCG_003,114
ACAACATCAGCCGAGCCGCG_004,150
ACAACATCAGCCGAGCCGCG_005,195
ACAACATCAGCCGAGCCGCG_006,156
ACAACATCAGCCGAGCCGCG_007,156
ACAACATCAGCCGAGCCGCG_008,9
ACAACATCAGCCGAGCCGCG_009,187
ACAACATCAGCCGAGCCGCG_010,191
ACAACATCAGCCGAGCCGCG_011,34
ACAACATCAGCCGAGCCGCG_012,138
ACAACATCAGCCGAGCCGCG_013,150
ACAACATCAGCCGAGCCGCG_014,162
ACAACATCAGCCGAGCCGCG_015,168
CTTGGGGAAAAAGCTTAGGG_001,156
CTTGGGGAAAAAGCTTAGGG_002,9
CTTGGGGAAAAAGCTTAGGG_003,199
CTTGGGGAAAAAGCTTAGGG_004,68
CTTGGGGAAAAAGCTTAGGG_005,128
CTTGGGGAAAAAGCTTAGGG_006,114
CTTGGGGAAAAAGCTTAGGG_007,94
CTTGGGGAAAAAGCTTAGGG_008,158
TGGGATGAGAGCAGATGCCG_001,177
TGGGATGAGAGCAGATGCCG_002,191
TGGGATGAGAGCAGATGCCG_003,160
TGGGATGAGAGCAGATGCCG_004,15
TGGGATGAGAGCAGATGCCG_005,181
TGGGATGAGAGCAGATGCCG_006,17
TGGGATGAGAGCAGATGCCG_007,41
TGGGATGAGAGCAGATGCCG_008,2
TGGGATGAGAGCAGATGCCG_009,98
TGGGATGAGAGCAGATGCCG_010,67
TGGGATGAGAGCAGATGCCG_011,57
TGGGATGAGAGCAGATGCCG_012,127
TGGGATGAGAGCAGATGCCG_013,84
TGGGATGAGAGCAGATGCCG_014,26
TGGGATGAGAGCAGATGCCG_015,48
TGGGATGAGAGCAGATGCCG_016,49
ACAACTATAAAAGAGTTACA_001,32
ACAACTATAAAAGAGTTACA_002,178
ACAACTATAAAAGAGTTACA_003,173
ACAACTATAAAAGAGTTACA_004,39
CCTTCGGCCAGATTTCAGGG_001,115
CCTTCGGCCAGATTTCAGGG_002,78
CCTTCGGCCAGATTTCAGGG_003,69
CCTTCGGCCAGATTTCAGGG_004,78
AAACACTGGTTCTCAGTGGG_001,102
AAACACTGGTTCTCAGTGGG_002,40
AAACACTGGTTCTCAGTGGG_003,72
AAACACTGGTTCTCAGTGGG_004,105
AAACACTGGTTCTCAGTGGG_005,60
AAACACTGGTTCTCAGTGGG_006,60
AAACACTGGTTCTCAGTGGG_007,33
AAACACTGGTTCTCAGTGGG_008,127
AAACACTGGTTCTCAGTGGG_009,155
AAACACTGGTTCTCAGTGGG_010,56
AAACACTGGTTCTCAGTGGG_011,31
AAACACTGGTTCTCAGTGGG_012,28
AAACACTGGTTCTCAGTGGG_013,198
AAACACTGGTTCTCAGTGGG_014,79
AAACACTGGTTCTCAGTGGG_015,189
AAACACTGGTTCTCAGTGGG_016,186
AAACACTGGTTCTCAGTGGG_017,48
AAACACTGGTTCTCAGTGGG_018,177
AAACACTGGTTCTCAGTGGG_019,49
AAACACTGGTTCTCAGTGGG_020,127
AAACACTGGTTCTCAGTGGG_021,11
AAACACTGGTTCTCAGTGGG_022,66
AAACACTGGTTCTCAGTGGG_023,66
AAACACTGGTTCTCAGTGGG_024,40
CAATGCAACAGGGCAATGAG_001,18
CAATGCAACAGGGCAATGAG_002,88
CAATGCAACAGGGCAATGAG_003,175
CAATGCAACAGGGCAATGAG_004,126
CAATGCAACAGGGCAATGAG_005,62
CAATGCAACAGGGCAATGAG_006,66
CAATGCAACAGGGCAATGAG_007,174
CAATGCAACAGGGCAATGAG_008,75
CAATGCAACAGGGCAATGAG_009,27
CAATGCAACAGGGCAATGAG_010,69
CAATGCAACAGGGCAATGAG_011,53
CAATGCAACAGGGCAATGAG_012,149
CAATGCAACAGGGCAATGAG_013,130
TGAGTGTTACAACCCCGAGC_001,46
TGAGTGTTACAACCCCGAGC_002,138
TGAGTGTTACAACCCCGAGC_003,121
TGAGTGTTACAACCCCGAGC_004,34
TGAGTGTTACAACCCCGAGC_005,141
TGAGTGTTACAACCCCGAGC_006,189
GCTTCCGGTTCATCGAAGGT_001,70
GCTTCCGGTTCATCGAAGGT_002,11
GCTTCCGGTTCATCGAAGGT_003,30
AGGCGGCCAAGATGACCTTG_001,2
AGGCGGCCAAGATGACCTTG_002,127
AGGCGGCCAAGATGACCTTG_003,58
AGGCGGCCAAGATGACCTTG_004,19
AGGCGGCCAAGATGACCTTG_005,91
AGGCGGCCAAGATGACCTTG_006,7
AGGCGGCCAAGATGACCTTG_007,196
AGGCGGCCAAGATGACCTTG_008,97
AGGCGGCCAAGATGACCTTG_009,62
AGGCGGCCAAGATGACCTTG_010,64
AGGCGGCCAAGATGACCTTG_011,125
AGGCGGCCAAGATGACCTTG_012,108
AGGCGGCCAAGATGACCTTG_013,185
AGGCGGCCAAGATGACCTTG_014,127
AGGCGGCCAAGATGACCTTG_015,54
AGGCGGCCAAGATGACCTTG_016,17
AGGCGGCCAAGATGACCTTG_017,80
AGGCGGCCAAGATGACCTTG_018,137
AGGCGGCCAAGATGACCTTG_019,100
TCCACAAAGAGTTTCTGTAT_001,175
TCCACAAAGAGTTTCTGTAT_002,69
TCCACAAAGAGTTTCTGTAT_003,72
TCCACAAAGAGTTTCTGTAT_004,161
TCCACAAAGAGTTTCTGTAT_005,80
TCCACAAAGAGTTTCTGTAT_006,100
TCCACAAAGAGTTTCTGTAT_007,49
GACTCCTAAGAGTTGAGGGA_001,12
GACTCCTAAGAGTTGAGGGA_002,127
GACTCCTAAGAGTTGAGGGA_003,93
GACTCCTAAGAGTTGAGGGA_004,55
TCCCGGTCGATGAGCCGCAG_001,19
TCCCGGTCGATGAGCCGCAG_002,48
TCCCGGTCGATGAGCCGCAG_003,127
TCCCGGTCGATGAGCCGCAG_004,2
TCCCGGTCGATGAGCCGCAG_005,49
TCCCGGTCGATGAGCCGCAG_006,21
TCCCGGTCGATGAGCCGCAG_007,44
TCCCGGTCGATGAGCCGCAG_008,152
TCCCGGTCGATGAGCCGCAG_009,141
TCCCGGTCGATGAGCCGCAG_010,65
TCCCGGTCGATGAGCCGCAG_011,124
TCCCGGTCGATGAGCCGCAG_012,185
TCCCGGTCGATGAGCCGCAG_013,62
TCCCGGTCGATGAGCCGCAG_014,55
TCCCGGTCGATGAGCCGCAG_015,99
TCCCGGTCGATGAGCCGCAG_016,46
TCCCGGTCGATGAGCCGCAG_017,127
TCCCGGTCGATGAGCCGCAG_018,119
TCCCGGTCGATGAGCCGCAG_019,83
TCCCGGTCGATGAGCCGCAG_020,17
TCCCGGTCGATGAGCCGCAG_021,194
TCCCGGTCGATGAGCCGCAG_022,76
TCCCGGTCGATGAGCCGCAG_023,38
TCCCGGTCGATGAGCCGCAG_024,155
TCCCGGTCGATGAGCCGCAG_025,197
TCCCGGTCGATGAGCCGCAG_026,147
TCCCGGTCGATGAGCCGCAG_027,91
TCCCGGTCGATGAGCCGCAG_028,108
TCCCGGTCGATGAGCCGCAG_029,183
ATCACTTCATAAGTGAACGC_001,149
ATCACTTCATAAGTGAACGC_002,191
ATCACTTCATAAGTGAACGC_003,48
ATCACTTCATAAGTGAACGC_004,132
ATCACTTCATAAGTGAACGC_005,160
ATCACTTCATAAGTGAACGC_006,182
ATCACTTCATAAGTGAACGC_007,12
ATCACTTCATAAGTGAACGC_008,121
ATCACTTCATAAGTGAACGC_009,161
ATCACTTCATAAGTGAACGC_010,70
CATCTGTGTGAATTACCTCG_001,94
CATCTGTGTGAATTACCTCG_002,77
CATCTGTGTGAATTACCTCG_003,152
CATCTGTGTGAATTACCTCG_004,98
CATCTGTGTGAATTACCTCG_005,22
CATCTGTGTGAATTACCTCG_006,120
GATTCCAGCTGAATTAAGGG_001,42
GATTCCAGCTGAATTAAGGG_002,95
GATTCCAGCTGAATTAAGGG_003,146
GATTCCAGCTGAATTAAGGG_004,75
GGAACTCAGACTCCAGGTCA_001,146
GGAACTCAGACTCCAGGTCA_002,19
GGAACTCAGACTCCAGGTCA_003,9
GGAACTCAGACTCCAGGTCA_004,19
GGAACTCAGACTCCAGGTCA_005,10
CAGAACTCCGGAACACCACA_001,188
CAGAACTCCGGAACACCACA_002,147
CAGAACTCCGGAACACCACA_003,55
CAGAACTCCGGAACACCACA_004,76
CAGAACTCCGGAACACCACA_005,145
CAGAACTCCGGAACACCACA_006,190
CAGAACTCCGGAACACCACA_007,155
CAGAACTCCGGAACACCACA_008,170
CAGAACTCCGGAACACCACA_009,188
CAGAACTCCGGAACACCACA_010,70
CAGAACTCCGGAACACCACA_011,145
CAGAACTCCGGAACACCACA_012,31
CAGAACTCCGGAACACCACA_013,39
CAGAACTCCGGAACACCACA_014,115
CAGAACTCCGGAACACCACA_015,74
CAGAACTCCGGAACACCACA_016,138
CAGAACTCCGGAACACCACA_017,48
GGACTTACTAGCGGATTCCA_001,14
GGACTTACTAGCGGATTCCA_002,23
GGACTTACTAGCGGATTCCA_003,83
GGACTTACTAGCGGATTCCA_004,6
CTGGCTGAAAGGTTTGCGAG_001,144
CTGGCTGAAAGGTTTGCGAG_002,53
CTGGCTGAAAGGTTTGCGAG_003,92
CTGGCTGAAAGGTTTGCGAG_004,156
CTGGCTGAAAGGTTTGCGAG_005,185
CTGGCTGAAAGGTTTGCGAG_006,60
CTGGCTGAAAGGTTTGCGAG_007,155
CTGGCTGAAAGGTTTGCGAG_008,98
CTGGCTGAAAGGTTTGCGAG_009,149
CTGGCTGAAAGGTTTGCGAG_010,145
CTGGCTGAAAGGTTTGCGAG_011,174
CTGGCTGAAAGGTTTGCGAG_012,158
GACAAGATGTCAGACCTAGG_001,108
GACAAGATGTCAGACCTAGG_002,108
GACAAGATGTCAGACCTAGG_003,32
GACAAGATGTCAGACCTAGG_004,67
GACAAGATGTCAGACCTAGG_005,111
GACAAGATGTCAGACCTAGG_006,62
GACAAGATGTCAGACCTAGG_007,157
GACAAGATGTCAGACCTAGG_008,146
GACAAGATGTCAGACCTAGG_009,113
AAAGAGAGTATGACCTGCAG_001,94
AAAGAGAGTATGACCTGCAG_002,80
AAAGAGAGTATGACCTGCAG_003,47
AAAGAGAGTATGACCTGCAG_004,130
AAAGAGAGTATGACCTGCAG_005,111
AAAGAGAGTATGACCTGCAG_006,145
AAAGAGAGTATGACCTGCAG_007,45
AAAGAGAGTATGACCTGCAG_008,64
AAAGAGAGTATGACCTGCAG_009,29
AAAGAGAGTATGACCTGCAG_010,107
AAAGAGAGTATGACCTGCAG_011,137
AAAGAGAGTATGACCTGCAG_012,48
AGCGTGAAGCCGGAAGACAG_001,62
AGCGTGAAGCCGGAAGACAG_002,19
AGCGTGAAGCCGGAAGACAG_003,13
AGCGTGAAGCCGGAAGACAG_004,29
AGCGTGAAGCCGGAAGACAG_005,31
AGCGTGAAGCCGGAAGACAG_006,49
AGCGTGAAGCCGGAAGACAG_007,14
AGCGTGAAGCCGGAAGACAG_008,4
AGCGTGAAGCCGGAAGACAG_009,5
AGCTACGTCAGGGTTACAGG_001,85
AGCTACGTCAGGGTTACAGG_002,176
AGCTACGTCAGGGTTACAGG_003,130
AGCTACGTCAGGGTTACAGG_004,74
AGCTACGTCAGGGTTACAGG_005,180
AGCTACGTCAGGGTTACAGG_006,157
AGCTACGTCAGGGTTACAGG_007,28
AGCTACGTCAGGGTTACAGG_008,134
AGCTACGTCAGGGTTACAGG_009,151
CACGCTGCCCAAGTTCCGAG_001,176
CACGCTGCCCAAGTTCCGAG_002,197
CACGCTGCCCAAGTTCCGAG_003,184
CACGCTGCCCAAGTTCCGAG_004,16
CACGCTGCCCAAGTTCCGAG_005,29
CACGCTGCCCAAGTTCCGAG_006,147
CACGCTGCCCAAGTTCCGAG_007,198
CACGCTGCCCAAGTTCCGAG_008,102
CACGCTGCCCAAGTTCCGAG_009,50
CACGCTGCCCAAGTTCCGAG_010,158
CACGCTGCCCAAGTTCCGAG_011,120
CACGCTGCCCAAGTTCCGAG_012,110
CACGCTGCCCAAGTTCCGAG_013,154
CACGCTGCCCAAGTTCCGAG_014,62
CACGCTGCCCAAGTTCCGAG_015,153
CACGCTGCCCAAGTTCCGAG_016,173
CACGCTGCCCAAGTTCCGAG_017,72
CACGCTGCCCAAGTTCCGAG_018,95
CACGCTGCCCAAGTTCCGAG_019,9
CACGCTGCCCAAGTTCCGAG_020,158
CACGCTGCCCAAGTTCCGAG_021,67
CACGCTGCCCAAGTTCCGAG_022,78
CACGCTGCCCAAGTTCCGAG_023,63
CACGCTGCCCAAGTTCCGAG_024,113
CACGCTGCCCAAGTTCCGAG_025,19
CACGCTGCCCAAGTTCCGAG_026,146
CACGCTGCCCAAGTTCCGAG_027,46
CACGCTGCCCAAGTTCCGAG_028,144
CACGCTGCCCAAGTTCCGAG_029,58
CACGCTGCCCAAGTTCCGAG_030,137
CACGCTGCCCAAGTTCCGAG_031,126
CACGCTGCCCAAGTTCCGAG_032,193
CCGGGTCTCCATCACTATCG_001,189
CCGGGTCTCCATCACTATCG_002,124
AGCCGCAGCACGTCACCGTG_001,130
AGCCGCAGCACGTCACCGTG_002,94
AGCCGCAGCACGTCACCGTG_003,145
AGCCGCAGCACGTCACCGTG_004,48
AGCCGCAGCACGTCACCGTG_005,154
AGCCGCAGCACGTCACCGTG_006,139
AGCCGCAGCACGTCACCGTG_007,17
AGCCGCAGCACGTCACCGTG_008,70
AGCCGCAGCACGTCACCGTG_009,182
AGCCGCAGCACGTCACCGTG_010,59
AGCCGCAGCACGTCACCGTG_011,128
AGCCGCAGCACGTCACCGTG_012,13
AGCCGCAGCACGTCACCGTG_013,122
AGCCGCAGCACGTCACCGTG_014,53
AGCCGCAGCACGTCACCGTG_015,181
AGCCGCAGCACGTCACCGTG_016,24
AGCCGCAGCACGTCACCGTG_017,24
AGCCGCAGCACGTCACCGTG_018,107
AGCCGCAGCACGTCACCGTG_019,141
AGCCGCAGCACGTCACCGTG_020,162
AGCCGCAGCACGTCACCGTG_021,182
AGCCGCAGCACGTCACCGTG_022,170
AGCCGCAGCACGTCACCGTG_023,15
AGCCGCAGCACGTCACCGTG_024,74
AGCCGCAGCACGTCACCGTG_025,17
AGCCGCAGCACGTCACCGTG_026,52
AGCCGCAGCACGTCACCGTG_027,141
AGCCGCAGCACGTCACCGTG_028,45
AGCCGCAGCACGTCACCGTG_029,88
AGCCGCAGCACGTCACCGTG_030,141
AGCCGCAGCACGTCACCGTG_031,115
AGCCGCAGCACGTCACCGTG_032,22
AGCCGCAGCACGTCACCGTG_033,163
AGCCGCAGCACGTCACCGTG_034,107
AGCCGCAGCACGTCACCGTG_035,70
AGCCGCAGCACGTCACCGTG_036,49
AGCCGCAGCACGTCACCGTG_037,184
AGCCGCAGCACGTCACCGTG_038,171
AGCCGCAGCACGTCACCGTG_039,194
AGCCGCAGCACGTCACCGTG_040,165
AGCCGCAGCACGTCACCGTG_041,166
AGCCGCAGCACGTCACCGTG_042,104
AGCCGCAGCACGTCACCGTG_043,188
AGCCGCAGCACGTCACCGTG_044,140
AGCCGCAGCACGTCACCGTG_045,160
AGCCGCAGCACGTCACCGTG_046,149
AGCCGCAGCACGTCACCGTG_047,169
AGCCGCAGCACGTCACCGTG_048,63
AGCCGCAGCACGTCACCGTG_049,116
AGCCGCAGCACGTCACCGTG_050,92
AGCCGCAGCACGTCACCGTG_051,34
AGCCGCAGCACGTCACCGTG_052,174
AGCCGCAGCACGTCACCGTG_053,141
AGCCGCAGCACGTCACCGTG_054,2
AGCCGCAGCACGTCACCGTG_055,157
AGCCGCAGCACGTCACCGTG_056,121
AGCCGCAGCACGTCACCGTG_057,103
AGCCGCAGCACGTCACCGTG_058,130
AGCCGCAGCACGTCACCGTG_059,33
AGCCGCAGCACGTCACCGTG_060,3
AGCCGCAGCACGTCACCGTG_061,28
AGCCGCAGCACGTCACCGTG_062,127
AGCCGCAGCACGTCACCGTG_063,3
AGCCGCAGCACGTCACCGTG_064,17
AGCCGCAGCACGTCACCGTG_065,49
AGCCGCAGCACGTCACCGTG_066,116
AGCCGCAGCACGTCACCGTG_067,27
AGCCGCAGCACGTCACCGTG_068,31
AGCCGCAGCACGTCACCGTG_069,77
AGCCGCAGCACGTCACCGTG_070,17
AGCCGCAGCACGTCACCGTG_071,83
TGGTAAAACAAGCGTCCCCT_001,74
TGGTAAAACAAGCGTCCCCT_002,130
TGGTAAAACAAGCGTCCCCT_003,12
TGGTAAAACAAGCGTCCCCT_004,160
TGGTAAAACAAGCGTCCCCT_005,48
TGGTAAAACAAGCGTCCCCT_006,23
TGGTAAAACAAGCGTCCCCT_007,92
TGGTAAAACAAGCGTCCCCT_008,21
TGGTAAAACAAGCGTCCCCT_009,180
TGGTAAAACAAGCGTCCCCT_010,110
GTGGCTGAAGTGCCAAGGCG_001,194
GTGGCTGAAGTGCCAAGGCG_002,8
GTGGCTGAAGTGCCAAGGCG_003,94
GTGGCTGAAGTGCCAAGGCG_004,60
GTGGCTGAAGTGCCAAGGCG_005,35
GTGGCTGAAGTGCCAAGGCG_006,22
GTGGCTGAAGTGCCAAGGCG_007,139
GTGGCTGAAGTGCCAAGGCG_008,139
GTGGCTGAAGTGCCAAGGCG_009,4
GTGGCTGAAGTGCCAAGGCG_010,144
GTGGCTGAAGTGCCAAGGCG_011,16
GTGGCTGAAGTGCCAAGGCG_012,78
GTGGCTGAAGTGCCAAGGCG_013,174
GTGGCTGAAGTGCCAAGGCG_014,190
GTGGCTGAAGTGCCAAGGCG_015,197
GTGGCTGAAGTGCCAAGGCG_016,198
GTGGCTGAAGTGCCAAGGCG_017,195
GTGGCTGAAGTGCCAAGGCG_018,16
GTGGCTGAAGTGCCAAGGCG_019,66
GTGGCTGAAGTGCCAAGGCG_020,68
GTGGCTGAAGTGCCAAGGCG_021,41
GTGGCTGAAGTGCCAAGGCG_022,29
GTGGCTGAAGTGCCAAGGCG_023,1
GTGGCTGAAGTGCCAAGGCG_024,114
GTGGCTGAAGTGCCAAGGCG_025,25
GTGGCTGAAGTGCCAAGGCG_026,87
GTGGCTGAAGTGCCAAGGCG_027,179
GTGGCTGAAGTGCCAAGGCG_028,88
GTGGCTGAAGTGCCAAGGCG_029,117
CACCTTCATAAGCTCCAGTG_001,172
CACCTTCATAAGCTCCAGTG_002,142
CACCTTCATAAGCTCCAGTG_003,105
CACCTTCATAAGCTCCAGTG_004,80
CACCTTCATAAGCTCCAGTG_005,4
CACCTTCATAAGCTCCAGTG_006,2
CACCTTCATAAGCTCCAGTG_007,10
TGTGGCGCTTCAAGCAACTG_001,118
TGTGGCGCTTCAAGCAACTG_002,101
TGTGGCGCTTCAAGCAACTG_003,140
TGTGGCGCTTCAAGCAACTG_004,156
TGTGGCGCTTCAAGCAACTG_005,172
TGTGGCGCTTCAAGCAACTG_006,81
TGTGGCGCTTCAAGCAACTG_007,145
TGTGGCGCTTCAAGCAACTG_008,141
TGTGGCGCTTCAAGCAACTG_009,127
TGTGGCGCTTCAAGCAACTG_010,118
CGGGCGAGTAGGTCACTCCA_001,62
CGGGCGAGTAGGTCACTCCA_002,58
CGGGCGAGTAGGTCACTCCA_003,189
CGGGCGAGTAGGTCACTCCA_004,84
CGGGCGAGTAGGTCACTCCA_005,188
CGGGCGAGTAGGTCACTCCA_006,1
TGAGTTTAAAGTCATACTTG_001,99
TGAGTTTAAAGTCATACTTG_002,113
TGAGTTTAAAGTCATACTTG_003,137
GTGCACATATTTCACCCCGA_001,48
GTGCACATATTTCACCCCGA_002,191
GTGCACATATTTCACCCCGA_003,63
AAGACAAGACAACTAACATG_001,60
AAGACAAGACAACTAACATG_002,35
AAGACAAGACAACTAACATG_003,76
AAGACAAGACAACTAACATG_004,160
AAGACAAGACAACTAACATG_005,1
AAGACAAGACAACTAACATG_006,98
AAGACAAGACAACTAACATG_007,72
AAGACAAGACAACTAACATG_008,192
AAGACAAGACAACTAACATG_009,86
AAGACAAGACAACTAACATG_010,37
AAGACAAGACAACTAACATG_011,188
AAGACAAGACAACTAACATG_012,63
AAGACAAGACAACTAACATG_013,192
CTCAGCAAACTGCACGAACA_001,149
CTCAGCAAACTGCACGAACA_002,175
CTCAGCAAACTGCACGAACA_003,150
CTCAGCAAACTGCACGAACA_004,92
CTCAGCAAACTGCACGAACA_005,190
CTCAGCAAACTGCACGAACA_006,9
CTCAGCAAACTGCACGAACA_007,137
CTCAGCAAACTGCACGAACA_008,117
CTCAGCAAACTGCACGAACA_009,54
CTCAGCAAACTGCACGAACA_010,168
CTCAGCAAACTGCACGAACA_011,83
CTCAGCAAACTGCACGAACA_012,58
CTCAGCAAACTGCACGAACA_013,103
CTCAGCAAACTGCACGAACA_014,145
CTCAGCAAACTGCACGAACA_015,128
CTCAGCAAACTGCACGAACA_016,124
CTCAGCAAACTGCACGAACA_017,198
CTCAGCAAACTGCACGAACA_018,79
CTCAGCAAACTGCACGAACA_019,46
CTCAGCAAACTGCACGAACA_020,138
CTCAGCAAACTGCACGAACA_021,10
CTCAGCAAACTGCACGAACA_022,90
TAAACGGGGTCTGTCACAGG_001,8
TAAACGGGGTCTGTCACAGG_002,48
TAAACGGGGTCTGTCACAGG_003,58
TAAACGGGGTCTGTCACAGG_004,118
AAAAGGATCAATAGACAACG_001,1
AAAAGGATCAATAGACAACG_002,47
AAAAGGATCAATAGACAACG_003,147
AAAAGGATCAATAGACAACG_004,65
AAAAGGATCAATAGACAACG_005,60
AAAAGGATCAATAGACAACG_006,35
AAAAGGATCAATAGACAACG_007,165
GGACTCGCTTATAGGCCATG_001,141
GGACTCGCTTATAGGCCATG_002,31
GGACTCGCTTATAGGCCATG_003,81
GGACTCGCTTATAGGCCATG_004,139
GGACTCGCTTATAGGCCATG_005,120
GGACTCGCTTATAGGCCATG_006,130
TCCAACTGCCGTAGACAGGA_001,148
AGTCGGCCAGCTTTACGCGG_001,15
AGTCGGCCAGCTTTACGCGG_002,81
AGTCGGCCAGCTTTACGCGG_003,130
AGTCGGCCAGCTTTACGCGG_004,49
AGTCGGCCAGCTTTACGCGG_005,133
AGTCGGCCAGCTTTACGCGG_006,174
AGTCGGCCAGCTTTACGCGG_007,12
AGTCGGCCAGCTTTACGCGG_008,196
AGTCGGCCAGCTTTACGCGG_009,44
AGTCGGCCAGCTTTACGCGG_010,62
AGTCGGCCAGCTTTACGCGG_011,53
AGTCGGCCAGCTTTACGCGG_012,44
AGTCGGCCAGCTTTACGCGG_013,145
AGTCGGCCAGCTTTACGCGG_014,88
AGTCGGCCAGCTTTACGCGG_015,168
AGTCGGCCAGCTTTACGCGG_016,56
AGTCGGCCAGCTTTACGCGG_017,132
AGTCGGCCAGCTTTACGCGG_018,6
AGTCGGCCAGCTTTACGCGG_019,43
AGACGCTGGACAGCATACGA_001,181
AGACGCTGGACAGCATACGA_002,88
GAGTCCCCGCTACCACACGG_001,191
GAGTCCCCGCTACCACACGG_002,147
GAGTCCCCGCTACCACACGG_003,12
GAGTCCCCGCTACCACACGG_004,29
GAGTCCCCGCTACCACACGG_005,161
GAGTCCCCGCTACCACACGG_006,144
GAGTCCCCGCTACCACACGG_007,177
GAGTCCCCGCTACCACACGG_008,141
GAGTCCCCGCTACCACACGG_009,98
GAGTCCCCGCTACCACACGG_010,102
GAGTCCCCGCTACCACACGG_011,92
GAGTCCCCGCTACCACACGG_012,56
GAGTCCCCGCTACCACACGG_013,93
GAGTCCCCGCTACCACACGG_014,77
GAGTCCCCGCTACCACACGG_015,98
GAGTCCCCGCTACCACACGG_016,130
GAGTCCCCGCTACCACACGG_017,146
GAGTCCCCGCTACCACACGG_018,11
GAGTCCCCGCTACCACACGG_019,80
GAGTCCCCGCTACCACACGG_020,29
GAGTCCCCGCTACCACACGG_021,173
GAAAGAACATACCTGTACCA_001,148
GAAAGAACATACCTGTACCA_002,15
GAAAGAACATACCTGTACCA_003,169
GTGCGTGGTGGCATACTGGG_001,101
GTGCGTGGTGGCATACTGGG_002,156
GTGCGTGGTGGCATACTGGG_003,101
GTGCGTGGTGGCATACTGGG_004,175
GATCGTCCTCTCAAACGCTG_001,65
GATCGTCCTCTCAAACGCTG_002,198
GATCGTCCTCTCAAACGCTG_003,76
GATCGTCCTCTCAAACGCTG_004,114
GATCGTCCTCTCAAACGCTG_005,69
GATCGTCCTCTCAAACGCTG_006,30
GATCGTCCTCTCAAACGCTG_007,70
GATCGTCCTCTCAAACGCTG_008,29
GATCGTCCTCTCAAACGCTG_009,33
GATCGTCCTCTCAAACGCTG_010,167
GATCGTCCTCTCAAACGCTG_011,145
GATCGTCCTCTCAAACGCTG_012,146
GATCGTCCTCTCAAACGCTG_013,39
GATCGTCCTCTCAAACGCTG_014,63
GATCGTCCTCTCAAACGCTG_015,2
GATCGTCCTCTCAAACGCTG_016,13
AATGGCAAGGAACCATCCCG_001,152
AATGGCAAGGAACCATCCCG_002,55
AATGGCAAGGAACCATCCCG_003,54
AATGGCAAGGAACCATCCCG_004,119
AATGGCAAGGAACCATCCCG_005,140
AATGGCAAGGAACCATCCCG_006,117
AATGGCAAGGAACCATCCCG_007,194
GCGGAGGGCTACCGCTACCC_001,147
GCGGAGGGCTACCGCTACCC_002,76
CAGGAGCATAAAAACTGCAA_001,84
CAGGAGCATAAAAACTGCAA_002,142
CAGGAGCATAAAAACTGCAA_003,107
TCTGCACTCTTCACATTCCA_001,170
TCTGCACTCTTCACATTCCA_002,0
TCTGCACTCTTCACATTCCA_003,83
TCTGCACTCTTCACATTCCA_004,10
ATGTATGTATCCGATTTGCA_001,17
ATGTATGTATCCGATTTGCA_002,41
ATGTATGTATCCGATTTGCA_003,112
TGCGACCCCGACTACCTGCG_001,195
TGCGACCCCGACTACCTGCG_002,133
TGCGACCCCGACTACCTGCG_003,21
TGCGACCCCGACTACCTGCG_004,56
TGCGACCCCGACTACCTGCG_005,169
TGCGACCCCGACTACCTGCG_006,30
TGCGACCCCGACTACCTGCG_007,118
TGCGACCCCGACTACCTGCG_008,58
TGCGACCCCGACTACCTGCG_009,107
TGCGACCCCGACTACCTGCG_010,149
TGCGACCCCGACTACCTGCG_011,62
TGCGACCCCGACTACCTGCG_012,70
TGCGACCCCGACTACCTGCG_013,197
AGGGCTCCCGGACCAGTACG_001,142
AGGGCTCCCGGACCAGTACG_002,57
AGGGCTCCCGGACCAGTACG_003,199
AGGGCTCCCGGACCAGTACG_004,32
AGGGCTCCCGGACCAGTACG_005,116
AGGGCTCCCGGACCAGTACG_006,191
AGGGCTCCCGGACCAGTACG_007,19
AGGGCTCCCGGACCAGTACG_008,115
AGGGCTCCCGGACCAGTACG_009,41
AGGGCTCCCGGACCAGTACG_010,77
AGGGCTCCCGGACCAGTACG_011,147
AGGGCTCCCGGACCAGTACG_012,188
AGGGCTCCCGGACCAGTACG_013,105
AGGGCTCCCGGACCAGTACG_014,191
AGGGCTCCCGGACCAGTACG_015,126
AGGGCTCCCGGACCAGTACG_016,65
AGGGCTCCCGGACCAGTACG_017,76
AGGGCTCCCGGACCAGTACG_018,150
AGGGCTCCCGGACCAGTACG_019,12
AGGGCTCCCGGACCAGTACG_020,108
CCTGTGCAGCCAGTATCGCA_001,6
CCTGTGCAGCCAGTATCGCA_002,23
CCTGTGCAGCCAGTATCGCA_003,23
CCTGTGCAGCCAGTATCGCA_004,193
CCTGTGCAGCCAGTATCGCA_005,193
CCTGTGCAGCCAGTATCGCA_006,95
CCTGTGCAGCCAGTATCGCA_007,59
CCTGTGCAGCCAGTATCGCA_008,14
CCTGTGCAGCCAGTATCGCA_009,172
CCTGTGCAGCCAGTATCGCA_010,83
CCTGTGCAGCCAGTATCGCA_011,61
CCTGTGCAGCCAGTATCGCA_012,56
CCTGTGCAGCCAGTATCGCA_013,31
CCTGTGCAGCCAGTATCGCA_014,79
CCTGTGCAGCCAGTATCGCA_015,22
AAAAGAAAACGTGACCCCTG_001,1
AAAAGAAAACGTGACCCCTG_002,195
AAAAGAAAACGTGACCCCTG_003,62
AAAAGAAAACGTGACCCCTG_004,169
AAAAGAAAACGTGACCCCTG_005,40
AAAAGAAAACGTGACCCCTG_006,192
AAAAGAAAACGTGACCCCTG_007,113
AAAAGAAAACGTGACCCCTG_008,57
AAAAGAAAACGTGACCCCTG_009,133
AAAAGAAAACGTGACCCCTG_010,39
AAAAGAAAACGTGACCCCTG_011,198
AAAAGAAAACGTGACCCCTG_012,151
AAAAGAAAACGTGACCCCTG_013,3
ATGGCGACAGCATAGGCTCG_001,147
ATGGCGACAGCATAGGCTCG_002,144
ATGGCGACAGCATAGGCTCG_003,94
ATGGCGACAGCATAGGCTCG_004,58
ATGGCGACAGCATAGGCTCG_005,144
ATGGCGACAGCATAGGCTCG_006,29
ATGGCGACAGCATAGGCTCG_007,56
ATGGCGACAGCATAGGCTCG_008,108
ATGGCGACAGCATAGGCTCG_009,129
ATGGCGACAGCATAGGCTCG_010,89
ATGGCGACAGCATAGGCTCG_011,3
ATGGCGACAGCATAGGCTCG_012,185
CCCAGATTGACACCACCCTG_001,176
CCCAGATTGACACCACCCTG_002,191
CCCAGATTGACACCACCCTG_003,48
CCCAGATTGACACCACCCTG_004,78
CCCAGATTGACACCACCCTG_005,87
CCCAGATTGACACCACCCTG_006,120
CCCAGATTGACACCACCCTG_007,93
CCCAGATTGACACCACCCTG_008,177
CCCAGATTGACACCACCCTG_009,14
CCCAGATTGACACCACCCTG_010,15
ATAAATATTCATGTGATCCA_001,117
GTAGAAGGAGACTACGGACG_001,171
GTAGAAGGAGACTACGGACG_002,62
GTAGAAGGAGACTACGGACG_003,177
GTAGAAGGAGACTACGGACG_004,17
GTAGAAGGAGACTACGGACG_005,5
GTAGAAGGAGACTACGGACG_006,45
GTAGAAGGAGACTACGGACG_007,172
GTAGAAGGAGACTACGGACG_008,168
CTACAAAAGAGAGATTACCA_001,183
TTAGCGTGGCTAGATCCACA_001,21
TTAGCGTGGCTAGATCCACA_002,85
CAGAGTAGGAGGCACACATG_001,105
CAGAGTAGGAGGCACACATG_002,36
CAGAGTAGGAGGCACACATG_003,170
CAGAGTAGGAGGCACACATG_004,138
CAGAGTAGGAGGCACACATG_005,11
CAGAGTAGGAGGCACACATG_006,177
CAGAGTAGGAGGCACACATG_007,105
CAGAGTAGGAGGCACACATG_008,62
CAGAGTAGGAGGCACACATG_009,150
CAGAGTAGGAGGCACACATG_010,48
CAGAGTAGGAGGCACACATG_011,104
CAGAGTAGGAGGCACACATG_012,7
CAGAGTAGGAGGCACACATG_013,77
CAGAGTAGGAGGCACACATG_014,153
AGCGGCCAGATTTGCCGTCG_001,3
AGCGGCCAGATTTGCCGTCG_002,130
AGCGGCCAGATTTGCCGTCG_003,78
AGCGGCCAGATTTGCCGTCG_004,16
AGCGGCCAGATTTGCCGTCG_005,34
AGCGGCCAGATTTGCCGTCG_006,130
AGCGGCCAGATTTGCCGTCG_007,141
AGCGGCCAGATTTGCCGTCG_008,155
AGCGGCCAGATTTGCCGTCG_009,20
AGCGGCCAGATTTGCCGTCG_010,76
AGCGGCCAGATTTGCCGTCG_011,46
AGCGGCCAGATTTGCCGTCG_012,33
AGCGGCCAGATTTGCCGTCG_013,129
AGCGGCCAGATTTGCCGTCG_014,76
GACAACTGCCGGGACCTGTG_001,195
GACAACTGCCGGGACCTGTG_002,39
GACAACTGCCGGGACCTGTG_003,130
GACAACTGCCGGGACCTGTG_004,12
GACAACTGCCGGGACCTGTG_005,141
GACAACTGCCGGGACCTGTG_006,145
GACAACTGCCGGGACCTGTG_007,176
GACAACTGCCGGGACCTGTG_008,26
GACAACTGCCGGGACCTGTG_009,17
GACAACTGCCGGGACCTGTG_010,169
GCCGATTAGGTCGGAGACTG_001,28
GCCGATTAGGTCGGAGACTG_002,0
GCCGATTAGGTCGGAGACTG_003,185
GCCGATTAGGTCGGAGACTG_004,178
GCCGATTAGGTCGGAGACTG_005,161
GCCGATTAGGTCGGAGACTG_006,96
GCCGATTAGGTCGGAGACTG_007,128
GCCGATTAGGTCGGAGACTG_008,11
GCCGATTAGGTCGGAGACTG_009,3
GCCGATTAGGTCGGAGACTG_010,115
GCCGATTAGGTCGGAGACTG_011,190
GCCGATTAGGTCGGAGACTG_012,0
TTCCAGGGTGTATCGCAGGT_001,158
TTCCAGGGTGTATCGCAGGT_002,158
TTCCAGGGTGTATCGCAGGT_003,182
TTCCAGGGTGTATCGCAGGT_004,58
TTCCAGGGTGTATCGCAGGT_005,173
GTGCGCGCTGACCGTATGAG_001,164
GTGCGCGCTGACCGTATGAG_002,128
GTGCGCGCTGACCGTATGAG_003,49
GTGCGCGCTGACCGTATGAG_004,197
GTGCGCGCTGACCGTATGAG_005,113
GTGCGCGCTGACCGTATGAG_006,174
GTGCGCGCTGACCGTATGAG_007,130
GTGCGCGCTGACCGTATGAG_008,53
GTGCGCGCTGACCGTATGAG_009,147
GTGCGCGCTGACCGTATGAG_010,24
GTGCGCGCTGACCGTATGAG_011,145
GTGCGCGCTGACCGTATGAG_012,135
GTGCGCGCTGACCGTATGAG_013,34
GTGCGCGCTGACCGTATGAG_014,34
GTGCGCGCTGACCGTATGAG_015,196
GTGCGCGCTGACCGTATGAG_016,76
GTGCGCGCTGACCGTATGAG_017,76
GTGCGCGCTGACCGTATGAG_018,100
GTGCGCGCTGACCGTATGAG_019,4
GTGCGCGCTGACCGTATGAG_020,184
GTGCGCGCTGACCGTATGAG_021,142
GTGCGCGCTGACCGTATGAG_022,118
GTGCGCGCTGACCGTATGAG_023,28
GTGCGCGCTGACCGTATGAG_024,57
GATGGCCATGCCCCCCACAG_001,168
GATGGCCATGCCCCCCACAG_002,169
GATGGCCATGCCCCCCACAG_003,79
GATGGCCATGCCCCCCACAG_004,6
GATGGCCATGCCCCCCACAG_005,155
GATGGCCATGCCCCCCACAG_006,57
GATGGCCATGCCCCCCACAG_007,20
CCAGACGGTGATCTTCGACA_001,180
CCAGACGGTGATCTTCGACA_002,150
CTGCTCTTTGAGCATGATCG_001,0
CTGCTCTTTGAGCATGATCG_002,53
CTGCTCTTTGAGCATGATCG_003,189
CTGCTCTTTGAGCATGATCG_004,48
CTGCTCTTTGAGCATGATCG_005,8
CTGCTCTTTGAGCATGATCG_006,157
CTGCTCTTTGAGCATGATCG_007,188
CTGCTCTTTGAGCATGATCG_008,141
CTGCTCTTTGAGCATGATCG_009,162
CTGCTCTTTGAGCATGATCG_010,63
CTGCTCTTTGAGCATGATCG_011,132
CTGCTCTTTGAGCATGATCG_012,179
CTGCTCTTTGAGCATGATCG_013,104
CTGCTCTTTGAGCATGATCG_014,52
CTGCTCTTTGAGCATGATCG_015,34
CTGCTCTTTGAGCATGATCG_016,60
CTGCTCTTTGAGCATGATCG_017,76
CTGCTCTTTGAGCATGATCG_018,32
CTGCTCTTTGAGCATGATCG_019,107
CTGCTCTTTGAGCATGATCG_020,143
CTGCTCTTTGAGCATGATCG_021,188
CTGCTCTTTGAGCATGATCG_022,81
TCTTCCCAATAGCATTAAGA_001,170
TCTTCCCAATAGCATTAAGA_002,158
TTGTTGATGAGATTCACAAG_001,115
TTGTTGATGAGATTCACAAG_002,115
AGGGCCACCCCCAGACAACG_001,48
AGGGCCACCCCCAGACAACG_002,172
AGGGCCACCCCCAGACAACG_003,96
AGGGCCACCCCCAGACAACG_004,172
AGGGCCACCCCCAGACAACG_005,5
AGGGCCACCCCCAGACAACG_006,87
AGGGCCACCCCCAGACAACG_007,87
AGGGCCACCCCCAGACAACG_008,2
AGGGCCACCCCCAGACAACG_009,150
AGGGCCACCCCCAGACAACG_010,138
AGGGCCACCCCCAGACAACG_011,116
AGGGCCACCCCCAGACAACG_012,11
AGGGCCACCCCCAGACAACG_013,51
AGGGCCACCCCCAGACAACG_014,12
AGGGCCACCCCCAGACAACG_015,88
AGGGCCACCCCCAGACAACG_016,78
AGGGCCACCCCCAGACAACG_017,54
AGGGCCACCCCCAGACAACG_018,183
AGGGCCACCCCCAGACAACG_019,155
AGGGCCACCCCCAGACAACG_020,117
AGGGCCACCCCCAGACAACG_021,190
AGGGCCACCCCCAGACAACG_022,46
AGGGCCACCCCCAGACAACG_023,83
AGGGCCACCCCCAGACAACG_024,2
AGGGCCACCCCCAGACAACG_025,22
AGGGCCACCCCCAGACAACG_026,102
AGGGCCACCCCCAGACAACG_027,147
AGGGCCACCCCCAGACAACG_028,173
AGGGCCACCCCCAGACAACG_029,124
AGGGCCACCCCCAGACAACG_030,22
AGGGCCACCCCCAGACAACG_031,119
AGGGCCACCCCCAGACAACG_032,126
AGGGCCACCCCCAGACAACG_033,169
AGGGCCACCCCCAGACAACG_034,127
AGGGCCACCCCCAGACAACG_035,57
AGGGCCACCCCCAGACAACG_036,140
TTACCCTACAGGCTCAGCAG_001,133
TTACCCTACAGGCTCAGCAG_002,70
TTACCCTACAGGCTCAGCAG_003,16
TTACCCTACAGGCTCAGCAG_004,91
TTACCCTACAGGCTCAGCAG_005,176
TTACCCTACAGGCTCAGCAG_006,65
TTACCCTACAGGCTCAGCAG_007,65
TTACCCTACAGGCTCAGCAG_008,43
TTACCCTACAGGCTCAGCAG_009,172
TTACCCTACAGGCTCAGCAG_010,163
TTACCCTACAGGCTCAGCAG_011,164
TTACCCTACAGGCTCAGCAG_012,186
TTACCCTACAGGCTCAGCAG_013,38
TTACCCTACAGGCTCAGCAG_014,29
TTACCCTACAGGCTCAGCAG_015,199
TTACCCTACAGGCTCAGCAG_016,182
TTACCCTACAGGCTCAGCAG_017,184
TTACCCTACAGGCTCAGCAG_018,43
TTACCCTACAGGCTCAGCAG_019,152
TTACCCTACAGGCTCAGCAG_020,30
TTACCCTACAGGCTCAGCAG_021,30
AAAGACAAATGGATCAACAT_001,105
AAAGACAAATGGATCAACAT_002,73
AAAGACAAATGGATCAACAT_003,38
AAAGACAAATGGATCAACAT_004,169
AAAGACAAATGGATCAACAT_005,183
AAAGACAAATGGATCAACAT_006,32
AAAGACAAATGGATCAACAT_007,21
AAAGACAAATGGATCAACAT_008,107
AAAGACAAATGGATCAACAT_009,74
AAAGACAAATGGATCAACAT_010,66
ACCTCCGGCCAAGGCCAAGG_001,4
ACCTCCGGCCAAGGCCAAGG_002,39
CCAATATGAACACTTCCGAA_001,124
CTGACTTACAACGAATAGTG_001,179
CTGACTTACAACGAATAGTG_002,2
CTGACTTACAACGAATAGTG_003,7
CTGACTTACAACGAATAGTG_004,115
CTGACTTACAACGAATAGTG_005,15
CTGACTTACAACGAATAGTG_006,55
GGACCCCGCCACGTACGTGT_001,13
GGACCCCGCCACGTACGTGT_002,158
GGACCCCGCCACGTACGTGT_003,12
GGACCCCGCCACGTACGTGT_004,131
GGACCCCGCCACGTACGTGT_005,113
GGACCCCGCCACGTACGTGT_006,185
GGACCCCGCCACGTACGTGT_007,50
GGACCCCGCCACGTACGTGT_008,127
GGACCCCGCCACGTACGTGT_009,77
GGACCCCGCCACGTACGTGT_010,150
GGACCCCGCCACGTACGTGT_011,174
GCCTTCGCCATCCTGGACGG_001,149
GCCTTCGCCATCCTGGACGG_002,64
GCCTTCGCCATCCTGGACGG_003,177
GCCTTCGCCATCCTGGACGG_004,142
GCCTTCGCCATCCTGGACGG_005,169
GCCTTCGCCATCCTGGACGG_006,148
GCCTTCGCCATCCTGGACGG_007,137
GCCTTCGCCATCCTGGACGG_008,24
GCCTTCGCCATCCTGGACGG_009,34
GCCTTCGCCATCCTGGACGG_010,40
GGGACTCATCAACATGGCAG_001,189
GGGACTCATCAACATGGCAG_002,113
GGGACTCATCAACATGGCAG_003,113
GGGACTCATCAACATGGCAG_004,199
TTCATAGGTTCCATTGCACA_001,113
TTCATAGGTTCCATTGCACA_002,27
TTCATAGGTTCCATTGCACA_003,117
TTCATAGGTTCCATTGCACA_004,48
TTCATAGGTTCCATTGCACA_005,158
TTCATAGGTTCCATTGCACA_006,117
TTCATAGGTTCCATTGCACA_007,127
TTCATAGGTTCCATTGCACA_008,124
CGGCGGTGCTGGTTTCATGT_001,181
CGGCGGTGCTGGTTTCATGT_002,105
CGGCGGTGCTGGTTTCATGT_003,181
CGGCGGTGCTGGTTTCATGT_004,161
CGGCGGTGCTGGTTTCATGT_005,95
CGGCGGTGCTGGTTTCATGT_006,59
CGGCGGTGCTGGTTTCATGT_007,148
CGGCGGTGCTGGTTTCATGT_008,73
CGGCGGTGCTGGTTTCATGT_009,39
CGGCGGTGCTGGTTTCATGT_010,106
CGGCGGTGCTGGTTTCATGT_011,153
CGGCGGTGCTGGTTTCATGT_012,114
GCTACGATGCCTACATCACA_001,48
GCTACGATGCCTACATCACA_002,32
GCTACGATGCCTACATCACA_003,166
AGAGCCACGTACTGCCACCA_001,170
AGAGCCACGTACTGCCACCA_002,185
AGAGCCACGTACTGCCACCA_003,133
AGAGCCACGTACTGCCACCA_004,86
AGAGCCACGTACTGCCACCA_005,50
AGAGCCACGTACTGCCACCA_006,177
AGAGCCACGTACTGCCACCA_007,96
AGAGCCACGTACTGCCACCA_008,68
AGAGCCACGTACTGCCACCA_009,55
AGAGCCACGTACTGCCACCA_010,78
AGAGCCACGTACTGCCACCA_011,28
AGAGCCACGTACTGCCACCA_012,155
AGAGCCACGTACTGCCACCA_013,19
AGAGCCACGTACTGCCACCA_014,56
AGAGCCACGTACTGCCACCA_015,52
TGGGATCATATTGGACTACG_001,171
TGGGATCATATTGGACTACG_002,20
TGGGATCATATTGGACTACG_003,40
TGGGATCATATTGGACTACG_004,46
TGGGATCATATTGGACTACG_005,46
ATAAACACCCGATGTACAGG_001,115
ATAAACACCCGATGTACAGG_002,137
AAGAAGAAATATGTCAACTC_001,130
AAGAAGAAATATGTCAACTC_002,27
CTGGGTCGTGTTCTTGTCCG_001,83
CTGGGTCGTGTTCTTGTCCG_002,136
CTGGGTCGTGTTCTTGTCCG_003,182
GAGACCCCTCTGGTACCAGG_001,13
GAGACCCCTCTGGTACCAGG_002,198
GAGACCCCTCTGGTACCAGG_003,20
GAGACCCCTCTGGTACCAGG_004,187
GAGACCCCTCTGGTACCAGG_005,22
AGGCTTACCGAGATTTGGCT_001,58
AGGCTTACCGAGATTTGGCT_002,84
AGGCTTACCGAGATTTGGCT_003,40
AGGCTTACCGAGATTTGGCT_004,127
AGGCTTACCGAGATTTGGCT_005,48
AGGCTTACCGAGATTTGGCT_006,58
AGGCTTACCGAGATTTGGCT_007,191
AGGCTTACCGAGATTTGGCT_008,76
AGGCTTACCGAGATTTGGCT_009,26
AGGCTTACCGAGATTTGGCT_010,52
AGGCTTACCGAGATTTGGCT_011,154
TCCTTACTGGAAGTCTCCAA_001,17
TCCTTACTGGAAGTCTCCAA_002,1
TCCTTACTGGAAGTCTCCAA_003,160
TCCTTACTGGAAGTCTCCAA_004,151
TCCTTACTGGAAGTCTCCAA_005,175
TCCTTACTGGAAGTCTCCAA_006,83
TCCTTACTGGAAGTCTCCAA_007,156
TCCTTACTGGAAGTCTCCAA_008,122
TCCTTACTGGAAGTCTCCAA_009,169
TCCTTACTGGAAGTCTCCAA_010,54
TCCTTACTGGAAGTCTCCAA_011,12
TCCTTACTGGAAGTCTCCAA_012,154
TCCTTACTGGAAGTCTCCAA_013,194
TCCTTACTGGAAGTCTCCAA_014,9
GATGAGAAGGTTCATGACGG_001,165
GATGAGAAGGTTCATGACGG_002,160
GATGAGAAGGTTCATGACGG_003,94
GATGAGAAGGTTCATGACGG_004,162
GATGAGAAGGTTCATGACGG_005,12
GATGAGAAGGTTCATGACGG_006,157
GATGAGAAGGTTCATGACGG_007,4
GATGAGAAGGTTCATGACGG_008,123
GATGAGAAGGTTCATGACGG_009,174
GATGAGAAGGTTCATGACGG_010,70
GATGAGAAGGTTCATGACGG_011,55
GATGAGAAGGTTCATGACGG_012,67
GATGAGAAGGTTCATGACGG_013,49
GATGAGAAGGTTCATGACGG_014,95
GATGAGAAGGTTCATGACGG_015,117
GATGAGAAGGTTCATGACGG_016,101
GATGAGAAGGTTCATGACGG_017,147
GATGAGAAGGTTCATGACGG_018,174
GATGAGAAGGTTCATGACGG_019,148
GGAGTGGACCTACAACCCCT_001,115
GGAGTGGACCTACAACCCCT_002,172
GGAGTGGACCTACAACCCCT_003,50
GGAGTGGACCTACAACCCCT_004,102
GGAGTGGACCTACAACCCCT_005,105
GGAGTGGACCTACAACCCCT_006,177
GGAGTGGACCTACAACCCCT_007,44
GGAGTGGACCTACAACCCCT_008,32
GGAGTGGACCTACAACCCCT_009,186
GGAGTGGACCTACAACCCCT_010,70
GGAGTGGACCTACAACCCCT_011,197
GGAGTGGACCTACAACCCCT_012,48
GGAGTGGACCTACAACCCCT_013,63
GGAGTGGACCTACAACCCCT_014,160
GGAGTGGACCTACAACCCCT_015,184
GGAGTGGACCTACAACCCCT_016,188
GGAGTGGACCTACAACCCCT_017,114
GGAGTGGACCTACAACCCCT_018,152
GGAGTGGACCTACAACCCCT_019,50
GGAGTGGACCTACAACCCCT_020,160
GGAGTGGACCTACAACCCCT_021,90
GGAGTGGACCTACAACCCCT_022,146
GGAGTGGACCTACAACCCCT_023,20
GGAGTGGACCTACAACCCCT_024,60
GGAGTGGACCTACAACCCCT_025,185
GGAGTGGACCTACAACCCCT_026,37
GGAGTGGACCTACAACCCCT_027,134
GGAGTGGACCTACAACCCCT_028,80
GGAGTGGACCTACAACCCCT_029,108
GGAGTGGACCTACAACCCCT_030,175
GGAGTGGACCTACAACCCCT_031,175
GGAGTGGACCTACAACCCCT_032,48
TGGAACACCACACTCTACGA_001,39
TGGAACACCACACTCTACGA_002,136
TGGAACACCACACTCTACGA_003,188
TGGAACACCACACTCTACGA_004,86
TGGAACACCACACTCTACGA_005,116
GCATCCGCAGAGCAGACGTA_001,174
GCATCCGCAGAGCAGACGTA_002,52
GCATCCGCAGAGCAGACGTA_003,58
GCATCCGCAGAGCAGACGTA_004,141
GCATCCGCAGAGCAGACGTA_005,50
GCATCCGCAGAGCAGACGTA_006,161
GCATCCGCAGAGCAGACGTA_007,144
GCATCCGCAGAGCAGACGTA_008,33
AATAGCCACTGCTCCACCCA_001,27
AATAGCCACTGCTCCACCCA_002,37
AATAGCCACTGCTCCACCCA_003,45
AATAGCCACTGCTCCACCCA_004,170
AATAGCCACTGCTCCACCCA_005,194
AATAGCCACTGCTCCACCCA_006,4
AATAGCCACTGCTCCACCCA_007,3
AATAGCCACTGCTCCACCCA_008,67
AATAGCCACTGCTCCACCCA_009,42
AATAGCCACTGCTCCACCCA_010,158
AATAGCCACTGCTCCACCCA_011,105
AATAGCCACTGCTCCACCCA_012,56
AATAGCCACTGCTCCACCCA_013,8
AATAGCCACTGCTCCACCCA_014,1
AATAGCCACTGCTCCACCCA_015,175
AATAGCCACTGCTCCACCCA_016,141
AATAGCCACTGCTCCACCCA_017,82
AATAGCCACTGCTCCACCCA_018,75
AATAGCCACTGCTCCACCCA_019,40
AATAGCCACTGCTCCACCCA_020,149
AATAGCCACTGCTCCACCCA_021,92
AATAGCCACTGCTCCACCCA_022,136
AATAGCCACTGCTCCACCCA_023,106
AATAGCCACTGCTCCACCCA_024,168
AATAGCCACTGCTCCACCCA_025,101
AATAGCCACTGCTCCACCCA_026,174
AATAGCCACTGCTCCACCCA_027,158
TTAGCCAGTAGTGCATATGA_001,182
TTAGCCAGTAGTGCATATGA_002,38
TTAGCCAGTAGTGCATATGA_003,163
TTAGCCAGTAGTGCATATGA_004,3
TTAGCCAGTAGTGCATATGA_005,49
TTAGCCAGTAGTGCATATGA_006,172
TTAGCCAGTAGTGCATATGA_007,177
GAGCCAGAGGAAGACGAAGG_001,141
GAGCCAGAGGAAGACGAAGG_002,183
GAGCCAGAGGAAGACGAAGG_003,29
GAGCCAGAGGAAGACGAAGG_004,84
GAGCCAGAGGAAGACGAAGG_005,35
CGCTACATCTGCGAAACCCA_001,146
CGCTACATCTGCGAAACCCA_002,141
CGCTACATCTGCGAAACCCA_003,156
CGCTACATCTGCGAAACCCA_004,177
CGCTACATCTGCGAAACCCA_005,7
CGCTACATCTGCGAAACCCA_006,148
CGCTACATCTGCGAAACCCA_007,78
CGCTACATCTGCGAAACCCA_008,177
CGCTACATCTGCGAAACCCA_009,15
TTAAAAATCCTTTATAAAAG_001,70
TTAAAAATCCTTTATAAAAG_002,166
TTAAAAATCCTTTATAAAAG_003,142
TGGCCAGGACAACACATGTG_001,80
TGGCCAGGACAACACATGTG_002,183
TGGCCAGGACAACACATGTG_003,45
TGGCCAGGACAACACATGTG_004,1
TGGCCAGGACAACACATGTG_005,147
TGGCCAGGACAACACATGTG_006,102
TGGCCAGGACAACACATGTG_007,141
TGGCCAGGACAACACATGTG_008,70
TGGCCAGGACAACACATGTG_009,61
TGGCCAGGACAACACATGTG_010,147
AACACTCAGAAAAACAGTTG_001,182
AACACTCAGAAAAACAGTTG_002,40
AACACTCAGAAAAACAGTTG_003,102
AACACTCAGAAAAACAGTTG_004,26
AACACTCAGAAAAACAGTTG_005,160
AACACTCAGAAAAACAGTTG_006,6
TCAGGAACTGCCATCCGACA_001,175
TCAGGAACTGCCATCCGACA_002,198
TCAGGAACTGCCATCCGACA_003,199
TCAGGAACTGCCATCCGACA_004,53
TCAGGAACTGCCATCCGACA_005,186
TCAGGAACTGCCATCCGACA_006,150
TCAGGAACTGCCATCCGACA_007,30
TCAGGAACTGCCATCCGACA_008,8
TCAGGAACTGCCATCCGACA_009,115
TCAGGAACTGCCATCCGACA_010,64
TCAGGAACTGCCATCCGACA_011,137
CCAGATCTGCAGAGGCACGA_001,23
CCAGATCTGCAGAGGCACGA_002,130
CCAGATCTGCAGAGGCACGA_003,81
CCAGATCTGCAGAGGCACGA_004,172
CCAGATCTGCAGAGGCACGA_005,83
CCAGATCTGCAGAGGCACGA_006,183
CCAGATCTGCAGAGGCACGA_007,199
CCAGATCTGCAGAGGCACGA_008,170
CCAGATCTGCAGAGGCACGA_009,158
TAGACGTTGTTCTCACACAG_001,160
TAGACGTTGTTCTCACACAG_002,43
TAGACGTTGTTCTCACACAG_003,50
TAGACGTTGTTCTCACACAG_004,57
TTGTAAGGAGCACCTGACTA_001,58
TTGTAAGGAGCACCTGACTA_002,11
TTGTAAGGAGCACCTGACTA_003,193
TTGTAAGGAGCACCTGACTA_004,17
TTGTAAGGAGCACCTGACTA_005,29
TTGTAAGGAGCACCTGACTA_006,46
TTGTAAGGAGCACCTGACTA_007,29
TTGTAAGGAGCACCTGACTA_008,76
TTGTAAGGAGCACCTGACTA_009,48
TTGTAAGGAGCACCTGACTA_010,22
CCAGTCAACTCATAAGTGGA_001,48
GCCGCCCACCTGCCAGCGGA_001,27
GCCGCCCACCTGCCAGCGGA_002,49
GCCGCCCACCTGCCAGCGGA_003,106
GCCGCCCACCTGCCAGCGGA_004,106
GCCGCCCACCTGCCAGCGGA_005,19
GCCGCCCACCTGCCAGCGGA_006,107
GCCGCCCACCTGCCAGCGGA_007,113
GCCGCCCACCTGCCAGCGGA_008,28
GCCGCCCACCTGCCAGCGGA_009,63
GCCGCCCACCTGCCAGCGGA_010,170
GCCGCCCACCTGCCAGCGGA_011,184
GCCGCCCACCTGCCAGCGGA_012,1
GCCGCCCACCTGCCAGCGGA_013,125
GCCGCCCACCTGCCAGCGGA_014,156
GCCGCCCACCTGCCAGCGGA_015,59
GCCGCCCACCTGCCAGCGGA_016,28
GCCGCCCACCTGCCAGCGGA_017,62
GCCGCCCACCTGCCAGCGGA_018,122
GCCGCCCACCTGCCAGCGGA_019,45
GCCGCCCACCTGCCAGCGGA_020,20
GCCGCCCACCTGCCAGCGGA_021,141
GCCGCCCACCTGCCAGCGGA_022,27
GCCGCCCACCTGCCAGCGGA_023,127
GCCGCCCACCTGCCAGCGGA_024,86
GCCGCCCACCTGCCAGCGGA_025,23
GCCGCCCACCTGCCAGCGGA_026,149
GCCGCCCACCTGCCAGCGGA_027,108
GCCGCCCACCTGCCAGCGGA_028,24
GCCGCCCACCTGCCAGCGGA_029,154
GCCGCCCACCTGCCAGCGGA_030,195
GCCGCCCACCTGCCAGCGGA_031,160
GCCGCCCACCTGCCAGCGGA_032,82
GCCGCCCACCTGCCAGCGGA_033,63
GCCGCCCACCTGCCAGCGGA_034,124
GCCGCCCACCTGCCAGCGGA_035,152
GCCGCCCACCTGCCAGCGGA_036,117
GCCGCCCACCTGCCAGCGGA_037,28
GCCGCCCACCTGCCAGCGGA_038,179
GCCGCCCACCTGCCAGCGGA_039,197
GCCGCCCACCTGCCAGCGGA_040,52
GCCGCCCACCTGCCAGCGGA_041,52
GCCGCCCACCTGCCAGCGGA_042,57
GCCGCCCACCTGCCAGCGGA_043,109
GCCGCCCACCTGCCAGCGGA_044,46
GCCGCCCACCTGCCAGCGGA_045,19
AAAAGCCGGAGATACAAGGG_001,137
AAAAGCCGGAGATACAAGGG_002,157
AAAAGCCGGAGATACAAGGG_003,48
AAAAGCCGGAGATACAAGGG_004,13
TAAGGAACATCTCTTCCCAG_001,29
CCTACGGGAATGAGATGAGT_001,138
CCTACGGGAATGAGATGAGT_002,94
CCTACGGGAATGAGATGAGT_003,12
CCTACGGGAATGAGATGAGT_004,143
TCCCCACCTCAGAACAACAG_001,49
TCCCCACCTCAGAACAACAG_002,177
TCCCCACCTCAGAACAACAG_003,189
TCCCCACCTCAGAACAACAG_004,177
TCCCCACCTCAGAACAACAG_005,14
TCCCCACCTCAGAACAACAG_006,139
TCCCCACCTCAGAACAACAG_007,36
TCCCCACCTCAGAACAACAG_008,102
AGCGACGACGTGTTCATCGG_001,3
AGCGACGACGTGTTCATCGG_002,15
AGCGACGACGTGTTCATCGG_003,146
AGCGACGACGTGTTCATCGG_004,168
AGCGACGACGTGTTCATCGG_005,28
AGCGACGACGTGTTCATCGG_006,67
AGCGACGACGTGTTCATCGG_007,176
AGGAAGAGGAGGAGGAAGAG_001,105
AGGAAGAGGAGGAGGAAGAG_002,84
AGGAAGAGGAGGAGGAAGAG_003,125
AGGAAGAGGAGGAGGAAGAG_004,191
AGGAAGAGGAGGAGGAAGAG_005,12
TGGAGCAAATAAACAGCACG_001,68
TGGAGCAAATAAACAGCACG_002,121
TGGAGCAAATAAACAGCACG_003,110
AAACTACGGTTTCCTCAGTG_001,169
AAACTACGGTTTCCTCAGTG_002,184
AAACTACGGTTTCCTCAGTG_003,49
AAACTACGGTTTCCTCAGTG_004,108
AAACTACGGTTTCCTCAGTG_005,48
AAACTACGGTTTCCTCAGTG_006,48
AACCGCTTGTGAAATAAGCA_001,114
AACCGCTTGTGAAATAAGCA_002,176
AACCGCTTGTGAAATAAGCA_003,141
ATGACAGAAGACATGAAGTG_001,162
ATGACAGAAGACATGAAGTG_002,149
ATGACAGAAGACATGAAGTG_003,76
ATGACAGAAGACATGAAGTG_004,177
ATGACAGAAGACATGAAGTG_005,184
ATGACAGAAGACATGAAGTG_006,94
ATGACAGAAGACATGAAGTG_007,47
ATGACAGAAGACATGAAGTG_008,16
ATGACAGAAGACATGAAGTG_009,66
ATGACAGAAGACATGAAGTG_010,50
ATGACAGAAGACATGAAGTG_011,105
ATGACAGAAGACATGAAGTG_012,19
ATGACAGAAGACATGAAGTG_013,2
ATGACAGAAGACATGAAGTG_014,22
ATGACAGAAGACATGAAGTG_015,59
ATGACAGAAGACATGAAGTG_016,126
ATGACAGAAGACATGAAGTG_017,98
ATGACAGAAGACATGAAGTG_018,190
ATGACAGAAGACATGAAGTG_019,158
CAGATGTGTTGGGTTTACTG_001,161
CAGATGTGTTGGGTTTACTG_002,150
CAGATGTGTTGGGTTTACTG_003,130
CAGATGTGTTGGGTTTACTG_004,161
CAGATGTGTTGGGTTTACTG_005,176
CAGATGTGTTGGGTTTACTG_006,56
GCAGCGACGGGAAAGCGGTG_001,62
GCAGCGACGGGAAAGCGGTG_002,163
GCAGCGACGGGAAAGCGGTG_003,101
GCAGCGACGGGAAAGCGGTG_004,108
GCAGCGACGGGAAAGCGGTG_005,6
GCAGCGACGGGAAAGCGGTG_006,1
GCAGCGACGGGAAAGCGGTG_007,160
GCAGCGACGGGAAAGCGGTG_008,1
GCAGCGACGGGAAAGCGGTG_009,26
GCAGCGACGGGAAAGCGGTG_010,194
GCAGCGACGGGAAAGCGGTG_011,146
GCAGCGACGGGAAAGCGGTG_012,1
GCAGCGACGGGAAAGCGGTG_013,123
GCAGCGACGGGAAAGCGGTG_014,22
GCAGCGACGGGAAAGCGGTG_015,60
GCAGCGACGGGAAAGCGGTG_016,176
GCAGCGACGGGAAAGCGGTG_017,185
GCAGCGACGGGAAAGCGGTG_018,116
GCAGCGACGGGAAAGCGGTG_019,152
GGAGTAAACCACAGACTACG_001,141
GGAGTAAACCACAGACTACG_002,21
GGAGTAAACCACAGACTACG_003,159
GGAGTAAACCACAGACTACG_004,188
TCATGCCGAGAAGGTCACCA_001,148
TCATGCCGAGAAGGTCACCA_002,162
CCTGGTAAACTCCATCCACT_001,152
CCTGGTAAACTCCATCCACT_002,170
CCTGGTAAACTCCATCCACT_003,80
CCTGGTAAACTCCATCCACT_004,123
CCTGGTAAACTCCATCCACT_005,4
CCTGGTAAACTCCATCCACT_006,116
CCTGGTAAACTCCATCCACT_007,169
CCTGGTAAACTCCATCCACT_008,144
CCTGGTAAACTCCATCCACT_009,94
CCTGGTAAACTCCATCCACT_010,177
CCTGGTAAACTCCATCCACT_011,113
CCTGGTAAACTCCATCCACT_012,117
CCTGGTAAACTCCATCCACT_013,84
CCTGGTAAACTCCATCCACT_014,125
CCTGGTAAACTCCATCCACT_015,181
CCTGGTAAACTCCATCCACT_016,32
CCTGGTAAACTCCATCCACT_017,104
CCTGGTAAACTCCATCCACT_018,3
CCTGGTAAACTCCATCCACT_019,166
CCTGGTAAACTCCATCCACT_020,140
CCTGGTAAACTCCATCCACT_021,124
CCTGGTAAACTCCATCCACT_022,169
CCTGGTAAACTCCATCCACT_023,4
TACGCGGAGCGGCTACTGAG_001,168
TACGCGGAGCGGCTACTGAG_002,1
TACGCGGAGCGGCTACTGAG_003,115
TACGCGGAGCGGCTACTGAG_004,142
TACGCGGAGCGGCTACTGAG_005,32
TACGCGGAGCGGCTACTGAG_006,178
TGACTCTGCGATGTCAGGGA_001,94
TGACTCTGCGATGTCAGGGA_002,33
TTCTGTGTTAATTGATAGAG_001,58
TTCTGTGTTAATTGATAGAG_002,152
TTCTGTGTTAATTGATAGAG_003,3
TTCTGTGTTAATTGATAGAG_004,151
TTCTGTGTTAATTGATAGAG_005,115
CAGAGATGATAACATGTTTC_001,103
CAGAGATGATAACATGTTTC_002,104
CAGAGATGATAACATGTTTC_003,2
CAGAGATGATAACATGTTTC_004,187
GCCAAATTTCAGATCCATCG_001,38
GCCAAATTTCAGATCCATCG_002,107
GCCAAATTTCAGATCCATCG_003,136
GGTGGCCACAGTGAGCTGCA_001,45
GGTGGCCACAGTGAGCTGCA_002,48
GGTGGCCACAGTGAGCTGCA_003,54
GGTGGCCACAGTGAGCTGCA_004,100
GGTGGCCACAGTGAGCTGCA_005,191
GGTGGCCACAGTGAGCTGCA_006,70
GGTGGCCACAGTGAGCTGCA_007,41
GGTGGCCACAGTGAGCTGCA_008,53
GGTGGCCACAGTGAGCTGCA_009,198
GGTGGCCACAGTGAGCTGCA_010,168
GGTGGCCACAGTGAGCTGCA_011,177
GGTGGCCACAGTGAGCTGCA_012,152
GGTGGCCACAGTGAGCTGCA_013,49
GGTGGCCACAGTGAGCTGCA_014,157
GGTGGCCACAGTGAGCTGCA_015,157
GGTGGCCACAGTGAGCTGCA_016,171
GGTGGCCACAGTGAGCTGCA_017,169
GGTGGCCACAGTGAGCTGCA_018,107
GGTGGCCACAGTGAGCTGCA_019,172
GGTGGCCACAGTGAGCTGCA_020,168
GGTGGCCACAGTGAGCTGCA_021,88
GGTGGCCACAGTGAGCTGCA_022,85
GGTGGCCACAGTGAGCTGCA_023,94
GGTGGCCACAGTGAGCTGCA_024,68
GGTGGCCACAGTGAGCTGCA_025,191
GGTGGCCACAGTGAGCTGCA_026,18
GGTGGCCACAGTGAGCTGCA_027,72
GGTGGCCACAGTGAGCTGCA_028,115
GGTGGCCACAGTGAGCTGCA_029,81
GGTGGCCACAGTGAGCTGCA_030,38
GGTGGCCACAGTGAGCTGCA_031,40
GGTGGCCACAGTGAGCTGCA_032,122
GGTGGCCACAGTGAGCTGCA_033,126
GGTGGCCACAGTGAGCTGCA_034,43
GGTGGCCACAGTGAGCTGCA_035,168
GGTGGCCACAGTGAGCTGCA_036,115
GGTGGCCACAGTGAGCTGCA_037,170
GGTGGCCACAGTGAGCTGCA_038,36
GGTGGCCACAGTGAGCTGCA_039,108
GTTTGTGCAAGGCAAAGACT_001,16
CTACGCCACGGCCCTCAACG_001,183
CTACGCCACGGCCCTCAACG_002,62
CTACGCCACGGCCCTCAACG_003,105
CTACGCCACGGCCCTCAACG_004,189
CTACGCCACGGCCCTCAACG_005,185
CTACGCCACGGCCCTCAACG_006,2
CTACGCCACGGCCCTCAACG_007,54
CTACGCCACGGCCCTCAACG_008,13
CTACGCCACGGCCCTCAACG_009,157
CTACGCCACGGCCCTCAACG_010,106
CTACGCCACGGCCCTCAACG_011,48
CTACGCCACGGCCCTCAACG_012,175
CTACGCCACGGCCCTCAACG_013,102
CTACGCCACGGCCCTCAACG_014,137
CTACGCCACGGCCCTCAACG_015,160
CTACGCCACGGCCCTCAACG_016,127
CTACGCCACGGCCCTCAACG_017,60
CTACGCCACGGCCCTCAACG_018,35
CTACGCCACGGCCCTCAACG_019,66
CTACGCCACGGCCCTCAACG_020,67
CTACGCCACGGCCCTCAACG_021,58
CTACGCCACGGCCCTCAACG_022,58
CTACGCCACGGCCCTCAACG_023,98
CTACGCCACGGCCCTCAACG_024,75
CTACGCCACGGCCCTCAACG_025,5
CTACGCCACGGCCCTCAACG_026,184
CTACGCCACGGCCCTCAACG_027,49
CTACGCCACGGCCCTCAACG_028,0
CTACGCCACGGCCCTCAACG_029,148
CTACGCCACGGCCCTCAACG_030,82
CTACGCCACGGCCCTCAACG_031,40
CTACGCCACGGCCCTCAACG_032,150
CTACGCCACGGCCCTCAACG_033,198
CTACGCCACGGCCCTCAACG_034,69
CTACGCCACGGCCCTCAACG_035,96
CTACGCCACGGCCCTCAACG_036,178
GCCACTGCCAATATGGTATG_001,58
GCCACTGCCAATATGGTATG_002,143
GCCACTGCCAATATGGTATG_003,143
GCCACTGCCAATATGGTATG_004,61
GCCACTGCCAATATGGTATG_005,13
CCAGCAGTTCCATTGCCACA_001,77
CCCATGCACCGCTACGACAT_001,162
CCCATGCACCGCTACGACAT_002,121
CCCATGCACCGCTACGACAT_003,112
GCAGCTAAACCAGCTGACCG_001,121
GCAGCTAAACCAGCTGACCG_002,193
GCAGCTAAACCAGCTGACCG_003,146
GCAGCTAAACCAGCTGACCG_004,129
GCAGCTAAACCAGCTGACCG_005,30
GCAGCTAAACCAGCTGACCG_006,148
GCAGCTAAACCAGCTGACCG_007,158
GCAGCTAAACCAGCTGACCG_008,98
GCAGCTAAACCAGCTGACCG_009,77
GCAGCTAAACCAGCTGACCG_010,157
GCAGCTAAACCAGCTGACCG_011,80
GCAGCTAAACCAGCTGACCG_012,17
GCAGCTAAACCAGCTGACCG_013,127
GCAGCTAAACCAGCTGACCG_014,2
GCAGCTAAACCAGCTGACCG_015,74
GAGCGGATAAGACTCAAACC_001,65
GAGCGGATAAGACTCAAACC_002,41
TTCCAGAATCACTTTGAACC_001,24
TTCCAGAATCACTTTGAACC_002,48
GGAAAAGAGCCGGATGTACG_001,80
GGAAAAGAGCCGGATGTACG_002,81
GGAAAAGAGCCGGATGTACG_003,158
GGAAAAGAGCCGGATGTACG_004,78
GGAAAAGAGCCGGATGTACG_005,56
GGAAAAGAGCCGGATGTACG_006,105
GGAAAAGAGCCGGATGTACG_007,5
GGAAAAGAGCCGGATGTACG_008,25
GGAAAAGAGCCGGATGTACG_009,46
GGAAAAGAGCCGGATGTACG_010,183
GGAAAAGAGCCGGATGTACG_011,15
GGAAAAGAGCCGGATGTACG_012,113
GGAAAAGAGCCGGATGTACG_013,85
GGAAAAGAGCCGGATGTACG_014,133
GGAAAAGAGCCGGATGTACG_015,102
GGAAAAGAGCCGGATGTACG_016,43
GGAAAAGAGCCGGATGTACG_017,56
GGAAAAGAGCCGGATGTACG_018,126
GGAAAAGAGCCGGATGTACG_019,28
GGAAAAGAGCCGGATGTACG_020,151
GGAAAAGAGCCGGATGTACG_021,68
GGAAAAGAGCCGGATGTACG_022,59
GGAAAAGAGCCGGATGTACG_023,183
GGAAAAGAGCCGGATGTACG_024,22
GGAAAAGAGCCGGATGTACG_025,3
GGAAAAGAGCCGGATGTACG_026,31
GGAAAAGAGCCGGATGTACG_027,121
GCTCGGCTAATGAAGCATGC_001,12
GCTCGGCTAATGAAGCATGC_002,178
GCTCGGCTAATGAAGCATGC_003,70
GCTCGGCTAATGAAGCATGC_004,8
CATGGCATGCGATTACTACG_001,66
CATGGCATGCGATTACTACG_002,176
CATGGCATGCGATTACTACG_003,90
CATGGCATGCGATTACTACG_004,150
CATGGCATGCGATTACTACG_005,68
AGGAATCCAGCCATGACGAT_001,70
AGGAATCCAGCCATGACGAT_002,176
AGGAATCCAGCCATGACGAT_003,31
AGGAATCCAGCCATGACGAT_004,78
AGGAATCCAGCCATGACGAT_005,149
AGGAATCCAGCCATGACGAT_006,106
AGGAATCCAGCCATGACGAT_007,172
AGGAATCCAGCCATGACGAT_008,4
AGGAATCCAGCCATGACGAT_009,62
AGGAATCCAGCCATGACGAT_010,181
AGGAATCCAGCCATGACGAT_011,160
AGGAATCCAGCCATGACGAT_012,127
AGGAATCCAGCCATGACGAT_013,74
AGGAATCCAGCCATGACGAT_014,50
AGGAATCCAGCCATGACGAT_015,105
AGGAATCCAGCCATGACGAT_016,105
AGGAATCCAGCCATGACGAT_017,132
AGGAATCCAGCCATGACGAT_018,21
AGGAATCCAGCCATGACGAT_019,133
AGGAATCCAGCCATGACGAT_020,133
AGGAATCCAGCCATGACGAT_021,108
AGGAATCCAGCCATGACGAT_022,142
AGGAATCCAGCCATGACGAT_023,20
AGGAATCCAGCCATGACGAT_024,191
AGGAATCCAGCCATGACGAT_025,166
AGGAATCCAGCCATGACGAT_026,10
AGGAATCCAGCCATGACGAT_027,72
AGGAATCCAGCCATGACGAT_028,141
AGGAATCCAGCCATGACGAT_029,92
ATGACGGTAACTCGGAGGTA_001,4
ATGACGGTAACTCGGAGGTA_002,72
ATGACGGTAACTCGGAGGTA_003,69
ATGACGGTAACTCGGAGGTA_004,97
ATGACGGTAACTCGGAGGTA_005,35
ATGACGGTAACTCGGAGGTA_006,62
ATGACGGTAACTCGGAGGTA_007,136
GCCTCACCTGGTACTCCAGG_001,64
GCCTCACCTGGTACTCCAGG_002,43
GCCTCACCTGGTACTCCAGG_003,48
GCCTCACCTGGTACTCCAGG_004,102
GCCTCACCTGGTACTCCAGG_005,184
GTAGGGGTCGAAAGGCACCT_001,96
GTAGGGGTCGAAAGGCACCT_002,13
GTAGGGGTCGAAAGGCACCT_003,150
GTAGGGGTCGAAAGGCACCT_004,126
GTAGGGGTCGAAAGGCACCT_005,138
GTAGGGGTCGAAAGGCACCT_006,147
GTAGGGGTCGAAAGGCACCT_007,172
GTAGGGGTCGAAAGGCACCT_008,48
GTAGGGGTCGAAAGGCACCT_009,70
GTAGGGGTCGAAAGGCACCT_010,170
GTAGGGGTCGAAAGGCACCT_011,138
GTAGGGGTCGAAAGGCACCT_012,60
AATGTTGGGACCATCAGGTG_001,151
AATGTTGGGACCATCAGGTG_002,133
AATGTTGGGACCATCAGGTG_003,42
AATGTTGGGACCATCAGGTG_004,72
AATGTTGGGACCATCAGGTG_005,72
AATGTTGGGACCATCAGGTG_006,25
AATGTTGGGACCATCAGGTG_007,152
GCAGCTCGGAGGTGGCGACA_001,152
GCAGCTCGGAGGTGGCGACA_002,27
GCAGCTCGGAGGTGGCGACA_003,102
GCAGCTCGGAGGTGGCGACA_004,61
GCAGCTCGGAGGTGGCGACA_005,71
TAAACTTAATCTGTACTGTA_001,27
TAAACTTAATCTGTACTGTA_002,166
TAAACTTAATCTGTACTGTA_003,8
TAAACTTAATCTGTACTGTA_004,15
TAAACTTAATCTGTACTGTA_005,29
TAAACTTAATCTGTACTGTA_006,148
TAAACTTAATCTGTACTGTA_007,38
TAAACTTAATCTGTACTGTA_008,81
ATAAAGGACATTCTCAACTG_001,102
ATAAAGGACATTCTCAACTG_002,49
ATAAAGGACATTCTCAACTG_003,2
ATAAAGGACATTCTCAACTG_004,127
ATAAAGGACATTCTCAACTG_005,117
ATAAAGGACATTCTCAACTG_006,130
ATAAAGGACATTCTCAACTG_007,0
ACTTGGCGGCCCGTAAGCGT_001,158
ACTTGGCGGCCCGTAAGCGT_002,77
ACTTGGCGGCCCGTAAGCGT_003,9
ACTTGGCGGCCCGTAAGCGT_004,49
ACTTGGCGGCCCGTAAGCGT_005,158
ACTTGGCGGCCCGTAAGCGT_006,127
ACTTGGCGGCCCGTAAGCGT_007,145
ACTTGGCGGCCCGTAAGCGT_008,3
ACTTGGCGGCCCGTAAGCGT_009,63
GCCGCCCATATACAAAGTCC_001,102
GCCGCCCATATACAAAGTCC_002,106
GCCGCCCATATACAAAGTCC_003,88
GTTGGTGTTAACCTCCCCAG_001,1
GTTGGTGTTAACCTCCCCAG_002,179
GTTGGTGTTAACCTCCCCAG_003,63
GTTGGTGTTAACCTCCCCAG_004,56
GTTGGTGTTAACCTCCCCAG_005,165
GATACTCACGTTCGCCCTCT_001,137
GATACTCACGTTCGCCCTCT_002,113
GATACTCACGTTCGCCCTCT_003,9
GATACTCACGTTCGCCCTCT_004,160
GATACTCACGTTCGCCCTCT_005,174
GATACTCACGTTCGCCCTCT_006,177
GATACTCACGTTCGCCCTCT_007,159
GATACTCACGTTCGCCCTCT_008,63
TGACGTTCTCGTAGACCCCG_001,139
TGACGTTCTCGTAGACCCCG_002,106
TGACGTTCTCGTAGACCCCG_003,63
TGACGTTCTCGTAGACCCCG_004,178
ACTTACCGTAGAGTGTAAGC_001,29
ACTTACCGTAGAGTGTAAGC_002,126
ACTTACCGTAGAGTGTAAGC_003,180
GCAGTTGTGAAGCACAAATG_001,118
GCAGTTGTGAAGCACAAATG_002,15
GCAGTTGTGAAGCACAAATG_003,107
GCAGTTGTGAAGCACAAATG_004,84
GCAGTTGTGAAGCACAAATG_005,149
GCAGTTGTGAAGCACAAATG_006,183
GCAGTTGTGAAGCACAAATG_007,161
GCAGTTGTGAAGCACAAATG_008,16
GCAGTTGTGAAGCACAAATG_009,58
GCAGTTGTGAAGCACAAATG_010,27
GCAGTTGTGAAGCACAAATG_011,35
GCAGTTGTGAAGCACAAATG_012,144
GCAGTTGTGAAGCACAAATG_013,121
GCAGTTGTGAAGCACAAATG_014,144
GCAGTTGTGAAGCACAAATG_015,69
GAACAGGCCTCACATCTGGG_001,6
GAACAGGCCTCACATCTGGG_002,157
GAACAGGCCTCACATCTGGG_003,48
GAACAGGCCTCACATCTGGG_004,155
GAACAGGCCTCACATCTGGG_005,176
GAACAGGCCTCACATCTGGG_006,62
GAACAGGCCTCACATCTGGG_007,172
GAACAGGCCTCACATCTGGG_008,123
GAACAGGCCTCACATCTGGG_009,170
GAACAGGCCTCACATCTGGG_010,145
GAACAGGCCTCACATCTGGG_011,184
GAACAGGCCTCACATCTGGG_012,0
CATTAGCTGAAATACAGTCA_001,183
CATTAGCTGAAATACAGTCA_002,152
CATTAGCTGAAATACAGTCA_003,68
GCAACGTAAGTACTGTGGCA_001,37
GCAACGTAAGTACTGTGGCA_002,7
GCAACGTAAGTACTGTGGCA_003,9
GCAACGTAAGTACTGTGGCA_004,154
GCAACGTAAGTACTGTGGCA_005,112
GCAACGTAAGTACTGTGGCA_006,152
GCAACGTAAGTACTGTGGCA_007,197
GCAACGTAAGTACTGTGGCA_008,78
GCAACGTAAGTACTGTGGCA_009,109
GCAACGTAAGTACTGTGGCA_010,27
GCAACGTAAGTACTGTGGCA_011,27
GTGCATGCACTCAAATCGAT_001,28
GTGCATGCACTCAAATCGAT_002,178
GTGCATGCACTCAAATCGAT_003,194
GTGCATGCACTCAAATCGAT_004,139
GTGCATGCACTCAAATCGAT_005,108
GTGCATGCACTCAAATCGAT_006,100
GTGCATGCACTCAAATCGAT_007,98
GTGCATGCACTCAAATCGAT_008,129
GTGCATGCACTCAAATCGAT_009,126
GTGCATGCACTCAAATCGAT_010,2
GTGCATGCACTCAAATCGAT_011,126
GTGCATGCACTCAAATCGAT_012,174
GTGCATGCACTCAAATCGAT_013,76
GTGCATGCACTCAAATCGAT_014,157
TCCACGAGGGGGCTTCACCG_001,115
TCCACGAGGGGGCTTCACCG_002,45
TCCACGAGGGGGCTTCACCG_003,45
TCCACGAGGGGGCTTCACCG_004,102
TCCACGAGGGGGCTTCACCG_005,48
TCCACGAGGGGGCTTCACCG_006,169
TCCACGAGGGGGCTTCACCG_007,181
TCCACGAGGGGGCTTCACCG_008,199
TCCACGAGGGGGCTTCACCG_009,146
TCCACGAGGGGGCTTCACCG_010,141
TCCACGAGGGGGCTTCACCG_011,11
TCCACGAGGGGGCTTCACCG_012,60
TCCACGAGGGGGCTTCACCG_013,169
TCCACGAGGGGGCTTCACCG_014,48
TCCACGAGGGGGCTTCACCG_015,130
TCCACGAGGGGGCTTCACCG_016,137
TCCACGAGGGGGCTTCACCG_017,93
TCCACGAGGGGGCTTCACCG_018,198
CCTCTTGTCATCTTCTGTTA_001,115
CCTCTTGTCATCTTCTGTTA_002,19
AGCCGAGACAAAGATCCCAG_001,82
AGCCGAGACAAAGATCCCAG_002,41
AGCCGAGACAAAGATCCCAG_003,162
AGCCGAGACAAAGATCCCAG_004,19
AGCCGAGACAAAGATCCCAG_005,16
AGCCGAGACAAAGATCCCAG_006,148
AGCCGAGACAAAGATCCCAG_007,26
AGCCGAGACAAAGATCCCAG_008,93
AGCCGAGACAAAGATCCCAG_009,27
AGCCGAGACAAAGATCCCAG_010,106
AGCCGAGACAAAGATCCCAG_011,125
AGCCGAGACAAAGATCCCAG_012,184
AGCCGAGACAAAGATCCCAG_013,165
AGCCGAGACAAAGATCCCAG_014,155
AGCCGAGACAAAGATCCCAG_015,188
AGCCGAGACAAAGATCCCAG_016,162
AGCCGAGACAAAGATCCCAG_017,158
AGCCGAGACAAAGATCCCAG_018,182
AGCCGAGACAAAGATCCCAG_019,157
AGCCGAGACAAAGATCCCAG_020,191
AGCCGAGACAAAGATCCCAG_021,39
AGCCGAGACAAAGATCCCAG_022,31
AAAGTGGTGCAAGATCTTAG_001,26
AAAGTGGTGCAAGATCTTAG_002,73
AAAGTGGTGCAAGATCTTAG_003,69
AAAGTGGTGCAAGATCTTAG_004,86
AAAGTGGTGCAAGATCTTAG_005,120
AAAGTGGTGCAAGATCTTAG_006,129
AAAGTGGTGCAAGATCTTAG_007,77
AAAGTGGTGCAAGATCTTAG_008,78
AAAGTGGTGCAAGATCTTAG_009,133
AAAGTGGTGCAAGATCTTAG_010,43
AAAGTGGTGCAAGATCTTAG_011,175
AAAGTGGTGCAAGATCTTAG_012,124
AAAGTGGTGCAAGATCTTAG_013,150
AAAGTGGTGCAAGATCTTAG_014,53
AAAGTGGTGCAAGATCTTAG_015,1
AAAGTGGTGCAAGATCTTAG_016,197
CCGCAGACAGCACCCAGTGT_001,62
CCGCAGACAGCACCCAGTGT_002,161
CCGCAGACAGCACCCAGTGT_003,114
CCGCAGACAGCACCCAGTGT_004,109
CCGCAGACAGCACCCAGTGT_005,22
CCGCAGACAGCACCCAGTGT_006,98
CCGCAGACAGCACCCAGTGT_007,87
CCGCAGACAGCACCCAGTGT_008,142
CCGCAGACAGCACCCAGTGT_009,33
CCGCAGACAGCACCCAGTGT_010,158
CCGCAGACAGCACCCAGTGT_011,161
CAGGAGCAGCGGCCCAACGG_001,127
CAGGAGCAGCGGCCCAACGG_002,34
CAGGAGCAGCGGCCCAACGG_003,51
CAGGAGCAGCGGCCCAACGG_004,188
CAGGAGCAGCGGCCCAACGG_005,63
CAGGAGCAGCGGCCCAACGG_006,77
CAGGAGCAGCGGCCCAACGG_007,165
CAGGAGCAGCGGCCCAACGG_008,147
CAGGAGCAGCGGCCCAACGG_009,115
CAGGAGCAGCGGCCCAACGG_010,1
CAGGAGCAGCGGCCCAACGG_011,77
CAGGAGCAGCGGCCCAACGG_012,10
CAGGAGCAGCGGCCCAACGG_013,130
CAGGAGCAGCGGCCCAACGG_014,68
GTGGCCATAAGACGCCCCGG_001,102
GTGGCCATAAGACGCCCCGG_002,58
GTGGCCATAAGACGCCCCGG_003,60
GTGGCCATAAGACGCCCCGG_004,53
GTGGCCATAAGACGCCCCGG_005,56
GTGGCCATAAGACGCCCCGG_006,81
GTGGCCATAAGACGCCCCGG_007,81
GTGGCCATAAGACGCCCCGG_008,137
GTGGCCATAAGACGCCCCGG_009,88
GTGGCCATAAGACGCCCCGG_010,17
GTGGCCATAAGACGCCCCGG_011,116
GTGGCCATAAGACGCCCCGG_012,106
GTGGCCATAAGACGCCCCGG_013,128
GTGGCCATAAGACGCCCCGG_014,125
GTGGCCATAAGACGCCCCGG_015,125
GTGGCCATAAGACGCCCCGG_016,48
GTGGCCATAAGACGCCCCGG_017,150
GTGGCCATAAGACGCCCCGG_018,141
GTGGCCATAAGACGCCCCGG_019,133
AGAAGAGGTGACATGCTCAG_001,4
AGAAGAGGTGACATGCTCAG_002,140
AGAAGAGGTGACATGCTCAG_003,60
AGAAGAGGTGACATGCTCAG_004,127
AGAAGAGGTGACATGCTCAG_005,106
AGAAGAGGTGACATGCTCAG_006,199
AGAAGAGGTGACATGCTCAG_007,73
AGAAGAGGTGACATGCTCAG_008,38
AGAAGAGGTGACATGCTCAG_009,16
AGAAGAGGTGACATGCTCAG_010,55
AGAAGAGGTGACATGCTCAG_011,143
AGAAGAGGTGACATGCTCAG_012,143
AGAAGAGGTGACATGCTCAG_013,158
AGAAGAGGTGACATGCTCAG_014,92
AGAAGAGGTGACATGCTCAG_015,40
AGAAGAGGTGACATGCTCAG_016,184
AGAAGAGGTGACATGCTCAG_017,106
AGAAGAGGTGACATGCTCAG_018,98
AGAAGAGGTGACATGCTCAG_019,198
AGAAGAGGTGACATGCTCAG_020,48
AGAAGAGGTGACATGCTCAG_021,155
CAAGTCCCGAGGCTACGTGA_001,80
CAAGTCCCGAGGCTACGTGA_002,47
CTGACAATGGAACTGACTGG_001,116
CTGGAGGCGATGTACAACCA_001,65
CTGGAGGCGATGTACAACCA_002,78
CTGGAGGCGATGTACAACCA_003,8
CTGGAGGCGATGTACAACCA_004,125
CTGGAGGCGATGTACAACCA_005,22
CTGGAGGCGATGTACAACCA_006,177
CTGGAGGCGATGTACAACCA_007,29
CTGGAGGCGATGTACAACCA_008,35
CTGGAGGCGATGTACAACCA_009,162
GCCGTCGTCGATCGTCAGGA_001,192
GCCGTCGTCGATCGTCAGGA_002,39
GCCGTCGTCGATCGTCAGGA_003,149
GCCGTCGTCGATCGTCAGGA_004,169
GCCGTCGTCGATCGTCAGGA_005,172
GCCGTCGTCGATCGTCAGGA_006,1
GCCGTCGTCGATCGTCAGGA_007,82
GCCGTCGTCGATCGTCAGGA_008,190
GCCGTCGTCGATCGTCAGGA_009,184
GCCGTCGTCGATCGTCAGGA_010,182
GCCGTCGTCGATCGTCAGGA_011,188
GTTCCGCCTCATCGTGATCG_001,185
GTTCCGCCTCATCGTGATCG_002,147
GTTCCGCCTCATCGTGATCG_003,16
GTTCCGCCTCATCGTGATCG_004,74
GTTCCGCCTCATCGTGATCG_005,172
GTTCCGCCTCATCGTGATCG_006,153
CACATGCTGTCCAAAACTTG_001,48
CACATGCTGTCCAAAACTTG_002,36
CACATGCTGTCCAAAACTTG_003,82
CACATGCTGTCCAAAACTTG_004,36
CACATGCTGTCCAAAACTTG_005,187
CACATGCTGTCCAAAACTTG_006,192
CACATGCTGTCCAAAACTTG_007,113
TGGTATAAAAGCTGATTGGT_001,189
TGGTATAAAAGCTGATTGGT_002,12
TGGTATAAAAGCTGATTGGT_003,170
TGGTATAAAAGCTGATTGGT_004,53
TGGTATAAAAGCTGATTGGT_005,175
TGGTATAAAAGCTGATTGGT_006,76
TGGTATAAAAGCTGATTGGT_007,116
TGGTATAAAAGCTGATTGGT_008,89
TGGTATAAAAGCTGATTGGT_009,188
TGGTATAAAAGCTGATTGGT_010,13
TGGTATAAAAGCTGATTGGT_011,9
CTCTGCGCCCGCTACCAGCG_001,169
CTCTGCGCCCGCTACCAGCG_002,170
CTCTGCGCCCGCTACCAGCG_003,66
CTCTGCGCCCGCTACCAGCG_004,49
CTCTGCGCCCGCTACCAGCG_005,116
CTCTGCGCCCGCTACCAGCG_006,39
CTCTGCGCCCGCTACCAGCG_007,40
CTCTGCGCCCGCTACCAGCG_008,184
CTCTGCGCCCGCTACCAGCG_009,94
AACGTTACCAGCAATTTCTC_001,47
AACGTTACCAGCAATTTCTC_002,130
AACGTTACCAGCAATTTCTC_003,105
AACGTTACCAGCAATTTCTC_004,98
AACGTTACCAGCAATTTCTC_005,174
AACGTTACCAGCAATTTCTC_006,113
AACGTTACCAGCAATTTCTC_007,91
AACGTTACCAGCAATTTCTC_008,48
AACGTTACCAGCAATTTCTC_009,175
AACGTTACCAGCAATTTCTC_010,29
AACGTTACCAGCAATTTCTC_011,0
AACGTTACCAGCAATTTCTC_012,177
GAGTACCCACTCTGTAACCG_001,155
GAGTACCCACTCTGTAACCG_002,29
GAGTACCCACTCTGTAACCG_003,129
GAGTACCCACTCTGTAACCG_004,123
GAGTACCCACTCTGTAACCG_005,150
GAGTACCCACTCTGTAACCG_006,138
GAGTACCCACTCTGTAACCG_007,115
GAGTACCCACTCTGTAACCG_008,49
GAGTACCCACTCTGTAACCG_009,133
GAGTACCCACTCTGTAACCG_010,16
GAGTACCCACTCTGTAACCG_011,88
GAGTACCCACTCTGTAACCG_012,35
GAGTACCCACTCTGTAACCG_013,98
GAGTACCCACTCTGTAACCG_014,6
GAGTACCCACTCTGTAACCG_015,52
TGCGGCGGTAGTATGGGAAG_001,18
TGCGGCGGTAGTATGGGAAG_002,121
TGCGGCGGTAGTATGGGAAG_003,191
TGCGGCGGTAGTATGGGAAG_004,174
TGCGGCGGTAGTATGGGAAG_005,174
TGCGGCGGTAGTATGGGAAG_006,104
TGCGGCGGTAGTATGGGAAG_007,174
TGCGGCGGTAGTATGGGAAG_008,131
GGATGTTTCTGTGCGCACAT_001,43
GGATGTTTCTGTGCGCACAT_002,157
GGATGTTTCTGTGCGCACAT_003,4
GGATGTTTCTGTGCGCACAT_004,121
GGATGTTTCTGTGCGCACAT_005,48
GGATGTTTCTGTGCGCACAT_006,34
GGATGTTTCTGTGCGCACAT_007,66
GGATGTTTCTGTGCGCACAT_008,86
GGATGTTTCTGTGCGCACAT_009,41
GGATGTTTCTGTGCGCACAT_010,94
GGATGTTTCTGTGCGCACAT_011,137
GGATGTTTCTGTGCGCACAT_012,56
GGATGTTTCTGTGCGCACAT_013,1
GGATGTTTCTGTGCGCACAT_014,60
GGATGTTTCTGTGCGCACAT_015,102
GGATGTTTCTGTGCGCACAT_016,62
GGATGTTTCTGTGCGCACAT_017,54
GGATGTTTCTGTGCGCACAT_018,2
GGATGTTTCTGTGCGCACAT_019,2
GGATGTTTCTGTGCGCACAT_020,17
GGATGTTTCTGTGCGCACAT_021,26
GGATGTTTCTGTGCGCACAT_022,78
GGATGTTTCTGTGCGCACAT_023,83
GGATGTTTCTGTGCGCACAT_024,16
GGATGTTTCTGTGCGCACAT_025,153
GGATGTTTCTGTGCGCACAT_026,147
GGATGTTTCTGTGCGCACAT_027,174
GGATGTTTCTGTGCGCACAT_028,167
TGTATACTTCCCAAATCAGA_001,110
TGTATACTTCCCAAATCAGA_002,29
TGTATACTTCCCAAATCAGA_003,184
TGTATACTTCCCAAATCAGA_004,10
TGTATACTTCCCAAATCAGA_005,149
TGTATACTTCCCAAATCAGA_006,7
TGTATACTTCCCAAATCAGA_007,49
TGTATACTTCCCAAATCAGA_008,2
TGTATACTTCCCAAATCAGA_009,48
TGTATACTTCCCAAATCAGA_010,123
TGTATACTTCCCAAATCAGA_011,48
TGTATACTTCCCAAATCAGA_012,105
GTGGCCAGCCAGTCAGCCGA_001,17
GTGGCCAGCCAGTCAGCCGA_002,50
GTGGCCAGCCAGTCAGCCGA_003,29
GTGGCCAGCCAGTCAGCCGA_004,81
GTGGCCAGCCAGTCAGCCGA_005,76
GTGGCCAGCCAGTCAGCCGA_006,169
GTGGCCAGCCAGTCAGCCGA_007,169
GTGGCCAGCCAGTCAGCCGA_008,188
GTGGCCAGCCAGTCAGCCGA_009,100
GTGGCCAGCCAGTCAGCCGA_010,1
GTGGCCAGCCAGTCAGCCGA_011,41
GTGGCCAGCCAGTCAGCCGA_012,55
GTGGCCAGCCAGTCAGCCGA_013,197
GTGGCCAGCCAGTCAGCCGA_014,3
GTGGCCAGCCAGTCAGCCGA_015,169
GTGGCCAGCCAGTCAGCCGA_016,44
GTGGCCAGCCAGTCAGCCGA_017,80
GTGGCCAGCCAGTCAGCCGA_018,80
GTGGCCAGCCAGTCAGCCGA_019,80
CATTTCAAATGTAAAAACGA_001,37
CATTTCAAATGTAAAAACGA_002,1
CATTTCAAATGTAAAAACGA_003,137
CATTTCAAATGTAAAAACGA_004,105
CATTTCAAATGTAAAAACGA_005,105
CATGACTCATACCCTCTGAG_001,81
CATGACTCATACCCTCTGAG_002,170
CATGACTCATACCCTCTGAG_003,110
CATGACTCATACCCTCTGAG_004,16
CATGACTCATACCCTCTGAG_005,161
CATGACTCATACCCTCTGAG_006,160
GCTGCTTGCTGTACGCGTAG_001,197
GCTGCTTGCTGTACGCGTAG_002,2
GCTGCTTGCTGTACGCGTAG_003,49
TCTGATGAACTCAGTTGACG_001,9
TCTGATGAACTCAGTTGACG_002,188
TCTGATGAACTCAGTTGACG_003,94
TCTGATGAACTCAGTTGACG_004,7
TCTGATGAACTCAGTTGACG_005,125
TCTGATGAACTCAGTTGACG_006,161
TACGCCGCCTGTTATCCGCG_001,92
TACGCCGCCTGTTATCCGCG_002,57
TACGCCGCCTGTTATCCGCG_003,105
TACGCCGCCTGTTATCCGCG_004,170
TACGCCGCCTGTTATCCGCG_005,114
TACGCCGCCTGTTATCCGCG_006,61
TACGCCGCCTGTTATCCGCG_007,34
TACGCCGCCTGTTATCCGCG_008,119
TACGCCGCCTGTTATCCGCG_009,191
TACGCCGCCTGTTATCCGCG_010,20
TACGCCGCCTGTTATCCGCG_011,79
TACGCCGCCTGTTATCCGCG_012,95
TGCTTCGCAGTGCCCTACCG_001,77
TGCTTCGCAGTGCCCTACCG_002,72
TGCTTCGCAGTGCCCTACCG_003,18
TGCTTCGCAGTGCCCTACCG_004,23
AAAAGATAAACAAATTTGCA_001,15
AAAAGATAAACAAATTTGCA_002,175
AAAAGATAAACAAATTTGCA_003,45
AAAAGATAAACAAATTTGCA_004,38
AAAAGATAAACAAATTTGCA_005,134
AAAAGATAAACAAATTTGCA_006,84
TCACGGTCCGCATCGGCTTG_001,165
TCACGGTCCGCATCGGCTTG_002,128
TCACGGTCCGCATCGGCTTG_003,138
TCACGGTCCGCATCGGCTTG_004,114
TCACGGTCCGCATCGGCTTG_005,34
TCACGGTCCGCATCGGCTTG_006,112
TCACGGTCCGCATCGGCTTG_007,196
TCACGGTCCGCATCGGCTTG_008,70
TCACGGTCCGCATCGGCTTG_009,49
TCACGGTCCGCATCGGCTTG_010,12
TCACGGTCCGCATCGGCTTG_011,140
TCACGGTCCGCATCGGCTTG_012,172
TCACGGTCCGCATCGGCTTG_013,93
TCACGGTCCGCATCGGCTTG_014,180
TCACGGTCCGCATCGGCTTG_015,141
TCACGGTCCGCATCGGCTTG_016,158
TCACGGTCCGCATCGGCTTG_017,158
TCACGGTCCGCATCGGCTTG_018,184
TCACGGTCCGCATCGGCTTG_019,144
TCACGGTCCGCATCGGCTTG_020,114
TCACGGTCCGCATCGGCTTG_021,34
TCACGGTCCGCATCGGCTTG_022,49
TCACGGTCCGCATCGGCTTG_023,40
TCACGGTCCGCATCGGCTTG_024,168
TCACGGTCCGCATCGGCTTG_025,0
CCCTATCAAGCCGTGCAAGT_001,18
CCCTATCAAGCCGTGCAAGT_002,2
CCCTATCAAGCCGTGCAAGT_003,41
CCCTATCAAGCCGTGCAAGT_004,124
TTCTGGAGAGCTCATTAGTG_001,187
TTCTGGAGAGCTCATTAGTG_002,78
TTCTGGAGAGCTCATTAGTG_003,49
TTCTGGAGAGCTCATTAGTG_004,38
TTCTGGAGAGCTCATTAGTG_005,168
TTCTGGAGAGCTCATTAGTG_006,10
TTCTGGAGAGCTCATTAGTG_007,81
TTCTGGAGAGCTCATTAGTG_008,92
GTAGATGTTCCGTGCAAACA_001,165
GTAGATGTTCCGTGCAAACA_002,150
GTAGATGTTCCGTGCAAACA_003,141
GTAGATGTTCCGTGCAAACA_004,108
GTAGATGTTCCGTGCAAACA_005,139
GTAGATGTTCCGTGCAAACA_006,62
AGAGGGATATCGAGTAGCAA_001,123
AGAGGGATATCGAGTAGCAA_002,199
AGAGGGATATCGAGTAGCAA_003,2
AGAGGGATATCGAGTAGCAA_004,186
AGAGGGATATCGAGTAGCAA_005,115
AGAGGGATATCGAGTAGCAA_006,15
AGAGGGATATCGAGTAGCAA_007,98
AGAGGGATATCGAGTAGCAA_008,147
AGAGGGATATCGAGTAGCAA_009,40
AGAGGGATATCGAGTAGCAA_010,31
AGAGGGATATCGAGTAGCAA_011,155
AGAGGGATATCGAGTAGCAA_012,175
AGAGGGATATCGAGTAGCAA_013,94
AGAGGGATATCGAGTAGCAA_014,138
AGAGGGATATCGAGTAGCAA_015,102
AGAGGGATATCGAGTAGCAA_016,46
AGTGAATGAAGAACGAACGC_001,48
AGTGAATGAAGAACGAACGC_002,148
AGTGAATGAAGAACGAACGC_003,186
AGTGAATGAAGAACGAACGC_004,158
GGTCAGCGGCTTGAGACCGT_001,36
GGTCAGCGGCTTGAGACCGT_002,103
GGTCAGCGGCTTGAGACCGT_003,102
GGTCAGCGGCTTGAGACCGT_004,126
GGTCAGCGGCTTGAGACCGT_005,34
GGTCAGCGGCTTGAGACCGT_006,114
GGTCAGCGGCTTGAGACCGT_007,147
GGTCAGCGGCTTGAGACCGT_008,147
GGTCAGCGGCTTGAGACCGT_009,68
GGTCAGCGGCTTGAGACCGT_010,59
AAATGATACTGGATAGTCAG_001,15
AAATGATACTGGATAGTCAG_002,61
AAATGATACTGGATAGTCAG_003,177
AAATGATACTGGATAGTCAG_004,56
AAATGATACTGGATAGTCAG_005,40
AAATGATACTGGATAGTCAG_006,15
CGGCAGCACGTGCCGCACGG_001,160
CGGCAGCACGTGCCGCACGG_002,67
CGGCAGCACGTGCCGCACGG_003,137
CGGCAGCACGTGCCGCACGG_004,147
GGCTTTGAGCGCATCCCGCG_001,18
GGCTTTGAGCGCATCCCGCG_002,24
GGCTTTGAGCGCATCCCGCG_003,150
AAGCGGGAGCACATTAACCT_001,189
AAGCGGGAGCACATTAACCT_002,142
AAGCGGGAGCACATTAACCT_003,142
AAGCGGGAGCACATTAACCT_004,182
AAGCGGGAGCACATTAACCT_005,58
AAGCGGGAGCACATTAACCT_006,174
AAGCGGGAGCACATTAACCT_007,48
AAGCGGGAGCACATTAACCT_008,147
AAGCGGGAGCACATTAACCT_009,45
AAGCGGGAGCACATTAACCT_010,147
AGACAGCACTTAGTGCCATG_001,23
AGACAGCACTTAGTGCCATG_002,149
AGACAGCACTTAGTGCCATG_003,149
AGACAGCACTTAGTGCCATG_004,170
AGACAGCACTTAGTGCCATG_005,98
AGACAGCACTTAGTGCCATG_006,53
AGACAGCACTTAGTGCCATG_007,46
AGACAGCACTTAGTGCCATG_008,103
AGACAGCACTTAGTGCCATG_009,60
AGACAGCACTTAGTGCCATG_010,178
AGACAGCACTTAGTGCCATG_011,79
AGACAGCACTTAGTGCCATG_012,161
AGACAGCACTTAGTGCCATG_013,69
AGACAGCACTTAGTGCCATG_014,48
CACTCTCCAGTGTTCATCTG_001,132
CACTCTCCAGTGTTCATCTG_002,32
CACTCTCCAGTGTTCATCTG_003,186
CACTCTCCAGTGTTCATCTG_004,100
CCCTTATAATCAGTGTGCAG_001,169
CCCTTATAATCAGTGTGCAG_002,28
GAAGCATTGAAACTTCAACC_001,147
GAAGCATTGAAACTTCAACC_002,140
GAAGCATTGAAACTTCAACC_003,61
GAAGCATTGAAACTTCAACC_004,141
GAAGCATTGAAACTTCAACC_005,109
GTTGAGAAGGACCGCCACAA_001,94
GTTGAGAAGGACCGCCACAA_002,28
GTTGAGAAGGACCGCCACAA_003,19
GTTGAGAAGGACCGCCACAA_004,51
GTTGAGAAGGACCGCCACAA_005,175
GTTGAGAAGGACCGCCACAA_006,158
GTTGAGAAGGACCGCCACAA_007,145
GTTGAGAAGGACCGCCACAA_008,127
GTTGAGAAGGACCGCCACAA_009,80
GTTGAGAAGGACCGCCACAA_010,169
GTTGAGAAGGACCGCCACAA_011,105
GTTGAGAAGGACCGCCACAA_012,119
GTTGAGAAGGACCGCCACAA_013,81
GTTGAGAAGGACCGCCACAA_014,68
GTTGAGAAGGACCGCCACAA_015,17
GTTGAGAAGGACCGCCACAA_016,70
GTTGAGAAGGACCGCCACAA_017,115
ACAGACATTCCGAATGTCGA_001,144
ACAGACATTCCGAATGTCGA_002,94
ACAGACATTCCGAATGTCGA_003,162
ACAGACATTCCGAATGTCGA_004,96
ACAGACATTCCGAATGTCGA_005,197
ACAGACATTCCGAATGTCGA_006,137
AAAACATCGACCGAAAGCGT_001,145
AAAACATCGACCGAAAGCGT_002,17
AAAACATCGACCGAAAGCGT_003,119
AAAACATCGACCGAAAGCGT_004,112
AAAACATCGACCGAAAGCGT_005,4
AAAACATCGACCGAAAGCGT_006,98
AAAACATCGACCGAAAGCGT_007,121
AAAACATCGACCGAAAGCGT_008,69
AAAACATCGACCGAAAGCGT_009,74
AAAACATCGACCGAAAGCGT_010,58
AAAACATCGACCGAAAGCGT_011,25
AAAACATCGACCGAAAGCGT_012,89
AAAACATCGACCGAAAGCGT_013,89
AAAACATCGACCGAAAGCGT_014,36
AAAACATCGACCGAAAGCGT_015,63
ACTCCACTGACAACCACAAG_001,177
ACTCCACTGACAACCACAAG_002,13
ACTCCACTGACAACCACAAG_003,83
CATGACCTATGCTAACAGTG_001,140
CATGACCTATGCTAACAGTG_002,1
CATGACCTATGCTAACAGTG_003,116
CATGACCTATGCTAACAGTG_004,58
CATGACCTATGCTAACAGTG_005,67
CATGACCTATGCTAACAGTG_006,188
CATGACCTATGCTAACAGTG_007,5
CATGACCTATGCTAACAGTG_008,60
CATGACCTATGCTAACAGTG_009,118
CATGACCTATGCTAACAGTG_010,158
CATGACCTATGCTAACAGTG_011,40
GATAGTGAATCCACGCTCAG_001,146
GATAGTGAATCCACGCTCAG_002,43
GATAGTGAATCCACGCTCAG_003,47
GATAGTGAATCCACGCTCAG_004,17
GATAGTGAATCCACGCTCAG_005,41
GATAGTGAATCCACGCTCAG_006,43
GATAGTGAATCCACGCTCAG_007,88
GCGTGATGGTGTCACGCGTG_001,75
GCGTGATGGTGTCACGCGTG_002,65
GCGTGATGGTGTCACGCGTG_003,182
GCGTGATGGTGTCACGCGTG_004,86
GACCTGAGCGAGGAGCCGGT_001,40
GACCTGAGCGAGGAGCCGGT_002,184
GACCTGAGCGAGGAGCCGGT_003,112
GACCTGAGCGAGGAGCCGGT_004,197
GACCAGTGTGATTCGCCATG_001,70
GACCAGTGTGATTCGCCATG_002,75
GACCAGTGTGATTCGCCATG_003,187
GACCAGTGTGATTCGCCATG_004,151
GCTTATTGCCCTAAATACTG_001,67
GCTTATTGCCCTAAATACTG_002,117
GCTTATTGCCCTAAATACTG_003,23
GCTTATTGCCCTAAATACTG_004,15
GCTTATTGCCCTAAATACTG_005,148
GCTTATTGCCCTAAATACTG_006,22
GCTTATTGCCCTAAATACTG_007,118
GCTTATTGCCCTAAATACTG_008,80
GCTTATTGCCCTAAATACTG_009,108
GCTTATTGCCCTAAATACTG_010,68
GCTTATTGCCCTAAATACTG_011,0
GCTTATTGCCCTAAATACTG_012,20
TGCATGGCGTATTATGAGAG_001,17
TGCATGGCGTATTATGAGAG_002,192
TGCATTATCTACAGACAGGT_001,17
TGCATTATCTACAGACAGGT_002,23
TGCATTATCTACAGACAGGT_003,88
TGCATTATCTACAGACAGGT_004,94
TGCATTATCTACAGACAGGT_005,72
TGCATTATCTACAGACAGGT_006,60
AGGAGCCCGAGCTTCACTGA_001,17
AGGAGCCCGAGCTTCACTGA_002,190
AGGAGCCCGAGCTTCACTGA_003,149
AGGAGCCCGAGCTTCACTGA_004,198
AGGAGCCCGAGCTTCACTGA_005,185
AGGAGCCCGAGCTTCACTGA_006,176
AGGAGCCCGAGCTTCACTGA_007,18
AGGAGCCCGAGCTTCACTGA_008,152
AGGAGCCCGAGCTTCACTGA_009,78
AGGAGCCCGAGCTTCACTGA_010,92
AGGAGCCCGAGCTTCACTGA_011,107
AGGAGCCCGAGCTTCACTGA_012,81
AGGAGCCCGAGCTTCACTGA_013,9
AGGAGCCCGAGCTTCACTGA_014,174
AGGAGCCCGAGCTTCACTGA_015,113
TTGAAATGCCTAGGGATCGG_001,60
TTGAAATGCCTAGGGATCGG_002,101
TTGAAATGCCTAGGGATCGG_003,34
TTGAAATGCCTAGGGATCGG_004,150
TTGAAATGCCTAGGGATCGG_005,183
CCGAACCTTCGACAAGAATG_001,121
CCGAACCTTCGACAAGAATG_002,49
CCGAACCTTCGACAAGAATG_003,75
CCGAACCTTCGACAAGAATG_004,176
CCGAACCTTCGACAAGAATG_005,60
CCGAACCTTCGACAAGAATG_006,58
CCGAACCTTCGACAAGAATG_007,20
GCGTAAGTCTTCAACGCCAG_001,156
GCGTAAGTCTTCAACGCCAG_002,37
GCGTAAGTCTTCAACGCCAG_003,43
GCGTAAGTCTTCAACGCCAG_004,36
GCGTAAGTCTTCAACGCCAG_005,80
GCGTAAGTCTTCAACGCCAG_006,160
GCGTAAGTCTTCAACGCCAG_007,88
GCGTAAGTCTTCAACGCCAG_008,76
GCGTAAGTCTTCAACGCCAG_009,187
GCGTAAGTCTTCAACGCCAG_010,168
GCGTAAGTCTTCAACGCCAG_011,106
GCGTAAGTCTTCAACGCCAG_012,150
GCGTAAGTCTTCAACGCCAG_013,138
GCGTAAGTCTTCAACGCCAG_014,123
CTGCATTGCAGAACACGATG_001,188
CTGCATTGCAGAACACGATG_002,35
CTGCATTGCAGAACACGATG_003,184
CTGCATTGCAGAACACGATG_004,90
CTGCATTGCAGAACACGATG_005,19
CTGCATTGCAGAACACGATG_006,26
CTGCATTGCAGAACACGATG_007,8
CTGCATTGCAGAACACGATG_008,61
TGAATGGTACTGACAAGTGT_001,191
TGAATGGTACTGACAAGTGT_002,152
TGAATGGTACTGACAAGTGT_003,50
TGAATGGTACTGACAAGTGT_004,188
TTCACTCGCTGGTACAAACC_001,184
AGAAGTGGAACCGACGCCCG_001,12
AGAAGTGGAACCGACGCCCG_002,69
AGAAGTGGAACCGACGCCCG_003,44
AGAAGTGGAACCGACGCCCG_004,88
AGAAGTGGAACCGACGCCCG_005,18
AGAAGTGGAACCGACGCCCG_006,34
AGAAGTGGAACCGACGCCCG_007,185
AGAAGTGGAACCGACGCCCG_008,4
AGAAGTGGAACCGACGCCCG_009,7
AGAAGTGGAACCGACGCCCG_010,4
AGAAGTGGAACCGACGCCCG_011,93
AGAAGTGGAACCGACGCCCG_012,89
AGAAGTGGAACCGACGCCCG_013,120
AGAAGTGGAACCGACGCCCG_014,61
AGAAGTGGAACCGACGCCCG_015,33
AGAAGTGGAACCGACGCCCG_016,89
AGAAGTGGAACCGACGCCCG_017,175
AGAAGTGGAACCGACGCCCG_018,62
AGAAGTGGAACCGACGCCCG_019,168
AGAAGTGGAACCGACGCCCG_020,55
AGAAGTGGAACCGACGCCCG_021,174
ACTGCATAGAGACTCACGGT_001,81
ACTGCATAGAGACTCACGGT_002,169
ACTGCATAGAGACTCACGGT_003,9
ACTGCATAGAGACTCACGGT_004,47
ACTGCATAGAGACTCACGGT_005,144
ACTGCATAGAGACTCACGGT_006,98
ACTGCATAGAGACTCACGGT_007,105
ACTGCATAGAGACTCACGGT_008,134
ACTGCATAGAGACTCACGGT_009,29
ACTGCATAGAGACTCACGGT_010,192
GCCGAGCGGCTTACCTAACA_001,118
GCCGAGCGGCTTACCTAACA_002,58
GCCGAGCGGCTTACCTAACA_003,176
GCCGAGCGGCTTACCTAACA_004,84
GCCGAGCGGCTTACCTAACA_005,15
GCCGAGCGGCTTACCTAACA_006,48
GCCGAGCGGCTTACCTAACA_007,183
GCCGAGCGGCTTACCTAACA_008,58
GCCGAGCGGCTTACCTAACA_009,114
GCCGAGCGGCTTACCTAACA_010,135
GCCGAGCGGCTTACCTAACA_011,8
GCCGAGCGGCTTACCTAACA_012,126
GCCGAGCGGCTTACCTAACA_013,43
GCCGAGCGGCTTACCTAACA_014,6
GCCGAGCGGCTTACCTAACA_015,41
GCCGAGCGGCTTACCTAACA_016,103
ACCGCTAGGTATCCGCACTG_001,166
ACCGCTAGGTATCCGCACTG_002,125
ACCGCTAGGTATCCGCACTG_003,1
ACCGCTAGGTATCCGCACTG_004,64
ACCGCTAGGTATCCGCACTG_005,1
ACCGCTAGGTATCCGCACTG_006,32
ACCGCTAGGTATCCGCACTG_007,181
ACCGCTAGGTATCCGCACTG_008,68
ACCGCTAGGTATCCGCACTG_009,151
ACCGCTAGGTATCCGCACTG_010,8
ACCGCTAGGTATCCGCACTG_011,174
ACCGCTAGGTATCCGCACTG_012,84
ACCGCTAGGTATCCGCACTG_013,92
TCAAATGCAGAGCAAATTGG_001,117
TCAAATGCAGAGCAAATTGG_002,49
TCAAATGCAGAGCAAATTGG_003,11
TCAAATGCAGAGCAAATTGG_004,168
AACACGCTCATCACAATGAG_001,12
AACACGCTCATCACAATGAG_002,139
AACACGCTCATCACAATGAG_003,192
AACACGCTCATCACAATGAG_004,1
AACACGCTCATCACAATGAG_005,160
AACACGCTCATCACAATGAG_006,0
AACACGCTCATCACAATGAG_007,189
ACCGAGACAGTCGGGACCGT_001,96
ACCGAGACAGTCGGGACCGT_002,43
ACCGAGACAGTCGGGACCGT_003,11
ACCGAGACAGTCGGGACCGT_004,58
ACCGAGACAGTCGGGACCGT_005,37
ACCGAGACAGTCGGGACCGT_006,15
ACCGAGACAGTCGGGACCGT_007,184
ACCGAGACAGTCGGGACCGT_008,169
ACCGAGACAGTCGGGACCGT_009,179
ACCGAGACAGTCGGGACCGT_010,88
ACCGAGACAGTCGGGACCGT_011,15
ACCGAGACAGTCGGGACCGT_012,88
ACCGAGACAGTCGGGACCGT_013,138
ACCGAGACAGTCGGGACCGT_014,83
ACCGAGACAGTCGGGACCGT_015,26
ACCGAGACAGTCGGGACCGT_016,28
ACCGAGACAGTCGGGACCGT_017,118
ACCGAGACAGTCGGGACCGT_018,36
ACCGAGACAGTCGGGACCGT_019,84
ACCGAGACAGTCGGGACCGT_020,176
CAGAAAGAGTAACCAAAACG_001,116
CAGAAAGAGTAACCAAAACG_002,45
CAGAAAGAGTAACCAAAACG_003,62
CAGAAAGAGTAACCAAAACG_004,170
CCGCAACTTCAAGATCGTCA_001,20
CCGCAACTTCAAGATCGTCA_002,4
CCGCAACTTCAAGATCGTCA_003,108
CCGCAACTTCAAGATCGTCA_004,123
CCGCAACTTCAAGATCGTCA_005,121
CCGCAACTTCAAGATCGTCA_006,137
CCGCAACTTCAAGATCGTCA_007,88
CCGCAACTTCAAGATCGTCA_008,70
CTATCAAAACGTGATCTCCG_001,194
CTATCAAAACGTGATCTCCG_002,135
CTATCAAAACGTGATCTCCG_003,149
CTATCAAAACGTGATCTCCG_004,108
CTATCAAAACGTGATCTCCG_005,102
ATTCCTCCTTACCTCCTGTG_001,193
ATTCCTCCTTACCTCCTGTG_002,62
ATTCCTCCTTACCTCCTGTG_003,41
ATTCCTCCTTACCTCCTGTG_004,70
ATTCCTCCTTACCTCCTGTG_005,29
ATTCCTCCTTACCTCCTGTG_006,116
ATTCCTCCTTACCTCCTGTG_007,149
ATTCCTCCTTACCTCCTGTG_008,172
ATTCCTCCTTACCTCCTGTG_009,169
ATTCCTCCTTACCTCCTGTG_010,177
ATTCCTCCTTACCTCCTGTG_011,88
ATTCCTCCTTACCTCCTGTG_012,12
ATTCCTCCTTACCTCCTGTG_013,170
ATTCCTCCTTACCTCCTGTG_014,184
ATTCCTCCTTACCTCCTGTG_015,2
ATTCCTCCTTACCTCCTGTG_016,1
ATTCCTCCTTACCTCCTGTG_017,166
ATTCCTCCTTACCTCCTGTG_018,172
ATTCCTCCTTACCTCCTGTG_019,127
ATTCCTCCTTACCTCCTGTG_020,10
GTTGTACCATAAATCATTGG_001,29
GTTGTACCATAAATCATTGG_002,150
GTTGTACCATAAATCATTGG_003,55
GTTGTACCATAAATCATTGG_004,161
GTTGTACCATAAATCATTGG_005,141
GTTGTACCATAAATCATTGG_006,1
GGGGATCGTGATCAAGACAG_001,149
GGGGATCGTGATCAAGACAG_002,139
GGGGATCGTGATCAAGACAG_003,117
GGGGATCGTGATCAAGACAG_004,105
GGGGATCGTGATCAAGACAG_005,192
GGGGATCGTGATCAAGACAG_006,110
GGGGATCGTGATCAAGACAG_007,1
GGGGATCGTGATCAAGACAG_008,29
GGGGATCGTGATCAAGACAG_009,101
GGGGATCGTGATCAAGACAG_010,179
GGGGATCGTGATCAAGACAG_011,190
GGGGATCGTGATCAAGACAG_012,45
CTGAGAACATATAAAAAATG_001,172
ATCTTCCCCAGACTACAACA_001,170
ATCTTCCCCAGACTACAACA_002,98
ATCTTCCCCAGACTACAACA_003,187
ATCTTCCCCAGACTACAACA_004,8
ATCTTCCCCAGACTACAACA_005,21
ATCTTCCCCAGACTACAACA_006,50
ATCTTCCCCAGACTACAACA_007,66
GCTGGCTCTGGCACTCGTCG_001,50
GCTGGCTCTGGCACTCGTCG_002,111
GCTGGCTCTGGCACTCGTCG_003,119
GCTGGCTCTGGCACTCGTCG_004,184
GCTGGCTCTGGCACTCGTCG_005,76
GCTGGCTCTGGCACTCGTCG_006,105
GCTGGCTCTGGCACTCGTCG_007,147
GCTGGCTCTGGCACTCGTCG_008,41
AGAGGTATTTGATTACCTAG_001,26
GAACTCAACCAGAGGGCCAA_001,199
GAACTCAACCAGAGGGCCAA_002,115
GAACTCAACCAGAGGGCCAA_003,81
GAACTCAACCAGAGGGCCAA_004,81
GAACTCAACCAGAGGGCCAA_005,107
GAACTCAACCAGAGGGCCAA_006,48
GAACTCAACCAGAGGGCCAA_007,17
GAACTCAACCAGAGGGCCAA_008,52
GAACTCAACCAGAGGGCCAA_009,81
GAACTCAACCAGAGGGCCAA_010,170
GAACTCAACCAGAGGGCCAA_011,147
GAACTCAACCAGAGGGCCAA_012,72
GAACTCAACCAGAGGGCCAA_013,1
GAACTCAACCAGAGGGCCAA_014,34
GAACTCAACCAGAGGGCCAA_015,94
GAACTCAACCAGAGGGCCAA_016,85
GAACTCAACCAGAGGGCCAA_017,148
GAACTCAACCAGAGGGCCAA_018,158
GAACTCAACCAGAGGGCCAA_019,147
GAACTCAACCAGAGGGCCAA_020,81
GAACTCAACCAGAGGGCCAA_021,69
GAACTCAACCAGAGGGCCAA_022,171
GAACTCAACCAGAGGGCCAA_023,187
GAACTCAACCAGAGGGCCAA_024,120
GAACTCAACCAGAGGGCCAA_025,176
GAACTCAACCAGAGGGCCAA_026,176
GAACTCAACCAGAGGGCCAA_027,36
GAACTCAACCAGAGGGCCAA_028,185
GAACTCAACCAGAGGGCCAA_029,83
GAACTCAACCAGAGGGCCAA_030,50
GAACTCAACCAGAGGGCCAA_031,41
GAACTCAACCAGAGGGCCAA_032,156
GAACTCAACCAGAGGGCCAA_033,156
GAACTCAACCAGAGGGCCAA_034,177
GAACTCAACCAGAGGGCCAA_035,145
GAACTCAACCAGAGGGCCAA_036,181
GAACTCAACCAGAGGGCCAA_037,166
GAACTCAACCAGAGGGCCAA_038,140
GAACTCAACCAGAGGGCCAA_039,124
GAACTCAACCAGAGGGCCAA_040,151
GAACTCAACCAGAGGGCCAA_041,58
GAACTCAACCAGAGGGCCAA_042,47
GAACTCAACCAGAGGGCCAA_043,69
GAACTCAACCAGAGGGCCAA_044,4
GAACTCAACCAGAGGGCCAA_045,176
GAACTCAACCAGAGGGCCAA_046,85
GAACTCAACCAGAGGGCCAA_047,61
CTGTCCATCATACCCCAGAA_001,120
GCGCAGGTCTCGGACTACGC_001,157
GCGCAGGTCTCGGACTACGC_002,82
GCGCAGGTCTCGGACTACGC_003,160
GCGCAGGTCTCGGACTACGC_004,58
GCGCAGGTCTCGGACTACGC_005,90
GCGCAGGTCTCGGACTACGC_006,174
GCGCAGGTCTCGGACTACGC_007,137
GCGCAGGTCTCGGACTACGC_008,78
GCGCAGGTCTCGGACTACGC_009,19
GCGCAGGTCTCGGACTACGC_010,158
GCGCAGGTCTCGGACTACGC_011,24
GCGCAGGTCTCGGACTACGC_012,195
GCGCAGGTCTCGGACTACGC_013,29
GCGCAGGTCTCGGACTACGC_014,43
GCGCAGGTCTCGGACTACGC_015,158
GCGCAGGTCTCGGACTACGC_016,51
GCGCAGGTCTCGGACTACGC_017,49
GCGCAGGTCTCGGACTACGC_018,106
GCGCAGGTCTCGGACTACGC_019,182
GCGCAGGTCTCGGACTACGC_020,191
GGATTCTTCTAATTCAAGGG_001,139
GGATTCTTCTAATTCAAGGG_002,134
GGATTCTTCTAATTCAAGGG_003,27
GGATTCTTCTAATTCAAGGG_004,58
AGGACCCACACCATTATCAG_001,185
AGGACCCACACCATTATCAG_002,78
AGGACCCACACCATTATCAG_003,62
AGGACCCACACCATTATCAG_004,178
AGGACCCACACCATTATCAG_005,49
AGGACCCACACCATTATCAG_006,103
AGGACCCACACCATTATCAG_007,49
AATTGAAGAAGTTCGACAGG_001,174
AATTGAAGAAGTTCGACAGG_002,168
AATTGAAGAAGTTCGACAGG_003,169
AATTGAAGAAGTTCGACAGG_004,86
AATTGAAGAAGTTCGACAGG_005,86
AATTGAAGAAGTTCGACAGG_006,185
AATTGAAGAAGTTCGACAGG_007,34
CATTCAGGCCATCTATGGTA_001,56
CGGACTGCCCCCTTATCAGG_001,60
CGGACTGCCCCCTTATCAGG_002,119
CGGACTGCCCCCTTATCAGG_003,12
CGGACTGCCCCCTTATCAGG_004,143
CGGACTGCCCCCTTATCAGG_005,195
CGGACTGCCCCCTTATCAGG_006,198
CGGACTGCCCCCTTATCAGG_007,137
CGGACTGCCCCCTTATCAGG_008,70
CGGACTGCCCCCTTATCAGG_009,130
CGGACTGCCCCCTTATCAGG_010,160
CGGACTGCCCCCTTATCAGG_011,16
CGGACTGCCCCCTTATCAGG_012,83
CGGACTGCCCCCTTATCAGG_013,184
CGGACTGCCCCCTTATCAGG_014,194
CGGACTGCCCCCTTATCAGG_015,198
CGGACTGCCCCCTTATCAGG_016,43
CGGACTGCCCCCTTATCAGG_017,71
CGGACTGCCCCCTTATCAGG_018,157
CGGACTGCCCCCTTATCAGG_019,107
ATGGTGCTAAATGATCCTTG_001,120
ATGGTGCTAAATGATCCTTG_002,69
ATGGTGCTAAATGATCCTTG_003,82
ATGGTGCTAAATGATCCTTG_004,148
ATGGTGCTAAATGATCCTTG_005,75
ATGGTGCTAAATGATCCTTG_006,184
ATGGTGCTAAATGATCCTTG_007,137
GAAGGGAAGGCCATATATGC_001,96
GAAGGGAAGGCCATATATGC_002,83
GAAGGGAAGGCCATATATGC_003,94
CTGAAGCTTTGGAAAGCGTG_001,43
CTGAAGCTTTGGAAAGCGTG_002,68
CTGAAGCTTTGGAAAGCGTG_003,166
CTGAAGCTTTGGAAAGCGTG_004,77
CTGAAGCTTTGGAAAGCGTG_005,48
CTGAAGCTTTGGAAAGCGTG_006,15
CTGAAGCTTTGGAAAGCGTG_007,49
CTGAAGCTTTGGAAAGCGTG_008,34
CTGAAGCTTTGGAAAGCGTG_009,103
CTGAAGCTTTGGAAAGCGTG_010,97
CAGGACACATACTCGCCCTA_001,151
CAGGACACATACTCGCCCTA_002,154
CAGGACACATACTCGCCCTA_003,22
CAGGACACATACTCGCCCTA_004,125
CAGGACACATACTCGCCCTA_005,146
CAGGACACATACTCGCCCTA_006,198
CAGGACACATACTCGCCCTA_007,175
CAGGACACATACTCGCCCTA_008,155
CAGGACACATACTCGCCCTA_009,92
GTGTAAAGTTAACGTCTTGG_001,106
GTGTAAAGTTAACGTCTTGG_002,148
GTGTAAAGTTAACGTCTTGG_003,168
GTGTAAAGTTAACGTCTTGG_004,23
GTGTAAAGTTAACGTCTTGG_005,147
TATGTCCAAGTATGATGTAA_001,127
TATGTCCAAGTATGATGTAA_002,62
TATGTCCAAGTATGATGTAA_003,34
TATGTCCAAGTATGATGTAA_004,2
TATGTCCAAGTATGATGTAA_005,12
TATAGGATTCCATCAAAACT_001,60
TATAGGATTCCATCAAAACT_002,172
CCACGTCAAAGTACCAGCGT_001,107
CCACGTCAAAGTACCAGCGT_002,42
CCACGTCAAAGTACCAGCGT_003,143
CCACGTCAAAGTACCAGCGT_004,30
CCACGTCAAAGTACCAGCGT_005,110
CCACGTCAAAGTACCAGCGT_006,31
CCACGTCAAAGTACCAGCGT_007,137
CCACGTCAAAGTACCAGCGT_008,156
CCACGTCAAAGTACCAGCGT_009,1
CCACGTCAAAGTACCAGCGT_010,174
CCACGTCAAAGTACCAGCGT_011,79
CCACGTCAAAGTACCAGCGT_012,68
GCCGATAATGTCCAATACTG_001,16
GCCGATAATGTCCAATACTG_002,63
GCCGATAATGTCCAATACTG_003,175
GCCGATAATGTCCAATACTG_004,169
GCCGATAATGTCCAATACTG_005,111
GCCGATAATGTCCAATACTG_006,161
GCCGATAATGTCCAATACTG_007,57
GTCCTCATAGGCTTCATACG_001,106
GTCCTCATAGGCTTCATACG_002,53
GTCCTCATAGGCTTCATACG_003,21
GTCCTCATAGGCTTCATACG_004,189
GTCCTCATAGGCTTCATACG_005,182
GTCCTCATAGGCTTCATACG_006,12
GTCCTCATAGGCTTCATACG_007,188
GTCCTCATAGGCTTCATACG_008,75
GTCCTCATAGGCTTCATACG_009,134
GTCCTCATAGGCTTCATACG_010,64
GTGTAAACAATACTCCAAGG_001,50
GTGTAAACAATACTCCAAGG_002,185
GTGTAAACAATACTCCAAGG_003,169
AAATCAAAATGACCATGAGG_001,9
GCTCGGCCGCCAAGAAAACG_001,115
GCTCGGCCGCCAAGAAAACG_002,88
GCTCGGCCGCCAAGAAAACG_003,121
GCTCGGCCGCCAAGAAAACG_004,175
GCTCGGCCGCCAAGAAAACG_005,138
GCTCGGCCGCCAAGAAAACG_006,164
GCTCGGCCGCCAAGAAAACG_007,164
GCTCGGCCGCCAAGAAAACG_008,99
GAAGTGAAAAGAGCAGTGCT_001,116
GAAGTGAAAAGAGCAGTGCT_002,41
GAAGTGAAAAGAGCAGTGCT_003,164
GAAGTGAAAAGAGCAGTGCT_004,122
GAAGTGAAAAGAGCAGTGCT_005,149
GAAGTGAAAAGAGCAGTGCT_006,102
GAAGTGAAAAGAGCAGTGCT_007,115
GAAGTGAAAAGAGCAGTGCT_008,37
GAAGTGAAAAGAGCAGTGCT_009,94
GAAGTGAAAAGAGCAGTGCT_010,31
GAAGTGAAAAGAGCAGTGCT_011,34
GAAGTGAAAAGAGCAGTGCT_012,50
GAAGTGAAAAGAGCAGTGCT_013,94
GAAGTGAAAAGAGCAGTGCT_014,119
GAAGTGAAAAGAGCAGTGCT_015,160
GAAGTGAAAAGAGCAGTGCT_016,49
GAAGTGAAAAGAGCAGTGCT_017,1
GAAGTGAAAAGAGCAGTGCT_018,106
GAAGTGAAAAGAGCAGTGCT_019,82
GAAGTGAAAAGAGCAGTGCT_020,138
GAAGTGAAAAGAGCAGTGCT_021,40
GAAGTGAAAAGAGCAGTGCT_022,58
GAAGTGAAAAGAGCAGTGCT_023,70
GAAGTGAAAAGAGCAGTGCT_024,149
GAAGTGAAAAGAGCAGTGCT_025,134
GAAGTGAAAAGAGCAGTGCT_026,57
GAAGTGAAAAGAGCAGTGCT_027,79
GAAGTGAAAAGAGCAGTGCT_028,34
CAAGTACGAAGATATCTATG_001,23
GCAGGCCTGCACCCACACCA_001,85
GCAGGCCTGCACCCACACCA_002,121
GCAGGCCTGCACCCACACCA_003,159
GCAGGCCTGCACCCACACCA_004,191
GCAGGCCTGCACCCACACCA_005,31
GCAGGCCTGCACCCACACCA_006,103
GCAGGCCTGCACCCACACCA_007,103
GCAGGCCTGCACCCACACCA_008,12
GCAGGCCTGCACCCACACCA_009,192
GCAGGCCTGCACCCACACCA_010,41
GCAGGCCTGCACCCACACCA_011,52
GCAGGCCTGCACCCACACCA_012,156
GCAGGCCTGCACCCACACCA_013,160
GCAGGCCTGCACCCACACCA_014,160
CATCGACACTAAAAGTAAGC_001,184
CATCGACACTAAAAGTAAGC_002,176
CATCGACACTAAAAGTAAGC_003,190
CATCGACACTAAAAGTAAGC_004,40
CATCGACACTAAAAGTAAGC_005,174
CCGCGTGCTAGAGTTCACCA_001,166
CCGCGTGCTAGAGTTCACCA_002,27
CCGCGTGCTAGAGTTCACCA_003,82
CCGCGTGCTAGAGTTCACCA_004,117
CCGCGTGCTAGAGTTCACCA_005,0
CCGCGTGCTAGAGTTCACCA_006,174
CCGCGTGCTAGAGTTCACCA_007,69
CCGCGTGCTAGAGTTCACCA_008,107
CCGCGTGCTAGAGTTCACCA_009,58
CCGCGTGCTAGAGTTCACCA_010,25
CCGCGTGCTAGAGTTCACCA_011,119
CCGCGTGCTAGAGTTCACCA_012,30
CCGCGTGCTAGAGTTCACCA_013,159
CCGCGTGCTAGAGTTCACCA_014,53
CCGCGTGCTAGAGTTCACCA_015,126
CCGCGTGCTAGAGTTCACCA_016,168
CCGCGTGCTAGAGTTCACCA_017,68
CCGCGTGCTAGAGTTCACCA_018,169
CCGCGTGCTAGAGTTCACCA_019,137
CCGCGTGCTAGAGTTCACCA_020,50
CCGCGTGCTAGAGTTCACCA_021,188
CACACGAGTGAACTACCGCA_001,12
CACACGAGTGAACTACCGCA_002,17
CACACGAGTGAACTACCGCA_003,184
CACACGAGTGAACTACCGCA_004,82
CACACGAGTGAACTACCGCA_005,10
CACACGAGTGAACTACCGCA_006,172
CACACGAGTGAACTACCGCA_007,10
CACACGAGTGAACTACCGCA_008,173
CACACGAGTGAACTACCGCA_009,148
CACACGAGTGAACTACCGCA_010,18
CACACGAGTGAACTACCGCA_011,130
CACACGAGTGAACTACCGCA_012,74
CACACGAGTGAACTACCGCA_013,48
CACACGAGTGAACTACCGCA_014,9
CACACGAGTGAACTACCGCA_015,6
CACACGAGTGAACTACCGCA_016,9
CACACGAGTGAACTACCGCA_017,81
CACACGAGTGAACTACCGCA_018,49
GCGCAGGTGGTGTTGCAAGT_001,184
GCGCAGGTGGTGTTGCAAGT_002,24
GCGCAGGTGGTGTTGCAAGT_003,38
GCGCAGGTGGTGTTGCAAGT_004,25
GCGCAGGTGGTGTTGCAAGT_005,62
GCGCAGGTGGTGTTGCAAGT_006,12
GCGCAGGTGGTGTTGCAAGT_007,192
GCGCAGGTGGTGTTGCAAGT_008,67
GCGCAGGTGGTGTTGCAAGT_009,69
GCGCAGGTGGTGTTGCAAGT_010,58
GCGCAGGTGGTGTTGCAAGT_011,122
GCGCAGGTGGTGTTGCAAGT_012,49
GCGCAGGTGGTGTTGCAAGT_013,76
GCGCAGGTGGTGTTGCAAGT_014,149
GCGCAGGTGGTGTTGCAAGT_015,199
GCGCAGGTGGTGTTGCAAGT_016,188
GCGCAGGTGGTGTTGCAAGT_017,188
GCGCAGGTGGTGTTGCAAGT_018,21
GCGCAGGTGGTGTTGCAAGT_019,72
GCGCAGGTGGTGTTGCAAGT_020,176
GCGCAGGTGGTGTTGCAAGT_021,41
GCGCAGGTGGTGTTGCAAGT_022,70
GCGCAGGTGGTGTTGCAAGT_023,170
GCGCAGGTGGTGTTGCAAGT_024,187
GCGCAGGTGGTGTTGCAAGT_025,184
GCGCAGGTGGTGTTGCAAGT_026,176
GCGCAGGTGGTGTTGCAAGT_027,147
GCGCAGGTGGTGTTGCAAGT_028,193
GCGCAGGTGGTGTTGCAAGT_029,4
GAGAATAGGATAATCCCAGG_001,198
GAGAATAGGATAATCCCAGG_002,108
GAGAATAGGATAATCCCAGG_003,29
GAGAATAGGATAATCCCAGG_004,186
GAGAATAGGATAATCCCAGG_005,6
GAGAATAGGATAATCCCAGG_006,1
GAGAATAGGATAATCCCAGG_007,40
GAGAATAGGATAATCCCAGG_008,6
GAGAATAGGATAATCCCAGG_009,88
GAGAATAGGATAATCCCAGG_010,68
GAGAATAGGATAATCCCAGG_011,39
GAGAATAGGATAATCCCAGG_012,40
CATAACAAGATCACAAAGCT_001,181
CATAACAAGATCACAAAGCT_002,8
CATAACAAGATCACAAAGCT_003,144
CATAACAAGATCACAAAGCT_004,175
CATAACAAGATCACAAAGCT_005,122
CATAACAAGATCACAAAGCT_006,190
CATAACAAGATCACAAAGCT_007,174
CATAACAAGATCACAAAGCT_008,177
GATCCTGATACCAAACTCAT_001,69
GATCCTGATACCAAACTCAT_002,94
GATCCTGATACCAAACTCAT_003,130
AGCAGGGACACCGAATGGCA_001,159
AGCAGGGACACCGAATGGCA_002,140
AGCAGGGACACCGAATGGCA_003,81
AGCAGGGACACCGAATGGCA_004,19
AGCAGGGACACCGAATGGCA_005,1
AGCAGGGACACCGAATGGCA_006,169
AGCAGGGACACCGAATGGCA_007,98
AGCAGGGACACCGAATGGCA_008,28
AGCAGGGACACCGAATGGCA_009,160
AGCAGGGACACCGAATGGCA_010,192
AGCAGGGACACCGAATGGCA_011,30
AGCAGGGACACCGAATGGCA_012,43
AGCAGGGACACCGAATGGCA_013,149
AGCAGGGACACCGAATGGCA_014,15
AGCAGGGACACCGAATGGCA_015,145
AGCAGGGACACCGAATGGCA_016,97
ACCACATTCTGGGCCCACAA_001,53
ACCACATTCTGGGCCCACAA_002,98
ACCACATTCTGGGCCCACAA_003,177
ACCACATTCTGGGCCCACAA_004,61
ACCACATTCTGGGCCCACAA_005,159
ACCACATTCTGGGCCCACAA_006,194
CAGCCACCATCACCACCAGA_001,62
CAGCCACCATCACCACCAGA_002,10
CAGCCACCATCACCACCAGA_003,110
CAGCCACCATCACCACCAGA_004,78
CAGCCACCATCACCACCAGA_005,66
CAGCCACCATCACCACCAGA_006,178
CAGCCACCATCACCACCAGA_007,161
CAGCCACCATCACCACCAGA_008,75
CAGCCACCATCACCACCAGA_009,74
CAGCCACCATCACCACCAGA_010,147
CAGCCACCATCACCACCAGA_011,187
CAGCCACCATCACCACCAGA_012,56
CAGCCACCATCACCACCAGA_013,129
CAGCCACCATCACCACCAGA_014,163
CAGCCACCATCACCACCAGA_015,107
CAGCCACCATCACCACCAGA_016,124
CAGCCACCATCACCACCAGA_017,174
CAGCCACCATCACCACCAGA_018,136
CAGCCACCATCACCACCAGA_019,183
CAGCCACCATCACCACCAGA_020,147
CAGCCACCATCACCACCAGA_021,83
CAGCCACCATCACCACCAGA_022,19
CAGCCACCATCACCACCAGA_023,165
ACACAACGTCATTCTCAGCG_001,157
AAGGTACCCATCATCGTCGT_001,104
AAGGTACCCATCATCGTCGT_002,33
AAGGTACCCATCATCGTCGT_003,144
CACGGAACCAGACACCATTG_001,64
CACGGAACCAGACACCATTG_002,28
CACGGAACCAGACACCATTG_003,113
CACGGAACCAGACACCATTG_004,185
CACGGAACCAGACACCATTG_005,12
CACGGAACCAGACACCATTG_006,68
CACGGAACCAGACACCATTG_007,158
CACGGAACCAGACACCATTG_008,44
CACGGAACCAGACACCATTG_009,119
CACGGAACCAGACACCATTG_010,89
CACGGAACCAGACACCATTG_011,100
CACGGAACCAGACACCATTG_012,106
CACGGAACCAGACACCATTG_013,68
CACGGAACCAGACACCATTG_014,6
CACGGAACCAGACACCATTG_015,105
CACGGAACCAGACACCATTG_016,58
CACGGAACCAGACACCATTG_017,144
CACGGAACCAGACACCATTG_018,106
CACGGAACCAGACACCATTG_019,48
CACGGAACCAGACACCATTG_020,140
CACGGAACCAGACACCATTG_021,151
CACGGAACCAGACACCATTG_022,199
CACTCACATTAGCACTGCAG_001,72
CACTCACATTAGCACTGCAG_002,4
CACTCACATTAGCACTGCAG_003,9
CACTCACATTAGCACTGCAG_004,104
CACTCACATTAGCACTGCAG_005,135
CACTCACATTAGCACTGCAG_006,10
CCCAGACAAGCCCCGGAGCG_001,158
CCCAGACAAGCCCCGGAGCG_002,83
CCCAGACAAGCCCCGGAGCG_003,76
CCCAGACAAGCCCCGGAGCG_004,103
GTGGCGATCTTCGTCAACGT_001,11
GTGGCGATCTTCGTCAACGT_002,1
GTTGCAGAAATAGACGGCGT_001,189
GTTGCAGAAATAGACGGCGT_002,198
GTTGCAGAAATAGACGGCGT_003,68
GTTGCAGAAATAGACGGCGT_004,130
GTTGCAGAAATAGACGGCGT_005,97
GTTGCAGAAATAGACGGCGT_006,50
GTTGCAGAAATAGACGGCGT_007,111
GTTGCAGAAATAGACGGCGT_008,160
GTTGCAGAAATAGACGGCGT_009,2
GTTGCAGAAATAGACGGCGT_010,50
GTTGCAGAAATAGACGGCGT_011,57
GTTGCAGAAATAGACGGCGT_012,192
GTTGCAGAAATAGACGGCGT_013,192
GTTGCAGAAATAGACGGCGT_014,165
GTTGCAGAAATAGACGGCGT_015,136
ATTACAGATCAATTGTATCT_001,94
ATTACAGATCAATTGTATCT_002,160
ATTACAGATCAATTGTATCT_003,151
ATTACAGATCAATTGTATCT_004,7
ATTACAGATCAATTGTATCT_005,112
GAAACATAACGGCGGTAGAG_001,15
GAAACATAACGGCGGTAGAG_002,175
GAAACATAACGGCGGTAGAG_003,94
GAAACATAACGGCGGTAGAG_004,157
AGAAAATCAACCGGCAACAA_001,48
AGAAAATCAACCGGCAACAA_002,149
AGAAAATCAACCGGCAACAA_003,55
AGAAAATCAACCGGCAACAA_004,192
AGAAAATCAACCGGCAACAA_005,139
AGAAAATCAACCGGCAACAA_006,9
AGAAAATCAACCGGCAACAA_007,76
AGAAAATCAACCGGCAACAA_008,54
AGAAAATCAACCGGCAACAA_009,150
AGAAAATCAACCGGCAACAA_010,8
AGAAAATCAACCGGCAACAA_011,113
AGAAAATCAACCGGCAACAA_012,37
AGAAAATCAACCGGCAACAA_013,38
AGAAAATCAACCGGCAACAA_014,6
AGAAAATCAACCGGCAACAA_015,168
AGAAAATCAACCGGCAACAA_016,137
AGAAAATCAACCGGCAACAA_017,18
AGAAAATCAACCGGCAACAA_018,81
AGTGCAGAGTGGTCACCCAA_001,118
AGTGCAGAGTGGTCACCCAA_002,17
AGTGCAGAGTGGTCACCCAA_003,11
AGTGCAGAGTGGTCACCCAA_004,48
AGTGCAGAGTGGTCACCCAA_005,70
AGTGCAGAGTGGTCACCCAA_006,129
AGTGCAGAGTGGTCACCCAA_007,41
AGTGCAGAGTGGTCACCCAA_008,37
AGTGCAGAGTGGTCACCCAA_009,77
AGTGCAGAGTGGTCACCCAA_010,88
AGTGCAGAGTGGTCACCCAA_011,41
AGTGCAGAGTGGTCACCCAA_012,78
AGTGCAGAGTGGTCACCCAA_013,170
AGTGCAGAGTGGTCACCCAA_014,147
AGTGCAGAGTGGTCACCCAA_015,77
AGTGCAGAGTGGTCACCCAA_016,113
AGTGCAGAGTGGTCACCCAA_017,185
AGTGCAGAGTGGTCACCCAA_018,112
AGTGCAGAGTGGTCACCCAA_019,58
AGTGCAGAGTGGTCACCCAA_020,83
AGTGCAGAGTGGTCACCCAA_021,47
AGTGCAGAGTGGTCACCCAA_022,22
AGTGCAGAGTGGTCACCCAA_023,140
AGTGCAGAGTGGTCACCCAA_024,96
AGTGCAGAGTGGTCACCCAA_025,38
AGTGCAGAGTGGTCACCCAA_026,118
AGTGCAGAGTGGTCACCCAA_027,138
AGTGCAGAGTGGTCACCCAA_028,15
AGTGCAGAGTGGTCACCCAA_029,103
AGTGCAGAGTGGTCACCCAA_030,41
AGTGCAGAGTGGTCACCCAA_031,41
CGGTGATAGGACGGTTACAG_001,129
CGGTGATAGGACGGTTACAG_002,117
GGGCCATGCCAAAAGGTCCA_001,62
GGGCCATGCCAAAAGGTCCA_002,20
GGGCCATGCCAAAAGGTCCA_003,94
GGGCCATGCCAAAAGGTCCA_004,94
GGGCCATGCCAAAAGGTCCA_005,169
ATGAGAGATGGTGATAACAA_001,42
ATGAGAGATGGTGATAACAA_002,181
ATGAGAGATGGTGATAACAA_003,198
ATGAGAGATGGTGATAACAA_004,121
ATGAGAGATGGTGATAACAA_005,145
ATGAGAGATGGTGATAACAA_006,147
ATGAGAGATGGTGATAACAA_007,82
ATATAATGGCTTAGATCCTG_001,96
ATATAATGGCTTAGATCCTG_002,85
ATATAATGGCTTAGATCCTG_003,83
ATATAATGGCTTAGATCCTG_004,152
ATATAATGGCTTAGATCCTG_005,59
ATATAATGGCTTAGATCCTG_006,30
ATATAATGGCTTAGATCCTG_007,118
ATATAATGGCTTAGATCCTG_008,199
TCTTCCGTGACAACATACAC_001,191
TCTTCCGTGACAACATACAC_002,115
TCTTCCGTGACAACATACAC_003,9
TCTTCCGTGACAACATACAC_004,65
TCTTCCGTGACAACATACAC_005,58
TCTTCCGTGACAACATACAC_006,197
TCTTCCGTGACAACATACAC_007,150
TCTTCCGTGACAACATACAC_008,119
TCTTCCGTGACAACATACAC_009,83
GCAAATACGTGATAACATTG_001,20
GCAAATACGTGATAACATTG_002,188
GCAAATACGTGATAACATTG_003,52
GCAAATACGTGATAACATTG_004,12
TCCTGTCGCCAGGCTCCGCG_001,40
TCCTGTCGCCAGGCTCCGCG_002,98
TCCTGTCGCCAGGCTCCGCG_003,17
TCCTGTCGCCAGGCTCCGCG_004,48
TCCTGTCGCCAGGCTCCGCG_005,3
TCCTGTCGCCAGGCTCCGCG_006,152
TCCTGTCGCCAGGCTCCGCG_007,145
GATCAGAATACAGCCATCGT_001,189
GATCAGAATACAGCCATCGT_002,6
CTGACAGGCTCCAACTACCC_001,171
CTGACAGGCTCCAACTACCC_002,142
CTGACAGGCTCCAACTACCC_003,19
GTGGCCCCCGTGATAAACGC_001,123
GTGGCCCCCGTGATAAACGC_002,48
GTGGCCCCCGTGATAAACGC_003,48
GTGGCCCCCGTGATAAACGC_004,89
GTGGCCCCCGTGATAAACGC_005,76
GTGGCCCCCGTGATAAACGC_006,149
GTGGCCCCCGTGATAAACGC_007,5
GTGGCCCCCGTGATAAACGC_008,99
GATGCGGCCCGCTGTCCGGG_001,199
GATGCGGCCCGCTGTCCGGG_002,61
GATGCGGCCCGCTGTCCGGG_003,133
GATGCGGCCCGCTGTCCGGG_004,115
GATGCGGCCCGCTGTCCGGG_005,160
GATGCGGCCCGCTGTCCGGG_006,78
GATGCGGCCCGCTGTCCGGG_007,83
GATGCGGCCCGCTGTCCGGG_008,40
CAAAGTGAGCACAAATCAGG_001,67
CAAAGTGAGCACAAATCAGG_002,56
CAAAGTGAGCACAAATCAGG_003,198
CAAAGTGAGCACAAATCAGG_004,48
TGGAAGTCATGTACAGCGAT_001,36
TGGAAGTCATGTACAGCGAT_002,173
TGGAAGTCATGTACAGCGAT_003,173
TGGAAGTCATGTACAGCGAT_004,195
TGGAAGTCATGTACAGCGAT_005,60
TGGAAGTCATGTACAGCGAT_006,102
TGGAAGTCATGTACAGCGAT_007,48
TGGAAGTCATGTACAGCGAT_008,168
TGGAAGTCATGTACAGCGAT_009,2
TGGAAGTCATGTACAGCGAT_010,88
TGGAAGTCATGTACAGCGAT_011,88
TGGAAGTCATGTACAGCGAT_012,94
TGGAAGTCATGTACAGCGAT_013,76
TGGAAGTCATGTACAGCGAT_014,58
TGGAAGTCATGTACAGCGAT_015,17
TGGAAGTCATGTACAGCGAT_016,48
TGGAAGTCATGTACAGCGAT_017,54
TGGAAGTCATGTACAGCGAT_018,34
TGGAAGTCATGTACAGCGAT_019,58
TGGAAGTCATGTACAGCGAT_020,56
TGGAAGTCATGTACAGCGAT_021,126
TGGAAGTCATGTACAGCGAT_022,18
TGGAAGTCATGTACAGCGAT_023,39
TGGAAGTCATGTACAGCGAT_024,72
TGGAAGTCATGTACAGCGAT_025,198
TGGAAGTCATGTACAGCGAT_026,198
TGGAAGTCATGTACAGCGAT_027,48
TGGAAGTCATGTACAGCGAT_028,10
TGGAAGTCATGTACAGCGAT_029,67
GGCCATCTACTTCTCAAGGG_001,7
GGCCATCTACTTCTCAAGGG_002,65
GGCCATCTACTTCTCAAGGG_003,178
GTAGAAGCCATAACTGAGTG_001,127
GTAGAAGCCATAACTGAGTG_002,197
GTAGAAGCCATAACTGAGTG_003,178
GTGGCTACTCTCAACAACAA_001,30
GTGGCTACTCTCAACAACAA_002,17
CCCAAACATCCACACGTCCG_001,20
CCCAAACATCCACACGTCCG_002,5
CCCAAACATCCACACGTCCG_003,147
CCCAAACATCCACACGTCCG_004,81
CCCAAACATCCACACGTCCG_005,176
CCCAAACATCCACACGTCCG_006,8
CCCAAACATCCACACGTCCG_007,47
CCCAAACATCCACACGTCCG_008,56
CCCAAACATCCACACGTCCG_009,199
ATTTGCATCCAGATACGGGA_001,113
ATTTGCATCCAGATACGGGA_002,98
ATTTGCATCCAGATACGGGA_003,50
ATTTGCATCCAGATACGGGA_004,43
ATTTGCATCCAGATACGGGA_005,75
GCCCAGGAACCATTTCGGCG_001,84
GCCCAGGAACCATTTCGGCG_002,173
GCCCAGGAACCATTTCGGCG_003,177
GCCCAGGAACCATTTCGGCG_004,76
GCCCAGGAACCATTTCGGCG_005,29
GCCCAGGAACCATTTCGGCG_006,117
GCCCAGGAACCATTTCGGCG_007,115
GCCCAGGAACCATTTCGGCG_008,116
GCCCAGGAACCATTTCGGCG_009,132
GCCCAGGAACCATTTCGGCG_010,195
TCTACAACTTCTCACTGTAG_001,52
TCTACAACTTCTCACTGTAG_002,162
TGAACTACTTACGAACTGCT_001,73
TGAACTACTTACGAACTGCT_002,184
TGAACTACTTACGAACTGCT_003,9
TGAACTACTTACGAACTGCT_004,34
TGAACTACTTACGAACTGCT_005,40
TGAACTACTTACGAACTGCT_006,48
TGAACTACTTACGAACTGCT_007,150
TGAACTACTTACGAACTGCT_008,149
TGAACTACTTACGAACTGCT_009,35
TGAACTACTTACGAACTGCT_010,48
TGAACTACTTACGAACTGCT_011,7
TGAACTACTTACGAACTGCT_012,24
TGAACTACTTACGAACTGCT_013,102
TGAACTACTTACGAACTGCT_014,144
TGAACTACTTACGAACTGCT_015,107
TGAACTACTTACGAACTGCT_016,107
TGAACTACTTACGAACTGCT_017,149
TGAACTACTTACGAACTGCT_018,41
TGAACTACTTACGAACTGCT_019,13
TGAACTACTTACGAACTGCT_020,56
TGAACTACTTACGAACTGCT_021,194
TGAACTACTTACGAACTGCT_022,151
TGAACTACTTACGAACTGCT_023,16
GCTGTACTACATGAACAGTC_001,185
GCTGTACTACATGAACAGTC_002,174
ACAGGGCACGATGTACTCCA_001,33
ACAGGGCACGATGTACTCCA_002,57
CGTCGCGATCGGAAGCGCCG_001,67
CGTCGCGATCGGAAGCGCCG_002,64
CGTCGCGATCGGAAGCGCCG_003,104
CGTCGCGATCGGAAGCGCCG_004,96
CGTCGCGATCGGAAGCGCCG_005,40
CGTCGCGATCGGAAGCGCCG_006,130
CGTCGCGATCGGAAGCGCCG_007,148
CGTCGCGATCGGAAGCGCCG_008,116
CGTCGCGATCGGAAGCGCCG_009,197
CGTCGCGATCGGAAGCGCCG_010,159
CGTCGCGATCGGAAGCGCCG_011,6
CGTCGCGATCGGAAGCGCCG_012,39
CGTCGCGATCGGAAGCGCCG_013,84
CGTCGCGATCGGAAGCGCCG_014,192
CGAGGGGCCCTTGTACCGCG_001,23
CGAGGGGCCCTTGTACCGCG_002,70
CGAGGGGCCCTTGTACCGCG_003,80
CGAGGGGCCCTTGTACCGCG_004,194
CGAGGGGCCCTTGTACCGCG_005,56
CGAGGGGCCCTTGTACCGCG_006,53
CGAGGGGCCCTTGTACCGCG_007,107
CGAGGGGCCCTTGTACCGCG_008,191
CGAGGGGCCCTTGTACCGCG_009,159
CGAGGGGCCCTTGTACCGCG_010,78
CGAGGGGCCCTTGTACCGCG_011,26
CGAGGGGCCCTTGTACCGCG_012,44
TTACCTGGTAGGCTCCCACA_001,191
TTACCTGGTAGGCTCCCACA_002,112
TTACCTGGTAGGCTCCCACA_003,62
TTACCTGGTAGGCTCCCACA_004,1
TTACCTGGTAGGCTCCCACA_005,69
TTACCTGGTAGGCTCCCACA_006,50
TTACCTGGTAGGCTCCCACA_007,127
TTACCTGGTAGGCTCCCACA_008,42
TTACCTGGTAGGCTCCCACA_009,144
TTACCTGGTAGGCTCCCACA_010,124
TTACCTGGTAGGCTCCCACA_011,187
TTACCTGGTAGGCTCCCACA_012,193
TTACCTGGTAGGCTCCCACA_013,121
TTACCTGGTAGGCTCCCACA_014,150
TTACCTGGTAGGCTCCCACA_015,198
TTACCTGGTAGGCTCCCACA_016,163
TTACCTGGTAGGCTCCCACA_017,131
TTACCTGGTAGGCTCCCACA_018,48
TTACCTGGTAGGCTCCCACA_019,175
TTACCTGGTAGGCTCCCACA_020,81
TTACCTGGTAGGCTCCCACA_021,181
TTACCTGGTAGGCTCCCACA_022,10
AAAGACCACAACACGTAGCG_001,25
AAAGACCACAACACGTAGCG_002,130
AAAGACCACAACACGTAGCG_003,187
AAAGACCACAACACGTAGCG_004,24
AAAGACCACAACACGTAGCG_005,61
AAAGACCACAACACGTAGCG_006,64
AAAGACCACAACACGTAGCG_007,152
GCTTTGCCACATTCTTCACA_001,187
GCTTTGCCACATTCTTCACA_002,91
GCTTTGCCACATTCTTCACA_003,64
GCTTTGCCACATTCTTCACA_004,56
GCTTTGCCACATTCTTCACA_005,169
GCTTTGCCACATTCTTCACA_006,199
GCTTTGCCACATTCTTCACA_007,159
GCTTTGCCACATTCTTCACA_008,22
CTGGCGCAAGGGGATAGGTA_001,148
CTGGCGCAAGGGGATAGGTA_002,181
CTGGCGCAAGGGGATAGGTA_003,66
CTGGCGCAAGGGGATAGGTA_004,27
CTGGCGCAAGGGGATAGGTA_005,153
CTGGCGCAAGGGGATAGGTA_006,134
CTGGCGCAAGGGGATAGGTA_007,19
CTGGCGCAAGGGGATAGGTA_008,146
CTGGCGCAAGGGGATAGGTA_009,188
CTGGCGCAAGGGGATAGGTA_010,34
CTGGCGCAAGGGGATAGGTA_011,38
CTGGCGCAAGGGGATAGGTA_012,61
CTGGCGCAAGGGGATAGGTA_013,61
CTGGCGCAAGGGGATAGGTA_014,192
CTGGCGCAAGGGGATAGGTA_015,116
CTGGCGCAAGGGGATAGGTA_016,116
CTGGCGCAAGGGGATAGGTA_017,78
CTGGCGCAAGGGGATAGGTA_018,1
CTGGCGCAAGGGGATAGGTA_019,107
CTGGCGCAAGGGGATAGGTA_020,159
CTGGCGCAAGGGGATAGGTA_021,148
CTGGCGCAAGGGGATAGGTA_022,180
CTGGCGCAAGGGGATAGGTA_023,28
CTGGCGCAAGGGGATAGGTA_024,77
CTGGCGCAAGGGGATAGGTA_025,10
CTGGCGCAAGGGGATAGGTA_026,57
CTGGCGCAAGGGGATAGGTA_027,145
CTGGCGCAAGGGGATAGGTA_028,104
GGAACTCTGCTACACCACCG_001,107
GGAACTCTGCTACACCACCG_002,70
GGAACTCTGCTACACCACCG_003,199
GGAACTCTGCTACACCACCG_004,69
GGAACTCTGCTACACCACCG_005,197
GGAACTCTGCTACACCACCG_006,175
GGAACTCTGCTACACCACCG_007,151
GGAACTCTGCTACACCACCG_008,38
GGAACTCTGCTACACCACCG_009,198
GGAACTCTGCTACACCACCG_010,199
CAACATTTACACAATATACA_001,107
CAACATTTACACAATATACA_002,14
CAACATTTACACAATATACA_003,16
ACAACGAACAAAGTTAGGGT_001,78
ACAACGAACAAAGTTAGGGT_002,17
ACAACGAACAAAGTTAGGGT_003,44
ACAACGAACAAAGTTAGGGT_004,38
ACAACGAACAAAGTTAGGGT_005,121
ACAACGAACAAAGTTAGGGT_006,144
ACAACGAACAAAGTTAGGGT_007,191
ACAACGAACAAAGTTAGGGT_008,137
CTGCATTGAGAAACTGTCGG_001,124
CTGCATTGAGAAACTGTCGG_002,48
CTGCATTGAGAAACTGTCGG_003,132
CTGCATTGAGAAACTGTCGG_004,172
CTGCATTGAGAAACTGTCGG_005,96
CTGCATTGAGAAACTGTCGG_006,120
CTGCATTGAGAAACTGTCGG_007,88
CTGCATTGAGAAACTGTCGG_008,107
CTGCATTGAGAAACTGTCGG_009,51
CTGCATTGAGAAACTGTCGG_010,177
CTGCATTGAGAAACTGTCGG_011,185
CTGCATTGAGAAACTGTCGG_012,130
CTGCATTGAGAAACTGTCGG_013,137
CTGCATTGAGAAACTGTCGG_014,5
CTGCATTGAGAAACTGTCGG_015,43
CTGCATTGAGAAACTGTCGG_016,40
TCGCCTATGACCTCACCCGG_001,29
TCGCCTATGACCTCACCCGG_002,105
TCGCCTATGACCTCACCCGG_003,97
TCGCCTATGACCTCACCCGG_004,102
TCGCCTATGACCTCACCCGG_005,70
TCGCCTATGACCTCACCCGG_006,188
TCGCCTATGACCTCACCCGG_007,188
TCGCCTATGACCTCACCCGG_008,199
TCGCCTATGACCTCACCCGG_009,130
TCGCCTATGACCTCACCCGG_010,56
TCGCCTATGACCTCACCCGG_011,51
TCGCCTATGACCTCACCCGG_012,183
TCGCCTATGACCTCACCCGG_013,186
TCGCCTATGACCTCACCCGG_014,88
TCGCCTATGACCTCACCCGG_015,185
TCGCCTATGACCTCACCCGG_016,94
TCGCCTATGACCTCACCCGG_017,86
TCGCCTATGACCTCACCCGG_018,144
TCGCCTATGACCTCACCCGG_019,146
TCGCCTATGACCTCACCCGG_020,60
TCGCCTATGACCTCACCCGG_021,158
TCGCCTATGACCTCACCCGG_022,105
ACGAGGAAGCTCCAACAACG_001,194
ACGAGGAAGCTCCAACAACG_002,153
ACGAGGAAGCTCCAACAACG_003,27
ACGAGGAAGCTCCAACAACG_004,86
ACGAGGAAGCTCCAACAACG_005,13
ACGAGGAAGCTCCAACAACG_006,121
ACGAGGAAGCTCCAACAACG_007,148
ACGAGGAAGCTCCAACAACG_008,115
ACGAGGAAGCTCCAACAACG_009,118
GCCGATCACCACGTGCCAGG_001,78
GCCGATCACCACGTGCCAGG_002,15
GCCGATCACCACGTGCCAGG_003,183
GCCGATCACCACGTGCCAGG_004,57
GCCGATCACCACGTGCCAGG_005,32
GCCGATCACCACGTGCCAGG_006,94
GCCGATCACCACGTGCCAGG_007,51
GCCGATCACCACGTGCCAGG_008,42
GCCGATCACCACGTGCCAGG_009,88
GCCGATCACCACGTGCCAGG_010,101
GCCGATCACCACGTGCCAGG_011,20
GCCGATCACCACGTGCCAGG_012,181
GCCGATCACCACGTGCCAGG_013,177
GCCGATCACCACGTGCCAGG_014,6
GCCGATCACCACGTGCCAGG_015,174
GCCGATCACCACGTGCCAGG_016,0
GCCGATCACCACGTGCCAGG_017,174
GCCGATCACCACGTGCCAGG_018,104
GCCGATCACCACGTGCCAGG_019,46
GCAGGCCCCAAACAGAACAA_001,119
GCAGGCCCCAAACAGAACAA_002,112
GCAGGCCCCAAACAGAACAA_003,170
GCAGGCCCCAAACAGAACAA_004,154
GCAGGCCCCAAACAGAACAA_005,122
GCAGGCCCCAAACAGAACAA_006,101
GCAGGCCCCAAACAGAACAA_007,86
GCAGGCCCCAAACAGAACAA_008,78
GCAGGCCCCAAACAGAACAA_009,60
GCAGGCCCCAAACAGAACAA_010,185
GCAGGCCCCAAACAGAACAA_011,81
GCAGGCCCCAAACAGAACAA_012,60
GCAGGCCCCAAACAGAACAA_013,197
GCAGGCCCCAAACAGAACAA_014,9
GCAGGCCCCAAACAGAACAA_015,112
GCAGGCCCCAAACAGAACAA_016,82
GCAGGCCCCAAACAGAACAA_017,55
GCAGGCCCCAAACAGAACAA_018,151
GCAGGCCCCAAACAGAACAA_019,14
GCAGGCCCCAAACAGAACAA_020,50
GCAGGCCCCAAACAGAACAA_021,68
GCAGGCCCCAAACAGAACAA_022,161
GCAGGCCCCAAACAGAACAA_023,6
GCAGGCCCCAAACAGAACAA_024,167
GCAGGCCCCAAACAGAACAA_025,167
GCAGGCCCCAAACAGAACAA_026,156
GCAGGCCCCAAACAGAACAA_027,81
GCAGGCCCCAAACAGAACAA_028,97
GCAGGCCCCAAACAGAACAA_029,146
GCAGGCCCCAAACAGAACAA_030,78
GCAGGCCCCAAACAGAACAA_031,91
GCAGGCCCCAAACAGAACAA_032,1
GCAGGCCCCAAACAGAACAA_033,103
GCAGGCCCCAAACAGAACAA_034,166
ATGGGTCTTCTGGAAAATCG_001,123
ATGGGTCTTCTGGAAAATCG_002,144
ATGGGTCTTCTGGAAAATCG_003,56
ATGGGTCTTCTGGAAAATCG_004,134
ATGGGTCTTCTGGAAAATCG_005,95
TGATCAGCGGGACCACAAAG_001,102
TGATCAGCGGGACCACAAAG_002,50
TGATCAGCGGGACCACAAAG_003,1
TGATCAGCGGGACCACAAAG_004,188
TGATCAGCGGGACCACAAAG_005,1
AATGCTGAACGGGAACGTCT_001,99
AATGCTGAACGGGAACGTCT_002,15
AATGCTGAACGGGAACGTCT_003,73
AATGCTGAACGGGAACGTCT_004,82
AATGCTGAACGGGAACGTCT_005,27
AATGCTGAACGGGAACGTCT_006,37
AATGCTGAACGGGAACGTCT_007,119
AATGCTGAACGGGAACGTCT_008,160
AATGCTGAACGGGAACGTCT_009,103
AATGCTGAACGGGAACGTCT_010,70
AATGCTGAACGGGAACGTCT_011,18
AATGCTGAACGGGAACGTCT_012,60
AATGCTGAACGGGAACGTCT_013,19
AATGCTGAACGGGAACGTCT_014,184
AATGCTGAACGGGAACGTCT_015,104
TTGCCCCATCTGCTCAAGGT_001,188
TTGCCCCATCTGCTCAAGGT_002,11
TTGCCCCATCTGCTCAAGGT_003,82
TTGCCCCATCTGCTCAAGGT_004,155
TTGCCCCATCTGCTCAAGGT_005,130
TTGCCCCATCTGCTCAAGGT_006,116
CCCACTCATGAAGACTACCT_001,88
CCCACTCATGAAGACTACCT_002,50
CCCACTCATGAAGACTACCT_003,57
CCCACTCATGAAGACTACCT_004,26
CCCACTCATGAAGACTACCT_005,13
CCCACTCATGAAGACTACCT_006,12
CCCACTCATGAAGACTACCT_007,63
CCCACTCATGAAGACTACCT_008,106
CCTCAGGGACATGCGAGATG_001,13
CCTCAGGGACATGCGAGATG_002,102
CCTCAGGGACATGCGAGATG_003,183
CCTCAGGGACATGCGAGATG_004,76
CCTCAGGGACATGCGAGATG_005,199
CCTCAGGGACATGCGAGATG_006,163
CCTCAGGGACATGCGAGATG_007,40
CCTCAGGGACATGCGAGATG_008,192
CCTCAGGGACATGCGAGATG_009,119
CCTCAGGGACATGCGAGATG_010,51
CCTCAGGGACATGCGAGATG_011,193
CCTCAGGGACATGCGAGATG_012,11
CCTCAGGGACATGCGAGATG_013,111
GATCTCTAAAATTGAGAGTG_001,23
GATCTCTAAAATTGAGAGTG_002,142
GATCTCTAAAATTGAGAGTG_003,181
GATCTCTAAAATTGAGAGTG_004,49
GATCTCTAAAATTGAGAGTG_005,9
GATCTCTAAAATTGAGAGTG_006,147
GATCTCTAAAATTGAGAGTG_007,141
GATCTCTAAAATTGAGAGTG_008,31
TGCATTTACAGGCTGACCCG_001,109
TGCATTTACAGGCTGACCCG_002,10
TGCATTTACAGGCTGACCCG_003,103
AAACCTACCGGATCAACAGT_001,42
AAACCTACCGGATCAACAGT_002,22
AAACCTACCGGATCAACAGT_003,150
AAACCTACCGGATCAACAGT_004,179
AAACCTACCGGATCAACAGT_005,187
AAACCTACCGGATCAACAGT_006,114
AAACCTACCGGATCAACAGT_007,16
AAACCTACCGGATCAACAGT_008,76
AAACCTACCGGATCAACAGT_009,61
AAACCTACCGGATCAACAGT_010,132
AAACCTACCGGATCAACAGT_011,68
AAACCTACCGGATCAACAGT_012,165
AAACCTACCGGATCAACAGT_013,18
AAACCTACCGGATCAACAGT_014,98
AAACCTACCGGATCAACAGT_015,9
TACCACCACCCCAACGACAT_001,9
TACCACCACCCCAACGACAT_002,176
TACCACCACCCCAACGACAT_003,6
TACCACCACCCCAACGACAT_004,121
TACCACCACCCCAACGACAT_005,27
TACCACCACCCCAACGACAT_006,104
TACCACCACCCCAACGACAT_007,149
TACCACCACCCCAACGACAT_008,41
TACCACCACCCCAACGACAT_009,158
TACCACCACCCCAACGACAT_010,16
TACCACCACCCCAACGACAT_011,172
TACCACCACCCCAACGACAT_012,62
TACCACCACCCCAACGACAT_013,120
TACCACCACCCCAACGACAT_014,41
TACCACCACCCCAACGACAT_015,49
TACCACCACCCCAACGACAT_016,94
TACCACCACCCCAACGACAT_017,181
TACCACCACCCCAACGACAT_018,175
TACCACCACCCCAACGACAT_019,105
TACCACCACCCCAACGACAT_020,103
TACCACCACCCCAACGACAT_021,105
TACCACCACCCCAACGACAT_022,38
TACCACCACCCCAACGACAT_023,43
TACCACCACCCCAACGACAT_024,38
TACCACCACCCCAACGACAT_025,60
TACCACCACCCCAACGACAT_026,137
TACCACCACCCCAACGACAT_027,137
TACCACCACCCCAACGACAT_028,63
TACCACCACCCCAACGACAT_029,45
TACCACCACCCCAACGACAT_030,146
TACCACCACCCCAACGACAT_031,185
TACCACCACCCCAACGACAT_032,163
TACCACCACCCCAACGACAT_033,64
TACCACCACCCCAACGACAT_034,62
TACCACCACCCCAACGACAT_035,60
TACCACCACCCCAACGACAT_036,77
TACCACCACCCCAACGACAT_037,9
TACCACCACCCCAACGACAT_038,188
TACCACCACCCCAACGACAT_039,180
TACCACCACCCCAACGACAT_040,110
TACCACCACCCCAACGACAT_041,103
TACCACCACCCCAACGACAT_042,70
TACCACCACCCCAACGACAT_043,4
TACCACCACCCCAACGACAT_044,17
TACCACCACCCCAACGACAT_045,12
CCCTTTCGAGTTCAACCCCG_001,70
CCCTTTCGAGTTCAACCCCG_002,120
CCCTTTCGAGTTCAACCCCG_003,32
CCCTTTCGAGTTCAACCCCG_004,174
CCCTTTCGAGTTCAACCCCG_005,155
CCCTTTCGAGTTCAACCCCG_006,148
CCCTTTCGAGTTCAACCCCG_007,120
CCCTTTCGAGTTCAACCCCG_008,2
CCCTTTCGAGTTCAACCCCG_009,107
CCCTTTCGAGTTCAACCCCG_010,169
CCCTTTCGAGTTCAACCCCG_011,16
CCCTTTCGAGTTCAACCCCG_012,145
CCCTTTCGAGTTCAACCCCG_013,95
CCCTTTCGAGTTCAACCCCG_014,193
CCCTTTCGAGTTCAACCCCG_015,127
CCCTTTCGAGTTCAACCCCG_016,28
AATGGACAGTTACGAGCCAG_001,24
AATGGACAGTTACGAGCCAG_002,132
AATGGACAGTTACGAGCCAG_003,115
AATGGACAGTTACGAGCCAG_004,76
AATGGACAGTTACGAGCCAG_005,118
AATGGACAGTTACGAGCCAG_006,126
AATGGACAGTTACGAGCCAG_007,99
AATGGACAGTTACGAGCCAG_008,118
AATGGACAGTTACGAGCCAG_009,97
AATGGACAGTTACGAGCCAG_010,166
AATGGACAGTTACGAGCCAG_011,56
AATGGACAGTTACGAGCCAG_012,65
AATGGACAGTTACGAGCCAG_013,58
CAGGAATCATGGGCTATCAA_001,127
CAGGAATCATGGGCTATCAA_002,77
CAGGAATCATGGGCTATCAA_003,8
CAGGAATCATGGGCTATCAA_004,22
GCAGACGAACTCCAAGATTG_001,50
GCAGACGAACTCCAAGATTG_002,199
GCAGACGAACTCCAAGATTG_003,79
GCAGACGAACTCCAAGATTG_004,126
GCAGACGAACTCCAAGATTG_005,22
GCAGACGAACTCCAAGATTG_006,188
GCAGACGAACTCCAAGATTG_007,193
GCAGACGAACTCCAAGATTG_008,158
GCAGACGAACTCCAAGATTG_009,40
GCAGACGAACTCCAAGATTG_010,16
GCAGACGAACTCCAAGATTG_011,70
GCAGACGAACTCCAAGATTG_012,62
GCAGACGAACTCCAAGATTG_013,123
GCAGACGAACTCCAAGATTG_014,3
GCAGACGAACTCCAAGATTG_015,17
GCAGACGAACTCCAAGATTG_016,181
GCAGACGAACTCCAAGATTG_017,125
GCAGACGAACTCCAAGATTG_018,121
GCAGACGAACTCCAAGATTG_019,78
GCAGACGAACTCCAAGATTG_020,6
GCAGACGAACTCCAAGATTG_021,82
GGGCGGTCGCATGTACCCTG_001,43
GGGCGGTCGCATGTACCCTG_002,161
GGGCGGTCGCATGTACCCTG_003,97
GGGCGGTCGCATGTACCCTG_004,150
GGGCGGTCGCATGTACCCTG_005,16
GGGCGGTCGCATGTACCCTG_006,65
GGGCGGTCGCATGTACCCTG_007,114
GGGCGGTCGCATGTACCCTG_008,41
GGGCGGTCGCATGTACCCTG_009,76
GGGCGGTCGCATGTACCCTG_010,76
GGGCGGTCGCATGTACCCTG_011,62
GGGCGGTCGCATGTACCCTG_012,127
GGGCGGTCGCATGTACCCTG_013,57
GGGCGGTCGCATGTACCCTG_014,188
GGGCGGTCGCATGTACCCTG_015,144
GGGCGGTCGCATGTACCCTG_016,48
GGGCGGTCGCATGTACCCTG_017,63
GGGCGGTCGCATGTACCCTG_018,184
GGGCGGTCGCATGTACCCTG_019,17
GGGCGGTCGCATGTACCCTG_020,6
GGGCGGTCGCATGTACCCTG_021,161
GGGCGGTCGCATGTACCCTG_022,16
AGCGCAGATAGCGCGTATCA_001,168
AGCGCAGATAGCGCGTATCA_002,94
AGCGCAGATAGCGCGTATCA_003,94
AGCGCAGATAGCGCGTATCA_004,10
AGCGCAGATAGCGCGTATCA_005,112
AGCGCAGATAGCGCGTATCA_006,17
AGCGCAGATAGCGCGTATCA_007,119
AGCGCAGATAGCGCGTATCA_008,95
AGCGCAGATAGCGCGTATCA_009,130
AGCGCAGATAGCGCGTATCA_010,9
AGCGCAGATAGCGCGTATCA_011,121
AGCGCAGATAGCGCGTATCA_012,3
AGCGCAGATAGCGCGTATCA_013,159
TTTACTGCACCTAAAGACAA_001,48
TTTACTGCACCTAAAGACAA_002,177
TTTACTGCACCTAAAGACAA_003,94
TTTACTGCACCTAAAGACAA_004,26
TTTACTGCACCTAAAGACAA_005,44
TTTACTGCACCTAAAGACAA_006,88
TTTACTGCACCTAAAGACAA_007,190
TTTACTGCACCTAAAGACAA_008,85
GAGTTGGCCCCAGAACAAGC_001,191
GAGTTGGCCCCAGAACAAGC_002,62
GAGTTGGCCCCAGAACAAGC_003,89
GAGTTGGCCCCAGAACAAGC_004,185
GAGTTGGCCCCAGAACAAGC_005,158
GGCAGCGTAAAGAAGAACGC_001,146
GGCAGCGTAAAGAAGAACGC_002,1
GGCAGCGTAAAGAAGAACGC_003,142
ACCACAGGTAAAGCTCCTGT_001,50
ACCACAGGTAAAGCTCCTGT_002,105
ACCACAGGTAAAGCTCCTGT_003,169
ACCACAGGTAAAGCTCCTGT_004,67
ACCACAGGTAAAGCTCCTGT_005,151
ACCACAGGTAAAGCTCCTGT_006,147
ACCACAGGTAAAGCTCCTGT_007,145
CAAATGGAACCAAACTCAGA_001,66
CTCGTACTCCGTCCACACTG_001,41
ACGGGGACATTGCAATGAGG_001,106
ACGGGGACATTGCAATGAGG_002,132
ACGGGGACATTGCAATGAGG_003,176
ACGGGGACATTGCAATGAGG_004,144
ACGGGGACATTGCAATGAGG_005,106
ACGGGGACATTGCAATGAGG_006,10
ACGGGGACATTGCAATGAGG_007,11
TAACAAAAGAAAAGTTGACA_001,104
TAACAAAAGAAAAGTTGACA_002,191
TAACAAAAGAAAAGTTGACA_003,146
TAACAAAAGAAAAGTTGACA_004,65
AGGTGGCTCTTGATGAGGCG_001,6
AGGTGGCTCTTGATGAGGCG_002,102
AGGTGGCTCTTGATGAGGCG_003,78
AGGTGGCTCTTGATGAGGCG_004,150
AGGTGGCTCTTGATGAGGCG_005,154
AGGTGGCTCTTGATGAGGCG_006,54
AGGTGGCTCTTGATGAGGCG_007,17
AGGTGGCTCTTGATGAGGCG_008,199
AGGTGGCTCTTGATGAGGCG_009,156
AGGTGGCTCTTGATGAGGCG_010,17
AGGTGGCTCTTGATGAGGCG_011,182
AGGTGGCTCTTGATGAGGCG_012,57
TCAACACGACTGCAGACCCA_001,172
TCAACACGACTGCAGACCCA_002,48
TCAACACGACTGCAGACCCA_003,77
TCAACACGACTGCAGACCCA_004,12
TCAACACGACTGCAGACCCA_005,73
TCAACACGACTGCAGACCCA_006,137
TCAACACGACTGCAGACCCA_007,97
TCAACACGACTGCAGACCCA_008,139
TCAACACGACTGCAGACCCA_009,123
TCAACACGACTGCAGACCCA_010,88
TCAACACGACTGCAGACCCA_011,77
TCAACACGACTGCAGACCCA_012,197
TGAGCAGCCACCGTCTTATG_001,47
TGAGCAGCCACCGTCTTATG_002,55
AAAATCTGCCAAGACTAGGA_001,141
AAAATCTGCCAAGACTAGGA_002,33
AAAATCTGCCAAGACTAGGA_003,1
AAAATCTGCCAAGACTAGGA_004,107
AAAATCTGCCAAGACTAGGA_005,40
AAAATCTGCCAAGACTAGGA_006,29
AAAATCTGCCAAGACTAGGA_007,185
GCTATCCGTCAGGTGTCATG_001,85
GCTATCCGTCAGGTGTCATG_002,170
GCTATCCGTCAGGTGTCATG_003,32
GCTATCCGTCAGGTGTCATG_004,86
GCTATCCGTCAGGTGTCATG_005,86
GCTATCCGTCAGGTGTCATG_006,58
GCTATCCGTCAGGTGTCATG_007,22
GCTATCCGTCAGGTGTCATG_008,62
GCTATCCGTCAGGTGTCATG_009,111
GCTATCCGTCAGGTGTCATG_010,36
GCTATCCGTCAGGTGTCATG_011,116
TCTGCCTGAGAGAGCTGAAG_001,53
TCTGCCTGAGAGAGCTGAAG_002,83
TCTGCCTGAGAGAGCTGAAG_003,40
TCTGCCTGAGAGAGCTGAAG_004,157
ATGACTACAAATAGTCCGAA_001,132
TTACGTTATAGATCCAGGCA_001,147
TTACGTTATAGATCCAGGCA_002,20
TTACGTTATAGATCCAGGCA_003,120
TTACGTTATAGATCCAGGCA_004,28
TTACGTTATAGATCCAGGCA_005,40
CCAATCTGAGCAGCAATCCG_001,172
CCAATCTGAGCAGCAATCCG_002,176
CCAATCTGAGCAGCAATCCG_003,24
CCAATCTGAGCAGCAATCCG_004,150
CCAATCTGAGCAGCAATCCG_005,34
CCAATCTGAGCAGCAATCCG_006,63
CCAATCTGAGCAGCAATCCG_007,61
CCAATCTGAGCAGCAATCCG_008,19
CCAATCTGAGCAGCAATCCG_009,148
CCAATCTGAGCAGCAATCCG_010,198
CCAATCTGAGCAGCAATCCG_011,8
CCAATCTGAGCAGCAATCCG_012,28
CCAATCTGAGCAGCAATCCG_013,190
CCAATCTGAGCAGCAATCCG_014,194
GTGTGTGCTGACTTGATAAG_001,16
TCACTCTACTCAGCGTCAAA_001,162
TCACTCTACTCAGCGTCAAA_002,160
TCACTCTACTCAGCGTCAAA_003,127
TCACTCTACTCAGCGTCAAA_004,43
TCACTCTACTCAGCGTCAAA_005,161
TCACTCTACTCAGCGTCAAA_006,52
CTTTCATTAGGGACCACTCG_001,75
CTTTCATTAGGGACCACTCG_002,0
ATCCTCGAACAGAATCAGAG_001,94
ATCCTCGAACAGAATCAGAG_002,106
ATCCTCGAACAGAATCAGAG_003,29
ATCCTCGAACAGAATCAGAG_004,181
ATCCTCGAACAGAATCAGAG_005,7
ATCCTCGAACAGAATCAGAG_006,77
ATCCTCGAACAGAATCAGAG_007,49
ATCCTCGAACAGAATCAGAG_008,183
ATCCTCGAACAGAATCAGAG_009,43
ATCCTCGAACAGAATCAGAG_010,118
ATCCTCGAACAGAATCAGAG_011,147
ATCCTCGAACAGAATCAGAG_012,55
ATCCTCGAACAGAATCAGAG_013,39
ATCCTCGAACAGAATCAGAG_014,26
ATCCTCGAACAGAATCAGAG_015,47
ATCCTCGAACAGAATCAGAG_016,68
ATCCTCGAACAGAATCAGAG_017,188
ATCCTCGAACAGAATCAGAG_018,98
ATCCTCGAACAGAATCAGAG_019,61
TGAGTGCCCCTATACCTGGG_001,157
TGAGTGCCCCTATACCTGGG_002,162
TGAGTGCCCCTATACCTGGG_003,169
TGAGTGCCCCTATACCTGGG_004,94
TGAGTGCCCCTATACCTGGG_005,119
TGAGTGCCCCTATACCTGGG_006,9
TGAGTGCCCCTATACCTGGG_007,60
TGAGTGCCCCTATACCTGGG_008,34
TGAGTGCCCCTATACCTGGG_009,2
TGAGTGCCCCTATACCTGGG_010,142
TGAGTGCCCCTATACCTGGG_011,32
CCTCCCACTCACCTTAACCA_001,155
CCTCCCACTCACCTTAACCA_002,106
CCTCCCACTCACCTTAACCA_003,163
CCTCCCACTCACCTTAACCA_004,98
CCTCCCACTCACCTTAACCA_005,183
CCTCCCACTCACCTTAACCA_006,81
CCTCCCACTCACCTTAACCA_007,137
CCTCCCACTCACCTTAACCA_008,1
CCTCCCACTCACCTTAACCA_009,165
CCTCCCACTCACCTTAACCA_010,144
CCTCCCACTCACCTTAACCA_011,106
CCTCCCACTCACCTTAACCA_012,131
CCTCCCACTCACCTTAACCA_013,63
CCTCCCACTCACCTTAACCA_014,144
CCTCCCACTCACCTTAACCA_015,66
CCTCCCACTCACCTTAACCA_016,18
CCTCCCACTCACCTTAACCA_017,144
CCTCCCACTCACCTTAACCA_018,126
GATGCCCTGTCGAGCCAGCG_001,62
GATGCCCTGTCGAGCCAGCG_002,198
GATGCCCTGTCGAGCCAGCG_003,181
GATGCCCTGTCGAGCCAGCG_004,27
GATGCCCTGTCGAGCCAGCG_005,145
GATGCCCTGTCGAGCCAGCG_006,148
GATGCCCTGTCGAGCCAGCG_007,137
GATGCCCTGTCGAGCCAGCG_008,116
GATGCCCTGTCGAGCCAGCG_009,92
GATGCCCTGTCGAGCCAGCG_010,82
GATGCCCTGTCGAGCCAGCG_011,105
GATGCCCTGTCGAGCCAGCG_012,57
GATGCCCTGTCGAGCCAGCG_013,113
GATGCCCTGTCGAGCCAGCG_014,198
GATGCCCTGTCGAGCCAGCG_015,50
GATGCCCTGTCGAGCCAGCG_016,15
GATGCCCTGTCGAGCCAGCG_017,49
GATGCCCTGTCGAGCCAGCG_018,49
GATGCCCTGTCGAGCCAGCG_019,12
GATGCCCTGTCGAGCCAGCG_020,130
GATGCCCTGTCGAGCCAGCG_021,108
GATGCCCTGTCGAGCCAGCG_022,97
GATGCCCTGTCGAGCCAGCG_023,184
GATGCCCTGTCGAGCCAGCG_024,132
GATGCCCTGTCGAGCCAGCG_025,111
GATGCCCTGTCGAGCCAGCG_026,25
GATGCCCTGTCGAGCCAGCG_027,95
GATGCCCTGTCGAGCCAGCG_028,136
GATGCCCTGTCGAGCCAGCG_029,130
GATGCCCTGTCGAGCCAGCG_030,106
GATGCCCTGTCGAGCCAGCG_031,157
GATGCCCTGTCGAGCCAGCG_032,157
GATGCCCTGTCGAGCCAGCG_033,153
GATGCCCTGTCGAGCCAGCG_034,56
GATGCCCTGTCGAGCCAGCG_035,175
GATGCCCTGTCGAGCCAGCG_036,180
GATGCCCTGTCGAGCCAGCG_037,52
CCATTGAAGTTAACCGGTGT_001,162
CCATTGAAGTTAACCGGTGT_002,190
CCATTGAAGTTAACCGGTGT_003,3
CCATTGAAGTTAACCGGTGT_004,127
CCATTGAAGTTAACCGGTGT_005,136
CGCCTTCTGCTGCTACACGT_001,75
CGCCTTCTGCTGCTACACGT_002,72
CGCCTTCTGCTGCTACACGT_003,76
CGCCTTCTGCTGCTACACGT_004,185
CGCCTTCTGCTGCTACACGT_005,132
CGCCTTCTGCTGCTACACGT_006,62
CGCCTTCTGCTGCTACACGT_007,190
CGCCTTCTGCTGCTACACGT_008,176
CGCCTTCTGCTGCTACACGT_009,9
CGCCTTCTGCTGCTACACGT_010,184
CGCCTTCTGCTGCTACACGT_011,119
CGCCTTCTGCTGCTACACGT_012,144
TCCGATCGCTACCAGACAGT_001,61
TCCGATCGCTACCAGACAGT_002,189
TCCGATCGCTACCAGACAGT_003,98
TCCGATCGCTACCAGACAGT_004,148
TCCGATCGCTACCAGACAGT_005,162
AAACCTCTTTGCTTGACCAG_001,14
AAACCTCTTTGCTTGACCAG_002,147
AAACCTCTTTGCTTGACCAG_003,69
AAACCTCTTTGCTTGACCAG_004,197
AAACCTCTTTGCTTGACCAG_005,148
AAACCTCTTTGCTTGACCAG_006,170
AAACCTCTTTGCTTGACCAG_007,34
AAACCTCTTTGCTTGACCAG_008,12
AAACCTCTTTGCTTGACCAG_009,184
AAACCTCTTTGCTTGACCAG_010,135
CATTTCGGACCGTAGACAGT_001,88
CATTTCGGACCGTAGACAGT_002,127
CATTTCGGACCGTAGACAGT_003,140
CATTTCGGACCGTAGACAGT_004,160
CATTTCGGACCGTAGACAGT_005,141
CATTTCGGACCGTAGACAGT_006,31
CATTTCGGACCGTAGACAGT_007,31
CATTTCGGACCGTAGACAGT_008,49
CATTTCGGACCGTAGACAGT_009,145
CATTTCGGACCGTAGACAGT_010,46
CGCTGGCCCGGATGTCGCGG_001,49
CTCGTATTAGGAGATATCGA_001,185
CTCGTATTAGGAGATATCGA_002,31
TGAAAGACGACTTGAACTCT_001,40
TGAAAGACGACTTGAACTCT_002,48
TGAAAGACGACTTGAACTCT_003,198
TGAAAGACGACTTGAACTCT_004,15
TGAAAGACGACTTGAACTCT_005,84
TGAAAGACGACTTGAACTCT_006,103
TGAAAGACGACTTGAACTCT_007,115
TGAAAGACGACTTGAACTCT_008,130
GAGGAGTGCGAAGTGGACCA_001,2
GAGGAGTGCGAAGTGGACCA_002,176
GAGGAGTGCGAAGTGGACCA_003,85
GAGGAGTGCGAAGTGGACCA_004,85
GAGGAGTGCGAAGTGGACCA_005,48
GAGGAGTGCGAAGTGGACCA_006,106
AGCCATGGTGCAGAGGAGGA_001,76
AGCCATGGTGCAGAGGAGGA_002,113
AGCCATGGTGCAGAGGAGGA_003,195
AGCCATGGTGCAGAGGAGGA_004,104
AGCCATGGTGCAGAGGAGGA_005,99
AGCCATGGTGCAGAGGAGGA_006,139
AGCCATGGTGCAGAGGAGGA_007,123
AGCCATGGTGCAGAGGAGGA_008,156
AGCCATGGTGCAGAGGAGGA_009,73
AGCCATGGTGCAGAGGAGGA_010,21
AGCCATGGTGCAGAGGAGGA_011,152
AAAGGCTTTGAGAAGGACGT_001,102
AAAGGCTTTGAGAAGGACGT_002,114
AAAGGCTTTGAGAAGGACGT_003,45
AAAGGCTTTGAGAAGGACGT_004,86
AAAGGCTTTGAGAAGGACGT_005,158
AAAGGCTTTGAGAAGGACGT_006,96
AAAGGCTTTGAGAAGGACGT_007,114
AAAGGCTTTGAGAAGGACGT_008,10
AAAGGCTTTGAGAAGGACGT_009,0
TGGGTAGCTCCTCGTAACAG_001,69
TGGGTAGCTCCTCGTAACAG_002,194
TGGGTAGCTCCTCGTAACAG_003,194
TGGGTAGCTCCTCGTAACAG_004,150
TGGGTAGCTCCTCGTAACAG_005,193
TGGGTAGCTCCTCGTAACAG_006,68
TGGGTAGCTCCTCGTAACAG_007,174
GAGCCCCTGAAATCATTGGG_001,56
GAGCCCCTGAAATCATTGGG_002,82
GAGCCCCTGAAATCATTGGG_003,120
GAGCCCCTGAAATCATTGGG_004,80
GAGCCCCTGAAATCATTGGG_005,150
TCTTGAGGTTGACAGGTCGG_001,163
TCTTGAGGTTGACAGGTCGG_002,111
TCTTGAGGTTGACAGGTCGG_003,77
TCTTGAGGTTGACAGGTCGG_004,144
TCTTGAGGTTGACAGGTCGG_005,48
TCTTGAGGTTGACAGGTCGG_006,153
TCTTGAGGTTGACAGGTCGG_007,163
TCTTGAGGTTGACAGGTCGG_008,48
TCTTGAGGTTGACAGGTCGG_009,134
TCTTGAGGTTGACAGGTCGG_010,172
TCTTGAGGTTGACAGGTCGG_011,185
TCTTGAGGTTGACAGGTCGG_012,165
TCTTGAGGTTGACAGGTCGG_013,68
TCTTGAGGTTGACAGGTCGG_014,131
TCTTGAGGTTGACAGGTCGG_015,19
CCCTGGACCTCCTAGACCGG_001,181
CCCTGGACCTCCTAGACCGG_002,128
CCCTGGACCTCCTAGACCGG_003,188
CCCTGGACCTCCTAGACCGG_004,56
CCCTGGACCTCCTAGACCGG_005,159
CCCTGGACCTCCTAGACCGG_006,35
CCCTGGACCTCCTAGACCGG_007,142
CCCTGGACCTCCTAGACCGG_008,40
CCCTGGACCTCCTAGACCGG_009,19
CCCTGGACCTCCTAGACCGG_010,136
CCCTGGACCTCCTAGACCGG_011,144
CCCTGGACCTCCTAGACCGG_012,77
CCCTGGACCTCCTAGACCGG_013,149
CCTGGACCGATATCTGCTCA_001,36
GGTCACAGCCAGACCGTCAG_001,111
GGTCACAGCCAGACCGTCAG_002,32
CCAGGACTGTTCATCCCTCG_001,131
GGGGCTTCTTGATTTCAAAG_001,105
TGGCGGCGGACTTCTACCAC_001,140
TGGCGGCGGACTTCTACCAC_002,151
TGGCGGCGGACTTCTACCAC_003,118
TGGCGGCGGACTTCTACCAC_004,5
TGGCGGCGGACTTCTACCAC_005,55
TGGGATTATTAGCTGTCCTG_001,103
TGGGATTATTAGCTGTCCTG_002,102
TGGGATTATTAGCTGTCCTG_003,58
TGGGATTATTAGCTGTCCTG_004,177
TGGGATTATTAGCTGTCCTG_005,51
TGGGATTATTAGCTGTCCTG_006,54
TGGGATTATTAGCTGTCCTG_007,30
CCCCGCTCACCGTTCCCGAG_001,154
CCCCGCTCACCGTTCCCGAG_002,196
CCCCGCTCACCGTTCCCGAG_003,166
CCCCGCTCACCGTTCCCGAG_004,126
CCCCGCTCACCGTTCCCGAG_005,53
CCCCGCTCACCGTTCCCGAG_006,169
CCCCGCTCACCGTTCCCGAG_007,198
CCCCGCTCACCGTTCCCGAG_008,70
CCCCGCTCACCGTTCCCGAG_009,4
CCCCGCTCACCGTTCCCGAG_010,7
CCCCGCTCACCGTTCCCGAG_011,158
CCCCGCTCACCGTTCCCGAG_012,120
CCCCGCTCACCGTTCCCGAG_013,39
CCCCGCTCACCGTTCCCGAG_014,16
CCCCGCTCACCGTTCCCGAG_015,16
CCCCGCTCACCGTTCCCGAG_016,114
CCCCGCTCACCGTTCCCGAG_017,63
CCCCGCTCACCGTTCCCGAG_018,17
CCCCGCTCACCGTTCCCGAG_019,27
CCCCGCTCACCGTTCCCGAG_020,78
CCCCGCTCACCGTTCCCGAG_021,144
CCCCGCTCACCGTTCCCGAG_022,131
CCCCGCTCACCGTTCCCGAG_023,131
CCCCGCTCACCGTTCCCGAG_024,43
CAACTTCCGAACGGGCATCG_001,83
CAACTTCCGAACGGGCATCG_002,80
CAACTTCCGAACGGGCATCG_003,165
CAACTTCCGAACGGGCATCG_004,53
CAACTTCCGAACGGGCATCG_005,174
CAACTTCCGAACGGGCATCG_006,81
CAACTTCCGAACGGGCATCG_007,57
CAACTTCCGAACGGGCATCG_008,173
CAACTTCCGAACGGGCATCG_009,148
CAACTTCCGAACGGGCATCG_010,86
CAACTTCCGAACGGGCATCG_011,177
CAACTTCCGAACGGGCATCG_012,177
CAACTTCCGAACGGGCATCG_013,172
CAACTTCCGAACGGGCATCG_014,67
CAACTTCCGAACGGGCATCG_015,147
CAACTTCCGAACGGGCATCG_016,198
CAACTTCCGAACGGGCATCG_017,188
CAACTTCCGAACGGGCATCG_018,190
CAACTTCCGAACGGGCATCG_019,98
CAACTTCCGAACGGGCATCG_020,9
CAACTTCCGAACGGGCATCG_021,77
CAACTTCCGAACGGGCATCG_022,106
CAACTTCCGAACGGGCATCG_023,50
CAACTTCCGAACGGGCATCG_024,27
CAACTTCCGAACGGGCATCG_025,138
CAACTTCCGAACGGGCATCG_026,63
CAACTTCCGAACGGGCATCG_027,166
CAACTTCCGAACGGGCATCG_028,137
TGAACCAGTTGTCCAAGACC_001,6
TGAACCAGTTGTCCAAGACC_002,11
TGAACCAGTTGTCCAAGACC_003,198
TGAACCAGTTGTCCAAGACC_004,181
TGAACCAGTTGTCCAAGACC_005,23
TGAACCAGTTGTCCAAGACC_006,108
TGAACCAGTTGTCCAAGACC_007,10
TGAACCAGTTGTCCAAGACC_008,96
CCCAATGAAGAGGTTCAACG_001,108
CCCAATGAAGAGGTTCAACG_002,143
CCCAATGAAGAGGTTCAACG_003,44
CCCAATGAAGAGGTTCAACG_004,50
CCCAATGAAGAGGTTCAACG_005,92
CCCAATGAAGAGGTTCAACG_006,31
CCCAATGAAGAGGTTCAACG_007,151
CCCAATGAAGAGGTTCAACG_008,77
CTGGGAGAGGATATGGTGCA_001,178
CTGGGAGAGGATATGGTGCA_002,121
GCAGGATGGGCACATTTCGA_001,197
GCAGGATGGGCACATTTCGA_002,25
GCAGGATGGGCACATTTCGA_003,78
GCAGGATGGGCACATTTCGA_004,48
GCAGGATGGGCACATTTCGA_005,83
GCAGGATGGGCACATTTCGA_006,29
GCAGGATGGGCACATTTCGA_007,186
GGTGACAGCGGGTAGCAAGA_001,21
GGTGACAGCGGGTAGCAAGA_002,148
GGTGACAGCGGGTAGCAAGA_003,65
GGTGACAGCGGGTAGCAAGA_004,32
GGTGACAGCGGGTAGCAAGA_005,62
GGTGACAGCGGGTAGCAAGA_006,46
GGTGACAGCGGGTAGCAAGA_007,23
GGTGACAGCGGGTAGCAAGA_008,23
GGTGACAGCGGGTAGCAAGA_009,175
GGTGACAGCGGGTAGCAAGA_010,145
GGTGACAGCGGGTAGCAAGA_011,28
GGTGACAGCGGGTAGCAAGA_012,136
GGTGACAGCGGGTAGCAAGA_013,4
TCTGGTCACTTAGAGCTGAG_001,117
TCTGGTCACTTAGAGCTGAG_002,28
TCTGGTCACTTAGAGCTGAG_003,35
TCTGGTCACTTAGAGCTGAG_004,3
CTCAGAGCGATACCACCACA_001,127
CTCAGAGCGATACCACCACA_002,9
CTCAGAGCGATACCACCACA_003,127
CTCAGAGCGATACCACCACA_004,57
CTCAGAGCGATACCACCACA_005,29
CTCAGAGCGATACCACCACA_006,170
CTCAGAGCGATACCACCACA_007,6
CTCAGAGCGATACCACCACA_008,161
CTCAGAGCGATACCACCACA_009,148
TGGAGGTGGTGCACAACGTG_001,110
TGGAGGTGGTGCACAACGTG_002,27
TGGAGGTGGTGCACAACGTG_003,160
TGGAGGTGGTGCACAACGTG_004,2
TGGAGGTGGTGCACAACGTG_005,55
TGGAGGTGGTGCACAACGTG_006,157
TGGAGGTGGTGCACAACGTG_007,7
TGGAGGTGGTGCACAACGTG_008,7
TGGAGGTGGTGCACAACGTG_009,136
TGGAGGTGGTGCACAACGTG_010,130
TGGAGGTGGTGCACAACGTG_011,69
TGGAGGTGGTGCACAACGTG_012,1
TGGAGGTGGTGCACAACGTG_013,82
TGGAGGTGGTGCACAACGTG_014,56
TGGAGGTGGTGCACAACGTG_015,49
TGGAGGTGGTGCACAACGTG_016,93
TGGAGGTGGTGCACAACGTG_017,74
TGGAGGTGGTGCACAACGTG_018,137
TGGAGGTGGTGCACAACGTG_019,60
TGGAGGTGGTGCACAACGTG_020,93
TGGAGGTGGTGCACAACGTG_021,133
TGGAGGTGGTGCACAACGTG_022,127
TGGAGGTGGTGCACAACGTG_023,149
TGGAGGTGGTGCACAACGTG_024,63
TGGAGGTGGTGCACAACGTG_025,171
TGGAGGTGGTGCACAACGTG_026,178
TGGAGGTGGTGCACAACGTG_027,108
TGGAGGTGGTGCACAACGTG_028,50
TGGAGGTGGTGCACAACGTG_029,137
TGGAGGTGGTGCACAACGTG_030,187
TGGAGGTGGTGCACAACGTG_031,50
TGGAGGTGGTGCACAACGTG_032,108
TGGAGGTGGTGCACAACGTG_033,0
TGGGTGACCGGCTGCTATTG_001,9
TGGGTGACCGGCTGCTATTG_002,88
TGGGTGACCGGCTGCTATTG_003,43
TGGGTGACCGGCTGCTATTG_004,186
TGGGTGACCGGCTGCTATTG_005,35
TGGGTGACCGGCTGCTATTG_006,160
TGGGTGACCGGCTGCTATTG_007,166
TGGGTGACCGGCTGCTATTG_008,9
ATTGACTCCTGAGTCGCGGT_001,59
ATTGACTCCTGAGTCGCGGT_002,50
ATTGACTCCTGAGTCGCGGT_003,48
ATTGACTCCTGAGTCGCGGT_004,191
ATTGACTCCTGAGTCGCGGT_005,3
ATTGACTCCTGAGTCGCGGT_006,42
ATTGACTCCTGAGTCGCGGT_007,2
ATTGACTCCTGAGTCGCGGT_008,110
CCAGAGTAAGTTGTCTGGCA_001,97
CCAGAGTAAGTTGTCTGGCA_002,47
CCAGAGTAAGTTGTCTGGCA_003,170
CCAGAGTAAGTTGTCTGGCA_004,98
CCAGAGTAAGTTGTCTGGCA_005,62
CCAGAGTAAGTTGTCTGGCA_006,176
CCAGAGTAAGTTGTCTGGCA_007,133
CCAGAGTAAGTTGTCTGGCA_008,77
CCAGAGTAAGTTGTCTGGCA_009,199
CCAGAGTAAGTTGTCTGGCA_010,81
CCAGAGTAAGTTGTCTGGCA_011,50
CCAGAGTAAGTTGTCTGGCA_012,14
CCAGAGTAAGTTGTCTGGCA_013,83
CCAGAGTAAGTTGTCTGGCA_014,111
CCAGAGTAAGTTGTCTGGCA_015,88
CCAGAGTAAGTTGTCTGGCA_016,117
CCAGAGTAAGTTGTCTGGCA_017,79
CCAGAGTAAGTTGTCTGGCA_018,95
CCAGAGTAAGTTGTCTGGCA_019,132
CCAGAGTAAGTTGTCTGGCA_020,16
CCAGAGTAAGTTGTCTGGCA_021,138
CCAGAGTAAGTTGTCTGGCA_022,35
CCAGAGTAAGTTGTCTGGCA_023,19
CCAGAGTAAGTTGTCTGGCA_024,52
CCAGAGTAAGTTGTCTGGCA_025,49
CCAGAGTAAGTTGTCTGGCA_026,78
CCAGAGTAAGTTGTCTGGCA_027,197
CCTGGAGGCCCAGTTACCAG_001,44
CCTGGAGGCCCAGTTACCAG_002,189
CCTGGAGGCCCAGTTACCAG_003,53
CCTGGAGGCCCAGTTACCAG_004,60
CCTGGAGGCCCAGTTACCAG_005,102
CCTGGAGGCCCAGTTACCAG_006,199
CCTGGAGGCCCAGTTACCAG_007,98
CCTGGAGGCCCAGTTACCAG_008,60
CCTGGAGGCCCAGTTACCAG_009,176
CCTGGAGGCCCAGTTACCAG_010,146
CCTGGAGGCCCAGTTACCAG_011,54
CCTGGAGGCCCAGTTACCAG_012,130
CCTGGAGGCCCAGTTACCAG_013,120
CCTGGAGGCCCAGTTACCAG_014,166
CCTGGAGGCCCAGTTACCAG_015,34
GCCTGCCCAGCCGAGCGAAG_001,81
GCCTGCCCAGCCGAGCGAAG_002,150
GCCTGCCCAGCCGAGCGAAG_003,70
GCCTGCCCAGCCGAGCGAAG_004,185
GCCTGCCCAGCCGAGCGAAG_005,13
GCCTGCCCAGCCGAGCGAAG_006,61
GCCTGCCCAGCCGAGCGAAG_007,96
GCCTGCCCAGCCGAGCGAAG_008,163
GCCTGCCCAGCCGAGCGAAG_009,105
GCCTGCCCAGCCGAGCGAAG_010,57
GCCTGCCCAGCCGAGCGAAG_011,6
GCCTGCCCAGCCGAGCGAAG_012,108
GCCTGCCCAGCCGAGCGAAG_013,16
GCCTGCCCAGCCGAGCGAAG_014,149
GCCTGCCCAGCCGAGCGAAG_015,84
GCCTGCCCAGCCGAGCGAAG_016,86
GCCTGCCCAGCCGAGCGAAG_017,122
GCCTGCCCAGCCGAGCGAAG_018,172
GCCTGCCCAGCCGAGCGAAG_019,96
GCCTGCCCAGCCGAGCGAAG_020,93
GCCTGCCCAGCCGAGCGAAG_021,30
GCCTGCCCAGCCGAGCGAAG_022,1
GCCTGCCCAGCCGAGCGAAG_023,121
GCCTGCCCAGCCGAGCGAAG_024,162
GCCTGCCCAGCCGAGCGAAG_025,46
GCCTGCCCAGCCGAGCGAAG_026,46
GCCTGCCCAGCCGAGCGAAG_027,107
TGTTCATTCCTAAGCCCAGA_001,29
TGTTCATTCCTAAGCCCAGA_002,94
AGAGGAGTACAAGTTTCCCG_001,111
AGAGGAGTACAAGTTTCCCG_002,98
AGAGGAGTACAAGTTTCCCG_003,175
AGAGGAGTACAAGTTTCCCG_004,151
AGAGGAGTACAAGTTTCCCG_005,66
AAGGTGCGAAGTCACACGGA_001,28
AAGGTGCGAAGTCACACGGA_002,25
AAGGTGCGAAGTCACACGGA_003,175
AAGGTGCGAAGTCACACGGA_004,164
AAGGTGCGAAGTCACACGGA_005,172
AAGGTGCGAAGTCACACGGA_006,17
AAGGTGCGAAGTCACACGGA_007,47
AAGGTGCGAAGTCACACGGA_008,88
AAGGTGCGAAGTCACACGGA_009,169
AAGGTGCGAAGTCACACGGA_010,0
AAGGTGCGAAGTCACACGGA_011,65
AAGGTGCGAAGTCACACGGA_012,184
AAGGTGCGAAGTCACACGGA_013,6
AAGGTGCGAAGTCACACGGA_014,1
AAGGTGCGAAGTCACACGGA_015,148
AAGGTGCGAAGTCACACGGA_016,27
AAGGTGCGAAGTCACACGGA_017,151
AAGGTGCGAAGTCACACGGA_018,133
AAGGTGCGAAGTCACACGGA_019,156
AAGGTGCGAAGTCACACGGA_020,169
AAGGTGCGAAGTCACACGGA_021,197
AAGGTGCGAAGTCACACGGA_022,175
AAGGTGCGAAGTCACACGGA_023,19
AAGGTGCGAAGTCACACGGA_024,106
AAGGTGCGAAGTCACACGGA_025,43
TGTCTGGATGTTCAGAAAAG_001,41
TGTCTGGATGTTCAGAAAAG_002,78
TGTCTGGATGTTCAGAAAAG_003,176
TGTCTGGATGTTCAGAAAAG_004,199
TGTCTGGATGTTCAGAAAAG_005,56
GTATGCCAAGAACTTCTACG_001,4
GTATGCCAAGAACTTCTACG_002,15
GTATGCCAAGAACTTCTACG_003,15
GTATGCCAAGAACTTCTACG_004,184
GTATGCCAAGAACTTCTACG_005,29
GTATGCCAAGAACTTCTACG_006,142
TCATCACATACACGATAGAC_001,44
TCATCACATACACGATAGAC_002,127
AAACATCTCCATGTAGTGAT_001,166
AAACATCTCCATGTAGTGAT_002,142
AAACATCTCCATGTAGTGAT_003,83
AAACATCTCCATGTAGTGAT_004,174
AAACATCTCCATGTAGTGAT_005,20
AAACATCTCCATGTAGTGAT_006,119
AAACATCTCCATGTAGTGAT_007,125
GCTCTGTCATACTTGACAGA_001,95
ATTCACTTTGTCCTAAATCG_001,64
ATTCACTTTGTCCTAAATCG_002,129
ATTCACTTTGTCCTAAATCG_003,75
ATTCACTTTGTCCTAAATCG_004,74
ATTCACTTTGTCCTAAATCG_005,25
ATTCACTTTGTCCTAAATCG_006,129
ATTCACTTTGTCCTAAATCG_007,158
ATTCACTTTGTCCTAAATCG_008,62
ATTCACTTTGTCCTAAATCG_009,41
ATTCACTTTGTCCTAAATCG_010,66
ATTCACTTTGTCCTAAATCG_011,172
CACAGGTGATCCATGCTCTA_001,149
CACAGGTGATCCATGCTCTA_002,185
CACAGGTGATCCATGCTCTA_003,185
CACAGGTGATCCATGCTCTA_004,106
CACAGGTGATCCATGCTCTA_005,160
CACAGGTGATCCATGCTCTA_006,50
CACAGGTGATCCATGCTCTA_007,81
CACAGGTGATCCATGCTCTA_008,136
CACAGGTGATCCATGCTCTA_009,90
GATCATCGTGTACCACGCCA_001,160
GATCATCGTGTACCACGCCA_002,121
GATCATCGTGTACCACGCCA_003,23
GATCATCGTGTACCACGCCA_004,137
CACGGAAGTACTTTGCTACA_001,121
CATCATGTCTCGGGTAACAG_001,146
CATCATGTCTCGGGTAACAG_002,124
CATCATGTCTCGGGTAACAG_003,193
CATCATGTCTCGGGTAACAG_004,62
CATCATGTCTCGGGTAACAG_005,153
CATCATGTCTCGGGTAACAG_006,108
CATCATGTCTCGGGTAACAG_007,98
CATCATGTCTCGGGTAACAG_008,158
CATCATGTCTCGGGTAACAG_009,48
CATCATGTCTCGGGTAACAG_010,194
CATCATGTCTCGGGTAACAG_011,122
CATCATGTCTCGGGTAACAG_012,22
CATCATGTCTCGGGTAACAG_013,148
CATCATGTCTCGGGTAACAG_014,147
CATCATGTCTCGGGTAACAG_015,17
CATCATGTCTCGGGTAACAG_016,130
CATCATGTCTCGGGTAACAG_017,184
CATCATGTCTCGGGTAACAG_018,39
CATCATGTCTCGGGTAACAG_019,52
ATGATCTCAGAGGTGACAGG_001,114
ATGATCTCAGAGGTGACAGG_002,8
ATGATCTCAGAGGTGACAGG_003,26
ATGATCTCAGAGGTGACAGG_004,139
ATGATCTCAGAGGTGACAGG_005,94
ATGATCTCAGAGGTGACAGG_006,75
ATGATCTCAGAGGTGACAGG_007,117
ATGATCTCAGAGGTGACAGG_008,127
ATGATCTCAGAGGTGACAGG_009,115
ATGATCTCAGAGGTGACAGG_010,5
TTGTATGAATGGCCACACAA_001,58
TTGTATGAATGGCCACACAA_002,141
TTGTATGAATGGCCACACAA_003,158
TTGTATGAATGGCCACACAA_004,55
TTGTATGAATGGCCACACAA_005,48
TTGTATGAATGGCCACACAA_006,65
TTGTATGAATGGCCACACAA_007,37
TTGTATGAATGGCCACACAA_008,156
TTGTATGAATGGCCACACAA_009,6
TTGCACAAGTCCGTACTGAA_001,105
TTGCACAAGTCCGTACTGAA_002,106
TTGCACAAGTCCGTACTGAA_003,147
TTGCACAAGTCCGTACTGAA_004,80
GACCACCGCCAAGTCGAAGT_001,130
GACCACCGCCAAGTCGAAGT_002,115
GACCACCGCCAAGTCGAAGT_003,9
GACCACCGCCAAGTCGAAGT_004,176
GACCACCGCCAAGTCGAAGT_005,148
CGCCAGCACCGGAGGACCCT_001,60
CGCCAGCACCGGAGGACCCT_002,69
CGCCAGCACCGGAGGACCCT_003,35
CGCCAGCACCGGAGGACCCT_004,2
CGCCAGCACCGGAGGACCCT_005,65
CGCCAGCACCGGAGGACCCT_006,189
CGCCAGCACCGGAGGACCCT_007,189
GGCCATGCTAGTGCGCAGCG_001,45
GCAGAATTGGCTCATCAATG_001,137
GCAGAATTGGCTCATCAATG_002,10
GCAGAATTGGCTCATCAATG_003,111
TCAGCCTGTTCGACCAAGTG_001,0
TCAGCCTGTTCGACCAAGTG_002,97
TCAGCCTGTTCGACCAAGTG_003,181
TCAGCCTGTTCGACCAAGTG_004,181
TCAGCCTGTTCGACCAAGTG_005,54
TCAGCCTGTTCGACCAAGTG_006,191
TCAGCCTGTTCGACCAAGTG_007,51
TCAGCCTGTTCGACCAAGTG_008,169
TCAGCCTGTTCGACCAAGTG_009,95
TCAGCCTGTTCGACCAAGTG_010,153
TCAGCCTGTTCGACCAAGTG_011,58
TCAGCCTGTTCGACCAAGTG_012,127
TCAGCCTGTTCGACCAAGTG_013,102
TCAGCCTGTTCGACCAAGTG_014,101
TCAGCCTGTTCGACCAAGTG_015,177
TCAGCCTGTTCGACCAAGTG_016,108
TCAGCCTGTTCGACCAAGTG_017,0
TCAGCCTGTTCGACCAAGTG_018,2
CAGCTCCCTCTGGTCGACCA_001,120
CAGCTCCCTCTGGTCGACCA_002,98
CAGCTCCCTCTGGTCGACCA_003,22
CAGCTCCCTCTGGTCGACCA_004,57
CAGCTCCCTCTGGTCGACCA_005,28
CAGCTCCCTCTGGTCGACCA_006,62
CAGCTCCCTCTGGTCGACCA_007,107
CAGCTCCCTCTGGTCGACCA_008,141
CAGCTCCCTCTGGTCGACCA_009,48
CCATACTCACCAGAACAGGC_001,84
CCATACTCACCAGAACAGGC_002,118
CCATACTCACCAGAACAGGC_003,146
CCATACTCACCAGAACAGGC_004,157
CCATACTCACCAGAACAGGC_005,98
CCATACTCACCAGAACAGGC_006,41
CCATACTCACCAGAACAGGC_007,13
CCATACTCACCAGAACAGGC_008,70
CCATACTCACCAGAACAGGC_009,148
CCATACTCACCAGAACAGGC_010,76
CCATACTCACCAGAACAGGC_011,197
CCATACTCACCAGAACAGGC_012,115
CCATACTCACCAGAACAGGC_013,168
GGTCTGAGACAGAAGACACA_001,31
GGTCTGAGACAGAAGACACA_002,28
GGTCTGAGACAGAAGACACA_003,92
GGTCTGAGACAGAAGACACA_004,32
GGTCTGAGACAGAAGACACA_005,177
GGTCTGAGACAGAAGACACA_006,125
GGTCTGAGACAGAAGACACA_007,10
GTTGAAAATGGATTCGAACA_001,34
GTTGAAAATGGATTCGAACA_002,132
TGAGTACGATTCCATACTTG_001,50
AAATATACTAACAACCTGGG_001,30
AAATATACTAACAACCTGGG_002,145
AAATATACTAACAACCTGGG_003,154
AAATATACTAACAACCTGGG_004,145
AGTGGGACATGAGACCCCTG_001,142
AGTGGGACATGAGACCCCTG_002,12
AGTGGGACATGAGACCCCTG_003,61
AGTGGGACATGAGACCCCTG_004,56
AGTGGGACATGAGACCCCTG_005,175
AGTGGGACATGAGACCCCTG_006,16
AGTGGGACATGAGACCCCTG_007,69
AGTGGGACATGAGACCCCTG_008,29
AGTGGGACATGAGACCCCTG_009,140
AGTGGGACATGAGACCCCTG_010,8
AGTGGGACATGAGACCCCTG_011,56
AGTGGGACATGAGACCCCTG_012,60
AGTGGGACATGAGACCCCTG_013,182
CAACAATGACACCCACACGC_001,70
CTTATGTCTAGTTAGGACTG_001,171
CTTATGTCTAGTTAGGACTG_002,188
GCACGCACGTGCACACCTCG_001,189
GCACGCACGTGCACACCTCG_002,127
GCACGCACGTGCACACCTCG_003,62
GCACGCACGTGCACACCTCG_004,107
TCCACAGGAATGTGAAGCGG_001,1
TCCACAGGAATGTGAAGCGG_002,9
TCCACAGGAATGTGAAGCGG_003,29
TCCACAGGAATGTGAAGCGG_004,150
TCCACAGGAATGTGAAGCGG_005,132
TCCACAGGAATGTGAAGCGG_006,157
TCCACAGGAATGTGAAGCGG_007,91
TGAATCGGGTTCGATTATCA_001,45
TGAATCGGGTTCGATTATCA_002,138
GAAGAGCTGCCACTGGCGTG_001,36
GAAGAGCTGCCACTGGCGTG_002,106
GAAGAGCTGCCACTGGCGTG_003,190
GAAGAGCTGCCACTGGCGTG_004,190
GAAGAGCTGCCACTGGCGTG_005,3
GAAGAGCTGCCACTGGCGTG_006,77
CTCAAATCATACAATAGGAG_001,107
CTCAAATCATACAATAGGAG_002,28
GCAGGTAAATGGCTTTGCAG_001,81
GCAGGTAAATGGCTTTGCAG_002,115
GCAGGTAAATGGCTTTGCAG_003,92
GCAGGTAAATGGCTTTGCAG_004,128
GCAGGTAAATGGCTTTGCAG_005,142
GCAGGTAAATGGCTTTGCAG_006,45
GCAGGTAAATGGCTTTGCAG_007,69
GCAGGTAAATGGCTTTGCAG_008,190
GCAGGTAAATGGCTTTGCAG_009,57
GCAGGTAAATGGCTTTGCAG_010,140
GCAGGTAAATGGCTTTGCAG_011,52
GCAGGTAAATGGCTTTGCAG_012,66
GCAGGTTGAACAGCCTCCAG_001,29
GCAGGTTGAACAGCCTCCAG_002,53
GCAGGTTGAACAGCCTCCAG_003,158
GCAGGTTGAACAGCCTCCAG_004,20
GCAGGTTGAACAGCCTCCAG_005,15
GCAGGTTGAACAGCCTCCAG_006,2
AGAAATACATGGACAGCAGG_001,198
AGAAATACATGGACAGCAGG_002,178
AGAAATACATGGACAGCAGG_003,44
AGAAATACATGGACAGCAGG_004,42
AGAAATACATGGACAGCAGG_005,42
AGAAATACATGGACAGCAGG_006,8
AGAAATACATGGACAGCAGG_007,34
AGAAATACATGGACAGCAGG_008,9
AGAAATACATGGACAGCAGG_009,62
ACATACTCTAAGTCAGGCAG_001,15
ACATACTCTAAGTCAGGCAG_002,84
ACATACTCTAAGTCAGGCAG_003,158
ACATACTCTAAGTCAGGCAG_004,27
ACATACTCTAAGTCAGGCAG_005,177
ACATACTCTAAGTCAGGCAG_006,107
ACATACTCTAAGTCAGGCAG_007,140
ACATACTCTAAGTCAGGCAG_008,192
ACATACTCTAAGTCAGGCAG_009,185
ACATACTCTAAGTCAGGCAG_010,114
ACATACTCTAAGTCAGGCAG_011,2
ACATACTCTAAGTCAGGCAG_012,80
ACATACTCTAAGTCAGGCAG_013,60
ACATACTCTAAGTCAGGCAG_014,7
ACATACTCTAAGTCAGGCAG_015,107
ACATACTCTAAGTCAGGCAG_016,148
ACATACTCTAAGTCAGGCAG_017,149
AGTCCGGACAGGACGCTACT_001,62
AGTCCGGACAGGACGCTACT_002,63
AGTCCGGACAGGACGCTACT_003,19
AGTCCGGACAGGACGCTACT_004,144
AGTCCGGACAGGACGCTACT_005,125
AGTCCGGACAGGACGCTACT_006,79
AGTCCGGACAGGACGCTACT_007,81
AGTCCGGACAGGACGCTACT_008,53
AGTCCGGACAGGACGCTACT_009,42
AGTCCGGACAGGACGCTACT_010,138
AGTCCGGACAGGACGCTACT_011,151
AGTCCGGACAGGACGCTACT_012,26
AGTCCGGACAGGACGCTACT_013,61
AGTCCGGACAGGACGCTACT_014,162
AGTCCGGACAGGACGCTACT_015,170
AGTCCGGACAGGACGCTACT_016,142
AGTCCGGACAGGACGCTACT_017,102
AGTCCGGACAGGACGCTACT_018,84
AGTCCGGACAGGACGCTACT_019,65
ACCCACATAGAAATACTCTG_001,140
ACCCACATAGAAATACTCTG_002,133
CACGCACGTAGTCCCAGTCT_001,35
CATGCTAGAGAAGTCAGCAC_001,118
CATGCTAGAGAAGTCAGCAC_002,166
CATGCTAGAGAAGTCAGCAC_003,145
CATGCTAGAGAAGTCAGCAC_004,4
CATGCTAGAGAAGTCAGCAC_005,156
CATGCTAGAGAAGTCAGCAC_006,127
CATGCTAGAGAAGTCAGCAC_007,150
CATGCTAGAGAAGTCAGCAC_008,147
CATGCTAGAGAAGTCAGCAC_009,62
CATGCTAGAGAAGTCAGCAC_010,107
CATGCTAGAGAAGTCAGCAC_011,84
CATGCTAGAGAAGTCAGCAC_012,47
CATGCTAGAGAAGTCAGCAC_013,64
CATGCTAGAGAAGTCAGCAC_014,50
CATGCTAGAGAAGTCAGCAC_015,1
CATGCTAGAGAAGTCAGCAC_016,175
CATGCTAGAGAAGTCAGCAC_017,87
GATCTGGACCGGGATTGGCA_001,152
GATCTGGACCGGGATTGGCA_002,83
GATCTGGACCGGGATTGGCA_003,183
GATCTGGACCGGGATTGGCA_004,183
GATCTGGACCGGGATTGGCA_005,87
GATCTGGACCGGGATTGGCA_006,5
GATCTGGACCGGGATTGGCA_007,157
GATCTGGACCGGGATTGGCA_008,23
GATCTGGACCGGGATTGGCA_009,131
GATCTGGACCGGGATTGGCA_010,117
GATCTGGACCGGGATTGGCA_011,35
GATCTGGACCGGGATTGGCA_012,9
GATCTGGACCGGGATTGGCA_013,162
GATCTGGACCGGGATTGGCA_014,144
GATCTGGACCGGGATTGGCA_015,11
GATCTGGACCGGGATTGGCA_016,70
GATCTGGACCGGGATTGGCA_017,2
GATCTGGACCGGGATTGGCA_018,2
GATCTGGACCGGGATTGGCA_019,119
GCTGGGAGTCAATGGAATGG_001,157
GCTGGGAGTCAATGGAATGG_002,112
GCTGGGAGTCAATGGAATGG_003,166
GCTGGGAGTCAATGGAATGG_004,137
TTGCCAAGATAACTGGACGG_001,77
TTGCCAAGATAACTGGACGG_002,25
TTGCCAAGATAACTGGACGG_003,176
TTGCCAAGATAACTGGACGG_004,7
TTGCCAAGATAACTGGACGG_005,54
TTGCCAAGATAACTGGACGG_006,12
TTGCCAAGATAACTGGACGG_007,56
TTGCCAAGATAACTGGACGG_008,48
TTGCCAAGATAACTGGACGG_009,39
TTGCCAAGATAACTGGACGG_010,43
TTGCCAAGATAACTGGACGG_011,165
CAGCCGCCAGAGTGTCATTG_001,49
CAGCCGCCAGAGTGTCATTG_002,106
CAGCCGCCAGAGTGTCATTG_003,12
CAGCCGCCAGAGTGTCATTG_004,130
CAGCCGCCAGAGTGTCATTG_005,115
CAGCCGCCAGAGTGTCATTG_006,58
CAGCCGCCAGAGTGTCATTG_007,19
CAGCCGCCAGAGTGTCATTG_008,150
CAGCCGCCAGAGTGTCATTG_009,72
CAGCCGCCAGAGTGTCATTG_010,78
CAGCCGCCAGAGTGTCATTG_011,188
CAGCCGCCAGAGTGTCATTG_012,53
CAGCCGCCAGAGTGTCATTG_013,73
CAGCCGCCAGAGTGTCATTG_014,189
CAGCCGCCAGAGTGTCATTG_015,40
CAGCCGCCAGAGTGTCATTG_016,77
CAGCCGCCAGAGTGTCATTG_017,20
CAGCCGCCAGAGTGTCATTG_018,50
CAGCCGCCAGAGTGTCATTG_019,186
CAGCCGCCAGAGTGTCATTG_020,148
CAGCCGCCAGAGTGTCATTG_021,112
CAGCCGCCAGAGTGTCATTG_022,43
CAGCCGCCAGAGTGTCATTG_023,92
CAGCCGCCAGAGTGTCATTG_024,64
CAGCCGCCAGAGTGTCATTG_025,176
CAGCCGCCAGAGTGTCATTG_026,61
CAGCCGCCAGAGTGTCATTG_027,106
CAGCCGCCAGAGTGTCATTG_028,123
CAGCCGCCAGAGTGTCATTG_029,144
CAGCCGCCAGAGTGTCATTG_030,142
CAGCCGCCAGAGTGTCATTG_031,17
CAGCCGCCAGAGTGTCATTG_032,94
CAGCCGCCAGAGTGTCATTG_033,1
GCAAATGGGTGAGGCTACTG_001,188
GCAAATGGGTGAGGCTACTG_002,103
GCAAATGGGTGAGGCTACTG_003,1
GCAAATGGGTGAGGCTACTG_004,50
GCAAATGGGTGAGGCTACTG_005,8
GCAAATGGGTGAGGCTACTG_006,98
GCAAATGGGTGAGGCTACTG_007,50
GCAAATGGGTGAGGCTACTG_008,159
GCAAATGGGTGAGGCTACTG_009,65
GCAAATGGGTGAGGCTACTG_010,144
GCAAATGGGTGAGGCTACTG_011,165
ACCTATGACATGCTAAAGGT_001,163
AGGCGTTCTGGGTATCTAAG_001,24
AGGCGTTCTGGGTATCTAAG_002,162
AGGCGTTCTGGGTATCTAAG_003,17
AGGCGTTCTGGGTATCTAAG_004,88
AGGCGTTCTGGGTATCTAAG_005,57
AGGCGTTCTGGGTATCTAAG_006,94
AGGCGTTCTGGGTATCTAAG_007,116
AGGCGTTCTGGGTATCTAAG_008,35
AGGCGTTCTGGGTATCTAAG_009,159
AGTGCTACTGAAACTTGCCT_001,88
AGTGCTACTGAAACTTGCCT_002,21
AGTGCTACTGAAACTTGCCT_003,101
AGTGCTACTGAAACTTGCCT_004,157
AGTGCTACTGAAACTTGCCT_005,19
AGTGCTACTGAAACTTGCCT_006,19
AGTGCTACTGAAACTTGCCT_007,65
AGTGCTACTGAAACTTGCCT_008,190
AGTGCTACTGAAACTTGCCT_009,12
AGTGCTACTGAAACTTGCCT_010,48
AGTGCTACTGAAACTTGCCT_011,125
AGTGCTACTGAAACTTGCCT_012,162
AGTGCTACTGAAACTTGCCT_013,62
AGTGCTACTGAAACTTGCCT_014,81
AGTGCTACTGAAACTTGCCT_015,12
AGTGCTACTGAAACTTGCCT_016,36
AGTGCTACTGAAACTTGCCT_017,60
AGTGCTACTGAAACTTGCCT_018,105
AGTGCTACTGAAACTTGCCT_019,169
AGTGCTACTGAAACTTGCCT_020,145
AGTGCTACTGAAACTTGCCT_021,103
AGTGCTACTGAAACTTGCCT_022,78
AGTGCTACTGAAACTTGCCT_023,126
AGTGCTACTGAAACTTGCCT_024,115
AGTGCTACTGAAACTTGCCT_025,12
GAGGACACAGACGCCGACCG_001,61
GAGGACACAGACGCCGACCG_002,136
GAGGACACAGACGCCGACCG_003,198
GAGGACACAGACGCCGACCG_004,174
GAGGACACAGACGCCGACCG_005,116
GAGGACACAGACGCCGACCG_006,47
GAGGACACAGACGCCGACCG_007,32
GAGGACACAGACGCCGACCG_008,187
GAGGACACAGACGCCGACCG_009,197
GAGGACACAGACGCCGACCG_010,42
GAGGACACAGACGCCGACCG_011,50
GAGGACACAGACGCCGACCG_012,42
GAGGACACAGACGCCGACCG_013,111
GAGGACACAGACGCCGACCG_014,87
GAGGACACAGACGCCGACCG_015,81
GAGGACACAGACGCCGACCG_016,93
GAGGACACAGACGCCGACCG_017,15
GAGGACACAGACGCCGACCG_018,51
GAGGACACAGACGCCGACCG_019,83
GAGGACACAGACGCCGACCG_020,34
GAGGACACAGACGCCGACCG_021,34
GAGGACACAGACGCCGACCG_022,127
GAGGACACAGACGCCGACCG_023,190
GAGGACACAGACGCCGACCG_024,77
GAGGACACAGACGCCGACCG_025,94
GAGGACACAGACGCCGACCG_026,183
GAGGACACAGACGCCGACCG_027,30
GAGGACACAGACGCCGACCG_028,82
TGGGTTCGAACCAGCAATGG_001,188
TGGGTTCGAACCAGCAATGG_002,141
TGGGTTCGAACCAGCAATGG_003,183
GCTGTATACGAACGGCTCTG_001,23
GCTGTATACGAACGGCTCTG_002,137
GCTGTATACGAACGGCTCTG_003,42
GCTGTATACGAACGGCTCTG_004,60
GCTGTATACGAACGGCTCTG_005,174
AAACTGCACATACCATATGC_001,7
AAACTGCACATACCATATGC_002,75
AAACTGCACATACCATATGC_003,199
CCAGCTCATACTAATCGGGT_001,77
CCAGCTCATACTAATCGGGT_002,18
CCAGCTCATACTAATCGGGT_003,198
CCAGCTCATACTAATCGGGT_004,67
CCAGCTCATACTAATCGGGT_005,121
CTCACACCGGGAGTTAAAGT_001,170
CTCACACCGGGAGTTAAAGT_002,47
CTCACACCGGGAGTTAAAGT_003,155
CTCACACCGGGAGTTAAAGT_004,67
CTCACACCGGGAGTTAAAGT_005,196
CTCACACCGGGAGTTAAAGT_006,32
CTCACACCGGGAGTTAAAGT_007,85
CTCACACCGGGAGTTAAAGT_008,74
CTCACACCGGGAGTTAAAGT_009,41
CTCACACCGGGAGTTAAAGT_010,14
CTCACACCGGGAGTTAAAGT_011,129
CTCACACCGGGAGTTAAAGT_012,188
CTCACACCGGGAGTTAAAGT_013,175
CTCACACCGGGAGTTAAAGT_014,175
CTCACACCGGGAGTTAAAGT_015,97
CTCACACCGGGAGTTAAAGT_016,198
CTCACACCGGGAGTTAAAGT_017,145
CTCACACCGGGAGTTAAAGT_018,175
CTCACACCGGGAGTTAAAGT_019,168
CTCACACCGGGAGTTAAAGT_020,12
GGGCAAATGGCCAGTCAAAG_001,1
GGGCAAATGGCCAGTCAAAG_002,115
GGGCAAATGGCCAGTCAAAG_003,25
GGGCAAATGGCCAGTCAAAG_004,159
GGGCAAATGGCCAGTCAAAG_005,162
GGGCAAATGGCCAGTCAAAG_006,60
GGGCAAATGGCCAGTCAAAG_007,27
GGGCAAATGGCCAGTCAAAG_008,7
GGGCAAATGGCCAGTCAAAG_009,115
GGGCAAATGGCCAGTCAAAG_010,128
CTAGCTAGAGATGATCGCTA_001,105
TCAGTCAGCACATTGACGGA_001,108
TCAGTCAGCACATTGACGGA_002,128
TCAGTCAGCACATTGACGGA_003,62
TCAGTCAGCACATTGACGGA_004,106
TCAGTCAGCACATTGACGGA_005,46
TCAGTCAGCACATTGACGGA_006,8
GGCGATGCCACGCCCACGGT_001,129
GGCGATGCCACGCCCACGGT_002,45
GGCGATGCCACGCCCACGGT_003,113
GGCGATGCCACGCCCACGGT_004,62
GGCGATGCCACGCCCACGGT_005,138
GGCGATGCCACGCCCACGGT_006,182
GGCTCACGTGGAATTCCCAG_001,123
GGCTCACGTGGAATTCCCAG_002,80
GGCTCACGTGGAATTCCCAG_003,138
GGCTCACGTGGAATTCCCAG_004,11
GGCTCACGTGGAATTCCCAG_005,162
GGCTCACGTGGAATTCCCAG_006,185
GGCTCACGTGGAATTCCCAG_007,58
GGCTCACGTGGAATTCCCAG_008,75
GGCTCACGTGGAATTCCCAG_009,151
GGCTCACGTGGAATTCCCAG_010,149
GGCTCACGTGGAATTCCCAG_011,10
GGCTCACGTGGAATTCCCAG_012,94
GGCTCACGTGGAATTCCCAG_013,148
GGCTCACGTGGAATTCCCAG_014,141
GGCTCACGTGGAATTCCCAG_015,77
GGCTCACGTGGAATTCCCAG_016,86
GGCTCACGTGGAATTCCCAG_017,49
CCTCAAGTTAGGGCTCCCAG_001,105
CCTCAAGTTAGGGCTCCCAG_002,168
CCTCAAGTTAGGGCTCCCAG_003,15
CCTCAAGTTAGGGCTCCCAG_004,15
CCTCAAGTTAGGGCTCCCAG_005,143
CCTCAAGTTAGGGCTCCCAG_006,189
CCTCAAGTTAGGGCTCCCAG_007,105
CCTCAAGTTAGGGCTCCCAG_008,192
CCTCAAGTTAGGGCTCCCAG_009,121
CCTCAAGTTAGGGCTCCCAG_010,177
CCTCAAGTTAGGGCTCCCAG_011,147
CCTCAAGTTAGGGCTCCCAG_012,27
CCTCAAGTTAGGGCTCCCAG_013,68
CCTCAAGTTAGGGCTCCCAG_014,192
CCTCAAGTTAGGGCTCCCAG_015,140
CCTCAAGTTAGGGCTCCCAG_016,141
CCTCAAGTTAGGGCTCCCAG_017,35
CCTCAAGTTAGGGCTCCCAG_018,169
CCTCAAGTTAGGGCTCCCAG_019,92
CCTCAAGTTAGGGCTCCCAG_020,124
CCTCAAGTTAGGGCTCCCAG_021,152
CCTCAAGTTAGGGCTCCCAG_022,175
CCTCAAGTTAGGGCTCCCAG_023,56
CCTCAAGTTAGGGCTCCCAG_024,147
CCTCAAGTTAGGGCTCCCAG_025,162
TGTGCCGGAAGTGCCGCACA_001,130
TGTGCCGGAAGTGCCGCACA_002,127
TGTGCCGGAAGTGCCGCACA_003,53
TGTGCCGGAAGTGCCGCACA_004,168
TGTGCCGGAAGTGCCGCACA_005,160
TGTGCCGGAAGTGCCGCACA_006,17
TGTGCCGGAAGTGCCGCACA_007,128
TGTGCCGGAAGTGCCGCACA_008,108
TGTGCCGGAAGTGCCGCACA_009,54
TGTGCCGGAAGTGCCGCACA_010,30
TGTGCCGGAAGTGCCGCACA_011,80
TGTGCCGGAAGTGCCGCACA_012,196
TGTGCCGGAAGTGCCGCACA_013,170
TGTGCCGGAAGTGCCGCACA_014,178
TGTGCCGGAAGTGCCGCACA_015,91
TGTGCCGGAAGTGCCGCACA_016,12
TGTGCCGGAAGTGCCGCACA_017,50
TGTGCCGGAAGTGCCGCACA_018,107
TGTGCCGGAAGTGCCGCACA_019,27
TGTGCCGGAAGTGCCGCACA_020,68
TGTGCCGGAAGTGCCGCACA_021,104
TGTGCCGGAAGTGCCGCACA_022,162
TGTGCCGGAAGTGCCGCACA_023,150
TGTGCCGGAAGTGCCGCACA_024,185
TGTGCCGGAAGTGCCGCACA_025,88
TGTGCCGGAAGTGCCGCACA_026,184
TGTGCCGGAAGTGCCGCACA_027,34
TGTGCCGGAAGTGCCGCACA_028,5
TGTGCCGGAAGTGCCGCACA_029,151
TGTGCCGGAAGTGCCGCACA_030,116
TGTGCCGGAAGTGCCGCACA_031,40
TGTGCCGGAAGTGCCGCACA_032,138
TGTGCCGGAAGTGCCGCACA_033,18
TGTGCCGGAAGTGCCGCACA_034,77
TGTGCCGGAAGTGCCGCACA_035,10
TGTGCCGGAAGTGCCGCACA_036,123
TGTGCCGGAAGTGCCGCACA_037,68
TGTGCCGGAAGTGCCGCACA_038,112
TATAAAAACCCAATGCTGCA_001,191
TATAAAAACCCAATGCTGCA_002,74
TATAAAAACCCAATGCTGCA_003,65
TATAAAAACCCAATGCTGCA_004,145
TATAAAAACCCAATGCTGCA_005,77
TATAAAAACCCAATGCTGCA_006,166
TATAAAAACCCAATGCTGCA_007,63
TATAAAAACCCAATGCTGCA_008,115
TATAAAAACCCAATGCTGCA_009,142
TATAAAAACCCAATGCTGCA_010,166
TATAAAAACCCAATGCTGCA_011,113
TGAACATCAGAGGTGACATT_001,185
TGAACATCAGAGGTGACATT_002,70
TGAACATCAGAGGTGACATT_003,70
TGAACATCAGAGGTGACATT_004,41
TGAACATCAGAGGTGACATT_005,189
TGAACATCAGAGGTGACATT_006,179
TGAACATCAGAGGTGACATT_007,49
TGAACATCAGAGGTGACATT_008,19
TGAACATCAGAGGTGACATT_009,58
TGAACATCAGAGGTGACATT_010,111
TGAACATCAGAGGTGACATT_011,196
TGAACATCAGAGGTGACATT_012,61
TGAACATCAGAGGTGACATT_013,29
TGAACATCAGAGGTGACATT_014,65
TGAACATCAGAGGTGACATT_015,56
TGAACATCAGAGGTGACATT_016,177
TGAACATCAGAGGTGACATT_017,141
TGAACATCAGAGGTGACATT_018,170
CATATATAACCTACCACCAA_001,170
AGGAGTCAAAGATAAGCTTG_001,0
AGGAGTCAAAGATAAGCTTG_002,166
AGGAGTCAAAGATAAGCTTG_003,166
AGGAGTCAAAGATAAGCTTG_004,190
AGGAGTCAAAGATAAGCTTG_005,29
AGGAGTCAAAGATAAGCTTG_006,65
AGGAGTCAAAGATAAGCTTG_007,63
AGGAGTCAAAGATAAGCTTG_008,48
AGGAGTCAAAGATAAGCTTG_009,4
AGGAGTCAAAGATAAGCTTG_010,7
AGGAGTCAAAGATAAGCTTG_011,186
AGGAGTCAAAGATAAGCTTG_012,139
AGGAGTCAAAGATAAGCTTG_013,29
TAACAACAGAGATCTATCAA_001,112
TAACAACAGAGATCTATCAA_002,191
TAACAACAGAGATCTATCAA_003,192
TAACAACAGAGATCTATCAA_004,16
CGGTCTCACAGACAACGTTG_001,69
CGGTCTCACAGACAACGTTG_002,121
CGGTCTCACAGACAACGTTG_003,188
CGGTCTCACAGACAACGTTG_004,59
CGGTCTCACAGACAACGTTG_005,198
CGGTCTCACAGACAACGTTG_006,183
CGGTCTCACAGACAACGTTG_007,151
TCCCCTGGATGAAAGAGTCG_001,158
TCCCCTGGATGAAAGAGTCG_002,139
TCCCCTGGATGAAAGAGTCG_003,10
TCCCCTGGATGAAAGAGTCG_004,147
TCCCCTGGATGAAAGAGTCG_005,108
TCCCCTGGATGAAAGAGTCG_006,136
TCCCCTGGATGAAAGAGTCG_007,28
TCCCCTGGATGAAAGAGTCG_008,182
CAAAGGGACAAAATTGATCA_001,108
CAAAGGGACAAAATTGATCA_002,179
CAAAGGGACAAAATTGATCA_003,150
CAAAGGGACAAAATTGATCA_004,158
CGCCAAGCAAAGGATCCGTA_001,11
CGCCAAGCAAAGGATCCGTA_002,75
CGCCAAGCAAAGGATCCGTA_003,115
CGCCAAGCAAAGGATCCGTA_004,106
CGCCAAGCAAAGGATCCGTA_005,8
CGCCAAGCAAAGGATCCGTA_006,5
CGCCAAGCAAAGGATCCGTA_007,1
CGCCAAGCAAAGGATCCGTA_008,35
CGCCAAGCAAAGGATCCGTA_009,82
CGCCAAGCAAAGGATCCGTA_010,103
CGCCAAGCAAAGGATCCGTA_011,50
CGCCAAGCAAAGGATCCGTA_012,48
CGCCAAGCAAAGGATCCGTA_013,199
CGCCAAGCAAAGGATCCGTA_014,62
CGCCAAGCAAAGGATCCGTA_015,78
CGCCAAGCAAAGGATCCGTA_016,80
CGCCAAGCAAAGGATCCGTA_017,144
GTTTGTGCTGACAGAACGAG_001,178
GTTTGTGCTGACAGAACGAG_002,108
GTTTGTGCTGACAGAACGAG_003,188
GTTTGTGCTGACAGAACGAG_004,99
TTCTAGGAAAGGTGTCTGTG_001,95
TTCTAGGAAAGGTGTCTGTG_002,64
TTCTAGGAAAGGTGTCTGTG_003,70
TTCTAGGAAAGGTGTCTGTG_004,168
TTCTAGGAAAGGTGTCTGTG_005,75
TTCTAGGAAAGGTGTCTGTG_006,45
TTCTAGGAAAGGTGTCTGTG_007,62
TTCTAGGAAAGGTGTCTGTG_008,106
TTCTAGGAAAGGTGTCTGTG_009,134
TTCTAGGAAAGGTGTCTGTG_010,146
TTCTAGGAAAGGTGTCTGTG_011,172
TTCTAGGAAAGGTGTCTGTG_012,118
TTCTAGGAAAGGTGTCTGTG_013,105
TTCTAGGAAAGGTGTCTGTG_014,79
TTCTAGGAAAGGTGTCTGTG_015,60
TTCTAGGAAAGGTGTCTGTG_016,175
TTCTAGGAAAGGTGTCTGTG_017,34
TTCTAGGAAAGGTGTCTGTG_018,45
TGAGGTGCTCTCACTATACA_001,81
TGAGGTGCTCTCACTATACA_002,103
TGAGGTGCTCTCACTATACA_003,170
TGAGGTGCTCTCACTATACA_004,117
TGAGGTGCTCTCACTATACA_005,91
TGAGGTGCTCTCACTATACA_006,10
AGTTCTACAAACACAGTCAA_001,197
AGTTCTACAAACACAGTCAA_002,144
AGTTCTACAAACACAGTCAA_003,137
AGTTCTACAAACACAGTCAA_004,41
AGTTCTACAAACACAGTCAA_005,48
AGTTCTACAAACACAGTCAA_006,166
AGTTCTACAAACACAGTCAA_007,53
AGTTCTACAAACACAGTCAA_008,70
AGTTCTACAAACACAGTCAA_009,160
AGTTCTACAAACACAGTCAA_010,1
AGTTCTACAAACACAGTCAA_011,42
AGTTCTACAAACACAGTCAA_012,45
AGTTCTACAAACACAGTCAA_013,156
AGTTCTACAAACACAGTCAA_014,162
AGTTCTACAAACACAGTCAA_015,67
AGTTCTACAAACACAGTCAA_016,22
AGTTCTACAAACACAGTCAA_017,175
AGTTCTACAAACACAGTCAA_018,49
AGTTCTACAAACACAGTCAA_019,185
AGTTCTACAAACACAGTCAA_020,31
AGTTCTACAAACACAGTCAA_021,184
AGTTCTACAAACACAGTCAA_022,19
AGTTCTACAAACACAGTCAA_023,6
AGTTCTACAAACACAGTCAA_024,27
AGTTCTACAAACACAGTCAA_025,27
AGTTCTACAAACACAGTCAA_026,111
TGTTACTCTGCCAAGGTCTG_001,81
TGTTACTCTGCCAAGGTCTG_002,118
TGTTACTCTGCCAAGGTCTG_003,50
TGTTACTCTGCCAAGGTCTG_004,117
TGTTACTCTGCCAAGGTCTG_005,42
TATTTGGAGGATAAAGGTGT_001,9
TATTTGGAGGATAAAGGTGT_002,187
TATTTGGAGGATAAAGGTGT_003,61
TATTTGGAGGATAAAGGTGT_004,171
TATTTGGAGGATAAAGGTGT_005,150
TATTTGGAGGATAAAGGTGT_006,171
TATTTGGAGGATAAAGGTGT_007,102
TATTTGGAGGATAAAGGTGT_008,140
GTAATCATGTAGGCACTGCA_001,63
GTAATCATGTAGGCACTGCA_002,103
GTAATCATGTAGGCACTGCA_003,54
GTAATCATGTAGGCACTGCA_004,41
GTAATCATGTAGGCACTGCA_005,103
GTAATCATGTAGGCACTGCA_006,21
GTAATCATGTAGGCACTGCA_007,60
GTAATCATGTAGGCACTGCA_008,140
GTAATCATGTAGGCACTGCA_009,127
GTAATCATGTAGGCACTGCA_010,34
GTAATCATGTAGGCACTGCA_011,46
GTAATCATGTAGGCACTGCA_012,2
GTAATCATGTAGGCACTGCA_013,192
GTAATCATGTAGGCACTGCA_014,48
GTAATCATGTAGGCACTGCA_015,154
GTAATCATGTAGGCACTGCA_016,30
GTAATCATGTAGGCACTGCA_017,42
GTAATCATGTAGGCACTGCA_018,28
GTAATCATGTAGGCACTGCA_019,169
GTAATCATGTAGGCACTGCA_020,49
GTAATCATGTAGGCACTGCA_021,193
GTAATCATGTAGGCACTGCA_022,162
TTGTTGGCCCTGATCAGCAA_001,193
TTGTTGGCCCTGATCAGCAA_002,119
TTGTTGGCCCTGATCAGCAA_003,127
TTGTTGGCCCTGATCAGCAA_004,134
TTGTTGGCCCTGATCAGCAA_005,183
TTGTTGGCCCTGATCAGCAA_006,86
TTGTTGGCCCTGATCAGCAA_007,104
TTGTTGGCCCTGATCAGCAA_008,76
TTGTTGGCCCTGATCAGCAA_009,192
TTGTTGGCCCTGATCAGCAA_010,190
TTGTTGGCCCTGATCAGCAA_011,2
TTGTTGGCCCTGATCAGCAA_012,56
TTGTTGGCCCTGATCAGCAA_013,107
TTGTTGGCCCTGATCAGCAA_014,1
TTGTTGGCCCTGATCAGCAA_015,52
TTGTTGGCCCTGATCAGCAA_016,19
TTGTTGGCCCTGATCAGCAA_017,166
TTGTTGGCCCTGATCAGCAA_018,142
TTGTTGGCCCTGATCAGCAA_019,125
TTGTTGGCCCTGATCAGCAA_020,68
TTGTTGGCCCTGATCAGCAA_021,52
AGGATGAGGTGCACCCTCGG_001,80
AGGATGAGGTGCACCCTCGG_002,133
AGGATGAGGTGCACCCTCGG_003,34
AGGATGAGGTGCACCCTCGG_004,10
AGGATGAGGTGCACCCTCGG_005,55
AGGATGAGGTGCACCCTCGG_006,188
AGGATGAGGTGCACCCTCGG_007,159
AGGATGAGGTGCACCCTCGG_008,171
AGGATGAGGTGCACCCTCGG_009,114
AGGATGAGGTGCACCCTCGG_010,117
AGGATGAGGTGCACCCTCGG_011,1
AGGATGAGGTGCACCCTCGG_012,76
AGGATGAGGTGCACCCTCGG_013,162
AGGATGAGGTGCACCCTCGG_014,183
AGGATGAGGTGCACCCTCGG_015,117
AGGATGAGGTGCACCCTCGG_016,29
AGGATGAGGTGCACCCTCGG_017,38
AGGATGAGGTGCACCCTCGG_018,17
AGGATGAGGTGCACCCTCGG_019,106
AGGATGAGGTGCACCCTCGG_020,168
CAGAAGCCCCTCCTCACCCT_001,156
CAGAAGCCCCTCCTCACCCT_002,49
CAGAAGCCCCTCCTCACCCT_003,159
CAGAAGCCCCTCCTCACCCT_004,72
CAGAAGCCCCTCCTCACCCT_005,198
CAGAAGCCCCTCCTCACCCT_006,43
CAGAAGCCCCTCCTCACCCT_007,150
CAGAAGCCCCTCCTCACCCT_008,102
CAGAAGCCCCTCCTCACCCT_009,35
CAGAAGCCCCTCCTCACCCT_010,122
CAGAAGCCCCTCCTCACCCT_011,83
CAGAAGCCCCTCCTCACCCT_012,42
CAGAAGCCCCTCCTCACCCT_013,155
CAGAAGCCCCTCCTCACCCT_014,40
CAGAAGCCCCTCCTCACCCT_015,199
CAGAAGCCCCTCCTCACCCT_016,75
CAGAAGCCCCTCCTCACCCT_017,158
CAGAAGCCCCTCCTCACCCT_018,179
CAGAAGCCCCTCCTCACCCT_019,147
CAGAAGCCCCTCCTCACCCT_020,192
CAGAAGCCCCTCCTCACCCT_021,155
CAGAAGCCCCTCCTCACCCT_022,64
CAGAAGCCCCTCCTCACCCT_023,130
CAGAAGCCCCTCCTCACCCT_024,25
CAGAAGCCCCTCCTCACCCT_025,146
CAGAAGCCCCTCCTCACCCT_026,187
CAGAAGCCCCTCCTCACCCT_027,68
CAGAAGCCCCTCCTCACCCT_028,18
CAGAAGCCCCTCCTCACCCT_029,47
CAGAAGCCCCTCCTCACCCT_030,82
CAGAAGCCCCTCCTCACCCT_031,107
CAGAAGCCCCTCCTCACCCT_032,113
CAGAAGCCCCTCCTCACCCT_033,88
CAGAAGCCCCTCCTCACCCT_034,160
CAGAAGCCCCTCCTCACCCT_035,62
CAGAAGCCCCTCCTCACCCT_036,184
CAGAAGCCCCTCCTCACCCT_037,161
CAGAAGCCCCTCCTCACCCT_038,12
CAGAAGCCCCTCCTCACCCT_039,63
CAGAAGCCCCTCCTCACCCT_040,145
CAGAAGCCCCTCCTCACCCT_041,72
CAGAAGCCCCTCCTCACCCT_042,49
CAGAAGCCCCTCCTCACCCT_043,23
CAGAAGCCCCTCCTCACCCT_044,184
CAGAAGCCCCTCCTCACCCT_045,20
CAGAAGCCCCTCCTCACCCT_046,63
CAGAAGCCCCTCCTCACCCT_047,40
CAGAAGCCCCTCCTCACCCT_048,188
CAGAAGCCCCTCCTCACCCT_049,147
CAGAAGCCCCTCCTCACCCT_050,19
CAGAAGCCCCTCCTCACCCT_051,80
CAGAAGCCCCTCCTCACCCT_052,97
CAGAAGCCCCTCCTCACCCT_053,111
CAGAAGCCCCTCCTCACCCT_054,91
CAGAAGCCCCTCCTCACCCT_055,56
CAGAAGCCCCTCCTCACCCT_056,88
CAGAAGCCCCTCCTCACCCT_057,19
CAGAAGCCCCTCCTCACCCT_058,97
CAGAAGCCCCTCCTCACCCT_059,121
CAGAAGCCCCTCCTCACCCT_060,88
CAGAAGCCCCTCCTCACCCT_061,12
CAGAAGCCCCTCCTCACCCT_062,194
CAGAAGCCCCTCCTCACCCT_063,115
CAGAAGCCCCTCCTCACCCT_064,59
CAGAAGCCCCTCCTCACCCT_065,92
TCCACATAGACCAGTCATTG_001,150
TCCACATAGACCAGTCATTG_002,146
CAGTGCCCGATCGCGTCCAA_001,96
CAGTGCCCGATCGCGTCCAA_002,151
CAGTGCCCGATCGCGTCCAA_003,48
CAGTGCCCGATCGCGTCCAA_004,33
CAGTGCCCGATCGCGTCCAA_005,42
CAGTGCCCGATCGCGTCCAA_006,38
CAGTGCCCGATCGCGTCCAA_007,28
CAGTGCCCGATCGCGTCCAA_008,169
CAGTGCCCGATCGCGTCCAA_009,66
CAGTGCCCGATCGCGTCCAA_010,96
CAGTGCCCGATCGCGTCCAA_011,2
CAGTGCCCGATCGCGTCCAA_012,117
CAGTGCCCGATCGCGTCCAA_013,121
CAGTGCCCGATCGCGTCCAA_014,161
CAGTGCCCGATCGCGTCCAA_015,125
CAGTGCCCGATCGCGTCCAA_016,171
CAGTGCCCGATCGCGTCCAA_017,15
CAGTGCCCGATCGCGTCCAA_018,94
CAGTGCCCGATCGCGTCCAA_019,105
CAGTGCCCGATCGCGTCCAA_020,107
CAGTGCCCGATCGCGTCCAA_021,0
CAGTGCCCGATCGCGTCCAA_022,16
CAGTGCCCGATCGCGTCCAA_023,105
CAGTGCCCGATCGCGTCCAA_024,58
CAGTGCCCGATCGCGTCCAA_025,178
CAGTGCCCGATCGCGTCCAA_026,108
CAGTGCCCGATCGCGTCCAA_027,9
CAGTGCCCGATCGCGTCCAA_028,149
CAGTGCCCGATCGCGTCCAA_029,191
CAGTGCCCGATCGCGTCCAA_030,82
CAGTGCCCGATCGCGTCCAA_031,137
GACTGTATGTACCTTAACAG_001,26
GACTGTATGTACCTTAACAG_002,121
GACTGTATGTACCTTAACAG_003,108
GACTGTATGTACCTTAACAG_004,91
GACTGTATGTACCTTAACAG_005,96
GACTGTATGTACCTTAACAG_006,160
GACTGTATGTACCTTAACAG_007,11
GACTGTATGTACCTTAACAG_008,149
GACTGTATGTACCTTAACAG_009,59
GACTGTATGTACCTTAACAG_010,103
GACTGTATGTACCTTAACAG_011,199
GTGGGTCTGAATTGGATGGA_001,136
GTGGGTCTGAATTGGATGGA_002,115
GTGGGTCTGAATTGGATGGA_003,0
GTGGGTCTGAATTGGATGGA_004,76
GTGGGTCTGAATTGGATGGA_005,176
GTGGGTCTGAATTGGATGGA_006,105
GTGGGTCTGAATTGGATGGA_007,58
CATCGCTCAGGAGATATACG_001,19
CATCGCTCAGGAGATATACG_002,17
CATCGCTCAGGAGATATACG_003,94
CATCGCTCAGGAGATATACG_004,16
CATCGCTCAGGAGATATACG_005,177
CATCGCTCAGGAGATATACG_006,106
CATCGCTCAGGAGATATACG_007,155
TAGATTCTGGGACAAACATG_001,115
TAGATTCTGGGACAAACATG_002,137
TAGATTCTGGGACAAACATG_003,15
TAGATTCTGGGACAAACATG_004,62
TAGATTCTGGGACAAACATG_005,27
TAGATTCTGGGACAAACATG_006,192
TAGATTCTGGGACAAACATG_007,32
TAGATTCTGGGACAAACATG_008,158
TAGATTCTGGGACAAACATG_009,88
TAGATTCTGGGACAAACATG_010,27
TAGATTCTGGGACAAACATG_011,140
TCCTCCTCAGAGGACCTTCG_001,168
TCCTCCTCAGAGGACCTTCG_002,28
TCCTCCTCAGAGGACCTTCG_003,154
TCCTCCTCAGAGGACCTTCG_004,21
TCCTCCTCAGAGGACCTTCG_005,127
TCCTCCTCAGAGGACCTTCG_006,15
TCCTCCTCAGAGGACCTTCG_007,119
ATCCAGTGGAATACACCCTT_001,116
ATCCAGTGGAATACACCCTT_002,171
ATCCAGTGGAATACACCCTT_003,185
ATCCAGTGGAATACACCCTT_004,126
ATCCAGTGGAATACACCCTT_005,170
ATCCAGTGGAATACACCCTT_006,43
ATCCAGTGGAATACACCCTT_007,33
ATCCAGTGGAATACACCCTT_008,156
ATCCAGTGGAATACACCCTT_009,190
TTTATCCAAGAACTTTAGAG_001,113
TTTATCCAAGAACTTTAGAG_002,76
CTGAGTGGGATTCGGTGGTG_001,86
CTGAGTGGGATTCGGTGGTG_002,122
CTGAGTGGGATTCGGTGGTG_003,32
CTGAGTGGGATTCGGTGGTG_004,163
CTGAGTGGGATTCGGTGGTG_005,118
CTGAGTGGGATTCGGTGGTG_006,105
CTGAGTGGGATTCGGTGGTG_007,44
CTGAGTGGGATTCGGTGGTG_008,56
CTGAGTGGGATTCGGTGGTG_009,78
GGTGGTCGTAGTCATGCCAG_001,152
GGTGGTCGTAGTCATGCCAG_002,5
GGTGGTCGTAGTCATGCCAG_003,130
GGTGGTCGTAGTCATGCCAG_004,86
GGTGGTCGTAGTCATGCCAG_005,69
GGTGGTCGTAGTCATGCCAG_006,56
GGTGGTCGTAGTCATGCCAG_007,174
GGTGGTCGTAGTCATGCCAG_008,103
GGTGGTCGTAGTCATGCCAG_009,53
GGTGGTCGTAGTCATGCCAG_010,176
GGTGGTCGTAGTCATGCCAG_011,60
GGTGGTCGTAGTCATGCCAG_012,50
GGTGGTCGTAGTCATGCCAG_013,84
GGTGGTCGTAGTCATGCCAG_014,182
GGTGGTCGTAGTCATGCCAG_015,105
GGTGGTCGTAGTCATGCCAG_016,191
GGTGGTCGTAGTCATGCCAG_017,8
GGTGGTCGTAGTCATGCCAG_018,58
GGTGGTCGTAGTCATGCCAG_019,98
GGTGGTCGTAGTCATGCCAG_020,142
AGCACACACTTAGAAGGGTA_001,91
AGCACACACTTAGAAGGGTA_002,9
AGCACACACTTAGAAGGGTA_003,70
AGCACACACTTAGAAGGGTA_004,70
AGCACACACTTAGAAGGGTA_005,7
AGCACACACTTAGAAGGGTA_006,169
AGCACACACTTAGAAGGGTA_007,72
AGCACACACTTAGAAGGGTA_008,78
AGCACACACTTAGAAGGGTA_009,112
AGCACACACTTAGAAGGGTA_010,70
AGCACACACTTAGAAGGGTA_011,185
CAGATGAGACCCGACCTCAA_001,161
CAGATGAGACCCGACCTCAA_002,7
CAGATGAGACCCGACCTCAA_003,154
CAGATGAGACCCGACCTCAA_004,119
CAGATGAGACCCGACCTCAA_005,189
CAGATGAGACCCGACCTCAA_006,169
CAGATGAGACCCGACCTCAA_007,121
CAGATGAGACCCGACCTCAA_008,96
CAGATGAGACCCGACCTCAA_009,50
CAGATGAGACCCGACCTCAA_010,2
CAGATGAGACCCGACCTCAA_011,188
CAGATGAGACCCGACCTCAA_012,80
CAGATGAGACCCGACCTCAA_013,125
CAGATGAGACCCGACCTCAA_014,67
CAGATGAGACCCGACCTCAA_015,199
CAGATGAGACCCGACCTCAA_016,199
CAGATGAGACCCGACCTCAA_017,130
CAGATGAGACCCGACCTCAA_018,77
CAGATGAGACCCGACCTCAA_019,9
CAGATGAGACCCGACCTCAA_020,54
CAGATGAGACCCGACCTCAA_021,140
CAGATGAGACCCGACCTCAA_022,36
CAGATGAGACCCGACCTCAA_023,141
CAGATGAGACCCGACCTCAA_024,67
CAGATGAGACCCGACCTCAA_025,91
CAGATGAGACCCGACCTCAA_026,148
CAGTGCGACTCCCAATACAG_001,29
CAGTGCGACTCCCAATACAG_002,176
CAGTGCGACTCCCAATACAG_003,191
CAGTGCGACTCCCAATACAG_004,147
CAGTGCGACTCCCAATACAG_005,82
CAGTGCGACTCCCAATACAG_006,45
CAGTGCGACTCCCAATACAG_007,169
CAGTGCGACTCCCAATACAG_008,2
CAGTGCGACTCCCAATACAG_009,124
CAGTGCGACTCCCAATACAG_010,169
CAGTGCGACTCCCAATACAG_011,186
CCGCAGGACGAAGACGTCAG_001,94
CCGCAGGACGAAGACGTCAG_002,20
CCGCAGGACGAAGACGTCAG_003,30
CCGCAGGACGAAGACGTCAG_004,10
CCGCAGGACGAAGACGTCAG_005,127
CCGCAGGACGAAGACGTCAG_006,36
CCGCAGGACGAAGACGTCAG_007,162
CCGCAGGACGAAGACGTCAG_008,137
CCGCAGGACGAAGACGTCAG_009,160
CCGCAGGACGAAGACGTCAG_010,83
CCGCAGGACGAAGACGTCAG_011,59
CCGCAGGACGAAGACGTCAG_012,17
CCGCAGGACGAAGACGTCAG_013,29
CCGCAGGACGAAGACGTCAG_014,118
CCGCAGGACGAAGACGTCAG_015,115
CCGCAGGACGAAGACGTCAG_016,61
CCGCAGGACGAAGACGTCAG_017,113
CCGCAGGACGAAGACGTCAG_018,8
CCGCAGGACGAAGACGTCAG_019,84
CCGCAGGACGAAGACGTCAG_020,73
CCGCAGGACGAAGACGTCAG_021,88
CCGCAGGACGAAGACGTCAG_022,155
CCGCAGGACGAAGACGTCAG_023,160
CCGCAGGACGAAGACGTCAG_024,63
CCGCAGGACGAAGACGTCAG_025,15
CCGCAGGACGAAGACGTCAG_026,159
CCGCAGGACGAAGACGTCAG_027,67
CCGCAGGACGAAGACGTCAG_028,77
CCGCAGGACGAAGACGTCAG_029,137
CCGCAGGACGAAGACGTCAG_030,146
CCGCAGGACGAAGACGTCAG_031,49
CCGCAGGACGAAGACGTCAG_032,136
TGTTCCCGACCAACACAACG_001,72
TGTTCCCGACCAACACAACG_002,170
TGTTCCCGACCAACACAACG_003,160
TGTTCCCGACCAACACAACG_004,189
TGTTCCCGACCAACACAACG_005,140
TGTTCCCGACCAACACAACG_006,175
TTCTTTCCTCCAGGTCACCA_001,19
TTCTTTCCTCCAGGTCACCA_002,144
TTCTTTCCTCCAGGTCACCA_003,84
TTCTTTCCTCCAGGTCACCA_004,189
TTCTTTCCTCCAGGTCACCA_005,153
TCACCCAGGCCAAGACTAAG_001,50
TCACCCAGGCCAAGACTAAG_002,127
TCACCCAGGCCAAGACTAAG_003,83
TCACCCAGGCCAAGACTAAG_004,28
TCACCCAGGCCAAGACTAAG_005,183
TCACCCAGGCCAAGACTAAG_006,9
TCACCCAGGCCAAGACTAAG_007,158
TCACCCAGGCCAAGACTAAG_008,150
TCACCCAGGCCAAGACTAAG_009,159
TCACCCAGGCCAAGACTAAG_010,3
TCACCCAGGCCAAGACTAAG_011,188
TCACCCAGGCCAAGACTAAG_012,115
TCACCCAGGCCAAGACTAAG_013,49
TCACCCAGGCCAAGACTAAG_014,110
TCACCCAGGCCAAGACTAAG_015,140
TCACCCAGGCCAAGACTAAG_016,147
TCACCCAGGCCAAGACTAAG_017,75
TCACCCAGGCCAAGACTAAG_018,97
TCACCCAGGCCAAGACTAAG_019,158
TCACCCAGGCCAAGACTAAG_020,166
TCACCCAGGCCAAGACTAAG_021,62
TCACCCAGGCCAAGACTAAG_022,28
TCACCCAGGCCAAGACTAAG_023,39
TCACCCAGGCCAAGACTAAG_024,35
TTGACAGCAATAGTAAGCAG_001,172
TTGACAGCAATAGTAAGCAG_002,37
TTGACAGCAATAGTAAGCAG_003,18
TTGACAGCAATAGTAAGCAG_004,188
AGGGACAATATCAACAATAG_001,165
AGGGACAATATCAACAATAG_002,116
AGGGACAATATCAACAATAG_003,62
AGGGACAATATCAACAATAG_004,192
AGGGACAATATCAACAATAG_005,31
CATCAGTGCTCTGAGCAATG_001,43
CATCAGTGCTCTGAGCAATG_002,85
CATCAGTGCTCTGAGCAATG_003,12
CATCAGTGCTCTGAGCAATG_004,137
CATCAGTGCTCTGAGCAATG_005,172
CACCGGGCCATACGTCTGCG_001,119
CACCGGGCCATACGTCTGCG_002,191
CACCGGGCCATACGTCTGCG_003,186
CACCGGGCCATACGTCTGCG_004,141
CACCGGGCCATACGTCTGCG_005,177
CACCGGGCCATACGTCTGCG_006,28
CACCGGGCCATACGTCTGCG_007,128
CACCGGGCCATACGTCTGCG_008,116
CACCGGGCCATACGTCTGCG_009,11
CACCGGGCCATACGTCTGCG_010,80
CACCGGGCCATACGTCTGCG_011,88
CACCGGGCCATACGTCTGCG_012,145
CACCGGGCCATACGTCTGCG_013,180
CACCGGGCCATACGTCTGCG_014,117
TTCTAACTTAGGTGGCTCAA_001,93
TTCTAACTTAGGTGGCTCAA_002,145
TGGTGACGGACAGGAACGAG_001,44
TGGTGACGGACAGGAACGAG_002,115
TGGTGACGGACAGGAACGAG_003,148
TGGTGACGGACAGGAACGAG_004,57
TCAATCAAGAGTCATCCCTC_001,77
TCAATCAAGAGTCATCCCTC_002,185
TCAATCAAGAGTCATCCCTC_003,75
TCAATCAAGAGTCATCCCTC_004,56
TCAATCAAGAGTCATCCCTC_005,34
TCAATCAAGAGTCATCCCTC_006,107
TCAATCAAGAGTCATCCCTC_007,4
TCAATCAAGAGTCATCCCTC_008,192
TCAATCAAGAGTCATCCCTC_009,135
TCAATCAAGAGTCATCCCTC_010,184
GTTGAACTGCTCCATAATCG_001,152
GAGGATGGCCCCTCTCAATG_001,63
GAGGATGGCCCCTCTCAATG_002,19
GAGGATGGCCCCTCTCAATG_003,101
GAGGATGGCCCCTCTCAATG_004,51
GAGGATGGCCCCTCTCAATG_005,108
GAGGATGGCCCCTCTCAATG_006,15
GAGGATGGCCCCTCTCAATG_007,81
GAGGATGGCCCCTCTCAATG_008,141
GAGGATGGCCCCTCTCAATG_009,80
GAGGATGGCCCCTCTCAATG_010,10
TCATCATCACTGTCGACCGA_001,134
TCATCATCACTGTCGACCGA_002,5
TCATCATCACTGTCGACCGA_003,118
TCATCATCACTGTCGACCGA_004,160
TCATCATCACTGTCGACCGA_005,68
TCATCATCACTGTCGACCGA_006,128
TCATCATCACTGTCGACCGA_007,31
TCATCATCACTGTCGACCGA_008,194
TCATCATCACTGTCGACCGA_009,179
TCATCATCACTGTCGACCGA_010,179
TCATCATCACTGTCGACCGA_011,162
TCATCATCACTGTCGACCGA_012,174
TCATCATCACTGTCGACCGA_013,65
TCATCATCACTGTCGACCGA_014,70
GACCCTACCGTTCCACAAGT_001,0
GACCCTACCGTTCCACAAGT_002,192
GACCCTACCGTTCCACAAGT_003,50
GACCCTACCGTTCCACAAGT_004,3
TCTGGCTAGAAGGCAACCAA_001,118
TCTGGCTAGAAGGCAACCAA_002,183
TCTGGCTAGAAGGCAACCAA_003,67
TCTGGCTAGAAGGCAACCAA_004,150
TCTGGCTAGAAGGCAACCAA_005,105
TCTGGCTAGAAGGCAACCAA_006,137
TCTGGCTAGAAGGCAACCAA_007,102
TCTGGCTAGAAGGCAACCAA_008,27
TCTGGCTAGAAGGCAACCAA_009,90
TCTTCATAAAACTTCACCTG_001,62
TCTTCATAAAACTTCACCTG_002,157
TCTTCATAAAACTTCACCTG_003,62
TCTTCATAAAACTTCACCTG_004,116
TCTTCATAAAACTTCACCTG_005,85
TCTTCATAAAACTTCACCTG_006,31
TCTTCATAAAACTTCACCTG_007,104
TCTTCATAAAACTTCACCTG_008,15
TCTTCATAAAACTTCACCTG_009,158
TCTTCATAAAACTTCACCTG_010,194
TCTTCATAAAACTTCACCTG_011,139
TCTTCATAAAACTTCACCTG_012,30
TCTTCATAAAACTTCACCTG_013,151
TCTTCATAAAACTTCACCTG_014,125
TCTTCATAAAACTTCACCTG_015,30
TCTTCATAAAACTTCACCTG_016,43
GGAATGTTGAACAATAAAGT_001,163
GGAATGTTGAACAATAAAGT_002,117
GGAATGTTGAACAATAAAGT_003,151
CTGGTGTCATCACTCAAGGG_001,22
CTGGTGTCATCACTCAAGGG_002,78
CTGGTGTCATCACTCAAGGG_003,118
CTGGTGTCATCACTCAAGGG_004,50
CTGGTGTCATCACTCAAGGG_005,41
CTGGTGTCATCACTCAAGGG_006,2
CTGGTGTCATCACTCAAGGG_007,48
TCCCAGGGCTTCTACAAGAG_001,12
TCCCAGGGCTTCTACAAGAG_002,137
TCCCAGGGCTTCTACAAGAG_003,107
TCCCAGGGCTTCTACAAGAG_004,25
TCCCAGGGCTTCTACAAGAG_005,102
TCCCAGGGCTTCTACAAGAG_006,151
TCCCAGGGCTTCTACAAGAG_007,115
TCCCAGGGCTTCTACAAGAG_008,176
CCTGCTTTCTTAACAGATGC_001,122
CCTGCTTTCTTAACAGATGC_002,105
CCTGCTTTCTTAACAGATGC_003,91
CCTGCTTTCTTAACAGATGC_004,129
CCTGCTTTCTTAACAGATGC_005,98
CCTGCTTTCTTAACAGATGC_006,17
CCTGCTTTCTTAACAGATGC_007,26
CCTGCTTTCTTAACAGATGC_008,141
CTTGTTGACAATATGTACGA_001,169
CTTGTTGACAATATGTACGA_002,144
CTTGTTGACAATATGTACGA_003,37
ACTTCTCGAAATCTAATTGG_001,40
ACTTCTCGAAATCTAATTGG_002,82
ACTTCTCGAAATCTAATTGG_003,199
ACTTCTCGAAATCTAATTGG_004,157
CAGCAAACATAACAACCACA_001,42
CAGCAAACATAACAACCACA_002,116
CAGCAAACATAACAACCACA_003,197
CAGCAAACATAACAACCACA_004,96
CAGCCCCTCATAGTACACTG_001,31
CAGCCCCTCATAGTACACTG_002,175
CAGCCCCTCATAGTACACTG_003,122
CAGCCCCTCATAGTACACTG_004,41
CAGCCCCTCATAGTACACTG_005,115
CAGCCCCTCATAGTACACTG_006,168
CAGCCCCTCATAGTACACTG_007,102
CAGCCCCTCATAGTACACTG_008,169
CAGCCCCTCATAGTACACTG_009,151
CAGCCCCTCATAGTACACTG_010,98
CAGCCCCTCATAGTACACTG_011,93
CAGCCCCTCATAGTACACTG_012,158
CAGCCCCTCATAGTACACTG_013,53
CAGCCCCTCATAGTACACTG_014,29
CAGCCCCTCATAGTACACTG_015,56
CAGCCCCTCATAGTACACTG_016,94
CAGCCCCTCATAGTACACTG_017,105
CAGCCCCTCATAGTACACTG_018,126
CAGCCCCTCATAGTACACTG_019,103
CTACATCAGCGAAATCACAC_001,121
CTACATCAGCGAAATCACAC_002,29
CTACATCAGCGAAATCACAC_003,1
CTACATCAGCGAAATCACAC_004,175
CTACATCAGCGAAATCACAC_005,143
CTACATCAGCGAAATCACAC_006,10
CTACATCAGCGAAATCACAC_007,54
CTACATCAGCGAAATCACAC_008,150
CTACATCAGCGAAATCACAC_009,113
CTCGGCTGAAGTCTAAGAAG_001,4
CTCGGCTGAAGTCTAAGAAG_002,85
CTCGGCTGAAGTCTAAGAAG_003,30
CTCGGCTGAAGTCTAAGAAG_004,177
CTCGGCTGAAGTCTAAGAAG_005,10
CTCGGCTGAAGTCTAAGAAG_006,169
AGCTACCAATGAGAGCCGAG_001,56
AGCTACCAATGAGAGCCGAG_002,8
AGCTACCAATGAGAGCCGAG_003,172
AGCTACCAATGAGAGCCGAG_004,170
AGCTACCAATGAGAGCCGAG_005,101
AGCTACCAATGAGAGCCGAG_006,76
AGCTACCAATGAGAGCCGAG_007,140
AGCTACCAATGAGAGCCGAG_008,157
AGCTACCAATGAGAGCCGAG_009,159
AGCTACCAATGAGAGCCGAG_010,174
AGCTACCAATGAGAGCCGAG_011,12
AGCTACCAATGAGAGCCGAG_012,50
AGCTACCAATGAGAGCCGAG_013,172
GAAGGAGAAATATCTGAACA_001,161
GAAGGAGAAATATCTGAACA_002,96
GAAGGAGAAATATCTGAACA_003,127
GAGACTCGGCGCAAGGCCCG_001,96
GAGACTCGGCGCAAGGCCCG_002,94
GAGACTCGGCGCAAGGCCCG_003,48
GAGACTCGGCGCAAGGCCCG_004,59
GAGACTCGGCGCAAGGCCCG_005,175
GAGACTCGGCGCAAGGCCCG_006,85
GAGACTCGGCGCAAGGCCCG_007,195
GAGACTCGGCGCAAGGCCCG_008,68
GAGACTCGGCGCAAGGCCCG_009,2
GAGACTCGGCGCAAGGCCCG_010,2
GAGACTCGGCGCAAGGCCCG_011,166
TAAACCAGGAATATTCAGAG_001,177
TAAACCAGGAATATTCAGAG_002,170
TAAACCAGGAATATTCAGAG_003,3
TAAACCAGGAATATTCAGAG_004,133
AAGGTCTGCGTTCAGAACAT_001,191
AAGGTCTGCGTTCAGAACAT_002,150
AAGGTCTGCGTTCAGAACAT_003,114
AAGGTCTGCGTTCAGAACAT_004,23
AAGGTCTGCGTTCAGAACAT_005,102
AAGGTCTGCGTTCAGAACAT_006,110
AAGGTCTGCGTTCAGAACAT_007,160
AAGGTCTGCGTTCAGAACAT_008,105
AAGGTCTGCGTTCAGAACAT_009,96
TTTGTCGCAGAGACTATCTG_001,9
TTTGTCGCAGAGACTATCTG_002,107
TTTGTCGCAGAGACTATCTG_003,127
TTTGTCGCAGAGACTATCTG_004,55
TTTGTCGCAGAGACTATCTG_005,175
TTTGTCGCAGAGACTATCTG_006,77
TTTGTCGCAGAGACTATCTG_007,36
TTTGTCGCAGAGACTATCTG_008,98
TCCACAGTTTCTGTGGAAAG_001,138
CTGTTCCTGGCAGGACACAA_001,59
CTGTTCCTGGCAGGACACAA_002,147
CTGTTCCTGGCAGGACACAA_003,19
CTGTTCCTGGCAGGACACAA_004,183
CTGTTCCTGGCAGGACACAA_005,146
CTGTTCCTGGCAGGACACAA_006,180
CTGTTCCTGGCAGGACACAA_007,12
CTGTTCCTGGCAGGACACAA_008,45
CTGTTCCTGGCAGGACACAA_009,57
CTGTTCCTGGCAGGACACAA_010,36
CTGTTCCTGGCAGGACACAA_011,65
CTGTTCCTGGCAGGACACAA_012,133
CTGTTCCTGGCAGGACACAA_013,81
CTGTTCCTGGCAGGACACAA_014,144
CTGTTCCTGGCAGGACACAA_015,103
CTGTTCCTGGCAGGACACAA_016,16
CTGTTCCTGGCAGGACACAA_017,78
CTGTTCCTGGCAGGACACAA_018,79
CTGTTCCTGGCAGGACACAA_019,152
CTGTTCCTGGCAGGACACAA_020,75
CTGTTCCTGGCAGGACACAA_021,6
CTGTTCCTGGCAGGACACAA_022,17
CTGTTCCTGGCAGGACACAA_023,105
CTGTTCCTGGCAGGACACAA_024,41
CTGTTCCTGGCAGGACACAA_025,137
CTGTTCCTGGCAGGACACAA_026,121
CTGTTCCTGGCAGGACACAA_027,35
CTGTTCCTGGCAGGACACAA_028,166
CTGTTCCTGGCAGGACACAA_029,147
CTGTTCCTGGCAGGACACAA_030,5
CTGTTCCTGGCAGGACACAA_031,145
CTGTTCCTGGCAGGACACAA_032,91
CTGTTCCTGGCAGGACACAA_033,50
CTGTTCCTGGCAGGACACAA_034,78
CTGTTCCTGGCAGGACACAA_035,65
GATGTCTGGCACCTTACCGA_001,105
GATGTCTGGCACCTTACCGA_002,127
GATGTCTGGCACCTTACCGA_003,50
GATGTCTGGCACCTTACCGA_004,40
GATGTCTGGCACCTTACCGA_005,10
GATGTCTGGCACCTTACCGA_006,27
GATGTCTGGCACCTTACCGA_007,7
GATGTCTGGCACCTTACCGA_008,162
GATGTCTGGCACCTTACCGA_009,108
GATGTCTGGCACCTTACCGA_010,178
GATGTCTGGCACCTTACCGA_011,172
AACTTCATGAAGGTCAAATG_001,83
AACTTCATGAAGGTCAAATG_002,65
AACTTCATGAAGGTCAAATG_003,62
AACTTCATGAAGGTCAAATG_004,185
AACTTCATGAAGGTCAAATG_005,55
AACTTCATGAAGGTCAAATG_006,9
AACTTCATGAAGGTCAAATG_007,161
AACTTCATGAAGGTCAAATG_008,12
AACTTCATGAAGGTCAAATG_009,124
AACTTCATGAAGGTCAAATG_010,124
AACTTCATGAAGGTCAAATG_011,176
CAAGAAAATAGTGTGGCGTG_001,48
CAAGAAAATAGTGTGGCGTG_002,168
CAAGAAAATAGTGTGGCGTG_003,147
GTCATCCTCCATGAGCACGC_001,72
GTCATCCTCCATGAGCACGC_002,154
GTCATCCTCCATGAGCACGC_003,15
GTCATCCTCCATGAGCACGC_004,52
GTCATCCTCCATGAGCACGC_005,189
GTCATCCTCCATGAGCACGC_006,101
GTCATCCTCCATGAGCACGC_007,28
GTCATCCTCCATGAGCACGC_008,172
GTCATCCTCCATGAGCACGC_009,96
GTCATCCTCCATGAGCACGC_010,183
GTCATCCTCCATGAGCACGC_011,186
GTCATCCTCCATGAGCACGC_012,53
GTCATCCTCCATGAGCACGC_013,65
GTCATCCTCCATGAGCACGC_014,173
GTCATCCTCCATGAGCACGC_015,58
GTCATCCTCCATGAGCACGC_016,147
GTCATCCTCCATGAGCACGC_017,43
GTCATCCTCCATGAGCACGC_018,61
GTCATCCTCCATGAGCACGC_019,148
CTCACCGACCCTCAACTCGG_001,53
CTCACCGACCCTCAACTCGG_002,70
CTCACCGACCCTCAACTCGG_003,61
CTCACCGACCCTCAACTCGG_004,15
CTCACCGACCCTCAACTCGG_005,102
CTCACCGACCCTCAACTCGG_006,58
CTCACCGACCCTCAACTCGG_007,175
CTCACCGACCCTCAACTCGG_008,83
CTCACCGACCCTCAACTCGG_009,77
CTCACCGACCCTCAACTCGG_010,63
GATGCCAACCCAATTTGGTG_001,186
GATGCCAACCCAATTTGGTG_002,177
GATGCCAACCCAATTTGGTG_003,35
GATGCCAACCCAATTTGGTG_004,49
GATGCCAACCCAATTTGGTG_005,69
GATGCCAACCCAATTTGGTG_006,53
GATGCCAACCCAATTTGGTG_007,121
GATGCCAACCCAATTTGGTG_008,81
GATGCCAACCCAATTTGGTG_009,174
GATGCCAACCCAATTTGGTG_010,112
GATGCCAACCCAATTTGGTG_011,137
GATGCCAACCCAATTTGGTG_012,27
GATGCCAACCCAATTTGGTG_013,17
GCTAGACTCAAGCATCAACA_001,103
GCTAGACTCAAGCATCAACA_002,29
GCTAGACTCAAGCATCAACA_003,105
GCTAGACTCAAGCATCAACA_004,170
GCTAGACTCAAGCATCAACA_005,183
GGAGCTCAGCGACACCCACA_001,96
GGAGCTCAGCGACACCCACA_002,105
GGAGCTCAGCGACACCCACA_003,62
GGAGCTCAGCGACACCCACA_004,11
GGAGCTCAGCGACACCCACA_005,116
GGAGCTCAGCGACACCCACA_006,65
GGAGCTCAGCGACACCCACA_007,174
GGAGCTCAGCGACACCCACA_008,147
GGAGCTCAGCGACACCCACA_009,168
GGAGCTCAGCGACACCCACA_010,53
GGAGCTCAGCGACACCCACA_011,103
GGAGCTCAGCGACACCCACA_012,8
GGAGCTCAGCGACACCCACA_013,72
GGAGCTCAGCGACACCCACA_014,62
GGAGCTCAGCGACACCCACA_015,84
GGAGCTCAGCGACACCCACA_016,3
GGAGCTCAGCGACACCCACA_017,10
GGAGCTCAGCGACACCCACA_018,168
GGAGCTCAGCGACACCCACA_019,175
GGAGCTCAGCGACACCCACA_020,49
GGAGCTCAGCGACACCCACA_021,44
GGAGCTCAGCGACACCCACA_022,130
GGAGCTCAGCGACACCCACA_023,86
GGAGCTCAGCGACACCCACA_024,174
AGGAACTCTGGCATAACGGT_001,56
CAACCACAAGTAAAACACCC_001,77
AAGTCATTAGGCGTAAGGCA_001,112
AAGTCATTAGGCGTAAGGCA_002,160
AAGTCATTAGGCGTAAGGCA_003,142
AAGTCATTAGGCGTAAGGCA_004,27
AAGTCATTAGGCGTAAGGCA_005,104
AAGTCATTAGGCGTAAGGCA_006,165
AAGTCATTAGGCGTAAGGCA_007,0
AAGTCATTAGGCGTAAGGCA_008,95
AAGTCATTAGGCGTAAGGCA_009,157
AAGTCATTAGGCGTAAGGCA_010,61
ACTGCACGTGGTGAACCAAG_001,9
ACTGCACGTGGTGAACCAAG_002,60
ACTGCACGTGGTGAACCAAG_003,45
ACTGCACGTGGTGAACCAAG_004,50
ACTGCACGTGGTGAACCAAG_005,58
ACTGCACGTGGTGAACCAAG_006,138
ACTGCACGTGGTGAACCAAG_007,196
ACTGCACGTGGTGAACCAAG_008,6
CCTCGGAGTCAGACAGCTTG_001,127
CCTCGGAGTCAGACAGCTTG_002,145
CCTCGGAGTCAGACAGCTTG_003,102
CCTCGGAGTCAGACAGCTTG_004,7
CCTCGGAGTCAGACAGCTTG_005,162
CCTCGGAGTCAGACAGCTTG_006,154
CCTCGGAGTCAGACAGCTTG_007,154
CCTCGGAGTCAGACAGCTTG_008,129
CCTCGGAGTCAGACAGCTTG_009,73
CCTCGGAGTCAGACAGCTTG_010,163
CCTCGGAGTCAGACAGCTTG_011,9
CCTCGGAGTCAGACAGCTTG_012,197
CCTCGGAGTCAGACAGCTTG_013,48
CCTCGGAGTCAGACAGCTTG_014,182
CCTCGGAGTCAGACAGCTTG_015,152
CCTCGGAGTCAGACAGCTTG_016,49
CCTCGGAGTCAGACAGCTTG_017,47
CCTCGGAGTCAGACAGCTTG_018,28
CCTCGGAGTCAGACAGCTTG_019,27
CCTCGGAGTCAGACAGCTTG_020,69
CCTCGGAGTCAGACAGCTTG_021,115
CCTCGGAGTCAGACAGCTTG_022,175
GAAATCCGACTTGGGCACCA_001,124
GAAATCCGACTTGGGCACCA_002,105
GAAATCCGACTTGGGCACCA_003,152
GAAATCCGACTTGGGCACCA_004,115
GAAATCCGACTTGGGCACCA_005,141
GTAGAGATGCTTCAGACTCG_001,82
GTAGAGATGCTTCAGACTCG_002,94
GTAGAGATGCTTCAGACTCG_003,178
GTAGAGATGCTTCAGACTCG_004,149
GTAGAGATGCTTCAGACTCG_005,26
GATCCAGGAGTGATCGAGTA_001,163
GATCCAGGAGTGATCGAGTA_002,20
GATCCAGGAGTGATCGAGTA_003,199
GATCCAGGAGTGATCGAGTA_004,88
GATCCAGGAGTGATCGAGTA_005,81
GATCCAGGAGTGATCGAGTA_006,132
GATCCAGGAGTGATCGAGTA_007,94
GATCCAGGAGTGATCGAGTA_008,65
GATCCAGGAGTGATCGAGTA_009,47
GATCCAGGAGTGATCGAGTA_010,174
GATCCAGGAGTGATCGAGTA_011,34
GATCCAGGAGTGATCGAGTA_012,158
GATCCAGGAGTGATCGAGTA_013,116
GATCCAGGAGTGATCGAGTA_014,197
GATCCAGGAGTGATCGAGTA_015,62
TAATCCGATACACAGCCCCG_001,147
TAATCCGATACACAGCCCCG_002,161
TAATCCGATACACAGCCCCG_003,22
TAATCCGATACACAGCCCCG_004,75
TAATCCGATACACAGCCCCG_005,198
TAATCCGATACACAGCCCCG_006,141
TAATCCGATACACAGCCCCG_007,74
GCGGGGGTAACCGTAGCCGT_001,8
GCGGGGGTAACCGTAGCCGT_002,9
GCGGGGGTAACCGTAGCCGT_003,127
GCGGGGGTAACCGTAGCCGT_004,117
GCGGGGGTAACCGTAGCCGT_005,3
TGAGCTTGCATCCTCTGCAA_001,20
TGAGCTTGCATCCTCTGCAA_002,57
TGAGCTTGCATCCTCTGCAA_003,133
TGAGCTTGCATCCTCTGCAA_004,150
TGAGCTTGCATCCTCTGCAA_005,27
TGAGCTTGCATCCTCTGCAA_006,20
TGAGCTTGCATCCTCTGCAA_007,120
TGTACATGACCATACCCCGG_001,48
TTCAGGGAGTTCCCAAACAG_001,0
TTCAGGGAGTTCCCAAACAG_002,149
TTCAGGGAGTTCCCAAACAG_003,139
TTCAGGGAGTTCCCAAACAG_004,186
TTCAGGGAGTTCCCAAACAG_005,121
TTCAGGGAGTTCCCAAACAG_006,58
TTCAGGGAGTTCCCAAACAG_007,6
TTCAGGGAGTTCCCAAACAG_008,48
TTCAGGGAGTTCCCAAACAG_009,12
TTCAGGGAGTTCCCAAACAG_010,41
TTCAGGGAGTTCCCAAACAG_011,147
TTCAGGGAGTTCCCAAACAG_012,48
TTCAGGGAGTTCCCAAACAG_013,66
TTCAGGGAGTTCCCAAACAG_014,11
TTCAGGGAGTTCCCAAACAG_015,170
TTCAGGGAGTTCCCAAACAG_016,50
ATGACGGCTGACCAGTGGCG_001,40
ATGACGGCTGACCAGTGGCG_002,160
ATGACGGCTGACCAGTGGCG_003,17
ATGACGGCTGACCAGTGGCG_004,9
ATGACGGCTGACCAGTGGCG_005,83
ATGACGGCTGACCAGTGGCG_006,191
ATGACGGCTGACCAGTGGCG_007,103
ATGACGGCTGACCAGTGGCG_008,152
ATGACGGCTGACCAGTGGCG_009,35
ATGACGGCTGACCAGTGGCG_010,145
ATGACGGCTGACCAGTGGCG_011,14
ATGACGGCTGACCAGTGGCG_012,42
ATGACGGCTGACCAGTGGCG_013,56
ATGACGGCTGACCAGTGGCG_014,167
ATGACGGCTGACCAGTGGCG_015,24
ATGACGGCTGACCAGTGGCG_016,11
ATGACGGCTGACCAGTGGCG_017,191
ATGACGGCTGACCAGTGGCG_018,188
ATGACGGCTGACCAGTGGCG_019,199
ATGACGGCTGACCAGTGGCG_020,152
ATGACGGCTGACCAGTGGCG_021,105
ATGACGGCTGACCAGTGGCG_022,191
ATGACGGCTGACCAGTGGCG_023,78
ATGACGGCTGACCAGTGGCG_024,11
ATGACGGCTGACCAGTGGCG_025,94
ATGACGGCTGACCAGTGGCG_026,11
ATGACGGCTGACCAGTGGCG_027,39
ATGACGGCTGACCAGTGGCG_028,80
ATGACGGCTGACCAGTGGCG_029,114
ATGACGGCTGACCAGTGGCG_030,56
ATGACGGCTGACCAGTGGCG_031,58
TCTACCCAGAGATGTCCAAT_001,68
TCTACCCAGAGATGTCCAAT_002,76
TCTACCCAGAGATGTCCAAT_003,93
TCTACCCAGAGATGTCCAAT_004,60
TCTACCCAGAGATGTCCAAT_005,170
TCTACCCAGAGATGTCCAAT_006,147
TCTACCCAGAGATGTCCAAT_007,68
TCTACCCAGAGATGTCCAAT_008,81
TCTACCCAGAGATGTCCAAT_009,16
TCTACCCAGAGATGTCCAAT_010,58
TCTACCCAGAGATGTCCAAT_011,188
TCTACCCAGAGATGTCCAAT_012,52
TCTACCCAGAGATGTCCAAT_013,188
TCTACCCAGAGATGTCCAAT_014,19
TCTACCCAGAGATGTCCAAT_015,144
TCTACCCAGAGATGTCCAAT_016,27
TCTACCCAGAGATGTCCAAT_017,70
TCTACCCAGAGATGTCCAAT_018,62
TCTACCCAGAGATGTCCAAT_019,147
TCTACCCAGAGATGTCCAAT_020,1
GAAGGCCGTACACACCACCT_001,44
GAAGGCCGTACACACCACCT_002,26
GAAGGCCGTACACACCACCT_003,52
GAAGGCCGTACACACCACCT_004,194
GAAGGCCGTACACACCACCT_005,167
GAAGGCCGTACACACCACCT_006,124
CCCACAAACTGAATTACGCA_001,134
CCCACAAACTGAATTACGCA_002,116
CCCACAAACTGAATTACGCA_003,1
CCCACAAACTGAATTACGCA_004,115
CCCACAAACTGAATTACGCA_005,183
CCCACAAACTGAATTACGCA_006,77
CCCACAAACTGAATTACGCA_007,81
CCCACAAACTGAATTACGCA_008,115
GAGCAGCCGTACTGGATGAG_001,27
GAGCAGCCGTACTGGATGAG_002,169
GAGCAGCCGTACTGGATGAG_003,83
GAGCAGCCGTACTGGATGAG_004,170
GAGCAGCCGTACTGGATGAG_005,174
GAGCAGCCGTACTGGATGAG_006,52
GAGTCTATCAGTGTACAGCA_001,169
GAGTCTATCAGTGTACAGCA_002,169
GAGTCTATCAGTGTACAGCA_003,116
GAGTCTATCAGTGTACAGCA_004,178
GAGTCTATCAGTGTACAGCA_005,108
GAGTCTATCAGTGTACAGCA_006,62
GAGTCTATCAGTGTACAGCA_007,88
GAGTCTATCAGTGTACAGCA_008,81
GAGTCTATCAGTGTACAGCA_009,22
GAGTCTATCAGTGTACAGCA_010,10
GAGTCTATCAGTGTACAGCA_011,11
GAGTCTATCAGTGTACAGCA_012,13
ATCCCCCCGACTGTCCAAAG_001,29
ATCCCCCCGACTGTCCAAAG_002,198
ATCCCCCCGACTGTCCAAAG_003,48
ATCCCCCCGACTGTCCAAAG_004,53
ATCCCCCCGACTGTCCAAAG_005,199
ATCCCCCCGACTGTCCAAAG_006,8
ATCCCCCCGACTGTCCAAAG_007,15
ATCCCCCCGACTGTCCAAAG_008,184
ATCCCCCCGACTGTCCAAAG_009,147
ATCCCCCCGACTGTCCAAAG_010,151
ATCCCCCCGACTGTCCAAAG_011,1
ATCCCCCCGACTGTCCAAAG_012,9
ATCCCCCCGACTGTCCAAAG_013,27
ATCCCCCCGACTGTCCAAAG_014,137
ATCCCCCCGACTGTCCAAAG_015,96
ATCCCCCCGACTGTCCAAAG_016,181
GCGCAGACACCCGTGCCGCA_001,146
GCGCAGACACCCGTGCCGCA_002,29
GCGCAGACACCCGTGCCGCA_003,49
GCGCAGACACCCGTGCCGCA_004,137
GCGCAGACACCCGTGCCGCA_005,94
GCGCAGACACCCGTGCCGCA_006,123
GCGCAGACACCCGTGCCGCA_007,43
GCGCAGACACCCGTGCCGCA_008,170
GCGCAGACACCCGTGCCGCA_009,69
GCGCAGACACCCGTGCCGCA_010,184
GCGCAGACACCCGTGCCGCA_011,148
GCGCAGACACCCGTGCCGCA_012,88
GCGCAGACACCCGTGCCGCA_013,151
GCGCAGACACCCGTGCCGCA_014,192
GCGCAGACACCCGTGCCGCA_015,76
GCGCAGACACCCGTGCCGCA_016,94
GCGCAGACACCCGTGCCGCA_017,50
GCGCAGACACCCGTGCCGCA_018,127
GCGCAGACACCCGTGCCGCA_019,177
GCGCAGACACCCGTGCCGCA_020,121
GCGCAGACACCCGTGCCGCA_021,35
GCGCAGACACCCGTGCCGCA_022,182
GCGCAGACACCCGTGCCGCA_023,17
GCGCAGACACCCGTGCCGCA_024,40
GCGCAGACACCCGTGCCGCA_025,172
GCGCAGACACCCGTGCCGCA_026,39
GCGCAGACACCCGTGCCGCA_027,198
GCGCAGACACCCGTGCCGCA_028,142
ACGACAAGTTCACAGTGGCG_001,11
ACGACAAGTTCACAGTGGCG_002,13
ACGACAAGTTCACAGTGGCG_003,16
ACGACAAGTTCACAGTGGCG_004,174
ACGACAAGTTCACAGTGGCG_005,113
ACGACAAGTTCACAGTGGCG_006,55
ACGACAAGTTCACAGTGGCG_007,36
ACGACAAGTTCACAGTGGCG_008,69
AGGCCTATGACCATGCAGAG_001,171
AGGCCTATGACCATGCAGAG_002,184
AGGCCTATGACCATGCAGAG_003,41
AGGCCTATGACCATGCAGAG_004,140
AGGCCTATGACCATGCAGAG_005,38
AGGCCTATGACCATGCAGAG_006,102
AGGCCTATGACCATGCAGAG_007,28
CGTTTACTGCAACAGAACCT_001,62
TCGCTCCCACCTGAGCTGTA_001,55
TCGCTCCCACCTGAGCTGTA_002,127
TCGCTCCCACCTGAGCTGTA_003,8
TCGCTCCCACCTGAGCTGTA_004,20
TCGCTCCCACCTGAGCTGTA_005,198
TCGCTCCCACCTGAGCTGTA_006,155
TCGCTCCCACCTGAGCTGTA_007,13
TCGCTCCCACCTGAGCTGTA_008,121
TCGCTCCCACCTGAGCTGTA_009,102
TCGCTCCCACCTGAGCTGTA_010,144
TCGCTCCCACCTGAGCTGTA_011,1
TCGCTCCCACCTGAGCTGTA_012,106
TCGCTCCCACCTGAGCTGTA_013,81
TCGCTCCCACCTGAGCTGTA_014,94
TCGCTCCCACCTGAGCTGTA_015,149
TCGCTCCCACCTGAGCTGTA_016,12
TCGCTCCCACCTGAGCTGTA_017,17
TCGCTCCCACCTGAGCTGTA_018,145
TCGCTCCCACCTGAGCTGTA_019,89
TCGCTCCCACCTGAGCTGTA_020,1
TCGCTCCCACCTGAGCTGTA_021,0
TCGCTCCCACCTGAGCTGTA_022,168
TCGCTCCCACCTGAGCTGTA_023,160
GAAGTTGCCAAGTGTCGCTG_001,5
GAAGTTGCCAAGTGTCGCTG_002,147
GAAGTTGCCAAGTGTCGCTG_003,33
GAAGTTGCCAAGTGTCGCTG_004,96
GAAGTTGCCAAGTGTCGCTG_005,147
GAAGTTGCCAAGTGTCGCTG_006,157
GAAGTTGCCAAGTGTCGCTG_007,67
GAAGTTGCCAAGTGTCGCTG_008,189
GAAGTTGCCAAGTGTCGCTG_009,30
GAAGTTGCCAAGTGTCGCTG_010,9
GAAGTTGCCAAGTGTCGCTG_011,192
GAAGTTGCCAAGTGTCGCTG_012,149
GAAGTTGCCAAGTGTCGCTG_013,15
GAAGTTGCCAAGTGTCGCTG_014,141
GAAGTTGCCAAGTGTCGCTG_015,28
GAAGTTGCCAAGTGTCGCTG_016,9
GAAGTTGCCAAGTGTCGCTG_017,195
GAAGTTGCCAAGTGTCGCTG_018,82
GAAGTTGCCAAGTGTCGCTG_019,123
GAAGTTGCCAAGTGTCGCTG_020,51
GAAGTTGCCAAGTGTCGCTG_021,21
GAAGTTGCCAAGTGTCGCTG_022,69
GAAGTTGCCAAGTGTCGCTG_023,98
GAAGTTGCCAAGTGTCGCTG_024,100
GAAGTTGCCAAGTGTCGCTG_025,106
GAAGTTGCCAAGTGTCGCTG_026,0
GAAGTTGCCAAGTGTCGCTG_027,10
GAAGTTGCCAAGTGTCGCTG_028,39
GAAGTTGCCAAGTGTCGCTG_029,188
GAAGTTGCCAAGTGTCGCTG_030,70
GAAGTTGCCAAGTGTCGCTG_031,70
GAAGTTGCCAAGTGTCGCTG_032,79
TGTGAGGATTAAATCAATGG_001,187
TTCTAACTGTGGGTACTATG_001,3
TTCTAACTGTGGGTACTATG_002,103
GAGAGTGGGCCACCAATCCA_001,61
GAGAGTGGGCCACCAATCCA_002,141
GAGAGTGGGCCACCAATCCA_003,188
GAGAGTGGGCCACCAATCCA_004,1
GAGAGTGGGCCACCAATCCA_005,83
GAGAGTGGGCCACCAATCCA_006,1
GAGAGTGGGCCACCAATCCA_007,87
GAGAGTGGGCCACCAATCCA_008,147
GAGAGTGGGCCACCAATCCA_009,29
GAGAGTGGGCCACCAATCCA_010,178
GAGAGTGGGCCACCAATCCA_011,135
GAGAGTGGGCCACCAATCCA_012,118
GAGAGTGGGCCACCAATCCA_013,175
GAGAGTGGGCCACCAATCCA_014,154
GAGAGTGGGCCACCAATCCA_015,29
GAGAGTGGGCCACCAATCCA_016,105
GAGAGTGGGCCACCAATCCA_017,177
GAGAGTGGGCCACCAATCCA_018,188
GAGAGTGGGCCACCAATCCA_019,16
GAGAGTGGGCCACCAATCCA_020,61
GAGAGTGGGCCACCAATCCA_021,79
GAGAGTGGGCCACCAATCCA_022,121
GAGAGTGGGCCACCAATCCA_023,138
GAGAGTGGGCCACCAATCCA_024,137
GAGAGTGGGCCACCAATCCA_025,11
GAGAGTGGGCCACCAATCCA_026,5
CACAATACGATGATCAAATG_001,19
CACAATACGATGATCAAATG_002,169
GGAGTTGGTGTCCTTTGAGG_001,110
GGAGTTGGTGTCCTTTGAGG_002,156
GGAGTTGGTGTCCTTTGAGG_003,5
GGAGTTGGTGTCCTTTGAGG_004,167
GGAGTTGGTGTCCTTTGAGG_005,116
CAAAAGCAGAACGCATACTC_001,98
CAAAAGCAGAACGCATACTC_002,190
CAAAAGCAGAACGCATACTC_003,122
CAAAAGCAGAACGCATACTC_004,88
CAGTGTCAGCGACATCATTG_001,112
CAGTGTCAGCGACATCATTG_002,149
CAGTGTCAGCGACATCATTG_003,43
CAGTGTCAGCGACATCATTG_004,44
CAGTGTCAGCGACATCATTG_005,81
CAGTGTCAGCGACATCATTG_006,63
CAGTGTCAGCGACATCATTG_007,39
CAGTGTCAGCGACATCATTG_008,119
TGAGCACGGTGAACATCGGT_001,138
GATGGAACCCCGGTACAAGG_001,157
GATGGAACCCCGGTACAAGG_002,18
GATGGAACCCCGGTACAAGG_003,127
GATGGAACCCCGGTACAAGG_004,117
GATGGAACCCCGGTACAAGG_005,19
GATGGAACCCCGGTACAAGG_006,17
GATGGAACCCCGGTACAAGG_007,116
GATGGAACCCCGGTACAAGG_008,188
GATGGAACCCCGGTACAAGG_009,24
GATGGAACCCCGGTACAAGG_010,127
GATGGAACCCCGGTACAAGG_011,94
GATGGAACCCCGGTACAAGG_012,1
GATGGAACCCCGGTACAAGG_013,147
TGGATAATATAAACGCAAGA_001,172
TGGATAATATAAACGCAAGA_002,70
GGACATGCCCAATGTTAGAG_001,81
GGACATGCCCAATGTTAGAG_002,149
GGACATGCCCAATGTTAGAG_003,2
GGACATGCCCAATGTTAGAG_004,199
GGACATGCCCAATGTTAGAG_005,116
GGACATGCCCAATGTTAGAG_006,23
GGACATGCCCAATGTTAGAG_007,67
GGACATGCCCAATGTTAGAG_008,78
GGACATGCCCAATGTTAGAG_009,77
TGATGAATTATGTTGGCAAG_001,83
TGATGAATTATGTTGGCAAG_002,53
TGATGAATTATGTTGGCAAG_003,16
TGATGAATTATGTTGGCAAG_004,175
TGCCGGCTGAGAACCAGATG_001,189
TGCCGGCTGAGAACCAGATG_002,78
TGCCGGCTGAGAACCAGATG_003,160
TGCCGGCTGAGAACCAGATG_004,129
TGCCGGCTGAGAACCAGATG_005,8
TGCCGGCTGAGAACCAGATG_006,31
TGCCGGCTGAGAACCAGATG_007,92
TGCCGGCTGAGAACCAGATG_008,65
TGCCGGCTGAGAACCAGATG_009,169
TGCCGGCTGAGAACCAGATG_010,57
TGCCGGCTGAGAACCAGATG_011,94
TGCCGGCTGAGAACCAGATG_012,103
TGCCGGCTGAGAACCAGATG_013,101
TGCCGGCTGAGAACCAGATG_014,120
TGCCGGCTGAGAACCAGATG_015,54
TGCCGGCTGAGAACCAGATG_016,187
TGCCGGCTGAGAACCAGATG_017,153
TGCCGGCTGAGAACCAGATG_018,78
TGCCGGCTGAGAACCAGATG_019,17
TGCCGGCTGAGAACCAGATG_020,28
TGCCGGCTGAGAACCAGATG_021,147
TGCCGGCTGAGAACCAGATG_022,111
GGTTGGTGCGCAGACGCATG_001,68
GGTTGGTGCGCAGACGCATG_002,41
GGTTGGTGCGCAGACGCATG_003,10
GGTTGGTGCGCAGACGCATG_004,168
GGTTGGTGCGCAGACGCATG_005,19
GGTTGGTGCGCAGACGCATG_006,105
GGTTGGTGCGCAGACGCATG_007,45
GGTTGGTGCGCAGACGCATG_008,174
GGTTGGTGCGCAGACGCATG_009,37
GGTTGGTGCGCAGACGCATG_010,59
GGTTGGTGCGCAGACGCATG_011,43
GGTTGGTGCGCAGACGCATG_012,151
GGTTGGTGCGCAGACGCATG_013,91
ACGCACAGAACACATCAAGT_001,112
ACGCACAGAACACATCAAGT_002,113
ACGCACAGAACACATCAAGT_003,113
ACGCACAGAACACATCAAGT_004,80
ACGCACAGAACACATCAAGT_005,172
ACGCACAGAACACATCAAGT_006,148
ACGCACAGAACACATCAAGT_007,29
ACGCACAGAACACATCAAGT_008,1
ACGCACAGAACACATCAAGT_009,30
ACGCACAGAACACATCAAGT_010,98
ACGCACAGAACACATCAAGT_011,16
ACGCACAGAACACATCAAGT_012,80
GACCTATGCCAGAAAGTTCG_001,107
GACCTATGCCAGAAAGTTCG_002,91
GACCTATGCCAGAAAGTTCG_003,68
GACCTATGCCAGAAAGTTCG_004,106
GACCTATGCCAGAAAGTTCG_005,32
GACCTATGCCAGAAAGTTCG_006,50
GACCTATGCCAGAAAGTTCG_007,146
GACCTATGCCAGAAAGTTCG_008,198
GACCTATGCCAGAAAGTTCG_009,40
GACCTATGCCAGAAAGTTCG_010,47
CGAACGCAGTAGATAAGTCA_001,86
CGAACGCAGTAGATAAGTCA_002,104
CGAACGCAGTAGATAAGTCA_003,190
CGAACGCAGTAGATAAGTCA_004,49
CGAACGCAGTAGATAAGTCA_005,50
CGAACGCAGTAGATAAGTCA_006,162
CGAACGCAGTAGATAAGTCA_007,38
CGAACGCAGTAGATAAGTCA_008,151
CGAACGCAGTAGATAAGTCA_009,169
CGGCCCAGTCGCAAGAACCA_001,108
CGGCCCAGTCGCAAGAACCA_002,186
CGGCCCAGTCGCAAGAACCA_003,58
CGGCCCAGTCGCAAGAACCA_004,60
CGGCCCAGTCGCAAGAACCA_005,190
CGGCCCAGTCGCAAGAACCA_006,158
CGGCCCAGTCGCAAGAACCA_007,118
CGGCCCAGTCGCAAGAACCA_008,94
CGGCCCAGTCGCAAGAACCA_009,158
CGGCCCAGTCGCAAGAACCA_010,24
TAGTAGCGTTGACCTCTCTG_001,34
TAGTAGCGTTGACCTCTCTG_002,81
TAGTAGCGTTGACCTCTCTG_003,194
TAGTAGCGTTGACCTCTCTG_004,83
TAGTAGCGTTGACCTCTCTG_005,84
TAGTAGCGTTGACCTCTCTG_006,113
TAGTAGCGTTGACCTCTCTG_007,92
TAGTAGCGTTGACCTCTCTG_008,67
TAGTAGCGTTGACCTCTCTG_009,22
TAGTAGCGTTGACCTCTCTG_010,158
TCACATCAGAGACTCCCCGT_001,159
TCACATCAGAGACTCCCCGT_002,122
TCACATCAGAGACTCCCCGT_003,50
TCACATCAGAGACTCCCCGT_004,77
TCACATCAGAGACTCCCCGT_005,29
TCACATCAGAGACTCCCCGT_006,148
TCACATCAGAGACTCCCCGT_007,45
TCACATCAGAGACTCCCCGT_008,86
CAGCATCTTCAGAGTCACTG_001,191
CAGCATCTTCAGAGTCACTG_002,153
CAGCATCTTCAGAGTCACTG_003,13
TCCGTCAGGAGAGAATGTAG_001,23
TCCGTCAGGAGAGAATGTAG_002,105
TCCGTCAGGAGAGAATGTAG_003,104
TCCGTCAGGAGAGAATGTAG_004,17
TCCGTCAGGAGAGAATGTAG_005,82
TGCAGTAGTCGATGGCACCG_001,139
TGCAGTAGTCGATGGCACCG_002,48
TGCAGTAGTCGATGGCACCG_003,170
TGCAGTAGTCGATGGCACCG_004,147
TGCAGTAGTCGATGGCACCG_005,100
TGCAGTAGTCGATGGCACCG_006,63
TTTGGCCAATGAGTTATCCA_001,12
TTTGGCCAATGAGTTATCCA_002,129
TTTGGCCAATGAGTTATCCA_003,14
TTTGGCCAATGAGTTATCCA_004,77
TTTGGCCAATGAGTTATCCA_005,58
TTTGGCCAATGAGTTATCCA_006,15
TTTGGCCAATGAGTTATCCA_007,162
GGAAAATGTCTTCATCACGT_001,8
GGAAAATGTCTTCATCACGT_002,100
TCTACAACTAAAGACTCACT_001,130
TTACCAGTGCGTCAAACACA_001,130
GCGGCCAAGTATGACTACGC_001,68
CTTTAAACTCCATTCCCTCA_001,53
CTTTAAACTCCATTCCCTCA_002,91
CAATATTCTGAACTGCACCG_001,55
CAATATTCTGAACTGCACCG_002,12
CAATATTCTGAACTGCACCG_003,188
CAATATTCTGAACTGCACCG_004,191
CAATATTCTGAACTGCACCG_005,76
CAATATTCTGAACTGCACCG_006,12
CAATATTCTGAACTGCACCG_007,149
CAATATTCTGAACTGCACCG_008,182
CAATATTCTGAACTGCACCG_009,31
CAATATTCTGAACTGCACCG_010,31
CAATATTCTGAACTGCACCG_011,38
CAATATTCTGAACTGCACCG_012,13
CAATATTCTGAACTGCACCG_013,42
CAATATTCTGAACTGCACCG_014,168
CAATATTCTGAACTGCACCG_015,186
CAATATTCTGAACTGCACCG_016,96
CAATATTCTGAACTGCACCG_017,108
CAATATTCTGAACTGCACCG_018,130
CAATATTCTGAACTGCACCG_019,118
CAATATTCTGAACTGCACCG_020,153
CAATATTCTGAACTGCACCG_021,9
AGCTTCAGATTTCCAAAGTG_001,106
AGCTTCAGATTTCCAAAGTG_002,29
AGCTTCAGATTTCCAAAGTG_003,181
TTGGAATGTTATTCAAGCCT_001,96
CCCTGATCAAGACATGAGGG_001,81
CCCTGATCAAGACATGAGGG_002,48
CCCTGATCAAGACATGAGGG_003,48
CCCTGATCAAGACATGAGGG_004,163
CCCTGATCAAGACATGAGGG_005,189
CCCTGATCAAGACATGAGGG_006,76
CCCTGATCAAGACATGAGGG_007,15
CCCTGATCAAGACATGAGGG_008,37
CCCTGATCAAGACATGAGGG_009,130
CCCTGATCAAGACATGAGGG_010,77
CCCTGATCAAGACATGAGGG_011,117
CCCTGATCAAGACATGAGGG_012,187
CCCTGATCAAGACATGAGGG_013,190
CCCTGATCAAGACATGAGGG_014,145
CCCTGATCAAGACATGAGGG_015,29
CCCTGATCAAGACATGAGGG_016,32
CCCTGATCAAGACATGAGGG_017,63
CCCTGATCAAGACATGAGGG_018,19
CCCTGATCAAGACATGAGGG_019,74
CCCTGATCAAGACATGAGGG_020,74
CCCTGATCAAGACATGAGGG_021,26
CCCTGATCAAGACATGAGGG_022,162
CCCTGATCAAGACATGAGGG_023,28
GGTAACAGTCGGAGGCGCGA_001,55
GGTAACAGTCGGAGGCGCGA_002,149
GGTAACAGTCGGAGGCGCGA_003,76
GGTAACAGTCGGAGGCGCGA_004,52
GGTAACAGTCGGAGGCGCGA_005,2
GGTAACAGTCGGAGGCGCGA_006,73
GGTAACAGTCGGAGGCGCGA_007,50
GGTAACAGTCGGAGGCGCGA_008,112
GGTAACAGTCGGAGGCGCGA_009,92
GGTAACAGTCGGAGGCGCGA_010,45
GGTAACAGTCGGAGGCGCGA_011,63
GGTAACAGTCGGAGGCGCGA_012,15
GGTAACAGTCGGAGGCGCGA_013,103
GGTAACAGTCGGAGGCGCGA_014,8
GGTAACAGTCGGAGGCGCGA_015,199
GGTAACAGTCGGAGGCGCGA_016,52
GGTAACAGTCGGAGGCGCGA_017,70
GGTAACAGTCGGAGGCGCGA_018,157
GGTAACAGTCGGAGGCGCGA_019,89
GGTAACAGTCGGAGGCGCGA_020,48
GGTAACAGTCGGAGGCGCGA_021,105
GGTAACAGTCGGAGGCGCGA_022,38
GGTAACAGTCGGAGGCGCGA_023,19
GGTAACAGTCGGAGGCGCGA_024,87
GGTAACAGTCGGAGGCGCGA_025,126
TCTTCCAGATCCTGTCTGAG_001,80
TCTTCCAGATCCTGTCTGAG_002,128
TCTTCCAGATCCTGTCTGAG_003,53
TCTTCCAGATCCTGTCTGAG_004,137
TCTTCCAGATCCTGTCTGAG_005,35
TCTTCCAGATCCTGTCTGAG_006,155
TTTCTATAGAAATCCAATTG_001,157
AAAGCGGCGACTTCTGTGTG_001,28
AAAGCGGCGACTTCTGTGTG_002,182
AAAGCGGCGACTTCTGTGTG_003,75
AAAGCGGCGACTTCTGTGTG_004,119
AAAGCGGCGACTTCTGTGTG_005,18
AAAGCGGCGACTTCTGTGTG_006,183
AAAGCGGCGACTTCTGTGTG_007,66
AAAGCGGCGACTTCTGTGTG_008,66
AAAGCGGCGACTTCTGTGTG_009,138
AAAGCGGCGACTTCTGTGTG_010,142
TCCTCACCGGTGAAACTCTG_001,15
TCCTCACCGGTGAAACTCTG_002,64
TCCTCACCGGTGAAACTCTG_003,117
TCCTCACCGGTGAAACTCTG_004,93
TCCTCACCGGTGAAACTCTG_005,174
TCCTCACCGGTGAAACTCTG_006,77
TCCTCACCGGTGAAACTCTG_007,198
TCCTCACCGGTGAAACTCTG_008,49
TCCTCACCGGTGAAACTCTG_009,197
TCCTCACCGGTGAAACTCTG_010,81
TCCTCACCGGTGAAACTCTG_011,84
TCCTCACCGGTGAAACTCTG_012,77
TCCTCACCGGTGAAACTCTG_013,175
TCCTCACCGGTGAAACTCTG_014,119
TCCTCACCGGTGAAACTCTG_015,22
TCCTCACCGGTGAAACTCTG_016,157
CCCAGAAGACTTACCAATGG_001,69
CCCAGAAGACTTACCAATGG_002,107
CCCAGAAGACTTACCAATGG_003,26
CCCAGAAGACTTACCAATGG_004,134
CCCAGAAGACTTACCAATGG_005,25
CCCAGAAGACTTACCAATGG_006,19
GCTGGGATTCAAATAACTCG_001,82
GCTGGGATTCAAATAACTCG_002,60
GCTGGGATTCAAATAACTCG_003,90
GCTGGGATTCAAATAACTCG_004,94
CGCCGGGACCATCGAAAGGT_001,120
CGCCGGGACCATCGAAAGGT_002,23
CGCCGGGACCATCGAAAGGT_003,15
CGCCGGGACCATCGAAAGGT_004,105
CGCCGGGACCATCGAAAGGT_005,7
CGCCGGGACCATCGAAAGGT_006,41
CGCCGGGACCATCGAAAGGT_007,42
CGCCGGGACCATCGAAAGGT_008,112
CGCCGGGACCATCGAAAGGT_009,118
CGCCGGGACCATCGAAAGGT_010,127
CGCCGGGACCATCGAAAGGT_011,108
CGCCGGGACCATCGAAAGGT_012,108
CGCCGGGACCATCGAAAGGT_013,14
CGCCGGGACCATCGAAAGGT_014,166
CGCCGGGACCATCGAAAGGT_015,116
CGCCGGGACCATCGAAAGGT_016,123
CGCCGGGACCATCGAAAGGT_017,127
CGCCGGGACCATCGAAAGGT_018,159
CGCCGGGACCATCGAAAGGT_019,1
CGCCGGGACCATCGAAAGGT_020,102
CGCCGGGACCATCGAAAGGT_021,49
CGCCGGGACCATCGAAAGGT_022,147
CGCCGGGACCATCGAAAGGT_023,102
AAAGAGACCAGAGAGATATG_001,134
AAAGAGACCAGAGAGATATG_002,147
AAAGAGACCAGAGAGATATG_003,44
AAAGAGACCAGAGAGATATG_004,148
AAAGAGACCAGAGAGATATG_005,42
AAAGAGACCAGAGAGATATG_006,98
AAAGAGACCAGAGAGATATG_007,119
AAAGAGACCAGAGAGATATG_008,125
TTTCTGCAGACAAAACTGTG_001,168
TTTCTGCAGACAAAACTGTG_002,115
TTTCTGCAGACAAAACTGTG_003,27
TTTCTGCAGACAAAACTGTG_004,114
TTTCTGCAGACAAAACTGTG_005,114
TTTCTGCAGACAAAACTGTG_006,29
TTTCTGCAGACAAAACTGTG_007,191
TTTCTGCAGACAAAACTGTG_008,170
TTTCTGCAGACAAAACTGTG_009,174
TTTCTGCAGACAAAACTGTG_010,29
TTTCTGCAGACAAAACTGTG_011,94
TTTCTGCAGACAAAACTGTG_012,36
TTTCTGCAGACAAAACTGTG_013,190
TTTCTGCAGACAAAACTGTG_014,42
TTTCTGCAGACAAAACTGTG_015,130
TTTCTGCAGACAAAACTGTG_016,55
TTTCTGCAGACAAAACTGTG_017,188
GGAGCTGGGCACGGTCAACA_001,178
GGAGCTGGGCACGGTCAACA_002,178
GGAGCTGGGCACGGTCAACA_003,78
GGAGCTGGGCACGGTCAACA_004,29
GGAGCTGGGCACGGTCAACA_005,142
GGAGCTGGGCACGGTCAACA_006,69
GGAGCTGGGCACGGTCAACA_007,98
GGAGCTGGGCACGGTCAACA_008,38
GGAGCTGGGCACGGTCAACA_009,17
GGAGCTGGGCACGGTCAACA_010,185
GGAGCTGGGCACGGTCAACA_011,11
GGAGCTGGGCACGGTCAACA_012,74
GGAGCTGGGCACGGTCAACA_013,197
GGAGCTGGGCACGGTCAACA_014,117
GGAGCTGGGCACGGTCAACA_015,86
GGAGCTGGGCACGGTCAACA_016,178
GGAGCTGGGCACGGTCAACA_017,121
GGAGCTGGGCACGGTCAACA_018,105
GGAGCTGGGCACGGTCAACA_019,146
GGAGCTGGGCACGGTCAACA_020,91
GGAGCTGGGCACGGTCAACA_021,193
GGAGCTGGGCACGGTCAACA_022,169
GGAGCTGGGCACGGTCAACA_023,24
GGAGCTGGGCACGGTCAACA_024,190
GGAGCTGGGCACGGTCAACA_025,117
GGAGCTGGGCACGGTCAACA_026,164
GGAGCTGGGCACGGTCAACA_027,164
GGAGCTGGGCACGGTCAACA_028,160
GGAGCTGGGCACGGTCAACA_029,142
GGAGCTGGGCACGGTCAACA_030,117
GGAGCTGGGCACGGTCAACA_031,102
GGAGCTGGGCACGGTCAACA_032,57
GGAGCTGGGCACGGTCAACA_033,198
GGAGCTGGGCACGGTCAACA_034,177
GGAGCTGGGCACGGTCAACA_035,126
GGAGCTGGGCACGGTCAACA_036,121
CACCATGGGAGGAACTACTG_001,162
CACCATGGGAGGAACTACTG_002,162
CACCATGGGAGGAACTACTG_003,27
CACCATGGGAGGAACTACTG_004,147
CACCATGGGAGGAACTACTG_005,35
CACCATGGGAGGAACTACTG_006,82
CACCATGGGAGGAACTACTG_007,47
CACCATGGGAGGAACTACTG_008,91
CACCATGGGAGGAACTACTG_009,4
CACCATGGGAGGAACTACTG_010,49
CACCATGGGAGGAACTACTG_011,153
CACCATGGGAGGAACTACTG_012,88
CACCATGGGAGGAACTACTG_013,33
CACCATGGGAGGAACTACTG_014,134
CACCATGGGAGGAACTACTG_015,9
CACCATGGGAGGAACTACTG_016,199
CACCATGGGAGGAACTACTG_017,138
CACCATGGGAGGAACTACTG_018,157
CGGAGGTCTCGACACAGCTG_001,152
CGGAGGTCTCGACACAGCTG_002,164
CGGAGGTCTCGACACAGCTG_003,99
CGGAGGTCTCGACACAGCTG_004,83
CGGAGGTCTCGACACAGCTG_005,190
CTGGTGTAACAGGAACATCA_001,65
CTGGTGTAACAGGAACATCA_002,41
CTGGTGTAACAGGAACATCA_003,102
CTGGTGTAACAGGAACATCA_004,116
CTGGTGTAACAGGAACATCA_005,170
CTGGTGTAACAGGAACATCA_006,15
CTGGTGTAACAGGAACATCA_007,70
CTGGTGTAACAGGAACATCA_008,171
CTGGTGTAACAGGAACATCA_009,188
CTAGAACACCCTGTAATCCA_001,157
CTAGAACACCCTGTAATCCA_002,154
CTAGAACACCCTGTAATCCA_003,102
CTAGAACACCCTGTAATCCA_004,107
AAAGTAGAGGCCTTCACACG_001,171
AAAGTAGAGGCCTTCACACG_002,129
AAAGTAGAGGCCTTCACACG_003,65
AAAGTAGAGGCCTTCACACG_004,164
AAAGTAGAGGCCTTCACACG_005,141
AAAGTAGAGGCCTTCACACG_006,145
AAAGTAGAGGCCTTCACACG_007,35
AAAGTAGAGGCCTTCACACG_008,147
AAAGTAGAGGCCTTCACACG_009,199
AAAGTAGAGGCCTTCACACG_010,84
AAAGTAGAGGCCTTCACACG_011,170
AAAAAACGAACGGATTAACA_001,137
AAAAAACGAACGGATTAACA_002,48
AAAAAACGAACGGATTAACA_003,6
TCACCGGGGCTATTCATGCA_001,70
TCACCGGGGCTATTCATGCA_002,7
TCACCGGGGCTATTCATGCA_003,172
TCACCGGGGCTATTCATGCA_004,113
TCACCGGGGCTATTCATGCA_005,41
TCACCGGGGCTATTCATGCA_006,177
TCACCGGGGCTATTCATGCA_007,178
TCACCGGGGCTATTCATGCA_008,177
AAAGCCGAGAAGTTTCCACT_001,108
AAAGCCGAGAAGTTTCCACT_002,29
AAAGCCGAGAAGTTTCCACT_003,50
AAAGCCGAGAAGTTTCCACT_004,105
AAAGCCGAGAAGTTTCCACT_005,15
AAAGCCGAGAAGTTTCCACT_006,55
AAAGCCGAGAAGTTTCCACT_007,136
AAAGCCGAGAAGTTTCCACT_008,6
ACATATATGACCAGAACACA_001,146
ACATATATGACCAGAACACA_002,19
GGAAGCCCATGGATCCCTTG_001,40
GGAAGCCCATGGATCCCTTG_002,94
GGAAGCCCATGGATCCCTTG_003,142
GGAAGCCCATGGATCCCTTG_004,4
GGAAGCCCATGGATCCCTTG_005,25
GGAAGCCCATGGATCCCTTG_006,62
GGAAGCCCATGGATCCCTTG_007,72
GGAAGCCCATGGATCCCTTG_008,84
AAAAACCCACCAGCCTTCTG_001,43
AAAAACCCACCAGCCTTCTG_002,53
AAAAACCCACCAGCCTTCTG_003,66
AAAAACCCACCAGCCTTCTG_004,182
AAAAACCCACCAGCCTTCTG_005,184
AAAAACCCACCAGCCTTCTG_006,65
AAAAACCCACCAGCCTTCTG_007,73
AAAAACCCACCAGCCTTCTG_008,18
AAAAACCCACCAGCCTTCTG_009,177
AAAAACCCACCAGCCTTCTG_010,112
AAAAACCCACCAGCCTTCTG_011,127
AAAAACCCACCAGCCTTCTG_012,182
AAAAACCCACCAGCCTTCTG_013,156
AAAAACCCACCAGCCTTCTG_014,188
AAAAACCCACCAGCCTTCTG_015,158
AAAAACCCACCAGCCTTCTG_016,175
AAAAACCCACCAGCCTTCTG_017,158
AAAAACCCACCAGCCTTCTG_018,18
AAAAACCCACCAGCCTTCTG_019,45
AAAAACCCACCAGCCTTCTG_020,27
AAAAACCCACCAGCCTTCTG_021,33
AAAAACCCACCAGCCTTCTG_022,136
AAAAACCCACCAGCCTTCTG_023,166
AAAAACCCACCAGCCTTCTG_024,130
ACCGAATCATCACAGCCGAG_001,93
ACCGAATCATCACAGCCGAG_002,182
CAGCTACCCCCGCACCCACG_001,184
CAGCTACCCCCGCACCCACG_002,25
CAGCTACCCCCGCACCCACG_003,29
CAGCTACCCCCGCACCCACG_004,156
CAGCTACCCCCGCACCCACG_005,27
CAGCTACCCCCGCACCCACG_006,168
CAGCTACCCCCGCACCCACG_007,69
CAGCTACCCCCGCACCCACG_008,199
CAGCTACCCCCGCACCCACG_009,199
CAGCTACCCCCGCACCCACG_010,63
CAGCTACCCCCGCACCCACG_011,170
CAGCTACCCCCGCACCCACG_012,28
CAGCTACCCCCGCACCCACG_013,4
CAGCTACCCCCGCACCCACG_014,76
CAGCTACCCCCGCACCCACG_015,17
CAGCTACCCCCGCACCCACG_016,95
CAGCTACCCCCGCACCCACG_017,13
CAGCTACCCCCGCACCCACG_018,51
CAGCTACCCCCGCACCCACG_019,73
CAGCTACCCCCGCACCCACG_020,134
CAGCTACCCCCGCACCCACG_021,15
CAGCTACCCCCGCACCCACG_022,106
CAGCTACCCCCGCACCCACG_023,94
CAGCTACCCCCGCACCCACG_024,56
CAGCTACCCCCGCACCCACG_025,56
CAGCTACCCCCGCACCCACG_026,56
CAGCTACCCCCGCACCCACG_027,44
CAGCTACCCCCGCACCCACG_028,146
CAGCTACCCCCGCACCCACG_029,28
CAGCTACCCCCGCACCCACG_030,151
CAGCTACCCCCGCACCCACG_031,170
CAGCTACCCCCGCACCCACG_032,144
CAGCTACCCCCGCACCCACG_033,91
CAGCTACCCCCGCACCCACG_034,9
CAGCTACCCCCGCACCCACG_035,190
CAGCTACCCCCGCACCCACG_036,130
CAGCTACCCCCGCACCCACG_037,160
CAGCTACCCCCGCACCCACG_038,91
CAGCTACCCCCGCACCCACG_039,162
CAGCTACCCCCGCACCCACG_040,10
CAGCTACCCCCGCACCCACG_041,137
CAGCTACCCCCGCACCCACG_042,197
CAGCTACCCCCGCACCCACG_043,49
CAGCTACCCCCGCACCCACG_044,166
CAGCTACCCCCGCACCCACG_045,49
CAGCTACCCCCGCACCCACG_046,121
CAGCTACCCCCGCACCCACG_047,144
CAGCTACCCCCGCACCCACG_048,107
CAGCTACCCCCGCACCCACG_049,156
CAGCTACCCCCGCACCCACG_050,101
CAGCTACCCCCGCACCCACG_051,112
CAGCTACCCCCGCACCCACG_052,168
CAGCTACCCCCGCACCCACG_053,48
CAGCTACCCCCGCACCCACG_054,196
CAGCTACCCCCGCACCCACG_055,72
CAGCTACCCCCGCACCCACG_056,72
CAGCTACCCCCGCACCCACG_057,160
CAGCTACCCCCGCACCCACG_058,121
CAGCTACCCCCGCACCCACG_059,31
CAGCTACCCCCGCACCCACG_060,2
CAGCTACCCCCGCACCCACG_061,56
CAGCTACCCCCGCACCCACG_062,197
CAGCTACCCCCGCACCCACG_063,178
CAGCTACCCCCGCACCCACG_064,17
CAGCTACCCCCGCACCCACG_065,170
CAGCTACCCCCGCACCCACG_066,48
CAGCTACCCCCGCACCCACG_067,168
CAGCTACCCCCGCACCCACG_068,128
CAGCTACCCCCGCACCCACG_069,56
CAGCTACCCCCGCACCCACG_070,128
CAGCTACCCCCGCACCCACG_071,10
CAGCTACCCCCGCACCCACG_072,36
CAGCTACCCCCGCACCCACG_073,52
CAGCTACCCCCGCACCCACG_074,130
CAGCTACCCCCGCACCCACG_075,2
CAGCTACCCCCGCACCCACG_076,88
CAGCTACCCCCGCACCCACG_077,81
CAGCTACCCCCGCACCCACG_078,68
CAGCTACCCCCGCACCCACG_079,40
CAGCTACCCCCGCACCCACG_080,49
CAGCTACCCCCGCACCCACG_081,106
CAGCTACCCCCGCACCCACG_082,184
CAGCTACCCCCGCACCCACG_083,127
CAGCTACCCCCGCACCCACG_084,29
CAGCTACCCCCGCACCCACG_085,143
CAGCTACCCCCGCACCCACG_086,197
CAGCTACCCCCGCACCCACG_087,134
CAGCTACCCCCGCACCCACG_088,57
CAGCTACCCCCGCACCCACG_089,76
CAGCTACCCCCGCACCCACG_090,150
CAGCTACCCCCGCACCCACG_091,32
CAGCTACCCCCGCACCCACG_092,177
CAGCTACCCCCGCACCCACG_093,130
CAGCTACCCCCGCACCCACG_094,169
CAGCTACCCCCGCACCCACG_095,197
CAGCTACCCCCGCACCCACG_096,0
CAGCTACCCCCGCACCCACG_097,130
CAGCTACCCCCGCACCCACG_098,34
CAGCTACCCCCGCACCCACG_099,120
CAGCTACCCCCGCACCCACG_100,25
CAGCTACCCCCGCACCCACG_101,23
CAGCTACCCCCGCACCCACG_102,4
CAGCTACCCCCGCACCCACG_103,9
CAGCTACCCCCGCACCCACG_104,186
CAGCTACCCCCGCACCCACG_105,94
CAGCTACCCCCGCACCCACG_106,106
CAGCTACCCCCGCACCCACG_107,83
CAGCTACCCCCGCACCCACG_108,58
CAGCTACCCCCGCACCCACG_109,129
CAGCTACCCCCGCACCCACG_110,139
CAGCTACCCCCGCACCCACG_111,77
CAGCTACCCCCGCACCCACG_112,92
CAGCTACCCCCGCACCCACG_113,150
CAGCTACCCCCGCACCCACG_114,124
CAGCTACCCCCGCACCCACG_115,73
CAGCTACCCCCGCACCCACG_116,51
CAGCTACCCCCGCACCCACG_117,128
CAGCTACCCCCGCACCCACG_118,17
CAGCTACCCCCGCACCCACG_119,150
CAGCTACCCCCGCACCCACG_120,28
CAGCTACCCCCGCACCCACG_121,112
CAGCTACCCCCGCACCCACG_122,31
CAGCTACCCCCGCACCCACG_123,101
CAGCTACCCCCGCACCCACG_124,14
CAGCTACCCCCGCACCCACG_125,7
CAGCTACCCCCGCACCCACG_126,58
CAGCTACCCCCGCACCCACG_127,70
CAGCTACCCCCGCACCCACG_128,137
CAGCTACCCCCGCACCCACG_129,130
CAGCTACCCCCGCACCCACG_130,169
CAGCTACCCCCGCACCCACG_131,50
CAGCTACCCCCGCACCCACG_132,144
CAGCTACCCCCGCACCCACG_133,42
CAGCTACCCCCGCACCCACG_134,95
CAGCTACCCCCGCACCCACG_135,59
CAGCTACCCCCGCACCCACG_136,182
CAGCTACCCCCGCACCCACG_137,196
CAGCTACCCCCGCACCCACG_138,179
CAGCTACCCCCGCACCCACG_139,79
CAGCTACCCCCGCACCCACG_140,127
CAGCTACCCCCGCACCCACG_141,94
CAGCTACCCCCGCACCCACG_142,148
CAGCTACCCCCGCACCCACG_143,14
CAGCTACCCCCGCACCCACG_144,173
CAGCTACCCCCGCACCCACG_145,28
CAGCTACCCCCGCACCCACG_146,160
CAGCTACCCCCGCACCCACG_147,69
CAGCTACCCCCGCACCCACG_148,139
CAGCTACCCCCGCACCCACG_149,30
CAGCTACCCCCGCACCCACG_150,167
CAGCTACCCCCGCACCCACG_151,162
CAGCTACCCCCGCACCCACG_152,84
CAGCTACCCCCGCACCCACG_153,56
CAGCTACCCCCGCACCCACG_154,156
CAGCTACCCCCGCACCCACG_155,159
CAGCTACCCCCGCACCCACG_156,56
CAGCTACCCCCGCACCCACG_157,75
CAGCTACCCCCGCACCCACG_158,141
CAGCTACCCCCGCACCCACG_159,179
CAGCTACCCCCGCACCCACG_160,75
CAGCTACCCCCGCACCCACG_161,88
CAGCTACCCCCGCACCCACG_162,102
CAGCTACCCCCGCACCCACG_163,45
CAGCTACCCCCGCACCCACG_164,169
CAGCTACCCCCGCACCCACG_165,84
CAGCTACCCCCGCACCCACG_166,49
CAGCTACCCCCGCACCCACG_167,150
CAGCTACCCCCGCACCCACG_168,59
CAGCTACCCCCGCACCCACG_169,67
CAGCTACCCCCGCACCCACG_170,9
CAGCTACCCCCGCACCCACG_171,61
CAGCTACCCCCGCACCCACG_172,96
CAGCTACCCCCGCACCCACG_173,88
CAGCTACCCCCGCACCCACG_174,6
CAGCTACCCCCGCACCCACG_175,8
CAGCTACCCCCGCACCCACG_176,171
CAGCTACCCCCGCACCCACG_177,121
CAGCTACCCCCGCACCCACG_178,67
CAGCTACCCCCGCACCCACG_179,127
CAGCTACCCCCGCACCCACG_180,144
CAGCTACCCCCGCACCCACG_181,23
CAGCTACCCCCGCACCCACG_182,84
CAGCTACCCCCGCACCCACG_183,147
CAGCTACCCCCGCACCCACG_184,74
CAGCTACCCCCGCACCCACG_185,64
CAGCTACCCCCGCACCCACG_186,19
CAGCTACCCCCGCACCCACG_187,65
CAGCTACCCCCGCACCCACG_188,29
CAGCTACCCCCGCACCCACG_189,74
CAGCTACCCCCGCACCCACG_190,159
CAGCTACCCCCGCACCCACG_191,110
CAGCTACCCCCGCACCCACG_192,31
CAGCTACCCCCGCACCCACG_193,30
CAGCTACCCCCGCACCCACG_194,159
CAGCTACCCCCGCACCCACG_195,117
CAGCTACCCCCGCACCCACG_196,138
CAGCTACCCCCGCACCCACG_197,35
CAGCTACCCCCGCACCCACG_198,42
CAGCTACCCCCGCACCCACG_199,169
CAGCTACCCCCGCACCCACG_200,65
CAGCTACCCCCGCACCCACG_201,141
CAGCTACCCCCGCACCCACG_202,91
CAGCTACCCCCGCACCCACG_203,157
CAGCTACCCCCGCACCCACG_204,45
CAGCTACCCCCGCACCCACG_205,98
CAGCTACCCCCGCACCCACG_206,145
CAGCTACCCCCGCACCCACG_207,29
CAGCTACCCCCGCACCCACG_208,141
CAGCTACCCCCGCACCCACG_209,102
CAGCTACCCCCGCACCCACG_210,30
CAGCTACCCCCGCACCCACG_211,74
CAGCTACCCCCGCACCCACG_212,67
CAGCTACCCCCGCACCCACG_213,156
CAGCTACCCCCGCACCCACG_214,75
CAGCTACCCCCGCACCCACG_215,75
CAGCTACCCCCGCACCCACG_216,137
CAGCTACCCCCGCACCCACG_217,118
CAGCTACCCCCGCACCCACG_218,12
CAGCTACCCCCGCACCCACG_219,150
CAGCTACCCCCGCACCCACG_220,137
CAGCTACCCCCGCACCCACG_221,124
CAGCTACCCCCGCACCCACG_222,177
CAGCTACCCCCGCACCCACG_223,156
CAGCTACCCCCGCACCCACG_224,148
CAGCTACCCCCGCACCCACG_225,16
CAGCTACCCCCGCACCCACG_226,174
CAGCTACCCCCGCACCCACG_227,116
CAGCTACCCCCGCACCCACG_228,81
CAGCTACCCCCGCACCCACG_229,8
CAGCTACCCCCGCACCCACG_230,75
CAGCTACCCCCGCACCCACG_231,81
CAGCTACCCCCGCACCCACG_232,144
CAGCTACCCCCGCACCCACG_233,119
CAGCTACCCCCGCACCCACG_234,56
CAGCTACCCCCGCACCCACG_235,10
CAGCTACCCCCGCACCCACG_236,58
CAGCTACCCCCGCACCCACG_237,28
CAGCTACCCCCGCACCCACG_238,50
CAGCTACCCCCGCACCCACG_239,14
CAGCTACCCCCGCACCCACG_240,59
CAGCTACCCCCGCACCCACG_241,189
CAGCTACCCCCGCACCCACG_242,158
CAGCTACCCCCGCACCCACG_243,122
CAGCTACCCCCGCACCCACG_244,198
CAGCTACCCCCGCACCCACG_245,75
CAGCTACCCCCGCACCCACG_246,147
CAGCTACCCCCGCACCCACG_247,19
CAGCTACCCCCGCACCCACG_248,70
CAGCTACCCCCGCACCCACG_249,5
CAGCTACCCCCGCACCCACG_250,19
CAGCTACCCCCGCACCCACG_251,86
CAGCTACCCCCGCACCCACG_252,66
CAGCTACCCCCGCACCCACG_253,99
CAGCTACCCCCGCACCCACG_254,115
CAGCTACCCCCGCACCCACG_255,26
CAGCTACCCCCGCACCCACG_256,179
CAGCTACCCCCGCACCCACG_257,80
CAGCTACCCCCGCACCCACG_258,126
CAGCTACCCCCGCACCCACG_259,166
CAGCTACCCCCGCACCCACG_260,181
CAGCTACCCCCGCACCCACG_261,197
CAGCTACCCCCGCACCCACG_262,176
CAGCTACCCCCGCACCCACG_263,78
CAGCTACCCCCGCACCCACG_264,6
CAGCTACCCCCGCACCCACG_265,85
CAGCTACCCCCGCACCCACG_266,81
CAGCTACCCCCGCACCCACG_267,1
CAGCTACCCCCGCACCCACG_268,195
CAGCTACCCCCGCACCCACG_269,136
CAGCTACCCCCGCACCCACG_270,1
CAGCTACCCCCGCACCCACG_271,2
CAGCTACCCCCGCACCCACG_272,158
CAGCTACCCCCGCACCCACG_273,190
CAGCTACCCCCGCACCCACG_274,65
CAGCTACCCCCGCACCCACG_275,57
CAGCTACCCCCGCACCCACG_276,199
CAGCTACCCCCGCACCCACG_277,105
CAGCTACCCCCGCACCCACG_278,21
CAGCTACCCCCGCACCCACG_279,145
CAGCTACCCCCGCACCCACG_280,134
CAGCTACCCCCGCACCCACG_281,91
CAGCTACCCCCGCACCCACG_282,113
CAGCTACCCCCGCACCCACG_283,103
CAGCTACCCCCGCACCCACG_284,141
CAGCTACCCCCGCACCCACG_285,68
CAGCTACCCCCGCACCCACG_286,144
CAGCTACCCCCGCACCCACG_287,44
CAGCTACCCCCGCACCCACG_288,187
CAGCTACCCCCGCACCCACG_289,34
CAGCTACCCCCGCACCCACG_290,56
CAGCTACCCCCGCACCCACG_291,58
CAGCTACCCCCGCACCCACG_292,181
CAGCTACCCCCGCACCCACG_293,115
CAGCTACCCCCGCACCCACG_294,125
CAGCTACCCCCGCACCCACG_295,11
CAGCTACCCCCGCACCCACG_296,91
CAGCTACCCCCGCACCCACG_297,49
CAGCTACCCCCGCACCCACG_298,16
CAGCTACCCCCGCACCCACG_299,78
CAGCTACCCCCGCACCCACG_300,106
CAGCTACCCCCGCACCCACG_301,61
CAGCTACCCCCGCACCCACG_302,34
CAGCTACCCCCGCACCCACG_303,161
CAGCTACCCCCGCACCCACG_304,128
CAGCTACCCCCGCACCCACG_305,142
CAGCTACCCCCGCACCCACG_306,103
CAGCTACCCCCGCACCCACG_307,42
CAGCTACCCCCGCACCCACG_308,75
CAGCTACCCCCGCACCCACG_309,134
CAGCTACCCCCGCACCCACG_310,147
CAGCTACCCCCGCACCCACG_311,9
CAGCTACCCCCGCACCCACG_312,104
CAGCTACCCCCGCACCCACG_313,88
CAGCTACCCCCGCACCCACG_314,54
CAGCTACCCCCGCACCCACG_315,63
CAGCTACCCCCGCACCCACG_316,186
CAGCTACCCCCGCACCCACG_317,76
CAGCTACCCCCGCACCCACG_318,70
CAGCTACCCCCGCACCCACG_319,81
CAGCTACCCCCGCACCCACG_320,94
CAGCTACCCCCGCACCCACG_321,137
CAGCTACCCCCGCACCCACG_322,148
CAGCTACCCCCGCACCCACG_323,9
CAGCTACCCCCGCACCCACG_324,39
CAGCTACCCCCGCACCCACG_325,2
CAGCTACCCCCGCACCCACG_326,169
CAGCTACCCCCGCACCCACG_327,174
CAGCTACCCCCGCACCCACG_328,57
CAGCTACCCCCGCACCCACG_329,133
CAGCTACCCCCGCACCCACG_330,57
CAGCTACCCCCGCACCCACG_331,169
CAGCTACCCCCGCACCCACG_332,158
CAGCTACCCCCGCACCCACG_333,188
CAGCTACCCCCGCACCCACG_334,177
CAGCTACCCCCGCACCCACG_335,115
CAGCTACCCCCGCACCCACG_336,97
CAGCTACCCCCGCACCCACG_337,23
CAGCTACCCCCGCACCCACG_338,102
CAGCTACCCCCGCACCCACG_339,97
CAGCTACCCCCGCACCCACG_340,141
CAGCTACCCCCGCACCCACG_341,113
CAGCTACCCCCGCACCCACG_342,62
CAGCTACCCCCGCACCCACG_343,144
CAGCTACCCCCGCACCCACG_344,36
CAGCTACCCCCGCACCCACG_345,105
CAGCTACCCCCGCACCCACG_346,1
CAGCTACCCCCGCACCCACG_347,108
CAGCTACCCCCGCACCCACG_348,137
CAGCTACCCCCGCACCCACG_349,43
CAGCTACCCCCGCACCCACG_350,183
CAGCTACCCCCGCACCCACG_351,19
CAGCTACCCCCGCACCCACG_352,1
CAGCTACCCCCGCACCCACG_353,56
CAGCTACCCCCGCACCCACG_354,45
CAGCTACCCCCGCACCCACG_355,124
CAGCTACCCCCGCACCCACG_356,123
CAGCTACCCCCGCACCCACG_357,144
CAGCTACCCCCGCACCCACG_358,144
CAGCTACCCCCGCACCCACG_359,185
CAGCTACCCCCGCACCCACG_360,183
CAGCTACCCCCGCACCCACG_361,12
CAGCTACCCCCGCACCCACG_362,2
CAGCTACCCCCGCACCCACG_363,88
CAGCTACCCCCGCACCCACG_364,31
CAGCTACCCCCGCACCCACG_365,8
CAGCTACCCCCGCACCCACG_366,139
CAGCTACCCCCGCACCCACG_367,194
CAGCTACCCCCGCACCCACG_368,87
CAGCTACCCCCGCACCCACG_369,37
CAGCTACCCCCGCACCCACG_370,34
CAGCTACCCCCGCACCCACG_371,31
CAGCTACCCCCGCACCCACG_372,129
CAGCTACCCCCGCACCCACG_373,198
CAGCTACCCCCGCACCCACG_374,102
CAGCTACCCCCGCACCCACG_375,72
CAGCTACCCCCGCACCCACG_376,140
CAGCTACCCCCGCACCCACG_377,81
CAGCTACCCCCGCACCCACG_378,28
CAGCTACCCCCGCACCCACG_379,48
CAGCTACCCCCGCACCCACG_380,33
CAGCTACCCCCGCACCCACG_381,108
CAGCTACCCCCGCACCCACG_382,149
CAGCTACCCCCGCACCCACG_383,85
CAGCTACCCCCGCACCCACG_384,50
CAGCTACCCCCGCACCCACG_385,45
CAGCTACCCCCGCACCCACG_386,49
CAGCTACCCCCGCACCCACG_387,61
CAGCTACCCCCGCACCCACG_388,125
CAGCTACCCCCGCACCCACG_389,161
CAGCTACCCCCGCACCCACG_390,33
CAGCTACCCCCGCACCCACG_391,36
CAGCTACCCCCGCACCCACG_392,196
CAGCTACCCCCGCACCCACG_393,160
CAGCTACCCCCGCACCCACG_394,124
CAGCTACCCCCGCACCCACG_395,199
CAGCTACCCCCGCACCCACG_396,61
CAGCTACCCCCGCACCCACG_397,69
CAGCTACCCCCGCACCCACG_398,144
CAGCTACCCCCGCACCCACG_399,0
CAGCTACCCCCGCACCCACG_400,10
CAGCTACCCCCGCACCCACG_401,9
CAGCTACCCCCGCACCCACG_402,38
CAGCTACCCCCGCACCCACG_403,88
CAGCTACCCCCGCACCCACG_404,16
CAGCTACCCCCGCACCCACG_405,120
CAGCTACCCCCGCACCCACG_406,146
CAGCTACCCCCGCACCCACG_407,67
CAGCTACCCCCGCACCCACG_408,61
CAGCTACCCCCGCACCCACG_409,67
CAGCTACCCCCGCACCCACG_410,3
CAGCTACCCCCGCACCCACG_411,149
CAGCTACCCCCGCACCCACG_412,36
CAGCTACCCCCGCACCCACG_413,103
CAGCTACCCCCGCACCCACG_414,126
CAGCTACCCCCGCACCCACG_415,4
CAGCTACCCCCGCACCCACG_416,179
CAGCTACCCCCGCACCCACG_417,63
CAGCTACCCCCGCACCCACG_418,69
CAGCTACCCCCGCACCCACG_419,132
CAGCTACCCCCGCACCCACG_420,3
CAGCTACCCCCGCACCCACG_421,48
CAGCTACCCCCGCACCCACG_422,56
CAGCTACCCCCGCACCCACG_423,50
CAGCTACCCCCGCACCCACG_424,76
CAGCTACCCCCGCACCCACG_425,4
CAGCTACCCCCGCACCCACG_426,88
CAGCTACCCCCGCACCCACG_427,124
CAGCTACCCCCGCACCCACG_428,119
CAGCTACCCCCGCACCCACG_429,124
CAGCTACCCCCGCACCCACG_430,39
CAGCTACCCCCGCACCCACG_431,160
CAGCTACCCCCGCACCCACG_432,142
CAGCTACCCCCGCACCCACG_433,10
CAGCTACCCCCGCACCCACG_434,99
CAGCTACCCCCGCACCCACG_435,113
CAGCTACCCCCGCACCCACG_436,65
CAGCTACCCCCGCACCCACG_437,56
CAGCTACCCCCGCACCCACG_438,127
CAGCTACCCCCGCACCCACG_439,6
CAGCTACCCCCGCACCCACG_440,101
CAGCTACCCCCGCACCCACG_441,180
CAGCTACCCCCGCACCCACG_442,28
CAGCTACCCCCGCACCCACG_443,180
CAGCTACCCCCGCACCCACG_444,28
CAGCTACCCCCGCACCCACG_445,164
CAGCTACCCCCGCACCCACG_446,83
CAGCTACCCCCGCACCCACG_447,157
CAGCTACCCCCGCACCCACG_448,37
CAGCTACCCCCGCACCCACG_449,37
CAGCTACCCCCGCACCCACG_450,138
CAGCTACCCCCGCACCCACG_451,113
CAGCTACCCCCGCACCCACG_452,41
CAGCTACCCCCGCACCCACG_453,169
CAGCTACCCCCGCACCCACG_454,199
CAGCTACCCCCGCACCCACG_455,142
CAGCTACCCCCGCACCCACG_456,74
CAGCTACCCCCGCACCCACG_457,198
CAGCTACCCCCGCACCCACG_458,149
CAGCTACCCCCGCACCCACG_459,153
CAGCTACCCCCGCACCCACG_460,81
CAGCTACCCCCGCACCCACG_461,180
CAGCTACCCCCGCACCCACG_462,197
CAGCTACCCCCGCACCCACG_463,99
CAGCTACCCCCGCACCCACG_464,34
CAGCTACCCCCGCACCCACG_465,46
CAGCTACCCCCGCACCCACG_466,37
CAGCTACCCCCGCACCCACG_467,33
CAGCTACCCCCGCACCCACG_468,138
CAGCTACCCCCGCACCCACG_469,108
CAGCTACCCCCGCACCCACG_470,39
CAGCTACCCCCGCACCCACG_471,120
CAGCTACCCCCGCACCCACG_472,168
CAGCTACCCCCGCACCCACG_473,58
CAGCTACCCCCGCACCCACG_474,50
CAGCTACCCCCGCACCCACG_475,17
CAGCTACCCCCGCACCCACG_476,158
CAGCTACCCCCGCACCCACG_477,10
CAGCTACCCCCGCACCCACG_478,178
CAGCTACCCCCGCACCCACG_479,148
CAGCTACCCCCGCACCCACG_480,35
CAGCTACCCCCGCACCCACG_481,113
CAGCTACCCCCGCACCCACG_482,52
CAGCTACCCCCGCACCCACG_483,23
CAGCTACCCCCGCACCCACG_484,3
CAGCTACCCCCGCACCCACG_485,46
CAGCTACCCCCGCACCCACG_486,34
CAGCTACCCCCGCACCCACG_487,26
CAGCTACCCCCGCACCCACG_488,90
CAGCTACCCCCGCACCCACG_489,180
CAGCTACCCCCGCACCCACG_490,81
CAGCTACCCCCGCACCCACG_491,67
CAGCTACCCCCGCACCCACG_492,136
CAGCTACCCCCGCACCCACG_493,90
CAGCTACCCCCGCACCCACG_494,10
CAGCTACCCCCGCACCCACG_495,77
CAGCTACCCCCGCACCCACG_496,66
CAGCTACCCCCGCACCCACG_497,40
CAGCTACCCCCGCACCCACG_498,127
CAGCTACCCCCGCACCCACG_499,42
CAGCTACCCCCGCACCCACG_500,142
CAGCTACCCCCGCACCCACG_501,39
CAGCTACCCCCGCACCCACG_502,190
CAGCTACCCCCGCACCCACG_503,137
CAGCTACCCCCGCACCCACG_504,63
CAGCTACCCCCGCACCCACG_505,9
CAGCTACCCCCGCACCCACG_506,144
CAGCTACCCCCGCACCCACG_507,144
CAGCTACCCCCGCACCCACG_508,165
CAGCTACCCCCGCACCCACG_509,10
CAGCTACCCCCGCACCCACG_510,6
CAGCTACCCCCGCACCCACG_511,66
CAGCTACCCCCGCACCCACG_512,180
CAGCTACCCCCGCACCCACG_513,102
CAGCTACCCCCGCACCCACG_514,161
CAGCTACCCCCGCACCCACG_515,10
CAGCTACCCCCGCACCCACG_516,124
CAGCTACCCCCGCACCCACG_517,113
CAGCTACCCCCGCACCCACG_518,3
CAGCTACCCCCGCACCCACG_519,33
CAGCTACCCCCGCACCCACG_520,35
CAGCTACCCCCGCACCCACG_521,104
CAGCTACCCCCGCACCCACG_522,1
CAGCTACCCCCGCACCCACG_523,10
CAGCTACCCCCGCACCCACG_524,152
CAGCTACCCCCGCACCCACG_525,180
CAGCTACCCCCGCACCCACG_526,33
CAGCTACCCCCGCACCCACG_527,155
CAGCTACCCCCGCACCCACG_528,188
CAGCTACCCCCGCACCCACG_529,9
CAGCTACCCCCGCACCCACG_530,168
CAGCTACCCCCGCACCCACG_531,46
CAGCTACCCCCGCACCCACG_532,180
CAGCTACCCCCGCACCCACG_533,90
CAGCTACCCCCGCACCCACG_534,174
CAGCTACCCCCGCACCCACG_535,165
CAGCTACCCCCGCACCCACG_536,40
CAGCTACCCCCGCACCCACG_537,94
CAGCTACCCCCGCACCCACG_538,104
CAGCTACCCCCGCACCCACG_539,146
CAGCTACCCCCGCACCCACG_540,170
CAGCTACCCCCGCACCCACG_541,121
CAGCTACCCCCGCACCCACG_542,149
CAGCTACCCCCGCACCCACG_543,106
CAGCTACCCCCGCACCCACG_544,123
CAGCTACCCCCGCACCCACG_545,74
CAGCTACCCCCGCACCCACG_546,57
CAGCTACCCCCGCACCCACG_547,39
CAGCTACCCCCGCACCCACG_548,13
CAGCTACCCCCGCACCCACG_549,59
CAGCTACCCCCGCACCCACG_550,39
CAGCTACCCCCGCACCCACG_551,16
CAGCTACCCCCGCACCCACG_552,63
CAGCTACCCCCGCACCCACG_553,39
CAGCTACCCCCGCACCCACG_554,176
CAGCTACCCCCGCACCCACG_555,49
CAGCTACCCCCGCACCCACG_556,66
CAGCTACCCCCGCACCCACG_557,6
CAGCTACCCCCGCACCCACG_558,156
CAGCTACCCCCGCACCCACG_559,55
CAGCTACCCCCGCACCCACG_560,35
CAGCTACCCCCGCACCCACG_561,35
CAGCTACCCCCGCACCCACG_562,126
CAGCTACCCCCGCACCCACG_563,59
CAGCTACCCCCGCACCCACG_564,63
CAGCTACCCCCGCACCCACG_565,28
CAGCTACCCCCGCACCCACG_566,106
CAGCTACCCCCGCACCCACG_567,36
CAGCTACCCCCGCACCCACG_568,144
CAGCTACCCCCGCACCCACG_569,6
CAGCTACCCCCGCACCCACG_570,165
CAGCTACCCCCGCACCCACG_571,178
CAGCTACCCCCGCACCCACG_572,175
CAGCTACCCCCGCACCCACG_573,131
CAGCTACCCCCGCACCCACG_574,183
CAGCTACCCCCGCACCCACG_575,99
CAGCTACCCCCGCACCCACG_576,148
CAGCTACCCCCGCACCCACG_577,50
CAGCTACCCCCGCACCCACG_578,77
CAGCTACCCCCGCACCCACG_579,60
CAGCTACCCCCGCACCCACG_580,50
CAGCTACCCCCGCACCCACG_581,185
CAGCTACCCCCGCACCCACG_582,65
CAGCTACCCCCGCACCCACG_583,142
CAGCTACCCCCGCACCCACG_584,44
CAGCTACCCCCGCACCCACG_585,138
CAGCTACCCCCGCACCCACG_586,124
CAGCTACCCCCGCACCCACG_587,10
CAGCTACCCCCGCACCCACG_588,104
CAGCTACCCCCGCACCCACG_589,124
CAGCTACCCCCGCACCCACG_590,180
CAGCTACCCCCGCACCCACG_591,68
CAGCTACCCCCGCACCCACG_592,39
CAGCTACCCCCGCACCCACG_593,108
CAGCTACCCCCGCACCCACG_594,18
CAGCTACCCCCGCACCCACG_595,162
CAGCTACCCCCGCACCCACG_596,14
CAGCTACCCCCGCACCCACG_597,105
CAGCTACCCCCGCACCCACG_598,34
CAGCTACCCCCGCACCCACG_599,69
CAGCTACCCCCGCACCCACG_600,144
CAGCTACCCCCGCACCCACG_601,3
CAGCTACCCCCGCACCCACG_602,158
CAGCTACCCCCGCACCCACG_603,39
CAGCTACCCCCGCACCCACG_604,10
CAGCTACCCCCGCACCCACG_605,39
CAGCTACCCCCGCACCCACG_606,117
CAGCTACCCCCGCACCCACG_607,142
CAGCTACCCCCGCACCCACG_608,123
CAGCTACCCCCGCACCCACG_609,91
CAGCTACCCCCGCACCCACG_610,64
CAGCTACCCCCGCACCCACG_611,81
CAGCTACCCCCGCACCCACG_612,47
CAGCTACCCCCGCACCCACG_613,90
CAGCTACCCCCGCACCCACG_614,13
CAGCTACCCCCGCACCCACG_615,17
CAGCTACCCCCGCACCCACG_616,172
CAGCTACCCCCGCACCCACG_617,153
CAGCTACCCCCGCACCCACG_618,62
CAGCTACCCCCGCACCCACG_619,188
CAGCTACCCCCGCACCCACG_620,77
CAGCTACCCCCGCACCCACG_621,138
CAGCTACCCCCGCACCCACG_622,10
CAGCTACCCCCGCACCCACG_623,0
CAGCTACCCCCGCACCCACG_624,179
CAGCTACCCCCGCACCCACG_625,179
CAGCTACCCCCGCACCCACG_626,39
CAGCTACCCCCGCACCCACG_627,67
CAGCTACCCCCGCACCCACG_628,157
CAGCTACCCCCGCACCCACG_629,168
CAGCTACCCCCGCACCCACG_630,123
CAGCTACCCCCGCACCCACG_631,169
CAGCTACCCCCGCACCCACG_632,188
CAGCTACCCCCGCACCCACG_633,173
CAGCTACCCCCGCACCCACG_634,130
CAGCTACCCCCGCACCCACG_635,144
CAGCTACCCCCGCACCCACG_636,106
CAGCTACCCCCGCACCCACG_637,138
CAGCTACCCCCGCACCCACG_638,77
CAGCTACCCCCGCACCCACG_639,166
CAGCTACCCCCGCACCCACG_640,84
CAGCTACCCCCGCACCCACG_641,48
CAGCTACCCCCGCACCCACG_642,123
CAGCTACCCCCGCACCCACG_643,168
CAGCTACCCCCGCACCCACG_644,46
CAGCTACCCCCGCACCCACG_645,61
CAGCTACCCCCGCACCCACG_646,69
CAGCTACCCCCGCACCCACG_647,56
CAGCTACCCCCGCACCCACG_648,33
CAGCTACCCCCGCACCCACG_649,33
CAGCTACCCCCGCACCCACG_650,63
CAGCTACCCCCGCACCCACG_651,188
CAGCTACCCCCGCACCCACG_652,165
CAGCTACCCCCGCACCCACG_653,57
CAGCTACCCCCGCACCCACG_654,197
CAGCTACCCCCGCACCCACG_655,91
CAGCTACCCCCGCACCCACG_656,1
CAGCTACCCCCGCACCCACG_657,180
CAGCTACCCCCGCACCCACG_658,77
CAGCTACCCCCGCACCCACG_659,126
CAGCTACCCCCGCACCCACG_660,104
CAGCTACCCCCGCACCCACG_661,110
CAGCTACCCCCGCACCCACG_662,56
CAGCTACCCCCGCACCCACG_663,108
CAGCTACCCCCGCACCCACG_664,175
CAGCTACCCCCGCACCCACG_665,199
CAGCTACCCCCGCACCCACG_666,3
CAGCTACCCCCGCACCCACG_667,197
CAGCTACCCCCGCACCCACG_668,1
CAGCTACCCCCGCACCCACG_669,30
CAGCTACCCCCGCACCCACG_670,33
CAGCTACCCCCGCACCCACG_671,152
CAGCTACCCCCGCACCCACG_672,133
CAGCTACCCCCGCACCCACG_673,187
CAGCTACCCCCGCACCCACG_674,150
CAGCTACCCCCGCACCCACG_675,56
CAGCTACCCCCGCACCCACG_676,13
CAGCTACCCCCGCACCCACG_677,33
CAGCTACCCCCGCACCCACG_678,137
CAGCTACCCCCGCACCCACG_679,46
CAGCTACCCCCGCACCCACG_680,145
CAGCTACCCCCGCACCCACG_681,108
CAGCTACCCCCGCACCCACG_682,92
CAGCTACCCCCGCACCCACG_683,197
CAGCTACCCCCGCACCCACG_684,197
CAGCTACCCCCGCACCCACG_685,86
CAGCTACCCCCGCACCCACG_686,40
CAGCTACCCCCGCACCCACG_687,48
CAGCTACCCCCGCACCCACG_688,188
CAGCTACCCCCGCACCCACG_689,137
CAGCTACCCCCGCACCCACG_690,145
CAGCTACCCCCGCACCCACG_691,117
CAGCTACCCCCGCACCCACG_692,22
CAGCTACCCCCGCACCCACG_693,123
CAGCTACCCCCGCACCCACG_694,135
CAGCTACCCCCGCACCCACG_695,11
CAGCTACCCCCGCACCCACG_696,13
CAGCTACCCCCGCACCCACG_697,78
CAGCTACCCCCGCACCCACG_698,108
CAGCTACCCCCGCACCCACG_699,52
CAGCTACCCCCGCACCCACG_700,145
CAGCTACCCCCGCACCCACG_701,91
CAGCTACCCCCGCACCCACG_702,165
CAGCTACCCCCGCACCCACG_703,66
CAGCTACCCCCGCACCCACG_704,37
CAGCTACCCCCGCACCCACG_705,169
CAGCTACCCCCGCACCCACG_706,84
CAGCTACCCCCGCACCCACG_707,178
CAGCTACCCCCGCACCCACG_708,165
CAGCTACCCCCGCACCCACG_709,177
CAGCTACCCCCGCACCCACG_710,124
CATCGGTTTCACCTCCACCA_001,48
GCTGGCTGCTGGGTTGCGCG_001,116
GCTGGCTGCTGGGTTGCGCG_002,198
GCTGGCTGCTGGGTTGCGCG_003,137
GCTGGCTGCTGGGTTGCGCG_004,162
GCTGGCTGCTGGGTTGCGCG_005,147
GCTGGCTGCTGGGTTGCGCG_006,145
GCTGGCTGCTGGGTTGCGCG_007,121
GCTGGCTGCTGGGTTGCGCG_008,112
GCTGGCTGCTGGGTTGCGCG_009,100
GCTGGCTGCTGGGTTGCGCG_010,67
GCTGGCTGCTGGGTTGCGCG_011,148
GCTGGCTGCTGGGTTGCGCG_012,127
GCTGGCTGCTGGGTTGCGCG_013,41
GCTGGCTGCTGGGTTGCGCG_014,37
GCTGGCTGCTGGGTTGCGCG_015,15
GCTGGCTGCTGGGTTGCGCG_016,54
GCTGGCTGCTGGGTTGCGCG_017,31
GCTGGCTGCTGGGTTGCGCG_018,118
GCTGGCTGCTGGGTTGCGCG_019,196
CGATGGAAAGTGGACATCGG_001,137
CGATGGAAAGTGGACATCGG_002,88
CGATGGAAAGTGGACATCGG_003,92
CGATGGAAAGTGGACATCGG_004,141
CGATGGAAAGTGGACATCGG_005,50
CGATGGAAAGTGGACATCGG_006,28
CGATGGAAAGTGGACATCGG_007,141
CGATGGAAAGTGGACATCGG_008,172
CGATGGAAAGTGGACATCGG_009,8
CGATGGAAAGTGGACATCGG_010,59
CGATGGAAAGTGGACATCGG_011,9
CGATGGAAAGTGGACATCGG_012,193
CGATGGAAAGTGGACATCGG_013,162
CGATGGAAAGTGGACATCGG_014,8
CGATGGAAAGTGGACATCGG_015,73
CGATGGAAAGTGGACATCGG_016,172
GAGAGCCGTGTGAACTTCAT_001,33
GAGAGCCGTGTGAACTTCAT_002,74
GAGAGCCGTGTGAACTTCAT_003,50
GAGAGCCGTGTGAACTTCAT_004,50
TCTTCACCAAGGGATTGGCG_001,132
TCTTCACCAAGGGATTGGCG_002,144
TCTTCACCAAGGGATTGGCG_003,43
TCTTCACCAAGGGATTGGCG_004,185
TCTTCACCAAGGGATTGGCG_005,113
TCTTCACCAAGGGATTGGCG_006,70
TCTTCACCAAGGGATTGGCG_007,96
TCTTCACCAAGGGATTGGCG_008,52
TCTTCACCAAGGGATTGGCG_009,35
CTGGTGGGATCGATGCCCGG_001,113
CTGGTGGGATCGATGCCCGG_002,169
CTGGTGGGATCGATGCCCGG_003,1
CTGGTGGGATCGATGCCCGG_004,84
CTGGTGGGATCGATGCCCGG_005,60
CTGGTGGGATCGATGCCCGG_006,79
CTGGTGGGATCGATGCCCGG_007,30
CTGGTGGGATCGATGCCCGG_008,41
CTGGTGGGATCGATGCCCGG_009,41
CTGGTGGGATCGATGCCCGG_010,149
CTGGTGGGATCGATGCCCGG_011,30
CTGGTGGGATCGATGCCCGG_012,5
CTGGTGGGATCGATGCCCGG_013,119
CTGGTGGGATCGATGCCCGG_014,81
CTGGTGGGATCGATGCCCGG_015,136
CTGGTGGGATCGATGCCCGG_016,70
CTGGTGGGATCGATGCCCGG_017,174
CTGGTGGGATCGATGCCCGG_018,68
CTGGTGGGATCGATGCCCGG_019,161
CACCTCGGAGCGGATCCGAG_001,172
CACCTCGGAGCGGATCCGAG_002,70
CACCTCGGAGCGGATCCGAG_003,94
CACCTCGGAGCGGATCCGAG_004,15
CACCTCGGAGCGGATCCGAG_005,184
CACCTCGGAGCGGATCCGAG_006,9
CACCTCGGAGCGGATCCGAG_007,67
CACCTCGGAGCGGATCCGAG_008,121
CACCTCGGAGCGGATCCGAG_009,138
CACCTCGGAGCGGATCCGAG_010,148
GTGTGCACTCCATGCCACCA_001,21
GTGTGCACTCCATGCCACCA_002,139
GTGTGCACTCCATGCCACCA_003,198
GTGTGCACTCCATGCCACCA_004,75
GTGTGCACTCCATGCCACCA_005,103
GTGTGCACTCCATGCCACCA_006,129
GTGTGCACTCCATGCCACCA_007,98
GTGTGCACTCCATGCCACCA_008,65
GTGTGCACTCCATGCCACCA_009,130
GTGTGCACTCCATGCCACCA_010,88
GTGTGCACTCCATGCCACCA_011,62
GTGTGCACTCCATGCCACCA_012,5
GTGTGCACTCCATGCCACCA_013,75
GTGTGCACTCCATGCCACCA_014,188
GTGTGCACTCCATGCCACCA_015,124
GTGTGCACTCCATGCCACCA_016,78
GTGTGCACTCCATGCCACCA_017,36
GTGTGCACTCCATGCCACCA_018,198
TAAGTGTTGCCTATCTCTAG_001,148
AGAGGAACTACACAGAATGG_001,77
AGAGGAACTACACAGAATGG_002,84
AGAGGAACTACACAGAATGG_003,9
AGAGGAACTACACAGAATGG_004,25
AGAGGAACTACACAGAATGG_005,128
AGAGGAACTACACAGAATGG_006,2
AGAGGAACTACACAGAATGG_007,76
AGAGGAACTACACAGAATGG_008,41
ACACATGGTCACTCTACCGC_001,19
ACACATGGTCACTCTACCGC_002,1
ACACATGGTCACTCTACCGC_003,197
ACACATGGTCACTCTACCGC_004,82
ACACATGGTCACTCTACCGC_005,199
ACACATGGTCACTCTACCGC_006,78
ACACATGGTCACTCTACCGC_007,43
TCCCGAAAAGCAGTCCCCCG_001,46
TCCCGAAAAGCAGTCCCCCG_002,199
TCCCGAAAAGCAGTCCCCCG_003,32
TCCCGAAAAGCAGTCCCCCG_004,38
TCCCGAAAAGCAGTCCCCCG_005,168
TCCCGAAAAGCAGTCCCCCG_006,127
TCCCGAAAAGCAGTCCCCCG_007,116
TCCCGAAAAGCAGTCCCCCG_008,50
TCCCGAAAAGCAGTCCCCCG_009,175
TCCCGAAAAGCAGTCCCCCG_010,1
TCCCGAAAAGCAGTCCCCCG_011,94
TTTCCAAAAGGGCTTCCCAG_001,153
TTTCCAAAAGGGCTTCCCAG_002,124
TTTCCAAAAGGGCTTCCCAG_003,162
TTTCCAAAAGGGCTTCCCAG_004,140
TTTCCAAAAGGGCTTCCCAG_005,19
TTTCCAAAAGGGCTTCCCAG_006,168
TTTCCAAAAGGGCTTCCCAG_007,111
TTTCCAAAAGGGCTTCCCAG_008,174
TTTCCAAAAGGGCTTCCCAG_009,34
TTTCCAAAAGGGCTTCCCAG_010,26
TGGATCCTACTGCTGTAACG_001,32
TGGATCCTACTGCTGTAACG_002,69
TGGATCCTACTGCTGTAACG_003,141
TGGATCCTACTGCTGTAACG_004,8
TGGATCCTACTGCTGTAACG_005,13
TGGATCCTACTGCTGTAACG_006,175
TGGATCCTACTGCTGTAACG_007,94
TGGATCCTACTGCTGTAACG_008,121
TGGATCCTACTGCTGTAACG_009,35
TGGATCCTACTGCTGTAACG_010,26
TGGATCCTACTGCTGTAACG_011,84
TGGATCCTACTGCTGTAACG_012,17
TGGATCCTACTGCTGTAACG_013,186
TGGATCCTACTGCTGTAACG_014,22
TGGATCCTACTGCTGTAACG_015,14
TGGATCCTACTGCTGTAACG_016,186
TGGATCCTACTGCTGTAACG_017,195
TGGATCCTACTGCTGTAACG_018,142
TGGATCCTACTGCTGTAACG_019,168
TGGATCCTACTGCTGTAACG_020,105
TGGATCCTACTGCTGTAACG_021,145
TGGATCCTACTGCTGTAACG_022,145
TGGATCCTACTGCTGTAACG_023,140
CTTGGGGTACGAAGTGTACG_001,12
CTTGGGGTACGAAGTGTACG_002,76
TAACTTACCACACAATGGAG_001,121
TAACTTACCACACAATGGAG_002,157
TAACTTACCACACAATGGAG_003,173
TAACTTACCACACAATGGAG_004,165
TAACTTACCACACAATGGAG_005,3
TAACTTACCACACAATGGAG_006,124
TAACTTACCACACAATGGAG_007,68
TAACTTACCACACAATGGAG_008,20
TAACTTACCACACAATGGAG_009,111
TCAAGGAGCCTTATTTCTTG_001,162
ATGCAGTAGAGACAGACCAG_001,157
ATGCAGTAGAGACAGACCAG_002,174
ATGCAGTAGAGACAGACCAG_003,183
ATGCAGTAGAGACAGACCAG_004,38
ATGCAGTAGAGACAGACCAG_005,112
ATGCAGTAGAGACAGACCAG_006,94
ATGCAGTAGAGACAGACCAG_007,52
ATGCAGTAGAGACAGACCAG_008,177
ATGCAGTAGAGACAGACCAG_009,16
ATGCAGTAGAGACAGACCAG_010,58
ATGCAGTAGAGACAGACCAG_011,121
ATGCAGTAGAGACAGACCAG_012,165
ATGCAGTAGAGACAGACCAG_013,3
ATGCAGTAGAGACAGACCAG_014,172
ATGCAGTAGAGACAGACCAG_015,44
ATGCAGTAGAGACAGACCAG_016,35
ATGCAGTAGAGACAGACCAG_017,74
CAATCTAGGACCTTGGCAGG_001,168
CAATCTAGGACCTTGGCAGG_002,78
CAATCTAGGACCTTGGCAGG_003,55
CAATCTAGGACCTTGGCAGG_004,121
CAATCTAGGACCTTGGCAGG_005,77
CAATCTAGGACCTTGGCAGG_006,94
AGTACAGCCCCCCACAACCC_001,190
CATTGGGAGAGAGATATTGG_001,149
CATTGGGAGAGAGATATTGG_002,186
CATTGGGAGAGAGATATTGG_003,83
CATTGGGAGAGAGATATTGG_004,12
CATTGGGAGAGAGATATTGG_005,82
CATTGGGAGAGAGATATTGG_006,175
CATTGGGAGAGAGATATTGG_007,114
CATTGGGAGAGAGATATTGG_008,125
CATTGGGAGAGAGATATTGG_009,14
CAACGCATATGAGATGCCAG_001,41
CAACGCATATGAGATGCCAG_002,10
CAACGCATATGAGATGCCAG_003,185
CAACGCATATGAGATGCCAG_004,28
CAACGCATATGAGATGCCAG_005,75
CAACGCATATGAGATGCCAG_006,17
CAACGCATATGAGATGCCAG_007,19
CAACGCATATGAGATGCCAG_008,156
GTGGAGAACCGAACTGCGAT_001,8
GTGGAGAACCGAACTGCGAT_002,11
GTGGAGAACCGAACTGCGAT_003,15
GTGGAGAACCGAACTGCGAT_004,172
GTGGAGAACCGAACTGCGAT_005,62
GTGGAGAACCGAACTGCGAT_006,29
GTGGAGAACCGAACTGCGAT_007,57
GTGGAGAACCGAACTGCGAT_008,34
GTGGAGAACCGAACTGCGAT_009,160
GTGGAGAACCGAACTGCGAT_010,75
GTGGAGAACCGAACTGCGAT_011,107
GTGGAGAACCGAACTGCGAT_012,199
GTGGAGAACCGAACTGCGAT_013,140
GTGGAGAACCGAACTGCGAT_014,86
GTGGAGAACCGAACTGCGAT_015,83
GTGGAGAACCGAACTGCGAT_016,40
TCCACGTTGTGTGACCCGGG_001,124
TCCACGTTGTGTGACCCGGG_002,90
CGGAACCACTCGCGTCCCCG_001,133
CGGAACCACTCGCGTCCCCG_002,16
CGGAACCACTCGCGTCCCCG_003,170
ATGACTGGCTGTTGAACGAA_001,94
ATGACTGGCTGTTGAACGAA_002,47
ATGACTGGCTGTTGAACGAA_003,8
ATGACTGGCTGTTGAACGAA_004,191
ATGACTGGCTGTTGAACGAA_005,172
ATGACTGGCTGTTGAACGAA_006,137
ATGACTGGCTGTTGAACGAA_007,170
GAATGCACATGACACCACAA_001,64
GAATGCACATGACACCACAA_002,199
GAATGCACATGACACCACAA_003,17
GAATGCACATGACACCACAA_004,178
GAATGCACATGACACCACAA_005,98
GAATGCACATGACACCACAA_006,103
GAATGCACATGACACCACAA_007,160
GAATGCACATGACACCACAA_008,1
GAATGCACATGACACCACAA_009,160
GAATGCACATGACACCACAA_010,22
GAATGCACATGACACCACAA_011,69
GAATGCACATGACACCACAA_012,26
GAATGCACATGACACCACAA_013,140
GAATGCACATGACACCACAA_014,160
GAATGCACATGACACCACAA_015,92
GAATGCACATGACACCACAA_016,13
GGCCGGCTTCAAGCGCGAGG_001,14
GGCCGGCTTCAAGCGCGAGG_002,107
CAGTGAGCGAGATGGTGCTG_001,94
GTGACCCGAGACTTTGCCTA_001,15
GTGACCCGAGACTTTGCCTA_002,77
GTGACCCGAGACTTTGCCTA_003,62
GTGACCCGAGACTTTGCCTA_004,41
GTGACCCGAGACTTTGCCTA_005,186
GTGACCCGAGACTTTGCCTA_006,177
GTGACCCGAGACTTTGCCTA_007,106
GTGACCCGAGACTTTGCCTA_008,172
GTGACCCGAGACTTTGCCTA_009,63
GTGACCCGAGACTTTGCCTA_010,61
GTGACCCGAGACTTTGCCTA_011,100
AAAGATGACCCAGATAGATG_001,171
AAAGATGACCCAGATAGATG_002,195
AAAGATGACCCAGATAGATG_003,65
AAAGATGACCCAGATAGATG_004,55
AAAGATGACCCAGATAGATG_005,172
AAAGATGACCCAGATAGATG_006,160
AAAGATGACCCAGATAGATG_007,185
AAAGATGACCCAGATAGATG_008,192
AAAGATGACCCAGATAGATG_009,150
AAAGATGACCCAGATAGATG_010,124
AAAGATGACCCAGATAGATG_011,15
AAAGATGACCCAGATAGATG_012,131
AAAGATGACCCAGATAGATG_013,127
AAAGATGACCCAGATAGATG_014,146
AAAGATGACCCAGATAGATG_015,93
AAAGATGACCCAGATAGATG_016,40
AAAGATGACCCAGATAGATG_017,39
AAAGATGACCCAGATAGATG_018,158
AAAGATGACCCAGATAGATG_019,32
CGTCTTTGGATCACACTGCG_001,160
CGTCTTTGGATCACACTGCG_002,105
CGTCTTTGGATCACACTGCG_003,126
CGTCTTTGGATCACACTGCG_004,130
CGTCTTTGGATCACACTGCG_005,45
CATCGGCACAGAGCACTGTG_001,57
CATCGGCACAGAGCACTGTG_002,178
CATCGGCACAGAGCACTGTG_003,160
CATCGGCACAGAGCACTGTG_004,105
CATCGGCACAGAGCACTGTG_005,69
CATCGGCACAGAGCACTGTG_006,42
CATCGGCACAGAGCACTGTG_007,13
GCAAGCTGAGAATTCCAGAC_001,2
GCAAGCTGAGAATTCCAGAC_002,1
GCAAGCTGAGAATTCCAGAC_003,105
GCAAGCTGAGAATTCCAGAC_004,43
GCAAGCTGAGAATTCCAGAC_005,43
GCAAGCTGAGAATTCCAGAC_006,96
GCAAGCTGAGAATTCCAGAC_007,124
TGGTCACCACACGTTCCTCG_001,122
TGGTCACCACACGTTCCTCG_002,17
TGGTCACCACACGTTCCTCG_003,121
TGGTCACCACACGTTCCTCG_004,134
TGGTCACCACACGTTCCTCG_005,116
TAACTTTCTGAGACTACTAG_001,154
TAACTTTCTGAGACTACTAG_002,24
TAACTTTCTGAGACTACTAG_003,108
TAACTTTCTGAGACTACTAG_004,24
TAACTTTCTGAGACTACTAG_005,129
TAACTTTCTGAGACTACTAG_006,137
TAACTTTCTGAGACTACTAG_007,113
CAGCTCGTCGTCCTTGACGT_001,46
CAGCTCGTCGTCCTTGACGT_002,64
CAGCTCGTCGTCCTTGACGT_003,181
CAGCTCGTCGTCCTTGACGT_004,179
CAGCTCGTCGTCCTTGACGT_005,126
CAGCTCGTCGTCCTTGACGT_006,72
CAGCTCGTCGTCCTTGACGT_007,16
CAGCTCGTCGTCCTTGACGT_008,77
CATGGCCACGTCATCGTCTG_001,159
CATGGCCACGTCATCGTCTG_002,26
CATGGCCACGTCATCGTCTG_003,30
TGAGTGTCAAAGTCAACCAG_001,58
TGAGTGTCAAAGTCAACCAG_002,191
TGAGTGTCAAAGTCAACCAG_003,4
TGAGTGTCAAAGTCAACCAG_004,123
TGAGTGTCAAAGTCAACCAG_005,23
TGAGTGTCAAAGTCAACCAG_006,156
TGAGTGTCAAAGTCAACCAG_007,86
TGAGTGTCAAAGTCAACCAG_008,52
TGAGTGTCAAAGTCAACCAG_009,168
TGAGTGTCAAAGTCAACCAG_010,192
TGAGTGTCAAAGTCAACCAG_011,57
TGAGTGTCAAAGTCAACCAG_012,172
TGAGTGTCAAAGTCAACCAG_013,127
TGAGTGTCAAAGTCAACCAG_014,53
TGAGTGTCAAAGTCAACCAG_015,50
TGAGTGTCAAAGTCAACCAG_016,150
TGAGTGTCAAAGTCAACCAG_017,148
TGAGTGTCAAAGTCAACCAG_018,197
TGAGTGTCAAAGTCAACCAG_019,6
TGAGTGTCAAAGTCAACCAG_020,49
ATATTACTCACGCGCAGATG_001,91
ATATTACTCACGCGCAGATG_002,147
ATATTACTCACGCGCAGATG_003,142
ATATTACTCACGCGCAGATG_004,52
ATATTACTCACGCGCAGATG_005,126
ATATTACTCACGCGCAGATG_006,74
CAGCCCGCCTAGGCAGCAGT_001,9
CAGCCCGCCTAGGCAGCAGT_002,147
CAGCCCGCCTAGGCAGCAGT_003,96
CAGCCCGCCTAGGCAGCAGT_004,25
CAGCCCGCCTAGGCAGCAGT_005,122
CAGCCCGCCTAGGCAGCAGT_006,76
CAGCCCGCCTAGGCAGCAGT_007,67
CAGCCCGCCTAGGCAGCAGT_008,9
CAGCCCGCCTAGGCAGCAGT_009,81
CACGTGCTTGTACCACGCGC_001,9
CACGTGCTTGTACCACGCGC_002,68
CACGTGCTTGTACCACGCGC_003,56
TTACGTAAGTAGCCACACTG_001,159
TTACGTAAGTAGCCACACTG_002,120
TTACGTAAGTAGCCACACTG_003,190
TTACGTAAGTAGCCACACTG_004,145
TTACGTAAGTAGCCACACTG_005,152
TTACGTAAGTAGCCACACTG_006,76
TTACGTAAGTAGCCACACTG_007,41
TTACGTAAGTAGCCACACTG_008,135
TTACGTAAGTAGCCACACTG_009,47
TTACGTAAGTAGCCACACTG_010,9
TTACGTAAGTAGCCACACTG_011,129
TTACGTAAGTAGCCACACTG_012,8
TTACGTAAGTAGCCACACTG_013,191
CCTTGAAGATGGCGTCTGTG_001,140
CCTTGAAGATGGCGTCTGTG_002,83
CCTTGAAGATGGCGTCTGTG_003,150
CCTTGAAGATGGCGTCTGTG_004,137
CCTTGAAGATGGCGTCTGTG_005,3
AAGAGTAAAGCAATGGCCAG_001,185
AAGAGTAAAGCAATGGCCAG_002,16
AAGAGTAAAGCAATGGCCAG_003,18
AAGAGTAAAGCAATGGCCAG_004,23
AAGAGTAAAGCAATGGCCAG_005,27
AAGAGTAAAGCAATGGCCAG_006,48
AAGAGTAAAGCAATGGCCAG_007,177
AAGAGTAAAGCAATGGCCAG_008,142
AAGAGTAAAGCAATGGCCAG_009,29
CCATAAAGGTACTGAAGCTG_001,154
CCATAAAGGTACTGAAGCTG_002,137
CCATAAAGGTACTGAAGCTG_003,78
CCATAAAGGTACTGAAGCTG_004,147
CCATAAAGGTACTGAAGCTG_005,132
CCATAAAGGTACTGAAGCTG_006,75
CCATAAAGGTACTGAAGCTG_007,84
CCATAAAGGTACTGAAGCTG_008,137
CCATAAAGGTACTGAAGCTG_009,166
CCATAAAGGTACTGAAGCTG_010,52
CCATAAAGGTACTGAAGCTG_011,1
GTTGTCATTCCAGTTCCCAA_001,17
GTTGTCATTCCAGTTCCCAA_002,58
GTTGTCATTCCAGTTCCCAA_003,177
GTTGTCATTCCAGTTCCCAA_004,199
GGAAATTCTCCTACATCCTG_001,106
TTTCAGCTATCAAACTCGAA_001,137
ATAATCATCGGGGTACTGGG_001,62
ATAATCATCGGGGTACTGGG_002,191
ATAATCATCGGGGTACTGGG_003,140
ATAATCATCGGGGTACTGGG_004,169
ATAATCATCGGGGTACTGGG_005,48
ATAATCATCGGGGTACTGGG_006,145
ATAATCATCGGGGTACTGGG_007,147
ATAATCATCGGGGTACTGGG_008,188
ATAATCATCGGGGTACTGGG_009,5
ATAATCATCGGGGTACTGGG_010,155
ATAATCATCGGGGTACTGGG_011,121
ATAATCATCGGGGTACTGGG_012,20
ATAATCATCGGGGTACTGGG_013,83
ATAATCATCGGGGTACTGGG_014,159
ATAATCATCGGGGTACTGGG_015,24
ATAATCATCGGGGTACTGGG_016,162
ATAATCATCGGGGTACTGGG_017,89
TCCGCTACGCTCTTTAGAGG_001,165
AGAAAGCAGGACAATTCCAT_001,65
CAAAGTCCACCAAAATCAAA_001,35
CAAAGTCCACCAAAATCAAA_002,154
CAAAGTCCACCAAAATCAAA_003,50
CAAAGTCCACCAAAATCAAA_004,175
CAAAGTCCACCAAAATCAAA_005,62
CAAAGTCCACCAAAATCAAA_006,144
CAAAGTCCACCAAAATCAAA_007,175
CAAAGTCCACCAAAATCAAA_008,34
CAAAGTCCACCAAAATCAAA_009,26
CAAAGTCCACCAAAATCAAA_010,68
CAAAGTCCACCAAAATCAAA_011,29
CAAAGTCCACCAAAATCAAA_012,125
CAAAGTCCACCAAAATCAAA_013,153
ATTCCGATGCAGTAAAGAGT_001,43
ATTCCGATGCAGTAAAGAGT_002,150
ATTCCGATGCAGTAAAGAGT_003,197
ATTCCGATGCAGTAAAGAGT_004,38
ATTCCGATGCAGTAAAGAGT_005,185
ATTCCGATGCAGTAAAGAGT_006,160
ATTCCGATGCAGTAAAGAGT_007,66
ATTCCGATGCAGTAAAGAGT_008,41
ATTCCGATGCAGTAAAGAGT_009,75
GGCGGCCCAGATGCAACACG_001,166
GGCGGCCCAGATGCAACACG_002,68
GGCGGCCCAGATGCAACACG_003,190
GGCGGCCCAGATGCAACACG_004,102
GGCGGCCCAGATGCAACACG_005,67
GGCGGCCCAGATGCAACACG_006,112
GGCGGCCCAGATGCAACACG_007,86
GGCGGCCCAGATGCAACACG_008,174
GGCGGCCCAGATGCAACACG_009,78
GGCGGCCCAGATGCAACACG_010,63
GGCGGCCCAGATGCAACACG_011,168
GGCGGCCCAGATGCAACACG_012,50
TCCCTCGGACGGACCCCTTG_001,90
TCCCTCGGACGGACCCCTTG_002,172
TCCCTCGGACGGACCCCTTG_003,182
TCCCTCGGACGGACCCCTTG_004,77
TCCCTCGGACGGACCCCTTG_005,2
TCCCTCGGACGGACCCCTTG_006,84
TCCCTCGGACGGACCCCTTG_007,6
TCCCTCGGACGGACCCCTTG_008,157
TCCCTCGGACGGACCCCTTG_009,171
TCCCTCGGACGGACCCCTTG_010,157
TCCCTCGGACGGACCCCTTG_011,105
TCCCTCGGACGGACCCCTTG_012,181
TCCCTCGGACGGACCCCTTG_013,118
TCCCTCGGACGGACCCCTTG_014,154
TCCCTCGGACGGACCCCTTG_015,17
TCCCTCGGACGGACCCCTTG_016,125
TCCCTCGGACGGACCCCTTG_017,43
TCCCTCGGACGGACCCCTTG_018,34
TCCCTCGGACGGACCCCTTG_019,145
TCCCTCGGACGGACCCCTTG_020,127
TCCCTCGGACGGACCCCTTG_021,144
TCCCTCGGACGGACCCCTTG_022,8
TCCCTCGGACGGACCCCTTG_023,46
TTCAGAAGGAGCTAGCCTCG_001,144
TTCAGAAGGAGCTAGCCTCG_002,8
TTCAGAAGGAGCTAGCCTCG_003,164
TTCAGAAGGAGCTAGCCTCG_004,164
TTCAGAAGGAGCTAGCCTCG_005,15
TTCAGAAGGAGCTAGCCTCG_006,59
TTCAGAAGGAGCTAGCCTCG_007,98
TTCAGAAGGAGCTAGCCTCG_008,149
TTCAGAAGGAGCTAGCCTCG_009,149
GCTACCTGGACATCTCCGAC_001,130
GCTACCTGGACATCTCCGAC_002,153
GCTACCTGGACATCTCCGAC_003,17
GCTACCTGGACATCTCCGAC_004,106
GCTACCTGGACATCTCCGAC_005,168
GCTACCTGGACATCTCCGAC_006,199
AACTTGAGATCTGAATGTAT_001,1
AACTTGAGATCTGAATGTAT_002,126
AACTTGAGATCTGAATGTAT_003,149
AACTTGAGATCTGAATGTAT_004,48
AACTTGAGATCTGAATGTAT_005,195
AACTTGAGATCTGAATGTAT_006,19
AACTTGAGATCTGAATGTAT_007,6
AACTTGAGATCTGAATGTAT_008,178
GCAGATACAAGAGCAACTGA_001,17
GCAGATACAAGAGCAACTGA_002,182
AGTGACCGCTCTCTGCGTCG_001,101
AGTGACCGCTCTCTGCGTCG_002,158
AGTGACCGCTCTCTGCGTCG_003,30
AGTGACCGCTCTCTGCGTCG_004,134
AGTGACCGCTCTCTGCGTCG_005,43
AGTGACCGCTCTCTGCGTCG_006,109
AGTGACCGCTCTCTGCGTCG_007,132
AGTGACCGCTCTCTGCGTCG_008,106
AGTGACCGCTCTCTGCGTCG_009,48
AGTGACCGCTCTCTGCGTCG_010,77
AGTGACCGCTCTCTGCGTCG_011,169
AGTGACCGCTCTCTGCGTCG_012,148
AGTGACCGCTCTCTGCGTCG_013,197
GCTCCAGTTGACACTGAGAG_001,48
GCTCCAGTTGACACTGAGAG_002,169
GCTCCAGTTGACACTGAGAG_003,38
GCTCCAGTTGACACTGAGAG_004,61
GCTCCAGTTGACACTGAGAG_005,34
GCTCCAGTTGACACTGAGAG_006,104
GCTCCAGTTGACACTGAGAG_007,169
GCTCCAGTTGACACTGAGAG_008,102
GCTCCAGTTGACACTGAGAG_009,75
GCTCCAGTTGACACTGAGAG_010,91
GCTCCAGTTGACACTGAGAG_011,187
GCTCCAGTTGACACTGAGAG_012,169
GCTCCAGTTGACACTGAGAG_013,38
GCTCCAGTTGACACTGAGAG_014,147
GCTCCAGTTGACACTGAGAG_015,184
GCTCCAGTTGACACTGAGAG_016,177
GCTCCAGTTGACACTGAGAG_017,33
CGGAACAAGCAGTTCCACAC_001,166
CGGAACAAGCAGTTCCACAC_002,77
CGGAACAAGCAGTTCCACAC_003,82
CGGAACAAGCAGTTCCACAC_004,138
CGGAACAAGCAGTTCCACAC_005,72
CGGAACAAGCAGTTCCACAC_006,90
CGGAACAAGCAGTTCCACAC_007,13
CGGAACAAGCAGTTCCACAC_008,132
CGGAACAAGCAGTTCCACAC_009,188
CGGAACAAGCAGTTCCACAC_010,80
CGGAACAAGCAGTTCCACAC_011,156
CGGAACAAGCAGTTCCACAC_012,172
CGGAACAAGCAGTTCCACAC_013,76
CGGAACAAGCAGTTCCACAC_014,78
CGGAACAAGCAGTTCCACAC_015,106
CGGAACAAGCAGTTCCACAC_016,86
CCACCATACTCAGGCAACTG_001,148
TTAATGTATTAATGACAAGG_001,114
TTAATGTATTAATGACAAGG_002,114
TCATGCCATCAACTTGACGC_001,127
TCATGCCATCAACTTGACGC_002,97
TCATGCCATCAACTTGACGC_003,98
TCATGCCATCAACTTGACGC_004,101
TCATGCCATCAACTTGACGC_005,38
TCATGCCATCAACTTGACGC_006,140
TCATGCCATCAACTTGACGC_007,177
TCTTTCATGTAGTCGAAGGG_001,88
TCTTTCATGTAGTCGAAGGG_002,12
TCTTTCATGTAGTCGAAGGG_003,96
TCTTTCATGTAGTCGAAGGG_004,34
TCTTTCATGTAGTCGAAGGG_005,76
TCTTTCATGTAGTCGAAGGG_006,78
TCTTTCATGTAGTCGAAGGG_007,38
TCTTTCATGTAGTCGAAGGG_008,169
TCTTTCATGTAGTCGAAGGG_009,38
TCTTTCATGTAGTCGAAGGG_010,78
TCTTTCATGTAGTCGAAGGG_011,53
TCTTTCATGTAGTCGAAGGG_012,115
TCTTTCATGTAGTCGAAGGG_013,67
TCTTTCATGTAGTCGAAGGG_014,199
TCTTTCATGTAGTCGAAGGG_015,104
TCTTTCATGTAGTCGAAGGG_016,47
TCTTTCATGTAGTCGAAGGG_017,46
TCTTTCATGTAGTCGAAGGG_018,40
TCTTTCATGTAGTCGAAGGG_019,9
TCTTTCATGTAGTCGAAGGG_020,144
TCTTTCATGTAGTCGAAGGG_021,48
CATCGTCAGACAGTATGTTG_001,169
CATCGTCAGACAGTATGTTG_002,76
CATCGTCAGACAGTATGTTG_003,2
CATCGTCAGACAGTATGTTG_004,191
ATTAAGTGTTGTCGACAGAT_001,177
ATTAAGTGTTGTCGACAGAT_002,21
ATTAAGTGTTGTCGACAGAT_003,141
ATTAAGTGTTGTCGACAGAT_004,141
ATTAAGTGTTGTCGACAGAT_005,17
ATTAAGTGTTGTCGACAGAT_006,58
ATTAAGTGTTGTCGACAGAT_007,110
ATTAAGTGTTGTCGACAGAT_008,47
ATTAAGTGTTGTCGACAGAT_009,168
ATTAAGTGTTGTCGACAGAT_010,12
ATTAAGTGTTGTCGACAGAT_011,168
ATTAAGTGTTGTCGACAGAT_012,52
TGGGTTTCCCAACAGCAACA_001,70
TGGGTTTCCCAACAGCAACA_002,135
TGGGTTTCCCAACAGCAACA_003,97
TGGGTTTCCCAACAGCAACA_004,198
TGGGTTTCCCAACAGCAACA_005,52
TGGGTTTCCCAACAGCAACA_006,80
TGGGTTTCCCAACAGCAACA_007,161
TGGGTTTCCCAACAGCAACA_008,17
TGGGTTTCCCAACAGCAACA_009,130
TGGGTTTCCCAACAGCAACA_010,169
TGGGTTTCCCAACAGCAACA_011,78
TGGGTTTCCCAACAGCAACA_012,45
TGGGTTTCCCAACAGCAACA_013,16
TGGGTTTCCCAACAGCAACA_014,191
TGGGTTTCCCAACAGCAACA_015,63
CTGGCAGCGTATCTGCTACG_001,57
CTGGCAGCGTATCTGCTACG_002,106
CTGGCAGCGTATCTGCTACG_003,48
CTGGCAGCGTATCTGCTACG_004,94
CTGGCAGCGTATCTGCTACG_005,81
CTGGCAGCGTATCTGCTACG_006,162
CTGGCAGCGTATCTGCTACG_007,77
CGGTGCTCGGGCTGCCTGGG_001,140
CGGTGCTCGGGCTGCCTGGG_002,77
CGGTGCTCGGGCTGCCTGGG_003,23
CGGTGCTCGGGCTGCCTGGG_004,149
CGGTGCTCGGGCTGCCTGGG_005,171
CGGTGCTCGGGCTGCCTGGG_006,16
CGGTGCTCGGGCTGCCTGGG_007,187
CGGTGCTCGGGCTGCCTGGG_008,17
CGGTGCTCGGGCTGCCTGGG_009,16
CGGTGCTCGGGCTGCCTGGG_010,169
CGGTGCTCGGGCTGCCTGGG_011,184
CGGTGCTCGGGCTGCCTGGG_012,177
CGGTGCTCGGGCTGCCTGGG_013,88
CGGTGCTCGGGCTGCCTGGG_014,83
CGGTGCTCGGGCTGCCTGGG_015,128
CGGTGCTCGGGCTGCCTGGG_016,199
CGGTGCTCGGGCTGCCTGGG_017,63
CGGTGCTCGGGCTGCCTGGG_018,105
CGGTGCTCGGGCTGCCTGGG_019,48
CGGTGCTCGGGCTGCCTGGG_020,18
CGGTGCTCGGGCTGCCTGGG_021,68
CGGTGCTCGGGCTGCCTGGG_022,133
CGGTGCTCGGGCTGCCTGGG_023,27
CGGTGCTCGGGCTGCCTGGG_024,170
CGGTGCTCGGGCTGCCTGGG_025,158
CGGTGCTCGGGCTGCCTGGG_026,134
CGGTGCTCGGGCTGCCTGGG_027,138
CGGTGCTCGGGCTGCCTGGG_028,151
CGGTGCTCGGGCTGCCTGGG_029,157
CGGTGCTCGGGCTGCCTGGG_030,106
CGGTGCTCGGGCTGCCTGGG_031,42
CGGTGCTCGGGCTGCCTGGG_032,165
CGGTGCTCGGGCTGCCTGGG_033,180
CGGTGCTCGGGCTGCCTGGG_034,105
GAAGGATTCATGAACCAGCG_001,105
GAAGGATTCATGAACCAGCG_002,156
GAAGGATTCATGAACCAGCG_003,139
GAAGGATTCATGAACCAGCG_004,1
GAAGGATTCATGAACCAGCG_005,48
GAAGGATTCATGAACCAGCG_006,162
GAAGGATTCATGAACCAGCG_007,118
GAAGGATTCATGAACCAGCG_008,136
ATAAAGTCGCTCTCAAACAT_001,140
TGGGGATGTCACCCATCACA_001,37
TGGGGATGTCACCCATCACA_002,53
TGGGGATGTCACCCATCACA_003,2
ATAACAGAACGATATAAAGT_001,11
ATAACAGAACGATATAAAGT_002,135
GCAGAGCGTCCGGCTGCCAG_001,158
GCAGAGCGTCCGGCTGCCAG_002,32
TGCCTGGTGTCCAATCTCGT_001,124
TGCCTGGTGTCCAATCTCGT_002,127
TGCCTGGTGTCCAATCTCGT_003,25
TGCCTGGTGTCCAATCTCGT_004,44
TGCCTGGTGTCCAATCTCGT_005,170
TGCCTGGTGTCCAATCTCGT_006,169
TGGTAGTGCAACCCTCTCAA_001,79
TGGTAGTGCAACCCTCTCAA_002,96
TGGTAGTGCAACCCTCTCAA_003,17
TGGTAGTGCAACCCTCTCAA_004,92
TGGTAGTGCAACCCTCTCAA_005,77
TGGTAGTGCAACCCTCTCAA_006,172
TGGTAGTGCAACCCTCTCAA_007,35
TGGTAGTGCAACCCTCTCAA_008,48
TGGTAGTGCAACCCTCTCAA_009,5
TGGTAGTGCAACCCTCTCAA_010,94
TGGTAGTGCAACCCTCTCAA_011,163
TGGTAGTGCAACCCTCTCAA_012,91
TGGTAGTGCAACCCTCTCAA_013,38
TGGTAGTGCAACCCTCTCAA_014,198
TGGTAGTGCAACCCTCTCAA_015,44
TGGTAGTGCAACCCTCTCAA_016,68
TGGTAGTGCAACCCTCTCAA_017,11
TGGTAGTGCAACCCTCTCAA_018,82
CGGGTATAAGAGCGCCACAG_001,23
CGGGTATAAGAGCGCCACAG_002,69
CGGGTATAAGAGCGCCACAG_003,70
CGGGTATAAGAGCGCCACAG_004,184
CGGGTATAAGAGCGCCACAG_005,81
CGGGTATAAGAGCGCCACAG_006,153
CGGGTATAAGAGCGCCACAG_007,58
CGGGTATAAGAGCGCCACAG_008,63
CGGGTATAAGAGCGCCACAG_009,185
CGGGTATAAGAGCGCCACAG_010,101
CGGGTATAAGAGCGCCACAG_011,40
CGGGTATAAGAGCGCCACAG_012,88
CGGGTATAAGAGCGCCACAG_013,62
CGGGTATAAGAGCGCCACAG_014,19
CGGGTATAAGAGCGCCACAG_015,30
GGACTTCAACAACCTCAATG_001,82
GGACTTCAACAACCTCAATG_002,185
GGACTTCAACAACCTCAATG_003,128
GGACTTCAACAACCTCAATG_004,149
GGACTTCAACAACCTCAATG_005,9
GGACTTCAACAACCTCAATG_006,76
GGACTTCAACAACCTCAATG_007,98
GGACTTCAACAACCTCAATG_008,96
GGACTTCAACAACCTCAATG_009,49
GGACTTCAACAACCTCAATG_010,172
GGACTTCAACAACCTCAATG_011,28
GGACTTCAACAACCTCAATG_012,125
GGACTTCAACAACCTCAATG_013,11
GGACTTCAACAACCTCAATG_014,47
GGACTTCAACAACCTCAATG_015,95
GGACTTCAACAACCTCAATG_016,144
GGACTTCAACAACCTCAATG_017,148
GATTGAAAAGGGATGAACCC_001,32
GATTGAAAAGGGATGAACCC_002,49
GATTGAAAAGGGATGAACCC_003,197
ACTCGTAAGTCCCATTTGCA_001,140
ACTCGTAAGTCCCATTTGCA_002,14
ACTCGTAAGTCCCATTTGCA_003,60
ACTCGTAAGTCCCATTTGCA_004,189
ACTCGTAAGTCCCATTTGCA_005,4
ACTCGTAAGTCCCATTTGCA_006,169
ACTCGTAAGTCCCATTTGCA_007,36
ACTCGTAAGTCCCATTTGCA_008,6
ACTCGTAAGTCCCATTTGCA_009,161
AGTCTCCAAGGACGGCAACG_001,172
AGTCTCCAAGGACGGCAACG_002,197
AGTCTCCAAGGACGGCAACG_003,36
AGTCTCCAAGGACGGCAACG_004,196
AGTCTCCAAGGACGGCAACG_005,63
AGTCTCCAAGGACGGCAACG_006,17
AGTCTCCAAGGACGGCAACG_007,98
AGTCTCCAAGGACGGCAACG_008,135
AGTCTCCAAGGACGGCAACG_009,74
AGTCTCCAAGGACGGCAACG_010,113
AGTCTCCAAGGACGGCAACG_011,5
AGTCTCCAAGGACGGCAACG_012,145
AGTCTCCAAGGACGGCAACG_013,13
AGTCTCCAAGGACGGCAACG_014,150
AGTCTCCAAGGACGGCAACG_015,13
GATCTGCCCCAAATGCAGAG_001,158
GATCTGCCCCAAATGCAGAG_002,74
GATCTGCCCCAAATGCAGAG_003,7
GATCTGCCCCAAATGCAGAG_004,177
GATCTGCCCCAAATGCAGAG_005,198
GATCTGCCCCAAATGCAGAG_006,175
GATCTGCCCCAAATGCAGAG_007,117
GATCTGCCCCAAATGCAGAG_008,160
GATCTGCCCCAAATGCAGAG_009,112
GATCTGCCCCAAATGCAGAG_010,83
GATCTGCCCCAAATGCAGAG_011,137
GATCTGCCCCAAATGCAGAG_012,64
GATCTGCCCCAAATGCAGAG_013,10
GATCTGCCCCAAATGCAGAG_014,106
GATCTGCCCCAAATGCAGAG_015,70
AGCTGCTCCTGATCTCTGCG_001,65
AGCTGCTCCTGATCTCTGCG_002,145
AGCTGCTCCTGATCTCTGCG_003,191
AGCTGCTCCTGATCTCTGCG_004,1
AGCTGCTCCTGATCTCTGCG_005,98
AGCTGCTCCTGATCTCTGCG_006,69
AGCTGCTCCTGATCTCTGCG_007,149
AGCTGCTCCTGATCTCTGCG_008,151
AGCTGCTCCTGATCTCTGCG_009,55
AGCTGCTCCTGATCTCTGCG_010,133
AGCTGCTCCTGATCTCTGCG_011,158
AGCTGCTCCTGATCTCTGCG_012,198
AGCTGCTCCTGATCTCTGCG_013,113
AGCTGCTCCTGATCTCTGCG_014,127
AGCTGCTCCTGATCTCTGCG_015,21
AGCTGCTCCTGATCTCTGCG_016,141
AGCTGCTCCTGATCTCTGCG_017,156
AGCTGCTCCTGATCTCTGCG_018,157
AGCTGCTCCTGATCTCTGCG_019,27
AGCTGCTCCTGATCTCTGCG_020,32
AGCTGCTCCTGATCTCTGCG_021,77
AGCTGCTCCTGATCTCTGCG_022,129
AGCTGCTCCTGATCTCTGCG_023,194
AGCTGCTCCTGATCTCTGCG_024,115
AGCTGCTCCTGATCTCTGCG_025,113
AGCTGCTCCTGATCTCTGCG_026,76
AGCTGCTCCTGATCTCTGCG_027,17
AGCTGCTCCTGATCTCTGCG_028,53
AGCTGCTCCTGATCTCTGCG_029,53
AGCTGCTCCTGATCTCTGCG_030,23
AGCTGCTCCTGATCTCTGCG_031,15
AGCTGCTCCTGATCTCTGCG_032,168
AGCTGCTCCTGATCTCTGCG_033,108
AGCTGCTCCTGATCTCTGCG_034,147
AGCTGCTCCTGATCTCTGCG_035,155
AGCTGCTCCTGATCTCTGCG_036,18
ACTACTACAGACGTCCGCTG_001,169
ACTACTACAGACGTCCGCTG_002,149
ACTACTACAGACGTCCGCTG_003,151
ACTACTACAGACGTCCGCTG_004,158
ACTACTACAGACGTCCGCTG_005,145
ACTACTACAGACGTCCGCTG_006,43
ACTACTACAGACGTCCGCTG_007,76
CATGAATGTGCAATACCAGG_001,102
CATGAATGTGCAATACCAGG_002,41
CATGAATGTGCAATACCAGG_003,160
GGACAAGTGACACGCACAGG_001,134
GGACAAGTGACACGCACAGG_002,10
GGACAAGTGACACGCACAGG_003,124
GGACAAGTGACACGCACAGG_004,9
GGACAAGTGACACGCACAGG_005,160
GGACAAGTGACACGCACAGG_006,56
GGACAAGTGACACGCACAGG_007,66
GGACAAGTGACACGCACAGG_008,10
GGACAAGTGACACGCACAGG_009,65
GGACAAGTGACACGCACAGG_010,149
GGACAAGTGACACGCACAGG_011,169
GGACAAGTGACACGCACAGG_012,146
GGACAAGTGACACGCACAGG_013,123
GGACAAGTGACACGCACAGG_014,8
GGACAAGTGACACGCACAGG_015,21
GGACAAGTGACACGCACAGG_016,197
GGACAAGTGACACGCACAGG_017,82
GGACAAGTGACACGCACAGG_018,35
GGACAAGTGACACGCACAGG_019,129
GGACAAGTGACACGCACAGG_020,137
GGACAAGTGACACGCACAGG_021,69
GGACAAGTGACACGCACAGG_022,160
ACCTCATAGAATCGGCAGTG_001,7
ACCTCATAGAATCGGCAGTG_002,145
ACCTCATAGAATCGGCAGTG_003,33
ACCTCATAGAATCGGCAGTG_004,151
ACCTCATAGAATCGGCAGTG_005,52
ACCTCATAGAATCGGCAGTG_006,147
ACCTCATAGAATCGGCAGTG_007,64
ACCTCATAGAATCGGCAGTG_008,110
ACCTCATAGAATCGGCAGTG_009,98
ACCTCATAGAATCGGCAGTG_010,169
ACCTCATAGAATCGGCAGTG_011,45
ACCTCATAGAATCGGCAGTG_012,120
ACCTCATAGAATCGGCAGTG_013,191
ACCTCATAGAATCGGCAGTG_014,49
ACCTCATAGAATCGGCAGTG_015,124
ACCTCATAGAATCGGCAGTG_016,62
ACCTCATAGAATCGGCAGTG_017,185
ACCTCATAGAATCGGCAGTG_018,141
TTGCCACCTCCAACATTCTG_001,149
TTGCCACCTCCAACATTCTG_002,77
TTGCCACCTCCAACATTCTG_003,188
TTGCCACCTCCAACATTCTG_004,116
TTGCCACCTCCAACATTCTG_005,78
TTGCCACCTCCAACATTCTG_006,17
TTGCCACCTCCAACATTCTG_007,84
TTGCCACCTCCAACATTCTG_008,108
TTGCCACCTCCAACATTCTG_009,185
TTGCCACCTCCAACATTCTG_010,138
TTGCCACCTCCAACATTCTG_011,166
AGAGGAGCAGAAGAAACTCG_001,117
AGAGGAGCAGAAGAAACTCG_002,141
TCATAGTCAGTATTGAACAG_001,8
TCATAGTCAGTATTGAACAG_002,146
AGGTCCTACAGCGAACACCT_001,51
AGGTCCTACAGCGAACACCT_002,58
AGGTCCTACAGCGAACACCT_003,169
AGGTCCTACAGCGAACACCT_004,175
AGGTCCTACAGCGAACACCT_005,139
AGGTCCTACAGCGAACACCT_006,191
AGGTCCTACAGCGAACACCT_007,137
AGGTCCTACAGCGAACACCT_008,62
AGGTCCTACAGCGAACACCT_009,151
AGGTCCTACAGCGAACACCT_010,182
AGGTCCTACAGCGAACACCT_011,145
AGGTCCTACAGCGAACACCT_012,161
AGGTCCTACAGCGAACACCT_013,155
AGGTCCTACAGCGAACACCT_014,43
AGGTCCTACAGCGAACACCT_015,115
AGGTCCTACAGCGAACACCT_016,188
AGGTCCTACAGCGAACACCT_017,187
AGGTCCTACAGCGAACACCT_018,188
AGGTCCTACAGCGAACACCT_019,179
AGGTCCTACAGCGAACACCT_020,191
AGGTCCTACAGCGAACACCT_021,102
AGGTCCTACAGCGAACACCT_022,130
AGGTCCTACAGCGAACACCT_023,141
AGGTCCTACAGCGAACACCT_024,145
AGGTCCTACAGCGAACACCT_025,65
AGGTCCTACAGCGAACACCT_026,49
AGGTCCTACAGCGAACACCT_027,194
AGGTCCTACAGCGAACACCT_028,19
AGGTCCTACAGCGAACACCT_029,48
AGGTCCTACAGCGAACACCT_030,147
AGGTCCTACAGCGAACACCT_031,137
AGGTCCTACAGCGAACACCT_032,94
AGGTCCTACAGCGAACACCT_033,19
AGGTCCTACAGCGAACACCT_034,198
AGGTCCTACAGCGAACACCT_035,165
AGGTCCTACAGCGAACACCT_036,81
ACAGGGTTGCATCACTAGCA_001,30
ACAGGGTTGCATCACTAGCA_002,125
CTTACCCCAAGATAGTAGGG_001,169
CTTACCCCAAGATAGTAGGG_002,4
GGATGGGCATCCTCGGCCGT_001,84
GGATGGGCATCCTCGGCCGT_002,150
GGATGGGCATCCTCGGCCGT_003,107
GGATGGGCATCCTCGGCCGT_004,166
GGATGGGCATCCTCGGCCGT_005,43
GGATGGGCATCCTCGGCCGT_006,191
GGATGGGCATCCTCGGCCGT_007,190
GGATGGGCATCCTCGGCCGT_008,162
GGATGGGCATCCTCGGCCGT_009,30
GGATGGGCATCCTCGGCCGT_010,49
GTGACTACCATAGATGTGAG_001,9
GTGACTACCATAGATGTGAG_002,49
GTGACTACCATAGATGTGAG_003,149
GTGACTACCATAGATGTGAG_004,106
GTGACTACCATAGATGTGAG_005,8
GTGACTACCATAGATGTGAG_006,50
GTGACTACCATAGATGTGAG_007,58
GTGACTACCATAGATGTGAG_008,163
GTGACTACCATAGATGTGAG_009,178
GTGACTACCATAGATGTGAG_010,26
GTGACTACCATAGATGTGAG_011,97
GTGACTACCATAGATGTGAG_012,52
GTGACTACCATAGATGTGAG_013,106
GAGCAGGGGCCAGAGACACT_001,105
GAGCAGGGGCCAGAGACACT_002,106
GAGCAGGGGCCAGAGACACT_003,29
GAGCAGGGGCCAGAGACACT_004,178
GAGCAGGGGCCAGAGACACT_005,162
GAGCAGGGGCCAGAGACACT_006,21
GAGCAGGGGCCAGAGACACT_007,16
GAGCAGGGGCCAGAGACACT_008,134
GAGCAGGGGCCAGAGACACT_009,112
GAGCAGGGGCCAGAGACACT_010,113
GAGCAGGGGCCAGAGACACT_011,35
GAGCAGGGGCCAGAGACACT_012,127
GAGCAGGGGCCAGAGACACT_013,146
GAGCAGGGGCCAGAGACACT_014,191
GAGCAGGGGCCAGAGACACT_015,62
GAGCAGGGGCCAGAGACACT_016,85
GAGCAGGGGCCAGAGACACT_017,28
GCCTAGCTCTGCCACGGACA_001,41
GCCTAGCTCTGCCACGGACA_002,107
GCCTAGCTCTGCCACGGACA_003,72
GCCTAGCTCTGCCACGGACA_004,48
GCCTAGCTCTGCCACGGACA_005,80
GCCTAGCTCTGCCACGGACA_006,14
GCTTCAGACTCTCAACGATG_001,9
GCTTCAGACTCTCAACGATG_002,150
GCTTCAGACTCTCAACGATG_003,38
GCTTCAGACTCTCAACGATG_004,15
GCTTCAGACTCTCAACGATG_005,86
CAATGCCATCACCCGCATTG_001,58
CAATGCCATCACCCGCATTG_002,38
CAATGCCATCACCCGCATTG_003,70
CAATGCCATCACCCGCATTG_004,98
CGAGGAATGGTTCTTCACCA_001,178
CGAGGAATGGTTCTTCACCA_002,9
CGAGGAATGGTTCTTCACCA_003,5
GTCCTTCGCAAAGAGGCGTA_001,169
GTCCTTCGCAAAGAGGCGTA_002,162
GTCCTTCGCAAAGAGGCGTA_003,193
GTCCTTCGCAAAGAGGCGTA_004,69
GTCCTTCGCAAAGAGGCGTA_005,160
GTCCTTCGCAAAGAGGCGTA_006,121
GTCCTTCGCAAAGAGGCGTA_007,45
GTCCTTCGCAAAGAGGCGTA_008,17
GTCCTTCGCAAAGAGGCGTA_009,48
GTCCTTCGCAAAGAGGCGTA_010,160
GTCCTTCGCAAAGAGGCGTA_011,170
GTCCTTCGCAAAGAGGCGTA_012,142
GTCCTTCGCAAAGAGGCGTA_013,106
GTCCTTCGCAAAGAGGCGTA_014,188
GTCCTTCGCAAAGAGGCGTA_015,136
GTCCTTCGCAAAGAGGCGTA_016,62
GTCCTTCGCAAAGAGGCGTA_017,77
CTAAAACCTCCTACCAGCGG_001,23
CTAAAACCTCCTACCAGCGG_002,99
CTAAAACCTCCTACCAGCGG_003,99
TAGACAACGCTACTACCCAA_001,153
TAGACAACGCTACTACCCAA_002,103
TAGACAACGCTACTACCCAA_003,141
CCGTCTGCCCTCCATAGTGG_001,185
CCGTCTGCCCTCCATAGTGG_002,133
CCGTCTGCCCTCCATAGTGG_003,88
CCGTCTGCCCTCCATAGTGG_004,47
CCGTCTGCCCTCCATAGTGG_005,63
CCGTCTGCCCTCCATAGTGG_006,50
CCGTCTGCCCTCCATAGTGG_007,150
TAGTGAGGTCGACAGACTCA_001,172
TAGTGAGGTCGACAGACTCA_002,68
TAGTGAGGTCGACAGACTCA_003,84
TAGTGAGGTCGACAGACTCA_004,148
TAGTGAGGTCGACAGACTCA_005,116
TAGTGAGGTCGACAGACTCA_006,148
TAGTGAGGTCGACAGACTCA_007,24
TAGTGAGGTCGACAGACTCA_008,96
TAGTGAGGTCGACAGACTCA_009,158
TAGTGAGGTCGACAGACTCA_010,9
TAGTGAGGTCGACAGACTCA_011,121
TAGTGAGGTCGACAGACTCA_012,82
TAGTGAGGTCGACAGACTCA_013,71
TAGTGAGGTCGACAGACTCA_014,142
TAGTGAGGTCGACAGACTCA_015,176
TAGTGAGGTCGACAGACTCA_016,41
TAGTGAGGTCGACAGACTCA_017,194
TAGTGAGGTCGACAGACTCA_018,169
TAGTGAGGTCGACAGACTCA_019,152
TAGTGAGGTCGACAGACTCA_020,165
TAGTGAGGTCGACAGACTCA_021,39
CAGTATCAGGATCCAACAAG_001,140
CAGTATCAGGATCCAACAAG_002,191
CAGTATCAGGATCCAACAAG_003,152
CAGTATCAGGATCCAACAAG_004,130
CAGTATCAGGATCCAACAAG_005,139
CAGTATCAGGATCCAACAAG_006,190
CAGTATCAGGATCCAACAAG_007,146
CAGTATCAGGATCCAACAAG_008,41
CAGTATCAGGATCCAACAAG_009,15
AAGGGAAACACCTCCCATGA_001,160
AAGGGAAACACCTCCCATGA_002,197
AAGGGAAACACCTCCCATGA_003,12
AAGGGAAACACCTCCCATGA_004,165
AAGGGAAACACCTCCCATGA_005,169
AAGGGAAACACCTCCCATGA_006,142
AAGGGAAACACCTCCCATGA_007,137
AAGGGAAACACCTCCCATGA_008,137
TAAGAAACGATGCAAATCCA_001,12
TAAGAAACGATGCAAATCCA_002,47
TTCACATACTGATCTGACAT_001,149
TTCACATACTGATCTGACAT_002,137
TTCACATACTGATCTGACAT_003,46
CCCTCCTGCTCCTTTAGCCG_001,45
CCCTCCTGCTCCTTTAGCCG_002,62
CCCTCCTGCTCCTTTAGCCG_003,183
CCCTCCTGCTCCTTTAGCCG_004,70
CCCTCCTGCTCCTTTAGCCG_005,145
CCCTCCTGCTCCTTTAGCCG_006,154
CCCTCCTGCTCCTTTAGCCG_007,130
CCCTCCTGCTCCTTTAGCCG_008,91
CCCTCCTGCTCCTTTAGCCG_009,134
CCCTCCTGCTCCTTTAGCCG_010,159
CCCTCCTGCTCCTTTAGCCG_011,73
AAACAAAAGTAGCGCATCGG_001,65
AAACAAAAGTAGCGCATCGG_002,176
AAACAAAAGTAGCGCATCGG_003,29
AAACAAAAGTAGCGCATCGG_004,62
AAACAAAAGTAGCGCATCGG_005,117
AAACAAAAGTAGCGCATCGG_006,105
AAACAAAAGTAGCGCATCGG_007,197
AAACAAAAGTAGCGCATCGG_008,46
AAACAAAAGTAGCGCATCGG_009,1
AAACAAAAGTAGCGCATCGG_010,55
AAACAAAAGTAGCGCATCGG_011,124
AAACAAAAGTAGCGCATCGG_012,124
AAACAAAAGTAGCGCATCGG_013,153
GTTGCCTGCCCCAACCAATG_001,115
GTTGCCTGCCCCAACCAATG_002,1
GTTGCCTGCCCCAACCAATG_003,78
GTTGCCTGCCCCAACCAATG_004,11
GTTGCCTGCCCCAACCAATG_005,142
GTTGCCTGCCCCAACCAATG_006,131
GTTGCCTGCCCCAACCAATG_007,11
GTTGCCTGCCCCAACCAATG_008,23
GTTGCCTGCCCCAACCAATG_009,126
GTTGCCTGCCCCAACCAATG_010,112
AGGCCGAGGACAGTTCAGCG_001,191
AGGCCGAGGACAGTTCAGCG_002,178
AGGCCGAGGACAGTTCAGCG_003,188
AGGCCGAGGACAGTTCAGCG_004,149
AGGCCGAGGACAGTTCAGCG_005,82
AGGCCGAGGACAGTTCAGCG_006,73
AGGCCGAGGACAGTTCAGCG_007,193
AGGCCGAGGACAGTTCAGCG_008,46
AGGCCGAGGACAGTTCAGCG_009,160
AGGCCGAGGACAGTTCAGCG_010,196
AGGCCGAGGACAGTTCAGCG_011,52
AGGCCGAGGACAGTTCAGCG_012,197
AGGCCGAGGACAGTTCAGCG_013,170
AGGCCGAGGACAGTTCAGCG_014,5
AGGCCGAGGACAGTTCAGCG_015,139
AGGCCGAGGACAGTTCAGCG_016,99
GTATCTACAGAGTATCCGTG_001,58
GTATCTACAGAGTATCCGTG_002,58
GTATCTACAGAGTATCCGTG_003,139
GTATCTACAGAGTATCCGTG_004,21
TTTCCGAGGCTCATCACCAA_001,4
TTTCCGAGGCTCATCACCAA_002,6
TTTCCGAGGCTCATCACCAA_003,101
TTTCCGAGGCTCATCACCAA_004,34
TTTCCGAGGCTCATCACCAA_005,52
TTTCCGAGGCTCATCACCAA_006,34
TTTCCGAGGCTCATCACCAA_007,72
TTTCCGAGGCTCATCACCAA_008,23
TTTCCGAGGCTCATCACCAA_009,181
TTTCCGAGGCTCATCACCAA_010,140
TTTCCGAGGCTCATCACCAA_011,42
TTTCCGAGGCTCATCACCAA_012,135
CACCCTGAACATACCTACTG_001,53
CACCCTGAACATACCTACTG_002,121
CACCCTGAACATACCTACTG_003,99
CACCCTGAACATACCTACTG_004,185
CACCCTGAACATACCTACTG_005,182
CACCCTGAACATACCTACTG_006,48
CACCCTGAACATACCTACTG_007,113
CACCCTGAACATACCTACTG_008,41
CGCGCTGTGCGAGTTTGACG_001,5
CGCGCTGTGCGAGTTTGACG_002,139
CGCGCTGTGCGAGTTTGACG_003,152
CGCGCTGTGCGAGTTTGACG_004,176
CGGGGTGCACTCACACGTTG_001,102
CGGGGTGCACTCACACGTTG_002,192
CGGGGTGCACTCACACGTTG_003,0
CGGGGTGCACTCACACGTTG_004,39
CGGGGTGCACTCACACGTTG_005,28
ACTCACCCGGTTCTTGACCT_001,115
ACTCACCCGGTTCTTGACCT_002,25
ACTCACCCGGTTCTTGACCT_003,12
ACTCACCCGGTTCTTGACCT_004,70
ACTCACCCGGTTCTTGACCT_005,60
ACTCACCCGGTTCTTGACCT_006,178
ACTCACCCGGTTCTTGACCT_007,179
CACCAACAGGATACATTGAA_001,23
CACCAACAGGATACATTGAA_002,120
CTCAACCTCATACACTCTGG_001,78
CTCAACCTCATACACTCTGG_002,113
CTCAACCTCATACACTCTGG_003,156
CTCAACCTCATACACTCTGG_004,123
CTCAACCTCATACACTCTGG_005,98
CTCAACCTCATACACTCTGG_006,29
CTCAACCTCATACACTCTGG_007,137
CTCAACCTCATACACTCTGG_008,34
CTCAACCTCATACACTCTGG_009,127
CTCAACCTCATACACTCTGG_010,172
TCGGCTCAGCCATACGCGCG_001,126
TCGGCTCAGCCATACGCGCG_002,54
TCGGCTCAGCCATACGCGCG_003,107
TCGGCTCAGCCATACGCGCG_004,133
TATTATGCACAGTAATCGGG_001,181
TATTATGCACAGTAATCGGG_002,50
TATTATGCACAGTAATCGGG_003,141
TATTATGCACAGTAATCGGG_004,18
TATTATGCACAGTAATCGGG_005,89
TGTGCAGTCTGTAACTGCTG_001,61
TGTGCAGTCTGTAACTGCTG_002,98
TGTGCAGTCTGTAACTGCTG_003,1
TGTGCAGTCTGTAACTGCTG_004,188
TGTGCAGTCTGTAACTGCTG_005,10
AGTCAGAGGACCTCCAGACG_001,24
AGTCAGAGGACCTCCAGACG_002,166
AGTCAGAGGACCTCCAGACG_003,176
AGTCAGAGGACCTCCAGACG_004,42
AGTCAGAGGACCTCCAGACG_005,197
GCTCATCTACAAGACGCCCA_001,50
GCTCATCTACAAGACGCCCA_002,129
GCTCATCTACAAGACGCCCA_003,94
GCTCATCTACAAGACGCCCA_004,133
GCTCATCTACAAGACGCCCA_005,150
GCTCATCTACAAGACGCCCA_006,50
GCTCATCTACAAGACGCCCA_007,120
GCTCATCTACAAGACGCCCA_008,148
GCTCATCTACAAGACGCCCA_009,58
GCTCATCTACAAGACGCCCA_010,169
GCTCATCTACAAGACGCCCA_011,183
GCTCATCTACAAGACGCCCA_012,36
GCTCATCTACAAGACGCCCA_013,156
GCTCATCTACAAGACGCCCA_014,160
GCTCATCTACAAGACGCCCA_015,138
GCTCATCTACAAGACGCCCA_016,77
TCTGGCCTCGAGCTCCAAGG_001,139
TCTGGCCTCGAGCTCCAAGG_002,24
TCTGGCCTCGAGCTCCAAGG_003,48
TCTGGCCTCGAGCTCCAAGG_004,81
TCTGGCCTCGAGCTCCAAGG_005,112
TCTGGCCTCGAGCTCCAAGG_006,103
TCTGGCCTCGAGCTCCAAGG_007,140
TCTGGCCTCGAGCTCCAAGG_008,1
TCTGGCCTCGAGCTCCAAGG_009,150
TCTGGCCTCGAGCTCCAAGG_010,50
TCTGGCCTCGAGCTCCAAGG_011,63
TCTGGCCTCGAGCTCCAAGG_012,160
TCTGGCCTCGAGCTCCAAGG_013,174
TCTGGCCTCGAGCTCCAAGG_014,150
TCTGGCCTCGAGCTCCAAGG_015,86
TCTGGCCTCGAGCTCCAAGG_016,151
TCTGGCCTCGAGCTCCAAGG_017,7
TCTGGCCTCGAGCTCCAAGG_018,179
TCTGGCCTCGAGCTCCAAGG_019,188
TCTGGCCTCGAGCTCCAAGG_020,157
TCTGGCCTCGAGCTCCAAGG_021,50
TCTGGCCTCGAGCTCCAAGG_022,27
GCTTGACGCTGACACGCACG_001,127
GCTTGACGCTGACACGCACG_002,105
GCTTGACGCTGACACGCACG_003,95
GCTTGACGCTGACACGCACG_004,76
GCTTGACGCTGACACGCACG_005,12
GCTTGACGCTGACACGCACG_006,30
GCTTGACGCTGACACGCACG_007,77
ACAGTCGAGATTATCGTAGA_001,54
ACAGTCGAGATTATCGTAGA_002,43
ACAGTCGAGATTATCGTAGA_003,103
ACAGTCGAGATTATCGTAGA_004,70
TACAACAACCCCGTCCCCCG_001,81
TACAACAACCCCGTCCCCCG_002,184
TACAACAACCCCGTCCCCCG_003,60
TACAACAACCCCGTCCCCCG_004,60
TACAACAACCCCGTCCCCCG_005,127
TACAACAACCCCGTCCCCCG_006,176
TACAACAACCCCGTCCCCCG_007,62
TACAACAACCCCGTCCCCCG_008,84
TACAACAACCCCGTCCCCCG_009,170
TACAACAACCCCGTCCCCCG_010,151
TACAACAACCCCGTCCCCCG_011,23
TACAACAACCCCGTCCCCCG_012,169
TACAACAACCCCGTCCCCCG_013,53
TACAACAACCCCGTCCCCCG_014,149
TACAACAACCCCGTCCCCCG_015,146
TACAACAACCCCGTCCCCCG_016,98
TACAACAACCCCGTCCCCCG_017,85
TACAACAACCCCGTCCCCCG_018,55
TACAACAACCCCGTCCCCCG_019,68
TACAACAACCCCGTCCCCCG_020,5
TACAACAACCCCGTCCCCCG_021,28
TACAACAACCCCGTCCCCCG_022,57
TACAACAACCCCGTCCCCCG_023,17
TACAACAACCCCGTCCCCCG_024,17
TACAACAACCCCGTCCCCCG_025,63
TACAACAACCCCGTCCCCCG_026,121
TACAACAACCCCGTCCCCCG_027,70
TACAACAACCCCGTCCCCCG_028,70
TACAACAACCCCGTCCCCCG_029,15
TACAACAACCCCGTCCCCCG_030,15
TACAACAACCCCGTCCCCCG_031,184
TACAACAACCCCGTCCCCCG_032,108
TACAACAACCCCGTCCCCCG_033,122
TACAACAACCCCGTCCCCCG_034,58
TACAACAACCCCGTCCCCCG_035,137
TACAACAACCCCGTCCCCCG_036,65
TACAACAACCCCGTCCCCCG_037,140
TACAACAACCCCGTCCCCCG_038,38
TACAACAACCCCGTCCCCCG_039,105
TACAACAACCCCGTCCCCCG_040,180
TACAACAACCCCGTCCCCCG_041,104
TACAACAACCCCGTCCCCCG_042,3
TACAACAACCCCGTCCCCCG_043,75
TACAACAACCCCGTCCCCCG_044,30
TTACGGGCCCACCTGTGACG_001,6
TTACGGGCCCACCTGTGACG_002,178
TTACGGGCCCACCTGTGACG_003,78
TTACGGGCCCACCTGTGACG_004,2
TTACGGGCCCACCTGTGACG_005,5
TTACGGGCCCACCTGTGACG_006,2
TTACGGGCCCACCTGTGACG_007,168
TTACGGGCCCACCTGTGACG_008,67
TTACGGGCCCACCTGTGACG_009,59
TTACGGGCCCACCTGTGACG_010,150
TTACGGGCCCACCTGTGACG_011,93
TTACGGGCCCACCTGTGACG_012,28
TTACGGGCCCACCTGTGACG_013,14
TTACGGGCCCACCTGTGACG_014,199
TTACGGGCCCACCTGTGACG_015,162
TTACGGGCCCACCTGTGACG_016,134
TTACGGGCCCACCTGTGACG_017,3
TTACGGGCCCACCTGTGACG_018,39
TTACGGGCCCACCTGTGACG_019,1
TTACGGGCCCACCTGTGACG_020,164
TTACGGGCCCACCTGTGACG_021,75
TTACGGGCCCACCTGTGACG_022,29
TTTATCTGCGTTACTACGTG_001,141
TTTATCTGCGTTACTACGTG_002,112
TTTATCTGCGTTACTACGTG_003,182
TTTATCTGCGTTACTACGTG_004,23
TTTATCTGCGTTACTACGTG_005,63
CAAACTCCTGCGGATCACAG_001,173
CAAACTCCTGCGGATCACAG_002,173
CAAACTCCTGCGGATCACAG_003,94
CAAACTCCTGCGGATCACAG_004,147
CAAACTCCTGCGGATCACAG_005,175
CAAACTCCTGCGGATCACAG_006,31
GAATACTCTGAGTACCCCAG_001,170
GAATACTCTGAGTACCCCAG_002,12
GAATACTCTGAGTACCCCAG_003,2
GAATACTCTGAGTACCCCAG_004,17
GAATACTCTGAGTACCCCAG_005,9
GAATACTCTGAGTACCCCAG_006,120
GAATACTCTGAGTACCCCAG_007,48
GAATACTCTGAGTACCCCAG_008,198
GAATACTCTGAGTACCCCAG_009,180
GGGGAAGCTCATGGTAATGG_001,158
GGGGAAGCTCATGGTAATGG_002,177
GGGGAAGCTCATGGTAATGG_003,148
GGGGAAGCTCATGGTAATGG_004,50
AATCCTCCAAATGATCTGAG_001,130
AATCCTCCAAATGATCTGAG_002,124
AATCCTCCAAATGATCTGAG_003,183
AATCCTCCAAATGATCTGAG_004,60
AATCCTCCAAATGATCTGAG_005,188
AATCCTCCAAATGATCTGAG_006,121
AATCCTCCAAATGATCTGAG_007,41
AATCCTCCAAATGATCTGAG_008,190
AATCCTCCAAATGATCTGAG_009,28
AATCCTCCAAATGATCTGAG_010,19
AATCCTCCAAATGATCTGAG_011,114
AATCCTCCAAATGATCTGAG_012,17
AATCCTCCAAATGATCTGAG_013,188
AATCCTCCAAATGATCTGAG_014,188
AATCCTCCAAATGATCTGAG_015,145
AATCCTCCAAATGATCTGAG_016,197
AATCCTCCAAATGATCTGAG_017,9
AATCCTCCAAATGATCTGAG_018,50
AATCCTCCAAATGATCTGAG_019,12
AATCCTCCAAATGATCTGAG_020,70
AATCCTCCAAATGATCTGAG_021,19
AATCCTCCAAATGATCTGAG_022,199
CCTCCCGAGAGTAGACCCCA_001,127
CCTCCCGAGAGTAGACCCCA_002,55
CCTCCCGAGAGTAGACCCCA_003,50
CCTCCCGAGAGTAGACCCCA_004,98
CCTCCCGAGAGTAGACCCCA_005,148
CCTCCCGAGAGTAGACCCCA_006,190
CCTCCCGAGAGTAGACCCCA_007,42
CCTCCCGAGAGTAGACCCCA_008,73
CCTCCCGAGAGTAGACCCCA_009,159
CCTCCCGAGAGTAGACCCCA_010,86
CCTCCCGAGAGTAGACCCCA_011,183
CCTCCCGAGAGTAGACCCCA_012,29
CCTCCCGAGAGTAGACCCCA_013,60
CCTCCCGAGAGTAGACCCCA_014,134
CCTCCCGAGAGTAGACCCCA_015,102
CCTCCCGAGAGTAGACCCCA_016,172
CCTCCCGAGAGTAGACCCCA_017,170
CCTCCCGAGAGTAGACCCCA_018,62
CCTCCCGAGAGTAGACCCCA_019,46
CCTCCCGAGAGTAGACCCCA_020,197
CCTCCCGAGAGTAGACCCCA_021,134
CCTCCCGAGAGTAGACCCCA_022,66
CCTCCCGAGAGTAGACCCCA_023,155
CCTCCCGAGAGTAGACCCCA_024,137
CCTCCCGAGAGTAGACCCCA_025,126
CCTCCCGAGAGTAGACCCCA_026,140
CCTCCCGAGAGTAGACCCCA_027,60
CCTCCCGAGAGTAGACCCCA_028,167
GTGCCGAGACCCCATCAACG_001,118
GTGCCGAGACCCCATCAACG_002,184
GTGCCGAGACCCCATCAACG_003,50
GTGCCGAGACCCCATCAACG_004,171
GTGCCGAGACCCCATCAACG_005,119
GTGCCGAGACCCCATCAACG_006,179
GTGCCGAGACCCCATCAACG_007,87
GTGCCGAGACCCCATCAACG_008,116
GTGCCGAGACCCCATCAACG_009,130
GTGCCGAGACCCCATCAACG_010,112
GTGCCGAGACCCCATCAACG_011,158
AGGTCGTGGAAGACCCTGTG_001,29
AGGTCGTGGAAGACCCTGTG_002,170
AGGTCGTGGAAGACCCTGTG_003,147
AGGTCGTGGAAGACCCTGTG_004,117
AGGTCGTGGAAGACCCTGTG_005,111
AGGTCGTGGAAGACCCTGTG_006,147
AGGTCGTGGAAGACCCTGTG_007,43
AGGTCGTGGAAGACCCTGTG_008,28
AGGTCGTGGAAGACCCTGTG_009,70
AGGTCGTGGAAGACCCTGTG_010,11
CAGAGACCGGAAGGATCACA_001,153
CAGAGACCGGAAGGATCACA_002,34
CAGAGACCGGAAGGATCACA_003,68
AAAGTGGAAGAAGTGTAGCT_001,119
AAAGTGGAAGAAGTGTAGCT_002,155
ATATAGATCAGCTATCAGGA_001,170
ATATAGATCAGCTATCAGGA_002,196
ATATAGATCAGCTATCAGGA_003,24
ATATAGATCAGCTATCAGGA_004,21
ATATAGATCAGCTATCAGGA_005,17
ATATAGATCAGCTATCAGGA_006,144
ATATAGATCAGCTATCAGGA_007,58
ATATAGATCAGCTATCAGGA_008,176
ATATAGATCAGCTATCAGGA_009,68
ATATAGATCAGCTATCAGGA_010,174
ATATAGATCAGCTATCAGGA_011,168
ACAGCTAATTTGACCAACCA_001,10
ACAGCTAATTTGACCAACCA_002,119
ACAGCTAATTTGACCAACCA_003,175
ACAGCTAATTTGACCAACCA_004,16
ACAGCTAATTTGACCAACCA_005,124
ACAGCTAATTTGACCAACCA_006,98
ACAGCTAATTTGACCAACCA_007,103
ACAGCTAATTTGACCAACCA_008,88
ACAGCTAATTTGACCAACCA_009,6
ACAGCTAATTTGACCAACCA_010,47
ACAGCTAATTTGACCAACCA_011,88
ACAGCTAATTTGACCAACCA_012,42
ACAGCTAATTTGACCAACCA_013,111
ACAGCTAATTTGACCAACCA_014,41
ACAGCTAATTTGACCAACCA_015,94
ACAGCTAATTTGACCAACCA_016,137
GGCTGTCACTGACGTCAACG_001,2
GGCTGTCACTGACGTCAACG_002,153
GGCTGTCACTGACGTCAACG_003,191
GGCTGTCACTGACGTCAACG_004,155
GGCTGTCACTGACGTCAACG_005,172
GGCTGTCACTGACGTCAACG_006,57
GGCTGTCACTGACGTCAACG_007,168
GGCTGTCACTGACGTCAACG_008,102
GGCAGTCACAGAGCTGACCA_001,194
GGCAGTCACAGAGCTGACCA_002,169
GGCAGTCACAGAGCTGACCA_003,172
GGCAGTCACAGAGCTGACCA_004,174
GGCAGTCACAGAGCTGACCA_005,104
GGCAGTCACAGAGCTGACCA_006,34
GGCAGTCACAGAGCTGACCA_007,158
GGCAGTCACAGAGCTGACCA_008,187
GGCAGTCACAGAGCTGACCA_009,148
GGCAGTCACAGAGCTGACCA_010,158
GGCAGTCACAGAGCTGACCA_011,45
GGCAGTCACAGAGCTGACCA_012,186
GGCAGTCACAGAGCTGACCA_013,102
GGCAGTCACAGAGCTGACCA_014,197
GGCAGTCACAGAGCTGACCA_015,127
GGCAGTCACAGAGCTGACCA_016,57
GGGAAGACAGTTCATCAGCA_001,67
GGGAAGACAGTTCATCAGCA_002,77
GGGAAGACAGTTCATCAGCA_003,172
GGGAAGACAGTTCATCAGCA_004,198
GGGAAGACAGTTCATCAGCA_005,151
GGGAAGACAGTTCATCAGCA_006,199
GGGAAGACAGTTCATCAGCA_007,79
GGGAAGACAGTTCATCAGCA_008,69
GGGAAGACAGTTCATCAGCA_009,110
GGGAAGACAGTTCATCAGCA_010,121
GGGAAGACAGTTCATCAGCA_011,199
GGGAAGACAGTTCATCAGCA_012,100
GGGAAGACAGTTCATCAGCA_013,104
GGGAAGACAGTTCATCAGCA_014,19
GGGAAGACAGTTCATCAGCA_015,168
GGGAAGACAGTTCATCAGCA_016,162
GGGAAGACAGTTCATCAGCA_017,103
GGGAAGACAGTTCATCAGCA_018,13
GGGAAGACAGTTCATCAGCA_019,1
GGGAAGACAGTTCATCAGCA_020,141
AGTCCACCATTCATACATCG_001,148
AGTCCACCATTCATACATCG_002,65
AGTCCACCATTCATACATCG_003,29
AGTCCACCATTCATACATCG_004,111
AGTCCACCATTCATACATCG_005,88
AGTCCACCATTCATACATCG_006,166
AGTCCACCATTCATACATCG_007,56
ATGTCTTTCTGTGTGCTCCG_001,48
ATGTCTTTCTGTGTGCTCCG_002,56
ATGTCTTTCTGTGTGCTCCG_003,124
ATGTCTTTCTGTGTGCTCCG_004,41
ATGTCTTTCTGTGTGCTCCG_005,17
ATGTCTTTCTGTGTGCTCCG_006,145
ATGTCTTTCTGTGTGCTCCG_007,148
ATGTCTTTCTGTGTGCTCCG_008,177
ATGTCTTTCTGTGTGCTCCG_009,169
ATGTCTTTCTGTGTGCTCCG_010,137
ATGTCTTTCTGTGTGCTCCG_011,137
GGATAAGCTCTACCTCTCAT_001,185
GGATAAGCTCTACCTCTCAT_002,171
GGATAAGCTCTACCTCTCAT_003,114
GGATAAGCTCTACCTCTCAT_004,126
GGATAAGCTCTACCTCTCAT_005,146
GGATAAGCTCTACCTCTCAT_006,118
GGATAAGCTCTACCTCTCAT_007,124
GGATAAGCTCTACCTCTCAT_008,77
GTATTCCCACTGATAGGGCA_001,76
GTATTCCCACTGATAGGGCA_002,167
GTATTCCCACTGATAGGGCA_003,113
GTATTCCCACTGATAGGGCA_004,61
GTATTCCCACTGATAGGGCA_005,6
GTATTCCCACTGATAGGGCA_006,83
GTATTCCCACTGATAGGGCA_007,41
GTATTCCCACTGATAGGGCA_008,77
GTGTAATGACAAGTTCGCCG_001,81
GTGTAATGACAAGTTCGCCG_002,45
GTGTAATGACAAGTTCGCCG_003,179
GTGTAATGACAAGTTCGCCG_004,114
GTGTAATGACAAGTTCGCCG_005,114
GTGTAATGACAAGTTCGCCG_006,82
CCCATCACGGACCTGCACTG_001,8
CCCATCACGGACCTGCACTG_002,50
CCCATCACGGACCTGCACTG_003,19
CCCATCACGGACCTGCACTG_004,27
CCCATCACGGACCTGCACTG_005,11
CCCATCACGGACCTGCACTG_006,40
CCCATCACGGACCTGCACTG_007,117
CCCATCACGGACCTGCACTG_008,105
CCCATCACGGACCTGCACTG_009,140
CCCATCACGGACCTGCACTG_010,98
CCCATCACGGACCTGCACTG_011,69
CCCATCACGGACCTGCACTG_012,147
CCCATCACGGACCTGCACTG_013,176
CCCATCACGGACCTGCACTG_014,15
CCCATCACGGACCTGCACTG_015,114
CCCATCACGGACCTGCACTG_016,41
CCCATCACGGACCTGCACTG_017,2
CCCATCACGGACCTGCACTG_018,68
CCCATCACGGACCTGCACTG_019,53
CCCATCACGGACCTGCACTG_020,120
CCCATCACGGACCTGCACTG_021,97
CCCATCACGGACCTGCACTG_022,196
CCCATCACGGACCTGCACTG_023,10
CCCATCACGGACCTGCACTG_024,175
TGACACGAACGTGCTTGGGT_001,147
TGACACGAACGTGCTTGGGT_002,57
TGACACGAACGTGCTTGGGT_003,116
TGACACGAACGTGCTTGGGT_004,48
TGACACGAACGTGCTTGGGT_005,188
TGACACGAACGTGCTTGGGT_006,49
CCGGGGCAGTTCAGCAACCC_001,2
CGGCGGGAGAGGAACGCCCA_001,106
CGGCGGGAGAGGAACGCCCA_002,23
CGGCGGGAGAGGAACGCCCA_003,150
CGGCGGGAGAGGAACGCCCA_004,48
CGGCGGGAGAGGAACGCCCA_005,192
CGGCGGGAGAGGAACGCCCA_006,1
CGGCGGGAGAGGAACGCCCA_007,173
CGGCGGGAGAGGAACGCCCA_008,173
CGGCGGGAGAGGAACGCCCA_009,95
CGGCGGGAGAGGAACGCCCA_010,108
CGGCGGGAGAGGAACGCCCA_011,85
CGGCGGGAGAGGAACGCCCA_012,157
CGGCGGGAGAGGAACGCCCA_013,180
CGGCGGGAGAGGAACGCCCA_014,168
CGGCGGGAGAGGAACGCCCA_015,169
CGGCGGGAGAGGAACGCCCA_016,12
CGGCGGGAGAGGAACGCCCA_017,105
CGGCGGGAGAGGAACGCCCA_018,37
CGGCGGGAGAGGAACGCCCA_019,137
CGGCGGGAGAGGAACGCCCA_020,66
CGGCGGGAGAGGAACGCCCA_021,180
TGGAACACGCTGACCCATGG_001,126
TGGAACACGCTGACCCATGG_002,44
CTCCAACCAGTTTCAGACCG_001,29
CTCCAACCAGTTTCAGACCG_002,102
CTCCAACCAGTTTCAGACCG_003,68
CTCCAACCAGTTTCAGACCG_004,94
CTCCAACCAGTTTCAGACCG_005,117
CTCCAACCAGTTTCAGACCG_006,170
CTCCAACCAGTTTCAGACCG_007,135
CCTCGGAAAAGTCCACGTCA_001,191
CCTCGGAAAAGTCCACGTCA_002,144
CCTCGGAAAAGTCCACGTCA_003,177
CCTCGGAAAAGTCCACGTCA_004,197
CCTCGGAAAAGTCCACGTCA_005,3
CCTCGGAAAAGTCCACGTCA_006,153
CCTCGGAAAAGTCCACGTCA_007,180
CCTCGGAAAAGTCCACGTCA_008,86
GGGTCGAGGACTAATAGATT_001,174
GGGTCGAGGACTAATAGATT_002,48
GGGTCGAGGACTAATAGATT_003,173
GGGTCGAGGACTAATAGATT_004,27
GGGTCGAGGACTAATAGATT_005,40
GGGTCGAGGACTAATAGATT_006,66
GGTTCTCCGGAATGGCACAA_001,49
GGTTCTCCGGAATGGCACAA_002,101
GGTTCTCCGGAATGGCACAA_003,177
GGTTCTCCGGAATGGCACAA_004,106
GGTTCTCCGGAATGGCACAA_005,106
GGTTCTCCGGAATGGCACAA_006,28
GGTTCTCCGGAATGGCACAA_007,178
GGTTCTCCGGAATGGCACAA_008,68
GGTTCTCCGGAATGGCACAA_009,96
GGTTCTCCGGAATGGCACAA_010,41
CTCAGGCAGGCATTTCTCTG_001,173
CTCAGGCAGGCATTTCTCTG_002,120
CTCAGGCAGGCATTTCTCTG_003,116
CTCAGGCAGGCATTTCTCTG_004,194
CTCAGGCAGGCATTTCTCTG_005,137
CTCAGGCAGGCATTTCTCTG_006,109
CTCAGGCAGGCATTTCTCTG_007,64
CTCAGGCAGGCATTTCTCTG_008,184
CTCAGGCAGGCATTTCTCTG_009,55
CTCAGGCAGGCATTTCTCTG_010,105
CTCAGGCAGGCATTTCTCTG_011,185
CTCAGGCAGGCATTTCTCTG_012,41
CTCAGGCAGGCATTTCTCTG_013,52
GGATTCAGGAGCAGGAAGAG_001,17
GGATTCAGGAGCAGGAAGAG_002,102
GGATTCAGGAGCAGGAAGAG_003,196
GGATTCAGGAGCAGGAAGAG_004,116
AGGCTTACACTACTACCACC_001,88
AGGCTTACACTACTACCACC_002,144
AGGCTTACACTACTACCACC_003,2
AGGCTTACACTACTACCACC_004,196
AGGCTTACACTACTACCACC_005,86
AGGCTTACACTACTACCACC_006,41
AGGCTTACACTACTACCACC_007,178
AGGCTTACACTACTACCACC_008,178
AGGCTTACACTACTACCACC_009,97
GAAAGACCACCCCCACAAGG_001,91
GAAAGACCACCCCCACAAGG_002,145
GAAAGACCACCCCCACAAGG_003,88
GAAAGACCACCCCCACAAGG_004,84
GAAAGACCACCCCCACAAGG_005,141
GAAAGACCACCCCCACAAGG_006,134
GAAAGACCACCCCCACAAGG_007,171
GAAAGACCACCCCCACAAGG_008,192
GAAAGACCACCCCCACAAGG_009,163
GAAAGACCACCCCCACAAGG_010,154
GAAAGACCACCCCCACAAGG_011,84
GAAAGACCACCCCCACAAGG_012,178
GAAAGACCACCCCCACAAGG_013,38
GAAAGACCACCCCCACAAGG_014,16
GAAAGACCACCCCCACAAGG_015,197
GAAAGACCACCCCCACAAGG_016,135
GAAAGACCACCCCCACAAGG_017,88
GAAAGACCACCCCCACAAGG_018,137
GAAAGACCACCCCCACAAGG_019,94
GAAAGACCACCCCCACAAGG_020,187
GAAAGACCACCCCCACAAGG_021,23
GAAAGACCACCCCCACAAGG_022,168
GAAAGACCACCCCCACAAGG_023,8
GAAAGACCACCCCCACAAGG_024,17
GAAAGACCACCCCCACAAGG_025,87
GAAAGACCACCCCCACAAGG_026,76
GAAAGACCACCCCCACAAGG_027,141
GAAAGACCACCCCCACAAGG_028,177
GAAAGACCACCCCCACAAGG_029,28
GAAAGACCACCCCCACAAGG_030,91
GAAAGACCACCCCCACAAGG_031,50
GAAAGACCACCCCCACAAGG_032,165
GAAAGACCACCCCCACAAGG_033,13
GAAAGACCACCCCCACAAGG_034,119
GAAAGACCACCCCCACAAGG_035,34
GAAAGACCACCCCCACAAGG_036,150
GAAAGACCACCCCCACAAGG_037,119
GAAAGACCACCCCCACAAGG_038,174
GAAAGACCACCCCCACAAGG_039,137
GAAAGACCACCCCCACAAGG_040,86
GAAAGACCACCCCCACAAGG_041,69
GAAAGACCACCCCCACAAGG_042,10
GAAAGACCACCCCCACAAGG_043,77
GAAAGACCACCCCCACAAGG_044,15
GAAAGACCACCCCCACAAGG_045,57
GAAAGACCACCCCCACAAGG_046,148
GAAAGACCACCCCCACAAGG_047,128
GAAAGACCACCCCCACAAGG_048,138
GAAAGACCACCCCCACAAGG_049,105
GAAAGACCACCCCCACAAGG_050,40
GAAAGACCACCCCCACAAGG_051,168
GAAAGACCACCCCCACAAGG_052,197
GAAAGACCACCCCCACAAGG_053,184
GAAAGACCACCCCCACAAGG_054,6
GAAAGACCACCCCCACAAGG_055,152
GAAAGACCACCCCCACAAGG_056,34
GAAAGACCACCCCCACAAGG_057,46
GAAAGACCACCCCCACAAGG_058,28
GAAAGACCACCCCCACAAGG_059,37
GAAAGACCACCCCCACAAGG_060,90
GAAAGACCACCCCCACAAGG_061,3
GAAAGACCACCCCCACAAGG_062,181
GAAAGACCACCCCCACAAGG_063,168
GAAAGACCACCCCCACAAGG_064,69
GAAAGACCACCCCCACAAGG_065,39
GAAAGACCACCCCCACAAGG_066,99
GAAAGACCACCCCCACAAGG_067,86
GAAAGACCACCCCCACAAGG_068,2
GAAAGACCACCCCCACAAGG_069,103
GAAAGACCACCCCCACAAGG_070,71
GAAAGACCACCCCCACAAGG_071,191
GGACCTATGAGGCTTTATGT_001,114
GGACCTATGAGGCTTTATGT_002,153
GGGAGTAATTACCAAACTCA_001,0
GGGAGTAATTACCAAACTCA_002,110
GACAGCTACTACGTGGACGT_001,69
GACAGCTACTACGTGGACGT_002,198
GACAGCTACTACGTGGACGT_003,190
GACAGCTACTACGTGGACGT_004,48
GACAGCTACTACGTGGACGT_005,193
GACAGCTACTACGTGGACGT_006,103
GATGCAGAGTCCATCCACGC_001,51
GATGCAGAGTCCATCCACGC_002,192
GATGCAGAGTCCATCCACGC_003,1
GATGCAGAGTCCATCCACGC_004,155
GATGCAGAGTCCATCCACGC_005,23
GATGCAGAGTCCATCCACGC_006,198
GATGCAGAGTCCATCCACGC_007,190
GATGCAGAGTCCATCCACGC_008,176
GATGCAGAGTCCATCCACGC_009,145
GATGCAGAGTCCATCCACGC_010,169
GATGCAGAGTCCATCCACGC_011,99
GATGCAGAGTCCATCCACGC_012,61
GATGCAGAGTCCATCCACGC_013,16
GATGCAGAGTCCATCCACGC_014,44
GATGCAGAGTCCATCCACGC_015,172
GATGCAGAGTCCATCCACGC_016,197
GATGCAGAGTCCATCCACGC_017,39
GATGCAGAGTCCATCCACGC_018,173
GATGCAGAGTCCATCCACGC_019,92
CAACCCAGACAAGGTGTGGT_001,60
CAACCCAGACAAGGTGTGGT_002,169
CAACCCAGACAAGGTGTGGT_003,74
CAACCCAGACAAGGTGTGGT_004,88
CAACCCAGACAAGGTGTGGT_005,142
CAACCCAGACAAGGTGTGGT_006,106
CAACCCAGACAAGGTGTGGT_007,26
CAACCCAGACAAGGTGTGGT_008,169
CAACCCAGACAAGGTGTGGT_009,134
CAACCCAGACAAGGTGTGGT_010,49
CAACCCAGACAAGGTGTGGT_011,118
ATCATCTACAGTCAGTTCCG_001,149
ATCATCTACAGTCAGTTCCG_002,113
ATCATCTACAGTCAGTTCCG_003,121
ATCATCTACAGTCAGTTCCG_004,174
ATCATCTACAGTCAGTTCCG_005,107
ATCATCTACAGTCAGTTCCG_006,105
ATCATCTACAGTCAGTTCCG_007,166
ATCATCTACAGTCAGTTCCG_008,139
ATCATCTACAGTCAGTTCCG_009,185
ATCATCTACAGTCAGTTCCG_010,174
ATCATCTACAGTCAGTTCCG_011,148
ATCATCTACAGTCAGTTCCG_012,40
ATCATCTACAGTCAGTTCCG_013,77
ATCATCTACAGTCAGTTCCG_014,150
ATCATCTACAGTCAGTTCCG_015,78
ATCATCTACAGTCAGTTCCG_016,150
ATCATCTACAGTCAGTTCCG_017,74
ATCATCTACAGTCAGTTCCG_018,65
ATCATCTACAGTCAGTTCCG_019,77
ATCATCTACAGTCAGTTCCG_020,123
ATCATCTACAGTCAGTTCCG_021,10
ATCATCTACAGTCAGTTCCG_022,186
ATCATCTACAGTCAGTTCCG_023,122
AAAAATTAAGAAAGCAACGG_001,57
AAAAATTAAGAAAGCAACGG_002,182
AAAAATTAAGAAAGCAACGG_003,59
AGTGCTCGATGTGACAACTC_001,5
AGTGCTCGATGTGACAACTC_002,70
AGTGCTCGATGTGACAACTC_003,127
AGTGCTCGATGTGACAACTC_004,137
AGTGCTCGATGTGACAACTC_005,110
AGTGCTCGATGTGACAACTC_006,101
AGTGCTCGATGTGACAACTC_007,185
AGTGCTCGATGTGACAACTC_008,96
AGTGCTCGATGTGACAACTC_009,195
AGTGCTCGATGTGACAACTC_010,1
AGTGCTCGATGTGACAACTC_011,40
AGTGCTCGATGTGACAACTC_012,114
AGTGCTCGATGTGACAACTC_013,126
AGTGCTCGATGTGACAACTC_014,153
AGTGCTCGATGTGACAACTC_015,124
CGCCCGCATCACGAACTCGG_001,76
CGCCCGCATCACGAACTCGG_002,0
CGCCCGCATCACGAACTCGG_003,17
CGCCCGCATCACGAACTCGG_004,185
CGCCCGCATCACGAACTCGG_005,131
CGCCCGCATCACGAACTCGG_006,80
CGCCCGCATCACGAACTCGG_007,88
CGCCCGCATCACGAACTCGG_008,66
CGCCCGCATCACGAACTCGG_009,30
CGCCCGCATCACGAACTCGG_010,58
CGCCCGCATCACGAACTCGG_011,31
CGCCCGCATCACGAACTCGG_012,141
CGCCCGCATCACGAACTCGG_013,29
CGCCCGCATCACGAACTCGG_014,134
CGCCCGCATCACGAACTCGG_015,19
CGCCCGCATCACGAACTCGG_016,15
CGCCCGCATCACGAACTCGG_017,30
CGCCCGCATCACGAACTCGG_018,28
CGCCCGCATCACGAACTCGG_019,40
TCCATGAGGACATATCCGCA_001,62
TCCATGAGGACATATCCGCA_002,50
TCCATGAGGACATATCCGCA_003,53
TCCATGAGGACATATCCGCA_004,136
TCCATGAGGACATATCCGCA_005,119
TCCATGAGGACATATCCGCA_006,70
TCCATGAGGACATATCCGCA_007,154
ACATAGTGTAGTGATGTCTG_001,29
ACATAGTGTAGTGATGTCTG_002,160
ACATAGTGTAGTGATGTCTG_003,47
ACATAGTGTAGTGATGTCTG_004,12
ACATAGTGTAGTGATGTCTG_005,43
ACATAGTGTAGTGATGTCTG_006,107
ACATAGTGTAGTGATGTCTG_007,170
ACATAGTGTAGTGATGTCTG_008,183
ACATAGTGTAGTGATGTCTG_009,17
ACATAGTGTAGTGATGTCTG_010,94
GTTCCACTCAGAGCAGAAGA_001,105
GTTCCACTCAGAGCAGAAGA_002,82
GTTCCACTCAGAGCAGAAGA_003,169
CATCTCCTACTAAGCCTCTG_001,183
CATCTCCTACTAAGCCTCTG_002,75
CATCTCCTACTAAGCCTCTG_003,83
ACTTACGTCATCAGGTTATG_001,106
ACTTACGTCATCAGGTTATG_002,4
ACTTACGTCATCAGGTTATG_003,23
GGGGACGGAAAATATAGTCG_001,145
AGACTATGAGAAGATACAGG_001,149
AGACTATGAGAAGATACAGG_002,44
AGACTATGAGAAGATACAGG_003,118
AGACTATGAGAAGATACAGG_004,29
AGACTATGAGAAGATACAGG_005,181
AGGGAAATGAGGGCCCACCA_001,42
AGGGAAATGAGGGCCCACCA_002,172
AGGGAAATGAGGGCCCACCA_003,154
AGGGAAATGAGGGCCCACCA_004,145
AGGGAAATGAGGGCCCACCA_005,166
AGGGAAATGAGGGCCCACCA_006,169
AGGGAAATGAGGGCCCACCA_007,62
AGGGAAATGAGGGCCCACCA_008,62
AGGGAAATGAGGGCCCACCA_009,81
AGGGAAATGAGGGCCCACCA_010,37
AGGGAAATGAGGGCCCACCA_011,69
AGGGAAATGAGGGCCCACCA_012,29
AGGGAAATGAGGGCCCACCA_013,48
AGGGAAATGAGGGCCCACCA_014,60
AGGGAAATGAGGGCCCACCA_015,155
AGGGAAATGAGGGCCCACCA_016,11
AGGGAAATGAGGGCCCACCA_017,101
AGGGAAATGAGGGCCCACCA_018,32
AGGGAAATGAGGGCCCACCA_019,70
AGGGAAATGAGGGCCCACCA_020,51
AGGGAAATGAGGGCCCACCA_021,2
AGGGAAATGAGGGCCCACCA_022,78
AGGGAAATGAGGGCCCACCA_023,114
AGGGAAATGAGGGCCCACCA_024,102
CAGCCCGCTGACACGACCGT_001,16
CAGCCCGCTGACACGACCGT_002,184
CAGCCCGCTGACACGACCGT_003,149
CAGCCCGCTGACACGACCGT_004,60
CAGCCCGCTGACACGACCGT_005,177
CAGCCCGCTGACACGACCGT_006,33
CAGCCCGCTGACACGACCGT_007,115
CAGCCCGCTGACACGACCGT_008,88
CAGCCCGCTGACACGACCGT_009,50
CAGCCCGCTGACACGACCGT_010,65
CAGCCCGCTGACACGACCGT_011,86
CAGCCCGCTGACACGACCGT_012,76
AGGAGACCAACCTCGCACAG_001,47
AGGAGACCAACCTCGCACAG_002,170
AGGAGACCAACCTCGCACAG_003,133
AGGAGACCAACCTCGCACAG_004,188
AGGAGACCAACCTCGCACAG_005,172
AGGAGACCAACCTCGCACAG_006,141
AGGAGACCAACCTCGCACAG_007,60
AGGAGACCAACCTCGCACAG_008,74
AGGAGACCAACCTCGCACAG_009,105
AGGAGACCAACCTCGCACAG_010,73
AGGAGACCAACCTCGCACAG_011,81
AGGAGACCAACCTCGCACAG_012,12
AGGAGACCAACCTCGCACAG_013,78
AGGAGACCAACCTCGCACAG_014,20
AGGAGACCAACCTCGCACAG_015,150
AGGAGACCAACCTCGCACAG_016,124
AGGAGACCAACCTCGCACAG_017,46
AGGAGACCAACCTCGCACAG_018,52
AGGAGACCAACCTCGCACAG_019,199
AGGAGACCAACCTCGCACAG_020,41
AGGAGACCAACCTCGCACAG_021,13
AGGAGACCAACCTCGCACAG_022,46
AGGAGACCAACCTCGCACAG_023,2
AGGAGACCAACCTCGCACAG_024,67
AGGAGACCAACCTCGCACAG_025,15
AGGAGACCAACCTCGCACAG_026,144
CCCCGGATGCCCGACCACCG_001,15
CCCCGGATGCCCGACCACCG_002,49
CCCCGGATGCCCGACCACCG_003,42
CCCCGGATGCCCGACCACCG_004,15
CCCCGGATGCCCGACCACCG_005,155
TGGCAACTTAGACAGCCCCA_001,154
TGGCAACTTAGACAGCCCCA_002,39
TGGCAACTTAGACAGCCCCA_003,94
TGGCAACTTAGACAGCCCCA_004,182
TGGCAACTTAGACAGCCCCA_005,166
TGGCAACTTAGACAGCCCCA_006,124
TGGCAACTTAGACAGCCCCA_007,141
TGCCTATCTGATAAACACCT_001,72
TGCCTATCTGATAAACACCT_002,150
TGCCTATCTGATAAACACCT_003,43
AGAATCCTTACCTTCATAAG_001,43
CATTGCGGCCTGTCACAAAG_001,93
CATTGCGGCCTGTCACAAAG_002,93
CATTGCGGCCTGTCACAAAG_003,61
CATTGCGGCCTGTCACAAAG_004,185
CATTGCGGCCTGTCACAAAG_005,6
CATTGCGGCCTGTCACAAAG_006,147
CATTGCGGCCTGTCACAAAG_007,191
CATTGCGGCCTGTCACAAAG_008,46
CATTGCGGCCTGTCACAAAG_009,108
CATTGCGGCCTGTCACAAAG_010,131
GATTCCACTTCAGTAATGGG_001,191
TGTGCTTACCGTGTGAAAGA_001,166
TGTGCTTACCGTGTGAAAGA_002,34
CATTTATTACAGGGACTGGA_001,198
CATTTATTACAGGGACTGGA_002,108
CATTTATTACAGGGACTGGA_003,115
CATTTATTACAGGGACTGGA_004,56
CATTTATTACAGGGACTGGA_005,29
GCCCAGCGCACAGTTAGCAA_001,139
GCCCAGCGCACAGTTAGCAA_002,53
GCCCAGCGCACAGTTAGCAA_003,43
GCCCAGCGCACAGTTAGCAA_004,13
GCCCAGCGCACAGTTAGCAA_005,30
GCCCAGCGCACAGTTAGCAA_006,157
GCTACCTGTTCGTGTACAGG_001,199
GCTACCTGTTCGTGTACAGG_002,130
GCTACCTGTTCGTGTACAGG_003,115
GCTACCTGTTCGTGTACAGG_004,191
GCTACCTGTTCGTGTACAGG_005,41
GCTACCTGTTCGTGTACAGG_006,28
GCTACCTGTTCGTGTACAGG_007,178
GCTACCTGTTCGTGTACAGG_008,47
AGAAGTCATTGAAATGTACG_001,150
AGAAGTCATTGAAATGTACG_002,58
AGAAGTCATTGAAATGTACG_003,147
AGAAGTCATTGAAATGTACG_004,116
AGAAGTCATTGAAATGTACG_005,118
CAGAAGAGAGATGTCTACCT_001,35
CAGAAGAGAGATGTCTACCT_002,29
CAGAAGAGAGATGTCTACCT_003,111
CAGAAGAGAGATGTCTACCT_004,41
GGATCAGGAGACCTGTTCAG_001,78
GGATCAGGAGACCTGTTCAG_002,16
GGATCAGGAGACCTGTTCAG_003,57
GGATCAGGAGACCTGTTCAG_004,102
GGATCAGGAGACCTGTTCAG_005,98
GGATCAGGAGACCTGTTCAG_006,12
GGATCAGGAGACCTGTTCAG_007,19
GGATCAGGAGACCTGTTCAG_008,88
GGATCAGGAGACCTGTTCAG_009,107
GGATCAGGAGACCTGTTCAG_010,149
GGATCAGGAGACCTGTTCAG_011,68
GGATCAGGAGACCTGTTCAG_012,34
TGGCAAGAGTCGGCACAATG_001,50
TGGCAAGAGTCGGCACAATG_002,69
TGGCAAGAGTCGGCACAATG_003,150
TGGCAAGAGTCGGCACAATG_004,163
TGGCAAGAGTCGGCACAATG_005,58
TGGCAAGAGTCGGCACAATG_006,192
TGGCAAGAGTCGGCACAATG_007,174
TGGCAAGAGTCGGCACAATG_008,94
TGGCAAGAGTCGGCACAATG_009,108
TGGCAAGAGTCGGCACAATG_010,160
TGGCAAGAGTCGGCACAATG_011,174
TGGCAAGAGTCGGCACAATG_012,62
TGGCAAGAGTCGGCACAATG_013,60
TGGCAAGAGTCGGCACAATG_014,0
TGGCAAGAGTCGGCACAATG_015,2
TGGCAAGAGTCGGCACAATG_016,161
TGGCAAGAGTCGGCACAATG_017,67
TTTGCTCTCAAGTCCATCTG_001,49
TTTGCTCTCAAGTCCATCTG_002,93
TTTGCTCTCAAGTCCATCTG_003,34
TTTGCTCTCAAGTCCATCTG_004,169
TTTGCTCTCAAGTCCATCTG_005,184
TTTGCTCTCAAGTCCATCTG_006,113
TTTGCTCTCAAGTCCATCTG_007,22
TTTGCTCTCAAGTCCATCTG_008,104
TTTGCTCTCAAGTCCATCTG_009,143
TTTGCTCTCAAGTCCATCTG_010,58
TTTGCTCTCAAGTCCATCTG_011,13
TTTGCTCTCAAGTCCATCTG_012,41
TTTGCTCTCAAGTCCATCTG_013,176
TTTGCTCTCAAGTCCATCTG_014,70
TTTGCTCTCAAGTCCATCTG_015,170
TTTGCTCTCAAGTCCATCTG_016,113
TTTGCTCTCAAGTCCATCTG_017,1
TTTGCTCTCAAGTCCATCTG_018,189
CACAGCTGTAATGATACTGT_001,118
CACAGCTGTAATGATACTGT_002,28
TTGAAAATACCAATAGCTTG_001,137
AGCCTATTGCAGTCCCACGG_001,118
AGCCTATTGCAGTCCCACGG_002,43
AGCCTATTGCAGTCCCACGG_003,27
AGCCTATTGCAGTCCCACGG_004,27
AGCCTATTGCAGTCCCACGG_005,62
AGCCTATTGCAGTCCCACGG_006,137
AGCCTATTGCAGTCCCACGG_007,99
AGCCTATTGCAGTCCCACGG_008,22
AGCCTATTGCAGTCCCACGG_009,99
AGCCTATTGCAGTCCCACGG_010,8
AGCCTATTGCAGTCCCACGG_011,178
AGCCTATTGCAGTCCCACGG_012,153
AGCCTATTGCAGTCCCACGG_013,160
AGCCTATTGCAGTCCCACGG_014,156
AGCCTATTGCAGTCCCACGG_015,42
AGCCTATTGCAGTCCCACGG_016,122
AGCCTATTGCAGTCCCACGG_017,103
AGCCTATTGCAGTCCCACGG_018,178
AGCCTATTGCAGTCCCACGG_019,94
AGCCTATTGCAGTCCCACGG_020,73
AGCCTATTGCAGTCCCACGG_021,127
AGCCTATTGCAGTCCCACGG_022,144
AGCCTATTGCAGTCCCACGG_023,120
AGCCTATTGCAGTCCCACGG_024,58
AGCCTATTGCAGTCCCACGG_025,137
GCTGAAGCATGGAAGGCACG_001,121
GCTGAAGCATGGAAGGCACG_002,116
GCTGAAGCATGGAAGGCACG_003,57
GCTGAAGCATGGAAGGCACG_004,147
GCTGAAGCATGGAAGGCACG_005,58
GCTGAAGCATGGAAGGCACG_006,157
CGCCCCCAGCTATCGCACGC_001,165
CGCCCCCAGCTATCGCACGC_002,70
CGCCCCCAGCTATCGCACGC_003,58
CGCCCCCAGCTATCGCACGC_004,5
GCGACTACAAGATTAACACT_001,118
GCGACTACAAGATTAACACT_002,65
GGCCAAGTCTCCAACGAAGG_001,191
GGCCAAGTCTCCAACGAAGG_002,9
GGCCAAGTCTCCAACGAAGG_003,137
GGCCAAGTCTCCAACGAAGG_004,12
GGCCAAGTCTCCAACGAAGG_005,151
GGCCAAGTCTCCAACGAAGG_006,174
GGCCAAGTCTCCAACGAAGG_007,49
GGCCAAGTCTCCAACGAAGG_008,172
TCAGGATAGGTGGCGTTGTG_001,104
TCAGGATAGGTGGCGTTGTG_002,136
TCAGGATAGGTGGCGTTGTG_003,68
TCAGGATAGGTGGCGTTGTG_004,146
CAAATGTGCGCAGACTGTGA_001,63
CAAATGTGCGCAGACTGTGA_002,12
CAAATGTGCGCAGACTGTGA_003,48
CGCCGCCCGCCCGACCTCAA_001,174
CGCCGCCCGCCCGACCTCAA_002,23
CGCCGCCCGCCCGACCTCAA_003,14
CGCCGCCCGCCCGACCTCAA_004,10
CGCCGCCCGCCCGACCTCAA_005,69
CGCCGCCCGCCCGACCTCAA_006,43
CGCCGCCCGCCCGACCTCAA_007,149
CGCCGCCCGCCCGACCTCAA_008,78
CGCCGCCCGCCCGACCTCAA_009,152
CGCCGCCCGCCCGACCTCAA_010,142
CGCCGCCCGCCCGACCTCAA_011,136
CGCCGCCCGCCCGACCTCAA_012,107
CGCCGCCCGCCCGACCTCAA_013,161
CGCCGCCCGCCCGACCTCAA_014,127
CGCCGCCCGCCCGACCTCAA_015,167
CGCCGCCCGCCCGACCTCAA_016,167
CGCCGCCCGCCCGACCTCAA_017,154
CGCCGCCCGCCCGACCTCAA_018,58
CGCCGCCCGCCCGACCTCAA_019,169
CGCCGCCCGCCCGACCTCAA_020,145
CGCCGCCCGCCCGACCTCAA_021,50
CGCCGCCCGCCCGACCTCAA_022,183
CGCCGCCCGCCCGACCTCAA_023,36
CGCCGCCCGCCCGACCTCAA_024,82
CGCCGCCCGCCCGACCTCAA_025,22
CGCCGCCCGCCCGACCTCAA_026,98
CGCCGCCCGCCCGACCTCAA_027,40
CGCCGCCCGCCCGACCTCAA_028,158
CGCCGCCCGCCCGACCTCAA_029,68
CGCCGCCCGCCCGACCTCAA_030,38
CGCCGCCCGCCCGACCTCAA_031,141
CGCCGCCCGCCCGACCTCAA_032,58
CGCCGCCCGCCCGACCTCAA_033,26
CGCCGCCCGCCCGACCTCAA_034,197
CGCCGCCCGCCCGACCTCAA_035,9
CGCCGCCCGCCCGACCTCAA_036,16
CGCCGCCCGCCCGACCTCAA_037,108
CGCCGCCCGCCCGACCTCAA_038,16
CGCCGCCCGCCCGACCTCAA_039,141
CGCCGCCCGCCCGACCTCAA_040,120
CGCCGCCCGCCCGACCTCAA_041,13
CGCCGCCCGCCCGACCTCAA_042,127
CGCCGCCCGCCCGACCTCAA_043,36
CGCCGCCCGCCCGACCTCAA_044,104
CGCCGCCCGCCCGACCTCAA_045,172
CGCCGCCCGCCCGACCTCAA_046,179
CGCCGCCCGCCCGACCTCAA_047,97
CGCCGCCCGCCCGACCTCAA_048,14
CGCCGCCCGCCCGACCTCAA_049,2
CGCCGCCCGCCCGACCTCAA_050,139
CGCCGCCCGCCCGACCTCAA_051,124
CGCCGCCCGCCCGACCTCAA_052,145
CGCCGCCCGCCCGACCTCAA_053,107
CGCCGCCCGCCCGACCTCAA_054,148
CGCCGCCCGCCCGACCTCAA_055,17
CGCCGCCCGCCCGACCTCAA_056,130
CGCCGCCCGCCCGACCTCAA_057,191
CGCCGCCCGCCCGACCTCAA_058,147
CGCCGCCCGCCCGACCTCAA_059,137
CGCCGCCCGCCCGACCTCAA_060,98
CGCCGCCCGCCCGACCTCAA_061,96
CGCCGCCCGCCCGACCTCAA_062,191
CGCCGCCCGCCCGACCTCAA_063,195
CGCCGCCCGCCCGACCTCAA_064,77
CGCCGCCCGCCCGACCTCAA_065,168
CGCCGCCCGCCCGACCTCAA_066,183
CGCCGCCCGCCCGACCTCAA_067,123
CGCCGCCCGCCCGACCTCAA_068,23
CGCCGCCCGCCCGACCTCAA_069,149
CGCCGCCCGCCCGACCTCAA_070,172
CGCCGCCCGCCCGACCTCAA_071,192
CGCCGCCCGCCCGACCTCAA_072,141
CGCCGCCCGCCCGACCTCAA_073,160
CGCCGCCCGCCCGACCTCAA_074,155
CGCCGCCCGCCCGACCTCAA_075,165
CGCCGCCCGCCCGACCTCAA_076,162
CGCCGCCCGCCCGACCTCAA_077,110
CGCCGCCCGCCCGACCTCAA_078,108
TCGGGGTCATACTTTAGCGG_001,149
TCGGGGTCATACTTTAGCGG_002,108
TCTGACAACTGCCTGCCTAG_001,138
TCTGACAACTGCCTGCCTAG_002,170
TCTGACAACTGCCTGCCTAG_003,42
TCTGACAACTGCCTGCCTAG_004,0
TCTGACAACTGCCTGCCTAG_005,115
TCTGACAACTGCCTGCCTAG_006,184
TCTGACAACTGCCTGCCTAG_007,125
TCTGACAACTGCCTGCCTAG_008,147
TCTGACAACTGCCTGCCTAG_009,52
TCTGACAACTGCCTGCCTAG_010,149
TCTGACAACTGCCTGCCTAG_011,160
TCTGACAACTGCCTGCCTAG_012,149
GAGAACTGAAAGAACTCTAT_001,115
GAGAACTGAAAGAACTCTAT_002,194
GAGAACTGAAAGAACTCTAT_003,142
GAGAACTGAAAGAACTCTAT_004,169
GAGAACTGAAAGAACTCTAT_005,52
TGGCCATCGCCAAGACGCCG_001,145
TGGCCATCGCCAAGACGCCG_002,129
TGGCCATCGCCAAGACGCCG_003,150
TGGCCATCGCCAAGACGCCG_004,149
TGGCCATCGCCAAGACGCCG_005,127
TGGCCATCGCCAAGACGCCG_006,48
TGGCCATCGCCAAGACGCCG_007,24
TGGCCATCGCCAAGACGCCG_008,50
TGGCCATCGCCAAGACGCCG_009,172
CCCAACACAAATGGATACTG_001,48
TGCTTGATGCAGTCCACTAG_001,188
TGCTTGATGCAGTCCACTAG_002,94
TGCTTGATGCAGTCCACTAG_003,16
TGCTTGATGCAGTCCACTAG_004,53
TGCTTGATGCAGTCCACTAG_005,183
TGCTTGATGCAGTCCACTAG_006,112
TGCTTGATGCAGTCCACTAG_007,44
TGCTTGATGCAGTCCACTAG_008,92
TGCTTGATGCAGTCCACTAG_009,89
TGCTTGATGCAGTCCACTAG_010,164
TGCTTGATGCAGTCCACTAG_011,164
TGCTTGATGCAGTCCACTAG_012,57
TGCTTGATGCAGTCCACTAG_013,135
TGCTTGATGCAGTCCACTAG_014,158
TGCTTGATGCAGTCCACTAG_015,33
TGCTTGATGCAGTCCACTAG_016,110
TGCTTGATGCAGTCCACTAG_017,104
TGCTTGATGCAGTCCACTAG_018,49
TGCTTGATGCAGTCCACTAG_019,36
TGCTTGATGCAGTCCACTAG_020,97
TGCTTGATGCAGTCCACTAG_021,3
TGCTTGATGCAGTCCACTAG_022,144
TGCTTGATGCAGTCCACTAG_023,151
TGCTTGATGCAGTCCACTAG_024,142
TGCTTGATGCAGTCCACTAG_025,124
TGCTTGATGCAGTCCACTAG_026,29
ACGATGAGATGAAACGCTCA_001,115
ACGATGAGATGAAACGCTCA_002,182
ACGATGAGATGAAACGCTCA_003,110
ACGATGAGATGAAACGCTCA_004,130
ACGATGAGATGAAACGCTCA_005,103
ACGATGAGATGAAACGCTCA_006,88
ACGATGAGATGAAACGCTCA_007,69
ACGATGAGATGAAACGCTCA_008,106
ACACGTTTGAGAGTGCTCCC_001,100
AGACGTAAAAGAACACCCAG_001,65
AGACGTAAAAGAACACCCAG_002,94
AGACGTAAAAGAACACCCAG_003,116
AGACGTAAAAGAACACCCAG_004,147
AGACGTAAAAGAACACCCAG_005,191
AGACGTAAAAGAACACCCAG_006,19
AGACGTAAAAGAACACCCAG_007,133
AGACGTAAAAGAACACCCAG_008,29
AGACGTAAAAGAACACCCAG_009,103
AGACGTAAAAGAACACCCAG_010,149
AGACGTAAAAGAACACCCAG_011,30
AGACGTAAAAGAACACCCAG_012,26
AGACGTAAAAGAACACCCAG_013,97
AGACGTAAAAGAACACCCAG_014,186
AGACGTAAAAGAACACCCAG_015,62
AGACGTAAAAGAACACCCAG_016,148
AGACGTAAAAGAACACCCAG_017,52
AGACGTAAAAGAACACCCAG_018,3
AGACGTAAAAGAACACCCAG_019,1
AGACGTAAAAGAACACCCAG_020,16
AGACGTAAAAGAACACCCAG_021,175
AGACGTAAAAGAACACCCAG_022,163
AGACGTAAAAGAACACCCAG_023,8
AGACGTAAAAGAACACCCAG_024,19
AGACGTAAAAGAACACCCAG_025,122
AGACGTAAAAGAACACCCAG_026,140
AGACGTAAAAGAACACCCAG_027,151
AGACGTAAAAGAACACCCAG_028,141
AGACGTAAAAGAACACCCAG_029,151
AGACGTAAAAGAACACCCAG_030,91
AGACGTAAAAGAACACCCAG_031,80
AGACGTAAAAGAACACCCAG_032,79
AGACGTAAAAGAACACCCAG_033,0
AGACGTAAAAGAACACCCAG_034,31
AGACGTAAAAGAACACCCAG_035,105
AGACGTAAAAGAACACCCAG_036,80
AGACGTAAAAGAACACCCAG_037,66
AGACGTAAAAGAACACCCAG_038,56
AGACGTAAAAGAACACCCAG_039,34
AGACGTAAAAGAACACCCAG_040,63
ATTGCAGCGGAAAACAACCT_001,78
ATTGCAGCGGAAAACAACCT_002,103
CCAGGGCCGCGATGGCAATG_001,34
CCAGGGCCGCGATGGCAATG_002,34
CCAGGGCCGCGATGGCAATG_003,127
CCAGGGCCGCGATGGCAATG_004,113
CCAGGGCCGCGATGGCAATG_005,139
CCAGGGCCGCGATGGCAATG_006,92
CCAGGGCCGCGATGGCAATG_007,58
CCAGGGCCGCGATGGCAATG_008,43
CGCCTCCGGACCATGCCGAG_001,164
CGCCTCCGGACCATGCCGAG_002,146
CGCCTCCGGACCATGCCGAG_003,120
CGCCTCCGGACCATGCCGAG_004,102
CGCCTCCGGACCATGCCGAG_005,106
CGCCTCCGGACCATGCCGAG_006,33
CGCCTCCGGACCATGCCGAG_007,182
CGCCTCCGGACCATGCCGAG_008,103
CGCCTCCGGACCATGCCGAG_009,103
CGCCTCCGGACCATGCCGAG_010,38
CGCCTCCGGACCATGCCGAG_011,19
CGCCTCCGGACCATGCCGAG_012,147
CGCCTCCGGACCATGCCGAG_013,158
CGCCTCCGGACCATGCCGAG_014,44
CGCCTCCGGACCATGCCGAG_015,141
CGCCTCCGGACCATGCCGAG_016,9
CGCCTCCGGACCATGCCGAG_017,78
CGCCTCCGGACCATGCCGAG_018,168
GAGATCAGAAGTACGACCAA_001,103
GAGATCAGAAGTACGACCAA_002,12
GAGATCAGAAGTACGACCAA_003,188
GAGATCAGAAGTACGACCAA_004,156
GAGATCAGAAGTACGACCAA_005,60
GAGATCAGAAGTACGACCAA_006,17
GAGATCAGAAGTACGACCAA_007,142
ACGGCGCCTTCCTCGACCCG_001,59
ACGGCGCCTTCCTCGACCCG_002,126
ACGGCGCCTTCCTCGACCCG_003,178
ACGGCGCCTTCCTCGACCCG_004,96
ACGGCGCCTTCCTCGACCCG_005,92
GGTCAGCCAGAAATTCTAGC_001,28
GGTCAGCCAGAAATTCTAGC_002,154
GGTCAGCCAGAAATTCTAGC_003,171
GGTCAGCCAGAAATTCTAGC_004,31
GGTCAGCCAGAAATTCTAGC_005,81
GGTCAGCCAGAAATTCTAGC_006,58
GGTCAGCCAGAAATTCTAGC_007,174
GGTCAGCCAGAAATTCTAGC_008,162
GGTCAGCCAGAAATTCTAGC_009,94
GGTCAGCCAGAAATTCTAGC_010,54
GTGAATGGCTTTAGAGTGCG_001,199
GTGAATGGCTTTAGAGTGCG_002,194
GTGAATGGCTTTAGAGTGCG_003,44
GTGAATGGCTTTAGAGTGCG_004,149
GTGAATGGCTTTAGAGTGCG_005,74
GTGAATGGCTTTAGAGTGCG_006,119
GTGAATGGCTTTAGAGTGCG_007,86
GTGAATGGCTTTAGAGTGCG_008,138
GTGAATGGCTTTAGAGTGCG_009,18
TATTTCATGAACAACGAAGT_001,168
TATTTCATGAACAACGAAGT_002,147
CAAAGAAGGCAAGACATGGA_001,184
CAAAGAAGGCAAGACATGGA_002,186
CAAAGAAGGCAAGACATGGA_003,179
TGCCAGTACTCCTCCAGAGA_001,165
ACTGAAGCTCATGCGTCGAG_001,48
ACTGAAGCTCATGCGTCGAG_002,58
ACTGAAGCTCATGCGTCGAG_003,55
ACTGAAGCTCATGCGTCGAG_004,188
ACTGAAGCTCATGCGTCGAG_005,162
ACTGAAGCTCATGCGTCGAG_006,9
ACTGAAGCTCATGCGTCGAG_007,116
ACTGAAGCTCATGCGTCGAG_008,11
ACTGAAGCTCATGCGTCGAG_009,70
CCATAGACGGCACAGCCCAG_001,85
CCATAGACGGCACAGCCCAG_002,144
CCATAGACGGCACAGCCCAG_003,123
CCATAGACGGCACAGCCCAG_004,174
CCATAGACGGCACAGCCCAG_005,77
CCATAGACGGCACAGCCCAG_006,70
CCATAGACGGCACAGCCCAG_007,129
CCATAGACGGCACAGCCCAG_008,16
CCATAGACGGCACAGCCCAG_009,134
CCATAGACGGCACAGCCCAG_010,174
CCATAGACGGCACAGCCCAG_011,157
CCATAGACGGCACAGCCCAG_012,164
TGTGAAGGATATTGACCCGG_001,4
TGTGAAGGATATTGACCCGG_002,160
ACAAGGACAGCGTTCAGGAG_001,137
ACAAGGACAGCGTTCAGGAG_002,65
ACAAGGACAGCGTTCAGGAG_003,60
ACAAGGACAGCGTTCAGGAG_004,119
ACAAGGACAGCGTTCAGGAG_005,115
ACAAGGACAGCGTTCAGGAG_006,24
ACAAGGACAGCGTTCAGGAG_007,75
ACAAGGACAGCGTTCAGGAG_008,144
ACAAGGACAGCGTTCAGGAG_009,35
ACAAGGACAGCGTTCAGGAG_010,197
ACAAGGACAGCGTTCAGGAG_011,32
ACAAGGACAGCGTTCAGGAG_012,2
ACAAGGACAGCGTTCAGGAG_013,80
ACAAGGACAGCGTTCAGGAG_014,50
ACAAGGACAGCGTTCAGGAG_015,188
ACAAGGACAGCGTTCAGGAG_016,138
ACAAGGACAGCGTTCAGGAG_017,124
ACAAGGACAGCGTTCAGGAG_018,87
ACAAGGACAGCGTTCAGGAG_019,46
ACAAGGACAGCGTTCAGGAG_020,49
ACAAGGACAGCGTTCAGGAG_021,40
ACAAGGACAGCGTTCAGGAG_022,166
ACAAGGACAGCGTTCAGGAG_023,20
ACAAGGACAGCGTTCAGGAG_024,3
TGGGCACGTACCTTTCCTCG_001,40
TGGGCACGTACCTTTCCTCG_002,92
TGGGCACGTACCTTTCCTCG_003,106
TGGGCACGTACCTTTCCTCG_004,1
TGGGCACGTACCTTTCCTCG_005,168
TGGGCACGTACCTTTCCTCG_006,150
GAAACTACCACAATCCTGCT_001,38
GAAACTACCACAATCCTGCT_002,54
GAAACTACCACAATCCTGCT_003,100
GAAACTACCACAATCCTGCT_004,3
GAAACTACCACAATCCTGCT_005,63
GCTAATACTTGTAACCGTGT_001,82
GCTAATACTTGTAACCGTGT_002,78
TTCACCGAACCCGTCTGCCG_001,48
TTCACCGAACCCGTCTGCCG_002,40
TTCACCGAACCCGTCTGCCG_003,4
TTCACCGAACCCGTCTGCCG_004,30
TTCACCGAACCCGTCTGCCG_005,121
TTCACCGAACCCGTCTGCCG_006,48
TTCACCGAACCCGTCTGCCG_007,1
TTCACCGAACCCGTCTGCCG_008,49
TTCACCGAACCCGTCTGCCG_009,15
TTCACCGAACCCGTCTGCCG_010,133
TTCACCGAACCCGTCTGCCG_011,17
TTCACCGAACCCGTCTGCCG_012,52
TTCACCGAACCCGTCTGCCG_013,153
CCTTTGCCCTCACGGAAGGG_001,175
CCTTTGCCCTCACGGAAGGG_002,184
CCTTTGCCCTCACGGAAGGG_003,116
CCTTTGCCCTCACGGAAGGG_004,129
CCTTTGCCCTCACGGAAGGG_005,8
CCTTTGCCCTCACGGAAGGG_006,157
CCTTTGCCCTCACGGAAGGG_007,17
CCTTTGCCCTCACGGAAGGG_008,75
GGATTACCAGAGAAGATAGT_001,169
TGATCTCACAGAATACCCAG_001,15
TGATCTCACAGAATACCCAG_002,40
TGATCTCACAGAATACCCAG_003,190
TGATCTCACAGAATACCCAG_004,169
TGATCTCACAGAATACCCAG_005,94
TGATCTCACAGAATACCCAG_006,21
AGAGGGACGGGATCACACAG_001,77
AGAGGGACGGGATCACACAG_002,3
AGAGGGACGGGATCACACAG_003,85
AGAGGGACGGGATCACACAG_004,121
AGAGGGACGGGATCACACAG_005,41
AGAGGGACGGGATCACACAG_006,151
AGAGGGACGGGATCACACAG_007,184
AGAGGGACGGGATCACACAG_008,55
AGAGGGACGGGATCACACAG_009,29
AGAGGGACGGGATCACACAG_010,148
AGAGGGACGGGATCACACAG_011,156
AGAGGGACGGGATCACACAG_012,113
AGAGGGACGGGATCACACAG_013,82
AGAGGGACGGGATCACACAG_014,151
AGAGGGACGGGATCACACAG_015,60
TTCAACGACCCCGTCCATGG_001,34
TTCAACGACCCCGTCCATGG_002,141
TTCAACGACCCCGTCCATGG_003,2
TTCAACGACCCCGTCCATGG_004,29
TTCAACGACCCCGTCCATGG_005,149
TTCAACGACCCCGTCCATGG_006,3
TTCAACGACCCCGTCCATGG_007,56
TTCAACGACCCCGTCCATGG_008,136
ACATGTAGCGCAACACAGCG_001,158
ACATGTAGCGCAACACAGCG_002,107
ACATGTAGCGCAACACAGCG_003,13
ACATGTAGCGCAACACAGCG_004,15
ACATGTAGCGCAACACAGCG_005,0
ACATGTAGCGCAACACAGCG_006,50
ACATGTAGCGCAACACAGCG_007,17
ACATGTAGCGCAACACAGCG_008,58
ACATGTAGCGCAACACAGCG_009,41
ACATGTAGCGCAACACAGCG_010,172
ACATGTAGCGCAACACAGCG_011,100
ACATGTAGCGCAACACAGCG_012,97
ACATGTAGCGCAACACAGCG_013,198
ACATGTAGCGCAACACAGCG_014,169
ACATGTAGCGCAACACAGCG_015,198
ACATGTAGCGCAACACAGCG_016,152
ACATGTAGCGCAACACAGCG_017,197
ACATGTAGCGCAACACAGCG_018,41
ACATGTAGCGCAACACAGCG_019,77
ACATGTAGCGCAACACAGCG_020,138
ACATGTAGCGCAACACAGCG_021,126
ACATGTAGCGCAACACAGCG_022,97
ACATGTAGCGCAACACAGCG_023,134
ACATGTAGCGCAACACAGCG_024,27
ACATGTAGCGCAACACAGCG_025,146
ACATGTAGCGCAACACAGCG_026,70
ACATGTAGCGCAACACAGCG_027,127
ACATGTAGCGCAACACAGCG_028,24
ACATGTAGCGCAACACAGCG_029,93
ACATGTAGCGCAACACAGCG_030,3
ACATGTAGCGCAACACAGCG_031,177
ACATGTAGCGCAACACAGCG_032,99
ACATGTAGCGCAACACAGCG_033,24
ACATGTAGCGCAACACAGCG_034,185
ACATGTAGCGCAACACAGCG_035,189
ACATGTAGCGCAACACAGCG_036,82
ACATGTAGCGCAACACAGCG_037,58
ACATGTAGCGCAACACAGCG_038,106
ACATGTAGCGCAACACAGCG_039,138
ACATGTAGCGCAACACAGCG_040,138
ACATGTAGCGCAACACAGCG_041,3
ACATGTAGCGCAACACAGCG_042,106
ACATGTAGCGCAACACAGCG_043,24
GATACCTGGAGGCTTATCTG_001,103
GATACCTGGAGGCTTATCTG_002,146
GATACCTGGAGGCTTATCTG_003,2
GATACCTGGAGGCTTATCTG_004,192
GATACCTGGAGGCTTATCTG_005,110
GATACCTGGAGGCTTATCTG_006,186
GATACCTGGAGGCTTATCTG_007,27
GATACCTGGAGGCTTATCTG_008,177
GATACCTGGAGGCTTATCTG_009,20
GATTGACTTGACACGATGAG_001,129
GATTGACTTGACACGATGAG_002,105
GATTGACTTGACACGATGAG_003,149
GATTGACTTGACACGATGAG_004,89
GATTGACTTGACACGATGAG_005,13
GATTGACTTGACACGATGAG_006,176
GATTGACTTGACACGATGAG_007,96
GATTGACTTGACACGATGAG_008,57
GATTGACTTGACACGATGAG_009,182
GATTGACTTGACACGATGAG_010,70
GATTGACTTGACACGATGAG_011,89
GATTGACTTGACACGATGAG_012,156
GATTGACTTGACACGATGAG_013,75
GATTGACTTGACACGATGAG_014,184
GATTGACTTGACACGATGAG_015,28
GATTGACTTGACACGATGAG_016,155
GATTGACTTGACACGATGAG_017,113
GATTGACTTGACACGATGAG_018,111
GATTGACTTGACACGATGAG_019,152
GATTGACTTGACACGATGAG_020,9
GATTGACTTGACACGATGAG_021,147
GATTGACTTGACACGATGAG_022,88
GATTGACTTGACACGATGAG_023,199
GATTGACTTGACACGATGAG_024,49
GATTGACTTGACACGATGAG_025,166
GATTGACTTGACACGATGAG_026,51
GATTGACTTGACACGATGAG_027,8
GATTGACTTGACACGATGAG_028,75
GATTGACTTGACACGATGAG_029,10
GATTGACTTGACACGATGAG_030,134
GATTGACTTGACACGATGAG_031,47
GATTGACTTGACACGATGAG_032,2
GATTGACTTGACACGATGAG_033,127
GATTGACTTGACACGATGAG_034,35
GATTGACTTGACACGATGAG_035,9
GATTGACTTGACACGATGAG_036,69
ATTCCCCCAAGTGAAAACTT_001,125
ATTCCCCCAAGTGAAAACTT_002,68
ATTCCCCCAAGTGAAAACTT_003,168
ATTCCCCCAAGTGAAAACTT_004,187
ATTCCCCCAAGTGAAAACTT_005,11
ATTCCCCCAAGTGAAAACTT_006,56
ATTCCCCCAAGTGAAAACTT_007,130
ATTCCCCCAAGTGAAAACTT_008,197
ATTCCCCCAAGTGAAAACTT_009,169
ATTCCCCCAAGTGAAAACTT_010,168
ATTCCCCCAAGTGAAAACTT_011,184
ATTCCCCCAAGTGAAAACTT_012,81
ATTCCCCCAAGTGAAAACTT_013,115
ATTCCCCCAAGTGAAAACTT_014,49
ATTCCCCCAAGTGAAAACTT_015,183
ATTCCCCCAAGTGAAAACTT_016,68
ATTCCCCCAAGTGAAAACTT_017,3
ATGAGTAGAAAGCAGTGCCA_001,172
ATGAGTAGAAAGCAGTGCCA_002,78
ATGAGTAGAAAGCAGTGCCA_003,112
ATGAGTAGAAAGCAGTGCCA_004,127
ATGAGTAGAAAGCAGTGCCA_005,83
ATGAGTAGAAAGCAGTGCCA_006,149
ATGAGTAGAAAGCAGTGCCA_007,65
ATGAGTAGAAAGCAGTGCCA_008,186
ATGAGTAGAAAGCAGTGCCA_009,121
ATGAGTAGAAAGCAGTGCCA_010,148
ATGAGTAGAAAGCAGTGCCA_011,105
ATGAGTAGAAAGCAGTGCCA_012,152
ATGAGTAGAAAGCAGTGCCA_013,164
ATGAGTAGAAAGCAGTGCCA_014,110
ATGAGTAGAAAGCAGTGCCA_015,23
ATGAGTAGAAAGCAGTGCCA_016,66
ATGAGTAGAAAGCAGTGCCA_017,177
ATGAGTAGAAAGCAGTGCCA_018,120
ATGAGTAGAAAGCAGTGCCA_019,101
ATGAGTAGAAAGCAGTGCCA_020,92
ATGAGTAGAAAGCAGTGCCA_021,29
ATGAGTAGAAAGCAGTGCCA_022,99
ATGAGTAGAAAGCAGTGCCA_023,189
ATGAGTAGAAAGCAGTGCCA_024,162
ATGAGTAGAAAGCAGTGCCA_025,15
ATGAGTAGAAAGCAGTGCCA_026,58
ATGAGTAGAAAGCAGTGCCA_027,1
ATGAGTAGAAAGCAGTGCCA_028,72
ATGAGTAGAAAGCAGTGCCA_029,125
GGCAGGAGACCGGACTGCGT_001,133
GGCAGGAGACCGGACTGCGT_002,30
GGCAGGAGACCGGACTGCGT_003,160
GGCAGGAGACCGGACTGCGT_004,96
GGCAGGAGACCGGACTGCGT_005,24
GGCAGGAGACCGGACTGCGT_006,27
GGCAGGAGACCGGACTGCGT_007,43
GGCAGGAGACCGGACTGCGT_008,58
GGCAGGAGACCGGACTGCGT_009,36
GGCAGGAGACCGGACTGCGT_010,160
GGCAGGAGACCGGACTGCGT_011,89
GGCAGGAGACCGGACTGCGT_012,188
GCCCGGTGCTAGAGTCATAG_001,127
GCCCGGTGCTAGAGTCATAG_002,113
GCCCGGTGCTAGAGTCATAG_003,127
GCCCGGTGCTAGAGTCATAG_004,141
GCCCGGTGCTAGAGTCATAG_005,108
GCCCGGTGCTAGAGTCATAG_006,36
GCCCGGTGCTAGAGTCATAG_007,158
GCCCGGTGCTAGAGTCATAG_008,185
GCCCGGTGCTAGAGTCATAG_009,149
GCCCGGTGCTAGAGTCATAG_010,149
GCCCGGTGCTAGAGTCATAG_011,108
GCCCGGTGCTAGAGTCATAG_012,18
GATGTGGCCTGAGAATGAAA_001,68
GATGTGGCCTGAGAATGAAA_002,58
ACCTTGTACTGTAGCGTGCG_001,107
ACCTTGTACTGTAGCGTGCG_002,98
ACCTTGTACTGTAGCGTGCG_003,42
ACCTTGTACTGTAGCGTGCG_004,184
ACCTTGTACTGTAGCGTGCG_005,169
ACCTTGTACTGTAGCGTGCG_006,6
ACCTTGTACTGTAGCGTGCG_007,6
AGGCCAACCTGTGTACCCAG_001,1
AGGCCAACCTGTGTACCCAG_002,42
AGGCCAACCTGTGTACCCAG_003,73
AGGCCAACCTGTGTACCCAG_004,177
AGGCCAACCTGTGTACCCAG_005,156
AGGCCAACCTGTGTACCCAG_006,164
AGGCCAACCTGTGTACCCAG_007,157
GAGCTGTGCTGATGTCGTTG_001,47
GAGCTGTGCTGATGTCGTTG_002,70
TCTTCGGACGGCCTAGGCGT_001,78
TCTTCGGACGGCCTAGGCGT_002,96
TCTTCGGACGGCCTAGGCGT_003,159
TCTTCGGACGGCCTAGGCGT_004,54
TCTTCGGACGGCCTAGGCGT_005,19
TCTTCGGACGGCCTAGGCGT_006,62
TCTTCGGACGGCCTAGGCGT_007,177
TCTTCGGACGGCCTAGGCGT_008,82
TCTTCGGACGGCCTAGGCGT_009,154
TCTTCGGACGGCCTAGGCGT_010,90
GCAACCAGCCCCAGAATGGG_001,198
GCAACCAGCCCCAGAATGGG_002,155
GCAACCAGCCCCAGAATGGG_003,50
GCAACCAGCCCCAGAATGGG_004,68
GCACCTAGATCCATAGCCCT_001,182
GCACCTAGATCCATAGCCCT_002,41
GCACCTAGATCCATAGCCCT_003,120
TGACTTGACAGAATGACCTG_001,10
TGACTTGACAGAATGACCTG_002,7
TGACTTGACAGAATGACCTG_003,8
TGACTTGACAGAATGACCTG_004,150
TGACTTGACAGAATGACCTG_005,107
TGACTTGACAGAATGACCTG_006,176
TGACTTGACAGAATGACCTG_007,58
TGACTTGACAGAATGACCTG_008,76
TGACTTGACAGAATGACCTG_009,149
TGACTTGACAGAATGACCTG_010,138
TGACTTGACAGAATGACCTG_011,18
TCTTCAGATCTCGCCACTCA_001,62
TCTTCAGATCTCGCCACTCA_002,18
TCTTCAGATCTCGCCACTCA_003,142
AAATTACAATGAAGGACCCA_001,102
AAATTACAATGAAGGACCCA_002,188
AAATTACAATGAAGGACCCA_003,34
AAATTACAATGAAGGACCCA_004,29
AAATTACAATGAAGGACCCA_005,153
AAATTACAATGAAGGACCCA_006,32
AAATTACAATGAAGGACCCA_007,160
AAATTACAATGAAGGACCCA_008,198
AAATTACAATGAAGGACCCA_009,44
AAATTACAATGAAGGACCCA_010,153
CTAGGCATCTCCGTGCGCTC_001,146
CTAGGCATCTCCGTGCGCTC_002,177
CTAGGCATCTCCGTGCGCTC_003,41
CTAGGCATCTCCGTGCGCTC_004,94
CTAGGCATCTCCGTGCGCTC_005,137
CTAGGCATCTCCGTGCGCTC_006,176
CTAGGCATCTCCGTGCGCTC_007,113
CTAGGCATCTCCGTGCGCTC_008,146
CTAGGCATCTCCGTGCGCTC_009,5
CTAGGCATCTCCGTGCGCTC_010,188
CTAGGCATCTCCGTGCGCTC_011,160
CTAGGCATCTCCGTGCGCTC_012,77
CTAGGCATCTCCGTGCGCTC_013,184
CTAGGCATCTCCGTGCGCTC_014,188
CTAGGCATCTCCGTGCGCTC_015,117
CTAGGCATCTCCGTGCGCTC_016,182
CTAGGCATCTCCGTGCGCTC_017,31
CAGATCCAAAATGCCCCTCG_001,157
CAGATCCAAAATGCCCCTCG_002,9
CAGATCCAAAATGCCCCTCG_003,179
CAGATCCAAAATGCCCCTCG_004,79
CAGATCCAAAATGCCCCTCG_005,156
CAGATCCAAAATGCCCCTCG_006,107
CAGATCCAAAATGCCCCTCG_007,30
CAGATCCAAAATGCCCCTCG_008,159
CAGATCCAAAATGCCCCTCG_009,162
CAGATCCAAAATGCCCCTCG_010,156
CAGATCCAAAATGCCCCTCG_011,56
CAGATCCAAAATGCCCCTCG_012,106
CAGATCCAAAATGCCCCTCG_013,137
CAGATCCAAAATGCCCCTCG_014,56
CAGCATTCGCCAGCTCACAA_001,17
CAGCATTCGCCAGCTCACAA_002,9
CAGCATTCGCCAGCTCACAA_003,12
CAGCATTCGCCAGCTCACAA_004,76
CAGCATTCGCCAGCTCACAA_005,187
CAGCATTCGCCAGCTCACAA_006,110
CAGCATTCGCCAGCTCACAA_007,48
CAGCATTCGCCAGCTCACAA_008,161
CAGCATTCGCCAGCTCACAA_009,161
CAGCATTCGCCAGCTCACAA_010,76
CAGCATTCGCCAGCTCACAA_011,160
CAGCATTCGCCAGCTCACAA_012,129
CAGCATTCGCCAGCTCACAA_013,177
CAGCATTCGCCAGCTCACAA_014,17
CAGCATTCGCCAGCTCACAA_015,103
CAGCATTCGCCAGCTCACAA_016,85
CAGCATTCGCCAGCTCACAA_017,47
CAGCATTCGCCAGCTCACAA_018,116
CAGCATTCGCCAGCTCACAA_019,15
CAGCATTCGCCAGCTCACAA_020,40
CAGCATTCGCCAGCTCACAA_021,34
CAGCATTCGCCAGCTCACAA_022,34
CAGCATTCGCCAGCTCACAA_023,4
CAGCATTCGCCAGCTCACAA_024,19
CAGCATTCGCCAGCTCACAA_025,43
CAGCATTCGCCAGCTCACAA_026,75
AAATGCTTATGTTTACGAAG_001,191
AAATGCTTATGTTTACGAAG_002,127
CCTGCTAGGAATACCAGGAC_001,130
CCTGCTAGGAATACCAGGAC_002,34
CCTGCTAGGAATACCAGGAC_003,174
CCTGCTAGGAATACCAGGAC_004,1
CCTGCTAGGAATACCAGGAC_005,102
CCTGCTAGGAATACCAGGAC_006,185
ATGACTGCATTCCACTCACG_001,107
ATGACTGCATTCCACTCACG_002,44
ATGACTGCATTCCACTCACG_003,152
ATGACTGCATTCCACTCACG_004,9
ATGACTGCATTCCACTCACG_005,105
ATGACTGCATTCCACTCACG_006,77
ATGACTGCATTCCACTCACG_007,151
ATGACTGCATTCCACTCACG_008,2
ATGACTGCATTCCACTCACG_009,82
ATGACTGCATTCCACTCACG_010,64
ATGACTGCATTCCACTCACG_011,188
ATGACTGCATTCCACTCACG_012,76
ATGACTGCATTCCACTCACG_013,94
ATGACTGCATTCCACTCACG_014,162
ATGACTGCATTCCACTCACG_015,53
ATGACTGCATTCCACTCACG_016,63
ATGACTGCATTCCACTCACG_017,175
ATGACTGCATTCCACTCACG_018,67
ATGACTGCATTCCACTCACG_019,76
CAGGGACGGGCACCACGCTG_001,191
CAGGGACGGGCACCACGCTG_002,134
CAGGGACGGGCACCACGCTG_003,12
CAGGGACGGGCACCACGCTG_004,149
CAGGGACGGGCACCACGCTG_005,145
CAGGGACGGGCACCACGCTG_006,48
CAGGGACGGGCACCACGCTG_007,46
CAGGGACGGGCACCACGCTG_008,46
CAGGGACGGGCACCACGCTG_009,73
CAGGGACGGGCACCACGCTG_010,119
CAGGGACGGGCACCACGCTG_011,198
CAGGGACGGGCACCACGCTG_012,141
CAGGGACGGGCACCACGCTG_013,28
CACGACTTCTGCCTTCCCGG_001,196
CACGACTTCTGCCTTCCCGG_002,16
CACGACTTCTGCCTTCCCGG_003,133
CACGACTTCTGCCTTCCCGG_004,192
TTGGCTCCGAGTTCTTTATG_001,108
TTGGCTCCGAGTTCTTTATG_002,177
TTGGCTCCGAGTTCTTTATG_003,75
TTGGCTCCGAGTTCTTTATG_004,134
TTGGCTCCGAGTTCTTTATG_005,196
TTGGCTCCGAGTTCTTTATG_006,165
TTGGCTCCGAGTTCTTTATG_007,22
TAGGCAACTTTACTTTACTG_001,72
TAGGCAACTTTACTTTACTG_002,107
TAGGCAACTTTACTTTACTG_003,181
TAGGCAACTTTACTTTACTG_004,101
TAGGCAACTTTACTTTACTG_005,168
TAGGCAACTTTACTTTACTG_006,3
TAGGCAACTTTACTTTACTG_007,78
TAGGCAACTTTACTTTACTG_008,18
CTGTGGGCAAGAATCACGAG_001,88
CTGTGGGCAAGAATCACGAG_002,128
CTGTGGGCAAGAATCACGAG_003,113
AAGCATTGCTTCAAAGCATG_001,71
AAGCATTGCTTCAAAGCATG_002,153
AAGCATTGCTTCAAAGCATG_003,75
AAGCATTGCTTCAAAGCATG_004,8
AAGCATTGCTTCAAAGCATG_005,144
AAGCATTGCTTCAAAGCATG_006,169
AAGCATTGCTTCAAAGCATG_007,148
AAGCATTGCTTCAAAGCATG_008,35
AAGCATTGCTTCAAAGCATG_009,9
AAGCATTGCTTCAAAGCATG_010,68
AAGCATTGCTTCAAAGCATG_011,138
AAGCATTGCTTCAAAGCATG_012,142
AAGCATTGCTTCAAAGCATG_013,10
GAAACACGTTGTTCATATGA_001,68
GAAACACGTTGTTCATATGA_002,142
GAAACACGTTGTTCATATGA_003,77
GAAACACGTTGTTCATATGA_004,192
ACTTCTCCATACCTCTCTGT_001,76
ACTTCTCCATACCTCTCTGT_002,106
ACTTCTCCATACCTCTCTGT_003,7
ACTTCTCCATACCTCTCTGT_004,50
GCAGTTCACCTCTACAAACT_001,187
GCAGTTCACCTCTACAAACT_002,56
GCAGTTCACCTCTACAAACT_003,67
GCAGTTCACCTCTACAAACT_004,84
GCAGTTCACCTCTACAAACT_005,138
GCAGTTCACCTCTACAAACT_006,88
AAGACCAACTCTCAGATGAG_001,191
AAGACCAACTCTCAGATGAG_002,184
AAGACCAACTCTCAGATGAG_003,12
AAGACCAACTCTCAGATGAG_004,142
CAGCCTGAATGTCAATAACG_001,116
CAGCCTGAATGTCAATAACG_002,105
CAGCCTGAATGTCAATAACG_003,8
CAGCCTGAATGTCAATAACG_004,70
CAGCCTGAATGTCAATAACG_005,70
CAGCCTGAATGTCAATAACG_006,163
TCTGGTGGGACCCTATTCAG_001,50
TCTGGTGGGACCCTATTCAG_002,160
TCTGGTGGGACCCTATTCAG_003,82
TCTGGTGGGACCCTATTCAG_004,158
TCTGGTGGGACCCTATTCAG_005,181
TCTGGTGGGACCCTATTCAG_006,58
TCTGGTGGGACCCTATTCAG_007,174
TCTGGTGGGACCCTATTCAG_008,82
TCTGGTGGGACCCTATTCAG_009,99
TCTGGTGGGACCCTATTCAG_010,13
TTACAACCATATACAATAGA_001,22
ACCACAGATTCCATAGTGTG_001,157
ACCACAGATTCCATAGTGTG_002,104
ACCACAGATTCCATAGTGTG_003,70
ACCACAGATTCCATAGTGTG_004,138
AGACAGTGCACATCCAACGT_001,113
AGACAGTGCACATCCAACGT_002,106
AGACAGTGCACATCCAACGT_003,34
AGACAGTGCACATCCAACGT_004,198
AGACAGTGCACATCCAACGT_005,42
AGACAGTGCACATCCAACGT_006,41
AGACAGTGCACATCCAACGT_007,145
AGACAGTGCACATCCAACGT_008,189
AGACAGTGCACATCCAACGT_009,34
AGACAGTGCACATCCAACGT_010,188
AGACAGTGCACATCCAACGT_011,144
AGACAGTGCACATCCAACGT_012,141
AGACAGTGCACATCCAACGT_013,37
AGACAGTGCACATCCAACGT_014,76
AGACAGTGCACATCCAACGT_015,132
ATGTGTTTGAATATGATCGC_001,94
ATGTGTTTGAATATGATCGC_002,182
ATGTGTTTGAATATGATCGC_003,118
ATGTGTTTGAATATGATCGC_004,175
ATGTGTTTGAATATGATCGC_005,198
ATGTGTTTGAATATGATCGC_006,45
GCTCAGGAGGGACAGGATGA_001,160
GCTCAGGAGGGACAGGATGA_002,188
GCTCAGGAGGGACAGGATGA_003,125
GCTCAGGAGGGACAGGATGA_004,20
GCTCAGGAGGGACAGGATGA_005,164
GCTCAGGAGGGACAGGATGA_006,80
GCTCAGGAGGGACAGGATGA_007,170
CCTTTCCCAAGATACCCCAG_001,97
CCTTTCCCAAGATACCCCAG_002,78
CCTTTCCCAAGATACCCCAG_003,51
CCTTTCCCAAGATACCCCAG_004,112
CCTTTCCCAAGATACCCCAG_005,58
CCTTTCCCAAGATACCCCAG_006,153
CCTTTCCCAAGATACCCCAG_007,161
CCTTTCCCAAGATACCCCAG_008,3
CTCCCCTTACCTGATATAGG_001,120
ACCAGCAACACCTGAAGAAG_001,12
ACCAGCAACACCTGAAGAAG_002,68
ACCAGCAACACCTGAAGAAG_003,150
ACCAGCAACACCTGAAGAAG_004,183
ACCAGCAACACCTGAAGAAG_005,51
ACCAGCAACACCTGAAGAAG_006,177
ACCAGCAACACCTGAAGAAG_007,63
ACCAGCAACACCTGAAGAAG_008,159
ACCAGCAACACCTGAAGAAG_009,16
ACCAGCAACACCTGAAGAAG_010,22
ACCAGCAACACCTGAAGAAG_011,39
ACCAGCAACACCTGAAGAAG_012,158
ACCAGCAACACCTGAAGAAG_013,162
ACCAGCAACACCTGAAGAAG_014,16
ACCAGCAACACCTGAAGAAG_015,66
GACTCACTGATACGGCATGT_001,77
GACTCACTGATACGGCATGT_002,42
GACTCACTGATACGGCATGT_003,75
CCCGGGTCGCCGGCCAACGT_001,48
CCCGGGTCGCCGGCCAACGT_002,32
CCCGGGTCGCCGGCCAACGT_003,120
CCCGGGTCGCCGGCCAACGT_004,9
CCCGGGTCGCCGGCCAACGT_005,166
CCCGGGTCGCCGGCCAACGT_006,34
CCCGGGTCGCCGGCCAACGT_007,156
CCCGGGTCGCCGGCCAACGT_008,137
AGACATAAAGAACCTTGCTG_001,31
AGACATAAAGAACCTTGCTG_002,170
AGACATAAAGAACCTTGCTG_003,165
AGACATAAAGAACCTTGCTG_004,83
AGACATAAAGAACCTTGCTG_005,197
AGACATAAAGAACCTTGCTG_006,149
AGACATAAAGAACCTTGCTG_007,78
AGACATAAAGAACCTTGCTG_008,27
GCTACACTTACGACGCTGGG_001,105
GCTACACTTACGACGCTGGG_002,102
GCTACACTTACGACGCTGGG_003,60
GCTACACTTACGACGCTGGG_004,154
GCTACACTTACGACGCTGGG_005,94
GCTACACTTACGACGCTGGG_006,168
GCTACACTTACGACGCTGGG_007,150
GCTACACTTACGACGCTGGG_008,121
GCTACACTTACGACGCTGGG_009,49
GCTACACTTACGACGCTGGG_010,166
GCTACACTTACGACGCTGGG_011,22
GCTACACTTACGACGCTGGG_012,89
GCTACACTTACGACGCTGGG_013,80
GCTACACTTACGACGCTGGG_014,180
TGGACACCTACAGCGTGTGG_001,104
TGGACACCTACAGCGTGTGG_002,100
CAGCTCGACGCACGTCACGG_001,10
CAGCTCGACGCACGTCACGG_002,78
CAGCTCGACGCACGTCACGG_003,184
TCACCTGGGCCCAAAAAGTG_001,177
TCACCTGGGCCCAAAAAGTG_002,150
AGAGTTTGGGGAGCATTACG_001,25
AGAGTTTGGGGAGCATTACG_002,25
AGAGTTTGGGGAGCATTACG_003,188
AGAGTTTGGGGAGCATTACG_004,16
AGAGTTTGGGGAGCATTACG_005,9
AGAGTTTGGGGAGCATTACG_006,106
AGAGTTTGGGGAGCATTACG_007,35
AGAGTTTGGGGAGCATTACG_008,115
AATACACTTGTGCTAACTCG_001,140
AATACACTTGTGCTAACTCG_002,48
GGTATCCGATCCAATTGCAG_001,139
GGTATCCGATCCAATTGCAG_002,81
GGTATCCGATCCAATTGCAG_003,2
GGTATCCGATCCAATTGCAG_004,113
GGTATCCGATCCAATTGCAG_005,142
GGTATCCGATCCAATTGCAG_006,40
GGTATCCGATCCAATTGCAG_007,127
GGTATCCGATCCAATTGCAG_008,105
GGTATCCGATCCAATTGCAG_009,35
GGTATCCGATCCAATTGCAG_010,61
GGTATCCGATCCAATTGCAG_011,197
GGTATCCGATCCAATTGCAG_012,190
GGTATCCGATCCAATTGCAG_013,19
GGTATCCGATCCAATTGCAG_014,185
GGTATCCGATCCAATTGCAG_015,41
GGTATCCGATCCAATTGCAG_016,10
GGTATCCGATCCAATTGCAG_017,180
GGGTAGTGGAGCTCAGACAG_001,146
GGGTAGTGGAGCTCAGACAG_002,52
GGGTAGTGGAGCTCAGACAG_003,70
GGGTAGTGGAGCTCAGACAG_004,28
GGGTAGTGGAGCTCAGACAG_005,110
GGGTAGTGGAGCTCAGACAG_006,178
GGGTAGTGGAGCTCAGACAG_007,108
GGGTAGTGGAGCTCAGACAG_008,105
GGGTAGTGGAGCTCAGACAG_009,61
GGGTAGTGGAGCTCAGACAG_010,12
GGGTAGTGGAGCTCAGACAG_011,174
GGGTAGTGGAGCTCAGACAG_012,38
GGGTAGTGGAGCTCAGACAG_013,38
GGGTAGTGGAGCTCAGACAG_014,6
GGGTAGTGGAGCTCAGACAG_015,73
GGGTAGTGGAGCTCAGACAG_016,150
GGGTAGTGGAGCTCAGACAG_017,66
GGGTAGTGGAGCTCAGACAG_018,91
GGGTAGTGGAGCTCAGACAG_019,26
ACTGTTACAAAGTGTTCCCA_001,156
ACTGTTACAAAGTGTTCCCA_002,86
ATCTCTATACTGTCACTCGC_001,169
ATCTCTATACTGTCACTCGC_002,199
ATCTCTATACTGTCACTCGC_003,100
ATCTCTATACTGTCACTCGC_004,178
ATCTCTATACTGTCACTCGC_005,33
ATCTCTATACTGTCACTCGC_006,168
ATCTCTATACTGTCACTCGC_007,160
ATCTCTATACTGTCACTCGC_008,6
GCAAGTTAAGAGGATACACC_001,98
GCAAGTTAAGAGGATACACC_002,120
GCAAGTTAAGAGGATACACC_003,144
GCAAGTTAAGAGGATACACC_004,28
GCAAGTTAAGAGGATACACC_005,113
GCAAGTTAAGAGGATACACC_006,150
GCTGACGATCAGCTACCCTG_001,94
GCTGACGATCAGCTACCCTG_002,147
GCTGACGATCAGCTACCCTG_003,42
GCTGACGATCAGCTACCCTG_004,177
GCTGACGATCAGCTACCCTG_005,76
GCTGACGATCAGCTACCCTG_006,88
GCTGACGATCAGCTACCCTG_007,84
GCTGACGATCAGCTACCCTG_008,134
GCTGACGATCAGCTACCCTG_009,28
TCACTGTCACCTTACACGTG_001,119
TCACTGTCACCTTACACGTG_002,60
TCACTGTCACCTTACACGTG_003,70
TCACTGTCACCTTACACGTG_004,60
TCACTGTCACCTTACACGTG_005,29
TCACTGTCACCTTACACGTG_006,193
TCACTGTCACCTTACACGTG_007,60
TCACTGTCACCTTACACGTG_008,88
TCACTGTCACCTTACACGTG_009,2
TCACTGTCACCTTACACGTG_010,91
TCACTGTCACCTTACACGTG_011,33
TCACTGTCACCTTACACGTG_012,127
TCACTGTCACCTTACACGTG_013,24
TCACTGTCACCTTACACGTG_014,92
TCACTGTCACCTTACACGTG_015,172
TCACTGTCACCTTACACGTG_016,26
TCACTGTCACCTTACACGTG_017,70
TCACTGTCACCTTACACGTG_018,185
TCACTGTCACCTTACACGTG_019,50
ACGCACCAGCAAGATCACCT_001,2
ACGCACCAGCAAGATCACCT_002,162
ACGCACCAGCAAGATCACCT_003,58
ACGCACCAGCAAGATCACCT_004,78
ACGCACCAGCAAGATCACCT_005,49
ACGCACCAGCAAGATCACCT_006,26
ACGCACCAGCAAGATCACCT_007,6
ACGCACCAGCAAGATCACCT_008,84
ACGCACCAGCAAGATCACCT_009,41
ACGCACCAGCAAGATCACCT_010,165
ACGCACCAGCAAGATCACCT_011,78
ACGCACCAGCAAGATCACCT_012,37
ACGCACCAGCAAGATCACCT_013,42
ACGCACCAGCAAGATCACCT_014,144
ACGCACCAGCAAGATCACCT_015,68
ACGCACCAGCAAGATCACCT_016,92
ACGCACCAGCAAGATCACCT_017,126
ACGCACCAGCAAGATCACCT_018,198
ACGCACCAGCAAGATCACCT_019,9
ACGCACCAGCAAGATCACCT_020,69
ACGCACCAGCAAGATCACCT_021,19
ACGCACCAGCAAGATCACCT_022,42
ACGCACCAGCAAGATCACCT_023,101
ACGCACCAGCAAGATCACCT_024,117
ACGCACCAGCAAGATCACCT_025,35
ACGCACCAGCAAGATCACCT_026,156
ACGCACCAGCAAGATCACCT_027,57
ACGCACCAGCAAGATCACCT_028,168
ACGCACCAGCAAGATCACCT_029,199
ACGCACCAGCAAGATCACCT_030,138
ACGCACCAGCAAGATCACCT_031,40
ACGCACCAGCAAGATCACCT_032,147
ACGCACCAGCAAGATCACCT_033,40
CGGACACCTGCATGACTCCG_001,197
CGGACACCTGCATGACTCCG_002,121
CGGACACCTGCATGACTCCG_003,60
CGGACACCTGCATGACTCCG_004,36
CGGACACCTGCATGACTCCG_005,97
CGGACACCTGCATGACTCCG_006,14
CGGACACCTGCATGACTCCG_007,48
CGGACACCTGCATGACTCCG_008,67
CGGACACCTGCATGACTCCG_009,50
CGGACACCTGCATGACTCCG_010,158
CGGACACCTGCATGACTCCG_011,148
CGGACACCTGCATGACTCCG_012,18
CGGACACCTGCATGACTCCG_013,7
CGGACACCTGCATGACTCCG_014,77
CGGACACCTGCATGACTCCG_015,188
CGGACACCTGCATGACTCCG_016,40
GAATGTCAGTGCTTTAGACA_001,190
GAATGTCAGTGCTTTAGACA_002,158
GAATGTCAGTGCTTTAGACA_003,158
GAATGTCAGTGCTTTAGACA_004,110
GAATGTCAGTGCTTTAGACA_005,1
GAATGTCAGTGCTTTAGACA_006,55
GATCCCGGTGTACAATGCCC_001,8
ATTGTATGCGTACTCCACGA_001,157
ATTGTATGCGTACTCCACGA_002,196
ATTGTATGCGTACTCCACGA_003,137
ATTGTATGCGTACTCCACGA_004,69
CCGGTGAGGGCCTTCCCCGG_001,198
CCGGTGAGGGCCTTCCCCGG_002,120
CCGGTGAGGGCCTTCCCCGG_003,149
CCGGTGAGGGCCTTCCCCGG_004,41
CCGGTGAGGGCCTTCCCCGG_005,160
CCGGTGAGGGCCTTCCCCGG_006,169
CCGGTGAGGGCCTTCCCCGG_007,26
CCGGTGAGGGCCTTCCCCGG_008,34
CCGGTGAGGGCCTTCCCCGG_009,118
CCGGTGAGGGCCTTCCCCGG_010,86
CCGGTGAGGGCCTTCCCCGG_011,182
CCGGTGAGGGCCTTCCCCGG_012,165
CCGGTGAGGGCCTTCCCCGG_013,88
CCGGTGAGGGCCTTCCCCGG_014,62
CCGGTGAGGGCCTTCCCCGG_015,165
CCGGTGAGGGCCTTCCCCGG_016,172
CCGGTGAGGGCCTTCCCCGG_017,176
CCGGTGAGGGCCTTCCCCGG_018,41
CCGGTGAGGGCCTTCCCCGG_019,115
CCGGTGAGGGCCTTCCCCGG_020,17
CCGGTGAGGGCCTTCCCCGG_021,69
CCGGTGAGGGCCTTCCCCGG_022,170
CCGGTGAGGGCCTTCCCCGG_023,174
CCGGTGAGGGCCTTCCCCGG_024,106
CCGGTGAGGGCCTTCCCCGG_025,67
GCAATGGCGATCAGTGCCCA_001,17
GCAATGGCGATCAGTGCCCA_002,140
GCAATGGCGATCAGTGCCCA_003,81
GCAATGGCGATCAGTGCCCA_004,148
GCAATGGCGATCAGTGCCCA_005,123
GCAATGGCGATCAGTGCCCA_006,159
GCAATGGCGATCAGTGCCCA_007,56
GCAATGGCGATCAGTGCCCA_008,127
GCAATGGCGATCAGTGCCCA_009,49
GCAATGGCGATCAGTGCCCA_010,151
GCAATGGCGATCAGTGCCCA_011,33
GCAATGGCGATCAGTGCCCA_012,16
GCAATGGCGATCAGTGCCCA_013,63
GCAATGGCGATCAGTGCCCA_014,184
GCAATGGCGATCAGTGCCCA_015,141
GCAATGGCGATCAGTGCCCA_016,43
GTGGTAGAGCAATCCCAAAG_001,9
GTGGTAGAGCAATCCCAAAG_002,29
GTGGTAGAGCAATCCCAAAG_003,112
TCGAACATGCTGTGGAGTCA_001,126
TCGAACATGCTGTGGAGTCA_002,17
TCGAACATGCTGTGGAGTCA_003,2
TGAAACAGAATTATCCCAGT_001,78
TGAAACAGAATTATCCCAGT_002,144
TGAAACAGAATTATCCCAGT_003,78
TGAAACAGAATTATCCCAGT_004,66
TGAAACAGAATTATCCCAGT_005,183
TGAAACAGAATTATCCCAGT_006,183
TGAAACAGAATTATCCCAGT_007,66
TGAAACAGAATTATCCCAGT_008,70
TGAAACAGAATTATCCCAGT_009,3
TGAAACAGAATTATCCCAGT_010,36
TGAAACAGAATTATCCCAGT_011,180
TGAAACAGAATTATCCCAGT_012,40
GCAAGTTGGAACTTGAACAC_001,56
GCAAGTTGGAACTTGAACAC_002,34
CCTTGCCTGCTCTTCAGATG_001,137
CCTTGCCTGCTCTTCAGATG_002,148
CCTTGCCTGCTCTTCAGATG_003,48
CCTTGCCTGCTCTTCAGATG_004,27
CCTTGCCTGCTCTTCAGATG_005,88
CCTTGCCTGCTCTTCAGATG_006,194
CCTTGCCTGCTCTTCAGATG_007,137
CCTTGCCTGCTCTTCAGATG_008,43
CCTTGCCTGCTCTTCAGATG_009,108
CCTTGCCTGCTCTTCAGATG_010,172
GGAGGCTGTAGTGGGGCTGG_001,6
ACTGTAGATATCGTGTTGAA_001,166
ACTGTAGATATCGTGTTGAA_002,103
ACTGTAGATATCGTGTTGAA_003,66
GCTGTAATTGTCGAACACGG_001,55
GCTGTAATTGTCGAACACGG_002,162
GCTGTAATTGTCGAACACGG_003,100
GCTGTAATTGTCGAACACGG_004,28
GCTGTAATTGTCGAACACGG_005,68
GCTGTAATTGTCGAACACGG_006,78
GCTGTAATTGTCGAACACGG_007,60
GCTGTAATTGTCGAACACGG_008,65
CAGCAGCGTACCGGCCAACG_001,77
CAGCAGCGTACCGGCCAACG_002,4
CAGCAGCGTACCGGCCAACG_003,98
CAGCAGCGTACCGGCCAACG_004,107
CAGCAGCGTACCGGCCAACG_005,27
CAGCAGCGTACCGGCCAACG_006,10
CAGCAGCGTACCGGCCAACG_007,22
CAGCAGCGTACCGGCCAACG_008,70
CAGCAGCGTACCGGCCAACG_009,64
CAGCAGCGTACCGGCCAACG_010,0
CAGCAGCGTACCGGCCAACG_011,50
GAGGCGTTGAGGCACTCGGG_001,118
GAGGCGTTGAGGCACTCGGG_002,150
GAGGCGTTGAGGCACTCGGG_003,130
GAGGCGTTGAGGCACTCGGG_004,42
GAGGCGTTGAGGCACTCGGG_005,105
GAGGCGTTGAGGCACTCGGG_006,70
GAGGCGTTGAGGCACTCGGG_007,34
GAGGCGTTGAGGCACTCGGG_008,185
GAGGCGTTGAGGCACTCGGG_009,158
GAGGCGTTGAGGCACTCGGG_010,12
GAGGCGTTGAGGCACTCGGG_011,8
GAGGCGTTGAGGCACTCGGG_012,122
GAGGCGTTGAGGCACTCGGG_013,64
GAGGCGTTGAGGCACTCGGG_014,24
GAGGCGTTGAGGCACTCGGG_015,51
GAGGCGTTGAGGCACTCGGG_016,162
GAGGCGTTGAGGCACTCGGG_017,91
GAGGCGTTGAGGCACTCGGG_018,144
GAGGCGTTGAGGCACTCGGG_019,94
GAGGCGTTGAGGCACTCGGG_020,70
GAGGCGTTGAGGCACTCGGG_021,182
GAGGCGTTGAGGCACTCGGG_022,88
GAGGCGTTGAGGCACTCGGG_023,148
GAGGCGTTGAGGCACTCGGG_024,160
GAGGCGTTGAGGCACTCGGG_025,82
GAGGCGTTGAGGCACTCGGG_026,130
GGCTTAAATATAGGACAACT_001,160
GGCTTAAATATAGGACAACT_002,3
GGCTTAAATATAGGACAACT_003,0
AAGGGCGTGCTCCAGAACAC_001,137
AAGGGCGTGCTCCAGAACAC_002,137
AAGGGCGTGCTCCAGAACAC_003,108
AAGGGCGTGCTCCAGAACAC_004,152
AAGGGCGTGCTCCAGAACAC_005,78
CTTTAGTTTACGGAGAACTG_001,147
CTTTAGTTTACGGAGAACTG_002,138
CTTTAGTTTACGGAGAACTG_003,170
TGGCCGTGAAGCGTTCACAC_001,77
TGGCCGTGAAGCGTTCACAC_002,58
TGGCCGTGAAGCGTTCACAC_003,137
TGGCCGTGAAGCGTTCACAC_004,134
TGGCCGTGAAGCGTTCACAC_005,9
TGGCCGTGAAGCGTTCACAC_006,58
TGGCCGTGAAGCGTTCACAC_007,9
TGGCCGTGAAGCGTTCACAC_008,140
TGGCCGTGAAGCGTTCACAC_009,146
TGGCCGTGAAGCGTTCACAC_010,72
TGGCCGTGAAGCGTTCACAC_011,11
TGGCCGTGAAGCGTTCACAC_012,98
TGGCCGTGAAGCGTTCACAC_013,6
TGGCCGTGAAGCGTTCACAC_014,28
CGGGGCTGCCAGTGCACGAG_001,139
CGGGGCTGCCAGTGCACGAG_002,193
CGGGGCTGCCAGTGCACGAG_003,130
CGGGGCTGCCAGTGCACGAG_004,174
CGGGGCTGCCAGTGCACGAG_005,50
CGGGGCTGCCAGTGCACGAG_006,121
CGGGGCTGCCAGTGCACGAG_007,81
CGGGGCTGCCAGTGCACGAG_008,26
CGGGGCTGCCAGTGCACGAG_009,6
CGGGGCTGCCAGTGCACGAG_010,106
CGGGGCTGCCAGTGCACGAG_011,41
GATGAAGCCACAGCGCGACA_001,69
GATGAAGCCACAGCGCGACA_002,149
GATGAAGCCACAGCGCGACA_003,170
TTTGGACTCGATACACCCCA_001,26
TTTGGACTCGATACACCCCA_002,125
TTTGGACTCGATACACCCCA_003,103
ACCTGACCTGAGGGTCACGT_001,48
ACCTGACCTGAGGGTCACGT_002,28
ACCTGACCTGAGGGTCACGT_003,14
ACCTGACCTGAGGGTCACGT_004,108
ACCTGACCTGAGGGTCACGT_005,108
ACCTGACCTGAGGGTCACGT_006,174
ACCTGACCTGAGGGTCACGT_007,191
CTGGACGCCTATGAGGCCGA_001,32
CTGGACGCCTATGAGGCCGA_002,148
CTGGACGCCTATGAGGCCGA_003,16
CTGGACGCCTATGAGGCCGA_004,147
CTGGACGCCTATGAGGCCGA_005,25
CTGGACGCCTATGAGGCCGA_006,188
CTGGACGCCTATGAGGCCGA_007,177
CTGGACGCCTATGAGGCCGA_008,105
CTGGACGCCTATGAGGCCGA_009,40
CTGGACGCCTATGAGGCCGA_010,177
CTGGACGCCTATGAGGCCGA_011,49
CTGGACGCCTATGAGGCCGA_012,178
TGAGGGTGGGTAGGTCGCGG_001,107
TGAGGGTGGGTAGGTCGCGG_002,48
TGAGGGTGGGTAGGTCGCGG_003,116
TGAGGGTGGGTAGGTCGCGG_004,34
TGAGGGTGGGTAGGTCGCGG_005,148
TGAGGGTGGGTAGGTCGCGG_006,50
TGAGGGTGGGTAGGTCGCGG_007,79
TGAGGGTGGGTAGGTCGCGG_008,79
TGAGGGTGGGTAGGTCGCGG_009,168
TGAGGGTGGGTAGGTCGCGG_010,106
TGAGGGTGGGTAGGTCGCGG_011,23
TGAGGGTGGGTAGGTCGCGG_012,23
TGAGGGTGGGTAGGTCGCGG_013,43
TGAGGGTGGGTAGGTCGCGG_014,44
AGACAAATTCCCGGAAACGC_001,101
AGACAAATTCCCGGAAACGC_002,112
AGACAAATTCCCGGAAACGC_003,48
AGACAAATTCCCGGAAACGC_004,85
AGACAAATTCCCGGAAACGC_005,173
AGACAAATTCCCGGAAACGC_006,30
AGACAAATTCCCGGAAACGC_007,113
AGACAAATTCCCGGAAACGC_008,145
AGACAAATTCCCGGAAACGC_009,141
AGACAAATTCCCGGAAACGC_010,158
AGACAAATTCCCGGAAACGC_011,146
AGACAAATTCCCGGAAACGC_012,67
AGACAAATTCCCGGAAACGC_013,29
AGACAAATTCCCGGAAACGC_014,23
GTTGGGATTGCCGCTCACGG_001,15
GTTGGGATTGCCGCTCACGG_002,172
GTTGGGATTGCCGCTCACGG_003,199
GTTGGGATTGCCGCTCACGG_004,48
GTTGGGATTGCCGCTCACGG_005,170
GTTGGGATTGCCGCTCACGG_006,175
GTTGGGATTGCCGCTCACGG_007,6
GTTGGGATTGCCGCTCACGG_008,80
GTTGGGATTGCCGCTCACGG_009,147
GTTGGGATTGCCGCTCACGG_010,169
GTTGGGATTGCCGCTCACGG_011,116
GTTGGGATTGCCGCTCACGG_012,3
GTTGGGATTGCCGCTCACGG_013,91
GTTGGGATTGCCGCTCACGG_014,96
GTTGGGATTGCCGCTCACGG_015,105
GTTGGGATTGCCGCTCACGG_016,123
GTTGGGATTGCCGCTCACGG_017,132
GTTGGGATTGCCGCTCACGG_018,63
GTTGGGATTGCCGCTCACGG_019,196
GTTGGGATTGCCGCTCACGG_020,4
CAAAGCGGCCAACTGCTGTG_001,166
CAAAGCGGCCAACTGCTGTG_002,123
CAAAGCGGCCAACTGCTGTG_003,91
CAAAGCGGCCAACTGCTGTG_004,149
CAAAGCGGCCAACTGCTGTG_005,188
CAAAGCGGCCAACTGCTGTG_006,118
CAAAGCGGCCAACTGCTGTG_007,36
CAAAGCGGCCAACTGCTGTG_008,137
ATTTGTATGATGATAAGGAT_001,69
ATTTGTATGATGATAAGGAT_002,47
ATTTGTATGATGATAAGGAT_003,199
ATTTGTATGATGATAAGGAT_004,127
ATTTGTATGATGATAAGGAT_005,106
CTGGTCACAATAGGGAAGCG_001,158
CTGGTCACAATAGGGAAGCG_002,31
GTCCGTCACATGCAGGAGGA_001,144
GTCCGTCACATGCAGGAGGA_002,74
GTCCGTCACATGCAGGAGGA_003,27
GTCCGTCACATGCAGGAGGA_004,102
GTCCGTCACATGCAGGAGGA_005,2
GTCCGTCACATGCAGGAGGA_006,17
GTCCGTCACATGCAGGAGGA_007,114
GTCCGTCACATGCAGGAGGA_008,29
GTCCGTCACATGCAGGAGGA_009,12
GTCCGTCACATGCAGGAGGA_010,174
GTCCGTCACATGCAGGAGGA_011,11
GTCCGTCACATGCAGGAGGA_012,186
GTCCGTCACATGCAGGAGGA_013,83
GTCCGTCACATGCAGGAGGA_014,16
GTCCGTCACATGCAGGAGGA_015,85
GTCCGTCACATGCAGGAGGA_016,119
GTCCGTCACATGCAGGAGGA_017,190
GTCCGTCACATGCAGGAGGA_018,148
GTCCGTCACATGCAGGAGGA_019,10
GTCCGTCACATGCAGGAGGA_020,180
GTCCGTCACATGCAGGAGGA_021,145
GTCCGTCACATGCAGGAGGA_022,76
GTCCGTCACATGCAGGAGGA_023,166
GTCCGTCACATGCAGGAGGA_024,119
GTCCGTCACATGCAGGAGGA_025,194
GGCTCAATCAGCTATACGAG_001,188
GGCTCAATCAGCTATACGAG_002,92
GGCTCAATCAGCTATACGAG_003,73
GGCTCAATCAGCTATACGAG_004,8
GGCTCAATCAGCTATACGAG_005,94
GGCTCAATCAGCTATACGAG_006,163
TGCAGACGGAAATCAAGCTG_001,147
TGCAGACGGAAATCAAGCTG_002,154
TGCAGACGGAAATCAAGCTG_003,8
TGCAGACGGAAATCAAGCTG_004,48
TGCAGACGGAAATCAAGCTG_005,147
TGCAGACGGAAATCAAGCTG_006,91
TGCAGACGGAAATCAAGCTG_007,154
TGCAGACGGAAATCAAGCTG_008,92
TGCAGACGGAAATCAAGCTG_009,148
TGCAGACGGAAATCAAGCTG_010,42
TGCAGACGGAAATCAAGCTG_011,11
TTAATAGTGAAATTAAATGG_001,127
TTAATAGTGAAATTAAATGG_002,11
TTAATAGTGAAATTAAATGG_003,165
TTAATAGTGAAATTAAATGG_004,61
CCAGCCATCTGGATCGACAC_001,72
CCAGCCATCTGGATCGACAC_002,39
CCAGCCATCTGGATCGACAC_003,160
CCAGCCATCTGGATCGACAC_004,83
CCAGCCATCTGGATCGACAC_005,27
CCAGCCATCTGGATCGACAC_006,144
CCAGCCATCTGGATCGACAC_007,132
CCAGCCATCTGGATCGACAC_008,158
CCAGCCATCTGGATCGACAC_009,39
CCAGCCATCTGGATCGACAC_010,97
CCAGCCATCTGGATCGACAC_011,196
CCAGCCATCTGGATCGACAC_012,97
CCAGCCATCTGGATCGACAC_013,189
CCAGCCATCTGGATCGACAC_014,129
CCAGCCATCTGGATCGACAC_015,138
CCAGCCATCTGGATCGACAC_016,106
CCAGCCATCTGGATCGACAC_017,96
CCAGCCATCTGGATCGACAC_018,63
CCAGCCATCTGGATCGACAC_019,176
CCAGCCATCTGGATCGACAC_020,151
CCAGCCATCTGGATCGACAC_021,142
CCAGCCATCTGGATCGACAC_022,126
TATCAGGAAACACCTCACGA_001,49
TATCAGGAAACACCTCACGA_002,53
TATCAGGAAACACCTCACGA_003,80
TATCAGGAAACACCTCACGA_004,97
TATCAGGAAACACCTCACGA_005,127
TATCAGGAAACACCTCACGA_006,169
TATCAGGAAACACCTCACGA_007,156
TATCAGGAAACACCTCACGA_008,183
TATCAGGAAACACCTCACGA_009,150
TATCAGGAAACACCTCACGA_010,105
TATCAGGAAACACCTCACGA_011,82
TATCAGGAAACACCTCACGA_012,3
TATCAGGAAACACCTCACGA_013,141
TATCAGGAAACACCTCACGA_014,6
TATCAGGAAACACCTCACGA_015,77
TATCAGGAAACACCTCACGA_016,118
TATCAGGAAACACCTCACGA_017,1
TATCAGGAAACACCTCACGA_018,160
TATCAGGAAACACCTCACGA_019,168
CTACCAGTAAGAACCCCAGA_001,134
CTACCAGTAAGAACCCCAGA_002,48
CTACCAGTAAGAACCCCAGA_003,96
CTACCAGTAAGAACCCCAGA_004,78
CTACCAGTAAGAACCCCAGA_005,116
CTACCAGTAAGAACCCCAGA_006,72
CTACCAGTAAGAACCCCAGA_007,124
CTACCAGTAAGAACCCCAGA_008,12
CTACCAGTAAGAACCCCAGA_009,16
CTACCAGTAAGAACCCCAGA_010,92
CTACCAGTAAGAACCCCAGA_011,8
CTACCAGTAAGAACCCCAGA_012,10
CTACCAGTAAGAACCCCAGA_013,130
ACCTGGACTATGCATCCTGG_001,122
ACCTGGACTATGCATCCTGG_002,122
ACCTGGACTATGCATCCTGG_003,158
ACCTGGACTATGCATCCTGG_004,55
ACCTGGACTATGCATCCTGG_005,11
ACCTGGACTATGCATCCTGG_006,153
ACCTGGACTATGCATCCTGG_007,19
CAAAGTTACTACCGCTAAGG_001,34
CAAAGTTACTACCGCTAAGG_002,176
CAAAGTTACTACCGCTAAGG_003,40
CAAAGTTACTACCGCTAAGG_004,78
CAAAGTTACTACCGCTAAGG_005,46
GTAGATGCCTGGATTGAGAT_001,58
GTAGATGCCTGGATTGAGAT_002,163
GTAGATGCCTGGATTGAGAT_003,144
GTAGATGCCTGGATTGAGAT_004,147
GTAGATGCCTGGATTGAGAT_005,161
GTAGATGCCTGGATTGAGAT_006,127
GTAGATGCCTGGATTGAGAT_007,119
GTAGATGCCTGGATTGAGAT_008,144
GCCGGAACCACAGCCACCCT_001,13
GCCGGAACCACAGCCACCCT_002,178
GCCGGAACCACAGCCACCCT_003,96
GTGGAGAGTGGACTCAAACG_001,125
GTGGAGAGTGGACTCAAACG_002,95
GTGGAGAGTGGACTCAAACG_003,88
GTGGAGAGTGGACTCAAACG_004,28
GTGGAGAGTGGACTCAAACG_005,76
GTGGAGAGTGGACTCAAACG_006,69
TGGGCAAGGATCAGACACAA_001,77
TGGGCAAGGATCAGACACAA_002,61
TGGGCAAGGATCAGACACAA_003,198
TGGGCAAGGATCAGACACAA_004,194
TGGGCAAGGATCAGACACAA_005,188
TGGGCAAGGATCAGACACAA_006,102
TGGGCAAGGATCAGACACAA_007,130
TGGGCAAGGATCAGACACAA_008,85
TGGGCAAGGATCAGACACAA_009,98
TGGGCAAGGATCAGACACAA_010,162
CAAGCCAGTGGAATCCTGAA_001,68
CAAGCCAGTGGAATCCTGAA_002,162
CAAGCCAGTGGAATCCTGAA_003,101
CAAGCCAGTGGAATCCTGAA_004,68
CAAGCCAGTGGAATCCTGAA_005,43
CAAGCCAGTGGAATCCTGAA_006,26
CAAGCCAGTGGAATCCTGAA_007,26
GTAGACTGAACAAAAACGGC_001,182
GTAGACTGAACAAAAACGGC_002,23
GTAGACTGAACAAAAACGGC_003,15
GTAGACTGAACAAAAACGGC_004,17
GTAGACTGAACAAAAACGGC_005,160
GTAGACTGAACAAAAACGGC_006,149
GTAGACTGAACAAAAACGGC_007,9
GTAGACTGAACAAAAACGGC_008,94
GTAGACTGAACAAAAACGGC_009,81
GTAGACTGAACAAAAACGGC_010,191
GTAGACTGAACAAAAACGGC_011,139
ACTTCCCCTTGTGACAAGTG_001,184
ACTTCCCCTTGTGACAAGTG_002,114
ACTTCCCCTTGTGACAAGTG_003,77
ACTTCCCCTTGTGACAAGTG_004,15
ACTTCCCCTTGTGACAAGTG_005,150
ACTTCCCCTTGTGACAAGTG_006,189
ACTTCCCCTTGTGACAAGTG_007,175
ACTTCCCCTTGTGACAAGTG_008,50
ACTTCCCCTTGTGACAAGTG_009,70
ACTTCCCCTTGTGACAAGTG_010,57
ACTTCCCCTTGTGACAAGTG_011,57
ACTTCCCCTTGTGACAAGTG_012,105
ACTTCCCCTTGTGACAAGTG_013,184
ACTTCCCCTTGTGACAAGTG_014,151
ACCATGTTTGTGGACCGGCG_001,98
ACCATGTTTGTGGACCGGCG_002,41
ACCATGTTTGTGGACCGGCG_003,41
ACCATGTTTGTGGACCGGCG_004,70
ACCATGTTTGTGGACCGGCG_005,84
ACCATGTTTGTGGACCGGCG_006,102
ACCATGTTTGTGGACCGGCG_007,130
ACCATGTTTGTGGACCGGCG_008,86
ACCATGTTTGTGGACCGGCG_009,116
ACCATGTTTGTGGACCGGCG_010,89
ACCATGTTTGTGGACCGGCG_011,168
ACCATGTTTGTGGACCGGCG_012,177
ACCATGTTTGTGGACCGGCG_013,176
ACCATGTTTGTGGACCGGCG_014,11
ACCATGTTTGTGGACCGGCG_015,185
ACCATGTTTGTGGACCGGCG_016,88
ACCATGTTTGTGGACCGGCG_017,176
ACCATGTTTGTGGACCGGCG_018,0
ACCATGTTTGTGGACCGGCG_019,72
ACCATGTTTGTGGACCGGCG_020,127
ACCATGTTTGTGGACCGGCG_021,102
ACCATGTTTGTGGACCGGCG_022,144
ACCATGTTTGTGGACCGGCG_023,26
ACCATGTTTGTGGACCGGCG_024,38
ACCATGTTTGTGGACCGGCG_025,70
ACCATGTTTGTGGACCGGCG_026,58
ACCATGTTTGTGGACCGGCG_027,8
ACCATGTTTGTGGACCGGCG_028,115
ACCATGTTTGTGGACCGGCG_029,139
ACCATGTTTGTGGACCGGCG_030,72
ACCATGTTTGTGGACCGGCG_031,134
ACCATGTTTGTGGACCGGCG_032,174
ACCATGTTTGTGGACCGGCG_033,71
ACCATGTTTGTGGACCGGCG_034,165
ACCATGTTTGTGGACCGGCG_035,153
ACCATGTTTGTGGACCGGCG_036,198
ACCATGTTTGTGGACCGGCG_037,80
ACCATGTTTGTGGACCGGCG_038,175
ACCATGTTTGTGGACCGGCG_039,175
ACCATGTTTGTGGACCGGCG_040,126
ACCATGTTTGTGGACCGGCG_041,157
ACCATGTTTGTGGACCGGCG_042,188
ACCATGTTTGTGGACCGGCG_043,106
ACCATGTTTGTGGACCGGCG_044,104
ACCATGTTTGTGGACCGGCG_045,197
ACGCTATTGCCATATGTACC_001,96
AGGTATGGGACATTTCCCTG_001,41
AGGTATGGGACATTTCCCTG_002,54
AGGTATGGGACATTTCCCTG_003,45
AGGTATGGGACATTTCCCTG_004,102
AGGTATGGGACATTTCCCTG_005,144
AGGTATGGGACATTTCCCTG_006,122
AGGTATGGGACATTTCCCTG_007,3
AGGTATGGGACATTTCCCTG_008,27
AGGTATGGGACATTTCCCTG_009,0
AGGTATGGGACATTTCCCTG_010,187
AGGTATGGGACATTTCCCTG_011,2
AGGTATGGGACATTTCCCTG_012,172
AGGTATGGGACATTTCCCTG_013,163
AGGTATGGGACATTTCCCTG_014,95
AGGTATGGGACATTTCCCTG_015,186
AGGTATGGGACATTTCCCTG_016,138
AGGTATGGGACATTTCCCTG_017,154
AGGTATGGGACATTTCCCTG_018,197
AGGTATGGGACATTTCCCTG_019,188
AGGTATGGGACATTTCCCTG_020,61
AGGTATGGGACATTTCCCTG_021,120
CATCACCCACAACCGTCGTG_001,146
CATCACCCACAACCGTCGTG_002,157
CATCACCCACAACCGTCGTG_003,1
CATCACCCACAACCGTCGTG_004,78
CATCACCCACAACCGTCGTG_005,110
CATCACCCACAACCGTCGTG_006,88
CATCACCCACAACCGTCGTG_007,69
CATCACCCACAACCGTCGTG_008,68
CATCACCCACAACCGTCGTG_009,136
CATCACCCACAACCGTCGTG_010,180
CATCACCCACAACCGTCGTG_011,3
CATCACCCACAACCGTCGTG_012,148
CATCACCCACAACCGTCGTG_013,174
CATCACCCACAACCGTCGTG_014,127
CATCACCCACAACCGTCGTG_015,197
CATCACCCACAACCGTCGTG_016,140
CATCACCCACAACCGTCGTG_017,12
CATCACCCACAACCGTCGTG_018,43
CATCACCCACAACCGTCGTG_019,29
CATCACCCACAACCGTCGTG_020,0
CATCACCCACAACCGTCGTG_021,81
CATCACCCACAACCGTCGTG_022,147
CATCACCCACAACCGTCGTG_023,159
CATCACCCACAACCGTCGTG_024,124
CATCACCCACAACCGTCGTG_025,169
CATCACCCACAACCGTCGTG_026,192
CATCACCCACAACCGTCGTG_027,180
CATCACCCACAACCGTCGTG_028,193
CATCACCCACAACCGTCGTG_029,193
GACATCTGAGGACTGCTCCA_001,197
GACATCTGAGGACTGCTCCA_002,105
GACATCTGAGGACTGCTCCA_003,94
GACATCTGAGGACTGCTCCA_004,43
GACATCTGAGGACTGCTCCA_005,122
GACATCTGAGGACTGCTCCA_006,22
GACATCTGAGGACTGCTCCA_007,0
GACATCTGAGGACTGCTCCA_008,66
GACATCTGAGGACTGCTCCA_009,97
ATGCAGAACAGTGAACACCA_001,126
ATGCAGAACAGTGAACACCA_002,50
ATGCAGAACAGTGAACACCA_003,43
ATGCAGAACAGTGAACACCA_004,73
ATGCAGAACAGTGAACACCA_005,40
ATGCAGAACAGTGAACACCA_006,158
ATGCAGAACAGTGAACACCA_007,37
ATGCAGAACAGTGAACACCA_008,42
ATGCAGAACAGTGAACACCA_009,175
ATGCAGAACAGTGAACACCA_010,9
ATGCAGAACAGTGAACACCA_011,88
ATGCAGAACAGTGAACACCA_012,98
ATGCAGAACAGTGAACACCA_013,162
ATGCAGAACAGTGAACACCA_014,169
ATGCAGAACAGTGAACACCA_015,50
ATGCAGAACAGTGAACACCA_016,199
ATGCAGAACAGTGAACACCA_017,176
ATGCAGAACAGTGAACACCA_018,127
ATGCAGAACAGTGAACACCA_019,168
ATGCAGAACAGTGAACACCA_020,28
ATGCAGAACAGTGAACACCA_021,10
GCCAGGTTGAAGGGAGCCGT_001,189
GCCAGGTTGAAGGGAGCCGT_002,144
GCCAGGTTGAAGGGAGCCGT_003,121
GCCAGGTTGAAGGGAGCCGT_004,35
GCCAGGTTGAAGGGAGCCGT_005,177
GCCAGGTTGAAGGGAGCCGT_006,34
GCCAGGTTGAAGGGAGCCGT_007,1
GCCAGGTTGAAGGGAGCCGT_008,126
GCCAGGTTGAAGGGAGCCGT_009,103
GCCAGGTTGAAGGGAGCCGT_010,174
GGCATGTGGGGCGAGCAGCG_001,95
GGCATGTGGGGCGAGCAGCG_002,95
GGCATGTGGGGCGAGCAGCG_003,8
GGCATGTGGGGCGAGCAGCG_004,114
GGCATGTGGGGCGAGCAGCG_005,179
GGCATGTGGGGCGAGCAGCG_006,14
GGCATGTGGGGCGAGCAGCG_007,110
GGCATGTGGGGCGAGCAGCG_008,9
GGCATGTGGGGCGAGCAGCG_009,188
TTTAGCAGCACTAATGACTG_001,51
TTTAGCAGCACTAATGACTG_002,191
AGTCTTAATTCATGCTGCGT_001,25
AGTCTTAATTCATGCTGCGT_002,51
AGTCTTAATTCATGCTGCGT_003,34
AGTCTTAATTCATGCTGCGT_004,124
ACTGCCATTCATAACAAGCT_001,70
ACTGCCATTCATAACAAGCT_002,41
ACTGCCATTCATAACAAGCT_003,76
ACTGCCATTCATAACAAGCT_004,162
ACTGCCATTCATAACAAGCT_005,19
GCGATGAGATCAAACAGCTG_001,44
GCGATGAGATCAAACAGCTG_002,114
GCGATGAGATCAAACAGCTG_003,126
GCGATGAGATCAAACAGCTG_004,8
GCGATGAGATCAAACAGCTG_005,58
GCGATGAGATCAAACAGCTG_006,71
GCGATGAGATCAAACAGCTG_007,40
GCGATGAGATCAAACAGCTG_008,2
GCGATGAGATCAAACAGCTG_009,188
GCGATGAGATCAAACAGCTG_010,193
GCGATGAGATCAAACAGCTG_011,146
GCGATGAGATCAAACAGCTG_012,144
GCGATGAGATCAAACAGCTG_013,166
GCGATGAGATCAAACAGCTG_014,11
GCGATGAGATCAAACAGCTG_015,107
GCGATGAGATCAAACAGCTG_016,120
GCGATGAGATCAAACAGCTG_017,150
GCGATGAGATCAAACAGCTG_018,28
GCGATGAGATCAAACAGCTG_019,138
GCGATGAGATCAAACAGCTG_020,151
GCGATGAGATCAAACAGCTG_021,116
GCGATGAGATCAAACAGCTG_022,112
CAGGATGGAAGCGCTCAGTG_001,12
CAGGATGGAAGCGCTCAGTG_002,169
CAGGATGGAAGCGCTCAGTG_003,150
CAGGATGGAAGCGCTCAGTG_004,138
CAGGATGGAAGCGCTCAGTG_005,109
CAGGATGGAAGCGCTCAGTG_006,174
CAGGATGGAAGCGCTCAGTG_007,27
CAGGATGGAAGCGCTCAGTG_008,188
CAGGATGGAAGCGCTCAGTG_009,160
CAGGATGGAAGCGCTCAGTG_010,156
CAGGATGGAAGCGCTCAGTG_011,59
CAGGATGGAAGCGCTCAGTG_012,121
CAGGATGGAAGCGCTCAGTG_013,145
CAGGATGGAAGCGCTCAGTG_014,36
CAGGATGGAAGCGCTCAGTG_015,198
CAGGATGGAAGCGCTCAGTG_016,116
CAGGATGGAAGCGCTCAGTG_017,106
CAGGATGGAAGCGCTCAGTG_018,106
CAGGATGGAAGCGCTCAGTG_019,43
CAGGATGGAAGCGCTCAGTG_020,116
CAGGATGGAAGCGCTCAGTG_021,104
CAGGATGGAAGCGCTCAGTG_022,71
CAGGATGGAAGCGCTCAGTG_023,57
ACAACATGAAAGTCCTCCCA_001,121
ACAACATGAAAGTCCTCCCA_002,187
ACAACATGAAAGTCCTCCCA_003,154
ACAACATGAAAGTCCTCCCA_004,8
ACAACATGAAAGTCCTCCCA_005,127
CAGCGGTGAGCGGATCACCG_001,98
CAGCGGTGAGCGGATCACCG_002,22
GGAGACCGAAAAGTGGATGG_001,190
GGAGACCGAAAAGTGGATGG_002,5
GGAGACCGAAAAGTGGATGG_003,121
GGAGACCGAAAAGTGGATGG_004,29
GGAGACCGAAAAGTGGATGG_005,62
GGAGACCGAAAAGTGGATGG_006,107
GGAGACCGAAAAGTGGATGG_007,12
GGAGACCGAAAAGTGGATGG_008,117
GGAGACCGAAAAGTGGATGG_009,55
GGAGACCGAAAAGTGGATGG_010,121
GGAGACCGAAAAGTGGATGG_011,119
GGAGACCGAAAAGTGGATGG_012,15
GGAGACCGAAAAGTGGATGG_013,169
GGAGACCGAAAAGTGGATGG_014,131
GGAGACCGAAAAGTGGATGG_015,9
GGAGACCGAAAAGTGGATGG_016,137
GGAGACCGAAAAGTGGATGG_017,36
GGAGACCGAAAAGTGGATGG_018,48
GGAGACCGAAAAGTGGATGG_019,193
GGAGACCGAAAAGTGGATGG_020,34
GATCAGTGTGCCTTACGAGG_001,76
GATCAGTGTGCCTTACGAGG_002,105
GATCAGTGTGCCTTACGAGG_003,107
GATCAGTGTGCCTTACGAGG_004,94
GATCAGTGTGCCTTACGAGG_005,1
GATCAGTGTGCCTTACGAGG_006,140
GATCAGTGTGCCTTACGAGG_007,17
GGCTTCGATCACCCAGGCCA_001,138
GGCTTCGATCACCCAGGCCA_002,198
GGCTTCGATCACCCAGGCCA_003,31
GGCTTCGATCACCCAGGCCA_004,115
GGCTTCGATCACCCAGGCCA_005,137
GGCTTCGATCACCCAGGCCA_006,126
GGCTTCGATCACCCAGGCCA_007,48
GGCTTCGATCACCCAGGCCA_008,144
GGCTTCGATCACCCAGGCCA_009,73
GGCTTCGATCACCCAGGCCA_010,141
GGCTTCGATCACCCAGGCCA_011,57
GGCTTCGATCACCCAGGCCA_012,148
GGCTTCGATCACCCAGGCCA_013,16
CGACCTGCTACTCCCGCATG_001,112
CGACCTGCTACTCCCGCATG_002,50
CGACCTGCTACTCCCGCATG_003,183
CGACCTGCTACTCCCGCATG_004,161
CTGAGACCGTGATGTAGCGA_001,15
CTGAGACCGTGATGTAGCGA_002,198
CTGAGACCGTGATGTAGCGA_003,70
CTGAGACCGTGATGTAGCGA_004,67
CTGAGACCGTGATGTAGCGA_005,183
CTGAGACCGTGATGTAGCGA_006,75
CTGAGACCGTGATGTAGCGA_007,48
CTGAGACCGTGATGTAGCGA_008,38
CTGAGACCGTGATGTAGCGA_009,82
CTGAGACCGTGATGTAGCGA_010,124
CTGAGACCGTGATGTAGCGA_011,48
CTGAGACCGTGATGTAGCGA_012,178
CTGAGACCGTGATGTAGCGA_013,85
CTGAGACCGTGATGTAGCGA_014,137
CTGAGACCGTGATGTAGCGA_015,66
CTGAGACCGTGATGTAGCGA_016,3
CTGAGACCGTGATGTAGCGA_017,172
TACCCAGTTCGGACGGACCG_001,65
TACCCAGTTCGGACGGACCG_002,182
TACCCAGTTCGGACGGACCG_003,62
TACCCAGTTCGGACGGACCG_004,105
TACCCAGTTCGGACGGACCG_005,170
TACCCAGTTCGGACGGACCG_006,88
TACCCAGTTCGGACGGACCG_007,41
TACCCAGTTCGGACGGACCG_008,21
TACCCAGTTCGGACGGACCG_009,134
TACCCAGTTCGGACGGACCG_010,81
TACCCAGTTCGGACGGACCG_011,143
TACCCAGTTCGGACGGACCG_012,144
TAGGCGCCCGTAGCATTGGA_001,16
TAGGCGCCCGTAGCATTGGA_002,82
TAGGCGCCCGTAGCATTGGA_003,138
TAGGCGCCCGTAGCATTGGA_004,43
TAGGCGCCCGTAGCATTGGA_005,16
TAGGCGCCCGTAGCATTGGA_006,24
TAGGCGCCCGTAGCATTGGA_007,16
TAGGCGCCCGTAGCATTGGA_008,52
TAGGCGCCCGTAGCATTGGA_009,154
TAGGCGCCCGTAGCATTGGA_010,83
TAGGCGCCCGTAGCATTGGA_011,16
TAGGCGCCCGTAGCATTGGA_012,24
TAGGCGCCCGTAGCATTGGA_013,54
TAGGCGCCCGTAGCATTGGA_014,53
TAGGCGCCCGTAGCATTGGA_015,83
TAGGCGCCCGTAGCATTGGA_016,141
TAGGCGCCCGTAGCATTGGA_017,158
TAGGCGCCCGTAGCATTGGA_018,123
TAGGCGCCCGTAGCATTGGA_019,50
TAGGCGCCCGTAGCATTGGA_020,94
TAGGCGCCCGTAGCATTGGA_021,144
TAGGCGCCCGTAGCATTGGA_022,78
TAGGCGCCCGTAGCATTGGA_023,81
TAGGCGCCCGTAGCATTGGA_024,27
TAGGCGCCCGTAGCATTGGA_025,3
TAGGCGCCCGTAGCATTGGA_026,188
TAGGCGCCCGTAGCATTGGA_027,150
TAGGCGCCCGTAGCATTGGA_028,19
TAGGCGCCCGTAGCATTGGA_029,138
TAGGCGCCCGTAGCATTGGA_030,196
TAGGCGCCCGTAGCATTGGA_031,124
TAGGCGCCCGTAGCATTGGA_032,177
TAGGCGCCCGTAGCATTGGA_033,107
TAGGCGCCCGTAGCATTGGA_034,168
TAGGCGCCCGTAGCATTGGA_035,12
TAGGCGCCCGTAGCATTGGA_036,36
GAATGTAAAGCCAAGCCTGT_001,31
GAATGTAAAGCCAAGCCTGT_002,48
GAATGTAAAGCCAAGCCTGT_003,0
TATTGGAAACACACTTGACA_001,196
TATTGGAAACACACTTGACA_002,62
TATTGGAAACACACTTGACA_003,149
TCGACTCACGCAGAGCGCGG_001,147
TCGACTCACGCAGAGCGCGG_002,194
CACAGTCAACCACAAACCAA_001,23
CACAGTCAACCACAAACCAA_002,118
CACAGTCAACCACAAACCAA_003,96
CACAGTCAACCACAAACCAA_004,147
CACAGTCAACCACAAACCAA_005,22
CACAGTCAACCACAAACCAA_006,22
CACAGTCAACCACAAACCAA_007,13
CACAGTCAACCACAAACCAA_008,127
CACAGTCAACCACAAACCAA_009,127
CACAGTCAACCACAAACCAA_010,52
CACAGTCAACCACAAACCAA_011,86
CACAGTCAACCACAAACCAA_012,163
CACAGTCAACCACAAACCAA_013,146
CACAGTCAACCACAAACCAA_014,186
CACAGTCAACCACAAACCAA_015,83
CACAGTCAACCACAAACCAA_016,100
CACAGTCAACCACAAACCAA_017,155
CACAGTCAACCACAAACCAA_018,129
GGAAGCAAATGGATTAGATG_001,104
GGAAGCAAATGGATTAGATG_002,17
GGAAGCAAATGGATTAGATG_003,194
AGTGCAGGGAACCCACATAG_001,103
AGTGCAGGGAACCCACATAG_002,5
AGTGCAGGGAACCCACATAG_003,61
AGTGCAGGGAACCCACATAG_004,61
AGTGCAGGGAACCCACATAG_005,152
AGTGCAGGGAACCCACATAG_006,106
AGTGCAGGGAACCCACATAG_007,162
AGTGCAGGGAACCCACATAG_008,188
AGTGCAGGGAACCCACATAG_009,152
CTGAGACCCGTGCTCTCCCG_001,82
CTGAGACCCGTGCTCTCCCG_002,24
CTGAGACCCGTGCTCTCCCG_003,87
CTGAGACCCGTGCTCTCCCG_004,124
AGAACAGCAAATGACGATGG_001,81
AGAACAGCAAATGACGATGG_002,174
AGAACAGCAAATGACGATGG_003,1
CCTCGTCCGAAGATTCACTC_001,181
CCTCGTCCGAAGATTCACTC_002,88
CCTCGTCCGAAGATTCACTC_003,97
CCTCGTCCGAAGATTCACTC_004,136
CTTTAGGCTATGTCCAAACT_001,101
ATTGGTTGGTCTCGAAGCAT_001,160
ATTGGTTGGTCTCGAAGCAT_002,177
ATTGGTTGGTCTCGAAGCAT_003,62
ATTGGTTGGTCTCGAAGCAT_004,95
ATTGGTTGGTCTCGAAGCAT_005,61
ATTGGTTGGTCTCGAAGCAT_006,19
ATTGGTTGGTCTCGAAGCAT_007,6
ATTGGTTGGTCTCGAAGCAT_008,34
ATTGGTTGGTCTCGAAGCAT_009,48
ATTGGTTGGTCTCGAAGCAT_010,57
ATTGGTTGGTCTCGAAGCAT_011,78
ATTGGTTGGTCTCGAAGCAT_012,19
GCAGCTGTATTGTGCGATGG_001,137
GCGCGATGATAGCGACCGTG_001,171
AGCAGGATGAAGTTCGACAT_001,153
AGCAGGATGAAGTTCGACAT_002,11
AGCAGGATGAAGTTCGACAT_003,193
AGCAGGATGAAGTTCGACAT_004,158
AGCAGGATGAAGTTCGACAT_005,43
AGCAGGATGAAGTTCGACAT_006,96
AGCAGGATGAAGTTCGACAT_007,169
AGCAGGATGAAGTTCGACAT_008,168
AGCAGGATGAAGTTCGACAT_009,172
AGCAGGATGAAGTTCGACAT_010,5
AGCAGGATGAAGTTCGACAT_011,137
AGCAGGATGAAGTTCGACAT_012,56
AGCAGGATGAAGTTCGACAT_013,81
AGCAGGATGAAGTTCGACAT_014,20
AGCAGGATGAAGTTCGACAT_015,4
AGCAGGATGAAGTTCGACAT_016,157
AGCAGGATGAAGTTCGACAT_017,42
AGCAGGATGAAGTTCGACAT_018,104
AGCAGGATGAAGTTCGACAT_019,77
CAAATTCTAGAGCATACTCA_001,100
CAAATTCTAGAGCATACTCA_002,2
CAAATTCTAGAGCATACTCA_003,29
CAAATTCTAGAGCATACTCA_004,42
CAAATTCTAGAGCATACTCA_005,49
CAAATTCTAGAGCATACTCA_006,183
CAAATTCTAGAGCATACTCA_007,22
CAAATTCTAGAGCATACTCA_008,105
CAAATTCTAGAGCATACTCA_009,124
CAAATTCTAGAGCATACTCA_010,18
CAAATTCTAGAGCATACTCA_011,173
CGGCGGTTGATGTATAGGCG_001,125
CGGCGGTTGATGTATAGGCG_002,49
CGGCGGTTGATGTATAGGCG_003,179
CGGCGGTTGATGTATAGGCG_004,12
CGGCGGTTGATGTATAGGCG_005,171
CGGCGGTTGATGTATAGGCG_006,157
CGGCGGTTGATGTATAGGCG_007,128
GGCACTGCGCCAATCCCGGG_001,133
GGCACTGCGCCAATCCCGGG_002,111
GGCACTGCGCCAATCCCGGG_003,153
GGCACTGCGCCAATCCCGGG_004,32
GGCACTGCGCCAATCCCGGG_005,98
GGCACTGCGCCAATCCCGGG_006,59
GGCACTGCGCCAATCCCGGG_007,40
GGCACTGCGCCAATCCCGGG_008,118
GGCACTGCGCCAATCCCGGG_009,168
GGCACTGCGCCAATCCCGGG_010,149
GGCACTGCGCCAATCCCGGG_011,26
GGCACTGCGCCAATCCCGGG_012,148
TATTGTGCCAATTTCATGTG_001,42
TATTGTGCCAATTTCATGTG_002,94
TATACGACATACATTTGGAC_001,41
TATACGACATACATTTGGAC_002,19
TGTCAATCACAACAAAACGA_001,198
TGTCAATCACAACAAAACGA_002,105
TGTCAATCACAACAAAACGA_003,17
TGTCAATCACAACAAAACGA_004,13
TGTCAATCACAACAAAACGA_005,74
CATCACGCAGCCCATGCTCA_001,49
CATCACGCAGCCCATGCTCA_002,121
CATCACGCAGCCCATGCTCA_003,122
CATCACGCAGCCCATGCTCA_004,100
CATCACGCAGCCCATGCTCA_005,129
CATCACGCAGCCCATGCTCA_006,21
CATCACGCAGCCCATGCTCA_007,158
CATCACGCAGCCCATGCTCA_008,151
CATCACGCAGCCCATGCTCA_009,53
CATCACGCAGCCCATGCTCA_010,17
CATCACGCAGCCCATGCTCA_011,160
CATCACGCAGCCCATGCTCA_012,155
CATCACGCAGCCCATGCTCA_013,84
CATCACGCAGCCCATGCTCA_014,131
CATCACGCAGCCCATGCTCA_015,99
CATCACGCAGCCCATGCTCA_016,148
CATCACGCAGCCCATGCTCA_017,63
CATCACGCAGCCCATGCTCA_018,66
CATCACGCAGCCCATGCTCA_019,130
GTGGCCGGAATAGATCTGCA_001,165
GTGGCCGGAATAGATCTGCA_002,77
GTGGCCGGAATAGATCTGCA_003,53
GTGGCCGGAATAGATCTGCA_004,26
GTGGCCGGAATAGATCTGCA_005,77
GAGGCCGTGTCGTACCACCG_001,193
GAGGCCGTGTCGTACCACCG_002,9
GAGGCCGTGTCGTACCACCG_003,85
GAGGCCGTGTCGTACCACCG_004,150
GAGGCCGTGTCGTACCACCG_005,130
GAGGCCGTGTCGTACCACCG_006,93
GAGGCCGTGTCGTACCACCG_007,188
GAGGCCGTGTCGTACCACCG_008,57
GAGGCCGTGTCGTACCACCG_009,197
GAGGCCGTGTCGTACCACCG_010,75
GAGGCCGTGTCGTACCACCG_011,139
GAGGCCGTGTCGTACCACCG_012,2
GAGGCCGTGTCGTACCACCG_013,186
GAGGCCGTGTCGTACCACCG_014,114
GAGGCCGTGTCGTACCACCG_015,121
GAGGCCGTGTCGTACCACCG_016,13
GAGGCCGTGTCGTACCACCG_017,42
GAGGCCGTGTCGTACCACCG_018,150
GAGGCCGTGTCGTACCACCG_019,193
GAGGCCGTGTCGTACCACCG_020,12
GAGGCCGTGTCGTACCACCG_021,66
GAGGCCGTGTCGTACCACCG_022,157
GAGGCCGTGTCGTACCACCG_023,6
GAGGCCGTGTCGTACCACCG_024,6
GAGGCCGTGTCGTACCACCG_025,121
GAGGCCGTGTCGTACCACCG_026,183
TTAGCATCAAGGCATGCCAT_001,28
TTAGCATCAAGGCATGCCAT_002,144
TTAGCATCAAGGCATGCCAT_003,48
TTAGCATCAAGGCATGCCAT_004,132
TTAGCATCAAGGCATGCCAT_005,22
TTAGCATCAAGGCATGCCAT_006,33
TTAGCATCAAGGCATGCCAT_007,113
CCCAAATCGATGGAATGGAA_001,34
CCCAAATCGATGGAATGGAA_002,77
CCCAAATCGATGGAATGGAA_003,147
CCCAAATCGATGGAATGGAA_004,1
CCCAAATCGATGGAATGGAA_005,50
CCCAAATCGATGGAATGGAA_006,122
CCCAAATCGATGGAATGGAA_007,198
CCCAAATCGATGGAATGGAA_008,156
CCCAAATCGATGGAATGGAA_009,2
CCCAAATCGATGGAATGGAA_010,158
CCCAAATCGATGGAATGGAA_011,17
CCCAAATCGATGGAATGGAA_012,173
CCCAAATCGATGGAATGGAA_013,137
CCCAAATCGATGGAATGGAA_014,48
CCCAAATCGATGGAATGGAA_015,117
GAACTACTCATACCTCCACC_001,6
GAACTACTCATACCTCCACC_002,95
GAACTACTCATACCTCCACC_003,121
ACTGCCTCTGTACCAAGTGG_001,105
ACTGCCTCTGTACCAAGTGG_002,36
ACTGCCTCTGTACCAAGTGG_003,155
ACTGCCTCTGTACCAAGTGG_004,85
ACTGCCTCTGTACCAAGTGG_005,82
ACTGCCTCTGTACCAAGTGG_006,31
ACTGCCTCTGTACCAAGTGG_007,64
AGCAAGACGCTGACGCCCGG_001,145
AGCAAGACGCTGACGCCCGG_002,188
AGCAAGACGCTGACGCCCGG_003,9
AGCAAGACGCTGACGCCCGG_004,105
AGCAAGACGCTGACGCCCGG_005,195
AGCAAGACGCTGACGCCCGG_006,148
AGCAAGACGCTGACGCCCGG_007,191
AGCAAGACGCTGACGCCCGG_008,134
AGCAAGACGCTGACGCCCGG_009,105
AGCAAGACGCTGACGCCCGG_010,23
AGCAAGACGCTGACGCCCGG_011,56
AGCAAGACGCTGACGCCCGG_012,77
AGCAAGACGCTGACGCCCGG_013,106
AGCAAGACGCTGACGCCCGG_014,173
AGCAAGACGCTGACGCCCGG_015,161
AGCAAGACGCTGACGCCCGG_016,197
AGCAAGACGCTGACGCCCGG_017,20
AGCAAGACGCTGACGCCCGG_018,142
AGCAAGACGCTGACGCCCGG_019,62
AGCAAGACGCTGACGCCCGG_020,194
AGCAAGACGCTGACGCCCGG_021,181
AGCAAGACGCTGACGCCCGG_022,53
AGCAAGACGCTGACGCCCGG_023,68
AGCAAGACGCTGACGCCCGG_024,57
AGCAAGACGCTGACGCCCGG_025,175
AGCAAGACGCTGACGCCCGG_026,181
AGCAAGACGCTGACGCCCGG_027,183
AGCAAGACGCTGACGCCCGG_028,19
AGCAAGACGCTGACGCCCGG_029,39
GAAAAAGCTACAGATCTATG_001,91
GAAAAAGCTACAGATCTATG_002,172
TCGGGCACTCCAGATCCAAG_001,38
TCGGGCACTCCAGATCCAAG_002,19
TCGGGCACTCCAGATCCAAG_003,61
TCGGGCACTCCAGATCCAAG_004,69
TCGGGCACTCCAGATCCAAG_005,95
TCGGGCACTCCAGATCCAAG_006,162
TCGGGCACTCCAGATCCAAG_007,16
GTGGTGGAGCTGAAGTACAC_001,62
GTGGTGGAGCTGAAGTACAC_002,168
GTGGTGGAGCTGAAGTACAC_003,34
GTGGTGGAGCTGAAGTACAC_004,48
GTGGTGGAGCTGAAGTACAC_005,199
GTGGTGGAGCTGAAGTACAC_006,11
GTGGTGGAGCTGAAGTACAC_007,151
GTGGTGGAGCTGAAGTACAC_008,165
GTGGTGGAGCTGAAGTACAC_009,152
GTGGTGGAGCTGAAGTACAC_010,60
CCCGGACGAGTCACGCACAG_001,59
CCCGGACGAGTCACGCACAG_002,198
CCCGGACGAGTCACGCACAG_003,59
CCCGGACGAGTCACGCACAG_004,191
CCCGGACGAGTCACGCACAG_005,50
CCCGGACGAGTCACGCACAG_006,149
CCCGGACGAGTCACGCACAG_007,149
CCCGGACGAGTCACGCACAG_008,63
GCGACTGAGACCATTCGGAA_001,188
GCGACTGAGACCATTCGGAA_002,127
GCGACTGAGACCATTCGGAA_003,49
GCGACTGAGACCATTCGGAA_004,182
GCGACTGAGACCATTCGGAA_005,10
GCGACTGAGACCATTCGGAA_006,180
GCGACTGAGACCATTCGGAA_007,172
GCGACTGAGACCATTCGGAA_008,147
GCGACTGAGACCATTCGGAA_009,102
GCGACTGAGACCATTCGGAA_010,189
GCGACTGAGACCATTCGGAA_011,33
GCGACTGAGACCATTCGGAA_012,78
GCGACTGAGACCATTCGGAA_013,17
GCGACTGAGACCATTCGGAA_014,33
GCGACTGAGACCATTCGGAA_015,176
GCGACTGAGACCATTCGGAA_016,79
GCGACTGAGACCATTCGGAA_017,199
GCGACTGAGACCATTCGGAA_018,81
GCGACTGAGACCATTCGGAA_019,85
GCGACTGAGACCATTCGGAA_020,1
GCGACTGAGACCATTCGGAA_021,158
GCGACTGAGACCATTCGGAA_022,62
GCGACTGAGACCATTCGGAA_023,2
GCGACTGAGACCATTCGGAA_024,76
GCGACTGAGACCATTCGGAA_025,141
GCGACTGAGACCATTCGGAA_026,141
GCGACTGAGACCATTCGGAA_027,70
GCGACTGAGACCATTCGGAA_028,52
GCGACTGAGACCATTCGGAA_029,1
GCGACTGAGACCATTCGGAA_030,92
GCGACTGAGACCATTCGGAA_031,69
GCGACTGAGACCATTCGGAA_032,138
GCGACTGAGACCATTCGGAA_033,166
GCGACTGAGACCATTCGGAA_034,43
GCGACTGAGACCATTCGGAA_035,106
GCGACTGAGACCATTCGGAA_036,48
GCGACTGAGACCATTCGGAA_037,134
AAGACGTACTAGATGGACTG_001,37
AAGACGTACTAGATGGACTG_002,82
AAGACGTACTAGATGGACTG_003,17
AAGACGTACTAGATGGACTG_004,162
AAGACGTACTAGATGGACTG_005,52
AAGACGTACTAGATGGACTG_006,42
AAGACGTACTAGATGGACTG_007,129
AAGACGTACTAGATGGACTG_008,181
AAGACGTACTAGATGGACTG_009,188
AAGACGTACTAGATGGACTG_010,75
AAGACGTACTAGATGGACTG_011,187
AAGACGTACTAGATGGACTG_012,18
AAGACGTACTAGATGGACTG_013,33
AAGACGTACTAGATGGACTG_014,162
AAGACGTACTAGATGGACTG_015,191
AAGACGTACTAGATGGACTG_016,83
AAGACGTACTAGATGGACTG_017,115
AAGACGTACTAGATGGACTG_018,10
AAGACGTACTAGATGGACTG_019,124
TGTATGCCAACACATTCTCC_001,152
TGTATGCCAACACATTCTCC_002,15
TGTATGCCAACACATTCTCC_003,61
GAAAAGGCTACTCTGATGGA_001,80
AGAGTCATATAAGATATCAG_001,27
AGAGTCATATAAGATATCAG_002,70
CTGGCATACAATATAAACTG_001,25
CTGGCCACAGAACGGTCCAT_001,41
CTGGCCACAGAACGGTCCAT_002,141
CTGGCCACAGAACGGTCCAT_003,6
CTGGCCACAGAACGGTCCAT_004,156
CTGGCCACAGAACGGTCCAT_005,9
CTGGCCACAGAACGGTCCAT_006,45
CTGGCCACAGAACGGTCCAT_007,58
CTGGCCACAGAACGGTCCAT_008,22
CTGGCCACAGAACGGTCCAT_009,178
CTGGCCACAGAACGGTCCAT_010,58
CTGGCCACAGAACGGTCCAT_011,168
CTGGCCACAGAACGGTCCAT_012,168
CTGGCCACAGAACGGTCCAT_013,66
CTGGCCACAGAACGGTCCAT_014,104
CTGGCCACAGAACGGTCCAT_015,24
CTGGCCACAGAACGGTCCAT_016,9
TCTGGGGACAGGGCCTCAGT_001,4
TCTGGGGACAGGGCCTCAGT_002,115
TCTGGGGACAGGGCCTCAGT_003,144
TCTGGGGACAGGGCCTCAGT_004,76
TCTGGGGACAGGGCCTCAGT_005,57
TCTGGGGACAGGGCCTCAGT_006,157
TCTGGGGACAGGGCCTCAGT_007,22
TCTGGGGACAGGGCCTCAGT_008,66
AGGACCTTGTCGAATAACTG_001,144
AGGACCTTGTCGAATAACTG_002,191
AGGACCTTGTCGAATAACTG_003,146
AGGACCTTGTCGAATAACTG_004,88
AGGACCTTGTCGAATAACTG_005,78
AGGACCTTGTCGAATAACTG_006,42
AGGACCTTGTCGAATAACTG_007,148
AGGACCTTGTCGAATAACTG_008,119
AGGACCTTGTCGAATAACTG_009,128
AGGACCTTGTCGAATAACTG_010,126
AGGACCTTGTCGAATAACTG_011,76
AGGACCTTGTCGAATAACTG_012,164
AGGACCTTGTCGAATAACTG_013,166
AGGACCTTGTCGAATAACTG_014,169
AGGACCTTGTCGAATAACTG_015,176
AGGACCTTGTCGAATAACTG_016,167
AGGACCTTGTCGAATAACTG_017,51
AGGACCTTGTCGAATAACTG_018,178
AGGACCTTGTCGAATAACTG_019,65
AGGACCTTGTCGAATAACTG_020,142
AGGACCTTGTCGAATAACTG_021,190
GAGAAACTATTTGGAGGACA_001,132
CTGGCAATACTGTAGGCCAT_001,106
CTGGCAATACTGTAGGCCAT_002,29
CTGGCAATACTGTAGGCCAT_003,10
ATATCACTGAGTCCTACAGA_001,50
ATATCACTGAGTCCTACAGA_002,130
ATATCACTGAGTCCTACAGA_003,82
CTGTTGTCAAAATTGCCAGG_001,107
CTGTTGTCAAAATTGCCAGG_002,76
CTGTTGTCAAAATTGCCAGG_003,53
CTGTTGTCAAAATTGCCAGG_004,179
CTGTTGTCAAAATTGCCAGG_005,26
CTGTTGTCAAAATTGCCAGG_006,43
CTGTTGTCAAAATTGCCAGG_007,159
CTGTTGTCAAAATTGCCAGG_008,12
CTGTTGTCAAAATTGCCAGG_009,160
CTGTTGTCAAAATTGCCAGG_010,22
CTGTTGTCAAAATTGCCAGG_011,166
CTGTTGTCAAAATTGCCAGG_012,188
CTGTTGTCAAAATTGCCAGG_013,12
CTGTTGTCAAAATTGCCAGG_014,91
CTGTTGTCAAAATTGCCAGG_015,13
ACAAAAAGCAGCAATGTACA_001,98
ACAAAAAGCAGCAATGTACA_002,105
ACAAAAAGCAGCAATGTACA_003,127
ACAAAAAGCAGCAATGTACA_004,15
ACAAAAAGCAGCAATGTACA_005,172
ACAAAAAGCAGCAATGTACA_006,49
ACAAAAAGCAGCAATGTACA_007,154
ACAAAAAGCAGCAATGTACA_008,58
ACAAAAAGCAGCAATGTACA_009,92
ACAAAAAGCAGCAATGTACA_010,27
CCCCAGTCTCCAGAACACAG_001,14
CCCCAGTCTCCAGAACACAG_002,156
CCCCAGTCTCCAGAACACAG_003,66
CCCCAGTCTCCAGAACACAG_004,58
CCCCAGTCTCCAGAACACAG_005,15
CCCCAGTCTCCAGAACACAG_006,153
CCCCAGTCTCCAGAACACAG_007,78
CCCCAGTCTCCAGAACACAG_008,104
CGGGGAACGTGCTCCAGGCG_001,170
CGGGGAACGTGCTCCAGGCG_002,193
GACAAAGTACACGTCCGGCA_001,88
GACAAAGTACACGTCCGGCA_002,49
GACAAAGTACACGTCCGGCA_003,41
GACAAAGTACACGTCCGGCA_004,122
GACAAAGTACACGTCCGGCA_005,122
CTTAGGATTCCGAGGTATCT_001,28
CTTAGGATTCCGAGGTATCT_002,9
CTTAGGATTCCGAGGTATCT_003,58
CTTAGGATTCCGAGGTATCT_004,70
CTTAGGATTCCGAGGTATCT_005,163
CTTAGGATTCCGAGGTATCT_006,68
CAGACTCACAGGGTTGACTT_001,166
CAGACTCACAGGGTTGACTT_002,65
CAGACTCACAGGGTTGACTT_003,177
CAGACTCACAGGGTTGACTT_004,13
CAGACTCACAGGGTTGACTT_005,171
CAGACTCACAGGGTTGACTT_006,163
CAGACTCACAGGGTTGACTT_007,137
CAGACTCACAGGGTTGACTT_008,83
CAGACTCACAGGGTTGACTT_009,178
CAGACTCACAGGGTTGACTT_010,47
CAGACTCACAGGGTTGACTT_011,150
CAGACTCACAGGGTTGACTT_012,68
CAGACTCACAGGGTTGACTT_013,51
CAGACTCACAGGGTTGACTT_014,188
CAGACTCACAGGGTTGACTT_015,9
CAGACTCACAGGGTTGACTT_016,102
CAGACTCACAGGGTTGACTT_017,102
CAGACTCACAGGGTTGACTT_018,60
CAGACTCACAGGGTTGACTT_019,88
CAGACTCACAGGGTTGACTT_020,41
CAGACTCACAGGGTTGACTT_021,199
GATTATAAGAAGAAACGACA_001,197
GATTATAAGAAGAAACGACA_002,65
GATTATAAGAAGAAACGACA_003,123
GCACATACGTTGTCGACAGG_001,119
TAATGGACACTTAGAACATG_001,70
TAATGGACACTTAGAACATG_002,185
TAATGGACACTTAGAACATG_003,22
TGTGAAATTCAAGCTAGACC_001,30
TGTGAAATTCAAGCTAGACC_002,8
TGTGAAATTCAAGCTAGACC_003,100
TGTGAAATTCAAGCTAGACC_004,72
TGTGAAATTCAAGCTAGACC_005,15
GTCTATCTGAGGTCGCCGAA_001,19
GTCTATCTGAGGTCGCCGAA_002,77
GTCTATCTGAGGTCGCCGAA_003,49
GTCTATCTGAGGTCGCCGAA_004,184
GTCTATCTGAGGTCGCCGAA_005,81
GTCTATCTGAGGTCGCCGAA_006,86
GTCTATCTGAGGTCGCCGAA_007,160
GTCTATCTGAGGTCGCCGAA_008,33
GTCTATCTGAGGTCGCCGAA_009,170
GTCTATCTGAGGTCGCCGAA_010,127
GTCTATCTGAGGTCGCCGAA_011,184
GTCTATCTGAGGTCGCCGAA_012,188
GTCTATCTGAGGTCGCCGAA_013,78
GTCTATCTGAGGTCGCCGAA_014,116
AGCTTCGGGACGAATCACCA_001,171
AGCTTCGGGACGAATCACCA_002,115
AGCTTCGGGACGAATCACCA_003,150
AGCTTCGGGACGAATCACCA_004,26
AGCTTCGGGACGAATCACCA_005,84
TGCCAGAAGCTTACCTGACA_001,2
TGCCAGAAGCTTACCTGACA_002,56
TGCCAGAAGCTTACCTGACA_003,16
TGCCAGAAGCTTACCTGACA_004,94
TGCCAGAAGCTTACCTGACA_005,75
TGCCAGAAGCTTACCTGACA_006,183
TGCCAGAAGCTTACCTGACA_007,147
TGCCAGAAGCTTACCTGACA_008,137
TGCCAGAAGCTTACCTGACA_009,40
TGCCAGAAGCTTACCTGACA_010,122
TGCCAGAAGCTTACCTGACA_011,54
TGCCAGAAGCTTACCTGACA_012,55
TGCCAGAAGCTTACCTGACA_013,193
TGCCAGAAGCTTACCTGACA_014,19
CTCACAGAGAAGCGGCTACG_001,137
CTCACAGAGAAGCGGCTACG_002,50
CTCACAGAGAAGCGGCTACG_003,45
CTCACAGAGAAGCGGCTACG_004,29
CTCACAGAGAAGCGGCTACG_005,83
CTCACAGAGAAGCGGCTACG_006,20
CTCACAGAGAAGCGGCTACG_007,162
CTCACAGAGAAGCGGCTACG_008,148
GGCCCACCTGAGGCGGACGC_001,171
GGCCCACCTGAGGCGGACGC_002,75
GGCCCACCTGAGGCGGACGC_003,137
GGCCCACCTGAGGCGGACGC_004,144
GGCCCACCTGAGGCGGACGC_005,179
GGCCCACCTGAGGCGGACGC_006,50
GGCCCACCTGAGGCGGACGC_007,90
GGCCCACCTGAGGCGGACGC_008,78
GGCCCACCTGAGGCGGACGC_009,198
GGCCCACCTGAGGCGGACGC_010,124
GACATATGATCCATATGACA_001,159
AAAGCAGGACCCAGAATGGG_001,159
AAAGCAGGACCCAGAATGGG_002,120
AAAGCAGGACCCAGAATGGG_003,175
AAAGCAGGACCCAGAATGGG_004,11
AAAGCAGGACCCAGAATGGG_005,43
AAAGCAGGACCCAGAATGGG_006,53
AAAGCAGGACCCAGAATGGG_007,150
AAAGCAGGACCCAGAATGGG_008,148
AAAGCAGGACCCAGAATGGG_009,103
AAAGCAGGACCCAGAATGGG_010,166
AAAGCAGGACCCAGAATGGG_011,36
AAAGCAGGACCCAGAATGGG_012,178
AAAGCAGGACCCAGAATGGG_013,177
AAAGCAGGACCCAGAATGGG_014,106
AAAGCAGGACCCAGAATGGG_015,119
AAAGCAGGACCCAGAATGGG_016,157
AAAGCAGGACCCAGAATGGG_017,41
AAAGCAGGACCCAGAATGGG_018,166
AAAGCAGGACCCAGAATGGG_019,78
AAAGCAGGACCCAGAATGGG_020,16
AGAGAGAGTGAAACAACTAA_001,22
AGAGAGAGTGAAACAACTAA_002,149
AGAGAGAGTGAAACAACTAA_003,37
AGAGAGAGTGAAACAACTAA_004,31
AGAGAGAGTGAAACAACTAA_005,77
AGAGAGAGTGAAACAACTAA_006,147
CATTCACAGCCAACTGCATG_001,178
CATTCACAGCCAACTGCATG_002,158
CATTCACAGCCAACTGCATG_003,142
CATTCACAGCCAACTGCATG_004,163
CATTCACAGCCAACTGCATG_005,142
TCATAGGTCTCGTCATGGGG_001,65
TCATAGGTCTCGTCATGGGG_002,117
TCATAGGTCTCGTCATGGGG_003,29
TCATAGGTCTCGTCATGGGG_004,99
TCATAGGTCTCGTCATGGGG_005,166
TCATAGGTCTCGTCATGGGG_006,152
TCATAGGTCTCGTCATGGGG_007,18
TCATAGGTCTCGTCATGGGG_008,84
TCATAGGTCTCGTCATGGGG_009,153
TCATAGGTCTCGTCATGGGG_010,155
AGAGTACCGTGAGAAGATAG_001,198
AGAGTACCGTGAGAAGATAG_002,52
TATCCTGTGCTTAACGTGAA_001,49
TATCCTGTGCTTAACGTGAA_002,121
TATCCTGTGCTTAACGTGAA_003,98
TATCCTGTGCTTAACGTGAA_004,81
TATCCTGTGCTTAACGTGAA_005,9
TATCCTGTGCTTAACGTGAA_006,61
AGCACACTAGATGATACCAT_001,64
AGCACACTAGATGATACCAT_002,188
AGCACACTAGATGATACCAT_003,156
AGCACACTAGATGATACCAT_004,41
GTGCGGATACAGTTCAAGCA_001,72
GTGCGGATACAGTTCAAGCA_002,145
GTGCGGATACAGTTCAAGCA_003,185
GTGCGGATACAGTTCAAGCA_004,180
GTGCGGATACAGTTCAAGCA_005,162
ATCACAAGTACATCCCCCGG_001,9
ATCACAAGTACATCCCCCGG_002,147
ATCACAAGTACATCCCCCGG_003,107
ATCACAAGTACATCCCCCGG_004,16
ATCACAAGTACATCCCCCGG_005,171
GGACACAAGGCACCTCGTAG_001,127
GGACACAAGGCACCTCGTAG_002,184
GGACACAAGGCACCTCGTAG_003,134
GGACACAAGGCACCTCGTAG_004,137
GGACACAAGGCACCTCGTAG_005,58
GGACACAAGGCACCTCGTAG_006,83
GGACACAAGGCACCTCGTAG_007,49
GGACACAAGGCACCTCGTAG_008,94
GGACACAAGGCACCTCGTAG_009,40
GGACACAAGGCACCTCGTAG_010,133
GGACACAAGGCACCTCGTAG_011,155
GGACACAAGGCACCTCGTAG_012,49
GGACACAAGGCACCTCGTAG_013,94
GGACACAAGGCACCTCGTAG_014,178
GGACACAAGGCACCTCGTAG_015,70
GGACACAAGGCACCTCGTAG_016,148
GGACACAAGGCACCTCGTAG_017,81
GGACACAAGGCACCTCGTAG_018,26
GGACACAAGGCACCTCGTAG_019,134
GGACACAAGGCACCTCGTAG_020,62
GGACACAAGGCACCTCGTAG_021,50
GGACACAAGGCACCTCGTAG_022,120
GGACACAAGGCACCTCGTAG_023,149
GGACACAAGGCACCTCGTAG_024,82
GGACACAAGGCACCTCGTAG_025,199
GGACACAAGGCACCTCGTAG_026,166
GGACACAAGGCACCTCGTAG_027,156
GGACACAAGGCACCTCGTAG_028,114
GGACACAAGGCACCTCGTAG_029,28
GGACACAAGGCACCTCGTAG_030,72
GGACACAAGGCACCTCGTAG_031,66
GGACACAAGGCACCTCGTAG_032,126
GGACACAAGGCACCTCGTAG_033,5
GGACACAAGGCACCTCGTAG_034,102
GGACACAAGGCACCTCGTAG_035,53
TCGGGATCCCATTTACGTGG_001,88
ACGGAGACTCGTCATCACCG_001,142
ACGGAGACTCGTCATCACCG_002,84
ACGGAGACTCGTCATCACCG_003,132
ACGGAGACTCGTCATCACCG_004,123
ACGGAGACTCGTCATCACCG_005,70
ACGGAGACTCGTCATCACCG_006,186
ACGGAGACTCGTCATCACCG_007,122
ACGGAGACTCGTCATCACCG_008,190
ACGGAGACTCGTCATCACCG_009,46
ACGGAGACTCGTCATCACCG_010,174
ACGGAGACTCGTCATCACCG_011,184
ACGGAGACTCGTCATCACCG_012,188
ACGGAGACTCGTCATCACCG_013,198
ACGGAGACTCGTCATCACCG_014,19
GATTGATACACAAGAAGACA_001,24
GATTGATACACAAGAAGACA_002,60
GATTGATACACAAGAAGACA_003,77
TTGGAATGGAGAGAAATGGA_001,48
TTGGAATGGAGAGAAATGGA_002,26
TTGGAATGGAGAGAAATGGA_003,57
TTGGAATGGAGAGAAATGGA_004,175
AAGTTGCAACAGCTCCGACA_001,145
AAGTTGCAACAGCTCCGACA_002,123
AAGTTGCAACAGCTCCGACA_003,35
CAAATACAAGCTCTGCCAGG_001,166
CAAATACAAGCTCTGCCAGG_002,57
CAAATACAAGCTCTGCCAGG_003,88
CAAATACAAGCTCTGCCAGG_004,169
CAAATACAAGCTCTGCCAGG_005,142
CAAATACAAGCTCTGCCAGG_006,59
GAGGCGCTGAGAAGTAGACG_001,160
GAGGCGCTGAGAAGTAGACG_002,114
GAGGCGCTGAGAAGTAGACG_003,114
GAGGCGCTGAGAAGTAGACG_004,70
GAGGCGCTGAGAAGTAGACG_005,176
GAGGCGCTGAGAAGTAGACG_006,176
GAGGCGCTGAGAAGTAGACG_007,80
GAGGCGCTGAGAAGTAGACG_008,84
GAGGCGCTGAGAAGTAGACG_009,121
TCCACTTGAGAAGAGAAGCG_001,15
TCCACTTGAGAAGAGAAGCG_002,121
TCCACTTGAGAAGAGAAGCG_003,104
TCCACTTGAGAAGAGAAGCG_004,134
TCCACTTGAGAAGAGAAGCG_005,53
TCCACTTGAGAAGAGAAGCG_006,15
TCCACTTGAGAAGAGAAGCG_007,141
TCCACTTGAGAAGAGAAGCG_008,26
TCCACTTGAGAAGAGAAGCG_009,124
TCCACTTGAGAAGAGAAGCG_010,68
GGAATCTTCCAAATATGGTG_001,9
GGAATCTTCCAAATATGGTG_002,137
GGAATCTTCCAAATATGGTG_003,2
GGAATCTTCCAAATATGGTG_004,199
AAGGAGCCAACATAACAGAT_001,50
AAGGAGCCAACATAACAGAT_002,19
AAGGAGCCAACATAACAGAT_003,34
AAGGAGCCAACATAACAGAT_004,138
AAGGAGCCAACATAACAGAT_005,54
AAGGAGCCAACATAACAGAT_006,10
AAGGAGCCAACATAACAGAT_007,106
AAGGAGCCAACATAACAGAT_008,62
AAGGAGCCAACATAACAGAT_009,57
AAGGAGCCAACATAACAGAT_010,78
GAATAGTCAAGTTTGCTGCA_001,196
GAATAGTCAAGTTTGCTGCA_002,176
GAATAGTCAAGTTTGCTGCA_003,166
GGAGGACGGCGAGTTATCAG_001,144
GGAGGACGGCGAGTTATCAG_002,71
GGAGGACGGCGAGTTATCAG_003,126
GGAGGACGGCGAGTTATCAG_004,43
GGAGGACGGCGAGTTATCAG_005,171
GGAGGACGGCGAGTTATCAG_006,64
GGAGGACGGCGAGTTATCAG_007,3
GGAGGACGGCGAGTTATCAG_008,191
GGAGGACGGCGAGTTATCAG_009,55
GGAGGACGGCGAGTTATCAG_010,148
GGAGGACGGCGAGTTATCAG_011,33
GGAGGACGGCGAGTTATCAG_012,154
GGAGGACGGCGAGTTATCAG_013,198
TTCTACACGCCGGTTGATGG_001,7
TTCTACACGCCGGTTGATGG_002,83
TTCTACACGCCGGTTGATGG_003,33
TTCTACACGCCGGTTGATGG_004,87
TTCTACACGCCGGTTGATGG_005,172
TTCTACACGCCGGTTGATGG_006,46
GCAGCACCCCGAATACCCAG_001,154
GCAGCACCCCGAATACCCAG_002,53
GCAGCACCCCGAATACCCAG_003,159
GCAGCACCCCGAATACCCAG_004,21
GCAGCACCCCGAATACCCAG_005,63
GCAGCACCCCGAATACCCAG_006,60
GCAGCACCCCGAATACCCAG_007,61
GCAGCACCCCGAATACCCAG_008,166
GCAGTGATGAGTCATCAGAG_001,94
GCAGTGATGAGTCATCAGAG_002,149
GCAGTGATGAGTCATCAGAG_003,151
GCAGTGATGAGTCATCAGAG_004,96
GCAGTGATGAGTCATCAGAG_005,120
GCAGTGATGAGTCATCAGAG_006,145
GCAGTGATGAGTCATCAGAG_007,108
GCAGTGATGAGTCATCAGAG_008,183
GCAGTGATGAGTCATCAGAG_009,28
GCAGTGATGAGTCATCAGAG_010,151
GCAGTGATGAGTCATCAGAG_011,53
GCAGTGATGAGTCATCAGAG_012,162
GCAGTGATGAGTCATCAGAG_013,183
GCAGTGATGAGTCATCAGAG_014,127
GCAGTGATGAGTCATCAGAG_015,34
GCAGTGATGAGTCATCAGAG_016,34
GGCACAGAACGGGAGACTCA_001,13
GGCACAGAACGGGAGACTCA_002,174
GGCACAGAACGGGAGACTCA_003,56
GGCACAGAACGGGAGACTCA_004,158
GGCACAGAACGGGAGACTCA_005,102
GGCACAGAACGGGAGACTCA_006,151
GGCACAGAACGGGAGACTCA_007,170
GGCACAGAACGGGAGACTCA_008,15
GGCACAGAACGGGAGACTCA_009,21
GGCACAGAACGGGAGACTCA_010,108
GGCACAGAACGGGAGACTCA_011,172
GGCACAGAACGGGAGACTCA_012,30
GGCACAGAACGGGAGACTCA_013,76
GGCACAGAACGGGAGACTCA_014,29
GGCACAGAACGGGAGACTCA_015,188
GGCACAGAACGGGAGACTCA_016,29
GGCACAGAACGGGAGACTCA_017,15
GGCACAGAACGGGAGACTCA_018,176
GGCACAGAACGGGAGACTCA_019,97
GGCACAGAACGGGAGACTCA_020,47
GGCACAGAACGGGAGACTCA_021,161
GGCACAGAACGGGAGACTCA_022,52
GGCACAGAACGGGAGACTCA_023,50
GGCACAGAACGGGAGACTCA_024,56
GGCACAGAACGGGAGACTCA_025,137
GGCACAGAACGGGAGACTCA_026,55
GGCACAGAACGGGAGACTCA_027,177
GGCACAGAACGGGAGACTCA_028,168
GGCACAGAACGGGAGACTCA_029,190
GGCACAGAACGGGAGACTCA_030,56
GGCACAGAACGGGAGACTCA_031,180
GGCACAGAACGGGAGACTCA_032,162
GGTGCAAGTCATCATCGCTG_001,92
GGTGCAAGTCATCATCGCTG_002,133
GGTGCAAGTCATCATCGCTG_003,194
GGTGCAAGTCATCATCGCTG_004,16
GGTGCAAGTCATCATCGCTG_005,137
GGTGCAAGTCATCATCGCTG_006,60
GGTGCAAGTCATCATCGCTG_007,149
GGTGCAAGTCATCATCGCTG_008,67
GGTGCAAGTCATCATCGCTG_009,82
GGTGCAAGTCATCATCGCTG_010,74
GGTGCAAGTCATCATCGCTG_011,2
GGTGCAAGTCATCATCGCTG_012,158
GGTGCAAGTCATCATCGCTG_013,109
TCACAAGTAGGCTTGACACA_001,26
ATAAACTGCACGGACATACT_001,158
ATAAACTGCACGGACATACT_002,199
ATAAACTGCACGGACATACT_003,41
ATAAACTGCACGGACATACT_004,197
ATAAACTGCACGGACATACT_005,113
CAGATGGGCGGGTCATCGGG_001,149
CAGATGGGCGGGTCATCGGG_002,176
CAGATGGGCGGGTCATCGGG_003,23
CAGATGGGCGGGTCATCGGG_004,15
CAGATGGGCGGGTCATCGGG_005,153
CAGATGGGCGGGTCATCGGG_006,115
CAGATGGGCGGGTCATCGGG_007,78
CAGATGGGCGGGTCATCGGG_008,163
CAGATGGGCGGGTCATCGGG_009,55
CAGATGGGCGGGTCATCGGG_010,41
CAGATGGGCGGGTCATCGGG_011,11
CAGATGGGCGGGTCATCGGG_012,139
CAGATGGGCGGGTCATCGGG_013,153
CAGATGGGCGGGTCATCGGG_014,173
CAGATGGGCGGGTCATCGGG_015,98
CAGATGGGCGGGTCATCGGG_016,88
CAGATGGGCGGGTCATCGGG_017,16
CAGATGGGCGGGTCATCGGG_018,121
CAGATGGGCGGGTCATCGGG_019,1
CAGATGGGCGGGTCATCGGG_020,67
CAGATGGGCGGGTCATCGGG_021,144
CAGATGGGCGGGTCATCGGG_022,144
CAGATGGGCGGGTCATCGGG_023,156
CAGATGGGCGGGTCATCGGG_024,164
CAGATGGGCGGGTCATCGGG_025,105
CAGATGGGCGGGTCATCGGG_026,17
CAGATGGGCGGGTCATCGGG_027,17
CAGATGGGCGGGTCATCGGG_028,15
CAGATGGGCGGGTCATCGGG_029,130
CAGATGGGCGGGTCATCGGG_030,1
CAGATGGGCGGGTCATCGGG_031,197
CAGATGGGCGGGTCATCGGG_032,116
CAGATGGGCGGGTCATCGGG_033,183
CAGATGGGCGGGTCATCGGG_034,27
CAGATGGGCGGGTCATCGGG_035,113
CAGATGGGCGGGTCATCGGG_036,56
CAGATGGGCGGGTCATCGGG_037,48
CAGATGGGCGGGTCATCGGG_038,45
CAGATGGGCGGGTCATCGGG_039,98
CAGATGGGCGGGTCATCGGG_040,31
CAGATGGGCGGGTCATCGGG_041,5
CAGATGGGCGGGTCATCGGG_042,118
CAGATGGGCGGGTCATCGGG_043,134
CAGATGGGCGGGTCATCGGG_044,58
CAGATGGGCGGGTCATCGGG_045,40
CAGATGGGCGGGTCATCGGG_046,169
CAGATGGGCGGGTCATCGGG_047,137
CAGATGGGCGGGTCATCGGG_048,3
CAGATGGGCGGGTCATCGGG_049,35
CAGATGGGCGGGTCATCGGG_050,102
CAGATGGGCGGGTCATCGGG_051,77
CAGATGGGCGGGTCATCGGG_052,39
CAGATGGGCGGGTCATCGGG_053,152
CAGATGGGCGGGTCATCGGG_054,50
CAGATGGGCGGGTCATCGGG_055,39
CAGATGGGCGGGTCATCGGG_056,169
CAGATGGGCGGGTCATCGGG_057,197
CAGATGGGCGGGTCATCGGG_058,146
CAGATGGGCGGGTCATCGGG_059,127
ACCAGCACCGTGATACTACG_001,135
ATGGCAAGAGAATTACTGGG_001,103
ATGGCAAGAGAATTACTGGG_002,50
ATGGCAAGAGAATTACTGGG_003,165
ATGGCAAGAGAATTACTGGG_004,98
ATGGCAAGAGAATTACTGGG_005,138
ATGGCAAGAGAATTACTGGG_006,189
ATGGCAAGAGAATTACTGGG_007,61
ATGGCAAGAGAATTACTGGG_008,56
ATGGCAAGAGAATTACTGGG_009,172
ATGGCAAGAGAATTACTGGG_010,177
ATGGCAAGAGAATTACTGGG_011,72
ATGGCAAGAGAATTACTGGG_012,15
ATGGCAAGAGAATTACTGGG_013,153
CCCAGGTTCGCAGACCAGCG_001,105
CCCAGGTTCGCAGACCAGCG_002,157
CCCAGGTTCGCAGACCAGCG_003,160
CCCAGGTTCGCAGACCAGCG_004,21
CCCAGGTTCGCAGACCAGCG_005,170
CCCAGGTTCGCAGACCAGCG_006,146
CCCAGGTTCGCAGACCAGCG_007,94
CCCAGGTTCGCAGACCAGCG_008,80
CCCAGGTTCGCAGACCAGCG_009,177
CCCAGGTTCGCAGACCAGCG_010,34
CCCAGGTTCGCAGACCAGCG_011,192
CCCAGGTTCGCAGACCAGCG_012,138
CCCAGGTTCGCAGACCAGCG_013,1
CCCAGGTTCGCAGACCAGCG_014,49
CCCAGGTTCGCAGACCAGCG_015,175
TGTGCGCAAGGGCAACACGC_001,4
TGTGCGCAAGGGCAACACGC_002,147
TGTGCGCAAGGGCAACACGC_003,11
TGTGCGCAAGGGCAACACGC_004,60
TGTGCGCAAGGGCAACACGC_005,170
TGTGCGCAAGGGCAACACGC_006,45
TTCCATCAGAAACCCTCAGT_001,75
TTCCATCAGAAACCCTCAGT_002,47
TTCCATCAGAAACCCTCAGT_003,10
TTCCATCAGAAACCCTCAGT_004,98
TTCCATCAGAAACCCTCAGT_005,148
CACATAGAGAGTGTGCGCCG_001,2
CACATAGAGAGTGTGCGCCG_002,91
CACATAGAGAGTGTGCGCCG_003,0
CACATAGAGAGTGTGCGCCG_004,93
CACATAGAGAGTGTGCGCCG_005,174
CACATAGAGAGTGTGCGCCG_006,99
CACATAGAGAGTGTGCGCCG_007,180
CACATAGAGAGTGTGCGCCG_008,81
AGAGCAATTCGAGATTACCA_001,81
AGAGCAATTCGAGATTACCA_002,147
AGAGCAATTCGAGATTACCA_003,70
GAACGTTCACCCATGAAACA_001,170
GAACGTTCACCCATGAAACA_002,128
GAACGTTCACCCATGAAACA_003,129
GAACGTTCACCCATGAAACA_004,53
GAACGTTCACCCATGAAACA_005,65
GAACGTTCACCCATGAAACA_006,50
GAACGTTCACCCATGAAACA_007,35
GAACGTTCACCCATGAAACA_008,186
GAACGTTCACCCATGAAACA_009,76
GAACGTTCACCCATGAAACA_010,48
GAACGTTCACCCATGAAACA_011,137
ATTCACTGGGCTATTCAAGA_001,199
ATTCACTGGGCTATTCAAGA_002,193
ATTCACTGGGCTATTCAAGA_003,11
ATTCACTGGGCTATTCAAGA_004,35
ATTCACTGGGCTATTCAAGA_005,198
ATTCACTGGGCTATTCAAGA_006,174
ATTCACTGGGCTATTCAAGA_007,129
AGCAGTGAGAACTCAAAATG_001,146
AGCAGTGAGAACTCAAAATG_002,29
AGCAGTGAGAACTCAAAATG_003,114
AGCAGTGAGAACTCAAAATG_004,69
AGCAGTGAGAACTCAAAATG_005,145
AGCAGTGAGAACTCAAAATG_006,134
AGCAGTGAGAACTCAAAATG_007,42
AGCAGTGAGAACTCAAAATG_008,112
AGCAGTGAGAACTCAAAATG_009,77
AGCAGTGAGAACTCAAAATG_010,0
AGCAGTGAGAACTCAAAATG_011,168
AGCAGTGAGAACTCAAAATG_012,96
ATATATCAAGAGTACTTGTG_001,148
ATATATCAAGAGTACTTGTG_002,33
ATATATCAAGAGTACTTGTG_003,46
ATATATCAAGAGTACTTGTG_004,100
ATATATCAAGAGTACTTGTG_005,15
ATATATCAAGAGTACTTGTG_006,37
ATATATCAAGAGTACTTGTG_007,51
ATATATCAAGAGTACTTGTG_008,149
ATATATCAAGAGTACTTGTG_009,189
GGAGGCCTGTCATGGGCATG_001,38
GGAGGCCTGTCATGGGCATG_002,70
GGAGGCCTGTCATGGGCATG_003,62
GGAGGCCTGTCATGGGCATG_004,176
GGAGGCCTGTCATGGGCATG_005,174
GGAGGCCTGTCATGGGCATG_006,6
GGAGGCCTGTCATGGGCATG_007,6
GGAGGCCTGTCATGGGCATG_008,144
GGAGGCCTGTCATGGGCATG_009,168
GGAGGCCTGTCATGGGCATG_010,107
GGAGGCCTGTCATGGGCATG_011,84
GGAGGCCTGTCATGGGCATG_012,196
GGAGGCCTGTCATGGGCATG_013,65
GGAGGCCTGTCATGGGCATG_014,186
GGAGGCCTGTCATGGGCATG_015,163
GGAGGCCTGTCATGGGCATG_016,74
GGAGGCCTGTCATGGGCATG_017,19
GGAGGCCTGTCATGGGCATG_018,199
ACAGCAGGCCTGTTGGCATG_001,130
ACAGCAGGCCTGTTGGCATG_002,168
ACAGCAGGCCTGTTGGCATG_003,170
ACAGCAGGCCTGTTGGCATG_004,10
ACAGCAGGCCTGTTGGCATG_005,151
ACAGCAGGCCTGTTGGCATG_006,7
ACAGCAGGCCTGTTGGCATG_007,125
ACAGCAGGCCTGTTGGCATG_008,127
ACAGCAGGCCTGTTGGCATG_009,195
ACAGCAGGCCTGTTGGCATG_010,184
ACAGCAGGCCTGTTGGCATG_011,103
ACAGCAGGCCTGTTGGCATG_012,70
ACAGCAGGCCTGTTGGCATG_013,43
ACAGCAGGCCTGTTGGCATG_014,12
GACAACGACTATCTGCTACA_001,181
GACAACGACTATCTGCTACA_002,193
GACAACGACTATCTGCTACA_003,188
GACAACGACTATCTGCTACA_004,29
GACAACGACTATCTGCTACA_005,35
GACAACGACTATCTGCTACA_006,33
GACAACGACTATCTGCTACA_007,177
GACAACGACTATCTGCTACA_008,183
GGCCTGCTACCTCTTCGTGT_001,104
GGCCTGCTACCTCTTCGTGT_002,34
GGCCTGCTACCTCTTCGTGT_003,96
GGCCTGCTACCTCTTCGTGT_004,20
GGCCTGCTACCTCTTCGTGT_005,161
ATGGCCAATACAAGTAAACG_001,157
GATTGTCCGTTATCACAAGG_001,36
AGCAGAACATCGGATTTCGG_001,154
AGCAGAACATCGGATTTCGG_002,81
AGCAGAACATCGGATTTCGG_003,54
AGCAGAACATCGGATTTCGG_004,60
AGCAGAACATCGGATTTCGG_005,154
AGCAGAACATCGGATTTCGG_006,53
AGCAGAACATCGGATTTCGG_007,62
AGCAGAACATCGGATTTCGG_008,137
AGCAGAACATCGGATTTCGG_009,80
AGCAGAACATCGGATTTCGG_010,104
AGCAGAACATCGGATTTCGG_011,187
AGCAGAACATCGGATTTCGG_012,84
AGCAGAACATCGGATTTCGG_013,147
AGCAGAACATCGGATTTCGG_014,158
AGCAGAACATCGGATTTCGG_015,102
AGCAGAACATCGGATTTCGG_016,194
AGCAGAACATCGGATTTCGG_017,68
AGCAGAACATCGGATTTCGG_018,151
AGCAGAACATCGGATTTCGG_019,88
AGCAGAACATCGGATTTCGG_020,150
GAGAAGCAGATTGTTCAGCA_001,121
GAGAAGCAGATTGTTCAGCA_002,130
GAGAAGCAGATTGTTCAGCA_003,116
GATCGGATTGGCAAATAAAG_001,130
GATCGGATTGGCAAATAAAG_002,172
GATCGGATTGGCAAATAAAG_003,16
GATCGGATTGGCAAATAAAG_004,57
GATCGGATTGGCAAATAAAG_005,9
GATCGGATTGGCAAATAAAG_006,86
GATCGGATTGGCAAATAAAG_007,77
TCTATGTTGACCTAATCGAC_001,15
CACTTCACTCCATTATGGAA_001,102
CACTTCACTCCATTATGGAA_002,48
CACTTCACTCCATTATGGAA_003,188
CACTTCACTCCATTATGGAA_004,142
CACTTCACTCCATTATGGAA_005,49
CACTTCACTCCATTATGGAA_006,53
CACTTCACTCCATTATGGAA_007,141
CACTTCACTCCATTATGGAA_008,186
CACTTCACTCCATTATGGAA_009,104
CACTTCACTCCATTATGGAA_010,169
CACTTCACTCCATTATGGAA_011,40
CACTTCACTCCATTATGGAA_012,117
CACTTCACTCCATTATGGAA_013,76
CACTTCACTCCATTATGGAA_014,168
CACTTCACTCCATTATGGAA_015,48
ACCCACGAAGTAGTTACTGG_001,146
ACCCACGAAGTAGTTACTGG_002,78
ACCCACGAAGTAGTTACTGG_003,69
ACCCACGAAGTAGTTACTGG_004,16
ACCCACGAAGTAGTTACTGG_005,58
ACCCACGAAGTAGTTACTGG_006,141
ACCCACGAAGTAGTTACTGG_007,94
TATTCTTGCAGGCTATGTTG_001,12
TATTCTTGCAGGCTATGTTG_002,49
CTCCACCACAACGCAATCGG_001,35
CTCCACCACAACGCAATCGG_002,58
CTCCACCACAACGCAATCGG_003,148
CTCCACCACAACGCAATCGG_004,109
CTCCACCACAACGCAATCGG_005,104
CTCCACCACAACGCAATCGG_006,95
CTCCACCACAACGCAATCGG_007,59
CTCCACCACAACGCAATCGG_008,19
TTTACCTGCAAGGAAGACAC_001,11
TTTACCTGCAAGGAAGACAC_002,130
TTTACCTGCAAGGAAGACAC_003,56
TTTACCTGCAAGGAAGACAC_004,80
TTTACCTGCAAGGAAGACAC_005,196
TTTACCTGCAAGGAAGACAC_006,68
TTTACCTGCAAGGAAGACAC_007,36
ATATGTGTTAAATTCACTCG_001,83
ATATGTGTTAAATTCACTCG_002,148
ATATGTGTTAAATTCACTCG_003,189
ATATGTGTTAAATTCACTCG_004,46
ATATGTGTTAAATTCACTCG_005,197
AGACAACTGTTCCAAAACAA_001,34
AGACAACTGTTCCAAAACAA_002,92
AGACAACTGTTCCAAAACAA_003,198
AGACAACTGTTCCAAAACAA_004,93
AGACAACTGTTCCAAAACAA_005,96
AGACAACTGTTCCAAAACAA_006,81
AGACAACTGTTCCAAAACAA_007,130
AGACAACTGTTCCAAAACAA_008,170
AGACAACTGTTCCAAAACAA_009,4
AGACAACTGTTCCAAAACAA_010,17
AGACAACTGTTCCAAAACAA_011,6
AGACAACTGTTCCAAAACAA_012,160
AGACAACTGTTCCAAAACAA_013,98
AGACAACTGTTCCAAAACAA_014,71
CAAAGTCATCCAAACCCAGG_001,148
CAAAGTCATCCAAACCCAGG_002,62
CAAAGTCATCCAAACCCAGG_003,133
CACACGAATGAATCCCGCAT_001,68
CACACGAATGAATCCCGCAT_002,168
CACACGAATGAATCCCGCAT_003,181
CACACGAATGAATCCCGCAT_004,137
CACACGAATGAATCCCGCAT_005,162
CACACGAATGAATCCCGCAT_006,1
CACACGAATGAATCCCGCAT_007,146
CACACGAATGAATCCCGCAT_008,149
CACACGAATGAATCCCGCAT_009,50
CACACGAATGAATCCCGCAT_010,50
CACACGAATGAATCCCGCAT_011,57
AGTAAACCCACTTACCAACA_001,62
AGTAAACCCACTTACCAACA_002,61
AGTAAACCCACTTACCAACA_003,113
ATGGTTCAGCAAGTTCGACG_001,139
ATGGTTCAGCAAGTTCGACG_002,185
ATGGTTCAGCAAGTTCGACG_003,130
ATGGTTCAGCAAGTTCGACG_004,15
ATGGTTCAGCAAGTTCGACG_005,102
ATGGTTCAGCAAGTTCGACG_006,185
ATGGTTCAGCAAGTTCGACG_007,166
ATGGTTCAGCAAGTTCGACG_008,160
ATGGTTCAGCAAGTTCGACG_009,196
ATGGTTCAGCAAGTTCGACG_010,31
ATGGTTCAGCAAGTTCGACG_011,152
ATGGTTCAGCAAGTTCGACG_012,48
ATGGTTCAGCAAGTTCGACG_013,137
ATGGTTCAGCAAGTTCGACG_014,52
CAGTGACAGTACCTACTCGG_001,192
CAGTGACAGTACCTACTCGG_002,76
CAGTGACAGTACCTACTCGG_003,188
CAGTGACAGTACCTACTCGG_004,199
CAGTGACAGTACCTACTCGG_005,11
CAGTGACAGTACCTACTCGG_006,160
TACAGTAGAAAATTTCCCAG_001,50
TACAGTAGAAAATTTCCCAG_002,140
TACAGTAGAAAATTTCCCAG_003,162
CCCACCCACAGGGATCAACG_001,116
CCCACCCACAGGGATCAACG_002,76
CCCACCCACAGGGATCAACG_003,130
CCCACCCACAGGGATCAACG_004,119
CCCACCCACAGGGATCAACG_005,86
CCCACCCACAGGGATCAACG_006,98
CCCACCCACAGGGATCAACG_007,123
CCCACCCACAGGGATCAACG_008,191
CCCACCCACAGGGATCAACG_009,76
CCCACCCACAGGGATCAACG_010,175
CCCACCCACAGGGATCAACG_011,1
CCCACCCACAGGGATCAACG_012,186
CCCACCCACAGGGATCAACG_013,58
CCCACCCACAGGGATCAACG_014,1
CCCACCCACAGGGATCAACG_015,105
CCCACCCACAGGGATCAACG_016,102
CCCACCCACAGGGATCAACG_017,126
CCCACCCACAGGGATCAACG_018,27
CCCACCCACAGGGATCAACG_019,5
CCCACCCACAGGGATCAACG_020,86
CCCACCCACAGGGATCAACG_021,86
CCCACCCACAGGGATCAACG_022,107
CCCACCCACAGGGATCAACG_023,149
CCCACCCACAGGGATCAACG_024,190
AGCTTCGATTCCAACCTCGA_001,104
AGCTTCGATTCCAACCTCGA_002,68
AGCTTCGATTCCAACCTCGA_003,170
AGCTTCGATTCCAACCTCGA_004,133
AGCTTCGATTCCAACCTCGA_005,83
AGCTTCGATTCCAACCTCGA_006,17
AGCTTCGATTCCAACCTCGA_007,152
AGCTTCGATTCCAACCTCGA_008,12
AGCTTCGATTCCAACCTCGA_009,120
AGCTTCGATTCCAACCTCGA_010,130
AGCTTCGATTCCAACCTCGA_011,29
AGCTTCGATTCCAACCTCGA_012,117
AGCTTCGATTCCAACCTCGA_013,197
AGCTTCGATTCCAACCTCGA_014,39
GGTCCCTGGATCGTCGTAGG_001,47
GGTCCCTGGATCGTCGTAGG_002,105
GGTCCCTGGATCGTCGTAGG_003,86
GGTCCCTGGATCGTCGTAGG_004,144
GGTCCCTGGATCGTCGTAGG_005,26
GGTCCCTGGATCGTCGTAGG_006,169
GGTCCCTGGATCGTCGTAGG_007,12
GGTCCCTGGATCGTCGTAGG_008,191
GGTCCCTGGATCGTCGTAGG_009,10
GGTCCCTGGATCGTCGTAGG_010,46
ACACAGACAGACACATAGTG_001,169
ACACAGACAGACACATAGTG_002,188
ACACAGACAGACACATAGTG_003,40
ACACAGACAGACACATAGTG_004,162
ACACAGACAGACACATAGTG_005,191
ACACAGACAGACACATAGTG_006,36
ACACAGACAGACACATAGTG_007,13
ACACAGACAGACACATAGTG_008,83
ACACAGACAGACACATAGTG_009,174
ACACAGACAGACACATAGTG_010,174
ACACAGACAGACACATAGTG_011,192
ACACAGACAGACACATAGTG_012,188
ACACAGACAGACACATAGTG_013,144
ACACAGACAGACACATAGTG_014,41
ACACAGACAGACACATAGTG_015,65
GAGCATTGAGGACGTCGTAG_001,134
GAGCATTGAGGACGTCGTAG_002,168
GAGCATTGAGGACGTCGTAG_003,169
GAGCATTGAGGACGTCGTAG_004,5
CAGGAACCACTGAGAAATCG_001,49
CAGGAACCACTGAGAAATCG_002,38
CAGGAACCACTGAGAAATCG_003,155
GGAGTCCTACCGGCCAGACA_001,56
GGAGTCCTACCGGCCAGACA_002,128
GGAGTCCTACCGGCCAGACA_003,15
GGAGTCCTACCGGCCAGACA_004,64
GGAGTCCTACCGGCCAGACA_005,108
GGAGAAAAAGGGTGGACTCA_001,169
GGAGAAAAAGGGTGGACTCA_002,80
GGAGAAAAAGGGTGGACTCA_003,84
GGAGAAAAAGGGTGGACTCA_004,81
GGGAAGCCAAGATCTCAATG_001,170
CCGTCTTACAGATATTAGCA_001,77
CCGTCTTACAGATATTAGCA_002,76
CCTTGACCAGCACGTTGTGG_001,15
CCTTGACCAGCACGTTGTGG_002,137
CCTTGACCAGCACGTTGTGG_003,196
CCTTGACCAGCACGTTGTGG_004,46
CCTTGACCAGCACGTTGTGG_005,175
CCTTGACCAGCACGTTGTGG_006,159
CCTTGACCAGCACGTTGTGG_007,29
CCTTGACCAGCACGTTGTGG_008,124
CCTTGACCAGCACGTTGTGG_009,9
CCTTGACCAGCACGTTGTGG_010,1
CCTTGACCAGCACGTTGTGG_011,40
CCTTGACCAGCACGTTGTGG_012,137
CCTTGACCAGCACGTTGTGG_013,27
GATGTAGTTGAACATCCCGT_001,12
GATGTAGTTGAACATCCCGT_002,153
GATGTAGTTGAACATCCCGT_003,88
GATGTAGTTGAACATCCCGT_004,70
GATGTAGTTGAACATCCCGT_005,48
AGAGGACGAGAAACTGAATG_001,148
AGAGGACGAGAAACTGAATG_002,48
AGAGGACGAGAAACTGAATG_003,181
AGAGGACGAGAAACTGAATG_004,50
AGAGGACGAGAAACTGAATG_005,147
AGAGGACGAGAAACTGAATG_006,100
AGAGGACGAGAAACTGAATG_007,73
ACAAAGGCTTATTCCAGACG_001,152
ACAAAGGCTTATTCCAGACG_002,42
ACAAAGGCTTATTCCAGACG_003,137
ATGACCAAAGCATTGTAACA_001,104
ATGACCAAAGCATTGTAACA_002,56
ATGACCAAAGCATTGTAACA_003,53
ATGACCAAAGCATTGTAACA_004,188
ATGACCAAAGCATTGTAACA_005,36
ATGACCAAAGCATTGTAACA_006,62
ATGACCAAAGCATTGTAACA_007,46
CCTGTCCCGCATCCATCGTG_001,101
CCTGTCCCGCATCCATCGTG_002,169
CCTGTCCCGCATCCATCGTG_003,87
CCTGTCCCGCATCCATCGTG_004,60
CCTGTCCCGCATCCATCGTG_005,79
CCTGTCCCGCATCCATCGTG_006,127
CCTGTCCCGCATCCATCGTG_007,15
CCTGTCCCGCATCCATCGTG_008,58
CCTGTCCCGCATCCATCGTG_009,101
CCTGTCCCGCATCCATCGTG_010,76
CCTGTCCCGCATCCATCGTG_011,69
CCTGTCCCGCATCCATCGTG_012,48
CCTGTCCCGCATCCATCGTG_013,44
CCTGTCCCGCATCCATCGTG_014,84
CCTGTCCCGCATCCATCGTG_015,142
CCTGTCCCGCATCCATCGTG_016,28
CCTGTCCCGCATCCATCGTG_017,169
CCTGTCCCGCATCCATCGTG_018,19
AAAGCAGAAAGATGTCGCTG_001,199
AAAGCAGAAAGATGTCGCTG_002,154
AAAGCAGAAAGATGTCGCTG_003,171
AAAGCAGAAAGATGTCGCTG_004,116
AAAGCAGAAAGATGTCGCTG_005,78
AAAGCAGAAAGATGTCGCTG_006,116
AAAGCAGAAAGATGTCGCTG_007,65
AAAGCAGAAAGATGTCGCTG_008,40
AAAGCAGAAAGATGTCGCTG_009,17
AAAGCAGAAAGATGTCGCTG_010,120
AAAGCAGAAAGATGTCGCTG_011,16
AAAGCAGAAAGATGTCGCTG_012,12
AAAGCAGAAAGATGTCGCTG_013,170
AAAGCAGAAAGATGTCGCTG_014,169
AAAGCAGAAAGATGTCGCTG_015,76
AAAGCAGAAAGATGTCGCTG_016,95
AAAGCAGAAAGATGTCGCTG_017,43
AAAGCAGAAAGATGTCGCTG_018,55
AAAGCAGAAAGATGTCGCTG_019,37
AAAGCAGAAAGATGTCGCTG_020,106
AAAGCAGAAAGATGTCGCTG_021,152
AAAGCAGAAAGATGTCGCTG_022,63
AAAGCAGAAAGATGTCGCTG_023,49
TGACGTTCTGGAAGGATGAG_001,52
TGACGTTCTGGAAGGATGAG_002,77
TGACGTTCTGGAAGGATGAG_003,81
TGACGTTCTGGAAGGATGAG_004,51
TGACGTTCTGGAAGGATGAG_005,51
TGACGTTCTGGAAGGATGAG_006,159
TGACGTTCTGGAAGGATGAG_007,109
TGACGTTCTGGAAGGATGAG_008,109
TGACGTTCTGGAAGGATGAG_009,37
TGACGTTCTGGAAGGATGAG_010,160
TGACGTTCTGGAAGGATGAG_011,67
TGACGTTCTGGAAGGATGAG_012,183
TGACGTTCTGGAAGGATGAG_013,27
TGACGTTCTGGAAGGATGAG_014,148
TGACGTTCTGGAAGGATGAG_015,181
TGACGTTCTGGAAGGATGAG_016,105
TGACGTTCTGGAAGGATGAG_017,150
TGACGTTCTGGAAGGATGAG_018,85
TGACGTTCTGGAAGGATGAG_019,184
TGACGTTCTGGAAGGATGAG_020,83
TGACGTTCTGGAAGGATGAG_021,188
TGACGTTCTGGAAGGATGAG_022,170
TGACGTTCTGGAAGGATGAG_023,43
TGACGTTCTGGAAGGATGAG_024,165
TGACGTTCTGGAAGGATGAG_025,79
GCAGGGATGTCAAGGCACTG_001,29
GCAGGGATGTCAAGGCACTG_002,17
GCAGGGATGTCAAGGCACTG_003,132
GCAGGGATGTCAAGGCACTG_004,38
GCAGGGATGTCAAGGCACTG_005,158
GCAGGGATGTCAAGGCACTG_006,169
GCAGGGATGTCAAGGCACTG_007,78
TGGTCAACATAAGTGACCTG_001,172
TGGTCAACATAAGTGACCTG_002,77
TGGTCAACATAAGTGACCTG_003,33
TGGTCAACATAAGTGACCTG_004,188
GCCCGCAGGCCACGCAGTGG_001,169
GCCCGCAGGCCACGCAGTGG_002,144
GCCCGCAGGCCACGCAGTGG_003,23
GCCCGCAGGCCACGCAGTGG_004,78
GCCCGCAGGCCACGCAGTGG_005,19
GCCCGCAGGCCACGCAGTGG_006,62
GCCCGCAGGCCACGCAGTGG_007,127
GCCCGCAGGCCACGCAGTGG_008,155
GCCCGCAGGCCACGCAGTGG_009,93
GCCCGCAGGCCACGCAGTGG_010,14
GCCCGCAGGCCACGCAGTGG_011,8
GCCCGCAGGCCACGCAGTGG_012,188
GCCCGCAGGCCACGCAGTGG_013,183
GCCCGCAGGCCACGCAGTGG_014,115
GCCCGCAGGCCACGCAGTGG_015,32
GCCCGCAGGCCACGCAGTGG_016,180
GCCCGCAGGCCACGCAGTGG_017,108
GAAGTTCAAACGTCATGTTG_001,42
GAAGTTCAAACGTCATGTTG_002,160
GGAGACCTTACTGTGATGAA_001,78
GGAGACCTTACTGTGATGAA_002,140
GGAGACCTTACTGTGATGAA_003,134
GGAGACCTTACTGTGATGAA_004,108
GGAGACCTTACTGTGATGAA_005,108
GGAGACCTTACTGTGATGAA_006,63
ATTAGAATCGGTACATCAGG_001,149
ATTAGAATCGGTACATCAGG_002,34
ATTAGAATCGGTACATCAGG_003,78
ATTAGAATCGGTACATCAGG_004,177
ATTAGAATCGGTACATCAGG_005,124
ATTAGAATCGGTACATCAGG_006,106
CACGTCACTCTTCAACCATG_001,29
CACGTCACTCTTCAACCATG_002,102
CACGTCACTCTTCAACCATG_003,50
CACGTCACTCTTCAACCATG_004,109
CACGTCACTCTTCAACCATG_005,52
CACGTCACTCTTCAACCATG_006,22
GGGCATTGACCGCTTCCACG_001,88
GGGCATTGACCGCTTCCACG_002,130
GGGCATTGACCGCTTCCACG_003,162
GGGCATTGACCGCTTCCACG_004,72
GGGCATTGACCGCTTCCACG_005,16
GGGCATTGACCGCTTCCACG_006,121
GGGCATTGACCGCTTCCACG_007,27
GGGCATTGACCGCTTCCACG_008,150
GGGCATTGACCGCTTCCACG_009,172
GGGCATTGACCGCTTCCACG_010,46
GGGCATTGACCGCTTCCACG_011,150
GGGCATTGACCGCTTCCACG_012,28
GGGCATTGACCGCTTCCACG_013,197
CGTGGACCAGCACAGCATAG_001,62
CGTGGACCAGCACAGCATAG_002,153
CGTGGACCAGCACAGCATAG_003,131
CGTGGACCAGCACAGCATAG_004,21
TTGATAAGACTATTGGTCAG_001,195
TTGATAAGACTATTGGTCAG_002,175
TTGATAAGACTATTGGTCAG_003,150
TTGATAAGACTATTGGTCAG_004,158
TTGATAAGACTATTGGTCAG_005,169
TTGATAAGACTATTGGTCAG_006,49
TTGATAAGACTATTGGTCAG_007,62
TTGATAAGACTATTGGTCAG_008,103
TTGATAAGACTATTGGTCAG_009,40
TTGATAAGACTATTGGTCAG_010,4
CCATGAACGAATTCACAATG_001,178
CCATGAACGAATTCACAATG_002,70
CCATGAACGAATTCACAATG_003,196
TTGATGAGAAACATCTGTTG_001,98
TTGATGAGAAACATCTGTTG_002,36
TTGATGAGAAACATCTGTTG_003,62
TTGATGAGAAACATCTGTTG_004,177
TTGATGAGAAACATCTGTTG_005,115
AAGGGATGAACACACCCGTA_001,33
AAGGGATGAACACACCCGTA_002,178
AAGGGATGAACACACCCGTA_003,80
AAGGGATGAACACACCCGTA_004,80
AAGGGATGAACACACCCGTA_005,105
GAAGAGTGGTCACCTTTACT_001,132
GAAGAGTGGTCACCTTTACT_002,80
GAAGAGTGGTCACCTTTACT_003,125
GAAGAGTGGTCACCTTTACT_004,6
GAAGAGTGGTCACCTTTACT_005,130
GAAGAGTGGTCACCTTTACT_006,115
TTGTTTATACTATTACCATG_001,184
AAGCTTATTGCTCAGGCATG_001,184
AAGCTTATTGCTCAGGCATG_002,158
AAGCTTATTGCTCAGGCATG_003,168
AAGCTTATTGCTCAGGCATG_004,163
AAGCTTATTGCTCAGGCATG_005,137
AAGCTTATTGCTCAGGCATG_006,0
AAGCTTATTGCTCAGGCATG_007,137
AAGCTTATTGCTCAGGCATG_008,63
GCTCCACACTAAATCCGCAG_001,25
GCTCCACACTAAATCCGCAG_002,17
GCTCCACACTAAATCCGCAG_003,42
GCTCCACACTAAATCCGCAG_004,166
GCACTTCAAACAATGCTGGG_001,95
GCACTTCAAACAATGCTGGG_002,32
GCACTTCAAACAATGCTGGG_003,4
GCACTTCAAACAATGCTGGG_004,130
GCACTTCAAACAATGCTGGG_005,160
GCACTTCAAACAATGCTGGG_006,81
GCACTTCAAACAATGCTGGG_007,89
GCACTTCAAACAATGCTGGG_008,140
GCACTTCAAACAATGCTGGG_009,128
GCACTTCAAACAATGCTGGG_010,64
GCACTTCAAACAATGCTGGG_011,14
GCACTTCAAACAATGCTGGG_012,34
GCACTTCAAACAATGCTGGG_013,158
GCACTTCAAACAATGCTGGG_014,1
GCACTTCAAACAATGCTGGG_015,10
GCACTTCAAACAATGCTGGG_016,60
GCACTTCAAACAATGCTGGG_017,12
GCACTTCAAACAATGCTGGG_018,96
GCACTTCAAACAATGCTGGG_019,120
GCACTTCAAACAATGCTGGG_020,52
GCACTTCAAACAATGCTGGG_021,182
CTGAGCACAGTTCCTCAAAG_001,149
AATGAGATCTCCTTTAAGCT_001,108
AATGAGATCTCCTTTAAGCT_002,42
AATGAGATCTCCTTTAAGCT_003,191
AATGAATTTCTAAGGGACCA_001,115
AATGAATTTCTAAGGGACCA_002,12
AATGAATTTCTAAGGGACCA_003,170
AATGAATTTCTAAGGGACCA_004,53
AATGAATTTCTAAGGGACCA_005,120
AATGAATTTCTAAGGGACCA_006,48
AATGAATTTCTAAGGGACCA_007,127
AATGAATTTCTAAGGGACCA_008,160
AATGAATTTCTAAGGGACCA_009,117
AATGAATTTCTAAGGGACCA_010,31
TTACATGATGAGCCATGCGG_001,42
TTACATGATGAGCCATGCGG_002,198
TTACATGATGAGCCATGCGG_003,75
TTACATGATGAGCCATGCGG_004,60
TTACATGATGAGCCATGCGG_005,126
TTACATGATGAGCCATGCGG_006,159
TTACATGATGAGCCATGCGG_007,162
ACGTCGAGCGAGGTGATCTG_001,80
ACGTCGAGCGAGGTGATCTG_002,48
ACGTCGAGCGAGGTGATCTG_003,9
ACGTCGAGCGAGGTGATCTG_004,96
ACGTCGAGCGAGGTGATCTG_005,8
ACGTCGAGCGAGGTGATCTG_006,15
ACGTCGAGCGAGGTGATCTG_007,34
ACGTCGAGCGAGGTGATCTG_008,129
ACGTCGAGCGAGGTGATCTG_009,31
ACGTCGAGCGAGGTGATCTG_010,177
ACGTCGAGCGAGGTGATCTG_011,103
ACGTCGAGCGAGGTGATCTG_012,110
ACGTCGAGCGAGGTGATCTG_013,168
ACGTCGAGCGAGGTGATCTG_014,48
ACGTCGAGCGAGGTGATCTG_015,44
ACGTCGAGCGAGGTGATCTG_016,44
ACGTCGAGCGAGGTGATCTG_017,168
ACGTCGAGCGAGGTGATCTG_018,151
ACGTCGAGCGAGGTGATCTG_019,132
ACGTCGAGCGAGGTGATCTG_020,150
ACGTCGAGCGAGGTGATCTG_021,145
ACGTCGAGCGAGGTGATCTG_022,137
ACGTCGAGCGAGGTGATCTG_023,6
ACGTCGAGCGAGGTGATCTG_024,78
ACGTCGAGCGAGGTGATCTG_025,62
ACGTCGAGCGAGGTGATCTG_026,83
ACGTCGAGCGAGGTGATCTG_027,182
ACGTCGAGCGAGGTGATCTG_028,28
ACGTCGAGCGAGGTGATCTG_029,127
ACGTCGAGCGAGGTGATCTG_030,51
ACGTCGAGCGAGGTGATCTG_031,142
ACGTCGAGCGAGGTGATCTG_032,91
ACGTCGAGCGAGGTGATCTG_033,40
ACGTCGAGCGAGGTGATCTG_034,88
ACGTCGAGCGAGGTGATCTG_035,130
ACGTCGAGCGAGGTGATCTG_036,27
GGACCATGTGAATGTATCCA_001,47
GGACCATGTGAATGTATCCA_002,155
GGACCATGTGAATGTATCCA_003,176
GGACCATGTGAATGTATCCA_004,51
GGACCATGTGAATGTATCCA_005,76
AAGCGGACCACAAAAATGGC_001,113
AAGCGGACCACAAAAATGGC_002,102
AAGCGGACCACAAAAATGGC_003,160
AAGCGGACCACAAAAATGGC_004,12
AAGCGGACCACAAAAATGGC_005,81
AAGCGGACCACAAAAATGGC_006,78
AAGCGGACCACAAAAATGGC_007,110
AAGCGGACCACAAAAATGGC_008,22
AAGCGGACCACAAAAATGGC_009,147
AAGCGGACCACAAAAATGGC_010,77
AAGCGGACCACAAAAATGGC_011,113
AAGCGGACCACAAAAATGGC_012,49
AAGCGGACCACAAAAATGGC_013,94
AAGCGGACCACAAAAATGGC_014,65
AAGCGGACCACAAAAATGGC_015,128
AAGCGGACCACAAAAATGGC_016,177
AAGCGGACCACAAAAATGGC_017,147
AAGCGGACCACAAAAATGGC_018,29
AAGCGGACCACAAAAATGGC_019,145
AAGCGGACCACAAAAATGGC_020,198
AAGCGGACCACAAAAATGGC_021,60
AAGCGGACCACAAAAATGGC_022,172
AAGCGGACCACAAAAATGGC_023,112
AAGCGGACCACAAAAATGGC_024,94
AAGCGGACCACAAAAATGGC_025,124
AAGCGGACCACAAAAATGGC_026,175
AAGCGGACCACAAAAATGGC_027,175
AAGCGGACCACAAAAATGGC_028,165
AAGCGGACCACAAAAATGGC_029,68
AAGCGGACCACAAAAATGGC_030,68
AAGCGGACCACAAAAATGGC_031,159
AAGCGGACCACAAAAATGGC_032,104
AAGCGGACCACAAAAATGGC_033,146
AAGCGGACCACAAAAATGGC_034,29
AAGCGGACCACAAAAATGGC_035,15
AAGCGGACCACAAAAATGGC_036,158
AGGCAGCACCCCAACAAATG_001,22
AGGCAGCACCCCAACAAATG_002,52
AGGCAGCACCCCAACAAATG_003,183
AGGCAGCACCCCAACAAATG_004,102
AGGCAGCACCCCAACAAATG_005,19
AGGCAGCACCCCAACAAATG_006,17
AGGCAGCACCCCAACAAATG_007,70
AGGCAGCACCCCAACAAATG_008,12
AGGCAGCACCCCAACAAATG_009,78
AGGCAGCACCCCAACAAATG_010,54
AGGCAGCACCCCAACAAATG_011,150
AGGCAGCACCCCAACAAATG_012,38
AGGCAGCACCCCAACAAATG_013,154
AGGCAGCACCCCAACAAATG_014,54
AGGCAGCACCCCAACAAATG_015,63
AGGCAGCACCCCAACAAATG_016,48
AGGCAGCACCCCAACAAATG_017,120
AGGCAGCACCCCAACAAATG_018,42
AGGCAGCACCCCAACAAATG_019,77
AGGCAGCACCCCAACAAATG_020,88
AGGCAGCACCCCAACAAATG_021,98
AGGCAGCACCCCAACAAATG_022,50
AGGCAGCACCCCAACAAATG_023,9
AGGCAGCACCCCAACAAATG_024,84
AGGCAGCACCCCAACAAATG_025,84
AGGCAGCACCCCAACAAATG_026,168
AGGCAGCACCCCAACAAATG_027,152
AGGCAGCACCCCAACAAATG_028,84
AGGCAGCACCCCAACAAATG_029,136
AGGCAGCACCCCAACAAATG_030,12
AGGCAGCACCCCAACAAATG_031,146
AGGCAGCACCCCAACAAATG_032,174
AGGCAGCACCCCAACAAATG_033,162
AGGCAGCACCCCAACAAATG_034,155
AGGCAGCACCCCAACAAATG_035,152
CCCCAGACGAACTTGCAGCG_001,154
CCCCAGACGAACTTGCAGCG_002,72
CCCCAGACGAACTTGCAGCG_003,50
CCCCAGACGAACTTGCAGCG_004,18
CCCCAGACGAACTTGCAGCG_005,84
CCCCAGACGAACTTGCAGCG_006,150
CCCCAGACGAACTTGCAGCG_007,43
CCCCAGACGAACTTGCAGCG_008,104
CCCCAGACGAACTTGCAGCG_009,77
CCCCAGACGAACTTGCAGCG_010,50
CCCCAGACGAACTTGCAGCG_011,42
CCCCAGACGAACTTGCAGCG_012,166
CCCCAGACGAACTTGCAGCG_013,125
CCCCAGACGAACTTGCAGCG_014,80
CCCCAGACGAACTTGCAGCG_015,91
CCCCAGACGAACTTGCAGCG_016,178
CCCCAGACGAACTTGCAGCG_017,92
CCCCAGACGAACTTGCAGCG_018,75
CCCCAGACGAACTTGCAGCG_019,68
CCCCAGACGAACTTGCAGCG_020,34
CCCCAGACGAACTTGCAGCG_021,121
CCCCAGACGAACTTGCAGCG_022,41
CCCCAGACGAACTTGCAGCG_023,2
CCCCAGACGAACTTGCAGCG_024,10
CCCCAGACGAACTTGCAGCG_025,166
CCCCAGACGAACTTGCAGCG_026,63
CCCCAGACGAACTTGCAGCG_027,166
CCCCAGACGAACTTGCAGCG_028,150
CCCCAGACGAACTTGCAGCG_029,185
GGACCAACTCCCCTGCCCAC_001,77
GGACCAACTCCCCTGCCCAC_002,140
GGACCAACTCCCCTGCCCAC_003,182
GGACCAACTCCCCTGCCCAC_004,7
GGACCAACTCCCCTGCCCAC_005,177
GGACCAACTCCCCTGCCCAC_006,130
GGACCAACTCCCCTGCCCAC_007,191
GGACCAACTCCCCTGCCCAC_008,17
GGACCAACTCCCCTGCCCAC_009,187
GGACCAACTCCCCTGCCCAC_010,166
GGACCAACTCCCCTGCCCAC_011,162
GGACCAACTCCCCTGCCCAC_012,93
GGACCAACTCCCCTGCCCAC_013,171
GGACCAACTCCCCTGCCCAC_014,180
GGACCAACTCCCCTGCCCAC_015,80
GGACCAACTCCCCTGCCCAC_016,81
GGACCAACTCCCCTGCCCAC_017,121
GGACCAACTCCCCTGCCCAC_018,172
GGACCAACTCCCCTGCCCAC_019,66
GGACCAACTCCCCTGCCCAC_020,166
GGACCAACTCCCCTGCCCAC_021,69
GGACCAACTCCCCTGCCCAC_022,62
GGACCAACTCCCCTGCCCAC_023,130
GGACCAACTCCCCTGCCCAC_024,34
GGACCAACTCCCCTGCCCAC_025,105
GGACCAACTCCCCTGCCCAC_026,91
GGACCAACTCCCCTGCCCAC_027,166
GGACCAACTCCCCTGCCCAC_028,56
GGACCAACTCCCCTGCCCAC_029,142
GGACCAACTCCCCTGCCCAC_030,152
GGACCAACTCCCCTGCCCAC_031,113
GGACCAACTCCCCTGCCCAC_032,162
GGACCAACTCCCCTGCCCAC_033,60
GGACCAACTCCCCTGCCCAC_034,140
GGGAGTCACACTCAGGACCA_001,188
GGGAGTCACACTCAGGACCA_002,66
GGGAGTCACACTCAGGACCA_003,43
GGGAGTCACACTCAGGACCA_004,30
GGGAGTCACACTCAGGACCA_005,63
GGGAGTCACACTCAGGACCA_006,189
GGGAGTCACACTCAGGACCA_007,16
GGGAGTCACACTCAGGACCA_008,2
GGGAGTCACACTCAGGACCA_009,124
GGGAGTCACACTCAGGACCA_010,28
TACTTGGGGGAAAGCACCGG_001,8
TACTTGGGGGAAAGCACCGG_002,14
TACTTGGGGGAAAGCACCGG_003,88
TACTTGGGGGAAAGCACCGG_004,45
TACTTGGGGGAAAGCACCGG_005,41
TACTTGGGGGAAAGCACCGG_006,63
TACTTGGGGGAAAGCACCGG_007,58
TACTTGGGGGAAAGCACCGG_008,173
TACTTGGGGGAAAGCACCGG_009,194
TACTTGGGGGAAAGCACCGG_010,41
TACTTGGGGGAAAGCACCGG_011,137
TACTTGGGGGAAAGCACCGG_012,70
TACTTGGGGGAAAGCACCGG_013,152
TACTTGGGGGAAAGCACCGG_014,77
TACTTGGGGGAAAGCACCGG_015,94
TACTTGGGGGAAAGCACCGG_016,0
TACTTGGGGGAAAGCACCGG_017,50
TACTTGGGGGAAAGCACCGG_018,10
CATGCACTATCCCTTCTGCA_001,61
CATGCACTATCCCTTCTGCA_002,175
CATGCACTATCCCTTCTGCA_003,39
TCATCAGGGAGCCTTCGAAG_001,43
TCATCAGGGAGCCTTCGAAG_002,31
TCATCAGGGAGCCTTCGAAG_003,60
TCATCAGGGAGCCTTCGAAG_004,124
TCATCAGGGAGCCTTCGAAG_005,138
TCATCAGGGAGCCTTCGAAG_006,45
CGGACCTGATCTACCGGTGT_001,81
CGGACCTGATCTACCGGTGT_002,48
CGGACCTGATCTACCGGTGT_003,119
CGGACCTGATCTACCGGTGT_004,56
CGGACCTGATCTACCGGTGT_005,46
TCGACGACGTCGTCGCCGCA_001,41
TCGACGACGTCGTCGCCGCA_002,1
TCGACGACGTCGTCGCCGCA_003,144
TCGACGACGTCGTCGCCGCA_004,138
TCGACGACGTCGTCGCCGCA_005,153
TCGACGACGTCGTCGCCGCA_006,180
TGACGCAGTTCTGTAGATGG_001,127
ACGGCATTCATGTACACCTG_001,31
ACGGCATTCATGTACACCTG_002,57
ACGGCATTCATGTACACCTG_003,2
ACGGCATTCATGTACACCTG_004,134
ACGGCATTCATGTACACCTG_005,185
ACGGCATTCATGTACACCTG_006,60
ACGGCATTCATGTACACCTG_007,116
ACGGCATTCATGTACACCTG_008,180
ACGGCATTCATGTACACCTG_009,105
ACGGCATTCATGTACACCTG_010,68
ACGGCATTCATGTACACCTG_011,81
ACGGCATTCATGTACACCTG_012,14
CAGAGCTCAGTCATCCTGGG_001,26
CAGAGCTCAGTCATCCTGGG_002,29
CAGAGCTCAGTCATCCTGGG_003,91
CAGAGCTCAGTCATCCTGGG_004,110
CAGAGCTCAGTCATCCTGGG_005,12
TGGCCAAAACTGGGGCATCG_001,27
TGGCCAAAACTGGGGCATCG_002,150
TGGCCAAAACTGGGGCATCG_003,29
TGGCCAAAACTGGGGCATCG_004,137
TGGCCAAAACTGGGGCATCG_005,49
TGGCCAAAACTGGGGCATCG_006,7
TGGCCAAAACTGGGGCATCG_007,77
TGGCCAAAACTGGGGCATCG_008,51
TGGCCAAAACTGGGGCATCG_009,127
TGGCCAAAACTGGGGCATCG_010,185
TGGCCAAAACTGGGGCATCG_011,49
TGGCCAAAACTGGGGCATCG_012,41
TGGCCAAAACTGGGGCATCG_013,77
TGGCCAAAACTGGGGCATCG_014,46
TGGCCAAAACTGGGGCATCG_015,120
TGGCCAAAACTGGGGCATCG_016,20
TGGCCAAAACTGGGGCATCG_017,190
TGGCCAAAACTGGGGCATCG_018,56
TGGCCAAAACTGGGGCATCG_019,48
TGGCCAAAACTGGGGCATCG_020,29
TGGCCAAAACTGGGGCATCG_021,8
TGGCCAAAACTGGGGCATCG_022,33
TGGCCAAAACTGGGGCATCG_023,48
TGGCCAAAACTGGGGCATCG_024,82
TGGCCAAAACTGGGGCATCG_025,185
TGGCCAAAACTGGGGCATCG_026,48
TGGCCAAAACTGGGGCATCG_027,14
TGGCCAAAACTGGGGCATCG_028,81
TGGCCAAAACTGGGGCATCG_029,195
TGGCCAAAACTGGGGCATCG_030,100
TGGCCAAAACTGGGGCATCG_031,125
TGGCCAAAACTGGGGCATCG_032,6
TGGCCAAAACTGGGGCATCG_033,30
TGGCCAAAACTGGGGCATCG_034,177
TGGCCAAAACTGGGGCATCG_035,121
TGGCCAAAACTGGGGCATCG_036,102
TGGCCAAAACTGGGGCATCG_037,166
TGGCCAAAACTGGGGCATCG_038,19
TTCCGGTGTAAACCGCCAGT_001,41
TTCCGGTGTAAACCGCCAGT_002,107
TTCCGGTGTAAACCGCCAGT_003,105
TTGGATACGACGAAGTCCAG_001,90
TTGGATACGACGAAGTCCAG_002,38
TTGGATACGACGAAGTCCAG_003,2
TTGGATACGACGAAGTCCAG_004,40
ACGGCGCGCAGTGTACATCG_001,77
ACGGCGCGCAGTGTACATCG_002,174
ACGGCGCGCAGTGTACATCG_003,141
ACGGCGCGCAGTGTACATCG_004,52
TTGGATGAAAGCTCAGGAGT_001,77
TTGGATGAAAGCTCAGGAGT_002,152
TTGGATGAAAGCTCAGGAGT_003,49
TTGGATGAAAGCTCAGGAGT_004,174
TTGGATGAAAGCTCAGGAGT_005,147
TTGGATGAAAGCTCAGGAGT_006,88
TTGGATGAAAGCTCAGGAGT_007,92
TTGGATGAAAGCTCAGGAGT_008,102
CACACACACACACCTTGAGT_001,150
CACACACACACACCTTGAGT_002,44
CACACACACACACCTTGAGT_003,147
CACACACACACACCTTGAGT_004,61
TTACTAGGCTGACACGACGG_001,161
TTACTAGGCTGACACGACGG_002,178
TTACTAGGCTGACACGACGG_003,6
TTACTAGGCTGACACGACGG_004,1
TTACTAGGCTGACACGACGG_005,185
TTACTAGGCTGACACGACGG_006,115
TCAAGCGTTAACCGGCAATG_001,17
TCAAGCGTTAACCGGCAATG_002,149
TCAAGCGTTAACCGGCAATG_003,175
TCAAGCGTTAACCGGCAATG_004,161
TCAAGCGTTAACCGGCAATG_005,122
TCAAGCGTTAACCGGCAATG_006,154
TCAAGCGTTAACCGGCAATG_007,50
TCAAGCGTTAACCGGCAATG_008,169
TCAAGCGTTAACCGGCAATG_009,15
TCAAGCGTTAACCGGCAATG_010,165
TCAAGCGTTAACCGGCAATG_011,62
TCAAGCGTTAACCGGCAATG_012,69
CAGCCATCATCACCCAACAG_001,178
CAGCCATCATCACCCAACAG_002,84
CAGCCATCATCACCCAACAG_003,116
CAGCCATCATCACCCAACAG_004,157
CAGCCATCATCACCCAACAG_005,160
CAGCCATCATCACCCAACAG_006,44
CAGCCATCATCACCCAACAG_007,194
AACTGGAATGATACGCGCCG_001,73
AACTGGAATGATACGCGCCG_002,46
CCTCCTTAGTAACATGACAA_001,149
CCTCCTTAGTAACATGACAA_002,160
GTCTCCTAACACAAAGTACC_001,58
GTCTCCTAACACAAAGTACC_002,63
TCCGCATCGTAGCTGCTCGG_001,166
TCCGCATCGTAGCTGCTCGG_002,106
TCCGCATCGTAGCTGCTCGG_003,164
TCCGCATCGTAGCTGCTCGG_004,164
TCCGCATCGTAGCTGCTCGG_005,164
TCCGCATCGTAGCTGCTCGG_006,126
TCCGCATCGTAGCTGCTCGG_007,52
TCCGCATCGTAGCTGCTCGG_008,67
TCCGCATCGTAGCTGCTCGG_009,67
TCCGCATCGTAGCTGCTCGG_010,88
TCCGCATCGTAGCTGCTCGG_011,150
TCCGCATCGTAGCTGCTCGG_012,182
TCCGCATCGTAGCTGCTCGG_013,147
TCCGCATCGTAGCTGCTCGG_014,184
TCCGCATCGTAGCTGCTCGG_015,63
TCCGCATCGTAGCTGCTCGG_016,26
TCCGCATCGTAGCTGCTCGG_017,75
TCCGCATCGTAGCTGCTCGG_018,183
CTACACAATTGTTCACCCAC_001,17
CTACACAATTGTTCACCCAC_002,58
CTACACAATTGTTCACCCAC_003,2
CTACACAATTGTTCACCCAC_004,78
CTACACAATTGTTCACCCAC_005,42
CTACACAATTGTTCACCCAC_006,38
CTACACAATTGTTCACCCAC_007,180
GGGCGACTCACCTCCAACGG_001,139
GGGCGACTCACCTCCAACGG_002,8
GGGCGACTCACCTCCAACGG_003,55
GGGCGACTCACCTCCAACGG_004,106
GGGCGACTCACCTCCAACGG_005,147
GGGCGACTCACCTCCAACGG_006,98
GGGCGACTCACCTCCAACGG_007,130
GGGCGACTCACCTCCAACGG_008,98
GGGCGACTCACCTCCAACGG_009,65
GGGCGACTCACCTCCAACGG_010,48
GGGCGACTCACCTCCAACGG_011,102
GGGCGACTCACCTCCAACGG_012,151
GGGCGACTCACCTCCAACGG_013,112
GGGCGACTCACCTCCAACGG_014,15
GGGCGACTCACCTCCAACGG_015,48
GGGCGACTCACCTCCAACGG_016,0
GGGCGACTCACCTCCAACGG_017,134
GGGCGACTCACCTCCAACGG_018,80
GGGCGACTCACCTCCAACGG_019,146
GGGCGACTCACCTCCAACGG_020,41
GGGCGACTCACCTCCAACGG_021,10
GGGCGACTCACCTCCAACGG_022,180
GGGCGACTCACCTCCAACGG_023,147
GGGCGACTCACCTCCAACGG_024,160
AGCACAGCACCCCAGATCAA_001,62
AGCACAGCACCCCAGATCAA_002,42
AGCACAGCACCCCAGATCAA_003,112
AGCACAGCACCCCAGATCAA_004,81
AGCACAGCACCCCAGATCAA_005,16
AGCACAGCACCCCAGATCAA_006,69
AGCACAGCACCCCAGATCAA_007,153
AGCACAGCACCCCAGATCAA_008,199
AGCACAGCACCCCAGATCAA_009,199
AGCACAGCACCCCAGATCAA_010,113
AGCACAGCACCCCAGATCAA_011,66
AGCTGAGAAATCCCTCGTTG_001,58
AGCTGAGAAATCCCTCGTTG_002,86
AGCTGAGAAATCCCTCGTTG_003,8
AGCTGAGAAATCCCTCGTTG_004,81
AGCTGAGAAATCCCTCGTTG_005,13
AGCTGAGAAATCCCTCGTTG_006,172
AGCTGAGAAATCCCTCGTTG_007,76
GTTTGAAATCTCGCCGTCGG_001,97
GTTTGAAATCTCGCCGTCGG_002,92
GTTTGAAATCTCGCCGTCGG_003,166
GTTTGAAATCTCGCCGTCGG_004,16
GTTTGAAATCTCGCCGTCGG_005,179
GTTTGAAATCTCGCCGTCGG_006,106
GTTTGAAATCTCGCCGTCGG_007,56
GTTTGAAATCTCGCCGTCGG_008,64
GAAGCTACCCCAGAAAAAGG_001,190
GAAGCTACCCCAGAAAAAGG_002,50
GAAGCTACCCCAGAAAAAGG_003,56
GAAGCTACCCCAGAAAAAGG_004,134
GAAGCTACCCCAGAAAAAGG_005,172
GAAGCTACCCCAGAAAAAGG_006,105
TGGCGCCTTACGGACATCCA_001,58
TGGCGCCTTACGGACATCCA_002,54
TGGCGCCTTACGGACATCCA_003,48
TGGCGCCTTACGGACATCCA_004,147
TGGCGCCTTACGGACATCCA_005,147
TGGCGCCTTACGGACATCCA_006,50
TGGCGCCTTACGGACATCCA_007,77
TGGCGCCTTACGGACATCCA_008,94
TGGCGCCTTACGGACATCCA_009,4
TGGCGCCTTACGGACATCCA_010,128
TGGCGCCTTACGGACATCCA_011,86
TGGCGCCTTACGGACATCCA_012,34
TGGCGCCTTACGGACATCCA_013,48
TGGCGCCTTACGGACATCCA_014,58
TGGCGCCTTACGGACATCCA_015,91
TGGCGCCTTACGGACATCCA_016,52
TGGCGCCTTACGGACATCCA_017,56
TGGCGCCTTACGGACATCCA_018,28
TGGCGCCTTACGGACATCCA_019,103
TGGCGCCTTACGGACATCCA_020,55
TGGCGCCTTACGGACATCCA_021,94
TGGCGCCTTACGGACATCCA_022,4
TGGCGCCTTACGGACATCCA_023,176
TGGCGCCTTACGGACATCCA_024,192
TGGCGCCTTACGGACATCCA_025,19
TGGCGCCTTACGGACATCCA_026,168
TGGCGCCTTACGGACATCCA_027,116
TGGCGCCTTACGGACATCCA_028,46
TGGCGCCTTACGGACATCCA_029,33
TGGCGCCTTACGGACATCCA_030,35
TGGCGCCTTACGGACATCCA_031,2
CCCAGCTAGCATAGTTGGAG_001,98
CCCAGCTAGCATAGTTGGAG_002,77
ACAAGACGAACCGTAAGCCG_001,68
ACAAGACGAACCGTAAGCCG_002,107
ACAAGACGAACCGTAAGCCG_003,171
ACAAGACGAACCGTAAGCCG_004,30
ACAAGACGAACCGTAAGCCG_005,2
ACAAGACGAACCGTAAGCCG_006,124
ACAAGACGAACCGTAAGCCG_007,34
ACAAGACGAACCGTAAGCCG_008,159
GCTGACAGGTGTGCTATGTG_001,58
GCTGACAGGTGTGCTATGTG_002,28
GCTGACAGGTGTGCTATGTG_003,185
GCTGACAGGTGTGCTATGTG_004,107
GCTGACAGGTGTGCTATGTG_005,64
GCTGACAGGTGTGCTATGTG_006,36
GCTGACAGGTGTGCTATGTG_007,82
GCTGACAGGTGTGCTATGTG_008,81
TCGGCGTTGCATATCCTAAG_001,166
TCGGCGTTGCATATCCTAAG_002,189
TCGGCGTTGCATATCCTAAG_003,168
TCGGCGTTGCATATCCTAAG_004,183
TCGGCGTTGCATATCCTAAG_005,152
AGATGTTCACCTCACCAACG_001,83
AGATGTTCACCTCACCAACG_002,174
AGATGTTCACCTCACCAACG_003,48
AGATGTTCACCTCACCAACG_004,30
AGATGTTCACCTCACCAACG_005,10
AGATGTTCACCTCACCAACG_006,30
AGATGTTCACCTCACCAACG_007,126
AGATGTTCACCTCACCAACG_008,114
AGATGTTCACCTCACCAACG_009,43
AGATGTTCACCTCACCAACG_010,169
AGATGTTCACCTCACCAACG_011,29
AGATGTTCACCTCACCAACG_012,17
AGATGTTCACCTCACCAACG_013,174
AGATGTTCACCTCACCAACG_014,6
AGATGTTCACCTCACCAACG_015,92
AGATGTTCACCTCACCAACG_016,50
AGATGTTCACCTCACCAACG_017,88
AGATGTTCACCTCACCAACG_018,103
AGATGTTCACCTCACCAACG_019,62
AGATGTTCACCTCACCAACG_020,113
AGAGGTTACAGCATCAGGCG_001,70
AGAGGTTACAGCATCAGGCG_002,159
AGAGGTTACAGCATCAGGCG_003,85
CTTCATCCAGATACCCGCTC_001,127
GGTCACAAGCAATCCAAAGC_001,182
GGTCACAAGCAATCCAAAGC_002,19
GGTCACAAGCAATCCAAAGC_003,131
GGTCACAAGCAATCCAAAGC_004,62
GGTCACAAGCAATCCAAAGC_005,181
GGTCACAAGCAATCCAAAGC_006,38
GGTCACAAGCAATCCAAAGC_007,149
GGTCACAAGCAATCCAAAGC_008,33
GGTCACAAGCAATCCAAAGC_009,75
GGTCACAAGCAATCCAAAGC_010,117
GGTCACAAGCAATCCAAAGC_011,137
GGTCACAAGCAATCCAAAGC_012,187
GGTCACAAGCAATCCAAAGC_013,64
GGTCACAAGCAATCCAAAGC_014,169
GGTCACAAGCAATCCAAAGC_015,177
GGTCACAAGCAATCCAAAGC_016,179
GGTCACAAGCAATCCAAAGC_017,97
GGTCACAAGCAATCCAAAGC_018,57
GGTCACAAGCAATCCAAAGC_019,29
GGTCACAAGCAATCCAAAGC_020,76
GGTCACAAGCAATCCAAAGC_021,192
TTCACTGTATGTAAACTTGA_001,127
TTCACTGTATGTAAACTTGA_002,43
TTCACTGTATGTAAACTTGA_003,67
TTCACTGTATGTAAACTTGA_004,11
TTCACTGTATGTAAACTTGA_005,105
TTCACTGTATGTAAACTTGA_006,115
TTCACTGTATGTAAACTTGA_007,150
TTCACTGTATGTAAACTTGA_008,137
TTCACTGTATGTAAACTTGA_009,2
TTCACTGTATGTAAACTTGA_010,61
ATGAACGAAGCGAAGCCAGT_001,90
ATGAACGAAGCGAAGCCAGT_002,15
ATGAACGAAGCGAAGCCAGT_003,29
ATGAACGAAGCGAAGCCAGT_004,60
ATGAACGAAGCGAAGCCAGT_005,140
ATGAACGAAGCGAAGCCAGT_006,12
ATGAACGAAGCGAAGCCAGT_007,12
ATGAACGAAGCGAAGCCAGT_008,66
ATGAACGAAGCGAAGCCAGT_009,135
ATGAACGAAGCGAAGCCAGT_010,158
ATGAACGAAGCGAAGCCAGT_011,57
ATGAACGAAGCGAAGCCAGT_012,138
ATGAACGAAGCGAAGCCAGT_013,60
ATGAACGAAGCGAAGCCAGT_014,145
ATGAACGAAGCGAAGCCAGT_015,139
ATGAACGAAGCGAAGCCAGT_016,144
ATGAACGAAGCGAAGCCAGT_017,105
ATGAACGAAGCGAAGCCAGT_018,127
ATGAACGAAGCGAAGCCAGT_019,160
ATGAACGAAGCGAAGCCAGT_020,137
ATGAACGAAGCGAAGCCAGT_021,6
ATGAACGAAGCGAAGCCAGT_022,168
ATGAACGAAGCGAAGCCAGT_023,63
ATGAACGAAGCGAAGCCAGT_024,43
ATGAACGAAGCGAAGCCAGT_025,167
GTGCGGTCATGCTAGTGCCG_001,52
AGGGCAACATGGAAGTTGCG_001,88
AGGGCAACATGGAAGTTGCG_002,124
AGGGCAACATGGAAGTTGCG_003,48
AGGGCAACATGGAAGTTGCG_004,113
AGGGCAACATGGAAGTTGCG_005,69
AGGGCAACATGGAAGTTGCG_006,175
AGGGCAACATGGAAGTTGCG_007,49
AGGGCAACATGGAAGTTGCG_008,189
AGGGCAACATGGAAGTTGCG_009,66
AGTCTCACATCACGACCCGG_001,17
AGTCTCACATCACGACCCGG_002,48
AGTCTCACATCACGACCCGG_003,49
AGTCTCACATCACGACCCGG_004,34
AGTCTCACATCACGACCCGG_005,67
AGTCTCACATCACGACCCGG_006,158
AGTCTCACATCACGACCCGG_007,176
AGTCTCACATCACGACCCGG_008,41
AGTCTCACATCACGACCCGG_009,106
AGTCTCACATCACGACCCGG_010,115
AGTCTCACATCACGACCCGG_011,63
CTAAGCAGCAAGTGTCAGGG_001,83
CTAAGCAGCAAGTGTCAGGG_002,128
CTAAGCAGCAAGTGTCAGGG_003,126
CTAAGCAGCAAGTGTCAGGG_004,170
CTAAGCAGCAAGTGTCAGGG_005,110
CTAAGCAGCAAGTGTCAGGG_006,96
CTAAGCAGCAAGTGTCAGGG_007,84
CTAAGCAGCAAGTGTCAGGG_008,57
CTAAGCAGCAAGTGTCAGGG_009,101
CTAAGCAGCAAGTGTCAGGG_010,170
CTAAGCAGCAAGTGTCAGGG_011,78
CTAAGCAGCAAGTGTCAGGG_012,106
CTAAGCAGCAAGTGTCAGGG_013,115
CTAAGCAGCAAGTGTCAGGG_014,155
CTAAGCAGCAAGTGTCAGGG_015,175
CTAAGCAGCAAGTGTCAGGG_016,1
CTAAGCAGCAAGTGTCAGGG_017,2
CTAAGCAGCAAGTGTCAGGG_018,72
CTAAGCAGCAAGTGTCAGGG_019,37
CTAAGCAGCAAGTGTCAGGG_020,1
CTAAGCAGCAAGTGTCAGGG_021,2
CTAAGCAGCAAGTGTCAGGG_022,63
CTAAGCAGCAAGTGTCAGGG_023,182
CTAAGCAGCAAGTGTCAGGG_024,169
CTAAGCAGCAAGTGTCAGGG_025,17
CTAAGCAGCAAGTGTCAGGG_026,18
TCTGATCCTCCCAGGTCCGT_001,156
TCTGATCCTCCCAGGTCCGT_002,137
TCTGATCCTCCCAGGTCCGT_003,9
TCTGATCCTCCCAGGTCCGT_004,57
TCTGATCCTCCCAGGTCCGT_005,177
TCTGATCCTCCCAGGTCCGT_006,165
ACCATGGTAGAGAACATAGG_001,175
ACCATGGTAGAGAACATAGG_002,92
ACCATGGTAGAGAACATAGG_003,6
ACCATGGTAGAGAACATAGG_004,65
GCGAAAGCGGTGCAGACGGG_001,52
GCGAAAGCGGTGCAGACGGG_002,65
GCGAAAGCGGTGCAGACGGG_003,42
GCGAAAGCGGTGCAGACGGG_004,113
GCGAAAGCGGTGCAGACGGG_005,0
GCGAAAGCGGTGCAGACGGG_006,116
GCGAAAGCGGTGCAGACGGG_007,168
GCGAAAGCGGTGCAGACGGG_008,177
GTTCGTGAAGCTCCTACTAG_001,6
GTTCGTGAAGCTCCTACTAG_002,27
GTTCGTGAAGCTCCTACTAG_003,13
GCGCCGGTACCCATCCGGGG_001,144
GCGCCGGTACCCATCCGGGG_002,82
GCGCCGGTACCCATCCGGGG_003,34
GGCATCGACAAGGTCACGTG_001,169
GGCATCGACAAGGTCACGTG_002,182
GGCATCGACAAGGTCACGTG_003,127
GGCATCGACAAGGTCACGTG_004,1
GGCATCGACAAGGTCACGTG_005,92
GGCATCGACAAGGTCACGTG_006,146
GGCATCGACAAGGTCACGTG_007,49
AGGCTGAATCAAGAATCTTT_001,45
AGGCTGAATCAAGAATCTTT_002,116
AGGCTGAATCAAGAATCTTT_003,151
AGGCTGAATCAAGAATCTTT_004,44
AGGCTGAATCAAGAATCTTT_005,58
AGGCTGAATCAAGAATCTTT_006,161
AGGCTGAATCAAGAATCTTT_007,5
AGGCTGAATCAAGAATCTTT_008,100
AGGCTGAATCAAGAATCTTT_009,81
AGGCTGAATCAAGAATCTTT_010,130
AGGCTGAATCAAGAATCTTT_011,55
GAGGAAGAAAGGCTTCGGTG_001,168
GAGGAAGAAAGGCTTCGGTG_002,146
GAGGAAGAAAGGCTTCGGTG_003,197
GAGGAAGAAAGGCTTCGGTG_004,161
GAGGAAGAAAGGCTTCGGTG_005,43
GAGGAAGAAAGGCTTCGGTG_006,28
GAGGAAGAAAGGCTTCGGTG_007,0
GAGGAAGAAAGGCTTCGGTG_008,15
GAGGAAGAAAGGCTTCGGTG_009,149
AGGTTAACAGGACACGGTCA_001,183
AGGTTAACAGGACACGGTCA_002,182
AGGTTAACAGGACACGGTCA_003,96
AGGTTAACAGGACACGGTCA_004,191
AGGTTAACAGGACACGGTCA_005,0
AGGTTAACAGGACACGGTCA_006,28
AGGTTAACAGGACACGGTCA_007,188
AGGTTAACAGGACACGGTCA_008,49
GGTCCTAGGTAATAAAAACG_001,84
GGTCCTAGGTAATAAAAACG_002,52
TTCTCAGACAGGTGACGACG_001,43
TTCTCAGACAGGTGACGACG_002,14
TTCTCAGACAGGTGACGACG_003,28
TTCTCAGACAGGTGACGACG_004,17
TTCTCAGACAGGTGACGACG_005,102
TTCTCAGACAGGTGACGACG_006,194
TTCTCAGACAGGTGACGACG_007,189
TTCTCAGACAGGTGACGACG_008,42
TTCTCAGACAGGTGACGACG_009,142
TTCTCAGACAGGTGACGACG_010,175
TTCTCAGACAGGTGACGACG_011,188
TTCTCAGACAGGTGACGACG_012,42
TTCTCAGACAGGTGACGACG_013,62
TTCTCAGACAGGTGACGACG_014,53
TTCTCAGACAGGTGACGACG_015,75
TTCTCAGACAGGTGACGACG_016,27
TTCTCAGACAGGTGACGACG_017,138
TTCTCAGACAGGTGACGACG_018,142
TTCTCAGACAGGTGACGACG_019,49
TTCTCAGACAGGTGACGACG_020,70
TTCTCAGACAGGTGACGACG_021,174
TTCTCAGACAGGTGACGACG_022,40
CATGAACCCAGACATACTCA_001,173
CATGAACCCAGACATACTCA_002,41
CATGAACCCAGACATACTCA_003,9
CATGAACCCAGACATACTCA_004,178
CATGAACCCAGACATACTCA_005,46
CATGAACCCAGACATACTCA_006,50
AGTTGGTGACATTAACATGA_001,50
AGTTGGTGACATTAACATGA_002,147
AGTTGGTGACATTAACATGA_003,88
AGTTGGTGACATTAACATGA_004,0
AGTTGGTGACATTAACATGA_005,161
AGTTGGTGACATTAACATGA_006,50
AGTTGGTGACATTAACATGA_007,88
AGTTGGTGACATTAACATGA_008,76
AGTTGGTGACATTAACATGA_009,29
AGTTGGTGACATTAACATGA_010,28
CGCTCAAGGCTCAGTCGGAG_001,138
CGCTCAAGGCTCAGTCGGAG_002,102
CGCTCAAGGCTCAGTCGGAG_003,141
CGCTCAAGGCTCAGTCGGAG_004,158
CGCTCAAGGCTCAGTCGGAG_005,169
CGCTCAAGGCTCAGTCGGAG_006,48
CGCTCAAGGCTCAGTCGGAG_007,75
CGCTCAAGGCTCAGTCGGAG_008,115
CGCTCAAGGCTCAGTCGGAG_009,77
TTCTAAGAGGACATAATGAA_001,104
TTCTAAGAGGACATAATGAA_002,45
TTCTAAGAGGACATAATGAA_003,118
GCAGGCGTACGCTACGCTGA_001,141
GCAGGCGTACGCTACGCTGA_002,140
GCAGGCGTACGCTACGCTGA_003,6
GCAGGCGTACGCTACGCTGA_004,130
GCAGGCGTACGCTACGCTGA_005,180
GCAGGCGTACGCTACGCTGA_006,28
GCAGGCGTACGCTACGCTGA_007,101
GCAGGCGTACGCTACGCTGA_008,94
GCAGGCGTACGCTACGCTGA_009,137
GCAGGCGTACGCTACGCTGA_010,19
ATCAATGGATAACTTCAACG_001,106
ATCAATGGATAACTTCAACG_002,116
ATCAATGGATAACTTCAACG_003,7
ATCAATGGATAACTTCAACG_004,55
CTGGTTAGGCACTCCAACAG_001,5
CTGGTTAGGCACTCCAACAG_002,152
CTGGTTAGGCACTCCAACAG_003,102
CTGGTTAGGCACTCCAACAG_004,78
CTGGTTAGGCACTCCAACAG_005,184
CTGGTTAGGCACTCCAACAG_006,12
CTGGTTAGGCACTCCAACAG_007,170
CTGGTTAGGCACTCCAACAG_008,78
CTGGTTAGGCACTCCAACAG_009,150
CTGGTTAGGCACTCCAACAG_010,161
CTGGTTAGGCACTCCAACAG_011,192
CTGGTTAGGCACTCCAACAG_012,169
CTGGTTAGGCACTCCAACAG_013,8
CTGGTTAGGCACTCCAACAG_014,48
CTGGTTAGGCACTCCAACAG_015,12
CTGGTTAGGCACTCCAACAG_016,127
TTGGCTCCTGACAACGTGCA_001,47
TTGGCTCCTGACAACGTGCA_002,36
TTGGCTCCTGACAACGTGCA_003,134
TTGGCTCCTGACAACGTGCA_004,183
TTGGCTCCTGACAACGTGCA_005,171
TTGGCTCCTGACAACGTGCA_006,51
TTGGCTCCTGACAACGTGCA_007,98
TTGGCTCCTGACAACGTGCA_008,134
TTGGCTCCTGACAACGTGCA_009,126
TTGGCTCCTGACAACGTGCA_010,126
TTGGCTCCTGACAACGTGCA_011,8
CGCCAGGGTAACCGAAGCTG_001,48
CGCCAGGGTAACCGAAGCTG_002,51
CGCCAGGGTAACCGAAGCTG_003,27
CGCCAGGGTAACCGAAGCTG_004,15
CGCCAGGGTAACCGAAGCTG_005,71
CGCCAGGGTAACCGAAGCTG_006,184
CGCCAGGGTAACCGAAGCTG_007,107
CGCCAGGGTAACCGAAGCTG_008,191
CGCCAGGGTAACCGAAGCTG_009,40
CGCCAGGGTAACCGAAGCTG_010,54
CGCCAGGGTAACCGAAGCTG_011,94
CGCCAGGGTAACCGAAGCTG_012,153
CGCCAGGGTAACCGAAGCTG_013,184
CGCCAGGGTAACCGAAGCTG_014,147
GGGGCCAGGTGAAATGCCCG_001,146
GGGGCCAGGTGAAATGCCCG_002,19
GGGGCCAGGTGAAATGCCCG_003,189
GGGGCCAGGTGAAATGCCCG_004,176
GGGGCCAGGTGAAATGCCCG_005,169
GGGGCCAGGTGAAATGCCCG_006,96
GGGGCCAGGTGAAATGCCCG_007,42
GGGGCCAGGTGAAATGCCCG_008,77
GGGGCCAGGTGAAATGCCCG_009,184
GGGGCCAGGTGAAATGCCCG_010,53
GGGGCCAGGTGAAATGCCCG_011,6
GGGGCCAGGTGAAATGCCCG_012,56
GGGGCCAGGTGAAATGCCCG_013,168
AGGTGCTGCTCCAGACGATG_001,101
AGGTGCTGCTCCAGACGATG_002,4
AGGTGCTGCTCCAGACGATG_003,62
AGGTGCTGCTCCAGACGATG_004,34
AGGTGCTGCTCCAGACGATG_005,162
AGGTGCTGCTCCAGACGATG_006,166
AGGTGCTGCTCCAGACGATG_007,102
AGGTGCTGCTCCAGACGATG_008,190
AGGTGCTGCTCCAGACGATG_009,29
AGGTGCTGCTCCAGACGATG_010,168
AGGTGCTGCTCCAGACGATG_011,40
AGGTGCTGCTCCAGACGATG_012,141
CTTGCCGTCCACCTCAATGT_001,121
CTTGCCGTCCACCTCAATGT_002,111
CTTGCCGTCCACCTCAATGT_003,19
TGCCGGTGGTGGGGTCGTAG_001,150
TGCCGGTGGTGGGGTCGTAG_002,78
TGCCGGTGGTGGGGTCGTAG_003,105
TGCCGGTGGTGGGGTCGTAG_004,132
TGCCGGTGGTGGGGTCGTAG_005,16
TGCCGGTGGTGGGGTCGTAG_006,190
TGCCGGTGGTGGGGTCGTAG_007,113
TGCCGGTGGTGGGGTCGTAG_008,1
TGCCGGTGGTGGGGTCGTAG_009,147
TGCCGGTGGTGGGGTCGTAG_010,185
TGCCGGTGGTGGGGTCGTAG_011,181
TGCCGGTGGTGGGGTCGTAG_012,72
TGCCGGTGGTGGGGTCGTAG_013,136
TGCCGGTGGTGGGGTCGTAG_014,131
TGCCGGTGGTGGGGTCGTAG_015,48
TGCCGGTGGTGGGGTCGTAG_016,153
TGCCGGTGGTGGGGTCGTAG_017,191
CAACTGTCAAAAATTCACCT_001,149
CAACTGTCAAAAATTCACCT_002,19
CAACTGTCAAAAATTCACCT_003,159
CAACTGTCAAAAATTCACCT_004,197
CAACTGTCAAAAATTCACCT_005,76
CCTGCCCCTAACATCACAGA_001,53
CCTGCCCCTAACATCACAGA_002,41
CCTGCCCCTAACATCACAGA_003,117
CCTGCCCCTAACATCACAGA_004,31
CCTGCCCCTAACATCACAGA_005,199
CCTGCCCCTAACATCACAGA_006,78
CCTGCCCCTAACATCACAGA_007,178
CCTGCCCCTAACATCACAGA_008,6
ACATTAGCATCCACCTCACG_001,183
ACATTAGCATCCACCTCACG_002,150
ACATTAGCATCCACCTCACG_003,41
ACATTAGCATCCACCTCACG_004,149
ACATTAGCATCCACCTCACG_005,115
CGTGTACATCTCCGCCAACG_001,0
CGTGTACATCTCCGCCAACG_002,192
CGTGTACATCTCCGCCAACG_003,145
CGTGTACATCTCCGCCAACG_004,113
CGTGTACATCTCCGCCAACG_005,153
CGTGTACATCTCCGCCAACG_006,94
ATAGAGAGAGCACATAGACC_001,195
ATAGAGAGAGCACATAGACC_002,60
ATAGAGAGAGCACATAGACC_003,19
ATAGAGAGAGCACATAGACC_004,89
CTGAGTCAGACCATAATCCA_001,28
CTGAGTCAGACCATAATCCA_002,173
CTGAGTCAGACCATAATCCA_003,173
CTGAGTCAGACCATAATCCA_004,173
CTGAGTCAGACCATAATCCA_005,173
CTGAGTCAGACCATAATCCA_006,68
CTGAGTCAGACCATAATCCA_007,81
CTGAGTCAGACCATAATCCA_008,15
CTGAGTCAGACCATAATCCA_009,50
CTGAGTCAGACCATAATCCA_010,78
CTGAGTCAGACCATAATCCA_011,68
CTGAGTCAGACCATAATCCA_012,170
CTGAGTCAGACCATAATCCA_013,15
CTGAGTCAGACCATAATCCA_014,115
CTGAGTCAGACCATAATCCA_015,106
CTGAGTCAGACCATAATCCA_016,151
CTGAGTCAGACCATAATCCA_017,47
CTGAGTCAGACCATAATCCA_018,47
CTGAGTCAGACCATAATCCA_019,127
GAGTGTAAGGAATATAAGAA_001,41
TGGCTGTCCCGAAAACCCAG_001,67
TGGCTGTCCCGAAAACCCAG_002,41
TGGCTGTCCCGAAAACCCAG_003,84
TGGCTGTCCCGAAAACCCAG_004,184
TGGCTGTCCCGAAAACCCAG_005,49
TGGCTGTCCCGAAAACCCAG_006,112
TGGCTGTCCCGAAAACCCAG_007,12
TGGCTGTCCCGAAAACCCAG_008,19
TGGCTGTCCCGAAAACCCAG_009,15
TTGTCCCTGAGAAAACGCGG_001,35
TTGTCCCTGAGAAAACGCGG_002,42
TTGTCCCTGAGAAAACGCGG_003,122
TTGTCCCTGAGAAAACGCGG_004,139
TTGTCCCTGAGAAAACGCGG_005,170
TTGTCCCTGAGAAAACGCGG_006,127
TTGTCCCTGAGAAAACGCGG_007,2
TTGTCCCTGAGAAAACGCGG_008,150
TTGTCCCTGAGAAAACGCGG_009,58
TTGTCCCTGAGAAAACGCGG_010,168
TTGTCCCTGAGAAAACGCGG_011,50
TTGTCCCTGAGAAAACGCGG_012,160
TTGTCCCTGAGAAAACGCGG_013,156
TTGTCCCTGAGAAAACGCGG_014,88
TTGTCCCTGAGAAAACGCGG_015,169
TTGTCCCTGAGAAAACGCGG_016,159
TTGTCCCTGAGAAAACGCGG_017,61
TTGTCCCTGAGAAAACGCGG_018,185
TTGTCCCTGAGAAAACGCGG_019,183
TTGTCCCTGAGAAAACGCGG_020,88
TTGTCCCTGAGAAAACGCGG_021,188
TTGTCCCTGAGAAAACGCGG_022,160
TTGTCCCTGAGAAAACGCGG_023,180
TTGTCCCTGAGAAAACGCGG_024,138
TTGTCCCTGAGAAAACGCGG_025,158
TTGTCCCTGAGAAAACGCGG_026,124
TTGTCCCTGAGAAAACGCGG_027,152
TTGTCCCTGAGAAAACGCGG_028,158
TTGTCCCTGAGAAAACGCGG_029,108
TTGTCCCTGAGAAAACGCGG_030,83
TTGTCCCTGAGAAAACGCGG_031,90
AGATTCTTCAGAAAGTGACT_001,70
AGATTCTTCAGAAAGTGACT_002,178
AGATTCTTCAGAAAGTGACT_003,111
AGATTCTTCAGAAAGTGACT_004,158
AGATTCTTCAGAAAGTGACT_005,149
AGATTCTTCAGAAAGTGACT_006,100
AGATTCTTCAGAAAGTGACT_007,192
ATGGGGTGCGAAACCCAGAG_001,171
ATGGGGTGCGAAACCCAGAG_002,88
ATGGGGTGCGAAACCCAGAG_003,49
CTTGCACTGATGGCCCATTG_001,27
CTTGCACTGATGGCCCATTG_002,68
CTTGCACTGATGGCCCATTG_003,50
CTTGCACTGATGGCCCATTG_004,50
TCACACTGAGAAATAGTGTG_001,174
TCACACTGAGAAATAGTGTG_002,74
TCACACTGAGAAATAGTGTG_003,100
TCACACTGAGAAATAGTGTG_004,139
TCACACTGAGAAATAGTGTG_005,52
TCACACTGAGAAATAGTGTG_006,72
TCACACTGAGAAATAGTGTG_007,30
TCACACTGAGAAATAGTGTG_008,38
TCACACTGAGAAATAGTGTG_009,92
TCACACTGAGAAATAGTGTG_010,2
TCACACTGAGAAATAGTGTG_011,83
TCACACTGAGAAATAGTGTG_012,81
TCACACTGAGAAATAGTGTG_013,27
TCACACTGAGAAATAGTGTG_014,127
TCACACTGAGAAATAGTGTG_015,77
TCACACTGAGAAATAGTGTG_016,119
TCACACTGAGAAATAGTGTG_017,135
GACATAAAGAAAATCATTAT_001,19
GACATAAAGAAAATCATTAT_002,30
GACATAAAGAAAATCATTAT_003,188
GACATAAAGAAAATCATTAT_004,187
GACATAAAGAAAATCATTAT_005,76
GACATAAAGAAAATCATTAT_006,137
GACATAAAGAAAATCATTAT_007,50
AGGAAGACAAGTGACGATGG_001,169
AGGAAGACAAGTGACGATGG_002,48
AGGAAGACAAGTGACGATGG_003,22
AGGAAGACAAGTGACGATGG_004,91
AGGAAGACAAGTGACGATGG_005,62
AGGAAGACAAGTGACGATGG_006,170
AGGAAGACAAGTGACGATGG_007,120
AGGAAGACAAGTGACGATGG_008,145
AGGAAGACAAGTGACGATGG_009,17
AGGAAGACAAGTGACGATGG_010,142
AGGAAGACAAGTGACGATGG_011,57
AGGAAGACAAGTGACGATGG_012,70
CAGAACTGTAGTTTGTCCGA_001,58
CAGAACTGTAGTTTGTCCGA_002,144
CAGAACTGTAGTTTGTCCGA_003,169
CATGAAGAGACTCCAGAAAG_001,68
CATGAAGAGACTCCAGAAAG_002,23
CATGAAGAGACTCCAGAAAG_003,15
CATGAAGAGACTCCAGAAAG_004,2
CATGAAGAGACTCCAGAAAG_005,149
CATGAAGAGACTCCAGAAAG_006,12
CATGAAGAGACTCCAGAAAG_007,1
AAGATACACTGAGCTTGTTG_001,77
AAGATACACTGAGCTTGTTG_002,51
AAGATACACTGAGCTTGTTG_003,183
AAGATACACTGAGCTTGTTG_004,41
AAGATACACTGAGCTTGTTG_005,175
AAGATACACTGAGCTTGTTG_006,159
AAGATACACTGAGCTTGTTG_007,42
AAGATACACTGAGCTTGTTG_008,4
AAGATACACTGAGCTTGTTG_009,68
AAGATACACTGAGCTTGTTG_010,158
AAGATACACTGAGCTTGTTG_011,123
AAGATACACTGAGCTTGTTG_012,114
TCAGTACCAGCAATCAGTGG_001,3
TCAGTACCAGCAATCAGTGG_002,17
TCAGTACCAGCAATCAGTGG_003,23
TCAGTACCAGCAATCAGTGG_004,117
TCAGTACCAGCAATCAGTGG_005,198
CATTCCGCTCCTGATGTGCA_001,2
CATTCCGCTCCTGATGTGCA_002,48
CATTCCGCTCCTGATGTGCA_003,33
CATTCCGCTCCTGATGTGCA_004,121
CATTCCGCTCCTGATGTGCA_005,41
CATTCCGCTCCTGATGTGCA_006,33
CATTCCGCTCCTGATGTGCA_007,161
CATTCCGCTCCTGATGTGCA_008,199
CATTCCGCTCCTGATGTGCA_009,19
CATTCCGCTCCTGATGTGCA_010,104
CATTCCGCTCCTGATGTGCA_011,26
TTGAACAGGCCACGGAAGTG_001,170
TTGAACAGGCCACGGAAGTG_002,7
TTGAACAGGCCACGGAAGTG_003,7
TTGAACAGGCCACGGAAGTG_004,51
TTGAACAGGCCACGGAAGTG_005,158
TTGAACAGGCCACGGAAGTG_006,50
TTGAACAGGCCACGGAAGTG_007,123
TTGAACAGGCCACGGAAGTG_008,148
TTGAACAGGCCACGGAAGTG_009,185
TTGAACAGGCCACGGAAGTG_010,110
TTGAACAGGCCACGGAAGTG_011,42
TTGAACAGGCCACGGAAGTG_012,16
TTGAACAGGCCACGGAAGTG_013,169
TTGAACAGGCCACGGAAGTG_014,28
CTCAGCCCGGAACAATACTG_001,187
CTCAGCCCGGAACAATACTG_002,9
CTCAGCCCGGAACAATACTG_003,85
CTCAGCCCGGAACAATACTG_004,186
CTCAGCCCGGAACAATACTG_005,76
CTCAGCCCGGAACAATACTG_006,181
CTCAGCCCGGAACAATACTG_007,194
CTCAGCCCGGAACAATACTG_008,185
CTCAGCCCGGAACAATACTG_009,8
CTCAGCCCGGAACAATACTG_010,131
CTCAGCCCGGAACAATACTG_011,148
CTCAGCCCGGAACAATACTG_012,50
CTCAGCCCGGAACAATACTG_013,136
CTCAGCCCGGAACAATACTG_014,185
CTCAGCCCGGAACAATACTG_015,175
CTCAGCCCGGAACAATACTG_016,161
CTCAGCCCGGAACAATACTG_017,116
CTCAGCCCGGAACAATACTG_018,138
CTCAGCCCGGAACAATACTG_019,138
CTCAGCCCGGAACAATACTG_020,56
CTCAGCCCGGAACAATACTG_021,191
CTCAGCCCGGAACAATACTG_022,77
CTCAGCCCGGAACAATACTG_023,168
CTCAGCCCGGAACAATACTG_024,50
AAGTGGAGGCTCAGCAGGGT_001,197
AAGTGGAGGCTCAGCAGGGT_002,172
AAGTGGAGGCTCAGCAGGGT_003,118
AAGTGGAGGCTCAGCAGGGT_004,180
ATGTGAGTGGCTGAACACTG_001,149
ATGTGAGTGGCTGAACACTG_002,156
ATGTGAGTGGCTGAACACTG_003,183
ATGTGAGTGGCTGAACACTG_004,166
ATGTGAGTGGCTGAACACTG_005,107
ATGTGAGTGGCTGAACACTG_006,112
ACCAGCGATACATCAAAACG_001,184
ACCAGCGATACATCAAAACG_002,169
ACCAGCGATACATCAAAACG_003,70
ACCAGCGATACATCAAAACG_004,160
ACCAGCGATACATCAAAACG_005,156
ACCAGCGATACATCAAAACG_006,181
ACCAGCGATACATCAAAACG_007,88
CATATGTTGCAGTCTAATGC_001,26
CATATGTTGCAGTCTAATGC_002,138
CATATGTTGCAGTCTAATGC_003,106
CATATGTTGCAGTCTAATGC_004,18
GCTGGTCGGGAAAGCGCGCG_001,77
GCTGGTCGGGAAAGCGCGCG_002,94
GCTGGTCGGGAAAGCGCGCG_003,115
GCTGGTCGGGAAAGCGCGCG_004,89
GCTGGTCGGGAAAGCGCGCG_005,9
GCTGGTCGGGAAAGCGCGCG_006,65
GCTGGTCGGGAAAGCGCGCG_007,134
GCTGGTCGGGAAAGCGCGCG_008,150
GCTGGTCGGGAAAGCGCGCG_009,190
GCTGGTCGGGAAAGCGCGCG_010,169
GCTGGTCGGGAAAGCGCGCG_011,134
GCTGGTCGGGAAAGCGCGCG_012,108
GCTGGTCGGGAAAGCGCGCG_013,117
GCTGGTCGGGAAAGCGCGCG_014,188
GCTGGTCGGGAAAGCGCGCG_015,147
GCTGGTCGGGAAAGCGCGCG_016,155
GCTGGTCGGGAAAGCGCGCG_017,56
GCTGGTCGGGAAAGCGCGCG_018,158
GCTGGTCGGGAAAGCGCGCG_019,160
GCTGGTCGGGAAAGCGCGCG_020,58
GCTGGTCGGGAAAGCGCGCG_021,162
GCTGGTCGGGAAAGCGCGCG_022,41
GCTGGTCGGGAAAGCGCGCG_023,176
GCTGGTCGGGAAAGCGCGCG_024,48
GCTGGTCGGGAAAGCGCGCG_025,158
GCTGGTCGGGAAAGCGCGCG_026,76
GCTGGTCGGGAAAGCGCGCG_027,2
GCTGGTCGGGAAAGCGCGCG_028,94
GCTGGTCGGGAAAGCGCGCG_029,63
GCTGGTCGGGAAAGCGCGCG_030,197
GAAGCTGCGAGCTTGCCTCG_001,78
GAAGCTGCGAGCTTGCCTCG_002,0
GAAGCTGCGAGCTTGCCTCG_003,105
GAAGCTGCGAGCTTGCCTCG_004,9
GAAGCTGCGAGCTTGCCTCG_005,60
GAAGCTGCGAGCTTGCCTCG_006,15
GAAGCTGCGAGCTTGCCTCG_007,171
GAAGCTGCGAGCTTGCCTCG_008,189
GAAGCTGCGAGCTTGCCTCG_009,145
GAAGCTGCGAGCTTGCCTCG_010,57
GAAGCTGCGAGCTTGCCTCG_011,50
GAAGCTGCGAGCTTGCCTCG_012,1
GAAGCTGCGAGCTTGCCTCG_013,191
GAAGCTGCGAGCTTGCCTCG_014,103
GAAGCTGCGAGCTTGCCTCG_015,174
GAAGCTGCGAGCTTGCCTCG_016,156
GAAGCTGCGAGCTTGCCTCG_017,34
GAAGCTGCGAGCTTGCCTCG_018,175
GAAGCTGCGAGCTTGCCTCG_019,77
GAAGCTGCGAGCTTGCCTCG_020,88
GAAGCTGCGAGCTTGCCTCG_021,119
GAAGCTGCGAGCTTGCCTCG_022,174
GAAGCTGCGAGCTTGCCTCG_023,64
GAAGCTGCGAGCTTGCCTCG_024,1
GAAGCTGCGAGCTTGCCTCG_025,28
GAAGCTGCGAGCTTGCCTCG_026,77
GAAGCTGCGAGCTTGCCTCG_027,198
GAAGCTGCGAGCTTGCCTCG_028,63
GAAGCTGCGAGCTTGCCTCG_029,152
GGGGTAGCATCCGTGTTCGG_001,175
GGGGTAGCATCCGTGTTCGG_002,49
GGGGTAGCATCCGTGTTCGG_003,154
GGGGTAGCATCCGTGTTCGG_004,2
GGGGTAGCATCCGTGTTCGG_005,82
GGGGTAGCATCCGTGTTCGG_006,171
GGGGTAGCATCCGTGTTCGG_007,27
GGGGTAGCATCCGTGTTCGG_008,22
GGGGTAGCATCCGTGTTCGG_009,67
GGGGTAGCATCCGTGTTCGG_010,192
GGGGTAGCATCCGTGTTCGG_011,75
GGGGTAGCATCCGTGTTCGG_012,68
ACGTGGAAGCGCCCGCTCTG_001,129
ACGTGGAAGCGCCCGCTCTG_002,94
ACGTGGAAGCGCCCGCTCTG_003,145
ACGTGGAAGCGCCCGCTCTG_004,152
ACGTGGAAGCGCCCGCTCTG_005,23
ACGTGGAAGCGCCCGCTCTG_006,157
ACGTGGAAGCGCCCGCTCTG_007,76
ACGTGGAAGCGCCCGCTCTG_008,141
ACGTGGAAGCGCCCGCTCTG_009,128
ACGTGGAAGCGCCCGCTCTG_010,49
ACGTGGAAGCGCCCGCTCTG_011,69
ACGTGGAAGCGCCCGCTCTG_012,194
ACGTGGAAGCGCCCGCTCTG_013,163
ACGTGGAAGCGCCCGCTCTG_014,47
ACGTGGAAGCGCCCGCTCTG_015,37
ACGTGGAAGCGCCCGCTCTG_016,96
ACGTGGAAGCGCCCGCTCTG_017,199
AAGTGATATCGAGGAGACAT_001,78
AAGTGATATCGAGGAGACAT_002,186
AAGTGATATCGAGGAGACAT_003,184
AAGTGATATCGAGGAGACAT_004,97
AAGTGATATCGAGGAGACAT_005,134
AAGTGATATCGAGGAGACAT_006,171
AAGTGATATCGAGGAGACAT_007,197
AAGTGATATCGAGGAGACAT_008,12
AAGTGATATCGAGGAGACAT_009,101
AAGTGATATCGAGGAGACAT_010,151
AAGTGATATCGAGGAGACAT_011,61
AAGTGATATCGAGGAGACAT_012,0
ATCTGAGGAGCGGCACAACG_001,78
ATCTGAGGAGCGGCACAACG_002,94
ATCTGAGGAGCGGCACAACG_003,115
ATCTGAGGAGCGGCACAACG_004,47
ATCTGAGGAGCGGCACAACG_005,55
ATCTGAGGAGCGGCACAACG_006,173
ATCTGAGGAGCGGCACAACG_007,173
ATCTGAGGAGCGGCACAACG_008,128
ATCTGAGGAGCGGCACAACG_009,192
ATCTGAGGAGCGGCACAACG_010,86
ATCTGAGGAGCGGCACAACG_011,185
ATCTGAGGAGCGGCACAACG_012,144
ATCTGAGGAGCGGCACAACG_013,88
ATCTGAGGAGCGGCACAACG_014,34
ATCTGAGGAGCGGCACAACG_015,21
ATCTGAGGAGCGGCACAACG_016,80
ATCTGAGGAGCGGCACAACG_017,170
GCCACGCCGACACCACCAAG_001,38
GCCACGCCGACACCACCAAG_002,15
GCCACGCCGACACCACCAAG_003,148
GCCACGCCGACACCACCAAG_004,148
GCCACGCCGACACCACCAAG_005,53
GCCACGCCGACACCACCAAG_006,150
GCCACGCCGACACCACCAAG_007,105
GCCACGCCGACACCACCAAG_008,147
GCCACGCCGACACCACCAAG_009,19
GCCACGCCGACACCACCAAG_010,73
GCCACGCCGACACCACCAAG_011,161
GCCACGCCGACACCACCAAG_012,26
GCCACGCCGACACCACCAAG_013,46
GCCACGCCGACACCACCAAG_014,112
GCCACGCCGACACCACCAAG_015,83
GCCACGCCGACACCACCAAG_016,112
GCCACGCCGACACCACCAAG_017,44
GCCACGCCGACACCACCAAG_018,50
GCCACGCCGACACCACCAAG_019,7
GCCACGCCGACACCACCAAG_020,1
GCCACGCCGACACCACCAAG_021,68
GCCACGCCGACACCACCAAG_022,181
GCCACGCCGACACCACCAAG_023,27
GCCACGCCGACACCACCAAG_024,29
GCCACGCCGACACCACCAAG_025,92
GCCACGCCGACACCACCAAG_026,110
GCCACGCCGACACCACCAAG_027,141
GCCACGCCGACACCACCAAG_028,117
GCCACGCCGACACCACCAAG_029,136
AACTTGCCTACCTTTAGCCG_001,92
AACTTGCCTACCTTTAGCCG_002,134
AACTTGCCTACCTTTAGCCG_003,188
AACTTGCCTACCTTTAGCCG_004,127
AACTTGCCTACCTTTAGCCG_005,63
AACTTGCCTACCTTTAGCCG_006,0
AACTTGCCTACCTTTAGCCG_007,115
AACTTGCCTACCTTTAGCCG_008,63
AACTTGCCTACCTTTAGCCG_009,78
AACTTGCCTACCTTTAGCCG_010,157
AACTTGCCTACCTTTAGCCG_011,95
AACTTGCCTACCTTTAGCCG_012,20
AACTTGCCTACCTTTAGCCG_013,67
AACTTGCCTACCTTTAGCCG_014,139
AACTTGCCTACCTTTAGCCG_015,60
AACTTGCCTACCTTTAGCCG_016,17
AACTTGCCTACCTTTAGCCG_017,145
AACTTGCCTACCTTTAGCCG_018,100
AACTTGCCTACCTTTAGCCG_019,47
CGCTCGGGCTACATCACCAT_001,83
CGCTCGGGCTACATCACCAT_002,177
CGCTCGGGCTACATCACCAT_003,127
CGCTCGGGCTACATCACCAT_004,22
CGCTCGGGCTACATCACCAT_005,119
CGCTCGGGCTACATCACCAT_006,92
CGCTCGGGCTACATCACCAT_007,84
CGCTCGGGCTACATCACCAT_008,41
CGCTCGGGCTACATCACCAT_009,11
CGCTCGGGCTACATCACCAT_010,172
CGCTCGGGCTACATCACCAT_011,96
CGCTCGGGCTACATCACCAT_012,121
AGGCAATTTCTGCGAGATCG_001,187
TAGACTCCAAGGAGTCAAAG_001,124
TAGACTCCAAGGAGTCAAAG_002,133
TAGACTCCAAGGAGTCAAAG_003,121
TAGACTCCAAGGAGTCAAAG_004,88
ATCCTCCTCGAGAGAGAACA_001,77
ATCCTCCTCGAGAGAGAACA_002,182
ATCCTCCTCGAGAGAGAACA_003,194
ATCCTCCTCGAGAGAGAACA_004,156
ATCCTCCTCGAGAGAGAACA_005,156
ATCCTCCTCGAGAGAGAACA_006,154
ATCCTCCTCGAGAGAGAACA_007,136
ATCCTCCTCGAGAGAGAACA_008,172
ATCCTCCTCGAGAGAGAACA_009,31
ATCCTCCTCGAGAGAGAACA_010,147
ATCCTCCTCGAGAGAGAACA_011,57
ATCCTCCTCGAGAGAGAACA_012,162
ATCCTCCTCGAGAGAGAACA_013,106
ATCCTCCTCGAGAGAGAACA_014,77
ATCCTCCTCGAGAGAGAACA_015,102
ATCCTCCTCGAGAGAGAACA_016,81
ATCCTCCTCGAGAGAGAACA_017,45
ATCCTCCTCGAGAGAGAACA_018,83
ATCCTCCTCGAGAGAGAACA_019,124
ATCCTCCTCGAGAGAGAACA_020,139
ATCCTCCTCGAGAGAGAACA_021,139
ATCCTCCTCGAGAGAGAACA_022,79
ATCCTCCTCGAGAGAGAACA_023,40
ATCCTCCTCGAGAGAGAACA_024,176
ATCCTCCTCGAGAGAGAACA_025,149
ATCCTCCTCGAGAGAGAACA_026,136
ATCCTCCTCGAGAGAGAACA_027,32
ATAGTCGAGAGAAACAAGCG_001,89
ATAGTCGAGAGAAACAAGCG_002,53
ATAGTCGAGAGAAACAAGCG_003,194
ATAGTCGAGAGAAACAAGCG_004,105
ATAGTCGAGAGAAACAAGCG_005,104
ATAGTCGAGAGAAACAAGCG_006,77
ATGGGGCTTCTTGACACCGC_001,172
ATGGGGCTTCTTGACACCGC_002,7
ATGGGGCTTCTTGACACCGC_003,35
ATGGGGCTTCTTGACACCGC_004,16
ATGGGGCTTCTTGACACCGC_005,155
ATGGGGCTTCTTGACACCGC_006,2
GCTAACCGAGACCAGCCTTG_001,69
GCTAACCGAGACCAGCCTTG_002,0
GCTAACCGAGACCAGCCTTG_003,51
GCTAACCGAGACCAGCCTTG_004,17
ATCTCGCCATCACTATGGAT_001,67
ATCTCGCCATCACTATGGAT_002,20
ATCTCGCCATCACTATGGAT_003,168
GGAAAAGCAGACTCCAAGCT_001,81
GGAAAAGCAGACTCCAAGCT_002,1
GGAAAAGCAGACTCCAAGCT_003,56
GGAAAAGCAGACTCCAAGCT_004,27
TACGGATCACCAAATCTTAG_001,23
TACGGATCACCAAATCTTAG_002,175
TGGTCCCAGCACGACGGCAG_001,169
TGGTCCCAGCACGACGGCAG_002,101
TGGTCCCAGCACGACGGCAG_003,129
TGGTCCCAGCACGACGGCAG_004,61
TGGTCCCAGCACGACGGCAG_005,29
TGGTCCCAGCACGACGGCAG_006,114
TGGTCCCAGCACGACGGCAG_007,63
TGGTCCCAGCACGACGGCAG_008,166
TGGTCCCAGCACGACGGCAG_009,40
TGGTCCCAGCACGACGGCAG_010,5
TGGTCCCAGCACGACGGCAG_011,138
TGGTCCCAGCACGACGGCAG_012,166
TGGTCCCAGCACGACGGCAG_013,184
TGGTCCCAGCACGACGGCAG_014,19
TGGTCCCAGCACGACGGCAG_015,19
AGATTCGCCATCATATGGGA_001,50
AGATTCGCCATCATATGGGA_002,168
AGATTCGCCATCATATGGGA_003,28
AGAGCGCATAACTACTACCC_001,58
AGGGGAAACCGAAGCGCGCG_001,137
AGGGGAAACCGAAGCGCGCG_002,98
AGGGGAAACCGAAGCGCGCG_003,14
AGGGGAAACCGAAGCGCGCG_004,110
AGGGGAAACCGAAGCGCGCG_005,182
AGGGGAAACCGAAGCGCGCG_006,16
AGGGGAAACCGAAGCGCGCG_007,91
AGGGGAAACCGAAGCGCGCG_008,153
AGGGGAAACCGAAGCGCGCG_009,172
AGGGGAAACCGAAGCGCGCG_010,175
AGGGGAAACCGAAGCGCGCG_011,107
AGGGGAAACCGAAGCGCGCG_012,6
AGGGGAAACCGAAGCGCGCG_013,62
AGGGGAAACCGAAGCGCGCG_014,6
AGGGGAAACCGAAGCGCGCG_015,29
AGGGGAAACCGAAGCGCGCG_016,66
AGGGGAAACCGAAGCGCGCG_017,98
AGGGGAAACCGAAGCGCGCG_018,120
AGGGGAAACCGAAGCGCGCG_019,125
AGGGGAAACCGAAGCGCGCG_020,36
AGGGGAAACCGAAGCGCGCG_021,70
AGGGGAAACCGAAGCGCGCG_022,76
AGGGGAAACCGAAGCGCGCG_023,184
AGGGGAAACCGAAGCGCGCG_024,175
AGGGGAAACCGAAGCGCGCG_025,141
AGGGGAAACCGAAGCGCGCG_026,158
AGGGGAAACCGAAGCGCGCG_027,64
AGGGGAAACCGAAGCGCGCG_028,80
AGGGGAAACCGAAGCGCGCG_029,183
AGGGGAAACCGAAGCGCGCG_030,148
AGGGGAAACCGAAGCGCGCG_031,137
AGGGGAAACCGAAGCGCGCG_032,198
ATGGGAAAGTAAATCTTTGG_001,1
ATGGGAAAGTAAATCTTTGG_002,119
ATGGGAAAGTAAATCTTTGG_003,86
ATGGGAAAGTAAATCTTTGG_004,82
ATGGGAAAGTAAATCTTTGG_005,68
ATGGGAAAGTAAATCTTTGG_006,88
GCGCGGCAGATTGGGTACAG_001,199
GCGCGGCAGATTGGGTACAG_002,17
GCGCGGCAGATTGGGTACAG_003,184
GCGCGGCAGATTGGGTACAG_004,48
GCGCGGCAGATTGGGTACAG_005,176
GCGCGGCAGATTGGGTACAG_006,4
GCGCGGCAGATTGGGTACAG_007,170
GCGCGGCAGATTGGGTACAG_008,34
GCGCGGCAGATTGGGTACAG_009,83
GCGCGGCAGATTGGGTACAG_010,48
GCGCGGCAGATTGGGTACAG_011,48
GCGCGGCAGATTGGGTACAG_012,98
GCGCGGCAGATTGGGTACAG_013,144
GCGCGGCAGATTGGGTACAG_014,175
GCGCGGCAGATTGGGTACAG_015,174
GCGCGGCAGATTGGGTACAG_016,104
GCGCGGCAGATTGGGTACAG_017,84
GCGCGGCAGATTGGGTACAG_018,1
GCGCGGCAGATTGGGTACAG_019,190
GCGCGGCAGATTGGGTACAG_020,0
GCGCGGCAGATTGGGTACAG_021,94
GCGCGGCAGATTGGGTACAG_022,103
GCGCGGCAGATTGGGTACAG_023,139
GCGCGGCAGATTGGGTACAG_024,88
GCGCGGCAGATTGGGTACAG_025,54
GCGCGGCAGATTGGGTACAG_026,61
GCGCGGCAGATTGGGTACAG_027,26
GCGCGGCAGATTGGGTACAG_028,60
GCGCGGCAGATTGGGTACAG_029,127
GCGCGGCAGATTGGGTACAG_030,166
GCGCGGCAGATTGGGTACAG_031,124
GCGCGGCAGATTGGGTACAG_032,118
GCGCGGCAGATTGGGTACAG_033,28
GCGCGGCAGATTGGGTACAG_034,136
GCGCGGCAGATTGGGTACAG_035,168
GCGCGGCAGATTGGGTACAG_036,41
GCGCGGCAGATTGGGTACAG_037,197
GCGCGGCAGATTGGGTACAG_038,68
TGAGACTGATCCTTCACTAG_001,104
TGAGACTGATCCTTCACTAG_002,22
TGAGACTGATCCTTCACTAG_003,65
TGAGACTGATCCTTCACTAG_004,173
TGAGACTGATCCTTCACTAG_005,67
AACACCCAAAAAGTTTACAG_001,106
AACACCCAAAAAGTTTACAG_002,177
AACACCCAAAAAGTTTACAG_003,5
AACACCCAAAAAGTTTACAG_004,183
AACACCCAAAAAGTTTACAG_005,23
AACACCCAAAAAGTTTACAG_006,155
AACACCCAAAAAGTTTACAG_007,51
AACACCCAAAAAGTTTACAG_008,34
AACACCCAAAAAGTTTACAG_009,16
TGCTCAGCTCGTAGCCAAAG_001,180
TGCTCAGCTCGTAGCCAAAG_002,58
TGCTCAGCTCGTAGCCAAAG_003,2
TGCTCAGCTCGTAGCCAAAG_004,194
TGCTCAGCTCGTAGCCAAAG_005,191
TGCTCAGCTCGTAGCCAAAG_006,193
TGCTCAGCTCGTAGCCAAAG_007,193
TGCTCAGCTCGTAGCCAAAG_008,84
TGCTCAGCTCGTAGCCAAAG_009,20
TGCTCAGCTCGTAGCCAAAG_010,148
TGCTCAGCTCGTAGCCAAAG_011,50
TGCTCAGCTCGTAGCCAAAG_012,121
TGCTCAGCTCGTAGCCAAAG_013,155
TGCTCAGCTCGTAGCCAAAG_014,34
TGCTCAGCTCGTAGCCAAAG_015,160
CTTAGCCGTCTAAATCGAGG_001,60
CTTAGCCGTCTAAATCGAGG_002,10
CTTAGCCGTCTAAATCGAGG_003,22
CGATAAAAGTGTGCAGACCA_001,43
CGATAAAAGTGTGCAGACCA_002,43
CGATAAAAGTGTGCAGACCA_003,58
CGATAAAAGTGTGCAGACCA_004,2
CGATAAAAGTGTGCAGACCA_005,178
CGATAAAAGTGTGCAGACCA_006,122
CGATAAAAGTGTGCAGACCA_007,186
CGATAAAAGTGTGCAGACCA_008,149
CGATAAAAGTGTGCAGACCA_009,57
CGATAAAAGTGTGCAGACCA_010,139
CGATAAAAGTGTGCAGACCA_011,98
CGATAAAAGTGTGCAGACCA_012,78
CGATAAAAGTGTGCAGACCA_013,146
CGATAAAAGTGTGCAGACCA_014,43
CGATAAAAGTGTGCAGACCA_015,79
CGATAAAAGTGTGCAGACCA_016,88
CGATAAAAGTGTGCAGACCA_017,144
CGATAAAAGTGTGCAGACCA_018,19
CGATAAAAGTGTGCAGACCA_019,26
ACTGAACCAGACTTTGCACC_001,85
ACTGAACCAGACTTTGCACC_002,158
GCTCACGTATCCGGCTCATG_001,172
GCTCACGTATCCGGCTCATG_002,75
GCTCACGTATCCGGCTCATG_003,50
GCTCACGTATCCGGCTCATG_004,88
GCTCACGTATCCGGCTCATG_005,177
AATGCACAAAGATTTGTCCC_001,137
AATGCACAAAGATTTGTCCC_002,82
AATGCACAAAGATTTGTCCC_003,158
CATATTCATAAAACCAAGCC_001,168
CATATTCATAAAACCAAGCC_002,148
CATATTCATAAAACCAAGCC_003,50
CTGACAGAGCTTCTATTCCC_001,55
CTGACAGAGCTTCTATTCCC_002,106
GCCACCATGGACACGGTGCA_001,43
GCCACCATGGACACGGTGCA_002,29
GCCACCATGGACACGGTGCA_003,121
GCCACCATGGACACGGTGCA_004,101
GCCACCATGGACACGGTGCA_005,137
GCCACCATGGACACGGTGCA_006,188
GCCACCATGGACACGGTGCA_007,19
GCCACCATGGACACGGTGCA_008,0
GCCACCATGGACACGGTGCA_009,142
GCCACCATGGACACGGTGCA_010,36
TCAAAGCAGCTCAGAGATCG_001,76
TCAAAGCAGCTCAGAGATCG_002,127
TCAAAGCAGCTCAGAGATCG_003,137
TCAAAGCAGCTCAGAGATCG_004,9
TCAAAGCAGCTCAGAGATCG_005,74
TCAAAGCAGCTCAGAGATCG_006,89
TCAAAGCAGCTCAGAGATCG_007,129
TCAAAGCAGCTCAGAGATCG_008,178
TCAAAGCAGCTCAGAGATCG_009,9
TCAAAGCAGCTCAGAGATCG_010,94
TCAAAGCAGCTCAGAGATCG_011,2
TCAAAGCAGCTCAGAGATCG_012,92
TCAAAGCAGCTCAGAGATCG_013,22
AAACAAAGGCGACCCTCGAA_001,178
AAACAAAGGCGACCCTCGAA_002,72
AAACAAAGGCGACCCTCGAA_003,169
AAACAAAGGCGACCCTCGAA_004,80
AAACAAAGGCGACCCTCGAA_005,18
AAACAAAGGCGACCCTCGAA_006,65
AAACAAAGGCGACCCTCGAA_007,175
AAACAAAGGCGACCCTCGAA_008,118
AAACAAAGGCGACCCTCGAA_009,184
AAACAAAGGCGACCCTCGAA_010,62
ACCTCAGTTCCAATGAATGT_001,38
ACCTCAGTTCCAATGAATGT_002,148
CAGGGAGTGACTGACACCAA_001,5
CAGGGAGTGACTGACACCAA_002,42
CAGGGAGTGACTGACACCAA_003,42
CAGGGAGTGACTGACACCAA_004,139
CAGGGAGTGACTGACACCAA_005,118
CAGGGAGTGACTGACACCAA_006,162
CAGGGAGTGACTGACACCAA_007,175
TCGGTACAAAGATCAAACTG_001,107
TCGGTACAAAGATCAAACTG_002,78
TCGGTACAAAGATCAAACTG_003,127
TCGGTACAAAGATCAAACTG_004,76
TCGGTACAAAGATCAAACTG_005,50
TCGGTACAAAGATCAAACTG_006,149
TCGGTACAAAGATCAAACTG_007,185
TCGGTACAAAGATCAAACTG_008,137
TCGGTACAAAGATCAAACTG_009,81
TCGGTACAAAGATCAAACTG_010,62
TCGGTACAAAGATCAAACTG_011,169
TCGGTACAAAGATCAAACTG_012,107
TCGGTACAAAGATCAAACTG_013,50
AAGGCGACCTGGACGAGCGC_001,129
AAGGCGACCTGGACGAGCGC_002,164
AAGGCGACCTGGACGAGCGC_003,164
AAGGCGACCTGGACGAGCGC_004,183
AAGGCGACCTGGACGAGCGC_005,150
AAGGCGACCTGGACGAGCGC_006,3
AAGGCGACCTGGACGAGCGC_007,50
AAGGCGACCTGGACGAGCGC_008,132
AAGGCGACCTGGACGAGCGC_009,121
AAGGCGACCTGGACGAGCGC_010,105
AAGGCGACCTGGACGAGCGC_011,57
AAGGCGACCTGGACGAGCGC_012,51
AAGGCGACCTGGACGAGCGC_013,78
AAGGCGACCTGGACGAGCGC_014,113
AAGGCGACCTGGACGAGCGC_015,103
AAGGCGACCTGGACGAGCGC_016,45
AAGGCGACCTGGACGAGCGC_017,52
AAGGCGACCTGGACGAGCGC_018,21
AAGGCGACCTGGACGAGCGC_019,14
AAGGCGACCTGGACGAGCGC_020,27
AAGGCGACCTGGACGAGCGC_021,158
AAGGCGACCTGGACGAGCGC_022,60
ATTACTGAGTCAAGAAAAGG_001,36
ATTACTGAGTCAAGAAAAGG_002,169
ATTACTGAGTCAAGAAAAGG_003,144
ATTACTGAGTCAAGAAAAGG_004,36
ATTACTGAGTCAAGAAAAGG_005,139
ATTACTGAGTCAAGAAAAGG_006,117
CACGCAGCAGGCCTGCTGGT_001,38
CACGCAGCAGGCCTGCTGGT_002,62
CACGCAGCAGGCCTGCTGGT_003,146
CACGCAGCAGGCCTGCTGGT_004,2
CACGCAGCAGGCCTGCTGGT_005,170
CACGCAGCAGGCCTGCTGGT_006,49
CACGCAGCAGGCCTGCTGGT_007,135
CACGCAGCAGGCCTGCTGGT_008,171
CACGCAGCAGGCCTGCTGGT_009,126
CACGCAGCAGGCCTGCTGGT_010,190
CACGCAGCAGGCCTGCTGGT_011,30
CACGCAGCAGGCCTGCTGGT_012,155
CACGCAGCAGGCCTGCTGGT_013,78
CACGCAGCAGGCCTGCTGGT_014,60
CACGCAGCAGGCCTGCTGGT_015,160
CACGCAGCAGGCCTGCTGGT_016,12
CACGCAGCAGGCCTGCTGGT_017,159
CACGCAGCAGGCCTGCTGGT_018,53
CACGCAGCAGGCCTGCTGGT_019,48
CACGCAGCAGGCCTGCTGGT_020,119
CCAGTCGAGCCATATCCCTG_001,71
CCAGTCGAGCCATATCCCTG_002,71
CCAGTCGAGCCATATCCCTG_003,25
CCAGTCGAGCCATATCCCTG_004,173
TAAACTTGAAATCAGTCAGA_001,98
TAAACTTGAAATCAGTCAGA_002,96
TAAACTTGAAATCAGTCAGA_003,179
TAGTGCCTGAGGAACTATGT_001,2
TAGTGCCTGAGGAACTATGT_002,40
TAGTGCCTGAGGAACTATGT_003,159
TAGTGCCTGAGGAACTATGT_004,105
TAGTGCCTGAGGAACTATGT_005,145
TAGTGCCTGAGGAACTATGT_006,195
TAGTGCCTGAGGAACTATGT_007,37
TAGTGCCTGAGGAACTATGT_008,68
TAGTGCCTGAGGAACTATGT_009,152
TAGTGCCTGAGGAACTATGT_010,142
TAGTGCCTGAGGAACTATGT_011,63
TAGTGCCTGAGGAACTATGT_012,110
TAGTGCCTGAGGAACTATGT_013,137
CTCTGGAATGGCAACATCGT_001,25
CTCTGGAATGGCAACATCGT_002,31
CTCTGGAATGGCAACATCGT_003,27
CTCTGGAATGGCAACATCGT_004,15
CTCTGGAATGGCAACATCGT_005,125
CTCTGGAATGGCAACATCGT_006,184
CTCTGGAATGGCAACATCGT_007,22
CTCTGGAATGGCAACATCGT_008,106
CTCTGGAATGGCAACATCGT_009,69
CTCTGGAATGGCAACATCGT_010,162
CTCTGGAATGGCAACATCGT_011,43
CTCTGGAATGGCAACATCGT_012,162
CTCTGGAATGGCAACATCGT_013,86
CTCTGGAATGGCAACATCGT_014,4
CTCTGGAATGGCAACATCGT_015,48
CTCTGGAATGGCAACATCGT_016,50
CTCTGGAATGGCAACATCGT_017,138
CTCTGGAATGGCAACATCGT_018,136
CTCTTGTAATCCCTCCAGCG_001,81
CTCTTGTAATCCCTCCAGCG_002,58
CTCTTGTAATCCCTCCAGCG_003,105
CTCTTGTAATCCCTCCAGCG_004,171
CTCTTGTAATCCCTCCAGCG_005,78
ATTCCAGAATGTCCGCCGCG_001,127
ATTCCAGAATGTCCGCCGCG_002,106
ATTCCAGAATGTCCGCCGCG_003,174
ATTCCAGAATGTCCGCCGCG_004,68
GGGACTGGTTGACCAACTGG_001,40
GGGACTGGTTGACCAACTGG_002,130
GGGACTGGTTGACCAACTGG_003,136
GGGACTGGTTGACCAACTGG_004,95
GGGACTGGTTGACCAACTGG_005,190
GGGACTGGTTGACCAACTGG_006,73
GGGACTGGTTGACCAACTGG_007,70
GGGACTGGTTGACCAACTGG_008,199
GATCAGGGAGAAATCATGCG_001,191
GATCAGGGAGAAATCATGCG_002,102
GATCAGGGAGAAATCATGCG_003,155
GATCAGGGAGAAATCATGCG_004,2
GATCAGGGAGAAATCATGCG_005,115
GATCAGGGAGAAATCATGCG_006,66
GATCAGGGAGAAATCATGCG_007,15
GATCAGGGAGAAATCATGCG_008,122
GATCAGGGAGAAATCATGCG_009,15
GATCAGGGAGAAATCATGCG_010,157
GAGCTTCAAGCACCTGACTG_001,183
GAGCTTCAAGCACCTGACTG_002,183
GAGCTTCAAGCACCTGACTG_003,188
GAGCTTCAAGCACCTGACTG_004,156
GAGCTTCAAGCACCTGACTG_005,151
GAGCTTCAAGCACCTGACTG_006,57
GATGAAAAGGTACTAACAGG_001,76
GATGAAAAGGTACTAACAGG_002,98
GATGAAAAGGTACTAACAGG_003,35
GCAACGTCACCAAAAGAACT_001,133
GCAACGTCACCAAAAGAACT_002,168
GCAACGTCACCAAAAGAACT_003,29
GCAACGTCACCAAAAGAACT_004,116
GCAACGTCACCAAAAGAACT_005,190
GCAACGTCACCAAAAGAACT_006,129
GCAACGTCACCAAAAGAACT_007,20
GCAACGTCACCAAAAGAACT_008,158
GATGCTTCTAGCAAGATCCA_001,50
GATGCTTCTAGCAAGATCCA_002,46
CTTCAAAATTCATGACCCCG_001,196
CTTCAAAATTCATGACCCCG_002,154
CTTCAAAATTCATGACCCCG_003,106
CTTCAAAATTCATGACCCCG_004,78
CTTCAAAATTCATGACCCCG_005,62
CTTCAAAATTCATGACCCCG_006,40
CTTCAAAATTCATGACCCCG_007,162
CTTCAAAATTCATGACCCCG_008,131
CTTCAAAATTCATGACCCCG_009,144
CTTCAAAATTCATGACCCCG_010,68
CTTCAAAATTCATGACCCCG_011,169
CTTCAAAATTCATGACCCCG_012,50
CTTCAAAATTCATGACCCCG_013,133
CTTCAAAATTCATGACCCCG_014,50
CTTCAAAATTCATGACCCCG_015,62
CTTCAAAATTCATGACCCCG_016,35
AAGAGTCCCTTACTCTGCTG_001,151
AAGAGTCCCTTACTCTGCTG_002,166
AAGAGTCCCTTACTCTGCTG_003,52
AAGAGTCCCTTACTCTGCTG_004,107
AAGAGTCCCTTACTCTGCTG_005,192
AAGAGTCCCTTACTCTGCTG_006,150
AAGAGTCCCTTACTCTGCTG_007,15
AAGAGTCCCTTACTCTGCTG_008,56
AAGAGTCCCTTACTCTGCTG_009,81
AAGAGTCCCTTACTCTGCTG_010,139
AAGAGTCCCTTACTCTGCTG_011,169
AAGAGTCCCTTACTCTGCTG_012,175
AAGAGTCCCTTACTCTGCTG_013,134
GGGGATGGGCCATAATTGGC_001,104
GGGGATGGGCCATAATTGGC_002,144
GGGGATGGGCCATAATTGGC_003,57
GGGGATGGGCCATAATTGGC_004,56
GGGGATGGGCCATAATTGGC_005,96
TCATCACTACCCACCTCGGA_001,1
ACGTAGAGAGCTTTGTATCG_001,157
GCAGGTGGATACCCCACACA_001,88
GCAGGTGGATACCCCACACA_002,179
GCAGGTGGATACCCCACACA_003,0
GCAGGTGGATACCCCACACA_004,43
GCAGGTGGATACCCCACACA_005,183
GCAGGTGGATACCCCACACA_006,129
CGCGTCCCCCGCAGACAGGT_001,11
CGCGTCCCCCGCAGACAGGT_002,175
CGCGTCCCCCGCAGACAGGT_003,48
CGCGTCCCCCGCAGACAGGT_004,9
CGCGTCCCCCGCAGACAGGT_005,9
CGCGTCCCCCGCAGACAGGT_006,82
CGCGTCCCCCGCAGACAGGT_007,83
CGCGTCCCCCGCAGACAGGT_008,121
AGGTACTTACTAAATGTGGG_001,65
AGGTACTTACTAAATGTGGG_002,88
AGGTACTTACTAAATGTGGG_003,149
AGGTACTTACTAAATGTGGG_004,161
AGGTACTTACTAAATGTGGG_005,92
AGGTACTTACTAAATGTGGG_006,107
AGGTACTTACTAAATGTGGG_007,44
AGGTACTTACTAAATGTGGG_008,132
AGGTACTTACTAAATGTGGG_009,37
AGGTACTTACTAAATGTGGG_010,119
AGGTACTTACTAAATGTGGG_011,34
AGGTACTTACTAAATGTGGG_012,78
AGGTACTTACTAAATGTGGG_013,60
AGGTACTTACTAAATGTGGG_014,137
AGGTACTTACTAAATGTGGG_015,75
CGAAATTGAGCATTACATCG_001,62
CGAAATTGAGCATTACATCG_002,144
CAGCCATGCCTTGTACTCGG_001,147
CAGCCATGCCTTGTACTCGG_002,55
GAGGTTGATGATCCGCGAAG_001,65
GAGGTTGATGATCCGCGAAG_002,141
CCTAATGTCCTATGATCACG_001,12
CCTAATGTCCTATGATCACG_002,158
CCTAATGTCCTATGATCACG_003,104
CCTAATGTCCTATGATCACG_004,94
CCTAATGTCCTATGATCACG_005,162
TGCCCTCGAACATCTCCACA_001,162
TGCCCTCGAACATCTCCACA_002,111
TGCCCTCGAACATCTCCACA_003,47
TGCCCTCGAACATCTCCACA_004,3
TGCCCTCGAACATCTCCACA_005,22
TGCCCTCGAACATCTCCACA_006,132
TGCCCTCGAACATCTCCACA_007,114
TGCCCTCGAACATCTCCACA_008,52
TGCCCTCGAACATCTCCACA_009,81
CAGCACCACCGAAACGGACA_001,127
CAGCACCACCGAAACGGACA_002,17
CAGCACCACCGAAACGGACA_003,193
CAGCACCACCGAAACGGACA_004,144
CAGCACCACCGAAACGGACA_005,182
CAGCACCACCGAAACGGACA_006,81
CAGCACCACCGAAACGGACA_007,83
CAGCACCACCGAAACGGACA_008,60
CAGCACCACCGAAACGGACA_009,100
CAGCACCACCGAAACGGACA_010,100
CAGCACCACCGAAACGGACA_011,137
CAGCACCACCGAAACGGACA_012,77
CAGCACCACCGAAACGGACA_013,169
CAGCACCACCGAAACGGACA_014,152
CAGCACCACCGAAACGGACA_015,159
AGGCTATGCTAAGCCCAATG_001,169
AGGCTATGCTAAGCCCAATG_002,38
AGGCTATGCTAAGCCCAATG_003,160
ACCAAGCTATACAGCCGACA_001,142
ACCAAGCTATACAGCCGACA_002,17
AAAGACAGACTCAGGCTCAG_001,15
AAAGACAGACTCAGGCTCAG_002,27
AAAGACAGACTCAGGCTCAG_003,146
AACGTTGGTTACACTACGTG_001,171
AACGTTGGTTACACTACGTG_002,148
AACGTTGGTTACACTACGTG_003,125
AACGTTGGTTACACTACGTG_004,113
AACGTTGGTTACACTACGTG_005,162
AACGTTGGTTACACTACGTG_006,140
AACGTTGGTTACACTACGTG_007,137
AACGTTGGTTACACTACGTG_008,189
CCTCAAAGGGGGAATCCTGA_001,112
CCTCAAAGGGGGAATCCTGA_002,175
CCTCAAAGGGGGAATCCTGA_003,48
CCTCAAAGGGGGAATCCTGA_004,87
CCTCAAAGGGGGAATCCTGA_005,158
CCTCAAAGGGGGAATCCTGA_006,63
CCTCAAAGGGGGAATCCTGA_007,46
CCTCAAAGGGGGAATCCTGA_008,113
CCTCAAAGGGGGAATCCTGA_009,64
CGGGCAGTGTGACCTATGAA_001,172
CGGGCAGTGTGACCTATGAA_002,12
CGGGCAGTGTGACCTATGAA_003,91
CGGGCAGTGTGACCTATGAA_004,8
CGGGCAGTGTGACCTATGAA_005,98
CGGGCAGTGTGACCTATGAA_006,4
CGGGCAGTGTGACCTATGAA_007,108
AGGTACTCAAATCAAGCCCA_001,15
GCGAGCCCTTACATTGACAG_001,78
GCGAGCCCTTACATTGACAG_002,36
GCGAGCCCTTACATTGACAG_003,76
GCGAGCCCTTACATTGACAG_004,198
GCGAGCCCTTACATTGACAG_005,18
GCGAGCCCTTACATTGACAG_006,89
GCGAGCCCTTACATTGACAG_007,84
GCGAGCCCTTACATTGACAG_008,8
GCGAGCCCTTACATTGACAG_009,149
GCGAGCCCTTACATTGACAG_010,147
GCGAGCCCTTACATTGACAG_011,89
GCGAGCCCTTACATTGACAG_012,166
GCGAGCCCTTACATTGACAG_013,166
GCGAGCCCTTACATTGACAG_014,129
GCGAGCCCTTACATTGACAG_015,67
GCGAGCCCTTACATTGACAG_016,67
GCGAGCCCTTACATTGACAG_017,11
GCGAGCCCTTACATTGACAG_018,141
GCGAGCCCTTACATTGACAG_019,12
GCGAGCCCTTACATTGACAG_020,80
GCGAGCCCTTACATTGACAG_021,129
GCGAGCCCTTACATTGACAG_022,94
GCGAGCCCTTACATTGACAG_023,121
GCGAGCCCTTACATTGACAG_024,8
GCGAGCCCTTACATTGACAG_025,113
GCGAGCCCTTACATTGACAG_026,150
GCGAGCCCTTACATTGACAG_027,91
GCGAGCCCTTACATTGACAG_028,156
GCGAGCCCTTACATTGACAG_029,147
GCGAGCCCTTACATTGACAG_030,117
GCGAGCCCTTACATTGACAG_031,63
GCGAGCCCTTACATTGACAG_032,30
GGAAATGGAACCTCTCATCG_001,97
GGAAATGGAACCTCTCATCG_002,192
GGAAATGGAACCTCTCATCG_003,38
GGAAATGGAACCTCTCATCG_004,142
ATTGCCGCGCTCATGTCGAG_001,182
ATTGCCGCGCTCATGTCGAG_002,59
ATTGCCGCGCTCATGTCGAG_003,23
ATTGCCGCGCTCATGTCGAG_004,139
ATTGCCGCGCTCATGTCGAG_005,88
ATTGCCGCGCTCATGTCGAG_006,158
ATTGCCGCGCTCATGTCGAG_007,13
ATTGCCGCGCTCATGTCGAG_008,49
ATTGCCGCGCTCATGTCGAG_009,118
ATTGCCGCGCTCATGTCGAG_010,18
ATTGCCGCGCTCATGTCGAG_011,198
ATTGCCGCGCTCATGTCGAG_012,19
ATTGCCGCGCTCATGTCGAG_013,110
ATTGCCGCGCTCATGTCGAG_014,104
TGTGTCACAGCTACCCCCGT_001,63
CCCCACAATGGAAACCAGCA_001,12
CCCCACAATGGAAACCAGCA_002,17
CCCCACAATGGAAACCAGCA_003,50
CCCCACAATGGAAACCAGCA_004,87
CCCCACAATGGAAACCAGCA_005,76
CCCCACAATGGAAACCAGCA_006,160
CCCCACAATGGAAACCAGCA_007,83
CCCCACAATGGAAACCAGCA_008,83
CCCCACAATGGAAACCAGCA_009,19
CCCCACAATGGAAACCAGCA_010,152
CCCCACAATGGAAACCAGCA_011,137
CCCCACAATGGAAACCAGCA_012,107
CCCCACAATGGAAACCAGCA_013,151
CCCCACAATGGAAACCAGCA_014,0
AATAGCATACCTCTAGCGTG_001,17
AATAGCATACCTCTAGCGTG_002,199
AATAGCATACCTCTAGCGTG_003,78
CCCAACTGACACAGATCATG_001,48
CCCAACTGACACAGATCATG_002,93
CCCAACTGACACAGATCATG_003,191
CCCAACTGACACAGATCATG_004,119
CCCAACTGACACAGATCATG_005,18
CCCAACTGACACAGATCATG_006,124
CCCAACTGACACAGATCATG_007,181
CTCACTTTAGGGATCCTCAC_001,72
CTCACTTTAGGGATCCTCAC_002,69
CTCACTTTAGGGATCCTCAC_003,134
CTCACTTTAGGGATCCTCAC_004,76
CTCACTTTAGGGATCCTCAC_005,32
CTCACTTTAGGGATCCTCAC_006,199
CTCACTTTAGGGATCCTCAC_007,88
CTCACTTTAGGGATCCTCAC_008,167
CTCACTTTAGGGATCCTCAC_009,64
CTCACTTTAGGGATCCTCAC_010,136
CTCACTTTAGGGATCCTCAC_011,156
CTCACTTTAGGGATCCTCAC_012,94
CTCACTTTAGGGATCCTCAC_013,129
CTCACTTTAGGGATCCTCAC_014,92
CTCACTTTAGGGATCCTCAC_015,30
CTCACTTTAGGGATCCTCAC_016,196
CTCACTTTAGGGATCCTCAC_017,119
CAGGGCAAAGCTTCTCAATG_001,166
CAGGGCAAAGCTTCTCAATG_002,49
CAGGGCAAAGCTTCTCAATG_003,196
CAGGGCAAAGCTTCTCAATG_004,153
CAGGGCAAAGCTTCTCAATG_005,156
CAGGGCAAAGCTTCTCAATG_006,140
CAGGGCAAAGCTTCTCAATG_007,113
CAGGGCAAAGCTTCTCAATG_008,63
CAGGGCAAAGCTTCTCAATG_009,38
CAGGGCAAAGCTTCTCAATG_010,80
CAGGGCAAAGCTTCTCAATG_011,48
CAGGGCAAAGCTTCTCAATG_012,82
CAGGGCAAAGCTTCTCAATG_013,173
CAGGGCAAAGCTTCTCAATG_014,16
CAGGGCAAAGCTTCTCAATG_015,187
ACACGTCCTCATACTCACCA_001,106
ACACGTCCTCATACTCACCA_002,77
ACACGTCCTCATACTCACCA_003,63
ACACGTCCTCATACTCACCA_004,176
ACACGTCCTCATACTCACCA_005,184
ACACGTCCTCATACTCACCA_006,138
ACACGTCCTCATACTCACCA_007,74
ACACGTCCTCATACTCACCA_008,66
ACACGTCCTCATACTCACCA_009,172
ACACGTCCTCATACTCACCA_010,72
ACACGTCCTCATACTCACCA_011,116
ACACGTCCTCATACTCACCA_012,88
ACACGTCCTCATACTCACCA_013,155
ACACGTCCTCATACTCACCA_014,158
ACACGTCCTCATACTCACCA_015,70
AATGGGTTGCCGGGAGTAAA_001,107
AATGGGTTGCCGGGAGTAAA_002,55
AATGGGTTGCCGGGAGTAAA_003,112
AATGGGTTGCCGGGAGTAAA_004,82
AATGGGTTGCCGGGAGTAAA_005,2
AATGGGTTGCCGGGAGTAAA_006,29
AATGGGTTGCCGGGAGTAAA_007,115
AATGGGTTGCCGGGAGTAAA_008,94
AATGGGTTGCCGGGAGTAAA_009,9
AATGGGTTGCCGGGAGTAAA_010,50
AATGGGTTGCCGGGAGTAAA_011,8
AATGGGTTGCCGGGAGTAAA_012,144
AATGGGTTGCCGGGAGTAAA_013,197
AATGGGTTGCCGGGAGTAAA_014,188
AATGGGTTGCCGGGAGTAAA_015,188
AATGGGTTGCCGGGAGTAAA_016,116
ATTGGCTCGGTGTACCACAA_001,118
ATTGGCTCGGTGTACCACAA_002,195
ATTGGCTCGGTGTACCACAA_003,27
ATTGGCTCGGTGTACCACAA_004,106
ATTGGCTCGGTGTACCACAA_005,162
ATTGGCTCGGTGTACCACAA_006,23
ATTGGCTCGGTGTACCACAA_007,57
ATTGGCTCGGTGTACCACAA_008,30
ATTGGCTCGGTGTACCACAA_009,162
ATTGGCTCGGTGTACCACAA_010,34
ATTGGCTCGGTGTACCACAA_011,9
ATTGGCTCGGTGTACCACAA_012,199
ATTGGCTCGGTGTACCACAA_013,1
ATTGGCTCGGTGTACCACAA_014,178
ATTGGCTCGGTGTACCACAA_015,76
ATTGGCTCGGTGTACCACAA_016,171
ATTGGCTCGGTGTACCACAA_017,46
ATTGGCTCGGTGTACCACAA_018,2
ATTGGCTCGGTGTACCACAA_019,169
ATTGGCTCGGTGTACCACAA_020,28
ATTGGCTCGGTGTACCACAA_021,0
AGCAGGGCCTCATCCGAAGG_001,188
AGCAGGGCCTCATCCGAAGG_002,144
AGCAGGGCCTCATCCGAAGG_003,49
AGCAGGGCCTCATCCGAAGG_004,50
AGCAGGGCCTCATCCGAAGG_005,173
AGCAGGGCCTCATCCGAAGG_006,124
AGCAGGGCCTCATCCGAAGG_007,22
AGCAGGGCCTCATCCGAAGG_008,144
AGCAGGGCCTCATCCGAAGG_009,177
AGCAGGGCCTCATCCGAAGG_010,86
AGCAGGGCCTCATCCGAAGG_011,48
AGCAGGGCCTCATCCGAAGG_012,190
AGCAGGGCCTCATCCGAAGG_013,94
AGCAGGGCCTCATCCGAAGG_014,48
AGCAGGGCCTCATCCGAAGG_015,178
AGCAGGGCCTCATCCGAAGG_016,90
AGCAGGGCCTCATCCGAAGG_017,107
AGCAGGGCCTCATCCGAAGG_018,101
AGCAGGGCCTCATCCGAAGG_019,125
AGCAGGGCCTCATCCGAAGG_020,105
AGCAGGGCCTCATCCGAAGG_021,113
AGCAGGGCCTCATCCGAAGG_022,104
AGCAGGGCCTCATCCGAAGG_023,8
AGCAGGGCCTCATCCGAAGG_024,10
AGCAGGGCCTCATCCGAAGG_025,138
AGAGCTGCAAGATCCAACCC_001,32
AGAGCTGCAAGATCCAACCC_002,25
AGAGCTGCAAGATCCAACCC_003,69
CACCAGGGGGCATCTCGGGG_001,12
CACCAGGGGGCATCTCGGGG_002,36
CACCAGGGGGCATCTCGGGG_003,106
CACCAGGGGGCATCTCGGGG_004,105
CACCAGGGGGCATCTCGGGG_005,63
CACCAGGGGGCATCTCGGGG_006,118
CACCAGGGGGCATCTCGGGG_007,107
CACCAGGGGGCATCTCGGGG_008,12
CACCAGGGGGCATCTCGGGG_009,70
CACCAGGGGGCATCTCGGGG_010,2
CACCAGGGGGCATCTCGGGG_011,90
CACCAGGGGGCATCTCGGGG_012,16
CACCAGGGGGCATCTCGGGG_013,96
CACCAGGGGGCATCTCGGGG_014,161
CACCAGGGGGCATCTCGGGG_015,126
CACCAGGGGGCATCTCGGGG_016,156
CACCAGGGGGCATCTCGGGG_017,170
CACCAGGGGGCATCTCGGGG_018,199
CACCAGGGGGCATCTCGGGG_019,68
CACCAGGGGGCATCTCGGGG_020,68
CACCAGGGGGCATCTCGGGG_021,57
CACCAGGGGGCATCTCGGGG_022,147
CACCAGGGGGCATCTCGGGG_023,69
CACCAGGGGGCATCTCGGGG_024,169
CACCAGGGGGCATCTCGGGG_025,44
CACCAGGGGGCATCTCGGGG_026,150
CACCAGGGGGCATCTCGGGG_027,32
CACCAGGGGGCATCTCGGGG_028,89
CACCAGGGGGCATCTCGGGG_029,52
CACCAGGGGGCATCTCGGGG_030,27
CACCAGGGGGCATCTCGGGG_031,34
CATTCAAAGCTCGATCAATG_001,153
CATTCAAAGCTCGATCAATG_002,188
CATTCAAAGCTCGATCAATG_003,34
CATTCAAAGCTCGATCAATG_004,15
CATTCAAAGCTCGATCAATG_005,158
CATTCAAAGCTCGATCAATG_006,116
CATTCAAAGCTCGATCAATG_007,142
CATTCAAAGCTCGATCAATG_008,145
CATTCAAAGCTCGATCAATG_009,2
CATTCAAAGCTCGATCAATG_010,1
CTGCACCTGGAGTCTACCCA_001,141
CTGCACCTGGAGTCTACCCA_002,84
CTGCACCTGGAGTCTACCCA_003,47
CTGCACCTGGAGTCTACCCA_004,6
CTGCACCTGGAGTCTACCCA_005,68
CTGCACCTGGAGTCTACCCA_006,21
CTGCACCTGGAGTCTACCCA_007,132
CTGCACCTGGAGTCTACCCA_008,32
CTGCACCTGGAGTCTACCCA_009,37
CTGCACCTGGAGTCTACCCA_010,104
CTGCACCTGGAGTCTACCCA_011,130
CTGCACCTGGAGTCTACCCA_012,168
CTGCACCTGGAGTCTACCCA_013,103
CTGCACCTGGAGTCTACCCA_014,189
CTGCACCTGGAGTCTACCCA_015,107
CTGCACCTGGAGTCTACCCA_016,67
CTGCACCTGGAGTCTACCCA_017,127
CTGCACCTGGAGTCTACCCA_018,127
CTGCACCTGGAGTCTACCCA_019,115
CTGCACCTGGAGTCTACCCA_020,184
CTGCACCTGGAGTCTACCCA_021,150
CTGCACCTGGAGTCTACCCA_022,149
CTGCACCTGGAGTCTACCCA_023,91
CTGCACCTGGAGTCTACCCA_024,36
CTGCACCTGGAGTCTACCCA_025,133
CTGCACCTGGAGTCTACCCA_026,89
GGTCGCGGATGACGCAGCAG_001,80
GGTCGCGGATGACGCAGCAG_002,72
GGTCGCGGATGACGCAGCAG_003,61
GGTCGCGGATGACGCAGCAG_004,33
GGTCGCGGATGACGCAGCAG_005,45
GGTCGCGGATGACGCAGCAG_006,48
GGTCGCGGATGACGCAGCAG_007,45
GGTCGCGGATGACGCAGCAG_008,100
GGTCGCGGATGACGCAGCAG_009,45
GGTCGCGGATGACGCAGCAG_010,169
GGTCGCGGATGACGCAGCAG_011,105
GGTCGCGGATGACGCAGCAG_012,105
GGTCGCGGATGACGCAGCAG_013,175
GGTCGCGGATGACGCAGCAG_014,105
GGTCGCGGATGACGCAGCAG_015,53
GGTCGCGGATGACGCAGCAG_016,110
GGTCGCGGATGACGCAGCAG_017,163
GGTCGCGGATGACGCAGCAG_018,54
GGTCGCGGATGACGCAGCAG_019,92
GGTCGCGGATGACGCAGCAG_020,195
TCCTGTTCTTTCTGAACGGG_001,62
TCCTGTTCTTTCTGAACGGG_002,70
TCCTGTTCTTTCTGAACGGG_003,16
TCCTGTTCTTTCTGAACGGG_004,9
TCCTGTTCTTTCTGAACGGG_005,166
TCCTGTTCTTTCTGAACGGG_006,39
TGGCTACGAGGGCTAATGTG_001,37
TGGCTACGAGGGCTAATGTG_002,5
TGGCTACGAGGGCTAATGTG_003,133
TGGCTACGAGGGCTAATGTG_004,175
TGGCTACGAGGGCTAATGTG_005,186
TGGCTACGAGGGCTAATGTG_006,16
TGGCTACGAGGGCTAATGTG_007,94
TGGCTACGAGGGCTAATGTG_008,142
TGGCTACGAGGGCTAATGTG_009,5
TGGCTACGAGGGCTAATGTG_010,73
ATTTGTGACGTTCATAGCCA_001,56
ATTTGTGACGTTCATAGCCA_002,168
ATTTGTGACGTTCATAGCCA_003,106
ATTTGTGACGTTCATAGCCA_004,88
ATTTGTGACGTTCATAGCCA_005,158
ATTTGTGACGTTCATAGCCA_006,45
ATTTGTGACGTTCATAGCCA_007,133
ATTTGTGACGTTCATAGCCA_008,103
ATTTGTGACGTTCATAGCCA_009,157
AGAGAGTTGAGGTCCTACAA_001,8
AGAGAGTTGAGGTCCTACAA_002,61
AGAGAGTTGAGGTCCTACAA_003,81
AGAGAGTTGAGGTCCTACAA_004,128
AGAGAGTTGAGGTCCTACAA_005,160
AGAGAGTTGAGGTCCTACAA_006,34
AGAGAGTTGAGGTCCTACAA_007,46
TTTCGTAGAACTGAGCCTCA_001,70
TTTCGTAGAACTGAGCCTCA_002,50
GCAGAGATGCACTCGTAGCG_001,103
GCAGAGATGCACTCGTAGCG_002,179
CTCTGAGAAGACCACCCCGA_001,98
CTCTGAGAAGACCACCCCGA_002,42
CTCTGAGAAGACCACCCCGA_003,94
CTCTGAGAAGACCACCCCGA_004,143
CTCTGAGAAGACCACCCCGA_005,188
CTCTGAGAAGACCACCCCGA_006,104
CTCTGAGAAGACCACCCCGA_007,63
CTGATGTGCTCTGTTATGAA_001,58
CTGATGTGCTCTGTTATGAA_002,69
CTGATGTGCTCTGTTATGAA_003,129
CTGATGTGCTCTGTTATGAA_004,174
CTGATGTGCTCTGTTATGAA_005,9
CTGATGTGCTCTGTTATGAA_006,15
CTGATGTGCTCTGTTATGAA_007,159
CTGATGTGCTCTGTTATGAA_008,61
CTGATGTGCTCTGTTATGAA_009,134
CTGATGTGCTCTGTTATGAA_010,23
GAACACCTTCATTCCGAGAG_001,120
GAACACCTTCATTCCGAGAG_002,130
GAACACCTTCATTCCGAGAG_003,104
GAACACCTTCATTCCGAGAG_004,131
AATGAAGCTTGGAGATACAT_001,172
AATGAAGCTTGGAGATACAT_002,48
AATGAAGCTTGGAGATACAT_003,190
AATGAAGCTTGGAGATACAT_004,148
AATGAAGCTTGGAGATACAT_005,147
AATGAAGCTTGGAGATACAT_006,133
TGTACTCACCCATCTCGCTA_001,56
TGTACTCACCCATCTCGCTA_002,121
TGTACTCACCCATCTCGCTA_003,75
TGTACTCACCCATCTCGCTA_004,60
TGTACTCACCCATCTCGCTA_005,53
TGTACTCACCCATCTCGCTA_006,47
AGGAACTGAAACATCAGACG_001,150
AGGAACTGAAACATCAGACG_002,49
AGGAACTGAAACATCAGACG_003,145
AGGAACTGAAACATCAGACG_004,130
AGGAACTGAAACATCAGACG_005,115
AGGAACTGAAACATCAGACG_006,28
AGGAACTGAAACATCAGACG_007,32
TGTACATCATTGCTGTCGTG_001,192
TGTACATCATTGCTGTCGTG_002,195
TGTACATCATTGCTGTCGTG_003,104
TGTACATCATTGCTGTCGTG_004,19
TGTACATCATTGCTGTCGTG_005,147
GGAATATCAGTCCCTTATCC_001,198
GGAATATCAGTCCCTTATCC_002,36
GGAATATCAGTCCCTTATCC_003,15
GGAATATCAGTCCCTTATCC_004,77
GGAATATCAGTCCCTTATCC_005,142
CAGTTCTGGGCCGCCCATGG_001,120
CAGTTCTGGGCCGCCCATGG_002,94
CAGTTCTGGGCCGCCCATGG_003,42
CAGTTCTGGGCCGCCCATGG_004,166
CAGTTCTGGGCCGCCCATGG_005,106
CAGTTCTGGGCCGCCCATGG_006,127
CAGTTCTGGGCCGCCCATGG_007,172
CAGTTCTGGGCCGCCCATGG_008,59
CAGTTCTGGGCCGCCCATGG_009,84
CAGTTCTGGGCCGCCCATGG_010,188
CAGTTCTGGGCCGCCCATGG_011,144
CAGTTCTGGGCCGCCCATGG_012,25
CAGTTCTGGGCCGCCCATGG_013,31
CAGTTCTGGGCCGCCCATGG_014,146
CAGTTCTGGGCCGCCCATGG_015,162
CAGTTCTGGGCCGCCCATGG_016,112
CAGTTCTGGGCCGCCCATGG_017,28
CAGTTCTGGGCCGCCCATGG_018,179
GCTGGAGCCACAGGTCCCAC_001,187
GCTGGAGCCACAGGTCCCAC_002,127
GCTGGAGCCACAGGTCCCAC_003,108
TATCGCGCACACACCCGGAG_001,145
TATCGCGCACACACCCGGAG_002,188
TATCGCGCACACACCCGGAG_003,125
TATCGCGCACACACCCGGAG_004,47
TATCGCGCACACACCCGGAG_005,76
TATCGCGCACACACCCGGAG_006,6
TATCGCGCACACACCCGGAG_007,89
TATCGCGCACACACCCGGAG_008,63
TATCGCGCACACACCCGGAG_009,66
TATCGCGCACACACCCGGAG_010,4
TATCGCGCACACACCCGGAG_011,129
TATCGCGCACACACCCGGAG_012,11
TATCGCGCACACACCCGGAG_013,28
TATCGCGCACACACCCGGAG_014,148
TATCGCGCACACACCCGGAG_015,173
AACAGAGAGAAAGCTTACAC_001,109
AACAGAGAGAAAGCTTACAC_002,109
AACAGAGAGAAAGCTTACAC_003,146
AACAGAGAGAAAGCTTACAC_004,127
AACAGAGAGAAAGCTTACAC_005,41
AACAGAGAGAAAGCTTACAC_006,33
AACAGAGAGAAAGCTTACAC_007,172
AACAGAGAGAAAGCTTACAC_008,144
AACAGAGAGAAAGCTTACAC_009,38
AACAGAGAGAAAGCTTACAC_010,47
AACAGAGAGAAAGCTTACAC_011,70
AACAGAGAGAAAGCTTACAC_012,117
AACAGAGAGAAAGCTTACAC_013,20
AACAGAGAGAAAGCTTACAC_014,12
AACAGAGAGAAAGCTTACAC_015,94
AACAGAGAGAAAGCTTACAC_016,77
AACAGAGAGAAAGCTTACAC_017,15
AACAGAGAGAAAGCTTACAC_018,94
AACAGAGAGAAAGCTTACAC_019,137
AACAGAGAGAAAGCTTACAC_020,41
AACAGAGAGAAAGCTTACAC_021,196
AACAGAGAGAAAGCTTACAC_022,171
AACAGAGAGAAAGCTTACAC_023,175
AACAGAGAGAAAGCTTACAC_024,175
AACAGAGAGAAAGCTTACAC_025,3
AACAGAGAGAAAGCTTACAC_026,46
TAGCCTCCGAAAACATCTGG_001,16
TAGCCTCCGAAAACATCTGG_002,58
TAGCCTCCGAAAACATCTGG_003,105
TAGCCTCCGAAAACATCTGG_004,83
TAGCCTCCGAAAACATCTGG_005,149
TAGCCTCCGAAAACATCTGG_006,121
TAGCCTCCGAAAACATCTGG_007,17
TAGCCTCCGAAAACATCTGG_008,173
TAGCCTCCGAAAACATCTGG_009,58
TAGCCTCCGAAAACATCTGG_010,146
TAGCCTCCGAAAACATCTGG_011,79
TAGCCTCCGAAAACATCTGG_012,148
GTGGAGTCCCTGGAAACACA_001,113
GTGGAGTCCCTGGAAACACA_002,116
GTGGAGTCCCTGGAAACACA_003,116
GTGGAGTCCCTGGAAACACA_004,198
GTGGAGTCCCTGGAAACACA_005,35
GTGGAGTCCCTGGAAACACA_006,197
TCCAGAACAGAACGCCCTGT_001,38
TCCAGAACAGAACGCCCTGT_002,74
GCCCCTGACCGTGACCAGGT_001,7
GCCCCTGACCGTGACCAGGT_002,189
GCCCCTGACCGTGACCAGGT_003,96
GCCCCTGACCGTGACCAGGT_004,1
GCCCCTGACCGTGACCAGGT_005,114
GCCCCTGACCGTGACCAGGT_006,13
GCCCCTGACCGTGACCAGGT_007,80
GCCCCTGACCGTGACCAGGT_008,171
GCCCCTGACCGTGACCAGGT_009,74
GCCCCTGACCGTGACCAGGT_010,94
GCCCCTGACCGTGACCAGGT_011,188
GAACTGGAGGCTCCCCACCG_001,107
GAACTGGAGGCTCCCCACCG_002,59
GAACTGGAGGCTCCCCACCG_003,147
GAACTGGAGGCTCCCCACCG_004,69
GAACTGGAGGCTCCCCACCG_005,193
GAACTGGAGGCTCCCCACCG_006,31
GAACTGGAGGCTCCCCACCG_007,82
GAACTGGAGGCTCCCCACCG_008,147
GAACTGGAGGCTCCCCACCG_009,94
GAACTGGAGGCTCCCCACCG_010,69
GAACTGGAGGCTCCCCACCG_011,176
GAACTGGAGGCTCCCCACCG_012,145
GAACTGGAGGCTCCCCACCG_013,84
GAACTGGAGGCTCCCCACCG_014,60
GAACTGGAGGCTCCCCACCG_015,50
GAACTGGAGGCTCCCCACCG_016,180
GAACTGGAGGCTCCCCACCG_017,190
GAACTGGAGGCTCCCCACCG_018,86
GAACTGGAGGCTCCCCACCG_019,114
GAACTGGAGGCTCCCCACCG_020,2
GAACTGGAGGCTCCCCACCG_021,175
GAACTGGAGGCTCCCCACCG_022,15
GAACTGGAGGCTCCCCACCG_023,161
GAACTGGAGGCTCCCCACCG_024,188
GAACTGGAGGCTCCCCACCG_025,5
GAACTGGAGGCTCCCCACCG_026,170
GAACTGGAGGCTCCCCACCG_027,150
GAACTGGAGGCTCCCCACCG_028,127
GAACTGGAGGCTCCCCACCG_029,17
GAACTGGAGGCTCCCCACCG_030,1
GAACTGGAGGCTCCCCACCG_031,170
TGGGACTCTTGAGGGATGTG_001,77
TGGGACTCTTGAGGGATGTG_002,49
TGGGACTCTTGAGGGATGTG_003,22
TGGGACTCTTGAGGGATGTG_004,166
TGGGACTCTTGAGGGATGTG_005,4
TGGGACTCTTGAGGGATGTG_006,170
TGGGACTCTTGAGGGATGTG_007,133
TGGGACTCTTGAGGGATGTG_008,67
TGGGACTCTTGAGGGATGTG_009,155
TGGGACTCTTGAGGGATGTG_010,20
TGGGACTCTTGAGGGATGTG_011,141
TGGGACTCTTGAGGGATGTG_012,81
TGGGACTCTTGAGGGATGTG_013,169
TGGGACTCTTGAGGGATGTG_014,138
TGGGACTCTTGAGGGATGTG_015,101
TGGGACTCTTGAGGGATGTG_016,193
TGGGACTCTTGAGGGATGTG_017,141
CAGAGTGCCGATATGCCTGT_001,135
CAGAGTGCCGATATGCCTGT_002,67
CAGAGTGCCGATATGCCTGT_003,163
GATCATCGACCGGTGCCTGG_001,190
GATCATCGACCGGTGCCTGG_002,114
GATCATCGACCGGTGCCTGG_003,102
GATCATCGACCGGTGCCTGG_004,1
GATCATCGACCGGTGCCTGG_005,130
GATCATCGACCGGTGCCTGG_006,169
GATCATCGACCGGTGCCTGG_007,61
GATCATCGACCGGTGCCTGG_008,121
GATCATCGACCGGTGCCTGG_009,184
GATCATCGACCGGTGCCTGG_010,17
GATCATCGACCGGTGCCTGG_011,78
TTGATTTCATCACTGCAGCG_001,62
TTGATTTCATCACTGCAGCG_002,27
TTGATTTCATCACTGCAGCG_003,115
TTGATTTCATCACTGCAGCG_004,170
TTGATTTCATCACTGCAGCG_005,126
TTGATTTCATCACTGCAGCG_006,71
TTGATTTCATCACTGCAGCG_007,141
TTGATTTCATCACTGCAGCG_008,76
TTGATTTCATCACTGCAGCG_009,115
CAACTCGTCCTCAAAGCTCA_001,62
CAACTCGTCCTCAAAGCTCA_002,77
CAACTCGTCCTCAAAGCTCA_003,118
CAACTCGTCCTCAAAGCTCA_004,137
CAACTCGTCCTCAAAGCTCA_005,156
CAACTCGTCCTCAAAGCTCA_006,64
CAACTCGTCCTCAAAGCTCA_007,118
CAACTCGTCCTCAAAGCTCA_008,16
CAACTCGTCCTCAAAGCTCA_009,42
CAACTCGTCCTCAAAGCTCA_010,85
CAACTCGTCCTCAAAGCTCA_011,191
CAACTCGTCCTCAAAGCTCA_012,10
CAACTCGTCCTCAAAGCTCA_013,1
CATTGTTGAGCGGGCGCGCT_001,106
CATTGTTGAGCGGGCGCGCT_002,146
CATTGTTGAGCGGGCGCGCT_003,183
CATTGTTGAGCGGGCGCGCT_004,41
CATTGTTGAGCGGGCGCGCT_005,160
CATTGTTGAGCGGGCGCGCT_006,144
CATTGTTGAGCGGGCGCGCT_007,191
CATTGTTGAGCGGGCGCGCT_008,140
CATTGTTGAGCGGGCGCGCT_009,149
CATTGTTGAGCGGGCGCGCT_010,49
CATTGTTGAGCGGGCGCGCT_011,83
CATTGTTGAGCGGGCGCGCT_012,73
CATTGTTGAGCGGGCGCGCT_013,69
CATTGTTGAGCGGGCGCGCT_014,104
CATTGTTGAGCGGGCGCGCT_015,199
CATTGTTGAGCGGGCGCGCT_016,174
CATTGTTGAGCGGGCGCGCT_017,106
CATTGTTGAGCGGGCGCGCT_018,121
CATTGTTGAGCGGGCGCGCT_019,25
CATTGTTGAGCGGGCGCGCT_020,116
CATTGTTGAGCGGGCGCGCT_021,175
CATTGTTGAGCGGGCGCGCT_022,149
CATTGTTGAGCGGGCGCGCT_023,34
CATTGTTGAGCGGGCGCGCT_024,104
CATTGTTGAGCGGGCGCGCT_025,137
CATTGTTGAGCGGGCGCGCT_026,82
CATTGTTGAGCGGGCGCGCT_027,162
CATTGTTGAGCGGGCGCGCT_028,190
CATTGTTGAGCGGGCGCGCT_029,60
CATTGTTGAGCGGGCGCGCT_030,86
CATTGTTGAGCGGGCGCGCT_031,105
CATTGTTGAGCGGGCGCGCT_032,126
CATTGTTGAGCGGGCGCGCT_033,146
CATTGTTGAGCGGGCGCGCT_034,168
CATTGTTGAGCGGGCGCGCT_035,63
CATTGTTGAGCGGGCGCGCT_036,134
CATTGTTGAGCGGGCGCGCT_037,38
CATTGTTGAGCGGGCGCGCT_038,70
CATTGTTGAGCGGGCGCGCT_039,2
CATTGTTGAGCGGGCGCGCT_040,50
CATTGTTGAGCGGGCGCGCT_041,40
CATTGTTGAGCGGGCGCGCT_042,5
CATTGTTGAGCGGGCGCGCT_043,168
CATTGTTGAGCGGGCGCGCT_044,88
CATTGTTGAGCGGGCGCGCT_045,142
CATTGTTGAGCGGGCGCGCT_046,40
CATTGTTGAGCGGGCGCGCT_047,47
CATTGTTGAGCGGGCGCGCT_048,96
AGCTACTCAGAGTATTACAG_001,78
AGCTACTCAGAGTATTACAG_002,116
AGCTACTCAGAGTATTACAG_003,177
AGCTACTCAGAGTATTACAG_004,86
AGCTACTCAGAGTATTACAG_005,17
AGCTACTCAGAGTATTACAG_006,88
AGCTACTCAGAGTATTACAG_007,70
ACAGCCAGCACGGTCATACA_001,78
ACAGCCAGCACGGTCATACA_002,87
ACAGCCAGCACGGTCATACA_003,19
ACAGCCAGCACGGTCATACA_004,127
ACAGCCAGCACGGTCATACA_005,118
ACAGCCAGCACGGTCATACA_006,81
ACAGCCAGCACGGTCATACA_007,81
ACAGCCAGCACGGTCATACA_008,111
ACAGCCAGCACGGTCATACA_009,42
ACAGCCAGCACGGTCATACA_010,2
ACAGCCAGCACGGTCATACA_011,168
ACAGCCAGCACGGTCATACA_012,198
CCCCCCAAAAATAGCCTCTG_001,191
CCCCCCAAAAATAGCCTCTG_002,77
CCCCCCAAAAATAGCCTCTG_003,188
CCCCCCAAAAATAGCCTCTG_004,8
CCCCCCAAAAATAGCCTCTG_005,69
CCCCCCAAAAATAGCCTCTG_006,115
CCCCCCAAAAATAGCCTCTG_007,166
CCCCCCAAAAATAGCCTCTG_008,113
CCCCCCAAAAATAGCCTCTG_009,185
CCCCCCAAAAATAGCCTCTG_010,199
CCCCCCAAAAATAGCCTCTG_011,169
CCCCCCAAAAATAGCCTCTG_012,199
CCCCCCAAAAATAGCCTCTG_013,12
CCCCCCAAAAATAGCCTCTG_014,108
CCCCCCAAAAATAGCCTCTG_015,161
CCCCCCAAAAATAGCCTCTG_016,11
CCCCCCAAAAATAGCCTCTG_017,5
CCCCCCAAAAATAGCCTCTG_018,185
CCCCCCAAAAATAGCCTCTG_019,4
CCCCCCAAAAATAGCCTCTG_020,50
CCCCCCAAAAATAGCCTCTG_021,184
CCCCCCAAAAATAGCCTCTG_022,19
CCCCCCAAAAATAGCCTCTG_023,69
CCCCCCAAAAATAGCCTCTG_024,156
GACTAGTTCGAACTATGTGG_001,147
GACTAGTTCGAACTATGTGG_002,22
CCCAGCAGGATGTAGGCCTG_001,94
CCCAGCAGGATGTAGGCCTG_002,1
CCCAGCAGGATGTAGGCCTG_003,103
CCCAGCAGGATGTAGGCCTG_004,4
CCCAGCAGGATGTAGGCCTG_005,108
CCCAGCAGGATGTAGGCCTG_006,91
CCCAGCAGGATGTAGGCCTG_007,162
CCCAGCAGGATGTAGGCCTG_008,170
CCCAGCAGGATGTAGGCCTG_009,191
CCCAGCAGGATGTAGGCCTG_010,60
CCCAGCAGGATGTAGGCCTG_011,181
GATGCTGTTACGCAGATTGA_001,187
GATGCTGTTACGCAGATTGA_002,12
GATGCTGTTACGCAGATTGA_003,160
GCAAAGTTTAGAGCTTGTGT_001,166
GCAAAGTTTAGAGCTTGTGT_002,149
GCAAAGTTTAGAGCTTGTGT_003,94
GCAAAGTTTAGAGCTTGTGT_004,83
GCAAAGTTTAGAGCTTGTGT_005,147
GCAAAGTTTAGAGCTTGTGT_006,128
GCAAAGTTTAGAGCTTGTGT_007,166
GCAAAGTTTAGAGCTTGTGT_008,190
GCAAAGTTTAGAGCTTGTGT_009,198
GCAAAGTTTAGAGCTTGTGT_010,48
GCAAAGTTTAGAGCTTGTGT_011,126
GCAAAGTTTAGAGCTTGTGT_012,130
GCAAAGTTTAGAGCTTGTGT_013,148
GGGCTGCGTCTGCGGCAACG_001,34
GGGCTGCGTCTGCGGCAACG_002,187
GGGCTGCGTCTGCGGCAACG_003,140
GGGCTGCGTCTGCGGCAACG_004,106
GTGTGAGCTGCAAACTCAGA_001,10
GTGTGAGCTGCAAACTCAGA_002,116
GTGTGAGCTGCAAACTCAGA_003,15
GTGTGAGCTGCAAACTCAGA_004,59
GTGTGAGCTGCAAACTCAGA_005,6
GTGTGAGCTGCAAACTCAGA_006,44
GTGTGAGCTGCAAACTCAGA_007,178
TGCACATATGAGCATCGTTG_001,87
TGCACATATGAGCATCGTTG_002,38
TGCACATATGAGCATCGTTG_003,24
GTGACACCACACAGAAACCA_001,35
GTGACACCACACAGAAACCA_002,159
GTGACACCACACAGAAACCA_003,140
GTGACACCACACAGAAACCA_004,140
GTGACACCACACAGAAACCA_005,24
GTGACACCACACAGAAACCA_006,146
GTGACACCACACAGAAACCA_007,58
GTGACACCACACAGAAACCA_008,154
GTGACACCACACAGAAACCA_009,136
GACAAGGAGTAGGAGTCGGT_001,113
GACAAGGAGTAGGAGTCGGT_002,116
TGCTGGGTACCAAACACTAT_001,188
TGCTGGGTACCAAACACTAT_002,2
TGCTGGGTACCAAACACTAT_003,78
TGCTGGGTACCAAACACTAT_004,43
TGCTGGGTACCAAACACTAT_005,157
TGCTGGGTACCAAACACTAT_006,144
TGCTGGGTACCAAACACTAT_007,48
TGCTGGGTACCAAACACTAT_008,50
TGCTGGGTACCAAACACTAT_009,92
TGCTGGGTACCAAACACTAT_010,134
TGCTGGGTACCAAACACTAT_011,121
TGCTGGGTACCAAACACTAT_012,33
TGCTGGGTACCAAACACTAT_013,94
TGCTGGGTACCAAACACTAT_014,165
TGCTGGGTACCAAACACTAT_015,180
TGCTGGGTACCAAACACTAT_016,106
TGCTGGGTACCAAACACTAT_017,184
AAGCCAAATCCTGGTCATAG_001,108
AAGCCAAATCCTGGTCATAG_002,105
AAGCCAAATCCTGGTCATAG_003,147
GGGAGACCTCTGCAATGCGG_001,81
GGGAGACCTCTGCAATGCGG_002,151
GGGAGACCTCTGCAATGCGG_003,40
GGGAGACCTCTGCAATGCGG_004,115
GGGAGACCTCTGCAATGCGG_005,170
GGGAGACCTCTGCAATGCGG_006,50
GGGAGACCTCTGCAATGCGG_007,138
GGGAGACCTCTGCAATGCGG_008,16
GGGAGACCTCTGCAATGCGG_009,140
GGGAGACCTCTGCAATGCGG_010,58
GGGAGACCTCTGCAATGCGG_011,152
GGGAGACCTCTGCAATGCGG_012,107
GGGAGACCTCTGCAATGCGG_013,98
GGGAGACCTCTGCAATGCGG_014,54
GGGAGACCTCTGCAATGCGG_015,14
GGGAGACCTCTGCAATGCGG_016,15
GGGAGACCTCTGCAATGCGG_017,194
CTGGACCCCCCAATAGTGGA_001,9
CTGGACCCCCCAATAGTGGA_002,35
CTGGACCCCCCAATAGTGGA_003,57
CTGGACCCCCCAATAGTGGA_004,188
CTGGACCCCCCAATAGTGGA_005,151
CTGGACCCCCCAATAGTGGA_006,10
CTGGACCCCCCAATAGTGGA_007,145
CTGGACCCCCCAATAGTGGA_008,141
CTGGACCCCCCAATAGTGGA_009,127
CTGGACCCCCCAATAGTGGA_010,169
CTGGACCCCCCAATAGTGGA_011,82
CTGGACCCCCCAATAGTGGA_012,77
CTGGACCCCCCAATAGTGGA_013,60
CTGGACCCCCCAATAGTGGA_014,199
CTGGACCCCCCAATAGTGGA_015,145
CTGGACCCCCCAATAGTGGA_016,100
CTGGACCCCCCAATAGTGGA_017,121
CTGGACCCCCCAATAGTGGA_018,137
CTGGACCCCCCAATAGTGGA_019,98
CTGGACCCCCCAATAGTGGA_020,88
CTGGACCCCCCAATAGTGGA_021,26
CTGGACCCCCCAATAGTGGA_022,5
CTGGACCCCCCAATAGTGGA_023,169
CTGGACCCCCCAATAGTGGA_024,194
CTGGACCCCCCAATAGTGGA_025,106
CTGGACCCCCCAATAGTGGA_026,119
CTGGACCCCCCAATAGTGGA_027,88
CTGGACCCCCCAATAGTGGA_028,46
CTGGACCCCCCAATAGTGGA_029,173
CTGGACCCCCCAATAGTGGA_030,173
CTGGACCCCCCAATAGTGGA_031,163
TGACCTCAGCAGTAACGCAG_001,40
TGACCTCAGCAGTAACGCAG_002,188
TGACCTCAGCAGTAACGCAG_003,198
TGACCTCAGCAGTAACGCAG_004,65
TGACCTCAGCAGTAACGCAG_005,9
TGACCTCAGCAGTAACGCAG_006,122
TGACCTCAGCAGTAACGCAG_007,181
TGACCTCAGCAGTAACGCAG_008,1
TGACCTCAGCAGTAACGCAG_009,65
TGACCTCAGCAGTAACGCAG_010,134
TGACCTCAGCAGTAACGCAG_011,95
TGACCTCAGCAGTAACGCAG_012,168
TGACCTCAGCAGTAACGCAG_013,20
TGACCTCAGCAGTAACGCAG_014,59
TGACCTCAGCAGTAACGCAG_015,183
TGACCTCAGCAGTAACGCAG_016,65
TGACCTCAGCAGTAACGCAG_017,172
TGACCTCAGCAGTAACGCAG_018,197
TGACCTCAGCAGTAACGCAG_019,95
GGCCCTCTTACCATTGCACG_001,63
ACGAAATGCCGGTGTCAGGG_001,106
ACGAAATGCCGGTGTCAGGG_002,68
ACGAAATGCCGGTGTCAGGG_003,130
ACGAAATGCCGGTGTCAGGG_004,121
ACGAAATGCCGGTGTCAGGG_005,105
CGTCATGTGGAACTCCACGA_001,15
CGTCATGTGGAACTCCACGA_002,172
CGTCATGTGGAACTCCACGA_003,32
CGTCATGTGGAACTCCACGA_004,193
CGTCATGTGGAACTCCACGA_005,154
CGTCATGTGGAACTCCACGA_006,1
CGTCATGTGGAACTCCACGA_007,96
CGTCATGTGGAACTCCACGA_008,77
CGTCATGTGGAACTCCACGA_009,44
CGTCATGTGGAACTCCACGA_010,144
CGTCATGTGGAACTCCACGA_011,24
CGTCATGTGGAACTCCACGA_012,129
CGTCATGTGGAACTCCACGA_013,60
CGTCATGTGGAACTCCACGA_014,176
CGTCATGTGGAACTCCACGA_015,138
CGTCATGTGGAACTCCACGA_016,92
CGTCATGTGGAACTCCACGA_017,58
CGTCATGTGGAACTCCACGA_018,70
CGTCATGTGGAACTCCACGA_019,108
CGTCATGTGGAACTCCACGA_020,45
CGTCATGTGGAACTCCACGA_021,127
CGTCATGTGGAACTCCACGA_022,17
CGTCATGTGGAACTCCACGA_023,4
CGTCATGTGGAACTCCACGA_024,112
ATTCAAAGGTGCCAATAACA_001,66
ATTCAAAGGTGCCAATAACA_002,130
GATGGGTCTGATGCTAGGAA_001,150
GATGGGTCTGATGCTAGGAA_002,97
GATGGGTCTGATGCTAGGAA_003,188
GATGGGTCTGATGCTAGGAA_004,28
CGAACTAAAGGGCCACTCCG_001,8
CGAACTAAAGGGCCACTCCG_002,96
CGAACTAAAGGGCCACTCCG_003,26
CGAACTAAAGGGCCACTCCG_004,96
CGAACTAAAGGGCCACTCCG_005,19
CGAACTAAAGGGCCACTCCG_006,62
CGAACTAAAGGGCCACTCCG_007,1
CGAACTAAAGGGCCACTCCG_008,198
CGAACTAAAGGGCCACTCCG_009,132
CGAACTAAAGGGCCACTCCG_010,192
CGAACTAAAGGGCCACTCCG_011,98
CGAACTAAAGGGCCACTCCG_012,160
CGAACTAAAGGGCCACTCCG_013,198
CGAACTAAAGGGCCACTCCG_014,58
CGAACTAAAGGGCCACTCCG_015,77
CGAACTAAAGGGCCACTCCG_016,81
CGAACTAAAGGGCCACTCCG_017,67
CGAACTAAAGGGCCACTCCG_018,160
CGAACTAAAGGGCCACTCCG_019,68
CGAACTAAAGGGCCACTCCG_020,2
CGAACTAAAGGGCCACTCCG_021,82
CGAACTAAAGGGCCACTCCG_022,76
CGAACTAAAGGGCCACTCCG_023,88
CGAACTAAAGGGCCACTCCG_024,188
CGAACTAAAGGGCCACTCCG_025,9
CGAACTAAAGGGCCACTCCG_026,130
CGAACTAAAGGGCCACTCCG_027,94
CGAACTAAAGGGCCACTCCG_028,199
CGAACTAAAGGGCCACTCCG_029,161
CGAACTAAAGGGCCACTCCG_030,64
CGAACTAAAGGGCCACTCCG_031,49
CGAACTAAAGGGCCACTCCG_032,98
CGAACTAAAGGGCCACTCCG_033,21
CGAACTAAAGGGCCACTCCG_034,92
CGAACTAAAGGGCCACTCCG_035,174
CGAACTAAAGGGCCACTCCG_036,174
CGAACTAAAGGGCCACTCCG_037,20
CGAACTAAAGGGCCACTCCG_038,192
CGAACTAAAGGGCCACTCCG_039,88
CGAACTAAAGGGCCACTCCG_040,175
CGAACTAAAGGGCCACTCCG_041,169
CGAACTAAAGGGCCACTCCG_042,173
CGAACTAAAGGGCCACTCCG_043,153
CGAACTAAAGGGCCACTCCG_044,157
CGAACTAAAGGGCCACTCCG_045,61
CAGACCAGACAGTGTTACCA_001,43
CAGACCAGACAGTGTTACCA_002,103
CAGACCAGACAGTGTTACCA_003,103
CAGACCAGACAGTGTTACCA_004,122
CAGACCAGACAGTGTTACCA_005,2
CAGACCAGACAGTGTTACCA_006,161
CAGACCAGACAGTGTTACCA_007,6
CAGACCAGACAGTGTTACCA_008,14
CAGACCAGACAGTGTTACCA_009,147
CAGACCAGACAGTGTTACCA_010,94
ACCGACTCGATGTAGATGAG_001,171
ACCGACTCGATGTAGATGAG_002,25
ACCGACTCGATGTAGATGAG_003,33
ACCGACTCGATGTAGATGAG_004,67
ACCGACTCGATGTAGATGAG_005,184
ACCGACTCGATGTAGATGAG_006,16
ACCGACTCGATGTAGATGAG_007,177
ACCGACTCGATGTAGATGAG_008,191
ACCGACTCGATGTAGATGAG_009,47
ACCGACTCGATGTAGATGAG_010,90
CAGACATGACATCATTGCAT_001,110
CAGACATGACATCATTGCAT_002,120
GACCTGCCTACAGACCCGCC_001,23
GACCTGCCTACAGACCCGCC_002,9
GACCTGCCTACAGACCCGCC_003,49
GACCTGCCTACAGACCCGCC_004,158
GACCTGCCTACAGACCCGCC_005,18
GACCTGCCTACAGACCCGCC_006,72
GACCTGCCTACAGACCCGCC_007,154
GACCTGCCTACAGACCCGCC_008,15
GACCTGCCTACAGACCCGCC_009,158
GACCTGCCTACAGACCCGCC_010,62
GACCTGCCTACAGACCCGCC_011,14
GACCTGCCTACAGACCCGCC_012,8
GACCTGCCTACAGACCCGCC_013,94
GACCTGCCTACAGACCCGCC_014,185
GACCTGCCTACAGACCCGCC_015,0
GACCTGCCTACAGACCCGCC_016,91
GACCTGCCTACAGACCCGCC_017,88
GCTCTGCAAGAACCTCAACC_001,150
GCTCTGCAAGAACCTCAACC_002,169
GCTCTGCAAGAACCTCAACC_003,76
GTGTTGCCCTTACGGGCGCG_001,140
GTGTTGCCCTTACGGGCGCG_002,10
GTGTTGCCCTTACGGGCGCG_003,93
GTGTTGCCCTTACGGGCGCG_004,44
ACCTACCACGTTGATCCCAA_001,29
ACCTACCACGTTGATCCCAA_002,98
ACCTACCACGTTGATCCCAA_003,12
ACCTACCACGTTGATCCCAA_004,115
ACCTACCACGTTGATCCCAA_005,84
ACCTACCACGTTGATCCCAA_006,151
ACCTACCACGTTGATCCCAA_007,177
ACCTACCACGTTGATCCCAA_008,14
TGAATGGCCACAGGAGGGTT_001,6
TGAATGGCCACAGGAGGGTT_002,84
TGAATGGCCACAGGAGGGTT_003,102
TGAATGGCCACAGGAGGGTT_004,67
TGAATGGCCACAGGAGGGTT_005,147
TGAATGGCCACAGGAGGGTT_006,40
TGAATGGCCACAGGAGGGTT_007,158
TGAATGGCCACAGGAGGGTT_008,52
TGAATGGCCACAGGAGGGTT_009,151
TGAATGGCCACAGGAGGGTT_010,108
AATGGCTTATGATCGATACC_001,55
AATGGCTTATGATCGATACC_002,61
AATGGCTTATGATCGATACC_003,157
AATGGCTTATGATCGATACC_004,190
AATGGCTTATGATCGATACC_005,62
GTCCAATGTCTATTCAAAAG_001,144
GTCCAATGTCTATTCAAAAG_002,9
CCCAGAGTTGGAAGTACTCT_001,73
CCCAGAGTTGGAAGTACTCT_002,149
CCCAGAGTTGGAAGTACTCT_003,103
CCCAGAGTTGGAAGTACTCT_004,42
CCCAGAGTTGGAAGTACTCT_005,137
CCCAGAGTTGGAAGTACTCT_006,127
CCCAGAGTTGGAAGTACTCT_007,72
ACTGCCTACCTGTCGAGCAG_001,48
ACTGCCTACCTGTCGAGCAG_002,145
ACTGCCTACCTGTCGAGCAG_003,2
ACTGCCTACCTGTCGAGCAG_004,166
ACTGCCTACCTGTCGAGCAG_005,123
ACTGCCTACCTGTCGAGCAG_006,115
ACTGCCTACCTGTCGAGCAG_007,37
ACTGCCTACCTGTCGAGCAG_008,191
ACTGCCTACCTGTCGAGCAG_009,166
ACTGCCTACCTGTCGAGCAG_010,130
ACTGCCTACCTGTCGAGCAG_011,9
ACTGCCTACCTGTCGAGCAG_012,167
ACTGCCTACCTGTCGAGCAG_013,11
CCGCGCATTTCAGAGCACAA_001,49
CCGCGCATTTCAGAGCACAA_002,62
CCGCGCATTTCAGAGCACAA_003,130
CCGCGCATTTCAGAGCACAA_004,149
CCGCGCATTTCAGAGCACAA_005,64
CCGCGCATTTCAGAGCACAA_006,83
CCGCGCATTTCAGAGCACAA_007,119
CCGCGCATTTCAGAGCACAA_008,115
CCGCGCATTTCAGAGCACAA_009,184
CCGCGCATTTCAGAGCACAA_010,53
CCGCGCATTTCAGAGCACAA_011,191
CCGCGCATTTCAGAGCACAA_012,93
CCGCGCATTTCAGAGCACAA_013,170
CCGCGCATTTCAGAGCACAA_014,72
CCGCGCATTTCAGAGCACAA_015,192
CCGCGCATTTCAGAGCACAA_016,98
CCGCGCATTTCAGAGCACAA_017,134
CCGCGCATTTCAGAGCACAA_018,57
CCGCGCATTTCAGAGCACAA_019,33
CCGCGCATTTCAGAGCACAA_020,49
CCGCGCATTTCAGAGCACAA_021,22
CCGCGCATTTCAGAGCACAA_022,12
CCGCGCATTTCAGAGCACAA_023,138
CCGCGCATTTCAGAGCACAA_024,106
CCGCGCATTTCAGAGCACAA_025,30
CCGCGCATTTCAGAGCACAA_026,108
CCGCGCATTTCAGAGCACAA_027,1
CCGCGCATTTCAGAGCACAA_028,98
CCGCGCATTTCAGAGCACAA_029,30
CCGCGCATTTCAGAGCACAA_030,48
CCGCGCATTTCAGAGCACAA_031,8
CCGCGCATTTCAGAGCACAA_032,145
CCGCGCATTTCAGAGCACAA_033,83
CCGCGCATTTCAGAGCACAA_034,178
CCGCGCATTTCAGAGCACAA_035,62
CCGCGCATTTCAGAGCACAA_036,158
CCGCGCATTTCAGAGCACAA_037,191
CCGCGCATTTCAGAGCACAA_038,98
CCGCGCATTTCAGAGCACAA_039,161
CCGCGCATTTCAGAGCACAA_040,19
CCGCGCATTTCAGAGCACAA_041,105
CCGCGCATTTCAGAGCACAA_042,127
CCGCGCATTTCAGAGCACAA_043,29
CCGCGCATTTCAGAGCACAA_044,199
CCGCGCATTTCAGAGCACAA_045,116
CCGCGCATTTCAGAGCACAA_046,124
CCGCGCATTTCAGAGCACAA_047,124
CCGCGCATTTCAGAGCACAA_048,84
CCGCGCATTTCAGAGCACAA_049,92
GGCATAGAAGGGATGACCTG_001,169
GGCATAGAAGGGATGACCTG_002,194
GGCATAGAAGGGATGACCTG_003,106
GGCATAGAAGGGATGACCTG_004,198
GGCATAGAAGGGATGACCTG_005,68
GGCATAGAAGGGATGACCTG_006,88
GGCATAGAAGGGATGACCTG_007,184
GGCATAGAAGGGATGACCTG_008,78
GGCATAGAAGGGATGACCTG_009,53
GGCATAGAAGGGATGACCTG_010,152
GGCATAGAAGGGATGACCTG_011,127
GGCATAGAAGGGATGACCTG_012,9
GGCATAGAAGGGATGACCTG_013,84
GGCATAGAAGGGATGACCTG_014,28
CATAGGCCCAATCATTTCAG_001,63
CATAGGCCCAATCATTTCAG_002,150
CATAGGCCCAATCATTTCAG_003,158
CATAGGCCCAATCATTTCAG_004,60
CATAGGCCCAATCATTTCAG_005,137
CATAGGCCCAATCATTTCAG_006,177
CATAGGCCCAATCATTTCAG_007,198
CATAGGCCCAATCATTTCAG_008,175
CATAGGCCCAATCATTTCAG_009,16
CATAGGCCCAATCATTTCAG_010,56
CATAGGCCCAATCATTTCAG_011,188
CATAGGCCCAATCATTTCAG_012,137
CTCACATGGATGTAATCTGA_001,155
CTCACATGGATGTAATCTGA_002,188
CTCACATGGATGTAATCTGA_003,183
CTCACATGGATGTAATCTGA_004,168
TTTGGGTTCGGGAGTCGTCG_001,105
TTTGGGTTCGGGAGTCGTCG_002,78
TTTGGGTTCGGGAGTCGTCG_003,139
TTTGGGTTCGGGAGTCGTCG_004,102
TTTGGGTTCGGGAGTCGTCG_005,82
TTTGGGTTCGGGAGTCGTCG_006,78
TTTGGGTTCGGGAGTCGTCG_007,56
TTTGGGTTCGGGAGTCGTCG_008,197
TTTGGGTTCGGGAGTCGTCG_009,103
TTTGGGTTCGGGAGTCGTCG_010,145
TTTGGGTTCGGGAGTCGTCG_011,155
TTTGGGTTCGGGAGTCGTCG_012,5
TTTGGGTTCGGGAGTCGTCG_013,125
TTTGGGTTCGGGAGTCGTCG_014,15
TTTGGGTTCGGGAGTCGTCG_015,71
TTTGGGTTCGGGAGTCGTCG_016,0
TTTGGGTTCGGGAGTCGTCG_017,81
TTTGGGTTCGGGAGTCGTCG_018,85
CCGGCCACTACCGCTTCACG_001,178
CCGGCCACTACCGCTTCACG_002,80
CCGGCCACTACCGCTTCACG_003,157
CCGGCCACTACCGCTTCACG_004,35
CCGGCCACTACCGCTTCACG_005,2
CCGGCCACTACCGCTTCACG_006,188
CCGGCCACTACCGCTTCACG_007,115
CCGGCCACTACCGCTTCACG_008,91
CCGGCCACTACCGCTTCACG_009,76
CCGGCCACTACCGCTTCACG_010,12
CCGGCCACTACCGCTTCACG_011,191
GAGGGGATCCTCACAGGCGT_001,2
GAGGGGATCCTCACAGGCGT_002,8
GAGGGGATCCTCACAGGCGT_003,144
GAGGGGATCCTCACAGGCGT_004,121
GAGGGGATCCTCACAGGCGT_005,19
GAGGGGATCCTCACAGGCGT_006,1
GAGGGGATCCTCACAGGCGT_007,13
GAGGGGATCCTCACAGGCGT_008,155
GAGGGGATCCTCACAGGCGT_009,103
GAGGGGATCCTCACAGGCGT_010,141
GAGGGGATCCTCACAGGCGT_011,36
GAGGGGATCCTCACAGGCGT_012,118
GAGGGGATCCTCACAGGCGT_013,192
GAGGGGATCCTCACAGGCGT_014,123
GAGGGGATCCTCACAGGCGT_015,114
GAGGGGATCCTCACAGGCGT_016,120
GAGGGGATCCTCACAGGCGT_017,111
GAGGGGATCCTCACAGGCGT_018,102
GGAATCGCAGCTCCCCCAAG_001,154
GGAATCGCAGCTCCCCCAAG_002,129
GGAATCGCAGCTCCCCCAAG_003,88
TATCTACAGTGACAACACAC_001,20
GGATTCGATGCTGCGCAACG_001,125
GGATTCGATGCTGCGCAACG_002,88
GGATTCGATGCTGCGCAACG_003,160
GGATTCGATGCTGCGCAACG_004,50
GGATTCGATGCTGCGCAACG_005,160
GGATTCGATGCTGCGCAACG_006,66
CAGGAAGGGGAGTCAACATG_001,57
CAGGAAGGGGAGTCAACATG_002,166
CAGGAAGGGGAGTCAACATG_003,188
CAGGAAGGGGAGTCAACATG_004,81
CAGGAAGGGGAGTCAACATG_005,105
CAGGAAGGGGAGTCAACATG_006,70
CAGGAAGGGGAGTCAACATG_007,149
CAGGAAGGGGAGTCAACATG_008,77
TCTTCTACTGTCACAAAGCG_001,92
CCGATTATGTAGCTACGAGA_001,75
CCGATTATGTAGCTACGAGA_002,172
CCGATTATGTAGCTACGAGA_003,19
CCGATTATGTAGCTACGAGA_004,19
TGGCTGCAATTCATCCAGCG_001,62
TGGCTGCAATTCATCCAGCG_002,17
TGGCTGCAATTCATCCAGCG_003,103
TGGCTGCAATTCATCCAGCG_004,34
TGGCTGCAATTCATCCAGCG_005,158
TGGCTGCAATTCATCCAGCG_006,119
ACCCAGCATGCGAGGCACAG_001,38
ACCCAGCATGCGAGGCACAG_002,37
ACCCAGCATGCGAGGCACAG_003,48
ACCCAGCATGCGAGGCACAG_004,130
ACCCAGCATGCGAGGCACAG_005,196
ACCCAGCATGCGAGGCACAG_006,69
ACCCAGCATGCGAGGCACAG_007,60
ACCCAGCATGCGAGGCACAG_008,176
ACCCAGCATGCGAGGCACAG_009,112
ACCCAGCATGCGAGGCACAG_010,28
ACCCAGCATGCGAGGCACAG_011,179
ACCCAGCATGCGAGGCACAG_012,145
ACCCAGCATGCGAGGCACAG_013,16
ACCCAGCATGCGAGGCACAG_014,104
ACCCAGCATGCGAGGCACAG_015,137
ACCCAGCATGCGAGGCACAG_016,183
ACCCAGCATGCGAGGCACAG_017,9
ACCCAGCATGCGAGGCACAG_018,47
ACCCAGCATGCGAGGCACAG_019,10
ACCCAGCATGCGAGGCACAG_020,138
ACCCAGCATGCGAGGCACAG_021,191
ACCCAGCATGCGAGGCACAG_022,17
ACCCAGCATGCGAGGCACAG_023,113
ACCCAGCATGCGAGGCACAG_024,39
ACCCAGCATGCGAGGCACAG_025,57
ACCCAGCATGCGAGGCACAG_026,56
ACCCAGCATGCGAGGCACAG_027,168
ACCCAGCATGCGAGGCACAG_028,155
ACCCAGCATGCGAGGCACAG_029,66
ACCCAGCATGCGAGGCACAG_030,36
ACCCAGCATGCGAGGCACAG_031,27
ACCCAGCATGCGAGGCACAG_032,116
ACCCAGCATGCGAGGCACAG_033,113
ACCCAGCATGCGAGGCACAG_034,61
ACCCAGCATGCGAGGCACAG_035,31
CTTGGTACTGGGGTCCGCGT_001,133
CTTGGTACTGGGGTCCGCGT_002,54
CTTGGTACTGGGGTCCGCGT_003,149
CTTGGTACTGGGGTCCGCGT_004,69
CTTGGTACTGGGGTCCGCGT_005,150
CTTGGTACTGGGGTCCGCGT_006,118
CTTGGTACTGGGGTCCGCGT_007,2
CTTGGTACTGGGGTCCGCGT_008,103
CTTGGTACTGGGGTCCGCGT_009,162
CTTGGTACTGGGGTCCGCGT_010,20
CTTGGTACTGGGGTCCGCGT_011,26
CTTGGTACTGGGGTCCGCGT_012,187
CTTGGTACTGGGGTCCGCGT_013,61
CTTGGTACTGGGGTCCGCGT_014,101
CTTGGTACTGGGGTCCGCGT_015,60
CTTGGTACTGGGGTCCGCGT_016,35
CTTGGTACTGGGGTCCGCGT_017,168
CTTGGTACTGGGGTCCGCGT_018,16
CTTGGTACTGGGGTCCGCGT_019,152
CTTGGTACTGGGGTCCGCGT_020,118
CTTGGTACTGGGGTCCGCGT_021,57
CTTGGTACTGGGGTCCGCGT_022,127
CTTGGTACTGGGGTCCGCGT_023,62
CTTGGTACTGGGGTCCGCGT_024,178
CTTGGTACTGGGGTCCGCGT_025,104
CTTGGTACTGGGGTCCGCGT_026,87
CTTGGTACTGGGGTCCGCGT_027,136
CTTGGTACTGGGGTCCGCGT_028,48
CTTGGTACTGGGGTCCGCGT_029,88
CTTGGTACTGGGGTCCGCGT_030,35
CTTGGTACTGGGGTCCGCGT_031,48
AGGCAGTCATCAACGAATCG_001,132
AGGCAGTCATCAACGAATCG_002,191
AGGCAGTCATCAACGAATCG_003,53
AGGCAGTCATCAACGAATCG_004,150
AGGCAGTCATCAACGAATCG_005,16
AGGCAGTCATCAACGAATCG_006,147
AGGCAGTCATCAACGAATCG_007,91
AGGCAGTCATCAACGAATCG_008,141
AGGCAGTCATCAACGAATCG_009,155
AGGCAGTCATCAACGAATCG_010,38
AGGCAGTCATCAACGAATCG_011,155
AGGCAGTCATCAACGAATCG_012,131
AGGCAGTCATCAACGAATCG_013,195
AGGCAGTCATCAACGAATCG_014,78
AGGCAGTCATCAACGAATCG_015,182
ATATATTTATTCGTGATCGG_001,76
ATATATTTATTCGTGATCGG_002,180
ATATATTTATTCGTGATCGG_003,104
ATATATTTATTCGTGATCGG_004,88
ATATATTTATTCGTGATCGG_005,63
ACAGTTTGTGCATCAACTGG_001,149
ACAGTTTGTGCATCAACTGG_002,197
ACAGTTTGTGCATCAACTGG_003,139
ACAGTTTGTGCATCAACTGG_004,0
ACAGTTTGTGCATCAACTGG_005,175
AGCAATGAATGTGGATCACG_001,55
AGCAATGAATGTGGATCACG_002,112
AGCAATGAATGTGGATCACG_003,103
AGCAATGAATGTGGATCACG_004,76
AGCAATGAATGTGGATCACG_005,31
GGGAACAGATACACTCCGAG_001,81
GGGAACAGATACACTCCGAG_002,102
GGGAACAGATACACTCCGAG_003,130
AAATAGCTTCAATACTAGAG_001,102
AAATAGCTTCAATACTAGAG_002,5
AAATAGCTTCAATACTAGAG_003,9
AAATAGCTTCAATACTAGAG_004,76
AAATAGCTTCAATACTAGAG_005,98
TACCTCACTGTCAACAAACG_001,170
TACCTCACTGTCAACAAACG_002,114
TACCTCACTGTCAACAAACG_003,179
TACCTCACTGTCAACAAACG_004,41
GATATCGTTGAAACACAAAG_001,94
GATATCGTTGAAACACAAAG_002,50
GATATCGTTGAAACACAAAG_003,191
GATATCGTTGAAACACAAAG_004,158
GATATCGTTGAAACACAAAG_005,55
GATATCGTTGAAACACAAAG_006,161
GATATCGTTGAAACACAAAG_007,3
GATATCGTTGAAACACAAAG_008,18
GATATCGTTGAAACACAAAG_009,152
GATATCGTTGAAACACAAAG_010,105
GAGAGGTGGCCCATTCTCGG_001,50
GAGAGGTGGCCCATTCTCGG_002,68
GAGAGGTGGCCCATTCTCGG_003,162
GAGAGGTGGCCCATTCTCGG_004,139
GAGAGGTGGCCCATTCTCGG_005,171
GAGAGGTGGCCCATTCTCGG_006,102
GAGAGGTGGCCCATTCTCGG_007,61
GAGAGGTGGCCCATTCTCGG_008,105
GAGAGGTGGCCCATTCTCGG_009,197
GAGAGGTGGCCCATTCTCGG_010,158
GAGAGGTGGCCCATTCTCGG_011,105
GAGAGGTGGCCCATTCTCGG_012,48
GAGAGGTGGCCCATTCTCGG_013,174
GAGAGGTGGCCCATTCTCGG_014,162
GAGAGGTGGCCCATTCTCGG_015,64
GAGAGGTGGCCCATTCTCGG_016,58
GAGAGGTGGCCCATTCTCGG_017,111
ACAGAAGGATTACCTAGTGC_001,6
ACAGAAGGATTACCTAGTGC_002,122
ACAGAAGGATTACCTAGTGC_003,188
ACAGAAGGATTACCTAGTGC_004,107
TCAGAAGCCTGCAGAATCAG_001,156
TCAGAAGCCTGCAGAATCAG_002,83
TCAGAAGCCTGCAGAATCAG_003,49
TCAGAAGCCTGCAGAATCAG_004,104
CGACGGTAATGCACCTACTA_001,113
CGACGGTAATGCACCTACTA_002,84
CGACGGTAATGCACCTACTA_003,55
CGACGGTAATGCACCTACTA_004,176
CGACGGTAATGCACCTACTA_005,76
CGACGGTAATGCACCTACTA_006,77
CGACGGTAATGCACCTACTA_007,35
CGACGGTAATGCACCTACTA_008,64
CTGCGGCCATTCCTGTTCGG_001,42
CTGCGGCCATTCCTGTTCGG_002,163
CTGCGGCCATTCCTGTTCGG_003,84
CTGCGGCCATTCCTGTTCGG_004,56
CTGCGGCCATTCCTGTTCGG_005,28
CTGCGGCCATTCCTGTTCGG_006,54
CTGCGGCCATTCCTGTTCGG_007,27
CTGCGGCCATTCCTGTTCGG_008,38
CTGCGGCCATTCCTGTTCGG_009,43
CTGCGGCCATTCCTGTTCGG_010,162
CTGCGGCCATTCCTGTTCGG_011,171
CTGCGGCCATTCCTGTTCGG_012,183
CTGCGGCCATTCCTGTTCGG_013,67
CTGCGGCCATTCCTGTTCGG_014,147
CTGCGGCCATTCCTGTTCGG_015,23
CTGCGGCCATTCCTGTTCGG_016,15
CTGCGGCCATTCCTGTTCGG_017,134
CTGCGGCCATTCCTGTTCGG_018,23
CTGCGGCCATTCCTGTTCGG_019,119
CTGCGGCCATTCCTGTTCGG_020,137
CTGCGGCCATTCCTGTTCGG_021,8
CTGCGGCCATTCCTGTTCGG_022,63
CTGCGGCCATTCCTGTTCGG_023,94
CTGCGGCCATTCCTGTTCGG_024,184
CTGCGGCCATTCCTGTTCGG_025,107
CTGCGGCCATTCCTGTTCGG_026,163
CTGCGGCCATTCCTGTTCGG_027,168
CTGCGGCCATTCCTGTTCGG_028,177
CTGCGGCCATTCCTGTTCGG_029,98
CTGCGGCCATTCCTGTTCGG_030,10
CTGCGGCCATTCCTGTTCGG_031,41
CTGCGGCCATTCCTGTTCGG_032,50
GGAAAAAGACATCACCACAC_001,102
GGAAAAAGACATCACCACAC_002,187
GGAAAAAGACATCACCACAC_003,119
CAAACCCCAAGGCCGAATTG_001,63
CAAACCCCAAGGCCGAATTG_002,181
CAAACCCCAAGGCCGAATTG_003,21
CAAACCCCAAGGCCGAATTG_004,69
CAAACCCCAAGGCCGAATTG_005,60
CAAACCCCAAGGCCGAATTG_006,198
CAAACCCCAAGGCCGAATTG_007,9
CAAACCCCAAGGCCGAATTG_008,159
CAAACCCCAAGGCCGAATTG_009,92
CAAACCCCAAGGCCGAATTG_010,84
CAAACCCCAAGGCCGAATTG_011,32
CAAACCCCAAGGCCGAATTG_012,172
CAAACCCCAAGGCCGAATTG_013,98
CAAACCCCAAGGCCGAATTG_014,34
CAAACCCCAAGGCCGAATTG_015,138
CAAACCCCAAGGCCGAATTG_016,148
CAAACCCCAAGGCCGAATTG_017,174
CAAACCCCAAGGCCGAATTG_018,17
CAAACCCCAAGGCCGAATTG_019,166
GGTTAGTAAGTGTTGAAGAG_001,6
GGTTAGTAAGTGTTGAAGAG_002,53
GGTTAGTAAGTGTTGAAGAG_003,17
GGTTAGTAAGTGTTGAAGAG_004,16
GCAGCGCGATGTTGATGGCG_001,171
GCAGCGCGATGTTGATGGCG_002,32
GCAGCGCGATGTTGATGGCG_003,166
GCAGCGCGATGTTGATGGCG_004,68
GCAGCGCGATGTTGATGGCG_005,199
GCAGCGCGATGTTGATGGCG_006,199
GCAGCGCGATGTTGATGGCG_007,32
GCAGCGCGATGTTGATGGCG_008,146
GCAGCGCGATGTTGATGGCG_009,58
GCAGCGCGATGTTGATGGCG_010,130
GCAGCGCGATGTTGATGGCG_011,1
GCAGCGCGATGTTGATGGCG_012,78
GCAGCGCGATGTTGATGGCG_013,104
GCAGCGCGATGTTGATGGCG_014,131
ACTGGAAGTCATGTGAACCT_001,6
ACTGGAAGTCATGTGAACCT_002,175
ACTGGAAGTCATGTGAACCT_003,166
ACTGGAAGTCATGTGAACCT_004,34
ACTGGAAGTCATGTGAACCT_005,29
ACTGGAAGTCATGTGAACCT_006,138
ACTGGAAGTCATGTGAACCT_007,88
ACTGGAAGTCATGTGAACCT_008,170
AACAACTGTGTGATACACTC_001,166
AACAACTGTGTGATACACTC_002,118
AACAACTGTGTGATACACTC_003,188
AACAACTGTGTGATACACTC_004,76
GGGACCTTAAACTTAGGGGA_001,42
GGGACCTTAAACTTAGGGGA_002,19
GGGACCTTAAACTTAGGGGA_003,40
GGGACCTTAAACTTAGGGGA_004,160
CACAAAGCTTAATGGTATTG_001,158
CACAAAGCTTAATGGTATTG_002,150
CACAAAGCTTAATGGTATTG_003,184
CACAAAGCTTAATGGTATTG_004,159
GGATGGTCAAGGGTGCACAA_001,127
GGATGGTCAAGGGTGCACAA_002,166
GGATGGTCAAGGGTGCACAA_003,149
GGATGGTCAAGGGTGCACAA_004,105
GGATGGTCAAGGGTGCACAA_005,0
GGATGGTCAAGGGTGCACAA_006,154
GGATGGTCAAGGGTGCACAA_007,51
GGATGGTCAAGGGTGCACAA_008,41
GGATGGTCAAGGGTGCACAA_009,17
GGATGGTCAAGGGTGCACAA_010,103
GGATGGTCAAGGGTGCACAA_011,43
GGATGGTCAAGGGTGCACAA_012,120
GGATGGTCAAGGGTGCACAA_013,191
GGATGGTCAAGGGTGCACAA_014,94
GGATGGTCAAGGGTGCACAA_015,50
GGATGGTCAAGGGTGCACAA_016,6
GGATGGTCAAGGGTGCACAA_017,13
GGATGGTCAAGGGTGCACAA_018,9
GGATGGTCAAGGGTGCACAA_019,148
GGATGGTCAAGGGTGCACAA_020,149
GGATGGTCAAGGGTGCACAA_021,17
GGATGGTCAAGGGTGCACAA_022,126
GGATGGTCAAGGGTGCACAA_023,94
GGATGGTCAAGGGTGCACAA_024,28
GGATGGTCAAGGGTGCACAA_025,160
GGATGGTCAAGGGTGCACAA_026,88
GGATGGTCAAGGGTGCACAA_027,47
GGATGGTCAAGGGTGCACAA_028,15
GGATGGTCAAGGGTGCACAA_029,66
GGATGGTCAAGGGTGCACAA_030,114
GGATGGTCAAGGGTGCACAA_031,114
GGATGGTCAAGGGTGCACAA_032,61
GGATGGTCAAGGGTGCACAA_033,165
GGATGGTCAAGGGTGCACAA_034,46
GGATGGTCAAGGGTGCACAA_035,188
CCACCGACGTAAAAGTATGG_001,194
ACACAGGGCAAGGAAATGTG_001,131
ACACAGGGCAAGGAAATGTG_002,162
ACACAGGGCAAGGAAATGTG_003,147
ACACAGGGCAAGGAAATGTG_004,6
ACACAGGGCAAGGAAATGTG_005,110
ACACAGGGCAAGGAAATGTG_006,49
ACACAGGGCAAGGAAATGTG_007,144
ACACAGGGCAAGGAAATGTG_008,187
ACACAGGGCAAGGAAATGTG_009,112
ACACAGGGCAAGGAAATGTG_010,68
ACACAGGGCAAGGAAATGTG_011,69
ACACAGGGCAAGGAAATGTG_012,24
ACACAGGGCAAGGAAATGTG_013,169
ACACAGGGCAAGGAAATGTG_014,61
ACACAGGGCAAGGAAATGTG_015,175
ACACAGGGCAAGGAAATGTG_016,79
ACACAGGGCAAGGAAATGTG_017,79
ACACAGGGCAAGGAAATGTG_018,42
ACACAGGGCAAGGAAATGTG_019,166
CGGCGCCGTCTTGTTGTGTG_001,11
CGGCGCCGTCTTGTTGTGTG_002,161
GCTGGTTCACACACTCATGT_001,28
GCTGGTTCACACACTCATGT_002,44
GCTGGTTCACACACTCATGT_003,70
GCTGGTTCACACACTCATGT_004,170
GCTGGTTCACACACTCATGT_005,10
CGCCTGAAGACTTCAGACAC_001,183
CGCCTGAAGACTTCAGACAC_002,42
CGCCTGAAGACTTCAGACAC_003,102
CGCCTGAAGACTTCAGACAC_004,16
CGCCTGAAGACTTCAGACAC_005,181
CGCCTGAAGACTTCAGACAC_006,146
CGCCTGAAGACTTCAGACAC_007,170
CGCCTGAAGACTTCAGACAC_008,61
CGCCTGAAGACTTCAGACAC_009,13
CGCCTGAAGACTTCAGACAC_010,34
CGCCTGAAGACTTCAGACAC_011,74
CGCCTGAAGACTTCAGACAC_012,38
CGCCTGAAGACTTCAGACAC_013,12
CGCCTGAAGACTTCAGACAC_014,2
CGCCTGAAGACTTCAGACAC_015,52
CGCCTGAAGACTTCAGACAC_016,27
CGCCTGAAGACTTCAGACAC_017,198
CGCCTGAAGACTTCAGACAC_018,60
CGCCTGAAGACTTCAGACAC_019,142
CGCCTGAAGACTTCAGACAC_020,105
CGCCTGAAGACTTCAGACAC_021,65
CGCCTGAAGACTTCAGACAC_022,149
CGCCTGAAGACTTCAGACAC_023,94
CGCCTGAAGACTTCAGACAC_024,46
TGTCCACAGGGTGTGTCTAG_001,33
TGTCCACAGGGTGTGTCTAG_002,34
TGTCCACAGGGTGTGTCTAG_003,116
TGTCCACAGGGTGTGTCTAG_004,102
GAATTGTAGCTAGGATATGG_001,121
TAATGAAAAAAATAGGCCCA_001,145
TAATGAAAAAAATAGGCCCA_002,8
GTGTCGCTTAACGAAGTCAC_001,185
GTGTCGCTTAACGAAGTCAC_002,19
GTGTCGCTTAACGAAGTCAC_003,56
GTGTCGCTTAACGAAGTCAC_004,62
GTGTCGCTTAACGAAGTCAC_005,142
GTGTCGCTTAACGAAGTCAC_006,137
GTGTCGCTTAACGAAGTCAC_007,29
GTGTCGCTTAACGAAGTCAC_008,198
GTTCAGGACTTGGAAACTCA_001,172
GTTCAGGACTTGGAAACTCA_002,198
GTTCAGGACTTGGAAACTCA_003,82
GTTCAGGACTTGGAAACTCA_004,105
GTTCAGGACTTGGAAACTCA_005,74
GTTCAGGACTTGGAAACTCA_006,188
GTTCAGGACTTGGAAACTCA_007,111
GTTCAGGACTTGGAAACTCA_008,32
GTTCAGGACTTGGAAACTCA_009,81
GTTCAGGACTTGGAAACTCA_010,47
GTTCAGGACTTGGAAACTCA_011,10
GGACACAAGGCTCACTATGT_001,69
GGACACAAGGCTCACTATGT_002,157
GGACACAAGGCTCACTATGT_003,78
GGACACAAGGCTCACTATGT_004,45
GGACACAAGGCTCACTATGT_005,37
GGACACAAGGCTCACTATGT_006,125
GGACACAAGGCTCACTATGT_007,37
TGAACTGCAAATCTCAACGA_001,87
TGAACTGCAAATCTCAACGA_002,71
TGAACTGCAAATCTCAACGA_003,58
TGAACTGCAAATCTCAACGA_004,159
TGAACTGCAAATCTCAACGA_005,186
TGAACTGCAAATCTCAACGA_006,161
AGCGCTCAAAGTAGCACTCG_001,63
AGCGCTCAAAGTAGCACTCG_002,46
AGCGCTCAAAGTAGCACTCG_003,108
CCTTGACCGAGTGAAACTCA_001,137
CCTTGACCGAGTGAAACTCA_002,27
CCTTGACCGAGTGAAACTCA_003,159
GGTCTCATGAGTAACTCGGA_001,85
GGTCTCATGAGTAACTCGGA_002,194
ACGACAAAACATGATCCGAA_001,197
ACGACAAAACATGATCCGAA_002,62
ACGACAAAACATGATCCGAA_003,139
ACGACAAAACATGATCCGAA_004,147
ACGACAAAACATGATCCGAA_005,127
ACGACAAAACATGATCCGAA_006,146
ACGACAAAACATGATCCGAA_007,115
ACGACAAAACATGATCCGAA_008,124
ACGACAAAACATGATCCGAA_009,135
ACGACAAAACATGATCCGAA_010,1
ACGACAAAACATGATCCGAA_011,78
ACGACAAAACATGATCCGAA_012,78
ACGACAAAACATGATCCGAA_013,137
ACGACAAAACATGATCCGAA_014,188
ATAACAGTCTGGTAACTCAC_001,55
ATAACAGTCTGGTAACTCAC_002,6
ATAACAGTCTGGTAACTCAC_003,2
ATAACAGTCTGGTAACTCAC_004,119
ATAACAGTCTGGTAACTCAC_005,113
ATAACAGTCTGGTAACTCAC_006,68
GTCCAGGTGTGCACGGACCA_001,12
GTCCAGGTGTGCACGGACCA_002,198
GTCCAGGTGTGCACGGACCA_003,73
GTCCAGGTGTGCACGGACCA_004,168
GTCCAGGTGTGCACGGACCA_005,169
GTCCAGGTGTGCACGGACCA_006,52
GTCCAGGTGTGCACGGACCA_007,138
GTCCAGGTGTGCACGGACCA_008,168
GTCCAGGTGTGCACGGACCA_009,102
GTCCAGGTGTGCACGGACCA_010,193
GTCCAGGTGTGCACGGACCA_011,143
GTCCAGGTGTGCACGGACCA_012,126
GTCCAGGTGTGCACGGACCA_013,98
CTGTACCAAAAGCTACATGA_001,64
CTGTACCAAAAGCTACATGA_002,158
CTGTACCAAAAGCTACATGA_003,120
CTGTACCAAAAGCTACATGA_004,130
CTGTACCAAAAGCTACATGA_005,77
CTGTACCAAAAGCTACATGA_006,9
CTGTACCAAAAGCTACATGA_007,15
CTGTACCAAAAGCTACATGA_008,84
CTGTACCAAAAGCTACATGA_009,90
CTGTACCAAAAGCTACATGA_010,71
CTGTACCAAAAGCTACATGA_011,36
CTGTACCAAAAGCTACATGA_012,40
CTGTACCAAAAGCTACATGA_013,28
CTGTACCAAAAGCTACATGA_014,48
CTGTACCAAAAGCTACATGA_015,46
CTGTACCAAAAGCTACATGA_016,172
CTGTACCAAAAGCTACATGA_017,199
CTGTACCAAAAGCTACATGA_018,82
CTGTACCAAAAGCTACATGA_019,26
CTGTACCAAAAGCTACATGA_020,160
AGGCAGAGCGGGCCACACTG_001,0
AGGCAGAGCGGGCCACACTG_002,12
AGGCAGAGCGGGCCACACTG_003,12
AGGCAGAGCGGGCCACACTG_004,196
AGGCAGAGCGGGCCACACTG_005,19
AGGCAGAGCGGGCCACACTG_006,169
AGGCAGAGCGGGCCACACTG_007,18
AGGCAGAGCGGGCCACACTG_008,182
AGGCAGAGCGGGCCACACTG_009,68
AGGCAGAGCGGGCCACACTG_010,58
AGGCAGAGCGGGCCACACTG_011,68
AGGCAGAGCGGGCCACACTG_012,9
AGGCAGAGCGGGCCACACTG_013,150
AGGCAGAGCGGGCCACACTG_014,158
AGGCAGAGCGGGCCACACTG_015,88
AGGCAGAGCGGGCCACACTG_016,179
AGGCAGAGCGGGCCACACTG_017,124
AGGCAGAGCGGGCCACACTG_018,155
AGGCAGAGCGGGCCACACTG_019,177
AGGCAGAGCGGGCCACACTG_020,162
AGGCAGAGCGGGCCACACTG_021,111
AGGCAGAGCGGGCCACACTG_022,164
AGGCAGAGCGGGCCACACTG_023,94
AGGCAGAGCGGGCCACACTG_024,60
AGGCAGAGCGGGCCACACTG_025,153
AGGCAGAGCGGGCCACACTG_026,34
AGGCAGAGCGGGCCACACTG_027,12
AGGCAGAGCGGGCCACACTG_028,23
AGGCAGAGCGGGCCACACTG_029,113
AGGCAGAGCGGGCCACACTG_030,2
AGGCAGAGCGGGCCACACTG_031,102
AGGCAGAGCGGGCCACACTG_032,169
AGGCAGAGCGGGCCACACTG_033,47
AGGCAGAGCGGGCCACACTG_034,11
AGGCAGAGCGGGCCACACTG_035,59
AGGCAGAGCGGGCCACACTG_036,50
AGGCAGAGCGGGCCACACTG_037,161
AGGCAGAGCGGGCCACACTG_038,127
AGGCAGAGCGGGCCACACTG_039,12
AGGCAGAGCGGGCCACACTG_040,82
AGGCAGAGCGGGCCACACTG_041,98
AGGCAGAGCGGGCCACACTG_042,122
AGGCAGAGCGGGCCACACTG_043,43
AGGCAGAGCGGGCCACACTG_044,8
AGGCAGAGCGGGCCACACTG_045,6
AGGCAGAGCGGGCCACACTG_046,138
AGGCAGAGCGGGCCACACTG_047,124
AGGCAGAGCGGGCCACACTG_048,6
AGGCAGAGCGGGCCACACTG_049,104
AGGCAGAGCGGGCCACACTG_050,90
AGGCAGAGCGGGCCACACTG_051,10
AGGCAGAGCGGGCCACACTG_052,169
AGGCAGAGCGGGCCACACTG_053,36
AGGCAGAGCGGGCCACACTG_054,126
AGGCAGAGCGGGCCACACTG_055,116
TGGCTCGGCTGATGCTTAGG_001,132
TGGCTCGGCTGATGCTTAGG_002,178
TGGCTCGGCTGATGCTTAGG_003,65
TGGCTCGGCTGATGCTTAGG_004,9
GCGTGCTGGCTACTACCGAC_001,114
GCGTGCTGGCTACTACCGAC_002,126
GCGTGCTGGCTACTACCGAC_003,86
GCGTGCTGGCTACTACCGAC_004,158
GCGTGCTGGCTACTACCGAC_005,162
GCGTGCTGGCTACTACCGAC_006,106
GCGTGCTGGCTACTACCGAC_007,102
GCGTGCTGGCTACTACCGAC_008,127
CCTTTAGCCTGGAACCCTAG_001,166
CCTTTAGCCTGGAACCCTAG_002,107
CCTTTAGCCTGGAACCCTAG_003,163
CTGCCTTGTTTGCGTCCATG_001,94
CTGCCTTGTTTGCGTCCATG_002,62
CTGCCTTGTTTGCGTCCATG_003,117
CTGCCTTGTTTGCGTCCATG_004,150
CTGCCTTGTTTGCGTCCATG_005,147
CTGCCTTGTTTGCGTCCATG_006,101
CTGCCTTGTTTGCGTCCATG_007,108
CTGCCTTGTTTGCGTCCATG_008,80
CTGCCTTGTTTGCGTCCATG_009,130
CTGCCTTGTTTGCGTCCATG_010,40
CTGCCTTGTTTGCGTCCATG_011,40
CTGCCTTGTTTGCGTCCATG_012,36
CAGTGGACGGATTGACGGTG_001,88
CAGTGGACGGATTGACGGTG_002,77
CAGTGGACGGATTGACGGTG_003,96
CAGTGGACGGATTGACGGTG_004,115
CAGTGGACGGATTGACGGTG_005,146
CAGTGGACGGATTGACGGTG_006,29
CAGTGGACGGATTGACGGTG_007,33
CAGTGGACGGATTGACGGTG_008,189
CAGTGGACGGATTGACGGTG_009,56
CAGTGGACGGATTGACGGTG_010,59
CAGTGGACGGATTGACGGTG_011,189
CAGTGGACGGATTGACGGTG_012,68
CAGTGGACGGATTGACGGTG_013,145
CAGTGGACGGATTGACGGTG_014,130
CAGTGGACGGATTGACGGTG_015,150
CAGTGGACGGATTGACGGTG_016,0
CAGTGGACGGATTGACGGTG_017,174
CAGTGGACGGATTGACGGTG_018,1
CAGTGGACGGATTGACGGTG_019,134
CAGTGGACGGATTGACGGTG_020,161
CAGTGGACGGATTGACGGTG_021,134
CAGTGGACGGATTGACGGTG_022,146
CAGTGGACGGATTGACGGTG_023,107
CAGTGGACGGATTGACGGTG_024,140
CAGTGGACGGATTGACGGTG_025,39
CAGTGGACGGATTGACGGTG_026,123
CAGTGGACGGATTGACGGTG_027,20
CAGTGGACGGATTGACGGTG_028,50
CAGTGGACGGATTGACGGTG_029,196
CAGTGGACGGATTGACGGTG_030,186
CAGTGGACGGATTGACGGTG_031,194
CAGTGGACGGATTGACGGTG_032,176
CAGTGGACGGATTGACGGTG_033,58
CAGTGGACGGATTGACGGTG_034,174
CAGTGGACGGATTGACGGTG_035,49
CAGTGGACGGATTGACGGTG_036,176
CAGTGGACGGATTGACGGTG_037,9
CAGTGGACGGATTGACGGTG_038,144
CAGTGGACGGATTGACGGTG_039,99
CAGTGGACGGATTGACGGTG_040,144
CAGTGGACGGATTGACGGTG_041,16
CAGTGGACGGATTGACGGTG_042,153
CAGTGGACGGATTGACGGTG_043,123
TATTCAGTAATGACAACAGG_001,78
TATTCAGTAATGACAACAGG_002,35
TATTCAGTAATGACAACAGG_003,2
TATTCAGTAATGACAACAGG_004,121
TATTCAGTAATGACAACAGG_005,181
TATTCAGTAATGACAACAGG_006,137
TATTCAGTAATGACAACAGG_007,138
TATTCAGTAATGACAACAGG_008,15
TATTCAGTAATGACAACAGG_009,127
TATTCAGTAATGACAACAGG_010,184
TATTCAGTAATGACAACAGG_011,19
TATTCAGTAATGACAACAGG_012,39
TATTCAGTAATGACAACAGG_013,28
GACTCCCACACACGCCAGCA_001,115
GACTCCCACACACGCCAGCA_002,38
GACTCCCACACACGCCAGCA_003,65
GACTCCCACACACGCCAGCA_004,94
GACTCCCACACACGCCAGCA_005,47
GACTCCCACACACGCCAGCA_006,135
GACTCCCACACACGCCAGCA_007,127
GACTCCCACACACGCCAGCA_008,16
GACTCCCACACACGCCAGCA_009,19
GACTCCCACACACGCCAGCA_010,111
GACTCCCACACACGCCAGCA_011,26
GACTCCCACACACGCCAGCA_012,191
GACTCCCACACACGCCAGCA_013,88
GACTCCCACACACGCCAGCA_014,2
GAGAGCTGCATATTAGAGCC_001,65
GAGAGCTGCATATTAGAGCC_002,176
GAGAGCTGCATATTAGAGCC_003,50
GAGAGCTGCATATTAGAGCC_004,8
GCGCAATTGTGACCTGATGT_001,0
GCGCAATTGTGACCTGATGT_002,18
GCCTCTGAATCTAGAGCTCA_001,177
GCCTCTGAATCTAGAGCTCA_002,195
GCCTCTGAATCTAGAGCTCA_003,166
GCCTCTGAATCTAGAGCTCA_004,35
GCCTCTGAATCTAGAGCTCA_005,98
GCCTCTGAATCTAGAGCTCA_006,13
GCCTCTGAATCTAGAGCTCA_007,169
GCCTCTGAATCTAGAGCTCA_008,17
GCCTCTGAATCTAGAGCTCA_009,140
GCCTCTGAATCTAGAGCTCA_010,116
GCCTCTGAATCTAGAGCTCA_011,34
CAGACTCTGACCCACCGTGA_001,141
CAGACTCTGACCCACCGTGA_002,166
CAGACTCTGACCCACCGTGA_003,137
CAGACTCTGACCCACCGTGA_004,29
CAGACTCTGACCCACCGTGA_005,32
CAGACTCTGACCCACCGTGA_006,196
CAGACTCTGACCCACCGTGA_007,94
CAGACTCTGACCCACCGTGA_008,63
CAGACTCTGACCCACCGTGA_009,3
CAGACTCTGACCCACCGTGA_010,2
CAGACTCTGACCCACCGTGA_011,148
CAGACTCTGACCCACCGTGA_012,174
CAGACTCTGACCCACCGTGA_013,41
CAGACTCTGACCCACCGTGA_014,121
CAGACTCTGACCCACCGTGA_015,188
CAGACTCTGACCCACCGTGA_016,8
CAGACTCTGACCCACCGTGA_017,2
CAGACTCTGACCCACCGTGA_018,103
CAGACTCTGACCCACCGTGA_019,115
CTCGTCCCTCTGGTGCACGG_001,172
CTCGTCCCTCTGGTGCACGG_002,23
CTCGTCCCTCTGGTGCACGG_003,118
CTCGTCCCTCTGGTGCACGG_004,6
CTCGTCCCTCTGGTGCACGG_005,19
CTCGTCCCTCTGGTGCACGG_006,126
CTCGTCCCTCTGGTGCACGG_007,62
ACATCGAAGCGGCCTCTAGG_001,49
ACATCGAAGCGGCCTCTAGG_002,8
ACATCGAAGCGGCCTCTAGG_003,153
ACATCGAAGCGGCCTCTAGG_004,134
ACATCGAAGCGGCCTCTAGG_005,164
ACATCGAAGCGGCCTCTAGG_006,115
ACATCGAAGCGGCCTCTAGG_007,170
ACATCGAAGCGGCCTCTAGG_008,94
ACATCGAAGCGGCCTCTAGG_009,60
ACATCGAAGCGGCCTCTAGG_010,28
ACATCGAAGCGGCCTCTAGG_011,35
ACATCGAAGCGGCCTCTAGG_012,181
ACATCGAAGCGGCCTCTAGG_013,197
ACATCGAAGCGGCCTCTAGG_014,117
ACATCGAAGCGGCCTCTAGG_015,18
ACATCGAAGCGGCCTCTAGG_016,0
ACATCGAAGCGGCCTCTAGG_017,150
ACATCGAAGCGGCCTCTAGG_018,58
ACATCGAAGCGGCCTCTAGG_019,165
ACATCGAAGCGGCCTCTAGG_020,23
ACATCGAAGCGGCCTCTAGG_021,142
ACATCGAAGCGGCCTCTAGG_022,152
ACATCGAAGCGGCCTCTAGG_023,58
ACTATTCGTCTACCTTACTG_001,38
ACTATTCGTCTACCTTACTG_002,88
ACTATTCGTCTACCTTACTG_003,93
ACTATTCGTCTACCTTACTG_004,107
ACTATTCGTCTACCTTACTG_005,96
CCTCAGCAATGATCCCATCA_001,1
CCTCAGCAATGATCCCATCA_002,1
CCTCAGCAATGATCCCATCA_003,183
CCTCAGCAATGATCCCATCA_004,41
TGCCAGGATACGGAACTGGT_001,15
TGCCAGGATACGGAACTGGT_002,192
TGCCAGGATACGGAACTGGT_003,12
TCGGTATGAACTGCGCTCTG_001,53
TCGGTATGAACTGCGCTCTG_002,140
TCGGTATGAACTGCGCTCTG_003,152
TCGGTATGAACTGCGCTCTG_004,148
TCGGTATGAACTGCGCTCTG_005,111
TCGGTATGAACTGCGCTCTG_006,148
TCGGTATGAACTGCGCTCTG_007,105
TCGGTATGAACTGCGCTCTG_008,127
TCGGTATGAACTGCGCTCTG_009,146
TCGGTATGAACTGCGCTCTG_010,123
TCGGTATGAACTGCGCTCTG_011,140
TCGGTATGAACTGCGCTCTG_012,41
TCGGTATGAACTGCGCTCTG_013,58
TCGGTATGAACTGCGCTCTG_014,172
TCGGTATGAACTGCGCTCTG_015,108
TCGGTATGAACTGCGCTCTG_016,64
TCGGTATGAACTGCGCTCTG_017,142
TCGGTATGAACTGCGCTCTG_018,6
TCGGTATGAACTGCGCTCTG_019,144
TCGGTATGAACTGCGCTCTG_020,57
TCGGTATGAACTGCGCTCTG_021,162
ACCTATGAGAAGCTGCTGTG_001,78
ACCTATGAGAAGCTGCTGTG_002,174
ACCTATGAGAAGCTGCTGTG_003,136
ACCTATGAGAAGCTGCTGTG_004,131
ACCTATGAGAAGCTGCTGTG_005,196
ACCTATGAGAAGCTGCTGTG_006,17
ACCTATGAGAAGCTGCTGTG_007,105
ACCTATGAGAAGCTGCTGTG_008,24
ACCTATGAGAAGCTGCTGTG_009,77
ACCTATGAGAAGCTGCTGTG_010,150
ACCTATGAGAAGCTGCTGTG_011,44
ACCTATGAGAAGCTGCTGTG_012,39
ACCTATGAGAAGCTGCTGTG_013,108
ACCTATGAGAAGCTGCTGTG_014,2
ACCTATGAGAAGCTGCTGTG_015,41
ACCTATGAGAAGCTGCTGTG_016,65
ACCTATGAGAAGCTGCTGTG_017,146
ACCTATGAGAAGCTGCTGTG_018,148
ACCTATGAGAAGCTGCTGTG_019,165
ACCTATGAGAAGCTGCTGTG_020,169
ACCTATGAGAAGCTGCTGTG_021,16
CCAAAGTCCCCCGGAAGCTG_001,106
CCAAAGTCCCCCGGAAGCTG_002,29
CCAAAGTCCCCCGGAAGCTG_003,176
CCAAAGTCCCCCGGAAGCTG_004,112
CCAAAGTCCCCCGGAAGCTG_005,55
CCAAAGTCCCCCGGAAGCTG_006,88
AGACAAGCGCCTCAGCAAAG_001,18
AGACAAGCGCCTCAGCAAAG_002,161
AGACAAGCGCCTCAGCAAAG_003,102
AGACAAGCGCCTCAGCAAAG_004,160
GACGTTAGCAAAATCATTAG_001,118
GCGTTGAGGATGGCGTCCAG_001,115
GCGTTGAGGATGGCGTCCAG_002,63
GCGTTGAGGATGGCGTCCAG_003,120
GCGTTGAGGATGGCGTCCAG_004,12
GCGTTGAGGATGGCGTCCAG_005,147
GCGTTGAGGATGGCGTCCAG_006,25
GCGTTGAGGATGGCGTCCAG_007,166
GCGTTGAGGATGGCGTCCAG_008,84
GCGTTGAGGATGGCGTCCAG_009,25
GCGTTGAGGATGGCGTCCAG_010,58
GCGTTGAGGATGGCGTCCAG_011,0
GCGTTGAGGATGGCGTCCAG_012,27
GCGTTGAGGATGGCGTCCAG_013,81
GCGTTGAGGATGGCGTCCAG_014,19
GCGTTGAGGATGGCGTCCAG_015,118
GCGTTGAGGATGGCGTCCAG_016,99
GCGTTGAGGATGGCGTCCAG_017,106
GCGTTGAGGATGGCGTCCAG_018,10
GCGTTGAGGATGGCGTCCAG_019,4
GCGTTGAGGATGGCGTCCAG_020,174
GCTGGCATACTGACCCAGTG_001,78
GCTGGCATACTGACCCAGTG_002,9
GCTGGCATACTGACCCAGTG_003,14
GCTGGCATACTGACCCAGTG_004,38
CCGCTCACCCCTATCAGGAA_001,78
CCGCTCACCCCTATCAGGAA_002,198
CCGCTCACCCCTATCAGGAA_003,157
CCGCTCACCCCTATCAGGAA_004,9
CCGCTCACCCCTATCAGGAA_005,17
CCGCTCACCCCTATCAGGAA_006,7
CCGCTCACCCCTATCAGGAA_007,146
CCGCTCACCCCTATCAGGAA_008,184
CCGCTCACCCCTATCAGGAA_009,104
CCGCTCACCCCTATCAGGAA_010,3
CCTGAACTACCAAATAGCTG_001,115
CCTGAACTACCAAATAGCTG_002,91
CCTGAACTACCAAATAGCTG_003,53
CCTGAACTACCAAATAGCTG_004,104
CCTGAACTACCAAATAGCTG_005,67
CCTGAACTACCAAATAGCTG_006,157
CCTGAACTACCAAATAGCTG_007,99
CCTGAACTACCAAATAGCTG_008,113
CCTGAACTACCAAATAGCTG_009,199
CCTGAACTACCAAATAGCTG_010,174
CCTGAACTACCAAATAGCTG_011,165
CCTGAACTACCAAATAGCTG_012,91
CCTGAACTACCAAATAGCTG_013,102
AGAGGACCTCAACATCCGAG_001,78
AGAGGACCTCAACATCCGAG_002,184
AGAGGACCTCAACATCCGAG_003,175
AGAGGACCTCAACATCCGAG_004,190
AGAGGACCTCAACATCCGAG_005,61
AGAGGACCTCAACATCCGAG_006,90
AGAGGACCTCAACATCCGAG_007,63
AGAGGACCTCAACATCCGAG_008,126
AGAGGACCTCAACATCCGAG_009,180
AGAGGACCTCAACATCCGAG_010,145
GACCCCTGGATGCAGGATTG_001,114
GACCCCTGGATGCAGGATTG_002,191
GACCCCTGGATGCAGGATTG_003,175
GACCCCTGGATGCAGGATTG_004,33
GACCCCTGGATGCAGGATTG_005,33
GACCCCTGGATGCAGGATTG_006,146
GACCCCTGGATGCAGGATTG_007,149
GACCCCTGGATGCAGGATTG_008,70
GACCCCTGGATGCAGGATTG_009,93
GACCCCTGGATGCAGGATTG_010,98
GACCCCTGGATGCAGGATTG_011,174
AACAGTGATTAACAAGCTGA_001,14
AACAGTGATTAACAAGCTGA_002,10
AACAGTGATTAACAAGCTGA_003,152
AACAGTGATTAACAAGCTGA_004,76
AACAGTGATTAACAAGCTGA_005,169
AACAGTGATTAACAAGCTGA_006,179
AACAGTGATTAACAAGCTGA_007,175
AACAGTGATTAACAAGCTGA_008,27
AACAGTGATTAACAAGCTGA_009,80
TTCCGATAGTGTTGAAACCA_001,105
TTCCGATAGTGTTGAAACCA_002,94
AGCCTCTTGCTGACGTCCTG_001,58
AGCCTCTTGCTGACGTCCTG_002,32
AGCCTCTTGCTGACGTCCTG_003,98
AGCCTCTTGCTGACGTCCTG_004,49
AGCCTCTTGCTGACGTCCTG_005,118
AGCCTCTTGCTGACGTCCTG_006,81
AGCCTCTTGCTGACGTCCTG_007,108
TTTTGACTCTAATCACCGGT_001,166
TTTTGACTCTAATCACCGGT_002,62
TTTTGACTCTAATCACCGGT_003,58
TTTTGACTCTAATCACCGGT_004,147
TTTTGACTCTAATCACCGGT_005,199
TTTTGACTCTAATCACCGGT_006,198
TTTTGACTCTAATCACCGGT_007,114
TTTTGACTCTAATCACCGGT_008,2
TTTTGACTCTAATCACCGGT_009,61
TTTTGACTCTAATCACCGGT_010,74
TTTTGACTCTAATCACCGGT_011,9
AGCCCGAGAAGAGCGCTGGT_001,102
AGCCCGAGAAGAGCGCTGGT_002,102
AGCCCGAGAAGAGCGCTGGT_003,58
AGCCCGAGAAGAGCGCTGGT_004,5
AGCCCGAGAAGAGCGCTGGT_005,168
AGCCCGAGAAGAGCGCTGGT_006,137
AGCCCGAGAAGAGCGCTGGT_007,122
AGCCCGAGAAGAGCGCTGGT_008,171
AGCCCGAGAAGAGCGCTGGT_009,49
AGCCCGAGAAGAGCGCTGGT_010,6
AGCCCGAGAAGAGCGCTGGT_011,47
AGCCCGAGAAGAGCGCTGGT_012,44
AGCCCGAGAAGAGCGCTGGT_013,188
AGCCCGAGAAGAGCGCTGGT_014,127
AGCCCGAGAAGAGCGCTGGT_015,108
AGCCCGAGAAGAGCGCTGGT_016,78
AGCCCGAGAAGAGCGCTGGT_017,105
AGCCCGAGAAGAGCGCTGGT_018,197
AGCCCGAGAAGAGCGCTGGT_019,3
AGCCCGAGAAGAGCGCTGGT_020,62
AGCCCGAGAAGAGCGCTGGT_021,11
AGCCCGAGAAGAGCGCTGGT_022,3
AGCCCGAGAAGAGCGCTGGT_023,137
AGCCCGAGAAGAGCGCTGGT_024,37
AGCCCGAGAAGAGCGCTGGT_025,178
AGCCCGAGAAGAGCGCTGGT_026,15
AGCCCGAGAAGAGCGCTGGT_027,24
AGCCCGAGAAGAGCGCTGGT_028,42
AGCCCGAGAAGAGCGCTGGT_029,63
ACTCACAAACAACATTGCTG_001,35
ACTCACAAACAACATTGCTG_002,2
ACTCACAAACAACATTGCTG_003,53
ACTCACAAACAACATTGCTG_004,36
ACTCACAAACAACATTGCTG_005,76
ACTCACAAACAACATTGCTG_006,145
ACTCACAAACAACATTGCTG_007,43
ACTCACAAACAACATTGCTG_008,156
ACTCACAAACAACATTGCTG_009,160
ACTCACAAACAACATTGCTG_010,175
ACTCACAAACAACATTGCTG_011,146
ACTCACAAACAACATTGCTG_012,130
ACTCACAAACAACATTGCTG_013,160
ACTCACAAACAACATTGCTG_014,0
ACTCACAAACAACATTGCTG_015,70
ACCCAGACGCAAGACAGTAA_001,88
ACCCAGACGCAAGACAGTAA_002,103
ACCCAGACGCAAGACAGTAA_003,158
ACCCAGACGCAAGACAGTAA_004,103
ACCCAGACGCAAGACAGTAA_005,171
ACCCAGACGCAAGACAGTAA_006,163
ACCCAGACGCAAGACAGTAA_007,39
ACCCAGACGCAAGACAGTAA_008,188
ACCCAGACGCAAGACAGTAA_009,52
ACCCAGACGCAAGACAGTAA_010,77
ACCCAGACGCAAGACAGTAA_011,5
CCTAGGCTTGCTAAAAGAAG_001,108
CCTAGGCTTGCTAAAAGAAG_002,47
CCTAGGCTTGCTAAAAGAAG_003,48
CCTAGGCTTGCTAAAAGAAG_004,70
GCATTAAGGACCTTCCTGCG_001,191
GCATTAAGGACCTTCCTGCG_002,146
GGCGCTTAGAGAATTGAGAG_001,96
GGCGCTTAGAGAATTGAGAG_002,145
GGCGCTTAGAGAATTGAGAG_003,190
GGCGCTTAGAGAATTGAGAG_004,58
GGCGCTTAGAGAATTGAGAG_005,199
GGCGCTTAGAGAATTGAGAG_006,105
GGCGCTTAGAGAATTGAGAG_007,151
GGCGCTTAGAGAATTGAGAG_008,40
GGCGCTTAGAGAATTGAGAG_009,40
GGCGCTTAGAGAATTGAGAG_010,81
GGCGCTTAGAGAATTGAGAG_011,29
GGCGCTTAGAGAATTGAGAG_012,58
TCATAGCCAATGCCATCCGA_001,196
TCATAGCCAATGCCATCCGA_002,61
TCATAGCCAATGCCATCCGA_003,115
TCATAGCCAATGCCATCCGA_004,116
TCTTATCCTGCCAGTCGGTG_001,41
TCTTATCCTGCCAGTCGGTG_002,19
TCTTATCCTGCCAGTCGGTG_003,127
TCTTATCCTGCCAGTCGGTG_004,86
TCTTATCCTGCCAGTCGGTG_005,68
TCTTATCCTGCCAGTCGGTG_006,101
TCTTATCCTGCCAGTCGGTG_007,122
TCTTATCCTGCCAGTCGGTG_008,190
TCTTATCCTGCCAGTCGGTG_009,105
TCTTATCCTGCCAGTCGGTG_010,66
TCTTATCCTGCCAGTCGGTG_011,195
TCTTATCCTGCCAGTCGGTG_012,118
TCTTATCCTGCCAGTCGGTG_013,34
TCTTATCCTGCCAGTCGGTG_014,148
TCTTATCCTGCCAGTCGGTG_015,119
TCTTATCCTGCCAGTCGGTG_016,98
CTTGAAAGCCTGGTAAGTGT_001,157
CTTGAAAGCCTGGTAAGTGT_002,142
CCTTCATCAGCACTCCCAGA_001,197
CCTTCATCAGCACTCCCAGA_002,50
CCTTCATCAGCACTCCCAGA_003,122
CTTGCATTAGCACTAATCCA_001,15
CTTGCATTAGCACTAATCCA_002,34
CTTGCATTAGCACTAATCCA_003,8
CTTGCATTAGCACTAATCCA_004,40
CTTGCATTAGCACTAATCCA_005,89
CTTGCATTAGCACTAATCCA_006,70
CTTGCATTAGCACTAATCCA_007,127
CTTGCATTAGCACTAATCCA_008,12
CTTGCATTAGCACTAATCCA_009,146
CTTGCATTAGCACTAATCCA_010,141
CTTGCATTAGCACTAATCCA_011,73
CTTGCATTAGCACTAATCCA_012,88
CTTGCATTAGCACTAATCCA_013,168
CTTGCATTAGCACTAATCCA_014,149
CTTGCATTAGCACTAATCCA_015,115
ATGGCTTCAAGTATTCCTCA_001,1
ATGGCTTCAAGTATTCCTCA_002,45
ATGGCTTCAAGTATTCCTCA_003,41
ATGGCTTCAAGTATTCCTCA_004,91
ATGGCTTCAAGTATTCCTCA_005,162
ATGGCTTCAAGTATTCCTCA_006,166
GGCTGCATGCGGATGCCGTG_001,107
GGCTGCATGCGGATGCCGTG_002,38
GGCTGCATGCGGATGCCGTG_003,72
GGCTGCATGCGGATGCCGTG_004,116
GGCTGCATGCGGATGCCGTG_005,25
GGCTGCATGCGGATGCCGTG_006,24
GGCTGCATGCGGATGCCGTG_007,69
GGCTGCATGCGGATGCCGTG_008,177
GGCTGCATGCGGATGCCGTG_009,130
GGCTGCATGCGGATGCCGTG_010,66
GGCTGCATGCGGATGCCGTG_011,60
GGCTGCATGCGGATGCCGTG_012,48
CTTACTCCTGTTATGTAACG_001,80
CTTACTCCTGTTATGTAACG_002,178
CTTACTCCTGTTATGTAACG_003,92
CTTACTCCTGTTATGTAACG_004,28
CTTACTCCTGTTATGTAACG_005,164
ACGGAACTTAACGAACCCTG_001,94
ACGGAACTTAACGAACCCTG_002,144
ACGGAACTTAACGAACCCTG_003,100
ACGGAACTTAACGAACCCTG_004,135
ACGGAACTTAACGAACCCTG_005,185
ACGGAACTTAACGAACCCTG_006,145
ACGGAACTTAACGAACCCTG_007,83
ACGGAACTTAACGAACCCTG_008,128
ACGGAACTTAACGAACCCTG_009,25
ACGGAACTTAACGAACCCTG_010,124
ACGGAACTTAACGAACCCTG_011,33
ACGGAACTTAACGAACCCTG_012,162
ACGGAACTTAACGAACCCTG_013,138
GGAGCCGGTCATTCTCATCA_001,6
ATCGACCATAACACAGCACG_001,117
ATCGACCATAACACAGCACG_002,77
ATCGACCATAACACAGCACG_003,153
ATCGACCATAACACAGCACG_004,31
CAGGCAGACTTTGTGCGCCG_001,41
CAGGCAGACTTTGTGCGCCG_002,94
CAGGCAGACTTTGTGCGCCG_003,78
CAGGCAGACTTTGTGCGCCG_004,129
CAGGCAGACTTTGTGCGCCG_005,92
CAGGCAGACTTTGTGCGCCG_006,159
CAGGCAGACTTTGTGCGCCG_007,169
GGGCTGACACTAGCAGACAC_001,191
GGGCTGACACTAGCAGACAC_002,113
GGGCTGACACTAGCAGACAC_003,197
GGGCTGACACTAGCAGACAC_004,12
GGGCTGACACTAGCAGACAC_005,117
GGGCTGACACTAGCAGACAC_006,145
GGGCTGACACTAGCAGACAC_007,48
AGGGCGAGGCCGTGGCAGAA_001,98
AGGGCGAGGCCGTGGCAGAA_002,129
AGGGCGAGGCCGTGGCAGAA_003,191
AGGGCGAGGCCGTGGCAGAA_004,117
AGGGCGAGGCCGTGGCAGAA_005,21
AGGGCGAGGCCGTGGCAGAA_006,12
AGGGCGAGGCCGTGGCAGAA_007,52
AGGGCGAGGCCGTGGCAGAA_008,115
AGGGCGAGGCCGTGGCAGAA_009,34
AGGGCGAGGCCGTGGCAGAA_010,166
CTTGCCGGATCACAAACTTG_001,162
CTTGCCGGATCACAAACTTG_002,84
ACCTGCGTTCCGGTTCCACG_001,170
ACCTGCGTTCCGGTTCCACG_002,41
ACCTGCGTTCCGGTTCCACG_003,185
CGCACAGGTCACACCAGCCG_001,20
CGCACAGGTCACACCAGCCG_002,9
CGCACAGGTCACACCAGCCG_003,49
CGCACAGGTCACACCAGCCG_004,40
CGCACAGGTCACACCAGCCG_005,14
CGCACAGGTCACACCAGCCG_006,197
CGCACAGGTCACACCAGCCG_007,176
CGCACAGGTCACACCAGCCG_008,108
CGCACAGGTCACACCAGCCG_009,178
CGCACAGGTCACACCAGCCG_010,161
TCCCCAGAGCATCATCCGTG_001,15
TCCCCAGAGCATCATCCGTG_002,96
TCCCCAGAGCATCATCCGTG_003,83
GTTAACTGGTACCCACCGGG_001,115
GTTAACTGGTACCCACCGGG_002,80
GTTAACTGGTACCCACCGGG_003,14
GTTAACTGGTACCCACCGGG_004,113
GTTAACTGGTACCCACCGGG_005,129
GTTAACTGGTACCCACCGGG_006,186
GTTAACTGGTACCCACCGGG_007,83
GTTAACTGGTACCCACCGGG_008,30
GCCAGACAGTTTGAGCAAGG_001,161
GCCAGACAGTTTGAGCAAGG_002,62
GCCAGACAGTTTGAGCAAGG_003,45
GCCAGACAGTTTGAGCAAGG_004,120
GCCAGACAGTTTGAGCAAGG_005,12
GCCAGACAGTTTGAGCAAGG_006,150
GCCAGACAGTTTGAGCAAGG_007,153
GCCAGACAGTTTGAGCAAGG_008,105
GCCAGACAGTTTGAGCAAGG_009,4
TTTAGCCATTCATTAGCATG_001,78
TTTAGCCATTCATTAGCATG_002,29
TTTAGCCATTCATTAGCATG_003,156
TTTAGCCATTCATTAGCATG_004,53
TTTAGCCATTCATTAGCATG_005,52
TTTAGCCATTCATTAGCATG_006,43
TTTAGCCATTCATTAGCATG_007,70
GGACCGATGACATTACAAGC_001,88
GGACCGATGACATTACAAGC_002,116
GGACCGATGACATTACAAGC_003,199
GGTTCAGAGCCTGTATACAT_001,56
GGTTCAGAGCCTGTATACAT_002,188
GGTTCAGAGCCTGTATACAT_003,120
GGTTCAGAGCCTGTATACAT_004,2
GGTTCAGAGCCTGTATACAT_005,199
GGTTCAGAGCCTGTATACAT_006,143
GGTTCAGAGCCTGTATACAT_007,143
GGTTCAGAGCCTGTATACAT_008,178
GGTTCAGAGCCTGTATACAT_009,117
GGTTCAGAGCCTGTATACAT_010,98
CACTCACCTATTAGAAAACG_001,9
CTGGATGCAGAGAAGGCCCA_001,127
CTGGATGCAGAGAAGGCCCA_002,53
CTGGATGCAGAGAAGGCCCA_003,197
CTGGATGCAGAGAAGGCCCA_004,5
CTGGATGCAGAGAAGGCCCA_005,115
CTGGATGCAGAGAAGGCCCA_006,70
CTGGATGCAGAGAAGGCCCA_007,4
CTGGATGCAGAGAAGGCCCA_008,37
CTGGATGCAGAGAAGGCCCA_009,28
CTGGATGCAGAGAAGGCCCA_010,186
CTGGATGCAGAGAAGGCCCA_011,2
CTGGATGCAGAGAAGGCCCA_012,62
CTGGATGCAGAGAAGGCCCA_013,0
TTTAGGATACCATGGCCAAG_001,133
TTTAGGATACCATGGCCAAG_002,191
GGACATAGGAGATAAAGACC_001,52
GGACATAGGAGATAAAGACC_002,8
AAATACCTTCAATGCTCTGG_001,102
AAATACCTTCAATGCTCTGG_002,187
AAATACCTTCAATGCTCTGG_003,82
AAATACCTTCAATGCTCTGG_004,69
AAATACCTTCAATGCTCTGG_005,60
CAGCAGTCTCCAGTTAAGAA_001,188
CAGCAGTCTCCAGTTAAGAA_002,106
CAGCAGTCTCCAGTTAAGAA_003,68
CAGCAGTCTCCAGTTAAGAA_004,68
CAGCAGTCTCCAGTTAAGAA_005,44
CAGCAGTCTCCAGTTAAGAA_006,68
CAGCAGTCTCCAGTTAAGAA_007,14
CAGCAGTCTCCAGTTAAGAA_008,131
CAGCAGTCTCCAGTTAAGAA_009,134
CAGCAGTCTCCAGTTAAGAA_010,42
CAGCTGGAATCATTTCGCAG_001,30
CAGCTGGAATCATTTCGCAG_002,96
CAGCTGGAATCATTTCGCAG_003,130
GGCCATTCACAACTTCGTGG_001,184
GGCCATTCACAACTTCGTGG_002,81
GGCCATTCACAACTTCGTGG_003,78
GGCCATTCACAACTTCGTGG_004,12
GGCCATTCACAACTTCGTGG_005,127
GGCCATTCACAACTTCGTGG_006,40
GGCCATTCACAACTTCGTGG_007,127
GGCCATTCACAACTTCGTGG_008,70
GGCCATTCACAACTTCGTGG_009,127
GGCCATTCACAACTTCGTGG_010,25
GGCCATTCACAACTTCGTGG_011,70
GGCCATTCACAACTTCGTGG_012,145
GGCCATTCACAACTTCGTGG_013,102
GGCCATTCACAACTTCGTGG_014,72
ACAAACCTGGGGTAATCTGG_001,36
CCCTGACAAAAATAAGAGCC_001,149
CCCTGACAAAAATAAGAGCC_002,31
TGACACCCGATCCCTGAACG_001,157
TGACACCCGATCCCTGAACG_002,160
TGACACCCGATCCCTGAACG_003,174
TGACACCCGATCCCTGAACG_004,178
TGACACCCGATCCCTGAACG_005,178
TGACACCCGATCCCTGAACG_006,162
TGACACCCGATCCCTGAACG_007,58
TGACACCCGATCCCTGAACG_008,193
TGACACCCGATCCCTGAACG_009,122
TGACACCCGATCCCTGAACG_010,30
TGACACCCGATCCCTGAACG_011,58
AACTGGACCAAATTAGACAG_001,198
AACTGGACCAAATTAGACAG_002,105
AACTGGACCAAATTAGACAG_003,134
AACTGGACCAAATTAGACAG_004,180
CAGGCTGCCATCAATTCGGG_001,2
CAGGCTGCCATCAATTCGGG_002,98
CAGGCTGCCATCAATTCGGG_003,44
CAGGCTGCCATCAATTCGGG_004,15
CAGGCTGCCATCAATTCGGG_005,116
CAGGCTGCCATCAATTCGGG_006,116
CAGGCTGCCATCAATTCGGG_007,50
CAGGCTGCCATCAATTCGGG_008,77
CAGGCTGCCATCAATTCGGG_009,88
CAGGCTGCCATCAATTCGGG_010,68
CAGGCTGCCATCAATTCGGG_011,144
CAGGCTGCCATCAATTCGGG_012,36
CAGGCTGCCATCAATTCGGG_013,69
CAGGCTGCCATCAATTCGGG_014,9
CAGGCTGCCATCAATTCGGG_015,181
CAGGCTGCCATCAATTCGGG_016,92
CAGGCTGCCATCAATTCGGG_017,118
CACGATGAGCCGCCCGTCGG_001,187
CACGATGAGCCGCCCGTCGG_002,47
CACGATGAGCCGCCCGTCGG_003,157
CACGATGAGCCGCCCGTCGG_004,100
CACGATGAGCCGCCCGTCGG_005,100
CACGATGAGCCGCCCGTCGG_006,161
CACGATGAGCCGCCCGTCGG_007,89
CAGTTCAAAGTCGAAGTCCG_001,196
CAGTTCAAAGTCGAAGTCCG_002,151
CAGTTCAAAGTCGAAGTCCG_003,142
CAGTTCAAAGTCGAAGTCCG_004,171
CAGTTCAAAGTCGAAGTCCG_005,117
CAGTTCAAAGTCGAAGTCCG_006,101
CAGTTCAAAGTCGAAGTCCG_007,50
CAGTTCAAAGTCGAAGTCCG_008,42
CAGTTCAAAGTCGAAGTCCG_009,160
CAGTTCAAAGTCGAAGTCCG_010,97
CAGTTCAAAGTCGAAGTCCG_011,161
CAGTTCAAAGTCGAAGTCCG_012,39
CAGTTCAAAGTCGAAGTCCG_013,40
CAGTTCAAAGTCGAAGTCCG_014,179
CAGTTCAAAGTCGAAGTCCG_015,126
CAGTTCAAAGTCGAAGTCCG_016,128
CCACGTGCGAGTGCACACGA_001,139
CCACGTGCGAGTGCACACGA_002,69
CCACGTGCGAGTGCACACGA_003,16
CCACGTGCGAGTGCACACGA_004,42
CCACGTGCGAGTGCACACGA_005,92
CCACGTGCGAGTGCACACGA_006,199
CCACGTGCGAGTGCACACGA_007,37
CCACGTGCGAGTGCACACGA_008,160
CCACGTGCGAGTGCACACGA_009,144
CCACGTGCGAGTGCACACGA_010,63
CCACGTGCGAGTGCACACGA_011,124
CCACGTGCGAGTGCACACGA_012,124
CCACGTGCGAGTGCACACGA_013,197
CCAGAAACTGATGCGCCACA_001,70
CCAGAAACTGATGCGCCACA_002,78
CCAGAAACTGATGCGCCACA_003,166
TTCCTGGAGTGACTCAGCCT_001,19
TTCCTGGAGTGACTCAGCCT_002,160
TTCCTGGAGTGACTCAGCCT_003,58
TTCCTGGAGTGACTCAGCCT_004,144
TTCCTGGAGTGACTCAGCCT_005,151
TTCCTGGAGTGACTCAGCCT_006,60
TTCCTGGAGTGACTCAGCCT_007,23
TTCCTGGAGTGACTCAGCCT_008,192
TTCCTGGAGTGACTCAGCCT_009,121
TTCCTGGAGTGACTCAGCCT_010,61
TTCCTGGAGTGACTCAGCCT_011,55
GACATGATGTTAACTCAACA_001,171
GACATGATGTTAACTCAACA_002,102
GACATGATGTTAACTCAACA_003,96
GACATGATGTTAACTCAACA_004,8
GACATGATGTTAACTCAACA_005,5
GACATGATGTTAACTCAACA_006,145
GACATGATGTTAACTCAACA_007,25
GACATGATGTTAACTCAACA_008,83
GACATGATGTTAACTCAACA_009,61
GACATGATGTTAACTCAACA_010,61
GACATGATGTTAACTCAACA_011,98
GACATGATGTTAACTCAACA_012,66
GACATGATGTTAACTCAACA_013,62
TGACGCGAATATTAAAACCA_001,182
TGACGCGAATATTAAAACCA_002,88
GGAGCCGGTAGTACCGGCGA_001,29
GGAGCCGGTAGTACCGGCGA_002,76
GGAGCCGGTAGTACCGGCGA_003,67
GGAGCCGGTAGTACCGGCGA_004,85
GGAGCCGGTAGTACCGGCGA_005,140
GGAGCCGGTAGTACCGGCGA_006,60
GGAGCCGGTAGTACCGGCGA_007,17
GGAGCCGGTAGTACCGGCGA_008,65
GGAGCCGGTAGTACCGGCGA_009,43
GGAGCCGGTAGTACCGGCGA_010,94
GGAGCCGGTAGTACCGGCGA_011,52
ACTATTGCACCACGCCCGGG_001,39
ACTATTGCACCACGCCCGGG_002,147
ACTATTGCACCACGCCCGGG_003,85
ACTATTGCACCACGCCCGGG_004,52
ACTATTGCACCACGCCCGGG_005,150
ACTATTGCACCACGCCCGGG_006,170
ACTATTGCACCACGCCCGGG_007,150
ACTATTGCACCACGCCCGGG_008,169
ACTATTGCACCACGCCCGGG_009,148
ACTATTGCACCACGCCCGGG_010,197
ACTATTGCACCACGCCCGGG_011,153
ACTATTGCACCACGCCCGGG_012,28
ACTATTGCACCACGCCCGGG_013,178
ACTATTGCACCACGCCCGGG_014,90
ACTATTGCACCACGCCCGGG_015,18
ACTATTGCACCACGCCCGGG_016,37
ACTATTGCACCACGCCCGGG_017,189
ACTATTGCACCACGCCCGGG_018,189
CTTTGTGGCTACGACTACGA_001,129
CTTTGTGGCTACGACTACGA_002,41
CTTTGTGGCTACGACTACGA_003,40
CTTTGTGGCTACGACTACGA_004,103
CTTTGTGGCTACGACTACGA_005,109
CTTTGTGGCTACGACTACGA_006,109
CTTTGTGGCTACGACTACGA_007,21
CTTTGTGGCTACGACTACGA_008,92
CTTTGTGGCTACGACTACGA_009,58
CTTTGTGGCTACGACTACGA_010,168
CAATTAAGAACTGCCAACCA_001,70
CAATTAAGAACTGCCAACCA_002,150
CAATTAAGAACTGCCAACCA_003,88
CAATTAAGAACTGCCAACCA_004,2
CTCAGCGCGATGCCTACTTG_001,72
CTCAGCGCGATGCCTACTTG_002,72
CTCAGCGCGATGCCTACTTG_003,62
CTCAGCGCGATGCCTACTTG_004,163
CTCAGCGCGATGCCTACTTG_005,52
CTCAGCGCGATGCCTACTTG_006,21
CTCAGCGCGATGCCTACTTG_007,20
CTCAGCGCGATGCCTACTTG_008,186
CTCAGCGCGATGCCTACTTG_009,19
CTCAGCGCGATGCCTACTTG_010,116
CTCAGCGCGATGCCTACTTG_011,192
CTCAGCGCGATGCCTACTTG_012,12
CTCAGCGCGATGCCTACTTG_013,144
CTCAGCGCGATGCCTACTTG_014,70
CTCAGCGCGATGCCTACTTG_015,137
CTCAGCGCGATGCCTACTTG_016,75
CTCAGCGCGATGCCTACTTG_017,155
CTCAGCGCGATGCCTACTTG_018,15
CTCAGCGCGATGCCTACTTG_019,119
CTCAGCGCGATGCCTACTTG_020,168
CTCAGCGCGATGCCTACTTG_021,126
GCACTTTAAAAGGCCATCGG_001,176
GCACTTTAAAAGGCCATCGG_002,130
GCACTTTAAAAGGCCATCGG_003,116
GCACTTTAAAAGGCCATCGG_004,169
GCACTTTAAAAGGCCATCGG_005,41
GCACTTTAAAAGGCCATCGG_006,169
GCACTTTAAAAGGCCATCGG_007,28
GCACTTTAAAAGGCCATCGG_008,140
GCACTTTAAAAGGCCATCGG_009,170
GCACTTTAAAAGGCCATCGG_010,183
GCACTTTAAAAGGCCATCGG_011,180
GCGGAACCAATCCTACCGGG_001,86
GCGGAACCAATCCTACCGGG_002,72
GCCTGAAACAGCATACCAGG_001,153
GCCTGAAACAGCATACCAGG_002,7
GCCTGAAACAGCATACCAGG_003,194
GCCTGAAACAGCATACCAGG_004,181
GCCTGAAACAGCATACCAGG_005,105
GCCTGAAACAGCATACCAGG_006,163
GCCTGAAACAGCATACCAGG_007,15
GCCTGAAACAGCATACCAGG_008,7
GCCTGAAACAGCATACCAGG_009,75
GCCTGAAACAGCATACCAGG_010,192
GCCTGAAACAGCATACCAGG_011,194
TGAAATTGTATTCTGATGCC_001,42
TGAAATTGTATTCTGATGCC_002,69
TGAAATTGTATTCTGATGCC_003,105
TGAAATTGTATTCTGATGCC_004,188
TGAAATTGTATTCTGATGCC_005,188
AGCGCGCAAAGGCGCCGACG_001,94
AGCGCGCAAAGGCGCCGACG_002,17
AGCGCGCAAAGGCGCCGACG_003,17
AGCGCGCAAAGGCGCCGACG_004,127
AGCGCGCAAAGGCGCCGACG_005,169
AGCGCGCAAAGGCGCCGACG_006,28
AGCGCGCAAAGGCGCCGACG_007,148
AGCGCGCAAAGGCGCCGACG_008,30
AGCGCGCAAAGGCGCCGACG_009,85
AGCGCGCAAAGGCGCCGACG_010,191
AGCGCGCAAAGGCGCCGACG_011,142
AGCGCGCAAAGGCGCCGACG_012,77
AGCGCGCAAAGGCGCCGACG_013,75
TGACTTCAAAGTCCTACCCC_001,105
TGACTTCAAAGTCCTACCCC_002,188
TGACTTCAAAGTCCTACCCC_003,144
TGACTTCAAAGTCCTACCCC_004,92
TGACTTCAAAGTCCTACCCC_005,194
TGACTTCAAAGTCCTACCCC_006,149
TGACTTCAAAGTCCTACCCC_007,78
TCTCCTGTAAGCAACATCTG_001,184
TGTGTACACAGTCGCTTACG_001,141
TGTGTACACAGTCGCTTACG_002,139
TGTGTACACAGTCGCTTACG_003,147
TGTGTACACAGTCGCTTACG_004,177
TGTGTACACAGTCGCTTACG_005,108
AATGTCACCATCGCCCAGGT_001,70
AATGTCACCATCGCCCAGGT_002,171
AATGTCACCATCGCCCAGGT_003,183
AATGTCACCATCGCCCAGGT_004,78
AATGTCACCATCGCCCAGGT_005,10
AATGTCACCATCGCCCAGGT_006,8
TTCTGCCATTAACTCTAGTG_001,116
TTCTGCCATTAACTCTAGTG_002,137
TTCTGCCATTAACTCTAGTG_003,40
GGTGGACAAGTACCCTAAGG_001,5
GGTGGACAAGTACCCTAAGG_002,46
GGTGGACAAGTACCCTAAGG_003,41
GGTGGACAAGTACCCTAAGG_004,87
AAGCCCTGGAATGTCCCCTA_001,41
AAGCCCTGGAATGTCCCCTA_002,198
AAGCCCTGGAATGTCCCCTA_003,33
AAGCCCTGGAATGTCCCCTA_004,1
AAGCCCTGGAATGTCCCCTA_005,17
AAGCCCTGGAATGTCCCCTA_006,188
AAGCCCTGGAATGTCCCCTA_007,67
AAGCCCTGGAATGTCCCCTA_008,176
GGCTGAGGGGGCAGTCCAGT_001,119
GGCTGAGGGGGCAGTCCAGT_002,84
GGCTGAGGGGGCAGTCCAGT_003,83
GGCTGAGGGGGCAGTCCAGT_004,157
GGCTGAGGGGGCAGTCCAGT_005,53
GGCTGAGGGGGCAGTCCAGT_006,126
GGCTGAGGGGGCAGTCCAGT_007,197
GGCTGAGGGGGCAGTCCAGT_008,41
GGCTGAGGGGGCAGTCCAGT_009,26
GGCTGAGGGGGCAGTCCAGT_010,43
GGCTGAGGGGGCAGTCCAGT_011,61
GGCTGAGGGGGCAGTCCAGT_012,176
GGCTGAGGGGGCAGTCCAGT_013,122
GGCTGAGGGGGCAGTCCAGT_014,188
GGCTGAGGGGGCAGTCCAGT_015,122
GGCTGAGGGGGCAGTCCAGT_016,78
GGCTGAGGGGGCAGTCCAGT_017,188
GGCTGAGGGGGCAGTCCAGT_018,10
GGCTGAGGGGGCAGTCCAGT_019,60
GGCTGAGGGGGCAGTCCAGT_020,60
TGAACAGAGGAAGTACACAT_001,12
TGAACAGAGGAAGTACACAT_002,1
TGAACAGAGGAAGTACACAT_003,65
AGTTTGTGAAGGAACACCAA_001,51
AGTTTGTGAAGGAACACCAA_002,112
AGTTTGTGAAGGAACACCAA_003,181
AGTTTGTGAAGGAACACCAA_004,171
AGTTTGTGAAGGAACACCAA_005,42
AGTTTGTGAAGGAACACCAA_006,34
AGTTTGTGAAGGAACACCAA_007,174
AGTTTGTGAAGGAACACCAA_008,174
AGTTTGTGAAGGAACACCAA_009,160
AGTTTGTGAAGGAACACCAA_010,43
AGTTTGTGAAGGAACACCAA_011,92
AGTTTGTGAAGGAACACCAA_012,92
AGTTTGTGAAGGAACACCAA_013,62
AGTTTGTGAAGGAACACCAA_014,105
AGTTTGTGAAGGAACACCAA_015,7
AGTTTGTGAAGGAACACCAA_016,7
AGTTTGTGAAGGAACACCAA_017,188
AGTTTGTGAAGGAACACCAA_018,12
AGTTTGTGAAGGAACACCAA_019,113
AGTTTGTGAAGGAACACCAA_020,0
AGTTTGTGAAGGAACACCAA_021,138
AATCTGCTCGAGATTCGCAA_001,130
AATCTGCTCGAGATTCGCAA_002,168
AATCTGCTCGAGATTCGCAA_003,93
AATCTGCTCGAGATTCGCAA_004,144
AATCTGCTCGAGATTCGCAA_005,25
AATCTGCTCGAGATTCGCAA_006,190
AATCTGCTCGAGATTCGCAA_007,174
AATCTGCTCGAGATTCGCAA_008,188
AATCTGCTCGAGATTCGCAA_009,168
AATCTGCTCGAGATTCGCAA_010,159
AATCTGCTCGAGATTCGCAA_011,137
AATCTGCTCGAGATTCGCAA_012,6
AATCTGCTCGAGATTCGCAA_013,14
AATCTGCTCGAGATTCGCAA_014,9
AATCTGCTCGAGATTCGCAA_015,195
AATCTGCTCGAGATTCGCAA_016,129
AATCTGCTCGAGATTCGCAA_017,101
AGACTTCACGCTGCTAACAA_001,42
AGACTTCACGCTGCTAACAA_002,127
AGACTTCACGCTGCTAACAA_003,108
AGACTTCACGCTGCTAACAA_004,126
AGACTTCACGCTGCTAACAA_005,134
AGACTTCACGCTGCTAACAA_006,169
AGACTTCACGCTGCTAACAA_007,140
AGACTTCACGCTGCTAACAA_008,141
AGACTTCACGCTGCTAACAA_009,31
AGACTTCACGCTGCTAACAA_010,16
AGACTTCACGCTGCTAACAA_011,154
AGACTTCACGCTGCTAACAA_012,142
AGACTTCACGCTGCTAACAA_013,67
AGACTTCACGCTGCTAACAA_014,158
AGACTTCACGCTGCTAACAA_015,42
GCAGCCAATGAGCAAAACGC_001,154
GCAGCCAATGAGCAAAACGC_002,50
GCAGCCAATGAGCAAAACGC_003,88
GCAGCCAATGAGCAAAACGC_004,121
GCAGCCAATGAGCAAAACGC_005,133
GCAGCCAATGAGCAAAACGC_006,113
GCAGCCAATGAGCAAAACGC_007,198
GCAGCCAATGAGCAAAACGC_008,158
GCAGCCAATGAGCAAAACGC_009,9
GCAGCCAATGAGCAAAACGC_010,144
ACAGCCACAGTCCGGCACGT_001,171
ACAGCCACAGTCCGGCACGT_002,62
ACAGCCACAGTCCGGCACGT_003,33
ACAGCCACAGTCCGGCACGT_004,83
ACAGCCACAGTCCGGCACGT_005,85
ACAGCCACAGTCCGGCACGT_006,85
ACAGCCACAGTCCGGCACGT_007,40
ACAGCCACAGTCCGGCACGT_008,4
ACAGCCACAGTCCGGCACGT_009,158
ACAGCCACAGTCCGGCACGT_010,192
ACAGCCACAGTCCGGCACGT_011,68
ACAGCCACAGTCCGGCACGT_012,135
ACAGCCACAGTCCGGCACGT_013,6
ACAGCCACAGTCCGGCACGT_014,48
ACAGCCACAGTCCGGCACGT_015,184
ACAGCCACAGTCCGGCACGT_016,40
ACATGACCAAGATTGCCCAA_001,169
CGGGTCTCCAAAGATCGCTT_001,29
CGGGTCTCCAAAGATCGCTT_002,103
CGGGTCTCCAAAGATCGCTT_003,147
CGGGTCTCCAAAGATCGCTT_004,147
CGGGTCTCCAAAGATCGCTT_005,18
CGGGTCTCCAAAGATCGCTT_006,43
CGGGTCTCCAAAGATCGCTT_007,107
CGGGTCTCCAAAGATCGCTT_008,13
CGGGTCTCCAAAGATCGCTT_009,144
CGGGTCTCCAAAGATCGCTT_010,162
CGGGTCTCCAAAGATCGCTT_011,20
CGGGTCTCCAAAGATCGCTT_012,50
CGGGTCTCCAAAGATCGCTT_013,70
CGGGTCTCCAAAGATCGCTT_014,150
CGGGTCTCCAAAGATCGCTT_015,171
CGGGTCTCCAAAGATCGCTT_016,174
CGGGTCTCCAAAGATCGCTT_017,12
CGGGTCTCCAAAGATCGCTT_018,60
CGGGTCTCCAAAGATCGCTT_019,163
CGGGTCTCCAAAGATCGCTT_020,9
CGGGTCTCCAAAGATCGCTT_021,49
CGGGTCTCCAAAGATCGCTT_022,8
CGGGTCTCCAAAGATCGCTT_023,198
CATGCCATAGGGCATATAGT_001,30
CATGCCATAGGGCATATAGT_002,44
CATGCCATAGGGCATATAGT_003,197
CATGCCATAGGGCATATAGT_004,63
CATGCCATAGGGCATATAGT_005,118
TGAATCGGATCCGACTACAG_001,65
TGAATCGGATCCGACTACAG_002,29
TGAATCGGATCCGACTACAG_003,70
TGAATCGGATCCGACTACAG_004,66
TGAATCGGATCCGACTACAG_005,74
TGAATCGGATCCGACTACAG_006,199
TGAATCGGATCCGACTACAG_007,16
TGAATCGGATCCGACTACAG_008,59
TGAATCGGATCCGACTACAG_009,3
TGAATCGGATCCGACTACAG_010,166
TGAATCGGATCCGACTACAG_011,97
TGAATCGGATCCGACTACAG_012,80
TGAATCGGATCCGACTACAG_013,57
TGAATCGGATCCGACTACAG_014,0
GGGGACAGCTCGAAGAAGCG_001,198
GGGGACAGCTCGAAGAAGCG_002,169
GGGGACAGCTCGAAGAAGCG_003,12
GGGGACAGCTCGAAGAAGCG_004,147
GGGGACAGCTCGAAGAAGCG_005,188
GGGGACAGCTCGAAGAAGCG_006,77
CAGGCCTGCCAAGTCGACAG_001,72
CAGGCCTGCCAAGTCGACAG_002,12
CAGGCCTGCCAAGTCGACAG_003,68
CAGGCCTGCCAAGTCGACAG_004,21
CAGGCCTGCCAAGTCGACAG_005,197
CAGGCCTGCCAAGTCGACAG_006,157
CAGGCCTGCCAAGTCGACAG_007,144
CAGGCCTGCCAAGTCGACAG_008,172
CAGGCCTGCCAAGTCGACAG_009,150
CAGGCCTGCCAAGTCGACAG_010,160
CAGGCCTGCCAAGTCGACAG_011,177
CAGGCCTGCCAAGTCGACAG_012,146
CAGGCCTGCCAAGTCGACAG_013,142
CAGGCCTGCCAAGTCGACAG_014,68
CAGGCCTGCCAAGTCGACAG_015,111
CAGGCCTGCCAAGTCGACAG_016,141
CAGGCCTGCCAAGTCGACAG_017,90
CAGGCCTGCCAAGTCGACAG_018,118
CAGGCCTGCCAAGTCGACAG_019,17
CAGGCCTGCCAAGTCGACAG_020,144
CAGGCCTGCCAAGTCGACAG_021,167
CAGGCCTGCCAAGTCGACAG_022,167
TATGTCCATTTAAGGCTGCG_001,49
TATGTCCATTTAAGGCTGCG_002,147
TATGTCCATTTAAGGCTGCG_003,48
TATGTCCATTTAAGGCTGCG_004,70
TATGTCCATTTAAGGCTGCG_005,79
TATGTCCATTTAAGGCTGCG_006,62
TATGTCCATTTAAGGCTGCG_007,78
TATGTCCATTTAAGGCTGCG_008,15
TATGTCCATTTAAGGCTGCG_009,0
AGGAACAAGCTAAAATCCTG_001,116
AGGAACAAGCTAAAATCCTG_002,81
AGGAACAAGCTAAAATCCTG_003,176
AGGAACAAGCTAAAATCCTG_004,75
AGGAACAAGCTAAAATCCTG_005,9
AGGAACAAGCTAAAATCCTG_006,78
AGGAACAAGCTAAAATCCTG_007,108
AGGAACAAGCTAAAATCCTG_008,157
AGGAACAAGCTAAAATCCTG_009,23
AGGAACAAGCTAAAATCCTG_010,124
AGGCCTCAGATGAAGAACAC_001,187
AGGCCTCAGATGAAGAACAC_002,78
AGGCCTCAGATGAAGAACAC_003,37
AGGCCTCAGATGAAGAACAC_004,16
AGGCCTCAGATGAAGAACAC_005,73
TGGTTGTGGTATGACAGGCA_001,198
TGGTTGTGGTATGACAGGCA_002,78
TGGTTGTGGTATGACAGGCA_003,198
TGGTTGTGGTATGACAGGCA_004,112
TGGTTGTGGTATGACAGGCA_005,115
TGGTTGTGGTATGACAGGCA_006,134
TGGTTGTGGTATGACAGGCA_007,180
TGGTTGTGGTATGACAGGCA_008,170
CGTGCCCGCTTTCTACCTGT_001,47
CGTGCCCGCTTTCTACCTGT_002,44
CGTGCCCGCTTTCTACCTGT_003,53
CGTGCCCGCTTTCTACCTGT_004,175
CGTGCCCGCTTTCTACCTGT_005,116
CGTGCCCGCTTTCTACCTGT_006,41
CGTGCCCGCTTTCTACCTGT_007,88
CGTGCCCGCTTTCTACCTGT_008,22
CGTGCCCGCTTTCTACCTGT_009,104
CGTGCCCGCTTTCTACCTGT_010,11
CGTGCCCGCTTTCTACCTGT_011,33
CGTGCCCGCTTTCTACCTGT_012,70
CTGACATCACTGGATGCAAT_001,81
CTGACATCACTGGATGCAAT_002,132
CTGACATCACTGGATGCAAT_003,41
CTGACATCACTGGATGCAAT_004,191
CTGACATCACTGGATGCAAT_005,137
CTGACATCACTGGATGCAAT_006,65
CTGACATCACTGGATGCAAT_007,113
CTGACATCACTGGATGCAAT_008,54
CTGACATCACTGGATGCAAT_009,99
CTGACATCACTGGATGCAAT_010,138
CTGACATCACTGGATGCAAT_011,69
CTGACATCACTGGATGCAAT_012,102
CTGACATCACTGGATGCAAT_013,124
CTGACATCACTGGATGCAAT_014,171
CTGACATCACTGGATGCAAT_015,29
CTGACATCACTGGATGCAAT_016,154
CTGACATCACTGGATGCAAT_017,113
CTGACATCACTGGATGCAAT_018,48
CTGACATCACTGGATGCAAT_019,165
AGTCGGCCATCACGCAAGGT_001,169
AGTCGGCCATCACGCAAGGT_002,72
AGTCGGCCATCACGCAAGGT_003,70
AGTCGGCCATCACGCAAGGT_004,1
AGTCGGCCATCACGCAAGGT_005,29
AGTCGGCCATCACGCAAGGT_006,177
CTGGTCTTAGGCAAACCCCT_001,133
CTGGTCTTAGGCAAACCCCT_002,146
CTGGTCTTAGGCAAACCCCT_003,137
CTGGTCTTAGGCAAACCCCT_004,161
CTGGTCTTAGGCAAACCCCT_005,26
CTGGTCTTAGGCAAACCCCT_006,5
CTGGTCTTAGGCAAACCCCT_007,12
CTGGTCTTAGGCAAACCCCT_008,34
CTGGTCTTAGGCAAACCCCT_009,186
CTGGTCTTAGGCAAACCCCT_010,23
CTGGTCTTAGGCAAACCCCT_011,59
CTGGTCTTAGGCAAACCCCT_012,78
CTGGTCTTAGGCAAACCCCT_013,37
CTGGTCTTAGGCAAACCCCT_014,59
CTGGTCTTAGGCAAACCCCT_015,138
CTGGTCTTAGGCAAACCCCT_016,133
TGATATGGGACTCGAAATCA_001,145
TGATATGGGACTCGAAATCA_002,159
ACCGTCACTGAGGTAAGCCA_001,130
ACCGTCACTGAGGTAAGCCA_002,199
ACCGTCACTGAGGTAAGCCA_003,52
ACCGTCACTGAGGTAAGCCA_004,29
ACCGTCACTGAGGTAAGCCA_005,184
ACCGTCACTGAGGTAAGCCA_006,1
ACCGTCACTGAGGTAAGCCA_007,29
TTCGGAACTTACTCAGGGTA_001,73
TTCGGAACTTACTCAGGGTA_002,39
TTCGGAACTTACTCAGGGTA_003,113
TTCGGAACTTACTCAGGGTA_004,128
TTCGGAACTTACTCAGGGTA_005,171
TTCGGAACTTACTCAGGGTA_006,105
TTCGGAACTTACTCAGGGTA_007,52
TTCGGAACTTACTCAGGGTA_008,127
TTCGGAACTTACTCAGGGTA_009,60
TTCGGAACTTACTCAGGGTA_010,176
TTCGGAACTTACTCAGGGTA_011,127
TTCGGAACTTACTCAGGGTA_012,28
TTCGGAACTTACTCAGGGTA_013,133
TTCGGAACTTACTCAGGGTA_014,67
TTCGGAACTTACTCAGGGTA_015,127
TTCGGAACTTACTCAGGGTA_016,104
TTCGGAACTTACTCAGGGTA_017,184
TTCGGAACTTACTCAGGGTA_018,40
TTCGGAACTTACTCAGGGTA_019,6
TTCGGAACTTACTCAGGGTA_020,158
TTCGGAACTTACTCAGGGTA_021,169
TTCGGAACTTACTCAGGGTA_022,15
TTCGGAACTTACTCAGGGTA_023,139
TGAGCTTGGGATCTCCCCCG_001,54
TGAGCTTGGGATCTCCCCCG_002,97
TGAGCTTGGGATCTCCCCCG_003,48
TGGAAACGCGAGTTCTAACG_001,5
TGGAAACGCGAGTTCTAACG_002,52
CTGTAAACCCTGAGGCACAT_001,193
CTGTAAACCCTGAGGCACAT_002,82
CTGTAAACCCTGAGGCACAT_003,139
CTGTAAACCCTGAGGCACAT_004,29
CTGTAAACCCTGAGGCACAT_005,45
CTGTAAACCCTGAGGCACAT_006,50
CTGTAAACCCTGAGGCACAT_007,160
CTGTAAACCCTGAGGCACAT_008,150
CTGTAAACCCTGAGGCACAT_009,92
CTGTAAACCCTGAGGCACAT_010,47
CTGTAAACCCTGAGGCACAT_011,97
CTGTAAACCCTGAGGCACAT_012,13
CTGTAAACCCTGAGGCACAT_013,36
GATCGTGACAAATGCCCACG_001,141
GATCGTGACAAATGCCCACG_002,81
GATCGTGACAAATGCCCACG_003,92
GATCGTGACAAATGCCCACG_004,101
GATCGTGACAAATGCCCACG_005,78
GATCGTGACAAATGCCCACG_006,107
GATCGTGACAAATGCCCACG_007,54
GATCGTGACAAATGCCCACG_008,30
GATCGTGACAAATGCCCACG_009,88
GATCGTGACAAATGCCCACG_010,169
GATCGTGACAAATGCCCACG_011,10
GATCGTGACAAATGCCCACG_012,130
GATCGTGACAAATGCCCACG_013,8
GATCGTGACAAATGCCCACG_014,191
GATCGTGACAAATGCCCACG_015,149
GATCGTGACAAATGCCCACG_016,191
GATCGTGACAAATGCCCACG_017,191
GATCGTGACAAATGCCCACG_018,94
GATCGTGACAAATGCCCACG_019,6
GATCGTGACAAATGCCCACG_020,34
GATCGTGACAAATGCCCACG_021,30
GATCGTGACAAATGCCCACG_022,148
GATCGTGACAAATGCCCACG_023,30
TTCCTCTTTCGGCAAAACAA_001,114
TTCCTCTTTCGGCAAAACAA_002,9
TTCCTCTTTCGGCAAAACAA_003,62
TTCCTCTTTCGGCAAAACAA_004,127
TTCCTCTTTCGGCAAAACAA_005,19
TTCCTCTTTCGGCAAAACAA_006,19
TCAGGCAAGAGCTGAACACG_001,130
TCAGGCAAGAGCTGAACACG_002,107
TCAGGCAAGAGCTGAACACG_003,39
CTGCTCAGCAACCTTATCGT_001,198
CTGCTCAGCAACCTTATCGT_002,157
CTGCTCAGCAACCTTATCGT_003,69
TTGGACTCCATCGATTCTGA_001,62
TTGGACTCCATCGATTCTGA_002,12
TTGGACTCCATCGATTCTGA_003,106
TTGGACTCCATCGATTCTGA_004,34
TTGGACTCCATCGATTCTGA_005,96
TTGGACTCCATCGATTCTGA_006,96
TTGGACTCCATCGATTCTGA_007,136
TTGGACTCCATCGATTCTGA_008,94
TTGGACTCCATCGATTCTGA_009,106
TTGGACTCCATCGATTCTGA_010,19
CCAACTCACCAGGTTGCCAT_001,127
CCAACTCACCAGGTTGCCAT_002,85
CCAACTCACCAGGTTGCCAT_003,113
CCAACTCACCAGGTTGCCAT_004,83
CCAACTCACCAGGTTGCCAT_005,150
CCAACTCACCAGGTTGCCAT_006,118
CCAACTCACCAGGTTGCCAT_007,197
GCATCGGTAGGGAATCCAGA_001,171
GCATCGGTAGGGAATCCAGA_002,47
GCATCGGTAGGGAATCCAGA_003,7
GCATCGGTAGGGAATCCAGA_004,152
GCATCGGTAGGGAATCCAGA_005,175
GCATCGGTAGGGAATCCAGA_006,47
GCATCGGTAGGGAATCCAGA_007,80
AGCACGACCACGGCCAGCGT_001,1
AGCACGACCACGGCCAGCGT_002,37
AGCACGACCACGGCCAGCGT_003,180
AGCACGACCACGGCCAGCGT_004,69
AGCACGACCACGGCCAGCGT_005,170
AGCACGACCACGGCCAGCGT_006,139
AGCACGACCACGGCCAGCGT_007,177
AGCACGACCACGGCCAGCGT_008,152
AGCACGACCACGGCCAGCGT_009,81
AGCACGACCACGGCCAGCGT_010,147
AGCACGACCACGGCCAGCGT_011,88
AGCACGACCACGGCCAGCGT_012,34
AGCACGACCACGGCCAGCGT_013,147
AGCACGACCACGGCCAGCGT_014,161
AGCACGACCACGGCCAGCGT_015,36
AGCACGACCACGGCCAGCGT_016,106
AGCACGACCACGGCCAGCGT_017,128
AGCACGACCACGGCCAGCGT_018,67
AGCACGACCACGGCCAGCGT_019,76
AGCACGACCACGGCCAGCGT_020,79
AGCACGACCACGGCCAGCGT_021,29
AGCACGACCACGGCCAGCGT_022,124
AGCACGACCACGGCCAGCGT_023,107
AATGGGAGTTTACCATGAGA_001,127
AATGGGAGTTTACCATGAGA_002,171
GCTCCGGGTACGATCCACCC_001,94
AGCCATTGGGAATTCCCCAG_001,58
AGCCATTGGGAATTCCCCAG_002,169
AGCCATTGGGAATTCCCCAG_003,182
AGCCATTGGGAATTCCCCAG_004,62
AGCCATTGGGAATTCCCCAG_005,46
AGCCATTGGGAATTCCCCAG_006,105
AGCCATTGGGAATTCCCCAG_007,41
AGCCATTGGGAATTCCCCAG_008,71
AGCCATTGGGAATTCCCCAG_009,96
AGCCATTGGGAATTCCCCAG_010,14
AGCCATTGGGAATTCCCCAG_011,147
AGCCATTGGGAATTCCCCAG_012,158
AGCCATTGGGAATTCCCCAG_013,130
AGCCATTGGGAATTCCCCAG_014,81
AGCCATTGGGAATTCCCCAG_015,192
AGCCATTGGGAATTCCCCAG_016,2
AGCCATTGGGAATTCCCCAG_017,82
AGCCATTGGGAATTCCCCAG_018,172
AGCCATTGGGAATTCCCCAG_019,157
AGCCATTGGGAATTCCCCAG_020,165
AGCCATTGGGAATTCCCCAG_021,46
AGCCATTGGGAATTCCCCAG_022,169
AGCCATTGGGAATTCCCCAG_023,1
CGGACGCCAGGTTCGCGTAG_001,48
CGGACGCCAGGTTCGCGTAG_002,127
CGGACGCCAGGTTCGCGTAG_003,149
CGGACGCCAGGTTCGCGTAG_004,170
CGGACGCCAGGTTCGCGTAG_005,49
CGGACGCCAGGTTCGCGTAG_006,15
CGGACGCCAGGTTCGCGTAG_007,160
CGGACGCCAGGTTCGCGTAG_008,63
CTGTCTAGTGAATCACATAG_001,15
CTGTCTAGTGAATCACATAG_002,24
CTGTCTAGTGAATCACATAG_003,175
CCCAGGCCCATGATACCATG_001,83
CCCAGGCCCATGATACCATG_002,50
CCCAGGCCCATGATACCATG_003,158
CCCAGGCCCATGATACCATG_004,63
CCCAGGCCCATGATACCATG_005,40
GAAGATCACAGGGATAGGGT_001,34
GAAGATCACAGGGATAGGGT_002,158
GAAGATCACAGGGATAGGGT_003,58
GAAGATCACAGGGATAGGGT_004,75
GAAGATCACAGGGATAGGGT_005,127
GAAGATCACAGGGATAGGGT_006,96
GAAGATCACAGGGATAGGGT_007,19
GAAGATCACAGGGATAGGGT_008,145
GAAGATCACAGGGATAGGGT_009,158
GAAGATCACAGGGATAGGGT_010,37
GAAGATCACAGGGATAGGGT_011,60
CCTTCAGAGTCCGGTAGTGA_001,198
CCTTCAGAGTCCGGTAGTGA_002,113
CCTTCAGAGTCCGGTAGTGA_003,20
CCTTCAGAGTCCGGTAGTGA_004,198
CCTTCAGAGTCCGGTAGTGA_005,170
AGGCATTCAAGCCTTCTGCA_001,131
AGGCATTCAAGCCTTCTGCA_002,188
AGGCATTCAAGCCTTCTGCA_003,127
AGGCATTCAAGCCTTCTGCA_004,60
AGGCATTCAAGCCTTCTGCA_005,62
AGGCATTCAAGCCTTCTGCA_006,182
AGGCATTCAAGCCTTCTGCA_007,20
AGGCATTCAAGCCTTCTGCA_008,82
AGGCATTCAAGCCTTCTGCA_009,48
AGGCATTCAAGCCTTCTGCA_010,105
AGGCATTCAAGCCTTCTGCA_011,188
AGGCATTCAAGCCTTCTGCA_012,188
AGGCATTCAAGCCTTCTGCA_013,77
AGGCATTCAAGCCTTCTGCA_014,52
AGGCATTCAAGCCTTCTGCA_015,184
AGGCATTCAAGCCTTCTGCA_016,7
AGGCATTCAAGCCTTCTGCA_017,98
AGGCATTCAAGCCTTCTGCA_018,137
AGGCATTCAAGCCTTCTGCA_019,34
AGGCATTCAAGCCTTCTGCA_020,26
AGGCATTCAAGCCTTCTGCA_021,191
AGGCATTCAAGCCTTCTGCA_022,123
AGGCATTCAAGCCTTCTGCA_023,177
AGGCATTCAAGCCTTCTGCA_024,3
GTAGTAATGAGCATCCACAT_001,182
GTAGTAATGAGCATCCACAT_002,127
GTAGTAATGAGCATCCACAT_003,144
GTAGTAATGAGCATCCACAT_004,194
GTAGTAATGAGCATCCACAT_005,43
GTAGTAATGAGCATCCACAT_006,107
GTAGTAATGAGCATCCACAT_007,2
GTAGTAATGAGCATCCACAT_008,194
GTAGTAATGAGCATCCACAT_009,61
GTAGTAATGAGCATCCACAT_010,4
GTAGTAATGAGCATCCACAT_011,33
TCAGGCTTCTGATCACCGCA_001,154
TCAGGCTTCTGATCACCGCA_002,124
GAAATTCTCTAACATCTTGG_001,151
GTGTGAGTCTCGGGACCATG_001,127
GTGTGAGTCTCGGGACCATG_002,150
GTGTGAGTCTCGGGACCATG_003,103
GTGTGAGTCTCGGGACCATG_004,77
GTGTGAGTCTCGGGACCATG_005,157
GTGTGAGTCTCGGGACCATG_006,9
GTGTGAGTCTCGGGACCATG_007,42
GTGTGAGTCTCGGGACCATG_008,58
GTGTGAGTCTCGGGACCATG_009,147
GTGTGAGTCTCGGGACCATG_010,104
GTGTGAGTCTCGGGACCATG_011,102
GTGTGAGTCTCGGGACCATG_012,56
GTGTGAGTCTCGGGACCATG_013,9
GTGTGAGTCTCGGGACCATG_014,143
GTGTGAGTCTCGGGACCATG_015,143
GTGTGAGTCTCGGGACCATG_016,143
GTGTGAGTCTCGGGACCATG_017,80
GTGTGAGTCTCGGGACCATG_018,88
CAGAACCAGGCATTTGTGAT_001,191
CAGAACCAGGCATTTGTGAT_002,122
CAGAACCAGGCATTTGTGAT_003,113
CAGAACCAGGCATTTGTGAT_004,50
CAGAACCAGGCATTTGTGAT_005,26
CAGAACCAGGCATTTGTGAT_006,81
CAGAACCAGGCATTTGTGAT_007,137
CTGCCGCGCAGAGGTTAACG_001,109
CTGCCGCGCAGAGGTTAACG_002,32
CTGCCGCGCAGAGGTTAACG_003,23
CTGCCGCGCAGAGGTTAACG_004,1
CTGCCGCGCAGAGGTTAACG_005,62
CTGCCGCGCAGAGGTTAACG_006,111
CTGCCGCGCAGAGGTTAACG_007,102
CTGCCGCGCAGAGGTTAACG_008,148
CTGCCGCGCAGAGGTTAACG_009,40
CTGCCGCGCAGAGGTTAACG_010,44
CTGCCGCGCAGAGGTTAACG_011,72
CTGCCGCGCAGAGGTTAACG_012,117
CTGCCGCGCAGAGGTTAACG_013,137
CTGCCGCGCAGAGGTTAACG_014,79
CTGCCGCGCAGAGGTTAACG_015,130
CTGCCGCGCAGAGGTTAACG_016,175
AGAGTGTTACCGGACTTAAG_001,140
AGAGTGTTACCGGACTTAAG_002,12
AGAGTGTTACCGGACTTAAG_003,50
AGAGTGTTACCGGACTTAAG_004,8
AGAGTGTTACCGGACTTAAG_005,10
AGAGTGTTACCGGACTTAAG_006,88
AGAGTGTTACCGGACTTAAG_007,41
AGAGTGTTACCGGACTTAAG_008,149
AGAGTGTTACCGGACTTAAG_009,12
CGGCGTGATCGAAGGGCACG_001,147
CGGCGTGATCGAAGGGCACG_002,91
CGGCGTGATCGAAGGGCACG_003,82
CGGCGTGATCGAAGGGCACG_004,194
CGGCGTGATCGAAGGGCACG_005,158
CGGCGTGATCGAAGGGCACG_006,78
CGGCGTGATCGAAGGGCACG_007,5
CGGCGTGATCGAAGGGCACG_008,187
AGAGTATGCACATAGAAGCA_001,163
AGAGTATGCACATAGAAGCA_002,198
AGAGTATGCACATAGAAGCA_003,24
AGAGTATGCACATAGAAGCA_004,78
AGAGTATGCACATAGAAGCA_005,12
AGAGTATGCACATAGAAGCA_006,147
AGAGTATGCACATAGAAGCA_007,143
TAAACGATTCTACTACAACT_001,75
TAAACGATTCTACTACAACT_002,107
TTTCTTCTTAGGTTTATCGG_001,70
TTTCTTCTTAGGTTTATCGG_002,175
TTTCTTCTTAGGTTTATCGG_003,27
TTTCTTCTTAGGTTTATCGG_004,12
TTTCTTCTTAGGTTTATCGG_005,2
TTTCTTCTTAGGTTTATCGG_006,116
TTTCTTCTTAGGTTTATCGG_007,27
TGGGTCCGACTTTCCTGACG_001,3
TGGGTCCGACTTTCCTGACG_002,28
TGGGTCCGACTTTCCTGACG_003,93
TGGGTCCGACTTTCCTGACG_004,77
TGGGTCCGACTTTCCTGACG_005,105
TGGGTCCGACTTTCCTGACG_006,50
TGGGTCCGACTTTCCTGACG_007,174
TGGGTCCGACTTTCCTGACG_008,19
TGGGTCCGACTTTCCTGACG_009,188
CATACTCCCCCAACAATAGG_001,147
CATACTCCCCCAACAATAGG_002,1
CATACTCCCCCAACAATAGG_003,9
CATACTCCCCCAACAATAGG_004,75
CATACTCCCCCAACAATAGG_005,30
CATACTCCCCCAACAATAGG_006,31
CATACTCCCCCAACAATAGG_007,3
CATACTCCCCCAACAATAGG_008,188
CATACTCCCCCAACAATAGG_009,96
CATACTCCCCCAACAATAGG_010,95
CATACTCCCCCAACAATAGG_011,49
CATACTCCCCCAACAATAGG_012,0
CATACTCCCCCAACAATAGG_013,162
CATACTCCCCCAACAATAGG_014,92
CATACTCCCCCAACAATAGG_015,15
CATACTCCCCCAACAATAGG_016,105
CATACTCCCCCAACAATAGG_017,94
CATACTCCCCCAACAATAGG_018,6
CATACTCCCCCAACAATAGG_019,152
CATACTCCCCCAACAATAGG_020,24
CATACTCCCCCAACAATAGG_021,158
CATACTCCCCCAACAATAGG_022,147
CATACTCCCCCAACAATAGG_023,88
GACTTCCAACGAGAGCACCG_001,97
GACTTCCAACGAGAGCACCG_002,62
GACTTCCAACGAGAGCACCG_003,131
GACTTCCAACGAGAGCACCG_004,151
GACTTCCAACGAGAGCACCG_005,191
GACTTCCAACGAGAGCACCG_006,58
GACTTCCAACGAGAGCACCG_007,123
GACTTCCAACGAGAGCACCG_008,63
GACTTCCAACGAGAGCACCG_009,148
GACTTCCAACGAGAGCACCG_010,185
GACTTCCAACGAGAGCACCG_011,40
GACTTCCAACGAGAGCACCG_012,117
AAACTATTGTGGAGCCACCG_001,134
AAACTATTGTGGAGCCACCG_002,15
AAACTATTGTGGAGCCACCG_003,132
AAACTATTGTGGAGCCACCG_004,69
CATGGACCATGTCATTGCAA_001,188
CTTGCACACGAATATGGTCT_001,113
TTACTGAACAATGAGAGGCT_001,42
TTACTGAACAATGAGAGGCT_002,149
TTACTGAACAATGAGAGGCT_003,50
ATCATACGCGACAACACCGA_001,27
ATCATACGCGACAACACCGA_002,68
ATCATACGCGACAACACCGA_003,50
ATCATACGCGACAACACCGA_004,82
ATCATACGCGACAACACCGA_005,199
ATCATACGCGACAACACCGA_006,199
ATCATACGCGACAACACCGA_007,121
ATCATACGCGACAACACCGA_008,120
ATCATACGCGACAACACCGA_009,40
ATCATACGCGACAACACCGA_010,141
ATCATACGCGACAACACCGA_011,172
ATCATACGCGACAACACCGA_012,155
ATCATACGCGACAACACCGA_013,23
ATCATACGCGACAACACCGA_014,29
ATCATACGCGACAACACCGA_015,1
ATCATACGCGACAACACCGA_016,6
ATCATACGCGACAACACCGA_017,80
ATCATACGCGACAACACCGA_018,29
ATCATACGCGACAACACCGA_019,193
ATCATACGCGACAACACCGA_020,51
ATCATACGCGACAACACCGA_021,40
ATCATACGCGACAACACCGA_022,15
ATCATACGCGACAACACCGA_023,83
ATCATACGCGACAACACCGA_024,40
ATCATACGCGACAACACCGA_025,43
ATCATACGCGACAACACCGA_026,38
ATCATACGCGACAACACCGA_027,144
ATCATACGCGACAACACCGA_028,192
ATCATACGCGACAACACCGA_029,158
ATCATACGCGACAACACCGA_030,67
GCCCTTGTCATCATGGACCG_001,38
GCCCTTGTCATCATGGACCG_002,86
CCAAAAGCACCGAGACTTCG_001,29
CCAAAAGCACCGAGACTTCG_002,47
CCAAAAGCACCGAGACTTCG_003,160
CCAAAAGCACCGAGACTTCG_004,16
CCAAAAGCACCGAGACTTCG_005,126
CCAAAAGCACCGAGACTTCG_006,68
CCAAAAGCACCGAGACTTCG_007,199
CCAAAAGCACCGAGACTTCG_008,83
CCAAAAGCACCGAGACTTCG_009,199
CCAAAAGCACCGAGACTTCG_010,28
AAAGTACACTATCTCCCCGG_001,46
AAAGTACACTATCTCCCCGG_002,23
CCTACCCTGTCTGTACCGTG_001,27
CCTACCCTGTCTGTACCGTG_002,42
CCTACCCTGTCTGTACCGTG_003,173
CCTACCCTGTCTGTACCGTG_004,21
CCTACCCTGTCTGTACCGTG_005,162
CCTACCCTGTCTGTACCGTG_006,134
CCTACCCTGTCTGTACCGTG_007,17
CGATTAAAACCCATGCCCAG_001,40
CGATTAAAACCCATGCCCAG_002,144
CGATTAAAACCCATGCCCAG_003,81
CGATTAAAACCCATGCCCAG_004,177
CGATTAAAACCCATGCCCAG_005,193
CGATTAAAACCCATGCCCAG_006,139
CGATTAAAACCCATGCCCAG_007,117
CGATTAAAACCCATGCCCAG_008,150
CGATTAAAACCCATGCCCAG_009,89
CGATTAAAACCCATGCCCAG_010,89
CGATTAAAACCCATGCCCAG_011,96
CGATTAAAACCCATGCCCAG_012,12
CGATTAAAACCCATGCCCAG_013,173
CGATTAAAACCCATGCCCAG_014,125
CGATTAAAACCCATGCCCAG_015,98
CGATTAAAACCCATGCCCAG_016,12
CGATTAAAACCCATGCCCAG_017,39
CGATTAAAACCCATGCCCAG_018,193
CGATTAAAACCCATGCCCAG_019,187
CGATTAAAACCCATGCCCAG_020,117
CGATTAAAACCCATGCCCAG_021,111
CGATTAAAACCCATGCCCAG_022,40
CGATTAAAACCCATGCCCAG_023,66
CGATTAAAACCCATGCCCAG_024,66
CGATTAAAACCCATGCCCAG_025,188
CGATTAAAACCCATGCCCAG_026,158
CGATTAAAACCCATGCCCAG_027,81
GAGAGACTGGACCAGACCAT_001,88
GAGAGACTGGACCAGACCAT_002,141
GAGAGACTGGACCAGACCAT_003,148
GAGAGACTGGACCAGACCAT_004,181
AGAAGCGCTGCTTGTCACTG_001,57
AGAAGCGCTGCTTGTCACTG_002,178
AGAAGCGCTGCTTGTCACTG_003,133
AGAAGCGCTGCTTGTCACTG_004,49
AGAAGCGCTGCTTGTCACTG_005,147
AGAAGCGCTGCTTGTCACTG_006,48
AGAAGCGCTGCTTGTCACTG_007,55
AGAAGCGCTGCTTGTCACTG_008,195
AGAAGCGCTGCTTGTCACTG_009,69
AGAAGCGCTGCTTGTCACTG_010,176
AGAAGCGCTGCTTGTCACTG_011,188
AGAAGCGCTGCTTGTCACTG_012,197
AGAAGCGCTGCTTGTCACTG_013,42
AGAAGCGCTGCTTGTCACTG_014,11
AGAAGCGCTGCTTGTCACTG_015,11
AGAAGCGCTGCTTGTCACTG_016,104
AGAAGCGCTGCTTGTCACTG_017,182
AGAAGCGCTGCTTGTCACTG_018,149
AGAAGCGCTGCTTGTCACTG_019,71
AGAAGCGCTGCTTGTCACTG_020,199
AGAAGCGCTGCTTGTCACTG_021,144
AGTATAAGTGCGATTGTACC_001,169
AGTATAAGTGCGATTGTACC_002,171
AGTATAAGTGCGATTGTACC_003,169
AGTATAAGTGCGATTGTACC_004,62
ACCTTTGGGAACATAAGTGG_001,78
ACCTTTGGGAACATAAGTGG_002,16
ACCTTTGGGAACATAAGTGG_003,88
ACCTTTGGGAACATAAGTGG_004,116
ACCTTTGGGAACATAAGTGG_005,16
ACCTTTGGGAACATAAGTGG_006,15
ACCTTTGGGAACATAAGTGG_007,105
ACCTTTGGGAACATAAGTGG_008,82
ACCTTTGGGAACATAAGTGG_009,129
ACATGGTTGTCACATAGAGG_001,41
ACATGGTTGTCACATAGAGG_002,58
ACATGGTTGTCACATAGAGG_003,123
ACATGGTTGTCACATAGAGG_004,168
ACATGGTTGTCACATAGAGG_005,48
ACATGGTTGTCACATAGAGG_006,194
AAACAATGTATAGGTCATAG_001,152
AAACAATGTATAGGTCATAG_002,165
CTCTCTGGGGTATCATGGAG_001,134
CTCTCTGGGGTATCATGGAG_002,134
CAGCTATGGAAGAAGAAGCG_001,159
CAGCTATGGAAGAAGAAGCG_002,16
CAGCTATGGAAGAAGAAGCG_003,147
CGTGAACCAGTATCTGCCTG_001,82
CGTGAACCAGTATCTGCCTG_002,175
CGTGAACCAGTATCTGCCTG_003,166
AGATGCACAAAAGCAGTCGT_001,32
AGATGCACAAAAGCAGTCGT_002,34
AGATGCACAAAAGCAGTCGT_003,15
AGATGCACAAAAGCAGTCGT_004,4
AGATGCACAAAAGCAGTCGT_005,145
AGATGCACAAAAGCAGTCGT_006,45
AGATGCACAAAAGCAGTCGT_007,160
AGATGCACAAAAGCAGTCGT_008,7
AGATGCACAAAAGCAGTCGT_009,181
AGATGCACAAAAGCAGTCGT_010,15
AGATGCACAAAAGCAGTCGT_011,8
AGATGCACAAAAGCAGTCGT_012,15
AGATGCACAAAAGCAGTCGT_013,17
AGATGCACAAAAGCAGTCGT_014,172
AGATGCACAAAAGCAGTCGT_015,134
AGATGCACAAAAGCAGTCGT_016,140
AGATGCACAAAAGCAGTCGT_017,188
AGATGCACAAAAGCAGTCGT_018,43
AGATGCACAAAAGCAGTCGT_019,67
AGATGCACAAAAGCAGTCGT_020,138
AGATGCACAAAAGCAGTCGT_021,142
AGATGCACAAAAGCAGTCGT_022,184
AGATGCACAAAAGCAGTCGT_023,156
AGATGCACAAAAGCAGTCGT_024,112
AGATGCACAAAAGCAGTCGT_025,43
AGATGCACAAAAGCAGTCGT_026,50
AGATGCACAAAAGCAGTCGT_027,166
AGATGCACAAAAGCAGTCGT_028,177
CAAGAAGAAGTGCTGCTATG_001,144
CAAGAAGAAGTGCTGCTATG_002,69
CAAGAAGAAGTGCTGCTATG_003,36
CAAGAAGAAGTGCTGCTATG_004,29
CAAGAAGAAGTGCTGCTATG_005,170
CAAGAAGAAGTGCTGCTATG_006,82
CAAGAAGAAGTGCTGCTATG_007,113
CAAGAAGAAGTGCTGCTATG_008,26
CAAGAAGAAGTGCTGCTATG_009,56
GGCAGTGGTCGTAGTCGCAG_001,137
GGCAGTGGTCGTAGTCGCAG_002,114
GGCAGTGGTCGTAGTCGCAG_003,68
GGCAGTGGTCGTAGTCGCAG_004,150
GGCAGTGGTCGTAGTCGCAG_005,8
GGCAGTGGTCGTAGTCGCAG_006,145
GGCAGTGGTCGTAGTCGCAG_007,188
GGCAGTGGTCGTAGTCGCAG_008,14
GGCAGTGGTCGTAGTCGCAG_009,145
GGCAGTGGTCGTAGTCGCAG_010,60
GGCAGTGGTCGTAGTCGCAG_011,77
GGCAGTGGTCGTAGTCGCAG_012,199
GGCAGTGGTCGTAGTCGCAG_013,162
GGCAGTGGTCGTAGTCGCAG_014,107
GGCAGTGGTCGTAGTCGCAG_015,170
GGCAGTGGTCGTAGTCGCAG_016,4
GGCAGTGGTCGTAGTCGCAG_017,49
GGCAGTGGTCGTAGTCGCAG_018,22
GGCAGTGGTCGTAGTCGCAG_019,111
GGCAGTGGTCGTAGTCGCAG_020,19
GGCAGTGGTCGTAGTCGCAG_021,12
GGCAGTGGTCGTAGTCGCAG_022,121
GGCAGTGGTCGTAGTCGCAG_023,37
GGCAGTGGTCGTAGTCGCAG_024,63
GGCAGTGGTCGTAGTCGCAG_025,97
GGCAGTGGTCGTAGTCGCAG_026,147
ACCATGCCCCTCACAATGAG_001,147
ACCATGCCCCTCACAATGAG_002,67
ACCATGCCCCTCACAATGAG_003,149
ACCATGCCCCTCACAATGAG_004,102
ACCATGCCCCTCACAATGAG_005,2
ACCATGCCCCTCACAATGAG_006,24
ACCATGCCCCTCACAATGAG_007,60
ACCATGCCCCTCACAATGAG_008,176
ACCATGCCCCTCACAATGAG_009,96
ACCATGCCCCTCACAATGAG_010,77
ACCATGCCCCTCACAATGAG_011,144
ACCATGCCCCTCACAATGAG_012,162
ACCATGCCCCTCACAATGAG_013,83
ACCATGCCCCTCACAATGAG_014,25
ACCATGCCCCTCACAATGAG_015,18
ACCATGCCCCTCACAATGAG_016,49
ACCATGCCCCTCACAATGAG_017,41
ACCATGCCCCTCACAATGAG_018,168
ACCATGCCCCTCACAATGAG_019,88
ACCATGCCCCTCACAATGAG_020,84
ACCATGCCCCTCACAATGAG_021,169
ACCATGCCCCTCACAATGAG_022,63
ACCATGCCCCTCACAATGAG_023,63
ACCATGCCCCTCACAATGAG_024,127
ACCATGCCCCTCACAATGAG_025,166
ACCATGCCCCTCACAATGAG_026,170
ACCATGCCCCTCACAATGAG_027,58
ACCATGCCCCTCACAATGAG_028,0
ACCATGCCCCTCACAATGAG_029,39
ACCATGCCCCTCACAATGAG_030,165
ACCATGCCCCTCACAATGAG_031,150
ACCATGCCCCTCACAATGAG_032,2
ACCATGCCCCTCACAATGAG_033,16
ACCATGCCCCTCACAATGAG_034,56
ACCATGCCCCTCACAATGAG_035,41
ACCATGCCCCTCACAATGAG_036,55
ACCATGCCCCTCACAATGAG_037,159
ACCATGCCCCTCACAATGAG_038,104
ACCATGCCCCTCACAATGAG_039,33
GCTGCAATGAATGTTGCAGG_001,128
GCTGCAATGAATGTTGCAGG_002,118
GCTGCAATGAATGTTGCAGG_003,137
GCTGCAATGAATGTTGCAGG_004,151
GCTGCAATGAATGTTGCAGG_005,187
GCTGCAATGAATGTTGCAGG_006,49
GCTGCAATGAATGTTGCAGG_007,142
GCTGCAATGAATGTTGCAGG_008,102
GAAGATCGTGAACACCCCAG_001,181
GAAGATCGTGAACACCCCAG_002,42
GAAGATCGTGAACACCCCAG_003,148
GAAGATCGTGAACACCCCAG_004,162
GAAGATCGTGAACACCCCAG_005,174
GAAGATCGTGAACACCCCAG_006,75
GGAGGCGACTCCCGCGCCGT_001,168
GGAGGCGACTCCCGCGCCGT_002,176
GGAGGCGACTCCCGCGCCGT_003,122
GGAGGCGACTCCCGCGCCGT_004,185
GGAGGCGACTCCCGCGCCGT_005,135
GGAGGCGACTCCCGCGCCGT_006,152
GTTTCAGGATCTGAAGCTGA_001,56
GTTTCAGGATCTGAAGCTGA_002,12
GTTTCAGGATCTGAAGCTGA_003,156
GTTTCAGGATCTGAAGCTGA_004,139
GTTTCAGGATCTGAAGCTGA_005,69
TTGCTGATCATGAAGAGCTG_001,197
TTGCTGATCATGAAGAGCTG_002,116
TTGCTGATCATGAAGAGCTG_003,169
TTGCTGATCATGAAGAGCTG_004,63
TTGCTGATCATGAAGAGCTG_005,130
TTGCTGATCATGAAGAGCTG_006,156
TTGCTGATCATGAAGAGCTG_007,63
TTGCTGATCATGAAGAGCTG_008,2
TTGCTGATCATGAAGAGCTG_009,27
TTGCTGATCATGAAGAGCTG_010,188
CAAATGCAAGTGCTCCCGGA_001,14
CAAATGCAAGTGCTCCCGGA_002,36
CAAATGCAAGTGCTCCCGGA_003,34
CAAATGCAAGTGCTCCCGGA_004,129
TGCAGGTGTTTGATGTACAG_001,80
TGCAGGTGTTTGATGTACAG_002,63
TGCAGGTGTTTGATGTACAG_003,175
TGCAGGTGTTTGATGTACAG_004,137
TGCAGGTGTTTGATGTACAG_005,160
TGCAGGTGTTTGATGTACAG_006,116
TGCAGGTGTTTGATGTACAG_007,135
TGCAGGTGTTTGATGTACAG_008,172
TGCAGGTGTTTGATGTACAG_009,38
TGCAGGTGTTTGATGTACAG_010,114
TGCAGGTGTTTGATGTACAG_011,137
GTCGCTGCGCCAGTGAGAAC_001,184
GTCGCTGCGCCAGTGAGAAC_002,102
GTCGCTGCGCCAGTGAGAAC_003,183
GTCGCTGCGCCAGTGAGAAC_004,174
GTCGCTGCGCCAGTGAGAAC_005,53
GTCGCTGCGCCAGTGAGAAC_006,113
GTCGCTGCGCCAGTGAGAAC_007,172
GTCGCTGCGCCAGTGAGAAC_008,177
GTCGCTGCGCCAGTGAGAAC_009,186
GTCGCTGCGCCAGTGAGAAC_010,61
GTCGCTGCGCCAGTGAGAAC_011,105
GTCGCTGCGCCAGTGAGAAC_012,15
GTCGCTGCGCCAGTGAGAAC_013,97
GTCGCTGCGCCAGTGAGAAC_014,1
GTCGCTGCGCCAGTGAGAAC_015,61
GTCGCTGCGCCAGTGAGAAC_016,63
GTCGCTGCGCCAGTGAGAAC_017,198
GTCGCTGCGCCAGTGAGAAC_018,103
AGCCATGAACAGAGTGACCG_001,140
AGCCATGAACAGAGTGACCG_002,37
TTCTACTTCAGCGTCCGGGG_001,157
TTCTACTTCAGCGTCCGGGG_002,37
TTCTACTTCAGCGTCCGGGG_003,172
TTCTACTTCAGCGTCCGGGG_004,72
TTCTACTTCAGCGTCCGGGG_005,58
TTCTACTTCAGCGTCCGGGG_006,179
ATCTCGGAGAATACGGTCTG_001,56
ATCTCGGAGAATACGGTCTG_002,160
ATCTCGGAGAATACGGTCTG_003,70
ATCTCGGAGAATACGGTCTG_004,162
ATCTCGGAGAATACGGTCTG_005,101
ATCTCGGAGAATACGGTCTG_006,158
ATCTCGGAGAATACGGTCTG_007,198
ATCTCGGAGAATACGGTCTG_008,191
ATCTCGGAGAATACGGTCTG_009,90
ATCTCGGAGAATACGGTCTG_010,155
ATCTCGGAGAATACGGTCTG_011,152
ATCTCGGAGAATACGGTCTG_012,118
ATCTCGGAGAATACGGTCTG_013,80
ATCTCGGAGAATACGGTCTG_014,119
ATCTCGGAGAATACGGTCTG_015,11
ATCTCGGAGAATACGGTCTG_016,124
ATCTCGGAGAATACGGTCTG_017,90
CCAGAAAAGAGAAATTACGG_001,172
CCAGAAAAGAGAAATTACGG_002,73
CCAGAAAAGAGAAATTACGG_003,92
CCAGAAAAGAGAAATTACGG_004,40
CCAGAAAAGAGAAATTACGG_005,174
CCAGAAAAGAGAAATTACGG_006,69
CCAGAAAAGAGAAATTACGG_007,52
GAACATCAAACGTCCTCCAG_001,185
GAACATCAAACGTCCTCCAG_002,114
GAACATCAAACGTCCTCCAG_003,110
GAACATCAAACGTCCTCCAG_004,190
GAACATCAAACGTCCTCCAG_005,129
GAACATCAAACGTCCTCCAG_006,163
GAACATCAAACGTCCTCCAG_007,47
GAACATCAAACGTCCTCCAG_008,122
GAACATCAAACGTCCTCCAG_009,57
CGGCAGCCAAGCATGTTCAA_001,191
CGGCAGCCAAGCATGTTCAA_002,194
CGGCAGCCAAGCATGTTCAA_003,160
CGGCAGCCAAGCATGTTCAA_004,151
CGGCAGCCAAGCATGTTCAA_005,11
CGGCAGCCAAGCATGTTCAA_006,28
CGGCAGCCAAGCATGTTCAA_007,26
CGGCAGCCAAGCATGTTCAA_008,165
CGGCAGCCAAGCATGTTCAA_009,102
CGGCAGCCAAGCATGTTCAA_010,116
CGGCAGCCAAGCATGTTCAA_011,43
GAGGACCATGAGGAGAAGCG_001,160
GAGGACCATGAGGAGAAGCG_002,15
GAGGACCATGAGGAGAAGCG_003,62
GAGGACCATGAGGAGAAGCG_004,8
GAGGACCATGAGGAGAAGCG_005,98
GAGGACCATGAGGAGAAGCG_006,48
GAGGACCATGAGGAGAAGCG_007,179
GAGGACCATGAGGAGAAGCG_008,94
GAGGACCATGAGGAGAAGCG_009,70
GAGGACCATGAGGAGAAGCG_010,28
CACAATGGTGACCCAATGTG_001,50
CACAATGGTGACCCAATGTG_002,28
CACAATGGTGACCCAATGTG_003,59
CACAATGGTGACCCAATGTG_004,25
CACAATGGTGACCCAATGTG_005,196
CACAATGGTGACCCAATGTG_006,125
CACAATGGTGACCCAATGTG_007,102
CACAATGGTGACCCAATGTG_008,20
CACAATGGTGACCCAATGTG_009,149
CACAATGGTGACCCAATGTG_010,137
CACAATGGTGACCCAATGTG_011,40
CACAATGGTGACCCAATGTG_012,9
TCTGTTTCTAGTTTGCGGCG_001,127
TCTGTTTCTAGTTTGCGGCG_002,92
TCTGTTTCTAGTTTGCGGCG_003,160
TCTGTTTCTAGTTTGCGGCG_004,126
AAGACCCTGTTAGCCATCGG_001,82
AAGACCCTGTTAGCCATCGG_002,172
AAGACCCTGTTAGCCATCGG_003,27
AAGACCCTGTTAGCCATCGG_004,132
AAGACCCTGTTAGCCATCGG_005,6
AAGACCCTGTTAGCCATCGG_006,6
AAGACCCTGTTAGCCATCGG_007,81
AAGACCCTGTTAGCCATCGG_008,169
AAGACCCTGTTAGCCATCGG_009,85
AAGACCCTGTTAGCCATCGG_010,85
AAGACCCTGTTAGCCATCGG_011,169
AAGACCCTGTTAGCCATCGG_012,138
AAGACCCTGTTAGCCATCGG_013,159
AAGACCCTGTTAGCCATCGG_014,82
AAGACCCTGTTAGCCATCGG_015,192
AAGACCCTGTTAGCCATCGG_016,146
AAGACCCTGTTAGCCATCGG_017,15
AAGACCCTGTTAGCCATCGG_018,104
AAGACCCTGTTAGCCATCGG_019,141
AAGACCCTGTTAGCCATCGG_020,91
AAGACCCTGTTAGCCATCGG_021,40
AAGACCCTGTTAGCCATCGG_022,90
AAGACCCTGTTAGCCATCGG_023,132
AAGACCCTGTTAGCCATCGG_024,144
AAGACCCTGTTAGCCATCGG_025,155
AAGACCCTGTTAGCCATCGG_026,75
AAGACCCTGTTAGCCATCGG_027,29
AAGACCCTGTTAGCCATCGG_028,29
AAGACCCTGTTAGCCATCGG_029,48
AAGACCCTGTTAGCCATCGG_030,134
AAGACCCTGTTAGCCATCGG_031,169
AAGACCCTGTTAGCCATCGG_032,130
AAGACCCTGTTAGCCATCGG_033,150
AAGACCCTGTTAGCCATCGG_034,29
AAGACCCTGTTAGCCATCGG_035,18
AAGACCCTGTTAGCCATCGG_036,112
GTGGAGCATTCATCAACACA_001,77
AGCAGAGAACTCATCAAATG_001,136
AGCAGAGAACTCATCAAATG_002,40
AGCAGAGAACTCATCAAATG_003,87
AGCAGAGAACTCATCAAATG_004,149
AGCAGAGAACTCATCAAATG_005,22
AGCAGAGAACTCATCAAATG_006,103
AGCAGAGAACTCATCAAATG_007,149
AGCAGAGAACTCATCAAATG_008,60
AGCAGAGAACTCATCAAATG_009,33
AGCAGAGAACTCATCAAATG_010,23
GGAGTAGGATGCATCCAGTA_001,159
GGAGTAGGATGCATCCAGTA_002,69
GGAGTAGGATGCATCCAGTA_003,188
GGAGTGTATGAACTGCGAGT_001,144
GGAGTGTATGAACTGCGAGT_002,76
GGAGTGTATGAACTGCGAGT_003,145
GGAGTGTATGAACTGCGAGT_004,5
GGAGTGTATGAACTGCGAGT_005,193
GGAGTGTATGAACTGCGAGT_006,89
GGAGTGTATGAACTGCGAGT_007,15
GGAGTGTATGAACTGCGAGT_008,169
GGAGTGTATGAACTGCGAGT_009,1
GGAGTGTATGAACTGCGAGT_010,2
GGAGTGTATGAACTGCGAGT_011,183
GGAGTGTATGAACTGCGAGT_012,178
GGAGTGTATGAACTGCGAGT_013,91
GGAGTGTATGAACTGCGAGT_014,130
CCAAAGATCGTGTCGCCACC_001,194
CCAAAGATCGTGTCGCCACC_002,48
CCAAAGATCGTGTCGCCACC_003,172
CCAAAGATCGTGTCGCCACC_004,88
CCAAAGATCGTGTCGCCACC_005,16
CCAAAGATCGTGTCGCCACC_006,41
TTGGATCTAAAAGCAGCTCG_001,115
TTGGATCTAAAAGCAGCTCG_002,170
TTGGATCTAAAAGCAGCTCG_003,137
TTGGATCTAAAAGCAGCTCG_004,185
TTGGATCTAAAAGCAGCTCG_005,92
AGGAGGGCCTTGATACTCCT_001,191
AGGAGGGCCTTGATACTCCT_002,2
AGGAGGGCCTTGATACTCCT_003,56
AGGAGGGCCTTGATACTCCT_004,160
AGGAGGGCCTTGATACTCCT_005,126
AAACACTTGAGAGTTCACAC_001,17
AAACACTTGAGAGTTCACAC_002,48
AAACACTTGAGAGTTCACAC_003,15
AAACACTTGAGAGTTCACAC_004,175
AAACACTTGAGAGTTCACAC_005,172
AAACACTTGAGAGTTCACAC_006,169
AAACACTTGAGAGTTCACAC_007,69
AAACACTTGAGAGTTCACAC_008,157
AAACACTTGAGAGTTCACAC_009,165
AAACACTTGAGAGTTCACAC_010,2
AAACACTTGAGAGTTCACAC_011,101
AAACACTTGAGAGTTCACAC_012,70
AAACACTTGAGAGTTCACAC_013,6
AAACACTTGAGAGTTCACAC_014,6
AAACACTTGAGAGTTCACAC_015,117
AAACACTTGAGAGTTCACAC_016,165
AAACACTTGAGAGTTCACAC_017,158
AGTTTGTAAAGACCTAGTTG_001,32
AGTTTGTAAAGACCTAGTTG_002,19
AGTTTGTAAAGACCTAGTTG_003,105
AATACTCATTAACGCCATTG_001,183
AATACTCATTAACGCCATTG_002,88
GGCGATACATGATCATGGCG_001,127
CGGCCCGATTAGGGAGTCGA_001,102
CGGCCCGATTAGGGAGTCGA_002,145
CGGCCCGATTAGGGAGTCGA_003,102
CGGCCCGATTAGGGAGTCGA_004,198
CGGCCCGATTAGGGAGTCGA_005,121
CGGCCCGATTAGGGAGTCGA_006,47
CGGCCCGATTAGGGAGTCGA_007,33
CGGCCCGATTAGGGAGTCGA_008,183
CGGCCCGATTAGGGAGTCGA_009,156
CGGCCCGATTAGGGAGTCGA_010,4
CGGCCCGATTAGGGAGTCGA_011,181
CGGCCCGATTAGGGAGTCGA_012,163
CGGCCCGATTAGGGAGTCGA_013,4
CGGCCCGATTAGGGAGTCGA_014,100
TGACGTGTGCAGTAATACTG_001,75
TGACGTGTGCAGTAATACTG_002,91
TGACGTGTGCAGTAATACTG_003,15
TGACGTGTGCAGTAATACTG_004,1
TGACGTGTGCAGTAATACTG_005,94
TGACGTGTGCAGTAATACTG_006,130
TGACGTGTGCAGTAATACTG_007,169
TGACGTGTGCAGTAATACTG_008,12
TGACGTGTGCAGTAATACTG_009,175
TGACGTGTGCAGTAATACTG_010,181
TGACGTGTGCAGTAATACTG_011,37
TGACGTGTGCAGTAATACTG_012,9
TGACGTGTGCAGTAATACTG_013,174
TGACGTGTGCAGTAATACTG_014,44
TGACGTGTGCAGTAATACTG_015,63
TGACGTGTGCAGTAATACTG_016,77
AGCACCGTCAGCCTGCGTAG_001,133
AGCACCGTCAGCCTGCGTAG_002,170
AGCACCGTCAGCCTGCGTAG_003,182
AGCACCGTCAGCCTGCGTAG_004,117
AGCACCGTCAGCCTGCGTAG_005,172
AGCACCGTCAGCCTGCGTAG_006,69
AGCACCGTCAGCCTGCGTAG_007,89
AGCACCGTCAGCCTGCGTAG_008,30
AGCACCGTCAGCCTGCGTAG_009,16
ATGGTTTGCTTATTTCAAGG_001,108
ATGGTTTGCTTATTTCAAGG_002,94
ATGATGACGGAGTATCGGAG_001,114
ATGATGACGGAGTATCGGAG_002,37
ATGATGACGGAGTATCGGAG_003,139
ATGATGACGGAGTATCGGAG_004,65
ATGATGACGGAGTATCGGAG_005,77
ATGATGACGGAGTATCGGAG_006,191
ATGATGACGGAGTATCGGAG_007,115
ATGATGACGGAGTATCGGAG_008,194
ATGATGACGGAGTATCGGAG_009,157
ATGATGACGGAGTATCGGAG_010,130
TCTGAAAATACTGTTCCACC_001,194
TCTGAAAATACTGTTCCACC_002,182
TCTGAAAATACTGTTCCACC_003,80
CCCTCCAACCGGGTCAACGA_001,163
CCCTCCAACCGGGTCAACGA_002,62
CCCTCCAACCGGGTCAACGA_003,130
CCCTCCAACCGGGTCAACGA_004,69
CCCTCCAACCGGGTCAACGA_005,99
CCCTCCAACCGGGTCAACGA_006,89
CCCTCCAACCGGGTCAACGA_007,121
CCCTCCAACCGGGTCAACGA_008,63
CCCTCCAACCGGGTCAACGA_009,192
CCCTCCAACCGGGTCAACGA_010,134
CCCTCCAACCGGGTCAACGA_011,17
CCCTCCAACCGGGTCAACGA_012,198
CCCTCCAACCGGGTCAACGA_013,65
CCCTCCAACCGGGTCAACGA_014,58
CCCTCCAACCGGGTCAACGA_015,70
CCCTCCAACCGGGTCAACGA_016,84
CCCTCCAACCGGGTCAACGA_017,68
CCCTCCAACCGGGTCAACGA_018,82
CCCTCCAACCGGGTCAACGA_019,51
CCCTCCAACCGGGTCAACGA_020,176
CCCTCCAACCGGGTCAACGA_021,88
CATCTTACCTGATGTAAACA_001,49
CATCTTACCTGATGTAAACA_002,149
CATCTTACCTGATGTAAACA_003,1
CATCTTACCTGATGTAAACA_004,75
CATCTTACCTGATGTAAACA_005,1
CATCTTACCTGATGTAAACA_006,102
CATCTTACCTGATGTAAACA_007,35
CATCTTACCTGATGTAAACA_008,138
CATCTTACCTGATGTAAACA_009,152
AGGTGGCAAAGATGTACAAG_001,121
AGGTGGCAAAGATGTACAAG_002,150
AGGTGGCAAAGATGTACAAG_003,154
AGGTGGCAAAGATGTACAAG_004,175
AGGTGGCAAAGATGTACAAG_005,192
AGGTGGCAAAGATGTACAAG_006,23
AGGTGGCAAAGATGTACAAG_007,115
AGGTGGCAAAGATGTACAAG_008,172
AGGTGGCAAAGATGTACAAG_009,8
AGGTGGCAAAGATGTACAAG_010,7
AGGTGGCAAAGATGTACAAG_011,36
AGGTGGCAAAGATGTACAAG_012,126
AGGTGGCAAAGATGTACAAG_013,51
AGGTGGCAAAGATGTACAAG_014,63
AGGTGGCAAAGATGTACAAG_015,40
AGGTGGCAAAGATGTACAAG_016,87
AGGTGGCAAAGATGTACAAG_017,81
AGGTGGCAAAGATGTACAAG_018,9
AGGTGGCAAAGATGTACAAG_019,35
AGGTGGCAAAGATGTACAAG_020,198
CTGCCCATCCACACTAGGCA_001,61
CTGCCCATCCACACTAGGCA_002,155
CTGCCCATCCACACTAGGCA_003,140
CTGCCCATCCACACTAGGCA_004,82
CTGCCCATCCACACTAGGCA_005,1
CTGCCCATCCACACTAGGCA_006,149
CTGCCCATCCACACTAGGCA_007,96
CTGCCCATCCACACTAGGCA_008,189
CTGCCCATCCACACTAGGCA_009,81
CTGCCCATCCACACTAGGCA_010,77
GTCCAGCAGTGAGTCGCTGT_001,78
GTCCAGCAGTGAGTCGCTGT_002,121
GTCCAGCAGTGAGTCGCTGT_003,0
GTCCAGCAGTGAGTCGCTGT_004,23
GTCCAGCAGTGAGTCGCTGT_005,36
GTCCAGCAGTGAGTCGCTGT_006,47
GTCCAGCAGTGAGTCGCTGT_007,16
GTCCAGCAGTGAGTCGCTGT_008,69
GTCCAGCAGTGAGTCGCTGT_009,163
GTCCAGCAGTGAGTCGCTGT_010,58
GTCCAGCAGTGAGTCGCTGT_011,199
GTCCAGCAGTGAGTCGCTGT_012,69
GTCCAGCAGTGAGTCGCTGT_013,156
CACCTGCACAAAATTCAATG_001,184
CACCTGCACAAAATTCAATG_002,84
CACCTGCACAAAATTCAATG_003,86
CACCTGCACAAAATTCAATG_004,43
CACCTGCACAAAATTCAATG_005,35
GACAGCCGACCGCTACATCG_001,28
GACAGCCGACCGCTACATCG_002,141
GACAGCCGACCGCTACATCG_003,3
GACAGCCGACCGCTACATCG_004,49
GACAGCCGACCGCTACATCG_005,169
GACAGCCGACCGCTACATCG_006,69
GACAGCCGACCGCTACATCG_007,19
GACAGCCGACCGCTACATCG_008,87
GACAGCCGACCGCTACATCG_009,182
GACAGCCGACCGCTACATCG_010,147
GACAGCCGACCGCTACATCG_011,6
GACAGCCGACCGCTACATCG_012,152
GACAGCCGACCGCTACATCG_013,121
GACCTGGCGACCGACGCGCG_001,53
GACCTGGCGACCGACGCGCG_002,188
GACCTGGCGACCGACGCGCG_003,115
GACCTGGCGACCGACGCGCG_004,197
GACCTGGCGACCGACGCGCG_005,61
GACCTGGCGACCGACGCGCG_006,62
GACCTGGCGACCGACGCGCG_007,81
GACCTGGCGACCGACGCGCG_008,34
GACCTGGCGACCGACGCGCG_009,40
GACCTGGCGACCGACGCGCG_010,45
GACCTGGCGACCGACGCGCG_011,84
GACCTGGCGACCGACGCGCG_012,128
GACCTGGCGACCGACGCGCG_013,179
GACCTGGCGACCGACGCGCG_014,145
GACCTGGCGACCGACGCGCG_015,145
GACCTGGCGACCGACGCGCG_016,161
GACCTGGCGACCGACGCGCG_017,36
GACCTGGCGACCGACGCGCG_018,115
GACCTGGCGACCGACGCGCG_019,124
GACCTGGCGACCGACGCGCG_020,52
AGCTCTGCGATCCACAGCTG_001,115
AGCTCTGCGATCCACAGCTG_002,115
AGCTCTGCGATCCACAGCTG_003,10
AGCTCTGCGATCCACAGCTG_004,50
AGCTCTGCGATCCACAGCTG_005,42
AGCTCTGCGATCCACAGCTG_006,84
AGCTCTGCGATCCACAGCTG_007,19
AGCTCTGCGATCCACAGCTG_008,83
AGCTCTGCGATCCACAGCTG_009,81
AGCTCTGCGATCCACAGCTG_010,191
AGCTCTGCGATCCACAGCTG_011,1
AGCTCTGCGATCCACAGCTG_012,188
GGGTGACCACCACCTCACAT_001,62
GGGTGACCACCACCTCACAT_002,194
GGGTGACCACCACCTCACAT_003,41
GGGTGACCACCACCTCACAT_004,155
GGGTGACCACCACCTCACAT_005,115
GGGTGACCACCACCTCACAT_006,76
GGGTGACCACCACCTCACAT_007,119
GGGTGACCACCACCTCACAT_008,27
GGGTGACCACCACCTCACAT_009,71
GGGTGACCACCACCTCACAT_010,105
GGGTGACCACCACCTCACAT_011,165
GGGTGACCACCACCTCACAT_012,148
GGGTGACCACCACCTCACAT_013,76
GGGTGACCACCACCTCACAT_014,144
GGGTGACCACCACCTCACAT_015,49
GGGTGACCACCACCTCACAT_016,184
GGGTGACCACCACCTCACAT_017,19
GGGTGACCACCACCTCACAT_018,184
GGGTGACCACCACCTCACAT_019,187
GGGTGACCACCACCTCACAT_020,84
GGGTGACCACCACCTCACAT_021,116
GGGTGACCACCACCTCACAT_022,177
GGGTGACCACCACCTCACAT_023,170
GGGTGACCACCACCTCACAT_024,49
GGGTGACCACCACCTCACAT_025,19
GGGTGACCACCACCTCACAT_026,161
GGGTGACCACCACCTCACAT_027,88
GGGTGACCACCACCTCACAT_028,40
GGGTGACCACCACCTCACAT_029,65
GGGTGACCACCACCTCACAT_030,8
GGGTGACCACCACCTCACAT_031,118
GGGTGACCACCACCTCACAT_032,102
GGGTGACCACCACCTCACAT_033,68
GGGTGACCACCACCTCACAT_034,131
GGGTGACCACCACCTCACAT_035,34
GGGTGACCACCACCTCACAT_036,146
GGGTGACCACCACCTCACAT_037,106
GGGTGACCACCACCTCACAT_038,68
GGGTGACCACCACCTCACAT_039,39
GGGTGACCACCACCTCACAT_040,68
AATGGGAGATGAAAATGCGG_001,140
AATGGGAGATGAAAATGCGG_002,94
AATGGGAGATGAAAATGCGG_003,145
AATGGGAGATGAAAATGCGG_004,197
AATGGGAGATGAAAATGCGG_005,43
AATGGGAGATGAAAATGCGG_006,35
AATGGGAGATGAAAATGCGG_007,160
AATGGGAGATGAAAATGCGG_008,77
AATGGGAGATGAAAATGCGG_009,17
AATGGGAGATGAAAATGCGG_010,75
AATGGGAGATGAAAATGCGG_011,34
TTCTCACGGAAGTTCATCAG_001,68
TTCTCACGGAAGTTCATCAG_002,38
TTCTCACGGAAGTTCATCAG_003,65
TTCTCACGGAAGTTCATCAG_004,1
TTCTCACGGAAGTTCATCAG_005,130
TTCTCACGGAAGTTCATCAG_006,199
TTCTCACGGAAGTTCATCAG_007,174
TTCTCACGGAAGTTCATCAG_008,169
TTCTCACGGAAGTTCATCAG_009,49
GCTGGGGAACAAATGTGACA_001,38
GCTGGGGAACAAATGTGACA_002,23
GCTGGGGAACAAATGTGACA_003,80
GCTGGGGAACAAATGTGACA_004,196
GCTGGGGAACAAATGTGACA_005,135
GCTGGGGAACAAATGTGACA_006,105
GCTGGGGAACAAATGTGACA_007,34
GCTGGGGAACAAATGTGACA_008,31
GAACGGTCTCTCCTCAGAGT_001,62
GAACGGTCTCTCCTCAGAGT_002,44
GAACGGTCTCTCCTCAGAGT_003,50
GAACGGTCTCTCCTCAGAGT_004,159
GAACGGTCTCTCCTCAGAGT_005,168
GAACGGTCTCTCCTCAGAGT_006,82
CACAGGCACAGAGTTCCGAG_001,194
CACAGGCACAGAGTTCCGAG_002,179
CACAGGCACAGAGTTCCGAG_003,101
CACAGGCACAGAGTTCCGAG_004,26
CACAGGCACAGAGTTCCGAG_005,174
ACATTGTAGAGGGATCCATA_001,53
ACATTGTAGAGGGATCCATA_002,139
ACATTGTAGAGGGATCCATA_003,123
ACATTGTAGAGGGATCCATA_004,9
CAATCCAGCCTTTAGCGCAA_001,29
CAATCCAGCCTTTAGCGCAA_002,181
CAATCCAGCCTTTAGCGCAA_003,160
CAATCCAGCCTTTAGCGCAA_004,193
CAATCCAGCCTTTAGCGCAA_005,151
CAATCCAGCCTTTAGCGCAA_006,196
ATAAGATGATAGCATTCCCA_001,174
ATAAGATGATAGCATTCCCA_002,127
ATAAGATGATAGCATTCCCA_003,158
ATAAGATGATAGCATTCCCA_004,81
ATAAGATGATAGCATTCCCA_005,181
CTGCGAGATCAACTACTCGG_001,41
CTGCGAGATCAACTACTCGG_002,84
CTGCGAGATCAACTACTCGG_003,82
CTGCGAGATCAACTACTCGG_004,114
CTGCGAGATCAACTACTCGG_005,28
GACGACCGAGATCATCACTG_001,105
GACGACCGAGATCATCACTG_002,35
GACGACCGAGATCATCACTG_003,86
GACGACCGAGATCATCACTG_004,55
GACGACCGAGATCATCACTG_005,13
GACGACCGAGATCATCACTG_006,69
GACGACCGAGATCATCACTG_007,175
GACGACCGAGATCATCACTG_008,184
GACGACCGAGATCATCACTG_009,169
GACGACCGAGATCATCACTG_010,56
GACGACCGAGATCATCACTG_011,19
GACGACCGAGATCATCACTG_012,103
GACGACCGAGATCATCACTG_013,94
GACGACCGAGATCATCACTG_014,166
GACGACCGAGATCATCACTG_015,94
GACGACCGAGATCATCACTG_016,175
GACGACCGAGATCATCACTG_017,70
GACGACCGAGATCATCACTG_018,104
TAGGAAGATTCATACTGGAG_001,65
TAGGAAGATTCATACTGGAG_002,111
TAGGAAGATTCATACTGGAG_003,34
TAGGAAGATTCATACTGGAG_004,138
TAGGAAGATTCATACTGGAG_005,80
TAGGAAGATTCATACTGGAG_006,13
TAGGAAGATTCATACTGGAG_007,52
TAGGAAGATTCATACTGGAG_008,83
TAGGAAGATTCATACTGGAG_009,158
TAGGAAGATTCATACTGGAG_010,170
TAGGAAGATTCATACTGGAG_011,155
GGCGGGGTCCAGGCTCCAGT_001,94
GGCGGGGTCCAGGCTCCAGT_002,115
GGCGGGGTCCAGGCTCCAGT_003,89
GGCGGGGTCCAGGCTCCAGT_004,15
GGCGGGGTCCAGGCTCCAGT_005,29
GGCGGGGTCCAGGCTCCAGT_006,169
GGCGGGGTCCAGGCTCCAGT_007,1
GGCGGGGTCCAGGCTCCAGT_008,48
GGCGGGGTCCAGGCTCCAGT_009,175
GGCGGGGTCCAGGCTCCAGT_010,175
GGCGGGGTCCAGGCTCCAGT_011,46
GGCGGGGTCCAGGCTCCAGT_012,134
GGCGGGGTCCAGGCTCCAGT_013,124
GGCGGGGTCCAGGCTCCAGT_014,29
GGCGGGGTCCAGGCTCCAGT_015,140
GGCGGGGTCCAGGCTCCAGT_016,160
CAACCAATGTATTTGCCAAT_001,80
CAACCAATGTATTTGCCAAT_002,166
CAACCAATGTATTTGCCAAT_003,132
CAACCAATGTATTTGCCAAT_004,34
CAACCAATGTATTTGCCAAT_005,46
GGTCAGAGTCCGAGTCACTG_001,6
GGTCAGAGTCCGAGTCACTG_002,178
GGTCAGAGTCCGAGTCACTG_003,174
GGTCAGAGTCCGAGTCACTG_004,52
GGTCAGAGTCCGAGTCACTG_005,40
GGTCAGAGTCCGAGTCACTG_006,84
GGTCAGAGTCCGAGTCACTG_007,146
GGTCAGAGTCCGAGTCACTG_008,49
GGTCAGAGTCCGAGTCACTG_009,166
GGTCAGAGTCCGAGTCACTG_010,81
GGTCAGAGTCCGAGTCACTG_011,15
GGTCAGAGTCCGAGTCACTG_012,156
GGTCAGAGTCCGAGTCACTG_013,156
GGTCAGAGTCCGAGTCACTG_014,199
GGTCAGAGTCCGAGTCACTG_015,168
GGTCAGAGTCCGAGTCACTG_016,88
GGTCAGAGTCCGAGTCACTG_017,113
GGTCAGAGTCCGAGTCACTG_018,123
GGTCAGAGTCCGAGTCACTG_019,120
GGTCAGAGTCCGAGTCACTG_020,46
GGTCAGAGTCCGAGTCACTG_021,2
GGTCAGAGTCCGAGTCACTG_022,87
GGTCAGAGTCCGAGTCACTG_023,127
GGTCAGAGTCCGAGTCACTG_024,153
GGTCAGAGTCCGAGTCACTG_025,30
GGTCAGAGTCCGAGTCACTG_026,190
GGTCAGAGTCCGAGTCACTG_027,141
GGTCAGAGTCCGAGTCACTG_028,21
GGTCAGAGTCCGAGTCACTG_029,136
GGTCAGAGTCCGAGTCACTG_030,19
GGTCAGAGTCCGAGTCACTG_031,78
GGTCAGAGTCCGAGTCACTG_032,19
GGTCAGAGTCCGAGTCACTG_033,183
GGTCAGAGTCCGAGTCACTG_034,124
GGTCAGAGTCCGAGTCACTG_035,16
GGTCAGAGTCCGAGTCACTG_036,13
GACGCCGCACGACTGCCCCT_001,184
GACGCCGCACGACTGCCCCT_002,1
GACGCCGCACGACTGCCCCT_003,70
GACGCCGCACGACTGCCCCT_004,130
GACGCCGCACGACTGCCCCT_005,81
GACGCCGCACGACTGCCCCT_006,130
GACGCCGCACGACTGCCCCT_007,65
GACGCCGCACGACTGCCCCT_008,120
GACGCCGCACGACTGCCCCT_009,59
GACGCCGCACGACTGCCCCT_010,140
GACGCCGCACGACTGCCCCT_011,158
GACGCCGCACGACTGCCCCT_012,137
GACGCCGCACGACTGCCCCT_013,126
GACGCCGCACGACTGCCCCT_014,19
GACGCCGCACGACTGCCCCT_015,65
GACGCCGCACGACTGCCCCT_016,137
GACGCCGCACGACTGCCCCT_017,80
GACGCCGCACGACTGCCCCT_018,83
GACGCCGCACGACTGCCCCT_019,12
GACGCCGCACGACTGCCCCT_020,135
GACGCCGCACGACTGCCCCT_021,118
GACGCCGCACGACTGCCCCT_022,136
GACGCCGCACGACTGCCCCT_023,78
GACGCCGCACGACTGCCCCT_024,170
GTGTCCTTGCCATCACGCCG_001,63
GTGTCCTTGCCATCACGCCG_002,188
GTGTCCTTGCCATCACGCCG_003,63
GTGTCCTTGCCATCACGCCG_004,80
GTGTCCTTGCCATCACGCCG_005,107
GTGTCCTTGCCATCACGCCG_006,17
GTGTCCTTGCCATCACGCCG_007,57
GTGTCCTTGCCATCACGCCG_008,129
GTGTCCTTGCCATCACGCCG_009,115
GTGTCCTTGCCATCACGCCG_010,1
GTGTCCTTGCCATCACGCCG_011,156
GTGTCCTTGCCATCACGCCG_012,190
GTGTCCTTGCCATCACGCCG_013,131
GTGTCCTTGCCATCACGCCG_014,121
GTGTCCTTGCCATCACGCCG_015,65
GTGTCCTTGCCATCACGCCG_016,12
GTGTCCTTGCCATCACGCCG_017,81
GTGTCCTTGCCATCACGCCG_018,70
GTGTCCTTGCCATCACGCCG_019,130
AGACGCAGTACCAGTACCCG_001,146
AGACGCAGTACCAGTACCCG_002,190
AGACGCAGTACCAGTACCCG_003,55
AGACGCAGTACCAGTACCCG_004,182
ACTGCGGCATGAATTTCGAG_001,23
ACTGCGGCATGAATTTCGAG_002,23
ACTGCGGCATGAATTTCGAG_003,21
ACTGCGGCATGAATTTCGAG_004,138
ACTGCGGCATGAATTTCGAG_005,6
ACTGCGGCATGAATTTCGAG_006,23
ACTGCGGCATGAATTTCGAG_007,116
ACTGCGGCATGAATTTCGAG_008,16
ACTGCGGCATGAATTTCGAG_009,55
ACTGCGGCATGAATTTCGAG_010,35
ACTGCGGCATGAATTTCGAG_011,99
ACTGCGGCATGAATTTCGAG_012,116
ACTGCGGCATGAATTTCGAG_013,184
ACTGCGGCATGAATTTCGAG_014,106
ACTGCGGCATGAATTTCGAG_015,102
ACTGCGGCATGAATTTCGAG_016,80
GTAGACAAGCCCAATTCGGG_001,47
GTAGACAAGCCCAATTCGGG_002,9
GTAGACAAGCCCAATTCGGG_003,121
GTAGACAAGCCCAATTCGGG_004,59
GTAGACAAGCCCAATTCGGG_005,190
GTAGACAAGCCCAATTCGGG_006,43
TTCTCTCATCAACTGACATG_001,76
TTCTCTCATCAACTGACATG_002,188
TTCTCTCATCAACTGACATG_003,17
TTCTCTCATCAACTGACATG_004,164
TTCTCTCATCAACTGACATG_005,141
TTCTCTCATCAACTGACATG_006,1
TTCTCTCATCAACTGACATG_007,107
TTCTCTCATCAACTGACATG_008,74
TTCTCTCATCAACTGACATG_009,151
TTCTCTCATCAACTGACATG_010,70
TTCTCTCATCAACTGACATG_011,163
TTCTCTCATCAACTGACATG_012,90
CAGGGTCAGATACCTTGGCG_001,182
CAGGGTCAGATACCTTGGCG_002,58
CAGGGTCAGATACCTTGGCG_003,103
CAGGGTCAGATACCTTGGCG_004,37
CAGGGTCAGATACCTTGGCG_005,88
CAGGGTCAGATACCTTGGCG_006,187
CAGGGTCAGATACCTTGGCG_007,112
CAGGGTCAGATACCTTGGCG_008,183
CAGGGTCAGATACCTTGGCG_009,10
CAGGGTCAGATACCTTGGCG_010,9
ACAGCTCTCTCGGTCACAAG_001,119
ACAGCTCTCTCGGTCACAAG_002,80
ACAGCTCTCTCGGTCACAAG_003,157
ACAGCTCTCTCGGTCACAAG_004,62
ACAGCTCTCTCGGTCACAAG_005,177
ACAGCTCTCTCGGTCACAAG_006,162
ACAGCTCTCTCGGTCACAAG_007,13
ACAGCTCTCTCGGTCACAAG_008,74
ACAGCTCTCTCGGTCACAAG_009,140
ACAGCTCTCTCGGTCACAAG_010,107
ACAGCTCTCTCGGTCACAAG_011,143
ACTCCATAAGTGTGAAGTTG_001,49
ACTCCATAAGTGTGAAGTTG_002,49
ACTCCATAAGTGTGAAGTTG_003,115
ACTCCATAAGTGTGAAGTTG_004,121
ACTCCATAAGTGTGAAGTTG_005,98
ACTCCATAAGTGTGAAGTTG_006,48
ACTCCATAAGTGTGAAGTTG_007,157
ACTCCATAAGTGTGAAGTTG_008,15
ACTCCATAAGTGTGAAGTTG_009,174
ACTCCATAAGTGTGAAGTTG_010,182
ACTCCATAAGTGTGAAGTTG_011,102
AGGACTTGCGCGTGACCAGG_001,183
AGGACTTGCGCGTGACCAGG_002,2
AGGACTTGCGCGTGACCAGG_003,191
AGGACTTGCGCGTGACCAGG_004,11
AGGACTTGCGCGTGACCAGG_005,17
CACATATGAACATCTCCGAG_001,2
CACATATGAACATCTCCGAG_002,102
CACATATGAACATCTCCGAG_003,184
CACATATGAACATCTCCGAG_004,107
CACATATGAACATCTCCGAG_005,50
CACATATGAACATCTCCGAG_006,14
CGTCTACTACATCATTGTGT_001,157
CAAAGAAGCAGACTCGCCAG_001,132
CAAAGAAGCAGACTCGCCAG_002,196
CAAAGAAGCAGACTCGCCAG_003,97
CAAAGAAGCAGACTCGCCAG_004,189
CAAAGAAGCAGACTCGCCAG_005,125
CAAAGAAGCAGACTCGCCAG_006,97
CAAAGAAGCAGACTCGCCAG_007,40
CAAAGAAGCAGACTCGCCAG_008,65
CAAAGAAGCAGACTCGCCAG_009,5
CAAAGAAGCAGACTCGCCAG_010,125
CAAAGAAGCAGACTCGCCAG_011,6
CAAAGAAGCAGACTCGCCAG_012,32
CAAAGAAGCAGACTCGCCAG_013,157
CAAAGAAGCAGACTCGCCAG_014,1
CAAAGAAGCAGACTCGCCAG_015,136
CAAAGAAGCAGACTCGCCAG_016,136
CAAAGAAGCAGACTCGCCAG_017,104
CAAAGAAGCAGACTCGCCAG_018,57
CAAAGAAGCAGACTCGCCAG_019,66
CAAAGAAGCAGACTCGCCAG_020,19
AAGTGTGTGCATAGCAGGGT_001,78
AAGTGTGTGCATAGCAGGGT_002,191
AAGTGTGTGCATAGCAGGGT_003,17
AAGTGTGTGCATAGCAGGGT_004,94
AAGTGTGTGCATAGCAGGGT_005,63
AAGTGTGTGCATAGCAGGGT_006,125
AAGTGTGTGCATAGCAGGGT_007,32
AAGTGTGTGCATAGCAGGGT_008,4
AAGTGTGTGCATAGCAGGGT_009,116
AAGTGTGTGCATAGCAGGGT_010,130
AAGTGTGTGCATAGCAGGGT_011,2
AAGTGTGTGCATAGCAGGGT_012,105
AAGTGTGTGCATAGCAGGGT_013,83
AAGTGTGTGCATAGCAGGGT_014,81
AAGTGTGTGCATAGCAGGGT_015,117
AAGTGTGTGCATAGCAGGGT_016,77
AAGTGTGTGCATAGCAGGGT_017,137
AAGTGTGTGCATAGCAGGGT_018,3
AAGTGTGTGCATAGCAGGGT_019,188
AAGTGTGTGCATAGCAGGGT_020,12
AAGTGTGTGCATAGCAGGGT_021,9
AAGTGTGTGCATAGCAGGGT_022,77
AAGTGTGTGCATAGCAGGGT_023,36
AAGTGTGTGCATAGCAGGGT_024,60
AAGTGTGTGCATAGCAGGGT_025,170
AAGTGTGTGCATAGCAGGGT_026,77
AAGTGTGTGCATAGCAGGGT_027,77
AAGTGTGTGCATAGCAGGGT_028,58
AAGTGTGTGCATAGCAGGGT_029,127
AAGTGTGTGCATAGCAGGGT_030,177
AAGTGTGTGCATAGCAGGGT_031,116
AAGTGTGTGCATAGCAGGGT_032,76
AAGTGTGTGCATAGCAGGGT_033,92
AAGTGTGTGCATAGCAGGGT_034,181
AAGTGTGTGCATAGCAGGGT_035,22
AAGTGTGTGCATAGCAGGGT_036,50
AAGTGTGTGCATAGCAGGGT_037,138
AAGTGTGTGCATAGCAGGGT_038,188
AAGTGTGTGCATAGCAGGGT_039,142
AAGTGTGTGCATAGCAGGGT_040,46
CATCAAGGAGTATCGACGGG_001,57
CATCAAGGAGTATCGACGGG_002,10
CATCAAGGAGTATCGACGGG_003,81
CATCAAGGAGTATCGACGGG_004,1
CATCAAGGAGTATCGACGGG_005,41
TGTACATAAGAGGCCCCATG_001,29
TGTACATAAGAGGCCCCATG_002,57
TGTACATAAGAGGCCCCATG_003,100
TGTACATAAGAGGCCCCATG_004,148
TGTACATAAGAGGCCCCATG_005,0
TGTACATAAGAGGCCCCATG_006,6
TAGCGACCCCGAGAGTACAG_001,12
TAGCGACCCCGAGAGTACAG_002,24
TAGCGACCCCGAGAGTACAG_003,107
TAGCGACCCCGAGAGTACAG_004,138
TAGCGACCCCGAGAGTACAG_005,39
TAGCGACCCCGAGAGTACAG_006,49
TAGCGACCCCGAGAGTACAG_007,170
TAGCGACCCCGAGAGTACAG_008,90
CTGGGAGAATACTCGCTAGG_001,9
CTGGGAGAATACTCGCTAGG_002,60
CTGGGAGAATACTCGCTAGG_003,79
CTGGGAGAATACTCGCTAGG_004,96
CTGGGAGAATACTCGCTAGG_005,0
CTGGGAGAATACTCGCTAGG_006,77
CTGGGAGAATACTCGCTAGG_007,192
CTGGGAGAATACTCGCTAGG_008,11
CTGGGAGAATACTCGCTAGG_009,49
CTGGGAGAATACTCGCTAGG_010,82
CCAAAACGACCCAGTGACAG_001,186
CCAAAACGACCCAGTGACAG_002,105
CCAAAACGACCCAGTGACAG_003,160
CCAAAACGACCCAGTGACAG_004,170
CCAAAACGACCCAGTGACAG_005,38
CCAAAACGACCCAGTGACAG_006,127
CCAAAACGACCCAGTGACAG_007,170
CCAAAACGACCCAGTGACAG_008,152
CCAAAACGACCCAGTGACAG_009,84
CCAAAACGACCCAGTGACAG_010,160
GTATGGCTCAAAACGCAGAG_001,84
GTATGGCTCAAAACGCAGAG_002,117
GTATGGCTCAAAACGCAGAG_003,149
GTATGGCTCAAAACGCAGAG_004,76
GTATGGCTCAAAACGCAGAG_005,108
GTATGGCTCAAAACGCAGAG_006,34
GTATGGCTCAAAACGCAGAG_007,178
GTATGGCTCAAAACGCAGAG_008,156
GTATGGCTCAAAACGCAGAG_009,12
GTATGGCTCAAAACGCAGAG_010,14
GTATGGCTCAAAACGCAGAG_011,69
TAGGGAGTGATCCACACGAT_001,133
TAGGGAGTGATCCACACGAT_002,29
TAGGGAGTGATCCACACGAT_003,58
TAGGGAGTGATCCACACGAT_004,118
TAGGGAGTGATCCACACGAT_005,111
TAGGGAGTGATCCACACGAT_006,31
TAGGGAGTGATCCACACGAT_007,156
TAGGGAGTGATCCACACGAT_008,72
CTCAGGGAGGCTAATAACCT_001,2
CTCAGGGAGGCTAATAACCT_002,40
CACCCGGAACCACTACTGAG_001,7
CACCCGGAACCACTACTGAG_002,7
CACCCGGAACCACTACTGAG_003,101
CACCCGGAACCACTACTGAG_004,80
CACCCGGAACCACTACTGAG_005,160
CACCCGGAACCACTACTGAG_006,176
CACCCGGAACCACTACTGAG_007,46
CACCCGGAACCACTACTGAG_008,83
CACCCGGAACCACTACTGAG_009,147
CACCCGGAACCACTACTGAG_010,98
CACCCGGAACCACTACTGAG_011,137
CACCCGGAACCACTACTGAG_012,30
CACCCGGAACCACTACTGAG_013,98
CACCCGGAACCACTACTGAG_014,93
CACCCGGAACCACTACTGAG_015,121
CACCCGGAACCACTACTGAG_016,30
CACCCGGAACCACTACTGAG_017,197
CACCCGGAACCACTACTGAG_018,81
CACCCGGAACCACTACTGAG_019,169
CACCCGGAACCACTACTGAG_020,181
CACCCGGAACCACTACTGAG_021,43
CACCCGGAACCACTACTGAG_022,67
CACCCGGAACCACTACTGAG_023,88
CACCCGGAACCACTACTGAG_024,105
CACCCGGAACCACTACTGAG_025,180
CACCCGGAACCACTACTGAG_026,48
CACCCGGAACCACTACTGAG_027,134
CACCCGGAACCACTACTGAG_028,114
CACCCGGAACCACTACTGAG_029,95
CACCCGGAACCACTACTGAG_030,181
CACCCGGAACCACTACTGAG_031,79
CACCCGGAACCACTACTGAG_032,195
CACCCGGAACCACTACTGAG_033,175
CACCCGGAACCACTACTGAG_034,165
CACCCGGAACCACTACTGAG_035,142
CACCCGGAACCACTACTGAG_036,161
CACCCGGAACCACTACTGAG_037,162
CACCCGGAACCACTACTGAG_038,6
CACCCGGAACCACTACTGAG_039,40
CACCCGGAACCACTACTGAG_040,98
GGTGAAAATTCACCAGACAG_001,31
GGTGAAAATTCACCAGACAG_002,171
GGTGAAAATTCACCAGACAG_003,125
GGTGAAAATTCACCAGACAG_004,22
GGTGAAAATTCACCAGACAG_005,83
GGTGAAAATTCACCAGACAG_006,27
GGTGAAAATTCACCAGACAG_007,23
CATCGCTCATCCTTTACACG_001,162
CATCGCTCATCCTTTACACG_002,27
CATCGCTCATCCTTTACACG_003,142
CATCGCTCATCCTTTACACG_004,60
CATCGCTCATCCTTTACACG_005,124
CATCGCTCATCCTTTACACG_006,100
CATCGCTCATCCTTTACACG_007,16
CATCGCTCATCCTTTACACG_008,147
CATCGCTCATCCTTTACACG_009,124
CATCGCTCATCCTTTACACG_010,152
CATCGCTCATCCTTTACACG_011,126
CATCGCTCATCCTTTACACG_012,33
CATCGCTCATCCTTTACACG_013,138
GGGAGGCTTGTATCACGTTG_001,83
GGGAGGCTTGTATCACGTTG_002,43
GGGAGGCTTGTATCACGTTG_003,160
GGGAGGCTTGTATCACGTTG_004,29
GGGAGGCTTGTATCACGTTG_005,12
GGGAGGCTTGTATCACGTTG_006,35
GACATGTTGAAGATGCGTCG_001,62
GACATGTTGAAGATGCGTCG_002,102
GACATGTTGAAGATGCGTCG_003,29
GACATGTTGAAGATGCGTCG_004,27
GACATGTTGAAGATGCGTCG_005,88
GACATGTTGAAGATGCGTCG_006,127
GACATGTTGAAGATGCGTCG_007,94
GACATGTTGAAGATGCGTCG_008,69
GACATGTTGAAGATGCGTCG_009,98
GACATGTTGAAGATGCGTCG_010,43
GACATGTTGAAGATGCGTCG_011,118
GACATGTTGAAGATGCGTCG_012,15
GACATGTTGAAGATGCGTCG_013,23
GACATGTTGAAGATGCGTCG_014,12
GACATGTTGAAGATGCGTCG_015,18
GACATGTTGAAGATGCGTCG_016,132
GACATGTTGAAGATGCGTCG_017,101
GACATGTTGAAGATGCGTCG_018,63
GACATGTTGAAGATGCGTCG_019,38
GACATGTTGAAGATGCGTCG_020,159
GACATGTTGAAGATGCGTCG_021,33
GACATGTTGAAGATGCGTCG_022,149
GACATGTTGAAGATGCGTCG_023,150
GTGTGTCTGCAACTTCCGGT_001,144
GTGTGTCTGCAACTTCCGGT_002,107
GTGTGTCTGCAACTTCCGGT_003,116
GTGTGTCTGCAACTTCCGGT_004,198
GTGTGTCTGCAACTTCCGGT_005,141
GTGTGTCTGCAACTTCCGGT_006,88
GTGTGTCTGCAACTTCCGGT_007,67
GTGTGTCTGCAACTTCCGGT_008,127
GCTTCTCAGAGGAATACCGA_001,42
AATTTAACATCTTCGAACTG_001,101
AATTTAACATCTTCGAACTG_002,175
AATTTAACATCTTCGAACTG_003,175
AATTTAACATCTTCGAACTG_004,69
AATTTAACATCTTCGAACTG_005,16
AATTTAACATCTTCGAACTG_006,130
AATTTAACATCTTCGAACTG_007,88
AATTTAACATCTTCGAACTG_008,43
AATTTAACATCTTCGAACTG_009,44
CTATGATGCCCCACTGAGTG_001,85
CTATGATGCCCCACTGAGTG_002,130
CTATGATGCCCCACTGAGTG_003,51
GCTTACCGCAGGAACTCACT_001,2
GCTTACCGCAGGAACTCACT_002,27
GCTTACCGCAGGAACTCACT_003,18
GCTTACCGCAGGAACTCACT_004,38
GCTTACCGCAGGAACTCACT_005,181
GCTTACCGCAGGAACTCACT_006,102
GCTTACCGCAGGAACTCACT_007,191
TGGGTTTACTAAAATCCTGA_001,188
TGGGTTTACTAAAATCCTGA_002,105
TGGGTTTACTAAAATCCTGA_003,146
AGCCGGCTCTTACCGTCTGT_001,185
AATATTTGTTCCCACAACCA_001,147
AATATTTGTTCCCACAACCA_002,182
AATATTTGTTCCCACAACCA_003,125
AATATTTGTTCCCACAACCA_004,76
AATATTTGTTCCCACAACCA_005,191
AATATTTGTTCCCACAACCA_006,9
AATATTTGTTCCCACAACCA_007,145
AATATTTGTTCCCACAACCA_008,63
AATATTTGTTCCCACAACCA_009,60
AATATTTGTTCCCACAACCA_010,11
ATTTCCTAGACAATGACCAG_001,174
CAGAGACAGGAACATCAGGG_001,148
CAGAGACAGGAACATCAGGG_002,90
CAGAGACAGGAACATCAGGG_003,142
CAGAGACAGGAACATCAGGG_004,48
CAGAGACAGGAACATCAGGG_005,169
CAGAGACAGGAACATCAGGG_006,160
CAGAGACAGGAACATCAGGG_007,66
CAGAGACAGGAACATCAGGG_008,142
CAGAGACAGGAACATCAGGG_009,166
CAGAGACAGGAACATCAGGG_010,78
CAGAGACAGGAACATCAGGG_011,78
CAGAGACAGGAACATCAGGG_012,120
CAGAGACAGGAACATCAGGG_013,125
GCCCCCGGGGAAAGACTCGG_001,29
GCCCCCGGGGAAAGACTCGG_002,105
GCCCCCGGGGAAAGACTCGG_003,28
GCCCCCGGGGAAAGACTCGG_004,121
GCCCCCGGGGAAAGACTCGG_005,94
GCCCCCGGGGAAAGACTCGG_006,145
GCCCCCGGGGAAAGACTCGG_007,18
GCCCCCGGGGAAAGACTCGG_008,119
GCCCCCGGGGAAAGACTCGG_009,187
GCCCCCGGGGAAAGACTCGG_010,76
GCCCCCGGGGAAAGACTCGG_011,121
GCCCCCGGGGAAAGACTCGG_012,149
GCCCCCGGGGAAAGACTCGG_013,16
GCCCCCGGGGAAAGACTCGG_014,78
GCCCCCGGGGAAAGACTCGG_015,149
GCCCCCGGGGAAAGACTCGG_016,155
GCCCCCGGGGAAAGACTCGG_017,128
GCCCCCGGGGAAAGACTCGG_018,61
GCCCCCGGGGAAAGACTCGG_019,53
GCCCCCGGGGAAAGACTCGG_020,199
GCCCCCGGGGAAAGACTCGG_021,102
GCCCCCGGGGAAAGACTCGG_022,48
GCCCCCGGGGAAAGACTCGG_023,94
GCCCCCGGGGAAAGACTCGG_024,58
GCCCCCGGGGAAAGACTCGG_025,34
GCCCCCGGGGAAAGACTCGG_026,169
GCCCCCGGGGAAAGACTCGG_027,112
GCCCCCGGGGAAAGACTCGG_028,76
GCCCCCGGGGAAAGACTCGG_029,115
GCCCCCGGGGAAAGACTCGG_030,8
GCCCCCGGGGAAAGACTCGG_031,59
GCCCCCGGGGAAAGACTCGG_032,19
GCCCCCGGGGAAAGACTCGG_033,89
GCCCCCGGGGAAAGACTCGG_034,145
GCCCCCGGGGAAAGACTCGG_035,70
GCCCCCGGGGAAAGACTCGG_036,62
GCCCCCGGGGAAAGACTCGG_037,106
GACACTAATAGGTTTCAGAG_001,70
GACACTAATAGGTTTCAGAG_002,96
GACACTAATAGGTTTCAGAG_003,100
GACACTAATAGGTTTCAGAG_004,145
CGACAGGGTCCCATTTGGAG_001,2
GTGTGCACTACTTTGAGTGG_001,137
CTGCCGGCTCAAACGCTGTG_001,131
CTGCCGGCTCAAACGCTGTG_002,145
CTGCCGGCTCAAACGCTGTG_003,199
CTGCCGGCTCAAACGCTGTG_004,28
CTGCCGGCTCAAACGCTGTG_005,62
CTGCCGGCTCAAACGCTGTG_006,169
CTGCCGGCTCAAACGCTGTG_007,156
CTGCCGGCTCAAACGCTGTG_008,156
CTGCCGGCTCAAACGCTGTG_009,24
CTGCCGGCTCAAACGCTGTG_010,139
CTGCCGGCTCAAACGCTGTG_011,183
CTGCCGGCTCAAACGCTGTG_012,45
CTGCCGGCTCAAACGCTGTG_013,82
CTGCCGGCTCAAACGCTGTG_014,124
CTGCCGGCTCAAACGCTGTG_015,147
AGTCTCGGATTGCAAAGACG_001,82
AGTCTCGGATTGCAAAGACG_002,162
AGTCTCGGATTGCAAAGACG_003,28
AGTCTCGGATTGCAAAGACG_004,8
AGTCTCGGATTGCAAAGACG_005,197
AGTCTCGGATTGCAAAGACG_006,21
AGTCTCGGATTGCAAAGACG_007,98
AGTCTCGGATTGCAAAGACG_008,61
AGTCTCGGATTGCAAAGACG_009,106
AGTCTCGGATTGCAAAGACG_010,142
AGTCTCGGATTGCAAAGACG_011,81
AGTCTCGGATTGCAAAGACG_012,35
GAATGAAAACATGATGCGGG_001,154
GAATGAAAACATGATGCGGG_002,160
GAATGAAAACATGATGCGGG_003,172
GAATGAAAACATGATGCGGG_004,41
GGCGGCAAGATCTACTATGA_001,65
GGCGGCAAGATCTACTATGA_002,168
GGCGGCAAGATCTACTATGA_003,58
GGCGGCAAGATCTACTATGA_004,1
GGCGGCAAGATCTACTATGA_005,142
TCACCTATGATGTGAATCAC_001,12
TCACCTATGATGTGAATCAC_002,141
TCACCTATGATGTGAATCAC_003,192
TCACCTATGATGTGAATCAC_004,121
TCACCTATGATGTGAATCAC_005,184
TCACCTATGATGTGAATCAC_006,149
TCACCTATGATGTGAATCAC_007,149
TCACCTATGATGTGAATCAC_008,15
TCACCTATGATGTGAATCAC_009,37
TCACCTATGATGTGAATCAC_010,37
TCACCTATGATGTGAATCAC_011,170
TCACCTATGATGTGAATCAC_012,63
TTGGCACAGTAACACAGCTC_001,183
TTGGCACAGTAACACAGCTC_002,72
TTGGCACAGTAACACAGCTC_003,157
TTGGCACAGTAACACAGCTC_004,125
TTGGCACAGTAACACAGCTC_005,56
TTGGCACAGTAACACAGCTC_006,15
TTGGCACAGTAACACAGCTC_007,65
TTGGCACAGTAACACAGCTC_008,93
CAACACGACCTTCGAGACTG_001,72
CAACACGACCTTCGAGACTG_002,139
CAACACGACCTTCGAGACTG_003,52
CAACACGACCTTCGAGACTG_004,49
CAACACGACCTTCGAGACTG_005,81
CAACACGACCTTCGAGACTG_006,130
CAACACGACCTTCGAGACTG_007,82
CAACACGACCTTCGAGACTG_008,149
CAACACGACCTTCGAGACTG_009,62
CAACACGACCTTCGAGACTG_010,105
CAACACGACCTTCGAGACTG_011,0
CAACACGACCTTCGAGACTG_012,54
CAACACGACCTTCGAGACTG_013,13
CAACACGACCTTCGAGACTG_014,40
CAACACGACCTTCGAGACTG_015,171
CAACACGACCTTCGAGACTG_016,92
CAACACGACCTTCGAGACTG_017,107
CAACACGACCTTCGAGACTG_018,103
CAACACGACCTTCGAGACTG_019,58
CAACACGACCTTCGAGACTG_020,147
CAACACGACCTTCGAGACTG_021,64
CAACACGACCTTCGAGACTG_022,95
CAACACGACCTTCGAGACTG_023,157
CAACACGACCTTCGAGACTG_024,186
CAACACGACCTTCGAGACTG_025,91
CAACACGACCTTCGAGACTG_026,110
CAACACGACCTTCGAGACTG_027,194
CAACACGACCTTCGAGACTG_028,168
CAACACGACCTTCGAGACTG_029,89
CAACACGACCTTCGAGACTG_030,193
CAACACGACCTTCGAGACTG_031,190
CAACACGACCTTCGAGACTG_032,4
CAACACGACCTTCGAGACTG_033,169
CAACACGACCTTCGAGACTG_034,169
CAACACGACCTTCGAGACTG_035,48
CAACACGACCTTCGAGACTG_036,56
CAACACGACCTTCGAGACTG_037,35
CAACACGACCTTCGAGACTG_038,151
CAACACGACCTTCGAGACTG_039,94
CAACACGACCTTCGAGACTG_040,81
CAACACGACCTTCGAGACTG_041,119
CAACACGACCTTCGAGACTG_042,2
CAACACGACCTTCGAGACTG_043,107
CAACACGACCTTCGAGACTG_044,91
CAACACGACCTTCGAGACTG_045,1
CAACACGACCTTCGAGACTG_046,93
CAACACGACCTTCGAGACTG_047,188
CAACACGACCTTCGAGACTG_048,188
CAACACGACCTTCGAGACTG_049,102
CAACACGACCTTCGAGACTG_050,94
CAACACGACCTTCGAGACTG_051,152
CAACACGACCTTCGAGACTG_052,98
CAACACGACCTTCGAGACTG_053,120
AGCGATCTGGACACTCTCCA_001,42
AGCGATCTGGACACTCTCCA_002,106
AGCGATCTGGACACTCTCCA_003,134
AGCGATCTGGACACTCTCCA_004,8
AGCGATCTGGACACTCTCCA_005,163
AGCGATCTGGACACTCTCCA_006,2
AGCGATCTGGACACTCTCCA_007,189
AGCGATCTGGACACTCTCCA_008,184
AGCGATCTGGACACTCTCCA_009,94
AGCGATCTGGACACTCTCCA_010,80
AGCGATCTGGACACTCTCCA_011,88
AGCGATCTGGACACTCTCCA_012,64
AGCGATCTGGACACTCTCCA_013,59
AGCGATCTGGACACTCTCCA_014,57
AGCGATCTGGACACTCTCCA_015,98
AGCGATCTGGACACTCTCCA_016,82
AGCGATCTGGACACTCTCCA_017,176
AGCGATCTGGACACTCTCCA_018,118
AGCGATCTGGACACTCTCCA_019,132
AGCGATCTGGACACTCTCCA_020,115
AGCGATCTGGACACTCTCCA_021,168
AGCGATCTGGACACTCTCCA_022,67
AGCGATCTGGACACTCTCCA_023,169
AGCGATCTGGACACTCTCCA_024,174
AGCGATCTGGACACTCTCCA_025,4
AGCGATCTGGACACTCTCCA_026,172
AGCGATCTGGACACTCTCCA_027,185
AGCGATCTGGACACTCTCCA_028,45
AGCGATCTGGACACTCTCCA_029,141
AGCGATCTGGACACTCTCCA_030,139
AGCGATCTGGACACTCTCCA_031,102
AGCGATCTGGACACTCTCCA_032,174
AGCGATCTGGACACTCTCCA_033,180
AGCGATCTGGACACTCTCCA_034,137
AGCGATCTGGACACTCTCCA_035,193
AGCGATCTGGACACTCTCCA_036,68
AGCGATCTGGACACTCTCCA_037,22
GGAGTTCAAAGCCCAATCTG_001,2
GGAGTTCAAAGCCCAATCTG_002,130
GGAGTTCAAAGCCCAATCTG_003,194
GGAGTTCAAAGCCCAATCTG_004,52
GGAGTTCAAAGCCCAATCTG_005,52
GGAGTTCAAAGCCCAATCTG_006,78
GGAGTTCAAAGCCCAATCTG_007,138
GGAGTTCAAAGCCCAATCTG_008,49
GGAGTTCAAAGCCCAATCTG_009,138
GGAGTTCAAAGCCCAATCTG_010,138
GGAGTTCAAAGCCCAATCTG_011,164
GGAGTTCAAAGCCCAATCTG_012,168
GGAGTTCAAAGCCCAATCTG_013,81
GGAGTTCAAAGCCCAATCTG_014,153
GGAGTTCAAAGCCCAATCTG_015,184
GCACCTCAAAGGGCAAAACG_001,152
GCACCTCAAAGGGCAAAACG_002,45
GCACCTCAAAGGGCAAAACG_003,118
GCACCTCAAAGGGCAAAACG_004,190
GCACCTCAAAGGGCAAAACG_005,140
GCACCTCAAAGGGCAAAACG_006,184
GCACCTCAAAGGGCAAAACG_007,82
GCACCTCAAAGGGCAAAACG_008,38
GCACCTCAAAGGGCAAAACG_009,185
GCACCTCAAAGGGCAAAACG_010,113
GCACCTCAAAGGGCAAAACG_011,160
GCACCTCAAAGGGCAAAACG_012,174
GCACCTCAAAGGGCAAAACG_013,62
GCACCTCAAAGGGCAAAACG_014,105
GCACCTCAAAGGGCAAAACG_015,18
GCACCTCAAAGGGCAAAACG_016,49
GCACCTCAAAGGGCAAAACG_017,58
GCACCTCAAAGGGCAAAACG_018,105
GCACCTCAAAGGGCAAAACG_019,177
GCACCTCAAAGGGCAAAACG_020,47
GCACCTCAAAGGGCAAAACG_021,90
GCACCTCAAAGGGCAAAACG_022,68
GCACCTCAAAGGGCAAAACG_023,98
GCACCTCAAAGGGCAAAACG_024,98
GCACCTCAAAGGGCAAAACG_025,150
GCACCTCAAAGGGCAAAACG_026,16
TATTGCTCCTCTGTCCATCA_001,138
TATTGCTCCTCTGTCCATCA_002,181
TATTGCTCCTCTGTCCATCA_003,19
TATTGCTCCTCTGTCCATCA_004,127
TATTGCTCCTCTGTCCATCA_005,125
TATTGCTCCTCTGTCCATCA_006,148
TATTGCTCCTCTGTCCATCA_007,162
TATTGCTCCTCTGTCCATCA_008,184
GGAGCGGCGGTTTATCTCCG_001,185
GGAGCGGCGGTTTATCTCCG_002,96
GGAGCGGCGGTTTATCTCCG_003,169
GGAGCGGCGGTTTATCTCCG_004,1
GGAGCGGCGGTTTATCTCCG_005,198
GGAGCGGCGGTTTATCTCCG_006,68
GGAGCGGCGGTTTATCTCCG_007,69
GGAGCGGCGGTTTATCTCCG_008,178
GGAGCGGCGGTTTATCTCCG_009,102
GGAGCGGCGGTTTATCTCCG_010,12
GGAGCGGCGGTTTATCTCCG_011,161
GGAGCGGCGGTTTATCTCCG_012,153
GGAGCGGCGGTTTATCTCCG_013,107
GGAGCGGCGGTTTATCTCCG_014,81
GGAGCGGCGGTTTATCTCCG_015,78
GTGTGCTCTGACCAAGGCTG_001,62
GTGTGCTCTGACCAAGGCTG_002,48
GTGTGCTCTGACCAAGGCTG_003,124
GTGTGCTCTGACCAAGGCTG_004,125
GTGTGCTCTGACCAAGGCTG_005,94
GTGTGCTCTGACCAAGGCTG_006,32
GTGTGCTCTGACCAAGGCTG_007,190
ACTGGAAATCCAGACCAATG_001,44
ACTGGAAATCCAGACCAATG_002,168
ACTGGAAATCCAGACCAATG_003,56
GAAGGTGGGCTCCATCCAAG_001,176
GAAGGTGGGCTCCATCCAAG_002,91
GAAGGTGGGCTCCATCCAAG_003,43
GAAGGTGGGCTCCATCCAAG_004,98
GAAGGTGGGCTCCATCCAAG_005,6
GAAGGTGGGCTCCATCCAAG_006,63
GAAGGTGGGCTCCATCCAAG_007,125
GAAGGTGGGCTCCATCCAAG_008,125
GAAGGTGGGCTCCATCCAAG_009,120
GAAGGTGGGCTCCATCCAAG_010,33
GAAGGTGGGCTCCATCCAAG_011,65
GAAGGTGGGCTCCATCCAAG_012,8
GAAGGTGGGCTCCATCCAAG_013,159
GAAGGTGGGCTCCATCCAAG_014,186
TTGAGCAACAAAACTCAGGG_001,141
TTGAGCAACAAAACTCAGGG_002,199
TTGAGCAACAAAACTCAGGG_003,122
TTGAGCAACAAAACTCAGGG_004,199
TTGAGCAACAAAACTCAGGG_005,163
TTGAGCAACAAAACTCAGGG_006,103
TTGAGCAACAAAACTCAGGG_007,98
TTGAGCAACAAAACTCAGGG_008,41
TTGAGCAACAAAACTCAGGG_009,60
TTGAGCAACAAAACTCAGGG_010,118
TTGAGCAACAAAACTCAGGG_011,10
TTGAGCAACAAAACTCAGGG_012,121
TTGAGCAACAAAACTCAGGG_013,34
TTGAGCAACAAAACTCAGGG_014,34
TTGAGCAACAAAACTCAGGG_015,39
TTGAGCAACAAAACTCAGGG_016,199
TTGAGCAACAAAACTCAGGG_017,102
GCAGTCATTAGGGACGCGGG_001,152
GCAGTCATTAGGGACGCGGG_002,68
GCAGTCATTAGGGACGCGGG_003,177
GCAGTCATTAGGGACGCGGG_004,73
GCAGTCATTAGGGACGCGGG_005,169
GCAGTCATTAGGGACGCGGG_006,75
GCAGTCATTAGGGACGCGGG_007,72
GCAGTCATTAGGGACGCGGG_008,96
GCAGTCATTAGGGACGCGGG_009,61
GCAGTCATTAGGGACGCGGG_010,141
GCAGTCATTAGGGACGCGGG_011,162
GCAGTCATTAGGGACGCGGG_012,14
GGAGACTATTCTTGATGGGA_001,190
GGAGACTATTCTTGATGGGA_002,147
GGAGACTATTCTTGATGGGA_003,49
GTGAACTGCAATCTTATTAT_001,19
AAGAGAACGGGAAAAACCTA_001,113
AAGAGAACGGGAAAAACCTA_002,10
AAGAGAACGGGAAAAACCTA_003,6
AAGAGAACGGGAAAAACCTA_004,117
AAGAGAACGGGAAAAACCTA_005,48
AAGAGAACGGGAAAAACCTA_006,174
AAGAGAACGGGAAAAACCTA_007,119
AAGAGAACGGGAAAAACCTA_008,197
AAGAGAACGGGAAAAACCTA_009,56
AAGAGAACGGGAAAAACCTA_010,8
AAGAGAACGGGAAAAACCTA_011,161
AAGAGAACGGGAAAAACCTA_012,1
AACTACTTACATGATGACAG_001,112
AACTACTTACATGATGACAG_002,141
AACTACTTACATGATGACAG_003,30
AACTACTTACATGATGACAG_004,182
AACTACTTACATGATGACAG_005,1
AACTACTTACATGATGACAG_006,63
TGGAATCCCACTCAGCCACG_001,115
TGGAATCCCACTCAGCCACG_002,170
TGGAATCCCACTCAGCCACG_003,152
TGGAATCCCACTCAGCCACG_004,42
TGGAATCCCACTCAGCCACG_005,102
TGGAATCCCACTCAGCCACG_006,184
TGGAATCCCACTCAGCCACG_007,116
TGGAATCCCACTCAGCCACG_008,152
TGGAATCCCACTCAGCCACG_009,193
TGGAATCCCACTCAGCCACG_010,76
TGGAATCCCACTCAGCCACG_011,54
TGGAATCCCACTCAGCCACG_012,98
TGGAATCCCACTCAGCCACG_013,35
TGGAATCCCACTCAGCCACG_014,48
TGGAATCCCACTCAGCCACG_015,121
TGGAATCCCACTCAGCCACG_016,15
TGGAATCCCACTCAGCCACG_017,2
TGGAATCCCACTCAGCCACG_018,43
TGGTGATTATTCATAAATCC_001,102
TGGTGATTATTCATAAATCC_002,94
TACACTGACATCCGCCCCTG_001,25
TACACTGACATCCGCCCCTG_002,103
TACACTGACATCCGCCCCTG_003,184
TACACTGACATCCGCCCCTG_004,94
TACACTGACATCCGCCCCTG_005,131
TACACTGACATCCGCCCCTG_006,104
AGTGCCCGGATCACAGCATG_001,41
AGTGCCCGGATCACAGCATG_002,139
AGTGCCCGGATCACAGCATG_003,76
AGTGCCCGGATCACAGCATG_004,84
AGTGCCCGGATCACAGCATG_005,99
AGTGCCCGGATCACAGCATG_006,55
AGTGCCCGGATCACAGCATG_007,176
AGTGCCCGGATCACAGCATG_008,150
AGTGCCCGGATCACAGCATG_009,80
AGTGCCCGGATCACAGCATG_010,130
AGTGCCCGGATCACAGCATG_011,121
AGTGCCCGGATCACAGCATG_012,50
AGTGCCCGGATCACAGCATG_013,179
AGTGCCCGGATCACAGCATG_014,172
AGTGCCCGGATCACAGCATG_015,83
AGTGCCCGGATCACAGCATG_016,2
AGTGCCCGGATCACAGCATG_017,43
AGTGCCCGGATCACAGCATG_018,169
AGTGCCCGGATCACAGCATG_019,68
AGTGCCCGGATCACAGCATG_020,197
AGTGCCCGGATCACAGCATG_021,3
AGTGCCCGGATCACAGCATG_022,191
AGTGCCCGGATCACAGCATG_023,88
AGTGCCCGGATCACAGCATG_024,50
AGTGCCCGGATCACAGCATG_025,45
AGTGCCCGGATCACAGCATG_026,172
AGTGCCCGGATCACAGCATG_027,43
TCCCAGCTGTCTCCTGAACA_001,158
TCCCAGCTGTCTCCTGAACA_002,198
TTCCAGCAGAAAGAACCCAT_001,147
TTCCAGCAGAAAGAACCCAT_002,170
TTCCAGCAGAAAGAACCCAT_003,70
TTCCAGCAGAAAGAACCCAT_004,6
TTCCAGCAGAAAGAACCCAT_005,29
TTCCAGCAGAAAGAACCCAT_006,29
TTCCAGCAGAAAGAACCCAT_007,199
TTCCAGCAGAAAGAACCCAT_008,199
TTCCAGCAGAAAGAACCCAT_009,38
TTCCAGCAGAAAGAACCCAT_010,40
TTCCAGCAGAAAGAACCCAT_011,55
CAATCACAGTCATCTGATCG_001,193
CAATCACAGTCATCTGATCG_002,9
GAAAAGAGCTAATCACATGG_001,81
GAAAAGAGCTAATCACATGG_002,130
GAAAAGAGCTAATCACATGG_003,188
GAAAAGAGCTAATCACATGG_004,94
TGGTGTCAAATCATACACTG_001,48
TGGTGTCAAATCATACACTG_002,82
TGGTGTCAAATCATACACTG_003,4
TATATGCAGATACGCACAAA_001,68
TATATGCAGATACGCACAAA_002,105
TATATGCAGATACGCACAAA_003,108
TATATGCAGATACGCACAAA_004,125
TATATGCAGATACGCACAAA_005,125
TATATGCAGATACGCACAAA_006,90
CAGGAGAAAGATGTTCCTTG_001,70
CAGGAGAAAGATGTTCCTTG_002,104
CAGGAGAAAGATGTTCCTTG_003,183
CAGGAGAAAGATGTTCCTTG_004,168
CAGGAGAAAGATGTTCCTTG_005,99
CAGGAGAAAGATGTTCCTTG_006,191
AAACGCATCACAGAGATTTG_001,172
AAACGCATCACAGAGATTTG_002,199
AAACGCATCACAGAGATTTG_003,159
CCAGCGCAGAGGACATCCGG_001,127
CCAGCGCAGAGGACATCCGG_002,1
CCAGCGCAGAGGACATCCGG_003,58
CCAGCGCAGAGGACATCCGG_004,17
CCAGCGCAGAGGACATCCGG_005,28
CCAGCGCAGAGGACATCCGG_006,183
CCAGCGCAGAGGACATCCGG_007,133
CCAGCGCAGAGGACATCCGG_008,176
CCAGCGCAGAGGACATCCGG_009,51
CCAGCGCAGAGGACATCCGG_010,130
CCAGCGCAGAGGACATCCGG_011,115
CCAGCGCAGAGGACATCCGG_012,181
CCAGCGCAGAGGACATCCGG_013,2
CCAGCGCAGAGGACATCCGG_014,146
CCAGCGCAGAGGACATCCGG_015,111
CCAGCGCAGAGGACATCCGG_016,38
CCAGCGCAGAGGACATCCGG_017,66
CCAGCGCAGAGGACATCCGG_018,6
CCAGCGCAGAGGACATCCGG_019,6
CCAGCGCAGAGGACATCCGG_020,192
CCAGCGCAGAGGACATCCGG_021,44
CCAGCGCAGAGGACATCCGG_022,176
CCAGCGCAGAGGACATCCGG_023,60
CCAGCGCAGAGGACATCCGG_024,199
CCAGCGCAGAGGACATCCGG_025,127
CCAGCGCAGAGGACATCCGG_026,91
CCAGCGCAGAGGACATCCGG_027,146
CCAGCGCAGAGGACATCCGG_028,59
CCAGCGCAGAGGACATCCGG_029,0
CCAGCGCAGAGGACATCCGG_030,83
CCAGCGCAGAGGACATCCGG_031,166
CCAGCGCAGAGGACATCCGG_032,2
GACCCGATGAACATAGACAC_001,68
GACCCGATGAACATAGACAC_002,157
GACCCGATGAACATAGACAC_003,169
GACCCGATGAACATAGACAC_004,158
GACCCGATGAACATAGACAC_005,86
GACCCGATGAACATAGACAC_006,189
GACCCGATGAACATAGACAC_007,82
GACCCGATGAACATAGACAC_008,13
GACCCGATGAACATAGACAC_009,63
CAGCGAAGTCTTCATCAACC_001,162
CAGCGAAGTCTTCATCAACC_002,16
CAGCGAAGTCTTCATCAACC_003,74
GAGAATGACCAGCGTCCCCA_001,32
GAGAATGACCAGCGTCCCCA_002,2
GAGAATGACCAGCGTCCCCA_003,30
GAGAATGACCAGCGTCCCCA_004,56
GAGAATGACCAGCGTCCCCA_005,172
GAGAATGACCAGCGTCCCCA_006,33
GAGAATGACCAGCGTCCCCA_007,56
GAGAATGACCAGCGTCCCCA_008,130
GAGAATGACCAGCGTCCCCA_009,97
GAGAATGACCAGCGTCCCCA_010,160
GAGAATGACCAGCGTCCCCA_011,37
GAGAATGACCAGCGTCCCCA_012,148
GAGAATGACCAGCGTCCCCA_013,154
GGAAGGCTGCTACCTGCACA_001,6
GGAAGGCTGCTACCTGCACA_002,185
GGAAGGCTGCTACCTGCACA_003,43
GGAAGGCTGCTACCTGCACA_004,88
GGAAGGCTGCTACCTGCACA_005,137
GGAAGGCTGCTACCTGCACA_006,183
GGAAGGCTGCTACCTGCACA_007,77
GGAAGGCTGCTACCTGCACA_008,137
GGAAGGCTGCTACCTGCACA_009,83
GGAAGGCTGCTACCTGCACA_010,76
GGAAGGCTGCTACCTGCACA_011,58
GGAAGGCTGCTACCTGCACA_012,29
GGAAGGCTGCTACCTGCACA_013,16
GGAAGGCTGCTACCTGCACA_014,161
GGAAGGCTGCTACCTGCACA_015,125
GGAAGGCTGCTACCTGCACA_016,132
GGAAGGCTGCTACCTGCACA_017,44
GGAAGGCTGCTACCTGCACA_018,150
GGAAGGCTGCTACCTGCACA_019,83
GGAAGGCTGCTACCTGCACA_020,199
GGAAGGCTGCTACCTGCACA_021,58
CTTACCCCTGCCAGTTCTCG_001,38
CTTACCCCTGCCAGTTCTCG_002,45
GTGGCTAAGGAACTCCACCT_001,152
GTGGCTAAGGAACTCCACCT_002,166
GTGGCTAAGGAACTCCACCT_003,184
GTGGCTAAGGAACTCCACCT_004,151
GTGGCTAAGGAACTCCACCT_005,158
GTGGCTAAGGAACTCCACCT_006,99
GTGGCTAAGGAACTCCACCT_007,98
GTGGCTAAGGAACTCCACCT_008,135
GTGGCTAAGGAACTCCACCT_009,48
GTGGCTAAGGAACTCCACCT_010,109
GTGGCTAAGGAACTCCACCT_011,126
GTGGCTAAGGAACTCCACCT_012,8
GTGGCTAAGGAACTCCACCT_013,158
GTGGCTAAGGAACTCCACCT_014,75
GTGGCTAAGGAACTCCACCT_015,199
GTGGCTAAGGAACTCCACCT_016,105
GTGGCTAAGGAACTCCACCT_017,76
GTGGCTAAGGAACTCCACCT_018,1
GTGGCTAAGGAACTCCACCT_019,94
GTGGCTAAGGAACTCCACCT_020,17
GTGGCTAAGGAACTCCACCT_021,34
GTGGCTAAGGAACTCCACCT_022,82
GTGGCTAAGGAACTCCACCT_023,1
GTGGCTAAGGAACTCCACCT_024,62
AAGACTCCCATTCGACAACA_001,106
AAGACTCCCATTCGACAACA_002,88
AAGACTCCCATTCGACAACA_003,140
AAGACTCCCATTCGACAACA_004,144
AAGACTCCCATTCGACAACA_005,34
AAGACTCCCATTCGACAACA_006,103
AAGACTCCCATTCGACAACA_007,12
AAGACTCCCATTCGACAACA_008,3
ACACGGCCTCATCGATTGTG_001,48
ACACGGCCTCATCGATTGTG_002,180
ACACGGCCTCATCGATTGTG_003,29
ACACGGCCTCATCGATTGTG_004,115
ACACGGCCTCATCGATTGTG_005,17
ACACGGCCTCATCGATTGTG_006,149
ACACGGCCTCATCGATTGTG_007,190
ACACGGCCTCATCGATTGTG_008,190
ACACGGCCTCATCGATTGTG_009,0
ACACGGCCTCATCGATTGTG_010,108
ACACGGCCTCATCGATTGTG_011,188
ACACGGCCTCATCGATTGTG_012,151
ACACGGCCTCATCGATTGTG_013,104
ACACGGCCTCATCGATTGTG_014,85
ACACGGCCTCATCGATTGTG_015,102
ACACGGCCTCATCGATTGTG_016,177
ACACGGCCTCATCGATTGTG_017,125
ACACGGCCTCATCGATTGTG_018,174
ACACGGCCTCATCGATTGTG_019,26
ACACGGCCTCATCGATTGTG_020,148
ACACGGCCTCATCGATTGTG_021,174
ACACGGCCTCATCGATTGTG_022,40
ACACGGCCTCATCGATTGTG_023,170
ACACGGCCTCATCGATTGTG_024,13
ACACGGCCTCATCGATTGTG_025,130
ACACGGCCTCATCGATTGTG_026,174
ACACGGCCTCATCGATTGTG_027,113
ACACGGCCTCATCGATTGTG_028,77
ACACGGCCTCATCGATTGTG_029,13
ACACGGCCTCATCGATTGTG_030,49
ACACGGCCTCATCGATTGTG_031,174
ACACGGCCTCATCGATTGTG_032,102
ACACGGCCTCATCGATTGTG_033,3
ACACGGCCTCATCGATTGTG_034,66
ACACGGCCTCATCGATTGTG_035,41
ACACGGCCTCATCGATTGTG_036,81
ACACGGCCTCATCGATTGTG_037,1
ACACGGCCTCATCGATTGTG_038,93
GACTCCGAGAGGCCTTCACG_001,141
GACTCCGAGAGGCCTTCACG_002,45
GACTCCGAGAGGCCTTCACG_003,52
GACTCCGAGAGGCCTTCACG_004,9
GACTCCGAGAGGCCTTCACG_005,12
GACTCCGAGAGGCCTTCACG_006,104
GACTCCGAGAGGCCTTCACG_007,39
GACTCCGAGAGGCCTTCACG_008,138
GACTCCGAGAGGCCTTCACG_009,165
GACTCCGAGAGGCCTTCACG_010,34
GACTCCGAGAGGCCTTCACG_011,27
GCAGATCGAGAGCCTGAACG_001,1
GCAGATCGAGAGCCTGAACG_002,127
GCAGATCGAGAGCCTGAACG_003,116
GCAGATCGAGAGCCTGAACG_004,56
GCAGATCGAGAGCCTGAACG_005,67
GCAGATCGAGAGCCTGAACG_006,112
GCAGATCGAGAGCCTGAACG_007,87
GCAGATCGAGAGCCTGAACG_008,88
GCAGATCGAGAGCCTGAACG_009,148
GCAGATCGAGAGCCTGAACG_010,172
GCAGATCGAGAGCCTGAACG_011,188
GGGAGCTGATTCATCTGAAG_001,113
GGGAGCTGATTCATCTGAAG_002,155
GGGAGCTGATTCATCTGAAG_003,158
GGGAGCTGATTCATCTGAAG_004,9
AACGCGAGTCCGGTGGCTAG_001,181
AACGCGAGTCCGGTGGCTAG_002,159
AACGCGAGTCCGGTGGCTAG_003,27
AACGCGAGTCCGGTGGCTAG_004,2
AACGCGAGTCCGGTGGCTAG_005,175
AACGCGAGTCCGGTGGCTAG_006,188
AACGCGAGTCCGGTGGCTAG_007,169
AACGCGAGTCCGGTGGCTAG_008,145
AACGCGAGTCCGGTGGCTAG_009,68
AACGCGAGTCCGGTGGCTAG_010,144
AACGCGAGTCCGGTGGCTAG_011,151
AACGCGAGTCCGGTGGCTAG_012,1
AACGCGAGTCCGGTGGCTAG_013,58
AACGCGAGTCCGGTGGCTAG_014,9
AACGCGAGTCCGGTGGCTAG_015,137
AACGCGAGTCCGGTGGCTAG_016,83
AACGCGAGTCCGGTGGCTAG_017,149
AACGCGAGTCCGGTGGCTAG_018,82
AACGCGAGTCCGGTGGCTAG_019,8
AACGCGAGTCCGGTGGCTAG_020,149
AACGCGAGTCCGGTGGCTAG_021,31
AACGCGAGTCCGGTGGCTAG_022,67
AACGCGAGTCCGGTGGCTAG_023,84
AACGCGAGTCCGGTGGCTAG_024,177
AACGCGAGTCCGGTGGCTAG_025,150
AACGCGAGTCCGGTGGCTAG_026,197
AACGCGAGTCCGGTGGCTAG_027,83
AACGCGAGTCCGGTGGCTAG_028,153
AACGCGAGTCCGGTGGCTAG_029,63
TACGCTTGGCCCATTCAACG_001,58
TACGCTTGGCCCATTCAACG_002,117
TACGCTTGGCCCATTCAACG_003,125
TACGCTTGGCCCATTCAACG_004,111
TACGCTTGGCCCATTCAACG_005,175
TACGCTTGGCCCATTCAACG_006,40
TACGCTTGGCCCATTCAACG_007,191
AGCCAAAATGGCTCACAGGA_001,164
AGCCAAAATGGCTCACAGGA_002,50
AGCCAAAATGGCTCACAGGA_003,17
AGCCAAAATGGCTCACAGGA_004,135
AGCCAAAATGGCTCACAGGA_005,175
AGCCAAAATGGCTCACAGGA_006,104
AGCCAAAATGGCTCACAGGA_007,162
AGCCAAAATGGCTCACAGGA_008,148
TGACCACTGTACCCTCCTCG_001,115
TGACCACTGTACCCTCCTCG_002,107
TGACCACTGTACCCTCCTCG_003,168
TGACCACTGTACCCTCCTCG_004,77
TGACCACTGTACCCTCCTCG_005,14
GCTGTCCTGGAGAACAATCT_001,115
GCTGTCCTGGAGAACAATCT_002,191
GCTGTCCTGGAGAACAATCT_003,175
GCTGTCCTGGAGAACAATCT_004,146
GCTGTCCTGGAGAACAATCT_005,183
GCTGTCCTGGAGAACAATCT_006,46
AAACTCACCCGACCTTGACA_001,62
AAACTCACCCGACCTTGACA_002,172
AAACTCACCCGACCTTGACA_003,49
AAACTCACCCGACCTTGACA_004,76
AAACTCACCCGACCTTGACA_005,38
AAACTCACCCGACCTTGACA_006,28
AAACTCACCCGACCTTGACA_007,24
AAACTCACCCGACCTTGACA_008,163
AAACTCACCCGACCTTGACA_009,18
AAACTCACCCGACCTTGACA_010,134
AAACTCACCCGACCTTGACA_011,1
AAACTCACCCGACCTTGACA_012,144
AAACTCACCCGACCTTGACA_013,170
AAACTCACCCGACCTTGACA_014,78
AAACTCACCCGACCTTGACA_015,130
GGGCACTGCCCGATACAGCA_001,33
GGGCACTGCCCGATACAGCA_002,100
GGGCACTGCCCGATACAGCA_003,2
GGGCACTGCCCGATACAGCA_004,180
AATCATTTAAGAATAGAGCC_001,56
AATCATTTAAGAATAGAGCC_002,19
AATCATTTAAGAATAGAGCC_003,58
TTGTTCTGGTGATACTATTG_001,137
TTGTTCTGGTGATACTATTG_002,93
TTGTTCTGGTGATACTATTG_003,184
TGGGGCTACTACGACGTGAG_001,29
TGGGGCTACTACGACGTGAG_002,77
TGGGGCTACTACGACGTGAG_003,14
TGGGGCTACTACGACGTGAG_004,146
TGGGGCTACTACGACGTGAG_005,149
TGGGGCTACTACGACGTGAG_006,8
GATCCACCGAGACCCCACAC_001,178
GATCCACCGAGACCCCACAC_002,18
GATCCACCGAGACCCCACAC_003,169
GATCCACCGAGACCCCACAC_004,184
GATGTAGAATTCATCTAGAA_001,106
GATGTAGAATTCATCTAGAA_002,171
GACCTCCAGTCATTTCGGAG_001,12
GACCTCCAGTCATTTCGGAG_002,172
GACCTCCAGTCATTTCGGAG_003,42
GACCTCCAGTCATTTCGGAG_004,2
GACCTCCAGTCATTTCGGAG_005,145
GGATCCTGACGTTGAGTTGC_001,49
GGATCCTGACGTTGAGTTGC_002,187
GGATCCTGACGTTGAGTTGC_003,11
GTGCATGTATTTCACCAGGC_001,186
GTGCATGTATTTCACCAGGC_002,24
CAGGCTGAATCGTATCACAC_001,12
CAGGCTGAATCGTATCACAC_002,148
CAGGCTGAATCGTATCACAC_003,130
CAGGCTGAATCGTATCACAC_004,72
CAGGCTGAATCGTATCACAC_005,58
CAGGCTGAATCGTATCACAC_006,69
GAGTTGAGTACGGTTGGGCT_001,19
GAGTTGAGTACGGTTGGGCT_002,114
GAGTTGAGTACGGTTGGGCT_003,27
GAGTTGAGTACGGTTGGGCT_004,29
GAGTTGAGTACGGTTGGGCT_005,185
GAGTTGAGTACGGTTGGGCT_006,88
GAGTTGAGTACGGTTGGGCT_007,85
GAGTTGAGTACGGTTGGGCT_008,70
GAGTTGAGTACGGTTGGGCT_009,14
GAGTTGAGTACGGTTGGGCT_010,15
GAGTTGAGTACGGTTGGGCT_011,82
GAGTTGAGTACGGTTGGGCT_012,105
GAGTTGAGTACGGTTGGGCT_013,113
GAGTTGAGTACGGTTGGGCT_014,88
GAGTTGAGTACGGTTGGGCT_015,191
GAGTTGAGTACGGTTGGGCT_016,34
TTCCATAACATAAAAGCACA_001,106
TTCCATAACATAAAAGCACA_002,105
GAAACAAGCCAACGACCTGG_001,48
GAAACAAGCCAACGACCTGG_002,105
GAAACAAGCCAACGACCTGG_003,197
GAAACAAGCCAACGACCTGG_004,2
GAAACAAGCCAACGACCTGG_005,76
GAAACAAGCCAACGACCTGG_006,1
GAAACAAGCCAACGACCTGG_007,57
GAAACAAGCCAACGACCTGG_008,57
TAGGCCAGACAGTTAACACC_001,188
TAGGCCAGACAGTTAACACC_002,188
TAGGCCAGACAGTTAACACC_003,41
TAGGCCAGACAGTTAACACC_004,17
GGTGCCCGACAACTGGCGCG_001,94
GGTGCCCGACAACTGGCGCG_002,118
GGTGCCCGACAACTGGCGCG_003,21
GGTGCCCGACAACTGGCGCG_004,105
GGTGCCCGACAACTGGCGCG_005,63
GGTGCCCGACAACTGGCGCG_006,5
GGTGCCCGACAACTGGCGCG_007,14
GGTGCCCGACAACTGGCGCG_008,29
GGTGCCCGACAACTGGCGCG_009,0
GGTGCCCGACAACTGGCGCG_010,83
GGTGCCCGACAACTGGCGCG_011,13
GGTGCCCGACAACTGGCGCG_012,34
TTGCGCAGGGAGATCCGCCG_001,107
TTGCGCAGGGAGATCCGCCG_002,15
TTGCGCAGGGAGATCCGCCG_003,105
TTGCGCAGGGAGATCCGCCG_004,98
TTGCGCAGGGAGATCCGCCG_005,161
TTGCGCAGGGAGATCCGCCG_006,125
TTGCGCAGGGAGATCCGCCG_007,11
TTGCGCAGGGAGATCCGCCG_008,25
TTGCGCAGGGAGATCCGCCG_009,50
TTGCGCAGGGAGATCCGCCG_010,94
TTGCGCAGGGAGATCCGCCG_011,28
TTGCGCAGGGAGATCCGCCG_012,117
TTGCGCAGGGAGATCCGCCG_013,116
TTGCGCAGGGAGATCCGCCG_014,144
TTGCGCAGGGAGATCCGCCG_015,43
TTGCGCAGGGAGATCCGCCG_016,53
TTGCGCAGGGAGATCCGCCG_017,129
TTGCGCAGGGAGATCCGCCG_018,194
TTGCGCAGGGAGATCCGCCG_019,41
TTGCGCAGGGAGATCCGCCG_020,189
TTGCGCAGGGAGATCCGCCG_021,34
TTGCGCAGGGAGATCCGCCG_022,167
TTGCGCAGGGAGATCCGCCG_023,167
TTGCGCAGGGAGATCCGCCG_024,174
TTGCGCAGGGAGATCCGCCG_025,78
TTGCGCAGGGAGATCCGCCG_026,160
TTGCGCAGGGAGATCCGCCG_027,48
TTGCGCAGGGAGATCCGCCG_028,8
TTGCGCAGGGAGATCCGCCG_029,27
TTGCGCAGGGAGATCCGCCG_030,172
TTGCGCAGGGAGATCCGCCG_031,116
TTGCGCAGGGAGATCCGCCG_032,104
TTGCGCAGGGAGATCCGCCG_033,9
TTGCGCAGGGAGATCCGCCG_034,119
TTGCGCAGGGAGATCCGCCG_035,137
TTGCGCAGGGAGATCCGCCG_036,84
TTGCGCAGGGAGATCCGCCG_037,53
TTGCGCAGGGAGATCCGCCG_038,194
TTGCGCAGGGAGATCCGCCG_039,58
TTGCGCAGGGAGATCCGCCG_040,58
TTGCGCAGGGAGATCCGCCG_041,41
TTGCGCAGGGAGATCCGCCG_042,76
TTGCGCAGGGAGATCCGCCG_043,76
TTGCGCAGGGAGATCCGCCG_044,96
TTGCGCAGGGAGATCCGCCG_045,81
TTGCGCAGGGAGATCCGCCG_046,158
TTGCGCAGGGAGATCCGCCG_047,92
TTGCGCAGGGAGATCCGCCG_048,127
TTGCGCAGGGAGATCCGCCG_049,82
TTGCGCAGGGAGATCCGCCG_050,74
TTGCGCAGGGAGATCCGCCG_051,148
TTGCGCAGGGAGATCCGCCG_052,27
TTGCGCAGGGAGATCCGCCG_053,31
TTGCGCAGGGAGATCCGCCG_054,168
TTGCGCAGGGAGATCCGCCG_055,43
CATGTTGTAAAAGTCTACCG_001,59
CACACTGAACCATATCGATG_001,43
CCATGACTTCATAGCAGATG_001,56
CCATGACTTCATAGCAGATG_002,199
GGAACATTGGTGTGCACGAA_001,157
GGAACATTGGTGTGCACGAA_002,149
GGAACATTGGTGTGCACGAA_003,40
GGAACATTGGTGTGCACGAA_004,156
GGAACATTGGTGTGCACGAA_005,38
GGAACATTGGTGTGCACGAA_006,148
GGAACATTGGTGTGCACGAA_007,105
GGAACATTGGTGTGCACGAA_008,6
GGAACATTGGTGTGCACGAA_009,80
GGAACATTGGTGTGCACGAA_010,104
GGAACATTGGTGTGCACGAA_011,188
GGAACATTGGTGTGCACGAA_012,184
GGAACATTGGTGTGCACGAA_013,29
GGAACATTGGTGTGCACGAA_014,125
GGAACATTGGTGTGCACGAA_015,161
AGGGACGGATGCCTCCTGAG_001,188
AGGGACGGATGCCTCCTGAG_002,101
AGGGACGGATGCCTCCTGAG_003,70
AGGGACGGATGCCTCCTGAG_004,42
AGGGACGGATGCCTCCTGAG_005,96
AGGGACGGATGCCTCCTGAG_006,42
AGGGACGGATGCCTCCTGAG_007,183
AGGGACGGATGCCTCCTGAG_008,121
AGGGACGGATGCCTCCTGAG_009,94
AGGGACGGATGCCTCCTGAG_010,161
AGGGACGGATGCCTCCTGAG_011,78
AGGGACGGATGCCTCCTGAG_012,102
AGGGACGGATGCCTCCTGAG_013,62
AGGGACGGATGCCTCCTGAG_014,2
AGGGACGGATGCCTCCTGAG_015,65
AGGGACGGATGCCTCCTGAG_016,81
AGGGACGGATGCCTCCTGAG_017,119
AGGGACGGATGCCTCCTGAG_018,5
AGGGACGGATGCCTCCTGAG_019,36
AGGGACGGATGCCTCCTGAG_020,17
AGGGACGGATGCCTCCTGAG_021,144
AGGGACGGATGCCTCCTGAG_022,103
AGGGACGGATGCCTCCTGAG_023,86
AGGGACGGATGCCTCCTGAG_024,49
AGGGACGGATGCCTCCTGAG_025,178
AGGGACGGATGCCTCCTGAG_026,108
AGGGACGGATGCCTCCTGAG_027,136
AGGGACGGATGCCTCCTGAG_028,94
AGGGACGGATGCCTCCTGAG_029,174
AGGGACGGATGCCTCCTGAG_030,181
GATGTGGCACAGCGTCGAGT_001,168
GATGTGGCACAGCGTCGAGT_002,184
GATGTGGCACAGCGTCGAGT_003,149
GATGTGGCACAGCGTCGAGT_004,2
GATGTGGCACAGCGTCGAGT_005,147
GATGTGGCACAGCGTCGAGT_006,81
GATGTGGCACAGCGTCGAGT_007,12
GATGTGGCACAGCGTCGAGT_008,78
GATGTGGCACAGCGTCGAGT_009,184
GATGTGGCACAGCGTCGAGT_010,145
GATGTGGCACAGCGTCGAGT_011,48
GATGTGGCACAGCGTCGAGT_012,72
GATGTGGCACAGCGTCGAGT_013,146
GATGTGGCACAGCGTCGAGT_014,8
GATGTGGCACAGCGTCGAGT_015,30
GATGTGGCACAGCGTCGAGT_016,46
GATGTGGCACAGCGTCGAGT_017,112
CACTCCCCTCAGAGCAACTG_001,86
CACTCCCCTCAGAGCAACTG_002,50
CACTCCCCTCAGAGCAACTG_003,21
CACTCCCCTCAGAGCAACTG_004,49
CACTCCCCTCAGAGCAACTG_005,56
CACTCCCCTCAGAGCAACTG_006,176
CACTCCCCTCAGAGCAACTG_007,184
CACTCCCCTCAGAGCAACTG_008,16
CAGAAGGAGATCAACGACCA_001,118
CAGAAGGAGATCAACGACCA_002,138
CAGAAGGAGATCAACGACCA_003,2
CAGAAGGAGATCAACGACCA_004,118
CAGAAGGAGATCAACGACCA_005,122
CAGAAGGAGATCAACGACCA_006,16
CAGAAGGAGATCAACGACCA_007,72
CAGAAGGAGATCAACGACCA_008,116
CAGAAGGAGATCAACGACCA_009,54
CAGAAGGAGATCAACGACCA_010,2
CAGAAGGAGATCAACGACCA_011,118
CAGAAGGAGATCAACGACCA_012,78
CAGAAGGAGATCAACGACCA_013,0
CAGAAGGAGATCAACGACCA_014,10
CAGAAGGAGATCAACGACCA_015,80
CAGAAGGAGATCAACGACCA_016,13
AGGGAGCCAGGGTCCTACAC_001,96
AGGGAGCCAGGGTCCTACAC_002,23
AGGGAGCCAGGGTCCTACAC_003,32
AGGGAGCCAGGGTCCTACAC_004,155
AGGGAGCCAGGGTCCTACAC_005,98
AGGGAGCCAGGGTCCTACAC_006,89
AGGGAGCCAGGGTCCTACAC_007,84
AGGGAGCCAGGGTCCTACAC_008,12
AGGGAGCCAGGGTCCTACAC_009,109
AGGGAGCCAGGGTCCTACAC_010,55
AGGGAGCCAGGGTCCTACAC_011,68
AGGGAGCCAGGGTCCTACAC_012,17
AGGGAGCCAGGGTCCTACAC_013,48
CTGGGTAGCACCGTAAGTCA_001,169
CTGGGTAGCACCGTAAGTCA_002,181
CTGGGTAGCACCGTAAGTCA_003,69
CTGGGTAGCACCGTAAGTCA_004,128
CTGGGTAGCACCGTAAGTCA_005,58
CTGGGTAGCACCGTAAGTCA_006,50
GTACTCGGCTCATGAACAGG_001,166
GTACTCGGCTCATGAACAGG_002,162
CGCAGCCACATACAGTTCGA_001,150
CGCAGCCACATACAGTTCGA_002,169
CGCAGCCACATACAGTTCGA_003,145
CGCAGCCACATACAGTTCGA_004,113
GTGCCTTCAAGGGTGCCACG_001,15
GTGCCTTCAAGGGTGCCACG_002,28
GTGCCTTCAAGGGTGCCACG_003,170
GTGCCTTCAAGGGTGCCACG_004,137
GTGCCTTCAAGGGTGCCACG_005,105
GTGCCTTCAAGGGTGCCACG_006,29
GTGCCTTCAAGGGTGCCACG_007,8
GTGCCTTCAAGGGTGCCACG_008,191
GTGCCTTCAAGGGTGCCACG_009,48
GTGCCTTCAAGGGTGCCACG_010,198
GTGCCTTCAAGGGTGCCACG_011,38
GTGCCTTCAAGGGTGCCACG_012,21
GTGCCTTCAAGGGTGCCACG_013,21
GTGCCTTCAAGGGTGCCACG_014,15
GTGCCTTCAAGGGTGCCACG_015,169
GTGCCTTCAAGGGTGCCACG_016,4
GTGCCTTCAAGGGTGCCACG_017,11
GTGCCTTCAAGGGTGCCACG_018,197
GTGCCTTCAAGGGTGCCACG_019,174
GTGCCTTCAAGGGTGCCACG_020,158
GTGCCTTCAAGGGTGCCACG_021,15
GTGCCTTCAAGGGTGCCACG_022,176
GTGCCTTCAAGGGTGCCACG_023,17
GTGCCTTCAAGGGTGCCACG_024,140
GTGCCTTCAAGGGTGCCACG_025,48
GTGCCTTCAAGGGTGCCACG_026,45
GTGCCTTCAAGGGTGCCACG_027,32
GTGCCTTCAAGGGTGCCACG_028,58
GTGCCTTCAAGGGTGCCACG_029,198
GTGCCTTCAAGGGTGCCACG_030,40
GTGCCTTCAAGGGTGCCACG_031,35
GTGCCTTCAAGGGTGCCACG_032,58
CACGGCCCTGTATCCCCTCG_001,30
CACGGCCCTGTATCCCCTCG_002,57
CACGGCCCTGTATCCCCTCG_003,150
CACGGCCCTGTATCCCCTCG_004,81
CACGGCCCTGTATCCCCTCG_005,93
CACGGCCCTGTATCCCCTCG_006,178
CACGGCCCTGTATCCCCTCG_007,84
CACGGCCCTGTATCCCCTCG_008,103
CACGGCCCTGTATCCCCTCG_009,54
CACGGCCCTGTATCCCCTCG_010,61
CACGGCCCTGTATCCCCTCG_011,59
GGCTGTGGCTATGGAGGCTA_001,24
GGCTGTGGCTATGGAGGCTA_002,163
GGCTGTGGCTATGGAGGCTA_003,174
GGCTGTGGCTATGGAGGCTA_004,149
GGCTGTGGCTATGGAGGCTA_005,17
GGCTGTGGCTATGGAGGCTA_006,78
GGCTGTGGCTATGGAGGCTA_007,131
GGCTGTGGCTATGGAGGCTA_008,178
GGCTGTGGCTATGGAGGCTA_009,29
GGCTGTGGCTATGGAGGCTA_010,160
GGCTGTGGCTATGGAGGCTA_011,185
GGCTGTGGCTATGGAGGCTA_012,34
GGCTGTGGCTATGGAGGCTA_013,193
GGCTGTGGCTATGGAGGCTA_014,129
GGCTGTGGCTATGGAGGCTA_015,26
GGCTGTGGCTATGGAGGCTA_016,44
GGCTGTGGCTATGGAGGCTA_017,68
GGCTGTGGCTATGGAGGCTA_018,194
CCGAGCCCCTGTTTCCGCCG_001,60
CCGAGCCCCTGTTTCCGCCG_002,145
CCGAGCCCCTGTTTCCGCCG_003,146
CCGAGCCCCTGTTTCCGCCG_004,17
CCGAGCCCCTGTTTCCGCCG_005,70
CCGAGCCCCTGTTTCCGCCG_006,170
CCGAGCCCCTGTTTCCGCCG_007,186
AGTCAATACTAATCCACAGT_001,198
AGTCAATACTAATCCACAGT_002,104
AGTCAATACTAATCCACAGT_003,144
AGTCAATACTAATCCACAGT_004,98
AGTCACAGGACAACCATCAC_001,40
AGTCACAGGACAACCATCAC_002,29
AGTCACAGGACAACCATCAC_003,119
AGTCACAGGACAACCATCAC_004,128
AGTCACAGGACAACCATCAC_005,106
AGTCACAGGACAACCATCAC_006,168
AGTCACAGGACAACCATCAC_007,106
AGTCACAGGACAACCATCAC_008,176
AGTCACAGGACAACCATCAC_009,2
AGTCACAGGACAACCATCAC_010,5
AGTCACAGGACAACCATCAC_011,29
AGTCACAGGACAACCATCAC_012,24
AGTCACAGGACAACCATCAC_013,147
AGTCACAGGACAACCATCAC_014,50
AGTCACAGGACAACCATCAC_015,1
AGTCACAGGACAACCATCAC_016,103
AGTCACAGGACAACCATCAC_017,115
AGTCACAGGACAACCATCAC_018,15
AGTCACAGGACAACCATCAC_019,36
AGTCACAGGACAACCATCAC_020,9
AGTCACAGGACAACCATCAC_021,102
AGTCACAGGACAACCATCAC_022,106
AGTCACAGGACAACCATCAC_023,28
AGTCACAGGACAACCATCAC_024,7
AGTCACAGGACAACCATCAC_025,153
AGTCACAGGACAACCATCAC_026,47
AGTCACAGGACAACCATCAC_027,91
AGTCACAGGACAACCATCAC_028,62
AGTCACAGGACAACCATCAC_029,163
AGTCACAGGACAACCATCAC_030,17
CATCTATCCATGACACCACT_001,172
CATCTATCCATGACACCACT_002,192
CATCTATCCATGACACCACT_003,145
CATCTATCCATGACACCACT_004,29
CATCTATCCATGACACCACT_005,41
CATCTATCCATGACACCACT_006,104
CATCTATCCATGACACCACT_007,149
CAGCAAATCCTGTTTCACCA_001,8
CAGCAAATCCTGTTTCACCA_002,55
CAGCAAATCCTGTTTCACCA_003,154
CAGCAAATCCTGTTTCACCA_004,190
CAGCAAATCCTGTTTCACCA_005,88
CAGCAAATCCTGTTTCACCA_006,197
CAGCAAATCCTGTTTCACCA_007,17
CAGCAAATCCTGTTTCACCA_008,24
CAGCAAATCCTGTTTCACCA_009,95
CAGCAAATCCTGTTTCACCA_010,73
CAGCAAATCCTGTTTCACCA_011,186
CAGCAAATCCTGTTTCACCA_012,169
CAGCAAATCCTGTTTCACCA_013,105
CAGCAAATCCTGTTTCACCA_014,105
CAGCAAATCCTGTTTCACCA_015,96
CAGCAAATCCTGTTTCACCA_016,131
CAGCAAATCCTGTTTCACCA_017,152
CAGCAAATCCTGTTTCACCA_018,24
CAGCAAATCCTGTTTCACCA_019,88
CAGCAAATCCTGTTTCACCA_020,78
CAGCAAATCCTGTTTCACCA_021,103
AAACACTTACTTCACTGCGG_001,149
AAACACTTACTTCACTGCGG_002,184
AAACACTTACTTCACTGCGG_003,172
AAACACTTACTTCACTGCGG_004,137
AAACACTTACTTCACTGCGG_005,27
AAACACTTACTTCACTGCGG_006,26
GTCCGCGGTAGGCTTCCAAG_001,116
GTCCGCGGTAGGCTTCCAAG_002,116
GTCCGCGGTAGGCTTCCAAG_003,36
GTCCGCGGTAGGCTTCCAAG_004,29
GTCCGCGGTAGGCTTCCAAG_005,134
GTCCGCGGTAGGCTTCCAAG_006,134
GTCCGCGGTAGGCTTCCAAG_007,116
GCACAAAACCAGCAATGGTC_001,178
GCACAAAACCAGCAATGGTC_002,102
GCACAAAACCAGCAATGGTC_003,107
GCACAAAACCAGCAATGGTC_004,77
GCACAAAACCAGCAATGGTC_005,192
GCACAAAACCAGCAATGGTC_006,62
GCACAAAACCAGCAATGGTC_007,157
GCACAAAACCAGCAATGGTC_008,197
GCACAAAACCAGCAATGGTC_009,113
GCACAAAACCAGCAATGGTC_010,15
GCACAAAACCAGCAATGGTC_011,132
GCACAAAACCAGCAATGGTC_012,23
GCACAAAACCAGCAATGGTC_013,129
GCACAAAACCAGCAATGGTC_014,124
GCACAAAACCAGCAATGGTC_015,149
GCACAAAACCAGCAATGGTC_016,196
GCACAAAACCAGCAATGGTC_017,197
GCACAAAACCAGCAATGGTC_018,56
CCGACAAGATCAAATACCCA_001,127
CCGACAAGATCAAATACCCA_002,5
CCGACAAGATCAAATACCCA_003,147
CCGACAAGATCAAATACCCA_004,101
CCGACAAGATCAAATACCCA_005,67
CCGACAAGATCAAATACCCA_006,67
CCGACAAGATCAAATACCCA_007,20
CCGACAAGATCAAATACCCA_008,197
CCGACAAGATCAAATACCCA_009,105
CCGACAAGATCAAATACCCA_010,194
CCGACAAGATCAAATACCCA_011,68
CCGACAAGATCAAATACCCA_012,14
CATGAAAAGCTCCAAAGCAA_001,32
CATGAAAAGCTCCAAAGCAA_002,6
CATGAAAAGCTCCAAAGCAA_003,183
CATGAAAAGCTCCAAAGCAA_004,105
CATGAAAAGCTCCAAAGCAA_005,16
CATGAAAAGCTCCAAAGCAA_006,127
CATGAAAAGCTCCAAAGCAA_007,33
CAGGAACCGAGTCTCCAGTG_001,115
CAGGAACCGAGTCTCCAGTG_002,182
CAGGAACCGAGTCTCCAGTG_003,163
CAGGAACCGAGTCTCCAGTG_004,9
CAGGAACCGAGTCTCCAGTG_005,40
CAGGAACCGAGTCTCCAGTG_006,61
CAGGAACCGAGTCTCCAGTG_007,25
CAGGAACCGAGTCTCCAGTG_008,28
CAGGAACCGAGTCTCCAGTG_009,165
CTCACATGGTACATAGACGT_001,76
CTCACATGGTACATAGACGT_002,6
GTGGTACAAAAGGCAGACAG_001,57
GTGGTACAAAAGGCAGACAG_002,105
GTGGTACAAAAGGCAGACAG_003,163
GTGGTACAAAAGGCAGACAG_004,162
GTGGTACAAAAGGCAGACAG_005,162
GTGGTACAAAAGGCAGACAG_006,195
GTGGTACAAAAGGCAGACAG_007,113
GTGGTACAAAAGGCAGACAG_008,122
GTGGTACAAAAGGCAGACAG_009,141
GTGGTACAAAAGGCAGACAG_010,113
GTGGTACAAAAGGCAGACAG_011,156
GTGGTACAAAAGGCAGACAG_012,138
GTGGTACAAAAGGCAGACAG_013,79
GTGGTACAAAAGGCAGACAG_014,1
GGGGCTCATCACGGCAGTCA_001,181
CTTCTCTCATGGAACTCATG_001,44
CTTCTCTCATGGAACTCATG_002,113
CTTCTCTCATGGAACTCATG_003,158
CTTCTCTCATGGAACTCATG_004,148
CTTCTCTCATGGAACTCATG_005,171
CTTCTCTCATGGAACTCATG_006,126
CTTCTCTCATGGAACTCATG_007,95
CTTCTCTCATGGAACTCATG_008,155
GGCACTTCACAAGCTCAGTG_001,113
GGCACTTCACAAGCTCAGTG_002,171
GGCACTTCACAAGCTCAGTG_003,137
GGCACTTCACAAGCTCAGTG_004,88
GGCACTTCACAAGCTCAGTG_005,170
GGCACTTCACAAGCTCAGTG_006,48
GGCACTTCACAAGCTCAGTG_007,71
GGCACTTCACAAGCTCAGTG_008,172
GGCACTTCACAAGCTCAGTG_009,86
GGCACTTCACAAGCTCAGTG_010,81
GGCACTTCACAAGCTCAGTG_011,121
GGCACTTCACAAGCTCAGTG_012,116
GGCACTTCACAAGCTCAGTG_013,40
CAGAAGGCTCACGTAGATCA_001,160
CAGAAGGCTCACGTAGATCA_002,157
CAGAAGGCTCACGTAGATCA_003,146
CAGAAGGCTCACGTAGATCA_004,77
CAGAAGGCTCACGTAGATCA_005,199
CAGAAGGCTCACGTAGATCA_006,0
CAGAAGGCTCACGTAGATCA_007,72
CAGAAGGCTCACGTAGATCA_008,192
CAGAAGGCTCACGTAGATCA_009,48
CAGAAGGCTCACGTAGATCA_010,167
CAGAAGGCTCACGTAGATCA_011,167
CAGAAGGCTCACGTAGATCA_012,161
CATGACTACATCGTGCGCAG_001,159
CATGACTACATCGTGCGCAG_002,126
CATGACTACATCGTGCGCAG_003,100
CATGACTACATCGTGCGCAG_004,8
CATGACTACATCGTGCGCAG_005,176
CATGACTACATCGTGCGCAG_006,144
CTGGAGAATTACATACCCAA_001,6
CTGGAGAATTACATACCCAA_002,124
CTGGATGCTCTAGATGTGTG_001,114
CTGGATGCTCTAGATGTGTG_002,4
CTGGATGCTCTAGATGTGTG_003,4
CTGGATGCTCTAGATGTGTG_004,15
CTGGATGCTCTAGATGTGTG_005,77
CTGGATGCTCTAGATGTGTG_006,175
CTGGATGCTCTAGATGTGTG_007,112
CTGGATGCTCTAGATGTGTG_008,172
CTGGATGCTCTAGATGTGTG_009,37
CTGGATGCTCTAGATGTGTG_010,183
CTGGATGCTCTAGATGTGTG_011,46
GTACCCAGACCTAGTGCACA_001,162
GTACCCAGACCTAGTGCACA_002,84
GTACCCAGACCTAGTGCACA_003,137
GTACCCAGACCTAGTGCACA_004,174
GTACCCAGACCTAGTGCACA_005,48
GTACCCAGACCTAGTGCACA_006,16
GTACCCAGACCTAGTGCACA_007,12
GTACCCAGACCTAGTGCACA_008,116
GTACCCAGACCTAGTGCACA_009,147
GTACCCAGACCTAGTGCACA_010,68
GTACCCAGACCTAGTGCACA_011,84
GTACCCAGACCTAGTGCACA_012,150
GTACCCAGACCTAGTGCACA_013,43
GTACCCAGACCTAGTGCACA_014,60
ACCTATGGCAAATCCAAACT_001,160
ACCTATGGCAAATCCAAACT_002,19
ACCTATGGCAAATCCAAACT_003,19
AACAGAACAGTCCACAACCA_001,1
AACAGAACAGTCCACAACCA_002,4
AACAGAACAGTCCACAACCA_003,115
AACAGAACAGTCCACAACCA_004,177
AACAGAACAGTCCACAACCA_005,117
TGCTAAAAGGGAAAAACCTG_001,151
TGCTAAAAGGGAAAAACCTG_002,55
TGCTAAAAGGGAAAAACCTG_003,88
TGCTAAAAGGGAAAAACCTG_004,112
TGCTAAAAGGGAAAAACCTG_005,7
TGCTAAAAGGGAAAAACCTG_006,111
TGCTAAAAGGGAAAAACCTG_007,35
TGCTAAAAGGGAAAAACCTG_008,163
TGCTAAAAGGGAAAAACCTG_009,63
TGCTAAAAGGGAAAAACCTG_010,78
TGCTAAAAGGGAAAAACCTG_011,138
TGCTAAAAGGGAAAAACCTG_012,8
TGCTAAAAGGGAAAAACCTG_013,12
TGCTAAAAGGGAAAAACCTG_014,175
TGCTAAAAGGGAAAAACCTG_015,88
TGCTAAAAGGGAAAAACCTG_016,146
TGCTAAAAGGGAAAAACCTG_017,199
TGCTAAAAGGGAAAAACCTG_018,88
TGCTAAAAGGGAAAAACCTG_019,58
TGCTAAAAGGGAAAAACCTG_020,155
TGCTAAAAGGGAAAAACCTG_021,116
TGCTAAAAGGGAAAAACCTG_022,28
TGCTAAAAGGGAAAAACCTG_023,159
TGCTAAAAGGGAAAAACCTG_024,162
TGCTAAAAGGGAAAAACCTG_025,49
TGCTAAAAGGGAAAAACCTG_026,199
TGCTAAAAGGGAAAAACCTG_027,30
TGCTAAAAGGGAAAAACCTG_028,75
TGCTAAAAGGGAAAAACCTG_029,65
TGTCTACATGGAACTTGTGT_001,7
TGTCTACATGGAACTTGTGT_002,83
TGTCTACATGGAACTTGTGT_003,169
TGTCTACATGGAACTTGTGT_004,107
TGTCTACATGGAACTTGTGT_005,65
ACTCATTGTTGTAGTCCGGG_001,186
ACTCATTGTTGTAGTCCGGG_002,91
ACTCATTGTTGTAGTCCGGG_003,140
ACTCATTGTTGTAGTCCGGG_004,92
ACTCATTGTTGTAGTCCGGG_005,61
ACTCATTGTTGTAGTCCGGG_006,158
ACTCATTGTTGTAGTCCGGG_007,49
TTTGCATAAAACAAAAGTAG_001,184
GAGTCGCAGCGGGAACAGAG_001,196
GAGTCGCAGCGGGAACAGAG_002,12
GAGTCGCAGCGGGAACAGAG_003,127
GAGTCGCAGCGGGAACAGAG_004,168
GAGTCGCAGCGGGAACAGAG_005,157
GAGTCGCAGCGGGAACAGAG_006,116
GAGTCGCAGCGGGAACAGAG_007,1
GAGTCGCAGCGGGAACAGAG_008,38
GAGTCGCAGCGGGAACAGAG_009,14
GAGTCGCAGCGGGAACAGAG_010,36
GAGTCGCAGCGGGAACAGAG_011,135
GAGTCGCAGCGGGAACAGAG_012,86
GAGTCGCAGCGGGAACAGAG_013,83
GAGTCGCAGCGGGAACAGAG_014,148
GAGTCGCAGCGGGAACAGAG_015,71
GAGTCGCAGCGGGAACAGAG_016,58
GAGTCGCAGCGGGAACAGAG_017,13
GAGTCGCAGCGGGAACAGAG_018,34
GAGTCGCAGCGGGAACAGAG_019,34
GAGTCGCAGCGGGAACAGAG_020,0
GAGTCGCAGCGGGAACAGAG_021,39
GAGTCGCAGCGGGAACAGAG_022,146
GAGTCGCAGCGGGAACAGAG_023,127
GAGTCGCAGCGGGAACAGAG_024,166
GAGTCGCAGCGGGAACAGAG_025,3
CACAGAAAGACAGATGACTG_001,122
CACAGAAAGACAGATGACTG_002,26
CACAGAAAGACAGATGACTG_003,63
CACAGAAAGACAGATGACTG_004,150
CACAGAAAGACAGATGACTG_005,19
CACAGAAAGACAGATGACTG_006,58
CACAGAAAGACAGATGACTG_007,123
CACAGAAAGACAGATGACTG_008,120
CACAGAAAGACAGATGACTG_009,110
CACAGAAAGACAGATGACTG_010,100
CACAGAAAGACAGATGACTG_011,173
CACAGAAAGACAGATGACTG_012,107
CCTGCTTGCCGCGAACTGAG_001,157
CCTGCTTGCCGCGAACTGAG_002,130
CCTGCTTGCCGCGAACTGAG_003,111
CCTGCTTGCCGCGAACTGAG_004,115
CCTGCTTGCCGCGAACTGAG_005,160
CCTGCTTGCCGCGAACTGAG_006,166
CCTGCTTGCCGCGAACTGAG_007,94
CCTGCTTGCCGCGAACTGAG_008,57
CCTGCTTGCCGCGAACTGAG_009,113
CCTGCTTGCCGCGAACTGAG_010,113
CCTGCTTGCCGCGAACTGAG_011,175
CCTGCTTGCCGCGAACTGAG_012,52
CCTGCTTGCCGCGAACTGAG_013,50
CCTGCTTGCCGCGAACTGAG_014,81
CCTGCTTGCCGCGAACTGAG_015,1
CCTGCTTGCCGCGAACTGAG_016,69
CCTGCTTGCCGCGAACTGAG_017,129
CCTGCTTGCCGCGAACTGAG_018,103
CCTGCTTGCCGCGAACTGAG_019,158
CCTGCTTGCCGCGAACTGAG_020,143
CCTGCTTGCCGCGAACTGAG_021,48
CCTGCTTGCCGCGAACTGAG_022,79
CCTGCTTGCCGCGAACTGAG_023,36
CCTGCTTGCCGCGAACTGAG_024,156
CCTGCTTGCCGCGAACTGAG_025,104
CCTGCTTGCCGCGAACTGAG_026,158
CCTGCTTGCCGCGAACTGAG_027,117
CCTGCTTGCCGCGAACTGAG_028,143
CCTGCTTGCCGCGAACTGAG_029,143
CCTGCTTGCCGCGAACTGAG_030,19
CCTGCTTGCCGCGAACTGAG_031,81
CCTGCTTGCCGCGAACTGAG_032,27
CCTGCTTGCCGCGAACTGAG_033,148
CCTGCTTGCCGCGAACTGAG_034,152
CCTGCTTGCCGCGAACTGAG_035,76
CCTGCTTGCCGCGAACTGAG_036,63
CCTGCTTGCCGCGAACTGAG_037,146
CCTGCTTGCCGCGAACTGAG_038,4
CCTGCTTGCCGCGAACTGAG_039,114
CCTGCTTGCCGCGAACTGAG_040,166
CCTGCTTGCCGCGAACTGAG_041,46
CCTGCTTGCCGCGAACTGAG_042,6
GTACGGGGCGATCATCCACA_001,27
GTACGGGGCGATCATCCACA_002,170
GTACGGGGCGATCATCCACA_003,50
GTACGGGGCGATCATCCACA_004,28
GTACGGGGCGATCATCCACA_005,11
GTACGGGGCGATCATCCACA_006,168
GTACGGGGCGATCATCCACA_007,38
GTACGGGGCGATCATCCACA_008,150
GTACGGGGCGATCATCCACA_009,62
GTACGGGGCGATCATCCACA_010,174
GTACGGGGCGATCATCCACA_011,194
GTACGGGGCGATCATCCACA_012,40
GTACGGGGCGATCATCCACA_013,48
GTACGGGGCGATCATCCACA_014,149
GTACGGGGCGATCATCCACA_015,174
GTACGGGGCGATCATCCACA_016,96
GTACGGGGCGATCATCCACA_017,94
GTACGGGGCGATCATCCACA_018,60
GTACGGGGCGATCATCCACA_019,48
GTACGGGGCGATCATCCACA_020,22
GTACGGGGCGATCATCCACA_021,11
GTACGGGGCGATCATCCACA_022,150
GTACGGGGCGATCATCCACA_023,3
GTACGGGGCGATCATCCACA_024,182
GTACGGGGCGATCATCCACA_025,198
GTACGGGGCGATCATCCACA_026,76
GTACGGGGCGATCATCCACA_027,38
AAATTGCCCTTTGAGGCTAG_001,65
AAATTGCCCTTTGAGGCTAG_002,160
AAATTGCCCTTTGAGGCTAG_003,156
AAATTGCCCTTTGAGGCTAG_004,32
AAATTGCCCTTTGAGGCTAG_005,163
AAATTGCCCTTTGAGGCTAG_006,108
AAATTGCCCTTTGAGGCTAG_007,88
AAATTGCCCTTTGAGGCTAG_008,81
AAATTGCCCTTTGAGGCTAG_009,1
AAATTGCCCTTTGAGGCTAG_010,163
GAAGATGCCACAGAAAAGGG_001,149
AGGACGTAAACAGATTGAGT_001,104
AGGACGTAAACAGATTGAGT_002,167
AGGACGTAAACAGATTGAGT_003,40
TGGTGAAAAGCACTACAACA_001,49
TGGTGAAAAGCACTACAACA_002,49
TGGTGAAAAGCACTACAACA_003,172
TGGTGAAAAGCACTACAACA_004,76
TGGTGAAAAGCACTACAACA_005,84
TAGATGATGCGGTCTACATG_001,130
CAGGTGGTAGGCGATCCGCG_001,17
CAGGTGGTAGGCGATCCGCG_002,41
CAGGTGGTAGGCGATCCGCG_003,78
CAGGTGGTAGGCGATCCGCG_004,34
CAGGTGGTAGGCGATCCGCG_005,181
CAGGTGGTAGGCGATCCGCG_006,47
CAGGTGGTAGGCGATCCGCG_007,198
CAGGTGGTAGGCGATCCGCG_008,67
AGGACCATCTGCATAACGGA_001,0
AGGACCATCTGCATAACGGA_002,119
AGGACCATCTGCATAACGGA_003,154
AGGACCATCTGCATAACGGA_004,182
AGGACCATCTGCATAACGGA_005,30
AGGACCATCTGCATAACGGA_006,197
AGGACCATCTGCATAACGGA_007,29
AGGACCATCTGCATAACGGA_008,53
AGGACCATCTGCATAACGGA_009,198
AGGACCATCTGCATAACGGA_010,183
AGGACCATCTGCATAACGGA_011,77
AGGACCATCTGCATAACGGA_012,57
AGGACCATCTGCATAACGGA_013,17
AGGACCATCTGCATAACGGA_014,19
AGGACCATCTGCATAACGGA_015,49
AGGACCATCTGCATAACGGA_016,34
AGGACCATCTGCATAACGGA_017,121
AGGACCATCTGCATAACGGA_018,127
AGGACCATCTGCATAACGGA_019,11
AAGAGGTTATGCCATATCAG_001,137
AAGAGGTTATGCCATATCAG_002,115
AAGAGGTTATGCCATATCAG_003,88
AAGAGGTTATGCCATATCAG_004,145
AAGAGGTTATGCCATATCAG_005,129
AAGAGGTTATGCCATATCAG_006,189
AAGAGGTTATGCCATATCAG_007,132
AAGAGGTTATGCCATATCAG_008,113
CAGATCCATCCACACCACCT_001,96
CAGATCCATCCACACCACCT_002,13
CAGATCCATCCACACCACCT_003,85
CAGATCCATCCACACCACCT_004,16
CAGATCCATCCACACCACCT_005,144
CAGATCCATCCACACCACCT_006,108
CAGATCCATCCACACCACCT_007,44
CAGATCCATCCACACCACCT_008,137
CAGATCCATCCACACCACCT_009,62
CAGATCCATCCACACCACCT_010,150
CAGATCCATCCACACCACCT_011,163
CAGATCCATCCACACCACCT_012,166
CAGATCCATCCACACCACCT_013,162
CAGATCCATCCACACCACCT_014,126
CAGATCCATCCACACCACCT_015,147
CAGATCCATCCACACCACCT_016,145
CAGATCCATCCACACCACCT_017,14
CAGATCCATCCACACCACCT_018,101
CAGATCCATCCACACCACCT_019,106
CAGATCCATCCACACCACCT_020,177
CAGATCCATCCACACCACCT_021,130
CAGATCCATCCACACCACCT_022,113
CAGATCCATCCACACCACCT_023,28
CAGATCCATCCACACCACCT_024,52
CAGATCCATCCACACCACCT_025,120
CAGATCCATCCACACCACCT_026,181
CAGATCCATCCACACCACCT_027,81
GGGTCAATGGGCTGACGCTG_001,149
GGGTCAATGGGCTGACGCTG_002,191
GGGTCAATGGGCTGACGCTG_003,147
GGGTCAATGGGCTGACGCTG_004,37
GGGTCAATGGGCTGACGCTG_005,26
GGGTCAATGGGCTGACGCTG_006,67
GGGTCAATGGGCTGACGCTG_007,105
GGGTCAATGGGCTGACGCTG_008,178
GGGTCAATGGGCTGACGCTG_009,58
GGGTCAATGGGCTGACGCTG_010,1
GGGTCAATGGGCTGACGCTG_011,155
GGGTCAATGGGCTGACGCTG_012,175
GGGTCAATGGGCTGACGCTG_013,15
GGGTCAATGGGCTGACGCTG_014,91
GGGTCAATGGGCTGACGCTG_015,40
GGGTCAATGGGCTGACGCTG_016,169
GGGTCAATGGGCTGACGCTG_017,177
GGGTCAATGGGCTGACGCTG_018,5
GGGTCAATGGGCTGACGCTG_019,166
GGGTCAATGGGCTGACGCTG_020,127
GGGTCAATGGGCTGACGCTG_021,173
GGGTCAATGGGCTGACGCTG_022,32
GGGTCAATGGGCTGACGCTG_023,91
GGGTCAATGGGCTGACGCTG_024,2
GGGTCAATGGGCTGACGCTG_025,182
GGGTCAATGGGCTGACGCTG_026,121
GGGTCAATGGGCTGACGCTG_027,174
GGGTCAATGGGCTGACGCTG_028,173
GGGTCAATGGGCTGACGCTG_029,107
CTGGGCTTCAAATACCCGGT_001,45
CTGGGCTTCAAATACCCGGT_002,106
CTGGGCTTCAAATACCCGGT_003,62
ATCACAGACGATACCCTGGG_001,6
ATCACAGACGATACCCTGGG_002,47
ATCACAGACGATACCCTGGG_003,24
ATCACAGACGATACCCTGGG_004,130
ATCACAGACGATACCCTGGG_005,21
ATCACAGACGATACCCTGGG_006,10
ATCACAGACGATACCCTGGG_007,16
ATCACAGACGATACCCTGGG_008,128
ATCACAGACGATACCCTGGG_009,8
ATCACAGACGATACCCTGGG_010,61
ATCACAGACGATACCCTGGG_011,127
ATCACAGACGATACCCTGGG_012,106
ATCACAGACGATACCCTGGG_013,102
ATCACAGACGATACCCTGGG_014,181
ATCACAGACGATACCCTGGG_015,150
ATCACAGACGATACCCTGGG_016,107
ATCACAGACGATACCCTGGG_017,26
ATCACAGACGATACCCTGGG_018,74
ATCACAGACGATACCCTGGG_019,168
ATCACAGACGATACCCTGGG_020,44
ATCACAGACGATACCCTGGG_021,57
CTGGGCAGCGAAGAACTCGG_001,36
CTGGGCAGCGAAGAACTCGG_002,133
CTGGGCAGCGAAGAACTCGG_003,151
CTGGGCAGCGAAGAACTCGG_004,16
CTGGGCAGCGAAGAACTCGG_005,45
CTGGGCAGCGAAGAACTCGG_006,60
CTGGGCAGCGAAGAACTCGG_007,91
CTGGGCAGCGAAGAACTCGG_008,110
ACTGTTTAGTGAACTGCCCT_001,160
ACTGTTTAGTGAACTGCCCT_002,188
ACTGTTTAGTGAACTGCCCT_003,43
ACTGTTTAGTGAACTGCCCT_004,102
ACTGTTTAGTGAACTGCCCT_005,15
ACTGTTTAGTGAACTGCCCT_006,29
ACTGTTTAGTGAACTGCCCT_007,52
ACTGTTTAGTGAACTGCCCT_008,77
ACTGTTTAGTGAACTGCCCT_009,187
ACTGTTTAGTGAACTGCCCT_010,48
ACTGTTTAGTGAACTGCCCT_011,106
ACTGTTTAGTGAACTGCCCT_012,119
ACTGTTTAGTGAACTGCCCT_013,160
ACTGTTTAGTGAACTGCCCT_014,127
ACTGTTTAGTGAACTGCCCT_015,158
ACTGTTTAGTGAACTGCCCT_016,68
ACTGTTTAGTGAACTGCCCT_017,54
ACTGTTTAGTGAACTGCCCT_018,15
ACTGTTTAGTGAACTGCCCT_019,130
ACTGTTTAGTGAACTGCCCT_020,179
GCTGATTCAGGACTGAAACG_001,193
GCTGATTCAGGACTGAAACG_002,182
GGAAACGCCGAAGCTCCGAG_001,154
GGAAACGCCGAAGCTCCGAG_002,176
GGAAACGCCGAAGCTCCGAG_003,134
GGAAACGCCGAAGCTCCGAG_004,5
CAGAGCCATGCTCCCAAGGG_001,7
CAGAGCCATGCTCCCAAGGG_002,130
CAGAGCCATGCTCCCAAGGG_003,78
CAGAGCCATGCTCCCAAGGG_004,168
CAGAGCCATGCTCCCAAGGG_005,72
TGATCAACTACTATACCGGA_001,48
TGATCAACTACTATACCGGA_002,44
TGATCAACTACTATACCGGA_003,121
TGATCAACTACTATACCGGA_004,192
TGATCAACTACTATACCGGA_005,19
TGATCAACTACTATACCGGA_006,85
GTGCCAACATTACACTGTCA_001,91
GCAGACACAATACCTGAGCT_001,28
GCAGACACAATACCTGAGCT_002,53
GCAGACACAATACCTGAGCT_003,170
GCAGACACAATACCTGAGCT_004,179
GCAGACACAATACCTGAGCT_005,2
GCAGACACAATACCTGAGCT_006,189
GCAGACACAATACCTGAGCT_007,139
GCAGACACAATACCTGAGCT_008,51
GCAGACACAATACCTGAGCT_009,19
GCAGACACAATACCTGAGCT_010,106
GCAGACACAATACCTGAGCT_011,88
GCAGACACAATACCTGAGCT_012,2
GCAGACACAATACCTGAGCT_013,125
GCAGACACAATACCTGAGCT_014,188
GCAGACACAATACCTGAGCT_015,184
GCAGACACAATACCTGAGCT_016,88
GCAGACACAATACCTGAGCT_017,126
GCAGACACAATACCTGAGCT_018,130
CAAACTGAAATCGGTAAAGG_001,15
CAAACTGAAATCGGTAAAGG_002,170
CAAACTGAAATCGGTAAAGG_003,80
CAAACTGAAATCGGTAAAGG_004,102
CAAACTGAAATCGGTAAAGG_005,30
CAAACTGAAATCGGTAAAGG_006,174
CAAACTGAAATCGGTAAAGG_007,134
CAAACTGAAATCGGTAAAGG_008,130
CAAACTGAAATCGGTAAAGG_009,69
GAATAAGGACCTGCAGACGA_001,30
GAATAAGGACCTGCAGACGA_002,17
GAATAAGGACCTGCAGACGA_003,45
GGGCCCGAGAGAGCTCGTCC_001,54
GGGCCCGAGAGAGCTCGTCC_002,29
GGGCCCGAGAGAGCTCGTCC_003,21
GGGCCCGAGAGAGCTCGTCC_004,174
GGGCCCGAGAGAGCTCGTCC_005,166
AGGCGATGCAGAAGTACTCG_001,125
AGGCGATGCAGAAGTACTCG_002,130
AGGCGATGCAGAAGTACTCG_003,107
AGGCGATGCAGAAGTACTCG_004,116
AGGCGATGCAGAAGTACTCG_005,5
AGGCGATGCAGAAGTACTCG_006,34
AGGCGATGCAGAAGTACTCG_007,17
AGGCGATGCAGAAGTACTCG_008,62
AGGCGATGCAGAAGTACTCG_009,134
AGGCGATGCAGAAGTACTCG_010,154
AGGCGATGCAGAAGTACTCG_011,82
AGGCGATGCAGAAGTACTCG_012,33
TTGGCGCAGAAGACACAGAC_001,77
TTGGCGCAGAAGACACAGAC_002,147
TTGGCGCAGAAGACACAGAC_003,87
TTGGCGCAGAAGACACAGAC_004,22
TTGGCGCAGAAGACACAGAC_005,56
TTGGCGCAGAAGACACAGAC_006,144
TTGGCGCAGAAGACACAGAC_007,168
TTGGCGCAGAAGACACAGAC_008,9
TTGGCGCAGAAGACACAGAC_009,66
TTGGCGCAGAAGACACAGAC_010,39
TTGGCGCAGAAGACACAGAC_011,89
TTGGCGCAGAAGACACAGAC_012,117
TTGGCGCAGAAGACACAGAC_013,63
ACGCCAAAGAAGATGAGTCA_001,113
ACGCCAAAGAAGATGAGTCA_002,56
ACGCCAAAGAAGATGAGTCA_003,5
ACGCCAAAGAAGATGAGTCA_004,50
ACGCCAAAGAAGATGAGTCA_005,62
ACGCCAAAGAAGATGAGTCA_006,45
ACGCCAAAGAAGATGAGTCA_007,107
ACGCCAAAGAAGATGAGTCA_008,96
ACGCCAAAGAAGATGAGTCA_009,144
ACGCCAAAGAAGATGAGTCA_010,104
ACGCCAAAGAAGATGAGTCA_011,26
ACGCCAAAGAAGATGAGTCA_012,40
ACGCCAAAGAAGATGAGTCA_013,15
ACGCCAAAGAAGATGAGTCA_014,184
ACGCCAAAGAAGATGAGTCA_015,58
ACGCCAAAGAAGATGAGTCA_016,170
ACGCCAAAGAAGATGAGTCA_017,50
ACGCCAAAGAAGATGAGTCA_018,25
ACGCCAAAGAAGATGAGTCA_019,15
CCCCCAAAAAGTCTCGTGTG_001,116
CCCCCAAAAAGTCTCGTGTG_002,29
CCCCCAAAAAGTCTCGTGTG_003,177
CCCCCAAAAAGTCTCGTGTG_004,185
CCCCCAAAAAGTCTCGTGTG_005,185
CCCCCAAAAAGTCTCGTGTG_006,94
CCCCCAAAAAGTCTCGTGTG_007,137
CCCCCAAAAAGTCTCGTGTG_008,81
CCCCCAAAAAGTCTCGTGTG_009,46
TGGATACCGTTCAGTGCAAG_001,173
TGGATACCGTTCAGTGCAAG_002,21
TGGATACCGTTCAGTGCAAG_003,184
TGGATACCGTTCAGTGCAAG_004,175
TGGATACCGTTCAGTGCAAG_005,9
TGGATACCGTTCAGTGCAAG_006,180
TGGATACCGTTCAGTGCAAG_007,124
GTTCAATGTCGCAGAAGGGA_001,188
GTTCAATGTCGCAGAAGGGA_002,176
GTTCAATGTCGCAGAAGGGA_003,76
GTTCAATGTCGCAGAAGGGA_004,31
GTTCAATGTCGCAGAAGGGA_005,172
GTTCAATGTCGCAGAAGGGA_006,105
GTTCAATGTCGCAGAAGGGA_007,141
GTTCAATGTCGCAGAAGGGA_008,160
GTTCAATGTCGCAGAAGGGA_009,86
CCTGCGGAGGAACAACCGTG_001,153
CCTGCGGAGGAACAACCGTG_002,170
CCTGCGGAGGAACAACCGTG_003,46
CCTGCGGAGGAACAACCGTG_004,77
CCTGCGGAGGAACAACCGTG_005,84
CCTGCGGAGGAACAACCGTG_006,76
CCTGCGGAGGAACAACCGTG_007,2
CCTGCGGAGGAACAACCGTG_008,119
CCTGCGGAGGAACAACCGTG_009,38
CCTGCGGAGGAACAACCGTG_010,197
CCTGCGGAGGAACAACCGTG_011,19
CCTGCGGAGGAACAACCGTG_012,188
CCTGCGGAGGAACAACCGTG_013,22
CCTGCGGAGGAACAACCGTG_014,127
CCTGCGGAGGAACAACCGTG_015,57
CCTGCGGAGGAACAACCGTG_016,81
CCTGCGGAGGAACAACCGTG_017,70
GCTCAGCACCCAGTCACCCA_001,89
GCTCAGCACCCAGTCACCCA_002,124
GCTCAGCACCCAGTCACCCA_003,34
GCTCAGCACCCAGTCACCCA_004,48
GCTCAGCACCCAGTCACCCA_005,186
GCTCAGCACCCAGTCACCCA_006,46
GCTCAGCACCCAGTCACCCA_007,138
TGGCTCCGTCAAGCGAAGAA_001,45
TGGCTCCGTCAAGCGAAGAA_002,144
TGGCTCCGTCAAGCGAAGAA_003,9
TGGCTCCGTCAAGCGAAGAA_004,94
TGGCTCCGTCAAGCGAAGAA_005,46
TGGCTCCGTCAAGCGAAGAA_006,77
TGGCTCCGTCAAGCGAAGAA_007,65
TGGCTCCGTCAAGCGAAGAA_008,149
TGGCTCCGTCAAGCGAAGAA_009,77
TGGCTCCGTCAAGCGAAGAA_010,169
TGGCTCCGTCAAGCGAAGAA_011,165
TGGCTCCGTCAAGCGAAGAA_012,197
CTGAGGGTGTAAGTCAACAG_001,49
CTGAGGGTGTAAGTCAACAG_002,43
CTGAGGGTGTAAGTCAACAG_003,11
CTGAGGGTGTAAGTCAACAG_004,188
CTGAGGGTGTAAGTCAACAG_005,144
CTGAGGGTGTAAGTCAACAG_006,147
CTGAGGGTGTAAGTCAACAG_007,49
CTGAGGGTGTAAGTCAACAG_008,2
CTGAGGGTGTAAGTCAACAG_009,138
CTGAGGGTGTAAGTCAACAG_010,97
GAAACCTTCGCAATAGCCCG_001,189
GAAACCTTCGCAATAGCCCG_002,34
GAAACCTTCGCAATAGCCCG_003,68
GAAACCTTCGCAATAGCCCG_004,169
GAAACCTTCGCAATAGCCCG_005,141
GAAACCTTCGCAATAGCCCG_006,166
TAATACTTACAGCGATAACC_001,33
ATCCGTTGCAAGATCAAGGA_001,115
ATCCGTTGCAAGATCAAGGA_002,191
ATCCGTTGCAAGATCAAGGA_003,156
ATCCGTTGCAAGATCAAGGA_004,34
ATCCGTTGCAAGATCAAGGA_005,31
ATCCGTTGCAAGATCAAGGA_006,92
ATCCGTTGCAAGATCAAGGA_007,140
ATCCGTTGCAAGATCAAGGA_008,62
ATCCGTTGCAAGATCAAGGA_009,94
ATCCGTTGCAAGATCAAGGA_010,19
ATCCGTTGCAAGATCAAGGA_011,147
ATCCGTTGCAAGATCAAGGA_012,107
ATCCGTTGCAAGATCAAGGA_013,82
ATCCGTTGCAAGATCAAGGA_014,5
ATCCGTTGCAAGATCAAGGA_015,41
ATCCGTTGCAAGATCAAGGA_016,34
ATCCGTTGCAAGATCAAGGA_017,192
ATCCGTTGCAAGATCAAGGA_018,73
ATCCGTTGCAAGATCAAGGA_019,83
ATCCGTTGCAAGATCAAGGA_020,102
ATCCGTTGCAAGATCAAGGA_021,28
ATCCGTTGCAAGATCAAGGA_022,94
ATCCGTTGCAAGATCAAGGA_023,121
ATCCGTTGCAAGATCAAGGA_024,44
TTATGGTGTTGGTCGTTCAG_001,115
TTATGGTGTTGGTCGTTCAG_002,184
TTATGGTGTTGGTCGTTCAG_003,12
TTATGGTGTTGGTCGTTCAG_004,48
TTATGGTGTTGGTCGTTCAG_005,82
TTATGGTGTTGGTCGTTCAG_006,173
TTATGGTGTTGGTCGTTCAG_007,160
TTATGGTGTTGGTCGTTCAG_008,171
TTATGGTGTTGGTCGTTCAG_009,0
TTATGGTGTTGGTCGTTCAG_010,124
TTATGGTGTTGGTCGTTCAG_011,46
GATCTGGATAGCTCAGCGAT_001,23
GATCTGGATAGCTCAGCGAT_002,56
GATCTGGATAGCTCAGCGAT_003,68
GGAGCATCCATTCGACATCA_001,96
GGAGCATCCATTCGACATCA_002,81
AGCTGGTAGAGGTAGGCAAG_001,22
AGCTGGTAGAGGTAGGCAAG_002,47
AGCTGGTAGAGGTAGGCAAG_003,36
AGCTGGTAGAGGTAGGCAAG_004,159
AGCTGGTAGAGGTAGGCAAG_005,21
AGCTGGTAGAGGTAGGCAAG_006,145
AGCTGGTAGAGGTAGGCAAG_007,161
AGCTGGTAGAGGTAGGCAAG_008,118
AGCTGGTAGAGGTAGGCAAG_009,25
AGCTGGTAGAGGTAGGCAAG_010,65
AGCTGGTAGAGGTAGGCAAG_011,160
AGCTGGTAGAGGTAGGCAAG_012,145
AGCTGGTAGAGGTAGGCAAG_013,74
AGCTGGTAGAGGTAGGCAAG_014,130
AGCTGGTAGAGGTAGGCAAG_015,104
AGCTGGTAGAGGTAGGCAAG_016,31
AGCTGGTAGAGGTAGGCAAG_017,77
AGCTGGTAGAGGTAGGCAAG_018,140
AGCTGGTAGAGGTAGGCAAG_019,94
AGCTGGTAGAGGTAGGCAAG_020,130
AGCTGGTAGAGGTAGGCAAG_021,175
AGCTGGTAGAGGTAGGCAAG_022,153
AGCTGGTAGAGGTAGGCAAG_023,46
AGCTGGTAGAGGTAGGCAAG_024,16
TCAGGTTTCACGATAAAAGT_001,58
TCAGGTTTCACGATAAAAGT_002,0
TCAGGTTTCACGATAAAAGT_003,4
TCAGGTTTCACGATAAAAGT_004,135
TCAGGTTTCACGATAAAAGT_005,47
CTTTAGCACACCTAGCGACA_001,140
TATTCCACTTAATGCCCTCG_001,146
TATTCCACTTAATGCCCTCG_002,199
TAAACGCTACCACATAGCAA_001,187
TAAACGCTACCACATAGCAA_002,126
TAAACGCTACCACATAGCAA_003,56
ATTAAAAAAGGCTACACACG_001,13
ATTAAAAAAGGCTACACACG_002,23
ATTAAAAAAGGCTACACACG_003,185
ATTAAAAAAGGCTACACACG_004,27
ATTAAAAAAGGCTACACACG_005,129
ATTAAAAAAGGCTACACACG_006,75
CTGTGTGAGATGGTCAAGCA_001,95
CTGTGTGAGATGGTCAAGCA_002,27
CTGTGTGAGATGGTCAAGCA_003,8
CTGTGTGAGATGGTCAAGCA_004,49
CTGTGTGAGATGGTCAAGCA_005,29
CTGTGTGAGATGGTCAAGCA_006,168
CTGTGTGAGATGGTCAAGCA_007,116
CTGTGTGAGATGGTCAAGCA_008,115
CTGTGTGAGATGGTCAAGCA_009,29
CTGTGTGAGATGGTCAAGCA_010,49
CTGTGTGAGATGGTCAAGCA_011,54
CTGTGTGAGATGGTCAAGCA_012,95
CTGTGTGAGATGGTCAAGCA_013,19
CTGTGTGAGATGGTCAAGCA_014,29
CTGTGTGAGATGGTCAAGCA_015,63
CTGTGTGAGATGGTCAAGCA_016,48
CTGTGTGAGATGGTCAAGCA_017,166
CTGTGTGAGATGGTCAAGCA_018,26
CTGTGTGAGATGGTCAAGCA_019,62
CTGTGTGAGATGGTCAAGCA_020,35
CTGTGTGAGATGGTCAAGCA_021,144
CCTCGGTATTCTCACCAGCA_001,10
CTGAGGCGACTCCCCTACTG_001,180
CTGAGGCGACTCCCCTACTG_002,106
CTGAGGCGACTCCCCTACTG_003,43
CTGAGGCGACTCCCCTACTG_004,186
CTGAGGCGACTCCCCTACTG_005,45
CTGAGGCGACTCCCCTACTG_006,130
CTGAGGCGACTCCCCTACTG_007,28
CTGAGGCGACTCCCCTACTG_008,147
CTGAGGCGACTCCCCTACTG_009,182
CTGAGGCGACTCCCCTACTG_010,94
CTGAGGCGACTCCCCTACTG_011,132
CTGAGGCGACTCCCCTACTG_012,198
CTGAGGCGACTCCCCTACTG_013,149
CTGAGGCGACTCCCCTACTG_014,50
CTGAGGCGACTCCCCTACTG_015,129
CTGAGGCGACTCCCCTACTG_016,104
CTGAGGCGACTCCCCTACTG_017,98
GATATGGTGCCCATAAACCG_001,7
GATATGGTGCCCATAAACCG_002,119
GATATGGTGCCCATAAACCG_003,62
GATATGGTGCCCATAAACCG_004,127
GATATGGTGCCCATAAACCG_005,47
GATATGGTGCCCATAAACCG_006,196
GATATGGTGCCCATAAACCG_007,83
GATATGGTGCCCATAAACCG_008,143
GATATGGTGCCCATAAACCG_009,168
GATATGGTGCCCATAAACCG_010,82
GATATGGTGCCCATAAACCG_011,41
GATATGGTGCCCATAAACCG_012,13
GATATGGTGCCCATAAACCG_013,15
GATATGGTGCCCATAAACCG_014,170
CTTAGTATCAGAACAGCTCT_001,161
CTTAGTATCAGAACAGCTCT_002,6
CTTAGTATCAGAACAGCTCT_003,175
CTTAGTATCAGAACAGCTCT_004,40
CTTAGTATCAGAACAGCTCT_005,190
CTTAGTATCAGAACAGCTCT_006,192
CTTAGTATCAGAACAGCTCT_007,60
CTTAGTATCAGAACAGCTCT_008,184
GTCGTCCGGGATTACAAAAT_001,11
GTCGTCCGGGATTACAAAAT_002,60
GTCGTCCGGGATTACAAAAT_003,175
GTCGTCCGGGATTACAAAAT_004,12
GTCGTCCGGGATTACAAAAT_005,197
GTCGTCCGGGATTACAAAAT_006,150
GTCGTCCGGGATTACAAAAT_007,21
GTCGTCCGGGATTACAAAAT_008,9
GTCGTCCGGGATTACAAAAT_009,11
GTCGTCCGGGATTACAAAAT_010,35
GTCGTCCGGGATTACAAAAT_011,99
GGGGGCTCAATGGTACTGTG_001,84
GGGGGCTCAATGGTACTGTG_002,147
GGGGGCTCAATGGTACTGTG_003,127
GGGGGCTCAATGGTACTGTG_004,1
GGGGGCTCAATGGTACTGTG_005,162
GGGGGCTCAATGGTACTGTG_006,17
GGGGGCTCAATGGTACTGTG_007,12
GGGGGCTCAATGGTACTGTG_008,17
GGGGGCTCAATGGTACTGTG_009,14
GGGGGCTCAATGGTACTGTG_010,171
GGGGGCTCAATGGTACTGTG_011,10
GGGGGCTCAATGGTACTGTG_012,101
GCACGAGTATGAATAGGTGT_001,94
GCACGAGTATGAATAGGTGT_002,181
GCACGAGTATGAATAGGTGT_003,166
GCACGAGTATGAATAGGTGT_004,99
GCACGAGTATGAATAGGTGT_005,28
GCACGAGTATGAATAGGTGT_006,193
GCACGAGTATGAATAGGTGT_007,60
GCACGAGTATGAATAGGTGT_008,145
GCACGAGTATGAATAGGTGT_009,43
GCACGAGTATGAATAGGTGT_010,59
GCACGAGTATGAATAGGTGT_011,106
GCACGAGTATGAATAGGTGT_012,153
CTTGCCAGAAGGGTCGATAG_001,127
CTTGCCAGAAGGGTCGATAG_002,177
CTTGCCAGAAGGGTCGATAG_003,156
CTTGCCAGAAGGGTCGATAG_004,94
CTTGCCAGAAGGGTCGATAG_005,48
CTTGCCAGAAGGGTCGATAG_006,154
CTTGCCAGAAGGGTCGATAG_007,29
CTTGCCAGAAGGGTCGATAG_008,13
CTTGCCAGAAGGGTCGATAG_009,124
CTTGCCAGAAGGGTCGATAG_010,49
CTTGCCAGAAGGGTCGATAG_011,19
GCGTGTGCCATGGAGACTTG_001,148
GCGTGTGCCATGGAGACTTG_002,128
GCGTGTGCCATGGAGACTTG_003,5
GCGTGTGCCATGGAGACTTG_004,8
GCGTGTGCCATGGAGACTTG_005,188
GCGTGTGCCATGGAGACTTG_006,49
ACTATGTGCGTATCAAGCAA_001,118
ACTATGTGCGTATCAAGCAA_002,119
ACTATGTGCGTATCAAGCAA_003,48
AGCTCTCAGGAGCTATAAGA_001,127
AGCTCTCAGGAGCTATAAGA_002,110
AGCTCTCAGGAGCTATAAGA_003,58
AGCTCTCAGGAGCTATAAGA_004,160
AGCTCTCAGGAGCTATAAGA_005,60
CTTGGTTCTAATCACAAACG_001,79
CTTGGTTCTAATCACAAACG_002,172
CTTGGTTCTAATCACAAACG_003,111
GCTCCTGCGAGCGGCGACGG_001,26
GCTCCTGCGAGCGGCGACGG_002,50
GCTCCTGCGAGCGGCGACGG_003,161
GCTCCTGCGAGCGGCGACGG_004,93
GCTCCTGCGAGCGGCGACGG_005,1
GCTCCTGCGAGCGGCGACGG_006,115
GCTCCTGCGAGCGGCGACGG_007,78
GCTCCTGCGAGCGGCGACGG_008,151
GCTCCTGCGAGCGGCGACGG_009,2
GCTCCTGCGAGCGGCGACGG_010,41
GCTCCTGCGAGCGGCGACGG_011,76
GCTCCTGCGAGCGGCGACGG_012,155
GCTCCTGCGAGCGGCGACGG_013,29
GCTCCTGCGAGCGGCGACGG_014,162
GCTCCTGCGAGCGGCGACGG_015,137
GCTCCTGCGAGCGGCGACGG_016,188
GCTCCTGCGAGCGGCGACGG_017,96
GCTCCTGCGAGCGGCGACGG_018,140
GCTCCTGCGAGCGGCGACGG_019,173
GCTCCTGCGAGCGGCGACGG_020,173
GCTCCTGCGAGCGGCGACGG_021,50
GCTCCTGCGAGCGGCGACGG_022,102
GCTCCTGCGAGCGGCGACGG_023,58
GCTCCTGCGAGCGGCGACGG_024,60
GCTCCTGCGAGCGGCGACGG_025,77
GCTCCTGCGAGCGGCGACGG_026,78
GCTCCTGCGAGCGGCGACGG_027,135
GCTCCTGCGAGCGGCGACGG_028,169
GCTCCTGCGAGCGGCGACGG_029,192
GCTCCTGCGAGCGGCGACGG_030,41
GCTCCTGCGAGCGGCGACGG_031,72
GCTCCTGCGAGCGGCGACGG_032,72
GCTCCTGCGAGCGGCGACGG_033,75
GCTCCTGCGAGCGGCGACGG_034,75
GCTCCTGCGAGCGGCGACGG_035,65
GCTCCTGCGAGCGGCGACGG_036,81
GCTCCTGCGAGCGGCGACGG_037,88
GCTCCTGCGAGCGGCGACGG_038,83
GCTCCTGCGAGCGGCGACGG_039,61
GCTCCTGCGAGCGGCGACGG_040,12
GCTCCTGCGAGCGGCGACGG_041,50
GCTCCTGCGAGCGGCGACGG_042,158
GCTCCTGCGAGCGGCGACGG_043,158
GCTCCTGCGAGCGGCGACGG_044,5
GCTCCTGCGAGCGGCGACGG_045,106
GCTCCTGCGAGCGGCGACGG_046,115
GCTCCTGCGAGCGGCGACGG_047,199
GCTCCTGCGAGCGGCGACGG_048,65
GCTCCTGCGAGCGGCGACGG_049,116
GCTCCTGCGAGCGGCGACGG_050,19
GCTCCTGCGAGCGGCGACGG_051,49
GCTCCTGCGAGCGGCGACGG_052,78
GCTCCTGCGAGCGGCGACGG_053,40
GCTCCTGCGAGCGGCGACGG_054,63
GCTCCTGCGAGCGGCGACGG_055,149
GCTCCTGCGAGCGGCGACGG_056,182
GCTCCTGCGAGCGGCGACGG_057,101
GCTGCACTCACCACTCAGCG_001,94
GCTGCACTCACCACTCAGCG_002,111
GCTGCACTCACCACTCAGCG_003,176
GCTGCACTCACCACTCAGCG_004,41
GCTGCACTCACCACTCAGCG_005,17
GCTGCACTCACCACTCAGCG_006,87
GCTGCACTCACCACTCAGCG_007,50
GCTGCACTCACCACTCAGCG_008,24
GCTGCACTCACCACTCAGCG_009,16
GCTGCACTCACCACTCAGCG_010,121
GCTGCACTCACCACTCAGCG_011,142
GCTGCACTCACCACTCAGCG_012,27
GCTGCACTCACCACTCAGCG_013,105
GCTGCACTCACCACTCAGCG_014,149
GCTGCACTCACCACTCAGCG_015,99
GCTGCACTCACCACTCAGCG_016,77
CACCAGAAGTGGCTTTCTCA_001,47
CACCAGAAGTGGCTTTCTCA_002,182
CACCAGAAGTGGCTTTCTCA_003,51
CACCAGAAGTGGCTTTCTCA_004,47
CACCAGAAGTGGCTTTCTCA_005,100
CACCAGAAGTGGCTTTCTCA_006,137
CACCAGAAGTGGCTTTCTCA_007,54
CACCAGAAGTGGCTTTCTCA_008,138
CACCAGAAGTGGCTTTCTCA_009,84
TTTACACGGAGAACGAGAGG_001,15
TTTACACGGAGAACGAGAGG_002,116
TTTACACGGAGAACGAGAGG_003,118
CCTCTGTACACGCCACACAC_001,71
CCTCTGTACACGCCACACAC_002,30
CCTCTGTACACGCCACACAC_003,152
GGTCTGCAGTCTCACCGCCG_001,146
GGTCTGCAGTCTCACCGCCG_002,47
AAGAGAATAGCTTTCTCCAG_001,59
CATTATTACTCACAGCGTTG_001,66
CATTATTACTCACAGCGTTG_002,128
GGACCTCAAACTGTTAACCG_001,98
GGACCTCAAACTGTTAACCG_002,81
GGACCTCAAACTGTTAACCG_003,172
GGACCTCAAACTGTTAACCG_004,105
GGACCTCAAACTGTTAACCG_005,146
GGACCTCAAACTGTTAACCG_006,53
TTCTGAATGATAATAGTCAG_001,113
GATTTCCAAAGAACAAGCTG_001,181
GATTTCCAAAGAACAAGCTG_002,131
GATTTCCAAAGAACAAGCTG_003,175
GATTTCCAAAGAACAAGCTG_004,141
GATTTCCAAAGAACAAGCTG_005,121
GATTTCCAAAGAACAAGCTG_006,101
GATTTCCAAAGAACAAGCTG_007,41
GATTTCCAAAGAACAAGCTG_008,148
GATTTCCAAAGAACAAGCTG_009,59
GATTTCCAAAGAACAAGCTG_010,169
GATTTCCAAAGAACAAGCTG_011,157
GATTTCCAAAGAACAAGCTG_012,118
GATTTCCAAAGAACAAGCTG_013,58
GATTTCCAAAGAACAAGCTG_014,130
GATTTCCAAAGAACAAGCTG_015,70
GATTTCCAAAGAACAAGCTG_016,162
GATTTCCAAAGAACAAGCTG_017,16
GATTTCCAAAGAACAAGCTG_018,116
GATTTCCAAAGAACAAGCTG_019,168
GATTTCCAAAGAACAAGCTG_020,144
ACCAGCATTGGGATAAACTG_001,172
ACCAGCATTGGGATAAACTG_002,172
ACCAGCATTGGGATAAACTG_003,198
ACCAGCATTGGGATAAACTG_004,63
ACCAGCATTGGGATAAACTG_005,141
ACCAGCATTGGGATAAACTG_006,19
ACCAGCATTGGGATAAACTG_007,63
ACCAGCATTGGGATAAACTG_008,2
ACCAGCATTGGGATAAACTG_009,9
ACCAGCATTGGGATAAACTG_010,104
ACCAGCATTGGGATAAACTG_011,198
ACCAGCATTGGGATAAACTG_012,172
ACCAGCATTGGGATAAACTG_013,79
ACCAGCATTGGGATAAACTG_014,9
ATACAATCCCCCAGACCACG_001,116
ATACAATCCCCCAGACCACG_002,138
ATACAATCCCCCAGACCACG_003,192
ATACAATCCCCCAGACCACG_004,194
ATACAATCCCCCAGACCACG_005,58
ATACAATCCCCCAGACCACG_006,57
ATACAATCCCCCAGACCACG_007,14
CGGCGACGAACTGGTAGATG_001,33
CGGCGACGAACTGGTAGATG_002,88
CGGCGACGAACTGGTAGATG_003,9
CGGCGACGAACTGGTAGATG_004,18
GGAGGAAATAATTCACAAGT_001,115
GGAGGAAATAATTCACAAGT_002,162
GGAGGAAATAATTCACAAGT_003,119
GGAGGAAATAATTCACAAGT_004,129
TCTTGCTTACCTTACTTATG_001,70
TCTTGCTTACCTTACTTATG_002,15
TCTTGCTTACCTTACTTATG_003,142
TCTTGCTTACCTTACTTATG_004,63
TCTTGCTTACCTTACTTATG_005,193
CTGTGGCCGCTCACCCCTTG_001,17
CTGTGGCCGCTCACCCCTTG_002,105
CTGTGGCCGCTCACCCCTTG_003,49
CTGTGGCCGCTCACCCCTTG_004,98
CTGTGGCCGCTCACCCCTTG_005,16
CTGTGGCCGCTCACCCCTTG_006,127
CTGTGGCCGCTCACCCCTTG_007,151
CTGTGGCCGCTCACCCCTTG_008,138
CTGTGGCCGCTCACCCCTTG_009,53
GGTCAGCGGCGAGCTCATCG_001,76
GGTCAGCGGCGAGCTCATCG_002,94
GGTCAGCGGCGAGCTCATCG_003,158
GGTCAGCGGCGAGCTCATCG_004,171
GGTCAGCGGCGAGCTCATCG_005,70
GGTCAGCGGCGAGCTCATCG_006,28
GGTCAGCGGCGAGCTCATCG_007,148
GGTCAGCGGCGAGCTCATCG_008,98
GGTCAGCGGCGAGCTCATCG_009,16
GGTCAGCGGCGAGCTCATCG_010,67
GGTCAGCGGCGAGCTCATCG_011,184
GGTCAGCGGCGAGCTCATCG_012,166
GGTCAGCGGCGAGCTCATCG_013,10
GGTCAGCGGCGAGCTCATCG_014,10
GGTCAGCGGCGAGCTCATCG_015,2
TGGATTGGGAGATACTGGGT_001,50
TGGATTGGGAGATACTGGGT_002,58
TGGATTGGGAGATACTGGGT_003,3
TGGATTGGGAGATACTGGGT_004,118
TGGATTGGGAGATACTGGGT_005,181
TGGATTGGGAGATACTGGGT_006,75
TGGATTGGGAGATACTGGGT_007,13
TGGATTGGGAGATACTGGGT_008,180
CACAGCCGACTACTACCCCG_001,12
CACAGCCGACTACTACCCCG_002,118
CACAGCCGACTACTACCCCG_003,94
CATGTCCTCACCCAATACCA_001,10
CATGTCCTCACCCAATACCA_002,38
CTTAGGGCTTGGTTTCCGAG_001,183
CTTAGGGCTTGGTTTCCGAG_002,185
CTTAGGGCTTGGTTTCCGAG_003,65
CTTAGGGCTTGGTTTCCGAG_004,68
GGAAGACCCGAGCACTCCAG_001,96
GGAAGACCCGAGCACTCCAG_002,147
GGAAGACCCGAGCACTCCAG_003,82
GGAAGACCCGAGCACTCCAG_004,134
GGAAGACCCGAGCACTCCAG_005,65
GGAAGACCCGAGCACTCCAG_006,181
GGAAGACCCGAGCACTCCAG_007,113
GGAAGACCCGAGCACTCCAG_008,27
GGAAGACCCGAGCACTCCAG_009,84
GGAAGACCCGAGCACTCCAG_010,118
GGAAGACCCGAGCACTCCAG_011,61
GGAAGACCCGAGCACTCCAG_012,82
GGAAGACCCGAGCACTCCAG_013,148
GGAAGACCCGAGCACTCCAG_014,179
GGAAGACCCGAGCACTCCAG_015,38
GGCAGCGACTGGCGCTACTG_001,107
GGCAGCGACTGGCGCTACTG_002,154
GGCAGCGACTGGCGCTACTG_003,102
GGCAGCGACTGGCGCTACTG_004,102
GGCAGCGACTGGCGCTACTG_005,15
GGCAGCGACTGGCGCTACTG_006,176
GGCAGCGACTGGCGCTACTG_007,57
GGCAGCGACTGGCGCTACTG_008,174
GGCAGCGACTGGCGCTACTG_009,185
GGCAGCGACTGGCGCTACTG_010,134
GGCAGCGACTGGCGCTACTG_011,78
GGCAGCGACTGGCGCTACTG_012,67
GGCAGCGACTGGCGCTACTG_013,160
GGCAGCGACTGGCGCTACTG_014,110
GGCAGCGACTGGCGCTACTG_015,82
CATTCAGGGAGTTGGCGATG_001,132
CATTCAGGGAGTTGGCGATG_002,96
GAACCTAATAATTGGCAACT_001,197
GAACCTAATAATTGGCAACT_002,157
GAACCTAATAATTGGCAACT_003,168
GCACGCGGCAGGCTGGACAG_001,102
GCACGCGGCAGGCTGGACAG_002,15
GCACGCGGCAGGCTGGACAG_003,119
GCACGCGGCAGGCTGGACAG_004,169
GCACGCGGCAGGCTGGACAG_005,190
GCACGCGGCAGGCTGGACAG_006,176
GCACGCGGCAGGCTGGACAG_007,181
GCACGCGGCAGGCTGGACAG_008,84
GCACGCGGCAGGCTGGACAG_009,43
GCACGCGGCAGGCTGGACAG_010,105
GCACGCGGCAGGCTGGACAG_011,131
GCACGCGGCAGGCTGGACAG_012,183
GCACGCGGCAGGCTGGACAG_013,48
GCACGCGGCAGGCTGGACAG_014,41
GCACGCGGCAGGCTGGACAG_015,118
GCACGCGGCAGGCTGGACAG_016,189
GCACGCGGCAGGCTGGACAG_017,34
GCACGCGGCAGGCTGGACAG_018,184
GCACGCGGCAGGCTGGACAG_019,97
GCACGCGGCAGGCTGGACAG_020,166
GCACGCGGCAGGCTGGACAG_021,96
GCACGCGGCAGGCTGGACAG_022,197
GCACGCGGCAGGCTGGACAG_023,186
GCACGCGGCAGGCTGGACAG_024,36
GCACGCGGCAGGCTGGACAG_025,178
GCACGCGGCAGGCTGGACAG_026,182
GCACGCGGCAGGCTGGACAG_027,18
GAGTCTCTGGCACCCCACAA_001,9
GAGTCTCTGGCACCCCACAA_002,88
GAGTCTCTGGCACCCCACAA_003,149
GAGTCTCTGGCACCCCACAA_004,113
GAGTCTCTGGCACCCCACAA_005,83
GAGTCTCTGGCACCCCACAA_006,83
GAGTCTCTGGCACCCCACAA_007,194
GAGTCTCTGGCACCCCACAA_008,72
GAGTCTCTGGCACCCCACAA_009,85
GAGTCTCTGGCACCCCACAA_010,172
GAGTCTCTGGCACCCCACAA_011,138
GAGTCTCTGGCACCCCACAA_012,41
ATGTCTCCAGACAATAAAGG_001,22
ATGTCTCCAGACAATAAAGG_002,162
ATGTCTCCAGACAATAAAGG_003,165
ATGTCTCCAGACAATAAAGG_004,42
ATGTCTCCAGACAATAAAGG_005,42
ACTGCATGCCCCAATCGCCA_001,129
ACTGCATGCCCCAATCGCCA_002,68
ACTGCATGCCCCAATCGCCA_003,159
ACTGCATGCCCCAATCGCCA_004,156
ACTGCATGCCCCAATCGCCA_005,138
ACTGCATGCCCCAATCGCCA_006,93
ACTGCATGCCCCAATCGCCA_007,110
ACTGCATGCCCCAATCGCCA_008,68
ACTGCATGCCCCAATCGCCA_009,140
ACTGCATGCCCCAATCGCCA_010,29
ACTGCATGCCCCAATCGCCA_011,131
ACTGCATGCCCCAATCGCCA_012,174
GATTGTAAAAGTGCCAATGA_001,135
GATTGTAAAAGTGCCAATGA_002,76
GATTGTAAAAGTGCCAATGA_003,49
GATTGTAAAAGTGCCAATGA_004,19
GATTGTAAAAGTGCCAATGA_005,78
GATTGTAAAAGTGCCAATGA_006,6
TAAGCCCCAAAGTTCCACCA_001,142
TAAGCCCCAAAGTTCCACCA_002,102
TAAGCCCCAAAGTTCCACCA_003,44
TAAGCCCCAAAGTTCCACCA_004,181
TAAGCCCCAAAGTTCCACCA_005,178
TAAGCCCCAAAGTTCCACCA_006,137
TAAGCCCCAAAGTTCCACCA_007,152
TACCTCTCGTGCTTTGCGTG_001,89
TACCTCTCGTGCTTTGCGTG_002,125
GACCATATTGAGCTGCAAGG_001,107
GACCATATTGAGCTGCAAGG_002,181
GACCATATTGAGCTGCAAGG_003,175
GACCATATTGAGCTGCAAGG_004,91
GACCATATTGAGCTGCAAGG_005,81
GACCATATTGAGCTGCAAGG_006,179
GACCATATTGAGCTGCAAGG_007,19
GACCATATTGAGCTGCAAGG_008,174
GACCATATTGAGCTGCAAGG_009,1
GATTTAACTAAAACCACTCG_001,78
GATTTAACTAAAACCACTCG_002,50
GATTTAACTAAAACCACTCG_003,48
GATTTAACTAAAACCACTCG_004,17
GCCGCAGGACGAGTACATCG_001,29
GCCGCAGGACGAGTACATCG_002,57
GCCGCAGGACGAGTACATCG_003,154
GCCGCAGGACGAGTACATCG_004,29
GCCGCAGGACGAGTACATCG_005,3
GCCGCAGGACGAGTACATCG_006,169
GCCGCAGGACGAGTACATCG_007,147
GCCGCAGGACGAGTACATCG_008,85
GCCGCAGGACGAGTACATCG_009,145
GCCGCAGGACGAGTACATCG_010,9
GCCGCAGGACGAGTACATCG_011,105
ACCACAGGCAGTGACCACAA_001,199
ACCACAGGCAGTGACCACAA_002,166
ACCACAGGCAGTGACCACAA_003,134
ACCACAGGCAGTGACCACAA_004,83
ACCACAGGCAGTGACCACAA_005,127
ACCACAGGCAGTGACCACAA_006,191
ACCACAGGCAGTGACCACAA_007,137
ACCACAGGCAGTGACCACAA_008,12
ACCACAGGCAGTGACCACAA_009,117
ACCACAGGCAGTGACCACAA_010,136
ACCACAGGCAGTGACCACAA_011,134
ACCACAGGCAGTGACCACAA_012,187
ACCACAGGCAGTGACCACAA_013,183
ACCACAGGCAGTGACCACAA_014,49
ACCACAGGCAGTGACCACAA_015,12
ACCACAGGCAGTGACCACAA_016,183
ACCACAGGCAGTGACCACAA_017,23
ACCACAGGCAGTGACCACAA_018,3
ACCACAGGCAGTGACCACAA_019,168
ACCACAGGCAGTGACCACAA_020,130
ACCACAGGCAGTGACCACAA_021,153
ACCACAGGCAGTGACCACAA_022,140
ACCACAGGCAGTGACCACAA_023,160
TCCCAGGGTTCCATATACCT_001,125
TCCCAGGGTTCCATATACCT_002,48
TCCCAGGGTTCCATATACCT_003,124
TCCCAGGGTTCCATATACCT_004,182
TCCCAGGGTTCCATATACCT_005,141
TCCCAGGGTTCCATATACCT_006,148
TGGACAATGAGTCCACACGA_001,148
TGGACAATGAGTCCACACGA_002,191
TGGACAATGAGTCCACACGA_003,53
TGGACAATGAGTCCACACGA_004,7
TGGACAATGAGTCCACACGA_005,63
TGGACAATGAGTCCACACGA_006,94
TGGACAATGAGTCCACACGA_007,170
TGGACAATGAGTCCACACGA_008,194
TGGACAATGAGTCCACACGA_009,117
TGGACAATGAGTCCACACGA_010,176
ATTCTCATTGCATTCCTGGT_001,192
TGGACTCACGTGGTGCAGAG_001,124
TGGACTCACGTGGTGCAGAG_002,160
TGGACTCACGTGGTGCAGAG_003,130
TGGACTCACGTGGTGCAGAG_004,80
TGGACTCACGTGGTGCAGAG_005,54
TGGACTCACGTGGTGCAGAG_006,176
TGGACTCACGTGGTGCAGAG_007,62
TGGACTCACGTGGTGCAGAG_008,76
TGGACTCACGTGGTGCAGAG_009,56
TGGACTCACGTGGTGCAGAG_010,33
TGGACTCACGTGGTGCAGAG_011,192
TGGACTCACGTGGTGCAGAG_012,65
TGGACTCACGTGGTGCAGAG_013,28
CATGTCCACCACATATACGT_001,3
CATGTCCACCACATATACGT_002,10
CATGTCCACCACATATACGT_003,127
CATGTCCACCACATATACGT_004,58
CATGTCCACCACATATACGT_005,150
CATGTCCACCACATATACGT_006,66
GGCGTTAATTAAACTGTTTT_001,80
GGCGTTAATTAAACTGTTTT_002,192
GGCGTTAATTAAACTGTTTT_003,4
GGCGTTAATTAAACTGTTTT_004,153
GGCGTTAATTAAACTGTTTT_005,11
GGCGTTAATTAAACTGTTTT_006,176
GGCGTTAATTAAACTGTTTT_007,62
ACCGCAAGGCTGAGCCCGAG_001,70
ACCGCAAGGCTGAGCCCGAG_002,154
ACCGCAAGGCTGAGCCCGAG_003,171
ACCGCAAGGCTGAGCCCGAG_004,41
ACCGCAAGGCTGAGCCCGAG_005,127
ACCGCAAGGCTGAGCCCGAG_006,93
ACCGCAAGGCTGAGCCCGAG_007,199
ACCGCAAGGCTGAGCCCGAG_008,37
ACCGCAAGGCTGAGCCCGAG_009,80
ACCGCAAGGCTGAGCCCGAG_010,63
ACCGCAAGGCTGAGCCCGAG_011,33
ACCGCAAGGCTGAGCCCGAG_012,29
ACCGCAAGGCTGAGCCCGAG_013,2
ACCGCAAGGCTGAGCCCGAG_014,67
ACCGCAAGGCTGAGCCCGAG_015,176
ACCGCAAGGCTGAGCCCGAG_016,176
ACCGCAAGGCTGAGCCCGAG_017,80
TGATCTTCTAATCTGTGACG_001,162
TGATCTTCTAATCTGTGACG_002,59
TGATCTTCTAATCTGTGACG_003,182
TGATCTTCTAATCTGTGACG_004,117
TGATCTTCTAATCTGTGACG_005,198
TGATCTTCTAATCTGTGACG_006,116
TGATCTTCTAATCTGTGACG_007,15
TGATCTTCTAATCTGTGACG_008,69
TGATCTTCTAATCTGTGACG_009,1
AGGCGACTTACCTTTGGACC_001,94
AGGCGACTTACCTTTGGACC_002,94
AGGCGACTTACCTTTGGACC_003,1
AGGCGACTTACCTTTGGACC_004,77
AGGCGACTTACCTTTGGACC_005,149
AGGCGACTTACCTTTGGACC_006,48
AGGCGACTTACCTTTGGACC_007,138
AGGCGACTTACCTTTGGACC_008,175
AGGCGACTTACCTTTGGACC_009,43
CTTATCACTGCTACAAGGGT_001,170
CTTATCACTGCTACAAGGGT_002,12
CTTATCACTGCTACAAGGGT_003,175
CTTATCACTGCTACAAGGGT_004,62
TCACTGTGAAGGTGACATCA_001,185
TCACTGTGAAGGTGACATCA_002,106
TCACTGTGAAGGTGACATCA_003,137
TCACTGTGAAGGTGACATCA_004,48
TCACTGTGAAGGTGACATCA_005,145
TCACTGTGAAGGTGACATCA_006,22
TCACTGTGAAGGTGACATCA_007,98
TCACTGTGAAGGTGACATCA_008,29
TCACTGTGAAGGTGACATCA_009,111
TCACTGTGAAGGTGACATCA_010,13
TCACTGTGAAGGTGACATCA_011,144
GACTGCTATAACAATCTAGC_001,96
GGTGAGAATAGAATCACCAG_001,190
GGTGAGAATAGAATCACCAG_002,11
GGTGAGAATAGAATCACCAG_003,29
GGTGAGAATAGAATCACCAG_004,98
GGTGAGAATAGAATCACCAG_005,18
GGTGAGAATAGAATCACCAG_006,19
GGTGAGAATAGAATCACCAG_007,48
GGTGAGAATAGAATCACCAG_008,50
TTCTGGTACTCCATCCTAGG_001,32
CAACAATGACTCCATAACTG_001,48
CAACAATGACTCCATAACTG_002,173
CAACAATGACTCCATAACTG_003,87
CAACAATGACTCCATAACTG_004,78
CAACAATGACTCCATAACTG_005,70
GGCCCTACTATGAGGCTCGG_001,174
GGCCCTACTATGAGGCTCGG_002,34
GGCCCTACTATGAGGCTCGG_003,10
GGCCCTACTATGAGGCTCGG_004,169
GGCCCTACTATGAGGCTCGG_005,175
CTTCAAGACGACATCGCAGA_001,56
CTTCAAGACGACATCGCAGA_002,105
CTTCAAGACGACATCGCAGA_003,1
CTTCAAGACGACATCGCAGA_004,58
CTTCAAGACGACATCGCAGA_005,121
CTTCAAGACGACATCGCAGA_006,34
CTTCAAGACGACATCGCAGA_007,158
CTTCAAGACGACATCGCAGA_008,76
CTTCAAGACGACATCGCAGA_009,150
AATGGTGTCGCGTACATGTG_001,58
AATGGTGTCGCGTACATGTG_002,4
AATGGTGTCGCGTACATGTG_003,2
AATGGTGTCGCGTACATGTG_004,145
AATGGTGTCGCGTACATGTG_005,6
AATGGTGTCGCGTACATGTG_006,146
AATGGTGTCGCGTACATGTG_007,54
AATGGTGTCGCGTACATGTG_008,61
AATGGTGTCGCGTACATGTG_009,35
AATGGTGTCGCGTACATGTG_010,160
AATGGTGTCGCGTACATGTG_011,177
AATGGTGTCGCGTACATGTG_012,6
AATGGTGTCGCGTACATGTG_013,161
AATGGTGTCGCGTACATGTG_014,12
AATGGTGTCGCGTACATGTG_015,118
AATGGTGTCGCGTACATGTG_016,122
AATGGTGTCGCGTACATGTG_017,126
AATGGTGTCGCGTACATGTG_018,168
AATGGTGTCGCGTACATGTG_019,137
GAAATGCCTCTAGCCGAGAG_001,174
GAAATGCCTCTAGCCGAGAG_002,17
GAAATGCCTCTAGCCGAGAG_003,77
GAAATGCCTCTAGCCGAGAG_004,20
GAAATGCCTCTAGCCGAGAG_005,187
GAAATGCCTCTAGCCGAGAG_006,166
GAAATGCCTCTAGCCGAGAG_007,12
GAAATGCCTCTAGCCGAGAG_008,63
GTGTGGCACCCCATACTCTG_001,130
GTGTGGCACCCCATACTCTG_002,76
GTGTGGCACCCCATACTCTG_003,110
GTGTGGCACCCCATACTCTG_004,48
GTGTGGCACCCCATACTCTG_005,168
GGTTGGCGCCGTACCATCCG_001,41
GGTTGGCGCCGTACCATCCG_002,41
GGTTGGCGCCGTACCATCCG_003,47
GGTTGGCGCCGTACCATCCG_004,51
GGTTGGCGCCGTACCATCCG_005,25
GGTTGGCGCCGTACCATCCG_006,118
GGTTGGCGCCGTACCATCCG_007,69
GGTTGGCGCCGTACCATCCG_008,141
GGTTGGCGCCGTACCATCCG_009,42
GGTTGGCGCCGTACCATCCG_010,86
GGTTGGCGCCGTACCATCCG_011,16
GGTTGGCGCCGTACCATCCG_012,52
GGTTGGCGCCGTACCATCCG_013,76
GGTTGGCGCCGTACCATCCG_014,81
CAGGACCGGATCCGAAGCCA_001,119
CAGGACCGGATCCGAAGCCA_002,84
CAGGACCGGATCCGAAGCCA_003,1
CAGGACCGGATCCGAAGCCA_004,80
CAGGACCGGATCCGAAGCCA_005,1
CAGGACCGGATCCGAAGCCA_006,106
CAGGACCGGATCCGAAGCCA_007,127
CAGGACCGGATCCGAAGCCA_008,113
CAGGACCGGATCCGAAGCCA_009,121
CAGGACCGGATCCGAAGCCA_010,77
CAGGACCGGATCCGAAGCCA_011,12
CAGGACCGGATCCGAAGCCA_012,78
CAGGACCGGATCCGAAGCCA_013,158
CAGGACCGGATCCGAAGCCA_014,28
CAGGACCGGATCCGAAGCCA_015,162
GATCAGGACTTACCCTACAG_001,158
GATCAGGACTTACCCTACAG_002,121
GATCAGGACTTACCCTACAG_003,82
GATCAGGACTTACCCTACAG_004,192
GATCAGGACTTACCCTACAG_005,197
GATCAGGACTTACCCTACAG_006,33
GATCAGGACTTACCCTACAG_007,33
GATCAGGACTTACCCTACAG_008,17
GATCAGGACTTACCCTACAG_009,40
GATCAGGACTTACCCTACAG_010,127
GATCAGGACTTACCCTACAG_011,123
GATCAGGACTTACCCTACAG_012,99
ACTGGAATCCTATCTGTGCG_001,0
ACTGGAATCCTATCTGTGCG_002,4
ACTGGAATCCTATCTGTGCG_003,4
TCCGTTACCGGATCTGCGTG_001,85
TCCGTTACCGGATCTGCGTG_002,176
TCCGTTACCGGATCTGCGTG_003,134
TCCGTTACCGGATCTGCGTG_004,177
TCCGTTACCGGATCTGCGTG_005,3
TCCGTTACCGGATCTGCGTG_006,130
TCCGTTACCGGATCTGCGTG_007,148
TCCGTTACCGGATCTGCGTG_008,179
TGAATGTAGATTGTCCCCCG_001,88
TGAATGTAGATTGTCCCCCG_002,44
TGAATGTAGATTGTCCCCCG_003,137
TGAATGTAGATTGTCCCCCG_004,118
TGAATGTAGATTGTCCCCCG_005,167
TGAATGTAGATTGTCCCCCG_006,171
TGAATGTAGATTGTCCCCCG_007,8
TGAATGTAGATTGTCCCCCG_008,103
TGAATGTAGATTGTCCCCCG_009,60
TGAATGTAGATTGTCCCCCG_010,139
TGAATGTAGATTGTCCCCCG_011,153
TGAATGTAGATTGTCCCCCG_012,131
TGAATGTAGATTGTCCCCCG_013,177
TGAAGGTTGTGGATGAACGA_001,184
TGAAGGTTGTGGATGAACGA_002,174
TGAAGGTTGTGGATGAACGA_003,138
TGAAGGTTGTGGATGAACGA_004,19
TGAAGGTTGTGGATGAACGA_005,163
TGAAGGTTGTGGATGAACGA_006,81
TGAAGGTTGTGGATGAACGA_007,83
TGAAGGTTGTGGATGAACGA_008,141
TGAAGGTTGTGGATGAACGA_009,174
CAAAGGGAGAGGGTAACGTC_001,140
CAAAGGGAGAGGGTAACGTC_002,130
CAAAGGGAGAGGGTAACGTC_003,94
CAAAGGGAGAGGGTAACGTC_004,59
CAAAGGGAGAGGGTAACGTC_005,106
CAAAGGGAGAGGGTAACGTC_006,94
CAAAGGGAGAGGGTAACGTC_007,145
CAAAGGGAGAGGGTAACGTC_008,17
CAAAGGGAGAGGGTAACGTC_009,150
CAAAGGGAGAGGGTAACGTC_010,127
CAAAGGGAGAGGGTAACGTC_011,97
CAAAGGGAGAGGGTAACGTC_012,90
CAAAGGGAGAGGGTAACGTC_013,91
TGCAGCTAGAAAAAACCACC_001,125
TGCAGCTAGAAAAAACCACC_002,25
TTCATCAGGAACCTAACCTG_001,114
TTCATCAGGAACCTAACCTG_002,136
TTCATCAGGAACCTAACCTG_003,123
TTCATCAGGAACCTAACCTG_004,38
TTCATCAGGAACCTAACCTG_005,77
TTCATCAGGAACCTAACCTG_006,130
TTCATCAGGAACCTAACCTG_007,110
TTCATCAGGAACCTAACCTG_008,144
TTCATCAGGAACCTAACCTG_009,155
TTCATCAGGAACCTAACCTG_010,137
TTCATCAGGAACCTAACCTG_011,127
TTCATCAGGAACCTAACCTG_012,94
TTCATCAGGAACCTAACCTG_013,3
TTCATCAGGAACCTAACCTG_014,23
TTCATCAGGAACCTAACCTG_015,124
CGGAGAGTCCGCCAACACAA_001,102
CGGAGAGTCCGCCAACACAA_002,152
CGGAGAGTCCGCCAACACAA_003,1
CGGAGAGTCCGCCAACACAA_004,170
CGGAGAGTCCGCCAACACAA_005,115
CGGAGAGTCCGCCAACACAA_006,51
CGGAGAGTCCGCCAACACAA_007,24
CGGAGAGTCCGCCAACACAA_008,92
CGGAGAGTCCGCCAACACAA_009,168
CGGAGAGTCCGCCAACACAA_010,72
CGGAGAGTCCGCCAACACAA_011,161
CGGAGAGTCCGCCAACACAA_012,49
CGGAGAGTCCGCCAACACAA_013,148
CGGAGAGTCCGCCAACACAA_014,105
CGGAGAGTCCGCCAACACAA_015,38
CGGAGAGTCCGCCAACACAA_016,104
CGGAGAGTCCGCCAACACAA_017,22
CGGAGAGTCCGCCAACACAA_018,67
CGGAGAGTCCGCCAACACAA_019,36
CGGAGAGTCCGCCAACACAA_020,153
CGGAGAGTCCGCCAACACAA_021,91
CGGAGAGTCCGCCAACACAA_022,80
CGGAGAGTCCGCCAACACAA_023,166
CGGAGAGTCCGCCAACACAA_024,188
CGGAGAGTCCGCCAACACAA_025,26
CGGAGAGTCCGCCAACACAA_026,68
CGGAGAGTCCGCCAACACAA_027,21
CGGAGAGTCCGCCAACACAA_028,119
CGGAGAGTCCGCCAACACAA_029,140
CGGAGAGTCCGCCAACACAA_030,30
CGGAGAGTCCGCCAACACAA_031,25
CGGAGAGTCCGCCAACACAA_032,52
CGGAGAGTCCGCCAACACAA_033,18
CGGAGAGTCCGCCAACACAA_034,89
CGGAGAGTCCGCCAACACAA_035,49
CGGAGAGTCCGCCAACACAA_036,158
AGGTGGTTCAGCTCGCATAG_001,41
AGGTGGTTCAGCTCGCATAG_002,44
AGGTGGTTCAGCTCGCATAG_003,41
AGGTGGTTCAGCTCGCATAG_004,115
AGGTGGTTCAGCTCGCATAG_005,140
AGGTGGTTCAGCTCGCATAG_006,66
AGGTGGTTCAGCTCGCATAG_007,178
AGGTGGTTCAGCTCGCATAG_008,36
AGGTGGTTCAGCTCGCATAG_009,138
AGGTGGTTCAGCTCGCATAG_010,8
AGGTGGTTCAGCTCGCATAG_011,31
TGAAGCAGGAGTATGAACTG_001,56
TGAAGCAGGAGTATGAACTG_002,158
TGAAGCAGGAGTATGAACTG_003,171
TGAAGCAGGAGTATGAACTG_004,179
TGAAGCAGGAGTATGAACTG_005,75
TGAAGCAGGAGTATGAACTG_006,115
TGAAGCAGGAGTATGAACTG_007,42
TGAAGCAGGAGTATGAACTG_008,72
TGAAGCAGGAGTATGAACTG_009,137
TGAAGCAGGAGTATGAACTG_010,17
GCAGCACCTGAGTTAATACA_001,127
GCAGCACCTGAGTTAATACA_002,105
GCAGCACCTGAGTTAATACA_003,67
GCAGCACCTGAGTTAATACA_004,128
GCAGCACCTGAGTTAATACA_005,137
GCAGCACCTGAGTTAATACA_006,177
GCAGCACCTGAGTTAATACA_007,189
GCAGCACCTGAGTTAATACA_008,4
GCAGCACCTGAGTTAATACA_009,176
GCAGCACCTGAGTTAATACA_010,18
GCAGCACCTGAGTTAATACA_011,26
CTAGGCTCACCATTAACCAA_001,168
CTAGGCTCACCATTAACCAA_002,40
CTAGGCTCACCATTAACCAA_003,154
CTAGGCTCACCATTAACCAA_004,129
CTAGGCTCACCATTAACCAA_005,110
CTAGGCTCACCATTAACCAA_006,95
CTAGGCTCACCATTAACCAA_007,98
CTAGGCTCACCATTAACCAA_008,33
CTAGGCTCACCATTAACCAA_009,69
CTAGGCTCACCATTAACCAA_010,176
CTAGGCTCACCATTAACCAA_011,116
CTAGGCTCACCATTAACCAA_012,88
CTAGGCTCACCATTAACCAA_013,149
CTAGGCTCACCATTAACCAA_014,83
CTAGGCTCACCATTAACCAA_015,166
CTAGGCTCACCATTAACCAA_016,184
TCAACTACTAGTGCTTGGAT_001,136
TCAACTACTAGTGCTTGGAT_002,121
TCAACTACTAGTGCTTGGAT_003,56
TCAACTACTAGTGCTTGGAT_004,107
TCAACTACTAGTGCTTGGAT_005,120
TCAACTACTAGTGCTTGGAT_006,115
AGTTGTTGGACATTATACTC_001,1
AGTTGTTGGACATTATACTC_002,198
AATCGGAGCATCACGTACTC_001,144
AATCGGAGCATCACGTACTC_002,81
AATCGGAGCATCACGTACTC_003,48
AATCGGAGCATCACGTACTC_004,160
AATCGGAGCATCACGTACTC_005,68
AATCGGAGCATCACGTACTC_006,68
ATTGCATTCGACACAAACAT_001,16
ATTGCATTCGACACAAACAT_002,117
ATTGCATTCGACACAAACAT_003,21
ATTGCATTCGACACAAACAT_004,114
ATTGCATTCGACACAAACAT_005,192
ATTGCATTCGACACAAACAT_006,85
ATTGCATTCGACACAAACAT_007,195
ATTGCATTCGACACAAACAT_008,25
ATTGCATTCGACACAAACAT_009,183
ATTGCATTCGACACAAACAT_010,160
ATTGCATTCGACACAAACAT_011,175
ATTGCATTCGACACAAACAT_012,85
ATTGCATTCGACACAAACAT_013,7
ATTGCATTCGACACAAACAT_014,171
ATTGCATTCGACACAAACAT_015,2
ATTGCATTCGACACAAACAT_016,9
ATTGTCCTGTTCACCCTGAG_001,55
ATTGTCCTGTTCACCCTGAG_002,78
ATTGTCCTGTTCACCCTGAG_003,9
ATTGTCCTGTTCACCCTGAG_004,174
ATTGTCCTGTTCACCCTGAG_005,24
ATTGTCCTGTTCACCCTGAG_006,148
ATTGTCCTGTTCACCCTGAG_007,57
ATTGTCCTGTTCACCCTGAG_008,178
ATTGTCCTGTTCACCCTGAG_009,58
ATTGTCCTGTTCACCCTGAG_010,149
ATTGTCCTGTTCACCCTGAG_011,176
ATTGTCCTGTTCACCCTGAG_012,106
ATTGTCCTGTTCACCCTGAG_013,104
ATTGTCCTGTTCACCCTGAG_014,155
GCCATTGAGAAACCACTGTG_001,9
GCCATTGAGAAACCACTGTG_002,83
GCCATTGAGAAACCACTGTG_003,28
GCCATTGAGAAACCACTGTG_004,121
GCCATTGAGAAACCACTGTG_005,168
GCCATTGAGAAACCACTGTG_006,84
GCCATTGAGAAACCACTGTG_007,1
GCCATTGAGAAACCACTGTG_008,50
GCCATTGAGAAACCACTGTG_009,136
GCCATTGAGAAACCACTGTG_010,49
GGGCTTGTAGAATAGGCCAA_001,18
GGGCTTGTAGAATAGGCCAA_002,119
GGGCTTGTAGAATAGGCCAA_003,48
GGGCTTGTAGAATAGGCCAA_004,77
GGGCTTGTAGAATAGGCCAA_005,77
AAATGCTCAGGCACAACAAG_001,67
AAATGCTCAGGCACAACAAG_002,170
AAATGCTCAGGCACAACAAG_003,169
AAATGCTCAGGCACAACAAG_004,88
AAATGCTCAGGCACAACAAG_005,58
ACCAAGGCACAAATTGTGCA_001,31
ACCAAGGCACAAATTGTGCA_002,58
ACCAAGGCACAAATTGTGCA_003,192
ACCAAGGCACAAATTGTGCA_004,160
ACCAAGGCACAAATTGTGCA_005,175
GGAGAAGCATACTTAAGCAG_001,22
AGACATCAACATGTGTGGAA_001,113
AGACATCAACATGTGTGGAA_002,95
AGACATCAACATGTGTGGAA_003,192
TGATGTGTCGAAAAAATGCT_001,12
TGATGTGTCGAAAAAATGCT_002,177
CCACCAAACGCAGACACACA_001,41
CCACCAAACGCAGACACACA_002,97
CCACCAAACGCAGACACACA_003,190
CCACCAAACGCAGACACACA_004,128
CCACCAAACGCAGACACACA_005,104
CCACCAAACGCAGACACACA_006,10
ATGTACCTTCTTCACTCGAA_001,42
ATGTACCTTCTTCACTCGAA_002,98
ATGTACCTTCTTCACTCGAA_003,176
ATGTACCTTCTTCACTCGAA_004,140
ATGTACCTTCTTCACTCGAA_005,74
ATGTACCTTCTTCACTCGAA_006,19
ATGTACCTTCTTCACTCGAA_007,140
ATGTACCTTCTTCACTCGAA_008,68
AGCAGGGAAATCTTCCATCA_001,8
AGCAGGGAAATCTTCCATCA_002,6
AGCAGGGAAATCTTCCATCA_003,61
AGCAGGGAAATCTTCCATCA_004,57
AGCAGGGAAATCTTCCATCA_005,62
AGCAGGGAAATCTTCCATCA_006,8
AGCAGGGAAATCTTCCATCA_007,63
AGCAGGGAAATCTTCCATCA_008,107
AGCAGGGAAATCTTCCATCA_009,76
AGCAGGGAAATCTTCCATCA_010,50
AGCAGGGAAATCTTCCATCA_011,46
AGCAGGGAAATCTTCCATCA_012,10
AGCAGGGAAATCTTCCATCA_013,2
AGCAGGGAAATCTTCCATCA_014,163
GCTGAAATTGCTAGTGCATT_001,77
GCTGAAATTGCTAGTGCATT_002,149
GCCCGTAGGACAGATCCTCG_001,191
GCCCGTAGGACAGATCCTCG_002,197
GCCCGTAGGACAGATCCTCG_003,17
GCCCGTAGGACAGATCCTCG_004,105
GCCCGTAGGACAGATCCTCG_005,1
GCCCGTAGGACAGATCCTCG_006,28
CGTCGCGGTAGATACCCTCT_001,150
CGTCGCGGTAGATACCCTCT_002,30
CGTCGCGGTAGATACCCTCT_003,16
CGTCGCGGTAGATACCCTCT_004,30
CGTCGCGGTAGATACCCTCT_005,199
CGTCGCGGTAGATACCCTCT_006,41
CGTCGCGGTAGATACCCTCT_007,144
CGTCGCGGTAGATACCCTCT_008,30
CGTCGCGGTAGATACCCTCT_009,48
CGTCGCGGTAGATACCCTCT_010,65
GGGAACGAAGACGCACACAA_001,70
GGGAACGAAGACGCACACAA_002,151
GGGAACGAAGACGCACACAA_003,158
GGGAACGAAGACGCACACAA_004,116
GGGAACGAAGACGCACACAA_005,71
GGGAACGAAGACGCACACAA_006,141
GGGAACGAAGACGCACACAA_007,15
GGGAACGAAGACGCACACAA_008,169
GGGAACGAAGACGCACACAA_009,158
GGGAACGAAGACGCACACAA_010,170
GGGAACGAAGACGCACACAA_011,174
GGGAACGAAGACGCACACAA_012,85
GGGAACGAAGACGCACACAA_013,96
GGGAACGAAGACGCACACAA_014,127
GGGAACGAAGACGCACACAA_015,174
GGGAACGAAGACGCACACAA_016,58
GGGAACGAAGACGCACACAA_017,176
GGGAACGAAGACGCACACAA_018,176
GGGAACGAAGACGCACACAA_019,150
GAGAACGGTAAAGAGCGTCG_001,140
GAGAACGGTAAAGAGCGTCG_002,60
GAGAACGGTAAAGAGCGTCG_003,1
GAGAACGGTAAAGAGCGTCG_004,9
GAGAACGGTAAAGAGCGTCG_005,182
AGCAGTCATCAGACAGCCGA_001,196
AGCAGTCATCAGACAGCCGA_002,44
AGCAGTCATCAGACAGCCGA_003,59
AGCAGTCATCAGACAGCCGA_004,121
AGCAGTCATCAGACAGCCGA_005,18
AGCAGTCATCAGACAGCCGA_006,78
AGCAGTCATCAGACAGCCGA_007,199
AGCAGTCATCAGACAGCCGA_008,135
AGCAGTCATCAGACAGCCGA_009,76
AGCAGTCATCAGACAGCCGA_010,58
AGCAGTCATCAGACAGCCGA_011,48
AGCAGTCATCAGACAGCCGA_012,144
AGCAGTCATCAGACAGCCGA_013,2
AGCAGTCATCAGACAGCCGA_014,82
AGCAGTCATCAGACAGCCGA_015,35
AGCAGTCATCAGACAGCCGA_016,101
AGCAGTCATCAGACAGCCGA_017,84
AGCAGTCATCAGACAGCCGA_018,49
AGCAGTCATCAGACAGCCGA_019,39
GGCCGTACAGCGTATCGGTG_001,127
GGCCGTACAGCGTATCGGTG_002,178
GGCCGTACAGCGTATCGGTG_003,19
GGCCGTACAGCGTATCGGTG_004,199
GGCCGTACAGCGTATCGGTG_005,78
GGCCGTACAGCGTATCGGTG_006,127
CCAGACAGTCAATGCCGGTG_001,148
CCAGACAGTCAATGCCGGTG_002,63
CCAGACAGTCAATGCCGGTG_003,33
CCAGACAGTCAATGCCGGTG_004,15
CTGATGTCGATATTTAACAA_001,15
AAGCCTTGACAAATTGAAGG_001,8
AAGCCTTGACAAATTGAAGG_002,189
AAGCCTTGACAAATTGAAGG_003,27
AAGCCTTGACAAATTGAAGG_004,81
AAGCCTTGACAAATTGAAGG_005,189
CCCCAACGAGAAGGTCGCCA_001,197
CCCCAACGAGAAGGTCGCCA_002,9
CCCCAACGAGAAGGTCGCCA_003,88
CCCCAACGAGAAGGTCGCCA_004,56
CCCCAACGAGAAGGTCGCCA_005,94
CCCCAACGAGAAGGTCGCCA_006,88
CCCCAACGAGAAGGTCGCCA_007,118
CCCCAACGAGAAGGTCGCCA_008,61
CCCCAACGAGAAGGTCGCCA_009,40
CCCCAACGAGAAGGTCGCCA_010,125
GTAATTAGGACTGAAGATGG_001,45
GTAATTAGGACTGAAGATGG_002,27
GTAATTAGGACTGAAGATGG_003,48
GTAATTAGGACTGAAGATGG_004,62
GTAATTAGGACTGAAGATGG_005,160
GTAATTAGGACTGAAGATGG_006,74
GTAATTAGGACTGAAGATGG_007,55
CATCGCATCATTGGGCGCGG_001,176
CATCGCATCATTGGGCGCGG_002,150
CATCGCATCATTGGGCGCGG_003,194
CATCGCATCATTGGGCGCGG_004,178
CATCGCATCATTGGGCGCGG_005,58
CATCGCATCATTGGGCGCGG_006,188
CATCGCATCATTGGGCGCGG_007,0
CATCGCATCATTGGGCGCGG_008,137
AGATGGTAGAATCACCAAGA_001,191
AGATGGTAGAATCACCAAGA_002,190
AGATGGTAGAATCACCAAGA_003,52
AGATGGTAGAATCACCAAGA_004,133
AGATGGTAGAATCACCAAGA_005,169
AGATGGTAGAATCACCAAGA_006,1
AGATGGTAGAATCACCAAGA_007,155
AGATGGTAGAATCACCAAGA_008,67
AGATGGTAGAATCACCAAGA_009,29
AGATGGTAGAATCACCAAGA_010,45
AGATGGTAGAATCACCAAGA_011,79
AGATGGTAGAATCACCAAGA_012,24
AGATGGTAGAATCACCAAGA_013,19
AGATGGTAGAATCACCAAGA_014,15
GTATGCCATTTGACCCCCAA_001,150
GTATGCCATTTGACCCCCAA_002,187
GTATGCCATTTGACCCCCAA_003,127
GTATGCCATTTGACCCCCAA_004,84
GTATGCCATTTGACCCCCAA_005,94
GTATGCCATTTGACCCCCAA_006,162
GTATGCCATTTGACCCCCAA_007,137
GTATGCCATTTGACCCCCAA_008,43
GTATGCCATTTGACCCCCAA_009,54
GTATGCCATTTGACCCCCAA_010,105
GTATGCCATTTGACCCCCAA_011,154
GTATGCCATTTGACCCCCAA_012,8
GTATGCCATTTGACCCCCAA_013,58
GTATGCCATTTGACCCCCAA_014,16
GTATGCCATTTGACCCCCAA_015,185
GTATGCCATTTGACCCCCAA_016,63
GTATGCCATTTGACCCCCAA_017,145
GTATGCCATTTGACCCCCAA_018,160
GTATGCCATTTGACCCCCAA_019,36
GTATGCCATTTGACCCCCAA_020,134
GTATGCCATTTGACCCCCAA_021,35
GTATGCCATTTGACCCCCAA_022,38
GTATGCCATTTGACCCCCAA_023,172
GTATGCCATTTGACCCCCAA_024,175
GTATGCCATTTGACCCCCAA_025,72
GTATGCCATTTGACCCCCAA_026,155
TATGTGATGCCGGAATATCG_001,148
TATGTGATGCCGGAATATCG_002,52
TATGTGATGCCGGAATATCG_003,142
TATGTGATGCCGGAATATCG_004,107
TTGAGGAGGTAGATTATCTG_001,192
TTGAGGAGGTAGATTATCTG_002,160
TTGAGGAGGTAGATTATCTG_003,127
TTGAGGAGGTAGATTATCTG_004,162
TTGAGGAGGTAGATTATCTG_005,12
TTGAGGAGGTAGATTATCTG_006,1
TTGAGGAGGTAGATTATCTG_007,123
TTGAGGAGGTAGATTATCTG_008,104
TTGAGGAGGTAGATTATCTG_009,28
TTGAGGAGGTAGATTATCTG_010,1
TTGAGGAGGTAGATTATCTG_011,176
TTGAGGAGGTAGATTATCTG_012,43
TTGAGGAGGTAGATTATCTG_013,11
TTGAGGAGGTAGATTATCTG_014,161
TTGAGGAGGTAGATTATCTG_015,41
TTGAGGAGGTAGATTATCTG_016,19
AAAGAACAGGATTTCCAGCG_001,141
AAAGAACAGGATTTCCAGCG_002,168
TCGGCCTTAACATAGATCGA_001,92
TCGGCCTTAACATAGATCGA_002,158
TCGGCCTTAACATAGATCGA_003,169
TCGGCCTTAACATAGATCGA_004,21
TCGGCCTTAACATAGATCGA_005,184
TCGGCCTTAACATAGATCGA_006,4
TCGGCCTTAACATAGATCGA_007,106
TCGGCCTTAACATAGATCGA_008,152
GAACGTGCGAGACAATGTTG_001,27
GAACGTGCGAGACAATGTTG_002,127
GAACGTGCGAGACAATGTTG_003,137
GAACGTGCGAGACAATGTTG_004,199
GAACGTGCGAGACAATGTTG_005,70
GAACGTGCGAGACAATGTTG_006,153
GAACGTGCGAGACAATGTTG_007,115
AAGATAAAGAACGGCCACAC_001,198
AAGATAAAGAACGGCCACAC_002,102
AAGATAAAGAACGGCCACAC_003,102
AAGATAAAGAACGGCCACAC_004,176
AAGATAAAGAACGGCCACAC_005,60
AAGATAAAGAACGGCCACAC_006,76
AAGATAAAGAACGGCCACAC_007,41
AAGATAAAGAACGGCCACAC_008,115
AAGATAAAGAACGGCCACAC_009,63
AAGATAAAGAACGGCCACAC_010,44
AAGATAAAGAACGGCCACAC_011,10
AAGATAAAGAACGGCCACAC_012,83
AAGATAAAGAACGGCCACAC_013,37
AAGATAAAGAACGGCCACAC_014,184
AAGATAAAGAACGGCCACAC_015,37
AAGATAAAGAACGGCCACAC_016,169
AAGATAAAGAACGGCCACAC_017,2
AAGATAAAGAACGGCCACAC_018,18
AAGATAAAGAACGGCCACAC_019,33
TGAGTAGCAGTCTTACCTGT_001,134
TGAGTAGCAGTCTTACCTGT_002,130
TGAGTAGCAGTCTTACCTGT_003,35
TGAGTAGCAGTCTTACCTGT_004,190
TGAGTAGCAGTCTTACCTGT_005,9
GTCTCCAGCCCTATGTCTGG_001,185
GTCTCCAGCCCTATGTCTGG_002,156
ATTGCCAATTAAGTCTGACT_001,81
ATTGCCAATTAAGTCTGACT_002,63
ATTGCCAATTAAGTCTGACT_003,194
ATTGCCAATTAAGTCTGACT_004,192
ATTGCCAATTAAGTCTGACT_005,76
CAACTGCGGAAACAATGACA_001,183
CAACTGCGGAAACAATGACA_002,97
CAACTGCGGAAACAATGACA_003,100
CAACTGCGGAAACAATGACA_004,147
ATCCGTGCGCCGGAACTCAA_001,59
ATCCGTGCGCCGGAACTCAA_002,130
ATCCGTGCGCCGGAACTCAA_003,99
ATCCGTGCGCCGGAACTCAA_004,174
ATCCGTGCGCCGGAACTCAA_005,120
ATCCGTGCGCCGGAACTCAA_006,133
TGGACGCTAGTAGACGAAGG_001,199
TGGACGCTAGTAGACGAAGG_002,46
TGGACGCTAGTAGACGAAGG_003,45
TGGACGCTAGTAGACGAAGG_004,179
TGGACGCTAGTAGACGAAGG_005,160
CTAGGGGTGAGGCACTTGGG_001,163
CTAGGGGTGAGGCACTTGGG_002,156
CTAGGGGTGAGGCACTTGGG_003,40
CTAGGGGTGAGGCACTTGGG_004,36
CTAGGGGTGAGGCACTTGGG_005,178
CTAGGGGTGAGGCACTTGGG_006,38
CTAGGGGTGAGGCACTTGGG_007,14
CTAGGGGTGAGGCACTTGGG_008,152
CTAGGGGTGAGGCACTTGGG_009,89
CTAGGGGTGAGGCACTTGGG_010,48
CTAGGGGTGAGGCACTTGGG_011,127
CTAGGGGTGAGGCACTTGGG_012,55
CTAGGGGTGAGGCACTTGGG_013,144
GTGCCACTAGAATAGGCTGT_001,43
GTGCCACTAGAATAGGCTGT_002,70
GTGCCACTAGAATAGGCTGT_003,122
GTGCCACTAGAATAGGCTGT_004,109
GTGCCACTAGAATAGGCTGT_005,105
GTGCCACTAGAATAGGCTGT_006,166
GTGCCACTAGAATAGGCTGT_007,138
GTGCCACTAGAATAGGCTGT_008,49
CAGCGTGAAGCACTTCAGCG_001,111
CAGCGTGAAGCACTTCAGCG_002,22
CAGCGTGAAGCACTTCAGCG_003,81
CAGCGTGAAGCACTTCAGCG_004,160
CAGCGTGAAGCACTTCAGCG_005,34
CAGCGTGAAGCACTTCAGCG_006,68
CAGCGTGAAGCACTTCAGCG_007,166
CAGCGTGAAGCACTTCAGCG_008,166
CAGCGTGAAGCACTTCAGCG_009,84
CAGCGTGAAGCACTTCAGCG_010,67
CAGCGTGAAGCACTTCAGCG_011,157
CAGCGTGAAGCACTTCAGCG_012,155
CAGCGTGAAGCACTTCAGCG_013,33
CAGCGTGAAGCACTTCAGCG_014,124
CAGCGTGAAGCACTTCAGCG_015,147
CAGCGTGAAGCACTTCAGCG_016,137
CAGCGTGAAGCACTTCAGCG_017,144
TGTTTGCCACTCAGACTGAG_001,149
TGTTTGCCACTCAGACTGAG_002,1
TGTTTGCCACTCAGACTGAG_003,33
TGTTTGCCACTCAGACTGAG_004,158
TGTTTGCCACTCAGACTGAG_005,33
TGTTTGCCACTCAGACTGAG_006,48
TGTTTGCCACTCAGACTGAG_007,183
TGTTTGCCACTCAGACTGAG_008,130
TGTTTGCCACTCAGACTGAG_009,30
GGAGCGTCAAAGGGATCCTA_001,172
GGAGCGTCAAAGGGATCCTA_002,3
GGAGCGTCAAAGGGATCCTA_003,56
GGAGCGTCAAAGGGATCCTA_004,30
GGAGCGTCAAAGGGATCCTA_005,88
GGAGCGTCAAAGGGATCCTA_006,71
GGAGCGTCAAAGGGATCCTA_007,180
GGAGCGTCAAAGGGATCCTA_008,40
GGAGCGTCAAAGGGATCCTA_009,58
ACAGACAGCTTATCCCTGTG_001,198
ACAGACAGCTTATCCCTGTG_002,16
ACAGACAGCTTATCCCTGTG_003,188
ACAGACAGCTTATCCCTGTG_004,39
ACAGACAGCTTATCCCTGTG_005,172
ACAGACAGCTTATCCCTGTG_006,171
ACAGACAGCTTATCCCTGTG_007,77
ACAGACAGCTTATCCCTGTG_008,82
ACAGACAGCTTATCCCTGTG_009,168
ACAGACAGCTTATCCCTGTG_010,120
ACAGACAGCTTATCCCTGTG_011,70
ACAGACAGCTTATCCCTGTG_012,177
ACAGACAGCTTATCCCTGTG_013,137
ACCGGGACAGCTTCAACACA_001,118
ACCGGGACAGCTTCAACACA_002,184
ACCGGGACAGCTTCAACACA_003,17
ACCGGGACAGCTTCAACACA_004,45
ACCGGGACAGCTTCAACACA_005,176
ACCGGGACAGCTTCAACACA_006,185
ACCGGGACAGCTTCAACACA_007,105
CTCTGAGACCTGCTACACTG_001,134
CTCTGAGACCTGCTACACTG_002,175
CTCTGAGACCTGCTACACTG_003,5
CTCTGAGACCTGCTACACTG_004,129
CTCTGAGACCTGCTACACTG_005,103
CTCTGAGACCTGCTACACTG_006,116
CTCTGAGACCTGCTACACTG_007,62
CTCTGAGACCTGCTACACTG_008,169
CTCTGAGACCTGCTACACTG_009,140
CTCTGAGACCTGCTACACTG_010,56
CTCTGAGACCTGCTACACTG_011,158
CTCTGAGACCTGCTACACTG_012,16
CTCTGAGACCTGCTACACTG_013,78
CTCTGAGACCTGCTACACTG_014,76
CTCTGAGACCTGCTACACTG_015,20
CTCTGAGACCTGCTACACTG_016,78
CTCTGAGACCTGCTACACTG_017,13
CTCTGAGACCTGCTACACTG_018,182
CTCTGAGACCTGCTACACTG_019,49
CTCTGAGACCTGCTACACTG_020,188
CTCTGAGACCTGCTACACTG_021,127
CTCTGAGACCTGCTACACTG_022,116
GGCTTCGGATGTGCATCTTG_001,147
CTATAGACAAGGCGTCAAGG_001,64
CTATAGACAAGGCGTCAAGG_002,125
CTATAGACAAGGCGTCAAGG_003,106
CTATAGACAAGGCGTCAAGG_004,90
CTATAGACAAGGCGTCAAGG_005,76
CTATAGACAAGGCGTCAAGG_006,106
CTATAGACAAGGCGTCAAGG_007,160
CTATAGACAAGGCGTCAAGG_008,195
CTATAGACAAGGCGTCAAGG_009,23
CTATAGACAAGGCGTCAAGG_010,23
CTATAGACAAGGCGTCAAGG_011,22
CTATAGACAAGGCGTCAAGG_012,128
CTATAGACAAGGCGTCAAGG_013,77
CTATAGACAAGGCGTCAAGG_014,27
CTATAGACAAGGCGTCAAGG_015,119
CTATAGACAAGGCGTCAAGG_016,119
CTATAGACAAGGCGTCAAGG_017,0
CTATAGACAAGGCGTCAAGG_018,106
CTATAGACAAGGCGTCAAGG_019,57
CTATAGACAAGGCGTCAAGG_020,56
GGGGCTCACACGCTGAACAG_001,78
GGGGCTCACACGCTGAACAG_002,118
GGGGCTCACACGCTGAACAG_003,176
GGGGCTCACACGCTGAACAG_004,70
GGGGCTCACACGCTGAACAG_005,27
CTACCTGCTTGTGCCCGGGA_001,43
CTACCTGCTTGTGCCCGGGA_002,42
GGCATCTGATTTACACACAG_001,197
GGCATCTGATTTACACACAG_002,127
GGCATCTGATTTACACACAG_003,146
GGCATCTGATTTACACACAG_004,56
GGCATCTGATTTACACACAG_005,109
TCCTCCGATTACCTCCTCGG_001,97
AGGCTATTCAATGAATGTCG_001,5
AGGCTATTCAATGAATGTCG_002,98
CGAGTCGCCAACGGTCCACG_001,49
CGAGTCGCCAACGGTCCACG_002,172
CGAGTCGCCAACGGTCCACG_003,85
CGAGTCGCCAACGGTCCACG_004,181
CGAGTCGCCAACGGTCCACG_005,51
CGAGTCGCCAACGGTCCACG_006,36
CGAGTCGCCAACGGTCCACG_007,53
CGAGTCGCCAACGGTCCACG_008,176
CGAGTCGCCAACGGTCCACG_009,2
CGAGTCGCCAACGGTCCACG_010,17
CGAGTCGCCAACGGTCCACG_011,68
CGAGTCGCCAACGGTCCACG_012,145
CGAGTCGCCAACGGTCCACG_013,157
CGAGTCGCCAACGGTCCACG_014,107
CGAGTCGCCAACGGTCCACG_015,169
CGAGTCGCCAACGGTCCACG_016,119
CGAGTCGCCAACGGTCCACG_017,63
CGAGTCGCCAACGGTCCACG_018,48
CGAGTCGCCAACGGTCCACG_019,86
CGAGTCGCCAACGGTCCACG_020,187
CGAGTCGCCAACGGTCCACG_021,72
CGAGTCGCCAACGGTCCACG_022,114
CGAGTCGCCAACGGTCCACG_023,61
CGAGTCGCCAACGGTCCACG_024,2
CGAGTCGCCAACGGTCCACG_025,190
TATGCATCTTGGCACATCCA_001,92
TATGCATCTTGGCACATCCA_002,8
TATGCATCTTGGCACATCCA_003,86
TTTGTAGCCCCATCAAGACG_001,38
TTTGTAGCCCCATCAAGACG_002,47
TTTGTAGCCCCATCAAGACG_003,182
TTTGTAGCCCCATCAAGACG_004,113
TTTGTAGCCCCATCAAGACG_005,58
TTTGTAGCCCCATCAAGACG_006,61
AATCCTCTGGTGCTTAAGAA_001,163
AATCCTCTGGTGCTTAAGAA_002,53
AATCCTCTGGTGCTTAAGAA_003,164
AATCCTCTGGTGCTTAAGAA_004,34
AATCCTCTGGTGCTTAAGAA_005,115
AATCCTCTGGTGCTTAAGAA_006,15
AATCCTCTGGTGCTTAAGAA_007,58
AATCCTCTGGTGCTTAAGAA_008,115
AATCCTCTGGTGCTTAAGAA_009,80
AATCCTCTGGTGCTTAAGAA_010,180
AGGTCACTGATGTAAATGCG_001,161
AGGTCACTGATGTAAATGCG_002,162
AGGTCACTGATGTAAATGCG_003,191
CCCTGTGAACGGAACAGATG_001,60
CCCTGTGAACGGAACAGATG_002,154
CCCTGTGAACGGAACAGATG_003,119
CCCTGTGAACGGAACAGATG_004,72
CCCTGTGAACGGAACAGATG_005,115
CCCTGTGAACGGAACAGATG_006,84
CCCTGTGAACGGAACAGATG_007,48
CCCTGTGAACGGAACAGATG_008,10
CCCTGTGAACGGAACAGATG_009,102
CCCTGTGAACGGAACAGATG_010,138
CCCTGTGAACGGAACAGATG_011,18
CCCTGTGAACGGAACAGATG_012,34
CCAATACCTATGCCTGTAAG_001,91
CCAATACCTATGCCTGTAAG_002,13
CCAATACCTATGCCTGTAAG_003,197
CCAATACCTATGCCTGTAAG_004,1
CCAATACCTATGCCTGTAAG_005,29
CCAATACCTATGCCTGTAAG_006,141
GTCATGTCTGTCCATCAGAC_001,156
GTCATGTCTGTCCATCAGAC_002,115
GTCATGTCTGTCCATCAGAC_003,58
GTCATGTCTGTCCATCAGAC_004,113
GTCATGTCTGTCCATCAGAC_005,137
ATGCCGCAAGCCCATCGGTG_001,140
ATGCCGCAAGCCCATCGGTG_002,197
ATGCCGCAAGCCCATCGGTG_003,141
ATGCCGCAAGCCCATCGGTG_004,115
ATGCCGCAAGCCCATCGGTG_005,169
ATGCCGCAAGCCCATCGGTG_006,150
ATGCCGCAAGCCCATCGGTG_007,25
ATGCCGCAAGCCCATCGGTG_008,127
ATGCCGCAAGCCCATCGGTG_009,102
ATGCCGCAAGCCCATCGGTG_010,144
ATGCCGCAAGCCCATCGGTG_011,36
ATGCCGCAAGCCCATCGGTG_012,83
ATGCCGCAAGCCCATCGGTG_013,62
ATGCCGCAAGCCCATCGGTG_014,38
TACAGACCTCTCTCTGTGCA_001,77
TACAGACCTCTCTCTGTGCA_002,78
TACAGACCTCTCTCTGTGCA_003,105
TACAGACCTCTCTCTGTGCA_004,9
TACAGACCTCTCTCTGTGCA_005,76
TACAGACCTCTCTCTGTGCA_006,98
TACAGACCTCTCTCTGTGCA_007,162
TACAGACCTCTCTCTGTGCA_008,114
TACAGACCTCTCTCTGTGCA_009,57
TGCTTGTTGCAGTGTCTAGA_001,60
TGCTTGTTGCAGTGTCTAGA_002,70
TGCTTGTTGCAGTGTCTAGA_003,191
TGCTTGTTGCAGTGTCTAGA_004,53
TGCTTGTTGCAGTGTCTAGA_005,144
TGCTTGTTGCAGTGTCTAGA_006,169
TGCTTGTTGCAGTGTCTAGA_007,186
TGCTTGTTGCAGTGTCTAGA_008,21
TGCTTGTTGCAGTGTCTAGA_009,49
TGCTTGTTGCAGTGTCTAGA_010,29
TGCTTGTTGCAGTGTCTAGA_011,172
TGCTTGTTGCAGTGTCTAGA_012,38
TGCTTGTTGCAGTGTCTAGA_013,134
TGCTTGTTGCAGTGTCTAGA_014,149
TGCTTGTTGCAGTGTCTAGA_015,170
TGCTTGTTGCAGTGTCTAGA_016,83
TTGAACCTGTCCCATAAGGT_001,182
TTGAACCTGTCCCATAAGGT_002,153
TTGAACCTGTCCCATAAGGT_003,19
TTGAACCTGTCCCATAAGGT_004,184
TTGAACCTGTCCCATAAGGT_005,23
TTGAACCTGTCCCATAAGGT_006,34
TTGAACCTGTCCCATAAGGT_007,199
TTGAACCTGTCCCATAAGGT_008,76
TTGAACCTGTCCCATAAGGT_009,140
TTGAACCTGTCCCATAAGGT_010,147
TTGAACCTGTCCCATAAGGT_011,147
TTGAACCTGTCCCATAAGGT_012,62
TTGAACCTGTCCCATAAGGT_013,3
TTGAACCTGTCCCATAAGGT_014,11
TTGAACCTGTCCCATAAGGT_015,63
GGAACACACTGCGTACCTGA_001,82
GGAACACACTGCGTACCTGA_002,121
GGAACACACTGCGTACCTGA_003,91
GGAACACACTGCGTACCTGA_004,137
GGAACACACTGCGTACCTGA_005,6
GGAACACACTGCGTACCTGA_006,69
ATTCATAGACTAACCACATG_001,129
ATTCATAGACTAACCACATG_002,91
ATTCATAGACTAACCACATG_003,121
ATTCATAGACTAACCACATG_004,81
TCATATACGTCAAACCACAG_001,190
TCATATACGTCAAACCACAG_002,66
TCATATACGTCAAACCACAG_003,56
TCATATACGTCAAACCACAG_004,170
TCATATACGTCAAACCACAG_005,158
TCATATACGTCAAACCACAG_006,141
TCATATACGTCAAACCACAG_007,50
TCATATACGTCAAACCACAG_008,31
TCATATACGTCAAACCACAG_009,194
TCATATACGTCAAACCACAG_010,163
TCATATACGTCAAACCACAG_011,45
TCATATACGTCAAACCACAG_012,149
ACCTGTATCGAGGATCCTGG_001,106
ACCTGTATCGAGGATCCTGG_002,88
ACCTGTATCGAGGATCCTGG_003,134
ACCTGTATCGAGGATCCTGG_004,58
ACCTGTATCGAGGATCCTGG_005,170
ACCTGTATCGAGGATCCTGG_006,169
ACCTGTATCGAGGATCCTGG_007,191
ACCTGTATCGAGGATCCTGG_008,193
ACCTGTATCGAGGATCCTGG_009,0
ACCTGTATCGAGGATCCTGG_010,78
ACCTGTATCGAGGATCCTGG_011,176
ACCTGTATCGAGGATCCTGG_012,135
ACCTGTATCGAGGATCCTGG_013,102
ACCTGTATCGAGGATCCTGG_014,61
CCCCGGCCCCATCCAATAGG_001,188
CCCCGGCCCCATCCAATAGG_002,192
CCCCGGCCCCATCCAATAGG_003,102
CCCCGGCCCCATCCAATAGG_004,151
CCCCGGCCCCATCCAATAGG_005,144
CCCCGGCCCCATCCAATAGG_006,8
CCCCGGCCCCATCCAATAGG_007,184
CCCCGGCCCCATCCAATAGG_008,156
CCCCGGCCCCATCCAATAGG_009,105
CCCCGGCCCCATCCAATAGG_010,43
CCCCGGCCCCATCCAATAGG_011,126
CCCCGGCCCCATCCAATAGG_012,22
CCCCGGCCCCATCCAATAGG_013,57
CCCCGGCCCCATCCAATAGG_014,3
TGAAGGGTTCAATCTCCAAG_001,76
TGAAGGGTTCAATCTCCAAG_002,24
TGAAGGGTTCAATCTCCAAG_003,15
TGAAGGGTTCAATCTCCAAG_004,171
TGAAGGGTTCAATCTCCAAG_005,68
CATCTTCTTCAAATGAATGT_001,121
CATCTTCTTCAAATGAATGT_002,30
CATCTTCTTCAAATGAATGT_003,30
CATCTTCTTCAAATGAATGT_004,111
CATCTTCTTCAAATGAATGT_005,70
TGTGAGAATGAACGGAAGTG_001,50
TGTGAGAATGAACGGAAGTG_002,156
TGTGAGAATGAACGGAAGTG_003,56
TGTGAGAATGAACGGAAGTG_004,71
TGTGAGAATGAACGGAAGTG_005,52
GGATAGAGTCAATATACCTG_001,118
TTCGCTGCGACAGACAATCG_001,126
TTCGCTGCGACAGACAATCG_002,75
TTCGCTGCGACAGACAATCG_003,197
TTCGCTGCGACAGACAATCG_004,151
TTCGCTGCGACAGACAATCG_005,48
TTCGCTGCGACAGACAATCG_006,191
TTCGCTGCGACAGACAATCG_007,157
TTCGCTGCGACAGACAATCG_008,180
CTGATTTACAAACTGTACAT_001,113
CTGATTTACAAACTGTACAT_002,10
CTGATTTACAAACTGTACAT_003,28
CTGATTTACAAACTGTACAT_004,28
CTGATTTACAAACTGTACAT_005,130
CTGATTTACAAACTGTACAT_006,174
AAGAACAGGCTGTAAAAGTG_001,148
AAGAACAGGCTGTAAAAGTG_002,168
GTCTACCCCTCCTGTCGGGG_001,19
GTCTACCCCTCCTGTCGGGG_002,102
GTCTACCCCTCCTGTCGGGG_003,184
GTCTACCCCTCCTGTCGGGG_004,197
GTCTACCCCTCCTGTCGGGG_005,188
GTCTACCCCTCCTGTCGGGG_006,15
GTCTACCCCTCCTGTCGGGG_007,63
GTCTACCCCTCCTGTCGGGG_008,115
TTCTACACAGTACCGCTGGG_001,150
TTCTACACAGTACCGCTGGG_002,184
TTCTACACAGTACCGCTGGG_003,105
TTCTACACAGTACCGCTGGG_004,81
TTCTACACAGTACCGCTGGG_005,104
TTCTACACAGTACCGCTGGG_006,68
TTCTACACAGTACCGCTGGG_007,43
TGAAGACAACCACAGCAAAG_001,85
TGAAGACAACCACAGCAAAG_002,32
TGAAGACAACCACAGCAAAG_003,90
TGAAGACAACCACAGCAAAG_004,58
TGAAGACAACCACAGCAAAG_005,68
TGAAGACAACCACAGCAAAG_006,147
TGAAGAAGACATGGTGACTG_001,94
TGAAGAAGACATGGTGACTG_002,44
TGAAGAAGACATGGTGACTG_003,150
TGAAGAAGACATGGTGACTG_004,122
TGAAGAAGACATGGTGACTG_005,107
AGCTTCCTCAACCAAAGTGA_001,103
AGCTTCCTCAACCAAAGTGA_002,177
AGCTTCCTCAACCAAAGTGA_003,116
AGCTTCCTCAACCAAAGTGA_004,174
AGCTTCCTCAACCAAAGTGA_005,59
AGCTTCCTCAACCAAAGTGA_006,103
AGCTTCCTCAACCAAAGTGA_007,10
AGCTTCCTCAACCAAAGTGA_008,121
AGCTTCCTCAACCAAAGTGA_009,16
AGCTTCCTCAACCAAAGTGA_010,63
CGGGCCCCAACGGAGACCTG_001,146
CGGGCCCCAACGGAGACCTG_002,76
CGGGCCCCAACGGAGACCTG_003,17
CGGGCCCCAACGGAGACCTG_004,15
CGGGCCCCAACGGAGACCTG_005,35
CGGGCCCCAACGGAGACCTG_006,98
CGGGCCCCAACGGAGACCTG_007,130
CGGGCCCCAACGGAGACCTG_008,7
CGGGCCCCAACGGAGACCTG_009,149
CGGGCCCCAACGGAGACCTG_010,188
CGGGCCCCAACGGAGACCTG_011,41
CGGGCCCCAACGGAGACCTG_012,32
CGGGCCCCAACGGAGACCTG_013,154
CGGGCCCCAACGGAGACCTG_014,69
CGGGCCCCAACGGAGACCTG_015,177
CGGGCCCCAACGGAGACCTG_016,12
CGGGCCCCAACGGAGACCTG_017,77
CGGGCCCCAACGGAGACCTG_018,63
CGGGCCCCAACGGAGACCTG_019,74
CGGGCCCCAACGGAGACCTG_020,120
CGGGCCCCAACGGAGACCTG_021,6
CGGGCCCCAACGGAGACCTG_022,59
CGGGCCCCAACGGAGACCTG_023,124
CGGGCCCCAACGGAGACCTG_024,145
CGGGCCCCAACGGAGACCTG_025,120
CGGGCCCCAACGGAGACCTG_026,158
CGGGCCCCAACGGAGACCTG_027,70
CGGGCCCCAACGGAGACCTG_028,141
CGGGCCCCAACGGAGACCTG_029,161
CGGGCCCCAACGGAGACCTG_030,53
CGGGCCCCAACGGAGACCTG_031,68
CGGGCCCCAACGGAGACCTG_032,1
CGGGCCCCAACGGAGACCTG_033,147
CGGGCCCCAACGGAGACCTG_034,137
CGGGCCCCAACGGAGACCTG_035,142
CGGGCCCCAACGGAGACCTG_036,72
CGGGCCCCAACGGAGACCTG_037,155
CGGGCCCCAACGGAGACCTG_038,191
CGGGCCCCAACGGAGACCTG_039,28
CTGACCACAAAAATCCCTCG_001,97
CTGACCACAAAAATCCCTCG_002,36
CTGACCACAAAAATCCCTCG_003,168
CTGACCACAAAAATCCCTCG_004,192
CTGACCACAAAAATCCCTCG_005,62
TGACTTACCCAGGTGGTTAG_001,88
TGACTTACCCAGGTGGTTAG_002,41
TGACTTACCCAGGTGGTTAG_003,165
TGACTTACCCAGGTGGTTAG_004,144
TGACTTACCCAGGTGGTTAG_005,81
TGACTTACCCAGGTGGTTAG_006,14
GCAGTTGCAGTACATCGGCG_001,102
GCAGTTGCAGTACATCGGCG_002,58
GCAGTTGCAGTACATCGGCG_003,70
GCAGTTGCAGTACATCGGCG_004,58
GCAGTTGCAGTACATCGGCG_005,78
GCAGTTGCAGTACATCGGCG_006,186
GCAGTTGCAGTACATCGGCG_007,86
GCAGTTGCAGTACATCGGCG_008,16
GCAGTTGCAGTACATCGGCG_009,137
GCAGTTGCAGTACATCGGCG_010,150
GCAGTTGCAGTACATCGGCG_011,15
GCAGTTGCAGTACATCGGCG_012,125
GCAGTTGCAGTACATCGGCG_013,162
GCAGTTGCAGTACATCGGCG_014,19
GCAGTTGCAGTACATCGGCG_015,69
GCAGTTGCAGTACATCGGCG_016,66
GCAGTTGCAGTACATCGGCG_017,182
GCAGTTGCAGTACATCGGCG_018,184
GCAGTTGCAGTACATCGGCG_019,146
GCAGTTGCAGTACATCGGCG_020,141
GCAGTTGCAGTACATCGGCG_021,197
GCAGTTGCAGTACATCGGCG_022,76
GTTGTAGAAGTCCCAAGCCG_001,135
GTTGTAGAAGTCCCAAGCCG_002,78
GTTGTAGAAGTCCCAAGCCG_003,177
GTTGTAGAAGTCCCAAGCCG_004,14
GTTGTAGAAGTCCCAAGCCG_005,198
GTTGTAGAAGTCCCAAGCCG_006,33
TTATCCAGAAGCGAATACAT_001,33
TTATCCAGAAGCGAATACAT_002,30
TTATCCAGAAGCGAATACAT_003,105
TTATCCAGAAGCGAATACAT_004,160
TTATCCAGAAGCGAATACAT_005,162
TTATCCAGAAGCGAATACAT_006,90
TTATCCAGAAGCGAATACAT_007,196
CTCACCAAGAGCGAGAACCC_001,108
CTCACCAAGAGCGAGAACCC_002,190
CTCACCAAGAGCGAGAACCC_003,174
CTCACCAAGAGCGAGAACCC_004,162
CTCACCAAGAGCGAGAACCC_005,11
GCCCAGGTCACCAATTGTGG_001,44
GCCCAGGTCACCAATTGTGG_002,190
GCCCAGGTCACCAATTGTGG_003,185
GCCCAGGTCACCAATTGTGG_004,99
GCCCAGGTCACCAATTGTGG_005,116
GACCCAACTACCGTTTCACA_001,68
GACCCAACTACCGTTTCACA_002,115
GACCCAACTACCGTTTCACA_003,96
GACCCAACTACCGTTTCACA_004,152
GACCCAACTACCGTTTCACA_005,11
GACCCAACTACCGTTTCACA_006,77
GACCCAACTACCGTTTCACA_007,188
CACCTCGTCCAGGTCCACGT_001,54
CACCTCGTCCAGGTCCACGT_002,105
CACCTCGTCCAGGTCCACGT_003,2
CACCTCGTCCAGGTCCACGT_004,39
CCTTCTACTACTGCGAGCGG_001,140
CCTTCTACTACTGCGAGCGG_002,169
CCTTCTACTACTGCGAGCGG_003,103
CCTTCTACTACTGCGAGCGG_004,45
CCTTCTACTACTGCGAGCGG_005,180
CCTTCTACTACTGCGAGCGG_006,164
ACAGGCAGGACTCACCCGTG_001,176
ACAGGCAGGACTCACCCGTG_002,28
ACAGGCAGGACTCACCCGTG_003,198
ACAGGCAGGACTCACCCGTG_004,179
ACAGGCAGGACTCACCCGTG_005,127
ACAGGCAGGACTCACCCGTG_006,70
ACAGGCAGGACTCACCCGTG_007,58
ACAGGCAGGACTCACCCGTG_008,145
ACAGGCAGGACTCACCCGTG_009,191
ACAGGCAGGACTCACCCGTG_010,155
ACAGGCAGGACTCACCCGTG_011,41
ACAGGCAGGACTCACCCGTG_012,193
ACAGGCAGGACTCACCCGTG_013,1
ACAGGCAGGACTCACCCGTG_014,127
ACAGGCAGGACTCACCCGTG_015,196
ACAGGCAGGACTCACCCGTG_016,169
ACAGGCAGGACTCACCCGTG_017,75
ACAGGCAGGACTCACCCGTG_018,22
ACAGGCAGGACTCACCCGTG_019,174
ACAGGCAGGACTCACCCGTG_020,41
ACAGGCAGGACTCACCCGTG_021,37
ACAGGCAGGACTCACCCGTG_022,155
ACAGGCAGGACTCACCCGTG_023,190
ACAGGCAGGACTCACCCGTG_024,1
ACAGGCAGGACTCACCCGTG_025,148
ACAGGCAGGACTCACCCGTG_026,88
ACAGGCAGGACTCACCCGTG_027,150
ACAGGCAGGACTCACCCGTG_028,178
ACAGGCAGGACTCACCCGTG_029,161
ACAGGCAGGACTCACCCGTG_030,78
ACAGGCAGGACTCACCCGTG_031,106
ACAGGCAGGACTCACCCGTG_032,157
ACAGGCAGGACTCACCCGTG_033,69
ACAGGCAGGACTCACCCGTG_034,50
ACAGGCAGGACTCACCCGTG_035,124
ACAGGCAGGACTCACCCGTG_036,12
ACAGGCAGGACTCACCCGTG_037,198
ACAGGCAGGACTCACCCGTG_038,88
ACAGGCAGGACTCACCCGTG_039,140
TAACCAATGGAACATGGGAA_001,17
TAACCAATGGAACATGGGAA_002,72
TAACCAATGGAACATGGGAA_003,15
TAACCAATGGAACATGGGAA_004,169
TAACCAATGGAACATGGGAA_005,57
TAACCAATGGAACATGGGAA_006,9
TAACCAATGGAACATGGGAA_007,167
TAACCAATGGAACATGGGAA_008,56
TAACCAATGGAACATGGGAA_009,48
TAACCAATGGAACATGGGAA_010,80
TAACCAATGGAACATGGGAA_011,135
TAACCAATGGAACATGGGAA_012,23
TAACCAATGGAACATGGGAA_013,21
TAACCAATGGAACATGGGAA_014,80
TAACCAATGGAACATGGGAA_015,180
TAACCAATGGAACATGGGAA_016,34
TAACCAATGGAACATGGGAA_017,79
AACCATCAAGTTGTGTATCG_001,17
AGAGGGTCCTTACCTCGATG_001,129
AGAGGGTCCTTACCTCGATG_002,105
AGAGGGTCCTTACCTCGATG_003,48
AGAGGGTCCTTACCTCGATG_004,157
AGAGGGTCCTTACCTCGATG_005,141
AGAGGGTCCTTACCTCGATG_006,46
AGAGGGTCCTTACCTCGATG_007,168
AGAGGGTCCTTACCTCGATG_008,174
AGAGGGTCCTTACCTCGATG_009,69
TGGTCTCATGACATCCGCAA_001,1
TGGTCTCATGACATCCGCAA_002,174
TGGTCTCATGACATCCGCAA_003,148
TGGTCTCATGACATCCGCAA_004,0
TGGTCTCATGACATCCGCAA_005,163
TGGTCTCATGACATCCGCAA_006,88
TGGTCTCATGACATCCGCAA_007,69
TGGTCTCATGACATCCGCAA_008,168
TGGTCTCATGACATCCGCAA_009,179
TGGTCTCATGACATCCGCAA_010,150
TGGTCTCATGACATCCGCAA_011,130
AAGGGATGAAATATGACCAA_001,199
AAGGGATGAAATATGACCAA_002,115
AAGGGATGAAATATGACCAA_003,156
AAGGGATGAAATATGACCAA_004,59
AAGGGATGAAATATGACCAA_005,27
AAGGGATGAAATATGACCAA_006,153
AAGGGATGAAATATGACCAA_007,56
AAGGGATGAAATATGACCAA_008,130
AAGGGATGAAATATGACCAA_009,160
AAGGGATGAAATATGACCAA_010,58
AACTTGTTGACGAAGTCCGG_001,38
AACTTGTTGACGAAGTCCGG_002,53
AACTTGTTGACGAAGTCCGG_003,29
AACTTGTTGACGAAGTCCGG_004,22
AACTTGTTGACGAAGTCCGG_005,88
AACTTGTTGACGAAGTCCGG_006,197
AACTTGTTGACGAAGTCCGG_007,83
AACTTGTTGACGAAGTCCGG_008,102
AACTTGTTGACGAAGTCCGG_009,69
AACTTGTTGACGAAGTCCGG_010,23
CATAGTGAGGCGGCTCAGAG_001,32
CATAGTGAGGCGGCTCAGAG_002,53
CATAGTGAGGCGGCTCAGAG_003,9
CATAGTGAGGCGGCTCAGAG_004,55
CATAGTGAGGCGGCTCAGAG_005,134
CATAGTGAGGCGGCTCAGAG_006,13
CATAGTGAGGCGGCTCAGAG_007,15
CATAGTGAGGCGGCTCAGAG_008,4
CATAGTGAGGCGGCTCAGAG_009,77
CATAGTGAGGCGGCTCAGAG_010,15
CATAGTGAGGCGGCTCAGAG_011,150
CATAGTGAGGCGGCTCAGAG_012,76
CATAGTGAGGCGGCTCAGAG_013,106
CATAGTGAGGCGGCTCAGAG_014,138
CATAGTGAGGCGGCTCAGAG_015,89
CATAGTGAGGCGGCTCAGAG_016,198
CATAGTGAGGCGGCTCAGAG_017,133
CATAGTGAGGCGGCTCAGAG_018,148
CATAGTGAGGCGGCTCAGAG_019,164
CATAGTGAGGCGGCTCAGAG_020,164
CATAGTGAGGCGGCTCAGAG_021,76
CATAGTGAGGCGGCTCAGAG_022,37
CATAGTGAGGCGGCTCAGAG_023,141
CATAGTGAGGCGGCTCAGAG_024,43
CATAGTGAGGCGGCTCAGAG_025,109
CATAGTGAGGCGGCTCAGAG_026,109
CATAGTGAGGCGGCTCAGAG_027,68
CATAGTGAGGCGGCTCAGAG_028,129
CATAGTGAGGCGGCTCAGAG_029,116
CATAGTGAGGCGGCTCAGAG_030,147
CATAGTGAGGCGGCTCAGAG_031,10
CATAGTGAGGCGGCTCAGAG_032,3
CATAGTGAGGCGGCTCAGAG_033,89
GTACGAACACCATCCAGTCG_001,177
TTACAATGCCCGACCCTCGA_001,94
TTACAATGCCCGACCCTCGA_002,157
TTACAATGCCCGACCCTCGA_003,115
TTACAATGCCCGACCCTCGA_004,108
TTACAATGCCCGACCCTCGA_005,84
TTACAATGCCCGACCCTCGA_006,188
TTACAATGCCCGACCCTCGA_007,150
TTACAATGCCCGACCCTCGA_008,172
TTACAATGCCCGACCCTCGA_009,54
TTACAATGCCCGACCCTCGA_010,87
TTACAATGCCCGACCCTCGA_011,1
TACGGGAGCGGAATTTGACC_001,53
TCTGGGTGAGAACTCAGTGG_001,127
TCTGGGTGAGAACTCAGTGG_002,74
TCTGGGTGAGAACTCAGTGG_003,107
TCTGGGTGAGAACTCAGTGG_004,56
TCTGGGTGAGAACTCAGTGG_005,137
ATGCCATAGGATGAGCCGTA_001,5
ATGCCATAGGATGAGCCGTA_002,105
ATGCCATAGGATGAGCCGTA_003,146
ATGCCATAGGATGAGCCGTA_004,141
ATGCCATAGGATGAGCCGTA_005,57
ATGCCATAGGATGAGCCGTA_006,96
ATGCCATAGGATGAGCCGTA_007,70
ATGCCATAGGATGAGCCGTA_008,25
ATGCCATAGGATGAGCCGTA_009,10
ATGCCATAGGATGAGCCGTA_010,199
ATGCCATAGGATGAGCCGTA_011,137
ATGCCATAGGATGAGCCGTA_012,138
CCACAGTGTACCCCTTCCAG_001,158
CCACAGTGTACCCCTTCCAG_002,50
CCACAGTGTACCCCTTCCAG_003,168
CCACAGTGTACCCCTTCCAG_004,133
CCACAGTGTACCCCTTCCAG_005,8
CCACAGTGTACCCCTTCCAG_006,112
AGACCAGTATAAAGTTGGAG_001,48
AGACCAGTATAAAGTTGGAG_002,41
AGACCAGTATAAAGTTGGAG_003,145
AGACCAGTATAAAGTTGGAG_004,184
TCTGACCATTCAGCAACCAC_001,141
TCTGACCATTCAGCAACCAC_002,17
TCTGACCATTCAGCAACCAC_003,41
TCTGACCATTCAGCAACCAC_004,141
TCTGACCATTCAGCAACCAC_005,6
TCTGACCATTCAGCAACCAC_006,125
TCTGACCATTCAGCAACCAC_007,75
TCTGACCATTCAGCAACCAC_008,16
TCTGACCATTCAGCAACCAC_009,177
TCTGACCATTCAGCAACCAC_010,120
TCTGACCATTCAGCAACCAC_011,70
TCTGACCATTCAGCAACCAC_012,118
ATGGCAAGGGTACACTGTGA_001,164
ATGGCAAGGGTACACTGTGA_002,118
ATGGCAAGGGTACACTGTGA_003,185
ATGGCAAGGGTACACTGTGA_004,105
ATGGCAAGGGTACACTGTGA_005,9
ATGGCAAGGGTACACTGTGA_006,155
ATGGCAAGGGTACACTGTGA_007,129
ATGGCAAGGGTACACTGTGA_008,91
ATGGCAAGGGTACACTGTGA_009,79
ATGGCAAGGGTACACTGTGA_010,19
TTACCCCAGAACCAGACGGA_001,171
TTACCCCAGAACCAGACGGA_002,189
TTACCCCAGAACCAGACGGA_003,186
TTACCCCAGAACCAGACGGA_004,130
TTACCCCAGAACCAGACGGA_005,173
TTACCCCAGAACCAGACGGA_006,58
TTACCCCAGAACCAGACGGA_007,70
TTACCCCAGAACCAGACGGA_008,152
TTACCCCAGAACCAGACGGA_009,143
TTACCCCAGAACCAGACGGA_010,181
TTACCCCAGAACCAGACGGA_011,136
TTACCCCAGAACCAGACGGA_012,160
TTACCCCAGAACCAGACGGA_013,184
TTACCCCAGAACCAGACGGA_014,162
TTACCCCAGAACCAGACGGA_015,129
TTACCCCAGAACCAGACGGA_016,74
TTACCCCAGAACCAGACGGA_017,185
TTACCCCAGAACCAGACGGA_018,65
TTACCCCAGAACCAGACGGA_019,5
TTACCCCAGAACCAGACGGA_020,136
TTACCCCAGAACCAGACGGA_021,9
TTACCCCAGAACCAGACGGA_022,94
TTACCCCAGAACCAGACGGA_023,91
GGCCACCACCAATCTACTGG_001,3
GGCCACCACCAATCTACTGG_002,68
CCTGGCCGGACAGGTAACCG_001,11
CCTGGCCGGACAGGTAACCG_002,72
CCTGGCCGGACAGGTAACCG_003,135
CCTGGCCGGACAGGTAACCG_004,133
CCTGGCCGGACAGGTAACCG_005,25
CCTGGCCGGACAGGTAACCG_006,154
CCTGGCCGGACAGGTAACCG_007,168
CCTGGCCGGACAGGTAACCG_008,188
CCTGGCCGGACAGGTAACCG_009,136
CCTGGCCGGACAGGTAACCG_010,174
CCTGGCCGGACAGGTAACCG_011,34
CCTGGCCGGACAGGTAACCG_012,172
CCTGGCCGGACAGGTAACCG_013,137
GAGCAAAAATACCTGCCACA_001,34
GAGCAAAAATACCTGCCACA_002,38
GAGCAAAAATACCTGCCACA_003,169
GAGCAAAAATACCTGCCACA_004,142
GAGCAAAAATACCTGCCACA_005,170
GAGCAAAAATACCTGCCACA_006,146
GAGCAAAAATACCTGCCACA_007,176
GAGCAAAAATACCTGCCACA_008,169
CTGCTGGGATTCCATCCACG_001,43
CTGCTGGGATTCCATCCACG_002,137
CTGCTGGGATTCCATCCACG_003,84
CTGCTGGGATTCCATCCACG_004,69
CTGCTGGGATTCCATCCACG_005,99
CTGCTGGGATTCCATCCACG_006,153
TTACCTTAATGGGCCCAATG_001,137
TTACCTTAATGGGCCCAATG_002,113
TTACCTTAATGGGCCCAATG_003,113
TTACCTTAATGGGCCCAATG_004,88
TTACCTTAATGGGCCCAATG_005,5
TTACCTTAATGGGCCCAATG_006,174
TTACCTTAATGGGCCCAATG_007,61
TTACCTTAATGGGCCCAATG_008,56
TTACCTTAATGGGCCCAATG_009,138
TTACCTTAATGGGCCCAATG_010,2
TTACCTTAATGGGCCCAATG_011,199
TTACCTTAATGGGCCCAATG_012,168
TTACCTTAATGGGCCCAATG_013,88
GAGGGATCTGACCTACCAGG_001,43
GAGGGATCTGACCTACCAGG_002,61
GAGGGATCTGACCTACCAGG_003,176
CCCTCCAGGGTATCTTCACG_001,127
GTGCTTCCGGAGCGAGCAGG_001,83
GTGCTTCCGGAGCGAGCAGG_002,22
GTGCTTCCGGAGCGAGCAGG_003,154
GTGCTTCCGGAGCGAGCAGG_004,26
GTGCTTCCGGAGCGAGCAGG_005,92
GTGCTTCCGGAGCGAGCAGG_006,159
GTGCTTCCGGAGCGAGCAGG_007,94
GTGCTTCCGGAGCGAGCAGG_008,149
GTGCTTCCGGAGCGAGCAGG_009,4
GTGCTTCCGGAGCGAGCAGG_010,32
GTGCTTCCGGAGCGAGCAGG_011,77
GTGCTTCCGGAGCGAGCAGG_012,50
GTGCTTCCGGAGCGAGCAGG_013,52
GTGCTTCCGGAGCGAGCAGG_014,169
GTGCTTCCGGAGCGAGCAGG_015,34
GTGCTTCCGGAGCGAGCAGG_016,134
GTGCTTCCGGAGCGAGCAGG_017,161
GTGCTTCCGGAGCGAGCAGG_018,8
GTGCTTCCGGAGCGAGCAGG_019,104
GTGCTTCCGGAGCGAGCAGG_020,112
GTGCTTCCGGAGCGAGCAGG_021,198
GTGCTTCCGGAGCGAGCAGG_022,19
GTGCTTCCGGAGCGAGCAGG_023,66
GTGCTTCCGGAGCGAGCAGG_024,5
GTGCTTCCGGAGCGAGCAGG_025,20
GTGCTTCCGGAGCGAGCAGG_026,52
GTGCTTCCGGAGCGAGCAGG_027,98
GTGCTTCCGGAGCGAGCAGG_028,1
GTTCCCGAAAACTCTCCCAG_001,15
GTTCCCGAAAACTCTCCCAG_002,127
GTTCCCGAAAACTCTCCCAG_003,55
GTTCCCGAAAACTCTCCCAG_004,177
GTTCCCGAAAACTCTCCCAG_005,168
GTTCCCGAAAACTCTCCCAG_006,170
GTTCCCGAAAACTCTCCCAG_007,27
GTTCCCGAAAACTCTCCCAG_008,76
GTTCCCGAAAACTCTCCCAG_009,191
GTTCCCGAAAACTCTCCCAG_010,42
GTTCCCGAAAACTCTCCCAG_011,65
GTTCCCGAAAACTCTCCCAG_012,192
GTTCCCGAAAACTCTCCCAG_013,49
GTTCCCGAAAACTCTCCCAG_014,169
GCTTCGCATACAAACAGCCG_001,169
GCTTCGCATACAAACAGCCG_002,8
GCTTCGCATACAAACAGCCG_003,121
GCTTCGCATACAAACAGCCG_004,105
GCTTCGCATACAAACAGCCG_005,62
GCTTCGCATACAAACAGCCG_006,9
GCTTCGCATACAAACAGCCG_007,57
GCTTCGCATACAAACAGCCG_008,14
GCTTCGCATACAAACAGCCG_009,86
GCTTCGCATACAAACAGCCG_010,40
GCTTCGCATACAAACAGCCG_011,108
GCTTCGCATACAAACAGCCG_012,6
GCTTCGCATACAAACAGCCG_013,61
TTCTCTGTTAAATAGAGCCA_001,112
TTCTCTGTTAAATAGAGCCA_002,78
TTCTCTGTTAAATAGAGCCA_003,56
TTCTCTGTTAAATAGAGCCA_004,84
GGTGTCTGATCCGCTCACGG_001,40
GGTGTCTGATCCGCTCACGG_002,178
GGTGTCTGATCCGCTCACGG_003,112
GGTGTCTGATCCGCTCACGG_004,98
GGTGTCTGATCCGCTCACGG_005,125
GGTGTCTGATCCGCTCACGG_006,97
GGTGTCTGATCCGCTCACGG_007,132
GGTGTCTGATCCGCTCACGG_008,178
GGTGTCTGATCCGCTCACGG_009,102
GAAACCCGTATGCCACCCTA_001,157
GAAACCCGTATGCCACCCTA_002,188
GAAACCCGTATGCCACCCTA_003,4
GAAACCCGTATGCCACCCTA_004,44
GAAACCCGTATGCCACCCTA_005,169
GAAACCCGTATGCCACCCTA_006,2
GAAACCCGTATGCCACCCTA_007,87
AAACCAATCCTTCAGCCGGG_001,77
AAACCAATCCTTCAGCCGGG_002,70
AAACCAATCCTTCAGCCGGG_003,1
AAACCAATCCTTCAGCCGGG_004,1
AAACCAATCCTTCAGCCGGG_005,130
AAACCAATCCTTCAGCCGGG_006,115
AAACCAATCCTTCAGCCGGG_007,37
GATGATGGCCCAGAAGCGCA_001,18
GATGATGGCCCAGAAGCGCA_002,57
GATGATGGCCCAGAAGCGCA_003,110
GATGATGGCCCAGAAGCGCA_004,157
GATGATGGCCCAGAAGCGCA_005,119
GATGATGGCCCAGAAGCGCA_006,8
GATGATGGCCCAGAAGCGCA_007,50
GATGATGGCCCAGAAGCGCA_008,170
GATGATGGCCCAGAAGCGCA_009,17
GATGATGGCCCAGAAGCGCA_010,19
GATGATGGCCCAGAAGCGCA_011,32
GATGATGGCCCAGAAGCGCA_012,32
GATGATGGCCCAGAAGCGCA_013,70
TGAGTTGACGGTTCTCTATG_001,98
TGAGTTGACGGTTCTCTATG_002,13
CAGACGAGTCGCGCATCCGG_001,144
CAGACGAGTCGCGCATCCGG_002,44
CAGACGAGTCGCGCATCCGG_003,139
CAGACGAGTCGCGCATCCGG_004,63
CAGACGAGTCGCGCATCCGG_005,17
CAGACGAGTCGCGCATCCGG_006,94
CAGACGAGTCGCGCATCCGG_007,152
CAGACGAGTCGCGCATCCGG_008,188
CAGACGAGTCGCGCATCCGG_009,20
CAGACGAGTCGCGCATCCGG_010,156
AGAACTGACAGTCCTCCTTG_001,168
AGAACTGACAGTCCTCCTTG_002,126
AGAACTGACAGTCCTCCTTG_003,183
AGAACTGACAGTCCTCCTTG_004,8
AGAACTGACAGTCCTCCTTG_005,156
CGCCAGACGTTCTGAAACTG_001,12
CGCCAGACGTTCTGAAACTG_002,116
CGCCAGACGTTCTGAAACTG_003,199
GCAAAGTCTGTGGCAATGTG_001,159
GCAAAGTCTGTGGCAATGTG_002,159
GCAAAGTCTGTGGCAATGTG_003,91
GCAAAGTCTGTGGCAATGTG_004,137
GCAAAGTCTGTGGCAATGTG_005,29
GCAAAGTCTGTGGCAATGTG_006,49
GCAAAGTCTGTGGCAATGTG_007,35
GCAAAGTCTGTGGCAATGTG_008,52
GCAAAGTCTGTGGCAATGTG_009,168
GCAAAGTCTGTGGCAATGTG_010,121
AAGTGAGGTAGATTATCATC_001,41
AAGTGAGGTAGATTATCATC_002,162
AAGTGAGGTAGATTATCATC_003,158
AAGTGAGGTAGATTATCATC_004,1
AAGTGAGGTAGATTATCATC_005,149
AAGTGAGGTAGATTATCATC_006,15
CTAAATGTGTTACCATACCA_001,60
CTAAATGTGTTACCATACCA_002,41
CTAAATGTGTTACCATACCA_003,188
CTAAATGTGTTACCATACCA_004,106
CTAAATGTGTTACCATACCA_005,29
CTAAATGTGTTACCATACCA_006,103
ATAACTCATCAGCAGCTGCC_001,92
ATAACTCATCAGCAGCTGCC_002,185
ATAACTCATCAGCAGCTGCC_003,70
ATAACTCATCAGCAGCTGCC_004,130
ATAACTCATCAGCAGCTGCC_005,35
ATAACTCATCAGCAGCTGCC_006,15
GTGGAGTCCATCTTCCGCAA_001,49
GTGGAGTCCATCTTCCGCAA_002,98
GTGGAGTCCATCTTCCGCAA_003,104
GTGGAGTCCATCTTCCGCAA_004,162
AGAAAGACGAGGTAACTCCA_001,182
AGAAAGACGAGGTAACTCCA_002,185
AGAAAGACGAGGTAACTCCA_003,88
AGAAAGACGAGGTAACTCCA_004,42
AGAAAGACGAGGTAACTCCA_005,124
AGAAAGACGAGGTAACTCCA_006,63
AGAAAGACGAGGTAACTCCA_007,147
AGAAAGACGAGGTAACTCCA_008,38
GAAGGGTTTCACGTAAGCGA_001,150
GAAGGGTTTCACGTAAGCGA_002,141
GAAGGGTTTCACGTAAGCGA_003,156
GAAGGGTTTCACGTAAGCGA_004,137
GGTCTGCAGGAGTCCAAACG_001,77
GGTCTGCAGGAGTCCAAACG_002,85
GGTCTGCAGGAGTCCAAACG_003,1
GGTCTGCAGGAGTCCAAACG_004,8
GGTCTGCAGGAGTCCAAACG_005,101
GGTCTGCAGGAGTCCAAACG_006,93
GGTCTGCAGGAGTCCAAACG_007,70
GGTCTGCAGGAGTCCAAACG_008,148
GGTCTGCAGGAGTCCAAACG_009,107
GGTCTGCAGGAGTCCAAACG_010,158
GGTCTGCAGGAGTCCAAACG_011,136
GGTCTGCAGGAGTCCAAACG_012,30
GGTCTGCAGGAGTCCAAACG_013,61
TCATGGAAGCGAATAATACG_001,172
TCAAGAACCCCATCGACCAG_001,17
TCAAGAACCCCATCGACCAG_002,183
TCAAGAACCCCATCGACCAG_003,182
TCAAGAACCCCATCGACCAG_004,160
TCAAGAACCCCATCGACCAG_005,70
TCAAGAACCCCATCGACCAG_006,101
TCAAGAACCCCATCGACCAG_007,199
TCAAGAACCCCATCGACCAG_008,41
TCAAGAACCCCATCGACCAG_009,123
TCAAGAACCCCATCGACCAG_010,56
TCAAGAACCCCATCGACCAG_011,169
TCAAGAACCCCATCGACCAG_012,105
TCAAGAACCCCATCGACCAG_013,75
TCAAGAACCCCATCGACCAG_014,35
TCAAGAACCCCATCGACCAG_015,94
TCAAGAACCCCATCGACCAG_016,13
TCAAGAACCCCATCGACCAG_017,127
TCAAGAACCCCATCGACCAG_018,51
TCAAGAACCCCATCGACCAG_019,17
TCAAGAACCCCATCGACCAG_020,83
TCAAGAACCCCATCGACCAG_021,156
TCAAGAACCCCATCGACCAG_022,28
TCAAGAACCCCATCGACCAG_023,85
TCAAGAACCCCATCGACCAG_024,127
TCAAGAACCCCATCGACCAG_025,178
TCAAGAACCCCATCGACCAG_026,161
TCAAGAACCCCATCGACCAG_027,186
TCAAGAACCCCATCGACCAG_028,28
TCAAGAACCCCATCGACCAG_029,147
TGAAGTGCTAATTCCCGAGT_001,60
AAAAGATCGGAACCGGTCTG_001,9
AAAAGATCGGAACCGGTCTG_002,130
AAAAGATCGGAACCGGTCTG_003,115
AAAAGATCGGAACCGGTCTG_004,168
AAAAGATCGGAACCGGTCTG_005,19
AAAAGATCGGAACCGGTCTG_006,127
AAAAGATCGGAACCGGTCTG_007,107
AAAAGATCGGAACCGGTCTG_008,57
AAAAGATCGGAACCGGTCTG_009,25
AAAAGATCGGAACCGGTCTG_010,175
AAAAGATCGGAACCGGTCTG_011,19
AAAAGATCGGAACCGGTCTG_012,169
AAAAGATCGGAACCGGTCTG_013,40
AAAAGATCGGAACCGGTCTG_014,144
CTCACCAACAATATCAAGCT_001,48
CTCACCAACAATATCAAGCT_002,125
CTCACCAACAATATCAAGCT_003,141
CTCACCAACAATATCAAGCT_004,182
CTCACCAACAATATCAAGCT_005,80
ATACTGACTCTGATCCCAAG_001,4
ATACTGACTCTGATCCCAAG_002,190
TTCTCCAAAGACATACACTC_001,94
TTCTCCAAAGACATACACTC_002,40
TTCTCCAAAGACATACACTC_003,9
TTCTCCAAAGACATACACTC_004,2
TTCTCCAAAGACATACACTC_005,61
TTCTCCAAAGACATACACTC_006,127
TTCTCCAAAGACATACACTC_007,4
TTCTCCAAAGACATACACTC_008,172
TTCTCCAAAGACATACACTC_009,127
TTCTCCAAAGACATACACTC_010,171
TTCTCCAAAGACATACACTC_011,146
TTCTCCAAAGACATACACTC_012,44
TTCTCCAAAGACATACACTC_013,104
AGCAGCGTATGATATCATGC_001,193
AGCAGCGTATGATATCATGC_002,21
AGCAGCGTATGATATCATGC_003,63
TTGTCCTGAATTGGTTCCCA_001,58
TTGTCCTGAATTGGTTCCCA_002,149
TTGTCCTGAATTGGTTCCCA_003,152
TTGTCCTGAATTGGTTCCCA_004,138
TTGTCCTGAATTGGTTCCCA_005,47
TTGTCCTGAATTGGTTCCCA_006,47
TTGTCCTGAATTGGTTCCCA_007,63
TTGTCCTGAATTGGTTCCCA_008,155
TTGTCCTGAATTGGTTCCCA_009,176
TTGTCCTGAATTGGTTCCCA_010,4
TTGTCCTGAATTGGTTCCCA_011,189
TTGTCCTGAATTGGTTCCCA_012,150
GATCGACGTTAGCTCCAACG_001,60
GATCGACGTTAGCTCCAACG_002,183
GATCGACGTTAGCTCCAACG_003,170
GATAAAGCGAAACTCCGGAT_001,60
GATAAAGCGAAACTCCGGAT_002,105
GATAAAGCGAAACTCCGGAT_003,133
GATAAAGCGAAACTCCGGAT_004,10
GATAAAGCGAAACTCCGGAT_005,99
TGGGCTGACAGCACACAGAC_001,157
TGGGCTGACAGCACACAGAC_002,162
TGGGCTGACAGCACACAGAC_003,98
TGGGCTGACAGCACACAGAC_004,138
TGGGCTGACAGCACACAGAC_005,92
CCACCAAACCTCAGGTACGC_001,31
CCACCAAACCTCAGGTACGC_002,25
CCACCAAACCTCAGGTACGC_003,137
CCACCAAACCTCAGGTACGC_004,78
AAGAAACGCCTCAAGCGCCA_001,9
AAGAAACGCCTCAAGCGCCA_002,170
AAGAAACGCCTCAAGCGCCA_003,41
AAGAAACGCCTCAAGCGCCA_004,0
AAGAAACGCCTCAAGCGCCA_005,58
AAGAAACGCCTCAAGCGCCA_006,18
AAGAAACGCCTCAAGCGCCA_007,90
AAGAAACGCCTCAAGCGCCA_008,94
AAGAAACGCCTCAAGCGCCA_009,197
AAGAAACGCCTCAAGCGCCA_010,191
AGAGCAGGGATCCCCCACAG_001,199
AGAGCAGGGATCCCCCACAG_002,168
AGAGCAGGGATCCCCCACAG_003,102
AGAGCAGGGATCCCCCACAG_004,102
AGAGCAGGGATCCCCCACAG_005,102
AGAGCAGGGATCCCCCACAG_006,91
AGAGCAGGGATCCCCCACAG_007,77
AGAGCAGGGATCCCCCACAG_008,15
AGAGCAGGGATCCCCCACAG_009,103
AGAGCAGGGATCCCCCACAG_010,137
AGAGCAGGGATCCCCCACAG_011,57
AGAGCAGGGATCCCCCACAG_012,117
AGAGCAGGGATCCCCCACAG_013,103
AGAGCAGGGATCCCCCACAG_014,67
AGAGCAGGGATCCCCCACAG_015,101
AGAGCAGGGATCCCCCACAG_016,11
AGAGCAGGGATCCCCCACAG_017,168
AGAGCAGGGATCCCCCACAG_018,144
GTCCCTGAGACCCCGAAAGC_001,158
GTCCCTGAGACCCCGAAAGC_002,111
GTCCCTGAGACCCCGAAAGC_003,35
GTCCCTGAGACCCCGAAAGC_004,62
GTCCCTGAGACCCCGAAAGC_005,169
GTCCCTGAGACCCCGAAAGC_006,149
GTCCCTGAGACCCCGAAAGC_007,115
GTCCCTGAGACCCCGAAAGC_008,153
GTCCCTGAGACCCCGAAAGC_009,162
GTCCCTGAGACCCCGAAAGC_010,7
GTCCCTGAGACCCCGAAAGC_011,7
GTCCCTGAGACCCCGAAAGC_012,188
GTCCCTGAGACCCCGAAAGC_013,48
GTCCCTGAGACCCCGAAAGC_014,6
GTCCCTGAGACCCCGAAAGC_015,83
GTCCCTGAGACCCCGAAAGC_016,177
GTCCCTGAGACCCCGAAAGC_017,96
GTCCCTGAGACCCCGAAAGC_018,74
GTCCCTGAGACCCCGAAAGC_019,35
GTCCCTGAGACCCCGAAAGC_020,20
GTCCCTGAGACCCCGAAAGC_021,83
GTCCCTGAGACCCCGAAAGC_022,19
GTCCCTGAGACCCCGAAAGC_023,9
GTCCCTGAGACCCCGAAAGC_024,77
GTCCCTGAGACCCCGAAAGC_025,2
GTCCCTGAGACCCCGAAAGC_026,143
GTCCCTGAGACCCCGAAAGC_027,91
GTCCCTGAGACCCCGAAAGC_028,166
GTCCCTGAGACCCCGAAAGC_029,27
GTCCCTGAGACCCCGAAAGC_030,9
GTCCCTGAGACCCCGAAAGC_031,168
GTCCCTGAGACCCCGAAAGC_032,141
AATGGTGTCAAAACAACACG_001,16
AATGGTGTCAAAACAACACG_002,175
AATGGTGTCAAAACAACACG_003,28
ACATCAAGAGAAATCATGAC_001,3
ACATCAAGAGAAATCATGAC_002,181
ACATCAAGAGAAATCATGAC_003,67
TTTGAGTCAGTACATAGCAG_001,146
TTTGAGTCAGTACATAGCAG_002,150
TTTGAGTCAGTACATAGCAG_003,70
TTTGAGTCAGTACATAGCAG_004,60
TTTGAGTCAGTACATAGCAG_005,156
TTTGAGTCAGTACATAGCAG_006,69
GGACAATGAACATTGTCCCT_001,38
GGACAATGAACATTGTCCCT_002,84
GGACAATGAACATTGTCCCT_003,104
GGACAATGAACATTGTCCCT_004,147
GGACAATGAACATTGTCCCT_005,41
GGACAATGAACATTGTCCCT_006,57
GGACAATGAACATTGTCCCT_007,74
GGACAATGAACATTGTCCCT_008,112
TGCCATTCTTGATCTCCGCG_001,154
TGCCATTCTTGATCTCCGCG_002,36
TGCCATTCTTGATCTCCGCG_003,98
TGCCATTCTTGATCTCCGCG_004,149
TGCCATTCTTGATCTCCGCG_005,190
TGCCATTCTTGATCTCCGCG_006,97
TGCCATTCTTGATCTCCGCG_007,124
TGCCATTCTTGATCTCCGCG_008,137
TTATCCACACGAGCAGATGA_001,105
TTATCCACACGAGCAGATGA_002,2
TTATCCACACGAGCAGATGA_003,29
TTATCCACACGAGCAGATGA_004,197
TTATCCACACGAGCAGATGA_005,121
TTATCCACACGAGCAGATGA_006,27
TTATCCACACGAGCAGATGA_007,136
TATTTAGCTCAAAACAAATG_001,42
GCATCACCATCAATATGGCT_001,60
GCATCACCATCAATATGGCT_002,170
GCATCACCATCAATATGGCT_003,94
GCATCACCATCAATATGGCT_004,14
GCATCACCATCAATATGGCT_005,40
GCATCACCATCAATATGGCT_006,91
CGCTAGGTCCGGTAAGTGCG_001,17
CGCTAGGTCCGGTAAGTGCG_002,169
CGCTAGGTCCGGTAAGTGCG_003,149
CGCTAGGTCCGGTAAGTGCG_004,111
CGCTAGGTCCGGTAAGTGCG_005,149
CGCTAGGTCCGGTAAGTGCG_006,146
CGCTAGGTCCGGTAAGTGCG_007,101
CGCTAGGTCCGGTAAGTGCG_008,193
CGCTAGGTCCGGTAAGTGCG_009,34
CGCTAGGTCCGGTAAGTGCG_010,94
CGCTAGGTCCGGTAAGTGCG_011,1
CGCTAGGTCCGGTAAGTGCG_012,181
CGCTAGGTCCGGTAAGTGCG_013,175
CGCTAGGTCCGGTAAGTGCG_014,130
CGCTAGGTCCGGTAAGTGCG_015,56
CGCTAGGTCCGGTAAGTGCG_016,151
CGCTAGGTCCGGTAAGTGCG_017,73
CGCTAGGTCCGGTAAGTGCG_018,64
CGCTAGGTCCGGTAAGTGCG_019,186
CGCTAGGTCCGGTAAGTGCG_020,70
CGCTAGGTCCGGTAAGTGCG_021,124
CGCTAGGTCCGGTAAGTGCG_022,0
CGCTAGGTCCGGTAAGTGCG_023,97
CGCTAGGTCCGGTAAGTGCG_024,1
CGCTAGGTCCGGTAAGTGCG_025,145
CGCTAGGTCCGGTAAGTGCG_026,48
CGCTAGGTCCGGTAAGTGCG_027,147
CGCTAGGTCCGGTAAGTGCG_028,11
CGCTAGGTCCGGTAAGTGCG_029,9
CGCTAGGTCCGGTAAGTGCG_030,94
CGCTAGGTCCGGTAAGTGCG_031,185
CGCTAGGTCCGGTAAGTGCG_032,125
CGCTAGGTCCGGTAAGTGCG_033,117
AATGCACAGATTTACTCTAG_001,50
AATGCACAGATTTACTCTAG_002,185
AGACGTCCGACTGTACCCAG_001,115
ATGACAAATCCAGAACCCCA_001,23
ATGACAAATCCAGAACCCCA_002,98
ATGACAAATCCAGAACCCCA_003,156
ATGACAAATCCAGAACCCCA_004,48
ATGACAAATCCAGAACCCCA_005,53
ATGACAAATCCAGAACCCCA_006,27
ATGACAAATCCAGAACCCCA_007,19
ATGACAAATCCAGAACCCCA_008,130
ATGACAAATCCAGAACCCCA_009,84
ATGACAAATCCAGAACCCCA_010,60
ATGACAAATCCAGAACCCCA_011,9
ATGACAAATCCAGAACCCCA_012,50
ATGACAAATCCAGAACCCCA_013,174
AGCTGGCTAACGATGTAGCG_001,152
AGCTGGCTAACGATGTAGCG_002,70
AGCTGGCTAACGATGTAGCG_003,141
CAACAGCAACATGAGCCCCG_001,111
CAACAGCAACATGAGCCCCG_002,63
CAACAGCAACATGAGCCCCG_003,29
CAACAGCAACATGAGCCCCG_004,145
CAACAGCAACATGAGCCCCG_005,199
CAACAGCAACATGAGCCCCG_006,69
GAGAAACGCCAGCAGACCCG_001,133
GAGAAACGCCAGCAGACCCG_002,146
GAGAAACGCCAGCAGACCCG_003,147
GAGAAACGCCAGCAGACCCG_004,36
GAGAAACGCCAGCAGACCCG_005,93
GAGAAACGCCAGCAGACCCG_006,79
GAGAAACGCCAGCAGACCCG_007,98
GAGAAACGCCAGCAGACCCG_008,190
GAGAAACGCCAGCAGACCCG_009,29
GAGAAACGCCAGCAGACCCG_010,98
GAGAAACGCCAGCAGACCCG_011,108
GAGAAACGCCAGCAGACCCG_012,111
GAGAAACGCCAGCAGACCCG_013,97
GAGAAACGCCAGCAGACCCG_014,116
GAGAAACGCCAGCAGACCCG_015,18
GAGAAACGCCAGCAGACCCG_016,69
GCGCCATCAGCTATATTGAG_001,53
GCGCCATCAGCTATATTGAG_002,49
GCGCCATCAGCTATATTGAG_003,130
GCGCCATCAGCTATATTGAG_004,168
GCGCCATCAGCTATATTGAG_005,45
GGTGGACACTGCCCCCACTG_001,172
GGTGGACACTGCCCCCACTG_002,162
GGTGGACACTGCCCCCACTG_003,51
GGTGGACACTGCCCCCACTG_004,179
GGTGGACACTGCCCCCACTG_005,162
GGTGGACACTGCCCCCACTG_006,119
GGTGGACACTGCCCCCACTG_007,76
GGTGGACACTGCCCCCACTG_008,96
GGTGGACACTGCCCCCACTG_009,34
GGTGGACACTGCCCCCACTG_010,19
GGTGGACACTGCCCCCACTG_011,79
GGTGGACACTGCCCCCACTG_012,127
GTTCCCCACAATCCAAGCAC_001,101
GTTCCCCACAATCCAAGCAC_002,133
GTTCCCCACAATCCAAGCAC_003,175
TGTGTGGACCTTCAACGGGC_001,35
TGTGTGGACCTTCAACGGGC_002,118
TGTGTGGACCTTCAACGGGC_003,102
TGTGTGGACCTTCAACGGGC_004,137
AGCCCCGCTCTGGATCCCGC_001,56
AGCCCCGCTCTGGATCCCGC_002,38
AGCCCCGCTCTGGATCCCGC_003,29
AGCCCCGCTCTGGATCCCGC_004,88
AGCCCCGCTCTGGATCCCGC_005,105
AGCCCCGCTCTGGATCCCGC_006,16
AGCCCCGCTCTGGATCCCGC_007,49
AGCCCCGCTCTGGATCCCGC_008,115
AGCCCCGCTCTGGATCCCGC_009,69
AGCCCCGCTCTGGATCCCGC_010,77
AGCCCCGCTCTGGATCCCGC_011,27
GCTGCCACAAGAGTGTCCAG_001,193
GCTGCCACAAGAGTGTCCAG_002,185
GCTGCCACAAGAGTGTCCAG_003,131
GCTGCCACAAGAGTGTCCAG_004,45
GCTGCCACAAGAGTGTCCAG_005,150
GCTGCCACAAGAGTGTCCAG_006,83
GCTGCCACAAGAGTGTCCAG_007,37
GCTGCCACAAGAGTGTCCAG_008,78
GCTGCCACAAGAGTGTCCAG_009,45
GCTGCCACAAGAGTGTCCAG_010,111
GCTGCCACAAGAGTGTCCAG_011,137
GCTGCCACAAGAGTGTCCAG_012,52
GCTGCCACAAGAGTGTCCAG_013,118
GCTGCCACAAGAGTGTCCAG_014,66
GTGACTCCGGATAAGCGGAA_001,12
GTGACTCCGGATAAGCGGAA_002,193
GTGACTCCGGATAAGCGGAA_003,9
GTGACTCCGGATAAGCGGAA_004,147
GTGACTCCGGATAAGCGGAA_005,6
GTGACTCCGGATAAGCGGAA_006,28
GTGACTCCGGATAAGCGGAA_007,136
GTGACTCCGGATAAGCGGAA_008,17
GTAAACTGATCTTCCACAGA_001,60
GTAAACTGATCTTCCACAGA_002,154
GTAAACTGATCTTCCACAGA_003,56
GTAAACTGATCTTCCACAGA_004,15
GTAAACTGATCTTCCACAGA_005,177
GTAAACTGATCTTCCACAGA_006,157
GGCTCCGTGAAGAAGGACGG_001,88
GGCTCCGTGAAGAAGGACGG_002,17
GGCTCCGTGAAGAAGGACGG_003,164
GGCTCCGTGAAGAAGGACGG_004,106
GGCTCCGTGAAGAAGGACGG_005,91
GGCTCCGTGAAGAAGGACGG_006,144
TATCACCCGACGACAAAGAG_001,192
TATCACCCGACGACAAAGAG_002,49
TATCACCCGACGACAAAGAG_003,31
TATCACCCGACGACAAAGAG_004,56
TATCACCCGACGACAAAGAG_005,19
TATCACCCGACGACAAAGAG_006,15
TATCACCCGACGACAAAGAG_007,95
TATCACCCGACGACAAAGAG_008,195
TATCACCCGACGACAAAGAG_009,68
TATCACCCGACGACAAAGAG_010,168
TATCACCCGACGACAAAGAG_011,181
TATCACCCGACGACAAAGAG_012,132
TATCACCCGACGACAAAGAG_013,88
TATCACCCGACGACAAAGAG_014,141
TATCACCCGACGACAAAGAG_015,141
TATCACCCGACGACAAAGAG_016,176
TATCACCCGACGACAAAGAG_017,15
TATCACCCGACGACAAAGAG_018,3
AAGGCCTTAAAGTACGTCCG_001,91
AAGGCCTTAAAGTACGTCCG_002,198
AAGGCCTTAAAGTACGTCCG_003,149
AAGGCCTTAAAGTACGTCCG_004,127
AAGGCCTTAAAGTACGTCCG_005,169
AAGGCCTTAAAGTACGTCCG_006,60
AAGGCCTTAAAGTACGTCCG_007,196
AAGGCCTTAAAGTACGTCCG_008,53
AAGGCCTTAAAGTACGTCCG_009,171
AAGGCCTTAAAGTACGTCCG_010,54
AGCTACTGGACAGCGCCTAA_001,88
AGCTACTGGACAGCGCCTAA_002,29
AGCTACTGGACAGCGCCTAA_003,115
AGCTACTGGACAGCGCCTAA_004,53
AGCTACTGGACAGCGCCTAA_005,107
AGCTACTGGACAGCGCCTAA_006,170
AGCTACTGGACAGCGCCTAA_007,138
AGCTACTGGACAGCGCCTAA_008,174
AGCTACTGGACAGCGCCTAA_009,68
AGCTACTGGACAGCGCCTAA_010,192
AGCTACTGGACAGCGCCTAA_011,192
AGCTACTGGACAGCGCCTAA_012,131
AGCTACTGGACAGCGCCTAA_013,76
GGTCAGAACGGAGGGCCACG_001,134
GGTCAGAACGGAGGGCCACG_002,48
GGTCAGAACGGAGGGCCACG_003,150
GGTCAGAACGGAGGGCCACG_004,78
GGTCAGAACGGAGGGCCACG_005,115
GGTCAGAACGGAGGGCCACG_006,159
GGTCAGAACGGAGGGCCACG_007,76
GGTCAGAACGGAGGGCCACG_008,183
GGTCAGAACGGAGGGCCACG_009,69
GGTCAGAACGGAGGGCCACG_010,48
GGTCAGAACGGAGGGCCACG_011,69
GGTCAGAACGGAGGGCCACG_012,62
GGTCAGAACGGAGGGCCACG_013,58
GGTCAGAACGGAGGGCCACG_014,58
GGTCAGAACGGAGGGCCACG_015,141
CTGGTGCTGAAGATCATGAG_001,15
CTGGTGCTGAAGATCATGAG_002,52
CTGGTGCTGAAGATCATGAG_003,109
CTGGTGCTGAAGATCATGAG_004,94
CTGGTGCTGAAGATCATGAG_005,82
CTGGTGCTGAAGATCATGAG_006,63
ACTGCCCCAGAGGTCCCTGG_001,166
ACTGCCCCAGAGGTCCCTGG_002,68
ACTGCCCCAGAGGTCCCTGG_003,80
ACTGCCCCAGAGGTCCCTGG_004,74
ACTGCCCCAGAGGTCCCTGG_005,132
ACTGCCCCAGAGGTCCCTGG_006,18
ACTGCCCCAGAGGTCCCTGG_007,106
ACTGCCCCAGAGGTCCCTGG_008,98
ACTGCCCCAGAGGTCCCTGG_009,169
ACTGCCCCAGAGGTCCCTGG_010,106
ACTGCCCCAGAGGTCCCTGG_011,77
ACTGCCCCAGAGGTCCCTGG_012,67
ACTGCCCCAGAGGTCCCTGG_013,161
ACTGCCCCAGAGGTCCCTGG_014,68
ACTGCCCCAGAGGTCCCTGG_015,3
ACTGCCCCAGAGGTCCCTGG_016,185
ACTGCCCCAGAGGTCCCTGG_017,50
ACTGCCCCAGAGGTCCCTGG_018,94
ACTGCCCCAGAGGTCCCTGG_019,85
ACTGCCCCAGAGGTCCCTGG_020,44
ACTGCCCCAGAGGTCCCTGG_021,39
ACTGCCCCAGAGGTCCCTGG_022,166
GATATTCTTGTGAACTTGAG_001,23
GATATTCTTGTGAACTTGAG_002,150
GATATTCTTGTGAACTTGAG_003,96
GATATTCTTGTGAACTTGAG_004,177
CTAACCGTTAGAGCTTCCGA_001,112
CTAACCGTTAGAGCTTCCGA_002,2
CTAACCGTTAGAGCTTCCGA_003,17
CTAACCGTTAGAGCTTCCGA_004,166
CTAACCGTTAGAGCTTCCGA_005,102
CTAACCGTTAGAGCTTCCGA_006,45
CTAACCGTTAGAGCTTCCGA_007,127
CTAACCGTTAGAGCTTCCGA_008,95
CTAACCGTTAGAGCTTCCGA_009,30
CTAACCGTTAGAGCTTCCGA_010,158
CTAACCGTTAGAGCTTCCGA_011,74
CTAACCGTTAGAGCTTCCGA_012,83
CTAACCGTTAGAGCTTCCGA_013,184
CTAACCGTTAGAGCTTCCGA_014,123
CTAACCGTTAGAGCTTCCGA_015,78
CTAACCGTTAGAGCTTCCGA_016,180
GATGCTTTCACAATACCAAA_001,148
GATGCTTTCACAATACCAAA_002,115
GATGCTTTCACAATACCAAA_003,113
GATGCTTTCACAATACCAAA_004,21
GATGCTTTCACAATACCAAA_005,98
GATGCTTTCACAATACCAAA_006,98
GATGCTTTCACAATACCAAA_007,1
CTCGTCGCCCGAAAACGTGG_001,16
CTCGTCGCCCGAAAACGTGG_002,106
CTCGTCGCCCGAAAACGTGG_003,68
CTCGTCGCCCGAAAACGTGG_004,2
CTCGTCGCCCGAAAACGTGG_005,142
CTCGTCGCCCGAAAACGTGG_006,63
ACAAAAGGTCCTCTACAAGC_001,62
ACAAAAGGTCCTCTACAAGC_002,29
ACAAAAGGTCCTCTACAAGC_003,23
ACAAAAGGTCCTCTACAAGC_004,23
ACAAAAGGTCCTCTACAAGC_005,61
ACAAAAGGTCCTCTACAAGC_006,17
ACAAAAGGTCCTCTACAAGC_007,174
ACAAAAGGTCCTCTACAAGC_008,61
ACAAAAGGTCCTCTACAAGC_009,185
ACAAAAGGTCCTCTACAAGC_010,130
CTCACTCACCTCCAAGCATG_001,7
CTCACTCACCTCCAAGCATG_002,58
GGGTTGTAGATAAAGGACCC_001,182
GGGTTGTAGATAAAGGACCC_002,178
GGGTTGTAGATAAAGGACCC_003,64
GCTCATAAGGACTACCGACT_001,68
GCTCATAAGGACTACCGACT_002,96
GCTCATAAGGACTACCGACT_003,50
GCTCATAAGGACTACCGACT_004,136
GCTCATAAGGACTACCGACT_005,190
GCTCATAAGGACTACCGACT_006,33
GCTCATAAGGACTACCGACT_007,145
GCTCATAAGGACTACCGACT_008,160
GCTCATAAGGACTACCGACT_009,81
GTCCCTCGACGGCCTCGAGG_001,46
GTCCCTCGACGGCCTCGAGG_002,162
GTCCCTCGACGGCCTCGAGG_003,8
GTCCCTCGACGGCCTCGAGG_004,145
GTCCCTCGACGGCCTCGAGG_005,12
GTCCCTCGACGGCCTCGAGG_006,9
GTCCCTCGACGGCCTCGAGG_007,196
GTCCCTCGACGGCCTCGAGG_008,46
TCTTGAAGTTTCACATCACA_001,70
TCTTGAAGTTTCACATCACA_002,2
TCTTGAAGTTTCACATCACA_003,66
TGAATGTGTTACGTGATCCA_001,169
TGAATGTGTTACGTGATCCA_002,12
CAAGTGACTAAACTCGACGA_001,114
CAAGTGACTAAACTCGACGA_002,118
CAAGTGACTAAACTCGACGA_003,77
CAAGTGACTAAACTCGACGA_004,62
CAAGTGACTAAACTCGACGA_005,1
CAAGTGACTAAACTCGACGA_006,177
CAAGTGACTAAACTCGACGA_007,19
CAAGTGACTAAACTCGACGA_008,193
CGGCACTAGAAGTTTTTGAA_001,175
CGGCACTAGAAGTTTTTGAA_002,189
CGGCACTAGAAGTTTTTGAA_003,51
CGGCACTAGAAGTTTTTGAA_004,149
CGGCACTAGAAGTTTTTGAA_005,19
CGGCACTAGAAGTTTTTGAA_006,44
CGGCACTAGAAGTTTTTGAA_007,84
CGGCACTAGAAGTTTTTGAA_008,21
CGGCACTAGAAGTTTTTGAA_009,73
CGGCACTAGAAGTTTTTGAA_010,56
CGGCACTAGAAGTTTTTGAA_011,67
CGGCACTAGAAGTTTTTGAA_012,77
CGGCACTAGAAGTTTTTGAA_013,178
CGGCACTAGAAGTTTTTGAA_014,137
CGGCACTAGAAGTTTTTGAA_015,16
CGGCACTAGAAGTTTTTGAA_016,52
TCGTGCTTGCATATGGAACA_001,48
TCGTGCTTGCATATGGAACA_002,105
TCGTGCTTGCATATGGAACA_003,45
TCGTGCTTGCATATGGAACA_004,187
TCGTGCTTGCATATGGAACA_005,83
TCGTGCTTGCATATGGAACA_006,45
TCGTGCTTGCATATGGAACA_007,175
TCGTGCTTGCATATGGAACA_008,113
AGAGTGAAGCGGATTACAAG_001,175
AGAGTGAAGCGGATTACAAG_002,76
AGAGTGAAGCGGATTACAAG_003,172
CCTGGAACGCAACGAATCCG_001,145
CCTGGAACGCAACGAATCCG_002,194
CCTGGAACGCAACGAATCCG_003,150
CCTGGAACGCAACGAATCCG_004,46
CCTGGAACGCAACGAATCCG_005,32
CCTGGAACGCAACGAATCCG_006,82
CCTGGAACGCAACGAATCCG_007,137
CCTGGAACGCAACGAATCCG_008,177
CCTGGAACGCAACGAATCCG_009,66
CCTGGAACGCAACGAATCCG_010,184
CCTGGAACGCAACGAATCCG_011,28
CCTGGAACGCAACGAATCCG_012,100
CCTGGAACGCAACGAATCCG_013,124
CCTGGAACGCAACGAATCCG_014,103
CCTGGAACGCAACGAATCCG_015,191
TATGCTTTGCTCAAATGCAC_001,168
TATGCTTTGCTCAAATGCAC_002,49
TATGCTTTGCTCAAATGCAC_003,60
TATGCTTTGCTCAAATGCAC_004,107
TATGCTTTGCTCAAATGCAC_005,126
TATGCTTTGCTCAAATGCAC_006,98
TATGCTTTGCTCAAATGCAC_007,12
TATGCTTTGCTCAAATGCAC_008,6
TATGCTTTGCTCAAATGCAC_009,67
TATGCTTTGCTCAAATGCAC_010,171
TATGCTTTGCTCAAATGCAC_011,58
TATGCTTTGCTCAAATGCAC_012,115
TATGCTTTGCTCAAATGCAC_013,134
TGTTGAAGTCCAGAGACACG_001,198
TGTTGAAGTCCAGAGACACG_002,177
TGTTGAAGTCCAGAGACACG_003,19
TGTTGAAGTCCAGAGACACG_004,12
TGTTGAAGTCCAGAGACACG_005,101
TGTTGAAGTCCAGAGACACG_006,58
TGTTGAAGTCCAGAGACACG_007,88
TGTTGAAGTCCAGAGACACG_008,169
TGTTGAAGTCCAGAGACACG_009,76
TGTTGAAGTCCAGAGACACG_010,32
TGTTGAAGTCCAGAGACACG_011,103
TGTTGAAGTCCAGAGACACG_012,70
TGTTGAAGTCCAGAGACACG_013,90
AGTGCCCAGCAATACCTCAT_001,41
AGTGCCCAGCAATACCTCAT_002,77
AGTGCCCAGCAATACCTCAT_003,137
AGTGCCCAGCAATACCTCAT_004,29
AGTGCCCAGCAATACCTCAT_005,132
AGTGCCCAGCAATACCTCAT_006,45
AGTGCCCAGCAATACCTCAT_007,124
AGTGCCCAGCAATACCTCAT_008,59
AGTGCCCAGCAATACCTCAT_009,52
AGTGCCCAGCAATACCTCAT_010,101
AGTGCCCAGCAATACCTCAT_011,3
AGTGCCCAGCAATACCTCAT_012,184
AGTGCCCAGCAATACCTCAT_013,50
AGTGCCCAGCAATACCTCAT_014,195
AGTGCCCAGCAATACCTCAT_015,43
GATCATAGGACATAACAGCC_001,171
GATCATAGGACATAACAGCC_002,102
GATCATAGGACATAACAGCC_003,138
GATCATAGGACATAACAGCC_004,138
GATCATAGGACATAACAGCC_005,25
GATCATAGGACATAACAGCC_006,35
GATCATAGGACATAACAGCC_007,182
GATCATAGGACATAACAGCC_008,64
GATCATAGGACATAACAGCC_009,104
GATCATAGGACATAACAGCC_010,165
GATCATAGGACATAACAGCC_011,119
GATCATAGGACATAACAGCC_012,0
GATCATAGGACATAACAGCC_013,68
ATGGATTTCTACGCCGACCC_001,170
GATGCCCACGGTGAAAACGG_001,3
GATGCCCACGGTGAAAACGG_002,165
GATGCCCACGGTGAAAACGG_003,128
GAGAAGTCAGACGTGTTGAG_001,32
AGGTTGCCTGATCTTCGATG_001,55
AGGTTGCCTGATCTTCGATG_002,117
AGGTTGCCTGATCTTCGATG_003,64
AGGTTGCCTGATCTTCGATG_004,188
AGGTTGCCTGATCTTCGATG_005,34
AGGTTGCCTGATCTTCGATG_006,196
AGGTTGCCTGATCTTCGATG_007,183
AGGTTGCCTGATCTTCGATG_008,83
AGGTTGCCTGATCTTCGATG_009,157
AGGTTGCCTGATCTTCGATG_010,190
AGGTTGCCTGATCTTCGATG_011,144
AGGTTGCCTGATCTTCGATG_012,199
AGGTTGCCTGATCTTCGATG_013,60
AGGTTGCCTGATCTTCGATG_014,15
AGGTTGCCTGATCTTCGATG_015,16
AGGTTGCCTGATCTTCGATG_016,162
AGGTTGCCTGATCTTCGATG_017,93
AGGTTGCCTGATCTTCGATG_018,158
AGGTTGCCTGATCTTCGATG_019,88
AGGTTGCCTGATCTTCGATG_020,169
AGGTTGCCTGATCTTCGATG_021,174
AGCACAAGTATATTATATTG_001,105
CATACAGAACGTCGTACAGG_001,102
CATACAGAACGTCGTACAGG_002,88
CATACAGAACGTCGTACAGG_003,1
CATACAGAACGTCGTACAGG_004,44
CATACAGAACGTCGTACAGG_005,29
CATACAGAACGTCGTACAGG_006,9
CATACAGAACGTCGTACAGG_007,31
CATACAGAACGTCGTACAGG_008,3
GCTGAGTTCAGCCCACAACG_001,105
GCTGAGTTCAGCCCACAACG_002,18
GCTGAGTTCAGCCCACAACG_003,49
GCTGAGTTCAGCCCACAACG_004,49
GCTGAGTTCAGCCCACAACG_005,77
GCTGAGTTCAGCCCACAACG_006,56
TTCTAAACATGTTAGGAACT_001,141
TTCTAAACATGTTAGGAACT_002,66
ATTGATACGAATGTTTCCAC_001,165
ATTGATACGAATGTTTCCAC_002,94
ATTGATACGAATGTTTCCAC_003,60
ATTGATACGAATGTTTCCAC_004,31
TCATGTACACCAAGTAACAG_001,160
TCATGTACACCAAGTAACAG_002,48
CTGCTACACTCAGCACACAA_001,60
CTGCTACACTCAGCACACAA_002,193
CTGCTACACTCAGCACACAA_003,137
CTGCTACACTCAGCACACAA_004,149
CTGCTACACTCAGCACACAA_005,121
CTGCTACACTCAGCACACAA_006,116
CTGCTACACTCAGCACACAA_007,6
CTGCTACACTCAGCACACAA_008,171
TCTGCACAGACTCCTTGGGT_001,182
GACCCCAACGAGATCAAAGT_001,127
GACCCCAACGAGATCAAAGT_002,141
GACCCCAACGAGATCAAAGT_003,76
TCTGTGAGTCAATGCTTAGT_001,98
TTGCACATCACTTACGAGAG_001,95
TTGCACATCACTTACGAGAG_002,134
TTGCACATCACTTACGAGAG_003,70
TTGCACATCACTTACGAGAG_004,58
TTGCACATCACTTACGAGAG_005,60
TTGCACATCACTTACGAGAG_006,168
TTGCACATCACTTACGAGAG_007,117
GTCCTCATCTAGCGACTCGT_001,57
GTCCTCATCTAGCGACTCGT_002,91
GTCCTCATCTAGCGACTCGT_003,175
GTCCTCATCTAGCGACTCGT_004,175
GTCCTCATCTAGCGACTCGT_005,70
GGATGTGCATGGGCTCGCGG_001,28
GGATGTGCATGGGCTCGCGG_002,22
GGATGTGCATGGGCTCGCGG_003,0
GGATGTGCATGGGCTCGCGG_004,62
GGATGTGCATGGGCTCGCGG_005,132
GGATGTGCATGGGCTCGCGG_006,137
GGATGTGCATGGGCTCGCGG_007,84
GGATGTGCATGGGCTCGCGG_008,43
GGATGTGCATGGGCTCGCGG_009,181
GGATGTGCATGGGCTCGCGG_010,166
GGATGTGCATGGGCTCGCGG_011,129
GGATGTGCATGGGCTCGCGG_012,87
GGATGTGCATGGGCTCGCGG_013,137
GGATGTGCATGGGCTCGCGG_014,102
GGATGTGCATGGGCTCGCGG_015,143
GGATGTGCATGGGCTCGCGG_016,72
GGATGTGCATGGGCTCGCGG_017,104
GGATGTGCATGGGCTCGCGG_018,56
GGATGTGCATGGGCTCGCGG_019,30
GGATGTGCATGGGCTCGCGG_020,193
GGATGTGCATGGGCTCGCGG_021,177
GGATGTGCATGGGCTCGCGG_022,158
GGATGTGCATGGGCTCGCGG_023,58
GGATGTGCATGGGCTCGCGG_024,156
GGATGTGCATGGGCTCGCGG_025,125
GGATGTGCATGGGCTCGCGG_026,46
GGATGTGCATGGGCTCGCGG_027,146
GGATGTGCATGGGCTCGCGG_028,78
GGATGTGCATGGGCTCGCGG_029,77
GGATGTGCATGGGCTCGCGG_030,62
GGATGTGCATGGGCTCGCGG_031,1
GGATGTGCATGGGCTCGCGG_032,107
GGATGTGCATGGGCTCGCGG_033,76
GGATGTGCATGGGCTCGCGG_034,105
GGATGTGCATGGGCTCGCGG_035,178
GGATGTGCATGGGCTCGCGG_036,194
GGATGTGCATGGGCTCGCGG_037,183
GGATGTGCATGGGCTCGCGG_038,195
GGATGTGCATGGGCTCGCGG_039,54
GGATGTGCATGGGCTCGCGG_040,44
GGATGTGCATGGGCTCGCGG_041,146
GGATGTGCATGGGCTCGCGG_042,168
GGATGTGCATGGGCTCGCGG_043,14
GGATGTGCATGGGCTCGCGG_044,87
GGATGTGCATGGGCTCGCGG_045,58
GGATGTGCATGGGCTCGCGG_046,170
GTCCAATAAAAAGTGCCACT_001,157
GTCCAATAAAAAGTGCCACT_002,175
GTCCAATAAAAAGTGCCACT_003,44
GTCCAATAAAAAGTGCCACT_004,141
GTCCAATAAAAAGTGCCACT_005,199
GTCCAATAAAAAGTGCCACT_006,193
GTCCAATAAAAAGTGCCACT_007,191
GTCCAATAAAAAGTGCCACT_008,168
GTCCAATAAAAAGTGCCACT_009,129
GTCCAATAAAAAGTGCCACT_010,191
GTCCAATAAAAAGTGCCACT_011,62
GTCCAATAAAAAGTGCCACT_012,93
GTCCAATAAAAAGTGCCACT_013,1
GTCCAATAAAAAGTGCCACT_014,121
GTCCAATAAAAAGTGCCACT_015,98
GTCCAATAAAAAGTGCCACT_016,9
GTCCAATAAAAAGTGCCACT_017,57
GTCCAATAAAAAGTGCCACT_018,39
GTCCAATAAAAAGTGCCACT_019,52
GTCCAATAAAAAGTGCCACT_020,198
GTCCAATAAAAAGTGCCACT_021,1
CGTCGTTGTGACACTTCATG_001,121
CGTCGTTGTGACACTTCATG_002,29
CGTCGTTGTGACACTTCATG_003,42
CGTCGTTGTGACACTTCATG_004,50
CGTCGTTGTGACACTTCATG_005,78
TGCCCATCCAATCTCCCACG_001,127
TGCCCATCCAATCTCCCACG_002,155
TGCCCATCCAATCTCCCACG_003,113
TGCCCATCCAATCTCCCACG_004,136
AGAGACAGCTTTCCTGTACG_001,78
AGAGACAGCTTTCCTGTACG_002,137
AGAGACAGCTTTCCTGTACG_003,54
AGAGACAGCTTTCCTGTACG_004,58
AGAGACAGCTTTCCTGTACG_005,110
AGAGACAGCTTTCCTGTACG_006,175
AGAGACAGCTTTCCTGTACG_007,72
AGAGACAGCTTTCCTGTACG_008,72
AGAGACAGCTTTCCTGTACG_009,79
ACATCATGACCGTAAAGGAA_001,98
ACATCATGACCGTAAAGGAA_002,112
ACATCATGACCGTAAAGGAA_003,106
GCACCGCAACCGAATGGACA_001,5
GCACCGCAACCGAATGGACA_002,130
GCACCGCAACCGAATGGACA_003,177
GCACCGCAACCGAATGGACA_004,150
GCACCGCAACCGAATGGACA_005,191
GCACCGCAACCGAATGGACA_006,174
GCACCGCAACCGAATGGACA_007,82
GCACCGCAACCGAATGGACA_008,58
GCACCGCAACCGAATGGACA_009,63
GCACCGCAACCGAATGGACA_010,63
GCACCGCAACCGAATGGACA_011,97
TGAAAGGAAGCTCACTAGTG_001,72
TGAAAGGAAGCTCACTAGTG_002,72
TGAAAGGAAGCTCACTAGTG_003,176
TGAAAGGAAGCTCACTAGTG_004,42
TGAAAGGAAGCTCACTAGTG_005,26
TGAAAGGAAGCTCACTAGTG_006,168
TGAAAGGAAGCTCACTAGTG_007,49
TGAAAGGAAGCTCACTAGTG_008,146
TGAAAGGAAGCTCACTAGTG_009,165
TGAAAGGAAGCTCACTAGTG_010,166
GATGAAGCAGAGTTTATCTG_001,127
GATGAAGCAGAGTTTATCTG_002,84
GATGAAGCAGAGTTTATCTG_003,53
GATGAAGCAGAGTTTATCTG_004,169
GATGAAGCAGAGTTTATCTG_005,92
GATGAAGCAGAGTTTATCTG_006,12
GATGAAGCAGAGTTTATCTG_007,36
AGGTCCGAGGCGCCTCCCGG_001,58
AGGTCCGAGGCGCCTCCCGG_002,46
AGGTCCGAGGCGCCTCCCGG_003,2
AGGTCCGAGGCGCCTCCCGG_004,159
AGGTCCGAGGCGCCTCCCGG_005,54
AGGTCCGAGGCGCCTCCCGG_006,50
AGGTCCGAGGCGCCTCCCGG_007,72
AGGTCCGAGGCGCCTCCCGG_008,49
AGGTCCGAGGCGCCTCCCGG_009,144
AGGTCCGAGGCGCCTCCCGG_010,38
AGGTCCGAGGCGCCTCCCGG_011,49
AGGTCCGAGGCGCCTCCCGG_012,53
AGGTCCGAGGCGCCTCCCGG_013,30
AGGTCCGAGGCGCCTCCCGG_014,61
AGGTCCGAGGCGCCTCCCGG_015,157
AGGTCCGAGGCGCCTCCCGG_016,157
AGGTCCGAGGCGCCTCCCGG_017,12
AGGTCCGAGGCGCCTCCCGG_018,103
AGGTCCGAGGCGCCTCCCGG_019,122
AGGTCCGAGGCGCCTCCCGG_020,156
AGGTCCGAGGCGCCTCCCGG_021,139
AGGTCCGAGGCGCCTCCCGG_022,162
AGGTCCGAGGCGCCTCCCGG_023,108
AGGTCCGAGGCGCCTCCCGG_024,138
AGGTCCGAGGCGCCTCCCGG_025,81
AGGTCCGAGGCGCCTCCCGG_026,106
AGGTCCGAGGCGCCTCCCGG_027,81
AGGTCCGAGGCGCCTCCCGG_028,3
AGGTCCGAGGCGCCTCCCGG_029,174
AGGTCCGAGGCGCCTCCCGG_030,142
AGGTCCGAGGCGCCTCCCGG_031,142
AGGTCCGAGGCGCCTCCCGG_032,105
AGGTCCGAGGCGCCTCCCGG_033,105
AGGTCCGAGGCGCCTCCCGG_034,17
AGGTCCGAGGCGCCTCCCGG_035,198
AGGTCCGAGGCGCCTCCCGG_036,90
AGGTCCGAGGCGCCTCCCGG_037,3
CACCATTTCAAAAAATCCTG_001,176
CACCATTTCAAAAAATCCTG_002,50
CACCATTTCAAAAAATCCTG_003,197
CACCATTTCAAAAAATCCTG_004,159
CACCATTTCAAAAAATCCTG_005,184
CACCATTTCAAAAAATCCTG_006,17
CACCATTTCAAAAAATCCTG_007,144
CACCATTTCAAAAAATCCTG_008,19
CACCATTTCAAAAAATCCTG_009,12
CACCATTTCAAAAAATCCTG_010,135
CACCATTTCAAAAAATCCTG_011,22
CACCATTTCAAAAAATCCTG_012,17
CACCATTTCAAAAAATCCTG_013,2
CACCATTTCAAAAAATCCTG_014,138
CACCATTTCAAAAAATCCTG_015,52
CACCATTTCAAAAAATCCTG_016,162
CACCATTTCAAAAAATCCTG_017,150
CAGCAGAGGAAATCTGCTCG_001,8
CAGCAGAGGAAATCTGCTCG_002,139
CAGCAGAGGAAATCTGCTCG_003,88
CAGCAGAGGAAATCTGCTCG_004,22
CAGCAGAGGAAATCTGCTCG_005,182
CAGCAGAGGAAATCTGCTCG_006,191
CAGCAGAGGAAATCTGCTCG_007,43
CAGCAGAGGAAATCTGCTCG_008,130
CAGCAGAGGAAATCTGCTCG_009,142
CAGCAGAGGAAATCTGCTCG_010,138
CAGCAGAGGAAATCTGCTCG_011,148
GGTGACAGGAAATATGTCGA_001,115
GGTGACAGGAAATATGTCGA_002,8
GAGTACTCACACCGAATGTG_001,80
GAGTACTCACACCGAATGTG_002,117
GAGTACTCACACCGAATGTG_003,179
GAGTACTCACACCGAATGTG_004,74
GAGTACTCACACCGAATGTG_005,181
GAGTACTCACACCGAATGTG_006,111
GAGTACTCACACCGAATGTG_007,19
GAGTACTCACACCGAATGTG_008,123
GAGTACTCACACCGAATGTG_009,198
GAGTACTCACACCGAATGTG_010,179
GAGTACTCACACCGAATGTG_011,113
GAGTACTCACACCGAATGTG_012,185
GAGTACTCACACCGAATGTG_013,42
GAGTACTCACACCGAATGTG_014,92
GAGTACTCACACCGAATGTG_015,154
AGTCATGGTAGGGCACGTCG_001,72
AGTCATGGTAGGGCACGTCG_002,12
AGTCATGGTAGGGCACGTCG_003,144
AGTCATGGTAGGGCACGTCG_004,173
AGTCATGGTAGGGCACGTCG_005,162
AGTCATGGTAGGGCACGTCG_006,9
AGTCATGGTAGGGCACGTCG_007,130
AGTCATGGTAGGGCACGTCG_008,169
AGTCATGGTAGGGCACGTCG_009,150
AGTCATGGTAGGGCACGTCG_010,188
AGTCATGGTAGGGCACGTCG_011,188
AGTCATGGTAGGGCACGTCG_012,144
AGTCATGGTAGGGCACGTCG_013,164
AGTCATGGTAGGGCACGTCG_014,120
GTGAACGGTCCGTTGTGAGA_001,6
GTGAACGGTCCGTTGTGAGA_002,6
GTGAACGGTCCGTTGTGAGA_003,185
GTGAACGGTCCGTTGTGAGA_004,55
GTGAACGGTCCGTTGTGAGA_005,70
GTGAACGGTCCGTTGTGAGA_006,145
GTGAACGGTCCGTTGTGAGA_007,85
GTGAACGGTCCGTTGTGAGA_008,140
GTGAACGGTCCGTTGTGAGA_009,60
GTGAACGGTCCGTTGTGAGA_010,26
TAAGATGACCAGCATCACGA_001,105
TAAGATGACCAGCATCACGA_002,78
TAAGATGACCAGCATCACGA_003,121
TAAGATGACCAGCATCACGA_004,82
TAAGATGACCAGCATCACGA_005,104
TTCCACCAAAAATGTCAAGT_001,27
TTCCACCAAAAATGTCAAGT_002,62
TTCCACCAAAAATGTCAAGT_003,146
TTCCACCAAAAATGTCAAGT_004,183
TTCCACCAAAAATGTCAAGT_005,2
TTCCACCAAAAATGTCAAGT_006,187
TTCCACCAAAAATGTCAAGT_007,8
CAGTACTGCTCCATTAACAG_001,24
CAGTACTGCTCCATTAACAG_002,171
CAGTACTGCTCCATTAACAG_003,5
CAGTACTGCTCCATTAACAG_004,134
CAGTACTGCTCCATTAACAG_005,83
CAGTACTGCTCCATTAACAG_006,115
CAGTACTGCTCCATTAACAG_007,158
CAGTACTGCTCCATTAACAG_008,144
CAGTACTGCTCCATTAACAG_009,164
CAGTACTGCTCCATTAACAG_010,150
CAGTACTGCTCCATTAACAG_011,146
CAGTACTGCTCCATTAACAG_012,129
CAGTACTGCTCCATTAACAG_013,41
CAGTACTGCTCCATTAACAG_014,121
CAGTACTGCTCCATTAACAG_015,168
CAAGATGGATGATCGTCCAG_001,188
CAAGATGGATGATCGTCCAG_002,20
CAAGATGGATGATCGTCCAG_003,117
CAAGATGGATGATCGTCCAG_004,59
AGATGACCGAGAGCCATACT_001,157
AGATGACCGAGAGCCATACT_002,51
AGATGACCGAGAGCCATACT_003,190
AGATGACCGAGAGCCATACT_004,193
AGATGACCGAGAGCCATACT_005,30
AGATGACCGAGAGCCATACT_006,156
AGATGACCGAGAGCCATACT_007,17
AGATGACCGAGAGCCATACT_008,105
AGATGACCGAGAGCCATACT_009,105
AGATGACCGAGAGCCATACT_010,104
AGATGACCGAGAGCCATACT_011,17
AGATGACCGAGAGCCATACT_012,151
AGATGACCGAGAGCCATACT_013,17
GGGAATGCTACCAAAGCCTC_001,144
GGGAATGCTACCAAAGCCTC_002,46
GGGAATGCTACCAAAGCCTC_003,2
GGGAATGCTACCAAAGCCTC_004,106
GGGAATGCTACCAAAGCCTC_005,88
GGGAATGCTACCAAAGCCTC_006,77
GGGAATGCTACCAAAGCCTC_007,177
GGGAATGCTACCAAAGCCTC_008,15
GGGAATGCTACCAAAGCCTC_009,101
GGGAATGCTACCAAAGCCTC_010,145
GGGAATGCTACCAAAGCCTC_011,178
GGGAATGCTACCAAAGCCTC_012,10
GGGAATGCTACCAAAGCCTC_013,86
GGGAATGCTACCAAAGCCTC_014,103
GCCCTAGTACCACATTAGCG_001,41
GCCCTAGTACCACATTAGCG_002,1
GCCCTAGTACCACATTAGCG_003,38
GCCCTAGTACCACATTAGCG_004,0
GCCCTAGTACCACATTAGCG_005,168
GCCCTAGTACCACATTAGCG_006,168
TGCCTTCAATTCAAGCACTC_001,67
TGCCTTCAATTCAAGCACTC_002,147
TGCCTTCAATTCAAGCACTC_003,60
TGCCTTCAATTCAAGCACTC_004,51
TGCCTTCAATTCAAGCACTC_005,45
TGCCTTCAATTCAAGCACTC_006,171
TGCCTTCAATTCAAGCACTC_007,65
TGCCTTCAATTCAAGCACTC_008,62
TGCCTTCAATTCAAGCACTC_009,127
TGCCTTCAATTCAAGCACTC_010,19
TGCCTTCAATTCAAGCACTC_011,170
GGTGTAGCACGAGTTGACAG_001,159
GGTGTAGCACGAGTTGACAG_002,32
GGTGTAGCACGAGTTGACAG_003,32
GGTGTAGCACGAGTTGACAG_004,84
GGTGTAGCACGAGTTGACAG_005,41
GGTGTAGCACGAGTTGACAG_006,77
GGTGTAGCACGAGTTGACAG_007,43
GGTGTAGCACGAGTTGACAG_008,104
GGTGTAGCACGAGTTGACAG_009,190
GGTGTAGCACGAGTTGACAG_010,58
GGTGTAGCACGAGTTGACAG_011,177
GGTGTAGCACGAGTTGACAG_012,98
GGTGTAGCACGAGTTGACAG_013,147
GGTGTAGCACGAGTTGACAG_014,77
GGTGTAGCACGAGTTGACAG_015,146
GGTGTAGCACGAGTTGACAG_016,94
GGTGTAGCACGAGTTGACAG_017,105
GGTGTAGCACGAGTTGACAG_018,17
GGTGTAGCACGAGTTGACAG_019,102
GGTGTAGCACGAGTTGACAG_020,43
GGTGTAGCACGAGTTGACAG_021,143
GGTGTAGCACGAGTTGACAG_022,158
GGTGTAGCACGAGTTGACAG_023,185
GGTGTAGCACGAGTTGACAG_024,101
GGTGTAGCACGAGTTGACAG_025,2
GGTGTAGCACGAGTTGACAG_026,114
GGTGTAGCACGAGTTGACAG_027,34
GGTGTAGCACGAGTTGACAG_028,191
GGTGTAGCACGAGTTGACAG_029,16
GCACGTTATCGACTACATCC_001,2
GCACGTTATCGACTACATCC_002,156
GCACGTTATCGACTACATCC_003,73
GCACGTTATCGACTACATCC_004,143
GCACGTTATCGACTACATCC_005,57
GCACGTTATCGACTACATCC_006,16
GAGGAAGGCCAGCGTCACGG_001,145
GAGGAAGGCCAGCGTCACGG_002,190
GAGGAAGGCCAGCGTCACGG_003,190
GAGGAAGGCCAGCGTCACGG_004,88
GAGGAAGGCCAGCGTCACGG_005,86
CAAGATCGACCAGAACGTGG_001,17
CAAGATCGACCAGAACGTGG_002,5
CAAGATCGACCAGAACGTGG_003,11
CAAGATCGACCAGAACGTGG_004,129
CAAGATCGACCAGAACGTGG_005,56
CAAGATCGACCAGAACGTGG_006,187
CAAGATCGACCAGAACGTGG_007,19
CAAGATCGACCAGAACGTGG_008,145
CAAGATCGACCAGAACGTGG_009,27
CAAGATCGACCAGAACGTGG_010,12
CAAGATCGACCAGAACGTGG_011,87
CAAGATCGACCAGAACGTGG_012,41
CAAGATCGACCAGAACGTGG_013,187
CAAGATCGACCAGAACGTGG_014,188
CAAGATCGACCAGAACGTGG_015,1
CAAGATCGACCAGAACGTGG_016,70
CAAGATCGACCAGAACGTGG_017,137
CAAGATCGACCAGAACGTGG_018,191
CAGGATCGACGCACACACAC_001,112
CAGGATCGACGCACACACAC_002,145
CAGGATCGACGCACACACAC_003,115
CAGGATCGACGCACACACAC_004,134
CAGGATCGACGCACACACAC_005,144
TAGCTGAGTTTCGGGCGGCG_001,159
TAGCTGAGTTTCGGGCGGCG_002,84
TAGCTGAGTTTCGGGCGGCG_003,94
TAGCTGAGTTTCGGGCGGCG_004,180
ACTTTGGAGAGATCGACTGG_001,81
ACTTTGGAGAGATCGACTGG_002,67
ACTTTGGAGAGATCGACTGG_003,4
ACTTTGGAGAGATCGACTGG_004,181
ACTTTGGAGAGATCGACTGG_005,91
ACTTTGGAGAGATCGACTGG_006,19
ACTTTGGAGAGATCGACTGG_007,199
ACTTTGGAGAGATCGACTGG_008,192
ACTTTGGAGAGATCGACTGG_009,10
ACTTTGGAGAGATCGACTGG_010,113
CAGCCGGGGGACATATGTCT_001,51
TCGCTCCACAGATCTACCGG_001,48
TCGCTCCACAGATCTACCGG_002,17
TCGCTCCACAGATCTACCGG_003,95
TCGCTCCACAGATCTACCGG_004,18
TCGCTCCACAGATCTACCGG_005,29
TCGCTCCACAGATCTACCGG_006,17
CTCACAGTCATGGTCCCCTG_001,15
CTCACAGTCATGGTCCCCTG_002,53
CTCACAGTCATGGTCCCCTG_003,41
GTGTAGCAGGGCTTACCCGG_001,101
GTGTAGCAGGGCTTACCCGG_002,14
GTGTAGCAGGGCTTACCCGG_003,14
GTGTAGCAGGGCTTACCCGG_004,8
GTGTAGCAGGGCTTACCCGG_005,148
GTGTAGCAGGGCTTACCCGG_006,103
GTGTAGCAGGGCTTACCCGG_007,108
GTGTAGCAGGGCTTACCCGG_008,64
GTGTAGCAGGGCTTACCCGG_009,15
GTGTAGCAGGGCTTACCCGG_010,161
GTGTAGCAGGGCTTACCCGG_011,108
GTGTAGCAGGGCTTACCCGG_012,56
GTGTAGCAGGGCTTACCCGG_013,170
GTGTAGCAGGGCTTACCCGG_014,196
GTGTAGCAGGGCTTACCCGG_015,48
GTGTAGCAGGGCTTACCCGG_016,150
GTGTAGCAGGGCTTACCCGG_017,193
GTGTAGCAGGGCTTACCCGG_018,66
GTGTAGCAGGGCTTACCCGG_019,90
TCCTGACCACACGTACTCAG_001,41
TCCTGACCACACGTACTCAG_002,41
CTGACAGCCATTGTAGAGAG_001,42
TTTAATAGGGTTGCCTGAAG_001,15
TTTAATAGGGTTGCCTGAAG_002,39
TTTAATAGGGTTGCCTGAAG_003,90
TTTAATAGGGTTGCCTGAAG_004,148
TTTAATAGGGTTGCCTGAAG_005,17
TTTAATAGGGTTGCCTGAAG_006,2
TTTAATAGGGTTGCCTGAAG_007,60
TTTAATAGGGTTGCCTGAAG_008,153
TTTAATAGGGTTGCCTGAAG_009,10
GATAGGGCACAGGTACATTG_001,73
GATAGGGCACAGGTACATTG_002,5
GATAGGGCACAGGTACATTG_003,160
GATAGGGCACAGGTACATTG_004,181
GATAGGGCACAGGTACATTG_005,155
GATAGGGCACAGGTACATTG_006,105
GATAGGGCACAGGTACATTG_007,9
GATAGGGCACAGGTACATTG_008,17
GATAGGGCACAGGTACATTG_009,123
GATAGGGCACAGGTACATTG_010,186
GATAGGGCACAGGTACATTG_011,139
GATAGGGCACAGGTACATTG_012,27
GATAGGGCACAGGTACATTG_013,72
ACATGGGGCTGTGTAGCATG_001,176
ACATGGGGCTGTGTAGCATG_002,176
ACATGGGGCTGTGTAGCATG_003,188
ACATGGGGCTGTGTAGCATG_004,61
ACATGGGGCTGTGTAGCATG_005,186
ACATGGGGCTGTGTAGCATG_006,13
ACATGGGGCTGTGTAGCATG_007,92
ACATGGGGCTGTGTAGCATG_008,139
ACATGGGGCTGTGTAGCATG_009,145
ACATGGGGCTGTGTAGCATG_010,199
ACATGGGGCTGTGTAGCATG_011,180
ACATGGGGCTGTGTAGCATG_012,155
ACATGGGGCTGTGTAGCATG_013,70
CAGGAGTCATCTTTCCCGTG_001,8
CAGGAGTCATCTTTCCCGTG_002,72
CAGGAGTCATCTTTCCCGTG_003,127
CAGGAGTCATCTTTCCCGTG_004,175
CAGGAGTCATCTTTCCCGTG_005,146
CAGGAGTCATCTTTCCCGTG_006,168
TCCAGGGCCGGATGGTCGCG_001,94
TCCAGGGCCGGATGGTCGCG_002,77
TCCAGGGCCGGATGGTCGCG_003,190
TCCAGGGCCGGATGGTCGCG_004,109
TTATAAACAAAAGAAATTAG_001,107
TTATAAACAAAAGAAATTAG_002,52
GCTTGCGGGTAAACGTGCAC_001,169
GCTTGCGGGTAAACGTGCAC_002,197
GCTTGCGGGTAAACGTGCAC_003,148
GCTTGCGGGTAAACGTGCAC_004,55
GCTTGCGGGTAAACGTGCAC_005,126
GTAGTGGCCAGACAGAACAG_001,129
GTAGTGGCCAGACAGAACAG_002,63
GCTGTTTCAGTGTTTGTAAG_001,23
GCTGTTTCAGTGTTTGTAAG_002,41
GCTGTTTCAGTGTTTGTAAG_003,35
GCTGTTTCAGTGTTTGTAAG_004,88
GCTGTTTCAGTGTTTGTAAG_005,35
GCTCACACCAGCTGACCGCG_001,81
GCTCACACCAGCTGACCGCG_002,101
GCTCACACCAGCTGACCGCG_003,172
GCTCACACCAGCTGACCGCG_004,138
GCTCACACCAGCTGACCGCG_005,101
GCTCACACCAGCTGACCGCG_006,149
GCTCACACCAGCTGACCGCG_007,19
GCTCACACCAGCTGACCGCG_008,155
GCTCACACCAGCTGACCGCG_009,169
GCTCACACCAGCTGACCGCG_010,35
GCTCACACCAGCTGACCGCG_011,161
GCTCACACCAGCTGACCGCG_012,75
GCTCACACCAGCTGACCGCG_013,31
GCTCACACCAGCTGACCGCG_014,146
GCTCACACCAGCTGACCGCG_015,107
GCTCACACCAGCTGACCGCG_016,8
GCTCACACCAGCTGACCGCG_017,184
TGCCCTCACCATATTCTGCG_001,131
ACTGGAAGCTTGACATGGAG_001,151
ACTGGAAGCTTGACATGGAG_002,17
ACTGGAAGCTTGACATGGAG_003,41
ACTGGAAGCTTGACATGGAG_004,102
ACTGGAAGCTTGACATGGAG_005,115
ACTGGAAGCTTGACATGGAG_006,174
ACTGGAAGCTTGACATGGAG_007,15
ACTGGAAGCTTGACATGGAG_008,63
ACTGGAAGCTTGACATGGAG_009,131
ACTGGAAGCTTGACATGGAG_010,70
ACTGGAAGCTTGACATGGAG_011,40
ACTGGAAGCTTGACATGGAG_012,171
ACTGGAAGCTTGACATGGAG_013,109
ACTGGAAGCTTGACATGGAG_014,159
ACTGGAAGCTTGACATGGAG_015,160
ACTGGAAGCTTGACATGGAG_016,157
ACTGGAAGCTTGACATGGAG_017,103
ACTGGAAGCTTGACATGGAG_018,50
ACTGGAAGCTTGACATGGAG_019,76
ACTGGAAGCTTGACATGGAG_020,69
ACTGGAAGCTTGACATGGAG_021,133
ACTGGAAGCTTGACATGGAG_022,38
ACTGGAAGCTTGACATGGAG_023,173
ACTGGAAGCTTGACATGGAG_024,173
ACTGGAAGCTTGACATGGAG_025,170
TGGGCTATTAACAGTTCGCA_001,13
TTCCCAGAAAAATCTCTACA_001,169
TTCCCAGAAAAATCTCTACA_002,149
TTCCCAGAAAAATCTCTACA_003,131
TTCCCAGAAAAATCTCTACA_004,64
TACTAGTATTGAAAATCAGT_001,189
TACTAGTATTGAAAATCAGT_002,146
TACTAGTATTGAAAATCAGT_003,165
AAACAGGCGCCACATGACCG_001,3
AAACAGGCGCCACATGACCG_002,80
AAACAGGCGCCACATGACCG_003,18
AAACAGGCGCCACATGACCG_004,150
AAACAGGCGCCACATGACCG_005,55
AAACAGGCGCCACATGACCG_006,49
AAACAGGCGCCACATGACCG_007,170
AAACAGGCGCCACATGACCG_008,3
AAACAGGCGCCACATGACCG_009,2
AAACAGGCGCCACATGACCG_010,72
AAACAGGCGCCACATGACCG_011,59
AAACAGGCGCCACATGACCG_012,20
AAACAGGCGCCACATGACCG_013,187
AAACAGGCGCCACATGACCG_014,146
AAACAGGCGCCACATGACCG_015,125
AAACAGGCGCCACATGACCG_016,174
AAACAGGCGCCACATGACCG_017,161
AAACAGGCGCCACATGACCG_018,168
AAACAGGCGCCACATGACCG_019,9
GGAGGTGGTGTACGTCCTAG_001,197
GGAGGTGGTGTACGTCCTAG_002,144
GGAGGTGGTGTACGTCCTAG_003,162
AAGCGGCCGCTGTCCTACAA_001,24
AAGCGGCCGCTGTCCTACAA_002,42
AAGCGGCCGCTGTCCTACAA_003,80
AAGCGGCCGCTGTCCTACAA_004,126
AAGCGGCCGCTGTCCTACAA_005,8
AAGCGGCCGCTGTCCTACAA_006,46
AAGCGGCCGCTGTCCTACAA_007,2
AAGCGGCCGCTGTCCTACAA_008,70
AAGCGGCCGCTGTCCTACAA_009,8
AAGCGGCCGCTGTCCTACAA_010,6
AAGCGGCCGCTGTCCTACAA_011,127
AAGCGGCCGCTGTCCTACAA_012,29
AAGCGGCCGCTGTCCTACAA_013,29
AAGCGGCCGCTGTCCTACAA_014,199
AAGCGGCCGCTGTCCTACAA_015,50
AAGCGGCCGCTGTCCTACAA_016,13
AAGCGGCCGCTGTCCTACAA_017,147
AAGCGGCCGCTGTCCTACAA_018,50
AAGCGGCCGCTGTCCTACAA_019,121
AAGCGGCCGCTGTCCTACAA_020,184
AAGCGGCCGCTGTCCTACAA_021,35
AAGCGGCCGCTGTCCTACAA_022,37
AAGCGGCCGCTGTCCTACAA_023,66
AAGCGGCCGCTGTCCTACAA_024,81
AAAAGCTTTCGGACTGCTGA_001,144
AAAAGCTTTCGGACTGCTGA_002,11
AAAAGCTTTCGGACTGCTGA_003,197
AAAAGCTTTCGGACTGCTGA_004,9
AAAAGCTTTCGGACTGCTGA_005,158
TTGCCACAAGGACAATACAC_001,116
TTGCCACAAGGACAATACAC_002,15
TTGCCACAAGGACAATACAC_003,133
TTGCCACAAGGACAATACAC_004,133
TTGCCACAAGGACAATACAC_005,123
TTGCCACAAGGACAATACAC_006,1
TTGCCACAAGGACAATACAC_007,184
TTGCCACAAGGACAATACAC_008,81
TTGCCACAAGGACAATACAC_009,29
TTGCCACAAGGACAATACAC_010,105
TTGCCACAAGGACAATACAC_011,8
TTGCCACAAGGACAATACAC_012,94
TTGCCACAAGGACAATACAC_013,48
TTGCCACAAGGACAATACAC_014,82
TTGCCACAAGGACAATACAC_015,84
TTGCCACAAGGACAATACAC_016,34
TTGCCACAAGGACAATACAC_017,105
TTGCCACAAGGACAATACAC_018,69
TTGCCACAAGGACAATACAC_019,162
TTGCCACAAGGACAATACAC_020,114
GCGAAGCCAATATGAGGTCA_001,102
GCGAAGCCAATATGAGGTCA_002,105
GCGAAGCCAATATGAGGTCA_003,184
AAATTGCTAGAGCTTACACC_001,88
AAGCAGGTCTCCACTACTGT_001,76
AAGCAGGTCTCCACTACTGT_002,95
AAGCAGGTCTCCACTACTGT_003,0
AAGCAGGTCTCCACTACTGT_004,188
AAGCAGGTCTCCACTACTGT_005,89
AAGCAGGTCTCCACTACTGT_006,1
AAGCAGGTCTCCACTACTGT_007,116
AAGCAGGTCTCCACTACTGT_008,131
AAGCAGGTCTCCACTACTGT_009,17
AAGCAGGTCTCCACTACTGT_010,17
GCTCGGGCAACGCATCCATG_001,12
GCTCGGGCAACGCATCCATG_002,144
GCTCGGGCAACGCATCCATG_003,11
GCTCGGGCAACGCATCCATG_004,82
GCTCGGGCAACGCATCCATG_005,59
GCTCGGGCAACGCATCCATG_006,156
GCTCGGGCAACGCATCCATG_007,116
CTTGTACCCCAATTCCAATG_001,23
CTTGTACCCCAATTCCAATG_002,175
CTTGTACCCCAATTCCAATG_003,164
CTTGTACCCCAATTCCAATG_004,51
GACACAAGAAGTGACCCTCG_001,78
GACACAAGAAGTGACCCTCG_002,43
GACACAAGAAGTGACCCTCG_003,29
GACACAAGAAGTGACCCTCG_004,102
GACACAAGAAGTGACCCTCG_005,199
GACACAAGAAGTGACCCTCG_006,169
GACACAAGAAGTGACCCTCG_007,181
GACACAAGAAGTGACCCTCG_008,171
GACACAAGAAGTGACCCTCG_009,175
GACACAAGAAGTGACCCTCG_010,169
GACACAAGAAGTGACCCTCG_011,174
GACACAAGAAGTGACCCTCG_012,40
GACACAAGAAGTGACCCTCG_013,60
GACACAAGAAGTGACCCTCG_014,140
GACACAAGAAGTGACCCTCG_015,158
GACACAAGAAGTGACCCTCG_016,122
GACACAAGAAGTGACCCTCG_017,160
GACACAAGAAGTGACCCTCG_018,98
GACACAAGAAGTGACCCTCG_019,74
GACACAAGAAGTGACCCTCG_020,111
GACACAAGAAGTGACCCTCG_021,106
GACACAAGAAGTGACCCTCG_022,63
GACACAAGAAGTGACCCTCG_023,90
GACACAAGAAGTGACCCTCG_024,177
GACACAAGAAGTGACCCTCG_025,112
GACACAAGAAGTGACCCTCG_026,169
CACCCTATATGAGTCCTCGG_001,12
CACCCTATATGAGTCCTCGG_002,172
CACCCTATATGAGTCCTCGG_003,121
CACCCTATATGAGTCCTCGG_004,160
GGCCAGGAAAACTTGCCGGT_001,81
GGCCAGGAAAACTTGCCGGT_002,128
GGCCAGGAAAACTTGCCGGT_003,11
GGCCAGGAAAACTTGCCGGT_004,32
GGCCAGGAAAACTTGCCGGT_005,19
GGCCAGGAAAACTTGCCGGT_006,62
GGCCAGGAAAACTTGCCGGT_007,3
CTATAGCTTCCCATTGACCG_001,103
CTATAGCTTCCCATTGACCG_002,103
CTATAGCTTCCCATTGACCG_003,99
CTATAGCTTCCCATTGACCG_004,83
CTATAGCTTCCCATTGACCG_005,104
CTATAGCTTCCCATTGACCG_006,185
CTATAGCTTCCCATTGACCG_007,57
CTATAGCTTCCCATTGACCG_008,7
CTATAGCTTCCCATTGACCG_009,157
CTATAGCTTCCCATTGACCG_010,91
AACCTATAAGCTAATGACTC_001,118
AACCTATAAGCTAATGACTC_002,69
AACCTATAAGCTAATGACTC_003,43
AACCTATAAGCTAATGACTC_004,72
AACCTATAAGCTAATGACTC_005,133
AACCTATAAGCTAATGACTC_006,46
AACCTATAAGCTAATGACTC_007,9
GAGATGGGTGTATACGACTG_001,22
GTGTGAGCTGCGAATAGTGG_001,41
GTGTGAGCTGCGAATAGTGG_002,62
TCGGAAGAAGAAGCCGTCGG_001,114
TCGGAAGAAGAAGCCGTCGG_002,137
TCGGAAGAAGAAGCCGTCGG_003,52
TCGGAAGAAGAAGCCGTCGG_004,57
TCGGAAGAAGAAGCCGTCGG_005,152
TCGGAAGAAGAAGCCGTCGG_006,23
TCGGAAGAAGAAGCCGTCGG_007,183
TCGGAAGAAGAAGCCGTCGG_008,3
TCGGAAGAAGAAGCCGTCGG_009,173
TCGGAAGAAGAAGCCGTCGG_010,97
TCGGAAGAAGAAGCCGTCGG_011,58
TCGGAAGAAGAAGCCGTCGG_012,183
TCGGAAGAAGAAGCCGTCGG_013,69
TCGGAAGAAGAAGCCGTCGG_014,162
TCGGAAGAAGAAGCCGTCGG_015,144
TCGGAAGAAGAAGCCGTCGG_016,78
TCGGAAGAAGAAGCCGTCGG_017,0
ATCGTTGAGGCATCAACTCG_001,45
ATCGTTGAGGCATCAACTCG_002,151
ATCGTTGAGGCATCAACTCG_003,76
ATCGTTGAGGCATCAACTCG_004,182
ATCGTTGAGGCATCAACTCG_005,94
ATCGTTGAGGCATCAACTCG_006,105
ATCGTTGAGGCATCAACTCG_007,93
ATCGTTGAGGCATCAACTCG_008,138
ATCGTTGAGGCATCAACTCG_009,106
ATCGTTGAGGCATCAACTCG_010,63
ATCGTTGAGGCATCAACTCG_011,32
ATCGTTGAGGCATCAACTCG_012,180
ATCGTTGAGGCATCAACTCG_013,83
ATCGTTGAGGCATCAACTCG_014,166
ATCGTTGAGGCATCAACTCG_015,185
AGGCAGCAAGTACTATAATG_001,12
AGGCAGCAAGTACTATAATG_002,150
AGGCAGCAAGTACTATAATG_003,124
AGGCAGCAAGTACTATAATG_004,152
AGGCAGCAAGTACTATAATG_005,142
AGGCAGCAAGTACTATAATG_006,68
TGCCGACACCGATAAGTCCG_001,60
TGCCGACACCGATAAGTCCG_002,55
TGCCGACACCGATAAGTCCG_003,157
TGCCGACACCGATAAGTCCG_004,2
TACCTGTGGGAGTTCACCAC_001,105
TACCTGTGGGAGTTCACCAC_002,98
TACCTGTGGGAGTTCACCAC_003,130
TACCTGTGGGAGTTCACCAC_004,184
TACCTGTGGGAGTTCACCAC_005,48
TACCTGTGGGAGTTCACCAC_006,194
TACCTGTGGGAGTTCACCAC_007,79
TACCTGTGGGAGTTCACCAC_008,127
TACCTGTGGGAGTTCACCAC_009,66
TACCTGTGGGAGTTCACCAC_010,90
TACCTGTGGGAGTTCACCAC_011,138
TACCTGTGGGAGTTCACCAC_012,102
TACCTGTGGGAGTTCACCAC_013,41
TACCTGTGGGAGTTCACCAC_014,94
TACCTGTGGGAGTTCACCAC_015,153
TACCTGTGGGAGTTCACCAC_016,58
TTGTGCATGGCTAAAGACCG_001,116
TTGTGCATGGCTAAAGACCG_002,111
TAGGTCAGCAGGCCGAACTG_001,148
TAGGTCAGCAGGCCGAACTG_002,58
TAGGTCAGCAGGCCGAACTG_003,189
TAGGTCAGCAGGCCGAACTG_004,148
TAGGTCAGCAGGCCGAACTG_005,149
TAGGTCAGCAGGCCGAACTG_006,148
TAGGTCAGCAGGCCGAACTG_007,78
TAGGTCAGCAGGCCGAACTG_008,185
TAGGTCAGCAGGCCGAACTG_009,32
TCGCCGCACCGGAAACTGAG_001,49
TCGCCGCACCGGAAACTGAG_002,8
TCGCCGCACCGGAAACTGAG_003,10
TCGCCGCACCGGAAACTGAG_004,98
TCGCCGCACCGGAAACTGAG_005,17
TCGCCGCACCGGAAACTGAG_006,64
TCGCCGCACCGGAAACTGAG_007,192
TCGCCGCACCGGAAACTGAG_008,12
TCGCCGCACCGGAAACTGAG_009,122
TCGCCGCACCGGAAACTGAG_010,111
TCGCCGCACCGGAAACTGAG_011,141
TCGCCGCACCGGAAACTGAG_012,168
TCGCCGCACCGGAAACTGAG_013,115
TCGCCGCACCGGAAACTGAG_014,100
CGCTTGCTCACATCAATACG_001,113
CGCTTGCTCACATCAATACG_002,89
CGCTTGCTCACATCAATACG_003,62
CGCTTGCTCACATCAATACG_004,170
CGCTTGCTCACATCAATACG_005,63
CGCTTGCTCACATCAATACG_006,46
CGCTTGCTCACATCAATACG_007,57
AGAAGACCGAGTCTTAGCCT_001,149
AGAAGACCGAGTCTTAGCCT_002,172
AGAAGACCGAGTCTTAGCCT_003,63
AGAAGACCGAGTCTTAGCCT_004,160
AGAAGACCGAGTCTTAGCCT_005,83
AGAAGACCGAGTCTTAGCCT_006,188
AGAAGACCGAGTCTTAGCCT_007,32
AGAAGACCGAGTCTTAGCCT_008,122
AGAAGACCGAGTCTTAGCCT_009,159
AGAAGACCGAGTCTTAGCCT_010,27
CCAGGAGGGCCAACTCCGCA_001,191
CCAGGAGGGCCAACTCCGCA_002,139
CCAGGAGGGCCAACTCCGCA_003,66
CCAGGAGGGCCAACTCCGCA_004,124
CCAGGAGGGCCAACTCCGCA_005,104
CCAGGAGGGCCAACTCCGCA_006,83
CCAGGAGGGCCAACTCCGCA_007,81
CCAGGAGGGCCAACTCCGCA_008,76
CCAGGAGGGCCAACTCCGCA_009,108
CCCTCAGGAGCACCTGGAAG_001,149
CCCTCAGGAGCACCTGGAAG_002,172
CCCTCAGGAGCACCTGGAAG_003,158
CCCTCAGGAGCACCTGGAAG_004,100
CCCTCAGGAGCACCTGGAAG_005,131
CCCTCAGGAGCACCTGGAAG_006,194
CCCTCAGGAGCACCTGGAAG_007,180
ACAGCTCGTCCACATAACTG_001,58
ACAGCTCGTCCACATAACTG_002,94
ACAGCTCGTCCACATAACTG_003,191
ACAGCTCGTCCACATAACTG_004,149
ACAGCTCGTCCACATAACTG_005,152
ACAGCTCGTCCACATAACTG_006,182
ACAGCTCGTCCACATAACTG_007,34
ACAGCTCGTCCACATAACTG_008,124
ACAGCTCGTCCACATAACTG_009,68
ACAGCTCGTCCACATAACTG_010,174
ACAGCTCGTCCACATAACTG_011,46
AGATATAACCGGATTCAACA_001,36
AGATATAACCGGATTCAACA_002,42
AGATATAACCGGATTCAACA_003,11
AGATATAACCGGATTCAACA_004,63
AGATATAACCGGATTCAACA_005,9
AGATATAACCGGATTCAACA_006,196
CGAGGAGAATGAGGAAAATG_001,147
CGAGGAGAATGAGGAAAATG_002,88
CGAGGAGAATGAGGAAAATG_003,127
CGAGGAGAATGAGGAAAATG_004,41
CGAGGAGAATGAGGAAAATG_005,9
CGAGGAGAATGAGGAAAATG_006,76
CGAGGAGAATGAGGAAAATG_007,134
CGAGGAGAATGAGGAAAATG_008,92
CGAGGAGAATGAGGAAAATG_009,54
CGAGGAGAATGAGGAAAATG_010,58
CGAGGAGAATGAGGAAAATG_011,98
CGAGGAGAATGAGGAAAATG_012,97
CGAGGAGAATGAGGAAAATG_013,82
CGAGGAGAATGAGGAAAATG_014,118
CGAGGAGAATGAGGAAAATG_015,138
CGAGGAGAATGAGGAAAATG_016,23
CCAGTACTACAGGACAATTG_001,88
CCAGTACTACAGGACAATTG_002,110
CCAGTACTACAGGACAATTG_003,63
GGTGAAGGCTCTGTGTGCGG_001,163
GGTGAAGGCTCTGTGTGCGG_002,137
GGTGAAGGCTCTGTGTGCGG_003,141
GGTGAAGGCTCTGTGTGCGG_004,17
GGTGAAGGCTCTGTGTGCGG_005,105
GGTGAAGGCTCTGTGTGCGG_006,36
GGTGAAGGCTCTGTGTGCGG_007,85
GGTGAAGGCTCTGTGTGCGG_008,92
GGTGAAGGCTCTGTGTGCGG_009,162
GGTGAAGGCTCTGTGTGCGG_010,41
GGTGAAGGCTCTGTGTGCGG_011,188
GGTGAAGGCTCTGTGTGCGG_012,77
GTATAAGCAGAGCAGTCATG_001,43
GTATAAGCAGAGCAGTCATG_002,198
GTATAAGCAGAGCAGTCATG_003,161
GTATAAGCAGAGCAGTCATG_004,35
GTATAAGCAGAGCAGTCATG_005,104
GTATAAGCAGAGCAGTCATG_006,34
GTATAAGCAGAGCAGTCATG_007,0
GTATAAGCAGAGCAGTCATG_008,137
GTATAAGCAGAGCAGTCATG_009,168
GTATAAGCAGAGCAGTCATG_010,58
ATCAGAATGCGCAAACAAGG_001,32
ATCAGAATGCGCAAACAAGG_002,102
ATCAGAATGCGCAAACAAGG_003,29
ATCAGAATGCGCAAACAAGG_004,198
AACACTTGGGACGAAGACTG_001,66
AACACTTGGGACGAAGACTG_002,105
AACACTTGGGACGAAGACTG_003,142
AACACTTGGGACGAAGACTG_004,10
AACACTTGGGACGAAGACTG_005,17
AACACTTGGGACGAAGACTG_006,79
AACACTTGGGACGAAGACTG_007,169
AACACTTGGGACGAAGACTG_008,78
AACACTTGGGACGAAGACTG_009,43
AACACTTGGGACGAAGACTG_010,176
AACACTTGGGACGAAGACTG_011,41
AACACTTGGGACGAAGACTG_012,121
AACACTTGGGACGAAGACTG_013,61
GAAACACTTTGTCCTCCAAA_001,45
GCTGCGTGCAGATCGCCAAG_001,112
GCTGCGTGCAGATCGCCAAG_002,113
GCTGCGTGCAGATCGCCAAG_003,185
GCTGCGTGCAGATCGCCAAG_004,19
TGAATGGTCCCGGAAATATG_001,171
TGAATGGTCCCGGAAATATG_002,191
TGAATGGTCCCGGAAATATG_003,12
TGAATGGTCCCGGAAATATG_004,163
TGAATGGTCCCGGAAATATG_005,52
TGAATGGTCCCGGAAATATG_006,176
TGAATGGTCCCGGAAATATG_007,176
TGAATGGTCCCGGAAATATG_008,88
TGAATGGTCCCGGAAATATG_009,77
TGAATGGTCCCGGAAATATG_010,11
TGAATGGTCCCGGAAATATG_011,104
CCGTACTGGAGGTTGCGCCT_001,12
CCGTACTGGAGGTTGCGCCT_002,8
CCGTACTGGAGGTTGCGCCT_003,170
CCGTACTGGAGGTTGCGCCT_004,88
CCGTACTGGAGGTTGCGCCT_005,132
CCGTACTGGAGGTTGCGCCT_006,38
CCGTACTGGAGGTTGCGCCT_007,35
CCGTACTGGAGGTTGCGCCT_008,144
CCGTACTGGAGGTTGCGCCT_009,113
CCGTACTGGAGGTTGCGCCT_010,171
CCGTACTGGAGGTTGCGCCT_011,55
CCGTACTGGAGGTTGCGCCT_012,44
CCGTACTGGAGGTTGCGCCT_013,32
CCGTACTGGAGGTTGCGCCT_014,25
CCGTACTGGAGGTTGCGCCT_015,194
CCGTACTGGAGGTTGCGCCT_016,162
CATTCGACACCAAACTAGGT_001,192
CATTCGACACCAAACTAGGT_002,19
CATTCGACACCAAACTAGGT_003,155
GGCGGCAGGACAGCTAACCA_001,9
GGCGGCAGGACAGCTAACCA_002,49
GGCGGCAGGACAGCTAACCA_003,71
GGCGGCAGGACAGCTAACCA_004,32
GGCGGCAGGACAGCTAACCA_005,21
GGCGGCAGGACAGCTAACCA_006,85
GGCGGCAGGACAGCTAACCA_007,167
GGCGGCAGGACAGCTAACCA_008,78
GCAGCGATGAGACTTCATGA_001,139
GCAGCGATGAGACTTCATGA_002,83
GCAGCGATGAGACTTCATGA_003,197
CTGCTCTTCGGCAGTCTAGC_001,144
CTGCTCTTCGGCAGTCTAGC_002,28
CTGCTCTTCGGCAGTCTAGC_003,192
CTGCTCTTCGGCAGTCTAGC_004,130
CTGCTCTTCGGCAGTCTAGC_005,188
CTGCTCTTCGGCAGTCTAGC_006,27
CTGCTCTTCGGCAGTCTAGC_007,53
GCTCTGCAGCGTGTTCCCCA_001,101
GCTCTGCAGCGTGTTCCCCA_002,97
GCTCTGCAGCGTGTTCCCCA_003,91
GCTCTGCAGCGTGTTCCCCA_004,40
GCTCTGCAGCGTGTTCCCCA_005,40
GCTCTGCAGCGTGTTCCCCA_006,93
GCTCTGCAGCGTGTTCCCCA_007,116
GCTCTGCAGCGTGTTCCCCA_008,67
GCTCTGCAGCGTGTTCCCCA_009,175
GCTCTGCAGCGTGTTCCCCA_010,171
CACAGCTCGAGAGTCAGATG_001,179
CACAGCTCGAGAGTCAGATG_002,115
CACAGCTCGAGAGTCAGATG_003,198
CACAGCTCGAGAGTCAGATG_004,18
CACAGCTCGAGAGTCAGATG_005,110
CACAGCTCGAGAGTCAGATG_006,62
AGAGGGCCAGTAATCCAGCA_001,83
AGAGGGCCAGTAATCCAGCA_002,65
AGAGGGCCAGTAATCCAGCA_003,174
AGAGGGCCAGTAATCCAGCA_004,16
AGAGGGCCAGTAATCCAGCA_005,181
AGAGGGCCAGTAATCCAGCA_006,162
AGAGGGCCAGTAATCCAGCA_007,198
AGAGGGCCAGTAATCCAGCA_008,162
ATATGTTGGTCATGATAGGG_001,58
ATATGTTGGTCATGATAGGG_002,101
ATATGTTGGTCATGATAGGG_003,104
CAGGAACAGAGTCAATTTCA_001,147
CAGGAACAGAGTCAATTTCA_002,41
CTTCACACACTCCCGCAGCA_001,80
CTTCACACACTCCCGCAGCA_002,54
CTTCACACACTCCCGCAGCA_003,141
CTTCACACACTCCCGCAGCA_004,127
CTTCACACACTCCCGCAGCA_005,157
GCTGGGCCGCACAATTGGAG_001,17
GCTGGGCCGCACAATTGGAG_002,11
GCTGGGCCGCACAATTGGAG_003,186
GCTGGGCCGCACAATTGGAG_004,196
GCTGGGCCGCACAATTGGAG_005,161
GCTGGGCCGCACAATTGGAG_006,168
GCTGGGCCGCACAATTGGAG_007,187
GCTGGGCCGCACAATTGGAG_008,6
GCTGGGCCGCACAATTGGAG_009,92
TGGCCAAGTAGCAAGAACAG_001,131
TGGCCAAGTAGCAAGAACAG_002,141
TGGCCAAGTAGCAAGAACAG_003,52
TGGCCAAGTAGCAAGAACAG_004,163
TGGCCAAGTAGCAAGAACAG_005,76
TGGCCAAGTAGCAAGAACAG_006,54
TGGCCAAGTAGCAAGAACAG_007,141
TGGCCAAGTAGCAAGAACAG_008,149
TGGCCAAGTAGCAAGAACAG_009,16
TGGCCAAGTAGCAAGAACAG_010,78
TGGCCAAGTAGCAAGAACAG_011,50
ACCACGAGCTCAACCCCATG_001,197
ACCACGAGCTCAACCCCATG_002,43
ACCACGAGCTCAACCCCATG_003,60
ACCACGAGCTCAACCCCATG_004,176
TGTTACAGAATGCAGCAGTC_001,138
TGTTACAGAATGCAGCAGTC_002,57
TGTTACAGAATGCAGCAGTC_003,46
TGTTACAGAATGCAGCAGTC_004,13
TGTTACAGAATGCAGCAGTC_005,70
TGTTACAGAATGCAGCAGTC_006,70
TGTTACAGAATGCAGCAGTC_007,40
TTCAACTTCATATACCCTGG_001,19
AACACAGTGTATCCTGCCCA_001,56
AACACAGTGTATCCTGCCCA_002,100
GAGCCCTGAGTAGTTACGCA_001,157
GAGCCCTGAGTAGTTACGCA_002,44
GAGCCCTGAGTAGTTACGCA_003,70
GAGCCCTGAGTAGTTACGCA_004,119
GAGCCCTGAGTAGTTACGCA_005,54
GAGCCCTGAGTAGTTACGCA_006,172
GAGCCCTGAGTAGTTACGCA_007,139
GAGCCCTGAGTAGTTACGCA_008,79
GAGCCCTGAGTAGTTACGCA_009,48
GAGCCCTGAGTAGTTACGCA_010,139
GAGCCCTGAGTAGTTACGCA_011,2
GAGCCCTGAGTAGTTACGCA_012,9
GAGCCCTGAGTAGTTACGCA_013,94
GAGCCCTGAGTAGTTACGCA_014,135
GAGCCCTGAGTAGTTACGCA_015,113
GAGCCCTGAGTAGTTACGCA_016,182
GAGCCCTGAGTAGTTACGCA_017,177
GAGCCCTGAGTAGTTACGCA_018,19
GAGCCCTGAGTAGTTACGCA_019,185
GAGCCCTGAGTAGTTACGCA_020,62
GAGCCCTGAGTAGTTACGCA_021,147
GAGCCCTGAGTAGTTACGCA_022,162
GAGCCCTGAGTAGTTACGCA_023,121
GAGCCCTGAGTAGTTACGCA_024,175
GAGCCCTGAGTAGTTACGCA_025,57
GAGCCCTGAGTAGTTACGCA_026,8
GAGCCCTGAGTAGTTACGCA_027,115
GAGCCCTGAGTAGTTACGCA_028,43
GAGCCCTGAGTAGTTACGCA_029,4
GAGCCCTGAGTAGTTACGCA_030,29
CTCCATCGACGCCATAAGCA_001,104
CTCCATCGACGCCATAAGCA_002,41
CTCCATCGACGCCATAAGCA_003,41
CTCCATCGACGCCATAAGCA_004,84
CTCCATCGACGCCATAAGCA_005,15
CTCCATCGACGCCATAAGCA_006,2
CTCCATCGACGCCATAAGCA_007,162
CTCCATCGACGCCATAAGCA_008,158
AGTCATGTTGTTGAAAAGTG_001,26
AGTCATGTTGTTGAAAAGTG_002,181
AGTCATGTTGTTGAAAAGTG_003,102
AGTCATGTTGTTGAAAAGTG_004,102
AGTCATGTTGTTGAAAAGTG_005,12
AGTCATGTTGTTGAAAAGTG_006,83
AGTCATGTTGTTGAAAAGTG_007,54
AGTCATGTTGTTGAAAAGTG_008,162
AGTCATGTTGTTGAAAAGTG_009,177
AGTCATGTTGTTGAAAAGTG_010,37
AGTCATGTTGTTGAAAAGTG_011,170
AGTCATGTTGTTGAAAAGTG_012,38
AGTCATGTTGTTGAAAAGTG_013,63
AGTCATGTTGTTGAAAAGTG_014,50
AGTCATGTTGTTGAAAAGTG_015,57
AGTCATGTTGTTGAAAAGTG_016,19
AGTCATGTTGTTGAAAAGTG_017,197
AGTCATGTTGTTGAAAAGTG_018,136
AGTCATGTTGTTGAAAAGTG_019,57
TGGTGCACGCTGTGAGCATG_001,148
TGGTGCACGCTGTGAGCATG_002,98
TGGTGCACGCTGTGAGCATG_003,15
TGGTGCACGCTGTGAGCATG_004,39
CCGTGGGCGACACGGGACTG_001,199
CCGTGGGCGACACGGGACTG_002,94
CCGTGGGCGACACGGGACTG_003,28
CCGTGGGCGACACGGGACTG_004,16
CCGTGGGCGACACGGGACTG_005,17
CCGTGGGCGACACGGGACTG_006,50
CCGTGGGCGACACGGGACTG_007,146
CCGTGGGCGACACGGGACTG_008,12
CCGTGGGCGACACGGGACTG_009,49
CCGTGGGCGACACGGGACTG_010,191
CCGTGGGCGACACGGGACTG_011,132
CCGTGGGCGACACGGGACTG_012,138
CCGTGGGCGACACGGGACTG_013,19
CCGTGGGCGACACGGGACTG_014,2
CCGTGGGCGACACGGGACTG_015,71
CCGTGGGCGACACGGGACTG_016,76
CCGTGGGCGACACGGGACTG_017,12
CCGTGGGCGACACGGGACTG_018,130
CCGTGGGCGACACGGGACTG_019,16
CCGTGGGCGACACGGGACTG_020,19
CCGTGGGCGACACGGGACTG_021,102
CCGTGGGCGACACGGGACTG_022,59
CCGTGGGCGACACGGGACTG_023,159
CCGTGGGCGACACGGGACTG_024,77
CCGTGGGCGACACGGGACTG_025,177
CCGTGGGCGACACGGGACTG_026,28
CCGTGGGCGACACGGGACTG_027,82
CCGTGGGCGACACGGGACTG_028,161
CCGTGGGCGACACGGGACTG_029,166
CCGTGGGCGACACGGGACTG_030,105
CCGTGGGCGACACGGGACTG_031,113
CCGTGGGCGACACGGGACTG_032,101
CCGTGGGCGACACGGGACTG_033,146
CCGTGGGCGACACGGGACTG_034,47
CCGTGGGCGACACGGGACTG_035,176
CCGTGGGCGACACGGGACTG_036,191
CCGTGGGCGACACGGGACTG_037,121
CCGTGGGCGACACGGGACTG_038,19
CCGTGGGCGACACGGGACTG_039,17
CCGTGGGCGACACGGGACTG_040,141
CCGTGGGCGACACGGGACTG_041,106
CCGTGGGCGACACGGGACTG_042,77
GTGATGATCTAACCACAACA_001,62
GTGATGATCTAACCACAACA_002,48
GTGATGATCTAACCACAACA_003,114
GTGATGATCTAACCACAACA_004,114
GTGATGATCTAACCACAACA_005,88
GTGATGATCTAACCACAACA_006,73
GTGATGATCTAACCACAACA_007,184
GTGATGATCTAACCACAACA_008,147
GTGATGATCTAACCACAACA_009,98
GTGATGATCTAACCACAACA_010,182
GTGATGATCTAACCACAACA_011,59
GCAAGATCACACACTTTGAG_001,49
GCAAGATCACACACTTTGAG_002,122
GCAAGATCACACACTTTGAG_003,54
GCAAGATCACACACTTTGAG_004,94
GCAAGATCACACACTTTGAG_005,58
GCAAGATCACACACTTTGAG_006,188
GCAAGATCACACACTTTGAG_007,46
GCAAGATCACACACTTTGAG_008,87
GCAAGATCACACACTTTGAG_009,81
GACCTTCCGCAGATGGAGGT_001,127
GACCTTCCGCAGATGGAGGT_002,56
GACCTTCCGCAGATGGAGGT_003,38
GACCTTCCGCAGATGGAGGT_004,20
GACCTTCCGCAGATGGAGGT_005,183
GACCTTCCGCAGATGGAGGT_006,149
GACCTTCCGCAGATGGAGGT_007,139
GACCTTCCGCAGATGGAGGT_008,147
GACCTTCCGCAGATGGAGGT_009,70
GACCTTCCGCAGATGGAGGT_010,148
GACCTTCCGCAGATGGAGGT_011,137
GACCTTCCGCAGATGGAGGT_012,75
GACCTTCCGCAGATGGAGGT_013,68
GACCTTCCGCAGATGGAGGT_014,141
GACCTTCCGCAGATGGAGGT_015,190
GACCTTCCGCAGATGGAGGT_016,149
GACCTTCCGCAGATGGAGGT_017,138
GACCTTCCGCAGATGGAGGT_018,136
GACCTTCCGCAGATGGAGGT_019,168
GACCTTCCGCAGATGGAGGT_020,8
GACCTTCCGCAGATGGAGGT_021,28
CACGCCACGCCCATCTACGC_001,184
CACGCCACGCCCATCTACGC_002,139
CACGCCACGCCCATCTACGC_003,54
ATCCACTGCGATCACGCACA_001,77
ATCCACTGCGATCACGCACA_002,188
ATCCACTGCGATCACGCACA_003,101
GTCCATGACTGTGACTCACA_001,96
GTCCATGACTGTGACTCACA_002,130
GTCCATGACTGTGACTCACA_003,77
GTCCATGACTGTGACTCACA_004,77
GTCCATGACTGTGACTCACA_005,174
GTCCATGACTGTGACTCACA_006,53
GTCCATGACTGTGACTCACA_007,177
GTCCATGACTGTGACTCACA_008,69
GTCCATGACTGTGACTCACA_009,29
GTCCATGACTGTGACTCACA_010,112
GTCCATGACTGTGACTCACA_011,169
GTCCATGACTGTGACTCACA_012,96
GTCCATGACTGTGACTCACA_013,172
GTCCATGACTGTGACTCACA_014,158
GTCCATGACTGTGACTCACA_015,36
GTCCATGACTGTGACTCACA_016,166
GTCCATGACTGTGACTCACA_017,0
GTCCATGACTGTGACTCACA_018,103
GTCCATGACTGTGACTCACA_019,155
AGGGCAAATCCTTGTCTCAG_001,152
AGGGCAAATCCTTGTCTCAG_002,55
AGGGCAAATCCTTGTCTCAG_003,182
AGGGCAAATCCTTGTCTCAG_004,63
AGGGCAAATCCTTGTCTCAG_005,94
AGGGCAAATCCTTGTCTCAG_006,134
AGGGCAAATCCTTGTCTCAG_007,186
AGGGCAAATCCTTGTCTCAG_008,124
AGGGCAAATCCTTGTCTCAG_009,63
AGGGCAAATCCTTGTCTCAG_010,3
AGGGCAAATCCTTGTCTCAG_011,49
GCTAGTTTCTGTTAGCTCCT_001,41
GCTAGTTTCTGTTAGCTCCT_002,171
GCTAGTTTCTGTTAGCTCCT_003,94
GCTAGTTTCTGTTAGCTCCT_004,185
GCTAGTTTCTGTTAGCTCCT_005,194
GCTAGTTTCTGTTAGCTCCT_006,122
GCTAGTTTCTGTTAGCTCCT_007,141
GCTAGTTTCTGTTAGCTCCT_008,62
GCTAGTTTCTGTTAGCTCCT_009,5
GCTAGTTTCTGTTAGCTCCT_010,144
GCTAGTTTCTGTTAGCTCCT_011,115
AGATGACCAGGATGCTACAG_001,183
AGATGACCAGGATGCTACAG_002,21
AGATGACCAGGATGCTACAG_003,183
AGATGACCAGGATGCTACAG_004,111
CTCCGAGTCTGTCATGACTG_001,133
CTCCGAGTCTGTCATGACTG_002,84
CTCCGAGTCTGTCATGACTG_003,115
CTCCGAGTCTGTCATGACTG_004,68
CTCCGAGTCTGTCATGACTG_005,63
CTCCGAGTCTGTCATGACTG_006,160
CTCCGAGTCTGTCATGACTG_007,26
GTTCAGGAACGAAGATGCCG_001,8
GTTCAGGAACGAAGATGCCG_002,62
GTTCAGGAACGAAGATGCCG_003,134
GTTCAGGAACGAAGATGCCG_004,98
GTTCAGGAACGAAGATGCCG_005,14
GTTCAGGAACGAAGATGCCG_006,28
GTTCAGGAACGAAGATGCCG_007,138
GTTCAGGAACGAAGATGCCG_008,49
CTGGTGCCTTCTGATCTCAC_001,145
TACTATGGCAACTACTACGG_001,111
TACTATGGCAACTACTACGG_002,175
TACTATGGCAACTACTACGG_003,173
TACTATGGCAACTACTACGG_004,56
TACTATGGCAACTACTACGG_005,138
TACTATGGCAACTACTACGG_006,137
AAGAGGAAATGGCACCTGAT_001,17
AAGAGGAAATGGCACCTGAT_002,102
AAGAGGAAATGGCACCTGAT_003,139
AAGAGGAAATGGCACCTGAT_004,44
AAGAGGAAATGGCACCTGAT_005,88
AAGAGGAAATGGCACCTGAT_006,17
AAGAGGAAATGGCACCTGAT_007,91
AAGAGGAAATGGCACCTGAT_008,4
TCGATAATCTTGATAAAGCG_001,15
TCGATAATCTTGATAAAGCG_002,75
TCGATAATCTTGATAAAGCG_003,171
TCGATAATCTTGATAAAGCG_004,99
TCGATAATCTTGATAAAGCG_005,168
TCGATAATCTTGATAAAGCG_006,14
GTGAACTTTCCTATCAGCAA_001,188
GTGAACTTTCCTATCAGCAA_002,196
GTGAACTTTCCTATCAGCAA_003,47
GTGAACTTTCCTATCAGCAA_004,146
GTGAACTTTCCTATCAGCAA_005,50
GTGAACTTTCCTATCAGCAA_006,83
GTGAACTTTCCTATCAGCAA_007,118
GTGAACTTTCCTATCAGCAA_008,49
GTGAACTTTCCTATCAGCAA_009,84
GTGAACTTTCCTATCAGCAA_010,177
GTGAACTTTCCTATCAGCAA_011,128
GTGAACTTTCCTATCAGCAA_012,194
GTGAACTTTCCTATCAGCAA_013,144
GTGAACTTTCCTATCAGCAA_014,185
GTGAACTTTCCTATCAGCAA_015,169
TTCAACCTTAAGACCACTGG_001,194
TTCAACCTTAAGACCACTGG_002,7
TTCAACCTTAAGACCACTGG_003,21
TTCAACCTTAAGACCACTGG_004,162
TTCAACCTTAAGACCACTGG_005,148
TTCAACCTTAAGACCACTGG_006,49
TTCAACCTTAAGACCACTGG_007,48
TTCAACCTTAAGACCACTGG_008,15
TTCAACCTTAAGACCACTGG_009,29
TTCAACCTTAAGACCACTGG_010,9
TTCAACCTTAAGACCACTGG_011,101
TTCAACCTTAAGACCACTGG_012,91
CCATGGCTGGAGAACCGTGT_001,33
CCATGGCTGGAGAACCGTGT_002,167
CCATGGCTGGAGAACCGTGT_003,33
CCATGGCTGGAGAACCGTGT_004,145
GGTCTCTGTACGGGCCGCCC_001,182
GGTCTCTGTACGGGCCGCCC_002,63
GGTCTCTGTACGGGCCGCCC_003,156
GGTCTCTGTACGGGCCGCCC_004,188
GGTCTCTGTACGGGCCGCCC_005,94
GGTCTCTGTACGGGCCGCCC_006,168
TAAACGATCTAGGAAGACTG_001,17
TAAACGATCTAGGAAGACTG_002,63
TAAACGATCTAGGAAGACTG_003,88
TAAACGATCTAGGAAGACTG_004,188
TAAACGATCTAGGAAGACTG_005,197
TAAACGATCTAGGAAGACTG_006,7
TAAACGATCTAGGAAGACTG_007,153
TAAACGATCTAGGAAGACTG_008,153
TAAACGATCTAGGAAGACTG_009,127
TAAACGATCTAGGAAGACTG_010,44
TAAACGATCTAGGAAGACTG_011,141
CATGATAGGTTTAATTACGG_001,114
CATGATAGGTTTAATTACGG_002,104
CATGATAGGTTTAATTACGG_003,83
CATGATAGGTTTAATTACGG_004,77
CATGATAGGTTTAATTACGG_005,41
CATGATAGGTTTAATTACGG_006,47
CATGATAGGTTTAATTACGG_007,162
CATGATAGGTTTAATTACGG_008,23
CCTACTCAGAAACCGACCAG_001,19
CCTACTCAGAAACCGACCAG_002,103
CCTACTCAGAAACCGACCAG_003,108
CCTACTCAGAAACCGACCAG_004,51
CCTACTCAGAAACCGACCAG_005,97
CCTACTCAGAAACCGACCAG_006,8
CCTACTCAGAAACCGACCAG_007,110
CCTACTCAGAAACCGACCAG_008,124
CCTACTCAGAAACCGACCAG_009,135
CCTACTCAGAAACCGACCAG_010,26
CCTACTCAGAAACCGACCAG_011,104
CCTACTCAGAAACCGACCAG_012,146
CCTACTCAGAAACCGACCAG_013,176
CCTACTCAGAAACCGACCAG_014,78
CCTACTCAGAAACCGACCAG_015,1
GCGTCCACTTTACCTGCCGG_001,88
GCGTCCACTTTACCTGCCGG_002,121
GCGTCCACTTTACCTGCCGG_003,32
GCGTCCACTTTACCTGCCGG_004,134
GCGTCCACTTTACCTGCCGG_005,90
GCGTCCACTTTACCTGCCGG_006,97
GCGTCCACTTTACCTGCCGG_007,156
GCGTCCACTTTACCTGCCGG_008,180
GCGTCCACTTTACCTGCCGG_009,172
GCGTCCACTTTACCTGCCGG_010,174
GCGTCCACTTTACCTGCCGG_011,38
GCGTCCACTTTACCTGCCGG_012,40
GCGTCCACTTTACCTGCCGG_013,72
TTCCTGCAAAGGAGATAGCA_001,170
TTCCTGCAAAGGAGATAGCA_002,118
TTCCTGCAAAGGAGATAGCA_003,60
TTCCTGCAAAGGAGATAGCA_004,73
TTCCTGCAAAGGAGATAGCA_005,78
TTCCTGCAAAGGAGATAGCA_006,19
TTCCTGCAAAGGAGATAGCA_007,147
TTCCTGCAAAGGAGATAGCA_008,40
TTCCTGCAAAGGAGATAGCA_009,11
TTCCTGCAAAGGAGATAGCA_010,40
TTCCTGCAAAGGAGATAGCA_011,124
TTCCTGCAAAGGAGATAGCA_012,42
TTCCTGCAAAGGAGATAGCA_013,137
TTCCTGCAAAGGAGATAGCA_014,160
TTCCTGCAAAGGAGATAGCA_015,142
TTCCTGCAAAGGAGATAGCA_016,113
TTCCTGCAAAGGAGATAGCA_017,104
TTCCTGCAAAGGAGATAGCA_018,169
TTCCTGCAAAGGAGATAGCA_019,29
TTCCTGCAAAGGAGATAGCA_020,199
TTCCTGCAAAGGAGATAGCA_021,19
TTCCTGCAAAGGAGATAGCA_022,172
GGTGCCGGCTGTACGCGGAG_001,88
GGTGCCGGCTGTACGCGGAG_002,181
GGTGCCGGCTGTACGCGGAG_003,115
GGTGCCGGCTGTACGCGGAG_004,110
GGTGCCGGCTGTACGCGGAG_005,153
GGTGCCGGCTGTACGCGGAG_006,46
GGTGCCGGCTGTACGCGGAG_007,177
GGTGCCGGCTGTACGCGGAG_008,176
GGTGCCGGCTGTACGCGGAG_009,69
CACCCAAGGTTGTACCACAG_001,153
CACCCAAGGTTGTACCACAG_002,81
CACCCAAGGTTGTACCACAG_003,26
CACCCAAGGTTGTACCACAG_004,38
CACCCAAGGTTGTACCACAG_005,89
CACCCAAGGTTGTACCACAG_006,128
CACCCAAGGTTGTACCACAG_007,8
CACCCAAGGTTGTACCACAG_008,146
CACCCAAGGTTGTACCACAG_009,45
CACCCAAGGTTGTACCACAG_010,126
CACCCAAGGTTGTACCACAG_011,8
CACCCAAGGTTGTACCACAG_012,1
CACCCAAGGTTGTACCACAG_013,158
CACCCAAGGTTGTACCACAG_014,3
CACCCAAGGTTGTACCACAG_015,68
CACCCAAGGTTGTACCACAG_016,157
CACCCAAGGTTGTACCACAG_017,188
TACCACACCATCATTTAGCG_001,193
TACCACACCATCATTTAGCG_002,181
TACCACACCATCATTTAGCG_003,110
TACCACACCATCATTTAGCG_004,38
TACCACACCATCATTTAGCG_005,140
TACCACACCATCATTTAGCG_006,178
TACCACACCATCATTTAGCG_007,72
TACCACACCATCATTTAGCG_008,103
TACCACACCATCATTTAGCG_009,148
TACCACACCATCATTTAGCG_010,148
TACCACACCATCATTTAGCG_011,165
GATGGTCTGTGAATCCCAGG_001,182
GATGGTCTGTGAATCCCAGG_002,69
GATGGTCTGTGAATCCCAGG_003,102
GATGGTCTGTGAATCCCAGG_004,90
GATGGTCTGTGAATCCCAGG_005,58
GATGGTCTGTGAATCCCAGG_006,169
GATGGTCTGTGAATCCCAGG_007,96
GATGGTCTGTGAATCCCAGG_008,15
AAGGACCCCGAGCCTCAGAA_001,194
AAGGACCCCGAGCCTCAGAA_002,1
AAGGACCCCGAGCCTCAGAA_003,146
AAGGACCCCGAGCCTCAGAA_004,122
AAGGACCCCGAGCCTCAGAA_005,199
AAGGACCCCGAGCCTCAGAA_006,16
AAGGACCCCGAGCCTCAGAA_007,99
AAGGACCCCGAGCCTCAGAA_008,139
AAGGACCCCGAGCCTCAGAA_009,113
AAGGACCCCGAGCCTCAGAA_010,49
AAGGACCCCGAGCCTCAGAA_011,15
AAGGACCCCGAGCCTCAGAA_012,145
AAGGACCCCGAGCCTCAGAA_013,160
AAGGACCCCGAGCCTCAGAA_014,42
AAGGACCCCGAGCCTCAGAA_015,94
AAGGACCCCGAGCCTCAGAA_016,176
AAGGACCCCGAGCCTCAGAA_017,187
AAGGACCCCGAGCCTCAGAA_018,17
AAGGACCCCGAGCCTCAGAA_019,181
AAGGACCCCGAGCCTCAGAA_020,121
AAGGACCCCGAGCCTCAGAA_021,78
AAGGACCCCGAGCCTCAGAA_022,56
AAGGACCCCGAGCCTCAGAA_023,1
AGTGTGGTAGCATAACGCAA_001,96
AGTGTGGTAGCATAACGCAA_002,54
AGTGTGGTAGCATAACGCAA_003,195
AGTGTGGTAGCATAACGCAA_004,197
AGTGTGGTAGCATAACGCAA_005,199
AGTGTGGTAGCATAACGCAA_006,198
AGTGTGGTAGCATAACGCAA_007,75
GAGCCTAGCCATCATGACCG_001,178
GAGCCTAGCCATCATGACCG_002,158
GAGCCTAGCCATCATGACCG_003,100
GAGCCTAGCCATCATGACCG_004,189
GAGCCTAGCCATCATGACCG_005,78
GAGCCTAGCCATCATGACCG_006,117
GAGCCTAGCCATCATGACCG_007,156
GAGCCTAGCCATCATGACCG_008,48
GAGCCTAGCCATCATGACCG_009,198
GAGCCTAGCCATCATGACCG_010,158
GAGCCTAGCCATCATGACCG_011,38
GAGCCTAGCCATCATGACCG_012,141
GAGCCTAGCCATCATGACCG_013,147
GAGCCTAGCCATCATGACCG_014,149
GAGCCTAGCCATCATGACCG_015,9
GAGCCTAGCCATCATGACCG_016,196
GATACCAAGTCCAGATAGTG_001,76
GATACCAAGTCCAGATAGTG_002,106
TTGAATCCAAGGATAACCCA_001,131
TTGAATCCAAGGATAACCCA_002,116
TTGAATCCAAGGATAACCCA_003,80
TTGAATCCAAGGATAACCCA_004,36
TTGAATCCAAGGATAACCCA_005,54
TTGAATCCAAGGATAACCCA_006,108
TTGAATCCAAGGATAACCCA_007,100
GATGATGGGCAGCGCCCGCG_001,68
CTTGCTCAGTGATATGGTTC_001,116
CTTGCTCAGTGATATGGTTC_002,194
CTTGCTCAGTGATATGGTTC_003,94
GCTCACTGGGGCACAGACCA_001,73
GCTCACTGGGGCACAGACCA_002,162
GCTCACTGGGGCACAGACCA_003,70
GCTCACTGGGGCACAGACCA_004,166
GCTCACTGGGGCACAGACCA_005,152
GCTCACTGGGGCACAGACCA_006,127
GCTCACTGGGGCACAGACCA_007,170
GCTCACTGGGGCACAGACCA_008,113
GCTCACTGGGGCACAGACCA_009,151
GCTCACTGGGGCACAGACCA_010,136
GCTCACTGGGGCACAGACCA_011,94
GCTCACTGGGGCACAGACCA_012,77
GCTCACTGGGGCACAGACCA_013,35
GCTCACTGGGGCACAGACCA_014,41
GCTCACTGGGGCACAGACCA_015,98
GCTCACTGGGGCACAGACCA_016,194
GCTCACTGGGGCACAGACCA_017,179
GCTCACTGGGGCACAGACCA_018,86
GCTCACTGGGGCACAGACCA_019,67
GCTCACTGGGGCACAGACCA_020,190
GCTCACTGGGGCACAGACCA_021,80
GCTCACTGGGGCACAGACCA_022,177
GCTCACTGGGGCACAGACCA_023,60
GCTCACTGGGGCACAGACCA_024,43
GCTCACTGGGGCACAGACCA_025,69
GCTCACTGGGGCACAGACCA_026,32
GCTCACTGGGGCACAGACCA_027,64
GCTCACTGGGGCACAGACCA_028,57
GCTCACTGGGGCACAGACCA_029,9
GCTCACTGGGGCACAGACCA_030,184
GCTCACTGGGGCACAGACCA_031,106
GCTCACTGGGGCACAGACCA_032,49
GCTCACTGGGGCACAGACCA_033,94
GCTCACTGGGGCACAGACCA_034,164
CCTCGTGAAGATCGCGTCCA_001,175
CCTCGTGAAGATCGCGTCCA_002,81
CCTCGTGAAGATCGCGTCCA_003,53
CCTCGTGAAGATCGCGTCCA_004,85
CCTCGTGAAGATCGCGTCCA_005,69
CCTCGTGAAGATCGCGTCCA_006,29
CCTCGTGAAGATCGCGTCCA_007,29
CCTCGTGAAGATCGCGTCCA_008,115
CCTCGTGAAGATCGCGTCCA_009,105
CCTCGTGAAGATCGCGTCCA_010,33
CCTCGTGAAGATCGCGTCCA_011,186
CCTCGTGAAGATCGCGTCCA_012,8
CCTCGTGAAGATCGCGTCCA_013,16
CCTCGTGAAGATCGCGTCCA_014,6
CCTCGTGAAGATCGCGTCCA_015,6
CCTCGTGAAGATCGCGTCCA_016,64
CCTCGTGAAGATCGCGTCCA_017,166
CCTCGTGAAGATCGCGTCCA_018,34
CCTCGTGAAGATCGCGTCCA_019,160
CCTCGTGAAGATCGCGTCCA_020,163
CCTCGTGAAGATCGCGTCCA_021,49
CCTCGTGAAGATCGCGTCCA_022,70
CCTCGTGAAGATCGCGTCCA_023,22
CCTCGTGAAGATCGCGTCCA_024,3
CCTCGTGAAGATCGCGTCCA_025,36
CCTCGTGAAGATCGCGTCCA_026,197
AGGAATCCCTAAATGAGCTG_001,134
AGGAATCCCTAAATGAGCTG_002,29
AGGAATCCCTAAATGAGCTG_003,102
AGGAATCCCTAAATGAGCTG_004,169
AGGAATCCCTAAATGAGCTG_005,159
AGGAATCCCTAAATGAGCTG_006,184
AGGAATCCCTAAATGAGCTG_007,29
AGGAATCCCTAAATGAGCTG_008,112
AGGAATCCCTAAATGAGCTG_009,20
AGGAATCCCTAAATGAGCTG_010,97
AGGAATCCCTAAATGAGCTG_011,97
AGGAATCCCTAAATGAGCTG_012,102
AGGAATCCCTAAATGAGCTG_013,38
AGGAATCCCTAAATGAGCTG_014,36
AGGAATCCCTAAATGAGCTG_015,0
AGGAATCCCTAAATGAGCTG_016,199
AGGAATCCCTAAATGAGCTG_017,193
AGGAATCCCTAAATGAGCTG_018,144
AGGAATCCCTAAATGAGCTG_019,168
AGGAATCCCTAAATGAGCTG_020,105
AGGAATCCCTAAATGAGCTG_021,58
AGGAATCCCTAAATGAGCTG_022,105
GGAGATATTGGAGTTCGCCG_001,154
TAAACTTGAAATCAGTGAGA_001,160
TAAACTTGAAATCAGTGAGA_002,176
CTGTGTAGATCACTGCAACA_001,7
CTGTGTAGATCACTGCAACA_002,50
CTGTGTAGATCACTGCAACA_003,158
CTGTGTAGATCACTGCAACA_004,74
CTGTGTAGATCACTGCAACA_005,124
CTGTGTAGATCACTGCAACA_006,158
CTGTGTAGATCACTGCAACA_007,129
CTGTGTAGATCACTGCAACA_008,141
CTGTGTAGATCACTGCAACA_009,197
CTGTGTAGATCACTGCAACA_010,182
CTGTGTAGATCACTGCAACA_011,188
CTGTGTAGATCACTGCAACA_012,57
CTGTGTAGATCACTGCAACA_013,175
CTGTGTAGATCACTGCAACA_014,2
CTGTGTAGATCACTGCAACA_015,126
CTGTGTAGATCACTGCAACA_016,134
CTGTGTAGATCACTGCAACA_017,187
ACATACCCCTGAACACCCGG_001,141
ACATACCCCTGAACACCCGG_002,14
ACATACCCCTGAACACCCGG_003,160
ACATACCCCTGAACACCCGG_004,176
ACATACCCCTGAACACCCGG_005,93
ACATACCCCTGAACACCCGG_006,192
ACATACCCCTGAACACCCGG_007,198
ACATACCCCTGAACACCCGG_008,2
ACATACCCCTGAACACCCGG_009,184
ACATACCCCTGAACACCCGG_010,149
ACATACCCCTGAACACCCGG_011,184
CACGTTGAACACGATCCACG_001,42
CACGTTGAACACGATCCACG_002,113
CACGTTGAACACGATCCACG_003,6
CACGTTGAACACGATCCACG_004,91
CACGTTGAACACGATCCACG_005,46
CACGTTGAACACGATCCACG_006,43
TGAGGAGATCCCCGAAAACG_001,12
TGAGGAGATCCCCGAAAACG_002,149
TGAGGAGATCCCCGAAAACG_003,145
TGAGGAGATCCCCGAAAACG_004,36
TGAGGAGATCCCCGAAAACG_005,69
TGAGGAGATCCCCGAAAACG_006,78
TGAGGAGATCCCCGAAAACG_007,92
TGAGGAGATCCCCGAAAACG_008,193
TGAGGAGATCCCCGAAAACG_009,115
TGAGGAGATCCCCGAAAACG_010,193
TGAGGAGATCCCCGAAAACG_011,117
CAAGACGTGGGTACGCTATG_001,1
CAAGACGTGGGTACGCTATG_002,49
CAAGACGTGGGTACGCTATG_003,72
CAAGACGTGGGTACGCTATG_004,146
CAAGACGTGGGTACGCTATG_005,169
CAAGACGTGGGTACGCTATG_006,104
CAAGACGTGGGTACGCTATG_007,102
CAAGACGTGGGTACGCTATG_008,27
ACTACACCACCATGGATAAG_001,24
ACTACACCACCATGGATAAG_002,185
ACTACACCACCATGGATAAG_003,130
ACTACACCACCATGGATAAG_004,47
ACTACACCACCATGGATAAG_005,95
ACTACACCACCATGGATAAG_006,162
ACTACACCACCATGGATAAG_007,190
ACTACACCACCATGGATAAG_008,153
TCATCTCTAACAATCCACGC_001,130
TCATCTCTAACAATCCACGC_002,75
TCATCTCTAACAATCCACGC_003,48
TCATCTCTAACAATCCACGC_004,102
TCATCTCTAACAATCCACGC_005,157
TCATCTCTAACAATCCACGC_006,113
TCATCTCTAACAATCCACGC_007,33
TCATCTCTAACAATCCACGC_008,103
CAGGTTATAAGGCACAATCT_001,195
CAGGTTATAAGGCACAATCT_002,33
CAGGTTATAAGGCACAATCT_003,179
CAGGTTATAAGGCACAATCT_004,78
CAGGTTATAAGGCACAATCT_005,52
CCATACCCTCGAAAGACCAG_001,129
CCATACCCTCGAAAGACCAG_002,176
CCATACCCTCGAAAGACCAG_003,53
CCATACCCTCGAAAGACCAG_004,122
TAGTACCTGATGATGAAGAG_001,8
TAGTACCTGATGATGAAGAG_002,169
TAGTACCTGATGATGAAGAG_003,58
TAGTACCTGATGATGAAGAG_004,50
TAGTACCTGATGATGAAGAG_005,88
TAGTACCTGATGATGAAGAG_006,75
TAGTACCTGATGATGAAGAG_007,32
TTTCACACCCGCTACCACTG_001,160
TTTCACACCCGCTACCACTG_002,78
TTTCACACCCGCTACCACTG_003,189
TTTCACACCCGCTACCACTG_004,164
TTTCACACCCGCTACCACTG_005,68
TTTCACACCCGCTACCACTG_006,149
TTTCACACCCGCTACCACTG_007,107
TTTCACACCCGCTACCACTG_008,119
TTTCACACCCGCTACCACTG_009,162
TTTCACACCCGCTACCACTG_010,27
TTTCACACCCGCTACCACTG_011,191
TTTCACACCCGCTACCACTG_012,63
TTTCACACCCGCTACCACTG_013,139
TTTCACACCCGCTACCACTG_014,158
TTTCACACCCGCTACCACTG_015,199
TTTCACACCCGCTACCACTG_016,190
TTTCACACCCGCTACCACTG_017,111
TCGACTCCGCTGGTCCACGT_001,160
TCGACTCCGCTGGTCCACGT_002,111
TCGACTCCGCTGGTCCACGT_003,47
TCGACTCCGCTGGTCCACGT_004,97
TCGACTCCGCTGGTCCACGT_005,29
TCGACTCCGCTGGTCCACGT_006,102
GGCGGCGGTGAAGGCGACCG_001,14
GGCGGCGGTGAAGGCGACCG_002,134
GGCGGCGGTGAAGGCGACCG_003,105
GGCGGCGGTGAAGGCGACCG_004,147
GGCGGCGGTGAAGGCGACCG_005,149
GGCGGCGGTGAAGGCGACCG_006,7
GGCGGCGGTGAAGGCGACCG_007,23
GGCGGCGGTGAAGGCGACCG_008,96
GGCGGCGGTGAAGGCGACCG_009,140
GGCGGCGGTGAAGGCGACCG_010,34
TGACCAAGTGCACATCACCA_001,3
TGACCAAGTGCACATCACCA_002,145
TGACCAAGTGCACATCACCA_003,15
TGACCAAGTGCACATCACCA_004,154
TGACCAAGTGCACATCACCA_005,179
TGACCAAGTGCACATCACCA_006,64
TGACCAAGTGCACATCACCA_007,80
TGACCAAGTGCACATCACCA_008,116
TGACCAAGTGCACATCACCA_009,132
TGACCAAGTGCACATCACCA_010,143
TGACCAAGTGCACATCACCA_011,149
TGACCAAGTGCACATCACCA_012,2
TGACCAAGTGCACATCACCA_013,1
TGACCAAGTGCACATCACCA_014,140
TGACCAAGTGCACATCACCA_015,30
TGACCAAGTGCACATCACCA_016,86
TGACCAAGTGCACATCACCA_017,84
TGACCAAGTGCACATCACCA_018,107
TGACCAAGTGCACATCACCA_019,47
TGACCAAGTGCACATCACCA_020,107
TGACCAAGTGCACATCACCA_021,1
TGACCAAGTGCACATCACCA_022,131
TGACCAAGTGCACATCACCA_023,195
TGACCAAGTGCACATCACCA_024,130
TGACCAAGTGCACATCACCA_025,16
TGACCAAGTGCACATCACCA_026,127
TGACCAAGTGCACATCACCA_027,152
TGACCAAGTGCACATCACCA_028,97
TGACCAAGTGCACATCACCA_029,97
TGACCAAGTGCACATCACCA_030,28
TGACCAAGTGCACATCACCA_031,173
ACTCTGAGGAATGTACGATG_001,157
ACTCTGAGGAATGTACGATG_002,189
ACTCTGAGGAATGTACGATG_003,54
ACTCTGAGGAATGTACGATG_004,102
ACTCTGAGGAATGTACGATG_005,18
ACTCTGAGGAATGTACGATG_006,143
ACTCTGAGGAATGTACGATG_007,146
ACTCTGAGGAATGTACGATG_008,125
GGCCTGTGGCACAGGCCTAG_001,106
GGCCTGTGGCACAGGCCTAG_002,9
GGCCTGTGGCACAGGCCTAG_003,50
GGCCTGTGGCACAGGCCTAG_004,20
GGCCTGTGGCACAGGCCTAG_005,110
GGCCTGTGGCACAGGCCTAG_006,8
GGCCTGTGGCACAGGCCTAG_007,195
ACTGCTAAACGTGATAACTG_001,7
ACTGCTAAACGTGATAACTG_002,188
ACTGCTAAACGTGATAACTG_003,138
ACTGCTAAACGTGATAACTG_004,49
ACTGCTAAACGTGATAACTG_005,160
ACTGCTAAACGTGATAACTG_006,142
ACTGCTAAACGTGATAACTG_007,15
ACTGCTAAACGTGATAACTG_008,174
ACTGCTAAACGTGATAACTG_009,197
ACTGCTAAACGTGATAACTG_010,94
ACTGCTAAACGTGATAACTG_011,63
ACTGCTAAACGTGATAACTG_012,165
CTGCACAGGTAAACCTCCAG_001,152
CTGCACAGGTAAACCTCCAG_002,76
CTGCACAGGTAAACCTCCAG_003,137
CTGCACAGGTAAACCTCCAG_004,57
CTGCACAGGTAAACCTCCAG_005,113
CTGCACAGGTAAACCTCCAG_006,113
CTGCACAGGTAAACCTCCAG_007,157
CTGCACAGGTAAACCTCCAG_008,76
CCTCGGTCCTAGCACCATCG_001,176
CCTCGGTCCTAGCACCATCG_002,50
CCTCGGTCCTAGCACCATCG_003,169
CCTCGGTCCTAGCACCATCG_004,105
CCTCGGTCCTAGCACCATCG_005,5
CCTCGGTCCTAGCACCATCG_006,142
CCTCGGTCCTAGCACCATCG_007,68
CCTCGGTCCTAGCACCATCG_008,147
CCTCGGTCCTAGCACCATCG_009,121
CCTCGGTCCTAGCACCATCG_010,94
CCTCGGTCCTAGCACCATCG_011,108
CCTCGGTCCTAGCACCATCG_012,74
CCTCGGTCCTAGCACCATCG_013,77
CCTCGGTCCTAGCACCATCG_014,138
CCTCGGTCCTAGCACCATCG_015,56
GTAGTGGTCAGTGCATATCG_001,119
GTAGTGGTCAGTGCATATCG_002,76
AACGCTGAGCTTATCCTGTG_001,12
AACGCTGAGCTTATCCTGTG_002,9
AACGCTGAGCTTATCCTGTG_003,86
AACGCTGAGCTTATCCTGTG_004,87
AACGCTGAGCTTATCCTGTG_005,87
AACGCTGAGCTTATCCTGTG_006,54
AACGCTGAGCTTATCCTGTG_007,87
AACGCTGAGCTTATCCTGTG_008,68
AACGCTGAGCTTATCCTGTG_009,85
AACGCTGAGCTTATCCTGTG_010,95
AACGCTGAGCTTATCCTGTG_011,81
GACATTGACAAGCAGTACGT_001,78
GACATTGACAAGCAGTACGT_002,94
GACATTGACAAGCAGTACGT_003,77
GACATTGACAAGCAGTACGT_004,81
GACATTGACAAGCAGTACGT_005,81
GACATTGACAAGCAGTACGT_006,160
GACATTGACAAGCAGTACGT_007,167
GACATTGACAAGCAGTACGT_008,133
GACATTGACAAGCAGTACGT_009,64
GACATTGACAAGCAGTACGT_010,83
GACATTGACAAGCAGTACGT_011,127
GACATTGACAAGCAGTACGT_012,106
GACATTGACAAGCAGTACGT_013,134
GACATTGACAAGCAGTACGT_014,127
TACAAACTGGCGATCCTACA_001,168
GCGAGGTTCACCACTCCTAG_001,14
GCGAGGTTCACCACTCCTAG_002,165
GCGAGGTTCACCACTCCTAG_003,69
GCGAGGTTCACCACTCCTAG_004,174
GCGAGGTTCACCACTCCTAG_005,115
GAACACAATGATCACGCTGG_001,109
TTAGATAACCAAATGAGAGA_001,98
TTAGATAACCAAATGAGAGA_002,142
TTAGATAACCAAATGAGAGA_003,138
TTAGATAACCAAATGAGAGA_004,56
CATGCAACTTCACAATATTG_001,106
CATGCAACTTCACAATATTG_002,75
CATGCAACTTCACAATATTG_003,8
ACGGCAGCTCGCCATCATCG_001,68
ACGGCAGCTCGCCATCATCG_002,121
ACGGCAGCTCGCCATCATCG_003,113
ACGGCAGCTCGCCATCATCG_004,110
ACGGCAGCTCGCCATCATCG_005,129
ACGGCAGCTCGCCATCATCG_006,137
ACGGCAGCTCGCCATCATCG_007,15
ACGGCAGCTCGCCATCATCG_008,111
ACGGCAGCTCGCCATCATCG_009,139
ACTAGCAGTTGTAACGTGAC_001,192
ACTAGCAGTTGTAACGTGAC_002,115
TGGGCGTGTTAACTACAGAG_001,169
TGGGCGTGTTAACTACAGAG_002,94
TGGGCGTGTTAACTACAGAG_003,82
ATTCTATGCCACATCCTCCG_001,41
ATTCTATGCCACATCCTCCG_002,12
ATTCTATGCCACATCCTCCG_003,145
ATTCTATGCCACATCCTCCG_004,37
CTGGTGAAGGTTTAGTACGG_001,89
CTGGTGAAGGTTTAGTACGG_002,36
CTGGTGAAGGTTTAGTACGG_003,11
CCAGTTCTTCAGACAAACAA_001,128
CCAGTTCTTCAGACAAACAA_002,191
CCAGTTCTTCAGACAAACAA_003,82
CCAGTTCTTCAGACAAACAA_004,69
CCAGTTCTTCAGACAAACAA_005,171
CCAGTTCTTCAGACAAACAA_006,58
CCAGTTCTTCAGACAAACAA_007,17
CCAGTTCTTCAGACAAACAA_008,145
CCAGTTCTTCAGACAAACAA_009,186
CCAGTTCTTCAGACAAACAA_010,28
TCCCTGGAGACATGTACGCG_001,137
TCCCTGGAGACATGTACGCG_002,137
TCCCTGGAGACATGTACGCG_003,183
TCCCTGGAGACATGTACGCG_004,0
GCACACTGTAGGTCTCGGAA_001,98
GCACACTGTAGGTCTCGGAA_002,150
GCACACTGTAGGTCTCGGAA_003,194
GCACACTGTAGGTCTCGGAA_004,15
GCACACTGTAGGTCTCGGAA_005,174
GCACACTGTAGGTCTCGGAA_006,158
GCACACTGTAGGTCTCGGAA_007,98
GCACACTGTAGGTCTCGGAA_008,76
GCACACTGTAGGTCTCGGAA_009,63
GCACACTGTAGGTCTCGGAA_010,197
GCACACTGTAGGTCTCGGAA_011,168
GCACACTGTAGGTCTCGGAA_012,192
ACAGTGACAGAACTTTGGAC_001,160
ACAGTGACAGAACTTTGGAC_002,17
ACAGTGACAGAACTTTGGAC_003,78
ACAGTGACAGAACTTTGGAC_004,132
ACAGTGACAGAACTTTGGAC_005,91
ACAGTGACAGAACTTTGGAC_006,135
ACAGTGACAGAACTTTGGAC_007,103
ACAGTGACAGAACTTTGGAC_008,144
ACAGTGACAGAACTTTGGAC_009,57
CTGGATCTATGTCGCAGCAG_001,83
CTGGATCTATGTCGCAGCAG_002,122
CTGGATCTATGTCGCAGCAG_003,41
ATAACGGGTAGGTCGTGGTG_001,127
ATAACGGGTAGGTCGTGGTG_002,141
ATAACGGGTAGGTCGTGGTG_003,183
ATAACGGGTAGGTCGTGGTG_004,160
ATAACGGGTAGGTCGTGGTG_005,41
ATAACGGGTAGGTCGTGGTG_006,198
ATAACGGGTAGGTCGTGGTG_007,82
ATAACGGGTAGGTCGTGGTG_008,150
ATAACGGGTAGGTCGTGGTG_009,171
ATAACGGGTAGGTCGTGGTG_010,154
ATAACGGGTAGGTCGTGGTG_011,159
ATAACGGGTAGGTCGTGGTG_012,49
ATAACGGGTAGGTCGTGGTG_013,0
ATAACGGGTAGGTCGTGGTG_014,94
ATAACGGGTAGGTCGTGGTG_015,41
GATGCCTGCTTGTACACCCA_001,127
GATGCCTGCTTGTACACCCA_002,128
GATGCCTGCTTGTACACCCA_003,79
GATGCCTGCTTGTACACCCA_004,66
GATGCCTGCTTGTACACCCA_005,110
GATGCCTGCTTGTACACCCA_006,182
GATGCCTGCTTGTACACCCA_007,81
GATGCCTGCTTGTACACCCA_008,158
GATGCCTGCTTGTACACCCA_009,184
GATGCCTGCTTGTACACCCA_010,77
GATGCCTGCTTGTACACCCA_011,133
GATGCCTGCTTGTACACCCA_012,91
GATGCCTGCTTGTACACCCA_013,80
GATGCCTGCTTGTACACCCA_014,104
GATGCCTGCTTGTACACCCA_015,197
GATGCCTGCTTGTACACCCA_016,172
GATGCCTGCTTGTACACCCA_017,8
GATGCCTGCTTGTACACCCA_018,121
GATGCCTGCTTGTACACCCA_019,153
GATGCCTGCTTGTACACCCA_020,98
CCAGAAGTTGACGTAGAATG_001,58
CCAGAAGTTGACGTAGAATG_002,176
CCAGAAGTTGACGTAGAATG_003,2
CCAGAAGTTGACGTAGAATG_004,62
CCAGAAGTTGACGTAGAATG_005,4
CCAGAAGTTGACGTAGAATG_006,97
CCAGAAGTTGACGTAGAATG_007,45
CCAGAAGTTGACGTAGAATG_008,107
CCAGAAGTTGACGTAGAATG_009,120
CCAGAAGTTGACGTAGAATG_010,6
CCAGAAGTTGACGTAGAATG_011,6
CCAGAAGTTGACGTAGAATG_012,14
CCGGGAACAGGACTTTATGG_001,166
CCGGGAACAGGACTTTATGG_002,124
CCGGGAACAGGACTTTATGG_003,170
CCGGGAACAGGACTTTATGG_004,146
CCGGGAACAGGACTTTATGG_005,191
CCGGGAACAGGACTTTATGG_006,121
CCGGGAACAGGACTTTATGG_007,199
TGCCATTAGGAAGTGTGTAA_001,6
TGCCATTAGGAAGTGTGTAA_002,32
TGCCATTAGGAAGTGTGTAA_003,159
TGCCATTAGGAAGTGTGTAA_004,25
TGCCATTAGGAAGTGTGTAA_005,122
TGCCATTAGGAAGTGTGTAA_006,28
TGCGCCCGTACCCACCGTCA_001,152
TGCGCCCGTACCCACCGTCA_002,150
TGCGCCCGTACCCACCGTCA_003,55
TGCGCCCGTACCCACCGTCA_004,113
TGCGCCCGTACCCACCGTCA_005,141
TGCGCCCGTACCCACCGTCA_006,24
TGCGCCCGTACCCACCGTCA_007,105
TGCGCCCGTACCCACCGTCA_008,158
TGCGCCCGTACCCACCGTCA_009,33
TGCGCCCGTACCCACCGTCA_010,99
TCAAATAGAAAAGTCACTGG_001,78
TCAAATAGAAAAGTCACTGG_002,52
TCAAATAGAAAAGTCACTGG_003,149
CAAAGTCAACATCACAACCA_001,127
CAAAGTCAACATCACAACCA_002,62
CAAAGTCAACATCACAACCA_003,194
CAAAGTCAACATCACAACCA_004,10
CAAAGTCAACATCACAACCA_005,17
CAAAGTCAACATCACAACCA_006,173
CAAAGTCAACATCACAACCA_007,126
CAAAGTCAACATCACAACCA_008,123
CAAAGTCAACATCACAACCA_009,90
GTTCATCGAGCACTCAGTAG_001,152
GTTCATCGAGCACTCAGTAG_002,26
GTTCATCGAGCACTCAGTAG_003,127
GTTCATCGAGCACTCAGTAG_004,130
GTTCATCGAGCACTCAGTAG_005,43
GTTCATCGAGCACTCAGTAG_006,65
GTTCATCGAGCACTCAGTAG_007,4
GTTCATCGAGCACTCAGTAG_008,160
GTTCATCGAGCACTCAGTAG_009,88
GTTCATCGAGCACTCAGTAG_010,57
GTTCATCGAGCACTCAGTAG_011,118
AGCAGCTGGAGGATGGACAC_001,69
AGCAGCTGGAGGATGGACAC_002,113
AGCAGCTGGAGGATGGACAC_003,115
AGCAGCTGGAGGATGGACAC_004,115
AGCAGCTGGAGGATGGACAC_005,96
AGCAGCTGGAGGATGGACAC_006,156
AGCAGCTGGAGGATGGACAC_007,75
AGCAGCTGGAGGATGGACAC_008,60
AGCAGCTGGAGGATGGACAC_009,43
AGCAGCTGGAGGATGGACAC_010,120
AGCAGCTGGAGGATGGACAC_011,177
AGCAGCTGGAGGATGGACAC_012,0
AGCAGCTGGAGGATGGACAC_013,136
AGCAGCTGGAGGATGGACAC_014,23
CAGGGCTCAGGGCACTTCGG_001,8
CAGGGCTCAGGGCACTTCGG_002,198
CAGGGCTCAGGGCACTTCGG_003,136
CAGGGCTCAGGGCACTTCGG_004,88
CAGGGCTCAGGGCACTTCGG_005,53
CAGGGCTCAGGGCACTTCGG_006,144
CAGGGCTCAGGGCACTTCGG_007,151
CAGGGCTCAGGGCACTTCGG_008,153
CAGGGCTCAGGGCACTTCGG_009,127
CAGGGCTCAGGGCACTTCGG_010,130
CAGGGCTCAGGGCACTTCGG_011,63
CAGGGCTCAGGGCACTTCGG_012,175
ATTGGATAGTCCCATCTCAG_001,188
ATTGGATAGTCCCATCTCAG_002,73
ATTGGATAGTCCCATCTCAG_003,161
ATTGGATAGTCCCATCTCAG_004,41
CTCTTGGTCTTACCTCAACG_001,5
CTCTTGGTCTTACCTCAACG_002,104
GCACGACTGAATATGGCTTG_001,178
GCACGACTGAATATGGCTTG_002,36
GCACGACTGAATATGGCTTG_003,12
GCACGACTGAATATGGCTTG_004,43
GCACGACTGAATATGGCTTG_005,197
CCACCACCTCTACTTCGCAG_001,147
CCACCACCTCTACTTCGCAG_002,110
CCACCACCTCTACTTCGCAG_003,137
CCACCACCTCTACTTCGCAG_004,0
CCACCACCTCTACTTCGCAG_005,180
TGACCTCCGAAGGAAAGAAG_001,0
TGACCTCCGAAGGAAAGAAG_002,50
TGACCTCCGAAGGAAAGAAG_003,157
TGACCTCCGAAGGAAAGAAG_004,155
TGACCTCCGAAGGAAAGAAG_005,133
TGACCTCCGAAGGAAAGAAG_006,199
TGACCTCCGAAGGAAAGAAG_007,112
TGACCTCCGAAGGAAAGAAG_008,26
TGACCTCCGAAGGAAAGAAG_009,121
TGACCTCCGAAGGAAAGAAG_010,94
TGACCTCCGAAGGAAAGAAG_011,139
TGACCTCCGAAGGAAAGAAG_012,143
TGACCTCCGAAGGAAAGAAG_013,17
AGCCCCCATACCGCTTGGCG_001,96
AGCCCCCATACCGCTTGGCG_002,150
AGCCCCCATACCGCTTGGCG_003,198
AGCCCCCATACCGCTTGGCG_004,148
AGCCCCCATACCGCTTGGCG_005,155
AGCCCCCATACCGCTTGGCG_006,58
AGCCCCCATACCGCTTGGCG_007,140
AGCCCCCATACCGCTTGGCG_008,93
AGCCCCCATACCGCTTGGCG_009,88
AGCCCCCATACCGCTTGGCG_010,35
AGCCCCCATACCGCTTGGCG_011,147
AGCCCCCATACCGCTTGGCG_012,163
AGCCCCCATACCGCTTGGCG_013,12
AGCCCCCATACCGCTTGGCG_014,138
AGCCCCCATACCGCTTGGCG_015,77
AGCCCCCATACCGCTTGGCG_016,10
AGCCCCCATACCGCTTGGCG_017,152
AGCCCCCATACCGCTTGGCG_018,152
CCTGTGTTTACAGATCGCTG_001,35
CCTGTGTTTACAGATCGCTG_002,141
CCTGTGTTTACAGATCGCTG_003,51
CCTGTGTTTACAGATCGCTG_004,54
CAAGAACAAACCATTTGGGG_001,153
CAAGAACAAACCATTTGGGG_002,126
CATGGTGTTTGCATGCCCCG_001,12
CATGGTGTTTGCATGCCCCG_002,78
CATGGTGTTTGCATGCCCCG_003,113
CATGGTGTTTGCATGCCCCG_004,11
CATGGTGTTTGCATGCCCCG_005,48
CATGGTGTTTGCATGCCCCG_006,149
CATGGTGTTTGCATGCCCCG_007,19
CATGGTGTTTGCATGCCCCG_008,61
CATGGTGTTTGCATGCCCCG_009,9
CATGGTGTTTGCATGCCCCG_010,149
CATGGTGTTTGCATGCCCCG_011,58
CATGGTGTTTGCATGCCCCG_012,169
CATGGTGTTTGCATGCCCCG_013,62
CATGGTGTTTGCATGCCCCG_014,48
CATGGTGTTTGCATGCCCCG_015,12
CATGGTGTTTGCATGCCCCG_016,148
CCTGGTTTCCTAGGCTAGTG_001,41
CCTGGTTTCCTAGGCTAGTG_002,98
CCTGGTTTCCTAGGCTAGTG_003,146
CCTGGTTTCCTAGGCTAGTG_004,199
CCTGGTTTCCTAGGCTAGTG_005,174
CCTGGTTTCCTAGGCTAGTG_006,31
CCTGGTTTCCTAGGCTAGTG_007,21
CCTGGTTTCCTAGGCTAGTG_008,159
CCTGGTTTCCTAGGCTAGTG_009,119
CCTGGTTTCCTAGGCTAGTG_010,124
CGTCCAACTCGGGGGCCTGG_001,170
CGTCCAACTCGGGGGCCTGG_002,50
CGTCCAACTCGGGGGCCTGG_003,141
CGTCCAACTCGGGGGCCTGG_004,34
CGTCCAACTCGGGGGCCTGG_005,185
CGTCCAACTCGGGGGCCTGG_006,82
GAGCATATCGATTTGTGCAA_001,109
GAGCATATCGATTTGTGCAA_002,170
GAGCATATCGATTTGTGCAA_003,50
GAGCATATCGATTTGTGCAA_004,177
GAGCATATCGATTTGTGCAA_005,199
GAGCATATCGATTTGTGCAA_006,106
GAGCATATCGATTTGTGCAA_007,190
GAGCATATCGATTTGTGCAA_008,16
GAGCATATCGATTTGTGCAA_009,129
GAGCATATCGATTTGTGCAA_010,182
GAGCATATCGATTTGTGCAA_011,134
GAGCATATCGATTTGTGCAA_012,105
GAGCATATCGATTTGTGCAA_013,8
GAGCATATCGATTTGTGCAA_014,78
GAGCATATCGATTTGTGCAA_015,198
GCTGTAAAGCTCATTGACAA_001,121
GCTGTAAAGCTCATTGACAA_002,151
GCTGTAAAGCTCATTGACAA_003,49
TCGCCGGGCTCACGTAGTCA_001,156
TCGCCGGGCTCACGTAGTCA_002,70
TCGCCGGGCTCACGTAGTCA_003,123
TCGCCGGGCTCACGTAGTCA_004,169
TCGCCGGGCTCACGTAGTCA_005,140
TCGCCGGGCTCACGTAGTCA_006,194
TCGCCGGGCTCACGTAGTCA_007,94
TCGCCGGGCTCACGTAGTCA_008,12
TCGCCGGGCTCACGTAGTCA_009,136
AGCATCAAGGCCCGCGACGT_001,149
AGCATCAAGGCCCGCGACGT_002,181
AGCATCAAGGCCCGCGACGT_003,177
AGCATCAAGGCCCGCGACGT_004,130
AGCATCAAGGCCCGCGACGT_005,144
AGCATCAAGGCCCGCGACGT_006,129
AGCATCAAGGCCCGCGACGT_007,20
AGCATCAAGGCCCGCGACGT_008,188
AGCATCAAGGCCCGCGACGT_009,48
AGCATCAAGGCCCGCGACGT_010,86
AGCATCAAGGCCCGCGACGT_011,86
AGCATCAAGGCCCGCGACGT_012,16
AGCATCAAGGCCCGCGACGT_013,141
AGCATCAAGGCCCGCGACGT_014,67
AGCATCAAGGCCCGCGACGT_015,170
AGCATCAAGGCCCGCGACGT_016,112
AGCATCAAGGCCCGCGACGT_017,144
AGCATCAAGGCCCGCGACGT_018,15
AGCATCAAGGCCCGCGACGT_019,26
AGCATCAAGGCCCGCGACGT_020,8
AGCATCAAGGCCCGCGACGT_021,185
AGCATCAAGGCCCGCGACGT_022,117
AGCATCAAGGCCCGCGACGT_023,48
AGCATCAAGGCCCGCGACGT_024,174
AGCATCAAGGCCCGCGACGT_025,86
AGCATCAAGGCCCGCGACGT_026,79
AGCATCAAGGCCCGCGACGT_027,112
AGCATCAAGGCCCGCGACGT_028,12
AGCATCAAGGCCCGCGACGT_029,85
AGCATCAAGGCCCGCGACGT_030,82
AGCATCAAGGCCCGCGACGT_031,40
AGCATCAAGGCCCGCGACGT_032,109
AGCATCAAGGCCCGCGACGT_033,42
AGCATCAAGGCCCGCGACGT_034,84
AGCATCAAGGCCCGCGACGT_035,27
AGCATCAAGGCCCGCGACGT_036,185
AGCATCAAGGCCCGCGACGT_037,171
AGCATCAAGGCCCGCGACGT_038,27
AGCATCAAGGCCCGCGACGT_039,100
AGCATCAAGGCCCGCGACGT_040,80
AGCATCAAGGCCCGCGACGT_041,131
AGCATCAAGGCCCGCGACGT_042,121
AGGGCATCGACATCTCAATG_001,96
AGGGCATCGACATCTCAATG_002,65
AGGGCATCGACATCTCAATG_003,196
AGGGCATCGACATCTCAATG_004,85
AGGGCATCGACATCTCAATG_005,29
AGGGCATCGACATCTCAATG_006,170
AGGGCATCGACATCTCAATG_007,80
AGGGCATCGACATCTCAATG_008,65
AGGGCATCGACATCTCAATG_009,170
AGGGCATCGACATCTCAATG_010,44
AGGGCATCGACATCTCAATG_011,3
AGGGCATCGACATCTCAATG_012,63
AGGGCATCGACATCTCAATG_013,60
AGGGCATCGACATCTCAATG_014,76
AGGGCATCGACATCTCAATG_015,42
AGGGCATCGACATCTCAATG_016,42
AACTGGGATTGACCCAACTC_001,55
AACTGGGATTGACCCAACTC_002,26
AACTGGGATTGACCCAACTC_003,43
AACTGGGATTGACCCAACTC_004,5
AACTGGGATTGACCCAACTC_005,199
AACTGGGATTGACCCAACTC_006,194
AACTGGGATTGACCCAACTC_007,49
AACTGGGATTGACCCAACTC_008,144
AACTGGGATTGACCCAACTC_009,19
AACTGGGATTGACCCAACTC_010,58
AACTGGGATTGACCCAACTC_011,81
AACTGGGATTGACCCAACTC_012,40
AACTGGGATTGACCCAACTC_013,103
AACTGGGATTGACCCAACTC_014,2
AACTGGGATTGACCCAACTC_015,60
AACTGGGATTGACCCAACTC_016,177
ACCGTAGCTAAACCCAGCTG_001,47
ACCGTAGCTAAACCCAGCTG_002,25
ACCGTAGCTAAACCCAGCTG_003,64
ACCGTAGCTAAACCCAGCTG_004,185
ACCGTAGCTAAACCCAGCTG_005,186
ACCGTAGCTAAACCCAGCTG_006,175
ACCGTAGCTAAACCCAGCTG_007,12
ACCGTAGCTAAACCCAGCTG_008,174
AGTCTCTGCCTTTAATGTCA_001,168
AGTCTCTGCCTTTAATGTCA_002,149
AGTCTCTGCCTTTAATGTCA_003,48
AGTCTCTGCCTTTAATGTCA_004,105
AGTCTCTGCCTTTAATGTCA_005,76
AGTCTCTGCCTTTAATGTCA_006,58
AGTCTCTGCCTTTAATGTCA_007,107
AGTCTCTGCCTTTAATGTCA_008,163
AGTCTCTGCCTTTAATGTCA_009,144
AGTCTCTGCCTTTAATGTCA_010,188
AGTCTCTGCCTTTAATGTCA_011,103
AGTCTCTGCCTTTAATGTCA_012,154
AGTCTCTGCCTTTAATGTCA_013,119
AGTCTCTGCCTTTAATGTCA_014,63
AGTCTCTGCCTTTAATGTCA_015,48
AGTCTCTGCCTTTAATGTCA_016,180
AGTCTCTGCCTTTAATGTCA_017,119
CCAGGATGATCGTCCCGGTG_001,109
CCAGGATGATCGTCCCGGTG_002,70
CCAGGATGATCGTCCCGGTG_003,48
CCAGGATGATCGTCCCGGTG_004,175
CCAGGATGATCGTCCCGGTG_005,42
CAAGGTCTTTGACTTAACAC_001,44
CAAGGTCTTTGACTTAACAC_002,88
CAAGGTCTTTGACTTAACAC_003,174
CAAGGTCTTTGACTTAACAC_004,184
CAAGGTCTTTGACTTAACAC_005,163
CAAGGTCTTTGACTTAACAC_006,39
CGCTGCGAACCTAAAGAGCA_001,68
CGCTGCGAACCTAAAGAGCA_002,184
CGCTGCGAACCTAAAGAGCA_003,184
GAATGCAGAGATACACAATG_001,15
GAATGCAGAGATACACAATG_002,130
GAATGCAGAGATACACAATG_003,93
GAATGCAGAGATACACAATG_004,144
GAATGCAGAGATACACAATG_005,33
GAATGCAGAGATACACAATG_006,23
GAATGCAGAGATACACAATG_007,48
GAATGCAGAGATACACAATG_008,122
GAATGCAGAGATACACAATG_009,81
AGAGGGATTGGGAGCTTGAC_001,118
AGAGGGATTGGGAGCTTGAC_002,84
AGAGGGATTGGGAGCTTGAC_003,49
AGAGGGATTGGGAGCTTGAC_004,74
AGAGGGATTGGGAGCTTGAC_005,15
AGAGGGATTGGGAGCTTGAC_006,2
AGAGGGATTGGGAGCTTGAC_007,150
AGAGGGATTGGGAGCTTGAC_008,158
AGAGGGATTGGGAGCTTGAC_009,189
AGAGGGATTGGGAGCTTGAC_010,102
AGAGGGATTGGGAGCTTGAC_011,83
AGAGGGATTGGGAGCTTGAC_012,162
AGAGGGATTGGGAGCTTGAC_013,188
AGAGGGATTGGGAGCTTGAC_014,172
AGAGGGATTGGGAGCTTGAC_015,70
AGAGGGATTGGGAGCTTGAC_016,157
AGAGGGATTGGGAGCTTGAC_017,103
AGAGGGATTGGGAGCTTGAC_018,4
AGAGGGATTGGGAGCTTGAC_019,138
AGAGGGATTGGGAGCTTGAC_020,138
AGAGGGATTGGGAGCTTGAC_021,15
CACCAACACTGACATCCTCG_001,69
CACCAACACTGACATCCTCG_002,93
CACCAACACTGACATCCTCG_003,0
AGTTCTGTTCGATAGATGCC_001,91
AGTTCTGTTCGATAGATGCC_002,173
AGTTCTGTTCGATAGATGCC_003,168
AGTTCTGTTCGATAGATGCC_004,138
AGTTCTGTTCGATAGATGCC_005,15
AGTTCTGTTCGATAGATGCC_006,102
AGTTCTGTTCGATAGATGCC_007,132
AGTTCTGTTCGATAGATGCC_008,128
AGTTCTGTTCGATAGATGCC_009,58
AGTTCTGTTCGATAGATGCC_010,43
AGTTCTGTTCGATAGATGCC_011,35
AGTTCTGTTCGATAGATGCC_012,151
AGTTCTGTTCGATAGATGCC_013,16
AGTTCTGTTCGATAGATGCC_014,78
AGTTCTGTTCGATAGATGCC_015,157
GGCTGACCACACTAGCACCG_001,36
GGCTGACCACACTAGCACCG_002,101
GGCTGACCACACTAGCACCG_003,163
GGCTGACCACACTAGCACCG_004,148
GGCTGACCACACTAGCACCG_005,12
GGCTGACCACACTAGCACCG_006,199
GGCTGACCACACTAGCACCG_007,94
GGCTGACCACACTAGCACCG_008,184
CCTGTACATCTGGACGTTTG_001,39
CCTGTACATCTGGACGTTTG_002,49
CCTGTACATCTGGACGTTTG_003,161
CCTGTACATCTGGACGTTTG_004,145
CCTGTACATCTGGACGTTTG_005,169
CCTGTACATCTGGACGTTTG_006,74
CCTGTACATCTGGACGTTTG_007,94
CCTGTACATCTGGACGTTTG_008,9
GTAGCGGCCACGAGTTGTTG_001,157
GTAGCGGCCACGAGTTGTTG_002,176
GTAGCGGCCACGAGTTGTTG_003,172
GTAGCGGCCACGAGTTGTTG_004,169
GTAGCGGCCACGAGTTGTTG_005,126
GTAGCGGCCACGAGTTGTTG_006,19
GTAGCGGCCACGAGTTGTTG_007,106
GTAGCGGCCACGAGTTGTTG_008,165
GTAGCGGCCACGAGTTGTTG_009,15
GTAGCGGCCACGAGTTGTTG_010,75
GTAGCGGCCACGAGTTGTTG_011,50
GTAGCGGCCACGAGTTGTTG_012,104
GTAGCGGCCACGAGTTGTTG_013,9
GTAGCGGCCACGAGTTGTTG_014,72
GTAGCGGCCACGAGTTGTTG_015,162
GTAGCGGCCACGAGTTGTTG_016,58
GTAGCGGCCACGAGTTGTTG_017,192
GTAGCGGCCACGAGTTGTTG_018,74
GTAGCGGCCACGAGTTGTTG_019,17
GTAGCGGCCACGAGTTGTTG_020,84
GTAGCGGCCACGAGTTGTTG_021,92
GTAGCGGCCACGAGTTGTTG_022,177
GTAGCGGCCACGAGTTGTTG_023,137
GTAGCGGCCACGAGTTGTTG_024,147
GTAGCGGCCACGAGTTGTTG_025,94
GTAGCGGCCACGAGTTGTTG_026,82
GTAGCGGCCACGAGTTGTTG_027,50
GTAGCGGCCACGAGTTGTTG_028,62
GTAGCGGCCACGAGTTGTTG_029,124
GTAGCGGCCACGAGTTGTTG_030,172
GTAGCGGCCACGAGTTGTTG_031,188
GTTCGTAATAGCGTCCAGGG_001,49
GTTCGTAATAGCGTCCAGGG_002,194
GTTCGTAATAGCGTCCAGGG_003,53
GTTCGTAATAGCGTCCAGGG_004,141
GTTCGTAATAGCGTCCAGGG_005,141
GTTCGTAATAGCGTCCAGGG_006,153
GTTCGTAATAGCGTCCAGGG_007,86
GTTCGTAATAGCGTCCAGGG_008,194
GTTCGTAATAGCGTCCAGGG_009,61
GTTCGTAATAGCGTCCAGGG_010,19
CAGCTGGGACGGCAGCAGGT_001,112
CAGCTGGGACGGCAGCAGGT_002,24
CAGCTGGGACGGCAGCAGGT_003,118
CAGCTGGGACGGCAGCAGGT_004,68
CAGCTGGGACGGCAGCAGGT_005,5
CAGCTGGGACGGCAGCAGGT_006,75
CAGCTGGGACGGCAGCAGGT_007,30
CAGCTGGGACGGCAGCAGGT_008,101
GTTCTGTCATGACTCTGTTG_001,10
GTTCTGTCATGACTCTGTTG_002,54
GTTCTGTCATGACTCTGTTG_003,56
GTTACCGTAGTCCTTAGGGA_001,118
GTTACCGTAGTCCTTAGGGA_002,166
GTTACCGTAGTCCTTAGGGA_003,72
GTTACCGTAGTCCTTAGGGA_004,105
GTTACCGTAGTCCTTAGGGA_005,156
GTTACCGTAGTCCTTAGGGA_006,138
GTTACCGTAGTCCTTAGGGA_007,132
GTTACCGTAGTCCTTAGGGA_008,126
GTTACCGTAGTCCTTAGGGA_009,91
GTTACCGTAGTCCTTAGGGA_010,62
GTTACCGTAGTCCTTAGGGA_011,98
TACACAAATGCTCGAATTGG_001,188
TACACAAATGCTCGAATTGG_002,158
TGAGCAAGACCTCGACAAAG_001,43
TGAGCAAGACCTCGACAAAG_002,79
TGAGCAAGACCTCGACAAAG_003,142
GCCCTCCATGTACTGGCGAT_001,113
GCCCTCCATGTACTGGCGAT_002,29
GCCCTCCATGTACTGGCGAT_003,12
GCCCTCCATGTACTGGCGAT_004,6
CTGCGTCATGCAGCCAGCAA_001,166
CTGCGTCATGCAGCCAGCAA_002,138
CTGCGTCATGCAGCCAGCAA_003,48
CTGCGTCATGCAGCCAGCAA_004,87
CTGCGTCATGCAGCCAGCAA_005,102
CTGCGTCATGCAGCCAGCAA_006,139
CTGCGTCATGCAGCCAGCAA_007,67
CTGCGTCATGCAGCCAGCAA_008,120
CTGCGTCATGCAGCCAGCAA_009,183
CTGCGTCATGCAGCCAGCAA_010,174
CTGCGTCATGCAGCCAGCAA_011,55
CTGCGTCATGCAGCCAGCAA_012,103
CTGCGTCATGCAGCCAGCAA_013,1
CTGCGTCATGCAGCCAGCAA_014,132
CTGCGTCATGCAGCCAGCAA_015,58
CTGCGTCATGCAGCCAGCAA_016,31
CTGCGTCATGCAGCCAGCAA_017,43
ATCATCGGACGCCCCAAAGG_001,9
ATCATCGGACGCCCCAAAGG_002,53
ATCATCGGACGCCCCAAAGG_003,188
ATCATCGGACGCCCCAAAGG_004,130
ATCATCGGACGCCCCAAAGG_005,150
ATCATCGGACGCCCCAAAGG_006,155
ATCATCGGACGCCCCAAAGG_007,155
ATCATCGGACGCCCCAAAGG_008,97
ATCATCGGACGCCCCAAAGG_009,70
ATCATCGGACGCCCCAAAGG_010,141
ATCATCGGACGCCCCAAAGG_011,161
ATCATCGGACGCCCCAAAGG_012,161
ATCATCGGACGCCCCAAAGG_013,116
ATCATCGGACGCCCCAAAGG_014,197
ATCATCGGACGCCCCAAAGG_015,6
ATCATCGGACGCCCCAAAGG_016,162
ATCATCGGACGCCCCAAAGG_017,97
ATCATCGGACGCCCCAAAGG_018,150
ATCATCGGACGCCCCAAAGG_019,162
ATCATCGGACGCCCCAAAGG_020,129
ATCATCGGACGCCCCAAAGG_021,15
ATCATCGGACGCCCCAAAGG_022,177
ATCATCGGACGCCCCAAAGG_023,10
ATCATCGGACGCCCCAAAGG_024,47
ATCATCGGACGCCCCAAAGG_025,127
ATCATCGGACGCCCCAAAGG_026,169
TACCTGCTATGATGCATGCA_001,156
TACCTGCTATGATGCATGCA_002,188
TACCTGCTATGATGCATGCA_003,137
TACCTGCTATGATGCATGCA_004,156
TACCTGCTATGATGCATGCA_005,92
TACCTGCTATGATGCATGCA_006,0
TACCTGCTATGATGCATGCA_007,77
TACCTGCTATGATGCATGCA_008,171
TACCTGCTATGATGCATGCA_009,179
GAACTCTCAACAATTGTCAT_001,5
GAACTCTCAACAATTGTCAT_002,121
GAACTCTCAACAATTGTCAT_003,174
GAACTCTCAACAATTGTCAT_004,167
GAACTCTCAACAATTGTCAT_005,193
GAACTCTCAACAATTGTCAT_006,42
GAACTCTCAACAATTGTCAT_007,147
GAACTCTCAACAATTGTCAT_008,88
GAACTCTCAACAATTGTCAT_009,193
CCTCCAAGCAATGATATCCA_001,68
CCTCCAAGCAATGATATCCA_002,195
CCTCCAAGCAATGATATCCA_003,15
CCTCCAAGCAATGATATCCA_004,83
CCTCCAAGCAATGATATCCA_005,43
CCTCCAAGCAATGATATCCA_006,52
CCTCCAAGCAATGATATCCA_007,193
CCTCCAAGCAATGATATCCA_008,169
CCTCCAAGCAATGATATCCA_009,109
CCTCCAAGCAATGATATCCA_010,105
CCTCCAAGCAATGATATCCA_011,69
CCTCCAAGCAATGATATCCA_012,29
CCTCCAAGCAATGATATCCA_013,178
CCCTACAAATATGAAGAATG_001,58
CCCTACAAATATGAAGAATG_002,12
AGAACTCGGAGTAGTCAAGG_001,179
AGAACTCGGAGTAGTCAAGG_002,160
AGAACTCGGAGTAGTCAAGG_003,135
AGAACTCGGAGTAGTCAAGG_004,166
AGAACTCGGAGTAGTCAAGG_005,62
AGAACTCGGAGTAGTCAAGG_006,191
AGAACTCGGAGTAGTCAAGG_007,68
GCTCATACAAGGTTTCACTG_001,176
GCTCATACAAGGTTTCACTG_002,43
GCTCATACAAGGTTTCACTG_003,127
GCTCATACAAGGTTTCACTG_004,9
GCTCATACAAGGTTTCACTG_005,62
GCTCATACAAGGTTTCACTG_006,61
GCTCATACAAGGTTTCACTG_007,76
GCTCATACAAGGTTTCACTG_008,93
GCTCATACAAGGTTTCACTG_009,67
GCTCATACAAGGTTTCACTG_010,26
GCTCATACAAGGTTTCACTG_011,5
GCTCATACAAGGTTTCACTG_012,6
GCTCATACAAGGTTTCACTG_013,40
GCTCATACAAGGTTTCACTG_014,113
GCTCATACAAGGTTTCACTG_015,10
GCTCATACAAGGTTTCACTG_016,4
GCTCATACAAGGTTTCACTG_017,146
GCTCATACAAGGTTTCACTG_018,70
GCTCATACAAGGTTTCACTG_019,29
GCTCATACAAGGTTTCACTG_020,57
TATAGGGTGATCACGCGCCG_001,166
TATAGGGTGATCACGCGCCG_002,138
TATAGGGTGATCACGCGCCG_003,181
TATAGGGTGATCACGCGCCG_004,192
TATAGGGTGATCACGCGCCG_005,23
TGCCCTCTATGGGACTGACC_001,172
TGCCCTCTATGGGACTGACC_002,47
TGCCCTCTATGGGACTGACC_003,141
TGCCCTCTATGGGACTGACC_004,17
TGCCCTCTATGGGACTGACC_005,150
TGCCCTCTATGGGACTGACC_006,160
TGCCCTCTATGGGACTGACC_007,86
TGCCCTCTATGGGACTGACC_008,183
TGCCCTCTATGGGACTGACC_009,108
TGCCCTCTATGGGACTGACC_010,60
TGCCCTCTATGGGACTGACC_011,42
CGTACGGCTTGGACTCGTGG_001,170
CGTACGGCTTGGACTCGTGG_002,117
CGTACGGCTTGGACTCGTGG_003,27
CGTACGGCTTGGACTCGTGG_004,132
CGTACGGCTTGGACTCGTGG_005,34
CGTACGGCTTGGACTCGTGG_006,43
CGTACGGCTTGGACTCGTGG_007,94
CGTACGGCTTGGACTCGTGG_008,193
CGTACGGCTTGGACTCGTGG_009,34
CGTACGGCTTGGACTCGTGG_010,103
CGTACGGCTTGGACTCGTGG_011,2
CGTACGGCTTGGACTCGTGG_012,163
CGTACGGCTTGGACTCGTGG_013,166
CGTACGGCTTGGACTCGTGG_014,57
CGTACGGCTTGGACTCGTGG_015,52
CGTACGGCTTGGACTCGTGG_016,34
CGTACGGCTTGGACTCGTGG_017,1
CGTACGGCTTGGACTCGTGG_018,16
CGTACGGCTTGGACTCGTGG_019,120
CGTACGGCTTGGACTCGTGG_020,11
CGTACGGCTTGGACTCGTGG_021,105
TTAATGGCTGAAAGAGTCCG_001,102
TTAATGGCTGAAAGAGTCCG_002,158
TTAATGGCTGAAAGAGTCCG_003,162
TTAATGGCTGAAAGAGTCCG_004,15
TTAATGGCTGAAAGAGTCCG_005,145
TTAATGGCTGAAAGAGTCCG_006,48
TTAATGGCTGAAAGAGTCCG_007,74
TGGCCGTCAAGTCAGAACCA_001,9
TGGCCGTCAAGTCAGAACCA_002,119
TGGCCGTCAAGTCAGAACCA_003,146
TGGCCGTCAAGTCAGAACCA_004,29
TGGCCGTCAAGTCAGAACCA_005,42
TGGCCGTCAAGTCAGAACCA_006,146
TGGCCGTCAAGTCAGAACCA_007,172
TGGCCGTCAAGTCAGAACCA_008,48
TGGCCGTCAAGTCAGAACCA_009,64
TGGCCGTCAAGTCAGAACCA_010,121
TGGCCGTCAAGTCAGAACCA_011,119
TGGCCGTCAAGTCAGAACCA_012,4
TGGCCGTCAAGTCAGAACCA_013,127
TGGCCGTCAAGTCAGAACCA_014,176
TGGCCGTCAAGTCAGAACCA_015,134
TGGCCGTCAAGTCAGAACCA_016,116
TGGCCGTCAAGTCAGAACCA_017,16
TGGCCGTCAAGTCAGAACCA_018,79
TGGCCGTCAAGTCAGAACCA_019,106
TGGCCGTCAAGTCAGAACCA_020,82
TGGCCGTCAAGTCAGAACCA_021,130
TGGCCGTCAAGTCAGAACCA_022,102
TGGCCGTCAAGTCAGAACCA_023,37
TGGCCGTCAAGTCAGAACCA_024,37
TGGCCGTCAAGTCAGAACCA_025,24
CTGCGAGGTGATGTTCACAG_001,121
CTGCGAGGTGATGTTCACAG_002,145
CTGCGAGGTGATGTTCACAG_003,168
CTGCGAGGTGATGTTCACAG_004,184
CTGCGAGGTGATGTTCACAG_005,78
CTGCGAGGTGATGTTCACAG_006,135
CTGCGAGGTGATGTTCACAG_007,38
CTGCGAGGTGATGTTCACAG_008,145
CTGCGAGGTGATGTTCACAG_009,45
CTGCGAGGTGATGTTCACAG_010,106
TTGTTCGGAAACATCCCGGG_001,162
TTGTTCGGAAACATCCCGGG_002,27
TTGTTCGGAAACATCCCGGG_003,151
TTGTTCGGAAACATCCCGGG_004,45
TTGTTCGGAAACATCCCGGG_005,20
TTGTTCGGAAACATCCCGGG_006,185
TTGTTCGGAAACATCCCGGG_007,140
TTGTTCGGAAACATCCCGGG_008,80
TTGTTCGGAAACATCCCGGG_009,106
TTGTTCGGAAACATCCCGGG_010,129
TTGTTCGGAAACATCCCGGG_011,9
TTGTTCGGAAACATCCCGGG_012,7
TTGTTCGGAAACATCCCGGG_013,83
CGGAACCGACGGCCGCGCCG_001,120
CGGAACCGACGGCCGCGCCG_002,160
CGGAACCGACGGCCGCGCCG_003,11
CGGAACCGACGGCCGCGCCG_004,169
CGGAACCGACGGCCGCGCCG_005,170
CGGAACCGACGGCCGCGCCG_006,79
CGGAACCGACGGCCGCGCCG_007,172
CGGAACCGACGGCCGCGCCG_008,3
CGAAACCTTCTACCTCACGG_001,149
CGAAACCTTCTACCTCACGG_002,181
CGAAACCTTCTACCTCACGG_003,169
CGAAACCTTCTACCTCACGG_004,41
CGAAACCTTCTACCTCACGG_005,0
CGAAACCTTCTACCTCACGG_006,160
CGAAACCTTCTACCTCACGG_007,94
CGAAACCTTCTACCTCACGG_008,79
CGAAACCTTCTACCTCACGG_009,115
CGAAACCTTCTACCTCACGG_010,49
TTGATGGACGCAATCCAGTG_001,166
TTGATGGACGCAATCCAGTG_002,58
TTGATGGACGCAATCCAGTG_003,112
TTGATGGACGCAATCCAGTG_004,112
TTGATGGACGCAATCCAGTG_005,59
TTGATGGACGCAATCCAGTG_006,162
TTGATGGACGCAATCCAGTG_007,194
TTGATGGACGCAATCCAGTG_008,121
TTGATGGACGCAATCCAGTG_009,63
TTGATGGACGCAATCCAGTG_010,184
TTGATGGACGCAATCCAGTG_011,8
TTGATGGACGCAATCCAGTG_012,77
TTGATGGACGCAATCCAGTG_013,10
TTGATGGACGCAATCCAGTG_014,144
TTGATGGACGCAATCCAGTG_015,126
GTGTACGGCACCCTGAAGCG_001,62
GTGTACGGCACCCTGAAGCG_002,98
GTGTACGGCACCCTGAAGCG_003,191
GTGTACGGCACCCTGAAGCG_004,23
GTGTACGGCACCCTGAAGCG_005,178
GTGTACGGCACCCTGAAGCG_006,72
GAATAGCAAGCCAAGTCTCA_001,134
GAATAGCAAGCCAAGTCTCA_002,81
GAATAGCAAGCCAAGTCTCA_003,102
GACCGAGTCACCATACCCCG_001,155
GACCGAGTCACCATACCCCG_002,136
GACCGAGTCACCATACCCCG_003,149
GGCTGACACTCCTCTAACTG_001,167
GGCTGACACTCCTCTAACTG_002,92
GGCTGACACTCCTCTAACTG_003,124
GGCTGACACTCCTCTAACTG_004,144
GGCTGACACTCCTCTAACTG_005,70
GCGGGAACAGAGTGACAGTG_001,12
GCGGGAACAGAGTGACAGTG_002,94
GCGGGAACAGAGTGACAGTG_003,117
GCGGGAACAGAGTGACAGTG_004,7
GCGGGAACAGAGTGACAGTG_005,19
GCGGGAACAGAGTGACAGTG_006,55
GCGGGAACAGAGTGACAGTG_007,135
GCGGGAACAGAGTGACAGTG_008,70
TTTCACAAATGGCATCATTG_001,190
TTTCACAAATGGCATCATTG_002,88
TTTCACAAATGGCATCATTG_003,150
TTTCACAAATGGCATCATTG_004,76
TTTCACAAATGGCATCATTG_005,166
TTTCACAAATGGCATCATTG_006,102
TTTCACAAATGGCATCATTG_007,72
TTTCACAAATGGCATCATTG_008,43
GAAACGGTGAAACGAAAACT_001,145
GAAACGGTGAAACGAAAACT_002,76
GAAACGGTGAAACGAAAACT_003,72
GAAACGGTGAAACGAAAACT_004,33
AAGGACAGATTCCTGGTCCT_001,84
AAGGACAGATTCCTGGTCCT_002,106
AAGGACAGATTCCTGGTCCT_003,81
AAGGACAGATTCCTGGTCCT_004,40
AAGGACAGATTCCTGGTCCT_005,2
AAGGACAGATTCCTGGTCCT_006,141
AAGGACAGATTCCTGGTCCT_007,198
AAGGACAGATTCCTGGTCCT_008,150
AAGGACAGATTCCTGGTCCT_009,63
AAGGACAGATTCCTGGTCCT_010,175
GAAAGGGAATAGATCAAGAG_001,19
GAAAGGGAATAGATCAAGAG_002,117
GAAAGGGAATAGATCAAGAG_003,182
GAAAGGGAATAGATCAAGAG_004,22
GAAAGGGAATAGATCAAGAG_005,115
CCGGATCCCATAAACACTGT_001,70
CCGGATCCCATAAACACTGT_002,11
CCGGATCCCATAAACACTGT_003,67
CCGGATCCCATAAACACTGT_004,60
CCGGATCCCATAAACACTGT_005,91
CCGGATCCCATAAACACTGT_006,145
CCGGATCCCATAAACACTGT_007,105
CCGGATCCCATAAACACTGT_008,6
CCGGATCCCATAAACACTGT_009,118
CCGGATCCCATAAACACTGT_010,159
ACCCACTTGTTGATGAACCA_001,2
ACCCACTTGTTGATGAACCA_002,184
ACCCACTTGTTGATGAACCA_003,28
ACCCACTTGTTGATGAACCA_004,2
ACCCACTTGTTGATGAACCA_005,4
ACCCACTTGTTGATGAACCA_006,36
ACCCACTTGTTGATGAACCA_007,69
ACCCACTTGTTGATGAACCA_008,63
ACCCACTTGTTGATGAACCA_009,174
ACCCACTTGTTGATGAACCA_010,24
ACCCACTTGTTGATGAACCA_011,76
ACCCACTTGTTGATGAACCA_012,98
ACCCACTTGTTGATGAACCA_013,105
ACCCACTTGTTGATGAACCA_014,106
ACCCACTTGTTGATGAACCA_015,43
ACCCACTTGTTGATGAACCA_016,142
ACCCACTTGTTGATGAACCA_017,142
ACCCACTTGTTGATGAACCA_018,165
ACCCACTTGTTGATGAACCA_019,110
ACCCACTTGTTGATGAACCA_020,83
CTGCACAGTGACATAAGTTG_001,81
CTGCACAGTGACATAAGTTG_002,12
CTGCACAGTGACATAAGTTG_003,169
CTGCACAGTGACATAAGTTG_004,103
CTGCACAGTGACATAAGTTG_005,54
CTGCACAGTGACATAAGTTG_006,150
CTGCACAGTGACATAAGTTG_007,18
CTGCACAGTGACATAAGTTG_008,50
CTGCACAGTGACATAAGTTG_009,177
CTGCACAGTGACATAAGTTG_010,72
CTGCACAGTGACATAAGTTG_011,177
CTGCACAGTGACATAAGTTG_012,49
CTGCACAGTGACATAAGTTG_013,17
CTGCACAGTGACATAAGTTG_014,10
CTGCACAGTGACATAAGTTG_015,75
CTGCACAGTGACATAAGTTG_016,12
AGCAGTCAATCTCCAAACAA_001,5
AGCAGTCAATCTCCAAACAA_002,188
AGCAGTCAATCTCCAAACAA_003,27
AGCAGTCAATCTCCAAACAA_004,72
AGCAGTCAATCTCCAAACAA_005,144
AGCAGTCAATCTCCAAACAA_006,47
AGCAGTCAATCTCCAAACAA_007,50
AGCAGTCAATCTCCAAACAA_008,166
TCCCCGCGGGAGGAAGCGTA_001,23
TCCCCGCGGGAGGAAGCGTA_002,103
TCCCCGCGGGAGGAAGCGTA_003,162
TCCCCGCGGGAGGAAGCGTA_004,89
TCCCCGCGGGAGGAAGCGTA_005,184
TCTGACGGGATCGAGCACAT_001,68
TCTGACGGGATCGAGCACAT_002,127
TCTGACGGGATCGAGCACAT_003,119
GTGGACGTCCTGGTTCAACG_001,27
GTGGACGTCCTGGTTCAACG_002,184
GTGGACGTCCTGGTTCAACG_003,169
GTGGACGTCCTGGTTCAACG_004,68
GTGGACGTCCTGGTTCAACG_005,27
GTGGACGTCCTGGTTCAACG_006,62
GTGGACGTCCTGGTTCAACG_007,2
GTGGACGTCCTGGTTCAACG_008,159
GTGGACGTCCTGGTTCAACG_009,118
GTGGACGTCCTGGTTCAACG_010,129
GTGGACGTCCTGGTTCAACG_011,9
GTGGACGTCCTGGTTCAACG_012,98
GTGGACGTCCTGGTTCAACG_013,88
GTGGACGTCCTGGTTCAACG_014,197
GTGGACGTCCTGGTTCAACG_015,149
GTGGACGTCCTGGTTCAACG_016,4
GTGGACGTCCTGGTTCAACG_017,199
GTGGACGTCCTGGTTCAACG_018,77
GTGGACGTCCTGGTTCAACG_019,149
GTGGACGTCCTGGTTCAACG_020,160
GTGGACGTCCTGGTTCAACG_021,144
GTGGACGTCCTGGTTCAACG_022,60
GTGGACGTCCTGGTTCAACG_023,65
TGAGCGCCCGGTACTGATGG_001,175
TGAGCGCCCGGTACTGATGG_002,162
TGAGCGCCCGGTACTGATGG_003,190
TGAGCGCCCGGTACTGATGG_004,16
TGAGCGCCCGGTACTGATGG_005,82
TGAGCGCCCGGTACTGATGG_006,9
CGGGCTAGCCCCGCGCAGGG_001,44
CGGGCTAGCCCCGCGCAGGG_002,199
CGGGCTAGCCCCGCGCAGGG_003,81
TCAGCCTCACAATATTGCAG_001,41
TCAGCCTCACAATATTGCAG_002,177
TCAGCCTCACAATATTGCAG_003,191
TCAGCCTCACAATATTGCAG_004,17
TCAGCCTCACAATATTGCAG_005,10
ACCCGGAAGTAATGAGTGTG_001,149
ACCCGGAAGTAATGAGTGTG_002,28
ACCCGGAAGTAATGAGTGTG_003,69
ACCCGGAAGTAATGAGTGTG_004,50
ACCCGGAAGTAATGAGTGTG_005,15
ACCCGGAAGTAATGAGTGTG_006,35
ACCCGGAAGTAATGAGTGTG_007,38
ACCCGGAAGTAATGAGTGTG_008,71
ACCCGGAAGTAATGAGTGTG_009,58
ACCCGGAAGTAATGAGTGTG_010,102
ACCCGGAAGTAATGAGTGTG_011,127
ACCCGGAAGTAATGAGTGTG_012,155
ACCCGGAAGTAATGAGTGTG_013,175
ACCCGGAAGTAATGAGTGTG_014,152
ACCCGGAAGTAATGAGTGTG_015,31
ACCCGGAAGTAATGAGTGTG_016,33
ACCCGGAAGTAATGAGTGTG_017,197
ACCCGGAAGTAATGAGTGTG_018,151
ACCCGGAAGTAATGAGTGTG_019,140
ACCCGGAAGTAATGAGTGTG_020,106
ACCCGGAAGTAATGAGTGTG_021,198
ACCCGGAAGTAATGAGTGTG_022,108
ACCCGGAAGTAATGAGTGTG_023,91
ACCCGGAAGTAATGAGTGTG_024,9
GCCCATCACCTCGACCACGG_001,173
GCCCATCACCTCGACCACGG_002,85
GCCCATCACCTCGACCACGG_003,173
GCCCATCACCTCGACCACGG_004,169
GCCCATCACCTCGACCACGG_005,113
GCCCATCACCTCGACCACGG_006,121
GCCCATCACCTCGACCACGG_007,138
GCCCATCACCTCGACCACGG_008,33
GCCCATCACCTCGACCACGG_009,21
GCCCATCACCTCGACCACGG_010,50
GCCCATCACCTCGACCACGG_011,57
GCCCATCACCTCGACCACGG_012,83
GCCCATCACCTCGACCACGG_013,122
GCCCATCACCTCGACCACGG_014,120
GGTTCATCATCATTCAACGG_001,175
GGTTCATCATCATTCAACGG_002,77
GGTTCATCATCATTCAACGG_003,42
TCTTGGAGGTGGAAACGTCG_001,32
TCTTGGAGGTGGAAACGTCG_002,12
TCTTGGAGGTGGAAACGTCG_003,154
TCTTGGAGGTGGAAACGTCG_004,53
TCTTGGAGGTGGAAACGTCG_005,91
TTTCAAGTAGAACTCCAGCA_001,138
TTTCAAGTAGAACTCCAGCA_002,86
TCCAGTAGTGAACTCCTGTG_001,108
TCCAGTAGTGAACTCCTGTG_002,2
TCCAGTAGTGAACTCCTGTG_003,145
TCCAGTAGTGAACTCCTGTG_004,104
TTGAAGATGGACATAAGATG_001,69
TTGAAGATGGACATAAGATG_002,65
TTGAAGATGGACATAAGATG_003,75
TTGAAGATGGACATAAGATG_004,8
TTGAAGATGGACATAAGATG_005,19
TTGAAGATGGACATAAGATG_006,24
TTGAAGATGGACATAAGATG_007,68
TTGAAGATGGACATAAGATG_008,29
TTGAAGATGGACATAAGATG_009,88
TTGAAGATGGACATAAGATG_010,163
TTGAAGATGGACATAAGATG_011,130
TTGAAGATGGACATAAGATG_012,29
TTGAAGATGGACATAAGATG_013,198
TTGAAGATGGACATAAGATG_014,18
TTGAAGATGGACATAAGATG_015,6
GATTAGCTGATCCAACCCGA_001,76
GATTAGCTGATCCAACCCGA_002,100
GATTAGCTGATCCAACCCGA_003,139
GATTAGCTGATCCAACCCGA_004,139
GATTAGCTGATCCAACCCGA_005,145
GATTAGCTGATCCAACCCGA_006,72
GATTAGCTGATCCAACCCGA_007,109
GATTAGCTGATCCAACCCGA_008,115
GATTAGCTGATCCAACCCGA_009,37
GGAGAAGTCTCCTAATAGGA_001,192
GGAGAAGTCTCCTAATAGGA_002,2
GGAGAAGTCTCCTAATAGGA_003,158
GGAGAAGTCTCCTAATAGGA_004,81
GGAGAAGTCTCCTAATAGGA_005,14
GAACAGCCAACTTAGCCTGT_001,81
GAACAGCCAACTTAGCCTGT_002,67
GAACAGCCAACTTAGCCTGT_003,120
GAACAGCCAACTTAGCCTGT_004,149
GAACAGCCAACTTAGCCTGT_005,69
GAACAGCCAACTTAGCCTGT_006,115
GAACAGCCAACTTAGCCTGT_007,81
GAACAGCCAACTTAGCCTGT_008,15
GAACAGCCAACTTAGCCTGT_009,41
GAACAGCCAACTTAGCCTGT_010,77
GAACAGCCAACTTAGCCTGT_011,175
GAACAGCCAACTTAGCCTGT_012,110
GAACAGCCAACTTAGCCTGT_013,0
GAACAGCCAACTTAGCCTGT_014,126
GAACAGCCAACTTAGCCTGT_015,48
GGGAGTAGCCTGAGTAGCAC_001,150
GGGAGTAGCCTGAGTAGCAC_002,60
GGGAGTAGCCTGAGTAGCAC_003,82
GGGAGTAGCCTGAGTAGCAC_004,158
GGGAGTAGCCTGAGTAGCAC_005,135
GGGAGTAGCCTGAGTAGCAC_006,146
GGGAGTAGCCTGAGTAGCAC_007,181
GGGAGTAGCCTGAGTAGCAC_008,50
GGGAGTAGCCTGAGTAGCAC_009,184
GGGAGTAGCCTGAGTAGCAC_010,141
GGGAGTAGCCTGAGTAGCAC_011,1
GGGAGTAGCCTGAGTAGCAC_012,70
GGGAGTAGCCTGAGTAGCAC_013,160
GGGAGTAGCCTGAGTAGCAC_014,137
GGGAGTAGCCTGAGTAGCAC_015,140
GGGAGTAGCCTGAGTAGCAC_016,165
GGGAGTAGCCTGAGTAGCAC_017,199
GGGAGTAGCCTGAGTAGCAC_018,76
GGGAGTAGCCTGAGTAGCAC_019,48
GGGAGTAGCCTGAGTAGCAC_020,199
GGGAGTAGCCTGAGTAGCAC_021,41
GGGAGTAGCCTGAGTAGCAC_022,166
GGGAGTAGCCTGAGTAGCAC_023,196
GGGAGTAGCCTGAGTAGCAC_024,56
GGAGGCTGTACATAGGGTCT_001,62
GGAGGCTGTACATAGGGTCT_002,128
GGAGGCTGTACATAGGGTCT_003,32
GGAGGCTGTACATAGGGTCT_004,127
GGAGGCTGTACATAGGGTCT_005,39
TCCAACAATGATCACACCAG_001,188
TCCAACAATGATCACACCAG_002,42
CGAGAGTATCCTTTGGCAAG_001,93
CGAGAGTATCCTTTGGCAAG_002,124
CGAGAGTATCCTTTGGCAAG_003,98
CGAGAGTATCCTTTGGCAAG_004,180
ACAGCAGAGATGTCAAGCAG_001,79
ACAGCAGAGATGTCAAGCAG_002,196
ACAGCAGAGATGTCAAGCAG_003,193
ACAGCAGAGATGTCAAGCAG_004,17
ACAGCAGAGATGTCAAGCAG_005,41
ACAGCAGAGATGTCAAGCAG_006,144
ACAGCAGAGATGTCAAGCAG_007,63
ACAGCAGAGATGTCAAGCAG_008,47
ACAGCAGAGATGTCAAGCAG_009,196
ACAGCAGAGATGTCAAGCAG_010,5
ACAGCAGAGATGTCAAGCAG_011,114
ACAGCAGAGATGTCAAGCAG_012,81
ACAGCAGAGATGTCAAGCAG_013,36
ACAGCAGAGATGTCAAGCAG_014,8
ACAGCAGAGATGTCAAGCAG_015,41
ACAGCAGAGATGTCAAGCAG_016,94
ACAGCAGAGATGTCAAGCAG_017,52
ACAGCAGAGATGTCAAGCAG_018,174
ACAGCAGAGATGTCAAGCAG_019,21
ACAGCAGAGATGTCAAGCAG_020,5
ACAGCAGAGATGTCAAGCAG_021,132
ACAGCAGAGATGTCAAGCAG_022,85
ACAGCAGAGATGTCAAGCAG_023,88
ACAGCAGAGATGTCAAGCAG_024,66
ACAGCAGAGATGTCAAGCAG_025,92
ACAGCAGAGATGTCAAGCAG_026,113
ACAGCAGAGATGTCAAGCAG_027,192
ATACCATTTAATTGCAAACC_001,191
ATACCATTTAATTGCAAACC_002,119
ATACCATTTAATTGCAAACC_003,150
ATACCATTTAATTGCAAACC_004,161
ATACCATTTAATTGCAAACC_005,79
CGGGCGGTAGAAGTGGCACG_001,120
CGGGCGGTAGAAGTGGCACG_002,20
CGGGCGGTAGAAGTGGCACG_003,197
CGGGCGGTAGAAGTGGCACG_004,115
CGGGCGGTAGAAGTGGCACG_005,117
CGGGCGGTAGAAGTGGCACG_006,104
CGGGCGGTAGAAGTGGCACG_007,13
CGGGCGGTAGAAGTGGCACG_008,59
CGGGCGGTAGAAGTGGCACG_009,50
CGGGCGGTAGAAGTGGCACG_010,118
CGGGCGGTAGAAGTGGCACG_011,15
CGGGCGGTAGAAGTGGCACG_012,15
CGGGCGGTAGAAGTGGCACG_013,170
CGGGCGGTAGAAGTGGCACG_014,62
CGGGCGGTAGAAGTGGCACG_015,48
CGGGCGGTAGAAGTGGCACG_016,199
CGGGCGGTAGAAGTGGCACG_017,47
CGGGCGGTAGAAGTGGCACG_018,136
CGGGCGGTAGAAGTGGCACG_019,70
GTGATGTTCTCATAGAGTAG_001,42
GCAATGACGGTCACTTCACA_001,62
GCAATGACGGTCACTTCACA_002,137
GCAATGACGGTCACTTCACA_003,58
GCAATGACGGTCACTTCACA_004,175
GCAATGACGGTCACTTCACA_005,172
GCAATGACGGTCACTTCACA_006,161
GCAATGACGGTCACTTCACA_007,108
GCAATGACGGTCACTTCACA_008,30
GCAATGACGGTCACTTCACA_009,11
GCAATGACGGTCACTTCACA_010,104
GCAATGACGGTCACTTCACA_011,144
GCAATGACGGTCACTTCACA_012,16
GCAATGACGGTCACTTCACA_013,42
CTGTGCCCAACATATAGGTG_001,49
CTGTGCCCAACATATAGGTG_002,34
CTGTGCCCAACATATAGGTG_003,81
CTGTGCCCAACATATAGGTG_004,37
CTGTGCCCAACATATAGGTG_005,56
TCGGAAAGTAGTTCCGACTG_001,71
TTACTCTTTACCTGTACAGT_001,156
TTACTCTTTACCTGTACAGT_002,177
TTACTCTTTACCTGTACAGT_003,130
TTACTCTTTACCTGTACAGT_004,155
TTACTCTTTACCTGTACAGT_005,187
TTACTCTTTACCTGTACAGT_006,148
TTACTCTTTACCTGTACAGT_007,41
TTACTCTTTACCTGTACAGT_008,168
TTACTCTTTACCTGTACAGT_009,150
TTACTCTTTACCTGTACAGT_010,11
TTGATGACGACGTGGTGTCA_001,144
TTGATGACGACGTGGTGTCA_002,83
TTGATGACGACGTGGTGTCA_003,58
TTGATGACGACGTGGTGTCA_004,70
TTGATGACGACGTGGTGTCA_005,182
TTGATGACGACGTGGTGTCA_006,189
TTGATGACGACGTGGTGTCA_007,76
TTGATGACGACGTGGTGTCA_008,149
TTGATGACGACGTGGTGTCA_009,157
TTGATGACGACGTGGTGTCA_010,44
TTGATGACGACGTGGTGTCA_011,90
TTGATGACGACGTGGTGTCA_012,56
GAAGAACTTCACAAACACCC_001,92
GAAGAACTTCACAAACACCC_002,88
GAAGAACTTCACAAACACCC_003,124
GAAGAACTTCACAAACACCC_004,137
TGCTGAACCGGTATAAATCC_001,163
CCTGCAGAGAAAGCTCCAAC_001,11
CCTGCAGAGAAAGCTCCAAC_002,70
CCTGCAGAGAAAGCTCCAAC_003,115
CCTGCAGAGAAAGCTCCAAC_004,57
CCTGCAGAGAAAGCTCCAAC_005,46
CCTGCAGAGAAAGCTCCAAC_006,141
CCTGCAGAGAAAGCTCCAAC_007,135
CTCCCGCGAGTATCGGTGAG_001,61
CTCCCGCGAGTATCGGTGAG_002,178
CTCCCGCGAGTATCGGTGAG_003,32
CTCCCGCGAGTATCGGTGAG_004,139
CTCCCGCGAGTATCGGTGAG_005,77
CTCCCGCGAGTATCGGTGAG_006,50
CTCCCGCGAGTATCGGTGAG_007,47
CTCCCGCGAGTATCGGTGAG_008,163
CTCCCGCGAGTATCGGTGAG_009,155
GCAGCAAGCCATGACCACGA_001,199
GCAGCAAGCCATGACCACGA_002,199
GCAGCAAGCCATGACCACGA_003,111
GCAGCAAGCCATGACCACGA_004,68
GCAGCAAGCCATGACCACGA_005,130
GCAGCAAGCCATGACCACGA_006,154
GCAGCAAGCCATGACCACGA_007,5
GCAGCAAGCCATGACCACGA_008,76
GCAGCAAGCCATGACCACGA_009,72
GCAGCAAGCCATGACCACGA_010,6
GCAGCAAGCCATGACCACGA_011,190
GCAGCAAGCCATGACCACGA_012,5
GCAGCAAGCCATGACCACGA_013,76
GCAGCAAGCCATGACCACGA_014,2
GCAGCAAGCCATGACCACGA_015,159
GCAGCAAGCCATGACCACGA_016,5
GCAGCAAGCCATGACCACGA_017,142
CCCCGGCCGATGCAGCAAAG_001,79
CCCCGGCCGATGCAGCAAAG_002,125
CCCCGGCCGATGCAGCAAAG_003,199
CCCCGGCCGATGCAGCAAAG_004,84
CCCCGGCCGATGCAGCAAAG_005,174
CCCCGGCCGATGCAGCAAAG_006,37
CCCCGGCCGATGCAGCAAAG_007,6
CAGGGCAGGGACTTGCACAG_001,67
CAGGGCAGGGACTTGCACAG_002,134
CAGGGCAGGGACTTGCACAG_003,192
CAGGGCAGGGACTTGCACAG_004,172
CAGGGCAGGGACTTGCACAG_005,31
CAGGGCAGGGACTTGCACAG_006,88
CAGGGCAGGGACTTGCACAG_007,162
CAGGGCAGGGACTTGCACAG_008,55
TGCTAGTACGACATACCCTG_001,79
TGCTAGTACGACATACCCTG_002,79
TGCTAGTACGACATACCCTG_003,186
TGCTAGTACGACATACCCTG_004,130
TGCTAGTACGACATACCCTG_005,175
TGCTAGTACGACATACCCTG_006,183
TGCTAGTACGACATACCCTG_007,121
TGCTAGTACGACATACCCTG_008,113
TGCTAGTACGACATACCCTG_009,34
TGCTAGTACGACATACCCTG_010,172
TGCTAGTACGACATACCCTG_011,168
TGCTAGTACGACATACCCTG_012,34
TGCTAGTACGACATACCCTG_013,138
TGCTAGTACGACATACCCTG_014,190
TGCTAGTACGACATACCCTG_015,191
TGCTAGTACGACATACCCTG_016,146
CAACAGGAAATACATAGGAG_001,43
CAACAGGAAATACATAGGAG_002,177
CAACAGGAAATACATAGGAG_003,24
CAACAGGAAATACATAGGAG_004,176
ACAATCTCACTTCGTGACCA_001,127
ACAATCTCACTTCGTGACCA_002,62
ACAATCTCACTTCGTGACCA_003,29
ACAATCTCACTTCGTGACCA_004,96
ACAATCTCACTTCGTGACCA_005,1
ACAATCTCACTTCGTGACCA_006,154
ACAATCTCACTTCGTGACCA_007,13
ACAATCTCACTTCGTGACCA_008,166
ACAATCTCACTTCGTGACCA_009,88
ACAATCTCACTTCGTGACCA_010,25
ACAATCTCACTTCGTGACCA_011,62
ACAATCTCACTTCGTGACCA_012,72
ACAATCTCACTTCGTGACCA_013,138
ACAATCTCACTTCGTGACCA_014,154
ACAATCTCACTTCGTGACCA_015,121
ACAATCTCACTTCGTGACCA_016,56
ACAATCTCACTTCGTGACCA_017,169
GATCGACGAGTACATCACGC_001,150
GATCGACGAGTACATCACGC_002,104
GATCGACGAGTACATCACGC_003,48
TGAACACATCCTCTAATCCT_001,62
TGAACACATCCTCTAATCCT_002,13
TGAACACATCCTCTAATCCT_003,168
TGAAGACCACGCCTAGACAG_001,70
TGAAGACCACGCCTAGACAG_002,56
TGAAGACCACGCCTAGACAG_003,188
TGAAGACCACGCCTAGACAG_004,24
TGAAGACCACGCCTAGACAG_005,176
TGAAGACCACGCCTAGACAG_006,32
TGAAGACCACGCCTAGACAG_007,94
TGAAGACCACGCCTAGACAG_008,182
TGAAGACCACGCCTAGACAG_009,87
TGAAGACCACGCCTAGACAG_010,148
TGAAGACCACGCCTAGACAG_011,94
TGAAGACCACGCCTAGACAG_012,2
TGAAGACCACGCCTAGACAG_013,147
TGAAGACCACGCCTAGACAG_014,49
TGAAAGTTTGCGATTATCTG_001,157
TGAAAGTTTGCGATTATCTG_002,12
TGAAAGTTTGCGATTATCTG_003,54
TGAAAGTTTGCGATTATCTG_004,28
TGAAAGTTTGCGATTATCTG_005,78
TGAAAGTTTGCGATTATCTG_006,149
TGAAAGTTTGCGATTATCTG_007,80
CACACCACTACACCATCGAG_001,168
CACACCACTACACCATCGAG_002,148
CACACCACTACACCATCGAG_003,118
CACACCACTACACCATCGAG_004,105
CACACCACTACACCATCGAG_005,60
CACACCACTACACCATCGAG_006,194
CACACCACTACACCATCGAG_007,130
CACACCACTACACCATCGAG_008,153
CACACCACTACACCATCGAG_009,83
CACACCACTACACCATCGAG_010,135
CACACCACTACACCATCGAG_011,114
CACACCACTACACCATCGAG_012,148
CACACCACTACACCATCGAG_013,84
CACACCACTACACCATCGAG_014,168
CACACCACTACACCATCGAG_015,78
CTCAAACCAAGGGACCTGAG_001,2
CTCAAACCAAGGGACCTGAG_002,72
CTCAAACCAAGGGACCTGAG_003,70
CTCAAACCAAGGGACCTGAG_004,25
CTCAAACCAAGGGACCTGAG_005,17
CTCAAACCAAGGGACCTGAG_006,192
CTCAAACCAAGGGACCTGAG_007,151
CTCAAACCAAGGGACCTGAG_008,121
CTCAAACCAAGGGACCTGAG_009,113
CTCAAACCAAGGGACCTGAG_010,155
CTCAAACCAAGGGACCTGAG_011,109
CTCAAACCAAGGGACCTGAG_012,127
CTCAAACCAAGGGACCTGAG_013,164
CTCAAACCAAGGGACCTGAG_014,164
CTCAAACCAAGGGACCTGAG_015,130
CTCAAACCAAGGGACCTGAG_016,195
CTCAAACCAAGGGACCTGAG_017,119
CTCAAACCAAGGGACCTGAG_018,6
CTCAAACCAAGGGACCTGAG_019,69
CTCAAACCAAGGGACCTGAG_020,43
TTTCCAAGAGAGGACAGCTG_001,141
TTTCCAAGAGAGGACAGCTG_002,127
TTTCCAAGAGAGGACAGCTG_003,105
TTTCCAAGAGAGGACAGCTG_004,117
TTTCCAAGAGAGGACAGCTG_005,42
TTTCCAAGAGAGGACAGCTG_006,0
CTGAAAAAGATGAACACACG_001,52
CTGAAAAAGATGAACACACG_002,113
CTGAAAAAGATGAACACACG_003,71
CTGAAAAAGATGAACACACG_004,149
CTGAAAAAGATGAACACACG_005,130
GCGCGGACGCCGTCACGTCG_001,47
GCGCGGACGCCGTCACGTCG_002,146
GCGCGGACGCCGTCACGTCG_003,151
GCGCGGACGCCGTCACGTCG_004,1
GCGCGGACGCCGTCACGTCG_005,41
GCGCGGACGCCGTCACGTCG_006,199
CGGGTGGTCCAGGAGCACGG_001,12
CGGGTGGTCCAGGAGCACGG_002,173
CGGGTGGTCCAGGAGCACGG_003,64
CGGGTGGTCCAGGAGCACGG_004,158
CGGGTGGTCCAGGAGCACGG_005,13
CGGGTGGTCCAGGAGCACGG_006,148
CGGGTGGTCCAGGAGCACGG_007,80
CGGGTGGTCCAGGAGCACGG_008,50
CGGGTGGTCCAGGAGCACGG_009,150
CGGGTGGTCCAGGAGCACGG_010,124
CGGGTGGTCCAGGAGCACGG_011,84
CGGGTGGTCCAGGAGCACGG_012,131
CGGGTGGTCCAGGAGCACGG_013,36
CGGGTGGTCCAGGAGCACGG_014,173
CGGGTGGTCCAGGAGCACGG_015,131
CGGGTGGTCCAGGAGCACGG_016,5
CGGGTGGTCCAGGAGCACGG_017,150
CGGGTGGTCCAGGAGCACGG_018,134
CGGGTGGTCCAGGAGCACGG_019,8
CGGGTGGTCCAGGAGCACGG_020,69
CGGGTGGTCCAGGAGCACGG_021,6
CGGGTGGTCCAGGAGCACGG_022,190
CGGGTGGTCCAGGAGCACGG_023,193
CGGGTGGTCCAGGAGCACGG_024,35
CGGGTGGTCCAGGAGCACGG_025,77
CGGGTGGTCCAGGAGCACGG_026,121
CGGGTGGTCCAGGAGCACGG_027,13
CGGGTGGTCCAGGAGCACGG_028,177
CGGGTGGTCCAGGAGCACGG_029,161
CGGGTGGTCCAGGAGCACGG_030,2
CGGGTGGTCCAGGAGCACGG_031,130
ACCATGTAAAGTGCATACTT_001,43
ACCATGTAAAGTGCATACTT_002,195
ACCATGTAAAGTGCATACTT_003,184
ACCATGTAAAGTGCATACTT_004,19
ACCATGTAAAGTGCATACTT_005,158
ATTTGCCATATGAAGTGAGA_001,102
ATTTGCCATATGAAGTGAGA_002,36
ATTTGCCATATGAAGTGAGA_003,88
ATTTGCCATATGAAGTGAGA_004,57
ATTTGCCATATGAAGTGAGA_005,184
ATTTGCCATATGAAGTGAGA_006,105
ATTTGCCATATGAAGTGAGA_007,168
ATTTGCCATATGAAGTGAGA_008,127
ATTTGCCATATGAAGTGAGA_009,118
ATTTGCCATATGAAGTGAGA_010,46
ATTTGCCATATGAAGTGAGA_011,72
ATTTGCCATATGAAGTGAGA_012,71
ATTTGCCATATGAAGTGAGA_013,166
ATTTGCCATATGAAGTGAGA_014,104
ATTTGCCATATGAAGTGAGA_015,165
ATTTGCCATATGAAGTGAGA_016,129
ATTTGCCATATGAAGTGAGA_017,147
TTATTACAGTAGGGCCCCGT_001,15
TTATTACAGTAGGGCCCCGT_002,52
TTATTACAGTAGGGCCCCGT_003,175
TTATTACAGTAGGGCCCCGT_004,126
TTATTACAGTAGGGCCCCGT_005,66
TTATTACAGTAGGGCCCCGT_006,30
TTATTACAGTAGGGCCCCGT_007,138
TTATTACAGTAGGGCCCCGT_008,162
GCAAGATCCTGACCCAACGG_001,73
GCAAGATCCTGACCCAACGG_002,181
GCAAGATCCTGACCCAACGG_003,169
GCAAGATCCTGACCCAACGG_004,8
GCAAGATCCTGACCCAACGG_005,157
GCAAGATCCTGACCCAACGG_006,42
GCAAGATCCTGACCCAACGG_007,162
TAAATGTGATGATTGTGGTA_001,88
TAAATGTGATGATTGTGGTA_002,127
ATCTCGGCGCTCGACGAGTG_001,76
ATCTCGGCGCTCGACGAGTG_002,53
ATCTCGGCGCTCGACGAGTG_003,41
ATCTCGGCGCTCGACGAGTG_004,145
ATCTCGGCGCTCGACGAGTG_005,199
ATCTCGGCGCTCGACGAGTG_006,112
ATCTCGGCGCTCGACGAGTG_007,63
ATCTCGGCGCTCGACGAGTG_008,58
ATCTCGGCGCTCGACGAGTG_009,61
AGCCAAAGTTGATGCATCTG_001,172
AGCCAAAGTTGATGCATCTG_002,57
AGCCAAAGTTGATGCATCTG_003,59
AGCCAAAGTTGATGCATCTG_004,186
AGCCAAAGTTGATGCATCTG_005,98
AGCCAAAGTTGATGCATCTG_006,68
AGCCAAAGTTGATGCATCTG_007,28
CACACCTGCCCACCAACGCT_001,149
CACACCTGCCCACCAACGCT_002,117
CACACCTGCCCACCAACGCT_003,67
CACACCTGCCCACCAACGCT_004,48
CACACCTGCCCACCAACGCT_005,130
CACACCTGCCCACCAACGCT_006,88
CACACCTGCCCACCAACGCT_007,149
CACACCTGCCCACCAACGCT_008,68
CACACCTGCCCACCAACGCT_009,118
CACACCTGCCCACCAACGCT_010,132
CACACCTGCCCACCAACGCT_011,183
CACACCTGCCCACCAACGCT_012,136
CCGACACGCGAGACTACAGG_001,12
CCGACACGCGAGACTACAGG_002,76
CCGACACGCGAGACTACAGG_003,102
CCGACACGCGAGACTACAGG_004,146
CCGACACGCGAGACTACAGG_005,51
CCGACACGCGAGACTACAGG_006,81
CCGACACGCGAGACTACAGG_007,141
CCGACACGCGAGACTACAGG_008,118
CCGACACGCGAGACTACAGG_009,48
CCGACACGCGAGACTACAGG_010,58
CCGACACGCGAGACTACAGG_011,75
CCGACACGCGAGACTACAGG_012,80
CCGACACGCGAGACTACAGG_013,148
CCGACACGCGAGACTACAGG_014,147
CCGACACGCGAGACTACAGG_015,198
CCGACACGCGAGACTACAGG_016,113
CCGACACGCGAGACTACAGG_017,157
CCGACACGCGAGACTACAGG_018,197
CCGACACGCGAGACTACAGG_019,30
CCGACACGCGAGACTACAGG_020,30
CCGACACGCGAGACTACAGG_021,160
CCGACACGCGAGACTACAGG_022,164
CCGACACGCGAGACTACAGG_023,48
CCGACACGCGAGACTACAGG_024,91
CCGACACGCGAGACTACAGG_025,149
CCGACACGCGAGACTACAGG_026,107
TCTTCTTCCCTAGGAATCGG_001,88
TCTTCTTCCCTAGGAATCGG_002,161
TCTTCTTCCCTAGGAATCGG_003,61
CCAATAATAATACCTGACCA_001,56
CCAATAATAATACCTGACCA_002,98
CTTCCACCGCATCAACGACT_001,35
CTTCCACCGCATCAACGACT_002,23
CTTCCACCGCATCAACGACT_003,184
CTTCCACCGCATCAACGACT_004,76
CTTCCACCGCATCAACGACT_005,166
CTTCCACCGCATCAACGACT_006,174
CTTCCACCGCATCAACGACT_007,160
CTTCCACCGCATCAACGACT_008,190
CTTCCACCGCATCAACGACT_009,80
CTTCCACCGCATCAACGACT_010,6
GGAGATGACGCGGGATGATG_001,46
GGAGATGACGCGGGATGATG_002,188
GGAGATGACGCGGGATGATG_003,117
GGAGATGACGCGGGATGATG_004,88
GGAGATGACGCGGGATGATG_005,111
GGAGATGACGCGGGATGATG_006,28
GGAGATGACGCGGGATGATG_007,189
GGAGATGACGCGGGATGATG_008,169
GGAGATGACGCGGGATGATG_009,44
GGAGATGACGCGGGATGATG_010,100
GGAGATGACGCGGGATGATG_011,135
GGAGATGACGCGGGATGATG_012,157
GGAGATGACGCGGGATGATG_013,116
GGAGATGACGCGGGATGATG_014,160
GGAGATGACGCGGGATGATG_015,158
GGAGATGACGCGGGATGATG_016,162
GGAGATGACGCGGGATGATG_017,1
GGAGATGACGCGGGATGATG_018,167
GGAGATGACGCGGGATGATG_019,61
GGAGATGACGCGGGATGATG_020,158
GGAGATGACGCGGGATGATG_021,176
GGAGATGACGCGGGATGATG_022,28
GGAGATGACGCGGGATGATG_023,51
GGAGATGACGCGGGATGATG_024,189
GGAGATGACGCGGGATGATG_025,24
GGAGATGACGCGGGATGATG_026,45
GGAGATGACGCGGGATGATG_027,40
GGAGATGACGCGGGATGATG_028,23
GGAGATGACGCGGGATGATG_029,137
GGAGATGACGCGGGATGATG_030,31
CCTTTGAAAACAGTTACTGG_001,44
CCTTTGAAAACAGTTACTGG_002,105
CCTTTGAAAACAGTTACTGG_003,127
CCTTTGAAAACAGTTACTGG_004,167
CCTTTGAAAACAGTTACTGG_005,63
CCTTTGAAAACAGTTACTGG_006,142
CCTTTGAAAACAGTTACTGG_007,178
CCTTTGAAAACAGTTACTGG_008,48
CTAGATTGGAGGATTCTGGA_001,69
CTAGATTGGAGGATTCTGGA_002,127
CTAGATTGGAGGATTCTGGA_003,191
CTAGATTGGAGGATTCTGGA_004,77
CTAGATTGGAGGATTCTGGA_005,106
CTAGATTGGAGGATTCTGGA_006,195
CTAGATTGGAGGATTCTGGA_007,30
CTAGATTGGAGGATTCTGGA_008,177
CTAGATTGGAGGATTCTGGA_009,0
CTAGATTGGAGGATTCTGGA_010,117
CTAGATTGGAGGATTCTGGA_011,112
ATGTCTCATGAACTACCCTG_001,69
ATGTCTCATGAACTACCCTG_002,75
ATGTCTCATGAACTACCCTG_003,29
ATGTCTCATGAACTACCCTG_004,9
ATGTCTCATGAACTACCCTG_005,155
ATGTCTCATGAACTACCCTG_006,36
ATGTCTCATGAACTACCCTG_007,182
ATGTCTCATGAACTACCCTG_008,37
ATGTCTCATGAACTACCCTG_009,130
ATGTCTCATGAACTACCCTG_010,147
ATGTCTCATGAACTACCCTG_011,21
ATGTCTCATGAACTACCCTG_012,127
ATGTCTCATGAACTACCCTG_013,41
ATGTCTCATGAACTACCCTG_014,47
ATGTCTCATGAACTACCCTG_015,192
ATGTCTCATGAACTACCCTG_016,147
GGACAGGATTCGATCCACCA_001,83
GGACAGGATTCGATCCACCA_002,125
GGACAGGATTCGATCCACCA_003,76
GGACAGGATTCGATCCACCA_004,140
GGACAGGATTCGATCCACCA_005,184
GGACAGGATTCGATCCACCA_006,36
GGACAGGATTCGATCCACCA_007,141
GGACAGGATTCGATCCACCA_008,63
GGACAGGATTCGATCCACCA_009,130
GGACAGGATTCGATCCACCA_010,35
GGACAGGATTCGATCCACCA_011,2
GGACAGGATTCGATCCACCA_012,144
GGACAGGATTCGATCCACCA_013,63
GGACAGGATTCGATCCACCA_014,48
GGACAGGATTCGATCCACCA_015,191
GGACAGGATTCGATCCACCA_016,40
GGACAGGATTCGATCCACCA_017,144
GGACAGGATTCGATCCACCA_018,188
AGCAGTTGGTACCATCCAAG_001,177
AGCAGTTGGTACCATCCAAG_002,60
AGCAGTTGGTACCATCCAAG_003,63
AGCAGTTGGTACCATCCAAG_004,48
AGCAGTTGGTACCATCCAAG_005,182
AGCAGTTGGTACCATCCAAG_006,149
CCAAGGCTACAACTTTGCCG_001,133
CCAAGGCTACAACTTTGCCG_002,133
CCAAGGCTACAACTTTGCCG_003,30
CCAAGGCTACAACTTTGCCG_004,137
CCAAGGCTACAACTTTGCCG_005,84
CCAAGGCTACAACTTTGCCG_006,68
CCAAGGCTACAACTTTGCCG_007,165
CCAAGGCTACAACTTTGCCG_008,144
ACTTCAGACTCACGACGTAG_001,193
ACTTCAGACTCACGACGTAG_002,37
ACTTCAGACTCACGACGTAG_003,27
ACTTCAGACTCACGACGTAG_004,170
ACTTCAGACTCACGACGTAG_005,57
ACTTCAGACTCACGACGTAG_006,166
GGTGCAAGGGCGGAACAGCG_001,34
GGTGCAAGGGCGGAACAGCG_002,113
GGTGCAAGGGCGGAACAGCG_003,20
GGTGCAAGGGCGGAACAGCG_004,79
GGTGCAAGGGCGGAACAGCG_005,52
GGTGCAAGGGCGGAACAGCG_006,3
GGTGCAAGGGCGGAACAGCG_007,147
GGTGCAAGGGCGGAACAGCG_008,158
GGTGCAAGGGCGGAACAGCG_009,194
GGTGCAAGGGCGGAACAGCG_010,17
GGTGCAAGGGCGGAACAGCG_011,5
GGTGCAAGGGCGGAACAGCG_012,17
GGTGCAAGGGCGGAACAGCG_013,6
GGTGCAAGGGCGGAACAGCG_014,91
GGTGCAAGGGCGGAACAGCG_015,121
GGTGCAAGGGCGGAACAGCG_016,158
GCAGCCTATGCAGAATGGAG_001,177
GCAGCCTATGCAGAATGGAG_002,166
GCAGCCTATGCAGAATGGAG_003,103
GCAGCCTATGCAGAATGGAG_004,133
GCAGCCTATGCAGAATGGAG_005,98
GCAGCCTATGCAGAATGGAG_006,182
GCAGCCTATGCAGAATGGAG_007,177
GCAGCCTATGCAGAATGGAG_008,58
GCAGCCTATGCAGAATGGAG_009,124
TGAAGCGGCATACAAACGTG_001,161
TGAAGCGGCATACAAACGTG_002,97
TGAAGCGGCATACAAACGTG_003,178
TGAAGCGGCATACAAACGTG_004,6
TGAAGCGGCATACAAACGTG_005,130
AGAGGATCCAGATTTCCCTG_001,29
AGAGGATCCAGATTTCCCTG_002,169
AGAGGATCCAGATTTCCCTG_003,85
AGAGGATCCAGATTTCCCTG_004,174
AGAGGATCCAGATTTCCCTG_005,90
AGAGGATCCAGATTTCCCTG_006,152
TATCCCAGGAATACACTGAG_001,46
TATCCCAGGAATACACTGAG_002,144
TATCCCAGGAATACACTGAG_003,49
TATCCCAGGAATACACTGAG_004,194
TATCCCAGGAATACACTGAG_005,1
CGAAGAAATACAGTACCTGA_001,171
CGAAGAAATACAGTACCTGA_002,141
CGAAGAAATACAGTACCTGA_003,174
CGAAGAAATACAGTACCTGA_004,60
GCAGGAACTGACCGCAAACG_001,175
GCAGGAACTGACCGCAAACG_002,156
GCAGGAACTGACCGCAAACG_003,50
GCAGGAACTGACCGCAAACG_004,73
GCAGGAACTGACCGCAAACG_005,174
GCAGGAACTGACCGCAAACG_006,89
GCAGGAACTGACCGCAAACG_007,19
GCAGGAACTGACCGCAAACG_008,45
GCAGGAACTGACCGCAAACG_009,121
GCAGGAACTGACCGCAAACG_010,61
GCAGGAACTGACCGCAAACG_011,180
GCAGGAACTGACCGCAAACG_012,162
GCAGGAACTGACCGCAAACG_013,158
GCAGGAACTGACCGCAAACG_014,35
GCAGGAACTGACCGCAAACG_015,19
GCAGGAACTGACCGCAAACG_016,48
GCAGGAACTGACCGCAAACG_017,63
GCAGGAACTGACCGCAAACG_018,137
GCAGGAACTGACCGCAAACG_019,106
ATGAGGAGAGGGTACCGTAG_001,29
ATGAGGAGAGGGTACCGTAG_002,145
ATGAGGAGAGGGTACCGTAG_003,147
ATGAGGAGAGGGTACCGTAG_004,91
ATGAGGAGAGGGTACCGTAG_005,178
ATGAGGAGAGGGTACCGTAG_006,63
ATGAGGAGAGGGTACCGTAG_007,75
ATGAGGAGAGGGTACCGTAG_008,67
ATGAGGAGAGGGTACCGTAG_009,147
ATGAGGAGAGGGTACCGTAG_010,1
ATGAGGAGAGGGTACCGTAG_011,168
GCTCTGCAAGAGTGTGCTAG_001,16
GCTCTGCAAGAGTGTGCTAG_002,197
GCTCTGCAAGAGTGTGCTAG_003,147
GCTCTGCAAGAGTGTGCTAG_004,1
GCTCTGCAAGAGTGTGCTAG_005,175
GCTCTGCAAGAGTGTGCTAG_006,152
GCTCTGCAAGAGTGTGCTAG_007,34
GCTCTGCAAGAGTGTGCTAG_008,152
GCTCTGCAAGAGTGTGCTAG_009,39
GCTCTGCAAGAGTGTGCTAG_010,150
GTCACATGTCAATATAAGAT_001,9
GTCACATGTCAATATAAGAT_002,81
GTCACATGTCAATATAAGAT_003,178
GTCACATGTCAATATAAGAT_004,178
CGATCTCACGTACCAGACGC_001,8
CGATCTCACGTACCAGACGC_002,178
CGATCTCACGTACCAGACGC_003,6
ATGGAATCTAGGTACGAGGG_001,46
ATGGAATCTAGGTACGAGGG_002,9
ATGGAATCTAGGTACGAGGG_003,142
ATGGAATCTAGGTACGAGGG_004,103
ATGGAATCTAGGTACGAGGG_005,152
ATGGAATCTAGGTACGAGGG_006,55
ATGGAATCTAGGTACGAGGG_007,187
ATGGAATCTAGGTACGAGGG_008,120
GGGCGGCCATCACAAACCGG_001,144
GGGCGGCCATCACAAACCGG_002,76
GGGCGGCCATCACAAACCGG_003,20
GGGCGGCCATCACAAACCGG_004,104
GGGCGGCCATCACAAACCGG_005,28
GGGCGGCCATCACAAACCGG_006,42
GGGCGGCCATCACAAACCGG_007,12
GGGCGGCCATCACAAACCGG_008,8
GGGCGGCCATCACAAACCGG_009,72
GGGCGGCCATCACAAACCGG_010,178
GGGCGGCCATCACAAACCGG_011,120
GGGCGGCCATCACAAACCGG_012,9
GGGCGGCCATCACAAACCGG_013,197
GGGCGGCCATCACAAACCGG_014,81
GGGCGGCCATCACAAACCGG_015,16
GGGCGGCCATCACAAACCGG_016,162
GGGCGGCCATCACAAACCGG_017,39
GGGCGGCCATCACAAACCGG_018,59
AAGTCAACTTCAATGTCGGA_001,159
AAGTCAACTTCAATGTCGGA_002,98
AAGTCAACTTCAATGTCGGA_003,107
AAGTCAACTTCAATGTCGGA_004,94
AAGTCAACTTCAATGTCGGA_005,127
AAGTCAACTTCAATGTCGGA_006,114
AAGTCAACTTCAATGTCGGA_007,166
AAGTCAACTTCAATGTCGGA_008,49
AAGTCAACTTCAATGTCGGA_009,77
AAGTCAACTTCAATGTCGGA_010,152
GAATTAAGGAATGCCTGTCG_001,141
GAATTAAGGAATGCCTGTCG_002,19
GAATTAAGGAATGCCTGTCG_003,105
GAATTAAGGAATGCCTGTCG_004,191
GGGTGCCAGATTAGCGGACG_001,43
GGGTGCCAGATTAGCGGACG_002,29
GGGTGCCAGATTAGCGGACG_003,154
GGGTGCCAGATTAGCGGACG_004,194
GGGTGCCAGATTAGCGGACG_005,66
GAATGCCATAAAAACATCGG_001,169
GAATGCCATAAAAACATCGG_002,27
GAATGCCATAAAAACATCGG_003,40
GAATGCCATAAAAACATCGG_004,17
GAATGCCATAAAAACATCGG_005,103
GAATGCCATAAAAACATCGG_006,2
GAATGCCATAAAAACATCGG_007,113
GAATGCCATAAAAACATCGG_008,65
GAATGCCATAAAAACATCGG_009,50
GAATGCCATAAAAACATCGG_010,146
GAATGCCATAAAAACATCGG_011,107
GAATGCCATAAAAACATCGG_012,2
GAATGCCATAAAAACATCGG_013,16
GAATGCCATAAAAACATCGG_014,11
GAATGCCATAAAAACATCGG_015,198
CAGGACAAAGACCCTACCGT_001,62
CAGGACAAAGACCCTACCGT_002,114
CAGGACAAAGACCCTACCGT_003,176
CAGGACAAAGACCCTACCGT_004,197
CAGGACAAAGACCCTACCGT_005,104
CAGGACAAAGACCCTACCGT_006,115
CAGGACAAAGACCCTACCGT_007,57
CAGGACAAAGACCCTACCGT_008,174
CAGGACAAAGACCCTACCGT_009,172
CAGGACAAAGACCCTACCGT_010,178
GCTGGTGAAACACACGCAGG_001,198
GCTGGTGAAACACACGCAGG_002,127
GCTGGTGAAACACACGCAGG_003,54
GCTGGTGAAACACACGCAGG_004,84
GCTGGTGAAACACACGCAGG_005,43
GCTGGTGAAACACACGCAGG_006,182
GCTGGTGAAACACACGCAGG_007,24
GCTGGTGAAACACACGCAGG_008,112
GCTGGTGAAACACACGCAGG_009,70
GCTGGTGAAACACACGCAGG_010,184
GCTGGTGAAACACACGCAGG_011,15
GCTGGTGAAACACACGCAGG_012,133
GCTGGTGAAACACACGCAGG_013,99
GCTGGTGAAACACACGCAGG_014,179
TGAGACTGACCACCTATCGA_001,191
TGAGACTGACCACCTATCGA_002,15
TGAGACTGACCACCTATCGA_003,105
TGAGACTGACCACCTATCGA_004,94
TGAGACTGACCACCTATCGA_005,115
TGAGACTGACCACCTATCGA_006,63
TGAGACTGACCACCTATCGA_007,75
TGAGACTGACCACCTATCGA_008,156
TGAGACTGACCACCTATCGA_009,29
TGAGACTGACCACCTATCGA_010,70
TGAGACTGACCACCTATCGA_011,172
TGAGACTGACCACCTATCGA_012,76
TGAGACTGACCACCTATCGA_013,108
TGAGACTGACCACCTATCGA_014,187
TGAGACTGACCACCTATCGA_015,150
AATACCGATTTCACTCCCCG_001,88
AATACCGATTTCACTCCCCG_002,179
AATACCGATTTCACTCCCCG_003,52
AATACCGATTTCACTCCCCG_004,166
AATACCGATTTCACTCCCCG_005,42
AATACCGATTTCACTCCCCG_006,78
AATACCGATTTCACTCCCCG_007,149
AATACCGATTTCACTCCCCG_008,146
AATACCGATTTCACTCCCCG_009,86
AATACCGATTTCACTCCCCG_010,57
AATACCGATTTCACTCCCCG_011,40
TCCAGCCGTGAAGACTAACA_001,114
TCCAGCCGTGAAGACTAACA_002,147
TCCAGCCGTGAAGACTAACA_003,137
TCCAGCCGTGAAGACTAACA_004,43
TCCAGCCGTGAAGACTAACA_005,82
AGAGCAGAGGACTTAGCTAG_001,35
AGAGCAGAGGACTTAGCTAG_002,144
AGAGCAGAGGACTTAGCTAG_003,184
AGAGCAGAGGACTTAGCTAG_004,97
AGAGCAGAGGACTTAGCTAG_005,70
AGAGCAGAGGACTTAGCTAG_006,127
AGAGCAGAGGACTTAGCTAG_007,184
AGAGCAGAGGACTTAGCTAG_008,175
AGAGCAGAGGACTTAGCTAG_009,66
AGAGCAGAGGACTTAGCTAG_010,16
AGAGCAGAGGACTTAGCTAG_011,15
AGAGCAGAGGACTTAGCTAG_012,191
TGATGACTAATTTCAGCTCG_001,41
TGATGACTAATTTCAGCTCG_002,150
TGATGACTAATTTCAGCTCG_003,102
TGATGACTAATTTCAGCTCG_004,169
GTAATAACTCTTGAGTATGG_001,20
GTAATAACTCTTGAGTATGG_002,49
TTCCCTGCCTTCGAAAAAGT_001,61
TTCCCTGCCTTCGAAAAAGT_002,185
TTCCCTGCCTTCGAAAAAGT_003,85
GAATACTGTTCAGGTAACAT_001,33
GAATACTGTTCAGGTAACAT_002,17
GAATACTGTTCAGGTAACAT_003,56
GAATACTGTTCAGGTAACAT_004,172
CCGAGTCAGTAGTGTCACTG_001,183
CCGAGTCAGTAGTGTCACTG_002,55
CCGAGTCAGTAGTGTCACTG_003,172
CCGAGTCAGTAGTGTCACTG_004,65
CCGAGTCAGTAGTGTCACTG_005,116
CCGAGTCAGTAGTGTCACTG_006,168
CCGAGTCAGTAGTGTCACTG_007,63
CCGAGTCAGTAGTGTCACTG_008,22
CCGAGTCAGTAGTGTCACTG_009,56
CCGAGTCAGTAGTGTCACTG_010,138
ATGGTCTGCGACCCCTACGG_001,177
ATGGTCTGCGACCCCTACGG_002,41
ATGGTCTGCGACCCCTACGG_003,140
ATGGTCTGCGACCCCTACGG_004,60
ATGGTCTGCGACCCCTACGG_005,23
ATGGTCTGCGACCCCTACGG_006,8
ATGGTCTGCGACCCCTACGG_007,169
ATGGTCTGCGACCCCTACGG_008,104
ATGGTCTGCGACCCCTACGG_009,5
ATGGTCTGCGACCCCTACGG_010,47
ATGGTCTGCGACCCCTACGG_011,169
ATGGTCTGCGACCCCTACGG_012,89
ATGGTCTGCGACCCCTACGG_013,98
ATGGTCTGCGACCCCTACGG_014,162
ATGGTCTGCGACCCCTACGG_015,58
ATGGTCTGCGACCCCTACGG_016,157
ATGGTCTGCGACCCCTACGG_017,13
ATGGTCTGCGACCCCTACGG_018,130
ATGGTCTGCGACCCCTACGG_019,188
ATGGTCTGCGACCCCTACGG_020,2
ATGGTCTGCGACCCCTACGG_021,104
ATGGTCTGCGACCCCTACGG_022,89
ATGGTCTGCGACCCCTACGG_023,48
ATGGTCTGCGACCCCTACGG_024,156
ATGGTCTGCGACCCCTACGG_025,157
ATGGTCTGCGACCCCTACGG_026,60
ATGGTCTGCGACCCCTACGG_027,146
CATGGGTGAACAGCAGTGGA_001,144
CATGGGTGAACAGCAGTGGA_002,72
CATGGGTGAACAGCAGTGGA_003,184
CATGGGTGAACAGCAGTGGA_004,146
CATGGGTGAACAGCAGTGGA_005,51
CATGGGTGAACAGCAGTGGA_006,176
CATGGGTGAACAGCAGTGGA_007,134
CATGGGTGAACAGCAGTGGA_008,18
CATGGGTGAACAGCAGTGGA_009,190
CATGGGTGAACAGCAGTGGA_010,166
CATGGGTGAACAGCAGTGGA_011,43
CATGGGTGAACAGCAGTGGA_012,149
GAAGCCGCCGAAAATGAGCG_001,45
GAAGCCGCCGAAAATGAGCG_002,19
GTAGCATTCAGACGCTCCCA_001,172
GTAGCATTCAGACGCTCCCA_002,98
GTAGCATTCAGACGCTCCCA_003,22
GTAGCATTCAGACGCTCCCA_004,104
GTAGCATTCAGACGCTCCCA_005,82
GTAGCATTCAGACGCTCCCA_006,8
GTAGCATTCAGACGCTCCCA_007,72
GTAGCATTCAGACGCTCCCA_008,195
GTAGCATTCAGACGCTCCCA_009,169
GTAGCATTCAGACGCTCCCA_010,142
GTAGCATTCAGACGCTCCCA_011,63
TTGTCCCCCTTCAATCCCGG_001,16
TTGTCCCCCTTCAATCCCGG_002,15
TTGTCCCCCTTCAATCCCGG_003,193
TTGTCCCCCTTCAATCCCGG_004,25
TTGTCCCCCTTCAATCCCGG_005,139
TTGTCCCCCTTCAATCCCGG_006,35
TTGTCCCCCTTCAATCCCGG_007,190
TTGTCCCCCTTCAATCCCGG_008,9
TTGTCCCCCTTCAATCCCGG_009,167
TTGTCCCCCTTCAATCCCGG_010,107
TTGTCCCCCTTCAATCCCGG_011,2
TTGTCCCCCTTCAATCCCGG_012,171
TTGTCCCCCTTCAATCCCGG_013,171
TTGTCCCCCTTCAATCCCGG_014,50
TTGTCCCCCTTCAATCCCGG_015,8
TTGTCCCCCTTCAATCCCGG_016,58
TTGTCCCCCTTCAATCCCGG_017,121
TTGTCCCCCTTCAATCCCGG_018,43
TGCATCAAGAAGTCCACCAA_001,92
TGCATCAAGAAGTCCACCAA_002,117
TGCATCAAGAAGTCCACCAA_003,30
TGCATCAAGAAGTCCACCAA_004,148
TGCATCAAGAAGTCCACCAA_005,102
TGCATCAAGAAGTCCACCAA_006,182
TGCATCAAGAAGTCCACCAA_007,88
TGCATCAAGAAGTCCACCAA_008,0
TGCATCAAGAAGTCCACCAA_009,171
TGCATCAAGAAGTCCACCAA_010,50
TGCATCAAGAAGTCCACCAA_011,1
TGCATCAAGAAGTCCACCAA_012,121
TGCATCAAGAAGTCCACCAA_013,191
GGACCGGCCACTGTCTGAGT_001,194
GGACCGGCCACTGTCTGAGT_002,147
GGACCGGCCACTGTCTGAGT_003,26
GGACCGGCCACTGTCTGAGT_004,14
GGACCGGCCACTGTCTGAGT_005,158
GGACCGGCCACTGTCTGAGT_006,16
CCTTGCCCCTATTAGTGCCG_001,141
CCTTGCCCCTATTAGTGCCG_002,104
CCTTGCCCCTATTAGTGCCG_003,49
CCTTGCCCCTATTAGTGCCG_004,78
CCTTGCCCCTATTAGTGCCG_005,49
CCTTGCCCCTATTAGTGCCG_006,29
CCTTGCCCCTATTAGTGCCG_007,191
CCTTGCCCCTATTAGTGCCG_008,40
GACTACGGACTGGTGACGGC_001,25
GACTACGGACTGGTGACGGC_002,122
GACTACGGACTGGTGACGGC_003,41
GACTACGGACTGGTGACGGC_004,29
CGTCAGCCTTGCAGTCCCGG_001,9
CGTCAGCCTTGCAGTCCCGG_002,19
CGTCAGCCTTGCAGTCCCGG_003,51
CGTCAGCCTTGCAGTCCCGG_004,18
CGTCAGCCTTGCAGTCCCGG_005,177
CGTCAGCCTTGCAGTCCCGG_006,107
CGTCAGCCTTGCAGTCCCGG_007,1
CGTCAGCCTTGCAGTCCCGG_008,17
CGTCAGCCTTGCAGTCCCGG_009,146
CGTCAGCCTTGCAGTCCCGG_010,169
CGTCAGCCTTGCAGTCCCGG_011,86
CGTCAGCCTTGCAGTCCCGG_012,152
CGTCAGCCTTGCAGTCCCGG_013,177
ATGACTGTAAGGTAGCGCAA_001,191
ATGACTGTAAGGTAGCGCAA_002,130
ATGACTGTAAGGTAGCGCAA_003,94
ATGACTGTAAGGTAGCGCAA_004,166
ATGACTGTAAGGTAGCGCAA_005,125
ATGACTGTAAGGTAGCGCAA_006,41
ATGACTGTAAGGTAGCGCAA_007,25
ATGACTGTAAGGTAGCGCAA_008,159
ATGACTGTAAGGTAGCGCAA_009,115
GGAGGTGATGTATGCCTACG_001,140
GGAGGTGATGTATGCCTACG_002,63
GGAGGTGATGTATGCCTACG_003,32
GGAGGTGATGTATGCCTACG_004,132
GGAGGTGATGTATGCCTACG_005,122
GGAGGTGATGTATGCCTACG_006,90
GGAGGTGATGTATGCCTACG_007,147
GGAGGTGATGTATGCCTACG_008,115
GGAGGTGATGTATGCCTACG_009,20
GGAGGTGATGTATGCCTACG_010,81
GGAGGTGATGTATGCCTACG_011,144
GGAGGTGATGTATGCCTACG_012,197
GGAGGTGATGTATGCCTACG_013,176
GGAGGTGATGTATGCCTACG_014,46
GGAGGTGATGTATGCCTACG_015,144
GGAGGTGATGTATGCCTACG_016,144
GGAGGTGATGTATGCCTACG_017,77
GGAGGTGATGTATGCCTACG_018,17
GGGCGGGAGGAAGTCAGCGT_001,149
GGGCGGGAGGAAGTCAGCGT_002,169
GGGCGGGAGGAAGTCAGCGT_003,152
GGGCGGGAGGAAGTCAGCGT_004,152
GGGCGGGAGGAAGTCAGCGT_005,146
GGGCGGGAGGAAGTCAGCGT_006,48
GGGCGGGAGGAAGTCAGCGT_007,158
GGGCGGGAGGAAGTCAGCGT_008,28
GGGCGGGAGGAAGTCAGCGT_009,78
GGGCGGGAGGAAGTCAGCGT_010,53
GGGCGGGAGGAAGTCAGCGT_011,53
GGGCGGGAGGAAGTCAGCGT_012,122
GGGCGGGAGGAAGTCAGCGT_013,176
GGGCGGGAGGAAGTCAGCGT_014,62
AGGAATTCCCAGTGTACCTG_001,159
AGGAATTCCCAGTGTACCTG_002,75
AGGAATTCCCAGTGTACCTG_003,163
AGGAATTCCCAGTGTACCTG_004,157
AGGAATTCCCAGTGTACCTG_005,92
AGGAATTCCCAGTGTACCTG_006,161
AGGAATTCCCAGTGTACCTG_007,186
AGGAATTCCCAGTGTACCTG_008,145
AGGAATTCCCAGTGTACCTG_009,147
AGGAATTCCCAGTGTACCTG_010,152
AGGAATTCCCAGTGTACCTG_011,116
AGGAATTCCCAGTGTACCTG_012,40
AGGAATTCCCAGTGTACCTG_013,48
AGGAATTCCCAGTGTACCTG_014,35
AGGAATTCCCAGTGTACCTG_015,8
AGGAATTCCCAGTGTACCTG_016,124
AGGAATTCCCAGTGTACCTG_017,106
AGCGACGCTAACGTTAAAGC_001,148
AGCGACGCTAACGTTAAAGC_002,49
AGCGACGCTAACGTTAAAGC_003,168
AGCGACGCTAACGTTAAAGC_004,91
AGCGACGCTAACGTTAAAGC_005,16
AGCGACGCTAACGTTAAAGC_006,174
AGCGACGCTAACGTTAAAGC_007,13
AGCGACGCTAACGTTAAAGC_008,144
AGCGACGCTAACGTTAAAGC_009,149
CGTGGTGTGGGTGAACCACG_001,143
CGTGGTGTGGGTGAACCACG_002,96
CGTGGTGTGGGTGAACCACG_003,48
CGTGGTGTGGGTGAACCACG_004,147
CGTGGTGTGGGTGAACCACG_005,133
CGTGGTGTGGGTGAACCACG_006,69
CGTGGTGTGGGTGAACCACG_007,94
CGTGGTGTGGGTGAACCACG_008,191
CGTGGTGTGGGTGAACCACG_009,15
CGTGGTGTGGGTGAACCACG_010,197
CGTGGTGTGGGTGAACCACG_011,83
CGTGGTGTGGGTGAACCACG_012,159
CGTGGTGTGGGTGAACCACG_013,159
CGTGGTGTGGGTGAACCACG_014,53
CGTGGTGTGGGTGAACCACG_015,141
CGTGGTGTGGGTGAACCACG_016,98
CGTGGTGTGGGTGAACCACG_017,150
CGTGGTGTGGGTGAACCACG_018,166
CGTGGTGTGGGTGAACCACG_019,46
CGTGGTGTGGGTGAACCACG_020,26
CGTGGTGTGGGTGAACCACG_021,15
CGTGGTGTGGGTGAACCACG_022,0
CGTGGTGTGGGTGAACCACG_023,130
GCGTAACCTCGTCTTCCAAG_001,149
GCGTAACCTCGTCTTCCAAG_002,53
GCGTAACCTCGTCTTCCAAG_003,77
CTCCTGGAAGATCCTCCTCG_001,184
CTCCTGGAAGATCCTCCTCG_002,5
CTCCTGGAAGATCCTCCTCG_003,157
CTCCTGGAAGATCCTCCTCG_004,70
CTCCTGGAAGATCCTCCTCG_005,59
GGTGATGATACACGAACTTG_001,150
GGTGATGATACACGAACTTG_002,194
GGTGATGATACACGAACTTG_003,92
GGTGATGATACACGAACTTG_004,47
GGTGATGATACACGAACTTG_005,83
CGCCACGCAGGCGATCCATG_001,172
CGCCACGCAGGCGATCCATG_002,126
CGCCACGCAGGCGATCCATG_003,0
CGCCACGCAGGCGATCCATG_004,99
CGCCACGCAGGCGATCCATG_005,166
CGCCACGCAGGCGATCCATG_006,62
CGCCACGCAGGCGATCCATG_007,1
CGCCACGCAGGCGATCCATG_008,17
CGCCACGCAGGCGATCCATG_009,88
CGCCACGCAGGCGATCCATG_010,48
CGCCACGCAGGCGATCCATG_011,74
AGGCATATCCTAGCTCACTC_001,14
AGGCATATCCTAGCTCACTC_002,94
AGGCATATCCTAGCTCACTC_003,17
AGGCATATCCTAGCTCACTC_004,2
AGGCATATCCTAGCTCACTC_005,58
AGGCATATCCTAGCTCACTC_006,177
AGGCATATCCTAGCTCACTC_007,57
AGGCATATCCTAGCTCACTC_008,84
AATTGGTACGGTTCTCCATG_001,180
GGCTATTACGACAGATGACT_001,41
GGCTATTACGACAGATGACT_002,40
GGCTATTACGACAGATGACT_003,107
GGCTATTACGACAGATGACT_004,31
ATGGTTTAGATCCAAACACA_001,53
ATGGTTTAGATCCAAACACA_002,61
ATGGTTTAGATCCAAACACA_003,10
TGGTAGACGGCGCGGCACTG_001,36
TGGTAGACGGCGCGGCACTG_002,185
TGGTAGACGGCGCGGCACTG_003,194
TGGTAGACGGCGCGGCACTG_004,104
TGGTAGACGGCGCGGCACTG_005,83
TGGTAGACGGCGCGGCACTG_006,33
TGGTAGACGGCGCGGCACTG_007,26
TGGTAGACGGCGCGGCACTG_008,50
TGGTAGACGGCGCGGCACTG_009,75
TGGTAGACGGCGCGGCACTG_010,107
TGGTAGACGGCGCGGCACTG_011,142
TGGTAGACGGCGCGGCACTG_012,95
TGGTAGACGGCGCGGCACTG_013,24
TGGTAGACGGCGCGGCACTG_014,184
TGGTAGACGGCGCGGCACTG_015,109
TGGTAGACGGCGCGGCACTG_016,142
CGTCACCGAAGACTTCAGCG_001,94
CGTCACCGAAGACTTCAGCG_002,8
CGTCACCGAAGACTTCAGCG_003,193
CGTCACCGAAGACTTCAGCG_004,59
CGTCACCGAAGACTTCAGCG_005,144
CGTCACCGAAGACTTCAGCG_006,104
CGTCACCGAAGACTTCAGCG_007,86
CGTCACCGAAGACTTCAGCG_008,0
CGTCACCGAAGACTTCAGCG_009,100
CGTCACCGAAGACTTCAGCG_010,117
CGTCACCGAAGACTTCAGCG_011,123
CGTCACCGAAGACTTCAGCG_012,35
CAGACGCCTACCGTCCAGTG_001,62
CAGACGCCTACCGTCCAGTG_002,5
CAGACGCCTACCGTCCAGTG_003,85
CAGACGCCTACCGTCCAGTG_004,14
GCGGATCACATAGTCCAAGA_001,158
CCCATCTCTGAAGACCCCGA_001,174
CCCATCTCTGAAGACCCCGA_002,29
CCCATCTCTGAAGACCCCGA_003,44
CCCATCTCTGAAGACCCCGA_004,16
CCCATCTCTGAAGACCCCGA_005,116
CCCATCTCTGAAGACCCCGA_006,18
CCCATCTCTGAAGACCCCGA_007,41
CCCATCTCTGAAGACCCCGA_008,135
CCCATCTCTGAAGACCCCGA_009,54
CCCATCTCTGAAGACCCCGA_010,142
CCCATCTCTGAAGACCCCGA_011,42
CTCTGCGAGAATTTCTCGGA_001,149
CTCTGCGAGAATTTCTCGGA_002,50
CTCTGCGAGAATTTCTCGGA_003,48
CTCTGCGAGAATTTCTCGGA_004,107
CTCTGCGAGAATTTCTCGGA_005,48
CTCTGCGAGAATTTCTCGGA_006,188
CTCTGCGAGAATTTCTCGGA_007,197
CTCTGCGAGAATTTCTCGGA_008,15
CTCTGCGAGAATTTCTCGGA_009,119
CTCTGCGAGAATTTCTCGGA_010,50
CTCTGCGAGAATTTCTCGGA_011,185
CTCTGCGAGAATTTCTCGGA_012,11
CTCTGCGAGAATTTCTCGGA_013,10
TTTCGATCATGTCTACAGCG_001,29
TTTCGATCATGTCTACAGCG_002,2
GTGTATGAGGTGCGCTCAGG_001,127
GTGTATGAGGTGCGCTCAGG_002,162
GTGTATGAGGTGCGCTCAGG_003,92
GTGTATGAGGTGCGCTCAGG_004,23
GTGTATGAGGTGCGCTCAGG_005,16
GTGTATGAGGTGCGCTCAGG_006,17
TGTGGGCAAGGATGTGGTCG_001,89
TGTGGGCAAGGATGTGGTCG_002,66
TCCTAATCACCATTGTTACC_001,29
TCCTAATCACCATTGTTACC_002,32
AGCATTGTTCCAATATCCCG_001,23
AGCATTGTTCCAATATCCCG_002,155
AGCATTGTTCCAATATCCCG_003,20
AGCATTGTTCCAATATCCCG_004,68
CAAGCATGTGGCGTTTGGCA_001,33
CAAGCATGTGGCGTTTGGCA_002,58
CAAGCATGTGGCGTTTGGCA_003,63
CAAGCATGTGGCGTTTGGCA_004,88
GAGACCCGCTCTTCAGCATG_001,173
GAGACCCGCTCTTCAGCATG_002,151
GAGACCCGCTCTTCAGCATG_003,36
GAGACCCGCTCTTCAGCATG_004,186
GAGACCCGCTCTTCAGCATG_005,4
GAGACCCGCTCTTCAGCATG_006,10
GAGACCCGCTCTTCAGCATG_007,114
GATGACTGTCCTCACGACCT_001,94
GATGACTGTCCTCACGACCT_002,181
GATGACTGTCCTCACGACCT_003,126
GATGACTGTCCTCACGACCT_004,191
GATGACTGTCCTCACGACCT_005,102
GGAAGTTTGGAGCATGCGGA_001,168
GGAAGTTTGGAGCATGCGGA_002,158
GGAAGTTTGGAGCATGCGGA_003,176
GGAAGTTTGGAGCATGCGGA_004,161
GGAAGTTTGGAGCATGCGGA_005,137
GGAAGTTTGGAGCATGCGGA_006,47
GGAAGTTTGGAGCATGCGGA_007,3
GGAAGTTTGGAGCATGCGGA_008,75
GGAAGTTTGGAGCATGCGGA_009,46
GGAAGTTTGGAGCATGCGGA_010,10
GGAAGTTTGGAGCATGCGGA_011,124
GGAAGTTTGGAGCATGCGGA_012,105
GGAAGTTTGGAGCATGCGGA_013,127
GGAAGTTTGGAGCATGCGGA_014,42
GGAAGTTTGGAGCATGCGGA_015,176
GGAAGTTTGGAGCATGCGGA_016,60
GGAAGTTTGGAGCATGCGGA_017,136
GGAAGTTTGGAGCATGCGGA_018,63
GGAAGTTTGGAGCATGCGGA_019,8
GGAAGTTTGGAGCATGCGGA_020,98
GGAAGTTTGGAGCATGCGGA_021,138
GGAAGTTTGGAGCATGCGGA_022,106
GGAAGTTTGGAGCATGCGGA_023,81
GGAAGTTTGGAGCATGCGGA_024,63
GGAAGTTTGGAGCATGCGGA_025,43
GGAAGTTTGGAGCATGCGGA_026,121
GGAAGTTTGGAGCATGCGGA_027,144
GGAAGTTTGGAGCATGCGGA_028,53
GGAAGTTTGGAGCATGCGGA_029,115
GGAAGTTTGGAGCATGCGGA_030,29
GGAAGTTTGGAGCATGCGGA_031,36
GGAAGTTTGGAGCATGCGGA_032,77
GGAAGTTTGGAGCATGCGGA_033,32
AGGCACCCGTAGAAGAGGTG_001,21
AGGCACCCGTAGAAGAGGTG_002,149
AGGCACCCGTAGAAGAGGTG_003,175
AGGCACCCGTAGAAGAGGTG_004,94
AGGCACCCGTAGAAGAGGTG_005,157
AGGCACCCGTAGAAGAGGTG_006,174
AGGCACCCGTAGAAGAGGTG_007,102
AGGCACCCGTAGAAGAGGTG_008,73
AGGCACCCGTAGAAGAGGTG_009,123
AGGCACCCGTAGAAGAGGTG_010,158
AGGCACCCGTAGAAGAGGTG_011,50
AGGCACCCGTAGAAGAGGTG_012,115
AGGCACCCGTAGAAGAGGTG_013,81
AGGCACCCGTAGAAGAGGTG_014,155
AGGCACCCGTAGAAGAGGTG_015,102
AGGCACCCGTAGAAGAGGTG_016,159
AGGCACCCGTAGAAGAGGTG_017,58
AGGCACCCGTAGAAGAGGTG_018,27
AGGCACCCGTAGAAGAGGTG_019,152
AGGCACCCGTAGAAGAGGTG_020,138
AGGCACCCGTAGAAGAGGTG_021,7
AAGGAGGGTCTGTCCTGTTC_001,27
AAGGAGGGTCTGTCCTGTTC_002,162
AAGGAGGGTCTGTCCTGTTC_003,54
AAGGAGGGTCTGTCCTGTTC_004,107
AAGGAGGGTCTGTCCTGTTC_005,185
AAGGAGGGTCTGTCCTGTTC_006,117
AAGGAGGGTCTGTCCTGTTC_007,36
AAGGAGGGTCTGTCCTGTTC_008,160
AAGGAGGGTCTGTCCTGTTC_009,15
AAGGAGGGTCTGTCCTGTTC_010,112
AAGGAGGGTCTGTCCTGTTC_011,104
AAGGAGGGTCTGTCCTGTTC_012,19
AAGGAGGGTCTGTCCTGTTC_013,118
AAGGAGGGTCTGTCCTGTTC_014,70
AAGGAGGGTCTGTCCTGTTC_015,35
AGACGTTGAGTAGAAAGCTG_001,141
ATATAGTTCTCACCTCCTCG_001,107
ATATAGTTCTCACCTCCTCG_002,2
ATATAGTTCTCACCTCCTCG_003,104
ATATAGTTCTCACCTCCTCG_004,190
ATATAGTTCTCACCTCCTCG_005,138
ATATAGTTCTCACCTCCTCG_006,191
ATATAGTTCTCACCTCCTCG_007,197
TTGAGCGTCGAAGTCAGCTG_001,76
TTGAGCGTCGAAGTCAGCTG_002,125
TTGAGCGTCGAAGTCAGCTG_003,50
TTGAGCGTCGAAGTCAGCTG_004,168
TTGAGCGTCGAAGTCAGCTG_005,116
TTGAGCGTCGAAGTCAGCTG_006,86
TTGAGCGTCGAAGTCAGCTG_007,169
TTGAGCGTCGAAGTCAGCTG_008,143
TTGAGCGTCGAAGTCAGCTG_009,113
TTGAGCGTCGAAGTCAGCTG_010,72
TTGAGCGTCGAAGTCAGCTG_011,153
TTGAGCGTCGAAGTCAGCTG_012,11
TTGAGCGTCGAAGTCAGCTG_013,88
AGACTTAAACCTGACGGTGT_001,150
AGACTTAAACCTGACGGTGT_002,83
AGACTTAAACCTGACGGTGT_003,94
AGACTTAAACCTGACGGTGT_004,147
AGACTTAAACCTGACGGTGT_005,158
AGACTTAAACCTGACGGTGT_006,11
AGACTTAAACCTGACGGTGT_007,64
AGACTTAAACCTGACGGTGT_008,1
AGACTTAAACCTGACGGTGT_009,40
AGACTTAAACCTGACGGTGT_010,26
AGACTTAAACCTGACGGTGT_011,26
GTGTACATGTGTGTCATCAG_001,48
GTGTACATGTGTGTCATCAG_002,23
GTGTACATGTGTGTCATCAG_003,48
GTGTACATGTGTGTCATCAG_004,48
GTGTACATGTGTGTCATCAG_005,20
GTGTACATGTGTGTCATCAG_006,121
GTGTACATGTGTGTCATCAG_007,63
CCTCCAAGGACAAGAAGGAG_001,187
CCTCCAAGGACAAGAAGGAG_002,178
CCTCCAAGGACAAGAAGGAG_003,174
CCTCCAAGGACAAGAAGGAG_004,28
CCTCCAAGGACAAGAAGGAG_005,138
CCTCCAAGGACAAGAAGGAG_006,189
CCTCCAAGGACAAGAAGGAG_007,147
CCTCCAAGGACAAGAAGGAG_008,19
CCTCCAAGGACAAGAAGGAG_009,173
GCAGCATTAACACAGTCTTG_001,152
GCAGCATTAACACAGTCTTG_002,138
GCAGCATTAACACAGTCTTG_003,139
GCAGCATTAACACAGTCTTG_004,188
GCAGCATTAACACAGTCTTG_005,187
GCGAGACCGAGGTATATGAG_001,121
GCGAGACCGAGGTATATGAG_002,95
GCGAGACCGAGGTATATGAG_003,176
GCGAGACCGAGGTATATGAG_004,40
GCGAGACCGAGGTATATGAG_005,33
GCGAGACCGAGGTATATGAG_006,61
GCGAGACCGAGGTATATGAG_007,150
GCGAGACCGAGGTATATGAG_008,140
GCGAGACCGAGGTATATGAG_009,57
GCGAGACCGAGGTATATGAG_010,70
GCGAGACCGAGGTATATGAG_011,168
GCGAGACCGAGGTATATGAG_012,19
GCGAGACCGAGGTATATGAG_013,43
GCGAGACCGAGGTATATGAG_014,47
CCAGTGCCAGCACCTCCCGG_001,153
CCAGTGCCAGCACCTCCCGG_002,166
CCAGTGCCAGCACCTCCCGG_003,92
CCAGTGCCAGCACCTCCCGG_004,177
CCAGTGCCAGCACCTCCCGG_005,63
CCAGTGCCAGCACCTCCCGG_006,106
CCAGTGCCAGCACCTCCCGG_007,142
CCAGTGCCAGCACCTCCCGG_008,130
CCAGTGCCAGCACCTCCCGG_009,31
CCAGTGCCAGCACCTCCCGG_010,45
CCAGTGCCAGCACCTCCCGG_011,145
CCAGTGCCAGCACCTCCCGG_012,89
CCAGTGCCAGCACCTCCCGG_013,112
CCAGTGCCAGCACCTCCCGG_014,146
CCAGTGCCAGCACCTCCCGG_015,190
CCAGTGCCAGCACCTCCCGG_016,18
CCAGTGCCAGCACCTCCCGG_017,16
CCAGTGCCAGCACCTCCCGG_018,198
CCAGTGCCAGCACCTCCCGG_019,194
CCAGTGCCAGCACCTCCCGG_020,132
CCAGTGCCAGCACCTCCCGG_021,140
CCAGTGCCAGCACCTCCCGG_022,149
CCAGTGCCAGCACCTCCCGG_023,32
CCAGTGCCAGCACCTCCCGG_024,113
CCAGTGCCAGCACCTCCCGG_025,68
CCAGTGCCAGCACCTCCCGG_026,6
CCAGTGCCAGCACCTCCCGG_027,124
CCAGTGCCAGCACCTCCCGG_028,48
CCAGTGCCAGCACCTCCCGG_029,124
GCAGCACTCTAGTTCCAACA_001,108
TGGAAACAGCTGCACCAACC_001,80
TGGAAACAGCTGCACCAACC_002,128
TGGAAACAGCTGCACCAACC_003,118
TGGAAACAGCTGCACCAACC_004,169
TGGAAACAGCTGCACCAACC_005,109
CATACTCCTTCTTCTTACGA_001,138
GCCACACGCGTTCGGCCGAG_001,177
GCCACACGCGTTCGGCCGAG_002,56
GCCACACGCGTTCGGCCGAG_003,144
GCCACACGCGTTCGGCCGAG_004,158
ACAGAAGACAGCGACAGCTG_001,145
ACAGAAGACAGCGACAGCTG_002,97
ACAGAAGACAGCGACAGCTG_003,121
ACAGAAGACAGCGACAGCTG_004,28
ACAGAAGACAGCGACAGCTG_005,124
ACAGAAGACAGCGACAGCTG_006,132
ACAGAAGACAGCGACAGCTG_007,82
CACAGAATTCACTGACGCCG_001,66
CACAGAATTCACTGACGCCG_002,147
CACAGAATTCACTGACGCCG_003,110
CACAGAATTCACTGACGCCG_004,151
CTCCAAGCGATATAACAGGA_001,182
CTCCAAGCGATATAACAGGA_002,117
CTCCAAGCGATATAACAGGA_003,103
CTCCAAGCGATATAACAGGA_004,144
ACACAGAGAATGGGTACGTA_001,23
ACACAGAGAATGGGTACGTA_002,113
ACACAGAGAATGGGTACGTA_003,150
ACACAGAGAATGGGTACGTA_004,160
ACACAGAGAATGGGTACGTA_005,125
ACACAGAGAATGGGTACGTA_006,132
ACACAGAGAATGGGTACGTA_007,184
ACACAGAGAATGGGTACGTA_008,145
ACACAGAGAATGGGTACGTA_009,192
ACACAGAGAATGGGTACGTA_010,56
ACACAGAGAATGGGTACGTA_011,137
ACACAGAGAATGGGTACGTA_012,11
ACACAGAGAATGGGTACGTA_013,79
ACACAGAGAATGGGTACGTA_014,177
ACACAGAGAATGGGTACGTA_015,23
ACACAGAGAATGGGTACGTA_016,10
ACACAGAGAATGGGTACGTA_017,108
GGCTGTGTAAGAGTATCCAG_001,9
GGCTGTGTAAGAGTATCCAG_002,38
GGCTGTGTAAGAGTATCCAG_003,67
GGCTGTGTAAGAGTATCCAG_004,191
GGCTGTGTAAGAGTATCCAG_005,19
AACATGCTCCGCCAGATCAT_001,132
AACATGCTCCGCCAGATCAT_002,175
AACATGCTCCGCCAGATCAT_003,65
AACATGCTCCGCCAGATCAT_004,186
AACATGCTCCGCCAGATCAT_005,188
AACATGCTCCGCCAGATCAT_006,42
AACATGCTCCGCCAGATCAT_007,42
AACATGCTCCGCCAGATCAT_008,127
AACATGCTCCGCCAGATCAT_009,70
GGGCTAGGCCAATTGACCGA_001,54
GGGCTAGGCCAATTGACCGA_002,81
GGGCTAGGCCAATTGACCGA_003,34
GGGCTAGGCCAATTGACCGA_004,195
GGGCTAGGCCAATTGACCGA_005,54
GGGCTAGGCCAATTGACCGA_006,17
GGGCTAGGCCAATTGACCGA_007,12
GGGCTAGGCCAATTGACCGA_008,6
GGGCTAGGCCAATTGACCGA_009,2
GGGCTAGGCCAATTGACCGA_010,67
GTGCGCCACTTCATCGAACA_001,160
GTGCGCCACTTCATCGAACA_002,62
GTGCGCCACTTCATCGAACA_003,199
GTGCGCCACTTCATCGAACA_004,15
GTGCGCCACTTCATCGAACA_005,62
GTGCGCCACTTCATCGAACA_006,104
GTGCGCCACTTCATCGAACA_007,20
GTGCGCCACTTCATCGAACA_008,2
GTGCGCCACTTCATCGAACA_009,134
GTGCGCCACTTCATCGAACA_010,8
GTGCGCCACTTCATCGAACA_011,172
GTGCGCCACTTCATCGAACA_012,122
GTGCGCCACTTCATCGAACA_013,16
GTGCGCCACTTCATCGAACA_014,27
GTGCGCCACTTCATCGAACA_015,91
GTGCGCCACTTCATCGAACA_016,103
GTGCGCCACTTCATCGAACA_017,72
GTGCGCCACTTCATCGAACA_018,0
GTGCGCCACTTCATCGAACA_019,81
GTGCGCCACTTCATCGAACA_020,63
GTGCGCCACTTCATCGAACA_021,19
GTGCGCCACTTCATCGAACA_022,184
AGTGGTTCAACGTGCGCATG_001,94
AGTGGTTCAACGTGCGCATG_002,162
AGTGGTTCAACGTGCGCATG_003,44
AGTGGTTCAACGTGCGCATG_004,162
AGTGGTTCAACGTGCGCATG_005,160
AGTGGTTCAACGTGCGCATG_006,90
AGTGGTTCAACGTGCGCATG_007,136
AGTGGTTCAACGTGCGCATG_008,22
GTAGGGCTGGCAAAACGAGT_001,27
GTAGGGCTGGCAAAACGAGT_002,78
GTAGGGCTGGCAAAACGAGT_003,26
GTAGGGCTGGCAAAACGAGT_004,194
GTAGGGCTGGCAAAACGAGT_005,44
GTAGGGCTGGCAAAACGAGT_006,127
TGGACATAATGGGCTTGGAA_001,142
TGGACATAATGGGCTTGGAA_002,130
TGGACATAATGGGCTTGGAA_003,94
TGGACATAATGGGCTTGGAA_004,82
TGGACATAATGGGCTTGGAA_005,104
TGGACATAATGGGCTTGGAA_006,58
TGGACATAATGGGCTTGGAA_007,50
TGGACATAATGGGCTTGGAA_008,145
TGGACATAATGGGCTTGGAA_009,124
TGGACATAATGGGCTTGGAA_010,4
TGGACATAATGGGCTTGGAA_011,98
ACTACATGTACGCCCGCGTG_001,76
ACTACATGTACGCCCGCGTG_002,2
GAGTCCCTAATGCTACAGTG_001,170
GAGTCCCTAATGCTACAGTG_002,127
GAGTCCCTAATGCTACAGTG_003,49
GAGTCCCTAATGCTACAGTG_004,70
GAGTCCCTAATGCTACAGTG_005,76
GAGTCCCTAATGCTACAGTG_006,94
GAGTCCCTAATGCTACAGTG_007,130
GAGTCCCTAATGCTACAGTG_008,77
AGCAATATTTGACACTGCTA_001,130
AGCAATATTTGACACTGCTA_002,197
AGCAATATTTGACACTGCTA_003,160
AGCAATATTTGACACTGCTA_004,185
AGCAATATTTGACACTGCTA_005,66
AGCAATATTTGACACTGCTA_006,28
AGCAATATTTGACACTGCTA_007,23
AGCAATATTTGACACTGCTA_008,62
AGCAATATTTGACACTGCTA_009,92
GCACTTCATGAAGCTAGTGT_001,192
GCACTTCATGAAGCTAGTGT_002,127
GCACTTCATGAAGCTAGTGT_003,106
GCACTTCATGAAGCTAGTGT_004,11
GCACTTCATGAAGCTAGTGT_005,161
TTAAAGAGGACACACCCGTT_001,195
TTAAAGAGGACACACCCGTT_002,68
GGCCTCGGGGTAAGCCACGA_001,84
GGCCTCGGGGTAAGCCACGA_002,115
GGCCTCGGGGTAAGCCACGA_003,102
GGCCTCGGGGTAAGCCACGA_004,160
GGCCTCGGGGTAAGCCACGA_005,93
GGCCTCGGGGTAAGCCACGA_006,28
GGCCTCGGGGTAAGCCACGA_007,94
GGCCTCGGGGTAAGCCACGA_008,156
GGCCTCGGGGTAAGCCACGA_009,23
CACAGGTATCTACAGGAGGT_001,53
AAAAACTCACGAAGGCAGGA_001,106
AAAAACTCACGAAGGCAGGA_002,6
AAAAACTCACGAAGGCAGGA_003,176
AAAAACTCACGAAGGCAGGA_004,20
ATGTATATAATGCCTTAAGG_001,38
GAGGGATGTTGTCTACCCAC_001,132
GAGGGATGTTGTCTACCCAC_002,83
GAGGGATGTTGTCTACCCAC_003,125
GAGGGATGTTGTCTACCCAC_004,62
GAGGGATGTTGTCTACCCAC_005,154
GAGGGATGTTGTCTACCCAC_006,50
GAGGGATGTTGTCTACCCAC_007,191
GAGGGATGTTGTCTACCCAC_008,125
GAGGGATGTTGTCTACCCAC_009,100
GAGGGATGTTGTCTACCCAC_010,19
AACTTTCGGATGCACAACCG_001,161
AACTTTCGGATGCACAACCG_002,32
AACTTTCGGATGCACAACCG_003,141
TCGGACTTTCCATCGCCAAG_001,53
TCGGACTTTCCATCGCCAAG_002,82
TCGGACTTTCCATCGCCAAG_003,103
TCGGACTTTCCATCGCCAAG_004,96
TCGGACTTTCCATCGCCAAG_005,162
TCGGACTTTCCATCGCCAAG_006,190
TCGGACTTTCCATCGCCAAG_007,94
TCGGACTTTCCATCGCCAAG_008,172
TCGGACTTTCCATCGCCAAG_009,105
ACTCAGGGATCTACTATGTG_001,138
ACTCAGGGATCTACTATGTG_002,27
ACTCAGGGATCTACTATGTG_003,6
ACTCAGGGATCTACTATGTG_004,3
ACTCAGGGATCTACTATGTG_005,196
ACTCAGGGATCTACTATGTG_006,188
ACTCAGGGATCTACTATGTG_007,4
ACTCAGGGATCTACTATGTG_008,15
ACTCTCGGGACACGAAGCCG_001,107
ACTCTCGGGACACGAAGCCG_002,191
ACTCTCGGGACACGAAGCCG_003,105
ACTCTCGGGACACGAAGCCG_004,62
ACTCTCGGGACACGAAGCCG_005,160
ACTCTCGGGACACGAAGCCG_006,53
ACTCTCGGGACACGAAGCCG_007,51
ACTCTCGGGACACGAAGCCG_008,12
ACTCTCGGGACACGAAGCCG_009,41
ACTCTCGGGACACGAAGCCG_010,147
ACTCTCGGGACACGAAGCCG_011,34
ACTCTCGGGACACGAAGCCG_012,121
ACTCTCGGGACACGAAGCCG_013,102
ACTCTCGGGACACGAAGCCG_014,136
GTGCTTTACTTACCCGTTTG_001,36
GTGCTTTACTTACCCGTTTG_002,38
GTGCTTTACTTACCCGTTTG_003,70
TGTAGCACACTTCCATATGG_001,122
TGTAGCACACTTCCATATGG_002,121
TGTAGCACACTTCCATATGG_003,82
TGTAGCACACTTCCATATGG_004,27
TGTAGCACACTTCCATATGG_005,103
TGTAGCACACTTCCATATGG_006,61
TGTAGCACACTTCCATATGG_007,142
TGTAGCACACTTCCATATGG_008,151
TGTAGCACACTTCCATATGG_009,115
ACTCTTTCAGTATACAAGAT_001,138
ACTCTTTCAGTATACAAGAT_002,160
GGCCACGCTCAGGTACTCGT_001,118
GGCCACGCTCAGGTACTCGT_002,32
GGCCACGCTCAGGTACTCGT_003,175
GGCCACGCTCAGGTACTCGT_004,168
GGCCACGCTCAGGTACTCGT_005,57
GGCCACGCTCAGGTACTCGT_006,152
CACCAATGTTGAGGGAACAG_001,169
CACCAATGTTGAGGGAACAG_002,156
CACCAATGTTGAGGGAACAG_003,156
CACCAATGTTGAGGGAACAG_004,94
CACCAATGTTGAGGGAACAG_005,144
CACCAATGTTGAGGGAACAG_006,25
CACCAATGTTGAGGGAACAG_007,170
CACCAATGTTGAGGGAACAG_008,77
CACCAATGTTGAGGGAACAG_009,149
CACCAATGTTGAGGGAACAG_010,108
CACCAATGTTGAGGGAACAG_011,108
CTGGACGCACCTTAGCCACG_001,85
CTGGACGCACCTTAGCCACG_002,150
CTGGACGCACCTTAGCCACG_003,35
CTGGACGCACCTTAGCCACG_004,133
CTGGACGCACCTTAGCCACG_005,34
CTGGACGCACCTTAGCCACG_006,166
CTGGACGCACCTTAGCCACG_007,92
CTGGACGCACCTTAGCCACG_008,176
CTGGACGCACCTTAGCCACG_009,17
CTGGACGCACCTTAGCCACG_010,119
CTGGACGCACCTTAGCCACG_011,117
CTGGACGCACCTTAGCCACG_012,183
CTGGACGCACCTTAGCCACG_013,59
CTGGACGCACCTTAGCCACG_014,185
CTGGACGCACCTTAGCCACG_015,98
CTGTCCCCACGACTCAACTG_001,74
CTGTCCCCACGACTCAACTG_002,166
CTGTCCCCACGACTCAACTG_003,188
CTGTCCCCACGACTCAACTG_004,8
CTGTCCCCACGACTCAACTG_005,23
CTGTCCCCACGACTCAACTG_006,178
CTGTCCCCACGACTCAACTG_007,29
CTGTCCCCACGACTCAACTG_008,166
CTGTCCCCACGACTCAACTG_009,9
CTGTCCCCACGACTCAACTG_010,55
CTGTCCCCACGACTCAACTG_011,121
CTGTCCCCACGACTCAACTG_012,197
CTGTCCCCACGACTCAACTG_013,104
CTGTCCCCACGACTCAACTG_014,115
CTGTCCCCACGACTCAACTG_015,168
CTGTCCCCACGACTCAACTG_016,199
CTGTCCCCACGACTCAACTG_017,8
CTGTCCCCACGACTCAACTG_018,166
CTGTCCCCACGACTCAACTG_019,166
CTGTCCCCACGACTCAACTG_020,50
CTGTCCCCACGACTCAACTG_021,50
CTGTCCCCACGACTCAACTG_022,74
CTGTCCCCACGACTCAACTG_023,68
CTGTCCCCACGACTCAACTG_024,83
CTGTCCCCACGACTCAACTG_025,88
CTGTCCCCACGACTCAACTG_026,145
CTGTCCCCACGACTCAACTG_027,81
CTGTCCCCACGACTCAACTG_028,77
CTGTCCCCACGACTCAACTG_029,119
CTGTCCCCACGACTCAACTG_030,121
CTGTCCCCACGACTCAACTG_031,62
CTGTCCCCACGACTCAACTG_032,165
CTGTCCCCACGACTCAACTG_033,15
CTGTCCCCACGACTCAACTG_034,132
CTGTCCCCACGACTCAACTG_035,60
CTGTCCCCACGACTCAACTG_036,91
CTGTCCCCACGACTCAACTG_037,158
CTGTCCCCACGACTCAACTG_038,170
GCAGGACTCACCTCATGATG_001,47
GCAGGACTCACCTCATGATG_002,21
GCAGGACTCACCTCATGATG_003,36
TTGTGGCACAGATCGCGGCG_001,61
TTGTGGCACAGATCGCGGCG_002,170
GGAGCCTCTATAGCCTTGGA_001,48
GGAGCCTCTATAGCCTTGGA_002,107
GGAGCCTCTATAGCCTTGGA_003,15
GGAGCCTCTATAGCCTTGGA_004,21
GGAGCCTCTATAGCCTTGGA_005,60
GGAGCCTCTATAGCCTTGGA_006,77
TGCTGGGAATAGGAGCCGTG_001,121
TGCTGGGAATAGGAGCCGTG_002,12
TGCTGGGAATAGGAGCCGTG_003,102
TGCTGGGAATAGGAGCCGTG_004,185
TGCTGGGAATAGGAGCCGTG_005,38
TGCTGGGAATAGGAGCCGTG_006,69
TGCTGGGAATAGGAGCCGTG_007,102
TGCTGGGAATAGGAGCCGTG_008,52
GTGAGTACTTTGGGCACCGG_001,148
GTGAGTACTTTGGGCACCGG_002,49
GTGAGTACTTTGGGCACCGG_003,22
GTGAGTACTTTGGGCACCGG_004,147
GTGAGTACTTTGGGCACCGG_005,100
GTGAGTACTTTGGGCACCGG_006,161
GTGAGTACTTTGGGCACCGG_007,36
GTGAGTACTTTGGGCACCGG_008,38
GTGAGTACTTTGGGCACCGG_009,156
GTGAGTACTTTGGGCACCGG_010,56
GTGAGTACTTTGGGCACCGG_011,83
GTGAGTACTTTGGGCACCGG_012,62
GTGAGTACTTTGGGCACCGG_013,29
GTGAGTACTTTGGGCACCGG_014,43
GTGAGTACTTTGGGCACCGG_015,152
GTGAGTACTTTGGGCACCGG_016,10
GTGAGTACTTTGGGCACCGG_017,106
GTGAGTACTTTGGGCACCGG_018,63
ACAAGACCGCTACATCGTCG_001,94
ACAAGACCGCTACATCGTCG_002,78
ACAAGACCGCTACATCGTCG_003,33
ACAAGACCGCTACATCGTCG_004,184
ACAAGACCGCTACATCGTCG_005,98
ACAAGACCGCTACATCGTCG_006,138
ACAAGACCGCTACATCGTCG_007,82
ACAAGACCGCTACATCGTCG_008,171
ACAAGACCGCTACATCGTCG_009,154
ACAAGACCGCTACATCGTCG_010,152
ACAAGACCGCTACATCGTCG_011,158
ATGGCCTTACAGTCGGAGGG_001,6
ATGGCCTTACAGTCGGAGGG_002,80
ATGGCCTTACAGTCGGAGGG_003,78
ATGGCCTTACAGTCGGAGGG_004,162
ATGGCCTTACAGTCGGAGGG_005,76
ATGGCCTTACAGTCGGAGGG_006,170
ATGGCCTTACAGTCGGAGGG_007,1
ATGGCCTTACAGTCGGAGGG_008,60
ATGGCCTTACAGTCGGAGGG_009,182
ATGGCCTTACAGTCGGAGGG_010,145
ATGGCCTTACAGTCGGAGGG_011,51
ATGGCCTTACAGTCGGAGGG_012,199
ATGGCCTTACAGTCGGAGGG_013,77
ATGGCCTTACAGTCGGAGGG_014,142
ATGGCCTTACAGTCGGAGGG_015,162
ATGGCCTTACAGTCGGAGGG_016,177
ATGGCCTTACAGTCGGAGGG_017,38
ATGGCCTTACAGTCGGAGGG_018,69
ATGGCCTTACAGTCGGAGGG_019,127
ATGGCCTTACAGTCGGAGGG_020,98
ATGGCCTTACAGTCGGAGGG_021,127
ATGGCCTTACAGTCGGAGGG_022,114
ATGGCCTTACAGTCGGAGGG_023,193
ATGGCCTTACAGTCGGAGGG_024,95
ATGGCCTTACAGTCGGAGGG_025,105
ATGGCCTTACAGTCGGAGGG_026,78
ATGGCCTTACAGTCGGAGGG_027,146
ATGGCCTTACAGTCGGAGGG_028,124
ATGGCCTTACAGTCGGAGGG_029,160
ATGGCCTTACAGTCGGAGGG_030,121
ATGGCCTTACAGTCGGAGGG_031,84
ATGGCCTTACAGTCGGAGGG_032,31
ATGGCCTTACAGTCGGAGGG_033,73
ATGGCCTTACAGTCGGAGGG_034,76
ATGGCCTTACAGTCGGAGGG_035,35
ATGGCCTTACAGTCGGAGGG_036,48
ATGGCCTTACAGTCGGAGGG_037,28
AAGCGGGCTCGGAAAGCGGT_001,18
AAGCGGGCTCGGAAAGCGGT_002,148
AAGCGGGCTCGGAAAGCGGT_003,166
AAGCGGGCTCGGAAAGCGGT_004,3
AAGCGGGCTCGGAAAGCGGT_005,157
AAGCGGGCTCGGAAAGCGGT_006,171
AAGCGGGCTCGGAAAGCGGT_007,5
AAGCGGGCTCGGAAAGCGGT_008,183
AAGCGGGCTCGGAAAGCGGT_009,162
AAGCGGGCTCGGAAAGCGGT_010,170
AAGCGGGCTCGGAAAGCGGT_011,0
AAGCGGGCTCGGAAAGCGGT_012,144
AAGCGGGCTCGGAAAGCGGT_013,124
AAGCGGGCTCGGAAAGCGGT_014,181
AAGCGGGCTCGGAAAGCGGT_015,122
AAGCGGGCTCGGAAAGCGGT_016,129
AAGCGGGCTCGGAAAGCGGT_017,150
AAGCGGGCTCGGAAAGCGGT_018,45
AAGCGGGCTCGGAAAGCGGT_019,61
AAGCGGGCTCGGAAAGCGGT_020,163
AAGCGGGCTCGGAAAGCGGT_021,150
AAGCGGGCTCGGAAAGCGGT_022,9
AAGCGGGCTCGGAAAGCGGT_023,162
AAGCGGGCTCGGAAAGCGGT_024,8
AAGCGGGCTCGGAAAGCGGT_025,150
AAGCGGGCTCGGAAAGCGGT_026,45
AAGCGGGCTCGGAAAGCGGT_027,82
AAGCGGGCTCGGAAAGCGGT_028,169
AAGCGGGCTCGGAAAGCGGT_029,194
AAGCGGGCTCGGAAAGCGGT_030,194
AAGCGGGCTCGGAAAGCGGT_031,96
AAGCGGGCTCGGAAAGCGGT_032,54
AAGCGGGCTCGGAAAGCGGT_033,41
AAGCGGGCTCGGAAAGCGGT_034,172
AAGCGGGCTCGGAAAGCGGT_035,121
AAGCGGGCTCGGAAAGCGGT_036,59
AAGCGGGCTCGGAAAGCGGT_037,128
AAGCGGGCTCGGAAAGCGGT_038,94
AAGCGGGCTCGGAAAGCGGT_039,61
AAGCGGGCTCGGAAAGCGGT_040,74
AAGCGGGCTCGGAAAGCGGT_041,84
AAGCGGGCTCGGAAAGCGGT_042,8
AAGCGGGCTCGGAAAGCGGT_043,2
AAGCGGGCTCGGAAAGCGGT_044,96
AAGCGGGCTCGGAAAGCGGT_045,174
AAGCGGGCTCGGAAAGCGGT_046,11
AAGCGGGCTCGGAAAGCGGT_047,80
AAGCGGGCTCGGAAAGCGGT_048,78
AAGCGGGCTCGGAAAGCGGT_049,5
AAGCGGGCTCGGAAAGCGGT_050,57
AAGCGGGCTCGGAAAGCGGT_051,82
AAGCGGGCTCGGAAAGCGGT_052,48
AAGCGGGCTCGGAAAGCGGT_053,104
AAGCGGGCTCGGAAAGCGGT_054,27
AAGCGGGCTCGGAAAGCGGT_055,191
AAGCGGGCTCGGAAAGCGGT_056,13
AAGCGGGCTCGGAAAGCGGT_057,138
AAGCGGGCTCGGAAAGCGGT_058,138
AAGCGGGCTCGGAAAGCGGT_059,144
AAGCGGGCTCGGAAAGCGGT_060,21
ACCCGAGTGATGAATAGCCG_001,120
ACCCGAGTGATGAATAGCCG_002,182
ACCCGAGTGATGAATAGCCG_003,158
ACCCGAGTGATGAATAGCCG_004,8
ACCCGAGTGATGAATAGCCG_005,49
ACCCGAGTGATGAATAGCCG_006,160
ACCCGAGTGATGAATAGCCG_007,174
ACCCGAGTGATGAATAGCCG_008,58
ACCCGAGTGATGAATAGCCG_009,145
ACCCGAGTGATGAATAGCCG_010,53
ACCCGAGTGATGAATAGCCG_011,64
ACCCGAGTGATGAATAGCCG_012,79
ATTTCTGCCAAAGTAGAAGG_001,182
ATTTCTGCCAAAGTAGAAGG_002,113
ATTTCTGCCAAAGTAGAAGG_003,33
GGCGGGCTAGAACTCTGCGT_001,31
GGCGGGCTAGAACTCTGCGT_002,30
GGCGGGCTAGAACTCTGCGT_003,92
GGCGGGCTAGAACTCTGCGT_004,82
GGCGGGCTAGAACTCTGCGT_005,132
GGCGGGCTAGAACTCTGCGT_006,172
GGTGACTGTAGCGTCAGATG_001,24
GGTGACTGTAGCGTCAGATG_002,135
GGTGACTGTAGCGTCAGATG_003,48
GGTGACTGTAGCGTCAGATG_004,127
GGTGACTGTAGCGTCAGATG_005,76
GGTGACTGTAGCGTCAGATG_006,41
GGTGACTGTAGCGTCAGATG_007,19
GGTGACTGTAGCGTCAGATG_008,101
GGTGACTGTAGCGTCAGATG_009,62
GGTGACTGTAGCGTCAGATG_010,94
GACAGTAGGGAAACCAGTGT_001,63
GACAGTAGGGAAACCAGTGT_002,192
GACAGTAGGGAAACCAGTGT_003,82
GACAGTAGGGAAACCAGTGT_004,4
GACAGTAGGGAAACCAGTGT_005,56
GACAGTAGGGAAACCAGTGT_006,80
GACAGTAGGGAAACCAGTGT_007,100
GACAGTAGGGAAACCAGTGT_008,76
GACAGTAGGGAAACCAGTGT_009,199
GACAGTAGGGAAACCAGTGT_010,185
GACAGTAGGGAAACCAGTGT_011,139
GACAGTAGGGAAACCAGTGT_012,6
GACAGTAGGGAAACCAGTGT_013,80
CTAAAGGAACCCCTTGCATG_001,157
CTAAAGGAACCCCTTGCATG_002,62
CTAAAGGAACCCCTTGCATG_003,162
CTAAAGGAACCCCTTGCATG_004,121
CTAAAGGAACCCCTTGCATG_005,44
CTAAAGGAACCCCTTGCATG_006,114
CTTTGTGACAAGCAACCGAT_001,88
CTTTGTGACAAGCAACCGAT_002,48
CTTTGTGACAAGCAACCGAT_003,68
CTTTGTGACAAGCAACCGAT_004,191
CTTTGTGACAAGCAACCGAT_005,162
CTTTGTGACAAGCAACCGAT_006,104
CTTTGTGACAAGCAACCGAT_007,108
CTTTGTGACAAGCAACCGAT_008,80
CTTTGTGACAAGCAACCGAT_009,152
CTTTGTGACAAGCAACCGAT_010,49
CTTTGTGACAAGCAACCGAT_011,144
CTTTGTGACAAGCAACCGAT_012,46
CTTAGACAGATATCCACAGG_001,164
GAGCGCAAAGCAAACGTACG_001,105
GAGCGCAAAGCAAACGTACG_002,105
GAGCGCAAAGCAAACGTACG_003,25
GAGCGCAAAGCAAACGTACG_004,50
GAGCGCAAAGCAAACGTACG_005,4
GAGCGCAAAGCAAACGTACG_006,199
CAGCTGGTGGATGGACAGCG_001,167
CAGCTGGTGGATGGACAGCG_002,118
CAGCTGGTGGATGGACAGCG_003,18
CAGCTGGTGGATGGACAGCG_004,163
CAGCTGGTGGATGGACAGCG_005,40
CAGCTGGTGGATGGACAGCG_006,138
CAGCTGGTGGATGGACAGCG_007,152
CAGCTGGTGGATGGACAGCG_008,19
CAGCTGGTGGATGGACAGCG_009,183
CAGCTGGTGGATGGACAGCG_010,158
CAGCTGGTGGATGGACAGCG_011,127
CAGCTGGTGGATGGACAGCG_012,158
CAGCTGGTGGATGGACAGCG_013,183
TGTGGAACATTACAGTCCAA_001,163
CTGGATTCGGAATACCCTAG_001,9
CTGGATTCGGAATACCCTAG_002,7
CTGGATTCGGAATACCCTAG_003,115
CTGGATTCGGAATACCCTAG_004,28
CTGGATTCGGAATACCCTAG_005,54
GGTGATAAAGGCCATGACCA_001,189
GGTGATAAAGGCCATGACCA_002,199
GGTGATAAAGGCCATGACCA_003,94
GGTGATAAAGGCCATGACCA_004,81
GGTGATAAAGGCCATGACCA_005,121
GGTGATAAAGGCCATGACCA_006,81
GACCTTGTAATTGCGCGGCA_001,182
GACCTTGTAATTGCGCGGCA_002,48
GACCTTGTAATTGCGCGGCA_003,197
GACCTTGTAATTGCGCGGCA_004,127
GACCTTGTAATTGCGCGGCA_005,5
GACCTTGTAATTGCGCGGCA_006,115
TCTTGCCGTGTTACACATGA_001,170
TCTTGCCGTGTTACACATGA_002,169
TCTTGCCGTGTTACACATGA_003,184
TCTTGCCGTGTTACACATGA_004,48
AGGAGAAAAGCAAACCCTTG_001,172
AGGAGAAAAGCAAACCCTTG_002,52
AGGAGAAAAGCAAACCCTTG_003,163
AGGAGAAAAGCAAACCCTTG_004,101
AGGAGAAAAGCAAACCCTTG_005,70
AGGAGAAAAGCAAACCCTTG_006,146
GAGGGCCTGGCACTCGACAT_001,94
GAGGGCCTGGCACTCGACAT_002,1
TGATTCACTTGATTGATAGA_001,115
TGATTCACTTGATTGATAGA_002,85
TGATTCACTTGATTGATAGA_003,2
TGATTCACTTGATTGATAGA_004,69
TGATTCACTTGATTGATAGA_005,147
TACCTACTTCTGGTACCGAG_001,40
TACCTACTTCTGGTACCGAG_002,198
TACCTACTTCTGGTACCGAG_003,112
TACCTACTTCTGGTACCGAG_004,85
TTCAACACCAGGGTTAACAA_001,195
TTCAACACCAGGGTTAACAA_002,191
TTCAACACCAGGGTTAACAA_003,98
TTCAACACCAGGGTTAACAA_004,82
TTCAACACCAGGGTTAACAA_005,34
TTCAACACCAGGGTTAACAA_006,50
TTCAACACCAGGGTTAACAA_007,121
TTCAACACCAGGGTTAACAA_008,23
TTCAACACCAGGGTTAACAA_009,151
TTCAACACCAGGGTTAACAA_010,136
TTCAACACCAGGGTTAACAA_011,13
TTCAACACCAGGGTTAACAA_012,160
GTGACTGACACCAAGGGTCC_001,56
GTGACTGACACCAAGGGTCC_002,95
GTGACTGACACCAAGGGTCC_003,54
GTGACTGACACCAAGGGTCC_004,147
GTGACTGACACCAAGGGTCC_005,61
GTGACTGACACCAAGGGTCC_006,76
GTGACTGACACCAAGGGTCC_007,53
GTGACTGACACCAAGGGTCC_008,111
GTGACTGACACCAAGGGTCC_009,196
GTGACTGACACCAAGGGTCC_010,193
GTGACTGACACCAAGGGTCC_011,162
GTGACTGACACCAAGGGTCC_012,137
GTGACTGACACCAAGGGTCC_013,17
GTGACTGACACCAAGGGTCC_014,46
GTGACTGACACCAAGGGTCC_015,28
TAGAGTGCTGTAGTATACAG_001,76
TAGAGTGCTGTAGTATACAG_002,40
TAGAGTGCTGTAGTATACAG_003,151
AGAAGTTGACCCTCACCCGA_001,114
AGAAGTTGACCCTCACCCGA_002,114
AGAAGTTGACCCTCACCCGA_003,145
AGAAGTTGACCCTCACCCGA_004,161
AGAAGTTGACCCTCACCCGA_005,70
AGAAGTTGACCCTCACCCGA_006,115
AGAAGTTGACCCTCACCCGA_007,132
AGAAGTTGACCCTCACCCGA_008,53
AGAAGTTGACCCTCACCCGA_009,73
AGAAGTTGACCCTCACCCGA_010,41
AGAAGTTGACCCTCACCCGA_011,155
AGAAGTTGACCCTCACCCGA_012,29
AGAAGTTGACCCTCACCCGA_013,76
AGAAGTTGACCCTCACCCGA_014,108
AGAAGTTGACCCTCACCCGA_015,145
AGAAGTTGACCCTCACCCGA_016,105
AGAAGTTGACCCTCACCCGA_017,3
AGAAGTTGACCCTCACCCGA_018,17
AGAAGTTGACCCTCACCCGA_019,165
ATAGGTCCGCATGTTTGGAT_001,40
ATAGGTCCGCATGTTTGGAT_002,78
ATAGGTCCGCATGTTTGGAT_003,41
ATAGGTCCGCATGTTTGGAT_004,158
ATAGGTCCGCATGTTTGGAT_005,150
ATAGGTCCGCATGTTTGGAT_006,150
ATAGGTCCGCATGTTTGGAT_007,92
ATAGGTCCGCATGTTTGGAT_008,118
ATAGGTCCGCATGTTTGGAT_009,131
ATAGGTCCGCATGTTTGGAT_010,15
ATAGGTCCGCATGTTTGGAT_011,115
ATAGGTCCGCATGTTTGGAT_012,186
ATAGGTCCGCATGTTTGGAT_013,171
ATAGGTCCGCATGTTTGGAT_014,162
ATAGGTCCGCATGTTTGGAT_015,12
ATAGGTCCGCATGTTTGGAT_016,160
ATAGGTCCGCATGTTTGGAT_017,78
ATAGGTCCGCATGTTTGGAT_018,77
ATAGGTCCGCATGTTTGGAT_019,135
ATAGGTCCGCATGTTTGGAT_020,64
ATAGGTCCGCATGTTTGGAT_021,71
ATAGGTCCGCATGTTTGGAT_022,189
ATAGGTCCGCATGTTTGGAT_023,143
ATAGGTCCGCATGTTTGGAT_024,8
ATAGGTCCGCATGTTTGGAT_025,63
ATAGGTCCGCATGTTTGGAT_026,114
ATAGGTCCGCATGTTTGGAT_027,198
ATAGGTCCGCATGTTTGGAT_028,76
ATAGGTCCGCATGTTTGGAT_029,117
ATAGGTCCGCATGTTTGGAT_030,165
ATAGGTCCGCATGTTTGGAT_031,48
ATAGGTCCGCATGTTTGGAT_032,81
ATAGGTCCGCATGTTTGGAT_033,115
ATAGGTCCGCATGTTTGGAT_034,117
ATAGGTCCGCATGTTTGGAT_035,148
ATAGGTCCGCATGTTTGGAT_036,108
ATAGGTCCGCATGTTTGGAT_037,86
ATAGGTCCGCATGTTTGGAT_038,88
ATAGGTCCGCATGTTTGGAT_039,182
ATAGGTCCGCATGTTTGGAT_040,40
ATAGGTCCGCATGTTTGGAT_041,124
ATAGGTCCGCATGTTTGGAT_042,48
ATAGGTCCGCATGTTTGGAT_043,158
CTCAACAACAACCTCCCGGG_001,50
CTCAACAACAACCTCCCGGG_002,43
CTCAACAACAACCTCCCGGG_003,85
CTCAACAACAACCTCCCGGG_004,45
CTCAACAACAACCTCCCGGG_005,94
CTCAACAACAACCTCCCGGG_006,134
CTCAACAACAACCTCCCGGG_007,38
CTCAACAACAACCTCCCGGG_008,44
CTCAACAACAACCTCCCGGG_009,92
CTCAACAACAACCTCCCGGG_010,126
CTCAACAACAACCTCCCGGG_011,36
CTCAACAACAACCTCCCGGG_012,108
CTCAACAACAACCTCCCGGG_013,198
CTCAACAACAACCTCCCGGG_014,197
CTCAACAACAACCTCCCGGG_015,52
TCCTTTATAGGCGGTCCGTG_001,42
TCCTTTATAGGCGGTCCGTG_002,168
TCCTTTATAGGCGGTCCGTG_003,12
TCCTTTATAGGCGGTCCGTG_004,137
TCCTTTATAGGCGGTCCGTG_005,49
TCCTTTATAGGCGGTCCGTG_006,1
TCCTTTATAGGCGGTCCGTG_007,137
TCCTTTATAGGCGGTCCGTG_008,66
AGTCTTCATGGTGAACATAG_001,115
AGTCTTCATGGTGAACATAG_002,0
GGTAAGGCTGGAAAGGACTC_001,80
GGTAAGGCTGGAAAGGACTC_002,196
GGTAAGGCTGGAAAGGACTC_003,115
GGTAAGGCTGGAAAGGACTC_004,17
GGTAAGGCTGGAAAGGACTC_005,19
GGTAAGGCTGGAAAGGACTC_006,199
GGTAAGGCTGGAAAGGACTC_007,128
GGTAAGGCTGGAAAGGACTC_008,78
GGTAAGGCTGGAAAGGACTC_009,24
GGTAAGGCTGGAAAGGACTC_010,49
GGTAAGGCTGGAAAGGACTC_011,177
GGTAAGGCTGGAAAGGACTC_012,129
GGTAAGGCTGGAAAGGACTC_013,58
GGTAAGGCTGGAAAGGACTC_014,34
GGTAAGGCTGGAAAGGACTC_015,165
TCTGGGACCAGCGGTCGGAG_001,41
TCTGGGACCAGCGGTCGGAG_002,127
TCTGGGACCAGCGGTCGGAG_003,62
TCTGGGACCAGCGGTCGGAG_004,50
TCTGGGACCAGCGGTCGGAG_005,173
TCTGGGACCAGCGGTCGGAG_006,48
TCTGGGACCAGCGGTCGGAG_007,60
TCTGGGACCAGCGGTCGGAG_008,17
TCTGGGACCAGCGGTCGGAG_009,25
TCTGGGACCAGCGGTCGGAG_010,40
TCTGGGACCAGCGGTCGGAG_011,0
GCTTCATCAAAACTATGCAG_001,8
GCTTCATCAAAACTATGCAG_002,150
GCTTCATCAAAACTATGCAG_003,83
GCTTCATCAAAACTATGCAG_004,133
GCTTCATCAAAACTATGCAG_005,134
GCTTCATCAAAACTATGCAG_006,68
GCTTCATCAAAACTATGCAG_007,68
GCTTCATCAAAACTATGCAG_008,176
TCTTATCACCCCAACTTCCG_001,30
TCTTATCACCCCAACTTCCG_002,63
TCTTATCACCCCAACTTCCG_003,130
TCTTATCACCCCAACTTCCG_004,56
TCTTATCACCCCAACTTCCG_005,191
TCTTATCACCCCAACTTCCG_006,149
TCTTATCACCCCAACTTCCG_007,49
TCTTATCACCCCAACTTCCG_008,71
TGGGCTTGGAGTATGGAATG_001,0
TGGGCTTGGAGTATGGAATG_002,23
TGGGCTTGGAGTATGGAATG_003,97
TGGGCTTGGAGTATGGAATG_004,127
TGGGCTTGGAGTATGGAATG_005,69
CAGGATTGGTACGACAAGAA_001,21
CAGGATTGGTACGACAAGAA_002,81
CAGGATTGGTACGACAAGAA_003,95
CAGGATTGGTACGACAAGAA_004,69
TGGTTTCATGACACTCAATG_001,0
TGGTTTCATGACACTCAATG_002,35
TGGTTTCATGACACTCAATG_003,8
TGGTTTCATGACACTCAATG_004,81
TGGTTTCATGACACTCAATG_005,58
CTGGATGTGATGTGCTGGCG_001,112
CTGGATGTGATGTGCTGGCG_002,17
CTGGATGTGATGTGCTGGCG_003,40
CTGGATGTGATGTGCTGGCG_004,78
CTGGATGTGATGTGCTGGCG_005,10
CTGGATGTGATGTGCTGGCG_006,88
CTGGATGTGATGTGCTGGCG_007,76
CTGGATGTGATGTGCTGGCG_008,29
CTGGATGTGATGTGCTGGCG_009,162
CTGGATGTGATGTGCTGGCG_010,16
CTGGATGTGATGTGCTGGCG_011,172
CTGGATGTGATGTGCTGGCG_012,124
CTGGATGTGATGTGCTGGCG_013,107
CTGGATGTGATGTGCTGGCG_014,23
CACGCGGTACGGGCCCAGTG_001,118
CACGCGGTACGGGCCCAGTG_002,182
CACGCGGTACGGGCCCAGTG_003,24
CACGCGGTACGGGCCCAGTG_004,155
CACGCGGTACGGGCCCAGTG_005,150
CACGCGGTACGGGCCCAGTG_006,75
CACGCGGTACGGGCCCAGTG_007,3
CACGCGGTACGGGCCCAGTG_008,175
CACGCGGTACGGGCCCAGTG_009,49
CACGCGGTACGGGCCCAGTG_010,66
CACGCGGTACGGGCCCAGTG_011,126
CACGCGGTACGGGCCCAGTG_012,96
CACGCGGTACGGGCCCAGTG_013,167
GATATACTCGCACCTGTGTG_001,65
GATATACTCGCACCTGTGTG_002,80
GATTGGATAAGACACAGCAC_001,156
GATTGGATAAGACACAGCAC_002,134
GATTGGATAAGACACAGCAC_003,101
GATTGGATAAGACACAGCAC_004,196
GATTGGATAAGACACAGCAC_005,176
GATTGGATAAGACACAGCAC_006,88
GATTGGATAAGACACAGCAC_007,162
GATTGGATAAGACACAGCAC_008,120
GATTGGATAAGACACAGCAC_009,2
GATTGGATAAGACACAGCAC_010,60
GATTGGATAAGACACAGCAC_011,82
GATTGGATAAGACACAGCAC_012,183
GATTGGATAAGACACAGCAC_013,128
GATTGGATAAGACACAGCAC_014,156
GATTGGATAAGACACAGCAC_015,107
GATTGGATAAGACACAGCAC_016,197
GATTGGATAAGACACAGCAC_017,6
GATTGGATAAGACACAGCAC_018,69
GATTGGATAAGACACAGCAC_019,53
GATTGGATAAGACACAGCAC_020,19
GATTGGATAAGACACAGCAC_021,54
GATTGGATAAGACACAGCAC_022,85
GATTGGATAAGACACAGCAC_023,34
GATTGGATAAGACACAGCAC_024,183
GATTGGATAAGACACAGCAC_025,10
GATTGGATAAGACACAGCAC_026,101
AATGGACAGTCATTAACCAA_001,149
AATGGACAGTCATTAACCAA_002,196
AATGGACAGTCATTAACCAA_003,126
AATGGACAGTCATTAACCAA_004,165
AATGGACAGTCATTAACCAA_005,84
AATGGACAGTCATTAACCAA_006,127
AATGGACAGTCATTAACCAA_007,151
AATGGACAGTCATTAACCAA_008,151
AATGGACAGTCATTAACCAA_009,16
AATGGACAGTCATTAACCAA_010,113
AATGGACAGTCATTAACCAA_011,70
GAGAAGCCTAAGCGGAATGG_001,189
GAGAAGCCTAAGCGGAATGG_002,147
GAGAAGCCTAAGCGGAATGG_003,148
GAGAAGCCTAAGCGGAATGG_004,157
GAGAAGCCTAAGCGGAATGG_005,35
TAGAACGAATTATCCTGACA_001,35
TAGAACGAATTATCCTGACA_002,67
TAGAACGAATTATCCTGACA_003,174
TGCGGCGACTCAGGCTGCTG_001,195
TGCGGCGACTCAGGCTGCTG_002,59
TGCGGCGACTCAGGCTGCTG_003,8
TGCGGCGACTCAGGCTGCTG_004,175
TGCGGCGACTCAGGCTGCTG_005,51
TGCGGCGACTCAGGCTGCTG_006,176
TGCGGCGACTCAGGCTGCTG_007,182
TGCGGCGACTCAGGCTGCTG_008,177
TGCGGCGACTCAGGCTGCTG_009,9
TGCGGCGACTCAGGCTGCTG_010,144
TGCGGCGACTCAGGCTGCTG_011,14
TGCGGCGACTCAGGCTGCTG_012,11
TGCGGCGACTCAGGCTGCTG_013,160
TGCGGCGACTCAGGCTGCTG_014,50
TGCGGCGACTCAGGCTGCTG_015,146
TGCGGCGACTCAGGCTGCTG_016,56
TGCGGCGACTCAGGCTGCTG_017,70
TGCGGCGACTCAGGCTGCTG_018,77
TGCGGCGACTCAGGCTGCTG_019,144
TGCGGCGACTCAGGCTGCTG_020,43
TGCGGCGACTCAGGCTGCTG_021,104
TGCGGCGACTCAGGCTGCTG_022,113
TGCGGCGACTCAGGCTGCTG_023,128
TGCGGCGACTCAGGCTGCTG_024,126
TGCGGCGACTCAGGCTGCTG_025,75
TGCGGCGACTCAGGCTGCTG_026,34
TGCGGCGACTCAGGCTGCTG_027,127
TGCGGCGACTCAGGCTGCTG_028,78
TGCGGCGACTCAGGCTGCTG_029,181
TGCGGCGACTCAGGCTGCTG_030,2
TGCGGCGACTCAGGCTGCTG_031,187
TGCGGCGACTCAGGCTGCTG_032,45
TGCGGCGACTCAGGCTGCTG_033,156
TGCGGCGACTCAGGCTGCTG_034,150
TGCGGCGACTCAGGCTGCTG_035,184
TGCGGCGACTCAGGCTGCTG_036,63
TGCGGCGACTCAGGCTGCTG_037,174
TGCGGCGACTCAGGCTGCTG_038,147
TGCGGCGACTCAGGCTGCTG_039,64
TGCGGCGACTCAGGCTGCTG_040,1
TGCGGCGACTCAGGCTGCTG_041,121
TGCGGCGACTCAGGCTGCTG_042,78
TGCGGCGACTCAGGCTGCTG_043,106
TGCGGCGACTCAGGCTGCTG_044,98
TGCGGCGACTCAGGCTGCTG_045,146
TGCGGCGACTCAGGCTGCTG_046,140
TGCGGCGACTCAGGCTGCTG_047,88
AGAAGACACCTATTACACGA_001,147
AATACTCCCCCAGTTGCAAG_001,156
AATACTCCCCCAGTTGCAAG_002,77
AATACTCCCCCAGTTGCAAG_003,81
AATACTCCCCCAGTTGCAAG_004,191
AATACTCCCCCAGTTGCAAG_005,194
AATACTCCCCCAGTTGCAAG_006,27
AATACTCCCCCAGTTGCAAG_007,105
AATACTCCCCCAGTTGCAAG_008,48
AATACTCCCCCAGTTGCAAG_009,148
AATACTCCCCCAGTTGCAAG_010,158
AATACTCCCCCAGTTGCAAG_011,69
AATACTCCCCCAGTTGCAAG_012,177
AATACTCCCCCAGTTGCAAG_013,177
AATACTCCCCCAGTTGCAAG_014,137
AATACTCCCCCAGTTGCAAG_015,118
AATACTCCCCCAGTTGCAAG_016,50
AATACTCCCCCAGTTGCAAG_017,160
AATACTCCCCCAGTTGCAAG_018,54
AATACTCCCCCAGTTGCAAG_019,63
AATACTCCCCCAGTTGCAAG_020,198
AATACTCCCCCAGTTGCAAG_021,168
AATACTCCCCCAGTTGCAAG_022,43
AATACTCCCCCAGTTGCAAG_023,134
AATACTCCCCCAGTTGCAAG_024,166
TGCCATCACTAAACCAGACA_001,77
TGCCATCACTAAACCAGACA_002,170
TGCCATCACTAAACCAGACA_003,94
TGCCATCACTAAACCAGACA_004,161
TGCCATCACTAAACCAGACA_005,143
TGCCATCACTAAACCAGACA_006,12
TGCCATCACTAAACCAGACA_007,198
TGCCATCACTAAACCAGACA_008,15
TGCCATCACTAAACCAGACA_009,81
TGCCATCACTAAACCAGACA_010,169
CCTCATAAAGCGAGTCGTCA_001,119
CCTCATAAAGCGAGTCGTCA_002,169
CCTCATAAAGCGAGTCGTCA_003,147
CCTCATAAAGCGAGTCGTCA_004,33
CCTCATAAAGCGAGTCGTCA_005,1
CCTCATAAAGCGAGTCGTCA_006,1
CCTCATAAAGCGAGTCGTCA_007,171
TCTCTCGGAGTGGAGCAACA_001,114
AATGGGGCATTATAACAACG_001,70
AATGGGGCATTATAACAACG_002,160
TCAGTTGGACGACAAACGCA_001,139
TCAGTTGGACGACAAACGCA_002,137
TCAGTTGGACGACAAACGCA_003,145
TCAGTTGGACGACAAACGCA_004,115
TCAGTTGGACGACAAACGCA_005,74
TCAGTTGGACGACAAACGCA_006,169
TCAGTTGGACGACAAACGCA_007,46
TTGAGGTTGACGGCTCTCAG_001,127
TTGAGGTTGACGGCTCTCAG_002,126
TTGAGGTTGACGGCTCTCAG_003,30
TTGAGGTTGACGGCTCTCAG_004,100
TTGAGGTTGACGGCTCTCAG_005,96
TTGAGGTTGACGGCTCTCAG_006,147
TTGAGGTTGACGGCTCTCAG_007,157
AAAGTGACGCCCTTGGAGTG_001,94
AAAGTGACGCCCTTGGAGTG_002,150
AAAGTGACGCCCTTGGAGTG_003,72
AAAGTGACGCCCTTGGAGTG_004,56
AAAGTGACGCCCTTGGAGTG_005,141
AAAGTGACGCCCTTGGAGTG_006,61
AAAGTGACGCCCTTGGAGTG_007,44
AAAGTGACGCCCTTGGAGTG_008,130
AAAGTGACGCCCTTGGAGTG_009,187
AAAGTGACGCCCTTGGAGTG_010,187
TGGTCATTCAGCAGTTCCTC_001,1
TGGTCATTCAGCAGTTCCTC_002,158
TGGTCATTCAGCAGTTCCTC_003,98
TGGTCATTCAGCAGTTCCTC_004,145
TGGTCATTCAGCAGTTCCTC_005,121
GAACCCGGCGAAAAGCCGCG_001,196
GAACCCGGCGAAAAGCCGCG_002,32
GAACCCGGCGAAAAGCCGCG_003,74
GAACCCGGCGAAAAGCCGCG_004,134
GAACCCGGCGAAAAGCCGCG_005,69
GAACCCGGCGAAAAGCCGCG_006,40
GAACCCGGCGAAAAGCCGCG_007,57
GAACCCGGCGAAAAGCCGCG_008,28
ATGGCGTCACGTTCACGCAG_001,25
ATGGCGTCACGTTCACGCAG_002,58
ATGGCGTCACGTTCACGCAG_003,72
ATGGTAAAACCCAGTAGCAG_001,148
ATGGTAAAACCCAGTAGCAG_002,63
ATGGTAAAACCCAGTAGCAG_003,15
ATGGTAAAACCCAGTAGCAG_004,199
ATGGTAAAACCCAGTAGCAG_005,192
ATGGTAAAACCCAGTAGCAG_006,148
ATGGTAAAACCCAGTAGCAG_007,135
ATGGTAAAACCCAGTAGCAG_008,148
ATGGTAAAACCCAGTAGCAG_009,155
ATGGTAAAACCCAGTAGCAG_010,115
ATGGTAAAACCCAGTAGCAG_011,144
ATGGTAAAACCCAGTAGCAG_012,109
ATGGTAAAACCCAGTAGCAG_013,109
ATGGTAAAACCCAGTAGCAG_014,57
ATGGTAAAACCCAGTAGCAG_015,57
TGGCAGAGATCCCCTCGGCG_001,29
TGGCAGAGATCCCCTCGGCG_002,172
GGAGAACCCGAACTGGTCGG_001,163
GGAGAACCCGAACTGGTCGG_002,52
GGAGAACCCGAACTGGTCGG_003,17
GGAGAACCCGAACTGGTCGG_004,6
GGAGAACCCGAACTGGTCGG_005,130
GGAGAACCCGAACTGGTCGG_006,12
GGAGAACCCGAACTGGTCGG_007,184
GGAGAACCCGAACTGGTCGG_008,160
GGAGAACCCGAACTGGTCGG_009,148
GGAGAACCCGAACTGGTCGG_010,103
GGAGAACCCGAACTGGTCGG_011,172
GGAGAACCCGAACTGGTCGG_012,172
GGAGAACCCGAACTGGTCGG_013,81
GGAGAACCCGAACTGGTCGG_014,68
GGAGAACCCGAACTGGTCGG_015,63
GGAGAACCCGAACTGGTCGG_016,169
GGAGAACCCGAACTGGTCGG_017,70
GGAGAACCCGAACTGGTCGG_018,160
GGAGAACCCGAACTGGTCGG_019,38
CGGCGCCAGAGTCGACGCGT_001,139
CGGCGCCAGAGTCGACGCGT_002,98
CGGCGCCAGAGTCGACGCGT_003,175
CGGCGCCAGAGTCGACGCGT_004,199
CGGCGCCAGAGTCGACGCGT_005,115
ACACACAAGTGACTCCTGCA_001,15
ACACACAAGTGACTCCTGCA_002,132
ACACACAAGTGACTCCTGCA_003,40
ACACACAAGTGACTCCTGCA_004,58
ACACACAAGTGACTCCTGCA_005,127
ACACACAAGTGACTCCTGCA_006,43
ACACACAAGTGACTCCTGCA_007,27
ACACACAAGTGACTCCTGCA_008,17
ACACACAAGTGACTCCTGCA_009,81
AGGCTATGGCGAGAAAAGGG_001,98
AGGCTATGGCGAGAAAAGGG_002,78
AGGCTATGGCGAGAAAAGGG_003,89
AGGCTATGGCGAGAAAAGGG_004,43
AGGCTATGGCGAGAAAAGGG_005,100
AGGCTATGGCGAGAAAAGGG_006,138
AGGCTATGGCGAGAAAAGGG_007,104
AGGCTATGGCGAGAAAAGGG_008,194
AGGCTATGGCGAGAAAAGGG_009,126
AGGCTATGGCGAGAAAAGGG_010,153
AGGCTATGGCGAGAAAAGGG_011,70
ATTAGATGCCGATTGCTGGG_001,4
ATTAGATGCCGATTGCTGGG_002,114
ATTAGATGCCGATTGCTGGG_003,170
ATTAGATGCCGATTGCTGGG_004,95
TCTTACAGGTGGGCTTGCGT_001,133
TCTTACAGGTGGGCTTGCGT_002,130
TCTTACAGGTGGGCTTGCGT_003,182
TCTTACAGGTGGGCTTGCGT_004,164
TCTTACAGGTGGGCTTGCGT_005,164
TCTTACAGGTGGGCTTGCGT_006,127
TCTTACAGGTGGGCTTGCGT_007,68
TCTTACAGGTGGGCTTGCGT_008,59
TCTTACAGGTGGGCTTGCGT_009,185
TCTTACAGGTGGGCTTGCGT_010,5
TCTTACAGGTGGGCTTGCGT_011,106
TCTTACAGGTGGGCTTGCGT_012,52
TCTTACAGGTGGGCTTGCGT_013,78
TCTTACAGGTGGGCTTGCGT_014,180
TCTTACAGGTGGGCTTGCGT_015,69
TCTTACAGGTGGGCTTGCGT_016,160
TCTTACAGGTGGGCTTGCGT_017,99
GGTGCATCCAGGACTTACAC_001,72
GGTGCATCCAGGACTTACAC_002,72
GGTGCATCCAGGACTTACAC_003,182
GGTGCATCCAGGACTTACAC_004,46
ACCGACTGGGAGCCACCTGT_001,150
ACCGACTGGGAGCCACCTGT_002,54
ACCGACTGGGAGCCACCTGT_003,105
ACCGACTGGGAGCCACCTGT_004,145
ACCGACTGGGAGCCACCTGT_005,68
ACCGACTGGGAGCCACCTGT_006,140
ACCGACTGGGAGCCACCTGT_007,53
ACCGACTGGGAGCCACCTGT_008,67
ACCGACTGGGAGCCACCTGT_009,1
ACCGACTGGGAGCCACCTGT_010,5
ACCGACTGGGAGCCACCTGT_011,147
ACCGACTGGGAGCCACCTGT_012,158
ACCGACTGGGAGCCACCTGT_013,132
ACCGACTGGGAGCCACCTGT_014,62
ACCGACTGGGAGCCACCTGT_015,123
ACCGACTGGGAGCCACCTGT_016,48
ACCGACTGGGAGCCACCTGT_017,6
ACCGACTGGGAGCCACCTGT_018,34
ACCGACTGGGAGCCACCTGT_019,124
ACCGACTGGGAGCCACCTGT_020,175
ACCGACTGGGAGCCACCTGT_021,161
ACCGACTGGGAGCCACCTGT_022,78
ACCGACTGGGAGCCACCTGT_023,8
ACCGACTGGGAGCCACCTGT_024,150
ACCGACTGGGAGCCACCTGT_025,130
ACCGACTGGGAGCCACCTGT_026,147
ACCGACTGGGAGCCACCTGT_027,0
ACCGACTGGGAGCCACCTGT_028,41
ACCGACTGGGAGCCACCTGT_029,19
ACCGACTGGGAGCCACCTGT_030,129
ACCGACTGGGAGCCACCTGT_031,12
ACCGACTGGGAGCCACCTGT_032,117
ACCGACTGGGAGCCACCTGT_033,102
ACCGACTGGGAGCCACCTGT_034,147
ACCGACTGGGAGCCACCTGT_035,124
ACCGACTGGGAGCCACCTGT_036,78
ACCGACTGGGAGCCACCTGT_037,57
ACCGACTGGGAGCCACCTGT_038,124
ACCGACTGGGAGCCACCTGT_039,8
ACCGACTGGGAGCCACCTGT_040,148
ACCGACTGGGAGCCACCTGT_041,153
CAAAATATTTGGATCCACAG_001,145
CAAAATATTTGGATCCACAG_002,43
CAAAATATTTGGATCCACAG_003,45
CAAAATATTTGGATCCACAG_004,50
CAAAATATTTGGATCCACAG_005,169
CAAAATATTTGGATCCACAG_006,12
CAAAATATTTGGATCCACAG_007,199
CTGAAGCACCCCCTCTTAGG_001,115
CTGAAGCACCCCCTCTTAGG_002,156
CTGAAGCACCCCCTCTTAGG_003,24
CTGAAGCACCCCCTCTTAGG_004,174
CTGAAGCACCCCCTCTTAGG_005,3
CTGAAGCACCCCCTCTTAGG_006,132
CTGAAGCACCCCCTCTTAGG_007,27
CTGAAGCACCCCCTCTTAGG_008,28
CTGAAGCACCCCCTCTTAGG_009,105
CTGAAGCACCCCCTCTTAGG_010,72
CTGAAGCACCCCCTCTTAGG_011,152
CTGAAGCACCCCCTCTTAGG_012,18
CTGATTGAAGCAGGTTTAGA_001,168
CTGATTGAAGCAGGTTTAGA_002,123
CTGATTGAAGCAGGTTTAGA_003,12
CTGATTGAAGCAGGTTTAGA_004,145
CTGATTGAAGCAGGTTTAGA_005,192
CTGATTGAAGCAGGTTTAGA_006,160
CTGATTGAAGCAGGTTTAGA_007,117
CTGATTGAAGCAGGTTTAGA_008,60
CTGATTGAAGCAGGTTTAGA_009,168
CTGATTGAAGCAGGTTTAGA_010,187
CTGATTGAAGCAGGTTTAGA_011,160
GTGAAGCTGTCGGACTACAA_001,102
GTGAAGCTGTCGGACTACAA_002,145
GTGAAGCTGTCGGACTACAA_003,122
GTGAAGCTGTCGGACTACAA_004,117
GTGAAGCTGTCGGACTACAA_005,81
TCAGAAGTCCATCCACGCCT_001,184
TCAGAAGTCCATCCACGCCT_002,149
TCAGAAGTCCATCCACGCCT_003,6
TCAGAAGTCCATCCACGCCT_004,8
TCAGAAGTCCATCCACGCCT_005,116
TCAGAAGTCCATCCACGCCT_006,58
TCAGAAGTCCATCCACGCCT_007,138
TCAGAAGTCCATCCACGCCT_008,44
TCAGAAGTCCATCCACGCCT_009,191
TCAGAAGTCCATCCACGCCT_010,2
TCAGAAGTCCATCCACGCCT_011,11
TCAGAAGTCCATCCACGCCT_012,103
TCAGAAGTCCATCCACGCCT_013,115
TCAGAAGTCCATCCACGCCT_014,44
CTCGTGAGCCTGTGTCAAAG_001,60
CTCGTGAGCCTGTGTCAAAG_002,6
CTCGTGAGCCTGTGTCAAAG_003,188
CTCGTGAGCCTGTGTCAAAG_004,103
CTCGTGAGCCTGTGTCAAAG_005,9
CTCGTGAGCCTGTGTCAAAG_006,1
CTCGTGAGCCTGTGTCAAAG_007,41
CTCGTGAGCCTGTGTCAAAG_008,199
CTCGTGAGCCTGTGTCAAAG_009,117
CTCGTGAGCCTGTGTCAAAG_010,154
AGACTTGCAAATACATGAAG_001,108
TAGAAATCAGACCAGCCAAA_001,146
TAGAAATCAGACCAGCCAAA_002,116
TAGAAATCAGACCAGCCAAA_003,117
TAGAAATCAGACCAGCCAAA_004,142
CTTTGGGACAAAACTGCAGT_001,145
CTTTGGGACAAAACTGCAGT_002,191
CTTTGGGACAAAACTGCAGT_003,191
CTTTGGGACAAAACTGCAGT_004,67
CTTTGGGACAAAACTGCAGT_005,188
AAACACTCCGGACCTCATGT_001,97
AAACACTCCGGACCTCATGT_002,172
AAACACTCCGGACCTCATGT_003,147
AAACACTCCGGACCTCATGT_004,130
AAACACTCCGGACCTCATGT_005,19
AAACACTCCGGACCTCATGT_006,118
AAACACTCCGGACCTCATGT_007,81
AAACACTCCGGACCTCATGT_008,50
AAACACTCCGGACCTCATGT_009,38
AAACACTCCGGACCTCATGT_010,133
AAACACTCCGGACCTCATGT_011,197
AAACACTCCGGACCTCATGT_012,40
AAACACTCCGGACCTCATGT_013,148
AAACACTCCGGACCTCATGT_014,142
GATTTGATAGAGGAATTGCA_001,138
GATTTGATAGAGGAATTGCA_002,11
TGTTGATTGACAGCGCACAC_001,105
TGTTGATTGACAGCGCACAC_002,191
TGTTGATTGACAGCGCACAC_003,105
TGTTGATTGACAGCGCACAC_004,199
TGTTGATTGACAGCGCACAC_005,184
TGTTGATTGACAGCGCACAC_006,169
TGTTGATTGACAGCGCACAC_007,190
TGTTGATTGACAGCGCACAC_008,121
TGTTGATTGACAGCGCACAC_009,94
TGTTGATTGACAGCGCACAC_010,174
TGTTGATTGACAGCGCACAC_011,186
TGTTGATTGACAGCGCACAC_012,116
TGTTGATTGACAGCGCACAC_013,48
TGTTGATTGACAGCGCACAC_014,170
GGACACATAATGGCAAATCG_001,78
GGACACATAATGGCAAATCG_002,170
GGACACATAATGGCAAATCG_003,2
GGACACATAATGGCAAATCG_004,145
GGACACATAATGGCAAATCG_005,190
GGACACATAATGGCAAATCG_006,185
GGACACATAATGGCAAATCG_007,132
GGACACATAATGGCAAATCG_008,12
GGACACATAATGGCAAATCG_009,96
GGACACATAATGGCAAATCG_010,180
AAAAATGATAACAAAAACAG_001,9
AAAAATGATAACAAAAACAG_002,184
AAACCTAAAAGTCAAGACAC_001,168
AAACCTAAAAGTCAAGACAC_002,24
AAACCTAAAAGTCAAGACAC_003,32
AAACCTAAAAGTCAAGACAC_004,111
AAACCTAAAAGTCAAGACAC_005,49
AAACCTAAAAGTCAAGACAC_006,158
AAACCTAAAAGTCAAGACAC_007,175
AAACCTAAAAGTCAAGACAC_008,166
AAACCTAAAAGTCAAGACAC_009,32
AAACCTAAAAGTCAAGACAC_010,78
AAACCTAAAAGTCAAGACAC_011,50
AAACCTAAAAGTCAAGACAC_012,184
AAACCTAAAAGTCAAGACAC_013,129
AAACCTAAAAGTCAAGACAC_014,49
AAACCTAAAAGTCAAGACAC_015,183
AAACCTAAAAGTCAAGACAC_016,77
AAACCTAAAAGTCAAGACAC_017,159
AAACCTAAAAGTCAAGACAC_018,102
AAACCTAAAAGTCAAGACAC_019,9
AAACCTAAAAGTCAAGACAC_020,33
AAACCTAAAAGTCAAGACAC_021,58
AAACCTAAAAGTCAAGACAC_022,10
AAACCTAAAAGTCAAGACAC_023,73
CCTGAGCACCCAGTGAACAG_001,103
CCTGAGCACCCAGTGAACAG_002,82
CCTGAGCACCCAGTGAACAG_003,189
CCTGAGCACCCAGTGAACAG_004,62
CCTGAGCACCCAGTGAACAG_005,32
CCTGAGCACCCAGTGAACAG_006,145
CCTGAGCACCCAGTGAACAG_007,94
CCTGAGCACCCAGTGAACAG_008,65
CCTGAGCACCCAGTGAACAG_009,83
CCTGAGCACCCAGTGAACAG_010,42
CCTGAGCACCCAGTGAACAG_011,14
CCTGAGCACCCAGTGAACAG_012,2
CCTGAGCACCCAGTGAACAG_013,176
CCTGAGCACCCAGTGAACAG_014,190
CCTGAGCACCCAGTGAACAG_015,1
CCTGAGCACCCAGTGAACAG_016,81
CCTGAGCACCCAGTGAACAG_017,13
CCTGAGCACCCAGTGAACAG_018,162
CCTGAGCACCCAGTGAACAG_019,11
CCTGAGCACCCAGTGAACAG_020,127
CCTGAGCACCCAGTGAACAG_021,60
GCCACCGACTCAGTGAACTG_001,78
GCCACCGACTCAGTGAACTG_002,14
GCCACCGACTCAGTGAACTG_003,107
GCCACCGACTCAGTGAACTG_004,56
GCCACCGACTCAGTGAACTG_005,150
GCCACCGACTCAGTGAACTG_006,41
GCCACCGACTCAGTGAACTG_007,137
GCCACCGACTCAGTGAACTG_008,9
GCCACCGACTCAGTGAACTG_009,9
GCCACCGACTCAGTGAACTG_010,9
GCCACCGACTCAGTGAACTG_011,130
GCCACCGACTCAGTGAACTG_012,50
GCCACCGACTCAGTGAACTG_013,115
GCCACCGACTCAGTGAACTG_014,170
GCCACCGACTCAGTGAACTG_015,50
AAACCCTTCAAAGCACCCCA_001,78
AAACCCTTCAAAGCACCCCA_002,53
AAACCCTTCAAAGCACCCCA_003,149
AAACCCTTCAAAGCACCCCA_004,186
AAACCCTTCAAAGCACCCCA_005,106
AAACCCTTCAAAGCACCCCA_006,65
AAACCCTTCAAAGCACCCCA_007,76
AAACCCTTCAAAGCACCCCA_008,9
AAACCCTTCAAAGCACCCCA_009,150
AAACCCTTCAAAGCACCCCA_010,122
AAACCCTTCAAAGCACCCCA_011,139
AAACCCTTCAAAGCACCCCA_012,94
AAACCCTTCAAAGCACCCCA_013,196
AAACCCTTCAAAGCACCCCA_014,29
AAACCCTTCAAAGCACCCCA_015,106
AAACCCTTCAAAGCACCCCA_016,59
AAACCCTTCAAAGCACCCCA_017,10
AAACCCTTCAAAGCACCCCA_018,191
AAACCCTTCAAAGCACCCCA_019,50
AAACCCTTCAAAGCACCCCA_020,169
AAACCCTTCAAAGCACCCCA_021,50
AAACCCTTCAAAGCACCCCA_022,168
AAACCCTTCAAAGCACCCCA_023,140
AAACCCTTCAAAGCACCCCA_024,81
AAACCCTTCAAAGCACCCCA_025,29
AAACCCTTCAAAGCACCCCA_026,70
AAACCCTTCAAAGCACCCCA_027,62
AAACCCTTCAAAGCACCCCA_028,96
AAACCCTTCAAAGCACCCCA_029,34
AAACCCTTCAAAGCACCCCA_030,88
AAACCCTTCAAAGCACCCCA_031,71
GGAAGGAGGACTCGAACAAG_001,137
GGAAGGAGGACTCGAACAAG_002,132
GGAAGGAGGACTCGAACAAG_003,127
GGAAGGAGGACTCGAACAAG_004,22
TGAACAGGGACCAGACCACA_001,134
TGAACAGGGACCAGACCACA_002,76
TGAACAGGGACCAGACCACA_003,171
TGAACAGGGACCAGACCACA_004,181
TGAACAGGGACCAGACCACA_005,162
TGAACAGGGACCAGACCACA_006,117
TGAACAGGGACCAGACCACA_007,98
TGAACAGGGACCAGACCACA_008,67
TGAACAGGGACCAGACCACA_009,70
TGAACAGGGACCAGACCACA_010,156
TGAACAGGGACCAGACCACA_011,151
TGAACAGGGACCAGACCACA_012,58
TGAACAGGGACCAGACCACA_013,120
TGAACAGGGACCAGACCACA_014,78
TGAACAGGGACCAGACCACA_015,0
TGAACAGGGACCAGACCACA_016,156
TGAACAGGGACCAGACCACA_017,30
TGAACAGGGACCAGACCACA_018,50
GGGAGACCCCCTCACCACTG_001,152
GGGAGACCCCCTCACCACTG_002,143
GGGAGACCCCCTCACCACTG_003,15
GGGAGACCCCCTCACCACTG_004,16
GGGAGACCCCCTCACCACTG_005,1
GGGAGACCCCCTCACCACTG_006,8
GGGAGACCCCCTCACCACTG_007,140
GGGAGACCCCCTCACCACTG_008,126
GGGAGACCCCCTCACCACTG_009,95
GGGAGACCCCCTCACCACTG_010,109
GGGAGACCCCCTCACCACTG_011,0
GGGAGACCCCCTCACCACTG_012,168
GGGAGACCCCCTCACCACTG_013,58
GGGAGACCCCCTCACCACTG_014,81
GGGAGACCCCCTCACCACTG_015,32
GGGAGACCCCCTCACCACTG_016,132
GGGAGACCCCCTCACCACTG_017,169
GGGAGACCCCCTCACCACTG_018,157
GGGAGACCCCCTCACCACTG_019,42
GGGAGACCCCCTCACCACTG_020,42
GGGAGACCCCCTCACCACTG_021,196
GGGAGACCCCCTCACCACTG_022,14
GGGAGACCCCCTCACCACTG_023,162
GGGAGACCCCCTCACCACTG_024,86
GGGAGACCCCCTCACCACTG_025,168
GGGAGACCCCCTCACCACTG_026,123
GGGAGACCCCCTCACCACTG_027,23
GGGAGACCCCCTCACCACTG_028,46
GGGAGACCCCCTCACCACTG_029,137
GGGAGACCCCCTCACCACTG_030,94
GGGAGACCCCCTCACCACTG_031,156
GGGAGACCCCCTCACCACTG_032,65
GGGAGACCCCCTCACCACTG_033,81
GGGAGACCCCCTCACCACTG_034,160
GGGAGACCCCCTCACCACTG_035,81
GGGAGACCCCCTCACCACTG_036,163
GGGAGACCCCCTCACCACTG_037,97
GGGAGACCCCCTCACCACTG_038,15
GGGAGACCCCCTCACCACTG_039,147
GGGAGACCCCCTCACCACTG_040,1
GGGAGACCCCCTCACCACTG_041,131
GGGAGACCCCCTCACCACTG_042,12
GGGAGACCCCCTCACCACTG_043,42
GGGAGACCCCCTCACCACTG_044,81
GGGAGACCCCCTCACCACTG_045,83
GGGAGACCCCCTCACCACTG_046,94
GGGAGACCCCCTCACCACTG_047,77
GGGAGACCCCCTCACCACTG_048,139
GGGAGACCCCCTCACCACTG_049,98
GGGAGACCCCCTCACCACTG_050,105
GGGAGACCCCCTCACCACTG_051,2
GGGAGACCCCCTCACCACTG_052,126
GGGAGACCCCCTCACCACTG_053,172
GGGAGACCCCCTCACCACTG_054,12
GGGAGACCCCCTCACCACTG_055,15
GGGAGACCCCCTCACCACTG_056,149
GGGAGACCCCCTCACCACTG_057,127
GGGAGACCCCCTCACCACTG_058,166
GGGAGACCCCCTCACCACTG_059,198
GGGAGACCCCCTCACCACTG_060,4
GGGAGACCCCCTCACCACTG_061,130
GGGAGACCCCCTCACCACTG_062,159
GGGAGACCCCCTCACCACTG_063,151
GGGAGACCCCCTCACCACTG_064,103
GGGAGACCCCCTCACCACTG_065,97
GGGAGACCCCCTCACCACTG_066,148
GGGAGACCCCCTCACCACTG_067,175
GGGAGACCCCCTCACCACTG_068,51
GGGAGACCCCCTCACCACTG_069,184
GGGAGACCCCCTCACCACTG_070,51
GGGAGACCCCCTCACCACTG_071,127
GGGAGACCCCCTCACCACTG_072,103
GGGAGACCCCCTCACCACTG_073,190
GGGAGACCCCCTCACCACTG_074,9
GGGAGACCCCCTCACCACTG_075,150
GGGAGACCCCCTCACCACTG_076,149
GGGAGACCCCCTCACCACTG_077,34
GGGAGACCCCCTCACCACTG_078,130
GGGAGACCCCCTCACCACTG_079,76
GGGAGACCCCCTCACCACTG_080,98
GGGAGACCCCCTCACCACTG_081,165
GGGAGACCCCCTCACCACTG_082,170
GGGAGACCCCCTCACCACTG_083,13
GGGAGACCCCCTCACCACTG_084,1
GGGAGACCCCCTCACCACTG_085,155
GGGAGACCCCCTCACCACTG_086,63
GGGAGACCCCCTCACCACTG_087,62
GGGAGACCCCCTCACCACTG_088,17
GGGAGACCCCCTCACCACTG_089,124
GGGAGACCCCCTCACCACTG_090,13
GGGAGACCCCCTCACCACTG_091,63
GGGAGACCCCCTCACCACTG_092,11
GGGAGACCCCCTCACCACTG_093,56
GGGAGACCCCCTCACCACTG_094,6
GGGAGACCCCCTCACCACTG_095,40
GGGAGACCCCCTCACCACTG_096,83
GGGAGACCCCCTCACCACTG_097,68
GGGAGACCCCCTCACCACTG_098,105
GGGAGACCCCCTCACCACTG_099,99
GGGAGACCCCCTCACCACTG_100,198
GGGAGACCCCCTCACCACTG_101,153
GGGAGACCCCCTCACCACTG_102,150
GGGAGACCCCCTCACCACTG_103,150
GGGAGACCCCCTCACCACTG_104,39
GGGAGACCCCCTCACCACTG_105,6
GGGAGACCCCCTCACCACTG_106,102
GGGAGACCCCCTCACCACTG_107,10
GGGAGACCCCCTCACCACTG_108,3
GGGAGACCCCCTCACCACTG_109,3
GGGAGACCCCCTCACCACTG_110,52
GGGAGACCCCCTCACCACTG_111,108
GGGAGACCCCCTCACCACTG_112,48
GGGAGACCCCCTCACCACTG_113,106
GGGAGACCCCCTCACCACTG_114,28
GGGAGACCCCCTCACCACTG_115,8
GGGAGACCCCCTCACCACTG_116,34
GGGAGACCCCCTCACCACTG_117,50
GGGAGACCCCCTCACCACTG_118,6
GGGAGACCCCCTCACCACTG_119,165
GGGAGACCCCCTCACCACTG_120,104
GGGAGACCCCCTCACCACTG_121,19
GGGAGACCCCCTCACCACTG_122,66
GGGAGACCCCCTCACCACTG_123,168
GGGAGACCCCCTCACCACTG_124,136
GGGAGACCCCCTCACCACTG_125,0
GGGAGACCCCCTCACCACTG_126,149
GGGAGACCCCCTCACCACTG_127,188
GGGAGACCCCCTCACCACTG_128,180
GGGAGACCCCCTCACCACTG_129,138
GGGAGACCCCCTCACCACTG_130,66
GGGAGACCCCCTCACCACTG_131,123
GGGAGACCCCCTCACCACTG_132,169
GGGAGACCCCCTCACCACTG_133,34
GGGAGACCCCCTCACCACTG_134,81
GGGAGACCCCCTCACCACTG_135,162
GGGAGACCCCCTCACCACTG_136,19
GGGAGACCCCCTCACCACTG_137,149
GGGAGACCCCCTCACCACTG_138,89
GGGAGACCCCCTCACCACTG_139,184
GGGAGACCCCCTCACCACTG_140,74
GGGAGACCCCCTCACCACTG_141,3
GGGAGACCCCCTCACCACTG_142,57
GGGAGACCCCCTCACCACTG_143,94
GGGAGACCCCCTCACCACTG_144,65
GGGAGACCCCCTCACCACTG_145,73
GGGAGACCCCCTCACCACTG_146,19
GGGAGACCCCCTCACCACTG_147,63
GGGAGACCCCCTCACCACTG_148,169
GGGAGACCCCCTCACCACTG_149,2
GGGGTGGGGGAAAATACACC_001,199
GGGGTGGGGGAAAATACACC_002,199
GGGGTGGGGGAAAATACACC_003,60
CAGCAGTGGAAAATAATCAC_001,82
CAGCAGTGGAAAATAATCAC_002,70
CAGCAGTGGAAAATAATCAC_003,52
CAGCAGTGGAAAATAATCAC_004,174
CAGCAGTGGAAAATAATCAC_005,47
CAGCAGTGGAAAATAATCAC_006,148
CAGCAGTGGAAAATAATCAC_007,126
CAGCAGTGGAAAATAATCAC_008,21
AGTATATTCATCGCTCACCA_001,95
AGTATATTCATCGCTCACCA_002,43
AGTATATTCATCGCTCACCA_003,40
TACCCCGAGTCACAGTAGAG_001,183
TACCCCGAGTCACAGTAGAG_002,50
TACCCCGAGTCACAGTAGAG_003,153
TACCCCGAGTCACAGTAGAG_004,61
TACCCCGAGTCACAGTAGAG_005,116
CAATGGGAAACTCTACTCCG_001,178
CAATGGGAAACTCTACTCCG_002,68
CAATGGGAAACTCTACTCCG_003,96
GTTCGAAGTACTCAGGACTT_001,80
GTTCGAAGTACTCAGGACTT_002,115
GTTCGAAGTACTCAGGACTT_003,42
GTTCGAAGTACTCAGGACTT_004,5
GTTCGAAGTACTCAGGACTT_005,116
GTTCGAAGTACTCAGGACTT_006,9
GTTCGAAGTACTCAGGACTT_007,107
GTTCGAAGTACTCAGGACTT_008,37
GTTCGAAGTACTCAGGACTT_009,61
GTTCGAAGTACTCAGGACTT_010,162
GTTCGAAGTACTCAGGACTT_011,115
GTTCGAAGTACTCAGGACTT_012,56
GTTCGAAGTACTCAGGACTT_013,35
GTTCGAAGTACTCAGGACTT_014,168
GTTCGAAGTACTCAGGACTT_015,112
TTTCCTAAGAAATTTCTGAG_001,130
TTTCCTAAGAAATTTCTGAG_002,47
TTTCCTAAGAAATTTCTGAG_003,125
TTTCCTAAGAAATTTCTGAG_004,113
TTTCCTAAGAAATTTCTGAG_005,115
TTTCCTAAGAAATTTCTGAG_006,167
TTTCCTAAGAAATTTCTGAG_007,108
CCTTCGGATTCGGAAATCCC_001,169
CCTTCGGATTCGGAAATCCC_002,195
CCTTCGGATTCGGAAATCCC_003,102
CCTTCGGATTCGGAAATCCC_004,15
CCTTCGGATTCGGAAATCCC_005,188
CAACGACATCCAGTTATCCA_001,17
CAACGACATCCAGTTATCCA_002,176
CCTTCTGGGAGATCACACGG_001,34
CCTTCTGGGAGATCACACGG_002,163
CCTTCTGGGAGATCACACGG_003,145
CCTTCTGGGAGATCACACGG_004,175
CCTTCTGGGAGATCACACGG_005,164
CCTTCTGGGAGATCACACGG_006,54
CCTTCTGGGAGATCACACGG_007,154
CCTTCTGGGAGATCACACGG_008,162
CCTTCTGGGAGATCACACGG_009,1
CCTTCTGGGAGATCACACGG_010,124
CCTTCTGGGAGATCACACGG_011,49
CCTGACAGGTCCCGCCCACG_001,141
CCTGACAGGTCCCGCCCACG_002,175
CCTGACAGGTCCCGCCCACG_003,62
CCTGACAGGTCCCGCCCACG_004,160
CCTGACAGGTCCCGCCCACG_005,29
CCTGACAGGTCCCGCCCACG_006,24
CCTGACAGGTCCCGCCCACG_007,30
CCTGACAGGTCCCGCCCACG_008,83
CCTGACAGGTCCCGCCCACG_009,11
CCTGACAGGTCCCGCCCACG_010,147
CCTGACAGGTCCCGCCCACG_011,22
CCTGACAGGTCCCGCCCACG_012,43
CCTGACAGGTCCCGCCCACG_013,50
CCTGACAGGTCCCGCCCACG_014,58
CCTGACAGGTCCCGCCCACG_015,170
CCTGACAGGTCCCGCCCACG_016,19
CCTGACAGGTCCCGCCCACG_017,152
CCTGACAGGTCCCGCCCACG_018,145
CCTGACAGGTCCCGCCCACG_019,199
CCTGACAGGTCCCGCCCACG_020,61
CCTGACAGGTCCCGCCCACG_021,76
CCTGACAGGTCCCGCCCACG_022,164
CCTGACAGGTCCCGCCCACG_023,164
CCTGACAGGTCCCGCCCACG_024,179
CCTGACAGGTCCCGCCCACG_025,2
CCTGACAGGTCCCGCCCACG_026,147
CCTGACAGGTCCCGCCCACG_027,44
CCTGACAGGTCCCGCCCACG_028,183
CCTGACAGGTCCCGCCCACG_029,153
CCTGACAGGTCCCGCCCACG_030,40
GAGAAGAAAATTGGCAAGAG_001,129
GAGAAGAAAATTGGCAAGAG_002,36
GAGAAGAAAATTGGCAAGAG_003,113
GAGAAGAAAATTGGCAAGAG_004,118
GCATCTTCTGAAGCATACTG_001,15
GCATCTTCTGAAGCATACTG_002,96
GCATCTTCTGAAGCATACTG_003,151
GCATCTTCTGAAGCATACTG_004,117
GCATCTTCTGAAGCATACTG_005,134
GCATCTTCTGAAGCATACTG_006,176
GCATCTTCTGAAGCATACTG_007,2
GTGGTGGGGAGAGGATACGC_001,118
GTGGTGGGGAGAGGATACGC_002,150
GTGGTGGGGAGAGGATACGC_003,33
CCAGCACACATTATCTACCA_001,196
CCAGCACACATTATCTACCA_002,16
TCCACATGTTTCAGACCGAA_001,40
TCCACATGTTTCAGACCGAA_002,65
TCCACATGTTTCAGACCGAA_003,152
TCCACATGTTTCAGACCGAA_004,23
TCCACATGTTTCAGACCGAA_005,172
TCCACATGTTTCAGACCGAA_006,166
TCCACATGTTTCAGACCGAA_007,174
TGGAGGGCTTTAGATCTCGG_001,61
TGGAGGGCTTTAGATCTCGG_002,162
TGGAGGGCTTTAGATCTCGG_003,76
TGGAGGGCTTTAGATCTCGG_004,98
TGGAGGGCTTTAGATCTCGG_005,68
AGCGCGGCGGGGAACCCAAG_001,80
AGCGCGGCGGGGAACCCAAG_002,60
AGCGCGGCGGGGAACCCAAG_003,92
AGCGCGGCGGGGAACCCAAG_004,122
AGCGCGGCGGGGAACCCAAG_005,113
GAGATATATTAAAGTTATCG_001,56
GAGATATATTAAAGTTATCG_002,1
GAGATATATTAAAGTTATCG_003,10
ATCTTATCACAGACCGTGGT_001,199
ATCTTATCACAGACCGTGGT_002,196
ATCTTATCACAGACCGTGGT_003,52
ATCGCAAGTGCTGTCGAGTG_001,84
ATCGCAAGTGCTGTCGAGTG_002,172
ATCGCAAGTGCTGTCGAGTG_003,108
ATCGCAAGTGCTGTCGAGTG_004,47
ATCGCAAGTGCTGTCGAGTG_005,55
ATCGCAAGTGCTGTCGAGTG_006,57
ATCGCAAGTGCTGTCGAGTG_007,52
ATCGCAAGTGCTGTCGAGTG_008,62
ATCGCAAGTGCTGTCGAGTG_009,72
ATCGCAAGTGCTGTCGAGTG_010,98
ATCGCAAGTGCTGTCGAGTG_011,169
ATCGCAAGTGCTGTCGAGTG_012,51
ATCGCAAGTGCTGTCGAGTG_013,148
ATCGCAAGTGCTGTCGAGTG_014,148
ATCGCAAGTGCTGTCGAGTG_015,34
ATCGCAAGTGCTGTCGAGTG_016,69
ATCGCAAGTGCTGTCGAGTG_017,182
CTGGACAGTGCTCACATCAA_001,168
CTGGACAGTGCTCACATCAA_002,88
CTGGACAGTGCTCACATCAA_003,36
CGCGGTCGAAGCCACTGCCG_001,118
CGCGGTCGAAGCCACTGCCG_002,183
CGCGGTCGAAGCCACTGCCG_003,70
CGCGGTCGAAGCCACTGCCG_004,15
CGCGGTCGAAGCCACTGCCG_005,96
CGCGGTCGAAGCCACTGCCG_006,189
CGCGGTCGAAGCCACTGCCG_007,123
CGCGGTCGAAGCCACTGCCG_008,199
CGCGGTCGAAGCCACTGCCG_009,97
CGCGGTCGAAGCCACTGCCG_010,14
CGCGGTCGAAGCCACTGCCG_011,145
CGCGGTCGAAGCCACTGCCG_012,6
CGCGGTCGAAGCCACTGCCG_013,90
CGCGGTCGAAGCCACTGCCG_014,188
GCTTCTGGACGTCTTCACGC_001,19
GCTTCTGGACGTCTTCACGC_002,134
GCTTCTGGACGTCTTCACGC_003,134
GCTTCTGGACGTCTTCACGC_004,177
GCTGTCGGATCGATACAGGA_001,149
GCTGTCGGATCGATACAGGA_002,2
GCTGTCGGATCGATACAGGA_003,9
GCTGTCGGATCGATACAGGA_004,198
GCTGTCGGATCGATACAGGA_005,8
GCTGTCGGATCGATACAGGA_006,176
GCTGTCGGATCGATACAGGA_007,47
GCTGTCGGATCGATACAGGA_008,50
GCTGTCGGATCGATACAGGA_009,153
GCTGTCGGATCGATACAGGA_010,46
GTGTGGACCGTGTAATCCAA_001,118
GTGTGGACCGTGTAATCCAA_002,118
TGGATGAGTGCCGAGGACTA_001,186
TGGATGAGTGCCGAGGACTA_002,43
TGGATGAGTGCCGAGGACTA_003,3
TGGATGAGTGCCGAGGACTA_004,27
TGGATGAGTGCCGAGGACTA_005,91
TGGATGAGTGCCGAGGACTA_006,127
TGGATGAGTGCCGAGGACTA_007,29
TGGATGAGTGCCGAGGACTA_008,48
TGGATGAGTGCCGAGGACTA_009,77
TGGATGAGTGCCGAGGACTA_010,105
TGGATGAGTGCCGAGGACTA_011,147
TGGATGAGTGCCGAGGACTA_012,125
TGGATGAGTGCCGAGGACTA_013,17
TGGATGAGTGCCGAGGACTA_014,35
TGGATGAGTGCCGAGGACTA_015,83
TGGATGAGTGCCGAGGACTA_016,115
TGGATGAGTGCCGAGGACTA_017,47
TGTTCAAGAGCACAGCCCGG_001,94
TGTTCAAGAGCACAGCCCGG_002,134
TGTTCAAGAGCACAGCCCGG_003,107
TGTTCAAGAGCACAGCCCGG_004,86
TGTTCAAGAGCACAGCCCGG_005,68
TGTTCAAGAGCACAGCCCGG_006,42
TGTTCAAGAGCACAGCCCGG_007,61
TGTTCAAGAGCACAGCCCGG_008,83
TGTTCAAGAGCACAGCCCGG_009,7
TGTTCAAGAGCACAGCCCGG_010,110
TGTTCAAGAGCACAGCCCGG_011,65
TTTGATATTCCGAAACAAGG_001,71
GAAAGCGGTCCGACGCCGAG_001,102
GAAAGCGGTCCGACGCCGAG_002,119
GAAAGCGGTCCGACGCCGAG_003,137
GAAAGCGGTCCGACGCCGAG_004,37
GAAAGCGGTCCGACGCCGAG_005,164
GAAAGCGGTCCGACGCCGAG_006,157
GAAAGCGGTCCGACGCCGAG_007,162
TGACATTCTACGTTCCCTTG_001,97
TGACATTCTACGTTCCCTTG_002,39
TGACATTCTACGTTCCCTTG_003,61
TGACATTCTACGTTCCCTTG_004,160
TGACATTCTACGTTCCCTTG_005,90
TGACATTCTACGTTCCCTTG_006,66
CACGTGGATCGGGGGCAACG_001,172
CACGTGGATCGGGGGCAACG_002,140
CACGTGGATCGGGGGCAACG_003,117
CACGTGGATCGGGGGCAACG_004,15
CACGTGGATCGGGGGCAACG_005,155
CACGTGGATCGGGGGCAACG_006,191
CACGTGGATCGGGGGCAACG_007,1
TATTACGCACCAGCACCATG_001,162
TATTACGCACCAGCACCATG_002,26
TATTACGCACCAGCACCATG_003,71
TATTACGCACCAGCACCATG_004,104
TATTACGCACCAGCACCATG_005,145
TATTACGCACCAGCACCATG_006,82
TATTACGCACCAGCACCATG_007,146
TATTACGCACCAGCACCATG_008,80
TATTACGCACCAGCACCATG_009,124
TGAGATTGCTATCGACAACA_001,9
TGAGATTGCTATCGACAACA_002,1
TGAGATTGCTATCGACAACA_003,149
TGAGATTGCTATCGACAACA_004,48
TGAGATTGCTATCGACAACA_005,55
TGAGATTGCTATCGACAACA_006,168
TGAGATTGCTATCGACAACA_007,121
GCCCCAGGACTCATTCTCAG_001,155
GCCCCAGGACTCATTCTCAG_002,92
GCCCCAGGACTCATTCTCAG_003,6
GCCCCAGGACTCATTCTCAG_004,107
GACTAACGTGACGTACTGGG_001,88
GACTAACGTGACGTACTGGG_002,177
GGACACCATTGCAATACAGG_001,8
GGACACCATTGCAATACAGG_002,176
GGACACCATTGCAATACAGG_003,146
GGACACCATTGCAATACAGG_004,118
GGACACCATTGCAATACAGG_005,150
GGACACCATTGCAATACAGG_006,83
GGACACCATTGCAATACAGG_007,116
GGACACCATTGCAATACAGG_008,56
CACTTCGACCGACAAACCTG_001,105
CACTTCGACCGACAAACCTG_002,149
CACTTCGACCGACAAACCTG_003,70
CACTTCGACCGACAAACCTG_004,41
CACTTCGACCGACAAACCTG_005,111
CACTTCGACCGACAAACCTG_006,148
CACTTCGACCGACAAACCTG_007,137
CACTTCGACCGACAAACCTG_008,141
CACTTCGACCGACAAACCTG_009,30
CACTTCGACCGACAAACCTG_010,141
CACTTCGACCGACAAACCTG_011,158
CACTTCGACCGACAAACCTG_012,92
CACTTCGACCGACAAACCTG_013,36
CACTTCGACCGACAAACCTG_014,6
CACTTCGACCGACAAACCTG_015,144
CACTTCGACCGACAAACCTG_016,58
CACTTCGACCGACAAACCTG_017,88
CACTTCGACCGACAAACCTG_018,126
CACTTCGACCGACAAACCTG_019,142
CACTTCGACCGACAAACCTG_020,15
GAGTCTACAAGTGGCCATGG_001,19
GAGTCTACAAGTGGCCATGG_002,17
GAGTCTACAAGTGGCCATGG_003,49
GAGTCTACAAGTGGCCATGG_004,19
GAGTCTACAAGTGGCCATGG_005,158
GAGTCTACAAGTGGCCATGG_006,152
GAGTCTACAAGTGGCCATGG_007,68
GAGTCTACAAGTGGCCATGG_008,24
GAGTCTACAAGTGGCCATGG_009,27
GAGTCTACAAGTGGCCATGG_010,16
GAGTCTACAAGTGGCCATGG_011,41
GAGTCTACAAGTGGCCATGG_012,62
GAGTCTACAAGTGGCCATGG_013,83
GAGTCTACAAGTGGCCATGG_014,35
GAGTCTACAAGTGGCCATGG_015,106
GGCTTCCTAAAACCTTGGCT_001,149
GGCTTCCTAAAACCTTGGCT_002,26
GGCTTCCTAAAACCTTGGCT_003,0
GGCTTCCTAAAACCTTGGCT_004,178
GGCTTCCTAAAACCTTGGCT_005,6
GGCTTCCTAAAACCTTGGCT_006,135
GGCTTCCTAAAACCTTGGCT_007,197
GGCTTCCTAAAACCTTGGCT_008,33
GGCTTCCTAAAACCTTGGCT_009,160
GGCTTCCTAAAACCTTGGCT_010,116
GGCTTCCTAAAACCTTGGCT_011,39
GGCTTCCTAAAACCTTGGCT_012,90
CTAATCAAGGTCCATGCATG_001,188
CTAATCAAGGTCCATGCATG_002,12
CTAATCAAGGTCCATGCATG_003,169
CTAATCAAGGTCCATGCATG_004,49
CTAATCAAGGTCCATGCATG_005,150
CTAATCAAGGTCCATGCATG_006,88
CTAATCAAGGTCCATGCATG_007,83
CTAATCAAGGTCCATGCATG_008,163
CTAATCAAGGTCCATGCATG_009,86
CTAATCAAGGTCCATGCATG_010,189
CTAATCAAGGTCCATGCATG_011,40
CTAATCAAGGTCCATGCATG_012,82
CTAATCAAGGTCCATGCATG_013,140
CTAATCAAGGTCCATGCATG_014,189
CTAATCAAGGTCCATGCATG_015,160
CTAATCAAGGTCCATGCATG_016,29
CTAATCAAGGTCCATGCATG_017,52
CTAATCAAGGTCCATGCATG_018,28
GATGAACTGAATTTCTACCA_001,6
GATGAACTGAATTTCTACCA_002,121
GCTGCACGTAAGCGGCCATG_001,25
GCTGCACGTAAGCGGCCATG_002,72
GCTGCACGTAAGCGGCCATG_003,98
GCTGCACGTAAGCGGCCATG_004,107
GCTGCACGTAAGCGGCCATG_005,28
GCTGCACGTAAGCGGCCATG_006,181
GCTGCACGTAAGCGGCCATG_007,55
GCTGCACGTAAGCGGCCATG_008,169
GCTGCACGTAAGCGGCCATG_009,158
GCTGCACGTAAGCGGCCATG_010,19
GCTGCACGTAAGCGGCCATG_011,44
GCTGCACGTAAGCGGCCATG_012,192
GCTGCACGTAAGCGGCCATG_013,30
GCTGCACGTAAGCGGCCATG_014,2
GCTGCACGTAAGCGGCCATG_015,177
GCTGCACGTAAGCGGCCATG_016,48
GCTGCACGTAAGCGGCCATG_017,58
GCTGCACGTAAGCGGCCATG_018,76
GCTGCACGTAAGCGGCCATG_019,47
GCTGCACGTAAGCGGCCATG_020,112
GCTGCACGTAAGCGGCCATG_021,112
GCTGCACGTAAGCGGCCATG_022,26
GCTGCACGTAAGCGGCCATG_023,117
GCTGCACGTAAGCGGCCATG_024,174
GCTGCACGTAAGCGGCCATG_025,80
GCTGCACGTAAGCGGCCATG_026,178
GCTGCACGTAAGCGGCCATG_027,6
GCTGCACGTAAGCGGCCATG_028,144
GCTGCACGTAAGCGGCCATG_029,0
GCTGCACGTAAGCGGCCATG_030,80
GCTGCACGTAAGCGGCCATG_031,155
GCCACGCGAGGAGCCCAGAT_001,53
GCCACGCGAGGAGCCCAGAT_002,184
GCCACGCGAGGAGCCCAGAT_003,161
GCCACGCGAGGAGCCCAGAT_004,2
GCCACGCGAGGAGCCCAGAT_005,42
GCCACGCGAGGAGCCCAGAT_006,37
GCCACGCGAGGAGCCCAGAT_007,169
GCCACGCGAGGAGCCCAGAT_008,180
GCCACGCGAGGAGCCCAGAT_009,140
GCCACGCGAGGAGCCCAGAT_010,171
GCCACGCGAGGAGCCCAGAT_011,171
GCCACGCGAGGAGCCCAGAT_012,172
GCCACGCGAGGAGCCCAGAT_013,142
GCCACGCGAGGAGCCCAGAT_014,150
GCCACGCGAGGAGCCCAGAT_015,54
GCCACGCGAGGAGCCCAGAT_016,178
GCCACGCGAGGAGCCCAGAT_017,141
GCCACGCGAGGAGCCCAGAT_018,160
GCCACGCGAGGAGCCCAGAT_019,23
GCCACGCGAGGAGCCCAGAT_020,5
GCCACGCGAGGAGCCCAGAT_021,78
GCCACGCGAGGAGCCCAGAT_022,101
GCCACGCGAGGAGCCCAGAT_023,148
GCCACGCGAGGAGCCCAGAT_024,128
GCCACGCGAGGAGCCCAGAT_025,117
GCCACGCGAGGAGCCCAGAT_026,187
GCCACGCGAGGAGCCCAGAT_027,151
GCCACGCGAGGAGCCCAGAT_028,46
GCCACGCGAGGAGCCCAGAT_029,81
GCCACGCGAGGAGCCCAGAT_030,175
GCTAGACTCGATGCAAACGT_001,7
GCTAGACTCGATGCAAACGT_002,41
GCTAGACTCGATGCAAACGT_003,41
GCTAGACTCGATGCAAACGT_004,40
GCTAGACTCGATGCAAACGT_005,58
GCTAGACTCGATGCAAACGT_006,58
GCTAGACTCGATGCAAACGT_007,158
GCTAGACTCGATGCAAACGT_008,183
GCTAGACTCGATGCAAACGT_009,96
GCTAGACTCGATGCAAACGT_010,41
GCTAGACTCGATGCAAACGT_011,130
GCTAGACTCGATGCAAACGT_012,175
GCTAGACTCGATGCAAACGT_013,76
GCTAGACTCGATGCAAACGT_014,81
GCTAGACTCGATGCAAACGT_015,153
GCTAGACTCGATGCAAACGT_016,74
CTACATTTATGTGTGACAAG_001,27
CTACATTTATGTGTGACAAG_002,9
CTACATTTATGTGTGACAAG_003,46
CTACATTTATGTGTGACAAG_004,28
GGATGTGCGCGAAGACGCCG_001,13
GGATGTGCGCGAAGACGCCG_002,130
TACTACCGCGAGAACAAGCA_001,54
TACTACCGCGAGAACAAGCA_002,127
TACTACCGCGAGAACAAGCA_003,144
TACTACCGCGAGAACAAGCA_004,69
TACTACCGCGAGAACAAGCA_005,114
TACTACCGCGAGAACAAGCA_006,65
TACTACCGCGAGAACAAGCA_007,1
TACTACCGCGAGAACAAGCA_008,198
TACTACCGCGAGAACAAGCA_009,98
TACTACCGCGAGAACAAGCA_010,76
TACTACCGCGAGAACAAGCA_011,13
TACTACCGCGAGAACAAGCA_012,115
TACTACCGCGAGAACAAGCA_013,115
TACTACCGCGAGAACAAGCA_014,142
TACTACCGCGAGAACAAGCA_015,53
TACTACCGCGAGAACAAGCA_016,12
TACTACCGCGAGAACAAGCA_017,58
TACTACCGCGAGAACAAGCA_018,43
TACTACCGCGAGAACAAGCA_019,160
TACTACCGCGAGAACAAGCA_020,10
TACTACCGCGAGAACAAGCA_021,121
TACTACCGCGAGAACAAGCA_022,138
TACTACCGCGAGAACAAGCA_023,121
TGATGAGCATCAGAAAAACC_001,0
TGATGAGCATCAGAAAAACC_002,171
TGATGAGCATCAGAAAAACC_003,150
TGATGAGCATCAGAAAAACC_004,57
AGTGAGCCGCACTCTCAACG_001,35
AGTGAGCCGCACTCTCAACG_002,79
AGTGAGCCGCACTCTCAACG_003,77
AGTGAGCCGCACTCTCAACG_004,15
AGTGAGCCGCACTCTCAACG_005,188
TCTGCTGATTCGTTCCCAAG_001,68
TGCAGTGGCGTCCTGCAACT_001,188
TGCAGTGGCGTCCTGCAACT_002,147
TGCAGTGGCGTCCTGCAACT_003,150
TGCAGTGGCGTCCTGCAACT_004,50
TGCAGTGGCGTCCTGCAACT_005,65
TGCAGTGGCGTCCTGCAACT_006,130
TGCAGTGGCGTCCTGCAACT_007,39
TGCAGTGGCGTCCTGCAACT_008,127
TGCAGTGGCGTCCTGCAACT_009,127
TGCAGTGGCGTCCTGCAACT_010,28
TGCAGTGGCGTCCTGCAACT_011,28
TGCAGTGGCGTCCTGCAACT_012,66
CCCCGTAGCTCATTAGTCTG_001,158
CCCCGTAGCTCATTAGTCTG_002,137
CCCCGTAGCTCATTAGTCTG_003,78
CCCCGTAGCTCATTAGTCTG_004,65
CCCCGTAGCTCATTAGTCTG_005,62
CCCCGTAGCTCATTAGTCTG_006,151
CCCCGTAGCTCATTAGTCTG_007,191
CCCCGTAGCTCATTAGTCTG_008,195
CCCCGTAGCTCATTAGTCTG_009,7
CCCCGTAGCTCATTAGTCTG_010,69
CCCCGTAGCTCATTAGTCTG_011,9
CCCCGTAGCTCATTAGTCTG_012,115
CCCCGTAGCTCATTAGTCTG_013,98
CCCCGTAGCTCATTAGTCTG_014,174
CCCCGTAGCTCATTAGTCTG_015,125
CCCCGTAGCTCATTAGTCTG_016,64
CCCCGTAGCTCATTAGTCTG_017,189
CCCCGTAGCTCATTAGTCTG_018,44
CCCCGTAGCTCATTAGTCTG_019,198
CCCCGTAGCTCATTAGTCTG_020,37
CCCCGTAGCTCATTAGTCTG_021,157
CCCCGTAGCTCATTAGTCTG_022,28
CCCCGTAGCTCATTAGTCTG_023,113
CCCCGTAGCTCATTAGTCTG_024,39
GGAAATGGAATGGTAGAACA_001,163
GGAAATGGAATGGTAGAACA_002,147
GGAAATGGAATGGTAGAACA_003,168
GGAAATGGAATGGTAGAACA_004,2
GGAAATGGAATGGTAGAACA_005,71
GGAAATGGAATGGTAGAACA_006,82
CACAACATGGCAGATAACTG_001,197
CACAACATGGCAGATAACTG_002,87
CACAACATGGCAGATAACTG_003,179
CACAACATGGCAGATAACTG_004,158
CACAACATGGCAGATAACTG_005,123
CACAACATGGCAGATAACTG_006,176
CACAACATGGCAGATAACTG_007,16
CACAACATGGCAGATAACTG_008,145
CACAACATGGCAGATAACTG_009,192
CACAACATGGCAGATAACTG_010,17
CACAACATGGCAGATAACTG_011,176
CACAACATGGCAGATAACTG_012,68
GTCTGAGCTACATAAAAGAG_001,77
GTCTGAGCTACATAAAAGAG_002,49
GTCTGAGCTACATAAAAGAG_003,127
GTCTGAGCTACATAAAAGAG_004,17
GTCTGAGCTACATAAAAGAG_005,35
GTCTGAGCTACATAAAAGAG_006,20
GTCTGAGCTACATAAAAGAG_007,124
GTACGAATGCTACTTGATGC_001,4
GTACGAATGCTACTTGATGC_002,189
GTACGAATGCTACTTGATGC_003,107
CCCCTTCCCTCACCGCATGG_001,94
CCCCTTCCCTCACCGCATGG_002,150
CCCCTTCCCTCACCGCATGG_003,16
CCCCTTCCCTCACCGCATGG_004,53
CCCCTTCCCTCACCGCATGG_005,154
CCCCTTCCCTCACCGCATGG_006,191
CCCCTTCCCTCACCGCATGG_007,20
CCCCTTCCCTCACCGCATGG_008,13
CCCCTTCCCTCACCGCATGG_009,128
CCCCTTCCCTCACCGCATGG_010,174
CCCCTTCCCTCACCGCATGG_011,178
CCCCTTCCCTCACCGCATGG_012,88
CCCCTTCCCTCACCGCATGG_013,140
CCCCTTCCCTCACCGCATGG_014,159
CCCCTTCCCTCACCGCATGG_015,65
CCCCTTCCCTCACCGCATGG_016,57
CCCCTTCCCTCACCGCATGG_017,137
CCCCTTCCCTCACCGCATGG_018,199
CCCCTTCCCTCACCGCATGG_019,154
CCCCTTCCCTCACCGCATGG_020,104
CCCCTTCCCTCACCGCATGG_021,102
CCCCTTCCCTCACCGCATGG_022,32
CCCCTTCCCTCACCGCATGG_023,84
CCCCTTCCCTCACCGCATGG_024,191
CCCCTTCCCTCACCGCATGG_025,40
CCCCTTCCCTCACCGCATGG_026,174
ACCTCCAGACATCCGAACCA_001,96
ACCTCCAGACATCCGAACCA_002,44
ACCTCCAGACATCCGAACCA_003,137
ACCTCCAGACATCCGAACCA_004,92
ACCTCCAGACATCCGAACCA_005,174
ACCTCCAGACATCCGAACCA_006,131
ACCTCCAGACATCCGAACCA_007,162
ACCTCCAGACATCCGAACCA_008,153
ACCTCCAGACATCCGAACCA_009,129
ACCTCCAGACATCCGAACCA_010,198
ACCTCCAGACATCCGAACCA_011,188
ACCTCCAGACATCCGAACCA_012,150
ACCTCCAGACATCCGAACCA_013,113
ACCTCCAGACATCCGAACCA_014,14
ACCTCCAGACATCCGAACCA_015,95
ACCTCCAGACATCCGAACCA_016,84
ACCTCCAGACATCCGAACCA_017,19
ACCTCCAGACATCCGAACCA_018,125
ACCTCCAGACATCCGAACCA_019,14
ACCTCCAGACATCCGAACCA_020,90
ACCTCCAGACATCCGAACCA_021,90
ACCTCCAGACATCCGAACCA_022,88
ACCTCCAGACATCCGAACCA_023,66
CCTGGATTCGGGCCTCACTG_001,1
CCTGGATTCGGGCCTCACTG_002,169
CCTGGATTCGGGCCTCACTG_003,42
CCTGGATTCGGGCCTCACTG_004,51
CCTGGATTCGGGCCTCACTG_005,2
CCTGGATTCGGGCCTCACTG_006,82
CCTGGATTCGGGCCTCACTG_007,189
CCTGGATTCGGGCCTCACTG_008,86
CCTGGATTCGGGCCTCACTG_009,16
CCTGGATTCGGGCCTCACTG_010,127
CCTGGATTCGGGCCTCACTG_011,76
CCTGGATTCGGGCCTCACTG_012,168
CCTGGATTCGGGCCTCACTG_013,168
CCTGGATTCGGGCCTCACTG_014,166
CCTGGATTCGGGCCTCACTG_015,141
CCTGGATTCGGGCCTCACTG_016,117
CCTGGATTCGGGCCTCACTG_017,188
CCTGGATTCGGGCCTCACTG_018,169
CCTGGATTCGGGCCTCACTG_019,48
CCTGGATTCGGGCCTCACTG_020,186
CCTGGATTCGGGCCTCACTG_021,112
CCTGGATTCGGGCCTCACTG_022,105
CCTGGATTCGGGCCTCACTG_023,129
CCTGGATTCGGGCCTCACTG_024,190
CCTGGATTCGGGCCTCACTG_025,31
GAAAAGGATCGTTTCCTGCT_001,81
GAAAAGGATCGTTTCCTGCT_002,76
AAATTTAACAGTGCCATCCG_001,160
AAATTTAACAGTGCCATCCG_002,65
AAATTTAACAGTGCCATCCG_003,105
AAATTTAACAGTGCCATCCG_004,19
AAATTTAACAGTGCCATCCG_005,184
AAATTTAACAGTGCCATCCG_006,126
AAATTTAACAGTGCCATCCG_007,78
AAATTTAACAGTGCCATCCG_008,62
AAATTTAACAGTGCCATCCG_009,88
AAATTTAACAGTGCCATCCG_010,14
AAATTTAACAGTGCCATCCG_011,121
AAATTTAACAGTGCCATCCG_012,7
CCTGACTATGAAGCCCTAGT_001,187
CCTGACTATGAAGCCCTAGT_002,69
CCTGACTATGAAGCCCTAGT_003,72
CCTGACTATGAAGCCCTAGT_004,74
CCTGACTATGAAGCCCTAGT_005,47
CCTGACTATGAAGCCCTAGT_006,174
CCTGACTATGAAGCCCTAGT_007,199
AAGGCACAGGAAACCTCCCT_001,145
AAGGCACAGGAAACCTCCCT_002,51
AAGGCACAGGAAACCTCCCT_003,66
AAGGCACAGGAAACCTCCCT_004,184
AAGGCACAGGAAACCTCCCT_005,140
AAGGCACAGGAAACCTCCCT_006,169
AAGGCACAGGAAACCTCCCT_007,185
AAGGCACAGGAAACCTCCCT_008,28
AAGGCACAGGAAACCTCCCT_009,0
AAGGCACAGGAAACCTCCCT_010,130
AAGGCACAGGAAACCTCCCT_011,149
AAGGCACAGGAAACCTCCCT_012,5
AAGGCACAGGAAACCTCCCT_013,162
AAGGCACAGGAAACCTCCCT_014,132
AAGGCACAGGAAACCTCCCT_015,169
AAGGCACAGGAAACCTCCCT_016,169
AAGGCACAGGAAACCTCCCT_017,172
AAGGCACAGGAAACCTCCCT_018,138
AAGGCACAGGAAACCTCCCT_019,1
AAGGCACAGGAAACCTCCCT_020,138
AAGGCACAGGAAACCTCCCT_021,70
AATGTTGAACTTCTAGACAG_001,4
AATGTTGAACTTCTAGACAG_002,15
AATGTTGAACTTCTAGACAG_003,52
AATGTTGAACTTCTAGACAG_004,41
GGCTGGCTGATATCAGAACG_001,68
GGCTGGCTGATATCAGAACG_002,152
GGCTGGCTGATATCAGAACG_003,119
TACGGCCTGTACTACCCTAG_001,6
TACGGCCTGTACTACCCTAG_002,178
TACGGCCTGTACTACCCTAG_003,19
TACGGCCTGTACTACCCTAG_004,129
TACGGCCTGTACTACCCTAG_005,161
TAAGGAAGAAACCCATACGA_001,127
TAAGGAAGAAACCCATACGA_002,114
TAAGGAAGAAACCCATACGA_003,78
TAAGGAAGAAACCCATACGA_004,189
TAAGGAAGAAACCCATACGA_005,83
TAAGGAAGAAACCCATACGA_006,151
TAAGGAAGAAACCCATACGA_007,1
TAAGGAAGAAACCCATACGA_008,186
TAAGGAAGAAACCCATACGA_009,176
TAAGGAAGAAACCCATACGA_010,2
TAAGGAAGAAACCCATACGA_011,191
TAAGGAAGAAACCCATACGA_012,154
TAAGGAAGAAACCCATACGA_013,2
TAAGGAAGAAACCCATACGA_014,98
TAAGGAAGAAACCCATACGA_015,188
TAAGGAAGAAACCCATACGA_016,108
CTCATTCACCAGTTGCACAA_001,149
CTCATTCACCAGTTGCACAA_002,38
CTCATTCACCAGTTGCACAA_003,117
CTCATTCACCAGTTGCACAA_004,14
CTCATTCACCAGTTGCACAA_005,41
CTCATTCACCAGTTGCACAA_006,190
CTCATTCACCAGTTGCACAA_007,41
CTCATTCACCAGTTGCACAA_008,166
CTCATTCACCAGTTGCACAA_009,115
CTCATTCACCAGTTGCACAA_010,37
GCCATGTCTCCACGCAGATG_001,134
GCCATGTCTCCACGCAGATG_002,57
GCCATGTCTCCACGCAGATG_003,20
GCCATGTCTCCACGCAGATG_004,69
GCCATGTCTCCACGCAGATG_005,107
GCCATGTCTCCACGCAGATG_006,15
GCCATGTCTCCACGCAGATG_007,145
GCCATGTCTCCACGCAGATG_008,156
GCCATGTCTCCACGCAGATG_009,48
GCCATGTCTCCACGCAGATG_010,188
GCCATGTCTCCACGCAGATG_011,67
GCCATGTCTCCACGCAGATG_012,56
GCCATGTCTCCACGCAGATG_013,12
GCCATGTCTCCACGCAGATG_014,1
CAGGAGGGAACAAAGAAGCG_001,18
CAGGAGGGAACAAAGAAGCG_002,180
CAGGAGGGAACAAAGAAGCG_003,90
CAGGAGGGAACAAAGAAGCG_004,166
CAGGAGGGAACAAAGAAGCG_005,68
CAGGAGGGAACAAAGAAGCG_006,33
CAGGAGGGAACAAAGAAGCG_007,175
CAGGAGGGAACAAAGAAGCG_008,129
GGGGCCCCAAATATGAGTAT_001,185
GGGGCCCCAAATATGAGTAT_002,199
GGGGCCCCAAATATGAGTAT_003,93
GGGGCCCCAAATATGAGTAT_004,57
GGGGCCCCAAATATGAGTAT_005,83
CTTGGACTAGGTATTCCGAC_001,4
CTTGGACTAGGTATTCCGAC_002,199
CGGTTCTCACAACGGCATCG_001,178
CGGTTCTCACAACGGCATCG_002,141
AAGTGAAATGTAACTTCAGG_001,97
AAGTGAAATGTAACTTCAGG_002,158
AAGTGAAATGTAACTTCAGG_003,137
AAGTGAAATGTAACTTCAGG_004,165
ACGAGTGTAATAGCTCACGT_001,135
ACGAGTGTAATAGCTCACGT_002,58
ACGAGTGTAATAGCTCACGT_003,20
ACGAGTGTAATAGCTCACGT_004,107
CAAATCAAACAGAGGCCCTG_001,160
CAAATCAAACAGAGGCCCTG_002,19
CAAATCAAACAGAGGCCCTG_003,199
CAAATCAAACAGAGGCCCTG_004,198
CAAATCAAACAGAGGCCCTG_005,169
CAAATCAAACAGAGGCCCTG_006,28
CAAATCAAACAGAGGCCCTG_007,14
CAAATCAAACAGAGGCCCTG_008,12
CAAATCAAACAGAGGCCCTG_009,28
CAAATCAAACAGAGGCCCTG_010,1
CAAATCAAACAGAGGCCCTG_011,81
CAAATCAAACAGAGGCCCTG_012,82
CAAATCAAACAGAGGCCCTG_013,1
CAAATCAAACAGAGGCCCTG_014,6
GATCCCAGTACTGCTCTTCG_001,8
GATCCCAGTACTGCTCTTCG_002,32
GATCCCAGTACTGCTCTTCG_003,104
GATCCCAGTACTGCTCTTCG_004,148
GATCCCAGTACTGCTCTTCG_005,52
TTTGTCTCTAGTACTGAACC_001,147
TTTGTCTCTAGTACTGAACC_002,178
TTTGTCTCTAGTACTGAACC_003,19
TTTGTCTCTAGTACTGAACC_004,184
AGTAACACAAATGTCAGCAA_001,179
AGTAACACAAATGTCAGCAA_002,30
AGTAACACAAATGTCAGCAA_003,144
AGTAACACAAATGTCAGCAA_004,50
AGTAACACAAATGTCAGCAA_005,166
AGTAACACAAATGTCAGCAA_006,79
GCTCCAGGATAAAGTGACAT_001,85
GCTCCAGGATAAAGTGACAT_002,154
GCTCCAGGATAAAGTGACAT_003,96
GCTCCAGGATAAAGTGACAT_004,91
GCTCCAGGATAAAGTGACAT_005,177
GCTCCAGGATAAAGTGACAT_006,74
GCTCCAGGATAAAGTGACAT_007,50
GCTCCAGGATAAAGTGACAT_008,3
GCTCCAGGATAAAGTGACAT_009,49
GCTCCAGGATAAAGTGACAT_010,172
GCTCCAGGATAAAGTGACAT_011,35
GCTCCAGGATAAAGTGACAT_012,58
GCTCCAGGATAAAGTGACAT_013,179
GCTCCAGGATAAAGTGACAT_014,134
GCTCCAGGATAAAGTGACAT_015,32
GCTCCAGGATAAAGTGACAT_016,177
GCTCCAGGATAAAGTGACAT_017,28
GCTCCAGGATAAAGTGACAT_018,194
GCTCCAGGATAAAGTGACAT_019,194
AGAGAGATGGATGACAATCA_001,102
AGAGAGATGGATGACAATCA_002,56
AGAGAGATGGATGACAATCA_003,103
AGAGAGATGGATGACAATCA_004,37
CATTGTATGAACGCAATAGC_001,156
CATTGTATGAACGCAATAGC_002,78
CATTGTATGAACGCAATAGC_003,76
CATTGTATGAACGCAATAGC_004,30
CATTGTATGAACGCAATAGC_005,162
CATTGTATGAACGCAATAGC_006,184
CATTGTATGAACGCAATAGC_007,103
CATTGTATGAACGCAATAGC_008,119
CATTGTATGAACGCAATAGC_009,9
CTCGAAAATGTCGTTGACGA_001,117
CTCGAAAATGTCGTTGACGA_002,61
AACAGCAAGGACTTTCCATG_001,94
AACAGCAAGGACTTTCCATG_002,188
AACAGCAAGGACTTTCCATG_003,194
AACAGCAAGGACTTTCCATG_004,45
AACAGCAAGGACTTTCCATG_005,132
AACAGCAAGGACTTTCCATG_006,16
AACAGCAAGGACTTTCCATG_007,28
AACAGCAAGGACTTTCCATG_008,102
AACAGCAAGGACTTTCCATG_009,142
TAATAGCTCCTCTTACCCAA_001,199
TAATAGCTCCTCTTACCCAA_002,77
TAATAGCTCCTCTTACCCAA_003,15
TAATAGCTCCTCTTACCCAA_004,34
TAATAGCTCCTCTTACCCAA_005,101
AGTACATGGAAAACGAAGAG_001,104
GCCTGTACAGAACCCGCGAA_001,126
GCCTGTACAGAACCCGCGAA_002,126
GCCTGTACAGAACCCGCGAA_003,105
GCCTGTACAGAACCCGCGAA_004,178
GCCTGTACAGAACCCGCGAA_005,92
GCCTGTACAGAACCCGCGAA_006,77
GCCTGTACAGAACCCGCGAA_007,194
GCCTGTACAGAACCCGCGAA_008,96
GCCTGTACAGAACCCGCGAA_009,28
GCCTGTACAGAACCCGCGAA_010,35
GCCTGTACAGAACCCGCGAA_011,40
GCCTGTACAGAACCCGCGAA_012,16
AACCATCCTACCGACAAACA_001,45
AACCATCCTACCGACAAACA_002,191
AACCATCCTACCGACAAACA_003,48
AACCATCCTACCGACAAACA_004,107
AACCATCCTACCGACAAACA_005,189
AACCATCCTACCGACAAACA_006,42
AACCATCCTACCGACAAACA_007,106
AACCATCCTACCGACAAACA_008,198
AACCATCCTACCGACAAACA_009,50
AACCATCCTACCGACAAACA_010,133
AACCATCCTACCGACAAACA_011,9
AACCATCCTACCGACAAACA_012,97
GGTGCTCAAACAGTGTATGT_001,41
GGTGCTCAAACAGTGTATGT_002,5
GGTGCTCAAACAGTGTATGT_003,157
GGTGCTCAAACAGTGTATGT_004,145
GGTGCTCAAACAGTGTATGT_005,40
GGTGCTCAAACAGTGTATGT_006,95
GGTGCTCAAACAGTGTATGT_007,99
GGTGCTCAAACAGTGTATGT_008,59
GGTGCTCAAACAGTGTATGT_009,148
GGTGCTCAAACAGTGTATGT_010,76
GGTGCTCAAACAGTGTATGT_011,148
GGTGCTCAAACAGTGTATGT_012,71
ATACAATGCTGAATCCAAAG_001,5
ATACAATGCTGAATCCAAAG_002,74
ATACAATGCTGAATCCAAAG_003,56
CAGTATGTTCAGGATAATGG_001,121
CAGTATGTTCAGGATAATGG_002,116
CAGTATGTTCAGGATAATGG_003,171
CAGTATGTTCAGGATAATGG_004,97
CAGTATGTTCAGGATAATGG_005,60
CAGTATGTTCAGGATAATGG_006,162
GCACCTGACCTATGAGAACG_001,78
GCACCTGACCTATGAGAACG_002,48
GCACCTGACCTATGAGAACG_003,9
GCACCTGACCTATGAGAACG_004,5
GCACCTGACCTATGAGAACG_005,49
GCACCTGACCTATGAGAACG_006,110
GCACCTGACCTATGAGAACG_007,196
GCACCTGACCTATGAGAACG_008,32
GCACCTGACCTATGAGAACG_009,192
GCACCTGACCTATGAGAACG_010,0
GCACCTGACCTATGAGAACG_011,69
GCACCTGACCTATGAGAACG_012,27
GCACCTGACCTATGAGAACG_013,10
GTGCCAACAAGGAAGATACC_001,33
GTGCCAACAAGGAAGATACC_002,52
GTGCCAACAAGGAAGATACC_003,38
GTGCCAACAAGGAAGATACC_004,40
GTGCCAACAAGGAAGATACC_005,126
GTGCCAACAAGGAAGATACC_006,175
GTGCCAACAAGGAAGATACC_007,199
GTGCCAACAAGGAAGATACC_008,132
GTGCCAACAAGGAAGATACC_009,191
TATATGTAACAAACCTGTCA_001,105
TATATGTAACAAACCTGTCA_002,160
TATATGTAACAAACCTGTCA_003,76
TATATGTAACAAACCTGTCA_004,6
TATATGTAACAAACCTGTCA_005,6
TATATGTAACAAACCTGTCA_006,11
TATATGTAACAAACCTGTCA_007,181
TATATGTAACAAACCTGTCA_008,98
TATATGTAACAAACCTGTCA_009,150
TATATGTAACAAACCTGTCA_010,97
TATATGTAACAAACCTGTCA_011,136
TATCGACAGAAGAAGCTACG_001,13
TATCGACAGAAGAAGCTACG_002,31
TATCGACAGAAGAAGCTACG_003,141
TATCGACAGAAGAAGCTACG_004,162
TATCGACAGAAGAAGCTACG_005,103
TATCGACAGAAGAAGCTACG_006,51
TATCGACAGAAGAAGCTACG_007,116
TATCGACAGAAGAAGCTACG_008,166
TATCGACAGAAGAAGCTACG_009,3
GCCCTGAAACCCACGCCGGG_001,105
GCCCTGAAACCCACGCCGGG_002,105
GCCCTGAAACCCACGCCGGG_003,17
GCCCTGAAACCCACGCCGGG_004,41
GCCCTGAAACCCACGCCGGG_005,17
GCCCTGAAACCCACGCCGGG_006,119
GCCCTGAAACCCACGCCGGG_007,198
GCCCTGAAACCCACGCCGGG_008,144
GCCCTGAAACCCACGCCGGG_009,55
GCCCTGAAACCCACGCCGGG_010,140
GCCCTGAAACCCACGCCGGG_011,4
GCCCTGAAACCCACGCCGGG_012,147
GCCCTGAAACCCACGCCGGG_013,74
GCCCTGAAACCCACGCCGGG_014,165
GCCCTGAAACCCACGCCGGG_015,58
GCCCTGAAACCCACGCCGGG_016,110
GCCCTGAAACCCACGCCGGG_017,49
GCCCTGAAACCCACGCCGGG_018,180
GCCCTGAAACCCACGCCGGG_019,0
CCGCCGGGTGAACCTCACCG_001,116
CCGCCGGGTGAACCTCACCG_002,194
CCGCCGGGTGAACCTCACCG_003,62
CCGCCGGGTGAACCTCACCG_004,99
CCGCCGGGTGAACCTCACCG_005,0
CCGCCGGGTGAACCTCACCG_006,35
CCGCCGGGTGAACCTCACCG_007,162
CCGCCGGGTGAACCTCACCG_008,28
CCGCCGGGTGAACCTCACCG_009,130
CCGCCGGGTGAACCTCACCG_010,88
CCGCCGGGTGAACCTCACCG_011,105
CCGCCGGGTGAACCTCACCG_012,49
CCGCCGGGTGAACCTCACCG_013,53
CCGCCGGGTGAACCTCACCG_014,6
CCGCCGGGTGAACCTCACCG_015,68
CCGCCGGGTGAACCTCACCG_016,175
CCGCCGGGTGAACCTCACCG_017,160
CCGCCGGGTGAACCTCACCG_018,189
CCGCCGGGTGAACCTCACCG_019,57
CCGCCGGGTGAACCTCACCG_020,117
CCGCCGGGTGAACCTCACCG_021,117
CCGCCGGGTGAACCTCACCG_022,130
CCGCCGGGTGAACCTCACCG_023,98
CCGCCGGGTGAACCTCACCG_024,19
CCGCCGGGTGAACCTCACCG_025,66
CCGCCGGGTGAACCTCACCG_026,137
CCGCCGGGTGAACCTCACCG_027,170
CCGCCGGGTGAACCTCACCG_028,58
CCGCCGGGTGAACCTCACCG_029,136
CCGCCGGGTGAACCTCACCG_030,63
CCGCCGGGTGAACCTCACCG_031,153
CCGCCGGGTGAACCTCACCG_032,48
CCGCCGGGTGAACCTCACCG_033,106
CCGCCGGGTGAACCTCACCG_034,188
CCGCCGGGTGAACCTCACCG_035,63
CCGCCGGGTGAACCTCACCG_036,38
CCGTCGAGCAGAATTCTCGG_001,103
CCGTCGAGCAGAATTCTCGG_002,146
CCGTCGAGCAGAATTCTCGG_003,62
CCGTCGAGCAGAATTCTCGG_004,92
CCGTCGAGCAGAATTCTCGG_005,75
CCGTCGAGCAGAATTCTCGG_006,33
CCGTCGAGCAGAATTCTCGG_007,165
CCGTCGAGCAGAATTCTCGG_008,88
GGGGCCCAGCCCTTCTGCCA_001,37
GGGGCCCAGCCCTTCTGCCA_002,176
GGGGCCCAGCCCTTCTGCCA_003,24
GGGGCCCAGCCCTTCTGCCA_004,67
GGGGCCCAGCCCTTCTGCCA_005,17
GGGGCCCAGCCCTTCTGCCA_006,96
GGGGCCCAGCCCTTCTGCCA_007,78
GGGGCCCAGCCCTTCTGCCA_008,146
GGGGCCCAGCCCTTCTGCCA_009,175
GGGGCCCAGCCCTTCTGCCA_010,184
GGGGCCCAGCCCTTCTGCCA_011,76
GGGGCCCAGCCCTTCTGCCA_012,174
GGGGCCCAGCCCTTCTGCCA_013,104
GGGGCCCAGCCCTTCTGCCA_014,42
GGGGCCCAGCCCTTCTGCCA_015,155
GGGGCCCAGCCCTTCTGCCA_016,162
GGGGCCCAGCCCTTCTGCCA_017,144
GGGGCCCAGCCCTTCTGCCA_018,1
GGGGCCCAGCCCTTCTGCCA_019,158
GGGGCCCAGCCCTTCTGCCA_020,150
CTCGAAGATATCGTTGACGA_001,127
CTCGAAGATATCGTTGACGA_002,34
CTACAGACAGAGTGTTACAG_001,162
CTACAGACAGAGTGTTACAG_002,50
CTACAGACAGAGTGTTACAG_003,43
CTACAGACAGAGTGTTACAG_004,130
CTACAGACAGAGTGTTACAG_005,92
CTACAGACAGAGTGTTACAG_006,94
CTACAGACAGAGTGTTACAG_007,191
GTACCCATATTGCTAATGCT_001,2
GTACCCATATTGCTAATGCT_002,96
GTACCCATATTGCTAATGCT_003,161
GTACCCATATTGCTAATGCT_004,180
GTACCCATATTGCTAATGCT_005,107
GTACCCATATTGCTAATGCT_006,156
GTACCCATATTGCTAATGCT_007,105
GTACCCATATTGCTAATGCT_008,27
ACATACCGGAGTTTCTGTAG_001,114
ACATACCGGAGTTTCTGTAG_002,192
TTCCACCCCCTCCCAAAGCA_001,113
TTCCACCCCCTCCCAAAGCA_002,74
TTCCACCCCCTCCCAAAGCA_003,2
TTCCACCCCCTCCCAAAGCA_004,34
TTCCACCCCCTCCCAAAGCA_005,21
TTCCACCCCCTCCCAAAGCA_006,130
TTCCACCCCCTCCCAAAGCA_007,145
TTCCACCCCCTCCCAAAGCA_008,76
TTCCACCCCCTCCCAAAGCA_009,178
TTCCACCCCCTCCCAAAGCA_010,76
TTCCACCCCCTCCCAAAGCA_011,19
TTCCACCCCCTCCCAAAGCA_012,48
TTCCACCCCCTCCCAAAGCA_013,98
TTCCACCCCCTCCCAAAGCA_014,2
TTCCACCCCCTCCCAAAGCA_015,29
TTCCACCCCCTCCCAAAGCA_016,2
TTCCACCCCCTCCCAAAGCA_017,198
TTCCACCCCCTCCCAAAGCA_018,192
TTCCACCCCCTCCCAAAGCA_019,158
TTCCACCCCCTCCCAAAGCA_020,88
TTCCACCCCCTCCCAAAGCA_021,82
TTCCACCCCCTCCCAAAGCA_022,194
TTCCACCCCCTCCCAAAGCA_023,95
TTCCACCCCCTCCCAAAGCA_024,70
TTCCACCCCCTCCCAAAGCA_025,91
TTCCACCCCCTCCCAAAGCA_026,56
TTCCACCCCCTCCCAAAGCA_027,3
TTCCACCCCCTCCCAAAGCA_028,161
TTCCACCCCCTCCCAAAGCA_029,161
TTCCACCCCCTCCCAAAGCA_030,43
TTCCACCCCCTCCCAAAGCA_031,178
GAGCTCGCAGTCGTATGGAG_001,76
GAGCTCGCAGTCGTATGGAG_002,150
GAGCTCGCAGTCGTATGGAG_003,27
GAGCTCGCAGTCGTATGGAG_004,81
GAGCTCGCAGTCGTATGGAG_005,143
GAGCTCGCAGTCGTATGGAG_006,144
GAGCTCGCAGTCGTATGGAG_007,4
GAGCTCGCAGTCGTATGGAG_008,184
GAGCTCGCAGTCGTATGGAG_009,29
GAGCTCGCAGTCGTATGGAG_010,85
GAGCTCGCAGTCGTATGGAG_011,188
GAGCTCGCAGTCGTATGGAG_012,141
GAGCTCGCAGTCGTATGGAG_013,190
GAGCTCGCAGTCGTATGGAG_014,172
GAGCTCGCAGTCGTATGGAG_015,47
AAGCCCTCTCCTCTTGTAAG_001,52
AAGCCCTCTCCTCTTGTAAG_002,75
AAGCCCTCTCCTCTTGTAAG_003,141
AAGCCCTCTCCTCTTGTAAG_004,44
AAGCCCTCTCCTCTTGTAAG_005,182
AAGCCCTCTCCTCTTGTAAG_006,106
AAGCCCTCTCCTCTTGTAAG_007,147
AAGCCCTCTCCTCTTGTAAG_008,140
GTGCCCGAGAAAATCCGTAG_001,84
GTGCCCGAGAAAATCCGTAG_002,47
GTGCCCGAGAAAATCCGTAG_003,185
GTGCCCGAGAAAATCCGTAG_004,92
GTGCCCGAGAAAATCCGTAG_005,45
GTGCCCGAGAAAATCCGTAG_006,62
GTGCCCGAGAAAATCCGTAG_007,69
GTGCCCGAGAAAATCCGTAG_008,143
GTGCCCGAGAAAATCCGTAG_009,43
CAGAGCTTGCAAGACACCAG_001,192
CAGAGCTTGCAAGACACCAG_002,11
CAGAGCTTGCAAGACACCAG_003,154
CAGAGCTTGCAAGACACCAG_004,168
CAGAGCTTGCAAGACACCAG_005,29
CAGAGCTTGCAAGACACCAG_006,146
CAGAGCTTGCAAGACACCAG_007,76
CAGAGCTTGCAAGACACCAG_008,12
CAGAGCTTGCAAGACACCAG_009,20
CAGAGCTTGCAAGACACCAG_010,114
CAGAGCTTGCAAGACACCAG_011,42
CAGAGCTTGCAAGACACCAG_012,102
CAGAGCTTGCAAGACACCAG_013,62
CAGAGCTTGCAAGACACCAG_014,140
CAGAGCTTGCAAGACACCAG_015,105
CAGAGCTTGCAAGACACCAG_016,30
CAGAGCTTGCAAGACACCAG_017,37
CAGAGCTTGCAAGACACCAG_018,156
CAGAGCTTGCAAGACACCAG_019,94
CAGAGCTTGCAAGACACCAG_020,13
CAGAGCTTGCAAGACACCAG_021,9
CAGAGCTTGCAAGACACCAG_022,141
CAGAGCTTGCAAGACACCAG_023,72
CAGAGCTTGCAAGACACCAG_024,88
CAGAGCTTGCAAGACACCAG_025,98
CAGAGCTTGCAAGACACCAG_026,147
CAGAGCTTGCAAGACACCAG_027,108
CAGAGCTTGCAAGACACCAG_028,47
CAGAGCTTGCAAGACACCAG_029,136
GCTCTACGCGCTGCACGTGA_001,174
GCTCTACGCGCTGCACGTGA_002,36
ACGCGGACCTACGACCGCGA_001,94
ACGCGGACCTACGACCGCGA_002,64
ACGCGGACCTACGACCGCGA_003,101
ACGCGGACCTACGACCGCGA_004,5
ACGCGGACCTACGACCGCGA_005,78
ACGCGGACCTACGACCGCGA_006,147
ACGCGGACCTACGACCGCGA_007,17
ACGCGGACCTACGACCGCGA_008,8
ACGCGGACCTACGACCGCGA_009,144
CCTTCGAAGCGAAAGTACTG_001,123
CCTTCGAAGCGAAAGTACTG_002,45
CCTTCGAAGCGAAAGTACTG_003,180
CCTTCGAAGCGAAAGTACTG_004,108
CCTTCGAAGCGAAAGTACTG_005,80
CCTTCGAAGCGAAAGTACTG_006,8
CCTTCGAAGCGAAAGTACTG_007,178
CCTTCGAAGCGAAAGTACTG_008,109
CCTTCGAAGCGAAAGTACTG_009,15
CCTTCGAAGCGAAAGTACTG_010,183
CCTTCGAAGCGAAAGTACTG_011,115
CCTTCGAAGCGAAAGTACTG_012,4
GCTGACACGCACTTTATCGG_001,108
GCTGACACGCACTTTATCGG_002,24
GCTGACACGCACTTTATCGG_003,77
GCTGACACGCACTTTATCGG_004,199
GCTGACACGCACTTTATCGG_005,53
GCTGACACGCACTTTATCGG_006,177
GCTGACACGCACTTTATCGG_007,130
GCTGACACGCACTTTATCGG_008,133
GCTGACACGCACTTTATCGG_009,147
GCTGACACGCACTTTATCGG_010,188
GCTGACACGCACTTTATCGG_011,63
GCTGACACGCACTTTATCGG_012,19
GCTGACACGCACTTTATCGG_013,172
GCTGACACGCACTTTATCGG_014,30
CTGGTCCAGCTGTAATACCA_001,119
CTGGTCCAGCTGTAATACCA_002,165
CTGGTCCAGCTGTAATACCA_003,188
CTGGTCCAGCTGTAATACCA_004,9
CTGGTCCAGCTGTAATACCA_005,143
CTGGTCCAGCTGTAATACCA_006,170
CTGGTCCAGCTGTAATACCA_007,172
CTGGTCCAGCTGTAATACCA_008,107
CTGGTCCAGCTGTAATACCA_009,176
TAATTTGAACAGCCCAGCTG_001,146
TAATTTGAACAGCCCAGCTG_002,41
TAATTTGAACAGCCCAGCTG_003,85
TAATTTGAACAGCCCAGCTG_004,57
TAATTTGAACAGCCCAGCTG_005,178
TAATTTGAACAGCCCAGCTG_006,145
TAATTTGAACAGCCCAGCTG_007,63
TAATTTGAACAGCCCAGCTG_008,156
AATGGTGTAATGATTTGGGA_001,149
AATGGTGTAATGATTTGGGA_002,139
AATGGTGTAATGATTTGGGA_003,125
AATGGTGTAATGATTTGGGA_004,50
AATGGTGTAATGATTTGGGA_005,149
AATGGTGTAATGATTTGGGA_006,161
AATGGTGTAATGATTTGGGA_007,141
AATGGTGTAATGATTTGGGA_008,68
AAGTGCATAGCCATACAACT_001,62
AAGTGCATAGCCATACAACT_002,102
AAGTGCATAGCCATACAACT_003,113
AAGTGCATAGCCATACAACT_004,16
AAGTGCATAGCCATACAACT_005,162
AAGGGCGAGCCGGACCCTAG_001,165
AAGGGCGAGCCGGACCCTAG_002,107
AAGGGCGAGCCGGACCCTAG_003,58
AAGGGCGAGCCGGACCCTAG_004,76
AAGGGCGAGCCGGACCCTAG_005,162
AAGGGCGAGCCGGACCCTAG_006,131
AAGGGCGAGCCGGACCCTAG_007,72
AAGGGCGAGCCGGACCCTAG_008,146
AAGGGCGAGCCGGACCCTAG_009,199
AAGGGCGAGCCGGACCCTAG_010,173
AAGGGCGAGCCGGACCCTAG_011,15
AAGGGCGAGCCGGACCCTAG_012,174
AAGGGCGAGCCGGACCCTAG_013,117
AAGGGCGAGCCGGACCCTAG_014,104
AAGGGCGAGCCGGACCCTAG_015,156
AAGGGCGAGCCGGACCCTAG_016,161
CAAGGTGAAGCCCCACGACA_001,60
CAAGGTGAAGCCCCACGACA_002,146
CAAGGTGAAGCCCCACGACA_003,187
CAAGGTGAAGCCCCACGACA_004,40
CAAGGTGAAGCCCCACGACA_005,149
CAAGGTGAAGCCCCACGACA_006,147
CAAGGTGAAGCCCCACGACA_007,155
CAAGGTGAAGCCCCACGACA_008,26
CCTGCTCAGACCCTATCACG_001,166
CCTGCTCAGACCCTATCACG_002,38
CCTGCTCAGACCCTATCACG_003,19
AGTTCTGCAGCACATAGGTG_001,174
AGTTCTGCAGCACATAGGTG_002,2
AGTTCTGCAGCACATAGGTG_003,178
AGTTCTGCAGCACATAGGTG_004,138
AGCTGGGTCGGAGAACAACA_001,121
AGCTGGGTCGGAGAACAACA_002,12
AGCTGGGTCGGAGAACAACA_003,48
AGCTGGGTCGGAGAACAACA_004,58
AGCTGGGTCGGAGAACAACA_005,37
AGCTGGGTCGGAGAACAACA_006,131
AGCTGGGTCGGAGAACAACA_007,134
GGCTAGAGCCTGCCATACAA_001,152
GGCTAGAGCCTGCCATACAA_002,20
GGCTAGAGCCTGCCATACAA_003,128
GGTGCGCGTAGGCATCCGAC_001,199
GGTGCGCGTAGGCATCCGAC_002,88
GGTGCGCGTAGGCATCCGAC_003,133
GGTGCGCGTAGGCATCCGAC_004,180
GGTGCGCGTAGGCATCCGAC_005,112
GGTGCGCGTAGGCATCCGAC_006,127
GGTGCGCGTAGGCATCCGAC_007,23
GGTGCGCGTAGGCATCCGAC_008,107
GGTGCGCGTAGGCATCCGAC_009,15
GGTGCGCGTAGGCATCCGAC_010,2
GGTGCGCGTAGGCATCCGAC_011,96
GGTGCGCGTAGGCATCCGAC_012,63
GGTGCGCGTAGGCATCCGAC_013,115
TGTAATCCCAGCGACCGCCA_001,38
TGTAATCCCAGCGACCGCCA_002,39
TGTAATCCCAGCGACCGCCA_003,55
TGTAATCCCAGCGACCGCCA_004,77
TGTAATCCCAGCGACCGCCA_005,113
TGTAATCCCAGCGACCGCCA_006,190
TGTAATCCCAGCGACCGCCA_007,60
TGTAATCCCAGCGACCGCCA_008,6
TGTAATCCCAGCGACCGCCA_009,106
ACGATTGCAAAAGAGTCTAG_001,72
ACGATTGCAAAAGAGTCTAG_002,38
ACGATTGCAAAAGAGTCTAG_003,132
ATACGGATGGGATAGTGGAG_001,121
ATACGGATGGGATAGTGGAG_002,127
ATACGGATGGGATAGTGGAG_003,127
GCCACCGCAGGATTGCACAT_001,21
GCCACCGCAGGATTGCACAT_002,58
GCCACCGCAGGATTGCACAT_003,176
GCCACCGCAGGATTGCACAT_004,158
GCCACCGCAGGATTGCACAT_005,32
GCCACCGCAGGATTGCACAT_006,184
GCCACCGCAGGATTGCACAT_007,144
GCCACCGCAGGATTGCACAT_008,107
GCCACCGCAGGATTGCACAT_009,107
GCCACCGCAGGATTGCACAT_010,12
GCCACCGCAGGATTGCACAT_011,145
GCCACCGCAGGATTGCACAT_012,43
GCCACCGCAGGATTGCACAT_013,94
GCCACCGCAGGATTGCACAT_014,62
GCCACCGCAGGATTGCACAT_015,15
GCCACCGCAGGATTGCACAT_016,67
GCCACCGCAGGATTGCACAT_017,158
GCCACCGCAGGATTGCACAT_018,48
GCCACCGCAGGATTGCACAT_019,113
GCCACCGCAGGATTGCACAT_020,198
GCCACCGCAGGATTGCACAT_021,188
GCCACCGCAGGATTGCACAT_022,85
GCCACCGCAGGATTGCACAT_023,98
GCCACCGCAGGATTGCACAT_024,159
GCCACCGCAGGATTGCACAT_025,105
GCCACCGCAGGATTGCACAT_026,81
GCCACCGCAGGATTGCACAT_027,147
GCCACCGCAGGATTGCACAT_028,107
GCCACCGCAGGATTGCACAT_029,166
GCCACCGCAGGATTGCACAT_030,105
GCCACCGCAGGATTGCACAT_031,58
GCCACCGCAGGATTGCACAT_032,141
GCCACCGCAGGATTGCACAT_033,88
GCCACCGCAGGATTGCACAT_034,115
GCCACCGCAGGATTGCACAT_035,13
GCCACCGCAGGATTGCACAT_036,61
GCCACCGCAGGATTGCACAT_037,129
GCCACCGCAGGATTGCACAT_038,130
GCCACCGCAGGATTGCACAT_039,182
GCCACCGCAGGATTGCACAT_040,147
GCCACCGCAGGATTGCACAT_041,78
GCCACCGCAGGATTGCACAT_042,36
GCCACCGCAGGATTGCACAT_043,130
GCCACCGCAGGATTGCACAT_044,127
GCCACCGCAGGATTGCACAT_045,17
GCCACCGCAGGATTGCACAT_046,39
GCCACCGCAGGATTGCACAT_047,49
GCCACCGCAGGATTGCACAT_048,0
GCCACCGCAGGATTGCACAT_049,175
GCCACCGCAGGATTGCACAT_050,10
GCCACCGCAGGATTGCACAT_051,56
GCCACCGCAGGATTGCACAT_052,63
GCCACCGCAGGATTGCACAT_053,61
CAAGGCCCTGACTCAGATGG_001,69
CAAGGCCCTGACTCAGATGG_002,15
CAAGGCCCTGACTCAGATGG_003,145
CAAGGCCCTGACTCAGATGG_004,53
CAAGGCCCTGACTCAGATGG_005,158
CAAGGCCCTGACTCAGATGG_006,53
CAAGGCCCTGACTCAGATGG_007,53
CAAGGCCCTGACTCAGATGG_008,147
CAAGGCCCTGACTCAGATGG_009,190
CAAGGCCCTGACTCAGATGG_010,84
CAAGGCCCTGACTCAGATGG_011,52
CAAGGCCCTGACTCAGATGG_012,177
CAAGGCCCTGACTCAGATGG_013,172
CAAGGCCCTGACTCAGATGG_014,129
CAAGGCCCTGACTCAGATGG_015,184
CAAGGCCCTGACTCAGATGG_016,19
CAAGGCCCTGACTCAGATGG_017,43
CAAGGCCCTGACTCAGATGG_018,32
CAAGGCCCTGACTCAGATGG_019,154
CAAGGCCCTGACTCAGATGG_020,16
CAAGGCCCTGACTCAGATGG_021,153
CAAGGCCCTGACTCAGATGG_022,69
CAAGGCCCTGACTCAGATGG_023,29
ACTTTGTGGTTCATCACTAG_001,127
ACTTTGTGGTTCATCACTAG_002,0
ACTTTGTGGTTCATCACTAG_003,137
ACTTTGTGGTTCATCACTAG_004,78
ACTTTGTGGTTCATCACTAG_005,50
ACTTTGTGGTTCATCACTAG_006,151
ATGACATTGCGCGTCTACGG_001,157
ATGACATTGCGCGTCTACGG_002,177
ATGACATTGCGCGTCTACGG_003,135
ATGACATTGCGCGTCTACGG_004,7
ATGACATTGCGCGTCTACGG_005,59
ATGACATTGCGCGTCTACGG_006,113
ATGACATTGCGCGTCTACGG_007,199
ATGACATTGCGCGTCTACGG_008,1
ATGACATTGCGCGTCTACGG_009,28
ATGACATTGCGCGTCTACGG_010,76
ATGACATTGCGCGTCTACGG_011,190
ATGACATTGCGCGTCTACGG_012,147
ATGACATTGCGCGTCTACGG_013,133
ATGACATTGCGCGTCTACGG_014,19
ATGACATTGCGCGTCTACGG_015,22
CGCACCTGGACTCTAGACTC_001,15
CGCACCTGGACTCTAGACTC_002,85
CGCACCTGGACTCTAGACTC_003,17
CGCACCTGGACTCTAGACTC_004,194
CGCACCTGGACTCTAGACTC_005,67
CGCACCTGGACTCTAGACTC_006,102
CGCACCTGGACTCTAGACTC_007,3
CGCACCTGGACTCTAGACTC_008,144
CGCACCTGGACTCTAGACTC_009,155
GACAACTCGTGGATGCTCCG_001,6
GACAACTCGTGGATGCTCCG_002,94
GACAACTCGTGGATGCTCCG_003,106
GACAACTCGTGGATGCTCCG_004,108
GACAACTCGTGGATGCTCCG_005,194
GACAACTCGTGGATGCTCCG_006,50
GACAACTCGTGGATGCTCCG_007,61
GACAACTCGTGGATGCTCCG_008,81
GACAACTCGTGGATGCTCCG_009,157
GACAACTCGTGGATGCTCCG_010,111
GGGCTTCCGTGAGAAGACCG_001,83
GGGCTTCCGTGAGAAGACCG_002,11
GGGCTTCCGTGAGAAGACCG_003,12
GGGCTTCCGTGAGAAGACCG_004,26
GGGCTTCCGTGAGAAGACCG_005,119
GGGCTTCCGTGAGAAGACCG_006,168
GGGCTTCCGTGAGAAGACCG_007,136
GGGCTTCCGTGAGAAGACCG_008,180
CCACAATGTCCTGCACTCCA_001,97
CCACAATGTCCTGCACTCCA_002,116
CCACAATGTCCTGCACTCCA_003,95
CCACAATGTCCTGCACTCCA_004,95
CCACAATGTCCTGCACTCCA_005,27
CCACAATGTCCTGCACTCCA_006,191
ATGTGCAGCAAAATGTGAAG_001,122
ATGTGCAGCAAAATGTGAAG_002,184
ATGTGCAGCAAAATGTGAAG_003,104
ATGTGCAGCAAAATGTGAAG_004,184
ATGTGCAGCAAAATGTGAAG_005,161
ATGTGCAGCAAAATGTGAAG_006,184
ATGTGCAGCAAAATGTGAAG_007,180
CCCTCGCGCTTGAGGCCGCG_001,153
CCCTCGCGCTTGAGGCCGCG_002,50
CCCTCGCGCTTGAGGCCGCG_003,79
CCCTCGCGCTTGAGGCCGCG_004,104
CCCTCGCGCTTGAGGCCGCG_005,68
CCCTCGCGCTTGAGGCCGCG_006,140
CCCTCGCGCTTGAGGCCGCG_007,12
CCCTCGCGCTTGAGGCCGCG_008,58
CCCTCGCGCTTGAGGCCGCG_009,4
GTGGGATCAAGTGAAAAAGG_001,161
TCAGACCAGTCTGTTTACCC_001,37
GGTGATTCTGAATTGCTGTG_001,152
GGTGATTCTGAATTGCTGTG_002,183
GTCAGCAGCGGTGCAACACA_001,104
GTCAGCAGCGGTGCAACACA_002,18
GTCAGCAGCGGTGCAACACA_003,12
GTCAGCAGCGGTGCAACACA_004,140
GTCAGCAGCGGTGCAACACA_005,95
GTCAGCAGCGGTGCAACACA_006,50
GTCAGCAGCGGTGCAACACA_007,80
GTCAGCAGCGGTGCAACACA_008,197
GTCAGCAGCGGTGCAACACA_009,193
GTCAGCAGCGGTGCAACACA_010,54
GTCAGCAGCGGTGCAACACA_011,117
GTCAGCAGCGGTGCAACACA_012,48
GTCAGCAGCGGTGCAACACA_013,169
GTCAGCAGCGGTGCAACACA_014,115
GTCAGCAGCGGTGCAACACA_015,84
GTCAGCAGCGGTGCAACACA_016,148
GTCAGCAGCGGTGCAACACA_017,137
GTCAGCAGCGGTGCAACACA_018,32
GTCAGCAGCGGTGCAACACA_019,166
GTCAGCAGCGGTGCAACACA_020,9
GTCAGCAGCGGTGCAACACA_021,49
TGTGGCGCCGCACAACGACT_001,41
TGTGGCGCCGCACAACGACT_002,30
TGTGGCGCCGCACAACGACT_003,17
TGTGGCGCCGCACAACGACT_004,137
TGTGGCGCCGCACAACGACT_005,77
TGTGGCGCCGCACAACGACT_006,77
TGTGGCGCCGCACAACGACT_007,81
TGTGGCGCCGCACAACGACT_008,55
TGTGGCGCCGCACAACGACT_009,60
TGTGGCGCCGCACAACGACT_010,41
TGTGGCGCCGCACAACGACT_011,145
TGTGGCGCCGCACAACGACT_012,140
TGTGGCGCCGCACAACGACT_013,75
TGTGGCGCCGCACAACGACT_014,37
TGTGGCGCCGCACAACGACT_015,49
TGTGGCGCCGCACAACGACT_016,44
TGTGGCGCCGCACAACGACT_017,160
TGTGGCGCCGCACAACGACT_018,68
TGTGGCGCCGCACAACGACT_019,94
TGTGGCGCCGCACAACGACT_020,46
TGTGGCGCCGCACAACGACT_021,14
TGTGGCGCCGCACAACGACT_022,76
TGCCCTGGTGCAAGTCACGG_001,121
TGCCCTGGTGCAAGTCACGG_002,29
TGCCCTGGTGCAAGTCACGG_003,46
TGCCCTGGTGCAAGTCACGG_004,153
TGCCCTGGTGCAAGTCACGG_005,96
TGCCCTGGTGCAAGTCACGG_006,83
TGCCCTGGTGCAAGTCACGG_007,22
TGCCCTGGTGCAAGTCACGG_008,155
TGCCCTGGTGCAAGTCACGG_009,98
TGCCCTGGTGCAAGTCACGG_010,22
TGCCCTGGTGCAAGTCACGG_011,159
TGCCCTGGTGCAAGTCACGG_012,47
TGCCCTGGTGCAAGTCACGG_013,121
TGCCCTGGTGCAAGTCACGG_014,182
TGCCCTGGTGCAAGTCACGG_015,58
TGCCCTGGTGCAAGTCACGG_016,184
TGCCCTGGTGCAAGTCACGG_017,172
TGCCCTGGTGCAAGTCACGG_018,114
TGCCCTGGTGCAAGTCACGG_019,169
TGCCCTGGTGCAAGTCACGG_020,133
TGCCCTGGTGCAAGTCACGG_021,148
TGCCCTGGTGCAAGTCACGG_022,13
TGCCCTGGTGCAAGTCACGG_023,137
ACATATAGCTCTTTCTCGAC_001,180
ACATATAGCTCTTTCTCGAC_002,110
CGTTGCCCAAAGATTCCCCA_001,147
CGTTGCCCAAAGATTCCCCA_002,106
CGTTGCCCAAAGATTCCCCA_003,133
CGTTGCCCAAAGATTCCCCA_004,21
CGTTGCCCAAAGATTCCCCA_005,21
CGTTGCCCAAAGATTCCCCA_006,91
CGTTGCCCAAAGATTCCCCA_007,5
CGTTGCCCAAAGATTCCCCA_008,19
GCCCAGTACACAAGTATCTA_001,16
GCCCAGTACACAAGTATCTA_002,25
GCCCAGTACACAAGTATCTA_003,68
GCCCAGTACACAAGTATCTA_004,78
GCCCAGTACACAAGTATCTA_005,29
GCCCAGTACACAAGTATCTA_006,70
GCCCAGTACACAAGTATCTA_007,191
GCCCAGTACACAAGTATCTA_008,92
GCCCAGTACACAAGTATCTA_009,183
GCCCAGTACACAAGTATCTA_010,199
GCCCAGTACACAAGTATCTA_011,50
TTTCCATGGAGTTTCACGGT_001,1
TTTCCATGGAGTTTCACGGT_002,181
TTTCCATGGAGTTTCACGGT_003,142
TTTCCATGGAGTTTCACGGT_004,37
TTTCCATGGAGTTTCACGGT_005,19
TTTCCATGGAGTTTCACGGT_006,19
TTTCCATGGAGTTTCACGGT_007,165
TTTCCATGGAGTTTCACGGT_008,183
CCAGAGTGCTCCCTACCAGA_001,74
CCAGAGTGCTCCCTACCAGA_002,29
CCAGAGTGCTCCCTACCAGA_003,46
CCAGAGTGCTCCCTACCAGA_004,94
CCAGAGTGCTCCCTACCAGA_005,50
CCAGAGTGCTCCCTACCAGA_006,11
CACAGTCATGGTGTACCCAA_001,81
CACAGTCATGGTGTACCCAA_002,36
CACAGTCATGGTGTACCCAA_003,86
CACAGTCATGGTGTACCCAA_004,15
CACAGTCATGGTGTACCCAA_005,60
CACAGTCATGGTGTACCCAA_006,30
CACAGTCATGGTGTACCCAA_007,89
CACAGTCATGGTGTACCCAA_008,117
CCGCTCACTTGAACACGTCG_001,114
CCGCTCACTTGAACACGTCG_002,2
CCGCTCACTTGAACACGTCG_003,172
CCGCTCACTTGAACACGTCG_004,177
CCGCTCACTTGAACACGTCG_005,4
CCGCTCACTTGAACACGTCG_006,43
CCGCTCACTTGAACACGTCG_007,183
CCGCTCACTTGAACACGTCG_008,16
CCGCTCACTTGAACACGTCG_009,152
GGATGGTGTCTTGTGAAAGG_001,170
GGATGGTGTCTTGTGAAAGG_002,62
GGATGGTGTCTTGTGAAAGG_003,81
GGATGGTGTCTTGTGAAAGG_004,187
GGATGGTGTCTTGTGAAAGG_005,70
GGATGGTGTCTTGTGAAAGG_006,119
GGATGGTGTCTTGTGAAAGG_007,88
AGGTCAAGCCGACCTCGAAC_001,136
AGGTCAAGCCGACCTCGAAC_002,78
AGGTCAAGCCGACCTCGAAC_003,5
AGGTCAAGCCGACCTCGAAC_004,41
AGGTCAAGCCGACCTCGAAC_005,124
AGGTCAAGCCGACCTCGAAC_006,136
AGGTCAAGCCGACCTCGAAC_007,24
AGGTCAAGCCGACCTCGAAC_008,61
AGGTCAAGCCGACCTCGAAC_009,96
AGGTCAAGCCGACCTCGAAC_010,144
AGGTCAAGCCGACCTCGAAC_011,28
AGGTCAAGCCGACCTCGAAC_012,20
AGGTCAAGCCGACCTCGAAC_013,148
AGGTCAAGCCGACCTCGAAC_014,175
AGGTCAAGCCGACCTCGAAC_015,99
AGGTCAAGCCGACCTCGAAC_016,154
ATGTCTCTGCTGCACGACGT_001,84
ATGTCTCTGCTGCACGACGT_002,5
ATGTCTCTGCTGCACGACGT_003,137
ATGTCTCTGCTGCACGACGT_004,42
ATGTCTCTGCTGCACGACGT_005,108
ATGTCTCTGCTGCACGACGT_006,197
ATGTCTCTGCTGCACGACGT_007,158
GCAGCACCAAGTCCGGATGC_001,33
GCAGCACCAAGTCCGGATGC_002,135
GCAGCACCAAGTCCGGATGC_003,178
GCAGCACCAAGTCCGGATGC_004,197
GCAGCACCAAGTCCGGATGC_005,50
GCAGCACCAAGTCCGGATGC_006,164
GCAGCACCAAGTCCGGATGC_007,169
GCAGCACCAAGTCCGGATGC_008,102
GCAGCACCAAGTCCGGATGC_009,138
GGCCTACCACGTGACGGACA_001,8
GGCCTACCACGTGACGGACA_002,1
GGCCTACCACGTGACGGACA_003,197
GGCCTACCACGTGACGGACA_004,97
TCGTTGATGAAATGAACTGC_001,146
TCGTTGATGAAATGAACTGC_002,56
TCGTTGATGAAATGAACTGC_003,156
TCGTTGATGAAATGAACTGC_004,199
TCGTTGATGAAATGAACTGC_005,141
TCGTTGATGAAATGAACTGC_006,91
TCGTTGATGAAATGAACTGC_007,155
TCGTTGATGAAATGAACTGC_008,103
TCGTTGATGAAATGAACTGC_009,110
TCGTTGATGAAATGAACTGC_010,17
TCGTTGATGAAATGAACTGC_011,43
TCGTTGATGAAATGAACTGC_012,161
TCGTTGATGAAATGAACTGC_013,83
TCGTTGATGAAATGAACTGC_014,106
TCGTTGATGAAATGAACTGC_015,197
TCGTTGATGAAATGAACTGC_016,147
TCGTTGATGAAATGAACTGC_017,26
TCGTTGATGAAATGAACTGC_018,163
TCGTTGATGAAATGAACTGC_019,122
TCGTTGATGAAATGAACTGC_020,63
TCGTTGATGAAATGAACTGC_021,130
TCGTTGATGAAATGAACTGC_022,138
TCGTTGATGAAATGAACTGC_023,115
TGAATACAAGTGGTCAACAG_001,58
TGAATACAAGTGGTCAACAG_002,22
TGAATACAAGTGGTCAACAG_003,58
TGAATACAAGTGGTCAACAG_004,140
TGAATACAAGTGGTCAACAG_005,115
TGAATACAAGTGGTCAACAG_006,109
TTACGATATAGAAATAACTT_001,103
TCTCAATGGCAAAATCCATG_001,53
TCTCAATGGCAAAATCCATG_002,102
AAAGGGCCTATACCAATGGA_001,148
AAAGGGCCTATACCAATGGA_002,19
TGAGGAGTTTGATGCTCGCT_001,154
TGAGGAGTTTGATGCTCGCT_002,25
TGAGGAGTTTGATGCTCGCT_003,194
TGAGGAGTTTGATGCTCGCT_004,88
TGAGGAGTTTGATGCTCGCT_005,191
TGAGGAGTTTGATGCTCGCT_006,150
TGAGGAGTTTGATGCTCGCT_007,51
AGGGACGTGCTCATTACGGT_001,49
AGGGACGTGCTCATTACGGT_002,104
AGGGACGTGCTCATTACGGT_003,115
AGGGACGTGCTCATTACGGT_004,102
AGGGACGTGCTCATTACGGT_005,24
AGGGACGTGCTCATTACGGT_006,115
AGGGACGTGCTCATTACGGT_007,191
CTGGTCGTACAGGAGCACGG_001,41
CTGGTCGTACAGGAGCACGG_002,15
CTGGTCGTACAGGAGCACGG_003,48
CTGGTCGTACAGGAGCACGG_004,105
CTGGTCGTACAGGAGCACGG_005,140
CTGGTCGTACAGGAGCACGG_006,4
CTGGTCGTACAGGAGCACGG_007,36
CTGGTCGTACAGGAGCACGG_008,134
CTGGTCGTACAGGAGCACGG_009,137
CTGGTCGTACAGGAGCACGG_010,36
CTGGTCGTACAGGAGCACGG_011,136
CTGGTCGTACAGGAGCACGG_012,104
CTGGTCGTACAGGAGCACGG_013,126
CTGGTCGTACAGGAGCACGG_014,97
CTGGTCGTACAGGAGCACGG_015,47
CTGGTCGTACAGGAGCACGG_016,29
CTGGTCGTACAGGAGCACGG_017,29
CTGGTCGTACAGGAGCACGG_018,62
CTGGTCGTACAGGAGCACGG_019,125
CTGGTCGTACAGGAGCACGG_020,140
CTGGTCGTACAGGAGCACGG_021,144
CTGGTCGTACAGGAGCACGG_022,93
CTGGTCGTACAGGAGCACGG_023,113
CTGGTCGTACAGGAGCACGG_024,80
CTGGTCGTACAGGAGCACGG_025,174
CTGGTCGTACAGGAGCACGG_026,145
CTGGTCGTACAGGAGCACGG_027,1
CTGGTCGTACAGGAGCACGG_028,88
GGGCTGGAGCGGTGGACACG_001,113
GGGCTGGAGCGGTGGACACG_002,40
GGGCTGGAGCGGTGGACACG_003,158
GGGCTGGAGCGGTGGACACG_004,76
GGGCTGGAGCGGTGGACACG_005,128
GGGCTGGAGCGGTGGACACG_006,56
GGGCTGGAGCGGTGGACACG_007,12
GGGCTGGAGCGGTGGACACG_008,81
GGGCTGGAGCGGTGGACACG_009,78
GGGCTGGAGCGGTGGACACG_010,176
GGGCTGGAGCGGTGGACACG_011,134
GGGCTGGAGCGGTGGACACG_012,5
GGGCTGGAGCGGTGGACACG_013,102
TCCACCTCGTAGGCATCACA_001,145
TCCACCTCGTAGGCATCACA_002,113
TCCACCTCGTAGGCATCACA_003,31
TCCACCTCGTAGGCATCACA_004,73
TCCACCTCGTAGGCATCACA_005,17
TCCACCTCGTAGGCATCACA_006,141
TCCACCTCGTAGGCATCACA_007,22
TCCACCTCGTAGGCATCACA_008,56
GGAACCCTCCCTGCGATAGA_001,2
GGAACCCTCCCTGCGATAGA_002,49
GGAACCCTCCCTGCGATAGA_003,83
GGAACCCTCCCTGCGATAGA_004,82
GGAACCCTCCCTGCGATAGA_005,40
GGAACCCTCCCTGCGATAGA_006,77
GGAACCCTCCCTGCGATAGA_007,17
GGAACCCTCCCTGCGATAGA_008,94
GGAACCCTCCCTGCGATAGA_009,42
GGAACCCTCCCTGCGATAGA_010,0
GGAACCCTCCCTGCGATAGA_011,105
GGAACCCTCCCTGCGATAGA_012,29
GGAACCCTCCCTGCGATAGA_013,13
GGAACCCTCCCTGCGATAGA_014,40
GGAACCCTCCCTGCGATAGA_015,121
GGAACCCTCCCTGCGATAGA_016,135
GGAACCCTCCCTGCGATAGA_017,197
GGAACCCTCCCTGCGATAGA_018,26
GGAACCCTCCCTGCGATAGA_019,175
GGAACCCTCCCTGCGATAGA_020,184
GGAACCCTCCCTGCGATAGA_021,54
GGAACCCTCCCTGCGATAGA_022,76
GGAACCCTCCCTGCGATAGA_023,33
GGAACCCTCCCTGCGATAGA_024,2
GGAACCCTCCCTGCGATAGA_025,199
GGAACCCTCCCTGCGATAGA_026,80
GGAACCCTCCCTGCGATAGA_027,141
GGAACCCTCCCTGCGATAGA_028,150
GGAACCCTCCCTGCGATAGA_029,49
GGAACCCTCCCTGCGATAGA_030,148
GGAACCCTCCCTGCGATAGA_031,72
GGAACCCTCCCTGCGATAGA_032,192
GGAACCCTCCCTGCGATAGA_033,50
GGAACCCTCCCTGCGATAGA_034,7
GGAACCCTCCCTGCGATAGA_035,114
GGAACCCTCCCTGCGATAGA_036,2
GGAACCCTCCCTGCGATAGA_037,132
GGAACCCTCCCTGCGATAGA_038,140
GGAACCCTCCCTGCGATAGA_039,76
GGAACCCTCCCTGCGATAGA_040,53
GGAACCCTCCCTGCGATAGA_041,65
GGAACCCTCCCTGCGATAGA_042,191
GGAACCCTCCCTGCGATAGA_043,130
GGAACCCTCCCTGCGATAGA_044,30
GGCTTCCATATGAACGAGCC_001,194
GGCTTCCATATGAACGAGCC_002,172
GGCTTCCATATGAACGAGCC_003,32
GGCTTCCATATGAACGAGCC_004,173
GGCTTCCATATGAACGAGCC_005,69
GGCTTCCATATGAACGAGCC_006,32
GGCTTCCATATGAACGAGCC_007,27
GGCTTCCATATGAACGAGCC_008,28
GGCTTCCATATGAACGAGCC_009,39
TGACTCACAGGACTACTACG_001,181
TGACTCACAGGACTACTACG_002,88
TGACTCACAGGACTACTACG_003,18
TGACTCACAGGACTACTACG_004,99
TGACTCACAGGACTACTACG_005,157
TGACTCACAGGACTACTACG_006,150
TGACTCACAGGACTACTACG_007,140
TGACTCACAGGACTACTACG_008,198
TGACTCACAGGACTACTACG_009,2
TGACTCACAGGACTACTACG_010,60
TGACTCACAGGACTACTACG_011,105
TGACTCACAGGACTACTACG_012,48
TGACTCACAGGACTACTACG_013,142
TGACTCACAGGACTACTACG_014,144
TGACTCACAGGACTACTACG_015,58
GGAATATACAGGACCAACGA_001,62
GGAATATACAGGACCAACGA_002,115
GGAATATACAGGACCAACGA_003,41
GGAATATACAGGACCAACGA_004,187
GGAATATACAGGACCAACGA_005,146
GGAATATACAGGACCAACGA_006,170
GGAATATACAGGACCAACGA_007,5
GGAATATACAGGACCAACGA_008,32
GGAATATACAGGACCAACGA_009,77
GGAATATACAGGACCAACGA_010,147
GGAATATACAGGACCAACGA_011,106
GGAATATACAGGACCAACGA_012,16
AAGTGTTAGAATTTCATCAT_001,83
AAGTGTTAGAATTTCATCAT_002,199
TAATAGTAGAGGAAAAATGC_001,15
AGTATACCATTGAAAACCCA_001,106
AGTATACCATTGAAAACCCA_002,1
AGTATACCATTGAAAACCCA_003,198
AGTATACCATTGAAAACCCA_004,188
AGTATACCATTGAAAACCCA_005,57
AGTATACCATTGAAAACCCA_006,43
AGTATACCATTGAAAACCCA_007,5
AGTATACCATTGAAAACCCA_008,94
AGTATACCATTGAAAACCCA_009,41
AGTATACCATTGAAAACCCA_010,161
AGTATACCATTGAAAACCCA_011,8
AGTATACCATTGAAAACCCA_012,116
AGTATACCATTGAAAACCCA_013,6
AGTATACCATTGAAAACCCA_014,137
AGTATACCATTGAAAACCCA_015,176
AGTATACCATTGAAAACCCA_016,2
AGTATACCATTGAAAACCCA_017,47
AGTATACCATTGAAAACCCA_018,125
CACCCCAAAGAACTGATCAG_001,32
CACCCCAAAGAACTGATCAG_002,169
CACCCCAAAGAACTGATCAG_003,190
CACCCCAAAGAACTGATCAG_004,49
CACCCCAAAGAACTGATCAG_005,62
CACCCCAAAGAACTGATCAG_006,66
CACCCCAAAGAACTGATCAG_007,44
CACCCCAAAGAACTGATCAG_008,47
CACCCCAAAGAACTGATCAG_009,85
CACCCCAAAGAACTGATCAG_010,127
CACCCCAAAGAACTGATCAG_011,65
CACCCCAAAGAACTGATCAG_012,29
CACCCCAAAGAACTGATCAG_013,68
CACCCCAAAGAACTGATCAG_014,147
CACCCCAAAGAACTGATCAG_015,16
CACCCCAAAGAACTGATCAG_016,106
CACCCCAAAGAACTGATCAG_017,13
CACCCCAAAGAACTGATCAG_018,190
CACCCCAAAGAACTGATCAG_019,101
CACCCCAAAGAACTGATCAG_020,177
CACCCCAAAGAACTGATCAG_021,193
CACCCCAAAGAACTGATCAG_022,129
CACCCCAAAGAACTGATCAG_023,109
CACCCCAAAGAACTGATCAG_024,109
CACCCCAAAGAACTGATCAG_025,43
CACCCCAAAGAACTGATCAG_026,116
CACCCCAAAGAACTGATCAG_027,94
CACCCCAAAGAACTGATCAG_028,130
CACCCCAAAGAACTGATCAG_029,50
CACCCCAAAGAACTGATCAG_030,47
CACCCCAAAGAACTGATCAG_031,199
CACCCCAAAGAACTGATCAG_032,39
CACCCCAAAGAACTGATCAG_033,108
CACCCCAAAGAACTGATCAG_034,97
CACCCCAAAGAACTGATCAG_035,133
CACCCCAAAGAACTGATCAG_036,81
GGTCTCCAAACCACAGCACC_001,137
GGTCTCCAAACCACAGCACC_002,147
GGTCTCCAAACCACAGCACC_003,78
GGTCTCCAAACCACAGCACC_004,60
GGTCTCCAAACCACAGCACC_005,109
GGTCTCCAAACCACAGCACC_006,109
GGTCTCCAAACCACAGCACC_007,88
GGTCTCCAAACCACAGCACC_008,83
GGTCTCCAAACCACAGCACC_009,114
GGTCTCCAAACCACAGCACC_010,168
GGTCTCCAAACCACAGCACC_011,42
GGTCTCCAAACCACAGCACC_012,188
GGTCTCCAAACCACAGCACC_013,19
GGGTAGCATGCGGAGCACGC_001,26
GGGTAGCATGCGGAGCACGC_002,17
GGGTAGCATGCGGAGCACGC_003,91
GGGTAGCATGCGGAGCACGC_004,142
GGGTAGCATGCGGAGCACGC_005,23
GGGTAGCATGCGGAGCACGC_006,196
GGGTAGCATGCGGAGCACGC_007,118
GGGTAGCATGCGGAGCACGC_008,32
GGGTAGCATGCGGAGCACGC_009,127
GGGTAGCATGCGGAGCACGC_010,88
GGGTAGCATGCGGAGCACGC_011,29
GGGTAGCATGCGGAGCACGC_012,126
GGGTAGCATGCGGAGCACGC_013,197
GGGTAGCATGCGGAGCACGC_014,48
AGCCAAGAGCCCCACGACAG_001,32
AGCCAAGAGCCCCACGACAG_002,185
AGCCAAGAGCCCCACGACAG_003,64
AGCCAAGAGCCCCACGACAG_004,177
AGCCAAGAGCCCCACGACAG_005,184
AGCCAAGAGCCCCACGACAG_006,133
AGCCAAGAGCCCCACGACAG_007,81
AGCCAAGAGCCCCACGACAG_008,33
AGCCAAGAGCCCCACGACAG_009,49
AGCCAAGAGCCCCACGACAG_010,145
AGCCAAGAGCCCCACGACAG_011,73
AGCCAAGAGCCCCACGACAG_012,94
AGCCAAGAGCCCCACGACAG_013,75
AGCCAAGAGCCCCACGACAG_014,43
AGCCAAGAGCCCCACGACAG_015,199
AGCCAAGAGCCCCACGACAG_016,6
AGCCAAGAGCCCCACGACAG_017,144
AGCCAAGAGCCCCACGACAG_018,50
GTGTCCTGCGGAAAACAGAG_001,40
GTGTCCTGCGGAAAACAGAG_002,19
GTGTCCTGCGGAAAACAGAG_003,149
GTGTCCTGCGGAAAACAGAG_004,102
GTGTCCTGCGGAAAACAGAG_005,28
GTGTCCTGCGGAAAACAGAG_006,4
GTGTCCTGCGGAAAACAGAG_007,94
GTGTCCTGCGGAAAACAGAG_008,78
GTGTCCTGCGGAAAACAGAG_009,6
GTGTCCTGCGGAAAACAGAG_010,36
GTGTCCTGCGGAAAACAGAG_011,169
GTGTCCTGCGGAAAACAGAG_012,77
GTGTCCTGCGGAAAACAGAG_013,19
GTGTCCTGCGGAAAACAGAG_014,105
GTGTCCTGCGGAAAACAGAG_015,168
GTGTCCTGCGGAAAACAGAG_016,2
GTGTCCTGCGGAAAACAGAG_017,8
GTGTCCTGCGGAAAACAGAG_018,127
GTGTCCTGCGGAAAACAGAG_019,51
GTGTCCTGCGGAAAACAGAG_020,15
GTGTCCTGCGGAAAACAGAG_021,77
GTGTCCTGCGGAAAACAGAG_022,88
GTGTCCTGCGGAAAACAGAG_023,148
GTGTCCTGCGGAAAACAGAG_024,177
GTGTCCTGCGGAAAACAGAG_025,39
GTGTCCTGCGGAAAACAGAG_026,39
GTGTCCTGCGGAAAACAGAG_027,34
TGCCGCTATACTAAAACCTT_001,60
TGCCGCTATACTAAAACCTT_002,58
TGCCGCTATACTAAAACCTT_003,133
TGCCGCTATACTAAAACCTT_004,93
TGCCGCTATACTAAAACCTT_005,9
TGCCGCTATACTAAAACCTT_006,5
TGCCGCTATACTAAAACCTT_007,131
TGCCGCTATACTAAAACCTT_008,20
TGCCGCTATACTAAAACCTT_009,116
CAGCTTGACAGACACTATGG_001,141
CAGCTTGACAGACACTATGG_002,62
CAGCTTGACAGACACTATGG_003,17
CAGCTTGACAGACACTATGG_004,155
CCTACGTGGCCAAGAAGCTA_001,168
CCTACGTGGCCAAGAAGCTA_002,56
CCTACGTGGCCAAGAAGCTA_003,157
CCTACGTGGCCAAGAAGCTA_004,9
CCTACGTGGCCAAGAAGCTA_005,83
CCTACGTGGCCAAGAAGCTA_006,149
CCTACGTGGCCAAGAAGCTA_007,161
CCTACGTGGCCAAGAAGCTA_008,3
CCTACGTGGCCAAGAAGCTA_009,123
CCTACGTGGCCAAGAAGCTA_010,28
CGGCCCCGACAGCAGCGACG_001,5
CGGCCCCGACAGCAGCGACG_002,100
CGGCCCCGACAGCAGCGACG_003,33
CGGCCCCGACAGCAGCGACG_004,153
CGGCCCCGACAGCAGCGACG_005,124
CGGCCCCGACAGCAGCGACG_006,144
CGGCCCCGACAGCAGCGACG_007,77
AGAGACACGCTAGAGGACTG_001,1
AGAGACACGCTAGAGGACTG_002,17
AGAGACACGCTAGAGGACTG_003,25
AGAGACACGCTAGAGGACTG_004,105
AGAGACACGCTAGAGGACTG_005,48
AGAGACACGCTAGAGGACTG_006,113
AGAGACACGCTAGAGGACTG_007,66
AGAGACACGCTAGAGGACTG_008,184
AGAGACACGCTAGAGGACTG_009,98
AGAGACACGCTAGAGGACTG_010,33
AGAGACACGCTAGAGGACTG_011,52
AGAGACACGCTAGAGGACTG_012,39
AGAGACACGCTAGAGGACTG_013,1
AGAGACACGCTAGAGGACTG_014,184
CTGCCCATGCCATACAACTG_001,182
CTGCCCATGCCATACAACTG_002,157
CTGCCCATGCCATACAACTG_003,4
CTGCCCATGCCATACAACTG_004,63
CTGCCCATGCCATACAACTG_005,28
GTGTCTATGAGAAATCCCTG_001,49
GTGTCTATGAGAAATCCCTG_002,152
GTGTCTATGAGAAATCCCTG_003,172
GTGTCTATGAGAAATCCCTG_004,146
GTGTCTATGAGAAATCCCTG_005,102
GTGTCTATGAGAAATCCCTG_006,104
GTGTCTATGAGAAATCCCTG_007,3
GTGTCTATGAGAAATCCCTG_008,175
GTGTCTATGAGAAATCCCTG_009,87
GTGTCTATGAGAAATCCCTG_010,87
GTGTCTATGAGAAATCCCTG_011,88
GTGTCTATGAGAAATCCCTG_012,145
GTGTCTATGAGAAATCCCTG_013,119
GTGTCTATGAGAAATCCCTG_014,160
GTGTCTATGAGAAATCCCTG_015,96
GTGTCTATGAGAAATCCCTG_016,70
GTGTCTATGAGAAATCCCTG_017,140
GTGTCTATGAGAAATCCCTG_018,46
GTGTCTATGAGAAATCCCTG_019,142
GTGTCTATGAGAAATCCCTG_020,43
GTGTCTATGAGAAATCCCTG_021,197
GTGTCTATGAGAAATCCCTG_022,199
GTGTCTATGAGAAATCCCTG_023,79
GTGTCTATGAGAAATCCCTG_024,65
GTGTCTATGAGAAATCCCTG_025,162
GTGTCTATGAGAAATCCCTG_026,8
GATGCTTTCTGACCCCGTCG_001,198
GATGCTTTCTGACCCCGTCG_002,69
GATGCTTTCTGACCCCGTCG_003,181
GATGCTTTCTGACCCCGTCG_004,108
GATGCTTTCTGACCCCGTCG_005,162
GATGCTTTCTGACCCCGTCG_006,9
GTGTCTTTCAGACCCTTACG_001,72
GTGTCTTTCAGACCCTTACG_002,17
GTGTCTTTCAGACCCTTACG_003,44
GTGTCTTTCAGACCCTTACG_004,78
GTGTCTTTCAGACCCTTACG_005,155
CTCTTTGGTGAATAGCTGTG_001,105
CTCTTTGGTGAATAGCTGTG_002,137
CTCTTTGGTGAATAGCTGTG_003,191
CTCTTTGGTGAATAGCTGTG_004,157
AGAGTCTGAGAGACTAGCCG_001,1
AGAGTCTGAGAGACTAGCCG_002,112
AGAGTCTGAGAGACTAGCCG_003,5
AGAGTCTGAGAGACTAGCCG_004,178
AGAGTCTGAGAGACTAGCCG_005,183
AGAGTCTGAGAGACTAGCCG_006,150
AGAGTCTGAGAGACTAGCCG_007,169
AGAGTCTGAGAGACTAGCCG_008,177
AGAGTCTGAGAGACTAGCCG_009,17
AGAGTCTGAGAGACTAGCCG_010,112
AGAGTCTGAGAGACTAGCCG_011,86
AGAGTCTGAGAGACTAGCCG_012,71
AGAGTCTGAGAGACTAGCCG_013,162
AGAGTCTGAGAGACTAGCCG_014,23
AGAGTCTGAGAGACTAGCCG_015,14
AGAGTCTGAGAGACTAGCCG_016,150
AGAGTCTGAGAGACTAGCCG_017,57
AGAGTCTGAGAGACTAGCCG_018,77
AGAGTCTGAGAGACTAGCCG_019,9
AGAGTCTGAGAGACTAGCCG_020,130
AGAGTCTGAGAGACTAGCCG_021,154
AGAGTCTGAGAGACTAGCCG_022,199
AGAGTCTGAGAGACTAGCCG_023,2
AGAGTCTGAGAGACTAGCCG_024,169
AGAGTCTGAGAGACTAGCCG_025,23
AGAGTCTGAGAGACTAGCCG_026,115
AGAGTCTGAGAGACTAGCCG_027,183
AGAGTCTGAGAGACTAGCCG_028,60
AGAGTCTGAGAGACTAGCCG_029,46
AGAGTCTGAGAGACTAGCCG_030,63
CTTTGTCACCTATCCGGCAG_001,29
CTTTGTCACCTATCCGGCAG_002,100
CTTTGTCACCTATCCGGCAG_003,93
GATAGGTACATATCAAACCA_001,56
GATAGGTACATATCAAACCA_002,148
GATAGGTACATATCAAACCA_003,81
GATAGGTACATATCAAACCA_004,42
GATAGGTACATATCAAACCA_005,138
GATAGGTACATATCAAACCA_006,138
ACCCCAGCATCATCACAGAG_001,85
ACCCCAGCATCATCACAGAG_002,159
ACCCCAGCATCATCACAGAG_003,13
ACCCCAGCATCATCACAGAG_004,69
CATAGTCATCAGGTACTCAC_001,77
CATAGTCATCAGGTACTCAC_002,78
CATAGTCATCAGGTACTCAC_003,77
CATAGTCATCAGGTACTCAC_004,50
CATAGTCATCAGGTACTCAC_005,76
CATAGTCATCAGGTACTCAC_006,170
CATAGTCATCAGGTACTCAC_007,98
CATAGTCATCAGGTACTCAC_008,29
CATAGTCATCAGGTACTCAC_009,104
CATAGTCATCAGGTACTCAC_010,159
CATAGTCATCAGGTACTCAC_011,74
CATAGTCATCAGGTACTCAC_012,41
CATAGTCATCAGGTACTCAC_013,9
CATAGTCATCAGGTACTCAC_014,9
CTGGCCGTGTATGGTAGCAG_001,166
CTGGCCGTGTATGGTAGCAG_002,138
CTGGCCGTGTATGGTAGCAG_003,0
CTGGCCGTGTATGGTAGCAG_004,152
CTGGCCGTGTATGGTAGCAG_005,199
CTGGCCGTGTATGGTAGCAG_006,162
CTGGCCGTGTATGGTAGCAG_007,13
CTGGCCGTGTATGGTAGCAG_008,49
CTACATGGAATCAAAGTGTC_001,20
CTACATGGAATCAAAGTGTC_002,185
CTACATGGAATCAAAGTGTC_003,33
CTACATGGAATCAAAGTGTC_004,127
CTACATGGAATCAAAGTGTC_005,51
ATCTCCAACAGCGACCTGAG_001,60
ATCTCCAACAGCGACCTGAG_002,127
ATCTCCAACAGCGACCTGAG_003,17
ATCTCCAACAGCGACCTGAG_004,67
ATCTCCAACAGCGACCTGAG_005,107
ATCTCCAACAGCGACCTGAG_006,60
ATCTCCAACAGCGACCTGAG_007,137
ATCTCCAACAGCGACCTGAG_008,27
ATCTCCAACAGCGACCTGAG_009,77
ATCTCCAACAGCGACCTGAG_010,28
ATCTCCAACAGCGACCTGAG_011,47
ATCTCCAACAGCGACCTGAG_012,162
ATCTCCAACAGCGACCTGAG_013,147
ATCTCCAACAGCGACCTGAG_014,49
ATCTCCAACAGCGACCTGAG_015,182
ATCTCCAACAGCGACCTGAG_016,32
ATCTCCAACAGCGACCTGAG_017,97
ATCTCCAACAGCGACCTGAG_018,48
ATCTCCAACAGCGACCTGAG_019,4
ATCTCCAACAGCGACCTGAG_020,146
ATCTCCAACAGCGACCTGAG_021,15
ATCTCCAACAGCGACCTGAG_022,77
ATCTCCAACAGCGACCTGAG_023,33
ATCTCCAACAGCGACCTGAG_024,57
ATCTCCAACAGCGACCTGAG_025,20
ATCTCCAACAGCGACCTGAG_026,55
ATCTCCAACAGCGACCTGAG_027,152
ATCTCCAACAGCGACCTGAG_028,22
ATCTCCAACAGCGACCTGAG_029,30
ATCTCCAACAGCGACCTGAG_030,182
ATCTCCAACAGCGACCTGAG_031,58
ATCTCCAACAGCGACCTGAG_032,179
ATCTCCAACAGCGACCTGAG_033,121
ATCTCCAACAGCGACCTGAG_034,185
ATCTCCAACAGCGACCTGAG_035,158
ATCTCCAACAGCGACCTGAG_036,158
ATCTCCAACAGCGACCTGAG_037,101
ATCTCCAACAGCGACCTGAG_038,100
ATCTCCAACAGCGACCTGAG_039,161
ATCTCCAACAGCGACCTGAG_040,156
ATCTCCAACAGCGACCTGAG_041,17
ATCTCCAACAGCGACCTGAG_042,37
ATCTCCAACAGCGACCTGAG_043,192
ATCTCCAACAGCGACCTGAG_044,140
ATCTCCAACAGCGACCTGAG_045,40
ATCTCCAACAGCGACCTGAG_046,137
ATCTCCAACAGCGACCTGAG_047,130
ATCTCCAACAGCGACCTGAG_048,55
ATCTCCAACAGCGACCTGAG_049,94
ATCTCCAACAGCGACCTGAG_050,175
ATCTCCAACAGCGACCTGAG_051,176
ATCTCCAACAGCGACCTGAG_052,197
ATCTCCAACAGCGACCTGAG_053,141
ATCTCCAACAGCGACCTGAG_054,62
ATCTCCAACAGCGACCTGAG_055,83
ATCTCCAACAGCGACCTGAG_056,88
ATCTCCAACAGCGACCTGAG_057,17
ATCTCCAACAGCGACCTGAG_058,76
ATCTCCAACAGCGACCTGAG_059,60
ATCTCCAACAGCGACCTGAG_060,60
ATCTCCAACAGCGACCTGAG_061,169
ATCTCCAACAGCGACCTGAG_062,46
ATCTCCAACAGCGACCTGAG_063,166
ATCTCCAACAGCGACCTGAG_064,166
ATCTCCAACAGCGACCTGAG_065,40
ATCTCCAACAGCGACCTGAG_066,116
ATCTCCAACAGCGACCTGAG_067,130
ATCTCCAACAGCGACCTGAG_068,28
ATCTCCAACAGCGACCTGAG_069,151
ATCTCCAACAGCGACCTGAG_070,15
ATCTCCAACAGCGACCTGAG_071,98
ATCTCCAACAGCGACCTGAG_072,166
ATCTCCAACAGCGACCTGAG_073,115
ATCTCCAACAGCGACCTGAG_074,115
ATCTCCAACAGCGACCTGAG_075,56
ATCTCCAACAGCGACCTGAG_076,115
ATCTCCAACAGCGACCTGAG_077,115
AAAGACCTACAAGCCAGCTG_001,106
GATCTCGATGAGCTCCATCT_001,161
GATCTCGATGAGCTCCATCT_002,196
GATCTCGATGAGCTCCATCT_003,153
GATCTCGATGAGCTCCATCT_004,43
GATCTCGATGAGCTCCATCT_005,114
GATCTCGATGAGCTCCATCT_006,143
GATCTCGATGAGCTCCATCT_007,50
GATCTCGATGAGCTCCATCT_008,196
CAGGGTTTGTCCAGTCTCGG_001,178
CAGGGTTTGTCCAGTCTCGG_002,161
CAGGGTTTGTCCAGTCTCGG_003,184
CAGGGTTTGTCCAGTCTCGG_004,12
CAGGGTTTGTCCAGTCTCGG_005,64
CAGGGTTTGTCCAGTCTCGG_006,80
CAGGGTTTGTCCAGTCTCGG_007,173
CAGGGTTTGTCCAGTCTCGG_008,173
CAGGGTTTGTCCAGTCTCGG_009,121
CAGGGTTTGTCCAGTCTCGG_010,126
CAGGGTTTGTCCAGTCTCGG_011,171
CAGGGTTTGTCCAGTCTCGG_012,187
CAGGGTTTGTCCAGTCTCGG_013,184
CAGGGTTTGTCCAGTCTCGG_014,51
TCATGCTTGCTTGGGCAAAA_001,2
TCATGCTTGCTTGGGCAAAA_002,78
TCATGCTTGCTTGGGCAAAA_003,183
TCATGCTTGCTTGGGCAAAA_004,35
TCATGCTTGCTTGGGCAAAA_005,183
TCATGCTTGCTTGGGCAAAA_006,161
TCATGCTTGCTTGGGCAAAA_007,9
TCATGCTTGCTTGGGCAAAA_008,13
TCATGCTTGCTTGGGCAAAA_009,181
TCATGCTTGCTTGGGCAAAA_010,1
TCATGCTTGCTTGGGCAAAA_011,166
TCATGCTTGCTTGGGCAAAA_012,80
TCATGCTTGCTTGGGCAAAA_013,19
TCATGCTTGCTTGGGCAAAA_014,168
TCATGCTTGCTTGGGCAAAA_015,162
TCATGCTTGCTTGGGCAAAA_016,3
TCATGCTTGCTTGGGCAAAA_017,151
TCATGCTTGCTTGGGCAAAA_018,123
TCATGCTTGCTTGGGCAAAA_019,116
CTGGGCTCAAGCCAACCCTA_001,127
CTGGGCTCAAGCCAACCCTA_002,62
CTGGGCTCAAGCCAACCCTA_003,34
CTGGGCTCAAGCCAACCCTA_004,194
CTGGGCTCAAGCCAACCCTA_005,0
CACCGACTCCGCCGACACGC_001,44
CACCGACTCCGCCGACACGC_002,63
CACCGACTCCGCCGACACGC_003,23
CACCGACTCCGCCGACACGC_004,6
CACCGACTCCGCCGACACGC_005,115
GTTAACAGGCTGTATGATGT_001,0
GTTAACAGGCTGTATGATGT_002,107
GTTAACAGGCTGTATGATGT_003,181
GTTAACAGGCTGTATGATGT_004,65
GTTAACAGGCTGTATGATGT_005,156
GTTAACAGGCTGTATGATGT_006,73
GTTAACAGGCTGTATGATGT_007,148
GTTAACAGGCTGTATGATGT_008,151
ATCTCACTGTCCAACAAGAG_001,64
ATCTCACTGTCCAACAAGAG_002,176
ATCTCACTGTCCAACAAGAG_003,3
ATCTCACTGTCCAACAAGAG_004,94
ATCTCACTGTCCAACAAGAG_005,64
ATCTCACTGTCCAACAAGAG_006,72
ATCTCACTGTCCAACAAGAG_007,60
ATCTCACTGTCCAACAAGAG_008,72
ATCTCACTGTCCAACAAGAG_009,89
ATCTCACTGTCCAACAAGAG_010,93
ATCTCACTGTCCAACAAGAG_011,70
ATCTCACTGTCCAACAAGAG_012,199
ATCTCACTGTCCAACAAGAG_013,102
ATCTCACTGTCCAACAAGAG_014,97
GAGTAAAACACTGTGAGATG_001,171
GAGTAAAACACTGTGAGATG_002,178
GAGTAAAACACTGTGAGATG_003,80
GAGTAAAACACTGTGAGATG_004,179
GAGTAAAACACTGTGAGATG_005,7
GAGTAAAACACTGTGAGATG_006,163
GAGTAAAACACTGTGAGATG_007,15
GAGTAAAACACTGTGAGATG_008,143
GAGTAAAACACTGTGAGATG_009,137
GAGTAAAACACTGTGAGATG_010,198
GAGTAAAACACTGTGAGATG_011,173
GAGTAAAACACTGTGAGATG_012,173
AGTGGCACAAGATCCACTCG_001,8
AACCCTGTACTCACTAAGGC_001,7
AACCCTGTACTCACTAAGGC_002,11
AACCCTGTACTCACTAAGGC_003,54
AACCCTGTACTCACTAAGGC_004,15
AACCCTGTACTCACTAAGGC_005,138
AACCCTGTACTCACTAAGGC_006,166
AACCCTGTACTCACTAAGGC_007,66
AACCCTGTACTCACTAAGGC_008,182
AACCCTGTACTCACTAAGGC_009,70
AACCCTGTACTCACTAAGGC_010,46
TTCCGGGACTGACGACCAAG_001,149
TTCCGGGACTGACGACCAAG_002,49
TTCCGGGACTGACGACCAAG_003,128
TTCCGGGACTGACGACCAAG_004,9
TTCCGGGACTGACGACCAAG_005,169
TTCCGGGACTGACGACCAAG_006,77
TTCCGGGACTGACGACCAAG_007,171
TTCCGGGACTGACGACCAAG_008,84
TTCCGGGACTGACGACCAAG_009,169
TTCCGGGACTGACGACCAAG_010,31
TTCCGGGACTGACGACCAAG_011,34
TTCCGGGACTGACGACCAAG_012,137
TTCCGGGACTGACGACCAAG_013,105
TTCCGGGACTGACGACCAAG_014,187
TTCCGGGACTGACGACCAAG_015,78
TTCCGGGACTGACGACCAAG_016,63
TTCCGGGACTGACGACCAAG_017,127
TTCCGGGACTGACGACCAAG_018,134
TTCCGGGACTGACGACCAAG_019,34
TTCCGGGACTGACGACCAAG_020,115
TTCCGGGACTGACGACCAAG_021,57
TTCCGGGACTGACGACCAAG_022,53
TTCCGGGACTGACGACCAAG_023,58
TTCCGGGACTGACGACCAAG_024,65
TTCCGGGACTGACGACCAAG_025,77
TTCCGGGACTGACGACCAAG_026,191
TTCCGGGACTGACGACCAAG_027,137
TTCCGGGACTGACGACCAAG_028,150
TCGGGAATCCGGATCTACAC_001,151
CACTGAGTCATAAAAGTGGT_001,69
CACTGAGTCATAAAAGTGGT_002,88
CACTGAGTCATAAAAGTGGT_003,114
CACTGAGTCATAAAAGTGGT_004,50
CACTGAGTCATAAAAGTGGT_005,168
CACTGAGTCATAAAAGTGGT_006,86
CACTGAGTCATAAAAGTGGT_007,169
CACTGAGTCATAAAAGTGGT_008,132
CACTGAGTCATAAAAGTGGT_009,132
CACTGAGTCATAAAAGTGGT_010,121
CACTGAGTCATAAAAGTGGT_011,35
GTGAAGAACTGCTTCATTCG_001,73
GTGAAGAACTGCTTCATTCG_002,79
GTGAAGAACTGCTTCATTCG_003,52
ATTCGATGTCCACTACAGGA_001,134
ATTCGATGTCCACTACAGGA_002,61
ATTCGATGTCCACTACAGGA_003,157
ATTCGATGTCCACTACAGGA_004,81
ATTCGATGTCCACTACAGGA_005,77
ATCCCTGGCCTAGCAAACAG_001,11
ATCCCTGGCCTAGCAAACAG_002,66
ATCCCTGGCCTAGCAAACAG_003,96
ATCCCTGGCCTAGCAAACAG_004,70
ATCCCTGGCCTAGCAAACAG_005,197
ATCCCTGGCCTAGCAAACAG_006,19
ATCCCTGGCCTAGCAAACAG_007,82
ATCCCTGGCCTAGCAAACAG_008,35
ATCCCTGGCCTAGCAAACAG_009,184
ATCCCTGGCCTAGCAAACAG_010,138
ATCCCTGGCCTAGCAAACAG_011,78
ATCCCTGGCCTAGCAAACAG_012,94
ATCCCTGGCCTAGCAAACAG_013,74
ATCCCTGGCCTAGCAAACAG_014,45
ATCCCTGGCCTAGCAAACAG_015,91
GGAACGGTCCTCGTGCCGGG_001,189
GGAACGGTCCTCGTGCCGGG_002,58
GGAACGGTCCTCGTGCCGGG_003,196
GGCTTCACAGGGCACCACGA_001,197
GGCTTCACAGGGCACCACGA_002,96
GGCTTCACAGGGCACCACGA_003,159
GGCTTCACAGGGCACCACGA_004,53
GGCTTCACAGGGCACCACGA_005,107
GGCTTCACAGGGCACCACGA_006,121
GGCTTCACAGGGCACCACGA_007,154
GGCTTCACAGGGCACCACGA_008,48
GGCTTCACAGGGCACCACGA_009,58
GGCTTCACAGGGCACCACGA_010,49
GGCTTCACAGGGCACCACGA_011,1
GGCTTCACAGGGCACCACGA_012,104
GGCTTCACAGGGCACCACGA_013,37
GGCTTCACAGGGCACCACGA_014,59
GGCTTCACAGGGCACCACGA_015,70
GGCTTCACAGGGCACCACGA_016,1
GGCTTCACAGGGCACCACGA_017,144
GGCTTCACAGGGCACCACGA_018,89
GTGCCACCATACCATAGCTG_001,168
GTGCCACCATACCATAGCTG_002,77
GTGCCACCATACCATAGCTG_003,104
GTGCCACCATACCATAGCTG_004,160
AGTTGGACACTTCACATACG_001,142
AGTTGGACACTTCACATACG_002,123
AGTTGGACACTTCACATACG_003,15
AGTTGGACACTTCACATACG_004,156
AGTTGGACACTTCACATACG_005,94
AGTTGGACACTTCACATACG_006,70
AGTTGGACACTTCACATACG_007,112
AGTTGGACACTTCACATACG_008,141
AGTTGGACACTTCACATACG_009,177
AGTTGGACACTTCACATACG_010,98
AGTTGGACACTTCACATACG_011,56
GCTGTGTTAGTACAACTGAA_001,121
GCTGTGTTAGTACAACTGAA_002,151
GCTGTGTTAGTACAACTGAA_003,121
GCTGTGTTAGTACAACTGAA_004,40
GCTGTGTTAGTACAACTGAA_005,85
GCTGTGTTAGTACAACTGAA_006,4
GCTGTGTTAGTACAACTGAA_007,125
GCTGTGTTAGTACAACTGAA_008,94
GGTCGGCAATCTCTGACATG_001,87
GGTCGGCAATCTCTGACATG_002,55
GGTCGGCAATCTCTGACATG_003,38
GGTCGGCAATCTCTGACATG_004,199
GGTCGGCAATCTCTGACATG_005,92
GGTCGGCAATCTCTGACATG_006,140
GGAGATTGCCCTAAAGAGCA_001,193
GGAGATTGCCCTAAAGAGCA_002,17
GGAGATTGCCCTAAAGAGCA_003,132
GGAGATTGCCCTAAAGAGCA_004,194
GGAGATTGCCCTAAAGAGCA_005,181
GGAGATTGCCCTAAAGAGCA_006,118
CGTGGTGGCGCGGATCCTAG_001,88
CGTGGTGGCGCGGATCCTAG_002,2
TCCCAGGCTCCATCGCGCGG_001,38
TCCCAGGCTCCATCGCGCGG_002,156
ATCTGGAATCGAACCTAGTG_001,111
ATCTGGAATCGAACCTAGTG_002,47
ATCTGGAATCGAACCTAGTG_003,43
ATCTGGAATCGAACCTAGTG_004,61
ATCTGGAATCGAACCTAGTG_005,131
ATCTGGAATCGAACCTAGTG_006,121
ATCTGGAATCGAACCTAGTG_007,36
ATCTGGAATCGAACCTAGTG_008,81
ATCTGGAATCGAACCTAGTG_009,129
GAGATCGCGATACACCCCTG_001,13
GAGATCGCGATACACCCCTG_002,160
GAGATCGCGATACACCCCTG_003,92
GAGATCGCGATACACCCCTG_004,37
GAGATCGCGATACACCCCTG_005,187
GAGATCGCGATACACCCCTG_006,8
GAGATCGCGATACACCCCTG_007,128
GGGTAAGGCACTCACCATGT_001,157
GGGTAAGGCACTCACCATGT_002,80
GGGTAAGGCACTCACCATGT_003,60
GGGTAAGGCACTCACCATGT_004,70
GGGTAAGGCACTCACCATGT_005,59
GGGTAAGGCACTCACCATGT_006,57
GGGTAAGGCACTCACCATGT_007,36
GGGTAAGGCACTCACCATGT_008,134
GGGTAAGGCACTCACCATGT_009,69
GGGTAAGGCACTCACCATGT_010,105
GGGTAAGGCACTCACCATGT_011,64
GGGTAAGGCACTCACCATGT_012,57
GGGTAAGGCACTCACCATGT_013,128
GGGTAAGGCACTCACCATGT_014,46
GGGTAAGGCACTCACCATGT_015,110
GGGTAAGGCACTCACCATGT_016,86
GGGTAAGGCACTCACCATGT_017,86
AAGTGACTTACGTCAAACCC_001,94
CACGGCCTAACTTGCTGATA_001,170
CACGGCCTAACTTGCTGATA_002,53
CACGGCCTAACTTGCTGATA_003,121
CACGGCCTAACTTGCTGATA_004,84
CACGGCCTAACTTGCTGATA_005,60
CACGGCCTAACTTGCTGATA_006,94
CACGGCCTAACTTGCTGATA_007,34
CACGGCCTAACTTGCTGATA_008,113
CACGGCCTAACTTGCTGATA_009,178
CACGGCCTAACTTGCTGATA_010,2
CACGGCCTAACTTGCTGATA_011,177
CACGGCCTAACTTGCTGATA_012,81
CACGGCCTAACTTGCTGATA_013,162
CACGGCCTAACTTGCTGATA_014,139
CACGGCCTAACTTGCTGATA_015,54
CACGGCCTAACTTGCTGATA_016,98
CACGGCCTAACTTGCTGATA_017,84
CACGGCCTAACTTGCTGATA_018,107
CACGGCCTAACTTGCTGATA_019,40
CACGGCCTAACTTGCTGATA_020,147
AGTGCGTGACAAGAATCCTA_001,70
AGTGCGTGACAAGAATCCTA_002,74
AGTGCGTGACAAGAATCCTA_003,154
AGTGCGTGACAAGAATCCTA_004,183
AGTGCGTGACAAGAATCCTA_005,183
AGTGCGTGACAAGAATCCTA_006,7
AGTGCGTGACAAGAATCCTA_007,169
AGTGCGTGACAAGAATCCTA_008,127
AGTGCGTGACAAGAATCCTA_009,88
AGTGCGTGACAAGAATCCTA_010,61
AGTGCGTGACAAGAATCCTA_011,15
AGTGCGTGACAAGAATCCTA_012,13
AGTGCGTGACAAGAATCCTA_013,88
AGTGCGTGACAAGAATCCTA_014,94
AGTGCGTGACAAGAATCCTA_015,17
AGTGCGTGACAAGAATCCTA_016,126
AGTGCGTGACAAGAATCCTA_017,172
AGTGCGTGACAAGAATCCTA_018,38
AGTGCGTGACAAGAATCCTA_019,103
AGTGCGTGACAAGAATCCTA_020,63
AGTGCGTGACAAGAATCCTA_021,46
AGTGCGTGACAAGAATCCTA_022,130
AGTGCGTGACAAGAATCCTA_023,76
AGTGCGTGACAAGAATCCTA_024,2
AGTGCGTGACAAGAATCCTA_025,17
AGTGCGTGACAAGAATCCTA_026,169
ATCTACTGTCCCTCTCCAGG_001,146
ATCTACTGTCCCTCTCCAGG_002,137
ATCTACTGTCCCTCTCCAGG_003,120
ATCTACTGTCCCTCTCCAGG_004,1
ATCTACTGTCCCTCTCCAGG_005,44
ATCTACTGTCCCTCTCCAGG_006,15
ATCTACTGTCCCTCTCCAGG_007,88
ATCTACTGTCCCTCTCCAGG_008,186
ATCTACTGTCCCTCTCCAGG_009,76
GGTGCTACTGTCATAGTACG_001,86
GGTGCTACTGTCATAGTACG_002,161
GGTGCTACTGTCATAGTACG_003,3
GAATGATGTAAAATAACCTG_001,81
GAATGATGTAAAATAACCTG_002,63
GAATGATGTAAAATAACCTG_003,48
GAATGATGTAAAATAACCTG_004,11
GAATGATGTAAAATAACCTG_005,97
AGTCTGCAATTAAGAAGAGG_001,32
CTTAACCGGAGTGTTACACA_001,169
CCCATCCACTCACAAGCCGG_001,135
CCCATCCACTCACAAGCCGG_002,94
CCCATCCACTCACAAGCCGG_003,81
CCCATCCACTCACAAGCCGG_004,15
CCCATCCACTCACAAGCCGG_005,198
CCCATCCACTCACAAGCCGG_006,149
CCCATCCACTCACAAGCCGG_007,29
CCCATCCACTCACAAGCCGG_008,78
CCCATCCACTCACAAGCCGG_009,179
CCCATCCACTCACAAGCCGG_010,4
CCCATCCACTCACAAGCCGG_011,149
CCCATCCACTCACAAGCCGG_012,9
CCCATCCACTCACAAGCCGG_013,82
CCCATCCACTCACAAGCCGG_014,137
CCCATCCACTCACAAGCCGG_015,121
CCCATCCACTCACAAGCCGG_016,118
CCCATCCACTCACAAGCCGG_017,184
CCCATCCACTCACAAGCCGG_018,56
CCCATCCACTCACAAGCCGG_019,176
ACCAACCTTCAACCCACAGG_001,172
ACCAACCTTCAACCCACAGG_002,30
AACTCCACCGCCACCAGCGC_001,156
AACTCCACCGCCACCAGCGC_002,15
AACTCCACCGCCACCAGCGC_003,147
AACTCCACCGCCACCAGCGC_004,2
AACTCCACCGCCACCAGCGC_005,41
AACTCCACCGCCACCAGCGC_006,1
AACTCCACCGCCACCAGCGC_007,116
TCTTTCCGGATCAATCCAGA_001,29
GGCTCATGTGCGGAAACACA_001,169
GGCTCATGTGCGGAAACACA_002,100
GGCTCATGTGCGGAAACACA_003,151
GGCTCATGTGCGGAAACACA_004,153
GGCTCATGTGCGGAAACACA_005,195
GGCTCATGTGCGGAAACACA_006,194
GGCTCATGTGCGGAAACACA_007,22
CAGGAACTCACCCTTCCAGT_001,188
CAGGAACTCACCCTTCCAGT_002,130
CAGGAACTCACCCTTCCAGT_003,56
CAGGAACTCACCCTTCCAGT_004,177
CGGTACCGCATGGTAGTAGG_001,111
CGGTACCGCATGGTAGTAGG_002,77
CGGTACCGCATGGTAGTAGG_003,185
CGGTACCGCATGGTAGTAGG_004,162
CGGTACCGCATGGTAGTAGG_005,8
CGGTACCGCATGGTAGTAGG_006,107
CGGTACCGCATGGTAGTAGG_007,102
CGGTACCGCATGGTAGTAGG_008,141
CGGTACCGCATGGTAGTAGG_009,159
CGGTACCGCATGGTAGTAGG_010,62
CGGTACCGCATGGTAGTAGG_011,137
CGGTACCGCATGGTAGTAGG_012,98
CGGTACCGCATGGTAGTAGG_013,94
CGGTACCGCATGGTAGTAGG_014,116
CGGTACCGCATGGTAGTAGG_015,199
CGGTACCGCATGGTAGTAGG_016,106
CGGTACCGCATGGTAGTAGG_017,6
CGGTACCGCATGGTAGTAGG_018,95
CGGTACCGCATGGTAGTAGG_019,42
TTGAGAATAGAAGAGCCAAA_001,100
TTGAGAATAGAAGAGCCAAA_002,40
AATTTAAGGATAAGTTCCGC_001,169
AATTTAAGGATAAGTTCCGC_002,6
AATTTAAGGATAAGTTCCGC_003,108
AGTGGTGACAAGCAATCCAG_001,162
AGTGGTGACAAGCAATCCAG_002,61
AGTGGTGACAAGCAATCCAG_003,39
AGTGGTGACAAGCAATCCAG_004,144
AGTGGTGACAAGCAATCCAG_005,89
AGTGGTGACAAGCAATCCAG_006,30
AGTGGTGACAAGCAATCCAG_007,106
AGTGGTGACAAGCAATCCAG_008,70
AGTGGTGACAAGCAATCCAG_009,78
AGTGGTGACAAGCAATCCAG_010,78
AGTGGTGACAAGCAATCCAG_011,180
AGTGGTGACAAGCAATCCAG_012,191
AGTGGTGACAAGCAATCCAG_013,69
ATAGAGGGACAAATACCTAG_001,166
GCTCAAACAAGAGCTACTGA_001,191
GCTCAAACAAGAGCTACTGA_002,28
GCTCAAACAAGAGCTACTGA_003,24
GCTCAAACAAGAGCTACTGA_004,132
GCTCAAACAAGAGCTACTGA_005,81
GCTCAAACAAGAGCTACTGA_006,28
GCTCAAACAAGAGCTACTGA_007,60
GCTCAAACAAGAGCTACTGA_008,141
GCTCAAACAAGAGCTACTGA_009,149
GCTCAAACAAGAGCTACTGA_010,105
GCTCAAACAAGAGCTACTGA_011,6
GCTCAAACAAGAGCTACTGA_012,53
ATCTCTGAGGACAGTCCGGT_001,147
ATCTCTGAGGACAGTCCGGT_002,13
ATCTCTGAGGACAGTCCGGT_003,48
ATCTCTGAGGACAGTCCGGT_004,1
ATCTCTGAGGACAGTCCGGT_005,2
ATCTCTGAGGACAGTCCGGT_006,79
ATCTCTGAGGACAGTCCGGT_007,58
ATCTCTGAGGACAGTCCGGT_008,104
ATCTCTGAGGACAGTCCGGT_009,22
ATCTCTGAGGACAGTCCGGT_010,58
ATCTCTGAGGACAGTCCGGT_011,46
ATCTCTGAGGACAGTCCGGT_012,56
ATCTCTGAGGACAGTCCGGT_013,137
ATCTCTGAGGACAGTCCGGT_014,28
CAGCCGCGGCCCCCGGACAA_001,137
CAGCCGCGGCCCCCGGACAA_002,34
CAGCCGCGGCCCCCGGACAA_003,169
CAGCCGCGGCCCCCGGACAA_004,127
CAGCCGCGGCCCCCGGACAA_005,24
CAGCCGCGGCCCCCGGACAA_006,191
CAGCCGCGGCCCCCGGACAA_007,43
CAGCCGCGGCCCCCGGACAA_008,8
CAGCCGCGGCCCCCGGACAA_009,74
CAGCCGCGGCCCCCGGACAA_010,69
CAGCCGCGGCCCCCGGACAA_011,177
CAGCCGCGGCCCCCGGACAA_012,69
CAGCCGCGGCCCCCGGACAA_013,192
CAGCCGCGGCCCCCGGACAA_014,170
CAGCCGCGGCCCCCGGACAA_015,124
CAGCCGCGGCCCCCGGACAA_016,88
CAGCCGCGGCCCCCGGACAA_017,38
CAGCCGCGGCCCCCGGACAA_018,10
CAGCCGCGGCCCCCGGACAA_019,41
TAAGAATTACCTAGCTAGCG_001,175
AAAATTATCGGAAACGGTAG_001,98
AAAATTATCGGAAACGGTAG_002,81
AAAATTATCGGAAACGGTAG_003,1
AAAATTATCGGAAACGGTAG_004,65
AAAATTATCGGAAACGGTAG_005,105
GCAGAAGATGTCATTCGACA_001,11
TATGTGCGAGATCAACGTCA_001,88
TATGTGCGAGATCAACGTCA_002,88
CGGGAGTCATATGGTCAAGG_001,78
CGGGAGTCATATGGTCAAGG_002,49
CGGGAGTCATATGGTCAAGG_003,196
CGGGAGTCATATGGTCAAGG_004,178
CGGGAGTCATATGGTCAAGG_005,35
CGGGAGTCATATGGTCAAGG_006,106
TGGCCGGCCCAAGATCGACG_001,153
TGGCCGGCCCAAGATCGACG_002,155
TGGCCGGCCCAAGATCGACG_003,141
TGGCCGGCCCAAGATCGACG_004,171
TGGCCGGCCCAAGATCGACG_005,127
GAGTTCGATGGACCAGACCT_001,70
GAGTTCGATGGACCAGACCT_002,57
GAGTTCGATGGACCAGACCT_003,160
GAGTTCGATGGACCAGACCT_004,150
GAGTTCGATGGACCAGACCT_005,15
GAGTTCGATGGACCAGACCT_006,169
GAGTTCGATGGACCAGACCT_007,12
GAGTTCGATGGACCAGACCT_008,112
GAGTTCGATGGACCAGACCT_009,2
GAGTTCGATGGACCAGACCT_010,29
GAGTTCGATGGACCAGACCT_011,174
GAGTTCGATGGACCAGACCT_012,195
GAGTTCGATGGACCAGACCT_013,197
GAGTTCGATGGACCAGACCT_014,9
GAGTTCGATGGACCAGACCT_015,122
GAGTTCGATGGACCAGACCT_016,119
GAGTTCGATGGACCAGACCT_017,197
GAGTTCGATGGACCAGACCT_018,50
GAGTTCGATGGACCAGACCT_019,149
GAGTTCGATGGACCAGACCT_020,19
GAGTTCGATGGACCAGACCT_021,119
GAGTTCGATGGACCAGACCT_022,91
GAGTTCGATGGACCAGACCT_023,108
GCTGGGCTATAAGAGGCACC_001,140
GCTGGGCTATAAGAGGCACC_002,60
GCTGGGCTATAAGAGGCACC_003,167
CCTCTACAGGAACTTTGCCG_001,138
CCTCTACAGGAACTTTGCCG_002,119
CCTCTACAGGAACTTTGCCG_003,101
GACCAACTGTGGTAGTAACA_001,52
GACCAACTGTGGTAGTAACA_002,34
GACCAACTGTGGTAGTAACA_003,171
GACCAACTGTGGTAGTAACA_004,157
GACCAACTGTGGTAGTAACA_005,104
GACCAACTGTGGTAGTAACA_006,84
GGTGACTGTCACAAACATCG_001,94
GGTGACTGTCACAAACATCG_002,6
GGTGACTGTCACAAACATCG_003,15
AGGGTGGCCACACCATACAG_001,170
AGGGTGGCCACACCATACAG_002,83
AGGGTGGCCACACCATACAG_003,108
AGGGTGGCCACACCATACAG_004,195
AGGGTGGCCACACCATACAG_005,78
AGGGTGGCCACACCATACAG_006,90
AATGCGGTAGAACGGCCGAT_001,117
AATGCGGTAGAACGGCCGAT_002,62
AATGCGGTAGAACGGCCGAT_003,64
AATGCGGTAGAACGGCCGAT_004,60
AATGCGGTAGAACGGCCGAT_005,84
AATGCGGTAGAACGGCCGAT_006,187
AATGCGGTAGAACGGCCGAT_007,157
AATGCGGTAGAACGGCCGAT_008,117
AATGCGGTAGAACGGCCGAT_009,182
AATGCGGTAGAACGGCCGAT_010,29
AATGCGGTAGAACGGCCGAT_011,43
AATGCGGTAGAACGGCCGAT_012,78
AATGCGGTAGAACGGCCGAT_013,33
CATCTCCCCACTCATCAAGT_001,154
CATCTCCCCACTCATCAAGT_002,113
CATCTCCCCACTCATCAAGT_003,102
CATCTCCCCACTCATCAAGT_004,182
CATCTCCCCACTCATCAAGT_005,157
CATCTCCCCACTCATCAAGT_006,91
CATCTCCCCACTCATCAAGT_007,61
CATCTCCCCACTCATCAAGT_008,63
CATCTCCCCACTCATCAAGT_009,65
CATCTCCCCACTCATCAAGT_010,34
CATCTCCCCACTCATCAAGT_011,142
CATCTCCCCACTCATCAAGT_012,70
CAGGTTGCGATAATTCTGGG_001,56
GTCGACCTACCAATTGGACA_001,103
GTCGACCTACCAATTGGACA_002,192
GTCGACCTACCAATTGGACA_003,97
GTCGACCTACCAATTGGACA_004,115
GTCGACCTACCAATTGGACA_005,102
CTAGAAGACACCAACAAGTG_001,108
CTAGAAGACACCAACAAGTG_002,179
CTAGAAGACACCAACAAGTG_003,5
CTAGAAGACACCAACAAGTG_004,57
CTAGAAGACACCAACAAGTG_005,47
GTTCTTGCAGTAGACTAGGC_001,176
GTTCTTGCAGTAGACTAGGC_002,175
GTTCTTGCAGTAGACTAGGC_003,9
GTTCTTGCAGTAGACTAGGC_004,8
GTTCTTGCAGTAGACTAGGC_005,127
AAAGATCAACCGGCCCCGAA_001,62
AAAGATCAACCGGCCCCGAA_002,138
AAAGATCAACCGGCCCCGAA_003,157
AAAGATCAACCGGCCCCGAA_004,142
AAAGATCAACCGGCCCCGAA_005,185
AAAGATCAACCGGCCCCGAA_006,160
AAAGATCAACCGGCCCCGAA_007,89
AAAGATCAACCGGCCCCGAA_008,8
AAAGATCAACCGGCCCCGAA_009,56
AAAGATCAACCGGCCCCGAA_010,138
AAAGATCAACCGGCCCCGAA_011,72
AAAGATCAACCGGCCCCGAA_012,199
AAAGATCAACCGGCCCCGAA_013,61
AAAGATCAACCGGCCCCGAA_014,165
AAAGATCAACCGGCCCCGAA_015,57
CATGACATATGGCAACGATG_001,30
CATGACATATGGCAACGATG_002,195
CATGACATATGGCAACGATG_003,48
GAGCATCGTACTGTCCGTCG_001,175
GAGCATCGTACTGTCCGTCG_002,90
TACACCTGCAGCAAGTCCCG_001,189
TACACCTGCAGCAAGTCCCG_002,15
TACACCTGCAGCAAGTCCCG_003,105
TACACCTGCAGCAAGTCCCG_004,1
TACACCTGCAGCAAGTCCCG_005,81
TACACCTGCAGCAAGTCCCG_006,138
TACACCTGCAGCAAGTCCCG_007,139
TACACCTGCAGCAAGTCCCG_008,130
TGTGTATGACGAGTAATGAG_001,105
TGTGTATGACGAGTAATGAG_002,19
TGTGTATGACGAGTAATGAG_003,33
TGTGTATGACGAGTAATGAG_004,36
TGTGTATGACGAGTAATGAG_005,136
TGTGTATGACGAGTAATGAG_006,81
AGCTGGTCGTAGATTCCCGA_001,184
AGCTGGTCGTAGATTCCCGA_002,34
AGCTGGTCGTAGATTCCCGA_003,5
AGCTGGTCGTAGATTCCCGA_004,10
AGCTGGTCGTAGATTCCCGA_005,184
AGCTGGTCGTAGATTCCCGA_006,31
AGCTGGTCGTAGATTCCCGA_007,137
AGCTGGTCGTAGATTCCCGA_008,122
AGCTGGTCGTAGATTCCCGA_009,69
ACCTCCCAATAAAGTTACCA_001,94
ACCTCCCAATAAAGTTACCA_002,105
ACCTCCCAATAAAGTTACCA_003,127
ACCTCCCAATAAAGTTACCA_004,12
ACCTCCCAATAAAGTTACCA_005,19
ACCTCCCAATAAAGTTACCA_006,42
ACCTCCCAATAAAGTTACCA_007,88
ACCTCCCAATAAAGTTACCA_008,188
ACCTCCCAATAAAGTTACCA_009,80
ACCTCCCAATAAAGTTACCA_010,65
ACCTCCCAATAAAGTTACCA_011,188
ACCTCCCAATAAAGTTACCA_012,81
ACCTCCCAATAAAGTTACCA_013,70
ACCTCCCAATAAAGTTACCA_014,192
ACCTCCCAATAAAGTTACCA_015,158
ACCTCCCAATAAAGTTACCA_016,168
ACCTCCCAATAAAGTTACCA_017,89
ACCTCCCAATAAAGTTACCA_018,35
AAGTAAATGACTTTATAACA_001,134
AAGTAAATGACTTTATAACA_002,192
AAGTAAATGACTTTATAACA_003,162
AAGTAAATGACTTTATAACA_004,62
AAGTAAATGACTTTATAACA_005,56
AAGTAAATGACTTTATAACA_006,34
AAGTAAATGACTTTATAACA_007,175
AGGATACAGTAAGGTCATAG_001,70
GCCCGTTCTGAACGCCGTCG_001,6
GCCCGTTCTGAACGCCGTCG_002,113
GCCCGTTCTGAACGCCGTCG_003,169
GCCCGTTCTGAACGCCGTCG_004,13
GCCCGTTCTGAACGCCGTCG_005,24
GCCCGTTCTGAACGCCGTCG_006,12
GCCCGTTCTGAACGCCGTCG_007,158
GCCCGTTCTGAACGCCGTCG_008,18
GCCCGTTCTGAACGCCGTCG_009,85
GCCCGTTCTGAACGCCGTCG_010,197
GCCCGTTCTGAACGCCGTCG_011,94
GCCCGTTCTGAACGCCGTCG_012,147
GCCCGTTCTGAACGCCGTCG_013,8
GCCCGTTCTGAACGCCGTCG_014,34
GCCCGTTCTGAACGCCGTCG_015,150
GCCCGTTCTGAACGCCGTCG_016,135
GCCCGTTCTGAACGCCGTCG_017,106
GCCCGTTCTGAACGCCGTCG_018,188
GCCCGTTCTGAACGCCGTCG_019,172
GCCCGTTCTGAACGCCGTCG_020,137
GCGAAGGTGCGACAACCTGA_001,114
GCGAAGGTGCGACAACCTGA_002,165
GCGAAGGTGCGACAACCTGA_003,119
GCGAAGGTGCGACAACCTGA_004,161
GCGAAGGTGCGACAACCTGA_005,64
GCGAAGGTGCGACAACCTGA_006,112
GCGAAGGTGCGACAACCTGA_007,170
GCGAAGGTGCGACAACCTGA_008,163
GCGAAGGTGCGACAACCTGA_009,9
GCGAAGGTGCGACAACCTGA_010,159
GCGAAGGTGCGACAACCTGA_011,162
GCGAAGGTGCGACAACCTGA_012,98
GCGAAGGTGCGACAACCTGA_013,175
GCGAAGGTGCGACAACCTGA_014,176
GCGAAGGTGCGACAACCTGA_015,29
GCGAAGGTGCGACAACCTGA_016,170
GCGAAGGTGCGACAACCTGA_017,144
GCGAAGGTGCGACAACCTGA_018,151
GCGAAGGTGCGACAACCTGA_019,6
GCGAAGGTGCGACAACCTGA_020,19
GCGAAGGTGCGACAACCTGA_021,146
GCGAAGGTGCGACAACCTGA_022,0
GCGAAGGTGCGACAACCTGA_023,142
GCGAAGGTGCGACAACCTGA_024,185
GCGAAGGTGCGACAACCTGA_025,149
GCGAAGGTGCGACAACCTGA_026,56
GCGAAGGTGCGACAACCTGA_027,40
GGTGTGGAGATTGAAAACCT_001,1
GGTGTGGAGATTGAAAACCT_002,56
GGTGTGGAGATTGAAAACCT_003,49
GGTGTGGAGATTGAAAACCT_004,62
GGTGTGGAGATTGAAAACCT_005,43
GGTGTGGAGATTGAAAACCT_006,131
GGTGTGGAGATTGAAAACCT_007,34
GGTGTGGAGATTGAAAACCT_008,194
GGTGTGGAGATTGAAAACCT_009,163
GGTGTGGAGATTGAAAACCT_010,98
GGTGTGGAGATTGAAAACCT_011,155
GGTGTGGAGATTGAAAACCT_012,125
GGTGTGGAGATTGAAAACCT_013,36
GGCTCGCCCTACGCGTCGGG_001,150
GGCTCGCCCTACGCGTCGGG_002,195
TGGTAAAGTGCCCATAGATG_001,62
TGGTAAAGTGCCCATAGATG_002,61
TGGTAAAGTGCCCATAGATG_003,147
TGGTAAAGTGCCCATAGATG_004,49
TGGTAAAGTGCCCATAGATG_005,108
ATCTCTCGGGCAGACAACAG_001,194
ATCTCTCGGGCAGACAACAG_002,162
ATCTCTCGGGCAGACAACAG_003,178
ATCTCTCGGGCAGACAACAG_004,92
ATCTCTCGGGCAGACAACAG_005,111
ATCTCTCGGGCAGACAACAG_006,3
ATCTCTCGGGCAGACAACAG_007,70
ATCTCTCGGGCAGACAACAG_008,12
ATCTCTCGGGCAGACAACAG_009,47
ATCTCTCGGGCAGACAACAG_010,177
ATCTCTCGGGCAGACAACAG_011,30
ATCTCTCGGGCAGACAACAG_012,43
ATCTCTCGGGCAGACAACAG_013,176
ATCTCTCGGGCAGACAACAG_014,198
ATCTCTCGGGCAGACAACAG_015,153
ATCTCTCGGGCAGACAACAG_016,91
ATCTCTCGGGCAGACAACAG_017,118
ATCTCTCGGGCAGACAACAG_018,194
GGAGAAAGGCTCGTGCAGGA_001,178
GGAGAAAGGCTCGTGCAGGA_002,197
CAAAAACTGGTTCATCACCG_001,179
CAAAAACTGGTTCATCACCG_002,5
GATGCTAGAGGCGGTGACCT_001,162
GATGCTAGAGGCGGTGACCT_002,22
GATGCTAGAGGCGGTGACCT_003,49
GATGCTAGAGGCGGTGACCT_004,184
GATGCTAGAGGCGGTGACCT_005,27
GATGCTAGAGGCGGTGACCT_006,23
GATGCTAGAGGCGGTGACCT_007,42
GATGCTAGAGGCGGTGACCT_008,111
GATGCTAGAGGCGGTGACCT_009,15
GATGCTAGAGGCGGTGACCT_010,9
GATGCTAGAGGCGGTGACCT_011,34
GATGCTAGAGGCGGTGACCT_012,84
CTGACCATACCAGTGCATGT_001,94
CTGACCATACCAGTGCATGT_002,65
CTGACCATACCAGTGCATGT_003,137
CTGACCATACCAGTGCATGT_004,103
CTGACCATACCAGTGCATGT_005,78
CTGACCATACCAGTGCATGT_006,185
CTGACCATACCAGTGCATGT_007,114
GGGCCGAAACCAGCAGACGT_001,60
GGGCCGAAACCAGCAGACGT_002,12
GGGCCGAAACCAGCAGACGT_003,41
GGGCCGAAACCAGCAGACGT_004,58
GGGCCGAAACCAGCAGACGT_005,34
GGGCCGAAACCAGCAGACGT_006,150
GGGCCGAAACCAGCAGACGT_007,19
GGGCCGAAACCAGCAGACGT_008,48
GGGCCGAAACCAGCAGACGT_009,155
GGGCCGAAACCAGCAGACGT_010,156
GGGCCGAAACCAGCAGACGT_011,49
GGGCCGAAACCAGCAGACGT_012,112
GGGCCGAAACCAGCAGACGT_013,191
GGGCCGAAACCAGCAGACGT_014,27
GGGCCGAAACCAGCAGACGT_015,182
GGGCCGAAACCAGCAGACGT_016,43
GGGCCGAAACCAGCAGACGT_017,67
GGGCCGAAACCAGCAGACGT_018,9
GGGCCGAAACCAGCAGACGT_019,121
GGGCCGAAACCAGCAGACGT_020,185
GGGCCGAAACCAGCAGACGT_021,0
GGGCCGAAACCAGCAGACGT_022,30
GGGCCGAAACCAGCAGACGT_023,30
GATCAAAGAACTTATTGCAC_001,71
GATCAAAGAACTTATTGCAC_002,148
GATCAAAGAACTTATTGCAC_003,37
ACAGCATGAGGGTTAAAGTG_001,169
ACAGCATGAGGGTTAAAGTG_002,172
ACAGCATGAGGGTTAAAGTG_003,127
ACAGCATGAGGGTTAAAGTG_004,46
ACAGCATGAGGGTTAAAGTG_005,94
ACAGCATGAGGGTTAAAGTG_006,162
ACAGCATGAGGGTTAAAGTG_007,171
ACAGCATGAGGGTTAAAGTG_008,31
ACAGCATGAGGGTTAAAGTG_009,179
ATAATGAGTAGTACCTACTG_001,65
ATAATGAGTAGTACCTACTG_002,132
ATAATGAGTAGTACCTACTG_003,41
ATAATGAGTAGTACCTACTG_004,125
ATAATGAGTAGTACCTACTG_005,122
ATAATGAGTAGTACCTACTG_006,194
ATAATGAGTAGTACCTACTG_007,0
GCTTAGTGACCCCCAAACCA_001,188
GCTTAGTGACCCCCAAACCA_002,172
GCTTAGTGACCCCCAAACCA_003,136
GCTTAGTGACCCCCAAACCA_004,92
GCTTAGTGACCCCCAAACCA_005,197
GCTTAGTGACCCCCAAACCA_006,191
GCTTAGTGACCCCCAAACCA_007,124
GCTTAGTGACCCCCAAACCA_008,190
GCTTAGTGACCCCCAAACCA_009,145
TCAATGGGAAACCCCCCCAG_001,172
TCAATGGGAAACCCCCCCAG_002,42
TCAATGGGAAACCCCCCCAG_003,53
TCAATGGGAAACCCCCCCAG_004,6
TCAATGGGAAACCCCCCCAG_005,27
TCAATGGGAAACCCCCCCAG_006,85
TCAATGGGAAACCCCCCCAG_007,40
TCAATGGGAAACCCCCCCAG_008,8
TCAATGGGAAACCCCCCCAG_009,50
TCAATGGGAAACCCCCCCAG_010,60
TCAATGGGAAACCCCCCCAG_011,140
TCAATGGGAAACCCCCCCAG_012,11
TCAATGGGAAACCCCCCCAG_013,11
TCAATGGGAAACCCCCCCAG_014,71
TCAATGGGAAACCCCCCCAG_015,101
TCAATGGGAAACCCCCCCAG_016,119
TCAATGGGAAACCCCCCCAG_017,169
TCAATGGGAAACCCCCCCAG_018,30
TCAATGGGAAACCCCCCCAG_019,127
TCAATGGGAAACCCCCCCAG_020,163
TCAATGGGAAACCCCCCCAG_021,127
TCAATGGGAAACCCCCCCAG_022,118
TCAATGGGAAACCCCCCCAG_023,84
TCAATGGGAAACCCCCCCAG_024,151
TCAATGGGAAACCCCCCCAG_025,108
TCAATGGGAAACCCCCCCAG_026,170
TCAATGGGAAACCCCCCCAG_027,62
TCAATGGGAAACCCCCCCAG_028,16
TCAATGGGAAACCCCCCCAG_029,1
TCAATGGGAAACCCCCCCAG_030,188
TCAATGGGAAACCCCCCCAG_031,59
TCAATGGGAAACCCCCCCAG_032,106
TCAATGGGAAACCCCCCCAG_033,55
TCAATGGGAAACCCCCCCAG_034,70
TCAATGGGAAACCCCCCCAG_035,126
TCAATGGGAAACCCCCCCAG_036,64
TCAATGGGAAACCCCCCCAG_037,153
TCAATGGGAAACCCCCCCAG_038,160
TCAATGGGAAACCCCCCCAG_039,99
AAATGTGTGTCGAGTATGCA_001,139
AAATGTGTGTCGAGTATGCA_002,31
AAATGTGTGTCGAGTATGCA_003,50
AAATGTGTGTCGAGTATGCA_004,60
AAATGTGTGTCGAGTATGCA_005,125
AAATGTGTGTCGAGTATGCA_006,83
AAATGTGTGTCGAGTATGCA_007,41
AAATGTGTGTCGAGTATGCA_008,12
AAATGTGTGTCGAGTATGCA_009,183
AAATGTGTGTCGAGTATGCA_010,42
AAATGTGTGTCGAGTATGCA_011,190
AAATGTGTGTCGAGTATGCA_012,168
AAATGTGTGTCGAGTATGCA_013,9
AAATGTGTGTCGAGTATGCA_014,48
AAATGTGTGTCGAGTATGCA_015,59
AAATGTGTGTCGAGTATGCA_016,10
AAATGTGTGTCGAGTATGCA_017,84
AAATGTGTGTCGAGTATGCA_018,170
AAATGTGTGTCGAGTATGCA_019,140
CCAGATTGGAGACCGTGTCA_001,88
CCAGATTGGAGACCGTGTCA_002,161
CCAGATTGGAGACCGTGTCA_003,153
CCAGATTGGAGACCGTGTCA_004,90
CCAGATTGGAGACCGTGTCA_005,28
CCAGATTGGAGACCGTGTCA_006,162
CCAGATTGGAGACCGTGTCA_007,150
CCAGATTGGAGACCGTGTCA_008,144
CCAGATTGGAGACCGTGTCA_009,193
CCAGATTGGAGACCGTGTCA_010,149
CCAGATTGGAGACCGTGTCA_011,62
CCAGATTGGAGACCGTGTCA_012,108
CCAGATTGGAGACCGTGTCA_013,100
CCAGATTGGAGACCGTGTCA_014,197
CCAGATTGGAGACCGTGTCA_015,27
CCAGATTGGAGACCGTGTCA_016,18
CCAGATTGGAGACCGTGTCA_017,146
CCAGATTGGAGACCGTGTCA_018,146
CCAGATTGGAGACCGTGTCA_019,3
CCAGATTGGAGACCGTGTCA_020,121
GGAAATCATCGCCAACATGG_001,158
GGAAATCATCGCCAACATGG_002,63
GGAAATCATCGCCAACATGG_003,25
GGAAATCATCGCCAACATGG_004,48
GGAAATCATCGCCAACATGG_005,5
GGAAATCATCGCCAACATGG_006,6
AAGAAACAAACGTACCATTG_001,137
AAGAAACAAACGTACCATTG_002,127
ACACCGGCACTATCACCATA_001,78
ACACCGGCACTATCACCATA_002,78
ACACCGGCACTATCACCATA_003,62
ACACCGGCACTATCACCATA_004,174
ACACCGGCACTATCACCATA_005,188
ACACCGGCACTATCACCATA_006,181
ACACCGGCACTATCACCATA_007,2
ACACCGGCACTATCACCATA_008,76
ACACCGGCACTATCACCATA_009,119
ACACCGGCACTATCACCATA_010,44
ACACCGGCACTATCACCATA_011,9
ACACCGGCACTATCACCATA_012,148
ACACCGGCACTATCACCATA_013,20
ACACCGGCACTATCACCATA_014,154
CTGCCAGGCTGCATATGACA_001,130
CTGCCAGGCTGCATATGACA_002,43
CTGCCAGGCTGCATATGACA_003,1
CTGCCAGGCTGCATATGACA_004,175
CTGCCAGGCTGCATATGACA_005,103
CTGCCAGGCTGCATATGACA_006,50
CTGCCAGGCTGCATATGACA_007,1
CTGCCAGGCTGCATATGACA_008,35
CTGCCAGGCTGCATATGACA_009,144
CTCGTCGCATCTCCACACAG_001,134
CTCGTCGCATCTCCACACAG_002,70
CTCGTCGCATCTCCACACAG_003,88
CTCGTCGCATCTCCACACAG_004,152
CTCGTCGCATCTCCACACAG_005,85
CTCGTCGCATCTCCACACAG_006,160
CTCGTCGCATCTCCACACAG_007,48
CTCGTCGCATCTCCACACAG_008,22
TCAGGGGCAAGATATACTTG_001,123
TCTTTGTCTGCCACAAACGT_001,160
TCTTTGTCTGCCACAAACGT_002,172
TCTTTGTCTGCCACAAACGT_003,142
TCTTTGTCTGCCACAAACGT_004,185
TCTTTGTCTGCCACAAACGT_005,107
TCTTTGTCTGCCACAAACGT_006,78
TCTTTGTCTGCCACAAACGT_007,9
TCTTTGTCTGCCACAAACGT_008,86
TCTTTGTCTGCCACAAACGT_009,49
TCTTTGTCTGCCACAAACGT_010,61
ACACGTCGTACTGCACAATG_001,170
ACACGTCGTACTGCACAATG_002,32
ACACGTCGTACTGCACAATG_003,166
ACACGTCGTACTGCACAATG_004,183
ACACGTCGTACTGCACAATG_005,127
ACACGTCGTACTGCACAATG_006,42
ACACGTCGTACTGCACAATG_007,68
ACACGTCGTACTGCACAATG_008,48
ACACGTCGTACTGCACAATG_009,58
ACACGTCGTACTGCACAATG_010,139
ACACGTCGTACTGCACAATG_011,1
ACACGTCGTACTGCACAATG_012,9
ACACGTCGTACTGCACAATG_013,165
ACACGTCGTACTGCACAATG_014,39
ACACGTCGTACTGCACAATG_015,197
GATTGACAACCGGAACATTG_001,29
GATTGACAACCGGAACATTG_002,169
GATTGACAACCGGAACATTG_003,58
GATTGACAACCGGAACATTG_004,16
GATTGACAACCGGAACATTG_005,56
GATTGACAACCGGAACATTG_006,58
GATTGACAACCGGAACATTG_007,188
GATTGACAACCGGAACATTG_008,4
GATTGACAACCGGAACATTG_009,185
GATTGACAACCGGAACATTG_010,85
GATTGACAACCGGAACATTG_011,101
GAGATCGAAGTCATTCCCGG_001,17
GAGATCGAAGTCATTCCCGG_002,106
GAGATCGAAGTCATTCCCGG_003,75
GAGATCGAAGTCATTCCCGG_004,157
GAGATCGAAGTCATTCCCGG_005,149
GAGATCGAAGTCATTCCCGG_006,76
GAGATCGAAGTCATTCCCGG_007,24
GAGATCGAAGTCATTCCCGG_008,134
TAGACCGGATGGTGTCAGGG_001,119
TAGACCGGATGGTGTCAGGG_002,153
TAGACCGGATGGTGTCAGGG_003,77
TAGACCGGATGGTGTCAGGG_004,85
TAGACCGGATGGTGTCAGGG_005,144
TAGACCGGATGGTGTCAGGG_006,134
TAGACCGGATGGTGTCAGGG_007,12
TAGACCGGATGGTGTCAGGG_008,50
TAGACCGGATGGTGTCAGGG_009,49
TAGACCGGATGGTGTCAGGG_010,127
TAGACCGGATGGTGTCAGGG_011,198
GGATGCGCCTCCACTTAGCA_001,48
GGATGCGCCTCCACTTAGCA_002,102
GGATGCGCCTCCACTTAGCA_003,113
GGATGCGCCTCCACTTAGCA_004,68
GGATGCGCCTCCACTTAGCA_005,88
GGATGCGCCTCCACTTAGCA_006,2
GGATGCGCCTCCACTTAGCA_007,193
GGATGCGCCTCCACTTAGCA_008,58
GGATGCGCCTCCACTTAGCA_009,148
GGATGCGCCTCCACTTAGCA_010,93
GGATGCGCCTCCACTTAGCA_011,80
GGATGCGCCTCCACTTAGCA_012,178
GGATGCGCCTCCACTTAGCA_013,198
GGATGCGCCTCCACTTAGCA_014,8
GGATGCGCCTCCACTTAGCA_015,81
GGATGCGCCTCCACTTAGCA_016,130
GGATGCGCCTCCACTTAGCA_017,189
GGATGCGCCTCCACTTAGCA_018,139
GGATGCGCCTCCACTTAGCA_019,182
GGATGCGCCTCCACTTAGCA_020,199
GGATGCGCCTCCACTTAGCA_021,169
GGATGCGCCTCCACTTAGCA_022,105
GGATGCGCCTCCACTTAGCA_023,26
GGATGCGCCTCCACTTAGCA_024,124
GGATGCGCCTCCACTTAGCA_025,183
GGATGCGCCTCCACTTAGCA_026,37
GGATGCGCCTCCACTTAGCA_027,37
GGATGCGCCTCCACTTAGCA_028,62
CATGTCACCACCGAGTACGT_001,48
CATGTCACCACCGAGTACGT_002,11
CATGTCACCACCGAGTACGT_003,151
CATGTCACCACCGAGTACGT_004,181
CATGTCACCACCGAGTACGT_005,78
CATGTCACCACCGAGTACGT_006,61
CATGTCACCACCGAGTACGT_007,94
CATGTCACCACCGAGTACGT_008,65
CATGTCACCACCGAGTACGT_009,47
CATGTCACCACCGAGTACGT_010,97
CATGTCACCACCGAGTACGT_011,9
CATGTCACCACCGAGTACGT_012,76
CATGTCACCACCGAGTACGT_013,172
CATGTCACCACCGAGTACGT_014,137
CGCTTGAAAGTAGCTTCCGG_001,72
CGCTTGAAAGTAGCTTCCGG_002,118
CGCTTGAAAGTAGCTTCCGG_003,51
CGCTTGAAAGTAGCTTCCGG_004,184
CGCTTGAAAGTAGCTTCCGG_005,116
TGAATGCCGAACCATCCCCG_001,160
TGAATGCCGAACCATCCCCG_002,49
TGAATGCCGAACCATCCCCG_003,1
TGAATGCCGAACCATCCCCG_004,181
TGAATGCCGAACCATCCCCG_005,138
TGAATGCCGAACCATCCCCG_006,82
TGAATGCCGAACCATCCCCG_007,91
TGAATGCCGAACCATCCCCG_008,160
TGAATGCCGAACCATCCCCG_009,101
TGAATGCCGAACCATCCCCG_010,97
TGAATGCCGAACCATCCCCG_011,135
TGAATGCCGAACCATCCCCG_012,14
TGAATGCCGAACCATCCCCG_013,66
TGAATGCCGAACCATCCCCG_014,11
TGAATGCCGAACCATCCCCG_015,115
TGAATGCCGAACCATCCCCG_016,151
TGAATGCCGAACCATCCCCG_017,22
GCACCCATAAAGGCTGCTGG_001,146
GCACCCATAAAGGCTGCTGG_002,44
GCACCCATAAAGGCTGCTGG_003,88
GCACCCATAAAGGCTGCTGG_004,169
GCACCCATAAAGGCTGCTGG_005,2
GCACCCATAAAGGCTGCTGG_006,77
GCACCCATAAAGGCTGCTGG_007,40
TGACTGAAGTTGTTCTAAGT_001,138
TGACTGAAGTTGTTCTAAGT_002,175
TGACTGAAGTTGTTCTAAGT_003,186
TGACTGAAGTTGTTCTAAGT_004,15
TGACTGAAGTTGTTCTAAGT_005,148
TGACTGAAGTTGTTCTAAGT_006,55
TGACTGAAGTTGTTCTAAGT_007,40
GCTCGGAGTAGTTGCCCTTG_001,76
GCTCGGAGTAGTTGCCCTTG_002,15
GCTCGGAGTAGTTGCCCTTG_003,151
GCTCGGAGTAGTTGCCCTTG_004,104
GCTCGGAGTAGTTGCCCTTG_005,180
GCTCGGAGTAGTTGCCCTTG_006,0
GCTCGGAGTAGTTGCCCTTG_007,68
GCTCGGAGTAGTTGCCCTTG_008,74
GCTCGGAGTAGTTGCCCTTG_009,48
GCTCGGAGTAGTTGCCCTTG_010,23
ACAGTACAAGATATTGAGCA_001,46
ACAGTACAAGATATTGAGCA_002,54
ACAGTACAAGATATTGAGCA_003,43
ACAGTACAAGATATTGAGCA_004,150
ACAGTACAAGATATTGAGCA_005,199
ACAGTACAAGATATTGAGCA_006,183
ACAGTACAAGATATTGAGCA_007,117
ACAGTACAAGATATTGAGCA_008,144
CCACTTACTCAAGCAACACG_001,51
CCACTTACTCAAGCAACACG_002,150
CCACTTACTCAAGCAACACG_003,150
CCACTTACTCAAGCAACACG_004,186
GAAGAAGCACCAAGAAAACC_001,182
CACCACAGAGATCCACCCTG_001,83
CACCACAGAGATCCACCCTG_002,24
CACCACAGAGATCCACCCTG_003,116
CACCACAGAGATCCACCCTG_004,78
CACCACAGAGATCCACCCTG_005,88
CACCACAGAGATCCACCCTG_006,182
CACCACAGAGATCCACCCTG_007,62
CACCACAGAGATCCACCCTG_008,42
CACCACAGAGATCCACCCTG_009,70
CACCACAGAGATCCACCCTG_010,161
CACCACAGAGATCCACCCTG_011,147
CACCACAGAGATCCACCCTG_012,43
CACCACAGAGATCCACCCTG_013,106
CACCACAGAGATCCACCCTG_014,118
CACCACAGAGATCCACCCTG_015,147
CCTTGTCATAGTAAATCTCG_001,104
ATAATATGTAAGCTGTTCGC_001,70
ATAATATGTAAGCTGTTCGC_002,94
ATAATATGTAAGCTGTTCGC_003,169
ATAATATGTAAGCTGTTCGC_004,121
ATAATATGTAAGCTGTTCGC_005,17
ATAATATGTAAGCTGTTCGC_006,147
ATAATATGTAAGCTGTTCGC_007,173
ATAATATGTAAGCTGTTCGC_008,19
CATTCTCCAAAAGACTATCC_001,8
CATTCTCCAAAAGACTATCC_002,153
CATTCTCCAAAAGACTATCC_003,191
TTCCCGTGAAGAAACCAGCA_001,15
TTCCCGTGAAGAAACCAGCA_002,115
TTCCCGTGAAGAAACCAGCA_003,26
TTCCCGTGAAGAAACCAGCA_004,68
TTCCCGTGAAGAAACCAGCA_005,176
TTCCCGTGAAGAAACCAGCA_006,64
TTCCCGTGAAGAAACCAGCA_007,48
TTCCCGTGAAGAAACCAGCA_008,70
TTCCCGTGAAGAAACCAGCA_009,119
TTCCCGTGAAGAAACCAGCA_010,26
TTCCCGTGAAGAAACCAGCA_011,89
CTGTGATGAGCTGCTCAGGG_001,128
CTGTGATGAGCTGCTCAGGG_002,183
CTGTGATGAGCTGCTCAGGG_003,135
CTGTGATGAGCTGCTCAGGG_004,52
CTGTGATGAGCTGCTCAGGG_005,78
CTGTGATGAGCTGCTCAGGG_006,78
CTGTGATGAGCTGCTCAGGG_007,122
CTGTGATGAGCTGCTCAGGG_008,124
CTGTGATGAGCTGCTCAGGG_009,166
AAATGAAACCAAGTTCTACG_001,151
AAATGAAACCAAGTTCTACG_002,133
AAATGAAACCAAGTTCTACG_003,58
AAATGAAACCAAGTTCTACG_004,37
AAATGAAACCAAGTTCTACG_005,177
AAATGAAACCAAGTTCTACG_006,191
GGCCCATACGGCGAAATACG_001,78
GGCCCATACGGCGAAATACG_002,118
GGCCCATACGGCGAAATACG_003,161
GGCCCATACGGCGAAATACG_004,81
GGCCCATACGGCGAAATACG_005,15
GGCCCATACGGCGAAATACG_006,137
GGCCCATACGGCGAAATACG_007,39
GGCCCATACGGCGAAATACG_008,78
GGCCCATACGGCGAAATACG_009,104
GGCCCATACGGCGAAATACG_010,68
CAGCGCGCAGATGACGAACA_001,75
CAGCGCGCAGATGACGAACA_002,114
GAAGTGAATCTTGGCAGTCA_001,69
GAAGTGAATCTTGGCAGTCA_002,115
CAGCACAAGATAGACGTCAT_001,117
CAGCACAAGATAGACGTCAT_002,117
CAGCACAAGATAGACGTCAT_003,183
CAGCACAAGATAGACGTCAT_004,127
CAGCACAAGATAGACGTCAT_005,93
CAGCACAAGATAGACGTCAT_006,9
CAGCACAAGATAGACGTCAT_007,149
CAGCACAAGATAGACGTCAT_008,147
CAGCACAAGATAGACGTCAT_009,139
CAGCACAAGATAGACGTCAT_010,27
CAGCACAAGATAGACGTCAT_011,90
CAGCACAAGATAGACGTCAT_012,66
GCTCACCAATGAAGTTTCCG_001,115
GCTCACCAATGAAGTTTCCG_002,50
GCTCACCAATGAAGTTTCCG_003,189
GCTCACCAATGAAGTTTCCG_004,162
GCTCACCAATGAAGTTTCCG_005,48
GCTCACCAATGAAGTTTCCG_006,50
GCTCACCAATGAAGTTTCCG_007,100
GCTCACCAATGAAGTTTCCG_008,124
GCTCACCAATGAAGTTTCCG_009,42
GCTCACCAATGAAGTTTCCG_010,153
GCTCACCAATGAAGTTTCCG_011,23
GCTCACCAATGAAGTTTCCG_012,108
GCTCACCAATGAAGTTTCCG_013,183
GCTCACCAATGAAGTTTCCG_014,177
CTAATCGTGACTTTCAGTTG_001,141
CTAATCGTGACTTTCAGTTG_002,102
CTAATCGTGACTTTCAGTTG_003,149
CTAATCGTGACTTTCAGTTG_004,26
CTAATCGTGACTTTCAGTTG_005,169
CTAATCGTGACTTTCAGTTG_006,93
CTAATCGTGACTTTCAGTTG_007,18
GAGGCCTCTGAATATTTACG_001,50
GAGGCCTCTGAATATTTACG_002,50
GAGGCCTCTGAATATTTACG_003,158
GAGGCCTCTGAATATTTACG_004,28
GAGGCCTCTGAATATTTACG_005,160
GAGGCCTCTGAATATTTACG_006,46
GAGGCCTCTGAATATTTACG_007,158
GAGGCCTCTGAATATTTACG_008,110
ACTCACCAAAGGAAGTCAGG_001,11
ACTCACCAAAGGAAGTCAGG_002,70
ACTCACCAAAGGAAGTCAGG_003,72
ACTCACCAAAGGAAGTCAGG_004,62
ACTCACCAAAGGAAGTCAGG_005,192
ACTCACCAAAGGAAGTCAGG_006,79
ACTCACCAAAGGAAGTCAGG_007,131
ACTCACCAAAGGAAGTCAGG_008,82
ACTCACCAAAGGAAGTCAGG_009,141
ACTCACCAAAGGAAGTCAGG_010,18
ACTCACCAAAGGAAGTCAGG_011,104
ACTCACCAAAGGAAGTCAGG_012,124
ACTCACCAAAGGAAGTCAGG_013,63
ACTTACGGCACTCGCATGCC_001,70
ACTTACGGCACTCGCATGCC_002,197
ACTTACGGCACTCGCATGCC_003,146
ACTTACGGCACTCGCATGCC_004,121
ACTTACGGCACTCGCATGCC_005,198
ACTTACGGCACTCGCATGCC_006,53
ACTTACGGCACTCGCATGCC_007,157
GCATCAGGTAAGGAGTCATG_001,23
GCATCAGGTAAGGAGTCATG_002,118
GCATCAGGTAAGGAGTCATG_003,83
GCATCAGGTAAGGAGTCATG_004,67
GCATCAGGTAAGGAGTCATG_005,150
GTTACTTGGGTACATTATGG_001,127
GTTACTTGGGTACATTATGG_002,11
GTTACTTGGGTACATTATGG_003,28
GTTACTTGGGTACATTATGG_004,74
GTTACTTGGGTACATTATGG_005,3
CAATATCTATGGCATTGCTG_001,106
CAATATCTATGGCATTGCTG_002,183
AACTGCAGGAGATTGGACTG_001,51
AACTGCAGGAGATTGGACTG_002,96
AACTGCAGGAGATTGGACTG_003,145
AACTGCAGGAGATTGGACTG_004,146
AACTGCAGGAGATTGGACTG_005,184
AACTGCAGGAGATTGGACTG_006,94
GACACCAACTACGTCAAACG_001,29
GACACCAACTACGTCAAACG_002,58
GACACCAACTACGTCAAACG_003,38
TTTAGATTCAAAAAGCGGTG_001,163
TTTAGATTCAAAAAGCGGTG_002,48
TTTAGATTCAAAAAGCGGTG_003,78
TTTAGATTCAAAAAGCGGTG_004,29
TTTAGATTCAAAAAGCGGTG_005,2
TTTAGATTCAAAAAGCGGTG_006,184
GCTCGGCACCTACCTGCAGG_001,148
GCTCGGCACCTACCTGCAGG_002,150
CTGAGAGGCTGCATGCACGG_001,114
CTGAGAGGCTGCATGCACGG_002,6
CTGAGAGGCTGCATGCACGG_003,88
CTGAGAGGCTGCATGCACGG_004,41
CTGAGAGGCTGCATGCACGG_005,127
CTGAGAGGCTGCATGCACGG_006,102
CTGAGAGGCTGCATGCACGG_007,94
CTGAGAGGCTGCATGCACGG_008,150
CTGAGAGGCTGCATGCACGG_009,104
CTGAGAGGCTGCATGCACGG_010,96
CTGAGAGGCTGCATGCACGG_011,69
CTGAGAGGCTGCATGCACGG_012,173
CTGAGAGGCTGCATGCACGG_013,120
CTGAGAGGCTGCATGCACGG_014,69
CTGAGAGGCTGCATGCACGG_015,114
CTGAGAGGCTGCATGCACGG_016,147
CTGAGAGGCTGCATGCACGG_017,129
CTGAGAGGCTGCATGCACGG_018,78
CTGAGAGGCTGCATGCACGG_019,154
CTGAGAGGCTGCATGCACGG_020,54
CTGAGAGGCTGCATGCACGG_021,195
CTGAGAGGCTGCATGCACGG_022,189
CTGAGAGGCTGCATGCACGG_023,106
CTGAGAGGCTGCATGCACGG_024,120
CTGAGAGGCTGCATGCACGG_025,115
CTGAGAGGCTGCATGCACGG_026,84
CTGAGAGGCTGCATGCACGG_027,184
CTGAGAGGCTGCATGCACGG_028,84
CTGAGAGGCTGCATGCACGG_029,56
CTGAGAGGCTGCATGCACGG_030,107
CTGAGAGGCTGCATGCACGG_031,16
CTGAGAGGCTGCATGCACGG_032,48
CTGAGAGGCTGCATGCACGG_033,69
CTGAGAGGCTGCATGCACGG_034,162
CTGAGAGGCTGCATGCACGG_035,66
TGGGGGTTATAGGAGCCGCA_001,69
TGGGGGTTATAGGAGCCGCA_002,166
TGGGGGTTATAGGAGCCGCA_003,62
AGCCAGAGCCACAGCCCCCA_001,170
AGCCAGAGCCACAGCCCCCA_002,171
AGCCAGAGCCACAGCCCCCA_003,36
AGCCAGAGCCACAGCCCCCA_004,141
AGCCAGAGCCACAGCCCCCA_005,161
AGCCAGAGCCACAGCCCCCA_006,150
AGCCAGAGCCACAGCCCCCA_007,115
AGCCAGAGCCACAGCCCCCA_008,88
AGCCAGAGCCACAGCCCCCA_009,48
AGCCAGAGCCACAGCCCCCA_010,17
AGCCAGAGCCACAGCCCCCA_011,88
AGCCAGAGCCACAGCCCCCA_012,61
AGCCAGAGCCACAGCCCCCA_013,168
AGCCAGAGCCACAGCCCCCA_014,30
AGCCAGAGCCACAGCCCCCA_015,148
AGCCAGAGCCACAGCCCCCA_016,130
GGTGCCTTTCACAACCAACG_001,73
GGTGCCTTTCACAACCAACG_002,177
GGTGCCTTTCACAACCAACG_003,12
GGTGCCTTTCACAACCAACG_004,123
GGTGCCTTTCACAACCAACG_005,42
AATTATGGCAGGTTGTTACG_001,182
AATTATGGCAGGTTGTTACG_002,177
AATTATGGCAGGTTGTTACG_003,142
AATTATGGCAGGTTGTTACG_004,49
AATTATGGCAGGTTGTTACG_005,44
AATTATGGCAGGTTGTTACG_006,12
AATTATGGCAGGTTGTTACG_007,168
GCTGCCAACTCTGGAAGTTG_001,15
GCTGCCAACTCTGGAAGTTG_002,171
GCTGCCAACTCTGGAAGTTG_003,170
GCTGCCAACTCTGGAAGTTG_004,39
GCTGCCAACTCTGGAAGTTG_005,127
AAGAAATCTACAACGACCGG_001,47
AAGAAATCTACAACGACCGG_002,36
AAGAAATCTACAACGACCGG_003,55
AAGAAATCTACAACGACCGG_004,14
AAGAAATCTACAACGACCGG_005,68
ATGAAGTGGTCAAAATGCAG_001,4
ATGAAGTGGTCAAAATGCAG_002,25
ATGAAGTGGTCAAAATGCAG_003,19
ATGAAGTGGTCAAAATGCAG_004,67
ATGAAGTGGTCAAAATGCAG_005,84
ATGAAGTGGTCAAAATGCAG_006,137
ATGAAGTGGTCAAAATGCAG_007,56
ATGAAGTGGTCAAAATGCAG_008,106
CCAGGTCCGAGATCCGCACG_001,58
CCAGGTCCGAGATCCGCACG_002,8
CCAGGTCCGAGATCCGCACG_003,144
CCAGGTCCGAGATCCGCACG_004,183
CCAGGTCCGAGATCCGCACG_005,78
CCAGGTCCGAGATCCGCACG_006,19
GGCGCGCACGTCTTCTCCGG_001,144
GGCGCGCACGTCTTCTCCGG_002,45
GGCGCGCACGTCTTCTCCGG_003,27
GGCGCGCACGTCTTCTCCGG_004,43
GGCGCGCACGTCTTCTCCGG_005,154
GGCGCGCACGTCTTCTCCGG_006,56
TTGTGTTTGGTGATTACACA_001,81
TTGTGTTTGGTGATTACACA_002,11
TTGTGTTTGGTGATTACACA_003,160
TTGTGTTTGGTGATTACACA_004,189
TTGTGTTTGGTGATTACACA_005,46
TTGTGTTTGGTGATTACACA_006,129
TTGTGTTTGGTGATTACACA_007,64
GGGTCCTCGCTTCACACACA_001,48
GGGTCCTCGCTTCACACACA_002,104
GGGTCCTCGCTTCACACACA_003,194
GGGTCCTCGCTTCACACACA_004,177
GGGTCCTCGCTTCACACACA_005,151
GGGTCCTCGCTTCACACACA_006,186
GGGTCCTCGCTTCACACACA_007,140
GGGTCCTCGCTTCACACACA_008,87
GGGTCCTCGCTTCACACACA_009,42
GGGTCCTCGCTTCACACACA_010,16
GGGTCCTCGCTTCACACACA_011,148
GGGTCCTCGCTTCACACACA_012,153
GGGTCCTCGCTTCACACACA_013,8
GGGTCCTCGCTTCACACACA_014,20
GGGTCCTCGCTTCACACACA_015,161
GGGTCCTCGCTTCACACACA_016,148
GGGTCCTCGCTTCACACACA_017,130
GGGTCCTCGCTTCACACACA_018,64
GGGTCCTCGCTTCACACACA_019,30
GGGTCCTCGCTTCACACACA_020,65
GGGTCCTCGCTTCACACACA_021,9
GGGTCCTCGCTTCACACACA_022,28
GGGTCCTCGCTTCACACACA_023,102
GGGTCCTCGCTTCACACACA_024,152
GGGTCCTCGCTTCACACACA_025,128
GGGTCCTCGCTTCACACACA_026,124
CGGCTCACATCAAACATGGA_001,12
CGGCTCACATCAAACATGGA_002,175
CGGCTCACATCAAACATGGA_003,23
CGGCTCACATCAAACATGGA_004,93
CGGCTCACATCAAACATGGA_005,48
CGGCTCACATCAAACATGGA_006,127
CGGCTCACATCAAACATGGA_007,127
CGGCTCACATCAAACATGGA_008,169
CGGCTCACATCAAACATGGA_009,28
CGGCTCACATCAAACATGGA_010,149
CGGCTCACATCAAACATGGA_011,105
CGGCTCACATCAAACATGGA_012,43
CGGCTCACATCAAACATGGA_013,143
CGGCTCACATCAAACATGGA_014,80
CGGCTCACATCAAACATGGA_015,101
ACCACGTCCTTGTGACCCCG_001,15
ATATGTCATGAAATTCCCAC_001,77
ATATGTCATGAAATTCCCAC_002,96
ATATGTCATGAAATTCCCAC_003,196
ATATGTCATGAAATTCCCAC_004,2
ATATGTCATGAAATTCCCAC_005,151
AACCATATTGTAAATGACGT_001,51
ACTTGAAGCTTACACTCCAG_001,31
ACTTGAAGCTTACACTCCAG_002,198
ACTTGAAGCTTACACTCCAG_003,112
ACTTGAAGCTTACACTCCAG_004,179
ACTTGAAGCTTACACTCCAG_005,1
CACACGGGCCAAATATCGAG_001,17
CACACGGGCCAAATATCGAG_002,115
CACACGGGCCAAATATCGAG_003,24
CACACGGGCCAAATATCGAG_004,171
CACACGGGCCAAATATCGAG_005,49
CACACGGGCCAAATATCGAG_006,4
CACACGGGCCAAATATCGAG_007,33
CACACGGGCCAAATATCGAG_008,147
CACACGGGCCAAATATCGAG_009,38
CACACGGGCCAAATATCGAG_010,60
CACACGGGCCAAATATCGAG_011,91
CACACGGGCCAAATATCGAG_012,24
CACACGGGCCAAATATCGAG_013,78
CACACGGGCCAAATATCGAG_014,130
AAACAGGGACTGGATACCCA_001,62
AAACAGGGACTGGATACCCA_002,147
AAACAGGGACTGGATACCCA_003,128
AAACAGGGACTGGATACCCA_004,115
AAACAGGGACTGGATACCCA_005,12
AAACAGGGACTGGATACCCA_006,149
AAACAGGGACTGGATACCCA_007,58
AAACAGGGACTGGATACCCA_008,28
AAACAGGGACTGGATACCCA_009,171
AAACAGGGACTGGATACCCA_010,62
AAACAGGGACTGGATACCCA_011,47
AAACAGGGACTGGATACCCA_012,161
AAACAGGGACTGGATACCCA_013,80
ACAGAACTCAACAAATGCTG_001,117
ACAGAACTCAACAAATGCTG_002,93
ACAGAACTCAACAAATGCTG_003,3
ACAGAACTCAACAAATGCTG_004,155
ACAGAACTCAACAAATGCTG_005,197
ACAGAACTCAACAAATGCTG_006,18
AACATCCACAGGGAGCAGTG_001,7
AACATCCACAGGGAGCAGTG_002,0
AACATCCACAGGGAGCAGTG_003,106
AACATCCACAGGGAGCAGTG_004,9
AACATCCACAGGGAGCAGTG_005,20
AACATCCACAGGGAGCAGTG_006,60
AACATCCACAGGGAGCAGTG_007,48
AACATCCACAGGGAGCAGTG_008,161
AACATCCACAGGGAGCAGTG_009,62
AACATCCACAGGGAGCAGTG_010,144
AACATCCACAGGGAGCAGTG_011,174
AACATCCACAGGGAGCAGTG_012,107
AACATCCACAGGGAGCAGTG_013,19
AACATCCACAGGGAGCAGTG_014,175
AACATCCACAGGGAGCAGTG_015,28
AACATCCACAGGGAGCAGTG_016,3
AACATCCACAGGGAGCAGTG_017,125
AACATCCACAGGGAGCAGTG_018,196
AACATCCACAGGGAGCAGTG_019,61
AACATCCACAGGGAGCAGTG_020,62
AACATCCACAGGGAGCAGTG_021,18
AACATCCACAGGGAGCAGTG_022,108
AACATCCACAGGGAGCAGTG_023,56
AACATCCACAGGGAGCAGTG_024,17
AACATCCACAGGGAGCAGTG_025,99
AACATCCACAGGGAGCAGTG_026,67
AACATCCACAGGGAGCAGTG_027,194
AACATCCACAGGGAGCAGTG_028,169
AACATCCACAGGGAGCAGTG_029,129
AACATCCACAGGGAGCAGTG_030,52
ATAGACCCATCCTTTCTCGT_001,97
ATAGACCCATCCTTTCTCGT_002,112
ATAGACCCATCCTTTCTCGT_003,5
ATAGACCCATCCTTTCTCGT_004,198
ATAGACCCATCCTTTCTCGT_005,136
ATAGACCCATCCTTTCTCGT_006,61
ATAGACCCATCCTTTCTCGT_007,91
ATAGACCCATCCTTTCTCGT_008,187
ATAGACCCATCCTTTCTCGT_009,192
ATAGACCCATCCTTTCTCGT_010,141
ATAGACCCATCCTTTCTCGT_011,1
ATAGACCCATCCTTTCTCGT_012,184
ATAGACCCATCCTTTCTCGT_013,154
ATAGACCCATCCTTTCTCGT_014,184
ATAGACCCATCCTTTCTCGT_015,79
CCTCAGTAATAGTACCAGTG_001,11
CCTCAGTAATAGTACCAGTG_002,88
CCTCAGTAATAGTACCAGTG_003,153
GACACCTGCAAGTATCACTG_001,57
GACACCTGCAAGTATCACTG_002,105
GACACCTGCAAGTATCACTG_003,178
GACACCTGCAAGTATCACTG_004,178
GACACCTGCAAGTATCACTG_005,167
GACACCTGCAAGTATCACTG_006,5
GACACCTGCAAGTATCACTG_007,127
GACACCTGCAAGTATCACTG_008,40
GACACCTGCAAGTATCACTG_009,24
GACACCTGCAAGTATCACTG_010,177
GACACCTGCAAGTATCACTG_011,107
GACACCTGCAAGTATCACTG_012,108
GACACCTGCAAGTATCACTG_013,185
GACACCTGCAAGTATCACTG_014,127
GACACCTGCAAGTATCACTG_015,127
GACACCTGCAAGTATCACTG_016,193
GACACCTGCAAGTATCACTG_017,157
GACACCTGCAAGTATCACTG_018,66
GACACCTGCAAGTATCACTG_019,73
GACACCTGCAAGTATCACTG_020,121
GTACATCGACAAGACGATCC_001,130
TATCAGCGCCGACCGCTACG_001,137
TATCAGCGCCGACCGCTACG_002,60
TATCAGCGCCGACCGCTACG_003,65
TATCAGCGCCGACCGCTACG_004,133
TATCAGCGCCGACCGCTACG_005,43
TATCAGCGCCGACCGCTACG_006,158
TATCAGCGCCGACCGCTACG_007,59
TATCAGCGCCGACCGCTACG_008,181
TATCAGCGCCGACCGCTACG_009,197
TATCAGCGCCGACCGCTACG_010,99
TATCAGCGCCGACCGCTACG_011,189
TATCAGCGCCGACCGCTACG_012,134
TATCAGCGCCGACCGCTACG_013,134
TATCAGCGCCGACCGCTACG_014,177
TATCAGCGCCGACCGCTACG_015,88
TATCAGCGCCGACCGCTACG_016,177
TATCAGCGCCGACCGCTACG_017,52
TATCAGCGCCGACCGCTACG_018,168
TATCAGCGCCGACCGCTACG_019,27
ACTGTCTAGAAACATTTGTG_001,171
ACTGTCTAGAAACATTTGTG_002,12
ACTGTCTAGAAACATTTGTG_003,176
ACTGTCTAGAAACATTTGTG_004,55
ACTGTCTAGAAACATTTGTG_005,170
GAGTACGTACGCGCACGCGG_001,149
GAGTACGTACGCGCACGCGG_002,8
GAGTACGTACGCGCACGCGG_003,17
GAGTACGTACGCGCACGCGG_004,154
GAGTACGTACGCGCACGCGG_005,188
GAGTACGTACGCGCACGCGG_006,198
GAGTACGTACGCGCACGCGG_007,50
GAGTACGTACGCGCACGCGG_008,57
TCTTAAGTATCCTTGCACCG_001,195
ACGGAGCCTCCTCAGAACTG_001,70
ACGGAGCCTCCTCAGAACTG_002,72
ACGGAGCCTCCTCAGAACTG_003,154
ACGGAGCCTCCTCAGAACTG_004,50
ACGGAGCCTCCTCAGAACTG_005,8
ACGGAGCCTCCTCAGAACTG_006,199
ACGGAGCCTCCTCAGAACTG_007,82
ACGGAGCCTCCTCAGAACTG_008,0
CTTCAACTGCCGGTGCAAGG_001,153
CTTCAACTGCCGGTGCAAGG_002,84
CTTCAACTGCCGGTGCAAGG_003,85
CTTCAACTGCCGGTGCAAGG_004,151
CTTCAACTGCCGGTGCAAGG_005,81
CTTCAACTGCCGGTGCAAGG_006,158
CTTCAACTGCCGGTGCAAGG_007,52
CTTCAACTGCCGGTGCAAGG_008,0
CTTCAACTGCCGGTGCAAGG_009,25
GGTCATCGGCATGGACGTAG_001,142
GGTCATCGGCATGGACGTAG_002,19
GGTCATCGGCATGGACGTAG_003,19
GGTCATCGGCATGGACGTAG_004,12
GGTCATCGGCATGGACGTAG_005,84
GGTCATCGGCATGGACGTAG_006,141
GACATTGTCTATGCGTCCGT_001,8
GACATTGTCTATGCGTCCGT_002,161
GACATTGTCTATGCGTCCGT_003,118
GACATTGTCTATGCGTCCGT_004,152
TAACCCAGAAGCCCATTCAG_001,19
TAACCCAGAAGCCCATTCAG_002,48
TAACCCAGAAGCCCATTCAG_003,106
TAACCCAGAAGCCCATTCAG_004,166
TAACCCAGAAGCCCATTCAG_005,106
TAACCCAGAAGCCCATTCAG_006,166
TAACCCAGAAGCCCATTCAG_007,94
TAACCCAGAAGCCCATTCAG_008,56
TAACCCAGAAGCCCATTCAG_009,63
TAACCCAGAAGCCCATTCAG_010,158
TAACCCAGAAGCCCATTCAG_011,9
TAACCCAGAAGCCCATTCAG_012,182
TAACCCAGAAGCCCATTCAG_013,24
TAACCCAGAAGCCCATTCAG_014,107
TAACCCAGAAGCCCATTCAG_015,69
TAACCCAGAAGCCCATTCAG_016,58
TAACCCAGAAGCCCATTCAG_017,101
TAACCCAGAAGCCCATTCAG_018,170
TAACCCAGAAGCCCATTCAG_019,121
TAACCCAGAAGCCCATTCAG_020,197
TAACCCAGAAGCCCATTCAG_021,166
TAACCCAGAAGCCCATTCAG_022,148
TAACCCAGAAGCCCATTCAG_023,66
TAACCCAGAAGCCCATTCAG_024,43
TAACCCAGAAGCCCATTCAG_025,170
CCTTAAATGCAGTGACCTGG_001,1
CCTTAAATGCAGTGACCTGG_002,192
CCTTAAATGCAGTGACCTGG_003,162
CCCATCGGGAAGCGGCATCA_001,97
CCCATCGGGAAGCGGCATCA_002,114
CCCATCGGGAAGCGGCATCA_003,160
CCCATCGGGAAGCGGCATCA_004,116
CCCATCGGGAAGCGGCATCA_005,176
CCCATCGGGAAGCGGCATCA_006,123
CCCATCGGGAAGCGGCATCA_007,111
CCCATCGGGAAGCGGCATCA_008,80
CCCATCGGGAAGCGGCATCA_009,52
CCCATCGGGAAGCGGCATCA_010,75
CCCATCGGGAAGCGGCATCA_011,101
CCCATCGGGAAGCGGCATCA_012,176
CCCATCGGGAAGCGGCATCA_013,50
CCCATCGGGAAGCGGCATCA_014,158
CCCATCGGGAAGCGGCATCA_015,105
CCCATCGGGAAGCGGCATCA_016,199
CCCATCGGGAAGCGGCATCA_017,76
CCCATCGGGAAGCGGCATCA_018,72
CCCATCGGGAAGCGGCATCA_019,153
TGCAGCAGATGGGATCAGAG_001,15
TGCAGCAGATGGGATCAGAG_002,57
TGCAGCAGATGGGATCAGAG_003,144
TGCAGCAGATGGGATCAGAG_004,58
TGCAGCAGATGGGATCAGAG_005,92
TGCAGCAGATGGGATCAGAG_006,45
TGCAGCAGATGGGATCAGAG_007,158
TGCAGCAGATGGGATCAGAG_008,112
TGCAGCAGATGGGATCAGAG_009,98
TGCAGCAGATGGGATCAGAG_010,60
TGCAGCAGATGGGATCAGAG_011,15
TGCAGCAGATGGGATCAGAG_012,18
TGCAGCAGATGGGATCAGAG_013,28
TGCAGCAGATGGGATCAGAG_014,79
TGCAGCAGATGGGATCAGAG_015,40
TGCAGCAGATGGGATCAGAG_016,30
TGCAGCAGATGGGATCAGAG_017,168
TGCAGCAGATGGGATCAGAG_018,136
TGCAGCAGATGGGATCAGAG_019,137
TGCAGCAGATGGGATCAGAG_020,88
TGCAGCAGATGGGATCAGAG_021,120
TGCAGCAGATGGGATCAGAG_022,141
TGCAGCAGATGGGATCAGAG_023,35
TGCAGCAGATGGGATCAGAG_024,68
TGCAGCAGATGGGATCAGAG_025,199
TGCAGCAGATGGGATCAGAG_026,66
TGCAGCAGATGGGATCAGAG_027,96
TTTCCTGGGCGCTGTCAGGG_001,70
TTTCCTGGGCGCTGTCAGGG_002,1
TTTCCTGGGCGCTGTCAGGG_003,76
TTTCCTGGGCGCTGTCAGGG_004,159
TTTCCTGGGCGCTGTCAGGG_005,7
TTTCCTGGGCGCTGTCAGGG_006,134
TTTCCTGGGCGCTGTCAGGG_007,115
TTTCCTGGGCGCTGTCAGGG_008,184
TTTCCTGGGCGCTGTCAGGG_009,17
TTTCCTGGGCGCTGTCAGGG_010,29
TTTCCTGGGCGCTGTCAGGG_011,54
TTTCCTGGGCGCTGTCAGGG_012,116
TTTCCTGGGCGCTGTCAGGG_013,127
TTTCCTGGGCGCTGTCAGGG_014,15
TTTCCTGGGCGCTGTCAGGG_015,15
TTTCCTGGGCGCTGTCAGGG_016,76
TTTCCTGGGCGCTGTCAGGG_017,43
TTTCCTGGGCGCTGTCAGGG_018,117
GTTCTGCCGAAGGACAACTC_001,8
GTTCTGCCGAAGGACAACTC_002,4
GTTCTGCCGAAGGACAACTC_003,4
GTTCTGCCGAAGGACAACTC_004,193
GTTCTGCCGAAGGACAACTC_005,19
GTTCTGCCGAAGGACAACTC_006,88
GTTCTGCCGAAGGACAACTC_007,183
GTTCTGCCGAAGGACAACTC_008,160
GTTCTGCCGAAGGACAACTC_009,8
GTTCTGCCGAAGGACAACTC_010,162
GTTCTGCCGAAGGACAACTC_011,197
GTTCTGCCGAAGGACAACTC_012,26
GTTCTGCCGAAGGACAACTC_013,157
GTTCTGCCGAAGGACAACTC_014,148
GTTCTGCCGAAGGACAACTC_015,86
GTTCTGCCGAAGGACAACTC_016,86
AGAGAAGGCCAATTCCTCGG_001,166
AGAGAAGGCCAATTCCTCGG_002,39
AGAGAAGGCCAATTCCTCGG_003,45
AGAGAAGGCCAATTCCTCGG_004,58
AGAGAAGGCCAATTCCTCGG_005,76
AGAGAAGGCCAATTCCTCGG_006,56
AGAGAAGGCCAATTCCTCGG_007,81
AGAGAAGGCCAATTCCTCGG_008,105
AGAGAAGGCCAATTCCTCGG_009,186
AGAGAAGGCCAATTCCTCGG_010,170
AGAGAAGGCCAATTCCTCGG_011,13
AGAGAAGGCCAATTCCTCGG_012,130
AGAGAAGGCCAATTCCTCGG_013,69
AGAGAAGGCCAATTCCTCGG_014,6
ATGTCCAAACGTCAAGCACG_001,21
ATGTCCAAACGTCAAGCACG_002,49
ATGTCCAAACGTCAAGCACG_003,65
ATGTCCAAACGTCAAGCACG_004,69
ATGTCCAAACGTCAAGCACG_005,62
ATGTCCAAACGTCAAGCACG_006,98
ATGTCCAAACGTCAAGCACG_007,25
ATGTCCAAACGTCAAGCACG_008,20
ATGTCCAAACGTCAAGCACG_009,82
ATGTCCAAACGTCAAGCACG_010,45
ATGTCCAAACGTCAAGCACG_011,25
ATGTCCAAACGTCAAGCACG_012,66
ATGTCCAAACGTCAAGCACG_013,145
ATGTCCAAACGTCAAGCACG_014,134
ATGTCCAAACGTCAAGCACG_015,82
ATGTCCAAACGTCAAGCACG_016,107
ATGTCCAAACGTCAAGCACG_017,60
ATGTCCAAACGTCAAGCACG_018,59
ATGTCCAAACGTCAAGCACG_019,34
ATGTCCAAACGTCAAGCACG_020,113
GTCCTGCGGAAAGACCTGCC_001,198
GTCCTGCGGAAAGACCTGCC_002,45
GTCCTGCGGAAAGACCTGCC_003,41
GTCCTGCGGAAAGACCTGCC_004,130
GTCCTGCGGAAAGACCTGCC_005,54
GTCCTGCGGAAAGACCTGCC_006,105
GTCCTGCGGAAAGACCTGCC_007,118
GTCCTGCGGAAAGACCTGCC_008,155
GTCCTGCGGAAAGACCTGCC_009,77
GTCCTGCGGAAAGACCTGCC_010,104
GTCCTGCGGAAAGACCTGCC_011,97
GTCCTGCGGAAAGACCTGCC_012,176
GTCCTGCGGAAAGACCTGCC_013,62
GTCCTGCGGAAAGACCTGCC_014,107
GTCCTGCGGAAAGACCTGCC_015,49
GTCCTGCGGAAAGACCTGCC_016,130
GTCCTGCGGAAAGACCTGCC_017,62
GTCCTGCGGAAAGACCTGCC_018,12
GTCCTGCGGAAAGACCTGCC_019,17
GTCCTGCGGAAAGACCTGCC_020,114
GTCCTGCGGAAAGACCTGCC_021,184
GTCCTGCGGAAAGACCTGCC_022,190
GTCCTGCGGAAAGACCTGCC_023,162
GTCCTGCGGAAAGACCTGCC_024,166
GTCCTGCGGAAAGACCTGCC_025,175
GTCCTGCGGAAAGACCTGCC_026,191
GTCCTGCGGAAAGACCTGCC_027,144
GTCCTGCGGAAAGACCTGCC_028,28
GTCCTGCGGAAAGACCTGCC_029,175
GTCCTGCGGAAAGACCTGCC_030,140
TTTATACTCAGAGTCCGATG_001,170
AGTTACGGAATCTACAAAGC_001,171
AGTTACGGAATCTACAAAGC_002,99
ATATCCACAGGTCCACACAC_001,33
ATATCCACAGGTCCACACAC_002,77
ATATCCACAGGTCCACACAC_003,146
ATATCCACAGGTCCACACAC_004,147
ATATCCACAGGTCCACACAC_005,76
ATATCCACAGGTCCACACAC_006,93
ATATCCACAGGTCCACACAC_007,62
ATATCCACAGGTCCACACAC_008,160
ATATCCACAGGTCCACACAC_009,105
ATATCCACAGGTCCACACAC_010,169
ATATCCACAGGTCCACACAC_011,77
ATATCCACAGGTCCACACAC_012,187
ATATCCACAGGTCCACACAC_013,187
ATATCCACAGGTCCACACAC_014,144
ATATCCACAGGTCCACACAC_015,188
ATATCCACAGGTCCACACAC_016,63
ATATCCACAGGTCCACACAC_017,40
ATATCCACAGGTCCACACAC_018,166
ATATCCACAGGTCCACACAC_019,118
ATATCCACAGGTCCACACAC_020,152
CGAACTTGATTCTGAGCACG_001,42
CGAACTTGATTCTGAGCACG_002,112
CGAACTTGATTCTGAGCACG_003,58
CGAACTTGATTCTGAGCACG_004,12
CGAACTTGATTCTGAGCACG_005,183
CGAACTTGATTCTGAGCACG_006,82
CGAACTTGATTCTGAGCACG_007,12
CTACTCCTCCTGCTATGCGG_001,72
CTACTCCTCCTGCTATGCGG_002,137
CTACTCCTCCTGCTATGCGG_003,127
CTACTCCTCCTGCTATGCGG_004,191
CTACTCCTCCTGCTATGCGG_005,115
CTACTCCTCCTGCTATGCGG_006,121
CTACTCCTCCTGCTATGCGG_007,118
AAGGTTATGCAAGGTCCCAG_001,77
AAGGTTATGCAAGGTCCCAG_002,158
AAGGTTATGCAAGGTCCCAG_003,38
AAGGTTATGCAAGGTCCCAG_004,129
AAGGTTATGCAAGGTCCCAG_005,147
AAGGTTATGCAAGGTCCCAG_006,15
AAGGTTATGCAAGGTCCCAG_007,74
AAGGTTATGCAAGGTCCCAG_008,22
AAGGTTATGCAAGGTCCCAG_009,39
AAGGTTATGCAAGGTCCCAG_010,104
AAGGTTATGCAAGGTCCCAG_011,6
AAGGTTATGCAAGGTCCCAG_012,161
AAGGTTATGCAAGGTCCCAG_013,161
AAGGTTATGCAAGGTCCCAG_014,57
AAGGTTATGCAAGGTCCCAG_015,178
AAGGTTATGCAAGGTCCCAG_016,110
AAGGTTATGCAAGGTCCCAG_017,89
AAGGTTATGCAAGGTCCCAG_018,162
AAGGTTATGCAAGGTCCCAG_019,40
AAGGTTATGCAAGGTCCCAG_020,132
AAGGTTATGCAAGGTCCCAG_021,147
AAGGTTATGCAAGGTCCCAG_022,118
AAGGTTATGCAAGGTCCCAG_023,181
AAGGTTATGCAAGGTCCCAG_024,111
AAGGTTATGCAAGGTCCCAG_025,158
AAGGTTATGCAAGGTCCCAG_026,142
AAGGTTATGCAAGGTCCCAG_027,63
AAGGTTATGCAAGGTCCCAG_028,78
GAGGCCGATTCGGCGGATGG_001,72
GAGGCCGATTCGGCGGATGG_002,29
GAGGCCGATTCGGCGGATGG_003,102
GAGGCCGATTCGGCGGATGG_004,5
GAGGCCGATTCGGCGGATGG_005,29
GAGGCCGATTCGGCGGATGG_006,191
GAGGCCGATTCGGCGGATGG_007,1
GAGGCCGATTCGGCGGATGG_008,19
GAGGCCGATTCGGCGGATGG_009,88
GAGGCCGATTCGGCGGATGG_010,156
GAGGCCGATTCGGCGGATGG_011,141
GAGGCCGATTCGGCGGATGG_012,12
GAGGCCGATTCGGCGGATGG_013,62
GAGGCCGATTCGGCGGATGG_014,2
GAGGCCGATTCGGCGGATGG_015,17
GAGGCCGATTCGGCGGATGG_016,41
GAGGCCGATTCGGCGGATGG_017,33
GTCAATGGCTATGACACCAG_001,77
GTCAATGGCTATGACACCAG_002,158
GTCAATGGCTATGACACCAG_003,19
GTCAATGGCTATGACACCAG_004,62
GTCAATGGCTATGACACCAG_005,83
GTCAATGGCTATGACACCAG_006,70
GTTTACTTGTCAATTGCATG_001,145
GTTTACTTGTCAATTGCATG_002,56
GTTTACTTGTCAATTGCATG_003,34
GTTTACTTGTCAATTGCATG_004,146
GTTTACTTGTCAATTGCATG_005,9
GTTTACTTGTCAATTGCATG_006,175
GTTTACTTGTCAATTGCATG_007,161
GTTTACTTGTCAATTGCATG_008,51
GTTTACTTGTCAATTGCATG_009,28
GTTTACTTGTCAATTGCATG_010,144
GTTTACTTGTCAATTGCATG_011,135
CGGTTCAAAATAGCATAACG_001,12
CGCATCTCAAGGGTATCAGG_001,77
CGCATCTCAAGGGTATCAGG_002,58
CGCATCTCAAGGGTATCAGG_003,190
CGCATCTCAAGGGTATCAGG_004,116
CGCATCTCAAGGGTATCAGG_005,61
CGCATCTCAAGGGTATCAGG_006,85
CGCATCTCAAGGGTATCAGG_007,155
CGCATCTCAAGGGTATCAGG_008,121
CGCATCTCAAGGGTATCAGG_009,177
CGCATCTCAAGGGTATCAGG_010,33
TCGGCATGGAAGTAGAGTTG_001,121
TCGGCATGGAAGTAGAGTTG_002,155
TCGGCATGGAAGTAGAGTTG_003,61
TCGGCATGGAAGTAGAGTTG_004,147
TCGGCATGGAAGTAGAGTTG_005,88
TCGGCATGGAAGTAGAGTTG_006,172
TCGGCATGGAAGTAGAGTTG_007,98
TCGGCATGGAAGTAGAGTTG_008,19
TCGGCATGGAAGTAGAGTTG_009,12
GACGAAGCCAAACTACTGCA_001,36
GACGAAGCCAAACTACTGCA_002,170
GACGAAGCCAAACTACTGCA_003,102
GACGAAGCCAAACTACTGCA_004,175
GACGAAGCCAAACTACTGCA_005,175
GACGAAGCCAAACTACTGCA_006,170
GACGAAGCCAAACTACTGCA_007,24
GACGAAGCCAAACTACTGCA_008,116
GACGAAGCCAAACTACTGCA_009,94
GACGAAGCCAAACTACTGCA_010,184
GACGAAGCCAAACTACTGCA_011,4
ACGTCCACGGCACACTCGTA_001,169
ACGTCCACGGCACACTCGTA_002,69
ACGTCCACGGCACACTCGTA_003,156
ACGTCCACGGCACACTCGTA_004,33
ACGTCCACGGCACACTCGTA_005,121
ACGTCCACGGCACACTCGTA_006,3
AACAATCTCTGCGAAGCACA_001,177
AACAATCTCTGCGAAGCACA_002,62
AACAATCTCTGCGAAGCACA_003,194
AACAATCTCTGCGAAGCACA_004,175
AACAATCTCTGCGAAGCACA_005,94
AACAATCTCTGCGAAGCACA_006,115
AACAATCTCTGCGAAGCACA_007,19
AACAATCTCTGCGAAGCACA_008,56
AACAATCTCTGCGAAGCACA_009,60
AACAATCTCTGCGAAGCACA_010,162
AACAATCTCTGCGAAGCACA_011,65
AACAATCTCTGCGAAGCACA_012,40
AACAATCTCTGCGAAGCACA_013,23
AACAATCTCTGCGAAGCACA_014,52
AACAATCTCTGCGAAGCACA_015,144
AACAATCTCTGCGAAGCACA_016,151
AACAATCTCTGCGAAGCACA_017,10
AGGTCATCATAGCCTCTCTG_001,13
AGGTCATCATAGCCTCTCTG_002,127
AGGTCATCATAGCCTCTCTG_003,3
AGGTCATCATAGCCTCTCTG_004,91
AGGTCATCATAGCCTCTCTG_005,15
AGGTCATCATAGCCTCTCTG_006,22
AGGTCATCATAGCCTCTCTG_007,157
AGGTCATCATAGCCTCTCTG_008,148
GGAGCAAATATCATGTGTCC_001,158
GGAGCAAATATCATGTGTCC_002,168
GGAGCAAATATCATGTGTCC_003,174
GGAGCAAATATCATGTGTCC_004,35
GGAGCAAATATCATGTGTCC_005,179
GGAGCAAATATCATGTGTCC_006,41
GGAGCAAATATCATGTGTCC_007,140
GGAGCAAATATCATGTGTCC_008,146
GGAGCAAATATCATGTGTCC_009,29
GGAGCAAATATCATGTGTCC_010,72
GGAGCAAATATCATGTGTCC_011,124
AACATGATTCTGGACGACGG_001,96
AACATGATTCTGGACGACGG_002,12
AACATGATTCTGGACGACGG_003,22
AACATGATTCTGGACGACGG_004,149
GGCAACTCCAGGTCAAACCT_001,94
GGCAACTCCAGGTCAAACCT_002,193
GGCAACTCCAGGTCAAACCT_003,144
GGCAACTCCAGGTCAAACCT_004,169
GGCAACTCCAGGTCAAACCT_005,51
GGCAACTCCAGGTCAAACCT_006,48
GGCAACTCCAGGTCAAACCT_007,157
GGCAACTCCAGGTCAAACCT_008,82
GGCAACTCCAGGTCAAACCT_009,132
GGCAACTCCAGGTCAAACCT_010,9
GGCAACTCCAGGTCAAACCT_011,36
ACCAAGCACCCCGAACGCCG_001,158
ACCAAGCACCCCGAACGCCG_002,62
ACCAAGCACCCCGAACGCCG_003,80
ACCAAGCACCCCGAACGCCG_004,170
ACCAAGCACCCCGAACGCCG_005,51
ACCAAGCACCCCGAACGCCG_006,118
ACCAAGCACCCCGAACGCCG_007,47
ACCAAGCACCCCGAACGCCG_008,175
ACCAAGCACCCCGAACGCCG_009,78
ACCAAGCACCCCGAACGCCG_010,150
ACCAAGCACCCCGAACGCCG_011,145
ACCAAGCACCCCGAACGCCG_012,149
ACCAAGCACCCCGAACGCCG_013,198
ACCAAGCACCCCGAACGCCG_014,132
ACCAAGCACCCCGAACGCCG_015,188
ACCAAGCACCCCGAACGCCG_016,183
ACCAAGCACCCCGAACGCCG_017,118
ACCAAGCACCCCGAACGCCG_018,99
ACCAAGCACCCCGAACGCCG_019,124
ACCAAGCACCCCGAACGCCG_020,170
ACCAAGCACCCCGAACGCCG_021,43
ACCAAGCACCCCGAACGCCG_022,189
ACCAAGCACCCCGAACGCCG_023,184
CTTGGTAAGCAACTCGTGAG_001,191
CTTGGTAAGCAACTCGTGAG_002,174
CTTGGTAAGCAACTCGTGAG_003,65
CTTGGTAAGCAACTCGTGAG_004,189
CTTGGTAAGCAACTCGTGAG_005,178
CTTGGTAAGCAACTCGTGAG_006,8
CTTGGTAAGCAACTCGTGAG_007,160
CTTGGTAAGCAACTCGTGAG_008,47
CTTGGTAAGCAACTCGTGAG_009,125
CTTGGTAAGCAACTCGTGAG_010,111
CTTGGTAAGCAACTCGTGAG_011,127
CTTGGTAAGCAACTCGTGAG_012,41
CTTGGTAAGCAACTCGTGAG_013,2
CTTGGTAAGCAACTCGTGAG_014,155
CTTGGTAAGCAACTCGTGAG_015,150
CTTGGTAAGCAACTCGTGAG_016,23
CTTGGTAAGCAACTCGTGAG_017,157
CTTGGTAAGCAACTCGTGAG_018,29
CTTGGTAAGCAACTCGTGAG_019,168
GCAGCGGCTACGACTCCATG_001,14
GCAGCGGCTACGACTCCATG_002,37
GCAGCGGCTACGACTCCATG_003,121
GCAGCGGCTACGACTCCATG_004,88
GCAGCGGCTACGACTCCATG_005,28
GCAGCGGCTACGACTCCATG_006,94
GCAGCGGCTACGACTCCATG_007,86
GCAGCGGCTACGACTCCATG_008,165
GCAGCGGCTACGACTCCATG_009,40
GCAGCGGCTACGACTCCATG_010,88
GCAGCGGCTACGACTCCATG_011,177
GCAGCGGCTACGACTCCATG_012,163
GCAGCGGCTACGACTCCATG_013,40
GCAGCGGCTACGACTCCATG_014,102
GCAGCGGCTACGACTCCATG_015,111
GCAGCGGCTACGACTCCATG_016,40
GCAGCGGCTACGACTCCATG_017,5
GGTGCGGCGCCAGAGCAAGG_001,169
GGTGCGGCGCCAGAGCAAGG_002,149
GGTGCGGCGCCAGAGCAAGG_003,90
GGTGCGGCGCCAGAGCAAGG_004,52
GGTGCGGCGCCAGAGCAAGG_005,43
GGTGCGGCGCCAGAGCAAGG_006,115
GGTGCGGCGCCAGAGCAAGG_007,70
GGTGCGGCGCCAGAGCAAGG_008,103
GGTGCGGCGCCAGAGCAAGG_009,61
GGTGCGGCGCCAGAGCAAGG_010,75
GGTGCGGCGCCAGAGCAAGG_011,178
GGTGCGGCGCCAGAGCAAGG_012,35
GGTGCGGCGCCAGAGCAAGG_013,0
GGTGCGGCGCCAGAGCAAGG_014,165
GGTGCGGCGCCAGAGCAAGG_015,48
GGTGCGGCGCCAGAGCAAGG_016,77
GGTGCGGCGCCAGAGCAAGG_017,12
GGTGCGGCGCCAGAGCAAGG_018,175
GGTGCGGCGCCAGAGCAAGG_019,5
GGTGCGGCGCCAGAGCAAGG_020,167
GGTGCGGCGCCAGAGCAAGG_021,167
GGTGCGGCGCCAGAGCAAGG_022,138
GGTGCGGCGCCAGAGCAAGG_023,48
GGTGCGGCGCCAGAGCAAGG_024,156
GGTGCGGCGCCAGAGCAAGG_025,148
GGTGCGGCGCCAGAGCAAGG_026,60
GGTGCGGCGCCAGAGCAAGG_027,41
GGTGCGGCGCCAGAGCAAGG_028,34
GGTGCGGCGCCAGAGCAAGG_029,30
GGTGCGGCGCCAGAGCAAGG_030,175
GGTGCGGCGCCAGAGCAAGG_031,102
GGTGCGGCGCCAGAGCAAGG_032,130
GGTGCGGCGCCAGAGCAAGG_033,197
GGTGCGGCGCCAGAGCAAGG_034,166
GGTGCGGCGCCAGAGCAAGG_035,29
GGTGCGGCGCCAGAGCAAGG_036,156
GGTGCGGCGCCAGAGCAAGG_037,91
GTACATCTAAGGGCAAATGG_001,46
GTACATCTAAGGGCAAATGG_002,124
GTACATCTAAGGGCAAATGG_003,68
GTACATCTAAGGGCAAATGG_004,38
GTACATCTAAGGGCAAATGG_005,108
GTACATCTAAGGGCAAATGG_006,139
GTACATCTAAGGGCAAATGG_007,92
GTACATCTAAGGGCAAATGG_008,149
GTACATCTAAGGGCAAATGG_009,170
GTACATCTAAGGGCAAATGG_010,86
GTACATCTAAGGGCAAATGG_011,197
GTACATCTAAGGGCAAATGG_012,57
GTACATCTAAGGGCAAATGG_013,196
GTACATCTAAGGGCAAATGG_014,136
AGAGCCTGAAGAATTTGTCG_001,62
AGAGCCTGAAGAATTTGTCG_002,88
AGAGCCTGAAGAATTTGTCG_003,48
CCGCGGAGCTGCAACTCGAG_001,27
CCGCGGAGCTGCAACTCGAG_002,56
CCGCGGAGCTGCAACTCGAG_003,21
CCGCGGAGCTGCAACTCGAG_004,5
CCGCGGAGCTGCAACTCGAG_005,5
CCGCGGAGCTGCAACTCGAG_006,175
CCGCGGAGCTGCAACTCGAG_007,58
CCGCGGAGCTGCAACTCGAG_008,5
CCGCGGAGCTGCAACTCGAG_009,147
CCGCGGAGCTGCAACTCGAG_010,8
CCGCGGAGCTGCAACTCGAG_011,106
CCGCGGAGCTGCAACTCGAG_012,139
CCGCGGAGCTGCAACTCGAG_013,184
CCGCGGAGCTGCAACTCGAG_014,144
CCGCGGAGCTGCAACTCGAG_015,38
CCGCGGAGCTGCAACTCGAG_016,105
CCGCGGAGCTGCAACTCGAG_017,140
AGACAAGGCCCACCACAGAA_001,102
AGACAAGGCCCACCACAGAA_002,114
AGACAAGGCCCACCACAGAA_003,114
AGACAAGGCCCACCACAGAA_004,107
AGACAAGGCCCACCACAGAA_005,24
AGACAAGGCCCACCACAGAA_006,62
AGACAAGGCCCACCACAGAA_007,156
AGACAAGGCCCACCACAGAA_008,43
AGACAAGGCCCACCACAGAA_009,61
AGACAAGGCCCACCACAGAA_010,106
AGACAAGGCCCACCACAGAA_011,170
AGACAAGGCCCACCACAGAA_012,15
AGACAAGGCCCACCACAGAA_013,170
AGACAAGGCCCACCACAGAA_014,184
AGACAAGGCCCACCACAGAA_015,92
AGACAAGGCCCACCACAGAA_016,98
AGACAAGGCCCACCACAGAA_017,65
AGACAAGGCCCACCACAGAA_018,60
AGACAAGGCCCACCACAGAA_019,194
AGACAAGGCCCACCACAGAA_020,111
AGACAAGGCCCACCACAGAA_021,124
AGACAAGGCCCACCACAGAA_022,15
AGACAAGGCCCACCACAGAA_023,180
AGACAAGGCCCACCACAGAA_024,39
AGACAAGGCCCACCACAGAA_025,199
AGACAAGGCCCACCACAGAA_026,76
AGACAAGGCCCACCACAGAA_027,188
AGACAAGGCCCACCACAGAA_028,128
TAGACATGAATGACTACCAG_001,78
TAGACATGAATGACTACCAG_002,127
TAGACATGAATGACTACCAG_003,48
TAGACATGAATGACTACCAG_004,164
TAGACATGAATGACTACCAG_005,27
TAGACATGAATGACTACCAG_006,27
TAGACATGAATGACTACCAG_007,81
TAGACATGAATGACTACCAG_008,116
TGGTGGAAAACTGCTGATCG_001,4
TGGTGGAAAACTGCTGATCG_002,191
TGGTGGAAAACTGCTGATCG_003,17
TGGTGGAAAACTGCTGATCG_004,177
TGGTGGAAAACTGCTGATCG_005,10
TGGTGGAAAACTGCTGATCG_006,162
TGGTGGAAAACTGCTGATCG_007,185
TGGTGGAAAACTGCTGATCG_008,70
TAGCCATCAGTGCATTGCGG_001,101
TAGCCATCAGTGCATTGCGG_002,69
TAGCCATCAGTGCATTGCGG_003,12
TAGCCATCAGTGCATTGCGG_004,172
TAGCCATCAGTGCATTGCGG_005,147
TAGCCATCAGTGCATTGCGG_006,1
TAGCCATCAGTGCATTGCGG_007,42
TAGCCATCAGTGCATTGCGG_008,11
TAGCCATCAGTGCATTGCGG_009,92
TAGCCATCAGTGCATTGCGG_010,3
TAGCCATCAGTGCATTGCGG_011,10
TAGCCATCAGTGCATTGCGG_012,45
TAGCCATCAGTGCATTGCGG_013,121
TAGCCATCAGTGCATTGCGG_014,101
TAGCCATCAGTGCATTGCGG_015,193
TAGCCATCAGTGCATTGCGG_016,15
TAGCCATCAGTGCATTGCGG_017,49
TAGCCATCAGTGCATTGCGG_018,43
TAGCCATCAGTGCATTGCGG_019,99
AGACATCCAGGTTATAAAGA_001,137
CCTGCTGCCGAGCATCCGAG_001,127
CCTGCTGCCGAGCATCCGAG_002,29
CCTGCTGCCGAGCATCCGAG_003,78
CCTGCTGCCGAGCATCCGAG_004,40
CCTGCTGCCGAGCATCCGAG_005,48
CCTGCTGCCGAGCATCCGAG_006,70
CCTGCTGCCGAGCATCCGAG_007,60
CCTGCTGCCGAGCATCCGAG_008,116
CCTGCTGCCGAGCATCCGAG_009,48
CCTGCTGCCGAGCATCCGAG_010,127
CCTGCTGCCGAGCATCCGAG_011,175
CCTGCTGCCGAGCATCCGAG_012,185
CCTGCTGCCGAGCATCCGAG_013,102
CCTGCTGCCGAGCATCCGAG_014,120
CCTGCTGCCGAGCATCCGAG_015,14
CCTGCTGCCGAGCATCCGAG_016,104
CCTGCTGCCGAGCATCCGAG_017,52
CCTGCTGCCGAGCATCCGAG_018,196
CCTGCTGCCGAGCATCCGAG_019,27
CCTGCTGCCGAGCATCCGAG_020,146
CCTGCTGCCGAGCATCCGAG_021,68
CCTGCTGCCGAGCATCCGAG_022,63
CCTGCTGCCGAGCATCCGAG_023,70
CCTGCTGCCGAGCATCCGAG_024,160
CCTGCTGCCGAGCATCCGAG_025,120
CCTGCTGCCGAGCATCCGAG_026,94
CCTGCTGCCGAGCATCCGAG_027,121
GCACAGTTGCATAGCGCAAG_001,56
GCACAGTTGCATAGCGCAAG_002,4
GCACAGTTGCATAGCGCAAG_003,191
GCACAGTTGCATAGCGCAAG_004,88
GCACAGTTGCATAGCGCAAG_005,32
GCACAGTTGCATAGCGCAAG_006,34
GCACAGTTGCATAGCGCAAG_007,27
GCACAGTTGCATAGCGCAAG_008,81
GCACAGTTGCATAGCGCAAG_009,172
GCACAGTTGCATAGCGCAAG_010,59
GCACAGTTGCATAGCGCAAG_011,178
CAGGTCCCGTAGCTCAGAAG_001,61
CAGGTCCCGTAGCTCAGAAG_002,160
CAGGTCCCGTAGCTCAGAAG_003,83
CAGGTCCCGTAGCTCAGAAG_004,158
ACAAGAGAAAAACCTTTCCA_001,53
ACAAGAGAAAAACCTTTCCA_002,48
ACAAGAGAAAAACCTTTCCA_003,75
ACAAGAGAAAAACCTTTCCA_004,33
ACAAGAGAAAAACCTTTCCA_005,136
ACAAGAGAAAAACCTTTCCA_006,9
ACAAGAGAAAAACCTTTCCA_007,49
ACAAGAGAAAAACCTTTCCA_008,42
ACAAGAGAAAAACCTTTCCA_009,115
ACAAGAGAAAAACCTTTCCA_010,68
TAATATCAAGGATCCAAAAG_001,43
TAATATCAAGGATCCAAAAG_002,116
TAATATCAAGGATCCAAAAG_003,107
TAATATCAAGGATCCAAAAG_004,41
TAATATCAAGGATCCAAAAG_005,140
TTGGAGGAGTCGATGCACAA_001,53
TTGGAGGAGTCGATGCACAA_002,115
TTGGAGGAGTCGATGCACAA_003,175
TTGGAGGAGTCGATGCACAA_004,77
TTGGAGGAGTCGATGCACAA_005,184
TTGGAGGAGTCGATGCACAA_006,50
TTGGAGGAGTCGATGCACAA_007,172
TTGGAGGAGTCGATGCACAA_008,28
TTGGAGGAGTCGATGCACAA_009,6
TTGGAGGAGTCGATGCACAA_010,132
TTGGAGGAGTCGATGCACAA_011,191
TTGGAGGAGTCGATGCACAA_012,107
TTGGAGGAGTCGATGCACAA_013,57
TTGGAGGAGTCGATGCACAA_014,152
TTGGAGGAGTCGATGCACAA_015,199
TTGGAGGAGTCGATGCACAA_016,16
TTGGAGGAGTCGATGCACAA_017,33
TTGGAGGAGTCGATGCACAA_018,105
TTGGAGGAGTCGATGCACAA_019,26
TTGGAGGAGTCGATGCACAA_020,68
TTGGAGGAGTCGATGCACAA_021,82
TTGGAGGAGTCGATGCACAA_022,48
TTGGAGGAGTCGATGCACAA_023,105
TTGGAGGAGTCGATGCACAA_024,97
TTGGAGGAGTCGATGCACAA_025,38
TTGGAGGAGTCGATGCACAA_026,34
TTGGAGGAGTCGATGCACAA_027,175
TTGGAGGAGTCGATGCACAA_028,194
TTGGAGGAGTCGATGCACAA_029,114
TTGGAGGAGTCGATGCACAA_030,165
TTGGAGGAGTCGATGCACAA_031,139
TTGGAGGAGTCGATGCACAA_032,110
TTGGAGGAGTCGATGCACAA_033,189
TTGGAGGAGTCGATGCACAA_034,88
TTGGAGGAGTCGATGCACAA_035,174
TTGGAGGAGTCGATGCACAA_036,17
TTGGAGGAGTCGATGCACAA_037,183
TTGGAGGAGTCGATGCACAA_038,139
TTGGAGGAGTCGATGCACAA_039,90
TTGGAGGAGTCGATGCACAA_040,3
TTGGAGGAGTCGATGCACAA_041,172
CAAGTACCTGGGTCACGTGG_001,82
CAAGTACCTGGGTCACGTGG_002,196
CAAGTACCTGGGTCACGTGG_003,98
CTGAAGACCCTACCTCACCA_001,145
CTGAAGACCCTACCTCACCA_002,70
CTGAAGACCCTACCTCACCA_003,174
CTGAAGACCCTACCTCACCA_004,133
CTGAAGACCCTACCTCACCA_005,136
CTGAAGACCCTACCTCACCA_006,152
CTGAAGACCCTACCTCACCA_007,3
CTGAAGACCCTACCTCACCA_008,8
TGGAGTGACCACATAGCCTG_001,178
TGGAGTGACCACATAGCCTG_002,146
TGGAGTGACCACATAGCCTG_003,130
TGGAGTGACCACATAGCCTG_004,43
TGGAGTGACCACATAGCCTG_005,170
GCCTATGAAAAATAGAATGG_001,144
GCCTATGAAAAATAGAATGG_002,60
GCCTATGAAAAATAGAATGG_003,9
GCCTATGAAAAATAGAATGG_004,185
AACCACGTGCTAGACTCGGG_001,69
AACCACGTGCTAGACTCGGG_002,129
AACCACGTGCTAGACTCGGG_003,50
AACCACGTGCTAGACTCGGG_004,61
AACCACGTGCTAGACTCGGG_005,181
AACCACGTGCTAGACTCGGG_006,198
AACCACGTGCTAGACTCGGG_007,52
AACCACGTGCTAGACTCGGG_008,175
AACCACGTGCTAGACTCGGG_009,115
AACCACGTGCTAGACTCGGG_010,88
AACCACGTGCTAGACTCGGG_011,140
AACCACGTGCTAGACTCGGG_012,62
AACCACGTGCTAGACTCGGG_013,100
AACCACGTGCTAGACTCGGG_014,121
AACCACGTGCTAGACTCGGG_015,108
AACCACGTGCTAGACTCGGG_016,147
AACCACGTGCTAGACTCGGG_017,90
AACCACGTGCTAGACTCGGG_018,180
AACCACGTGCTAGACTCGGG_019,173
CAAAGTAGATTCGAACTCCA_001,110
CAAAGTAGATTCGAACTCCA_002,40
CAAAGTAGATTCGAACTCCA_003,47
CAAAGTAGATTCGAACTCCA_004,185
GAAGCAGTTCCAACTTTACG_001,11
GAAGCAGTTCCAACTTTACG_002,88
GAAGCAGTTCCAACTTTACG_003,112
GAAGCAGTTCCAACTTTACG_004,82
GAAGCAGTTCCAACTTTACG_005,15
GAAGCAGTTCCAACTTTACG_006,1
GAAGCAGTTCCAACTTTACG_007,49
GAAGCAGTTCCAACTTTACG_008,158
GAAGCAGTTCCAACTTTACG_009,17
GAAGCAGTTCCAACTTTACG_010,80
GAAGCAGTTCCAACTTTACG_011,148
GAAGCAGTTCCAACTTTACG_012,187
GAAGCAGTTCCAACTTTACG_013,37
GAAGCAGTTCCAACTTTACG_014,172
AGCTGTGTATGTGTTACATG_001,165
AGCTGTGTATGTGTTACATG_002,68
AGCTGTGTATGTGTTACATG_003,154
AGCTGTGTATGTGTTACATG_004,162
AGCTGTGTATGTGTTACATG_005,157
AGCTGTGTATGTGTTACATG_006,105
AGCTGTGTATGTGTTACATG_007,61
AGCTGTGTATGTGTTACATG_008,74
AGCTGTGTATGTGTTACATG_009,150
ATGGATACCTCGAGGCAGGG_001,115
ATGGATACCTCGAGGCAGGG_002,59
ATGGATACCTCGAGGCAGGG_003,137
ATGGATACCTCGAGGCAGGG_004,68
ATGGATACCTCGAGGCAGGG_005,51
ATGGATACCTCGAGGCAGGG_006,189
ATGGATACCTCGAGGCAGGG_007,181
ATGGATACCTCGAGGCAGGG_008,189
ATGGATACCTCGAGGCAGGG_009,19
ATGGATACCTCGAGGCAGGG_010,82
ATGGATACCTCGAGGCAGGG_011,48
ATGGATACCTCGAGGCAGGG_012,117
ATGGATACCTCGAGGCAGGG_013,74
ATGGATACCTCGAGGCAGGG_014,162
ATGGATACCTCGAGGCAGGG_015,191
ATGGATACCTCGAGGCAGGG_016,12
ATGGATACCTCGAGGCAGGG_017,77
ATGGATACCTCGAGGCAGGG_018,6
ATGGATACCTCGAGGCAGGG_019,112
ATGGATACCTCGAGGCAGGG_020,152
ATGGATACCTCGAGGCAGGG_021,160
ATGGATACCTCGAGGCAGGG_022,43
ATGGATACCTCGAGGCAGGG_023,4
ATGGATACCTCGAGGCAGGG_024,6
ATGGATACCTCGAGGCAGGG_025,154
ATGGATACCTCGAGGCAGGG_026,142
CCCCGTGTGGGCAGTCACGT_001,197
CCCCGTGTGGGCAGTCACGT_002,27
CCCCGTGTGGGCAGTCACGT_003,184
CCCCGTGTGGGCAGTCACGT_004,28
CCCCGTGTGGGCAGTCACGT_005,34
CCCCGTGTGGGCAGTCACGT_006,64
CCCCGTGTGGGCAGTCACGT_007,132
CCCCGTGTGGGCAGTCACGT_008,168
CCCCGTGTGGGCAGTCACGT_009,147
CCCCGTGTGGGCAGTCACGT_010,53
CCCCGTGTGGGCAGTCACGT_011,12
CCCCGTGTGGGCAGTCACGT_012,198
CCCCGTGTGGGCAGTCACGT_013,15
GTTGACACGTACCAACCGGA_001,52
GTTGACACGTACCAACCGGA_002,186
GTTGACACGTACCAACCGGA_003,9
GTTGACACGTACCAACCGGA_004,149
GTTGACACGTACCAACCGGA_005,47
GTTGACACGTACCAACCGGA_006,20
GTTGACACGTACCAACCGGA_007,169
GTTGACACGTACCAACCGGA_008,188
GTCTGTGGGGGAATGAACAT_001,127
GTCTGTGGGGGAATGAACAT_002,102
GTCTGTGGGGGAATGAACAT_003,84
GTCTGTGGGGGAATGAACAT_004,114
GTCTGTGGGGGAATGAACAT_005,159
GTCTGTGGGGGAATGAACAT_006,61
GTCTGTGGGGGAATGAACAT_007,72
GTCTGTGGGGGAATGAACAT_008,83
GTCTGTGGGGGAATGAACAT_009,15
GTCTGTGGGGGAATGAACAT_010,27
GTCTGTGGGGGAATGAACAT_011,37
GTCTGTGGGGGAATGAACAT_012,102
GTCTGTGGGGGAATGAACAT_013,89
GTCTGTGGGGGAATGAACAT_014,96
GTCTGTGGGGGAATGAACAT_015,78
GTCTGTGGGGGAATGAACAT_016,93
GGCATCGGTGGTGGCGCCTG_001,194
GGCATCGGTGGTGGCGCCTG_002,152
GGCATCGGTGGTGGCGCCTG_003,81
GGCATCGGTGGTGGCGCCTG_004,28
GGCATCGGTGGTGGCGCCTG_005,106
GGCATCGGTGGTGGCGCCTG_006,116
GGCATCGGTGGTGGCGCCTG_007,48
GGCATCGGTGGTGGCGCCTG_008,12
AAAGCCATATGTATCCCTGA_001,68
AAAGCCATATGTATCCCTGA_002,62
AAAGCCATATGTATCCCTGA_003,162
AAAGCCATATGTATCCCTGA_004,9
GAGCTTTGATATTACCAACG_001,175
GAGCTTTGATATTACCAACG_002,144
TGCTTGAGAATCAGCCACCT_001,151
TGCTTGAGAATCAGCCACCT_002,1
TGCTTGAGAATCAGCCACCT_003,77
TGCTTGAGAATCAGCCACCT_004,137
TGCTTGAGAATCAGCCACCT_005,175
TGCTTGAGAATCAGCCACCT_006,94
TGCTTGAGAATCAGCCACCT_007,34
TGCTTGAGAATCAGCCACCT_008,19
TGCTTGAGAATCAGCCACCT_009,105
TGCTTGAGAATCAGCCACCT_010,29
TGCTTGAGAATCAGCCACCT_011,190
TGCTTGAGAATCAGCCACCT_012,168
TGCTTGAGAATCAGCCACCT_013,174
TGCTTGAGAATCAGCCACCT_014,22
TGCTTGAGAATCAGCCACCT_015,52
GTGCAATAGGAACCGCACAC_001,121
GTGCAATAGGAACCGCACAC_002,21
GTGCAATAGGAACCGCACAC_003,116
GTGCAATAGGAACCGCACAC_004,45
GTGCAATAGGAACCGCACAC_005,117
GTGCAATAGGAACCGCACAC_006,70
GTGCAATAGGAACCGCACAC_007,102
GTGCAATAGGAACCGCACAC_008,70
GTGCAATAGGAACCGCACAC_009,175
GTGCAATAGGAACCGCACAC_010,175
GTGCAATAGGAACCGCACAC_011,68
GTGCAATAGGAACCGCACAC_012,68
GTGCAATAGGAACCGCACAC_013,102
GTGCAATAGGAACCGCACAC_014,91
GTGCAATAGGAACCGCACAC_015,65
GTGCAATAGGAACCGCACAC_016,106
GTGCAATAGGAACCGCACAC_017,147
GTGCAATAGGAACCGCACAC_018,22
GTGCAATAGGAACCGCACAC_019,5
GTGCAATAGGAACCGCACAC_020,87
GTGCAATAGGAACCGCACAC_021,179
GTGCAATAGGAACCGCACAC_022,157
GTGCAATAGGAACCGCACAC_023,103
GTGCAATAGGAACCGCACAC_024,122
GTGCAATAGGAACCGCACAC_025,19
GTGCAATAGGAACCGCACAC_026,61
GTGCAATAGGAACCGCACAC_027,69
GTGCAATAGGAACCGCACAC_028,108
GTGCAATAGGAACCGCACAC_029,108
GTGCAATAGGAACCGCACAC_030,189
GTGCAATAGGAACCGCACAC_031,7
GTGCAATAGGAACCGCACAC_032,6
GTGCAATAGGAACCGCACAC_033,118
GTGCAATAGGAACCGCACAC_034,12
GTGCAATAGGAACCGCACAC_035,103
GTGCAATAGGAACCGCACAC_036,120
GTGCAATAGGAACCGCACAC_037,104
GTGCAATAGGAACCGCACAC_038,111
GTGCAATAGGAACCGCACAC_039,126
GTGCAATAGGAACCGCACAC_040,124
GTGCAATAGGAACCGCACAC_041,62
GTGCAATAGGAACCGCACAC_042,61
GTGCAATAGGAACCGCACAC_043,50
GTGCAATAGGAACCGCACAC_044,17
GAGGCACAGGGCGACCAGCG_001,116
GAGGCACAGGGCGACCAGCG_002,114
GAGGCACAGGGCGACCAGCG_003,165
GAGGCACAGGGCGACCAGCG_004,19
GAGGCACAGGGCGACCAGCG_005,184
GAGGCACAGGGCGACCAGCG_006,96
GAGGCACAGGGCGACCAGCG_007,70
GAGGCACAGGGCGACCAGCG_008,96
GAGGCACAGGGCGACCAGCG_009,33
GAGGCACAGGGCGACCAGCG_010,112
GAGGCACAGGGCGACCAGCG_011,175
GAGGCACAGGGCGACCAGCG_012,113
GAGGCACAGGGCGACCAGCG_013,22
GAGGCACAGGGCGACCAGCG_014,45
GAGGCACAGGGCGACCAGCG_015,148
GAGGCACAGGGCGACCAGCG_016,38
GAGGCACAGGGCGACCAGCG_017,13
GAGGCACAGGGCGACCAGCG_018,114
GAGGCACAGGGCGACCAGCG_019,37
GAGGCACAGGGCGACCAGCG_020,91
GAGGCACAGGGCGACCAGCG_021,149
GAGGCACAGGGCGACCAGCG_022,78
GAGGCACAGGGCGACCAGCG_023,183
GAGGCACAGGGCGACCAGCG_024,183
GAGGCACAGGGCGACCAGCG_025,88
GAGGCACAGGGCGACCAGCG_026,88
GAGGCACAGGGCGACCAGCG_027,17
GAGGCACAGGGCGACCAGCG_028,70
GAGGCACAGGGCGACCAGCG_029,40
GAGGCACAGGGCGACCAGCG_030,23
GAGGCACAGGGCGACCAGCG_031,114
GAGGCACAGGGCGACCAGCG_032,168
GAGGCACAGGGCGACCAGCG_033,191
GAGGCACAGGGCGACCAGCG_034,191
GAGGCACAGGGCGACCAGCG_035,76
GAGGCACAGGGCGACCAGCG_036,115
GAGGCACAGGGCGACCAGCG_037,28
GAGGCACAGGGCGACCAGCG_038,158
GAGGCACAGGGCGACCAGCG_039,31
GAGGCACAGGGCGACCAGCG_040,28
CAATTTCACCGAAATAGACG_001,59
CAATTTCACCGAAATAGACG_002,135
CAATTTCACCGAAATAGACG_003,121
CAATTTCACCGAAATAGACG_004,199
CAATTTCACCGAAATAGACG_005,158
CAATTTCACCGAAATAGACG_006,116
CAATTTCACCGAAATAGACG_007,67
ATGCTCAACCTCTAACACAT_001,196
ATGCTCAACCTCTAACACAT_002,163
ATGCTCAACCTCTAACACAT_003,176
ATGCTCAACCTCTAACACAT_004,70
ATGCTCAACCTCTAACACAT_005,113
ATGCTCAACCTCTAACACAT_006,119
ATGCTCAACCTCTAACACAT_007,135
ATGCTCAACCTCTAACACAT_008,199
ATGCTCAACCTCTAACACAT_009,151
CATGTACAACCTGAGATGCG_001,69
CATGTACAACCTGAGATGCG_002,49
CATGTACAACCTGAGATGCG_003,183
CATGTACAACCTGAGATGCG_004,26
CATGTACAACCTGAGATGCG_005,160
CATGTACAACCTGAGATGCG_006,1
CATGTACAACCTGAGATGCG_007,142
CATGTACAACCTGAGATGCG_008,117
CATGTACAACCTGAGATGCG_009,41
CATGTACAACCTGAGATGCG_010,165
CATGTACAACCTGAGATGCG_011,89
CATGTACAACCTGAGATGCG_012,51
CATGTACAACCTGAGATGCG_013,106
CATGTACAACCTGAGATGCG_014,138
CATGTACAACCTGAGATGCG_015,138
CATGTACAACCTGAGATGCG_016,37
CCTTGGCTGCAAAAGGAAGA_001,112
CCTTGGCTGCAAAAGGAAGA_002,1
CCTTGGCTGCAAAAGGAAGA_003,150
CCTTGGCTGCAAAAGGAAGA_004,95
CCTTGGCTGCAAAAGGAAGA_005,95
CCTTGGCTGCAAAAGGAAGA_006,110
CCTTGGCTGCAAAAGGAAGA_007,93
CCTTGGCTGCAAAAGGAAGA_008,100
CCTTGGCTGCAAAAGGAAGA_009,61
CCTTGGCTGCAAAAGGAAGA_010,42
CCTTGGCTGCAAAAGGAAGA_011,190
CCTTGGCTGCAAAAGGAAGA_012,178
CCTTGGCTGCAAAAGGAAGA_013,4
CCTTGGCTGCAAAAGGAAGA_014,113
CCTTGGCTGCAAAAGGAAGA_015,40
CCTTGGCTGCAAAAGGAAGA_016,146
CCTTGGCTGCAAAAGGAAGA_017,110
GCCGGATGATCAGATCCCAA_001,129
GCCGGATGATCAGATCCCAA_002,188
GCCGGATGATCAGATCCCAA_003,27
GCCGGATGATCAGATCCCAA_004,40
GCCGGATGATCAGATCCCAA_005,94
GCCGGATGATCAGATCCCAA_006,127
GCCGGATGATCAGATCCCAA_007,145
GCCGGATGATCAGATCCCAA_008,184
GCCGGATGATCAGATCCCAA_009,76
GCCGGATGATCAGATCCCAA_010,115
GCCGGATGATCAGATCCCAA_011,78
GCCGGATGATCAGATCCCAA_012,33
GCCGGATGATCAGATCCCAA_013,185
ACTGCAATGAATGTTGCAGA_001,5
ACTGCAATGAATGTTGCAGA_002,4
ACTGCAATGAATGTTGCAGA_003,108
ACTGCAATGAATGTTGCAGA_004,160
ACTGCAATGAATGTTGCAGA_005,1
ACTGCAATGAATGTTGCAGA_006,150
GCTGCTCTTCACTTGCAGTG_001,63
GCTGCTCTTCACTTGCAGTG_002,100
GCTGCTCTTCACTTGCAGTG_003,158
GCTGCTCTTCACTTGCAGTG_004,128
ACTAGGGCTTGTATGCTGTG_001,7
ACTAGGGCTTGTATGCTGTG_002,124
ACTAGGGCTTGTATGCTGTG_003,177
ACTAGGGCTTGTATGCTGTG_004,171
ACTAGGGCTTGTATGCTGTG_005,186
ACTAGGGCTTGTATGCTGTG_006,83
ACTAGGGCTTGTATGCTGTG_007,159
ACTAGGGCTTGTATGCTGTG_008,63
ACTAGGGCTTGTATGCTGTG_009,14
ACTAGGGCTTGTATGCTGTG_010,58
GGCATCACGGGGCTATATCG_001,67
GGCATCACGGGGCTATATCG_002,65
GGCATCACGGGGCTATATCG_003,15
GGCATCACGGGGCTATATCG_004,184
GGCATCACGGGGCTATATCG_005,35
GGCATCACGGGGCTATATCG_006,154
GGCATCACGGGGCTATATCG_007,17
GGCATCACGGGGCTATATCG_008,56
GGCCACATTACGGGCCCTAG_001,48
GGCCACATTACGGGCCCTAG_002,94
GTCGATAAGCTGCACTCACG_001,165
GTCGATAAGCTGCACTCACG_002,101
GTCGATAAGCTGCACTCACG_003,170
TCGATGTACATTTCGAGCAG_001,123
TCGATGTACATTTCGAGCAG_002,83
TCGATGTACATTTCGAGCAG_003,94
GAAAATCCTTAAGTCTGAGT_001,64
GAAAATCCTTAAGTCTGAGT_002,154
GAAAATCCTTAAGTCTGAGT_003,179
AAGTGACGGTGTCATGCGGG_001,147
AAGTGACGGTGTCATGCGGG_002,148
AAGTGACGGTGTCATGCGGG_003,162
AAGTGACGGTGTCATGCGGG_004,58
AAGTGACGGTGTCATGCGGG_005,58
AAGTGACGGTGTCATGCGGG_006,88
AAGTGACGGTGTCATGCGGG_007,75
AAGTGACGGTGTCATGCGGG_008,50
GGCCACGCCTTCACCCTCGT_001,56
GGCCACGCCTTCACCCTCGT_002,117
GGCCACGCCTTCACCCTCGT_003,191
GGCCACGCCTTCACCCTCGT_004,33
GGCCACGCCTTCACCCTCGT_005,165
GGCCACGCCTTCACCCTCGT_006,66
GGCCACGCCTTCACCCTCGT_007,89
GGCCACGCCTTCACCCTCGT_008,44
GGCCACGCCTTCACCCTCGT_009,77
GGCCACGCCTTCACCCTCGT_010,113
GGCCACGCCTTCACCCTCGT_011,82
GGCCACGCCTTCACCCTCGT_012,38
GGCCACGCCTTCACCCTCGT_013,102
GGCCACGCCTTCACCCTCGT_014,180
GGCCACGCCTTCACCCTCGT_015,40
CGATCTTTGAAAGTGCTGAG_001,23
CGATCTTTGAAAGTGCTGAG_002,56
CGATCTTTGAAAGTGCTGAG_003,41
CGATCTTTGAAAGTGCTGAG_004,132
CGATCTTTGAAAGTGCTGAG_005,145
TTACAGATACTGTGGATGGT_001,153
TTACAGATACTGTGGATGGT_002,17
TTACAGATACTGTGGATGGT_003,126
TTACAGATACTGTGGATGGT_004,105
GATCAGCAAACACTGCTGTC_001,179
GATCAGCAAACACTGCTGTC_002,14
GATCAGCAAACACTGCTGTC_003,74
GATCAGCAAACACTGCTGTC_004,15
GATCAGCAAACACTGCTGTC_005,83
GATCAGCAAACACTGCTGTC_006,52
GATCAGCAAACACTGCTGTC_007,127
GATCAGCAAACACTGCTGTC_008,88
GATCAGCAAACACTGCTGTC_009,115
GATCAGCAAACACTGCTGTC_010,184
GATCAGCAAACACTGCTGTC_011,61
GATCAGCAAACACTGCTGTC_012,141
GATCAGCAAACACTGCTGTC_013,70
GATCAGCAAACACTGCTGTC_014,114
GATCAGCAAACACTGCTGTC_015,121
GATCAGCAAACACTGCTGTC_016,72
GATCAGCAAACACTGCTGTC_017,81
GATCAGCAAACACTGCTGTC_018,10
GATCAGCAAACACTGCTGTC_019,43
GATCAGCAAACACTGCTGTC_020,58
TACCTGAGGAGGTTTCCCCT_001,70
TACCTGAGGAGGTTTCCCCT_002,191
TACCTGAGGAGGTTTCCCCT_003,12
TACCTGAGGAGGTTTCCCCT_004,40
TACCTGAGGAGGTTTCCCCT_005,1
TACCTGAGGAGGTTTCCCCT_006,17
TACCTGAGGAGGTTTCCCCT_007,50
TACCTGAGGAGGTTTCCCCT_008,172
TACCTGAGGAGGTTTCCCCT_009,107
TACCTGAGGAGGTTTCCCCT_010,101
TACCTGAGGAGGTTTCCCCT_011,15
TACCTGAGGAGGTTTCCCCT_012,38
TACCTGAGGAGGTTTCCCCT_013,2
TACCTGAGGAGGTTTCCCCT_014,148
TACCTGAGGAGGTTTCCCCT_015,58
TACCTGAGGAGGTTTCCCCT_016,184
TACCTGAGGAGGTTTCCCCT_017,118
TACCTGAGGAGGTTTCCCCT_018,177
TACCTGAGGAGGTTTCCCCT_019,144
TACCTGAGGAGGTTTCCCCT_020,126
TACCTGAGGAGGTTTCCCCT_021,197
CAGCACCTGGGTGACCCGAA_001,77
CAGCACCTGGGTGACCCGAA_002,41
CAGCACCTGGGTGACCCGAA_003,15
CAGCACCTGGGTGACCCGAA_004,175
CAGCACCTGGGTGACCCGAA_005,63
CAGCACCTGGGTGACCCGAA_006,98
CAGCACCTGGGTGACCCGAA_007,82
CAGCACCTGGGTGACCCGAA_008,199
CAGCACCTGGGTGACCCGAA_009,160
CAGCACCTGGGTGACCCGAA_010,127
CAGCACCTGGGTGACCCGAA_011,0
CAGCACCTGGGTGACCCGAA_012,28
GAGAATTCTGGCTCCCTGTA_001,188
GAGAATTCTGGCTCCCTGTA_002,115
GAGAATTCTGGCTCCCTGTA_003,183
GAGAATTCTGGCTCCCTGTA_004,135
GAGAATTCTGGCTCCCTGTA_005,165
GAGAATTCTGGCTCCCTGTA_006,103
GAGAATTCTGGCTCCCTGTA_007,177
GAGAATTCTGGCTCCCTGTA_008,119
GAGAATTCTGGCTCCCTGTA_009,144
GAGAATTCTGGCTCCCTGTA_010,64
GAGAATTCTGGCTCCCTGTA_011,127
GAGAATTCTGGCTCCCTGTA_012,145
GAGAATTCTGGCTCCCTGTA_013,47
GCTGGTCATGTTCACAGTAG_001,153
GCTGGTCATGTTCACAGTAG_002,53
GCTGGTCATGTTCACAGTAG_003,24
GCTGGTCATGTTCACAGTAG_004,8
GCTGGTCATGTTCACAGTAG_005,86
GCTGGTCATGTTCACAGTAG_006,189
GCTGGTCATGTTCACAGTAG_007,163
GCTGGTCATGTTCACAGTAG_008,73
GCTGGTCATGTTCACAGTAG_009,1
GCTGGTCATGTTCACAGTAG_010,51
GTATTCCAAAGAACATTCAA_001,176
GTATTCCAAAGAACATTCAA_002,142
GTATTCCAAAGAACATTCAA_003,190
GTATTCCAAAGAACATTCAA_004,67
GTATTCCAAAGAACATTCAA_005,122
GTATTCCAAAGAACATTCAA_006,31
GTATTCCAAAGAACATTCAA_007,45
GTATTCCAAAGAACATTCAA_008,96
GTATTCCAAAGAACATTCAA_009,120
TGGCTCACTCACCGTCACCC_001,33
TGGCTCACTCACCGTCACCC_002,185
TCGGAGTAGGGTGTTTCGAG_001,159
TCGGAGTAGGGTGTTTCGAG_002,48
TCGGAGTAGGGTGTTTCGAG_003,60
TCGGAGTAGGGTGTTTCGAG_004,65
CGCGCGGCGATCGGACACGA_001,58
CGCGCGGCGATCGGACACGA_002,50
CGCGCGGCGATCGGACACGA_003,53
CGCGCGGCGATCGGACACGA_004,177
CGCGCGGCGATCGGACACGA_005,113
CGCGCGGCGATCGGACACGA_006,60
CGCGCGGCGATCGGACACGA_007,156
CGCGCGGCGATCGGACACGA_008,196
CGCGCGGCGATCGGACACGA_009,147
CGCGCGGCGATCGGACACGA_010,107
CGCGCGGCGATCGGACACGA_011,122
CGCGCGGCGATCGGACACGA_012,169
CGCGCGGCGATCGGACACGA_013,129
CGCGCGGCGATCGGACACGA_014,6
CGCGCGGCGATCGGACACGA_015,53
CGCGCGGCGATCGGACACGA_016,73
CGCGCGGCGATCGGACACGA_017,76
CGCGCGGCGATCGGACACGA_018,108
CGCGCGGCGATCGGACACGA_019,144
CGCGCGGCGATCGGACACGA_020,150
CGCGCGGCGATCGGACACGA_021,32
CGCGCGGCGATCGGACACGA_022,152
TCTTATCATGATCAGTAGCG_001,199
TCTTATCATGATCAGTAGCG_002,76
AGAGGTGAAGGTGATCCAAC_001,94
AGAGGTGAAGGTGATCCAAC_002,163
AGAGGTGAAGGTGATCCAAC_003,27
AGAGGTGAAGGTGATCCAAC_004,118
AGAGGTGAAGGTGATCCAAC_005,2
AGAGGTGAAGGTGATCCAAC_006,0
AGAGGTGAAGGTGATCCAAC_007,105
AGAGGTGAAGGTGATCCAAC_008,172
AGAGGTGAAGGTGATCCAAC_009,83
AGAGGTGAAGGTGATCCAAC_010,24
AGAGGTGAAGGTGATCCAAC_011,160
AGAGGTGAAGGTGATCCAAC_012,194
AGAGGTGAAGGTGATCCAAC_013,16
AGAGGTGAAGGTGATCCAAC_014,47
AGAGGTGAAGGTGATCCAAC_015,194
AGAGGTGAAGGTGATCCAAC_016,45
AGAGGTGAAGGTGATCCAAC_017,79
AGAGGTGAAGGTGATCCAAC_018,166
AGAGGTGAAGGTGATCCAAC_019,77
AGAGGTGAAGGTGATCCAAC_020,49
AGAGGTGAAGGTGATCCAAC_021,144
AGAGGTGAAGGTGATCCAAC_022,194
CCACCACCATCGCCAAGAAG_001,119
CCACCACCATCGCCAAGAAG_002,56
GCCAAGGGCGTAGAGGGACA_001,155
GCCAAGGGCGTAGAGGGACA_002,56
GCCAAGGGCGTAGAGGGACA_003,149
GCCAAGGGCGTAGAGGGACA_004,16
GCCAAGGGCGTAGAGGGACA_005,119
GGACAGCATCCAATACGGCA_001,102
GGACAGCATCCAATACGGCA_002,61
AAGTATTCATCCGGGCCACA_001,183
AAGTATTCATCCGGGCCACA_002,43
AAGTATTCATCCGGGCCACA_003,169
AAGTATTCATCCGGGCCACA_004,125
AAGTATTCATCCGGGCCACA_005,118
AAGTATTCATCCGGGCCACA_006,150
AAGTATTCATCCGGGCCACA_007,62
AAGTATTCATCCGGGCCACA_008,6
AAGTATTCATCCGGGCCACA_009,142
AAGTATTCATCCGGGCCACA_010,20
AAGTATTCATCCGGGCCACA_011,168
GGAGTGACCCAGACAAAGGG_001,23
GGAGTGACCCAGACAAAGGG_002,23
GGAGTGACCCAGACAAAGGG_003,103
GGAGTGACCCAGACAAAGGG_004,1
GGAGTGACCCAGACAAAGGG_005,136
GGAGTGACCCAGACAAAGGG_006,78
GGAGTGACCCAGACAAAGGG_007,49
GGAGTGACCCAGACAAAGGG_008,25
GGAGTGACCCAGACAAAGGG_009,27
GGAGTGACCCAGACAAAGGG_010,145
GGAGTGACCCAGACAAAGGG_011,68
GGAGTGACCCAGACAAAGGG_012,52
GGAGTGACCCAGACAAAGGG_013,56
GGAGTGACCCAGACAAAGGG_014,50
GGAGTGACCCAGACAAAGGG_015,148
GGAGTGACCCAGACAAAGGG_016,49
GGAGTGACCCAGACAAAGGG_017,26
GGAGTGACCCAGACAAAGGG_018,97
AGGACACTTACCCGACACGG_001,138
AGGACACTTACCCGACACGG_002,7
AGGACACTTACCCGACACGG_003,63
AGGACACTTACCCGACACGG_004,63
AGGACACTTACCCGACACGG_005,177
CGGCAAGGTCAACCTACCAG_001,84
CGGCAAGGTCAACCTACCAG_002,184
CGGCAAGGTCAACCTACCAG_003,188
CGGCAAGGTCAACCTACCAG_004,157
CGGCAAGGTCAACCTACCAG_005,27
CGGCAAGGTCAACCTACCAG_006,198
CGGCAAGGTCAACCTACCAG_007,129
CGGCAAGGTCAACCTACCAG_008,194
CGGCAAGGTCAACCTACCAG_009,75
CGGCAAGGTCAACCTACCAG_010,109
CGGCAAGGTCAACCTACCAG_011,57
CGGCAAGGTCAACCTACCAG_012,177
CGGCAAGGTCAACCTACCAG_013,38
CGGCAAGGTCAACCTACCAG_014,78
CGGCAAGGTCAACCTACCAG_015,23
CGGCAAGGTCAACCTACCAG_016,138
CGGCAAGGTCAACCTACCAG_017,145
CGGCAAGGTCAACCTACCAG_018,83
CGGCAAGGTCAACCTACCAG_019,170
TGTCCGAACTGAATATTACA_001,27
TGTCCGAACTGAATATTACA_002,145
ACTCGAAGGTCACAAATTCG_001,49
ACTCGAAGGTCACAAATTCG_002,113
ACTCGAAGGTCACAAATTCG_003,163
ACTCGAAGGTCACAAATTCG_004,58
ACTCGAAGGTCACAAATTCG_005,166
ACTCGAAGGTCACAAATTCG_006,105
ACTCGAAGGTCACAAATTCG_007,146
ACTCGAAGGTCACAAATTCG_008,60
CTTACCATGACAAAGTAACA_001,127
CTTACCATGACAAAGTAACA_002,180
CTGCGAGTCATTGAAATAGG_001,3
CTGCGAGTCATTGAAATAGG_002,119
CTGCGAGTCATTGAAATAGG_003,48
CTGCGAGTCATTGAAATAGG_004,17
CTGCGAGTCATTGAAATAGG_005,111
GATGATGACCACGAACGTAT_001,88
GATGATGACCACGAACGTAT_002,174
GATGATGACCACGAACGTAT_003,63
GATGATGACCACGAACGTAT_004,151
GCAGTAATCCGGGTCCGCTG_001,29
GCAGTAATCCGGGTCCGCTG_002,172
GCAGTAATCCGGGTCCGCTG_003,12
GCAGTAATCCGGGTCCGCTG_004,115
GCAGTAATCCGGGTCCGCTG_005,19
GCAGTAATCCGGGTCCGCTG_006,158
GCAGTAATCCGGGTCCGCTG_007,60
GCAGTAATCCGGGTCCGCTG_008,117
GCAGTAATCCGGGTCCGCTG_009,102
GCAGTAATCCGGGTCCGCTG_010,5
GCAGTAATCCGGGTCCGCTG_011,143
GCAGTAATCCGGGTCCGCTG_012,169
GCAGTAATCCGGGTCCGCTG_013,28
GCAGTAATCCGGGTCCGCTG_014,50
GCAGTAATCCGGGTCCGCTG_015,85
GCAGTAATCCGGGTCCGCTG_016,188
GCAGTAATCCGGGTCCGCTG_017,8
GCAGTAATCCGGGTCCGCTG_018,56
GCAGTAATCCGGGTCCGCTG_019,115
GCAGTAATCCGGGTCCGCTG_020,1
GCAGTAATCCGGGTCCGCTG_021,28
GCAGTAATCCGGGTCCGCTG_022,188
GCAGTAATCCGGGTCCGCTG_023,46
GCAGTAATCCGGGTCCGCTG_024,17
GCAGTAATCCGGGTCCGCTG_025,58
GCAGTAATCCGGGTCCGCTG_026,91
TCCCCACGACCACACAGCGG_001,7
TCCCCACGACCACACAGCGG_002,75
TCCCCACGACCACACAGCGG_003,159
TCCCCACGACCACACAGCGG_004,144
TCCCCACGACCACACAGCGG_005,155
TCCCCACGACCACACAGCGG_006,16
TCCCCACGACCACACAGCGG_007,85
TCCCCACGACCACACAGCGG_008,197
TCCCCACGACCACACAGCGG_009,150
TCCCCACGACCACACAGCGG_010,77
TCCCCACGACCACACAGCGG_011,148
TCCCCACGACCACACAGCGG_012,122
TCCCCACGACCACACAGCGG_013,46
GCTACTTACGGGAGTACTGA_001,45
GCTACTTACGGGAGTACTGA_002,178
GCTACTTACGGGAGTACTGA_003,67
GCTACTTACGGGAGTACTGA_004,31
GCTACTTACGGGAGTACTGA_005,58
GCTACTTACGGGAGTACTGA_006,34
GCTACTTACGGGAGTACTGA_007,102
GCTACTTACGGGAGTACTGA_008,108
GCTACTTACGGGAGTACTGA_009,178
TTGTATATGAAGAACGGCCA_001,29
TTGTATATGAAGAACGGCCA_002,195
TTGTATATGAAGAACGGCCA_003,127
TTGTATATGAAGAACGGCCA_004,125
TTGTATATGAAGAACGGCCA_005,102
TTGTATATGAAGAACGGCCA_006,55
TTGTATATGAAGAACGGCCA_007,85
TTGTATATGAAGAACGGCCA_008,14
AGAGCTGATCAAGTCGGACC_001,111
AGAGCTGATCAAGTCGGACC_002,53
AGAGCTGATCAAGTCGGACC_003,92
AGAGCTGATCAAGTCGGACC_004,13
AGAGCTGATCAAGTCGGACC_005,127
GATATGGTGCACAACCACCT_001,88
GATATGGTGCACAACCACCT_002,9
GATATGGTGCACAACCACCT_003,15
GATATGGTGCACAACCACCT_004,177
GATATGGTGCACAACCACCT_005,145
GATATGGTGCACAACCACCT_006,82
GATATGGTGCACAACCACCT_007,19
GATATGGTGCACAACCACCT_008,70
GATATGGTGCACAACCACCT_009,159
GATATGGTGCACAACCACCT_010,62
ACCAGGCTACTCCTCCCTGT_001,171
ACCAGGCTACTCCTCCCTGT_002,38
ACCAGGCTACTCCTCCCTGT_003,155
ACCAGGCTACTCCTCCCTGT_004,169
ACCAGGCTACTCCTCCCTGT_005,191
ACCAGGCTACTCCTCCCTGT_006,191
ACCAGGCTACTCCTCCCTGT_007,188
ACCAGGCTACTCCTCCCTGT_008,114
ACCAGGCTACTCCTCCCTGT_009,102
ACCAGGCTACTCCTCCCTGT_010,40
ACCAGGCTACTCCTCCCTGT_011,88
ACCAGGCTACTCCTCCCTGT_012,103
CCGAATGAAGGGCGGCCGCG_001,68
CCGAATGAAGGGCGGCCGCG_002,54
CCGAATGAAGGGCGGCCGCG_003,127
CCGAATGAAGGGCGGCCGCG_004,27
CCGAATGAAGGGCGGCCGCG_005,158
CCGAATGAAGGGCGGCCGCG_006,199
CCGAATGAAGGGCGGCCGCG_007,16
CCGAATGAAGGGCGGCCGCG_008,13
CCGAATGAAGGGCGGCCGCG_009,13
CCGAATGAAGGGCGGCCGCG_010,133
CCGAATGAAGGGCGGCCGCG_011,106
CCGAATGAAGGGCGGCCGCG_012,149
CCGAATGAAGGGCGGCCGCG_013,3
CCGAATGAAGGGCGGCCGCG_014,64
CCGAATGAAGGGCGGCCGCG_015,62
CCGAATGAAGGGCGGCCGCG_016,144
CCGAATGAAGGGCGGCCGCG_017,28
CCGAATGAAGGGCGGCCGCG_018,199
CCGAATGAAGGGCGGCCGCG_019,117
CTGAGGATGACGACGGATGA_001,0
CTGAGGATGACGACGGATGA_002,70
CTGAGGATGACGACGGATGA_003,12
CTGAGGATGACGACGGATGA_004,81
CTGAGGATGACGACGGATGA_005,163
CTGAGGATGACGACGGATGA_006,82
CTGAGGATGACGACGGATGA_007,192
CTGAGGATGACGACGGATGA_008,1
CTGAGGATGACGACGGATGA_009,10
CTGAGGATGACGACGGATGA_010,121
AGTGCCTGGACACTGCACAG_001,129
AGTGCCTGGACACTGCACAG_002,120
AAGATCCCCCTGGTATTCCG_001,112
AAGATCCCCCTGGTATTCCG_002,159
AAGATCCCCCTGGTATTCCG_003,22
AAGATCCCCCTGGTATTCCG_004,137
AAGATCCCCCTGGTATTCCG_005,62
AAGATCCCCCTGGTATTCCG_006,127
AAGATCCCCCTGGTATTCCG_007,43
AAGATCCCCCTGGTATTCCG_008,61
AAGATCCCCCTGGTATTCCG_009,179
AAGATCCCCCTGGTATTCCG_010,163
AAGATCCCCCTGGTATTCCG_011,95
AAGATCCCCCTGGTATTCCG_012,26
AAGATCCCCCTGGTATTCCG_013,17
AAGATCCCCCTGGTATTCCG_014,9
AAGATCCCCCTGGTATTCCG_015,33
AAGATCCCCCTGGTATTCCG_016,64
CATACTCAACAATGTTGTCG_001,81
CATACTCAACAATGTTGTCG_002,45
GAGAGCGCGCCAGCGGCACC_001,60
GAGAGCGCGCCAGCGGCACC_002,120
GCTGTGATGTGGGCACCACG_001,120
GCTGTGATGTGGGCACCACG_002,179
GCTGTGATGTGGGCACCACG_003,34
GCTGTGATGTGGGCACCACG_004,18
GCTGTGATGTGGGCACCACG_005,67
GCTGTGATGTGGGCACCACG_006,62
GCTGTGATGTGGGCACCACG_007,174
GCTGTGATGTGGGCACCACG_008,12
GCTGTGATGTGGGCACCACG_009,130
GCTGTGATGTGGGCACCACG_010,180
GCTGTGATGTGGGCACCACG_011,70
ATAAGTCAATAATATCATCG_001,9
GCTTGTTCGAGAAATTAGGA_001,48
GCTTGTTCGAGAAATTAGGA_002,9
GCTTGTTCGAGAAATTAGGA_003,177
GCTTGTTCGAGAAATTAGGA_004,25
GCTTGTTCGAGAAATTAGGA_005,153
GCTTGTTCGAGAAATTAGGA_006,127
GCTTGTTCGAGAAATTAGGA_007,139
GCTTGTTCGAGAAATTAGGA_008,129
GCTTGTTCGAGAAATTAGGA_009,187
GCTTGTTCGAGAAATTAGGA_010,186
GCTTGTTCGAGAAATTAGGA_011,78
AAGAAGTCCATGCTAGACAA_001,133
AAGAAGTCCATGCTAGACAA_002,27
AAGAAGTCCATGCTAGACAA_003,38
AAGAAGTCCATGCTAGACAA_004,121
CTCCACTGTCCAGAGGACCG_001,43
CTCCACTGTCCAGAGGACCG_002,26
CTCCACTGTCCAGAGGACCG_003,18
CTCCACTGTCCAGAGGACCG_004,8
CTCCACTGTCCAGAGGACCG_005,162
CTCCACTGTCCAGAGGACCG_006,72
CTCCACTGTCCAGAGGACCG_007,189
CTCCACTGTCCAGAGGACCG_008,189
CTCCACTGTCCAGAGGACCG_009,94
CTCCACTGTCCAGAGGACCG_010,1
CTCCACTGTCCAGAGGACCG_011,160
CTCCACTGTCCAGAGGACCG_012,27
CTCCACTGTCCAGAGGACCG_013,149
CTCCACTGTCCAGAGGACCG_014,61
CTCCACTGTCCAGAGGACCG_015,103
CTCCACTGTCCAGAGGACCG_016,88
CTCCACTGTCCAGAGGACCG_017,103
CTCCACTGTCCAGAGGACCG_018,117
CTCCACTGTCCAGAGGACCG_019,104
CTCCACTGTCCAGAGGACCG_020,46
GATTGACAACAACAAGACTG_001,134
GATTGACAACAACAAGACTG_002,4
GATTGACAACAACAAGACTG_003,197
GATTGACAACAACAAGACTG_004,83
GATTGACAACAACAAGACTG_005,92
GATTGACAACAACAAGACTG_006,2
GATTGACAACAACAAGACTG_007,15
GGCTCAAGCGGAGTGCGCAG_001,77
GGCTCAAGCGGAGTGCGCAG_002,64
GGCTCAAGCGGAGTGCGCAG_003,169
GGCTCAAGCGGAGTGCGCAG_004,62
GGCTCAAGCGGAGTGCGCAG_005,132
GGCTCAAGCGGAGTGCGCAG_006,63
GGCTCAAGCGGAGTGCGCAG_007,174
GGCTCAAGCGGAGTGCGCAG_008,134
GGCTCAAGCGGAGTGCGCAG_009,185
GGCTCAAGCGGAGTGCGCAG_010,142
GGCTCAAGCGGAGTGCGCAG_011,68
GGCTCAAGCGGAGTGCGCAG_012,63
GGCTCAAGCGGAGTGCGCAG_013,196
TACGTTCACTCCATAGAACA_001,176
TACGTTCACTCCATAGAACA_002,62
TACGTTCACTCCATAGAACA_003,12
GCTGCTTCTAAGGAGCGCAA_001,74
GCTGCTTCTAAGGAGCGCAA_002,61
GCTGCTTCTAAGGAGCGCAA_003,78
GCTGCTTCTAAGGAGCGCAA_004,81
GCTGCTTCTAAGGAGCGCAA_005,48
GCTGCTTCTAAGGAGCGCAA_006,107
GCTGCTTCTAAGGAGCGCAA_007,14
GCTGCTTCTAAGGAGCGCAA_008,3
GCTGCTTCTAAGGAGCGCAA_009,90
TATCACTCCCGCATGCAGCG_001,21
TATCACTCCCGCATGCAGCG_002,49
TATCACTCCCGCATGCAGCG_003,138
TATCACTCCCGCATGCAGCG_004,182
TATCACTCCCGCATGCAGCG_005,62
TATCACTCCCGCATGCAGCG_006,158
TATCACTCCCGCATGCAGCG_007,81
TATCACTCCCGCATGCAGCG_008,83
TATCACTCCCGCATGCAGCG_009,51
TATCACTCCCGCATGCAGCG_010,176
TATCACTCCCGCATGCAGCG_011,25
TATCACTCCCGCATGCAGCG_012,93
TATCACTCCCGCATGCAGCG_013,59
TATCACTCCCGCATGCAGCG_014,69
TATCACTCCCGCATGCAGCG_015,184
TATCACTCCCGCATGCAGCG_016,184
TATCACTCCCGCATGCAGCG_017,127
TATCACTCCCGCATGCAGCG_018,38
TATCACTCCCGCATGCAGCG_019,195
TATCACTCCCGCATGCAGCG_020,136
TATCACTCCCGCATGCAGCG_021,198
TATCACTCCCGCATGCAGCG_022,34
TATCACTCCCGCATGCAGCG_023,15
ATATGAGCTACAGCTTACTC_001,62
ATATGAGCTACAGCTTACTC_002,60
ATATGAGCTACAGCTTACTC_003,43
CCTCGGAACTCACGGCATGA_001,125
CCTCGGAACTCACGGCATGA_002,62
CCTCGGAACTCACGGCATGA_003,82
CCTCGGAACTCACGGCATGA_004,150
CCTCGGAACTCACGGCATGA_005,20
CCTCGGAACTCACGGCATGA_006,27
CCTCGGAACTCACGGCATGA_007,99
CCTCGGAACTCACGGCATGA_008,177
CCTCGGAACTCACGGCATGA_009,45
CCTCGGAACTCACGGCATGA_010,52
CCTCGGAACTCACGGCATGA_011,52
CCTCGGAACTCACGGCATGA_012,66
CCTCGGAACTCACGGCATGA_013,151
CCTCGGAACTCACGGCATGA_014,118
CCTCGGAACTCACGGCATGA_015,119
CCTCGGAACTCACGGCATGA_016,174
GAGGAGGGCGTCCAGCCCTG_001,83
GAGGAGGGCGTCCAGCCCTG_002,61
GAGGAGGGCGTCCAGCCCTG_003,182
GAGGAGGGCGTCCAGCCCTG_004,150
GAGGAGGGCGTCCAGCCCTG_005,115
GAGGAGGGCGTCCAGCCCTG_006,62
GAGGAGGGCGTCCAGCCCTG_007,12
GAGGAGGGCGTCCAGCCCTG_008,137
AGGAAGGCATGGTTTGACTT_001,53
AGGAAGGCATGGTTTGACTT_002,9
AGGAAGGCATGGTTTGACTT_003,108
AGGAAGGCATGGTTTGACTT_004,102
AGGAAGGCATGGTTTGACTT_005,168
AGGAAGGCATGGTTTGACTT_006,88
AGGAAGGCATGGTTTGACTT_007,103
TTTCCTGAGGCAGTGAGCCA_001,194
TTTCCTGAGGCAGTGAGCCA_002,27
TTTCCTGAGGCAGTGAGCCA_003,94
TTTCCTGAGGCAGTGAGCCA_004,39
CGTACCGAATCCGGTCCCCG_001,28
CGTACCGAATCCGGTCCCCG_002,105
CGTACCGAATCCGGTCCCCG_003,150
CGTACCGAATCCGGTCCCCG_004,106
CGTACCGAATCCGGTCCCCG_005,48
CGTACCGAATCCGGTCCCCG_006,172
CGTACCGAATCCGGTCCCCG_007,169
CGTACCGAATCCGGTCCCCG_008,133
CGTACCGAATCCGGTCCCCG_009,165
CGTACCGAATCCGGTCCCCG_010,26
CGTACCGAATCCGGTCCCCG_011,1
CGTACCGAATCCGGTCCCCG_012,130
CGTACCGAATCCGGTCCCCG_013,59
CGTACCGAATCCGGTCCCCG_014,154
CGTACCGAATCCGGTCCCCG_015,29
CGTACCGAATCCGGTCCCCG_016,115
CGTACCGAATCCGGTCCCCG_017,68
CGTACCGAATCCGGTCCCCG_018,169
GATATTGAGGACCATGACGA_001,56
GATATTGAGGACCATGACGA_002,84
GATATTGAGGACCATGACGA_003,42
GATATTGAGGACCATGACGA_004,56
GATATTGAGGACCATGACGA_005,39
GATATTGAGGACCATGACGA_006,49
GATATTGAGGACCATGACGA_007,46
TTTCCAGACGAAGTTTACTG_001,81
TTTCCAGACGAAGTTTACTG_002,169
TTTCCAGACGAAGTTTACTG_003,4
TTTCCAGACGAAGTTTACTG_004,68
TTTCCAGACGAAGTTTACTG_005,98
TTTCCAGACGAAGTTTACTG_006,65
TTTCCAGACGAAGTTTACTG_007,98
TTTCCAGACGAAGTTTACTG_008,17
TTTCCAGACGAAGTTTACTG_009,160
TTTCCAGACGAAGTTTACTG_010,12
TCCGGGAAATGCGGACACAG_001,89
TCCGGGAAATGCGGACACAG_002,75
TCCGGGAAATGCGGACACAG_003,127
TCCGGGAAATGCGGACACAG_004,17
TCCGGGAAATGCGGACACAG_005,89
TCCGGGAAATGCGGACACAG_006,65
TCCGGGAAATGCGGACACAG_007,41
TCCGGGAAATGCGGACACAG_008,148
TCCGGGAAATGCGGACACAG_009,145
TCCGGGAAATGCGGACACAG_010,16
TCCGGGAAATGCGGACACAG_011,89
TCCGGGAAATGCGGACACAG_012,119
TCCGGGAAATGCGGACACAG_013,72
TCCGGGAAATGCGGACACAG_014,2
TCCGGGAAATGCGGACACAG_015,74
TCATGTGTCTTCAAATTCCA_001,136
TCATGTGTCTTCAAATTCCA_002,176
TCATGTGTCTTCAAATTCCA_003,194
TCATGTGTCTTCAAATTCCA_004,12
TCATGTGTCTTCAAATTCCA_005,18
TCATGTGTCTTCAAATTCCA_006,39
TCATGTGTCTTCAAATTCCA_007,158
TCATGTGTCTTCAAATTCCA_008,79
TCATGTGTCTTCAAATTCCA_009,12
ACAGACAATGACACCTTGTG_001,88
ACAGACAATGACACCTTGTG_002,127
ACAGACAATGACACCTTGTG_003,123
ACAGACAATGACACCTTGTG_004,0
ACAGACAATGACACCTTGTG_005,59
ACAGACAATGACACCTTGTG_006,3
ACAGACAATGACACCTTGTG_007,19
GCACAACGACAAAGGCTCCG_001,168
GCACAACGACAAAGGCTCCG_002,69
GCACAACGACAAAGGCTCCG_003,49
GCACAACGACAAAGGCTCCG_004,176
GCACAACGACAAAGGCTCCG_005,122
GCACAACGACAAAGGCTCCG_006,158
GCACAACGACAAAGGCTCCG_007,162
GCACAACGACAAAGGCTCCG_008,162
GCACAACGACAAAGGCTCCG_009,115
GCACAACGACAAAGGCTCCG_010,136
GCACAACGACAAAGGCTCCG_011,147
GCACAACGACAAAGGCTCCG_012,76
GCACAACGACAAAGGCTCCG_013,81
GCACAACGACAAAGGCTCCG_014,81
GCACAACGACAAAGGCTCCG_015,197
GCACAACGACAAAGGCTCCG_016,95
GCACAACGACAAAGGCTCCG_017,89
GCACAACGACAAAGGCTCCG_018,83
GCACAACGACAAAGGCTCCG_019,94
GCACAACGACAAAGGCTCCG_020,172
GCACAACGACAAAGGCTCCG_021,191
GCACAACGACAAAGGCTCCG_022,136
GCACAACGACAAAGGCTCCG_023,5
GCACAACGACAAAGGCTCCG_024,184
GTGGGGCAGAGCAACGACCG_001,165
GTGGGGCAGAGCAACGACCG_002,149
GTGGGGCAGAGCAACGACCG_003,175
GTGGGGCAGAGCAACGACCG_004,34
GTGGGGCAGAGCAACGACCG_005,190
GAAATGTACTCGCTTAGGAG_001,78
GAAATGTACTCGCTTAGGAG_002,145
GAAATGTACTCGCTTAGGAG_003,169
CTTGGATCAATGGAATACGG_001,5
CTTGGATCAATGGAATACGG_002,68
CTTGGATCAATGGAATACGG_003,160
GAAAGTTCGGGTTGCTACAG_001,170
GAAAGTTCGGGTTGCTACAG_002,105
GAAAGTTCGGGTTGCTACAG_003,48
GAAAGTTCGGGTTGCTACAG_004,150
GAAAGTTCGGGTTGCTACAG_005,194
GAAAGTTCGGGTTGCTACAG_006,197
GAAAGTTCGGGTTGCTACAG_007,112
GAAAGTTCGGGTTGCTACAG_008,122
GAAAGTTCGGGTTGCTACAG_009,116
GAAAGTTCGGGTTGCTACAG_010,95
TCACGGCGGGCTCCAGGACA_001,23
TCACGGCGGGCTCCAGGACA_002,81
TCACGGCGGGCTCCAGGACA_003,149
AAACAGGCTGACAAACCAAG_001,12
AAACAGGCTGACAAACCAAG_002,121
AAACAGGCTGACAAACCAAG_003,72
AAATACACATCTGAAGTACA_001,102
AAATACACATCTGAAGTACA_002,145
GCCGCGGAGCTAATTGGAGA_001,15
GCCGCGGAGCTAATTGGAGA_002,116
GCCGCGGAGCTAATTGGAGA_003,58
GCCGCGGAGCTAATTGGAGA_004,48
GCCGCGGAGCTAATTGGAGA_005,169
GCCGCGGAGCTAATTGGAGA_006,92
TCCTTGTAGGGCATAGACGA_001,158
TCCTTGTAGGGCATAGACGA_002,145
TCCTTGTAGGGCATAGACGA_003,147
TCCTTGTAGGGCATAGACGA_004,37
TCCTTGTAGGGCATAGACGA_005,64
TCCTTGTAGGGCATAGACGA_006,15
TCCTTGTAGGGCATAGACGA_007,113
TCCTTGTAGGGCATAGACGA_008,40
TCCTTGTAGGGCATAGACGA_009,127
TCCTTGTAGGGCATAGACGA_010,15
TCCTTGTAGGGCATAGACGA_011,49
TCCTTGTAGGGCATAGACGA_012,159
TCCTTGTAGGGCATAGACGA_013,32
TCCTTGTAGGGCATAGACGA_014,48
TCCTTGTAGGGCATAGACGA_015,114
GCCAGCGGCGAGTACTGCCA_001,70
GCCAGCGGCGAGTACTGCCA_002,151
GCCAGCGGCGAGTACTGCCA_003,24
GCCAGCGGCGAGTACTGCCA_004,30
GCCAGCGGCGAGTACTGCCA_005,125
GCCAGCGGCGAGTACTGCCA_006,79
GCCAGCGGCGAGTACTGCCA_007,56
CTTGATACATAAATCCACAC_001,105
CAGTGGCCGTCACCACATAG_001,49
CAGTGGCCGTCACCACATAG_002,121
CAGTGGCCGTCACCACATAG_003,17
CAGTGGCCGTCACCACATAG_004,184
CAGTGGCCGTCACCACATAG_005,120
CAGTGGCCGTCACCACATAG_006,63
GCCGTGCGCTCTGCCTATGG_001,36
GCCGTGCGCTCTGCCTATGG_002,113
GCCGTGCGCTCTGCCTATGG_003,113
GCCGTGCGCTCTGCCTATGG_004,50
GCCGTGCGCTCTGCCTATGG_005,136
TCAGATCCGGAGGGTTTAAG_001,78
TCAGATCCGGAGGGTTTAAG_002,143
TCAGATCCGGAGGGTTTAAG_003,143
TCAGATCCGGAGGGTTTAAG_004,96
TCAGATCCGGAGGGTTTAAG_005,182
TCAGATCCGGAGGGTTTAAG_006,68
TCAGATCCGGAGGGTTTAAG_007,36
TCAGATCCGGAGGGTTTAAG_008,81
TCAGATCCGGAGGGTTTAAG_009,10
AAGAAAGACCGTAAGAAAGG_001,170
AGAAAACAAAGCGCTTCATG_001,56
CTACACCTGGACGTGACGTG_001,85
CTACACCTGGACGTGACGTG_002,58
CTACACCTGGACGTGACGTG_003,126
CTACACCTGGACGTGACGTG_004,193
CTACACCTGGACGTGACGTG_005,176
CTACACCTGGACGTGACGTG_006,19
CTACACCTGGACGTGACGTG_007,176
CTACACCTGGACGTGACGTG_008,82
CTACACCTGGACGTGACGTG_009,127
CTACACCTGGACGTGACGTG_010,152
CTACACCTGGACGTGACGTG_011,118
TCCAGCTATGAAGGCGCCTG_001,171
TCCAGCTATGAAGGCGCCTG_002,130
TCCAGCTATGAAGGCGCCTG_003,170
TCCAGCTATGAAGGCGCCTG_004,34
TCCAGCTATGAAGGCGCCTG_005,5
TCCAGCTATGAAGGCGCCTG_006,112
TCCAGCTATGAAGGCGCCTG_007,87
TCCAGCTATGAAGGCGCCTG_008,87
TCCAGCTATGAAGGCGCCTG_009,125
TCCAGCTATGAAGGCGCCTG_010,48
TCCAGCTATGAAGGCGCCTG_011,17
TCCAGCTATGAAGGCGCCTG_012,41
TCCAGCTATGAAGGCGCCTG_013,108
TCCAGCTATGAAGGCGCCTG_014,17
TCCAGCTATGAAGGCGCCTG_015,0
TCCAGCTATGAAGGCGCCTG_016,15
TCCAGCTATGAAGGCGCCTG_017,105
TCCAGCTATGAAGGCGCCTG_018,172
TCCAGCTATGAAGGCGCCTG_019,61
TCCAGCTATGAAGGCGCCTG_020,105
TCCAGCTATGAAGGCGCCTG_021,169
TCCAGCTATGAAGGCGCCTG_022,148
TCCAGCTATGAAGGCGCCTG_023,98
TCCAGCTATGAAGGCGCCTG_024,155
TCCAGCTATGAAGGCGCCTG_025,77
TCCAGCTATGAAGGCGCCTG_026,36
TCCAGCTATGAAGGCGCCTG_027,138
TCCAGCTATGAAGGCGCCTG_028,1
TGAGCACATACTCTTCACAC_001,169
CAGGGCGCCACACTCCACCG_001,14
CAGGGCGCCACACTCCACCG_002,177
CAGGGCGCCACACTCCACCG_003,134
CAGGGCGCCACACTCCACCG_004,49
CAGGGCGCCACACTCCACCG_005,156
CAGGGCGCCACACTCCACCG_006,156
CAGGGCGCCACACTCCACCG_007,150
CAGGGCGCCACACTCCACCG_008,143
CAGGGCGCCACACTCCACCG_009,2
CAGGGCGCCACACTCCACCG_010,2
CAGGGCGCCACACTCCACCG_011,1
CAGGGCGCCACACTCCACCG_012,103
CAGGGCGCCACACTCCACCG_013,86
CAGGGCGCCACACTCCACCG_014,170
CAGGGCGCCACACTCCACCG_015,19
CAGGGCGCCACACTCCACCG_016,13
CAGGGCGCCACACTCCACCG_017,109
CAGGGCGCCACACTCCACCG_018,26
ACAGGGAACTGCTTTATCAG_001,116
ACAGGGAACTGCTTTATCAG_002,145
ACAGGGAACTGCTTTATCAG_003,5
ACAGGGAACTGCTTTATCAG_004,188
ACAGGGAACTGCTTTATCAG_005,41
ACAGGGAACTGCTTTATCAG_006,6
ACAGGGAACTGCTTTATCAG_007,47
GGTGGTAGCTCCAAAAACCT_001,193
GGTGGTAGCTCCAAAAACCT_002,40
GGTGGTAGCTCCAAAAACCT_003,130
GGTGGTAGCTCCAAAAACCT_004,129
CCCCGGCATAGAACACACCG_001,148
CCCCGGCATAGAACACACCG_002,98
CCCCGGCATAGAACACACCG_003,175
CCCCGGCATAGAACACACCG_004,194
CCCCGGCATAGAACACACCG_005,56
CCCCGGCATAGAACACACCG_006,19
TCATGTAACAAGTGTTACCA_001,136
TCATGTAACAAGTGTTACCA_002,119
TCATGTAACAAGTGTTACCA_003,2
TCATGTAACAAGTGTTACCA_004,146
TCATGTAACAAGTGTTACCA_005,104
TCATGTAACAAGTGTTACCA_006,45
TCATGTAACAAGTGTTACCA_007,101
TCATGTAACAAGTGTTACCA_008,150
TCATGTAACAAGTGTTACCA_009,8
CACCGGAGTATGGCCAACCC_001,53
ACTCAAGCCTTATGAAAACA_001,19
CCTCCACACCAGGGGTCGTG_001,72
CCTCCACACCAGGGGTCGTG_002,27
CCTCCACACCAGGGGTCGTG_003,60
CCTCCACACCAGGGGTCGTG_004,1
CCTCCACACCAGGGGTCGTG_005,16
CCTCCACACCAGGGGTCGTG_006,12
CCTCCACACCAGGGGTCGTG_007,83
CCTCCACACCAGGGGTCGTG_008,8
CCTCCACACCAGGGGTCGTG_009,183
CCTCCACACCAGGGGTCGTG_010,70
CCTCCACACCAGGGGTCGTG_011,127
CCTCCACACCAGGGGTCGTG_012,28
CCTCCACACCAGGGGTCGTG_013,168
CCTCCACACCAGGGGTCGTG_014,12
CCTCCACACCAGGGGTCGTG_015,143
CCTCCACACCAGGGGTCGTG_016,187
CCTCCACACCAGGGGTCGTG_017,21
CCTCCACACCAGGGGTCGTG_018,13
CCTCCACACCAGGGGTCGTG_019,114
CCTCCACACCAGGGGTCGTG_020,114
CCTCCACACCAGGGGTCGTG_021,28
CCTCCACACCAGGGGTCGTG_022,62
GTGGGTCACACATCTCACAT_001,185
GTGGGTCACACATCTCACAT_002,151
GTGGGTCACACATCTCACAT_003,137
GTGGGTCACACATCTCACAT_004,199
GTGGGTCACACATCTCACAT_005,130
GTGGGTCACACATCTCACAT_006,96
GTGGGTCACACATCTCACAT_007,174
GTGGGTCACACATCTCACAT_008,162
GTGGGTCACACATCTCACAT_009,68
AGGAAGATGCTTAACACAGT_001,140
AGGAAGATGCTTAACACAGT_002,142
AGGAAGATGCTTAACACAGT_003,117
AGGAAGATGCTTAACACAGT_004,0
AGGAAGATGCTTAACACAGT_005,41
AGGAAGATGCTTAACACAGT_006,5
AGGAAGATGCTTAACACAGT_007,199
AGGAAGATGCTTAACACAGT_008,162
AGGAAGATGCTTAACACAGT_009,93
AGGAAGATGCTTAACACAGT_010,155
AGGAAGATGCTTAACACAGT_011,188
AGGAAGATGCTTAACACAGT_012,94
AGGAAGATGCTTAACACAGT_013,167
ACAGAAGAAAAAATGACTGG_001,116
ACAGAAGAAAAAATGACTGG_002,56
ACAGAAGAAAAAATGACTGG_003,136
ACAGAAGAAAAAATGACTGG_004,56
ACAGAAGAAAAAATGACTGG_005,56
AGTAGGTCGGCAGCGTTGCT_001,163
AGTAGGTCGGCAGCGTTGCT_002,185
AGTAGGTCGGCAGCGTTGCT_003,17
AGTAGGTCGGCAGCGTTGCT_004,105
AGTAGGTCGGCAGCGTTGCT_005,80
AGTAGGTCGGCAGCGTTGCT_006,131
AGTAGGTCGGCAGCGTTGCT_007,98
AGTAGGTCGGCAGCGTTGCT_008,33
AGTAGGTCGGCAGCGTTGCT_009,150
AGTAGGTCGGCAGCGTTGCT_010,85
AGTAGGTCGGCAGCGTTGCT_011,169
AGTAGGTCGGCAGCGTTGCT_012,132
AGTAGGTCGGCAGCGTTGCT_013,51
AGTAGGTCGGCAGCGTTGCT_014,88
AGTAGGTCGGCAGCGTTGCT_015,169
AGTAGGTCGGCAGCGTTGCT_016,96
AGTAGGTCGGCAGCGTTGCT_017,102
AGTAGGTCGGCAGCGTTGCT_018,27
AGTAGGTCGGCAGCGTTGCT_019,48
AGTAGGTCGGCAGCGTTGCT_020,147
AGTAGGTCGGCAGCGTTGCT_021,6
AGTAGGTCGGCAGCGTTGCT_022,124
AGTAGGTCGGCAGCGTTGCT_023,28
AGTAGGTCGGCAGCGTTGCT_024,61
AGTAGGTCGGCAGCGTTGCT_025,186
AGTAGGTCGGCAGCGTTGCT_026,148
ATTATCCGTGAGAAACGTGA_001,126
ATTATCCGTGAGAAACGTGA_002,170
ATTATCCGTGAGAAACGTGA_003,41
ATTATCCGTGAGAAACGTGA_004,62
GACTTCCGAGAACGCAGCAA_001,32
GACTTCCGAGAACGCAGCAA_002,142
GACTTCCGAGAACGCAGCAA_003,91
GACTTCCGAGAACGCAGCAA_004,143
GACTTCCGAGAACGCAGCAA_005,48
GACTTCCGAGAACGCAGCAA_006,52
GACTTCCGAGAACGCAGCAA_007,6
GACTTCCGAGAACGCAGCAA_008,34
GACTTCCGAGAACGCAGCAA_009,135
GCTATCTCCATGCCATGTGA_001,38
GCTATCTCCATGCCATGTGA_002,156
GCTATCTCCATGCCATGTGA_003,138
GCTATCTCCATGCCATGTGA_004,38
GGGCTCCCGAACCAGGCCCA_001,192
GGGCTCCCGAACCAGGCCCA_002,82
GGGCTCCCGAACCAGGCCCA_003,61
GGGCTCCCGAACCAGGCCCA_004,119
GGGCTCCCGAACCAGGCCCA_005,162
GGGCTCCCGAACCAGGCCCA_006,56
GGGCTCCCGAACCAGGCCCA_007,17
GGGCTCCCGAACCAGGCCCA_008,60
GGGCTCCCGAACCAGGCCCA_009,109
GGGCTCCCGAACCAGGCCCA_010,37
GGGCTCCCGAACCAGGCCCA_011,166
GGGCTCCCGAACCAGGCCCA_012,9
CACCACAATCTCAGCCGTGT_001,3
CCCACTTCAGTAGAACCCGG_001,16
CCCACTTCAGTAGAACCCGG_002,72
CCCACTTCAGTAGAACCCGG_003,58
CCCACTTCAGTAGAACCCGG_004,1
CCCACTTCAGTAGAACCCGG_005,198
CCCACTTCAGTAGAACCCGG_006,56
CCCACTTCAGTAGAACCCGG_007,98
CCCACTTCAGTAGAACCCGG_008,147
CCCACTTCAGTAGAACCCGG_009,99
CCCACTTCAGTAGAACCCGG_010,156
CCCACTTCAGTAGAACCCGG_011,65
CCCACTTCAGTAGAACCCGG_012,168
CCCACTTCAGTAGAACCCGG_013,113
CCCACTTCAGTAGAACCCGG_014,109
CCCACTTCAGTAGAACCCGG_015,109
CCCACTTCAGTAGAACCCGG_016,117
CCCACTTCAGTAGAACCCGG_017,29
CCCACTTCAGTAGAACCCGG_018,19
CCCACTTCAGTAGAACCCGG_019,34
CCCACTTCAGTAGAACCCGG_020,53
CCCACTTCAGTAGAACCCGG_021,112
CCCACTTCAGTAGAACCCGG_022,94
CCCACTTCAGTAGAACCCGG_023,63
CCCACTTCAGTAGAACCCGG_024,35
CCCACTTCAGTAGAACCCGG_025,168
GTGATCGACACAGTGCCCCT_001,137
GTGATCGACACAGTGCCCCT_002,92
GTGATCGACACAGTGCCCCT_003,191
GTGATCGACACAGTGCCCCT_004,29
GTGATCGACACAGTGCCCCT_005,46
GTGATCGACACAGTGCCCCT_006,116
GTGATCGACACAGTGCCCCT_007,51
GTGATCGACACAGTGCCCCT_008,118
GTGATCGACACAGTGCCCCT_009,101
GTGATCGACACAGTGCCCCT_010,35
GTGATCGACACAGTGCCCCT_011,117
GTGATCGACACAGTGCCCCT_012,26
GTGATCGACACAGTGCCCCT_013,68
GTGATCGACACAGTGCCCCT_014,142
GTGATCGACACAGTGCCCCT_015,116
GTGATCGACACAGTGCCCCT_016,35
GTGATCGACACAGTGCCCCT_017,58
GTGATCGACACAGTGCCCCT_018,56
GTGATCGACACAGTGCCCCT_019,138
TAAGAGAAAGCAGGTGACAT_001,1
TAAGAGAAAGCAGGTGACAT_002,87
TGATTATTACGTCAAGCCCG_001,198
TGATTATTACGTCAAGCCCG_002,71
ACGCTGTTTCCAAGAAATGC_001,58
ACGCTGTTTCCAAGAAATGC_002,67
ACGCTGTTTCCAAGAAATGC_003,50
ACGCTGTTTCCAAGAAATGC_004,89
ACGCTGTTTCCAAGAAATGC_005,105
ACGCTGTTTCCAAGAAATGC_006,103
ACGCTGTTTCCAAGAAATGC_007,68
ACGCTGTTTCCAAGAAATGC_008,68
ACGCTGTTTCCAAGAAATGC_009,133
ACGCTGTTTCCAAGAAATGC_010,60
ACGCTGTTTCCAAGAAATGC_011,166
ACGCTGTTTCCAAGAAATGC_012,61
CTGCATGTCTACCAAGTACG_001,168
CTGCATGTCTACCAAGTACG_002,112
CTGCATGTCTACCAAGTACG_003,44
CTGCATGTCTACCAAGTACG_004,38
CTGCATGTCTACCAAGTACG_005,180
CTGCATGTCTACCAAGTACG_006,121
GAAGGATCACAAAAAAAGTG_001,130
GAAGGATCACAAAAAAAGTG_002,93
GAAGGATCACAAAAAAAGTG_003,36
GAAGGATCACAAAAAAAGTG_004,179
GAAGGATCACAAAAAAAGTG_005,72
GAAGGATCACAAAAAAAGTG_006,82
GAAGGATCACAAAAAAAGTG_007,83
GAAGGATCACAAAAAAAGTG_008,144
GAAGGATCACAAAAAAAGTG_009,188
GCTGGGTTGATCCTCTGACC_001,145
GCTGGGTTGATCCTCTGACC_002,56
ATGGAACAATAGATGATGTG_001,57
ATGGAACAATAGATGATGTG_002,23
ATGGAACAATAGATGATGTG_003,12
ATGGAACAATAGATGATGTG_004,108
ATGGAACAATAGATGATGTG_005,22
ATGGAACAATAGATGATGTG_006,36
ATGGAACAATAGATGATGTG_007,19
ATGGAACAATAGATGATGTG_008,78
ATGGAACAATAGATGATGTG_009,82
ATGGAACAATAGATGATGTG_010,185
ATGGAACAATAGATGATGTG_011,130
ATGGAACAATAGATGATGTG_012,168
ATGGAACAATAGATGATGTG_013,58
ATGGAACAATAGATGATGTG_014,182
ATGGAACAATAGATGATGTG_015,59
ATGGAACAATAGATGATGTG_016,52
ATGGAACAATAGATGATGTG_017,10
ATGGAACAATAGATGATGTG_018,158
ATAATTGGGAATTTGAGCAA_001,176
ATAATTGGGAATTTGAGCAA_002,1
CTTGTAGACAGAGCACGAGT_001,6
CTTGTAGACAGAGCACGAGT_002,60
CTTGTAGACAGAGCACGAGT_003,23
CTTGTAGACAGAGCACGAGT_004,70
CTTGTAGACAGAGCACGAGT_005,132
CTTGTAGACAGAGCACGAGT_006,29
CTTGTAGACAGAGCACGAGT_007,175
CTTGTAGACAGAGCACGAGT_008,26
CTTGTAGACAGAGCACGAGT_009,41
CTTGTAGACAGAGCACGAGT_010,28
CTTGTAGACAGAGCACGAGT_011,85
CTTGTAGACAGAGCACGAGT_012,102
CTTGTAGACAGAGCACGAGT_013,34
CTTGTAGACAGAGCACGAGT_014,188
CTTGTAGACAGAGCACGAGT_015,81
CTTGTAGACAGAGCACGAGT_016,191
CTTGTAGACAGAGCACGAGT_017,10
CTTGTAGACAGAGCACGAGT_018,126
CTTGTAGACAGAGCACGAGT_019,4
CTTGTAGACAGAGCACGAGT_020,65
GAGCTGAACCTCCGGCACCG_001,121
GAGCTGAACCTCCGGCACCG_002,148
GAGCTGAACCTCCGGCACCG_003,119
GAGCTGAACCTCCGGCACCG_004,187
GAGCTGAACCTCCGGCACCG_005,29
GAGCTGAACCTCCGGCACCG_006,72
GAGCTGAACCTCCGGCACCG_007,40
GAGCTGAACCTCCGGCACCG_008,82
GAGCTGAACCTCCGGCACCG_009,158
GAGCTGAACCTCCGGCACCG_010,40
GAGCTGAACCTCCGGCACCG_011,169
GAGCTGAACCTCCGGCACCG_012,43
GAGCTGAACCTCCGGCACCG_013,197
GAGCTGAACCTCCGGCACCG_014,158
GAGCTGAACCTCCGGCACCG_015,2
GAGCTGAACCTCCGGCACCG_016,14
GAGCTGAACCTCCGGCACCG_017,148
GAGCTGAACCTCCGGCACCG_018,96
GAGCTGAACCTCCGGCACCG_019,191
GAGCTGAACCTCCGGCACCG_020,91
GAGCTGAACCTCCGGCACCG_021,121
GAGCTGAACCTCCGGCACCG_022,158
GAGCTGAACCTCCGGCACCG_023,166
CAAATATGGTCCTGCCGATG_001,115
CTATGAGTCCATGCTCAACA_001,88
CTATGAGTCCATGCTCAACA_002,78
CTATGAGTCCATGCTCAACA_003,160
CTATGAGTCCATGCTCAACA_004,191
CTATGAGTCCATGCTCAACA_005,74
CTATGAGTCCATGCTCAACA_006,8
CTATGAGTCCATGCTCAACA_007,149
CTATGAGTCCATGCTCAACA_008,94
CTATGAGTCCATGCTCAACA_009,150
CAGCTGGTCTCACAGCAGCG_001,40
CAGCTGGTCTCACAGCAGCG_002,128
CAGCTGGTCTCACAGCAGCG_003,17
CAGCTGGTCTCACAGCAGCG_004,127
CAGCTGGTCTCACAGCAGCG_005,26
CAGCTGGTCTCACAGCAGCG_006,101
CAGCTGGTCTCACAGCAGCG_007,13
CAGCTGGTCTCACAGCAGCG_008,10
GTGCGTCTACTGATGGAGTG_001,17
GTGCGTCTACTGATGGAGTG_002,17
GTGCGTCTACTGATGGAGTG_003,15
GTGCGTCTACTGATGGAGTG_004,78
GTGCGTCTACTGATGGAGTG_005,9
GTGCGTCTACTGATGGAGTG_006,63
GTGCGTCTACTGATGGAGTG_007,10
GTGCGTCTACTGATGGAGTG_008,77
TGCCGCGTGCAGCACCAGTG_001,187
TGCCGCGTGCAGCACCAGTG_002,198
TGCCGCGTGCAGCACCAGTG_003,188
TGCCGCGTGCAGCACCAGTG_004,124
TGCCGCGTGCAGCACCAGTG_005,137
TGCCGCGTGCAGCACCAGTG_006,178
TGCCGCGTGCAGCACCAGTG_007,67
TGCCGCGTGCAGCACCAGTG_008,190
TGCCGCGTGCAGCACCAGTG_009,115
TGCCGCGTGCAGCACCAGTG_010,50
TGCCGCGTGCAGCACCAGTG_011,168
TGCCGCGTGCAGCACCAGTG_012,198
TGCCGCGTGCAGCACCAGTG_013,78
TGCCGCGTGCAGCACCAGTG_014,120
TGCCGCGTGCAGCACCAGTG_015,78
AATCGCACTCAGACTCCCAG_001,116
AATCGCACTCAGACTCCCAG_002,148
AATCGCACTCAGACTCCCAG_003,94
AATCGCACTCAGACTCCCAG_004,177
AATCGCACTCAGACTCCCAG_005,87
AATCGCACTCAGACTCCCAG_006,54
AATCGCACTCAGACTCCCAG_007,127
AATCGCACTCAGACTCCCAG_008,27
AATCGCACTCAGACTCCCAG_009,9
AATCGCACTCAGACTCCCAG_010,46
AATCGCACTCAGACTCCCAG_011,60
AATCGCACTCAGACTCCCAG_012,2
AATCGCACTCAGACTCCCAG_013,43
AATCGCACTCAGACTCCCAG_014,81
AATCGCACTCAGACTCCCAG_015,166
TCCCATATGTGGAATTCACC_001,35
TCCCATATGTGGAATTCACC_002,155
AATTTAGCAACTGATAGTCC_001,180
GTGATGTACGCGGACATCGG_001,116
GTGATGTACGCGGACATCGG_002,145
TGTTAGCCAAGAGGACAGCA_001,84
TGTTAGCCAAGAGGACAGCA_002,65
TGTTAGCCAAGAGGACAGCA_003,177
TGTTAGCCAAGAGGACAGCA_004,87
TGTTAGCCAAGAGGACAGCA_005,87
TGTTAGCCAAGAGGACAGCA_006,116
TGTTAGCCAAGAGGACAGCA_007,48
TGTTAGCCAAGAGGACAGCA_008,64
TGTTAGCCAAGAGGACAGCA_009,10
ATTAATTCCTGAGCAACTAG_001,22
ATTAATTCCTGAGCAACTAG_002,104
ATTAATTCCTGAGCAACTAG_003,84
ATTAATTCCTGAGCAACTAG_004,46
ATTAATTCCTGAGCAACTAG_005,9
ATTAATTCCTGAGCAACTAG_006,66
ATTAATTCCTGAGCAACTAG_007,38
GTAGCACATCCAGCTGACAG_001,139
GTAGCACATCCAGCTGACAG_002,60
GTAGCACATCCAGCTGACAG_003,15
GTAGCACATCCAGCTGACAG_004,198
GTAGCACATCCAGCTGACAG_005,184
GTAGCACATCCAGCTGACAG_006,28
GTAGCACATCCAGCTGACAG_007,75
GTAGCACATCCAGCTGACAG_008,136
CCTAGAAGAATCGATCAGGA_001,42
CCTAGAAGAATCGATCAGGA_002,104
CCTAGAAGAATCGATCAGGA_003,118
CCTAGAAGAATCGATCAGGA_004,152
CCTAGAAGAATCGATCAGGA_005,137
CGATATTTAAGATGGCACCC_001,160
TCAGCGAGAAAAAGTTCCAG_001,96
TCAGCGAGAAAAAGTTCCAG_002,84
TCAGCGAGAAAAAGTTCCAG_003,63
TCAGCGAGAAAAAGTTCCAG_004,49
TCAGCGAGAAAAAGTTCCAG_005,77
TCAGCGAGAAAAAGTTCCAG_006,19
TCAGCGAGAAAAAGTTCCAG_007,31
TCAGCGAGAAAAAGTTCCAG_008,49
TCAGCGAGAAAAAGTTCCAG_009,191
TCAGCGAGAAAAAGTTCCAG_010,17
TCAGCGAGAAAAAGTTCCAG_011,62
TCAGCGAGAAAAAGTTCCAG_012,121
TCAGCGAGAAAAAGTTCCAG_013,142
CATCATCGAGCATTTCTGGA_001,97
CATCATCGAGCATTTCTGGA_002,156
CATCATCGAGCATTTCTGGA_003,116
CATCATCGAGCATTTCTGGA_004,24
CATCATCGAGCATTTCTGGA_005,23
CATCATCGAGCATTTCTGGA_006,40
CATCATCGAGCATTTCTGGA_007,180
GAAAAGTTACCCCAACGCGA_001,199
GAAAAGTTACCCCAACGCGA_002,105
GAAAAGTTACCCCAACGCGA_003,168
GAAAAGTTACCCCAACGCGA_004,175
GAAAAGTTACCCCAACGCGA_005,171
GAAAAGTTACCCCAACGCGA_006,19
GAAAAGTTACCCCAACGCGA_007,141
GAAAAGTTACCCCAACGCGA_008,65
GAAAAGTTACCCCAACGCGA_009,130
GAAAAGTTACCCCAACGCGA_010,53
GAAAAGTTACCCCAACGCGA_011,122
GAAAAGTTACCCCAACGCGA_012,169
GAAAAGTTACCCCAACGCGA_013,10
TGATCAATCAGTTCCCGGAG_001,77
TGATCAATCAGTTCCCGGAG_002,44
TGATCAATCAGTTCCCGGAG_003,120
TGATCAATCAGTTCCCGGAG_004,40
TGATCAATCAGTTCCCGGAG_005,44
TGATCAATCAGTTCCCGGAG_006,62
TGATCAATCAGTTCCCGGAG_007,189
TGATCAATCAGTTCCCGGAG_008,126
TGATCAATCAGTTCCCGGAG_009,48
AGTGAGCTACAGATCCACTG_001,84
AGTGAGCTACAGATCCACTG_002,150
AGTGAGCTACAGATCCACTG_003,177
AGTGAGCTACAGATCCACTG_004,81
AGTGAGCTACAGATCCACTG_005,94
AGTGAGCTACAGATCCACTG_006,112
AGTGAGCTACAGATCCACTG_007,35
AGTGAGCTACAGATCCACTG_008,49
AGTGAGCTACAGATCCACTG_009,4
AGTGAGCTACAGATCCACTG_010,10
AGTGAGCTACAGATCCACTG_011,0
TACCGACACTCACAGAATGC_001,42
TGTGAGCACAGAGAGTGGAC_001,101
CTCACCCTAAAGACCCTCAG_001,69
CTCACCCTAAAGACCCTCAG_002,48
CTCACCCTAAAGACCCTCAG_003,106
CTCACCCTAAAGACCCTCAG_004,122
CTCACCCTAAAGACCCTCAG_005,147
CTCACCCTAAAGACCCTCAG_006,123
CTCACCCTAAAGACCCTCAG_007,8
CTCACCCTAAAGACCCTCAG_008,148
CTCACCCTAAAGACCCTCAG_009,120
CTCACCCTAAAGACCCTCAG_010,139
CTCACCCTAAAGACCCTCAG_011,33
CTCACCCTAAAGACCCTCAG_012,126
CTCACCCTAAAGACCCTCAG_013,9
CTCACCCTAAAGACCCTCAG_014,61
CTCACCCTAAAGACCCTCAG_015,160
CTCACCCTAAAGACCCTCAG_016,158
CTCACCCTAAAGACCCTCAG_017,198
TGACAAAGACATACAGGATG_001,19
TGACAAAGACATACAGGATG_002,150
TGACAAAGACATACAGGATG_003,88
TGACAAAGACATACAGGATG_004,122
TGACAAAGACATACAGGATG_005,75
TGACAAAGACATACAGGATG_006,38
TGACAAAGACATACAGGATG_007,150
TGACAAAGACATACAGGATG_008,188
TGACAAAGACATACAGGATG_009,56
GCCCGCGCCTACCCACTGGT_001,38
GCCCGCGCCTACCCACTGGT_002,65
GCCCGCGCCTACCCACTGGT_003,163
GCCCGCGCCTACCCACTGGT_004,137
GCCCGCGCCTACCCACTGGT_005,130
GCCCGCGCCTACCCACTGGT_006,102
GCCCGCGCCTACCCACTGGT_007,56
GCCCGCGCCTACCCACTGGT_008,81
GCCCGCGCCTACCCACTGGT_009,147
GCCCGCGCCTACCCACTGGT_010,142
GCCCGCGCCTACCCACTGGT_011,115
GCCCGCGCCTACCCACTGGT_012,48
GCCCGCGCCTACCCACTGGT_013,46
GCCCGCGCCTACCCACTGGT_014,148
GCCCGCGCCTACCCACTGGT_015,73
GCCCGCGCCTACCCACTGGT_016,81
GCCCGCGCCTACCCACTGGT_017,180
GCCCGCGCCTACCCACTGGT_018,80
GCCCGCGCCTACCCACTGGT_019,12
GCCCGCGCCTACCCACTGGT_020,179
GTAGATGCGCATGTTACTGA_001,72
GTAGATGCGCATGTTACTGA_002,62
AACACTGCTATGTGTTTGAC_001,29
AACACTGCTATGTGTTTGAC_002,109
AACACTGCTATGTGTTTGAC_003,166
GATATTGTCGCTCTGCGTGG_001,115
GATATTGTCGCTCTGCGTGG_002,34
GATATTGTCGCTCTGCGTGG_003,86
GATATTGTCGCTCTGCGTGG_004,176
TTGACAAAGATGGCATTGTG_001,162
TTGACAAAGATGGCATTGTG_002,0
TTGACAAAGATGGCATTGTG_003,42
TTGACAAAGATGGCATTGTG_004,63
TTGACAAAGATGGCATTGTG_005,141
TTGACAAAGATGGCATTGTG_006,2
TTGACAAAGATGGCATTGTG_007,42
TTGACAAAGATGGCATTGTG_008,148
TTGACAAAGATGGCATTGTG_009,38
TTGACAAAGATGGCATTGTG_010,178
TTGACAAAGATGGCATTGTG_011,80
TTGACAAAGATGGCATTGTG_012,1
TTGACAAAGATGGCATTGTG_013,124
TTGACAAAGATGGCATTGTG_014,152
TTGACAAAGATGGCATTGTG_015,66
AGCCCCATAGGAAAACATCA_001,177
AGCCCCATAGGAAAACATCA_002,164
AGCCCCATAGGAAAACATCA_003,164
AGCCCCATAGGAAAACATCA_004,19
AGCCCCATAGGAAAACATCA_005,29
AGCCCCATAGGAAAACATCA_006,143
AGCCCCATAGGAAAACATCA_007,107
AGCCCCATAGGAAAACATCA_008,17
AGCCCCATAGGAAAACATCA_009,127
AGCCCCATAGGAAAACATCA_010,77
AGCCCCATAGGAAAACATCA_011,23
AGCCCCATAGGAAAACATCA_012,50
AGCCCCATAGGAAAACATCA_013,40
AGCCCCATAGGAAAACATCA_014,149
AGCCCCATAGGAAAACATCA_015,192
AGCCCCATAGGAAAACATCA_016,20
AGCCCCATAGGAAAACATCA_017,6
AGCCCCATAGGAAAACATCA_018,111
AGCCCCATAGGAAAACATCA_019,45
AGCCCCATAGGAAAACATCA_020,118
AGCCCCATAGGAAAACATCA_021,63
AGCCCCATAGGAAAACATCA_022,177
AGCCCCATAGGAAAACATCA_023,168
CCCCAGCCTACCTTCCACCA_001,193
CCCCAGCCTACCTTCCACCA_002,9
CCCCAGCCTACCTTCCACCA_003,63
CCCCAGCCTACCTTCCACCA_004,29
CCCCAGCCTACCTTCCACCA_005,24
CCCCAGCCTACCTTCCACCA_006,57
CCCCAGCCTACCTTCCACCA_007,188
CCCCAGCCTACCTTCCACCA_008,188
CCCCAGCCTACCTTCCACCA_009,35
CCCCAGCCTACCTTCCACCA_010,177
AGTGTACGAGAACACAGGGG_001,0
AGTGTACGAGAACACAGGGG_002,84
AGTGTACGAGAACACAGGGG_003,186
AGTGTACGAGAACACAGGGG_004,186
AGTGTACGAGAACACAGGGG_005,137
AGTGTACGAGAACACAGGGG_006,150
AGTGTACGAGAACACAGGGG_007,199
AGTGTACGAGAACACAGGGG_008,15
AGTGTACGAGAACACAGGGG_009,56
AGTGTACGAGAACACAGGGG_010,172
AGTGTACGAGAACACAGGGG_011,57
AGTGTACGAGAACACAGGGG_012,152
GAGTAGGAGCTTTCAATGTG_001,11
GAGTAGGAGCTTTCAATGTG_002,86
GAGTAGGAGCTTTCAATGTG_003,86
GAGTAGGAGCTTTCAATGTG_004,56
GAGTAGGAGCTTTCAATGTG_005,150
GAGTAGGAGCTTTCAATGTG_006,188
GAGTAGGAGCTTTCAATGTG_007,120
GAGTAGGAGCTTTCAATGTG_008,110
GAAAGTTTAGAAAATGCTAG_001,48
GAAAGTTTAGAAAATGCTAG_002,107
GAAAGTTTAGAAAATGCTAG_003,108
GAAAGTTTAGAAAATGCTAG_004,161
GAAAGTTTAGAAAATGCTAG_005,44
GAAAGTTTAGAAAATGCTAG_006,42
GAAGGACTACACGGTCACCC_001,15
GAAGGACTACACGGTCACCC_002,181
GAAGGACTACACGGTCACCC_003,94
CCAGCCCTACAGAGACTGAG_001,157
CCAGCCCTACAGAGACTGAG_002,47
CCAGCCCTACAGAGACTGAG_003,130
CCAGCCCTACAGAGACTGAG_004,26
CCAGCCCTACAGAGACTGAG_005,125
CCAGCCCTACAGAGACTGAG_006,192
CCAGCCCTACAGAGACTGAG_007,5
CCAGCCCTACAGAGACTGAG_008,104
CCAGCCCTACAGAGACTGAG_009,169
CCAGCCCTACAGAGACTGAG_010,158
CCAGCCCTACAGAGACTGAG_011,60
CCAGCCCTACAGAGACTGAG_012,191
CCAGCCCTACAGAGACTGAG_013,102
CCAGCCCTACAGAGACTGAG_014,98
CCAGCCCTACAGAGACTGAG_015,49
CCAGCCCTACAGAGACTGAG_016,138
CCAGCCCTACAGAGACTGAG_017,138
GGCCCGCGAGTGCTTCCTCG_001,138
GGCCCGCGAGTGCTTCCTCG_002,22
GGCCCGCGAGTGCTTCCTCG_003,56
GGCCCGCGAGTGCTTCCTCG_004,188
GGCCCGCGAGTGCTTCCTCG_005,149
GGCCCGCGAGTGCTTCCTCG_006,24
GGGCATGGGGCTGAACACTG_001,53
GGGCATGGGGCTGAACACTG_002,60
GGGCATGGGGCTGAACACTG_003,70
GGGCATGGGGCTGAACACTG_004,105
GGGCATGGGGCTGAACACTG_005,199
GGGCATGGGGCTGAACACTG_006,47
GGGCATGGGGCTGAACACTG_007,20
GGGCATGGGGCTGAACACTG_008,112
GGGCATGGGGCTGAACACTG_009,180
GGGCATGGGGCTGAACACTG_010,84
GGGCATGGGGCTGAACACTG_011,102
GGGCATGGGGCTGAACACTG_012,15
GGGCATGGGGCTGAACACTG_013,149
GGGCATGGGGCTGAACACTG_014,96
GGGCATGGGGCTGAACACTG_015,4
GGGCATGGGGCTGAACACTG_016,194
GGGCATGGGGCTGAACACTG_017,63
GGGCATGGGGCTGAACACTG_018,103
GGGCATGGGGCTGAACACTG_019,29
GGGCATGGGGCTGAACACTG_020,178
GGGCATGGGGCTGAACACTG_021,127
GGGCATGGGGCTGAACACTG_022,76
GGGCATGGGGCTGAACACTG_023,65
GGGCATGGGGCTGAACACTG_024,65
GGGCATGGGGCTGAACACTG_025,95
GGGCATGGGGCTGAACACTG_026,76
GGGCATGGGGCTGAACACTG_027,94
GGGCATGGGGCTGAACACTG_028,108
GGGCATGGGGCTGAACACTG_029,4
GGGCATGGGGCTGAACACTG_030,137
GGGCATGGGGCTGAACACTG_031,9
GGGCATGGGGCTGAACACTG_032,94
GGGCATGGGGCTGAACACTG_033,72
GGGCATGGGGCTGAACACTG_034,10
GGGCATGGGGCTGAACACTG_035,113
GGGCATGGGGCTGAACACTG_036,128
GGGCATGGGGCTGAACACTG_037,52
GGGCATGGGGCTGAACACTG_038,159
GGGCATGGGGCTGAACACTG_039,138
GGGCATGGGGCTGAACACTG_040,76
GGGCATGGGGCTGAACACTG_041,108
GGGCATGGGGCTGAACACTG_042,126
GGGCATGGGGCTGAACACTG_043,130
GGGCATGGGGCTGAACACTG_044,91
GGGCATGGGGCTGAACACTG_045,12
GGGCATGGGGCTGAACACTG_046,99
GGGCATGGGGCTGAACACTG_047,38
GGGCATGGGGCTGAACACTG_048,68
GGGCATGGGGCTGAACACTG_049,165
GGGCATGGGGCTGAACACTG_050,136
GGGCATGGGGCTGAACACTG_051,143
GGGCATGGGGCTGAACACTG_052,88
TAGAGTGATGGAGTCCCTAG_001,41
TAGAGTGATGGAGTCCCTAG_002,40
TAGAGTGATGGAGTCCCTAG_003,182
TAGAGTGATGGAGTCCCTAG_004,55
TAGAGTGATGGAGTCCCTAG_005,38
TAGAGTGATGGAGTCCCTAG_006,134
TAGAGTGATGGAGTCCCTAG_007,69
TAGAGTGATGGAGTCCCTAG_008,152
TAGAGTGATGGAGTCCCTAG_009,152
TCAGCGCACACCTGACACTG_001,145
TCAGCGCACACCTGACACTG_002,168
TCAGCGCACACCTGACACTG_003,77
TCAGCGCACACCTGACACTG_004,157
TCAGCGCACACCTGACACTG_005,149
TCAGCGCACACCTGACACTG_006,199
TCAGCGCACACCTGACACTG_007,158
TCAGCGCACACCTGACACTG_008,22
TCAGCGCACACCTGACACTG_009,30
TCAGCGCACACCTGACACTG_010,108
TCAGCGCACACCTGACACTG_011,104
TCAGCGCACACCTGACACTG_012,120
TCAGCGCACACCTGACACTG_013,7
TCAGCGCACACCTGACACTG_014,8
TCAGCGCACACCTGACACTG_015,11
TCAGCGCACACCTGACACTG_016,77
TCAGCGCACACCTGACACTG_017,185
TCAGCGCACACCTGACACTG_018,83
TCAGCGCACACCTGACACTG_019,106
TCAGCGCACACCTGACACTG_020,28
TTCACTCACATACACATGGC_001,122
TTCACTCACATACACATGGC_002,34
TTCACTCACATACACATGGC_003,80
TTCACTCACATACACATGGC_004,77
TTCACTCACATACACATGGC_005,47
TTCACTCACATACACATGGC_006,110
TTCACTCACATACACATGGC_007,82
TTCACTCACATACACATGGC_008,124
TTCACTCACATACACATGGC_009,184
TTCACTCACATACACATGGC_010,182
CATAAAAAATCAGACCCTGG_001,54
CATAAAAAATCAGACCCTGG_002,40
CCTCACCTTGTCTATGAAGG_001,98
CCTCACCTTGTCTATGAAGG_002,81
CCTCACCTTGTCTATGAAGG_003,58
CGTGTGCGTCCCACACGGGT_001,62
CGTGTGCGTCCCACACGGGT_002,130
ATGTGCTGCCCAATGTAAAG_001,127
ATGTGCTGCCCAATGTAAAG_002,18
ATGTGCTGCCCAATGTAAAG_003,21
ATGTGCTGCCCAATGTAAAG_004,105
ATGTGCTGCCCAATGTAAAG_005,62
ATGTGCTGCCCAATGTAAAG_006,16
ATGTGCTGCCCAATGTAAAG_007,113
ATGTGCTGCCCAATGTAAAG_008,137
ATGTGCTGCCCAATGTAAAG_009,181
ATGTGCTGCCCAATGTAAAG_010,9
ATGTGCTGCCCAATGTAAAG_011,116
ATGTGCTGCCCAATGTAAAG_012,140
ATGTGCTGCCCAATGTAAAG_013,98
ATGTGCTGCCCAATGTAAAG_014,161
ATGTGCTGCCCAATGTAAAG_015,86
ATGTGCTGCCCAATGTAAAG_016,160
ATGTGCTGCCCAATGTAAAG_017,59
ATGTGCTGCCCAATGTAAAG_018,98
ATGTGCTGCCCAATGTAAAG_019,162
ATGTGCTGCCCAATGTAAAG_020,169
ATGTGCTGCCCAATGTAAAG_021,86
ATGTGCTGCCCAATGTAAAG_022,129
ATGTGCTGCCCAATGTAAAG_023,31
ATGTGCTGCCCAATGTAAAG_024,134
ATGTGCTGCCCAATGTAAAG_025,65
ATGTGCTGCCCAATGTAAAG_026,107
ATGTGCTGCCCAATGTAAAG_027,149
ATGTGCTGCCCAATGTAAAG_028,78
ATGTGCTGCCCAATGTAAAG_029,188
ATGTGCTGCCCAATGTAAAG_030,148
ATGTGCTGCCCAATGTAAAG_031,60
ATGTGCTGCCCAATGTAAAG_032,49
ATGTGCTGCCCAATGTAAAG_033,94
ATGTGCTGCCCAATGTAAAG_034,29
ATGTGCTGCCCAATGTAAAG_035,121
ATGTGCTGCCCAATGTAAAG_036,57
ATGTGCTGCCCAATGTAAAG_037,104
ATGTGCTGCCCAATGTAAAG_038,91
GAGAACATCAAGGCCAGCAC_001,196
GAGAACATCAAGGCCAGCAC_002,118
GAGAACATCAAGGCCAGCAC_003,175
GAGAACATCAAGGCCAGCAC_004,54
GAGAACATCAAGGCCAGCAC_005,41
GAGAACATCAAGGCCAGCAC_006,127
GAGAACATCAAGGCCAGCAC_007,81
GAGAACATCAAGGCCAGCAC_008,49
GAGAACATCAAGGCCAGCAC_009,43
GAGAACATCAAGGCCAGCAC_010,190
GAGAACATCAAGGCCAGCAC_011,129
GAGAACATCAAGGCCAGCAC_012,5
GAGAACATCAAGGCCAGCAC_013,142
GAGAACATCAAGGCCAGCAC_014,142
GAGAACATCAAGGCCAGCAC_015,166
GAGAACATCAAGGCCAGCAC_016,62
GAGAACATCAAGGCCAGCAC_017,82
GAGAACATCAAGGCCAGCAC_018,134
GAGAACATCAAGGCCAGCAC_019,72
GAGAACATCAAGGCCAGCAC_020,97
GAGAACATCAAGGCCAGCAC_021,70
GAGAACATCAAGGCCAGCAC_022,63
GAGAACATCAAGGCCAGCAC_023,191
GAGAACATCAAGGCCAGCAC_024,0
GAGAACATCAAGGCCAGCAC_025,0
GAGAACATCAAGGCCAGCAC_026,47
GAGAACATCAAGGCCAGCAC_027,50
GCTGCAAGACTAGCAACCCT_001,170
GCTGCAAGACTAGCAACCCT_002,169
GCTGCAAGACTAGCAACCCT_003,168
GCTGCAAGACTAGCAACCCT_004,49
GCTGCAAGACTAGCAACCCT_005,94
GCTGCAAGACTAGCAACCCT_006,88
GCTGCAAGACTAGCAACCCT_007,115
GCTGCAAGACTAGCAACCCT_008,27
TGGCAAGGGAAATCTTCCGA_001,64
TGGCAAGGGAAATCTTCCGA_002,43
TGGCAAGGGAAATCTTCCGA_003,140
TGGCAAGGGAAATCTTCCGA_004,196
TGGCAAGGGAAATCTTCCGA_005,197
CACGGAACACCTCAAAATGG_001,15
CACGGAACACCTCAAAATGG_002,57
CACGGAACACCTCAAAATGG_003,76
CACGGAACACCTCAAAATGG_004,54
CACGGAACACCTCAAAATGG_005,31
CACGGAACACCTCAAAATGG_006,169
CACGGAACACCTCAAAATGG_007,31
CACGGAACACCTCAAAATGG_008,9
CACGGAACACCTCAAAATGG_009,45
CATAATCCCTCAGTTTACCG_001,29
CATAATCCCTCAGTTTACCG_002,102
CATCCCCTAGAAGAGTCGGG_001,62
CATCCCCTAGAAGAGTCGGG_002,37
CATCCCCTAGAAGAGTCGGG_003,19
CATCCCCTAGAAGAGTCGGG_004,22
CATCCCCTAGAAGAGTCGGG_005,148
CATCCCCTAGAAGAGTCGGG_006,62
CATCCCCTAGAAGAGTCGGG_007,190
TGATGTACAAAAAGCCGTCA_001,116
TGATGTACAAAAAGCCGTCA_002,10
TGATGTACAAAAAGCCGTCA_003,13
AGCGTAAGCCAATACTGATG_001,184
AGCGTAAGCCAATACTGATG_002,152
AGCGTAAGCCAATACTGATG_003,35
ACTCATCAGTGATCTCCGAG_001,81
ACTCATCAGTGATCTCCGAG_002,56
ACTCATCAGTGATCTCCGAG_003,59
ACTCATCAGTGATCTCCGAG_004,52
ACATCTGAAGGATCCGGACA_001,135
ACATCTGAAGGATCCGGACA_002,160
ACATCTGAAGGATCCGGACA_003,173
ACATCTGAAGGATCCGGACA_004,173
ACATCTGAAGGATCCGGACA_005,155
ACATCTGAAGGATCCGGACA_006,43
ACATCTGAAGGATCCGGACA_007,105
ACATCTGAAGGATCCGGACA_008,49
ACATCTGAAGGATCCGGACA_009,115
ACATCTGAAGGATCCGGACA_010,16
ACATCTGAAGGATCCGGACA_011,65
ACATCTGAAGGATCCGGACA_012,17
ACATCTGAAGGATCCGGACA_013,112
ACATCTGAAGGATCCGGACA_014,83
ACATCTGAAGGATCCGGACA_015,147
ACATCTGAAGGATCCGGACA_016,169
ACATCTGAAGGATCCGGACA_017,156
ACATCTGAAGGATCCGGACA_018,127
GGGGTCCCGAGACACCGCCC_001,137
AGACACGAAGCAGGAAACAC_001,26
AGACACGAAGCAGGAAACAC_002,76
AGACACGAAGCAGGAAACAC_003,11
AGACACGAAGCAGGAAACAC_004,15
AGACACGAAGCAGGAAACAC_005,104
AGACACGAAGCAGGAAACAC_006,190
AGACACGAAGCAGGAAACAC_007,119
AGACACGAAGCAGGAAACAC_008,156
AGACACGAAGCAGGAAACAC_009,41
AGACACGAAGCAGGAAACAC_010,16
TGACGCCTCATCCTTCGGGA_001,168
TGACGCCTCATCCTTCGGGA_002,34
TGACGCCTCATCCTTCGGGA_003,35
TGACGCCTCATCCTTCGGGA_004,95
TGACGCCTCATCCTTCGGGA_005,163
TGACGCCTCATCCTTCGGGA_006,48
TGACGCCTCATCCTTCGGGA_007,105
TGACGCCTCATCCTTCGGGA_008,84
TGACGCCTCATCCTTCGGGA_009,48
TGACGCCTCATCCTTCGGGA_010,182
TGACGCCTCATCCTTCGGGA_011,54
TGACGCCTCATCCTTCGGGA_012,9
TGACGCCTCATCCTTCGGGA_013,25
TGACGCCTCATCCTTCGGGA_014,174
CACTACTCCTTGGTTCACGC_001,69
CACTACTCCTTGGTTCACGC_002,50
CACTACTCCTTGGTTCACGC_003,19
CACTACTCCTTGGTTCACGC_004,132
CACTACTCCTTGGTTCACGC_005,83
CACTACTCCTTGGTTCACGC_006,162
CACTACTCCTTGGTTCACGC_007,143
CACTACTCCTTGGTTCACGC_008,155
CACTACTCCTTGGTTCACGC_009,36
CACTACTCCTTGGTTCACGC_010,161
CACTACTCCTTGGTTCACGC_011,40
CACTACTCCTTGGTTCACGC_012,168
CACTACTCCTTGGTTCACGC_013,49
GACTGTGGACTCACCTCCAG_001,70
GACTGTGGACTCACCTCCAG_002,142
GACTGTGGACTCACCTCCAG_003,48
GACTGTGGACTCACCTCCAG_004,29
GACTGTGGACTCACCTCCAG_005,134
GACTGTGGACTCACCTCCAG_006,150
GACTGTGGACTCACCTCCAG_007,128
GACTGTGGACTCACCTCCAG_008,137
GACTGTGGACTCACCTCCAG_009,114
GACTGTGGACTCACCTCCAG_010,94
GACTGTGGACTCACCTCCAG_011,96
GACTGTGGACTCACCTCCAG_012,75
GACTGTGGACTCACCTCCAG_013,177
GACTGTGGACTCACCTCCAG_014,139
GACTGTGGACTCACCTCCAG_015,16
GACTGTGGACTCACCTCCAG_016,88
GACTGTGGACTCACCTCCAG_017,162
GACTGTGGACTCACCTCCAG_018,29
GACTGTGGACTCACCTCCAG_019,85
GACTGTGGACTCACCTCCAG_020,104
GACTGTGGACTCACCTCCAG_021,102
GACTGTGGACTCACCTCCAG_022,38
GACTGTGGACTCACCTCCAG_023,141
GACTGTGGACTCACCTCCAG_024,137
GTGAGTCCCATCAATCAAGT_001,26
GTGAGTCCCATCAATCAAGT_002,82
GTGAGTCCCATCAATCAAGT_003,186
GTGAGTCCCATCAATCAAGT_004,125
GTGAGTCCCATCAATCAAGT_005,164
GTGAGTCCCATCAATCAAGT_006,158
TCTAGGACAGATTGTTGCTA_001,170
TCTAGGACAGATTGTTGCTA_002,136
TCTAGGACAGATTGTTGCTA_003,10
TCTAGGACAGATTGTTGCTA_004,28
TCTAGGACAGATTGTTGCTA_005,63
TCTAGGACAGATTGTTGCTA_006,198
TCTAGGACAGATTGTTGCTA_007,106
TCAGAGCTGGTCTTGCGAGG_001,130
TGCTTACCTTGTCAAAGACA_001,144
TGCTTACCTTGTCAAAGACA_002,170
TGCTTACCTTGTCAAAGACA_003,75
AAGGACAAGGAAAGGTGTAA_001,134
AAGGACAAGGAAAGGTGTAA_002,42
AAGGACAAGGAAAGGTGTAA_003,134
AAGGACAAGGAAAGGTGTAA_004,169
AAGGACAAGGAAAGGTGTAA_005,196
AAGGACAAGGAAAGGTGTAA_006,102
AAGGACAAGGAAAGGTGTAA_007,197
AAGGACAAGGAAAGGTGTAA_008,127
AAGGACAAGGAAAGGTGTAA_009,106
AAGGACAAGGAAAGGTGTAA_010,37
AAGGACAAGGAAAGGTGTAA_011,102
AAGGACAAGGAAAGGTGTAA_012,116
AAGGACAAGGAAAGGTGTAA_013,177
AAGGACAAGGAAAGGTGTAA_014,84
AAGGACAAGGAAAGGTGTAA_015,125
AAGGACAAGGAAAGGTGTAA_016,124
AAGGACAAGGAAAGGTGTAA_017,172
AAGGACAAGGAAAGGTGTAA_018,1
AAGGACAAGGAAAGGTGTAA_019,175
AAGGACAAGGAAAGGTGTAA_020,59
AAGGACAAGGAAAGGTGTAA_021,2
AAGGACAAGGAAAGGTGTAA_022,95
AAGAGTTACCGCCCACCAGG_001,32
AAGAGTTACCGCCCACCAGG_002,198
AAGAGTTACCGCCCACCAGG_003,24
AAGAGTTACCGCCCACCAGG_004,42
AAGAGTTACCGCCCACCAGG_005,121
AAGAGTTACCGCCCACCAGG_006,144
AAGAGTTACCGCCCACCAGG_007,136
AAGAGTTACCGCCCACCAGG_008,33
AAGAGTTACCGCCCACCAGG_009,81
AAGAGTTACCGCCCACCAGG_010,69
AAGAGTTACCGCCCACCAGG_011,172
AAGAGTTACCGCCCACCAGG_012,130
AAGAGTTACCGCCCACCAGG_013,55
AAGAGTTACCGCCCACCAGG_014,15
AAGAGTTACCGCCCACCAGG_015,58
AAGAGTTACCGCCCACCAGG_016,88
AAGAGTTACCGCCCACCAGG_017,64
AAGAGTTACCGCCCACCAGG_018,165
AAGAGTTACCGCCCACCAGG_019,21
AAGAGTTACCGCCCACCAGG_020,145
AAGAGTTACCGCCCACCAGG_021,65
AAGAGTTACCGCCCACCAGG_022,55
AAGAGTTACCGCCCACCAGG_023,121
AAGAGTTACCGCCCACCAGG_024,38
AAGAGTTACCGCCCACCAGG_025,12
AAGAGTTACCGCCCACCAGG_026,160
AAGAGTTACCGCCCACCAGG_027,100
GGTCCCCAGGACGTACCATG_001,82
GGTCCCCAGGACGTACCATG_002,147
GGTCCCCAGGACGTACCATG_003,65
GGTCCCCAGGACGTACCATG_004,115
GGTCCCCAGGACGTACCATG_005,182
GGTCCCCAGGACGTACCATG_006,138
GGTCCCCAGGACGTACCATG_007,138
GGTCCCCAGGACGTACCATG_008,102
GGTCCCCAGGACGTACCATG_009,84
GGTCCCCAGGACGTACCATG_010,165
GGTCCCCAGGACGTACCATG_011,137
GGTCCCCAGGACGTACCATG_012,108
GGTCCCCAGGACGTACCATG_013,130
GGTCCCCAGGACGTACCATG_014,5
GGTCCCCAGGACGTACCATG_015,5
GGTCCCCAGGACGTACCATG_016,127
GGTCCCCAGGACGTACCATG_017,132
GGTCCCCAGGACGTACCATG_018,43
GGTCCCCAGGACGTACCATG_019,181
GGTCCCCAGGACGTACCATG_020,88
GGTCCCCAGGACGTACCATG_021,31
GGTCCCCAGGACGTACCATG_022,84
GGTCCCCAGGACGTACCATG_023,163
GGTCCCCAGGACGTACCATG_024,56
GGTCCCCAGGACGTACCATG_025,156
GGTCCCCAGGACGTACCATG_026,190
GGTCCCCAGGACGTACCATG_027,28
GGTCCCCAGGACGTACCATG_028,37
GGTCCCCAGGACGTACCATG_029,72
CGAGTGCCACATTCAAAACG_001,161
CGAGTGCCACATTCAAAACG_002,76
CGAGTGCCACATTCAAAACG_003,67
CGAGTGCCACATTCAAAACG_004,58
CGAGTGCCACATTCAAAACG_005,182
AAACTCAGGAGATACAACTG_001,65
AAACTCAGGAGATACAACTG_002,193
AAACTCAGGAGATACAACTG_003,1
AAACTCAGGAGATACAACTG_004,146
AAACTCAGGAGATACAACTG_005,66
CTCTGGTGAAAATGGTGTTG_001,77
CTCTGGTGAAAATGGTGTTG_002,94
CTCTGGTGAAAATGGTGTTG_003,5
CTCTGGTGAAAATGGTGTTG_004,60
CTCTGGTGAAAATGGTGTTG_005,178
CTCTGGTGAAAATGGTGTTG_006,19
CTCTGGTGAAAATGGTGTTG_007,6
GAAACTAACAAGGAAACATG_001,152
GAAACTAACAAGGAAACATG_002,26
GAAACTAACAAGGAAACATG_003,90
GAAACTAACAAGGAAACATG_004,54
GAAACTAACAAGGAAACATG_005,101
GAAACTAACAAGGAAACATG_006,26
GAAACTAACAAGGAAACATG_007,144
AGTTCCTCACGATGTACCCA_001,47
AGTTCCTCACGATGTACCCA_002,23
AGTTCCTCACGATGTACCCA_003,106
AGTTCCTCACGATGTACCCA_004,50
AGTTCCTCACGATGTACCCA_005,35
AGTTCCTCACGATGTACCCA_006,49
AGTTCCTCACGATGTACCCA_007,2
AGTTCCTCACGATGTACCCA_008,152
AGTTCCTCACGATGTACCCA_009,154
AGTTCCTCACGATGTACCCA_010,168
AGTTCCTCACGATGTACCCA_011,157
AGTTCCTCACGATGTACCCA_012,17
AGTTCCTCACGATGTACCCA_013,183
AGTTCCTCACGATGTACCCA_014,37
AGTTCCTCACGATGTACCCA_015,52
AGTTCCTCACGATGTACCCA_016,113
TTCTAACTCTGCCTACTACG_001,175
GCATGTTCCCGAGGATGCAG_001,80
GCATGTTCCCGAGGATGCAG_002,80
GCATGTTCCCGAGGATGCAG_003,177
GCATGTTCCCGAGGATGCAG_004,174
GCATGTTCCCGAGGATGCAG_005,102
GCATGTTCCCGAGGATGCAG_006,38
GCATGTTCCCGAGGATGCAG_007,81
GCATGTTCCCGAGGATGCAG_008,106
GCATGTTCCCGAGGATGCAG_009,47
GCATGTTCCCGAGGATGCAG_010,9
GCATGTTCCCGAGGATGCAG_011,148
GCATGTTCCCGAGGATGCAG_012,62
GCATGTTCCCGAGGATGCAG_013,146
GCATGTTCCCGAGGATGCAG_014,120
GCATGTTCCCGAGGATGCAG_015,156
GCATGTTCCCGAGGATGCAG_016,170
GCATGTTCCCGAGGATGCAG_017,119
GCATGTTCCCGAGGATGCAG_018,41
GCATGTTCCCGAGGATGCAG_019,97
GCATGTTCCCGAGGATGCAG_020,39
GCATGTTCCCGAGGATGCAG_021,147
GCATGTTCCCGAGGATGCAG_022,7
GCATGTTCCCGAGGATGCAG_023,171
GCATGTTCCCGAGGATGCAG_024,40
GCATGTTCCCGAGGATGCAG_025,76
GCATGTTCCCGAGGATGCAG_026,199
GCATGTTCCCGAGGATGCAG_027,46
GCATGTTCCCGAGGATGCAG_028,10
GCATGTTCCCGAGGATGCAG_029,180
GCATGTTCCCGAGGATGCAG_030,104
TACCTTCCCTGTTAGAACGG_001,41
TACCTTCCCTGTTAGAACGG_002,103
TACCTTCCCTGTTAGAACGG_003,31
TACCTTCCCTGTTAGAACGG_004,41
TACCTTCCCTGTTAGAACGG_005,98
TACCTTCCCTGTTAGAACGG_006,2
TACCTTCCCTGTTAGAACGG_007,149
TACCTTCCCTGTTAGAACGG_008,170
TGGACCTGGACACATTAGCC_001,2
TGGACCTGGACACATTAGCC_002,50
TGGACCTGGACACATTAGCC_003,178
TGGACCTGGACACATTAGCC_004,95
TGGACCTGGACACATTAGCC_005,177
TGGACCTGGACACATTAGCC_006,172
TGGACCTGGACACATTAGCC_007,90
TGGACCTGGACACATTAGCC_008,46
AGGCACCACAACAACCCTGT_001,48
AGGCACCACAACAACCCTGT_002,59
AGGCACCACAACAACCCTGT_003,190
AGGCACCACAACAACCCTGT_004,67
AGGCACCACAACAACCCTGT_005,148
AGGCACCACAACAACCCTGT_006,28
ATCTGCTCATACAAGAATCG_001,0
ATCTGCTCATACAAGAATCG_002,29
ATCTGCTCATACAAGAATCG_003,68
ATCTGCTCATACAAGAATCG_004,141
ATCTGCTCATACAAGAATCG_005,92
AGATATTGACCATGAGACAG_001,48
AGATATTGACCATGAGACAG_002,9
AGATATTGACCATGAGACAG_003,65
AGATATTGACCATGAGACAG_004,67
GTTGGATAGTAATGTGACAA_001,43
GTTGGATAGTAATGTGACAA_002,158
GTTGGATAGTAATGTGACAA_003,137
GTTGGATAGTAATGTGACAA_004,10
GACAGGCTCAACCAATTCCG_001,147
GACAGGCTCAACCAATTCCG_002,165
GACAGGCTCAACCAATTCCG_003,75
GACAGGCTCAACCAATTCCG_004,146
GACAGGCTCAACCAATTCCG_005,176
GACAGGCTCAACCAATTCCG_006,65
GACAGGCTCAACCAATTCCG_007,107
GACAGGCTCAACCAATTCCG_008,26
GACAGGCTCAACCAATTCCG_009,167
ACAACATCATGACGTCGCTG_001,15
ACAACATCATGACGTCGCTG_002,49
ACAACATCATGACGTCGCTG_003,144
ACAACATCATGACGTCGCTG_004,147
ACTGGCAGAGTTCAAGCAAG_001,15
ACTGGCAGAGTTCAAGCAAG_002,144
ACTGGCAGAGTTCAAGCAAG_003,48
ACTGGCAGAGTTCAAGCAAG_004,146
ACTGGCAGAGTTCAAGCAAG_005,60
ACTGGCAGAGTTCAAGCAAG_006,70
ACTGGCAGAGTTCAAGCAAG_007,158
CGCAGATCCCGGACACCCGG_001,59
CGCAGATCCCGGACACCCGG_002,63
CGCAGATCCCGGACACCCGG_003,185
CGCAGATCCCGGACACCCGG_004,102
CGCAGATCCCGGACACCCGG_005,103
CGCAGATCCCGGACACCCGG_006,197
CGCAGATCCCGGACACCCGG_007,141
CGCAGATCCCGGACACCCGG_008,167
CGCAGATCCCGGACACCCGG_009,137
CGCAGATCCCGGACACCCGG_010,66
CGCAGATCCCGGACACCCGG_011,165
GTCCCGCACATACAAAGCAT_001,30
GTCCCGCACATACAAAGCAT_002,52
GTCCCGCACATACAAAGCAT_003,49
GTCCCGCACATACAAAGCAT_004,2
GTCCCGCACATACAAAGCAT_005,141
GTCCCGCACATACAAAGCAT_006,146
GTCCCGCACATACAAAGCAT_007,69
GTCCCGCACATACAAAGCAT_008,12
GTGGGCCAAGATCTCCACGC_001,194
GTGGGCCAAGATCTCCACGC_002,140
GTGGGCCAAGATCTCCACGC_003,51
GTGGGCCAAGATCTCCACGC_004,110
GTGGGCCAAGATCTCCACGC_005,35
GTGGGCCAAGATCTCCACGC_006,160
GTGGGCCAAGATCTCCACGC_007,161
GTGGGCCAAGATCTCCACGC_008,171
GTGGGCCAAGATCTCCACGC_009,56
GTGGGCCAAGATCTCCACGC_010,175
GTGGGCCAAGATCTCCACGC_011,94
GAAAATGAATGGCTCCCACA_001,185
GAAAATGAATGGCTCCCACA_002,188
GAAAATGAATGGCTCCCACA_003,115
GAAAATGAATGGCTCCCACA_004,6
GAAAATGAATGGCTCCCACA_005,98
GAAAATGAATGGCTCCCACA_006,61
GAAAATGAATGGCTCCCACA_007,82
GAAAATGAATGGCTCCCACA_008,141
GAAAATGAATGGCTCCCACA_009,193
GAAAATGAATGGCTCCCACA_010,144
GAAAATGAATGGCTCCCACA_011,115
AACCGCCTGCGTGATAACAA_001,17
AACCGCCTGCGTGATAACAA_002,146
AACCGCCTGCGTGATAACAA_003,25
AACCGCCTGCGTGATAACAA_004,9
AACCGCCTGCGTGATAACAA_005,147
AACCGCCTGCGTGATAACAA_006,114
AACCGCCTGCGTGATAACAA_007,128
AACCGCCTGCGTGATAACAA_008,91
AACCGCCTGCGTGATAACAA_009,96
CAACGAGAATCGATATACTG_001,38
CAACGAGAATCGATATACTG_002,28
CAACGAGAATCGATATACTG_003,111
CAACGAGAATCGATATACTG_004,97
CAACGAGAATCGATATACTG_005,50
CAACGAGAATCGATATACTG_006,199
CAACGAGAATCGATATACTG_007,65
GAGGACGACAGCTACCTAGA_001,140
GAGGACGACAGCTACCTAGA_002,49
GAGGACGACAGCTACCTAGA_003,198
GAGGACGACAGCTACCTAGA_004,174
GAGGACGACAGCTACCTAGA_005,96
GAGGACGACAGCTACCTAGA_006,7
GAGGACGACAGCTACCTAGA_007,83
GAGGACGACAGCTACCTAGA_008,9
GAGGACGACAGCTACCTAGA_009,23
CCCAGCGAGGACCACCTATG_001,105
CCCAGCGAGGACCACCTATG_002,114
CCCAGCGAGGACCACCTATG_003,101
CCCAGCGAGGACCACCTATG_004,83
CCCAGCGAGGACCACCTATG_005,55
CCCAGCGAGGACCACCTATG_006,53
CCCAGCGAGGACCACCTATG_007,115
CCCAGCGAGGACCACCTATG_008,150
CCCAGCGAGGACCACCTATG_009,184
CCCAGCGAGGACCACCTATG_010,81
CCCAGCGAGGACCACCTATG_011,33
CCCAGCGAGGACCACCTATG_012,76
CCCAGCGAGGACCACCTATG_013,19
CCCAGCGAGGACCACCTATG_014,81
CCCAGCGAGGACCACCTATG_015,168
CCCAGCGAGGACCACCTATG_016,144
CCCAGCGAGGACCACCTATG_017,29
CCCAGCGAGGACCACCTATG_018,68
CCCAGCGAGGACCACCTATG_019,170
CCCAGCGAGGACCACCTATG_020,160
CCCAGCGAGGACCACCTATG_021,191
CCCAGCGAGGACCACCTATG_022,92
CCCAGCGAGGACCACCTATG_023,116
CCCAGCGAGGACCACCTATG_024,53
CCCAGCGAGGACCACCTATG_025,131
CCCAGCGAGGACCACCTATG_026,36
CCCAGCGAGGACCACCTATG_027,119
CCCAGCGAGGACCACCTATG_028,183
CCCAGCGAGGACCACCTATG_029,164
CCCAGCGAGGACCACCTATG_030,152
CCCAGCGAGGACCACCTATG_031,121
CCCAGCGAGGACCACCTATG_032,29
CCCAGCGAGGACCACCTATG_033,15
CCCAGCGAGGACCACCTATG_034,30
CCCAGCGAGGACCACCTATG_035,63
CCCAGCGAGGACCACCTATG_036,182
CCCAGCGAGGACCACCTATG_037,170
CCCAGCGAGGACCACCTATG_038,166
CCCAGCGAGGACCACCTATG_039,118
GATGCTTTGTCAGACAAACA_001,70
GATGCTTTGTCAGACAAACA_002,32
GATGCTTTGTCAGACAAACA_003,48
GATGCTTTGTCAGACAAACA_004,121
GATGCTTTGTCAGACAAACA_005,147
GATGCTTTGTCAGACAAACA_006,120
GATGCTTTGTCAGACAAACA_007,98
GATGCTTTGTCAGACAAACA_008,40
GATGCTTTGTCAGACAAACA_009,160
GATGCTTTGTCAGACAAACA_010,127
GAAGCCCTTTACGTGTAAGG_001,77
GAAGCCCTTTACGTGTAAGG_002,4
GAAGCCCTTTACGTGTAAGG_003,29
GAAGCCCTTTACGTGTAAGG_004,155
GAAGCCCTTTACGTGTAAGG_005,142
GAAGCCCTTTACGTGTAAGG_006,113
GAAGCCCTTTACGTGTAAGG_007,162
GAAGCCCTTTACGTGTAAGG_008,94
GAAGCCCTTTACGTGTAAGG_009,84
GAAGCCCTTTACGTGTAAGG_010,61
GAAGCCCTTTACGTGTAAGG_011,9
GAAGCCCTTTACGTGTAAGG_012,154
GAAGCCCTTTACGTGTAAGG_013,55
GAAGCCCTTTACGTGTAAGG_014,111
GAAGCCCTTTACGTGTAAGG_015,76
GAAGCCCTTTACGTGTAAGG_016,160
GAAGCCCTTTACGTGTAAGG_017,68
GAAGCCCTTTACGTGTAAGG_018,58
GAAGCCCTTTACGTGTAAGG_019,32
GAAGCCCTTTACGTGTAAGG_020,126
GAAGCCCTTTACGTGTAAGG_021,6
GAAGCCCTTTACGTGTAAGG_022,27
GAAGCCCTTTACGTGTAAGG_023,43
GAAGCCCTTTACGTGTAAGG_024,154
GCCACTGATAGGAACCCTAG_001,112
GCCACTGATAGGAACCCTAG_002,62
GCCACTGATAGGAACCCTAG_003,21
GCCACTGATAGGAACCCTAG_004,15
GCCACTGATAGGAACCCTAG_005,62
GCCACTGATAGGAACCCTAG_006,29
GCCACTGATAGGAACCCTAG_007,101
GCCACTGATAGGAACCCTAG_008,36
GCCACTGATAGGAACCCTAG_009,25
GAAGTTCTCGAAGAACACTC_001,34
GAAGTTCTCGAAGAACACTC_002,165
GAAGTTCTCGAAGAACACTC_003,107
GAAGTTCTCGAAGAACACTC_004,40
GAAGTTCTCGAAGAACACTC_005,111
GAAGTTCTCGAAGAACACTC_006,32
GAAGTTCTCGAAGAACACTC_007,20
GAAGTTCTCGAAGAACACTC_008,98
GAAGTTCTCGAAGAACACTC_009,19
GAAGTTCTCGAAGAACACTC_010,120
GAAGTTCTCGAAGAACACTC_011,58
GAAGTTCTCGAAGAACACTC_012,177
GAAGTTCTCGAAGAACACTC_013,155
GAAGTTCTCGAAGAACACTC_014,53
GAAGTTCTCGAAGAACACTC_015,191
GAAGTTCTCGAAGAACACTC_016,152
GAAGTTCTCGAAGAACACTC_017,81
GTACACAAAATTGTCCAGCA_001,181
GTACACAAAATTGTCCAGCA_002,83
GTACACAAAATTGTCCAGCA_003,156
GTACACAAAATTGTCCAGCA_004,132
GTACACAAAATTGTCCAGCA_005,58
GTACACAAAATTGTCCAGCA_006,9
GTACACAAAATTGTCCAGCA_007,148
ACACCTCAGAGACCTAGCTC_001,33
ACACCTCAGAGACCTAGCTC_002,197
ACACCTCAGAGACCTAGCTC_003,178
ACACCTCAGAGACCTAGCTC_004,133
ACACCTCAGAGACCTAGCTC_005,64
ACACCTCAGAGACCTAGCTC_006,194
ACACCTCAGAGACCTAGCTC_007,62
ACACCTCAGAGACCTAGCTC_008,150
TCGGTAGAGCTGAGTACAGC_001,158
TCGGTAGAGCTGAGTACAGC_002,30
TCGGTAGAGCTGAGTACAGC_003,32
TCGGTAGAGCTGAGTACAGC_004,108
TCGGTAGAGCTGAGTACAGC_005,169
TCGGTAGAGCTGAGTACAGC_006,2
TCGGTAGAGCTGAGTACAGC_007,194
TTGTATCATTCACCACACCA_001,32
TTGTATCATTCACCACACCA_002,186
TTGTATCATTCACCACACCA_003,41
TTGTATCATTCACCACACCA_004,156
TTGTATCATTCACCACACCA_005,60
TTGTATCATTCACCACACCA_006,88
TTGTATCATTCACCACACCA_007,75
TTGTATCATTCACCACACCA_008,21
TTGTATCATTCACCACACCA_009,81
TTGTATCATTCACCACACCA_010,81
AATGGAAACTTCTCTCCGCT_001,102
AATGGAAACTTCTCTCCGCT_002,160
TGACCACCAAGAATGCAGGT_001,53
TGACCACCAAGAATGCAGGT_002,113
TGACCACCAAGAATGCAGGT_003,193
TGACCACCAAGAATGCAGGT_004,50
TGACCACCAAGAATGCAGGT_005,45
TGACCACCAAGAATGCAGGT_006,96
TGACCACCAAGAATGCAGGT_007,154
TGACCACCAAGAATGCAGGT_008,12
TGACCACCAAGAATGCAGGT_009,51
TGAGGTCCATACTTCTAGAC_001,88
TGAGGTCCATACTTCTAGAC_002,48
TGAGGTCCATACTTCTAGAC_003,10
GTGGGTGATTTAGCTCGAGA_001,93
GTGGGTGATTTAGCTCGAGA_002,58
GTGGGTGATTTAGCTCGAGA_003,127
GTGGGTGATTTAGCTCGAGA_004,108
AGAGGCACATGTCAATCATG_001,102
AGAGGCACATGTCAATCATG_002,47
AGAGGCACATGTCAATCATG_003,53
AGAGGCACATGTCAATCATG_004,115
AGAGGCACATGTCAATCATG_005,62
AGTTGCCATACAAAACAAGG_001,141
AGTTGCCATACAAAACAAGG_002,184
CATTCAGTAAGTCCCGAGCA_001,28
CATTCAGTAAGTCCCGAGCA_002,115
CATTCAGTAAGTCCCGAGCA_003,164
CATTCAGTAAGTCCCGAGCA_004,146
CATTCAGTAAGTCCCGAGCA_005,162
CATTCAGTAAGTCCCGAGCA_006,81
GACTCGGCAACAGAATCTGA_001,168
GACTCGGCAACAGAATCTGA_002,1
GACTCGGCAACAGAATCTGA_003,159
GACTCGGCAACAGAATCTGA_004,9
GACTCGGCAACAGAATCTGA_005,88
GACTCGGCAACAGAATCTGA_006,113
GACTCGGCAACAGAATCTGA_007,91
GACTCGGCAACAGAATCTGA_008,16
GACTCGGCAACAGAATCTGA_009,118
GACTCGGCAACAGAATCTGA_010,80
GACTCGGCAACAGAATCTGA_011,184
AGAACGTTCGTGGTTCCGTG_001,119
AGAACGTTCGTGGTTCCGTG_002,193
AGAACGTTCGTGGTTCCGTG_003,123
AGAACGTTCGTGGTTCCGTG_004,145
AGAACGTTCGTGGTTCCGTG_005,36
AGAACGTTCGTGGTTCCGTG_006,77
AGAACGTTCGTGGTTCCGTG_007,8
AGAACGTTCGTGGTTCCGTG_008,13
AGAACGTTCGTGGTTCCGTG_009,116
AGAACGTTCGTGGTTCCGTG_010,172
TTTCACCCAACGAATATGGG_001,102
TTTCACCCAACGAATATGGG_002,9
TTTCACCCAACGAATATGGG_003,89
TTTCACCCAACGAATATGGG_004,155
TTTCACCCAACGAATATGGG_005,145
TTTCACCCAACGAATATGGG_006,16
TTTCACCCAACGAATATGGG_007,12
TTTCACCCAACGAATATGGG_008,115
TTTCACCCAACGAATATGGG_009,63
TTTCACCCAACGAATATGGG_010,174
CTATCGCCAGTGACATTCCA_001,88
CTATCGCCAGTGACATTCCA_002,1
CTATCGCCAGTGACATTCCA_003,19
CTATCGCCAGTGACATTCCA_004,69
CTATCGCCAGTGACATTCCA_005,1
CTATCGCCAGTGACATTCCA_006,8
CTATCGCCAGTGACATTCCA_007,128
CTATCGCCAGTGACATTCCA_008,40
CTATCGCCAGTGACATTCCA_009,70
TCACCAGCGTGAAGTAGATG_001,198
TCACCAGCGTGAAGTAGATG_002,162
TCACCAGCGTGAAGTAGATG_003,2
TCACCAGCGTGAAGTAGATG_004,115
ATAATTACCGTGACTCAAAG_001,192
ATAATTACCGTGACTCAAAG_002,98
TTCCGTCGGGATTCGCCTGG_001,24
TTCCGTCGGGATTCGCCTGG_002,115
TTCCGTCGGGATTCGCCTGG_003,80
TTCCGTCGGGATTCGCCTGG_004,96
TTCCGTCGGGATTCGCCTGG_005,94
TTCCGTCGGGATTCGCCTGG_006,58
TTCCGTCGGGATTCGCCTGG_007,11
TTCCGTCGGGATTCGCCTGG_008,12
TTCCGTCGGGATTCGCCTGG_009,35
TTCCGTCGGGATTCGCCTGG_010,67
TTCCGTCGGGATTCGCCTGG_011,29
TTCCGTCGGGATTCGCCTGG_012,134
TTCCGTCGGGATTCGCCTGG_013,134
TTCCGTCGGGATTCGCCTGG_014,83
TTCCGTCGGGATTCGCCTGG_015,16
TTCCGTCGGGATTCGCCTGG_016,77
TTCCGTCGGGATTCGCCTGG_017,178
TTCCGTCGGGATTCGCCTGG_018,10
TTCCGTCGGGATTCGCCTGG_019,149
TTCCGTCGGGATTCGCCTGG_020,78
TTCCGTCGGGATTCGCCTGG_021,180
TTCCGTCGGGATTCGCCTGG_022,124
TTCCGTCGGGATTCGCCTGG_023,66
TTCCGTCGGGATTCGCCTGG_024,62
TTCCGTCGGGATTCGCCTGG_025,186
TTCCGTCGGGATTCGCCTGG_026,102
TTCCGTCGGGATTCGCCTGG_027,37
TTCCGTCGGGATTCGCCTGG_028,152
TTCCGTCGGGATTCGCCTGG_029,180
AATCTGTGCCAAGCAACCAG_001,166
AATCTGTGCCAAGCAACCAG_002,22
AATCTGTGCCAAGCAACCAG_003,106
AATCTGTGCCAAGCAACCAG_004,67
AATCTGTGCCAAGCAACCAG_005,69
AATCTGTGCCAAGCAACCAG_006,9
AATCTGTGCCAAGCAACCAG_007,78
AATCTGTGCCAAGCAACCAG_008,188
AATCTGTGCCAAGCAACCAG_009,8
AATCTGTGCCAAGCAACCAG_010,105
AATCTGTGCCAAGCAACCAG_011,45
AATCTGTGCCAAGCAACCAG_012,144
AATCTGTGCCAAGCAACCAG_013,172
AATCTGTGCCAAGCAACCAG_014,63
AATCTGTGCCAAGCAACCAG_015,146
AATCTGTGCCAAGCAACCAG_016,94
AATCTGTGCCAAGCAACCAG_017,147
AATCTGTGCCAAGCAACCAG_018,149
AATCTGTGCCAAGCAACCAG_019,172
AATCTGTGCCAAGCAACCAG_020,26
AATCTGTGCCAAGCAACCAG_021,166
AATCTGTGCCAAGCAACCAG_022,152
AATCTGTGCCAAGCAACCAG_023,98
AATCTGTGCCAAGCAACCAG_024,22
AATCTGTGCCAAGCAACCAG_025,69
AATCTGTGCCAAGCAACCAG_026,131
AATCTGTGCCAAGCAACCAG_027,172
AATCTGTGCCAAGCAACCAG_028,12
AATCTGTGCCAAGCAACCAG_029,163
AATCTGTGCCAAGCAACCAG_030,178
AATCTGTGCCAAGCAACCAG_031,49
AATCTGTGCCAAGCAACCAG_032,188
AATCTGTGCCAAGCAACCAG_033,0
CTTTATGTGGCAACAATGGT_001,76
CTTTATGTGGCAACAATGGT_002,176
CTTTATGTGGCAACAATGGT_003,68
CTTTATGTGGCAACAATGGT_004,8
CTTTATGTGGCAACAATGGT_005,134
CTTTATGTGGCAACAATGGT_006,63
CTTTATGTGGCAACAATGGT_007,129
CTTTATGTGGCAACAATGGT_008,93
CTTTATGTGGCAACAATGGT_009,150
CTTTATGTGGCAACAATGGT_010,9
CTTTATGTGGCAACAATGGT_011,67
CTTTATGTGGCAACAATGGT_012,113
CTTTATGTGGCAACAATGGT_013,31
CTTTATGTGGCAACAATGGT_014,170
CTTTATGTGGCAACAATGGT_015,0
CTTTATGTGGCAACAATGGT_016,144
CTTTATGTGGCAACAATGGT_017,138
GAAGCTCGTGGTCTGAATAC_001,72
GAAGCTCGTGGTCTGAATAC_002,184
GAAGCTCGTGGTCTGAATAC_003,45
GAAGCTCGTGGTCTGAATAC_004,163
GAAGCTCGTGGTCTGAATAC_005,163
GCAATGTATTTCCACGCGTG_001,34
GCAATGTATTTCCACGCGTG_002,66
ACTCAGTGCTAATGGGACAT_001,158
ACTCAGTGCTAATGGGACAT_002,77
ACTCAGTGCTAATGGGACAT_003,64
ACTCAGTGCTAATGGGACAT_004,196
ACTCAGTGCTAATGGGACAT_005,88
ACTCAGTGCTAATGGGACAT_006,73
ACTCAGTGCTAATGGGACAT_007,148
ACTCAGTGCTAATGGGACAT_008,150
ACTCAGTGCTAATGGGACAT_009,163
ACTCAGTGCTAATGGGACAT_010,85
ACTCAGTGCTAATGGGACAT_011,166
ACTCAGTGCTAATGGGACAT_012,142
ACTCAGTGCTAATGGGACAT_013,165
ACTCCGACCTCATCCCCGAG_001,146
ACTCCGACCTCATCCCCGAG_002,15
GCAACGTCAAGTGTGTTACG_001,116
GCAACGTCAAGTGTGTTACG_002,77
GCAACGTCAAGTGTGTTACG_003,3
GCAACGTCAAGTGTGTTACG_004,40
GCAACGTCAAGTGTGTTACG_005,175
GCAACGTCAAGTGTGTTACG_006,8
GCAACGTCAAGTGTGTTACG_007,140
GCAACGTCAAGTGTGTTACG_008,176
GCAACGTCAAGTGTGTTACG_009,60
TGTGATGAACACATGGAGCT_001,84
TGTGATGAACACATGGAGCT_002,149
TGTGATGAACACATGGAGCT_003,168
TGTGATGAACACATGGAGCT_004,184
TGTGATGAACACATGGAGCT_005,8
TGTGATGAACACATGGAGCT_006,19
TGTGATGAACACATGGAGCT_007,160
TGTGATGAACACATGGAGCT_008,115
TGTGATGAACACATGGAGCT_009,57
TGTGATGAACACATGGAGCT_010,170
TGTGATGAACACATGGAGCT_011,66
TGTGATGAACACATGGAGCT_012,115
TTGAAGTTCATGATCCACGA_001,9
TTGAAGTTCATGATCCACGA_002,8
TTGAAGTTCATGATCCACGA_003,56
TTGAAGTTCATGATCCACGA_004,146
TTGAAGTTCATGATCCACGA_005,16
AGGAATGACTGTGGTCCAGG_001,139
AGGAATGACTGTGGTCCAGG_002,24
AGGAATGACTGTGGTCCAGG_003,195
AGGAATGACTGTGGTCCAGG_004,44
AGGAATGACTGTGGTCCAGG_005,153
AGGAATGACTGTGGTCCAGG_006,118
AGGAATGACTGTGGTCCAGG_007,152
AGGAATGACTGTGGTCCAGG_008,3
AGGAATGACTGTGGTCCAGG_009,14
AGGAATGACTGTGGTCCAGG_010,48
AGGAATGACTGTGGTCCAGG_011,115
AGGAATGACTGTGGTCCAGG_012,127
AGGAATGACTGTGGTCCAGG_013,182
AGGAATGACTGTGGTCCAGG_014,63
AGGAATGACTGTGGTCCAGG_015,55
AGGAATGACTGTGGTCCAGG_016,67
AGGAATGACTGTGGTCCAGG_017,63
AGGAATGACTGTGGTCCAGG_018,27
AGGAATGACTGTGGTCCAGG_019,33
AGGAATGACTGTGGTCCAGG_020,160
CGGCACATGAGGGAGCCGAA_001,33
CGGCACATGAGGGAGCCGAA_002,183
CGGCACATGAGGGAGCCGAA_003,81
GCCAAGGTGCACCCTAAGGG_001,134
GCCAAGGTGCACCCTAAGGG_002,184
GCCAAGGTGCACCCTAAGGG_003,78
GCCAAGGTGCACCCTAAGGG_004,189
GCCAAGGTGCACCCTAAGGG_005,49
GCCAAGGTGCACCCTAAGGG_006,15
GCCAAGGTGCACCCTAAGGG_007,22
GCCAAGGTGCACCCTAAGGG_008,61
GCCAAGGTGCACCCTAAGGG_009,48
GCCAAGGTGCACCCTAAGGG_010,105
GCCAAGGTGCACCCTAAGGG_011,31
GCCAAGGTGCACCCTAAGGG_012,78
GCCAAGGTGCACCCTAAGGG_013,83
GCCAAGGTGCACCCTAAGGG_014,173
GCCAAGGTGCACCCTAAGGG_015,48
GCCAAGGTGCACCCTAAGGG_016,33
GCCAAGGTGCACCCTAAGGG_017,65
GCCAAGGTGCACCCTAAGGG_018,47
GCCAAGGTGCACCCTAAGGG_019,81
GCCAAGGTGCACCCTAAGGG_020,187
GCCAAGGTGCACCCTAAGGG_021,120
GCCAAGGTGCACCCTAAGGG_022,163
GCCAAGGTGCACCCTAAGGG_023,184
GCCAAGGTGCACCCTAAGGG_024,154
GCCAAGGTGCACCCTAAGGG_025,24
GCCAAGGTGCACCCTAAGGG_026,94
GCCAAGGTGCACCCTAAGGG_027,168
GCCAAGGTGCACCCTAAGGG_028,197
GCCAAGGTGCACCCTAAGGG_029,85
GCCAAGGTGCACCCTAAGGG_030,133
GCCAAGGTGCACCCTAAGGG_031,144
AATGTTTGGAAACTGCATCG_001,61
AATGTTTGGAAACTGCATCG_002,26
AATGTTTGGAAACTGCATCG_003,168
AATGTTTGGAAACTGCATCG_004,78
AATGTTTGGAAACTGCATCG_005,39
AATGTTTGGAAACTGCATCG_006,39
GTATTGGAAATACCCCCAGT_001,162
GTATTGGAAATACCCCCAGT_002,58
GTATTGGAAATACCCCCAGT_003,94
CACAGGGGACACTTAAAAGT_001,132
CACAGGGGACACTTAAAAGT_002,174
CACAGGGGACACTTAAAAGT_003,178
CACAGGGGACACTTAAAAGT_004,125
AAAGATTCTTGATGTTCTTG_001,26
AAAGATTCTTGATGTTCTTG_002,149
AAAGATTCTTGATGTTCTTG_003,175
AAAGATTCTTGATGTTCTTG_004,19
AAAGATTCTTGATGTTCTTG_005,148
AAAGATTCTTGATGTTCTTG_006,98
AAAGATTCTTGATGTTCTTG_007,177
ATTCAGCAAAGCTTCCAATG_001,98
ATTCAGCAAAGCTTCCAATG_002,153
ATTCAGCAAAGCTTCCAATG_003,82
ATTCAGCAAAGCTTCCAATG_004,101
ATTCAGCAAAGCTTCCAATG_005,166
ATTCAGCAAAGCTTCCAATG_006,167
ATTCAGCAAAGCTTCCAATG_007,96
ATTCAGCAAAGCTTCCAATG_008,197
ATTCAGCAAAGCTTCCAATG_009,107
ATTCAGCAAAGCTTCCAATG_010,81
ATTCAGCAAAGCTTCCAATG_011,115
ATTCAGCAAAGCTTCCAATG_012,32
ATTCAGCAAAGCTTCCAATG_013,139
ATTCAGCAAAGCTTCCAATG_014,91
ATTCAGCAAAGCTTCCAATG_015,47
ATTCAGCAAAGCTTCCAATG_016,150
ATTCAGCAAAGCTTCCAATG_017,17
ATTCAGCAAAGCTTCCAATG_018,1
ATTCAGCAAAGCTTCCAATG_019,177
AGTCATCGCTGACCCACAGT_001,105
AGTCATCGCTGACCCACAGT_002,129
AGTCATCGCTGACCCACAGT_003,155
AGTCATCGCTGACCCACAGT_004,14
AGTCATCGCTGACCCACAGT_005,171
GATGCTTTGTGAGATGTAGG_001,140
GATGCTTTGTGAGATGTAGG_002,2
GATGCTTTGTGAGATGTAGG_003,127
GATGCTTTGTGAGATGTAGG_004,153
GATGCTTTGTGAGATGTAGG_005,70
TCCTACTTTAGACTTGGACA_001,107
TCCTACTTTAGACTTGGACA_002,185
TCCTACTTTAGACTTGGACA_003,154
AAAGCGCAAGAGCCAGTCAA_001,54
AAAGCGCAAGAGCCAGTCAA_002,94
AAAGCGCAAGAGCCAGTCAA_003,98
AAAGCGCAAGAGCCAGTCAA_004,187
AAAGCGCAAGAGCCAGTCAA_005,21
AAAGCGCAAGAGCCAGTCAA_006,102
AAAGCGCAAGAGCCAGTCAA_007,116
AAAGCGCAAGAGCCAGTCAA_008,61
AAAGCGCAAGAGCCAGTCAA_009,88
AAAGCGCAAGAGCCAGTCAA_010,127
AAAGCGCAAGAGCCAGTCAA_011,76
AAAGCGCAAGAGCCAGTCAA_012,177
AAAGCGCAAGAGCCAGTCAA_013,127
AAAGCGCAAGAGCCAGTCAA_014,184
AAAGCGCAAGAGCCAGTCAA_015,65
AAAGCGCAAGAGCCAGTCAA_016,175
AAAGCGCAAGAGCCAGTCAA_017,149
AAAGCGCAAGAGCCAGTCAA_018,105
AAAGCGCAAGAGCCAGTCAA_019,12
AAAGCGCAAGAGCCAGTCAA_020,184
CACACTGCAGATCTTCGTGT_001,34
CACACTGCAGATCTTCGTGT_002,188
CACACTGCAGATCTTCGTGT_003,192
CACACTGCAGATCTTCGTGT_004,35
CACACTGCAGATCTTCGTGT_005,118
CACACTGCAGATCTTCGTGT_006,95
CACACTGCAGATCTTCGTGT_007,68
CACACTGCAGATCTTCGTGT_008,63
CACACTGCAGATCTTCGTGT_009,114
CACACTGCAGATCTTCGTGT_010,114
CAGTGCCCAAACTAACCACG_001,124
CAGTGCCCAAACTAACCACG_002,141
CAGTGCCCAAACTAACCACG_003,156
CAGTGCCCAAACTAACCACG_004,44
CAGTGCCCAAACTAACCACG_005,169
CAGTGCCCAAACTAACCACG_006,160
CAGTGCCCAAACTAACCACG_007,43
ACGTGTCTGTGGTCTTCAAG_001,126
ACGTGTCTGTGGTCTTCAAG_002,0
ACGTGTCTGTGGTCTTCAAG_003,116
ACGTGTCTGTGGTCTTCAAG_004,38
ACGTGTCTGTGGTCTTCAAG_005,77
ACGTGTCTGTGGTCTTCAAG_006,153
ACGTGTCTGTGGTCTTCAAG_007,183
CATTTGGTTTGACTCCCAAG_001,62
CATTTGGTTTGACTCCCAAG_002,19
CATTTGGTTTGACTCCCAAG_003,16
CATTTGGTTTGACTCCCAAG_004,49
CATTTGGTTTGACTCCCAAG_005,146
CATTTGGTTTGACTCCCAAG_006,91
CATTTGGTTTGACTCCCAAG_007,1
CATTTGGTTTGACTCCCAAG_008,188
CATTTGGTTTGACTCCCAAG_009,48
CATTTGGTTTGACTCCCAAG_010,117
CATTTGGTTTGACTCCCAAG_011,133
CATTTGGTTTGACTCCCAAG_012,192
GGGAACGTGTACCACGCCAA_001,148
GGGAACGTGTACCACGCCAA_002,146
GGGAACGTGTACCACGCCAA_003,141
GGGAACGTGTACCACGCCAA_004,132
GGGAACGTGTACCACGCCAA_005,193
GGGAACGTGTACCACGCCAA_006,146
GGGAACGTGTACCACGCCAA_007,26
GGGAACGTGTACCACGCCAA_008,98
TATTGCTCTTCAGTCGACAA_001,120
TATTGCTCTTCAGTCGACAA_002,132
TCACACACTGAAGACTCCTG_001,62
TCACACACTGAAGACTCCTG_002,9
TCACACACTGAAGACTCCTG_003,163
TCACACACTGAAGACTCCTG_004,6
TCACACACTGAAGACTCCTG_005,169
TCACACACTGAAGACTCCTG_006,29
ATAGCTGTCTGTGTTACCCA_001,50
ATAGCTGTCTGTGTTACCCA_002,15
ATAGCTGTCTGTGTTACCCA_003,66
ATAGCTGTCTGTGTTACCCA_004,89
ATAGCTGTCTGTGTTACCCA_005,60
ATAGCTGTCTGTGTTACCCA_006,188
ATAGCTGTCTGTGTTACCCA_007,137
ATAGCTGTCTGTGTTACCCA_008,175
ATAGCTGTCTGTGTTACCCA_009,168
ATAGCTGTCTGTGTTACCCA_010,0
ACTGGTTACACAACATTCTG_001,168
ACTGGTTACACAACATTCTG_002,127
ACTGGTTACACAACATTCTG_003,54
ACTGGTTACACAACATTCTG_004,31
ACTGGTTACACAACATTCTG_005,46
ACTGGTTACACAACATTCTG_006,193
ACTGGTTACACAACATTCTG_007,144
ACTGGTTACACAACATTCTG_008,172
ACTGGTTACACAACATTCTG_009,19
ACTGGTTACACAACATTCTG_010,84
ACTGGTTACACAACATTCTG_011,43
ACTGGTTACACAACATTCTG_012,54
ACTGGTTACACAACATTCTG_013,157
ACTGGTTACACAACATTCTG_014,139
ACTGGTTACACAACATTCTG_015,95
ACTGGTTACACAACATTCTG_016,184
ACTGGTTACACAACATTCTG_017,145
ACTGGTTACACAACATTCTG_018,97
ACTGGTTACACAACATTCTG_019,80
ACTGGTTACACAACATTCTG_020,180
CGGCTACATCAACGGCGACG_001,171
CGGCTACATCAACGGCGACG_002,152
CGGCTACATCAACGGCGACG_003,26
CGGCTACATCAACGGCGACG_004,90
CGGCTACATCAACGGCGACG_005,165
ATACTACTGAAATCTATTCG_001,48
ATTCCCGCAATGAAGGCCAG_001,42
ATTCCCGCAATGAAGGCCAG_002,39
ATTCCCGCAATGAAGGCCAG_003,152
ATTCCCGCAATGAAGGCCAG_004,59
ATTCCCGCAATGAAGGCCAG_005,71
ATTCCCGCAATGAAGGCCAG_006,70
AGGAGAAGGTGGTGTACTCG_001,38
AGGAGAAGGTGGTGTACTCG_002,27
AGGAGAAGGTGGTGTACTCG_003,148
AGGAGAAGGTGGTGTACTCG_004,2
AGGAGAAGGTGGTGTACTCG_005,17
AGGAGAAGGTGGTGTACTCG_006,76
AGGAGAAGGTGGTGTACTCG_007,93
AGGAGAAGGTGGTGTACTCG_008,82
AGGAGAAGGTGGTGTACTCG_009,75
ATACACGTGCTAGGTAACTC_001,199
ATACACGTGCTAGGTAACTC_002,42
ATACACGTGCTAGGTAACTC_003,130
ATACACGTGCTAGGTAACTC_004,134
ATACACGTGCTAGGTAACTC_005,133
ATACACGTGCTAGGTAACTC_006,176
ATACACGTGCTAGGTAACTC_007,102
ATACACGTGCTAGGTAACTC_008,198
TACGACGAGATTCTCATACC_001,147
TACGACGAGATTCTCATACC_002,129
TACGACGAGATTCTCATACC_003,193
TTTAGTTCTGAAGAGGAACG_001,166
TTTAGTTCTGAAGAGGAACG_002,40
TTTAGTTCTGAAGAGGAACG_003,188
TTTAGTTCTGAAGAGGAACG_004,13
TTTAGTTCTGAAGAGGAACG_005,197
TTTAGTTCTGAAGAGGAACG_006,42
TTTAGTTCTGAAGAGGAACG_007,112
GGCACAGAGTCAATTAAGGG_001,99
GGCACAGAGTCAATTAAGGG_002,8
GGCACAGAGTCAATTAAGGG_003,195
GGCACAGAGTCAATTAAGGG_004,194
GGCACAGAGTCAATTAAGGG_005,80
GGCACAGAGTCAATTAAGGG_006,15
GGCACAGAGTCAATTAAGGG_007,172
AGTGCTGGCACTGTCACGTG_001,78
AGTGCTGGCACTGTCACGTG_002,52
AGTGCTGGCACTGTCACGTG_003,83
AGTGCTGGCACTGTCACGTG_004,11
AGTGCTGGCACTGTCACGTG_005,93
CGATCTCCTGCACAAACGCG_001,60
CGATCTCCTGCACAAACGCG_002,188
CGATCTCCTGCACAAACGCG_003,52
CGATCTCCTGCACAAACGCG_004,5
CGATCTCCTGCACAAACGCG_005,161
CGATCTCCTGCACAAACGCG_006,22
CGATCTCCTGCACAAACGCG_007,128
CGATCTCCTGCACAAACGCG_008,9
CGATCTCCTGCACAAACGCG_009,107
CGATCTCCTGCACAAACGCG_010,194
CGATCTCCTGCACAAACGCG_011,178
CGATCTCCTGCACAAACGCG_012,161
CGATCTCCTGCACAAACGCG_013,3
ATGATAAGGATGATTACTGG_001,139
ATGATAAGGATGATTACTGG_002,97
ATGATAAGGATGATTACTGG_003,125
ATGATAAGGATGATTACTGG_004,134
ATGATAAGGATGATTACTGG_005,175
ATGATAAGGATGATTACTGG_006,92
CTCACAATCTCCCTCAAGGG_001,169
CTCACAATCTCCCTCAAGGG_002,56
CTCACAATCTCCCTCAAGGG_003,142
CTCACAATCTCCCTCAAGGG_004,160
CTCACAATCTCCCTCAAGGG_005,65
CTCACAATCTCCCTCAAGGG_006,184
CTCACAATCTCCCTCAAGGG_007,176
CTCACAATCTCCCTCAAGGG_008,124
CTCACAATCTCCCTCAAGGG_009,169
CTCACAATCTCCCTCAAGGG_010,63
TGTAAAACCTGTTTGTACAG_001,108
TGTAAAACCTGTTTGTACAG_002,57
ACACGTACGTTCTGTGCTTG_001,106
ACACGTACGTTCTGTGCTTG_002,42
ACACGTACGTTCTGTGCTTG_003,5
ACACGTACGTTCTGTGCTTG_004,194
ACACGTACGTTCTGTGCTTG_005,50
ACACGTACGTTCTGTGCTTG_006,77
ACACGTACGTTCTGTGCTTG_007,168
ACACGTACGTTCTGTGCTTG_008,141
ACACGTACGTTCTGTGCTTG_009,138
ACACGTACGTTCTGTGCTTG_010,168
ACACGTACGTTCTGTGCTTG_011,130
ACACGTACGTTCTGTGCTTG_012,123
AAGCAATACCAGTGCCACGG_001,198
AAGCAATACCAGTGCCACGG_002,48
AAGCAATACCAGTGCCACGG_003,1
AAGCAATACCAGTGCCACGG_004,147
AAGCAATACCAGTGCCACGG_005,49
AAGCAATACCAGTGCCACGG_006,1
GTGTTCGACTTATTGAAGGG_001,27
GTGTTCGACTTATTGAAGGG_002,111
GTGTTCGACTTATTGAAGGG_003,62
TGACGGTCTTAGAGGCACAG_001,103
TGACGGTCTTAGAGGCACAG_002,94
TGACGGTCTTAGAGGCACAG_003,178
TGACGGTCTTAGAGGCACAG_004,188
TGACGGTCTTAGAGGCACAG_005,64
TGACGGTCTTAGAGGCACAG_006,104
TGACGGTCTTAGAGGCACAG_007,115
TGACGGTCTTAGAGGCACAG_008,85
TGACGGTCTTAGAGGCACAG_009,198
TGACGGTCTTAGAGGCACAG_010,162
TGACGGTCTTAGAGGCACAG_011,49
TGACGGTCTTAGAGGCACAG_012,184
TGACGGTCTTAGAGGCACAG_013,158
TGACGGTCTTAGAGGCACAG_014,153
TGACGGTCTTAGAGGCACAG_015,37
TGACGGTCTTAGAGGCACAG_016,185
TGACGGTCTTAGAGGCACAG_017,63
TGACGGTCTTAGAGGCACAG_018,63
TGACGGTCTTAGAGGCACAG_019,67
TGACGGTCTTAGAGGCACAG_020,197
TGACGGTCTTAGAGGCACAG_021,177
TGACGGTCTTAGAGGCACAG_022,116
TGACGGTCTTAGAGGCACAG_023,23
TGACGGTCTTAGAGGCACAG_024,175
TGACGGTCTTAGAGGCACAG_025,19
TGACGGTCTTAGAGGCACAG_026,13
TGACGGTCTTAGAGGCACAG_027,97
TGACGGTCTTAGAGGCACAG_028,92
TGACGGTCTTAGAGGCACAG_029,94
TGACGGTCTTAGAGGCACAG_030,169
TGACGGTCTTAGAGGCACAG_031,62
TGACGGTCTTAGAGGCACAG_032,70
TGACGGTCTTAGAGGCACAG_033,63
TGACGGTCTTAGAGGCACAG_034,138
ATCAACGGCTTGAAGACTGT_001,68
ATCAACGGCTTGAAGACTGT_002,8
ATCAACGGCTTGAAGACTGT_003,111
ATCAACGGCTTGAAGACTGT_004,78
ATCAACGGCTTGAAGACTGT_005,41
ATCAACGGCTTGAAGACTGT_006,0
ATCAACGGCTTGAAGACTGT_007,70
ATCAACGGCTTGAAGACTGT_008,160
TTTGGTGCAGAACATTTGAT_001,77
TTTGGTGCAGAACATTTGAT_002,105
TTTGGTGCAGAACATTTGAT_003,191
TTTGGTGCAGAACATTTGAT_004,150
TTTGGTGCAGAACATTTGAT_005,0
TTTGGTGCAGAACATTTGAT_006,15
TTTGGTGCAGAACATTTGAT_007,55
TTTGGTGCAGAACATTTGAT_008,63
TTTGGTGCAGAACATTTGAT_009,60
TTAATTCCAGAGCCAACACT_001,117
TTAATTCCAGAGCCAACACT_002,62
TTAATTCCAGAGCCAACACT_003,97
TTAATTCCAGAGCCAACACT_004,158
TTAATTCCAGAGCCAACACT_005,50
TTAATTCCAGAGCCAACACT_006,137
TTAATTCCAGAGCCAACACT_007,25
TTAATTCCAGAGCCAACACT_008,92
TTAATTCCAGAGCCAACACT_009,130
TTAATTCCAGAGCCAACACT_010,56
TTAATTCCAGAGCCAACACT_011,141
TTAATTCCAGAGCCAACACT_012,28
TGGCCCCAAAGCCATAAGCT_001,152
TGGCCCCAAAGCCATAAGCT_002,26
TGGCCCCAAAGCCATAAGCT_003,71
TGGCCCCAAAGCCATAAGCT_004,95
TGGCCCCAAAGCCATAAGCT_005,197
TGGCCCCAAAGCCATAAGCT_006,144
TGGCCCCAAAGCCATAAGCT_007,182
TGGCCCCAAAGCCATAAGCT_008,60
TGGCCCCAAAGCCATAAGCT_009,176
TGGCCCCAAAGCCATAAGCT_010,106
TGGCCCCAAAGCCATAAGCT_011,56
CGGAGTCCTCCGGTCCAATG_001,9
CGGAGTCCTCCGGTCCAATG_002,73
CGGAGTCCTCCGGTCCAATG_003,164
CGGAGTCCTCCGGTCCAATG_004,23
CGGAGTCCTCCGGTCCAATG_005,5
CGGAGTCCTCCGGTCCAATG_006,157
CGGAGTCCTCCGGTCCAATG_007,53
CGGAGTCCTCCGGTCCAATG_008,56
CGGAGTCCTCCGGTCCAATG_009,59
CGGAGTCCTCCGGTCCAATG_010,184
CGGAGTCCTCCGGTCCAATG_011,105
CGGAGTCCTCCGGTCCAATG_012,11
CGGAGTCCTCCGGTCCAATG_013,102
CGGAGTCCTCCGGTCCAATG_014,146
CGGAGTCCTCCGGTCCAATG_015,119
CGGAGTCCTCCGGTCCAATG_016,72
CGGAGTCCTCCGGTCCAATG_017,47
CGGAGTCCTCCGGTCCAATG_018,178
CGGAGTCCTCCGGTCCAATG_019,75
CGGAGTCCTCCGGTCCAATG_020,179
CGGAGTCCTCCGGTCCAATG_021,81
CGGAGTCCTCCGGTCCAATG_022,145
CGGAGTCCTCCGGTCCAATG_023,108
CGGAGTCCTCCGGTCCAATG_024,178
CGGAGTCCTCCGGTCCAATG_025,150
CGGAGTCCTCCGGTCCAATG_026,132
CGGAGTCCTCCGGTCCAATG_027,22
CGGAGTCCTCCGGTCCAATG_028,142
CGGAGTCCTCCGGTCCAATG_029,90
CGGAGTCCTCCGGTCCAATG_030,177
CGGAGTCCTCCGGTCCAATG_031,74
CGGAGTCCTCCGGTCCAATG_032,180
CGGAGTCCTCCGGTCCAATG_033,52
CGGAGTCCTCCGGTCCAATG_034,165
CGGAGTCCTCCGGTCCAATG_035,32
CGGAGTCCTCCGGTCCAATG_036,22
CGGAGTCCTCCGGTCCAATG_037,57
CGGAGTCCTCCGGTCCAATG_038,126
CAAGGGATATCGGACTGTCG_001,76
CAAGGGATATCGGACTGTCG_002,140
CAAGGGATATCGGACTGTCG_003,145
CAAGGGATATCGGACTGTCG_004,50
CAAGGGATATCGGACTGTCG_005,61
GGGAAAGCTCCAATCCCAGG_001,104
GGGAAAGCTCCAATCCCAGG_002,181
GGGAAAGCTCCAATCCCAGG_003,176
GGGAAAGCTCCAATCCCAGG_004,80
GGGAAAGCTCCAATCCCAGG_005,126
GGGCCACAGCCCAAGACAGG_001,48
GGGCCACAGCCCAAGACAGG_002,58
GGGCCACAGCCCAAGACAGG_003,75
GGGCCACAGCCCAAGACAGG_004,159
GGGCCACAGCCCAAGACAGG_005,50
GGGCCACAGCCCAAGACAGG_006,155
GGGCCACAGCCCAAGACAGG_007,168
GGGCCACAGCCCAAGACAGG_008,133
GGGCCACAGCCCAAGACAGG_009,8
ACGCAAAGCCATGTACACAA_001,92
ACGCAAAGCCATGTACACAA_002,15
ACGCAAAGCCATGTACACAA_003,161
ACGCAAAGCCATGTACACAA_004,2
ACGCAAAGCCATGTACACAA_005,78
ACGCAAAGCCATGTACACAA_006,82
ACGCAAAGCCATGTACACAA_007,113
ACGCAAAGCCATGTACACAA_008,73
ACGCAAAGCCATGTACACAA_009,96
ACGCAAAGCCATGTACACAA_010,3
ACGCAAAGCCATGTACACAA_011,138
TGTGACACCAAATATAAAGA_001,157
AAGGCCGCCAGTACTAACAC_001,113
AAGGCCGCCAGTACTAACAC_002,150
AAGGCCGCCAGTACTAACAC_003,32
AAGGCCGCCAGTACTAACAC_004,41
AAGGCCGCCAGTACTAACAC_005,63
AAGGCCGCCAGTACTAACAC_006,52
AAGGCCGCCAGTACTAACAC_007,152
AAGGCCGCCAGTACTAACAC_008,137
CGGTCGCCATTAAATATCTG_001,169
CGGTCGCCATTAAATATCTG_002,121
CGGTCGCCATTAAATATCTG_003,124
CGGTCGCCATTAAATATCTG_004,155
CGGTCGCCATTAAATATCTG_005,148
CGGTCGCCATTAAATATCTG_006,97
CGGTCTCTACAAGGGACTCG_001,150
CGGTCTCTACAAGGGACTCG_002,49
CGGTCTCTACAAGGGACTCG_003,73
CGGTCTCTACAAGGGACTCG_004,137
CGGTCTCTACAAGGGACTCG_005,33
CGGTCTCTACAAGGGACTCG_006,66
CGGTCTCTACAAGGGACTCG_007,158
CGGTCTCTACAAGGGACTCG_008,105
CGGTCTCTACAAGGGACTCG_009,190
CGGTCTCTACAAGGGACTCG_010,29
CGGTCTCTACAAGGGACTCG_011,46
CGGTCTCTACAAGGGACTCG_012,48
GCAGGACATCCTCCGAACCA_001,29
GCAGGACATCCTCCGAACCA_002,96
GCAGGACATCCTCCGAACCA_003,70
GCAGGACATCCTCCGAACCA_004,196
GCAGGACATCCTCCGAACCA_005,71
GCAGGACATCCTCCGAACCA_006,179
GCAGGACATCCTCCGAACCA_007,158
GCAGGACATCCTCCGAACCA_008,22
GCAGGACATCCTCCGAACCA_009,147
CACCGCCTTAGCTTCTGCGT_001,155
CACCGCCTTAGCTTCTGCGT_002,78
CACCGCCTTAGCTTCTGCGT_003,197
CACCGCCTTAGCTTCTGCGT_004,65
CACCGCCTTAGCTTCTGCGT_005,165
CACCGCCTTAGCTTCTGCGT_006,104
CACCGCCTTAGCTTCTGCGT_007,96
CACCGCCTTAGCTTCTGCGT_008,36
CACCGCCTTAGCTTCTGCGT_009,36
CACCGCCTTAGCTTCTGCGT_010,100
CACCGCCTTAGCTTCTGCGT_011,184
CACCGCCTTAGCTTCTGCGT_012,67
CACCGCCTTAGCTTCTGCGT_013,94
CACCGCCTTAGCTTCTGCGT_014,78
CACCGCCTTAGCTTCTGCGT_015,127
CACCGCCTTAGCTTCTGCGT_016,116
CACCGCCTTAGCTTCTGCGT_017,129
CACCGCCTTAGCTTCTGCGT_018,9
CACCGCCTTAGCTTCTGCGT_019,68
CACCGCCTTAGCTTCTGCGT_020,153
TCGCCGCCCCCCTCGAAGGA_001,62
TCGCCGCCCCCCTCGAAGGA_002,43
TCGCCGCCCCCCTCGAAGGA_003,144
TCGCCGCCCCCCTCGAAGGA_004,9
TCGCCGCCCCCCTCGAAGGA_005,23
TCGCCGCCCCCCTCGAAGGA_006,188
TCGCCGCCCCCCTCGAAGGA_007,177
TCGCCGCCCCCCTCGAAGGA_008,1
TCGCCGCCCCCCTCGAAGGA_009,141
TCGCCGCCCCCCTCGAAGGA_010,59
TCGCCGCCCCCCTCGAAGGA_011,17
TCGCCGCCCCCCTCGAAGGA_012,175
TCGCCGCCCCCCTCGAAGGA_013,188
TCGCCGCCCCCCTCGAAGGA_014,91
TCGCCGCCCCCCTCGAAGGA_015,9
TCGCCGCCCCCCTCGAAGGA_016,166
TCGCCGCCCCCCTCGAAGGA_017,16
TCGCCGCCCCCCTCGAAGGA_018,60
TCGCCGCCCCCCTCGAAGGA_019,162
TCGCCGCCCCCCTCGAAGGA_020,156
TCGCCGCCCCCCTCGAAGGA_021,177
TCGCCGCCCCCCTCGAAGGA_022,108
TCGCCGCCCCCCTCGAAGGA_023,13
TCGCCGCCCCCCTCGAAGGA_024,138
TCGCCGCCCCCCTCGAAGGA_025,68
TCGCCGCCCCCCTCGAAGGA_026,162
TCGCCGCCCCCCTCGAAGGA_027,130
TCGCCGCCCCCCTCGAAGGA_028,34
TCGCCGCCCCCCTCGAAGGA_029,52
TGTGACTTCATCACTAAGTG_001,57
TGTGACTTCATCACTAAGTG_002,187
AGGGACCAATACTGTGATCT_001,167
AGGGACCAATACTGTGATCT_002,22
AGGGACCAATACTGTGATCT_003,15
AGGGACCAATACTGTGATCT_004,48
AGGGACCAATACTGTGATCT_005,173
AGGGACCAATACTGTGATCT_006,50
AGGGACCAATACTGTGATCT_007,188
AGGGACCAATACTGTGATCT_008,27
TGACGTGAGTCCGCGCCAGG_001,143
TGACGTGAGTCCGCGCCAGG_002,143
TGACGTGAGTCCGCGCCAGG_003,48
TGACGTGAGTCCGCGCCAGG_004,77
TGACGTGAGTCCGCGCCAGG_005,127
TGACGTGAGTCCGCGCCAGG_006,121
TGACGTGAGTCCGCGCCAGG_007,158
TGACGTGAGTCCGCGCCAGG_008,142
TGACGTGAGTCCGCGCCAGG_009,140
TGACGTGAGTCCGCGCCAGG_010,105
TGACGTGAGTCCGCGCCAGG_011,28
TGACGTGAGTCCGCGCCAGG_012,170
TGACGTGAGTCCGCGCCAGG_013,190
TGACGTGAGTCCGCGCCAGG_014,72
TGACGTGAGTCCGCGCCAGG_015,77
TGACGTGAGTCCGCGCCAGG_016,72
TGACGTGAGTCCGCGCCAGG_017,97
TGACGTGAGTCCGCGCCAGG_018,149
TGACGTGAGTCCGCGCCAGG_019,50
TGACGTGAGTCCGCGCCAGG_020,15
TGACGTGAGTCCGCGCCAGG_021,94
TGACGTGAGTCCGCGCCAGG_022,145
TGACGTGAGTCCGCGCCAGG_023,179
TGACGTGAGTCCGCGCCAGG_024,59
TGACGTGAGTCCGCGCCAGG_025,20
TGACGTGAGTCCGCGCCAGG_026,127
TGACGTGAGTCCGCGCCAGG_027,6
TGACGTGAGTCCGCGCCAGG_028,134
TGACGTGAGTCCGCGCCAGG_029,110
TGACGTGAGTCCGCGCCAGG_030,158
TGACGTGAGTCCGCGCCAGG_031,181
TGACGTGAGTCCGCGCCAGG_032,10
TGACGTGAGTCCGCGCCAGG_033,124
TGACGTGAGTCCGCGCCAGG_034,16
TGACGTGAGTCCGCGCCAGG_035,57
TGACGTGAGTCCGCGCCAGG_036,121
TGACGTGAGTCCGCGCCAGG_037,124
TGACGTGAGTCCGCGCCAGG_038,156
TGACGTGAGTCCGCGCCAGG_039,119
TGACAGCAGCCACACGATGA_001,152
TGACAGCAGCCACACGATGA_002,134
TGACAGCAGCCACACGATGA_003,146
TGACAGCAGCCACACGATGA_004,182
TGACAGCAGCCACACGATGA_005,13
TGACAGCAGCCACACGATGA_006,164
TGACAGCAGCCACACGATGA_007,12
TGACAGCAGCCACACGATGA_008,179
TGACAGCAGCCACACGATGA_009,166
TGACAGCAGCCACACGATGA_010,175
TGACAGCAGCCACACGATGA_011,191
TGACAGCAGCCACACGATGA_012,115
TGACAGCAGCCACACGATGA_013,159
TGATAATAAAGGACCGCCTG_001,17
TGATAATAAAGGACCGCCTG_002,38
TGATAATAAAGGACCGCCTG_003,2
TGATAATAAAGGACCGCCTG_004,16
TGATAATAAAGGACCGCCTG_005,140
TGATAATAAAGGACCGCCTG_006,55
TGATAATAAAGGACCGCCTG_007,146
TGATAATAAAGGACCGCCTG_008,10
AGACTTACCGCATATTACAG_001,77
AGACTTACCGCATATTACAG_002,78
AGACTTACCGCATATTACAG_003,34
AGACTTACCGCATATTACAG_004,126
AGACTTACCGCATATTACAG_005,63
AGACTTACCGCATATTACAG_006,165
GCATCGTGGTGATTCAAGCT_001,139
GCATCGTGGTGATTCAAGCT_002,191
GCATCGTGGTGATTCAAGCT_003,29
GCATCGTGGTGATTCAAGCT_004,26
GCATCGTGGTGATTCAAGCT_005,175
GCATCGTGGTGATTCAAGCT_006,162
GCATCGTGGTGATTCAAGCT_007,91
ATGACAATGGAGAATTGAGG_001,13
ATGACAATGGAGAATTGAGG_002,71
ATGACAATGGAGAATTGAGG_003,33
ATGACAATGGAGAATTGAGG_004,33
ATGACAATGGAGAATTGAGG_005,178
AACAGCAAAGATCTGGAGCA_001,107
AACAGCAAAGATCTGGAGCA_002,78
AACAGCAAAGATCTGGAGCA_003,161
AACAGCAAAGATCTGGAGCA_004,108
AACAGCAAAGATCTGGAGCA_005,38
AACAGCAAAGATCTGGAGCA_006,0
AACAGCAAAGATCTGGAGCA_007,151
AACAGCAAAGATCTGGAGCA_008,103
CTACAACGGGCACACGAAGG_001,134
CTACAACGGGCACACGAAGG_002,149
CTACAACGGGCACACGAAGG_003,105
CTACAACGGGCACACGAAGG_004,57
CTACAACGGGCACACGAAGG_005,11
CTACAACGGGCACACGAAGG_006,98
CTACAACGGGCACACGAAGG_007,78
CTACAACGGGCACACGAAGG_008,50
CTACAACGGGCACACGAAGG_009,169
CTACAACGGGCACACGAAGG_010,59
CTACAACGGGCACACGAAGG_011,157
CTACAACGGGCACACGAAGG_012,101
CTACAACGGGCACACGAAGG_013,176
CTACAACGGGCACACGAAGG_014,175
CTACAACGGGCACACGAAGG_015,175
CTACAACGGGCACACGAAGG_016,79
CTACAACGGGCACACGAAGG_017,188
CTACAACGGGCACACGAAGG_018,105
CTACAACGGGCACACGAAGG_019,106
CTACAACGGGCACACGAAGG_020,188
CTACAACGGGCACACGAAGG_021,43
CTTACCTGGTAGCAGGACAA_001,12
CTTACCTGGTAGCAGGACAA_002,17
CTTACCTGGTAGCAGGACAA_003,170
CTTACCTGGTAGCAGGACAA_004,16
CTTACCTGGTAGCAGGACAA_005,146
CTTACCTGGTAGCAGGACAA_006,76
TCATTACCCAGGAATATGAG_001,126
TCATTACCCAGGAATATGAG_002,162
GTTGCCCGCGAAGAAGGAGT_001,89
GTTGCCCGCGAAGAAGGAGT_002,43
GTTGCCCGCGAAGAAGGAGT_003,20
GTTGCCCGCGAAGAAGGAGT_004,125
GTTGCCCGCGAAGAAGGAGT_005,127
GTTGCCCGCGAAGAAGGAGT_006,41
GTTGCCCGCGAAGAAGGAGT_007,168
GTTGCCCGCGAAGAAGGAGT_008,22
GTTGCCCGCGAAGAAGGAGT_009,160
GTTGCCCGCGAAGAAGGAGT_010,161
GTTGCCCGCGAAGAAGGAGT_011,142
GTTGCCCGCGAAGAAGGAGT_012,24
GTTGCCCGCGAAGAAGGAGT_013,148
GTTGCCCGCGAAGAAGGAGT_014,37
GTTGCCCGCGAAGAAGGAGT_015,0
GTTGCCCGCGAAGAAGGAGT_016,19
GTTGCCCGCGAAGAAGGAGT_017,199
GTTGCCCGCGAAGAAGGAGT_018,12
GTTGCCCGCGAAGAAGGAGT_019,81
GTTGCCCGCGAAGAAGGAGT_020,51
GTTGCCCGCGAAGAAGGAGT_021,138
GTTGCCCGCGAAGAAGGAGT_022,6
GTTGCCCGCGAAGAAGGAGT_023,137
GTTGCCCGCGAAGAAGGAGT_024,19
GTTGCCCGCGAAGAAGGAGT_025,88
GAATTTGGACCAAACTGTAA_001,19
GAATTTGGACCAAACTGTAA_002,191
GAATTTGGACCAAACTGTAA_003,62
GAATTTGGACCAAACTGTAA_004,154
GACTGTATCAAGTCTATCAG_001,198
GACTGTATCAAGTCTATCAG_002,150
GACTGTATCAAGTCTATCAG_003,170
GACTGTATCAAGTCTATCAG_004,48
GACTGTATCAAGTCTATCAG_005,42
GACTGTATCAAGTCTATCAG_006,13
GACTGTATCAAGTCTATCAG_007,197
GACTGTATCAAGTCTATCAG_008,134
GACTGTATCAAGTCTATCAG_009,115
GACTGTATCAAGTCTATCAG_010,175
GACTGTATCAAGTCTATCAG_011,20
GACTGTATCAAGTCTATCAG_012,192
GTGCGACAAGGAGTTCATGT_001,108
GTGCGACAAGGAGTTCATGT_002,72
GTGCGACAAGGAGTTCATGT_003,159
GTGCGACAAGGAGTTCATGT_004,94
GTGCGACAAGGAGTTCATGT_005,94
GTGCGACAAGGAGTTCATGT_006,116
GTGCGACAAGGAGTTCATGT_007,28
GTGCGACAAGGAGTTCATGT_008,40
GTGCGACAAGGAGTTCATGT_009,1
CAGAAGCACCGTCACCCATG_001,60
CCCCTTTACATGGACCGGCA_001,60
CCCCTTTACATGGACCGGCA_002,58
CCCCTTTACATGGACCGGCA_003,105
CCCCTTTACATGGACCGGCA_004,137
CCCCTTTACATGGACCGGCA_005,120
CCCCTTTACATGGACCGGCA_006,184
CCCCTTTACATGGACCGGCA_007,20
CCCCTTTACATGGACCGGCA_008,110
ACACCAACCACGAACGGGAA_001,121
ACACCAACCACGAACGGGAA_002,83
ACACCAACCACGAACGGGAA_003,81
ACACCAACCACGAACGGGAA_004,168
ACACCAACCACGAACGGGAA_005,197
ACACCAACCACGAACGGGAA_006,175
ACACCAACCACGAACGGGAA_007,147
ACACCAACCACGAACGGGAA_008,137
ACACCAACCACGAACGGGAA_009,125
CAGATGCTGTTCTCCTACAT_001,50
CAGATGCTGTTCTCCTACAT_002,40
CAGATGCTGTTCTCCTACAT_003,51
CAGATGCTGTTCTCCTACAT_004,30
CAGATGCTGTTCTCCTACAT_005,52
CAGATGCTGTTCTCCTACAT_006,15
CAGATGCTGTTCTCCTACAT_007,8
CAGATGCTGTTCTCCTACAT_008,174
CAGATGCTGTTCTCCTACAT_009,56
CAGATGCTGTTCTCCTACAT_010,100
CAGATGCTGTTCTCCTACAT_011,69
GACGACTCGAAGAGCTCGTG_001,41
GACGACTCGAAGAGCTCGTG_002,56
GACGACTCGAAGAGCTCGTG_003,42
GCTGTTAATCCAATGAGGAA_001,58
GCTGTTAATCCAATGAGGAA_002,188
TTCGAAGTCACTATGTAGAC_001,106
TTCGAAGTCACTATGTAGAC_002,61
GAGATACACTACTCTTCTAA_001,43
TTCGGACAAATACGACGACG_001,36
TGCACCTCAAAATTATCAGA_001,181
TGCACCTCAAAATTATCAGA_002,27
TGCACCTCAAAATTATCAGA_003,1
TGCACCTCAAAATTATCAGA_004,78
TGCACCTCAAAATTATCAGA_005,191
GTCTCCTAGAGACAGAATGG_001,147
GTCTCCTAGAGACAGAATGG_002,93
GTCTCCTAGAGACAGAATGG_003,82
GTCTCCTAGAGACAGAATGG_004,151
GTCTCCTAGAGACAGAATGG_005,147
GTCTCCTAGAGACAGAATGG_006,175
GTCTCCTAGAGACAGAATGG_007,171
GTCTCCTAGAGACAGAATGG_008,190
GTCTCCTAGAGACAGAATGG_009,18
GTCTCCTAGAGACAGAATGG_010,13
TCAATAGGAGTGTAAAAGAG_001,162
TCAATAGGAGTGTAAAAGAG_002,105
TCAATAGGAGTGTAAAAGAG_003,70
AGGTTGTGCGAAAATCGGAG_001,192
AGGTTGTGCGAAAATCGGAG_002,68
AGGTTGTGCGAAAATCGGAG_003,33
AGGTTGTGCGAAAATCGGAG_004,178
AGGTTGTGCGAAAATCGGAG_005,159
AGGTTGTGCGAAAATCGGAG_006,24
AGGTTGTGCGAAAATCGGAG_007,63
AGGTTGTGCGAAAATCGGAG_008,74
AGGTTGTGCGAAAATCGGAG_009,184
AGGTTGTGCGAAAATCGGAG_010,90
AGGTTGTGCGAAAATCGGAG_011,145
AGGTTGTGCGAAAATCGGAG_012,116
AGGTTGTGCGAAAATCGGAG_013,51
AGGTTGTGCGAAAATCGGAG_014,136
AGGTTGTGCGAAAATCGGAG_015,103
AGGTTGTGCGAAAATCGGAG_016,50
CACAAGAAGACTCAACAGGA_001,17
CACAAGAAGACTCAACAGGA_002,128
CACAAGAAGACTCAACAGGA_003,82
CACAAGAAGACTCAACAGGA_004,172
CACAAGAAGACTCAACAGGA_005,62
CACAAGAAGACTCAACAGGA_006,96
CACAAGAAGACTCAACAGGA_007,76
CACAAGAAGACTCAACAGGA_008,115
CACAAGAAGACTCAACAGGA_009,13
CACAAGAAGACTCAACAGGA_010,175
CACAAGAAGACTCAACAGGA_011,141
CACAAGAAGACTCAACAGGA_012,165
CACAAGAAGACTCAACAGGA_013,32
CACAAGAAGACTCAACAGGA_014,13
CACAAGAAGACTCAACAGGA_015,22
CAGGATCAGTTAAATCGCCG_001,72
CAGGATCAGTTAAATCGCCG_002,4
CTGTCAGCTCACACAGTCCG_001,172
CTGTCAGCTCACACAGTCCG_002,139
CTGTCAGCTCACACAGTCCG_003,10
CTGTCAGCTCACACAGTCCG_004,172
CTGTCAGCTCACACAGTCCG_005,35
CACGCCTTCCTGGACAACGT_001,17
CACGCCTTCCTGGACAACGT_002,126
CACGCCTTCCTGGACAACGT_003,2
CACGCCTTCCTGGACAACGT_004,182
CACGCCTTCCTGGACAACGT_005,29
CACGCCTTCCTGGACAACGT_006,15
CACGCCTTCCTGGACAACGT_007,21
CACGCCTTCCTGGACAACGT_008,145
CACGCCTTCCTGGACAACGT_009,58
CACGCCTTCCTGGACAACGT_010,2
CACGCCTTCCTGGACAACGT_011,1
CACGCCTTCCTGGACAACGT_012,19
CACGCCTTCCTGGACAACGT_013,140
CACGCCTTCCTGGACAACGT_014,165
CACGCCTTCCTGGACAACGT_015,43
CACGCCTTCCTGGACAACGT_016,19
CACGCCTTCCTGGACAACGT_017,12
CACGCCTTCCTGGACAACGT_018,158
CACGCCTTCCTGGACAACGT_019,118
CTTCTTCGAGAATTACACCG_001,153
CTTCTTCGAGAATTACACCG_002,70
CTTCTTCGAGAATTACACCG_003,125
AGATTCAGGGAACCATGTGC_001,53
AGATTCAGGGAACCATGTGC_002,80
AGATTCAGGGAACCATGTGC_003,141
AGATTCAGGGAACCATGTGC_004,45
AGATTCAGGGAACCATGTGC_005,88
GTCCCGGCACGAAAGTGTTG_001,102
GTCCCGGCACGAAAGTGTTG_002,97
GTCCCGGCACGAAAGTGTTG_003,48
GTCCCGGCACGAAAGTGTTG_004,86
GTCCCGGCACGAAAGTGTTG_005,80
GTCCCGGCACGAAAGTGTTG_006,112
GTCCCGGCACGAAAGTGTTG_007,176
GTCCCGGCACGAAAGTGTTG_008,41
GTCCCGGCACGAAAGTGTTG_009,199
GTCCCGGCACGAAAGTGTTG_010,169
GTCCCGGCACGAAAGTGTTG_011,127
GTCCCGGCACGAAAGTGTTG_012,92
GTCCCGGCACGAAAGTGTTG_013,70
GTCCCGGCACGAAAGTGTTG_014,108
GTCCCGGCACGAAAGTGTTG_015,147
GTCCCGGCACGAAAGTGTTG_016,2
GTCCCGGCACGAAAGTGTTG_017,115
GTCCCGGCACGAAAGTGTTG_018,14
GTCCCGGCACGAAAGTGTTG_019,39
TGAAGTGGTCCCGATCCACG_001,61
TGAAGTGGTCCCGATCCACG_002,40
TGAAGTGGTCCCGATCCACG_003,149
TGAAGTGGTCCCGATCCACG_004,145
TGAAGTGGTCCCGATCCACG_005,49
TGAAGTGGTCCCGATCCACG_006,98
TGAAGTGGTCCCGATCCACG_007,177
TCGAAATCCTGGATACTGCA_001,22
TCGAAATCCTGGATACTGCA_002,169
TCGAAATCCTGGATACTGCA_003,189
TCGAAATCCTGGATACTGCA_004,94
GGAACTGCCACACGGCCCGA_001,199
GGAACTGCCACACGGCCCGA_002,97
GGAACTGCCACACGGCCCGA_003,113
GGAACTGCCACACGGCCCGA_004,71
GGAACTGCCACACGGCCCGA_005,174
GGAACTGCCACACGGCCCGA_006,184
GGAACTGCCACACGGCCCGA_007,57
AATGCCGATATGACTACCAG_001,115
AATGCCGATATGACTACCAG_002,106
AATGCCGATATGACTACCAG_003,84
AATGCCGATATGACTACCAG_004,106
AATGCCGATATGACTACCAG_005,151
AATGCCGATATGACTACCAG_006,53
AATGCCGATATGACTACCAG_007,136
AGAAGTCCTGGCAATTTCTG_001,53
AGAAGTCCTGGCAATTTCTG_002,176
AGAAGTCCTGGCAATTTCTG_003,83
AGAAGTCCTGGCAATTTCTG_004,48
AGAAGTCCTGGCAATTTCTG_005,145
AGAAGTCCTGGCAATTTCTG_006,140
AGAAGTCCTGGCAATTTCTG_007,22
AGAAGTCCTGGCAATTTCTG_008,8
AGAAGTCCTGGCAATTTCTG_009,119
AGAAGTCCTGGCAATTTCTG_010,121
AGAAGTCCTGGCAATTTCTG_011,98
AGAAGTCCTGGCAATTTCTG_012,116
AGAAGTCCTGGCAATTTCTG_013,17
AAAATTCTTGAACCACCTGA_001,53
AAAATTCTTGAACCACCTGA_002,60
AAAATTCTTGAACCACCTGA_003,83
AAAATTCTTGAACCACCTGA_004,82
AAAATTCTTGAACCACCTGA_005,151
AAAATTCTTGAACCACCTGA_006,88
AAAATTCTTGAACCACCTGA_007,65
CAGAAGGTATCAACCGCCCG_001,15
CAGAAGGTATCAACCGCCCG_002,149
CAGAAGGTATCAACCGCCCG_003,115
CAGAAGGTATCAACCGCCCG_004,57
CAGAAGGTATCAACCGCCCG_005,151
CAGAAGGTATCAACCGCCCG_006,103
CAGAAGGTATCAACCGCCCG_007,168
CAGAAGGTATCAACCGCCCG_008,49
CAGAAGGTATCAACCGCCCG_009,120
CAGAAGGTATCAACCGCCCG_010,116
CAGAAGGTATCAACCGCCCG_011,43
CAGAAGGTATCAACCGCCCG_012,40
CCCGCAGTAGCAGTAGACCA_001,68
CCCGCAGTAGCAGTAGACCA_002,60
CCCGCAGTAGCAGTAGACCA_003,8
CCCGCAGTAGCAGTAGACCA_004,165
CCCGCAGTAGCAGTAGACCA_005,27
CCCGCAGTAGCAGTAGACCA_006,15
CCCGCAGTAGCAGTAGACCA_007,83
CCCGCAGTAGCAGTAGACCA_008,151
CCCGCAGTAGCAGTAGACCA_009,176
CCCGCAGTAGCAGTAGACCA_010,193
CCCGCAGTAGCAGTAGACCA_011,84
CCCGCAGTAGCAGTAGACCA_012,169
CCCGCAGTAGCAGTAGACCA_013,101
TCTGGCCAAAAGCATGAGAG_001,103
TCTGGCCAAAAGCATGAGAG_002,165
TCTGGCCAAAAGCATGAGAG_003,7
TCTGGCCAAAAGCATGAGAG_004,34
TCTGGCCAAAAGCATGAGAG_005,138
TCTGGCCAAAAGCATGAGAG_006,43
TCTGGCCAAAAGCATGAGAG_007,7
TCTGGCCAAAAGCATGAGAG_008,147
TCTGGCCAAAAGCATGAGAG_009,185
TCTGGCCAAAAGCATGAGAG_010,169
TCTGGCCAAAAGCATGAGAG_011,44
TCTGGCCAAAAGCATGAGAG_012,10
TCTGGCCAAAAGCATGAGAG_013,38
TCTGGCCAAAAGCATGAGAG_014,190
TCTGGCCAAAAGCATGAGAG_015,170
TCTGGCCAAAAGCATGAGAG_016,41
TCTGGCCAAAAGCATGAGAG_017,158
TCTGGCCAAAAGCATGAGAG_018,21
TCTGGCCAAAAGCATGAGAG_019,181
TCTGGCCAAAAGCATGAGAG_020,181
TCTGGCCAAAAGCATGAGAG_021,135
TCTGGCCAAAAGCATGAGAG_022,162
TCTGGCCAAAAGCATGAGAG_023,119
TCTGGCCAAAAGCATGAGAG_024,180
TCTGGCCAAAAGCATGAGAG_025,161
TCTGGCCAAAAGCATGAGAG_026,57
CAGTACTCTTAATACCCCAA_001,60
CAGTACTCTTAATACCCCAA_002,18
CGTCAGACGAACTCAGTGTA_001,149
CGTCAGACGAACTCAGTGTA_002,33
CGTCAGACGAACTCAGTGTA_003,85
CGTCAGACGAACTCAGTGTA_004,185
CGTCAGACGAACTCAGTGTA_005,126
CGTCAGACGAACTCAGTGTA_006,97
CGTCAGACGAACTCAGTGTA_007,68
CGTCAGACGAACTCAGTGTA_008,83
CGTCAGACGAACTCAGTGTA_009,105
CGTCAGACGAACTCAGTGTA_010,17
CGTCAGACGAACTCAGTGTA_011,136
CGTCAGACGAACTCAGTGTA_012,57
CGTCAGACGAACTCAGTGTA_013,191
CGTCAGACGAACTCAGTGTA_014,56
CCAGCACGTGGAACAAGGAG_001,42
CCAGCACGTGGAACAAGGAG_002,56
CCAGCACGTGGAACAAGGAG_003,116
CCAGCACGTGGAACAAGGAG_004,156
CCAGCACGTGGAACAAGGAG_005,144
CCAGCACGTGGAACAAGGAG_006,82
CCAGCACGTGGAACAAGGAG_007,116
CAGCTCCTCTGGTGCAAGTG_001,111
CAGCTCCTCTGGTGCAAGTG_002,151
CAGCTCCTCTGGTGCAAGTG_003,106
CAGCTCCTCTGGTGCAAGTG_004,145
CAGCTCCTCTGGTGCAAGTG_005,53
CAGCTCCTCTGGTGCAAGTG_006,132
CAGCTCCTCTGGTGCAAGTG_007,152
CAGCTCCTCTGGTGCAAGTG_008,5
CAGCTCCTCTGGTGCAAGTG_009,89
CAGCTCCTCTGGTGCAAGTG_010,168
CAGCTCCTCTGGTGCAAGTG_011,6
CAGCTCCTCTGGTGCAAGTG_012,12
CAGCTCCTCTGGTGCAAGTG_013,158
CAGCTCCTCTGGTGCAAGTG_014,88
TCCAGGAGTCATGATTCCTG_001,85
ACCTGAGTATACAACCTCCA_001,127
ACCTGAGTATACAACCTCCA_002,82
ACCTGAGTATACAACCTCCA_003,162
ACCTGAGTATACAACCTCCA_004,19
ACCTGAGTATACAACCTCCA_005,134
ACCTGAGTATACAACCTCCA_006,190
GAGCTCATGGTATATGTGAT_001,174
GAGCTCATGGTATATGTGAT_002,39
GTACATTGCAAATTACACTC_001,169
GTACATTGCAAATTACACTC_002,28
GTACATTGCAAATTACACTC_003,70
GTACATTGCAAATTACACTC_004,133
GTACATTGCAAATTACACTC_005,130
TCTCGGAAAGAACAAATCCG_001,28
TCTCGGAAAGAACAAATCCG_002,141
GTGCATGCTCCTAATGCCCA_001,89
GTGCATGCTCCTAATGCCCA_002,146
GTGCATGCTCCTAATGCCCA_003,42
GTGCATGCTCCTAATGCCCA_004,44
GTGCATGCTCCTAATGCCCA_005,116
GTGCATGCTCCTAATGCCCA_006,58
GTGCATGCTCCTAATGCCCA_007,47
GTGCATGCTCCTAATGCCCA_008,78
GTGCATGCTCCTAATGCCCA_009,61
CAGGTATGTGGAAAGAACGA_001,118
CAGGTATGTGGAAAGAACGA_002,63
CAGGTATGTGGAAAGAACGA_003,147
CAGGTATGTGGAAAGAACGA_004,45
CAGGTATGTGGAAAGAACGA_005,130
TAAACCAAATGAAACACCTG_001,6
TAAACCAAATGAAACACCTG_002,138
TAAACCAAATGAAACACCTG_003,26
TAAACCAAATGAAACACCTG_004,121
TAAACCAAATGAAACACCTG_005,21
TAAACCAAATGAAACACCTG_006,176
TAAACCAAATGAAACACCTG_007,105
TAAACCAAATGAAACACCTG_008,185
TAAACCAAATGAAACACCTG_009,188
TAAACCAAATGAAACACCTG_010,56
TAAACCAAATGAAACACCTG_011,197
TAAACCAAATGAAACACCTG_012,169
TAAACCAAATGAAACACCTG_013,40
ACAGACCTCAGCTTAAGCCC_001,102
ACAGACCTCAGCTTAAGCCC_002,16
ACAGACCTCAGCTTAAGCCC_003,191
ACAGACCTCAGCTTAAGCCC_004,17
ACAGACCTCAGCTTAAGCCC_005,163
ACTACAAAAGTTGCTACGGC_001,116
ACTACAAAAGTTGCTACGGC_002,130
ACTACAAAAGTTGCTACGGC_003,169
ACTACAAAAGTTGCTACGGC_004,29
ACTACAAAAGTTGCTACGGC_005,83
ACTACAAAAGTTGCTACGGC_006,184
CAGGCAGAAGAGGTAAAACG_001,36
CAGGCAGAAGAGGTAAAACG_002,106
CAGGCAGAAGAGGTAAAACG_003,28
CAGGCAGAAGAGGTAAAACG_004,153
CAGGCAGAAGAGGTAAAACG_005,168
GTGGCTTAAGTGGACTGGCG_001,139
GTGGCTTAAGTGGACTGGCG_002,51
GTGGCTTAAGTGGACTGGCG_003,182
GTGGCTTAAGTGGACTGGCG_004,138
GTGGCTTAAGTGGACTGGCG_005,43
GTGGCTTAAGTGGACTGGCG_006,29
GTGGCTTAAGTGGACTGGCG_007,9
GTGGCTTAAGTGGACTGGCG_008,150
GTGGCTTAAGTGGACTGGCG_009,56
GTGGCTTAAGTGGACTGGCG_010,56
GTGGCTTAAGTGGACTGGCG_011,126
GTGGCTTAAGTGGACTGGCG_012,80
GTGGCTTAAGTGGACTGGCG_013,78
GTGGCTTAAGTGGACTGGCG_014,0
GTGGCTTAAGTGGACTGGCG_015,50
GTGGCTTAAGTGGACTGGCG_016,63
ACAGTATACGTGGTGCACGA_001,99
ACAGTATACGTGGTGCACGA_002,171
ACAGTATACGTGGTGCACGA_003,34
ACAGTATACGTGGTGCACGA_004,170
ACAGTATACGTGGTGCACGA_005,23
ACAGTATACGTGGTGCACGA_006,179
ACAGTATACGTGGTGCACGA_007,19
ACAGTATACGTGGTGCACGA_008,47
ACGTCAGTGCCAGTTAGCTG_001,75
ACGTCAGTGCCAGTTAGCTG_002,53
ACGTCAGTGCCAGTTAGCTG_003,17
ACGTCAGTGCCAGTTAGCTG_004,195
ACGTCAGTGCCAGTTAGCTG_005,49
ACGTCAGTGCCAGTTAGCTG_006,77
ACGTCAGTGCCAGTTAGCTG_007,9
ACGTCAGTGCCAGTTAGCTG_008,15
ACGTCAGTGCCAGTTAGCTG_009,61
ACGTCAGTGCCAGTTAGCTG_010,60
ACGTCAGTGCCAGTTAGCTG_011,177
ACGTCAGTGCCAGTTAGCTG_012,94
ACGTCAGTGCCAGTTAGCTG_013,78
CAAGTGAAAAATAACCACCT_001,191
CAAGTGAAAAATAACCACCT_002,62
CAAGTGAAAAATAACCACCT_003,140
CAAGTGAAAAATAACCACCT_004,26
CAAGTGAAAAATAACCACCT_005,24
CAAGTGAAAAATAACCACCT_006,60
CAAGTGAAAAATAACCACCT_007,54
CAAGTGAAAAATAACCACCT_008,19
CAAGTGAAAAATAACCACCT_009,37
CAAGTGAAAAATAACCACCT_010,13
CAAGTGAAAAATAACCACCT_011,21
CAAGTGAAAAATAACCACCT_012,77
CAAGTGAAAAATAACCACCT_013,164
CAAGTGAAAAATAACCACCT_014,34
CAAGTGAAAAATAACCACCT_015,185
CAAGTGAAAAATAACCACCT_016,11
CAAGTGAAAAATAACCACCT_017,17
CAAGTGAAAAATAACCACCT_018,141
CAAGTGAAAAATAACCACCT_019,7
CAAGTGAAAAATAACCACCT_020,101
CAAGTGAAAAATAACCACCT_021,72
TCATTCATTATGGCTAACCA_001,15
TCATTCATTATGGCTAACCA_002,94
TCATTCATTATGGCTAACCA_003,184
TCATTCATTATGGCTAACCA_004,28
TCATTCATTATGGCTAACCA_005,175
TCATTCATTATGGCTAACCA_006,184
AGACGTTGTCACGATTTCTG_001,182
CTCGTGCTGAACCACATCGG_001,18
CTCGTGCTGAACCACATCGG_002,23
CTCGTGCTGAACCACATCGG_003,88
CTCGTGCTGAACCACATCGG_004,182
CTCGTGCTGAACCACATCGG_005,27
CTCGTGCTGAACCACATCGG_006,33
CTCGTGCTGAACCACATCGG_007,36
CTCGTGCTGAACCACATCGG_008,15
CTCGTGCTGAACCACATCGG_009,11
CTCGTGCTGAACCACATCGG_010,75
CTCGTGCTGAACCACATCGG_011,24
CTCGTGCTGAACCACATCGG_012,178
CTCGTGCTGAACCACATCGG_013,60
CTCGTGCTGAACCACATCGG_014,46
TGTCTTTCTAGCAATCCCCA_001,145
TGTCTTTCTAGCAATCCCCA_002,37
TGTCTTTCTAGCAATCCCCA_003,11
CAGTCCGGCACACGCCACGC_001,117
CAGTCCGGCACACGCCACGC_002,148
CAGTCCGGCACACGCCACGC_003,169
CAGTCCGGCACACGCCACGC_004,102
CAGTCCGGCACACGCCACGC_005,66
CAGTCCGGCACACGCCACGC_006,73
CAGTCCGGCACACGCCACGC_007,73
CAGTCCGGCACACGCCACGC_008,199
CAGTCCGGCACACGCCACGC_009,184
CAGTCCGGCACACGCCACGC_010,79
CAGTCCGGCACACGCCACGC_011,194
CAGTCCGGCACACGCCACGC_012,94
CAGTCCGGCACACGCCACGC_013,106
CAGTCCGGCACACGCCACGC_014,19
CAGTCCGGCACACGCCACGC_015,22
CAGTCCGGCACACGCCACGC_016,181
CAGTCCGGCACACGCCACGC_017,57
CAGTCCGGCACACGCCACGC_018,160
CAGTCCGGCACACGCCACGC_019,198
CAGTCCGGCACACGCCACGC_020,174
CAGTCCGGCACACGCCACGC_021,54
CAGTCCGGCACACGCCACGC_022,84
CAGTCCGGCACACGCCACGC_023,106
CAGTCCGGCACACGCCACGC_024,106
CAGTCCGGCACACGCCACGC_025,116
GCAGGTAGATCATCACTGCA_001,68
GCAGGTAGATCATCACTGCA_002,54
GCAGGTAGATCATCACTGCA_003,150
GCAGGTAGATCATCACTGCA_004,181
GCAGGTAGATCATCACTGCA_005,6
GCAGGTAGATCATCACTGCA_006,125
GCAGGTAGATCATCACTGCA_007,116
AGGGCATGTGAAGTCGCACG_001,190
AGGGCATGTGAAGTCGCACG_002,95
AGGGCATGTGAAGTCGCACG_003,38
AGGGCATGTGAAGTCGCACG_004,170
AGGGCATGTGAAGTCGCACG_005,52
AGGGCATGTGAAGTCGCACG_006,50
AGGGCATGTGAAGTCGCACG_007,44
AGGGCATGTGAAGTCGCACG_008,28
AGGGCATGTGAAGTCGCACG_009,67
AGGGCATGTGAAGTCGCACG_010,175
AGGGCATGTGAAGTCGCACG_011,88
AGGGCATGTGAAGTCGCACG_012,81
AGGGCATGTGAAGTCGCACG_013,124
TTCCGTTTATCATGAAGCCG_001,171
TCACCTATGGCGAACTCCAG_001,137
TCACCTATGGCGAACTCCAG_002,33
TCACCTATGGCGAACTCCAG_003,99
TCACCTATGGCGAACTCCAG_004,185
TCACCTATGGCGAACTCCAG_005,150
TCACCTATGGCGAACTCCAG_006,74
TCATAGGTAAACTTTCCTCG_001,181
TCATAGGTAAACTTTCCTCG_002,153
TGACACGGGAATGTGTGAGA_001,189
TGACACGGGAATGTGTGAGA_002,29
TGACACGGGAATGTGTGAGA_003,189
TGACATGACCAGGACTGTGG_001,151
TGACATGACCAGGACTGTGG_002,26
TGACATGACCAGGACTGTGG_003,160
TGACATGACCAGGACTGTGG_004,105
TGACATGACCAGGACTGTGG_005,181
TGACATGACCAGGACTGTGG_006,1
TGACATGACCAGGACTGTGG_007,57
TGACATGACCAGGACTGTGG_008,5
TGACATGACCAGGACTGTGG_009,176
TGACATGACCAGGACTGTGG_010,127
TGACATGACCAGGACTGTGG_011,39
TGACATGACCAGGACTGTGG_012,63
TGACATGACCAGGACTGTGG_013,199
ACTTCAGGTTGTGACCGCTC_001,28
ACTTCAGGTTGTGACCGCTC_002,29
ACTTCAGGTTGTGACCGCTC_003,29
ACTTCAGGTTGTGACCGCTC_004,60
ACTTCAGGTTGTGACCGCTC_005,5
ACTTCAGGTTGTGACCGCTC_006,63
ACTTCAGGTTGTGACCGCTC_007,40
ACTTCAGGTTGTGACCGCTC_008,62
ACTTCAGGTTGTGACCGCTC_009,34
ACTTCAGGTTGTGACCGCTC_010,70
AGACAAGCCACAATTAACAT_001,48
AGACAAGCCACAATTAACAT_002,2
GGACACGAGTGCAGAAAAGT_001,11
GGACACGAGTGCAGAAAAGT_002,42
GGACACGAGTGCAGAAAAGT_003,43
GGACACGAGTGCAGAAAAGT_004,24
GGACACGAGTGCAGAAAAGT_005,151
GGACACGAGTGCAGAAAAGT_006,130
GGACACGAGTGCAGAAAAGT_007,68
GGACACGAGTGCAGAAAAGT_008,121
GCCTGAGAGAGCCTTAGAGG_001,116
GCCTGAGAGAGCCTTAGAGG_002,82
GCCTGAGAGAGCCTTAGAGG_003,77
GCCTGAGAGAGCCTTAGAGG_004,170
GCCTGAGAGAGCCTTAGAGG_005,179
GCCTGAGAGAGCCTTAGAGG_006,148
GCCTGAGAGAGCCTTAGAGG_007,175
GCCTGAGAGAGCCTTAGAGG_008,154
GCCTGAGAGAGCCTTAGAGG_009,175
GCCTGAGAGAGCCTTAGAGG_010,144
GCCTGAGAGAGCCTTAGAGG_011,198
GGTCATCGTGCACCACCGAG_001,21
GGTCATCGTGCACCACCGAG_002,33
GGTCATCGTGCACCACCGAG_003,60
GGTCATCGTGCACCACCGAG_004,1
GGTCATCGTGCACCACCGAG_005,199
GGTCATCGTGCACCACCGAG_006,57
GGTCATCGTGCACCACCGAG_007,199
GGTCATCGTGCACCACCGAG_008,174
GGTCATCGTGCACCACCGAG_009,74
GGTCATCGTGCACCACCGAG_010,83
GGTCATCGTGCACCACCGAG_011,35
GGTCATCGTGCACCACCGAG_012,99
CATTCCTAACATCAAGGACA_001,184
CATTCCTAACATCAAGGACA_002,36
CATTCCTAACATCAAGGACA_003,40
CATTCCTAACATCAAGGACA_004,19
CATTCCTAACATCAAGGACA_005,16
CATTCCTAACATCAAGGACA_006,107
TTTATGCATTTAATACGCCG_001,96
TTTATGCATTTAATACGCCG_002,152
AGAGTTTGTTGGACTCAACG_001,2
AGAGTTTGTTGGACTCAACG_002,81
AGGAGGAGCCCTTCGCACTG_001,193
AGGAGGAGCCCTTCGCACTG_002,76
AGGAGGAGCCCTTCGCACTG_003,140
AGGAGGAGCCCTTCGCACTG_004,62
AGGAGGAGCCCTTCGCACTG_005,165
AGGAGGAGCCCTTCGCACTG_006,188
AGGAGGAGCCCTTCGCACTG_007,141
AGGAGGAGCCCTTCGCACTG_008,132
AGGAGGAGCCCTTCGCACTG_009,35
AGGAGGAGCCCTTCGCACTG_010,128
AGGAGGAGCCCTTCGCACTG_011,168
AGGAGGAGCCCTTCGCACTG_012,103
AGGAGGAGCCCTTCGCACTG_013,50
AGGAGGAGCCCTTCGCACTG_014,92
AGGAGGAGCCCTTCGCACTG_015,144
AGGAGGAGCCCTTCGCACTG_016,184
AGGAGGAGCCCTTCGCACTG_017,59
AGGAGGAGCCCTTCGCACTG_018,50
AGGAGGAGCCCTTCGCACTG_019,115
AGGAGGAGCCCTTCGCACTG_020,39
AGGAGGAGCCCTTCGCACTG_021,142
AGGAGGAGCCCTTCGCACTG_022,144
AGGAGGAGCCCTTCGCACTG_023,57
AGGAGGAGCCCTTCGCACTG_024,108
CGGGATCTTGTAGGTAGTGT_001,115
CGGGATCTTGTAGGTAGTGT_002,163
CGGGATCTTGTAGGTAGTGT_003,46
CGGGATCTTGTAGGTAGTGT_004,123
CGGGATCTTGTAGGTAGTGT_005,77
CGGGATCTTGTAGGTAGTGT_006,57
CGGGATCTTGTAGGTAGTGT_007,51
CGGGATCTTGTAGGTAGTGT_008,81
CGGGATCTTGTAGGTAGTGT_009,78
CGGGATCTTGTAGGTAGTGT_010,19
AGTCTCCTCGTAGATGAGGC_001,56
AGTCTCCTCGTAGATGAGGC_002,121
AGTCTCCTCGTAGATGAGGC_003,77
AGTCTCCTCGTAGATGAGGC_004,141
AGTCTCCTCGTAGATGAGGC_005,88
AGTCTCCTCGTAGATGAGGC_006,59
AGTCTCCTCGTAGATGAGGC_007,113
AGTCTCCTCGTAGATGAGGC_008,17
AGTCTCCTCGTAGATGAGGC_009,32
AGTCTCCTCGTAGATGAGGC_010,58
AGTCTCCTCGTAGATGAGGC_011,142
AGTCTCCTCGTAGATGAGGC_012,144
GGCGCATTAAAGTCGAGAGC_001,159
GGCGCATTAAAGTCGAGAGC_002,55
GGCGCATTAAAGTCGAGAGC_003,53
GGCGCATTAAAGTCGAGAGC_004,69
GGCGCATTAAAGTCGAGAGC_005,171
GGCGCATTAAAGTCGAGAGC_006,144
GGCGCATTAAAGTCGAGAGC_007,177
GGCGCATTAAAGTCGAGAGC_008,35
GGCGCATTAAAGTCGAGAGC_009,152
GGCGCATTAAAGTCGAGAGC_010,158
GGCGCATTAAAGTCGAGAGC_011,191
GGCGCATTAAAGTCGAGAGC_012,171
GGCGCATTAAAGTCGAGAGC_013,80
GGCGCATTAAAGTCGAGAGC_014,33
GGCGCATTAAAGTCGAGAGC_015,121
GGCGCATTAAAGTCGAGAGC_016,138
GGCGCATTAAAGTCGAGAGC_017,118
GGCGCATTAAAGTCGAGAGC_018,94
GGCGCATTAAAGTCGAGAGC_019,175
GGCGCATTAAAGTCGAGAGC_020,78
GGCGCATTAAAGTCGAGAGC_021,146
GGCGCATTAAAGTCGAGAGC_022,73
GGCGCATTAAAGTCGAGAGC_023,101
GGCGCATTAAAGTCGAGAGC_024,166
GGCGCATTAAAGTCGAGAGC_025,81
GGCGCATTAAAGTCGAGAGC_026,45
GGCGCATTAAAGTCGAGAGC_027,117
GGGGCTTACGTGAAGGGCGG_001,1
GGGGCTTACGTGAAGGGCGG_002,177
GGGGCTTACGTGAAGGGCGG_003,45
GGGGCTTACGTGAAGGGCGG_004,145
GGGGCTTACGTGAAGGGCGG_005,105
GGGGCTTACGTGAAGGGCGG_006,149
GGGGCTTACGTGAAGGGCGG_007,188
GGGGCTTACGTGAAGGGCGG_008,143
GGGGCTTACGTGAAGGGCGG_009,14
GGGGCTTACGTGAAGGGCGG_010,175
GGGGCTTACGTGAAGGGCGG_011,184
GGGGCTTACGTGAAGGGCGG_012,34
GGGGCTTACGTGAAGGGCGG_013,54
GGGGCTTACGTGAAGGGCGG_014,154
GGGGCTTACGTGAAGGGCGG_015,46
GGGGCTTACGTGAAGGGCGG_016,96
GGGGCTTACGTGAAGGGCGG_017,45
GGGGCTTACGTGAAGGGCGG_018,166
GGGGCTTACGTGAAGGGCGG_019,177
GGGGCTTACGTGAAGGGCGG_020,128
GGGGCTTACGTGAAGGGCGG_021,78
GGGGCTTACGTGAAGGGCGG_022,150
GGGGCTTACGTGAAGGGCGG_023,135
GGGGCTTACGTGAAGGGCGG_024,135
GGGGCTTACGTGAAGGGCGG_025,1
GGGGCTTACGTGAAGGGCGG_026,175
GGGGCTTACGTGAAGGGCGG_027,27
GGGGCTTACGTGAAGGGCGG_028,111
GGGGCTTACGTGAAGGGCGG_029,122
GGGGCTTACGTGAAGGGCGG_030,16
GGGGCTTACGTGAAGGGCGG_031,192
GGGGCTTACGTGAAGGGCGG_032,24
GGGGCTTACGTGAAGGGCGG_033,8
GGGGCTTACGTGAAGGGCGG_034,121
GGGGCTTACGTGAAGGGCGG_035,114
GGGGCTTACGTGAAGGGCGG_036,94
GGGGCTTACGTGAAGGGCGG_037,53
GGGGCTTACGTGAAGGGCGG_038,170
GGGGCTTACGTGAAGGGCGG_039,170
GGGGCTTACGTGAAGGGCGG_040,135
GGGGCTTACGTGAAGGGCGG_041,150
GGGGCTTACGTGAAGGGCGG_042,172
GGGGCTTACGTGAAGGGCGG_043,72
GGGGCTTACGTGAAGGGCGG_044,174
GGGGCTTACGTGAAGGGCGG_045,68
GGGGCTTACGTGAAGGGCGG_046,58
GGGGCTTACGTGAAGGGCGG_047,123
GGGGCTTACGTGAAGGGCGG_048,122
GGGGCTTACGTGAAGGGCGG_049,16
GGGGCTTACGTGAAGGGCGG_050,194
GGGGCTTACGTGAAGGGCGG_051,163
GGGGCTTACGTGAAGGGCGG_052,44
GGGGCTTACGTGAAGGGCGG_053,173
GGGGCTTACGTGAAGGGCGG_054,97
GGGGCTTACGTGAAGGGCGG_055,158
GGGGCTTACGTGAAGGGCGG_056,77
GGGGCTTACGTGAAGGGCGG_057,4
GGGGCTTACGTGAAGGGCGG_058,180
GGGGCTTACGTGAAGGGCGG_059,123
GGGGCTTACGTGAAGGGCGG_060,179
GGGGCTTACGTGAAGGGCGG_061,42
GGGGCTTACGTGAAGGGCGG_062,165
AAATGACATAGTATTCATAG_001,113
TGAGTTTGCTGAATATGCCT_001,148
TGAGTTTGCTGAATATGCCT_002,9
CCTGGTAATCCAGCATCAGT_001,113
CCTGGTAATCCAGCATCAGT_002,178
CCTGGTAATCCAGCATCAGT_003,144
CCTGGTAATCCAGCATCAGT_004,125
CCTGGTAATCCAGCATCAGT_005,158
CCTGGTAATCCAGCATCAGT_006,87
CCTGGTAATCCAGCATCAGT_007,112
CCTGGTAATCCAGCATCAGT_008,8
CCTGGTAATCCAGCATCAGT_009,12
CCTGGTAATCCAGCATCAGT_010,148
CCTGGTAATCCAGCATCAGT_011,179
CCTGGTAATCCAGCATCAGT_012,187
CCTGGTAATCCAGCATCAGT_013,26
CCTGGTAATCCAGCATCAGT_014,52
CCTGGTAATCCAGCATCAGT_015,138
CCTGGTAATCCAGCATCAGT_016,0
CCTGGTAATCCAGCATCAGT_017,10
CCTGGTAATCCAGCATCAGT_018,68
TGAGAGCTTTCGGAGCATTG_001,60
TGAGAGCTTTCGGAGCATTG_002,198
TGAGAGCTTTCGGAGCATTG_003,184
TGAGAGCTTTCGGAGCATTG_004,131
TGAGAGCTTTCGGAGCATTG_005,6
TGAGAGCTTTCGGAGCATTG_006,100
TGAGAGCTTTCGGAGCATTG_007,117
TGAGAGCTTTCGGAGCATTG_008,95
TGAGAGCTTTCGGAGCATTG_009,50
TGAGAGCTTTCGGAGCATTG_010,83
TGAGAGCTTTCGGAGCATTG_011,139
TGAGAGCTTTCGGAGCATTG_012,194
TGAGAGCTTTCGGAGCATTG_013,112
TGAGAGCTTTCGGAGCATTG_014,162
GGATCGGCTCACGCAGCTTC_001,199
GGATCGGCTCACGCAGCTTC_002,137
GGATCGGCTCACGCAGCTTC_003,94
GGATCGGCTCACGCAGCTTC_004,158
GGATCGGCTCACGCAGCTTC_005,16
GGATCGGCTCACGCAGCTTC_006,37
CAGGTGGCGACAGGTATCCT_001,148
CAGGTGGCGACAGGTATCCT_002,151
CAGGTGGCGACAGGTATCCT_003,120
CAGGTGGCGACAGGTATCCT_004,15
CAGGTGGCGACAGGTATCCT_005,146
CAGGTGGCGACAGGTATCCT_006,197
CAGGTGGCGACAGGTATCCT_007,157
CAGGTGGCGACAGGTATCCT_008,21
CAGGTGGCGACAGGTATCCT_009,15
CAGGTGGCGACAGGTATCCT_010,43
GATGCGACACTCATCCCGGG_001,140
GATGCGACACTCATCCCGGG_002,193
GATGCGACACTCATCCCGGG_003,147
GATGCGACACTCATCCCGGG_004,9
GATGCGACACTCATCCCGGG_005,192
GATGCGACACTCATCCCGGG_006,117
GATGCGACACTCATCCCGGG_007,81
GATGCGACACTCATCCCGGG_008,175
GCACCCGATATATGTTCTCT_001,118
GCACCCGATATATGTTCTCT_002,19
TCCAGAGCACAGTATCATTG_001,87
TCCAGAGCACAGTATCATTG_002,108
TCCAGAGCACAGTATCATTG_003,49
TCCAGAGCACAGTATCATTG_004,15
CTCACCGTACTCTTCCCGTG_001,51
ATCGTGGCGCAGGACCACGT_001,147
ATCGTGGCGCAGGACCACGT_002,80
ATCGTGGCGCAGGACCACGT_003,157
ATCGTGGCGCAGGACCACGT_004,142
ATCGTGGCGCAGGACCACGT_005,166
ATCGTGGCGCAGGACCACGT_006,92
CTTTGTGAAGGATCCTAAGA_001,130
CTTTGTGAAGGATCCTAAGA_002,96
CTTTGTGAAGGATCCTAAGA_003,80
CTTTGTGAAGGATCCTAAGA_004,8
CTTTGTGAAGGATCCTAAGA_005,46
CTTTGTGAAGGATCCTAAGA_006,158
CTTTGTGAAGGATCCTAAGA_007,39
CTTTGTGAAGGATCCTAAGA_008,70
CTTTGTGAAGGATCCTAAGA_009,133
CTTTGTGAAGGATCCTAAGA_010,143
CTTTGTGAAGGATCCTAAGA_011,166
CTTTGTGAAGGATCCTAAGA_012,193
CAGTGGTTGAGCTTAAAACG_001,121
CAGTGGTTGAGCTTAAAACG_002,112
CAGTGGTTGAGCTTAAAACG_003,113
GCGAAATATGTACGGCGGCG_001,171
CCAATTGAAACAGCTACAAA_001,48
CCAATTGAAACAGCTACAAA_002,80
CCAATTGAAACAGCTACAAA_003,101
CCAATTGAAACAGCTACAAA_004,166
CCAATTGAAACAGCTACAAA_005,175
CCAATTGAAACAGCTACAAA_006,144
CCCTGTGTGAAATACGACAT_001,2
CCCTGTGTGAAATACGACAT_002,187
CCCTGTGTGAAATACGACAT_003,130
CCCTGTGTGAAATACGACAT_004,107
CCCTGTGTGAAATACGACAT_005,19
CCCTGTGTGAAATACGACAT_006,74
CCCTGTGTGAAATACGACAT_007,93
CCCTGTGTGAAATACGACAT_008,155
CCCTGTGTGAAATACGACAT_009,138
CCCTGTGTGAAATACGACAT_010,88
CCCTGTGTGAAATACGACAT_011,120
CCCTGTGTGAAATACGACAT_012,157
CCCTGTGTGAAATACGACAT_013,156
CCCTGTGTGAAATACGACAT_014,0
CCCTGTGTGAAATACGACAT_015,102
TGTGACTGGTGGCTTGCAGT_001,115
TGTGACTGGTGGCTTGCAGT_002,161
TGTGACTGGTGGCTTGCAGT_003,48
TGTGACTGGTGGCTTGCAGT_004,147
CAGCAAGTTGGGTGGCAGTA_001,52
CAGCAAGTTGGGTGGCAGTA_002,12
CAGCAAGTTGGGTGGCAGTA_003,35
ACTCTGAATCAATAGCCATG_001,104
ACTCTGAATCAATAGCCATG_002,198
ACTCTGAATCAATAGCCATG_003,104
ACTCTGAATCAATAGCCATG_004,173
ACTCTGAATCAATAGCCATG_005,163
ACTCTGAATCAATAGCCATG_006,68
CTTTGATACACAGCACCGTG_001,87
GATGCCCATTCACATGCAGG_001,34
GATGCCCATTCACATGCAGG_002,90
GATGCCCATTCACATGCAGG_003,177
GATGCCCATTCACATGCAGG_004,57
GATGCCCATTCACATGCAGG_005,117
GATGCCCATTCACATGCAGG_006,148
GATGCCCATTCACATGCAGG_007,175
GATGCCCATTCACATGCAGG_008,133
GATGCCCATTCACATGCAGG_009,39
GCTCTGGGATATGACTACAA_001,199
GCTCTGGGATATGACTACAA_002,88
GCTCTGGGATATGACTACAA_003,9
CCTCCATGAAGAGACATGCA_001,15
CCTCCATGAAGAGACATGCA_002,68
CCTCCATGAAGAGACATGCA_003,5
CCTCCATGAAGAGACATGCA_004,8
CCTCCATGAAGAGACATGCA_005,173
CCTCCATGAAGAGACATGCA_006,184
CCTCCATGAAGAGACATGCA_007,173
TAAATTGAGTGGACATCAAG_001,127
TAAATTGAGTGGACATCAAG_002,62
TAAATTGAGTGGACATCAAG_003,28
CAGTGCCCAAATGATGGGTT_001,121
CAGTGCCCAAATGATGGGTT_002,112
CAGTGCCCAAATGATGGGTT_003,54
CAGTGCCCAAATGATGGGTT_004,48
CAGTGCCCAAATGATGGGTT_005,137
CAGTGCCCAAATGATGGGTT_006,116
CCTGCAAAAGAGTTGTTCTG_001,29
CCTGCAAAAGAGTTGTTCTG_002,166
CCTGCAAAAGAGTTGTTCTG_003,11
CCTGCAAAAGAGTTGTTCTG_004,117
GACGGCATGTGCAACCAGGG_001,149
GACGGCATGTGCAACCAGGG_002,156
GACGGCATGTGCAACCAGGG_003,63
GACGGCATGTGCAACCAGGG_004,168
GACGGCATGTGCAACCAGGG_005,139
ACAGGCTTTGACCCTCACAG_001,11
ACAGGCTTTGACCCTCACAG_002,133
ACAGGCTTTGACCCTCACAG_003,197
ACAGGCTTTGACCCTCACAG_004,123
ACAGGCTTTGACCCTCACAG_005,98
ACAGGCTTTGACCCTCACAG_006,38
ACAGGCTTTGACCCTCACAG_007,77
ACAGGCTTTGACCCTCACAG_008,21
ACAGGCTTTGACCCTCACAG_009,60
ACAGGCTTTGACCCTCACAG_010,70
CGTCGGGCTCCGCGTCCGAG_001,17
CGTCGGGCTCCGCGTCCGAG_002,172
CGTCGGGCTCCGCGTCCGAG_003,50
CGTCGGGCTCCGCGTCCGAG_004,15
CGTCGGGCTCCGCGTCCGAG_005,194
CGTCGGGCTCCGCGTCCGAG_006,129
CGTCGGGCTCCGCGTCCGAG_007,160
CGTCGGGCTCCGCGTCCGAG_008,120
CGTCGGGCTCCGCGTCCGAG_009,37
CGTCGGGCTCCGCGTCCGAG_010,37
CGTCGGGCTCCGCGTCCGAG_011,31
CGTCGGGCTCCGCGTCCGAG_012,98
CGTCGGGCTCCGCGTCCGAG_013,126
CGTCGGGCTCCGCGTCCGAG_014,13
CGTCGGGCTCCGCGTCCGAG_015,118
CGTCGGGCTCCGCGTCCGAG_016,16
CGTCGGGCTCCGCGTCCGAG_017,78
CGTCGGGCTCCGCGTCCGAG_018,184
CGTCGGGCTCCGCGTCCGAG_019,19
CGTCGGGCTCCGCGTCCGAG_020,26
CGTCGGGCTCCGCGTCCGAG_021,82
CGTCGGGCTCCGCGTCCGAG_022,67
CGTCGGGCTCCGCGTCCGAG_023,175
CGTCGGGCTCCGCGTCCGAG_024,169
CGTCGGGCTCCGCGTCCGAG_025,19
GAGTCGAGGGAGTACAGGTG_001,137
GAGTCGAGGGAGTACAGGTG_002,9
GAGTCGAGGGAGTACAGGTG_003,64
GAGTCGAGGGAGTACAGGTG_004,144
GAGTCGAGGGAGTACAGGTG_005,158
GAGTCGAGGGAGTACAGGTG_006,56
GAGTCGAGGGAGTACAGGTG_007,56
GAGTCGAGGGAGTACAGGTG_008,177
GAGTCGAGGGAGTACAGGTG_009,1
GAGTCGAGGGAGTACAGGTG_010,96
GAGTCGAGGGAGTACAGGTG_011,28
GAGTCGAGGGAGTACAGGTG_012,110
GAGTCGAGGGAGTACAGGTG_013,94
GAGTCGAGGGAGTACAGGTG_014,106
GAGTCGAGGGAGTACAGGTG_015,1
GAGTCGAGGGAGTACAGGTG_016,69
GAGTCGAGGGAGTACAGGTG_017,81
GAGTCGAGGGAGTACAGGTG_018,34
GAGTCGAGGGAGTACAGGTG_019,52
AGATTGAACAAAATGCTGCA_001,150
AGATTGAACAAAATGCTGCA_002,195
AGATTGAACAAAATGCTGCA_003,91
AGATTGAACAAAATGCTGCA_004,64
AGATTGAACAAAATGCTGCA_005,1
AGATTGAACAAAATGCTGCA_006,94
AGATTGAACAAAATGCTGCA_007,142
GGAGTCATCATAGAGATCGA_001,63
GGAGTCATCATAGAGATCGA_002,199
GGAGTCATCATAGAGATCGA_003,190
GGAGTCATCATAGAGATCGA_004,150
GGAGTCATCATAGAGATCGA_005,29
GGAGTCATCATAGAGATCGA_006,160
ATGGACAATACTTCTGCTCG_001,86
GCAGCTGCAGAGCCATCCCG_001,55
GCAGCTGCAGAGCCATCCCG_002,160
GCAGCTGCAGAGCCATCCCG_003,77
GCAGCTGCAGAGCCATCCCG_004,48
GCAGCTGCAGAGCCATCCCG_005,29
GCAGCTGCAGAGCCATCCCG_006,37
GCAGCTGCAGAGCCATCCCG_007,111
GCAGCTGCAGAGCCATCCCG_008,111
GCAGCTGCAGAGCCATCCCG_009,25
GCAGCTGCAGAGCCATCCCG_010,50
GCAGCTGCAGAGCCATCCCG_011,139
GCAGCTGCAGAGCCATCCCG_012,188
GCAGCTGCAGAGCCATCCCG_013,115
GCAGCTGCAGAGCCATCCCG_014,149
GCAGCTGCAGAGCCATCCCG_015,34
GCAGCTGCAGAGCCATCCCG_016,55
GCAGCTGCAGAGCCATCCCG_017,67
GCAGCTGCAGAGCCATCCCG_018,63
GCAGCTGCAGAGCCATCCCG_019,4
GCAGCTGCAGAGCCATCCCG_020,199
GCAGCTGCAGAGCCATCCCG_021,35
GCAGCTGCAGAGCCATCCCG_022,35
CAGTGGGGCCCATCTCTCGT_001,143
CAGTGGGGCCCATCTCTCGT_002,21
CAGTGGGGCCCATCTCTCGT_003,79
CAGTGGGGCCCATCTCTCGT_004,142
TCCCTTACTCTGTTTCGGGG_001,55
TCCCTTACTCTGTTTCGGGG_002,2
TCCCTTACTCTGTTTCGGGG_003,77
TCCCTTACTCTGTTTCGGGG_004,52
CATTGTGCTTTAGGTTCTTG_001,53
CATTGTGCTTTAGGTTCTTG_002,76
CATTGTGCTTTAGGTTCTTG_003,20
CATTGTGCTTTAGGTTCTTG_004,97
CATTGTGCTTTAGGTTCTTG_005,140
CATTGTGCTTTAGGTTCTTG_006,160
CATTGTGCTTTAGGTTCTTG_007,150
CATTGTGCTTTAGGTTCTTG_008,58
CATTGTGCTTTAGGTTCTTG_009,65
CATTGTGCTTTAGGTTCTTG_010,137
AAGAGCTTTAACCCTCCGTG_001,132
AAGAGCTTTAACCCTCCGTG_002,145
AAGAGCTTTAACCCTCCGTG_003,83
AAGAGCTTTAACCCTCCGTG_004,140
AAGAGCTTTAACCCTCCGTG_005,53
AAGAGCTTTAACCCTCCGTG_006,62
AAGAGCTTTAACCCTCCGTG_007,43
AAGAGCTTTAACCCTCCGTG_008,49
AAGAGCTTTAACCCTCCGTG_009,50
GAATGTTAGAAATAACTGTG_001,83
GAATGTTAGAAATAACTGTG_002,112
GAATGTTAGAAATAACTGTG_003,194
ACCCCCCAATTATAGGACGC_001,137
ACCCCCCAATTATAGGACGC_002,12
ACCCCCCAATTATAGGACGC_003,38
ACCCCCCAATTATAGGACGC_004,67
ACCCCCCAATTATAGGACGC_005,29
ACCCCCCAATTATAGGACGC_006,163
ACCCCCCAATTATAGGACGC_007,20
ACCCCCCAATTATAGGACGC_008,15
ACCCCCCAATTATAGGACGC_009,154
ACCCCCCAATTATAGGACGC_010,78
ACCCCCCAATTATAGGACGC_011,70
CCATGTATTCATCTTGACAC_001,192
CCATGTATTCATCTTGACAC_002,62
TGGTTGCCAAACTCCTCCTG_001,58
TGGTTGCCAAACTCCTCCTG_002,0
TGGTTGCCAAACTCCTCCTG_003,106
TGGTTGCCAAACTCCTCCTG_004,39
TGGTTGCCAAACTCCTCCTG_005,140
TGGTTGCCAAACTCCTCCTG_006,27
TGGTTGCCAAACTCCTCCTG_007,127
TGGTTGCCAAACTCCTCCTG_008,127
TGGTTGCCAAACTCCTCCTG_009,168
TGGTTGCCAAACTCCTCCTG_010,76
TGGTTGCCAAACTCCTCCTG_011,78
TGGTTGCCAAACTCCTCCTG_012,198
TGGTTGCCAAACTCCTCCTG_013,196
TGGTTGCCAAACTCCTCCTG_014,148
TGGTTGCCAAACTCCTCCTG_015,16
TGGTTGCCAAACTCCTCCTG_016,183
TGGTTGCCAAACTCCTCCTG_017,168
TGGTTGCCAAACTCCTCCTG_018,40
TGGTTGCCAAACTCCTCCTG_019,58
TGGTTGCCAAACTCCTCCTG_020,133
TGGTTGCCAAACTCCTCCTG_021,12
TGGTTGCCAAACTCCTCCTG_022,121
TGGTTGCCAAACTCCTCCTG_023,87
TGGTTGCCAAACTCCTCCTG_024,16
TGGTTGCCAAACTCCTCCTG_025,32
TGGTTGCCAAACTCCTCCTG_026,68
TGGTTGCCAAACTCCTCCTG_027,43
TGGTTGCCAAACTCCTCCTG_028,18
TGGTTGCCAAACTCCTCCTG_029,195
TGGTTGCCAAACTCCTCCTG_030,55
TGGTTGCCAAACTCCTCCTG_031,14
TGGTTGCCAAACTCCTCCTG_032,197
TGGTTGCCAAACTCCTCCTG_033,47
TGGTTGCCAAACTCCTCCTG_034,162
AAAGCCCAATGCCATTCAAG_001,94
AAAGCCCAATGCCATTCAAG_002,98
AAAGCCCAATGCCATTCAAG_003,19
AAAGCCCAATGCCATTCAAG_004,184
AAAGCCCAATGCCATTCAAG_005,1
AAAGCCCAATGCCATTCAAG_006,79
AAAGCCCAATGCCATTCAAG_007,88
AAAGCCCAATGCCATTCAAG_008,21
GCTGTCAAAACACCTGCTGT_001,142
GCTGTCAAAACACCTGCTGT_002,125
GCTGTCAAAACACCTGCTGT_003,112
GCTGTCAAAACACCTGCTGT_004,49
GCTGTCAAAACACCTGCTGT_005,127
GCTGTCAAAACACCTGCTGT_006,182
GCTGTCAAAACACCTGCTGT_007,15
GCTGTCAAAACACCTGCTGT_008,173
GCTGTCAAAACACCTGCTGT_009,199
GCTGTCAAAACACCTGCTGT_010,48
GCTGTCAAAACACCTGCTGT_011,148
GCTGTCAAAACACCTGCTGT_012,24
GCTGTCAAAACACCTGCTGT_013,34
GCTGTCAAAACACCTGCTGT_014,42
GCTGTCAAAACACCTGCTGT_015,172
GCTGTCAAAACACCTGCTGT_016,5
GCTGTCAAAACACCTGCTGT_017,104
GCTGTCAAAACACCTGCTGT_018,127
GCTGTCAAAACACCTGCTGT_019,26
GGTCGATAAGGACTTTCCGG_001,37
TCATGAAATGCGTGAAAAGT_001,98
TCATGAAATGCGTGAAAAGT_002,4
TCATGAAATGCGTGAAAAGT_003,150
TCATGAAATGCGTGAAAAGT_004,62
GCAGCAGACAAGGAGTCCCA_001,70
GCAGCAGACAAGGAGTCCCA_002,171
GCAGCAGACAAGGAGTCCCA_003,47
GCAGCAGACAAGGAGTCCCA_004,130
GCAGCAGACAAGGAGTCCCA_005,101
GCAGCAGACAAGGAGTCCCA_006,68
GCAGCAGACAAGGAGTCCCA_007,104
GCAGCAGACAAGGAGTCCCA_008,65
GCAGCAGACAAGGAGTCCCA_009,19
GCAGCAGACAAGGAGTCCCA_010,23
GCAGCAGACAAGGAGTCCCA_011,6
GCAGCAGACAAGGAGTCCCA_012,6
GCAGCAGACAAGGAGTCCCA_013,8
GCAGCAGACAAGGAGTCCCA_014,130
GCAGCAGACAAGGAGTCCCA_015,178
GCAGCAGACAAGGAGTCCCA_016,178
GCAGCAGACAAGGAGTCCCA_017,153
GCAGCAGACAAGGAGTCCCA_018,141
GCAGCAGACAAGGAGTCCCA_019,190
GCAGCAGACAAGGAGTCCCA_020,5
GCAGCAGACAAGGAGTCCCA_021,183
GCAGCAGACAAGGAGTCCCA_022,50
GCAGCAGACAAGGAGTCCCA_023,134
GCAGCAGACAAGGAGTCCCA_024,160
GCAGCAGACAAGGAGTCCCA_025,58
GCAGCAGACAAGGAGTCCCA_026,63
GCAGCAGACAAGGAGTCCCA_027,114
GCAGCAGACAAGGAGTCCCA_028,191
GCAGCAGACAAGGAGTCCCA_029,87
GCAGCAGACAAGGAGTCCCA_030,32
CCTGCTCCAGACATGAACAC_001,33
CCTGCTCCAGACATGAACAC_002,88
CCTGCTCCAGACATGAACAC_003,68
CCTGCTCCAGACATGAACAC_004,20
CCTGCTCCAGACATGAACAC_005,166
CCTGCTCCAGACATGAACAC_006,166
CCTGCTCCAGACATGAACAC_007,92
CCTGCTCCAGACATGAACAC_008,158
CCTGCTCCAGACATGAACAC_009,1
GGAAGGCCGGTGCAAAGACG_001,47
GGAAGGCCGGTGCAAAGACG_002,70
GGAAGGCCGGTGCAAAGACG_003,10
AAAAGCGGCGAATTGAGGCT_001,18
AAAAGCGGCGAATTGAGGCT_002,10
AAAAGCGGCGAATTGAGGCT_003,16
AAAAGCGGCGAATTGAGGCT_004,60
AAAAGCGGCGAATTGAGGCT_005,186
AAAAGCGGCGAATTGAGGCT_006,184
AAAAGCGGCGAATTGAGGCT_007,120
AAAAGCGGCGAATTGAGGCT_008,184
AAAAGCGGCGAATTGAGGCT_009,78
AAAAGCGGCGAATTGAGGCT_010,58
CTGCGCCTACCGGAGACTGC_001,115
CTGCGCCTACCGGAGACTGC_002,121
CTGCGCCTACCGGAGACTGC_003,157
CTGCGCCTACCGGAGACTGC_004,133
CTGCGCCTACCGGAGACTGC_005,157
CTGCGCCTACCGGAGACTGC_006,58
CTGCGCCTACCGGAGACTGC_007,84
CTGCGCCTACCGGAGACTGC_008,17
CTGCGCCTACCGGAGACTGC_009,193
CTGCGCCTACCGGAGACTGC_010,135
CTGCGCCTACCGGAGACTGC_011,198
CTGCGCCTACCGGAGACTGC_012,185
CTGCGCCTACCGGAGACTGC_013,167
CTGCGCCTACCGGAGACTGC_014,171
CTGCGCCTACCGGAGACTGC_015,150
CTGCGCCTACCGGAGACTGC_016,158
CTGCGCCTACCGGAGACTGC_017,155
CTGCGCCTACCGGAGACTGC_018,8
CTGCGCCTACCGGAGACTGC_019,150
CTGCGCCTACCGGAGACTGC_020,114
CTGCGCCTACCGGAGACTGC_021,114
CTGCGCCTACCGGAGACTGC_022,71
CTGCGCCTACCGGAGACTGC_023,6
CTGCGCCTACCGGAGACTGC_024,6
CTGCGCCTACCGGAGACTGC_025,124
CTGCGCCTACCGGAGACTGC_026,5
CTGCGCCTACCGGAGACTGC_027,160
CTGCGCCTACCGGAGACTGC_028,63
CTGCGCCTACCGGAGACTGC_029,69
TATGAAACAGCATTCTACCA_001,164
TCAGTGAAATCTATGCAGTG_001,104
TCAGTGAAATCTATGCAGTG_002,21
TCAGTGAAATCTATGCAGTG_003,117
TCAGTGAAATCTATGCAGTG_004,127
TGCATGGGGAGGACCAGTCG_001,182
TGCATGGGGAGGACCAGTCG_002,184
TGCATGGGGAGGACCAGTCG_003,159
TGCATGGGGAGGACCAGTCG_004,143
TGCATGGGGAGGACCAGTCG_005,98
TGCATGGGGAGGACCAGTCG_006,152
TGCATGGGGAGGACCAGTCG_007,34
TGCATGGGGAGGACCAGTCG_008,57
TCCTGGCTGAAAAAAAACAT_001,58
TCCTGGCTGAAAAAAAACAT_002,194
TCCTGGCTGAAAAAAAACAT_003,194
TCCTGGCTGAAAAAAAACAT_004,126
TCCTGGCTGAAAAAAAACAT_005,48
TGGTGATGTTCCCTACGCGG_001,138
TGGTGATGTTCCCTACGCGG_002,96
TGGTGATGTTCCCTACGCGG_003,169
TGGTGATGTTCCCTACGCGG_004,78
TGGTGATGTTCCCTACGCGG_005,184
TGGTGATGTTCCCTACGCGG_006,127
TGGTGATGTTCCCTACGCGG_007,17
TGGTGATGTTCCCTACGCGG_008,29
TGGTGATGTTCCCTACGCGG_009,97
TGGTGATGTTCCCTACGCGG_010,171
TGGTGATGTTCCCTACGCGG_011,74
TGAACCAGAGTACAGCTATG_001,186
TGAACCAGAGTACAGCTATG_002,141
TGAACCAGAGTACAGCTATG_003,127
TGAACCAGAGTACAGCTATG_004,16
TGAACCAGAGTACAGCTATG_005,134
TGAACCAGAGTACAGCTATG_006,16
TGAACCAGAGTACAGCTATG_007,107
TGAACCAGAGTACAGCTATG_008,182
TGAACCAGAGTACAGCTATG_009,55
TGAACCAGAGTACAGCTATG_010,88
TGAACCAGAGTACAGCTATG_011,69
ATCCCGAACCTGCATTCTGA_001,69
ATCCCGAACCTGCATTCTGA_002,34
ATCCCGAACCTGCATTCTGA_003,184
ATCCCGAACCTGCATTCTGA_004,116
AGTCAAAAAACAGTATCCAG_001,174
AGTCAAAAAACAGTATCCAG_002,147
AGTCAAAAAACAGTATCCAG_003,26
AGTCAAAAAACAGTATCCAG_004,16
AGTCAAAAAACAGTATCCAG_005,26
ATGTTCGCAATGTATGAGGA_001,49
ATGTTCGCAATGTATGAGGA_002,112
ATGTTCGCAATGTATGAGGA_003,114
ATGTTCGCAATGTATGAGGA_004,146
ATGTTCGCAATGTATGAGGA_005,127
ATGTTCGCAATGTATGAGGA_006,37
ATGTTCGCAATGTATGAGGA_007,158
ATGTTCGCAATGTATGAGGA_008,94
ATGTTCGCAATGTATGAGGA_009,88
ATGTTCGCAATGTATGAGGA_010,94
ATGTTCGCAATGTATGAGGA_011,84
ATGTTCGCAATGTATGAGGA_012,94
ATGTTCGCAATGTATGAGGA_013,115
ATGTTCGCAATGTATGAGGA_014,199
ATGTTCGCAATGTATGAGGA_015,137
ATGTTCGCAATGTATGAGGA_016,166
ATGTTCGCAATGTATGAGGA_017,3
TGTGCAAATGTATCGAATTG_001,147
TGTGCAAATGTATCGAATTG_002,48
TGAGTCACTGGATACACCAA_001,36
TGAGTCACTGGATACACCAA_002,1
TGAGTCACTGGATACACCAA_003,118
TGAGTCACTGGATACACCAA_004,57
TGAGTCACTGGATACACCAA_005,56
CCAATACTGTTGATGGCTGG_001,190
CCAATACTGTTGATGGCTGG_002,184
CCAATACTGTTGATGGCTGG_003,143
CCAATACTGTTGATGGCTGG_004,82
CCAATACTGTTGATGGCTGG_005,68
CCAATACTGTTGATGGCTGG_006,146
CCAATACTGTTGATGGCTGG_007,60
CCAGCAAAAGACACTTCTTG_001,153
CCAGCAAAAGACACTTCTTG_002,161
CCAGCAAAAGACACTTCTTG_003,159
CCAGCAAAAGACACTTCTTG_004,58
CCAGCAAAAGACACTTCTTG_005,168
CCAGCAAAAGACACTTCTTG_006,27
CCAGCAAAAGACACTTCTTG_007,23
CCAGCAAAAGACACTTCTTG_008,197
CCAGCAAAAGACACTTCTTG_009,81
CCAGCAAAAGACACTTCTTG_010,188
CCAGCAAAAGACACTTCTTG_011,117
CCAGCAAAAGACACTTCTTG_012,43
CCAGCAAAAGACACTTCTTG_013,53
CCAGCAAAAGACACTTCTTG_014,122
CCAGCAAAAGACACTTCTTG_015,17
CCAGCAAAAGACACTTCTTG_016,140
CCAGCAAAAGACACTTCTTG_017,155
CCAGCAAAAGACACTTCTTG_018,106
CCAGCAAAAGACACTTCTTG_019,148
CCAGCAAAAGACACTTCTTG_020,107
CCAGCAAAAGACACTTCTTG_021,190
CCAGCAAAAGACACTTCTTG_022,190
CCAGCAAAAGACACTTCTTG_023,112
CCAGCAAAAGACACTTCTTG_024,145
CCAGCAAAAGACACTTCTTG_025,114
CCAGCAAAAGACACTTCTTG_026,114
GTGGACGGCAGGACGTTCGA_001,60
GTGGACGGCAGGACGTTCGA_002,94
GTGGACGGCAGGACGTTCGA_003,74
GTGGACGGCAGGACGTTCGA_004,58
GTGGACGGCAGGACGTTCGA_005,111
GTGGACGGCAGGACGTTCGA_006,57
GTGGACGGCAGGACGTTCGA_007,48
GTGGACGGCAGGACGTTCGA_008,165
GTGGACGGCAGGACGTTCGA_009,162
GTGGACGGCAGGACGTTCGA_010,168
GTGGACGGCAGGACGTTCGA_011,62
GTGGACGGCAGGACGTTCGA_012,150
GTGGACGGCAGGACGTTCGA_013,185
GTGGACGGCAGGACGTTCGA_014,130
GTGGACGGCAGGACGTTCGA_015,156
GTGGACGGCAGGACGTTCGA_016,54
GTGGACGGCAGGACGTTCGA_017,195
GTGGACGGCAGGACGTTCGA_018,68
GTGGACGGCAGGACGTTCGA_019,166
GTGGACGGCAGGACGTTCGA_020,46
GTGGACGGCAGGACGTTCGA_021,83
GTGGACGGCAGGACGTTCGA_022,158
GTGGACGGCAGGACGTTCGA_023,60
GTGGACGGCAGGACGTTCGA_024,160
GTGGACGGCAGGACGTTCGA_025,117
GTGGACGGCAGGACGTTCGA_026,43
GTGGACGGCAGGACGTTCGA_027,118
GTGGACGGCAGGACGTTCGA_028,127
GTGGACGGCAGGACGTTCGA_029,83
GTGGACGGCAGGACGTTCGA_030,124
GTGGACGGCAGGACGTTCGA_031,126
CTTTGTCCCCGATTACACGC_001,70
CTTTGTCCCCGATTACACGC_002,153
CTTTGTCCCCGATTACACGC_003,137
CTTTGTCCCCGATTACACGC_004,38
CTTTGTCCCCGATTACACGC_005,148
CTTTGTCCCCGATTACACGC_006,72
CTTTGTCCCCGATTACACGC_007,70
CTTTGTCCCCGATTACACGC_008,156
CTTTGTCCCCGATTACACGC_009,68
CTTTGTCCCCGATTACACGC_010,10
CTTTGTCCCCGATTACACGC_011,63
CTTTGTCCCCGATTACACGC_012,165
CTTCATCTCTTGGATCAAAG_001,177
CTTCATCTCTTGGATCAAAG_002,179
CTTCATCTCTTGGATCAAAG_003,19
CTTCATCTCTTGGATCAAAG_004,10
CTTCATCTCTTGGATCAAAG_005,31
CTTCATCTCTTGGATCAAAG_006,97
AAGCTCTAGGGAACTTTCCA_001,157
AAGCTCTAGGGAACTTTCCA_002,58
AAGCTCTAGGGAACTTTCCA_003,88
AAGCTCTAGGGAACTTTCCA_004,22
GAATGCATACACTATCCCAT_001,160
GAATGCATACACTATCCCAT_002,69
GAATGCATACACTATCCCAT_003,28
GAATGCATACACTATCCCAT_004,27
GAATGCATACACTATCCCAT_005,162
GAATGCATACACTATCCCAT_006,98
GAATGCATACACTATCCCAT_007,105
GAATGCATACACTATCCCAT_008,137
GATGGATCAGATCGTCCACT_001,198
CGAAGGGACCTACATGTGTG_001,27
CGAAGGGACCTACATGTGTG_002,156
CGAAGGGACCTACATGTGTG_003,41
CGAAGGGACCTACATGTGTG_004,105
CGAAGGGACCTACATGTGTG_005,108
CGAAGGGACCTACATGTGTG_006,107
CGAAGGGACCTACATGTGTG_007,131
CGAAGGGACCTACATGTGTG_008,10
CCGGAAAGTACAATGACCAG_001,36
CCGGAAAGTACAATGACCAG_002,100
CCGGAAAGTACAATGACCAG_003,185
CCGGAAAGTACAATGACCAG_004,5
CCGGAAAGTACAATGACCAG_005,87
CCGGAAAGTACAATGACCAG_006,160
CCGGAAAGTACAATGACCAG_007,48
CCGGAAAGTACAATGACCAG_008,60
CCGGAAAGTACAATGACCAG_009,15
CCGGAAAGTACAATGACCAG_010,17
CCGGAAAGTACAATGACCAG_011,23
CCGGAAAGTACAATGACCAG_012,185
CCGGAAAGTACAATGACCAG_013,158
CCGGAAAGTACAATGACCAG_014,169
GATGTGGCACAGATCATGCC_001,72
GATGTGGCACAGATCATGCC_002,148
GATGTGGCACAGATCATGCC_003,105
GATGTGGCACAGATCATGCC_004,8
GATGTGGCACAGATCATGCC_005,197
GGGAGTCGTACTGATCGATG_001,72
GGGAGTCGTACTGATCGATG_002,153
GGGAGTCGTACTGATCGATG_003,153
GGGAGTCGTACTGATCGATG_004,75
GGGAGTCGTACTGATCGATG_005,34
GGGAGTCGTACTGATCGATG_006,114
GGGAGTCGTACTGATCGATG_007,39
CAGGAGGGCGTATATATGGA_001,76
GTGTCGAGTAGCACGTTCGG_001,159
GTGTCGAGTAGCACGTTCGG_002,126
GTGTCGAGTAGCACGTTCGG_003,121
GTGTCGAGTAGCACGTTCGG_004,1
GTGTCGAGTAGCACGTTCGG_005,81
GTGTCGAGTAGCACGTTCGG_006,197
GTGTCGAGTAGCACGTTCGG_007,45
GTGTCGAGTAGCACGTTCGG_008,198
GTGTCGAGTAGCACGTTCGG_009,70
GTGTCGAGTAGCACGTTCGG_010,166
GTGTCGAGTAGCACGTTCGG_011,132
GTGTCGAGTAGCACGTTCGG_012,105
GTGTCGAGTAGCACGTTCGG_013,149
GTGTCGAGTAGCACGTTCGG_014,15
GTGTCGAGTAGCACGTTCGG_015,165
GTGTCGAGTAGCACGTTCGG_016,128
GTGTCGAGTAGCACGTTCGG_017,6
GTGTCGAGTAGCACGTTCGG_018,125
TGCCGCTCGAGTCGGCCTAC_001,148
TGCCGCTCGAGTCGGCCTAC_002,80
TGCCGCTCGAGTCGGCCTAC_003,116
TGCCGCTCGAGTCGGCCTAC_004,37
TGCCGCTCGAGTCGGCCTAC_005,126
TGCCGCTCGAGTCGGCCTAC_006,154
TGCCGCTCGAGTCGGCCTAC_007,120
TGCCGCTCGAGTCGGCCTAC_008,198
TGCCGCTCGAGTCGGCCTAC_009,34
TGCCGCTCGAGTCGGCCTAC_010,152
TGCCGCTCGAGTCGGCCTAC_011,186
TGCCGCTCGAGTCGGCCTAC_012,185
TGCCGCTCGAGTCGGCCTAC_013,78
TGCCGCTCGAGTCGGCCTAC_014,19
TGCCGCTCGAGTCGGCCTAC_015,43
TGCCGCTCGAGTCGGCCTAC_016,115
TGCCGCTCGAGTCGGCCTAC_017,1
TGCCGCTCGAGTCGGCCTAC_018,162
TGCCGCTCGAGTCGGCCTAC_019,10
TGCCGCTCGAGTCGGCCTAC_020,121
TGCCGCTCGAGTCGGCCTAC_021,162
TGCCGCTCGAGTCGGCCTAC_022,48
TTGTAGAAAGCACCCGCAAG_001,147
TTGTAGAAAGCACCCGCAAG_002,127
TTGTAGAAAGCACCCGCAAG_003,175
TTGTAGAAAGCACCCGCAAG_004,188
TTGTAGAAAGCACCCGCAAG_005,39
TTGTAGAAAGCACCCGCAAG_006,32
TTGTAGAAAGCACCCGCAAG_007,135
TTGTAGAAAGCACCCGCAAG_008,36
TTGTAGAAAGCACCCGCAAG_009,125
TTGTAGAAAGCACCCGCAAG_010,74
TTGTAGAAAGCACCCGCAAG_011,140
TTGTAGAAAGCACCCGCAAG_012,182
TTGTAGAAAGCACCCGCAAG_013,159
TTGTAGAAAGCACCCGCAAG_014,116
CTGGTAGTAATCTCCTAACA_001,106
CTGGTAGTAATCTCCTAACA_002,169
CTGGTAGTAATCTCCTAACA_003,149
GGAGTGTGACTACCGTCGTG_001,173
GGAGTGTGACTACCGTCGTG_002,31
GGAGTGTGACTACCGTCGTG_003,88
GGAGTGTGACTACCGTCGTG_004,93
TGATGTCAGGGAAGTTACGG_001,53
TGATGTCAGGGAAGTTACGG_002,147
TGATGTCAGGGAAGTTACGG_003,42
TGATGTCAGGGAAGTTACGG_004,102
TGATGTCAGGGAAGTTACGG_005,66
AACAGCTGGAACAAAAGGAG_001,118
AACAGCTGGAACAAAAGGAG_002,70
AACAGCTGGAACAAAAGGAG_003,14
AACAGCTGGAACAAAAGGAG_004,78
AACAGCTGGAACAAAAGGAG_005,176
AACAGCTGGAACAAAAGGAG_006,177
AACAGCTGGAACAAAAGGAG_007,197
ATGGTGACCTTGAGCCCGAG_001,117
ATGGTGACCTTGAGCCCGAG_002,103
ATGGTGACCTTGAGCCCGAG_003,42
ATGGTGACCTTGAGCCCGAG_004,150
ATGGTGACCTTGAGCCCGAG_005,31
GACACCCAGCACGTCCGCAC_001,139
GACACCCAGCACGTCCGCAC_002,189
GACACCCAGCACGTCCGCAC_003,158
GACACCCAGCACGTCCGCAC_004,144
GACACCCAGCACGTCCGCAC_005,78
GACACCCAGCACGTCCGCAC_006,10
GACACCCAGCACGTCCGCAC_007,168
GACACCCAGCACGTCCGCAC_008,184
GACACCCAGCACGTCCGCAC_009,116
GACACCCAGCACGTCCGCAC_010,164
GACACCCAGCACGTCCGCAC_011,0
GACACCCAGCACGTCCGCAC_012,124
GACACCCAGCACGTCCGCAC_013,56
GACACCCAGCACGTCCGCAC_014,84
GACACCCAGCACGTCCGCAC_015,150
GACACCCAGCACGTCCGCAC_016,141
GACACCCAGCACGTCCGCAC_017,175
GACACCCAGCACGTCCGCAC_018,158
GACACCCAGCACGTCCGCAC_019,178
GACACCCAGCACGTCCGCAC_020,166
GACACCCAGCACGTCCGCAC_021,49
GACACCCAGCACGTCCGCAC_022,189
GACACCCAGCACGTCCGCAC_023,189
GACACCCAGCACGTCCGCAC_024,43
GACACCCAGCACGTCCGCAC_025,11
GACACCCAGCACGTCCGCAC_026,174
GACACCCAGCACGTCCGCAC_027,76
GACACCCAGCACGTCCGCAC_028,117
GACACCCAGCACGTCCGCAC_029,121
GACACCCAGCACGTCCGCAC_030,3
GACACCCAGCACGTCCGCAC_031,119
GACACCCAGCACGTCCGCAC_032,147
GACACCCAGCACGTCCGCAC_033,168
GACACCCAGCACGTCCGCAC_034,61
GACACCCAGCACGTCCGCAC_035,197
CCATCTCCCAGTCATGTGTG_001,23
CCATCTCCCAGTCATGTGTG_002,102
CCATCTCCCAGTCATGTGTG_003,192
CCATCTCCCAGTCATGTGTG_004,60
CCATCTCCCAGTCATGTGTG_005,41
CCATCTCCCAGTCATGTGTG_006,60
CCATCTCCCAGTCATGTGTG_007,98
CCATCTCCCAGTCATGTGTG_008,166
CCATCTCCCAGTCATGTGTG_009,13
CCATCTCCCAGTCATGTGTG_010,51
CCATCTCCCAGTCATGTGTG_011,198
CCATCTCCCAGTCATGTGTG_012,72
CCATCTCCCAGTCATGTGTG_013,149
CCATCTCCCAGTCATGTGTG_014,187
CCATCTCCCAGTCATGTGTG_015,108
CCATCTCCCAGTCATGTGTG_016,108
CCATCTCCCAGTCATGTGTG_017,35
CCATCTCCCAGTCATGTGTG_018,41
CCATCTCCCAGTCATGTGTG_019,103
CCATCTCCCAGTCATGTGTG_020,197
CCATCTCCCAGTCATGTGTG_021,115
CCATCTCCCAGTCATGTGTG_022,94
CCATCTCCCAGTCATGTGTG_023,162
CCATCTCCCAGTCATGTGTG_024,82
CCATCTCCCAGTCATGTGTG_025,140
CCATCTCCCAGTCATGTGTG_026,118
CCATCTCCCAGTCATGTGTG_027,8
CCATCTCCCAGTCATGTGTG_028,100
CCATCTCCCAGTCATGTGTG_029,161
CCATCTCCCAGTCATGTGTG_030,112
TATCCTAAGAACATACGGGG_001,88
GGACTCACCAGGGGCCACGT_001,166
GGACTCACCAGGGGCCACGT_002,104
GGACTCACCAGGGGCCACGT_003,175
GGACTCACCAGGGGCCACGT_004,146
GGACTCACCAGGGGCCACGT_005,77
GGACTCACCAGGGGCCACGT_006,42
GGACTCACCAGGGGCCACGT_007,113
GGACTCACCAGGGGCCACGT_008,57
GGACTCACCAGGGGCCACGT_009,146
GGACTCACCAGGGGCCACGT_010,77
GGACTCACCAGGGGCCACGT_011,52
AAACCTCAAAGATTAGACAC_001,59
AAACCTCAAAGATTAGACAC_002,128
AAACCTCAAAGATTAGACAC_003,50
AAACCTCAAAGATTAGACAC_004,160
AAACCTCAAAGATTAGACAC_005,103
AAACCTCAAAGATTAGACAC_006,73
AAACCTCAAAGATTAGACAC_007,62
AAACCTCAAAGATTAGACAC_008,102
AAACCTCAAAGATTAGACAC_009,8
AAACCTCAAAGATTAGACAC_010,25
AAACCTCAAAGATTAGACAC_011,186
AAACCTCAAAGATTAGACAC_012,47
AAACCTCAAAGATTAGACAC_013,1
AAACCTCAAAGATTAGACAC_014,120
AAACCTCAAAGATTAGACAC_015,33
AAGCCTGGTCAATATCCGAA_001,9
AAGCCTGGTCAATATCCGAA_002,82
AAGCCTGGTCAATATCCGAA_003,40
AAGCCTGGTCAATATCCGAA_004,152
CGAGCCCACCAGTTTGTACA_001,116
CGAGCCCACCAGTTTGTACA_002,62
CGAGCCCACCAGTTTGTACA_003,148
CGAGCCCACCAGTTTGTACA_004,65
CGAGCCCACCAGTTTGTACA_005,76
CGAGCCCACCAGTTTGTACA_006,38
CGAGCCCACCAGTTTGTACA_007,148
CGAGCCCACCAGTTTGTACA_008,104
CGAGCCCACCAGTTTGTACA_009,28
CGAGCCCACCAGTTTGTACA_010,27
CGAGCCCACCAGTTTGTACA_011,131
CGAGCCCACCAGTTTGTACA_012,138
CAGCCCACGATGTTCCTGCG_001,65
CAGCCCACGATGTTCCTGCG_002,56
CAGCCCACGATGTTCCTGCG_003,134
CAGCCCACGATGTTCCTGCG_004,183
CAGCCCACGATGTTCCTGCG_005,137
CAGCCCACGATGTTCCTGCG_006,6
CAGCCCACGATGTTCCTGCG_007,9
CCGGACTGAGAAATGCCTGA_001,49
CCGGACTGAGAAATGCCTGA_002,106
CCGGACTGAGAAATGCCTGA_003,126
CCGGACTGAGAAATGCCTGA_004,171
CCGGACTGAGAAATGCCTGA_005,13
CCGGACTGAGAAATGCCTGA_006,58
CCGGACTGAGAAATGCCTGA_007,183
CCGGACTGAGAAATGCCTGA_008,116
CCGGACTGAGAAATGCCTGA_009,130
CCGGACTGAGAAATGCCTGA_010,49
CCGGACTGAGAAATGCCTGA_011,188
GTGGTAGGCATACTAAACTC_001,70
GCTCGCCCCGGGATCCCACC_001,118
GCTCGCCCCGGGATCCCACC_002,186
GCTCGCCCCGGGATCCCACC_003,85
GCTCGCCCCGGGATCCCACC_004,112
GCTCGCCCCGGGATCCCACC_005,16
GCTCGCCCCGGGATCCCACC_006,181
GCTCGCCCCGGGATCCCACC_007,163
GCTCGCCCCGGGATCCCACC_008,22
GCTCGCCCCGGGATCCCACC_009,134
GCTCGCCCCGGGATCCCACC_010,114
GCTCGCCCCGGGATCCCACC_011,41
GCTCGCCCCGGGATCCCACC_012,151
GCTCGCCCCGGGATCCCACC_013,30
GCTCGCCCCGGGATCCCACC_014,117
GCTCGCCCCGGGATCCCACC_015,43
GCTCGCCCCGGGATCCCACC_016,86
GCTCGCCCCGGGATCCCACC_017,14
GCTCGCCCCGGGATCCCACC_018,24
GCTCGCCCCGGGATCCCACC_019,58
GCTCGCCCCGGGATCCCACC_020,136
GCTCGCCCCGGGATCCCACC_021,81
GCTCGCCCCGGGATCCCACC_022,72
GCTCGCCCCGGGATCCCACC_023,7
GCTCGCCCCGGGATCCCACC_024,125
GCTCGCCCCGGGATCCCACC_025,168
GCTCGCCCCGGGATCCCACC_026,24
GCTCGCCCCGGGATCCCACC_027,182
GCTCGCCCCGGGATCCCACC_028,140
GCTCGCCCCGGGATCCCACC_029,17
GCTCGCCCCGGGATCCCACC_030,83
CAGTCATTCCAAGGAAGTCA_001,50
GAATCGAAACGTGAACCCAG_001,88
GAATCGAAACGTGAACCCAG_002,112
GAATCGAAACGTGAACCCAG_003,35
GAATCGAAACGTGAACCCAG_004,48
GAATCGAAACGTGAACCCAG_005,62
GAATCGAAACGTGAACCCAG_006,12
GAATCGAAACGTGAACCCAG_007,82
CCTGCGGTGCACGGCTAGCC_001,160
CCTGCGGTGCACGGCTAGCC_002,175
CCTGCGGTGCACGGCTAGCC_003,169
CCTGCGGTGCACGGCTAGCC_004,46
CCTGCGGTGCACGGCTAGCC_005,126
CCTGCGGTGCACGGCTAGCC_006,145
CCTGCGGTGCACGGCTAGCC_007,84
CCTGCGGTGCACGGCTAGCC_008,60
CCTGCGGTGCACGGCTAGCC_009,160
CCTGCGGTGCACGGCTAGCC_010,107
CCTGCGGTGCACGGCTAGCC_011,76
CCTGCGGTGCACGGCTAGCC_012,36
CCTGCGGTGCACGGCTAGCC_013,135
CCTGCGGTGCACGGCTAGCC_014,185
CCTGCGGTGCACGGCTAGCC_015,198
CCTGCGGTGCACGGCTAGCC_016,45
CCTGCGGTGCACGGCTAGCC_017,107
CCTGCGGTGCACGGCTAGCC_018,61
CCTGCGGTGCACGGCTAGCC_019,174
CCTGCGGTGCACGGCTAGCC_020,84
CCTGCGGTGCACGGCTAGCC_021,131
CCTGCGGTGCACGGCTAGCC_022,67
TATCAGGAAACACTTCACGA_001,142
TATCAGGAAACACTTCACGA_002,45
TATCAGGAAACACTTCACGA_003,172
TATCAGGAAACACTTCACGA_004,56
TTCACAAGCCTGCCCAATGG_001,193
TTCACAAGCCTGCCCAATGG_002,194
TTCACAAGCCTGCCCAATGG_003,45
TTCACAAGCCTGCCCAATGG_004,173
TTCACAAGCCTGCCCAATGG_005,166
TTCACAAGCCTGCCCAATGG_006,0
TTCACAAGCCTGCCCAATGG_007,108
TTCACAAGCCTGCCCAATGG_008,31
TTCACAAGCCTGCCCAATGG_009,127
TTCACAAGCCTGCCCAATGG_010,171
TTCACAAGCCTGCCCAATGG_011,31
TTCACAAGCCTGCCCAATGG_012,122
TTCACAAGCCTGCCCAATGG_013,118
TTCACAAGCCTGCCCAATGG_014,84
TTCACAAGCCTGCCCAATGG_015,197
TGGTTCCCGTGATCCCACGG_001,56
TGGTTCCCGTGATCCCACGG_002,117
AAATACAAGCTATAGCGATA_001,139
AAATACAAGCTATAGCGATA_002,171
AAATACAAGCTATAGCGATA_003,83
AAATACAAGCTATAGCGATA_004,127
AAATACAAGCTATAGCGATA_005,147
AAATACAAGCTATAGCGATA_006,164
AAATACAAGCTATAGCGATA_007,153
AAATACAAGCTATAGCGATA_008,16
ATGAGTTCTGATTCACTCCG_001,62
ATGAGTTCTGATTCACTCCG_002,169
ATGAGTTCTGATTCACTCCG_003,134
ATGAGTTCTGATTCACTCCG_004,93
ATGAGTTCTGATTCACTCCG_005,58
ATGAGTTCTGATTCACTCCG_006,155
ATGAGTTCTGATTCACTCCG_007,181
ATGAGTTCTGATTCACTCCG_008,188
ATGAGTTCTGATTCACTCCG_009,104
ATGAGTTCTGATTCACTCCG_010,28
ATGAGTTCTGATTCACTCCG_011,169
ATGAGTTCTGATTCACTCCG_012,88
ATGAGTTCTGATTCACTCCG_013,88
GTTGGCCACACTGTTGAACT_001,103
GTTGGCCACACTGTTGAACT_002,8
CAAAGTGTGGATCTATCCCG_001,112
GTAACGGGTGAACTACAGAC_001,48
GTAACGGGTGAACTACAGAC_002,127
GTAACGGGTGAACTACAGAC_003,53
GTAACGGGTGAACTACAGAC_004,2
GTAACGGGTGAACTACAGAC_005,127
GTAACGGGTGAACTACAGAC_006,82
GTAACGGGTGAACTACAGAC_007,30
GTAACGGGTGAACTACAGAC_008,197
GTAACGGGTGAACTACAGAC_009,120
CTTCTGCGACGACATGATGA_001,26
CTTCTGCGACGACATGATGA_002,40
CTTCTGCGACGACATGATGA_003,175
CACATCAACAATACATGGCA_001,62
CACATCAACAATACATGGCA_002,194
CACATCAACAATACATGGCA_003,35
CACATCAACAATACATGGCA_004,176
CACATCAACAATACATGGCA_005,19
CACATCAACAATACATGGCA_006,132
AGGAAGAAGAACTTGCCCGA_001,8
AGGAAGAAGAACTTGCCCGA_002,50
AGGAAGAAGAACTTGCCCGA_003,72
AGGAAGAAGAACTTGCCCGA_004,117
AGGAAGAAGAACTTGCCCGA_005,35
AGGAAGAAGAACTTGCCCGA_006,129
AGGAAGAAGAACTTGCCCGA_007,114
AGGAAGAAGAACTTGCCCGA_008,114
AGGAAGAAGAACTTGCCCGA_009,107
AGGAAGAAGAACTTGCCCGA_010,60
TGCTGAACAAATCTACTGGG_001,163
TGCTGAACAAATCTACTGGG_002,117
TGCTGAACAAATCTACTGGG_003,38
TGCTGAACAAATCTACTGGG_004,67
TGCTGAACAAATCTACTGGG_005,134
ATGGCCGTTTCGACTCTAAG_001,2
ATGGCCGTTTCGACTCTAAG_002,121
ATGGCCGTTTCGACTCTAAG_003,76
ATGGCCGTTTCGACTCTAAG_004,33
ATGGCCGTTTCGACTCTAAG_005,129
ATGGCCGTTTCGACTCTAAG_006,48
ATGGCCGTTTCGACTCTAAG_007,27
ATGGCCGTTTCGACTCTAAG_008,75
ATGGCCGTTTCGACTCTAAG_009,106
ATGGCCGTTTCGACTCTAAG_010,105
ATGGCCGTTTCGACTCTAAG_011,57
ATGGCCGTTTCGACTCTAAG_012,166
ATGGCCGTTTCGACTCTAAG_013,137
ATGGCCGTTTCGACTCTAAG_014,56
ATGGCCGTTTCGACTCTAAG_015,99
GGTTTGCTAATGCAAGACGT_001,149
GGTTTGCTAATGCAAGACGT_002,143
GCACCCAGAAGTTCCATGGG_001,188
GCACCCAGAAGTTCCATGGG_002,88
GCACCCAGAAGTTCCATGGG_003,141
GCACCCAGAAGTTCCATGGG_004,94
GCACCCAGAAGTTCCATGGG_005,86
GCACCCAGAAGTTCCATGGG_006,106
GCACCCAGAAGTTCCATGGG_007,192
GCACCCAGAAGTTCCATGGG_008,198
GCACCCAGAAGTTCCATGGG_009,81
GCACCCAGAAGTTCCATGGG_010,152
GCACCCAGAAGTTCCATGGG_011,6
GCACCCAGAAGTTCCATGGG_012,39
GCACCCAGAAGTTCCATGGG_013,81
GCACCCAGAAGTTCCATGGG_014,17
GCACCCAGAAGTTCCATGGG_015,2
TGGATGGAGAGCGAAAGTCG_001,171
TGGATGGAGAGCGAAAGTCG_002,107
TGGATGGAGAGCGAAAGTCG_003,50
TGGATGGAGAGCGAAAGTCG_004,150
TGGATGGAGAGCGAAAGTCG_005,80
TGGATGGAGAGCGAAAGTCG_006,158
TGGATGGAGAGCGAAAGTCG_007,153
GCAACCTGTGAGACATAGGG_001,189
GCAACCTGTGAGACATAGGG_002,39
GCAACCTGTGAGACATAGGG_003,192
GCAACCTGTGAGACATAGGG_004,198
GCAACCTGTGAGACATAGGG_005,115
GCAACCTGTGAGACATAGGG_006,150
GCAACCTGTGAGACATAGGG_007,78
GCAACCTGTGAGACATAGGG_008,105
GCAACCTGTGAGACATAGGG_009,22
GCAACCTGTGAGACATAGGG_010,166
GCAACCTGTGAGACATAGGG_011,19
GCAACCTGTGAGACATAGGG_012,188
GCAACCTGTGAGACATAGGG_013,102
GCAACCTGTGAGACATAGGG_014,19
GCAACCTGTGAGACATAGGG_015,105
GCAACCTGTGAGACATAGGG_016,138
GCAACCTGTGAGACATAGGG_017,34
TCTTCGGATACGAAGAACCC_001,190
TCTTCGGATACGAAGAACCC_002,157
TCTTCGGATACGAAGAACCC_003,123
TCTTCGGATACGAAGAACCC_004,123
TCCTTTCCTCGGCATCAGCG_001,110
TCCTTTCCTCGGCATCAGCG_002,103
CAAGTGTGGGAGCCGTACTG_001,15
CAAGTGTGGGAGCCGTACTG_002,82
CAAGTGTGGGAGCCGTACTG_003,174
CAAGTGTGGGAGCCGTACTG_004,127
CAAGTGTGGGAGCCGTACTG_005,31
CAAGTGTGGGAGCCGTACTG_006,81
CAAGTGTGGGAGCCGTACTG_007,6
CAAGTGTGGGAGCCGTACTG_008,80
CAAGTGTGGGAGCCGTACTG_009,174
CAAGTGTGGGAGCCGTACTG_010,2
CAAGTGTGGGAGCCGTACTG_011,29
CAAGTGTGGGAGCCGTACTG_012,145
CAAGTGTGGGAGCCGTACTG_013,173
CAAGTGTGGGAGCCGTACTG_014,93
CAAGTGTGGGAGCCGTACTG_015,177
CAAGTGTGGGAGCCGTACTG_016,10
CAAGTGTGGGAGCCGTACTG_017,47
CAAGTGTGGGAGCCGTACTG_018,9
CAAGTGTGGGAGCCGTACTG_019,134
CAAGTGTGGGAGCCGTACTG_020,93
CAAGTGTGGGAGCCGTACTG_021,52
CAAGTGTGGGAGCCGTACTG_022,144
CAAGTGTGGGAGCCGTACTG_023,146
CAAGTGTGGGAGCCGTACTG_024,54
CAAGTGTGGGAGCCGTACTG_025,125
CAAGTGTGGGAGCCGTACTG_026,14
CAAGTGTGGGAGCCGTACTG_027,179
CAAGTGTGGGAGCCGTACTG_028,178
CAAGTGTGGGAGCCGTACTG_029,81
CAAGTGTGGGAGCCGTACTG_030,138
CAAGTGTGGGAGCCGTACTG_031,56
CAAGTGTGGGAGCCGTACTG_032,116
CAAGTGTGGGAGCCGTACTG_033,77
CAAGTGTGGGAGCCGTACTG_034,19
CAAGTGTGGGAGCCGTACTG_035,39
CAAGTGTGGGAGCCGTACTG_036,142
CAAGTGTGGGAGCCGTACTG_037,145
CAAGTGTGGGAGCCGTACTG_038,106
TGAAGCCTACCAGCACACGT_001,98
TGAAGCCTACCAGCACACGT_002,94
TGAAGCCTACCAGCACACGT_003,113
TGAAGCCTACCAGCACACGT_004,159
TGAAGCCTACCAGCACACGT_005,68
TGAAGCCTACCAGCACACGT_006,106
TGAAGCCTACCAGCACACGT_007,48
TGAAGCCTACCAGCACACGT_008,77
TGAAGCCTACCAGCACACGT_009,162
TGAAGCCTACCAGCACACGT_010,50
TGAAGCCTACCAGCACACGT_011,13
TGAAGCCTACCAGCACACGT_012,116
TGAAGCCTACCAGCACACGT_013,67
TTTGTAGGACCCGATATTTG_001,94
TTTGTAGGACCCGATATTTG_002,136
GCCGTGTAGATCCCAGTCCA_001,104
GCCGTGTAGATCCCAGTCCA_002,20
GCCGTGTAGATCCCAGTCCA_003,144
GCCGTGTAGATCCCAGTCCA_004,158
GACCCTAGGCTCAGACGCCG_001,87
GACCCTAGGCTCAGACGCCG_002,27
GACCCTAGGCTCAGACGCCG_003,184
GACCCTAGGCTCAGACGCCG_004,58
GACCCTAGGCTCAGACGCCG_005,157
GACCCTAGGCTCAGACGCCG_006,57
GACCCTAGGCTCAGACGCCG_007,22
GACCCTAGGCTCAGACGCCG_008,18
GACCCTAGGCTCAGACGCCG_009,42
GACCCTAGGCTCAGACGCCG_010,34
GACCCTAGGCTCAGACGCCG_011,94
GACCCTAGGCTCAGACGCCG_012,88
GACCCTAGGCTCAGACGCCG_013,69
GACCCTAGGCTCAGACGCCG_014,133
GACCCTAGGCTCAGACGCCG_015,146
GACCCTAGGCTCAGACGCCG_016,36
GACCCTAGGCTCAGACGCCG_017,147
GACCCTAGGCTCAGACGCCG_018,96
CTGAGATGAAGGGTGTGCCA_001,102
CTGAGATGAAGGGTGTGCCA_002,54
CTGAGATGAAGGGTGTGCCA_003,60
CTGAGATGAAGGGTGTGCCA_004,29
CTGAGATGAAGGGTGTGCCA_005,92
CTGAGATGAAGGGTGTGCCA_006,150
CTGAGATGAAGGGTGTGCCA_007,197
CTGAGATGAAGGGTGTGCCA_008,133
CTGAGATGAAGGGTGTGCCA_009,139
CTGAGATGAAGGGTGTGCCA_010,140
CTGAGATGAAGGGTGTGCCA_011,188
CTGAGATGAAGGGTGTGCCA_012,90
CATCCAGTGATGACCTGACC_001,161
CATCCAGTGATGACCTGACC_002,178
CATCCAGTGATGACCTGACC_003,81
CATCCAGTGATGACCTGACC_004,188
GAAGATTGGCAACAACTACA_001,12
GAAGATTGGCAACAACTACA_002,178
GAAGATTGGCAACAACTACA_003,108
GAAGATTGGCAACAACTACA_004,157
GAAGATTGGCAACAACTACA_005,198
GAAGATTGGCAACAACTACA_006,12
GGAATCCAGCCAATTTGTCA_001,158
GGAATCCAGCCAATTTGTCA_002,140
GGAATCCAGCCAATTTGTCA_003,130
GGTGACTATGAAAGAAATGC_001,178
GGTGACTATGAAAGAAATGC_002,88
GGTGACTATGAAAGAAATGC_003,60
TGGGTCAGTTGGAGCTACGG_001,162
TGGGTCAGTTGGAGCTACGG_002,48
TGGGTCAGTTGGAGCTACGG_003,177
TGGGTCAGTTGGAGCTACGG_004,197
TGGGTCAGTTGGAGCTACGG_005,92
TGGGTCAGTTGGAGCTACGG_006,16
TGGGTCAGTTGGAGCTACGG_007,58
TGGGTCAGTTGGAGCTACGG_008,178
TGGGTCAGTTGGAGCTACGG_009,91
TTAAACTTGCTATTCCATCA_001,126
TTAAACTTGCTATTCCATCA_002,172
TTAAACTTGCTATTCCATCA_003,8
TTAAACTTGCTATTCCATCA_004,126
TTCTTCCAAGACAAGGACAG_001,68
TTCTTCCAAGACAAGGACAG_002,95
TTCTTCCAAGACAAGGACAG_003,189
TTCTTCCAAGACAAGGACAG_004,53
TTCTTCCAAGACAAGGACAG_005,98
TTCTTCCAAGACAAGGACAG_006,117
TTCTTCCAAGACAAGGACAG_007,75
TTCTTCCAAGACAAGGACAG_008,95
TTCTTCCAAGACAAGGACAG_009,34
TTCTTCCAAGACAAGGACAG_010,199
TTCTTCCAAGACAAGGACAG_011,23
TTCTTCCAAGACAAGGACAG_012,57
TTCTTCCAAGACAAGGACAG_013,165
TTCTTCCAAGACAAGGACAG_014,119
CCTCCGAAGAAGCGGCCGTG_001,198
CCTCCGAAGAAGCGGCCGTG_002,160
CCTCCGAAGAAGCGGCCGTG_003,13
CCTCCGAAGAAGCGGCCGTG_004,34
CCTCCGAAGAAGCGGCCGTG_005,120
CCTCCGAAGAAGCGGCCGTG_006,90
CCTCCGAAGAAGCGGCCGTG_007,127
CCTCCGAAGAAGCGGCCGTG_008,57
CCTCCGAAGAAGCGGCCGTG_009,116
CCTCCGAAGAAGCGGCCGTG_010,98
CCTCCGAAGAAGCGGCCGTG_011,30
TGATTGCATGGAAAGAGCTA_001,115
TGATTGCATGGAAAGAGCTA_002,63
TGATTGCATGGAAAGAGCTA_003,149
TGATTGCATGGAAAGAGCTA_004,77
TGATTGCATGGAAAGAGCTA_005,52
TGATTGCATGGAAAGAGCTA_006,46
TGATTGCATGGAAAGAGCTA_007,29
TGATTGCATGGAAAGAGCTA_008,145
TGATTGCATGGAAAGAGCTA_009,0
TGATTGCATGGAAAGAGCTA_010,106
TGATTGCATGGAAAGAGCTA_011,65
TGATTGCATGGAAAGAGCTA_012,28
TGATTGCATGGAAAGAGCTA_013,153
TGATTGCATGGAAAGAGCTA_014,177
TGATTGCATGGAAAGAGCTA_015,19
TCTGACTCAGGTTTACGGAG_001,125
TCTGACTCAGGTTTACGGAG_002,199
TCTGACTCAGGTTTACGGAG_003,107
TCTGACTCAGGTTTACGGAG_004,156
TCTGACTCAGGTTTACGGAG_005,88
TCTGACTCAGGTTTACGGAG_006,177
TCTGACTCAGGTTTACGGAG_007,42
TCTGACTCAGGTTTACGGAG_008,88
TCTGACTCAGGTTTACGGAG_009,69
TCTGACTCAGGTTTACGGAG_010,137
TCTGACTCAGGTTTACGGAG_011,70
TAATGATCTCTGGCCCACCA_001,147
TAATGATCTCTGGCCCACCA_002,188
TAATGATCTCTGGCCCACCA_003,189
AGGATCTCTCTCGAGACCAG_001,197
AGGATCTCTCTCGAGACCAG_002,162
AGGATCTCTCTCGAGACCAG_003,148
AGGATCTCTCTCGAGACCAG_004,30
ACCCAGGACACACACACCTG_001,130
ACCCAGGACACACACACCTG_002,50
ACCCAGGACACACACACCTG_003,15
ACCCAGGACACACACACCTG_004,171
ACCCAGGACACACACACCTG_005,183
ACCCAGGACACACACACCTG_006,103
ACCCAGGACACACACACCTG_007,145
ACCCAGGACACACACACCTG_008,113
ACCCAGGACACACACACCTG_009,199
ACCCAGGACACACACACCTG_010,98
ACCCAGGACACACACACCTG_011,188
ACCCAGGACACACACACCTG_012,41
ACCCAGGACACACACACCTG_013,9
ACCCAGGACACACACACCTG_014,146
ACCCAGGACACACACACCTG_015,145
ACCCAGGACACACACACCTG_016,106
ACCCAGGACACACACACCTG_017,184
ACCCAGGACACACACACCTG_018,165
ACCCAGGACACACACACCTG_019,176
CAGGGGCGGGATCCACCCAG_001,127
CAGGGGCGGGATCCACCCAG_002,137
CAGGGGCGGGATCCACCCAG_003,169
CAGGGGCGGGATCCACCCAG_004,102
CAGGGGCGGGATCCACCCAG_005,182
CAGGGGCGGGATCCACCCAG_006,106
CAGGGGCGGGATCCACCCAG_007,175
CAGGGGCGGGATCCACCCAG_008,47
CAGGGGCGGGATCCACCCAG_009,134
CAGGGGCGGGATCCACCCAG_010,5
TGCATTTCGAGAAGGACGAG_001,139
TGCATTTCGAGAAGGACGAG_002,84
TGCATTTCGAGAAGGACGAG_003,115
TGCATTTCGAGAAGGACGAG_004,98
TGCATTTCGAGAAGGACGAG_005,177
TGCATTTCGAGAAGGACGAG_006,15
TGCATTTCGAGAAGGACGAG_007,128
TGCATTTCGAGAAGGACGAG_008,82
TGCATTTCGAGAAGGACGAG_009,165
TGCATTTCGAGAAGGACGAG_010,133
AGGTAATAAAGACATCACAT_001,122
AGGTAATAAAGACATCACAT_002,54
AGGTAATAAAGACATCACAT_003,156
TTTCTGTTCTATCGGTACCA_001,77
TTTCTGTTCTATCGGTACCA_002,19
TGTGCTGGAAAGTGTGACGC_001,181
TGTGCTGGAAAGTGTGACGC_002,158
TGTGCTGGAAAGTGTGACGC_003,132
TGTGCTGGAAAGTGTGACGC_004,42
TGTGCTGGAAAGTGTGACGC_005,169
TGTGCTGGAAAGTGTGACGC_006,61
TGTGCTGGAAAGTGTGACGC_007,98
TGTGCTGGAAAGTGTGACGC_008,125
TGTGCTGGAAAGTGTGACGC_009,10
TGTGCTGGAAAGTGTGACGC_010,36
TGTGCTGGAAAGTGTGACGC_011,6
GAATTTGTTTACGTGGTTTA_001,138
GAATTTGTTTACGTGGTTTA_002,103
GAATTTGTTTACGTGGTTTA_003,152
GAATTTGTTTACGTGGTTTA_004,88
GAATTTGTTTACGTGGTTTA_005,23
AGTGACTGGTACAATCCAAG_001,37
AGTGACTGGTACAATCCAAG_002,135
AGTGACTGGTACAATCCAAG_003,162
AGTGACTGGTACAATCCAAG_004,108
AGTGACTGGTACAATCCAAG_005,108
AGTGACTGGTACAATCCAAG_006,63
AGTGACTGGTACAATCCAAG_007,95
AGTGACTGGTACAATCCAAG_008,159
AGTGACTGGTACAATCCAAG_009,42
AGTGACTGGTACAATCCAAG_010,59
AGTGACTGGTACAATCCAAG_011,79
AGTGACTGGTACAATCCAAG_012,159
AGTGACTGGTACAATCCAAG_013,195
AGTGACTGGTACAATCCAAG_014,151
CGCACTTCGACCTGCACCCG_001,29
CGCACTTCGACCTGCACCCG_002,134
CGCACTTCGACCTGCACCCG_003,38
CGCACTTCGACCTGCACCCG_004,68
CGCACTTCGACCTGCACCCG_005,102
CGCACTTCGACCTGCACCCG_006,160
CGCACTTCGACCTGCACCCG_007,98
CGCACTTCGACCTGCACCCG_008,94
CGCACTTCGACCTGCACCCG_009,61
CGCACTTCGACCTGCACCCG_010,29
CGCACTTCGACCTGCACCCG_011,98
CGCACTTCGACCTGCACCCG_012,48
CGCACTTCGACCTGCACCCG_013,83
CGCACTTCGACCTGCACCCG_014,121
CGCACTTCGACCTGCACCCG_015,144
CGCACTTCGACCTGCACCCG_016,155
CGCACTTCGACCTGCACCCG_017,199
CGCACTTCGACCTGCACCCG_018,9
GCGGAGGTGGAGTACAACGG_001,39
TTGGCGCTCAAAGAAGTAGG_001,19
TTGGCGCTCAAAGAAGTAGG_002,19
TTGGCGCTCAAAGAAGTAGG_003,170
TTGGCGCTCAAAGAAGTAGG_004,23
TTGGCGCTCAAAGAAGTAGG_005,41
TTGGCGCTCAAAGAAGTAGG_006,155
TTGGCGCTCAAAGAAGTAGG_007,32
ATTCCCTACCTCATCATACA_001,162
TAACCTGGTCTTCCTTGGTG_001,134
TAACCTGGTCTTCCTTGGTG_002,102
TATTTCCTAGGCCAAGCATG_001,1
TATTTCCTAGGCCAAGCATG_002,119
TATTTCCTAGGCCAAGCATG_003,197
TTTGTAATCTGGAATCTGAG_001,160
TTTGTAATCTGGAATCTGAG_002,73
TTTGTAATCTGGAATCTGAG_003,28
TTTGTAATCTGGAATCTGAG_004,60
TTTGTAATCTGGAATCTGAG_005,80
TTTGTAATCTGGAATCTGAG_006,198
TTTGTAATCTGGAATCTGAG_007,89
CTGTCGCTGCTTACCAACCG_001,197
CTGTCGCTGCTTACCAACCG_002,135
CTGTCGCTGCTTACCAACCG_003,22
CTGTCGCTGCTTACCAACCG_004,8
CTGTCGCTGCTTACCAACCG_005,0
CTGTCGCTGCTTACCAACCG_006,138
CTGTCGCTGCTTACCAACCG_007,7
AGCATGGCAAAGGTAGGACA_001,70
AGCATGGCAAAGGTAGGACA_002,50
AGCATGGCAAAGGTAGGACA_003,43
AGCATGGCAAAGGTAGGACA_004,158
AGCATGGCAAAGGTAGGACA_005,158
AGCATGGCAAAGGTAGGACA_006,9
AGCATGGCAAAGGTAGGACA_007,4
AGCATGGCAAAGGTAGGACA_008,77
AGCATGGCAAAGGTAGGACA_009,48
AGCATGGCAAAGGTAGGACA_010,83
AGCATGGCAAAGGTAGGACA_011,127
AGCATGGCAAAGGTAGGACA_012,127
AGCATGGCAAAGGTAGGACA_013,183
AGCAGAGGCTGTGAGCACAA_001,80
AGCAGAGGCTGTGAGCACAA_002,197
AGCAGAGGCTGTGAGCACAA_003,11
AGCAGAGGCTGTGAGCACAA_004,161
AGCAGAGGCTGTGAGCACAA_005,183
AGCAGAGGCTGTGAGCACAA_006,154
AGCAGAGGCTGTGAGCACAA_007,194
AGCAGAGGCTGTGAGCACAA_008,85
AGCAGAGGCTGTGAGCACAA_009,173
AGCAGAGGCTGTGAGCACAA_010,56
AGCAGAGGCTGTGAGCACAA_011,196
AGCAGAGGCTGTGAGCACAA_012,151
AGCAGAGGCTGTGAGCACAA_013,34
AGCAGAGGCTGTGAGCACAA_014,47
AGCAGAGGCTGTGAGCACAA_015,29
AGCAGAGGCTGTGAGCACAA_016,127
AGCAGAGGCTGTGAGCACAA_017,127
AGCAGAGGCTGTGAGCACAA_018,149
AGCAGAGGCTGTGAGCACAA_019,76
AGCAGAGGCTGTGAGCACAA_020,7
AGCAGAGGCTGTGAGCACAA_021,54
AGCAGAGGCTGTGAGCACAA_022,133
AGCAGAGGCTGTGAGCACAA_023,157
AGCAGAGGCTGTGAGCACAA_024,91
AGCAGAGGCTGTGAGCACAA_025,169
AGCAGAGGCTGTGAGCACAA_026,172
AGCAGAGGCTGTGAGCACAA_027,169
AGCAGAGGCTGTGAGCACAA_028,15
AGCAGAGGCTGTGAGCACAA_029,190
AGCAGAGGCTGTGAGCACAA_030,191
AGCAGAGGCTGTGAGCACAA_031,123
AGCAGAGGCTGTGAGCACAA_032,49
ACCCAGTCCGTTAATAACTG_001,108
ACCCAGTCCGTTAATAACTG_002,31
ACCCAGTCCGTTAATAACTG_003,12
ACCCAGTCCGTTAATAACTG_004,122
ACCCAGTCCGTTAATAACTG_005,6
ACCCAGTCCGTTAATAACTG_006,47
ACCCAGTCCGTTAATAACTG_007,106
ACCCAGTCCGTTAATAACTG_008,61
CTGTGCCTCTTGGGTAATCG_001,63
CTGTGCCTCTTGGGTAATCG_002,171
AAGATGCCCAAGTCGCGATG_001,170
AAGATGCCCAAGTCGCGATG_002,106
AAGATGCCCAAGTCGCGATG_003,154
AAGATGCCCAAGTCGCGATG_004,44
AAGATGCCCAAGTCGCGATG_005,197
AAGATGCCCAAGTCGCGATG_006,117
AAGATGCCCAAGTCGCGATG_007,187
AAGATGCCCAAGTCGCGATG_008,38
AAGATGCCCAAGTCGCGATG_009,168
AAGATGCCCAAGTCGCGATG_010,190
AAGATGCCCAAGTCGCGATG_011,17
AAGATGCCCAAGTCGCGATG_012,40
AAGATGCCCAAGTCGCGATG_013,104
AAGATGCCCAAGTCGCGATG_014,142
AAGATGCCCAAGTCGCGATG_015,172
AAGATGCCCAAGTCGCGATG_016,47
AAGATGCCCAAGTCGCGATG_017,52
TACCTCGCACCAGTATGCGG_001,176
TACCTCGCACCAGTATGCGG_002,48
TACCTCGCACCAGTATGCGG_003,155
TACCTCGCACCAGTATGCGG_004,158
TACCTCGCACCAGTATGCGG_005,67
TACCTCGCACCAGTATGCGG_006,63
TACCTCGCACCAGTATGCGG_007,72
TACCTCGCACCAGTATGCGG_008,150
TACCTCGCACCAGTATGCGG_009,3
TACCTCGCACCAGTATGCGG_010,19
CGTGGACGGAGTGATTACGA_001,154
CGTGGACGGAGTGATTACGA_002,180
CGTGGACGGAGTGATTACGA_003,122
CGTGGACGGAGTGATTACGA_004,99
CGTGGACGGAGTGATTACGA_005,119
CGTGGACGGAGTGATTACGA_006,29
CGTGGACGGAGTGATTACGA_007,38
CGTGGACGGAGTGATTACGA_008,147
TGGGGGTTGCTGCAGTTCTG_001,15
TGGGGGTTGCTGCAGTTCTG_002,33
TGGGGGTTGCTGCAGTTCTG_003,10
TGGGGGTTGCTGCAGTTCTG_004,126
TGGGGGTTGCTGCAGTTCTG_005,127
TGGGGGTTGCTGCAGTTCTG_006,134
TGGGGGTTGCTGCAGTTCTG_007,44
TGGGGGTTGCTGCAGTTCTG_008,22
TGGGGGTTGCTGCAGTTCTG_009,77
TGGGGGTTGCTGCAGTTCTG_010,48
TGGGGGTTGCTGCAGTTCTG_011,105
TGGGGGTTGCTGCAGTTCTG_012,138
TGGGGGTTGCTGCAGTTCTG_013,138
TGGGGGTTGCTGCAGTTCTG_014,172
TGGGGGTTGCTGCAGTTCTG_015,65
AGTTCCCGCTGGATACTGGG_001,162
AGTTCCCGCTGGATACTGGG_002,60
AGTTCCCGCTGGATACTGGG_003,170
AGTTCCCGCTGGATACTGGG_004,127
TGTCCAGGGAGAATGTACGC_001,8
TGTCCAGGGAGAATGTACGC_002,136
TGTCCAGGGAGAATGTACGC_003,6
TGTCCAGGGAGAATGTACGC_004,154
TGTCCAGGGAGAATGTACGC_005,180
TGTCCAGGGAGAATGTACGC_006,83
ATAGTACCTTTCAGCGAAGG_001,103
ATAGTACCTTTCAGCGAAGG_002,31
ATAGTACCTTTCAGCGAAGG_003,76
ATAGTACCTTTCAGCGAAGG_004,169
ATAGTACCTTTCAGCGAAGG_005,60
ATAGTACCTTTCAGCGAAGG_006,17
ATAGTACCTTTCAGCGAAGG_007,195
ATAGTACCTTTCAGCGAAGG_008,178
AACCCATACGAGATGTTCAG_001,61
AACCCATACGAGATGTTCAG_002,20
AACCCATACGAGATGTTCAG_003,144
AACCCATACGAGATGTTCAG_004,83
AACCCATACGAGATGTTCAG_005,27
AACCCATACGAGATGTTCAG_006,51
AACCCATACGAGATGTTCAG_007,188
AACCCATACGAGATGTTCAG_008,197
AACCCATACGAGATGTTCAG_009,146
AACCCATACGAGATGTTCAG_010,13
GCTGAGCTTAATGATGTGTA_001,70
GCTGAGCTTAATGATGTGTA_002,170
GCTGAGCTTAATGATGTGTA_003,9
GCTGAGCTTAATGATGTGTA_004,106
GCTGAGCTTAATGATGTGTA_005,10
GCTGAGCTTAATGATGTGTA_006,36
GCTGAGCTTAATGATGTGTA_007,48
GCTGAGCTTAATGATGTGTA_008,94
GCTGAGCTTAATGATGTGTA_009,149
GCTGAGCTTAATGATGTGTA_010,46
GCTGAGCTTAATGATGTGTA_011,104
GCTGAGCTTAATGATGTGTA_012,169
GCTGAGCTTAATGATGTGTA_013,149
GCTGAGCTTAATGATGTGTA_014,98
GCTGAGCTTAATGATGTGTA_015,147
CCAACAACGCAAGAATCGGG_001,102
CCAACAACGCAAGAATCGGG_002,31
CCAACAACGCAAGAATCGGG_003,162
CCAACAACGCAAGAATCGGG_004,184
CCAACAACGCAAGAATCGGG_005,50
CTACACACCCAAGACCCGCC_001,15
CTACACACCCAAGACCCGCC_002,113
CTACACACCCAAGACCCGCC_003,149
CTACACACCCAAGACCCGCC_004,49
CTACACACCCAAGACCCGCC_005,72
CTACACACCCAAGACCCGCC_006,105
CTACACACCCAAGACCCGCC_007,70
TCTCCCGCTTCTCCACTCCG_001,77
AAGGTGTGAATGATTAATGA_001,76
AAGGTGTGAATGATTAATGA_002,187
AAGGTGTGAATGATTAATGA_003,160
AAGGTGTGAATGATTAATGA_004,130
AAGGTGTGAATGATTAATGA_005,144
ATGAGACTGGACATACGTCA_001,49
ATGAGACTGGACATACGTCA_002,106
ATGAGACTGGACATACGTCA_003,115
ATGAGACTGGACATACGTCA_004,181
ATGAGACTGGACATACGTCA_005,170
ATGAGACTGGACATACGTCA_006,61
ATGAGACTGGACATACGTCA_007,46
ATGAGACTGGACATACGTCA_008,188
ATGAGACTGGACATACGTCA_009,19
AAAGAGAAAGCCAGATATGG_001,55
AAAGAGAAAGCCAGATATGG_002,137
AAAGAGAAAGCCAGATATGG_003,66
CCATCCCAGACCCATACCTG_001,114
CCATCCCAGACCCATACCTG_002,137
CCATCCCAGACCCATACCTG_003,3
CCATCCCAGACCCATACCTG_004,17
CCATCCCAGACCCATACCTG_005,147
CCATCCCAGACCCATACCTG_006,169
CCATCCCAGACCCATACCTG_007,185
CCATCCCAGACCCATACCTG_008,108
CCATCCCAGACCCATACCTG_009,125
CCATCCCAGACCCATACCTG_010,112
CCATCCCAGACCCATACCTG_011,84
CCATCCCAGACCCATACCTG_012,68
CCATCCCAGACCCATACCTG_013,61
CCATCCCAGACCCATACCTG_014,135
CCATCCCAGACCCATACCTG_015,161
CCATCCCAGACCCATACCTG_016,152
CCATCCCAGACCCATACCTG_017,94
CCATCCCAGACCCATACCTG_018,175
CCATCCCAGACCCATACCTG_019,34
CCATCCCAGACCCATACCTG_020,192
CCATCCCAGACCCATACCTG_021,11
CCATCCCAGACCCATACCTG_022,41
CCATCCCAGACCCATACCTG_023,190
CCATCCCAGACCCATACCTG_024,178
CCATCCCAGACCCATACCTG_025,6
CCATCCCAGACCCATACCTG_026,137
CCATCCCAGACCCATACCTG_027,165
CCATCCCAGACCCATACCTG_028,116
CCATCCCAGACCCATACCTG_029,148
ACCAGCTCGCAGTACGTCGG_001,40
ACCAGCTCGCAGTACGTCGG_002,130
ACCAGCTCGCAGTACGTCGG_003,115
ACCAGCTCGCAGTACGTCGG_004,34
ACCAGCTCGCAGTACGTCGG_005,165
ACCAGCTCGCAGTACGTCGG_006,105
ACCAGCTCGCAGTACGTCGG_007,11
ACCAGCTCGCAGTACGTCGG_008,7
ACCAGCTCGCAGTACGTCGG_009,7
ACCAGCTCGCAGTACGTCGG_010,170
ACCAGCTCGCAGTACGTCGG_011,84
ACCAGCTCGCAGTACGTCGG_012,22
ACCAGCTCGCAGTACGTCGG_013,179
ACCAGCTCGCAGTACGTCGG_014,169
ACCAGCTCGCAGTACGTCGG_015,23
ACCAGCTCGCAGTACGTCGG_016,32
ACCAGCTCGCAGTACGTCGG_017,36
ACCAGCTCGCAGTACGTCGG_018,52
ACCAGCTCGCAGTACGTCGG_019,117
ACCAGCTCGCAGTACGTCGG_020,105
ACCAGCTCGCAGTACGTCGG_021,18
ACCAGCTCGCAGTACGTCGG_022,53
ACCAGCTCGCAGTACGTCGG_023,105
ACCAGCTCGCAGTACGTCGG_024,135
ACCAGCTCGCAGTACGTCGG_025,111
ACCAGCTCGCAGTACGTCGG_026,175
ACCAGCTCGCAGTACGTCGG_027,55
ACCAGCTCGCAGTACGTCGG_028,132
ACCAGCTCGCAGTACGTCGG_029,60
ACCAGCTCGCAGTACGTCGG_030,198
ACCAGCTCGCAGTACGTCGG_031,2
ACCAGCTCGCAGTACGTCGG_032,79
ACCAGCTCGCAGTACGTCGG_033,64
ACCAGCTCGCAGTACGTCGG_034,64
ACCAGCTCGCAGTACGTCGG_035,142
ACCAGCTCGCAGTACGTCGG_036,160
ACCAGCTCGCAGTACGTCGG_037,28
ACCAGCTCGCAGTACGTCGG_038,81
ACCAGCTCGCAGTACGTCGG_039,46
ACCAGCTCGCAGTACGTCGG_040,5
ACCAGCTCGCAGTACGTCGG_041,95
ACCAGCTCGCAGTACGTCGG_042,19
ATTGGTTGGTTACGAAGATG_001,115
ATTGGTTGGTTACGAAGATG_002,114
ATTGGTTGGTTACGAAGATG_003,43
ATTGGTTGGTTACGAAGATG_004,178
ATTGGTTGGTTACGAAGATG_005,118
ATTGGTTGGTTACGAAGATG_006,75
ATTGGTTGGTTACGAAGATG_007,177
ATTGGTTGGTTACGAAGATG_008,155
ATTGGTTGGTTACGAAGATG_009,144
CCAGAAAGACCACCCCCACA_001,176
CCAGAAAGACCACCCCCACA_002,118
CCAGAAAGACCACCCCCACA_003,162
CCAGAAAGACCACCCCCACA_004,42
CCAGAAAGACCACCCCCACA_005,65
CCAGAAAGACCACCCCCACA_006,18
CCAGAAAGACCACCCCCACA_007,117
CCAGAAAGACCACCCCCACA_008,147
CCAGAAAGACCACCCCCACA_009,174
CCAGAAAGACCACCCCCACA_010,145
CCAGAAAGACCACCCCCACA_011,147
CCAGAAAGACCACCCCCACA_012,99
CCAGAAAGACCACCCCCACA_013,97
CCAGAAAGACCACCCCCACA_014,169
CCAGAAAGACCACCCCCACA_015,128
CCAGAAAGACCACCCCCACA_016,181
CCAGAAAGACCACCCCCACA_017,67
CCAGAAAGACCACCCCCACA_018,88
CCAGAAAGACCACCCCCACA_019,148
CCAGAAAGACCACCCCCACA_020,184
CCAGAAAGACCACCCCCACA_021,147
CCAGAAAGACCACCCCCACA_022,66
CCAGAAAGACCACCCCCACA_023,3
CCAGAAAGACCACCCCCACA_024,178
CCAGAAAGACCACCCCCACA_025,125
CCAGAAAGACCACCCCCACA_026,1
CCAGAAAGACCACCCCCACA_027,69
CCAGAAAGACCACCCCCACA_028,40
CCCAACGTGCATGAACATGT_001,144
CCCAACGTGCATGAACATGT_002,88
CCCAACGTGCATGAACATGT_003,141
CTGGTTGACTCATGTCTGGG_001,145
CTGGTTGACTCATGTCTGGG_002,198
CTGGTTGACTCATGTCTGGG_003,104
CTGGTTGACTCATGTCTGGG_004,149
CTGGTTGACTCATGTCTGGG_005,150
CTGGTTGACTCATGTCTGGG_006,129
CTGGTTGACTCATGTCTGGG_007,157
CTGGTTGACTCATGTCTGGG_008,79
CTGGTTGACTCATGTCTGGG_009,42
CTGGTTGACTCATGTCTGGG_010,103
CTGGTTGACTCATGTCTGGG_011,199
CTGGTTGACTCATGTCTGGG_012,121
CTGGTTGACTCATGTCTGGG_013,138
CTGGTTGACTCATGTCTGGG_014,122
TCCACACCAGTAGAATGCAA_001,68
TCCACACCAGTAGAATGCAA_002,147
TCCACACCAGTAGAATGCAA_003,8
TCCACACCAGTAGAATGCAA_004,12
TCCACACCAGTAGAATGCAA_005,54
TCCACACCAGTAGAATGCAA_006,35
TCCACACCAGTAGAATGCAA_007,146
TCCACACCAGTAGAATGCAA_008,81
GCCACCTACCCCGTGGCTGG_001,149
GCCACCTACCCCGTGGCTGG_002,119
GCCACCTACCCCGTGGCTGG_003,17
ATCCACAAGGCCATTATGGA_001,111
ATCCACAAGGCCATTATGGA_002,177
ATCCACAAGGCCATTATGGA_003,47
ATCCACAAGGCCATTATGGA_004,85
ATCCACAAGGCCATTATGGA_005,191
ATCCACAAGGCCATTATGGA_006,78
ATCCACAAGGCCATTATGGA_007,169
GAAGGAAGACACATCGTATG_001,28
GAAGGAAGACACATCGTATG_002,30
GAAGGAAGACACATCGTATG_003,177
GAAGGAAGACACATCGTATG_004,175
GAAGGAAGACACATCGTATG_005,57
GAAGGAAGACACATCGTATG_006,37
GAAGGAAGACACATCGTATG_007,155
GAAGGAAGACACATCGTATG_008,168
GAAGGAAGACACATCGTATG_009,36
GAAGGAAGACACATCGTATG_010,130
GAAGGAAGACACATCGTATG_011,144
GAAGGAAGACACATCGTATG_012,144
GAAGGAAGACACATCGTATG_013,144
AAAGGCCTCCAAATAGACGT_001,151
AAAGGCCTCCAAATAGACGT_002,126
AAAGGCCTCCAAATAGACGT_003,88
AAAGGCCTCCAAATAGACGT_004,157
AAAGGCCTCCAAATAGACGT_005,191
AAAGGCCTCCAAATAGACGT_006,149
AAAGGCCTCCAAATAGACGT_007,76
AAAGGCCTCCAAATAGACGT_008,149
AAAGGCCTCCAAATAGACGT_009,61
AAAGGCCTCCAAATAGACGT_010,154
AAAGGCCTCCAAATAGACGT_011,15
AAAGGCCTCCAAATAGACGT_012,24
AAAGGCCTCCAAATAGACGT_013,65
AAAGGCCTCCAAATAGACGT_014,160
AAAGGCCTCCAAATAGACGT_015,56
AAAGGCCTCCAAATAGACGT_016,175
ATAGTTCGGTGTGATAACTT_001,146
ATAGTTCGGTGTGATAACTT_002,115
ATAGTTCGGTGTGATAACTT_003,178
ATAGTTCGGTGTGATAACTT_004,153
ATAGTTCGGTGTGATAACTT_005,180
ATAGTTCGGTGTGATAACTT_006,174
ATAGTTCGGTGTGATAACTT_007,175
ATGAGAGGGCCACCCCCTCG_001,53
ATGAGAGGGCCACCCCCTCG_002,122
ATGAGAGGGCCACCCCCTCG_003,120
ATGAGAGGGCCACCCCCTCG_004,94
ATGAGAGGGCCACCCCCTCG_005,38
ATGAGAGGGCCACCCCCTCG_006,130
ATGAGAGGGCCACCCCCTCG_007,65
ATGAGAGGGCCACCCCCTCG_008,87
ATGAGAGGGCCACCCCCTCG_009,128
ATGAGAGGGCCACCCCCTCG_010,116
ATGAGAGGGCCACCCCCTCG_011,174
ATGAGAGGGCCACCCCCTCG_012,53
ATGAGAGGGCCACCCCCTCG_013,132
ATGAGAGGGCCACCCCCTCG_014,111
ATGAGAGGGCCACCCCCTCG_015,81
ATGAGAGGGCCACCCCCTCG_016,57
ATGAGAGGGCCACCCCCTCG_017,77
ATGAGAGGGCCACCCCCTCG_018,149
ATGAGAGGGCCACCCCCTCG_019,84
ATGAGAGGGCCACCCCCTCG_020,196
ATGAGAGGGCCACCCCCTCG_021,143
ACAACATCTTCATATTTAGG_001,30
GTACTCACAAATTTCAGTGG_001,61
GTACTCACAAATTTCAGTGG_002,22
GTACTCACAAATTTCAGTGG_003,60
GTACTCACAAATTTCAGTGG_004,56
GTACTCACAAATTTCAGTGG_005,14
GTACTCACAAATTTCAGTGG_006,35
GTACTCACAAATTTCAGTGG_007,124
TGGGGTTGGAGCTCACAATG_001,34
TGGGGTTGGAGCTCACAATG_002,184
TGGGGTTGGAGCTCACAATG_003,184
TGGGGTTGGAGCTCACAATG_004,51
TGGGGTTGGAGCTCACAATG_005,147
TGGGGTTGGAGCTCACAATG_006,48
TGGGGTTGGAGCTCACAATG_007,12
TGGGGTTGGAGCTCACAATG_008,155
TGGGGTTGGAGCTCACAATG_009,112
TGGGGTTGGAGCTCACAATG_010,198
TGGGGTTGGAGCTCACAATG_011,76
TGGGGTTGGAGCTCACAATG_012,15
TGGGGTTGGAGCTCACAATG_013,183
TGGGGTTGGAGCTCACAATG_014,145
TGGGGTTGGAGCTCACAATG_015,72
TGGGGTTGGAGCTCACAATG_016,52
TGGGGTTGGAGCTCACAATG_017,1
TGGGGTTGGAGCTCACAATG_018,28
TGGGGTTGGAGCTCACAATG_019,57
TGGGGTTGGAGCTCACAATG_020,42
TGGGGTTGGAGCTCACAATG_021,56
TGGGGTTGGAGCTCACAATG_022,17
TGGGGTTGGAGCTCACAATG_023,185
TGGGGTTGGAGCTCACAATG_024,102
TGGGGTTGGAGCTCACAATG_025,52
TGGGGTTGGAGCTCACAATG_026,19
TGGGGTTGGAGCTCACAATG_027,168
TGGGGTTGGAGCTCACAATG_028,55
TGGGGTTGGAGCTCACAATG_029,136
TGGGGTTGGAGCTCACAATG_030,70
TGGGGTTGGAGCTCACAATG_031,158
ACAACTCACCTTATTTACAA_001,160
ACAACTCACCTTATTTACAA_002,50
ACAACTCACCTTATTTACAA_003,76
AAAGAAAAAGAAAGGCTCCA_001,77
AAAGAAAAAGAAAGGCTCCA_002,84
AAAGAAAAAGAAAGGCTCCA_003,107
AAAGAAAAAGAAAGGCTCCA_004,54
AAAGAAAAAGAAAGGCTCCA_005,112
AAAGAAAAAGAAAGGCTCCA_006,68
AAAGAAAAAGAAAGGCTCCA_007,150
AAAGAAAAAGAAAGGCTCCA_008,12
AAAGAAAAAGAAAGGCTCCA_009,102
GAAGATTCTTACAACATCAG_001,142
GAAGATTCTTACAACATCAG_002,135
GAAGATTCTTACAACATCAG_003,113
GAAGATTCTTACAACATCAG_004,116
GAAGATTCTTACAACATCAG_005,118
GAAGATTCTTACAACATCAG_006,6
GAAGATTCTTACAACATCAG_007,111
GAAGATTCTTACAACATCAG_008,113
GGTCCATGCTCAGATCCACG_001,121
GGTCCATGCTCAGATCCACG_002,161
GGTCCATGCTCAGATCCACG_003,50
GGTCCATGCTCAGATCCACG_004,34
GGTCCATGCTCAGATCCACG_005,188
GGTCCATGCTCAGATCCACG_006,83
GGTCCATGCTCAGATCCACG_007,104
GGTCCATGCTCAGATCCACG_008,198
GGTCCATGCTCAGATCCACG_009,185
GGTCCATGCTCAGATCCACG_010,142
GAGTGCAGAAATTTGACCTG_001,18
GAGTGCAGAAATTTGACCTG_002,94
GAGTGCAGAAATTTGACCTG_003,191
GAGTGCAGAAATTTGACCTG_004,163
GAGTGCAGAAATTTGACCTG_005,106
GAGTGCAGAAATTTGACCTG_006,152
GAGTGCAGAAATTTGACCTG_007,68
GAGTGCAGAAATTTGACCTG_008,64
GAGTGCAGAAATTTGACCTG_009,169
GAGTGCAGAAATTTGACCTG_010,142
GAGTGCAGAAATTTGACCTG_011,96
GAGTGCAGAAATTTGACCTG_012,198
GAGTGCAGAAATTTGACCTG_013,50
GAGTGCAGAAATTTGACCTG_014,0
GCAGTACGCCTCGCTCAGGG_001,15
GCAGTACGCCTCGCTCAGGG_002,113
GCAGTACGCCTCGCTCAGGG_003,185
GCAGTACGCCTCGCTCAGGG_004,9
GCAGTACGCCTCGCTCAGGG_005,57
GCAGTACGCCTCGCTCAGGG_006,117
GCAGTACGCCTCGCTCAGGG_007,122
GCAGTACGCCTCGCTCAGGG_008,165
GCAGTACGCCTCGCTCAGGG_009,17
GCAGTACGCCTCGCTCAGGG_010,63
GCAGTACGCCTCGCTCAGGG_011,170
GCAGTACGCCTCGCTCAGGG_012,42
GCAGTACGCCTCGCTCAGGG_013,58
GCAGTACGCCTCGCTCAGGG_014,168
GCAGTACGCCTCGCTCAGGG_015,185
GGCCGTGGAAGGTCCAGTCG_001,178
GGCCGTGGAAGGTCCAGTCG_002,97
GGCCGTGGAAGGTCCAGTCG_003,60
GGCCGTGGAAGGTCCAGTCG_004,123
GGCCGTGGAAGGTCCAGTCG_005,24
GGCCGTGGAAGGTCCAGTCG_006,9
GGCCGTGGAAGGTCCAGTCG_007,148
GGCCGTGGAAGGTCCAGTCG_008,57
GGCCGTGGAAGGTCCAGTCG_009,140
GGCCGTGGAAGGTCCAGTCG_010,198
GGCCGTGGAAGGTCCAGTCG_011,50
GGCCGTGGAAGGTCCAGTCG_012,44
GGCCGTGGAAGGTCCAGTCG_013,41
GGCCGTGGAAGGTCCAGTCG_014,12
GGCCGTGGAAGGTCCAGTCG_015,145
GGCCGTGGAAGGTCCAGTCG_016,126
GGCCGTGGAAGGTCCAGTCG_017,18
GGCCGTGGAAGGTCCAGTCG_018,124
GGCCGTGGAAGGTCCAGTCG_019,95
GGCCGTGGAAGGTCCAGTCG_020,85
GGCCGTGGAAGGTCCAGTCG_021,174
GGCCGTGGAAGGTCCAGTCG_022,56
GGCCGTGGAAGGTCCAGTCG_023,43
GGCCGTGGAAGGTCCAGTCG_024,189
GGCCGTGGAAGGTCCAGTCG_025,176
GGCCGTGGAAGGTCCAGTCG_026,72
GGCCGTGGAAGGTCCAGTCG_027,61
GGCCGTGGAAGGTCCAGTCG_028,9
GGCCGTGGAAGGTCCAGTCG_029,190
GGCCGTGGAAGGTCCAGTCG_030,198
GGCCGTGGAAGGTCCAGTCG_031,28
TGGAGGACTTCCGTTCCAAG_001,181
TGGAGGACTTCCGTTCCAAG_002,15
TGGAGGACTTCCGTTCCAAG_003,194
TGGAGGACTTCCGTTCCAAG_004,53
TGGAGGACTTCCGTTCCAAG_005,91
TGGAGGACTTCCGTTCCAAG_006,87
TGGAGGACTTCCGTTCCAAG_007,8
TGGAGGACTTCCGTTCCAAG_008,49
TGGAGGACTTCCGTTCCAAG_009,115
TGGAGGACTTCCGTTCCAAG_010,29
TGGAGGACTTCCGTTCCAAG_011,59
TGGAGGACTTCCGTTCCAAG_012,144
TGGAGGACTTCCGTTCCAAG_013,17
TGGAGGACTTCCGTTCCAAG_014,105
TGGAGGACTTCCGTTCCAAG_015,27
TGGAGGACTTCCGTTCCAAG_016,11
GGACCCCAAGACAACTGTCG_001,68
GGACCCCAAGACAACTGTCG_002,9
CCATAAGCCGGCCCAGCCAG_001,69
CCATAAGCCGGCCCAGCCAG_002,122
CCATAAGCCGGCCCAGCCAG_003,198
CCATAAGCCGGCCCAGCCAG_004,38
CCATAAGCCGGCCCAGCCAG_005,125
CCATAAGCCGGCCCAGCCAG_006,26
GGCAGTGGTCCTCACCCCAG_001,92
GGCAGTGGTCCTCACCCCAG_002,198
GGCAGTGGTCCTCACCCCAG_003,8
GGCAGTGGTCCTCACCCCAG_004,26
GGCAGTGGTCCTCACCCCAG_005,6
GGCAGTGGTCCTCACCCCAG_006,150
GGCAGTGGTCCTCACCCCAG_007,8
GGCAGTGGTCCTCACCCCAG_008,9
GGCAGTGGTCCTCACCCCAG_009,118
GGCAGTGGTCCTCACCCCAG_010,143
GGCAGTGGTCCTCACCCCAG_011,198
GGCAGTGGTCCTCACCCCAG_012,43
GGCAGTGGTCCTCACCCCAG_013,156
GGCAGTGGTCCTCACCCCAG_014,86
GGCAGTGGTCCTCACCCCAG_015,120
GGCAGTGGTCCTCACCCCAG_016,16
GGCAGTGGTCCTCACCCCAG_017,2
GGCAGTGGTCCTCACCCCAG_018,177
GGCAGTGGTCCTCACCCCAG_019,195
GGCAGTGGTCCTCACCCCAG_020,110
GGCAGTGGTCCTCACCCCAG_021,59
GGCAGTGGTCCTCACCCCAG_022,12
GGCAGTGGTCCTCACCCCAG_023,176
GGCAGTGGTCCTCACCCCAG_024,56
GGCAGTGGTCCTCACCCCAG_025,118
GGCAGTGGTCCTCACCCCAG_026,121
GGCAGTGGTCCTCACCCCAG_027,166
GGCAGTGGTCCTCACCCCAG_028,188
GGCAGTGGTCCTCACCCCAG_029,1
AGGAGTTAAGACAGCGCTTG_001,50
AGGAGTTAAGACAGCGCTTG_002,16
AGGAGTTAAGACAGCGCTTG_003,4
AGGAGTTAAGACAGCGCTTG_004,102
AGGAGTTAAGACAGCGCTTG_005,170
AGGAGTTAAGACAGCGCTTG_006,105
AGGAGTTAAGACAGCGCTTG_007,199
AGGAGTTAAGACAGCGCTTG_008,148
AGGAGTTAAGACAGCGCTTG_009,130
AGGAGTTAAGACAGCGCTTG_010,2
AGGAGTTAAGACAGCGCTTG_011,144
AGGAGTTAAGACAGCGCTTG_012,188
AGGAGTTAAGACAGCGCTTG_013,16
AGGAGTTAAGACAGCGCTTG_014,30
AGGAGTTAAGACAGCGCTTG_015,17
AGGAGTTAAGACAGCGCTTG_016,78
AGGAGTTAAGACAGCGCTTG_017,22
CTAGGTAGGAGTCCTTCAGG_001,103
CTAGGTAGGAGTCCTTCAGG_002,184
CTAGGTAGGAGTCCTTCAGG_003,25
CTAGGTAGGAGTCCTTCAGG_004,58
AGGGGACACACCACCACCAG_001,144
AGGGGACACACCACCACCAG_002,146
AGGGGACACACCACCACCAG_003,109
AGGGGACACACCACCACCAG_004,69
AGGGGACACACCACCACCAG_005,146
AGGGGACACACCACCACCAG_006,161
AGGGGACACACCACCACCAG_007,75
AGGGGACACACCACCACCAG_008,92
AGGGGACACACCACCACCAG_009,70
AGGGGACACACCACCACCAG_010,42
AGGGGACACACCACCACCAG_011,116
AGGGGACACACCACCACCAG_012,180
AGGGGACACACCACCACCAG_013,145
AGGGGACACACCACCACCAG_014,88
AGGGGACACACCACCACCAG_015,80
AGGGGACACACCACCACCAG_016,48
AGGGGACACACCACCACCAG_017,41
AGGGGACACACCACCACCAG_018,166
AGGGGACACACCACCACCAG_019,137
AGGGGACACACCACCACCAG_020,48
AGGGGACACACCACCACCAG_021,62
GGAGGGTACCTGACTGCGGG_001,119
GGAGGGTACCTGACTGCGGG_002,14
GGAGGGTACCTGACTGCGGG_003,131
GGAGGGTACCTGACTGCGGG_004,67
GGAGGGTACCTGACTGCGGG_005,1
GGAGGGTACCTGACTGCGGG_006,119
GGAGGGTACCTGACTGCGGG_007,36
GGAGGGTACCTGACTGCGGG_008,158
GGAGGGTACCTGACTGCGGG_009,191
GGAGGGTACCTGACTGCGGG_010,170
GGAGGGTACCTGACTGCGGG_011,86
GGAGGGTACCTGACTGCGGG_012,105
GGAGGGTACCTGACTGCGGG_013,146
GGAGGGTACCTGACTGCGGG_014,144
GGAGGGTACCTGACTGCGGG_015,62
GGAGGGTACCTGACTGCGGG_016,125
GGAGGGTACCTGACTGCGGG_017,82
GGAGGGTACCTGACTGCGGG_018,86
GGAGGGTACCTGACTGCGGG_019,153
GGAGGGTACCTGACTGCGGG_020,2
CAAAGGGATCATTGATTGTG_001,127
CAAAGGGATCATTGATTGTG_002,105
CAAAGGGATCATTGATTGTG_003,113
CAAAGGGATCATTGATTGTG_004,96
CAAAGGGATCATTGATTGTG_005,172
CAAAGGGATCATTGATTGTG_006,169
CAAAGGGATCATTGATTGTG_007,191
CGGCGGCTGGAAGTAGAACG_001,162
CGGCGGCTGGAAGTAGAACG_002,181
CGGCGGCTGGAAGTAGAACG_003,150
CGGCGGCTGGAAGTAGAACG_004,41
CGGCGGCTGGAAGTAGAACG_005,34
CGGCGGCTGGAAGTAGAACG_006,64
CGGCGGCTGGAAGTAGAACG_007,85
CGGCGGCTGGAAGTAGAACG_008,135
CGGCGGCTGGAAGTAGAACG_009,147
CGGCGGCTGGAAGTAGAACG_010,83
CGGCGGCTGGAAGTAGAACG_011,159
CGGCGGCTGGAAGTAGAACG_012,166
CGGCGGCTGGAAGTAGAACG_013,102
CGGCGGCTGGAAGTAGAACG_014,17
ACTGGGAACATAGTCGTACA_001,49
GAAATCGATCGGCGCAAAGG_001,105
GAAATCGATCGGCGCAAAGG_002,43
GAAATCGATCGGCGCAAAGG_003,50
GAAATCGATCGGCGCAAAGG_004,114
GAAATCGATCGGCGCAAAGG_005,148
GAAATCGATCGGCGCAAAGG_006,52
TGCTGCTATCAAAGCTCTGG_001,57
TGCTGCTATCAAAGCTCTGG_002,16
TGCTGCTATCAAAGCTCTGG_003,166
TGCTGCTATCAAAGCTCTGG_004,141
TGCTGCTATCAAAGCTCTGG_005,173
TGCTGCTATCAAAGCTCTGG_006,2
TGCTGCTATCAAAGCTCTGG_007,184
TGCTGCTATCAAAGCTCTGG_008,127
TGCTGCTATCAAAGCTCTGG_009,88
TGCTGCTATCAAAGCTCTGG_010,169
ATATTCGAAAATGCAGACAA_001,140
ATATTCGAAAATGCAGACAA_002,139
ATATTCGAAAATGCAGACAA_003,127
ATATTCGAAAATGCAGACAA_004,197
ATATTCGAAAATGCAGACAA_005,118
ATATTCGAAAATGCAGACAA_006,149
ATATTCGAAAATGCAGACAA_007,86
ATATTCGAAAATGCAGACAA_008,99
ATATTCGAAAATGCAGACAA_009,113
ATATTCGAAAATGCAGACAA_010,199
ATATTCGAAAATGCAGACAA_011,12
ATATTCGAAAATGCAGACAA_012,148
ATATTCGAAAATGCAGACAA_013,74
ATATTCGAAAATGCAGACAA_014,163
ATATTCGAAAATGCAGACAA_015,30
ATATTCGAAAATGCAGACAA_016,124
ATATTCGAAAATGCAGACAA_017,28
GCGAGGCGATGTCCCGCACG_001,158
TCAGTGATGTTATCTATACT_001,152
TCAGTGATGTTATCTATACT_002,8
TCAGTGATGTTATCTATACT_003,120
TCTAGGGTGTGTGAATACGT_001,40
TCTAGGGTGTGTGAATACGT_002,177
TCTAGGGTGTGTGAATACGT_003,94
TCTAGGGTGTGTGAATACGT_004,73
TCTAGGGTGTGTGAATACGT_005,138
TCTAGGGTGTGTGAATACGT_006,127
TCTAGGGTGTGTGAATACGT_007,117
TCTAGGGTGTGTGAATACGT_008,92
TCTAGGGTGTGTGAATACGT_009,174
TCTAGGGTGTGTGAATACGT_010,163
TAATTTCCAGAAAGCACTGC_001,39
TAATTTCCAGAAAGCACTGC_002,11
CCAGGCATCTCATCATGCAA_001,20
TGACCAGGACAGCTCCAATG_001,20
TGACCAGGACAGCTCCAATG_002,62
TGACCAGGACAGCTCCAATG_003,56
TGACCAGGACAGCTCCAATG_004,103
TGACCAGGACAGCTCCAATG_005,75
TGACCAGGACAGCTCCAATG_006,148
TGACCAGGACAGCTCCAATG_007,58
TGACCAGGACAGCTCCAATG_008,29
TGACCAGGACAGCTCCAATG_009,16
TGACCAGGACAGCTCCAATG_010,10
TGACCAGGACAGCTCCAATG_011,42
TGACCAGGACAGCTCCAATG_012,198
TGACCAGGACAGCTCCAATG_013,146
TGACCAGGACAGCTCCAATG_014,103
TGACCAGGACAGCTCCAATG_015,56
TGACCAGGACAGCTCCAATG_016,61
TGACCAGGACAGCTCCAATG_017,136
ATATTTGGGAGAGCAGGCGT_001,157
ATATTTGGGAGAGCAGGCGT_002,15
ATATTTGGGAGAGCAGGCGT_003,15
ATATTTGGGAGAGCAGGCGT_004,53
ATATTTGGGAGAGCAGGCGT_005,190
ATATTTGGGAGAGCAGGCGT_006,53
ATATTTGGGAGAGCAGGCGT_007,104
ATATTTGGGAGAGCAGGCGT_008,86
ATATTTGGGAGAGCAGGCGT_009,156
ATATTTGGGAGAGCAGGCGT_010,175
ATATTTGGGAGAGCAGGCGT_011,77
ATATTTGGGAGAGCAGGCGT_012,116
ATATTTGGGAGAGCAGGCGT_013,11
ATATTTGGGAGAGCAGGCGT_014,14
ATATTTGGGAGAGCAGGCGT_015,59
ATATTTGGGAGAGCAGGCGT_016,42
ATATTTGGGAGAGCAGGCGT_017,22
ATATTTGGGAGAGCAGGCGT_018,50
ATATTTGGGAGAGCAGGCGT_019,40
CTGCACCGACACATTTGTGG_001,62
CTGCACCGACACATTTGTGG_002,0
CTGCACCGACACATTTGTGG_003,187
CTGCACCGACACATTTGTGG_004,136
CTGCACCGACACATTTGTGG_005,151
CTGCACCGACACATTTGTGG_006,107
CTGCACCGACACATTTGTGG_007,25
CTGCACCGACACATTTGTGG_008,138
CTGCACCGACACATTTGTGG_009,23
TTGATGTCACCGGAGTTGTG_001,146
TTGATGTCACCGGAGTTGTG_002,133
TTGATGTCACCGGAGTTGTG_003,194
TTGATGTCACCGGAGTTGTG_004,188
TTGATGTCACCGGAGTTGTG_005,49
TTGATGTCACCGGAGTTGTG_006,170
TTGATGTCACCGGAGTTGTG_007,62
TTGATGTCACCGGAGTTGTG_008,156
TTGATGTCACCGGAGTTGTG_009,127
TTGATGTCACCGGAGTTGTG_010,179
TTGATGTCACCGGAGTTGTG_011,31
TTGATGTCACCGGAGTTGTG_012,145
TTGATGTCACCGGAGTTGTG_013,198
TTGATGTCACCGGAGTTGTG_014,91
TTGATGTCACCGGAGTTGTG_015,144
TTGATGTCACCGGAGTTGTG_016,199
TTGATGTCACCGGAGTTGTG_017,85
TTGATGTCACCGGAGTTGTG_018,194
TTGATGTCACCGGAGTTGTG_019,92
TTGATGTCACCGGAGTTGTG_020,130
TTGATGTCACCGGAGTTGTG_021,103
TTGATGTCACCGGAGTTGTG_022,40
TTGATGTCACCGGAGTTGTG_023,138
TTGATGTCACCGGAGTTGTG_024,24
TTGATGTCACCGGAGTTGTG_025,172
TTGATGTCACCGGAGTTGTG_026,5
TTGATGTCACCGGAGTTGTG_027,104
TTGATGTCACCGGAGTTGTG_028,2
AAGCTTTCCTCAATGCACGG_001,70
AAGCTTTCCTCAATGCACGG_002,7
AAGCTTTCCTCAATGCACGG_003,139
AAGCTTTCCTCAATGCACGG_004,169
AAGCTTTCCTCAATGCACGG_005,72
AAGCTTTCCTCAATGCACGG_006,98
AAGCTTTCCTCAATGCACGG_007,100
AAGCTTTCCTCAATGCACGG_008,139
AAGCTTTCCTCAATGCACGG_009,139
AAGCTTTCCTCAATGCACGG_010,162
AAGCTTTCCTCAATGCACGG_011,128
AAGCTTTCCTCAATGCACGG_012,147
AAGCTTTCCTCAATGCACGG_013,125
AAGCTTTCCTCAATGCACGG_014,115
AAGCTTTCCTCAATGCACGG_015,6
AAGCTTTCCTCAATGCACGG_016,97
AAGCTTTCCTCAATGCACGG_017,40
AAGCTTTCCTCAATGCACGG_018,84
CTGACCAGGGATTTCCACTG_001,96
CTGACCAGGGATTTCCACTG_002,121
CTGACCAGGGATTTCCACTG_003,7
CTGACCAGGGATTTCCACTG_004,140
CTGACCAGGGATTTCCACTG_005,91
CTGACCAGGGATTTCCACTG_006,67
CTGACCAGGGATTTCCACTG_007,64
CTGACCAGGGATTTCCACTG_008,69
CTGACCAGGGATTTCCACTG_009,50
CTGACCAGGGATTTCCACTG_010,62
CTGACCAGGGATTTCCACTG_011,150
CTGACCAGGGATTTCCACTG_012,62
GGAGCGGTTTCAAGACCGCG_001,159
GGAGCGGTTTCAAGACCGCG_002,41
GGAGCGGTTTCAAGACCGCG_003,23
GGAGCGGTTTCAAGACCGCG_004,160
GGAGCGGTTTCAAGACCGCG_005,173
GGAGCGGTTTCAAGACCGCG_006,86
GGAGCGGTTTCAAGACCGCG_007,134
GGAGCGGTTTCAAGACCGCG_008,183
GGAGCGGTTTCAAGACCGCG_009,52
GGAGCGGTTTCAAGACCGCG_010,90
GGAGCGGTTTCAAGACCGCG_011,83
GGAGCGGTTTCAAGACCGCG_012,188
GGAGCGGTTTCAAGACCGCG_013,197
GGAGCGGTTTCAAGACCGCG_014,25
GGAGCGGTTTCAAGACCGCG_015,171
GGAGCGGTTTCAAGACCGCG_016,42
GGAGCGGTTTCAAGACCGCG_017,126
GGAAAATCCTCATAAGCCGT_001,34
GGAAAATCCTCATAAGCCGT_002,191
CTGGATGTCTCATTTCAAAG_001,176
CTGGATGTCTCATTTCAAAG_002,41
CAGTCGTAACGCACTTCCGG_001,12
CAGTCGTAACGCACTTCCGG_002,163
CAGTCGTAACGCACTTCCGG_003,6
CAGTCGTAACGCACTTCCGG_004,76
CAGTCGTAACGCACTTCCGG_005,152
CAGTCGTAACGCACTTCCGG_006,178
CAGTCGTAACGCACTTCCGG_007,178
CAGTCGTAACGCACTTCCGG_008,157
CAGTCGTAACGCACTTCCGG_009,155
GATCTATGTGTACTCAAAGC_001,30
GATCTATGTGTACTCAAAGC_002,159
GATCTATGTGTACTCAAAGC_003,55
GATCTATGTGTACTCAAAGC_004,42
GATCTATGTGTACTCAAAGC_005,193
GATCTATGTGTACTCAAAGC_006,95
GATCTATGTGTACTCAAAGC_007,25
GATCTATGTGTACTCAAAGC_008,6
GATCTATGTGTACTCAAAGC_009,144
GATCTATGTGTACTCAAAGC_010,18
GATCTATGTGTACTCAAAGC_011,174
GATCTATGTGTACTCAAAGC_012,118
GAGAGCGAACGCTACTGCAA_001,184
GAGAGCGAACGCTACTGCAA_002,50
GAGAGCGAACGCTACTGCAA_003,154
GAGAGCGAACGCTACTGCAA_004,23
GAGAGCGAACGCTACTGCAA_005,93
GAGAGCGAACGCTACTGCAA_006,107
GAGAGCGAACGCTACTGCAA_007,150
GAGAGCGAACGCTACTGCAA_008,33
GAGAGCGAACGCTACTGCAA_009,139
ATTCCGTACTTCGTCACTGT_001,62
ATTCCGTACTTCGTCACTGT_002,17
TTGGGACACGTATCTGTACC_001,105
TTGGGACACGTATCTGTACC_002,77
GAAGTTCTGCACCACGTCGT_001,62
GAAGTTCTGCACCACGTCGT_002,137
GAAGTTCTGCACCACGTCGT_003,6
GAAGTTCTGCACCACGTCGT_004,103
GAAGTTCTGCACCACGTCGT_005,87
GAAGTTCTGCACCACGTCGT_006,137
GAAGTTCTGCACCACGTCGT_007,60
GAAGTTCTGCACCACGTCGT_008,35
GTGGTATTTCAAGACAAACT_001,63
CGTGGCCTACTCCAACCTTG_001,120
CGTGGCCTACTCCAACCTTG_002,52
CGTGGCCTACTCCAACCTTG_003,98
CAGTTGGAAAGACTTGACCT_001,167
CAGTTGGAAAGACTTGACCT_002,48
CAGTTGGAAAGACTTGACCT_003,29
CAGTTGGAAAGACTTGACCT_004,58
CAGTTGGAAAGACTTGACCT_005,161
CAGTTGGAAAGACTTGACCT_006,182
CAGTTGGAAAGACTTGACCT_007,169
CAGTTGGAAAGACTTGACCT_008,15
CAGTTGGAAAGACTTGACCT_009,38
CAGTTGGAAAGACTTGACCT_010,159
CAGTTGGAAAGACTTGACCT_011,77
CAGTTGGAAAGACTTGACCT_012,58
CAGTTGGAAAGACTTGACCT_013,107
CAGTTGGAAAGACTTGACCT_014,167
CAGTTGGAAAGACTTGACCT_015,167
CAGTTGGAAAGACTTGACCT_016,174
CAGTTGGAAAGACTTGACCT_017,35
CAGTTGGAAAGACTTGACCT_018,13
CAGTTGGAAAGACTTGACCT_019,167
CAGTTGGAAAGACTTGACCT_020,167
CAGTTGGAAAGACTTGACCT_021,97
CAGTTGGAAAGACTTGACCT_022,2
CAGTTGGAAAGACTTGACCT_023,28
CAGTTGGAAAGACTTGACCT_024,3
CAGTTGGAAAGACTTGACCT_025,79
CAGTTGGAAAGACTTGACCT_026,160
CAGTTGGAAAGACTTGACCT_027,121
CAGTTGGAAAGACTTGACCT_028,0
CAGTTGGAAAGACTTGACCT_029,172
CAGTTGGAAAGACTTGACCT_030,142
CAGTTGGAAAGACTTGACCT_031,81
CAGTTGGAAAGACTTGACCT_032,66
AATGAGACTCACGGGCATGT_001,24
AATGAGACTCACGGGCATGT_002,106
TTTCATGGTTATCAACTCAG_001,80
GGCCAGTTCATATAAAGTGA_001,115
GGCCAGTTCATATAAAGTGA_002,134
GGCCAGTTCATATAAAGTGA_003,105
ACCATAATGCCACCCCAGCG_001,68
ACCATAATGCCACCCCAGCG_002,6
ACCATAATGCCACCCCAGCG_003,149
ACCATAATGCCACCCCAGCG_004,50
ACCATAATGCCACCCCAGCG_005,134
ACCATAATGCCACCCCAGCG_006,119
ACCATAATGCCACCCCAGCG_007,55
ACCATAATGCCACCCCAGCG_008,6
ACCATAATGCCACCCCAGCG_009,1
ACCATAATGCCACCCCAGCG_010,106
ACCATAATGCCACCCCAGCG_011,22
ACCATAATGCCACCCCAGCG_012,70
ACCATAATGCCACCCCAGCG_013,48
ACCATAATGCCACCCCAGCG_014,104
ACCATAATGCCACCCCAGCG_015,85
ACACCCAGCTACACCCTGCA_001,105
ACACCCAGCTACACCCTGCA_002,105
ACACCCAGCTACACCCTGCA_003,38
ACACCCAGCTACACCCTGCA_004,197
ACACCCAGCTACACCCTGCA_005,141
ACACCCAGCTACACCCTGCA_006,180
GGTTTGGGAGTATATGACCG_001,89
GGTTTGGGAGTATATGACCG_002,103
GGTTTGGGAGTATATGACCG_003,137
GGTTTGGGAGTATATGACCG_004,160
AGGTCATTTACCATGACCTG_001,12
AGGTCATTTACCATGACCTG_002,38
AGGTCATTTACCATGACCTG_003,70
AGGTCATTTACCATGACCTG_004,73
AGGTCATTTACCATGACCTG_005,126
CACGTCCTCAGGAACTCGAG_001,149
CACGTCCTCAGGAACTCGAG_002,102
CACGTCCTCAGGAACTCGAG_003,88
CACGTCCTCAGGAACTCGAG_004,16
CACGTCCTCAGGAACTCGAG_005,63
CTGGGGGGCTCATCCCATAG_001,33
CTGGGGGGCTCATCCCATAG_002,14
CTGGGGGGCTCATCCCATAG_003,2
CTGGGGGGCTCATCCCATAG_004,198
CTGGGGGGCTCATCCCATAG_005,4
CTGGGGGGCTCATCCCATAG_006,73
CTGGGGGGCTCATCCCATAG_007,48
CTGGGGGGCTCATCCCATAG_008,158
AAGGATCAAATGCTTTGCTG_001,49
AAGGATCAAATGCTTTGCTG_002,32
AAGGATCAAATGCTTTGCTG_003,14
AAGGATCAAATGCTTTGCTG_004,135
ACACTCTTTGGATAGCGATG_001,149
ACACTCTTTGGATAGCGATG_002,105
ACACTCTTTGGATAGCGATG_003,16
ACACTCTTTGGATAGCGATG_004,154
ACACTCTTTGGATAGCGATG_005,194
ACACTCTTTGGATAGCGATG_006,60
ACACTCTTTGGATAGCGATG_007,152
ACACTCTTTGGATAGCGATG_008,1
ACACTCTTTGGATAGCGATG_009,149
ACACTCTTTGGATAGCGATG_010,180
ACACTCTTTGGATAGCGATG_011,162
ACACTCTTTGGATAGCGATG_012,195
ACACTCTTTGGATAGCGATG_013,86
ACACTCTTTGGATAGCGATG_014,150
ACACTCTTTGGATAGCGATG_015,60
ACACTCTTTGGATAGCGATG_016,15
ACACTCTTTGGATAGCGATG_017,106
ACACTCTTTGGATAGCGATG_018,106
AGTGCTTCGAGGCACACCAG_001,77
AGTGCTTCGAGGCACACCAG_002,85
AGTGCTTCGAGGCACACCAG_003,92
AGTGCTTCGAGGCACACCAG_004,53
AGTGCTTCGAGGCACACCAG_005,139
AGTGCTTCGAGGCACACCAG_006,7
AGTGCTTCGAGGCACACCAG_007,158
AGTGCTTCGAGGCACACCAG_008,75
AGTGCTTCGAGGCACACCAG_009,96
AGTGCTTCGAGGCACACCAG_010,49
AGTGCTTCGAGGCACACCAG_011,121
AGTGCTTCGAGGCACACCAG_012,87
AGTGCTTCGAGGCACACCAG_013,81
AGTGCTTCGAGGCACACCAG_014,13
AGTGCTTCGAGGCACACCAG_015,67
AATGTCGGGAAAAGCACTCA_001,99
AATGTCGGGAAAAGCACTCA_002,99
AATGTCGGGAAAAGCACTCA_003,43
AATGTCGGGAAAAGCACTCA_004,116
AATGTCGGGAAAAGCACTCA_005,24
AATGTCGGGAAAAGCACTCA_006,28
AATGTCGGGAAAAGCACTCA_007,159
AATGTCGGGAAAAGCACTCA_008,31
AATGTCGGGAAAAGCACTCA_009,160
AATGTCGGGAAAAGCACTCA_010,12
AATGTCGGGAAAAGCACTCA_011,191
AATGTCGGGAAAAGCACTCA_012,151
AATGTCGGGAAAAGCACTCA_013,152
AATGTCGGGAAAAGCACTCA_014,147
AATGTCGGGAAAAGCACTCA_015,28
AATGTCGGGAAAAGCACTCA_016,79
AATGTCGGGAAAAGCACTCA_017,74
AATGTCGGGAAAAGCACTCA_018,26
GACAGACCCTATGGTTCATG_001,48
GACAGACCCTATGGTTCATG_002,82
GACAGACCCTATGGTTCATG_003,83
GACAGACCCTATGGTTCATG_004,175
GACAGACCCTATGGTTCATG_005,25
GACAGACCCTATGGTTCATG_006,31
GACAGACCCTATGGTTCATG_007,190
GGAAGTGGTTGTTGTGCACG_001,48
GGAAGTGGTTGTTGTGCACG_002,19
GGAAGTGGTTGTTGTGCACG_003,43
GGAAGTGGTTGTTGTGCACG_004,95
GGAAGTGGTTGTTGTGCACG_005,160
GGAAGTGGTTGTTGTGCACG_006,27
GGAAGTGGTTGTTGTGCACG_007,165
GGAAGTGGTTGTTGTGCACG_008,54
GGAAGTGGTTGTTGTGCACG_009,193
GGAAGTGGTTGTTGTGCACG_010,117
GGAAGTGGTTGTTGTGCACG_011,83
GGAAGTGGTTGTTGTGCACG_012,13
GGAAGTGGTTGTTGTGCACG_013,9
GGAAGTGGTTGTTGTGCACG_014,56
GGAAGTGGTTGTTGTGCACG_015,37
TAAGAAGAAGGGGCATCATG_001,117
TAAGAAGAAGGGGCATCATG_002,170
TAAGAAGAAGGGGCATCATG_003,149
TAAGAAGAAGGGGCATCATG_004,127
TAAGAAGAAGGGGCATCATG_005,177
CAAAGGGGGAAGTGCAGGGA_001,115
CAAAGGGGGAAGTGCAGGGA_002,44
CAAAGGGGGAAGTGCAGGGA_003,78
CAAAGGGGGAAGTGCAGGGA_004,137
CAAAGGGGGAAGTGCAGGGA_005,191
CAAAGGGGGAAGTGCAGGGA_006,82
CAAAGGGGGAAGTGCAGGGA_007,39
CAAAGGGGGAAGTGCAGGGA_008,133
CAAAGGGGGAAGTGCAGGGA_009,70
CAAAGGGGGAAGTGCAGGGA_010,9
CAAAGGGGGAAGTGCAGGGA_011,60
CAAAGGGGGAAGTGCAGGGA_012,117
CAAAGGGGGAAGTGCAGGGA_013,115
CAAAGGGGGAAGTGCAGGGA_014,12
CAAAGGGGGAAGTGCAGGGA_015,131
CAAAGGGGGAAGTGCAGGGA_016,141
CAAAGGGGGAAGTGCAGGGA_017,80
CAAAGGGGGAAGTGCAGGGA_018,144
CAAAGGGGGAAGTGCAGGGA_019,15
CAAAGGGGGAAGTGCAGGGA_020,69
CAAAGGGGGAAGTGCAGGGA_021,28
CAAAGGGGGAAGTGCAGGGA_022,27
CAAAGGGGGAAGTGCAGGGA_023,38
CAAAGGGGGAAGTGCAGGGA_024,116
CAAAGGGGGAAGTGCAGGGA_025,101
CAAAGGGGGAAGTGCAGGGA_026,21
CAAAGGGGGAAGTGCAGGGA_027,60
CAAAGGGGGAAGTGCAGGGA_028,30
CAAAGGGGGAAGTGCAGGGA_029,188
CAAAGGGGGAAGTGCAGGGA_030,129
CAAAGGGGGAAGTGCAGGGA_031,59
CAAAGGGGGAAGTGCAGGGA_032,73
CAAAGGGGGAAGTGCAGGGA_033,82
CAAAGGGGGAAGTGCAGGGA_034,115
CAAAGGGGGAAGTGCAGGGA_035,150
CAAAGGGGGAAGTGCAGGGA_036,63
CAAAGGGGGAAGTGCAGGGA_037,30
CAAAGGGGGAAGTGCAGGGA_038,30
CAAAGGGGGAAGTGCAGGGA_039,172
CAAAGGGGGAAGTGCAGGGA_040,63
CAAAGGGGGAAGTGCAGGGA_041,124
CAAAGGGGGAAGTGCAGGGA_042,94
CAAAGGGGGAAGTGCAGGGA_043,87
CAAAGGGGGAAGTGCAGGGA_044,184
CAAAGGGGGAAGTGCAGGGA_045,63
CAAAGGGGGAAGTGCAGGGA_046,18
CAAAGGGGGAAGTGCAGGGA_047,39
CAAAGGGGGAAGTGCAGGGA_048,39
CAAAGGGGGAAGTGCAGGGA_049,66
CAAAGGGGGAAGTGCAGGGA_050,177
AGAGAGCAAGCTACCACCAG_001,127
AGAGAGCAAGCTACCACCAG_002,0
AGAGAGCAAGCTACCACCAG_003,170
AGAGAGCAAGCTACCACCAG_004,20
AGAGAGCAAGCTACCACCAG_005,79
AGAGAGCAAGCTACCACCAG_006,171
AGAGAGCAAGCTACCACCAG_007,32
AGAGAGCAAGCTACCACCAG_008,60
AGAGAGCAAGCTACCACCAG_009,171
AGAGAGCAAGCTACCACCAG_010,6
AGAGAGCAAGCTACCACCAG_011,98
AGAGAGCAAGCTACCACCAG_012,105
AGAGAGCAAGCTACCACCAG_013,116
AGAGAGCAAGCTACCACCAG_014,100
AGAGAGCAAGCTACCACCAG_015,65
AGAGAGCAAGCTACCACCAG_016,8
AGAGAGCAAGCTACCACCAG_017,4
AGAGAGCAAGCTACCACCAG_018,15
AGAGAGCAAGCTACCACCAG_019,197
AGAGAGCAAGCTACCACCAG_020,49
AGAGAGCAAGCTACCACCAG_021,37
AGAGAGCAAGCTACCACCAG_022,126
AGAGAGCAAGCTACCACCAG_023,196
AGAGAGCAAGCTACCACCAG_024,82
AGAGAGCAAGCTACCACCAG_025,18
GAATCTCGCAGAGCCCAACA_001,100
GAATCTCGCAGAGCCCAACA_002,8
GAATCTCGCAGAGCCCAACA_003,172
GAATCTCGCAGAGCCCAACA_004,48
GAATCTCGCAGAGCCCAACA_005,170
GAATCTCGCAGAGCCCAACA_006,73
GAATCTCGCAGAGCCCAACA_007,20
GAATCTCGCAGAGCCCAACA_008,157
GAATCTCGCAGAGCCCAACA_009,116
GAATCTCGCAGAGCCCAACA_010,88
GAATCTCGCAGAGCCCAACA_011,16
GAATCTCGCAGAGCCCAACA_012,179
GAATCTCGCAGAGCCCAACA_013,76
GAATCTCGCAGAGCCCAACA_014,177
GAATCTCGCAGAGCCCAACA_015,174
GAATCTCGCAGAGCCCAACA_016,138
GAATCTCGCAGAGCCCAACA_017,166
ACACAGCATTTATGAGCAGG_001,46
ACACAGCATTTATGAGCAGG_002,81
ACACAGCATTTATGAGCAGG_003,137
ACACAGCATTTATGAGCAGG_004,144
ACACAGCATTTATGAGCAGG_005,115
CGTCAAGAAGCCCCCGCCCG_001,9
CGTCAAGAAGCCCCCGCCCG_002,8
CGTCAAGAAGCCCCCGCCCG_003,19
CGTCAAGAAGCCCCCGCCCG_004,115
CGTCAAGAAGCCCCCGCCCG_005,147
CGTCAAGAAGCCCCCGCCCG_006,133
CGTCAAGAAGCCCCCGCCCG_007,180
CGTCAAGAAGCCCCCGCCCG_008,8
CGTCAAGAAGCCCCCGCCCG_009,8
CGTCAAGAAGCCCCCGCCCG_010,94
CGTCAAGAAGCCCCCGCCCG_011,94
CGTCAAGAAGCCCCCGCCCG_012,151
CGTCAAGAAGCCCCCGCCCG_013,87
CGTCAAGAAGCCCCCGCCCG_014,37
CGTCAAGAAGCCCCCGCCCG_015,37
CGTCAAGAAGCCCCCGCCCG_016,10
CGTCAAGAAGCCCCCGCCCG_017,165
CGTCAAGAAGCCCCCGCCCG_018,17
CGTCAAGAAGCCCCCGCCCG_019,5
CGTCAAGAAGCCCCCGCCCG_020,49
CGTCAAGAAGCCCCCGCCCG_021,115
CAAGTTTGATTACCCTAGGA_001,113
CAAGTTTGATTACCCTAGGA_002,181
CAAGTTTGATTACCCTAGGA_003,84
CAAGTTTGATTACCCTAGGA_004,165
CAAGTTTGATTACCCTAGGA_005,63
CAAGTTTGATTACCCTAGGA_006,63
CAGTAGTAGCATCGAGTCCG_001,197
CAGTAGTAGCATCGAGTCCG_002,73
CAGTAGTAGCATCGAGTCCG_003,77
CAGTAGTAGCATCGAGTCCG_004,77
CAGTAGTAGCATCGAGTCCG_005,1
CAGTAGTAGCATCGAGTCCG_006,59
CAGTAGTAGCATCGAGTCCG_007,1
CAGTAGTAGCATCGAGTCCG_008,12
AACCCATTGGTAACCTACTG_001,116
AACCCATTGGTAACCTACTG_002,180
CTGGAATTGGGAACCTACTG_001,60
CTGGAATTGGGAACCTACTG_002,61
CTGGAATTGGGAACCTACTG_003,61
CTGGAATTGGGAACCTACTG_004,61
GAAGTTGACACCCCACAACA_001,45
GAAGTTGACACCCCACAACA_002,102
GAAGTTGACACCCCACAACA_003,61
GAAGTTGACACCCCACAACA_004,70
GAAGTTGACACCCCACAACA_005,42
GAAGTTGACACCCCACAACA_006,161
GAAGTTGACACCCCACAACA_007,100
GAAGTTGACACCCCACAACA_008,33
GAAGTTGACACCCCACAACA_009,41
GAAGTTGACACCCCACAACA_010,56
GAAGTTGACACCCCACAACA_011,174
GAAGTTGACACCCCACAACA_012,40
GTGAACTCTCCGTTGCACGC_001,38
GTGAACTCTCCGTTGCACGC_002,121
GTGAACTCTCCGTTGCACGC_003,25
GTGAACTCTCCGTTGCACGC_004,140
GTGAACTCTCCGTTGCACGC_005,104
GTGAACTCTCCGTTGCACGC_006,148
GTGAACTCTCCGTTGCACGC_007,185
GTGAACTCTCCGTTGCACGC_008,74
GTGAACTCTCCGTTGCACGC_009,43
GTGAACTCTCCGTTGCACGC_010,115
GTGAACTCTCCGTTGCACGC_011,168
GTGAACTCTCCGTTGCACGC_012,145
TCGCCGGCCTTCCAACAGAG_001,191
TCGCCGGCCTTCCAACAGAG_002,127
TCGCCGGCCTTCCAACAGAG_003,49
TCGCCGGCCTTCCAACAGAG_004,169
TCGCCGGCCTTCCAACAGAG_005,68
TCGCCGGCCTTCCAACAGAG_006,194
TCGCCGGCCTTCCAACAGAG_007,55
TCGCCGGCCTTCCAACAGAG_008,192
TCGCCGGCCTTCCAACAGAG_009,150
TCGCCGGCCTTCCAACAGAG_010,157
TCGCCGGCCTTCCAACAGAG_011,82
TCGCCGGCCTTCCAACAGAG_012,110
TCGCCGGCCTTCCAACAGAG_013,159
TCGCCGGCCTTCCAACAGAG_014,93
TCGCCGGCCTTCCAACAGAG_015,134
TCGCCGGCCTTCCAACAGAG_016,150
TCGCCGGCCTTCCAACAGAG_017,62
TCGCCGGCCTTCCAACAGAG_018,185
TCGCCGGCCTTCCAACAGAG_019,140
TCGCCGGCCTTCCAACAGAG_020,127
TCTAAAAAGACTAAGAAACA_001,101
TCTAAAAAGACTAAGAAACA_002,67
TCTAAAAAGACTAAGAAACA_003,29
TCTAAAAAGACTAAGAAACA_004,170
GATAGATCAAGATCCCACTC_001,145
GATAGATCAAGATCCCACTC_002,58
GATAGATCAAGATCCCACTC_003,67
GATAGATCAAGATCCCACTC_004,176
GATAGATCAAGATCCCACTC_005,49
GATAGATCAAGATCCCACTC_006,101
GATAGATCAAGATCCCACTC_007,53
GGCAGCCATTGGCACTCATG_001,1
GGCAGCCATTGGCACTCATG_002,168
GGCAGCCATTGGCACTCATG_003,127
GGCAGCCATTGGCACTCATG_004,19
GGCAGCCATTGGCACTCATG_005,58
GGCAGCCATTGGCACTCATG_006,2
GGCAGCCATTGGCACTCATG_007,42
GGCAGCCATTGGCACTCATG_008,14
GGCAGCCATTGGCACTCATG_009,153
GGCAGCCATTGGCACTCATG_010,88
GGCAGCCATTGGCACTCATG_011,81
GGCAGCCATTGGCACTCATG_012,1
GGCAGCCATTGGCACTCATG_013,107
GGCAGCCATTGGCACTCATG_014,199
GGCAGCCATTGGCACTCATG_015,41
GGCAGCCATTGGCACTCATG_016,162
GGCAGCCATTGGCACTCATG_017,95
GGCAGCCATTGGCACTCATG_018,172
GGCAGCCATTGGCACTCATG_019,107
GGCAGCCATTGGCACTCATG_020,105
GGCAGCCATTGGCACTCATG_021,16
GGCAGCCATTGGCACTCATG_022,178
GGCAGCCATTGGCACTCATG_023,199
GGCAGCCATTGGCACTCATG_024,62
GGCAGCCATTGGCACTCATG_025,185
TGTGCAATGAACATCAATGG_001,175
TGTGCAATGAACATCAATGG_002,107
TGTGCAATGAACATCAATGG_003,38
TGTGCAATGAACATCAATGG_004,9
TGTGCAATGAACATCAATGG_005,32
TGTGCAATGAACATCAATGG_006,43
TGTGCAATGAACATCAATGG_007,27
TGTGCAATGAACATCAATGG_008,19
GGCACTGAGATGGCTTTGGG_001,168
GGCACTGAGATGGCTTTGGG_002,137
GGCACTGAGATGGCTTTGGG_003,149
GGCACTGAGATGGCTTTGGG_004,10
GGCACTGAGATGGCTTTGGG_005,13
GGCACTGAGATGGCTTTGGG_006,34
GGCACTGAGATGGCTTTGGG_007,56
GGCACTGAGATGGCTTTGGG_008,127
GGCACTGAGATGGCTTTGGG_009,160
GGCACTGAGATGGCTTTGGG_010,144
GGCACTGAGATGGCTTTGGG_011,8
GGCACTGAGATGGCTTTGGG_012,21
GGCACTGAGATGGCTTTGGG_013,28
GGCACTGAGATGGCTTTGGG_014,118
CTAGAGCACATCATTCCACT_001,28
CTAGAGCACATCATTCCACT_002,46
TGGCACTCACACGATGAACT_001,143
TGGCACTCACACGATGAACT_002,94
TGGCACTCACACGATGAACT_003,1
TGGCACTCACACGATGAACT_004,7
TGGCACTCACACGATGAACT_005,144
TGGCACTCACACGATGAACT_006,185
TGGCACTCACACGATGAACT_007,162
GTAGAACTCCCCGTGCAGCG_001,1
GTAGAACTCCCCGTGCAGCG_002,60
GTAGAACTCCCCGTGCAGCG_003,112
GTAGAACTCCCCGTGCAGCG_004,78
GTAGAACTCCCCGTGCAGCG_005,45
GGGAAAAGTCTCCAGACTGG_001,182
GGGAAAAGTCTCCAGACTGG_002,194
GGGAAAAGTCTCCAGACTGG_003,22
GGGAAAAGTCTCCAGACTGG_004,35
GGGAAAAGTCTCCAGACTGG_005,19
GGGAAAAGTCTCCAGACTGG_006,148
GGGAAAAGTCTCCAGACTGG_007,157
GGGAAAAGTCTCCAGACTGG_008,162
GGGAAAAGTCTCCAGACTGG_009,70
GGTGGAAATCCAATTCCCCG_001,38
GGTGGAAATCCAATTCCCCG_002,68
GGTGGAAATCCAATTCCCCG_003,187
GGTGGAAATCCAATTCCCCG_004,184
GGTGGAAATCCAATTCCCCG_005,56
GGTGGAAATCCAATTCCCCG_006,2
GGTGGAAATCCAATTCCCCG_007,92
GGTGGAAATCCAATTCCCCG_008,28
TTGCTCAGTAAACAGAAGCG_001,43
TTGCTCAGTAAACAGAAGCG_002,22
TTGCTCAGTAAACAGAAGCG_003,183
TTGCTCAGTAAACAGAAGCG_004,121
TTGCTCAGTAAACAGAAGCG_005,126
TTGCTCAGTAAACAGAAGCG_006,28
AGAACTACGACCCCGCGTCG_001,41
AGAACTACGACCCCGCGTCG_002,189
AGAACTACGACCCCGCGTCG_003,121
AGAACTACGACCCCGCGTCG_004,49
AGAACTACGACCCCGCGTCG_005,49
AGAACTACGACCCCGCGTCG_006,148
AGAACTACGACCCCGCGTCG_007,22
AGAACTACGACCCCGCGTCG_008,104
AGAACTACGACCCCGCGTCG_009,66
AGAACTACGACCCCGCGTCG_010,35
AGAACTACGACCCCGCGTCG_011,155
ATTCGACGACATCCCCAACT_001,165
ATTCGACGACATCCCCAACT_002,193
ATTCGACGACATCCCCAACT_003,49
ATTCGACGACATCCCCAACT_004,118
ATTCGACGACATCCCCAACT_005,43
ATTCGACGACATCCCCAACT_006,95
ATTCGACGACATCCCCAACT_007,112
ATTCGACGACATCCCCAACT_008,37
CAGACAACCAGACTGAAGAG_001,191
CAGACAACCAGACTGAAGAG_002,128
CAGACAACCAGACTGAAGAG_003,95
CAGACAACCAGACTGAAGAG_004,161
CAGACAACCAGACTGAAGAG_005,17
CAGACAACCAGACTGAAGAG_006,168
CAGACAACCAGACTGAAGAG_007,94
CAGACAACCAGACTGAAGAG_008,168
GGAAAGCACCATGTTTGCAA_001,48
GGAAAGCACCATGTTTGCAA_002,127
GGAAAGCACCATGTTTGCAA_003,124
GGAAAGCACCATGTTTGCAA_004,43
GGAAAGCACCATGTTTGCAA_005,167
CCTGCGTGAAGAGCATCGTG_001,34
CCTGCGTGAAGAGCATCGTG_002,98
CCTGCGTGAAGAGCATCGTG_003,94
CCTGCGTGAAGAGCATCGTG_004,83
CCTGCGTGAAGAGCATCGTG_005,102
CCTGCGTGAAGAGCATCGTG_006,146
CCTGCGTGAAGAGCATCGTG_007,146
CCTGCGTGAAGAGCATCGTG_008,106
CCTGCGTGAAGAGCATCGTG_009,50
CCTGCGTGAAGAGCATCGTG_010,49
CCTGCGTGAAGAGCATCGTG_011,45
CCTGCGTGAAGAGCATCGTG_012,48
CCTGCGTGAAGAGCATCGTG_013,127
CCTGCGTGAAGAGCATCGTG_014,98
CCTGCGTGAAGAGCATCGTG_015,145
CCTGCGTGAAGAGCATCGTG_016,7
CCTGCGTGAAGAGCATCGTG_017,16
CCTGCGTGAAGAGCATCGTG_018,54
CCTGCGTGAAGAGCATCGTG_019,115
CCTGCGTGAAGAGCATCGTG_020,184
CCTGCGTGAAGAGCATCGTG_021,49
CCTGCGTGAAGAGCATCGTG_022,49
CCTGCGTGAAGAGCATCGTG_023,188
CCTGCGTGAAGAGCATCGTG_024,58
CCTGCGTGAAGAGCATCGTG_025,8
CCTGCGTGAAGAGCATCGTG_026,98
CCTGCGTGAAGAGCATCGTG_027,59
CCTGCGTGAAGAGCATCGTG_028,107
CCTGCGTGAAGAGCATCGTG_029,49
CCTGCGTGAAGAGCATCGTG_030,131
CCTGCGTGAAGAGCATCGTG_031,49
TGACTCCCCGGATAGCAGCT_001,108
TGACTCCCCGGATAGCAGCT_002,106
TGACTCCCCGGATAGCAGCT_003,142
TGACTCCCCGGATAGCAGCT_004,58
TGACTCCCCGGATAGCAGCT_005,98
TGACTCCCCGGATAGCAGCT_006,54
TGACTCCCCGGATAGCAGCT_007,12
TGACTCCCCGGATAGCAGCT_008,58
TGACTCCCCGGATAGCAGCT_009,16
TGACTCCCCGGATAGCAGCT_010,152
TGACTCCCCGGATAGCAGCT_011,151
TGACTCCCCGGATAGCAGCT_012,44
TGACTCCCCGGATAGCAGCT_013,110
TGACTCCCCGGATAGCAGCT_014,22
TGACTCCCCGGATAGCAGCT_015,0
TGACTCCCCGGATAGCAGCT_016,191
TGACTCCCCGGATAGCAGCT_017,174
TGACTCCCCGGATAGCAGCT_018,174
TGACTCCCCGGATAGCAGCT_019,49
CCAGCCTCAGTTTCTCGGTG_001,130
CCAGCCTCAGTTTCTCGGTG_002,199
CCAGCCTCAGTTTCTCGGTG_003,140
CCAGCCTCAGTTTCTCGGTG_004,49
CCAGCCTCAGTTTCTCGGTG_005,2
CCAGCCTCAGTTTCTCGGTG_006,182
CCAGCCTCAGTTTCTCGGTG_007,69
CCAGCCTCAGTTTCTCGGTG_008,198
CCAGCCTCAGTTTCTCGGTG_009,197
CCAGCCTCAGTTTCTCGGTG_010,148
CCAGCCTCAGTTTCTCGGTG_011,149
CCAGCCTCAGTTTCTCGGTG_012,9
CCAGCCTCAGTTTCTCGGTG_013,32
CCAGCCTCAGTTTCTCGGTG_014,94
CCAGCCTCAGTTTCTCGGTG_015,127
CCAGCCTCAGTTTCTCGGTG_016,17
CCAGCCTCAGTTTCTCGGTG_017,145
CCAGCCTCAGTTTCTCGGTG_018,34
CCAGCCTCAGTTTCTCGGTG_019,11
AGTGACAATGACCTTCCGGG_001,2
AGTGACAATGACCTTCCGGG_002,1
GGCAGTCACACTGACCAACG_001,101
GGCAGTCACACTGACCAACG_002,139
GGCAGTCACACTGACCAACG_003,147
GGCAGTCACACTGACCAACG_004,41
GGCAGTCACACTGACCAACG_005,4
GGCAGTCACACTGACCAACG_006,95
GGCAGTCACACTGACCAACG_007,43
GGCAGTCACACTGACCAACG_008,78
GGCAGTCACACTGACCAACG_009,18
GGCAGTCACACTGACCAACG_010,38
GGCAGTCACACTGACCAACG_011,97
GGCAGTCACACTGACCAACG_012,118
GGCAGTCACACTGACCAACG_013,129
AGCATAGCCTCCGATGACCA_001,105
AGCATAGCCTCCGATGACCA_002,101
AGCATAGCCTCCGATGACCA_003,15
AGCATAGCCTCCGATGACCA_004,146
AGCATAGCCTCCGATGACCA_005,98
AGCATAGCCTCCGATGACCA_006,87
AGCATAGCCTCCGATGACCA_007,23
AGCATAGCCTCCGATGACCA_008,151
GCGCGCCCACCACTACTCGG_001,78
GCGCGCCCACCACTACTCGG_002,195
GCGCGCCCACCACTACTCGG_003,128
GCGCGCCCACCACTACTCGG_004,79
GCGCGCCCACCACTACTCGG_005,78
GCGCGCCCACCACTACTCGG_006,11
GCGCGCCCACCACTACTCGG_007,192
GCGCGCCCACCACTACTCGG_008,31
GCGCGCCCACCACTACTCGG_009,9
GCGCGCCCACCACTACTCGG_010,56
GCGCGCCCACCACTACTCGG_011,144
GCGCGCCCACCACTACTCGG_012,162
GCGCGCCCACCACTACTCGG_013,192
GCGCGCCCACCACTACTCGG_014,147
GCGCGCCCACCACTACTCGG_015,194
GCGCGCCCACCACTACTCGG_016,165
GCGCGCCCACCACTACTCGG_017,44
GCGCGCCCACCACTACTCGG_018,84
GCGCGCCCACCACTACTCGG_019,69
GCGCGCCCACCACTACTCGG_020,170
GCGCGCCCACCACTACTCGG_021,153
GCGCGCCCACCACTACTCGG_022,1
GCGCGCCCACCACTACTCGG_023,27
GCGCGCCCACCACTACTCGG_024,181
GCGCGCCCACCACTACTCGG_025,45
GCGCGCCCACCACTACTCGG_026,104
GCGCGCCCACCACTACTCGG_027,183
GCGCGCCCACCACTACTCGG_028,144
GCGCGCCCACCACTACTCGG_029,89
GCGCGCCCACCACTACTCGG_030,197
GCGCGCCCACCACTACTCGG_031,49
GCGCGCCCACCACTACTCGG_032,0
GCGCGCCCACCACTACTCGG_033,126
GCGCGCCCACCACTACTCGG_034,197
GCGCGCCCACCACTACTCGG_035,16
GCGCGCCCACCACTACTCGG_036,12
GCGCGCCCACCACTACTCGG_037,126
GCGCGCCCACCACTACTCGG_038,191
GCGCGCCCACCACTACTCGG_039,48
GCGCGCCCACCACTACTCGG_040,68
GCGCGCCCACCACTACTCGG_041,46
GCGCGCCCACCACTACTCGG_042,15
GCGCGCCCACCACTACTCGG_043,189
GCGCGCCCACCACTACTCGG_044,196
GCGCGCCCACCACTACTCGG_045,56
GCGCGCCCACCACTACTCGG_046,86
GCGCGCCCACCACTACTCGG_047,67
AAGACAAGCGCTCTGTCAGA_001,141
AAGACAAGCGCTCTGTCAGA_002,61
AAGACAAGCGCTCTGTCAGA_003,151
AAGACAAGCGCTCTGTCAGA_004,169
AAGACAAGCGCTCTGTCAGA_005,1
AAGACAAGCGCTCTGTCAGA_006,20
AAGACAAGCGCTCTGTCAGA_007,116
AAGACAAGCGCTCTGTCAGA_008,37
AAGACAAGCGCTCTGTCAGA_009,102
AAGACAAGCGCTCTGTCAGA_010,56
AAGACAAGCGCTCTGTCAGA_011,157
GTACTGGGCTGAGAAACTGA_001,49
GTACTGGGCTGAGAAACTGA_002,162
GTACTGGGCTGAGAAACTGA_003,116
GTACTGGGCTGAGAAACTGA_004,199
GTACTGGGCTGAGAAACTGA_005,17
GTACTGGGCTGAGAAACTGA_006,130
GTACTGGGCTGAGAAACTGA_007,121
GTACTGGGCTGAGAAACTGA_008,22
GTACTGGGCTGAGAAACTGA_009,111
GTACTGGGCTGAGAAACTGA_010,121
GTACTGGGCTGAGAAACTGA_011,125
ACAACCAGTTAAAACATACG_001,12
ACAACCAGTTAAAACATACG_002,80
ACAACCAGTTAAAACATACG_003,112
ACAACCAGTTAAAACATACG_004,194
ACAACCAGTTAAAACATACG_005,83
ACAACCAGTTAAAACATACG_006,51
ACAACCAGTTAAAACATACG_007,62
ACAACCAGTTAAAACATACG_008,17
ACAACCAGTTAAAACATACG_009,114
TCTGCAGGTTTCCAAACTGA_001,170
TCTGCAGGTTTCCAAACTGA_002,115
TCTGCAGGTTTCCAAACTGA_003,33
CGGTGCCGACATCGACGCAG_001,58
CGGTGCCGACATCGACGCAG_002,63
CGGTGCCGACATCGACGCAG_003,184
CGGTGCCGACATCGACGCAG_004,114
CGGTGCCGACATCGACGCAG_005,119
CGGTGCCGACATCGACGCAG_006,80
CGGTGCCGACATCGACGCAG_007,97
CGGTGCCGACATCGACGCAG_008,156
CGGTGCCGACATCGACGCAG_009,58
CGGTGCCGACATCGACGCAG_010,22
CGGTGCCGACATCGACGCAG_011,22
CGGTGCCGACATCGACGCAG_012,75
CGGTGCCGACATCGACGCAG_013,148
CGGTGCCGACATCGACGCAG_014,168
CGGTGCCGACATCGACGCAG_015,70
CGGTGCCGACATCGACGCAG_016,26
CGGTGCCGACATCGACGCAG_017,44
CGGTGCCGACATCGACGCAG_018,130
CGGTGCCGACATCGACGCAG_019,184
CGGTGCCGACATCGACGCAG_020,132
CGGTGCCGACATCGACGCAG_021,48
CGGTGCCGACATCGACGCAG_022,182
CGGTGCCGACATCGACGCAG_023,9
CGGTGCCGACATCGACGCAG_024,91
CGGTGCCGACATCGACGCAG_025,96
CGGTGCCGACATCGACGCAG_026,199
CGGTGCCGACATCGACGCAG_027,107
CGGTGCCGACATCGACGCAG_028,175
CGGTGCCGACATCGACGCAG_029,62
CGGTGCCGACATCGACGCAG_030,173
CGGTGCCGACATCGACGCAG_031,185
CGGTGCCGACATCGACGCAG_032,113
CGGTGCCGACATCGACGCAG_033,105
CGGTGCCGACATCGACGCAG_034,79
CGGTGCCGACATCGACGCAG_035,191
CGGTGCCGACATCGACGCAG_036,1
CTTACCAGCTGGGAGACTCC_001,19
CTTACCAGCTGGGAGACTCC_002,118
CTTACCAGCTGGGAGACTCC_003,69
CTTACCAGCTGGGAGACTCC_004,10
CTTACCAGCTGGGAGACTCC_005,144
ACCCTGTATCGACCGGAGCA_001,8
ACCCTGTATCGACCGGAGCA_002,72
ACCCTGTATCGACCGGAGCA_003,150
ACCCTGTATCGACCGGAGCA_004,109
ACCCTGTATCGACCGGAGCA_005,168
ACCCTGTATCGACCGGAGCA_006,148
CACATACTTGAAGACGCCGT_001,70
CACATACTTGAAGACGCCGT_002,100
CACATACTTGAAGACGCCGT_003,60
CACATACTTGAAGACGCCGT_004,51
CACATACTTGAAGACGCCGT_005,53
CACATACTTGAAGACGCCGT_006,98
CACATACTTGAAGACGCCGT_007,60
CACATACTTGAAGACGCCGT_008,75
CACATACTTGAAGACGCCGT_009,83
CACATACTTGAAGACGCCGT_010,116
GCGCATGATCGGCTATAGAG_001,171
GCGCATGATCGGCTATAGAG_002,198
GCGCATGATCGGCTATAGAG_003,96
GCGCATGATCGGCTATAGAG_004,177
GCGCATGATCGGCTATAGAG_005,1
GCGCATGATCGGCTATAGAG_006,147
GCGCATGATCGGCTATAGAG_007,199
GCGCATGATCGGCTATAGAG_008,160
GCGCATGATCGGCTATAGAG_009,78
GCGCATGATCGGCTATAGAG_010,98
GCGCATGATCGGCTATAGAG_011,42
GCGCATGATCGGCTATAGAG_012,147
ACTTACCAAAGCGTTACTGC_001,80
ACTTACCAAAGCGTTACTGC_002,36
ACTTACCAAAGCGTTACTGC_003,125
ACTTACCAAAGCGTTACTGC_004,80
ACTTACCAAAGCGTTACTGC_005,50
ACTTACCAAAGCGTTACTGC_006,161
ACTTACCAAAGCGTTACTGC_007,74
ACTTACCAAAGCGTTACTGC_008,117
ACTTACCAAAGCGTTACTGC_009,133
ACTTACCAAAGCGTTACTGC_010,186
ACTTACCAAAGCGTTACTGC_011,15
ACTTACCAAAGCGTTACTGC_012,149
ACTTACCAAAGCGTTACTGC_013,150
ACTTACCAAAGCGTTACTGC_014,134
ACTTACCAAAGCGTTACTGC_015,40
ACTTACCAAAGCGTTACTGC_016,122
ACTTACCAAAGCGTTACTGC_017,163
ACTTACCAAAGCGTTACTGC_018,162
ACTTACCAAAGCGTTACTGC_019,165
ACTTACCAAAGCGTTACTGC_020,168
AGATGAGAGAGAACCGCTCA_001,127
AGATGAGAGAGAACCGCTCA_002,20
AGATGAGAGAGAACCGCTCA_003,134
AGATGAGAGAGAACCGCTCA_004,149
AGATGAGAGAGAACCGCTCA_005,168
AGATGAGAGAGAACCGCTCA_006,61
AGATGAGAGAGAACCGCTCA_007,60
AGATGAGAGAGAACCGCTCA_008,134
CTCTGACGTACCATTCGGAG_001,101
CTCTGACGTACCATTCGGAG_002,188
CTCTGACGTACCATTCGGAG_003,103
CTCTGACGTACCATTCGGAG_004,187
CTCTGACGTACCATTCGGAG_005,114
CTCTGACGTACCATTCGGAG_006,184
CAGCGACGGGAACCGGCGAA_001,49
CAGCGACGGGAACCGGCGAA_002,73
CAGCGACGGGAACCGGCGAA_003,50
CAGCGACGGGAACCGGCGAA_004,194
CAGCGACGGGAACCGGCGAA_005,75
CAGCGACGGGAACCGGCGAA_006,51
CAGCGACGGGAACCGGCGAA_007,166
GATGTCCTCGAAAAGTACAG_001,177
GATGTCCTCGAAAAGTACAG_002,134
GATGTCCTCGAAAAGTACAG_003,175
GATGTCCTCGAAAAGTACAG_004,189
GATGTCCTCGAAAAGTACAG_005,68
GATGTCCTCGAAAAGTACAG_006,52
GATGTCCTCGAAAAGTACAG_007,39
GATGTCCTCGAAAAGTACAG_008,0
GATGTCCTCGAAAAGTACAG_009,27
AAAATGCAGATCACATCCTG_001,11
AAAATGCAGATCACATCCTG_002,84
AAAATGCAGATCACATCCTG_003,119
AAAATGCAGATCACATCCTG_004,2
AAAATGCAGATCACATCCTG_005,94
AAAATGCAGATCACATCCTG_006,19
AAAATGCAGATCACATCCTG_007,188
AAAATGCAGATCACATCCTG_008,101
AAAATGCAGATCACATCCTG_009,122
AAAATGCAGATCACATCCTG_010,57
AAAATGCAGATCACATCCTG_011,177
AAAATGCAGATCACATCCTG_012,138
AAAATGCAGATCACATCCTG_013,83
AAAATGCAGATCACATCCTG_014,12
CCTACGGTTTCCGCAACTGG_001,199
GCAGCTGTAGTCAGGCATCG_001,120
GCAGCTGTAGTCAGGCATCG_002,10
GCAGCTGTAGTCAGGCATCG_003,20
GCAGCTGTAGTCAGGCATCG_004,37
GCAGCTGTAGTCAGGCATCG_005,182
GCAGCTGTAGTCAGGCATCG_006,150
GCAGCTGTAGTCAGGCATCG_007,185
GCAGCTGTAGTCAGGCATCG_008,94
GCAGCTGTAGTCAGGCATCG_009,109
CAGGAGAAGTCTCTGATGCG_001,8
CCAGGCGGGTGCCGAAATGG_001,132
CCAGGCGGGTGCCGAAATGG_002,24
CCAGGCGGGTGCCGAAATGG_003,184
CCAGGCGGGTGCCGAAATGG_004,50
CCAGGCGGGTGCCGAAATGG_005,94
CCAGGCGGGTGCCGAAATGG_006,169
CCAGGCGGGTGCCGAAATGG_007,160
CCAGGCGGGTGCCGAAATGG_008,157
GGGACTGTGCTACTTACCGG_001,160
GGGACTGTGCTACTTACCGG_002,41
GGGACTGTGCTACTTACCGG_003,19
GGGACTGTGCTACTTACCGG_004,190
GGGACTGTGCTACTTACCGG_005,63
TCGCCTGGGTCCACGAACAC_001,73
TCGCCTGGGTCCACGAACAC_002,148
TCGCCTGGGTCCACGAACAC_003,175
TCGCCTGGGTCCACGAACAC_004,161
TCGCCTGGGTCCACGAACAC_005,110
TCGCCTGGGTCCACGAACAC_006,55
TCGCCTGGGTCCACGAACAC_007,137
TCGCCTGGGTCCACGAACAC_008,150
TCGCCTGGGTCCACGAACAC_009,149
TCGCCTGGGTCCACGAACAC_010,14
TCGCCTGGGTCCACGAACAC_011,63
TCGCCTGGGTCCACGAACAC_012,42
TCGCCTGGGTCCACGAACAC_013,163
TCGCCTGGGTCCACGAACAC_014,63
TCGCCTGGGTCCACGAACAC_015,115
TCGCCTGGGTCCACGAACAC_016,137
TCGCCTGGGTCCACGAACAC_017,19
TCGCCTGGGTCCACGAACAC_018,69
TCGCCTGGGTCCACGAACAC_019,148
CCGATCGCACACATTTGTCG_001,7
CCGATCGCACACATTTGTCG_002,98
CCGATCGCACACATTTGTCG_003,155
CCGATCGCACACATTTGTCG_004,101
CCGATCGCACACATTTGTCG_005,57
CCGATCGCACACATTTGTCG_006,55
GTTACAACTGAAGAGCTCGG_001,185
GTTACAACTGAAGAGCTCGG_002,198
GTTACAACTGAAGAGCTCGG_003,182
GTTACAACTGAAGAGCTCGG_004,97
GTTACAACTGAAGAGCTCGG_005,105
GTTACAACTGAAGAGCTCGG_006,65
GTTACAACTGAAGAGCTCGG_007,144
GTTACAACTGAAGAGCTCGG_008,147
GTTACAACTGAAGAGCTCGG_009,174
GTTACAACTGAAGAGCTCGG_010,167
GTTACAACTGAAGAGCTCGG_011,10
GTTACAACTGAAGAGCTCGG_012,27
GTTACAACTGAAGAGCTCGG_013,172
GTTACAACTGAAGAGCTCGG_014,80
GTTACAACTGAAGAGCTCGG_015,43
ATCGTTGCTGACGTTCCGTG_001,82
ATCGTTGCTGACGTTCCGTG_002,154
ATCGTTGCTGACGTTCCGTG_003,121
ATCGTTGCTGACGTTCCGTG_004,17
ATCGTTGCTGACGTTCCGTG_005,191
ATCGTTGCTGACGTTCCGTG_006,88
ATCGTTGCTGACGTTCCGTG_007,169
ATCGTTGCTGACGTTCCGTG_008,184
ATCGTTGCTGACGTTCCGTG_009,129
ATCGTTGCTGACGTTCCGTG_010,6
ATCGTTGCTGACGTTCCGTG_011,19
ATCGTTGCTGACGTTCCGTG_012,199
ATCGTTGCTGACGTTCCGTG_013,158
ATCGTTGCTGACGTTCCGTG_014,13
ATCGTTGCTGACGTTCCGTG_015,73
GCCACGTTCCTCGCATTCTG_001,117
GCCACGTTCCTCGCATTCTG_002,58
GCCACGTTCCTCGCATTCTG_003,38
GCCACGTTCCTCGCATTCTG_004,52
GCCACGTTCCTCGCATTCTG_005,42
GCCACGTTCCTCGCATTCTG_006,69
GCCACGTTCCTCGCATTCTG_007,2
GCCACGTTCCTCGCATTCTG_008,162
GCCACGTTCCTCGCATTCTG_009,181
GCCACGTTCCTCGCATTCTG_010,108
GCCACGTTCCTCGCATTCTG_011,104
TGACTAGGGTCCAACCAGGT_001,20
TGACTAGGGTCCAACCAGGT_002,141
TGACTAGGGTCCAACCAGGT_003,77
TGACTAGGGTCCAACCAGGT_004,151
TGACTAGGGTCCAACCAGGT_005,88
TGACTAGGGTCCAACCAGGT_006,103
ATGCTAAAATCAAACGAGAG_001,159
ATGCTAAAATCAAACGAGAG_002,28
ATGCTAAAATCAAACGAGAG_003,3
ATGCTAAAATCAAACGAGAG_004,130
ATGCTAAAATCAAACGAGAG_005,80
GAAGAAGAGCTCGAACTCGG_001,114
GAAGAAGAGCTCGAACTCGG_002,48
GAAGAAGAGCTCGAACTCGG_003,113
GAAGAAGAGCTCGAACTCGG_004,137
GAAGAAGAGCTCGAACTCGG_005,2
GAGGCCAGAGAGACCAATGG_001,138
GAGGCCAGAGAGACCAATGG_002,144
GAGGCCAGAGAGACCAATGG_003,124
GAGGCCAGAGAGACCAATGG_004,175
GAGGCCAGAGAGACCAATGG_005,34
GAGGCCAGAGAGACCAATGG_006,34
GAGGCCAGAGAGACCAATGG_007,114
GAGGCCAGAGAGACCAATGG_008,148
GAGGCCAGAGAGACCAATGG_009,185
GAGGCCAGAGAGACCAATGG_010,115
GAGGCCAGAGAGACCAATGG_011,98
GAGGCCAGAGAGACCAATGG_012,193
GAGGCCAGAGAGACCAATGG_013,117
GAGGCCAGAGAGACCAATGG_014,75
GAGGCCAGAGAGACCAATGG_015,173
GAGGCCAGAGAGACCAATGG_016,147
GAGGCCAGAGAGACCAATGG_017,185
GAGGCCAGAGAGACCAATGG_018,25
GAGGCCAGAGAGACCAATGG_019,13
GAGGCCAGAGAGACCAATGG_020,128
GAGGCCAGAGAGACCAATGG_021,190
GAGGCCAGAGAGACCAATGG_022,106
GCAGGTCGTGTTTCGACACG_001,119
GCAGGTCGTGTTTCGACACG_002,180
GCAGGTCGTGTTTCGACACG_003,199
GCAGGTCGTGTTTCGACACG_004,146
GCAGGTCGTGTTTCGACACG_005,0
GCAGGTCGTGTTTCGACACG_006,160
GCCATAGCATAGATTACACG_001,25
GCCATAGCATAGATTACACG_002,17
GCCATAGCATAGATTACACG_003,130
GCTCCTTCTCCCGCTCCACG_001,188
GCTCCTTCTCCCGCTCCACG_002,49
GCTCCTTCTCCCGCTCCACG_003,134
GCACGCTGTACAGACGACAA_001,95
GCACGCTGTACAGACGACAA_002,17
GCACGCTGTACAGACGACAA_003,158
GCACGCTGTACAGACGACAA_004,142
GCACGCTGTACAGACGACAA_005,23
GCACGCTGTACAGACGACAA_006,72
GCACGCTGTACAGACGACAA_007,30
GCACGCTGTACAGACGACAA_008,30
GCACGCTGTACAGACGACAA_009,115
GCACGCTGTACAGACGACAA_010,48
GCACGCTGTACAGACGACAA_011,27
GCACGCTGTACAGACGACAA_012,141
GCACGCTGTACAGACGACAA_013,177
GCACGCTGTACAGACGACAA_014,74
GCACGCTGTACAGACGACAA_015,48
GCACGCTGTACAGACGACAA_016,88
GCACGCTGTACAGACGACAA_017,20
GCACGCTGTACAGACGACAA_018,40
GCACGCTGTACAGACGACAA_019,147
GCACGCTGTACAGACGACAA_020,50
GCACGCTGTACAGACGACAA_021,78
GCACGCTGTACAGACGACAA_022,60
GCACGCTGTACAGACGACAA_023,188
GCACGCTGTACAGACGACAA_024,169
GCACGCTGTACAGACGACAA_025,19
GCACGCTGTACAGACGACAA_026,94
GCACGCTGTACAGACGACAA_027,16
GCACGCTGTACAGACGACAA_028,145
GCACGCTGTACAGACGACAA_029,145
GCACGCTGTACAGACGACAA_030,161
GCACGCTGTACAGACGACAA_031,125
GCACGCTGTACAGACGACAA_032,69
GCACGCTGTACAGACGACAA_033,0
GCACGCTGTACAGACGACAA_034,94
GCACGCTGTACAGACGACAA_035,170
ACCGCTCATATAGGTAAAAA_001,109
ACCGCTCATATAGGTAAAAA_002,57
ACCGCTCATATAGGTAAAAA_003,138
ACCGCTCATATAGGTAAAAA_004,160
ACCGCTCATATAGGTAAAAA_005,81
CAAACCCAGGTAAACCCACG_001,23
CAAACCCAGGTAAACCCACG_002,39
CAAACCCAGGTAAACCCACG_003,52
GGCACTGGCACAACTACCTG_001,152
GGCACTGGCACAACTACCTG_002,70
GGCACTGGCACAACTACCTG_003,184
GTTTGAATTCCGTCGGACAG_001,68
GTTTGAATTCCGTCGGACAG_002,47
GTTTGAATTCCGTCGGACAG_003,103
GTTTGAATTCCGTCGGACAG_004,14
CAGACGTGAAGAGCGACACC_001,138
CAGACGTGAAGAGCGACACC_002,27
CAGACGTGAAGAGCGACACC_003,12
CAGACGTGAAGAGCGACACC_004,4
CAGACGTGAAGAGCGACACC_005,127
CAGACGTGAAGAGCGACACC_006,167
CAGACGTGAAGAGCGACACC_007,106
CAGACGTGAAGAGCGACACC_008,44
CAGACGTGAAGAGCGACACC_009,29
CAGACGTGAAGAGCGACACC_010,138
CAGACGTGAAGAGCGACACC_011,78
CCAACATCGAGGTCATCGGC_001,50
CCAACATCGAGGTCATCGGC_002,140
CCAACATCGAGGTCATCGGC_003,172
CCAACATCGAGGTCATCGGC_004,60
CCAACATCGAGGTCATCGGC_005,149
CCAACATCGAGGTCATCGGC_006,191
CCAACATCGAGGTCATCGGC_007,191
CCAACATCGAGGTCATCGGC_008,127
CCAACATCGAGGTCATCGGC_009,195
CCAACATCGAGGTCATCGGC_010,34
CCAACATCGAGGTCATCGGC_011,149
CCAACATCGAGGTCATCGGC_012,78
CCAACATCGAGGTCATCGGC_013,15
CCAACATCGAGGTCATCGGC_014,165
CCAACATCGAGGTCATCGGC_015,184
CCAACATCGAGGTCATCGGC_016,119
CCAACATCGAGGTCATCGGC_017,109
CCAACATCGAGGTCATCGGC_018,127
CCAACATCGAGGTCATCGGC_019,52
CCAACATCGAGGTCATCGGC_020,102
CCAACATCGAGGTCATCGGC_021,147
CCAACATCGAGGTCATCGGC_022,19
CCAACATCGAGGTCATCGGC_023,55
CTTACCGGAAGGTGACTAAG_001,172
CTTACCGGAAGGTGACTAAG_002,144
CTTACCGGAAGGTGACTAAG_003,65
CTTACCGGAAGGTGACTAAG_004,82
CTTACCGGAAGGTGACTAAG_005,156
CTTACCGGAAGGTGACTAAG_006,177
CTTACCGGAAGGTGACTAAG_007,97
CTTACCGGAAGGTGACTAAG_008,115
AGATAAGTGACTTGCTTCGG_001,127
TGTCCTCACCCACTGACACG_001,98
TGTCCTCACCCACTGACACG_002,135
TGTCCTCACCCACTGACACG_003,48
TGTCCTCACCCACTGACACG_004,102
TGTCCTCACCCACTGACACG_005,91
TGTCCTCACCCACTGACACG_006,197
TGTCCTCACCCACTGACACG_007,192
TGTCCTCACCCACTGACACG_008,125
TGTCCTCACCCACTGACACG_009,4
TGTCCTCACCCACTGACACG_010,176
TGTCCTCACCCACTGACACG_011,131
TGTCCTCACCCACTGACACG_012,62
TGTCCTCACCCACTGACACG_013,63
TGTCCTCACCCACTGACACG_014,34
AAGACGTTGTAAGAGGCACA_001,48
AAGACGTTGTAAGAGGCACA_002,41
AAGACGTTGTAAGAGGCACA_003,43
AAGACGTTGTAAGAGGCACA_004,166
AAGACGTTGTAAGAGGCACA_005,7
AAGACGTTGTAAGAGGCACA_006,162
AAGACGTTGTAAGAGGCACA_007,91
AAGACGTTGTAAGAGGCACA_008,72
AAGACGTTGTAAGAGGCACA_009,171
AAGACGTTGTAAGAGGCACA_010,103
AAGACGTTGTAAGAGGCACA_011,188
AAGACGTTGTAAGAGGCACA_012,172
AAGACGTTGTAAGAGGCACA_013,182
AAGACGTTGTAAGAGGCACA_014,19
GCGCGTCAAGCGCGACAAGG_001,116
GCGCGTCAAGCGCGACAAGG_002,18
GCGCGTCAAGCGCGACAAGG_003,198
GCGCGTCAAGCGCGACAAGG_004,9
GCGCGTCAAGCGCGACAAGG_005,83
GCGCGTCAAGCGCGACAAGG_006,91
GCGCGTCAAGCGCGACAAGG_007,40
GCGCGTCAAGCGCGACAAGG_008,146
GCGCGTCAAGCGCGACAAGG_009,78
GCGCGTCAAGCGCGACAAGG_010,34
GCGCGTCAAGCGCGACAAGG_011,104
GCGCGTCAAGCGCGACAAGG_012,90
GCGCGTCAAGCGCGACAAGG_013,136
CATCCAGCCAAAGAGGTCGA_001,106
CATCCAGCCAAAGAGGTCGA_002,169
CATCCAGCCAAAGAGGTCGA_003,41
CATCCAGCCAAAGAGGTCGA_004,166
CATCCAGCCAAAGAGGTCGA_005,166
CATCCAGCCAAAGAGGTCGA_006,88
CATCCAGCCAAAGAGGTCGA_007,9
CATCCAGCCAAAGAGGTCGA_008,1
CATCCAGCCAAAGAGGTCGA_009,85
CATCCAGCCAAAGAGGTCGA_010,45
CATCCAGCCAAAGAGGTCGA_011,29
CATCCAGCCAAAGAGGTCGA_012,10
CATCCAGCCAAAGAGGTCGA_013,147
CATCCAGCCAAAGAGGTCGA_014,137
CATCCAGCCAAAGAGGTCGA_015,137
CATCCAGCCAAAGAGGTCGA_016,48
TGAAAGAAGGCAAAACCTTG_001,194
TGAAAGAAGGCAAAACCTTG_002,125
TGATACAGCTGGGCTCAGCG_001,10
TGATACAGCTGGGCTCAGCG_002,159
TGATACAGCTGGGCTCAGCG_003,16
TGATACAGCTGGGCTCAGCG_004,70
TGATACAGCTGGGCTCAGCG_005,158
TGATACAGCTGGGCTCAGCG_006,153
TGATACAGCTGGGCTCAGCG_007,111
TGATACAGCTGGGCTCAGCG_008,83
TGATACAGCTGGGCTCAGCG_009,68
TGATACAGCTGGGCTCAGCG_010,115
TGATACAGCTGGGCTCAGCG_011,134
TGATACAGCTGGGCTCAGCG_012,4
TGATACAGCTGGGCTCAGCG_013,105
TGATACAGCTGGGCTCAGCG_014,62
TGATACAGCTGGGCTCAGCG_015,181
TGATACAGCTGGGCTCAGCG_016,115
TGATACAGCTGGGCTCAGCG_017,12
TGATACAGCTGGGCTCAGCG_018,141
TGATACAGCTGGGCTCAGCG_019,67
TGATACAGCTGGGCTCAGCG_020,67
TGATACAGCTGGGCTCAGCG_021,160
TGATACAGCTGGGCTCAGCG_022,58
TGATACAGCTGGGCTCAGCG_023,84
TGATACAGCTGGGCTCAGCG_024,120
TGATACAGCTGGGCTCAGCG_025,184
TGATACAGCTGGGCTCAGCG_026,47
TGATACAGCTGGGCTCAGCG_027,134
TGATACAGCTGGGCTCAGCG_028,8
TGATACAGCTGGGCTCAGCG_029,32
TGATACAGCTGGGCTCAGCG_030,105
TGATACAGCTGGGCTCAGCG_031,189
TGATACAGCTGGGCTCAGCG_032,147
TGATACAGCTGGGCTCAGCG_033,180
TGATACAGCTGGGCTCAGCG_034,65
TGATACAGCTGGGCTCAGCG_035,94
TGATACAGCTGGGCTCAGCG_036,10
TGATACAGCTGGGCTCAGCG_037,106
TGATACAGCTGGGCTCAGCG_038,126
TGATACAGCTGGGCTCAGCG_039,74
TGATACAGCTGGGCTCAGCG_040,76
TGATACAGCTGGGCTCAGCG_041,104
AGAGACTTGTGAAACTTAGT_001,170
CTCACATCCATGAACTGGAC_001,135
CTCACATCCATGAACTGGAC_002,47
CTCACATCCATGAACTGGAC_003,21
CTCACATCCATGAACTGGAC_004,48
CTCACATCCATGAACTGGAC_005,88
CTCACATCCATGAACTGGAC_006,58
CTCACATCCATGAACTGGAC_007,134
CTCACATCCATGAACTGGAC_008,174
CTCACATCCATGAACTGGAC_009,81
CTCACATCCATGAACTGGAC_010,172
CTCACATCCATGAACTGGAC_011,178
CTCACATCCATGAACTGGAC_012,178
CTCACATCCATGAACTGGAC_013,61
CTCACATCCATGAACTGGAC_014,102
AGTGTTCTTCAGCAGACACG_001,68
AGTGTTCTTCAGCAGACACG_002,181
AGTGTTCTTCAGCAGACACG_003,152
AGTGTTCTTCAGCAGACACG_004,13
CAAGTCGTACCGCGAGAACG_001,64
CAAGTCGTACCGCGAGAACG_002,142
CAAGTCGTACCGCGAGAACG_003,132
CAAGTCGTACCGCGAGAACG_004,68
CAAGTCGTACCGCGAGAACG_005,19
CAAGTCGTACCGCGAGAACG_006,175
CAAGTCGTACCGCGAGAACG_007,114
AGGAAACTGCCAGTCCAGAT_001,0
AGGAAACTGCCAGTCCAGAT_002,69
AGGAAACTGCCAGTCCAGAT_003,190
AGGAAACTGCCAGTCCAGAT_004,150
AGGAAACTGCCAGTCCAGAT_005,55
AGGAAACTGCCAGTCCAGAT_006,29
AGGAAACTGCCAGTCCAGAT_007,106
AGGAAACTGCCAGTCCAGAT_008,13
AGGAAACTGCCAGTCCAGAT_009,6
AGGAAACTGCCAGTCCAGAT_010,36
AGGAAACTGCCAGTCCAGAT_011,188
AGGAAACTGCCAGTCCAGAT_012,174
AGGAAACTGCCAGTCCAGAT_013,12
AGGAAACTGCCAGTCCAGAT_014,76
AGGAAACTGCCAGTCCAGAT_015,28
AGGAAACTGCCAGTCCAGAT_016,188
AGGAAACTGCCAGTCCAGAT_017,191
GTGTGGGAGTGGGAGAACGA_001,181
GTGTGGGAGTGGGAGAACGA_002,195
GTGTGGGAGTGGGAGAACGA_003,28
GTGTGGGAGTGGGAGAACGA_004,120
GTGTGGGAGTGGGAGAACGA_005,169
GTGTGGGAGTGGGAGAACGA_006,49
GTGTGGGAGTGGGAGAACGA_007,41
GTGTGGGAGTGGGAGAACGA_008,185
GTGTGGGAGTGGGAGAACGA_009,141
GTGTGGGAGTGGGAGAACGA_010,193
GTGTGGGAGTGGGAGAACGA_011,63
CTCGCCCTACCGGGAACTGG_001,27
CTCGCCCTACCGGGAACTGG_002,82
CTCGCCCTACCGGGAACTGG_003,124
CTCGCCCTACCGGGAACTGG_004,113
CCCCGCTTCGAGCAGCCTCG_001,160
CCCCGCTTCGAGCAGCCTCG_002,164
CCCCGCTTCGAGCAGCCTCG_003,164
CCCCGCTTCGAGCAGCCTCG_004,164
CCCCGCTTCGAGCAGCCTCG_005,168
CCCCGCTTCGAGCAGCCTCG_006,49
CCCCGCTTCGAGCAGCCTCG_007,137
CCCCGCTTCGAGCAGCCTCG_008,35
CCCCGCTTCGAGCAGCCTCG_009,107
CCCCGCTTCGAGCAGCCTCG_010,16
CCCCGCTTCGAGCAGCCTCG_011,33
CCCCGCTTCGAGCAGCCTCG_012,144
CCCCGCTTCGAGCAGCCTCG_013,12
CCCCGCTTCGAGCAGCCTCG_014,69
CCCCGCTTCGAGCAGCCTCG_015,145
CCCCGCTTCGAGCAGCCTCG_016,100
CCCCGCTTCGAGCAGCCTCG_017,166
CCCCGCTTCGAGCAGCCTCG_018,127
CCCCGCTTCGAGCAGCCTCG_019,140
CCCCGCTTCGAGCAGCCTCG_020,41
CCCCGCTTCGAGCAGCCTCG_021,77
GGTAACTCTTTCACTTTGCG_001,58
GGTAACTCTTTCACTTTGCG_002,23
GGTAACTCTTTCACTTTGCG_003,23
GGTAACTCTTTCACTTTGCG_004,160
GGTAACTCTTTCACTTTGCG_005,127
GGTAACTCTTTCACTTTGCG_006,35
GGTAACTCTTTCACTTTGCG_007,107
GGTAACTCTTTCACTTTGCG_008,82
GGTAACTCTTTCACTTTGCG_009,52
GGTAACTCTTTCACTTTGCG_010,18
GGTAACTCTTTCACTTTGCG_011,184
GGTAACTCTTTCACTTTGCG_012,21
GGTAACTCTTTCACTTTGCG_013,33
GGTAACTCTTTCACTTTGCG_014,13
GGTAACTCTTTCACTTTGCG_015,91
GGTAACTCTTTCACTTTGCG_016,150
GGTAACTCTTTCACTTTGCG_017,40
TGGTGCTGACCCCAAGCAGT_001,199
TGGTGCTGACCCCAAGCAGT_002,19
TGGTGCTGACCCCAAGCAGT_003,37
TGGTGCTGACCCCAAGCAGT_004,40
TGGTGCTGACCCCAAGCAGT_005,193
TGGTGCTGACCCCAAGCAGT_006,11
TGGTGCTGACCCCAAGCAGT_007,194
TGGTGCTGACCCCAAGCAGT_008,139
TGGTGCTGACCCCAAGCAGT_009,11
TGGTGCTGACCCCAAGCAGT_010,41
TGGTGCTGACCCCAAGCAGT_011,40
TGGTGCTGACCCCAAGCAGT_012,76
TGGTGCTGACCCCAAGCAGT_013,191
TGGTGCTGACCCCAAGCAGT_014,194
TGGTGCTGACCCCAAGCAGT_015,12
TGGTGCTGACCCCAAGCAGT_016,77
TGGTGCTGACCCCAAGCAGT_017,117
TGGTGCTGACCCCAAGCAGT_018,49
TGGTGCTGACCCCAAGCAGT_019,69
TGGTGCTGACCCCAAGCAGT_020,102
AGCTGGATCCGGCTTCCGGA_001,188
AGCTGGATCCGGCTTCCGGA_002,16
AGCTGGATCCGGCTTCCGGA_003,49
AGCTGGATCCGGCTTCCGGA_004,121
AGCTGGATCCGGCTTCCGGA_005,151
AGCTGGATCCGGCTTCCGGA_006,113
AGCTGGATCCGGCTTCCGGA_007,128
AGCTGGATCCGGCTTCCGGA_008,85
AGCTGGATCCGGCTTCCGGA_009,15
AGCTGGATCCGGCTTCCGGA_010,34
AGCTGGATCCGGCTTCCGGA_011,43
AGCTGGATCCGGCTTCCGGA_012,23
AGCTGGATCCGGCTTCCGGA_013,53
AGCTGGATCCGGCTTCCGGA_014,144
AGCTGGATCCGGCTTCCGGA_015,108
AGCTGGATCCGGCTTCCGGA_016,145
AGCTGGATCCGGCTTCCGGA_017,94
AGCTGGATCCGGCTTCCGGA_018,11
AGCTGGATCCGGCTTCCGGA_019,85
AGCTGGATCCGGCTTCCGGA_020,166
AGCTGGATCCGGCTTCCGGA_021,76
AGCTGGATCCGGCTTCCGGA_022,78
AGCTGGATCCGGCTTCCGGA_023,13
AGCTGGATCCGGCTTCCGGA_024,148
AGCTGGATCCGGCTTCCGGA_025,170
AGCTGGATCCGGCTTCCGGA_026,70
AGCTGGATCCGGCTTCCGGA_027,118
AGCTGGATCCGGCTTCCGGA_028,107
AGCTGGATCCGGCTTCCGGA_029,6
AGCTGGATCCGGCTTCCGGA_030,178
AGCTGGATCCGGCTTCCGGA_031,148
ATTGCATCATCAGCAGATGG_001,21
ATTGCATCATCAGCAGATGG_002,91
GTGCTGGACACGGTTTCAGA_001,2
GTGCTGGACACGGTTTCAGA_002,151
GTGCTGGACACGGTTTCAGA_003,165
GTGCTGGACACGGTTTCAGA_004,56
GTGCTGGACACGGTTTCAGA_005,145
GTGCTGGACACGGTTTCAGA_006,191
GTGCTGGACACGGTTTCAGA_007,107
GTGCTGGACACGGTTTCAGA_008,51
GTCTGCGTACCACGGCTGCG_001,28
GTCTGCGTACCACGGCTGCG_002,56
GTCTGCGTACCACGGCTGCG_003,53
GTCTGCGTACCACGGCTGCG_004,48
GTCTGCGTACCACGGCTGCG_005,147
GTCTGCGTACCACGGCTGCG_006,148
GTCTGCGTACCACGGCTGCG_007,77
GTCTGCGTACCACGGCTGCG_008,34
GTCTGCGTACCACGGCTGCG_009,34
TGCTGAGGTGGGCAGGACTG_001,35
TGCTGAGGTGGGCAGGACTG_002,8
TGCTGAGGTGGGCAGGACTG_003,70
TGCTGAGGTGGGCAGGACTG_004,127
TGCTGAGGTGGGCAGGACTG_005,0
TGCTGAGGTGGGCAGGACTG_006,80
TGCTGAGGTGGGCAGGACTG_007,43
TGCTGAGGTGGGCAGGACTG_008,127
TGCTGAGGTGGGCAGGACTG_009,191
TGCTGAGGTGGGCAGGACTG_010,144
TGCTGAGGTGGGCAGGACTG_011,101
TGCTGAGGTGGGCAGGACTG_012,178
TGCTGAGGTGGGCAGGACTG_013,67
TGCTGAGGTGGGCAGGACTG_014,57
TGCTGAGGTGGGCAGGACTG_015,94
TGCTGAGGTGGGCAGGACTG_016,76
TGCTGAGGTGGGCAGGACTG_017,112
TGCTGAGGTGGGCAGGACTG_018,69
TGCTGAGGTGGGCAGGACTG_019,106
TGCTGAGGTGGGCAGGACTG_020,162
TGCTGAGGTGGGCAGGACTG_021,151
TGCTGAGGTGGGCAGGACTG_022,184
TGCTGAGGTGGGCAGGACTG_023,48
TGCTGAGGTGGGCAGGACTG_024,94
TGCTGAGGTGGGCAGGACTG_025,63
TGCTGAGGTGGGCAGGACTG_026,42
TGCTGAGGTGGGCAGGACTG_027,120
TGCTGAGGTGGGCAGGACTG_028,48
TGCTGAGGTGGGCAGGACTG_029,121
TGCTGAGGTGGGCAGGACTG_030,87
TGCTGAGGTGGGCAGGACTG_031,10
TGCTGAGGTGGGCAGGACTG_032,29
TGCTGAGGTGGGCAGGACTG_033,31
TGCTGAGGTGGGCAGGACTG_034,62
TGCTGAGGTGGGCAGGACTG_035,107
TGCTGAGGTGGGCAGGACTG_036,176
TACCCAGAGTAAACCAACTC_001,76
TACCCAGAGTAAACCAACTC_002,61
TACCCAGAGTAAACCAACTC_003,9
TACCCAGAGTAAACCAACTC_004,148
TACCCAGAGTAAACCAACTC_005,133
TACCCAGAGTAAACCAACTC_006,0
TACCCAGAGTAAACCAACTC_007,195
TACCCAGAGTAAACCAACTC_008,177
GTGACGCGAACACCTTGTTG_001,108
GTGACGCGAACACCTTGTTG_002,16
GTGACGCGAACACCTTGTTG_003,55
GTGACGCGAACACCTTGTTG_004,183
GTGACGCGAACACCTTGTTG_005,116
GTGACGCGAACACCTTGTTG_006,151
TCACAGAGGACTCCTACCCG_001,171
TCACAGAGGACTCCTACCCG_002,34
TCACAGAGGACTCCTACCCG_003,145
TCACAGAGGACTCCTACCCG_004,168
TCACAGAGGACTCCTACCCG_005,147
TCACAGAGGACTCCTACCCG_006,111
TCACAGAGGACTCCTACCCG_007,60
TCACAGAGGACTCCTACCCG_008,75
TCACAGAGGACTCCTACCCG_009,98
TCACAGAGGACTCCTACCCG_010,82
TCACAGAGGACTCCTACCCG_011,191
TCACAGAGGACTCCTACCCG_012,108
TCACAGAGGACTCCTACCCG_013,9
TCACAGAGGACTCCTACCCG_014,19
TCACAGAGGACTCCTACCCG_015,3
TCACAGAGGACTCCTACCCG_016,33
TCACAGAGGACTCCTACCCG_017,193
TCACAGAGGACTCCTACCCG_018,139
TTCACCACGCTCTCGGCCAG_001,45
TTCACCACGCTCTCGGCCAG_002,186
TTCACCACGCTCTCGGCCAG_003,48
TTCACCACGCTCTCGGCCAG_004,58
TTCACCACGCTCTCGGCCAG_005,81
CACAAGATGGTGGACAACCG_001,21
CACAAGATGGTGGACAACCG_002,129
CACAAGATGGTGGACAACCG_003,81
CACAAGATGGTGGACAACCG_004,5
CACAAGATGGTGGACAACCG_005,2
CACAAGATGGTGGACAACCG_006,120
CACAAGATGGTGGACAACCG_007,113
CACAAGATGGTGGACAACCG_008,77
CACAAGATGGTGGACAACCG_009,68
CACAAGATGGTGGACAACCG_010,5
CACAAGATGGTGGACAACCG_011,36
CACAAGATGGTGGACAACCG_012,63
AGGTTGGACGCTCAATATCG_001,170
CCGCTGCATCCGGAACCCAG_001,71
CCGCTGCATCCGGAACCCAG_002,195
CCGCTGCATCCGGAACCCAG_003,65
CCGCTGCATCCGGAACCCAG_004,130
CCGCTGCATCCGGAACCCAG_005,85
CCGCTGCATCCGGAACCCAG_006,182
CCGCTGCATCCGGAACCCAG_007,53
CCGCTGCATCCGGAACCCAG_008,121
CCGCTGCATCCGGAACCCAG_009,75
CCGCTGCATCCGGAACCCAG_010,82
CCGCTGCATCCGGAACCCAG_011,37
CCGCTGCATCCGGAACCCAG_012,40
CCGCTGCATCCGGAACCCAG_013,61
CTGGGGCTACGCCACCCGAG_001,16
CTGGGGCTACGCCACCCGAG_002,9
CTGGGGCTACGCCACCCGAG_003,37
CCGCTGTCTCACTAATCTCA_001,176
CCGCTGTCTCACTAATCTCA_002,24
CCGCTGTCTCACTAATCTCA_003,134
CCGCTGTCTCACTAATCTCA_004,2
CCGCTGTCTCACTAATCTCA_005,70
CCGCTGTCTCACTAATCTCA_006,192
CCGCTGTCTCACTAATCTCA_007,199
CTGTGATATACAGACCCTCG_001,101
CACAGTTCCAGACAGAACTC_001,32
CACAGTTCCAGACAGAACTC_002,116
CACAGTTCCAGACAGAACTC_003,188
TCGGGTCAGTCACGTCAGCA_001,72
TCGGGTCAGTCACGTCAGCA_002,22
TCGGGTCAGTCACGTCAGCA_003,9
TCGGGTCAGTCACGTCAGCA_004,2
TCGGGTCAGTCACGTCAGCA_005,85
TCGGGTCAGTCACGTCAGCA_006,3
TCGGGTCAGTCACGTCAGCA_007,173
AGATGACCACAAGTGAAAGG_001,50
AGATGACCACAAGTGAAAGG_002,7
AGATGACCACAAGTGAAAGG_003,146
AGATGACCACAAGTGAAAGG_004,5
AGATGACCACAAGTGAAAGG_005,65
AGATGACCACAAGTGAAAGG_006,33
AGATGACCACAAGTGAAAGG_007,176
AGATGACCACAAGTGAAAGG_008,0
AGATGACCACAAGTGAAAGG_009,113
CTGTTTGCGGATAGGATAGG_001,52
CTGTTTGCGGATAGGATAGG_002,2
CTGTTTGCGGATAGGATAGG_003,29
ATCGAAATTCTGGATTGACC_001,113
ATCGAAATTCTGGATTGACC_002,186
AAGGTGGGATAACTGGCTAA_001,198
AAGGTGGGATAACTGGCTAA_002,105
AAGGTGGGATAACTGGCTAA_003,80
ATTACAGGGAGGCTAAGCGG_001,76
ATTACAGGGAGGCTAAGCGG_002,147
ATTACAGGGAGGCTAAGCGG_003,105
ATTACAGGGAGGCTAAGCGG_004,149
ATTACAGGGAGGCTAAGCGG_005,24
ATTACAGGGAGGCTAAGCGG_006,62
ATTACAGGGAGGCTAAGCGG_007,177
ATTACAGGGAGGCTAAGCGG_008,30
ATTACAGGGAGGCTAAGCGG_009,127
ATTACAGGGAGGCTAAGCGG_010,42
ATTACAGGGAGGCTAAGCGG_011,66
ATTACAGGGAGGCTAAGCGG_012,162
ATTACAGGGAGGCTAAGCGG_013,78
ATTACAGGGAGGCTAAGCGG_014,66
ATTACAGGGAGGCTAAGCGG_015,5
ATTACAGGGAGGCTAAGCGG_016,63
ATTACAGGGAGGCTAAGCGG_017,167
ATTACAGGGAGGCTAAGCGG_018,167
ATTACAGGGAGGCTAAGCGG_019,0
ATTACAGGGAGGCTAAGCGG_020,28
ATTACAGGGAGGCTAAGCGG_021,60
CTCACCACGGCAGTTCGTAG_001,168
CTCACCACGGCAGTTCGTAG_002,146
CTCACCACGGCAGTTCGTAG_003,106
CTCACCACGGCAGTTCGTAG_004,30
CTCACCACGGCAGTTCGTAG_005,83
CTCACCACGGCAGTTCGTAG_006,15
CTCACCACGGCAGTTCGTAG_007,33
CTCACCACGGCAGTTCGTAG_008,165
CTCACCACGGCAGTTCGTAG_009,10
CTCACCACGGCAGTTCGTAG_010,42
CTCACCACGGCAGTTCGTAG_011,137
GTCAGAAAACTCCTTATGAG_001,171
GTCAGAAAACTCCTTATGAG_002,29
GTCAGAAAACTCCTTATGAG_003,118
AATCTTCACGTCGAAGTGAA_001,58
AATCTTCACGTCGAAGTGAA_002,23
AATCTTCACGTCGAAGTGAA_003,95
AATCTTCACGTCGAAGTGAA_004,152
AATCTTCACGTCGAAGTGAA_005,75
AATCTTCACGTCGAAGTGAA_006,172
AATCTTCACGTCGAAGTGAA_007,145
AATCTTCACGTCGAAGTGAA_008,98
AATCTTCACGTCGAAGTGAA_009,108
AATCTTCACGTCGAAGTGAA_010,12
AATCTTCACGTCGAAGTGAA_011,91
AATCTTCACGTCGAAGTGAA_012,149
ACTGCTGGATCGATAACACC_001,94
ACTGCTGGATCGATAACACC_002,194
ACTGCTGGATCGATAACACC_003,153
ACTGCTGGATCGATAACACC_004,82
ACTGCTGGATCGATAACACC_005,148
AGGTGACTGTGGAATAGCAG_001,145
AGGTGACTGTGGAATAGCAG_002,150
AGGTGACTGTGGAATAGCAG_003,118
AGGTGACTGTGGAATAGCAG_004,48
AGGTGACTGTGGAATAGCAG_005,177
AGGTGACTGTGGAATAGCAG_006,19
AGGTGACTGTGGAATAGCAG_007,23
TCTGCACCAGGACGTGACAA_001,107
TCTGCACCAGGACGTGACAA_002,145
TCTGCACCAGGACGTGACAA_003,60
TCTGCACCAGGACGTGACAA_004,96
TCTGCACCAGGACGTGACAA_005,65
TCTGCACCAGGACGTGACAA_006,63
TCTGCACCAGGACGTGACAA_007,22
TCTGCACCAGGACGTGACAA_008,41
TCTGCACCAGGACGTGACAA_009,199
CCAAGTCATCAAGAATTGTG_001,5
CCAAGTCATCAAGAATTGTG_002,177
CCAAGTCATCAAGAATTGTG_003,38
CCAAGTCATCAAGAATTGTG_004,151
CCAAGTCATCAAGAATTGTG_005,77
CCAAGTCATCAAGAATTGTG_006,43
TTTGGGATATGACGCCAGGA_001,135
TTTGGGATATGACGCCAGGA_002,151
TTTGGGATATGACGCCAGGA_003,111
TTTGGGATATGACGCCAGGA_004,127
ACTACTCCAAAGGATTCGGC_001,90
ACTACTCCAAAGGATTCGGC_002,55
ACTACTCCAAAGGATTCGGC_003,46
ACTACTCCAAAGGATTCGGC_004,178
ACTACTCCAAAGGATTCGGC_005,6
ACTACTCCAAAGGATTCGGC_006,147
AAGCAGGAAGACATTTGCAT_001,149
AAGCAGGAAGACATTTGCAT_002,80
AAGCAGGAAGACATTTGCAT_003,82
AAGCAGGAAGACATTTGCAT_004,149
AAGCAGGAAGACATTTGCAT_005,183
AAGCAGGAAGACATTTGCAT_006,6
AAGCAGGAAGACATTTGCAT_007,17
AAGCAGGAAGACATTTGCAT_008,6
AAGCAGGAAGACATTTGCAT_009,28
CTGGGACAGGTTGGAGACTG_001,48
CTGGGACAGGTTGGAGACTG_002,40
CTGGGACAGGTTGGAGACTG_003,29
CTGGGACAGGTTGGAGACTG_004,150
CTGGGACAGGTTGGAGACTG_005,44
CTGGGACAGGTTGGAGACTG_006,191
CTGGGACAGGTTGGAGACTG_007,77
CTGGGACAGGTTGGAGACTG_008,138
CTGGGACAGGTTGGAGACTG_009,56
CTGGGACAGGTTGGAGACTG_010,20
AACGTGACGAACTTCCTCAT_001,149
AACGTGACGAACTTCCTCAT_002,102
AACGTGACGAACTTCCTCAT_003,62
AACGTGACGAACTTCCTCAT_004,81
AACGTGACGAACTTCCTCAT_005,134
AACGTGACGAACTTCCTCAT_006,162
AACGTGACGAACTTCCTCAT_007,83
AACGTGACGAACTTCCTCAT_008,160
AACGTGACGAACTTCCTCAT_009,162
AACGTGACGAACTTCCTCAT_010,107
AACGTGACGAACTTCCTCAT_011,53
AACGTGACGAACTTCCTCAT_012,67
AACGTGACGAACTTCCTCAT_013,86
AACGTGACGAACTTCCTCAT_014,198
AACGTGACGAACTTCCTCAT_015,30
AACGTGACGAACTTCCTCAT_016,146
AACGTGACGAACTTCCTCAT_017,180
AACGTGACGAACTTCCTCAT_018,153
AACGTGACGAACTTCCTCAT_019,158
AACGTGACGAACTTCCTCAT_020,118
AACGTGACGAACTTCCTCAT_021,127
AACGTGACGAACTTCCTCAT_022,137
AACGTGACGAACTTCCTCAT_023,69
AACGTGACGAACTTCCTCAT_024,83
ACCACGTATAGGACTCGCTG_001,105
ACCACGTATAGGACTCGCTG_002,63
ACCACGTATAGGACTCGCTG_003,40
ACCACGTATAGGACTCGCTG_004,185
ACCACGTATAGGACTCGCTG_005,56
ACCACGTATAGGACTCGCTG_006,75
ACCACGTATAGGACTCGCTG_007,77
ACCACGTATAGGACTCGCTG_008,43
ACCACGTATAGGACTCGCTG_009,49
ACCACGTATAGGACTCGCTG_010,115
ACCACGTATAGGACTCGCTG_011,147
ACCACGTATAGGACTCGCTG_012,30
ACCACGTATAGGACTCGCTG_013,60
ACCACGTATAGGACTCGCTG_014,183
ACCACGTATAGGACTCGCTG_015,145
ACCACGTATAGGACTCGCTG_016,43
ACCACGTATAGGACTCGCTG_017,136
AGGCTGTTTCTCTGCATTCT_001,114
AGGCTGTTTCTCTGCATTCT_002,144
AGGCTGTTTCTCTGCATTCT_003,163
GAATATTGAGCTAGTCCAAG_001,44
GAATATTGAGCTAGTCCAAG_002,134
GAATATTGAGCTAGTCCAAG_003,15
GAATATTGAGCTAGTCCAAG_004,9
GAATATTGAGCTAGTCCAAG_005,2
GAATATTGAGCTAGTCCAAG_006,9
GAATATTGAGCTAGTCCAAG_007,115
CTCAGCTTCTCGTCGCCGTA_001,61
CTCAGCTTCTCGTCGCCGTA_002,20
CTCAGCTTCTCGTCGCCGTA_003,182
CTCAGCTTCTCGTCGCCGTA_004,145
CTCAGCTTCTCGTCGCCGTA_005,153
GGACAATAGCCAGATACCTA_001,28
GGACAATAGCCAGATACCTA_002,77
GGACAATAGCCAGATACCTA_003,53
GGACAATAGCCAGATACCTA_004,3
GGACAATAGCCAGATACCTA_005,68
GGACAATAGCCAGATACCTA_006,32
GGACAATAGCCAGATACCTA_007,140
GGACAATAGCCAGATACCTA_008,169
TAGAAATGTGTGGCCCAACA_001,54
TAGAAATGTGTGGCCCAACA_002,120
TAGAAATGTGTGGCCCAACA_003,137
TAGAAATGTGTGGCCCAACA_004,116
TAGAAATGTGTGGCCCAACA_005,42
TAGAAATGTGTGGCCCAACA_006,55
TAGAAATGTGTGGCCCAACA_007,140
TAGAAATGTGTGGCCCAACA_008,134
TAGAAATGTGTGGCCCAACA_009,168
TAGAAATGTGTGGCCCAACA_010,192
TAGAAATGTGTGGCCCAACA_011,172
TAGAAATGTGTGGCCCAACA_012,13
TAGAAATGTGTGGCCCAACA_013,56
CATGACCCTGACATGCCATG_001,42
CATGACCCTGACATGCCATG_002,82
CATGACCCTGACATGCCATG_003,130
CATGACCCTGACATGCCATG_004,22
CATGACCCTGACATGCCATG_005,135
CATGACCCTGACATGCCATG_006,121
CATGACCCTGACATGCCATG_007,96
CATGACCCTGACATGCCATG_008,178
CATGACCCTGACATGCCATG_009,199
CATGACCCTGACATGCCATG_010,25
CATGACCCTGACATGCCATG_011,96
GGGACACACTCCCTTGCTCA_001,176
TCTTGTGAAGAGATATACGG_001,0
TCTTGTGAAGAGATATACGG_002,145
TCTTGTGAAGAGATATACGG_003,68
TCTTGTGAAGAGATATACGG_004,43
TCTTGTGAAGAGATATACGG_005,113
CAGACCCAAATCGGACGGGG_001,12
CAGACCCAAATCGGACGGGG_002,199
CAGACCCAAATCGGACGGGG_003,181
CAGACCCAAATCGGACGGGG_004,149
CAGACCCAAATCGGACGGGG_005,157
CAGACCCAAATCGGACGGGG_006,77
CAGACCCAAATCGGACGGGG_007,140
CAGACCCAAATCGGACGGGG_008,41
CAGACCCAAATCGGACGGGG_009,34
CAGACCCAAATCGGACGGGG_010,163
CAGACCCAAATCGGACGGGG_011,168
CAGACCCAAATCGGACGGGG_012,11
CAGACCCAAATCGGACGGGG_013,142
CAGACCCAAATCGGACGGGG_014,144
CAGACCCAAATCGGACGGGG_015,54
CAGACCCAAATCGGACGGGG_016,166
CAGACCCAAATCGGACGGGG_017,69
CAGACCCAAATCGGACGGGG_018,56
CAGACCCAAATCGGACGGGG_019,115
CAGACCCAAATCGGACGGGG_020,1
CAGACCCAAATCGGACGGGG_021,42
CAGACCCAAATCGGACGGGG_022,12
CAGACCCAAATCGGACGGGG_023,30
CAGACCCAAATCGGACGGGG_024,172
GGAGTGGTGGGACAAATCTG_001,129
GGAGTGGTGGGACAAATCTG_002,156
GGAGTGGTGGGACAAATCTG_003,142
GGAGTGGTGGGACAAATCTG_004,137
GGAGTGGTGGGACAAATCTG_005,2
GGAGTGGTGGGACAAATCTG_006,177
GGAGTGGTGGGACAAATCTG_007,136
GGAGTGGTGGGACAAATCTG_008,32
GAGCCCTTTAAACAAACCGG_001,170
GAGCCCTTTAAACAAACCGG_002,72
GAGCCCTTTAAACAAACCGG_003,101
GAGCCCTTTAAACAAACCGG_004,60
GAGCCCTTTAAACAAACCGG_005,174
GAGCCCTTTAAACAAACCGG_006,89
GAGCCCTTTAAACAAACCGG_007,100
GAGCCCTTTAAACAAACCGG_008,140
GAGCCCTTTAAACAAACCGG_009,176
GAGCCCTTTAAACAAACCGG_010,144
GAGCCCTTTAAACAAACCGG_011,12
GAGCCCTTTAAACAAACCGG_012,176
GCAGGGACGAATACGTGAGG_001,196
GCAGGGACGAATACGTGAGG_002,191
GCAGGGACGAATACGTGAGG_003,160
GCAGGGACGAATACGTGAGG_004,170
GCAGGGACGAATACGTGAGG_005,40
GCAGGGACGAATACGTGAGG_006,148
GCAGGGACGAATACGTGAGG_007,141
GCAGGGACGAATACGTGAGG_008,103
GCAGGGACGAATACGTGAGG_009,139
GCAGGGACGAATACGTGAGG_010,163
GCAGGGACGAATACGTGAGG_011,144
GCAGGGACGAATACGTGAGG_012,153
CCACAACCGCTTCAACCCTG_001,73
CCACAACCGCTTCAACCCTG_002,52
CCACAACCGCTTCAACCCTG_003,133
CCACAACCGCTTCAACCCTG_004,158
CCACAACCGCTTCAACCCTG_005,116
CCACAACCGCTTCAACCCTG_006,48
CCACAACCGCTTCAACCCTG_007,57
CCACAACCGCTTCAACCCTG_008,137
CCACAACCGCTTCAACCCTG_009,28
CCACAACCGCTTCAACCCTG_010,132
CCACAACCGCTTCAACCCTG_011,10
CCACAACCGCTTCAACCCTG_012,28
CCACAACCGCTTCAACCCTG_013,155
GCATTGACAGCAAGGCGTGG_001,169
GCATTGACAGCAAGGCGTGG_002,48
GCATTGACAGCAAGGCGTGG_003,44
GCATTGACAGCAAGGCGTGG_004,163
GCATTGACAGCAAGGCGTGG_005,21
GCATTGACAGCAAGGCGTGG_006,60
GCATTGACAGCAAGGCGTGG_007,127
GCATTGACAGCAAGGCGTGG_008,34
GCATTGACAGCAAGGCGTGG_009,97
GCATTGACAGCAAGGCGTGG_010,138
TACTGCTATGACACAGGAAT_001,169
TACTGCTATGACACAGGAAT_002,78
CAGTTGTAGGTCGTTCTCAA_001,58
CAGTTGTAGGTCGTTCTCAA_002,162
CAGTTGTAGGTCGTTCTCAA_003,58
CAGTTGTAGGTCGTTCTCAA_004,70
CAGTTGTAGGTCGTTCTCAA_005,162
CAGTTGTAGGTCGTTCTCAA_006,70
CAGTTGTAGGTCGTTCTCAA_007,27
CAGTTGTAGGTCGTTCTCAA_008,184
CAGTTGTAGGTCGTTCTCAA_009,61
CAGTTGTAGGTCGTTCTCAA_010,104
GTGGCAAGCAAGTTGCACCA_001,96
GTGGCAAGCAAGTTGCACCA_002,143
GTGGCAAGCAAGTTGCACCA_003,78
GTGGCAAGCAAGTTGCACCA_004,146
GTGGCAAGCAAGTTGCACCA_005,35
GTGGCAAGCAAGTTGCACCA_006,113
GTGGCAAGCAAGTTGCACCA_007,177
GTGGCAAGCAAGTTGCACCA_008,27
GTGGCAAGCAAGTTGCACCA_009,50
GTGGCAAGCAAGTTGCACCA_010,137
GTGGCAAGCAAGTTGCACCA_011,7
GTGGCAAGCAAGTTGCACCA_012,190
GTGGCAAGCAAGTTGCACCA_013,158
GTGGCAAGCAAGTTGCACCA_014,52
GTGGCAAGCAAGTTGCACCA_015,172
GTGGCAAGCAAGTTGCACCA_016,62
GTGGCAAGCAAGTTGCACCA_017,123
ATATGCCCATGACACAGTAG_001,49
ATATGCCCATGACACAGTAG_002,199
CAGACCCAGAATCACCAACA_001,3
AGCGGCCGAGTTGAGCGCCA_001,7
AGCGGCCGAGTTGAGCGCCA_002,61
AGCGGCCGAGTTGAGCGCCA_003,72
AGCGGCCGAGTTGAGCGCCA_004,144
AGCGGCCGAGTTGAGCGCCA_005,109
AGCGGCCGAGTTGAGCGCCA_006,109
AGCGGCCGAGTTGAGCGCCA_007,13
AGCGGCCGAGTTGAGCGCCA_008,40
AGCGGCCGAGTTGAGCGCCA_009,191
AGCGGCCGAGTTGAGCGCCA_010,162
AGCGGCCGAGTTGAGCGCCA_011,190
AGCGGCCGAGTTGAGCGCCA_012,162
AGCGGCCGAGTTGAGCGCCA_013,97
AGCGGCCGAGTTGAGCGCCA_014,194
AGCGGCCGAGTTGAGCGCCA_015,105
AGCGGCCGAGTTGAGCGCCA_016,50
AGCGGCCGAGTTGAGCGCCA_017,185
AGCGGCCGAGTTGAGCGCCA_018,2
AGCGGCCGAGTTGAGCGCCA_019,46
AGCGGCCGAGTTGAGCGCCA_020,48
AGCGGCCGAGTTGAGCGCCA_021,93
AGCGGCCGAGTTGAGCGCCA_022,44
AGCGGCCGAGTTGAGCGCCA_023,69
AGCGGCCGAGTTGAGCGCCA_024,120
AGCGGCCGAGTTGAGCGCCA_025,148
AGCGGCCGAGTTGAGCGCCA_026,84
AGCGGCCGAGTTGAGCGCCA_027,43
AGCGGCCGAGTTGAGCGCCA_028,39
AGCGGCCGAGTTGAGCGCCA_029,183
AGCGGCCGAGTTGAGCGCCA_030,172
AGCGGCCGAGTTGAGCGCCA_031,49
AGCGGCCGAGTTGAGCGCCA_032,137
AGCGGCCGAGTTGAGCGCCA_033,69
AGCGGCCGAGTTGAGCGCCA_034,168
AGCGGCCGAGTTGAGCGCCA_035,124
AGCGGCCGAGTTGAGCGCCA_036,20
GTGGCGCAGCAACTTCCATG_001,166
GTGGCGCAGCAACTTCCATG_002,9
GTGGCGCAGCAACTTCCATG_003,58
GTGGCGCAGCAACTTCCATG_004,6
GTGGCGCAGCAACTTCCATG_005,77
GTGGCGCAGCAACTTCCATG_006,138
GTGGCGCAGCAACTTCCATG_007,62
GTGGCGCAGCAACTTCCATG_008,151
GTGGCGCAGCAACTTCCATG_009,24
GTGGCGCAGCAACTTCCATG_010,29
GTGGCGCAGCAACTTCCATG_011,70
GTGGCGCAGCAACTTCCATG_012,42
GTGGCGCAGCAACTTCCATG_013,134
GTGGCGCAGCAACTTCCATG_014,198
GTGGCGCAGCAACTTCCATG_015,169
GTGGCGCAGCAACTTCCATG_016,13
GTGGCGCAGCAACTTCCATG_017,52
GTGGCGCAGCAACTTCCATG_018,103
GTGGCGCAGCAACTTCCATG_019,88
GTGGCGCAGCAACTTCCATG_020,80
GTGGCGCAGCAACTTCCATG_021,166
GTGGCGCAGCAACTTCCATG_022,191
GTGGCGCAGCAACTTCCATG_023,96
GTGGCGCAGCAACTTCCATG_024,172
GTGGCGCAGCAACTTCCATG_025,122
GTGGCGCAGCAACTTCCATG_026,145
GTGGCGCAGCAACTTCCATG_027,178
TGCACCCACCGTAGTTATCG_001,188
TGCACCCACCGTAGTTATCG_002,132
TGCACCCACCGTAGTTATCG_003,22
TGCACCCACCGTAGTTATCG_004,43
TGCACCCACCGTAGTTATCG_005,37
TGCACCCACCGTAGTTATCG_006,147
TCATAGAGTTTACAGTAACG_001,14
CTTCCACAAGTACTCCGGCA_001,77
CTTCCACAAGTACTCCGGCA_002,148
CTTCCACAAGTACTCCGGCA_003,83
CTTCCACAAGTACTCCGGCA_004,81
CTTCCACAAGTACTCCGGCA_005,139
CTTCCACAAGTACTCCGGCA_006,54
TGGCCGTTAGCGTGTCCCCG_001,188
TGGCCGTTAGCGTGTCCCCG_002,158
TGGCCGTTAGCGTGTCCCCG_003,190
TGGCCGTTAGCGTGTCCCCG_004,19
TGGCCGTTAGCGTGTCCCCG_005,152
GTGCTGACAAAATGCCACTG_001,35
GTGCTGACAAAATGCCACTG_002,188
GTGCTGACAAAATGCCACTG_003,148
GTGCTGACAAAATGCCACTG_004,156
ACTGCAACGAGACAATGACT_001,26
ACTGCAACGAGACAATGACT_002,26
ACTGCAACGAGACAATGACT_003,43
ACTGCAACGAGACAATGACT_004,170
ACTGCAACGAGACAATGACT_005,35
ACTGCAACGAGACAATGACT_006,17
ACTGCAACGAGACAATGACT_007,2
ACTGCAACGAGACAATGACT_008,71
ACTGCAACGAGACAATGACT_009,50
ACTGCAACGAGACAATGACT_010,89
ACTGCAACGAGACAATGACT_011,19
ACTGCAACGAGACAATGACT_012,28
ACTGCAACGAGACAATGACT_013,34
ACTGCAACGAGACAATGACT_014,135
ACTGCAACGAGACAATGACT_015,185
ACTGCAACGAGACAATGACT_016,192
ACTGCAACGAGACAATGACT_017,177
ACTGCAACGAGACAATGACT_018,134
ACTGCAACGAGACAATGACT_019,133
CGACAAACTTATCTGTGCAG_001,197
CGACAAACTTATCTGTGCAG_002,21
CGACAAACTTATCTGTGCAG_003,150
CTCCAGGCTCTCGATCACCG_001,8
CTCCAGGCTCTCGATCACCG_002,145
CTCCAGGCTCTCGATCACCG_003,188
CTCCAGGCTCTCGATCACCG_004,23
CTCCAGGCTCTCGATCACCG_005,54
CTCCAGGCTCTCGATCACCG_006,78
TTACCAAAGTCGGTGAACAG_001,56
TTACCAAAGTCGGTGAACAG_002,172
TTACCAAAGTCGGTGAACAG_003,49
TTACCAAAGTCGGTGAACAG_004,1
TTACCAAAGTCGGTGAACAG_005,184
TTACCAAAGTCGGTGAACAG_006,115
TTACCAAAGTCGGTGAACAG_007,159
TTACCAAAGTCGGTGAACAG_008,183
TTACCAAAGTCGGTGAACAG_009,173
TTACCAAAGTCGGTGAACAG_010,199
TTACCAAAGTCGGTGAACAG_011,49
TTACCAAAGTCGGTGAACAG_012,7
TTACCAAAGTCGGTGAACAG_013,147
TTACCAAAGTCGGTGAACAG_014,78
TTACCAAAGTCGGTGAACAG_015,76
TTACCAAAGTCGGTGAACAG_016,72
TTACCAAAGTCGGTGAACAG_017,70
TTACCAAAGTCGGTGAACAG_018,48
TTACCAAAGTCGGTGAACAG_019,117
TTACCAAAGTCGGTGAACAG_020,132
TTACCAAAGTCGGTGAACAG_021,136
TTACCAAAGTCGGTGAACAG_022,18
TTACCAAAGTCGGTGAACAG_023,1
TTACCAAAGTCGGTGAACAG_024,63
TTACCAAAGTCGGTGAACAG_025,19
TTACCAAAGTCGGTGAACAG_026,165
TTACCAAAGTCGGTGAACAG_027,35
ATGGTTTGCCATCGGCCCGA_001,175
ATGGTTTGCCATCGGCCCGA_002,149
ATGGTTTGCCATCGGCCCGA_003,12
ATGGTTTGCCATCGGCCCGA_004,0
ATGGTTTGCCATCGGCCCGA_005,91
ATGGTTTGCCATCGGCCCGA_006,184
ATGGTTTGCCATCGGCCCGA_007,2
ATGGTTTGCCATCGGCCCGA_008,62
ATGGTTTGCCATCGGCCCGA_009,188
ATGGTTTGCCATCGGCCCGA_010,88
ATGGTTTGCCATCGGCCCGA_011,115
ATGGTTTGCCATCGGCCCGA_012,63
GCAGAATCTGGGGGTCGATG_001,90
ATAAGGCCCAAGTCCGCCAA_001,21
ATAAGGCCCAAGTCCGCCAA_002,88
ATAAGGCCCAAGTCCGCCAA_003,62
ATAAGGCCCAAGTCCGCCAA_004,149
ATAAGGCCCAAGTCCGCCAA_005,175
ATAAGGCCCAAGTCCGCCAA_006,46
ATAAGGCCCAAGTCCGCCAA_007,58
ATAAGGCCCAAGTCCGCCAA_008,190
ATAAGGCCCAAGTCCGCCAA_009,58
ATAAGGCCCAAGTCCGCCAA_010,48
ATAAGGCCCAAGTCCGCCAA_011,174
ATAAGGCCCAAGTCCGCCAA_012,175
ATAAGGCCCAAGTCCGCCAA_013,97
ATAAGGCCCAAGTCCGCCAA_014,76
ATAAGGCCCAAGTCCGCCAA_015,99
ATAAGGCCCAAGTCCGCCAA_016,81
ATAAGGCCCAAGTCCGCCAA_017,150
ATAAGGCCCAAGTCCGCCAA_018,192
ATAAGGCCCAAGTCCGCCAA_019,188
ATAAGGCCCAAGTCCGCCAA_020,97
ATAAGGCCCAAGTCCGCCAA_021,54
ATAAGGCCCAAGTCCGCCAA_022,45
ATAAGGCCCAAGTCCGCCAA_023,6
ATAAGGCCCAAGTCCGCCAA_024,6
ATAAGGCCCAAGTCCGCCAA_025,178
ATAAGGCCCAAGTCCGCCAA_026,178
ATAAGGCCCAAGTCCGCCAA_027,3
ATAAGGCCCAAGTCCGCCAA_028,39
ATAAGGCCCAAGTCCGCCAA_029,94
ATAAGGCCCAAGTCCGCCAA_030,130
ATAAGGCCCAAGTCCGCCAA_031,50
ATAAGGCCCAAGTCCGCCAA_032,89
ATAAGGCCCAAGTCCGCCAA_033,159
GACTTACACATTCCCAAATG_001,66
GTTTCTGCCTCATGACTCTG_001,82
GTTTCTGCCTCATGACTCTG_002,149
GTTTCTGCCTCATGACTCTG_003,116
GTTTCTGCCTCATGACTCTG_004,158
GTTTCTGCCTCATGACTCTG_005,50
GTTTCTGCCTCATGACTCTG_006,37
TCTGTGTCACATGGAACAAG_001,153
TCTGTGTCACATGGAACAAG_002,62
GCAGGAGGACTCCCTCAATG_001,168
GCAGGAGGACTCCCTCAATG_002,112
GCAGGAGGACTCCCTCAATG_003,17
GCAGGAGGACTCCCTCAATG_004,140
GCAGGAGGACTCCCTCAATG_005,196
GCAGGAGGACTCCCTCAATG_006,94
CAAGGAATGACATCTCGGTC_001,49
CACATCTACCTGATACAGAG_001,156
CACATCTACCTGATACAGAG_002,177
GCCACTTAAGGAGACATCCG_001,28
GCCACTTAAGGAGACATCCG_002,155
GCCACTTAAGGAGACATCCG_003,147
GCCACTTAAGGAGACATCCG_004,92
GCCACTTAAGGAGACATCCG_005,52
GCCACTTAAGGAGACATCCG_006,187
GCCACTTAAGGAGACATCCG_007,60
CAGATGACCAACGTCCACAC_001,69
CAGATGACCAACGTCCACAC_002,5
CAGATGACCAACGTCCACAC_003,39
CAGATGACCAACGTCCACAC_004,142
CAGATGACCAACGTCCACAC_005,23
CAGATGACCAACGTCCACAC_006,113
CAGATGACCAACGTCCACAC_007,102
CAGATGACCAACGTCCACAC_008,185
CAGATGACCAACGTCCACAC_009,105
CAGATGACCAACGTCCACAC_010,84
CAGATGACCAACGTCCACAC_011,11
CAGATGACCAACGTCCACAC_012,125
CAGATGACCAACGTCCACAC_013,145
CAGATGACCAACGTCCACAC_014,102
CAGATGACCAACGTCCACAC_015,183
CAGATGACCAACGTCCACAC_016,69
CAGATGACCAACGTCCACAC_017,1
CAGATGACCAACGTCCACAC_018,67
CAGATGACCAACGTCCACAC_019,162
CAGATGACCAACGTCCACAC_020,169
CAGATGACCAACGTCCACAC_021,88
CAGATGACCAACGTCCACAC_022,130
CAGATGACCAACGTCCACAC_023,77
CAGATGACCAACGTCCACAC_024,186
CAGATGACCAACGTCCACAC_025,193
CAGATGACCAACGTCCACAC_026,155
CAGATGACCAACGTCCACAC_027,172
CAGATGACCAACGTCCACAC_028,144
CAGATGACCAACGTCCACAC_029,83
CAGATGACCAACGTCCACAC_030,25
CAGATGACCAACGTCCACAC_031,109
CAGATGACCAACGTCCACAC_032,176
CAGATGACCAACGTCCACAC_033,176
CAGATGACCAACGTCCACAC_034,60
CAGATGACCAACGTCCACAC_035,172
CAGATGACCAACGTCCACAC_036,68
CAGATGACCAACGTCCACAC_037,159
CAGATGACCAACGTCCACAC_038,12
CAGATGACCAACGTCCACAC_039,26
CAGATGACCAACGTCCACAC_040,178
TCACTCACAGTATAAGGTGA_001,151
TCACTCACAGTATAAGGTGA_002,148
TCGCGGTGGTCGTCCCGAGG_001,112
TCGCGGTGGTCGTCCCGAGG_002,24
TCGCGGTGGTCGTCCCGAGG_003,61
TCGCGGTGGTCGTCCCGAGG_004,124
TCGCGGTGGTCGTCCCGAGG_005,63
TCGCGGTGGTCGTCCCGAGG_006,19
TCGCGGTGGTCGTCCCGAGG_007,107
TCGCGGTGGTCGTCCCGAGG_008,199
TCGCGGTGGTCGTCCCGAGG_009,105
TGTTTGTGTCAATCCCAGCG_001,169
TGTTTGTGTCAATCCCAGCG_002,7
TGTTTGTGTCAATCCCAGCG_003,85
TGTTTGTGTCAATCCCAGCG_004,93
TGTTTGTGTCAATCCCAGCG_005,123
TGTTTGTGTCAATCCCAGCG_006,60
TGTTTGTGTCAATCCCAGCG_007,156
TGTTTGTGTCAATCCCAGCG_008,138
TGTTTGTGTCAATCCCAGCG_009,151
AAAGACCATTAGGATCGGGA_001,127
AAAGACCATTAGGATCGGGA_002,167
AAAGACCATTAGGATCGGGA_003,167
AAAGACCATTAGGATCGGGA_004,167
AAAGACCATTAGGATCGGGA_005,54
AAAGACCATTAGGATCGGGA_006,57
AAAGACCATTAGGATCGGGA_007,32
AAAGACCATTAGGATCGGGA_008,26
AAAGACCATTAGGATCGGGA_009,108
AAAGACCATTAGGATCGGGA_010,69
AAAGACCATTAGGATCGGGA_011,65
AAAGACCATTAGGATCGGGA_012,190
AAAGACCATTAGGATCGGGA_013,140
AAAGACCATTAGGATCGGGA_014,145
AAAGACCATTAGGATCGGGA_015,168
AAAGACCATTAGGATCGGGA_016,7
AAAGACCATTAGGATCGGGA_017,4
AAAGACCATTAGGATCGGGA_018,177
AAAGACCATTAGGATCGGGA_019,121
AAAGACCATTAGGATCGGGA_020,170
AGTACATCGCAGAGATGGTG_001,165
CGAAAATGCCCCCAGCAAGG_001,185
CGAAAATGCCCCCAGCAAGG_002,115
CGAAAATGCCCCCAGCAAGG_003,84
CGAAAATGCCCCCAGCAAGG_004,181
CGAAAATGCCCCCAGCAAGG_005,188
CGAAAATGCCCCCAGCAAGG_006,137
CGAAAATGCCCCCAGCAAGG_007,137
GCAAGGTCATGAAACCAAGC_001,102
GCAAGGTCATGAAACCAAGC_002,177
GCAAGGTCATGAAACCAAGC_003,191
GCAAGGTCATGAAACCAAGC_004,48
GCAAGGTCATGAAACCAAGC_005,169
GCAAGGTCATGAAACCAAGC_006,48
GCAAGGTCATGAAACCAAGC_007,85
GCAAGGTCATGAAACCAAGC_008,16
GCAGTCCCAGGACAACTGTC_001,6
GCAGTCCCAGGACAACTGTC_002,170
GCAGTCCCAGGACAACTGTC_003,157
GCAGTCCCAGGACAACTGTC_004,59
GCAGTCCCAGGACAACTGTC_005,127
GCAGTCCCAGGACAACTGTC_006,61
GCAGTCCCAGGACAACTGTC_007,69
GCAGTCCCAGGACAACTGTC_008,67
GCAGTCCCAGGACAACTGTC_009,148
GCAGTCCCAGGACAACTGTC_010,114
GCAGTCCCAGGACAACTGTC_011,175
GCAGTCCCAGGACAACTGTC_012,157
GCAGTCCCAGGACAACTGTC_013,43
GCAGTCCCAGGACAACTGTC_014,105
GCAGTCCCAGGACAACTGTC_015,33
GCAGTCCCAGGACAACTGTC_016,76
GCAGTCCCAGGACAACTGTC_017,190
GCAGTCCCAGGACAACTGTC_018,166
GCAGTCCCAGGACAACTGTC_019,21
GCAGTCCCAGGACAACTGTC_020,175
GCAGTCCCAGGACAACTGTC_021,152
GCAGTCCCAGGACAACTGTC_022,188
GCAGTCCCAGGACAACTGTC_023,69
CGAGGGCCGAAACCGGAAGG_001,181
CGAGGGCCGAAACCGGAAGG_002,88
CGAGGGCCGAAACCGGAAGG_003,1
CGAGGGCCGAAACCGGAAGG_004,134
CGAGGGCCGAAACCGGAAGG_005,169
CGAGGGCCGAAACCGGAAGG_006,150
CGAGGGCCGAAACCGGAAGG_007,193
CGAGGGCCGAAACCGGAAGG_008,140
CGAGGGCCGAAACCGGAAGG_009,77
CGAGGGCCGAAACCGGAAGG_010,2
CGAGGGCCGAAACCGGAAGG_011,42
CGAGGGCCGAAACCGGAAGG_012,81
CGAGGGCCGAAACCGGAAGG_013,61
CGAGGGCCGAAACCGGAAGG_014,127
CGAGGGCCGAAACCGGAAGG_015,50
CGAGGGCCGAAACCGGAAGG_016,137
CGAGGGCCGAAACCGGAAGG_017,199
CGAGGGCCGAAACCGGAAGG_018,78
CGAGGGCCGAAACCGGAAGG_019,9
CGAGGGCCGAAACCGGAAGG_020,48
CGAGGGCCGAAACCGGAAGG_021,82
CGAGGGCCGAAACCGGAAGG_022,138
CGAGGGCCGAAACCGGAAGG_023,180
CGAGGGCCGAAACCGGAAGG_024,37
CGAGGGCCGAAACCGGAAGG_025,167
CGAGGGCCGAAACCGGAAGG_026,146
GAGAAGCAACATGGTCCATA_001,48
GAGAAGCAACATGGTCCATA_002,134
GAGAAGCAACATGGTCCATA_003,38
GAGAAGCAACATGGTCCATA_004,69
GAGAAGCAACATGGTCCATA_005,131
GAGAAGCAACATGGTCCATA_006,162
GAGAAGCAACATGGTCCATA_007,3
GAGAAGCAACATGGTCCATA_008,149
GAGAAGCAACATGGTCCATA_009,150
GAGAAGCAACATGGTCCATA_010,199
GAGAAGCAACATGGTCCATA_011,160
CACACTTGCTACAGCCCACG_001,69
CACACTTGCTACAGCCCACG_002,150
CACACTTGCTACAGCCCACG_003,33
CACACTTGCTACAGCCCACG_004,23
TGTACGTCGAGTGTCTCCTG_001,48
TGTACGTCGAGTGTCTCCTG_002,78
TGTACGTCGAGTGTCTCCTG_003,130
TGTACGTCGAGTGTCTCCTG_004,105
TGTACGTCGAGTGTCTCCTG_005,98
TGTACGTCGAGTGTCTCCTG_006,35
TGTACGTCGAGTGTCTCCTG_007,134
TGTACGTCGAGTGTCTCCTG_008,158
TGTACGTCGAGTGTCTCCTG_009,22
TGTACGTCGAGTGTCTCCTG_010,83
TGTACGTCGAGTGTCTCCTG_011,45
TGTACGTCGAGTGTCTCCTG_012,43
TGTACGTCGAGTGTCTCCTG_013,77
AAGAAGTCAGAGTGCTTGAG_001,41
AAGAAGTCAGAGTGCTTGAG_002,156
AAGAAGTCAGAGTGCTTGAG_003,140
AAGAAGTCAGAGTGCTTGAG_004,187
AAGAAGTCAGAGTGCTTGAG_005,103
AAGAAGTCAGAGTGCTTGAG_006,198
AAGAAGTCAGAGTGCTTGAG_007,170
TTCTTCTTCTCGGCATTAGG_001,88
TTCTTCTTCTCGGCATTAGG_002,149
TTCTTCTTCTCGGCATTAGG_003,54
TTCTTCTTCTCGGCATTAGG_004,156
GGAAATTGGGAAGATCCGCT_001,144
GGAAATTGGGAAGATCCGCT_002,139
GGAAATTGGGAAGATCCGCT_003,170
GGAAATTGGGAAGATCCGCT_004,93
GGAAATTGGGAAGATCCGCT_005,17
GGAAATTGGGAAGATCCGCT_006,185
GGAAATTGGGAAGATCCGCT_007,121
GGAAATTGGGAAGATCCGCT_008,113
GGAAATTGGGAAGATCCGCT_009,60
GGAAATTGGGAAGATCCGCT_010,60
ACAACAACAATCTAGGGACA_001,147
ACAACAACAATCTAGGGACA_002,41
CTTCTCTGTCTGCAACACAC_001,162
CTTCTCTGTCTGCAACACAC_002,137
CTTCTCTGTCTGCAACACAC_003,40
CTTCTCTGTCTGCAACACAC_004,194
CTTCTCTGTCTGCAACACAC_005,40
ACATAGTGTGGATATAGATG_001,166
GAGACTAGAAATGTATACCA_001,24
GAGACTAGAAATGTATACCA_002,24
GAGACTAGAAATGTATACCA_003,184
GAGACTAGAAATGTATACCA_004,184
GAGACTAGAAATGTATACCA_005,30
TAACACGCATCACTTCCACG_001,193
TAACACGCATCACTTCCACG_002,175
TAACACGCATCACTTCCACG_003,172
CATCTAGTACTTACTCAAGG_001,117
CATCTAGTACTTACTCAAGG_002,141
CATCTAGTACTTACTCAAGG_003,119
CATCTAGTACTTACTCAAGG_004,119
TCATCCAGGTGGACCCATCG_001,57
TCATCCAGGTGGACCCATCG_002,31
TCATCCAGGTGGACCCATCG_003,12
TCATCCAGGTGGACCCATCG_004,144
GTATGACTGGCAGTTCAACC_001,96
ATAGCCACATCAAAAGAACA_001,113
ATAGCCACATCAAAAGAACA_002,171
ATAGCCACATCAAAAGAACA_003,106
ATAGCCACATCAAAAGAACA_004,144
ACCTTGCAGTCACAGCCGAT_001,188
ACCTTGCAGTCACAGCCGAT_002,103
ACCTTGCAGTCACAGCCGAT_003,41
ACCTTGCAGTCACAGCCGAT_004,126
ACCTTGCAGTCACAGCCGAT_005,49
ACCTTGCAGTCACAGCCGAT_006,198
ACCTTGCAGTCACAGCCGAT_007,67
ACCTTGCAGTCACAGCCGAT_008,115
ACCTTGCAGTCACAGCCGAT_009,134
ACCTTGCAGTCACAGCCGAT_010,147
ACCTTGCAGTCACAGCCGAT_011,119
ACCTTGCAGTCACAGCCGAT_012,152
ACCTTGCAGTCACAGCCGAT_013,56
ACCTTGCAGTCACAGCCGAT_014,82
ACCTTGCAGTCACAGCCGAT_015,72
ACCTTGCAGTCACAGCCGAT_016,26
ACCTTGCAGTCACAGCCGAT_017,57
ACCTTGCAGTCACAGCCGAT_018,87
ACCTTGCAGTCACAGCCGAT_019,176
ACCTTGCAGTCACAGCCGAT_020,199
ACCTTGCAGTCACAGCCGAT_021,133
ACCTTGCAGTCACAGCCGAT_022,7
ACCTTGCAGTCACAGCCGAT_023,61
ACCTTGCAGTCACAGCCGAT_024,148
ACCTTGCAGTCACAGCCGAT_025,16
ACCTTGCAGTCACAGCCGAT_026,165
ACCTTGCAGTCACAGCCGAT_027,156
ACCTTGCAGTCACAGCCGAT_028,155
ACCTTGCAGTCACAGCCGAT_029,16
ACCTTGCAGTCACAGCCGAT_030,162
ACCTTGCAGTCACAGCCGAT_031,67
ACCTTGCAGTCACAGCCGAT_032,44
ACCTTGCAGTCACAGCCGAT_033,20
ACCTTGCAGTCACAGCCGAT_034,166
ACCTTGCAGTCACAGCCGAT_035,184
ACCTTGCAGTCACAGCCGAT_036,137
ACCTTGCAGTCACAGCCGAT_037,34
ACCTTGCAGTCACAGCCGAT_038,115
ACCTTGCAGTCACAGCCGAT_039,178
CACGCACGTGCCATCCAGGT_001,160
CCTGCGCGTAGAACAGTGGT_001,162
CCTGCGCGTAGAACAGTGGT_002,127
CCTGCGCGTAGAACAGTGGT_003,58
CCTGCGCGTAGAACAGTGGT_004,128
CCTGCGCGTAGAACAGTGGT_005,18
CCTGCGCGTAGAACAGTGGT_006,41
CCTGCGCGTAGAACAGTGGT_007,67
CCTGCGCGTAGAACAGTGGT_008,160
CCTGCGCGTAGAACAGTGGT_009,41
CCTGCGCGTAGAACAGTGGT_010,158
CCTGCGCGTAGAACAGTGGT_011,20
AGAGCACGACAACTATCAGC_001,15
AGAGCACGACAACTATCAGC_002,145
AGAGCACGACAACTATCAGC_003,121
AGAGCACGACAACTATCAGC_004,162
AGAGCACGACAACTATCAGC_005,127
AGAGCACGACAACTATCAGC_006,182
AGAGCACGACAACTATCAGC_007,125
AGAGCACGACAACTATCAGC_008,152
AGAGCACGACAACTATCAGC_009,74
CTTGTGTACTTCCAGTACGT_001,76
CTTGTGTACTTCCAGTACGT_002,115
CTTGTGTACTTCCAGTACGT_003,17
CTTGTGTACTTCCAGTACGT_004,19
CTTGTGTACTTCCAGTACGT_005,166
AGAAGCTAGATACTGTGCTA_001,57
AGAAGCTAGATACTGTGCTA_002,127
AGAAGCTAGATACTGTGCTA_003,187
AGAAGCTAGATACTGTGCTA_004,145
AGAAGCTAGATACTGTGCTA_005,150
AGAAGCTAGATACTGTGCTA_006,52
AGAAGCTAGATACTGTGCTA_007,29
AGAAGCTAGATACTGTGCTA_008,164
AGCAGAAAGGGTTTGTACCA_001,94
AGCAGAAAGGGTTTGTACCA_002,146
AGCAGAAAGGGTTTGTACCA_003,85
AGCAGAAAGGGTTTGTACCA_004,36
AGCAGAAAGGGTTTGTACCA_005,108
AGCAGAAAGGGTTTGTACCA_006,102
AGCAGAAAGGGTTTGTACCA_007,116
AGCAGAAAGGGTTTGTACCA_008,61
AGCAGAAAGGGTTTGTACCA_009,165
AGCAGAAAGGGTTTGTACCA_010,76
AGCAGAAAGGGTTTGTACCA_011,47
AGCAGAAAGGGTTTGTACCA_012,75
AGCAGAAAGGGTTTGTACCA_013,176
AGCAGAAAGGGTTTGTACCA_014,17
AGCAGAAAGGGTTTGTACCA_015,49
AGCAGAAAGGGTTTGTACCA_016,2
AGCAGAAAGGGTTTGTACCA_017,188
AGCAGAAAGGGTTTGTACCA_018,34
ACACAATTCACAAACACATG_001,94
ACACAATTCACAAACACATG_002,16
CGTTTGACGAAACATACACA_001,139
GACATCCCCACAGTGAACGA_001,106
GACATCCCCACAGTGAACGA_002,102
GACATCCCCACAGTGAACGA_003,150
GACATCCCCACAGTGAACGA_004,186
GACATCCCCACAGTGAACGA_005,139
GACATCCCCACAGTGAACGA_006,181
GACATCCCCACAGTGAACGA_007,145
GACATCCCCACAGTGAACGA_008,98
GACATCCCCACAGTGAACGA_009,169
GACATCCCCACAGTGAACGA_010,131
GACATCCCCACAGTGAACGA_011,142
GACATCCCCACAGTGAACGA_012,146
GACATCCCCACAGTGAACGA_013,196
GACATCCCCACAGTGAACGA_014,22
GACATCCCCACAGTGAACGA_015,59
GACATCCCCACAGTGAACGA_016,148
TTCTGCTTACCTCCTAACTG_001,17
TTCTGCTTACCTCCTAACTG_002,6
TTCTGCTTACCTCCTAACTG_003,182
TTCTGCTTACCTCCTAACTG_004,1
CACCTGCCAGGAGTTGGTGC_001,97
GCGTCATGGGACCAGCCACA_001,82
GCGTCATGGGACCAGCCACA_002,197
GCGTCATGGGACCAGCCACA_003,31
GCGTCATGGGACCAGCCACA_004,71
GCGTCATGGGACCAGCCACA_005,54
GCGTCATGGGACCAGCCACA_006,40
GCGTCATGGGACCAGCCACA_007,19
GCGTCATGGGACCAGCCACA_008,97
GCGTCATGGGACCAGCCACA_009,105
GCGTCATGGGACCAGCCACA_010,111
GCGTCATGGGACCAGCCACA_011,78
CCCTAGAGGTGACCCAACAG_001,150
CCCTAGAGGTGACCCAACAG_002,191
AAATCCATACAGATAAGGAC_001,89
AAATCCATACAGATAAGGAC_002,144
AAATCCATACAGATAAGGAC_003,113
AAATCCATACAGATAAGGAC_004,31
AAATCCATACAGATAAGGAC_005,36
AAATCCATACAGATAAGGAC_006,191
GGGCCGCGTCAACCTCATCG_001,1
GGGCCGCGTCAACCTCATCG_002,62
GGGCCGCGTCAACCTCATCG_003,83
GGGCCGCGTCAACCTCATCG_004,41
GGGCCGCGTCAACCTCATCG_005,23
GGGCCGCGTCAACCTCATCG_006,139
GGGCCGCGTCAACCTCATCG_007,191
GGGCCGCGTCAACCTCATCG_008,192
GGGCCGCGTCAACCTCATCG_009,61
GGGCCGCGTCAACCTCATCG_010,80
GGGCCGCGTCAACCTCATCG_011,164
GGGCCGCGTCAACCTCATCG_012,164
GGGCCGCGTCAACCTCATCG_013,115
GGGCCGCGTCAACCTCATCG_014,166
GGGCCGCGTCAACCTCATCG_015,127
GGGCCGCGTCAACCTCATCG_016,3
GGGCCGCGTCAACCTCATCG_017,54
GGGCCGCGTCAACCTCATCG_018,116
GGGCCGCGTCAACCTCATCG_019,2
GGGCCGCGTCAACCTCATCG_020,148
GGGCCGCGTCAACCTCATCG_021,184
GGGCCGCGTCAACCTCATCG_022,1
GGGCCGCGTCAACCTCATCG_023,61
GGGCCGCGTCAACCTCATCG_024,184
GGGCCGCGTCAACCTCATCG_025,148
GGGCCGCGTCAACCTCATCG_026,55
GGGCCGCGTCAACCTCATCG_027,188
GGGCCGCGTCAACCTCATCG_028,13
GGGCCGCGTCAACCTCATCG_029,184
GGGCCGCGTCAACCTCATCG_030,34
ATTCCGCGTCTGTAATCCAG_001,49
ATTCCGCGTCTGTAATCCAG_002,175
CCATAAGGGCCTGCGCAAGG_001,38
CCATAAGGGCCTGCGCAAGG_002,67
CCATAAGGGCCTGCGCAAGG_003,58
CCATAAGGGCCTGCGCAAGG_004,174
CGCCTGGTATCAGTAGCAGG_001,160
CGCCTGGTATCAGTAGCAGG_002,36
CGCCTGGTATCAGTAGCAGG_003,168
CGCCTGGTATCAGTAGCAGG_004,153
ACGCAGCGACGTGAGGAGCG_001,15
ACGCAGCGACGTGAGGAGCG_002,177
ACGCAGCGACGTGAGGAGCG_003,174
ACGCAGCGACGTGAGGAGCG_004,1
ACGCAGCGACGTGAGGAGCG_005,199
ACGCAGCGACGTGAGGAGCG_006,135
ACGCAGCGACGTGAGGAGCG_007,135
CTGTGGGCATGATCGCGGGA_001,10
CTGTGGGCATGATCGCGGGA_002,16
CTGTGGGCATGATCGCGGGA_003,119
CTGTGGGCATGATCGCGGGA_004,127
CTGTGGGCATGATCGCGGGA_005,193
CTGTGGGCATGATCGCGGGA_006,63
CTGTGGGCATGATCGCGGGA_007,33
CTGTGGGCATGATCGCGGGA_008,116
CTGTGGGCATGATCGCGGGA_009,49
CTGTGGGCATGATCGCGGGA_010,40
CTGTGGGCATGATCGCGGGA_011,115
CTGTGGGCATGATCGCGGGA_012,152
CTGTGGGCATGATCGCGGGA_013,0
CTGTGGGCATGATCGCGGGA_014,16
CTGTGGGCATGATCGCGGGA_015,1
CTGTGGGCATGATCGCGGGA_016,176
CTGTGGGCATGATCGCGGGA_017,107
CTGTGGGCATGATCGCGGGA_018,56
CTGTGGGCATGATCGCGGGA_019,78
CTGTGGGCATGATCGCGGGA_020,56
GTTAGAATGGGTCAGAAATG_001,120
GTTAGAATGGGTCAGAAATG_002,70
TTCAGAACCTAACACCCCCA_001,188
TTCAGAACCTAACACCCCCA_002,95
TTCAGAACCTAACACCCCCA_003,69
TTCAGAACCTAACACCCCCA_004,198
TTCAGAACCTAACACCCCCA_005,158
TTCAGAACCTAACACCCCCA_006,150
TTCAGAACCTAACACCCCCA_007,53
TTCAGAACCTAACACCCCCA_008,123
TTCAGAACCTAACACCCCCA_009,126
CAAGTCACCCACGTACAGAG_001,183
CAAGTCACCCACGTACAGAG_002,162
CAAGTCACCCACGTACAGAG_003,58
CAAGTCACCCACGTACAGAG_004,168
CAAGTCACCCACGTACAGAG_005,9
CAAGTCACCCACGTACAGAG_006,127
GTACACATCCGGGTAGTGAG_001,140
GTACACATCCGGGTAGTGAG_002,65
GTACACATCCGGGTAGTGAG_003,5
GTACACATCCGGGTAGTGAG_004,80
GTACACATCCGGGTAGTGAG_005,6
GTACACATCCGGGTAGTGAG_006,171
GTACACATCCGGGTAGTGAG_007,34
GTACACATCCGGGTAGTGAG_008,77
GTACACATCCGGGTAGTGAG_009,62
GTACACATCCGGGTAGTGAG_010,19
GTACACATCCGGGTAGTGAG_011,191
GTACACATCCGGGTAGTGAG_012,17
GTACACATCCGGGTAGTGAG_013,156
GTACACATCCGGGTAGTGAG_014,129
GTACACATCCGGGTAGTGAG_015,98
GTACACATCCGGGTAGTGAG_016,94
GTACACATCCGGGTAGTGAG_017,23
GTACACATCCGGGTAGTGAG_018,92
GTACACATCCGGGTAGTGAG_019,43
GTACACATCCGGGTAGTGAG_020,169
GTACACATCCGGGTAGTGAG_021,28
GTACACATCCGGGTAGTGAG_022,107
GTACACATCCGGGTAGTGAG_023,70
GTACACATCCGGGTAGTGAG_024,78
GCGACCGCAGCGATGCACGA_001,183
GCGACCGCAGCGATGCACGA_002,17
GCGACCGCAGCGATGCACGA_003,78
GCGACCGCAGCGATGCACGA_004,23
GCGACCGCAGCGATGCACGA_005,170
GCGACCGCAGCGATGCACGA_006,5
GCGACCGCAGCGATGCACGA_007,44
GCGACCGCAGCGATGCACGA_008,121
GCGACCGCAGCGATGCACGA_009,127
GCGACCGCAGCGATGCACGA_010,23
GCGACCGCAGCGATGCACGA_011,56
GCGACCGCAGCGATGCACGA_012,150
GCGACCGCAGCGATGCACGA_013,160
GCGACCGCAGCGATGCACGA_014,40
GCGACCGCAGCGATGCACGA_015,50
GCGACCGCAGCGATGCACGA_016,118
GCGACCGCAGCGATGCACGA_017,162
GCGACCGCAGCGATGCACGA_018,57
GCGACCGCAGCGATGCACGA_019,102
GCTACTTGAAGATCATGAGT_001,50
GCTACTTGAAGATCATGAGT_002,11
GCTACTTGAAGATCATGAGT_003,108
GCTACTTGAAGATCATGAGT_004,129
GCTACTTGAAGATCATGAGT_005,102
GCTACTTGAAGATCATGAGT_006,144
CCGGACCGCGCCGTTGCCCG_001,110
CCGGACCGCGCCGTTGCCCG_002,78
CCGGACCGCGCCGTTGCCCG_003,19
CCGGACCGCGCCGTTGCCCG_004,105
GGCAAGGCAACTACACATTG_001,22
GGCAAGGCAACTACACATTG_002,169
GGCAAGGCAACTACACATTG_003,105
GGCAAGGCAACTACACATTG_004,110
GGCAAGGCAACTACACATTG_005,78
CAAGAACCCCGACAACCCGG_001,190
CAAGAACCCCGACAACCCGG_002,78
CAAGAACCCCGACAACCCGG_003,10
CAAGAACCCCGACAACCCGG_004,151
CAAGAACCCCGACAACCCGG_005,148
CAAGAACCCCGACAACCCGG_006,77
CAAGAACCCCGACAACCCGG_007,4
CAAGAACCCCGACAACCCGG_008,49
CAAGAACCCCGACAACCCGG_009,74
CAAGAACCCCGACAACCCGG_010,163
CAAGAACCCCGACAACCCGG_011,132
CAAGAACCCCGACAACCCGG_012,105
CAAGAACCCCGACAACCCGG_013,188
CAAGAACCCCGACAACCCGG_014,184
CAAGAACCCCGACAACCCGG_015,173
CAAGAACCCCGACAACCCGG_016,176
CAAGAACCCCGACAACCCGG_017,36
CAAGAACCCCGACAACCCGG_018,88
CAAGAACCCCGACAACCCGG_019,59
CAAGAACCCCGACAACCCGG_020,85
CAAGAACCCCGACAACCCGG_021,105
CAAGAACCCCGACAACCCGG_022,63
CAAGAACCCCGACAACCCGG_023,115
CAAGAACCCCGACAACCCGG_024,138
CAAGAACCCCGACAACCCGG_025,175
CAAGAACCCCGACAACCCGG_026,152
CAAGAACCCCGACAACCCGG_027,59
CAAGAACCCCGACAACCCGG_028,168
CAAGAACCCCGACAACCCGG_029,105
CAAGAACCCCGACAACCCGG_030,37
CAAGAACCCCGACAACCCGG_031,84
CAAGAACCCCGACAACCCGG_032,113
CAAGAACCCCGACAACCCGG_033,130
CAAGAACCCCGACAACCCGG_034,58
TAGGGATGGCACAATCAGCG_001,41
TAGGGATGGCACAATCAGCG_002,56
TAGGGATGGCACAATCAGCG_003,45
TAGGGATGGCACAATCAGCG_004,113
TAGGGATGGCACAATCAGCG_005,69
AACTGTCGGAACAGAACCAA_001,191
AACTGTCGGAACAGAACCAA_002,69
AACTGTCGGAACAGAACCAA_003,186
AACTGTCGGAACAGAACCAA_004,27
AACTGTCGGAACAGAACCAA_005,72
AACTGTCGGAACAGAACCAA_006,104
AACTGTCGGAACAGAACCAA_007,108
AGAATGTAGTAAGGGCTAGG_001,44
AGAATGTAGTAAGGGCTAGG_002,7
CGAGGCCAAGCCTGACTGCG_001,1
CGAGGCCAAGCCTGACTGCG_002,91
CGAGGCCAAGCCTGACTGCG_003,49
CGAGGCCAAGCCTGACTGCG_004,169
CGAGGCCAAGCCTGACTGCG_005,109
CGAGGCCAAGCCTGACTGCG_006,6
CGAGGCCAAGCCTGACTGCG_007,94
CGAGGCCAAGCCTGACTGCG_008,98
CGAGGCCAAGCCTGACTGCG_009,17
CGAGGCCAAGCCTGACTGCG_010,92
CGAGGCCAAGCCTGACTGCG_011,161
CGAGGCCAAGCCTGACTGCG_012,137
CGAGGCCAAGCCTGACTGCG_013,9
CGAGGCCAAGCCTGACTGCG_014,51
CGAGGCCAAGCCTGACTGCG_015,72
CGAGGCCAAGCCTGACTGCG_016,199
CGAGGCCAAGCCTGACTGCG_017,199
CGAGGCCAAGCCTGACTGCG_018,29
CGAGGCCAAGCCTGACTGCG_019,16
CGAGGCCAAGCCTGACTGCG_020,1
CGAGGCCAAGCCTGACTGCG_021,106
CGAGGCCAAGCCTGACTGCG_022,65
CGAGGCCAAGCCTGACTGCG_023,191
CGAGGCCAAGCCTGACTGCG_024,56
CGAGGCCAAGCCTGACTGCG_025,135
CGAGGCCAAGCCTGACTGCG_026,170
CGAGGCCAAGCCTGACTGCG_027,123
CGAGGCCAAGCCTGACTGCG_028,174
GAAGATGCTAATCAGACACA_001,192
GAAGATGCTAATCAGACACA_002,141
GAAGATGCTAATCAGACACA_003,121
GAAGATGCTAATCAGACACA_004,10
TAAGTCTAATCACATTTGCT_001,171
TAAGTCTAATCACATTTGCT_002,157
ACAGTGAAATCAATAGAGGC_001,184
ACAGTGAAATCAATAGAGGC_002,190
ACAGTGAAATCAATAGAGGC_003,197
ACAGTGAAATCAATAGAGGC_004,126
AGCCAACTGTCCTTGTATAG_001,2
AGCCAACTGTCCTTGTATAG_002,41
AGCCAACTGTCCTTGTATAG_003,9
CCCCTTCAACCAGAGCCCCG_001,35
CCCCTTCAACCAGAGCCCCG_002,199
CCCCTTCAACCAGAGCCCCG_003,90
CCCCTTCAACCAGAGCCCCG_004,1
CCCCTTCAACCAGAGCCCCG_005,60
CCCCTTCAACCAGAGCCCCG_006,169
CCCCTTCAACCAGAGCCCCG_007,166
CCCCTTCAACCAGAGCCCCG_008,117
CCCCTTCAACCAGAGCCCCG_009,185
CCCCTTCAACCAGAGCCCCG_010,84
CCCCTTCAACCAGAGCCCCG_011,94
CCCCTTCAACCAGAGCCCCG_012,49
CCCCTTCAACCAGAGCCCCG_013,38
CCCCTTCAACCAGAGCCCCG_014,7
CCCCTTCAACCAGAGCCCCG_015,33
CCCCTTCAACCAGAGCCCCG_016,23
CCCCTTCAACCAGAGCCCCG_017,28
CCCCTTCAACCAGAGCCCCG_018,191
CCCCTTCAACCAGAGCCCCG_019,48
CCCCTTCAACCAGAGCCCCG_020,146
CCCCTTCAACCAGAGCCCCG_021,69
CCCCTTCAACCAGAGCCCCG_022,27
CCCCTTCAACCAGAGCCCCG_023,37
CCCCTTCAACCAGAGCCCCG_024,25
CCCCTTCAACCAGAGCCCCG_025,138
CCCCTTCAACCAGAGCCCCG_026,103
CCCCTTCAACCAGAGCCCCG_027,157
CCCCTTCAACCAGAGCCCCG_028,27
CCCCTTCAACCAGAGCCCCG_029,52
CCCCTTCAACCAGAGCCCCG_030,116
CCCCTTCAACCAGAGCCCCG_031,96
CCCCTTCAACCAGAGCCCCG_032,147
CCCCTTCAACCAGAGCCCCG_033,177
TGACATCAGACAAATAGACC_001,75
TGACATCAGACAAATAGACC_002,46
TGACATCAGACAAATAGACC_003,11
TGACATCAGACAAATAGACC_004,56
TGACATCAGACAAATAGACC_005,115
TGACATCAGACAAATAGACC_006,94
TGACATCAGACAAATAGACC_007,183
TGACATCAGACAAATAGACC_008,170
TGACATCAGACAAATAGACC_009,159
TGACATCAGACAAATAGACC_010,55
GTGTGCGGAGACAAGTCGAG_001,60
GTGTGCGGAGACAAGTCGAG_002,27
GTGTGCGGAGACAAGTCGAG_003,135
GTGTGCGGAGACAAGTCGAG_004,50
CTTACGCTCTAGCTGCATGG_001,96
CTTACGCTCTAGCTGCATGG_002,50
AGCCAGTAGAACATATGCAG_001,9
AGCCAGTAGAACATATGCAG_002,169
AGCCAGTAGAACATATGCAG_003,144
CCGACGACGACTTCCCCGCG_001,145
CCGACGACGACTTCCCCGCG_002,29
CCGACGACGACTTCCCCGCG_003,193
CCGACGACGACTTCCCCGCG_004,193
CCGACGACGACTTCCCCGCG_005,0
CCGACGACGACTTCCCCGCG_006,100
CCGACGACGACTTCCCCGCG_007,18
CCGACGACGACTTCCCCGCG_008,107
CCGACGACGACTTCCCCGCG_009,150
CCGACGACGACTTCCCCGCG_010,159
CCGACGACGACTTCCCCGCG_011,111
CCGACGACGACTTCCCCGCG_012,80
CCGACGACGACTTCCCCGCG_013,116
CCGACGACGACTTCCCCGCG_014,113
CCGACGACGACTTCCCCGCG_015,113
CCGACGACGACTTCCCCGCG_016,56
CCGACGACGACTTCCCCGCG_017,32
CCGACGACGACTTCCCCGCG_018,162
CCGACGACGACTTCCCCGCG_019,19
CCGACGACGACTTCCCCGCG_020,19
CCGACGACGACTTCCCCGCG_021,150
CCGACGACGACTTCCCCGCG_022,148
CCGACGACGACTTCCCCGCG_023,60
CCGACGACGACTTCCCCGCG_024,142
CCGACGACGACTTCCCCGCG_025,50
CCGACGACGACTTCCCCGCG_026,172
CAGGAGCTGGAGCGCGACTA_001,176
CAGGAGCTGGAGCGCGACTA_002,94
CAGGAGCTGGAGCGCGACTA_003,142
CAGGAGCTGGAGCGCGACTA_004,103
CAGGAGCTGGAGCGCGACTA_005,119
CAGGAGCTGGAGCGCGACTA_006,21
CAGGAGCTGGAGCGCGACTA_007,100
CAGGAGCTGGAGCGCGACTA_008,184
CAGGAGCTGGAGCGCGACTA_009,10
CAGGAGCTGGAGCGCGACTA_010,81
CAGGAGCTGGAGCGCGACTA_011,46
CAGGAGCTGGAGCGCGACTA_012,172
CAGGAGCTGGAGCGCGACTA_013,170
CAGGAGCTGGAGCGCGACTA_014,169
CAGGAGCTGGAGCGCGACTA_015,141
CAGGAGCTGGAGCGCGACTA_016,58
AGTATGAGTTCACCGACCCG_001,150
AGTATGAGTTCACCGACCCG_002,178
AGTATGAGTTCACCGACCCG_003,9
AGTATGAGTTCACCGACCCG_004,19
AGTATGAGTTCACCGACCCG_005,169
AGTATGAGTTCACCGACCCG_006,36
AGTATGAGTTCACCGACCCG_007,6
AGTATGAGTTCACCGACCCG_008,102
AGTATGAGTTCACCGACCCG_009,9
AGTATGAGTTCACCGACCCG_010,144
AGTATGAGTTCACCGACCCG_011,9
AGTATGAGTTCACCGACCCG_012,15
AGTATGAGTTCACCGACCCG_013,199
AGTATGAGTTCACCGACCCG_014,1
AGTATGAGTTCACCGACCCG_015,61
AGTATGAGTTCACCGACCCG_016,186
AGTATGAGTTCACCGACCCG_017,40
AGTATGAGTTCACCGACCCG_018,132
CAGACCAACGAGATGCTCCG_001,77
CAGACCAACGAGATGCTCCG_002,40
CAGACCAACGAGATGCTCCG_003,188
CAGACCAACGAGATGCTCCG_004,149
CAGACCAACGAGATGCTCCG_005,122
CAGACCAACGAGATGCTCCG_006,57
CAGACCAACGAGATGCTCCG_007,2
CAGACCAACGAGATGCTCCG_008,175
CGAGGAAAAGAAGTATACGA_001,44
CGAGGAAAAGAAGTATACGA_002,198
CGAGGAAAAGAAGTATACGA_003,23
CGAGGAAAAGAAGTATACGA_004,48
CGAGGAAAAGAAGTATACGA_005,101
CGAGGAAAAGAAGTATACGA_006,101
CGAGGAAAAGAAGTATACGA_007,11
CGAGGAAAAGAAGTATACGA_008,23
CGAGGAAAAGAAGTATACGA_009,49
CGAGGAAAAGAAGTATACGA_010,170
CGAGGAAAAGAAGTATACGA_011,121
CGAGGAAAAGAAGTATACGA_012,78
CGAGGAAAAGAAGTATACGA_013,5
CGAGGAAAAGAAGTATACGA_014,103
CGAGGAAAAGAAGTATACGA_015,160
CGAGGAAAAGAAGTATACGA_016,97
CGAGGAAAAGAAGTATACGA_017,68
CGAGGAAAAGAAGTATACGA_018,88
CGAGGAAAAGAAGTATACGA_019,66
ACAATCCGTAGAACAGTCTG_001,106
ACAATCCGTAGAACAGTCTG_002,98
ACAATCCGTAGAACAGTCTG_003,57
ACAATCCGTAGAACAGTCTG_004,73
ACAATCCGTAGAACAGTCTG_005,77
ACAATCCGTAGAACAGTCTG_006,199
ACAATCCGTAGAACAGTCTG_007,117
ACAATCCGTAGAACAGTCTG_008,22
GCAACACTCACCATAGCCCT_001,197
GCAACACTCACCATAGCCCT_002,81
GCAACACTCACCATAGCCCT_003,152
GCAACACTCACCATAGCCCT_004,165
GCAACACTCACCATAGCCCT_005,22
GCAACACTCACCATAGCCCT_006,68
GCAACACTCACCATAGCCCT_007,175
GCAACACTCACCATAGCCCT_008,170
GCAACACTCACCATAGCCCT_009,62
GCAACACTCACCATAGCCCT_010,137
CAACAATCCAGAATTTGTGG_001,148
CAACAATCCAGAATTTGTGG_002,174
CAACAATCCAGAATTTGTGG_003,57
CAACAATCCAGAATTTGTGG_004,38
CAACAATCCAGAATTTGTGG_005,157
TGGACAGGAGTTCATCCGAG_001,158
TGGACAGGAGTTCATCCGAG_002,177
TGGACAGGAGTTCATCCGAG_003,176
TGGACAGGAGTTCATCCGAG_004,171
TGGACAGGAGTTCATCCGAG_005,53
TGGACAGGAGTTCATCCGAG_006,97
TGGACAGGAGTTCATCCGAG_007,74
GGCGCCGACTTCGACTCTTG_001,175
GGCGCCGACTTCGACTCTTG_002,81
GGCGCCGACTTCGACTCTTG_003,6
GGCGCCGACTTCGACTCTTG_004,29
GGCGCCGACTTCGACTCTTG_005,160
GGCGCCGACTTCGACTCTTG_006,79
GGCGCCGACTTCGACTCTTG_007,60
GGCGCCGACTTCGACTCTTG_008,175
GGCGCCGACTTCGACTCTTG_009,118
GGCGCCGACTTCGACTCTTG_010,166
GGCGCCGACTTCGACTCTTG_011,48
GGCGCCGACTTCGACTCTTG_012,153
GTATACTGAATAATGATGAA_001,128
GTATACTGAATAATGATGAA_002,140
GTATACTGAATAATGATGAA_003,10
GTATACTGAATAATGATGAA_004,60
GTATACTGAATAATGATGAA_005,49
GTATACTGAATAATGATGAA_006,166
GTATACTGAATAATGATGAA_007,10
GTATACTGAATAATGATGAA_008,82
GTATACTGAATAATGATGAA_009,106
GTATACTGAATAATGATGAA_010,106
GAAGGGTAAGTGCACGGCAA_001,97
GAAGGGTAAGTGCACGGCAA_002,116
GAAGGGTAAGTGCACGGCAA_003,22
GAAGGGTAAGTGCACGGCAA_004,103
GAAGGGTAAGTGCACGGCAA_005,56
GAAGGGTAAGTGCACGGCAA_006,141
GAAGGGTAAGTGCACGGCAA_007,172
GCGGACAGTGAGAATGACAT_001,106
GCGGACAGTGAGAATGACAT_002,158
GCGGACAGTGAGAATGACAT_003,53
GCGGACAGTGAGAATGACAT_004,42
GCGGACAGTGAGAATGACAT_005,174
GCGGACAGTGAGAATGACAT_006,38
GCGGACAGTGAGAATGACAT_007,89
GCGGACAGTGAGAATGACAT_008,171
GCGGACAGTGAGAATGACAT_009,195
GCGGACAGTGAGAATGACAT_010,1
GCGGACAGTGAGAATGACAT_011,47
GCGGACAGTGAGAATGACAT_012,0
GTTGTCATGACATTGTCTGC_001,148
GTTGTCATGACATTGTCTGC_002,158
ACACAAAATCTTATATTGTG_001,110
ACACAAAATCTTATATTGTG_002,91
ATAGAAGAGGGACATTCGAT_001,49
ATAGAAGAGGGACATTCGAT_002,70
ATAGAAGAGGGACATTCGAT_003,93
ATAGAAGAGGGACATTCGAT_004,127
ATAGAAGAGGGACATTCGAT_005,113
ATAGAAGAGGGACATTCGAT_006,50
ATAGAAGAGGGACATTCGAT_007,72
ATAGAAGAGGGACATTCGAT_008,19
ATAGAAGAGGGACATTCGAT_009,149
ATAGAAGAGGGACATTCGAT_010,130
ATAGAAGAGGGACATTCGAT_011,77
ATAGAAGAGGGACATTCGAT_012,140
ATAGAAGAGGGACATTCGAT_013,24
ATAGAAGAGGGACATTCGAT_014,68
ATAGAAGAGGGACATTCGAT_015,185
ATAGAAGAGGGACATTCGAT_016,29
ATAGAAGAGGGACATTCGAT_017,157
ATAGAAGAGGGACATTCGAT_018,76
ATAGAAGAGGGACATTCGAT_019,143
AATCCCTATGAGATGATCCG_001,164
AATCCCTATGAGATGATCCG_002,31
AATCCCTATGAGATGATCCG_003,69
AATCCCTATGAGATGATCCG_004,67
AATCCCTATGAGATGATCCG_005,58
AATCCCTATGAGATGATCCG_006,61
AATCCCTATGAGATGATCCG_007,50
AATCCCTATGAGATGATCCG_008,17
AGACCACAGCATCTCACGAG_001,8
AGACCACAGCATCTCACGAG_002,150
AGACCACAGCATCTCACGAG_003,134
AGACCACAGCATCTCACGAG_004,156
AGACCACAGCATCTCACGAG_005,25
AGACCACAGCATCTCACGAG_006,151
AGACCACAGCATCTCACGAG_007,31
AGACCACAGCATCTCACGAG_008,106
AGACCACAGCATCTCACGAG_009,10
AAGAAGGCGTTCCTTCCCTG_001,115
AAGAAGGCGTTCCTTCCCTG_002,144
AAGAAGGCGTTCCTTCCCTG_003,118
AAGAAGGCGTTCCTTCCCTG_004,188
AAGAAGGCGTTCCTTCCCTG_005,115
AAGAAGGCGTTCCTTCCCTG_006,184
AAGAAGGCGTTCCTTCCCTG_007,86
AAGAAGGCGTTCCTTCCCTG_008,123
AAGAAGGCGTTCCTTCCCTG_009,72
AAGAAGGCGTTCCTTCCCTG_010,173
AAGAAGGCGTTCCTTCCCTG_011,77
AAGAAGGCGTTCCTTCCCTG_012,62
AAGAAGGCGTTCCTTCCCTG_013,151
AAGAAGGCGTTCCTTCCCTG_014,118
AAGAAGGCGTTCCTTCCCTG_015,12
AAGAAGGCGTTCCTTCCCTG_016,162
AAGAAGGCGTTCCTTCCCTG_017,44
AAGAAGGCGTTCCTTCCCTG_018,112
AAGAAGGCGTTCCTTCCCTG_019,10
AAGAAGGCGTTCCTTCCCTG_020,50
AAGAAGGCGTTCCTTCCCTG_021,185
AAGAAGGCGTTCCTTCCCTG_022,56
GCTCTTGGAAATACGCAGCG_001,15
GCTCTTGGAAATACGCAGCG_002,162
GCTCTTGGAAATACGCAGCG_003,188
GCTCTTGGAAATACGCAGCG_004,75
GCTCTTGGAAATACGCAGCG_005,105
GCTCTTGGAAATACGCAGCG_006,52
GCTCTTGGAAATACGCAGCG_007,184
GCTCTTGGAAATACGCAGCG_008,43
GCTCTTGGAAATACGCAGCG_009,122
GCTCTTGGAAATACGCAGCG_010,181
GCTCTTGGAAATACGCAGCG_011,62
AACTACCTTTCATGGAGCAA_001,55
AACTACCTTTCATGGAGCAA_002,107
AACTACCTTTCATGGAGCAA_003,60
AACTACCTTTCATGGAGCAA_004,23
AACTACCTTTCATGGAGCAA_005,81
AACTACCTTTCATGGAGCAA_006,104
AACTACCTTTCATGGAGCAA_007,148
AACTACCTTTCATGGAGCAA_008,83
AACTACCTTTCATGGAGCAA_009,148
AACTACCTTTCATGGAGCAA_010,65
AACTACCTTTCATGGAGCAA_011,48
AACTACCTTTCATGGAGCAA_012,61
AACTACCTTTCATGGAGCAA_013,28
AACTACCTTTCATGGAGCAA_014,46
AACTACCTTTCATGGAGCAA_015,8
AACTACCTTTCATGGAGCAA_016,188
GGTTCTCCAGAGTCACATCA_001,27
GGTTCTCCAGAGTCACATCA_002,156
GGTTCTCCAGAGTCACATCA_003,166
GGTTCTCCAGAGTCACATCA_004,150
GGTTCTCCAGAGTCACATCA_005,127
GGTTCTCCAGAGTCACATCA_006,15
GGTTCTCCAGAGTCACATCA_007,160
GGTTCTCCAGAGTCACATCA_008,78
GGTTCTCCAGAGTCACATCA_009,155
GGTTCTCCAGAGTCACATCA_010,117
GGTTCTCCAGAGTCACATCA_011,53
GGTTCTCCAGAGTCACATCA_012,190
GGTTCTCCAGAGTCACATCA_013,17
GGTTCTCCAGAGTCACATCA_014,33
GGTTCTCCAGAGTCACATCA_015,40
GGTTCTCCAGAGTCACATCA_016,60
GGTTCTCCAGAGTCACATCA_017,73
GGTTCTCCAGAGTCACATCA_018,97
GGTTCTCCAGAGTCACATCA_019,153
GGTTCTCCAGAGTCACATCA_020,136
GGTTCTCCAGAGTCACATCA_021,190
GGTTCTCCAGAGTCACATCA_022,148
ATTCGGGCAAATAGCATCTG_001,10
ATTCGGGCAAATAGCATCTG_002,153
ATTCGGGCAAATAGCATCTG_003,78
ATTCGGGCAAATAGCATCTG_004,125
ATTCGGGCAAATAGCATCTG_005,99
ATTCGGGCAAATAGCATCTG_006,36
ATTCGGGCAAATAGCATCTG_007,9
ATTCGGGCAAATAGCATCTG_008,141
TGGCGGAACTCAAGACACGC_001,122
TGGCGGAACTCAAGACACGC_002,177
TGGCGGAACTCAAGACACGC_003,148
TGGCGGAACTCAAGACACGC_004,111
TGGCGGAACTCAAGACACGC_005,34
TGGCGGAACTCAAGACACGC_006,144
TGGCGGAACTCAAGACACGC_007,143
TGGCGGAACTCAAGACACGC_008,4
TGGCGGAACTCAAGACACGC_009,78
TGGCGGAACTCAAGACACGC_010,132
TGGCGGAACTCAAGACACGC_011,116
TGGCGGAACTCAAGACACGC_012,11
TGGCGGAACTCAAGACACGC_013,103
TGGCGGAACTCAAGACACGC_014,150
TGGCGGAACTCAAGACACGC_015,115
TGGCGGAACTCAAGACACGC_016,106
TGGCGGAACTCAAGACACGC_017,160
TGGCGGAACTCAAGACACGC_018,45
TGGCGGAACTCAAGACACGC_019,148
TGGCGGAACTCAAGACACGC_020,148
TGGCGGAACTCAAGACACGC_021,56
CCCCCGGAAAAGTGCTGAAG_001,185
CCCCCGGAAAAGTGCTGAAG_002,43
CCCCCGGAAAAGTGCTGAAG_003,156
CCCCCGGAAAAGTGCTGAAG_004,29
CCCCCGGAAAAGTGCTGAAG_005,107
CCCCCGGAAAAGTGCTGAAG_006,146
CCCCCGGAAAAGTGCTGAAG_007,65
CCCCCGGAAAAGTGCTGAAG_008,160
CCCCCGGAAAAGTGCTGAAG_009,85
CCCCCGGAAAAGTGCTGAAG_010,41
CCCCCGGAAAAGTGCTGAAG_011,105
CCCCCGGAAAAGTGCTGAAG_012,166
CCCCCGGAAAAGTGCTGAAG_013,20
CCCCCGGAAAAGTGCTGAAG_014,170
CCCCCGGAAAAGTGCTGAAG_015,191
CCCCCGGAAAAGTGCTGAAG_016,10
CCCCCGGAAAAGTGCTGAAG_017,148
CCCCCGGAAAAGTGCTGAAG_018,197
CCCCCGGAAAAGTGCTGAAG_019,43
CCCCCGGAAAAGTGCTGAAG_020,136
TGAAGAGGAAGAAATCGACG_001,2
TGAAGAGGAAGAAATCGACG_002,138
TGAAGAGGAAGAAATCGACG_003,49
TGAAGAGGAAGAAATCGACG_004,34
TGAAGAGGAAGAAATCGACG_005,82
TGAAGAGGAAGAAATCGACG_006,84
TGAAGAGGAAGAAATCGACG_007,197
TGAAGAGGAAGAAATCGACG_008,169
TGAAGAGGAAGAAATCGACG_009,132
TGAAGAGGAAGAAATCGACG_010,195
TGAAGAGGAAGAAATCGACG_011,88
TGAAGAGGAAGAAATCGACG_012,149
TGAAGAGGAAGAAATCGACG_013,102
TGAAGAGGAAGAAATCGACG_014,193
TGAAGAGGAAGAAATCGACG_015,49
TGAAGAGGAAGAAATCGACG_016,15
TGAAGAGGAAGAAATCGACG_017,148
AGAAAGCACCCGCCATGACT_001,138
AGAAAGCACCCGCCATGACT_002,9
AGAAAGCACCCGCCATGACT_003,150
AGAAAGCACCCGCCATGACT_004,130
AGAAAGCACCCGCCATGACT_005,14
AGAAAGCACCCGCCATGACT_006,123
ATCCCTAGAAGGAACTTACT_001,17
ATCCCTAGAAGGAACTTACT_002,169
ATCCCTAGAAGGAACTTACT_003,149
ATCCCTAGAAGGAACTTACT_004,54
ATCCCTAGAAGGAACTTACT_005,52
ATCCCTAGAAGGAACTTACT_006,40
TGGGGCTCTGCATCTCACAG_001,40
TGGGGCTCTGCATCTCACAG_002,5
TGGGGCTCTGCATCTCACAG_003,62
TGGGGCTCTGCATCTCACAG_004,89
CCAGTCGGCCGTAATCCGAG_001,73
CCAGTCGGCCGTAATCCGAG_002,56
CCAGTCGGCCGTAATCCGAG_003,91
CCAGTCGGCCGTAATCCGAG_004,136
CTGGAGAGCAAGGTTCCCAG_001,77
CTGGAGAGCAAGGTTCCCAG_002,7
CTGGAGAGCAAGGTTCCCAG_003,1
CTGGAGAGCAAGGTTCCCAG_004,29
CTGGAGAGCAAGGTTCCCAG_005,53
CTGGAGAGCAAGGTTCCCAG_006,72
CTGGAGAGCAAGGTTCCCAG_007,52
CTGGAGAGCAAGGTTCCCAG_008,149
CTGGAGAGCAAGGTTCCCAG_009,149
CTGGAGAGCAAGGTTCCCAG_010,150
CTGGAGAGCAAGGTTCCCAG_011,96
CTGGAGAGCAAGGTTCCCAG_012,113
CTGGAGAGCAAGGTTCCCAG_013,78
CTGGAGAGCAAGGTTCCCAG_014,130
CTGGAGAGCAAGGTTCCCAG_015,177
CTGGAGAGCAAGGTTCCCAG_016,180
CTGGAGAGCAAGGTTCCCAG_017,144
CTGGAGAGCAAGGTTCCCAG_018,105
CTGGAGAGCAAGGTTCCCAG_019,180
CTGGAGAGCAAGGTTCCCAG_020,124
CCGACTGGCGAGTGACACAG_001,133
CCGACTGGCGAGTGACACAG_002,169
CCGACTGGCGAGTGACACAG_003,94
CCGACTGGCGAGTGACACAG_004,15
CCGACTGGCGAGTGACACAG_005,43
CCGACTGGCGAGTGACACAG_006,61
CCGACTGGCGAGTGACACAG_007,11
CCGACTGGCGAGTGACACAG_008,170
CCGACTGGCGAGTGACACAG_009,103
CCGACTGGCGAGTGACACAG_010,54
CCGACTGGCGAGTGACACAG_011,188
CCGACTGGCGAGTGACACAG_012,29
CCGACTGGCGAGTGACACAG_013,68
GATACGGTCGGGACTCAACG_001,102
GATACGGTCGGGACTCAACG_002,150
GATACGGTCGGGACTCAACG_003,5
GATACGGTCGGGACTCAACG_004,177
GATACGGTCGGGACTCAACG_005,177
GATACGGTCGGGACTCAACG_006,104
GATACGGTCGGGACTCAACG_007,127
GATACGGTCGGGACTCAACG_008,70
GATACGGTCGGGACTCAACG_009,122
GATACGGTCGGGACTCAACG_010,1
GATACGGTCGGGACTCAACG_011,122
GATACGGTCGGGACTCAACG_012,88
GATACGGTCGGGACTCAACG_013,19
GATACGGTCGGGACTCAACG_014,80
GATACGGTCGGGACTCAACG_015,178
GATACGGTCGGGACTCAACG_016,160
GATACGGTCGGGACTCAACG_017,118
GATACGGTCGGGACTCAACG_018,9
GACTACAGCAGCTCTTCAAG_001,161
GACTACAGCAGCTCTTCAAG_002,63
GACTACAGCAGCTCTTCAAG_003,68
GACTACAGCAGCTCTTCAAG_004,98
GACTACAGCAGCTCTTCAAG_005,8
GACTACAGCAGCTCTTCAAG_006,30
GACTACAGCAGCTCTTCAAG_007,83
GACTACAGCAGCTCTTCAAG_008,3
CCTCATAAATGTTTATACGG_001,177
CTACCTGGGAGGACATCCCG_001,5
CTACCTGGGAGGACATCCCG_002,49
CTACCTGGGAGGACATCCCG_003,130
CTACCTGGGAGGACATCCCG_004,15
CTACCTGGGAGGACATCCCG_005,118
CTACCTGGGAGGACATCCCG_006,177
CTACCTGGGAGGACATCCCG_007,142
CTACCTGGGAGGACATCCCG_008,157
CCAGACCTAAAGTAACGTCG_001,65
CCAGACCTAAAGTAACGTCG_002,163
CCAGACCTAAAGTAACGTCG_003,91
CCAGACCTAAAGTAACGTCG_004,83
AAGTGCCCTCTTCGTCAAGA_001,183
AAGTGCCCTCTTCGTCAAGA_002,199
AAGTGCCCTCTTCGTCAAGA_003,9
AAGTGCCCTCTTCGTCAAGA_004,87
AAGTGCCCTCTTCGTCAAGA_005,51
AAGTGCCCTCTTCGTCAAGA_006,6
AAGTGCCCTCTTCGTCAAGA_007,80
AAGTGCCCTCTTCGTCAAGA_008,69
AAGTGCCCTCTTCGTCAAGA_009,81
AAGTGCCCTCTTCGTCAAGA_010,47
AAGTGCCCTCTTCGTCAAGA_011,35
AAGTGCCCTCTTCGTCAAGA_012,138
AAGTGCCCTCTTCGTCAAGA_013,72
AAGTGCCCTCTTCGTCAAGA_014,69
AAGTGCCCTCTTCGTCAAGA_015,157
AAGTGCCCTCTTCGTCAAGA_016,34
ACAATGCCAGGAAAGGGCCC_001,39
ACAATGCCAGGAAAGGGCCC_002,162
ACAATGCCAGGAAAGGGCCC_003,81
AGCTAAGCGTCGCCAACATG_001,150
AGCTAAGCGTCGCCAACATG_002,176
AGCTAAGCGTCGCCAACATG_003,103
CCAGACACAGGACAGCGCTG_001,94
CCAGACACAGGACAGCGCTG_002,159
CCAGACACAGGACAGCGCTG_003,147
CCAGACACAGGACAGCGCTG_004,184
CCAGACACAGGACAGCGCTG_005,115
CCAGACACAGGACAGCGCTG_006,60
CCAGACACAGGACAGCGCTG_007,98
AGGGGAAATTGAGACCGCCA_001,106
AGGGGAAATTGAGACCGCCA_002,169
AGGGGAAATTGAGACCGCCA_003,113
AGGGGAAATTGAGACCGCCA_004,139
AGGGGAAATTGAGACCGCCA_005,106
AGGGGAAATTGAGACCGCCA_006,175
AGGGGAAATTGAGACCGCCA_007,78
AGGGGAAATTGAGACCGCCA_008,103
AGGGGAAATTGAGACCGCCA_009,190
AGGGGAAATTGAGACCGCCA_010,192
AGGGGAAATTGAGACCGCCA_011,155
AGGGGAAATTGAGACCGCCA_012,130
AGGGGAAATTGAGACCGCCA_013,158
AGGGGAAATTGAGACCGCCA_014,128
AGGGGAAATTGAGACCGCCA_015,70
AGGGGAAATTGAGACCGCCA_016,158
AGGGGAAATTGAGACCGCCA_017,189
AGGGGAAATTGAGACCGCCA_018,10
AGGGGAAATTGAGACCGCCA_019,9
AGGGGAAATTGAGACCGCCA_020,69
AGGGGAAATTGAGACCGCCA_021,116
AGGGGAAATTGAGACCGCCA_022,177
AGGGGAAATTGAGACCGCCA_023,56
AGGGGAAATTGAGACCGCCA_024,127
AGGGGAAATTGAGACCGCCA_025,29
AGGGGAAATTGAGACCGCCA_026,199
AGGGGAAATTGAGACCGCCA_027,60
AGGGGAAATTGAGACCGCCA_028,26
AGGGGAAATTGAGACCGCCA_029,194
AGGGGAAATTGAGACCGCCA_030,184
AGGGGAAATTGAGACCGCCA_031,161
AGGGGAAATTGAGACCGCCA_032,98
AGGGGAAATTGAGACCGCCA_033,169
AGGGGAAATTGAGACCGCCA_034,162
AGGGGAAATTGAGACCGCCA_035,55
AGGGGAAATTGAGACCGCCA_036,55
AGGGGAAATTGAGACCGCCA_037,96
AGGGGAAATTGAGACCGCCA_038,68
AGGGGAAATTGAGACCGCCA_039,49
AGGGGAAATTGAGACCGCCA_040,121
AGGGGAAATTGAGACCGCCA_041,77
AGGGGAAATTGAGACCGCCA_042,114
AGGGGAAATTGAGACCGCCA_043,192
CTTGTCCATTGAATGGAACA_001,44
CTTGTCCATTGAATGGAACA_002,10
CTTGTCCATTGAATGGAACA_003,5
GAGTCTGGAAGTGTCTCCTG_001,65
ATAAGGCAATGGTAATCCTA_001,97
AGCTGGTTGAAGCTGAACGT_001,116
AGCTGGTTGAAGCTGAACGT_002,9
AGCTGGTTGAAGCTGAACGT_003,133
AGCTGGTTGAAGCTGAACGT_004,175
AGCTGGTTGAAGCTGAACGT_005,81
AGCTGGTTGAAGCTGAACGT_006,154
AGCTGGTTGAAGCTGAACGT_007,189
AGCTGGTTGAAGCTGAACGT_008,197
AGCTGGTTGAAGCTGAACGT_009,49
AGCTGGTTGAAGCTGAACGT_010,102
AGCTGGTTGAAGCTGAACGT_011,81
AGCTGGTTGAAGCTGAACGT_012,26
AGCTGGTTGAAGCTGAACGT_013,115
AGCTGGTTGAAGCTGAACGT_014,16
AGCTGGTTGAAGCTGAACGT_015,83
AGCTGGTTGAAGCTGAACGT_016,17
AGCTGGTTGAAGCTGAACGT_017,6
AGCTGGTTGAAGCTGAACGT_018,174
AGCTGGTTGAAGCTGAACGT_019,71
AGCTGGTTGAAGCTGAACGT_020,197
AGCTGGTTGAAGCTGAACGT_021,183
AGCTGGTTGAAGCTGAACGT_022,182
AGCTGGTTGAAGCTGAACGT_023,77
AGCTGGTTGAAGCTGAACGT_024,22
ACCATTGCTCCCCGAAACTG_001,188
ACCATTGCTCCCCGAAACTG_002,149
ACCATTGCTCCCCGAAACTG_003,88
ACCATTGCTCCCCGAAACTG_004,121
ACCATTGCTCCCCGAAACTG_005,15
ACCATTGCTCCCCGAAACTG_006,81
ACCATTGCTCCCCGAAACTG_007,93
ACCATTGCTCCCCGAAACTG_008,75
ACCATTGCTCCCCGAAACTG_009,197
ACCATTGCTCCCCGAAACTG_010,59
ACCATTGCTCCCCGAAACTG_011,57
ACCATTGCTCCCCGAAACTG_012,79
ACCATTGCTCCCCGAAACTG_013,192
ACCATTGCTCCCCGAAACTG_014,94
ACCATTGCTCCCCGAAACTG_015,46
ACCATTGCTCCCCGAAACTG_016,91
ACCATTGCTCCCCGAAACTG_017,175
ACCATTGCTCCCCGAAACTG_018,6
ACCATTGCTCCCCGAAACTG_019,6
ACCATTGCTCCCCGAAACTG_020,28
ACCATTGCTCCCCGAAACTG_021,68
ACCATTGCTCCCCGAAACTG_022,96
GCTCGTGAGGCTCTACGCTG_001,127
GCTCGTGAGGCTCTACGCTG_002,70
GCTCGTGAGGCTCTACGCTG_003,126
GCTCGTGAGGCTCTACGCTG_004,105
GCTCGTGAGGCTCTACGCTG_005,97
GCTCGTGAGGCTCTACGCTG_006,80
GCTCGTGAGGCTCTACGCTG_007,43
GCTCGTGAGGCTCTACGCTG_008,162
CAGTAGACCGAGTTCCTATG_001,91
CAGTAGACCGAGTTCCTATG_002,143
CAGTAGACCGAGTTCCTATG_003,104
CAGTAGACCGAGTTCCTATG_004,19
CAGTAGACCGAGTTCCTATG_005,184
CAGTAGACCGAGTTCCTATG_006,116
CAGTAGACCGAGTTCCTATG_007,102
CAGTAGACCGAGTTCCTATG_008,62
CAGTAGACCGAGTTCCTATG_009,63
CAGTAGACCGAGTTCCTATG_010,43
CAGTAGACCGAGTTCCTATG_011,76
CAGTAGACCGAGTTCCTATG_012,169
CAGTAGACCGAGTTCCTATG_013,40
CAGTAGACCGAGTTCCTATG_014,1
CAGTAGACCGAGTTCCTATG_015,160
CAGTAGACCGAGTTCCTATG_016,77
CAGTAGACCGAGTTCCTATG_017,190
GTGTGTGAGGCAGTTAACAA_001,111
GTGTGTGAGGCAGTTAACAA_002,147
GTGTGTGAGGCAGTTAACAA_003,42
GTGTGTGAGGCAGTTAACAA_004,98
GTGTGTGAGGCAGTTAACAA_005,65
GTGTGTGAGGCAGTTAACAA_006,152
GTGTGTGAGGCAGTTAACAA_007,74
GTGTGTGAGGCAGTTAACAA_008,185
GTGTGTGAGGCAGTTAACAA_009,51
GTGTGTGAGGCAGTTAACAA_010,23
GTGTGTGAGGCAGTTAACAA_011,27
GTGTGTGAGGCAGTTAACAA_012,165
GTGTGTGAGGCAGTTAACAA_013,134
GTGTGTGAGGCAGTTAACAA_014,174
GTGTGTGAGGCAGTTAACAA_015,108
TAACGATGCCTCCTACGTCG_001,88
TAACGATGCCTCCTACGTCG_002,123
TAACGATGCCTCCTACGTCG_003,183
TAACGATGCCTCCTACGTCG_004,102
TAACGATGCCTCCTACGTCG_005,153
TAACGATGCCTCCTACGTCG_006,159
TAACGATGCCTCCTACGTCG_007,19
TAACGATGCCTCCTACGTCG_008,148
GTAAGGCTCAGGGCACTTCG_001,31
GTAAGGCTCAGGGCACTTCG_002,91
GTAAGGCTCAGGGCACTTCG_003,69
GTAAGGCTCAGGGCACTTCG_004,78
GTAAGGCTCAGGGCACTTCG_005,184
GTAAGGCTCAGGGCACTTCG_006,62
GTAAGGCTCAGGGCACTTCG_007,102
GTAAGGCTCAGGGCACTTCG_008,196
GTAAGGCTCAGGGCACTTCG_009,76
GTAAGGCTCAGGGCACTTCG_010,154
GTAAGGCTCAGGGCACTTCG_011,85
GTAAGGCTCAGGGCACTTCG_012,194
GTAAGGCTCAGGGCACTTCG_013,88
GTAAGGCTCAGGGCACTTCG_014,37
GTAAGGCTCAGGGCACTTCG_015,158
GTAAGGCTCAGGGCACTTCG_016,144
GTAAGGCTCAGGGCACTTCG_017,102
GTAAGGCTCAGGGCACTTCG_018,156
GTAAGGCTCAGGGCACTTCG_019,173
GTAAGGCTCAGGGCACTTCG_020,103
GTAAGGCTCAGGGCACTTCG_021,24
GTAAGGCTCAGGGCACTTCG_022,103
GTAAGGCTCAGGGCACTTCG_023,191
GTAAGGCTCAGGGCACTTCG_024,127
GTAAGGCTCAGGGCACTTCG_025,15
GTAAGGCTCAGGGCACTTCG_026,192
GTAAGGCTCAGGGCACTTCG_027,66
GTAAGGCTCAGGGCACTTCG_028,29
GTAAGGCTCAGGGCACTTCG_029,78
GTAAGGCTCAGGGCACTTCG_030,68
GTAAGGCTCAGGGCACTTCG_031,93
GTAAGGCTCAGGGCACTTCG_032,137
GTAAGGCTCAGGGCACTTCG_033,46
TCAGACACAGAACGATGCAG_001,126
TCAGACACAGAACGATGCAG_002,33
TCAGACACAGAACGATGCAG_003,60
TCAGACACAGAACGATGCAG_004,154
TCAGACACAGAACGATGCAG_005,169
CTAGATCAACCACTACCCAC_001,68
CTAGATCAACCACTACCCAC_002,32
CTAGATCAACCACTACCCAC_003,102
CTAGATCAACCACTACCCAC_004,146
CTAGATCAACCACTACCCAC_005,175
CTAGATCAACCACTACCCAC_006,63
CTAGATCAACCACTACCCAC_007,17
CTAGATCAACCACTACCCAC_008,162
CTAGATCAACCACTACCCAC_009,189
CTAGATCAACCACTACCCAC_010,85
CTAGATCAACCACTACCCAC_011,62
CTAGATCAACCACTACCCAC_012,174
CGACCGGAAGTACACGAGCC_001,156
CGACCGGAAGTACACGAGCC_002,153
CGACCGGAAGTACACGAGCC_003,48
CGACCGGAAGTACACGAGCC_004,6
CGACCGGAAGTACACGAGCC_005,75
CGACCGGAAGTACACGAGCC_006,45
CGACCGGAAGTACACGAGCC_007,140
CGACCGGAAGTACACGAGCC_008,116
CGACCGGAAGTACACGAGCC_009,66
CGACCGGAAGTACACGAGCC_010,172
CGACCGGAAGTACACGAGCC_011,92
CGACCGGAAGTACACGAGCC_012,163
CGACCGGAAGTACACGAGCC_013,133
CGACCGGAAGTACACGAGCC_014,56
CGACCGGAAGTACACGAGCC_015,188
CGACCGGAAGTACACGAGCC_016,12
CGACCGGAAGTACACGAGCC_017,179
CGACCGGAAGTACACGAGCC_018,152
CGACCGGAAGTACACGAGCC_019,9
AGCTAGTCTGCACGACCTCA_001,117
AGCTAGTCTGCACGACCTCA_002,133
AGCTAGTCTGCACGACCTCA_003,197
AGCTAGTCTGCACGACCTCA_004,184
AGCTAGTCTGCACGACCTCA_005,63
AGCTAGTCTGCACGACCTCA_006,88
AGCTAGTCTGCACGACCTCA_007,140
AGCTAGTCTGCACGACCTCA_008,101
AGCTAGTCTGCACGACCTCA_009,149
AGCTAGTCTGCACGACCTCA_010,16
GAGATCGCTTCAAGATTGAG_001,49
GAGATCGCTTCAAGATTGAG_002,2
GAGATCGCTTCAAGATTGAG_003,162
GAGATCGCTTCAAGATTGAG_004,174
GAGATCGCTTCAAGATTGAG_005,40
AGATATTGATACTAGACGCA_001,76
AGATATTGATACTAGACGCA_002,101
CGACAGCTTCGGACCCACGT_001,32
CGACAGCTTCGGACCCACGT_002,77
CGACAGCTTCGGACCCACGT_003,50
CGACAGCTTCGGACCCACGT_004,150
CGACAGCTTCGGACCCACGT_005,69
CGACAGCTTCGGACCCACGT_006,77
CGACAGCTTCGGACCCACGT_007,147
CGACAGCTTCGGACCCACGT_008,114
CGACAGCTTCGGACCCACGT_009,150
CGACAGCTTCGGACCCACGT_010,40
CGACAGCTTCGGACCCACGT_011,187
CGACAGCTTCGGACCCACGT_012,185
CGACAGCTTCGGACCCACGT_013,49
CGACAGCTTCGGACCCACGT_014,100
CGACAGCTTCGGACCCACGT_015,188
CGACAGCTTCGGACCCACGT_016,153
CGACAGCTTCGGACCCACGT_017,199
CGACAGCTTCGGACCCACGT_018,89
CGACAGCTTCGGACCCACGT_019,46
CTCTACTATGAAGCACTGTG_001,147
CTCTACTATGAAGCACTGTG_002,88
CTCTACTATGAAGCACTGTG_003,68
CTCTACTATGAAGCACTGTG_004,121
CTCTACTATGAAGCACTGTG_005,158
CTCTACTATGAAGCACTGTG_006,68
AGCAGTGTGAAAATGGTGCA_001,108
AGCAGTGTGAAAATGGTGCA_002,108
AGCAGTGTGAAAATGGTGCA_003,179
AGCAGTGTGAAAATGGTGCA_004,58
AGCAGTGTGAAAATGGTGCA_005,58
AGCAGTGTGAAAATGGTGCA_006,44
AGCAGTGTGAAAATGGTGCA_007,81
AGCAGTGTGAAAATGGTGCA_008,150
AGCAGTGTGAAAATGGTGCA_009,42
AGCAGTGTGAAAATGGTGCA_010,163
AGCAGTGTGAAAATGGTGCA_011,188
AGCAGTGTGAAAATGGTGCA_012,188
AGCAGTGTGAAAATGGTGCA_013,98
AGCAGTGTGAAAATGGTGCA_014,172
AGCAGTGTGAAAATGGTGCA_015,196
AGCAGTGTGAAAATGGTGCA_016,126
AGCAGTGTGAAAATGGTGCA_017,60
AGCAGTGTGAAAATGGTGCA_018,127
AGCAGTGTGAAAATGGTGCA_019,83
AGCAGTGTGAAAATGGTGCA_020,83
AGCAGTGTGAAAATGGTGCA_021,58
AGCAGTGTGAAAATGGTGCA_022,160
AGCAGTGTGAAAATGGTGCA_023,127
AGCAGTGTGAAAATGGTGCA_024,27
AGCAGTGTGAAAATGGTGCA_025,29
AGCAGTGTGAAAATGGTGCA_026,175
AGCAGTGTGAAAATGGTGCA_027,81
AGCAGTGTGAAAATGGTGCA_028,196
AGCAGTGTGAAAATGGTGCA_029,160
AGCAGTGTGAAAATGGTGCA_030,34
AGCAGTGTGAAAATGGTGCA_031,35
AGCAGTGTGAAAATGGTGCA_032,181
AGCAGTGTGAAAATGGTGCA_033,163
AGCAGTGTGAAAATGGTGCA_034,65
AGCAGTGTGAAAATGGTGCA_035,140
AGCAGTGTGAAAATGGTGCA_036,103
AGCAGTGTGAAAATGGTGCA_037,184
AGCAGTGTGAAAATGGTGCA_038,122
AGCAGTGTGAAAATGGTGCA_039,174
AGAAACGCGCCGTCTGGAAG_001,121
AGAAACGCGCCGTCTGGAAG_002,8
AGAAACGCGCCGTCTGGAAG_003,129
AGAAACGCGCCGTCTGGAAG_004,105
AGAAACGCGCCGTCTGGAAG_005,175
AGAAACGCGCCGTCTGGAAG_006,61
AGAAACGCGCCGTCTGGAAG_007,91
AGAAACGCGCCGTCTGGAAG_008,48
AGAAACGCGCCGTCTGGAAG_009,27
AGAAACGCGCCGTCTGGAAG_010,106
CAGATTGAAGGGGTCCACGT_001,137
CAGATTGAAGGGGTCCACGT_002,102
CAGATTGAAGGGGTCCACGT_003,125
CAGATTGAAGGGGTCCACGT_004,111
CAGATTGAAGGGGTCCACGT_005,193
CAGATTGAAGGGGTCCACGT_006,54
CAGATTGAAGGGGTCCACGT_007,191
CAGATTGAAGGGGTCCACGT_008,48
CAGATTGAAGGGGTCCACGT_009,62
CAGATTGAAGGGGTCCACGT_010,191
CAGATTGAAGGGGTCCACGT_011,43
CAGATTGAAGGGGTCCACGT_012,0
CAGATTGAAGGGGTCCACGT_013,65
CAGATTGAAGGGGTCCACGT_014,155
CAGATTGAAGGGGTCCACGT_015,78
CAGATTGAAGGGGTCCACGT_016,94
CAGATTGAAGGGGTCCACGT_017,191
CAGATTGAAGGGGTCCACGT_018,191
CAGATTGAAGGGGTCCACGT_019,151
CAGATTGAAGGGGTCCACGT_020,199
CAGATTGAAGGGGTCCACGT_021,58
CAGATTGAAGGGGTCCACGT_022,78
CAGATTGAAGGGGTCCACGT_023,33
CAGATTGAAGGGGTCCACGT_024,82
CAGATTGAAGGGGTCCACGT_025,113
CAGATTGAAGGGGTCCACGT_026,5
CAGATTGAAGGGGTCCACGT_027,2
CAGATTGAAGGGGTCCACGT_028,176
CAGATTGAAGGGGTCCACGT_029,12
CAGATTGAAGGGGTCCACGT_030,2
CAGATTGAAGGGGTCCACGT_031,67
CAGATTGAAGGGGTCCACGT_032,60
CAGATTGAAGGGGTCCACGT_033,176
CAGATTGAAGGGGTCCACGT_034,115
CAGATTGAAGGGGTCCACGT_035,146
CAGATTGAAGGGGTCCACGT_036,52
CAGATTGAAGGGGTCCACGT_037,172
CAGATTGAAGGGGTCCACGT_038,14
CAGATTGAAGGGGTCCACGT_039,81
CAGATTGAAGGGGTCCACGT_040,168
CAGATTGAAGGGGTCCACGT_041,63
CAGATTGAAGGGGTCCACGT_042,94
CAGATTGAAGGGGTCCACGT_043,82
CAGATTGAAGGGGTCCACGT_044,43
CCTCTACAGTCCCTAGCACA_001,24
CCTCTACAGTCCCTAGCACA_002,198
CCTCTACAGTCCCTAGCACA_003,2
ACTGGGCTCGTAGTCGAACA_001,76
ACTGGGCTCGTAGTCGAACA_002,37
ACTGGGCTCGTAGTCGAACA_003,157
ACTGGGCTCGTAGTCGAACA_004,144
ACTGGGCTCGTAGTCGAACA_005,28
ACTGGGCTCGTAGTCGAACA_006,156
ACTGGGCTCGTAGTCGAACA_007,33
ACTGGGCTCGTAGTCGAACA_008,127
ACTGGGCTCGTAGTCGAACA_009,76
ACTGGGCTCGTAGTCGAACA_010,161
ACTGGGCTCGTAGTCGAACA_011,114
ACTGGGCTCGTAGTCGAACA_012,188
GAGACCTGTAAACCTTACTC_001,63
GCAGGTCCGAGTAGACGCGC_001,127
GCAGGTCCGAGTAGACGCGC_002,158
GCAGGTCCGAGTAGACGCGC_003,19
GCAGGTCCGAGTAGACGCGC_004,9
GCAGGTCCGAGTAGACGCGC_005,105
GCAGGTCCGAGTAGACGCGC_006,106
GTTTCTGCCATCAATCATAG_001,179
GTTTCTGCCATCAATCATAG_002,190
CAGACTCAAGGTCTCCACAA_001,140
CAGACTCAAGGTCTCCACAA_002,176
CAGACTCAAGGTCTCCACAA_003,176
CAGACTCAAGGTCTCCACAA_004,43
CAGACTCAAGGTCTCCACAA_005,129
CAGACTCAAGGTCTCCACAA_006,127
CAGACTCAAGGTCTCCACAA_007,48
CAGACTCAAGGTCTCCACAA_008,116
CAGACTCAAGGTCTCCACAA_009,118
CAGACTCAAGGTCTCCACAA_010,116
CAGACTCAAGGTCTCCACAA_011,73
CAGACTCAAGGTCTCCACAA_012,55
CAGACTCAAGGTCTCCACAA_013,198
CAGACTCAAGGTCTCCACAA_014,185
CAGACAGCCCCACTCCTCCG_001,25
CAGACAGCCCCACTCCTCCG_002,7
CAGACAGCCCCACTCCTCCG_003,57
CAGACAGCCCCACTCCTCCG_004,166
CAGACAGCCCCACTCCTCCG_005,85
CAGACAGCCCCACTCCTCCG_006,132
CAGACAGCCCCACTCCTCCG_007,33
CAGACAGCCCCACTCCTCCG_008,56
CAGACAGCCCCACTCCTCCG_009,166
CAGACAGCCCCACTCCTCCG_010,10
CAGACAGCCCCACTCCTCCG_011,106
GCTACCACCCTGACCGCTAC_001,159
GCTACCACCCTGACCGCTAC_002,168
GCTACCACCCTGACCGCTAC_003,134
GCTACCACCCTGACCGCTAC_004,5
GCTACCACCCTGACCGCTAC_005,144
GCTACCACCCTGACCGCTAC_006,92
GCTACCACCCTGACCGCTAC_007,165
GCTACCACCCTGACCGCTAC_008,29
GCTACCACCCTGACCGCTAC_009,36
GCTACCACCCTGACCGCTAC_010,67
GCTACCACCCTGACCGCTAC_011,164
GCTACCACCCTGACCGCTAC_012,42
GCTACCACCCTGACCGCTAC_013,62
GCTACCACCCTGACCGCTAC_014,165
GCTACCACCCTGACCGCTAC_015,83
GCTACCACCCTGACCGCTAC_016,187
GCTACCACCCTGACCGCTAC_017,0
GCTACCACCCTGACCGCTAC_018,102
GCTACCACCCTGACCGCTAC_019,112
GCTACCACCCTGACCGCTAC_020,166
GCTACCACCCTGACCGCTAC_021,24
GCTACCACCCTGACCGCTAC_022,102
GCTACCACCCTGACCGCTAC_023,157
AATGAAGTGTTCTGTAGCAA_001,187
AATGAAGTGTTCTGTAGCAA_002,78
AATGAAGTGTTCTGTAGCAA_003,171
AATGAAGTGTTCTGTAGCAA_004,199
AATGAAGTGTTCTGTAGCAA_005,27
ACTCACCTGCACTTGCCGAA_001,37
ACTCACCTGCACTTGCCGAA_002,148
AAGTAACCGCAGTTCTCTGT_001,167
AAGTAACCGCAGTTCTCTGT_002,134
AAGTAACCGCAGTTCTCTGT_003,116
AAGTAACCGCAGTTCTCTGT_004,2
AAGTAACCGCAGTTCTCTGT_005,103
AAGTAACCGCAGTTCTCTGT_006,186
AAGTAACCGCAGTTCTCTGT_007,184
AAGTAACCGCAGTTCTCTGT_008,15
AAGTAACCGCAGTTCTCTGT_009,147
AAGTAACCGCAGTTCTCTGT_010,12
AAGTAACCGCAGTTCTCTGT_011,107
AAGTAACCGCAGTTCTCTGT_012,158
AAGTAACCGCAGTTCTCTGT_013,52
CCAGGCCCACCAAATACACC_001,88
CCAGGCCCACCAAATACACC_002,125
CCAGGCCCACCAAATACACC_003,131
CCAGGCCCACCAAATACACC_004,125
CCAGGCCCACCAAATACACC_005,95
CCAGGCCCACCAAATACACC_006,76
CCAGGCCCACCAAATACACC_007,191
CCAGGCCCACCAAATACACC_008,175
CCAGGCCCACCAAATACACC_009,112
CCAGGCCCACCAAATACACC_010,26
GCCTTCTGACAATTCAGCCC_001,59
GCCTTCTGACAATTCAGCCC_002,150
GCCTTCTGACAATTCAGCCC_003,1
CGGCTACCCCCAGTGAAACG_001,110
CGGCTACCCCCAGTGAAACG_002,18
CGGCTACCCCCAGTGAAACG_003,61
CGGCTACCCCCAGTGAAACG_004,186
CGGCTACCCCCAGTGAAACG_005,11
CGGCTACCCCCAGTGAAACG_006,8
CGGCTACCCCCAGTGAAACG_007,107
CGGCTACCCCCAGTGAAACG_008,60
CGGCTACCCCCAGTGAAACG_009,78
CGGCTACCCCCAGTGAAACG_010,98
CGGCTACCCCCAGTGAAACG_011,1
CGGCTACCCCCAGTGAAACG_012,104
CGGCTACCCCCAGTGAAACG_013,82
CGGCTACCCCCAGTGAAACG_014,35
CGGCTACCCCCAGTGAAACG_015,120
CGGCTACCCCCAGTGAAACG_016,192
CGGCTACCCCCAGTGAAACG_017,5
CGGCTACCCCCAGTGAAACG_018,164
CGGCTACCCCCAGTGAAACG_019,164
CGGCTACCCCCAGTGAAACG_020,104
CGGCTACCCCCAGTGAAACG_021,79
TGTTTATGATGCCTATCGGT_001,146
GCCCACAGAAGGGCAACCAA_001,154
GCCCACAGAAGGGCAACCAA_002,108
GCCCACAGAAGGGCAACCAA_003,94
GCCCACAGAAGGGCAACCAA_004,8
GCCCACAGAAGGGCAACCAA_005,188
GCCCACAGAAGGGCAACCAA_006,146
GCCCACAGAAGGGCAACCAA_007,12
GCCCACAGAAGGGCAACCAA_008,49
GCCCACAGAAGGGCAACCAA_009,22
GCCCACAGAAGGGCAACCAA_010,77
GCCCACAGAAGGGCAACCAA_011,199
GCCCACAGAAGGGCAACCAA_012,168
GCCCACAGAAGGGCAACCAA_013,153
GCCCACAGAAGGGCAACCAA_014,36
GCCCACAGAAGGGCAACCAA_015,147
GCCCACAGAAGGGCAACCAA_016,94
GCCCACAGAAGGGCAACCAA_017,58
GCCCACAGAAGGGCAACCAA_018,24
GCCCACAGAAGGGCAACCAA_019,80
GCCCACAGAAGGGCAACCAA_020,36
GCCCACAGAAGGGCAACCAA_021,103
GCCCACAGAAGGGCAACCAA_022,192
GCCCACAGAAGGGCAACCAA_023,76
GCCCACAGAAGGGCAACCAA_024,151
GCCCACAGAAGGGCAACCAA_025,7
GCCCACAGAAGGGCAACCAA_026,198
GCCCACAGAAGGGCAACCAA_027,86
GCCCACAGAAGGGCAACCAA_028,161
GCCCACAGAAGGGCAACCAA_029,4
GCCCACAGAAGGGCAACCAA_030,83
GCCCACAGAAGGGCAACCAA_031,91
GCCCACAGAAGGGCAACCAA_032,94
GCCCACAGAAGGGCAACCAA_033,181
GCCCACAGAAGGGCAACCAA_034,142
GCCCACAGAAGGGCAACCAA_035,15
GCCCACAGAAGGGCAACCAA_036,36
GCCCACAGAAGGGCAACCAA_037,74
GCCCACAGAAGGGCAACCAA_038,178
GCCCACAGAAGGGCAACCAA_039,108
GCCCACAGAAGGGCAACCAA_040,34
CTCAATAATGCCCACCACTG_001,198
CTCAATAATGCCCACCACTG_002,134
CTCAATAATGCCCACCACTG_003,8
CTCAATAATGCCCACCACTG_004,32
CTCAATAATGCCCACCACTG_005,69
CTCAATAATGCCCACCACTG_006,35
CTCAATAATGCCCACCACTG_007,159
CTCAATAATGCCCACCACTG_008,160
CTCAATAATGCCCACCACTG_009,188
CTCAATAATGCCCACCACTG_010,118
CTCAATAATGCCCACCACTG_011,98
CTCAATAATGCCCACCACTG_012,37
CTCAATAATGCCCACCACTG_013,134
CTCAATAATGCCCACCACTG_014,60
CTCAATAATGCCCACCACTG_015,182
CTCAATAATGCCCACCACTG_016,83
CTCAATAATGCCCACCACTG_017,116
CTCAATAATGCCCACCACTG_018,117
CTCAATAATGCCCACCACTG_019,52
CTCAATAATGCCCACCACTG_020,177
CTCAATAATGCCCACCACTG_021,42
CTCAATAATGCCCACCACTG_022,15
CTCAATAATGCCCACCACTG_023,15
CTCAATAATGCCCACCACTG_024,123
GATGCCCAGTAATTTCACTA_001,199
GATGCCCAGTAATTTCACTA_002,104
GATGCCCAGTAATTTCACTA_003,39
GATGCCCAGTAATTTCACTA_004,198
GATGCCCAGTAATTTCACTA_005,145
GATGCCCAGTAATTTCACTA_006,146
GATGCCCAGTAATTTCACTA_007,104
GATGCCCAGTAATTTCACTA_008,193
GATGCCCAGTAATTTCACTA_009,6
GATGCCCAGTAATTTCACTA_010,105
GATGCCCAGTAATTTCACTA_011,63
CACAGGGTGAGCCGTCCAGT_001,118
CACAGGGTGAGCCGTCCAGT_002,185
CACAGGGTGAGCCGTCCAGT_003,94
CACAGGGTGAGCCGTCCAGT_004,15
TGGCTGCACACTTGTCCCAG_001,125
TGGCTGCACACTTGTCCCAG_002,43
TGGCTGCACACTTGTCCCAG_003,60
TGGCTGCACACTTGTCCCAG_004,65
TGGCTGCACACTTGTCCCAG_005,33
TGGCTGCACACTTGTCCCAG_006,130
TGGCTGCACACTTGTCCCAG_007,50
TGGCTGCACACTTGTCCCAG_008,8
TGTGCTACTTTATCACAGCA_001,72
TGTGCTACTTTATCACAGCA_002,138
TGTGCTACTTTATCACAGCA_003,53
TGTGCTACTTTATCACAGCA_004,132
TGTGCTACTTTATCACAGCA_005,77
TGTGCTACTTTATCACAGCA_006,118
TGTGCTACTTTATCACAGCA_007,176
TGTGCTACTTTATCACAGCA_008,32
TGTGCTACTTTATCACAGCA_009,131
TGTGCTACTTTATCACAGCA_010,181
TGTGCTACTTTATCACAGCA_011,19
TGTGCTACTTTATCACAGCA_012,79
TGTGCTACTTTATCACAGCA_013,35
TGTGCTACTTTATCACAGCA_014,6
GCAGACTAATGTGTTAAGCA_001,130
TGTGGGCCAGAGCATAGCAA_001,132
TGTGGGCCAGAGCATAGCAA_002,147
TGTGGGCCAGAGCATAGCAA_003,199
TGTGGGCCAGAGCATAGCAA_004,127
TGTGGGCCAGAGCATAGCAA_005,55
TGTGGGCCAGAGCATAGCAA_006,191
TGTGGGCCAGAGCATAGCAA_007,62
TGTGGGCCAGAGCATAGCAA_008,168
TGTGGGCCAGAGCATAGCAA_009,7
TGTGGGCCAGAGCATAGCAA_010,197
TGTGGGCCAGAGCATAGCAA_011,2
TGTGGGCCAGAGCATAGCAA_012,52
TGTGGGCCAGAGCATAGCAA_013,104
TGTGGGCCAGAGCATAGCAA_014,164
TGTGGGCCAGAGCATAGCAA_015,164
TGTGGGCCAGAGCATAGCAA_016,187
TGTGGGCCAGAGCATAGCAA_017,103
CTTCTCGGGTAAGTCGTGAA_001,48
CTTCTCGGGTAAGTCGTGAA_002,124
CTTCTCGGGTAAGTCGTGAA_003,27
CTTCTCGGGTAAGTCGTGAA_004,152
CTTCTCGGGTAAGTCGTGAA_005,192
TGGTCACACCCTCCCGTCGG_001,94
TGGTCACACCCTCCCGTCGG_002,77
TGGTCACACCCTCCCGTCGG_003,51
TGGTCACACCCTCCCGTCGG_004,192
TGGTCACACCCTCCCGTCGG_005,42
TGGTCACACCCTCCCGTCGG_006,151
TGGTCACACCCTCCCGTCGG_007,37
TGGTCACACCCTCCCGTCGG_008,43
TGGTCACACCCTCCCGTCGG_009,192
TGGTCACACCCTCCCGTCGG_010,7
TGGTCACACCCTCCCGTCGG_011,81
TGGTCACACCCTCCCGTCGG_012,26
TGGTCACACCCTCCCGTCGG_013,194
TGGTCACACCCTCCCGTCGG_014,58
TGGTCACACCCTCCCGTCGG_015,183
TGGTCACACCCTCCCGTCGG_016,60
TGGTCACACCCTCCCGTCGG_017,149
TGGTCACACCCTCCCGTCGG_018,81
GGCAGTGACGTTGAGCACTG_001,158
GGCAGTGACGTTGAGCACTG_002,113
GGCAGTGACGTTGAGCACTG_003,162
GGCAGTGACGTTGAGCACTG_004,165
GGCAGTGACGTTGAGCACTG_005,41
GGCAGTGACGTTGAGCACTG_006,2
GGCAGTGACGTTGAGCACTG_007,185
GGCAGTGACGTTGAGCACTG_008,159
GGCAGTGACGTTGAGCACTG_009,127
GGCAGTGACGTTGAGCACTG_010,17
GGCAGTGACGTTGAGCACTG_011,148
GGCAGTGACGTTGAGCACTG_012,199
GGCAGTGACGTTGAGCACTG_013,199
GGCAGTGACGTTGAGCACTG_014,82
GGCAGTGACGTTGAGCACTG_015,148
GGCAGTGACGTTGAGCACTG_016,185
GGCAGTGACGTTGAGCACTG_017,59
GGCAGTGACGTTGAGCACTG_018,120
GGCAGTGACGTTGAGCACTG_019,65
GGCAGTGACGTTGAGCACTG_020,153
GGCAGTGACGTTGAGCACTG_021,36
GGCAGTGACGTTGAGCACTG_022,2
GGCAGTGACGTTGAGCACTG_023,68
GGCAGTGACGTTGAGCACTG_024,160
GGCAGTGACGTTGAGCACTG_025,172
GGCAGTGACGTTGAGCACTG_026,21
GGCAGTGACGTTGAGCACTG_027,120
GCTCTTGGTTGGTACAAGTG_001,12
GCTCTTGGTTGGTACAAGTG_002,17
GCTCTTGGTTGGTACAAGTG_003,130
GCTCTTGGTTGGTACAAGTG_004,198
GCTCTTGGTTGGTACAAGTG_005,131
GCTCTTGGTTGGTACAAGTG_006,4
GCTCTTGGTTGGTACAAGTG_007,58
GCTCTTGGTTGGTACAAGTG_008,121
GGACTTGTCAAGCCTGCAGT_001,14
GGACTTGTCAAGCCTGCAGT_002,63
GGACTTGTCAAGCCTGCAGT_003,119
GGACTTGTCAAGCCTGCAGT_004,95
GGACTTGTCAAGCCTGCAGT_005,60
GGACTTGTCAAGCCTGCAGT_006,29
GGACTTGTCAAGCCTGCAGT_007,57
GGACTTGTCAAGCCTGCAGT_008,137
GGACTTGTCAAGCCTGCAGT_009,35
GGACTTGTCAAGCCTGCAGT_010,191
GGACTTGTCAAGCCTGCAGT_011,70
GGACTTGTCAAGCCTGCAGT_012,118
GGACTTGTCAAGCCTGCAGT_013,43
TGTCTTCACATCCCTTCATG_001,198
TGTCTTCACATCCCTTCATG_002,106
TGTCGGAGAAACCACTGCCA_001,13
TGTCGGAGAAACCACTGCCA_002,119
TGTCGGAGAAACCACTGCCA_003,41
TGTCGGAGAAACCACTGCCA_004,182
TGTCGGAGAAACCACTGCCA_005,160
TGTCGGAGAAACCACTGCCA_006,137
TGTCGGAGAAACCACTGCCA_007,16
TGTCGGAGAAACCACTGCCA_008,163
TGTCGGAGAAACCACTGCCA_009,130
TGTCGGAGAAACCACTGCCA_010,149
TGTCGGAGAAACCACTGCCA_011,177
TGTCGGAGAAACCACTGCCA_012,169
TGTCGGAGAAACCACTGCCA_013,84
TGTCGGAGAAACCACTGCCA_014,35
TGTCGGAGAAACCACTGCCA_015,82
TGTCGGAGAAACCACTGCCA_016,14
TGTCGGAGAAACCACTGCCA_017,166
TGTCGGAGAAACCACTGCCA_018,34
TGTCGGAGAAACCACTGCCA_019,58
TGTCGGAGAAACCACTGCCA_020,14
TGTCGGAGAAACCACTGCCA_021,32
TGTCGGAGAAACCACTGCCA_022,29
TGTCGGAGAAACCACTGCCA_023,59
TGTCGGAGAAACCACTGCCA_024,141
TGTCGGAGAAACCACTGCCA_025,72
TGTCGGAGAAACCACTGCCA_026,108
TGTCGGAGAAACCACTGCCA_027,108
CAACATTGACATGAGCCGTG_001,103
CAACATTGACATGAGCCGTG_002,36
CAACATTGACATGAGCCGTG_003,113
CAACATTGACATGAGCCGTG_004,108
CAACATTGACATGAGCCGTG_005,145
CAACATTGACATGAGCCGTG_006,81
CAACATTGACATGAGCCGTG_007,68
CAACATTGACATGAGCCGTG_008,41
CAACATTGACATGAGCCGTG_009,28
CAACATTGACATGAGCCGTG_010,106
CAACATTGACATGAGCCGTG_011,12
CAACATTGACATGAGCCGTG_012,35
AGTCGGCAAGAGCCCCATGG_001,3
AGTCGGCAAGAGCCCCATGG_002,38
AGTCGGCAAGAGCCCCATGG_003,72
AGTCGGCAAGAGCCCCATGG_004,127
AGTCGGCAAGAGCCCCATGG_005,196
AGTCGGCAAGAGCCCCATGG_006,49
AGTCGGCAAGAGCCCCATGG_007,132
AGTCGGCAAGAGCCCCATGG_008,19
AGTCGGCAAGAGCCCCATGG_009,29
AGTCGGCAAGAGCCCCATGG_010,75
AGTCGGCAAGAGCCCCATGG_011,75
AGTCGGCAAGAGCCCCATGG_012,108
AGTCGGCAAGAGCCCCATGG_013,156
AGTCGGCAAGAGCCCCATGG_014,32
AGTCGGCAAGAGCCCCATGG_015,33
AGTCGGCAAGAGCCCCATGG_016,48
AGTCGGCAAGAGCCCCATGG_017,134
AGTCGGCAAGAGCCCCATGG_018,9
AGTCGGCAAGAGCCCCATGG_019,87
AAATTGTAAAGTGACCTACC_001,145
AAATTGTAAAGTGACCTACC_002,40
AAATTGTAAAGTGACCTACC_003,105
ACAGGTACCAGTCATCGAAG_001,155
ACAGGTACCAGTCATCGAAG_002,171
ACAGGTACCAGTCATCGAAG_003,15
ACAGGTACCAGTCATCGAAG_004,145
ACAGGTACCAGTCATCGAAG_005,42
ACAGGTACCAGTCATCGAAG_006,15
ACAGGTACCAGTCATCGAAG_007,142
ACAGGTACCAGTCATCGAAG_008,29
ACAGGTACCAGTCATCGAAG_009,142
TGCCGTAGTCCAATGTAGAG_001,170
TGCCGTAGTCCAATGTAGAG_002,124
TGCCGTAGTCCAATGTAGAG_003,15
TGCCGTAGTCCAATGTAGAG_004,62
TGCCGTAGTCCAATGTAGAG_005,60
AGTCCCCGATGAGCACCACT_001,125
AGTCCCCGATGAGCACCACT_002,71
AGTCCCCGATGAGCACCACT_003,187
AGTCCCCGATGAGCACCACT_004,58
AGTCCCCGATGAGCACCACT_005,130
AGTCCCCGATGAGCACCACT_006,175
AGTCCCCGATGAGCACCACT_007,4
AGTCCCCGATGAGCACCACT_008,80
AGTCCCCGATGAGCACCACT_009,33
AGTCCCCGATGAGCACCACT_010,102
AGTCCCCGATGAGCACCACT_011,12
AGTCCCCGATGAGCACCACT_012,51
AGTCCCCGATGAGCACCACT_013,28
TCTTTGTATGAACAGCTGGG_001,188
TCTTTGTATGAACAGCTGGG_002,154
TCTTTGTATGAACAGCTGGG_003,82
TCTTTGTATGAACAGCTGGG_004,31
TCTTTGTATGAACAGCTGGG_005,121
TCTTTGTATGAACAGCTGGG_006,166
TCTTTGTATGAACAGCTGGG_007,43
TCTTTGTATGAACAGCTGGG_008,149
TCTTTGTATGAACAGCTGGG_009,48
TCTTTGTATGAACAGCTGGG_010,188
TCTTTGTATGAACAGCTGGG_011,145
TCTTTGTATGAACAGCTGGG_012,158
CAGCGAGAGTCCAGGCGACG_001,50
CAGCGAGAGTCCAGGCGACG_002,99
CAGCGAGAGTCCAGGCGACG_003,26
CAGCGAGAGTCCAGGCGACG_004,199
CAGCGAGAGTCCAGGCGACG_005,88
TGTGAGAGAGGCCCGATCTG_001,58
TGTGAGAGAGGCCCGATCTG_002,162
TGTGAGAGAGGCCCGATCTG_003,19
TGTGAGAGAGGCCCGATCTG_004,51
TGTGAGAGAGGCCCGATCTG_005,16
TGTGAGAGAGGCCCGATCTG_006,56
TGTGAGAGAGGCCCGATCTG_007,81
TGTGAGAGAGGCCCGATCTG_008,88
TGTGAGAGAGGCCCGATCTG_009,197
TGTGAGAGAGGCCCGATCTG_010,62
TGTGAGAGAGGCCCGATCTG_011,186
TGTGAGAGAGGCCCGATCTG_012,94
TGTGAGAGAGGCCCGATCTG_013,83
TGTGAGAGAGGCCCGATCTG_014,88
TGTGAGAGAGGCCCGATCTG_015,141
TGTGAGAGAGGCCCGATCTG_016,70
TGTGAGAGAGGCCCGATCTG_017,84
TGTGAGAGAGGCCCGATCTG_018,70
TGTGAGAGAGGCCCGATCTG_019,126
TGTGAGAGAGGCCCGATCTG_020,127
TGTGAGAGAGGCCCGATCTG_021,170
TGTGAGAGAGGCCCGATCTG_022,127
TGTGAGAGAGGCCCGATCTG_023,21
TTCCGGGACGAGCACTACAT_001,115
TTCCGGGACGAGCACTACAT_002,126
TTCCGGGACGAGCACTACAT_003,174
TTCCGGGACGAGCACTACAT_004,8
TTCCGGGACGAGCACTACAT_005,94
TTCCGGGACGAGCACTACAT_006,149
TTCCGGGACGAGCACTACAT_007,172
TTCCGGGACGAGCACTACAT_008,43
TTCCGGGACGAGCACTACAT_009,147
TTCCGGGACGAGCACTACAT_010,94
CTCACCAGGCACGTTCACAA_001,29
CTCACCAGGCACGTTCACAA_002,85
CTCACCAGGCACGTTCACAA_003,8
CTCACCAGGCACGTTCACAA_004,29
CTCACCAGGCACGTTCACAA_005,8
CTCACCAGGCACGTTCACAA_006,102
CTCACCAGGCACGTTCACAA_007,177
CTCACCAGGCACGTTCACAA_008,196
CTCACCAGGCACGTTCACAA_009,191
CTCACCAGGCACGTTCACAA_010,155
CTCACCAGGCACGTTCACAA_011,150
CTCACCAGGCACGTTCACAA_012,107
CTCACCAGGCACGTTCACAA_013,51
CTCACCAGGCACGTTCACAA_014,138
CTCACCAGGCACGTTCACAA_015,53
CTCACCAGGCACGTTCACAA_016,146
CTCACCAGGCACGTTCACAA_017,162
CTCACCAGGCACGTTCACAA_018,91
CTCACCAGGCACGTTCACAA_019,77
CTCACCAGGCACGTTCACAA_020,191
CTCACCAGGCACGTTCACAA_021,13
CTCACCAGGCACGTTCACAA_022,76
CTCACCAGGCACGTTCACAA_023,110
CTCACCAGGCACGTTCACAA_024,141
CTCACCAGGCACGTTCACAA_025,22
CTCACCAGGCACGTTCACAA_026,179
CTCACCAGGCACGTTCACAA_027,87
CTCACCAGGCACGTTCACAA_028,15
CTCACCAGGCACGTTCACAA_029,42
CTCACCAGGCACGTTCACAA_030,193
CTCACCAGGCACGTTCACAA_031,151
CTCACCAGGCACGTTCACAA_032,81
CTCACCAGGCACGTTCACAA_033,146
CTCACCAGGCACGTTCACAA_034,5
CTCACCAGGCACGTTCACAA_035,188
CTCACCAGGCACGTTCACAA_036,79
CTCACCAGGCACGTTCACAA_037,15
CTCACCAGGCACGTTCACAA_038,177
CTCACCAGGCACGTTCACAA_039,8
CTCACCAGGCACGTTCACAA_040,13
CTCACCAGGCACGTTCACAA_041,129
CTCACCAGGCACGTTCACAA_042,112
CTCACCAGGCACGTTCACAA_043,146
CTCACCAGGCACGTTCACAA_044,160
CTCACCAGGCACGTTCACAA_045,191
CTCACCAGGCACGTTCACAA_046,120
CTCACCAGGCACGTTCACAA_047,63
CTCACCAGGCACGTTCACAA_048,184
CTCACCAGGCACGTTCACAA_049,194
CTCACCAGGCACGTTCACAA_050,46
TTTGCAAGAACAAGCCAGGA_001,102
TTTGCAAGAACAAGCCAGGA_002,70
TTTGCAAGAACAAGCCAGGA_003,113
TTTGCAAGAACAAGCCAGGA_004,168
TTTGCAAGAACAAGCCAGGA_005,2
TTTGCAAGAACAAGCCAGGA_006,48
TTTGCAAGAACAAGCCAGGA_007,174
TTTGCAAGAACAAGCCAGGA_008,148
GTCCCTTTACCGGCCCCGGG_001,169
GTCCCTTTACCGGCCCCGGG_002,198
GTCCCTTTACCGGCCCCGGG_003,157
GTCCCTTTACCGGCCCCGGG_004,161
GTCCCTTTACCGGCCCCGGG_005,140
GTCCCTTTACCGGCCCCGGG_006,103
GTCCCTTTACCGGCCCCGGG_007,63
GTCCCTTTACCGGCCCCGGG_008,41
GTCCCTTTACCGGCCCCGGG_009,43
GTCCCTTTACCGGCCCCGGG_010,131
GTCCCTTTACCGGCCCCGGG_011,118
GTCCCTTTACCGGCCCCGGG_012,177
GTCCCTTTACCGGCCCCGGG_013,50
GTCCCTTTACCGGCCCCGGG_014,104
GTCCCTTTACCGGCCCCGGG_015,14
GTCCCTTTACCGGCCCCGGG_016,170
GTCCCTTTACCGGCCCCGGG_017,20
GTCCCTTTACCGGCCCCGGG_018,13
GTCCCTTTACCGGCCCCGGG_019,32
GTCCCTTTACCGGCCCCGGG_020,97
GTCCCTTTACCGGCCCCGGG_021,111
GTCCCTTTACCGGCCCCGGG_022,137
GTCCCTTTACCGGCCCCGGG_023,198
GTCCCTTTACCGGCCCCGGG_024,156
GTCCCTTTACCGGCCCCGGG_025,84
GTCCCTTTACCGGCCCCGGG_026,61
GTCCCTTTACCGGCCCCGGG_027,145
GTCCCTTTACCGGCCCCGGG_028,145
GTCCCTTTACCGGCCCCGGG_029,176
GTCCCTTTACCGGCCCCGGG_030,184
GTCCCTTTACCGGCCCCGGG_031,169
GTCCCTTTACCGGCCCCGGG_032,100
GTCCCTTTACCGGCCCCGGG_033,181
GTGGCACACAACTAAATCTG_001,18
GTGGCACACAACTAAATCTG_002,140
GTGGCACACAACTAAATCTG_003,199
GTGGCACACAACTAAATCTG_004,105
GTGGCACACAACTAAATCTG_005,5
GTGGCACACAACTAAATCTG_006,160
GTGGCACACAACTAAATCTG_007,70
GTGGCACACAACTAAATCTG_008,70
AGATAACACCATTCTCAGTG_001,176
AGATAACACCATTCTCAGTG_002,167
AGATAACACCATTCTCAGTG_003,15
AGATAACACCATTCTCAGTG_004,152
TAGAGGAGGAGACTGAACCG_001,198
TAGAGGAGGAGACTGAACCG_002,153
TTACATGTAGCCTATCATGA_001,89
TTACATGTAGCCTATCATGA_002,116
TTACATGTAGCCTATCATGA_003,79
TTACATGTAGCCTATCATGA_004,157
TCACCGCGTAGGACATGACG_001,133
TCACCGCGTAGGACATGACG_002,34
TCGAGATGATCAATATACAC_001,198
GCATTAAAAGGCAGTCCGGA_001,97
GCATTAAAAGGCAGTCCGGA_002,15
GCATTAAAAGGCAGTCCGGA_003,51
GCATTAAAAGGCAGTCCGGA_004,127
GCATTAAAAGGCAGTCCGGA_005,47
GCATTAAAAGGCAGTCCGGA_006,80
GCATTAAAAGGCAGTCCGGA_007,135
GCATTAAAAGGCAGTCCGGA_008,168
GCATTAAAAGGCAGTCCGGA_009,156
GCATTAAAAGGCAGTCCGGA_010,26
GCATTAAAAGGCAGTCCGGA_011,52
GCATTAAAAGGCAGTCCGGA_012,184
GCATTAAAAGGCAGTCCGGA_013,17
GCATTAAAAGGCAGTCCGGA_014,171
GCATTAAAAGGCAGTCCGGA_015,186
GCATTAAAAGGCAGTCCGGA_016,154
GCATTAAAAGGCAGTCCGGA_017,46
GCATTAAAAGGCAGTCCGGA_018,78
GCATTAAAAGGCAGTCCGGA_019,182
GCATTAAAAGGCAGTCCGGA_020,148
GCATTAAAAGGCAGTCCGGA_021,40
GCATTAAAAGGCAGTCCGGA_022,132
GCATTAAAAGGCAGTCCGGA_023,130
GCATTAAAAGGCAGTCCGGA_024,78
GCATTAAAAGGCAGTCCGGA_025,90
GTTTGGACAGCATCTAGCCA_001,188
GTTTGGACAGCATCTAGCCA_002,12
GCCCTGGGACTCCGTCGGAG_001,134
GCCCTGGGACTCCGTCGGAG_002,37
GCCCTGGGACTCCGTCGGAG_003,12
GCCCTGGGACTCCGTCGGAG_004,53
GCCCTGGGACTCCGTCGGAG_005,199
GCCCTGGGACTCCGTCGGAG_006,54
GCCCTGGGACTCCGTCGGAG_007,169
GCCCTGGGACTCCGTCGGAG_008,179
GCCCTGGGACTCCGTCGGAG_009,22
GCCCTGGGACTCCGTCGGAG_010,198
GCCCTGGGACTCCGTCGGAG_011,35
TAGTCAAGATAGATAGTGTC_001,61
TAGTCAAGATAGATAGTGTC_002,176
TAGTCAAGATAGATAGTGTC_003,94
TAGTCAAGATAGATAGTGTC_004,88
TAGTCAAGATAGATAGTGTC_005,176
TAGTCAAGATAGATAGTGTC_006,41
TAGTCAAGATAGATAGTGTC_007,127
TAGTCAAGATAGATAGTGTC_008,2
TAGTCAAGATAGATAGTGTC_009,28
TAGTCAAGATAGATAGTGTC_010,191
TAGTCAAGATAGATAGTGTC_011,48
TAGTCAAGATAGATAGTGTC_012,83
TAGTCAAGATAGATAGTGTC_013,52
AGCCGTAGTATCTCCCACAC_001,188
AGCCGTAGTATCTCCCACAC_002,61
GCTGTGGCGGAAAGGAGAGT_001,1
GCTGTGGCGGAAAGGAGAGT_002,107
GCTGTGGCGGAAAGGAGAGT_003,62
GCTGTGGCGGAAAGGAGAGT_004,12
GCTGTGGCGGAAAGGAGAGT_005,37
GCTGTGGCGGAAAGGAGAGT_006,191
GCTGTGGCGGAAAGGAGAGT_007,145
GCTGTGGCGGAAAGGAGAGT_008,48
GCTGTGGCGGAAAGGAGAGT_009,40
GCTGTGGCGGAAAGGAGAGT_010,13
GCTGTGGCGGAAAGGAGAGT_011,28
GCTGTGGCGGAAAGGAGAGT_012,41
GCTGTGGCGGAAAGGAGAGT_013,63
GCTGTGGCGGAAAGGAGAGT_014,15
GCTGTGGCGGAAAGGAGAGT_015,106
GCTGTGGCGGAAAGGAGAGT_016,122
GAACCAGCGTCCCAGCGATG_001,41
GAACCAGCGTCCCAGCGATG_002,47
GAACCAGCGTCCCAGCGATG_003,31
GAACCAGCGTCCCAGCGATG_004,92
GAACCAGCGTCCCAGCGATG_005,190
GAACCAGCGTCCCAGCGATG_006,70
GAACCAGCGTCCCAGCGATG_007,71
GAACCAGCGTCCCAGCGATG_008,26
GAACCAGCGTCCCAGCGATG_009,144
GAACCAGCGTCCCAGCGATG_010,16
GAACCAGCGTCCCAGCGATG_011,118
GAACCAGCGTCCCAGCGATG_012,4
GAACCAGCGTCCCAGCGATG_013,105
CAGCTGTAGAACCTCATGCA_001,162
CAGCTGTAGAACCTCATGCA_002,88
CAGCTGTAGAACCTCATGCA_003,44
CAGCTGTAGAACCTCATGCA_004,41
CAGCTGTAGAACCTCATGCA_005,170
CAGCTGTAGAACCTCATGCA_006,115
CAGCTGTAGAACCTCATGCA_007,134
CAGCTGTAGAACCTCATGCA_008,117
CAGCTGTAGAACCTCATGCA_009,142
CAGCTGTAGAACCTCATGCA_010,81
CAGCTGTAGAACCTCATGCA_011,75
TATCTGGTCGTGGCATAACG_001,116
TATCTGGTCGTGGCATAACG_002,78
TATCTGGTCGTGGCATAACG_003,165
TATCTGGTCGTGGCATAACG_004,11
TATCTGGTCGTGGCATAACG_005,149
TATCTGGTCGTGGCATAACG_006,26
TATCTGGTCGTGGCATAACG_007,58
TATCTGGTCGTGGCATAACG_008,48
TATCTGGTCGTGGCATAACG_009,0
AAAGCCCTTCAGAAAAATGC_001,145
AAAGCCCTTCAGAAAAATGC_002,16
AAAGCCCTTCAGAAAAATGC_003,88
AAAGCCCTTCAGAAAAATGC_004,122
AAAGCCCTTCAGAAAAATGC_005,127
AAAGCCCTTCAGAAAAATGC_006,33
AAAGCCCTTCAGAAAAATGC_007,119
AAGACCCCCCCAAAGATCCT_001,88
AAGACCCCCCCAAAGATCCT_002,168
AAGACCCCCCCAAAGATCCT_003,115
AAGACCCCCCCAAAGATCCT_004,144
AAGACCCCCCCAAAGATCCT_005,171
AAGACCCCCCCAAAGATCCT_006,56
AAGACCCCCCCAAAGATCCT_007,73
AAGACCCCCCCAAAGATCCT_008,115
AAGACCCCCCCAAAGATCCT_009,56
AAGACCCCCCCAAAGATCCT_010,67
AAGACCCCCCCAAAGATCCT_011,33
AAGACCCCCCCAAAGATCCT_012,23
AAGACCCCCCCAAAGATCCT_013,158
AAGACCCCCCCAAAGATCCT_014,123
AAGACCCCCCCAAAGATCCT_015,20
AAGACCCCCCCAAAGATCCT_016,113
TCAAATATAAGACCGTCCGC_001,169
TCAAATATAAGACCGTCCGC_002,184
TCAAATATAAGACCGTCCGC_003,14
TCAAATATAAGACCGTCCGC_004,102
ACTGCCCGCAAATCGACCGG_001,42
GCTCCTAAACAGGTACCGCC_001,26
GCTCCTAAACAGGTACCGCC_002,58
GCTCCTAAACAGGTACCGCC_003,141
GCTCCTAAACAGGTACCGCC_004,191
GCTCCTAAACAGGTACCGCC_005,41
GCTCCTAAACAGGTACCGCC_006,11
GCTCCTAAACAGGTACCGCC_007,54
GCTCCTAAACAGGTACCGCC_008,120
AGAAGGGAGACTATCCTCGC_001,173
AGAAGGGAGACTATCCTCGC_002,27
AGAAGGGAGACTATCCTCGC_003,122
AGAAGGGAGACTATCCTCGC_004,49
AGAAGGGAGACTATCCTCGC_005,93
AGAAGGGAGACTATCCTCGC_006,60
AGAAGGGAGACTATCCTCGC_007,149
AGAAGGGAGACTATCCTCGC_008,115
AGAAGGGAGACTATCCTCGC_009,121
AGAAGGGAGACTATCCTCGC_010,81
CAGTAGCAAATATGAATGGG_001,64
CAGTAGCAAATATGAATGGG_002,4
CAGTAGCAAATATGAATGGG_003,165
AAAGCCTGGGCTTGAGCCAG_001,65
AAAGCCTGGGCTTGAGCCAG_002,50
AAAGCCTGGGCTTGAGCCAG_003,24
AAAGCCTGGGCTTGAGCCAG_004,70
AAAGCCTGGGCTTGAGCCAG_005,161
AAAGCCTGGGCTTGAGCCAG_006,87
AAAGCCTGGGCTTGAGCCAG_007,169
AAAGCCTGGGCTTGAGCCAG_008,2
AAAGCCTGGGCTTGAGCCAG_009,2
AAAGCCTGGGCTTGAGCCAG_010,14
AAAGCCTGGGCTTGAGCCAG_011,129
AAAGCCTGGGCTTGAGCCAG_012,198
AAAGCCTGGGCTTGAGCCAG_013,181
AAAGCCTGGGCTTGAGCCAG_014,44
AAAGCCTGGGCTTGAGCCAG_015,105
AAAGCCTGGGCTTGAGCCAG_016,66
AAAGCCTGGGCTTGAGCCAG_017,162
AAAGCCTGGGCTTGAGCCAG_018,39
CCCTCACCAGAAGAAGGTGT_001,19
CCCTCACCAGAAGAAGGTGT_002,191
CCCTCACCAGAAGAAGGTGT_003,75
CCCTCACCAGAAGAAGGTGT_004,160
CCCTCACCAGAAGAAGGTGT_005,10
GCAGGTTTCGAGGCTGTACG_001,78
GCAGGTTTCGAGGCTGTACG_002,40
GCAGGTTTCGAGGCTGTACG_003,155
GCAGGTTTCGAGGCTGTACG_004,114
GCAGGTTTCGAGGCTGTACG_005,56
CCCTCAGTGATCCAGAACCA_001,184
CCCTCAGTGATCCAGAACCA_002,51
CCCTCAGTGATCCAGAACCA_003,73
CCCTCAGTGATCCAGAACCA_004,76
CCCTCAGTGATCCAGAACCA_005,95
CCCTCAGTGATCCAGAACCA_006,48
CCCTCAGTGATCCAGAACCA_007,60
CCCTCAGTGATCCAGAACCA_008,17
CCCTCAGTGATCCAGAACCA_009,137
TGATCTCCTTGATCGGAAGG_001,171
TGATCTCCTTGATCGGAAGG_002,65
TGATCTCCTTGATCGGAAGG_003,118
TGATCTCCTTGATCGGAAGG_004,156
TGATCTCCTTGATCGGAAGG_005,182
TGATCTCCTTGATCGGAAGG_006,48
TGATCTCCTTGATCGGAAGG_007,93
TGATCTCCTTGATCGGAAGG_008,155
TGATCTCCTTGATCGGAAGG_009,177
TGATCTCCTTGATCGGAAGG_010,22
TGATCTCCTTGATCGGAAGG_011,147
TGATCTCCTTGATCGGAAGG_012,137
TGATCTCCTTGATCGGAAGG_013,142
TGATCTCCTTGATCGGAAGG_014,40
TGATCTCCTTGATCGGAAGG_015,149
TGATCTCCTTGATCGGAAGG_016,149
TGATCTCCTTGATCGGAAGG_017,151
CCTTAACAGGACTCTAGTAT_001,127
CCTTAACAGGACTCTAGTAT_002,48
AACTACCTCTTCGTGGCGGG_001,116
AACTACCTCTTCGTGGCGGG_002,8
AACTACCTCTTCGTGGCGGG_003,145
AGGGGCTGAAGTATGCGGGG_001,178
AGGGGCTGAAGTATGCGGGG_002,157
AGGGGCTGAAGTATGCGGGG_003,175
AGGGGCTGAAGTATGCGGGG_004,42
AGGGGCTGAAGTATGCGGGG_005,162
AGGGGCTGAAGTATGCGGGG_006,21
AGGGGCTGAAGTATGCGGGG_007,176
AGGGGCTGAAGTATGCGGGG_008,161
AGGGGCTGAAGTATGCGGGG_009,63
AGGGGCTGAAGTATGCGGGG_010,68
AGGGGCTGAAGTATGCGGGG_011,60
AGGGGCTGAAGTATGCGGGG_012,190
AGGGGCTGAAGTATGCGGGG_013,162
AGGGGCTGAAGTATGCGGGG_014,103
AGGGGCTGAAGTATGCGGGG_015,24
AGGGGCTGAAGTATGCGGGG_016,106
AGGGGCTGAAGTATGCGGGG_017,22
AGGGGCTGAAGTATGCGGGG_018,181
AGGGGCTGAAGTATGCGGGG_019,127
AGGGGCTGAAGTATGCGGGG_020,48
AGGGGCTGAAGTATGCGGGG_021,182
AGGGGCTGAAGTATGCGGGG_022,47
AGGGGCTGAAGTATGCGGGG_023,50
AGGGGCTGAAGTATGCGGGG_024,134
AGGGGCTGAAGTATGCGGGG_025,63
AGGGGCTGAAGTATGCGGGG_026,79
AGGGGCTGAAGTATGCGGGG_027,174
AGGGGCTGAAGTATGCGGGG_028,96
AGGGGCTGAAGTATGCGGGG_029,94
AGGGGCTGAAGTATGCGGGG_030,124
CAATATCTAAGCTCAGAAGG_001,185
CAATATCTAAGCTCAGAAGG_002,126
CAATATCTAAGCTCAGAAGG_003,42
CAATATCTAAGCTCAGAAGG_004,78
CGATACCGAGGATGTGTCCC_001,41
CGATACCGAGGATGTGTCCC_002,158
ACAAGGCCTGTCAATCAAAG_001,27
ACAAGGCCTGTCAATCAAAG_002,94
ACAAGGCCTGTCAATCAAAG_003,41
ACAAGGCCTGTCAATCAAAG_004,102
ACAAGGCCTGTCAATCAAAG_005,77
ACAAGGCCTGTCAATCAAAG_006,80
ACAAGGCCTGTCAATCAAAG_007,161
ACAAGGCCTGTCAATCAAAG_008,48
ACAAGGCCTGTCAATCAAAG_009,95
ACAAGGCCTGTCAATCAAAG_010,154
ACAAGGCCTGTCAATCAAAG_011,90
ACAAGGCCTGTCAATCAAAG_012,104
ACAAGGCCTGTCAATCAAAG_013,77
CGTGCACGTAAGGAACAACA_001,144
CGTGCACGTAAGGAACAACA_002,94
CGTGCACGTAAGGAACAACA_003,178
CGTGCACGTAAGGAACAACA_004,94
CGTGCACGTAAGGAACAACA_005,78
CGTGCACGTAAGGAACAACA_006,105
CGTGCACGTAAGGAACAACA_007,188
AGCTATGCCAACGTTCAAGA_001,7
AGCTATGCCAACGTTCAAGA_002,191
AGCTATGCCAACGTTCAAGA_003,94
AGCTATGCCAACGTTCAAGA_004,190
AGCTATGCCAACGTTCAAGA_005,144
AGCTATGCCAACGTTCAAGA_006,165
AGCTATGCCAACGTTCAAGA_007,197
AGCTATGCCAACGTTCAAGA_008,69
AGCTATGCCAACGTTCAAGA_009,14
GCAACCCCAATCAACACACA_001,81
GCAACCCCAATCAACACACA_002,58
GCAACCCCAATCAACACACA_003,73
GCAACCCCAATCAACACACA_004,148
GCAACCCCAATCAACACACA_005,38
GCAACCCCAATCAACACACA_006,107
GCAACCCCAATCAACACACA_007,118
GCAACCCCAATCAACACACA_008,8
GCAACCCCAATCAACACACA_009,89
GCAACCCCAATCAACACACA_010,164
GCAACCCCAATCAACACACA_011,145
GCAACCCCAATCAACACACA_012,177
GCAACCCCAATCAACACACA_013,112
GCAACCCCAATCAACACACA_014,1
GCAACCCCAATCAACACACA_015,9
GCAACCCCAATCAACACACA_016,98
GCAACCCCAATCAACACACA_017,198
GCAACCCCAATCAACACACA_018,105
GCAACCCCAATCAACACACA_019,150
GCAACCCCAATCAACACACA_020,1
GCAACCCCAATCAACACACA_021,115
GCAACCCCAATCAACACACA_022,169
GCAACCCCAATCAACACACA_023,129
GCAACCCCAATCAACACACA_024,76
GCAACCCCAATCAACACACA_025,121
GCAACCCCAATCAACACACA_026,177
GCAACCCCAATCAACACACA_027,158
GCAACCCCAATCAACACACA_028,33
GCAACCCCAATCAACACACA_029,163
GCAACCCCAATCAACACACA_030,126
GCAACCCCAATCAACACACA_031,105
GCAACCCCAATCAACACACA_032,88
GCAACCCCAATCAACACACA_033,155
GCAACCCCAATCAACACACA_034,149
GGTGTGATTAGGCCCACTGG_001,78
GGTGTGATTAGGCCCACTGG_002,28
GGTGTGATTAGGCCCACTGG_003,76
TCCACCTCAAAGGCATATGA_001,108
TCCACCTCAAAGGCATATGA_002,113
TCCACCTCAAAGGCATATGA_003,34
TCCACCTCAAAGGCATATGA_004,3
TCCACCTCAAAGGCATATGA_005,149
TCCACCTCAAAGGCATATGA_006,97
TCCACCTCAAAGGCATATGA_007,2
TCCACCTCAAAGGCATATGA_008,149
TCCACCTCAAAGGCATATGA_009,166
TCCACCTCAAAGGCATATGA_010,166
TCCACCTCAAAGGCATATGA_011,130
TCCACCTCAAAGGCATATGA_012,22
TCCACCTCAAAGGCATATGA_013,115
TCCACCTCAAAGGCATATGA_014,171
TGCAAGTCTCCGGGCCGCTG_001,168
TGCAAGTCTCCGGGCCGCTG_002,13
TGCAAGTCTCCGGGCCGCTG_003,103
TGCAAGTCTCCGGGCCGCTG_004,168
TGCAAGTCTCCGGGCCGCTG_005,130
TGCAAGTCTCCGGGCCGCTG_006,77
TGCAAGTCTCCGGGCCGCTG_007,105
TGCAAGTCTCCGGGCCGCTG_008,37
TGCAAGTCTCCGGGCCGCTG_009,140
TGCAAGTCTCCGGGCCGCTG_010,117
TGCAAGTCTCCGGGCCGCTG_011,48
TGCAAGTCTCCGGGCCGCTG_012,42
TGCAAGTCTCCGGGCCGCTG_013,40
TGCAAGTCTCCGGGCCGCTG_014,112
TGCAAGTCTCCGGGCCGCTG_015,145
TGCAAGTCTCCGGGCCGCTG_016,42
TGCAAGTCTCCGGGCCGCTG_017,114
TGCAAGTCTCCGGGCCGCTG_018,172
TGCAAGTCTCCGGGCCGCTG_019,172
TGCAAGTCTCCGGGCCGCTG_020,65
TGCAAGTCTCCGGGCCGCTG_021,141
TGCAAGTCTCCGGGCCGCTG_022,145
TGCAAGTCTCCGGGCCGCTG_023,106
TGCAAGTCTCCGGGCCGCTG_024,84
TGCAAGTCTCCGGGCCGCTG_025,169
TGCAAGTCTCCGGGCCGCTG_026,12
TGCAAGTCTCCGGGCCGCTG_027,40
TGCAAGTCTCCGGGCCGCTG_028,9
TGCAAGTCTCCGGGCCGCTG_029,111
TGCAAGTCTCCGGGCCGCTG_030,47
TGCAAGTCTCCGGGCCGCTG_031,147
AGACCGGCGCCGTGCGACTC_001,70
AGACCGGCGCCGTGCGACTC_002,117
AGACCGGCGCCGTGCGACTC_003,151
AGACCGGCGCCGTGCGACTC_004,143
AGACCGGCGCCGTGCGACTC_005,68
AGACCGGCGCCGTGCGACTC_006,142
AGACCGGCGCCGTGCGACTC_007,1
AGACCGGCGCCGTGCGACTC_008,88
AGACCGGCGCCGTGCGACTC_009,45
AGACCGGCGCCGTGCGACTC_010,28
AGACCGGCGCCGTGCGACTC_011,18
AGACCGGCGCCGTGCGACTC_012,58
AGACCGGCGCCGTGCGACTC_013,119
AGACCGGCGCCGTGCGACTC_014,1
AGACCGGCGCCGTGCGACTC_015,56
AGACCGGCGCCGTGCGACTC_016,84
AGACCGGCGCCGTGCGACTC_017,27
AGACCGGCGCCGTGCGACTC_018,74
AGACCGGCGCCGTGCGACTC_019,30
TTGTCCATGACGATACCCAG_001,22
TTGTCCATGACGATACCCAG_002,44
TTGTCCATGACGATACCCAG_003,134
TTGTCCATGACGATACCCAG_004,70
TTGTCCATGACGATACCCAG_005,172
TTGTCCATGACGATACCCAG_006,158
CGGCGGTTGAGAATGATGTG_001,122
CGGCGGTTGAGAATGATGTG_002,82
CGGCGGTTGAGAATGATGTG_003,191
CGGCGGTTGAGAATGATGTG_004,144
CGGCGGTTGAGAATGATGTG_005,160
CGGCGGTTGAGAATGATGTG_006,102
CGGCGGTTGAGAATGATGTG_007,70
CGGCGGTTGAGAATGATGTG_008,162
CGGCGGTTGAGAATGATGTG_009,168
CGGCGGTTGAGAATGATGTG_010,130
CGGCGGTTGAGAATGATGTG_011,175
CGGCGGTTGAGAATGATGTG_012,78
CGGCGGTTGAGAATGATGTG_013,78
CTGGCGTCAGGGTAGAACAG_001,170
CTGGCGTCAGGGTAGAACAG_002,92
CTGGCGTCAGGGTAGAACAG_003,146
CTGGCGTCAGGGTAGAACAG_004,147
GAAATGGGCCCACGAGGTGT_001,29
GAAATGGGCCCACGAGGTGT_002,12
GAAATGGGCCCACGAGGTGT_003,140
GAAATGGGCCCACGAGGTGT_004,105
GAAATGGGCCCACGAGGTGT_005,63
GAAATGGGCCCACGAGGTGT_006,138
GAAATGGGCCCACGAGGTGT_007,104
GAAATGGGCCCACGAGGTGT_008,48
GAAATGGGCCCACGAGGTGT_009,155
GCGGAGACAAGGTTGGCTAA_001,4
GCGGAGACAAGGTTGGCTAA_002,70
GCGGAGACAAGGTTGGCTAA_003,146
GCGGAGACAAGGTTGGCTAA_004,13
GCGGAGACAAGGTTGGCTAA_005,193
GCGGAGACAAGGTTGGCTAA_006,116
GCGGAGACAAGGTTGGCTAA_007,18
GCGGAGACAAGGTTGGCTAA_008,78
GCGGAGACAAGGTTGGCTAA_009,68
TCACCTTCCTGAACACAGCG_001,15
TCACCTTCCTGAACACAGCG_002,16
TCACCTTCCTGAACACAGCG_003,4
TCACCTTCCTGAACACAGCG_004,116
TCACCTTCCTGAACACAGCG_005,113
TCACCTTCCTGAACACAGCG_006,168
TCACCTTCCTGAACACAGCG_007,54
TCACCTTCCTGAACACAGCG_008,29
TCACCTTCCTGAACACAGCG_009,105
TCCATCCCGACTACAAGACA_001,25
TCCATCCCGACTACAAGACA_002,193
TCCATCCCGACTACAAGACA_003,113
TCCATCCCGACTACAAGACA_004,199
TCCATCCCGACTACAAGACA_005,199
CATCACAGACAAGTGCCCCG_001,170
CATCACAGACAAGTGCCCCG_002,95
CATCACAGACAAGTGCCCCG_003,154
CATCACAGACAAGTGCCCCG_004,62
CATCACAGACAAGTGCCCCG_005,55
CATCACAGACAAGTGCCCCG_006,102
CATCACAGACAAGTGCCCCG_007,179
CATCACAGACAAGTGCCCCG_008,28
CATCACAGACAAGTGCCCCG_009,173
CATCACAGACAAGTGCCCCG_010,169
CATCACAGACAAGTGCCCCG_011,186
CAGTTACACAACAGCCAATG_001,8
CAGTTACACAACAGCCAATG_002,198
CAGTTACACAACAGCCAATG_003,37
CAGTTACACAACAGCCAATG_004,76
CAGTTACACAACAGCCAATG_005,58
CAGTTACACAACAGCCAATG_006,23
AAATACACCTCCGATTACTG_001,78
AAATACACCTCCGATTACTG_002,12
AAATACACCTCCGATTACTG_003,25
CAGCCGCACCAACTTCACGC_001,60
CAGCCGCACCAACTTCACGC_002,176
CAGCCGCACCAACTTCACGC_003,126
CAGCCGCACCAACTTCACGC_004,134
CAGCCGCACCAACTTCACGC_005,29
CAGCCGCACCAACTTCACGC_006,9
CAGCCGCACCAACTTCACGC_007,102
CAGCCGCACCAACTTCACGC_008,44
CAGCCGCACCAACTTCACGC_009,126
CAGCCGCACCAACTTCACGC_010,108
CAGCCGCACCAACTTCACGC_011,33
CAGCCGCACCAACTTCACGC_012,60
CAGCCGCACCAACTTCACGC_013,45
CAGCCGCACCAACTTCACGC_014,108
CAGCCGCACCAACTTCACGC_015,65
CAGCCGCACCAACTTCACGC_016,41
CAGCCGCACCAACTTCACGC_017,31
CAGCCGCACCAACTTCACGC_018,151
CAGCCGCACCAACTTCACGC_019,106
CAGCCGCACCAACTTCACGC_020,127
CAGCCGCACCAACTTCACGC_021,127
CAGCCGCACCAACTTCACGC_022,166
CAGCCGCACCAACTTCACGC_023,166
CAGCCGCACCAACTTCACGC_024,10
CAGCCGCACCAACTTCACGC_025,137
CAGCCGCACCAACTTCACGC_026,150
CAGCCGCACCAACTTCACGC_027,157
CAGCCGCACCAACTTCACGC_028,123
CAGCCGCACCAACTTCACGC_029,63
CCGCCCGGCTAAGAGCCTTG_001,188
CCGCCCGGCTAAGAGCCTTG_002,83
CCGCCCGGCTAAGAGCCTTG_003,62
CCGCCCGGCTAAGAGCCTTG_004,172
CCGCCCGGCTAAGAGCCTTG_005,28
CCGCCCGGCTAAGAGCCTTG_006,145
CCGCCCGGCTAAGAGCCTTG_007,140
CCGCCCGGCTAAGAGCCTTG_008,16
CCGCCCGGCTAAGAGCCTTG_009,44
TCGGTCACAGCTGTGAACCG_001,82
TCGGTCACAGCTGTGAACCG_002,0
TCGGTCACAGCTGTGAACCG_003,44
TCGGTCACAGCTGTGAACCG_004,148
TCGGTCACAGCTGTGAACCG_005,23
TCGGTCACAGCTGTGAACCG_006,154
TCGGTCACAGCTGTGAACCG_007,51
TCGGTCACAGCTGTGAACCG_008,119
TCGGTCACAGCTGTGAACCG_009,119
TCGGTCACAGCTGTGAACCG_010,37
TCGGTCACAGCTGTGAACCG_011,134
TCGGTCACAGCTGTGAACCG_012,149
TCGGTCACAGCTGTGAACCG_013,98
TCGGTCACAGCTGTGAACCG_014,161
TCGGTCACAGCTGTGAACCG_015,182
TCGGTCACAGCTGTGAACCG_016,158
TCGGTCACAGCTGTGAACCG_017,136
TCGGTCACAGCTGTGAACCG_018,138
TCGGTCACAGCTGTGAACCG_019,197
TGTCCACAGTAGAGGCGGCG_001,60
TGTCCACAGTAGAGGCGGCG_002,25
TGTCCACAGTAGAGGCGGCG_003,27
TGTCCACAGTAGAGGCGGCG_004,198
TGTCCACAGTAGAGGCGGCG_005,169
TGTCCACAGTAGAGGCGGCG_006,71
TGTCCACAGTAGAGGCGGCG_007,161
TGTCCACAGTAGAGGCGGCG_008,80
TGTCCACAGTAGAGGCGGCG_009,97
TGTCCACAGTAGAGGCGGCG_010,18
TGTCCACAGTAGAGGCGGCG_011,160
TGTCCACAGTAGAGGCGGCG_012,63
TGTCCACAGTAGAGGCGGCG_013,93
TGTCCACAGTAGAGGCGGCG_014,0
TGTCCACAGTAGAGGCGGCG_015,49
TGTCCACAGTAGAGGCGGCG_016,49
GCACACACTCTCCCTACATG_001,132
GCACACACTCTCCCTACATG_002,84
GCACACACTCTCCCTACATG_003,175
GCACACACTCTCCCTACATG_004,85
CAGATGAAAGAGGACGCGAA_001,0
CAGATGAAAGAGGACGCGAA_002,34
CAGATGAAAGAGGACGCGAA_003,35
CAGATGAAAGAGGACGCGAA_004,9
CAGATGAAAGAGGACGCGAA_005,49
CAGATGAAAGAGGACGCGAA_006,12
CAGATGAAAGAGGACGCGAA_007,11
CAGATGAAAGAGGACGCGAA_008,17
CAGATGAAAGAGGACGCGAA_009,151
CAGATGAAAGAGGACGCGAA_010,20
CAGATGAAAGAGGACGCGAA_011,176
CAGATGAAAGAGGACGCGAA_012,60
CAGATGAAAGAGGACGCGAA_013,111
CAGATGAAAGAGGACGCGAA_014,168
CAGATGAAAGAGGACGCGAA_015,28
CAGATGAAAGAGGACGCGAA_016,2
CAGATGAAAGAGGACGCGAA_017,64
CAGATGAAAGAGGACGCGAA_018,153
GGAGCAGCCGGACTCTGAGG_001,88
GGAGCAGCCGGACTCTGAGG_002,62
GGAGCAGCCGGACTCTGAGG_003,188
GGAGCAGCCGGACTCTGAGG_004,163
GGAGCAGCCGGACTCTGAGG_005,72
GGAGCAGCCGGACTCTGAGG_006,62
GGAGCAGCCGGACTCTGAGG_007,19
GGAGCAGCCGGACTCTGAGG_008,98
GGAGCAGCCGGACTCTGAGG_009,12
GGAGCAGCCGGACTCTGAGG_010,158
GGAGCAGCCGGACTCTGAGG_011,103
GGAGCAGCCGGACTCTGAGG_012,8
GGAGCAGCCGGACTCTGAGG_013,121
GGAGCAGCCGGACTCTGAGG_014,150
GGAGCAGCCGGACTCTGAGG_015,163
GGAGCAGCCGGACTCTGAGG_016,94
GGAGCAGCCGGACTCTGAGG_017,199
GGAGCAGCCGGACTCTGAGG_018,8
GGAGCAGCCGGACTCTGAGG_019,150
GGAGCAGCCGGACTCTGAGG_020,170
GGAGCAGCCGGACTCTGAGG_021,15
GGAGCAGCCGGACTCTGAGG_022,15
GGAGCAGCCGGACTCTGAGG_023,61
GGAGCAGCCGGACTCTGAGG_024,36
GGAGCAGCCGGACTCTGAGG_025,1
GGAGCAGCCGGACTCTGAGG_026,146
GGCCGTCCGCGATAACAGTG_001,107
GGCCGTCCGCGATAACAGTG_002,127
GGCCGTCCGCGATAACAGTG_003,53
GGCCGTCCGCGATAACAGTG_004,11
GGCCGTCCGCGATAACAGTG_005,8
GGCCGTCCGCGATAACAGTG_006,19
GGCCGTCCGCGATAACAGTG_007,63
GTAGCTTTAGGTAAGGCTGA_001,124
GTAGCTTTAGGTAAGGCTGA_002,143
GTAGCTTTAGGTAAGGCTGA_003,1
GTAGCTTTAGGTAAGGCTGA_004,168
GTAGCTTTAGGTAAGGCTGA_005,49
GTAGCTTTAGGTAAGGCTGA_006,56
TGGCACCAGAATTTGCCAAG_001,23
TGGCACCAGAATTTGCCAAG_002,149
TGGCACCAGAATTTGCCAAG_003,188
TGGCACCAGAATTTGCCAAG_004,172
TGGCACCAGAATTTGCCAAG_005,129
TGGCACCAGAATTTGCCAAG_006,9
TGGCACCAGAATTTGCCAAG_007,68
TGGCACCAGAATTTGCCAAG_008,168
TGGCACCAGAATTTGCCAAG_009,186
TGGCACCAGAATTTGCCAAG_010,22
TGGCACCAGAATTTGCCAAG_011,9
TAATTGGGATACGAGAGACT_001,172
CGAGCACGTTAAAGTGGTGG_001,72
CGAGCACGTTAAAGTGGTGG_002,62
CGAGCACGTTAAAGTGGTGG_003,117
CGAGCACGTTAAAGTGGTGG_004,53
CGAGCACGTTAAAGTGGTGG_005,112
CGAGCACGTTAAAGTGGTGG_006,83
CGAGCACGTTAAAGTGGTGG_007,176
CGAGCACGTTAAAGTGGTGG_008,47
CGAGCACGTTAAAGTGGTGG_009,63
CGAGCACGTTAAAGTGGTGG_010,77
CGAGCACGTTAAAGTGGTGG_011,53
CTCATTGAGGTACACCAGTG_001,69
CTCATTGAGGTACACCAGTG_002,199
CTCATTGAGGTACACCAGTG_003,32
CTCATTGAGGTACACCAGTG_004,58
CTCATTGAGGTACACCAGTG_005,110
CTCATTGAGGTACACCAGTG_006,191
CTCATTGAGGTACACCAGTG_007,68
CTCATTGAGGTACACCAGTG_008,184
CTCATTGAGGTACACCAGTG_009,77
CTCATTGAGGTACACCAGTG_010,162
CTCATTGAGGTACACCAGTG_011,160
CTCATTGAGGTACACCAGTG_012,188
CTCATTGAGGTACACCAGTG_013,23
CTCATTGAGGTACACCAGTG_014,104
CTCATTGAGGTACACCAGTG_015,50
CTCATTGAGGTACACCAGTG_016,49
CTCATTGAGGTACACCAGTG_017,126
CTCATTGAGGTACACCAGTG_018,164
CTCATTGAGGTACACCAGTG_019,81
CTCATTGAGGTACACCAGTG_020,42
CTCATTGAGGTACACCAGTG_021,40
CTCATTGAGGTACACCAGTG_022,137
CTCATTGAGGTACACCAGTG_023,102
CTCATTGAGGTACACCAGTG_024,146
CTCATTGAGGTACACCAGTG_025,58
CTCATTGAGGTACACCAGTG_026,60
CTCATTGAGGTACACCAGTG_027,105
CTCATTGAGGTACACCAGTG_028,94
GAAGAGGAGATTAAGACCTG_001,80
GAAGAGGAGATTAAGACCTG_002,80
GAAGAGGAGATTAAGACCTG_003,88
GCTGTGCGTGGCCCTAAACA_001,170
GCTGTGCGTGGCCCTAAACA_002,184
GCTGTGCGTGGCCCTAAACA_003,81
GCTGTGCGTGGCCCTAAACA_004,62
GCTGTGCGTGGCCCTAAACA_005,131
GCTGTGCGTGGCCCTAAACA_006,63
GCTGTGCGTGGCCCTAAACA_007,42
GTGCTCAAAACATCACAGCC_001,139
GTGCTCAAAACATCACAGCC_002,39
GTGCTCAAAACATCACAGCC_003,72
GTGCTCAAAACATCACAGCC_004,47
GTGCTCAAAACATCACAGCC_005,140
GTGCTCAAAACATCACAGCC_006,60
GTGCTCAAAACATCACAGCC_007,21
GTGCTCAAAACATCACAGCC_008,187
GTGCTCAAAACATCACAGCC_009,146
GTGCTCAAAACATCACAGCC_010,190
GTGCTCAAAACATCACAGCC_011,187
GTGCTCAAAACATCACAGCC_012,150
GTGCTCAAAACATCACAGCC_013,82
GTGCTCAAAACATCACAGCC_014,168
GTGCTCAAAACATCACAGCC_015,137
GTGCTCAAAACATCACAGCC_016,115
GTGCTCAAAACATCACAGCC_017,194
GTGCTCAAAACATCACAGCC_018,52
GTGCTCAAAACATCACAGCC_019,191
ACATGGCTCCAATTCGAAAG_001,50
ACATGGCTCCAATTCGAAAG_002,61
ACATGGCTCCAATTCGAAAG_003,98
ACATGGCTCCAATTCGAAAG_004,98
ACATGGCTCCAATTCGAAAG_005,146
CAGCTTTAGCAAATGATACA_001,82
CAGCTTTAGCAAATGATACA_002,165
CAGCTTTAGCAAATGATACA_003,46
CAGCTTTAGCAAATGATACA_004,76
CAGCTTTAGCAAATGATACA_005,188
CAGCTTTAGCAAATGATACA_006,9
GCCCTGGGCGCAAGGCACGG_001,199
GCCCTGGGCGCAAGGCACGG_002,78
GCCCTGGGCGCAAGGCACGG_003,181
GCCCTGGGCGCAAGGCACGG_004,139
GCCCTGGGCGCAAGGCACGG_005,145
GCCCTGGGCGCAAGGCACGG_006,119
GCCCTGGGCGCAAGGCACGG_007,62
GCCCTGGGCGCAAGGCACGG_008,175
GCCCTGGGCGCAAGGCACGG_009,175
GCCCTGGGCGCAAGGCACGG_010,28
GCCCTGGGCGCAAGGCACGG_011,140
GCCCTGGGCGCAAGGCACGG_012,160
GCCCTGGGCGCAAGGCACGG_013,172
GCCCTGGGCGCAAGGCACGG_014,88
GCCCTGGGCGCAAGGCACGG_015,179
GCCCTGGGCGCAAGGCACGG_016,34
GCCCTGGGCGCAAGGCACGG_017,27
GCCCTGGGCGCAAGGCACGG_018,176
CACTTTCCGAGACATGCATG_001,81
CACTTTCCGAGACATGCATG_002,81
CACTTTCCGAGACATGCATG_003,1
CACTTTCCGAGACATGCATG_004,9
CACTTTCCGAGACATGCATG_005,116
CACTTTCCGAGACATGCATG_006,168
CACTTTCCGAGACATGCATG_007,152
CACTTTCCGAGACATGCATG_008,153
CACTTTCCGAGACATGCATG_009,70
CACTTTCCGAGACATGCATG_010,83
CACTTTCCGAGACATGCATG_011,127
CACTTTCCGAGACATGCATG_012,20
CACTTTCCGAGACATGCATG_013,34
CACTTTCCGAGACATGCATG_014,34
CACTTTCCGAGACATGCATG_015,131
CCTGATAAAAAGGACATGCA_001,69
CCTGATAAAAAGGACATGCA_002,106
CCTGATAAAAAGGACATGCA_003,1
CCTGATAAAAAGGACATGCA_004,2
CCTGATAAAAAGGACATGCA_005,175
CCTGATAAAAAGGACATGCA_006,49
CCTGATAAAAAGGACATGCA_007,158
CCTGATAAAAAGGACATGCA_008,158
CCTGATAAAAAGGACATGCA_009,146
CCTGATAAAAAGGACATGCA_010,144
CCTGATAAAAAGGACATGCA_011,29
CCTGATAAAAAGGACATGCA_012,158
CCTGATAAAAAGGACATGCA_013,141
CCTGATAAAAAGGACATGCA_014,147
CCTGATAAAAAGGACATGCA_015,12
CCTGATAAAAAGGACATGCA_016,86
CCTGATAAAAAGGACATGCA_017,6
CCTGATAAAAAGGACATGCA_018,82
TAGCGCAGTTATCCTACACA_001,49
TAGCGCAGTTATCCTACACA_002,175
TAGCGCAGTTATCCTACACA_003,161
TAGCGCAGTTATCCTACACA_004,1
TAGCGCAGTTATCCTACACA_005,136
TAGCGCAGTTATCCTACACA_006,42
TAGCGCAGTTATCCTACACA_007,163
TAGCGCAGTTATCCTACACA_008,53
TAGCGCAGTTATCCTACACA_009,188
TAGCGCAGTTATCCTACACA_010,5
TAGCGCAGTTATCCTACACA_011,130
TAGCGCAGTTATCCTACACA_012,3
TAGCGCAGTTATCCTACACA_013,56
CCAATTACCTCACGCAGCAA_001,70
CCAATTACCTCACGCAGCAA_002,107
CCAATTACCTCACGCAGCAA_003,31
CCAATTACCTCACGCAGCAA_004,8
CCAATTACCTCACGCAGCAA_005,179
CCAATTACCTCACGCAGCAA_006,34
TAAGTGGGAACATCGCGTCG_001,1
TAAGTGGGAACATCGCGTCG_002,99
TAAGTGGGAACATCGCGTCG_003,31
TAAGTGGGAACATCGCGTCG_004,83
TAAGTGGGAACATCGCGTCG_005,150
TAAGTGGGAACATCGCGTCG_006,94
TAAGTGGGAACATCGCGTCG_007,149
TAAGTGGGAACATCGCGTCG_008,101
TAAGTGGGAACATCGCGTCG_009,72
TAAGTGGGAACATCGCGTCG_010,81
CTGATGACAGACGACCCCAA_001,31
CTGATGACAGACGACCCCAA_002,91
CTGATGACAGACGACCCCAA_003,3
CTGATGACAGACGACCCCAA_004,140
CTGATGACAGACGACCCCAA_005,166
CTGATGACAGACGACCCCAA_006,83
CTGATGACAGACGACCCCAA_007,28
CTGATGACAGACGACCCCAA_008,101
CTGATGACAGACGACCCCAA_009,15
CTGATGACAGACGACCCCAA_010,70
CTGATGACAGACGACCCCAA_011,42
CTGATGACAGACGACCCCAA_012,149
CTGATGACAGACGACCCCAA_013,115
CTGATGACAGACGACCCCAA_014,77
CTGATGACAGACGACCCCAA_015,121
CTGATGACAGACGACCCCAA_016,118
CTGATGACAGACGACCCCAA_017,105
CTGATGACAGACGACCCCAA_018,10
CTGATGACAGACGACCCCAA_019,39
CTGATGACAGACGACCCCAA_020,81
CTGATGACAGACGACCCCAA_021,0
GGAAATCGAGAACAACCCCA_001,50
GGAAATCGAGAACAACCCCA_002,26
GGAAATCGAGAACAACCCCA_003,48
GGAAATCGAGAACAACCCCA_004,60
GGAAATCGAGAACAACCCCA_005,12
GGAAATCGAGAACAACCCCA_006,169
GGAAATCGAGAACAACCCCA_007,2
GGAAATCGAGAACAACCCCA_008,18
GGAAATCGAGAACAACCCCA_009,199
GACGCAGACATAGACGTGGT_001,177
GACGCAGACATAGACGTGGT_002,191
GACGCAGACATAGACGTGGT_003,25
GACGCAGACATAGACGTGGT_004,145
GACGCAGACATAGACGTGGT_005,116
GACGCAGACATAGACGTGGT_006,162
GACGCAGACATAGACGTGGT_007,73
GACGCAGACATAGACGTGGT_008,119
GACGCAGACATAGACGTGGT_009,47
GACGCAGACATAGACGTGGT_010,8
GACGCAGACATAGACGTGGT_011,144
GACGCAGACATAGACGTGGT_012,147
GACGCAGACATAGACGTGGT_013,179
GACGCAGACATAGACGTGGT_014,118
GACGCAGACATAGACGTGGT_015,105
GACGCAGACATAGACGTGGT_016,62
GACGCAGACATAGACGTGGT_017,170
GACGCAGACATAGACGTGGT_018,6
GACGCAGACATAGACGTGGT_019,160
GACGCAGACATAGACGTGGT_020,176
GACGCAGACATAGACGTGGT_021,19
GACGCAGACATAGACGTGGT_022,125
GACGCAGACATAGACGTGGT_023,178
GACGCAGACATAGACGTGGT_024,10
GACGCAGACATAGACGTGGT_025,184
GACGCAGACATAGACGTGGT_026,159
GACGCAGACATAGACGTGGT_027,175
GACGCAGACATAGACGTGGT_028,183
GACGCAGACATAGACGTGGT_029,176
TTAATCTCGTCCAGGCACTA_001,68
TTAATCTCGTCCAGGCACTA_002,154
TTAATCTCGTCCAGGCACTA_003,166
TTAATCTCGTCCAGGCACTA_004,7
TTAATCTCGTCCAGGCACTA_005,171
TTAATCTCGTCCAGGCACTA_006,191
TTAATCTCGTCCAGGCACTA_007,188
TTAATCTCGTCCAGGCACTA_008,54
TTAATCTCGTCCAGGCACTA_009,141
TTAATCTCGTCCAGGCACTA_010,82
TTAATCTCGTCCAGGCACTA_011,83
TTAATCTCGTCCAGGCACTA_012,85
TTAATCTCGTCCAGGCACTA_013,85
TTAATCTCGTCCAGGCACTA_014,145
TTAATCTCGTCCAGGCACTA_015,75
TTAATCTCGTCCAGGCACTA_016,108
TTAATCTCGTCCAGGCACTA_017,60
TAACTATCACCACCAGAACG_001,18
TAACTATCACCACCAGAACG_002,144
TAACTATCACCACCAGAACG_003,87
TAACTATCACCACCAGAACG_004,158
TAACTATCACCACCAGAACG_005,162
TAACTATCACCACCAGAACG_006,181
TAACTATCACCACCAGAACG_007,114
TAACTATCACCACCAGAACG_008,197
TAACTATCACCACCAGAACG_009,124
CTGCAGTCATTGAGAAACGT_001,102
CTGCAGTCATTGAGAAACGT_002,7
CTGCAGTCATTGAGAAACGT_003,7
CTGCAGTCATTGAGAAACGT_004,183
CTGCAGTCATTGAGAAACGT_005,86
CTGCAGTCATTGAGAAACGT_006,65
CTGCAGTCATTGAGAAACGT_007,29
CTGCAGTCATTGAGAAACGT_008,43
CTGCAGTCATTGAGAAACGT_009,149
TGGAGCGGATCCACTACATA_001,76
TGGAGCGGATCCACTACATA_002,78
TGGAGCGGATCCACTACATA_003,106
TGGAGCGGATCCACTACATA_004,50
TGGAGCGGATCCACTACATA_005,141
TGGAGCGGATCCACTACATA_006,29
TGGAGCGGATCCACTACATA_007,78
TGGAGCGGATCCACTACATA_008,28
TGGAGCGGATCCACTACATA_009,48
TGGAGCGGATCCACTACATA_010,116
TGGAGCGGATCCACTACATA_011,101
TGGAGCGGATCCACTACATA_012,113
TGGAGCGGATCCACTACATA_013,116
TGGAGCGGATCCACTACATA_014,173
TGGAGCGGATCCACTACATA_015,52
TGGAGCGGATCCACTACATA_016,59
TGGAGCGGATCCACTACATA_017,48
TGGAGCGGATCCACTACATA_018,38
TGGAGCGGATCCACTACATA_019,148
TGGAGCGGATCCACTACATA_020,146
TGGAGCGGATCCACTACATA_021,123
TGGAGCGGATCCACTACATA_022,169
TGGAGCGGATCCACTACATA_023,138
TTGGTTCTAATCAATTCTAG_001,76
TTGGTTCTAATCAATTCTAG_002,88
AGCCCCTAGTCCTTTATCAG_001,104
AGCCCCTAGTCCTTTATCAG_002,162
AGCCCCTAGTCCTTTATCAG_003,127
AGCCCCTAGTCCTTTATCAG_004,23
AGCCCCTAGTCCTTTATCAG_005,137
AGCCCCTAGTCCTTTATCAG_006,199
AGCCCCTAGTCCTTTATCAG_007,88
AGCCCCTAGTCCTTTATCAG_008,115
AGCCCCTAGTCCTTTATCAG_009,169
AGCCCCTAGTCCTTTATCAG_010,127
AGCCCCTAGTCCTTTATCAG_011,107
TCTGAATTTGGATGACGGCA_001,113
TCTGAATTTGGATGACGGCA_002,156
TCTGAATTTGGATGACGGCA_003,81
TCTGAATTTGGATGACGGCA_004,64
TCTGAATTTGGATGACGGCA_005,42
TCTGAATTTGGATGACGGCA_006,172
TCTGAATTTGGATGACGGCA_007,162
TCTGAATTTGGATGACGGCA_008,137
TCTGAATTTGGATGACGGCA_009,22
TGCGCAGTCTCTTTGTGGAG_001,73
TGCGCAGTCTCTTTGTGGAG_002,81
TGCGCAGTCTCTTTGTGGAG_003,157
TGCGCAGTCTCTTTGTGGAG_004,97
GAAGATGTCAAAGACCCGGG_001,48
GAAGATGTCAAAGACCCGGG_002,13
GAAGATGTCAAAGACCCGGG_003,118
GAAGATGTCAAAGACCCGGG_004,36
GAAGATGTCAAAGACCCGGG_005,47
GAAGATGTCAAAGACCCGGG_006,48
GAAGATGTCAAAGACCCGGG_007,94
GAAGATGTCAAAGACCCGGG_008,119
GAAGATGTCAAAGACCCGGG_009,191
GAGATGCAGGGACACACGAT_001,158
GAGATGCAGGGACACACGAT_002,74
GAGATGCAGGGACACACGAT_003,188
GAGATGCAGGGACACACGAT_004,51
GAGATGCAGGGACACACGAT_005,139
GAGATGCAGGGACACACGAT_006,139
GAGATGCAGGGACACACGAT_007,149
GAGATGCAGGGACACACGAT_008,39
GAGATGCAGGGACACACGAT_009,188
GAGATGCAGGGACACACGAT_010,8
GAGATGCAGGGACACACGAT_011,145
GAGATGCAGGGACACACGAT_012,107
GAGATGCAGGGACACACGAT_013,158
GAGATGCAGGGACACACGAT_014,7
GAGATGCAGGGACACACGAT_015,92
GAGATGCAGGGACACACGAT_016,44
GAGATGCAGGGACACACGAT_017,134
GAGATGCAGGGACACACGAT_018,94
GAGATGCAGGGACACACGAT_019,174
GAGATGCAGGGACACACGAT_020,52
GAGATGCAGGGACACACGAT_021,0
GAGATGCAGGGACACACGAT_022,40
GAGATGCAGGGACACACGAT_023,126
GAGATGCAGGGACACACGAT_024,57
GAGATGCAGGGACACACGAT_025,104
GAGATGCAGGGACACACGAT_026,92
ACCTGAATCGAGCTCCATGT_001,48
ACCTGAATCGAGCTCCATGT_002,17
ACCTGAATCGAGCTCCATGT_003,8
ACCTGAATCGAGCTCCATGT_004,56
ACCTGAATCGAGCTCCATGT_005,74
ACCTGAATCGAGCTCCATGT_006,61
ACCTGAATCGAGCTCCATGT_007,155
ACCTGAATCGAGCTCCATGT_008,16
ACCTGAATCGAGCTCCATGT_009,180
ACCTGAATCGAGCTCCATGT_010,16
ACCTGAATCGAGCTCCATGT_011,29
ACCTGAATCGAGCTCCATGT_012,9
ACGTCACTGATAAAACCGGT_001,12
ACGTCACTGATAAAACCGGT_002,183
ACGTCACTGATAAAACCGGT_003,94
ACGTCACTGATAAAACCGGT_004,55
ACGTCACTGATAAAACCGGT_005,57
CAGAGGTTCCCGTCATCGGG_001,0
CAGAGGTTCCCGTCATCGGG_002,44
CAGAGGTTCCCGTCATCGGG_003,184
CAGAGGTTCCCGTCATCGGG_004,19
CAGAGGTTCCCGTCATCGGG_005,62
CAGAGGTTCCCGTCATCGGG_006,109
CAGAGGTTCCCGTCATCGGG_007,50
CAGAGGTTCCCGTCATCGGG_008,169
CAGAGGTTCCCGTCATCGGG_009,38
CAGAGGTTCCCGTCATCGGG_010,117
CAGAGGTTCCCGTCATCGGG_011,33
CAGAGGTTCCCGTCATCGGG_012,159
CAGAGGTTCCCGTCATCGGG_013,122
CAGAGGTTCCCGTCATCGGG_014,146
CAGAGGTTCCCGTCATCGGG_015,127
TCTGCCGGAGAGACTATCTC_001,171
TCTGCCGGAGAGACTATCTC_002,82
TCTGCCGGAGAGACTATCTC_003,63
TCTGCCGGAGAGACTATCTC_004,50
TCTGCCGGAGAGACTATCTC_005,48
TCTGCCGGAGAGACTATCTC_006,144
TCTGCCGGAGAGACTATCTC_007,94
TGGTCAGCTTGGTGTAGTCG_001,68
TGGTCAGCTTGGTGTAGTCG_002,158
TGGTCAGCTTGGTGTAGTCG_003,32
TGGTCAGCTTGGTGTAGTCG_004,123
TGGTCAGCTTGGTGTAGTCG_005,86
TGGTCAGCTTGGTGTAGTCG_006,105
TGGTCAGCTTGGTGTAGTCG_007,29
ACTCGATGTAGACGTTGAAT_001,94
ACTCGATGTAGACGTTGAAT_002,144
ACTCGATGTAGACGTTGAAT_003,98
ACTCGATGTAGACGTTGAAT_004,184
ACTCGATGTAGACGTTGAAT_005,41
GCTGCACTCCACGAGCGACG_001,182
GCTGCACTCCACGAGCGACG_002,6
GCTGCACTCCACGAGCGACG_003,6
GCTGCACTCCACGAGCGACG_004,82
GCTGCACTCCACGAGCGACG_005,48
GCTGCACTCCACGAGCGACG_006,105
GCTGCACTCCACGAGCGACG_007,86
GCTGCACTCCACGAGCGACG_008,105
GCTGCACTCCACGAGCGACG_009,60
GCTGCACTCCACGAGCGACG_010,82
GCTGCACTCCACGAGCGACG_011,156
GCTGCACTCCACGAGCGACG_012,140
GCTGCACTCCACGAGCGACG_013,89
GCTGCACTCCACGAGCGACG_014,89
GCTGCACTCCACGAGCGACG_015,66
GCTGCACTCCACGAGCGACG_016,184
GCTGCACTCCACGAGCGACG_017,55
TCCAAGGGCTGTAGATTGAG_001,83
TCCAAGGGCTGTAGATTGAG_002,149
TCCAAGGGCTGTAGATTGAG_003,47
TCCAAGGGCTGTAGATTGAG_004,115
TCCAAGGGCTGTAGATTGAG_005,198
TCCAAGGGCTGTAGATTGAG_006,78
TCCAAGGGCTGTAGATTGAG_007,184
TCCAAGGGCTGTAGATTGAG_008,116
CGTGGTGCCTGCGGCCGAGG_001,58
CGTGGTGCCTGCGGCCGAGG_002,78
CGTGGTGCCTGCGGCCGAGG_003,11
CGTGGTGCCTGCGGCCGAGG_004,106
CGTGGTGCCTGCGGCCGAGG_005,170
CGTGGTGCCTGCGGCCGAGG_006,46
CGTGGTGCCTGCGGCCGAGG_007,2
CGTGGTGCCTGCGGCCGAGG_008,148
AGTGCTGAAATCCTGGATGT_001,160
ATGACTCCGAGCACTTAACG_001,175
ATGACTCCGAGCACTTAACG_002,170
ATGACTCCGAGCACTTAACG_003,105
ATGACTCCGAGCACTTAACG_004,152
ATGACTCCGAGCACTTAACG_005,128
ATGACTCCGAGCACTTAACG_006,26
ATGACTCCGAGCACTTAACG_007,115
ATGACTCCGAGCACTTAACG_008,183
ATGACTCCGAGCACTTAACG_009,63
ATGACTCCGAGCACTTAACG_010,48
ATGACTCCGAGCACTTAACG_011,114
CACCAGGGAAGCTCAACGGG_001,113
CACCAGGGAAGCTCAACGGG_002,116
CACCAGGGAAGCTCAACGGG_003,36
CACCAGGGAAGCTCAACGGG_004,103
CACCAGGGAAGCTCAACGGG_005,70
AGCAGTAACTATCTGGATCG_001,24
AGCAGTAACTATCTGGATCG_002,169
AGTGACACAAGGAAACTCAG_001,75
AGTGACACAAGGAAACTCAG_002,166
AGTGACACAAGGAAACTCAG_003,101
AGTGACACAAGGAAACTCAG_004,102
AGTGACACAAGGAAACTCAG_005,29
AGTGACACAAGGAAACTCAG_006,147
AGTGACACAAGGAAACTCAG_007,34
AGTGACACAAGGAAACTCAG_008,94
AGTGACACAAGGAAACTCAG_009,183
AGTGACACAAGGAAACTCAG_010,54
AGTGACACAAGGAAACTCAG_011,132
AGTGACACAAGGAAACTCAG_012,30
AGTGACACAAGGAAACTCAG_013,2
AGTGACACAAGGAAACTCAG_014,140
AGTGACACAAGGAAACTCAG_015,160
AGTGACACAAGGAAACTCAG_016,146
AGTGACACAAGGAAACTCAG_017,130
AGTGACACAAGGAAACTCAG_018,19
AGTGACACAAGGAAACTCAG_019,146
AGTGACACAAGGAAACTCAG_020,39
AGTGACACAAGGAAACTCAG_021,63
AGTGACACAAGGAAACTCAG_022,9
AGTGACACAAGGAAACTCAG_023,3
AGTGACACAAGGAAACTCAG_024,107
AGTGACACAAGGAAACTCAG_025,169
AGTGACACAAGGAAACTCAG_026,86
GAGCCCCGTGCACCAGACAG_001,6
GAGCCCCGTGCACCAGACAG_002,162
GAGCCCCGTGCACCAGACAG_003,8
GAGCCCCGTGCACCAGACAG_004,46
GAGCCCCGTGCACCAGACAG_005,175
GAGCCCCGTGCACCAGACAG_006,34
GAGCCCCGTGCACCAGACAG_007,168
GAGCCCCGTGCACCAGACAG_008,49
GCGCCGACTCGTACAGCTCG_001,48
GCGCCGACTCGTACAGCTCG_002,58
GCGCCGACTCGTACAGCTCG_003,73
GCGCCGACTCGTACAGCTCG_004,2
GCGCCGACTCGTACAGCTCG_005,41
GCGCCGACTCGTACAGCTCG_006,113
GCGCCGACTCGTACAGCTCG_007,30
GCGCCGACTCGTACAGCTCG_008,146
GCGCCGACTCGTACAGCTCG_009,158
GCGCCGACTCGTACAGCTCG_010,15
GGACGCCGACGGCTACGAGT_001,150
GGACGCCGACGGCTACGAGT_002,94
GGACGCCGACGGCTACGAGT_003,41
GGACGCCGACGGCTACGAGT_004,182
GGACGCCGACGGCTACGAGT_005,102
GGACGCCGACGGCTACGAGT_006,62
GGACGCCGACGGCTACGAGT_007,127
GGACGCCGACGGCTACGAGT_008,184
GGACGCCGACGGCTACGAGT_009,15
GGACGCCGACGGCTACGAGT_010,56
GGACGCCGACGGCTACGAGT_011,130
GGACGCCGACGGCTACGAGT_012,59
GGACGCCGACGGCTACGAGT_013,174
GGACGCCGACGGCTACGAGT_014,138
GGACGCCGACGGCTACGAGT_015,162
GTCCATCTCCACGTTGAGCG_001,197
GTCCATCTCCACGTTGAGCG_002,141
GTCCATCTCCACGTTGAGCG_003,42
GTCCATCTCCACGTTGAGCG_004,147
GTCCATCTCCACGTTGAGCG_005,15
GTCCATCTCCACGTTGAGCG_006,78
GTCCATCTCCACGTTGAGCG_007,48
GTCCATCTCCACGTTGAGCG_008,144
GTCCATCTCCACGTTGAGCG_009,106
GTCCATCTCCACGTTGAGCG_010,168
GTCCATCTCCACGTTGAGCG_011,51
GTCCATCTCCACGTTGAGCG_012,9
GTCCATCTCCACGTTGAGCG_013,39
GTCCATCTCCACGTTGAGCG_014,191
GTCCATCTCCACGTTGAGCG_015,101
GTCCATCTCCACGTTGAGCG_016,5
GTCCATCTCCACGTTGAGCG_017,191
GTCCATCTCCACGTTGAGCG_018,182
GTCCATCTCCACGTTGAGCG_019,70
GTCCATCTCCACGTTGAGCG_020,101
GTCCATCTCCACGTTGAGCG_021,55
GTCCATCTCCACGTTGAGCG_022,130
GTCCATCTCCACGTTGAGCG_023,115
GTCCATCTCCACGTTGAGCG_024,27
TCCATTCTTCAGGCCCATGG_001,118
TCCATTCTTCAGGCCCATGG_002,147
TGAAGAAGTTGGTACCGTCG_001,108
TGAAGAAGTTGGTACCGTCG_002,40
TGAAGAAGTTGGTACCGTCG_003,19
TGAAGAAGTTGGTACCGTCG_004,169
TGAAGAAGTTGGTACCGTCG_005,17
TGAAGAAGTTGGTACCGTCG_006,127
TGAAGAAGTTGGTACCGTCG_007,171
TGAAGAAGTTGGTACCGTCG_008,116
TGAAGAAGTTGGTACCGTCG_009,106
TGAAGAAGTTGGTACCGTCG_010,34
TGAAGAAGTTGGTACCGTCG_011,122
TGAAGAAGTTGGTACCGTCG_012,175
TGAAGAAGTTGGTACCGTCG_013,191
TGAAGAAGTTGGTACCGTCG_014,153
TGAAGAAGTTGGTACCGTCG_015,68
TGGTCTTCTACCACATACAC_001,105
TGGTCTTCTACCACATACAC_002,65
ATGATCCAAGTCCGTGACTG_001,41
ATGATCCAAGTCCGTGACTG_002,88
ATGATCCAAGTCCGTGACTG_003,71
ATGATCCAAGTCCGTGACTG_004,38
ATGATCCAAGTCCGTGACTG_005,125
ATGATCCAAGTCCGTGACTG_006,151
ATGATCCAAGTCCGTGACTG_007,145
ATGATCCAAGTCCGTGACTG_008,152
ATGATCCAAGTCCGTGACTG_009,84
ATGATCCAAGTCCGTGACTG_010,5
ATGATCCAAGTCCGTGACTG_011,2
ATGATCCAAGTCCGTGACTG_012,162
ATGATCCAAGTCCGTGACTG_013,12
ATGATCCAAGTCCGTGACTG_014,150
ATGATCCAAGTCCGTGACTG_015,177
ATGATCCAAGTCCGTGACTG_016,42
ATGATCCAAGTCCGTGACTG_017,10
ATGATCCAAGTCCGTGACTG_018,78
ATGATCCAAGTCCGTGACTG_019,148
ATGATCCAAGTCCGTGACTG_020,25
ATGATCCAAGTCCGTGACTG_021,158
ATGATCCAAGTCCGTGACTG_022,75
ATGATCCAAGTCCGTGACTG_023,185
ATGATCCAAGTCCGTGACTG_024,146
ATGATCCAAGTCCGTGACTG_025,97
ATGATCCAAGTCCGTGACTG_026,6
ATGATCCAAGTCCGTGACTG_027,137
TCAGGGCATGAAAATCAACA_001,126
GGTTCCCTGTGATCTTCATG_001,9
TCTGAAGCGAGCGTCTTCGA_001,47
GGGTCGGCAGAGCAGACCAC_001,17
GGGTCGGCAGAGCAGACCAC_002,43
GGGTCGGCAGAGCAGACCAC_003,186
GGGTCGGCAGAGCAGACCAC_004,195
GGGTCGGCAGAGCAGACCAC_005,105
GGGTCGGCAGAGCAGACCAC_006,28
GGGTCGGCAGAGCAGACCAC_007,47
GGGTCGGCAGAGCAGACCAC_008,39
GGGTCGGCAGAGCAGACCAC_009,178
TCATCAGGGGATAGTTCCAG_001,1
TCATCAGGGGATAGTTCCAG_002,127
TCATCAGGGGATAGTTCCAG_003,165
TTGTGCTATAGAGTAAACGA_001,171
CACGCACAGCGAGATCAGGT_001,52
CAGTCAACAGCCCTTTGAGG_001,98
CAGTCAACAGCCCTTTGAGG_002,120
CAGTCAACAGCCCTTTGAGG_003,13
CAGTCAACAGCCCTTTGAGG_004,137
TCCGAAAAGACTAAGAACTG_001,111
TCCGAAAAGACTAAGAACTG_002,101
GTGCTGTCCAAACCCCCCGA_001,16
GTGCTGTCCAAACCCCCCGA_002,118
GTGCTGTCCAAACCCCCCGA_003,128
GTGCTGTCCAAACCCCCCGA_004,195
GTGCTGTCCAAACCCCCCGA_005,57
GTGCTGTCCAAACCCCCCGA_006,115
GTGCTGTCCAAACCCCCCGA_007,191
GTGCTGTCCAAACCCCCCGA_008,109
GTGCTGTCCAAACCCCCCGA_009,42
GTGCTGTCCAAACCCCCCGA_010,46
GTGCTGTCCAAACCCCCCGA_011,93
GTGCTGTCCAAACCCCCCGA_012,119
GTGCTGTCCAAACCCCCCGA_013,6
GTGCTGTCCAAACCCCCCGA_014,149
GTGCTGTCCAAACCCCCCGA_015,121
GTGCTGTCCAAACCCCCCGA_016,131
GTGCTGTCCAAACCCCCCGA_017,183
GTGCTGTCCAAACCCCCCGA_018,192
GTGCTGTCCAAACCCCCCGA_019,49
GTGCTGTCCAAACCCCCCGA_020,127
GTGCTGTCCAAACCCCCCGA_021,105
GTGCTGTCCAAACCCCCCGA_022,123
TGTCCAGGATCGAAGCAGTG_001,137
TGTCCAGGATCGAAGCAGTG_002,130
TGTCCAGGATCGAAGCAGTG_003,49
TGTCCAGGATCGAAGCAGTG_004,116
TGTCCAGGATCGAAGCAGTG_005,176
TGTCCAGGATCGAAGCAGTG_006,140
TGTCCAGGATCGAAGCAGTG_007,115
TGTCCAGGATCGAAGCAGTG_008,118
TGTCCAGGATCGAAGCAGTG_009,101
TGTCCAGGATCGAAGCAGTG_010,176
TGTCCAGGATCGAAGCAGTG_011,130
TGTCCAGGATCGAAGCAGTG_012,49
TGTCCAGGATCGAAGCAGTG_013,47
TGTCCAGGATCGAAGCAGTG_014,35
TGTCCAGGATCGAAGCAGTG_015,150
TGTCCAGGATCGAAGCAGTG_016,152
TGTCCAGGATCGAAGCAGTG_017,77
TGTCCAGGATCGAAGCAGTG_018,88
TGTCCAGGATCGAAGCAGTG_019,51
TGTCCAGGATCGAAGCAGTG_020,94
TGTCCAGGATCGAAGCAGTG_021,81
TGTCCAGGATCGAAGCAGTG_022,98
TGTCCAGGATCGAAGCAGTG_023,150
TGTCCAGGATCGAAGCAGTG_024,24
TGTCCAGGATCGAAGCAGTG_025,194
TGTCCAGGATCGAAGCAGTG_026,130
TGTCCAGGATCGAAGCAGTG_027,113
TGTCCAGGATCGAAGCAGTG_028,25
TGTCCAGGATCGAAGCAGTG_029,90
TGTCCAGGATCGAAGCAGTG_030,70
TGTCCAGGATCGAAGCAGTG_031,1
TGTCCAGGATCGAAGCAGTG_032,28
TGTCCAGGATCGAAGCAGTG_033,13
ACACGGCGTAGGAAGGCTCG_001,76
ACACGGCGTAGGAAGGCTCG_002,105
ACACGGCGTAGGAAGGCTCG_003,62
CAGCATGACGTAGTACACGG_001,45
CAGCATGACGTAGTACACGG_002,49
CAGCATGACGTAGTACACGG_003,57
CAGCATGACGTAGTACACGG_004,116
CAGCATGACGTAGTACACGG_005,95
CAGCATGACGTAGTACACGG_006,146
CAGCATGACGTAGTACACGG_007,127
CAGCATGACGTAGTACACGG_008,161
CAGCATGACGTAGTACACGG_009,118
CAGCATGACGTAGTACACGG_010,148
CAGCATGACGTAGTACACGG_011,96
CAGCATGACGTAGTACACGG_012,15
CAGCATGACGTAGTACACGG_013,78
CAGCATGACGTAGTACACGG_014,145
CAGCATGACGTAGTACACGG_015,150
CAGCATGACGTAGTACACGG_016,144
GCCAGAGCCTCCGAACTGCG_001,149
GCCAGAGCCTCCGAACTGCG_002,150
GCCAGAGCCTCCGAACTGCG_003,78
GCCAGAGCCTCCGAACTGCG_004,170
GCCAGAGCCTCCGAACTGCG_005,19
GCCAGAGCCTCCGAACTGCG_006,27
GCCAGAGCCTCCGAACTGCG_007,162
GCCAGAGCCTCCGAACTGCG_008,29
GCCAGAGCCTCCGAACTGCG_009,55
GCCAGAGCCTCCGAACTGCG_010,188
GCCAGAGCCTCCGAACTGCG_011,67
GCCAGAGCCTCCGAACTGCG_012,114
GCCAGAGCCTCCGAACTGCG_013,164
GTTCCAACAGCGAAGTGGCG_001,166
GTTCCAACAGCGAAGTGGCG_002,115
GTTCCAACAGCGAAGTGGCG_003,105
GTTCCAACAGCGAAGTGGCG_004,130
GTTCCAACAGCGAAGTGGCG_005,37
GTTCCAACAGCGAAGTGGCG_006,60
GTTCCAACAGCGAAGTGGCG_007,170
GTTCCAACAGCGAAGTGGCG_008,193
GTTCCAACAGCGAAGTGGCG_009,48
GTTCCAACAGCGAAGTGGCG_010,103
GTTCCAACAGCGAAGTGGCG_011,58
GTTCCAACAGCGAAGTGGCG_012,176
GTTCCAACAGCGAAGTGGCG_013,146
GTTCCAACAGCGAAGTGGCG_014,38
GTTCCAACAGCGAAGTGGCG_015,158
GTTCCAACAGCGAAGTGGCG_016,15
GTTCCAACAGCGAAGTGGCG_017,168
GTTCCAACAGCGAAGTGGCG_018,36
GTTCCAACAGCGAAGTGGCG_019,14
GTTCCAACAGCGAAGTGGCG_020,77
GTTCCAACAGCGAAGTGGCG_021,39
GTTCCAACAGCGAAGTGGCG_022,85
GTTCCAACAGCGAAGTGGCG_023,91
TCTGTTCAGACTCTAATAGG_001,99
TCTGTTCAGACTCTAATAGG_002,125
AGAGTGGTACTCACCAAGTG_001,39
AGAGTGGTACTCACCAAGTG_002,47
AGAGTGGTACTCACCAAGTG_003,6
AGAGTGGTACTCACCAAGTG_004,108
AGAGTGGTACTCACCAAGTG_005,116
AGAGTGGTACTCACCAAGTG_006,13
AGAGTGGTACTCACCAAGTG_007,169
AGAGTGGTACTCACCAAGTG_008,198
AGAGTGGTACTCACCAAGTG_009,129
AGAGTGGTACTCACCAAGTG_010,53
AGAGTGGTACTCACCAAGTG_011,78
AGAGTGGTACTCACCAAGTG_012,18
GCCGAAGTCTCATCTCAGTG_001,78
GAACTGGCAAACAGGCGTGG_001,48
GAACTGGCAAACAGGCGTGG_002,121
GAACTGGCAAACAGGCGTGG_003,8
GAACTGGCAAACAGGCGTGG_004,63
GAACTGGCAAACAGGCGTGG_005,41
GAACTGGCAAACAGGCGTGG_006,65
GAACTGGCAAACAGGCGTGG_007,120
GAACTGGCAAACAGGCGTGG_008,127
GAACTGGCAAACAGGCGTGG_009,60
GAACTGGCAAACAGGCGTGG_010,162
GAACTGGCAAACAGGCGTGG_011,180
GAACTGGCAAACAGGCGTGG_012,68
GAACTGGCAAACAGGCGTGG_013,146
GAACTGGCAAACAGGCGTGG_014,147
GAACTGGCAAACAGGCGTGG_015,146
GAACTGGCAAACAGGCGTGG_016,193
GAACTGGCAAACAGGCGTGG_017,113
GAACTGGCAAACAGGCGTGG_018,112
GAACTGGCAAACAGGCGTGG_019,8
GAACTGGCAAACAGGCGTGG_020,40
GAACTGGCAAACAGGCGTGG_021,193
GAACTGGCAAACAGGCGTGG_022,191
GAACTGGCAAACAGGCGTGG_023,198
GAACTGGCAAACAGGCGTGG_024,144
GAACTGGCAAACAGGCGTGG_025,44
GAACTGGCAAACAGGCGTGG_026,49
GAACTGGCAAACAGGCGTGG_027,2
GAACTGGCAAACAGGCGTGG_028,4
GAACTGGCAAACAGGCGTGG_029,15
GAACTGGCAAACAGGCGTGG_030,43
GAACTGGCAAACAGGCGTGG_031,184
GAACTGGCAAACAGGCGTGG_032,57
GAACTGGCAAACAGGCGTGG_033,3
GAACTGGCAAACAGGCGTGG_034,124
GAACTGGCAAACAGGCGTGG_035,103
GAACTGGCAAACAGGCGTGG_036,10
GAACTGGCAAACAGGCGTGG_037,144
GTCCCCGAAGAAGTCGCACG_001,2
GTCCCCGAAGAAGTCGCACG_002,16
GTCCCCGAAGAAGTCGCACG_003,6
GTCCCCGAAGAAGTCGCACG_004,48
GTCCCCGAAGAAGTCGCACG_005,157
GTCCCCGAAGAAGTCGCACG_006,20
GTCCCCGAAGAAGTCGCACG_007,29
GTCCCCGAAGAAGTCGCACG_008,83
GTCCCCGAAGAAGTCGCACG_009,82
GTCCCCGAAGAAGTCGCACG_010,40
GTCCCCGAAGAAGTCGCACG_011,47
GTCCCCGAAGAAGTCGCACG_012,161
GTCCCCGAAGAAGTCGCACG_013,23
GTCCCCGAAGAAGTCGCACG_014,171
GTCCCCGAAGAAGTCGCACG_015,106
GTCCCCGAAGAAGTCGCACG_016,7
GTCCCCGAAGAAGTCGCACG_017,172
GTCCCCGAAGAAGTCGCACG_018,35
GTCCCCGAAGAAGTCGCACG_019,123
GTCCCCGAAGAAGTCGCACG_020,134
GTCCCCGAAGAAGTCGCACG_021,147
GTCCCCGAAGAAGTCGCACG_022,113
GTCCCCGAAGAAGTCGCACG_023,4
GTCCCCGAAGAAGTCGCACG_024,180
GTCCCCGAAGAAGTCGCACG_025,68
GTCCCCGAAGAAGTCGCACG_026,174
GTGGCCTCCAGAATCGCCGA_001,127
TGAATGGTCTCGGTGAACGC_001,146
TGAATGGTCTCGGTGAACGC_002,16
TGAACCGCGAGGGAGCTCCC_001,190
TGAACCGCGAGGGAGCTCCC_002,142
GGACGGACATTATCGTAGTA_001,174
GGACGGACATTATCGTAGTA_002,147
GAAGACTCACAGAACCACAC_001,3
GAAGACTCACAGAACCACAC_002,195
GAAGACTCACAGAACCACAC_003,29
GAAGACTCACAGAACCACAC_004,115
GAAGACTCACAGAACCACAC_005,149
GAAGACTCACAGAACCACAC_006,158
GAAGACTCACAGAACCACAC_007,104
GAAGACTCACAGAACCACAC_008,47
TGAGCAGTGCATGATTCCCT_001,52
TGAGCAGTGCATGATTCCCT_002,84
TGAGCAGTGCATGATTCCCT_003,9
TGAGCAGTGCATGATTCCCT_004,17
GGACGCGCGAGGCAAGAGGA_001,43
GGACGCGCGAGGCAAGAGGA_002,127
GGACGCGCGAGGCAAGAGGA_003,17
GGACGCGCGAGGCAAGAGGA_004,162
GGACGCGCGAGGCAAGAGGA_005,88
GGACGCGCGAGGCAAGAGGA_006,41
GGACGCGCGAGGCAAGAGGA_007,85
GGACGCGCGAGGCAAGAGGA_008,174
GGACGCGCGAGGCAAGAGGA_009,27
GGACGCGCGAGGCAAGAGGA_010,34
GGACGCGCGAGGCAAGAGGA_011,49
GGACGCGCGAGGCAAGAGGA_012,11
GGACGCGCGAGGCAAGAGGA_013,69
GGACGCGCGAGGCAAGAGGA_014,22
GGACGCGCGAGGCAAGAGGA_015,49
GGACGCGCGAGGCAAGAGGA_016,183
GGACGCGCGAGGCAAGAGGA_017,48
GGACGCGCGAGGCAAGAGGA_018,54
GGACGCGCGAGGCAAGAGGA_019,38
GGACGCGCGAGGCAAGAGGA_020,112
GGACGCGCGAGGCAAGAGGA_021,131
GGACGCGCGAGGCAAGAGGA_022,75
GGACGCGCGAGGCAAGAGGA_023,191
GGACGCGCGAGGCAAGAGGA_024,121
GGACGCGCGAGGCAAGAGGA_025,144
GGACGCGCGAGGCAAGAGGA_026,127
ATGGACGAAATCGACTCCAT_001,193
ATGGACGAAATCGACTCCAT_002,176
ATGGACGAAATCGACTCCAT_003,149
ATGGACGAAATCGACTCCAT_004,78
ATGGACGAAATCGACTCCAT_005,70
ATGGACGAAATCGACTCCAT_006,127
ATGGACGAAATCGACTCCAT_007,193
ATGGACGAAATCGACTCCAT_008,127
ATGGACGAAATCGACTCCAT_009,97
ATGGACGAAATCGACTCCAT_010,105
ATGGACGAAATCGACTCCAT_011,7
ATGGACGAAATCGACTCCAT_012,189
ATGGACGAAATCGACTCCAT_013,55
ATGGACGAAATCGACTCCAT_014,35
ATGGACGAAATCGACTCCAT_015,157
ATGGACGAAATCGACTCCAT_016,198
ATGGACGAAATCGACTCCAT_017,65
ATGGACGAAATCGACTCCAT_018,76
AATTCTCTCCACATACTCAG_001,118
AATTCTCTCCACATACTCAG_002,130
AATTCTCTCCACATACTCAG_003,70
AATTCTCTCCACATACTCAG_004,184
AATTCTCTCCACATACTCAG_005,108
TGGCCATTGATGCGGACACG_001,53
TGGCCATTGATGCGGACACG_002,47
TGGCCATTGATGCGGACACG_003,105
TGGCCATTGATGCGGACACG_004,115
TGGCCATTGATGCGGACACG_005,17
TGGCCATTGATGCGGACACG_006,166
TGGCCATTGATGCGGACACG_007,77
CCCCAGACGAGGTGACTGTG_001,45
CCCCAGACGAGGTGACTGTG_002,157
CCCCAGACGAGGTGACTGTG_003,57
CCCCAGACGAGGTGACTGTG_004,94
CCCCAGACGAGGTGACTGTG_005,78
CCCCAGACGAGGTGACTGTG_006,91
CCCCAGACGAGGTGACTGTG_007,76
CCCCAGACGAGGTGACTGTG_008,160
CCCCAGACGAGGTGACTGTG_009,70
CCCCAGACGAGGTGACTGTG_010,55
CCCCAGACGAGGTGACTGTG_011,17
CCCCAGACGAGGTGACTGTG_012,17
CCCCAGACGAGGTGACTGTG_013,96
CCCCAGACGAGGTGACTGTG_014,108
CCCCAGACGAGGTGACTGTG_015,108
CCCCAGACGAGGTGACTGTG_016,94
CCCCAGACGAGGTGACTGTG_017,149
CCCCAGACGAGGTGACTGTG_018,167
CCCCAGACGAGGTGACTGTG_019,33
CCCCAGACGAGGTGACTGTG_020,31
CCCCAGACGAGGTGACTGTG_021,61
CCCCAGACGAGGTGACTGTG_022,76
CCCCAGACGAGGTGACTGTG_023,160
CCCCAGACGAGGTGACTGTG_024,65
CCCCAGACGAGGTGACTGTG_025,103
CACCCAGCTTAAGCTTGTAG_001,137
CACCCAGCTTAAGCTTGTAG_002,119
GAACTTCATCCTAAAGCATA_001,197
GAACTTCATCCTAAAGCATA_002,120
GAACTTCATCCTAAAGCATA_003,147
GAACTTCATCCTAAAGCATA_004,33
GAACTTCATCCTAAAGCATA_005,61
TGATAAACTGACAAGCAACA_001,158
TGATAAACTGACAAGCAACA_002,4
TGATAAACTGACAAGCAACA_003,65
TGATAAACTGACAAGCAACA_004,65
TGATAAACTGACAAGCAACA_005,150
TGATAAACTGACAAGCAACA_006,3
TGATAAACTGACAAGCAACA_007,69
ACTATCTTGAGGAATAGTGG_001,141
ACTATCTTGAGGAATAGTGG_002,43
ACTATCTTGAGGAATAGTGG_003,137
ACTATCTTGAGGAATAGTGG_004,98
CACACCAAGCATGTTTGGCA_001,113
CACACCAAGCATGTTTGGCA_002,142
CACACCAAGCATGTTTGGCA_003,149
CACACCAAGCATGTTTGGCA_004,108
CACACCAAGCATGTTTGGCA_005,161
CACACCAAGCATGTTTGGCA_006,79
CACACCAAGCATGTTTGGCA_007,115
GAGACTCTTGAGGAGATAGG_001,191
GAGACTCTTGAGGAGATAGG_002,102
GAGACTCTTGAGGAGATAGG_003,5
GAGACTCTTGAGGAGATAGG_004,98
GAGACTCTTGAGGAGATAGG_005,196
GAGACTCTTGAGGAGATAGG_006,2
GAGACTCTTGAGGAGATAGG_007,65
GAGACTCTTGAGGAGATAGG_008,107
GAGACTCTTGAGGAGATAGG_009,145
GAGACTCTTGAGGAGATAGG_010,181
GAGACTCTTGAGGAGATAGG_011,199
GAGACTCTTGAGGAGATAGG_012,148
GAGACTCTTGAGGAGATAGG_013,147
GAGACTCTTGAGGAGATAGG_014,192
GAGACTCTTGAGGAGATAGG_015,110
AGATACTAGACCAGTCTGAG_001,106
AGATACTAGACCAGTCTGAG_002,73
AGATACTAGACCAGTCTGAG_003,48
AGATACTAGACCAGTCTGAG_004,88
AGATACTAGACCAGTCTGAG_005,114
AGATACTAGACCAGTCTGAG_006,114
AGATACTAGACCAGTCTGAG_007,94
AGATACTAGACCAGTCTGAG_008,70
AGATACTAGACCAGTCTGAG_009,158
AGATACTAGACCAGTCTGAG_010,60
AGATACTAGACCAGTCTGAG_011,78
AGATACTAGACCAGTCTGAG_012,188
AGATACTAGACCAGTCTGAG_013,125
AGAAGCTGTTAGAACAGGAG_001,132
AGAAGCTGTTAGAACAGGAG_002,101
AGAAGCTGTTAGAACAGGAG_003,50
AGAAGCTGTTAGAACAGGAG_004,116
AGAAGCTGTTAGAACAGGAG_005,165
AGAAGCTGTTAGAACAGGAG_006,161
AGAAGCTGTTAGAACAGGAG_007,80
AGAAGCTGTTAGAACAGGAG_008,108
AGAAGCTGTTAGAACAGGAG_009,160
AGAAGCTGTTAGAACAGGAG_010,144
AGAAGCTGTTAGAACAGGAG_011,96
AGAAGCTGTTAGAACAGGAG_012,113
AGAAGCTGTTAGAACAGGAG_013,170
AGGGCTGGGTGTGTCCCGAG_001,181
AGGGCTGGGTGTGTCCCGAG_002,53
AGGGCTGGGTGTGTCCCGAG_003,148
AGGGCTGGGTGTGTCCCGAG_004,26
AGGGCTGGGTGTGTCCCGAG_005,190
AGGGCTGGGTGTGTCCCGAG_006,196
AGGGCTGGGTGTGTCCCGAG_007,17
AGGGCTGGGTGTGTCCCGAG_008,162
AGGGCTGGGTGTGTCCCGAG_009,149
AGGGCTGGGTGTGTCCCGAG_010,6
AGGGCTGGGTGTGTCCCGAG_011,62
ACCAATAGCAAACTCCACCA_001,62
ACCAATAGCAAACTCCACCA_002,78
ACCAATAGCAAACTCCACCA_003,119
ACCAATAGCAAACTCCACCA_004,118
ACCAATAGCAAACTCCACCA_005,86
ACCAATAGCAAACTCCACCA_006,30
ACCAATAGCAAACTCCACCA_007,97
ACCAATAGCAAACTCCACCA_008,108
ACCAATAGCAAACTCCACCA_009,112
ACCAATAGCAAACTCCACCA_010,76
ACCAATAGCAAACTCCACCA_011,157
ACCAATAGCAAACTCCACCA_012,144
ATCCGCAAGCGAGACCGCCG_001,60
ATCCGCAAGCGAGACCGCCG_002,17
ATCCGCAAGCGAGACCGCCG_003,53
ATCCGCAAGCGAGACCGCCG_004,99
ATCCGCAAGCGAGACCGCCG_005,60
ATCCGCAAGCGAGACCGCCG_006,176
ATCCGCAAGCGAGACCGCCG_007,186
ATCCGCAAGCGAGACCGCCG_008,172
ATCCGCAAGCGAGACCGCCG_009,165
ATCCGCAAGCGAGACCGCCG_010,15
ATCCGCAAGCGAGACCGCCG_011,48
ATCCGCAAGCGAGACCGCCG_012,23
ATCCGCAAGCGAGACCGCCG_013,124
ATCCGCAAGCGAGACCGCCG_014,152
ATCCGCAAGCGAGACCGCCG_015,70
ATCCGCAAGCGAGACCGCCG_016,116
ATCCGCAAGCGAGACCGCCG_017,42
ATCCGCAAGCGAGACCGCCG_018,12
ATCCGCAAGCGAGACCGCCG_019,44
ATCCGCAAGCGAGACCGCCG_020,197
ATCCGCAAGCGAGACCGCCG_021,175
ATCCGCAAGCGAGACCGCCG_022,68
ATCCGCAAGCGAGACCGCCG_023,82
ATCCGCAAGCGAGACCGCCG_024,7
ATCCGCAAGCGAGACCGCCG_025,82
ATCCGCAAGCGAGACCGCCG_026,187
ATCCGCAAGCGAGACCGCCG_027,166
ATCCGCAAGCGAGACCGCCG_028,160
ATCCGCAAGCGAGACCGCCG_029,182
ATCCGCAAGCGAGACCGCCG_030,52
ATCCGCAAGCGAGACCGCCG_031,102
ATCCGCAAGCGAGACCGCCG_032,69
ATCCGCAAGCGAGACCGCCG_033,46
ATCCGCAAGCGAGACCGCCG_034,120
ATCCGCAAGCGAGACCGCCG_035,56
ATCCGCAAGCGAGACCGCCG_036,84
ATCCGCAAGCGAGACCGCCG_037,9
ATAGTGACGCTTACCACCGT_001,168
GGGTCGGTGGTACTCGCCGT_001,152
GGGTCGGTGGTACTCGCCGT_002,175
GGGTCGGTGGTACTCGCCGT_003,5
GGGTCGGTGGTACTCGCCGT_004,50
TACGGCTTTCTGGCTAGTGC_001,20
TACGGCTTTCTGGCTAGTGC_002,88
TACGGCTTTCTGGCTAGTGC_003,107
TACGGCTTTCTGGCTAGTGC_004,125
TACGGCTTTCTGGCTAGTGC_005,161
TACGGCTTTCTGGCTAGTGC_006,35
TACGGCTTTCTGGCTAGTGC_007,73
TACGGCTTTCTGGCTAGTGC_008,165
AACTAGAGGAGCTTGTAGCA_001,38
AACTAGAGGAGCTTGTAGCA_002,148
AACTAGAGGAGCTTGTAGCA_003,158
AACTAGAGGAGCTTGTAGCA_004,82
AACTAGAGGAGCTTGTAGCA_005,94
AACTAGAGGAGCTTGTAGCA_006,81
AACTAGAGGAGCTTGTAGCA_007,78
AAAGTTCCACCTAATCATGT_001,62
AAAGTTCCACCTAATCATGT_002,178
AAAGTTCCACCTAATCATGT_003,27
AAAGTTCCACCTAATCATGT_004,189
AAAGTTCCACCTAATCATGT_005,116
AAAGTTCCACCTAATCATGT_006,192
AAAGTTCCACCTAATCATGT_007,127
AAAGTTCCACCTAATCATGT_008,176
AAAGTTCCACCTAATCATGT_009,20
AAAGTTCCACCTAATCATGT_010,136
AAAGTTCCACCTAATCATGT_011,66
AAAGTTCCACCTAATCATGT_012,75
AAAGTTCCACCTAATCATGT_013,55
TTACAACCGGTAGAGAATGG_001,38
TTACAACCGGTAGAGAATGG_002,147
TTACAACCGGTAGAGAATGG_003,199
AGAGTTGCAGCAATTGGCCA_001,121
AGAGTTGCAGCAATTGGCCA_002,170
AGAGTTGCAGCAATTGGCCA_003,49
CTGGAAGCCTCGGACACCAG_001,32
CTGGAAGCCTCGGACACCAG_002,39
CTGGAAGCCTCGGACACCAG_003,133
CTGGAAGCCTCGGACACCAG_004,41
CTGGAAGCCTCGGACACCAG_005,41
CTGGAAGCCTCGGACACCAG_006,194
CTGGAAGCCTCGGACACCAG_007,194
CTGGAAGCCTCGGACACCAG_008,105
CTGGAAGCCTCGGACACCAG_009,29
CTGGAAGCCTCGGACACCAG_010,2
CTGGAAGCCTCGGACACCAG_011,28
CTGGAAGCCTCGGACACCAG_012,76
CTGGAAGCCTCGGACACCAG_013,116
CTGGAAGCCTCGGACACCAG_014,162
CTGGAAGCCTCGGACACCAG_015,178
CTGGAAGCCTCGGACACCAG_016,160
CTGGAAGCCTCGGACACCAG_017,9
CTGGAAGCCTCGGACACCAG_018,82
CTGGAAGCCTCGGACACCAG_019,81
CTGGAAGCCTCGGACACCAG_020,177
CTGGAAGCCTCGGACACCAG_021,86
CTGGAAGCCTCGGACACCAG_022,101
CTGGAAGCCTCGGACACCAG_023,22
CTGGAAGCCTCGGACACCAG_024,158
CTGGAAGCCTCGGACACCAG_025,46
CTGGAAGCCTCGGACACCAG_026,158
CTGGAAGCCTCGGACACCAG_027,191
CTGGAAGCCTCGGACACCAG_028,55
CTGGAAGCCTCGGACACCAG_029,55
CTGGAAGCCTCGGACACCAG_030,127
CTGGAAGCCTCGGACACCAG_031,113
CTGGAAGCCTCGGACACCAG_032,148
CTGGAAGCCTCGGACACCAG_033,120
CTGGAAGCCTCGGACACCAG_034,190
CTGGAAGCCTCGGACACCAG_035,12
CTGGAAGCCTCGGACACCAG_036,129
CTGGAAGCCTCGGACACCAG_037,56
CTGGAAGCCTCGGACACCAG_038,114
CTGGAAGCCTCGGACACCAG_039,71
ACCCCACCCTTTAGATACAG_001,121
ACCCCACCCTTTAGATACAG_002,135
ACCCCACCCTTTAGATACAG_003,88
ACCCCACCCTTTAGATACAG_004,2
ACCCCACCCTTTAGATACAG_005,37
ACCCCACCCTTTAGATACAG_006,62
ACCCCACCCTTTAGATACAG_007,33
TTTGTGATAGAAGAAAAACA_001,183
TTTGTGATAGAAGAAAAACA_002,50
TTTGTGATAGAAGAAAAACA_003,46
TTTGTGATAGAAGAAAAACA_004,19
CCCCCCAAGCAACACGCCCG_001,5
CCCCCCAAGCAACACGCCCG_002,1
CCCCCCAAGCAACACGCCCG_003,29
CCCCCCAAGCAACACGCCCG_004,193
CCCCCCAAGCAACACGCCCG_005,21
CCCCCCAAGCAACACGCCCG_006,43
CCCCCCAAGCAACACGCCCG_007,144
CCCCCCAAGCAACACGCCCG_008,91
CCCCCCAAGCAACACGCCCG_009,138
CCCCCCAAGCAACACGCCCG_010,144
CCCCCCAAGCAACACGCCCG_011,195
CCCCCCAAGCAACACGCCCG_012,194
CCCCCCAAGCAACACGCCCG_013,52
CCCCCCAAGCAACACGCCCG_014,36
CCCCCCAAGCAACACGCCCG_015,75
CCCCCCAAGCAACACGCCCG_016,106
CCCCCCAAGCAACACGCCCG_017,83
CCCCCCAAGCAACACGCCCG_018,45
CCCCCCAAGCAACACGCCCG_019,98
CCCCCCAAGCAACACGCCCG_020,115
CCCCCCAAGCAACACGCCCG_021,69
CCCCCCAAGCAACACGCCCG_022,40
CCCCCCAAGCAACACGCCCG_023,56
CCCCCCAAGCAACACGCCCG_024,56
CCCCCCAAGCAACACGCCCG_025,194
CCCCCCAAGCAACACGCCCG_026,85
CCCCCCAAGCAACACGCCCG_027,44
CCCCCCAAGCAACACGCCCG_028,2
CCCCCCAAGCAACACGCCCG_029,84
CCCCCCAAGCAACACGCCCG_030,182
CCCCCCAAGCAACACGCCCG_031,2
CCCCCCAAGCAACACGCCCG_032,78
CCCCCCAAGCAACACGCCCG_033,136
CAACCTGGAATGGACCAGCG_001,6
CAACCTGGAATGGACCAGCG_002,2
CAACCTGGAATGGACCAGCG_003,96
CAACCTGGAATGGACCAGCG_004,17
CAACCTGGAATGGACCAGCG_005,59
CAACCTGGAATGGACCAGCG_006,60
CAACCTGGAATGGACCAGCG_007,2
CAACCTGGAATGGACCAGCG_008,159
CAACCTGGAATGGACCAGCG_009,113
CAACCTGGAATGGACCAGCG_010,124
CAACCTGGAATGGACCAGCG_011,105
CAACCTGGAATGGACCAGCG_012,34
CAACCTGGAATGGACCAGCG_013,92
CAACCTGGAATGGACCAGCG_014,3
CAACCTGGAATGGACCAGCG_015,98
CAACCTGGAATGGACCAGCG_016,184
CAACCTGGAATGGACCAGCG_017,199
CAACCTGGAATGGACCAGCG_018,17
CAACCTGGAATGGACCAGCG_019,164
GGGACACGAAGTCTTCTGTG_001,97
GGGACACGAAGTCTTCTGTG_002,37
GGGACACGAAGTCTTCTGTG_003,117
GGGACACGAAGTCTTCTGTG_004,149
GGGACACGAAGTCTTCTGTG_005,147
GGGACACGAAGTCTTCTGTG_006,170
GGGGGAGGGAAGCTATTGAC_001,149
GGGGGAGGGAAGCTATTGAC_002,0
GGGGGAGGGAAGCTATTGAC_003,127
GGGGGAGGGAAGCTATTGAC_004,39
TCCATGGGACAAGGAGCTCG_001,82
TCCATGGGACAAGGAGCTCG_002,174
TCCATGGGACAAGGAGCTCG_003,65
TCCATGGGACAAGGAGCTCG_004,162
TACCATGATCTACAGGAACT_001,126
TACCATGATCTACAGGAACT_002,19
TACCATGATCTACAGGAACT_003,5
TACCATGATCTACAGGAACT_004,123
TACCATGATCTACAGGAACT_005,37
TACCATGATCTACAGGAACT_006,169
TACCATGATCTACAGGAACT_007,82
TACCATGATCTACAGGAACT_008,29
TCAAGTTATACCTACGACAG_001,157
TCAAGTTATACCTACGACAG_002,179
TCAAGTTATACCTACGACAG_003,179
AAAGTTGGTGTCCGAACCAG_001,121
AAAGTTGGTGTCCGAACCAG_002,64
AAAGTTGGTGTCCGAACCAG_003,112
AAAGTTGGTGTCCGAACCAG_004,191
AAAGTTGGTGTCCGAACCAG_005,94
GATGTTAAGGAGTTCCCTGG_001,49
GATGTTAAGGAGTTCCCTGG_002,117
GATGTTAAGGAGTTCCCTGG_003,94
GGTTGCGCAACTTCTTATAG_001,177
CCCCTCCCGATTGGTCCCGG_001,65
CCCCTCCCGATTGGTCCCGG_002,34
CCCCTCCCGATTGGTCCCGG_003,77
CCCCTCCCGATTGGTCCCGG_004,61
CCCCTCCCGATTGGTCCCGG_005,55
CCCCTCCCGATTGGTCCCGG_006,11
CCCCTCCCGATTGGTCCCGG_007,134
CCCCTCCCGATTGGTCCCGG_008,94
CCCCTCCCGATTGGTCCCGG_009,94
CCCCTCCCGATTGGTCCCGG_010,17
CCCCTCCCGATTGGTCCCGG_011,60
CCCCTCCCGATTGGTCCCGG_012,11
CCCCTCCCGATTGGTCCCGG_013,88
CCCCTCCCGATTGGTCCCGG_014,102
CCCCTCCCGATTGGTCCCGG_015,76
CCCCTCCCGATTGGTCCCGG_016,181
CCCCTCCCGATTGGTCCCGG_017,7
CCCCTCCCGATTGGTCCCGG_018,146
CCCCTCCCGATTGGTCCCGG_019,196
CCCCTCCCGATTGGTCCCGG_020,38
CCCCTCCCGATTGGTCCCGG_021,77
CCCCTCCCGATTGGTCCCGG_022,67
CCCCTCCCGATTGGTCCCGG_023,84
CCCCTCCCGATTGGTCCCGG_024,137
CCCCTCCCGATTGGTCCCGG_025,138
CCCCTCCCGATTGGTCCCGG_026,74
CCCCTCCCGATTGGTCCCGG_027,58
CCCCTCCCGATTGGTCCCGG_028,56
CCCCTCCCGATTGGTCCCGG_029,84
CCCCTCCCGATTGGTCCCGG_030,61
CCCCTCCCGATTGGTCCCGG_031,116
CCCCTCCCGATTGGTCCCGG_032,150
CCCCTCCCGATTGGTCCCGG_033,115
CCCCTCCCGATTGGTCCCGG_034,161
CCCCTCCCGATTGGTCCCGG_035,196
CCCCTCCCGATTGGTCCCGG_036,132
CCCCTCCCGATTGGTCCCGG_037,31
CCCCTCCCGATTGGTCCCGG_038,194
CCCCTCCCGATTGGTCCCGG_039,165
CCCCTCCCGATTGGTCCCGG_040,114
CCCCTCCCGATTGGTCCCGG_041,103
CCCCTCCCGATTGGTCCCGG_042,138
CCCCTCCCGATTGGTCCCGG_043,184
CCCCTCCCGATTGGTCCCGG_044,2
CCCCTCCCGATTGGTCCCGG_045,103
CCCCTCCCGATTGGTCCCGG_046,106
CCCCTCCCGATTGGTCCCGG_047,50
CCCCTCCCGATTGGTCCCGG_048,19
GGCTGAAAAGTAGACCACCT_001,193
GGCTGAAAAGTAGACCACCT_002,84
GGCTGAAAAGTAGACCACCT_003,58
GGCTGAAAAGTAGACCACCT_004,172
GGCTGAAAAGTAGACCACCT_005,166
GGCTGAAAAGTAGACCACCT_006,61
GGCTGAAAAGTAGACCACCT_007,116
GGCTGAAAAGTAGACCACCT_008,159
GGCTGAAAAGTAGACCACCT_009,141
GGCTGAAAAGTAGACCACCT_010,7
GGCTGAAAAGTAGACCACCT_011,82
GGCTGAAAAGTAGACCACCT_012,130
GGCTGAAAAGTAGACCACCT_013,184
GGCTGAAAAGTAGACCACCT_014,115
GGCTGAAAAGTAGACCACCT_015,126
GGCTGAAAAGTAGACCACCT_016,86
GGCTGAAAAGTAGACCACCT_017,50
CAAGGCATGGGACATTGGGG_001,162
CAAGGCATGGGACATTGGGG_002,127
CAAGGCATGGGACATTGGGG_003,172
CAAGGCATGGGACATTGGGG_004,119
CAAGGCATGGGACATTGGGG_005,181
CAAGGCATGGGACATTGGGG_006,11
CAAGGCATGGGACATTGGGG_007,158
CAAGGCATGGGACATTGGGG_008,127
CAAGGCATGGGACATTGGGG_009,172
CAAGGCATGGGACATTGGGG_010,8
CAAGGCATGGGACATTGGGG_011,63
CATGTAATGAAAAAGACCAT_001,146
CATGTAATGAAAAAGACCAT_002,82
CATGTAATGAAAAAGACCAT_003,178
CATGTAATGAAAAAGACCAT_004,178
CATGTAATGAAAAAGACCAT_005,82
CATGTAATGAAAAAGACCAT_006,90
CATGTAATGAAAAAGACCAT_007,90
GCAGCAATGTGCATTGCTGT_001,15
GCAGCAATGTGCATTGCTGT_002,175
GTGTCCAACCATCTTGACGA_001,43
GTGTCCAACCATCTTGACGA_002,116
GTGTCCAACCATCTTGACGA_003,68
GTGTCCAACCATCTTGACGA_004,174
CTATCAACTGTGATTCGTGA_001,172
CTATCAACTGTGATTCGTGA_002,19
ACATCAGATAAGATACGATG_001,70
ACATCAGATAAGATACGATG_002,11
ACATCAGATAAGATACGATG_003,64
ACATCAGATAAGATACGATG_004,72
ACATCAGATAAGATACGATG_005,163
ACCTTCTGATCAGTGACACG_001,9
ACCTTCTGATCAGTGACACG_002,24
ACCTTCTGATCAGTGACACG_003,101
ACCTTCTGATCAGTGACACG_004,105
ACCTTCTGATCAGTGACACG_005,18
ACCTTCTGATCAGTGACACG_006,123
ACCTTCTGATCAGTGACACG_007,56
ACCTTCTGATCAGTGACACG_008,199
ACCTTCTGATCAGTGACACG_009,81
ACCTTCTGATCAGTGACACG_010,148
ACCTTCTGATCAGTGACACG_011,177
ACCTTCTGATCAGTGACACG_012,76
ACCTTCTGATCAGTGACACG_013,77
ACCTTCTGATCAGTGACACG_014,194
ACCTTCTGATCAGTGACACG_015,88
ACCTTCTGATCAGTGACACG_016,26
ACCTTCTGATCAGTGACACG_017,116
ACCTTCTGATCAGTGACACG_018,121
ACCTTCTGATCAGTGACACG_019,171
ACCTTCTGATCAGTGACACG_020,43
ACCTTCTGATCAGTGACACG_021,47
GCCCTCGCCCGCCCGGGCTG_001,168
GCCCTCGCCCGCCCGGGCTG_002,116
GCCCTCGCCCGCCCGGGCTG_003,62
GCCCTCGCCCGCCCGGGCTG_004,177
GCCCTCGCCCGCCCGGGCTG_005,143
GCCCTCGCCCGCCCGGGCTG_006,86
GCCCTCGCCCGCCCGGGCTG_007,88
GCCCTCGCCCGCCCGGGCTG_008,82
GCCCTCGCCCGCCCGGGCTG_009,185
GCCCTCGCCCGCCCGGGCTG_010,115
ACCAGCAAGTTATTTCTGTG_001,183
ACCAGCAAGTTATTTCTGTG_002,149
ACCAGCAAGTTATTTCTGTG_003,165
ACCAGCAAGTTATTTCTGTG_004,169
ACCAGCAAGTTATTTCTGTG_005,191
ACCAGCAAGTTATTTCTGTG_006,15
ACCAGCAAGTTATTTCTGTG_007,158
ACCAGCAAGTTATTTCTGTG_008,144
ACCAGCAAGTTATTTCTGTG_009,136
ACCAGCAAGTTATTTCTGTG_010,179
ACCAGCAAGTTATTTCTGTG_011,175
ACCAGCAAGTTATTTCTGTG_012,87
ACCAGCAAGTTATTTCTGTG_013,148
CCGTCGCCTATAAGGCCCAG_001,36
CCGTCGCCTATAAGGCCCAG_002,183
CCGTCGCCTATAAGGCCCAG_003,116
CCGTCGCCTATAAGGCCCAG_004,93
CCGTCGCCTATAAGGCCCAG_005,118
CCGTCGCCTATAAGGCCCAG_006,142
CCGTCGCCTATAAGGCCCAG_007,138
CCGTCGCCTATAAGGCCCAG_008,81
CCGTCGCCTATAAGGCCCAG_009,12
CCGTCGCCTATAAGGCCCAG_010,8
CCGTCGCCTATAAGGCCCAG_011,169
CCGTCGCCTATAAGGCCCAG_012,104
CCGTCGCCTATAAGGCCCAG_013,27
CCGTCGCCTATAAGGCCCAG_014,88
CCGTCGCCTATAAGGCCCAG_015,45
CCGTCGCCTATAAGGCCCAG_016,124
CCGTCGCCTATAAGGCCCAG_017,188
CCGTCGCCTATAAGGCCCAG_018,198
CCGTCGCCTATAAGGCCCAG_019,40
CCGTCGCCTATAAGGCCCAG_020,94
CCGTCGCCTATAAGGCCCAG_021,136
CCGTCGCCTATAAGGCCCAG_022,134
GGTGTTGGCGACTAACAAGG_001,16
GGTGTTGGCGACTAACAAGG_002,88
GGTGTTGGCGACTAACAAGG_003,145
GGTGTTGGCGACTAACAAGG_004,46
GGTGTTGGCGACTAACAAGG_005,181
GGTGTTGGCGACTAACAAGG_006,1
GGTGTTGGCGACTAACAAGG_007,196
GGTGTTGGCGACTAACAAGG_008,179
GGTGTTGGCGACTAACAAGG_009,110
GGTGTTGGCGACTAACAAGG_010,170
GGTGTTGGCGACTAACAAGG_011,103
GGTGTTGGCGACTAACAAGG_012,83
GGTGTTGGCGACTAACAAGG_013,130
GGTGTTGGCGACTAACAAGG_014,43
TCATGTCTACAAAGATAACT_001,158
TCATGTCTACAAAGATAACT_002,174
TCATGTCTACAAAGATAACT_003,133
CAGGTGTCGGAACCTGATAA_001,104
CAGGTGTCGGAACCTGATAA_002,23
CAGGTGTCGGAACCTGATAA_003,29
CAGGTGTCGGAACCTGATAA_004,181
CAGGTGTCGGAACCTGATAA_005,71
CAGGTGTCGGAACCTGATAA_006,86
CAGGTGTCGGAACCTGATAA_007,29
CAGGTGTCGGAACCTGATAA_008,162
CAGGTGTCGGAACCTGATAA_009,43
CAGGTGTCGGAACCTGATAA_010,107
CCACCACGCACAAATAGCAA_001,121
CCACCACGCACAAATAGCAA_002,80
CCACCACGCACAAATAGCAA_003,65
CCACCACGCACAAATAGCAA_004,91
CCACCACGCACAAATAGCAA_005,48
CCACCACGCACAAATAGCAA_006,178
CCACCACGCACAAATAGCAA_007,63
CCACCACGCACAAATAGCAA_008,188
GAGGTGAAGAATGTACCTTG_001,149
ACTGGCGGCTCACAACAGCC_001,146
ACTGGCGGCTCACAACAGCC_002,29
ACTGGCGGCTCACAACAGCC_003,62
ACTGGCGGCTCACAACAGCC_004,166
ACTGGCGGCTCACAACAGCC_005,130
ACTGGCGGCTCACAACAGCC_006,177
ACTGGCGGCTCACAACAGCC_007,153
ACTGGCGGCTCACAACAGCC_008,152
GTCCCGTGATTTTAGCCAGG_001,150
GTCCCGTGATTTTAGCCAGG_002,187
GTCCCGTGATTTTAGCCAGG_003,158
GTCCCGTGATTTTAGCCAGG_004,194
GTCCCGTGATTTTAGCCAGG_005,49
GTCCCGTGATTTTAGCCAGG_006,138
GTCCCGTGATTTTAGCCAGG_007,115
GTCCCGTGATTTTAGCCAGG_008,160
GTCCCGTGATTTTAGCCAGG_009,49
GTCCCGTGATTTTAGCCAGG_010,147
GTCCCGTGATTTTAGCCAGG_011,80
GTCCCGTGATTTTAGCCAGG_012,159
GTCCCGTGATTTTAGCCAGG_013,61
GTCCCGTGATTTTAGCCAGG_014,199
GTCCCGTGATTTTAGCCAGG_015,199
GTCCCGTGATTTTAGCCAGG_016,48
ACATAATGCGGTCACCAGTG_001,188
TTGTCTACACTGTATGTCTG_001,36
TTGTCTACACTGTATGTCTG_002,113
TTGTCTACACTGTATGTCTG_003,141
TTGTCTACACTGTATGTCTG_004,68
TTGTCTACACTGTATGTCTG_005,184
GGAGCCAGGGGAGACCATCG_001,65
GGAGCCAGGGGAGACCATCG_002,94
GGAGCCAGGGGAGACCATCG_003,56
GGAGCCAGGGGAGACCATCG_004,177
GGAGCCAGGGGAGACCATCG_005,149
GGAGCCAGGGGAGACCATCG_006,83
GGAGCCAGGGGAGACCATCG_007,147
GGAGCCAGGGGAGACCATCG_008,136
GGAGCCAGGGGAGACCATCG_009,180
GGAGCCAGGGGAGACCATCG_010,30
GGAGCCAGGGGAGACCATCG_011,171
GGAGCCAGGGGAGACCATCG_012,150
GTCCGCGTATCGGAACAGGA_001,8
GTCCGCGTATCGGAACAGGA_002,56
GTCCGCGTATCGGAACAGGA_003,19
GTCCGCGTATCGGAACAGGA_004,116
GTCCGCGTATCGGAACAGGA_005,17
GTCCGCGTATCGGAACAGGA_006,76
AAAGCGTGACCACAGATGAG_001,118
AAAGCGTGACCACAGATGAG_002,48
AAAGCGTGACCACAGATGAG_003,64
AAAGCGTGACCACAGATGAG_004,170
AAAGCGTGACCACAGATGAG_005,11
AAAGCGTGACCACAGATGAG_006,50
GAATGCAGAGAAGAAAAAAG_001,54
GAATGCAGAGAAGAAAAAAG_002,125
CGATCCAATGTGTGGAACTG_001,165
CGATCCAATGTGTGGAACTG_002,9
CGATCCAATGTGTGGAACTG_003,2
CGATCCAATGTGTGGAACTG_004,62
CGATCCAATGTGTGGAACTG_005,153
CGATCCAATGTGTGGAACTG_006,77
CGATCCAATGTGTGGAACTG_007,140
CGATCCAATGTGTGGAACTG_008,155
CGATCCAATGTGTGGAACTG_009,1
CGATCCAATGTGTGGAACTG_010,196
CGATCCAATGTGTGGAACTG_011,109
CGATCCAATGTGTGGAACTG_012,82
CGATCCAATGTGTGGAACTG_013,11
CGATCCAATGTGTGGAACTG_014,19
CGATCCAATGTGTGGAACTG_015,37
CGATCCAATGTGTGGAACTG_016,115
CGATCCAATGTGTGGAACTG_017,130
AAGAAGTTCAAATGTGACAA_001,107
AAGAAGTTCAAATGTGACAA_002,22
CGTGATTCCAAACACGAATG_001,65
CGTGATTCCAAACACGAATG_002,88
CGTGATTCCAAACACGAATG_003,48
CGTGATTCCAAACACGAATG_004,11
CTTGGGTAAAATGTCCACTC_001,174
CTTGGGTAAAATGTCCACTC_002,21
CTTGGGTAAAATGTCCACTC_003,160
CTTGGGTAAAATGTCCACTC_004,9
CTTGGGTAAAATGTCCACTC_005,32
CTTGGGTAAAATGTCCACTC_006,1
CTTGGGTAAAATGTCCACTC_007,115
CTTGGGTAAAATGTCCACTC_008,96
CTTGGGTAAAATGTCCACTC_009,63
CTTGGGTAAAATGTCCACTC_010,126
GTGGAGATGGCTCTTAGCAG_001,12
GTGGAGATGGCTCTTAGCAG_002,91
GTGGAGATGGCTCTTAGCAG_003,191
TGAGACAATTTACACTGAGG_001,0
TGAGACAATTTACACTGAGG_002,42
ATGTGGCTGCCGTGTAAGAG_001,21
ATGTGGCTGCCGTGTAAGAG_002,131
ATGTGGCTGCCGTGTAAGAG_003,42
TTTATGCCCCAAACTACTCT_001,27
TTTATGCCCCAAACTACTCT_002,171
TTTATGCCCCAAACTACTCT_003,46
TTTATGCCCCAAACTACTCT_004,95
TTTATGCCCCAAACTACTCT_005,105
TTTATGCCCCAAACTACTCT_006,134
TTTATGCCCCAAACTACTCT_007,149
TTTATGCCCCAAACTACTCT_008,176
TTTATGCCCCAAACTACTCT_009,173
TTTATGCCCCAAACTACTCT_010,16
TTTATGCCCCAAACTACTCT_011,1
TTTGGCGGATGATGGGGCGT_001,154
TTTGGCGGATGATGGGGCGT_002,53
TTTGGCGGATGATGGGGCGT_003,121
TTTGGCGGATGATGGGGCGT_004,146
TTTGGCGGATGATGGGGCGT_005,59
TTTGGCGGATGATGGGGCGT_006,136
TTTGGCGGATGATGGGGCGT_007,5
TTTGGCGGATGATGGGGCGT_008,197
TTTGGCGGATGATGGGGCGT_009,117
TTTGGCGGATGATGGGGCGT_010,116
TTTGGCGGATGATGGGGCGT_011,48
TTTGGCGGATGATGGGGCGT_012,150
TTTGGCGGATGATGGGGCGT_013,8
TTTGGCGGATGATGGGGCGT_014,157
TTTGGCGGATGATGGGGCGT_015,190
TTTGGCGGATGATGGGGCGT_016,116
TTTGGCGGATGATGGGGCGT_017,41
TTTGGCGGATGATGGGGCGT_018,76
TTTGGCGGATGATGGGGCGT_019,8
TTTGGCGGATGATGGGGCGT_020,146
TTTGGCGGATGATGGGGCGT_021,196
TTTGGCGGATGATGGGGCGT_022,52
TTTGGCGGATGATGGGGCGT_023,180
TTTGGCGGATGATGGGGCGT_024,63
TTTGGCGGATGATGGGGCGT_025,175
TTTGGCGGATGATGGGGCGT_026,124
TTTGGCGGATGATGGGGCGT_027,74
TTTGGCGGATGATGGGGCGT_028,175
TTTGGCGGATGATGGGGCGT_029,1
TTTGGCGGATGATGGGGCGT_030,127
TTTGGCGGATGATGGGGCGT_031,127
TTTGGCGGATGATGGGGCGT_032,20
GGGAGCGTCAAGTACTCCGG_001,17
GGGAGCGTCAAGTACTCCGG_002,168
GGGAGCGTCAAGTACTCCGG_003,42
GGGAGCGTCAAGTACTCCGG_004,171
GGGAGCGTCAAGTACTCCGG_005,30
GGGAGCGTCAAGTACTCCGG_006,176
GGGAGCGTCAAGTACTCCGG_007,181
GGGAGCGTCAAGTACTCCGG_008,197
GGGAGCGTCAAGTACTCCGG_009,93
GGGAGCGTCAAGTACTCCGG_010,17
GGGAGCGTCAAGTACTCCGG_011,2
GGGAGCGTCAAGTACTCCGG_012,59
GGGAGCGTCAAGTACTCCGG_013,83
GGGAGCGTCAAGTACTCCGG_014,174
GGGAGCGTCAAGTACTCCGG_015,160
GGGAGCGTCAAGTACTCCGG_016,130
GGGAGCGTCAAGTACTCCGG_017,188
GGGAGCGTCAAGTACTCCGG_018,43
GGGAGCGTCAAGTACTCCGG_019,43
TTACTGAAAGATATATCCAC_001,179
TTACTGAAAGATATATCCAC_002,112
ATGAACTCACCCCTGCCATG_001,160
ATGAACTCACCCCTGCCATG_002,23
ATGAACTCACCCCTGCCATG_003,83
ATGAACTCACCCCTGCCATG_004,181
ATGAACTCACCCCTGCCATG_005,137
ATGAACTCACCCCTGCCATG_006,12
ATGAACTCACCCCTGCCATG_007,52
ATGAACTCACCCCTGCCATG_008,183
ATGAACTCACCCCTGCCATG_009,66
ATGAACTCACCCCTGCCATG_010,106
ATGAACTCACCCCTGCCATG_011,12
ATGAACTCACCCCTGCCATG_012,110
ATGAACTCACCCCTGCCATG_013,116
ATGAACTCACCCCTGCCATG_014,6
ATGAACTCACCCCTGCCATG_015,130
ATGAACTCACCCCTGCCATG_016,153
ATGAACTCACCCCTGCCATG_017,189
ATGAACTCACCCCTGCCATG_018,55
ATGAACTCACCCCTGCCATG_019,60
ATGAACTCACCCCTGCCATG_020,145
ATGAACTCACCCCTGCCATG_021,147
ATGAACTCACCCCTGCCATG_022,26
ATGAACTCACCCCTGCCATG_023,31
ATGAACTCACCCCTGCCATG_024,84
ATGAACTCACCCCTGCCATG_025,9
ATGAACTCACCCCTGCCATG_026,28
ATGAACTCACCCCTGCCATG_027,153
ATGAACTCACCCCTGCCATG_028,49
ATGAACTCACCCCTGCCATG_029,161
ATGAACTCACCCCTGCCATG_030,178
ATGAACTCACCCCTGCCATG_031,46
ATGAACTCACCCCTGCCATG_032,33
ATGAACTCACCCCTGCCATG_033,14
ATGAACTCACCCCTGCCATG_034,81
ATGAACTCACCCCTGCCATG_035,134
AGCCTCTAACCAGCCACCCG_001,199
AGCCTCTAACCAGCCACCCG_002,164
AGCCTCTAACCAGCCACCCG_003,146
AGCCTCTAACCAGCCACCCG_004,154
AGCCTCTAACCAGCCACCCG_005,124
AGCCTCTAACCAGCCACCCG_006,131
AGCCTCTAACCAGCCACCCG_007,41
AGCCTCTAACCAGCCACCCG_008,58
AGCCTCTAACCAGCCACCCG_009,48
AGCCTCTAACCAGCCACCCG_010,40
CAGTTAACATCCGATGAGAG_001,77
CAGTTAACATCCGATGAGAG_002,186
CAGTTAACATCCGATGAGAG_003,149
CAGTTAACATCCGATGAGAG_004,19
CAGTTAACATCCGATGAGAG_005,119
CTTGGCTTGCTCTTAGGACA_001,171
CTTGGCTTGCTCTTAGGACA_002,7
CTTGGCTTGCTCTTAGGACA_003,158
CTTGGCTTGCTCTTAGGACA_004,48
CTTGGCTTGCTCTTAGGACA_005,127
CTTGGCTTGCTCTTAGGACA_006,38
CTTGGCTTGCTCTTAGGACA_007,44
CTTGGCTTGCTCTTAGGACA_008,141
CTTGGCTTGCTCTTAGGACA_009,70
CTTGGCTTGCTCTTAGGACA_010,136
CTTGGCTTGCTCTTAGGACA_011,115
CTTGGCTTGCTCTTAGGACA_012,94
CTTGGCTTGCTCTTAGGACA_013,136
CAGATTCTGTTACAACTGGG_001,186
CAGATTCTGTTACAACTGGG_002,98
CAGATTCTGTTACAACTGGG_003,163
CAGATTCTGTTACAACTGGG_004,94
CAGATTCTGTTACAACTGGG_005,195
CAGATTCTGTTACAACTGGG_006,177
CAGATTCTGTTACAACTGGG_007,33
GAACCAGTTACAGATCCAAG_001,188
GAACCAGTTACAGATCCAAG_002,198
GAACCAGTTACAGATCCAAG_003,88
GAACCAGTTACAGATCCAAG_004,29
GAACCAGTTACAGATCCAAG_005,110
GAACCAGTTACAGATCCAAG_006,138
GAACCAGTTACAGATCCAAG_007,138
GAACCAGTTACAGATCCAAG_008,5
GAACCAGTTACAGATCCAAG_009,47
GAACCAGTTACAGATCCAAG_010,161
GAACCAGTTACAGATCCAAG_011,176
GAACCAGTTACAGATCCAAG_012,58
GAACCAGTTACAGATCCAAG_013,48
GAACCAGTTACAGATCCAAG_014,68
GAACCAGTTACAGATCCAAG_015,117
GCTCTACCAAGATCCCCACG_001,93
GGATCTGCGTGCTGATGTGG_001,53
GGATCTGCGTGCTGATGTGG_002,29
GGATCTGCGTGCTGATGTGG_003,121
GGATCTGCGTGCTGATGTGG_004,55
GGATCTGCGTGCTGATGTGG_005,168
GGATCTGCGTGCTGATGTGG_006,29
GGATCTGCGTGCTGATGTGG_007,154
GGATCTGCGTGCTGATGTGG_008,70
GGATCTGCGTGCTGATGTGG_009,70
TAGTAGAGGAAGGGCTATGG_001,41
TAGTAGAGGAAGGGCTATGG_002,0
TAGTAGAGGAAGGGCTATGG_003,34
TAGTAGAGGAAGGGCTATGG_004,165
TAGTAGAGGAAGGGCTATGG_005,37
TAGTAGAGGAAGGGCTATGG_006,177
GAGTAGTGGAAATTGGCCCA_001,70
GAGTAGTGGAAATTGGCCCA_002,163
GAGTAGTGGAAATTGGCCCA_003,148
GAGTAGTGGAAATTGGCCCA_004,9
GAGTAGTGGAAATTGGCCCA_005,13
GAGTAGTGGAAATTGGCCCA_006,8
GAGTAGTGGAAATTGGCCCA_007,39
GAGTAGTGGAAATTGGCCCA_008,65
GAGTAGTGGAAATTGGCCCA_009,62
GAGTAGTGGAAATTGGCCCA_010,107
GAGTAGTGGAAATTGGCCCA_011,193
GAGTAGTGGAAATTGGCCCA_012,199
GAGTAGTGGAAATTGGCCCA_013,176
GAGTAGTGGAAATTGGCCCA_014,61
CTCATGAGTCGTTTCTTTCA_001,82
CTCATGAGTCGTTTCTTTCA_002,190
CTCATGAGTCGTTTCTTTCA_003,189
CTCATGAGTCGTTTCTTTCA_004,24
CTCATGAGTCGTTTCTTTCA_005,196
CTCATGAGTCGTTTCTTTCA_006,41
CTCATGAGTCGTTTCTTTCA_007,104
CTCATGAGTCGTTTCTTTCA_008,78
CTCATGAGTCGTTTCTTTCA_009,89
GGCCTTTACAGGTAAATCTC_001,118
CAAACAGCGGCGTTTCACGG_001,29
CAAACAGCGGCGTTTCACGG_002,135
CAAACAGCGGCGTTTCACGG_003,132
CAAACAGCGGCGTTTCACGG_004,169
CAAACAGCGGCGTTTCACGG_005,11
GGTCTAAACTCTCCAGAGCA_001,130
GGTCTAAACTCTCCAGAGCA_002,69
GGTCTAAACTCTCCAGAGCA_003,136
GGTCTAAACTCTCCAGAGCA_004,149
GGTCTAAACTCTCCAGAGCA_005,46
GGTCTAAACTCTCCAGAGCA_006,108
GGTCTAAACTCTCCAGAGCA_007,34
TCACCATCCTCGGTTTCAGG_001,170
TCACCATCCTCGGTTTCAGG_002,174
TCACCATCCTCGGTTTCAGG_003,11
TCACCATCCTCGGTTTCAGG_004,119
TCACCATCCTCGGTTTCAGG_005,48
TCACCATCCTCGGTTTCAGG_006,191
TCACCATCCTCGGTTTCAGG_007,137
TCACCATCCTCGGTTTCAGG_008,124
TCACCATCCTCGGTTTCAGG_009,150
TCACCATCCTCGGTTTCAGG_010,186
TCATGGGACCAGAATCGCAT_001,155
TCATGGGACCAGAATCGCAT_002,62
TCATGGGACCAGAATCGCAT_003,32
TCATGGGACCAGAATCGCAT_004,16
TCATGGGACCAGAATCGCAT_005,150
TCATGGGACCAGAATCGCAT_006,122
TCATGGGACCAGAATCGCAT_007,78
TCATGGGACCAGAATCGCAT_008,185
TCATGGGACCAGAATCGCAT_009,15
TCATGGGACCAGAATCGCAT_010,96
TCATGGGACCAGAATCGCAT_011,82
TCATGGGACCAGAATCGCAT_012,116
TCATGGGACCAGAATCGCAT_013,82
TCATGGGACCAGAATCGCAT_014,186
TCATGGGACCAGAATCGCAT_015,82
TCATGGGACCAGAATCGCAT_016,50
TCATGGGACCAGAATCGCAT_017,165
CAGCACATACAAGTTAACTT_001,102
GACGTGAACATCGACGACAT_001,53
GACGTGAACATCGACGACAT_002,191
GACGTGAACATCGACGACAT_003,1
GACGTGAACATCGACGACAT_004,1
GACGTGAACATCGACGACAT_005,188
GACGTGAACATCGACGACAT_006,44
GACGTGAACATCGACGACAT_007,7
GACGTGAACATCGACGACAT_008,15
GACGTGAACATCGACGACAT_009,106
GACGTGAACATCGACGACAT_010,106
GACGTGAACATCGACGACAT_011,67
GACGTGAACATCGACGACAT_012,190
GACGTGAACATCGACGACAT_013,146
GACGTGAACATCGACGACAT_014,145
GACGTGAACATCGACGACAT_015,117
GACGTGAACATCGACGACAT_016,116
GACGTGAACATCGACGACAT_017,57
GACGTGAACATCGACGACAT_018,119
GACGTGAACATCGACGACAT_019,121
GACGTGAACATCGACGACAT_020,24
GACGTGAACATCGACGACAT_021,37
GACGTGAACATCGACGACAT_022,159
GACGTGAACATCGACGACAT_023,142
GACGTGAACATCGACGACAT_024,138
GACGTGAACATCGACGACAT_025,88
GACGTGAACATCGACGACAT_026,140
GACGTGAACATCGACGACAT_027,180
CCAGCGCGCTACTTACAGTG_001,16
AGGGCCGTGCAGTTGCGGTG_001,184
AGGGCCGTGCAGTTGCGGTG_002,94
AGGGCCGTGCAGTTGCGGTG_003,176
AGGGCCGTGCAGTTGCGGTG_004,81
AGGGCCGTGCAGTTGCGGTG_005,50
AGGGCCGTGCAGTTGCGGTG_006,161
AGGGCCGTGCAGTTGCGGTG_007,62
AGGGCCGTGCAGTTGCGGTG_008,194
AGGGCCGTGCAGTTGCGGTG_009,91
AGGGCCGTGCAGTTGCGGTG_010,171
AGGGCCGTGCAGTTGCGGTG_011,163
AGGGCCGTGCAGTTGCGGTG_012,74
TGCAAAACCTGACAAAACCC_001,47
GGGAGAGCCGCCGTCCAGCG_001,121
GGGAGAGCCGCCGTCCAGCG_002,74
GGGAGAGCCGCCGTCCAGCG_003,126
GGGAGAGCCGCCGTCCAGCG_004,7
GGGAGAGCCGCCGTCCAGCG_005,180
TGGAGCCATTCAGCGGAGCG_001,17
TGGAGCCATTCAGCGGAGCG_002,37
TGGAGCCATTCAGCGGAGCG_003,70
TGGAGCCATTCAGCGGAGCG_004,102
TGGAGCCATTCAGCGGAGCG_005,184
TGGAGCCATTCAGCGGAGCG_006,20
TGGAGCCATTCAGCGGAGCG_007,92
TGGAGCCATTCAGCGGAGCG_008,125
TGGAGCCATTCAGCGGAGCG_009,87
TGGAGCCATTCAGCGGAGCG_010,35
TGGAGCCATTCAGCGGAGCG_011,170
TGGAGCCATTCAGCGGAGCG_012,29
TGGAGCCATTCAGCGGAGCG_013,146
TGGAGCCATTCAGCGGAGCG_014,19
TGTGCGATGCAGGATCACGT_001,44
TGTGCGATGCAGGATCACGT_002,77
TGTGCGATGCAGGATCACGT_003,19
TGTGCGATGCAGGATCACGT_004,191
TGTGCGATGCAGGATCACGT_005,12
TGTGCGATGCAGGATCACGT_006,83
TGTGCGATGCAGGATCACGT_007,148
TGTGCGATGCAGGATCACGT_008,152
TGTGCGATGCAGGATCACGT_009,176
TGTTCCTCTACCGGGAACAA_001,163
CTTACAAATGATGTCTAACA_001,12
CTTACAAATGATGTCTAACA_002,121
CTTACAAATGATGTCTAACA_003,83
ATGGATCAACAAAATCGGCA_001,114
ATGGATCAACAAAATCGGCA_002,160
ATGGATCAACAAAATCGGCA_003,0
ATGGATCAACAAAATCGGCA_004,168
ATGGATCAACAAAATCGGCA_005,103
ATGGATCAACAAAATCGGCA_006,151
ATGGATCAACAAAATCGGCA_007,58
ATGGATCAACAAAATCGGCA_008,72
ATGGATCAACAAAATCGGCA_009,68
ATGGATCAACAAAATCGGCA_010,63
ATGGATCAACAAAATCGGCA_011,1
ATGGATCAACAAAATCGGCA_012,103
ATGGATCAACAAAATCGGCA_013,12
ATGGATCAACAAAATCGGCA_014,102
ATCTCTTCTCATACAACACG_001,82
ATCTCTTCTCATACAACACG_002,181
ATCTCTTCTCATACAACACG_003,101
GAGCCCCTGTGCAATTTCCG_001,154
GAGCCCCTGTGCAATTTCCG_002,41
GAGCCCCTGTGCAATTTCCG_003,58
GAGCCCCTGTGCAATTTCCG_004,126
GAGCCCCTGTGCAATTTCCG_005,161
GAGCCCCTGTGCAATTTCCG_006,175
GAGCCCCTGTGCAATTTCCG_007,56
GAGCCCCTGTGCAATTTCCG_008,70
GAGCCCCTGTGCAATTTCCG_009,23
GAGCCCCTGTGCAATTTCCG_010,110
GGACCTGGCTGAGAGCCCAA_001,113
GGACCTGGCTGAGAGCCCAA_002,192
GGACCTGGCTGAGAGCCCAA_003,52
GGACCTGGCTGAGAGCCCAA_004,105
GGACCTGGCTGAGAGCCCAA_005,176
GGACCTGGCTGAGAGCCCAA_006,146
GGACCTGGCTGAGAGCCCAA_007,83
GGACCTGGCTGAGAGCCCAA_008,48
GGACCTGGCTGAGAGCCCAA_009,139
GGACCTGGCTGAGAGCCCAA_010,186
GATGCTGGGTGCAGAAAGAG_001,62
GATGCTGGGTGCAGAAAGAG_002,44
GATGCTGGGTGCAGAAAGAG_003,103
GATGCTGGGTGCAGAAAGAG_004,148
GATGCTGGGTGCAGAAAGAG_005,60
GATGCTGGGTGCAGAAAGAG_006,161
AATAATCCCCATGATAGGTG_001,119
AATAATCCCCATGATAGGTG_002,166
AATAATCCCCATGATAGGTG_003,183
AATAATCCCCATGATAGGTG_004,197
AATAATCCCCATGATAGGTG_005,130
CATCGAGGTCTGCACGACCA_001,186
CATCGAGGTCTGCACGACCA_002,141
CATCGAGGTCTGCACGACCA_003,162
CATCGAGGTCTGCACGACCA_004,139
CATCGAGGTCTGCACGACCA_005,139
CATCGAGGTCTGCACGACCA_006,188
CATCGAGGTCTGCACGACCA_007,28
CATCGAGGTCTGCACGACCA_008,109
CATCGAGGTCTGCACGACCA_009,95
CATCGAGGTCTGCACGACCA_010,43
CATCGAGGTCTGCACGACCA_011,172
CATCGAGGTCTGCACGACCA_012,198
CATCGAGGTCTGCACGACCA_013,170
GAGGCGTGCACTAAGGCGGT_001,3
GAGGCGTGCACTAAGGCGGT_002,144
GAGGCGTGCACTAAGGCGGT_003,183
GAGGCGTGCACTAAGGCGGT_004,17
GAGGCGTGCACTAAGGCGGT_005,144
GAGGCGTGCACTAAGGCGGT_006,8
GAGGCGTGCACTAAGGCGGT_007,48
GAGGCGTGCACTAAGGCGGT_008,174
GAGGCGTGCACTAAGGCGGT_009,13
TTGCGGAAGACAGCTGAATG_001,181
TTGCGGAAGACAGCTGAATG_002,144
TTGCGGAAGACAGCTGAATG_003,134
TTGCGGAAGACAGCTGAATG_004,80
TTGCGGAAGACAGCTGAATG_005,198
TTGCGGAAGACAGCTGAATG_006,105
TTGCGGAAGACAGCTGAATG_007,48
TTGCGGAAGACAGCTGAATG_008,145
TTGCGGAAGACAGCTGAATG_009,58
TACCGCAGAAGCGCTCGTCA_001,42
TACCGCAGAAGCGCTCGTCA_002,6
CTTCTACATAAGTGTCAAAG_001,58
CTTCTACATAAGTGTCAAAG_002,188
CTTCTACATAAGTGTCAAAG_003,183
CTTCTACATAAGTGTCAAAG_004,128
CTTCTACATAAGTGTCAAAG_005,31
CAGACGCACCGCGGCGCCCA_001,108
CAGACGCACCGCGGCGCCCA_002,56
CAGACGCACCGCGGCGCCCA_003,150
CAGACGCACCGCGGCGCCCA_004,48
CAGACGCACCGCGGCGCCCA_005,192
AGATCTGCTTCTAAGACGGG_001,67
AGATCTGCTTCTAAGACGGG_002,80
AGATCTGCTTCTAAGACGGG_003,77
AGATCTGCTTCTAAGACGGG_004,1
AGATCTGCTTCTAAGACGGG_005,96
AGATCTGCTTCTAAGACGGG_006,199
AGATCTGCTTCTAAGACGGG_007,32
AGATCTGCTTCTAAGACGGG_008,82
AGATCTGCTTCTAAGACGGG_009,30
GGATGAAAATAACTATGACA_001,170
GGATGAAAATAACTATGACA_002,3
GGATGAAAATAACTATGACA_003,130
GGATGAAAATAACTATGACA_004,191
CTGTGTCACTGAGTTCTATG_001,40
CTGTGTCACTGAGTTCTATG_002,137
CTGTGTCACTGAGTTCTATG_003,118
CTGTGTCACTGAGTTCTATG_004,34
CTGTGTCACTGAGTTCTATG_005,74
CTGTGTCACTGAGTTCTATG_006,83
CTGTGTCACTGAGTTCTATG_007,12
CTGTGTCACTGAGTTCTATG_008,68
CTGTGTCACTGAGTTCTATG_009,151
CTGTGTCACTGAGTTCTATG_010,103
CTGTGTCACTGAGTTCTATG_011,174
CTGTGTCACTGAGTTCTATG_012,144
CTGTGTCACTGAGTTCTATG_013,99
CTGTGTCACTGAGTTCTATG_014,78
CTGTGTCACTGAGTTCTATG_015,63
CTGTGTCACTGAGTTCTATG_016,70
CTGTGTCACTGAGTTCTATG_017,105
CTGTGTCACTGAGTTCTATG_018,180
CTGTGTCACTGAGTTCTATG_019,10
CTGTGTCACTGAGTTCTATG_020,67
TTGATGATTTCAGGTGATGG_001,77
TTGATGATTTCAGGTGATGG_002,130
TTGATGATTTCAGGTGATGG_003,141
TTGATGATTTCAGGTGATGG_004,80
TTGATGATTTCAGGTGATGG_005,111
TTGATGATTTCAGGTGATGG_006,185
TTGATGATTTCAGGTGATGG_007,82
GTATAAGCCGCTGAACATGG_001,160
GTATAAGCCGCTGAACATGG_002,153
GTATAAGCCGCTGAACATGG_003,2
GTATAAGCCGCTGAACATGG_004,137
GTATAAGCCGCTGAACATGG_005,70
GTATAAGCCGCTGAACATGG_006,38
GTATAAGCCGCTGAACATGG_007,115
GTATAAGCCGCTGAACATGG_008,16
GTATAAGCCGCTGAACATGG_009,183
GTATAAGCCGCTGAACATGG_010,155
CCACCGAGGCCTGCGCAAGG_001,96
CCACCGAGGCCTGCGCAAGG_002,65
CCACCGAGGCCTGCGCAAGG_003,169
TCTAAGTCAGAAAGAGACAC_001,167
TCTAAGTCAGAAAGAGACAC_002,133
TGGCTGCCTATGACTCGGGC_001,116
TGGCTGCCTATGACTCGGGC_002,130
TGGCTGCCTATGACTCGGGC_003,127
TGGCTGCCTATGACTCGGGC_004,31
CTTGTACAACAGCCCCAGTG_001,48
CTTGTACAACAGCCCCAGTG_002,199
CTTGTACAACAGCCCCAGTG_003,186
CTTGTACAACAGCCCCAGTG_004,146
CTTGTACAACAGCCCCAGTG_005,12
CTTGTACAACAGCCCCAGTG_006,169
CTTGTACAACAGCCCCAGTG_007,72
CTTGTACAACAGCCCCAGTG_008,9
CTTGTACAACAGCCCCAGTG_009,113
CTTGTACAACAGCCCCAGTG_010,170
CTTGTACAACAGCCCCAGTG_011,141
CTTGTACAACAGCCCCAGTG_012,15
CTTGTACAACAGCCCCAGTG_013,37
CTTGTACAACAGCCCCAGTG_014,22
CTTGTACAACAGCCCCAGTG_015,68
GAAGTTGAAAAGTTCCCGGA_001,170
GAAGTTGAAAAGTTCCCGGA_002,118
GAAGTTGAAAAGTTCCCGGA_003,48
TGAATCCAGAGCTCAGTGCA_001,184
TGAATCCAGAGCTCAGTGCA_002,50
TGAATCCAGAGCTCAGTGCA_003,87
TGAATCCAGAGCTCAGTGCA_004,144
TGAATCCAGAGCTCAGTGCA_005,62
TGAATCCAGAGCTCAGTGCA_006,147
TGAATCCAGAGCTCAGTGCA_007,152
TGAATCCAGAGCTCAGTGCA_008,46
TGAATCCAGAGCTCAGTGCA_009,170
TGAATCCAGAGCTCAGTGCA_010,70
TGAATCCAGAGCTCAGTGCA_011,131
GTTAGGGGACCACATAGTCA_001,115
GTTAGGGGACCACATAGTCA_002,163
GTTAGGGGACCACATAGTCA_003,57
GTTAGGGGACCACATAGTCA_004,92
GTTAGGGGACCACATAGTCA_005,138
GTTAGGGGACCACATAGTCA_006,90
GTTAGGGGACCACATAGTCA_007,197
GTTAGGGGACCACATAGTCA_008,52
ACAAAGATCACTTACCCAGG_001,63
ACAAAGATCACTTACCCAGG_002,58
ACAAAGATCACTTACCCAGG_003,164
ACAAAGATCACTTACCCAGG_004,170
GCAGTGCTTCAGATTACACA_001,21
GCAGTGCTTCAGATTACACA_002,127
GCAGTGCTTCAGATTACACA_003,78
GCAGTGCTTCAGATTACACA_004,43
AGTCACTCTCCGCGACACGG_001,29
AGTCACTCTCCGCGACACGG_002,196
AGTCACTCTCCGCGACACGG_003,199
AGTCACTCTCCGCGACACGG_004,199
AGTCACTCTCCGCGACACGG_005,110
AGTCACTCTCCGCGACACGG_006,172
AGTCACTCTCCGCGACACGG_007,130
AGTCACTCTCCGCGACACGG_008,168
AGTCACTCTCCGCGACACGG_009,174
AGTCACTCTCCGCGACACGG_010,82
AGTCACTCTCCGCGACACGG_011,70
AGTCACTCTCCGCGACACGG_012,135
GTTCCTGGATGTCCCCCAAA_001,80
AGCCCTTAGAGGAAGGCACG_001,40
AGCCCTTAGAGGAAGGCACG_002,62
AGCCCTTAGAGGAAGGCACG_003,130
AGCCCTTAGAGGAAGGCACG_004,76
AGCCCTTAGAGGAAGGCACG_005,77
AGCCCTTAGAGGAAGGCACG_006,184
AGCCCTTAGAGGAAGGCACG_007,58
AGCCCTTAGAGGAAGGCACG_008,104
AGCCCTTAGAGGAAGGCACG_009,139
AGCCCTTAGAGGAAGGCACG_010,15
AGTCTTACCTCCATAGTAGG_001,77
AGTCTTACCTCCATAGTAGG_002,182
AGTCTTACCTCCATAGTAGG_003,34
AGTCTTACCTCCATAGTAGG_004,147
AGTCTTACCTCCATAGTAGG_005,39
AGTCTTACCTCCATAGTAGG_006,165
AGTCTTACCTCCATAGTAGG_007,178
ATCAGCGACCTACATAGTGG_001,170
ATCAGCGACCTACATAGTGG_002,70
ATCAGCGACCTACATAGTGG_003,141
ATCAGCGACCTACATAGTGG_004,76
ATCAGCGACCTACATAGTGG_005,137
ATCAGCGACCTACATAGTGG_006,48
ATCAGCGACCTACATAGTGG_007,197
ATCAGCGACCTACATAGTGG_008,16
CCCACTAAGAGATTTAGATG_001,106
CCCACTAAGAGATTTAGATG_002,13
CCCACTAAGAGATTTAGATG_003,147
CCCACTAAGAGATTTAGATG_004,144
CCCACTAAGAGATTTAGATG_005,9
CCCACTAAGAGATTTAGATG_006,73
CCCACTAAGAGATTTAGATG_007,163
CCCACTAAGAGATTTAGATG_008,77
CCCACTAAGAGATTTAGATG_009,2
CCCACTAAGAGATTTAGATG_010,127
CCCACTAAGAGATTTAGATG_011,62
CCCACTAAGAGATTTAGATG_012,116
CCCACTAAGAGATTTAGATG_013,158
CTGCGTGCCACCCCACAGAG_001,41
CTGCGTGCCACCCCACAGAG_002,1
CTGCGTGCCACCCCACAGAG_003,136
CTGCGTGCCACCCCACAGAG_004,94
CTGCGTGCCACCCCACAGAG_005,106
CTGCGTGCCACCCCACAGAG_006,80
CTGCGTGCCACCCCACAGAG_007,138
CTGCGTGCCACCCCACAGAG_008,118
CTGCGTGCCACCCCACAGAG_009,110
CTGCGTGCCACCCCACAGAG_010,189
CTGCGTGCCACCCCACAGAG_011,146
CTGCGTGCCACCCCACAGAG_012,38
CTGCGTGCCACCCCACAGAG_013,152
CTGCGTGCCACCCCACAGAG_014,78
CTGCGTGCCACCCCACAGAG_015,56
TTCCTGCATAACTGGTCCAA_001,31
TTCCTGCATAACTGGTCCAA_002,82
TTCCTGCATAACTGGTCCAA_003,150
TTCCTGCATAACTGGTCCAA_004,19
TTCCTGCATAACTGGTCCAA_005,137
TTCCTGCATAACTGGTCCAA_006,50
TTCCTGCATAACTGGTCCAA_007,84
TTCCTGCATAACTGGTCCAA_008,116
GTTCTCCGACTCGTTGACCA_001,146
GTTCTCCGACTCGTTGACCA_002,171
GTTCTCCGACTCGTTGACCA_003,168
GTTCTCCGACTCGTTGACCA_004,170
GTTCTCCGACTCGTTGACCA_005,130
GTTCTCCGACTCGTTGACCA_006,115
GTTCTCCGACTCGTTGACCA_007,112
GTTCTCCGACTCGTTGACCA_008,62
GTTCTCCGACTCGTTGACCA_009,17
GTTCTCCGACTCGTTGACCA_010,179
GTTCTCCGACTCGTTGACCA_011,27
GTTCTCCGACTCGTTGACCA_012,146
GTTCTCCGACTCGTTGACCA_013,171
ACTGTTGAAAACAATCGGCA_001,15
ACTGTTGAAAACAATCGGCA_002,81
ACTGTTGAAAACAATCGGCA_003,147
ACTGTTGAAAACAATCGGCA_004,124
ACTGTTGAAAACAATCGGCA_005,17
ATTATTACCATACGGAACTG_001,46
ATTATTACCATACGGAACTG_002,184
ATTATTACCATACGGAACTG_003,154
ATTATTACCATACGGAACTG_004,181
ATTATTACCATACGGAACTG_005,179
ATTATTACCATACGGAACTG_006,190
ATTATTACCATACGGAACTG_007,162
ATTATTACCATACGGAACTG_008,33
ATTATTACCATACGGAACTG_009,199
ATTATTACCATACGGAACTG_010,198
ATTATTACCATACGGAACTG_011,95
ATTATTACCATACGGAACTG_012,98
ATTATTACCATACGGAACTG_013,160
ATTATTACCATACGGAACTG_014,170
TCTGGAGTAGAGCCAATAGT_001,3
TCTGGAGTAGAGCCAATAGT_002,135
TCTGGAGTAGAGCCAATAGT_003,10
TCTGGAGTAGAGCCAATAGT_004,135
TCTGGAGTAGAGCCAATAGT_005,15
TCTGGAGTAGAGCCAATAGT_006,28
TCTGGAGTAGAGCCAATAGT_007,4
TCTTCACTTGGTCAAATCAG_001,27
TCTTCACTTGGTCAAATCAG_002,114
TCTTCACTTGGTCAAATCAG_003,171
TCTTCACTTGGTCAAATCAG_004,37
TCTTCACTTGGTCAAATCAG_005,174
TCTTCACTTGGTCAAATCAG_006,50
TCTTCACTTGGTCAAATCAG_007,191
CCCTTTGAGGACCCTCACCA_001,6
CCCTTTGAGGACCCTCACCA_002,95
CCCTTTGAGGACCCTCACCA_003,132
CCCTTTGAGGACCCTCACCA_004,3
CCCTTTGAGGACCCTCACCA_005,49
CCCTTTGAGGACCCTCACCA_006,101
CCCTTTGAGGACCCTCACCA_007,149
CCCTTTGAGGACCCTCACCA_008,56
CCCTTTGAGGACCCTCACCA_009,95
CCCTTTGAGGACCCTCACCA_010,34
CCCTTTGAGGACCCTCACCA_011,50
CCCTTTGAGGACCCTCACCA_012,98
CCCTTTGAGGACCCTCACCA_013,185
CCCTTTGAGGACCCTCACCA_014,83
CCCTTTGAGGACCCTCACCA_015,34
CTGTATTGCACACTCTACTC_001,78
CTGTATTGCACACTCTACTC_002,5
CTGTATTGCACACTCTACTC_003,65
CTGTATTGCACACTCTACTC_004,60
CTGTATTGCACACTCTACTC_005,66
GGAGGCATTGGTGAATCGAC_001,84
GGAGGCATTGGTGAATCGAC_002,123
GGAGGCATTGGTGAATCGAC_003,72
GGAGGCATTGGTGAATCGAC_004,2
GGAGGCATTGGTGAATCGAC_005,58
GGAGGCATTGGTGAATCGAC_006,141
GGAGGCATTGGTGAATCGAC_007,3
TGATGTCGATGGGCTTATCG_001,151
TGATGTCGATGGGCTTATCG_002,72
TGATGTCGATGGGCTTATCG_003,72
TGATGTCGATGGGCTTATCG_004,34
TGATGTCGATGGGCTTATCG_005,57
TGATGTCGATGGGCTTATCG_006,8
TGATGTCGATGGGCTTATCG_007,148
TGATGTCGATGGGCTTATCG_008,180
AGATCGGATACAGTTTGTGG_001,78
AGATCGGATACAGTTTGTGG_002,55
CACCTACTGTCAGACAATTG_001,178
CACCTACTGTCAGACAATTG_002,178
CACCTACTGTCAGACAATTG_003,0
CACCTACTGTCAGACAATTG_004,175
CACCTACTGTCAGACAATTG_005,42
CACCTACTGTCAGACAATTG_006,84
CACCTACTGTCAGACAATTG_007,147
CACCTACTGTCAGACAATTG_008,92
CACCTACTGTCAGACAATTG_009,194
CACCTACTGTCAGACAATTG_010,22
AGAGACAATCAGCATCCCAG_001,68
AGAGACAATCAGCATCCCAG_002,94
AGAGACAATCAGCATCCCAG_003,150
AGAGACAATCAGCATCCCAG_004,42
AGAGACAATCAGCATCCCAG_005,23
AGAGACAATCAGCATCCCAG_006,5
AGAGACAATCAGCATCCCAG_007,8
AGAGACAATCAGCATCCCAG_008,60
AGAGACAATCAGCATCCCAG_009,79
AGAGACAATCAGCATCCCAG_010,106
AGAGACAATCAGCATCCCAG_011,37
AGAGACAATCAGCATCCCAG_012,179
AGAGACAATCAGCATCCCAG_013,130
AGAGACAATCAGCATCCCAG_014,188
TAAGGGCTACAAAAACCGCG_001,152
TAAGGGCTACAAAAACCGCG_002,172
TAAGGGCTACAAAAACCGCG_003,55
TAAGGGCTACAAAAACCGCG_004,113
TAAGGGCTACAAAAACCGCG_005,28
TAAGGGCTACAAAAACCGCG_006,72
TAAGGGCTACAAAAACCGCG_007,188
TAAGGGCTACAAAAACCGCG_008,19
TAAGGGCTACAAAAACCGCG_009,77
TGAACAGAAGCAGCTACCTG_001,161
TGAACAGAAGCAGCTACCTG_002,130
TGAACAGAAGCAGCTACCTG_003,48
TGAACAGAAGCAGCTACCTG_004,187
TGAACAGAAGCAGCTACCTG_005,105
TGAACAGAAGCAGCTACCTG_006,9
TGAACAGAAGCAGCTACCTG_007,48
TGAACAGAAGCAGCTACCTG_008,50
TGAACAGAAGCAGCTACCTG_009,9
TGAACAGAAGCAGCTACCTG_010,43
TGAACAGAAGCAGCTACCTG_011,172
TGAACAGAAGCAGCTACCTG_012,137
TGAACAGAAGCAGCTACCTG_013,137
TGAACAGAAGCAGCTACCTG_014,83
TGAACAGAAGCAGCTACCTG_015,6
TGAACAGAAGCAGCTACCTG_016,85
TGAACAGAAGCAGCTACCTG_017,8
TGAACAGAAGCAGCTACCTG_018,84
TGAACAGAAGCAGCTACCTG_019,7
TGAACAGAAGCAGCTACCTG_020,178
TGAACAGAAGCAGCTACCTG_021,40
TGAACAGAAGCAGCTACCTG_022,21
TGAACAGAAGCAGCTACCTG_023,151
TGAACAGAAGCAGCTACCTG_024,8
TGAACAGAAGCAGCTACCTG_025,69
TGAACAGAAGCAGCTACCTG_026,107
TGAACAGAAGCAGCTACCTG_027,164
TGAACAGAAGCAGCTACCTG_028,10
TGAACAGAAGCAGCTACCTG_029,143
AGTCGCCATCGTAGATCTCA_001,192
AGTCGCCATCGTAGATCTCA_002,172
AGTCGCCATCGTAGATCTCA_003,180
GAACCTCTGAGCCTAGATTG_001,88
GAACCTCTGAGCCTAGATTG_002,190
GAACCTCTGAGCCTAGATTG_003,73
GAACCTCTGAGCCTAGATTG_004,150
GAACCTCTGAGCCTAGATTG_005,81
GAACCTCTGAGCCTAGATTG_006,97
GAACCTCTGAGCCTAGATTG_007,97
GAACCTCTGAGCCTAGATTG_008,168
AAGACCTCAGAAAAGTGTAT_001,56
AAGACCTCAGAAAAGTGTAT_002,138
AAGACCTCAGAAAAGTGTAT_003,35
GCCCGAGCTCGTGTTCCCCG_001,9
GCCCGAGCTCGTGTTCCCCG_002,149
GCCCGAGCTCGTGTTCCCCG_003,51
GCCCGAGCTCGTGTTCCCCG_004,173
GCCCGAGCTCGTGTTCCCCG_005,174
GCCCGAGCTCGTGTTCCCCG_006,94
GCCCGAGCTCGTGTTCCCCG_007,117
GCCCGAGCTCGTGTTCCCCG_008,117
GCCCGAGCTCGTGTTCCCCG_009,111
GCCCGAGCTCGTGTTCCCCG_010,124
GCCCGAGCTCGTGTTCCCCG_011,76
GCCCGAGCTCGTGTTCCCCG_012,161
GCCCGAGCTCGTGTTCCCCG_013,160
GCCCGAGCTCGTGTTCCCCG_014,35
GCCCGAGCTCGTGTTCCCCG_015,9
GCCCGAGCTCGTGTTCCCCG_016,35
GCTCTGCGCCAGCTTGACGA_001,101
GCTCTGCGCCAGCTTGACGA_002,62
GCTCTGCGCCAGCTTGACGA_003,18
GCTCTGCGCCAGCTTGACGA_004,6
GCTCTGCGCCAGCTTGACGA_005,57
GCTCTGCGCCAGCTTGACGA_006,83
GCTCTGCGCCAGCTTGACGA_007,87
GCTCTGCGCCAGCTTGACGA_008,87
GCTCTGCGCCAGCTTGACGA_009,38
GCTCTGCGCCAGCTTGACGA_010,194
GCTCTGCGCCAGCTTGACGA_011,28
GCTCTGCGCCAGCTTGACGA_012,37
GCTCTGCGCCAGCTTGACGA_013,56
GCTCTGCGCCAGCTTGACGA_014,48
GCTCTGCGCCAGCTTGACGA_015,0
GCTCTGCGCCAGCTTGACGA_016,3
GCTCTGCGCCAGCTTGACGA_017,35
GCTCTGCGCCAGCTTGACGA_018,151
GCTCTGCGCCAGCTTGACGA_019,48
ACATCTGTCAGTGTATACAG_001,62
ACATCTGTCAGTGTATACAG_002,115
ACATCTGTCAGTGTATACAG_003,116
ACATCTGTCAGTGTATACAG_004,170
ACATCTGTCAGTGTATACAG_005,119
ACATCTGTCAGTGTATACAG_006,88
ACATCTGTCAGTGTATACAG_007,145
ACATCTGTCAGTGTATACAG_008,55
ACATCTGTCAGTGTATACAG_009,151
ACATCTGTCAGTGTATACAG_010,62
ACATCTGTCAGTGTATACAG_011,68
ACATCTGTCAGTGTATACAG_012,103
ACATCTGTCAGTGTATACAG_013,169
ACATCTGTCAGTGTATACAG_014,198
ACATCTGTCAGTGTATACAG_015,127
ACATCTGTCAGTGTATACAG_016,39
ACATCTGTCAGTGTATACAG_017,162
ACATCTGTCAGTGTATACAG_018,69
ACATCTGTCAGTGTATACAG_019,124
ACATCTGTCAGTGTATACAG_020,42
GAGTGATAAACCAGACTTGT_001,69
GCAGGTGAAACCCTATGTGG_001,42
GCAGGTGAAACCCTATGTGG_002,145
GCTGATATATACGACAAGCC_001,140
ACATTGGCGATCAACCTGAC_001,194
ACATTGGCGATCAACCTGAC_002,92
ACATTGGCGATCAACCTGAC_003,9
GGCCATGACCAACTTAGGGT_001,103
GGCCATGACCAACTTAGGGT_002,50
ATACGAAATCCTGTTGACGA_001,138
ATACGAAATCCTGTTGACGA_002,162
ATACGAAATCCTGTTGACGA_003,177
ATACGAAATCCTGTTGACGA_004,128
ATACGAAATCCTGTTGACGA_005,82
ATACGAAATCCTGTTGACGA_006,150
CTGTGTGCCTGTCTGCAGTG_001,57
CTGTGTGCCTGTCTGCAGTG_002,103
GCCTGGGTCGAGTCCTTGCG_001,189
GCCTGGGTCGAGTCCTTGCG_002,73
GCCTGGGTCGAGTCCTTGCG_003,169
GCCTGGGTCGAGTCCTTGCG_004,127
GCCTGGGTCGAGTCCTTGCG_005,32
GCCTGGGTCGAGTCCTTGCG_006,63
GCCTGGGTCGAGTCCTTGCG_007,28
GCCTGGGTCGAGTCCTTGCG_008,17
GCCTGGGTCGAGTCCTTGCG_009,199
GCCTGGGTCGAGTCCTTGCG_010,53
GCCTGGGTCGAGTCCTTGCG_011,110
GCCTGGGTCGAGTCCTTGCG_012,107
GCCTGGGTCGAGTCCTTGCG_013,176
GCCTGGGTCGAGTCCTTGCG_014,54
GCCTGGGTCGAGTCCTTGCG_015,76
GCCTGGGTCGAGTCCTTGCG_016,102
GCCTGGGTCGAGTCCTTGCG_017,184
CATTGGAGAGAAACCACGTA_001,84
CATTGGAGAGAAACCACGTA_002,129
CATTGGAGAGAAACCACGTA_003,4
CATTGGAGAGAAACCACGTA_004,155
CATTGGAGAGAAACCACGTA_005,196
CATTGGAGAGAAACCACGTA_006,95
CATTGGAGAGAAACCACGTA_007,151
CATTGGAGAGAAACCACGTA_008,77
TCTCGGGGTTTGCGTCGTTG_001,180
CACCACCCACAGACGCGATG_001,69
CACCACCCACAGACGCGATG_002,106
CACCACCCACAGACGCGATG_003,189
CACCACCCACAGACGCGATG_004,146
CACCACCCACAGACGCGATG_005,91
CACCACCCACAGACGCGATG_006,137
CACCACCCACAGACGCGATG_007,45
CACCACCCACAGACGCGATG_008,77
CACCACCCACAGACGCGATG_009,9
CACCACCCACAGACGCGATG_010,48
CACCACCCACAGACGCGATG_011,169
CACCACCCACAGACGCGATG_012,43
CACCACCCACAGACGCGATG_013,94
CACCACCCACAGACGCGATG_014,34
CACCACCCACAGACGCGATG_015,132
CACCACCCACAGACGCGATG_016,40
CACCACCCACAGACGCGATG_017,160
CACCACCCACAGACGCGATG_018,113
CACCACCCACAGACGCGATG_019,70
CACCACCCACAGACGCGATG_020,168
CACCACCCACAGACGCGATG_021,77
CACCACCCACAGACGCGATG_022,149
CACCACCCACAGACGCGATG_023,177
CACCACCCACAGACGCGATG_024,157
CACCACCCACAGACGCGATG_025,67
CACCACCCACAGACGCGATG_026,66
CACCACCCACAGACGCGATG_027,89
CACCACCCACAGACGCGATG_028,50
CACCACCCACAGACGCGATG_029,127
CACCACCCACAGACGCGATG_030,65
CACCACCCACAGACGCGATG_031,29
CACCACCCACAGACGCGATG_032,70
CACCACCCACAGACGCGATG_033,60
CACCACCCACAGACGCGATG_034,60
CACCACCCACAGACGCGATG_035,41
CACCACCCACAGACGCGATG_036,98
CACCACCCACAGACGCGATG_037,94
CACCACCCACAGACGCGATG_038,28
CACCACCCACAGACGCGATG_039,116
CACCACCCACAGACGCGATG_040,9
CACCACCCACAGACGCGATG_041,167
CACCACCCACAGACGCGATG_042,167
CACCACCCACAGACGCGATG_043,163
CACCACCCACAGACGCGATG_044,166
CACCACCCACAGACGCGATG_045,113
CACCACCCACAGACGCGATG_046,67
CACCACCCACAGACGCGATG_047,98
CACCACCCACAGACGCGATG_048,49
CACCACCCACAGACGCGATG_049,181
CACCACCCACAGACGCGATG_050,88
CACCACCCACAGACGCGATG_051,166
CACCACCCACAGACGCGATG_052,76
CACCACCCACAGACGCGATG_053,105
CACCACCCACAGACGCGATG_054,198
CACCACCCACAGACGCGATG_055,148
CACCACCCACAGACGCGATG_056,60
CACCACCCACAGACGCGATG_057,123
CACCACCCACAGACGCGATG_058,199
CACCACCCACAGACGCGATG_059,76
CACCACCCACAGACGCGATG_060,19
CACCACCCACAGACGCGATG_061,188
CACCACCCACAGACGCGATG_062,26
CACCACCCACAGACGCGATG_063,27
CACCACCCACAGACGCGATG_064,7
CACCACCCACAGACGCGATG_065,150
CACCACCCACAGACGCGATG_066,151
CACCACCCACAGACGCGATG_067,132
CACCACCCACAGACGCGATG_068,50
CACCACCCACAGACGCGATG_069,61
CAACACCCGGACCTACCGTG_001,8
CAACACCCGGACCTACCGTG_002,62
CAACACCCGGACCTACCGTG_003,78
CAACACCCGGACCTACCGTG_004,172
CAACACCCGGACCTACCGTG_005,197
CAACACCCGGACCTACCGTG_006,63
CAACACCCGGACCTACCGTG_007,33
CAACACCCGGACCTACCGTG_008,64
CAACACCCGGACCTACCGTG_009,32
CAACACCCGGACCTACCGTG_010,127
CAACACCCGGACCTACCGTG_011,94
CAACACCCGGACCTACCGTG_012,183
CAACACCCGGACCTACCGTG_013,134
AGCTCTATGACTATAACCTG_001,47
AGCTCTATGACTATAACCTG_002,64
AGCTCTATGACTATAACCTG_003,102
ACCACTGCGCAGTCCAGACA_001,162
ACCACTGCGCAGTCCAGACA_002,128
ACCACTGCGCAGTCCAGACA_003,70
ACCACTGCGCAGTCCAGACA_004,78
ACCACTGCGCAGTCCAGACA_005,144
ACCACTGCGCAGTCCAGACA_006,185
ACCACTGCGCAGTCCAGACA_007,184
ACCACTGCGCAGTCCAGACA_008,185
ACCACTGCGCAGTCCAGACA_009,81
ACCACTGCGCAGTCCAGACA_010,162
ACCACTGCGCAGTCCAGACA_011,168
CTTTGACTGACTGTAACCAG_001,29
CTTTGACTGACTGTAACCAG_002,3
CTTTGACTGACTGTAACCAG_003,47
TTCATGTGAATCAGCGCTCT_001,62
TTCATGTGAATCAGCGCTCT_002,19
TTCATGTGAATCAGCGCTCT_003,115
TTCATGTGAATCAGCGCTCT_004,3
TTCATGTGAATCAGCGCTCT_005,61
TTCATGTGAATCAGCGCTCT_006,119
TTCATGTGAATCAGCGCTCT_007,36
TTCATGTGAATCAGCGCTCT_008,34
TTCATGTGAATCAGCGCTCT_009,141
TTCATGTGAATCAGCGCTCT_010,139
TTCATGTGAATCAGCGCTCT_011,91
TTCATGTGAATCAGCGCTCT_012,13
TTCATGTGAATCAGCGCTCT_013,108
CTGACTCACCAGCATAGAGT_001,56
CTGACTCACCAGCATAGAGT_002,160
CTGACTCACCAGCATAGAGT_003,58
CTGACTCACCAGCATAGAGT_004,70
CTGACTCACCAGCATAGAGT_005,13
CTGACTCACCAGCATAGAGT_006,118
CTGACTCACCAGCATAGAGT_007,6
CTGACTCACCAGCATAGAGT_008,172
CTGACTCACCAGCATAGAGT_009,60
CTGACTCACCAGCATAGAGT_010,121
CTGACTCACCAGCATAGAGT_011,80
CCGCGTCACCACTCCCAACG_001,33
CCGCGTCACCACTCCCAACG_002,62
CCGCGTCACCACTCCCAACG_003,88
CCGCGTCACCACTCCCAACG_004,54
CCGCGTCACCACTCCCAACG_005,169
CCGCGTCACCACTCCCAACG_006,120
CCGCGTCACCACTCCCAACG_007,138
CCGCGTCACCACTCCCAACG_008,81
CCGCGTCACCACTCCCAACG_009,88
CCGCGTCACCACTCCCAACG_010,19
CCGCGTCACCACTCCCAACG_011,19
CCGCGTCACCACTCCCAACG_012,63
CCGCGTCACCACTCCCAACG_013,90
CCGCGTCACCACTCCCAACG_014,184
GCCACCGGACCAGAAGACGG_001,88
GCCACCGGACCAGAAGACGG_002,130
GCCACCGGACCAGAAGACGG_003,12
GCCACCGGACCAGAAGACGG_004,85
GCCACCGGACCAGAAGACGG_005,16
GCCACCGGACCAGAAGACGG_006,116
GCCACCGGACCAGAAGACGG_007,148
GCCACCGGACCAGAAGACGG_008,61
GCCACCGGACCAGAAGACGG_009,189
GCCACCGGACCAGAAGACGG_010,183
GCCACCGGACCAGAAGACGG_011,152
GCCACCGGACCAGAAGACGG_012,168
GCCACCGGACCAGAAGACGG_013,33
GCCACCGGACCAGAAGACGG_014,130
GCCACCGGACCAGAAGACGG_015,43
GCCACCGGACCAGAAGACGG_016,137
ATGGGAATGAAACGCTGCTG_001,157
ATGGGAATGAAACGCTGCTG_002,76
ATGGGAATGAAACGCTGCTG_003,107
ATGGGAATGAAACGCTGCTG_004,198
ATGGGAATGAAACGCTGCTG_005,48
ATGGGAATGAAACGCTGCTG_006,38
ATGGGAATGAAACGCTGCTG_007,145
ATGGGAATGAAACGCTGCTG_008,70
ATGGGAATGAAACGCTGCTG_009,117
ATGGGAATGAAACGCTGCTG_010,138
ATGGGAATGAAACGCTGCTG_011,102
ATGGGAATGAAACGCTGCTG_012,9
AACCTTGAAGTTAATCTCTG_001,72
AACCTTGAAGTTAATCTCTG_002,66
AACCTTGAAGTTAATCTCTG_003,88
AACCTTGAAGTTAATCTCTG_004,48
AACCTTGAAGTTAATCTCTG_005,168
AACCTTGAAGTTAATCTCTG_006,78
TTCAAACAAAGAGGCCGCGG_001,70
TTCAAACAAAGAGGCCGCGG_002,37
TTCAAACAAAGAGGCCGCGG_003,102
TTCAAACAAAGAGGCCGCGG_004,156
TTCAAACAAAGAGGCCGCGG_005,150
TTCAAACAAAGAGGCCGCGG_006,40
TTCAAACAAAGAGGCCGCGG_007,153
TTCAAACAAAGAGGCCGCGG_008,119
TTCAAACAAAGAGGCCGCGG_009,152
TTCAAACAAAGAGGCCGCGG_010,55
TTCAAACAAAGAGGCCGCGG_011,14
TTCAAACAAAGAGGCCGCGG_012,4
TTCAAACAAAGAGGCCGCGG_013,17
TTCAAACAAAGAGGCCGCGG_014,111
TTCAAACAAAGAGGCCGCGG_015,37
TTCAAACAAAGAGGCCGCGG_016,35
TTCAAACAAAGAGGCCGCGG_017,168
TTCAAACAAAGAGGCCGCGG_018,106
CTGGCTGAACTGGTACATGG_001,76
CTGGCTGAACTGGTACATGG_002,32
CTGGCTGAACTGGTACATGG_003,42
CTGGCTGAACTGGTACATGG_004,55
CTGGCTGAACTGGTACATGG_005,142
CTGGCTGAACTGGTACATGG_006,60
CTGGCTGAACTGGTACATGG_007,41
CTGGCTGAACTGGTACATGG_008,65
CTGGCTGAACTGGTACATGG_009,29
CTGGCTGAACTGGTACATGG_010,72
CTGGCTGAACTGGTACATGG_011,174
CTGGCTGAACTGGTACATGG_012,83
CTGGCTGAACTGGTACATGG_013,92
CTGGCTGAACTGGTACATGG_014,50
CTGGCTGAACTGGTACATGG_015,77
CTGGCTGAACTGGTACATGG_016,16
CTGGCTGAACTGGTACATGG_017,3
CTGGCTGAACTGGTACATGG_018,97
TAAGGAAAGAGCCCATTACG_001,19
TAAGGAAAGAGCCCATTACG_002,68
TAAGGAAAGAGCCCATTACG_003,22
AAGTGTTGTTTGATCAGTCA_001,29
AAGTGTTGTTTGATCAGTCA_002,146
AAGTGTTGTTTGATCAGTCA_003,172
AAGTGTTGTTTGATCAGTCA_004,127
AAGTGTTGTTTGATCAGTCA_005,177
AAGTGTTGTTTGATCAGTCA_006,30
AAGTGTTGTTTGATCAGTCA_007,115
AAGTGTTGTTTGATCAGTCA_008,34
AAGTGTTGTTTGATCAGTCA_009,13
AAGTGTTGTTTGATCAGTCA_010,108
AAGTGTTGTTTGATCAGTCA_011,103
AAGTGTTGTTTGATCAGTCA_012,14
AAGTGTTGTTTGATCAGTCA_013,197
AGGGTCAATAGAGTTAATGC_001,80
AGGGTCAATAGAGTTAATGC_002,198
AGGGTCAATAGAGTTAATGC_003,148
ATATCCTTTCCACCAAGACA_001,134
GAATCAGGAGATGAAGAAGG_001,46
GAATCAGGAGATGAAGAAGG_002,166
GAATCAGGAGATGAAGAAGG_003,50
GAATCAGGAGATGAAGAAGG_004,60
GAATCAGGAGATGAAGAAGG_005,10
GAATCAGGAGATGAAGAAGG_006,66
AGAGCATCCCAGACATCCGC_001,36
AGAGCATCCCAGACATCCGC_002,49
AGAGCATCCCAGACATCCGC_003,161
AGAGCATCCCAGACATCCGC_004,9
AGAGCATCCCAGACATCCGC_005,87
AGAGCATCCCAGACATCCGC_006,160
AGAGCATCCCAGACATCCGC_007,66
AGAGCATCCCAGACATCCGC_008,125
AGAGCATCCCAGACATCCGC_009,158
AGAGCATCCCAGACATCCGC_010,8
CGTCCGCTGGACAAGCACGA_001,173
CGTCCGCTGGACAAGCACGA_002,173
CGTCCGCTGGACAAGCACGA_003,188
CGTCCGCTGGACAAGCACGA_004,48
CGTCCGCTGGACAAGCACGA_005,139
CGTCCGCTGGACAAGCACGA_006,87
CGTCCGCTGGACAAGCACGA_007,103
CGTCCGCTGGACAAGCACGA_008,132
CGTCCGCTGGACAAGCACGA_009,67
CGTCCGCTGGACAAGCACGA_010,132
CGTCCGCTGGACAAGCACGA_011,56
CGTCCGCTGGACAAGCACGA_012,140
CGTCCGCTGGACAAGCACGA_013,182
CGTCCGCTGGACAAGCACGA_014,126
CGTCCGCTGGACAAGCACGA_015,190
CGTCCGCTGGACAAGCACGA_016,58
CGTCCGCTGGACAAGCACGA_017,33
CGTCCGCTGGACAAGCACGA_018,126
CGTCCGCTGGACAAGCACGA_019,72
CGTCCGCTGGACAAGCACGA_020,168
CGTCCGCTGGACAAGCACGA_021,9
CGTCCGCTGGACAAGCACGA_022,82
CGTCCGCTGGACAAGCACGA_023,107
CGTCCGCTGGACAAGCACGA_024,167
CGTCCGCTGGACAAGCACGA_025,48
CGTCCGCTGGACAAGCACGA_026,134
CGTCCGCTGGACAAGCACGA_027,2
CGTCCGCTGGACAAGCACGA_028,113
CGTCCGCTGGACAAGCACGA_029,156
CGTCCGCTGGACAAGCACGA_030,47
CGTCCGCTGGACAAGCACGA_031,178
CGTCCGCTGGACAAGCACGA_032,179
CGTCCGCTGGACAAGCACGA_033,176
CGTCCGCTGGACAAGCACGA_034,88
CGTCCGCTGGACAAGCACGA_035,45
CGTCCGCTGGACAAGCACGA_036,83
CGTCCGCTGGACAAGCACGA_037,129
CGTCCGCTGGACAAGCACGA_038,23
CGTCCGCTGGACAAGCACGA_039,40
CGTCCGCTGGACAAGCACGA_040,36
CGTCCGCTGGACAAGCACGA_041,108
CGTCCGCTGGACAAGCACGA_042,57
TGTGATTGTGACAGACACGT_001,146
TGTGATTGTGACAGACACGT_002,138
TGTGATTGTGACAGACACGT_003,184
TGTGATTGTGACAGACACGT_004,188
TGTGATTGTGACAGACACGT_005,115
TGTGATTGTGACAGACACGT_006,40
TGTGATTGTGACAGACACGT_007,195
TGTGATTGTGACAGACACGT_008,50
TGTGATTGTGACAGACACGT_009,134
TGTGATTGTGACAGACACGT_010,21
TGTGATTGTGACAGACACGT_011,80
TGTGATTGTGACAGACACGT_012,111
TGTGATTGTGACAGACACGT_013,75
TGTGATTGTGACAGACACGT_014,191
TGTGATTGTGACAGACACGT_015,94
TGTGATTGTGACAGACACGT_016,198
TGTGATTGTGACAGACACGT_017,160
TGTGATTGTGACAGACACGT_018,38
TGTGATTGTGACAGACACGT_019,160
TGTGATTGTGACAGACACGT_020,2
TGTGATTGTGACAGACACGT_021,105
TCTGTGAAGGAACTAACACC_001,1
TCTGTGAAGGAACTAACACC_002,154
TCTGTGAAGGAACTAACACC_003,171
TCTGTGAAGGAACTAACACC_004,148
TCTGTGAAGGAACTAACACC_005,33
TCTGTGAAGGAACTAACACC_006,163
TCTGTGAAGGAACTAACACC_007,166
TCTGTGAAGGAACTAACACC_008,150
GCAATGCATGTGGAAGCAGT_001,97
GCAATGCATGTGGAAGCAGT_002,169
GCAATGCATGTGGAAGCAGT_003,79
GCAATGCATGTGGAAGCAGT_004,127
GCAATGCATGTGGAAGCAGT_005,26
GCAATGCATGTGGAAGCAGT_006,49
TGGAGAAGACAGCCAAGCCG_001,47
TGGAGAAGACAGCCAAGCCG_002,53
TGGAGAAGACAGCCAAGCCG_003,81
TGGAGAAGACAGCCAAGCCG_004,1
TGGAGAAGACAGCCAAGCCG_005,53
TGGAGAAGACAGCCAAGCCG_006,43
TGGAGAAGACAGCCAAGCCG_007,171
TGGAGAAGACAGCCAAGCCG_008,16
CATTGCAGTGAAGACGACCC_001,171
CATTGCAGTGAAGACGACCC_002,172
CATTGCAGTGAAGACGACCC_003,13
CCGCTCGCGTTTCCAGACGC_001,119
CCGCTCGCGTTTCCAGACGC_002,162
CCGCTCGCGTTTCCAGACGC_003,151
ATGAACACGGTGTCAAAGAC_001,169
ATGAACACGGTGTCAAAGAC_002,141
ATGAACACGGTGTCAAAGAC_003,92
ATGAACACGGTGTCAAAGAC_004,28
ATGAACACGGTGTCAAAGAC_005,178
ATGAACACGGTGTCAAAGAC_006,178
ATGAACACGGTGTCAAAGAC_007,50
ATGAACACGGTGTCAAAGAC_008,50
ATGAACACGGTGTCAAAGAC_009,83
ATGAACACGGTGTCAAAGAC_010,90
ATGAACACGGTGTCAAAGAC_011,30
ATGAACACGGTGTCAAAGAC_012,170
AAGCCCGCGAACACGTCGGG_001,191
AAGCCCGCGAACACGTCGGG_002,127
AAGCCCGCGAACACGTCGGG_003,106
AAGCCCGCGAACACGTCGGG_004,60
AAGCCCGCGAACACGTCGGG_005,5
AAGCCCGCGAACACGTCGGG_006,14
AAGCCCGCGAACACGTCGGG_007,144
AAGCCCGCGAACACGTCGGG_008,150
AAGCCCGCGAACACGTCGGG_009,48
AAGCCCGCGAACACGTCGGG_010,37
AAGCCCGCGAACACGTCGGG_011,43
AAGCCCGCGAACACGTCGGG_012,70
AAGCCCGCGAACACGTCGGG_013,72
AAGCCCGCGAACACGTCGGG_014,31
AAGCCCGCGAACACGTCGGG_015,122
AAGCCCGCGAACACGTCGGG_016,64
AAGCCCGCGAACACGTCGGG_017,99
AAGCCCGCGAACACGTCGGG_018,138
AAGCCCGCGAACACGTCGGG_019,147
AAGCCCGCGAACACGTCGGG_020,174
AAGCCCGCGAACACGTCGGG_021,166
AAGCCCGCGAACACGTCGGG_022,35
AAGCCCGCGAACACGTCGGG_023,29
AAGCCCGCGAACACGTCGGG_024,184
AAGCCCGCGAACACGTCGGG_025,14
AAGCCCGCGAACACGTCGGG_026,40
AAGCCCGCGAACACGTCGGG_027,137
AAGCCCGCGAACACGTCGGG_028,22
AAGCCCGCGAACACGTCGGG_029,40
AAGCCCGCGAACACGTCGGG_030,9
AAGCCCGCGAACACGTCGGG_031,40
AAGCCCGCGAACACGTCGGG_032,128
AAGCCCGCGAACACGTCGGG_033,161
AAGCCCGCGAACACGTCGGG_034,36
CCCCATAACTGTAATTCACA_001,103
TGTACTCACGATCGTATCTG_001,121
TGTACTCACGATCGTATCTG_002,40
TTATGCTTCTAACAAAACAT_001,98
TTATGCTTCTAACAAAACAT_002,179
TTATGCTTCTAACAAAACAT_003,58
TTATGCTTCTAACAAAACAT_004,186
TTATGCTTCTAACAAAACAT_005,80
TTATGCTTCTAACAAAACAT_006,46
ATTGTCTACTACCAAAACCA_001,44
ATTGTCTACTACCAAAACCA_002,58
ATTGTCTACTACCAAAACCA_003,8
TGTATGAGAAACCTGAACGA_001,8
TGTATGAGAAACCTGAACGA_002,98
TGTATGAGAAACCTGAACGA_003,172
TGTATGAGAAACCTGAACGA_004,160
TGTATGAGAAACCTGAACGA_005,154
TGTATGAGAAACCTGAACGA_006,6
TGTATGAGAAACCTGAACGA_007,15
TGTATGAGAAACCTGAACGA_008,105
CAGCTTCCGTAGCCCCCGAG_001,198
CAGCTTCCGTAGCCCCCGAG_002,114
CAGCTTCCGTAGCCCCCGAG_003,183
CAGCTTCCGTAGCCCCCGAG_004,47
CAGCTTCCGTAGCCCCCGAG_005,137
CAGCTTCCGTAGCCCCCGAG_006,56
CAGCTTCCGTAGCCCCCGAG_007,9
CAGCTTCCGTAGCCCCCGAG_008,108
CAGCTTCCGTAGCCCCCGAG_009,13
CAGCTTCCGTAGCCCCCGAG_010,94
CAGCTTCCGTAGCCCCCGAG_011,162
CAGCTTCCGTAGCCCCCGAG_012,197
CAGCTTCCGTAGCCCCCGAG_013,22
CAGCTTCCGTAGCCCCCGAG_014,84
CAGCTTCCGTAGCCCCCGAG_015,193
CAGCTTCCGTAGCCCCCGAG_016,70
CAGCTTCCGTAGCCCCCGAG_017,61
CAGCTTCCGTAGCCCCCGAG_018,131
CAGCTTCCGTAGCCCCCGAG_019,145
CAGCTTCCGTAGCCCCCGAG_020,60
CAGCTTCCGTAGCCCCCGAG_021,28
CAGCTTCCGTAGCCCCCGAG_022,65
GGCCAGCGCGTGCATATAGG_001,182
GGCCAGCGCGTGCATATAGG_002,43
GGCCAGCGCGTGCATATAGG_003,154
GGCCAGCGCGTGCATATAGG_004,93
GGCCAGCGCGTGCATATAGG_005,112
GGCCAGCGCGTGCATATAGG_006,144
AGGTACGTGTTTGAGAACGT_001,65
AGGTACGTGTTTGAGAACGT_002,29
AGGTACGTGTTTGAGAACGT_003,69
AGGTACGTGTTTGAGAACGT_004,147
AGGTACGTGTTTGAGAACGT_005,3
AGGTACGTGTTTGAGAACGT_006,61
AGGTACGTGTTTGAGAACGT_007,56
CGCCCAAGCTGACCGACCCG_001,0
CGCCCAAGCTGACCGACCCG_002,108
CGCCCAAGCTGACCGACCCG_003,108
CGCCCAAGCTGACCGACCCG_004,139
CGCCCAAGCTGACCGACCCG_005,4
CGCCCAAGCTGACCGACCCG_006,39
CGCCCAAGCTGACCGACCCG_007,180
CTAGGGTCTCTATTCCAATG_001,49
CTAGGGTCTCTATTCCAATG_002,40
CTAGGGTCTCTATTCCAATG_003,127
CTAGGGTCTCTATTCCAATG_004,156
TCGAGTTCAAATCCAATCAG_001,106
TCGAGTTCAAATCCAATCAG_002,72
TCGAGTTCAAATCCAATCAG_003,40
TCGAGTTCAAATCCAATCAG_004,84
TCGAGTTCAAATCCAATCAG_005,6
TCGAGTTCAAATCCAATCAG_006,183
TCGAGTTCAAATCCAATCAG_007,78
AAAGACAGCAGTACCCACTG_001,77
AAAGACAGCAGTACCCACTG_002,181
AAAGACAGCAGTACCCACTG_003,169
AAAGACAGCAGTACCCACTG_004,53
AAAGACAGCAGTACCCACTG_005,189
AAAGACAGCAGTACCCACTG_006,158
AAAGACAGCAGTACCCACTG_007,167
AAAGACAGCAGTACCCACTG_008,167
AAAGACAGCAGTACCCACTG_009,46
AAAGACAGCAGTACCCACTG_010,162
AAAGACAGCAGTACCCACTG_011,1
AAAGACAGCAGTACCCACTG_012,170
AAGGGATGAGCAGTAACTGA_001,19
AAGGGATGAGCAGTAACTGA_002,77
AAGGGATGAGCAGTAACTGA_003,0
AAGGGATGAGCAGTAACTGA_004,84
AAGGGATGAGCAGTAACTGA_005,137
AAGGGATGAGCAGTAACTGA_006,198
AAGGGATGAGCAGTAACTGA_007,89
AAGGGATGAGCAGTAACTGA_008,125
AAGGGATGAGCAGTAACTGA_009,139
AAGGGATGAGCAGTAACTGA_010,8
AAGGGATGAGCAGTAACTGA_011,190
AAGGGATGAGCAGTAACTGA_012,120
AAGGGATGAGCAGTAACTGA_013,38
AAGGGATGAGCAGTAACTGA_014,9
AAGGGATGAGCAGTAACTGA_015,112
AAGGGATGAGCAGTAACTGA_016,19
AAGGGATGAGCAGTAACTGA_017,187
AAGGGATGAGCAGTAACTGA_018,90
AAGGGATGAGCAGTAACTGA_019,199
AAGGGATGAGCAGTAACTGA_020,120
AAGGGATGAGCAGTAACTGA_021,8
AAGGGATGAGCAGTAACTGA_022,124
AAGGGATGAGCAGTAACTGA_023,147
CATGTCCATCAAGCACGCGA_001,77
CATGTCCATCAAGCACGCGA_002,171
CATGTCCATCAAGCACGCGA_003,151
CATGTCCATCAAGCACGCGA_004,23
CATGTCCATCAAGCACGCGA_005,139
CATGTCCATCAAGCACGCGA_006,169
CATGTCCATCAAGCACGCGA_007,19
CATGTCCATCAAGCACGCGA_008,19
CATGTCCATCAAGCACGCGA_009,177
CATGTCCATCAAGCACGCGA_010,116
CATGTCCATCAAGCACGCGA_011,110
CATGTCCATCAAGCACGCGA_012,173
CATGTCCATCAAGCACGCGA_013,3
CATGTCCATCAAGCACGCGA_014,97
CATGTCCATCAAGCACGCGA_015,118
CATGTCCATCAAGCACGCGA_016,9
CATGTCCATCAAGCACGCGA_017,138
CATGTCCATCAAGCACGCGA_018,198
CCTCCGCGCCTACCGCGAGG_001,49
CCTCCGCGCCTACCGCGAGG_002,139
CCTCCGCGCCTACCGCGAGG_003,10
CCTCCGCGCCTACCGCGAGG_004,166
CCTCCGCGCCTACCGCGAGG_005,104
CCTCCGCGCCTACCGCGAGG_006,172
CCTCCGCGCCTACCGCGAGG_007,165
CCTCCGCGCCTACCGCGAGG_008,19
CCTCCGCGCCTACCGCGAGG_009,170
CCTCCGCGCCTACCGCGAGG_010,164
CCTCCGCGCCTACCGCGAGG_011,164
GGACAAAACTATTCAACATG_001,71
GGACAAAACTATTCAACATG_002,197
GGACAAAACTATTCAACATG_003,189
GGACAAAACTATTCAACATG_004,20
TAGAAACCTTCGAAGACACA_001,105
TAGAAACCTTCGAAGACACA_002,60
TACGCCGCCCGCAGTTTGAG_001,163
TACGCCGCCCGCAGTTTGAG_002,175
TACGCCGCCCGCAGTTTGAG_003,9
TACGCCGCCCGCAGTTTGAG_004,78
TACGCCGCCCGCAGTTTGAG_005,192
TACGCCGCCCGCAGTTTGAG_006,32
TACGCCGCCCGCAGTTTGAG_007,2
TACGCCGCCCGCAGTTTGAG_008,96
TACGCCGCCCGCAGTTTGAG_009,182
CTCAGATGTGGTCTACATTG_001,115
CTCAGATGTGGTCTACATTG_002,116
TGTGCGGAGTCGTGTCCACA_001,183
TGTGCGGAGTCGTGTCCACA_002,108
TGTGCGGAGTCGTGTCCACA_003,6
TGTGCGGAGTCGTGTCCACA_004,95
TGTGCGGAGTCGTGTCCACA_005,18
TGTGCGGAGTCGTGTCCACA_006,27
TGTGCGGAGTCGTGTCCACA_007,35
AGCCTGATGTCTAATTGGCA_001,98
AGCCTGATGTCTAATTGGCA_002,57
AGCCTGATGTCTAATTGGCA_003,35
AGCCTGATGTCTAATTGGCA_004,98
AGCCTGATGTCTAATTGGCA_005,130
AGCCTGATGTCTAATTGGCA_006,146
AGCCTGATGTCTAATTGGCA_007,177
AGCCTGATGTCTAATTGGCA_008,192
AGCCTGATGTCTAATTGGCA_009,191
AGCCTGATGTCTAATTGGCA_010,35
AGCCTGATGTCTAATTGGCA_011,170
AGCCTGATGTCTAATTGGCA_012,65
TGTGCGTCATGTATACCCAA_001,101
TGTGCGTCATGTATACCCAA_002,134
TGTGCGTCATGTATACCCAA_003,121
TGTGCGTCATGTATACCCAA_004,174
TGTGCGTCATGTATACCCAA_005,174
TGTGCGTCATGTATACCCAA_006,181
TGTGCGTCATGTATACCCAA_007,195
TGTGCGTCATGTATACCCAA_008,198
ATATAAATGCTCGAGAGTTG_001,158
ATATAAATGCTCGAGAGTTG_002,20
ATATAAATGCTCGAGAGTTG_003,162
TTTATTACAATTAGGCCCAG_001,105
TTTATTACAATTAGGCCCAG_002,134
TCTCAGGGAGAGAAGTACGC_001,48
GAGGTTGCAGTAGCCATACA_001,62
GAGGTTGCAGTAGCCATACA_002,96
GAGGTTGCAGTAGCCATACA_003,76
GAGGTTGCAGTAGCCATACA_004,158
GAGGTTGCAGTAGCCATACA_005,113
GAGGTTGCAGTAGCCATACA_006,93
GAGGTTGCAGTAGCCATACA_007,147
GAGGTTGCAGTAGCCATACA_008,15
GAGGTTGCAGTAGCCATACA_009,146
GAGGTTGCAGTAGCCATACA_010,1
GAGGTTGCAGTAGCCATACA_011,82
GAGGTTGCAGTAGCCATACA_012,65
GAGGTTGCAGTAGCCATACA_013,81
GAGGTTGCAGTAGCCATACA_014,145
GAGGTTGCAGTAGCCATACA_015,11
GAGGTTGCAGTAGCCATACA_016,145
GAGGTTGCAGTAGCCATACA_017,127
GAGGTTGCAGTAGCCATACA_018,52
GAGGTTGCAGTAGCCATACA_019,179
AGTCCTGTGTGATCATATGG_001,121
AGTCCTGTGTGATCATATGG_002,76
AGTCCTGTGTGATCATATGG_003,181
AGTCCTGTGTGATCATATGG_004,145
AGTCCTGTGTGATCATATGG_005,149
AGTCCTGTGTGATCATATGG_006,166
AGTCCTGTGTGATCATATGG_007,115
CAGACAATAGCACACGCTGT_001,50
CAGACAATAGCACACGCTGT_002,7
CAGACAATAGCACACGCTGT_003,152
CAGACAATAGCACACGCTGT_004,54
CAGACAATAGCACACGCTGT_005,26
CAGACAATAGCACACGCTGT_006,15
CAGACAATAGCACACGCTGT_007,31
CAGACAATAGCACACGCTGT_008,36
CAGACAATAGCACACGCTGT_009,115
CAGACAATAGCACACGCTGT_010,83
CAGACAATAGCACACGCTGT_011,50
CAGACAATAGCACACGCTGT_012,4
GAATGCAAAACTTAAACAGC_001,95
GAATGCAAAACTTAAACAGC_002,147
GAATGCAAAACTTAAACAGC_003,49
GAATGCAAAACTTAAACAGC_004,27
GAATGCAAAACTTAAACAGC_005,78
GAATGCAAAACTTAAACAGC_006,76
GAATGCAAAACTTAAACAGC_007,87
GAATGCAAAACTTAAACAGC_008,35
GAATGCAAAACTTAAACAGC_009,136
GAATGCAAAACTTAAACAGC_010,66
GAATGCAAAACTTAAACAGC_011,63
GACTACTAGTACGAGGACGT_001,150
GACTACTAGTACGAGGACGT_002,5
AATGGGAACATGAACACCAT_001,182
AATGGGAACATGAACACCAT_002,127
AATGGGAACATGAACACCAT_003,56
AGTAGAACGTCGTGAAGCCA_001,94
AGTAGAACGTCGTGAAGCCA_002,38
AGTAGAACGTCGTGAAGCCA_003,41
AGTAGAACGTCGTGAAGCCA_004,154
AGTAGAACGTCGTGAAGCCA_005,174
AGTAGAACGTCGTGAAGCCA_006,160
AGTAGAACGTCGTGAAGCCA_007,186
AGTAGAACGTCGTGAAGCCA_008,11
AGTAGAACGTCGTGAAGCCA_009,149
AGTAGAACGTCGTGAAGCCA_010,58
AGTAGAACGTCGTGAAGCCA_011,1
AGTAGAACGTCGTGAAGCCA_012,14
AGTAGAACGTCGTGAAGCCA_013,130
AGTAGAACGTCGTGAAGCCA_014,191
AGTAGAACGTCGTGAAGCCA_015,83
AGTAGAACGTCGTGAAGCCA_016,9
AGTAGAACGTCGTGAAGCCA_017,192
CTGAGTCATGCACCCAACAT_001,103
CTGAGTCATGCACCCAACAT_002,15
CTGAGTCATGCACCCAACAT_003,12
CTGAGTCATGCACCCAACAT_004,68
CTGAGTCATGCACCCAACAT_005,86
CTGAGTCATGCACCCAACAT_006,189
CTGAGTCATGCACCCAACAT_007,48
CTGAGTCATGCACCCAACAT_008,34
CTGAGTCATGCACCCAACAT_009,76
CTGAGTCATGCACCCAACAT_010,82
CTGAGTCATGCACCCAACAT_011,28
CTGAGTCATGCACCCAACAT_012,44
CTGAGTCATGCACCCAACAT_013,96
CTGAGTCATGCACCCAACAT_014,60
CTGAGTCATGCACCCAACAT_015,46
CTTATGGTTCGGCGATAGAG_001,70
CTTATGGTTCGGCGATAGAG_002,78
CTTATGGTTCGGCGATAGAG_003,191
CTTATGGTTCGGCGATAGAG_004,162
CTTATGGTTCGGCGATAGAG_005,58
CTTATGGTTCGGCGATAGAG_006,105
CTTATGGTTCGGCGATAGAG_007,157
CTTATGGTTCGGCGATAGAG_008,52
CTTGGCTATACGGATGCTCA_001,23
GCAAGTGAATACGAGTCAGA_001,58
GCAAGTGAATACGAGTCAGA_002,80
GCAAGTGAATACGAGTCAGA_003,33
GCAAGTGAATACGAGTCAGA_004,84
AATGATGTCAAAGCTTCCAC_001,127
AATGATGTCAAAGCTTCCAC_002,12
AATGATGTCAAAGCTTCCAC_003,59
AATGATGTCAAAGCTTCCAC_004,124
AATGATGTCAAAGCTTCCAC_005,177
AATGATGTCAAAGCTTCCAC_006,57
AATGATGTCAAAGCTTCCAC_007,3
ATGGCCAACAGTAGAAACAT_001,197
ATGGCCAACAGTAGAAACAT_002,140
ATGGCCAACAGTAGAAACAT_003,170
CAAAGCTGTGTTCCAGACAT_001,168
CAAAGCTGTGTTCCAGACAT_002,161
CAAAGCTGTGTTCCAGACAT_003,78
CAAAGCTGTGTTCCAGACAT_004,58
CAAAGCTGTGTTCCAGACAT_005,127
CAAAGCTGTGTTCCAGACAT_006,178
CAAAGCTGTGTTCCAGACAT_007,178
CAAAGCTGTGTTCCAGACAT_008,5
CTACGAGCCTTACCCCTATG_001,76
CTACGAGCCTTACCCCTATG_002,152
CTGAATGCAAGAAGACAACG_001,24
CTGAATGCAAGAAGACAACG_002,127
CTGAATGCAAGAAGACAACG_003,106
CTGAATGCAAGAAGACAACG_004,188
CTGAATGCAAGAAGACAACG_005,184
CTGAATGCAAGAAGACAACG_006,56
CTGAATGCAAGAAGACAACG_007,127
AAGTAGTAGCCGAACGTCTG_001,94
AAGTAGTAGCCGAACGTCTG_002,29
AAGTAGTAGCCGAACGTCTG_003,8
AAGTAGTAGCCGAACGTCTG_004,195
AAGTAGTAGCCGAACGTCTG_005,12
AAGTAGTAGCCGAACGTCTG_006,142
AAGTAGTAGCCGAACGTCTG_007,96
AAGTAGTAGCCGAACGTCTG_008,96
AAGTAGTAGCCGAACGTCTG_009,115
AAGTAGTAGCCGAACGTCTG_010,12
AAGTAGTAGCCGAACGTCTG_011,103
AAGTAGTAGCCGAACGTCTG_012,53
AAGTAGTAGCCGAACGTCTG_013,166
AAGTAGTAGCCGAACGTCTG_014,101
AAGTAGTAGCCGAACGTCTG_015,61
AAGTAGTAGCCGAACGTCTG_016,53
AAGTAGTAGCCGAACGTCTG_017,147
AAGTAGTAGCCGAACGTCTG_018,22
AAGTAGTAGCCGAACGTCTG_019,152
AAGTAGTAGCCGAACGTCTG_020,42
GAGCAGTACATATGCTGCAA_001,2
GAGCAGTACATATGCTGCAA_002,6
TAGGGACACGGTCCAAGTGG_001,130
TAGGGACACGGTCCAAGTGG_002,150
TAGGGACACGGTCCAAGTGG_003,62
TAGGGACACGGTCCAAGTGG_004,66
TAGGGACACGGTCCAAGTGG_005,166
TAGGGACACGGTCCAAGTGG_006,194
TAGGGACACGGTCCAAGTGG_007,174
TAGGGACACGGTCCAAGTGG_008,10
TATCATGCGAGCTTTATTCG_001,176
TATCATGCGAGCTTTATTCG_002,121
TATCATGCGAGCTTTATTCG_003,23
TATCATGCGAGCTTTATTCG_004,188
TCTGGCCTTGCAAAGCTACG_001,50
TCTGGCCTTGCAAAGCTACG_002,29
TCTGGCCTTGCAAAGCTACG_003,157
TCTGGCCTTGCAAAGCTACG_004,151
GCGGGCAAAAGGAAGCGCAG_001,124
GCGGGCAAAAGGAAGCGCAG_002,183
GCGGGCAAAAGGAAGCGCAG_003,182
GCGGGCAAAAGGAAGCGCAG_004,68
GCGGGCAAAAGGAAGCGCAG_005,97
GCGGGCAAAAGGAAGCGCAG_006,116
GCGGGCAAAAGGAAGCGCAG_007,48
GCGGGCAAAAGGAAGCGCAG_008,150
GCGGGCAAAAGGAAGCGCAG_009,29
GCGGGCAAAAGGAAGCGCAG_010,185
GCGGGCAAAAGGAAGCGCAG_011,154
GCGGGCAAAAGGAAGCGCAG_012,132
GCGGGCAAAAGGAAGCGCAG_013,13
GCGGGCAAAAGGAAGCGCAG_014,40
GCGGGCAAAAGGAAGCGCAG_015,15
GCGGGCAAAAGGAAGCGCAG_016,184
GCGGGCAAAAGGAAGCGCAG_017,49
GCGGGCAAAAGGAAGCGCAG_018,12
GCGGGCAAAAGGAAGCGCAG_019,150
GCGGGCAAAAGGAAGCGCAG_020,91
GCGGGCAAAAGGAAGCGCAG_021,32
GCGGGCAAAAGGAAGCGCAG_022,66
GCGGGCAAAAGGAAGCGCAG_023,100
GCGGGCAAAAGGAAGCGCAG_024,59
GCGGGCAAAAGGAAGCGCAG_025,81
GCGGGCAAAAGGAAGCGCAG_026,137
GCGGGCAAAAGGAAGCGCAG_027,197
GCGGGCAAAAGGAAGCGCAG_028,46
GCGGGCAAAAGGAAGCGCAG_029,107
GCGGGCAAAAGGAAGCGCAG_030,9
GCGGGCAAAAGGAAGCGCAG_031,183
GCGGGCAAAAGGAAGCGCAG_032,82
GCGGGCAAAAGGAAGCGCAG_033,81
GCGGGCAAAAGGAAGCGCAG_034,9
GCGGGCAAAAGGAAGCGCAG_035,171
GCGGGCAAAAGGAAGCGCAG_036,177
GCGGGCAAAAGGAAGCGCAG_037,81
GCGGGCAAAAGGAAGCGCAG_038,187
GCGGGCAAAAGGAAGCGCAG_039,146
GCGGGCAAAAGGAAGCGCAG_040,14
GCGGGCAAAAGGAAGCGCAG_041,65
GCGGGCAAAAGGAAGCGCAG_042,36
GCGGGCAAAAGGAAGCGCAG_043,194
GCGGGCAAAAGGAAGCGCAG_044,47
GCGGGCAAAAGGAAGCGCAG_045,92
GCGGGCAAAAGGAAGCGCAG_046,78
GCGGGCAAAAGGAAGCGCAG_047,94
GCGGGCAAAAGGAAGCGCAG_048,115
GCGGGCAAAAGGAAGCGCAG_049,77
GCGGGCAAAAGGAAGCGCAG_050,160
GCGGGCAAAAGGAAGCGCAG_051,177
GCGGGCAAAAGGAAGCGCAG_052,36
GCGGGCAAAAGGAAGCGCAG_053,156
GCGGGCAAAAGGAAGCGCAG_054,116
GCGGGCAAAAGGAAGCGCAG_055,70
GCGGGCAAAAGGAAGCGCAG_056,60
GCGGGCAAAAGGAAGCGCAG_057,19
GCGGGCAAAAGGAAGCGCAG_058,188
GCGGGCAAAAGGAAGCGCAG_059,47
GCGGGCAAAAGGAAGCGCAG_060,197
GCGGGCAAAAGGAAGCGCAG_061,61
AATGTCTGTGAAGATCCCAG_001,94
AATGTCTGTGAAGATCCCAG_002,3
AATGTCTGTGAAGATCCCAG_003,64
CAGAAGTTTAAAGACCACGT_001,142
CAGAAGTTTAAAGACCACGT_002,157
CAGAAGTTTAAAGACCACGT_003,118
CAGAAGTTTAAAGACCACGT_004,172
CTACCTGGAAGACACATGCG_001,76
CTACCTGGAAGACACATGCG_002,97
CTACCTGGAAGACACATGCG_003,142
CTACCTGGAAGACACATGCG_004,134
CTACCTGGAAGACACATGCG_005,36
CTACCTGGAAGACACATGCG_006,76
CTACCTGGAAGACACATGCG_007,162
CTACCTGGAAGACACATGCG_008,174
CTACCTGGAAGACACATGCG_009,38
CTACCTGGAAGACACATGCG_010,36
CTACCTGGAAGACACATGCG_011,78
CTACCTGGAAGACACATGCG_012,169
CTACCTGGAAGACACATGCG_013,184
CTACCTGGAAGACACATGCG_014,146
CTACCTGGAAGACACATGCG_015,198
CTACCTGGAAGACACATGCG_016,41
CTACCTGGAAGACACATGCG_017,60
CTACCTGGAAGACACATGCG_018,149
CTACCTGGAAGACACATGCG_019,52
CTACCTGGAAGACACATGCG_020,75
CTACCTGGAAGACACATGCG_021,62
CTACCTGGAAGACACATGCG_022,33
CTACCTGGAAGACACATGCG_023,180
GGGCACCACACGAATCCAAG_001,150
GGGCACCACACGAATCCAAG_002,106
GGGCACCACACGAATCCAAG_003,58
GGGCACCACACGAATCCAAG_004,70
GGGCACCACACGAATCCAAG_005,35
GGGCACCACACGAATCCAAG_006,58
GGTAGGCGCGGATCACCTTG_001,57
GGTAGGCGCGGATCACCTTG_002,41
GGTAGGCGCGGATCACCTTG_003,105
GGTAGGCGCGGATCACCTTG_004,12
GGTAGGCGCGGATCACCTTG_005,48
GGTAGGCGCGGATCACCTTG_006,114
GGTAGGCGCGGATCACCTTG_007,78
GGTAGGCGCGGATCACCTTG_008,31
GGTAGGCGCGGATCACCTTG_009,34
GGTGGCCCACAGCTACACAA_001,145
GGTGGCCCACAGCTACACAA_002,150
GGTGGCCCACAGCTACACAA_003,53
GGTGGCCCACAGCTACACAA_004,4
GGTGGCCCACAGCTACACAA_005,160
GGTGGCCCACAGCTACACAA_006,70
GGTGGCCCACAGCTACACAA_007,20
GGTGGCCCACAGCTACACAA_008,112
GGTGGCCCACAGCTACACAA_009,63
GGTGGCCCACAGCTACACAA_010,66
CGTGGGGGTAGATCCCGCCG_001,76
CGTGGGGGTAGATCCCGCCG_002,3
CGTGGGGGTAGATCCCGCCG_003,89
CGTGGGGGTAGATCCCGCCG_004,18
CGTGGGGGTAGATCCCGCCG_005,5
CGTGGGGGTAGATCCCGCCG_006,49
CGTGGGGGTAGATCCCGCCG_007,49
CGTGGGGGTAGATCCCGCCG_008,2
CGTGGGGGTAGATCCCGCCG_009,81
CGTGGGGGTAGATCCCGCCG_010,80
GATTAGAAACTATTCTCGCC_001,43
AGGCTTCTTACTGTCAGTGA_001,106
AGGCTTCTTACTGTCAGTGA_002,74
AGGCTTCTTACTGTCAGTGA_003,1
AGGCTTCTTACTGTCAGTGA_004,94
AGGCTTCTTACTGTCAGTGA_005,178
AGGCTTCTTACTGTCAGTGA_006,55
CCCAGGACACACAGAAAGGG_001,49
CCCAGGACACACAGAAAGGG_002,62
CCCAGGACACACAGAAAGGG_003,110
CCCAGGACACACAGAAAGGG_004,171
CCCAGGACACACAGAAAGGG_005,12
CCCAGGACACACAGAAAGGG_006,41
CCCAGGACACACAGAAAGGG_007,63
ACAGGGTTGGCCACCCACGA_001,0
ACAGGGTTGGCCACCCACGA_002,15
ACAGGGTTGGCCACCCACGA_003,34
ACAGGGTTGGCCACCCACGA_004,94
ACAGGGTTGGCCACCCACGA_005,125
ACAGGGTTGGCCACCCACGA_006,140
ACAGGGTTGGCCACCCACGA_007,109
ACAGGGTTGGCCACCCACGA_008,52
ACAGGGTTGGCCACCCACGA_009,77
ACAGGGTTGGCCACCCACGA_010,111
ACAGGGTTGGCCACCCACGA_011,93
ACAGGGTTGGCCACCCACGA_012,93
ACAGGGTTGGCCACCCACGA_013,197
ACAGGGTTGGCCACCCACGA_014,77
ACAGGGTTGGCCACCCACGA_015,184
ACAGGGTTGGCCACCCACGA_016,121
ACAGGGTTGGCCACCCACGA_017,183
ACAGGGTTGGCCACCCACGA_018,33
ACAGGGTTGGCCACCCACGA_019,30
ACAGGGTTGGCCACCCACGA_020,157
ACAGGGTTGGCCACCCACGA_021,157
ACAGGGTTGGCCACCCACGA_022,114
ACAGGGTTGGCCACCCACGA_023,149
GAGGTGACGCGGGATGATAC_001,58
GAGGTGACGCGGGATGATAC_002,159
GAGGTGACGCGGGATGATAC_003,78
GAGGTGACGCGGGATGATAC_004,17
GAGGTGACGCGGGATGATAC_005,144
GAGGTGACGCGGGATGATAC_006,129
GAGGTGACGCGGGATGATAC_007,104
GAGGTGACGCGGGATGATAC_008,62
GAGGTGACGCGGGATGATAC_009,68
GAGGTGACGCGGGATGATAC_010,149
GAGGTGACGCGGGATGATAC_011,4
GAGGTGACGCGGGATGATAC_012,116
GAGGTGACGCGGGATGATAC_013,84
GAGGTGACGCGGGATGATAC_014,75
GAGGTGACGCGGGATGATAC_015,2
GAGGTGACGCGGGATGATAC_016,15
AAGAGAACTACTTCCAGCTG_001,130
AAGAGAACTACTTCCAGCTG_002,154
AAGAGAACTACTTCCAGCTG_003,185
AAGAGAACTACTTCCAGCTG_004,156
AAGAGAACTACTTCCAGCTG_005,82
AAGAGAACTACTTCCAGCTG_006,26
AAGAGAACTACTTCCAGCTG_007,4
AAGAGAACTACTTCCAGCTG_008,4
GATCTGGAATAATATGCCGA_001,139
GATCTGGAATAATATGCCGA_002,83
GATCTGGAATAATATGCCGA_003,170
ATCAGTCACAGAAACGACCA_001,141
ATCAGTCACAGAAACGACCA_002,98
ATCAGTCACAGAAACGACCA_003,157
ATCAGTCACAGAAACGACCA_004,81
ATCAGTCACAGAAACGACCA_005,9
ATCAGTCACAGAAACGACCA_006,104
CAATCATCATCAGATTTCAT_001,103
CAATCATCATCAGATTTCAT_002,141
CAATCATCATCAGATTTCAT_003,147
CAATCATCATCAGATTTCAT_004,150
CAATCATCATCAGATTTCAT_005,87
GCTGCGGAGGAAAGTCGAGG_001,144
GCTGCGGAGGAAAGTCGAGG_002,156
GCTGCGGAGGAAAGTCGAGG_003,191
GCTGCGGAGGAAAGTCGAGG_004,39
GCTGCGGAGGAAAGTCGAGG_005,81
GCTGCGGAGGAAAGTCGAGG_006,116
GCTGCGGAGGAAAGTCGAGG_007,121
GCTGCGGAGGAAAGTCGAGG_008,138
GCTGCGGAGGAAAGTCGAGG_009,41
GCTGCGGAGGAAAGTCGAGG_010,186
GCTGCGGAGGAAAGTCGAGG_011,97
GCTGCGGAGGAAAGTCGAGG_012,61
GCTGCGGAGGAAAGTCGAGG_013,168
GCTGCGGAGGAAAGTCGAGG_014,0
GCTGCGGAGGAAAGTCGAGG_015,77
GCTGCGGAGGAAAGTCGAGG_016,27
GAGGATGCGAGCACTCTCGT_001,32
GAGGATGCGAGCACTCTCGT_002,24
GAGGATGCGAGCACTCTCGT_003,65
GAGGATGCGAGCACTCTCGT_004,91
GAGGATGCGAGCACTCTCGT_005,169
GAGGATGCGAGCACTCTCGT_006,7
GAGGATGCGAGCACTCTCGT_007,181
GAGGATGCGAGCACTCTCGT_008,6
GAGGATGCGAGCACTCTCGT_009,154
GAGGATGCGAGCACTCTCGT_010,63
GAGGATGCGAGCACTCTCGT_011,156
AGCTGCTGAAACCAACCGAG_001,145
AGCTGCTGAAACCAACCGAG_002,108
AGCTGCTGAAACCAACCGAG_003,137
AGCTGCTGAAACCAACCGAG_004,49
AGCTGCTGAAACCAACCGAG_005,70
AGCTGCTGAAACCAACCGAG_006,183
AGCTGCTGAAACCAACCGAG_007,25
AGCTGCTGAAACCAACCGAG_008,10
AGCTGCTGAAACCAACCGAG_009,49
AGCTGCTGAAACCAACCGAG_010,25
AGCTGCTGAAACCAACCGAG_011,104
AGCTGCTGAAACCAACCGAG_012,38
AGCTGCTGAAACCAACCGAG_013,152
AGCTGCTGAAACCAACCGAG_014,63
AGCTGCTGAAACCAACCGAG_015,150
AGCTGCTGAAACCAACCGAG_016,177
AGCTGCTGAAACCAACCGAG_017,34
AGCTGCTGAAACCAACCGAG_018,175
AGCTGCTGAAACCAACCGAG_019,35
AGCTGCTGAAACCAACCGAG_020,112
AGCTGCTGAAACCAACCGAG_021,161
AGCTGCTGAAACCAACCGAG_022,160
AGCTGCTGAAACCAACCGAG_023,26
AGCTGCTGAAACCAACCGAG_024,52
GAAGTCAACATGAACAAAGA_001,15
GAAGTCAACATGAACAAAGA_002,117
GAAGTCAACATGAACAAAGA_003,169
GAAGTCAACATGAACAAAGA_004,19
GAAGTCAACATGAACAAAGA_005,142
GAAGTCAACATGAACAAAGA_006,118
ACTCCTTTATGAAGACGCTC_001,16
ACTCCTTTATGAAGACGCTC_002,47
ACTCCTTTATGAAGACGCTC_003,147
ACTCCTTTATGAAGACGCTC_004,162
ACTCCGTACCTGCTTTACTG_001,172
ACTCCGTACCTGCTTTACTG_002,103
ACTCCGTACCTGCTTTACTG_003,2
ACTCCGTACCTGCTTTACTG_004,184
ACTCCGTACCTGCTTTACTG_005,70
ACTCCGTACCTGCTTTACTG_006,93
ACTCCGTACCTGCTTTACTG_007,31
ACTCCGTACCTGCTTTACTG_008,148
ACTCCGTACCTGCTTTACTG_009,49
ACTCCGTACCTGCTTTACTG_010,55
ACTCCGTACCTGCTTTACTG_011,180
ACTCCGTACCTGCTTTACTG_012,172
ACTCCGTACCTGCTTTACTG_013,124
ACTCCGTACCTGCTTTACTG_014,13
GGGTGTCCGGAGCCTCAATG_001,22
GGGTGTCCGGAGCCTCAATG_002,194
GGGTGTCCGGAGCCTCAATG_003,133
GGGTGTCCGGAGCCTCAATG_004,137
GGGTGTCCGGAGCCTCAATG_005,197
GGGTGTCCGGAGCCTCAATG_006,84
GGGTGTCCGGAGCCTCAATG_007,50
GGGTGTCCGGAGCCTCAATG_008,69
GGGTGTCCGGAGCCTCAATG_009,77
GGGTGTCCGGAGCCTCAATG_010,12
GGGTGTCCGGAGCCTCAATG_011,154
GGGTGTCCGGAGCCTCAATG_012,108
GGGTGTCCGGAGCCTCAATG_013,5
GGGAAGTCCAGAGAACCAGC_001,161
GGGAAGTCCAGAGAACCAGC_002,125
GGGAAGTCCAGAGAACCAGC_003,15
GGGAAGTCCAGAGAACCAGC_004,172
GGGAAGTCCAGAGAACCAGC_005,40
GGGAAGTCCAGAGAACCAGC_006,105
GGGAAGTCCAGAGAACCAGC_007,17
GGGAAGTCCAGAGAACCAGC_008,1
GGGAAGTCCAGAGAACCAGC_009,150
GGGAAGTCCAGAGAACCAGC_010,177
CCCAAGTCCATTGATCAAAG_001,54
CCCAAGTCCATTGATCAAAG_002,192
CCCAAGTCCATTGATCAAAG_003,63
CCCAAGTCCATTGATCAAAG_004,30
CCCAAGTCCATTGATCAAAG_005,120
CCCAAGTCCATTGATCAAAG_006,70
CCCAAGTCCATTGATCAAAG_007,146
CCCAAGTCCATTGATCAAAG_008,136
GATGACCCTTAGAGATGACA_001,119
GATGACCCTTAGAGATGACA_002,127
GATGACCCTTAGAGATGACA_003,162
GATGACCCTTAGAGATGACA_004,81
CCTTGAAGCAGCGTCTGAAC_001,160
CCTTGAAGCAGCGTCTGAAC_002,43
CCTTGAAGCAGCGTCTGAAC_003,13
CCTTGAAGCAGCGTCTGAAC_004,22
CCTTGAAGCAGCGTCTGAAC_005,64
CCTTGAAGCAGCGTCTGAAC_006,29
CCTTGAAGCAGCGTCTGAAC_007,146
CCTTGAAGCAGCGTCTGAAC_008,33
CCTTGAAGCAGCGTCTGAAC_009,88
CCTTGAAGCAGCGTCTGAAC_010,15
CCTTGAAGCAGCGTCTGAAC_011,46
CCTTGAAGCAGCGTCTGAAC_012,121
GTAACCGTTCTCGTAGAAGG_001,65
GTAACCGTTCTCGTAGAAGG_002,157
GTCACATCCCGCATGTACGA_001,104
GTCACATCCCGCATGTACGA_002,124
GTCACATCCCGCATGTACGA_003,98
GTCACATCCCGCATGTACGA_004,55
GTCACATCCCGCATGTACGA_005,121
GTCACATCCCGCATGTACGA_006,43
GTCACATCCCGCATGTACGA_007,54
GTCACATCCCGCATGTACGA_008,8
AGAGAGTTTGAGCAGTGGCG_001,171
AGAGAGTTTGAGCAGTGGCG_002,72
AGAGAGTTTGAGCAGTGGCG_003,193
AGAGAGTTTGAGCAGTGGCG_004,54
AGAGAGTTTGAGCAGTGGCG_005,169
AGAGAGTTTGAGCAGTGGCG_006,77
AGAGAGTTTGAGCAGTGGCG_007,149
AGAGAGTTTGAGCAGTGGCG_008,60
AGAGAGTTTGAGCAGTGGCG_009,9
AGAGAGTTTGAGCAGTGGCG_010,197
AGAGAGTTTGAGCAGTGGCG_011,116
AGAGAGTTTGAGCAGTGGCG_012,94
AGAGAGTTTGAGCAGTGGCG_013,94
AGAGAGTTTGAGCAGTGGCG_014,0
AGAGAGTTTGAGCAGTGGCG_015,94
AGAGAGTTTGAGCAGTGGCG_016,182
AGAGAGTTTGAGCAGTGGCG_017,11
AGAGAGTTTGAGCAGTGGCG_018,111
AGAGAGTTTGAGCAGTGGCG_019,132
AGAGAGTTTGAGCAGTGGCG_020,31
AGAGAGTTTGAGCAGTGGCG_021,30
AGAGAGTTTGAGCAGTGGCG_022,106
AGAGAGTTTGAGCAGTGGCG_023,8
AGAGAGTTTGAGCAGTGGCG_024,70
AGAGAGTTTGAGCAGTGGCG_025,78
AGAGAGTTTGAGCAGTGGCG_026,170
AGAGAGTTTGAGCAGTGGCG_027,124
AGAGAGTTTGAGCAGTGGCG_028,136
GGTCGCTAGGGTAGCCAGTG_001,47
GGTCGCTAGGGTAGCCAGTG_002,111
GGTCGCTAGGGTAGCCAGTG_003,27
GGTCGCTAGGGTAGCCAGTG_004,115
GGTCGCTAGGGTAGCCAGTG_005,16
GGTCGCTAGGGTAGCCAGTG_006,165
GGTCGCTAGGGTAGCCAGTG_007,108
GGTCGCTAGGGTAGCCAGTG_008,196
GGTCGCTAGGGTAGCCAGTG_009,6
GGTCGCTAGGGTAGCCAGTG_010,105
GGTCGCTAGGGTAGCCAGTG_011,41
TCTGCAGTAGGTGTCCACCG_001,23
TCTGCAGTAGGTGTCCACCG_002,142
TCTGCAGTAGGTGTCCACCG_003,18
TCTGCAGTAGGTGTCCACCG_004,91
TCTGCAGTAGGTGTCCACCG_005,63
GGAGCGGGAACATGCTCGGG_001,65
GGAGCGGGAACATGCTCGGG_002,191
GGAGCGGGAACATGCTCGGG_003,81
GGAGCGGGAACATGCTCGGG_004,165
GGAGCGGGAACATGCTCGGG_005,81
GGAGCGGGAACATGCTCGGG_006,74
AGCAGACATCAATCTATGTG_001,107
AGCAGACATCAATCTATGTG_002,8
AGCAGACATCAATCTATGTG_003,130
AGCAGACATCAATCTATGTG_004,147
AGCAGACATCAATCTATGTG_005,68
AGCAGACATCAATCTATGTG_006,198
AGCAGACATCAATCTATGTG_007,120
AGCAGACATCAATCTATGTG_008,62
AGCAGACATCAATCTATGTG_009,49
GATCACCACATTACCGTCTG_001,69
GATCACCACATTACCGTCTG_002,80
GATCACCACATTACCGTCTG_003,114
GATCACCACATTACCGTCTG_004,29
GATCACCACATTACCGTCTG_005,29
GATCACCACATTACCGTCTG_006,114
GATCACCACATTACCGTCTG_007,178
GGGGTACTATGACAATCCCA_001,103
GGGGTACTATGACAATCCCA_002,124
GGGGTACTATGACAATCCCA_003,174
GGGGTACTATGACAATCCCA_004,41
TCTTATACAATACAGCAGCG_001,77
CCCCGCTCACCGTAAGTGAA_001,34
CCCCGCTCACCGTAAGTGAA_002,34
CCCCGCTCACCGTAAGTGAA_003,169
CCCCGCTCACCGTAAGTGAA_004,78
CCCCGCTCACCGTAAGTGAA_005,0
CCCCGCTCACCGTAAGTGAA_006,25
CCCCGCTCACCGTAAGTGAA_007,161
CCCCGCTCACCGTAAGTGAA_008,149
CCCCGCTCACCGTAAGTGAA_009,6
CCCCGCTCACCGTAAGTGAA_010,145
CCCCGCTCACCGTAAGTGAA_011,23
CCCCGCTCACCGTAAGTGAA_012,15
CCCCGCTCACCGTAAGTGAA_013,162
CCCCGCTCACCGTAAGTGAA_014,185
CCCCGCTCACCGTAAGTGAA_015,48
CCCCGCTCACCGTAAGTGAA_016,65
CCCCGCTCACCGTAAGTGAA_017,77
CCCCGCTCACCGTAAGTGAA_018,47
CCCCGCTCACCGTAAGTGAA_019,135
CCCCGCTCACCGTAAGTGAA_020,135
CCCCGCTCACCGTAAGTGAA_021,170
CAGTGACTCAGATTTAAAGA_001,149
GACCTCCACTATACGCATTG_001,64
GACCTCCACTATACGCATTG_002,61
GACCTCCACTATACGCATTG_003,54
GACCTCCACTATACGCATTG_004,89
GACCTCCACTATACGCATTG_005,108
GACCTCCACTATACGCATTG_006,134
GACCTCCACTATACGCATTG_007,86
GACCTCCACTATACGCATTG_008,65
GACCTCCACTATACGCATTG_009,61
TGTAGCAGAGAACATCGACT_001,109
TGTAGCAGAGAACATCGACT_002,88
TGTAGCAGAGAACATCGACT_003,48
TGTAGCAGAGAACATCGACT_004,69
CATACACATGCGTCACCCGG_001,111
GCTGCTCCCACCCAACGCCG_001,166
GCTGCTCCCACCCAACGCCG_002,77
GCTGCTCCCACCCAACGCCG_003,198
GCTGCTCCCACCCAACGCCG_004,165
GCTGCTCCCACCCAACGCCG_005,160
GCTGCTCCCACCCAACGCCG_006,81
GCTGCTCCCACCCAACGCCG_007,102
GCTGCTCCCACCCAACGCCG_008,83
GCTGCTCCCACCCAACGCCG_009,160
GCTGCTCCCACCCAACGCCG_010,49
GCTGCTCCCACCCAACGCCG_011,198
GCTGCTCCCACCCAACGCCG_012,27
GCTGCTCCCACCCAACGCCG_013,76
GCTGCTCCCACCCAACGCCG_014,95
GCTGCTCCCACCCAACGCCG_015,39
GCTGCTCCCACCCAACGCCG_016,14
GCTGCTCCCACCCAACGCCG_017,42
GCTGCTCCCACCCAACGCCG_018,106
GCTGCTCCCACCCAACGCCG_019,61
GCTGCTCCCACCCAACGCCG_020,198
GCTGCTCCCACCCAACGCCG_021,8
GCTGCTCCCACCCAACGCCG_022,12
GCTGCTCCCACCCAACGCCG_023,41
GCTGCTCCCACCCAACGCCG_024,47
GCTGCTCCCACCCAACGCCG_025,2
GCTGCTCCCACCCAACGCCG_026,142
GCTGCTCCCACCCAACGCCG_027,124
GCTGCTCCCACCCAACGCCG_028,98
GCCGCTGGTTCACGTCCTTG_001,70
GCCGCTGGTTCACGTCCTTG_002,158
GCCGCTGGTTCACGTCCTTG_003,146
GCCGCTGGTTCACGTCCTTG_004,82
GCCGCTGGTTCACGTCCTTG_005,61
GCCGCTGGTTCACGTCCTTG_006,55
GCCGCTGGTTCACGTCCTTG_007,105
GCCGCTGGTTCACGTCCTTG_008,6
GCCGCTGGTTCACGTCCTTG_009,26
GCCGCTGGTTCACGTCCTTG_010,138
GCCGCTGGTTCACGTCCTTG_011,10
GCCGCTGGTTCACGTCCTTG_012,105
AACAGTGGCAACATGCTTGG_001,68
AACAGTGGCAACATGCTTGG_002,138
AACAGTGGCAACATGCTTGG_003,80
AACAGTGGCAACATGCTTGG_004,68
AACAGTGGCAACATGCTTGG_005,105
AACAGTGGCAACATGCTTGG_006,199
AACAGTGGCAACATGCTTGG_007,22
AACAGTGGCAACATGCTTGG_008,48
ACAAGACGCATCTGTTCGGG_001,151
ACAAGACGCATCTGTTCGGG_002,77
ACAAGACGCATCTGTTCGGG_003,146
ACAAGACGCATCTGTTCGGG_004,137
ACAAGACGCATCTGTTCGGG_005,139
ACAAGACGCATCTGTTCGGG_006,29
GCTTTACTAACTAGCCCCAG_001,62
CTTGGACCTCATCATAGGTG_001,25
CTTGGACCTCATCATAGGTG_002,96
CTTGGACCTCATCATAGGTG_003,140
CTTGGACCTCATCATAGGTG_004,50
GATGGTAGTCGAGAAGCTGG_001,73
GATGGTAGTCGAGAAGCTGG_002,107
GATGGTAGTCGAGAAGCTGG_003,178
GATGGTAGTCGAGAAGCTGG_004,178
GGAGCTGCTCTGGTCACAGC_001,154
GGAGCTGCTCTGGTCACAGC_002,46
GGAGCTGCTCTGGTCACAGC_003,127
GGAGCTGCTCTGGTCACAGC_004,174
GGAGCTGCTCTGGTCACAGC_005,63
GGAGCTGCTCTGGTCACAGC_006,173
GGAGCTGCTCTGGTCACAGC_007,115
GGAGCTGCTCTGGTCACAGC_008,87
GGAGCTGCTCTGGTCACAGC_009,62
GGAGCTGCTCTGGTCACAGC_010,147
GGAGCTGCTCTGGTCACAGC_011,66
GGAGCTGCTCTGGTCACAGC_012,172
GGCAAAAGTATTCAGACCAA_001,27
GGCAAAAGTATTCAGACCAA_002,127
GGCAAAAGTATTCAGACCAA_003,161
GGCAAAAGTATTCAGACCAA_004,19
GGCAAAAGTATTCAGACCAA_005,76
GGCAAAAGTATTCAGACCAA_006,78
GGCAAAAGTATTCAGACCAA_007,68
GGCAAAAGTATTCAGACCAA_008,4
GGCAAAAGTATTCAGACCAA_009,22
GGCAAAAGTATTCAGACCAA_010,18
GGCAAAAGTATTCAGACCAA_011,58
AGTGTTCACCATGCAAGGGC_001,105
AGTGTTCACCATGCAAGGGC_002,177
AGTGTTCACCATGCAAGGGC_003,62
AGTGTTCACCATGCAAGGGC_004,70
AGTGTTCACCATGCAAGGGC_005,94
AGTGTTCACCATGCAAGGGC_006,168
AGTGTTCACCATGCAAGGGC_007,68
AGTGTTCACCATGCAAGGGC_008,81
AGTGTTCACCATGCAAGGGC_009,19
AGTGTTCACCATGCAAGGGC_010,103
AGTGTTCACCATGCAAGGGC_011,197
AGTGTTCACCATGCAAGGGC_012,158
AGTGTTCACCATGCAAGGGC_013,154
AGTGTTCACCATGCAAGGGC_014,14
AGTGTTCACCATGCAAGGGC_015,182
AGTGTTCACCATGCAAGGGC_016,131
AGTGTTCACCATGCAAGGGC_017,55
AGTGTTCACCATGCAAGGGC_018,27
AGTGTTCACCATGCAAGGGC_019,47
AGTGTTCACCATGCAAGGGC_020,182
AGTGTTCACCATGCAAGGGC_021,167
AGTGTTCACCATGCAAGGGC_022,99
AGAGTAAGTTAAGGACCACG_001,115
AGAGTAAGTTAAGGACCACG_002,69
AGAGTAAGTTAAGGACCACG_003,134
AGAGTAAGTTAAGGACCACG_004,81
AGAGTAAGTTAAGGACCACG_005,63
CAAAGCATATCGTAATATCA_001,142
GTCCTACTTCCGTACAATCG_001,25
GTCCTACTTCCGTACAATCG_002,94
GTCCTACTTCCGTACAATCG_003,23
GTCCTACTTCCGTACAATCG_004,39
GTCCTACTTCCGTACAATCG_005,14
GGAAGCATAACCTTCGGCAA_001,144
GGAAGCATAACCTTCGGCAA_002,100
GGAAGCATAACCTTCGGCAA_003,140
GGAAGCATAACCTTCGGCAA_004,39
GGAAGCATAACCTTCGGCAA_005,56
GTGTGTCTACTATTGCCACC_001,182
GTGTGTCTACTATTGCCACC_002,148
GTGTGTCTACTATTGCCACC_003,58
GTGTGTCTACTATTGCCACC_004,172
GTGTGTCTACTATTGCCACC_005,174
GTGTGTCTACTATTGCCACC_006,83
GTGTGTCTACTATTGCCACC_007,158
GTGTGTCTACTATTGCCACC_008,102
GTGTGTCTACTATTGCCACC_009,6
CAAAAATGCCGCGAAGACTG_001,4
CAAAAATGCCGCGAAGACTG_002,40
CAAAAATGCCGCGAAGACTG_003,63
CAAAAATGCCGCGAAGACTG_004,73
GCCAGTGCAGCAATTAGTCC_001,5
GCCAGTGCAGCAATTAGTCC_002,42
GCCAGTGCAGCAATTAGTCC_003,68
GCCAGTGCAGCAATTAGTCC_004,9
GCCCAGCGACTCATACTGTG_001,80
GCCCAGCGACTCATACTGTG_002,63
GCCCAGCGACTCATACTGTG_003,129
GCCCAGCGACTCATACTGTG_004,2
GCCCAGCGACTCATACTGTG_005,19
GCCCAGCGACTCATACTGTG_006,70
AGCATTCGCGTACTCCGTGA_001,38
AGCATTCGCGTACTCCGTGA_002,14
AGCATTCGCGTACTCCGTGA_003,26
AGCATTCGCGTACTCCGTGA_004,163
AGCATTCGCGTACTCCGTGA_005,113
AGCATTCGCGTACTCCGTGA_006,124
AGCATTCGCGTACTCCGTGA_007,166
AGCATTCGCGTACTCCGTGA_008,78
TACGCGATAGCTGCAACTGT_001,94
TCCGTCTGGATCACGGATGT_001,69
TCCGTCTGGATCACGGATGT_002,159
TCCGTCTGGATCACGGATGT_003,27
TTATCTAAAACAAACCAACG_001,12
TTATCTAAAACAAACCAACG_002,120
TTATCTAAAACAAACCAACG_003,186
TTATCTAAAACAAACCAACG_004,175
TTATCTAAAACAAACCAACG_005,16
TTATCTAAAACAAACCAACG_006,16
TTATCTAAAACAAACCAACG_007,198
TTATCTAAAACAAACCAACG_008,124
TGAAGAGGTCATCGCACAGG_001,39
TGAAGAGGTCATCGCACAGG_002,185
TGAAGAGGTCATCGCACAGG_003,82
CACAGGGTGATGGACCATCA_001,40
CACAGGGTGATGGACCATCA_002,169
CACAGGGTGATGGACCATCA_003,73
CACAGGGTGATGGACCATCA_004,29
CACAGGGTGATGGACCATCA_005,48
CACAGGGTGATGGACCATCA_006,137
CACAGGGTGATGGACCATCA_007,135
CACAGGGTGATGGACCATCA_008,154
CACAGGGTGATGGACCATCA_009,37
CACAGGGTGATGGACCATCA_010,180
CACAGGGTGATGGACCATCA_011,192
CACAGGGTGATGGACCATCA_012,102
CACAGGGTGATGGACCATCA_013,105
CACAGGGTGATGGACCATCA_014,104
CACAGGGTGATGGACCATCA_015,123
CACAGGGTGATGGACCATCA_016,191
CACAGGGTGATGGACCATCA_017,33
CACAGGGTGATGGACCATCA_018,192
CACAGGGTGATGGACCATCA_019,148
CACAGGGTGATGGACCATCA_020,106
CACAGGGTGATGGACCATCA_021,168
CACAGGGTGATGGACCATCA_022,131
CACAGGGTGATGGACCATCA_023,6
CACAGGGTGATGGACCATCA_024,174
CACAGGGTGATGGACCATCA_025,65
CACAGGGTGATGGACCATCA_026,4
AGCTATCCGTGGTCTCACCG_001,67
AGCTATCCGTGGTCTCACCG_002,168
AGCTATCCGTGGTCTCACCG_003,117
AGCTATCCGTGGTCTCACCG_004,146
AGCTATCCGTGGTCTCACCG_005,190
AGCTATCCGTGGTCTCACCG_006,60
AGCTATCCGTGGTCTCACCG_007,199
AGCTATCCGTGGTCTCACCG_008,8
AGCTATCCGTGGTCTCACCG_009,147
AGCTATCCGTGGTCTCACCG_010,193
AGCTATCCGTGGTCTCACCG_011,199
AGCTATCCGTGGTCTCACCG_012,160
ATTTACAGAATGGCAAAGAC_001,131
ATTTACAGAATGGCAAAGAC_002,82
ATTTACAGAATGGCAAAGAC_003,82
ATTTACAGAATGGCAAAGAC_004,113
ATTTACAGAATGGCAAAGAC_005,175
GCTGAAATTGCCGAGCACTG_001,70
GCTGAAATTGCCGAGCACTG_002,173
GCTGAAATTGCCGAGCACTG_003,173
GCTGAAATTGCCGAGCACTG_004,154
GCTGAAATTGCCGAGCACTG_005,77
GCTGAAATTGCCGAGCACTG_006,13
GCTGAAATTGCCGAGCACTG_007,147
GCTGAAATTGCCGAGCACTG_008,158
GCTGAAATTGCCGAGCACTG_009,169
GCTGAAATTGCCGAGCACTG_010,98
GCTGAAATTGCCGAGCACTG_011,150
GCTGAAATTGCCGAGCACTG_012,106
TGAGCATGTCGGGAGTAACT_001,81
TGAGCATGTCGGGAGTAACT_002,149
TGAGCATGTCGGGAGTAACT_003,116
TGAGCATGTCGGGAGTAACT_004,139
TGAGCATGTCGGGAGTAACT_005,88
TGAGCATGTCGGGAGTAACT_006,41
TGAGCATGTCGGGAGTAACT_007,12
TGAGCATGTCGGGAGTAACT_008,192
TGAGCATGTCGGGAGTAACT_009,83
TGAGCATGTCGGGAGTAACT_010,29
TGAGCATGTCGGGAGTAACT_011,152
TGAGCATGTCGGGAGTAACT_012,63
TGAGCATGTCGGGAGTAACT_013,162
TGAGCATGTCGGGAGTAACT_014,28
TGAGCATGTCGGGAGTAACT_015,83
TGAGCATGTCGGGAGTAACT_016,130
TGAGCATGTCGGGAGTAACT_017,146
TGAGCATGTCGGGAGTAACT_018,94
TGAGCATGTCGGGAGTAACT_019,8
TGAGCATGTCGGGAGTAACT_020,82
TGAGCATGTCGGGAGTAACT_021,159
TGAGCATGTCGGGAGTAACT_022,169
TGAGCATGTCGGGAGTAACT_023,133
TGAGCATGTCGGGAGTAACT_024,133
TGAGCATGTCGGGAGTAACT_025,168
GGTACCCTCGTAGCGAGCGG_001,183
GGTACCCTCGTAGCGAGCGG_002,138
GGTACCCTCGTAGCGAGCGG_003,189
GGTACCCTCGTAGCGAGCGG_004,8
GGTACCCTCGTAGCGAGCGG_005,168
GGTACCCTCGTAGCGAGCGG_006,9
GGTACCCTCGTAGCGAGCGG_007,103
GTCATTAGGATGCTGTCCTA_001,175
GTCATTAGGATGCTGTCCTA_002,68
GTCATTAGGATGCTGTCCTA_003,94
GTCATTAGGATGCTGTCCTA_004,81
GTCATTAGGATGCTGTCCTA_005,169
GTCATTAGGATGCTGTCCTA_006,168
GTCATTAGGATGCTGTCCTA_007,45
GTCATTAGGATGCTGTCCTA_008,70
GTCATTAGGATGCTGTCCTA_009,15
GTCATTAGGATGCTGTCCTA_010,169
GTCATTAGGATGCTGTCCTA_011,3
GTCATTAGGATGCTGTCCTA_012,166
GTCGCACAGCATCTCGACCT_001,45
GTCGCACAGCATCTCGACCT_002,149
GTCGCACAGCATCTCGACCT_003,168
CATACGGCATGTTTGATGAG_001,144
CATACGGCATGTTTGATGAG_002,80
CATACGGCATGTTTGATGAG_003,193
CATACGGCATGTTTGATGAG_004,97
CCCCCTCCGTGACGTCGATG_001,151
CCCCCTCCGTGACGTCGATG_002,101
CCCCCTCCGTGACGTCGATG_003,151
CCCCCTCCGTGACGTCGATG_004,50
CCCCCTCCGTGACGTCGATG_005,158
CCCCCTCCGTGACGTCGATG_006,52
CCCCCTCCGTGACGTCGATG_007,56
CCCCCTCCGTGACGTCGATG_008,29
CCCCCTCCGTGACGTCGATG_009,68
CCCCCTCCGTGACGTCGATG_010,14
CCCCCTCCGTGACGTCGATG_011,81
CCCCCTCCGTGACGTCGATG_012,34
CCCCCTCCGTGACGTCGATG_013,183
CCCCCTCCGTGACGTCGATG_014,192
CCCCCTCCGTGACGTCGATG_015,174
CCCCCTCCGTGACGTCGATG_016,40
CCCCCTCCGTGACGTCGATG_017,29
CCCCCTCCGTGACGTCGATG_018,90
CCCCCTCCGTGACGTCGATG_019,80
CCCCCTCCGTGACGTCGATG_020,74
CCCCCTCCGTGACGTCGATG_021,28
TTGTCTTCATCAGGACACTT_001,49
TTGTCTTCATCAGGACACTT_002,13
TTGTCTTCATCAGGACACTT_003,160
TTGTCTTCATCAGGACACTT_004,115
TTGTCTTCATCAGGACACTT_005,1
TTGTCTTCATCAGGACACTT_006,192
TTGTCTTCATCAGGACACTT_007,82
TTGTCTTCATCAGGACACTT_008,19
TTGTCTTCATCAGGACACTT_009,128
TTGTCTTCATCAGGACACTT_010,165
TTGTCTTCATCAGGACACTT_011,179
TTGTCTTCATCAGGACACTT_012,86
TTGTCTTCATCAGGACACTT_013,102
TTGTCTTCATCAGGACACTT_014,172
TTGTCTTCATCAGGACACTT_015,74
CTAGTCTGAGAAGCCGAGGA_001,48
CTAGTCTGAGAAGCCGAGGA_002,147
CTAGTCTGAGAAGCCGAGGA_003,66
CTAGTCTGAGAAGCCGAGGA_004,73
CTAGTCTGAGAAGCCGAGGA_005,121
CTAGTCTGAGAAGCCGAGGA_006,84
CTAGTCTGAGAAGCCGAGGA_007,5
CTAGTCTGAGAAGCCGAGGA_008,102
CTAGTCTGAGAAGCCGAGGA_009,58
CTAGTCTGAGAAGCCGAGGA_010,96
CTAGTCTGAGAAGCCGAGGA_011,122
CTAGTCTGAGAAGCCGAGGA_012,53
CTAGTCTGAGAAGCCGAGGA_013,28
CTAGTCTGAGAAGCCGAGGA_014,14
CTAGTCTGAGAAGCCGAGGA_015,95
CTAGTCTGAGAAGCCGAGGA_016,105
CTAGTCTGAGAAGCCGAGGA_017,34
CTAGTCTGAGAAGCCGAGGA_018,33
CTAGTCTGAGAAGCCGAGGA_019,61
CTAGTCTGAGAAGCCGAGGA_020,38
CTAGTCTGAGAAGCCGAGGA_021,63
CTAGTCTGAGAAGCCGAGGA_022,89
CTAGTCTGAGAAGCCGAGGA_023,197
GAGCACCACGAATAGGACCA_001,150
GAGCACCACGAATAGGACCA_002,92
GAGCACCACGAATAGGACCA_003,177
GAGCACCACGAATAGGACCA_004,61
GAGCACCACGAATAGGACCA_005,170
GAGCACCACGAATAGGACCA_006,103
GAGCACCACGAATAGGACCA_007,148
GAGCACCACGAATAGGACCA_008,144
GAGCACCACGAATAGGACCA_009,43
GAGCACCACGAATAGGACCA_010,103
GAGCACCACGAATAGGACCA_011,116
GAGCACCACGAATAGGACCA_012,85
GAGCACCACGAATAGGACCA_013,74
GAGCACCACGAATAGGACCA_014,21
GAGCACCACGAATAGGACCA_015,186
GAGCACCACGAATAGGACCA_016,97
GAGCACCACGAATAGGACCA_017,33
GAGCACCACGAATAGGACCA_018,39
GAGCACCACGAATAGGACCA_019,39
AGAATGGATACCTACCCGTG_001,5
AGAATGGATACCTACCCGTG_002,69
AGAATGGATACCTACCCGTG_003,69
AGAATGGATACCTACCCGTG_004,163
AGAATGGATACCTACCCGTG_005,98
AGAATGGATACCTACCCGTG_006,12
AGAATGGATACCTACCCGTG_007,169
AGAATGGATACCTACCCGTG_008,138
AGAATGGATACCTACCCGTG_009,137
TTGGCCCGGTACCCACACGG_001,48
TTGGCCCGGTACCCACACGG_002,120
TTGGCCCGGTACCCACACGG_003,135
TTGGCCCGGTACCCACACGG_004,2
TTGGCCCGGTACCCACACGG_005,60
TTGGCCCGGTACCCACACGG_006,199
TTGGCCCGGTACCCACACGG_007,175
TTGGCCCGGTACCCACACGG_008,34
TTGGCCCGGTACCCACACGG_009,110
TTGGCCCGGTACCCACACGG_010,123
TTGGCCCGGTACCCACACGG_011,33
TTGGCCCGGTACCCACACGG_012,35
TTGGCCCGGTACCCACACGG_013,37
ACAGGCGAATTTCACCGCTG_001,172
ACAGGCGAATTTCACCGCTG_002,130
ACAGGCGAATTTCACCGCTG_003,119
ACAGGCGAATTTCACCGCTG_004,119
ACAGGCGAATTTCACCGCTG_005,105
ACAGGCGAATTTCACCGCTG_006,157
ACAGGCGAATTTCACCGCTG_007,8
ACAGGCGAATTTCACCGCTG_008,29
ACAGGCGAATTTCACCGCTG_009,177
ACAGGCGAATTTCACCGCTG_010,72
ACAGGCGAATTTCACCGCTG_011,26
ACAGGCGAATTTCACCGCTG_012,188
ACAGGCGAATTTCACCGCTG_013,52
ACAGGCGAATTTCACCGCTG_014,183
ACAGGCGAATTTCACCGCTG_015,166
ACAACCCATTCAGTACTGTG_001,78
ACAACCCATTCAGTACTGTG_002,46
ACAACCCATTCAGTACTGTG_003,111
ACAACCCATTCAGTACTGTG_004,171
ACAACCCATTCAGTACTGTG_005,139
ACAACCCATTCAGTACTGTG_006,25
TGCCACACCGTTGAAAAGGG_001,115
TGCCACACCGTTGAAAAGGG_002,134
TGCCACACCGTTGAAAAGGG_003,98
TGCCACACCGTTGAAAAGGG_004,24
TGCCACACCGTTGAAAAGGG_005,45
TGCCACACCGTTGAAAAGGG_006,151
TGCCACACCGTTGAAAAGGG_007,196
TGCCACACCGTTGAAAAGGG_008,10
TGCCACACCGTTGAAAAGGG_009,12
TGCCACACCGTTGAAAAGGG_010,166
TGCCACACCGTTGAAAAGGG_011,2
TGCCACACCGTTGAAAAGGG_012,114
TGCCACACCGTTGAAAAGGG_013,163
TGCCACACCGTTGAAAAGGG_014,72
TGCCACACCGTTGAAAAGGG_015,5
TGCCACACCGTTGAAAAGGG_016,102
TGCCACACCGTTGAAAAGGG_017,199
TGCCACACCGTTGAAAAGGG_018,2
TGCCACACCGTTGAAAAGGG_019,175
TGCCACACCGTTGAAAAGGG_020,66
TGCCACACCGTTGAAAAGGG_021,43
TGCCACACCGTTGAAAAGGG_022,75
TGCCACACCGTTGAAAAGGG_023,95
GGGCTCTCACCATAGTAGAA_001,162
GGGCTCTCACCATAGTAGAA_002,160
GGGCTCTCACCATAGTAGAA_003,194
CGTACTTTCACGGACCTGCG_001,100
CGTACTTTCACGGACCTGCG_002,126
CGTACTTTCACGGACCTGCG_003,12
CGTACTTTCACGGACCTGCG_004,15
CGTACTTTCACGGACCTGCG_005,43
CGTACTTTCACGGACCTGCG_006,52
CGTACTTTCACGGACCTGCG_007,12
CGTACTTTCACGGACCTGCG_008,53
CGTACTTTCACGGACCTGCG_009,8
CGTACTTTCACGGACCTGCG_010,38
CGTACTTTCACGGACCTGCG_011,44
CGTACTTTCACGGACCTGCG_012,168
CGTACTTTCACGGACCTGCG_013,198
CGTACTTTCACGGACCTGCG_014,72
CGTACTTTCACGGACCTGCG_015,9
CGTACTTTCACGGACCTGCG_016,159
CGTACTTTCACGGACCTGCG_017,174
CGTACTTTCACGGACCTGCG_018,58
CGTACTTTCACGGACCTGCG_019,58
CGTACTTTCACGGACCTGCG_020,116
CGTACTTTCACGGACCTGCG_021,9
CGTACTTTCACGGACCTGCG_022,144
CGTACTTTCACGGACCTGCG_023,154
CGTACTTTCACGGACCTGCG_024,35
CGTACTTTCACGGACCTGCG_025,145
CGTACTTTCACGGACCTGCG_026,49
CGTACTTTCACGGACCTGCG_027,152
CGTACTTTCACGGACCTGCG_028,5
CGTACTTTCACGGACCTGCG_029,49
CGTACTTTCACGGACCTGCG_030,88
CGTACTTTCACGGACCTGCG_031,158
TTCAACACATTACATGTGGG_001,170
TTCAACACATTACATGTGGG_002,188
TTCAACACATTACATGTGGG_003,153
TTCAACACATTACATGTGGG_004,29
AAGAATGCCAGAGTCACTAC_001,115
AAGAATGCCAGAGTCACTAC_002,77
AAGAATGCCAGAGTCACTAC_003,191
AAGAATGCCAGAGTCACTAC_004,174
AAGAATGCCAGAGTCACTAC_005,192
AAGAATGCCAGAGTCACTAC_006,41
AAGAATGCCAGAGTCACTAC_007,184
AAGAATGCCAGAGTCACTAC_008,103
AAGAATGCCAGAGTCACTAC_009,88
AAGAATGCCAGAGTCACTAC_010,169
AAGAATGCCAGAGTCACTAC_011,151
AAGAATGCCAGAGTCACTAC_012,3
AAGAATGCCAGAGTCACTAC_013,28
AAGAATGCCAGAGTCACTAC_014,28
AGCGAATTTACCACAAATCA_001,147
AGCGAATTTACCACAAATCA_002,102
AGCGAATTTACCACAAATCA_003,54
AGCGAATTTACCACAAATCA_004,144
AGCGAATTTACCACAAATCA_005,6
AGCGAATTTACCACAAATCA_006,94
AGCGAATTTACCACAAATCA_007,10
AGCGAATTTACCACAAATCA_008,103
GAGCCTGATGGTTGTAAGAG_001,134
GAGCCTGATGGTTGTAAGAG_002,149
GAGCCTGATGGTTGTAAGAG_003,19
GAGCCTGATGGTTGTAAGAG_004,56
GAGCCTGATGGTTGTAAGAG_005,63
GAGCCTGATGGTTGTAAGAG_006,149
GAGCCTGATGGTTGTAAGAG_007,174
GAGCCTGATGGTTGTAAGAG_008,49
GAGCCTGATGGTTGTAAGAG_009,60
GAGCCTGATGGTTGTAAGAG_010,176
GAGCCTGATGGTTGTAAGAG_011,107
GAGCCTGATGGTTGTAAGAG_012,37
GAGCCTGATGGTTGTAAGAG_013,180
GAGCCTGATGGTTGTAAGAG_014,10
CAAATACAGGAAACAATGAA_001,166
CAAATACAGGAAACAATGAA_002,157
CAAATACAGGAAACAATGAA_003,68
CAAATACAGGAAACAATGAA_004,167
CAAATACAGGAAACAATGAA_005,88
CAAATACAGGAAACAATGAA_006,62
GACTCTCCTTACCTCCTCGG_001,0
GACTCTCCTTACCTCCTCGG_002,121
GACTCTCCTTACCTCCTCGG_003,192
GACTCTCCTTACCTCCTCGG_004,168
GACTCTCCTTACCTCCTCGG_005,144
GACTCTCCTTACCTCCTCGG_006,17
GACTCTCCTTACCTCCTCGG_007,17
GACTCTCCTTACCTCCTCGG_008,83
GACTCTCCTTACCTCCTCGG_009,139
GACTCTCCTTACCTCCTCGG_010,95
GACTCTCCTTACCTCCTCGG_011,69
GACTCTCCTTACCTCCTCGG_012,138
GACTCTCCTTACCTCCTCGG_013,66
GACTCTCCTTACCTCCTCGG_014,192
GACTCTCCTTACCTCCTCGG_015,71
GACTCTCCTTACCTCCTCGG_016,115
GACTCTCCTTACCTCCTCGG_017,77
GACTCTCCTTACCTCCTCGG_018,145
GACTCTCCTTACCTCCTCGG_019,153
GACTCTCCTTACCTCCTCGG_020,27
GACTCTCCTTACCTCCTCGG_021,174
GACTCTCCTTACCTCCTCGG_022,197
GACTCTCCTTACCTCCTCGG_023,12
GACTCTCCTTACCTCCTCGG_024,43
GACTCTCCTTACCTCCTCGG_025,60
GACTCTCCTTACCTCCTCGG_026,160
GACTCTCCTTACCTCCTCGG_027,147
GACTCTCCTTACCTCCTCGG_028,10
GACTCTCCTTACCTCCTCGG_029,137
GACTCTCCTTACCTCCTCGG_030,168
GACTCTCCTTACCTCCTCGG_031,65
TCAGCATACTCACTTAGACT_001,177
TCAGCATACTCACTTAGACT_002,35
CAGTGCTTTAAACTACGCCA_001,156
CAGTGCTTTAAACTACGCCA_002,136
CAGTGCTTTAAACTACGCCA_003,61
CAGTGCTTTAAACTACGCCA_004,141
CAGTGCTTTAAACTACGCCA_005,3
CAGTGCTTTAAACTACGCCA_006,182
CAGTGCTTTAAACTACGCCA_007,19
CAGTGCTTTAAACTACGCCA_008,79
CAGTGCTTTAAACTACGCCA_009,174
TGACCCAGACAAAGAGTTCT_001,182
TGACCCAGACAAAGAGTTCT_002,70
TGACCCAGACAAAGAGTTCT_003,196
TGACCCAGACAAAGAGTTCT_004,17
TGACCCAGACAAAGAGTTCT_005,105
TGACCCAGACAAAGAGTTCT_006,181
TGACCCAGACAAAGAGTTCT_007,148
TGACCCAGACAAAGAGTTCT_008,168
TGACCCAGACAAAGAGTTCT_009,28
TTCAGAAGACCAATCATCTG_001,77
TTCAGAAGACCAATCATCTG_002,115
TTCAGAAGACCAATCATCTG_003,115
TTCAGAAGACCAATCATCTG_004,70
TTCAGAAGACCAATCATCTG_005,172
TTCAGAAGACCAATCATCTG_006,171
TTCAGAAGACCAATCATCTG_007,190
AGCGCTGGATGCACACCACG_001,114
AGCGCTGGATGCACACCACG_002,114
AGCGCTGGATGCACACCACG_003,34
AGCGCTGGATGCACACCACG_004,104
AGCGCTGGATGCACACCACG_005,184
AGCGCTGGATGCACACCACG_006,35
AGCGCTGGATGCACACCACG_007,193
AGCGCTGGATGCACACCACG_008,117
AGCGCTGGATGCACACCACG_009,76
AGCGCTGGATGCACACCACG_010,17
AGCGCTGGATGCACACCACG_011,141
AGCGCTGGATGCACACCACG_012,141
AGCGCTGGATGCACACCACG_013,43
AGCGCTGGATGCACACCACG_014,198
AGCGCTGGATGCACACCACG_015,66
AGCGCTGGATGCACACCACG_016,180
AGCGCTGGATGCACACCACG_017,198
CACAGATGCTCACAATAAGG_001,146
CACAGATGCTCACAATAAGG_002,76
GAAAAAGGAACGGCCCACTG_001,142
GAAAAAGGAACGGCCCACTG_002,62
GAAAAAGGAACGGCCCACTG_003,45
GAAAAAGGAACGGCCCACTG_004,34
GAAAAAGGAACGGCCCACTG_005,28
GAAAAAGGAACGGCCCACTG_006,153
GAAAAAGGAACGGCCCACTG_007,199
GAAAAAGGAACGGCCCACTG_008,63
GAAAAAGGAACGGCCCACTG_009,96
GAAAAAGGAACGGCCCACTG_010,102
GAAAAAGGAACGGCCCACTG_011,70
GAAAAAGGAACGGCCCACTG_012,111
GAAAAAGGAACGGCCCACTG_013,111
GAAAAAGGAACGGCCCACTG_014,68
GAAAAAGGAACGGCCCACTG_015,166
GAAAAAGGAACGGCCCACTG_016,85
GAAAAAGGAACGGCCCACTG_017,186
GAAAAAGGAACGGCCCACTG_018,52
GAAAAAGGAACGGCCCACTG_019,19
GAAAAAGGAACGGCCCACTG_020,159
GAAAAAGGAACGGCCCACTG_021,124
GAAAAAGGAACGGCCCACTG_022,193
GAAAAAGGAACGGCCCACTG_023,145
GAAAAAGGAACGGCCCACTG_024,2
GAAAAAGGAACGGCCCACTG_025,19
GAAAAAGGAACGGCCCACTG_026,55
GAAAAAGGAACGGCCCACTG_027,138
GAAAAAGGAACGGCCCACTG_028,169
GAAAAAGGAACGGCCCACTG_029,76
GAAAAAGGAACGGCCCACTG_030,158
GAAAAAGGAACGGCCCACTG_031,124
GAAAAAGGAACGGCCCACTG_032,44
GAAAAAGGAACGGCCCACTG_033,167
GAAAAAGGAACGGCCCACTG_034,40
GAAAAAGGAACGGCCCACTG_035,10
AGCCCGACTGAAAAACCTGA_001,25
AGCCCGACTGAAAAACCTGA_002,49
AGCCCGACTGAAAAACCTGA_003,65
AGCCCGACTGAAAAACCTGA_004,7
AGCCCGACTGAAAAACCTGA_005,149
AGCCCGACTGAAAAACCTGA_006,94
AGCCCGACTGAAAAACCTGA_007,136
GAAGCACTTACCTGCATAGC_001,12
GAAGCACTTACCTGCATAGC_002,60
GAAGCACTTACCTGCATAGC_003,102
GAAGCACTTACCTGCATAGC_004,158
GAAGCACTTACCTGCATAGC_005,127
GAAGCACTTACCTGCATAGC_006,48
GAAGCACTTACCTGCATAGC_007,144
GAAGCACTTACCTGCATAGC_008,174
GAAGCACTTACCTGCATAGC_009,115
GAAGCACTTACCTGCATAGC_010,64
GAAGCACTTACCTGCATAGC_011,91
CCTTGTATTTCCGAAGACAT_001,127
CCTTGTATTTCCGAAGACAT_002,108
CCTTGTATTTCCGAAGACAT_003,177
CCTTGTATTTCCGAAGACAT_004,171
CCTTGTATTTCCGAAGACAT_005,130
CCTTGTATTTCCGAAGACAT_006,198
CGGGATCAGACATGTGATCG_001,61
CGGGATCAGACATGTGATCG_002,42
CGGGATCAGACATGTGATCG_003,11
CGGGATCAGACATGTGATCG_004,177
CGGGATCAGACATGTGATCG_005,67
CGGGATCAGACATGTGATCG_006,115
CGGGATCAGACATGTGATCG_007,162
CGGGATCAGACATGTGATCG_008,172
CGGGATCAGACATGTGATCG_009,129
CGGGATCAGACATGTGATCG_010,158
CGGGATCAGACATGTGATCG_011,27
CTGGAGAGATCCTCACCAAG_001,180
CTGGAGAGATCCTCACCAAG_002,147
CTGGAGAGATCCTCACCAAG_003,5
CTGGAGAGATCCTCACCAAG_004,40
CTGGAGAGATCCTCACCAAG_005,106
TATGCGTAACAACTTCGGCA_001,5
TATGCGTAACAACTTCGGCA_002,178
TATGCGTAACAACTTCGGCA_003,162
TATGCGTAACAACTTCGGCA_004,122
TATGCGTAACAACTTCGGCA_005,149
TATGCGTAACAACTTCGGCA_006,147
CCGCCTTCAGCACGTTCGAG_001,152
CCGCCTTCAGCACGTTCGAG_002,88
CCGCCTTCAGCACGTTCGAG_003,24
CCGCCTTCAGCACGTTCGAG_004,140
CCGCCTTCAGCACGTTCGAG_005,41
CCGCCTTCAGCACGTTCGAG_006,17
CCGCCTTCAGCACGTTCGAG_007,24
CCGCCTTCAGCACGTTCGAG_008,54
CCGCCTTCAGCACGTTCGAG_009,105
CCGCCTTCAGCACGTTCGAG_010,127
CCGCCTTCAGCACGTTCGAG_011,119
CCGCCTTCAGCACGTTCGAG_012,117
CCGCCTTCAGCACGTTCGAG_013,40
CCGCCTTCAGCACGTTCGAG_014,179
CCGCCTTCAGCACGTTCGAG_015,56
CCGCCTTCAGCACGTTCGAG_016,153
CCGCCTTCAGCACGTTCGAG_017,79
CCGCCTTCAGCACGTTCGAG_018,1
CCGCCTTCAGCACGTTCGAG_019,66
CCGCCTTCAGCACGTTCGAG_020,58
CCGCCTTCAGCACGTTCGAG_021,1
CCGCCTTCAGCACGTTCGAG_022,160
CCGCCTTCAGCACGTTCGAG_023,104
CCGCCTTCAGCACGTTCGAG_024,69
CCGCCTTCAGCACGTTCGAG_025,118
CCGCCTTCAGCACGTTCGAG_026,106
CCGCCTTCAGCACGTTCGAG_027,19
CCGCCTTCAGCACGTTCGAG_028,50
CCGCCTTCAGCACGTTCGAG_029,145
CCGCCTTCAGCACGTTCGAG_030,188
CCGCCTTCAGCACGTTCGAG_031,138
CCGCCTTCAGCACGTTCGAG_032,160
CCGCCTTCAGCACGTTCGAG_033,191
CCGCCTTCAGCACGTTCGAG_034,138
CCGCCTTCAGCACGTTCGAG_035,131
CCGCCTTCAGCACGTTCGAG_036,144
CCGCCTTCAGCACGTTCGAG_037,5
CCGCCTTCAGCACGTTCGAG_038,99
CCGCCTTCAGCACGTTCGAG_039,129
CCGCCTTCAGCACGTTCGAG_040,27
TGAGGGCAAAGAGAAGCCAG_001,192
TGTCTTCGGATAGGCGGCTT_001,36
TGTCTTCGGATAGGCGGCTT_002,32
TGTCTTCGGATAGGCGGCTT_003,39
TGTCTTCGGATAGGCGGCTT_004,147
TGTCTTCGGATAGGCGGCTT_005,72
TGTCTTCGGATAGGCGGCTT_006,13
TGTCTTCGGATAGGCGGCTT_007,57
TGTCTTCGGATAGGCGGCTT_008,155
TGTCTTCGGATAGGCGGCTT_009,160
TGTCTTCGGATAGGCGGCTT_010,143
TGTCTTCGGATAGGCGGCTT_011,48
TGTCTTCGGATAGGCGGCTT_012,27
TGTCTTCGGATAGGCGGCTT_013,81
TGTCTTCGGATAGGCGGCTT_014,58
TGTCTTCGGATAGGCGGCTT_015,145
TGTCTTCGGATAGGCGGCTT_016,136
TTGTGTCCAAGGGAAGTCAT_001,103
TTGTGTCCAAGGGAAGTCAT_002,156
TTGTGTCCAAGGGAAGTCAT_003,115
TTGTGTCCAAGGGAAGTCAT_004,68
TTGTGTCCAAGGGAAGTCAT_005,184
TTGTGTCCAAGGGAAGTCAT_006,133
TTGTGTCCAAGGGAAGTCAT_007,42
TTGTGTCCAAGGGAAGTCAT_008,122
TTGTGTCCAAGGGAAGTCAT_009,92
TTGTGTCCAAGGGAAGTCAT_010,32
TTGTGTCCAAGGGAAGTCAT_011,0
TTGTGTCCAAGGGAAGTCAT_012,82
TTGTGTCCAAGGGAAGTCAT_013,33
TTGTGTCCAAGGGAAGTCAT_014,144
ACGGGTCGCTCAGGTAGACT_001,116
ACGGGTCGCTCAGGTAGACT_002,35
CAGACTAAAGATGCTGCTAC_001,108
CAGACTAAAGATGCTGCTAC_002,115
CAGACTAAAGATGCTGCTAC_003,6
AAGAGCAAAACTCTCATCAG_001,183
AAGAGCAAAACTCTCATCAG_002,53
AAGAGCAAAACTCTCATCAG_003,194
AAGAGCAAAACTCTCATCAG_004,165
AAGAGCAAAACTCTCATCAG_005,156
AAGAGCAAAACTCTCATCAG_006,68
AAGAGCAAAACTCTCATCAG_007,130
AAGAGCAAAACTCTCATCAG_008,183
AAGAGCAAAACTCTCATCAG_009,147
AAGAGCAAAACTCTCATCAG_010,56
AAGAGCAAAACTCTCATCAG_011,9
AAGAGCAAAACTCTCATCAG_012,173
AGAGGCTGACCGCAAATACG_001,30
AGAGGCTGACCGCAAATACG_002,160
AGAGGCTGACCGCAAATACG_003,157
AGAGGCTGACCGCAAATACG_004,74
AGAGGCTGACCGCAAATACG_005,113
AGAGGCTGACCGCAAATACG_006,91
AGAGGCTGACCGCAAATACG_007,145
AGAGGCTGACCGCAAATACG_008,116
AGAGGCTGACCGCAAATACG_009,143
AGAGGCTGACCGCAAATACG_010,156
AGAGGCTGACCGCAAATACG_011,156
AGAGGCTGACCGCAAATACG_012,199
AGAGGCTGACCGCAAATACG_013,31
AGAGGCTGACCGCAAATACG_014,160
AGAGGCTGACCGCAAATACG_015,109
AGAGGCTGACCGCAAATACG_016,159
AGAGGCTGACCGCAAATACG_017,97
AGAGGCTGACCGCAAATACG_018,38
AGAGGCTGACCGCAAATACG_019,7
AGAGGCTGACCGCAAATACG_020,66
AGAGGCTGACCGCAAATACG_021,70
AGAGGCTGACCGCAAATACG_022,137
AGAGGCTGACCGCAAATACG_023,165
AGAGGCTGACCGCAAATACG_024,56
AGAGGCTGACCGCAAATACG_025,180
GCCCTCCCAAGTTCAAGCAG_001,137
GCCCTCCCAAGTTCAAGCAG_002,75
GCCCTCCCAAGTTCAAGCAG_003,141
GCCCTCCCAAGTTCAAGCAG_004,82
GCCCTCCCAAGTTCAAGCAG_005,8
GCCCTCCCAAGTTCAAGCAG_006,81
GCCCTCCCAAGTTCAAGCAG_007,164
GCCCTCCCAAGTTCAAGCAG_008,164
GCCCTCCCAAGTTCAAGCAG_009,147
GCCCTCCCAAGTTCAAGCAG_010,149
GCCCTCCCAAGTTCAAGCAG_011,39
GCCCTCCCAAGTTCAAGCAG_012,102
GCCCTCCCAAGTTCAAGCAG_013,119
GCCCTCCCAAGTTCAAGCAG_014,42
GCCCTCCCAAGTTCAAGCAG_015,96
GCCCTCCCAAGTTCAAGCAG_016,197
GCCCTCCCAAGTTCAAGCAG_017,38
AAGAGGACCAGGGGTTAAGT_001,175
AAGAGGACCAGGGGTTAAGT_002,117
AAGAGGACCAGGGGTTAAGT_003,24
AAGAGGACCAGGGGTTAAGT_004,50
AAGAGGACCAGGGGTTAAGT_005,138
AAGAGGACCAGGGGTTAAGT_006,188
AAGAGGACCAGGGGTTAAGT_007,43
AAGAGGACCAGGGGTTAAGT_008,0
AAAATAAATTGATTCACAGC_001,45
AAAATAAATTGATTCACAGC_002,122
AAAATAAATTGATTCACAGC_003,73
AAAATAAATTGATTCACAGC_004,126
AGCCATTGGGCAGAGCATCG_001,84
AGCCATTGGGCAGAGCATCG_002,108
AGCCATTGGGCAGAGCATCG_003,153
AGCCATTGGGCAGAGCATCG_004,81
AGCCATTGGGCAGAGCATCG_005,105
AGCCATTGGGCAGAGCATCG_006,12
AGCCATTGGGCAGAGCATCG_007,115
AGCCATTGGGCAGAGCATCG_008,169
AGCCATTGGGCAGAGCATCG_009,94
AGCCATTGGGCAGAGCATCG_010,76
AGCCATTGGGCAGAGCATCG_011,31
AGCCATTGGGCAGAGCATCG_012,113
AGCCATTGGGCAGAGCATCG_013,177
AGCCATTGGGCAGAGCATCG_014,188
AGCCATTGGGCAGAGCATCG_015,60
AGCCATTGGGCAGAGCATCG_016,11
AGCCATTGGGCAGAGCATCG_017,154
AGCCATTGGGCAGAGCATCG_018,163
AAAAGCCTGGAATCCTTCCG_001,4
AAAAGCCTGGAATCCTTCCG_002,46
AAAAGCCTGGAATCCTTCCG_003,62
AAAAGCCTGGAATCCTTCCG_004,121
AAAAGCCTGGAATCCTTCCG_005,150
AAAAGCCTGGAATCCTTCCG_006,18
AAAAGCCTGGAATCCTTCCG_007,160
AAAAGCCTGGAATCCTTCCG_008,149
AAAAGCCTGGAATCCTTCCG_009,19
AAAAGCCTGGAATCCTTCCG_010,15
AAAAGCCTGGAATCCTTCCG_011,170
AAAAGCCTGGAATCCTTCCG_012,50
AAAAGCCTGGAATCCTTCCG_013,13
AAAAGCCTGGAATCCTTCCG_014,178
AAAAGCCTGGAATCCTTCCG_015,182
AAAAGCCTGGAATCCTTCCG_016,2
AAAAGCCTGGAATCCTTCCG_017,46
AAAAGCCTGGAATCCTTCCG_018,57
AAAAGCCTGGAATCCTTCCG_019,22
GGGAACTGGAAGGCCAACAC_001,53
GGGAACTGGAAGGCCAACAC_002,103
GGGAACTGGAAGGCCAACAC_003,175
GGGAACTGGAAGGCCAACAC_004,11
GGTGGAACCAGTGATCGGAA_001,49
GGTGGAACCAGTGATCGGAA_002,49
GGTGGAACCAGTGATCGGAA_003,113
GGTGGAACCAGTGATCGGAA_004,42
TGGTGGTCCAGAACGTCGTG_001,52
TGGTGGTCCAGAACGTCGTG_002,34
TGGTGGTCCAGAACGTCGTG_003,70
TGGTGGTCCAGAACGTCGTG_004,195
TGGTGGTCCAGAACGTCGTG_005,15
TGGTGGTCCAGAACGTCGTG_006,130
TGGTGGTCCAGAACGTCGTG_007,73
TGGTGGTCCAGAACGTCGTG_008,32
TGGTGGTCCAGAACGTCGTG_009,29
TGGTGGTCCAGAACGTCGTG_010,65
TGGTGGTCCAGAACGTCGTG_011,128
TGGTGGTCCAGAACGTCGTG_012,68
TGGTGGTCCAGAACGTCGTG_013,3
TGGTGGTCCAGAACGTCGTG_014,92
GGAGACAGACAAGAAAGACT_001,194
GGAGACAGACAAGAAAGACT_002,152
GGAGACAGACAAGAAAGACT_003,102
GGAGACAGACAAGAAAGACT_004,8
GGAGACAGACAAGAAAGACT_005,8
GGAGACAGACAAGAAAGACT_006,28
GGAGACAGACAAGAAAGACT_007,2
GGAGACAGACAAGAAAGACT_008,139
GGAGACAGACAAGAAAGACT_009,2
CATGGTATCTGTCTATGCTG_001,61
GTGGTTCCTCTGCTCCGCCG_001,122
GTGGTTCCTCTGCTCCGCCG_002,106
GTGGTTCCTCTGCTCCGCCG_003,189
GTGGTTCCTCTGCTCCGCCG_004,162
GTGGTTCCTCTGCTCCGCCG_005,145
GTGGTTCCTCTGCTCCGCCG_006,55
GTGGTTCCTCTGCTCCGCCG_007,37
GTGGTTCCTCTGCTCCGCCG_008,90
GTGGTTCCTCTGCTCCGCCG_009,75
GTGGTTCCTCTGCTCCGCCG_010,95
GTGGTTCCTCTGCTCCGCCG_011,127
GTGGTTCCTCTGCTCCGCCG_012,63
GTGGTTCCTCTGCTCCGCCG_013,19
GTGGTTCCTCTGCTCCGCCG_014,94
GTGGTTCCTCTGCTCCGCCG_015,174
GTGGTTCCTCTGCTCCGCCG_016,123
GTGGTTCCTCTGCTCCGCCG_017,54
GTGGTTCCTCTGCTCCGCCG_018,85
GTGGTTCCTCTGCTCCGCCG_019,196
GTGGTTCCTCTGCTCCGCCG_020,146
GTGGTTCCTCTGCTCCGCCG_021,45
GTGGTTCCTCTGCTCCGCCG_022,178
GTGGTTCCTCTGCTCCGCCG_023,7
GTGGTTCCTCTGCTCCGCCG_024,65
AAACTGCAGTTCGACGACAA_001,60
AAACTGCAGTTCGACGACAA_002,96
AAACTGCAGTTCGACGACAA_003,156
AAACTGCAGTTCGACGACAA_004,104
AAACTGCAGTTCGACGACAA_005,177
AAACTGCAGTTCGACGACAA_006,131
AAACTGCAGTTCGACGACAA_007,26
AAACTGCAGTTCGACGACAA_008,23
AAACTGCAGTTCGACGACAA_009,116
AAACTGCAGTTCGACGACAA_010,29
AAACTGCAGTTCGACGACAA_011,116
AAACTGCAGTTCGACGACAA_012,149
AAACTGCAGTTCGACGACAA_013,3
AAACTGCAGTTCGACGACAA_014,177
TTAATATACACAACGCCCTC_001,116
TTAATATACACAACGCCCTC_002,0
TTAATATACACAACGCCCTC_003,29
TTTGGGCGACGTACCACAGT_001,132
TTTGGGCGACGTACCACAGT_002,198
TTTGGGCGACGTACCACAGT_003,103
TTTGGGCGACGTACCACAGT_004,81
TTTGGGCGACGTACCACAGT_005,68
TTTGGGCGACGTACCACAGT_006,106
TTTGGGCGACGTACCACAGT_007,175
TTTGGGCGACGTACCACAGT_008,60
TTTGGGCGACGTACCACAGT_009,148
TTTGGGCGACGTACCACAGT_010,60
TTTGGGCGACGTACCACAGT_011,33
TTTGGGCGACGTACCACAGT_012,106
TTTGGGCGACGTACCACAGT_013,137
TTTGGGCGACGTACCACAGT_014,63
GGCACAGAGACTGATGTGCA_001,191
GGCACAGAGACTGATGTGCA_002,42
GGCACAGAGACTGATGTGCA_003,55
GGCACAGAGACTGATGTGCA_004,60
GGCACAGAGACTGATGTGCA_005,174
GGCACAGAGACTGATGTGCA_006,151
GGCACAGAGACTGATGTGCA_007,133
GGCACAGAGACTGATGTGCA_008,17
AGCTTCAGGACGAATCACCA_001,184
AGCTTCAGGACGAATCACCA_002,198
AGCTTCAGGACGAATCACCA_003,94
AGCTTCAGGACGAATCACCA_004,197
AGCTTCAGGACGAATCACCA_005,111
AGCTTCAGGACGAATCACCA_006,1
AGCTTCAGGACGAATCACCA_007,160
AGCTTCAGGACGAATCACCA_008,103
AGCTTCAGGACGAATCACCA_009,107
AGCTTCAGGACGAATCACCA_010,144
AGCTTCAGGACGAATCACCA_011,59
ATGGGGTGGGCATTGCTGAG_001,54
ATGGGGTGGGCATTGCTGAG_002,37
ATGGGGTGGGCATTGCTGAG_003,54
ATGGGGTGGGCATTGCTGAG_004,194
ATGGGGTGGGCATTGCTGAG_005,132
ATGGGGTGGGCATTGCTGAG_006,33
ATGGGGTGGGCATTGCTGAG_007,17
ATGGGGTGGGCATTGCTGAG_008,78
ATGGGGTGGGCATTGCTGAG_009,98
ATGGGGTGGGCATTGCTGAG_010,143
ATGGGGTGGGCATTGCTGAG_011,143
ATGGGGTGGGCATTGCTGAG_012,49
ATGGGGTGGGCATTGCTGAG_013,114
ATGGGGTGGGCATTGCTGAG_014,68
ATGGGGTGGGCATTGCTGAG_015,177
ATGGGGTGGGCATTGCTGAG_016,50
ATGGGGTGGGCATTGCTGAG_017,128
ATGGGGTGGGCATTGCTGAG_018,112
ATGGGGTGGGCATTGCTGAG_019,188
ATGGGGTGGGCATTGCTGAG_020,161
ATGGGGTGGGCATTGCTGAG_021,65
ATGGGGTGGGCATTGCTGAG_022,134
ATGGGGTGGGCATTGCTGAG_023,89
ATGGGGTGGGCATTGCTGAG_024,94
ATGGGGTGGGCATTGCTGAG_025,166
ATGGGGTGGGCATTGCTGAG_026,79
ATGGGGTGGGCATTGCTGAG_027,184
ATGGGGTGGGCATTGCTGAG_028,172
ATGGGGTGGGCATTGCTGAG_029,66
ATGGGGTGGGCATTGCTGAG_030,145
ATGGGGTGGGCATTGCTGAG_031,88
GTGGTTTCAAAACTGCCACG_001,21
GTGGTTTCAAAACTGCCACG_002,121
GTGGTTTCAAAACTGCCACG_003,88
GTGGTTTCAAAACTGCCACG_004,92
GTGGTTTCAAAACTGCCACG_005,141
GTGGTTTCAAAACTGCCACG_006,61
ACCCCCTCGAGTCAGAGTGA_001,146
ACCCCCTCGAGTCAGAGTGA_002,185
ACCCCCTCGAGTCAGAGTGA_003,95
ACCCCCTCGAGTCAGAGTGA_004,63
ACCCCCTCGAGTCAGAGTGA_005,19
ACCCCCTCGAGTCAGAGTGA_006,169
ACCCCCTCGAGTCAGAGTGA_007,161
ACCCCCTCGAGTCAGAGTGA_008,77
ACCCCCTCGAGTCAGAGTGA_009,44
ACCCCCTCGAGTCAGAGTGA_010,20
ACCCCCTCGAGTCAGAGTGA_011,121
ACCCCCTCGAGTCAGAGTGA_012,70
ACCCCCTCGAGTCAGAGTGA_013,177
ACCCCCTCGAGTCAGAGTGA_014,190
ACCCCCTCGAGTCAGAGTGA_015,138
ACCCCCTCGAGTCAGAGTGA_016,179
ACCCCCTCGAGTCAGAGTGA_017,107
ATATCCATCAGCACTAGTGG_001,137
ATATCCATCAGCACTAGTGG_002,12
ATATCCATCAGCACTAGTGG_003,151
ATATCCATCAGCACTAGTGG_004,188
ATATCCATCAGCACTAGTGG_005,175
ATATCCATCAGCACTAGTGG_006,101
ATATCCATCAGCACTAGTGG_007,58
ATATCCATCAGCACTAGTGG_008,2
ATATCCATCAGCACTAGTGG_009,56
ATATCCATCAGCACTAGTGG_010,0
ATATCCATCAGCACTAGTGG_011,101
CGTCGCCGGTACGCTCTGAG_001,95
CGTCGCCGGTACGCTCTGAG_002,82
CGTCGCCGGTACGCTCTGAG_003,137
CGTCGCCGGTACGCTCTGAG_004,193
CGTCGCCGGTACGCTCTGAG_005,154
CGTCGCCGGTACGCTCTGAG_006,34
CGTCGCCGGTACGCTCTGAG_007,56
CGTCGCCGGTACGCTCTGAG_008,68
GCAGAGTCGAACCGCACCTG_001,40
GCAGAGTCGAACCGCACCTG_002,132
GCAGAGTCGAACCGCACCTG_003,38
GCAGAGTCGAACCGCACCTG_004,23
GCAGAGTCGAACCGCACCTG_005,101
GCAGAGTCGAACCGCACCTG_006,53
GCAGAGTCGAACCGCACCTG_007,188
GCAGAGTCGAACCGCACCTG_008,191
GCAGAGTCGAACCGCACCTG_009,32
GCAGAGTCGAACCGCACCTG_010,23
GCAGAGTCGAACCGCACCTG_011,65
GCAGAGTCGAACCGCACCTG_012,55
GCAGAGTCGAACCGCACCTG_013,77
GCAGAGTCGAACCGCACCTG_014,191
GCAGAGTCGAACCGCACCTG_015,8
GCAGAGTCGAACCGCACCTG_016,64
GCAGAGTCGAACCGCACCTG_017,141
GCAGAGTCGAACCGCACCTG_018,41
GCAGAGTCGAACCGCACCTG_019,85
GCAGAGTCGAACCGCACCTG_020,33
GCAGAGTCGAACCGCACCTG_021,79
GCAGAGTCGAACCGCACCTG_022,190
GCAGAGTCGAACCGCACCTG_023,89
GCAGAGTCGAACCGCACCTG_024,168
GCAGAGTCGAACCGCACCTG_025,99
GCAGAGTCGAACCGCACCTG_026,150
GCAGAGTCGAACCGCACCTG_027,105
GCAGAGTCGAACCGCACCTG_028,2
GCAGAGTCGAACCGCACCTG_029,27
GCAGAGTCGAACCGCACCTG_030,2
GCAGAGTCGAACCGCACCTG_031,10
GCAGAGTCGAACCGCACCTG_032,198
GCAGAGTCGAACCGCACCTG_033,176
GCAGAGTCGAACCGCACCTG_034,91
GCAGAGTCGAACCGCACCTG_035,142
GCAGAGTCGAACCGCACCTG_036,142
GCAGAGTCGAACCGCACCTG_037,14
GCAGAGTCGAACCGCACCTG_038,147
GCAGAGTCGAACCGCACCTG_039,62
GCAGAGTCGAACCGCACCTG_040,84
GAGGTCCCCGAAAGCCGCAA_001,105
GAGGTCCCCGAAAGCCGCAA_002,172
GAGGTCCCCGAAAGCCGCAA_003,41
GAGGTCCCCGAAAGCCGCAA_004,2
GAGGTCCCCGAAAGCCGCAA_005,62
GAGGTCCCCGAAAGCCGCAA_006,49
GAGGTCCCCGAAAGCCGCAA_007,5
GAGGTCCCCGAAAGCCGCAA_008,8
GAGGTCCCCGAAAGCCGCAA_009,17
GAGGTCCCCGAAAGCCGCAA_010,169
GAGGTCCCCGAAAGCCGCAA_011,172
GAGGTCCCCGAAAGCCGCAA_012,150
GAGGTCCCCGAAAGCCGCAA_013,184
GAGGTCCCCGAAAGCCGCAA_014,38
GAGGTCCCCGAAAGCCGCAA_015,191
GAGGTCCCCGAAAGCCGCAA_016,125
GAGGTCCCCGAAAGCCGCAA_017,172
GAGGTCCCCGAAAGCCGCAA_018,182
TGCCATACCTCAAACGGGAA_001,155
TGCCATACCTCAAACGGGAA_002,197
TGCCATACCTCAAACGGGAA_003,150
TGCCATACCTCAAACGGGAA_004,130
TGCCATACCTCAAACGGGAA_005,42
TGCCATACCTCAAACGGGAA_006,197
TGCCATACCTCAAACGGGAA_007,157
TGCCATACCTCAAACGGGAA_008,55
TGCCATACCTCAAACGGGAA_009,55
TGCCATACCTCAAACGGGAA_010,56
TGCCATACCTCAAACGGGAA_011,96
TGCCATACCTCAAACGGGAA_012,69
GGAGGAAAGCCAAGTCGTCA_001,54
GGAGGAAAGCCAAGTCGTCA_002,72
GGAGGAAAGCCAAGTCGTCA_003,197
GGAGGAAAGCCAAGTCGTCA_004,144
GGAGGAAAGCCAAGTCGTCA_005,184
GGAGGAAAGCCAAGTCGTCA_006,125
GGAGGAAAGCCAAGTCGTCA_007,50
GGAGGAAAGCCAAGTCGTCA_008,31
GGAGGAAAGCCAAGTCGTCA_009,33
TTATCAAACCAAAGTAGACA_001,145
TTATCAAACCAAAGTAGACA_002,196
TTATCAAACCAAAGTAGACA_003,64
TTATCAAACCAAAGTAGACA_004,98
TTATCAAACCAAAGTAGACA_005,62
TTATCAAACCAAAGTAGACA_006,190
TTATCAAACCAAAGTAGACA_007,147
TGTGCCGACAGGAACGAGCT_001,13
TGTGCCGACAGGAACGAGCT_002,150
TGTGCCGACAGGAACGAGCT_003,176
ACATGACACAGAAGAAAGCG_001,94
ACATGACACAGAAGAAAGCG_002,58
CACTTCTCCTGATCCACACG_001,188
CACTTCTCCTGATCCACACG_002,177
CACTTCTCCTGATCCACACG_003,198
CACTTCTCCTGATCCACACG_004,22
CACTTCTCCTGATCCACACG_005,8
CACTTCTCCTGATCCACACG_006,147
CACTTCTCCTGATCCACACG_007,52
CACTTCTCCTGATCCACACG_008,140
CCCCTGCATACTCACATGTG_001,17
CCCCTGCATACTCACATGTG_002,177
CCCCTGCATACTCACATGTG_003,137
CCCCTGCATACTCACATGTG_004,113
CCCCTGCATACTCACATGTG_005,47
CCCCTGCATACTCACATGTG_006,38
CCCCTGCATACTCACATGTG_007,148
CCCCTGCATACTCACATGTG_008,69
CCCCTGCATACTCACATGTG_009,136
CCCCTGCATACTCACATGTG_010,113
CCCCTGCATACTCACATGTG_011,95
GAGCAAGTGACAAATGTTGG_001,68
GAGCAAGTGACAAATGTTGG_002,47
AAGTTGCGAATGGATCCCAA_001,25
AAGTTGCGAATGGATCCCAA_002,5
AAGTTGCGAATGGATCCCAA_003,49
AAGTTGCGAATGGATCCCAA_004,98
AAGTTGCGAATGGATCCCAA_005,80
AAGTTGCGAATGGATCCCAA_006,45
AAGTTGCGAATGGATCCCAA_007,177
AAGTTGCGAATGGATCCCAA_008,3
AAGTTGCGAATGGATCCCAA_009,180
TCGAACAATATGGCAACCAA_001,103
TCGAACAATATGGCAACCAA_002,154
TCGAACAATATGGCAACCAA_003,59
TCGAACAATATGGCAACCAA_004,137
TCGAACAATATGGCAACCAA_005,153
TCGAACAATATGGCAACCAA_006,40
TCGAACAATATGGCAACCAA_007,184
TCGAACAATATGGCAACCAA_008,140
TCGAACAATATGGCAACCAA_009,11
GCCAGAGATACAACCACAAG_001,170
GCCAGAGATACAACCACAAG_002,158
GCCAGAGATACAACCACAAG_003,189
GCAACTCGTGCACGTCCACG_001,70
GCAACTCGTGCACGTCCACG_002,163
GCAACTCGTGCACGTCCACG_003,181
GCAACTCGTGCACGTCCACG_004,23
GCAACTCGTGCACGTCCACG_005,15
GCAACTCGTGCACGTCCACG_006,50
GCAACTCGTGCACGTCCACG_007,50
GCAACTCGTGCACGTCCACG_008,37
AGGTGACAAGATACATACAC_001,25
AGGTGACAAGATACATACAC_002,127
GCGGCTGAGCCAAATTGGGG_001,93
GCGGCTGAGCCAAATTGGGG_002,9
GCGGCTGAGCCAAATTGGGG_003,66
GCGGCTGAGCCAAATTGGGG_004,32
GCGGCTGAGCCAAATTGGGG_005,32
GCGGCTGAGCCAAATTGGGG_006,66
GCGGCTGAGCCAAATTGGGG_007,0
GCGGCTGAGCCAAATTGGGG_008,178
GCGGCTGAGCCAAATTGGGG_009,27
GCGGCTGAGCCAAATTGGGG_010,145
GCGGCTGAGCCAAATTGGGG_011,95
GCGGCTGAGCCAAATTGGGG_012,61
GCGGCTGAGCCAAATTGGGG_013,197
GCGGCTGAGCCAAATTGGGG_014,159
GCGGCTGAGCCAAATTGGGG_015,180
GCGGCTGAGCCAAATTGGGG_016,139
GTGTAACTGAGAGGCGCTGT_001,2
GTGTAACTGAGAGGCGCTGT_002,16
GTGTAACTGAGAGGCGCTGT_003,56
TTGAACTTTATGGAATACAT_001,187
TTGAACTTTATGGAATACAT_002,37
TTGAACTTTATGGAATACAT_003,60
GCAGCTCGGTGAACACAGTG_001,34
GCAGCTCGGTGAACACAGTG_002,194
GCAGCTCGGTGAACACAGTG_003,40
GCAGCTCGGTGAACACAGTG_004,150
GCAGCTCGGTGAACACAGTG_005,52
GAGGGCAGCCCTTCGAACCA_001,58
GAGGGCAGCCCTTCGAACCA_002,68
GAGGGCAGCCCTTCGAACCA_003,83
GAGGGCAGCCCTTCGAACCA_004,170
GAGGGCAGCCCTTCGAACCA_005,62
GAGGGCAGCCCTTCGAACCA_006,79
GAGGGCAGCCCTTCGAACCA_007,21
GAGGGCAGCCCTTCGAACCA_008,109
GAGGGCAGCCCTTCGAACCA_009,109
GAGGGCAGCCCTTCGAACCA_010,103
GAGGGCAGCCCTTCGAACCA_011,121
GAGGGCAGCCCTTCGAACCA_012,65
GAGGGCAGCCCTTCGAACCA_013,170
GAGGGCAGCCCTTCGAACCA_014,198
GAGGGCAGCCCTTCGAACCA_015,133
GAGGGCAGCCCTTCGAACCA_016,148
GAGGGCAGCCCTTCGAACCA_017,50
GAGGGCAGCCCTTCGAACCA_018,5
GAGGGCAGCCCTTCGAACCA_019,170
GAGGGCAGCCCTTCGAACCA_020,169
GAGGGCAGCCCTTCGAACCA_021,15
GAGGGCAGCCCTTCGAACCA_022,96
GAGGGCAGCCCTTCGAACCA_023,56
GAGGGCAGCCCTTCGAACCA_024,120
GAGGGCAGCCCTTCGAACCA_025,45
GAGGGCAGCCCTTCGAACCA_026,66
GAGGGCAGCCCTTCGAACCA_027,0
GAGGGCAGCCCTTCGAACCA_028,63
GAGGGCAGCCCTTCGAACCA_029,88
GATGAGGACGTGATGCACAG_001,68
GATGAGGACGTGATGCACAG_002,119
GATGAGGACGTGATGCACAG_003,197
GATGAGGACGTGATGCACAG_004,62
GATGAGGACGTGATGCACAG_005,184
GATGAGGACGTGATGCACAG_006,94
GATGAGGACGTGATGCACAG_007,15
GATGAGGACGTGATGCACAG_008,184
GATGAGGACGTGATGCACAG_009,181
GATGAGGACGTGATGCACAG_010,63
GATGAGGACGTGATGCACAG_011,148
GATGAGGACGTGATGCACAG_012,150
GATGAGGACGTGATGCACAG_013,158
GATGAGGACGTGATGCACAG_014,29
GATGAGGACGTGATGCACAG_015,60
GATGAGGACGTGATGCACAG_016,68
GATGAGGACGTGATGCACAG_017,158
GATGAGGACGTGATGCACAG_018,40
GATGAGGACGTGATGCACAG_019,176
GATGAGGACGTGATGCACAG_020,100
GATGAGGACGTGATGCACAG_021,23
GATGAGGACGTGATGCACAG_022,43
GATGAGGACGTGATGCACAG_023,172
GATGAGGACGTGATGCACAG_024,106
GATGAGGACGTGATGCACAG_025,19
GATGAGGACGTGATGCACAG_026,63
GATGAGGACGTGATGCACAG_027,36
ATAGCCCATATCCGGTCGTA_001,41
ATAGCCCATATCCGGTCGTA_002,56
CAGCACATCGCCGACCAGGT_001,174
CAGCACATCGCCGACCAGGT_002,105
CAGCACATCGCCGACCAGGT_003,121
CAGCACATCGCCGACCAGGT_004,23
CAGCACATCGCCGACCAGGT_005,168
CAGCACATCGCCGACCAGGT_006,22
CAGCACATCGCCGACCAGGT_007,116
GTATAAAAACATGGTTTGAG_001,159
GTATAAAAACATGGTTTGAG_002,85
GTATAAAAACATGGTTTGAG_003,172
TTGAGTACCATCGATCCTAG_001,162
TTGAGTACCATCGATCCTAG_002,63
TTGAGTACCATCGATCCTAG_003,191
TTGAGTACCATCGATCCTAG_004,83
TTGAGTACCATCGATCCTAG_005,103
TTGAGTACCATCGATCCTAG_006,103
AGTGATTCGCGAATGGAAGT_001,175
AGTGATTCGCGAATGGAAGT_002,77
AGTGATTCGCGAATGGAAGT_003,158
AGTGATTCGCGAATGGAAGT_004,12
AGTGATTCGCGAATGGAAGT_005,64
AGTGATTCGCGAATGGAAGT_006,106
AGTGATTCGCGAATGGAAGT_007,62
AGTGATTCGCGAATGGAAGT_008,81
AGTGATTCGCGAATGGAAGT_009,91
AGTGATTCGCGAATGGAAGT_010,61
AAGTGTCCAATATAAAAAGA_001,64
AAGTGTCCAATATAAAAAGA_002,19
AAGAGGGAAACTCAATGTCG_001,173
AAGAGGGAAACTCAATGTCG_002,117
AAGAGGGAAACTCAATGTCG_003,148
AAGAGGGAAACTCAATGTCG_004,43
TTTGTAGGCCCAATCAGGGA_001,88
TTTGTAGGCCCAATCAGGGA_002,130
TTTGTAGGCCCAATCAGGGA_003,72
TTTGTAGGCCCAATCAGGGA_004,129
TTTGTAGGCCCAATCAGGGA_005,69
TTTGTAGGCCCAATCAGGGA_006,60
TTTGTAGGCCCAATCAGGGA_007,184
TTTGTAGGCCCAATCAGGGA_008,162
TTTGTAGGCCCAATCAGGGA_009,160
TTTGTAGGCCCAATCAGGGA_010,78
CAGTCATGATGGGCTTTCCG_001,163
CAGTCATGATGGGCTTTCCG_002,65
CAGTCATGATGGGCTTTCCG_003,157
CAGTCATGATGGGCTTTCCG_004,145
CAGTCATGATGGGCTTTCCG_005,146
CAGTCATGATGGGCTTTCCG_006,149
CAGTCATGATGGGCTTTCCG_007,155
CAGTCATGATGGGCTTTCCG_008,75
CAGTCATGATGGGCTTTCCG_009,30
CAGTCATGATGGGCTTTCCG_010,56
CAGTCATGATGGGCTTTCCG_011,81
CAGTCATGATGGGCTTTCCG_012,169
CAGTCATGATGGGCTTTCCG_013,157
CAGTCATGATGGGCTTTCCG_014,122
CAGTCATGATGGGCTTTCCG_015,137
CAGTCATGATGGGCTTTCCG_016,155
CAGTCATGATGGGCTTTCCG_017,13
GCAGCTCGGGAGCGCTTCTG_001,144
GCAGCTCGGGAGCGCTTCTG_002,78
GCAGCTCGGGAGCGCTTCTG_003,144
GCAGCTCGGGAGCGCTTCTG_004,198
GCAGCTCGGGAGCGCTTCTG_005,31
GCAGCTCGGGAGCGCTTCTG_006,105
GCAGCTCGGGAGCGCTTCTG_007,50
GCAGCTCGGGAGCGCTTCTG_008,31
GCAGCTCGGGAGCGCTTCTG_009,78
GCAGCTCGGGAGCGCTTCTG_010,48
GCAGCTCGGGAGCGCTTCTG_011,16
GCAGCTCGGGAGCGCTTCTG_012,38
GCAGCTCGGGAGCGCTTCTG_013,177
GCAGCTCGGGAGCGCTTCTG_014,2
GCAGCTCGGGAGCGCTTCTG_015,41
GCAGCTCGGGAGCGCTTCTG_016,63
GCAGCTCGGGAGCGCTTCTG_017,92
GCAGCTCGGGAGCGCTTCTG_018,135
GCAGCTCGGGAGCGCTTCTG_019,36
GCAGCTCGGGAGCGCTTCTG_020,158
GCAGCTCGGGAGCGCTTCTG_021,98
GCAGCTCGGGAGCGCTTCTG_022,124
GCAGCTCGGGAGCGCTTCTG_023,89
GCAGCTCGGGAGCGCTTCTG_024,81
GCAGCTCGGGAGCGCTTCTG_025,98
GCAGCTCGGGAGCGCTTCTG_026,68
GCAGCTCGGGAGCGCTTCTG_027,149
GCAGCTCGGGAGCGCTTCTG_028,77
GCAGCTCGGGAGCGCTTCTG_029,127
GCAGCTCGGGAGCGCTTCTG_030,105
GCAGCTCGGGAGCGCTTCTG_031,134
GCAGCTCGGGAGCGCTTCTG_032,81
GCAGCTCGGGAGCGCTTCTG_033,174
GCAGCTCGGGAGCGCTTCTG_034,151
GCAGCTCGGGAGCGCTTCTG_035,61
GCAGCTCGGGAGCGCTTCTG_036,149
GCAGCTCGGGAGCGCTTCTG_037,7
GCAGCTCGGGAGCGCTTCTG_038,174
GCAGCTCGGGAGCGCTTCTG_039,113
GCAGCTCGGGAGCGCTTCTG_040,198
GCAGCTCGGGAGCGCTTCTG_041,117
GCAGCTCGGGAGCGCTTCTG_042,70
GCAGCTCGGGAGCGCTTCTG_043,126
GCAGCTCGGGAGCGCTTCTG_044,23
GAACCCCGAAATTAGCACCT_001,126
GAACCCCGAAATTAGCACCT_002,48
GAACCCCGAAATTAGCACCT_003,145
GAACCCCGAAATTAGCACCT_004,9
GAACCCCGAAATTAGCACCT_005,3
GAACCCCGAAATTAGCACCT_006,3
TGTAGGTACTACTAGTTCAG_001,19
TGTAGGTACTACTAGTTCAG_002,22
AAAAGCACGGAAACTTCTAG_001,10
TCACCTATAGCCTATGAGAG_001,134
TCACCTATAGCCTATGAGAG_002,45
CACCAGCATTATAAGCAGTG_001,36
CACCAGCATTATAAGCAGTG_002,32
CACCAGCATTATAAGCAGTG_003,19
CACCAGCATTATAAGCAGTG_004,28
CACCAGCATTATAAGCAGTG_005,30
CACCAGCATTATAAGCAGTG_006,114
CACCAGCATTATAAGCAGTG_007,34
CACCAGCATTATAAGCAGTG_008,124
CACCAGCATTATAAGCAGTG_009,13
CACCAGCATTATAAGCAGTG_010,30
CACCAGCATTATAAGCAGTG_011,29
CACCAGCATTATAAGCAGTG_012,145
CACCAGCATTATAAGCAGTG_013,163
CACCAGCATTATAAGCAGTG_014,14
CACCAGCATTATAAGCAGTG_015,112
CACCAGCATTATAAGCAGTG_016,106
CACCAGCATTATAAGCAGTG_017,142
ACCCGCCAGTAGCTAACACC_001,159
ACCCGCCAGTAGCTAACACC_002,191
ACCCGCCAGTAGCTAACACC_003,116
ACCCGCCAGTAGCTAACACC_004,81
ACCCGCCAGTAGCTAACACC_005,152
ACCCGCCAGTAGCTAACACC_006,83
ACCCGCCAGTAGCTAACACC_007,91
ACCCGCCAGTAGCTAACACC_008,57
ACCCGCCAGTAGCTAACACC_009,104
ACCCGCCAGTAGCTAACACC_010,172
ACCCGCCAGTAGCTAACACC_011,28
ACCCGCCAGTAGCTAACACC_012,138
ACCCGCCAGTAGCTAACACC_013,142
ACCCGCCAGTAGCTAACACC_014,9
ACCCGCCAGTAGCTAACACC_015,175
ACCCGCCAGTAGCTAACACC_016,149
ATCCACGCCCTGACCGCCCA_001,121
ATCCACGCCCTGACCGCCCA_002,15
ATCCACGCCCTGACCGCCCA_003,106
ATCCACGCCCTGACCGCCCA_004,101
ATCCACGCCCTGACCGCCCA_005,22
ATCCACGCCCTGACCGCCCA_006,40
ATCCACGCCCTGACCGCCCA_007,188
ATCCACGCCCTGACCGCCCA_008,76
ATCCACGCCCTGACCGCCCA_009,66
ATCCACGCCCTGACCGCCCA_010,142
ACTAGACACTTATCTTGGCA_001,53
ACTAGACACTTATCTTGGCA_002,69
CAGAGTCATCCAAAATAAGG_001,82
CAGAGTCATCCAAAATAAGG_002,139
CAGAGTCATCCAAAATAAGG_003,156
CCATCAACACTGCCTACGAG_001,136
CCATCAACACTGCCTACGAG_002,127
CCATCAACACTGCCTACGAG_003,70
CCATCAACACTGCCTACGAG_004,182
CCATCAACACTGCCTACGAG_005,82
CCATCAACACTGCCTACGAG_006,119
CCATCAACACTGCCTACGAG_007,44
CCATCAACACTGCCTACGAG_008,52
CCATCAACACTGCCTACGAG_009,137
CCATCAACACTGCCTACGAG_010,47
CCATCAACACTGCCTACGAG_011,139
CCATCAACACTGCCTACGAG_012,113
CCATCAACACTGCCTACGAG_013,125
CCATCAACACTGCCTACGAG_014,50
CCATCAACACTGCCTACGAG_015,26
CCATCAACACTGCCTACGAG_016,69
CCATCAACACTGCCTACGAG_017,150
CCATCAACACTGCCTACGAG_018,199
CCATCAACACTGCCTACGAG_019,108
CCATCAACACTGCCTACGAG_020,191
CCATCAACACTGCCTACGAG_021,33
CCATCAACACTGCCTACGAG_022,42
GTGTCCGGCTTATACTCTTG_001,38
TGAGTGGAGTACCACACTCA_001,86
TGAGTGGAGTACCACACTCA_002,1
TGAGTGGAGTACCACACTCA_003,124
TGAGTGGAGTACCACACTCA_004,26
TGAGTGGAGTACCACACTCA_005,26
TGAGTGGAGTACCACACTCA_006,28
TGAGTGGAGTACCACACTCA_007,148
TGAGTGGAGTACCACACTCA_008,47
TGAGTGGAGTACCACACTCA_009,23
TGAGTGGAGTACCACACTCA_010,24
TGAGTGGAGTACCACACTCA_011,69
AACTACCTATGACAGTGCCG_001,184
AACTACCTATGACAGTGCCG_002,65
AACTACCTATGACAGTGCCG_003,131
AACTACCTATGACAGTGCCG_004,80
AACTACCTATGACAGTGCCG_005,188
AACTTCTTAATAGGACGACC_001,9
AACTTCTTAATAGGACGACC_002,125
GAGCCTGCAGTAGCACAGGA_001,119
GAGCCTGCAGTAGCACAGGA_002,2
GAGCCTGCAGTAGCACAGGA_003,70
GAGCCTGCAGTAGCACAGGA_004,77
GAGCCTGCAGTAGCACAGGA_005,0
GAGCCTGCAGTAGCACAGGA_006,76
GAGCCTGCAGTAGCACAGGA_007,41
GAGCCTGCAGTAGCACAGGA_008,15
GAGCCTGCAGTAGCACAGGA_009,15
GAGCCTGCAGTAGCACAGGA_010,91
GAGCCTGCAGTAGCACAGGA_011,14
GAGCCTGCAGTAGCACAGGA_012,137
TGGGACACCACACAAGTCAG_001,15
TGGGACACCACACAAGTCAG_002,90
TGGGACACCACACAAGTCAG_003,50
TGGGACACCACACAAGTCAG_004,15
TGGGACACCACACAAGTCAG_005,50
TGGGACACCACACAAGTCAG_006,105
TGGGACACCACACAAGTCAG_007,159
TGGGACACCACACAAGTCAG_008,107
TGGGACACCACACAAGTCAG_009,190
TGGGACACCACACAAGTCAG_010,87
TGGGACACCACACAAGTCAG_011,61
TGGGACACCACACAAGTCAG_012,43
TGGGACACCACACAAGTCAG_013,158
TGGGACACCACACAAGTCAG_014,46
TGGGACACCACACAAGTCAG_015,138
ACTTACCAAGGGATACACCG_001,28
ACTTACCAAGGGATACACCG_002,92
ACTTACCAAGGGATACACCG_003,170
ACTTACCAAGGGATACACCG_004,6
ACTTACCAAGGGATACACCG_005,170
ACTTACCAAGGGATACACCG_006,158
ACTTACCAAGGGATACACCG_007,117
ACTTACCAAGGGATACACCG_008,169
ACTTACCAAGGGATACACCG_009,185
ACTTACCAAGGGATACACCG_010,50
ACTTACCAAGGGATACACCG_011,58
ACTTACCAAGGGATACACCG_012,144
ACTTACCAAGGGATACACCG_013,94
ACTTACCAAGGGATACACCG_014,57
ACTTACCAAGGGATACACCG_015,56
ACTTACCAAGGGATACACCG_016,74
ACTTACCAAGGGATACACCG_017,15
ACTTACCAAGGGATACACCG_018,9
ACTTACCAAGGGATACACCG_019,60
ACTTACCAAGGGATACACCG_020,164
ACTTACCAAGGGATACACCG_021,62
ACTTACCAAGGGATACACCG_022,63
ACTTACCAAGGGATACACCG_023,19
ACTTACCAAGGGATACACCG_024,63
ATGTGCCTGGTGCTCCAAAG_001,166
ATGTGCCTGGTGCTCCAAAG_002,77
ATGTGCCTGGTGCTCCAAAG_003,94
ATGTGCCTGGTGCTCCAAAG_004,147
ATGTGCCTGGTGCTCCAAAG_005,37
ATGTGCCTGGTGCTCCAAAG_006,37
ATGTGCCTGGTGCTCCAAAG_007,168
ATGTGCCTGGTGCTCCAAAG_008,8
ATGTGCCTGGTGCTCCAAAG_009,57
ATGTGCCTGGTGCTCCAAAG_010,1
ATGTGCCTGGTGCTCCAAAG_011,195
ATGTGCCTGGTGCTCCAAAG_012,9
ATGTGCCTGGTGCTCCAAAG_013,5
ATGTGCCTGGTGCTCCAAAG_014,13
ATGTGCCTGGTGCTCCAAAG_015,43
ATGTGCCTGGTGCTCCAAAG_016,9
ATGTGCCTGGTGCTCCAAAG_017,19
ATGTGCCTGGTGCTCCAAAG_018,166
ATGTGCCTGGTGCTCCAAAG_019,148
ATGTGCCTGGTGCTCCAAAG_020,64
ATGTGCCTGGTGCTCCAAAG_021,94
ATGTGCCTGGTGCTCCAAAG_022,27
ATGTGCCTGGTGCTCCAAAG_023,113
ATGTGCCTGGTGCTCCAAAG_024,133
ATGTGCCTGGTGCTCCAAAG_025,9
GCACACGGACACGATATGGA_001,149
GCACACGGACACGATATGGA_002,82
GCACACGGACACGATATGGA_003,127
AACGTGTATCACTTCAAGAA_001,169
GTTCAACCCACCTTCCAACT_001,41
GTTCAACCCACCTTCCAACT_002,48
GTTCAACCCACCTTCCAACT_003,159
GTTCAACCCACCTTCCAACT_004,130
GTTCAACCCACCTTCCAACT_005,166
GTTCAACCCACCTTCCAACT_006,26
GTTCAACCCACCTTCCAACT_007,189
GTTCAACCCACCTTCCAACT_008,65
GTTCAACCCACCTTCCAACT_009,44
GTTCAACCCACCTTCCAACT_010,16
GTTCAACCCACCTTCCAACT_011,29
GTTCAACCCACCTTCCAACT_012,91
GTTCAACCCACCTTCCAACT_013,28
GTTCAACCCACCTTCCAACT_014,166
GTTCAACCCACCTTCCAACT_015,124
GTTCAACCCACCTTCCAACT_016,137
GTTCAACCCACCTTCCAACT_017,188
GTTCAACCCACCTTCCAACT_018,34
GTTCAACCCACCTTCCAACT_019,111
GTTCAACCCACCTTCCAACT_020,37
GTTCAACCCACCTTCCAACT_021,131
CAGGAAGATCTCAATCCATG_001,53
CAGGAAGATCTCAATCCATG_002,33
CAGGAAGATCTCAATCCATG_003,55
CAGGAAGATCTCAATCCATG_004,185
CAGGAAGATCTCAATCCATG_005,64
CAGGAAGATCTCAATCCATG_006,36
CAGGAAGATCTCAATCCATG_007,6
CGTACCTGGCGCTTGCTCCC_001,178
CGTACCTGGCGCTTGCTCCC_002,161
CTCCAGCGATGTAATCGAAA_001,138
CCTGAAGCTATCGTGCCACG_001,163
CGACTACGTGCAGGTATACG_001,60
GTACCTGCCTACAACACACA_001,104
GTACCTGCCTACAACACACA_002,107
GTACCTGCCTACAACACACA_003,15
GTACCTGCCTACAACACACA_004,33
GTACCTGCCTACAACACACA_005,9
GTACCTGCCTACAACACACA_006,96
GTACCTGCCTACAACACACA_007,34
GTACCTGCCTACAACACACA_008,199
GTACCTGCCTACAACACACA_009,79
CAGCTCTAGAGGATGTGGCA_001,11
CAGCTCTAGAGGATGTGGCA_002,23
CAGCTCTAGAGGATGTGGCA_003,3
CAGCTCTAGAGGATGTGGCA_004,199
CAGCTCTAGAGGATGTGGCA_005,55
CAGCTCTAGAGGATGTGGCA_006,159
CAGCTCTAGAGGATGTGGCA_007,174
CAGCTCTAGAGGATGTGGCA_008,54
CAGCTCTAGAGGATGTGGCA_009,117
CAGCTCTAGAGGATGTGGCA_010,68
CAGCTCTAGAGGATGTGGCA_011,22
CAGCTCTAGAGGATGTGGCA_012,6
CAGCTCTAGAGGATGTGGCA_013,141
CCAGCTCGCCTCACTCCCTC_001,151
CCAGCTCGCCTCACTCCCTC_002,15
CCAGCTCGCCTCACTCCCTC_003,121
CCAGCTCGCCTCACTCCCTC_004,148
CCAGCTCGCCTCACTCCCTC_005,155
CCAGCTCGCCTCACTCCCTC_006,18
CCAGCTCGCCTCACTCCCTC_007,51
CCAGCTCGCCTCACTCCCTC_008,175
CCAGCTCGCCTCACTCCCTC_009,10
AAGAGAAACTGAGCAGTGCT_001,70
AAGAGAAACTGAGCAGTGCT_002,50
AAGAGAAACTGAGCAGTGCT_003,113
AAGAGAAACTGAGCAGTGCT_004,85
AAGAGAAACTGAGCAGTGCT_005,30
AAGAGAAACTGAGCAGTGCT_006,184
AAGAGAAACTGAGCAGTGCT_007,192
AAGAGAAACTGAGCAGTGCT_008,155
AAGAGAAACTGAGCAGTGCT_009,29
AAGAGAAACTGAGCAGTGCT_010,19
AAGAGAAACTGAGCAGTGCT_011,198
AAGAGAAACTGAGCAGTGCT_012,17
AAGAGAAACTGAGCAGTGCT_013,9
AAGAGAAACTGAGCAGTGCT_014,1
AAGAGAAACTGAGCAGTGCT_015,14
AAGAGAAACTGAGCAGTGCT_016,60
AAGAGAAACTGAGCAGTGCT_017,178
AAGAGAAACTGAGCAGTGCT_018,91
AAGAGAAACTGAGCAGTGCT_019,144
AAGAGAAACTGAGCAGTGCT_020,104
AAGAGAAACTGAGCAGTGCT_021,37
AAGAGAAACTGAGCAGTGCT_022,142
AAGAGAAACTGAGCAGTGCT_023,123
AAGAGAAACTGAGCAGTGCT_024,27
AAGAGAAACTGAGCAGTGCT_025,170
AAGAGAAACTGAGCAGTGCT_026,76
AAGAGAAACTGAGCAGTGCT_027,13
AAGAGAAACTGAGCAGTGCT_028,159
CTAAACCGTCTGTACGCAGG_001,109
CTAAACCGTCTGTACGCAGG_002,98
CTAAACCGTCTGTACGCAGG_003,26
CTAAACCGTCTGTACGCAGG_004,26
CTCATCTTGTACCAGTACGC_001,169
CTCATCTTGTACCAGTACGC_002,16
CTCATCTTGTACCAGTACGC_003,103
CTCATCTTGTACCAGTACGC_004,81
CTCATCTTGTACCAGTACGC_005,166
CTCATCTTGTACCAGTACGC_006,129
CTCATCTTGTACCAGTACGC_007,115
CTCATCTTGTACCAGTACGC_008,175
CTCATCTTGTACCAGTACGC_009,57
CTGCGAACACGAATGTGTGG_001,165
CTGCGAACACGAATGTGTGG_002,174
CTGCGAACACGAATGTGTGG_003,169
CTGCGAACACGAATGTGTGG_004,191
GACCTCATGAGGGCTGACAT_001,1
GACCTCATGAGGGCTGACAT_002,76
GACCTCATGAGGGCTGACAT_003,122
GACCTCATGAGGGCTGACAT_004,150
GACCTCATGAGGGCTGACAT_005,192
GACCTCATGAGGGCTGACAT_006,30
GACCTCATGAGGGCTGACAT_007,184
GACCTCATGAGGGCTGACAT_008,160
GACCTCATGAGGGCTGACAT_009,57
GACCTCATGAGGGCTGACAT_010,28
GACCTCATGAGGGCTGACAT_011,53
GACCTCATGAGGGCTGACAT_012,73
GACCTCATGAGGGCTGACAT_013,187
GACCTCATGAGGGCTGACAT_014,12
GACCTCATGAGGGCTGACAT_015,51
GACCTCATGAGGGCTGACAT_016,116
GACCTCATGAGGGCTGACAT_017,5
GACCTCATGAGGGCTGACAT_018,175
GACCTCATGAGGGCTGACAT_019,150
GACCTCATGAGGGCTGACAT_020,162
GACCTCATGAGGGCTGACAT_021,165
GACCTCATGAGGGCTGACAT_022,156
GACCTCATGAGGGCTGACAT_023,182
GACCTCATGAGGGCTGACAT_024,43
GACCTCATGAGGGCTGACAT_025,103
GACCTCATGAGGGCTGACAT_026,24
GACCTCATGAGGGCTGACAT_027,127
GACCTCATGAGGGCTGACAT_028,67
GACCTCATGAGGGCTGACAT_029,144
GACCTCATGAGGGCTGACAT_030,24
GACCTCATGAGGGCTGACAT_031,163
GACCTCATGAGGGCTGACAT_032,28
GACCTCATGAGGGCTGACAT_033,46
GACCTCATGAGGGCTGACAT_034,83
GACCTCATGAGGGCTGACAT_035,90
GACCTCATGAGGGCTGACAT_036,191
GACCTCATGAGGGCTGACAT_037,2
GACCTCATGAGGGCTGACAT_038,105
GACCTCATGAGGGCTGACAT_039,104
GTGTCAGCCAACAACAACAG_001,88
GTGTCAGCCAACAACAACAG_002,12
GTGTCAGCCAACAACAACAG_003,158
GTGTCAGCCAACAACAACAG_004,40
GTGTCAGCCAACAACAACAG_005,35
GTGTCAGCCAACAACAACAG_006,68
GTGTCAGCCAACAACAACAG_007,136
GTGTCAGCCAACAACAACAG_008,153
TAGCTACATGTATCAGACAG_001,125
GTATATGAAGCTAAACTATG_001,33
GTATATGAAGCTAAACTATG_002,114
GTATATGAAGCTAAACTATG_003,114
GTATATGAAGCTAAACTATG_004,61
GTATATGAAGCTAAACTATG_005,94
GTATATGAAGCTAAACTATG_006,174
GTTCCGGCTCATTGTCATCG_001,134
GTTCCGGCTCATTGTCATCG_002,169
GTTCCGGCTCATTGTCATCG_003,10
ATCATGACCAACCAGCTCTG_001,127
ATCATGACCAACCAGCTCTG_002,2
ATCATGACCAACCAGCTCTG_003,29
ATCATGACCAACCAGCTCTG_004,101
ATCATGACCAACCAGCTCTG_005,184
ATCATGACCAACCAGCTCTG_006,158
ATCATGACCAACCAGCTCTG_007,54
ATCATGACCAACCAGCTCTG_008,156
ATCATGACCAACCAGCTCTG_009,157
ATCATGACCAACCAGCTCTG_010,192
ATCATGACCAACCAGCTCTG_011,137
ATCATGACCAACCAGCTCTG_012,172
ATCATGACCAACCAGCTCTG_013,45
ATCATGACCAACCAGCTCTG_014,8
ATCATGACCAACCAGCTCTG_015,159
ATCATGACCAACCAGCTCTG_016,81
ATCATGACCAACCAGCTCTG_017,181
ATCATGACCAACCAGCTCTG_018,102
ATCATGACCAACCAGCTCTG_019,153
TGAAAGGAGTGCTTATAGAA_001,137
TGAAAGGAGTGCTTATAGAA_002,24
TGAAAGGAGTGCTTATAGAA_003,148
TGAAAGGAGTGCTTATAGAA_004,10
AGGACGTCATCCTAGGCACT_001,146
AGGACGTCATCCTAGGCACT_002,41
AGGACGTCATCCTAGGCACT_003,41
AGGACGTCATCCTAGGCACT_004,19
AGGACGTCATCCTAGGCACT_005,127
AGGACGTCATCCTAGGCACT_006,69
AGGACGTCATCCTAGGCACT_007,44
AGGACGTCATCCTAGGCACT_008,109
AGGACGTCATCCTAGGCACT_009,176
AGGACGTCATCCTAGGCACT_010,105
AGGACGTCATCCTAGGCACT_011,19
AGGACGTCATCCTAGGCACT_012,180
AGTCATCCCGAAACGTCCCG_001,187
AGTCATCCCGAAACGTCCCG_002,115
AGTCATCCCGAAACGTCCCG_003,70
AGTCATCCCGAAACGTCCCG_004,35
AGTCATCCCGAAACGTCCCG_005,23
AGTCATCCCGAAACGTCCCG_006,1
AGTCATCCCGAAACGTCCCG_007,147
AGTCATCCCGAAACGTCCCG_008,81
AGTCATCCCGAAACGTCCCG_009,16
AGTCATCCCGAAACGTCCCG_010,144
AGTCATCCCGAAACGTCCCG_011,127
AGTCATCCCGAAACGTCCCG_012,193
AGTCATCCCGAAACGTCCCG_013,15
AGTCATCCCGAAACGTCCCG_014,13
AGTCATCCCGAAACGTCCCG_015,46
AGTCATCCCGAAACGTCCCG_016,191
AGTCATCCCGAAACGTCCCG_017,152
CAGCCTTAGACAGATCAAGG_001,195
CAGCCTTAGACAGATCAAGG_002,165
CAGCCTTAGACAGATCAAGG_003,128
CAGCCTTAGACAGATCAAGG_004,57
GAATGAGACTCACTCTAGCA_001,13
GAATGAGACTCACTCTAGCA_002,75
GGTGCACTACGTCCGCATGG_001,11
GGTGCACTACGTCCGCATGG_002,14
TTACCTGGTAAAAAGCAACA_001,102
TTACCTGGTAAAAAGCAACA_002,139
TTACCTGGTAAAAAGCAACA_003,42
TTACCTGGTAAAAAGCAACA_004,117
TTACCTGGTAAAAAGCAACA_005,41
GAAGTTTACTCCCAGTCCCG_001,41
GAAGTTTACTCCCAGTCCCG_002,25
GAAGTTTACTCCCAGTCCCG_003,16
GAAGTTTACTCCCAGTCCCG_004,123
GAAGTTTACTCCCAGTCCCG_005,125
CACCGTTGACAGGATGACAA_001,42
CACCGTTGACAGGATGACAA_002,40
CACCGTTGACAGGATGACAA_003,152
CACCGTTGACAGGATGACAA_004,28
CACCGTTGACAGGATGACAA_005,91
CACCGTTGACAGGATGACAA_006,92
CACCGTTGACAGGATGACAA_007,5
CACCGTTGACAGGATGACAA_008,82
CACCGTTGACAGGATGACAA_009,145
CACCGTTGACAGGATGACAA_010,194
CACCGTTGACAGGATGACAA_011,135
CACCGTTGACAGGATGACAA_012,61
CACCGTTGACAGGATGACAA_013,31
CACCGTTGACAGGATGACAA_014,53
CACCGTTGACAGGATGACAA_015,12
CACCGTTGACAGGATGACAA_016,65
CACCGTTGACAGGATGACAA_017,30
CACCGTTGACAGGATGACAA_018,194
CACCGTTGACAGGATGACAA_019,159
CACCGTTGACAGGATGACAA_020,153
CACCGTTGACAGGATGACAA_021,10
CACCGTTGACAGGATGACAA_022,17
CACCGTTGACAGGATGACAA_023,144
CACCGTTGACAGGATGACAA_024,157
CACCGTTGACAGGATGACAA_025,62
GACTCTCGTACGGACGGGCT_001,96
GACTCTCGTACGGACGGGCT_002,182
GACTCTCGTACGGACGGGCT_003,29
GACTCTCGTACGGACGGGCT_004,12
GACTCTCGTACGGACGGGCT_005,19
GACTCTCGTACGGACGGGCT_006,49
GACTCTCGTACGGACGGGCT_007,132
GACTCTCGTACGGACGGGCT_008,91
GACTCTCGTACGGACGGGCT_009,160
GACTCTCGTACGGACGGGCT_010,164
GACTCTCGTACGGACGGGCT_011,164
GACTCTCGTACGGACGGGCT_012,58
GACTCTCGTACGGACGGGCT_013,108
GACTCTCGTACGGACGGGCT_014,162
GACTCTCGTACGGACGGGCT_015,40
GACTCTCGTACGGACGGGCT_016,188
GACTCTCGTACGGACGGGCT_017,116
GACTCTCGTACGGACGGGCT_018,17
GACTCTCGTACGGACGGGCT_019,67
GACTCTCGTACGGACGGGCT_020,29
GACTCTCGTACGGACGGGCT_021,60
GACTCTCGTACGGACGGGCT_022,168
GACTCTCGTACGGACGGGCT_023,78
GACTCTCGTACGGACGGGCT_024,74
GACTCTCGTACGGACGGGCT_025,144
GAAGTAGAGGCGCATCCAGG_001,182
GAAGTAGAGGCGCATCCAGG_002,55
GAAGTAGAGGCGCATCCAGG_003,81
GAAGTAGAGGCGCATCCAGG_004,170
GAAGTAGAGGCGCATCCAGG_005,106
GAAGTAGAGGCGCATCCAGG_006,48
GAAGTAGAGGCGCATCCAGG_007,17
GGCAACTAGCTACGAATCAG_001,96
GGCAACTAGCTACGAATCAG_002,197
GGCAACTAGCTACGAATCAG_003,9
GGCAACTAGCTACGAATCAG_004,60
GGCAACTAGCTACGAATCAG_005,132
GGCAACTAGCTACGAATCAG_006,58
GGTACTGCGCAAAGTCCGAC_001,133
GGTACTGCGCAAAGTCCGAC_002,105
GGTACTGCGCAAAGTCCGAC_003,199
GGTACTGCGCAAAGTCCGAC_004,115
AATGCTGGACCCAACACAAA_001,23
AATGCTGGACCCAACACAAA_002,113
TATGAAGGCGTCCATGTGTG_001,31
TATGAAGGCGTCCATGTGTG_002,17
TATGAAGGCGTCCATGTGTG_003,48
TATGAAGGCGTCCATGTGTG_004,68
TATGAAGGCGTCCATGTGTG_005,168
TATGAAGGCGTCCATGTGTG_006,105
TATGAAGGCGTCCATGTGTG_007,55
TATGAAGGCGTCCATGTGTG_008,80
AATGCCAGAGTTGCACACAA_001,168
AATGCCAGAGTTGCACACAA_002,48
AATGCCAGAGTTGCACACAA_003,130
AATGCCAGAGTTGCACACAA_004,56
TGTAGCTCCACCAGTCCTCG_001,180
TGTAGCTCCACCAGTCCTCG_002,120
TGTAGCTCCACCAGTCCTCG_003,149
TGTAGCTCCACCAGTCCTCG_004,188
TGTAGCTCCACCAGTCCTCG_005,170
TGTAGCTCCACCAGTCCTCG_006,80
TGTAGCTCCACCAGTCCTCG_007,94
TGTAGCTCCACCAGTCCTCG_008,18
TGTAGCTCCACCAGTCCTCG_009,151
TGTAGCTCCACCAGTCCTCG_010,29
TGTAGCTCCACCAGTCCTCG_011,191
TGTAGCTCCACCAGTCCTCG_012,162
TGTAGCTCCACCAGTCCTCG_013,165
TGTAGCTCCACCAGTCCTCG_014,147
TGTAGCTCCACCAGTCCTCG_015,2
TGTAGCTCCACCAGTCCTCG_016,150
TGTAGCTCCACCAGTCCTCG_017,146
TGTAGCTCCACCAGTCCTCG_018,7
TGTAGCTCCACCAGTCCTCG_019,115
TGTAGCTCCACCAGTCCTCG_020,48
TGTAGCTCCACCAGTCCTCG_021,96
TGTAGCTCCACCAGTCCTCG_022,86
TGTAGCTCCACCAGTCCTCG_023,110
TGTAGCTCCACCAGTCCTCG_024,117
TGTAGCTCCACCAGTCCTCG_025,185
TGTAGCTCCACCAGTCCTCG_026,104
TGTAGCTCCACCAGTCCTCG_027,144
TGTAGCTCCACCAGTCCTCG_028,177
TGTAGCTCCACCAGTCCTCG_029,21
TGTAGCTCCACCAGTCCTCG_030,116
TGTAGCTCCACCAGTCCTCG_031,191
TGTAGCTCCACCAGTCCTCG_032,94
TGTAGCTCCACCAGTCCTCG_033,103
TGTAGCTCCACCAGTCCTCG_034,197
CATGGATGATCACGACCAGG_001,86
CATGGATGATCACGACCAGG_002,6
CATGGATGATCACGACCAGG_003,78
TGCAACTGGAGTTTGCCCGG_001,29
TGCAACTGGAGTTTGCCCGG_002,115
TGCAACTGGAGTTTGCCCGG_003,0
TGCAACTGGAGTTTGCCCGG_004,148
TGCAACTGGAGTTTGCCCGG_005,127
TGCAACTGGAGTTTGCCCGG_006,2
TGCAACTGGAGTTTGCCCGG_007,137
TGCAACTGGAGTTTGCCCGG_008,172
TGCAACTGGAGTTTGCCCGG_009,0
TGCAACTGGAGTTTGCCCGG_010,15
TGCAACTGGAGTTTGCCCGG_011,41
TGCAACTGGAGTTTGCCCGG_012,41
TGCAACTGGAGTTTGCCCGG_013,121
TGCAACTGGAGTTTGCCCGG_014,147
TGCAACTGGAGTTTGCCCGG_015,63
TGCAACTGGAGTTTGCCCGG_016,179
AGCTTGTCCAGGACTATGCG_001,118
AGCTTGTCCAGGACTATGCG_002,33
AGCTTGTCCAGGACTATGCG_003,97
AGCTTGTCCAGGACTATGCG_004,155
AGCTTGTCCAGGACTATGCG_005,73
AGCTTGTCCAGGACTATGCG_006,117
AGCTTGTCCAGGACTATGCG_007,183
AGCTTGTCCAGGACTATGCG_008,58
AGCTTGTCCAGGACTATGCG_009,58
AGCTTGTCCAGGACTATGCG_010,77
GAGACAGCTAAACCCTGGTG_001,116
AGAAGACAGAGGAACCACTT_001,27
AGAAGACAGAGGAACCACTT_002,52
AGAAGACAGAGGAACCACTT_003,36
AAACCGAGAATAGTTTCCAG_001,119
AAACCGAGAATAGTTTCCAG_002,113
AAACCGAGAATAGTTTCCAG_003,197
AAACCGAGAATAGTTTCCAG_004,147
AAACCGAGAATAGTTTCCAG_005,88
CAGTCCTTCTGCGTTTGACT_001,199
TCAGTGCCGAGCCCTTAGCG_001,160
GCCTTCCAGAGGGCGAGTAG_001,116
GCCTTCCAGAGGGCGAGTAG_002,112
GCCTTCCAGAGGGCGAGTAG_003,98
GCCTTCCAGAGGGCGAGTAG_004,26
GCCTTCCAGAGGGCGAGTAG_005,144
GCCTTCCAGAGGGCGAGTAG_006,44
GCCTTCCAGAGGGCGAGTAG_007,20
GCCTTCCAGAGGGCGAGTAG_008,155
GCCTTCCAGAGGGCGAGTAG_009,101
GCCTTCCAGAGGGCGAGTAG_010,185
ATGAAGGGAGATGTCATGCG_001,192
CGGCCGCTGACCTGTACCCG_001,181
CGGCCGCTGACCTGTACCCG_002,194
CGGCCGCTGACCTGTACCCG_003,62
CGGCCGCTGACCTGTACCCG_004,147
CGGCCGCTGACCTGTACCCG_005,148
CGGCCGCTGACCTGTACCCG_006,87
CGGCCGCTGACCTGTACCCG_007,50
CGGCCGCTGACCTGTACCCG_008,105
CGGCCGCTGACCTGTACCCG_009,190
CGGCCGCTGACCTGTACCCG_010,140
GATCCGGCCGATTCCGCAGA_001,198
GATCCGGCCGATTCCGCAGA_002,105
GATCCGGCCGATTCCGCAGA_003,55
CCTGATGCCCAGTTACTGTG_001,87
CCTGATGCCCAGTTACTGTG_002,87
CCTGATGCCCAGTTACTGTG_003,106
CCTGATGCCCAGTTACTGTG_004,42
CCTGATGCCCAGTTACTGTG_005,117
CCTGATGCCCAGTTACTGTG_006,103
CCTGATGCCCAGTTACTGTG_007,49
CCTGATGCCCAGTTACTGTG_008,43
CCTGATGCCCAGTTACTGTG_009,60
CCTGATGCCCAGTTACTGTG_010,168
CCTGATGCCCAGTTACTGTG_011,189
CCTGATGCCCAGTTACTGTG_012,144
CCTGATGCCCAGTTACTGTG_013,130
CCTGATGCCCAGTTACTGTG_014,186
CCTGATGCCCAGTTACTGTG_015,62
CCTGATGCCCAGTTACTGTG_016,115
CCTGATGCCCAGTTACTGTG_017,150
CCTGATGCCCAGTTACTGTG_018,103
CCTGATGCCCAGTTACTGTG_019,58
CCTGATGCCCAGTTACTGTG_020,38
CCTGATGCCCAGTTACTGTG_021,188
CCTGATGCCCAGTTACTGTG_022,48
CCTGATGCCCAGTTACTGTG_023,78
CCTGATGCCCAGTTACTGTG_024,174
TGAATTTCGGAAGCAGCCAG_001,121
TGAATTTCGGAAGCAGCCAG_002,115
TGAATTTCGGAAGCAGCCAG_003,70
TGAATTTCGGAAGCAGCCAG_004,12
TGAATTTCGGAAGCAGCCAG_005,113
TGAATTTCGGAAGCAGCCAG_006,194
AGCAGCGGGATTCATGACAT_001,83
AGCAGCGGGATTCATGACAT_002,168
AGCAGCGGGATTCATGACAT_003,2
AGCAGCGGGATTCATGACAT_004,150
AGCAGCGGGATTCATGACAT_005,68
AGCAGCGGGATTCATGACAT_006,9
GAATCACAGTAGAACAGTGA_001,17
GAATCACAGTAGAACAGTGA_002,193
GAATCACAGTAGAACAGTGA_003,132
GAATCACAGTAGAACAGTGA_004,94
GAATCACAGTAGAACAGTGA_005,19
GAATCACAGTAGAACAGTGA_006,166
GAATCACAGTAGAACAGTGA_007,22
GAATCACAGTAGAACAGTGA_008,57
GATATTCTGAGAACGCCGTG_001,129
GATATTCTGAGAACGCCGTG_002,69
GATATTCTGAGAACGCCGTG_003,27
GATATTCTGAGAACGCCGTG_004,116
GATATTCTGAGAACGCCGTG_005,29
GATATTCTGAGAACGCCGTG_006,42
GATATTCTGAGAACGCCGTG_007,190
GATATTCTGAGAACGCCGTG_008,10
GACATAACGGATGCTCCACA_001,92
GACATAACGGATGCTCCACA_002,18
GACATAACGGATGCTCCACA_003,127
GACATAACGGATGCTCCACA_004,182
AGCCGCGAGTCATCGGCACG_001,138
AGCCGCGAGTCATCGGCACG_002,175
AGCCGCGAGTCATCGGCACG_003,73
AGCCGCGAGTCATCGGCACG_004,124
AGCCGCGAGTCATCGGCACG_005,34
AGCCGCGAGTCATCGGCACG_006,184
AGCCGCGAGTCATCGGCACG_007,177
ATCTGTCCAAGACCCTCTCG_001,129
ATCTGTCCAAGACCCTCTCG_002,184
ATCTGTCCAAGACCCTCTCG_003,169
ATCTGTCCAAGACCCTCTCG_004,75
ATCTGTCCAAGACCCTCTCG_005,133
ATCTGTCCAAGACCCTCTCG_006,149
ATCTGTCCAAGACCCTCTCG_007,160
ATCTGTCCAAGACCCTCTCG_008,34
ATCTGTCCAAGACCCTCTCG_009,1
ATCTGTCCAAGACCCTCTCG_010,94
ATCTGTCCAAGACCCTCTCG_011,38
ATCTGTCCAAGACCCTCTCG_012,6
ATCTGTCCAAGACCCTCTCG_013,9
ATCTGTCCAAGACCCTCTCG_014,69
ATCTGTCCAAGACCCTCTCG_015,56
ATCTGTCCAAGACCCTCTCG_016,3
ATCTGTCCAAGACCCTCTCG_017,199
ATCTGTCCAAGACCCTCTCG_018,101
ATCTGTCCAAGACCCTCTCG_019,76
ATCTGTCCAAGACCCTCTCG_020,178
ATCTGTCCAAGACCCTCTCG_021,98
ATCTGTCCAAGACCCTCTCG_022,67
ATCTGTCCAAGACCCTCTCG_023,55
ATCTGTCCAAGACCCTCTCG_024,58
ATCTGTCCAAGACCCTCTCG_025,98
ATCTGTCCAAGACCCTCTCG_026,32
ATCTGTCCAAGACCCTCTCG_027,181
ATCTGTCCAAGACCCTCTCG_028,169
ATCTGTCCAAGACCCTCTCG_029,22
ATCTGTCCAAGACCCTCTCG_030,77
ATCTGTCCAAGACCCTCTCG_031,28
GATAACGTTTGATTGAGTGG_001,99
GATAACGTTTGATTGAGTGG_002,150
GATAACGTTTGATTGAGTGG_003,19
GATAACGTTTGATTGAGTGG_004,162
GATAACGTTTGATTGAGTGG_005,140
GATAACGTTTGATTGAGTGG_006,8
CTGAGCCCCGCGGTTCAGAA_001,78
CTGAGCCCCGCGGTTCAGAA_002,130
CTGAGCCCCGCGGTTCAGAA_003,127
CTGAGCCCCGCGGTTCAGAA_004,57
CTGAGCCCCGCGGTTCAGAA_005,58
CTGAGCCCCGCGGTTCAGAA_006,71
CTGAGCCCCGCGGTTCAGAA_007,121
CTGAGCCCCGCGGTTCAGAA_008,124
CTGAGCCCCGCGGTTCAGAA_009,57
CTGAGCCCCGCGGTTCAGAA_010,66
CTGAGCCCCGCGGTTCAGAA_011,39
CTGAGCCCCGCGGTTCAGAA_012,60
CTGAGCCCCGCGGTTCAGAA_013,148
CTGAGCCCCGCGGTTCAGAA_014,81
CTGAGCCCCGCGGTTCAGAA_015,18
TTGGGATTTAACATCCGAGG_001,34
TTGGGATTTAACATCCGAGG_002,12
TTGGGATTTAACATCCGAGG_003,154
TTGGGATTTAACATCCGAGG_004,146
AAGGCTTCCAACACACTCAG_001,96
AAGGCTTCCAACACACTCAG_002,151
AAGGCTTCCAACACACTCAG_003,146
AAGGCTTCCAACACACTCAG_004,176
AAGGCTTCCAACACACTCAG_005,162
AAGGCTTCCAACACACTCAG_006,154
AAGGCTTCCAACACACTCAG_007,171
AAGGCTTCCAACACACTCAG_008,185
AAGGCTTCCAACACACTCAG_009,137
AAGGCTTCCAACACACTCAG_010,128
AAGGCTTCCAACACACTCAG_011,130
AAGGCTTCCAACACACTCAG_012,81
AAGGCTTCCAACACACTCAG_013,68
AAGGCTTCCAACACACTCAG_014,173
AAGGCTTCCAACACACTCAG_015,173
TTTACTCCACGGAAGCACGG_001,116
TTTACTCCACGGAAGCACGG_002,88
TTTACTCCACGGAAGCACGG_003,6
TTTACTCCACGGAAGCACGG_004,166
TTTACTCCACGGAAGCACGG_005,101
TTTACTCCACGGAAGCACGG_006,27
TTTACTCCACGGAAGCACGG_007,51
TTTACTCCACGGAAGCACGG_008,85
TTTACTCCACGGAAGCACGG_009,53
TTTACTCCACGGAAGCACGG_010,75
TTTACTCCACGGAAGCACGG_011,172
TTTACTCCACGGAAGCACGG_012,3
TTTACTCCACGGAAGCACGG_013,67
TTTACTCCACGGAAGCACGG_014,197
TTTACTCCACGGAAGCACGG_015,40
TTTACTCCACGGAAGCACGG_016,15
TTTACTCCACGGAAGCACGG_017,46
TTTACTCCACGGAAGCACGG_018,40
TTTACTCCACGGAAGCACGG_019,58
TTTACTCCACGGAAGCACGG_020,38
TTTACTCCACGGAAGCACGG_021,182
TTTACTCCACGGAAGCACGG_022,132
TTTACTCCACGGAAGCACGG_023,14
TTTACTCCACGGAAGCACGG_024,155
TTTACTCCACGGAAGCACGG_025,169
TTTACTCCACGGAAGCACGG_026,48
TTTACTCCACGGAAGCACGG_027,190
TTTACTCCACGGAAGCACGG_028,23
TTTACTCCACGGAAGCACGG_029,161
TTTACTCCACGGAAGCACGG_030,108
TTTACTCCACGGAAGCACGG_031,22
TTTACTCCACGGAAGCACGG_032,144
TTTACTCCACGGAAGCACGG_033,66
TTTACTCCACGGAAGCACGG_034,104
TTTACTCCACGGAAGCACGG_035,166
TTTACTCCACGGAAGCACGG_036,35
AGGCACTCGAACTGATCCGG_001,87
AGGCACTCGAACTGATCCGG_002,90
AGGCACTCGAACTGATCCGG_003,84
AGGCACTCGAACTGATCCGG_004,150
AGGCACTCGAACTGATCCGG_005,189
AGGCACTCGAACTGATCCGG_006,60
AGGCACTCGAACTGATCCGG_007,8
AGGCACTCGAACTGATCCGG_008,68
AGGCACTCGAACTGATCCGG_009,106
AGGCACTCGAACTGATCCGG_010,144
AGGCACTCGAACTGATCCGG_011,86
AGGCACTCGAACTGATCCGG_012,108
AGGCACTCGAACTGATCCGG_013,144
AGGCACTCGAACTGATCCGG_014,147
AGGCACTCGAACTGATCCGG_015,158
AGGCACTCGAACTGATCCGG_016,106
AGGCACTCGAACTGATCCGG_017,137
AGGCACTCGAACTGATCCGG_018,138
AGGCACTCGAACTGATCCGG_019,191
AGGCACTCGAACTGATCCGG_020,137
AGGCACTCGAACTGATCCGG_021,103
AGGCACTCGAACTGATCCGG_022,142
AGGCACTCGAACTGATCCGG_023,166
GCTACCAAGCAGTTGTGTAG_001,112
GCTACCAAGCAGTTGTGTAG_002,152
GCTACCAAGCAGTTGTGTAG_003,170
GCTACCAAGCAGTTGTGTAG_004,28
GCTACCAAGCAGTTGTGTAG_005,48
GCTACCAAGCAGTTGTGTAG_006,42
GCTACCAAGCAGTTGTGTAG_007,199
GCTACCAAGCAGTTGTGTAG_008,125
GCTACCAAGCAGTTGTGTAG_009,47
GCTACCAAGCAGTTGTGTAG_010,149
GCTACCAAGCAGTTGTGTAG_011,172
GCTGAAGGAGAGCGACGACG_001,182
GCTGAAGGAGAGCGACGACG_002,148
GCTGAAGGAGAGCGACGACG_003,120
GCTGAAGGAGAGCGACGACG_004,68
GCTGAAGGAGAGCGACGACG_005,15
GCTGAAGGAGAGCGACGACG_006,169
GCTGAAGGAGAGCGACGACG_007,170
GGAGAAAATTTCGCCAAGGT_001,141
GGAGAAAATTTCGCCAAGGT_002,145
CCAGACCTCTGATTGAGCCA_001,189
CCAGACCTCTGATTGAGCCA_002,189
CCAGACCTCTGATTGAGCCA_003,198
CCAGACCTCTGATTGAGCCA_004,168
CCAGACCTCTGATTGAGCCA_005,91
CCAGACCTCTGATTGAGCCA_006,119
CCAGACCTCTGATTGAGCCA_007,119
CCAGACCTCTGATTGAGCCA_008,119
CTGTGGAAGGAACCACACCC_001,1
CTGTGGAAGGAACCACACCC_002,94
CTGTGGAAGGAACCACACCC_003,76
CTGTGGAAGGAACCACACCC_004,63
CTGTGGAAGGAACCACACCC_005,105
CTGTGGAAGGAACCACACCC_006,106
CTGTGGAAGGAACCACACCC_007,171
AGCACACTGTACTACCAACT_001,127
AGCACACTGTACTACCAACT_002,19
AGCACACTGTACTACCAACT_003,81
AGCACACTGTACTACCAACT_004,70
AGCACACTGTACTACCAACT_005,149
AGCACACTGTACTACCAACT_006,62
AGCACACTGTACTACCAACT_007,22
AGCACACTGTACTACCAACT_008,168
AACATACCAGAAACTCCTGG_001,9
AACATACCAGAAACTCCTGG_002,27
AACATACCAGAAACTCCTGG_003,105
AACATACCAGAAACTCCTGG_004,118
AACATACCAGAAACTCCTGG_005,170
AACATACCAGAAACTCCTGG_006,197
CAACCCTGCCAGCTGAGCAA_001,137
CAACCCTGCCAGCTGAGCAA_002,61
CAACCCTGCCAGCTGAGCAA_003,48
CAACCCTGCCAGCTGAGCAA_004,77
CAACCCTGCCAGCTGAGCAA_005,160
CAACCCTGCCAGCTGAGCAA_006,42
CAACCCTGCCAGCTGAGCAA_007,184
CAACCCTGCCAGCTGAGCAA_008,5
ACGGAGAATGTGACCGTTGG_001,145
ACGGAGAATGTGACCGTTGG_002,150
ACGGAGAATGTGACCGTTGG_003,141
ACGGAGAATGTGACCGTTGG_004,189
ACGGAGAATGTGACCGTTGG_005,115
ACGGAGAATGTGACCGTTGG_006,172
ACGGAGAATGTGACCGTTGG_007,141
ACGGAGAATGTGACCGTTGG_008,1
ACGGAGAATGTGACCGTTGG_009,25
ACGGAGAATGTGACCGTTGG_010,115
ACGGAGAATGTGACCGTTGG_011,75
ACGGAGAATGTGACCGTTGG_012,6
ACGGAGAATGTGACCGTTGG_013,80
ACGGAGAATGTGACCGTTGG_014,182
ACGGAGAATGTGACCGTTGG_015,62
ACGGAGAATGTGACCGTTGG_016,150
TTCAGTAGCCAGCTTCACGA_001,129
TTCAGTAGCCAGCTTCACGA_002,17
TTCAGTAGCCAGCTTCACGA_003,148
TTCAGTAGCCAGCTTCACGA_004,130
TTCAGTAGCCAGCTTCACGA_005,1
TTCAGTAGCCAGCTTCACGA_006,147
TTCAGTAGCCAGCTTCACGA_007,154
TTCAGTAGCCAGCTTCACGA_008,171
TTCAGTAGCCAGCTTCACGA_009,88
TTCAGTAGCCAGCTTCACGA_010,53
TTCAGTAGCCAGCTTCACGA_011,63
TTCAGTAGCCAGCTTCACGA_012,45
ACTGTCTCACAATCAAATTG_001,3
ATAGCGGATGTCCTTGGAAA_001,75
ATAGCGGATGTCCTTGGAAA_002,40
ATAGCGGATGTCCTTGGAAA_003,157
ATAGCGGATGTCCTTGGAAA_004,85
ATAGCGGATGTCCTTGGAAA_005,53
ATAGCGGATGTCCTTGGAAA_006,6
ATAGCGGATGTCCTTGGAAA_007,192
ATAGCGGATGTCCTTGGAAA_008,45
ATAGCGGATGTCCTTGGAAA_009,73
ATAGCGGATGTCCTTGGAAA_010,104
ATAGCGGATGTCCTTGGAAA_011,15
ATAGCGGATGTCCTTGGAAA_012,69
ATAGCGGATGTCCTTGGAAA_013,112
ATAGCGGATGTCCTTGGAAA_014,150
ATAGCGGATGTCCTTGGAAA_015,70
ATAGCGGATGTCCTTGGAAA_016,48
CATGGACAGGATACCAGGGT_001,87
CATGGACAGGATACCAGGGT_002,75
CATGGACAGGATACCAGGGT_003,62
ACATCTCTCTCCAAAACACT_001,44
ACATCTCTCTCCAAAACACT_002,174
ACATCTCTCTCCAAAACACT_003,65
CTGACACAAGCATTAAACAG_001,66
CTGACACAAGCATTAAACAG_002,70
CTGACACAAGCATTAAACAG_003,137
CTGACACAAGCATTAAACAG_004,21
CTGACACAAGCATTAAACAG_005,61
CTGACACAAGCATTAAACAG_006,123
TCCTGTTCCTCACGACAAGG_001,170
TCCTGTTCCTCACGACAAGG_002,17
TCCTGTTCCTCACGACAAGG_003,5
AATTGGCGGAACTTCATGTG_001,127
AATTGGCGGAACTTCATGTG_002,75
AATTGGCGGAACTTCATGTG_003,150
AATTGGCGGAACTTCATGTG_004,12
AATTGGCGGAACTTCATGTG_005,84
AATTGGCGGAACTTCATGTG_006,104
AATTGGCGGAACTTCATGTG_007,165
AATTGGCGGAACTTCATGTG_008,196
AATTGGCGGAACTTCATGTG_009,88
AATTGGCGGAACTTCATGTG_010,5
AATCTCCAAGCTGCCAAGTG_001,80
AATCTCCAAGCTGCCAAGTG_002,22
AATCTCCAAGCTGCCAAGTG_003,6
AATCTCCAAGCTGCCAAGTG_004,174
AATCTCCAAGCTGCCAAGTG_005,63
AATCTCCAAGCTGCCAAGTG_006,160
AATCTCCAAGCTGCCAAGTG_007,183
AATCTCCAAGCTGCCAAGTG_008,112
AATCTCCAAGCTGCCAAGTG_009,185
AATCTCCAAGCTGCCAAGTG_010,15
AATCTCCAAGCTGCCAAGTG_011,70
AATCTCCAAGCTGCCAAGTG_012,187
AATCTCCAAGCTGCCAAGTG_013,127
AATCTCCAAGCTGCCAAGTG_014,77
AATCTCCAAGCTGCCAAGTG_015,166
AATCTCCAAGCTGCCAAGTG_016,102
AATCTCCAAGCTGCCAAGTG_017,49
AATCTCCAAGCTGCCAAGTG_018,77
AATCTCCAAGCTGCCAAGTG_019,184
ATGTAGTTCATGACGGCCGG_001,88
ATGTAGTTCATGACGGCCGG_002,114
ATGTAGTTCATGACGGCCGG_003,151
ATGTAGTTCATGACGGCCGG_004,125
CACAATCTTAGAGACACTGA_001,141
CACAATCTTAGAGACACTGA_002,19
CACAATCTTAGAGACACTGA_003,81
CACAATCTTAGAGACACTGA_004,123
CACAATCTTAGAGACACTGA_005,131
CACAATCTTAGAGACACTGA_006,43
CACAATCTTAGAGACACTGA_007,175
CACAATCTTAGAGACACTGA_008,14
CACAATCTTAGAGACACTGA_009,153
CACAATCTTAGAGACACTGA_010,138
AGAATGGCGTCCTTGGAGCG_001,34
AGAATGGCGTCCTTGGAGCG_002,57
AGAATGGCGTCCTTGGAGCG_003,98
AGAATGGCGTCCTTGGAGCG_004,66
AGAATGGCGTCCTTGGAGCG_005,75
AGAATGGCGTCCTTGGAGCG_006,152
AGAATGGCGTCCTTGGAGCG_007,65
AGAATGGCGTCCTTGGAGCG_008,48
AGAATGGCGTCCTTGGAGCG_009,59
AGAATGGCGTCCTTGGAGCG_010,74
ACTGGTCAGTATTAGAGGTG_001,132
ACTGGTCAGTATTAGAGGTG_002,1
ACTGGTCAGTATTAGAGGTG_003,127
GCAGCTCAGCTAACTTGACC_001,44
GCAGCTCAGCTAACTTGACC_002,111
GCAGCTCAGCTAACTTGACC_003,146
GAAATGTCTCGCCTATGATG_001,122
GAAATGTCTCGCCTATGATG_002,88
GAAATGTCTCGCCTATGATG_003,21
GAAATGTCTCGCCTATGATG_004,177
GAAATGTCTCGCCTATGATG_005,35
GAAATGTCTCGCCTATGATG_006,147
GAAATGTCTCGCCTATGATG_007,109
GAAATGTCTCGCCTATGATG_008,109
GAAATGTCTCGCCTATGATG_009,127
GAAATGTCTCGCCTATGATG_010,134
GAAATGTCTCGCCTATGATG_011,132
GAAATGTCTCGCCTATGATG_012,125
TAGCTCAGTCTTGTAGCGCG_001,168
TAGCTCAGTCTTGTAGCGCG_002,191
TAGGCTCCTCAATCACCGAT_001,24
TAGGCTCCTCAATCACCGAT_002,66
TAGGCTCCTCAATCACCGAT_003,44
TAGGCTCCTCAATCACCGAT_004,184
TAGGCTCCTCAATCACCGAT_005,77
TAGGCTCCTCAATCACCGAT_006,70
TAGGCTCCTCAATCACCGAT_007,172
TAGGCTCCTCAATCACCGAT_008,160
TAGGCTCCTCAATCACCGAT_009,66
ATAATCATTACACTGGAGAG_001,34
ATCAGTCTCTGCTGATCAGG_001,45
ATCAGTCTCTGCTGATCAGG_002,111
ATCAGTCTCTGCTGATCAGG_003,186
GGTGGCAAGCACAAGGTACG_001,47
GGTGGCAAGCACAAGGTACG_002,111
GGTGGCAAGCACAAGGTACG_003,148
GGTGGCAAGCACAAGGTACG_004,11
GGTGGCAAGCACAAGGTACG_005,80
GGTGGCAAGCACAAGGTACG_006,192
GGTGGCAAGCACAAGGTACG_007,116
GGTGGCAAGCACAAGGTACG_008,16
GGTGGCAAGCACAAGGTACG_009,136
GGTGGCAAGCACAAGGTACG_010,184
GGTGGCAAGCACAAGGTACG_011,182
GGTGGCAAGCACAAGGTACG_012,29
GGTGGCAAGCACAAGGTACG_013,182
GGTGGCAAGCACAAGGTACG_014,141
GGTGGCAAGCACAAGGTACG_015,117
GGTGGCAAGCACAAGGTACG_016,25
GGTGGCAAGCACAAGGTACG_017,58
GGTGGCAAGCACAAGGTACG_018,161
ATGTTGCTAGGCGCTCCTCG_001,24
ATGTTGCTAGGCGCTCCTCG_002,34
ATGTTGCTAGGCGCTCCTCG_003,147
ATGTTGCTAGGCGCTCCTCG_004,149
ATGTTGCTAGGCGCTCCTCG_005,170
ATGTTGCTAGGCGCTCCTCG_006,115
ATGTTGCTAGGCGCTCCTCG_007,96
ATGTTGCTAGGCGCTCCTCG_008,69
ATGTTGCTAGGCGCTCCTCG_009,57
ATGTTGCTAGGCGCTCCTCG_010,182
ATGTTGCTAGGCGCTCCTCG_011,117
ATGTTGCTAGGCGCTCCTCG_012,162
ATGTTGCTAGGCGCTCCTCG_013,160
ATGTTGCTAGGCGCTCCTCG_014,91
ATGTTGCTAGGCGCTCCTCG_015,187
ATGTTGCTAGGCGCTCCTCG_016,76
ATGTTGCTAGGCGCTCCTCG_017,88
ATGTTGCTAGGCGCTCCTCG_018,42
ATGTTGCTAGGCGCTCCTCG_019,9
ATGTTGCTAGGCGCTCCTCG_020,144
ATGTTGCTAGGCGCTCCTCG_021,81
ATGTTGCTAGGCGCTCCTCG_022,146
ATGTTGCTAGGCGCTCCTCG_023,60
ATGTTGCTAGGCGCTCCTCG_024,121
ATGTTGCTAGGCGCTCCTCG_025,40
ATGTTGCTAGGCGCTCCTCG_026,39
ATGTTGCTAGGCGCTCCTCG_027,83
ATGTTGCTAGGCGCTCCTCG_028,102
CACCGTCAACTACTATGACG_001,41
GCGCTCCATGTGGAGTACAC_001,144
GCGCTCCATGTGGAGTACAC_002,87
GCGCTCCATGTGGAGTACAC_003,170
GCGCTCCATGTGGAGTACAC_004,145
GCGCTCCATGTGGAGTACAC_005,145
GCGCTCCATGTGGAGTACAC_006,159
GCGCTCCATGTGGAGTACAC_007,156
GCGCTCCATGTGGAGTACAC_008,106
GCGCTCCATGTGGAGTACAC_009,20
GCGCTCCATGTGGAGTACAC_010,34
GCGCTCCATGTGGAGTACAC_011,121
GCGCTCCATGTGGAGTACAC_012,142
GCGCTCCATGTGGAGTACAC_013,127
GCGCTCCATGTGGAGTACAC_014,168
GCGCTCCATGTGGAGTACAC_015,96
ACCAGAATGATGCCCTCTGG_001,140
CAGCCAGGCCAAGATTCGAG_001,119
CAGCCAGGCCAAGATTCGAG_002,119
CAGCCAGGCCAAGATTCGAG_003,57
CAGCCAGGCCAAGATTCGAG_004,199
CAGCCAGGCCAAGATTCGAG_005,43
CAGCCAGGCCAAGATTCGAG_006,119
CAGCCAGGCCAAGATTCGAG_007,94
CAGCCAGGCCAAGATTCGAG_008,144
CAGCCAGGCCAAGATTCGAG_009,113
CAGCCAGGCCAAGATTCGAG_010,184
CAGCCAGGCCAAGATTCGAG_011,56
CAGCCAGGCCAAGATTCGAG_012,68
CAGCCAGGCCAAGATTCGAG_013,29
CAGCCAGGCCAAGATTCGAG_014,95
CAGCCAGGCCAAGATTCGAG_015,87
CAGCCAGGCCAAGATTCGAG_016,130
CAGCCAGGCCAAGATTCGAG_017,188
CAGCCAGGCCAAGATTCGAG_018,182
CAGCCAGGCCAAGATTCGAG_019,60
CAGCCAGGCCAAGATTCGAG_020,54
CAGCCAGGCCAAGATTCGAG_021,194
ATACGATGCACAGAGGTGTG_001,102
ATACGATGCACAGAGGTGTG_002,113
ATACGATGCACAGAGGTGTG_003,115
ATACGATGCACAGAGGTGTG_004,195
ATACGATGCACAGAGGTGTG_005,57
ATACGATGCACAGAGGTGTG_006,15
ATACGATGCACAGAGGTGTG_007,43
ATACGATGCACAGAGGTGTG_008,114
ATACGATGCACAGAGGTGTG_009,12
ATACGATGCACAGAGGTGTG_010,118
GGGACATCTGTGAGCCACGT_001,12
GGGACATCTGTGAGCCACGT_002,191
GGGACATCTGTGAGCCACGT_003,105
GGGACATCTGTGAGCCACGT_004,77
GGAGTCAGCCAAAATCCGGA_001,145
GGAGTCAGCCAAAATCCGGA_002,160
GGAGTCAGCCAAAATCCGGA_003,94
GGAGTCAGCCAAAATCCGGA_004,185
GGAGTCAGCCAAAATCCGGA_005,33
GGAGTCAGCCAAAATCCGGA_006,15
GGAGTCAGCCAAAATCCGGA_007,63
GGAGTCAGCCAAAATCCGGA_008,49
GGAGTCAGCCAAAATCCGGA_009,138
GGAGTCAGCCAAAATCCGGA_010,56
GGAGTCAGCCAAAATCCGGA_011,151
GGAGTCAGCCAAAATCCGGA_012,77
GGAGTCAGCCAAAATCCGGA_013,2
GGAGTCAGCCAAAATCCGGA_014,70
GCACGGCCACTCTTACACCA_001,20
GCACGGCCACTCTTACACCA_002,44
GCACGGCCACTCTTACACCA_003,11
GCACGGCCACTCTTACACCA_004,28
GCACGGCCACTCTTACACCA_005,40
GCACGGCCACTCTTACACCA_006,84
TCTTACGTTCCAGCTGGTCG_001,105
TCTTACGTTCCAGCTGGTCG_002,9
TCTTACGTTCCAGCTGGTCG_003,162
TCTTACGTTCCAGCTGGTCG_004,150
TCTTACGTTCCAGCTGGTCG_005,178
TCTTACGTTCCAGCTGGTCG_006,70
TCTTACGTTCCAGCTGGTCG_007,4
ACAACATCATCATTGTCAGG_001,98
GTGTGTCAAACAGATCTGCG_001,93
GTGTGTCAAACAGATCTGCG_002,157
GTGTGTCAAACAGATCTGCG_003,24
GTGTGTCAAACAGATCTGCG_004,65
GTGTGTCAAACAGATCTGCG_005,150
GTGTGTCAAACAGATCTGCG_006,30
GTGTGTCAAACAGATCTGCG_007,91
GTGTGTCAAACAGATCTGCG_008,70
GTGTGTCAAACAGATCTGCG_009,151
GTGTGTCAAACAGATCTGCG_010,141
GTGTGTCAAACAGATCTGCG_011,183
AAGCTCGCGGCCCAACAGGT_001,148
AAGCTCGCGGCCCAACAGGT_002,148
AAGCTCGCGGCCCAACAGGT_003,134
AAGCTCGCGGCCCAACAGGT_004,98
AAGCTCGCGGCCCAACAGGT_005,74
AAGCTCGCGGCCCAACAGGT_006,188
AAGCTCGCGGCCCAACAGGT_007,92
AAGCTCGCGGCCCAACAGGT_008,30
AAGCTCGCGGCCCAACAGGT_009,12
AAGCTCGCGGCCCAACAGGT_010,136
AAGCTCGCGGCCCAACAGGT_011,108
AAGCTCGCGGCCCAACAGGT_012,108
AAGCTCGCGGCCCAACAGGT_013,88
AAGCTCGCGGCCCAACAGGT_014,16
AAGCTCGCGGCCCAACAGGT_015,60
AAGCTCGCGGCCCAACAGGT_016,47
AAGCTCGCGGCCCAACAGGT_017,99
AAGCTCGCGGCCCAACAGGT_018,157
ACAACTTGATATGGAACAGG_001,75
GTTCAGTGTGAGGACTAGAG_001,32
GTTCAGTGTGAGGACTAGAG_002,76
GTTCAGTGTGAGGACTAGAG_003,191
GTTCAGTGTGAGGACTAGAG_004,75
GTTCAGTGTGAGGACTAGAG_005,106
GTTCAGTGTGAGGACTAGAG_006,3
AGGGAACTAATGAACCTCAC_001,53
AGGGAACTAATGAACCTCAC_002,160
AGGGAACTAATGAACCTCAC_003,30
AGGGAACTAATGAACCTCAC_004,22
AGGGAACTAATGAACCTCAC_005,2
AGGGAACTAATGAACCTCAC_006,72
AGGGAACTAATGAACCTCAC_007,49
AGGGAACTAATGAACCTCAC_008,79
AGGGAACTAATGAACCTCAC_009,28
AGGGAACTAATGAACCTCAC_010,56
AGGGAACTAATGAACCTCAC_011,116
TCAGATAGTACAGGTCGATG_001,129
TGTCTTTAAACACGCCATCG_001,116
TGTCTTTAAACACGCCATCG_002,177
TGTCTTTAAACACGCCATCG_003,7
TGTCTTTAAACACGCCATCG_004,51
TGTCTTTAAACACGCCATCG_005,139
TGTCTTTAAACACGCCATCG_006,76
TGTCTTTAAACACGCCATCG_007,60
TGTCTTTAAACACGCCATCG_008,116
TGTCTTTAAACACGCCATCG_009,126
TGTCTTTAAACACGCCATCG_010,70
TGTCTTTAAACACGCCATCG_011,154
TGTCTTTAAACACGCCATCG_012,76
TGTCTTTAAACACGCCATCG_013,16
TGTCTTTAAACACGCCATCG_014,78
TGTCTTTAAACACGCCATCG_015,2
TGTCTTTAAACACGCCATCG_016,63
AGAGCTGGTTCATACAACAT_001,149
AGAGCTGGTTCATACAACAT_002,55
AGAGCTGGTTCATACAACAT_003,75
AGAGCTGGTTCATACAACAT_004,58
AGAGCTGGTTCATACAACAT_005,158
CATCTGGAAGAAATTCGAGC_001,192
CATCTGGAAGAAATTCGAGC_002,69
CATCTGGAAGAAATTCGAGC_003,58
CATCTGGAAGAAATTCGAGC_004,101
CATCTGGAAGAAATTCGAGC_005,134
CATCTGGAAGAAATTCGAGC_006,46
CATCTGGAAGAAATTCGAGC_007,47
TGTCATAACGCCGCTTTCCT_001,133
TGTCATAACGCCGCTTTCCT_002,26
TGTCATAACGCCGCTTTCCT_003,63
TGTCATAACGCCGCTTTCCT_004,131
TGTCATAACGCCGCTTTCCT_005,26
CATACTCAAGAAGATTCTGC_001,105
CATACTCAAGAAGATTCTGC_002,121
CATACTCAAGAAGATTCTGC_003,81
CATACTCAAGAAGATTCTGC_004,56
CATACTCAAGAAGATTCTGC_005,138
CATACTCAAGAAGATTCTGC_006,111
CATACTCAAGAAGATTCTGC_007,40
GGCAGGTTCAAGTTGGAGGA_001,92
GGCAGGTTCAAGTTGGAGGA_002,181
GGCAGGTTCAAGTTGGAGGA_003,28
GGCAGGTTCAAGTTGGAGGA_004,55
GGCAGGTTCAAGTTGGAGGA_005,159
GGCAGGTTCAAGTTGGAGGA_006,163
GGCAGGTTCAAGTTGGAGGA_007,133
GGCAGGTTCAAGTTGGAGGA_008,117
GGCAGGTTCAAGTTGGAGGA_009,147
GGCAGGTTCAAGTTGGAGGA_010,30
GGCAGGTTCAAGTTGGAGGA_011,158
GGCAGGTTCAAGTTGGAGGA_012,183
GGCAGGTTCAAGTTGGAGGA_013,162
GGCAGGTTCAAGTTGGAGGA_014,35
GGCAGGTTCAAGTTGGAGGA_015,44
GGCAGGTTCAAGTTGGAGGA_016,192
GGCAGGTTCAAGTTGGAGGA_017,13
GGCAGGTTCAAGTTGGAGGA_018,5
GGCAGGTTCAAGTTGGAGGA_019,177
GGCAGGTTCAAGTTGGAGGA_020,39
GGCAGGTTCAAGTTGGAGGA_021,23
GGCAGGTTCAAGTTGGAGGA_022,89
GGCAGGTTCAAGTTGGAGGA_023,137
GGCAGGTTCAAGTTGGAGGA_024,149
GGCAGGTTCAAGTTGGAGGA_025,13
GGCAGGTTCAAGTTGGAGGA_026,13
GGCAGGTTCAAGTTGGAGGA_027,131
GGCAGGTTCAAGTTGGAGGA_028,111
TGAAGCCTTTAAAAAGCAGG_001,7
TGAAGCCTTTAAAAAGCAGG_002,172
TGAAGCCTTTAAAAAGCAGG_003,191
TGAAGCCTTTAAAAAGCAGG_004,94
TGAAGCCTTTAAAAAGCAGG_005,162
TGAAGCCTTTAAAAAGCAGG_006,45
TGAAGCCTTTAAAAAGCAGG_007,157
TGTGCTCACCGTCTACGACG_001,171
TGTGCTCACCGTCTACGACG_002,189
TGTGCTCACCGTCTACGACG_003,175
TGTGCTCACCGTCTACGACG_004,56
TGTGCTCACCGTCTACGACG_005,129
TGTGCTCACCGTCTACGACG_006,179
GTTGTCCAAAGAAATGATGA_001,27
GTTGTCCAAAGAAATGATGA_002,162
GTTGTCCAAAGAAATGATGA_003,129
AAGTACTATCAAGACAAGAC_001,87
AGAGGGAACCCCATCTACCT_001,154
AGAGGGAACCCCATCTACCT_002,61
AGAGGGAACCCCATCTACCT_003,18
GATTCACCAAATGTATTCCA_001,48
GATTCACCAAATGTATTCCA_002,160
GATTCACCAAATGTATTCCA_003,27
GATTCACCAAATGTATTCCA_004,67
GATTCACCAAATGTATTCCA_005,50
CAGCGTGTGGCCCCACCATC_001,152
CAGCGTGTGGCCCCACCATC_002,76
CAGCGTGTGGCCCCACCATC_003,181
CAGCGTGTGGCCCCACCATC_004,69
CAGCGTGTGGCCCCACCATC_005,48
CAGCGTGTGGCCCCACCATC_006,94
CAGCGTGTGGCCCCACCATC_007,140
CAGCGTGTGGCCCCACCATC_008,140
CAGCGTGTGGCCCCACCATC_009,127
CAGCGTGTGGCCCCACCATC_010,58
CAGCGTGTGGCCCCACCATC_011,57
CAGCGTGTGGCCCCACCATC_012,90
CAGCGTGTGGCCCCACCATC_013,154
CAGCGTGTGGCCCCACCATC_014,29
CAGCGTGTGGCCCCACCATC_015,155
CAGCGTGTGGCCCCACCATC_016,166
CAGCGTGTGGCCCCACCATC_017,40
CAGCGTGTGGCCCCACCATC_018,184
CAGCGTGTGGCCCCACCATC_019,9
CAGCGTGTGGCCCCACCATC_020,177
CAGCGTGTGGCCCCACCATC_021,124
CAGCGTGTGGCCCCACCATC_022,65
CAGCGTGTGGCCCCACCATC_023,102
CAGCGTGTGGCCCCACCATC_024,54
CAGCGTGTGGCCCCACCATC_025,88
CAGCGTGTGGCCCCACCATC_026,88
CAGCGTGTGGCCCCACCATC_027,61
CAGCGTGTGGCCCCACCATC_028,62
CAGCGTGTGGCCCCACCATC_029,35
CAGCGTGTGGCCCCACCATC_030,102
CAGCGTGTGGCCCCACCATC_031,98
CAGCGTGTGGCCCCACCATC_032,27
CAGCGTGTGGCCCCACCATC_033,127
CAGCGTGTGGCCCCACCATC_034,160
CAGCGTGTGGCCCCACCATC_035,15
CAGTGGCGCAAGAGCAGTTG_001,77
CAGTGGCGCAAGAGCAGTTG_002,98
CAGTGGCGCAAGAGCAGTTG_003,22
CAGTGGCGCAAGAGCAGTTG_004,29
TGCAGGAGGGAGTGAAAATG_001,58
TGCAGGAGGGAGTGAAAATG_002,51
TGCAGGAGGGAGTGAAAATG_003,1
TGCAGGAGGGAGTGAAAATG_004,49
TGCAGGAGGGAGTGAAAATG_005,129
TGCAGGAGGGAGTGAAAATG_006,25
CAGCATCCATTGTGACGAGT_001,58
CAGCATCCATTGTGACGAGT_002,48
CAGCATCCATTGTGACGAGT_003,119
CAGCATCCATTGTGACGAGT_004,34
CAGCATCCATTGTGACGAGT_005,175
CAGCATCCATTGTGACGAGT_006,149
CAGCATCCATTGTGACGAGT_007,19
CAGCATCCATTGTGACGAGT_008,144
CAGCATCCATTGTGACGAGT_009,40
CAGCATCCATTGTGACGAGT_010,174
CAGCATCCATTGTGACGAGT_011,82
CAGCATCCATTGTGACGAGT_012,77
GCTGAGAGTTGGGACAATGT_001,190
GCTGAGAGTTGGGACAATGT_002,111
GCTGAGAGTTGGGACAATGT_003,184
GCTGAGAGTTGGGACAATGT_004,12
GCTGAGAGTTGGGACAATGT_005,135
GCTGAGAGTTGGGACAATGT_006,89
GCTGAGAGTTGGGACAATGT_007,148
GCTGAGAGTTGGGACAATGT_008,96
GCTGAGAGTTGGGACAATGT_009,190
GCTGAGAGTTGGGACAATGT_010,53
GCTGAGAGTTGGGACAATGT_011,52
GCTGAGAGTTGGGACAATGT_012,158
GCTGAGAGTTGGGACAATGT_013,147
GCAGATGAAGGGTTTGACCC_001,153
GCAGATGAAGGGTTTGACCC_002,139
GCAGATGAAGGGTTTGACCC_003,46
ATGCCAACTATGACGTCCAG_001,160
ATGCCAACTATGACGTCCAG_002,68
ATGCCAACTATGACGTCCAG_003,135
ATGCCAACTATGACGTCCAG_004,169
ATGCCAACTATGACGTCCAG_005,150
ATGCCAACTATGACGTCCAG_006,2
ATGCCAACTATGACGTCCAG_007,19
ATGCCAACTATGACGTCCAG_008,84
ATGCCAACTATGACGTCCAG_009,145
ATGCCAACTATGACGTCCAG_010,121
ATGCCAACTATGACGTCCAG_011,190
ATGCCAACTATGACGTCCAG_012,168
ATGCCAACTATGACGTCCAG_013,81
ATGCCAACTATGACGTCCAG_014,59
ATGCCAACTATGACGTCCAG_015,28
ATGCCAACTATGACGTCCAG_016,96
ATGCCAACTATGACGTCCAG_017,188
TCAGCGTGAGTTCCTTAACT_001,41
TCAGCGTGAGTTCCTTAACT_002,3
TCTTGTTCCCTAGGCACGAG_001,182
TCTTGTTCCCTAGGCACGAG_002,19
TCTTGTTCCCTAGGCACGAG_003,198
TCTTGTTCCCTAGGCACGAG_004,194
TCTTGTTCCCTAGGCACGAG_005,114
TCTTGTTCCCTAGGCACGAG_006,91
TCTTGTTCCCTAGGCACGAG_007,134
TCTTGTTCCCTAGGCACGAG_008,78
TCTTGTTCCCTAGGCACGAG_009,62
TCTTGTTCCCTAGGCACGAG_010,19
TCTTGTTCCCTAGGCACGAG_011,2
TCTTGTTCCCTAGGCACGAG_012,116
TTGCTGTCGAGGCTCAGTAC_001,66
TTGCTGTCGAGGCTCAGTAC_002,130
TTGCTGTCGAGGCTCAGTAC_003,199
TTGCTGTCGAGGCTCAGTAC_004,51
TTGCTGTCGAGGCTCAGTAC_005,183
TTGCTGTCGAGGCTCAGTAC_006,88
TTGCTGTCGAGGCTCAGTAC_007,145
TTGCTGTCGAGGCTCAGTAC_008,113
TTGCTGTCGAGGCTCAGTAC_009,149
TTGCTGTCGAGGCTCAGTAC_010,41
TTGCTGTCGAGGCTCAGTAC_011,163
TTGCTGTCGAGGCTCAGTAC_012,51
TTGCTGTCGAGGCTCAGTAC_013,44
TTGCTGTCGAGGCTCAGTAC_014,17
TTGCTGTCGAGGCTCAGTAC_015,154
TTGCTGTCGAGGCTCAGTAC_016,175
TTGCTGTCGAGGCTCAGTAC_017,130
TTGCTGTCGAGGCTCAGTAC_018,19
TTGCTGTCGAGGCTCAGTAC_019,138
TTGCTGTCGAGGCTCAGTAC_020,85
TTGCTGTCGAGGCTCAGTAC_021,182
TGCTTTACTGATGGTCCTGG_001,12
TGCTTTACTGATGGTCCTGG_002,138
TGCTTTACTGATGGTCCTGG_003,175
CCTGTACGGGATCCGAGTGG_001,119
CTAGTCCGAATGAAGCAGGA_001,11
CTAGTCCGAATGAAGCAGGA_002,45
CTAGTCCGAATGAAGCAGGA_003,0
CTAGTCCGAATGAAGCAGGA_004,111
CTAGTCCGAATGAAGCAGGA_005,187
CTAGTCCGAATGAAGCAGGA_006,140
CTAGTCCGAATGAAGCAGGA_007,13
GATTAAGCAGCGGCTGAAAG_001,149
GATTAAGCAGCGGCTGAAAG_002,127
GATTAAGCAGCGGCTGAAAG_003,38
GATTAAGCAGCGGCTGAAAG_004,77
GATTAAGCAGCGGCTGAAAG_005,30
GATTAAGCAGCGGCTGAAAG_006,170
GGCCCAAGTTGAAGCAGACG_001,50
GGCCCAAGTTGAAGCAGACG_002,78
GGCCCAAGTTGAAGCAGACG_003,3
GGCCCAAGTTGAAGCAGACG_004,101
GGCCCAAGTTGAAGCAGACG_005,176
GGCCCAAGTTGAAGCAGACG_006,41
GGCCCAAGTTGAAGCAGACG_007,170
GGCCCAAGTTGAAGCAGACG_008,100
GGCCCAAGTTGAAGCAGACG_009,161
GGCCCAAGTTGAAGCAGACG_010,68
GGCCCAAGTTGAAGCAGACG_011,15
GGCCCAAGTTGAAGCAGACG_012,158
GGCCCAAGTTGAAGCAGACG_013,62
GGCCCAAGTTGAAGCAGACG_014,115
GGCCCAAGTTGAAGCAGACG_015,188
GGCCCAAGTTGAAGCAGACG_016,172
GGCCCAAGTTGAAGCAGACG_017,138
GGCCCAAGTTGAAGCAGACG_018,88
GGCCCAAGTTGAAGCAGACG_019,99
GGCCCAAGTTGAAGCAGACG_020,58
GGCCCAAGTTGAAGCAGACG_021,44
GGGTCACCAGATAAATAACC_001,118
GGGTCACCAGATAAATAACC_002,57
GTTACCTATACATCTCAGCA_001,108
ACCAGTGCGCCGTAACGCAG_001,127
ACCAGTGCGCCGTAACGCAG_002,187
ACCAGTGCGCCGTAACGCAG_003,169
ACCAGTGCGCCGTAACGCAG_004,77
ACCAGTGCGCCGTAACGCAG_005,145
ACCAGTGCGCCGTAACGCAG_006,126
ACCAGTGCGCCGTAACGCAG_007,103
ACCAGTGCGCCGTAACGCAG_008,16
ACCAGTGCGCCGTAACGCAG_009,48
ACCAGTGCGCCGTAACGCAG_010,148
ACCAGTGCGCCGTAACGCAG_011,137
ACCAGTGCGCCGTAACGCAG_012,28
ACCAGTGCGCCGTAACGCAG_013,66
ACCAGTGCGCCGTAACGCAG_014,120
ACCAGTGCGCCGTAACGCAG_015,189
ACCAGTGCGCCGTAACGCAG_016,119
ACCAGTGCGCCGTAACGCAG_017,113
ACCAGTGCGCCGTAACGCAG_018,196
ACCAGTGCGCCGTAACGCAG_019,175
ACCAGTGCGCCGTAACGCAG_020,175
ACCAGTGCGCCGTAACGCAG_021,102
GACATTGGCATTGCTAACAC_001,46
GACATTGGCATTGCTAACAC_002,94
GACATTGGCATTGCTAACAC_003,15
GACATTGGCATTGCTAACAC_004,197
GACATTGGCATTGCTAACAC_005,112
GACATTGGCATTGCTAACAC_006,62
GAAAAAAGACAAAATACCTC_001,190
GAAAAAAGACAAAATACCTC_002,185
GAAAAAAGACAAAATACCTC_003,85
GAAAAAAGACAAAATACCTC_004,22
GAAAAAAGACAAAATACCTC_005,0
GAAAAAAGACAAAATACCTC_006,33
GAAAAAAGACAAAATACCTC_007,73
GAAAAAAGACAAAATACCTC_008,154
GAAAAAAGACAAAATACCTC_009,172
GAAAAAAGACAAAATACCTC_010,0
GTTCCTCTTAGAGATACCGA_001,62
GTTCCTCTTAGAGATACCGA_002,137
GTTCCTCTTAGAGATACCGA_003,29
GTTCCTCTTAGAGATACCGA_004,115
GTTCCTCTTAGAGATACCGA_005,146
GTTCCTCTTAGAGATACCGA_006,74
GTTCCTCTTAGAGATACCGA_007,121
GTTCCTCTTAGAGATACCGA_008,173
GTTCCTCTTAGAGATACCGA_009,104
GTTCCTCTTAGAGATACCGA_010,196
GTTCCTCTTAGAGATACCGA_011,23
GTTCCTCTTAGAGATACCGA_012,191
GTTCCTCTTAGAGATACCGA_013,80
GTTCCTCTTAGAGATACCGA_014,106
GTTCCTCTTAGAGATACCGA_015,153
ACCTGGACTACTGCCCCGAG_001,9
ACCTGGACTACTGCCCCGAG_002,65
ACCTGGACTACTGCCCCGAG_003,103
ACCTGGACTACTGCCCCGAG_004,78
ACCTGGACTACTGCCCCGAG_005,192
ACCTGGACTACTGCCCCGAG_006,100
ACCTGGACTACTGCCCCGAG_007,140
ACCTGGACTACTGCCCCGAG_008,48
ACCTGGACTACTGCCCCGAG_009,19
ACCTGGACTACTGCCCCGAG_010,19
ACCTGGACTACTGCCCCGAG_011,61
ACCTGGACTACTGCCCCGAG_012,48
ACCTGGACTACTGCCCCGAG_013,43
ACCTGGACTACTGCCCCGAG_014,152
ACCTGGACTACTGCCCCGAG_015,96
TGGACTTCCTTACAATCGTG_001,127
TGGACTTCCTTACAATCGTG_002,55
TGGACTTCCTTACAATCGTG_003,43
TGGACTTCCTTACAATCGTG_004,52
TGGACTTCCTTACAATCGTG_005,181
TGGACTTCCTTACAATCGTG_006,37
TGGACTTCCTTACAATCGTG_007,80
TGGACTTCCTTACAATCGTG_008,81
TGGACTTCCTTACAATCGTG_009,174
ATGAGGGTCATGTATTTCAG_001,85
ATGAGGGTCATGTATTTCAG_002,14
ATGAGGGTCATGTATTTCAG_003,134
ATGAGGGTCATGTATTTCAG_004,30
ATGAGGGTCATGTATTTCAG_005,148
ATGAGGGTCATGTATTTCAG_006,169
ATGAGGGTCATGTATTTCAG_007,63
ATGAGGGTCATGTATTTCAG_008,83
ATGAGGGTCATGTATTTCAG_009,186
ATGAGGGTCATGTATTTCAG_010,186
ATGAGGGTCATGTATTTCAG_011,29
ATGAGGGTCATGTATTTCAG_012,184
ATGAGGGTCATGTATTTCAG_013,191
ATGAGGGTCATGTATTTCAG_014,41
ATGAGGGTCATGTATTTCAG_015,76
ATGAGGGTCATGTATTTCAG_016,190
ATGAGGGTCATGTATTTCAG_017,17
ATGAGGGTCATGTATTTCAG_018,0
ATGAGGGTCATGTATTTCAG_019,103
ATGAGGGTCATGTATTTCAG_020,63
ATGAGGGTCATGTATTTCAG_021,177
ATGAGGGTCATGTATTTCAG_022,130
ATGAGGGTCATGTATTTCAG_023,105
CTGTATTAACGAACCTTGTG_001,196
CTGTATTAACGAACCTTGTG_002,24
CTGTATTAACGAACCTTGTG_003,176
CTGTATTAACGAACCTTGTG_004,11
CTGTATTAACGAACCTTGTG_005,1
CTGTATTAACGAACCTTGTG_006,17
CTGTATTAACGAACCTTGTG_007,2
CTGTATTAACGAACCTTGTG_008,95
CTGTATTAACGAACCTTGTG_009,75
CTGTATTAACGAACCTTGTG_010,78
CTGTATTAACGAACCTTGTG_011,101
CTGTATTAACGAACCTTGTG_012,127
CTGTATTAACGAACCTTGTG_013,184
CTGTATTAACGAACCTTGTG_014,94
CTGTATTAACGAACCTTGTG_015,70
CTGTATTAACGAACCTTGTG_016,199
CTGTATTAACGAACCTTGTG_017,15
CTGTATTAACGAACCTTGTG_018,170
CTGTATTAACGAACCTTGTG_019,22
CTGTATTAACGAACCTTGTG_020,84
CTGTATTAACGAACCTTGTG_021,149
CTGTATTAACGAACCTTGTG_022,149
AGCTTCGTGCTGTACCGCGA_001,152
AGCTTCGTGCTGTACCGCGA_002,197
AGCTTCGTGCTGTACCGCGA_003,3
AGCTTCGTGCTGTACCGCGA_004,23
AGCTTCGTGCTGTACCGCGA_005,142
AGCTTCGTGCTGTACCGCGA_006,30
AGCTTCGTGCTGTACCGCGA_007,22
AGCTTCGTGCTGTACCGCGA_008,188
AGCTTCGTGCTGTACCGCGA_009,184
AGCTTCGTGCTGTACCGCGA_010,41
AGCTTCGTGCTGTACCGCGA_011,130
AGCTTCGTGCTGTACCGCGA_012,63
AGCTTCGTGCTGTACCGCGA_013,177
CTCCTGACGTCCCATCCCCG_001,188
CTCCTGACGTCCCATCCCCG_002,166
CTCCTGACGTCCCATCCCCG_003,188
CTCCTGACGTCCCATCCCCG_004,194
CTCCTGACGTCCCATCCCCG_005,175
CTCCTGACGTCCCATCCCCG_006,9
CTCCTGACGTCCCATCCCCG_007,171
CTCCTGACGTCCCATCCCCG_008,137
CTCCTGACGTCCCATCCCCG_009,8
CTCCTGACGTCCCATCCCCG_010,12
CTCCTGACGTCCCATCCCCG_011,41
CTCCTGACGTCCCATCCCCG_012,69
CTCCTGACGTCCCATCCCCG_013,89
CTCCTGACGTCCCATCCCCG_014,62
CTCCTGACGTCCCATCCCCG_015,47
CTCCTGACGTCCCATCCCCG_016,88
CTCCTGACGTCCCATCCCCG_017,121
CTCCTGACGTCCCATCCCCG_018,34
CTCCTGACGTCCCATCCCCG_019,34
CTCCTGACGTCCCATCCCCG_020,144
CTCCTGACGTCCCATCCCCG_021,77
CTCCTGACGTCCCATCCCCG_022,3
CTCCTGACGTCCCATCCCCG_023,104
CTCCTGACGTCCCATCCCCG_024,77
CTCCTGACGTCCCATCCCCG_025,144
CTCCTGACGTCCCATCCCCG_026,165
TACCTCAGCAATCCAGCAAG_001,94
TACCTCAGCAATCCAGCAAG_002,145
TACCTCAGCAATCCAGCAAG_003,50
ATCATGGTTCAACCGGAATG_001,31
ATCATGGTTCAACCGGAATG_002,106
AACTCAGCCGCCTGATGGTG_001,78
AACTCAGCCGCCTGATGGTG_002,162
AACTCAGCCGCCTGATGGTG_003,160
AACTCAGCCGCCTGATGGTG_004,53
AACTCAGCCGCCTGATGGTG_005,23
AACTCAGCCGCCTGATGGTG_006,114
AACTCAGCCGCCTGATGGTG_007,168
AACTCAGCCGCCTGATGGTG_008,42
AACTCAGCCGCCTGATGGTG_009,34
AACTCAGCCGCCTGATGGTG_010,80
AACTCAGCCGCCTGATGGTG_011,6
AACTCAGCCGCCTGATGGTG_012,160
AACTCAGCCGCCTGATGGTG_013,186
AACTCAGCCGCCTGATGGTG_014,175
AACTCAGCCGCCTGATGGTG_015,144
AACTCAGCCGCCTGATGGTG_016,77
AACTCAGCCGCCTGATGGTG_017,76
AACTCAGCCGCCTGATGGTG_018,12
AACTCAGCCGCCTGATGGTG_019,145
AACTCAGCCGCCTGATGGTG_020,2
AACTCAGCCGCCTGATGGTG_021,10
AACTCAGCCGCCTGATGGTG_022,82
AACTCAGCCGCCTGATGGTG_023,63
AACTCAGCCGCCTGATGGTG_024,169
GGCACTGTCTTTAAACACAG_001,15
GGCACTGTCTTTAAACACAG_002,184
GGCACTGTCTTTAAACACAG_003,8
GGCACTGTCTTTAAACACAG_004,7
GGCACTGTCTTTAAACACAG_005,94
GGCACTGTCTTTAAACACAG_006,168
CTTGTGTGCAGACCGGAACA_001,92
CTTGTGTGCAGACCGGAACA_002,157
CTTGTGTGCAGACCGGAACA_003,24
CTTGTGTGCAGACCGGAACA_004,20
CTTGTGTGCAGACCGGAACA_005,177
CTTGTGTGCAGACCGGAACA_006,197
GCAATAAGGATGTGTTGGCT_001,103
GATGAACCTGTACGCCACCT_001,105
GATGAACCTGTACGCCACCT_002,104
GATGAACCTGTACGCCACCT_003,66
GATGAACCTGTACGCCACCT_004,165
GTTGGATTCCAAAGGCCGCG_001,1
GTTGGATTCCAAAGGCCGCG_002,58
GTTGGATTCCAAAGGCCGCG_003,152
GTTGGATTCCAAAGGCCGCG_004,61
GTTGGATTCCAAAGGCCGCG_005,185
GTTGGATTCCAAAGGCCGCG_006,195
GTTGGATTCCAAAGGCCGCG_007,170
GTTGGATTCCAAAGGCCGCG_008,106
GTTGGATTCCAAAGGCCGCG_009,87
ACAGCTGTGTGTGATAATGG_001,127
ACAGCTGTGTGTGATAATGG_002,141
ACAGCTGTGTGTGATAATGG_003,113
ACAGCTGTGTGTGATAATGG_004,102
GGTTCTGTCCACTGTCGTAG_001,108
GGTTCTGTCCACTGTCGTAG_002,29
GGTTCTGTCCACTGTCGTAG_003,62
GGTTCTGTCCACTGTCGTAG_004,9
GGTTCTGTCCACTGTCGTAG_005,91
GGTTCTGTCCACTGTCGTAG_006,187
CATCATACTGCACCCAACGA_001,162
CATCATACTGCACCCAACGA_002,41
CATCATACTGCACCCAACGA_003,62
CATCATACTGCACCCAACGA_004,188
CATCATACTGCACCCAACGA_005,134
CATCATACTGCACCCAACGA_006,102
CATCATACTGCACCCAACGA_007,60
GTACCGTGATGGCACCAAGA_001,35
GTACCGTGATGGCACCAAGA_002,88
GTACCGTGATGGCACCAAGA_003,147
ACATCCACGCCCAGCACGCT_001,41
ACATCCACGCCCAGCACGCT_002,114
ACATCCACGCCCAGCACGCT_003,114
ACATCCACGCCCAGCACGCT_004,175
ACATCCACGCCCAGCACGCT_005,93
ACTTCATGAAGCAGACCATT_001,168
ACTTCATGAAGCAGACCATT_002,89
ACTTCATGAAGCAGACCATT_003,15
ACTTCATGAAGCAGACCATT_004,112
GGATATCATCATGCACTGGT_001,137
GGATATCATCATGCACTGGT_002,125
GGATATCATCATGCACTGGT_003,6
GGATATCATCATGCACTGGT_004,124
GCAACCCAGTTGGACAGAGT_001,68
GCAACCCAGTTGGACAGAGT_002,184
GCAACCCAGTTGGACAGAGT_003,196
GCAACCCAGTTGGACAGAGT_004,38
GCAACCCAGTTGGACAGAGT_005,57
GCAACCCAGTTGGACAGAGT_006,12
GCAACCCAGTTGGACAGAGT_007,77
GCAACCCAGTTGGACAGAGT_008,28
GCAACCCAGTTGGACAGAGT_009,28
GCAACCCAGTTGGACAGAGT_010,126
GTTAGTGCATAGCAAGAACC_001,164
GTTAGTGCATAGCAAGAACC_002,46
GTTAGTGCATAGCAAGAACC_003,28
GTTAGTGCATAGCAAGAACC_004,68
GTTAGTGCATAGCAAGAACC_005,170
GTTAGTGCATAGCAAGAACC_006,19
GTTAGTGCATAGCAAGAACC_007,148
GTTAGTGCATAGCAAGAACC_008,67
ATCATTGCTCCCATGCGCTG_001,35
ATCATTGCTCCCATGCGCTG_002,198
ATCATTGCTCCCATGCGCTG_003,58
ATCATTGCTCCCATGCGCTG_004,146
ATCATTGCTCCCATGCGCTG_005,180
ATCATTGCTCCCATGCGCTG_006,0
TCAGCAGAGGAGTTCAAACG_001,81
TTGACCTTAACTCAAATGGT_001,106
TTGACCTTAACTCAAATGGT_002,163
TTGACCTTAACTCAAATGGT_003,168
TTGACCTTAACTCAAATGGT_004,81
TTGACCTTAACTCAAATGGT_005,88
TTGACCTTAACTCAAATGGT_006,184
TTGACCTTAACTCAAATGGT_007,127
TAAATGCGCATAAAAACCAG_001,117
TAAATGCGCATAAAAACCAG_002,160
TAAATGCGCATAAAAACCAG_003,185
GGAGAGCTAAAGTCCAAGAG_001,177
GGAGAGCTAAAGTCCAAGAG_002,189
GGAGAGCTAAAGTCCAAGAG_003,130
GGAGAGCTAAAGTCCAAGAG_004,104
GGAGAGCTAAAGTCCAAGAG_005,77
GGAGAGCTAAAGTCCAAGAG_006,104
GGAGAGCTAAAGTCCAAGAG_007,184
GGAGAGCTAAAGTCCAAGAG_008,145
GGAGAGCTAAAGTCCAAGAG_009,47
GGAGAGCTAAAGTCCAAGAG_010,6
GGAGAGCTAAAGTCCAAGAG_011,1
GGAGAGCTAAAGTCCAAGAG_012,158
GGAGAGCTAAAGTCCAAGAG_013,94
GGAGAGCTAAAGTCCAAGAG_014,50
GGAGAGCTAAAGTCCAAGAG_015,88
GGAGAGCTAAAGTCCAAGAG_016,39
GGAGAGCTAAAGTCCAAGAG_017,123
GGAGAGCTAAAGTCCAAGAG_018,70
GTGGTCAGTCTGCTTCACGA_001,34
GTGGTCAGTCTGCTTCACGA_002,193
GTGGTCAGTCTGCTTCACGA_003,88
GTGGTCAGTCTGCTTCACGA_004,162
GTGGTCAGTCTGCTTCACGA_005,105
GTGGTCAGTCTGCTTCACGA_006,49
CAACTTTAGGGACTCTGCAG_001,166
CAACTTTAGGGACTCTGCAG_002,81
CAACTTTAGGGACTCTGCAG_003,72
CAACTTTAGGGACTCTGCAG_004,198
CAACTTTAGGGACTCTGCAG_005,170
CAAAAAGTTTAATATCCGCT_001,58
CAAAAAGTTTAATATCCGCT_002,48
CAAAAAGTTTAATATCCGCT_003,177
CAAAAAGTTTAATATCCGCT_004,138
ATGTCCGTGTGCGTGTCCGT_001,69
ATGTCCGTGTGCGTGTCCGT_002,0
ATGTCCGTGTGCGTGTCCGT_003,81
ATGTCCGTGTGCGTGTCCGT_004,19
ATGTCCGTGTGCGTGTCCGT_005,1
ATGTCCGTGTGCGTGTCCGT_006,65
ATGTCCGTGTGCGTGTCCGT_007,176
ATGTCCGTGTGCGTGTCCGT_008,190
ATGTCCGTGTGCGTGTCCGT_009,37
ATGTCCGTGTGCGTGTCCGT_010,61
ATAGCCGCCGCTCATTACTT_001,60
ATAGCCGCCGCTCATTACTT_002,120
ATAGCCGCCGCTCATTACTT_003,106
ATAGCCGCCGCTCATTACTT_004,65
ATAGCCGCCGCTCATTACTT_005,0
ATAGCCGCCGCTCATTACTT_006,113
ATAGCCGCCGCTCATTACTT_007,176
ATAGCCGCCGCTCATTACTT_008,75
ATAGCCGCCGCTCATTACTT_009,48
ATAGCCGCCGCTCATTACTT_010,33
ATAGCCGCCGCTCATTACTT_011,72
ATAGCCGCCGCTCATTACTT_012,198
ATAGCCGCCGCTCATTACTT_013,41
ATAGCCGCCGCTCATTACTT_014,80
ATAGCCGCCGCTCATTACTT_015,98
ATAGCCGCCGCTCATTACTT_016,158
ATAGCCGCCGCTCATTACTT_017,9
ATAGCCGCCGCTCATTACTT_018,65
ATAGCCGCCGCTCATTACTT_019,26
ATAGCCGCCGCTCATTACTT_020,91
ATAGCCGCCGCTCATTACTT_021,8
ATAGCCGCCGCTCATTACTT_022,124
ATAGCCGCCGCTCATTACTT_023,34
ATAGCCGCCGCTCATTACTT_024,6
CAAGAGCGAGTTGACAAACA_001,44
CAAGAGCGAGTTGACAAACA_002,137
CAAGAGCGAGTTGACAAACA_003,57
CAAGAGCGAGTTGACAAACA_004,35
CAAGAGCGAGTTGACAAACA_005,61
CAAGAGCGAGTTGACAAACA_006,56
CAAGAGCGAGTTGACAAACA_007,168
CAAGAGCGAGTTGACAAACA_008,8
CAAGAGCGAGTTGACAAACA_009,189
TATAGAACGAGAACCTCTAC_001,2
TGTGGACGTACTTGCCAGTG_001,143
TGTGGACGTACTTGCCAGTG_002,177
TGTGGACGTACTTGCCAGTG_003,16
TGTGGACGTACTTGCCAGTG_004,18
TGTGGACGTACTTGCCAGTG_005,146
TGTGGACGTACTTGCCAGTG_006,12
TGTGGACGTACTTGCCAGTG_007,112
GGGAGCTAATCCTGTCCAGG_001,26
GGGAGCTAATCCTGTCCAGG_002,1
TCAGTGCCACCACTAGACCT_001,177
TCAGTGCCACCACTAGACCT_002,128
TCAGTGCCACCACTAGACCT_003,162
TCAGTGCCACCACTAGACCT_004,51
TCAGTGCCACCACTAGACCT_005,125
TCAGTGCCACCACTAGACCT_006,19
TCAGTGCCACCACTAGACCT_007,57
TCAGTGCCACCACTAGACCT_008,42
TCAGTGCCACCACTAGACCT_009,9
TCAGTGCCACCACTAGACCT_010,141
TCAGTGCCACCACTAGACCT_011,32
TCAGTGCCACCACTAGACCT_012,129
TCAGTGCCACCACTAGACCT_013,23
TCAGTGCCACCACTAGACCT_014,126
TCAGTGCCACCACTAGACCT_015,168
TCAGTGCCACCACTAGACCT_016,80
TCAGTGCCACCACTAGACCT_017,9
TCAGTGCCACCACTAGACCT_018,39
TCAGTGCCACCACTAGACCT_019,104
TCAGTGCCACCACTAGACCT_020,10
TGGCTGGCCGACCTAACCAG_001,47
TGGCTGGCCGACCTAACCAG_002,83
TGGCTGGCCGACCTAACCAG_003,80
TGGCTGGCCGACCTAACCAG_004,50
TGGCTGGCCGACCTAACCAG_005,31
TGGCTGGCCGACCTAACCAG_006,25
TGGCTGGCCGACCTAACCAG_007,96
TGGCTGGCCGACCTAACCAG_008,104
CACCCGATTCAGGTCCACAG_001,88
CACCCGATTCAGGTCCACAG_002,58
CACCCGATTCAGGTCCACAG_003,144
CACCCGATTCAGGTCCACAG_004,60
CACCCGATTCAGGTCCACAG_005,34
CACCCGATTCAGGTCCACAG_006,95
CACCCGATTCAGGTCCACAG_007,113
CACCCGATTCAGGTCCACAG_008,94
CACCCGATTCAGGTCCACAG_009,198
CACCCGATTCAGGTCCACAG_010,16
CACCCGATTCAGGTCCACAG_011,6
CACCCGATTCAGGTCCACAG_012,161
CACCCGATTCAGGTCCACAG_013,78
CACCCGATTCAGGTCCACAG_014,140
CACCCGATTCAGGTCCACAG_015,47
CACCCGATTCAGGTCCACAG_016,6
TGTCCCATCTTCTGACGTGA_001,160
TGTCCCATCTTCTGACGTGA_002,94
TGTCCCATCTTCTGACGTGA_003,56
TGTCCCATCTTCTGACGTGA_004,124
ATGTTGCTAAATGTAGACAA_001,80
ATGTTGCTAAATGTAGACAA_002,181
ATGTTGCTAAATGTAGACAA_003,186
ATGTTGCTAAATGTAGACAA_004,177
ATGTTGCTAAATGTAGACAA_005,88
ATGTTGCTAAATGTAGACAA_006,199
ACCCAGACCCGAAGCACGTG_001,34
ACCCAGACCCGAAGCACGTG_002,72
ACCCAGACCCGAAGCACGTG_003,23
ACCCAGACCCGAAGCACGTG_004,188
ACCCAGACCCGAAGCACGTG_005,56
ACCCAGACCCGAAGCACGTG_006,166
ACCCAGACCCGAAGCACGTG_007,81
ACCCAGACCCGAAGCACGTG_008,137
ACCCAGACCCGAAGCACGTG_009,152
ACCCAGACCCGAAGCACGTG_010,160
ACCCAGACCCGAAGCACGTG_011,66
ACCCAGACCCGAAGCACGTG_012,141
ACCCAGACCCGAAGCACGTG_013,81
ACCCAGACCCGAAGCACGTG_014,58
ACCCAGACCCGAAGCACGTG_015,134
ACCCAGACCCGAAGCACGTG_016,38
ACCCAGACCCGAAGCACGTG_017,102
ACCCAGACCCGAAGCACGTG_018,150
ACCCAGACCCGAAGCACGTG_019,148
ACCCAGACCCGAAGCACGTG_020,41
ACCCAGACCCGAAGCACGTG_021,84
ACCCAGACCCGAAGCACGTG_022,197
ACCCAGACCCGAAGCACGTG_023,111
ACCCAGACCCGAAGCACGTG_024,172
ACCCAGACCCGAAGCACGTG_025,169
ACCCAGACCCGAAGCACGTG_026,102
ACCCAGACCCGAAGCACGTG_027,161
ACCCAGACCCGAAGCACGTG_028,160
ACCCAGACCCGAAGCACGTG_029,117
ACCCAGACCCGAAGCACGTG_030,124
ACCCAGACCCGAAGCACGTG_031,172
ACCCAGACCCGAAGCACGTG_032,145
ACCCAGACCCGAAGCACGTG_033,120
AGTACAGCTCCAATGGCAAG_001,17
AGTACAGCTCCAATGGCAAG_002,17
AGTACAGCTCCAATGGCAAG_003,126
AGTACAGCTCCAATGGCAAG_004,158
AGTACAGCTCCAATGGCAAG_005,115
AGTACAGCTCCAATGGCAAG_006,147
AGTACAGCTCCAATGGCAAG_007,102
AGTACAGCTCCAATGGCAAG_008,65
AGTACAGCTCCAATGGCAAG_009,133
AGTACAGCTCCAATGGCAAG_010,160
GAGAAGCACATACGAGCCCA_001,79
GAGAAGCACATACGAGCCCA_002,172
GAGAAGCACATACGAGCCCA_003,84
GAGAAGCACATACGAGCCCA_004,50
GAGAAGCACATACGAGCCCA_005,182
GAGAAGCACATACGAGCCCA_006,134
GAGAAGCACATACGAGCCCA_007,157
GAGAAGCACATACGAGCCCA_008,147
GAGAAGCACATACGAGCCCA_009,104
GAGAAGCACATACGAGCCCA_010,47
GAGAAGCACATACGAGCCCA_011,15
GAGAAGCACATACGAGCCCA_012,128
GAGAAGCACATACGAGCCCA_013,163
GAGAAGCACATACGAGCCCA_014,21
GAGAAGCACATACGAGCCCA_015,101
GAGAAGCACATACGAGCCCA_016,138
GAGAAGCACATACGAGCCCA_017,19
GAGAAGCACATACGAGCCCA_018,14
GAGAAGCACATACGAGCCCA_019,169
GAGAAGCACATACGAGCCCA_020,175
GATCATGGAGTCTTGACACC_001,183
GATCATGGAGTCTTGACACC_002,195
GATCATGGAGTCTTGACACC_003,70
GATCATGGAGTCTTGACACC_004,183
GATCATGGAGTCTTGACACC_005,167
GATCATGGAGTCTTGACACC_006,13
GATCATGGAGTCTTGACACC_007,104
GATCATGGAGTCTTGACACC_008,36
GATCATGGAGTCTTGACACC_009,187
GATCATGGAGTCTTGACACC_010,114
GCCCGACCTTCCAGTCGTTG_001,70
GCCCGACCTTCCAGTCGTTG_002,197
ACGCCAGGTAACAACCAACG_001,126
GGTAGACGTGTAGGGCCAGA_001,62
GGTAGACGTGTAGGGCCAGA_002,60
GGTAGACGTGTAGGGCCAGA_003,40
GGTAGACGTGTAGGGCCAGA_004,188
GGTAGACGTGTAGGGCCAGA_005,197
GGTAGACGTGTAGGGCCAGA_006,59
GGTAGACGTGTAGGGCCAGA_007,15
GGTAGACGTGTAGGGCCAGA_008,12
GGTAGACGTGTAGGGCCAGA_009,40
GGTAGACGTGTAGGGCCAGA_010,156
GGTAGACGTGTAGGGCCAGA_011,66
GGTAGACGTGTAGGGCCAGA_012,23
GGTAGACGTGTAGGGCCAGA_013,48
GGTAGACGTGTAGGGCCAGA_014,4
AGAGCTGGAGAGACTAGAAA_001,138
AGAGCTGGAGAGACTAGAAA_002,142
AGAGCTGGAGAGACTAGAAA_003,113
AGAGCTGGAGAGACTAGAAA_004,113
AGAGCTGGAGAGACTAGAAA_005,28
AGAGCTGGAGAGACTAGAAA_006,23
AGAGCTGGAGAGACTAGAAA_007,56
AGAGCTGGAGAGACTAGAAA_008,118
GCAACGATCAGCATTCACCA_001,68
GCAACGATCAGCATTCACCA_002,184
GCAACGATCAGCATTCACCA_003,12
GCAACGATCAGCATTCACCA_004,61
GCAACGATCAGCATTCACCA_005,105
GCAACGATCAGCATTCACCA_006,8
GCAACGATCAGCATTCACCA_007,81
GCAACGATCAGCATTCACCA_008,106
GCAACGATCAGCATTCACCA_009,155
GCTAGGGACACCCAAGTCAG_001,30
GCTAGGGACACCCAAGTCAG_002,82
GCTAGGGACACCCAAGTCAG_003,93
GCTAGGGACACCCAAGTCAG_004,190
GCTAGGGACACCCAAGTCAG_005,28
GCTAGGGACACCCAAGTCAG_006,84
GCTAGGGACACCCAAGTCAG_007,31
GCTAGGGACACCCAAGTCAG_008,56
TATACTGCGGATCAATCTGA_001,137
TATACTGCGGATCAATCTGA_002,191
TATACTGCGGATCAATCTGA_003,198
TATACTGCGGATCAATCTGA_004,158
GGGCTGCCACAGATACGCAG_001,117
GGGCTGCCACAGATACGCAG_002,88
TCAACGCGCTGGAATGCACG_001,138
TCAACGCGCTGGAATGCACG_002,106
TCAACGCGCTGGAATGCACG_003,155
TCAACGCGCTGGAATGCACG_004,60
TCAACGCGCTGGAATGCACG_005,63
TCAACGCGCTGGAATGCACG_006,193
TCAACGCGCTGGAATGCACG_007,41
TCAACGCGCTGGAATGCACG_008,129
TCAACGCGCTGGAATGCACG_009,187
TCAACGCGCTGGAATGCACG_010,98
TCAACGCGCTGGAATGCACG_011,168
GGCTTCTCGAGCGGCCAACG_001,78
GGCTTCTCGAGCGGCCAACG_002,157
GGCTTCTCGAGCGGCCAACG_003,75
TGAGATTCCCAATGAACACA_001,34
TGAGATTCCCAATGAACACA_002,40
TGAGATTCCCAATGAACACA_003,141
TGAGATTCCCAATGAACACA_004,197
TGAGATTCCCAATGAACACA_005,150
TGAGATTCCCAATGAACACA_006,186
TGAGATTCCCAATGAACACA_007,62
TGAGATTCCCAATGAACACA_008,125
TGAGATTCCCAATGAACACA_009,60
CAACACGCGGAAAAAGTTGG_001,29
CAACACGCGGAAAAAGTTGG_002,194
CAACACGCGGAAAAAGTTGG_003,175
CAACACGCGGAAAAAGTTGG_004,63
CAACACGCGGAAAAAGTTGG_005,106
CAACACGCGGAAAAAGTTGG_006,65
CAACACGCGGAAAAAGTTGG_007,86
CAACACGCGGAAAAAGTTGG_008,122
CAACACGCGGAAAAAGTTGG_009,12
CAACACGCGGAAAAAGTTGG_010,155
AGCCCCGGAATCCATTGTGT_001,197
AGCCCCGGAATCCATTGTGT_002,165
AGCCCCGGAATCCATTGTGT_003,56
AGCCCCGGAATCCATTGTGT_004,83
AGCCCCGGAATCCATTGTGT_005,137
AGGCAACGTATGGCGACGCT_001,29
ACTCACCCGGAATGTGACAA_001,149
ACTCACCCGGAATGTGACAA_002,52
ACTCACCCGGAATGTGACAA_003,86
ACTCACCCGGAATGTGACAA_004,156
ACTCACCCGGAATGTGACAA_005,12
ACTCACCCGGAATGTGACAA_006,113
ACTCACCCGGAATGTGACAA_007,70
ACTCACCCGGAATGTGACAA_008,94
ACTCACCCGGAATGTGACAA_009,149
ACTCACCCGGAATGTGACAA_010,124
ACTCACCCGGAATGTGACAA_011,183
TCAAACGTCTTGTAACACGC_001,116
TCAAACGTCTTGTAACACGC_002,49
TCAAACGTCTTGTAACACGC_003,48
TCAAACGTCTTGTAACACGC_004,41
GGCTAGTGTGTGTAGCCGTG_001,8
GGCTAGTGTGTGTAGCCGTG_002,158
GGCTAGTGTGTGTAGCCGTG_003,62
GGCTAGTGTGTGTAGCCGTG_004,63
GTTTCCAAACATAACGACAA_001,72
TTCATGGCAGGAAAACTCGG_001,17
TTCATGGCAGGAAAACTCGG_002,62
TTCATGGCAGGAAAACTCGG_003,106
TTCATGGCAGGAAAACTCGG_004,19
TTCATGGCAGGAAAACTCGG_005,128
TTCATGGCAGGAAAACTCGG_006,160
TTCATGGCAGGAAAACTCGG_007,178
TTCATGGCAGGAAAACTCGG_008,86
TTCATGGCAGGAAAACTCGG_009,26
TTCATGGCAGGAAAACTCGG_010,116
TTCATGGCAGGAAAACTCGG_011,135
TTCATGGCAGGAAAACTCGG_012,113
TTCATGGCAGGAAAACTCGG_013,199
TTCATGGCAGGAAAACTCGG_014,150
TTCATGGCAGGAAAACTCGG_015,48
TTCATGGCAGGAAAACTCGG_016,76
TTCATGGCAGGAAAACTCGG_017,105
TTCATGGCAGGAAAACTCGG_018,160
TTCATGGCAGGAAAACTCGG_019,40
TTCATGGCAGGAAAACTCGG_020,73
TTCATGGCAGGAAAACTCGG_021,57
TTCATGGCAGGAAAACTCGG_022,184
TTCATGGCAGGAAAACTCGG_023,78
TTCATGGCAGGAAAACTCGG_024,12
GTAAAAGATGCTACTAACAC_001,69
GTAAAAGATGCTACTAACAC_002,174
GTAAAAGATGCTACTAACAC_003,160
GTAAAAGATGCTACTAACAC_004,86
GTAAAAGATGCTACTAACAC_005,88
CCGTAGGTTGCGTATCAAAG_001,113
CCGTAGGTTGCGTATCAAAG_002,5
CCGTAGGTTGCGTATCAAAG_003,33
CCGTAGGTTGCGTATCAAAG_004,65
CCGTAGGTTGCGTATCAAAG_005,175
CCGTAGGTTGCGTATCAAAG_006,175
GAACGTGGGAATGAACGACC_001,78
GAACGTGGGAATGAACGACC_002,60
GAACGTGGGAATGAACGACC_003,26
GAACGTGGGAATGAACGACC_004,69
GTGCCATCTGCACTCATGTG_001,144
GTGCCATCTGCACTCATGTG_002,81
GTGCCATCTGCACTCATGTG_003,8
GTGCCATCTGCACTCATGTG_004,165
GTGCCATCTGCACTCATGTG_005,94
GTGCCATCTGCACTCATGTG_006,0
GTGCCATCTGCACTCATGTG_007,106
GTGCCATCTGCACTCATGTG_008,41
GTGCCATCTGCACTCATGTG_009,152
GTGCCATCTGCACTCATGTG_010,84
GTGCCATCTGCACTCATGTG_011,11
GTGCCATCTGCACTCATGTG_012,32
GTGCCATCTGCACTCATGTG_013,134
GTGCCATCTGCACTCATGTG_014,160
GTGCCATCTGCACTCATGTG_015,46
GTGCCATCTGCACTCATGTG_016,66
GTGCCATCTGCACTCATGTG_017,97
GTGCCATCTGCACTCATGTG_018,4
GTGCCATCTGCACTCATGTG_019,75
GTGCCATCTGCACTCATGTG_020,6
TTTGAAGCTCGATAATACTG_001,194
GAGCCAGAGATAATAAACTG_001,88
GAGCCAGAGATAATAAACTG_002,23
GAGCCAGAGATAATAAACTG_003,121
GAGCCAGAGATAATAAACTG_004,138
GAGCCAGAGATAATAAACTG_005,17
GAGCCAGAGATAATAAACTG_006,6
GAGCCAGAGATAATAAACTG_007,6
GAGCTGCCAGTATTGAGTGA_001,94
GAGCTGCCAGTATTGAGTGA_002,73
GAGCTGCCAGTATTGAGTGA_003,81
AAGGATGATTCTCACTCAGC_001,102
AAGGATGATTCTCACTCAGC_002,28
AAGGATGATTCTCACTCAGC_003,88
AAGGATGATTCTCACTCAGC_004,70
AAGGATGATTCTCACTCAGC_005,102
AAGGATGATTCTCACTCAGC_006,47
AAGGATGATTCTCACTCAGC_007,65
AAGGATGATTCTCACTCAGC_008,81
AAGGATGATTCTCACTCAGC_009,62
AAGGATGATTCTCACTCAGC_010,118
CCCACACCGCCCGCTCCATG_001,35
CCCACACCGCCCGCTCCATG_002,137
CCCACACCGCCCGCTCCATG_003,88
CCCACACCGCCCGCTCCATG_004,104
CCCACACCGCCCGCTCCATG_005,169
CCCACACCGCCCGCTCCATG_006,72
CCCACACCGCCCGCTCCATG_007,137
CCCACACCGCCCGCTCCATG_008,121
CCCACACCGCCCGCTCCATG_009,87
CCCACACCGCCCGCTCCATG_010,127
CCCACACCGCCCGCTCCATG_011,166
CCCACACCGCCCGCTCCATG_012,154
CCCACACCGCCCGCTCCATG_013,143
CCCACACCGCCCGCTCCATG_014,165
CCCACACCGCCCGCTCCATG_015,169
CCCACACCGCCCGCTCCATG_016,25
CCCACACCGCCCGCTCCATG_017,198
CCCACACCGCCCGCTCCATG_018,4
CCCACACCGCCCGCTCCATG_019,76
CCCACACCGCCCGCTCCATG_020,140
CCCACACCGCCCGCTCCATG_021,95
CCCACACCGCCCGCTCCATG_022,82
CCCACACCGCCCGCTCCATG_023,32
CCCACACCGCCCGCTCCATG_024,40
CCCACACCGCCCGCTCCATG_025,155
CCCACACCGCCCGCTCCATG_026,185
CCCACACCGCCCGCTCCATG_027,3
CCCACACCGCCCGCTCCATG_028,138
CCCACACCGCCCGCTCCATG_029,152
CCCACACCGCCCGCTCCATG_030,103
CCCACACCGCCCGCTCCATG_031,33
CCCACACCGCCCGCTCCATG_032,68
CCCACACCGCCCGCTCCATG_033,136
CCCACACCGCCCGCTCCATG_034,191
CCCACACCGCCCGCTCCATG_035,10
CCCACACCGCCCGCTCCATG_036,32
CCCACACCGCCCGCTCCATG_037,190
GGAACCCGGAGATCCTGGGT_001,183
GGAACCCGGAGATCCTGGGT_002,0
GGAACCCGGAGATCCTGGGT_003,174
GGAACCCGGAGATCCTGGGT_004,174
GGAACCCGGAGATCCTGGGT_005,31
GGAACCCGGAGATCCTGGGT_006,61
GGAACCCGGAGATCCTGGGT_007,195
GGAACCCGGAGATCCTGGGT_008,121
GGAACCCGGAGATCCTGGGT_009,42
GGAACCCGGAGATCCTGGGT_010,189
GGAACCCGGAGATCCTGGGT_011,130
GGAACCCGGAGATCCTGGGT_012,182
GGAACCCGGAGATCCTGGGT_013,35
GGAACCCGGAGATCCTGGGT_014,17
TGGAGTTGTACTGCGCCGTG_001,29
TGGAGTTGTACTGCGCCGTG_002,56
TGGAGTTGTACTGCGCCGTG_003,6
TGGAGTTGTACTGCGCCGTG_004,6
TGGAGTTGTACTGCGCCGTG_005,156
TGGAGTTGTACTGCGCCGTG_006,151
GACCGAGGGCACTTCCTGAG_001,8
GACCGAGGGCACTTCCTGAG_002,154
GACCGAGGGCACTTCCTGAG_003,24
GACCGAGGGCACTTCCTGAG_004,95
GACCGAGGGCACTTCCTGAG_005,81
GACCGAGGGCACTTCCTGAG_006,20
GACCGAGGGCACTTCCTGAG_007,78
GACCGAGGGCACTTCCTGAG_008,57
GACCGAGGGCACTTCCTGAG_009,43
GACCGAGGGCACTTCCTGAG_010,12
GACCGAGGGCACTTCCTGAG_011,2
GACCGAGGGCACTTCCTGAG_012,87
TGATCGACTTGGACGATCAG_001,1
TGATCGACTTGGACGATCAG_002,197
TGATCGACTTGGACGATCAG_003,171
TGATCGACTTGGACGATCAG_004,88
TGATCGACTTGGACGATCAG_005,126
TGATCGACTTGGACGATCAG_006,113
TGATCGACTTGGACGATCAG_007,140
TGATCGACTTGGACGATCAG_008,25
TGATCGACTTGGACGATCAG_009,133
TGATCGACTTGGACGATCAG_010,49
TGATCGACTTGGACGATCAG_011,48
TGATCGACTTGGACGATCAG_012,40
TGATCGACTTGGACGATCAG_013,136
TGATCGACTTGGACGATCAG_014,155
TGATCGACTTGGACGATCAG_015,197
TGATCGACTTGGACGATCAG_016,47
TGATCGACTTGGACGATCAG_017,108
TGATCGACTTGGACGATCAG_018,34
TGGGGAAGACTCAAGCAACC_001,40
TGGGGAAGACTCAAGCAACC_002,113
TGGGGAAGACTCAAGCAACC_003,129
AGAAAAATCCCCGGGCAGTG_001,185
AGAAAAATCCCCGGGCAGTG_002,144
AGAAAAATCCCCGGGCAGTG_003,19
AGAAAAATCCCCGGGCAGTG_004,48
AGAAAAATCCCCGGGCAGTG_005,140
AGAAAAATCCCCGGGCAGTG_006,28
AGAAAAATCCCCGGGCAGTG_007,188
AGAAAAATCCCCGGGCAGTG_008,2
AGAAAAATCCCCGGGCAGTG_009,116
AGAAAAATCCCCGGGCAGTG_010,137
AGAAAAATCCCCGGGCAGTG_011,42
AGAAAAATCCCCGGGCAGTG_012,157
AGAAAAATCCCCGGGCAGTG_013,102
AGAAAAATCCCCGGGCAGTG_014,1
AGAAAAATCCCCGGGCAGTG_015,27
AGAAAAATCCCCGGGCAGTG_016,73
AGAAAAATCCCCGGGCAGTG_017,83
AGAAAAATCCCCGGGCAGTG_018,152
AGAAAAATCCCCGGGCAGTG_019,62
AGAAAAATCCCCGGGCAGTG_020,88
AGAAAAATCCCCGGGCAGTG_021,93
AGAAAAATCCCCGGGCAGTG_022,69
ACTTGATCTATCCGTAGTAA_001,70
AGAAGACCCCCAGTACGGTG_001,151
AGAAGACCCCCAGTACGGTG_002,17
AGAAGACCCCCAGTACGGTG_003,5
AGAAGACCCCCAGTACGGTG_004,156
AGAAGACCCCCAGTACGGTG_005,83
AGAAGACCCCCAGTACGGTG_006,107
AGAAGACCCCCAGTACGGTG_007,55
AGAAGACCCCCAGTACGGTG_008,29
AGAAGACCCCCAGTACGGTG_009,85
AGAAGACCCCCAGTACGGTG_010,92
AGAAGACCCCCAGTACGGTG_011,5
AGAAGACCCCCAGTACGGTG_012,45
AGAAGACCCCCAGTACGGTG_013,141
AGAAGACCCCCAGTACGGTG_014,76
AGAAGACCCCCAGTACGGTG_015,197
AGAAGACCCCCAGTACGGTG_016,104
AGAAGACCCCCAGTACGGTG_017,69
AGAAGACCCCCAGTACGGTG_018,48
AGAAGACCCCCAGTACGGTG_019,100
AGAAGACCCCCAGTACGGTG_020,75
AGAAGACCCCCAGTACGGTG_021,6
AGAAGACCCCCAGTACGGTG_022,151
AGAAGACCCCCAGTACGGTG_023,149
AGAAGACCCCCAGTACGGTG_024,66
AGAAGACCCCCAGTACGGTG_025,78
AGAAGACCCCCAGTACGGTG_026,90
AGAAGACCCCCAGTACGGTG_027,196
AGAAGACCCCCAGTACGGTG_028,172
AGAAGACCCCCAGTACGGTG_029,75
CAGAGGCGAGTATATAGGTG_001,6
CAGAGGCGAGTATATAGGTG_002,67
CAGAGGCGAGTATATAGGTG_003,166
CAGAGGCGAGTATATAGGTG_004,119
CAGAGGCGAGTATATAGGTG_005,94
CAGAGGCGAGTATATAGGTG_006,176
CAGAGGCGAGTATATAGGTG_007,126
CAGAGGCGAGTATATAGGTG_008,199
TGGGAGCAGACAGTACCTTG_001,160
TGGGAGCAGACAGTACCTTG_002,19
TGGGAGCAGACAGTACCTTG_003,121
TGGGAGCAGACAGTACCTTG_004,19
TGGGAGCAGACAGTACCTTG_005,60
TGGGAGCAGACAGTACCTTG_006,133
TGGGAGCAGACAGTACCTTG_007,178
TGGGAGCAGACAGTACCTTG_008,27
TGGGAGCAGACAGTACCTTG_009,110
TGGGAGCAGACAGTACCTTG_010,192
TGGGAGCAGACAGTACCTTG_011,83
TGGGAGCAGACAGTACCTTG_012,174
TGGGAGCAGACAGTACCTTG_013,117
TGGGAGCAGACAGTACCTTG_014,185
TGGGAGCAGACAGTACCTTG_015,17
TGGGAGCAGACAGTACCTTG_016,76
TGGGAGCAGACAGTACCTTG_017,92
TGGGAGCAGACAGTACCTTG_018,130
TGGGAGCAGACAGTACCTTG_019,105
TGGGAGCAGACAGTACCTTG_020,26
TGGGAGCAGACAGTACCTTG_021,45
TGGGAGCAGACAGTACCTTG_022,42
TGGGAGCAGACAGTACCTTG_023,74
GCGGCCGTACTACCAGACGG_001,22
GCGGCCGTACTACCAGACGG_002,19
GCGGCCGTACTACCAGACGG_003,24
GCGGCCGTACTACCAGACGG_004,154
GCGGCCGTACTACCAGACGG_005,188
GCGGCCGTACTACCAGACGG_006,20
GCGGCCGTACTACCAGACGG_007,170
GCGGCCGTACTACCAGACGG_008,103
GCGGCCGTACTACCAGACGG_009,55
GCGGCCGTACTACCAGACGG_010,54
GCGGCCGTACTACCAGACGG_011,66
GCGGCCGTACTACCAGACGG_012,175
GCGGCCGTACTACCAGACGG_013,83
GCGGCCGTACTACCAGACGG_014,21
GCGGCCGTACTACCAGACGG_015,60
GCGGCCGTACTACCAGACGG_016,55
GCGGCCGTACTACCAGACGG_017,170
GACCGAGAGCATGGATACCG_001,20
GACCGAGAGCATGGATACCG_002,192
GACCGAGAGCATGGATACCG_003,127
GACCGAGAGCATGGATACCG_004,124
GACCGAGAGCATGGATACCG_005,141
GACCGAGAGCATGGATACCG_006,198
GACCGAGAGCATGGATACCG_007,77
GACCGAGAGCATGGATACCG_008,17
GACCGAGAGCATGGATACCG_009,127
GACCGAGAGCATGGATACCG_010,127
GACCGAGAGCATGGATACCG_011,185
GACCGAGAGCATGGATACCG_012,76
GACCGAGAGCATGGATACCG_013,95
GACCGAGAGCATGGATACCG_014,12
GACCGAGAGCATGGATACCG_015,30
GACCGAGAGCATGGATACCG_016,145
GACCGAGAGCATGGATACCG_017,69
GACCGAGAGCATGGATACCG_018,19
GACCGAGAGCATGGATACCG_019,183
GACCGAGAGCATGGATACCG_020,78
GACCGAGAGCATGGATACCG_021,5
GACCGAGAGCATGGATACCG_022,15
GACCGAGAGCATGGATACCG_023,96
GACCGAGAGCATGGATACCG_024,47
GACCGAGAGCATGGATACCG_025,196
GACCGAGAGCATGGATACCG_026,106
GACCGAGAGCATGGATACCG_027,103
GACCGAGAGCATGGATACCG_028,152
GACCGAGAGCATGGATACCG_029,152
GACCGAGAGCATGGATACCG_030,43
GACCGAGAGCATGGATACCG_031,6
GACCGAGAGCATGGATACCG_032,11
GACCGAGAGCATGGATACCG_033,147
GACCGAGAGCATGGATACCG_034,77
GACCGAGAGCATGGATACCG_035,49
GACCGAGAGCATGGATACCG_036,48
CCTTGTAGGAAGAATAGGCT_001,116
CCTTGTAGGAAGAATAGGCT_002,83
CCTTGTAGGAAGAATAGGCT_003,32
CCTTGTAGGAAGAATAGGCT_004,14
CCTTGTAGGAAGAATAGGCT_005,11
CCTTGTAGGAAGAATAGGCT_006,129
AGGTTGGCTGCAGACAACGA_001,8
AGGTTGGCTGCAGACAACGA_002,105
AGGTTGGCTGCAGACAACGA_003,124
GGCCTTGATCGGTCTCAACA_001,113
GGCCTTGATCGGTCTCAACA_002,58
GGCCTTGATCGGTCTCAACA_003,127
GGCCTTGATCGGTCTCAACA_004,84
CACTGAGAGACATTAATACA_001,187
CACTGAGAGACATTAATACA_002,112
CACTGAGAGACATTAATACA_003,50
AGTCCCATGAGCAGAATCCT_001,146
AGTCCCATGAGCAGAATCCT_002,146
AGTCCCATGAGCAGAATCCT_003,124
AGTCCCATGAGCAGAATCCT_004,175
AGTCCCATGAGCAGAATCCT_005,94
AGTCCCATGAGCAGAATCCT_006,50
AGTCCCATGAGCAGAATCCT_007,1
AGTCCCATGAGCAGAATCCT_008,48
AGTCCCATGAGCAGAATCCT_009,81
AGTCCCATGAGCAGAATCCT_010,78
AGTCCCATGAGCAGAATCCT_011,168
CATGTCTATCGTTATCACAG_001,12
CATGTCTATCGTTATCACAG_002,147
CATGTCTATCGTTATCACAG_003,174
CATGTCTATCGTTATCACAG_004,7
ATCCTGACATCCATCATGAG_001,183
ATCCTGACATCCATCATGAG_002,116
ATCCTGACATCCATCATGAG_003,15
ATCCTGACATCCATCATGAG_004,65
ATCCTGACATCCATCATGAG_005,126
ATCCTGACATCCATCATGAG_006,137
ATCCTGACATCCATCATGAG_007,66
ATCCTGACATCCATCATGAG_008,51
CTGGACGTGATCGACAAGTG_001,185
CTGGACGTGATCGACAAGTG_002,137
CTGGACGTGATCGACAAGTG_003,78
CTGGACGTGATCGACAAGTG_004,12
CTGGACGTGATCGACAAGTG_005,32
CTGGACGTGATCGACAAGTG_006,145
CTGGACGTGATCGACAAGTG_007,78
CTGGACGTGATCGACAAGTG_008,178
CTGGACGTGATCGACAAGTG_009,45
CTGGACGTGATCGACAAGTG_010,126
CTGGACGTGATCGACAAGTG_011,181
CTGGACGTGATCGACAAGTG_012,72
CTGGACGTGATCGACAAGTG_013,192
CTGGACGTGATCGACAAGTG_014,58
CTGGACGTGATCGACAAGTG_015,68
CTGGACGTGATCGACAAGTG_016,94
CTGGACGTGATCGACAAGTG_017,106
CTGGACGTGATCGACAAGTG_018,16
CTGGACGTGATCGACAAGTG_019,192
CTGGACGTGATCGACAAGTG_020,199
CTGGACGTGATCGACAAGTG_021,41
CTGGACGTGATCGACAAGTG_022,58
CTGGACGTGATCGACAAGTG_023,0
CTGGACGTGATCGACAAGTG_024,3
CTGGACGTGATCGACAAGTG_025,184
CTGGACGTGATCGACAAGTG_026,106
CTGGACGTGATCGACAAGTG_027,91
CTGGACGTGATCGACAAGTG_028,194
CTGGACGTGATCGACAAGTG_029,104
AAAGACTCACCATATTACCA_001,198
AGGAGTACATCAAGACGGGA_001,154
AGGAGTACATCAAGACGGGA_002,19
AGGAGTACATCAAGACGGGA_003,32
AGGAGTACATCAAGACGGGA_004,177
AGGAGTACATCAAGACGGGA_005,174
AGGAGTACATCAAGACGGGA_006,117
AGGAGTACATCAAGACGGGA_007,134
AGGAGTACATCAAGACGGGA_008,115
AGGAGTACATCAAGACGGGA_009,131
AGGAGTACATCAAGACGGGA_010,26
AGGAGTACATCAAGACGGGA_011,159
AGGAGTACATCAAGACGGGA_012,61
AGGAGTACATCAAGACGGGA_013,116
AGGAGTACATCAAGACGGGA_014,15
AGGAGTACATCAAGACGGGA_015,117
AGGAGTACATCAAGACGGGA_016,169
AGGAGTACATCAAGACGGGA_017,112
AGGAGTACATCAAGACGGGA_018,70
AGGAGTACATCAAGACGGGA_019,52
AGGAGTACATCAAGACGGGA_020,107
AGGAGTACATCAAGACGGGA_021,159
AGGAGTACATCAAGACGGGA_022,149
AGGAGTACATCAAGACGGGA_023,168
AGGAGTACATCAAGACGGGA_024,113
AGGAGTACATCAAGACGGGA_025,137
AGGAGTACATCAAGACGGGA_026,124
AGGAGTACATCAAGACGGGA_027,24
AGGAGTACATCAAGACGGGA_028,55
AGGAGTACATCAAGACGGGA_029,116
AGGAGTACATCAAGACGGGA_030,57
AGGAGTACATCAAGACGGGA_031,109
AGGAGTACATCAAGACGGGA_032,109
AGGAGTACATCAAGACGGGA_033,21
AGGGGCAGGGCTATCTTATG_001,184
AGGGGCAGGGCTATCTTATG_002,4
AGGGGCAGGGCTATCTTATG_003,98
AGGGGCAGGGCTATCTTATG_004,54
AGGGGCAGGGCTATCTTATG_005,158
AGGGGCAGGGCTATCTTATG_006,61
AGGGGCAGGGCTATCTTATG_007,170
AGGGGCAGGGCTATCTTATG_008,88
AGGGGCAGGGCTATCTTATG_009,96
AGGGGCAGGGCTATCTTATG_010,154
AGGGGCAGGGCTATCTTATG_011,115
AGGGGCAGGGCTATCTTATG_012,83
AGGGGCAGGGCTATCTTATG_013,1
AGGGGCAGGGCTATCTTATG_014,2
AGGGGCAGGGCTATCTTATG_015,198
ATACCAGATGCGTCCGCTTG_001,142
ATACCAGATGCGTCCGCTTG_002,29
ATACCAGATGCGTCCGCTTG_003,16
ATACCAGATGCGTCCGCTTG_004,17
ATACCAGATGCGTCCGCTTG_005,177
ATACCAGATGCGTCCGCTTG_006,12
ATACCAGATGCGTCCGCTTG_007,189
ATACCAGATGCGTCCGCTTG_008,9
ATACCAGATGCGTCCGCTTG_009,145
ATACCAGATGCGTCCGCTTG_010,72
ATACCAGATGCGTCCGCTTG_011,100
ATACCAGATGCGTCCGCTTG_012,189
ATACCAGATGCGTCCGCTTG_013,133
ATACCAGATGCGTCCGCTTG_014,188
ATACCAGATGCGTCCGCTTG_015,96
ATACCAGATGCGTCCGCTTG_016,60
ATACCAGATGCGTCCGCTTG_017,8
ATACCAGATGCGTCCGCTTG_018,40
ATACCAGATGCGTCCGCTTG_019,162
ATACCAGATGCGTCCGCTTG_020,30
ATACCAGATGCGTCCGCTTG_021,92
ATACCAGATGCGTCCGCTTG_022,27
ATACCAGATGCGTCCGCTTG_023,94
ATACCAGATGCGTCCGCTTG_024,166
ATACCAGATGCGTCCGCTTG_025,188
ATACCAGATGCGTCCGCTTG_026,39
ATACCAGATGCGTCCGCTTG_027,3
ATACCAGATGCGTCCGCTTG_028,70
ATACCAGATGCGTCCGCTTG_029,179
TTTGAAGGCTGTTATAGCGA_001,151
TTTGAAGGCTGTTATAGCGA_002,70
TTTGAAGGCTGTTATAGCGA_003,94
TTTGAAGGCTGTTATAGCGA_004,77
CATGGATCAAGACTACGCCA_001,85
CATGGATCAAGACTACGCCA_002,34
CATGGATCAAGACTACGCCA_003,17
CATGGATCAAGACTACGCCA_004,80
CATGGATCAAGACTACGCCA_005,161
CGCTGGCCCTCCCTCCAGGG_001,199
CGCTGGCCCTCCCTCCAGGG_002,76
CGCTGGCCCTCCCTCCAGGG_003,87
CGCTGGCCCTCCCTCCAGGG_004,134
CGCTGGCCCTCCCTCCAGGG_005,181
CGCTGGCCCTCCCTCCAGGG_006,50
CGCTGGCCCTCCCTCCAGGG_007,106
CGCTGGCCCTCCCTCCAGGG_008,96
CGCTGGCCCTCCCTCCAGGG_009,139
CGCTGGCCCTCCCTCCAGGG_010,174
CGCTGGCCCTCCCTCCAGGG_011,106
CGCTGGCCCTCCCTCCAGGG_012,94
CGCTGGCCCTCCCTCCAGGG_013,24
CGCTGGCCCTCCCTCCAGGG_014,162
CGCTGGCCCTCCCTCCAGGG_015,190
CGCTGGCCCTCCCTCCAGGG_016,95
CGCTGGCCCTCCCTCCAGGG_017,2
CGCTGGCCCTCCCTCCAGGG_018,75
CGCTGGCCCTCCCTCCAGGG_019,185
CGCTGGCCCTCCCTCCAGGG_020,26
CGCTGGCCCTCCCTCCAGGG_021,63
CGCTGGCCCTCCCTCCAGGG_022,58
CGCTGGCCCTCCCTCCAGGG_023,3
CGCTGGCCCTCCCTCCAGGG_024,160
CGCTGGCCCTCCCTCCAGGG_025,89
GCCCTCTCGCAGGATCACCA_001,158
GCCCTCTCGCAGGATCACCA_002,137
GCCCTCTCGCAGGATCACCA_003,40
GCCCTCTCGCAGGATCACCA_004,48
GCCCTCTCGCAGGATCACCA_005,127
GCCCTCTCGCAGGATCACCA_006,43
GCCCTCTCGCAGGATCACCA_007,50
CAAGAGAACTACATAGAAGG_001,98
CAAGAGAACTACATAGAAGG_002,199
CAAGAGAACTACATAGAAGG_003,80
TGGTTCAGGAGCCTCATGTG_001,80
TGGTTCAGGAGCCTCATGTG_002,6
TGGTTCAGGAGCCTCATGTG_003,146
TGGTTCAGGAGCCTCATGTG_004,9
TGGTTCAGGAGCCTCATGTG_005,105
TGGTTCAGGAGCCTCATGTG_006,184
TGGTTCAGGAGCCTCATGTG_007,119
TGGTTCAGGAGCCTCATGTG_008,30
TGGTTCAGGAGCCTCATGTG_009,155
TGGTTCAGGAGCCTCATGTG_010,12
TGGTTCAGGAGCCTCATGTG_011,185
TGGTTCAGGAGCCTCATGTG_012,38
TGGTTCAGGAGCCTCATGTG_013,31
TGGTTCAGGAGCCTCATGTG_014,163
TGGTTCAGGAGCCTCATGTG_015,139
TGGTTCAGGAGCCTCATGTG_016,31
TGGTTCAGGAGCCTCATGTG_017,97
TGGTTCAGGAGCCTCATGTG_018,176
TGGTTCAGGAGCCTCATGTG_019,89
TGGTTCAGGAGCCTCATGTG_020,5
GAGCCAAAAGCAGAGCAACA_001,73
GAGCCAAAAGCAGAGCAACA_002,58
GAGCCAAAAGCAGAGCAACA_003,108
GAGCCAAAAGCAGAGCAACA_004,108
GAGCCAAAAGCAGAGCAACA_005,108
AACATGTATGTGTGAAGCAT_001,70
AACATGTATGTGTGAAGCAT_002,152
AACATGTATGTGTGAAGCAT_003,126
AACATGTATGTGTGAAGCAT_004,11
AACATGTATGTGTGAAGCAT_005,63
AACATGTATGTGTGAAGCAT_006,80
AACATGTATGTGTGAAGCAT_007,73
AACATGTATGTGTGAAGCAT_008,185
AACATGTATGTGTGAAGCAT_009,84
AACATGTATGTGTGAAGCAT_010,45
AACATGTATGTGTGAAGCAT_011,46
AACATGTATGTGTGAAGCAT_012,1
AACATGTATGTGTGAAGCAT_013,174
AACATGTATGTGTGAAGCAT_014,104
AACATGTATGTGTGAAGCAT_015,1
AACATGTATGTGTGAAGCAT_016,94
AACATGTATGTGTGAAGCAT_017,116
AACATGTATGTGTGAAGCAT_018,55
AACATGTATGTGTGAAGCAT_019,157
AACATGTATGTGTGAAGCAT_020,58
AACATGTATGTGTGAAGCAT_021,41
AACATGTATGTGTGAAGCAT_022,150
AACATGTATGTGTGAAGCAT_023,79
CTTTCAGAAATAGTGGTACG_001,108
CTTTCAGAAATAGTGGTACG_002,8
CTTTCAGAAATAGTGGTACG_003,35
CTTTCAGAAATAGTGGTACG_004,56
CTTTCAGAAATAGTGGTACG_005,168
CTTTCAGAAATAGTGGTACG_006,10
CTTTCAGAAATAGTGGTACG_007,122
GTTACTGGGTCTCATGATGG_001,11
GTTACTGGGTCTCATGATGG_002,132
AGTCCGCAGTGACAGCCGTA_001,43
AGTCCGCAGTGACAGCCGTA_002,50
AGTCCGCAGTGACAGCCGTA_003,51
AGTCCGCAGTGACAGCCGTA_004,192
AGTCCGCAGTGACAGCCGTA_005,77
AGTCCGCAGTGACAGCCGTA_006,112
AGTCCGCAGTGACAGCCGTA_007,136
AGTCCGCAGTGACAGCCGTA_008,43
AGTCCGCAGTGACAGCCGTA_009,29
AGTCCGCAGTGACAGCCGTA_010,9
AGTCCGCAGTGACAGCCGTA_011,91
TACAGTAAGCTGTTCGTGGT_001,8
TACAGTAAGCTGTTCGTGGT_002,77
TACAGTAAGCTGTTCGTGGT_003,170
TACAGTAAGCTGTTCGTGGT_004,126
TACAGTAAGCTGTTCGTGGT_005,60
GCAACAACAGCCGGCGCGCG_001,176
GCAACAACAGCCGGCGCGCG_002,76
GCAACAACAGCCGGCGCGCG_003,56
GCAACAACAGCCGGCGCGCG_004,116
GCAACAACAGCCGGCGCGCG_005,87
GCAACAACAGCCGGCGCGCG_006,183
GCAACAACAGCCGGCGCGCG_007,136
GCAACAACAGCCGGCGCGCG_008,63
CAGACCCCAGGAACCCACAA_001,105
CAGACCCCAGGAACCCACAA_002,150
CAGACCCCAGGAACCCACAA_003,139
CAGACCCCAGGAACCCACAA_004,170
CAGACCCCAGGAACCCACAA_005,8
CAGACCCCAGGAACCCACAA_006,154
CAGACCCCAGGAACCCACAA_007,148
CAGACCCCAGGAACCCACAA_008,43
CAGACCCCAGGAACCCACAA_009,188
CAGACCCCAGGAACCCACAA_010,53
CAGACCCCAGGAACCCACAA_011,88
CAGACCCCAGGAACCCACAA_012,165
CAGACCCCAGGAACCCACAA_013,178
CAGACCCCAGGAACCCACAA_014,139
CAGACCCCAGGAACCCACAA_015,13
CAGACCCCAGGAACCCACAA_016,125
CAGACCCCAGGAACCCACAA_017,155
CAGACCCCAGGAACCCACAA_018,27
CAGACCCCAGGAACCCACAA_019,26
CAGACCCCAGGAACCCACAA_020,168
CAGACCCCAGGAACCCACAA_021,169
CAGACCCCAGGAACCCACAA_022,23
CAGACCCCAGGAACCCACAA_023,115
CAGACCCCAGGAACCCACAA_024,12
CAGACCCCAGGAACCCACAA_025,141
CAGACCCCAGGAACCCACAA_026,185
CAGACCCCAGGAACCCACAA_027,193
CAGACCCCAGGAACCCACAA_028,182
CAGACCCCAGGAACCCACAA_029,15
CAGACCCCAGGAACCCACAA_030,40
CAGACCCCAGGAACCCACAA_031,155
CAGACCCCAGGAACCCACAA_032,109
CAGACCCCAGGAACCCACAA_033,53
CAGACCCCAGGAACCCACAA_034,191
CAGACCCCAGGAACCCACAA_035,111
CAGACCCCAGGAACCCACAA_036,127
CCTGCTCACACGTGCCCATG_001,115
CCTGCTCACACGTGCCCATG_002,56
CCTGCTCACACGTGCCCATG_003,50
CCTGCTCACACGTGCCCATG_004,144
CCTGCTCACACGTGCCCATG_005,141
CCTGCTCACACGTGCCCATG_006,139
CCTGCTCACACGTGCCCATG_007,58
CCTGCTCACACGTGCCCATG_008,168
AAAGAAAGAGGAATAGTAGC_001,58
AAAGAAAGAGGAATAGTAGC_002,150
AAAGAAAGAGGAATAGTAGC_003,32
AAAGAAAGAGGAATAGTAGC_004,40
AGACAAGATTCATCTAGCAC_001,129
AGACAAGATTCATCTAGCAC_002,32
TTGTTAGGGAGGCTAATCCA_001,133
TTGTTAGGGAGGCTAATCCA_002,101
TTGTTAGGGAGGCTAATCCA_003,126
TTGTTAGGGAGGCTAATCCA_004,80
TTGTTAGGGAGGCTAATCCA_005,161
TTGTTAGGGAGGCTAATCCA_006,129
TTGTTAGGGAGGCTAATCCA_007,35
TTGTTAGGGAGGCTAATCCA_008,162
TCTACCACGAGCACTACATG_001,117
TCTACCACGAGCACTACATG_002,55
TCTACCACGAGCACTACATG_003,92
TCTACCACGAGCACTACATG_004,48
AGACTGGACACGCCAGTCCA_001,194
AGACTGGACACGCCAGTCCA_002,75
AGACTGGACACGCCAGTCCA_003,58
AGACTGGACACGCCAGTCCA_004,122
AGACTGGACACGCCAGTCCA_005,183
AGACTGGACACGCCAGTCCA_006,162
AGACTGGACACGCCAGTCCA_007,27
AGACTGGACACGCCAGTCCA_008,40
CATAGGGGGCCATGTGATCG_001,112
CATAGGGGGCCATGTGATCG_002,51
CATAGGGGGCCATGTGATCG_003,195
CATAGGGGGCCATGTGATCG_004,14
CATAGGGGGCCATGTGATCG_005,105
CATAGGGGGCCATGTGATCG_006,109
CATAGGGGGCCATGTGATCG_007,158
CATAGGGGGCCATGTGATCG_008,17
TTCTCCTATTCATGATGACA_001,23
TTCTCCTATTCATGATGACA_002,45
TTCTCCTATTCATGATGACA_003,199
GGAGAGAGTGAAGTATCACT_001,172
GGAGAGAGTGAAGTATCACT_002,99
GGAGAGAGTGAAGTATCACT_003,124
TCATCCAACTTTACCTGCAA_001,154
TCATCCAACTTTACCTGCAA_002,114
TCATCCAACTTTACCTGCAA_003,50
TCATCCAACTTTACCTGCAA_004,43
TCATCCAACTTTACCTGCAA_005,48
TCATCCAACTTTACCTGCAA_006,172
TCATCCAACTTTACCTGCAA_007,166
TCATCCAACTTTACCTGCAA_008,126
TCATCCAACTTTACCTGCAA_009,172
TCATCCAACTTTACCTGCAA_010,168
TCATCCAACTTTACCTGCAA_011,172
TCATCCAACTTTACCTGCAA_012,160
TCATCCAACTTTACCTGCAA_013,134
TCATCCAACTTTACCTGCAA_014,2
TCATCCAACTTTACCTGCAA_015,77
TCATCCAACTTTACCTGCAA_016,177
TCATCCAACTTTACCTGCAA_017,33
TCATCCAACTTTACCTGCAA_018,131
TCATCCAACTTTACCTGCAA_019,61
AGGAAGACTTGATCACTTCG_001,126
AGGAAGACTTGATCACTTCG_002,148
AGGAAGACTTGATCACTTCG_003,68
AGGAAGACTTGATCACTTCG_004,5
GGGTGCACATAGCCCGTCTG_001,197
GGGTGCACATAGCCCGTCTG_002,88
GGGTGCACATAGCCCGTCTG_003,196
GGGTGCACATAGCCCGTCTG_004,151
GGGTGCACATAGCCCGTCTG_005,60
GGGTGCACATAGCCCGTCTG_006,91
GGGTGCACATAGCCCGTCTG_007,11
GGGTGCACATAGCCCGTCTG_008,128
GGGTGCACATAGCCCGTCTG_009,147
GGGTGCACATAGCCCGTCTG_010,136
GGGTGCACATAGCCCGTCTG_011,113
GGGTGCACATAGCCCGTCTG_012,185
GGGTGCACATAGCCCGTCTG_013,184
GGGTGCACATAGCCCGTCTG_014,105
GGGTGCACATAGCCCGTCTG_015,107
GGGTGCACATAGCCCGTCTG_016,46
GGGTGCACATAGCCCGTCTG_017,165
GGGTGCACATAGCCCGTCTG_018,112
GGGTGCACATAGCCCGTCTG_019,127
GGGTGCACATAGCCCGTCTG_020,127
GGGTGCACATAGCCCGTCTG_021,168
GATTATGTCCCAGTCTCTGG_001,110
GATTATGTCCCAGTCTCTGG_002,110
GATTATGTCCCAGTCTCTGG_003,48
GATTATGTCCCAGTCTCTGG_004,15
GATTATGTCCCAGTCTCTGG_005,156
GATTATGTCCCAGTCTCTGG_006,187
AACGTCCTCAATCAACACAG_001,170
AACGTCCTCAATCAACACAG_002,186
AACGTCCTCAATCAACACAG_003,181
AACGTCCTCAATCAACACAG_004,72
AACGTCCTCAATCAACACAG_005,184
AACGTCCTCAATCAACACAG_006,60
AACGTCCTCAATCAACACAG_007,84
AACGTCCTCAATCAACACAG_008,21
AACGTCCTCAATCAACACAG_009,149
AACGTCCTCAATCAACACAG_010,92
AACGTCCTCAATCAACACAG_011,60
AACGTCCTCAATCAACACAG_012,41
AACGTCCTCAATCAACACAG_013,21
AACGTCCTCAATCAACACAG_014,3
AACGTCCTCAATCAACACAG_015,156
AACGTCCTCAATCAACACAG_016,158
AACGTCCTCAATCAACACAG_017,98
AACGTCCTCAATCAACACAG_018,29
AACGTCCTCAATCAACACAG_019,177
AACGTCCTCAATCAACACAG_020,141
AACGTCCTCAATCAACACAG_021,174
AACGTCCTCAATCAACACAG_022,69
AACGTCCTCAATCAACACAG_023,12
AACGTCCTCAATCAACACAG_024,184
AACGTCCTCAATCAACACAG_025,88
AACGTCCTCAATCAACACAG_026,88
AACGTCCTCAATCAACACAG_027,48
AACGTCCTCAATCAACACAG_028,36
AACGTCCTCAATCAACACAG_029,148
AACGTCCTCAATCAACACAG_030,16
AACGTCCTCAATCAACACAG_031,196
AACGTCCTCAATCAACACAG_032,39
AACGTCCTCAATCAACACAG_033,8
AACGTCCTCAATCAACACAG_034,104
AACGTCCTCAATCAACACAG_035,26
AACGTCCTCAATCAACACAG_036,40
GCTCATGAGGGATCCTAAGG_001,171
CTTTGAACTTATGGAATAGG_001,60
GTGCAACAGAGTCCCCACAT_001,67
GTGCAACAGAGTCCCCACAT_002,126
GTGCAACAGAGTCCCCACAT_003,199
GTGCAACAGAGTCCCCACAT_004,55
GTGCAACAGAGTCCCCACAT_005,94
GTGCAACAGAGTCCCCACAT_006,113
GTGCAACAGAGTCCCCACAT_007,20
CAAAGTACAGATGTACCAGC_001,154
CAAAGTACAGATGTACCAGC_002,98
CAAAGTACAGATGTACCAGC_003,93
CAAAGTACAGATGTACCAGC_004,103
CAAAGTACAGATGTACCAGC_005,88
CAAAGTACAGATGTACCAGC_006,76
CAAAGTACAGATGTACCAGC_007,77
CTGACCGATACAGAAGCCTG_001,27
CTGACCGATACAGAAGCCTG_002,19
CTGACCGATACAGAAGCCTG_003,138
CTGACCGATACAGAAGCCTG_004,28
TGTCGACAAACACTCAGTGG_001,15
TGTCGACAAACACTCAGTGG_002,180
TGTCGACAAACACTCAGTGG_003,83
TGTCGACAAACACTCAGTGG_004,168
TGTCGACAAACACTCAGTGG_005,49
TGTCGACAAACACTCAGTGG_006,169
TGTCGACAAACACTCAGTGG_007,104
CTGCCGGACGAGCAGATCGT_001,17
CTGCCGGACGAGCAGATCGT_002,77
CTGCCGGACGAGCAGATCGT_003,29
CTGCCGGACGAGCAGATCGT_004,149
CTGCCGGACGAGCAGATCGT_005,69
CTGCCGGACGAGCAGATCGT_006,192
CTGCCGGACGAGCAGATCGT_007,91
CTGCCGGACGAGCAGATCGT_008,68
CTGCCGGACGAGCAGATCGT_009,82
CTGCCGGACGAGCAGATCGT_010,144
CTGCCGGACGAGCAGATCGT_011,41
CTGCCGGACGAGCAGATCGT_012,98
CTGCCGGACGAGCAGATCGT_013,58
CTGCCGGACGAGCAGATCGT_014,174
GGAGTCAGCACAGTGCGTCG_001,141
GGAGTCAGCACAGTGCGTCG_002,9
GGAGTCAGCACAGTGCGTCG_003,147
TTAAATACTCACGGATACAA_001,183
TTAAATACTCACGGATACAA_002,23
GCGGACCGTTCGGAGCAACG_001,51
GCGGACCGTTCGGAGCAACG_002,132
GCGGACCGTTCGGAGCAACG_003,133
GCGGACCGTTCGGAGCAACG_004,149
GCGGACCGTTCGGAGCAACG_005,48
GCGGACCGTTCGGAGCAACG_006,69
GCGGACCGTTCGGAGCAACG_007,190
GCGGACCGTTCGGAGCAACG_008,119
GCGGACCGTTCGGAGCAACG_009,152
GCGGACCGTTCGGAGCAACG_010,105
GCGGACCGTTCGGAGCAACG_011,35
CTTGCGCCTTAGTGCTCCCG_001,197
CTTGCGCCTTAGTGCTCCCG_002,160
CTTGCGCCTTAGTGCTCCCG_003,63
CCTTCCTCTAAACACCGCCT_001,68
CCTTCCTCTAAACACCGCCT_002,42
CCTTCCTCTAAACACCGCCT_003,60
CCTTCCTCTAAACACCGCCT_004,162
CCTTCCTCTAAACACCGCCT_005,169
CCTTCCTCTAAACACCGCCT_006,82
CCTTCCTCTAAACACCGCCT_007,192
CCTTCCTCTAAACACCGCCT_008,76
CCTTCCTCTAAACACCGCCT_009,83
CCTTCCTCTAAACACCGCCT_010,36
CCTTCCTCTAAACACCGCCT_011,158
CCTTCCTCTAAACACCGCCT_012,8
CCTTCCTCTAAACACCGCCT_013,28
GCTAATGTTAAGCATAAGCG_001,88
GCTAATGTTAAGCATAAGCG_002,147
GCTAATGTTAAGCATAAGCG_003,105
GCTAATGTTAAGCATAAGCG_004,78
GCTAATGTTAAGCATAAGCG_005,78
GCTAATGTTAAGCATAAGCG_006,159
AACCACCATTCAACCACGGG_001,58
AACCACCATTCAACCACGGG_002,147
AACCACCATTCAACCACGGG_003,28
AACCACCATTCAACCACGGG_004,137
AACCACCATTCAACCACGGG_005,35
AACCACCATTCAACCACGGG_006,20
AACCACCATTCAACCACGGG_007,20
AACCACCATTCAACCACGGG_008,8
AACCACCATTCAACCACGGG_009,29
AACCACCATTCAACCACGGG_010,148
AACCACCATTCAACCACGGG_011,61
AACCACCATTCAACCACGGG_012,52
AACCACCATTCAACCACGGG_013,87
AACCACCATTCAACCACGGG_014,87
AACCACCATTCAACCACGGG_015,69
AACCACCATTCAACCACGGG_016,137
AACCACCATTCAACCACGGG_017,166
ATCAAGAATGAATAAGAATG_001,174
ATCAAGAATGAATAAGAATG_002,18
ATCAAGAATGAATAAGAATG_003,32
ATCAAGAATGAATAAGAATG_004,194
ATCAAGAATGAATAAGAATG_005,194
ATCAAGAATGAATAAGAATG_006,81
ATCAAGAATGAATAAGAATG_007,158
ATCAAGAATGAATAAGAATG_008,1
CAGCAGCTGAAATAGCAGTG_001,199
CAGCAGCTGAAATAGCAGTG_002,172
CAGCAGCTGAAATAGCAGTG_003,137
CAGCAGCTGAAATAGCAGTG_004,12
CAGCAGCTGAAATAGCAGTG_005,150
CAGCAGCTGAAATAGCAGTG_006,95
CAGCAGCTGAAATAGCAGTG_007,74
CAGCAGCTGAAATAGCAGTG_008,147
CAGCAGCTGAAATAGCAGTG_009,33
CAGCAGCTGAAATAGCAGTG_010,60
CAGCAGCTGAAATAGCAGTG_011,58
CAGCAGCTGAAATAGCAGTG_012,129
CAGCAGCTGAAATAGCAGTG_013,94
CAGCAGCTGAAATAGCAGTG_014,88
CAGCAGCTGAAATAGCAGTG_015,94
CAGCAGCTGAAATAGCAGTG_016,149
CAGCAGCTGAAATAGCAGTG_017,50
CAGCAGCTGAAATAGCAGTG_018,102
CAGCAGCTGAAATAGCAGTG_019,96
CAGCAGCTGAAATAGCAGTG_020,188
CAGCAGCTGAAATAGCAGTG_021,94
CAGCAGCTGAAATAGCAGTG_022,93
CAGCAGCTGAAATAGCAGTG_023,146
CAGCAGCTGAAATAGCAGTG_024,138
CAGCAGCTGAAATAGCAGTG_025,152
CAGCAGCTGAAATAGCAGTG_026,82
CAGCAGCTGAAATAGCAGTG_027,158
CAGCAGCTGAAATAGCAGTG_028,78
CAGCAGCTGAAATAGCAGTG_029,33
CAGCAGCTGAAATAGCAGTG_030,166
CAGCAGCTGAAATAGCAGTG_031,132
CAGCAGCTGAAATAGCAGTG_032,48
CAGCAGCTGAAATAGCAGTG_033,1
CAGCAGCTGAAATAGCAGTG_034,130
CAGCAGCTGAAATAGCAGTG_035,63
CAGCAGCTGAAATAGCAGTG_036,146
CAGCAGCTGAAATAGCAGTG_037,59
CAGCAGCTGAAATAGCAGTG_038,144
GGAGGATACAGCACCCACTG_001,70
GGAGGATACAGCACCCACTG_002,139
GGAGGATACAGCACCCACTG_003,139
GGAGGATACAGCACCCACTG_004,181
GGAGGATACAGCACCCACTG_005,88
GGAGGATACAGCACCCACTG_006,84
GGAGGATACAGCACCCACTG_007,51
GGAGGATACAGCACCCACTG_008,149
GGAGGATACAGCACCCACTG_009,127
GGAGGATACAGCACCCACTG_010,140
GGAGGATACAGCACCCACTG_011,63
ACACCGAGGAAATGGGCTCA_001,62
ACACCGAGGAAATGGGCTCA_002,35
ACACCGAGGAAATGGGCTCA_003,62
ACACCGAGGAAATGGGCTCA_004,76
ACACCGAGGAAATGGGCTCA_005,185
ACACCGAGGAAATGGGCTCA_006,75
ACACCGAGGAAATGGGCTCA_007,172
ACACCGAGGAAATGGGCTCA_008,117
ACACCGAGGAAATGGGCTCA_009,139
ACACCGAGGAAATGGGCTCA_010,169
ACACCGAGGAAATGGGCTCA_011,5
ACACCGAGGAAATGGGCTCA_012,100
ACACCGAGGAAATGGGCTCA_013,19
ACACCGAGGAAATGGGCTCA_014,63
ACACCGAGGAAATGGGCTCA_015,41
ACACCGAGGAAATGGGCTCA_016,105
ACACCGAGGAAATGGGCTCA_017,58
ACACCGAGGAAATGGGCTCA_018,70
ACACCGAGGAAATGGGCTCA_019,151
ACACCGAGGAAATGGGCTCA_020,6
ACACCGAGGAAATGGGCTCA_021,10
ACACCGAGGAAATGGGCTCA_022,59
ACACCGAGGAAATGGGCTCA_023,177
ACACCGAGGAAATGGGCTCA_024,180
ACACCGAGGAAATGGGCTCA_025,94
ACACCGAGGAAATGGGCTCA_026,101
CATATCACAGGTGCAAACGG_001,26
CATATCACAGGTGCAAACGG_002,27
CATATCACAGGTGCAAACGG_003,60
CATATCACAGGTGCAAACGG_004,91
CATATCACAGGTGCAAACGG_005,139
CATATCACAGGTGCAAACGG_006,194
CATATCACAGGTGCAAACGG_007,15
CCAGGATTACACGGGCAAGG_001,177
CCAGGATTACACGGGCAAGG_002,198
TTACCTGCTGGAGTCAACGG_001,141
TTACCTGCTGGAGTCAACGG_002,176
TTACCTGCTGGAGTCAACGG_003,102
TTACCTGCTGGAGTCAACGG_004,146
TTACCTGCTGGAGTCAACGG_005,3
TTACCTGCTGGAGTCAACGG_006,37
TGTGCAGGACGACCGTGAAG_001,45
TGTGCAGGACGACCGTGAAG_002,193
TGTGCAGGACGACCGTGAAG_003,113
TGTGCAGGACGACCGTGAAG_004,197
TGTGCAGGACGACCGTGAAG_005,33
TGTGCAGGACGACCGTGAAG_006,199
TGTGCAGGACGACCGTGAAG_007,141
TGTGCAGGACGACCGTGAAG_008,45
TGTGCAGGACGACCGTGAAG_009,146
TGTGCAGGACGACCGTGAAG_010,88
TGTGCAGGACGACCGTGAAG_011,61
TGTGCAGGACGACCGTGAAG_012,175
AGACAAAGTCAACTCAACTG_001,146
AGACAAAGTCAACTCAACTG_002,113
AGACAAAGTCAACTCAACTG_003,26
AGACAAAGTCAACTCAACTG_004,113
AGACAAAGTCAACTCAACTG_005,58
AGACAAAGTCAACTCAACTG_006,169
AGACAAAGTCAACTCAACTG_007,107
AGACAAAGTCAACTCAACTG_008,129
AGACAAAGTCAACTCAACTG_009,127
AGACAAAGTCAACTCAACTG_010,182
AGACAAAGTCAACTCAACTG_011,177
AGACAAAGTCAACTCAACTG_012,155
AGACAAAGTCAACTCAACTG_013,174
AGACAAAGTCAACTCAACTG_014,94
AGACAAAGTCAACTCAACTG_015,60
AGACAAAGTCAACTCAACTG_016,175
AGACAAAGTCAACTCAACTG_017,168
AGACAAAGTCAACTCAACTG_018,82
AGACAAAGTCAACTCAACTG_019,33
AGACAAAGTCAACTCAACTG_020,108
AGACAAAGTCAACTCAACTG_021,170
AGACAAAGTCAACTCAACTG_022,3
AGACAAAGTCAACTCAACTG_023,52
AGACAAAGTCAACTCAACTG_024,123
GACAAGGAGATCGAACACCA_001,135
GACAAGGAGATCGAACACCA_002,162
GACAAGGAGATCGAACACCA_003,32
GACAAGGAGATCGAACACCA_004,38
GACAAGGAGATCGAACACCA_005,197
GACAAGGAGATCGAACACCA_006,105
GACAAGGAGATCGAACACCA_007,48
GACAAGGAGATCGAACACCA_008,28
GACAAGGAGATCGAACACCA_009,138
GACAAGGAGATCGAACACCA_010,13
GGAGTATATGAAACTTGTCT_001,134
GGAGTATATGAAACTTGTCT_002,86
GGAGTATATGAAACTTGTCT_003,141
GGAGTATATGAAACTTGTCT_004,33
GGAGTATATGAAACTTGTCT_005,39
GGAACAATCCTTAACACACC_001,198
GGAACAATCCTTAACACACC_002,56
GGAACAATCCTTAACACACC_003,25
GGAACAATCCTTAACACACC_004,35
GGAACAATCCTTAACACACC_005,17
GGAACAATCCTTAACACACC_006,75
GGAACAATCCTTAACACACC_007,189
GGAACAATCCTTAACACACC_008,84
GGAACAATCCTTAACACACC_009,78
GGAACAATCCTTAACACACC_010,48
AGAGCGTTGCGGATAATGCA_001,160
AGAGCGTTGCGGATAATGCA_002,172
AGAGCGTTGCGGATAATGCA_003,184
AGAGCGTTGCGGATAATGCA_004,1
AGAGCGTTGCGGATAATGCA_005,128
AGAGCGTTGCGGATAATGCA_006,58
GCAGAAGCTGAGTTCAACCT_001,141
GCAGAAGCTGAGTTCAACCT_002,145
GCAGAAGCTGAGTTCAACCT_003,101
TAGTACGTTTCTGTAACCAC_001,145
CTCCACGATGAGGATGATCA_001,154
CTCCACGATGAGGATGATCA_002,19
CTCCACGATGAGGATGATCA_003,138
CTCCACGATGAGGATGATCA_004,121
CTCCACGATGAGGATGATCA_005,15
CTCCACGATGAGGATGATCA_006,12
CTCCACGATGAGGATGATCA_007,1
CTCCACGATGAGGATGATCA_008,56
CCCGATAGTTATCTGCACAT_001,79
CCCGATAGTTATCTGCACAT_002,41
CCCGATAGTTATCTGCACAT_003,105
CCCGATAGTTATCTGCACAT_004,164
CCCGATAGTTATCTGCACAT_005,155
TACCAATTCCTTTAATCAGG_001,171
TACCAATTCCTTTAATCAGG_002,73
TACCAATTCCTTTAATCAGG_003,23
CTTCTCCCCAGGCGACAACC_001,188
CTTCTCCCCAGGCGACAACC_002,78
CTTCTCCCCAGGCGACAACC_003,3
CTTCTCCCCAGGCGACAACC_004,75
CTTCTCCCCAGGCGACAACC_005,78
CTTCTCCCCAGGCGACAACC_006,34
CTTCTCCCCAGGCGACAACC_007,121
CCTGGCCTTAGTTGTCCTTG_001,180
CCTGGCCTTAGTTGTCCTTG_002,197
AGAAGCTGTTCAAACGCCGG_001,115
AGAAGCTGTTCAAACGCCGG_002,190
AGAAGCTGTTCAAACGCCGG_003,98
AGAAGCTGTTCAAACGCCGG_004,17
AGAAGCTGTTCAAACGCCGG_005,120
AGAAGCTGTTCAAACGCCGG_006,168
AGAAGCTGTTCAAACGCCGG_007,11
AGAAGCTGTTCAAACGCCGG_008,143
AGAAGCTGTTCAAACGCCGG_009,17
AGAAGCTGTTCAAACGCCGG_010,63
AGAAGCTGTTCAAACGCCGG_011,123
AGAAGCTGTTCAAACGCCGG_012,177
AGAAGCTGTTCAAACGCCGG_013,77
CCAGCTAAAAGGTGTCCCCG_001,176
CCAGCTAAAAGGTGTCCCCG_002,20
CCAGCTAAAAGGTGTCCCCG_003,83
CCAGCTAAAAGGTGTCCCCG_004,131
CCAGCTAAAAGGTGTCCCCG_005,93
CCAGCTAAAAGGTGTCCCCG_006,59
CCAGCTAAAAGGTGTCCCCG_007,96
CCAGCTAAAAGGTGTCCCCG_008,25
CCAGCTAAAAGGTGTCCCCG_009,77
CCAGCTAAAAGGTGTCCCCG_010,12
CCAGCTAAAAGGTGTCCCCG_011,115
CCAGCTAAAAGGTGTCCCCG_012,95
CCAGCTAAAAGGTGTCCCCG_013,176
CCAGCTAAAAGGTGTCCCCG_014,198
CCAGCTAAAAGGTGTCCCCG_015,43
CCAGCTAAAAGGTGTCCCCG_016,121
CCAGCTAAAAGGTGTCCCCG_017,15
CCAGCTAAAAGGTGTCCCCG_018,182
CCAGCTAAAAGGTGTCCCCG_019,49
CCAGCTAAAAGGTGTCCCCG_020,137
CCAGCTAAAAGGTGTCCCCG_021,109
CCAGCTAAAAGGTGTCCCCG_022,72
CCAGCTAAAAGGTGTCCCCG_023,112
CCAGCTAAAAGGTGTCCCCG_024,77
CCAGCTAAAAGGTGTCCCCG_025,117
CCAGCTAAAAGGTGTCCCCG_026,94
CCAGCTAAAAGGTGTCCCCG_027,140
CCAGCTAAAAGGTGTCCCCG_028,185
CCAGCTAAAAGGTGTCCCCG_029,150
CCAGCTAAAAGGTGTCCCCG_030,58
CCAGCTAAAAGGTGTCCCCG_031,173
CCAGCTAAAAGGTGTCCCCG_032,151
CCAGCTAAAAGGTGTCCCCG_033,177
GAGGAAGCAGATAAAGCGGA_001,105
TGAAACAGGTGCAATAGCAT_001,189
TGAAACAGGTGCAATAGCAT_002,52
TGAAACAGGTGCAATAGCAT_003,5
TGAAACAGGTGCAATAGCAT_004,27
TGAAACAGGTGCAATAGCAT_005,116
TGAAACAGGTGCAATAGCAT_006,50
TGAAACAGGTGCAATAGCAT_007,192
TGAAACAGGTGCAATAGCAT_008,117
TGAAACAGGTGCAATAGCAT_009,183
TGAAACAGGTGCAATAGCAT_010,199
TGAAACAGGTGCAATAGCAT_011,199
TGAAACAGGTGCAATAGCAT_012,128
TGAAACAGGTGCAATAGCAT_013,33
TGAAACAGGTGCAATAGCAT_014,185
TGAAACAGGTGCAATAGCAT_015,125
TGAAACAGGTGCAATAGCAT_016,183
TGAAACAGGTGCAATAGCAT_017,165
TGAAACAGGTGCAATAGCAT_018,140
TGAAACAGGTGCAATAGCAT_019,99
TGAAACAGGTGCAATAGCAT_020,197
TGAAACAGGTGCAATAGCAT_021,160
AGAGGCCCAGGTATACCATG_001,160
AGAGGCCCAGGTATACCATG_002,43
AGAGGCCCAGGTATACCATG_003,47
AGAGGCCCAGGTATACCATG_004,127
AATGCTGAAGTTTAGTCCAG_001,158
AATGCTGAAGTTTAGTCCAG_002,158
AACAGCAGAACTCCTAAACA_001,43
AACAGCAGAACTCCTAAACA_002,181
AACAGCAGAACTCCTAAACA_003,191
AACAGCAGAACTCCTAAACA_004,13
AACAGCAGAACTCCTAAACA_005,192
AACAGCAGAACTCCTAAACA_006,36
AACAGCAGAACTCCTAAACA_007,167
AACAGCAGAACTCCTAAACA_008,82
AACAGCAGAACTCCTAAACA_009,153
AACAGCAGAACTCCTAAACA_010,105
GTCTGCGTGTCCCGTATGAG_001,199
GTCTGCGTGTCCCGTATGAG_002,146
GTCTGCGTGTCCCGTATGAG_003,67
GTCTGCGTGTCCCGTATGAG_004,34
GTCTGCGTGTCCCGTATGAG_005,40
ATGGCCGTTGGAACCCACCG_001,47
ATGGCCGTTGGAACCCACCG_002,187
ATGGCCGTTGGAACCCACCG_003,147
ATGGCCGTTGGAACCCACCG_004,28
ATGGCCGTTGGAACCCACCG_005,176
ATGGCCGTTGGAACCCACCG_006,59
ATGGCCGTTGGAACCCACCG_007,15
ATGGCCGTTGGAACCCACCG_008,11
ATGGCCGTTGGAACCCACCG_009,19
CTAACAGAATCGATAAACAA_001,162
CTAACAGAATCGATAAACAA_002,127
AGACAGTGGAGGACTATCCA_001,8
AGACAGTGGAGGACTATCCA_002,115
AGACAGTGGAGGACTATCCA_003,1
AGACAGTGGAGGACTATCCA_004,77
AGACAGTGGAGGACTATCCA_005,48
AGACAGTGGAGGACTATCCA_006,165
AGACAGTGGAGGACTATCCA_007,194
AGACAGTGGAGGACTATCCA_008,197
AGACAGTGGAGGACTATCCA_009,1
AGACAGTGGAGGACTATCCA_010,115
AGACAGTGGAGGACTATCCA_011,2
AGACAGTGGAGGACTATCCA_012,162
AGACAGTGGAGGACTATCCA_013,89
AGACAGTGGAGGACTATCCA_014,9
AGACAGTGGAGGACTATCCA_015,16
CACAGGTGTGAAATCCCCGG_001,77
CACAGGTGTGAAATCCCCGG_002,62
CACAGGTGTGAAATCCCCGG_003,191
CACAGGTGTGAAATCCCCGG_004,184
TCTTTGATGAGTTTCTGCAG_001,0
TCTTTGATGAGTTTCTGCAG_002,176
TCTTTGATGAGTTTCTGCAG_003,161
TCTTTGATGAGTTTCTGCAG_004,161
GCGCGTGCACATCACGCACG_001,87
GCGCGTGCACATCACGCACG_002,122
GCGCGTGCACATCACGCACG_003,54
GCGCGTGCACATCACGCACG_004,42
GCGCGTGCACATCACGCACG_005,172
GCGCGTGCACATCACGCACG_006,60
GCGCGTGCACATCACGCACG_007,29
GCGCGTGCACATCACGCACG_008,162
GCGCGTGCACATCACGCACG_009,176
GCGCGTGCACATCACGCACG_010,188
GCGCGTGCACATCACGCACG_011,2
GCCTCAGGTCCCAATTCCCG_001,127
GCCTCAGGTCCCAATTCCCG_002,184
GCCTCAGGTCCCAATTCCCG_003,197
GCCTCAGGTCCCAATTCCCG_004,37
GCCTCAGGTCCCAATTCCCG_005,121
GCCTCAGGTCCCAATTCCCG_006,9
GCCTCAGGTCCCAATTCCCG_007,94
GCCTCAGGTCCCAATTCCCG_008,119
GCCTCAGGTCCCAATTCCCG_009,57
GCCTCAGGTCCCAATTCCCG_010,63
GCCTCAGGTCCCAATTCCCG_011,33
GCCTCAGGTCCCAATTCCCG_012,118
GCCTCAGGTCCCAATTCCCG_013,115
GCCTCAGGTCCCAATTCCCG_014,82
GCCTCAGGTCCCAATTCCCG_015,62
GCCTCAGGTCCCAATTCCCG_016,27
GCCTCAGGTCCCAATTCCCG_017,138
AATGTTGACTGCATTGACTG_001,144
AATGTTGACTGCATTGACTG_002,112
AATGTTGACTGCATTGACTG_003,172
AATGTTGACTGCATTGACTG_004,96
AATGTTGACTGCATTGACTG_005,49
AATGTTGACTGCATTGACTG_006,111
AATGTTGACTGCATTGACTG_007,96
AATGTTGACTGCATTGACTG_008,62
AATGTTGACTGCATTGACTG_009,88
AATGTTGACTGCATTGACTG_010,130
AATGTTGACTGCATTGACTG_011,82
AATGTTGACTGCATTGACTG_012,47
AATGTTGACTGCATTGACTG_013,120
AATGTTGACTGCATTGACTG_014,49
AATGTTGACTGCATTGACTG_015,93
AATGTTGACTGCATTGACTG_016,93
AATGTTGACTGCATTGACTG_017,177
AATGTTGACTGCATTGACTG_018,170
AATGTTGACTGCATTGACTG_019,142
AGAATAAGGATACTCCGATG_001,126
AGTGGCGTGTGTGAAATCGA_001,29
AGTGGCGTGTGTGAAATCGA_002,17
AGTGGCGTGTGTGAAATCGA_003,73
AGTGGCGTGTGTGAAATCGA_004,76
AGTGGCGTGTGTGAAATCGA_005,42
AGTGGCGTGTGTGAAATCGA_006,112
AGTGGCGTGTGTGAAATCGA_007,199
AGTGGCGTGTGTGAAATCGA_008,113
AGTGGCGTGTGTGAAATCGA_009,189
AGTGGCGTGTGTGAAATCGA_010,56
TTCCAAGCCTGTATCAACTC_001,81
AAATAAAGCTACAAAAGAGA_001,50
AAATAAAGCTACAAAAGAGA_002,74
AAATAAAGCTACAAAAGAGA_003,116
AAATAAAGCTACAAAAGAGA_004,157
AAATAAAGCTACAAAAGAGA_005,41
GCATATGGGTCTTCTCTACG_001,194
GCATATGGGTCTTCTCTACG_002,174
GCATATGGGTCTTCTCTACG_003,104
GCATATGGGTCTTCTCTACG_004,90
ACATGGTGGATAGATAGCCA_001,108
ACATGGTGGATAGATAGCCA_002,149
ACATGGTGGATAGATAGCCA_003,62
ACATGGTGGATAGATAGCCA_004,27
ACATGGTGGATAGATAGCCA_005,88
ACATGGTGGATAGATAGCCA_006,62
ACATGGTGGATAGATAGCCA_007,85
GGCTCAGGGACATCGCCGGG_001,121
GGCTCAGGGACATCGCCGGG_002,108
GGCTCAGGGACATCGCCGGG_003,177
GGCTCAGGGACATCGCCGGG_004,116
GGCTCAGGGACATCGCCGGG_005,164
GGCTCAGGGACATCGCCGGG_006,164
GGCTCAGGGACATCGCCGGG_007,60
GGCTCAGGGACATCGCCGGG_008,53
GGCTCAGGGACATCGCCGGG_009,44
GGCTCAGGGACATCGCCGGG_010,50
GGCTCAGGGACATCGCCGGG_011,48
GGCTCAGGGACATCGCCGGG_012,183
GGCTCAGGGACATCGCCGGG_013,166
CGGGCGCAACATAGGAAGTG_001,160
CGGGCGCAACATAGGAAGTG_002,51
CGGGCGCAACATAGGAAGTG_003,93
CGGGCGCAACATAGGAAGTG_004,149
CGGGCGCAACATAGGAAGTG_005,175
CGGGCGCAACATAGGAAGTG_006,196
CGGGCGCAACATAGGAAGTG_007,174
CGGGCGCAACATAGGAAGTG_008,144
CGGGCGCAACATAGGAAGTG_009,198
TTACTAAAGCTAGTTCCATG_001,12
TTACTAAAGCTAGTTCCATG_002,142
TTACTAAAGCTAGTTCCATG_003,65
TTACTAAAGCTAGTTCCATG_004,48
TTACTAAAGCTAGTTCCATG_005,66
TTACTAAAGCTAGTTCCATG_006,3
GATAAGAGAGCCACGAACCA_001,144
GATAAGAGAGCCACGAACCA_002,43
GATAAGAGAGCCACGAACCA_003,64
GATAAGAGAGCCACGAACCA_004,199
GACGCGCATAAGGATGCCAG_001,198
GACGCGCATAAGGATGCCAG_002,152
GACGCGCATAAGGATGCCAG_003,142
GACGCGCATAAGGATGCCAG_004,65
GACGCGCATAAGGATGCCAG_005,187
GACGCGCATAAGGATGCCAG_006,147
GACGCGCATAAGGATGCCAG_007,169
GACGCGCATAAGGATGCCAG_008,184
GACGCGCATAAGGATGCCAG_009,92
GACGCGCATAAGGATGCCAG_010,128
GACGCGCATAAGGATGCCAG_011,184
GACGCGCATAAGGATGCCAG_012,12
GACGCGCATAAGGATGCCAG_013,187
GACGCGCATAAGGATGCCAG_014,69
GACGCGCATAAGGATGCCAG_015,113
ACCACTCACAAGACCCTGCG_001,48
ACCACTCACAAGACCCTGCG_002,49
ACCACTCACAAGACCCTGCG_003,183
ACCACTCACAAGACCCTGCG_004,92
ACCACTCACAAGACCCTGCG_005,172
ACCACTCACAAGACCCTGCG_006,144
ACCACTCACAAGACCCTGCG_007,160
ACCACTCACAAGACCCTGCG_008,183
ACCACTCACAAGACCCTGCG_009,47
ACCACTCACAAGACCCTGCG_010,121
ACCACTCACAAGACCCTGCG_011,62
ACCACTCACAAGACCCTGCG_012,125
ACCACTCACAAGACCCTGCG_013,102
ACCACTCACAAGACCCTGCG_014,114
ACCACTCACAAGACCCTGCG_015,116
ACCACTCACAAGACCCTGCG_016,14
ACCACTCACAAGACCCTGCG_017,168
ACCACTCACAAGACCCTGCG_018,104
ACCACTCACAAGACCCTGCG_019,108
ACCACTCACAAGACCCTGCG_020,80
ACCACTCACAAGACCCTGCG_021,196
ACCACTCACAAGACCCTGCG_022,42
ACCACTCACAAGACCCTGCG_023,50
ACCACTCACAAGACCCTGCG_024,33
ACCACTCACAAGACCCTGCG_025,94
ACCACTCACAAGACCCTGCG_026,23
ACCACTCACAAGACCCTGCG_027,57
ACCACTCACAAGACCCTGCG_028,162
ACCACTCACAAGACCCTGCG_029,68
ACCACTCACAAGACCCTGCG_030,94
ACCACTCACAAGACCCTGCG_031,23
ACCACTCACAAGACCCTGCG_032,91
ACCACTCACAAGACCCTGCG_033,17
TTGAACTGCTCGGACATGAG_001,27
TTGAACTGCTCGGACATGAG_002,9
TTGAACTGCTCGGACATGAG_003,108
TTGAACTGCTCGGACATGAG_004,178
TTGAACTGCTCGGACATGAG_005,6
TTGAACTGCTCGGACATGAG_006,165
TTGAACTGCTCGGACATGAG_007,37
TTTGCTAACGACTTGTGGGA_001,182
TTTGCTAACGACTTGTGGGA_002,107
TTTGCTAACGACTTGTGGGA_003,130
TTTGCTAACGACTTGTGGGA_004,102
TTTGCTAACGACTTGTGGGA_005,153
TTTGCTAACGACTTGTGGGA_006,191
TTTGCTAACGACTTGTGGGA_007,60
TTTGCTAACGACTTGTGGGA_008,158
TTTGCTAACGACTTGTGGGA_009,175
TTTGCTAACGACTTGTGGGA_010,168
TTTGCTAACGACTTGTGGGA_011,86
TTTGCTAACGACTTGTGGGA_012,121
TTTGCTAACGACTTGTGGGA_013,131
TTTGCTAACGACTTGTGGGA_014,102
TTTGCTAACGACTTGTGGGA_015,146
TTTGCTAACGACTTGTGGGA_016,176
TTTGCTAACGACTTGTGGGA_017,54
TTTGCTAACGACTTGTGGGA_018,32
TTTGCTAACGACTTGTGGGA_019,83
TTTGCTAACGACTTGTGGGA_020,6
TTTGCTAACGACTTGTGGGA_021,149
TTTGCTAACGACTTGTGGGA_022,10
TTTGCTAACGACTTGTGGGA_023,166
TTTGCTAACGACTTGTGGGA_024,0
TTTGCTAACGACTTGTGGGA_025,152
TTTGCTAACGACTTGTGGGA_026,35
AGTGAAAGTCTAACTGTACT_001,169
AGTGAAAGTCTAACTGTACT_002,17
AGTGAAAGTCTAACTGTACT_003,26
AGTGAAAGTCTAACTGTACT_004,140
CCCAGTGGACCTTCTTACAT_001,106
CCCAGTGGACCTTCTTACAT_002,45
CCCAGTGGACCTTCTTACAT_003,30
CCCAGTGGACCTTCTTACAT_004,186
CCCAGTGGACCTTCTTACAT_005,59
CCCAGTGGACCTTCTTACAT_006,12
CCCAGTGGACCTTCTTACAT_007,83
CCCAGTGGACCTTCTTACAT_008,31
CCCAGTGGACCTTCTTACAT_009,25
CCCAGTGGACCTTCTTACAT_010,21
AGAGATGGCCCAATCATCAG_001,62
AGAGATGGCCCAATCATCAG_002,12
AGAGATGGCCCAATCATCAG_003,170
AGAGATGGCCCAATCATCAG_004,106
AGAGATGGCCCAATCATCAG_005,115
AGAGATGGCCCAATCATCAG_006,194
AGAGATGGCCCAATCATCAG_007,38
AGAGATGGCCCAATCATCAG_008,37
AGAGATGGCCCAATCATCAG_009,37
AGAGATGGCCCAATCATCAG_010,60
ACACAGGGATGTGGCCCCTG_001,54
ACACAGGGATGTGGCCCCTG_002,41
ACACAGGGATGTGGCCCCTG_003,193
ACACAGGGATGTGGCCCCTG_004,66
ACACAGGGATGTGGCCCCTG_005,31
ACACAGGGATGTGGCCCCTG_006,177
CTCAATCTGGTCCAGCACCA_001,97
CTCAATCTGGTCCAGCACCA_002,121
CTCAATCTGGTCCAGCACCA_003,36
CTCAATCTGGTCCAGCACCA_004,101
CTCAATCTGGTCCAGCACCA_005,78
CTCAATCTGGTCCAGCACCA_006,66
CTCAATCTGGTCCAGCACCA_007,50
CTCAATCTGGTCCAGCACCA_008,2
CTCAATCTGGTCCAGCACCA_009,188
CTCAATCTGGTCCAGCACCA_010,19
CTCAATCTGGTCCAGCACCA_011,155
CTCAATCTGGTCCAGCACCA_012,30
CTCAATCTGGTCCAGCACCA_013,199
CTCAATCTGGTCCAGCACCA_014,199
CTCAATCTGGTCCAGCACCA_015,163
CTCAATCTGGTCCAGCACCA_016,73
CTCAATCTGGTCCAGCACCA_017,107
CTCAATCTGGTCCAGCACCA_018,193
CTCAATCTGGTCCAGCACCA_019,154
CTCAATCTGGTCCAGCACCA_020,186
CTCAATCTGGTCCAGCACCA_021,50
CTCAATCTGGTCCAGCACCA_022,48
CTCAATCTGGTCCAGCACCA_023,132
CTCAATCTGGTCCAGCACCA_024,17
CTCAATCTGGTCCAGCACCA_025,145
CTCAATCTGGTCCAGCACCA_026,6
CTCAATCTGGTCCAGCACCA_027,63
CTCAATCTGGTCCAGCACCA_028,58
CTCAATCTGGTCCAGCACCA_029,169
CTGGGGCCCCGAAGCATCAG_001,67
CTGGGGCCCCGAAGCATCAG_002,170
CTGGGGCCCCGAAGCATCAG_003,162
CTGGGGCCCCGAAGCATCAG_004,148
CTGGGGCCCCGAAGCATCAG_005,77
CTGGGGCCCCGAAGCATCAG_006,36
CTGGGGCCCCGAAGCATCAG_007,166
CTGGGGCCCCGAAGCATCAG_008,24
CTGGGGCCCCGAAGCATCAG_009,191
CTGGGGCCCCGAAGCATCAG_010,71
CTGGGGCCCCGAAGCATCAG_011,162
CTGGGGCCCCGAAGCATCAG_012,94
CTGGGGCCCCGAAGCATCAG_013,175
CTGGGGCCCCGAAGCATCAG_014,12
CTGGGGCCCCGAAGCATCAG_015,192
CTGGGGCCCCGAAGCATCAG_016,40
CTGGGGCCCCGAAGCATCAG_017,55
CTGGGGCCCCGAAGCATCAG_018,56
CTGGGGCCCCGAAGCATCAG_019,161
CTGGGGCCCCGAAGCATCAG_020,63
CTGGGGCCCCGAAGCATCAG_021,68
CTGGGGCCCCGAAGCATCAG_022,8
CTGGGGCCCCGAAGCATCAG_023,78
CTGGGGCCCCGAAGCATCAG_024,68
CTGGGGCCCCGAAGCATCAG_025,147
TTGCTAGATGGGTCATAATG_001,48
TTGCTAGATGGGTCATAATG_002,5
TTGCTAGATGGGTCATAATG_003,134
TTGCTAGATGGGTCATAATG_004,57
TTGCTAGATGGGTCATAATG_005,102
TTGCTAGATGGGTCATAATG_006,178
TTGCTAGATGGGTCATAATG_007,12
TTGCTAGATGGGTCATAATG_008,159
TTGCTAGATGGGTCATAATG_009,153
TTGCTAGATGGGTCATAATG_010,33
TTGCTAGATGGGTCATAATG_011,23
TTGCTAGATGGGTCATAATG_012,14
GCTCAGGCCTGAGTAAACAC_001,172
GCTCAGGCCTGAGTAAACAC_002,75
ATATGTAAAAACGACATGGG_001,129
ATATGTAAAAACGACATGGG_002,62
ATATGTAAAAACGACATGGG_003,143
ATATGTAAAAACGACATGGG_004,19
ATATGTAAAAACGACATGGG_005,104
ATATGTAAAAACGACATGGG_006,56
AAGAGCGCACCTGCCACTGG_001,77
AAGAGCGCACCTGCCACTGG_002,171
AAGAGCGCACCTGCCACTGG_003,138
AAGAGCGCACCTGCCACTGG_004,3
AAGAGCGCACCTGCCACTGG_005,130
AAGAGCGCACCTGCCACTGG_006,103
AAGAGCGCACCTGCCACTGG_007,169
AAGAGCGCACCTGCCACTGG_008,50
AAGAGCGCACCTGCCACTGG_009,48
AAGAGCGCACCTGCCACTGG_010,59
AAGAGCGCACCTGCCACTGG_011,12
AAGAGCGCACCTGCCACTGG_012,191
AAGAGCGCACCTGCCACTGG_013,15
AAGAGCGCACCTGCCACTGG_014,169
AAGAGCGCACCTGCCACTGG_015,198
AAGAGCGCACCTGCCACTGG_016,12
ACTGTGTAAAATGAACAAGG_001,120
ACTGTGTAAAATGAACAAGG_002,150
ACTGTGTAAAATGAACAAGG_003,55
ACTGTGTAAAATGAACAAGG_004,113
ACTGTGTAAAATGAACAAGG_005,117
ACTGTGTAAAATGAACAAGG_006,22
ACTGTGTAAAATGAACAAGG_007,166
ACTGTGTAAAATGAACAAGG_008,107
ACTGTGTAAAATGAACAAGG_009,126
ACTGTGTAAAATGAACAAGG_010,126
CAACTGTAACCAGATATTCA_001,190
CAACTGTAACCAGATATTCA_002,177
CAACTGTAACCAGATATTCA_003,149
CAACTGTAACCAGATATTCA_004,34
AACCTTGAGTATAAAACTGG_001,166
AACCTTGAGTATAAAACTGG_002,115
AACCTTGAGTATAAAACTGG_003,131
AACCTTGAGTATAAAACTGG_004,179
AACCTTGAGTATAAAACTGG_005,27
ACGCTGACGAGTAAAAGCGG_001,117
ACGCTGACGAGTAAAAGCGG_002,192
ACGCTGACGAGTAAAAGCGG_003,60
ACGCTGACGAGTAAAAGCGG_004,100
ACGCTGACGAGTAAAAGCGG_005,137
ACGCTGACGAGTAAAAGCGG_006,158
ACGCTGACGAGTAAAAGCGG_007,8
ACGCTGACGAGTAAAAGCGG_008,15
ACGCTGACGAGTAAAAGCGG_009,106
ACGCTGACGAGTAAAAGCGG_010,48
ACGCTGACGAGTAAAAGCGG_011,176
ACGCTGACGAGTAAAAGCGG_012,16
ACGCTGACGAGTAAAAGCGG_013,183
ACGCTGACGAGTAAAAGCGG_014,22
ACGCTGACGAGTAAAAGCGG_015,46
ACGCTGACGAGTAAAAGCGG_016,199
ACGCTGACGAGTAAAAGCGG_017,61
ACGCTGACGAGTAAAAGCGG_018,34
ACGCTGACGAGTAAAAGCGG_019,175
ACGCTGACGAGTAAAAGCGG_020,63
ACGCTGACGAGTAAAAGCGG_021,162
ACGCTGACGAGTAAAAGCGG_022,115
ACGCTGACGAGTAAAAGCGG_023,128
ACGCTGACGAGTAAAAGCGG_024,146
ACGCTGACGAGTAAAAGCGG_025,187
ACGCTGACGAGTAAAAGCGG_026,94
ACGCTGACGAGTAAAAGCGG_027,174
ACGCTGACGAGTAAAAGCGG_028,0
ACGCTGACGAGTAAAAGCGG_029,50
ACGCTGACGAGTAAAAGCGG_030,72
ACGCTGACGAGTAAAAGCGG_031,0
ACGCTGACGAGTAAAAGCGG_032,138
ACGCTGACGAGTAAAAGCGG_033,42
ACGCTGACGAGTAAAAGCGG_034,29
ACGCTGACGAGTAAAAGCGG_035,80
ACGCTGACGAGTAAAAGCGG_036,20
ACGCTGACGAGTAAAAGCGG_037,176
ACGCTGACGAGTAAAAGCGG_038,69
ACCCAGTTCAGTTGACACGG_001,32
ACCCAGTTCAGTTGACACGG_002,34
ACCCAGTTCAGTTGACACGG_003,136
ACCCAGTTCAGTTGACACGG_004,137
ACCCAGTTCAGTTGACACGG_005,175
ACCCAGTTCAGTTGACACGG_006,170
ACCCAGTTCAGTTGACACGG_007,125
ACCCAGTTCAGTTGACACGG_008,108
ACCCAGTTCAGTTGACACGG_009,6
ACCCAGTTCAGTTGACACGG_010,137
ACCCAGTTCAGTTGACACGG_011,62
ACCCAGTTCAGTTGACACGG_012,191
ACCCAGTTCAGTTGACACGG_013,170
ACCCAGTTCAGTTGACACGG_014,186
ACCCAGTTCAGTTGACACGG_015,182
GTGAAGTACTTGTCTGACAC_001,166
GTGAAGTACTTGTCTGACAC_002,36
TGCTCATCAGTGCGAGCGGA_001,58
TGCTCATCAGTGCGAGCGGA_002,135
TGCTCATCAGTGCGAGCGGA_003,195
TGCTCATCAGTGCGAGCGGA_004,142
TGCTCATCAGTGCGAGCGGA_005,105
TGCTCATCAGTGCGAGCGGA_006,115
TGCTCATCAGTGCGAGCGGA_007,149
TGCTCATCAGTGCGAGCGGA_008,42
TGCTCATCAGTGCGAGCGGA_009,83
TGCTCATCAGTGCGAGCGGA_010,137
GACAGGAGCTTGGATCTAGG_001,147
GACAGGAGCTTGGATCTAGG_002,88
GACAGGAGCTTGGATCTAGG_003,60
GACAGGAGCTTGGATCTAGG_004,127
GACAGGAGCTTGGATCTAGG_005,164
GACAGGAGCTTGGATCTAGG_006,164
GACAGGAGCTTGGATCTAGG_007,164
GACAGGAGCTTGGATCTAGG_008,78
CTCGATGTACGTCAGCACGC_001,0
CTCGATGTACGTCAGCACGC_002,70
CTCGATGTACGTCAGCACGC_003,88
CTCGATGTACGTCAGCACGC_004,147
CTCGATGTACGTCAGCACGC_005,146
CTCGATGTACGTCAGCACGC_006,37
CTCGATGTACGTCAGCACGC_007,166
CTCGATGTACGTCAGCACGC_008,182
CTCGATGTACGTCAGCACGC_009,49
ACCTCCAGGGCACTGACGTG_001,49
ACCTCCAGGGCACTGACGTG_002,64
ACCTCCAGGGCACTGACGTG_003,199
ACCTCCAGGGCACTGACGTG_004,154
ACCTCCAGGGCACTGACGTG_005,180
ACCTCCAGGGCACTGACGTG_006,94
ACCTCCAGGGCACTGACGTG_007,141
ACCTCCAGGGCACTGACGTG_008,162
ACCTCCAGGGCACTGACGTG_009,94
ACCTCCAGGGCACTGACGTG_010,21
ACCTCCAGGGCACTGACGTG_011,105
ACCTCCAGGGCACTGACGTG_012,41
ACCTCCAGGGCACTGACGTG_013,11
ACCTCCAGGGCACTGACGTG_014,80
CCGCAAATGACTGGTCACGC_001,15
CCGCAAATGACTGGTCACGC_002,175
CCGCAAATGACTGGTCACGC_003,199
CCGCAAATGACTGGTCACGC_004,159
CCGCAAATGACTGGTCACGC_005,60
CCGCAAATGACTGGTCACGC_006,192
GTACCGCCCCTGGAAGTCGT_001,170
GTACCGCCCCTGGAAGTCGT_002,91
GTACCGCCCCTGGAAGTCGT_003,98
GTACCGCCCCTGGAAGTCGT_004,188
GTACCGCCCCTGGAAGTCGT_005,117
GTACCGCCCCTGGAAGTCGT_006,117
GTACCGCCCCTGGAAGTCGT_007,114
GTACCGCCCCTGGAAGTCGT_008,94
GTACCGCCCCTGGAAGTCGT_009,19
GTACCGCCCCTGGAAGTCGT_010,153
ACCACTCCAAAATAGACGGT_001,63
ACCACTCCAAAATAGACGGT_002,192
ACCACTCCAAAATAGACGGT_003,169
ACCACTCCAAAATAGACGGT_004,59
ACCACTCCAAAATAGACGGT_005,3
ACCACTCCAAAATAGACGGT_006,142
AAGAATACGACGTTCCACTC_001,4
AAGAATACGACGTTCCACTC_002,176
AAGAATACGACGTTCCACTC_003,141
AAGAATACGACGTTCCACTC_004,93
AAGAATACGACGTTCCACTC_005,150
AAGAATACGACGTTCCACTC_006,82
AGCTGCGACGACTTGATGGG_001,17
AGCTGCGACGACTTGATGGG_002,19
AGCTGCGACGACTTGATGGG_003,127
AGCTGCGACGACTTGATGGG_004,142
AGCTGCGACGACTTGATGGG_005,129
AGCTGCGACGACTTGATGGG_006,144
AGCTGCGACGACTTGATGGG_007,47
AGCTGCGACGACTTGATGGG_008,185
AGCTGCGACGACTTGATGGG_009,195
AGCTGCGACGACTTGATGGG_010,114
AGCTGCGACGACTTGATGGG_011,32
AGCTGCGACGACTTGATGGG_012,144
AGCTGCGACGACTTGATGGG_013,175
AGCTGCGACGACTTGATGGG_014,160
AGCTGCGACGACTTGATGGG_015,174
AGCTGCGACGACTTGATGGG_016,184
AGTGTGGGACACCCGCACCT_001,58
AGTGTGGGACACCCGCACCT_002,83
AGTGTGGGACACCCGCACCT_003,7
AGTGTGGGACACCCGCACCT_004,4
AGTGTGGGACACCCGCACCT_005,137
AGTGTGGGACACCCGCACCT_006,21
AGTGTGGGACACCCGCACCT_007,32
AGTGTGGGACACCCGCACCT_008,160
AGTGTGGGACACCCGCACCT_009,13
AGTGTGGGACACCCGCACCT_010,72
AGTGTGGGACACCCGCACCT_011,113
AGTGTGGGACACCCGCACCT_012,35
AGTGTGGGACACCCGCACCT_013,126
ACCCTGAATGTTTCTCAGTG_001,127
ACCCTGAATGTTTCTCAGTG_002,127
ACCCTGAATGTTTCTCAGTG_003,48
ACCCTGAATGTTTCTCAGTG_004,124
ACCCTGAATGTTTCTCAGTG_005,133
ACCCTGAATGTTTCTCAGTG_006,11
ACCCTGAATGTTTCTCAGTG_007,49
ACCCTGAATGTTTCTCAGTG_008,142
CTGCGCGCTCTTCAACATGG_001,72
CTGCGCGCTCTTCAACATGG_002,87
CTGCGCGCTCTTCAACATGG_003,47
CTGCGCGCTCTTCAACATGG_004,67
CTGCTGGACAAACATTACCC_001,107
CTGCTGGACAAACATTACCC_002,65
CTTCTTCTGCGCCTTAGTCA_001,76
CTTCTTCTGCGCCTTAGTCA_002,26
CTTCTTCTGCGCCTTAGTCA_003,72
CTTCTTCTGCGCCTTAGTCA_004,116
CTTCTTCTGCGCCTTAGTCA_005,141
CTTCTTCTGCGCCTTAGTCA_006,196
ACGGTCACCATCCGGACTCG_001,182
ACGGTCACCATCCGGACTCG_002,149
ACGGTCACCATCCGGACTCG_003,139
ACGGTCACCATCCGGACTCG_004,12
ACGGTCACCATCCGGACTCG_005,46
ACGGTCACCATCCGGACTCG_006,84
TCCTGTGTAGCATCGTCCAG_001,160
TCCTGTGTAGCATCGTCCAG_002,102
TCCTGTGTAGCATCGTCCAG_003,58
ACCCAGGCATCATCCGACAA_001,184
ACCCAGGCATCATCCGACAA_002,147
ACCCAGGCATCATCCGACAA_003,14
ACCCAGGCATCATCCGACAA_004,98
ACGCGGAAATAGTACTCGCA_001,113
ACGCGGAAATAGTACTCGCA_002,105
ACGCGGAAATAGTACTCGCA_003,121
ACGCGGAAATAGTACTCGCA_004,95
ACGCGGAAATAGTACTCGCA_005,105
ACGCGGAAATAGTACTCGCA_006,97
ACGCGGAAATAGTACTCGCA_007,1
ACGCGGAAATAGTACTCGCA_008,29
ACGCGGAAATAGTACTCGCA_009,58
ACGCGGAAATAGTACTCGCA_010,55
ACGCGGAAATAGTACTCGCA_011,65
ACGCGGAAATAGTACTCGCA_012,88
ACGCGGAAATAGTACTCGCA_013,194
ACGCGGAAATAGTACTCGCA_014,134
ACGCGGAAATAGTACTCGCA_015,30
ACGCGGAAATAGTACTCGCA_016,50
ACGCGGAAATAGTACTCGCA_017,146
ACGCGGAAATAGTACTCGCA_018,50
ACGCGGAAATAGTACTCGCA_019,83
ACGCGGAAATAGTACTCGCA_020,190
ACGCGGAAATAGTACTCGCA_021,23
ACGCGGAAATAGTACTCGCA_022,91
ACGCGGAAATAGTACTCGCA_023,62
ACGCGGAAATAGTACTCGCA_024,150
ACGCGGAAATAGTACTCGCA_025,49
ACGCGGAAATAGTACTCGCA_026,34
ACGCGGAAATAGTACTCGCA_027,15
CGTGCAGCAGAGCACGACGA_001,184
CGTGCAGCAGAGCACGACGA_002,18
CGTGCAGCAGAGCACGACGA_003,3
CGTGCAGCAGAGCACGACGA_004,3
CGTGCAGCAGAGCACGACGA_005,14
CGTGCAGCAGAGCACGACGA_006,34
AGAATCTGGGATGCTGCATC_001,89
GGAGGACAAGAAACAGAGCT_001,194
GGAGGACAAGAAACAGAGCT_002,159
ACTCACATCAGAGTCTGTCG_001,19
ACTCACATCAGAGTCTGTCG_002,19
ACTCACATCAGAGTCTGTCG_003,127
ACTCACATCAGAGTCTGTCG_004,78
ACTCACATCAGAGTCTGTCG_005,169
ACTCACATCAGAGTCTGTCG_006,57
ACTCACATCAGAGTCTGTCG_007,32
ACTCACATCAGAGTCTGTCG_008,115
ACTCACATCAGAGTCTGTCG_009,142
ACTCACATCAGAGTCTGTCG_010,63
ACTCACATCAGAGTCTGTCG_011,53
ACTCACATCAGAGTCTGTCG_012,177
ACTCACATCAGAGTCTGTCG_013,84
ACTCACATCAGAGTCTGTCG_014,0
ACTCACATCAGAGTCTGTCG_015,102
ACTCACATCAGAGTCTGTCG_016,100
GTTGTCCGAGGAACTAGCAA_001,77
GTTGTCCGAGGAACTAGCAA_002,162
GTTGTCCGAGGAACTAGCAA_003,41
GTTGTCCGAGGAACTAGCAA_004,129
GTTGTCCGAGGAACTAGCAA_005,137
GTTGTCCGAGGAACTAGCAA_006,33
GTTGTCCGAGGAACTAGCAA_007,183
GTTGTCCGAGGAACTAGCAA_008,183
GTTGTCCGAGGAACTAGCAA_009,5
GTTGTCCGAGGAACTAGCAA_010,170
GTTGTCCGAGGAACTAGCAA_011,75
GTTGTCCGAGGAACTAGCAA_012,60
GTTGTCCGAGGAACTAGCAA_013,51
GTTGTCCGAGGAACTAGCAA_014,7
GTTGTCCGAGGAACTAGCAA_015,168
GTTGTCCGAGGAACTAGCAA_016,183
GTTGTCCGAGGAACTAGCAA_017,83
GTTGTCCGAGGAACTAGCAA_018,15
GTTGTCCGAGGAACTAGCAA_019,198
GAAGACCGGCTGTGAGACAG_001,77
GAAGACCGGCTGTGAGACAG_002,57
GAAGACCGGCTGTGAGACAG_003,21
GAAGACCGGCTGTGAGACAG_004,101
GAAGACCGGCTGTGAGACAG_005,160
GAAGACCGGCTGTGAGACAG_006,116
GAAGACCGGCTGTGAGACAG_007,157
GAAGACCGGCTGTGAGACAG_008,172
GAAGACCGGCTGTGAGACAG_009,78
GAAGACCGGCTGTGAGACAG_010,77
GAAGACCGGCTGTGAGACAG_011,68
GAAGACCGGCTGTGAGACAG_012,121
GAAGACCGGCTGTGAGACAG_013,2
GAAGACCGGCTGTGAGACAG_014,55
GAAGACCGGCTGTGAGACAG_015,1
CCACGAAGCAAACATCACTG_001,168
CCACGAAGCAAACATCACTG_002,140
CCACGAAGCAAACATCACTG_003,116
CCACGAAGCAAACATCACTG_004,169
CCACGAAGCAAACATCACTG_005,36
CCACGAAGCAAACATCACTG_006,178
CCACGAAGCAAACATCACTG_007,175
CCACGAAGCAAACATCACTG_008,158
CCACGAAGCAAACATCACTG_009,63
CCACGAAGCAAACATCACTG_010,113
CCACGAAGCAAACATCACTG_011,117
CCACGAAGCAAACATCACTG_012,8
CCACGAAGCAAACATCACTG_013,156
CCACGAAGCAAACATCACTG_014,177
CCACGAAGCAAACATCACTG_015,168
CCACGAAGCAAACATCACTG_016,0
CCACGAAGCAAACATCACTG_017,100
CCACGAAGCAAACATCACTG_018,13
CCACGAAGCAAACATCACTG_019,94
CCACGAAGCAAACATCACTG_020,179
CCACGAAGCAAACATCACTG_021,127
CCACGAAGCAAACATCACTG_022,12
CCACGAAGCAAACATCACTG_023,103
CCACGAAGCAAACATCACTG_024,150
CCACGAAGCAAACATCACTG_025,38
CCACGAAGCAAACATCACTG_026,70
CCACGAAGCAAACATCACTG_027,49
CCACGAAGCAAACATCACTG_028,88
CCACGAAGCAAACATCACTG_029,177
CCACGAAGCAAACATCACTG_030,178
CCACGAAGCAAACATCACTG_031,16
CCACGAAGCAAACATCACTG_032,107
CCACGAAGCAAACATCACTG_033,20
CCACGAAGCAAACATCACTG_034,150
GATGAAGTTTCCGCAGCTCG_001,24
GATGAAGTTTCCGCAGCTCG_002,52
GATGAAGTTTCCGCAGCTCG_003,2
GATGAAGTTTCCGCAGCTCG_004,45
GATGAAGTTTCCGCAGCTCG_005,178
GATGAAGTTTCCGCAGCTCG_006,144
GATGAAGTTTCCGCAGCTCG_007,105
GATGAAGTTTCCGCAGCTCG_008,172
GATGAAGTTTCCGCAGCTCG_009,121
GATGAAGTTTCCGCAGCTCG_010,112
GATGAAGTTTCCGCAGCTCG_011,160
GATGAAGTTTCCGCAGCTCG_012,15
GATGAAGTTTCCGCAGCTCG_013,197
GATGAAGTTTCCGCAGCTCG_014,4
GATGAAGTTTCCGCAGCTCG_015,34
CTAGCTTGTAAACACTTCTG_001,50
CTAGCTTGTAAACACTTCTG_002,59
CTAGCTTGTAAACACTTCTG_003,46
GCCGGCAAATGCCTCCACAG_001,111
GCCGGCAAATGCCTCCACAG_002,72
GCCGGCAAATGCCTCCACAG_003,5
GCCGGCAAATGCCTCCACAG_004,70
GCCGGCAAATGCCTCCACAG_005,121
GCCGGCAAATGCCTCCACAG_006,7
GCCGGCAAATGCCTCCACAG_007,163
GCCGGCAAATGCCTCCACAG_008,83
GCCGGCAAATGCCTCCACAG_009,198
GCCGGCAAATGCCTCCACAG_010,48
GCCGGCAAATGCCTCCACAG_011,91
GCCGGCAAATGCCTCCACAG_012,166
GCCGGCAAATGCCTCCACAG_013,96
GCCGGCAAATGCCTCCACAG_014,8
GCCGGCAAATGCCTCCACAG_015,72
GCCGGCAAATGCCTCCACAG_016,49
GCCGGCAAATGCCTCCACAG_017,91
GCCGGCAAATGCCTCCACAG_018,168
GCCGGCAAATGCCTCCACAG_019,177
GCCGGCAAATGCCTCCACAG_020,180
GCCGGCAAATGCCTCCACAG_021,62
GCCGGCAAATGCCTCCACAG_022,123
GCCGGCAAATGCCTCCACAG_023,59
GCCGGCAAATGCCTCCACAG_024,147
GCCGGCAAATGCCTCCACAG_025,165
GCCGGCAAATGCCTCCACAG_026,132
GCCGGCAAATGCCTCCACAG_027,165
GCCGGCAAATGCCTCCACAG_028,63
GCCGGCAAATGCCTCCACAG_029,16
GCCGGCAAATGCCTCCACAG_030,94
GCCGGCAAATGCCTCCACAG_031,144
GCCGGCAAATGCCTCCACAG_032,162
GCCGGCAAATGCCTCCACAG_033,55
GCCGGCAAATGCCTCCACAG_034,32
ATGTGGAAACAAAATTGTGG_001,80
ATGTGGAAACAAAATTGTGG_002,127
ATGTGGAAACAAAATTGTGG_003,82
CGGCAGCGTACAATCATCAC_001,190
CGGCAGCGTACAATCATCAC_002,17
GCATTTGCAGGAGCCGGCGC_001,158
GCATTTGCAGGAGCCGGCGC_002,56
GCATTTGCAGGAGCCGGCGC_003,77
GCATTTGCAGGAGCCGGCGC_004,83
GCATTTGCAGGAGCCGGCGC_005,187
GCATTTGCAGGAGCCGGCGC_006,140
GCATTTGCAGGAGCCGGCGC_007,178
GCATTTGCAGGAGCCGGCGC_008,61
GCATTTGCAGGAGCCGGCGC_009,53
GCATTTGCAGGAGCCGGCGC_010,115
GCATTTGCAGGAGCCGGCGC_011,107
GCATTTGCAGGAGCCGGCGC_012,24
GCATTTGCAGGAGCCGGCGC_013,135
GCATTTGCAGGAGCCGGCGC_014,168
GCATTTGCAGGAGCCGGCGC_015,151
GCATTTGCAGGAGCCGGCGC_016,4
GCATTTGCAGGAGCCGGCGC_017,94
GGGAGACAAAGTCATACACG_001,66
GGGAGACAAAGTCATACACG_002,5
GGGAGACAAAGTCATACACG_003,186
GGGAGACAAAGTCATACACG_004,56
GGGAGACAAAGTCATACACG_005,188
GGGAGACAAAGTCATACACG_006,159
GGGAGACAAAGTCATACACG_007,156
GGGAGACAAAGTCATACACG_008,168
GGGAGACAAAGTCATACACG_009,15
GGGAGACAAAGTCATACACG_010,77
GGGAGACAAAGTCATACACG_011,50
GGGAGACAAAGTCATACACG_012,13
TATTACCACTTCTGGCATCG_001,32
TATTACCACTTCTGGCATCG_002,63
CTGGCCTACAGCGAGCCGTG_001,180
CTGGCCTACAGCGAGCCGTG_002,29
CTGGCCTACAGCGAGCCGTG_003,56
CTGGCCTACAGCGAGCCGTG_004,121
CTGGCCTACAGCGAGCCGTG_005,38
CTGGCCTACAGCGAGCCGTG_006,99
CTGGCCTACAGCGAGCCGTG_007,14
CTGGCCTACAGCGAGCCGTG_008,145
CTGGCCTACAGCGAGCCGTG_009,148
CTGGCCTACAGCGAGCCGTG_010,78
CTGGCCTACAGCGAGCCGTG_011,78
CTGGCCTACAGCGAGCCGTG_012,94
CTGGCCTACAGCGAGCCGTG_013,29
CTGGCCTACAGCGAGCCGTG_014,62
CTGGCCTACAGCGAGCCGTG_015,186
CTGGCCTACAGCGAGCCGTG_016,5
CTGGCCTACAGCGAGCCGTG_017,169
CATCGCGAGCACTTCAGACA_001,154
CATCGCGAGCACTTCAGACA_002,2
CATCGCGAGCACTTCAGACA_003,184
CATCGCGAGCACTTCAGACA_004,114
CATCGCGAGCACTTCAGACA_005,170
CATCGCGAGCACTTCAGACA_006,55
CATCGCGAGCACTTCAGACA_007,174
CATCGCGAGCACTTCAGACA_008,94
CATCGCGAGCACTTCAGACA_009,130
CATCGCGAGCACTTCAGACA_010,42
CATCGCGAGCACTTCAGACA_011,127
CATCGCGAGCACTTCAGACA_012,149
CATCGCGAGCACTTCAGACA_013,13
CATCGCGAGCACTTCAGACA_014,47
CATCGCGAGCACTTCAGACA_015,105
CATCGCGAGCACTTCAGACA_016,172
CATCGCGAGCACTTCAGACA_017,196
CATCGCGAGCACTTCAGACA_018,127
CATCGCGAGCACTTCAGACA_019,70
CATCGCGAGCACTTCAGACA_020,111
CATCGCGAGCACTTCAGACA_021,1
CATCGCGAGCACTTCAGACA_022,174
CATCGCGAGCACTTCAGACA_023,156
CATCGCGAGCACTTCAGACA_024,156
CATCGCGAGCACTTCAGACA_025,108
GTTCAGTGAAAGGGAAGAGT_001,115
GTTCAGTGAAAGGGAAGAGT_002,23
GTTCAGTGAAAGGGAAGAGT_003,8
GTTCAGTGAAAGGGAAGAGT_004,41
GTTCAGTGAAAGGGAAGAGT_005,156
GTTCAGTGAAAGGGAAGAGT_006,34
GTTCAGTGAAAGGGAAGAGT_007,96
GTTCAGTGAAAGGGAAGAGT_008,120
TAAGAGCTAAATTCACAACG_001,92
TAAGAGCTAAATTCACAACG_002,19
TAAGAGCTAAATTCACAACG_003,155
TAAGAGCTAAATTCACAACG_004,82
TAAGAGCTAAATTCACAACG_005,27
TAAGAGCTAAATTCACAACG_006,6
TAAGAGCTAAATTCACAACG_007,62
TAAGAGCTAAATTCACAACG_008,52
TAAGAGCTAAATTCACAACG_009,171
TAAGAGCTAAATTCACAACG_010,70
TAAGAGCTAAATTCACAACG_011,127
CAGTGAGTAGTGCCAAACCA_001,106
CAGTGAGTAGTGCCAAACCA_002,166
CAGTGAGTAGTGCCAAACCA_003,43
CAGTGAGTAGTGCCAAACCA_004,133
CAGTGAGTAGTGCCAAACCA_005,184
CAGTGAGTAGTGCCAAACCA_006,58
CAGTGAGTAGTGCCAAACCA_007,1
CAGTGAGTAGTGCCAAACCA_008,88
CAGTGAGTAGTGCCAAACCA_009,16
CAGTGAGTAGTGCCAAACCA_010,77
CAGTGAGTAGTGCCAAACCA_011,94
CAGTGAGTAGTGCCAAACCA_012,35
CAGTGAGTAGTGCCAAACCA_013,132
CAGTGAGTAGTGCCAAACCA_014,147
CAGTGAGTAGTGCCAAACCA_015,86
CAGTGAGTAGTGCCAAACCA_016,165
CAGTGAGTAGTGCCAAACCA_017,141
CAGTGAGTAGTGCCAAACCA_018,103
CAGTGAGTAGTGCCAAACCA_019,5
CAGTGAGTAGTGCCAAACCA_020,68
CAGTGAGTAGTGCCAAACCA_021,83
CAGTGAGTAGTGCCAAACCA_022,46
CAGTGAGTAGTGCCAAACCA_023,137
CAGTGAGTAGTGCCAAACCA_024,115
CAGTGAGTAGTGCCAAACCA_025,120
CAGTGAGTAGTGCCAAACCA_026,77
CAGTGAGTAGTGCCAAACCA_027,174
CAGTGAGTAGTGCCAAACCA_028,145
CAGTGAGTAGTGCCAAACCA_029,188
CAGTGAGTAGTGCCAAACCA_030,41
CAGTGAGTAGTGCCAAACCA_031,9
CAGTGAGTAGTGCCAAACCA_032,105
CAGTGAGTAGTGCCAAACCA_033,150
CAGTGAGTAGTGCCAAACCA_034,161
CAGTGAGTAGTGCCAAACCA_035,93
CAGTGAGTAGTGCCAAACCA_036,94
CAGTGAGTAGTGCCAAACCA_037,33
CAGTGAGTAGTGCCAAACCA_038,103
CAGTGAGTAGTGCCAAACCA_039,161
CAGTGAGTAGTGCCAAACCA_040,108
CAGTGAGTAGTGCCAAACCA_041,68
CAGTGAGTAGTGCCAAACCA_042,174
CATAGCATTTAAGAGAGCTG_001,121
CATAGCATTTAAGAGAGCTG_002,144
CATAGCATTTAAGAGAGCTG_003,106
CATAGCATTTAAGAGAGCTG_004,38
CATAGCATTTAAGAGAGCTG_005,40
CATAGCATTTAAGAGAGCTG_006,132
CATAGCATTTAAGAGAGCTG_007,62
CATAGCATTTAAGAGAGCTG_008,174
GGAGCCGTACATCTCCGCTG_001,82
GGAGCCGTACATCTCCGCTG_002,187
GGAGCCGTACATCTCCGCTG_003,44
GGAGCCGTACATCTCCGCTG_004,30
GTATCTGGCATCATGACGGA_001,48
GTATCTGGCATCATGACGGA_002,121
GTATCTGGCATCATGACGGA_003,77
GTATCTGGCATCATGACGGA_004,179
CATTAGTATCTAAGCTACTG_001,191
CATTAGTATCTAAGCTACTG_002,31
CATTAGTATCTAAGCTACTG_003,8
CATTAGTATCTAAGCTACTG_004,174
CATTAGTATCTAAGCTACTG_005,39
AGTCCAAAGCCGAGAGCCTC_001,58
AGTCCAAAGCCGAGAGCCTC_002,77
AGTCCAAAGCCGAGAGCCTC_003,150
AGTCCAAAGCCGAGAGCCTC_004,2
AGTCCAAAGCCGAGAGCCTC_005,83
AGTCCAAAGCCGAGAGCCTC_006,102
AGTCCAAAGCCGAGAGCCTC_007,112
AGTCCAAAGCCGAGAGCCTC_008,83
AGTCCAAAGCCGAGAGCCTC_009,32
AGTCCAAAGCCGAGAGCCTC_010,60
AGTCCAAAGCCGAGAGCCTC_011,197
AGTCCAAAGCCGAGAGCCTC_012,168
AGTCCAAAGCCGAGAGCCTC_013,38
AGTCCAAAGCCGAGAGCCTC_014,105
AGTCCAAAGCCGAGAGCCTC_015,43
AGTCCAAAGCCGAGAGCCTC_016,70
AGTCCAAAGCCGAGAGCCTC_017,4
AGTCCAAAGCCGAGAGCCTC_018,164
AGTCCAAAGCCGAGAGCCTC_019,172
AGTCCAAAGCCGAGAGCCTC_020,172
AGTCCAAAGCCGAGAGCCTC_021,123
AGTCCAAAGCCGAGAGCCTC_022,176
AGTCCAAAGCCGAGAGCCTC_023,77
AGTCCAAAGCCGAGAGCCTC_024,144
AGTCCAAAGCCGAGAGCCTC_025,18
AGTCCAAAGCCGAGAGCCTC_026,52
AGTCCAAAGCCGAGAGCCTC_027,180
AGTCCAAAGCCGAGAGCCTC_028,136
AGTCCAAAGCCGAGAGCCTC_029,94
AGTCCAAAGCCGAGAGCCTC_030,49
AGTCCAAAGCCGAGAGCCTC_031,0
AGTCCAAAGCCGAGAGCCTC_032,34
AGTCCAAAGCCGAGAGCCTC_033,40
AGTCCAAAGCCGAGAGCCTC_034,126
AGTCCAAAGCCGAGAGCCTC_035,176
AGTCCAAAGCCGAGAGCCTC_036,61
AGTCCAAAGCCGAGAGCCTC_037,41
GGCCGTGCGGTACTTGGCTG_001,196
GGCCGTGCGGTACTTGGCTG_002,149
GGCCGTGCGGTACTTGGCTG_003,8
GGCCGTGCGGTACTTGGCTG_004,19
AGAAAAACGAGATATTGCCA_001,172
AGAAAAACGAGATATTGCCA_002,64
AGAAAAACGAGATATTGCCA_003,39
AGAAAAACGAGATATTGCCA_004,44
ATCATGACCCAATCTATGTG_001,152
ATCATGACCCAATCTATGTG_002,183
ATCATGACCCAATCTATGTG_003,178
ATCATGACCCAATCTATGTG_004,68
ATCATGACCCAATCTATGTG_005,100
ATCATGACCCAATCTATGTG_006,114
ATCATGACCCAATCTATGTG_007,192
ATCATGACCCAATCTATGTG_008,152
ATCATGACCCAATCTATGTG_009,90
ATCATGACCCAATCTATGTG_010,119
ATCATGACCCAATCTATGTG_011,117
ATCATGACCCAATCTATGTG_012,152
ATCATGACCCAATCTATGTG_013,168
ATCATGACCCAATCTATGTG_014,88
ATCATGACCCAATCTATGTG_015,35
ATCATGACCCAATCTATGTG_016,190
ATCATGACCCAATCTATGTG_017,79
ATCATGACCCAATCTATGTG_018,180
CTCCTGGAGAAGATTACGGA_001,32
CTCCTGGAGAAGATTACGGA_002,180
CTCCTGGAGAAGATTACGGA_003,110
CTCCTGGAGAAGATTACGGA_004,166
CTCCTGGAGAAGATTACGGA_005,174
GATGAAGTTCGACTGAAGTG_001,166
GATGAAGTTCGACTGAAGTG_002,162
GATGAAGTTCGACTGAAGTG_003,183
GATGAAGTTCGACTGAAGTG_004,176
GATGAAGTTCGACTGAAGTG_005,127
GATGAAGTTCGACTGAAGTG_006,15
GATGAAGTTCGACTGAAGTG_007,147
GATGAAGTTCGACTGAAGTG_008,158
GATGAAGTTCGACTGAAGTG_009,183
GATGAAGTTCGACTGAAGTG_010,70
GATGAAGTTCGACTGAAGTG_011,81
GATGAAGTTCGACTGAAGTG_012,167
GATGAAGTTCGACTGAAGTG_013,23
GATGAAGTTCGACTGAAGTG_014,9
GATGAAGTTCGACTGAAGTG_015,30
GATGAAGTTCGACTGAAGTG_016,121
GATGAAGTTCGACTGAAGTG_017,96
GCCTTCAGGGACAAGAAACA_001,65
GCCTTCAGGGACAAGAAACA_002,119
GCCTTCAGGGACAAGAAACA_003,30
GCCTTCAGGGACAAGAAACA_004,182
GCCTTCAGGGACAAGAAACA_005,177
GCCTTCAGGGACAAGAAACA_006,94
GCCTTCAGGGACAAGAAACA_007,178
AGAGAAGGCTGTGAAGCGGG_001,72
AGAGAAGGCTGTGAAGCGGG_002,85
AGAGAAGGCTGTGAAGCGGG_003,170
AGAGAAGGCTGTGAAGCGGG_004,47
AGAGAAGGCTGTGAAGCGGG_005,83
AGAGAAGGCTGTGAAGCGGG_006,106
AGAGAAGGCTGTGAAGCGGG_007,157
AGAGAAGGCTGTGAAGCGGG_008,40
AGAGAAGGCTGTGAAGCGGG_009,136
AGAGAAGGCTGTGAAGCGGG_010,138
AGAGAAGGCTGTGAAGCGGG_011,151
CTGTACCTGTTAGTGGCGCG_001,5
CTGTACCTGTTAGTGGCGCG_002,78
CTGTACCTGTTAGTGGCGCG_003,122
CTGTACCTGTTAGTGGCGCG_004,162
CTGTACCTGTTAGTGGCGCG_005,30
CTGTACCTGTTAGTGGCGCG_006,88
CTGTACCTGTTAGTGGCGCG_007,96
CTGTACCTGTTAGTGGCGCG_008,105
CTGTACCTGTTAGTGGCGCG_009,182
CTGTACCTGTTAGTGGCGCG_010,48
CTGTACCTGTTAGTGGCGCG_011,182
CTGTACCTGTTAGTGGCGCG_012,184
CTGTACCTGTTAGTGGCGCG_013,29
CTGTACCTGTTAGTGGCGCG_014,120
CTGTACCTGTTAGTGGCGCG_015,103
CTGTACCTGTTAGTGGCGCG_016,55
CTGTACCTGTTAGTGGCGCG_017,39
CTGTACCTGTTAGTGGCGCG_018,164
CTGTACCTGTTAGTGGCGCG_019,198
CTGTACCTGTTAGTGGCGCG_020,15
CTGTACCTGTTAGTGGCGCG_021,106
CTGTACCTGTTAGTGGCGCG_022,144
CTGTACCTGTTAGTGGCGCG_023,140
TGAACATGCTCAGCTCACTG_001,78
TGAACATGCTCAGCTCACTG_002,106
TGAACATGCTCAGCTCACTG_003,1
TGAACATGCTCAGCTCACTG_004,197
TGAACATGCTCAGCTCACTG_005,92
CCAGACCAGATTTCAACACA_001,18
CCAGACCAGATTTCAACACA_002,168
CCAGACCAGATTTCAACACA_003,56
CCAGACCAGATTTCAACACA_004,184
TCTGAGACTGAGATCCACCA_001,1
TCTGAGACTGAGATCCACCA_002,92
TCTGAGACTGAGATCCACCA_003,60
TCTGAGACTGAGATCCACCA_004,41
TCTGAGACTGAGATCCACCA_005,50
TCTGAGACTGAGATCCACCA_006,118
TCTGAGACTGAGATCCACCA_007,105
TCTGAGACTGAGATCCACCA_008,156
TCTGAGACTGAGATCCACCA_009,17
TCTGAGACTGAGATCCACCA_010,25
TCTGAGACTGAGATCCACCA_011,56
TCTGAGACTGAGATCCACCA_012,114
TCTGAGACTGAGATCCACCA_013,145
TCTGAGACTGAGATCCACCA_014,150
TCTGAGACTGAGATCCACCA_015,171
TCTGAGACTGAGATCCACCA_016,103
TCTGAGACTGAGATCCACCA_017,68
TCTGAGACTGAGATCCACCA_018,104
TCTGAGACTGAGATCCACCA_019,106
TCTGAGACTGAGATCCACCA_020,19
TCTGAGACTGAGATCCACCA_021,191
TCTGAGACTGAGATCCACCA_022,90
CTGCCCGAGCAGTATTCTGT_001,181
CTGCCCGAGCAGTATTCTGT_002,11
CTGCCCGAGCAGTATTCTGT_003,160
CTGCCCGAGCAGTATTCTGT_004,141
CTGCCCGAGCAGTATTCTGT_005,193
CTGCCCGAGCAGTATTCTGT_006,8
CTGCCCGAGCAGTATTCTGT_007,85
CTGCCCGAGCAGTATTCTGT_008,120
CTGCCCGAGCAGTATTCTGT_009,196
CTGCCCGAGCAGTATTCTGT_010,117
CTGCCCGAGCAGTATTCTGT_011,16
CTGCCCGAGCAGTATTCTGT_012,4
CTGCCCGAGCAGTATTCTGT_013,146
CTGCCCGAGCAGTATTCTGT_014,162
CTGCCCGAGCAGTATTCTGT_015,141
CTGCCCGAGCAGTATTCTGT_016,103
CTGCCCGAGCAGTATTCTGT_017,145
CTGCCCGAGCAGTATTCTGT_018,178
CTGCCCGAGCAGTATTCTGT_019,170
CTGCCCGAGCAGTATTCTGT_020,194
CCACACGCACACATGACGTG_001,9
CCACACGCACACATGACGTG_002,62
CCACACGCACACATGACGTG_003,121
CCACACGCACACATGACGTG_004,110
CCACACGCACACATGACGTG_005,102
CCACACGCACACATGACGTG_006,116
CCACACGCACACATGACGTG_007,84
CCACACGCACACATGACGTG_008,119
CCACACGCACACATGACGTG_009,171
CCACACGCACACATGACGTG_010,69
CCACACGCACACATGACGTG_011,63
CCACACGCACACATGACGTG_012,63
CCACACGCACACATGACGTG_013,113
CCACACGCACACATGACGTG_014,126
CCACACGCACACATGACGTG_015,102
CCACACGCACACATGACGTG_016,19
CCACACGCACACATGACGTG_017,169
AGTTATGTTAGGTATACCCG_001,78
AGTTATGTTAGGTATACCCG_002,146
AGTTATGTTAGGTATACCCG_003,33
AGTTATGTTAGGTATACCCG_004,177
AGTTATGTTAGGTATACCCG_005,170
AGTTATGTTAGGTATACCCG_006,175
AGTTGGCTTAGAATGGCGTG_001,12
AGTTGGCTTAGAATGGCGTG_002,76
AGTTGGCTTAGAATGGCGTG_003,113
AGTTGGCTTAGAATGGCGTG_004,115
AGTTGGCTTAGAATGGCGTG_005,144
CGAGCTCGAGAACAACCAGG_001,163
CGAGCTCGAGAACAACCAGG_002,169
CGAGCTCGAGAACAACCAGG_003,156
CGAGCTCGAGAACAACCAGG_004,15
CGAGCTCGAGAACAACCAGG_005,21
GGATGAGAGTGACCACGTGG_001,198
GGATGAGAGTGACCACGTGG_002,34
GGATGAGAGTGACCACGTGG_003,168
GGATGAGAGTGACCACGTGG_004,14
GGATGAGAGTGACCACGTGG_005,1
GGATGAGAGTGACCACGTGG_006,106
GGATGAGAGTGACCACGTGG_007,78
GGATGAGAGTGACCACGTGG_008,110
GGATGAGAGTGACCACGTGG_009,127
GGATGAGAGTGACCACGTGG_010,150
GGATGAGAGTGACCACGTGG_011,146
GGATGAGAGTGACCACGTGG_012,19
GGATGAGAGTGACCACGTGG_013,170
GGATGAGAGTGACCACGTGG_014,40
GGATGAGAGTGACCACGTGG_015,81
GGATGAGAGTGACCACGTGG_016,15
GGATGAGAGTGACCACGTGG_017,10
GGATGAGAGTGACCACGTGG_018,118
GGATGAGAGTGACCACGTGG_019,49
GGATGAGAGTGACCACGTGG_020,88
GGATGAGAGTGACCACGTGG_021,6
GGATGAGAGTGACCACGTGG_022,104
TCTGGGTCATCGCTGAAGAA_001,60
TCTGGGTCATCGCTGAAGAA_002,9
TCTGGGTCATCGCTGAAGAA_003,152
TCTGGGTCATCGCTGAAGAA_004,132
TCTGGGTCATCGCTGAAGAA_005,61
TCTGGGTCATCGCTGAAGAA_006,111
TCTGGGTCATCGCTGAAGAA_007,1
TCTGGGTCATCGCTGAAGAA_008,50
TTTCGTTATTCATTGCACAG_001,37
TTTCGTTATTCATTGCACAG_002,119
CCCAGAGTCTGTGAGGTCGA_001,15
CCCAGAGTCTGTGAGGTCGA_002,18
CCCAGAGTCTGTGAGGTCGA_003,154
CCCAGAGTCTGTGAGGTCGA_004,194
CCCAGAGTCTGTGAGGTCGA_005,33
CCCAGAGTCTGTGAGGTCGA_006,192
CCCAGAGTCTGTGAGGTCGA_007,198
CCCAGAGTCTGTGAGGTCGA_008,169
CCCAGAGTCTGTGAGGTCGA_009,169
CCCAGAGTCTGTGAGGTCGA_010,19
CCCAGAGTCTGTGAGGTCGA_011,43
CCCAGAGTCTGTGAGGTCGA_012,180
CCCAGAGTCTGTGAGGTCGA_013,154
CCCAGAGTCTGTGAGGTCGA_014,154
CCCAGAGTCTGTGAGGTCGA_015,40
CCCAGAGTCTGTGAGGTCGA_016,24
CCCAGAGTCTGTGAGGTCGA_017,145
CCCAGAGTCTGTGAGGTCGA_018,3
CCCAGAGTCTGTGAGGTCGA_019,65
CCCAGAGTCTGTGAGGTCGA_020,65
CCCAGAGTCTGTGAGGTCGA_021,161
CCCAGAGTCTGTGAGGTCGA_022,125
CCCAGAGTCTGTGAGGTCGA_023,37
AGCCTGCAGGACTTTCCCTG_001,8
AGCCTGCAGGACTTTCCCTG_002,18
AGCCTGCAGGACTTTCCCTG_003,147
AGCCTGCAGGACTTTCCCTG_004,171
AGCCTGCAGGACTTTCCCTG_005,104
AGCCTGCAGGACTTTCCCTG_006,38
AGCCTGCAGGACTTTCCCTG_007,65
AGCCTGCAGGACTTTCCCTG_008,16
AGCCTGCAGGACTTTCCCTG_009,45
AGCCTGCAGGACTTTCCCTG_010,37
AAACAAGTGCAGTTCAACCC_001,50
AATAACTGTTCTATCAGCAG_001,105
AATAACTGTTCTATCAGCAG_002,123
AATAACTGTTCTATCAGCAG_003,123
AATAACTGTTCTATCAGCAG_004,127
AATAACTGTTCTATCAGCAG_005,141
AATAACTGTTCTATCAGCAG_006,140
AATAACTGTTCTATCAGCAG_007,188
GCCTACCAGGATCAGCCACG_001,175
GCCTACCAGGATCAGCCACG_002,94
GCCTACCAGGATCAGCCACG_003,155
GCCTACCAGGATCAGCCACG_004,12
GCCTACCAGGATCAGCCACG_005,184
GCCTACCAGGATCAGCCACG_006,11
GCCTACCAGGATCAGCCACG_007,48
GCCTACCAGGATCAGCCACG_008,122
GCCTACCAGGATCAGCCACG_009,194
GCCTACCAGGATCAGCCACG_010,46
GCCTACCAGGATCAGCCACG_011,0
GCCTACCAGGATCAGCCACG_012,105
GCCTACCAGGATCAGCCACG_013,29
GCCTACCAGGATCAGCCACG_014,27
GCCTACCAGGATCAGCCACG_015,34
GCCTACCAGGATCAGCCACG_016,191
TAACAGCGTGGCCTTAACAC_001,121
TAACAGCGTGGCCTTAACAC_002,72
TAACAGCGTGGCCTTAACAC_003,88
TAACAGCGTGGCCTTAACAC_004,196
TAACAGCGTGGCCTTAACAC_005,9
TAACAGCGTGGCCTTAACAC_006,68
TAACAGCGTGGCCTTAACAC_007,94
TAACAGCGTGGCCTTAACAC_008,50
TAACAGCGTGGCCTTAACAC_009,109
TAACAGCGTGGCCTTAACAC_010,166
TTGGTCCGAGTCTGGAGAAA_001,24
TTGGTCCGAGTCTGGAGAAA_002,185
TTGGTCCGAGTCTGGAGAAA_003,24
TTGGTCCGAGTCTGGAGAAA_004,144
TTGGTCCGAGTCTGGAGAAA_005,12
TTGGTCCGAGTCTGGAGAAA_006,126
TTGGTCCGAGTCTGGAGAAA_007,185
TTGGTCCGAGTCTGGAGAAA_008,17
TTGGTCCGAGTCTGGAGAAA_009,83
TTGGTCCGAGTCTGGAGAAA_010,35
TTGGTCCGAGTCTGGAGAAA_011,2
TTGGTCCGAGTCTGGAGAAA_012,146
TTGGTCCGAGTCTGGAGAAA_013,127
TTGGTCCGAGTCTGGAGAAA_014,1
TTGGTCCGAGTCTGGAGAAA_015,124
TTGGTCCGAGTCTGGAGAAA_016,193
TTGGTCCGAGTCTGGAGAAA_017,30
TTGGTCCGAGTCTGGAGAAA_018,127
TTGGTCCGAGTCTGGAGAAA_019,146
TTGGTCCGAGTCTGGAGAAA_020,70
TTGGTCCGAGTCTGGAGAAA_021,118
AGCCGGGCCTCGGACAACCA_001,169
AGCCGGGCCTCGGACAACCA_002,191
AGCCGGGCCTCGGACAACCA_003,194
AGCCGGGCCTCGGACAACCA_004,194
AGCCGGGCCTCGGACAACCA_005,19
AGCCGGGCCTCGGACAACCA_006,20
AGCCGGGCCTCGGACAACCA_007,177
AGCCGGGCCTCGGACAACCA_008,6
AGCCGGGCCTCGGACAACCA_009,49
AGCCGGGCCTCGGACAACCA_010,2
AGCCGGGCCTCGGACAACCA_011,58
AGCCGGGCCTCGGACAACCA_012,94
AGCCGGGCCTCGGACAACCA_013,84
AGCCGGGCCTCGGACAACCA_014,197
AGCCGGGCCTCGGACAACCA_015,108
AGCCGGGCCTCGGACAACCA_016,47
AGCCGGGCCTCGGACAACCA_017,115
AGCCGGGCCTCGGACAACCA_018,196
AGCCGGGCCTCGGACAACCA_019,137
AGCCGGGCCTCGGACAACCA_020,197
AGCCGGGCCTCGGACAACCA_021,162
AGCCGGGCCTCGGACAACCA_022,94
AGCCGGGCCTCGGACAACCA_023,14
AGCCGGGCCTCGGACAACCA_024,21
AGCCGGGCCTCGGACAACCA_025,138
AGCCGGGCCTCGGACAACCA_026,171
AGCCGGGCCTCGGACAACCA_027,198
AGCCGGGCCTCGGACAACCA_028,104
AGCCGGGCCTCGGACAACCA_029,99
AGCCGGGCCTCGGACAACCA_030,50
AGCCGGGCCTCGGACAACCA_031,180
AGCCGGGCCTCGGACAACCA_032,19
AGCCGGGCCTCGGACAACCA_033,34
AGCCGGGCCTCGGACAACCA_034,78
AGCCGGGCCTCGGACAACCA_035,166
AGCCGGGCCTCGGACAACCA_036,46
AGCCGGGCCTCGGACAACCA_037,15
AGCCGGGCCTCGGACAACCA_038,198
AGCCGGGCCTCGGACAACCA_039,199
AGCCGGGCCTCGGACAACCA_040,191
AGCCGGGCCTCGGACAACCA_041,8
AGCCGGGCCTCGGACAACCA_042,138
AGCCGGGCCTCGGACAACCA_043,91
CCACCAGGTCATAATAGTCG_001,94
GCAGGTGCTAGAGTGCCGGG_001,184
GCAGGTGCTAGAGTGCCGGG_002,82
GCAGGTGCTAGAGTGCCGGG_003,114
GCAGGTGCTAGAGTGCCGGG_004,147
AGGAAGAAGAGGATACAACC_001,63
AGGAAGAAGAGGATACAACC_002,19
AGGAAGAAGAGGATACAACC_003,22
AGGAAGAAGAGGATACAACC_004,177
AGGAAGAAGAGGATACAACC_005,158
TCCACTGCGGAGTTATCACG_001,31
TCCACTGCGGAGTTATCACG_002,185
TCCACTGCGGAGTTATCACG_003,2
CATTTACAAGAAGTATCCAG_001,127
CATTTACAAGAAGTATCCAG_002,141
CATTTACAAGAAGTATCCAG_003,142
GGTGCTGCTACCTCTACCCG_001,9
GGTGCTGCTACCTCTACCCG_002,56
GGTGCTGCTACCTCTACCCG_003,62
GGTGCTGCTACCTCTACCCG_004,100
GGTGCTGCTACCTCTACCCG_005,83
GGTGCTGCTACCTCTACCCG_006,18
ACTCCATGGGCATGCCGATG_001,95
ACTCCATGGGCATGCCGATG_002,146
ACTCCATGGGCATGCCGATG_003,197
ACTCCATGGGCATGCCGATG_004,84
ACTCCATGGGCATGCCGATG_005,152
ACTCCATGGGCATGCCGATG_006,142
ACTCCATGGGCATGCCGATG_007,85
ACTCCATGGGCATGCCGATG_008,20
ACTCCATGGGCATGCCGATG_009,116
ACTCCATGGGCATGCCGATG_010,113
ACTCCATGGGCATGCCGATG_011,53
ACTCCATGGGCATGCCGATG_012,62
ACTCCATGGGCATGCCGATG_013,119
ACTCCATGGGCATGCCGATG_014,13
CGACATCTTCGAGCGCATCG_001,104
CGACATCTTCGAGCGCATCG_002,176
CGACATCTTCGAGCGCATCG_003,113
CGACATCTTCGAGCGCATCG_004,16
CGACATCTTCGAGCGCATCG_005,29
CGACATCTTCGAGCGCATCG_006,137
CGACATCTTCGAGCGCATCG_007,33
CGACATCTTCGAGCGCATCG_008,17
CGACATCTTCGAGCGCATCG_009,106
GAAGAAGCTCATCTTAGAGG_001,31
GAAGAAGCTCATCTTAGAGG_002,33
GAAGAAGCTCATCTTAGAGG_003,147
GAGGTGGACTACATGTCAGA_001,134
GAGGTGGACTACATGTCAGA_002,183
GAGGTGGACTACATGTCAGA_003,68
GAGGTGGACTACATGTCAGA_004,138
GAGGTGGACTACATGTCAGA_005,129
GAGGTGGACTACATGTCAGA_006,162
GAGGTGGACTACATGTCAGA_007,91
GAGGTGGACTACATGTCAGA_008,99
GAGGTGGACTACATGTCAGA_009,124
GAGGTGGACTACATGTCAGA_010,16
GAGGTGGACTACATGTCAGA_011,131
GTTCGTGAACCTCGCCTGTG_001,32
GTTCGTGAACCTCGCCTGTG_002,84
GTTCGTGAACCTCGCCTGTG_003,169
GTTCGTGAACCTCGCCTGTG_004,19
GTTCGTGAACCTCGCCTGTG_005,130
GTTCGTGAACCTCGCCTGTG_006,77
GTTCGTGAACCTCGCCTGTG_007,43
GTTCGTGAACCTCGCCTGTG_008,154
GTTCGTGAACCTCGCCTGTG_009,73
GTTCGTGAACCTCGCCTGTG_010,145
GTTCGTGAACCTCGCCTGTG_011,177
GTTCGTGAACCTCGCCTGTG_012,198
GTTCGTGAACCTCGCCTGTG_013,157
GTTCGTGAACCTCGCCTGTG_014,42
GTTCGTGAACCTCGCCTGTG_015,198
GTTCGTGAACCTCGCCTGTG_016,127
GTTCGTGAACCTCGCCTGTG_017,101
GTTCGTGAACCTCGCCTGTG_018,24
GTTCGTGAACCTCGCCTGTG_019,50
GTTCGTGAACCTCGCCTGTG_020,15
GTTCGTGAACCTCGCCTGTG_021,166
GTTCGTGAACCTCGCCTGTG_022,187
GTTCGTGAACCTCGCCTGTG_023,82
GTTCGTGAACCTCGCCTGTG_024,118
GTTCGTGAACCTCGCCTGTG_025,185
GTTCGTGAACCTCGCCTGTG_026,58
GTTCGTGAACCTCGCCTGTG_027,192
GTTCGTGAACCTCGCCTGTG_028,57
GTTCGTGAACCTCGCCTGTG_029,192
GTTCGTGAACCTCGCCTGTG_030,174
GTTCGTGAACCTCGCCTGTG_031,52
GTTCGTGAACCTCGCCTGTG_032,131
GTTCGTGAACCTCGCCTGTG_033,183
GTTCGTGAACCTCGCCTGTG_034,119
CACGCCAGCAGACATCCGCG_001,133
CACGCCAGCAGACATCCGCG_002,130
CACGCCAGCAGACATCCGCG_003,113
CACGCCAGCAGACATCCGCG_004,195
CACGCCAGCAGACATCCGCG_005,160
CACGCCAGCAGACATCCGCG_006,9
CACGCCAGCAGACATCCGCG_007,132
CACGCCAGCAGACATCCGCG_008,45
CACGCCAGCAGACATCCGCG_009,158
CACGCCAGCAGACATCCGCG_010,26
CACGCCAGCAGACATCCGCG_011,44
CACGCCAGCAGACATCCGCG_012,36
CACGCCAGCAGACATCCGCG_013,6
CACGCCAGCAGACATCCGCG_014,181
CACGCCAGCAGACATCCGCG_015,137
CACGCCAGCAGACATCCGCG_016,94
GTGGTGTTGATGAACTCACA_001,50
GTGGTGTTGATGAACTCACA_002,47
GTGGTGTTGATGAACTCACA_003,5
GTGGTGTTGATGAACTCACA_004,44
GTGGTGTTGATGAACTCACA_005,79
CTGATGCAAGGCGTGGACCA_001,137
CTGATGCAAGGCGTGGACCA_002,19
CTGATGCAAGGCGTGGACCA_003,66
CTGATGCAAGGCGTGGACCA_004,29
CTGATGCAAGGCGTGGACCA_005,31
CTGATGCAAGGCGTGGACCA_006,192
CTGATGCAAGGCGTGGACCA_007,52
CTGATGCAAGGCGTGGACCA_008,190
CTGATGCAAGGCGTGGACCA_009,150
CTGATGCAAGGCGTGGACCA_010,110
CTGATGCAAGGCGTGGACCA_011,119
CTGATGCAAGGCGTGGACCA_012,114
CTGATGCAAGGCGTGGACCA_013,125
CTGATGCAAGGCGTGGACCA_014,102
CTGATGCAAGGCGTGGACCA_015,109
CTGATGCAAGGCGTGGACCA_016,58
CTGATGCAAGGCGTGGACCA_017,70
CTGATGCAAGGCGTGGACCA_018,18
TGTAGGAGCACTGTCGACCC_001,49
TGTAGGAGCACTGTCGACCC_002,94
TGTAGGAGCACTGTCGACCC_003,158
TGTAGGAGCACTGTCGACCC_004,77
TGTAGGAGCACTGTCGACCC_005,52
GGGGCTGAGAATTACCACGA_001,56
GGGGCTGAGAATTACCACGA_002,142
GGGGCTGAGAATTACCACGA_003,49
GGGGCTGAGAATTACCACGA_004,194
GGGGCTGAGAATTACCACGA_005,192
GGGGCTGAGAATTACCACGA_006,130
GGGGCTGAGAATTACCACGA_007,27
GGGGCTGAGAATTACCACGA_008,40
GGGGCTGAGAATTACCACGA_009,188
GGGGCTGAGAATTACCACGA_010,77
GGGGCTGAGAATTACCACGA_011,77
GGGGCTGAGAATTACCACGA_012,105
GGGGCTGAGAATTACCACGA_013,184
GGGGCTGAGAATTACCACGA_014,124
GGGGCTGAGAATTACCACGA_015,158
GGGGCTGAGAATTACCACGA_016,178
GGGGCTGAGAATTACCACGA_017,115
GGGGCTGAGAATTACCACGA_018,115
GGGGCTGAGAATTACCACGA_019,107
GGGGCTGAGAATTACCACGA_020,169
GGGGCTGAGAATTACCACGA_021,176
GGGGCTGAGAATTACCACGA_022,111
GGGGCTGAGAATTACCACGA_023,50
CACCCCCGGTCATAAAAAGG_001,15
CACCCCCGGTCATAAAAAGG_002,118
CAGTGAGCTGGACTACCACG_001,50
CAGTGAGCTGGACTACCACG_002,147
CAGTGAGCTGGACTACCACG_003,153
CAGTGAGCTGGACTACCACG_004,107
CAGTGAGCTGGACTACCACG_005,190
CAGTGAGCTGGACTACCACG_006,167
CAGTGAGCTGGACTACCACG_007,76
CAGTGAGCTGGACTACCACG_008,142
CAGTGAGCTGGACTACCACG_009,169
CCTGCAGGTATCGCTCTCCG_001,7
CCTGCAGGTATCGCTCTCCG_002,173
CCTGCAGGTATCGCTCTCCG_003,140
CCTGCAGGTATCGCTCTCCG_004,48
GCATCGCGGCCGCGCCACTG_001,83
GCATCGCGGCCGCGCCACTG_002,35
GCATCGCGGCCGCGCCACTG_003,34
GCATCGCGGCCGCGCCACTG_004,96
GCATCGCGGCCGCGCCACTG_005,157
GCATCGCGGCCGCGCCACTG_006,14
GCATCGCGGCCGCGCCACTG_007,197
GCATCGCGGCCGCGCCACTG_008,120
GCATCGCGGCCGCGCCACTG_009,58
GCATCGCGGCCGCGCCACTG_010,144
GCATCGCGGCCGCGCCACTG_011,42
GCATCGCGGCCGCGCCACTG_012,63
GCATCGCGGCCGCGCCACTG_013,192
GCATCGCGGCCGCGCCACTG_014,183
GCATCGCGGCCGCGCCACTG_015,7
GCATCGCGGCCGCGCCACTG_016,19
GCATCGCGGCCGCGCCACTG_017,50
GCATCGCGGCCGCGCCACTG_018,148
GCATCGCGGCCGCGCCACTG_019,22
GTTCTATGACGCACAAACAG_001,114
GTTCTATGACGCACAAACAG_002,114
TGTTCGCCATACTTGCGGAG_001,123
TGTTCGCCATACTTGCGGAG_002,77
TGTTCGCCATACTTGCGGAG_003,157
TGTTCGCCATACTTGCGGAG_004,119
CACCAAGGTCAGTTCGACCA_001,94
CACCAAGGTCAGTTCGACCA_002,148
CACCAAGGTCAGTTCGACCA_003,14
CACCAAGGTCAGTTCGACCA_004,1
CACCAAGGTCAGTTCGACCA_005,11
CACCAAGGTCAGTTCGACCA_006,25
CACCAAGGTCAGTTCGACCA_007,2
CACCAAGGTCAGTTCGACCA_008,188
CACCAAGGTCAGTTCGACCA_009,10
CACCAAGGTCAGTTCGACCA_010,153
CACCAAGGTCAGTTCGACCA_011,3
GACACGCTAGAGCATGAGGG_001,127
GACACGCTAGAGCATGAGGG_002,70
GACACGCTAGAGCATGAGGG_003,45
GACACGCTAGAGCATGAGGG_004,1
GACACGCTAGAGCATGAGGG_005,120
GACACGCTAGAGCATGAGGG_006,172
GACACGCTAGAGCATGAGGG_007,25
GACACGCTAGAGCATGAGGG_008,175
GACACGCTAGAGCATGAGGG_009,60
GACACGCTAGAGCATGAGGG_010,157
GACACGCTAGAGCATGAGGG_011,74
GACACGCTAGAGCATGAGGG_012,158
GACACGCTAGAGCATGAGGG_013,4
GACACGCTAGAGCATGAGGG_014,150
TTTATGTGTAGTAAGGCGTG_001,151
TTTATGTGTAGTAAGGCGTG_002,191
TTTATGTGTAGTAAGGCGTG_003,40
TTTATGTGTAGTAAGGCGTG_004,91
TTTATGTGTAGTAAGGCGTG_005,8
TTTATGTGTAGTAAGGCGTG_006,58
TTTATGTGTAGTAAGGCGTG_007,142
TTTATGTGTAGTAAGGCGTG_008,138
TTTATGTGTAGTAAGGCGTG_009,18
GGCATTGACGTACTCTACAA_001,86
GGCATTGACGTACTCTACAA_002,14
GGCATTGACGTACTCTACAA_003,177
GGCATTGACGTACTCTACAA_004,102
GGCATTGACGTACTCTACAA_005,62
GGCATTGACGTACTCTACAA_006,115
GGCATTGACGTACTCTACAA_007,153
ACTAACCGGTCATCCCCATG_001,148
ACTAACCGGTCATCCCCATG_002,117
ACTAACCGGTCATCCCCATG_003,173
ACTAACCGGTCATCCCCATG_004,193
ACTAACCGGTCATCCCCATG_005,36
CATGGGCAACTCCCTACTGA_001,162
CATGGGCAACTCCCTACTGA_002,196
CATGGGCAACTCCCTACTGA_003,142
CATGGGCAACTCCCTACTGA_004,151
CATGGGCAACTCCCTACTGA_005,20
CATGGGCAACTCCCTACTGA_006,104
CATGGGCAACTCCCTACTGA_007,88
GTGTGTCTGAGGAGATAGCG_001,105
GTGTGTCTGAGGAGATAGCG_002,29
GTGTGTCTGAGGAGATAGCG_003,177
GTGTGTCTGAGGAGATAGCG_004,32
GTGTGTCTGAGGAGATAGCG_005,88
GTGTGTCTGAGGAGATAGCG_006,157
GTGTGTCTGAGGAGATAGCG_007,149
GTGTGTCTGAGGAGATAGCG_008,23
GTGTGTCTGAGGAGATAGCG_009,12
GTGTGTCTGAGGAGATAGCG_010,48
GTGTGTCTGAGGAGATAGCG_011,73
GTGTGTCTGAGGAGATAGCG_012,84
GTGTGTCTGAGGAGATAGCG_013,66
GTGTGTCTGAGGAGATAGCG_014,48
GTGTGTCTGAGGAGATAGCG_015,191
GTGTGTCTGAGGAGATAGCG_016,65
ACTGGCAAACATGTTCAACT_001,141
ACTGGCAAACATGTTCAACT_002,119
ACTGGCAAACATGTTCAACT_003,101
ACTGGCAAACATGTTCAACT_004,184
ACTGGCAAACATGTTCAACT_005,50
ACTGGCAAACATGTTCAACT_006,119
ACTGGCAAACATGTTCAACT_007,103
ACTGGCAAACATGTTCAACT_008,16
ACTGGCAAACATGTTCAACT_009,169
ACTGGCAAACATGTTCAACT_010,23
ACTGGCAAACATGTTCAACT_011,43
ACTGGCAAACATGTTCAACT_012,14
ACTGGCAAACATGTTCAACT_013,138
ACTGGCAAACATGTTCAACT_014,79
ACTGGCAAACATGTTCAACT_015,92
CTGCTTGAGTGCCGTCCCGG_001,161
CTGCTTGAGTGCCGTCCCGG_002,37
CTGCTTGAGTGCCGTCCCGG_003,57
CTGCTTGAGTGCCGTCCCGG_004,93
CTGCTTGAGTGCCGTCCCGG_005,169
CTGCTTGAGTGCCGTCCCGG_006,127
CTGCTTGAGTGCCGTCCCGG_007,105
CTGCTTGAGTGCCGTCCCGG_008,19
CTGCTTGAGTGCCGTCCCGG_009,50
CTGCTTGAGTGCCGTCCCGG_010,0
CTGCTTGAGTGCCGTCCCGG_011,116
CTGCTTGAGTGCCGTCCCGG_012,81
CTGCTTGAGTGCCGTCCCGG_013,2
CTGCTTGAGTGCCGTCCCGG_014,178
CTGCTTGAGTGCCGTCCCGG_015,135
CTGCTTGAGTGCCGTCCCGG_016,127
CTGCTTGAGTGCCGTCCCGG_017,41
CTGCTTGAGTGCCGTCCCGG_018,119
CTGCTTGAGTGCCGTCCCGG_019,78
CTGCTTGAGTGCCGTCCCGG_020,148
CTGCTTGAGTGCCGTCCCGG_021,37
AGTTATTTACCTGACCCAGT_001,88
AGTTATTTACCTGACCCAGT_002,199
AGTTATTTACCTGACCCAGT_003,17
AGTTATTTACCTGACCCAGT_004,191
AGTTATTTACCTGACCCAGT_005,191
AGTTATTTACCTGACCCAGT_006,64
AGTTATTTACCTGACCCAGT_007,147
AGTTATTTACCTGACCCAGT_008,50
AGTTATTTACCTGACCCAGT_009,50
AGTTATTTACCTGACCCAGT_010,82
AGTTATTTACCTGACCCAGT_011,29
AGTTATTTACCTGACCCAGT_012,146
AGTTATTTACCTGACCCAGT_013,145
AGTTATTTACCTGACCCAGT_014,162
AGTTATTTACCTGACCCAGT_015,181
CCCCAACCAGTTGACTACCA_001,187
CCCCAACCAGTTGACTACCA_002,50
CCCCAACCAGTTGACTACCA_003,83
CCCCAACCAGTTGACTACCA_004,197
CCCCAACCAGTTGACTACCA_005,116
CCCCAACCAGTTGACTACCA_006,121
CCCCAACCAGTTGACTACCA_007,14
CCCCAACCAGTTGACTACCA_008,102
CCCCAACCAGTTGACTACCA_009,58
CCCCAACCAGTTGACTACCA_010,33
CCCCAACCAGTTGACTACCA_011,55
CCCCAACCAGTTGACTACCA_012,15
CCCCAACCAGTTGACTACCA_013,83
CCCCAACCAGTTGACTACCA_014,121
CCCCAACCAGTTGACTACCA_015,80
CCCCAACCAGTTGACTACCA_016,44
CCCCAACCAGTTGACTACCA_017,130
ACACTGCCTCTTCTTACACG_001,187
ACACTGCCTCTTCTTACACG_002,193
ACACTGCCTCTTCTTACACG_003,178
GGAGGCGCCCGAGAACGCCA_001,107
GGAGGCGCCCGAGAACGCCA_002,68
GGAGGCGCCCGAGAACGCCA_003,83
GGAGGCGCCCGAGAACGCCA_004,85
GGAGGCGCCCGAGAACGCCA_005,4
GGAGGCGCCCGAGAACGCCA_006,133
GGAGGCGCCCGAGAACGCCA_007,170
GGAGGCGCCCGAGAACGCCA_008,58
GGAGGCGCCCGAGAACGCCA_009,111
GGAGGCGCCCGAGAACGCCA_010,62
GGAGGCGCCCGAGAACGCCA_011,195
GGAGGCGCCCGAGAACGCCA_012,40
GGAGGCGCCCGAGAACGCCA_013,30
CCTGAGGGGACTTGATACAC_001,29
CCTGAGGGGACTTGATACAC_002,88
CCTGAGGGGACTTGATACAC_003,69
CCTGAGGGGACTTGATACAC_004,94
CCTGAGGGGACTTGATACAC_005,199
CCTGAGGGGACTTGATACAC_006,83
CCTGAGGGGACTTGATACAC_007,131
CCTGAGGGGACTTGATACAC_008,109
TGCTCAAAGACCCCTACACG_001,37
TGCTCAAAGACCCCTACACG_002,175
TGCTCAAAGACCCCTACACG_003,165
TGCTCAAAGACCCCTACACG_004,8
TGCTCAAAGACCCCTACACG_005,54
TGCTCAAAGACCCCTACACG_006,150
TGCTCAAAGACCCCTACACG_007,132
TGCTCAAAGACCCCTACACG_008,161
TGCTCAAAGACCCCTACACG_009,10
TGCTCAAAGACCCCTACACG_010,177
TGCTCAAAGACCCCTACACG_011,116
TGCAGTCAGATCCTAAAACA_001,49
TGCAGTCAGATCCTAAAACA_002,83
TGCAGTCAGATCCTAAAACA_003,57
AGTGGATTATTTGGTCACTG_001,170
AGTGGATTATTTGGTCACTG_002,6
AGTGGATTATTTGGTCACTG_003,193
AGTGGATTATTTGGTCACTG_004,145
AGTGGATTATTTGGTCACTG_005,190
AGTGGATTATTTGGTCACTG_006,147
AGTGGATTATTTGGTCACTG_007,158
AGTGGATTATTTGGTCACTG_008,68
AGTGGATTATTTGGTCACTG_009,19
CTGCCACAATGACAAAATCG_001,162
CTGCCACAATGACAAAATCG_002,82
CCACGCTTCAGGCACGAAGG_001,120
CCACGCTTCAGGCACGAAGG_002,140
CCACGCTTCAGGCACGAAGG_003,188
CCACGCTTCAGGCACGAAGG_004,128
CCACGCTTCAGGCACGAAGG_005,133
CCACGCTTCAGGCACGAAGG_006,0
CCACGCTTCAGGCACGAAGG_007,115
CCACGCTTCAGGCACGAAGG_008,79
CCACGCTTCAGGCACGAAGG_009,29
AACCGAAATCACCTGTTGCA_001,48
AACCGAAATCACCTGTTGCA_002,79
AACCGAAATCACCTGTTGCA_003,177
AACCGAAATCACCTGTTGCA_004,107
AACCGAAATCACCTGTTGCA_005,71
AACCGAAATCACCTGTTGCA_006,45
AACCGAAATCACCTGTTGCA_007,56
AACCGAAATCACCTGTTGCA_008,137
AACCGAAATCACCTGTTGCA_009,86
AACCGAAATCACCTGTTGCA_010,158
AACCGAAATCACCTGTTGCA_011,114
AACCGAAATCACCTGTTGCA_012,175
AACCGAAATCACCTGTTGCA_013,140
AACCGAAATCACCTGTTGCA_014,90
AACCGAAATCACCTGTTGCA_015,133
AACCGAAATCACCTGTTGCA_016,105
AACCGAAATCACCTGTTGCA_017,24
AACCGAAATCACCTGTTGCA_018,25
AACCGAAATCACCTGTTGCA_019,130
AACCGAAATCACCTGTTGCA_020,75
AACCGAAATCACCTGTTGCA_021,81
CCCTCGGATAAAGTGGACCA_001,172
CCCTCGGATAAAGTGGACCA_002,83
CCCTCGGATAAAGTGGACCA_003,31
CCCTCGGATAAAGTGGACCA_004,27
CCCTCGGATAAAGTGGACCA_005,148
CCCTCGGATAAAGTGGACCA_006,141
CCCTCGGATAAAGTGGACCA_007,50
CCCTCGGATAAAGTGGACCA_008,16
CCCTCGGATAAAGTGGACCA_009,29
CCCTCGGATAAAGTGGACCA_010,62
CCCTCGGATAAAGTGGACCA_011,102
CCCTCGGATAAAGTGGACCA_012,176
CCCTCGGATAAAGTGGACCA_013,78
CCCTCGGATAAAGTGGACCA_014,17
CCCTCGGATAAAGTGGACCA_015,68
CCCTCGGATAAAGTGGACCA_016,34
CCCTCGGATAAAGTGGACCA_017,137
CCCTCGGATAAAGTGGACCA_018,124
CCCTCGGATAAAGTGGACCA_019,72
CCCTCGGATAAAGTGGACCA_020,102
CCCTCGGATAAAGTGGACCA_021,13
CCCTCGGATAAAGTGGACCA_022,135
CCCTCGGATAAAGTGGACCA_023,6
CCCTCGGATAAAGTGGACCA_024,145
CCCTCGGATAAAGTGGACCA_025,162
CCCTCGGATAAAGTGGACCA_026,180
CCCTCGGATAAAGTGGACCA_027,98
CCCTCGGATAAAGTGGACCA_028,113
CCCTCGGATAAAGTGGACCA_029,48
CCCTCGGATAAAGTGGACCA_030,80
CCCTCGGATAAAGTGGACCA_031,127
CCCTCGGATAAAGTGGACCA_032,144
CCCTCGGATAAAGTGGACCA_033,187
CCCTCGGATAAAGTGGACCA_034,83
CTTGTCAGATCTGCTCCCGG_001,164
CTTGTCAGATCTGCTCCCGG_002,115
CTTGTCAGATCTGCTCCCGG_003,57
CTTGTCAGATCTGCTCCCGG_004,165
CAGGATGCCAATCCAGACAA_001,199
CAGGATGCCAATCCAGACAA_002,4
CAGGATGCCAATCCAGACAA_003,180
CAGGATGCCAATCCAGACAA_004,67
CAGGATGCCAATCCAGACAA_005,144
CAGGATGCCAATCCAGACAA_006,30
CAGGATGCCAATCCAGACAA_007,182
CAGGATGCCAATCCAGACAA_008,16
CAGGATGCCAATCCAGACAA_009,168
CCTGTGCGACGACTACGACG_001,26
CCTGTGCGACGACTACGACG_002,91
CCTGTGCGACGACTACGACG_003,145
CCTGTGCGACGACTACGACG_004,146
CCTGTGCGACGACTACGACG_005,119
CCTGTGCGACGACTACGACG_006,155
CCTGTGCGACGACTACGACG_007,70
CCTGTGCGACGACTACGACG_008,75
CCTGTGCGACGACTACGACG_009,190
CCTGTGCGACGACTACGACG_010,178
CCTGTGCGACGACTACGACG_011,127
CCTGTGCGACGACTACGACG_012,28
CCTGTGCGACGACTACGACG_013,133
CCTGTGCGACGACTACGACG_014,60
CCTGTGCGACGACTACGACG_015,96
CCTGTGCGACGACTACGACG_016,134
CCTGTGCGACGACTACGACG_017,127
CCTGTGCGACGACTACGACG_018,88
CCTGTGCGACGACTACGACG_019,177
CCTGTGCGACGACTACGACG_020,100
GAGAGGACGAAAGACTAAGT_001,27
GAGAGGACGAAAGACTAAGT_002,37
GAGAGGACGAAAGACTAAGT_003,89
GAGAGGACGAAAGACTAAGT_004,61
GAGAGGACGAAAGACTAAGT_005,117
GAGAGGACGAAAGACTAAGT_006,83
GATGAGTATTATGACAACAC_001,112
TCGTGTAGTATAGACACCGA_001,169
TCGTGTAGTATAGACACCGA_002,39
TCGTGTAGTATAGACACCGA_003,48
TCGTGTAGTATAGACACCGA_004,194
TCGTGTAGTATAGACACCGA_005,189
TCGTGTAGTATAGACACCGA_006,178
TGGTATTCAAAGAGACAATC_001,183
TGGTATTCAAAGAGACAATC_002,98
TGGTATTCAAAGAGACAATC_003,29
TGGTATTCAAAGAGACAATC_004,147
TGGTATTCAAAGAGACAATC_005,198
TGGTATTCAAAGAGACAATC_006,33
CAATGGCGAAGTAGTTGAGA_001,112
CAATGGCGAAGTAGTTGAGA_002,141
CAATGGCGAAGTAGTTGAGA_003,72
CAATGGCGAAGTAGTTGAGA_004,181
CAATGGCGAAGTAGTTGAGA_005,125
TTGGCACCATGAATGGCCGT_001,17
TTGGCACCATGAATGGCCGT_002,190
TTGGCACCATGAATGGCCGT_003,129
TTGGCACCATGAATGGCCGT_004,87
TTGGCACCATGAATGGCCGT_005,88
TTGGCACCATGAATGGCCGT_006,193
TTGGCACCATGAATGGCCGT_007,148
TTGGCACCATGAATGGCCGT_008,84
AGCAGACCTGGTGAGTTTCG_001,149
AGCAGACCTGGTGAGTTTCG_002,43
AGCAGACCTGGTGAGTTTCG_003,43
GAAGATGTCAACGCCCATCG_001,51
GAAGATGTCAACGCCCATCG_002,191
GAAGATGTCAACGCCCATCG_003,176
GAAGATGTCAACGCCCATCG_004,49
GAAGATGTCAACGCCCATCG_005,8
GAAGATGTCAACGCCCATCG_006,158
GAAGATGTCAACGCCCATCG_007,34
GAAGATGTCAACGCCCATCG_008,48
GAAGATGTCAACGCCCATCG_009,105
GAAGATGTCAACGCCCATCG_010,96
GAAGATGTCAACGCCCATCG_011,159
GAAGATGTCAACGCCCATCG_012,130
GAAGATGTCAACGCCCATCG_013,48
GAAGATGTCAACGCCCATCG_014,158
GAAGATGTCAACGCCCATCG_015,110
GAAGATGTCAACGCCCATCG_016,91
GAAGATGTCAACGCCCATCG_017,138
GAAGATGTCAACGCCCATCG_018,196
GAAGATGTCAACGCCCATCG_019,78
GAAGATGTCAACGCCCATCG_020,199
GAAGATGTCAACGCCCATCG_021,41
TTTGGGTGGATTCATTTGTG_001,116
TTTGGGTGGATTCATTTGTG_002,2
TTTGGGTGGATTCATTTGTG_003,140
TTTGGGTGGATTCATTTGTG_004,81
TTTGGGTGGATTCATTTGTG_005,175
TTTGGGTGGATTCATTTGTG_006,20
TTTGGGTGGATTCATTTGTG_007,2
TTTGGGTGGATTCATTTGTG_008,1
GACTCACAGCCTCAGATGAG_001,64
GACTCACAGCCTCAGATGAG_002,35
GACTCACAGCCTCAGATGAG_003,128
GACTCACAGCCTCAGATGAG_004,82
GACTCACAGCCTCAGATGAG_005,149
GACTCACAGCCTCAGATGAG_006,170
GACTCACAGCCTCAGATGAG_007,19
GACTCACAGCCTCAGATGAG_008,50
GACTCACAGCCTCAGATGAG_009,105
GACTCACAGCCTCAGATGAG_010,147
GACTCACAGCCTCAGATGAG_011,159
GACTCACAGCCTCAGATGAG_012,0
GACTCACAGCCTCAGATGAG_013,144
GACTCACAGCCTCAGATGAG_014,40
GACTCACAGCCTCAGATGAG_015,161
GACTCACAGCCTCAGATGAG_016,125
GACTCACAGCCTCAGATGAG_017,77
GACTCACAGCCTCAGATGAG_018,191
GTGGTACCGGAAGACCCATG_001,77
GTGGTACCGGAAGACCCATG_002,165
GTGGTACCGGAAGACCCATG_003,188
GTGGTACCGGAAGACCCATG_004,158
GTGGTACCGGAAGACCCATG_005,102
GTGGTACCGGAAGACCCATG_006,72
GTGGTACCGGAAGACCCATG_007,198
GTGGTACCGGAAGACCCATG_008,70
GTGGTACCGGAAGACCCATG_009,110
GTGGTACCGGAAGACCCATG_010,152
GTGGTACCGGAAGACCCATG_011,88
GTGGTACCGGAAGACCCATG_012,57
GTGGTACCGGAAGACCCATG_013,191
GTGGTACCGGAAGACCCATG_014,168
ACATGCTGAACTCACTGTCG_001,46
ACATGCTGAACTCACTGTCG_002,8
ACATGCTGAACTCACTGTCG_003,158
ACATGCTGAACTCACTGTCG_004,65
ACATGCTGAACTCACTGTCG_005,116
CCTGCCAGAAGCGCACGGTG_001,69
CCTGCCAGAAGCGCACGGTG_002,194
CCTGCCAGAAGCGCACGGTG_003,171
CCTGCCAGAAGCGCACGGTG_004,156
CCTGCCAGAAGCGCACGGTG_005,66
CCTGCCAGAAGCGCACGGTG_006,77
CCTGCCAGAAGCGCACGGTG_007,75
CCTGCCAGAAGCGCACGGTG_008,113
CCTGCCAGAAGCGCACGGTG_009,16
CCTGCCAGAAGCGCACGGTG_010,43
CCTGCCAGAAGCGCACGGTG_011,12
CCTGCCAGAAGCGCACGGTG_012,86
CCTGCCAGAAGCGCACGGTG_013,42
CCTGCCAGAAGCGCACGGTG_014,115
CCTGCCAGAAGCGCACGGTG_015,34
CCTGCCAGAAGCGCACGGTG_016,162
CCTGCCAGAAGCGCACGGTG_017,27
CCTGCCAGAAGCGCACGGTG_018,56
CCTGCCAGAAGCGCACGGTG_019,172
GTCAGCAGGACGTCTGCAAG_001,104
GTCAGCAGGACGTCTGCAAG_002,29
GTCAGCAGGACGTCTGCAAG_003,16
GTCAGCAGGACGTCTGCAAG_004,139
GTCAGCAGGACGTCTGCAAG_005,61
GTCAGCAGGACGTCTGCAAG_006,11
GTCAGCAGGACGTCTGCAAG_007,50
GTCAGCAGGACGTCTGCAAG_008,13
GTCAGCAGGACGTCTGCAAG_009,33
GTGATACCACTTCGATCCTG_001,110
GTGATACCACTTCGATCCTG_002,102
GTGATACCACTTCGATCCTG_003,157
GTGATACCACTTCGATCCTG_004,196
GTGATACCACTTCGATCCTG_005,156
GTGATACCACTTCGATCCTG_006,2
GTGATACCACTTCGATCCTG_007,120
GTGATACCACTTCGATCCTG_008,94
GTGATACCACTTCGATCCTG_009,126
GTGATACCACTTCGATCCTG_010,84
GTGATACCACTTCGATCCTG_011,44
GTGATACCACTTCGATCCTG_012,38
GTGATACCACTTCGATCCTG_013,106
GTGATACCACTTCGATCCTG_014,96
GTGATACCACTTCGATCCTG_015,19
GTGATACCACTTCGATCCTG_016,171
GTGATACCACTTCGATCCTG_017,168
GTGATACCACTTCGATCCTG_018,88
GTGATACCACTTCGATCCTG_019,190
GTGATACCACTTCGATCCTG_020,62
ATCAAAGCCCGGATGTACGT_001,118
ATCAAAGCCCGGATGTACGT_002,109
ATCAAAGCCCGGATGTACGT_003,145
ATCAAAGCCCGGATGTACGT_004,81
ATCAAAGCCCGGATGTACGT_005,107
ATCAAAGCCCGGATGTACGT_006,68
ATCAAAGCCCGGATGTACGT_007,9
ATCAAAGCCCGGATGTACGT_008,122
ATCAAAGCCCGGATGTACGT_009,157
ATCAAAGCCCGGATGTACGT_010,55
ATCAAAGCCCGGATGTACGT_011,174
ATCAAAGCCCGGATGTACGT_012,137
ATCAAAGCCCGGATGTACGT_013,76
ATCAAAGCCCGGATGTACGT_014,193
ATCAAAGCCCGGATGTACGT_015,117
ATCAAAGCCCGGATGTACGT_016,158
ATCAAAGCCCGGATGTACGT_017,116
ATCAAAGCCCGGATGTACGT_018,140
ATCAAAGCCCGGATGTACGT_019,106
ATCAAAGCCCGGATGTACGT_020,179
ATCAAAGCCCGGATGTACGT_021,80
ATCAAAGCCCGGATGTACGT_022,196
ATCAAAGCCCGGATGTACGT_023,174
ATCAAAGCCCGGATGTACGT_024,16
ATCAAAGCCCGGATGTACGT_025,123
ATCAAAGCCCGGATGTACGT_026,155
ATCAAAGCCCGGATGTACGT_027,152
ATCAAAGCCCGGATGTACGT_028,126
ATCAAAGCCCGGATGTACGT_029,197
ATCAAAGCCCGGATGTACGT_030,69
ATCAAAGCCCGGATGTACGT_031,153
CATCAAAGTTCACCATGTAG_001,12
AATCCCCATGATGATAATCA_001,23
AGATAAACCCTCGGGCATCG_001,51
AGATAAACCCTCGGGCATCG_002,70
AGATAAACCCTCGGGCATCG_003,19
AGATAAACCCTCGGGCATCG_004,124
AGATAAACCCTCGGGCATCG_005,192
AGATAAACCCTCGGGCATCG_006,88
AGATAAACCCTCGGGCATCG_007,6
AGATAAACCCTCGGGCATCG_008,182
AGATAAACCCTCGGGCATCG_009,15
AGATAAACCCTCGGGCATCG_010,182
AGATAAACCCTCGGGCATCG_011,93
AGATAAACCCTCGGGCATCG_012,93
AGATAAACCCTCGGGCATCG_013,134
AGATAAACCCTCGGGCATCG_014,169
CAGCAACTTCCCACTCCAGG_001,82
CAGCAACTTCCCACTCCAGG_002,129
CAGCAACTTCCCACTCCAGG_003,43
CACGCTTCTGCCATCACCGG_001,129
CACGCTTCTGCCATCACCGG_002,80
CACGCTTCTGCCATCACCGG_003,94
CACGCTTCTGCCATCACCGG_004,9
CACGCTTCTGCCATCACCGG_005,185
CACGCTTCTGCCATCACCGG_006,2
CACGCTTCTGCCATCACCGG_007,99
CACGCTTCTGCCATCACCGG_008,6
CACGCTTCTGCCATCACCGG_009,58
CACGCTTCTGCCATCACCGG_010,158
CACGCTTCTGCCATCACCGG_011,61
CACGCTTCTGCCATCACCGG_012,166
CACGCTTCTGCCATCACCGG_013,15
CACGCTTCTGCCATCACCGG_014,173
CACGCTTCTGCCATCACCGG_015,173
CACGCTTCTGCCATCACCGG_016,49
CACGCTTCTGCCATCACCGG_017,56
CACGCTTCTGCCATCACCGG_018,168
CACGCTTCTGCCATCACCGG_019,77
CACGCTTCTGCCATCACCGG_020,166
CACGCTTCTGCCATCACCGG_021,82
CACGCTTCTGCCATCACCGG_022,65
CACGCTTCTGCCATCACCGG_023,63
CACGCTTCTGCCATCACCGG_024,27
CACGCTTCTGCCATCACCGG_025,46
CACGCTTCTGCCATCACCGG_026,199
CACGCTTCTGCCATCACCGG_027,56
CACGCTTCTGCCATCACCGG_028,28
CACGCTTCTGCCATCACCGG_029,108
CCAGCGGGTACACGAAGCAG_001,50
CCAGCGGGTACACGAAGCAG_002,62
CCAGCGGGTACACGAAGCAG_003,40
CCAGCGGGTACACGAAGCAG_004,116
CCAGCGGGTACACGAAGCAG_005,81
CCAGCGGGTACACGAAGCAG_006,96
CCAGCGGGTACACGAAGCAG_007,4
CCAGCGGGTACACGAAGCAG_008,98
CCAGCGGGTACACGAAGCAG_009,135
CCAGCGGGTACACGAAGCAG_010,188
CCAGCGGGTACACGAAGCAG_011,149
CCAGCGGGTACACGAAGCAG_012,119
CCAGCGGGTACACGAAGCAG_013,132
CCAGCGGGTACACGAAGCAG_014,190
CCAGCGGGTACACGAAGCAG_015,19
CCAGCGGGTACACGAAGCAG_016,9
CCAGCGGGTACACGAAGCAG_017,29
CCAGCGGGTACACGAAGCAG_018,11
CCAGCGGGTACACGAAGCAG_019,149
CCAGCGGGTACACGAAGCAG_020,157
CCAGCGGGTACACGAAGCAG_021,15
CCAGCGGGTACACGAAGCAG_022,16
CCAGCGGGTACACGAAGCAG_023,127
CCAGCGGGTACACGAAGCAG_024,34
CCAGCGGGTACACGAAGCAG_025,71
CTGGATTTACCACGACGGCG_001,80
CTGGATTTACCACGACGGCG_002,137
CTGGATTTACCACGACGGCG_003,114
CTGGATTTACCACGACGGCG_004,90
CTGGATTTACCACGACGGCG_005,70
CTGGATTTACCACGACGGCG_006,189
CTGGATTTACCACGACGGCG_007,43
CTGGATTTACCACGACGGCG_008,157
CTGGATTTACCACGACGGCG_009,50
CTGGATTTACCACGACGGCG_010,83
CTGGATTTACCACGACGGCG_011,149
CTGGATTTACCACGACGGCG_012,24
CTGGATTTACCACGACGGCG_013,81
CTGGATTTACCACGACGGCG_014,12
CTGGATTTACCACGACGGCG_015,87
CTGGATTTACCACGACGGCG_016,0
CTGGATTTACCACGACGGCG_017,87
CTGGATTTACCACGACGGCG_018,188
CTGGATTTACCACGACGGCG_019,81
CTGGATTTACCACGACGGCG_020,138
CTGGATTTACCACGACGGCG_021,172
CTGGCCTGAGACAGTATGCG_001,60
CTGGCCTGAGACAGTATGCG_002,160
CTGGCCTGAGACAGTATGCG_003,105
CTGGCCTGAGACAGTATGCG_004,103
CTGGCCTGAGACAGTATGCG_005,37
CTGGCCTGAGACAGTATGCG_006,84
CTGGCCTGAGACAGTATGCG_007,41
CTGGCCTGAGACAGTATGCG_008,169
CTGGCCTGAGACAGTATGCG_009,175
CTGGCCTGAGACAGTATGCG_010,77
CTGGCCTGAGACAGTATGCG_011,152
TGGTATTTGAGCACCAACCG_001,175
TGGTATTTGAGCACCAACCG_002,59
TGGTATTTGAGCACCAACCG_003,179
TGGTATTTGAGCACCAACCG_004,176
TGGTATTTGAGCACCAACCG_005,58
TGGTATTTGAGCACCAACCG_006,28
TGGTATTTGAGCACCAACCG_007,134
TGGTATTTGAGCACCAACCG_008,145
TGGTATTTGAGCACCAACCG_009,169
TGGTATTTGAGCACCAACCG_010,49
TGGTATTTGAGCACCAACCG_011,68
TGGTATTTGAGCACCAACCG_012,145
TGGTATTTGAGCACCAACCG_013,138
TGGTATTTGAGCACCAACCG_014,41
TGGTATTTGAGCACCAACCG_015,142
GTAGACACATATGATGGCCG_001,136
TTTACAAACTGAGTATCCGG_001,19
TTTACAAACTGAGTATCCGG_002,15
TTTACAAACTGAGTATCCGG_003,26
CTGTCCGAATGTCTTGTGGT_001,32
CTGTCCGAATGTCTTGTGGT_002,104
CTGTCCGAATGTCTTGTGGT_003,1
CCAGGAAGAGTGGGACATGA_001,85
CCAGGAAGAGTGGGACATGA_002,149
CCAGGAAGAGTGGGACATGA_003,62
CCAGGAAGAGTGGGACATGA_004,49
CCAGGAAGAGTGGGACATGA_005,29
CCAGGAAGAGTGGGACATGA_006,169
CCAGGAAGAGTGGGACATGA_007,32
CCAGGAAGAGTGGGACATGA_008,15
CCAGGAAGAGTGGGACATGA_009,161
CCAGGAAGAGTGGGACATGA_010,15
CCAGGAAGAGTGGGACATGA_011,61
CCAGGAAGAGTGGGACATGA_012,103
CCAGGAAGAGTGGGACATGA_013,187
CCAGGAAGAGTGGGACATGA_014,61
CCAGGAAGAGTGGGACATGA_015,8
CCAGGAAGAGTGGGACATGA_016,130
CCAGGAAGAGTGGGACATGA_017,78
CCAGGAAGAGTGGGACATGA_018,127
CCAGGAAGAGTGGGACATGA_019,157
CCAGGAAGAGTGGGACATGA_020,104
CCAGGAAGAGTGGGACATGA_021,29
CCAGGAAGAGTGGGACATGA_022,20
CCAGGAAGAGTGGGACATGA_023,117
CCAGGAAGAGTGGGACATGA_024,196
CCAGGAAGAGTGGGACATGA_025,147
CCAGGAAGAGTGGGACATGA_026,48
CCAGGAAGAGTGGGACATGA_027,65
CCAGGAAGAGTGGGACATGA_028,47
CCAGGAAGAGTGGGACATGA_029,130
CCAGGAAGAGTGGGACATGA_030,69
CCAGGAAGAGTGGGACATGA_031,60
CCAGGAAGAGTGGGACATGA_032,62
CCAGGAAGAGTGGGACATGA_033,36
CCAGGAAGAGTGGGACATGA_034,182
CCAGGAAGAGTGGGACATGA_035,196
CCAGGAAGAGTGGGACATGA_036,57
CCAGGAAGAGTGGGACATGA_037,82
CTACTCGGACCTCGACAGCG_001,28
CTACTCGGACCTCGACAGCG_002,121
CTACTCGGACCTCGACAGCG_003,61
CTACTCGGACCTCGACAGCG_004,119
CTACTCGGACCTCGACAGCG_005,83
CTACTCGGACCTCGACAGCG_006,134
CTACTCGGACCTCGACAGCG_007,12
CACTCAATAAACCTAGAGTG_001,9
CACTCAATAAACCTAGAGTG_002,105
CACTCAATAAACCTAGAGTG_003,41
CACTCAATAAACCTAGAGTG_004,39
CACTCAATAAACCTAGAGTG_005,158
CACTCAATAAACCTAGAGTG_006,21
CACTCAATAAACCTAGAGTG_007,142
CACTCAATAAACCTAGAGTG_008,39
CACTCAATAAACCTAGAGTG_009,156
CTTGGGACGTGCTATTATAG_001,161
CTTGGGACGTGCTATTATAG_002,44
CTTGGGACGTGCTATTATAG_003,29
GGATCATACGATTCCCTCAG_001,23
GGATCATACGATTCCCTCAG_002,82
GGATCATACGATTCCCTCAG_003,56
TATGGCATGGACAATCACAG_001,168
TATGGCATGGACAATCACAG_002,43
TATGGCATGGACAATCACAG_003,154
TATGGCATGGACAATCACAG_004,16
TATGGCATGGACAATCACAG_005,199
TATGGCATGGACAATCACAG_006,20
TATGGCATGGACAATCACAG_007,102
TATGGCATGGACAATCACAG_008,163
TATGGCATGGACAATCACAG_009,23
TATGGCATGGACAATCACAG_010,34
TATGGCATGGACAATCACAG_011,184
TATGGCATGGACAATCACAG_012,197
TATGGCATGGACAATCACAG_013,3
TATGGCATGGACAATCACAG_014,56
ACTGGGAAGGCGATGCCTGG_001,34
ACTGGGAAGGCGATGCCTGG_002,135
ACTGGGAAGGCGATGCCTGG_003,66
ACTGGGAAGGCGATGCCTGG_004,85
ACTGGGAAGGCGATGCCTGG_005,161
ACTGGGAAGGCGATGCCTGG_006,55
ACTGGGAAGGCGATGCCTGG_007,35
ACTGGGAAGGCGATGCCTGG_008,41
ACTGGGAAGGCGATGCCTGG_009,197
ACTGGGAAGGCGATGCCTGG_010,94
ACTGGGAAGGCGATGCCTGG_011,188
ACTGGGAAGGCGATGCCTGG_012,68
ACTGGGAAGGCGATGCCTGG_013,170
ACTGGGAAGGCGATGCCTGG_014,180
ACTGGGAAGGCGATGCCTGG_015,191
ACTGGGAAGGCGATGCCTGG_016,94
ACTGGGAAGGCGATGCCTGG_017,184
ACTGGGAAGGCGATGCCTGG_018,169
ACTGGGAAGGCGATGCCTGG_019,81
ACTGGGAAGGCGATGCCTGG_020,77
CTTACCATATATATGCACTG_001,58
CTTACCATATATATGCACTG_002,176
CTTACCATATATATGCACTG_003,108
CTTACCATATATATGCACTG_004,108
CTTACCATATATATGCACTG_005,21
CTTACCATATATATGCACTG_006,137
CTTACCATATATATGCACTG_007,10
CCCGCCAGCACGATACGCAA_001,32
CCCGCCAGCACGATACGCAA_002,179
CCCGCCAGCACGATACGCAA_003,144
CCCGCCAGCACGATACGCAA_004,91
CCCGCCAGCACGATACGCAA_005,34
CCCGCCAGCACGATACGCAA_006,64
CCCGCCAGCACGATACGCAA_007,151
CCCGCCAGCACGATACGCAA_008,79
CCCGCCAGCACGATACGCAA_009,49
CCCGCCAGCACGATACGCAA_010,43
CCTGCCTCTTACCGTGACAG_001,178
AGAACAGCTGGCTAGACTGG_001,182
AGAACAGCTGGCTAGACTGG_002,22
AGAACAGCTGGCTAGACTGG_003,8
AGAACAGCTGGCTAGACTGG_004,88
TGAAGAATATTTAAAGCGTT_001,71
TGAAGAATATTTAAAGCGTT_002,144
TGAAGAATATTTAAAGCGTT_003,16
TGAAGAATATTTAAAGCGTT_004,65
TGAAGAATATTTAAAGCGTT_005,55
GTTCAGAGACTCAAACAGGC_001,92
GTTCAGAGACTCAAACAGGC_002,60
GTTCAGAGACTCAAACAGGC_003,41
GTTCAGAGACTCAAACAGGC_004,195
GTTCAGAGACTCAAACAGGC_005,105
GTTCAGAGACTCAAACAGGC_006,65
GTTCAGAGACTCAAACAGGC_007,130
GTTCAGAGACTCAAACAGGC_008,105
GTTCAGAGACTCAAACAGGC_009,168
GTTCAGAGACTCAAACAGGC_010,94
GTTCAGAGACTCAAACAGGC_011,4
GTTCAGAGACTCAAACAGGC_012,133
GTTCAGAGACTCAAACAGGC_013,48
GTTCAGAGACTCAAACAGGC_014,92
GTTCAGAGACTCAAACAGGC_015,191
GTTCAGAGACTCAAACAGGC_016,145
GTTCAGAGACTCAAACAGGC_017,48
GTTCAGAGACTCAAACAGGC_018,162
GTTCAGAGACTCAAACAGGC_019,198
GTTCAGAGACTCAAACAGGC_020,33
GTTCAGAGACTCAAACAGGC_021,11
GTTCAGAGACTCAAACAGGC_022,70
GTTCAGAGACTCAAACAGGC_023,58
GTTCAGAGACTCAAACAGGC_024,70
GTTCAGAGACTCAAACAGGC_025,94
GTTCAGAGACTCAAACAGGC_026,124
GTTCAGAGACTCAAACAGGC_027,88
GTTCAGAGACTCAAACAGGC_028,121
GTTCAGAGACTCAAACAGGC_029,126
GTTCAGAGACTCAAACAGGC_030,56
GTTCAGAGACTCAAACAGGC_031,68
CCCCTGGAACTGCGACAACG_001,170
CCCCTGGAACTGCGACAACG_002,80
CCCCTGGAACTGCGACAACG_003,186
CCCCTGGAACTGCGACAACG_004,67
CCCCTGGAACTGCGACAACG_005,16
CCCCTGGAACTGCGACAACG_006,6
CCCCTGGAACTGCGACAACG_007,66
CCCCTGGAACTGCGACAACG_008,61
CCCCTGGAACTGCGACAACG_009,70
CCCCTGGAACTGCGACAACG_010,28
GCAAGCAAGGCCGCTTCCTG_001,94
GCAAGCAAGGCCGCTTCCTG_002,77
GCAAGCAAGGCCGCTTCCTG_003,55
GCAAGCAAGGCCGCTTCCTG_004,36
GCAAGCAAGGCCGCTTCCTG_005,77
GCAAGCAAGGCCGCTTCCTG_006,81
GCAAGCAAGGCCGCTTCCTG_007,174
GCAAGCAAGGCCGCTTCCTG_008,198
GCAAGCAAGGCCGCTTCCTG_009,74
GCAAGCAAGGCCGCTTCCTG_010,190
GCAAGCAAGGCCGCTTCCTG_011,14
GCAAGCAAGGCCGCTTCCTG_012,148
GCAAGCAAGGCCGCTTCCTG_013,12
GCAAGCAAGGCCGCTTCCTG_014,82
GCAAGCAAGGCCGCTTCCTG_015,147
GCAAGCAAGGCCGCTTCCTG_016,80
GCAAGCAAGGCCGCTTCCTG_017,161
GCAAGCAAGGCCGCTTCCTG_018,114
GCAAGCAAGGCCGCTTCCTG_019,114
GCAAGCAAGGCCGCTTCCTG_020,145
GCAAGCAAGGCCGCTTCCTG_021,158
GCAAGCAAGGCCGCTTCCTG_022,189
GCAAGCAAGGCCGCTTCCTG_023,42
GCAAGCAAGGCCGCTTCCTG_024,188
GCAAGCAAGGCCGCTTCCTG_025,124
GCAAGCAAGGCCGCTTCCTG_026,142
GCAAGCAAGGCCGCTTCCTG_027,64
GCAAGCAAGGCCGCTTCCTG_028,125
CGCTCGGATCCCAGCATCCG_001,4
CGCTCGGATCCCAGCATCCG_002,101
CGCTCGGATCCCAGCATCCG_003,181
CGCTCGGATCCCAGCATCCG_004,41
CGCTCGGATCCCAGCATCCG_005,94
CGCTCGGATCCCAGCATCCG_006,19
CGCTCGGATCCCAGCATCCG_007,56
CGCTCGGATCCCAGCATCCG_008,45
CGCTCGGATCCCAGCATCCG_009,185
CGCTCGGATCCCAGCATCCG_010,48
CGCTCGGATCCCAGCATCCG_011,105
CGCTCGGATCCCAGCATCCG_012,140
CGCTCGGATCCCAGCATCCG_013,58
CGCTCGGATCCCAGCATCCG_014,12
CGCTCGGATCCCAGCATCCG_015,148
CGCTCGGATCCCAGCATCCG_016,158
CGCTCGGATCCCAGCATCCG_017,28
CGCTCGGATCCCAGCATCCG_018,88
CGCTCGGATCCCAGCATCCG_019,193
CGCTCGGATCCCAGCATCCG_020,188
CGCTCGGATCCCAGCATCCG_021,199
CGCTCGGATCCCAGCATCCG_022,166
CGCTCGGATCCCAGCATCCG_023,15
CGCTCGGATCCCAGCATCCG_024,115
CGCTCGGATCCCAGCATCCG_025,32
CGCTCGGATCCCAGCATCCG_026,96
CGCTCGGATCCCAGCATCCG_027,155
CGCTCGGATCCCAGCATCCG_028,106
CGCTCGGATCCCAGCATCCG_029,128
CGCTCGGATCCCAGCATCCG_030,136
CGCTCGGATCCCAGCATCCG_031,20
CGCTCGGATCCCAGCATCCG_032,20
TAAACACAGTTGCATACCAA_001,91
TAAACACAGTTGCATACCAA_002,62
TAAACACAGTTGCATACCAA_003,77
AGACCGCAATGCGCGCCTAG_001,65
AGACCGCAATGCGCGCCTAG_002,54
AGACCGCAATGCGCGCCTAG_003,15
AGACCGCAATGCGCGCCTAG_004,159
AGACCGCAATGCGCGCCTAG_005,1
AGACCGCAATGCGCGCCTAG_006,76
AGACCGCAATGCGCGCCTAG_007,190
AGACCGCAATGCGCGCCTAG_008,107
AGACCGCAATGCGCGCCTAG_009,12
AGACCGCAATGCGCGCCTAG_010,67
AGACCGCAATGCGCGCCTAG_011,194
AGACCGCAATGCGCGCCTAG_012,85
GTACCAAAAAGGACACACTC_001,160
GTACCAAAAAGGACACACTC_002,190
GTACCAAAAAGGACACACTC_003,101
GTACCAAAAAGGACACACTC_004,163
GTACCAAAAAGGACACACTC_005,108
GTACCAAAAAGGACACACTC_006,113
GTACCAAAAAGGACACACTC_007,115
GTACCAAAAAGGACACACTC_008,174
GTACCAAAAAGGACACACTC_009,94
GTACCAAAAAGGACACACTC_010,58
GTACCAAAAAGGACACACTC_011,24
GTACCAAAAAGGACACACTC_012,32
GTACCAAAAAGGACACACTC_013,138
GTACCAAAAAGGACACACTC_014,30
GTACCAAAAAGGACACACTC_015,141
GTACCAAAAAGGACACACTC_016,170
GTACCAAAAAGGACACACTC_017,143
GTACCAAAAAGGACACACTC_018,17
GTACCAAAAAGGACACACTC_019,92
GTACCAAAAAGGACACACTC_020,56
GTACCAAAAAGGACACACTC_021,24
GTACCAAAAAGGACACACTC_022,51
GTACCAAAAAGGACACACTC_023,176
GTACCAAAAAGGACACACTC_024,98
GTACCAAAAAGGACACACTC_025,158
GTACCAAAAAGGACACACTC_026,122
GTACCAAAAAGGACACACTC_027,9
GTACCAAAAAGGACACACTC_028,103
GTACCAAAAAGGACACACTC_029,16
CAAAGTCCTCATCTGCACGC_001,48
CAAAGTCCTCATCTGCACGC_002,78
CAAAGTCCTCATCTGCACGC_003,119
TTCGGCCCGCTAGTTAGCTG_001,34
TTCGGCCCGCTAGTTAGCTG_002,39
TTCGGCCCGCTAGTTAGCTG_003,137
GCACGGACGGCCGCTTGAGT_001,105
GCACGGACGGCCGCTTGAGT_002,187
GCACGGACGGCCGCTTGAGT_003,174
GCACGGACGGCCGCTTGAGT_004,159
GCACGGACGGCCGCTTGAGT_005,17
GCACGGACGGCCGCTTGAGT_006,199
GCACGGACGGCCGCTTGAGT_007,121
GCACGGACGGCCGCTTGAGT_008,29
GCACGGACGGCCGCTTGAGT_009,118
GCACGGACGGCCGCTTGAGT_010,53
GCACGGACGGCCGCTTGAGT_011,161
GCACGGACGGCCGCTTGAGT_012,135
GCACGGACGGCCGCTTGAGT_013,177
GCACGGACGGCCGCTTGAGT_014,115
GCACGGACGGCCGCTTGAGT_015,15
GCACGGACGGCCGCTTGAGT_016,117
GCACGGACGGCCGCTTGAGT_017,34
GCACGGACGGCCGCTTGAGT_018,3
GCACGGACGGCCGCTTGAGT_019,34
GCACGGACGGCCGCTTGAGT_020,161
GCACGGACGGCCGCTTGAGT_021,194
GATTGAACCCAACTACCCCA_001,23
GATTGAACCCAACTACCCCA_002,147
GATTGAACCCAACTACCCCA_003,53
GATTGAACCCAACTACCCCA_004,33
GATTGAACCCAACTACCCCA_005,113
GATTGAACCCAACTACCCCA_006,42
GATTGAACCCAACTACCCCA_007,127
GATTGAACCCAACTACCCCA_008,128
GATTGAACCCAACTACCCCA_009,125
GATTGAACCCAACTACCCCA_010,81
GATTGAACCCAACTACCCCA_011,5
GATTGAACCCAACTACCCCA_012,72
GATTGAACCCAACTACCCCA_013,35
AGCACACGTTGTCGCGGCGT_001,103
AGCACACGTTGTCGCGGCGT_002,168
AGCACACGTTGTCGCGGCGT_003,0
AGCACACGTTGTCGCGGCGT_004,144
AGCACACGTTGTCGCGGCGT_005,1
AGCACACGTTGTCGCGGCGT_006,86
AGCACACGTTGTCGCGGCGT_007,15
AGCACACGTTGTCGCGGCGT_008,139
GTTTCACAAAGCGCTCTACA_001,175
GTTTCACAAAGCGCTCTACA_002,61
GTTTCACAAAGCGCTCTACA_003,12
GTTTCACAAAGCGCTCTACA_004,184
GTTTCACAAAGCGCTCTACA_005,58
GTTTCACAAAGCGCTCTACA_006,44
GTTTCACAAAGCGCTCTACA_007,82
GTTTCACAAAGCGCTCTACA_008,112
GTTTCACAAAGCGCTCTACA_009,186
GTTTCACAAAGCGCTCTACA_010,111
GTTTCACAAAGCGCTCTACA_011,9
GTTTCACAAAGCGCTCTACA_012,1
GTTTCACAAAGCGCTCTACA_013,23
GTTTCACAAAGCGCTCTACA_014,48
GTTTCACAAAGCGCTCTACA_015,127
GTTTCACAAAGCGCTCTACA_016,78
GTTTCACAAAGCGCTCTACA_017,106
GTTTCACAAAGCGCTCTACA_018,191
GTTTCACAAAGCGCTCTACA_019,105
GTTTCACAAAGCGCTCTACA_020,158
ATCGTGCGGCTCCTCTACTG_001,45
ATCGTGCGGCTCCTCTACTG_002,24
ATCGTGCGGCTCCTCTACTG_003,19
ATCGTGCGGCTCCTCTACTG_004,78
ATCGTGCGGCTCCTCTACTG_005,83
ATCGTGCGGCTCCTCTACTG_006,132
ATCGTGCGGCTCCTCTACTG_007,27
ATCGTGCGGCTCCTCTACTG_008,22
ATCGTGCGGCTCCTCTACTG_009,65
ATCGTGCGGCTCCTCTACTG_010,158
ATCGTGCGGCTCCTCTACTG_011,192
ATCGTGCGGCTCCTCTACTG_012,174
ATCGTGCGGCTCCTCTACTG_013,181
ATCGTGCGGCTCCTCTACTG_014,4
ATCGTGCGGCTCCTCTACTG_015,58
ATCGTGCGGCTCCTCTACTG_016,176
ATCGTGCGGCTCCTCTACTG_017,45
ATCGTGCGGCTCCTCTACTG_018,145
ATCGTGCGGCTCCTCTACTG_019,41
ATCGTGCGGCTCCTCTACTG_020,168
ATCGTGCGGCTCCTCTACTG_021,77
ATCGTGCGGCTCCTCTACTG_022,109
ATCGTGCGGCTCCTCTACTG_023,66
AGAGGACTTTCGACAAGCCA_001,171
AGAGGACTTTCGACAAGCCA_002,148
AGAGGACTTTCGACAAGCCA_003,173
AGAGGACTTTCGACAAGCCA_004,4
TTACGCGGATGCCGTGAGAG_001,196
TTACGCGGATGCCGTGAGAG_002,196
TTACGCGGATGCCGTGAGAG_003,49
TTACGCGGATGCCGTGAGAG_004,53
TTACGCGGATGCCGTGAGAG_005,174
TTACGCGGATGCCGTGAGAG_006,53
TTACGCGGATGCCGTGAGAG_007,154
TTACGCGGATGCCGTGAGAG_008,163
TTACGCGGATGCCGTGAGAG_009,144
TTACGCGGATGCCGTGAGAG_010,81
TTACGCGGATGCCGTGAGAG_011,160
GAACAAAACCTTGCCAGCTG_001,96
GAACAAAACCTTGCCAGCTG_002,24
GAACAAAACCTTGCCAGCTG_003,129
GAACAAAACCTTGCCAGCTG_004,162
GAACAAAACCTTGCCAGCTG_005,102
GAACAAAACCTTGCCAGCTG_006,64
GAACAAAACCTTGCCAGCTG_007,171
GAACAAAACCTTGCCAGCTG_008,149
GAACAAAACCTTGCCAGCTG_009,56
GAACAAAACCTTGCCAGCTG_010,149
GAACAAAACCTTGCCAGCTG_011,150
GAACAAAACCTTGCCAGCTG_012,85
GAACAAAACCTTGCCAGCTG_013,85
GAACAAAACCTTGCCAGCTG_014,104
GAACAAAACCTTGCCAGCTG_015,28
GAACAAAACCTTGCCAGCTG_016,152
TTGCAGAAGTTTGCCTGCAA_001,137
TTGCAGAAGTTTGCCTGCAA_002,115
TTGCAGAAGTTTGCCTGCAA_003,169
TTGCAGAAGTTTGCCTGCAA_004,170
TTGCAGAAGTTTGCCTGCAA_005,155
TTGCAGAAGTTTGCCTGCAA_006,126
TTGCAGAAGTTTGCCTGCAA_007,29
TTGCAGAAGTTTGCCTGCAA_008,172
TTGCAGAAGTTTGCCTGCAA_009,60
TTGCAGAAGTTTGCCTGCAA_010,29
TTGCAGAAGTTTGCCTGCAA_011,174
TTGCAGAAGTTTGCCTGCAA_012,174
TTGCAGAAGTTTGCCTGCAA_013,3
TTGCAGAAGTTTGCCTGCAA_014,94
TTGCAGAAGTTTGCCTGCAA_015,152
TTGCAGAAGTTTGCCTGCAA_016,140
TTGCAGAAGTTTGCCTGCAA_017,56
AGGCGTGTAGTTACCGACGT_001,43
AGGCGTGTAGTTACCGACGT_002,76
AGGCGTGTAGTTACCGACGT_003,96
AGGCGTGTAGTTACCGACGT_004,34
AGGCGTGTAGTTACCGACGT_005,48
AGGCGTGTAGTTACCGACGT_006,48
AGGCGTGTAGTTACCGACGT_007,66
AGGCGTGTAGTTACCGACGT_008,2
AGGCGTGTAGTTACCGACGT_009,77
AGGCGTGTAGTTACCGACGT_010,95
AAAAGCCTCGACCACACACA_001,116
AAAAGCCTCGACCACACACA_002,186
AAAAGCCTCGACCACACACA_003,146
AAAAGCCTCGACCACACACA_004,70
AAAAGCCTCGACCACACACA_005,58
AAAAGCCTCGACCACACACA_006,38
AAAAGCCTCGACCACACACA_007,14
GCCCGCCGCTAATCCAAGAG_001,130
GCCCGCCGCTAATCCAAGAG_002,77
GCCCGCCGCTAATCCAAGAG_003,188
GCCCGCCGCTAATCCAAGAG_004,141
GCCCGCCGCTAATCCAAGAG_005,41
GCCCGCCGCTAATCCAAGAG_006,160
GCCCGCCGCTAATCCAAGAG_007,103
GCCCGCCGCTAATCCAAGAG_008,148
GCCCGCCGCTAATCCAAGAG_009,63
AGGCGATGATCATAAAGACA_001,172
TGGGTGTGTCTGACAGGCCG_001,20
TGGGTGTGTCTGACAGGCCG_002,8
TGGGTGTGTCTGACAGGCCG_003,106
TGGGTGTGTCTGACAGGCCG_004,145
TGGGTGTGTCTGACAGGCCG_005,61
TGGGTGTGTCTGACAGGCCG_006,83
TGGGTGTGTCTGACAGGCCG_007,70
TGGGTGTGTCTGACAGGCCG_008,147
TGGGTGTGTCTGACAGGCCG_009,188
TGGGTGTGTCTGACAGGCCG_010,175
TGGGTGTGTCTGACAGGCCG_011,165
CTGCGTCTTATTACCCCCCG_001,161
TTGAGCCTTCTGATCGCTGT_001,149
TTGAGCCTTCTGATCGCTGT_002,3
TTGAGCCTTCTGATCGCTGT_003,14
TTGAGCCTTCTGATCGCTGT_004,58
TTGAGCCTTCTGATCGCTGT_005,123
TTGAGCCTTCTGATCGCTGT_006,170
TTGAGCCTTCTGATCGCTGT_007,196
TTGAGCCTTCTGATCGCTGT_008,115
TTGAGCCTTCTGATCGCTGT_009,62
TTGAGCCTTCTGATCGCTGT_010,0
TTGAGCCTTCTGATCGCTGT_011,39
TTGAGCCTTCTGATCGCTGT_012,29
AGTTACAAGCAATTCTCCAG_001,48
AGTTACAAGCAATTCTCCAG_002,112
AGTTACAAGCAATTCTCCAG_003,83
AGTTACAAGCAATTCTCCAG_004,53
AGTTACAAGCAATTCTCCAG_005,62
AGTTACAAGCAATTCTCCAG_006,158
AGTTACAAGCAATTCTCCAG_007,3
AGTTACAAGCAATTCTCCAG_008,31
AGTTACAAGCAATTCTCCAG_009,55
AGTTACAAGCAATTCTCCAG_010,49
AGTTACAAGCAATTCTCCAG_011,105
ATCCCTAAGGGTCCTAACCG_001,172
ATCCCTAAGGGTCCTAACCG_002,73
ATCCCTAAGGGTCCTAACCG_003,138
ATCCCTAAGGGTCCTAACCG_004,34
ATCCCTAAGGGTCCTAACCG_005,137
ATCCCTAAGGGTCCTAACCG_006,122
ATCCCTAAGGGTCCTAACCG_007,154
ATCCCTAAGGGTCCTAACCG_008,86
ATCCCTAAGGGTCCTAACCG_009,77
CGAGCCGCCCTTCCAGGCGT_001,54
CGAGCCGCCCTTCCAGGCGT_002,112
CGAGCCGCCCTTCCAGGCGT_003,105
TGAGACTGGAGCTTTCCAAG_001,186
TGAGACTGGAGCTTTCCAAG_002,1
TGAGACTGGAGCTTTCCAAG_003,55
TGAGACTGGAGCTTTCCAAG_004,21
CAGTCTAACTTACCAGACAA_001,102
CAGTCTAACTTACCAGACAA_002,114
CAGTCTAACTTACCAGACAA_003,49
CAGTCTAACTTACCAGACAA_004,34
CAGTCTAACTTACCAGACAA_005,117
CAGTCTAACTTACCAGACAA_006,52
CAGTCTAACTTACCAGACAA_007,190
CAGTCTAACTTACCAGACAA_008,62
CAGTCTAACTTACCAGACAA_009,185
CAGTCTAACTTACCAGACAA_010,3
CAGTCTAACTTACCAGACAA_011,124
CAGTCTAACTTACCAGACAA_012,91
CAGTCTAACTTACCAGACAA_013,157
CAGTCTAACTTACCAGACAA_014,49
CAGTCTAACTTACCAGACAA_015,181
CAGTCTAACTTACCAGACAA_016,88
CAGTCTAACTTACCAGACAA_017,174
CAGTCTAACTTACCAGACAA_018,77
CAGTCTAACTTACCAGACAA_019,178
CAGTCTAACTTACCAGACAA_020,16
CAGTCTAACTTACCAGACAA_021,174
CATCTCGGAACAGTAGCCTA_001,176
CATCTCGGAACAGTAGCCTA_002,97
CATCTCGGAACAGTAGCCTA_003,130
CATCTCGGAACAGTAGCCTA_004,50
CATCTCGGAACAGTAGCCTA_005,37
CATCTCGGAACAGTAGCCTA_006,148
CATCTCGGAACAGTAGCCTA_007,4
CATCTCGGAACAGTAGCCTA_008,137
CATCTCGGAACAGTAGCCTA_009,148
CCGACACGCTGTGTGCAACG_001,84
CCGACACGCTGTGTGCAACG_002,105
CCGACACGCTGTGTGCAACG_003,34
CCGACACGCTGTGTGCAACG_004,48
CCGACACGCTGTGTGCAACG_005,117
CCCCGTGGTAGGTGCCCGTG_001,107
CCCCGTGGTAGGTGCCCGTG_002,12
CCCCGTGGTAGGTGCCCGTG_003,180
CCCCGTGGTAGGTGCCCGTG_004,68
CCCCGTGGTAGGTGCCCGTG_005,128
CCCCGTGGTAGGTGCCCGTG_006,38
CCCCGTGGTAGGTGCCCGTG_007,72
CCCCGTGGTAGGTGCCCGTG_008,69
CCCCGTGGTAGGTGCCCGTG_009,70
CCCCGTGGTAGGTGCCCGTG_010,23
CCCCGTGGTAGGTGCCCGTG_011,83
CCCCGTGGTAGGTGCCCGTG_012,46
CCCCGTGGTAGGTGCCCGTG_013,47
CCCCGTGGTAGGTGCCCGTG_014,37
CCCCGTGGTAGGTGCCCGTG_015,28
CCCCGTGGTAGGTGCCCGTG_016,188
CCCCGTGGTAGGTGCCCGTG_017,40
CGGACAGACTGTGCACGTCG_001,114
CGGACAGACTGTGCACGTCG_002,190
CGGACAGACTGTGCACGTCG_003,8
CGGACAGACTGTGCACGTCG_004,48
CGGACAGACTGTGCACGTCG_005,28
CGGACAGACTGTGCACGTCG_006,168
CGGACAGACTGTGCACGTCG_007,42
CGGACAGACTGTGCACGTCG_008,34
CGGACAGACTGTGCACGTCG_009,169
CGGACAGACTGTGCACGTCG_010,87
CGGACAGACTGTGCACGTCG_011,150
CGGACAGACTGTGCACGTCG_012,63
CGGACAGACTGTGCACGTCG_013,10
CGGACAGACTGTGCACGTCG_014,61
CGGACAGACTGTGCACGTCG_015,66
CGGACAGACTGTGCACGTCG_016,120
CGGACAGACTGTGCACGTCG_017,196
CGGACAGACTGTGCACGTCG_018,130
GTACAGACAGCACTTCCTCG_001,80
GTACAGACAGCACTTCCTCG_002,1
GTACAGACAGCACTTCCTCG_003,166
GTACAGACAGCACTTCCTCG_004,49
GTACAGACAGCACTTCCTCG_005,66
GTACAGACAGCACTTCCTCG_006,142
TCGTTGGCCCAGTCCGAACA_001,163
TCGTTGGCCCAGTCCGAACA_002,78
TCGTTGGCCCAGTCCGAACA_003,34
TCGTTGGCCCAGTCCGAACA_004,199
TCGTTGGCCCAGTCCGAACA_005,58
TCGTTGGCCCAGTCCGAACA_006,133
TCGTTGGCCCAGTCCGAACA_007,189
TCGTTGGCCCAGTCCGAACA_008,77
TCGTTGGCCCAGTCCGAACA_009,68
TCGTTGGCCCAGTCCGAACA_010,42
TCGTTGGCCCAGTCCGAACA_011,163
TCGTTGGCCCAGTCCGAACA_012,85
TCGTTGGCCCAGTCCGAACA_013,117
TCGTTGGCCCAGTCCGAACA_014,198
TCGTTGGCCCAGTCCGAACA_015,169
TCGTTGGCCCAGTCCGAACA_016,43
TCGTTGGCCCAGTCCGAACA_017,34
TCGTTGGCCCAGTCCGAACA_018,69
TCGTTGGCCCAGTCCGAACA_019,50
TCGTTGGCCCAGTCCGAACA_020,175
TCGTTGGCCCAGTCCGAACA_021,150
TCGTTGGCCCAGTCCGAACA_022,153
TCGTTGGCCCAGTCCGAACA_023,184
TCGTTGGCCCAGTCCGAACA_024,175
TCGTTGGCCCAGTCCGAACA_025,172
TCGTTGGCCCAGTCCGAACA_026,174
TCGTTGGCCCAGTCCGAACA_027,92
TCGTTGGCCCAGTCCGAACA_028,103
TCGTTGGCCCAGTCCGAACA_029,183
TCGTTGGCCCAGTCCGAACA_030,39
TCGTTGGCCCAGTCCGAACA_031,22
TCGTTGGCCCAGTCCGAACA_032,115
TCGTTGGCCCAGTCCGAACA_033,105
TCGTTGGCCCAGTCCGAACA_034,187
CCTTTCAAATGTACAAAATG_001,174
CCTTTCAAATGTACAAAATG_002,94
CCTTTCAAATGTACAAAATG_003,115
CCTTTCAAATGTACAAAATG_004,138
CCTTTCAAATGTACAAAATG_005,13
AAGCCCATCATGTTTAGTGG_001,48
AAGCCCATCATGTTTAGTGG_002,50
AAGCCCATCATGTTTAGTGG_003,138
GGAGCCACACTCACTCAGGT_001,5
GGAGCCACACTCACTCAGGT_002,104
GGAGCCACACTCACTCAGGT_003,40
GGAGCCACACTCACTCAGGT_004,130
GGAGCCACACTCACTCAGGT_005,177
GGAGCCACACTCACTCAGGT_006,55
GGAGCCACACTCACTCAGGT_007,68
GGAGCCACACTCACTCAGGT_008,81
ACATTGGGATATGAAGATGA_001,9
GCTGTCATAGGCATCGACGA_001,5
GCTGTCATAGGCATCGACGA_002,126
GCTGTCATAGGCATCGACGA_003,109
GCTGTCATAGGCATCGACGA_004,149
GGAGGATCACTACTCTACTT_001,23
GGAGGATCACTACTCTACTT_002,28
GGAGGATCACTACTCTACTT_003,151
CTTGCAGTCTGGCCTTACCA_001,198
CTTGCAGTCTGGCCTTACCA_002,83
CTTGCAGTCTGGCCTTACCA_003,55
CTTGCAGTCTGGCCTTACCA_004,198
CTTGCAGTCTGGCCTTACCA_005,8
CTTGCAGTCTGGCCTTACCA_006,60
CTTGCAGTCTGGCCTTACCA_007,115
CTTGCAGTCTGGCCTTACCA_008,137
CTTGCAGTCTGGCCTTACCA_009,33
CTTGCAGTCTGGCCTTACCA_010,145
CTTGCAGTCTGGCCTTACCA_011,105
TCGTATCTCCACAGATTCAG_001,72
TCGTATCTCCACAGATTCAG_002,157
TCGTATCTCCACAGATTCAG_003,105
TCGTATCTCCACAGATTCAG_004,28
AGCCACGTACCGCTCCACAA_001,94
AGCCACGTACCGCTCCACAA_002,140
AGCCACGTACCGCTCCACAA_003,133
AGCCACGTACCGCTCCACAA_004,17
AGCCACGTACCGCTCCACAA_005,42
AGCCACGTACCGCTCCACAA_006,94
AGCCACGTACCGCTCCACAA_007,67
AGCCACGTACCGCTCCACAA_008,158
AGCCACGTACCGCTCCACAA_009,114
AGCCACGTACCGCTCCACAA_010,9
AGCCACGTACCGCTCCACAA_011,7
AGCCACGTACCGCTCCACAA_012,34
TCACAACGTGATGATTATGT_001,45
TCACAACGTGATGATTATGT_002,77
CAGGATCAGAAGACTGACAC_001,154
CAGGATCAGAAGACTGACAC_002,101
CAGGATCAGAAGACTGACAC_003,0
CAGGATCAGAAGACTGACAC_004,198
CAGGATCAGAAGACTGACAC_005,153
CAGGATCAGAAGACTGACAC_006,29
CAGGATCAGAAGACTGACAC_007,150
CAGGATCAGAAGACTGACAC_008,162
GCTGCAAGGTAACATCCATG_001,55
GCTGCAAGGTAACATCCATG_002,77
GCTGCAAGGTAACATCCATG_003,30
GCTGCAAGGTAACATCCATG_004,150
GCTGCAAGGTAACATCCATG_005,90
GCTGCAAGGTAACATCCATG_006,96
GCTGCAAGGTAACATCCATG_007,41
GCTGCAAGGTAACATCCATG_008,128
GCTGCAAGGTAACATCCATG_009,58
GCTGCAAGGTAACATCCATG_010,135
GCTGCAAGGTAACATCCATG_011,16
GCTGCAAGGTAACATCCATG_012,176
GCTGCAAGGTAACATCCATG_013,57
GCTGCAAGGTAACATCCATG_014,60
GCTGCAAGGTAACATCCATG_015,83
CGTGCCGCCCCCCAGAGAGT_001,115
CGTGCCGCCCCCCAGAGAGT_002,19
CGTGCCGCCCCCCAGAGAGT_003,177
CGTGCCGCCCCCCAGAGAGT_004,153
CGTGCCGCCCCCCAGAGAGT_005,151
CGTGCCGCCCCCCAGAGAGT_006,105
CGTGCCGCCCCCCAGAGAGT_007,68
CGTGCCGCCCCCCAGAGAGT_008,34
CGTGCCGCCCCCCAGAGAGT_009,127
CGTGCCGCCCCCCAGAGAGT_010,2
CGTGCCGCCCCCCAGAGAGT_011,177
CGTGCCGCCCCCCAGAGAGT_012,150
CGTGCCGCCCCCCAGAGAGT_013,116
CGTGCCGCCCCCCAGAGAGT_014,130
CGTGCCGCCCCCCAGAGAGT_015,29
CGTGCCGCCCCCCAGAGAGT_016,14
CGTGCCGCCCCCCAGAGAGT_017,87
AACAAGTCTCATCGCCACCA_001,61
AACAAGTCTCATCGCCACCA_002,94
AACAAGTCTCATCGCCACCA_003,77
AACAAGTCTCATCGCCACCA_004,99
AACAAGTCTCATCGCCACCA_005,166
AACAAGTCTCATCGCCACCA_006,160
AACAAGTCTCATCGCCACCA_007,97
AACAAGTCTCATCGCCACCA_008,48
AACAAGTCTCATCGCCACCA_009,77
AACAAGTCTCATCGCCACCA_010,109
AACAAGTCTCATCGCCACCA_011,126
AACAAGTCTCATCGCCACCA_012,67
AACAAGTCTCATCGCCACCA_013,34
AACAAGTCTCATCGCCACCA_014,34
AACAAGTCTCATCGCCACCA_015,96
AACAAGTCTCATCGCCACCA_016,107
AACAAGTCTCATCGCCACCA_017,44
AACAAGTCTCATCGCCACCA_018,65
AACAAGTCTCATCGCCACCA_019,153
AACAAGTCTCATCGCCACCA_020,35
AACAAGTCTCATCGCCACCA_021,49
GTTTGTGCAGGCGCTCTACG_001,34
GTTTGTGCAGGCGCTCTACG_002,69
GTTTGTGCAGGCGCTCTACG_003,188
GTTTGTGCAGGCGCTCTACG_004,177
GTTTGTGCAGGCGCTCTACG_005,36
GTTTGTGCAGGCGCTCTACG_006,6
GTTTGTGCAGGCGCTCTACG_007,15
GTTTGTGCAGGCGCTCTACG_008,197
GTTTGTGCAGGCGCTCTACG_009,9
GTTTGTGCAGGCGCTCTACG_010,78
GTTTGTGCAGGCGCTCTACG_011,81
GTTTGTGCAGGCGCTCTACG_012,27
GTTTGTGCAGGCGCTCTACG_013,19
GTTTGTGCAGGCGCTCTACG_014,83
GTTTGTGCAGGCGCTCTACG_015,180
GTTTGTGCAGGCGCTCTACG_016,0
GTTGTCAATGACGAGCACAG_001,157
GTTGTCAATGACGAGCACAG_002,193
GTTGTCAATGACGAGCACAG_003,113
GTTGTCAATGACGAGCACAG_004,34
GTTGTCAATGACGAGCACAG_005,23
GTTGTCAATGACGAGCACAG_006,57
GTTGTCAATGACGAGCACAG_007,83
GTTGTCAATGACGAGCACAG_008,133
GTTGTCAATGACGAGCACAG_009,188
GTTGTCAATGACGAGCACAG_010,130
GTTGTCAATGACGAGCACAG_011,182
GTTGTCAATGACGAGCACAG_012,102
GTTGTCAATGACGAGCACAG_013,120
GTTGTCAATGACGAGCACAG_014,50
GTTGTCAATGACGAGCACAG_015,41
GTTGTCAATGACGAGCACAG_016,17
GTTGTCAATGACGAGCACAG_017,188
GTTGTCAATGACGAGCACAG_018,127
AGGCAATAGAGATTATGCCA_001,38
AGGCAATAGAGATTATGCCA_002,40
AGGCAATAGAGATTATGCCA_003,22
AGGCAATAGAGATTATGCCA_004,152
AGGCAATAGAGATTATGCCA_005,100
ATAAGGAGTTGCATCAAACG_001,194
ATAAGGAGTTGCATCAAACG_002,80
ATAAGGAGTTGCATCAAACG_003,80
ATAAGGAGTTGCATCAAACG_004,25
ATAAGGAGTTGCATCAAACG_005,53
ATAAGGAGTTGCATCAAACG_006,188
ATAAGGAGTTGCATCAAACG_007,194
ATAAGGAGTTGCATCAAACG_008,38
ATAAGGAGTTGCATCAAACG_009,94
ATAAGGAGTTGCATCAAACG_010,57
ATAAGGAGTTGCATCAAACG_011,15
ATAAGGAGTTGCATCAAACG_012,61
ATAAGGAGTTGCATCAAACG_013,88
CTGGGGGCGGATATCCACCG_001,27
CTGGGGGCGGATATCCACCG_002,110
CTATGTAAGTATCTGAAGCA_001,137
CTATGTAAGTATCTGAAGCA_002,104
CTATGTAAGTATCTGAAGCA_003,43
GCAAGTTTACAAAAACCTGC_001,105
GCAAGTTTACAAAAACCTGC_002,84
GACTCACCTTGCGCACGTCG_001,152
GACTCACCTTGCGCACGTCG_002,50
GACTCACCTTGCGCACGTCG_003,56
GACTCACCTTGCGCACGTCG_004,6
GACTCACCTTGCGCACGTCG_005,21
GGGAGTAACTGGTGACGTTG_001,168
GGGAGTAACTGGTGACGTTG_002,132
GGGAGTAACTGGTGACGTTG_003,140
GGGAGTAACTGGTGACGTTG_004,119
GGGAGTAACTGGTGACGTTG_005,83
GGGAGTAACTGGTGACGTTG_006,75
GGGAGTAACTGGTGACGTTG_007,75
GGGAGTAACTGGTGACGTTG_008,98
GGGAGTAACTGGTGACGTTG_009,60
GGGAGTAACTGGTGACGTTG_010,65
GGGAGTAACTGGTGACGTTG_011,95
GGGAGTAACTGGTGACGTTG_012,186
GGGAGTAACTGGTGACGTTG_013,32
GGGAGTAACTGGTGACGTTG_014,28
GGGAGTAACTGGTGACGTTG_015,148
GGGAGTAACTGGTGACGTTG_016,5
TAGACAGTAATCAGTCATCT_001,105
TAGACAGTAATCAGTCATCT_002,199
TAGACAGTAATCAGTCATCT_003,183
TAGACAGTAATCAGTCATCT_004,186
CAGGTTTGCACGCATAGCTA_001,36
CAGGTTTGCACGCATAGCTA_002,62
CAGGTTTGCACGCATAGCTA_003,15
CAGGTTTGCACGCATAGCTA_004,151
CAGGTTTGCACGCATAGCTA_005,12
CAGGTTTGCACGCATAGCTA_006,190
CAGGTTTGCACGCATAGCTA_007,146
CAGGTTTGCACGCATAGCTA_008,105
CAGGTTTGCACGCATAGCTA_009,77
CAGGTTTGCACGCATAGCTA_010,184
CAGGTTTGCACGCATAGCTA_011,72
CAGGTTTGCACGCATAGCTA_012,150
CAGGTTTGCACGCATAGCTA_013,8
CAGGTTTGCACGCATAGCTA_014,62
CAGGTTTGCACGCATAGCTA_015,78
CAGGTTTGCACGCATAGCTA_016,80
CAGGTTTGCACGCATAGCTA_017,23
CAGGTTTGCACGCATAGCTA_018,3
CAGGTTTGCACGCATAGCTA_019,35
CAGGTTTGCACGCATAGCTA_020,108
CAGGTTTGCACGCATAGCTA_021,21
ACAGCCTTCATCCAAAATGG_001,58
ACAGCCTTCATCCAAAATGG_002,49
TTCCCCGCAGTGGATATCAC_001,170
TTCCCCGCAGTGGATATCAC_002,199
TTCCCCGCAGTGGATATCAC_003,175
GGAGACAGCTGTTCATGAGT_001,75
AGACACCGCAAAGCGATCTG_001,94
AGACACCGCAAAGCGATCTG_002,15
AGACACCGCAAAGCGATCTG_003,153
AGACACCGCAAAGCGATCTG_004,62
AGACACCGCAAAGCGATCTG_005,130
AGACACCGCAAAGCGATCTG_006,160
AGACACCGCAAAGCGATCTG_007,42
AGACACCGCAAAGCGATCTG_008,176
AGACACCGCAAAGCGATCTG_009,176
AGACACCGCAAAGCGATCTG_010,134
AGACACCGCAAAGCGATCTG_011,32
AGACACCGCAAAGCGATCTG_012,22
AGACACCGCAAAGCGATCTG_013,14
AGACACCGCAAAGCGATCTG_014,15
AGACACCGCAAAGCGATCTG_015,187
AGACACCGCAAAGCGATCTG_016,41
AGACACCGCAAAGCGATCTG_017,98
AGACACCGCAAAGCGATCTG_018,185
AGACACCGCAAAGCGATCTG_019,191
AGACACCGCAAAGCGATCTG_020,17
AGACACCGCAAAGCGATCTG_021,17
AGACACCGCAAAGCGATCTG_022,107
AGACACCGCAAAGCGATCTG_023,132
AGACACCGCAAAGCGATCTG_024,152
AGACACCGCAAAGCGATCTG_025,189
AGACACCGCAAAGCGATCTG_026,87
AGACACCGCAAAGCGATCTG_027,87
AGACACCGCAAAGCGATCTG_028,111
AGACACCGCAAAGCGATCTG_029,125
AGACACCGCAAAGCGATCTG_030,108
AGACACCGCAAAGCGATCTG_031,161
AGACACCGCAAAGCGATCTG_032,39
AGACACCGCAAAGCGATCTG_033,17
AGACACCGCAAAGCGATCTG_034,9
AGACACCGCAAAGCGATCTG_035,183
AGACACCGCAAAGCGATCTG_036,94
AGACACCGCAAAGCGATCTG_037,56
CAGGGTAAAAACCTACGCTC_001,146
CAGGGTAAAAACCTACGCTC_002,160
CAGGGTAAAAACCTACGCTC_003,55
CAGGGTAAAAACCTACGCTC_004,103
CAGGGTAAAAACCTACGCTC_005,187
CAGGGTAAAAACCTACGCTC_006,60
CAGGGTAAAAACCTACGCTC_007,143
CAGGGTAAAAACCTACGCTC_008,58
CAGGGTAAAAACCTACGCTC_009,138
CAGGGTAAAAACCTACGCTC_010,83
CAGGGTAAAAACCTACGCTC_011,151
TACACAGCGCAATGGTAGGT_001,51
GGCGTGCGAAGCTGTCGGTG_001,155
GGCGTGCGAAGCTGTCGGTG_002,65
GGCGTGCGAAGCTGTCGGTG_003,174
GGCGTGCGAAGCTGTCGGTG_004,27
GGCGTGCGAAGCTGTCGGTG_005,88
GGCGTGCGAAGCTGTCGGTG_006,1
GGCGTGCGAAGCTGTCGGTG_007,122
GGCGTGCGAAGCTGTCGGTG_008,80
AGCGGCTTGCTGAAAACCGG_001,36
AGCGGCTTGCTGAAAACCGG_002,91
AGCGGCTTGCTGAAAACCGG_003,107
AGCGGCTTGCTGAAAACCGG_004,152
AGCGGCTTGCTGAAAACCGG_005,118
AGCGGCTTGCTGAAAACCGG_006,94
AGCGGCTTGCTGAAAACCGG_007,198
AGCGGCTTGCTGAAAACCGG_008,179
AGCGGCTTGCTGAAAACCGG_009,150
AGCGGCTTGCTGAAAACCGG_010,120
AGCGGCTTGCTGAAAACCGG_011,8
AGCGGCTTGCTGAAAACCGG_012,107
AGCGGCTTGCTGAAAACCGG_013,58
AGCGGCTTGCTGAAAACCGG_014,97
AGCGGCTTGCTGAAAACCGG_015,37
AGCGGCTTGCTGAAAACCGG_016,78
GTGCATCCGCGAGTTCCGTG_001,83
GTGCATCCGCGAGTTCCGTG_002,75
GTGCATCCGCGAGTTCCGTG_003,18
GTGCATCCGCGAGTTCCGTG_004,52
GTGCATCCGCGAGTTCCGTG_005,40
GTGCATCCGCGAGTTCCGTG_006,57
GTGCATCCGCGAGTTCCGTG_007,142
GTGCATCCGCGAGTTCCGTG_008,150
GTGCATCCGCGAGTTCCGTG_009,33
GTGCATCCGCGAGTTCCGTG_010,124
GTGCATCCGCGAGTTCCGTG_011,39
GTGCATCCGCGAGTTCCGTG_012,106
GTGCATCCGCGAGTTCCGTG_013,106
GTGCATCCGCGAGTTCCGTG_014,83
GTGCATCCGCGAGTTCCGTG_015,43
GTGCATCCGCGAGTTCCGTG_016,176
GTGCATCCGCGAGTTCCGTG_017,138
GTGCATCCGCGAGTTCCGTG_018,31
GTGCATCCGCGAGTTCCGTG_019,117
TGGGCTCCAATCAAGAGTGT_001,23
TGGGCTCCAATCAAGAGTGT_002,106
TGGGCTCCAATCAAGAGTGT_003,188
TGGGCTCCAATCAAGAGTGT_004,80
TGGGCTCCAATCAAGAGTGT_005,180
TGGGCTCCAATCAAGAGTGT_006,12
TGGGCTCCAATCAAGAGTGT_007,77
TGGGCTCCAATCAAGAGTGT_008,168
TGGGCTCCAATCAAGAGTGT_009,93
TGGGCTCCAATCAAGAGTGT_010,197
TGGGCTCCAATCAAGAGTGT_011,9
TGGGCTCCAATCAAGAGTGT_012,122
TGGGCTCCAATCAAGAGTGT_013,82
TGGGCTCCAATCAAGAGTGT_014,49
TGGGCTCCAATCAAGAGTGT_015,159
TGGGCTCCAATCAAGAGTGT_016,25
TGGGCTCCAATCAAGAGTGT_017,191
TGGGCTCCAATCAAGAGTGT_018,79
TGGGCTCCAATCAAGAGTGT_019,52
TGGGCTCCAATCAAGAGTGT_020,34
TGGGCTCCAATCAAGAGTGT_021,34
AGCAGTGTGCACAATATACG_001,62
AGCAGTGTGCACAATATACG_002,48
AGCAGTGTGCACAATATACG_003,191
AGCAGTGTGCACAATATACG_004,24
AGCAGTGTGCACAATATACG_005,75
AGCAGTGTGCACAATATACG_006,49
AGCAGTGTGCACAATATACG_007,0
AGCAGTGTGCACAATATACG_008,74
AGCAGTGTGCACAATATACG_009,175
AGCAGTGTGCACAATATACG_010,147
ATATGGCTTTGCCGAAAAGG_001,17
ATATGGCTTTGCCGAAAAGG_002,151
ATATGGCTTTGCCGAAAAGG_003,83
ATATGGCTTTGCCGAAAAGG_004,26
ATATGGCTTTGCCGAAAAGG_005,80
CCATCTTGCAGACCTCACAA_001,117
CCATCTTGCAGACCTCACAA_002,150
CCATCTTGCAGACCTCACAA_003,170
CCATCTTGCAGACCTCACAA_004,49
CCATCTTGCAGACCTCACAA_005,163
CCATCTTGCAGACCTCACAA_006,2
CCATCTTGCAGACCTCACAA_007,91
CCATCTTGCAGACCTCACAA_008,59
CCATCTTGCAGACCTCACAA_009,72
CCATCTTGCAGACCTCACAA_010,46
CCATCTTGCAGACCTCACAA_011,43
CTGTCGCAGAAGTAACACAT_001,43
CTGTCGCAGAAGTAACACAT_002,158
CTGTCGCAGAAGTAACACAT_003,34
CTGTCGCAGAAGTAACACAT_004,175
TAGAACTTGAACTTGCCTAG_001,169
TAGAACTTGAACTTGCCTAG_002,155
TAGAACTTGAACTTGCCTAG_003,94
TAGAACTTGAACTTGCCTAG_004,62
TAGAACTTGAACTTGCCTAG_005,180
TAGAACTTGAACTTGCCTAG_006,8
TAGAACTTGAACTTGCCTAG_007,66
TAGAACTTGAACTTGCCTAG_008,104
TAGAACTTGAACTTGCCTAG_009,67
TCCACAGATACAGACCCCAC_001,45
TCCACAGATACAGACCCCAC_002,68
CCCGCCCTTGAACATCCGTG_001,170
CCCGCCCTTGAACATCCGTG_002,105
CCCGCCCTTGAACATCCGTG_003,119
CCCGCCCTTGAACATCCGTG_004,119
TGATTAGACAGGTAGAAACC_001,199
TGATTAGACAGGTAGAAACC_002,24
TGATTAGACAGGTAGAAACC_003,168
TGATTAGACAGGTAGAAACC_004,44
TGATTAGACAGGTAGAAACC_005,196
TCACCCAGCGAACAGGACGT_001,129
TCACCCAGCGAACAGGACGT_002,85
TCACCCAGCGAACAGGACGT_003,42
TCACCCAGCGAACAGGACGT_004,62
TCACCCAGCGAACAGGACGT_005,7
TCACCCAGCGAACAGGACGT_006,129
TCACCCAGCGAACAGGACGT_007,98
TCACCCAGCGAACAGGACGT_008,150
TCACCCAGCGAACAGGACGT_009,135
GCCAACACTACTTCGACCCA_001,164
GCCAACACTACTTCGACCCA_002,60
TTTACCTCTTAAATCAACTG_001,37
TTTACCTCTTAAATCAACTG_002,158
TTTACCTCTTAAATCAACTG_003,182
GCCTCTCCTCGGACCCACGC_001,185
GCCTCTCCTCGGACCCACGC_002,50
GCCTCTCCTCGGACCCACGC_003,67
GCCTCTCCTCGGACCCACGC_004,108
GCCTCTCCTCGGACCCACGC_005,93
GCCTCTCCTCGGACCCACGC_006,1
GCCTCTCCTCGGACCCACGC_007,194
GCCTCTCCTCGGACCCACGC_008,57
GCCTCTCCTCGGACCCACGC_009,88
GCCTCTCCTCGGACCCACGC_010,153
GCCTCTCCTCGGACCCACGC_011,106
GCCTCTCCTCGGACCCACGC_012,177
GCCTCTCCTCGGACCCACGC_013,158
GCCTCTCCTCGGACCCACGC_014,150
GCCTCTCCTCGGACCCACGC_015,36
GCCTCTCCTCGGACCCACGC_016,56
GCCTCTCCTCGGACCCACGC_017,121
GCCTCTCCTCGGACCCACGC_018,104
GCCTCTCCTCGGACCCACGC_019,52
GCCTCTCCTCGGACCCACGC_020,27
GCCTCTCCTCGGACCCACGC_021,113
GCCTCTCCTCGGACCCACGC_022,67
GCCTCTCCTCGGACCCACGC_023,150
GCCTCTCCTCGGACCCACGC_024,5
GCCTCTCCTCGGACCCACGC_025,122
GCCTCTCCTCGGACCCACGC_026,117
GCCTCTCCTCGGACCCACGC_027,190
GCCTCTCCTCGGACCCACGC_028,1
GCCTCTCCTCGGACCCACGC_029,40
GCCTCTCCTCGGACCCACGC_030,182
GCCTCTCCTCGGACCCACGC_031,5
GCCTCTCCTCGGACCCACGC_032,6
GCCTCTCCTCGGACCCACGC_033,55
GCCTCTCCTCGGACCCACGC_034,103
CGCCGCCTTAAAACTCCCTG_001,150
CGCCGCCTTAAAACTCCCTG_002,4
CGCCGCCTTAAAACTCCCTG_003,58
CGCCGCCTTAAAACTCCCTG_004,182
CGCCGCCTTAAAACTCCCTG_005,50
CGCCGCCTTAAAACTCCCTG_006,2
CGCCGCCTTAAAACTCCCTG_007,41
CGCCGCCTTAAAACTCCCTG_008,149
TCCACACGATGGTAGGTACA_001,170
TCCACACGATGGTAGGTACA_002,187
TCCACACGATGGTAGGTACA_003,149
TCCACACGATGGTAGGTACA_004,169
TCCACACGATGGTAGGTACA_005,5
TCCACACGATGGTAGGTACA_006,5
TTTCCATCTAGTCCTCAAGC_001,26
TTTCCATCTAGTCCTCAAGC_002,139
TTTCCATCTAGTCCTCAAGC_003,114
TTTCCATCTAGTCCTCAAGC_004,94
TTTCCATCTAGTCCTCAAGC_005,80
TTTCCATCTAGTCCTCAAGC_006,80
TTTCCATCTAGTCCTCAAGC_007,3
ATCTAAGAGTGAAATGCACA_001,67
ATCTAAGAGTGAAATGCACA_002,102
CCAGCCCATAGGTGCCCAGT_001,41
CCAGCCCATAGGTGCCCAGT_002,78
CCAGCCCATAGGTGCCCAGT_003,81
CCAGCCCATAGGTGCCCAGT_004,7
CCAGCCCATAGGTGCCCAGT_005,185
CCAGCCCATAGGTGCCCAGT_006,163
CCAGCCCATAGGTGCCCAGT_007,57
CCAGCCCATAGGTGCCCAGT_008,50
CCAGCCCATAGGTGCCCAGT_009,29
CCAGCCCATAGGTGCCCAGT_010,157
CCAGCCCATAGGTGCCCAGT_011,70
CCAGCCCATAGGTGCCCAGT_012,176
CCAGCCCATAGGTGCCCAGT_013,108
CCAGCCCATAGGTGCCCAGT_014,161
CCAGCCCATAGGTGCCCAGT_015,29
CCAGCCCATAGGTGCCCAGT_016,66
CCAGCCCATAGGTGCCCAGT_017,13
CCAGCCCATAGGTGCCCAGT_018,74
CAAGACATACACGGACACTG_001,102
CAAGACATACACGGACACTG_002,42
CAAGACATACACGGACACTG_003,191
CAAGACATACACGGACACTG_004,67
ACACAGCACAGTTAGATCGC_001,53
ACACAGCACAGTTAGATCGC_002,27
ACACAGCACAGTTAGATCGC_003,94
ACACAGCACAGTTAGATCGC_004,188
CACATAGATAAGGTCTCCAA_001,69
CACATAGATAAGGTCTCCAA_002,183
CACATAGATAAGGTCTCCAA_003,119
CACATAGATAAGGTCTCCAA_004,49
CACATAGATAAGGTCTCCAA_005,43
CACATAGATAAGGTCTCCAA_006,20
CACATAGATAAGGTCTCCAA_007,52
CACATAGATAAGGTCTCCAA_008,126
CCCTTCCCTAGAGATCGTGG_001,179
CCCTTCCCTAGAGATCGTGG_002,84
CCCTTCCCTAGAGATCGTGG_003,121
CCCTTCCCTAGAGATCGTGG_004,144
CCCTTCCCTAGAGATCGTGG_005,158
GGGCCTCGGGAAGAGATGCG_001,150
GGGCCTCGGGAAGAGATGCG_002,108
GGGCCTCGGGAAGAGATGCG_003,6
GGGCCTCGGGAAGAGATGCG_004,112
GGGCCTCGGGAAGAGATGCG_005,115
GTGGCCTTAATGTTCTCCTG_001,198
GTGGCCTTAATGTTCTCCTG_002,112
GTGGCCTTAATGTTCTCCTG_003,22
GTGGCCTTAATGTTCTCCTG_004,54
GTGGCCTTAATGTTCTCCTG_005,51
GTGGCCTTAATGTTCTCCTG_006,68
GTGGCCTTAATGTTCTCCTG_007,75
GTGGCCTTAATGTTCTCCTG_008,31
GTGGCCTTAATGTTCTCCTG_009,18
GTGGCCTTAATGTTCTCCTG_010,1
TGGCGTAGGATGAGTCCATG_001,182
TGGCGTAGGATGAGTCCATG_002,111
TGGCGTAGGATGAGTCCATG_003,150
TGGCGTAGGATGAGTCCATG_004,55
TGCATGGCGTGGCCACGCAG_001,3
TGCATGGCGTGGCCACGCAG_002,184
TGCATGGCGTGGCCACGCAG_003,5
TGCATGGCGTGGCCACGCAG_004,195
TGCATGGCGTGGCCACGCAG_005,82
TGCATGGCGTGGCCACGCAG_006,94
TGCATGGCGTGGCCACGCAG_007,174
TGCATGGCGTGGCCACGCAG_008,198
TGCATGGCGTGGCCACGCAG_009,94
TGCATGGCGTGGCCACGCAG_010,33
TGCATGGCGTGGCCACGCAG_011,11
CAAACAGTCTAAGGCGACGA_001,77
CAAACAGTCTAAGGCGACGA_002,70
CAAACAGTCTAAGGCGACGA_003,94
CAAACAGTCTAAGGCGACGA_004,55
CAAACAGTCTAAGGCGACGA_005,199
CAAACAGTCTAAGGCGACGA_006,137
CAAACAGTCTAAGGCGACGA_007,198
CAAACAGTCTAAGGCGACGA_008,28
CAAACAGTCTAAGGCGACGA_009,180
CAAGGGAACCTGAGCAACTG_001,183
CAAGGGAACCTGAGCAACTG_002,96
CAAGGGAACCTGAGCAACTG_003,32
CAAGGGAACCTGAGCAACTG_004,170
CAAGGGAACCTGAGCAACTG_005,105
CAAGGGAACCTGAGCAACTG_006,3
CAAGGGAACCTGAGCAACTG_007,68
CAAGGGAACCTGAGCAACTG_008,147
CAAGGGAACCTGAGCAACTG_009,62
CAAGGGAACCTGAGCAACTG_010,162
CAAGGGAACCTGAGCAACTG_011,83
CAAGGGAACCTGAGCAACTG_012,157
CAAGGGAACCTGAGCAACTG_013,151
CAAGGGAACCTGAGCAACTG_014,57
CAAGGGAACCTGAGCAACTG_015,27
CAAGGGAACCTGAGCAACTG_016,17
CAAGGGAACCTGAGCAACTG_017,170
CAAGGGAACCTGAGCAACTG_018,198
CAAGGGAACCTGAGCAACTG_019,7
CAAGGGAACCTGAGCAACTG_020,107
CAAGGGAACCTGAGCAACTG_021,169
CAAGGGAACCTGAGCAACTG_022,137
TGAGGAGGACCATAGAAATG_001,15
TGAGGAGGACCATAGAAATG_002,101
TGAGGAGGACCATAGAAATG_003,127
TGAGGAGGACCATAGAAATG_004,48
TGAGGAGGACCATAGAAATG_005,134
TGAGGAGGACCATAGAAATG_006,83
TGAGGAGGACCATAGAAATG_007,50
TGAGGAGGACCATAGAAATG_008,2
TGAGGAGGACCATAGAAATG_009,0
TGAGGAGGACCATAGAAATG_010,4
TGAGGAGGACCATAGAAATG_011,138
TGAGGAGGACCATAGAAATG_012,168
TGAGGAGGACCATAGAAATG_013,169
TGGCAGGTAATCGAACATCA_001,169
TGGCAGGTAATCGAACATCA_002,107
TGGCAGGTAATCGAACATCA_003,127
TGGCAGGTAATCGAACATCA_004,148
TGGCAGGTAATCGAACATCA_005,158
AGGCATCTGGCAGATAACAT_001,176
AGGCATCTGGCAGATAACAT_002,27
AGGCATCTGGCAGATAACAT_003,105
AGGCATCTGGCAGATAACAT_004,96
AGGCATCTGGCAGATAACAT_005,57
AGGCATCTGGCAGATAACAT_006,170
AGGCATCTGGCAGATAACAT_007,151
AGGCATCTGGCAGATAACAT_008,105
AGGCATCTGGCAGATAACAT_009,82
AGGCATCTGGCAGATAACAT_010,177
GTGAGGACCATGCAAGCCCG_001,13
GTGAGGACCATGCAAGCCCG_002,13
GTGAGGACCATGCAAGCCCG_003,176
GTGAGGACCATGCAAGCCCG_004,8
GTGAGGACCATGCAAGCCCG_005,7
GTGAGGACCATGCAAGCCCG_006,103
GTGAGGACCATGCAAGCCCG_007,85
GTGAGGACCATGCAAGCCCG_008,129
GTGAGGACCATGCAAGCCCG_009,62
GTGAGGACCATGCAAGCCCG_010,134
GTGAGGACCATGCAAGCCCG_011,90
GTGAGGACCATGCAAGCCCG_012,168
GTGAGGACCATGCAAGCCCG_013,29
GTGAGGACCATGCAAGCCCG_014,166
GTGAGGACCATGCAAGCCCG_015,17
GTGAGGACCATGCAAGCCCG_016,103
GTGAGGACCATGCAAGCCCG_017,31
GTGAGGACCATGCAAGCCCG_018,83
GTGAGGACCATGCAAGCCCG_019,135
GTGAGGACCATGCAAGCCCG_020,83
GTGAGGACCATGCAAGCCCG_021,188
GTGAGGACCATGCAAGCCCG_022,157
GTGAGGACCATGCAAGCCCG_023,69
GTGAGGACCATGCAAGCCCG_024,158
GTGAGGACCATGCAAGCCCG_025,22
GTGAGGACCATGCAAGCCCG_026,117
GTGAGGACCATGCAAGCCCG_027,131
GTGAGGACCATGCAAGCCCG_028,34
GTGAGGACCATGCAAGCCCG_029,40
GTGAGGACCATGCAAGCCCG_030,115
GTGAGGACCATGCAAGCCCG_031,34
GTGAGGACCATGCAAGCCCG_032,43
GTGAGGACCATGCAAGCCCG_033,43
GTGAGGACCATGCAAGCCCG_034,34
GTGAGGACCATGCAAGCCCG_035,2
GTGAGGACCATGCAAGCCCG_036,129
TAAGGCTATAAATGCAGCAC_001,152
TAAGGCTATAAATGCAGCAC_002,178
TAAGGCTATAAATGCAGCAC_003,196
TAAGGCTATAAATGCAGCAC_004,60
TAAGGCTATAAATGCAGCAC_005,39
TAAGGCTATAAATGCAGCAC_006,35
TAAGGCTATAAATGCAGCAC_007,75
TAAGGCTATAAATGCAGCAC_008,118
CAGGAAGACCATCGCCACAC_001,62
CAGGAAGACCATCGCCACAC_002,6
CAGGAAGACCATCGCCACAC_003,178
CAGGAAGACCATCGCCACAC_004,16
CAGGAAGACCATCGCCACAC_005,33
CAGGAAGACCATCGCCACAC_006,98
CAGGAAGACCATCGCCACAC_007,145
CAGGAAGACCATCGCCACAC_008,123
CAGGAAGACCATCGCCACAC_009,140
CAGGAAGACCATCGCCACAC_010,89
CAGGAAGACCATCGCCACAC_011,34
CAGGAAGACCATCGCCACAC_012,194
CAGGAAGACCATCGCCACAC_013,49
CAGGAAGACCATCGCCACAC_014,14
CAGGAAGACCATCGCCACAC_015,145
CAGGAAGACCATCGCCACAC_016,78
CAGGAAGACCATCGCCACAC_017,116
CAGGAAGACCATCGCCACAC_018,9
CAGGAAGACCATCGCCACAC_019,9
GCATCAACCCGGCTGCCAAG_001,45
GCATCAACCCGGCTGCCAAG_002,77
GCATCAACCCGGCTGCCAAG_003,147
GCATCAACCCGGCTGCCAAG_004,175
GCATCAACCCGGCTGCCAAG_005,177
GCATCAACCCGGCTGCCAAG_006,51
GCATCAACCCGGCTGCCAAG_007,22
GCATCAACCCGGCTGCCAAG_008,144
GCATCAACCCGGCTGCCAAG_009,117
GCATCAACCCGGCTGCCAAG_010,162
GCATCAACCCGGCTGCCAAG_011,38
GCATCAACCCGGCTGCCAAG_012,184
GCATCAACCCGGCTGCCAAG_013,105
GCATCAACCCGGCTGCCAAG_014,160
GCATCAACCCGGCTGCCAAG_015,189
GCATCAACCCGGCTGCCAAG_016,76
GCATCAACCCGGCTGCCAAG_017,111
GCATCAACCCGGCTGCCAAG_018,167
GCATCAACCCGGCTGCCAAG_019,60
GCATCAACCCGGCTGCCAAG_020,17
GCATCAACCCGGCTGCCAAG_021,16
GCATCAACCCGGCTGCCAAG_022,160
GCATCAACCCGGCTGCCAAG_023,130
GCATCAACCCGGCTGCCAAG_024,45
GCATCAACCCGGCTGCCAAG_025,83
GCATCAACCCGGCTGCCAAG_026,52
GCATCAACCCGGCTGCCAAG_027,170
GCATCAACCCGGCTGCCAAG_028,111
GGACTCTGAGTGCCAAACCG_001,183
GGACTCTGAGTGCCAAACCG_002,9
GGACTCTGAGTGCCAAACCG_003,141
GGACTCTGAGTGCCAAACCG_004,44
GGACTCTGAGTGCCAAACCG_005,140
GGACTCTGAGTGCCAAACCG_006,149
GGACTCTGAGTGCCAAACCG_007,50
GGACTCTGAGTGCCAAACCG_008,106
GGACTCTGAGTGCCAAACCG_009,144
GGACTCTGAGTGCCAAACCG_010,41
GGACTCTGAGTGCCAAACCG_011,100
GGACTCTGAGTGCCAAACCG_012,127
GGACTCTGAGTGCCAAACCG_013,55
AACGGCTCCATTTACTACGT_001,134
AACGGCTCCATTTACTACGT_002,119
AACGGCTCCATTTACTACGT_003,11
AACGGCTCCATTTACTACGT_004,103
AACGGCTCCATTTACTACGT_005,21
AACGGCTCCATTTACTACGT_006,127
AACGGCTCCATTTACTACGT_007,73
AACGGCTCCATTTACTACGT_008,193
AACGGCTCCATTTACTACGT_009,105
AACGGCTCCATTTACTACGT_010,38
AACGGCTCCATTTACTACGT_011,69
AACGGCTCCATTTACTACGT_012,186
AACGGCTCCATTTACTACGT_013,109
AACGGCTCCATTTACTACGT_014,45
AACGGCTCCATTTACTACGT_015,109
AACGGCTCCATTTACTACGT_016,88
AACGGCTCCATTTACTACGT_017,17
AACGGCTCCATTTACTACGT_018,83
AACGGCTCCATTTACTACGT_019,11
AACGGCTCCATTTACTACGT_020,46
AACGGCTCCATTTACTACGT_021,46
GCTGACTGATACACTCCAAG_001,43
GCTGACTGATACACTCCAAG_002,113
GCTGACTGATACACTCCAAG_003,54
GCTGACTGATACACTCCAAG_004,132
CGATATGCTATGTCAAACTG_001,63
CGATATGCTATGTCAAACTG_002,57
CGATATGCTATGTCAAACTG_003,47
CGATATGCTATGTCAAACTG_004,21
AGCAATGCTGATGCTCCGGA_001,117
AGCAATGCTGATGCTCCGGA_002,48
AGCAATGCTGATGCTCCGGA_003,154
AGCAATGCTGATGCTCCGGA_004,185
AGCAATGCTGATGCTCCGGA_005,97
AGCAATGCTGATGCTCCGGA_006,161
AGCAATGCTGATGCTCCGGA_007,148
AGCAATGCTGATGCTCCGGA_008,20
AGCAATGCTGATGCTCCGGA_009,55
AGCAATGCTGATGCTCCGGA_010,1
AGCAATGCTGATGCTCCGGA_011,74
AGCAATGCTGATGCTCCGGA_012,160
AGCAATGCTGATGCTCCGGA_013,113
AGCAATGCTGATGCTCCGGA_014,9
AGCAATGCTGATGCTCCGGA_015,95
AGCAATGCTGATGCTCCGGA_016,145
AGCAATGCTGATGCTCCGGA_017,25
AGCAATGCTGATGCTCCGGA_018,0
AGCAATGCTGATGCTCCGGA_019,43
AGCAATGCTGATGCTCCGGA_020,142
AGCAATGCTGATGCTCCGGA_021,177
AGCAATGCTGATGCTCCGGA_022,126
AGCAATGCTGATGCTCCGGA_023,140
AGCAATGCTGATGCTCCGGA_024,176
AGCAATGCTGATGCTCCGGA_025,130
AGCAATGCTGATGCTCCGGA_026,67
AGCAATGCTGATGCTCCGGA_027,100
CACTCAAGTGAACAACTACT_001,137
CACTCAAGTGAACAACTACT_002,52
CACTCAAGTGAACAACTACT_003,11
CACTCAAGTGAACAACTACT_004,181
CACTCAAGTGAACAACTACT_005,25
CACTCAAGTGAACAACTACT_006,25
CACTCAAGTGAACAACTACT_007,127
CACTCAAGTGAACAACTACT_008,158
CACTCAAGTGAACAACTACT_009,89
CACTCAAGTGAACAACTACT_010,4
CACTCAAGTGAACAACTACT_011,158
CACTCAAGTGAACAACTACT_012,41
CACTCAAGTGAACAACTACT_013,106
CACTCAAGTGAACAACTACT_014,134
CACTCAAGTGAACAACTACT_015,29
CACTCAAGTGAACAACTACT_016,130
CACTCAAGTGAACAACTACT_017,48
CACTCAAGTGAACAACTACT_018,69
CACTCAAGTGAACAACTACT_019,114
CACTCAAGTGAACAACTACT_020,114
CACTCAAGTGAACAACTACT_021,35
TTAGAATATACAGAACACCA_001,32
TTAGAATATACAGAACACCA_002,175
TTAGAATATACAGAACACCA_003,34
TTAGAATATACAGAACACCA_004,69
TTAGAATATACAGAACACCA_005,143
TTAGAATATACAGAACACCA_006,5
TTAGAATATACAGAACACCA_007,29
TTAGAATATACAGAACACCA_008,2
ATAGTGGAGGAGAGTACCTG_001,83
ATAGTGGAGGAGAGTACCTG_002,53
ATAGTGGAGGAGAGTACCTG_003,52
ATAGTGGAGGAGAGTACCTG_004,191
ATAGTGGAGGAGAGTACCTG_005,62
ATAGTGGAGGAGAGTACCTG_006,9
ATAGTGGAGGAGAGTACCTG_007,184
ATAGTGGAGGAGAGTACCTG_008,42
ATAGTGGAGGAGAGTACCTG_009,15
ATAGTGGAGGAGAGTACCTG_010,146
ATAGTGGAGGAGAGTACCTG_011,86
ATAGTGGAGGAGAGTACCTG_012,170
ATAGTGGAGGAGAGTACCTG_013,184
ATAGTGGAGGAGAGTACCTG_014,103
ATAGTGGAGGAGAGTACCTG_015,145
ATAGTGGAGGAGAGTACCTG_016,58
ATAGTGGAGGAGAGTACCTG_017,181
ATAGTGGAGGAGAGTACCTG_018,181
ATAGTGGAGGAGAGTACCTG_019,122
ATAGTGGAGGAGAGTACCTG_020,11
ATAGTGGAGGAGAGTACCTG_021,28
ATAGTGGAGGAGAGTACCTG_022,148
ATAGTGGAGGAGAGTACCTG_023,56
ATAGTGGAGGAGAGTACCTG_024,144
ATAGTGGAGGAGAGTACCTG_025,183
ATAGTGGAGGAGAGTACCTG_026,15
ATAGTGGAGGAGAGTACCTG_027,27
ATAGTGGAGGAGAGTACCTG_028,151
ATAGTGGAGGAGAGTACCTG_029,115
ATAGTGGAGGAGAGTACCTG_030,134
ATAGTGGAGGAGAGTACCTG_031,9
ATAGTGGAGGAGAGTACCTG_032,150
ATAGTGGAGGAGAGTACCTG_033,145
ATAGTGGAGGAGAGTACCTG_034,48
ATAGTGGAGGAGAGTACCTG_035,42
ATAGTGGAGGAGAGTACCTG_036,138
ATAGTGGAGGAGAGTACCTG_037,169
ATAGTGGAGGAGAGTACCTG_038,191
ATAGTGGAGGAGAGTACCTG_039,172
ATAGTGGAGGAGAGTACCTG_040,165
ATAGTGGAGGAGAGTACCTG_041,166
ATAGTGGAGGAGAGTACCTG_042,62
ATAGTGGAGGAGAGTACCTG_043,172
ATAGTGGAGGAGAGTACCTG_044,46
ATAGTGGAGGAGAGTACCTG_045,26
TCAGTAGTGAACTTCACAGG_001,41
TCAGTAGTGAACTTCACAGG_002,75
TCAGTAGTGAACTTCACAGG_003,53
TCAGTAGTGAACTTCACAGG_004,195
TCAGTAGTGAACTTCACAGG_005,92
ATGGCGTCGGTGCAGCTGAA_001,91
ATGGCGTCGGTGCAGCTGAA_002,150
ATGGCGTCGGTGCAGCTGAA_003,185
ATGGCGTCGGTGCAGCTGAA_004,167
ATGGCGTCGGTGCAGCTGAA_005,33
ATGGCGTCGGTGCAGCTGAA_006,19
ATGGCGTCGGTGCAGCTGAA_007,84
ATGGCGTCGGTGCAGCTGAA_008,80
ATGGCGTCGGTGCAGCTGAA_009,80
ATGGCGTCGGTGCAGCTGAA_010,163
ATGGCGTCGGTGCAGCTGAA_011,129
ATGGCGTCGGTGCAGCTGAA_012,184
ATGGCGTCGGTGCAGCTGAA_013,84
AGTAGTTTCCGACGTACTGA_001,62
AGTAGTTTCCGACGTACTGA_002,137
AGTAGTTTCCGACGTACTGA_003,2
AGTAGTTTCCGACGTACTGA_004,148
AGTAGTTTCCGACGTACTGA_005,152
AGTAGTTTCCGACGTACTGA_006,98
AGTAGTTTCCGACGTACTGA_007,160
AGTAGTTTCCGACGTACTGA_008,48
AGTAGTTTCCGACGTACTGA_009,194
AGTAGTTTCCGACGTACTGA_010,115
AGTAGTTTCCGACGTACTGA_011,77
CCGACAGAAAATCCGGCCAG_001,151
CCGACAGAAAATCCGGCCAG_002,170
CCGACAGAAAATCCGGCCAG_003,77
CCGACAGAAAATCCGGCCAG_004,158
CCGACAGAAAATCCGGCCAG_005,168
CCGACAGAAAATCCGGCCAG_006,116
CCGACAGAAAATCCGGCCAG_007,119
CCGACAGAAAATCCGGCCAG_008,134
CCGACAGAAAATCCGGCCAG_009,178
CCGACAGAAAATCCGGCCAG_010,27
CCGACAGAAAATCCGGCCAG_011,58
CCGACAGAAAATCCGGCCAG_012,96
CCGACAGAAAATCCGGCCAG_013,188
CCGACAGAAAATCCGGCCAG_014,102
CCGACAGAAAATCCGGCCAG_015,148
GTTGTGCGCAAAGCTCAGGG_001,149
GTTGTGCGCAAAGCTCAGGG_002,188
GTTGTGCGCAAAGCTCAGGG_003,172
GTTGTGCGCAAAGCTCAGGG_004,14
GTTGTGCGCAAAGCTCAGGG_005,10
GTTGTGCGCAAAGCTCAGGG_006,81
GTTGTGCGCAAAGCTCAGGG_007,184
GTTGTGCGCAAAGCTCAGGG_008,150
GTTGTGCGCAAAGCTCAGGG_009,184
GTTGTGCGCAAAGCTCAGGG_010,147
GTTGTGCGCAAAGCTCAGGG_011,171
GTTGTGCGCAAAGCTCAGGG_012,106
GTTGTGCGCAAAGCTCAGGG_013,91
GTTGTGCGCAAAGCTCAGGG_014,193
GTTGTGCGCAAAGCTCAGGG_015,199
GATGATGACATTGTAGACGC_001,40
ACTGTCGGCGTGGCACACAA_001,46
ACTGTCGGCGTGGCACACAA_002,14
ACTGTCGGCGTGGCACACAA_003,28
ACTGTCGGCGTGGCACACAA_004,184
ACTGTCGGCGTGGCACACAA_005,105
ACTGTCGGCGTGGCACACAA_006,145
ACTGTCGGCGTGGCACACAA_007,190
ACTGTCGGCGTGGCACACAA_008,175
ACTGTCGGCGTGGCACACAA_009,19
ACTGTCGGCGTGGCACACAA_010,34
ACTGTCGGCGTGGCACACAA_011,84
ACTGTCGGCGTGGCACACAA_012,168
ACTGTCGGCGTGGCACACAA_013,56
ACTGTCGGCGTGGCACACAA_014,77
ACTGTCGGCGTGGCACACAA_015,153
ACTGTCGGCGTGGCACACAA_016,42
ACTGTCGGCGTGGCACACAA_017,119
ACTGTCGGCGTGGCACACAA_018,187
ACTGTCGGCGTGGCACACAA_019,176
ACTGTCGGCGTGGCACACAA_020,52
ACTGTCGGCGTGGCACACAA_021,33
ACTGTCGGCGTGGCACACAA_022,117
ACTGTCGGCGTGGCACACAA_023,20
ACTGTCGGCGTGGCACACAA_024,56
ACTGTCGGCGTGGCACACAA_025,105
ACTGTCGGCGTGGCACACAA_026,149
ACTGTCGGCGTGGCACACAA_027,188
ACTGTCGGCGTGGCACACAA_028,94
ACTGTCGGCGTGGCACACAA_029,145
ACTGTCGGCGTGGCACACAA_030,9
ACTGTCGGCGTGGCACACAA_031,38
ACTGTCGGCGTGGCACACAA_032,127
ACTGTCGGCGTGGCACACAA_033,184
ACTGTCGGCGTGGCACACAA_034,73
ACTGTCGGCGTGGCACACAA_035,81
ACTGTCGGCGTGGCACACAA_036,174
ACTGTCGGCGTGGCACACAA_037,198
ACTGTCGGCGTGGCACACAA_038,127
ACTGTCGGCGTGGCACACAA_039,76
ACTGTCGGCGTGGCACACAA_040,9
ACTGTCGGCGTGGCACACAA_041,165
GGGCACAGAGGGAACGGCGA_001,49
GGGCACAGAGGGAACGGCGA_002,27
GGGCACAGAGGGAACGGCGA_003,88
GGGCACAGAGGGAACGGCGA_004,169
GGGCACAGAGGGAACGGCGA_005,144
AGACCATGTTTACAGCTAGG_001,15
AGACCATGTTTACAGCTAGG_002,48
AGACCATGTTTACAGCTAGG_003,125
AGACCATGTTTACAGCTAGG_004,120
AGACCATGTTTACAGCTAGG_005,134
AGACCATGTTTACAGCTAGG_006,194
AGACCATGTTTACAGCTAGG_007,42
AGACCATGTTTACAGCTAGG_008,92
AGACCATGTTTACAGCTAGG_009,32
AGACCATGTTTACAGCTAGG_010,185
TCATCAGCTGCAGCTAGCCA_001,193
TCATCAGCTGCAGCTAGCCA_002,52
TCATCAGCTGCAGCTAGCCA_003,149
TCATCAGCTGCAGCTAGCCA_004,68
TCATCAGCTGCAGCTAGCCA_005,4
TCATCAGCTGCAGCTAGCCA_006,122
TCATCAGCTGCAGCTAGCCA_007,172
TCATCAGCTGCAGCTAGCCA_008,147
TGCCGAGTTCTCCTTCCATG_001,102
TGCCGAGTTCTCCTTCCATG_002,132
TGCCGAGTTCTCCTTCCATG_003,149
TGCCGAGTTCTCCTTCCATG_004,150
TGCCGAGTTCTCCTTCCATG_005,103
GGGAGACTTATAGTCCCCAG_001,15
GGGAGACTTATAGTCCCCAG_002,113
CCGTCGGACTTATGCCAGTG_001,131
CCGTCGGACTTATGCCAGTG_002,40
CCGTCGGACTTATGCCAGTG_003,146
CCGTCGGACTTATGCCAGTG_004,95
CCGTCGGACTTATGCCAGTG_005,23
CCGTCGGACTTATGCCAGTG_006,114
CCGTCGGACTTATGCCAGTG_007,124
CCGTCGGACTTATGCCAGTG_008,9
CCGTCGGACTTATGCCAGTG_009,156
CCGTCGGACTTATGCCAGTG_010,143
CCGTCGGACTTATGCCAGTG_011,188
TCCTGGCGGATCTCCACGTG_001,11
TCCTGGCGGATCTCCACGTG_002,132
TCCTGGCGGATCTCCACGTG_003,43
TCCTGGCGGATCTCCACGTG_004,81
TCCTGGCGGATCTCCACGTG_005,177
TCCTGGCGGATCTCCACGTG_006,44
TCCTGGCGGATCTCCACGTG_007,106
TCCTGGCGGATCTCCACGTG_008,165
TCCTGGCGGATCTCCACGTG_009,1
TCCTGGCGGATCTCCACGTG_010,97
TCCTGGCGGATCTCCACGTG_011,172
CCATTTCCCCAACCTATACG_001,169
CCATTTCCCCAACCTATACG_002,118
CCATTTCCCCAACCTATACG_003,0
CCATTTCCCCAACCTATACG_004,127
CCATTTCCCCAACCTATACG_005,29
CCATTTCCCCAACCTATACG_006,84
CCATTTCCCCAACCTATACG_007,4
CCATTTCCCCAACCTATACG_008,119
CCATTTCCCCAACCTATACG_009,62
CCATTTCCCCAACCTATACG_010,75
CCATTTCCCCAACCTATACG_011,139
CCATTTCCCCAACCTATACG_012,97
CCATTTCCCCAACCTATACG_013,6
CCATTTCCCCAACCTATACG_014,160
CCATTTCCCCAACCTATACG_015,170
CCATTTCCCCAACCTATACG_016,108
CCATTTCCCCAACCTATACG_017,49
CCATTTCCCCAACCTATACG_018,70
CCATTTCCCCAACCTATACG_019,91
CCATTTCCCCAACCTATACG_020,104
CCATTTCCCCAACCTATACG_021,175
CTTACCGTGGACCTTACTGG_001,6
CTTACCGTGGACCTTACTGG_002,64
CTTACCGTGGACCTTACTGG_003,191
CTTACCGTGGACCTTACTGG_004,166
CTTACCGTGGACCTTACTGG_005,90
CTTACCGTGGACCTTACTGG_006,7
CTTACCGTGGACCTTACTGG_007,169
CTTACCGTGGACCTTACTGG_008,144
CTTACCGTGGACCTTACTGG_009,149
CTTACCGTGGACCTTACTGG_010,182
CTTACCGTGGACCTTACTGG_011,181
CTTACCGTGGACCTTACTGG_012,147
CTTACCGTGGACCTTACTGG_013,147
CTTACCGTGGACCTTACTGG_014,56
CTTACCGTGGACCTTACTGG_015,81
CTTACCGTGGACCTTACTGG_016,197
CTTACCGTGGACCTTACTGG_017,2
CTTACCGTGGACCTTACTGG_018,134
CTTACCGTGGACCTTACTGG_019,82
CTTACCGTGGACCTTACTGG_020,181
CTTACCGTGGACCTTACTGG_021,63
GGCATGAACCATGACGGCGT_001,163
GGCATGAACCATGACGGCGT_002,81
AACCGGCAGTCGTAATAGGC_001,76
AACCGGCAGTCGTAATAGGC_002,70
AACCGGCAGTCGTAATAGGC_003,125
AACCGGCAGTCGTAATAGGC_004,108
AACCGGCAGTCGTAATAGGC_005,19
AACCGGCAGTCGTAATAGGC_006,39
AACCGGCAGTCGTAATAGGC_007,157
AACCGGCAGTCGTAATAGGC_008,10
AATGTGCTAATAGACACACC_001,144
AATGTGCTAATAGACACACC_002,174
AATGTGCTAATAGACACACC_003,174
TCCGGCGAGGCGTCTTCGCG_001,101
TCCGGCGAGGCGTCTTCGCG_002,82
TCCGGCGAGGCGTCTTCGCG_003,95
TCCGGCGAGGCGTCTTCGCG_004,182
TCCGGCGAGGCGTCTTCGCG_005,48
TCCGGCGAGGCGTCTTCGCG_006,198
TCCGGCGAGGCGTCTTCGCG_007,176
TCCGGCGAGGCGTCTTCGCG_008,67
TCCGGCGAGGCGTCTTCGCG_009,144
TCCGGCGAGGCGTCTTCGCG_010,174
TCCGGCGAGGCGTCTTCGCG_011,126
TCCGGCGAGGCGTCTTCGCG_012,56
ACAGCAATAATTCATATGCA_001,177
ACAGCAATAATTCATATGCA_002,116
ACAGCAATAATTCATATGCA_003,137
ACAGCAATAATTCATATGCA_004,165
ACAGCAATAATTCATATGCA_005,26
ACAGCAATAATTCATATGCA_006,105
AAATAAAAGAAATCCGCCCA_001,3
AAATAAAAGAAATCCGCCCA_002,12
AAATAAAAGAAATCCGCCCA_003,170
AAATAAAAGAAATCCGCCCA_004,145
AAATAAAAGAAATCCGCCCA_005,19
AAATAAAAGAAATCCGCCCA_006,56
AAATAAAAGAAATCCGCCCA_007,81
AAATAAAAGAAATCCGCCCA_008,177
ACTAGTAGGTCAAGGATCCA_001,8
ACTAGTAGGTCAAGGATCCA_002,115
ACTAGTAGGTCAAGGATCCA_003,172
ACTAGTAGGTCAAGGATCCA_004,138
ACTAGTAGGTCAAGGATCCA_005,39
ACTAGTAGGTCAAGGATCCA_006,49
ACTAGTAGGTCAAGGATCCA_007,150
ACTAGTAGGTCAAGGATCCA_008,50
ACTAGTAGGTCAAGGATCCA_009,68
ACTAGTAGGTCAAGGATCCA_010,15
ACTAGTAGGTCAAGGATCCA_011,105
ACTAGTAGGTCAAGGATCCA_012,151
ACTAGTAGGTCAAGGATCCA_013,94
CCCACGTGCTGAATAACGGA_001,81
GGTGCCAGGCAGATACTACA_001,105
GGTGCCAGGCAGATACTACA_002,170
GGTGCCAGGCAGATACTACA_003,29
GGTGCCAGGCAGATACTACA_004,17
GGTGCCAGGCAGATACTACA_005,78
GGTGCCAGGCAGATACTACA_006,169
GGTGCCAGGCAGATACTACA_007,33
GGTGCCAGGCAGATACTACA_008,101
TGTCTCCACAGATTTACACA_001,17
TGTCTCCACAGATTTACACA_002,146
TGTCTCCACAGATTTACACA_003,108
TGTCTCCACAGATTTACACA_004,56
CATGTGGGATAGAAACAACC_001,162
AGTACAGCTCCAATGGCCAG_001,187
AGTACAGCTCCAATGGCCAG_002,54
AGTACAGCTCCAATGGCCAG_003,40
AGTACAGCTCCAATGGCCAG_004,96
AGTACAGCTCCAATGGCCAG_005,76
AGTACAGCTCCAATGGCCAG_006,16
AGTACAGCTCCAATGGCCAG_007,33
AGTACAGCTCCAATGGCCAG_008,126
AGTACAGCTCCAATGGCCAG_009,7
AGTACAGCTCCAATGGCCAG_010,199
AGTACAGCTCCAATGGCCAG_011,102
AGTACAGCTCCAATGGCCAG_012,170
AGTACAGCTCCAATGGCCAG_013,150
AGTACAGCTCCAATGGCCAG_014,63
AGTACAGCTCCAATGGCCAG_015,184
CCGGACTGGAACCGTCTGAG_001,161
CCGGACTGGAACCGTCTGAG_002,187
CCGGACTGGAACCGTCTGAG_003,50
CCGGACTGGAACCGTCTGAG_004,49
CCGGACTGGAACCGTCTGAG_005,198
TAGGCGTGGTGGAGCCACGG_001,157
TAGGCGTGGTGGAGCCACGG_002,162
TAGGCGTGGTGGAGCCACGG_003,184
GGGGAGCGGCAAGTCCGACG_001,2
GGGGAGCGGCAAGTCCGACG_002,122
GGGGAGCGGCAAGTCCGACG_003,96
GGGGAGCGGCAAGTCCGACG_004,51
GGGGAGCGGCAAGTCCGACG_005,17
ATGTATAATCGAAAGCCAGT_001,62
ATGTATAATCGAAAGCCAGT_002,41
ATGTATAATCGAAAGCCAGT_003,169
ATGTATAATCGAAAGCCAGT_004,16
ATGTATAATCGAAAGCCAGT_005,169
ATGTATAATCGAAAGCCAGT_006,44
ATGTATAATCGAAAGCCAGT_007,68
ATGTATAATCGAAAGCCAGT_008,117
ATGTATAATCGAAAGCCAGT_009,53
ATGTATAATCGAAAGCCAGT_010,49
ATGTATAATCGAAAGCCAGT_011,178
ATGTATAATCGAAAGCCAGT_012,91
TTTAAGGAAACGCTATCTTG_001,71
TTTAAGGAAACGCTATCTTG_002,179
TTTAAGGAAACGCTATCTTG_003,15
TTTAAGGAAACGCTATCTTG_004,161
GTATCAGTTCATTTAGTACG_001,19
GTATCAGTTCATTTAGTACG_002,190
GTATCAGTTCATTTAGTACG_003,169
CAACGGGTTCTCCCGGCTAC_001,2
CAACGGGTTCTCCCGGCTAC_002,148
CAACGGGTTCTCCCGGCTAC_003,23
CAACGGGTTCTCCCGGCTAC_004,162
CAACGGGTTCTCCCGGCTAC_005,113
TGCTGGGCTACCACACAATG_001,70
TGCTGGGCTACCACACAATG_002,17
TGCTGGGCTACCACACAATG_003,19
TGCTGGGCTACCACACAATG_004,191
TGCTGGGCTACCACACAATG_005,197
TGCTGGGCTACCACACAATG_006,115
TGCTGGGCTACCACACAATG_007,98
TTGAGTCACATTGTTCATCG_001,28
TTGAGTCACATTGTTCATCG_002,70
TTGAGTCACATTGTTCATCG_003,156
TTGAGTCACATTGTTCATCG_004,194
TTGAGTCACATTGTTCATCG_005,6
TTGAGTCACATTGTTCATCG_006,81
TTGAGTCACATTGTTCATCG_007,126
TTGAGTCACATTGTTCATCG_008,128
TTGAGTCACATTGTTCATCG_009,17
TTGAGTCACATTGTTCATCG_010,175
TTGAGTCACATTGTTCATCG_011,19
TTGAGTCACATTGTTCATCG_012,65
TTGAGTCACATTGTTCATCG_013,178
ACGTGGAGTGAGTCTAGGAG_001,127
ACGTGGAGTGAGTCTAGGAG_002,13
ACGTGGAGTGAGTCTAGGAG_003,170
ACGTGGAGTGAGTCTAGGAG_004,69
ACGTGGAGTGAGTCTAGGAG_005,99
ACGTGGAGTGAGTCTAGGAG_006,13
GTACCTTTAGGGTTAGCAAG_001,113
GTACCTTTAGGGTTAGCAAG_002,121
GTACCTTTAGGGTTAGCAAG_003,34
GTACCTTTAGGGTTAGCAAG_004,31
GTACCTTTAGGGTTAGCAAG_005,13
GAAAAATTATGTGAATGACT_001,158
TAGAACTCAAATTTACCCTG_001,77
TAGAACTCAAATTTACCCTG_002,73
TAGAACTCAAATTTACCCTG_003,35
TAGAACTCAAATTTACCCTG_004,22
TAGAACTCAAATTTACCCTG_005,5
TAGAACTCAAATTTACCCTG_006,2
TAGAACTCAAATTTACCCTG_007,37
TAGAACTCAAATTTACCCTG_008,83
CAGAACGAAGATAGCCAGGG_001,47
CAGAACGAAGATAGCCAGGG_002,137
CAGAACGAAGATAGCCAGGG_003,62
CAGAACGAAGATAGCCAGGG_004,62
CAGAACGAAGATAGCCAGGG_005,172
CAGAACGAAGATAGCCAGGG_006,182
CAGAACGAAGATAGCCAGGG_007,52
CAGAACGAAGATAGCCAGGG_008,43
CAGAACGAAGATAGCCAGGG_009,6
CAGAACGAAGATAGCCAGGG_010,163
CAGAACGAAGATAGCCAGGG_011,192
CAGAACGAAGATAGCCAGGG_012,137
CAGAACGAAGATAGCCAGGG_013,144
CAGAACGAAGATAGCCAGGG_014,166
CAGAACGAAGATAGCCAGGG_015,17
CAGAACGAAGATAGCCAGGG_016,76
CAGAACGAAGATAGCCAGGG_017,178
CAGAACGAAGATAGCCAGGG_018,12
CAGAACGAAGATAGCCAGGG_019,184
CAGAACGAAGATAGCCAGGG_020,29
CAGAACGAAGATAGCCAGGG_021,4
CAGAACGAAGATAGCCAGGG_022,157
CAGAACGAAGATAGCCAGGG_023,31
CAGAACGAAGATAGCCAGGG_024,188
CAGAACGAAGATAGCCAGGG_025,80
CAGAACGAAGATAGCCAGGG_026,141
CAGAACGAAGATAGCCAGGG_027,180
CAGAACGAAGATAGCCAGGG_028,36
CAGAACGAAGATAGCCAGGG_029,84
GAAGTGGCGGCCGTCCATTG_001,189
GAAGTGGCGGCCGTCCATTG_002,34
GAAGTGGCGGCCGTCCATTG_003,94
GAAGTGGCGGCCGTCCATTG_004,48
GAAGTGGCGGCCGTCCATTG_005,96
GAAGTGGCGGCCGTCCATTG_006,58
GAAGTGGCGGCCGTCCATTG_007,173
GAAGTGGCGGCCGTCCATTG_008,86
GAAGTGGCGGCCGTCCATTG_009,59
GAAGTGGCGGCCGTCCATTG_010,144
GAAGTGGCGGCCGTCCATTG_011,56
GAAGTGGCGGCCGTCCATTG_012,91
GAAGTGGCGGCCGTCCATTG_013,91
GAAGTGGCGGCCGTCCATTG_014,171
GAAGTGGCGGCCGTCCATTG_015,22
GAAGTGGCGGCCGTCCATTG_016,119
GAAGTGGCGGCCGTCCATTG_017,172
GAAGTGGCGGCCGTCCATTG_018,52
GTCCAGGCTTCTGATCTACG_001,127
GTCCAGGCTTCTGATCTACG_002,176
GTCCAGGCTTCTGATCTACG_003,162
GTCCAGGCTTCTGATCTACG_004,69
GTCCAGGCTTCTGATCTACG_005,136
GTCCAGGCTTCTGATCTACG_006,52
GTCCAGGCTTCTGATCTACG_007,38
GTCCAGGCTTCTGATCTACG_008,112
GTCCAGGCTTCTGATCTACG_009,56
GTCCAGGCTTCTGATCTACG_010,174
GTCCAGGCTTCTGATCTACG_011,12
GTCCAGGCTTCTGATCTACG_012,199
GTCCAGGCTTCTGATCTACG_013,103
GTCCAGGCTTCTGATCTACG_014,128
GTCCAGGCTTCTGATCTACG_015,23
GTCCAGGCTTCTGATCTACG_016,13
GTCCAGGCTTCTGATCTACG_017,46
GGATCACGTTACCGACGCGT_001,5
GGATCACGTTACCGACGCGT_002,160
GGATCACGTTACCGACGCGT_003,62
GGATCACGTTACCGACGCGT_004,160
GGATCACGTTACCGACGCGT_005,3
GGATCACGTTACCGACGCGT_006,115
GGATCACGTTACCGACGCGT_007,162
GGATCACGTTACCGACGCGT_008,171
GGATCACGTTACCGACGCGT_009,93
GGATCACGTTACCGACGCGT_010,142
GGATCACGTTACCGACGCGT_011,46
GGATCACGTTACCGACGCGT_012,142
GGATCACGTTACCGACGCGT_013,2
GGATCACGTTACCGACGCGT_014,95
TGCTGACTGTAATCAAAGCG_001,73
TGCTGACTGTAATCAAAGCG_002,9
TGCTGACTGTAATCAAAGCG_003,129
TGCTGACTGTAATCAAAGCG_004,27
TGCTGACTGTAATCAAAGCG_005,113
TGCTGACTGTAATCAAAGCG_006,155
TGCTGACTGTAATCAAAGCG_007,45
TGCTGACTGTAATCAAAGCG_008,47
TGCTGACTGTAATCAAAGCG_009,47
TGCTGACTGTAATCAAAGCG_010,178
TGCTGACTGTAATCAAAGCG_011,148
CCAAGGTGGGACCCAACTCG_001,113
CCAAGGTGGGACCCAACTCG_002,67
CCAAGGTGGGACCCAACTCG_003,100
CCAAGGTGGGACCCAACTCG_004,11
CCAAGGTGGGACCCAACTCG_005,141
CCAAGGTGGGACCCAACTCG_006,102
CCAAGGTGGGACCCAACTCG_007,182
CCAAGGTGGGACCCAACTCG_008,157
CCAAGGTGGGACCCAACTCG_009,98
CCAAGGTGGGACCCAACTCG_010,50
CCAAGGTGGGACCCAACTCG_011,4
CCAAGGTGGGACCCAACTCG_012,41
CCAAGGTGGGACCCAACTCG_013,158
CCAAGGTGGGACCCAACTCG_014,168
CCAAGGTGGGACCCAACTCG_015,12
CCAAGGTGGGACCCAACTCG_016,150
CCAAGGTGGGACCCAACTCG_017,114
CCAAGGTGGGACCCAACTCG_018,93
CCAAGGTGGGACCCAACTCG_019,177
CCAAGGTGGGACCCAACTCG_020,13
AACCCATTGTAAGAGAGTCA_001,118
AACCCATTGTAAGAGAGTCA_002,118
AACCCATTGTAAGAGAGTCA_003,12
AACCCATTGTAAGAGAGTCA_004,142
AACCCATTGTAAGAGAGTCA_005,16
AACCCATTGTAAGAGAGTCA_006,71
AACCCATTGTAAGAGAGTCA_007,4
AACCCATTGTAAGAGAGTCA_008,69
AACCCATTGTAAGAGAGTCA_009,63
ACCATCTCGAGACATCCCTA_001,145
ACCATCTCGAGACATCCCTA_002,169
ACCATCTCGAGACATCCCTA_003,88
ACCATCTCGAGACATCCCTA_004,150
ACCATCTCGAGACATCCCTA_005,197
ACCATCTCGAGACATCCCTA_006,60
ACCATCTCGAGACATCCCTA_007,9
ACCATCTCGAGACATCCCTA_008,48
ACCATCTCGAGACATCCCTA_009,169
ACCATCTCGAGACATCCCTA_010,71
ACCATCTCGAGACATCCCTA_011,130
ACCATCTCGAGACATCCCTA_012,64
ACCATCTCGAGACATCCCTA_013,191
ACCATCTCGAGACATCCCTA_014,77
ACCATCTCGAGACATCCCTA_015,149
ACCATCTCGAGACATCCCTA_016,47
ACCATCTCGAGACATCCCTA_017,1
ACCATCTCGAGACATCCCTA_018,188
ACCATCTCGAGACATCCCTA_019,107
ACCATCTCGAGACATCCCTA_020,160
ACCATCTCGAGACATCCCTA_021,61
ACCATCTCGAGACATCCCTA_022,156
ACCATCTCGAGACATCCCTA_023,28
ACCATCTCGAGACATCCCTA_024,141
ACCATCTCGAGACATCCCTA_025,111
ACCATCTCGAGACATCCCTA_026,130
ACTGCGCGCAAGTCAACGGG_001,92
ACTGCGCGCAAGTCAACGGG_002,144
ACTGCGCGCAAGTCAACGGG_003,94
ACTGCGCGCAAGTCAACGGG_004,121
ACTGCGCGCAAGTCAACGGG_005,28
ACTGCGCGCAAGTCAACGGG_006,174
ACTGCGCGCAAGTCAACGGG_007,121
ACTGCGCGCAAGTCAACGGG_008,179
ACTGCGCGCAAGTCAACGGG_009,52
ACTGCGCGCAAGTCAACGGG_010,189
ACTGCGCGCAAGTCAACGGG_011,81
ACTGCGCGCAAGTCAACGGG_012,165
ACTGCGCGCAAGTCAACGGG_013,154
ACTGCGCGCAAGTCAACGGG_014,49
ACTGCGCGCAAGTCAACGGG_015,6
ACTGCGCGCAAGTCAACGGG_016,166
ACTGCGCGCAAGTCAACGGG_017,40
ACTGCGCGCAAGTCAACGGG_018,44
ACTGCGCGCAAGTCAACGGG_019,141
ACTGCGCGCAAGTCAACGGG_020,3
ACTGCGCGCAAGTCAACGGG_021,123
ACTGCGCGCAAGTCAACGGG_022,94
ACTGCGCGCAAGTCAACGGG_023,31
ACTGCGCGCAAGTCAACGGG_024,199
AGATGCCGAAGGGGTATCGG_001,160
AGATGCCGAAGGGGTATCGG_002,59
AGATGCCGAAGGGGTATCGG_003,8
AGATGCCGAAGGGGTATCGG_004,119
AGATGCCGAAGGGGTATCGG_005,184
AGATGCCGAAGGGGTATCGG_006,19
AGATGCCGAAGGGGTATCGG_007,185
AGATGCCGAAGGGGTATCGG_008,144
AGATGCCGAAGGGGTATCGG_009,181
AGATGCCGAAGGGGTATCGG_010,54
AGATGCCGAAGGGGTATCGG_011,30
GAACAGTCTGGCAAGAACCA_001,61
GAACAGTCTGGCAAGAACCA_002,162
GAACAGTCTGGCAAGAACCA_003,134
GAACAGTCTGGCAAGAACCA_004,46
GAACAGTCTGGCAAGAACCA_005,113
GAACAGTCTGGCAAGAACCA_006,150
AGCAACATGGCAGATGACAT_001,191
AGCAACATGGCAGATGACAT_002,80
AGCAACATGGCAGATGACAT_003,29
AGCAACATGGCAGATGACAT_004,130
AGCAACATGGCAGATGACAT_005,77
AGCAACATGGCAGATGACAT_006,172
AGCAACATGGCAGATGACAT_007,107
AGCAACATGGCAGATGACAT_008,190
AGCAACATGGCAGATGACAT_009,73
AGCAACATGGCAGATGACAT_010,117
AGCAACATGGCAGATGACAT_011,120
AGCAACATGGCAGATGACAT_012,81
AGCAACATGGCAGATGACAT_013,49
AGCAACATGGCAGATGACAT_014,50
AGCAACATGGCAGATGACAT_015,2
AGCAACATGGCAGATGACAT_016,188
AGCAACATGGCAGATGACAT_017,190
AGCAACATGGCAGATGACAT_018,80
AGCAACATGGCAGATGACAT_019,156
AGCAACATGGCAGATGACAT_020,176
AGCAACATGGCAGATGACAT_021,143
AGCAACATGGCAGATGACAT_022,152
AGCAACATGGCAGATGACAT_023,197
ACCACATACAGCAAGCCCAA_001,188
ACCACATACAGCAAGCCCAA_002,166
ACCACATACAGCAAGCCCAA_003,29
ACCACATACAGCAAGCCCAA_004,96
ACCACATACAGCAAGCCCAA_005,27
ACCACATACAGCAAGCCCAA_006,29
ACCACATACAGCAAGCCCAA_007,184
ACCACATACAGCAAGCCCAA_008,45
ACCACATACAGCAAGCCCAA_009,141
ACCACATACAGCAAGCCCAA_010,9
ACCACATACAGCAAGCCCAA_011,38
AGGTAGGGCTCATATTTGGG_001,85
AGGTAGGGCTCATATTTGGG_002,70
AGGTAGGGCTCATATTTGGG_003,184
AGGTAGGGCTCATATTTGGG_004,184
AGGTAGGGCTCATATTTGGG_005,199
AGGTAGGGCTCATATTTGGG_006,94
AGGTAGGGCTCATATTTGGG_007,98
CCTAAGGTCTTGAAACGGGT_001,25
CCTAAGGTCTTGAAACGGGT_002,25
CCTAAGGTCTTGAAACGGGT_003,93
CCTAAGGTCTTGAAACGGGT_004,93
CCTAAGGTCTTGAAACGGGT_005,182
CCTAAGGTCTTGAAACGGGT_006,41
CCTAAGGTCTTGAAACGGGT_007,101
CCTAAGGTCTTGAAACGGGT_008,134
CCTAAGGTCTTGAAACGGGT_009,73
CCTAAGGTCTTGAAACGGGT_010,128
CCTAAGGTCTTGAAACGGGT_011,11
CCTAAGGTCTTGAAACGGGT_012,67
CCTAAGGTCTTGAAACGGGT_013,50
CTAGGGCAGCAATTGAAGAG_001,169
CTAGGGCAGCAATTGAAGAG_002,38
CTAGGGCAGCAATTGAAGAG_003,66
CTAGGGCAGCAATTGAAGAG_004,54
CTAGGGCAGCAATTGAAGAG_005,27
CTAGGGCAGCAATTGAAGAG_006,157
CTAGGGCAGCAATTGAAGAG_007,17
CTAGGGCAGCAATTGAAGAG_008,55
CTAGGGCAGCAATTGAAGAG_009,11
CTAGGGCAGCAATTGAAGAG_010,20
CTAGGGCAGCAATTGAAGAG_011,87
CTAGGGCAGCAATTGAAGAG_012,72
CTAGGGCAGCAATTGAAGAG_013,4
GTTCCGTTCACGGTTCACCA_001,64
GTTCCGTTCACGGTTCACCA_002,41
GTTCCGTTCACGGTTCACCA_003,136
GTTCCGTTCACGGTTCACCA_004,48
GTTCCGTTCACGGTTCACCA_005,146
GTTCCGTTCACGGTTCACCA_006,175
GTTCCGTTCACGGTTCACCA_007,156
GTTCCGTTCACGGTTCACCA_008,76
GTTCCGTTCACGGTTCACCA_009,137
GTTCCGTTCACGGTTCACCA_010,48
GTTCCGTTCACGGTTCACCA_011,129
GTTCCGTTCACGGTTCACCA_012,38
GTTCCGTTCACGGTTCACCA_013,102
GTTCCGTTCACGGTTCACCA_014,188
GTTCCGTTCACGGTTCACCA_015,103
GTTCCGTTCACGGTTCACCA_016,137
GTTCCGTTCACGGTTCACCA_017,150
GTTCCGTTCACGGTTCACCA_018,73
GTTCCGTTCACGGTTCACCA_019,156
GTTCCGTTCACGGTTCACCA_020,48
GTTCCGTTCACGGTTCACCA_021,115
GTTCCGTTCACGGTTCACCA_022,92
GTTCCGTTCACGGTTCACCA_023,113
GTTCCGTTCACGGTTCACCA_024,191
GTTCCGTTCACGGTTCACCA_025,180
GTTCCGTTCACGGTTCACCA_026,28
GTTCCGTTCACGGTTCACCA_027,138
GTTCCGTTCACGGTTCACCA_028,142
AGAAGTGAAGATGACGCGCA_001,14
AGAAGTGAAGATGACGCGCA_002,116
AGAAGTGAAGATGACGCGCA_003,90
AGAAGTGAAGATGACGCGCA_004,105
AGAAGTGAAGATGACGCGCA_005,187
AGAAGTGAAGATGACGCGCA_006,33
GGCAGGTTCTGATGTACACA_001,127
GGCAGGTTCTGATGTACACA_002,181
GGCAGGTTCTGATGTACACA_003,198
GGCAGGTTCTGATGTACACA_004,134
GGCAGGTTCTGATGTACACA_005,35
GGCAGGTTCTGATGTACACA_006,160
GGCAGGTTCTGATGTACACA_007,30
GGCAGGTTCTGATGTACACA_008,130
GGCAGGTTCTGATGTACACA_009,151
GGCAGGTTCTGATGTACACA_010,70
GGCAGGTTCTGATGTACACA_011,84
GGCAGGTTCTGATGTACACA_012,155
GGCAGGTTCTGATGTACACA_013,99
GGCAGGTTCTGATGTACACA_014,176
GGCAGGTTCTGATGTACACA_015,134
GGCAGGTTCTGATGTACACA_016,63
GGCAGGTTCTGATGTACACA_017,138
GGCAGGTTCTGATGTACACA_018,66
GGCAGGTTCTGATGTACACA_019,0
GGCAGGTTCTGATGTACACA_020,78
ATGCGCGCGTACAGACCCAG_001,120
ATGCGCGCGTACAGACCCAG_002,33
ATGCGCGCGTACAGACCCAG_003,66
ATGCGCGCGTACAGACCCAG_004,19
ATGCGCGCGTACAGACCCAG_005,117
ATGCGCGCGTACAGACCCAG_006,17
ATGCGCGCGTACAGACCCAG_007,50
ATGCGCGCGTACAGACCCAG_008,163
ATGCGCGCGTACAGACCCAG_009,58
ATGCGCGCGTACAGACCCAG_010,49
ATGCGCGCGTACAGACCCAG_011,194
ATGCGCGCGTACAGACCCAG_012,80
ATGCGCGCGTACAGACCCAG_013,149
ATGCGCGCGTACAGACCCAG_014,198
ATGCGCGCGTACAGACCCAG_015,158
ATGCGCGCGTACAGACCCAG_016,48
ATGCGCGCGTACAGACCCAG_017,4
ATGCGCGCGTACAGACCCAG_018,140
ATGCGCGCGTACAGACCCAG_019,140
ATGCGCGCGTACAGACCCAG_020,28
ATGCGCGCGTACAGACCCAG_021,164
ATGCGCGCGTACAGACCCAG_022,36
ATGCGCGCGTACAGACCCAG_023,194
ATGCGCGCGTACAGACCCAG_024,127
ATGCGCGCGTACAGACCCAG_025,196
ATGCGCGCGTACAGACCCAG_026,80
ATGCGCGCGTACAGACCCAG_027,70
ATGCGCGCGTACAGACCCAG_028,102
ATGCGCGCGTACAGACCCAG_029,160
ATGCGCGCGTACAGACCCAG_030,41
ATGCGCGCGTACAGACCCAG_031,161
TGGCAGTACGGGCCCTGCAC_001,105
TGGCAGTACGGGCCCTGCAC_002,63
TGGCAGTACGGGCCCTGCAC_003,74
TGGCAGTACGGGCCCTGCAC_004,126
TGGCAGTACGGGCCCTGCAC_005,198
TGGCAGTACGGGCCCTGCAC_006,143
TGGCAGTACGGGCCCTGCAC_007,185
TGGCAGTACGGGCCCTGCAC_008,48
TGGCAGTACGGGCCCTGCAC_009,50
AATCCCAACCAAGATGCGAG_001,171
AATCCCAACCAAGATGCGAG_002,62
AATCCCAACCAAGATGCGAG_003,60
AATCCCAACCAAGATGCGAG_004,70
AATCCCAACCAAGATGCGAG_005,169
AATCCCAACCAAGATGCGAG_006,155
AATCCCAACCAAGATGCGAG_007,177
AATCCCAACCAAGATGCGAG_008,25
AATCCCAACCAAGATGCGAG_009,136
AATCCCAACCAAGATGCGAG_010,33
AATCCCAACCAAGATGCGAG_011,22
AATCCCAACCAAGATGCGAG_012,198
AATCCCAACCAAGATGCGAG_013,63
AATCCCAACCAAGATGCGAG_014,31
TGGGGTTCTAGGGAACCACT_001,27
TGGGGTTCTAGGGAACCACT_002,42
TGGGGTTCTAGGGAACCACT_003,5
TGGGGTTCTAGGGAACCACT_004,140
AATACTAACCTTGAACCGAC_001,17
AATACTAACCTTGAACCGAC_002,70
AATACTAACCTTGAACCGAC_003,83
AATACTAACCTTGAACCGAC_004,67
AATACTAACCTTGAACCGAC_005,120
AATACTAACCTTGAACCGAC_006,20
AATACTAACCTTGAACCGAC_007,23
CAGTATGCAAAGGACACTTG_001,188
CAGTATGCAAAGGACACTTG_002,64
CAGTATGCAAAGGACACTTG_003,47
CAGTATGCAAAGGACACTTG_004,137
CAGTATGCAAAGGACACTTG_005,38
CAGTATGCAAAGGACACTTG_006,76
CAGTATGCAAAGGACACTTG_007,2
CAGTATGCAAAGGACACTTG_008,127
CAGTATGCAAAGGACACTTG_009,194
CAGTATGCAAAGGACACTTG_010,19
CAGTATGCAAAGGACACTTG_011,19
AATCGGTAGTTGTGTTCCAG_001,171
AATCGGTAGTTGTGTTCCAG_002,176
AATCGGTAGTTGTGTTCCAG_003,15
AATCGGTAGTTGTGTTCCAG_004,169
AATCGGTAGTTGTGTTCCAG_005,108
AATCGGTAGTTGTGTTCCAG_006,132
AATCGGTAGTTGTGTTCCAG_007,48
AATCGGTAGTTGTGTTCCAG_008,94
AATCGGTAGTTGTGTTCCAG_009,103
CATTGCCGTCTACAACTCCG_001,8
CATTGCCGTCTACAACTCCG_002,142
CATTGCCGTCTACAACTCCG_003,74
CATTGCCGTCTACAACTCCG_004,78
CATTGCCGTCTACAACTCCG_005,177
CATTGCCGTCTACAACTCCG_006,74
ACGGGGAACCCCTACACCAA_001,130
ACGGGGAACCCCTACACCAA_002,178
ACGGGGAACCCCTACACCAA_003,78
ACGGGGAACCCCTACACCAA_004,54
ACGGGGAACCCCTACACCAA_005,33
ACGGGGAACCCCTACACCAA_006,61
ACGGGGAACCCCTACACCAA_007,68
ACGGGGAACCCCTACACCAA_008,29
ACGGGGAACCCCTACACCAA_009,97
ACGGGGAACCCCTACACCAA_010,158
ACGGGGAACCCCTACACCAA_011,54
ACGGGGAACCCCTACACCAA_012,115
ACGGGGAACCCCTACACCAA_013,82
ACGGGGAACCCCTACACCAA_014,170
ACGGGGAACCCCTACACCAA_015,39
ACGGGGAACCCCTACACCAA_016,160
ACGGGGAACCCCTACACCAA_017,161
ACGGGGAACCCCTACACCAA_018,109
ACGGGGAACCCCTACACCAA_019,168
ACGGGGAACCCCTACACCAA_020,69
CCACACCTGTCTAGCATGAC_001,77
CCACACCTGTCTAGCATGAC_002,104
CCACACCTGTCTAGCATGAC_003,122
CCACACCTGTCTAGCATGAC_004,181
CCACACCTGTCTAGCATGAC_005,62
CCACACCTGTCTAGCATGAC_006,170
CCACACCTGTCTAGCATGAC_007,122
CCACACCTGTCTAGCATGAC_008,112
CCACACCTGTCTAGCATGAC_009,116
CCACACCTGTCTAGCATGAC_010,57
CCACACCTGTCTAGCATGAC_011,187
CCACACCTGTCTAGCATGAC_012,3
CCACACCTGTCTAGCATGAC_013,85
CCACACCTGTCTAGCATGAC_014,149
CCACACCTGTCTAGCATGAC_015,102
CCACACCTGTCTAGCATGAC_016,73
CCACACCTGTCTAGCATGAC_017,159
CCACACCTGTCTAGCATGAC_018,1
CCACACCTGTCTAGCATGAC_019,150
CCACACCTGTCTAGCATGAC_020,15
CCACACCTGTCTAGCATGAC_021,159
CCACACCTGTCTAGCATGAC_022,43
CCACACCTGTCTAGCATGAC_023,107
CCACACCTGTCTAGCATGAC_024,168
CCACACCTGTCTAGCATGAC_025,83
CCACACCTGTCTAGCATGAC_026,117
CCACACCTGTCTAGCATGAC_027,197
CCACACCTGTCTAGCATGAC_028,127
CCACACCTGTCTAGCATGAC_029,66
CCACACCTGTCTAGCATGAC_030,160
GTTAACTTCATTGAGTGGCG_001,15
GTTAACTTCATTGAGTGGCG_002,177
GTTAACTTCATTGAGTGGCG_003,169
GTTAACTTCATTGAGTGGCG_004,26
GTTAACTTCATTGAGTGGCG_005,168
GTTAACTTCATTGAGTGGCG_006,95
AAATTAAAAGAGGCACCAGA_001,26
AAATTAAAAGAGGCACCAGA_002,12
AAATTAAAAGAGGCACCAGA_003,73
AAATTAAAAGAGGCACCAGA_004,186
AAATTAAAAGAGGCACCAGA_005,31
AAATTAAAAGAGGCACCAGA_006,60
GCCCGTGGATAAGATGTGCA_001,149
GCCCGTGGATAAGATGTGCA_002,11
GCCCGTGGATAAGATGTGCA_003,8
GCCCGTGGATAAGATGTGCA_004,66
GCCCGTGGATAAGATGTGCA_005,58
GCCCGTGGATAAGATGTGCA_006,77
GCCCGTGGATAAGATGTGCA_007,5
GCCCGTGGATAAGATGTGCA_008,4
GCCCGTGGATAAGATGTGCA_009,145
GCCCGTGGATAAGATGTGCA_010,73
GCCCGTGGATAAGATGTGCA_011,48
GCCCGTGGATAAGATGTGCA_012,29
GCCCGTGGATAAGATGTGCA_013,91
GCCCGTGGATAAGATGTGCA_014,88
GCCCGTGGATAAGATGTGCA_015,105
GCCCGTGGATAAGATGTGCA_016,2
GCCCGTGGATAAGATGTGCA_017,128
GCCCGTGGATAAGATGTGCA_018,191
GCCCGTGGATAAGATGTGCA_019,130
GCCCGTGGATAAGATGTGCA_020,115
GCCCGTGGATAAGATGTGCA_021,65
GCCCGTGGATAAGATGTGCA_022,197
GCCCGTGGATAAGATGTGCA_023,111
GCCCGTGGATAAGATGTGCA_024,59
GCCCGTGGATAAGATGTGCA_025,159
GCCCGTGGATAAGATGTGCA_026,191
GCCCGTGGATAAGATGTGCA_027,127
GCCCGTGGATAAGATGTGCA_028,140
GCCCGTGGATAAGATGTGCA_029,113
GCCCGTGGATAAGATGTGCA_030,60
GCCCGTGGATAAGATGTGCA_031,197
GCCCGTGGATAAGATGTGCA_032,195
TAACACAGATGCTCACACTG_001,1
TAACACAGATGCTCACACTG_002,170
TAACACAGATGCTCACACTG_003,24
TAACACAGATGCTCACACTG_004,0
TAACACAGATGCTCACACTG_005,194
TAACACAGATGCTCACACTG_006,105
TAACACAGATGCTCACACTG_007,195
TAACACAGATGCTCACACTG_008,130
TAACACAGATGCTCACACTG_009,42
TAACACAGATGCTCACACTG_010,82
TAACACAGATGCTCACACTG_011,185
TAACACAGATGCTCACACTG_012,3
TAACACAGATGCTCACACTG_013,48
TAACACAGATGCTCACACTG_014,32
TAACACAGATGCTCACACTG_015,177
TAACACAGATGCTCACACTG_016,43
TAACACAGATGCTCACACTG_017,166
TAACACAGATGCTCACACTG_018,27
ACCGTATGTGAGAACCACAG_001,41
ACCGTATGTGAGAACCACAG_002,81
ACCGTATGTGAGAACCACAG_003,194
ACCGTATGTGAGAACCACAG_004,98
ACCGTATGTGAGAACCACAG_005,29
ACCGTATGTGAGAACCACAG_006,133
ACCGTATGTGAGAACCACAG_007,117
ACCGTATGTGAGAACCACAG_008,83
ACCGTATGTGAGAACCACAG_009,58
ACCGTATGTGAGAACCACAG_010,120
ACCGTATGTGAGAACCACAG_011,68
ACCGTATGTGAGAACCACAG_012,26
ACCGTATGTGAGAACCACAG_013,68
ACCGTATGTGAGAACCACAG_014,119
ACCGTATGTGAGAACCACAG_015,188
ACCGTATGTGAGAACCACAG_016,24
ACCGTATGTGAGAACCACAG_017,17
ACCGTATGTGAGAACCACAG_018,98
AGCAGCAGGATGCTTTGTGG_001,159
AGCAGCAGGATGCTTTGTGG_002,150
AGCAGCAGGATGCTTTGTGG_003,160
AGGGTCTAAGGGACCAAAAG_001,147
AGGGTCTAAGGGACCAAAAG_002,197
AGGGTCTAAGGGACCAAAAG_003,29
AGGGTCTAAGGGACCAAAAG_004,148
AGGGTCTAAGGGACCAAAAG_005,145
AGGGTCTAAGGGACCAAAAG_006,169
AGGGTCTAAGGGACCAAAAG_007,83
AGGGTCTAAGGGACCAAAAG_008,160
AGGGTCTAAGGGACCAAAAG_009,197
AGGGTCTAAGGGACCAAAAG_010,174
AGGGTCTAAGGGACCAAAAG_011,194
AGGGTCTAAGGGACCAAAAG_012,105
AGGGTCTAAGGGACCAAAAG_013,36
AGGGTCTAAGGGACCAAAAG_014,62
AGGGTCTAAGGGACCAAAAG_015,91
AGGGTCTAAGGGACCAAAAG_016,43
AGGGTCTAAGGGACCAAAAG_017,38
AGGGTCTAAGGGACCAAAAG_018,126
AGGGTCTAAGGGACCAAAAG_019,14
GAGGAGGCAAGGGTAGTCAG_001,123
GAGGAGGCAAGGGTAGTCAG_002,58
GAGGAGGCAAGGGTAGTCAG_003,151
GAGGAGGCAAGGGTAGTCAG_004,76
GAGGAGGCAAGGGTAGTCAG_005,197
GAGGAGGCAAGGGTAGTCAG_006,68
GAGGAGGCAAGGGTAGTCAG_007,15
GAGGAGGCAAGGGTAGTCAG_008,74
GAGGAGGCAAGGGTAGTCAG_009,15
GAGGAGGCAAGGGTAGTCAG_010,130
GAGGAGGCAAGGGTAGTCAG_011,19
GAGGAGGCAAGGGTAGTCAG_012,138
GAGGAGGCAAGGGTAGTCAG_013,89
GGAATGTAGCAAATACTGGG_001,1
GGAATGTAGCAAATACTGGG_002,50
GGAATGTAGCAAATACTGGG_003,72
GGAATGTAGCAAATACTGGG_004,0
GGAATGTAGCAAATACTGGG_005,158
GGAATGTAGCAAATACTGGG_006,70
GGAATGTAGCAAATACTGGG_007,60
GGAATGTAGCAAATACTGGG_008,35
GGAATGTAGCAAATACTGGG_009,97
GGAATGTAGCAAATACTGGG_010,36
GGAATGTAGCAAATACTGGG_011,36
GGAATGTAGCAAATACTGGG_012,94
GGAATGTAGCAAATACTGGG_013,147
GGAATGTAGCAAATACTGGG_014,199
GGAATGTAGCAAATACTGGG_015,197
GGCAGGACGAGTCTATCCAG_001,20
GGCAGGACGAGTCTATCCAG_002,168
GGCAGGACGAGTCTATCCAG_003,130
GGCAGGACGAGTCTATCCAG_004,179
GGCAGGACGAGTCTATCCAG_005,179
GGCAGGACGAGTCTATCCAG_006,87
AGTCCTAAATGCCGACTCAG_001,53
AGTCCTAAATGCCGACTCAG_002,96
AGTCCTAAATGCCGACTCAG_003,105
AGTCCTAAATGCCGACTCAG_004,105
AGTCCTAAATGCCGACTCAG_005,198
AGTCCTAAATGCCGACTCAG_006,184
AGTCCTAAATGCCGACTCAG_007,71
AGTCCTAAATGCCGACTCAG_008,190
AGTCCTAAATGCCGACTCAG_009,110
AGTCCTAAATGCCGACTCAG_010,199
AGTCCTAAATGCCGACTCAG_011,147
AGTCCTAAATGCCGACTCAG_012,98
AGTCCTAAATGCCGACTCAG_013,65
AGTCCTAAATGCCGACTCAG_014,130
AGTCCTAAATGCCGACTCAG_015,66
AGTCCTAAATGCCGACTCAG_016,184
AGTCCTAAATGCCGACTCAG_017,149
AGTCCTAAATGCCGACTCAG_018,175
AGTCCTAAATGCCGACTCAG_019,34
AGTCCTAAATGCCGACTCAG_020,127
AGTCCTAAATGCCGACTCAG_021,6
AGTCCTAAATGCCGACTCAG_022,140
AGTCCTAAATGCCGACTCAG_023,146
AGTCCTAAATGCCGACTCAG_024,174
AGTCCTAAATGCCGACTCAG_025,27
AGTCCTAAATGCCGACTCAG_026,106
AGTCCTAAATGCCGACTCAG_027,88
AGTCCTAAATGCCGACTCAG_028,14
AGTCCTAAATGCCGACTCAG_029,1
AGTCCTAAATGCCGACTCAG_030,29
AGTCCTAAATGCCGACTCAG_031,48
CACACATGACCAATAACAAG_001,139
CACACATGACCAATAACAAG_002,154
CACACATGACCAATAACAAG_003,105
CACACATGACCAATAACAAG_004,135
CACACATGACCAATAACAAG_005,4
GCCAGCTCACCTTGAGATGT_001,15
GCCAGCTCACCTTGAGATGT_002,117
GTGTGTATATCGAGAGTCGG_001,105
GTGTGTATATCGAGAGTCGG_002,70
GTGTGTATATCGAGAGTCGG_003,146
GTGTGTATATCGAGAGTCGG_004,94
GTGTGTATATCGAGAGTCGG_005,84
GTGTGTATATCGAGAGTCGG_006,42
GTGTGTATATCGAGAGTCGG_007,176
TCACAGTGACTGCAACCCCG_001,9
TCACAGTGACTGCAACCCCG_002,29
TCACAGTGACTGCAACCCCG_003,184
TCACAGTGACTGCAACCCCG_004,115
TCACAGTGACTGCAACCCCG_005,104
TCACAGTGACTGCAACCCCG_006,80
TCACAGTGACTGCAACCCCG_007,20
TCCTGGCTTCTCATCCACTG_001,106
TCCTGGCTTCTCATCCACTG_002,106
TCCTGGCTTCTCATCCACTG_003,54
TCCTGGCTTCTCATCCACTG_004,72
TCCTGGCTTCTCATCCACTG_005,60
TCCTGGCTTCTCATCCACTG_006,105
TCCTGGCTTCTCATCCACTG_007,18
TCCTGGCTTCTCATCCACTG_008,198
TCCTGGCTTCTCATCCACTG_009,131
TCCTGGCTTCTCATCCACTG_010,6
TCCTGGCTTCTCATCCACTG_011,78
TCCTGGCTTCTCATCCACTG_012,12
CAGTGTTAAGGGCTGCTCGG_001,106
CAGTGTTAAGGGCTGCTCGG_002,137
CAGTGTTAAGGGCTGCTCGG_003,35
CAGTGTTAAGGGCTGCTCGG_004,9
CAGTGTTAAGGGCTGCTCGG_005,63
CAGTGTTAAGGGCTGCTCGG_006,175
CAGTGTTAAGGGCTGCTCGG_007,48
CAGTGTTAAGGGCTGCTCGG_008,186
CAGTGTTAAGGGCTGCTCGG_009,143
CAGTGTTAAGGGCTGCTCGG_010,94
CAGTGTTAAGGGCTGCTCGG_011,175
CAGTGTTAAGGGCTGCTCGG_012,162
CAGTGTTAAGGGCTGCTCGG_013,15
CAGTGTTAAGGGCTGCTCGG_014,113
CAGTGTTAAGGGCTGCTCGG_015,75
CAGTGTTAAGGGCTGCTCGG_016,171
CAGTGTTAAGGGCTGCTCGG_017,133
CAGTGTTAAGGGCTGCTCGG_018,138
CAGTGTTAAGGGCTGCTCGG_019,119
CAGTGTTAAGGGCTGCTCGG_020,141
CAGTGTTAAGGGCTGCTCGG_021,48
CAGTGTTAAGGGCTGCTCGG_022,15
CAGTGTTAAGGGCTGCTCGG_023,9
CAGTGTTAAGGGCTGCTCGG_024,10
CAGTGTTAAGGGCTGCTCGG_025,6
CAGTGTTAAGGGCTGCTCGG_026,102
CGATTCCTGACCATTCACCG_001,1
CGATTCCTGACCATTCACCG_002,36
CGATTCCTGACCATTCACCG_003,16
CGATTCCTGACCATTCACCG_004,130
CGATTCCTGACCATTCACCG_005,70
CGATTCCTGACCATTCACCG_006,80
CGATTCCTGACCATTCACCG_007,148
CGATTCCTGACCATTCACCG_008,121
CGATTCCTGACCATTCACCG_009,11
CGATTCCTGACCATTCACCG_010,51
CGATTCCTGACCATTCACCG_011,180
CGATTCCTGACCATTCACCG_012,91
CGATTCCTGACCATTCACCG_013,36
CTTCGGTCTCTTCGACGACG_001,150
AACGTCAAACATAATAACAC_001,126
ACTATGACCGGTACTATGAG_001,81
ACTATGACCGGTACTATGAG_002,199
ACTATGACCGGTACTATGAG_003,0
ACTATGACCGGTACTATGAG_004,60
ACTATGACCGGTACTATGAG_005,184
ACTATGACCGGTACTATGAG_006,124
ACTATGACCGGTACTATGAG_007,160
CAATGTAGACAAGTTGACGA_001,148
CAATGTAGACAAGTTGACGA_002,128
CAATGTAGACAAGTTGACGA_003,43
CAATGTAGACAAGTTGACGA_004,168
CAATGTAGACAAGTTGACGA_005,78
CAATGTAGACAAGTTGACGA_006,198
CAATGTAGACAAGTTGACGA_007,106
CAATGTAGACAAGTTGACGA_008,146
CCAGGGTGACTCACTGACGA_001,117
CCAGGGTGACTCACTGACGA_002,72
CCAGGGTGACTCACTGACGA_003,102
GAAGATTAAAGGCCTTACTG_001,41
GAAGATTAAAGGCCTTACTG_002,94
GAAGATTAAAGGCCTTACTG_003,189
GCATTCACGCTCGCGCACAG_001,41
GCATTCACGCTCGCGCACAG_002,42
GCATTCACGCTCGCGCACAG_003,12
GCATTCACGCTCGCGCACAG_004,10
GCATTCACGCTCGCGCACAG_005,104
GCATTCACGCTCGCGCACAG_006,162
GCATTCACGCTCGCGCACAG_007,94
GCATTCACGCTCGCGCACAG_008,177
GCATTCACGCTCGCGCACAG_009,145
GCATTCACGCTCGCGCACAG_010,41
GCATTCACGCTCGCGCACAG_011,35
GCATTCACGCTCGCGCACAG_012,147
GCATTCACGCTCGCGCACAG_013,166
GCATTCACGCTCGCGCACAG_014,108
GCATTCACGCTCGCGCACAG_015,152
GCATTCACGCTCGCGCACAG_016,124
GCATTCACGCTCGCGCACAG_017,48
GCATTCACGCTCGCGCACAG_018,71
GCATTCACGCTCGCGCACAG_019,175
GCATTCACGCTCGCGCACAG_020,160
GCATTCACGCTCGCGCACAG_021,92
GCTAATGGCCAATTGGAGTG_001,150
GCTAATGGCCAATTGGAGTG_002,148
GCTAATGGCCAATTGGAGTG_003,52
GCTAATGGCCAATTGGAGTG_004,138
GCTAATGGCCAATTGGAGTG_005,107
GCTAATGGCCAATTGGAGTG_006,151
GGCTCATGCGGGATTTCAAG_001,198
GGCTCATGCGGGATTTCAAG_002,147
GGCTCATGCGGGATTTCAAG_003,174
TCCGGAGCACTCGATACACA_001,130
TCCGGAGCACTCGATACACA_002,78
TCCGGAGCACTCGATACACA_003,152
TCCGGAGCACTCGATACACA_004,88
TCCGGAGCACTCGATACACA_005,88
TCCGGAGCACTCGATACACA_006,98
TCCGGAGCACTCGATACACA_007,155
TCCGGAGCACTCGATACACA_008,189
TCCGGAGCACTCGATACACA_009,197
TCCGGAGCACTCGATACACA_010,9
AGTCACTGGGATAGTTGTGT_001,159
AGTCACTGGGATAGTTGTGT_002,17
AGTCACTGGGATAGTTGTGT_003,177
AGTCACTGGGATAGTTGTGT_004,29
AGTCACTGGGATAGTTGTGT_005,55
AGTCACTGGGATAGTTGTGT_006,41
AGTCACTGGGATAGTTGTGT_007,137
AGTCACTGGGATAGTTGTGT_008,2
GGAGGAGGGATGCGACCAAG_001,119
GGAGGAGGGATGCGACCAAG_002,193
GGAGGAGGGATGCGACCAAG_003,174
GGAGGAGGGATGCGACCAAG_004,139
GGAGGAGGGATGCGACCAAG_005,83
GGAGGAGGGATGCGACCAAG_006,9
GGAGGAGGGATGCGACCAAG_007,158
GGAGGAGGGATGCGACCAAG_008,153
GGAGGAGGGATGCGACCAAG_009,124
GGAGGAGGGATGCGACCAAG_010,57
GGAGGAGGGATGCGACCAAG_011,29
GGAGGAGGGATGCGACCAAG_012,88
GGAGGAGGGATGCGACCAAG_013,177
GGAGGAGGGATGCGACCAAG_014,199
CATTTGCAAATACCTGAGCA_001,55
CATTTGCAAATACCTGAGCA_002,51
CATTTGCAAATACCTGAGCA_003,170
CATTTGCAAATACCTGAGCA_004,143
CATTTGCAAATACCTGAGCA_005,98
CATTTGCAAATACCTGAGCA_006,72
CATTTGCAAATACCTGAGCA_007,3
CCAGCGAGTCGGTCTCATCG_001,44
CCAGCGAGTCGGTCTCATCG_002,173
CCAGCGAGTCGGTCTCATCG_003,53
GGTGGAACCATGCTGGAGTG_001,154
GGTGGAACCATGCTGGAGTG_002,114
GGTGGAACCATGCTGGAGTG_003,192
GGTGGAACCATGCTGGAGTG_004,185
GGTGGAACCATGCTGGAGTG_005,15
GGTGGAACCATGCTGGAGTG_006,182
GGTGGAACCATGCTGGAGTG_007,31
GGTGGAACCATGCTGGAGTG_008,7
GGTGGAACCATGCTGGAGTG_009,127
GGTGGAACCATGCTGGAGTG_010,149
GGTGGAACCATGCTGGAGTG_011,149
GGTGGAACCATGCTGGAGTG_012,23
GGTGGAACCATGCTGGAGTG_013,123
GGTGGAACCATGCTGGAGTG_014,47
GGTGGAACCATGCTGGAGTG_015,8
GGTGGAACCATGCTGGAGTG_016,65
GGTGGAACCATGCTGGAGTG_017,15
GGTGGAACCATGCTGGAGTG_018,129
GGTGGAACCATGCTGGAGTG_019,146
GGTGGAACCATGCTGGAGTG_020,84
GGTGGAACCATGCTGGAGTG_021,84
GGTGGAACCATGCTGGAGTG_022,53
GGTGGAACCATGCTGGAGTG_023,39
GGTGGAACCATGCTGGAGTG_024,121
GGTGGAACCATGCTGGAGTG_025,17
GGTGGAACCATGCTGGAGTG_026,52
GGTGGAACCATGCTGGAGTG_027,124
GGTGGAACCATGCTGGAGTG_028,125
TGCACGGCACAGGATCTCCG_001,104
TGCACGGCACAGGATCTCCG_002,5
TGCACGGCACAGGATCTCCG_003,36
TGCACGGCACAGGATCTCCG_004,62
TGCACGGCACAGGATCTCCG_005,184
TGCACGGCACAGGATCTCCG_006,169
ACAACATGCGCGCGTCGCGG_001,169
ACAACATGCGCGCGTCGCGG_002,41
ACAACATGCGCGCGTCGCGG_003,199
ACAACATGCGCGCGTCGCGG_004,155
ACAACATGCGCGCGTCGCGG_005,149
ACAACATGCGCGCGTCGCGG_006,2
ACAACATGCGCGCGTCGCGG_007,124
ACAACATGCGCGCGTCGCGG_008,58
ACAACATGCGCGCGTCGCGG_009,96
ACAACATGCGCGCGTCGCGG_010,137
ACAACATGCGCGCGTCGCGG_011,113
GACAACGATGCGTACAGTAG_001,47
GACAACGATGCGTACAGTAG_002,63
GACAACGATGCGTACAGTAG_003,15
GACAACGATGCGTACAGTAG_004,161
GACAACGATGCGTACAGTAG_005,29
GACAACGATGCGTACAGTAG_006,35
GACAACGATGCGTACAGTAG_007,94
GACAACGATGCGTACAGTAG_008,70
GACAACGATGCGTACAGTAG_009,83
GACAACGATGCGTACAGTAG_010,8
GACAACGATGCGTACAGTAG_011,107
GACAACGATGCGTACAGTAG_012,23
GACAACGATGCGTACAGTAG_013,14
GACAACGATGCGTACAGTAG_014,90
GACAACGATGCGTACAGTAG_015,47
GGCACCAGGTAGTCCACCAT_001,170
GGCACCAGGTAGTCCACCAT_002,132
GGCACCAGGTAGTCCACCAT_003,12
GGCACCAGGTAGTCCACCAT_004,156
GGCACCAGGTAGTCCACCAT_005,122
GGCACCAGGTAGTCCACCAT_006,76
GGCACCAGGTAGTCCACCAT_007,29
GGCACCAGGTAGTCCACCAT_008,114
GGCACCAGGTAGTCCACCAT_009,114
GGCACCAGGTAGTCCACCAT_010,111
GGCACCAGGTAGTCCACCAT_011,163
GGCACCAGGTAGTCCACCAT_012,107
GGCACCAGGTAGTCCACCAT_013,8
GGCACCAGGTAGTCCACCAT_014,8
GGCACCAGGTAGTCCACCAT_015,94
GGCACCAGGTAGTCCACCAT_016,184
GGCACCAGGTAGTCCACCAT_017,199
GGCACCAGGTAGTCCACCAT_018,158
GGCACCAGGTAGTCCACCAT_019,177
GGCACCAGGTAGTCCACCAT_020,48
GGCACCAGGTAGTCCACCAT_021,14
GGCACCAGGTAGTCCACCAT_022,122
GGCACCAGGTAGTCCACCAT_023,136
GGCACCAGGTAGTCCACCAT_024,130
GGCACCAGGTAGTCCACCAT_025,137
GGCACCAGGTAGTCCACCAT_026,29
GGCACCAGGTAGTCCACCAT_027,66
GGCACCAGGTAGTCCACCAT_028,174
GGCACCAGGTAGTCCACCAT_029,81
GGCACCAGGTAGTCCACCAT_030,160
GGCACCAGGTAGTCCACCAT_031,166
GGCACCAGGTAGTCCACCAT_032,140
GGCACCAGGTAGTCCACCAT_033,103
GGCACCAGGTAGTCCACCAT_034,118
GGCACCAGGTAGTCCACCAT_035,60
GGCACCAGGTAGTCCACCAT_036,63
GGCACCAGGTAGTCCACCAT_037,66
GGCACCAGGTAGTCCACCAT_038,147
GGCACCAGGTAGTCCACCAT_039,124
GGCACCAGGTAGTCCACCAT_040,184
GGCACCAGGTAGTCCACCAT_041,12
GGCACCAGGTAGTCCACCAT_042,13
GGCACCAGGTAGTCCACCAT_043,123
GGCACCAGGTAGTCCACCAT_044,94
GGCACCAGGTAGTCCACCAT_045,76
GGGCTGTGCGGTGATTGACG_001,37
GGGCTGTGCGGTGATTGACG_002,131
GGGCTGTGCGGTGATTGACG_003,120
GGGCTGTGCGGTGATTGACG_004,120
CGCAGCACCAGATTAACGGG_001,50
CGCAGCACCAGATTAACGGG_002,94
CGCAGCACCAGATTAACGGG_003,140
CGCAGCACCAGATTAACGGG_004,137
CGCAGCACCAGATTAACGGG_005,107
CGCAGCACCAGATTAACGGG_006,150
CGCAGCACCAGATTAACGGG_007,34
CGCAGCACCAGATTAACGGG_008,111
CGCAGCACCAGATTAACGGG_009,97
CGCAGCACCAGATTAACGGG_010,113
CGCAGCACCAGATTAACGGG_011,181
CGCAGCACCAGATTAACGGG_012,139
CGCAGCACCAGATTAACGGG_013,58
TGGTGGAGAATGAGCGACTG_001,112
TGGTGGAGAATGAGCGACTG_002,172
TGGTGGAGAATGAGCGACTG_003,76
TGGTGGAGAATGAGCGACTG_004,111
TGGTGGAGAATGAGCGACTG_005,144
ACCACCGAAACGACTCCCAG_001,96
ACCACCGAAACGACTCCCAG_002,198
ACCACCGAAACGACTCCCAG_003,150
ACCACCGAAACGACTCCCAG_004,159
ACCACCGAAACGACTCCCAG_005,104
ACCACCGAAACGACTCCCAG_006,78
ACCACCGAAACGACTCCCAG_007,188
ACCACCGAAACGACTCCCAG_008,160
ACCACCGAAACGACTCCCAG_009,69
ACCACCGAAACGACTCCCAG_010,17
ACCACCGAAACGACTCCCAG_011,169
ACCACCGAAACGACTCCCAG_012,93
ACCACCGAAACGACTCCCAG_013,81
ACCACCGAAACGACTCCCAG_014,70
ACCACCGAAACGACTCCCAG_015,6
ACCACCGAAACGACTCCCAG_016,55
ACCACCGAAACGACTCCCAG_017,147
ACCACCGAAACGACTCCCAG_018,15
ACCACCGAAACGACTCCCAG_019,16
ACCACCGAAACGACTCCCAG_020,76
ACCACCGAAACGACTCCCAG_021,140
ACCACCGAAACGACTCCCAG_022,111
ACCACCGAAACGACTCCCAG_023,116
ACCACCGAAACGACTCCCAG_024,146
ACCACCGAAACGACTCCCAG_025,45
ACCACCGAAACGACTCCCAG_026,78
ACCACCGAAACGACTCCCAG_027,198
ACCACCGAAACGACTCCCAG_028,79
ACCACCGAAACGACTCCCAG_029,61
ACCACCGAAACGACTCCCAG_030,27
ACCACCGAAACGACTCCCAG_031,179
ACCACCGAAACGACTCCCAG_032,70
ACCACCGAAACGACTCCCAG_033,115
ACCACCGAAACGACTCCCAG_034,76
ACCACCGAAACGACTCCCAG_035,65
GTCAGCTCTGAGCAGAGCTG_001,137
GTCAGCTCTGAGCAGAGCTG_002,144
GTCAGCTCTGAGCAGAGCTG_003,153
GTCAGCTCTGAGCAGAGCTG_004,45
TGTGAATGCTACGATGAGCT_001,137
TGTGAATGCTACGATGAGCT_002,78
TGTGAATGCTACGATGAGCT_003,124
TGTGAATGCTACGATGAGCT_004,15
CAGCGCGTCTTCAAGTACCT_001,126
CAGCGCGTCTTCAAGTACCT_002,131
CAGCGCGTCTTCAAGTACCT_003,75
CAGCGCGTCTTCAAGTACCT_004,27
CAGCGCGTCTTCAAGTACCT_005,14
CAGCGCGTCTTCAAGTACCT_006,116
GCAGACGACACTTACACACT_001,82
GCAGACGACACTTACACACT_002,127
GCAGACGACACTTACACACT_003,158
GCAGACGACACTTACACACT_004,197
GCAGACGACACTTACACACT_005,4
GCAGACGACACTTACACACT_006,170
GCAGACGACACTTACACACT_007,41
GCAGACGACACTTACACACT_008,155
GCAGACGACACTTACACACT_009,2
GCAGACGACACTTACACACT_010,14
GCAGACGACACTTACACACT_011,115
TAGTATCAAGGACCCCATGG_001,36
TAGTATCAAGGACCCCATGG_002,69
TAGTATCAAGGACCCCATGG_003,159
TAGTATCAAGGACCCCATGG_004,34
TAGTATCAAGGACCCCATGG_005,30
TAGTATCAAGGACCCCATGG_006,12
TAGTATCAAGGACCCCATGG_007,158
TAGTATCAAGGACCCCATGG_008,74
TAGTATCAAGGACCCCATGG_009,192
TAGTATCAAGGACCCCATGG_010,67
TAGTATCAAGGACCCCATGG_011,157
TAGTATCAAGGACCCCATGG_012,54
TAGTATCAAGGACCCCATGG_013,133
TAGTATCAAGGACCCCATGG_014,19
TAGTATCAAGGACCCCATGG_015,169
TAGTATCAAGGACCCCATGG_016,78
GAACATTTCTACCTGACCAG_001,109
GAACATTTCTACCTGACCAG_002,109
GAACATTTCTACCTGACCAG_003,54
GAACATTTCTACCTGACCAG_004,102
GAACATTTCTACCTGACCAG_005,133
GAACATTTCTACCTGACCAG_006,15
GAACATTTCTACCTGACCAG_007,4
GAACATTTCTACCTGACCAG_008,127
GAAGCGCAAAAAGGGACAGG_001,120
GAAGCGCAAAAAGGGACAGG_002,70
GAAGCGCAAAAAGGGACAGG_003,36
GAAGCGCAAAAAGGGACAGG_004,80
TACTACTCAGAAAAGGCGCT_001,29
TACTACTCAGAAAAGGCGCT_002,162
TACTACTCAGAAAAGGCGCT_003,192
TACTACTCAGAAAAGGCGCT_004,125
TACTACTCAGAAAAGGCGCT_005,90
AGGAGGTAAAAACAGACGCA_001,153
AGGAGGTAAAAACAGACGCA_002,73
AGGAGGTAAAAACAGACGCA_003,156
AGGAGGTAAAAACAGACGCA_004,50
AGGAGGTAAAAACAGACGCA_005,2
AGGAGGTAAAAACAGACGCA_006,121
AGGAGGTAAAAACAGACGCA_007,150
AGGAGGTAAAAACAGACGCA_008,155
AGGAGGTAAAAACAGACGCA_009,79
AGGAGGTAAAAACAGACGCA_010,67
AGGAGGTAAAAACAGACGCA_011,3
AGGAGGTAAAAACAGACGCA_012,102
AGGAGGTAAAAACAGACGCA_013,157
AGGAGGTAAAAACAGACGCA_014,147
AGGAGGTAAAAACAGACGCA_015,75
TGTCAGTAGTCAGGACCCCG_001,149
TGTCAGTAGTCAGGACCCCG_002,172
TGTCAGTAGTCAGGACCCCG_003,94
TGTCAGTAGTCAGGACCCCG_004,148
TGTCAGTAGTCAGGACCCCG_005,41
TGTCAGTAGTCAGGACCCCG_006,34
TGTCAGTAGTCAGGACCCCG_007,58
TGTCAGTAGTCAGGACCCCG_008,60
TGTCAGTAGTCAGGACCCCG_009,147
TGTCAGTAGTCAGGACCCCG_010,8
TGTCAGTAGTCAGGACCCCG_011,158
TGTCAGTAGTCAGGACCCCG_012,91
TGTCAGTAGTCAGGACCCCG_013,19
TGTCAGTAGTCAGGACCCCG_014,46
TGTCAGTAGTCAGGACCCCG_015,63
TGTCAGTAGTCAGGACCCCG_016,50
TGTCAGTAGTCAGGACCCCG_017,150
TGTCAGTAGTCAGGACCCCG_018,106
TGTCAGTAGTCAGGACCCCG_019,137
TGTCAGTAGTCAGGACCCCG_020,27
TGTCAGTAGTCAGGACCCCG_021,137
TGTCAGTAGTCAGGACCCCG_022,184
TGTCAGTAGTCAGGACCCCG_023,69
CAAAATCAAGAAGCAGCTGT_001,179
CAAAATCAAGAAGCAGCTGT_002,70
CAAAATCAAGAAGCAGCTGT_003,94
CAAAATCAAGAAGCAGCTGT_004,17
CAAAATCAAGAAGCAGCTGT_005,17
CAAAATCAAGAAGCAGCTGT_006,199
AGCGGTACAGGTACTCACGA_001,29
AGCGGTACAGGTACTCACGA_002,60
AGCGGTACAGGTACTCACGA_003,41
AGCGGTACAGGTACTCACGA_004,170
AGCGGTACAGGTACTCACGA_005,33
AGCGGTACAGGTACTCACGA_006,181
GCCAAACGTACCAAGAAAGT_001,102
GCCAAACGTACCAAGAAAGT_002,127
GGAACGTGGTGAGCGACGAG_001,6
GGAACGTGGTGAGCGACGAG_002,6
GGAACGTGGTGAGCGACGAG_003,27
GGAACGTGGTGAGCGACGAG_004,114
GGAACGTGGTGAGCGACGAG_005,60
GGAACGTGGTGAGCGACGAG_006,72
GGAACGTGGTGAGCGACGAG_007,87
TCAGAGCATTAGATCTTGCT_001,135
GATTTGCAAAAAGAAGTACT_001,85
GATTTGCAAAAAGAAGTACT_002,78
GATTTGCAAAAAGAAGTACT_003,87
GATTTGCAAAAAGAAGTACT_004,72
GACCTGTGGACAGATTACCT_001,57
GACCTGTGGACAGATTACCT_002,117
GACCTGTGGACAGATTACCT_003,10
GACCTGTGGACAGATTACCT_004,104
GACCTGTGGACAGATTACCT_005,42
GACCTGTGGACAGATTACCT_006,86
GACCTGTGGACAGATTACCT_007,160
GACCTGTGGACAGATTACCT_008,185
GACCTGTGGACAGATTACCT_009,16
GACCTGTGGACAGATTACCT_010,88
GACCTGTGGACAGATTACCT_011,162
GACCTGTGGACAGATTACCT_012,65
ATAGATAAACAATCTTCACC_001,53
ATAGATAAACAATCTTCACC_002,51
CCTCTCCCTAGTACACGCTG_001,82
CCTCTCCCTAGTACACGCTG_002,85
CCTCTCCCTAGTACACGCTG_003,142
CCTCTCCCTAGTACACGCTG_004,169
CCTCTCCCTAGTACACGCTG_005,196
CCTCTCCCTAGTACACGCTG_006,5
CCTCTCCCTAGTACACGCTG_007,184
CCTCTCCCTAGTACACGCTG_008,115
TTGCCATGGGAAATACCCTG_001,48
TTGCCATGGGAAATACCCTG_002,87
TTGCCATGGGAAATACCCTG_003,104
TTGCCATGGGAAATACCCTG_004,149
TTGCCATGGGAAATACCCTG_005,63
TTGCCATGGGAAATACCCTG_006,5
TTGCCATGGGAAATACCCTG_007,174
TTGCCATGGGAAATACCCTG_008,141
TTGCCATGGGAAATACCCTG_009,75
TTGCCATGGGAAATACCCTG_010,163
TTGCCATGGGAAATACCCTG_011,67
TTGCCATGGGAAATACCCTG_012,9
TTGCCATGGGAAATACCCTG_013,97
TTGCCATGGGAAATACCCTG_014,67
TTGCCATGGGAAATACCCTG_015,154
TTGCCATGGGAAATACCCTG_016,73
TTGCCATGGGAAATACCCTG_017,29
TTGCCATGGGAAATACCCTG_018,8
TTGCCATGGGAAATACCCTG_019,44
TTGCCATGGGAAATACCCTG_020,16
TTGCCATGGGAAATACCCTG_021,145
TCTTGGCGTAGTGCAATGGG_001,149
TCTTGGCGTAGTGCAATGGG_002,61
TCTGAGGTTTAAGGTCTCGG_001,83
TCTGAGGTTTAAGGTCTCGG_002,94
TCTGAGGTTTAAGGTCTCGG_003,169
TCTGAGGTTTAAGGTCTCGG_004,11
TCTGAGGTTTAAGGTCTCGG_005,140
TCTGAGGTTTAAGGTCTCGG_006,152
TCTGAGGTTTAAGGTCTCGG_007,79
ATGACGCGAAATGTATGTTG_001,54
ATGACGCGAAATGTATGTTG_002,190
ATGACGCGAAATGTATGTTG_003,147
GCATCACTTCTCCGATACAG_001,83
TGACGATGAGATCCGCTCTG_001,129
TGACGATGAGATCCGCTCTG_002,185
TGACGATGAGATCCGCTCTG_003,188
TGACGATGAGATCCGCTCTG_004,30
CGTAGACAGAGAACGTCTGG_001,33
CGTAGACAGAGAACGTCTGG_002,133
CGTAGACAGAGAACGTCTGG_003,162
CGTAGACAGAGAACGTCTGG_004,142
CGTAGACAGAGAACGTCTGG_005,196
GACAGACGTCAATAAGATCG_001,35
CATAGGGGTACGATTCTGGG_001,94
CATAGGGGTACGATTCTGGG_002,147
CATATGGCTGTCTGAATGGA_001,8
CATATGGCTGTCTGAATGGA_002,193
CATATGGCTGTCTGAATGGA_003,191
CATATGGCTGTCTGAATGGA_004,183
CATATGGCTGTCTGAATGGA_005,174
CATATGGCTGTCTGAATGGA_006,77
CCTGACACATTCACTTCTGG_001,17
CCTGACACATTCACTTCTGG_002,192
GCCACAGAGGTAGACGATGT_001,88
GCCACAGAGGTAGACGATGT_002,195
GCCACAGAGGTAGACGATGT_003,86
GCCACAGAGGTAGACGATGT_004,13
TCCCTCACCTGCAGGCCATG_001,52
TCCCTCACCTGCAGGCCATG_002,66
TCCCTCACCTGCAGGCCATG_003,192
TCCCTCACCTGCAGGCCATG_004,58
TCCCTCACCTGCAGGCCATG_005,59
TCCCTCACCTGCAGGCCATG_006,1
TCCCTCACCTGCAGGCCATG_007,140
TCCCTCACCTGCAGGCCATG_008,94
TCCCTCACCTGCAGGCCATG_009,95
TCCCTCACCTGCAGGCCATG_010,113
TCCCTCACCTGCAGGCCATG_011,113
TCCCTCACCTGCAGGCCATG_012,6
TCCCTCACCTGCAGGCCATG_013,12
TCCCTCACCTGCAGGCCATG_014,194
TCCCTCACCTGCAGGCCATG_015,106
TCCCTCACCTGCAGGCCATG_016,19
TCCCTCACCTGCAGGCCATG_017,10
TCCCTCACCTGCAGGCCATG_018,19
AAACCCAACCCTGATAAGGA_001,106
AAACCCAACCCTGATAAGGA_002,142
AAACCCAACCCTGATAAGGA_003,130
AAACCCAACCCTGATAAGGA_004,185
AAACCCAACCCTGATAAGGA_005,58
AAACCCAACCCTGATAAGGA_006,130
AAACCCAACCCTGATAAGGA_007,185
AAACCCAACCCTGATAAGGA_008,76
AAACCCAACCCTGATAAGGA_009,76
AAACCCAACCCTGATAAGGA_010,106
AAACCCAACCCTGATAAGGA_011,184
AAACCCAACCCTGATAAGGA_012,112
AAACCCAACCCTGATAAGGA_013,184
AAACCCAACCCTGATAAGGA_014,63
AAACCCAACCCTGATAAGGA_015,11
AAACCCAACCCTGATAAGGA_016,32
AAACCCAACCCTGATAAGGA_017,152
AAACCCAACCCTGATAAGGA_018,152
AAACCCAACCCTGATAAGGA_019,52
AAACCCAACCCTGATAAGGA_020,46
ACATTCTGTACAATGAACAG_001,192
ACATTCTGTACAATGAACAG_002,86
GATGGGAACCACGTGGTAGG_001,79
GATGGGAACCACGTGGTAGG_002,50
GATGGGAACCACGTGGTAGG_003,190
GATGGGAACCACGTGGTAGG_004,15
GATGGGAACCACGTGGTAGG_005,139
GATGGGAACCACGTGGTAGG_006,104
GATGGGAACCACGTGGTAGG_007,82
GATGGGAACCACGTGGTAGG_008,76
GATGGGAACCACGTGGTAGG_009,128
GATGGGAACCACGTGGTAGG_010,196
GATGGGAACCACGTGGTAGG_011,26
GATGGGAACCACGTGGTAGG_012,17
GATGGGAACCACGTGGTAGG_013,114
GATGGGAACCACGTGGTAGG_014,53
GATGGGAACCACGTGGTAGG_015,174
GATGGGAACCACGTGGTAGG_016,81
GATGGGAACCACGTGGTAGG_017,111
GATGGGAACCACGTGGTAGG_018,180
GGTACCTGTCCACACTCATG_001,99
GGTACCTGTCCACACTCATG_002,51
GGTACCTGTCCACACTCATG_003,68
GGTACCTGTCCACACTCATG_004,159
GGTACCTGTCCACACTCATG_005,162
GGTACCTGTCCACACTCATG_006,121
GGTACCTGTCCACACTCATG_007,137
GGTACCTGTCCACACTCATG_008,50
GGTACCTGTCCACACTCATG_009,116
GGTACCTGTCCACACTCATG_010,77
GGTACCTGTCCACACTCATG_011,3
GGTACCTGTCCACACTCATG_012,94
GGTACCTGTCCACACTCATG_013,135
GGTACCTGTCCACACTCATG_014,105
GAAGAACACCAGCATCCGAG_001,170
GAAGAACACCAGCATCCGAG_002,139
GAAGAACACCAGCATCCGAG_003,92
GAAGAACACCAGCATCCGAG_004,150
GAAGAACACCAGCATCCGAG_005,198
GAAGAACACCAGCATCCGAG_006,132
GAAGAACACCAGCATCCGAG_007,12
GAAGAACACCAGCATCCGAG_008,134
GAAGAACACCAGCATCCGAG_009,85
GAAGAACACCAGCATCCGAG_010,94
GAAGAACACCAGCATCCGAG_011,19
GAAGAACACCAGCATCCGAG_012,89
GAAGAACACCAGCATCCGAG_013,93
GAAGAACACCAGCATCCGAG_014,86
GAAGAACACCAGCATCCGAG_015,39
CAACCCTTAAGTCCAAACCA_001,93
CAACCCTTAAGTCCAAACCA_002,67
CAACCCTTAAGTCCAAACCA_003,139
CAACCCTTAAGTCCAAACCA_004,24
CAACCCTTAAGTCCAAACCA_005,65
CAACCCTTAAGTCCAAACCA_006,10
CAACCCTTAAGTCCAAACCA_007,50
CAACCCTTAAGTCCAAACCA_008,177
CAACCCTTAAGTCCAAACCA_009,67
CAACCCTTAAGTCCAAACCA_010,190
CAACCCTTAAGTCCAAACCA_011,43
CAACCCTTAAGTCCAAACCA_012,21
CAACCCTTAAGTCCAAACCA_013,194
CAACCCTTAAGTCCAAACCA_014,189
CAACCCTTAAGTCCAAACCA_015,119
CAACCCTTAAGTCCAAACCA_016,17
CTCCACCACTGACACGGAGT_001,159
CTCCACCACTGACACGGAGT_002,162
CTCCACCACTGACACGGAGT_003,168
CGGCTCGCTTGAGTTTGCGG_001,56
CGGCTCGCTTGAGTTTGCGG_002,28
CGGCTCGCTTGAGTTTGCGG_003,140
CGGCTCGCTTGAGTTTGCGG_004,121
CGGCTCGCTTGAGTTTGCGG_005,41
CGGCTCGCTTGAGTTTGCGG_006,175
CGGCTCGCTTGAGTTTGCGG_007,76
CGGCTCGCTTGAGTTTGCGG_008,35
CGGCTCGCTTGAGTTTGCGG_009,88
CGGCTCGCTTGAGTTTGCGG_010,133
CGGCTCGCTTGAGTTTGCGG_011,96
CGGCTCGCTTGAGTTTGCGG_012,30
CGGCTCGCTTGAGTTTGCGG_013,46
CGGCTCGCTTGAGTTTGCGG_014,101
TGGAGGGCACAGATGACGGG_001,166
TGGAGGGCACAGATGACGGG_002,36
TGGAGGGCACAGATGACGGG_003,100
TGGAGGGCACAGATGACGGG_004,92
TGGAGGGCACAGATGACGGG_005,113
TGGAGGGCACAGATGACGGG_006,49
TGGAGGGCACAGATGACGGG_007,117
AGATCAAAACGAAGAGAAAG_001,187
AGATCAAAACGAAGAGAAAG_002,127
AGATCAAAACGAAGAGAAAG_003,24
ATTGTCCAAGGTCTCGAGTG_001,160
ATTGTCCAAGGTCTCGAGTG_002,162
ATTGTCCAAGGTCTCGAGTG_003,137
ATTGTCCAAGGTCTCGAGTG_004,70
ATTGTCCAAGGTCTCGAGTG_005,0
ATTGTCCAAGGTCTCGAGTG_006,42
ATTGTCCAAGGTCTCGAGTG_007,61
ATTGTCCAAGGTCTCGAGTG_008,67
ATTGTCCAAGGTCTCGAGTG_009,150
ATTGTCCAAGGTCTCGAGTG_010,97
CTCCATGGTAACTGCCTGTG_001,147
CTCCATGGTAACTGCCTGTG_002,41
CTCCATGGTAACTGCCTGTG_003,60
CTCCATGGTAACTGCCTGTG_004,154
CTCCATGGTAACTGCCTGTG_005,150
CTCCATGGTAACTGCCTGTG_006,109
CTCCATGGTAACTGCCTGTG_007,50
CTCCATGGTAACTGCCTGTG_008,75
GGGACAGTCGGAAGGAACAG_001,196
GGGACAGTCGGAAGGAACAG_002,119
GGGACAGTCGGAAGGAACAG_003,199
GGGACAGTCGGAAGGAACAG_004,102
GGGACAGTCGGAAGGAACAG_005,27
GGGACAGTCGGAAGGAACAG_006,165
GGGACAGTCGGAAGGAACAG_007,10
GGGACAGTCGGAAGGAACAG_008,8
GGGACAGTCGGAAGGAACAG_009,170
GGGACAGTCGGAAGGAACAG_010,64
GGGACAGTCGGAAGGAACAG_011,132
GGGACAGTCGGAAGGAACAG_012,16
GGGACAGTCGGAAGGAACAG_013,178
GGGACAGTCGGAAGGAACAG_014,158
GGGACAGTCGGAAGGAACAG_015,141
GGGACAGTCGGAAGGAACAG_016,168
GGGACAGTCGGAAGGAACAG_017,1
GGGACAGTCGGAAGGAACAG_018,174
AAAGAAATTACCTCTCTGAC_001,105
AAAGAAATTACCTCTCTGAC_002,166
AAAGAAATTACCTCTCTGAC_003,96
AAAGAAATTACCTCTCTGAC_004,11
AAAGAAATTACCTCTCTGAC_005,7
AAAGAAATTACCTCTCTGAC_006,62
AAAGAAATTACCTCTCTGAC_007,150
AAAGAAATTACCTCTCTGAC_008,61
AAAGAAATTACCTCTCTGAC_009,162
GCAGACATGGTCGTATCTGT_001,183
GCAGACATGGTCGTATCTGT_002,9
GCAGACATGGTCGTATCTGT_003,61
GCAGACATGGTCGTATCTGT_004,175
GCAGACATGGTCGTATCTGT_005,102
GCAGACATGGTCGTATCTGT_006,20
GCAGACATGGTCGTATCTGT_007,192
GCAGACATGGTCGTATCTGT_008,67
GCAGACATGGTCGTATCTGT_009,81
GCAGACATGGTCGTATCTGT_010,105
GCAGACATGGTCGTATCTGT_011,94
GCAGACATGGTCGTATCTGT_012,78
ACTTTCCAGAATTCACCATG_001,96
ACTTTCCAGAATTCACCATG_002,40
ACTTTCCAGAATTCACCATG_003,137
ACTTTCCAGAATTCACCATG_004,53
ACTTTCCAGAATTCACCATG_005,61
ACTTTCCAGAATTCACCATG_006,51
ACTTTCCAGAATTCACCATG_007,42
ACTTTCCAGAATTCACCATG_008,69
ACTTTCCAGAATTCACCATG_009,4
ACTTTCCAGAATTCACCATG_010,177
ACTTTCCAGAATTCACCATG_011,60
ACTTTCCAGAATTCACCATG_012,113
ACTTTCCAGAATTCACCATG_013,79
ACTTTCCAGAATTCACCATG_014,160
ACTTTCCAGAATTCACCATG_015,10
ACTTTCCAGAATTCACCATG_016,141
ACTTTCCAGAATTCACCATG_017,15
ACTTTCCAGAATTCACCATG_018,49
ACTTTCCAGAATTCACCATG_019,79
ACTTTCCAGAATTCACCATG_020,39
ACTTTCCAGAATTCACCATG_021,41
ACTTTCCAGAATTCACCATG_022,60
TAATCATGAACAAATGCCTA_001,78
TAATCATGAACAAATGCCTA_002,166
TAATCATGAACAAATGCCTA_003,196
TAATCATGAACAAATGCCTA_004,196
TAATCATGAACAAATGCCTA_005,111
TAATCATGAACAAATGCCTA_006,70
TAATCATGAACAAATGCCTA_007,118
GATAGCTCTGACCTTCGACG_001,108
GATAGCTCTGACCTTCGACG_002,152
GATAGCTCTGACCTTCGACG_003,65
GATAGCTCTGACCTTCGACG_004,170
GATAGCTCTGACCTTCGACG_005,46
GATAGCTCTGACCTTCGACG_006,162
GATAGCTCTGACCTTCGACG_007,139
GATAGCTCTGACCTTCGACG_008,113
GATAGCTCTGACCTTCGACG_009,38
GATAGCTCTGACCTTCGACG_010,62
ATGGATGGTGGTCCGATGCT_001,105
ATGGATGGTGGTCCGATGCT_002,169
ATGGATGGTGGTCCGATGCT_003,105
ATGGATGGTGGTCCGATGCT_004,140
ATGGATGGTGGTCCGATGCT_005,98
ATGGATGGTGGTCCGATGCT_006,9
ATGGATGGTGGTCCGATGCT_007,61
ATGGATGGTGGTCCGATGCT_008,96
ATGGATGGTGGTCCGATGCT_009,60
ATGGATGGTGGTCCGATGCT_010,171
ATGGATGGTGGTCCGATGCT_011,139
ATGGATGGTGGTCCGATGCT_012,32
ATGGATGGTGGTCCGATGCT_013,122
ATGGATGGTGGTCCGATGCT_014,134
ATGGATGGTGGTCCGATGCT_015,12
ATGGATGGTGGTCCGATGCT_016,129
ATGGATGGTGGTCCGATGCT_017,64
ATGGATGGTGGTCCGATGCT_018,34
ATGGATGGTGGTCCGATGCT_019,151
ATGGATGGTGGTCCGATGCT_020,91
ATGGATGGTGGTCCGATGCT_021,161
ATGGATGGTGGTCCGATGCT_022,149
ATGGATGGTGGTCCGATGCT_023,159
ATGGATGGTGGTCCGATGCT_024,160
ATGGATGGTGGTCCGATGCT_025,127
ATGGATGGTGGTCCGATGCT_026,77
ATGGATGGTGGTCCGATGCT_027,96
ATGGATGGTGGTCCGATGCT_028,103
ATGGATGGTGGTCCGATGCT_029,147
ATGGATGGTGGTCCGATGCT_030,97
ATGGATGGTGGTCCGATGCT_031,197
GACATACATGCTGACGCTGG_001,96
GACATACATGCTGACGCTGG_002,22
AATAGTCGCTCGGCCCAGCG_001,191
AATAGTCGCTCGGCCCAGCG_002,54
AATAGTCGCTCGGCCCAGCG_003,146
AATAGTCGCTCGGCCCAGCG_004,58
AATAGTCGCTCGGCCCAGCG_005,187
AATAGTCGCTCGGCCCAGCG_006,12
AATAGTCGCTCGGCCCAGCG_007,177
AATAGTCGCTCGGCCCAGCG_008,96
AATAGTCGCTCGGCCCAGCG_009,110
AATAGTCGCTCGGCCCAGCG_010,94
AATAGTCGCTCGGCCCAGCG_011,115
AATAGTCGCTCGGCCCAGCG_012,45
AATAGTCGCTCGGCCCAGCG_013,145
GCGCTGTCGGAGGTATATGG_001,157
GCGCTGTCGGAGGTATATGG_002,173
GGGACACGCGTATTCCATCA_001,40
ACAAAGATTATCTCTTATGT_001,9
ACAAAGATTATCTCTTATGT_002,182
TTACATATTGCGGCGTCACA_001,53
TTACATATTGCGGCGTCACA_002,58
GGAAACTGTTAGCGGCTACG_001,175
GGAAACTGTTAGCGGCTACG_002,97
GGAAACTGTTAGCGGCTACG_003,2
ACAGAGTCGGGAATACACTA_001,53
ACAGAGTCGGGAATACACTA_002,49
ACAGAGTCGGGAATACACTA_003,149
ACAGAGTCGGGAATACACTA_004,5
ACAGAGTCGGGAATACACTA_005,20
ACAGAGTCGGGAATACACTA_006,52
ACAGAGTCGGGAATACACTA_007,136
ACAGAGTCGGGAATACACTA_008,17
CAGGTCCCGGAAGTACAGTG_001,177
CAGGTCCCGGAAGTACAGTG_002,160
CAGGTCCCGGAAGTACAGTG_003,129
CAGGTCCCGGAAGTACAGTG_004,163
CAGGTCCCGGAAGTACAGTG_005,44
CAGGTCCCGGAAGTACAGTG_006,49
CAGGTCCCGGAAGTACAGTG_007,189
CAGGTCCCGGAAGTACAGTG_008,38
CAGGTCCCGGAAGTACAGTG_009,78
CAGGTCCCGGAAGTACAGTG_010,50
CAGGTCCCGGAAGTACAGTG_011,175
CAGGTCCCGGAAGTACAGTG_012,44
CAGGTCCCGGAAGTACAGTG_013,183
CAGGTCCCGGAAGTACAGTG_014,156
CAGGTCCCGGAAGTACAGTG_015,110
CAGGTCCCGGAAGTACAGTG_016,68
CAGGTCCCGGAAGTACAGTG_017,65
CAGGTCCCGGAAGTACAGTG_018,184
CAGGTCCCGGAAGTACAGTG_019,169
CAGGTCCCGGAAGTACAGTG_020,107
CAGGTCCCGGAAGTACAGTG_021,175
CAGGTCCCGGAAGTACAGTG_022,62
CAGGTCCCGGAAGTACAGTG_023,45
CAGGTCCCGGAAGTACAGTG_024,12
CAGGTCCCGGAAGTACAGTG_025,94
CAGGTCCCGGAAGTACAGTG_026,95
CAGGTCCCGGAAGTACAGTG_027,21
CAGGTCCCGGAAGTACAGTG_028,69
CAGGTCCCGGAAGTACAGTG_029,98
GCAACCACGAGCCAACACCA_001,32
GCAACCACGAGCCAACACCA_002,53
GCAACCACGAGCCAACACCA_003,41
GCAACCACGAGCCAACACCA_004,2
GCAACCACGAGCCAACACCA_005,157
GCAACCACGAGCCAACACCA_006,79
GCAACCACGAGCCAACACCA_007,149
GCAACCACGAGCCAACACCA_008,23
GCAACCACGAGCCAACACCA_009,52
GCAACCACGAGCCAACACCA_010,138
GCAACCACGAGCCAACACCA_011,40
GCAACCACGAGCCAACACCA_012,188
GCAACCACGAGCCAACACCA_013,51
GCAACCACGAGCCAACACCA_014,72
GCAACCACGAGCCAACACCA_015,197
AGTTCCTTAAAACCCACCAT_001,144
AGTTCCTTAAAACCCACCAT_002,97
AGTTCCTTAAAACCCACCAT_003,90
AGTTCCTTAAAACCCACCAT_004,144
AGTTCCTTAAAACCCACCAT_005,188
AGTTCCTTAAAACCCACCAT_006,183
CCACCAGGACGTGTCTACGC_001,29
CCACCAGGACGTGTCTACGC_002,63
CCACCAGGACGTGTCTACGC_003,19
CCACCAGGACGTGTCTACGC_004,141
CGAAAAGAGTATGATACACT_001,105
CGAAAAGAGTATGATACACT_002,107
TACAGCACACGACAGCACTG_001,62
TACAGCACACGACAGCACTG_002,94
TACAGCACACGACAGCACTG_003,60
TACAGCACACGACAGCACTG_004,127
TACAGCACACGACAGCACTG_005,172
TACAGCACACGACAGCACTG_006,175
TACAGCACACGACAGCACTG_007,96
TACAGCACACGACAGCACTG_008,177
TACAGCACACGACAGCACTG_009,2
TACAGCACACGACAGCACTG_010,69
TACAGCACACGACAGCACTG_011,66
TACAGCACACGACAGCACTG_012,178
TACAGCACACGACAGCACTG_013,65
TACAGCACACGACAGCACTG_014,113
TACAGCACACGACAGCACTG_015,192
TACAGCACACGACAGCACTG_016,9
TACAGCACACGACAGCACTG_017,162
TACAGCACACGACAGCACTG_018,110
TACAGCACACGACAGCACTG_019,103
TACAGCACACGACAGCACTG_020,8
CCTCTAGAGTGGAAAAGACA_001,0
CCTCTAGAGTGGAAAAGACA_002,52
CCTCTAGAGTGGAAAAGACA_003,139
CCTCTAGAGTGGAAAAGACA_004,117
CCTCTAGAGTGGAAAAGACA_005,33
CCTCTAGAGTGGAAAAGACA_006,126
AGACAAGGGACGGGTTCATG_001,55
AGACAAGGGACGGGTTCATG_002,89
AGACAAGGGACGGGTTCATG_003,162
AGACAAGGGACGGGTTCATG_004,98
AGACAAGGGACGGGTTCATG_005,113
AGACAAGGGACGGGTTCATG_006,81
AGACAAGGGACGGGTTCATG_007,82
AGACAAGGGACGGGTTCATG_008,70
AGACAAGGGACGGGTTCATG_009,77
AGACAAGGGACGGGTTCATG_010,180
AGACAAGGGACGGGTTCATG_011,77
CATGTGATGCTTATCCGGCA_001,86
CATGTGATGCTTATCCGGCA_002,141
CATGTGATGCTTATCCGGCA_003,171
CATGTGATGCTTATCCGGCA_004,183
CATGTGATGCTTATCCGGCA_005,62
CTTCAGCTCATCGAATCGAA_001,141
CTTCAGCTCATCGAATCGAA_002,33
CTTCAGCTCATCGAATCGAA_003,81
CTTCAGCTCATCGAATCGAA_004,37
CTTCAGCTCATCGAATCGAA_005,78
CTTCAGCTCATCGAATCGAA_006,92
CTCCAGGTGACGAAACACCC_001,40
GCTGCAGATTCGGGACACAC_001,163
GCTGCAGATTCGGGACACAC_002,178
GCTGCAGATTCGGGACACAC_003,69
GCTGCAGATTCGGGACACAC_004,125
GCTGCAGATTCGGGACACAC_005,76
GCTGCAGATTCGGGACACAC_006,62
GCTGCAGATTCGGGACACAC_007,145
GCTGCAGATTCGGGACACAC_008,169
GCTGCAGATTCGGGACACAC_009,185
GCTGCAGATTCGGGACACAC_010,153
GCTGCAGATTCGGGACACAC_011,84
TCTACAGATTATTCAGGACA_001,44
AGCTTCAAGGATCTGAACTG_001,71
AGCTTCAAGGATCTGAACTG_002,170
AGCTTCAAGGATCTGAACTG_003,60
AGCTTCAAGGATCTGAACTG_004,108
AGCTTCAAGGATCTGAACTG_005,9
AGCTTCAAGGATCTGAACTG_006,102
AGCTTCAAGGATCTGAACTG_007,22
AGCTTCAAGGATCTGAACTG_008,1
TTGCGGCTGAGTCTGACTAA_001,172
TTGCGGCTGAGTCTGACTAA_002,145
TTGCGGCTGAGTCTGACTAA_003,86
TTGCGGCTGAGTCTGACTAA_004,19
TTGCGGCTGAGTCTGACTAA_005,162
GGCAGACAAACCAGACATGG_001,44
GGCAGACAAACCAGACATGG_002,51
GGCAGACAAACCAGACATGG_003,12
TATGTCTGGAATCTGACGGG_001,83
TATGTCTGGAATCTGACGGG_002,61
TATGTCTGGAATCTGACGGG_003,43
TATGTCTGGAATCTGACGGG_004,163
TATGTCTGGAATCTGACGGG_005,163
TATGTCTGGAATCTGACGGG_006,44
TATGTCTGGAATCTGACGGG_007,161
ACAACGCAGTCATCTCCATG_001,116
TGAGCACTGAGAGGTCAAAG_001,49
TGAGCACTGAGAGGTCAAAG_002,199
TGAGCACTGAGAGGTCAAAG_003,48
TGAGCACTGAGAGGTCAAAG_004,60
CAGATGAAACTGATCTACCA_001,102
CAGATGAAACTGATCTACCA_002,105
CAGATGAAACTGATCTACCA_003,190
CAGATGAAACTGATCTACCA_004,169
AAGGTCCCACCTCAAATGGA_001,2
AAGGTCCCACCTCAAATGGA_002,58
AAGGTCCCACCTCAAATGGA_003,117
AAGGTCCCACCTCAAATGGA_004,48
AAGGTCCCACCTCAAATGGA_005,130
AAGGTCCCACCTCAAATGGA_006,77
AAGGTCCCACCTCAAATGGA_007,11
AAGGTCCCACCTCAAATGGA_008,181
AAGGTCCCACCTCAAATGGA_009,100
AAGGTCCCACCTCAAATGGA_010,115
AAGGTCCCACCTCAAATGGA_011,195
AAGGTCCCACCTCAAATGGA_012,178
AAGGTCCCACCTCAAATGGA_013,3
AAGGTCCCACCTCAAATGGA_014,60
AAGGTCCCACCTCAAATGGA_015,32
AAGGTCCCACCTCAAATGGA_016,56
AAGGTCCCACCTCAAATGGA_017,144
AAGGTCCCACCTCAAATGGA_018,110
AAGGTCCCACCTCAAATGGA_019,94
AAGGTCCCACCTCAAATGGA_020,47
AAGGTCCCACCTCAAATGGA_021,56
AAGGTCCCACCTCAAATGGA_022,81
AAGGTCCCACCTCAAATGGA_023,35
AAGGTCCCACCTCAAATGGA_024,27
AAGGTCCCACCTCAAATGGA_025,168
AAGGTCCCACCTCAAATGGA_026,149
AAGGTCCCACCTCAAATGGA_027,134
AAGGTCCCACCTCAAATGGA_028,175
AAGGTCCCACCTCAAATGGA_029,187
AAGGTCCCACCTCAAATGGA_030,17
AAGGTCCCACCTCAAATGGA_031,145
AAGGTCCCACCTCAAATGGA_032,195
AAGGTCCCACCTCAAATGGA_033,104
AAGGTCCCACCTCAAATGGA_034,146
AAGGTCCCACCTCAAATGGA_035,188
AAGGTCCCACCTCAAATGGA_036,29
AAGGTCCCACCTCAAATGGA_037,88
AAGGTCCCACCTCAAATGGA_038,158
AAGGTCCCACCTCAAATGGA_039,59
AAGGTCCCACCTCAAATGGA_040,11
AAGGTCCCACCTCAAATGGA_041,28
AAGGTCCCACCTCAAATGGA_042,70
AAGGTCCCACCTCAAATGGA_043,131
AAGGTCCCACCTCAAATGGA_044,150
AAGGTCCCACCTCAAATGGA_045,94
CATCAGCAGGATTTACACGG_001,69
CATCAGCAGGATTTACACGG_002,90
CATCAGCAGGATTTACACGG_003,169
CATCAGCAGGATTTACACGG_004,128
CATCAGCAGGATTTACACGG_005,103
CATCAGCAGGATTTACACGG_006,74
CATCAGCAGGATTTACACGG_007,56
CATCAGCAGGATTTACACGG_008,175
CATTTGCCAGCAAAGCACGT_001,40
CATTTGCCAGCAAAGCACGT_002,151
CATTTGCCAGCAAAGCACGT_003,93
CATTTGCCAGCAAAGCACGT_004,57
CATTTGCCAGCAAAGCACGT_005,183
CATTTGCCAGCAAAGCACGT_006,14
CATTTGCCAGCAAAGCACGT_007,93
CATTTGCCAGCAAAGCACGT_008,169
CATTTGCCAGCAAAGCACGT_009,106
CATTTGCCAGCAAAGCACGT_010,9
CATTTGCCAGCAAAGCACGT_011,33
CATTTGCCAGCAAAGCACGT_012,120
CATTTGCCAGCAAAGCACGT_013,62
CATTTGCCAGCAAAGCACGT_014,160
CATTTGCCAGCAAAGCACGT_015,35
CATTTGCCAGCAAAGCACGT_016,19
CATTTGCCAGCAAAGCACGT_017,62
CATTTGCCAGCAAAGCACGT_018,19
CATTTGCCAGCAAAGCACGT_019,46
CATTTGCCAGCAAAGCACGT_020,175
AAGCAGGAGCAGGAGACACA_001,99
AAGCAGGAGCAGGAGACACA_002,27
AAGCAGGAGCAGGAGACACA_003,38
AAGCAGGAGCAGGAGACACA_004,115
AAGCAGGAGCAGGAGACACA_005,1
AAGCAGGAGCAGGAGACACA_006,8
AAGCAGGAGCAGGAGACACA_007,156
AAGCAGGAGCAGGAGACACA_008,164
AAGCAGGAGCAGGAGACACA_009,107
AAGCAGGAGCAGGAGACACA_010,155
AAGCAGGAGCAGGAGACACA_011,102
AAGCAGGAGCAGGAGACACA_012,70
AAGCAGGAGCAGGAGACACA_013,124
AAGCAGGAGCAGGAGACACA_014,12
AAGCAGGAGCAGGAGACACA_015,174
GCAGAGCTTGCGCCTCATGG_001,88
GCAGAGCTTGCGCCTCATGG_002,172
GCAGAGCTTGCGCCTCATGG_003,137
GCAGAGCTTGCGCCTCATGG_004,170
ATCATGGAATAGTTTCGAGG_001,184
ATCATGGAATAGTTTCGAGG_002,137
ATCATGGAATAGTTTCGAGG_003,33
ATCATGGAATAGTTTCGAGG_004,166
ATCATGGAATAGTTTCGAGG_005,57
GTGGAAGCGCTTATCAATCA_001,85
GTGGAAGCGCTTATCAATCA_002,92
GTGGAAGCGCTTATCAATCA_003,172
GTGGAAGCGCTTATCAATCA_004,156
GTGGGTTCATGATCCATCAG_001,29
CTGCCGGGAATAAAAACCAG_001,91
CTGCCGGGAATAAAAACCAG_002,91
CTGCCGGGAATAAAAACCAG_003,113
CTGCCGGGAATAAAAACCAG_004,134
CTGCCGGGAATAAAAACCAG_005,58
CTGCCGGGAATAAAAACCAG_006,70
CTGCCGGGAATAAAAACCAG_007,191
CTGCCGGGAATAAAAACCAG_008,113
CTGCCGGGAATAAAAACCAG_009,101
CTGCCGGGAATAAAAACCAG_010,48
CTGCCGGGAATAAAAACCAG_011,144
CTGCCGGGAATAAAAACCAG_012,163
CTGCCGGGAATAAAAACCAG_013,105
CTGCCGGGAATAAAAACCAG_014,182
CTGCCGGGAATAAAAACCAG_015,191
AGCAAGAACTGACACGCCTG_001,6
AGCAAGAACTGACACGCCTG_002,119
AGCAAGAACTGACACGCCTG_003,78
AGCAAGAACTGACACGCCTG_004,127
AGCAAGAACTGACACGCCTG_005,170
AGCAAGAACTGACACGCCTG_006,105
AGCAAGAACTGACACGCCTG_007,108
AGCAAGAACTGACACGCCTG_008,100
AGCAAGAACTGACACGCCTG_009,183
AGCAAGAACTGACACGCCTG_010,15
AGCAAGAACTGACACGCCTG_011,51
AGCAAGAACTGACACGCCTG_012,12
AGCAAGAACTGACACGCCTG_013,158
AGCAAGAACTGACACGCCTG_014,162
AGCAAGAACTGACACGCCTG_015,19
AGCAAGAACTGACACGCCTG_016,197
AGCAAGAACTGACACGCCTG_017,104
AGCAAGAACTGACACGCCTG_018,82
AGCAAGAACTGACACGCCTG_019,155
AGCAAGAACTGACACGCCTG_020,86
AGCAAGAACTGACACGCCTG_021,108
AGCAAGAACTGACACGCCTG_022,97
AGCAAGAACTGACACGCCTG_023,154
AGCAAGAACTGACACGCCTG_024,17
AGCAAGAACTGACACGCCTG_025,169
AGCAAGAACTGACACGCCTG_026,16
AGCAAGAACTGACACGCCTG_027,198
AGCAAGAACTGACACGCCTG_028,149
AGCAAGAACTGACACGCCTG_029,147
AGCAAGAACTGACACGCCTG_030,176
AGCAAGAACTGACACGCCTG_031,130
AGCAAGAACTGACACGCCTG_032,161
AGCAAGAACTGACACGCCTG_033,100
AGCAAGAACTGACACGCCTG_034,156
AGCAAGAACTGACACGCCTG_035,124
AGCAAGAACTGACACGCCTG_036,150
AGCAAGAACTGACACGCCTG_037,178
TAGGCATACGCTGACTACAT_001,130
TAGGCATACGCTGACTACAT_002,78
TAGGCATACGCTGACTACAT_003,104
TAGGCATACGCTGACTACAT_004,63
TAGGCATACGCTGACTACAT_005,11
TAGGCATACGCTGACTACAT_006,124
TAGGTACAAGCAAATGCCAT_001,84
TAGGTACAAGCAAATGCCAT_002,101
TAGGTACAAGCAAATGCCAT_003,78
TAGGTACAAGCAAATGCCAT_004,175
TAGGTACAAGCAAATGCCAT_005,27
TAGGTACAAGCAAATGCCAT_006,120
TAGGTACAAGCAAATGCCAT_007,83
TAGGTACAAGCAAATGCCAT_008,132
TAGGTACAAGCAAATGCCAT_009,28
TAGGTACAAGCAAATGCCAT_010,8
TAGGTACAAGCAAATGCCAT_011,150
TAGGTACAAGCAAATGCCAT_012,127
CCGGGGGTTGAAATGCAGCG_001,112
CCGGGGGTTGAAATGCAGCG_002,31
CCGGGGGTTGAAATGCAGCG_003,35
CCGGGGGTTGAAATGCAGCG_004,6
CCGGGGGTTGAAATGCAGCG_005,169
CCGGGGGTTGAAATGCAGCG_006,66
CCGGGGGTTGAAATGCAGCG_007,116
CCGGGGGTTGAAATGCAGCG_008,38
CCGGGGGTTGAAATGCAGCG_009,188
CCGGGGGTTGAAATGCAGCG_010,60
CCGGGGGTTGAAATGCAGCG_011,198
CCGGGGGTTGAAATGCAGCG_012,140
CCGGGGGTTGAAATGCAGCG_013,190
CCGGGGGTTGAAATGCAGCG_014,19
CCGGGGGTTGAAATGCAGCG_015,199
CCGGGGGTTGAAATGCAGCG_016,105
CCGGGGGTTGAAATGCAGCG_017,137
CCGGGGGTTGAAATGCAGCG_018,11
CCGGGGGTTGAAATGCAGCG_019,174
CCGGGGGTTGAAATGCAGCG_020,86
CCGGGGGTTGAAATGCAGCG_021,108
ACTCTGGAAACAGTACATCA_001,3
GAAGAAAGAGCCTTGCCACG_001,169
GAAGAAAGAGCCTTGCCACG_002,155
GAAGAAAGAGCCTTGCCACG_003,23
GAAGAAAGAGCCTTGCCACG_004,177
GAAGAAAGAGCCTTGCCACG_005,93
GAAGAAAGAGCCTTGCCACG_006,118
GAAGAAAGAGCCTTGCCACG_007,145
GAAGAAAGAGCCTTGCCACG_008,1
TGATATGGAACGGTTCATGG_001,138
TGATATGGAACGGTTCATGG_002,138
TGCCAGGATGTGGGTCCGAG_001,110
TGCCAGGATGTGGGTCCGAG_002,172
TGCCAGGATGTGGGTCCGAG_003,32
AAGACAGGAGCGTCCCGGTG_001,176
AAGACAGGAGCGTCCCGGTG_002,171
AAGACAGGAGCGTCCCGGTG_003,47
AAGACAGGAGCGTCCCGGTG_004,30
AAGACAGGAGCGTCCCGGTG_005,174
AAGACAGGAGCGTCCCGGTG_006,47
AAGACAGGAGCGTCCCGGTG_007,191
AAGACAGGAGCGTCCCGGTG_008,105
AAGACAGGAGCGTCCCGGTG_009,68
AAGACAGGAGCGTCCCGGTG_010,144
AAGACAGGAGCGTCCCGGTG_011,17
AAGACAGGAGCGTCCCGGTG_012,94
AAGACAGGAGCGTCCCGGTG_013,58
AAGACAGGAGCGTCCCGGTG_014,172
AAGACAGGAGCGTCCCGGTG_015,197
AAGACAGGAGCGTCCCGGTG_016,140
AAGACAGGAGCGTCCCGGTG_017,160
AAGACAGGAGCGTCCCGGTG_018,16
AAGACAGGAGCGTCCCGGTG_019,2
AAGACAGGAGCGTCCCGGTG_020,32
AAGACAGGAGCGTCCCGGTG_021,66
AAGACAGGAGCGTCCCGGTG_022,68
AAGACAGGAGCGTCCCGGTG_023,48
AAGACAGGAGCGTCCCGGTG_024,69
TGAGCCAAGTAAGACCACAG_001,4
TGAGCCAAGTAAGACCACAG_002,20
TGAGCCAAGTAAGACCACAG_003,100
TGAGCCAAGTAAGACCACAG_004,5
TGAGCCAAGTAAGACCACAG_005,112
TGAGCCAAGTAAGACCACAG_006,194
TGAGCCAAGTAAGACCACAG_007,181
TGAGCCAAGTAAGACCACAG_008,174
TGAGCCAAGTAAGACCACAG_009,9
TGAGCCAAGTAAGACCACAG_010,103
CAGTGGAGCAAATTACCCTG_001,12
CAGTGGAGCAAATTACCCTG_002,63
CAGTGGAGCAAATTACCCTG_003,138
CAGTGGAGCAAATTACCCTG_004,102
CAGTGGAGCAAATTACCCTG_005,113
CAGTGGAGCAAATTACCCTG_006,168
CAGTGGAGCAAATTACCCTG_007,28
CAGTGGAGCAAATTACCCTG_008,121
CAGTGGAGCAAATTACCCTG_009,32
CAGTGGAGCAAATTACCCTG_010,198
CAGTGGAGCAAATTACCCTG_011,198
CAGTGGAGCAAATTACCCTG_012,169
CTATGGCTCATACAGCACTC_001,108
GGACTCGAAGTGTCGTTTCG_001,134
GGACTCGAAGTGTCGTTTCG_002,107
GGACTCGAAGTGTCGTTTCG_003,122
GGACTCGAAGTGTCGTTTCG_004,58
GGACTCGAAGTGTCGTTTCG_005,193
GGACTCGAAGTGTCGTTTCG_006,9
GGACTCGAAGTGTCGTTTCG_007,150
GGACTCGAAGTGTCGTTTCG_008,88
GGACTCGAAGTGTCGTTTCG_009,88
GGACTCGAAGTGTCGTTTCG_010,62
GGACTCGAAGTGTCGTTTCG_011,82
ACATTGTCCAGCGATGATGG_001,14
ACATTGTCCAGCGATGATGG_002,199
ACATTGTCCAGCGATGATGG_003,0
ACATTGTCCAGCGATGATGG_004,145
ACATTGTCCAGCGATGATGG_005,169
ACATTGTCCAGCGATGATGG_006,148
ACATTGTCCAGCGATGATGG_007,14
ACATTGTCCAGCGATGATGG_008,29
ACATTGTCCAGCGATGATGG_009,81
ACTGCTCCCTCACAAATCCT_001,166
ACTGCTCCCTCACAAATCCT_002,1
ACTGCTCCCTCACAAATCCT_003,76
ACTGCTCCCTCACAAATCCT_004,2
ACTGCTCCCTCACAAATCCT_005,122
ACTGCTCCCTCACAAATCCT_006,83
ACTGCTCCCTCACAAATCCT_007,182
ACTGCTCCCTCACAAATCCT_008,136
ACTGCTCCCTCACAAATCCT_009,65
ACTGCTCCCTCACAAATCCT_010,103
ACTGCTCCCTCACAAATCCT_011,13
ACTGCTCCCTCACAAATCCT_012,74
ACTGCTCCCTCACAAATCCT_013,74
CTTCCTGAGTCACATCACAG_001,17
CTTCCTGAGTCACATCACAG_002,157
CTTCCTGAGTCACATCACAG_003,105
CTTCCTGAGTCACATCACAG_004,117
CTTCCTGAGTCACATCACAG_005,15
CTTCCTGAGTCACATCACAG_006,93
CTTCCTGAGTCACATCACAG_007,182
CTTCCTGAGTCACATCACAG_008,1
CTTCCTGAGTCACATCACAG_009,109
CTTCCTGAGTCACATCACAG_010,31
CTTCCTGAGTCACATCACAG_011,162
CTTCCTGAGTCACATCACAG_012,172
CTTCCTGAGTCACATCACAG_013,112
CTTCCTGAGTCACATCACAG_014,118
CTTCCTGAGTCACATCACAG_015,177
CTTCCTGAGTCACATCACAG_016,57
CTTCCTGAGTCACATCACAG_017,72
TGTGGCCCCAGTTCTGAAAG_001,115
TGTGGCCCCAGTTCTGAAAG_002,60
TGTGGCCCCAGTTCTGAAAG_003,29
TGTGGCCCCAGTTCTGAAAG_004,18
TGTGGCCCCAGTTCTGAAAG_005,35
TGTGGCCCCAGTTCTGAAAG_006,186
TGTGGCCCCAGTTCTGAAAG_007,175
TGTGGCCCCAGTTCTGAAAG_008,122
TGTGGCCCCAGTTCTGAAAG_009,158
TGTGGCCCCAGTTCTGAAAG_010,17
CTCTGCGGATAGAAGCCCAA_001,125
CTCTGCGGATAGAAGCCCAA_002,108
CTCTGCGGATAGAAGCCCAA_003,58
CTCTGCGGATAGAAGCCCAA_004,127
CTCTGCGGATAGAAGCCCAA_005,112
CTCTGCGGATAGAAGCCCAA_006,123
CTCTGCGGATAGAAGCCCAA_007,166
CTCTGCGGATAGAAGCCCAA_008,166
CTCTGCGGATAGAAGCCCAA_009,31
CTCTGCGGATAGAAGCCCAA_010,174
GGTCAGTAGAGCATCCAAAG_001,134
GGTCAGTAGAGCATCCAAAG_002,17
GGTCAGTAGAGCATCCAAAG_003,12
GGTCAGTAGAGCATCCAAAG_004,175
GGTCAGTAGAGCATCCAAAG_005,105
GGTCAGTAGAGCATCCAAAG_006,6
GGTCAGTAGAGCATCCAAAG_007,6
GGTCAGTAGAGCATCCAAAG_008,47
GGTCAGTAGAGCATCCAAAG_009,166
TCAAAAAAGTCCATTTGCCC_001,63
TCAAAAAAGTCCATTTGCCC_002,40
ATCAGAGTGCCATAGCGCAG_001,158
ATCAGAGTGCCATAGCGCAG_002,35
ATCAGAGTGCCATAGCGCAG_003,122
ATCAGAGTGCCATAGCGCAG_004,172
ATCAGAGTGCCATAGCGCAG_005,94
ATCAGAGTGCCATAGCGCAG_006,82
ATCAGAGTGCCATAGCGCAG_007,34
ATCAGAGTGCCATAGCGCAG_008,77
ATCAGAGTGCCATAGCGCAG_009,197
ATCAGAGTGCCATAGCGCAG_010,33
ATCAGAGTGCCATAGCGCAG_011,103
ATCAGAGTGCCATAGCGCAG_012,123
ATCAGAGTGCCATAGCGCAG_013,98
ATCAGAGTGCCATAGCGCAG_014,34
ATCAGAGTGCCATAGCGCAG_015,68
ATCAGAGTGCCATAGCGCAG_016,190
ATCAGAGTGCCATAGCGCAG_017,174
ATCAGAGTGCCATAGCGCAG_018,185
ATCAGAGTGCCATAGCGCAG_019,146
ATCAGAGTGCCATAGCGCAG_020,188
ATCAGAGTGCCATAGCGCAG_021,161
ATCAGAGTGCCATAGCGCAG_022,108
ATCAGAGTGCCATAGCGCAG_023,73
ATCAGAGTGCCATAGCGCAG_024,193
ATCAGAGTGCCATAGCGCAG_025,180
ATCAGAGTGCCATAGCGCAG_026,111
ATCAGAGTGCCATAGCGCAG_027,144
TAACCGGGAGTCCTTCGATG_001,53
TAACCGGGAGTCCTTCGATG_002,161
TAACCGGGAGTCCTTCGATG_003,2
TAACCGGGAGTCCTTCGATG_004,63
TAACCGGGAGTCCTTCGATG_005,152
TAACCGGGAGTCCTTCGATG_006,166
TAACCGGGAGTCCTTCGATG_007,115
TAACCGGGAGTCCTTCGATG_008,46
TAACCGGGAGTCCTTCGATG_009,38
TAACCGGGAGTCCTTCGATG_010,116
TAACCGGGAGTCCTTCGATG_011,70
TAACCGGGAGTCCTTCGATG_012,6
TAACCGGGAGTCCTTCGATG_013,67
TAACCGGGAGTCCTTCGATG_014,56
TAACCGGGAGTCCTTCGATG_015,3
TAACCGGGAGTCCTTCGATG_016,90
TAACCGGGAGTCCTTCGATG_017,78
TAACCGGGAGTCCTTCGATG_018,76
CTGGGATTCTAGTCCCACCA_001,60
CTGGGATTCTAGTCCCACCA_002,44
CTGGGATTCTAGTCCCACCA_003,32
CTGGGATTCTAGTCCCACCA_004,111
CTGGGATTCTAGTCCCACCA_005,177
CTGGGATTCTAGTCCCACCA_006,146
CTGGGATTCTAGTCCCACCA_007,69
CTGGGATTCTAGTCCCACCA_008,106
CTGGGATTCTAGTCCCACCA_009,198
CTGGGATTCTAGTCCCACCA_010,115
AAATACAGTTCGTAACTCTG_001,94
AAATACAGTTCGTAACTCTG_002,88
AAATACAGTTCGTAACTCTG_003,144
AAATACAGTTCGTAACTCTG_004,56
AAATACAGTTCGTAACTCTG_005,0
AAATACAGTTCGTAACTCTG_006,158
AAATACAGTTCGTAACTCTG_007,115
AAATACAGTTCGTAACTCTG_008,68
AAATACAGTTCGTAACTCTG_009,80
AAATACAGTTCGTAACTCTG_010,168
AAATACAGTTCGTAACTCTG_011,7
TGAGTGCCGCTTAAACAACG_001,58
TGAGTGCCGCTTAAACAACG_002,38
TGAGTGCCGCTTAAACAACG_003,123
TGAGTGCCGCTTAAACAACG_004,131
TGAGTGCCGCTTAAACAACG_005,62
TGAGTGCCGCTTAAACAACG_006,37
TGAGTGCCGCTTAAACAACG_007,183
ATGAAGGCGTCCATTCCGTA_001,182
ATGAAGGCGTCCATTCCGTA_002,50
ATGAAGGCGTCCATTCCGTA_003,83
ATGAAGGCGTCCATTCCGTA_004,156
ATGAAGGCGTCCATTCCGTA_005,165
ATGAAGGCGTCCATTCCGTA_006,8
ATGAAGGCGTCCATTCCGTA_007,4
ATGAAGGCGTCCATTCCGTA_008,176
ATGAAGGCGTCCATTCCGTA_009,87
ATGAAGGCGTCCATTCCGTA_010,23
GTCATTGTCATAAAACACGA_001,39
GTCATTGTCATAAAACACGA_002,90
GATAACGTACCAGACCCAGG_001,136
GTGCTGAACAAGAGCAACGA_001,2
GTGCTGAACAAGAGCAACGA_002,115
GTGCTGAACAAGAGCAACGA_003,68
GTGCTGAACAAGAGCAACGA_004,188
GTGCTGAACAAGAGCAACGA_005,94
GTGCTGAACAAGAGCAACGA_006,177
GTGCTGAACAAGAGCAACGA_007,47
GTGCTGAACAAGAGCAACGA_008,146
GTGCTGAACAAGAGCAACGA_009,95
GTGCTGAACAAGAGCAACGA_010,94
GTGCTGAACAAGAGCAACGA_011,75
GTGCTGAACAAGAGCAACGA_012,102
GTGCTGAACAAGAGCAACGA_013,103
GTGCTGAACAAGAGCAACGA_014,184
GTGCTGAACAAGAGCAACGA_015,12
GTGCTGAACAAGAGCAACGA_016,45
GTGCTGAACAAGAGCAACGA_017,62
GTGCTGAACAAGAGCAACGA_018,94
GTGCTGAACAAGAGCAACGA_019,74
GTTGCCGTCCATTGTCAACG_001,146
GTTGCCGTCCATTGTCAACG_002,160
GTTGCCGTCCATTGTCAACG_003,176
GTTGCCGTCCATTGTCAACG_004,146
GTTGCCGTCCATTGTCAACG_005,179
GTTGCCGTCCATTGTCAACG_006,180
TGGAGGCTGGATTAGCCGAG_001,150
TGGAGGCTGGATTAGCCGAG_002,106
TGGAGGCTGGATTAGCCGAG_003,42
GGAGTCTAATTCCCTATGCA_001,147
GGAGTCTAATTCCCTATGCA_002,122
GGAGTCTAATTCCCTATGCA_003,36
GGAGTCTAATTCCCTATGCA_004,159
GGAGTCTAATTCCCTATGCA_005,98
GGAGTCTAATTCCCTATGCA_006,130
GGAGTCTAATTCCCTATGCA_007,142
GGAGTCTAATTCCCTATGCA_008,137
GGAGTCTAATTCCCTATGCA_009,135
GGAGTCTAATTCCCTATGCA_010,64
GGAGTCTAATTCCCTATGCA_011,114
GGAGTCTAATTCCCTATGCA_012,114
TTCAACGAGCTTAGACTAGA_001,1
TTCAACGAGCTTAGACTAGA_002,58
TTCAACGAGCTTAGACTAGA_003,170
TTCAACGAGCTTAGACTAGA_004,70
TTCAACGAGCTTAGACTAGA_005,154
TTCAACGAGCTTAGACTAGA_006,151
TTCAACGAGCTTAGACTAGA_007,199
TTCAACGAGCTTAGACTAGA_008,51
TTCAACGAGCTTAGACTAGA_009,150
TTCAACGAGCTTAGACTAGA_010,3
GAACCACGTGAAATCCCGTG_001,15
GAACCACGTGAAATCCCGTG_002,190
GAACCACGTGAAATCCCGTG_003,34
GAACCACGTGAAATCCCGTG_004,48
AGAGATCTGGCTCCACAAGG_001,2
AGAGATCTGGCTCCACAAGG_002,165
AGAGATCTGGCTCCACAAGG_003,181
AGAGATCTGGCTCCACAAGG_004,169
AGAGATCTGGCTCCACAAGG_005,163
AGAGATCTGGCTCCACAAGG_006,169
CCTCAAGTAGGTTTAAGAGG_001,144
CCTCAAGTAGGTTTAAGAGG_002,14
CCTCAAGTAGGTTTAAGAGG_003,87
CCTCAAGTAGGTTTAAGAGG_004,131
CTCTTGATATCATTAATGCG_001,43
CTCTTGATATCATTAATGCG_002,178
CTCTTGATATCATTAATGCG_003,118
CCCCTTTCAGGATGTAGACG_001,104
CCCCTTTCAGGATGTAGACG_002,53
CCCCTTTCAGGATGTAGACG_003,67
CCCCTTTCAGGATGTAGACG_004,159
CCCCTTTCAGGATGTAGACG_005,121
CCCCTTTCAGGATGTAGACG_006,57
CCCCTTTCAGGATGTAGACG_007,162
CCCCTTTCAGGATGTAGACG_008,90
CCCCTTTCAGGATGTAGACG_009,24
CCCCTTTCAGGATGTAGACG_010,130
CCCCTTTCAGGATGTAGACG_011,188
CCCCTTTCAGGATGTAGACG_012,125
CCCCTTTCAGGATGTAGACG_013,162
CGGTCACTCACTGTAGCGCG_001,160
CGGTCACTCACTGTAGCGCG_002,34
CGGTCACTCACTGTAGCGCG_003,75
CGGTCACTCACTGTAGCGCG_004,196
CGGTCACTCACTGTAGCGCG_005,129
CGGTCACTCACTGTAGCGCG_006,149
CGGTCACTCACTGTAGCGCG_007,126
GCGGGAAGATGCCCACCAAG_001,20
GCGGGAAGATGCCCACCAAG_002,151
GCGGGAAGATGCCCACCAAG_003,197
GCGGGAAGATGCCCACCAAG_004,182
GCGGGAAGATGCCCACCAAG_005,162
GCGGGAAGATGCCCACCAAG_006,160
GCGGGAAGATGCCCACCAAG_007,184
GCGGGAAGATGCCCACCAAG_008,76
GCGGGAAGATGCCCACCAAG_009,61
GCGGGAAGATGCCCACCAAG_010,50
GCGGGAAGATGCCCACCAAG_011,12
GCGGGAAGATGCCCACCAAG_012,13
CTGGGGCGGCCTATGTCGAG_001,61
CTGGGGCGGCCTATGTCGAG_002,29
CTGGGGCGGCCTATGTCGAG_003,94
CTGGGGCGGCCTATGTCGAG_004,172
CTGGGGCGGCCTATGTCGAG_005,172
CTGGGGCGGCCTATGTCGAG_006,102
CTGGGGCGGCCTATGTCGAG_007,57
GGAGGAATCCGCGTGCACCA_001,161
GGAGGAATCCGCGTGCACCA_002,194
GGAGGAATCCGCGTGCACCA_003,77
GGAGGAATCCGCGTGCACCA_004,150
GGAGGAATCCGCGTGCACCA_005,77
GGAGGAATCCGCGTGCACCA_006,154
GGAGGAATCCGCGTGCACCA_007,85
GGAGGAATCCGCGTGCACCA_008,32
GGAGGAATCCGCGTGCACCA_009,195
GGAGGAATCCGCGTGCACCA_010,15
GGAGGAATCCGCGTGCACCA_011,198
GGAGGAATCCGCGTGCACCA_012,22
GGAGGAATCCGCGTGCACCA_013,148
GGAGGAATCCGCGTGCACCA_014,76
GGAGGAATCCGCGTGCACCA_015,30
GGAGGAATCCGCGTGCACCA_016,174
GGAGGAATCCGCGTGCACCA_017,133
GGAGGAATCCGCGTGCACCA_018,64
GGAGGAATCCGCGTGCACCA_019,39
GGAGGAATCCGCGTGCACCA_020,66
GGAGGAATCCGCGTGCACCA_021,110
GGAGGAATCCGCGTGCACCA_022,175
GGAGGAATCCGCGTGCACCA_023,9
GGAGGAATCCGCGTGCACCA_024,47
GGAGGAATCCGCGTGCACCA_025,104
GGAGGAATCCGCGTGCACCA_026,35
GGAGGAATCCGCGTGCACCA_027,140
GGAGGAATCCGCGTGCACCA_028,197
GGAGGAATCCGCGTGCACCA_029,17
GGAGGAATCCGCGTGCACCA_030,141
GGAGGAATCCGCGTGCACCA_031,60
GGAGGAATCCGCGTGCACCA_032,41
GGAGGAATCCGCGTGCACCA_033,149
GGAGGAATCCGCGTGCACCA_034,43
GGAGGAATCCGCGTGCACCA_035,192
GGAGGAATCCGCGTGCACCA_036,142
GGAGGAATCCGCGTGCACCA_037,3
GGAGGAATCCGCGTGCACCA_038,57
GCTCACGGGCACGCACACAG_001,146
GCTCACGGGCACGCACACAG_002,62
GCTCACGGGCACGCACACAG_003,147
GCTCACGGGCACGCACACAG_004,58
GCTCACGGGCACGCACACAG_005,41
GCTCACGGGCACGCACACAG_006,115
GCTCACGGGCACGCACACAG_007,116
GCTCACGGGCACGCACACAG_008,88
GCTCACGGGCACGCACACAG_009,94
GCTCACGGGCACGCACACAG_010,145
GCTCACGGGCACGCACACAG_011,144
GCTCACGGGCACGCACACAG_012,88
GCTCACGGGCACGCACACAG_013,169
GCTCACGGGCACGCACACAG_014,172
GCTCACGGGCACGCACACAG_015,160
GCTCACGGGCACGCACACAG_016,57
GCTCACGGGCACGCACACAG_017,89
GCTCACGGGCACGCACACAG_018,92
GCTCACGGGCACGCACACAG_019,105
GCTCACGGGCACGCACACAG_020,33
GCTCACGGGCACGCACACAG_021,103
GCTCACGGGCACGCACACAG_022,50
GCTCACGGGCACGCACACAG_023,147
GCTCACGGGCACGCACACAG_024,184
GCTCACGGGCACGCACACAG_025,74
GCTCACGGGCACGCACACAG_026,75
GCTCACGGGCACGCACACAG_027,163
GCTCACGGGCACGCACACAG_028,81
GCTCACGGGCACGCACACAG_029,15
GCTCACGGGCACGCACACAG_030,91
GCTCACGGGCACGCACACAG_031,180
GCTCACGGGCACGCACACAG_032,20
AGATGTGAGTGGATCTATCG_001,182
AGATGTGAGTGGATCTATCG_002,62
AGATGTGAGTGGATCTATCG_003,134
TCCTGTATCACGTATTTGAG_001,169
TCCTGTATCACGTATTTGAG_002,54
TCCTGTATCACGTATTTGAG_003,152
TCCTGTATCACGTATTTGAG_004,24
TCCTGTATCACGTATTTGAG_005,154
TCCTGTATCACGTATTTGAG_006,147
CATGAGGTGTGGTATCACTG_001,87
CATGAGGTGTGGTATCACTG_002,87
CATGAGGTGTGGTATCACTG_003,170
CATGAGGTGTGGTATCACTG_004,22
CATGAGGTGTGGTATCACTG_005,28
CATGAGGTGTGGTATCACTG_006,169
CATGAGGTGTGGTATCACTG_007,122
CATGAGGTGTGGTATCACTG_008,154
CATGAGGTGTGGTATCACTG_009,74
CATGAGGTGTGGTATCACTG_010,40
CATGAGGTGTGGTATCACTG_011,191
CATGAGGTGTGGTATCACTG_012,160
CATGAGGTGTGGTATCACTG_013,57
CATGAGGTGTGGTATCACTG_014,122
CATGAGGTGTGGTATCACTG_015,112
CATGAGGTGTGGTATCACTG_016,133
CATGAGGTGTGGTATCACTG_017,121
CATGAGGTGTGGTATCACTG_018,31
CATGAGGTGTGGTATCACTG_019,113
CATGAGGTGTGGTATCACTG_020,162
CATGAGGTGTGGTATCACTG_021,82
CATGAGGTGTGGTATCACTG_022,104
CATGAGGTGTGGTATCACTG_023,70
CATGAGGTGTGGTATCACTG_024,115
CATGAGGTGTGGTATCACTG_025,81
CATGAGGTGTGGTATCACTG_026,5
CATGAGGTGTGGTATCACTG_027,37
CATGAGGTGTGGTATCACTG_028,147
CATGAGGTGTGGTATCACTG_029,2
CATGAGGTGTGGTATCACTG_030,146
CATGAGGTGTGGTATCACTG_031,149
CATGAGGTGTGGTATCACTG_032,34
GGAGCCGCTACAGATGACAT_001,113
GGAGCCGCTACAGATGACAT_002,20
GGCCCAGCTGTACTCGCCTG_001,146
GGCCCAGCTGTACTCGCCTG_002,197
GGCCCAGCTGTACTCGCCTG_003,192
GGCCCAGCTGTACTCGCCTG_004,36
GGCCCAGCTGTACTCGCCTG_005,108
GGCCCAGCTGTACTCGCCTG_006,150
GGCCCAGCTGTACTCGCCTG_007,94
GGCCCAGCTGTACTCGCCTG_008,133
GGCCCAGCTGTACTCGCCTG_009,4
GGCCCAGCTGTACTCGCCTG_010,24
GGCCCAGCTGTACTCGCCTG_011,17
GGCCCAGCTGTACTCGCCTG_012,27
CAGGTGGACATACCACTCGC_001,15
CAGGTGGACATACCACTCGC_002,49
CAGGTGGACATACCACTCGC_003,198
CAGGTGGACATACCACTCGC_004,174
CAGGTGGACATACCACTCGC_005,45
CAGGTGGACATACCACTCGC_006,15
CAGGTGGACATACCACTCGC_007,78
CAGGTGGACATACCACTCGC_008,177
CAGGTGGACATACCACTCGC_009,108
CAGGTGGACATACCACTCGC_010,155
TTTGTTATGAATGTACATCG_001,134
TTTGTTATGAATGTACATCG_002,127
TTTGTTATGAATGTACATCG_003,192
TGATACAAAGAAGTCCAGGG_001,172
TGATACAAAGAAGTCCAGGG_002,8
TGATACAAAGAAGTCCAGGG_003,2
TGATACAAAGAAGTCCAGGG_004,34
TGATACAAAGAAGTCCAGGG_005,70
TGATACAAAGAAGTCCAGGG_006,24
TGATACAAAGAAGTCCAGGG_007,17
TGATACAAAGAAGTCCAGGG_008,30
TGATACAAAGAAGTCCAGGG_009,56
ATGTCCTTGTGTGCCCGCTG_001,188
ATGTCCTTGTGTGCCCGCTG_002,128
ATGTCCTTGTGTGCCCGCTG_003,198
ATGTCCTTGTGTGCCCGCTG_004,55
ATGTCCTTGTGTGCCCGCTG_005,152
ATGTCCTTGTGTGCCCGCTG_006,150
ATGTCCTTGTGTGCCCGCTG_007,5
ATGTCCTTGTGTGCCCGCTG_008,107
ATGTCCTTGTGTGCCCGCTG_009,0
ATGTCCTTGTGTGCCCGCTG_010,107
ATGTCCTTGTGTGCCCGCTG_011,91
ATGTCCTTGTGTGCCCGCTG_012,96
ATGTCCTTGTGTGCCCGCTG_013,151
ATGTCCTTGTGTGCCCGCTG_014,141
ATGTCCTTGTGTGCCCGCTG_015,115
ATGTCCTTGTGTGCCCGCTG_016,114
ATGTCCTTGTGTGCCCGCTG_017,168
ATGTCCTTGTGTGCCCGCTG_018,127
ATGTCCTTGTGTGCCCGCTG_019,95
ATGTCCTTGTGTGCCCGCTG_020,169
ATGTCCTTGTGTGCCCGCTG_021,169
ATGTCCTTGTGTGCCCGCTG_022,29
ATGTCCTTGTGTGCCCGCTG_023,189
ATGTCCTTGTGTGCCCGCTG_024,20
ATGTCCTTGTGTGCCCGCTG_025,86
ATGTCCTTGTGTGCCCGCTG_026,99
GGGGAGTTAACCATGTCGAG_001,80
GGGGAGTTAACCATGTCGAG_002,168
GGGGAGTTAACCATGTCGAG_003,198
GGGGAGTTAACCATGTCGAG_004,9
GGGGAGTTAACCATGTCGAG_005,148
GGGGAGTTAACCATGTCGAG_006,159
TGCCGTGGATAAATTGCTCA_001,115
TGCCGTGGATAAATTGCTCA_002,147
TGCCGTGGATAAATTGCTCA_003,8
TGCCGTGGATAAATTGCTCA_004,26
TGCCGTGGATAAATTGCTCA_005,27
TGCCGTGGATAAATTGCTCA_006,11
TGCCGTGGATAAATTGCTCA_007,44
TGCCGTGGATAAATTGCTCA_008,189
TGCCGTGGATAAATTGCTCA_009,189
TGCCGTGGATAAATTGCTCA_010,14
ATTGTAAGAAGAAACCGGGG_001,113
ATTGTAAGAAGAAACCGGGG_002,120
ATTGTAAGAAGAAACCGGGG_003,133
ATTGTAAGAAGAAACCGGGG_004,137
ATTGTAAGAAGAAACCGGGG_005,194
ATTGTAAGAAGAAACCGGGG_006,23
ATTGTAAGAAGAAACCGGGG_007,175
ATTGTAAGAAGAAACCGGGG_008,55
AGATTCTTCCCATTTGTGCC_001,16
AGATTCTTCCCATTTGTGCC_002,17
AGATTCTTCCCATTTGTGCC_003,159
AGATTCTTCCCATTTGTGCC_004,65
AGATTCTTCCCATTTGTGCC_005,72
AGATTCTTCCCATTTGTGCC_006,72
CTCCAATTGGATCTACCGCG_001,41
CTTCCAGAGCCACATCATCG_001,41
CTTCCAGAGCCACATCATCG_002,174
CTTCCAGAGCCACATCATCG_003,105
CTTCCAGAGCCACATCATCG_004,53
CTTCCAGAGCCACATCATCG_005,176
CTTCCAGAGCCACATCATCG_006,61
CTTCCAGAGCCACATCATCG_007,107
TTGTACCGGAAGTATTCACC_001,117
TTGTACCGGAAGTATTCACC_002,120
TTGTACCGGAAGTATTCACC_003,98
TTGTACCGGAAGTATTCACC_004,98
TTGTACCGGAAGTATTCACC_005,2
TTGTACCGGAAGTATTCACC_006,145
TTGTACCGGAAGTATTCACC_007,88
TTGTACCGGAAGTATTCACC_008,187
TTGTACCGGAAGTATTCACC_009,144
ACTTATCCAAGGTGTTCGGA_001,169
ACTTATCCAAGGTGTTCGGA_002,68
ACTTATCCAAGGTGTTCGGA_003,68
ACTTATCCAAGGTGTTCGGA_004,5
ACTTATCCAAGGTGTTCGGA_005,1
ACTTATCCAAGGTGTTCGGA_006,118
ACTTATCCAAGGTGTTCGGA_007,152
ACTTATCCAAGGTGTTCGGA_008,8
ACTTATCCAAGGTGTTCGGA_009,32
ACTTATCCAAGGTGTTCGGA_010,121
ACTTATCCAAGGTGTTCGGA_011,27
TATAGAGGCCAAGTTAACAA_001,160
TATAGAGGCCAAGTTAACAA_002,87
TATAGAGGCCAAGTTAACAA_003,192
TATAGAGGCCAAGTTAACAA_004,149
TATAGAGGCCAAGTTAACAA_005,199
TATAGAGGCCAAGTTAACAA_006,5
TATAGAGGCCAAGTTAACAA_007,183
GGAGATTATCCAAATGACAG_001,36
CAAACACGTCAAAGCTACTT_001,112
CAAACACGTCAAAGCTACTT_002,162
CAAACACGTCAAAGCTACTT_003,170
GGCACAGGCTGTGTAAGGGA_001,185
GGCACAGGCTGTGTAAGGGA_002,28
GGCACAGGCTGTGTAAGGGA_003,43
GGCACAGGCTGTGTAAGGGA_004,72
GGCACAGGCTGTGTAAGGGA_005,36
GGCACAGGCTGTGTAAGGGA_006,186
GGCACAGGCTGTGTAAGGGA_007,91
GGCACAGGCTGTGTAAGGGA_008,147
GGCACAGGCTGTGTAAGGGA_009,169
GGCACAGGCTGTGTAAGGGA_010,69
GGCACAGGCTGTGTAAGGGA_011,166
GGCACAGGCTGTGTAAGGGA_012,180
CTCTGCCAGATACGAGCGGG_001,161
GAAAGAACTGATGAAACTCA_001,172
GAAAGAACTGATGAAACTCA_002,189
GAAAGAACTGATGAAACTCA_003,122
GAAAGAACTGATGAAACTCA_004,182
ATCGAGCTAAAATATCGTGT_001,91
ATCGAGCTAAAATATCGTGT_002,199
ATCGAGCTAAAATATCGTGT_003,121
ATCGAGCTAAAATATCGTGT_004,146
ATCGAGCTAAAATATCGTGT_005,169
ATCGAGCTAAAATATCGTGT_006,58
ATCGAGCTAAAATATCGTGT_007,81
TTTAAGTGGAGTCTTAGAGC_001,1
TTTAAGTGGAGTCTTAGAGC_002,91
ATGCCATACTCACAGGAGGG_001,122
ATGCCATACTCACAGGAGGG_002,130
ATGCCATACTCACAGGAGGG_003,29
ATGCCATACTCACAGGAGGG_004,29
ATGCCATACTCACAGGAGGG_005,77
ATGCCATACTCACAGGAGGG_006,63
ATGCCATACTCACAGGAGGG_007,77
ATGCCATACTCACAGGAGGG_008,57
ATGCCATACTCACAGGAGGG_009,24
ATGCCATACTCACAGGAGGG_010,41
ATGCCATACTCACAGGAGGG_011,148
ATGCCATACTCACAGGAGGG_012,1
ATGCCATACTCACAGGAGGG_013,135
ATGCCATACTCACAGGAGGG_014,69
ATGCCATACTCACAGGAGGG_015,160
ATGCCATACTCACAGGAGGG_016,94
AGGTCGCACAGACTCCCGGA_001,159
AGGTCGCACAGACTCCCGGA_002,178
AGGTCGCACAGACTCCCGGA_003,47
AGGTCGCACAGACTCCCGGA_004,176
AGGTCGCACAGACTCCCGGA_005,151
AGGTCGCACAGACTCCCGGA_006,150
AGGTCGCACAGACTCCCGGA_007,80
AGGTCGCACAGACTCCCGGA_008,161
AGGTCGCACAGACTCCCGGA_009,184
AGGTCGCACAGACTCCCGGA_010,15
AGGTCGCACAGACTCCCGGA_011,130
AGGTCGCACAGACTCCCGGA_012,182
AGGTCGCACAGACTCCCGGA_013,92
AGGTCGCACAGACTCCCGGA_014,127
CTGAATTCTAGGTTTCGCCG_001,115
CTGAATTCTAGGTTTCGCCG_002,60
CTGAATTCTAGGTTTCGCCG_003,134
CTGAATTCTAGGTTTCGCCG_004,197
CTGAATTCTAGGTTTCGCCG_005,22
CTGAATTCTAGGTTTCGCCG_006,133
CTGAATTCTAGGTTTCGCCG_007,108
CTGAATTCTAGGTTTCGCCG_008,147
CTGAATTCTAGGTTTCGCCG_009,172
CTGAATTCTAGGTTTCGCCG_010,152
CTGAATTCTAGGTTTCGCCG_011,100
TGTCCCCATGGCGGTCCTGG_001,25
TGTCCCCATGGCGGTCCTGG_002,187
AGAGAAGCTGGCGAACGGCG_001,133
AGAGAAGCTGGCGAACGGCG_002,116
AGAGAAGCTGGCGAACGGCG_003,149
AGAGAAGCTGGCGAACGGCG_004,176
AGAGAAGCTGGCGAACGGCG_005,118
AGAGAAGCTGGCGAACGGCG_006,50
AGAGAAGCTGGCGAACGGCG_007,112
AGAGAAGCTGGCGAACGGCG_008,16
AGAGAAGCTGGCGAACGGCG_009,88
AGAGAAGCTGGCGAACGGCG_010,36
AGAGAAGCTGGCGAACGGCG_011,168
AGAGAAGCTGGCGAACGGCG_012,121
AGAGAAGCTGGCGAACGGCG_013,5
AGAGAAGCTGGCGAACGGCG_014,134
AGAGAAGCTGGCGAACGGCG_015,154
AGAGAAGCTGGCGAACGGCG_016,9
AGAGAAGCTGGCGAACGGCG_017,10
ATCTTCGCACTATCCCAAGG_001,170
GCTGTGATGATCTGACTCGA_001,144
GCTGTGATGATCTGACTCGA_002,155
GCCCTTGAAATCGCCAAGCG_001,112
GCCCTTGAAATCGCCAAGCG_002,13
GCCCTTGAAATCGCCAAGCG_003,70
GCCCTTGAAATCGCCAAGCG_004,73
GCCCTTGAAATCGCCAAGCG_005,96
GCCCTTGAAATCGCCAAGCG_006,92
GCCCTTGAAATCGCCAAGCG_007,112
GCCCTTGAAATCGCCAAGCG_008,47
GCCCTTGAAATCGCCAAGCG_009,47
GCCCTTGAAATCGCCAAGCG_010,132
GCCCTTGAAATCGCCAAGCG_011,137
GCCCTTGAAATCGCCAAGCG_012,88
GCCCTTGAAATCGCCAAGCG_013,28
GCCCTTGAAATCGCCAAGCG_014,192
GCCCTTGAAATCGCCAAGCG_015,192
GCCCTTGAAATCGCCAAGCG_016,65
GCCCTTGAAATCGCCAAGCG_017,33
GCCCTTGAAATCGCCAAGCG_018,4
GCCCTTGAAATCGCCAAGCG_019,63
GCCCTTGAAATCGCCAAGCG_020,65
GCCCTTGAAATCGCCAAGCG_021,153
GGCGATGACCACTCAGAAGG_001,46
GGCGATGACCACTCAGAAGG_002,198
GGCGATGACCACTCAGAAGG_003,139
GGCGATGACCACTCAGAAGG_004,122
GGCGATGACCACTCAGAAGG_005,11
GGCGATGACCACTCAGAAGG_006,41
GGCGATGACCACTCAGAAGG_007,151
GGCGATGACCACTCAGAAGG_008,181
GGCGATGACCACTCAGAAGG_009,179
TCGTAATAAGCCTAATTTAG_001,123
GCGTGTGCAAGAATGACGTG_001,149
GCGTGTGCAAGAATGACGTG_002,197
GCGTGTGCAAGAATGACGTG_003,181
GCGTGTGCAAGAATGACGTG_004,86
GCGTGTGCAAGAATGACGTG_005,89
GCGTGTGCAAGAATGACGTG_006,15
GCGTGTGCAAGAATGACGTG_007,155
GCGTGTGCAAGAATGACGTG_008,160
GCGTGTGCAAGAATGACGTG_009,145
GCGTGTGCAAGAATGACGTG_010,145
GCGTGTGCAAGAATGACGTG_011,36
GCGTGTGCAAGAATGACGTG_012,169
GCGTGTGCAAGAATGACGTG_013,138
TTGGCTTCATCCTCCTCGCG_001,134
TTGGCTTCATCCTCCTCGCG_002,166
TTGGCTTCATCCTCCTCGCG_003,17
TTGGCTTCATCCTCCTCGCG_004,29
TTGGCTTCATCCTCCTCGCG_005,171
TTGGCTTCATCCTCCTCGCG_006,160
TTGGCTTCATCCTCCTCGCG_007,29
TTGGCTTCATCCTCCTCGCG_008,123
TTGGCTTCATCCTCCTCGCG_009,188
TTGGCTTCATCCTCCTCGCG_010,1
TTGGCTTCATCCTCCTCGCG_011,22
TTGGCTTCATCCTCCTCGCG_012,2
TTGGCTTCATCCTCCTCGCG_013,138
TTGGCTTCATCCTCCTCGCG_014,174
TTGGCTTCATCCTCCTCGCG_015,123
AGCCATGGGGGTTGCAACTG_001,27
AGCCATGGGGGTTGCAACTG_002,194
AGCCATGGGGGTTGCAACTG_003,144
AGCCATGGGGGTTGCAACTG_004,127
AGCCATGGGGGTTGCAACTG_005,41
AGCCATGGGGGTTGCAACTG_006,34
AGCCATGGGGGTTGCAACTG_007,197
AGCCATGGGGGTTGCAACTG_008,66
AGCCATGGGGGTTGCAACTG_009,15
AGCCATGGGGGTTGCAACTG_010,9
AGCCATGGGGGTTGCAACTG_011,4
AGCCATGGGGGTTGCAACTG_012,169
AGCCATGGGGGTTGCAACTG_013,105
AGCCATGGGGGTTGCAACTG_014,52
AGCCATGGGGGTTGCAACTG_015,176
AGCCATGGGGGTTGCAACTG_016,113
AGCCATGGGGGTTGCAACTG_017,192
AGCCATGGGGGTTGCAACTG_018,86
AGCCATGGGGGTTGCAACTG_019,13
AGCCATGGGGGTTGCAACTG_020,103
AGCCATGGGGGTTGCAACTG_021,15
AGCCATGGGGGTTGCAACTG_022,27
AGCCATGGGGGTTGCAACTG_023,60
AGCCATGGGGGTTGCAACTG_024,199
AGCCATGGGGGTTGCAACTG_025,12
AGCCATGGGGGTTGCAACTG_026,155
AGCCATGGGGGTTGCAACTG_027,38
AGCCATGGGGGTTGCAACTG_028,169
AGCCATGGGGGTTGCAACTG_029,60
AGCCATGGGGGTTGCAACTG_030,41
AGCCATGGGGGTTGCAACTG_031,26
AGCCATGGGGGTTGCAACTG_032,49
AGCCATGGGGGTTGCAACTG_033,169
AGCCATGGGGGTTGCAACTG_034,56
AGCCATGGGGGTTGCAACTG_035,10
AGCCATGGGGGTTGCAACTG_036,167
AGCCATGGGGGTTGCAACTG_037,167
AGCCATGGGGGTTGCAACTG_038,145
AGCCATGGGGGTTGCAACTG_039,6
AGCCATGGGGGTTGCAACTG_040,18
AGCCATGGGGGTTGCAACTG_041,77
AGCCATGGGGGTTGCAACTG_042,172
AGCCATGGGGGTTGCAACTG_043,177
AGCCATGGGGGTTGCAACTG_044,199
AGCCATGGGGGTTGCAACTG_045,16
AGCCATGGGGGTTGCAACTG_046,147
AGCCATGGGGGTTGCAACTG_047,115
ACTGTTCTAGAATCCGAGAA_001,162
ACTGTTCTAGAATCCGAGAA_002,199
ACTGTTCTAGAATCCGAGAA_003,199
ACTGTTCTAGAATCCGAGAA_004,129
ACTGTTCTAGAATCCGAGAA_005,2
CCAATCCATAGGTGGCACCG_001,150
CCAATCCATAGGTGGCACCG_002,147
CCAATCCATAGGTGGCACCG_003,81
CCAATCCATAGGTGGCACCG_004,181
CCAATCCATAGGTGGCACCG_005,132
CCAATCCATAGGTGGCACCG_006,7
CCAATCCATAGGTGGCACCG_007,139
CCAATCCATAGGTGGCACCG_008,38
CCAATCCATAGGTGGCACCG_009,199
CCAATCCATAGGTGGCACCG_010,195
CCAATCCATAGGTGGCACCG_011,147
CCAATCCATAGGTGGCACCG_012,75
CCAATCCATAGGTGGCACCG_013,69
CCAATCCATAGGTGGCACCG_014,187
CCAATCCATAGGTGGCACCG_015,64
AAAGGCAATGTCAAGACACA_001,59
AAAGGCAATGTCAAGACACA_002,88
AAAGGCAATGTCAAGACACA_003,27
AAAGGCAATGTCAAGACACA_004,183
AAAGGCAATGTCAAGACACA_005,198
AAAGGCAATGTCAAGACACA_006,47
AAAGGCAATGTCAAGACACA_007,80
AAAGGCAATGTCAAGACACA_008,196
CCAGGCTGACTTACACATTG_001,105
CCAGGCTGACTTACACATTG_002,174
CCAGGCTGACTTACACATTG_003,46
CCAGGCTGACTTACACATTG_004,70
CCAGGCTGACTTACACATTG_005,17
CCAGGCTGACTTACACATTG_006,140
CCAGGCTGACTTACACATTG_007,0
ATTCTGGGACAATAACCCCA_001,127
ATTCTGGGACAATAACCCCA_002,145
ATTCTGGGACAATAACCCCA_003,179
ATTCTGGGACAATAACCCCA_004,99
ATTCTGGGACAATAACCCCA_005,67
ATTCTGGGACAATAACCCCA_006,118
AGGCCATATCACGACCAGCG_001,102
GGGACAGAGGGACCTACCTG_001,43
GGGACAGAGGGACCTACCTG_002,15
GGGACAGAGGGACCTACCTG_003,83
GGGACAGAGGGACCTACCTG_004,31
GGGACAGAGGGACCTACCTG_005,87
GGGACAGAGGGACCTACCTG_006,199
GGGACAGAGGGACCTACCTG_007,76
GAAGCAAATCTCATGCACCG_001,196
GAAGCAAATCTCATGCACCG_002,149
GAAGCAAATCTCATGCACCG_003,44
GAAGCAAATCTCATGCACCG_004,72
GAAGCAAATCTCATGCACCG_005,150
GAAGCAAATCTCATGCACCG_006,66
TGGGACTTATAATGTACCTG_001,115
TGGGACTTATAATGTACCTG_002,26
TGGGACTTATAATGTACCTG_003,50
TGGGACTTATAATGTACCTG_004,137
TGGGACTTATAATGTACCTG_005,135
TGGGACTTATAATGTACCTG_006,125
AGATTGGAATCCTTTAATGC_001,65
AGATTGGAATCCTTTAATGC_002,179
AGATTGGAATCCTTTAATGC_003,104
AGATTGGAATCCTTTAATGC_004,60
AGATTGGAATCCTTTAATGC_005,168
AGATTGGAATCCTTTAATGC_006,76
AGATTGGAATCCTTTAATGC_007,103
AGATTGGAATCCTTTAATGC_008,174
AGATTGGAATCCTTTAATGC_009,150
AGATTGGAATCCTTTAATGC_010,145
GAAGAAAATGTAAACGACAG_001,41
GAAGAAAATGTAAACGACAG_002,153
GAAGAAAATGTAAACGACAG_003,56
GAAGAAAATGTAAACGACAG_004,183
GAAGAAAATGTAAACGACAG_005,145
GAAGAAAATGTAAACGACAG_006,127
GAAGAAAATGTAAACGACAG_007,62
GAAGAAAATGTAAACGACAG_008,123
GAAGAAAATGTAAACGACAG_009,169
GAAGAAAATGTAAACGACAG_010,19
GAAGAAAATGTAAACGACAG_011,80
GAAGAAAATGTAAACGACAG_012,90
AACCAGAGTTATATAAGCAG_001,50
AACCAGAGTTATATAAGCAG_002,195
TTGCACGTCATACAGCACCG_001,68
TTGCACGTCATACAGCACCG_002,194
GCCACGGCGATTATAGGACA_001,70
GCCACGGCGATTATAGGACA_002,56
GCCACGGCGATTATAGGACA_003,168
GCCACGGCGATTATAGGACA_004,30
GCCACGGCGATTATAGGACA_005,156
GCCACGGCGATTATAGGACA_006,178
GCCACGGCGATTATAGGACA_007,184
GAAGAAACTAAAAGGGACAG_001,130
CACCTGCGGGAGGACCACGA_001,176
CACCTGCGGGAGGACCACGA_002,130
CACCTGCGGGAGGACCACGA_003,136
CACCTGCGGGAGGACCACGA_004,93
CACCTGCGGGAGGACCACGA_005,7
CACCTGCGGGAGGACCACGA_006,169
CACCTGCGGGAGGACCACGA_007,106
CACCTGCGGGAGGACCACGA_008,114
CACCTGCGGGAGGACCACGA_009,72
CACCTGCGGGAGGACCACGA_010,2
CACCTGCGGGAGGACCACGA_011,145
CACCTGCGGGAGGACCACGA_012,135
CACCTGCGGGAGGACCACGA_013,58
CACCTGCGGGAGGACCACGA_014,77
CACCTGCGGGAGGACCACGA_015,198
CACCTGCGGGAGGACCACGA_016,16
CACCTGCGGGAGGACCACGA_017,18
CACCTGCGGGAGGACCACGA_018,0
CACCTGCGGGAGGACCACGA_019,68
CACCTGCGGGAGGACCACGA_020,115
CACCTGCGGGAGGACCACGA_021,187
CACCTGCGGGAGGACCACGA_022,162
CACCTGCGGGAGGACCACGA_023,55
CACCTGCGGGAGGACCACGA_024,193
CACCTGCGGGAGGACCACGA_025,115
CACCTGCGGGAGGACCACGA_026,158
CACCTGCGGGAGGACCACGA_027,106
CACCTGCGGGAGGACCACGA_028,33
CACCTGCGGGAGGACCACGA_029,140
CACCTGCGGGAGGACCACGA_030,172
CACCTGCGGGAGGACCACGA_031,158
CACCTGCGGGAGGACCACGA_032,28
CACCTGCGGGAGGACCACGA_033,108
GACAGTTACGAGGATGAATG_001,45
GACAGTTACGAGGATGAATG_002,160
GACAGTTACGAGGATGAATG_003,127
GACAGTTACGAGGATGAATG_004,178
GCTCGTCATATTGCATAAGA_001,105
GCTCGTCATATTGCATAAGA_002,105
GCTCGTCATATTGCATAAGA_003,40
GCTCGTCATATTGCATAAGA_004,160
GCTCGTCATATTGCATAAGA_005,39
GCTCGTCATATTGCATAAGA_006,17
GCTCGTCATATTGCATAAGA_007,188
GTGAACGAGTGTGAGCTCTA_001,162
GTGAACGAGTGTGAGCTCTA_002,38
GTGAACGAGTGTGAGCTCTA_003,166
GTGAACGAGTGTGAGCTCTA_004,197
GTGAACGAGTGTGAGCTCTA_005,143
GTGAACGAGTGTGAGCTCTA_006,143
GTGAACGAGTGTGAGCTCTA_007,36
GTGAACGAGTGTGAGCTCTA_008,129
GTGAACGAGTGTGAGCTCTA_009,55
GTGAACGAGTGTGAGCTCTA_010,118
GTGAACGAGTGTGAGCTCTA_011,179
GTGAACGAGTGTGAGCTCTA_012,8
GTGAACGAGTGTGAGCTCTA_013,166
GTGAACGAGTGTGAGCTCTA_014,49
GTGAACGAGTGTGAGCTCTA_015,48
GTGAACGAGTGTGAGCTCTA_016,39
GTGAACGAGTGTGAGCTCTA_017,166
TTAGGCAAGAGGCTTATGAG_001,40
TTAGGCAAGAGGCTTATGAG_002,49
TTAGGCAAGAGGCTTATGAG_003,2
TTAGGCAAGAGGCTTATGAG_004,173
TTAGGCAAGAGGCTTATGAG_005,129
TTAGGCAAGAGGCTTATGAG_006,106
TTAGGCAAGAGGCTTATGAG_007,4
TTAGGCAAGAGGCTTATGAG_008,192
TTAGGCAAGAGGCTTATGAG_009,162
TTAGGCAAGAGGCTTATGAG_010,172
TTAGGCAAGAGGCTTATGAG_011,155
TCATCAGCCAGGTATTCGTA_001,94
TCATCAGCCAGGTATTCGTA_002,2
TCATCAGCCAGGTATTCGTA_003,1
TCATCAGCCAGGTATTCGTA_004,58
AATTTGAGTCTCTTACCATG_001,92
AGAGGCCTGGCAGAACGAAG_001,147
AGAGGCCTGGCAGAACGAAG_002,158
AGAGGCCTGGCAGAACGAAG_003,60
AGAGGCCTGGCAGAACGAAG_004,91
AGAGGCCTGGCAGAACGAAG_005,114
AGAGGCCTGGCAGAACGAAG_006,124
AGAGGCCTGGCAGAACGAAG_007,174
AGAGGCCTGGCAGAACGAAG_008,188
AGAGGCCTGGCAGAACGAAG_009,62
AGAGGCCTGGCAGAACGAAG_010,162
AGAGGCCTGGCAGAACGAAG_011,170
AGAGGCCTGGCAGAACGAAG_012,118
AGAGGCCTGGCAGAACGAAG_013,36
CCTGACTTGTCCGCGCCAGG_001,70
CCTGACTTGTCCGCGCCAGG_002,9
CCTGACTTGTCCGCGCCAGG_003,77
CCTGACTTGTCCGCGCCAGG_004,61
CCTGACTTGTCCGCGCCAGG_005,6
CCTGACTTGTCCGCGCCAGG_006,108
CCTGACTTGTCCGCGCCAGG_007,104
ATGGTCATTCAGCATGGACT_001,27
ATGGTCATTCAGCATGGACT_002,144
ATGGTCATTCAGCATGGACT_003,183
ATGGTCATTCAGCATGGACT_004,49
ATGGTCATTCAGCATGGACT_005,50
ATGGTCATTCAGCATGGACT_006,38
ATGGTCATTCAGCATGGACT_007,179
ATGGTCATTCAGCATGGACT_008,41
ATGGTCATTCAGCATGGACT_009,69
ATGGTCATTCAGCATGGACT_010,186
ATGGTCATTCAGCATGGACT_011,58
ATGGTCATTCAGCATGGACT_012,136
ATGGTCATTCAGCATGGACT_013,88
ATGGTCATTCAGCATGGACT_014,2
CAGAAGCAGCCAGAGAATTG_001,139
CAGAAGCAGCCAGAGAATTG_002,83
CAGAAGCAGCCAGAGAATTG_003,15
CAGAAGCAGCCAGAGAATTG_004,154
CAGAAGCAGCCAGAGAATTG_005,154
CAGAAGCAGCCAGAGAATTG_006,121
CAGAAGCAGCCAGAGAATTG_007,176
CAGAAGCAGCCAGAGAATTG_008,182
CAGAAGCAGCCAGAGAATTG_009,186
CAGAAGCAGCCAGAGAATTG_010,130
CAGAAGCAGCCAGAGAATTG_011,38
CAGAAGCAGCCAGAGAATTG_012,156
CAGAAGCAGCCAGAGAATTG_013,161
CAGAAGCAGCCAGAGAATTG_014,172
GCACTATATCAAGTACAAAC_001,2
GCACTATATCAAGTACAAAC_002,58
TGGGCTTGTCACGCACGTTG_001,75
TGGGCTTGTCACGCACGTTG_002,23
TGGGCTTGTCACGCACGTTG_003,155
ATGGCGCTGGCATCAGTACA_001,149
ATGGCGCTGGCATCAGTACA_002,58
ATGGCGCTGGCATCAGTACA_003,184
ATGGCGCTGGCATCAGTACA_004,34
ATGGCGCTGGCATCAGTACA_005,48
ATGGCGCTGGCATCAGTACA_006,172
ATGGCGCTGGCATCAGTACA_007,68
ATGGCGCTGGCATCAGTACA_008,113
ATGGCGCTGGCATCAGTACA_009,53
ATGGCGCTGGCATCAGTACA_010,94
ATGGCGCTGGCATCAGTACA_011,160
ATGGCGCTGGCATCAGTACA_012,177
ATGGCGCTGGCATCAGTACA_013,35
ATGGCGCTGGCATCAGTACA_014,9
ATGGCGCTGGCATCAGTACA_015,31
ATGGCGCTGGCATCAGTACA_016,119
ATGGCGCTGGCATCAGTACA_017,81
ATGGCGCTGGCATCAGTACA_018,188
ATGGCGCTGGCATCAGTACA_019,41
ATGGCGCTGGCATCAGTACA_020,40
CAAAGTCCCATTGCTCTGTG_001,141
CAAAGTCCCATTGCTCTGTG_002,12
CAAAGTCCCATTGCTCTGTG_003,130
CAAAGTCCCATTGCTCTGTG_004,198
CAAAGTCCCATTGCTCTGTG_005,106
CAAAGTCCCATTGCTCTGTG_006,166
CAAAGTCCCATTGCTCTGTG_007,138
CAAAGTCCCATTGCTCTGTG_008,115
CAAAGTCCCATTGCTCTGTG_009,58
CAAAGTCCCATTGCTCTGTG_010,147
CAAAGTCCCATTGCTCTGTG_011,9
CAAAGTCCCATTGCTCTGTG_012,141
CAAAGTCCCATTGCTCTGTG_013,145
CAAAGTCCCATTGCTCTGTG_014,177
CAAAGTCCCATTGCTCTGTG_015,168
CAAAGTCCCATTGCTCTGTG_016,46
CAAAGTCCCATTGCTCTGTG_017,169
CAAAGTCCCATTGCTCTGTG_018,63
CAAAGTCCCATTGCTCTGTG_019,168
TTGACCAATAGAAGCAACCG_001,161
TTGACCAATAGAAGCAACCG_002,196
TTGACCAATAGAAGCAACCG_003,20
TTGACCAATAGAAGCAACCG_004,94
TTGACCAATAGAAGCAACCG_005,177
TTGACCAATAGAAGCAACCG_006,15
TTGACCAATAGAAGCAACCG_007,193
TTGACCAATAGAAGCAACCG_008,132
TTGACCAATAGAAGCAACCG_009,103
TTGACCAATAGAAGCAACCG_010,142
GCTGTTGCTTAGCAACTGGT_001,6
GCTGTTGCTTAGCAACTGGT_002,100
GCTGTTGCTTAGCAACTGGT_003,42
GCTGTTGCTTAGCAACTGGT_004,28
GCTGTTGCTTAGCAACTGGT_005,166
TGGTCTCTACACATTCACCG_001,194
TGGTCTCTACACATTCACCG_002,104
GCTGGAGGCATTGACTCGTG_001,19
GCTGGAGGCATTGACTCGTG_002,30
GCTGGAGGCATTGACTCGTG_003,163
GCTGGAGGCATTGACTCGTG_004,48
GCTGGAGGCATTGACTCGTG_005,30
CTGGGCGAGGTGCTACCGCG_001,15
CTGGGCGAGGTGCTACCGCG_002,2
CTGGGCGAGGTGCTACCGCG_003,50
CTGGGCGAGGTGCTACCGCG_004,129
CTGGGCGAGGTGCTACCGCG_005,181
CTGGGCGAGGTGCTACCGCG_006,53
CTGGGCGAGGTGCTACCGCG_007,127
CTGGGCGAGGTGCTACCGCG_008,147
CTGGGCGAGGTGCTACCGCG_009,126
CTGGGCGAGGTGCTACCGCG_010,121
CTGGGCGAGGTGCTACCGCG_011,59
CTGGGCGAGGTGCTACCGCG_012,59
CTGGGCGAGGTGCTACCGCG_013,92
CTGGGCGAGGTGCTACCGCG_014,31
CTGGGCGAGGTGCTACCGCG_015,135
CTGGGCGAGGTGCTACCGCG_016,47
CTGGGCGAGGTGCTACCGCG_017,5
CTGGGCGAGGTGCTACCGCG_018,94
CTGGGCGAGGTGCTACCGCG_019,68
CTGGGCGAGGTGCTACCGCG_020,192
CTGGGCGAGGTGCTACCGCG_021,24
CTGGGCGAGGTGCTACCGCG_022,140
CTGGGCGAGGTGCTACCGCG_023,173
CTGGGCGAGGTGCTACCGCG_024,70
CTGGGCGAGGTGCTACCGCG_025,144
CTGGGCGAGGTGCTACCGCG_026,8
CTGGGCGAGGTGCTACCGCG_027,187
CTGGGCGAGGTGCTACCGCG_028,98
CTGGGCGAGGTGCTACCGCG_029,48
CTGGGCGAGGTGCTACCGCG_030,198
CTGGGCGAGGTGCTACCGCG_031,41
CTGGGCGAGGTGCTACCGCG_032,35
CTGGGCGAGGTGCTACCGCG_033,114
CTGGGCGAGGTGCTACCGCG_034,113
CTGGGCGAGGTGCTACCGCG_035,12
TGCAGACCAGTGTGCCTGCG_001,107
TGCAGACCAGTGTGCCTGCG_002,191
TGCAGACCAGTGTGCCTGCG_003,23
TGCAGACCAGTGTGCCTGCG_004,168
TGCAGACCAGTGTGCCTGCG_005,59
TGCAGACCAGTGTGCCTGCG_006,150
TGCAGACCAGTGTGCCTGCG_007,49
TGCAGACCAGTGTGCCTGCG_008,113
TGCAGACCAGTGTGCCTGCG_009,5
TGCAGACCAGTGTGCCTGCG_010,134
TGCAGACCAGTGTGCCTGCG_011,162
TGCAGACCAGTGTGCCTGCG_012,55
TGCAGACCAGTGTGCCTGCG_013,190
TGCAGACCAGTGTGCCTGCG_014,170
TGCAGACCAGTGTGCCTGCG_015,175
TGCAGACCAGTGTGCCTGCG_016,64
TGCAGACCAGTGTGCCTGCG_017,162
GCTGAAGAGCCAGATCCCAA_001,146
GCTGAAGAGCCAGATCCCAA_002,146
GCTGAAGAGCCAGATCCCAA_003,182
GCTGAAGAGCCAGATCCCAA_004,144
GCTGAAGAGCCAGATCCCAA_005,158
GCTGAAGAGCCAGATCCCAA_006,16
AGTGTCCGAGCTGGATCGTG_001,169
AGTGTCCGAGCTGGATCGTG_002,81
AGTGTCCGAGCTGGATCGTG_003,199
AGTGTCCGAGCTGGATCGTG_004,122
AGTGTCCGAGCTGGATCGTG_005,147
AGTGTCCGAGCTGGATCGTG_006,103
AGTGTCCGAGCTGGATCGTG_007,97
AGTGTCCGAGCTGGATCGTG_008,97
AGTGTCCGAGCTGGATCGTG_009,75
AGTGTCCGAGCTGGATCGTG_010,115
AGTGTCCGAGCTGGATCGTG_011,77
AGTGTCCGAGCTGGATCGTG_012,110
AGTGTCCGAGCTGGATCGTG_013,61
AGTGTCCGAGCTGGATCGTG_014,144
AGTGTCCGAGCTGGATCGTG_015,176
AGTGTCCGAGCTGGATCGTG_016,116
AGTGTCCGAGCTGGATCGTG_017,160
GCTACACCGTGCAATACCCG_001,162
GCTACACCGTGCAATACCCG_002,184
GCTACACCGTGCAATACCCG_003,194
GCTACACCGTGCAATACCCG_004,31
GCTACACCGTGCAATACCCG_005,36
GCTACACCGTGCAATACCCG_006,105
GCTACACCGTGCAATACCCG_007,151
GCTACACCGTGCAATACCCG_008,170
GCTACACCGTGCAATACCCG_009,176
GCTACACCGTGCAATACCCG_010,145
GCTACACCGTGCAATACCCG_011,23
GCTACACCGTGCAATACCCG_012,27
GCTACACCGTGCAATACCCG_013,72
GCTACACCGTGCAATACCCG_014,1
GCTACACCGTGCAATACCCG_015,43
GCTACACCGTGCAATACCCG_016,157
AGCTGTCCTGAATCCCCACG_001,182
AGCTGTCCTGAATCCCCACG_002,124
AGCTGTCCTGAATCCCCACG_003,52
AGCTGTCCTGAATCCCCACG_004,192
AGCTGTCCTGAATCCCCACG_005,27
AGCTGTCCTGAATCCCCACG_006,27
AGCTGTCCTGAATCCCCACG_007,70
AGCTGTCCTGAATCCCCACG_008,118
AGCTGTCCTGAATCCCCACG_009,66
AGCTGTCCTGAATCCCCACG_010,101
AGCTGTCCTGAATCCCCACG_011,88
AGCTGTCCTGAATCCCCACG_012,42
AGCTGTCCTGAATCCCCACG_013,141
AGCTGTCCTGAATCCCCACG_014,29
AGCTGTCCTGAATCCCCACG_015,1
AGCTGTCCTGAATCCCCACG_016,177
AGCTGTCCTGAATCCCCACG_017,48
AGCTGTCCTGAATCCCCACG_018,160
AGCTGTCCTGAATCCCCACG_019,188
AGCTGTCCTGAATCCCCACG_020,59
AGCTGTCCTGAATCCCCACG_021,96
AGCTGTCCTGAATCCCCACG_022,119
AGCTGTCCTGAATCCCCACG_023,128
AGCTGTCCTGAATCCCCACG_024,168
AGCTGTCCTGAATCCCCACG_025,149
AGCTGTCCTGAATCCCCACG_026,59
AGCTGTCCTGAATCCCCACG_027,170
AGCTGTCCTGAATCCCCACG_028,176
AGCTGTCCTGAATCCCCACG_029,88
AGCTGTCCTGAATCCCCACG_030,144
AGGATGTCTTGTGACAAACT_001,100
AGGATGTCTTGTGACAAACT_002,85
AGGATGTCTTGTGACAAACT_003,98
AGGATGTCTTGTGACAAACT_004,59
AGGATGTCTTGTGACAAACT_005,77
AGGATGTCTTGTGACAAACT_006,198
AGGATGTCTTGTGACAAACT_007,63
AGTGCAGGAACAGATTTGAG_001,147
AGTGCAGGAACAGATTTGAG_002,84
AGTGCAGGAACAGATTTGAG_003,140
AGTGCAGGAACAGATTTGAG_004,183
AGTGCAGGAACAGATTTGAG_005,148
AGTGCAGGAACAGATTTGAG_006,185
AGTGCAGGAACAGATTTGAG_007,30
AGTGCAGGAACAGATTTGAG_008,163
AGTGCAGGAACAGATTTGAG_009,11
AGTGCAGGAACAGATTTGAG_010,11
CCAGGCTACACACAATTGTG_001,12
CCAGGCTACACACAATTGTG_002,70
CCAGGCTACACACAATTGTG_003,19
CCAGGCTACACACAATTGTG_004,19
CCAGGCTACACACAATTGTG_005,157
CTACATCAGCACAATTGGTG_001,44
CTACATCAGCACAATTGGTG_002,45
CTACATCAGCACAATTGGTG_003,126
CACCTGAAGAACCTCTATGA_001,2
CACCTGAAGAACCTCTATGA_002,130
CACCTGAAGAACCTCTATGA_003,17
CACCTGAAGAACCTCTATGA_004,153
CACCTGAAGAACCTCTATGA_005,89
GACCTTTCACCAAAACCGAG_001,94
GACCTTTCACCAAAACCGAG_002,188
GACCTTTCACCAAAACCGAG_003,58
GACCTTTCACCAAAACCGAG_004,17
GATTCCAACAACAATTCCGA_001,56
GATTCCAACAACAATTCCGA_002,121
GATTCCAACAACAATTCCGA_003,127
GATTCCAACAACAATTCCGA_004,76
GATTCCAACAACAATTCCGA_005,1
GATTCCAACAACAATTCCGA_006,149
GATTCCAACAACAATTCCGA_007,15
GATTCCAACAACAATTCCGA_008,77
GATTCCAACAACAATTCCGA_009,116
CTCCGTTATGTGGCATGAGA_001,148
CTCCGTTATGTGGCATGAGA_002,22
CTCCGTTATGTGGCATGAGA_003,12
CTCCGTTATGTGGCATGAGA_004,5
CTCCGTTATGTGGCATGAGA_005,30
CTCCGTTATGTGGCATGAGA_006,68
CTCCGTTATGTGGCATGAGA_007,99
CTCCGTTATGTGGCATGAGA_008,97
CTCCGTTATGTGGCATGAGA_009,147
CTCCGTTATGTGGCATGAGA_010,114
CTCCGTTATGTGGCATGAGA_011,50
CTCCGTTATGTGGCATGAGA_012,117
CTCCGTTATGTGGCATGAGA_013,19
CTCCGTTATGTGGCATGAGA_014,22
CTCCGTTATGTGGCATGAGA_015,123
TGAGCTTGTAATGAGTGGTG_001,111
TGAGCTTGTAATGAGTGGTG_002,163
TGAGCTTGTAATGAGTGGTG_003,174
TGAGCTTGTAATGAGTGGTG_004,169
TGAGCTTGTAATGAGTGGTG_005,8
TGAGCTTGTAATGAGTGGTG_006,193
TGAGCTTGTAATGAGTGGTG_007,39
TGAGCTTGTAATGAGTGGTG_008,64
TGAGCTTGTAATGAGTGGTG_009,132
TGAGCTTGTAATGAGTGGTG_010,168
TGAGCTTGTAATGAGTGGTG_011,168
TGAGCTTGTAATGAGTGGTG_012,94
TGTTACCGTTCTCAAGTCAG_001,111
TGTTACCGTTCTCAAGTCAG_002,108
TGTTACCGTTCTCAAGTCAG_003,58
TGTTACCGTTCTCAAGTCAG_004,168
TGTTACCGTTCTCAAGTCAG_005,34
TTCGAGGTCCGGACAGGTCG_001,162
TTCGAGGTCCGGACAGGTCG_002,160
TTCGAGGTCCGGACAGGTCG_003,112
TTCGAGGTCCGGACAGGTCG_004,8
TTCGAGGTCCGGACAGGTCG_005,166
TTCGAGGTCCGGACAGGTCG_006,54
TTCGAGGTCCGGACAGGTCG_007,162
TTCGAGGTCCGGACAGGTCG_008,8
TTCGAGGTCCGGACAGGTCG_009,174
TTCGAGGTCCGGACAGGTCG_010,59
TTCGAGGTCCGGACAGGTCG_011,83
TTCGAGGTCCGGACAGGTCG_012,105
TTCGAGGTCCGGACAGGTCG_013,103
TTCGAGGTCCGGACAGGTCG_014,177
TTCGAGGTCCGGACAGGTCG_015,86
TTCGAGGTCCGGACAGGTCG_016,60
TTCGAGGTCCGGACAGGTCG_017,168
TTCGAGGTCCGGACAGGTCG_018,127
TTCGAGGTCCGGACAGGTCG_019,119
TTCGAGGTCCGGACAGGTCG_020,115
TTCGAGGTCCGGACAGGTCG_021,102
TTCGAGGTCCGGACAGGTCG_022,53
TTCGAGGTCCGGACAGGTCG_023,130
TTCGAGGTCCGGACAGGTCG_024,122
TTCGAGGTCCGGACAGGTCG_025,15
TTCGAGGTCCGGACAGGTCG_026,57
TTCGAGGTCCGGACAGGTCG_027,150
TTCGAGGTCCGGACAGGTCG_028,1
TTCGAGGTCCGGACAGGTCG_029,138
TTCGAGGTCCGGACAGGTCG_030,188
TTCGAGGTCCGGACAGGTCG_031,188
TTCGAGGTCCGGACAGGTCG_032,157
TTCGAGGTCCGGACAGGTCG_033,146
TTCGAGGTCCGGACAGGTCG_034,68
TTCGAGGTCCGGACAGGTCG_035,35
TTCGAGGTCCGGACAGGTCG_036,192
TTCGAGGTCCGGACAGGTCG_037,108
TTCGAGGTCCGGACAGGTCG_038,62
AATGTCTGCACAAACGCTGT_001,23
AATGTCTGCACAAACGCTGT_002,21
AATGTCTGCACAAACGCTGT_003,166
AATGTCTGCACAAACGCTGT_004,166
AATGTCTGCACAAACGCTGT_005,150
AATGTCTGCACAAACGCTGT_006,65
AATGTCTGCACAAACGCTGT_007,62
AATGTCTGCACAAACGCTGT_008,20
AATGTCTGCACAAACGCTGT_009,28
ATTTTCGAAAGCTTAGGCCA_001,51
ATTTTCGAAAGCTTAGGCCA_002,30
ATTTTCGAAAGCTTAGGCCA_003,91
ATTTTCGAAAGCTTAGGCCA_004,107
ATTTTCGAAAGCTTAGGCCA_005,51
ATTTTCGAAAGCTTAGGCCA_006,96
ATTTTCGAAAGCTTAGGCCA_007,48
ATTTTCGAAAGCTTAGGCCA_008,45
ATTTTCGAAAGCTTAGGCCA_009,158
ATTTTCGAAAGCTTAGGCCA_010,65
ATTTTCGAAAGCTTAGGCCA_011,182
ATTTTCGAAAGCTTAGGCCA_012,174
ATTTTCGAAAGCTTAGGCCA_013,94
ATTTTCGAAAGCTTAGGCCA_014,151
ATTTTCGAAAGCTTAGGCCA_015,119
ATTTTCGAAAGCTTAGGCCA_016,94
ATTTTCGAAAGCTTAGGCCA_017,41
ATTTTCGAAAGCTTAGGCCA_018,117
ATTTTCGAAAGCTTAGGCCA_019,40
ATTTTCGAAAGCTTAGGCCA_020,118
ATTTTCGAAAGCTTAGGCCA_021,40
ATTTTCGAAAGCTTAGGCCA_022,5
ATTTTCGAAAGCTTAGGCCA_023,61
ATTTTCGAAAGCTTAGGCCA_024,140
ATTTTCGAAAGCTTAGGCCA_025,134
ATTTTCGAAAGCTTAGGCCA_026,69
ATTTTCGAAAGCTTAGGCCA_027,70
ATTTTCGAAAGCTTAGGCCA_028,174
AGAACTTGTCGAATGCAACA_001,76
AGAACTTGTCGAATGCAACA_002,154
AGAACTTGTCGAATGCAACA_003,84
AGAACTTGTCGAATGCAACA_004,69
AGAACTTGTCGAATGCAACA_005,66
AGAACTTGTCGAATGCAACA_006,31
AGAACTTGTCGAATGCAACA_007,127
AGAACTTGTCGAATGCAACA_008,15
AGAACTTGTCGAATGCAACA_009,61
AGAACTTGTCGAATGCAACA_010,185
AGAACTTGTCGAATGCAACA_011,145
AGAACTTGTCGAATGCAACA_012,190
AGAACTTGTCGAATGCAACA_013,76
AGAACTTGTCGAATGCAACA_014,108
AGAACTTGTCGAATGCAACA_015,88
AGAACTTGTCGAATGCAACA_016,169
AGAACTTGTCGAATGCAACA_017,79
AATGTTAGCTTTCACCCGCT_001,84
AATGTTAGCTTTCACCCGCT_002,134
AATGTTAGCTTTCACCCGCT_003,182
AATGTTAGCTTTCACCCGCT_004,119
AATGTTAGCTTTCACCCGCT_005,26
AATGTTAGCTTTCACCCGCT_006,127
AATGTTAGCTTTCACCCGCT_007,57
CTGCCTGGGCTTCGGCCCTG_001,80
CTGCCTGGGCTTCGGCCCTG_002,78
CTGCCTGGGCTTCGGCCCTG_003,2
CTGCCTGGGCTTCGGCCCTG_004,169
CTGCCTGGGCTTCGGCCCTG_005,92
CTGCCTGGGCTTCGGCCCTG_006,53
CTGCCTGGGCTTCGGCCCTG_007,86
CTGCCTGGGCTTCGGCCCTG_008,177
CTGCCTGGGCTTCGGCCCTG_009,48
CTGCCTGGGCTTCGGCCCTG_010,62
CTGCCTGGGCTTCGGCCCTG_011,138
GAGCAGAATCATGACCAAGT_001,89
GAGCAGAATCATGACCAAGT_002,79
GAGCAGAATCATGACCAAGT_003,102
GAGCAGAATCATGACCAAGT_004,68
GAGCAGAATCATGACCAAGT_005,9
GAGCAGAATCATGACCAAGT_006,136
AAGAAGACGATCGCAGCCAG_001,108
AATTTATCGTCAACATTAAT_001,149
AATTTATCGTCAACATTAAT_002,50
AATTTATCGTCAACATTAAT_003,63
AATTTATCGTCAACATTAAT_004,30
AATTTATCGTCAACATTAAT_005,158
AATTTATCGTCAACATTAAT_006,115
AATTTATCGTCAACATTAAT_007,199
AATTTATCGTCAACATTAAT_008,127
AATTTATCGTCAACATTAAT_009,82
AATTTATCGTCAACATTAAT_010,56
AATTTATCGTCAACATTAAT_011,9
GACAGTTAGAATCAGAAACT_001,137
GACAGTTAGAATCAGAAACT_002,128
GACAGTTAGAATCAGAAACT_003,14
GACAGTTAGAATCAGAAACT_004,52
GATCGCCGATAAGTACCCGG_001,7
GATCGCCGATAAGTACCCGG_002,72
GATCGCCGATAAGTACCCGG_003,30
GATCGCCGATAAGTACCCGG_004,145
GATCGCCGATAAGTACCCGG_005,86
GATCGCCGATAAGTACCCGG_006,147
GATCGCCGATAAGTACCCGG_007,181
GATCGCCGATAAGTACCCGG_008,70
GATCGCCGATAAGTACCCGG_009,130
GGACTTGTATGAATGGCCAC_001,40
GGACTTGTATGAATGGCCAC_002,50
GGACTTGTATGAATGGCCAC_003,146
TACTTGGGGATAGGACACTT_001,112
TACTTGGGGATAGGACACTT_002,175
TACTTGGGGATAGGACACTT_003,70
TACTTGGGGATAGGACACTT_004,192
TACTTGGGGATAGGACACTT_005,158
TACTTGGGGATAGGACACTT_006,161
TACTTGGGGATAGGACACTT_007,125
TACTTGGGGATAGGACACTT_008,28
TACTTGGGGATAGGACACTT_009,111
GTTCCACAGGAAGTAGATCA_001,83
GTTCCACAGGAAGTAGATCA_002,44
GTTCCACAGGAAGTAGATCA_003,75
GTTCCACAGGAAGTAGATCA_004,27
GTTCCACAGGAAGTAGATCA_005,197
GTTCCACAGGAAGTAGATCA_006,49
GTTCCACAGGAAGTAGATCA_007,105
GTTCCACAGGAAGTAGATCA_008,57
CGGCTGCCAGCAGAACATTG_001,17
CGGCTGCCAGCAGAACATTG_002,1
CGGCTGCCAGCAGAACATTG_003,63
CGGCTGCCAGCAGAACATTG_004,63
CGGCTGCCAGCAGAACATTG_005,174
CGGCTGCCAGCAGAACATTG_006,165
CGGCTGCCAGCAGAACATTG_007,198
CGGCTGCCAGCAGAACATTG_008,196
CGGCTGCCAGCAGAACATTG_009,147
CGGCTGCCAGCAGAACATTG_010,137
CGGCTGCCAGCAGAACATTG_011,144
CGGCTGCCAGCAGAACATTG_012,58
CGGCTGCCAGCAGAACATTG_013,169
CGGCTGCCAGCAGAACATTG_014,146
CGGCTGCCAGCAGAACATTG_015,19
CGGCTGCCAGCAGAACATTG_016,63
CGGCTGCCAGCAGAACATTG_017,161
CGGCTGCCAGCAGAACATTG_018,172
CGGCTGCCAGCAGAACATTG_019,4
CGGCTGCCAGCAGAACATTG_020,84
CGGCTGCCAGCAGAACATTG_021,26
CGGCTGCCAGCAGAACATTG_022,74
CGGCTGCCAGCAGAACATTG_023,144
CGGCTGCCAGCAGAACATTG_024,175
CGGCTGCCAGCAGAACATTG_025,125
ACACGGCTTATTGCAGCTGG_001,187
AGAAATCAGTGTACTGACCA_001,199
AGAAATCAGTGTACTGACCA_002,11
AGAAATCAGTGTACTGACCA_003,1
AGAAATCAGTGTACTGACCA_004,13
AGAAATCAGTGTACTGACCA_005,68
AGAAATCAGTGTACTGACCA_006,169
AGAAATCAGTGTACTGACCA_007,76
AGAAATCAGTGTACTGACCA_008,180
AGAAATCAGTGTACTGACCA_009,90
AGAAATCAGTGTACTGACCA_010,56
AGAAATCAGTGTACTGACCA_011,49
CAGTGCTTTGGCCATATCAG_001,162
CAGTGCTTTGGCCATATCAG_002,17
CAGTGCTTTGGCCATATCAG_003,50
CAGTGCTTTGGCCATATCAG_004,145
CAGTGCTTTGGCCATATCAG_005,2
CATTCTGAGAAAATGATCCA_001,0
CATTCTGAGAAAATGATCCA_002,177
CATTCTGAGAAAATGATCCA_003,185
CATTCTGAGAAAATGATCCA_004,62
CATTCTGAGAAAATGATCCA_005,69
CATTCTGAGAAAATGATCCA_006,115
CATTCTGAGAAAATGATCCA_007,76
CATTCTGAGAAAATGATCCA_008,105
CATTCTGAGAAAATGATCCA_009,43
CATTCTGAGAAAATGATCCA_010,72
CATTCTGAGAAAATGATCCA_011,162
CATTCTGAGAAAATGATCCA_012,168
CATTCTGAGAAAATGATCCA_013,27
CATTCTGAGAAAATGATCCA_014,15
CATTCTGAGAAAATGATCCA_015,48
CATTCTGAGAAAATGATCCA_016,58
CATTCTGAGAAAATGATCCA_017,58
CATTCTGAGAAAATGATCCA_018,121
GGGGTTACGGCATTGGAACG_001,175
GGGGTTACGGCATTGGAACG_002,88
GGGGTTACGGCATTGGAACG_003,126
GGGGTTACGGCATTGGAACG_004,106
GGGGTTACGGCATTGGAACG_005,132
GGGGTTACGGCATTGGAACG_006,150
GGGGTTACGGCATTGGAACG_007,15
GGGGTTACGGCATTGGAACG_008,92
GGGGTTACGGCATTGGAACG_009,170
GGGGTTACGGCATTGGAACG_010,40
GCAGACCTGCAGGCTTACAA_001,68
GCAGACCTGCAGGCTTACAA_002,34
GCAGACCTGCAGGCTTACAA_003,132
GCAGACCTGCAGGCTTACAA_004,13
GCAGACCTGCAGGCTTACAA_005,184
GCAGACCTGCAGGCTTACAA_006,52
GCAGACCTGCAGGCTTACAA_007,65
GCAGACCTGCAGGCTTACAA_008,193
GCAGACCTGCAGGCTTACAA_009,32
GCAGACCTGCAGGCTTACAA_010,158
GCAGACCTGCAGGCTTACAA_011,28
GCAGACCTGCAGGCTTACAA_012,115
GCAGACCTGCAGGCTTACAA_013,84
GCAGACCTGCAGGCTTACAA_014,50
GCAGACCTGCAGGCTTACAA_015,34
GCAGACCTGCAGGCTTACAA_016,53
GCAGACCTGCAGGCTTACAA_017,42
GCAGACCTGCAGGCTTACAA_018,122
GCAGACCTGCAGGCTTACAA_019,62
GCAGACCTGCAGGCTTACAA_020,137
GCAGACCTGCAGGCTTACAA_021,179
GCAGACCTGCAGGCTTACAA_022,62
GCAGACCTGCAGGCTTACAA_023,112
GCAGACCTGCAGGCTTACAA_024,188
GCAGACCTGCAGGCTTACAA_025,108
GCAGACCTGCAGGCTTACAA_026,1
GCAGACCTGCAGGCTTACAA_027,106
GCAGACCTGCAGGCTTACAA_028,127
GCAGACCTGCAGGCTTACAA_029,172
GCAGACCTGCAGGCTTACAA_030,37
GCAGACCTGCAGGCTTACAA_031,62
GCAGACCTGCAGGCTTACAA_032,28
GCAGACCTGCAGGCTTACAA_033,184
GCAGACCTGCAGGCTTACAA_034,34
GCAGACCTGCAGGCTTACAA_035,49
GCAGACCTGCAGGCTTACAA_036,18
GCAGACCTGCAGGCTTACAA_037,115
GCAGACCTGCAGGCTTACAA_038,90
GCAGACCTGCAGGCTTACAA_039,51
GCAGACCTGCAGGCTTACAA_040,28
GCAGACCTGCAGGCTTACAA_041,81
GCAGACCTGCAGGCTTACAA_042,105
GCAGACCTGCAGGCTTACAA_043,2
GCAGACCTGCAGGCTTACAA_044,56
CGAGATTGTTGTCTACACCA_001,153
CGAGATTGTTGTCTACACCA_002,62
CTGGGACGCTCCAACCACAA_001,114
CTCTCGATTAAACTCCTCGG_001,110
CTCTCGATTAAACTCCTCGG_002,15
CTCTCGATTAAACTCCTCGG_003,158
CTCTCGATTAAACTCCTCGG_004,49
CTCTCGATTAAACTCCTCGG_005,144
CTCTCGATTAAACTCCTCGG_006,115
CTCTCGATTAAACTCCTCGG_007,190
CTCTCGATTAAACTCCTCGG_008,139
CTCTCGATTAAACTCCTCGG_009,32
CTCTCGATTAAACTCCTCGG_010,7
CTCTCGATTAAACTCCTCGG_011,0
CTCTCGATTAAACTCCTCGG_012,9
CCTCATGCTTGTTGACACCG_001,149
CCTCATGCTTGTTGACACCG_002,162
CCTCATGCTTGTTGACACCG_003,49
CCTCATGCTTGTTGACACCG_004,45
CCTCATGCTTGTTGACACCG_005,22
CCTCATGCTTGTTGACACCG_006,28
CCTCATGCTTGTTGACACCG_007,22
CCTCATGCTTGTTGACACCG_008,157
GAAGAAGCGCATCACTTCAT_001,172
GAAGAAGCGCATCACTTCAT_002,187
GAAGAAGCGCATCACTTCAT_003,103
GAAGAAGCGCATCACTTCAT_004,146
GAAGAAGCGCATCACTTCAT_005,2
GAAGAAGCGCATCACTTCAT_006,83
GAAGAAGCGCATCACTTCAT_007,43
CAGGACTCACCGTAGTTCAT_001,104
CAGGACTCACCGTAGTTCAT_002,55
CAGGACTCACCGTAGTTCAT_003,197
CAGGACTCACCGTAGTTCAT_004,150
CAGGACTCACCGTAGTTCAT_005,168
CAGGACTCACCGTAGTTCAT_006,58
CAGGACTCACCGTAGTTCAT_007,44
CAGGACTCACCGTAGTTCAT_008,104
CAGGACTCACCGTAGTTCAT_009,44
CAGGACTCACCGTAGTTCAT_010,149
CAGGACTCACCGTAGTTCAT_011,42
CAGGACTCACCGTAGTTCAT_012,10
CAGGACTCACCGTAGTTCAT_013,103
CAGGACTCACCGTAGTTCAT_014,191
CAGGACTCACCGTAGTTCAT_015,149
CAGGACTCACCGTAGTTCAT_016,105
CAGGACTCACCGTAGTTCAT_017,151
CAGGACTCACCGTAGTTCAT_018,180
GCTGGCAAGAAGATACCGAT_001,38
GCTGGCAAGAAGATACCGAT_002,12
GCTGGCAAGAAGATACCGAT_003,68
GCTGGCAAGAAGATACCGAT_004,3
GCTGGCAAGAAGATACCGAT_005,9
GCTGGCAAGAAGATACCGAT_006,60
GCTGGCAAGAAGATACCGAT_007,15
GCTGGCAAGAAGATACCGAT_008,179
GCTGGCAAGAAGATACCGAT_009,113
GCTGGCAAGAAGATACCGAT_010,42
GCTGGCAAGAAGATACCGAT_011,9
GCTGGCAAGAAGATACCGAT_012,130
GCTGGCAAGAAGATACCGAT_013,8
GGTGGCAACTGAGATCTGCA_001,48
GACAGCAGGTTAGCATCAGG_001,166
GACAGCAGGTTAGCATCAGG_002,30
GACAGCAGGTTAGCATCAGG_003,137
GACAGCAGGTTAGCATCAGG_004,198
GACAGCAGGTTAGCATCAGG_005,32
GACAGCAGGTTAGCATCAGG_006,136
GACAGCAGGTTAGCATCAGG_007,180
GACAGCAGGTTAGCATCAGG_008,62
GACAGCAGGTTAGCATCAGG_009,184
GACAGCAGGTTAGCATCAGG_010,166
GACAGCAGGTTAGCATCAGG_011,56
GACAGCAGGTTAGCATCAGG_012,134
GACAGCAGGTTAGCATCAGG_013,82
GACAGCAGGTTAGCATCAGG_014,13
GACAGCAGGTTAGCATCAGG_015,32
GACAGCAGGTTAGCATCAGG_016,88
GACAGCAGGTTAGCATCAGG_017,188
GACAGCAGGTTAGCATCAGG_018,0
CGTCATTGACTCCACCGACG_001,105
CGTCATTGACTCCACCGACG_002,124
CGTCATTGACTCCACCGACG_003,31
TCTTCCATCCCCAACGCATG_001,127
TCTTCCATCCCCAACGCATG_002,175
TCTTCCATCCCCAACGCATG_003,22
TCTTCCATCCCCAACGCATG_004,55
TCTTCCATCCCCAACGCATG_005,168
TCTTCCATCCCCAACGCATG_006,134
TCTTCCATCCCCAACGCATG_007,139
TCTTCCATCCCCAACGCATG_008,58
TCTTCCATCCCCAACGCATG_009,192
TCTTCCATCCCCAACGCATG_010,44
TCTTCCATCCCCAACGCATG_011,122
TCTTCCATCCCCAACGCATG_012,193
TCTTCCATCCCCAACGCATG_013,158
TCTTCCATCCCCAACGCATG_014,10
TCTTCCATCCCCAACGCATG_015,29
TCTTCCATCCCCAACGCATG_016,147
TCTTCCATCCCCAACGCATG_017,77
TCTTCCATCCCCAACGCATG_018,184
AATGCCACATGCAAGATGAG_001,170
AATGCCACATGCAAGATGAG_002,40
AATGCCACATGCAAGATGAG_003,141
AATGCCACATGCAAGATGAG_004,72
AATGCCACATGCAAGATGAG_005,161
AATGCCACATGCAAGATGAG_006,167
AATGCCACATGCAAGATGAG_007,103
AATGCCACATGCAAGATGAG_008,171
AATGCCACATGCAAGATGAG_009,81
AATGCCACATGCAAGATGAG_010,177
AATGCCACATGCAAGATGAG_011,27
AATGCCACATGCAAGATGAG_012,48
AATGCCACATGCAAGATGAG_013,8
AATGCCACATGCAAGATGAG_014,192
AATGCCACATGCAAGATGAG_015,8
AATGCCACATGCAAGATGAG_016,56
AATGCCACATGCAAGATGAG_017,34
AATGCCACATGCAAGATGAG_018,183
AATGCCACATGCAAGATGAG_019,197
AATGCCACATGCAAGATGAG_020,82
AATGCCACATGCAAGATGAG_021,38
AATGCCACATGCAAGATGAG_022,106
AATGCCACATGCAAGATGAG_023,102
AATGCCACATGCAAGATGAG_024,174
AATGCCACATGCAAGATGAG_025,127
AATGCCACATGCAAGATGAG_026,2
AATGCCACATGCAAGATGAG_027,175
AATGCCACATGCAAGATGAG_028,33
AATGCCACATGCAAGATGAG_029,41
AATGCCACATGCAAGATGAG_030,184
AATGCCACATGCAAGATGAG_031,150
AATGCCACATGCAAGATGAG_032,171
AATGCCACATGCAAGATGAG_033,77
AATGCCACATGCAAGATGAG_034,63
AATGCCACATGCAAGATGAG_035,144
AATGCCACATGCAAGATGAG_036,3
AATGCCACATGCAAGATGAG_037,0
GCAAGCTGTTCAGAGGACAT_001,27
GCAAGCTGTTCAGAGGACAT_002,88
GCAAGCTGTTCAGAGGACAT_003,25
GCAAGCTGTTCAGAGGACAT_004,120
GCAAGCTGTTCAGAGGACAT_005,67
GCAAGCTGTTCAGAGGACAT_006,75
GCAAGCTGTTCAGAGGACAT_007,8
GCAAGCTGTTCAGAGGACAT_008,188
GCAAGCTGTTCAGAGGACAT_009,175
GCAAGCTGTTCAGAGGACAT_010,4
GCAAGCTGTTCAGAGGACAT_011,16
GCAAGCTGTTCAGAGGACAT_012,9
CTCTCTCGTAGGCGACCCGG_001,80
CTCTCTCGTAGGCGACCCGG_002,115
CTCTCTCGTAGGCGACCCGG_003,70
CTCTCTCGTAGGCGACCCGG_004,78
CTCTCTCGTAGGCGACCCGG_005,160
CTCTCTCGTAGGCGACCCGG_006,88
CTCTCTCGTAGGCGACCCGG_007,60
CTCTCTCGTAGGCGACCCGG_008,146
CTCTCTCGTAGGCGACCCGG_009,22
CTCTCTCGTAGGCGACCCGG_010,150
CCAACGATCAACCACTTTGG_001,11
CCAACGATCAACCACTTTGG_002,92
CCAACGATCAACCACTTTGG_003,64
CCAACGATCAACCACTTTGG_004,142
CCAACGATCAACCACTTTGG_005,138
CCAACGATCAACCACTTTGG_006,185
CCAACGATCAACCACTTTGG_007,10
CCAACGATCAACCACTTTGG_008,49
CCAACGATCAACCACTTTGG_009,1
CCAACGATCAACCACTTTGG_010,139
GCAGACTCACGAGTTCACGG_001,140
GCAGACTCACGAGTTCACGG_002,50
GCAGACTCACGAGTTCACGG_003,63
GCAGACTCACGAGTTCACGG_004,31
GCAGACTCACGAGTTCACGG_005,184
GCAGACTCACGAGTTCACGG_006,9
GCAGACTCACGAGTTCACGG_007,26
GCAGACTCACGAGTTCACGG_008,56
GCAGACTCACGAGTTCACGG_009,55
GCAGACTCACGAGTTCACGG_010,6
GCAGACTCACGAGTTCACGG_011,6
GCAGACTCACGAGTTCACGG_012,29
GCAGACTCACGAGTTCACGG_013,154
GCAGACTCACGAGTTCACGG_014,63
GCAGACTCACGAGTTCACGG_015,79
GCAGACTCACGAGTTCACGG_016,188
GCAGACTCACGAGTTCACGG_017,40
GCAGACTCACGAGTTCACGG_018,157
GCAGACTCACGAGTTCACGG_019,49
GCAGACTCACGAGTTCACGG_020,94
GCAGACTCACGAGTTCACGG_021,4
GCAGACTCACGAGTTCACGG_022,137
GCAGACTCACGAGTTCACGG_023,183
GCAGACTCACGAGTTCACGG_024,194
GCAGACTCACGAGTTCACGG_025,187
GCAGACTCACGAGTTCACGG_026,56
GCAGACTCACGAGTTCACGG_027,105
GCAGACTCACGAGTTCACGG_028,132
GCAGACTCACGAGTTCACGG_029,13
GCAGACTCACGAGTTCACGG_030,34
GCAGACTCACGAGTTCACGG_031,152
GCAGACTCACGAGTTCACGG_032,115
CCAGAGCAAGTCGTCTGACA_001,95
CCAGAGCAAGTCGTCTGACA_002,23
CCAGAGCAAGTCGTCTGACA_003,4
CCAGAGCAAGTCGTCTGACA_004,163
CCAGAGCAAGTCGTCTGACA_005,92
CCAGAGCAAGTCGTCTGACA_006,115
CCAGAGCAAGTCGTCTGACA_007,150
AAGGTCCCGAAATTCAGTGG_001,48
TGTGAAAGGGACCTCCAGCG_001,185
TGTGAAAGGGACCTCCAGCG_002,102
TGTGAAAGGGACCTCCAGCG_003,14
AGTATGATTACACCATCGAT_001,191
AGTATGATTACACCATCGAT_002,34
AGTATGATTACACCATCGAT_003,195
AGTATGATTACACCATCGAT_004,20
AGTATGATTACACCATCGAT_005,34
AGGGCTCAACGGGATTGTGT_001,101
AGGGCTCAACGGGATTGTGT_002,132
AGGGCTCAACGGGATTGTGT_003,113
AGGGCTCAACGGGATTGTGT_004,150
AGGGCTCAACGGGATTGTGT_005,33
CCAGAAGAGATCACAAACAC_001,139
CCAGAAGAGATCACAAACAC_002,55
CCAGAAGAGATCACAAACAC_003,176
CCAGAAGAGATCACAAACAC_004,11
CCAGAAGAGATCACAAACAC_005,145
ATATACTCCTTAGGCATGCG_001,146
ATATACTCCTTAGGCATGCG_002,125
ATATACTCCTTAGGCATGCG_003,188
ATATACTCCTTAGGCATGCG_004,101
TCATACTATCAGAGCAACAG_001,55
TCATACTATCAGAGCAACAG_002,60
TCATACTATCAGAGCAACAG_003,152
TCATACTATCAGAGCAACAG_004,48
TCATACTATCAGAGCAACAG_005,20
TCATACTATCAGAGCAACAG_006,127
TCATACTATCAGAGCAACAG_007,158
GATACATCGACTATGCCCAC_001,38
GATACATCGACTATGCCCAC_002,88
GATACATCGACTATGCCCAC_003,78
GATACATCGACTATGCCCAC_004,9
GATACATCGACTATGCCCAC_005,158
GATACATCGACTATGCCCAC_006,116
GATACATCGACTATGCCCAC_007,117
GATACATCGACTATGCCCAC_008,29
GATACATCGACTATGCCCAC_009,197
GATACATCGACTATGCCCAC_010,190
GATACATCGACTATGCCCAC_011,119
GATACATCGACTATGCCCAC_012,148
GATGGCTTCATACATCGGAT_001,82
GATGGCTTCATACATCGGAT_002,6
GATGGCTTCATACATCGGAT_003,150
GATGGCTTCATACATCGGAT_004,160
GATGGCTTCATACATCGGAT_005,17
GATGGCTTCATACATCGGAT_006,179
GATGGCTTCATACATCGGAT_007,156
GATGGCTTCATACATCGGAT_008,42
GATGGCTTCATACATCGGAT_009,118
GATGGCTTCATACATCGGAT_010,28
ACATACTGCATGGAACACCA_001,150
ACATACTGCATGGAACACCA_002,140
ACATACTGCATGGAACACCA_003,194
ACATACTGCATGGAACACCA_004,150
ACATACTGCATGGAACACCA_005,12
ACATACTGCATGGAACACCA_006,43
ACATACTGCATGGAACACCA_007,191
ACATACTGCATGGAACACCA_008,34
ACATACTGCATGGAACACCA_009,144
GCTGGGCGTGTGGATCGCAG_001,6
GCTGGGCGTGTGGATCGCAG_002,65
GCTGGGCGTGTGGATCGCAG_003,157
GCTGGGCGTGTGGATCGCAG_004,124
GCTGGGCGTGTGGATCGCAG_005,20
GCTGGGCGTGTGGATCGCAG_006,20
GCTGGGCGTGTGGATCGCAG_007,1
GCTGGGCGTGTGGATCGCAG_008,13
GCTGGGCGTGTGGATCGCAG_009,158
GCTGGGCGTGTGGATCGCAG_010,165
GCTGGGCGTGTGGATCGCAG_011,127
GCTGGGCGTGTGGATCGCAG_012,141
GCTGGGCGTGTGGATCGCAG_013,30
GCTGGGCGTGTGGATCGCAG_014,54
GCTGGGCGTGTGGATCGCAG_015,75
GCTGGGCGTGTGGATCGCAG_016,149
GCTGGGCGTGTGGATCGCAG_017,19
GCTGGGCGTGTGGATCGCAG_018,112
GCTGGGCGTGTGGATCGCAG_019,17
GCTGGGCGTGTGGATCGCAG_020,180
GCTGGGCGTGTGGATCGCAG_021,178
GCTGGGCGTGTGGATCGCAG_022,80
GCTGGGCGTGTGGATCGCAG_023,162
GCTGGGCGTGTGGATCGCAG_024,55
GCTGGGCGTGTGGATCGCAG_025,10
TCTTCGCGGGAAGAAGAAGG_001,91
TCTTCGCGGGAAGAAGAAGG_002,170
TCTTCGCGGGAAGAAGAAGG_003,50
TCTTCGCGGGAAGAAGAAGG_004,77
TCAGCTGTGTCACCATAATG_001,82
TCAGCTGTGTCACCATAATG_002,67
TCAGCTGTGTCACCATAATG_003,29
TCAGCTGTGTCACCATAATG_004,56
GAAGCTGTAAGGGATCAACT_001,81
GAAGCTGTAAGGGATCAACT_002,35
GAAGCTGTAAGGGATCAACT_003,122
GAAGCTGTAAGGGATCAACT_004,29
GAAGCTGTAAGGGATCAACT_005,16
GAAGCTGTAAGGGATCAACT_006,23
TCACTTGTCTATACGGGGTA_001,168
TCACTTGTCTATACGGGGTA_002,12
TCACTTGTCTATACGGGGTA_003,183
TCACTTGTCTATACGGGGTA_004,184
TCACTTGTCTATACGGGGTA_005,19
TCACTTGTCTATACGGGGTA_006,81
TCACTTGTCTATACGGGGTA_007,44
TCACTTGTCTATACGGGGTA_008,49
TCACTTGTCTATACGGGGTA_009,127
TCACTTGTCTATACGGGGTA_010,27
TCACTTGTCTATACGGGGTA_011,0
TCACTTGTCTATACGGGGTA_012,75
ACAGGACAGACAGGTACATG_001,129
ACAGGACAGACAGGTACATG_002,119
ACAGGACAGACAGGTACATG_003,113
ACAGGACAGACAGGTACATG_004,86
ACAGGACAGACAGGTACATG_005,8
ACAGGACAGACAGGTACATG_006,97
CTTATGTTCGTTCAGAACTG_001,153
CTTATGTTCGTTCAGAACTG_002,177
TACTAACGCCGCTCCTACAG_001,134
TACTAACGCCGCTCCTACAG_002,94
TACTAACGCCGCTCCTACAG_003,153
TACTAACGCCGCTCCTACAG_004,108
TACTAACGCCGCTCCTACAG_005,70
TACTAACGCCGCTCCTACAG_006,5
TACTAACGCCGCTCCTACAG_007,30
TACTAACGCCGCTCCTACAG_008,98
TACTAACGCCGCTCCTACAG_009,78
TACTAACGCCGCTCCTACAG_010,48
TACTAACGCCGCTCCTACAG_011,150
TACTAACGCCGCTCCTACAG_012,142
TACTAACGCCGCTCCTACAG_013,77
CTTCGACACAATGCCAACGT_001,53
CTTCGACACAATGCCAACGT_002,16
CTTCGACACAATGCCAACGT_003,79
CTTCGACACAATGCCAACGT_004,64
CTTCGACACAATGCCAACGT_005,75
CTTCGACACAATGCCAACGT_006,39
CTTCGACACAATGCCAACGT_007,5
CTTCGACACAATGCCAACGT_008,34
GGGGCAGCGGAACATGAGCA_001,58
GGGGCAGCGGAACATGAGCA_002,89
GGGGCAGCGGAACATGAGCA_003,121
GGGGCAGCGGAACATGAGCA_004,94
GGGGCAGCGGAACATGAGCA_005,133
GGGGCAGCGGAACATGAGCA_006,105
GGGGCAGCGGAACATGAGCA_007,172
GGGGCAGCGGAACATGAGCA_008,182
GGGGCAGCGGAACATGAGCA_009,34
GGTCAAGCTACGCCTGACAG_001,69
GGTCAAGCTACGCCTGACAG_002,85
GGTCAAGCTACGCCTGACAG_003,46
GGTCAAGCTACGCCTGACAG_004,116
GGTCAAGCTACGCCTGACAG_005,27
GCATTCATTACAAGGGAACA_001,132
GCATTCATTACAAGGGAACA_002,103
GCATTCATTACAAGGGAACA_003,126
GCATTCATTACAAGGGAACA_004,96
GCATTCATTACAAGGGAACA_005,106
GCATTCATTACAAGGGAACA_006,150
GCATTCATTACAAGGGAACA_007,108
GCATTCATTACAAGGGAACA_008,137
TTGGACCGAACTGTAACCAA_001,100
TTGGACCGAACTGTAACCAA_002,83
TTGGACCGAACTGTAACCAA_003,75
TTGGACCGAACTGTAACCAA_004,130
TTGGACCGAACTGTAACCAA_005,145
TTGGACCGAACTGTAACCAA_006,76
TTGGACCGAACTGTAACCAA_007,101
TTGGACCGAACTGTAACCAA_008,26
TTGTTGGGCGTAACCACGAA_001,140
TTGTTGGGCGTAACCACGAA_002,91
TTGTTGGGCGTAACCACGAA_003,29
TTGTTGGGCGTAACCACGAA_004,69
TTGTTGGGCGTAACCACGAA_005,172
GAAACCAGCATCTTCCACAG_001,108
GAAACCAGCATCTTCCACAG_002,77
GGGGACATGAATTCAAGTGT_001,85
GGGGACATGAATTCAAGTGT_002,172
GGGGACATGAATTCAAGTGT_003,197
GGGGACATGAATTCAAGTGT_004,192
TTGTAGTGAAGGGATACTAT_001,84
TTGTAGTGAAGGGATACTAT_002,188
TTGTAGTGAAGGGATACTAT_003,191
TTGTAGTGAAGGGATACTAT_004,148
TTGTAGTGAAGGGATACTAT_005,176
TTGTAGTGAAGGGATACTAT_006,189
TTGTAGTGAAGGGATACTAT_007,160
TTGTAGTGAAGGGATACTAT_008,170
TTGTAGTGAAGGGATACTAT_009,19
TTGTAGTGAAGGGATACTAT_010,12
TTGTAGTGAAGGGATACTAT_011,72
TTGTAGTGAAGGGATACTAT_012,69
TTGTAGTGAAGGGATACTAT_013,110
TTGTAGTGAAGGGATACTAT_014,39
TTGTAGTGAAGGGATACTAT_015,4
CATCTGCTGCGAAGGCAACG_001,6
CATCTGCTGCGAAGGCAACG_002,178
CATCTGCTGCGAAGGCAACG_003,10
CATCTGCTGCGAAGGCAACG_004,169
CATCTGCTGCGAAGGCAACG_005,48
CATCTGCTGCGAAGGCAACG_006,2
CATCTGCTGCGAAGGCAACG_007,45
AGGTATGATCGGGTACGGCA_001,67
AGGTATGATCGGGTACGGCA_002,183
AGGTATGATCGGGTACGGCA_003,76
AGGTATGATCGGGTACGGCA_004,169
AATGAATGGATTGAGCTATG_001,174
AATGAATGGATTGAGCTATG_002,137
GATATGTGTACACGTCACAC_001,139
GATATGTGTACACGTCACAC_002,72
GATATGTGTACACGTCACAC_003,2
GATATGTGTACACGTCACAC_004,60
GATATGTGTACACGTCACAC_005,41
GATATGTGTACACGTCACAC_006,176
GATATGTGTACACGTCACAC_007,188
GATATGTGTACACGTCACAC_008,82
GATATGTGTACACGTCACAC_009,162
GATATGTGTACACGTCACAC_010,98
GATATGTGTACACGTCACAC_011,166
GATATGTGTACACGTCACAC_012,155
GCCAGACTTTCAGATAAAGG_001,141
GCTGGTACGAAGTGCCAAAG_001,0
CTCCCCTTATCACACCATCG_001,1
GTTTAACAGAGCGAAACCGT_001,145
GTTTAACAGAGCGAAACCGT_002,185
GTTTAACAGAGCGAAACCGT_003,171
GTTTAACAGAGCGAAACCGT_004,146
GTTTAACAGAGCGAAACCGT_005,182
GTTTAACAGAGCGAAACCGT_006,11
GTTTAACAGAGCGAAACCGT_007,48
GTTTAACAGAGCGAAACCGT_008,5
GTTTAACAGAGCGAAACCGT_009,101
GTTTAACAGAGCGAAACCGT_010,132
GTTTAACAGAGCGAAACCGT_011,65
GTTTAACAGAGCGAAACCGT_012,177
GGTGGGCAACGCCTACACGC_001,28
GGTGGGCAACGCCTACACGC_002,82
GGTGGGCAACGCCTACACGC_003,55
GGTGGGCAACGCCTACACGC_004,113
GGTGGGCAACGCCTACACGC_005,98
GGTGGGCAACGCCTACACGC_006,77
GGTGGGCAACGCCTACACGC_007,32
GGTGGGCAACGCCTACACGC_008,78
GGTGGGCAACGCCTACACGC_009,138
GGTGGGCAACGCCTACACGC_010,143
AGGCTCTCAGGGTCCCCAAG_001,159
AGGCTCTCAGGGTCCCCAAG_002,161
AGGCTCTCAGGGTCCCCAAG_003,114
AGGCTCTCAGGGTCCCCAAG_004,153
AGGCTCTCAGGGTCCCCAAG_005,107
AGGCTCTCAGGGTCCCCAAG_006,78
AGGCTCTCAGGGTCCCCAAG_007,77
AGGCTCTCAGGGTCCCCAAG_008,55
AGGCTCTCAGGGTCCCCAAG_009,38
AGGCTCTCAGGGTCCCCAAG_010,71
AGGCTCTCAGGGTCCCCAAG_011,87
AGGCTCTCAGGGTCCCCAAG_012,96
AGGCTCTCAGGGTCCCCAAG_013,172
AGGCTCTCAGGGTCCCCAAG_014,47
AGGCTCTCAGGGTCCCCAAG_015,71
AGGCTCTCAGGGTCCCCAAG_016,158
AGGCTCTCAGGGTCCCCAAG_017,120
AGGCTCTCAGGGTCCCCAAG_018,30
GGGAGGTAACGAGATTCAGA_001,75
CATCGTCTGCAACGGTCTCG_001,152
CATCGTCTGCAACGGTCTCG_002,129
CATCGTCTGCAACGGTCTCG_003,146
CATCGTCTGCAACGGTCTCG_004,30
AGTGATTTACCACTGCACAG_001,98
AGTGATTTACCACTGCACAG_002,162
CGGACACGCATGATCGAAGG_001,150
CGGACACGCATGATCGAAGG_002,162
ACCTGTTGTAAACGTCACTG_001,65
ACCTGTTGTAAACGTCACTG_002,144
ACCTGTTGTAAACGTCACTG_003,135
ACCTGTTGTAAACGTCACTG_004,174
ACCTGTTGTAAACGTCACTG_005,175
ACCTGTTGTAAACGTCACTG_006,50
ACCTGTTGTAAACGTCACTG_007,9
ACCTGTTGTAAACGTCACTG_008,19
ACCTGTTGTAAACGTCACTG_009,39
ACCTGTTGTAAACGTCACTG_010,169
ACCTGTTGTAAACGTCACTG_011,114
ACCTGTTGTAAACGTCACTG_012,24
ACCTGTTGTAAACGTCACTG_013,197
TTTCCAAAGGCAATGCACTT_001,1
TTTCCAAAGGCAATGCACTT_002,96
TTTCCAAAGGCAATGCACTT_003,64
ATGTGGAGTTAGCCCCAAAG_001,94
ATGTGGAGTTAGCCCCAAAG_002,48
ATGTGGAGTTAGCCCCAAAG_003,94
ATGTGGAGTTAGCCCCAAAG_004,68
ATGTGGAGTTAGCCCCAAAG_005,140
ATGTGGAGTTAGCCCCAAAG_006,154
ATGTGGAGTTAGCCCCAAAG_007,104
ATGTGGAGTTAGCCCCAAAG_008,106
ATGTGGAGTTAGCCCCAAAG_009,121
ATGTGGAGTTAGCCCCAAAG_010,31
ATGTGGAGTTAGCCCCAAAG_011,43
ATGTGGAGTTAGCCCCAAAG_012,141
ATGTGGAGTTAGCCCCAAAG_013,29
ATGTGGAGTTAGCCCCAAAG_014,9
ATGTGGAGTTAGCCCCAAAG_015,177
ATGTGGAGTTAGCCCCAAAG_016,10
ATGTGGAGTTAGCCCCAAAG_017,47
ATGTGGAGTTAGCCCCAAAG_018,188
ATGTGGAGTTAGCCCCAAAG_019,57
GCTCTGGGCACTTTGGCGTG_001,106
GCTCTGGGCACTTTGGCGTG_002,158
GCTCTGGGCACTTTGGCGTG_003,197
GCTCTGGGCACTTTGGCGTG_004,28
ATCAACGTGTAGAGCCTGAG_001,94
ATCAACGTGTAGAGCCTGAG_002,117
ATCAACGTGTAGAGCCTGAG_003,143
ATCAACGTGTAGAGCCTGAG_004,49
ATCAACGTGTAGAGCCTGAG_005,141
ATCAACGTGTAGAGCCTGAG_006,70
ATCAACGTGTAGAGCCTGAG_007,75
ATCAACGTGTAGAGCCTGAG_008,67
ATCAACGTGTAGAGCCTGAG_009,44
ATCAACGTGTAGAGCCTGAG_010,181
ATCAACGTGTAGAGCCTGAG_011,49
ATCAACGTGTAGAGCCTGAG_012,188
ATCAACGTGTAGAGCCTGAG_013,19
ATCAACGTGTAGAGCCTGAG_014,184
AATATGGCAGAAAACAACTT_001,125
AATATGGCAGAAAACAACTT_002,97
AATATGGCAGAAAACAACTT_003,27
AATATGGCAGAAAACAACTT_004,138
AATATGGCAGAAAACAACTT_005,81
AATATGGCAGAAAACAACTT_006,78
AATATGGCAGAAAACAACTT_007,188
AATATGGCAGAAAACAACTT_008,155
AATATGGCAGAAAACAACTT_009,74
TCGGAATCAGAATTAAAACA_001,121
TCGGAATCAGAATTAAAACA_002,33
TCGGAATCAGAATTAAAACA_003,113
TCTGGTAGCGGCGAATCTCG_001,197
TCTGGTAGCGGCGAATCTCG_002,128
TCTGGTAGCGGCGAATCTCG_003,130
TCTGGTAGCGGCGAATCTCG_004,127
TCTGGTAGCGGCGAATCTCG_005,50
GAAGCAACTCACCGAAGATG_001,150
GAAGCAACTCACCGAAGATG_002,177
GAAGCAACTCACCGAAGATG_003,114
GAAGCAACTCACCGAAGATG_004,137
GAAGCAACTCACCGAAGATG_005,16
CTACATCGTGATGAACTATG_001,14
ACTGTATCCTACCTTGCCAG_001,37
ACTGTATCCTACCTTGCCAG_002,67
TCACAGCTAAGTGCTCAACT_001,50
TCACAGCTAAGTGCTCAACT_002,50
TCACAGCTAAGTGCTCAACT_003,27
TCACAGCTAAGTGCTCAACT_004,56
TCACAGCTAAGTGCTCAACT_005,26
TCACAGCTAAGTGCTCAACT_006,168
TCACAGCTAAGTGCTCAACT_007,147
TCACAGCTAAGTGCTCAACT_008,149
TCACAGCTAAGTGCTCAACT_009,41
TCACAGCTAAGTGCTCAACT_010,105
TCACAGCTAAGTGCTCAACT_011,12
TCACAGCTAAGTGCTCAACT_012,9
TCACAGCTAAGTGCTCAACT_013,78
TCACAGCTAAGTGCTCAACT_014,70
TCACAGCTAAGTGCTCAACT_015,10
TCACAGCTAAGTGCTCAACT_016,49
TCTGCCTCATAGGGTACCGG_001,197
TCTGCCTCATAGGGTACCGG_002,83
TCTGCCTCATAGGGTACCGG_003,198
AGTAGATAACATATCAACAA_001,95
AATTCATGTAGCCTCGCTCG_001,1
AATTCATGTAGCCTCGCTCG_002,107
AATTCATGTAGCCTCGCTCG_003,107
AATTCATGTAGCCTCGCTCG_004,172
AATTCATGTAGCCTCGCTCG_005,56
AATTCATGTAGCCTCGCTCG_006,118
ATTTGCCGTTAATACAAACA_001,81
ATTTGCCGTTAATACAAACA_002,56
ATTTGCCGTTAATACAAACA_003,142
CATGTGGCACGTGATAGCCC_001,184
TTTATTATTTCAGGTTGCCG_001,91
TTTATTATTTCAGGTTGCCG_002,109
TTTATTATTTCAGGTTGCCG_003,109
TTTATTATTTCAGGTTGCCG_004,13
TTTATTATTTCAGGTTGCCG_005,159
TTTATTATTTCAGGTTGCCG_006,138
TTTATTATTTCAGGTTGCCG_007,180
TTTATTATTTCAGGTTGCCG_008,1
TTTATTATTTCAGGTTGCCG_009,1
TTTATTATTTCAGGTTGCCG_010,5
GGGTACAGCAGGGCCATCAG_001,27
GGGTACAGCAGGGCCATCAG_002,127
GGGTACAGCAGGGCCATCAG_003,60
GGGTACAGCAGGGCCATCAG_004,17
GGGTACAGCAGGGCCATCAG_005,12
GGGTACAGCAGGGCCATCAG_006,152
GGGTACAGCAGGGCCATCAG_007,103
GGGTACAGCAGGGCCATCAG_008,13
GGGTACAGCAGGGCCATCAG_009,107
GGGTACAGCAGGGCCATCAG_010,45
GGGTACAGCAGGGCCATCAG_011,81
GGGTACAGCAGGGCCATCAG_012,110
GGGTACAGCAGGGCCATCAG_013,165
GGGTACAGCAGGGCCATCAG_014,75
GGGTACAGCAGGGCCATCAG_015,169
GGGTACAGCAGGGCCATCAG_016,81
GGGTACAGCAGGGCCATCAG_017,144
GGGTACAGCAGGGCCATCAG_018,41
GGGTACAGCAGGGCCATCAG_019,113
GGGTACAGCAGGGCCATCAG_020,162
GGGTACAGCAGGGCCATCAG_021,1
GGGTACAGCAGGGCCATCAG_022,35
GGGTACAGCAGGGCCATCAG_023,39
GGGTACAGCAGGGCCATCAG_024,19
GGGTACAGCAGGGCCATCAG_025,149
GGGTACAGCAGGGCCATCAG_026,81
GGGTACAGCAGGGCCATCAG_027,51
GGGTACAGCAGGGCCATCAG_028,105
GGGTACAGCAGGGCCATCAG_029,88
GGGTACAGCAGGGCCATCAG_030,33
GGGTACAGCAGGGCCATCAG_031,157
GGGTACAGCAGGGCCATCAG_032,188
GGGTACAGCAGGGCCATCAG_033,136
GGGTACAGCAGGGCCATCAG_034,48
GGGTACAGCAGGGCCATCAG_035,62
GGGTACAGCAGGGCCATCAG_036,106
GGGTACAGCAGGGCCATCAG_037,16
ATCACGGTCAGTCTAGCACA_001,171
ATCACGGTCAGTCTAGCACA_002,0
ATCACGGTCAGTCTAGCACA_003,89
ATCACGGTCAGTCTAGCACA_004,121
CAGTCGGGCGGGATAAAGTG_001,29
CAGTCGGGCGGGATAAAGTG_002,115
CAGTCGGGCGGGATAAAGTG_003,138
CAGTCGGGCGGGATAAAGTG_004,49
CAGTCGGGCGGGATAAAGTG_005,48
CAGTCGGGCGGGATAAAGTG_006,125
CAGTCGGGCGGGATAAAGTG_007,136
CAGTCGGGCGGGATAAAGTG_008,55
CAGTCGGGCGGGATAAAGTG_009,17
CAGTCGGGCGGGATAAAGTG_010,48
CAGTCGGGCGGGATAAAGTG_011,48
CCAACTCCAACACTTAACAC_001,52
CCAACTCCAACACTTAACAC_002,165
AAGGTAGAGCATCATCACGG_001,117
AAGGTAGAGCATCATCACGG_002,15
AAGGTAGAGCATCATCACGG_003,115
AAGGTAGAGCATCATCACGG_004,54
AAGGTAGAGCATCATCACGG_005,24
AAGGTAGAGCATCATCACGG_006,4
AAGGTAGAGCATCATCACGG_007,177
AAGGTAGAGCATCATCACGG_008,134
AAGGTAGAGCATCATCACGG_009,33
AAGGTAGAGCATCATCACGG_010,24
AAGGTAGAGCATCATCACGG_011,124
AAGGTAGAGCATCATCACGG_012,78
ATCTTAATCTTACCTGCACG_001,157
ATCTTAATCTTACCTGCACG_002,142
ATCTTAATCTTACCTGCACG_003,151
ATCTTAATCTTACCTGCACG_004,46
ATCTTAATCTTACCTGCACG_005,48
ATCTTAATCTTACCTGCACG_006,179
CCAGGGCTCGATCGAGAGAG_001,113
CCAGGGCTCGATCGAGAGAG_002,170
CCAGGGCTCGATCGAGAGAG_003,97
CCAGGGCTCGATCGAGAGAG_004,98
CCAGGGCTCGATCGAGAGAG_005,196
CCAGGGCTCGATCGAGAGAG_006,160
CCAGGGCTCGATCGAGAGAG_007,144
CCAGGGCTCGATCGAGAGAG_008,124
CCAGGGCTCGATCGAGAGAG_009,136
CCAGGGCTCGATCGAGAGAG_010,3
CAGGTGTAGAACTTGCAGGT_001,98
AATGGAAGCGCTCTTTGTGA_001,157
GGTGAAAATGATTGTGACAG_001,166
GGTGAAAATGATTGTGACAG_002,140
GGTGAAAATGATTGTGACAG_003,29
GGTGAAAATGATTGTGACAG_004,51
GGTGAAAATGATTGTGACAG_005,137
GTATATCGCTCCAACACAGG_001,162
GTATATCGCTCCAACACAGG_002,126
GTATATCGCTCCAACACAGG_003,128
GTATATCGCTCCAACACAGG_004,127
TGCTGTGGAACTCAGTCGAA_001,30
TGCTGTGGAACTCAGTCGAA_002,172
TGCTGTGGAACTCAGTCGAA_003,148
TGCTGTGGAACTCAGTCGAA_004,17
TGCTGTGGAACTCAGTCGAA_005,19
TGCTGTGGAACTCAGTCGAA_006,65
ATACGTTGGTGGTGTTGTCA_001,156
ATACGTTGGTGGTGTTGTCA_002,119
ATACGTTGGTGGTGTTGTCA_003,30
ATACGTTGGTGGTGTTGTCA_004,140
ATACGTTGGTGGTGTTGTCA_005,125
ATACGTTGGTGGTGTTGTCA_006,72
ATACGTTGGTGGTGTTGTCA_007,166
ATACGTTGGTGGTGTTGTCA_008,70
TGACACCCGGAGACTTGTAG_001,85
TGACACCCGGAGACTTGTAG_002,64
TGACACCCGGAGACTTGTAG_003,48
TGACACCCGGAGACTTGTAG_004,163
TGACACCCGGAGACTTGTAG_005,124
TGACACCCGGAGACTTGTAG_006,124
TGACACCCGGAGACTTGTAG_007,28
TGACACCCGGAGACTTGTAG_008,111
TGACACCCGGAGACTTGTAG_009,83
TGACACCCGGAGACTTGTAG_010,33
TGACACCCGGAGACTTGTAG_011,171
TGACACCCGGAGACTTGTAG_012,104
TGACACCCGGAGACTTGTAG_013,177
TGACACCCGGAGACTTGTAG_014,137
TGACACCCGGAGACTTGTAG_015,128
TGACACCCGGAGACTTGTAG_016,38
TGACACCCGGAGACTTGTAG_017,4
TGACACCCGGAGACTTGTAG_018,49
TGACACCCGGAGACTTGTAG_019,103
TGACACCCGGAGACTTGTAG_020,43
TGACACCCGGAGACTTGTAG_021,198
TGACACCCGGAGACTTGTAG_022,60
TGACACCCGGAGACTTGTAG_023,169
TGACACCCGGAGACTTGTAG_024,118
GCAGGGGGAGGACTGCCGAG_001,172
GCAGGGGGAGGACTGCCGAG_002,8
GCAGGGGGAGGACTGCCGAG_003,49
GCAGGGGGAGGACTGCCGAG_004,29
GCAGGGGGAGGACTGCCGAG_005,16
GCAGGGGGAGGACTGCCGAG_006,77
GCAGGGGGAGGACTGCCGAG_007,48
GCAGGGGGAGGACTGCCGAG_008,50
GCAGGGGGAGGACTGCCGAG_009,32
GCAGGGGGAGGACTGCCGAG_010,47
GCAGGGGGAGGACTGCCGAG_011,64
GCAGGGGGAGGACTGCCGAG_012,135
GTTGAGTGGGATCCCCACAA_001,53
GTTGAGTGGGATCCCCACAA_002,83
GTTGAGTGGGATCCCCACAA_003,77
GTTGAGTGGGATCCCCACAA_004,2
GTTGAGTGGGATCCCCACAA_005,48
GTTGAGTGGGATCCCCACAA_006,105
GTTGAGTGGGATCCCCACAA_007,163
GTTGAGTGGGATCCCCACAA_008,1
GTTGAGTGGGATCCCCACAA_009,75
GTTGAGTGGGATCCCCACAA_010,58
GATTACCAAACCGGCCATTG_001,49
GATTACCAAACCGGCCATTG_002,8
GATTACCAAACCGGCCATTG_003,34
GATTACCAAACCGGCCATTG_004,88
GATTACCAAACCGGCCATTG_005,147
GATTACCAAACCGGCCATTG_006,147
GATTACCAAACCGGCCATTG_007,27
GATTACCAAACCGGCCATTG_008,39
GATTACCAAACCGGCCATTG_009,84
TGAGGGCGACTACAACGTGA_001,5
TGAGGGCGACTACAACGTGA_002,127
TGAGGGCGACTACAACGTGA_003,105
TGAGGGCGACTACAACGTGA_004,116
TGAGGGCGACTACAACGTGA_005,35
TGAGGGCGACTACAACGTGA_006,138
TGAGGGCGACTACAACGTGA_007,169
ACCTACCTGGACAACCCTAG_001,70
ACCTACCTGGACAACCCTAG_002,185
ACCTACCTGGACAACCCTAG_003,105
ACCTACCTGGACAACCCTAG_004,127
ACCTACCTGGACAACCCTAG_005,113
ACCTACCTGGACAACCCTAG_006,71
ACCTACCTGGACAACCCTAG_007,134
ACCTACCTGGACAACCCTAG_008,117
ACCTACCTGGACAACCCTAG_009,199
ACCTACCTGGACAACCCTAG_010,199
ACCTACCTGGACAACCCTAG_011,56
ACCTACCTGGACAACCCTAG_012,106
ACCTACCTGGACAACCCTAG_013,145
TCCGTACCTGTGTTTGCTTG_001,29
TCCGTACCTGTGTTTGCTTG_002,43
TCCGTACCTGTGTTTGCTTG_003,94
TCCGTACCTGTGTTTGCTTG_004,10
AGTGAACATGAGAAATTCAT_001,96
AGTGAACATGAGAAATTCAT_002,61
AGTGAACATGAGAAATTCAT_003,16
GTGCCTCGATGTCATGCCAA_001,61
GTGCCTCGATGTCATGCCAA_002,28
ATGTATCCACATTTAATGGA_001,198
ATGTATCCACATTTAATGGA_002,150
ATGTATCCACATTTAATGGA_003,65
ATGTATCCACATTTAATGGA_004,8
ATGTATCCACATTTAATGGA_005,35
TTCTCACAGAGGTTCCCGTG_001,177
TTCTCACAGAGGTTCCCGTG_002,29
TTCTCACAGAGGTTCCCGTG_003,170
TTCTCACAGAGGTTCCCGTG_004,132
TTCTCACAGAGGTTCCCGTG_005,198
TTCTCACAGAGGTTCCCGTG_006,82
TTCTCACAGAGGTTCCCGTG_007,119
TTCTCACAGAGGTTCCCGTG_008,118
TTCTCACAGAGGTTCCCGTG_009,174
TTCTCACAGAGGTTCCCGTG_010,83
TTCTCACAGAGGTTCCCGTG_011,148
TTCTCACAGAGGTTCCCGTG_012,119
TTCTCACAGAGGTTCCCGTG_013,37
TTCTCACAGAGGTTCCCGTG_014,37
CAGCAGAGTCTGCCCAACTA_001,20
CAGCAGAGTCTGCCCAACTA_002,176
CAGCAGAGTCTGCCCAACTA_003,198
CAGCAGAGTCTGCCCAACTA_004,164
CAGCAGAGTCTGCCCAACTA_005,84
CAGCAGAGTCTGCCCAACTA_006,52
CAGCAGAGTCTGCCCAACTA_007,158
CAGCAGAGTCTGCCCAACTA_008,169
CAGCAGAGTCTGCCCAACTA_009,130
TGTTGTTCGAACATCAATGG_001,40
TGTTGTTCGAACATCAATGG_002,112
TGTTGTTCGAACATCAATGG_003,9
TGTTGTTCGAACATCAATGG_004,14
TGTTGTTCGAACATCAATGG_005,68
AGACTATGTATAGCCAGGAC_001,127
AGACTATGTATAGCCAGGAC_002,1
AGACTATGTATAGCCAGGAC_003,130
AGACTATGTATAGCCAGGAC_004,75
AGACTATGTATAGCCAGGAC_005,53
AGACTATGTATAGCCAGGAC_006,129
GAGCACGGCGTAGGAACCCA_001,153
GAGCACGGCGTAGGAACCCA_002,130
GAGCACGGCGTAGGAACCCA_003,73
GAGCACGGCGTAGGAACCCA_004,119
GAGCACGGCGTAGGAACCCA_005,55
GAGCACGGCGTAGGAACCCA_006,128
GAGCACGGCGTAGGAACCCA_007,3
GAGCACGGCGTAGGAACCCA_008,175
TCAACCATCTCATTCCCGGG_001,127
TCAACCATCTCATTCCCGGG_002,169
AAAAAGCTTGTGGTGAAGGG_001,149
AAAAAGCTTGTGGTGAAGGG_002,182
AAAAAGCTTGTGGTGAAGGG_003,78
AAAAAGCTTGTGGTGAAGGG_004,162
AAAAAGCTTGTGGTGAAGGG_005,151
AAAAAGCTTGTGGTGAAGGG_006,46
AAAAAGCTTGTGGTGAAGGG_007,26
AAAAAGCTTGTGGTGAAGGG_008,28
TGTACTTCACAAGGATAGAG_001,28
TGTACTTCACAAGGATAGAG_002,77
AGTGGGAGAAGATTCACTCT_001,28
AGTGGGAGAAGATTCACTCT_002,106
AGTGGGAGAAGATTCACTCT_003,119
AGTGGGAGAAGATTCACTCT_004,190
AGTGGGAGAAGATTCACTCT_005,147
AGTGGGAGAAGATTCACTCT_006,85
AGTGGGAGAAGATTCACTCT_007,85
TCAGCGAGTCGTGGTCATAG_001,40
TCAGCGAGTCGTGGTCATAG_002,143
TCAGCGAGTCGTGGTCATAG_003,138
GCAGACATTGACAGGAACGT_001,105
GCAGACATTGACAGGAACGT_002,97
GCAGACATTGACAGGAACGT_003,171
GCAGACATTGACAGGAACGT_004,36
GCAGACATTGACAGGAACGT_005,178
GCAGACATTGACAGGAACGT_006,59
GCAGACATTGACAGGAACGT_007,67
GCAGACATTGACAGGAACGT_008,190
GCAGACATTGACAGGAACGT_009,66
GCAGACATTGACAGGAACGT_010,73
GCAGACATTGACAGGAACGT_011,194
GCAGACATTGACAGGAACGT_012,39
GCAGACATTGACAGGAACGT_013,142
TCTGCACCAGGATGTGACAA_001,107
TCTGCACCAGGATGTGACAA_002,120
TCTGCACCAGGATGTGACAA_003,141
TCTGCACCAGGATGTGACAA_004,167
TCTGCACCAGGATGTGACAA_005,10
TCTGCACCAGGATGTGACAA_006,169
GCCCGTGGAATTGATCACCA_001,172
GCCCGTGGAATTGATCACCA_002,176
GCCCGTGGAATTGATCACCA_003,148
GCCCGTGGAATTGATCACCA_004,83
GCCCGTGGAATTGATCACCA_005,55
GCCCGTGGAATTGATCACCA_006,104
GCCCGTGGAATTGATCACCA_007,76
GCCCGTGGAATTGATCACCA_008,146
GCCCGTGGAATTGATCACCA_009,32
GCCCGTGGAATTGATCACCA_010,156
GCCCGTGGAATTGATCACCA_011,175
GCCCGTGGAATTGATCACCA_012,177
GCCCGTGGAATTGATCACCA_013,165
GCCCGTGGAATTGATCACCA_014,132
GCCCGTGGAATTGATCACCA_015,127
GCCCGTGGAATTGATCACCA_016,9
GCCCGTGGAATTGATCACCA_017,78
GCCCGTGGAATTGATCACCA_018,98
GCCCGTGGAATTGATCACCA_019,198
GCCCGTGGAATTGATCACCA_020,127
GCCCGTGGAATTGATCACCA_021,92
CTACGCGTCCAACCAGCGAG_001,181
CTACGCGTCCAACCAGCGAG_002,184
CTACGCGTCCAACCAGCGAG_003,85
CTACGCGTCCAACCAGCGAG_004,66
CTACGCGTCCAACCAGCGAG_005,56
CAGGATTCTCTCGGTCACCA_001,122
CAGGATTCTCTCGGTCACCA_002,145
CGGCGTCGGAGGGACTGGCG_001,29
CGGCGTCGGAGGGACTGGCG_002,195
CGGCGTCGGAGGGACTGGCG_003,62
CGGCGTCGGAGGGACTGGCG_004,5
CGGCGTCGGAGGGACTGGCG_005,98
CGGCGTCGGAGGGACTGGCG_006,82
CGGCGTCGGAGGGACTGGCG_007,34
CGGCGTCGGAGGGACTGGCG_008,147
CGGCGTCGGAGGGACTGGCG_009,171
CGGCGTCGGAGGGACTGGCG_010,2
CGGCGTCGGAGGGACTGGCG_011,106
CGGCGTCGGAGGGACTGGCG_012,15
CGGCGTCGGAGGGACTGGCG_013,59
CGGCGTCGGAGGGACTGGCG_014,43
CGGCGTCGGAGGGACTGGCG_015,47
CGGCGTCGGAGGGACTGGCG_016,125
CGGCGTCGGAGGGACTGGCG_017,181
CGGCGTCGGAGGGACTGGCG_018,38
CGGCGTCGGAGGGACTGGCG_019,150
CGGCGTCGGAGGGACTGGCG_020,45
CGGCGTCGGAGGGACTGGCG_021,157
CGGCGTCGGAGGGACTGGCG_022,80
CGGCGTCGGAGGGACTGGCG_023,123
CGGCGTCGGAGGGACTGGCG_024,30
CGGCGTCGGAGGGACTGGCG_025,182
CGGCGTCGGAGGGACTGGCG_026,159
CGGCGTCGGAGGGACTGGCG_027,111
CGGCGTCGGAGGGACTGGCG_028,56
CGGCGTCGGAGGGACTGGCG_029,175
CGGCGTCGGAGGGACTGGCG_030,65
CGGCGTCGGAGGGACTGGCG_031,121
CGGCGTCGGAGGGACTGGCG_032,173
CGGCGTCGGAGGGACTGGCG_033,83
CGGCGTCGGAGGGACTGGCG_034,2
CGGCGTCGGAGGGACTGGCG_035,0
CGGCGTCGGAGGGACTGGCG_036,50
CGGCGTCGGAGGGACTGGCG_037,11
CGGCGTCGGAGGGACTGGCG_038,44
CGGCGTCGGAGGGACTGGCG_039,1
CGGCGTCGGAGGGACTGGCG_040,139
CGGCGTCGGAGGGACTGGCG_041,194
CGGCGTCGGAGGGACTGGCG_042,58
CGGCGTCGGAGGGACTGGCG_043,12
CGGCGTCGGAGGGACTGGCG_044,8
CGGCGTCGGAGGGACTGGCG_045,198
CGGCGTCGGAGGGACTGGCG_046,192
CGGCGTCGGAGGGACTGGCG_047,1
CGGCGTCGGAGGGACTGGCG_048,77
CGGCGTCGGAGGGACTGGCG_049,176
CGGCGTCGGAGGGACTGGCG_050,144
CGGCGTCGGAGGGACTGGCG_051,29
CGGCGTCGGAGGGACTGGCG_052,41
CGGCGTCGGAGGGACTGGCG_053,175
CGGCGTCGGAGGGACTGGCG_054,9
CGGCGTCGGAGGGACTGGCG_055,85
CGGCGTCGGAGGGACTGGCG_056,85
CGGCGTCGGAGGGACTGGCG_057,157
CGGCGTCGGAGGGACTGGCG_058,92
CGGCGTCGGAGGGACTGGCG_059,102
CGGCGTCGGAGGGACTGGCG_060,177
CGGCGTCGGAGGGACTGGCG_061,168
CGGCGTCGGAGGGACTGGCG_062,170
CGGCGTCGGAGGGACTGGCG_063,60
CGGCGTCGGAGGGACTGGCG_064,170
CGGCGTCGGAGGGACTGGCG_065,197
CGGCGTCGGAGGGACTGGCG_066,29
CGGCGTCGGAGGGACTGGCG_067,19
CGGCGTCGGAGGGACTGGCG_068,67
CGGCGTCGGAGGGACTGGCG_069,169
CGGCGTCGGAGGGACTGGCG_070,148
CGGCGTCGGAGGGACTGGCG_071,13
CGGCGTCGGAGGGACTGGCG_072,37
CGGCGTCGGAGGGACTGGCG_073,170
CGGCGTCGGAGGGACTGGCG_074,43
ATTCGGAGCCTGGACCACTG_001,189
ATTCGGAGCCTGGACCACTG_002,165
ATTCGGAGCCTGGACCACTG_003,134
ATTCGGAGCCTGGACCACTG_004,169
ATTCGGAGCCTGGACCACTG_005,90
ATTCGGAGCCTGGACCACTG_006,120
ATTCGGAGCCTGGACCACTG_007,81
ATTCGGAGCCTGGACCACTG_008,179
ATTCGGAGCCTGGACCACTG_009,29
ATTCGGAGCCTGGACCACTG_010,130
ATTCGGAGCCTGGACCACTG_011,144
ATTCGGAGCCTGGACCACTG_012,8
ATTCGGAGCCTGGACCACTG_013,137
ATTCGGAGCCTGGACCACTG_014,23
ATTCGGAGCCTGGACCACTG_015,83
ATTCGGAGCCTGGACCACTG_016,178
ATTCGGAGCCTGGACCACTG_017,137
ATTCGGAGCCTGGACCACTG_018,44
ATTCGGAGCCTGGACCACTG_019,118
ATTCGGAGCCTGGACCACTG_020,169
ATTCGGAGCCTGGACCACTG_021,192
ATTCGGAGCCTGGACCACTG_022,36
ATTCGGAGCCTGGACCACTG_023,13
ATTCGGAGCCTGGACCACTG_024,66
ATTCGGAGCCTGGACCACTG_025,144
ATTCGGAGCCTGGACCACTG_026,34
ATTCGGAGCCTGGACCACTG_027,39
ATTCGGAGCCTGGACCACTG_028,106
ATTCGGAGCCTGGACCACTG_029,79
ATTCGGAGCCTGGACCACTG_030,189
TATCAGCTATAAATATCGAG_001,175
TATCAGCTATAAATATCGAG_002,105
GATAATTGGATCAAAGATGC_001,45
GATAATTGGATCAAAGATGC_002,184
GATAATTGGATCAAAGATGC_003,50
CCACATATGACAGTGTCACT_001,98
CCACATATGACAGTGTCACT_002,102
CCACATATGACAGTGTCACT_003,30
CCACATATGACAGTGTCACT_004,82
CCACATATGACAGTGTCACT_005,113
CCACATATGACAGTGTCACT_006,45
CCACATATGACAGTGTCACT_007,22
CCACATATGACAGTGTCACT_008,122
CCACATATGACAGTGTCACT_009,47
CCACATATGACAGTGTCACT_010,102
AAGAAAGATAGTCAGAAACC_001,49
AAGAAAGATAGTCAGAAACC_002,198
GGAGCGCCAGAACAGACTGG_001,35
GGAGCGCCAGAACAGACTGG_002,186
GGAGCGCCAGAACAGACTGG_003,15
GGAGCGCCAGAACAGACTGG_004,132
GGAGCGCCAGAACAGACTGG_005,144
GGAGCGCCAGAACAGACTGG_006,111
TGTAGTCCTCGCCGTAGCGG_001,177
TGTAGTCCTCGCCGTAGCGG_002,47
TGTAGTCCTCGCCGTAGCGG_003,184
TGTAGTCCTCGCCGTAGCGG_004,2
TGTAGTCCTCGCCGTAGCGG_005,31
TGTAGTCCTCGCCGTAGCGG_006,6
TGTAGTCCTCGCCGTAGCGG_007,60
TGTAGTCCTCGCCGTAGCGG_008,58
TGTAGTCCTCGCCGTAGCGG_009,48
TGTAGTCCTCGCCGTAGCGG_010,92
TGTAGTCCTCGCCGTAGCGG_011,57
TGTAGTCCTCGCCGTAGCGG_012,40
TGTAGTCCTCGCCGTAGCGG_013,93
TGTAGTCCTCGCCGTAGCGG_014,4
TGTAGTCCTCGCCGTAGCGG_015,19
GACGTCCCAGACATCAGGTG_001,130
GACGTCCCAGACATCAGGTG_002,11
GACGTCCCAGACATCAGGTG_003,123
GACGTCCCAGACATCAGGTG_004,160
GACGTCCCAGACATCAGGTG_005,65
GACGTCCCAGACATCAGGTG_006,117
GACGTCCCAGACATCAGGTG_007,20
GACGTCCCAGACATCAGGTG_008,105
GCGTGGAGTACACTGCAGTG_001,160
GCGTGGAGTACACTGCAGTG_002,12
GCGTGGAGTACACTGCAGTG_003,118
GCGTGGAGTACACTGCAGTG_004,169
GCGTGGAGTACACTGCAGTG_005,74
GCGTGGAGTACACTGCAGTG_006,32
GCGTGGAGTACACTGCAGTG_007,147
GCGTGGAGTACACTGCAGTG_008,177
GCGTGGAGTACACTGCAGTG_009,168
GCGTGGAGTACACTGCAGTG_010,145
GCGTGGAGTACACTGCAGTG_011,88
GCGTGGAGTACACTGCAGTG_012,134
GCGTGGAGTACACTGCAGTG_013,70
GCGTGGAGTACACTGCAGTG_014,130
GCGTGGAGTACACTGCAGTG_015,30
GCGTGGAGTACACTGCAGTG_016,91
ATTCTATTAGGATCCATCTG_001,23
ATTCTATTAGGATCCATCTG_002,85
ATTCTATTAGGATCCATCTG_003,5
ATTCTATTAGGATCCATCTG_004,147
ATTCTATTAGGATCCATCTG_005,29
ATTCTATTAGGATCCATCTG_006,118
ACAGTAGGTTTCCGAGCATG_001,184
ACAGTAGGTTTCCGAGCATG_002,145
ACAGTAGGTTTCCGAGCATG_003,162
ACAGTAGGTTTCCGAGCATG_004,189
ACAGTAGGTTTCCGAGCATG_005,31
ACAGTAGGTTTCCGAGCATG_006,40
ACAGTAGGTTTCCGAGCATG_007,11
ACAGTAGGTTTCCGAGCATG_008,185
GCTCTGCGACAACTTCCCCG_001,157
GCTCTGCGACAACTTCCCCG_002,184
GCTCTGCGACAACTTCCCCG_003,63
GCTCTGCGACAACTTCCCCG_004,129
GCTCTGCGACAACTTCCCCG_005,94
GCTCTGCGACAACTTCCCCG_006,18
GCTCTGCGACAACTTCCCCG_007,134
GCTCTGCGACAACTTCCCCG_008,174
GCTCTGCGACAACTTCCCCG_009,88
GCTCTGCGACAACTTCCCCG_010,147
GCTCTGCGACAACTTCCCCG_011,162
GCTCTGCGACAACTTCCCCG_012,19
TGTGCGCGTACCACTCCCGC_001,176
TGTGCGCGTACCACTCCCGC_002,65
TGTGCGCGTACCACTCCCGC_003,51
TGTGCGCGTACCACTCCCGC_004,138
TGTGCGCGTACCACTCCCGC_005,18
TGTGCGCGTACCACTCCCGC_006,178
TGTGCGCGTACCACTCCCGC_007,161
TGTGCGCGTACCACTCCCGC_008,149
TGTGCGCGTACCACTCCCGC_009,88
TGTGCGCGTACCACTCCCGC_010,142
TGTGCGCGTACCACTCCCGC_011,85
TGTGCGCGTACCACTCCCGC_012,5
TGTGCGCGTACCACTCCCGC_013,183
TGTGCGCGTACCACTCCCGC_014,81
TGTGCGCGTACCACTCCCGC_015,105
TGTGCGCGTACCACTCCCGC_016,73
TGTGCGCGTACCACTCCCGC_017,29
TGTGCGCGTACCACTCCCGC_018,78
TGTGCGCGTACCACTCCCGC_019,168
TGTGCGCGTACCACTCCCGC_020,17
AAGACAACAATATCACCACG_001,140
AAGACAACAATATCACCACG_002,184
AAGACAACAATATCACCACG_003,81
ACTCACCCGAGTGCTCGCCG_001,93
ACTCACCCGAGTGCTCGCCG_002,106
ACTCACCCGAGTGCTCGCCG_003,175
ACTCACCCGAGTGCTCGCCG_004,41
ACTCACCCGAGTGCTCGCCG_005,184
ACTCACCCGAGTGCTCGCCG_006,17
ACTCACCCGAGTGCTCGCCG_007,65
ACTCACCCGAGTGCTCGCCG_008,174
ACTCACCCGAGTGCTCGCCG_009,130
ACTCACCCGAGTGCTCGCCG_010,131
ACTCACCCGAGTGCTCGCCG_011,30
ACTCACCCGAGTGCTCGCCG_012,58
ACTCACCCGAGTGCTCGCCG_013,180
ACTCACCCGAGTGCTCGCCG_014,90
CAGACCAAAATTCTGTACCA_001,158
CAGACCAAAATTCTGTACCA_002,74
CAGACCAAAATTCTGTACCA_003,33
CAGACCAAAATTCTGTACCA_004,178
TATTGAGGTTCCAGTCATTG_001,118
TATTGAGGTTCCAGTCATTG_002,150
TATTGAGGTTCCAGTCATTG_003,130
TATTGAGGTTCCAGTCATTG_004,94
TATTGAGGTTCCAGTCATTG_005,106
TGTGCCATGCCAGTAATGAA_001,119
AGGGTCTTCATCCAGAAACG_001,165
AGGGTCTTCATCCAGAAACG_002,72
AGGGTCTTCATCCAGAAACG_003,148
AGGGTCTTCATCCAGAAACG_004,67
AGGGTCTTCATCCAGAAACG_005,82
CCACCTCTTGCAGCCGACCG_001,199
CCACCTCTTGCAGCCGACCG_002,114
CCACCTCTTGCAGCCGACCG_003,70
CCACCTCTTGCAGCCGACCG_004,8
CCACCTCTTGCAGCCGACCG_005,91
CCACCTCTTGCAGCCGACCG_006,54
CCACCTCTTGCAGCCGACCG_007,174
CCACCTCTTGCAGCCGACCG_008,128
CCACCTCTTGCAGCCGACCG_009,113
CCACCTCTTGCAGCCGACCG_010,187
CCACCTCTTGCAGCCGACCG_011,177
CCACCTCTTGCAGCCGACCG_012,31
CCACCTCTTGCAGCCGACCG_013,117
CCACCTCTTGCAGCCGACCG_014,139
CCACCTCTTGCAGCCGACCG_015,177
CCACCTCTTGCAGCCGACCG_016,185
CCACCTCTTGCAGCCGACCG_017,160
CCACCTCTTGCAGCCGACCG_018,161
CCACCTCTTGCAGCCGACCG_019,6
AGCCCGAACTTTGTCCAAGT_001,21
AGCCCGAACTTTGTCCAAGT_002,12
AGCCCGAACTTTGTCCAAGT_003,102
AGCCCGAACTTTGTCCAAGT_004,70
AGCCCGAACTTTGTCCAAGT_005,188
AGCCCGAACTTTGTCCAAGT_006,152
AGCCCGAACTTTGTCCAAGT_007,119
AGCCCGAACTTTGTCCAAGT_008,106
AGCCCGAACTTTGTCCAAGT_009,116
AGCCCGAACTTTGTCCAAGT_010,67
AGCCCGAACTTTGTCCAAGT_011,171
AGCCCGAACTTTGTCCAAGT_012,193
AGCCCGAACTTTGTCCAAGT_013,36
AGCCCGAACTTTGTCCAAGT_014,111
AGCCCGAACTTTGTCCAAGT_015,26
AGCCCGAACTTTGTCCAAGT_016,149
AGGTTACCACTACAACGACC_001,48
AGGTTACCACTACAACGACC_002,123
AGGTTACCACTACAACGACC_003,43
AGGTTACCACTACAACGACC_004,57
AGGTTACCACTACAACGACC_005,56
GATGTCAGGGAACAAACCAG_001,92
GATGTCAGGGAACAAACCAG_002,145
GATGTCAGGGAACAAACCAG_003,50
GATGTCAGGGAACAAACCAG_004,15
GATGTCAGGGAACAAACCAG_005,192
GATGTCAGGGAACAAACCAG_006,77
GATGTCAGGGAACAAACCAG_007,77
GATGTCAGGGAACAAACCAG_008,68
GATGTCAGGGAACAAACCAG_009,8
GATGTCAGGGAACAAACCAG_010,1
GATGTCAGGGAACAAACCAG_011,144
GATGTCAGGGAACAAACCAG_012,178
GATGTCAGGGAACAAACCAG_013,113
GATGTCAGGGAACAAACCAG_014,197
GATGTCAGGGAACAAACCAG_015,118
GATGTCAGGGAACAAACCAG_016,63
GATGTCAGGGAACAAACCAG_017,198
GAAGGGGCACTTTGTTGATG_001,33
GAAGGGGCACTTTGTTGATG_002,140
GAAGGGGCACTTTGTTGATG_003,24
GAAGGGGCACTTTGTTGATG_004,192
GAAGGGGCACTTTGTTGATG_005,184
GAAGGGGCACTTTGTTGATG_006,56
GAAGGGGCACTTTGTTGATG_007,124
GAAGGGGCACTTTGTTGATG_008,48
GAAGGGGCACTTTGTTGATG_009,1
AGGGACACTACTTATAGCAG_001,105
AGGGACACTACTTATAGCAG_002,68
AGGGACACTACTTATAGCAG_003,141
AGGGACACTACTTATAGCAG_004,173
AGGGACACTACTTATAGCAG_005,68
AGGGACACTACTTATAGCAG_006,75
AGGGACACTACTTATAGCAG_007,120
AGGGACACTACTTATAGCAG_008,50
GCTGCCAAAAGAAGAGTAGT_001,160
GCTGCCAAAAGAAGAGTAGT_002,29
GCTGCCAAAAGAAGAGTAGT_003,177
GCTGCCAAAAGAAGAGTAGT_004,177
GCTGCCAAAAGAAGAGTAGT_005,148
GCTGCCAAAAGAAGAGTAGT_006,48
GCTGCCAAAAGAAGAGTAGT_007,33
GCTGCCAAAAGAAGAGTAGT_008,84
GCTGCCAAAAGAAGAGTAGT_009,11
GCTGCCAAAAGAAGAGTAGT_010,176
GCTGCCAAAAGAAGAGTAGT_011,83
GCTGCCAAAAGAAGAGTAGT_012,159
GCTGCCAAAAGAAGAGTAGT_013,118
GCTGCCAAAAGAAGAGTAGT_014,56
GCTGCCAAAAGAAGAGTAGT_015,49
GCTGCCAAAAGAAGAGTAGT_016,52
GCTGCCAAAAGAAGAGTAGT_017,153
AGCAGGCGAGCACTCCACAT_001,80
AGCAGGCGAGCACTCCACAT_002,23
AGCAGGCGAGCACTCCACAT_003,156
AGCAGGCGAGCACTCCACAT_004,129
AGCAGGCGAGCACTCCACAT_005,185
AGCAGGCGAGCACTCCACAT_006,48
AGCAGGCGAGCACTCCACAT_007,193
AGCAGGCGAGCACTCCACAT_008,6
AGCAGGCGAGCACTCCACAT_009,105
AGCAGGCGAGCACTCCACAT_010,7
AGCAGGCGAGCACTCCACAT_011,152
GAGTCTCACCTTCCTTCACG_001,15
GAGTCTCACCTTCCTTCACG_002,130
GAGTCTCACCTTCCTTCACG_003,20
GAGTCTCACCTTCCTTCACG_004,120
GAGTCTCACCTTCCTTCACG_005,155
GAGTCTCACCTTCCTTCACG_006,80
GAGTCTCACCTTCCTTCACG_007,166
GAGTCTCACCTTCCTTCACG_008,177
GAGTCTCACCTTCCTTCACG_009,28
GAGTCTCACCTTCCTTCACG_010,52
GCCACCCGGTACTCGACCTG_001,78
GCCACCCGGTACTCGACCTG_002,169
GCCACCCGGTACTCGACCTG_003,162
GCCACCCGGTACTCGACCTG_004,59
GCCACCCGGTACTCGACCTG_005,149
GCCACCCGGTACTCGACCTG_006,94
GCCACCCGGTACTCGACCTG_007,65
GGCACCTCTAGCCCCTACAA_001,164
GGCACCTCTAGCCCCTACAA_002,164
GGCACCTCTAGCCCCTACAA_003,22
AAGATCTGATGCACATACGG_001,157
AAGATCTGATGCACATACGG_002,46
AAGATCTGATGCACATACGG_003,170
AAGATCTGATGCACATACGG_004,188
AAGATCTGATGCACATACGG_005,34
AAGATCTGATGCACATACGG_006,6
AAGATCTGATGCACATACGG_007,6
AAGATCTGATGCACATACGG_008,95
AAGATCTGATGCACATACGG_009,45
AAGATCTGATGCACATACGG_010,11
AAGATCTGATGCACATACGG_011,156
AAGATCTGATGCACATACGG_012,133
AAGATCTGATGCACATACGG_013,105
AAGATCTGATGCACATACGG_014,108
AAGATCTGATGCACATACGG_015,118
AAGATCTGATGCACATACGG_016,33
AAGATCTGATGCACATACGG_017,37
AAGATCTGATGCACATACGG_018,152
AAGATCTGATGCACATACGG_019,88
AAGATCTGATGCACATACGG_020,29
AAGATCTGATGCACATACGG_021,91
AAGATCTGATGCACATACGG_022,67
AAGATCTGATGCACATACGG_023,102
AAGATCTGATGCACATACGG_024,181
AAGATCTGATGCACATACGG_025,50
ACTCCTCGATACCTGACACA_001,32
ACTCCTCGATACCTGACACA_002,45
ACTCCTCGATACCTGACACA_003,146
ACTCCTCGATACCTGACACA_004,57
ACTCCTCGATACCTGACACA_005,118
ACTCCTCGATACCTGACACA_006,98
ACTCCTCGATACCTGACACA_007,67
ACTCCTCGATACCTGACACA_008,150
AGTTCCATTCGTCGGCTGTG_001,127
AGTTCCATTCGTCGGCTGTG_002,16
AGTTCCATTCGTCGGCTGTG_003,159
AGTTCCATTCGTCGGCTGTG_004,139
AGTTCCATTCGTCGGCTGTG_005,195
AGTTCCATTCGTCGGCTGTG_006,43
AGTTCCATTCGTCGGCTGTG_007,185
AGTTCCATTCGTCGGCTGTG_008,81
AGTTCCATTCGTCGGCTGTG_009,85
AGTTCCATTCGTCGGCTGTG_010,149
AGTTCCATTCGTCGGCTGTG_011,114
AGTTCCATTCGTCGGCTGTG_012,153
AGTTCCATTCGTCGGCTGTG_013,11
AGTTCCATTCGTCGGCTGTG_014,43
AGTTCCATTCGTCGGCTGTG_015,69
AGTTCCATTCGTCGGCTGTG_016,81
ATTCACACTTCGTGCCACAA_001,102
ATTCACACTTCGTGCCACAA_002,29
ATTCACACTTCGTGCCACAA_003,69
ATTCACACTTCGTGCCACAA_004,115
ATTCACACTTCGTGCCACAA_005,64
ATTCACACTTCGTGCCACAA_006,81
ATTCACACTTCGTGCCACAA_007,50
ATTCACACTTCGTGCCACAA_008,29
ATTCACACTTCGTGCCACAA_009,192
ATTCACACTTCGTGCCACAA_010,39
ATTCACACTTCGTGCCACAA_011,59
ATTCACACTTCGTGCCACAA_012,191
ATTCACACTTCGTGCCACAA_013,141
ATTCACACTTCGTGCCACAA_014,123
ATTCACACTTCGTGCCACAA_015,98
ATTCACACTTCGTGCCACAA_016,40
ATTCACACTTCGTGCCACAA_017,66
ATTCACACTTCGTGCCACAA_018,137
ATTCACACTTCGTGCCACAA_019,22
ATTCACACTTCGTGCCACAA_020,129
ATTCACACTTCGTGCCACAA_021,124
CCACAGCGAGAACACCACGT_001,9
CCACAGCGAGAACACCACGT_002,80
CCACAGCGAGAACACCACGT_003,12
CCACAGCGAGAACACCACGT_004,18
CCACAGCGAGAACACCACGT_005,179
CCACAGCGAGAACACCACGT_006,124
CCACAGCGAGAACACCACGT_007,104
GATTGATGTCATGTATGAGG_001,102
GATTGATGTCATGTATGAGG_002,138
CCGCACTGTGGGCAACATCG_001,154
CCGCACTGTGGGCAACATCG_002,163
CCGCACTGTGGGCAACATCG_003,20
CCGCACTGTGGGCAACATCG_004,197
CCGCACTGTGGGCAACATCG_005,28
CCGCACTGTGGGCAACATCG_006,78
CCGCACTGTGGGCAACATCG_007,98
CCGCACTGTGGGCAACATCG_008,147
CCGCACTGTGGGCAACATCG_009,21
CCGCACTGTGGGCAACATCG_010,103
CCGCACTGTGGGCAACATCG_011,2
CCGCACTGTGGGCAACATCG_012,82
GTTCTCAGAAACGATCAACA_001,64
GTTCTCAGAAACGATCAACA_002,196
GTTCTCAGAAACGATCAACA_003,19
GTTCTCAGAAACGATCAACA_004,2
GTTCTCAGAAACGATCAACA_005,129
GTTCTCAGAAACGATCAACA_006,183
GTTCTCAGAAACGATCAACA_007,88
GTTCTCAGAAACGATCAACA_008,1
GTTCTCAGAAACGATCAACA_009,22
GTTCTCAGAAACGATCAACA_010,94
GTTCTCAGAAACGATCAACA_011,42
GTTCTCAGAAACGATCAACA_012,108
GTTCTCAGAAACGATCAACA_013,178
GTTCTCAGAAACGATCAACA_014,197
GTTCTCAGAAACGATCAACA_015,199
GTTCTCAGAAACGATCAACA_016,18
GTTCTCAGAAACGATCAACA_017,199
GTTCTCAGAAACGATCAACA_018,21
GTTCTCAGAAACGATCAACA_019,172
GTTCTCAGAAACGATCAACA_020,124
AGTGAACCTGACCAAACTAG_001,169
AGTGAACCTGACCAAACTAG_002,130
AGTGAACCTGACCAAACTAG_003,137
AGTGAACCTGACCAAACTAG_004,124
GCAGGGACAGTGATGCGCCT_001,80
GCAGGGACAGTGATGCGCCT_002,162
GCAGGGACAGTGATGCGCCT_003,189
GCAGGGACAGTGATGCGCCT_004,26
GCAGGGACAGTGATGCGCCT_005,171
GCAGGGACAGTGATGCGCCT_006,144
GCAGGGACAGTGATGCGCCT_007,67
GCAGGGACAGTGATGCGCCT_008,145
GCAGGGACAGTGATGCGCCT_009,40
GCAGGGACAGTGATGCGCCT_010,140
GCAGGGACAGTGATGCGCCT_011,155
GCAGGGACAGTGATGCGCCT_012,1
GCAGGGACAGTGATGCGCCT_013,94
GCAGGGACAGTGATGCGCCT_014,129
GCAGGGACAGTGATGCGCCT_015,187
GCAGGGACAGTGATGCGCCT_016,127
GCAGGGACAGTGATGCGCCT_017,28
GCAGGGACAGTGATGCGCCT_018,136
GCAGGGACAGTGATGCGCCT_019,61
TCAGTGTGCAGCATAGCTTG_001,15
TCAGTGTGCAGCATAGCTTG_002,120
TCAGTGTGCAGCATAGCTTG_003,174
TCAGTGTGCAGCATAGCTTG_004,44
TCAGTGTGCAGCATAGCTTG_005,188
TCAGTGTGCAGCATAGCTTG_006,102
TGAAGATGATCCATTCACTG_001,65
TGAAGATGATCCATTCACTG_002,106
TGAAGATGATCCATTCACTG_003,162
TGAAGATGATCCATTCACTG_004,105
TGAAGATGATCCATTCACTG_005,111
AAGTGGTTGTACCAGGACAC_001,16
AAGTGGTTGTACCAGGACAC_002,21
AAGTGGTTGTACCAGGACAC_003,29
AAGTGGTTGTACCAGGACAC_004,169
AAGTGGTTGTACCAGGACAC_005,105
AAGTGGTTGTACCAGGACAC_006,132
AAGTGGTTGTACCAGGACAC_007,150
AAGTGGTTGTACCAGGACAC_008,1
AAGTGGTTGTACCAGGACAC_009,9
AAGTGGTTGTACCAGGACAC_010,45
AAGTGGTTGTACCAGGACAC_011,168
AAGTGGTTGTACCAGGACAC_012,90
AAGTGGTTGTACCAGGACAC_013,136
AAGTGGTTGTACCAGGACAC_014,74
AAGTGGTTGTACCAGGACAC_015,37
CTGGTCTGGATCACCTTCTT_001,53
CTGGTCTGGATCACCTTCTT_002,113
CTGGTCTGGATCACCTTCTT_003,165
CTGGTCTGGATCACCTTCTT_004,130
CTGGTCTGGATCACCTTCTT_005,181
CTGGTCTGGATCACCTTCTT_006,153
CTGGTCTGGATCACCTTCTT_007,118
CTGGTCTGGATCACCTTCTT_008,128
CTGGTCTGGATCACCTTCTT_009,103
CTGGTCTGGATCACCTTCTT_010,118
CTGGTCTGGATCACCTTCTT_011,5
CTGGTCTGGATCACCTTCTT_012,95
CTGGTCTGGATCACCTTCTT_013,181
CTGGTCTGGATCACCTTCTT_014,19
CTGGTCTGGATCACCTTCTT_015,184
CTGGTCTGGATCACCTTCTT_016,160
CTGGTCTGGATCACCTTCTT_017,198
CTGGTCTGGATCACCTTCTT_018,197
CTGGTCTGGATCACCTTCTT_019,10
CTGGTCTGGATCACCTTCTT_020,75
TGACCGTCCACACTTCCCAT_001,197
TGACCGTCCACACTTCCCAT_002,24
TGACCGTCCACACTTCCCAT_003,194
TGACCGTCCACACTTCCCAT_004,5
TGACCGTCCACACTTCCCAT_005,111
TGACCGTCCACACTTCCCAT_006,85
TGACCGTCCACACTTCCCAT_007,115
TGACCGTCCACACTTCCCAT_008,56
TGACCGTCCACACTTCCCAT_009,134
TGACCGTCCACACTTCCCAT_010,88
TGACCGTCCACACTTCCCAT_011,146
TGACCGTCCACACTTCCCAT_012,97
TGACCGTCCACACTTCCCAT_013,160
TGACCGTCCACACTTCCCAT_014,14
TGACCGTCCACACTTCCCAT_015,96
TGACCGTCCACACTTCCCAT_016,132
TGACCGTCCACACTTCCCAT_017,74
TGACCGTCCACACTTCCCAT_018,12
TGACCGTCCACACTTCCCAT_019,49
TGACCGTCCACACTTCCCAT_020,27
TGACCGTCCACACTTCCCAT_021,116
CTATAGGTTCTCTGCATGTT_001,43
CTATAGGTTCTCTGCATGTT_002,111
CTATAGGTTCTCTGCATGTT_003,119
GCAGTTCCAACTGGCCATCG_001,40
GCAGTTCCAACTGGCCATCG_002,80
GCAGTTCCAACTGGCCATCG_003,32
GCAGTTCCAACTGGCCATCG_004,187
GCAGTTCCAACTGGCCATCG_005,159
GCAGTTCCAACTGGCCATCG_006,57
GCAGTTCCAACTGGCCATCG_007,134
GCAGTTCCAACTGGCCATCG_008,170
GCAGTTCCAACTGGCCATCG_009,33
GGACGAGATGAGCGACGTAG_001,12
GGACGAGATGAGCGACGTAG_002,112
GGACGAGATGAGCGACGTAG_003,142
GGACGAGATGAGCGACGTAG_004,130
GGACGAGATGAGCGACGTAG_005,138
GGACGAGATGAGCGACGTAG_006,17
GGACGAGATGAGCGACGTAG_007,70
GGACGAGATGAGCGACGTAG_008,2
GGACGAGATGAGCGACGTAG_009,26
GGACGAGATGAGCGACGTAG_010,60
GGACGAGATGAGCGACGTAG_011,106
GGACGAGATGAGCGACGTAG_012,100
GGACGAGATGAGCGACGTAG_013,112
CATGACGGACCAGAACGGGG_001,94
CATGACGGACCAGAACGGGG_002,162
CATGACGGACCAGAACGGGG_003,129
CATGACGGACCAGAACGGGG_004,84
CATGACGGACCAGAACGGGG_005,88
CATGACGGACCAGAACGGGG_006,59
CATGACGGACCAGAACGGGG_007,58
CATGACGGACCAGAACGGGG_008,30
CATGACGGACCAGAACGGGG_009,197
CATGACGGACCAGAACGGGG_010,2
CATGACGGACCAGAACGGGG_011,146
CATGACGGACCAGAACGGGG_012,70
CATGACGGACCAGAACGGGG_013,34
CATGACGGACCAGAACGGGG_014,71
CATGACGGACCAGAACGGGG_015,40
CATGACGGACCAGAACGGGG_016,195
CATGACGGACCAGAACGGGG_017,137
CATGACGGACCAGAACGGGG_018,117
CATGACGGACCAGAACGGGG_019,187
CATGACGGACCAGAACGGGG_020,98
CATGACGGACCAGAACGGGG_021,11
TCACGCAACTCGAAGTTGCA_001,18
TCACGCAACTCGAAGTTGCA_002,130
TCACGCAACTCGAAGTTGCA_003,11
TCACGCAACTCGAAGTTGCA_004,193
TCACGCAACTCGAAGTTGCA_005,100
TCACGCAACTCGAAGTTGCA_006,120
TCACGCAACTCGAAGTTGCA_007,119
TCACGCAACTCGAAGTTGCA_008,199
TCACGCAACTCGAAGTTGCA_009,172
TCACGCAACTCGAAGTTGCA_010,25
TCACGCAACTCGAAGTTGCA_011,66
TCACGCAACTCGAAGTTGCA_012,50
TCACGCAACTCGAAGTTGCA_013,68
TCACGCAACTCGAAGTTGCA_014,86
GATGGTGACAATATTCGTCA_001,99
GATGGTGACAATATTCGTCA_002,2
TGGAGTTAAGTATGGCGCTG_001,48
TGGAGTTAAGTATGGCGCTG_002,70
TGGAGTTAAGTATGGCGCTG_003,75
TGGAGTTAAGTATGGCGCTG_004,162
TGGAGTTAAGTATGGCGCTG_005,2
TGGAGTTAAGTATGGCGCTG_006,104
TGGAGTTAAGTATGGCGCTG_007,150
TGGAGTTAAGTATGGCGCTG_008,130
TGGAGTTAAGTATGGCGCTG_009,77
TGGAGTTAAGTATGGCGCTG_010,170
TGGAGTTAAGTATGGCGCTG_011,176
TGGGTTGCCCTGAGAATCTC_001,127
TGGGTTGCCCTGAGAATCTC_002,191
TGGGTTGCCCTGAGAATCTC_003,60
TGGGTTGCCCTGAGAATCTC_004,106
TGGGTTGCCCTGAGAATCTC_005,48
TGGGTTGCCCTGAGAATCTC_006,41
TGGGTTGCCCTGAGAATCTC_007,176
TGGGTTGCCCTGAGAATCTC_008,197
TGGGTTGCCCTGAGAATCTC_009,131
TGGGTTGCCCTGAGAATCTC_010,106
TGGGTTGCCCTGAGAATCTC_011,35
TGGGTTGCCCTGAGAATCTC_012,27
TGGGTTGCCCTGAGAATCTC_013,97
TGGGTTGCCCTGAGAATCTC_014,97
TGGGTTGCCCTGAGAATCTC_015,43
TGGGTTGCCCTGAGAATCTC_016,12
TGGGTTGCCCTGAGAATCTC_017,103
GATGTACTTTGCCTACACAG_001,121
GATGTACTTTGCCTACACAG_002,44
GATGTACTTTGCCTACACAG_003,112
GATGTACTTTGCCTACACAG_004,119
GATGTACTTTGCCTACACAG_005,150
GATGTACTTTGCCTACACAG_006,58
GATGTACTTTGCCTACACAG_007,188
GATGTACTTTGCCTACACAG_008,47
GATGTACTTTGCCTACACAG_009,42
GATGTACTTTGCCTACACAG_010,134
GATGTACTTTGCCTACACAG_011,150
GATGTACTTTGCCTACACAG_012,140
AACACTTAGGAGCACCATCG_001,58
AACACTTAGGAGCACCATCG_002,115
AACACTTAGGAGCACCATCG_003,0
AACACTTAGGAGCACCATCG_004,179
AACACTTAGGAGCACCATCG_005,41
AACACTTAGGAGCACCATCG_006,115
AACACTTAGGAGCACCATCG_007,41
AACACTTAGGAGCACCATCG_008,124
AACACTTAGGAGCACCATCG_009,7
AACACTTAGGAGCACCATCG_010,170
AACACTTAGGAGCACCATCG_011,127
AACACTTAGGAGCACCATCG_012,176
AACACTTAGGAGCACCATCG_013,41
AACACTTAGGAGCACCATCG_014,63
AACACTTAGGAGCACCATCG_015,149
AACACTTAGGAGCACCATCG_016,39
AACACTTAGGAGCACCATCG_017,123
AACACTTAGGAGCACCATCG_018,48
GAAGCCTCAATGACAAACTG_001,183
GAAGCCTCAATGACAAACTG_002,158
GAAGCCTCAATGACAAACTG_003,77
GAAGCCTCAATGACAAACTG_004,19
GAAGCCTCAATGACAAACTG_005,50
GAAGCCTCAATGACAAACTG_006,150
GAAGCCTCAATGACAAACTG_007,163
GAAGCCTCAATGACAAACTG_008,60
GAAGCCTCAATGACAAACTG_009,197
GAAGCCTCAATGACAAACTG_010,63
GAAGCCTCAATGACAAACTG_011,83
GAAGCCTCAATGACAAACTG_012,145
GAAGCCTCAATGACAAACTG_013,48
GAAGCCTCAATGACAAACTG_014,10
ATACACAGAAGGGCCTTCGG_001,104
ATACACAGAAGGGCCTTCGG_002,177
ATACACAGAAGGGCCTTCGG_003,169
ATACACAGAAGGGCCTTCGG_004,27
ATACACAGAAGGGCCTTCGG_005,181
ATACACAGAAGGGCCTTCGG_006,41
ATACACAGAAGGGCCTTCGG_007,187
ATACACAGAAGGGCCTTCGG_008,88
ATACACAGAAGGGCCTTCGG_009,150
ATACACAGAAGGGCCTTCGG_010,161
ATACACAGAAGGGCCTTCGG_011,137
ATACACAGAAGGGCCTTCGG_012,127
ATACACAGAAGGGCCTTCGG_013,136
ATACACAGAAGGGCCTTCGG_014,166
ATACACAGAAGGGCCTTCGG_015,188
ATACACAGAAGGGCCTTCGG_016,190
ATACACAGAAGGGCCTTCGG_017,128
ATACACAGAAGGGCCTTCGG_018,58
ATACACAGAAGGGCCTTCGG_019,85
ATACACAGAAGGGCCTTCGG_020,48
ATACACAGAAGGGCCTTCGG_021,90
ATACACAGAAGGGCCTTCGG_022,145
AGCTCGCAGCAGTACCTCTG_001,84
AGCTCGCAGCAGTACCTCTG_002,92
AGCTCGCAGCAGTACCTCTG_003,78
AGCTCGCAGCAGTACCTCTG_004,9
AGCTCGCAGCAGTACCTCTG_005,91
AGCTCGCAGCAGTACCTCTG_006,193
AGCTCGCAGCAGTACCTCTG_007,163
AGCTCGCAGCAGTACCTCTG_008,19
AGCTCGCAGCAGTACCTCTG_009,147
AGCTCGCAGCAGTACCTCTG_010,88
AGCTCGCAGCAGTACCTCTG_011,56
AGCTCGCAGCAGTACCTCTG_012,69
AGCTCGCAGCAGTACCTCTG_013,186
AGCTCGCAGCAGTACCTCTG_014,162
AGCTCGCAGCAGTACCTCTG_015,101
AGCTCGCAGCAGTACCTCTG_016,150
AGCTCGCAGCAGTACCTCTG_017,17
AGCTCGCAGCAGTACCTCTG_018,172
CAAGCTAACCATCTTACGCA_001,48
GAGCCCTGAGATAGTGTCCG_001,1
GAGCCCTGAGATAGTGTCCG_002,62
GAGCCCTGAGATAGTGTCCG_003,113
GAGCCCTGAGATAGTGTCCG_004,184
GAGCCCTGAGATAGTGTCCG_005,105
GAGCCCTGAGATAGTGTCCG_006,32
GAGCCCTGAGATAGTGTCCG_007,85
GAGCCCTGAGATAGTGTCCG_008,6
GAGCCCTGAGATAGTGTCCG_009,10
GAGCCCTGAGATAGTGTCCG_010,49
GAGCCCTGAGATAGTGTCCG_011,160
GTGCGGTCTTTCGACCACTC_001,119
GTGCGGTCTTTCGACCACTC_002,118
GTGCGGTCTTTCGACCACTC_003,8
GTGCGGTCTTTCGACCACTC_004,15
GTGCGGTCTTTCGACCACTC_005,197
GTGCGGTCTTTCGACCACTC_006,120
CAGCACTGATGGTGTAGGCA_001,165
CAGCACTGATGGTGTAGGCA_002,189
CAGCACTGATGGTGTAGGCA_003,188
CAGCACTGATGGTGTAGGCA_004,74
CAGCACTGATGGTGTAGGCA_005,74
CAGCACTGATGGTGTAGGCA_006,172
CAGCACTGATGGTGTAGGCA_007,156
CAGCACTGATGGTGTAGGCA_008,138
CAGCACTGATGGTGTAGGCA_009,66
CAGCACTGATGGTGTAGGCA_010,123
AAGGCCCAAATCATGCTCTG_001,18
AAGGCCCAAATCATGCTCTG_002,48
AAGGCCCAAATCATGCTCTG_003,190
AAGGCCCAAATCATGCTCTG_004,29
AAGGCCCAAATCATGCTCTG_005,139
AAGGCCCAAATCATGCTCTG_006,75
AAGGCCCAAATCATGCTCTG_007,168
AAGGCCCAAATCATGCTCTG_008,36
AAGGCCCAAATCATGCTCTG_009,30
AAGGCCCAAATCATGCTCTG_010,48
AAGGCCCAAATCATGCTCTG_011,95
AAGGCCCAAATCATGCTCTG_012,42
AAGGCCCAAATCATGCTCTG_013,42
AAGGCCCAAATCATGCTCTG_014,172
AAGGCCCAAATCATGCTCTG_015,9
AAGGCCCAAATCATGCTCTG_016,102
AAGGCCCAAATCATGCTCTG_017,48
AAGGCCCAAATCATGCTCTG_018,199
AAGGCCCAAATCATGCTCTG_019,88
AAGGCCCAAATCATGCTCTG_020,161
AAGGCCCAAATCATGCTCTG_021,82
AAGTTTAACAGCGACTGCAC_001,69
AAGTTTAACAGCGACTGCAC_002,179
AAGTTTAACAGCGACTGCAC_003,83
AAGTTTAACAGCGACTGCAC_004,155
AAGTTTAACAGCGACTGCAC_005,91
AAGTTTAACAGCGACTGCAC_006,38
AAGTTTAACAGCGACTGCAC_007,199
AAGTTTAACAGCGACTGCAC_008,74
AAGTTTAACAGCGACTGCAC_009,70
AAGTTTAACAGCGACTGCAC_010,72
AAGTTTAACAGCGACTGCAC_011,198
AAGTTTAACAGCGACTGCAC_012,126
AAGTTTAACAGCGACTGCAC_013,131
AAGTTTAACAGCGACTGCAC_014,62
AAGTTTAACAGCGACTGCAC_015,66
AAGTTTAACAGCGACTGCAC_016,105
AAGTTTAACAGCGACTGCAC_017,58
CATGACCATCTATTTCGACC_001,158
GGAAGAACTAGACGAACTAG_001,134
GGAAGAACTAGACGAACTAG_002,179
GGAAGAACTAGACGAACTAG_003,82
GGAAGAACTAGACGAACTAG_004,115
ATGGTCTGGAACATCAACCG_001,196
ATGGTCTGGAACATCAACCG_002,29
ATGGTCTGGAACATCAACCG_003,151
ATGGTCTGGAACATCAACCG_004,5
ATGGTCTGGAACATCAACCG_005,62
ATGGTCTGGAACATCAACCG_006,72
ATGGTCTGGAACATCAACCG_007,41
ATGGTCTGGAACATCAACCG_008,108
GAAGACAGAGGCGGACAACG_001,124
GAAGACAGAGGCGGACAACG_002,178
GAAGACAGAGGCGGACAACG_003,172
GAAGACAGAGGCGGACAACG_004,82
GAAGACAGAGGCGGACAACG_005,137
GAAGACAGAGGCGGACAACG_006,9
GAAGACAGAGGCGGACAACG_007,27
GAAGACAGAGGCGGACAACG_008,48
GAAGACAGAGGCGGACAACG_009,41
GAAGACAGAGGCGGACAACG_010,41
GAAGACAGAGGCGGACAACG_011,83
GAAGACAGAGGCGGACAACG_012,115
GAAGACAGAGGCGGACAACG_013,34
GAAGACAGAGGCGGACAACG_014,67
GAAGACAGAGGCGGACAACG_015,115
GAAGACAGAGGCGGACAACG_016,144
GAAGACAGAGGCGGACAACG_017,11
GAAGACAGAGGCGGACAACG_018,41
GAAGACAGAGGCGGACAACG_019,107
GAAGACAGAGGCGGACAACG_020,11
GAAGACAGAGGCGGACAACG_021,196
GAAGACAGAGGCGGACAACG_022,196
GAAGACAGAGGCGGACAACG_023,79
GAAGACAGAGGCGGACAACG_024,161
GAAGACAGAGGCGGACAACG_025,186
GAAGACAGAGGCGGACAACG_026,25
GAAGACAGAGGCGGACAACG_027,96
GAAGACAGAGGCGGACAACG_028,102
GAAGACAGAGGCGGACAACG_029,28
GAAGACAGAGGCGGACAACG_030,105
GAAGACAGAGGCGGACAACG_031,152
GAAGACAGAGGCGGACAACG_032,48
GAAGACAGAGGCGGACAACG_033,128
GAAGACAGAGGCGGACAACG_034,40
GCTGGTGGACTGTATCATCG_001,128
GCTGGTGGACTGTATCATCG_002,150
GCTGGTGGACTGTATCATCG_003,172
GCTGGTGGACTGTATCATCG_004,77
GCTGGTGGACTGTATCATCG_005,69
GCTGGTGGACTGTATCATCG_006,64
GCTGGTGGACTGTATCATCG_007,61
GCTGGTGGACTGTATCATCG_008,54
GCTGGTGGACTGTATCATCG_009,76
GCTGGTGGACTGTATCATCG_010,144
GAAAGCGCCTATGTGGTCGT_001,9
GAAAGCGCCTATGTGGTCGT_002,9
GAAAGCGCCTATGTGGTCGT_003,78
GAAAGCGCCTATGTGGTCGT_004,107
GAAAGCGCCTATGTGGTCGT_005,138
AGGGAAATGTAAAAGCCTTG_001,135
AGGGAAATGTAAAAGCCTTG_002,106
GCTCGATGTCTAGGTTGCGG_001,125
GCTCGATGTCTAGGTTGCGG_002,98
GCTCGATGTCTAGGTTGCGG_003,188
GGATGAGCCCACAGTACACG_001,118
GGATGAGCCCACAGTACACG_002,130
GGATGAGCCCACAGTACACG_003,41
GGATGAGCCCACAGTACACG_004,91
GGATGAGCCCACAGTACACG_005,62
GGATGAGCCCACAGTACACG_006,163
GTGAAAGATGAACAGACACC_001,45
GTGAAAGATGAACAGACACC_002,116
TGCAGGTGGCGATGGCAACG_001,112
TGGGCAGTGAGTCATGCCAC_001,58
TGGGCAGTGAGTCATGCCAC_002,127
TGGGCAGTGAGTCATGCCAC_003,29
TGGGCAGTGAGTCATGCCAC_004,159
TGGGCAGTGAGTCATGCCAC_005,31
TGGGCAGTGAGTCATGCCAC_006,122
TGGGCAGTGAGTCATGCCAC_007,163
TGGGCAGTGAGTCATGCCAC_008,21
TGGGCAGTGAGTCATGCCAC_009,45
TGGGCAGTGAGTCATGCCAC_010,1
TGGGCAGTGAGTCATGCCAC_011,118
TGTTTCACTGCAAATAAACC_001,84
CAGCTCACAACCAAGGACCA_001,34
CAGCTCACAACCAAGGACCA_002,56
CAGCTCACAACCAAGGACCA_003,142
CAGCTCACAACCAAGGACCA_004,185
CAGCTCACAACCAAGGACCA_005,84
CAGCTCACAACCAAGGACCA_006,123
CAGCTCACAACCAAGGACCA_007,115
CAGCTCACAACCAAGGACCA_008,141
CAGCTCACAACCAAGGACCA_009,188
CAGCTCACAACCAAGGACCA_010,158
CAGCTCACAACCAAGGACCA_011,8
CAGCTCACAACCAAGGACCA_012,80
CAGCTCACAACCAAGGACCA_013,39
CAGCTCACAACCAAGGACCA_014,69
CAGCTCACAACCAAGGACCA_015,60
CCAGTAAACGTGGCTAACAA_001,135
CCAGTAAACGTGGCTAACAA_002,62
CCAGTAAACGTGGCTAACAA_003,49
CCAGTAAACGTGGCTAACAA_004,101
CCAGTAAACGTGGCTAACAA_005,56
CCAGTAAACGTGGCTAACAA_006,147
CCAGTAAACGTGGCTAACAA_007,197
CCAGTAAACGTGGCTAACAA_008,193
CCAGTAAACGTGGCTAACAA_009,29
CCAGTAAACGTGGCTAACAA_010,10
CCAGTAAACGTGGCTAACAA_011,86
CCAGTAAACGTGGCTAACAA_012,94
GGCACAGGCACATTACAGAG_001,132
GGCACAGGCACATTACAGAG_002,120
GGCACAGGCACATTACAGAG_003,159
GGCACAGGCACATTACAGAG_004,2
GGCACAGGCACATTACAGAG_005,72
ATAGAACACTACGCGCAGCT_001,15
ATAGAACACTACGCGCAGCT_002,118
ATAGAACACTACGCGCAGCT_003,103
ATAGAACACTACGCGCAGCT_004,31
ATAGAACACTACGCGCAGCT_005,23
ATAGAACACTACGCGCAGCT_006,2
GCCGCTACATAGTTCACCTG_001,175
GCCGCTACATAGTTCACCTG_002,63
GCCGCTACATAGTTCACCTG_003,112
GGAGTAAATCAGCCACAGCG_001,103
GGAGTAAATCAGCCACAGCG_002,175
GGAGTAAATCAGCCACAGCG_003,104
GGAGTAAATCAGCCACAGCG_004,13
GGAGTAAATCAGCCACAGCG_005,118
GGAGTAAATCAGCCACAGCG_006,174
GGAGTAAATCAGCCACAGCG_007,147
GGAGTAAATCAGCCACAGCG_008,36
GGAGTAAATCAGCCACAGCG_009,76
GGAGTAAATCAGCCACAGCG_010,199
GGAGTAAATCAGCCACAGCG_011,80
GGAGTAAATCAGCCACAGCG_012,146
GGAGTAAATCAGCCACAGCG_013,29
GGAGTAAATCAGCCACAGCG_014,116
GGAGTAAATCAGCCACAGCG_015,35
GGAGTAAATCAGCCACAGCG_016,19
GGAGTAAATCAGCCACAGCG_017,144
GGAGTAAATCAGCCACAGCG_018,82
CAGCTGTGTAAAAGACTGGA_001,41
CAGCTGTGTAAAAGACTGGA_002,73
GGTGGCGAGGACGCACAAAG_001,125
GGTGGCGAGGACGCACAAAG_002,160
GGTGGCGAGGACGCACAAAG_003,20
GGTGGCGAGGACGCACAAAG_004,138
GGTGGCGAGGACGCACAAAG_005,41
GGTGGCGAGGACGCACAAAG_006,92
GGTGGCGAGGACGCACAAAG_007,48
GGTGGCGAGGACGCACAAAG_008,137
GGTGGCGAGGACGCACAAAG_009,41
GGTGGCGAGGACGCACAAAG_010,17
GGTGGCGAGGACGCACAAAG_011,105
GGTGGCGAGGACGCACAAAG_012,58
GGTGGCGAGGACGCACAAAG_013,84
GGTGGCGAGGACGCACAAAG_014,170
GGTGGCGAGGACGCACAAAG_015,197
GGTGGCGAGGACGCACAAAG_016,16
GGTGGCGAGGACGCACAAAG_017,29
TGGTGCGAGACTTGGCTCCG_001,3
TGGTGCGAGACTTGGCTCCG_002,106
TGGTGCGAGACTTGGCTCCG_003,106
TGGTGCGAGACTTGGCTCCG_004,39
TGGTGCGAGACTTGGCTCCG_005,102
TGGTGCGAGACTTGGCTCCG_006,33
TGGTGCGAGACTTGGCTCCG_007,151
TGGTGCGAGACTTGGCTCCG_008,16
TGGTGCGAGACTTGGCTCCG_009,161
TGGTGCGAGACTTGGCTCCG_010,55
TGGTGCGAGACTTGGCTCCG_011,123
TGGTGCGAGACTTGGCTCCG_012,148
TGGTGCGAGACTTGGCTCCG_013,3
TGGTGCGAGACTTGGCTCCG_014,69
TGGTGCGAGACTTGGCTCCG_015,140
TGGTGCGAGACTTGGCTCCG_016,193
TGGTGCGAGACTTGGCTCCG_017,86
TGGTGCGAGACTTGGCTCCG_018,172
TGGTGCGAGACTTGGCTCCG_019,34
TGGTGCGAGACTTGGCTCCG_020,194
TGGTGCGAGACTTGGCTCCG_021,15
TGGTGCGAGACTTGGCTCCG_022,28
TGGTGCGAGACTTGGCTCCG_023,90
TGGTGCGAGACTTGGCTCCG_024,124
TATCAGGAGATAAACCACCA_001,75
TATCAGGAGATAAACCACCA_002,103
TATCAGGAGATAAACCACCA_003,102
GCGGACATGGAGGACGTGTG_001,177
GCGGACATGGAGGACGTGTG_002,15
GCGGACATGGAGGACGTGTG_003,29
GCGGACATGGAGGACGTGTG_004,58
GCGGACATGGAGGACGTGTG_005,176
GCGGACATGGAGGACGTGTG_006,81
GCGGACATGGAGGACGTGTG_007,63
GCGGACATGGAGGACGTGTG_008,7
GCGGACATGGAGGACGTGTG_009,74
GCGGACATGGAGGACGTGTG_010,46
GCGGACATGGAGGACGTGTG_011,3
GCGGACATGGAGGACGTGTG_012,89
GCGGACATGGAGGACGTGTG_013,106
ATAAACGGTCCGTGCCATGG_001,162
ATAAACGGTCCGTGCCATGG_002,101
ATAAACGGTCCGTGCCATGG_003,117
ATAAACGGTCCGTGCCATGG_004,4
ATAAACGGTCCGTGCCATGG_005,169
ATAAACGGTCCGTGCCATGG_006,9
ATAAACGGTCCGTGCCATGG_007,31
ATAAACGGTCCGTGCCATGG_008,159
ATAAACGGTCCGTGCCATGG_009,30
ATAAACGGTCCGTGCCATGG_010,78
ATAAACGGTCCGTGCCATGG_011,1
ATAAACGGTCCGTGCCATGG_012,2
ATAAACGGTCCGTGCCATGG_013,28
ATAAACGGTCCGTGCCATGG_014,3
ATAAACGGTCCGTGCCATGG_015,56
ATAAACGGTCCGTGCCATGG_016,27
ATAAACGGTCCGTGCCATGG_017,27
ATAAACGGTCCGTGCCATGG_018,9
ATAAACGGTCCGTGCCATGG_019,180
ACAGATGACCAGCTCCAGCG_001,62
ACAGATGACCAGCTCCAGCG_002,44
ACAGATGACCAGCTCCAGCG_003,110
ACAGATGACCAGCTCCAGCG_004,170
ACAGATGACCAGCTCCAGCG_005,9
ACAGATGACCAGCTCCAGCG_006,40
ACAGATGACCAGCTCCAGCG_007,77
ACAGATGACCAGCTCCAGCG_008,134
ACAGATGACCAGCTCCAGCG_009,99
GACTCCAGAATGATGCCCCA_001,135
GACTCCAGAATGATGCCCCA_002,9
GACTCCAGAATGATGCCCCA_003,36
GACTCCAGAATGATGCCCCA_004,35
GACTCCAGAATGATGCCCCA_005,102
GACTCCAGAATGATGCCCCA_006,23
GAGCTCTCGCCAAAGGCCCG_001,150
GAGCTCTCGCCAAAGGCCCG_002,106
GAGCTCTCGCCAAAGGCCCG_003,87
GAGCTCTCGCCAAAGGCCCG_004,57
GAGCTCTCGCCAAAGGCCCG_005,158
GAGCTCTCGCCAAAGGCCCG_006,81
GAGCTCTCGCCAAAGGCCCG_007,34
GAGCTCTCGCCAAAGGCCCG_008,64
GAGCTCTCGCCAAAGGCCCG_009,150
GAGCTCTCGCCAAAGGCCCG_010,63
GAGCTCTCGCCAAAGGCCCG_011,149
GAGCTCTCGCCAAAGGCCCG_012,98
GAGCTCTCGCCAAAGGCCCG_013,198
AGCAGCCTCCACAAATTGAA_001,199
AGCAGCCTCCACAAATTGAA_002,94
AGCAGCCTCCACAAATTGAA_003,145
AGCAGCCTCCACAAATTGAA_004,41
AGCAGCCTCCACAAATTGAA_005,138
AGCAGCCTCCACAAATTGAA_006,130
AGCAGCCTCCACAAATTGAA_007,34
AGCAGCCTCCACAAATTGAA_008,81
AGCAGCCTCCACAAATTGAA_009,166
GTAGTCTTCATCCCGCATGG_001,64
GTAGTCTTCATCCCGCATGG_002,150
GTAGTCTTCATCCCGCATGG_003,169
GTAGTCTTCATCCCGCATGG_004,107
GTAGTCTTCATCCCGCATGG_005,197
GTAGTCTTCATCCCGCATGG_006,26
GTAGTCTTCATCCCGCATGG_007,94
GTAGTCTTCATCCCGCATGG_008,160
GTAGTCTTCATCCCGCATGG_009,1
GTAGTCTTCATCCCGCATGG_010,34
GTAGTCTTCATCCCGCATGG_011,175
TCTTTGCCTGTGAATACCGG_001,165
TCTTTGCCTGTGAATACCGG_002,2
TCTTTGCCTGTGAATACCGG_003,2
TCTTTGCCTGTGAATACCGG_004,176
TTACGCGTACTCGGGCCGCC_001,191
TTACGCGTACTCGGGCCGCC_002,77
TTACGCGTACTCGGGCCGCC_003,28
TTACGCGTACTCGGGCCGCC_004,33
TTACGCGTACTCGGGCCGCC_005,153
TTACGCGTACTCGGGCCGCC_006,116
TTACGCGTACTCGGGCCGCC_007,98
TTACGCGTACTCGGGCCGCC_008,160
TTACGCGTACTCGGGCCGCC_009,63
ACACGCTCCTCCACAGTCGA_001,156
ACACGCTCCTCCACAGTCGA_002,55
ACACGCTCCTCCACAGTCGA_003,69
ACACGCTCCTCCACAGTCGA_004,62
CGGTAGTAGAGGAGATATCG_001,54
CGGTAGTAGAGGAGATATCG_002,49
CGGTAGTAGAGGAGATATCG_003,103
CGGTAGTAGAGGAGATATCG_004,87
CGGTAGTAGAGGAGATATCG_005,182
CGGTAGTAGAGGAGATATCG_006,126
CATGAGCGAAGACGCGTCGG_001,149
CATGAGCGAAGACGCGTCGG_002,105
CATGAGCGAAGACGCGTCGG_003,137
CATGAGCGAAGACGCGTCGG_004,1
CATGAGCGAAGACGCGTCGG_005,130
CATGAGCGAAGACGCGTCGG_006,108
CATGAGCGAAGACGCGTCGG_007,29
CATGAGCGAAGACGCGTCGG_008,132
AAACACAGGACATGAGGGTA_001,163
AAACACAGGACATGAGGGTA_002,34
AAACACAGGACATGAGGGTA_003,49
AAACACAGGACATGAGGGTA_004,150
AAACACAGGACATGAGGGTA_005,83
AAACACAGGACATGAGGGTA_006,2
AAACACAGGACATGAGGGTA_007,151
GGCCTGGGTGAAAAAAGGTT_001,25
GGCCTGGGTGAAAAAAGGTT_002,107
GGCCTGGGTGAAAAAAGGTT_003,66
GGCCTGGGTGAAAAAAGGTT_004,134
GGCCTGGGTGAAAAAAGGTT_005,58
ACTACAGCCAGAGCAATGGG_001,23
ACTACAGCCAGAGCAATGGG_002,114
ACTACAGCCAGAGCAATGGG_003,110
ACTACAGCCAGAGCAATGGG_004,184
ACTACAGCCAGAGCAATGGG_005,170
CCCCGTGCAGCGAGTCAGAG_001,3
CCCCGTGCAGCGAGTCAGAG_002,199
CCCCGTGCAGCGAGTCAGAG_003,162
CCCCGTGCAGCGAGTCAGAG_004,81
CCCCGTGCAGCGAGTCAGAG_005,19
CCCCGTGCAGCGAGTCAGAG_006,148
CCCCGTGCAGCGAGTCAGAG_007,110
CCCCGTGCAGCGAGTCAGAG_008,156
CCCCGTGCAGCGAGTCAGAG_009,156
CCCCGTGCAGCGAGTCAGAG_010,199
CCCCGTGCAGCGAGTCAGAG_011,40
CCCCGTGCAGCGAGTCAGAG_012,83
CCCCGTGCAGCGAGTCAGAG_013,41
CCCCGTGCAGCGAGTCAGAG_014,74
CCCCGTGCAGCGAGTCAGAG_015,30
CCCCGTGCAGCGAGTCAGAG_016,5
CCCCGTGCAGCGAGTCAGAG_017,94
CCCCGTGCAGCGAGTCAGAG_018,172
CCCCGTGCAGCGAGTCAGAG_019,76
CCCCGTGCAGCGAGTCAGAG_020,195
CCCCGTGCAGCGAGTCAGAG_021,197
CCCCGTGCAGCGAGTCAGAG_022,190
CCCCGTGCAGCGAGTCAGAG_023,188
CCCCGTGCAGCGAGTCAGAG_024,172
CCCCGTGCAGCGAGTCAGAG_025,131
CCCCGTGCAGCGAGTCAGAG_026,138
CCCCGTGCAGCGAGTCAGAG_027,121
CTGACTTCCCCGGTCCAGGG_001,154
CTGACTTCCCCGGTCCAGGG_002,102
CTGACTTCCCCGGTCCAGGG_003,154
CTGACTTCCCCGGTCCAGGG_004,15
CTGACTTCCCCGGTCCAGGG_005,0
CTGACTTCCCCGGTCCAGGG_006,38
CTGACTTCCCCGGTCCAGGG_007,136
CTGACTTCCCCGGTCCAGGG_008,38
CTGACTTCCCCGGTCCAGGG_009,28
CTGACTTCCCCGGTCCAGGG_010,130
CTGACTTCCCCGGTCCAGGG_011,113
CTGACTTCCCCGGTCCAGGG_012,63
CTGACTTCCCCGGTCCAGGG_013,11
CTGACTTCCCCGGTCCAGGG_014,127
CTGACTTCCCCGGTCCAGGG_015,124
CTGACTTCCCCGGTCCAGGG_016,98
CTGACTTCCCCGGTCCAGGG_017,83
CTGACTTCCCCGGTCCAGGG_018,75
CTGACTTCCCCGGTCCAGGG_019,94
CTGACTTCCCCGGTCCAGGG_020,166
CTGACTTCCCCGGTCCAGGG_021,68
CTGACTTCCCCGGTCCAGGG_022,180
CTGACTTCCCCGGTCCAGGG_023,188
CTGACTTCCCCGGTCCAGGG_024,48
CTGACTTCCCCGGTCCAGGG_025,40
AGCCAGCTCCAATCCCAAAG_001,131
AGCCAGCTCCAATCCCAAAG_002,129
AGCCAGCTCCAATCCCAAAG_003,13
AGCCAGCTCCAATCCCAAAG_004,33
AGCCAGCTCCAATCCCAAAG_005,113
AGCCAGCTCCAATCCCAAAG_006,194
AGCCAGCTCCAATCCCAAAG_007,95
AGCCAGCTCCAATCCCAAAG_008,169
AGCCAGCTCCAATCCCAAAG_009,50
CCTGCTCATGGGTGACACCA_001,137
CCTGCTCATGGGTGACACCA_002,145
CCTGCTCATGGGTGACACCA_003,67
CCTGCTCATGGGTGACACCA_004,47
CCTGCTCATGGGTGACACCA_005,149
CCTGCTCATGGGTGACACCA_006,118
CCTGCTCATGGGTGACACCA_007,139
CCTGCTCATGGGTGACACCA_008,1
CCTGCTCATGGGTGACACCA_009,66
GAAGATGGCAGATACCCCAC_001,94
GAAGATGGCAGATACCCCAC_002,106
GAAGATGGCAGATACCCCAC_003,41
GAAGATGGCAGATACCCCAC_004,114
GAAGATGGCAGATACCCCAC_005,37
GAAGATGGCAGATACCCCAC_006,44
GAAGATGGCAGATACCCCAC_007,198
GAAGATGGCAGATACCCCAC_008,193
GAAGATGGCAGATACCCCAC_009,113
GAAGATGGCAGATACCCCAC_010,78
GAGCGATGTGGACTACAGCT_001,81
GAGCGATGTGGACTACAGCT_002,80
GAGCGATGTGGACTACAGCT_003,78
GAGCGATGTGGACTACAGCT_004,150
GAGCGATGTGGACTACAGCT_005,28
GAGCGATGTGGACTACAGCT_006,11
GAGCGATGTGGACTACAGCT_007,172
GAGCGATGTGGACTACAGCT_008,107
GAGCGATGTGGACTACAGCT_009,120
GAGCGATGTGGACTACAGCT_010,76
GAGCGATGTGGACTACAGCT_011,15
GAGCGATGTGGACTACAGCT_012,156
GAGCGATGTGGACTACAGCT_013,56
GAGCGATGTGGACTACAGCT_014,48
GAGCGATGTGGACTACAGCT_015,120
GAGCGATGTGGACTACAGCT_016,121
GAGCGATGTGGACTACAGCT_017,23
GAGCGATGTGGACTACAGCT_018,84
GAGCGATGTGGACTACAGCT_019,168
GAGCGATGTGGACTACAGCT_020,17
GAGCGATGTGGACTACAGCT_021,77
GAGCGATGTGGACTACAGCT_022,52
CCCAGCACCGAGGCGACCCG_001,98
CCCAGCACCGAGGCGACCCG_002,178
CCCAGCACCGAGGCGACCCG_003,151
CCCAGCACCGAGGCGACCCG_004,40
CCCAGCACCGAGGCGACCCG_005,55
CCCAGCACCGAGGCGACCCG_006,106
CCCAGCACCGAGGCGACCCG_007,108
CCCAGCACCGAGGCGACCCG_008,178
CCCAGCACCGAGGCGACCCG_009,63
CCCAGCACCGAGGCGACCCG_010,17
CCCAGCACCGAGGCGACCCG_011,78
CCCAGCACCGAGGCGACCCG_012,197
CCCAGCACCGAGGCGACCCG_013,86
CCCAGCACCGAGGCGACCCG_014,134
CCCAGCACCGAGGCGACCCG_015,48
CCCAGCACCGAGGCGACCCG_016,198
CCCAGCACCGAGGCGACCCG_017,9
CCCAGCACCGAGGCGACCCG_018,35
CCCAGCACCGAGGCGACCCG_019,84
CCCAGCACCGAGGCGACCCG_020,178
CCCAGCACCGAGGCGACCCG_021,5
CCCAGCACCGAGGCGACCCG_022,22
CCCAGCACCGAGGCGACCCG_023,158
CCCAGCACCGAGGCGACCCG_024,96
CCCAGCACCGAGGCGACCCG_025,166
GGAAAGTGAGCGGCGAGGCG_001,101
GGAAAGTGAGCGGCGAGGCG_002,69
GGAAAGTGAGCGGCGAGGCG_003,35
GGAAAGTGAGCGGCGAGGCG_004,71
GGAAAGTGAGCGGCGAGGCG_005,33
GGAAAGTGAGCGGCGAGGCG_006,150
GGAAAGTGAGCGGCGAGGCG_007,134
GGAAAGTGAGCGGCGAGGCG_008,72
GGGAATCCGGAGACAAACTG_001,107
GGGAATCCGGAGACAAACTG_002,24
GGGAATCCGGAGACAAACTG_003,178
GGGAATCCGGAGACAAACTG_004,196
GGGAATCCGGAGACAAACTG_005,179
GGGAATCCGGAGACAAACTG_006,136
GGGAATCCGGAGACAAACTG_007,197
GGGAATCCGGAGACAAACTG_008,40
GGGAATCCGGAGACAAACTG_009,69
GGGAATCCGGAGACAAACTG_010,9
GGGAATCCGGAGACAAACTG_011,21
GGGAATCCGGAGACAAACTG_012,182
GGGAATCCGGAGACAAACTG_013,189
GGGAATCCGGAGACAAACTG_014,128
GGGAATCCGGAGACAAACTG_015,44
GGGAATCCGGAGACAAACTG_016,3
GGGAATCCGGAGACAAACTG_017,74
GGGAATCCGGAGACAAACTG_018,0
GGGAATCCGGAGACAAACTG_019,9
GGGAATCCGGAGACAAACTG_020,169
GGGCTCAAAACGTCTTGGTG_001,8
GGGCTCAAAACGTCTTGGTG_002,137
GGGCTCAAAACGTCTTGGTG_003,53
GGGCTCAAAACGTCTTGGTG_004,170
GGGCTCAAAACGTCTTGGTG_005,104
GGGCTCAAAACGTCTTGGTG_006,15
GGGCTCAAAACGTCTTGGTG_007,149
GGGCTCAAAACGTCTTGGTG_008,88
GGGCTCAAAACGTCTTGGTG_009,183
GGGCTCAAAACGTCTTGGTG_010,32
GGGCTCAAAACGTCTTGGTG_011,187
GGGCTCAAAACGTCTTGGTG_012,138
GGGCTCAAAACGTCTTGGTG_013,2
GGGCTCAAAACGTCTTGGTG_014,79
GGGCTCAAAACGTCTTGGTG_015,120
AGTGATGCTGAATTTGACGA_001,62
AGTGATGCTGAATTTGACGA_002,94
AGTGATGCTGAATTTGACGA_003,188
AGTGATGCTGAATTTGACGA_004,49
AGTGATGCTGAATTTGACGA_005,94
AGTGATGCTGAATTTGACGA_006,112
AGTGATGCTGAATTTGACGA_007,77
AGTGATGCTGAATTTGACGA_008,49
CAAGGAGGCAACCAGCCTCA_001,192
CAAGGAGGCAACCAGCCTCA_002,9
CAAGGAGGCAACCAGCCTCA_003,127
CAAGGAGGCAACCAGCCTCA_004,106
CAAGGAGGCAACCAGCCTCA_005,118
CAAGGAGGCAACCAGCCTCA_006,48
CAAGGAGGCAACCAGCCTCA_007,158
CAAGGAGGCAACCAGCCTCA_008,94
TCTTCATTCACAGGTCAAGG_001,184
TCTTCATTCACAGGTCAAGG_002,121
TGAGCCCAAAGATGTTAACA_001,154
TGAGCCCAAAGATGTTAACA_002,2
TGGTCTACACCCGAGACACA_001,50
TGGTCTACACCCGAGACACA_002,191
TGGTCTACACCCGAGACACA_003,89
TGGTCTACACCCGAGACACA_004,113
TGGTCTACACCCGAGACACA_005,16
TGGTCTACACCCGAGACACA_006,68
TGGTCTACACCCGAGACACA_007,186
TGGTCTACACCCGAGACACA_008,9
TGGTCTACACCCGAGACACA_009,105
TGGTCTACACCCGAGACACA_010,33
TGGTCTACACCCGAGACACA_011,124
TGGTCTACACCCGAGACACA_012,157
TGGTCTACACCCGAGACACA_013,83
AACCCTCACCTATCACCCAC_001,150
AACCCTCACCTATCACCCAC_002,145
AACCCTCACCTATCACCCAC_003,46
AACCCTCACCTATCACCCAC_004,199
AACCCTCACCTATCACCCAC_005,112
ACTGACCACTGATGATACCG_001,121
ACTGACCACTGATGATACCG_002,8
ACTGACCACTGATGATACCG_003,28
ATTGGAATCATTTCACACTG_001,2
ATTGGAATCATTTCACACTG_002,169
TTACCATTAAAGTGTCTTTG_001,43
TTACCATTAAAGTGTCTTTG_002,130
TTACCATTAAAGTGTCTTTG_003,11
TTACCATTAAAGTGTCTTTG_004,193
TTACCATTAAAGTGTCTTTG_005,63
TTACCATTAAAGTGTCTTTG_006,137
TTACCATTAAAGTGTCTTTG_007,182
TTACCATTAAAGTGTCTTTG_008,68
TTACCATTAAAGTGTCTTTG_009,154
TTACCATTAAAGTGTCTTTG_010,15
TTACCATTAAAGTGTCTTTG_011,14
TTACCATTAAAGTGTCTTTG_012,84
TTACCATTAAAGTGTCTTTG_013,170
TTACCATTAAAGTGTCTTTG_014,191
TTACCATTAAAGTGTCTTTG_015,144
TTACCATTAAAGTGTCTTTG_016,4
TTACCATTAAAGTGTCTTTG_017,150
TTACCATTAAAGTGTCTTTG_018,96
TTACCATTAAAGTGTCTTTG_019,168
CCGGACGCGACTGTGGAGGG_001,190
CCGGACGCGACTGTGGAGGG_002,30
CCGGACGCGACTGTGGAGGG_003,92
CCGGACGCGACTGTGGAGGG_004,139
CCGGACGCGACTGTGGAGGG_005,110
CCGGACGCGACTGTGGAGGG_006,198
GCCTGACTGGTTCTCAACGT_001,168
GCCTGACTGGTTCTCAACGT_002,26
GCCTGACTGGTTCTCAACGT_003,85
TGCAAACAGAGCACACCGAG_001,130
TGCAAACAGAGCACACCGAG_002,23
TGCAAACAGAGCACACCGAG_003,36
TGCAAACAGAGCACACCGAG_004,86
TGCAAACAGAGCACACCGAG_005,91
TGCAAACAGAGCACACCGAG_006,110
TGCAAACAGAGCACACCGAG_007,172
TGCAAACAGAGCACACCGAG_008,120
TGCAAACAGAGCACACCGAG_009,116
TGCAAACAGAGCACACCGAG_010,144
TGCAAACAGAGCACACCGAG_011,94
TGCAAACAGAGCACACCGAG_012,134
TGCAAACAGAGCACACCGAG_013,126
TGCAAACAGAGCACACCGAG_014,24
AAGATTTAATAGCTCAAGCA_001,160
GGCCCCCTAGGAAAGTTGCG_001,194
GGCCCCCTAGGAAAGTTGCG_002,141
GGCCCCCTAGGAAAGTTGCG_003,94
GGCCCCCTAGGAAAGTTGCG_004,22
GGCCCCCTAGGAAAGTTGCG_005,156
GGCCCCCTAGGAAAGTTGCG_006,86
GGCCCCCTAGGAAAGTTGCG_007,98
GGCCCCCTAGGAAAGTTGCG_008,141
GGCCCCCTAGGAAAGTTGCG_009,84
GGCCCCCTAGGAAAGTTGCG_010,62
GGCCCCCTAGGAAAGTTGCG_011,48
CCACAAAGTCGTTGAAAGTG_001,68
CCACAAAGTCGTTGAAAGTG_002,156
AACGTATTCTGGTGCTTCTG_001,127
AACGTATTCTGGTGCTTCTG_002,73
AACGTATTCTGGTGCTTCTG_003,164
AACGTATTCTGGTGCTTCTG_004,61
AACGTATTCTGGTGCTTCTG_005,68
AACGTATTCTGGTGCTTCTG_006,61
AGCAACAGCAGAACAGTAGC_001,60
AGCAACAGCAGAACAGTAGC_002,70
AGCAACAGCAGAACAGTAGC_003,178
AGCAACAGCAGAACAGTAGC_004,155
AGCAACAGCAGAACAGTAGC_005,27
AGCAACAGCAGAACAGTAGC_006,169
AGCAACAGCAGAACAGTAGC_007,28
AGCAACAGCAGAACAGTAGC_008,94
AGCAACAGCAGAACAGTAGC_009,35
AGCAACAGCAGAACAGTAGC_010,94
AGCAACAGCAGAACAGTAGC_011,60
AGCAACAGCAGAACAGTAGC_012,77
AGCAACAGCAGAACAGTAGC_013,106
AGCAACAGCAGAACAGTAGC_014,106
AGCAACAGCAGAACAGTAGC_015,144
ATCAACTTCGTATCATCGGG_001,42
AGAAACGTAGGCACATCCAC_001,138
AGAAACGTAGGCACATCCAC_002,84
AGAAACGTAGGCACATCCAC_003,62
AGAAACGTAGGCACATCCAC_004,8
AGAAACGTAGGCACATCCAC_005,81
AGAAACGTAGGCACATCCAC_006,81
AGAAACGTAGGCACATCCAC_007,136
AGAGGACCAATACGGGCGGT_001,111
AGAGGACCAATACGGGCGGT_002,77
AGAGGACCAATACGGGCGGT_003,36
AGAGGACCAATACGGGCGGT_004,85
AGAGGACCAATACGGGCGGT_005,157
AGAGGACCAATACGGGCGGT_006,25
AGAGGACCAATACGGGCGGT_007,175
AGAGGACCAATACGGGCGGT_008,198
ATTCTCATGCTATAGCCAGT_001,11
ATTCTCATGCTATAGCCAGT_002,55
ATTCTCATGCTATAGCCAGT_003,118
ATTCTCATGCTATAGCCAGT_004,121
ATTCTCATGCTATAGCCAGT_005,59
ATTCTCATGCTATAGCCAGT_006,178
ATTCTCATGCTATAGCCAGT_007,77
ATTCTCATGCTATAGCCAGT_008,184
ATTCTCATGCTATAGCCAGT_009,89
ATTCTCATGCTATAGCCAGT_010,99
GAGGGATGAGATGCGAGCCT_001,82
GAGGGATGAGATGCGAGCCT_002,174
GAGGGATGAGATGCGAGCCT_003,67
GAGGGATGAGATGCGAGCCT_004,100
GAGGGATGAGATGCGAGCCT_005,16
GAGGGATGAGATGCGAGCCT_006,116
GAGGGATGAGATGCGAGCCT_007,47
GAGGGATGAGATGCGAGCCT_008,184
GAGGGATGAGATGCGAGCCT_009,12
GAGGGATGAGATGCGAGCCT_010,1
GAGGGATGAGATGCGAGCCT_011,121
GAGGGATGAGATGCGAGCCT_012,130
GAGGGATGAGATGCGAGCCT_013,137
GCGGTGCGGGAGACCATGGA_001,115
GCGGTGCGGGAGACCATGGA_002,15
GCGGTGCGGGAGACCATGGA_003,142
GCGGTGCGGGAGACCATGGA_004,6
GCGGTGCGGGAGACCATGGA_005,125
GCGGTGCGGGAGACCATGGA_006,48
GCGGTGCGGGAGACCATGGA_007,145
GCGGTGCGGGAGACCATGGA_008,17
GCGGTGCGGGAGACCATGGA_009,9
GCGGTGCGGGAGACCATGGA_010,47
GCGGTGCGGGAGACCATGGA_011,36
GCGGTGCGGGAGACCATGGA_012,6
GCGGTGCGGGAGACCATGGA_013,172
GCGGTGCGGGAGACCATGGA_014,45
GCGGTGCGGGAGACCATGGA_015,28
GCGGTGCGGGAGACCATGGA_016,135
GCGGTGCGGGAGACCATGGA_017,66
GCGGTGCGGGAGACCATGGA_018,175
GCGGTGCGGGAGACCATGGA_019,78
GCGGTGCGGGAGACCATGGA_020,107
CTCCAACCACACAATCGGCG_001,9
CTCCAACCACACAATCGGCG_002,49
CTCCAACCACACAATCGGCG_003,94
CTCCAACCACACAATCGGCG_004,110
CTCCAACCACACAATCGGCG_005,168
CTCCAACCACACAATCGGCG_006,33
CTCCAACCACACAATCGGCG_007,28
ATCGGCGCAAGGCTCTCCAG_001,144
ATCGGCGCAAGGCTCTCCAG_002,88
ATCGGCGCAAGGCTCTCCAG_003,142
ATCGGCGCAAGGCTCTCCAG_004,17
ATCGGCGCAAGGCTCTCCAG_005,44
ATCGGCGCAAGGCTCTCCAG_006,70
ATCGGCGCAAGGCTCTCCAG_007,16
ATCGGCGCAAGGCTCTCCAG_008,29
ATCGGCGCAAGGCTCTCCAG_009,94
ATCGGCGCAAGGCTCTCCAG_010,188
ATCGGCGCAAGGCTCTCCAG_011,130
ATCGGCGCAAGGCTCTCCAG_012,10
ATCGGCGCAAGGCTCTCCAG_013,61
ATCGGCGCAAGGCTCTCCAG_014,145
ATCGGCGCAAGGCTCTCCAG_015,98
ATCGGCGCAAGGCTCTCCAG_016,2
ATCGGCGCAAGGCTCTCCAG_017,96
ATCGGCGCAAGGCTCTCCAG_018,40
ATCGGCGCAAGGCTCTCCAG_019,35
ATCGGCGCAAGGCTCTCCAG_020,60
CTCGGAGTTTCCGACCACTG_001,48
CTCGGAGTTTCCGACCACTG_002,140
CTCGGAGTTTCCGACCACTG_003,86
CTCGGAGTTTCCGACCACTG_004,134
CTCGGAGTTTCCGACCACTG_005,58
CTCGGAGTTTCCGACCACTG_006,192
CTCGGAGTTTCCGACCACTG_007,174
CTCGGAGTTTCCGACCACTG_008,84
CTCGGAGTTTCCGACCACTG_009,152
CTCGGAGTTTCCGACCACTG_010,121
CTCGGAGTTTCCGACCACTG_011,24
CTCGGAGTTTCCGACCACTG_012,142
TCAACACCCACCTCTACTAG_001,47
TCAACACCCACCTCTACTAG_002,140
TCAACACCCACCTCTACTAG_003,27
TCAACACCCACCTCTACTAG_004,69
TCAACACCCACCTCTACTAG_005,2
TCAACACCCACCTCTACTAG_006,190
TCAACACCCACCTCTACTAG_007,115
TCAACACCCACCTCTACTAG_008,43
TCAACACCCACCTCTACTAG_009,61
AGTGTGATCCTTGCATACCG_001,60
AGTGTGATCCTTGCATACCG_002,7
AGTGTGATCCTTGCATACCG_003,138
AGTGTGATCCTTGCATACCG_004,48
AGTGTGATCCTTGCATACCG_005,2
AGTGTGATCCTTGCATACCG_006,166
AGTGTGATCCTTGCATACCG_007,39
CCTCACCTTCACGAGCTACG_001,114
CCTCACCTTCACGAGCTACG_002,134
CCTCACCTTCACGAGCTACG_003,9
CCTCACCTTCACGAGCTACG_004,175
CCTCACCTTCACGAGCTACG_005,56
CCTCACCTTCACGAGCTACG_006,94
CCTCACCTTCACGAGCTACG_007,83
CCTCACCTTCACGAGCTACG_008,170
CCTCACCTTCACGAGCTACG_009,135
CCTCACCTTCACGAGCTACG_010,198
CCTCACCTTCACGAGCTACG_011,5
CCTCACCTTCACGAGCTACG_012,101
CCTCACCTTCACGAGCTACG_013,3
CCTCACCTTCACGAGCTACG_014,158
CCTCACCTTCACGAGCTACG_015,197
CCTCACCTTCACGAGCTACG_016,63
CCATCCACCTGCATATACTG_001,106
CCATCCACCTGCATATACTG_002,174
CCATCCACCTGCATATACTG_003,148
CCATCCACCTGCATATACTG_004,158
CGGACATGTCACCCTATGTG_001,6
AAGGAACGTTCAGATTGAGA_001,77
AAGGAACGTTCAGATTGAGA_002,15
AAGGAACGTTCAGATTGAGA_003,135
TGCAGCTCGAGGGACCAATG_001,49
TGCAGCTCGAGGGACCAATG_002,28
TGCAGCTCGAGGGACCAATG_003,68
TGCAGCTCGAGGGACCAATG_004,91
TGCAGCTCGAGGGACCAATG_005,157
TGCAGCTCGAGGGACCAATG_006,138
TGCAGCTCGAGGGACCAATG_007,119
TGCAGCTCGAGGGACCAATG_008,140
TGCAGCTCGAGGGACCAATG_009,119
TGCAGCTCGAGGGACCAATG_010,121
TGCAGCTCGAGGGACCAATG_011,31
TGCAGCTCGAGGGACCAATG_012,159
TGCAGCTCGAGGGACCAATG_013,48
TGCAGCTCGAGGGACCAATG_014,163
TGCAGCTCGAGGGACCAATG_015,47
TGCAGCTCGAGGGACCAATG_016,86
TGCAGCTCGAGGGACCAATG_017,22
TGCAGCTCGAGGGACCAATG_018,147
TGCAGCTCGAGGGACCAATG_019,177
TGCAGCTCGAGGGACCAATG_020,47
TGCAGCTCGAGGGACCAATG_021,174
TGCAGCTCGAGGGACCAATG_022,139
TGCAGCTCGAGGGACCAATG_023,12
TGCAGCTCGAGGGACCAATG_024,43
TGCAGCTCGAGGGACCAATG_025,199
TGCAGCTCGAGGGACCAATG_026,170
TGCAGCTCGAGGGACCAATG_027,147
TGCAGCTCGAGGGACCAATG_028,162
TGCAGCTCGAGGGACCAATG_029,60
TGCAGCTCGAGGGACCAATG_030,0
TGCAGCTCGAGGGACCAATG_031,190
TGCAGCTCGAGGGACCAATG_032,199
TGCAGCTCGAGGGACCAATG_033,148
TGCAGCTCGAGGGACCAATG_034,19
TGCAGCTCGAGGGACCAATG_035,116
TGCAGCTCGAGGGACCAATG_036,30
CAAACGTCATCCCTGAACAC_001,80
CAAACGTCATCCCTGAACAC_002,125
CAAACGTCATCCCTGAACAC_003,2
CAAACGTCATCCCTGAACAC_004,169
CATTATCACGGAGTACTGTG_001,177
CATTATCACGGAGTACTGTG_002,188
CATTATCACGGAGTACTGTG_003,102
CATTATCACGGAGTACTGTG_004,149
CATTATCACGGAGTACTGTG_005,10
CATTATCACGGAGTACTGTG_006,18
CATTATCACGGAGTACTGTG_007,86
CATTATCACGGAGTACTGTG_008,54
CATTATCACGGAGTACTGTG_009,150
CATTATCACGGAGTACTGTG_010,72
CATTATCACGGAGTACTGTG_011,125
CATTATCACGGAGTACTGTG_012,145
CATTATCACGGAGTACTGTG_013,19
CATTATCACGGAGTACTGTG_014,51
CATTATCACGGAGTACTGTG_015,48
CAGAGAAGTTACGAAAGGTG_001,161
CAGAGAAGTTACGAAAGGTG_002,97
CAGAGAAGTTACGAAAGGTG_003,53
CAGAGAAGTTACGAAAGGTG_004,127
CAGAGAAGTTACGAAAGGTG_005,29
CAGAGAAGTTACGAAAGGTG_006,171
CAGAGAAGTTACGAAAGGTG_007,58
CAGAGAAGTTACGAAAGGTG_008,68
CAGAGAAGTTACGAAAGGTG_009,112
CAGAGAAGTTACGAAAGGTG_010,61
CAGAGAAGTTACGAAAGGTG_011,141
CAGAGAAGTTACGAAAGGTG_012,199
CAGAGGAATAAGCTCTACGA_001,34
CAGAGGAATAAGCTCTACGA_002,14
CAGAGGAATAAGCTCTACGA_003,10
CGTGATGATCCCTACAGACC_001,87
CCTGAAGTCATCCATGACAC_001,98
CCTGAAGTCATCCATGACAC_002,172
GACAAAGTGATAATGAAACT_001,176
GACAAAGTGATAATGAAACT_002,190
GACAAAGTGATAATGAAACT_003,93
GACAAAGTGATAATGAAACT_004,89
GACAAAGTGATAATGAAACT_005,13
CGTCGCCATATGCCGGTGGC_001,180
CGTCGCCATATGCCGGTGGC_002,12
GCTGAAAGTCATGTACACCG_001,17
GCTGAAAGTCATGTACACCG_002,61
GCTGAAAGTCATGTACACCG_003,16
ACGACTGCAGATAGCAGCAA_001,155
ACGACTGCAGATAGCAGCAA_002,185
ACGACTGCAGATAGCAGCAA_003,147
ACGACTGCAGATAGCAGCAA_004,113
ACGACTGCAGATAGCAGCAA_005,191
ACGACTGCAGATAGCAGCAA_006,65
ACGACTGCAGATAGCAGCAA_007,78
ACGACTGCAGATAGCAGCAA_008,5
ACGACTGCAGATAGCAGCAA_009,78
ACGACTGCAGATAGCAGCAA_010,181
CGAGTTCCGGCAGTGACCAG_001,24
CGAGTTCCGGCAGTGACCAG_002,139
CGAGTTCCGGCAGTGACCAG_003,169
CGAGTTCCGGCAGTGACCAG_004,26
CGAGTTCCGGCAGTGACCAG_005,127
CGAGTTCCGGCAGTGACCAG_006,120
CGAGTTCCGGCAGTGACCAG_007,67
CGAGTTCCGGCAGTGACCAG_008,73
CGAGTTCCGGCAGTGACCAG_009,141
CGAGTTCCGGCAGTGACCAG_010,84
CGAGTTCCGGCAGTGACCAG_011,132
CGAGTTCCGGCAGTGACCAG_012,194
CGAGTTCCGGCAGTGACCAG_013,31
CGAGTTCCGGCAGTGACCAG_014,5
CGAGTTCCGGCAGTGACCAG_015,172
CGAGTTCCGGCAGTGACCAG_016,28
CGAGTTCCGGCAGTGACCAG_017,35
CGAGTTCCGGCAGTGACCAG_018,27
CGAGTTCCGGCAGTGACCAG_019,44
CGAGTTCCGGCAGTGACCAG_020,77
CGAGTTCCGGCAGTGACCAG_021,67
CGAGTTCCGGCAGTGACCAG_022,74
CGAGTTCCGGCAGTGACCAG_023,60
CGAGTTCCGGCAGTGACCAG_024,104
CGAGTTCCGGCAGTGACCAG_025,94
CGAGTTCCGGCAGTGACCAG_026,150
CGAGTTCCGGCAGTGACCAG_027,112
CGAGTTCCGGCAGTGACCAG_028,198
CGAGTTCCGGCAGTGACCAG_029,12
CGAGTTCCGGCAGTGACCAG_030,112
CGAGTTCCGGCAGTGACCAG_031,45
CGAGTTCCGGCAGTGACCAG_032,194
CGAGTTCCGGCAGTGACCAG_033,30
CGAGTTCCGGCAGTGACCAG_034,9
CGAGTTCCGGCAGTGACCAG_035,63
CGAGTTCCGGCAGTGACCAG_036,144
CGAGTTCCGGCAGTGACCAG_037,81
CGAGTTCCGGCAGTGACCAG_038,119
CGAGTTCCGGCAGTGACCAG_039,102
CGAGTTCCGGCAGTGACCAG_040,170
CGAGTTCCGGCAGTGACCAG_041,34
CGAGTTCCGGCAGTGACCAG_042,45
CGAGTTCCGGCAGTGACCAG_043,61
CGAGTTCCGGCAGTGACCAG_044,165
CGAGTTCCGGCAGTGACCAG_045,130
CGAGTTCCGGCAGTGACCAG_046,130
GCAAACCCCACGCTGCGAGG_001,80
GCAAACCCCACGCTGCGAGG_002,175
GCAAACCCCACGCTGCGAGG_003,96
GCAAACCCCACGCTGCGAGG_004,174
GCAAACCCCACGCTGCGAGG_005,185
GCAAACCCCACGCTGCGAGG_006,152
GCAAACCCCACGCTGCGAGG_007,32
GCAAACCCCACGCTGCGAGG_008,76
GCAAACCCCACGCTGCGAGG_009,30
GCAAACCCCACGCTGCGAGG_010,115
GCAAACCCCACGCTGCGAGG_011,34
GCAAACCCCACGCTGCGAGG_012,165
GCAAACCCCACGCTGCGAGG_013,57
GCAAACCCCACGCTGCGAGG_014,57
GCAAACCCCACGCTGCGAGG_015,147
GCAAACCCCACGCTGCGAGG_016,180
GCAAACCCCACGCTGCGAGG_017,133
TGTCCTGTTATGTGTGTGAG_001,129
TGTCCTGTTATGTGTGTGAG_002,78
TGTCCTGTTATGTGTGTGAG_003,127
TGTCCTGTTATGTGTGTGAG_004,82
TGTCCTGTTATGTGTGTGAG_005,12
TGTCCTGTTATGTGTGTGAG_006,96
TGTCCTGTTATGTGTGTGAG_007,102
TGTCCTGTTATGTGTGTGAG_008,22
TGTCCTGTTATGTGTGTGAG_009,115
TGTCCTGTTATGTGTGTGAG_010,72
TGTCCTGTTATGTGTGTGAG_011,158
TGTCCTGTTATGTGTGTGAG_012,75
TGTCCTGTTATGTGTGTGAG_013,193
TGTCCTGTTATGTGTGTGAG_014,130
TGTCCTGTTATGTGTGTGAG_015,187
TGTCCTGTTATGTGTGTGAG_016,107
TGTCCTGTTATGTGTGTGAG_017,26
TGTCCTGTTATGTGTGTGAG_018,169
TGTCCTGTTATGTGTGTGAG_019,175
TGTCCTGTTATGTGTGTGAG_020,98
TGTCCTGTTATGTGTGTGAG_021,116
TGTCCTGTTATGTGTGTGAG_022,120
CAAGGCCATATTTGTGACAG_001,110
GGAGAGTATATCTTCGAGAG_001,112
CGACGCGACCAACGCCACGG_001,47
CGACGCGACCAACGCCACGG_002,107
CGACGCGACCAACGCCACGG_003,29
CGACGCGACCAACGCCACGG_004,52
CGACGCGACCAACGCCACGG_005,99
CGACGCGACCAACGCCACGG_006,72
CGACGCGACCAACGCCACGG_007,28
CGACGCGACCAACGCCACGG_008,128
CGACGCGACCAACGCCACGG_009,34
CGACGCGACCAACGCCACGG_010,138
CGACGCGACCAACGCCACGG_011,16
CGACGCGACCAACGCCACGG_012,177
CGACGCGACCAACGCCACGG_013,69
CGACGCGACCAACGCCACGG_014,50
CGACGCGACCAACGCCACGG_015,29
CGACGCGACCAACGCCACGG_016,27
CGACGCGACCAACGCCACGG_017,184
CGACGCGACCAACGCCACGG_018,149
CGACGCGACCAACGCCACGG_019,115
CGACGCGACCAACGCCACGG_020,36
CGACGCGACCAACGCCACGG_021,36
CGACGCGACCAACGCCACGG_022,161
CGACGCGACCAACGCCACGG_023,108
CGACGCGACCAACGCCACGG_024,140
CGACGCGACCAACGCCACGG_025,168
CGACGCGACCAACGCCACGG_026,50
CGACGCGACCAACGCCACGG_027,160
CGACGCGACCAACGCCACGG_028,94
CGACGCGACCAACGCCACGG_029,40
CGACGCGACCAACGCCACGG_030,64
CGACGCGACCAACGCCACGG_031,29
CGACGCGACCAACGCCACGG_032,2
CGACGCGACCAACGCCACGG_033,98
CGACGCGACCAACGCCACGG_034,140
CGACGCGACCAACGCCACGG_035,33
CGACGCGACCAACGCCACGG_036,8
CGACGCGACCAACGCCACGG_037,9
CGACGCGACCAACGCCACGG_038,50
CGACGCGACCAACGCCACGG_039,64
CGACGCGACCAACGCCACGG_040,181
CGACGCGACCAACGCCACGG_041,174
CGACGCGACCAACGCCACGG_042,177
CGACGCGACCAACGCCACGG_043,187
CGACGCGACCAACGCCACGG_044,187
CGACGCGACCAACGCCACGG_045,50
CGACGCGACCAACGCCACGG_046,62
CGACGCGACCAACGCCACGG_047,19
CGACGCGACCAACGCCACGG_048,135
CGACGCGACCAACGCCACGG_049,135
CGACGCGACCAACGCCACGG_050,49
CGACGCGACCAACGCCACGG_051,115
CGACGCGACCAACGCCACGG_052,147
CGACGCGACCAACGCCACGG_053,174
CGACGCGACCAACGCCACGG_054,58
CGACGCGACCAACGCCACGG_055,57
CGACGCGACCAACGCCACGG_056,130
CGACGCGACCAACGCCACGG_057,137
CGACGCGACCAACGCCACGG_058,27
CGACGCGACCAACGCCACGG_059,42
CGACGCGACCAACGCCACGG_060,174
CGACGCGACCAACGCCACGG_061,62
CGACGCGACCAACGCCACGG_062,70
CGACGCGACCAACGCCACGG_063,29
CGACGCGACCAACGCCACGG_064,103
CGACGCGACCAACGCCACGG_065,18
CGACGCGACCAACGCCACGG_066,152
CGACGCGACCAACGCCACGG_067,121
CGACGCGACCAACGCCACGG_068,6
CGACGCGACCAACGCCACGG_069,168
CGACGCGACCAACGCCACGG_070,170
GGCCGCGGAACGCCGCATCG_001,181
GGCCGCGGAACGCCGCATCG_002,147
GGCCGCGGAACGCCGCATCG_003,184
GGCCGCGGAACGCCGCATCG_004,32
GGCCGCGGAACGCCGCATCG_005,103
GGCCGCGGAACGCCGCATCG_006,61
GGCCGCGGAACGCCGCATCG_007,55
GGCCGCGGAACGCCGCATCG_008,122
GGCCGCGGAACGCCGCATCG_009,25
GGCCGCGGAACGCCGCATCG_010,145
GGCCGCGGAACGCCGCATCG_011,162
GGCCGCGGAACGCCGCATCG_012,122
GGCCGCGGAACGCCGCATCG_013,132
GGCCGCGGAACGCCGCATCG_014,29
GGCCGCGGAACGCCGCATCG_015,154
GGCCGCGGAACGCCGCATCG_016,55
GGCCGCGGAACGCCGCATCG_017,82
GGCCGCGGAACGCCGCATCG_018,154
GGCCGCGGAACGCCGCATCG_019,146
GGCCGCGGAACGCCGCATCG_020,186
GGCCGCGGAACGCCGCATCG_021,123
GGCCGCGGAACGCCGCATCG_022,71
GGCCGCGGAACGCCGCATCG_023,45
GGCCGCGGAACGCCGCATCG_024,83
GGCCGCGGAACGCCGCATCG_025,116
GGCCGCGGAACGCCGCATCG_026,49
GGCCGCGGAACGCCGCATCG_027,165
GGCCGCGGAACGCCGCATCG_028,10
GGCCGCGGAACGCCGCATCG_029,172
GGCCGCGGAACGCCGCATCG_030,69
GGCCGCGGAACGCCGCATCG_031,174
GGCCGCGGAACGCCGCATCG_032,196
GGCCGCGGAACGCCGCATCG_033,5
GGCCGCGGAACGCCGCATCG_034,198
GGCCGCGGAACGCCGCATCG_035,176
GGCCGCGGAACGCCGCATCG_036,12
GGCCGCGGAACGCCGCATCG_037,0
GGCCGCGGAACGCCGCATCG_038,87
GGCCGCGGAACGCCGCATCG_039,161
GGCCGCGGAACGCCGCATCG_040,34
GGCCGCGGAACGCCGCATCG_041,68
GGCCGCGGAACGCCGCATCG_042,40
GGCCGCGGAACGCCGCATCG_043,70
GGCCGCGGAACGCCGCATCG_044,114
GGCCGCGGAACGCCGCATCG_045,70
CCCGAGATGGAAGACGCGAC_001,54
CCCGAGATGGAAGACGCGAC_002,85
CCCGAGATGGAAGACGCGAC_003,33
GCGCTGGTAGTTCGAACCCG_001,78
GCGCTGGTAGTTCGAACCCG_002,170
GCGCTGGTAGTTCGAACCCG_003,34
GCGCTGGTAGTTCGAACCCG_004,9
GCGCTGGTAGTTCGAACCCG_005,39
GCGCTGGTAGTTCGAACCCG_006,121
GCGCTGGTAGTTCGAACCCG_007,55
GCGCTGGTAGTTCGAACCCG_008,121
GCGCTGGTAGTTCGAACCCG_009,50
GCGCTGGTAGTTCGAACCCG_010,198
GCGCTGGTAGTTCGAACCCG_011,62
GCGCTGGTAGTTCGAACCCG_012,81
GCGCTGGTAGTTCGAACCCG_013,90
GCGCTGGTAGTTCGAACCCG_014,104
TCCGGATGGTGAGGTCACAT_001,43
TCCGGATGGTGAGGTCACAT_002,150
TCCGGATGGTGAGGTCACAT_003,112
TCCGGATGGTGAGGTCACAT_004,52
TCCGGATGGTGAGGTCACAT_005,177
TCCGGATGGTGAGGTCACAT_006,96
TCCGGATGGTGAGGTCACAT_007,43
TCCGGATGGTGAGGTCACAT_008,134
TCCGGATGGTGAGGTCACAT_009,67
TCCGGATGGTGAGGTCACAT_010,126
TCCGGATGGTGAGGTCACAT_011,197
TCCGGATGGTGAGGTCACAT_012,106
TCCGGATGGTGAGGTCACAT_013,47
CAGCAACTTATACCCCAGGG_001,98
CCGCTGGACACATACCTCTG_001,126
CCGCTGGACACATACCTCTG_002,154
CCGCTGGACACATACCTCTG_003,107
CCGCTGGACACATACCTCTG_004,103
CCGCTGGACACATACCTCTG_005,59
CCGCTGGACACATACCTCTG_006,101
CCGCTGGACACATACCTCTG_007,60
CCGCTGGACACATACCTCTG_008,70
CACTGTTAAATCACCACATG_001,146
CACTGTTAAATCACCACATG_002,8
CACTGTTAAATCACCACATG_003,195
CACTGTTAAATCACCACATG_004,93
CACTGTTAAATCACCACATG_005,58
CACTGTTAAATCACCACATG_006,12
CACTGTTAAATCACCACATG_007,81
CACTGTTAAATCACCACATG_008,81
CACTGTTAAATCACCACATG_009,83
CACTGTTAAATCACCACATG_010,12
CACTGTTAAATCACCACATG_011,114
CACTGTTAAATCACCACATG_012,39
CACTGTTAAATCACCACATG_013,106
CACTGTTAAATCACCACATG_014,94
CACTGTTAAATCACCACATG_015,174
GCAGCGCTTCAGACAGAACG_001,58
GCAGCGCTTCAGACAGAACG_002,80
GCAGCGCTTCAGACAGAACG_003,41
GCAGCGCTTCAGACAGAACG_004,158
GCAGCGCTTCAGACAGAACG_005,22
GCAGCGCTTCAGACAGAACG_006,88
GCAGCGCTTCAGACAGAACG_007,77
GCAGCGCTTCAGACAGAACG_008,68
GCAGCGCTTCAGACAGAACG_009,66
GCAGCGCTTCAGACAGAACG_010,53
GCAGCGCTTCAGACAGAACG_011,27
TCATCCGCCTAGTCAAGCAC_001,178
TCATCCGCCTAGTCAAGCAC_002,21
TCATCCGCCTAGTCAAGCAC_003,14
TCATCCGCCTAGTCAAGCAC_004,96
TCATCCGCCTAGTCAAGCAC_005,56
TCATCCGCCTAGTCAAGCAC_006,199
TCATCCGCCTAGTCAAGCAC_007,77
TCATCCGCCTAGTCAAGCAC_008,8
TCATCCGCCTAGTCAAGCAC_009,35
TCGCCTTGCCTTACCTCCTC_001,158
TCGCCTTGCCTTACCTCCTC_002,130
TCGCCTTGCCTTACCTCCTC_003,105
TCGCCTTGCCTTACCTCCTC_004,170
TCGCCTTGCCTTACCTCCTC_005,150
TCGCCTTGCCTTACCTCCTC_006,186
TCGCCTTGCCTTACCTCCTC_007,18
TCGCCTTGCCTTACCTCCTC_008,58
TCGCCTTGCCTTACCTCCTC_009,115
TCGCCTTGCCTTACCTCCTC_010,33
TCGCCTTGCCTTACCTCCTC_011,129
TCGCCTTGCCTTACCTCCTC_012,170
TCGCCTTGCCTTACCTCCTC_013,80
TCGCCTTGCCTTACCTCCTC_014,104
CAGGTGAGCGTACTGCACGG_001,34
CAGGTGAGCGTACTGCACGG_002,12
CAGGTGAGCGTACTGCACGG_003,102
CAGGTGAGCGTACTGCACGG_004,34
CAGGTGAGCGTACTGCACGG_005,160
CAGGTGAGCGTACTGCACGG_006,113
CAGGTGAGCGTACTGCACGG_007,33
CAGGTGAGCGTACTGCACGG_008,177
CAGGTGAGCGTACTGCACGG_009,168
CAGGTGAGCGTACTGCACGG_010,80
CAGGTGAGCGTACTGCACGG_011,101
CAGGTGAGCGTACTGCACGG_012,42
CAGGTGAGCGTACTGCACGG_013,198
CAGGTGAGCGTACTGCACGG_014,153
CAGGTGAGCGTACTGCACGG_015,147
CAGGTGAGCGTACTGCACGG_016,8
AACATCATCCTCTATTCAGA_001,142
AACATCATCCTCTATTCAGA_002,103
AACATCATCCTCTATTCAGA_003,91
AACATCATCCTCTATTCAGA_004,127
AACATCATCCTCTATTCAGA_005,98
AACATCATCCTCTATTCAGA_006,17
AACATCATCCTCTATTCAGA_007,53
AACATCATCCTCTATTCAGA_008,189
GGCTGGCTTTGATGGCGCCG_001,186
GGCTGGCTTTGATGGCGCCG_002,123
GGCTGGCTTTGATGGCGCCG_003,77
GGCTGGCTTTGATGGCGCCG_004,115
GGCTGGCTTTGATGGCGCCG_005,170
GGCTGGCTTTGATGGCGCCG_006,12
GGCTGGCTTTGATGGCGCCG_007,166
GGCTGGCTTTGATGGCGCCG_008,5
GGCTGGCTTTGATGGCGCCG_009,44
GGCTGGCTTTGATGGCGCCG_010,158
GGCTGGCTTTGATGGCGCCG_011,30
GGCTGGCTTTGATGGCGCCG_012,106
GGCTGGCTTTGATGGCGCCG_013,8
GGCTGGCTTTGATGGCGCCG_014,19
GGCTGGCTTTGATGGCGCCG_015,195
GGCTGGCTTTGATGGCGCCG_016,185
GGCTGGCTTTGATGGCGCCG_017,62
GGCTGGCTTTGATGGCGCCG_018,184
GGCTGGCTTTGATGGCGCCG_019,17
GGCTGGCTTTGATGGCGCCG_020,179
GAAACATCTCACACTTCATG_001,89
GAAACATCTCACACTTCATG_002,74
GAAACATCTCACACTTCATG_003,185
GAAACATCTCACACTTCATG_004,141
GAAACATCTCACACTTCATG_005,40
GACAATCATGGTGAAAGCGG_001,106
GACAATCATGGTGAAAGCGG_002,121
GACAATCATGGTGAAAGCGG_003,8
GACAATCATGGTGAAAGCGG_004,144
GACAATCATGGTGAAAGCGG_005,170
GACAATCATGGTGAAAGCGG_006,148
GACAATCATGGTGAAAGCGG_007,43
GACAATCATGGTGAAAGCGG_008,113
GACAATCATGGTGAAAGCGG_009,138
GACAATCATGGTGAAAGCGG_010,34
GACAATCATGGTGAAAGCGG_011,137
GACAATCATGGTGAAAGCGG_012,47
GACAATCATGGTGAAAGCGG_013,69
GACAATCATGGTGAAAGCGG_014,17
GACAATCATGGTGAAAGCGG_015,19
GACAATCATGGTGAAAGCGG_016,83
GACAATCATGGTGAAAGCGG_017,133
GACAATCATGGTGAAAGCGG_018,60
GACAATCATGGTGAAAGCGG_019,115
GACAATCATGGTGAAAGCGG_020,49
GACAATCATGGTGAAAGCGG_021,46
GACAATCATGGTGAAAGCGG_022,43
GACAATCATGGTGAAAGCGG_023,169
GACAATCATGGTGAAAGCGG_024,124
GACAATCATGGTGAAAGCGG_025,183
GACAATCATGGTGAAAGCGG_026,183
AGAAGTGAAACACGTGACCA_001,154
AGAAGTGAAACACGTGACCA_002,188
AGAAGTGAAACACGTGACCA_003,188
AGAAGTGAAACACGTGACCA_004,94
AGAAGTGAAACACGTGACCA_005,183
AGAAGTGAAACACGTGACCA_006,124
AGAAGTGAAACACGTGACCA_007,199
AGAAGTGAAACACGTGACCA_008,41
AGAAGTGAAACACGTGACCA_009,64
AGAAGTGAAACACGTGACCA_010,80
AGAAGTGAAACACGTGACCA_011,64
AGAAGTGAAACACGTGACCA_012,137
AGAAGTGAAACACGTGACCA_013,105
AGAAGTGAAACACGTGACCA_014,162
AGAAGTGAAACACGTGACCA_015,177
AGAAGTGAAACACGTGACCA_016,117
AGAAGTGAAACACGTGACCA_017,125
AGAAGTGAAACACGTGACCA_018,177
AGAAGTGAAACACGTGACCA_019,10
AGAAGTGAAACACGTGACCA_020,124
AGAAGTGAAACACGTGACCA_021,15
AGAAGTGAAACACGTGACCA_022,142
AGAAGTGAAACACGTGACCA_023,134
AGAAGTGAAACACGTGACCA_024,156
AGAAGTGAAACACGTGACCA_025,48
AGAAGTGAAACACGTGACCA_026,130
AGAAGTGAAACACGTGACCA_027,154
AGAAGTGAAACACGTGACCA_028,183
AGAAGTGAAACACGTGACCA_029,183
AGAAGTGAAACACGTGACCA_030,48
AGAAGTGAAACACGTGACCA_031,81
AGAAGTGAAACACGTGACCA_032,34
AGAAGTGAAACACGTGACCA_033,19
AGAAGTGAAACACGTGACCA_034,46
AGAAGTGAAACACGTGACCA_035,101
AGAAGTGAAACACGTGACCA_036,129
AGAAGTGAAACACGTGACCA_037,123
GTGCCCTTTACGTATCACAA_001,107
GTGCCCTTTACGTATCACAA_002,52
AGGATGATGAGCAACACCGA_001,83
AGGATGATGAGCAACACCGA_002,118
AGGATGATGAGCAACACCGA_003,137
AGGATGATGAGCAACACCGA_004,144
AGGATGATGAGCAACACCGA_005,38
AGGATGATGAGCAACACCGA_006,29
AGGATGATGAGCAACACCGA_007,12
AGGATGATGAGCAACACCGA_008,157
AGGATGATGAGCAACACCGA_009,163
AGGATGATGAGCAACACCGA_010,124
AGGATGATGAGCAACACCGA_011,152
AGGATGATGAGCAACACCGA_012,142
AGGATGATGAGCAACACCGA_013,41
AGGATGATGAGCAACACCGA_014,23
AGGATGATGAGCAACACCGA_015,1
AGGATGATGAGCAACACCGA_016,197
AGGATGATGAGCAACACCGA_017,9
AGGATGATGAGCAACACCGA_018,186
AGGATGATGAGCAACACCGA_019,24
AGGATGATGAGCAACACCGA_020,195
AGGATGATGAGCAACACCGA_021,121
AGGATGATGAGCAACACCGA_022,15
AGGATGATGAGCAACACCGA_023,191
AGGATGATGAGCAACACCGA_024,130
AGGATGATGAGCAACACCGA_025,87
AGGATGATGAGCAACACCGA_026,37
AGGATGATGAGCAACACCGA_027,30
GAATGGAAATCGGTCCAGTG_001,104
GAATGGAAATCGGTCCAGTG_002,166
GAATGGAAATCGGTCCAGTG_003,72
GAATGGAAATCGGTCCAGTG_004,103
GAATGGAAATCGGTCCAGTG_005,169
GAATGGAAATCGGTCCAGTG_006,129
GAATGGAAATCGGTCCAGTG_007,69
GAATGGAAATCGGTCCAGTG_008,179
GAATGGAAATCGGTCCAGTG_009,169
GAATGGAAATCGGTCCAGTG_010,175
GAATGGAAATCGGTCCAGTG_011,122
GAATGGAAATCGGTCCAGTG_012,19
GAATGGAAATCGGTCCAGTG_013,29
GAACATATACTGTGTCCATG_001,48
GAACATATACTGTGTCCATG_002,15
GAACATATACTGTGTCCATG_003,53
GAACATATACTGTGTCCATG_004,35
GAACATATACTGTGTCCATG_005,49
GAACATATACTGTGTCCATG_006,149
GAACATATACTGTGTCCATG_007,49
GAACATATACTGTGTCCATG_008,16
GTTGGAATGTTCCCAAGTAG_001,190
TAGGATGACGAGGAAATCTG_001,44
TAGGATGACGAGGAAATCTG_002,127
TAGGATGACGAGGAAATCTG_003,111
TAGGATGACGAGGAAATCTG_004,91
TAGGATGACGAGGAAATCTG_005,46
TTCAGTTGTTCGGCAACATG_001,159
TTCAGTTGTTCGGCAACATG_002,97
TTCAGTTGTTCGGCAACATG_003,54
TTCAGTTGTTCGGCAACATG_004,58
TTCAGTTGTTCGGCAACATG_005,118
TTCAGTTGTTCGGCAACATG_006,49
TTCAGTTGTTCGGCAACATG_007,174
TTCGCCGTAGGTCTTTGCAA_001,167
TTCGCCGTAGGTCTTTGCAA_002,197
TTCGCCGTAGGTCTTTGCAA_003,67
TTCGCCGTAGGTCTTTGCAA_004,29
TTCGCCGTAGGTCTTTGCAA_005,182
TTCGCCGTAGGTCTTTGCAA_006,35
TTCGCCGTAGGTCTTTGCAA_007,12
CACTCAGCCTATTCCTACTG_001,51
CACTCAGCCTATTCCTACTG_002,192
CACTCAGCCTATTCCTACTG_003,11
CACTCAGCCTATTCCTACTG_004,190
GAATTTCCATGCCGTCTACA_001,72
GAATTTCCATGCCGTCTACA_002,42
GAATTTCCATGCCGTCTACA_003,183
GAATTTCCATGCCGTCTACA_004,95
GAATTTCCATGCCGTCTACA_005,195
GAATTTCCATGCCGTCTACA_006,129
GAATTTCCATGCCGTCTACA_007,157
TGGGGGAACTGTCTATACCG_001,134
GCACATTGACAACCTTCGCT_001,194
GCACATTGACAACCTTCGCT_002,5
GCACATTGACAACCTTCGCT_003,133
GCACATTGACAACCTTCGCT_004,152
GCACATTGACAACCTTCGCT_005,18
GCACATTGACAACCTTCGCT_006,58
GCACATTGACAACCTTCGCT_007,160
GCACATTGACAACCTTCGCT_008,196
GCACATTGACAACCTTCGCT_009,34
GCACATTGACAACCTTCGCT_010,169
GCACATTGACAACCTTCGCT_011,83
GCACATTGACAACCTTCGCT_012,126
GCACATTGACAACCTTCGCT_013,116
GCACATTGACAACCTTCGCT_014,32
GCACATTGACAACCTTCGCT_015,56
GCACATTGACAACCTTCGCT_016,81
GCACATTGACAACCTTCGCT_017,70
AGCAGGAAACTGGATTGTCG_001,32
AGCAGGAAACTGGATTGTCG_002,121
AGCAGGAAACTGGATTGTCG_003,62
AGCAGGAAACTGGATTGTCG_004,155
AGCAGGAAACTGGATTGTCG_005,19
AGCAGGAAACTGGATTGTCG_006,27
AGCAGGAAACTGGATTGTCG_007,29
AGCAGGAAACTGGATTGTCG_008,149
AAATACTTGAAGGACGAAAG_001,64
AAATACTTGAAGGACGAAAG_002,112
AAATACTTGAAGGACGAAAG_003,170
AAATACTTGAAGGACGAAAG_004,194
AAATACTTGAAGGACGAAAG_005,157
AAATACTTGAAGGACGAAAG_006,115
AAATACTTGAAGGACGAAAG_007,127
CTGGCCATTCTCAATCACCG_001,1
CTGGCCATTCTCAATCACCG_002,84
GAACTGGAGAAGCGTGCCTC_001,96
GAACTGGAGAAGCGTGCCTC_002,119
GAACTGGAGAAGCGTGCCTC_003,181
GAACTGGAGAAGCGTGCCTC_004,19
GAACTGGAGAAGCGTGCCTC_005,76
GAACTGGAGAAGCGTGCCTC_006,41
GAACTGGAGAAGCGTGCCTC_007,60
GAACTGGAGAAGCGTGCCTC_008,62
GAACTGGAGAAGCGTGCCTC_009,69
GAACTGGAGAAGCGTGCCTC_010,27
GAACTGGAGAAGCGTGCCTC_011,144
GAACTGGAGAAGCGTGCCTC_012,53
GAACTGGAGAAGCGTGCCTC_013,76
GAACTGGAGAAGCGTGCCTC_014,50
GAACTGGAGAAGCGTGCCTC_015,131
GAACTGGAGAAGCGTGCCTC_016,11
GAACTGGAGAAGCGTGCCTC_017,129
GAACTGGAGAAGCGTGCCTC_018,95
GAACTGGAGAAGCGTGCCTC_019,20
GAACTGGAGAAGCGTGCCTC_020,172
GAACTGGAGAAGCGTGCCTC_021,170
GAACTGGAGAAGCGTGCCTC_022,169
GAACTGGAGAAGCGTGCCTC_023,48
GAACTGGAGAAGCGTGCCTC_024,55
GAACTGGAGAAGCGTGCCTC_025,6
GAACTGGAGAAGCGTGCCTC_026,135
ACCCAGCAGCCGAGAAACCG_001,164
ACCCAGCAGCCGAGAAACCG_002,50
ACCCAGCAGCCGAGAAACCG_003,108
ACCCAGCAGCCGAGAAACCG_004,58
ACCCAGCAGCCGAGAAACCG_005,2
ACCCAGCAGCCGAGAAACCG_006,82
ACCCAGCAGCCGAGAAACCG_007,129
ACCCAGCAGCCGAGAAACCG_008,106
ACCCAGCAGCCGAGAAACCG_009,118
ACCCAGCAGCCGAGAAACCG_010,48
GAGCACTATTCGGGTCTCCG_001,15
GAGCACTATTCGGGTCTCCG_002,88
GAGCACTATTCGGGTCTCCG_003,82
TAGGACCCGCTACATCAGCA_001,102
TAGGACCCGCTACATCAGCA_002,165
TAGGACCCGCTACATCAGCA_003,174
TAGGACCCGCTACATCAGCA_004,140
TAGGACCCGCTACATCAGCA_005,185
TAGGACCCGCTACATCAGCA_006,148
TAGGACCCGCTACATCAGCA_007,160
TAGGACCCGCTACATCAGCA_008,197
TAGGACCCGCTACATCAGCA_009,3
AGGACCACAGATCCACAGTA_001,149
AGGACCACAGATCCACAGTA_002,105
AGGACCACAGATCCACAGTA_003,67
AGGACCACAGATCCACAGTA_004,6
AGGACCACAGATCCACAGTA_005,178
AGGACCACAGATCCACAGTA_006,20
AGGACCACAGATCCACAGTA_007,86
AGGACCACAGATCCACAGTA_008,59
AGGACCACAGATCCACAGTA_009,117
AGGACCACAGATCCACAGTA_010,105
AGGACCACAGATCCACAGTA_011,184
AGGACCACAGATCCACAGTA_012,38
AGGACCACAGATCCACAGTA_013,14
AGGACCACAGATCCACAGTA_014,188
AGGACCACAGATCCACAGTA_015,165
AGGACCACAGATCCACAGTA_016,127
AGGACCACAGATCCACAGTA_017,132
AGGACCACAGATCCACAGTA_018,96
AGGACCACAGATCCACAGTA_019,138
AGGACCACAGATCCACAGTA_020,78
AGGACCACAGATCCACAGTA_021,170
CAGAAAAGTCACTACAGACC_001,70
CAGAAAAGTCACTACAGACC_002,108
CAGAAAAGTCACTACAGACC_003,140
CAGAAAAGTCACTACAGACC_004,1
CAGAAAAGTCACTACAGACC_005,184
CAGAAAAGTCACTACAGACC_006,17
CAGAAAAGTCACTACAGACC_007,138
AGGCAAGTCGATCGAGCTTG_001,146
AGGCAAGTCGATCGAGCTTG_002,94
AGGCAAGTCGATCGAGCTTG_003,56
AGGCAAGTCGATCGAGCTTG_004,20
CCCCCGCAAGTGGACCCAGG_001,166
CCCCCGCAAGTGGACCCAGG_002,191
CCCCCGCAAGTGGACCCAGG_003,135
CCCCCGCAAGTGGACCCAGG_004,175
CCCCCGCAAGTGGACCCAGG_005,29
CCCCCGCAAGTGGACCCAGG_006,122
CCCCCGCAAGTGGACCCAGG_007,105
CCCCCGCAAGTGGACCCAGG_008,118
CCCCCGCAAGTGGACCCAGG_009,198
CCCCCGCAAGTGGACCCAGG_010,88
CCCCCGCAAGTGGACCCAGG_011,50
CCCCCGCAAGTGGACCCAGG_012,94
CCCCCGCAAGTGGACCCAGG_013,41
CCCCCGCAAGTGGACCCAGG_014,137
CCCCCGCAAGTGGACCCAGG_015,112
CCCCCGCAAGTGGACCCAGG_016,17
CCCCCGCAAGTGGACCCAGG_017,162
CCCCCGCAAGTGGACCCAGG_018,56
CCCCCGCAAGTGGACCCAGG_019,20
CCCCCGCAAGTGGACCCAGG_020,7
CCCCCGCAAGTGGACCCAGG_021,1
CCCCCGCAAGTGGACCCAGG_022,152
CCCCCGCAAGTGGACCCAGG_023,121
CCCCCGCAAGTGGACCCAGG_024,194
CCCCCGCAAGTGGACCCAGG_025,197
CCCCCGCAAGTGGACCCAGG_026,197
CCCCCGCAAGTGGACCCAGG_027,144
CCCCCGCAAGTGGACCCAGG_028,90
CCCCCGCAAGTGGACCCAGG_029,47
CCCCCGCAAGTGGACCCAGG_030,178
CCCCCGCAAGTGGACCCAGG_031,94
CCCCCGCAAGTGGACCCAGG_032,162
CCCCCGCAAGTGGACCCAGG_033,98
CCCCCGCAAGTGGACCCAGG_034,42
CCCCCGCAAGTGGACCCAGG_035,164
CCCCCGCAAGTGGACCCAGG_036,109
CCCCCGCAAGTGGACCCAGG_037,167
CCCCCGCAAGTGGACCCAGG_038,167
CCCCCGCAAGTGGACCCAGG_039,81
CCCCCGCAAGTGGACCCAGG_040,94
CCCCCGCAAGTGGACCCAGG_041,19
TGTATCGGAGGTAATCATGC_001,8
TGTATCGGAGGTAATCATGC_002,169
ATGATGAACCACTCCCAGGT_001,156
ATGATGAACCACTCCCAGGT_002,82
ATGATGAACCACTCCCAGGT_003,188
ATGATGAACCACTCCCAGGT_004,57
ATGATGAACCACTCCCAGGT_005,11
ATGATGAACCACTCCCAGGT_006,188
ATGATGAACCACTCCCAGGT_007,177
CATCGAATCGGATGACACGT_001,116
CATCGAATCGGATGACACGT_002,130
CATCGAATCGGATGACACGT_003,35
CATCGAATCGGATGACACGT_004,139
CATCGAATCGGATGACACGT_005,96
CATCGAATCGGATGACACGT_006,75
CATCGAATCGGATGACACGT_007,156
CATCGAATCGGATGACACGT_008,113
CATCGAATCGGATGACACGT_009,49
CATCGAATCGGATGACACGT_010,83
CATCGAATCGGATGACACGT_011,94
CATCGAATCGGATGACACGT_012,75
TCATCAAATACGGCAACCAG_001,105
TCATCAAATACGGCAACCAG_002,48
TCATCAAATACGGCAACCAG_003,102
TCATCAAATACGGCAACCAG_004,134
TCATCAAATACGGCAACCAG_005,191
TCATCAAATACGGCAACCAG_006,119
TCATCAAATACGGCAACCAG_007,52
TCATCAAATACGGCAACCAG_008,85
TCATCAAATACGGCAACCAG_009,78
TCATCAAATACGGCAACCAG_010,39
TCATCAAATACGGCAACCAG_011,43
CCAGTGGACGAGACCAAACG_001,98
CCAGTGGACGAGACCAAACG_002,135
CCAGTGGACGAGACCAAACG_003,155
CCAGTGGACGAGACCAAACG_004,155
CCAGTGGACGAGACCAAACG_005,145
CCAGTGGACGAGACCAAACG_006,106
CCAGTGGACGAGACCAAACG_007,77
CCAGTGGACGAGACCAAACG_008,62
CCAGTGGACGAGACCAAACG_009,191
CCAGTGGACGAGACCAAACG_010,11
CCAGTGGACGAGACCAAACG_011,176
CCAGTGGACGAGACCAAACG_012,141
CCAGTGGACGAGACCAAACG_013,196
CCAGTGGACGAGACCAAACG_014,160
CCAGTGGACGAGACCAAACG_015,67
GCCAGTGTGGTCATCATTCG_001,160
GCCAGTGTGGTCATCATTCG_002,117
GCCAGTGTGGTCATCATTCG_003,148
AAAGCGTGATCTTGCTGGGT_001,51
AAAGCGTGATCTTGCTGGGT_002,159
AAAGCGTGATCTTGCTGGGT_003,194
AAAGCGTGATCTTGCTGGGT_004,43
AAAGCGTGATCTTGCTGGGT_005,41
AAAGCGTGATCTTGCTGGGT_006,47
AAAGCGTGATCTTGCTGGGT_007,186
AAAGCGTGATCTTGCTGGGT_008,168
AAAGCGTGATCTTGCTGGGT_009,120
AAAGCGTGATCTTGCTGGGT_010,62
AAAGCGTGATCTTGCTGGGT_011,191
AAAGCGTGATCTTGCTGGGT_012,60
GCAGCAAAACGCCTGGATCA_001,102
GCAGCAAAACGCCTGGATCA_002,102
GCAGCAAAACGCCTGGATCA_003,175
GCAGCAAAACGCCTGGATCA_004,115
GCAGCAAAACGCCTGGATCA_005,130
GCAGCAAAACGCCTGGATCA_006,2
GCAGCAAAACGCCTGGATCA_007,103
GCAGCAAAACGCCTGGATCA_008,173
GCAGCAAAACGCCTGGATCA_009,132
GCAGCAAAACGCCTGGATCA_010,174
GCAGCAAAACGCCTGGATCA_011,178
TTGCACTTGTGTGGTCACTG_001,77
TTGCACTTGTGTGGTCACTG_002,53
TTGCACTTGTGTGGTCACTG_003,1
TTGCACTTGTGTGGTCACTG_004,54
TTGCACTTGTGTGGTCACTG_005,196
TTGCACTTGTGTGGTCACTG_006,127
TTGCACTTGTGTGGTCACTG_007,26
TTGCACTTGTGTGGTCACTG_008,179
TTGCACTTGTGTGGTCACTG_009,199
TTGCACTTGTGTGGTCACTG_010,82
TTGCACTTGTGTGGTCACTG_011,99
GAGGCAACAGTTACCAGACA_001,12
GAGGCAACAGTTACCAGACA_002,169
GAGGCAACAGTTACCAGACA_003,195
GAGGCAACAGTTACCAGACA_004,50
GAGGCAACAGTTACCAGACA_005,175
GAGGCAACAGTTACCAGACA_006,170
GAGGCAACAGTTACCAGACA_007,188
CATGAGCAGGATATACAGGA_001,8
CATGAGCAGGATATACAGGA_002,105
CATGAGCAGGATATACAGGA_003,0
CATGAGCAGGATATACAGGA_004,22
CATGAGCAGGATATACAGGA_005,91
CATGAGCAGGATATACAGGA_006,91
CATGAGCAGGATATACAGGA_007,170
CATGAGCAGGATATACAGGA_008,156
CATGAGCAGGATATACAGGA_009,197
CATGAGCAGGATATACAGGA_010,28
CATGAGCAGGATATACAGGA_011,7
ATTTGTAACATCTCTTCACG_001,188
GTGGATTGGAATAAAGACAT_001,136
GTGTGCGGGTCCATCTACCA_001,115
GTGTGCGGGTCCATCTACCA_002,117
GTGTGCGGGTCCATCTACCA_003,88
GTGTGCGGGTCCATCTACCA_004,199
GTGTGCGGGTCCATCTACCA_005,1
ACGGGTGAAGAAAGACGATG_001,188
ACGGGTGAAGAAAGACGATG_002,78
ACGGGTGAAGAAAGACGATG_003,77
ACGGGTGAAGAAAGACGATG_004,171
ACGGGTGAAGAAAGACGATG_005,61
ACGGGTGAAGAAAGACGATG_006,50
ACGGGTGAAGAAAGACGATG_007,9
ACGGGTGAAGAAAGACGATG_008,48
ACGGGTGAAGAAAGACGATG_009,112
ACGGGTGAAGAAAGACGATG_010,42
ACGGGTGAAGAAAGACGATG_011,26
ACGGGTGAAGAAAGACGATG_012,97
ACGGGTGAAGAAAGACGATG_013,158
CCTGAATTAGGCACAGTAGT_001,138
CCTGAATTAGGCACAGTAGT_002,118
CCTGAATTAGGCACAGTAGT_003,70
CTCTGGCAGTATCTGTAGAA_001,119
ACAGGTAGGACAGCATCGAG_001,125
ACAGGTAGGACAGCATCGAG_002,83
ACAGGTAGGACAGCATCGAG_003,121
ACAGGTAGGACAGCATCGAG_004,1
ACAGGTAGGACAGCATCGAG_005,170
ACAGGTAGGACAGCATCGAG_006,177
ACAGGTAGGACAGCATCGAG_007,1
ACAGGTAGGACAGCATCGAG_008,63
ACAGGTAGGACAGCATCGAG_009,100
ACAGGTAGGACAGCATCGAG_010,105
ACAGGTAGGACAGCATCGAG_011,105
ACAGGTAGGACAGCATCGAG_012,41
ACAGGTAGGACAGCATCGAG_013,13
ACAGGTAGGACAGCATCGAG_014,137
ACAGGTAGGACAGCATCGAG_015,91
ACAGGTAGGACAGCATCGAG_016,64
ACCGCTCTTCCCCGACATCG_001,49
ACCGCTCTTCCCCGACATCG_002,60
ACCGCTCTTCCCCGACATCG_003,170
ACCGCTCTTCCCCGACATCG_004,127
ACCGCTCTTCCCCGACATCG_005,76
ACCGCTCTTCCCCGACATCG_006,168
ACCGCTCTTCCCCGACATCG_007,111
ACCGCTCTTCCCCGACATCG_008,8
ACCGCTCTTCCCCGACATCG_009,41
ACCGCTCTTCCCCGACATCG_010,35
ACCGCTCTTCCCCGACATCG_011,149
ACCGCTCTTCCCCGACATCG_012,10
ACCGCTCTTCCCCGACATCG_013,147
ACCGCTCTTCCCCGACATCG_014,178
ACCGCTCTTCCCCGACATCG_015,100
ACCGCTCTTCCCCGACATCG_016,178
ACCGCTCTTCCCCGACATCG_017,177
ACCGCTCTTCCCCGACATCG_018,156
ACCGCTCTTCCCCGACATCG_019,57
ACCGCTCTTCCCCGACATCG_020,178
ACCGCTCTTCCCCGACATCG_021,98
ACCGCTCTTCCCCGACATCG_022,27
ACCGCTCTTCCCCGACATCG_023,35
ACCGCTCTTCCCCGACATCG_024,46
TGAGCCACAAGCTGCTAAAG_001,17
TGAGCCACAAGCTGCTAAAG_002,115
TGAGCCACAAGCTGCTAAAG_003,102
TGAGCCACAAGCTGCTAAAG_004,24
TGAGCCACAAGCTGCTAAAG_005,155
ATACTTGTAACTACAAAACG_001,48
ATACTTGTAACTACAAAACG_002,7
ATACTTGTAACTACAAAACG_003,55
ATACTTGTAACTACAAAACG_004,44
ATACTTGTAACTACAAAACG_005,137
ATACTTGTAACTACAAAACG_006,139
ATACTTGTAACTACAAAACG_007,180
ATACTTGTAACTACAAAACG_008,180
ATACTTGTAACTACAAAACG_009,130
ATACTTGTAACTACAAAACG_010,35
ATACTTGTAACTACAAAACG_011,37
TACAGGATGCTAATGAATGT_001,150
TACAGGATGCTAATGAATGT_002,150
TACAGGATGCTAATGAATGT_003,33
TACAGGATGCTAATGAATGT_004,94
AAGTGCTCAGCACTCCGATG_001,77
AAGTGCTCAGCACTCCGATG_002,82
AAGTGCTCAGCACTCCGATG_003,113
AAGTGCTCAGCACTCCGATG_004,133
AGGTGCGACTCATCTACCAA_001,137
AGGTGCGACTCATCTACCAA_002,198
AGGTGCGACTCATCTACCAA_003,105
AGGTGCGACTCATCTACCAA_004,191
AGGTGCGACTCATCTACCAA_005,44
AGGTGCGACTCATCTACCAA_006,158
AGGTGCGACTCATCTACCAA_007,68
AGGTGCGACTCATCTACCAA_008,80
AGGTGCGACTCATCTACCAA_009,23
AGGTGCGACTCATCTACCAA_010,127
AGGTGCGACTCATCTACCAA_011,15
AGGTGCGACTCATCTACCAA_012,188
AGGTGCGACTCATCTACCAA_013,79
AGGTGCGACTCATCTACCAA_014,161
AGGTGCGACTCATCTACCAA_015,161
AGGTGCGACTCATCTACCAA_016,90
AGGTGCGACTCATCTACCAA_017,188
CAAAGACATCGACAAGAAGT_001,69
CAAAGACATCGACAAGAAGT_002,20
CAAAGACATCGACAAGAAGT_003,185
CAAAGACATCGACAAGAAGT_004,130
CAAAGACATCGACAAGAAGT_005,60
AGAAGTCGATGAGCCTAGTG_001,170
AGAAGTCGATGAGCCTAGTG_002,120
AGAAGTCGATGAGCCTAGTG_003,1
AGAAGTCGATGAGCCTAGTG_004,177
AGAAGTCGATGAGCCTAGTG_005,138
AGAAGTCGATGAGCCTAGTG_006,68
AGAAGTCGATGAGCCTAGTG_007,88
AGAAGTCGATGAGCCTAGTG_008,2
AGAAGTCGATGAGCCTAGTG_009,182
AGAAGTCGATGAGCCTAGTG_010,94
AGAAGTCGATGAGCCTAGTG_011,27
AGAAGTCGATGAGCCTAGTG_012,184
AGAAGTCGATGAGCCTAGTG_013,159
AGAAGTCGATGAGCCTAGTG_014,118
AGAAGTCGATGAGCCTAGTG_015,175
AGAAGTCGATGAGCCTAGTG_016,11
AGAAGTCGATGAGCCTAGTG_017,136
AGAAGTCGATGAGCCTAGTG_018,84
AGAAGTCGATGAGCCTAGTG_019,196
AGAAGTCGATGAGCCTAGTG_020,78
CTGTAGCACTTTCAGAAGCG_001,58
CTGTAGCACTTTCAGAAGCG_002,104
CTGTAGCACTTTCAGAAGCG_003,26
CTGTAGCACTTTCAGAAGCG_004,11
CTGTAGCACTTTCAGAAGCG_005,199
CTGTAGCACTTTCAGAAGCG_006,48
CTGTAGCACTTTCAGAAGCG_007,165
GAATCCCCCCACAACAGCAG_001,85
GAATCCCCCCACAACAGCAG_002,55
GAATCCCCCCACAACAGCAG_003,127
GAATCCCCCCACAACAGCAG_004,41
GAATCCCCCCACAACAGCAG_005,37
GAATCCCCCCACAACAGCAG_006,82
GAATCCCCCCACAACAGCAG_007,132
GAATCCCCCCACAACAGCAG_008,4
GAATCCCCCCACAACAGCAG_009,122
GAATCCCCCCACAACAGCAG_010,55
GAATCCCCCCACAACAGCAG_011,107
GAATCCCCCCACAACAGCAG_012,4
GAATCCCCCCACAACAGCAG_013,185
GAATCCCCCCACAACAGCAG_014,62
GAATCCCCCCACAACAGCAG_015,172
GAATCCCCCCACAACAGCAG_016,170
GAATCCCCCCACAACAGCAG_017,93
GAATCCCCCCACAACAGCAG_018,130
GAATCCCCCCACAACAGCAG_019,176
GAATCCCCCCACAACAGCAG_020,185
GAATCCCCCCACAACAGCAG_021,196
CCACAACTCATCCATCACGG_001,132
CCACAACTCATCCATCACGG_002,24
CCACAACTCATCCATCACGG_003,168
CCACAACTCATCCATCACGG_004,65
CCACAACTCATCCATCACGG_005,165
GAGGCCGTGAGCACCAACTG_001,76
GAGGCCGTGAGCACCAACTG_002,125
GAGGCCGTGAGCACCAACTG_003,24
GAGGCCGTGAGCACCAACTG_004,194
GAGGCCGTGAGCACCAACTG_005,140
GAGGCCGTGAGCACCAACTG_006,106
GAGGCCGTGAGCACCAACTG_007,188
GAGGCCGTGAGCACCAACTG_008,97
GAGGCCGTGAGCACCAACTG_009,72
GAGGCCGTGAGCACCAACTG_010,94
GAGGCCGTGAGCACCAACTG_011,191
GAGGCCGTGAGCACCAACTG_012,28
GAGGCCGTGAGCACCAACTG_013,172
GAGGCCGTGAGCACCAACTG_014,48
GAGGCCGTGAGCACCAACTG_015,72
GAGGCCGTGAGCACCAACTG_016,166
GAGGCCGTGAGCACCAACTG_017,137
GAGGCCGTGAGCACCAACTG_018,30
GAGGCCGTGAGCACCAACTG_019,95
GAGGCCGTGAGCACCAACTG_020,82
GAGGCCGTGAGCACCAACTG_021,71
CAGCACTCACTAGATCCCGG_001,149
CAGCACTCACTAGATCCCGG_002,146
CAGCACTCACTAGATCCCGG_003,197
CAGCACTCACTAGATCCCGG_004,177
CAGCACTCACTAGATCCCGG_005,106
CAGCACTCACTAGATCCCGG_006,117
CAGCACTCACTAGATCCCGG_007,75
CAGCACTCACTAGATCCCGG_008,4
GCTCTCAGCGTTCTTCCAGT_001,35
GCTCTCAGCGTTCTTCCAGT_002,24
GCTCTCAGCGTTCTTCCAGT_003,75
GCTCTCAGCGTTCTTCCAGT_004,75
GCTCTCAGCGTTCTTCCAGT_005,152
GCTCTCAGCGTTCTTCCAGT_006,68
TCTGCCAGCATCACGTACAA_001,29
ATCAAAGAGTGCCACCACAG_001,34
ATCAAAGAGTGCCACCACAG_002,147
ATCAAAGAGTGCCACCACAG_003,96
ATCAAAGAGTGCCACCACAG_004,62
ATCAAAGAGTGCCACCACAG_005,184
ATCAAAGAGTGCCACCACAG_006,184
ATCAAAGAGTGCCACCACAG_007,184
ATCAAAGAGTGCCACCACAG_008,162
ATCAAAGAGTGCCACCACAG_009,186
ATCAAAGAGTGCCACCACAG_010,98
ATCAAAGAGTGCCACCACAG_011,163
ATCAAAGAGTGCCACCACAG_012,55
ATCAAAGAGTGCCACCACAG_013,188
ATCAAAGAGTGCCACCACAG_014,12
ATCAAAGAGTGCCACCACAG_015,12
ATCAAAGAGTGCCACCACAG_016,97
ATCAAAGAGTGCCACCACAG_017,150
ATCAAAGAGTGCCACCACAG_018,75
ATCAAAGAGTGCCACCACAG_019,188
ATCAAAGAGTGCCACCACAG_020,166
ATCAAAGAGTGCCACCACAG_021,18
ATCAAAGAGTGCCACCACAG_022,149
AGAGGTGGAACGTGTTGTGG_001,171
AGAGGTGGAACGTGTTGTGG_002,1
AGAGGTGGAACGTGTTGTGG_003,15
TTGTTCAAGTTTGCAGAACT_001,112
TTGTTCAAGTTTGCAGAACT_002,67
TTGTTCAAGTTTGCAGAACT_003,16
TTGTTCAAGTTTGCAGAACT_004,117
TTGTTCAAGTTTGCAGAACT_005,118
TTGTTCAAGTTTGCAGAACT_006,94
TTGTTCAAGTTTGCAGAACT_007,163
TTGTTCAAGTTTGCAGAACT_008,145
TTGTTCAAGTTTGCAGAACT_009,152
TTGTTCAAGTTTGCAGAACT_010,112
TTGTTCAAGTTTGCAGAACT_011,193
TTGTTCAAGTTTGCAGAACT_012,54
TTGTTCAAGTTTGCAGAACT_013,178
AAACCCAAATACTAAACATG_001,19
AAACCCAAATACTAAACATG_002,4
AAACCCAAATACTAAACATG_003,184
TTTCTGAGAAGATAACGATC_001,130
TTTCTGAGAAGATAACGATC_002,10
CGTCCGCACACACGATGCAG_001,92
CGTCCGCACACACGATGCAG_002,31
CGTCCGCACACACGATGCAG_003,83
CGTCCGCACACACGATGCAG_004,134
CGTCCGCACACACGATGCAG_005,50
CGTCCGCACACACGATGCAG_006,124
CGTCCGCACACACGATGCAG_007,35
CGTCCGCACACACGATGCAG_008,118
CGTCCGCACACACGATGCAG_009,8
CGTCCGCACACACGATGCAG_010,102
CGTCCGCACACACGATGCAG_011,38
CGTCCGCACACACGATGCAG_012,161
CGTCCGCACACACGATGCAG_013,180
CGTCCGCACACACGATGCAG_014,49
GACAGTGTGGCACTGAAGGG_001,53
GACAGTGTGGCACTGAAGGG_002,195
GACAGTGTGGCACTGAAGGG_003,85
GACAGTGTGGCACTGAAGGG_004,142
GACAGTGTGGCACTGAAGGG_005,121
GACAGTGTGGCACTGAAGGG_006,165
GACAGTGTGGCACTGAAGGG_007,42
GACAGTGTGGCACTGAAGGG_008,172
GACAGTGTGGCACTGAAGGG_009,153
GACAGTGTGGCACTGAAGGG_010,2
GACAGTGTGGCACTGAAGGG_011,44
GGGCAGGTGGTATAGTCGAG_001,175
TTTGCGGAAACCATACTCGG_001,29
TTTGCGGAAACCATACTCGG_002,147
TTTGCGGAAACCATACTCGG_003,84
TTTGCGGAAACCATACTCGG_004,192
TTTGCGGAAACCATACTCGG_005,177
TTTGCGGAAACCATACTCGG_006,52
TTTGCGGAAACCATACTCGG_007,170
TTTGCGGAAACCATACTCGG_008,151
TTTGCGGAAACCATACTCGG_009,199
TTTGCGGAAACCATACTCGG_010,90
TTTGCGGAAACCATACTCGG_011,168
TTTGCGGAAACCATACTCGG_012,184
CTCATGAAAGACACGGCACG_001,94
CTCATGAAAGACACGGCACG_002,49
CTCATGAAAGACACGGCACG_003,97
CTCATGAAAGACACGGCACG_004,108
CTCATGAAAGACACGGCACG_005,5
CTCATGAAAGACACGGCACG_006,158
CTCATGAAAGACACGGCACG_007,129
CTCATGAAAGACACGGCACG_008,154
CTCATGAAAGACACGGCACG_009,117
CTCATGAAAGACACGGCACG_010,158
CTCATGAAAGACACGGCACG_011,110
CTCATGAAAGACACGGCACG_012,125
CTCATGAAAGACACGGCACG_013,168
CTCATGAAAGACACGGCACG_014,124
CTCATGAAAGACACGGCACG_015,94
CTCATGAAAGACACGGCACG_016,92
CTCATGAAAGACACGGCACG_017,43
CTCATGAAAGACACGGCACG_018,56
CTCATGAAAGACACGGCACG_019,111
CTCATGAAAGACACGGCACG_020,148
CTCATGAAAGACACGGCACG_021,30
CTCATGAAAGACACGGCACG_022,66
CTCATGAAAGACACGGCACG_023,188
CTCATGAAAGACACGGCACG_024,77
CTCATGAAAGACACGGCACG_025,28
GGTGGACTCGATCGCCGGTG_001,111
GGTGGACTCGATCGCCGGTG_002,67
GGTGGACTCGATCGCCGGTG_003,113
GGTGGACTCGATCGCCGGTG_004,167
GGTGGACTCGATCGCCGGTG_005,167
TAAGTCGCCATGGTGAATGT_001,181
TAAGTCGCCATGGTGAATGT_002,130
TAAGTCGCCATGGTGAATGT_003,114
TAAGTCGCCATGGTGAATGT_004,174
TAAGTCGCCATGGTGAATGT_005,113
TAAGTCGCCATGGTGAATGT_006,88
TAAGTCGCCATGGTGAATGT_007,105
TAAGTCGCCATGGTGAATGT_008,64
TAAGTCGCCATGGTGAATGT_009,10
GAAGATAAAGAGGGTGATAG_001,12
GAAGATAAAGAGGGTGATAG_002,172
TATTTGGCTACCCTTACGGG_001,149
TATTTGGCTACCCTTACGGG_002,103
TATTTGGCTACCCTTACGGG_003,76
TGACAGCCTTGATTCTACCT_001,173
TGACAGCCTTGATTCTACCT_002,42
TGACAGCCTTGATTCTACCT_003,103
TGACAGCCTTGATTCTACCT_004,183
AACTTTACACACTTCTGCCA_001,15
AACTTTACACACTTCTGCCA_002,121
AACTTTACACACTTCTGCCA_003,195
AACTTTACACACTTCTGCCA_004,17
AACTTTACACACTTCTGCCA_005,43
AACTTTACACACTTCTGCCA_006,57
AACTTTACACACTTCTGCCA_007,10
AACTTTACACACTTCTGCCA_008,131
AACTTTACACACTTCTGCCA_009,131
ACCACTTCACAAAAGCCCAG_001,51
ACCACTTCACAAAAGCCCAG_002,19
ACCACTTCACAAAAGCCCAG_003,188
ACCACTTCACAAAAGCCCAG_004,162
ACCACTTCACAAAAGCCCAG_005,19
ACCACTTCACAAAAGCCCAG_006,42
ACCACTTCACAAAAGCCCAG_007,124
ACCACTTCACAAAAGCCCAG_008,60
ACCACTTCACAAAAGCCCAG_009,118
ACCACTTCACAAAAGCCCAG_010,65
ACCACTTCACAAAAGCCCAG_011,58
ACCACTTCACAAAAGCCCAG_012,147
ACCACTTCACAAAAGCCCAG_013,105
ACCACTTCACAAAAGCCCAG_014,156
ACCACTTCACAAAAGCCCAG_015,96
ACCACTTCACAAAAGCCCAG_016,153
ACCACTTCACAAAAGCCCAG_017,118
ACCACTTCACAAAAGCCCAG_018,97
ACCACTTCACAAAAGCCCAG_019,154
ACCACTTCACAAAAGCCCAG_020,69
ACCACTTCACAAAAGCCCAG_021,136
ACCACTTCACAAAAGCCCAG_022,127
ACCACTTCACAAAAGCCCAG_023,60
ACCACTTCACAAAAGCCCAG_024,169
ACCACTTCACAAAAGCCCAG_025,58
ACCACTTCACAAAAGCCCAG_026,40
ACCACTTCACAAAAGCCCAG_027,197
ACCACTTCACAAAAGCCCAG_028,182
ACCACTTCACAAAAGCCCAG_029,50
ACCACTTCACAAAAGCCCAG_030,50
ACCACTTCACAAAAGCCCAG_031,53
ACCACTTCACAAAAGCCCAG_032,11
ACCACTTCACAAAAGCCCAG_033,68
ACCACTTCACAAAAGCCCAG_034,177
ACCACTTCACAAAAGCCCAG_035,100
ACCACTTCACAAAAGCCCAG_036,196
ACCACTTCACAAAAGCCCAG_037,116
ACCACTTCACAAAAGCCCAG_038,184
ACCACTTCACAAAAGCCCAG_039,33
ACCACTTCACAAAAGCCCAG_040,123
GCCACTGGATGATGCGACGT_001,103
GCCACTGGATGATGCGACGT_002,105
GCCACTGGATGATGCGACGT_003,159
GCCACTGGATGATGCGACGT_004,113
GCCACTGGATGATGCGACGT_005,120
GCCACTGGATGATGCGACGT_006,92
GGAGGATCTGCCCCTCCCTG_001,24
GGAGGATCTGCCCCTCCCTG_002,155
GGAGGATCTGCCCCTCCCTG_003,162
GGAGGATCTGCCCCTCCCTG_004,40
GGAGGATCTGCCCCTCCCTG_005,169
ATCCGCAGGAGTACCCGAGA_001,181
ATCCGCAGGAGTACCCGAGA_002,171
ATCCGCAGGAGTACCCGAGA_003,8
ATCCGCAGGAGTACCCGAGA_004,183
ATCCGCAGGAGTACCCGAGA_005,8
ATCCGCAGGAGTACCCGAGA_006,156
ATCCGCAGGAGTACCCGAGA_007,127
ATCCGCAGGAGTACCCGAGA_008,149
ATCCGCAGGAGTACCCGAGA_009,61
ATCCGCAGGAGTACCCGAGA_010,83
ATCCGCAGGAGTACCCGAGA_011,57
ATCCGCAGGAGTACCCGAGA_012,137
GTTCCCACATCAATACACAC_001,137
GTTCCCACATCAATACACAC_002,62
GTTCCCACATCAATACACAC_003,118
GTTCCCACATCAATACACAC_004,124
GTTCCCACATCAATACACAC_005,8
CTGCAGATGAAAGGAACCTG_001,165
CTGCAGATGAAAGGAACCTG_002,198
CTGCAGATGAAAGGAACCTG_003,11
CTGCAGATGAAAGGAACCTG_004,15
CTGCAGATGAAAGGAACCTG_005,169
CTGCAGATGAAAGGAACCTG_006,26
CTGCAGATGAAAGGAACCTG_007,144
CTGCAGATGAAAGGAACCTG_008,96
CTGCAGATGAAAGGAACCTG_009,30
CTGCAGATGAAAGGAACCTG_010,145
CTGCAGATGAAAGGAACCTG_011,19
CTGCAGATGAAAGGAACCTG_012,189
CTGCAGATGAAAGGAACCTG_013,49
CTGCAGATGAAAGGAACCTG_014,20
TTTATGTAGGATAAGAAACA_001,24
TTTATGTAGGATAAGAAACA_002,5
TTTATGTAGGATAAGAAACA_003,175
GCAAAAGAATCATCAACCTG_001,0
GCAAAAGAATCATCAACCTG_002,170
GCAAAAGAATCATCAACCTG_003,196
GCAAAAGAATCATCAACCTG_004,62
GCAAAAGAATCATCAACCTG_005,19
CACCCGAACCGAAGATGCAG_001,27
CACCCGAACCGAAGATGCAG_002,198
CACCCGAACCGAAGATGCAG_003,17
CACCCGAACCGAAGATGCAG_004,115
CACCCGAACCGAAGATGCAG_005,72
CACCCGAACCGAAGATGCAG_006,78
CACCCGAACCGAAGATGCAG_007,199
CACCCGAACCGAAGATGCAG_008,65
CACCCGAACCGAAGATGCAG_009,90
CACCCGAACCGAAGATGCAG_010,169
CACCCGAACCGAAGATGCAG_011,17
CACCCGAACCGAAGATGCAG_012,12
CACCCGAACCGAAGATGCAG_013,74
CACCCGAACCGAAGATGCAG_014,184
CACCCGAACCGAAGATGCAG_015,19
CACCCGAACCGAAGATGCAG_016,19
CACCCGAACCGAAGATGCAG_017,68
CACCCGAACCGAAGATGCAG_018,106
CACCCGAACCGAAGATGCAG_019,105
CACCCGAACCGAAGATGCAG_020,160
AGTAATGGGGCTGTGCATAG_001,7
AGTAATGGGGCTGTGCATAG_002,134
AGTAATGGGGCTGTGCATAG_003,67
AGTAATGGGGCTGTGCATAG_004,23
AGTAATGGGGCTGTGCATAG_005,76
AGTAATGGGGCTGTGCATAG_006,166
AGTAATGGGGCTGTGCATAG_007,50
AGTAATGGGGCTGTGCATAG_008,67
AGTAATGGGGCTGTGCATAG_009,185
AGTAATGGGGCTGTGCATAG_010,107
AGTAATGGGGCTGTGCATAG_011,50
CTCACCAATAACCAGGCATG_001,88
CTGAGCCCCTACGGCGACGG_001,145
CTGAGCCCCTACGGCGACGG_002,12
CTGAGCCCCTACGGCGACGG_003,13
CTGAGCCCCTACGGCGACGG_004,16
CTGAGCCCCTACGGCGACGG_005,105
CTGAGCCCCTACGGCGACGG_006,184
CTGAGCCCCTACGGCGACGG_007,191
CTGAGCCCCTACGGCGACGG_008,19
CTGAGCCCCTACGGCGACGG_009,85
CTGAGCCCCTACGGCGACGG_010,38
CTGAGCCCCTACGGCGACGG_011,179
GACCAAGGACAAGTACCGCG_001,29
GACCAAGGACAAGTACCGCG_002,198
GACCAAGGACAAGTACCGCG_003,9
GACCAAGGACAAGTACCGCG_004,192
GACCAAGGACAAGTACCGCG_005,19
GACCAAGGACAAGTACCGCG_006,99
GACCAAGGACAAGTACCGCG_007,33
GACCAAGGACAAGTACCGCG_008,10
CAGAGCACGGACGCTATCAG_001,50
CAGAGCACGGACGCTATCAG_002,113
CAGAGCACGGACGCTATCAG_003,105
CAGAGCACGGACGCTATCAG_004,28
CAGAGCACGGACGCTATCAG_005,104
CAGAGCACGGACGCTATCAG_006,174
CAGAGCACGGACGCTATCAG_007,43
CAGAGCACGGACGCTATCAG_008,137
CAGAGCACGGACGCTATCAG_009,190
CAGAGCACGGACGCTATCAG_010,120
CAGAGCACGGACGCTATCAG_011,94
CAGAGCACGGACGCTATCAG_012,36
CAGAGCACGGACGCTATCAG_013,35
CAGAGCACGGACGCTATCAG_014,9
GCTGAGCTGGACCTTCAGTG_001,162
GCTGAGCTGGACCTTCAGTG_002,68
GCTGAGCTGGACCTTCAGTG_003,184
GCTGAGCTGGACCTTCAGTG_004,11
GCTGAGCTGGACCTTCAGTG_005,51
GCTGAGCTGGACCTTCAGTG_006,70
GCTGAGCTGGACCTTCAGTG_007,133
TGTTTAGGTCAAGTCTCCAG_001,57
TGTTTAGGTCAAGTCTCCAG_002,56
TGTTTAGGTCAAGTCTCCAG_003,168
TGTTTAGGTCAAGTCTCCAG_004,51
TGTTTAGGTCAAGTCTCCAG_005,25
ATGCACAGAGAAGCAACTGG_001,92
ATGCACAGAGAAGCAACTGG_002,195
ATGCACAGAGAAGCAACTGG_003,54
ATGCACAGAGAAGCAACTGG_004,162
ATGCACAGAGAAGCAACTGG_005,180
ATGCACAGAGAAGCAACTGG_006,57
ATGCACAGAGAAGCAACTGG_007,108
ATGCACAGAGAAGCAACTGG_008,144
ATGCACAGAGAAGCAACTGG_009,94
ATGCACAGAGAAGCAACTGG_010,117
ATGCACAGAGAAGCAACTGG_011,40
ATGCACAGAGAAGCAACTGG_012,17
ATGCACAGAGAAGCAACTGG_013,178
ATGCACAGAGAAGCAACTGG_014,152
ATGCACAGAGAAGCAACTGG_015,98
CACAGTCATTGAAACCACGG_001,60
CACAGTCATTGAAACCACGG_002,60
CACAGTCATTGAAACCACGG_003,108
CACAGTCATTGAAACCACGG_004,141
CACAGTCATTGAAACCACGG_005,182
CACAGTCATTGAAACCACGG_006,178
CACAGTCATTGAAACCACGG_007,32
GTGTTGGCAAGAGCTGTCGT_001,106
GTGTTGGCAAGAGCTGTCGT_002,181
GTGTTGGCAAGAGCTGTCGT_003,14
GTGTTGGCAAGAGCTGTCGT_004,104
GTGTTGGCAAGAGCTGTCGT_005,169
CAAACTCTTCGTAGTCAGCG_001,127
CAAACTCTTCGTAGTCAGCG_002,166
GGGAAGCGAATCCGGAAGCT_001,107
GGGAAGCGAATCCGGAAGCT_002,83
GGGAAGCGAATCCGGAAGCT_003,27
GGGAAGCGAATCCGGAAGCT_004,52
GGGAAGCGAATCCGGAAGCT_005,12
GGGAAGCGAATCCGGAAGCT_006,177
GGGAAGCGAATCCGGAAGCT_007,119
GGGAAGCGAATCCGGAAGCT_008,42
GGGAAGCGAATCCGGAAGCT_009,188
GGGAAGCGAATCCGGAAGCT_010,108
GGGAAGCGAATCCGGAAGCT_011,111
GGGAAGCGAATCCGGAAGCT_012,142
GGGAAGCGAATCCGGAAGCT_013,137
GGGAAGCGAATCCGGAAGCT_014,69
GGGAAGCGAATCCGGAAGCT_015,52
GGGAAGCGAATCCGGAAGCT_016,124
GGGAAGCGAATCCGGAAGCT_017,128
TAGCCCATGATGGAGCTGTG_001,94
TAGCCCATGATGGAGCTGTG_002,52
TAGCCCATGATGGAGCTGTG_003,52
TAGCCCATGATGGAGCTGTG_004,29
TAGCCCATGATGGAGCTGTG_005,10
TAGCCCATGATGGAGCTGTG_006,113
TAGCCCATGATGGAGCTGTG_007,124
TAGCCCATGATGGAGCTGTG_008,72
TAGCCCATGATGGAGCTGTG_009,177
TAGCCCATGATGGAGCTGTG_010,48
TAGCCCATGATGGAGCTGTG_011,127
TAGCCCATGATGGAGCTGTG_012,48
TAGCCCATGATGGAGCTGTG_013,90
AAGGCCAGCTAAGCCACCTG_001,2
AAGGCCAGCTAAGCCACCTG_002,75
AAGGCCAGCTAAGCCACCTG_003,48
AAGGCCAGCTAAGCCACCTG_004,139
AAGGCCAGCTAAGCCACCTG_005,179
AAGGCCAGCTAAGCCACCTG_006,56
AAGGCCAGCTAAGCCACCTG_007,34
AAGGCCAGCTAAGCCACCTG_008,104
AAGGCCAGCTAAGCCACCTG_009,92
AAGGCCAGCTAAGCCACCTG_010,58
AAGGCCAGCTAAGCCACCTG_011,148
AAGGCCAGCTAAGCCACCTG_012,138
AAGGCCAGCTAAGCCACCTG_013,16
AAGGCCAGCTAAGCCACCTG_014,104
AAGGCCAGCTAAGCCACCTG_015,18
AAGGCCAGCTAAGCCACCTG_016,80
AAGGCCAGCTAAGCCACCTG_017,126
TGCAGCGGACATCCCAGAAG_001,60
TGCAGCGGACATCCCAGAAG_002,161
TGCAGCGGACATCCCAGAAG_003,0
TGCAGCGGACATCCCAGAAG_004,42
TGCAGCGGACATCCCAGAAG_005,142
TGCAGCGGACATCCCAGAAG_006,195
TGCAGCGGACATCCCAGAAG_007,106
TGCAGCGGACATCCCAGAAG_008,66
TGCAGCGGACATCCCAGAAG_009,8
TGCAGCGGACATCCCAGAAG_010,58
TGCAGCGGACATCCCAGAAG_011,35
TGCAGCGGACATCCCAGAAG_012,91
TGCAGCGGACATCCCAGAAG_013,147
TGCAGCGGACATCCCAGAAG_014,1
TGCAGCGGACATCCCAGAAG_015,43
TGCAGCGGACATCCCAGAAG_016,56
TGCAGCGGACATCCCAGAAG_017,43
TGCAGCGGACATCCCAGAAG_018,119
TGCAGCGGACATCCCAGAAG_019,106
TGCAGCGGACATCCCAGAAG_020,124
TGCAGCGGACATCCCAGAAG_021,102
CAACCGCGACTCCTTCGAGG_001,117
CAACCGCGACTCCTTCGAGG_002,94
CAACCGCGACTCCTTCGAGG_003,76
CAACCGCGACTCCTTCGAGG_004,26
CACATTCCGGCCGGACATCG_001,176
CACATTCCGGCCGGACATCG_002,176
CACATTCCGGCCGGACATCG_003,188
CACATTCCGGCCGGACATCG_004,34
CACATTCCGGCCGGACATCG_005,137
CGAACTTCTGAGGCTCCACG_001,116
CGAACTTCTGAGGCTCCACG_002,48
CGAACTTCTGAGGCTCCACG_003,3
CGAACTTCTGAGGCTCCACG_004,108
CGAACTTCTGAGGCTCCACG_005,86
CGAACTTCTGAGGCTCCACG_006,42
CGAACTTCTGAGGCTCCACG_007,108
CGAACTTCTGAGGCTCCACG_008,166
CGAACTTCTGAGGCTCCACG_009,37
CGAACTTCTGAGGCTCCACG_010,108
CGAACTTCTGAGGCTCCACG_011,6
CTGGACAAAGTGGACCCTGT_001,105
CTGGACAAAGTGGACCCTGT_002,50
CTGGGCTACTAGTGCCCAAG_001,83
CTGGGCTACTAGTGCCCAAG_002,129
CTGGGCTACTAGTGCCCAAG_003,70
CTGGGCTACTAGTGCCCAAG_004,46
CTGGGCTACTAGTGCCCAAG_005,68
CTGGGCTACTAGTGCCCAAG_006,59
CTGGGCTACTAGTGCCCAAG_007,13
CTGGGCTACTAGTGCCCAAG_008,198
CTGGGCTACTAGTGCCCAAG_009,56
CTGGGCTACTAGTGCCCAAG_010,138
GAGCCGGAACTTCCCCAGAG_001,73
GAGCCGGAACTTCCCCAGAG_002,101
GAGCCGGAACTTCCCCAGAG_003,179
GAGCCGGAACTTCCCCAGAG_004,164
GAGCCGGAACTTCCCCAGAG_005,136
AGTGCGACGAAATTCAGGTA_001,152
AGTGCGACGAAATTCAGGTA_002,49
AGTGCGACGAAATTCAGGTA_003,184
AGTGCGACGAAATTCAGGTA_004,50
AGTGCGACGAAATTCAGGTA_005,182
AGTGCGACGAAATTCAGGTA_006,115
AGTGCGACGAAATTCAGGTA_007,156
AGTGCGACGAAATTCAGGTA_008,52
AGTGCGACGAAATTCAGGTA_009,115
AGTGCGACGAAATTCAGGTA_010,77
AGTGCGACGAAATTCAGGTA_011,149
AGTGCGACGAAATTCAGGTA_012,111
AGTGCGACGAAATTCAGGTA_013,174
TAATGGGTTTGTAATGCAGA_001,113
TAATGGGTTTGTAATGCAGA_002,175
TAATGGGTTTGTAATGCAGA_003,191
TAATGGGTTTGTAATGCAGA_004,105
TAATGGGTTTGTAATGCAGA_005,105
TAATGGGTTTGTAATGCAGA_006,48
TAATGGGTTTGTAATGCAGA_007,157
TAATGGGTTTGTAATGCAGA_008,53
CCCCACAACATCGATCCAAG_001,69
CCCCACAACATCGATCCAAG_002,140
CCCCACAACATCGATCCAAG_003,11
CCCCACAACATCGATCCAAG_004,43
CCCCACAACATCGATCCAAG_005,17
CCCCACAACATCGATCCAAG_006,150
CCCCACAACATCGATCCAAG_007,99
TCTGTGAATGATGGTACAGA_001,144
TCTGTGAATGATGGTACAGA_002,118
TCTGTGAATGATGGTACAGA_003,150
TCTGTGAATGATGGTACAGA_004,145
TCTGTGAATGATGGTACAGA_005,19
GTTAGTTACTTACTTCTGTG_001,103
GTTAGTTACTTACTTCTGTG_002,50
GTTAGTTACTTACTTCTGTG_003,121
GTTAGTTACTTACTTCTGTG_004,56
GTTAGTTACTTACTTCTGTG_005,129
GCTGATCTGTAGGAGACACC_001,112
GCTGATCTGTAGGAGACACC_002,134
GCTGATCTGTAGGAGACACC_003,94
GCTGATCTGTAGGAGACACC_004,105
GCTGATCTGTAGGAGACACC_005,148
GCTGATCTGTAGGAGACACC_006,13
GCTGATCTGTAGGAGACACC_007,135
GCTGATCTGTAGGAGACACC_008,98
GCTGATCTGTAGGAGACACC_009,91
GCTGATCTGTAGGAGACACC_010,186
TACAGGCAGTGGACACATCG_001,96
TACAGGCAGTGGACACATCG_002,166
TACAGGCAGTGGACACATCG_003,94
TACAGGCAGTGGACACATCG_004,166
TACAGGCAGTGGACACATCG_005,5
TACAGGCAGTGGACACATCG_006,4
TACAGGCAGTGGACACATCG_007,16
TGTTTCGAACTTATGGGACA_001,49
TGTTTCGAACTTATGGGACA_002,24
TGTTTCGAACTTATGGGACA_003,41
CACAGAAGGTCACATTGTCG_001,40
CACAGAAGGTCACATTGTCG_002,103
ACCAGTGCATAGGCCTTCCG_001,50
ACCAGTGCATAGGCCTTCCG_002,169
ACCAGTGCATAGGCCTTCCG_003,82
ACCAGTGCATAGGCCTTCCG_004,163
ACCAGTGCATAGGCCTTCCG_005,34
ACCAGTGCATAGGCCTTCCG_006,131
ACCAGTGCATAGGCCTTCCG_007,193
ACCAGTGCATAGGCCTTCCG_008,176
ACCAGTGCATAGGCCTTCCG_009,95
ACCAGTGCATAGGCCTTCCG_010,170
ACCAGTGCATAGGCCTTCCG_011,147
ACCAGTGCATAGGCCTTCCG_012,115
ACCAGTGCATAGGCCTTCCG_013,56
ACCAGTGCATAGGCCTTCCG_014,181
ACCAGTGCATAGGCCTTCCG_015,28
GTCAACTGGGTGGAGCACCA_001,184
GTCAACTGGGTGGAGCACCA_002,122
GTCAACTGGGTGGAGCACCA_003,115
GTCAACTGGGTGGAGCACCA_004,78
GTCAACTGGGTGGAGCACCA_005,58
GTCAACTGGGTGGAGCACCA_006,37
GTCAACTGGGTGGAGCACCA_007,101
GTCAACTGGGTGGAGCACCA_008,117
GTCAACTGGGTGGAGCACCA_009,86
GTCAACTGGGTGGAGCACCA_010,13
GTCAACTGGGTGGAGCACCA_011,29
GTCAACTGGGTGGAGCACCA_012,88
GTCAACTGGGTGGAGCACCA_013,191
GTCAACTGGGTGGAGCACCA_014,90
CAGACAGTGCGGACGCTAAG_001,30
CAGACAGTGCGGACGCTAAG_002,120
CAGACAGTGCGGACGCTAAG_003,147
CAGACAGTGCGGACGCTAAG_004,107
CAGACAGTGCGGACGCTAAG_005,62
CAGACAGTGCGGACGCTAAG_006,64
CAGACAGTGCGGACGCTAAG_007,1
CAGACAGTGCGGACGCTAAG_008,60
CAGACAGTGCGGACGCTAAG_009,105
CAGACAGTGCGGACGCTAAG_010,56
CAGACAGTGCGGACGCTAAG_011,2
CAGACAGTGCGGACGCTAAG_012,177
CAGACAGTGCGGACGCTAAG_013,199
CAGACAGTGCGGACGCTAAG_014,82
CAGACAGTGCGGACGCTAAG_015,163
CAGACAGTGCGGACGCTAAG_016,24
CAGACAGTGCGGACGCTAAG_017,169
CAGACAGTGCGGACGCTAAG_018,8
CAGACAGTGCGGACGCTAAG_019,150
CAGACAGTGCGGACGCTAAG_020,127
CAGACAGTGCGGACGCTAAG_021,94
CAGACAGTGCGGACGCTAAG_022,41
CAGACAGTGCGGACGCTAAG_023,12
CAGACAGTGCGGACGCTAAG_024,107
CAGACAGTGCGGACGCTAAG_025,107
CAGACAGTGCGGACGCTAAG_026,170
CAGACAGTGCGGACGCTAAG_027,68
CAGACAGTGCGGACGCTAAG_028,115
CAGACAGTGCGGACGCTAAG_029,15
CAGACAGTGCGGACGCTAAG_030,58
CAGACAGTGCGGACGCTAAG_031,56
CAGACAGTGCGGACGCTAAG_032,144
CAGACAGTGCGGACGCTAAG_033,176
CAGACAGTGCGGACGCTAAG_034,100
CAGACAGTGCGGACGCTAAG_035,126
CAGACAGTGCGGACGCTAAG_036,17
CAGACAGTGCGGACGCTAAG_037,12
CAGACAGTGCGGACGCTAAG_038,6
CAGACAGTGCGGACGCTAAG_039,9
GCTTAACCTATCCGCCAGTA_001,52
GCTTAACCTATCCGCCAGTA_002,148
GCTTAACCTATCCGCCAGTA_003,104
GAGATCGAAAGACCCATACT_001,130
GAGATCGAAAGACCCATACT_002,109
GAGATCGAAAGACCCATACT_003,109
GAGATCGAAAGACCCATACT_004,188
GAGATCGAAAGACCCATACT_005,72
GAGATCGAAAGACCCATACT_006,105
GAGATCGAAAGACCCATACT_007,12
GAGATCGAAAGACCCATACT_008,62
GGACCTAGACCAAAGAACAG_001,41
GGACCTAGACCAAAGAACAG_002,156
GGACCTAGACCAAAGAACAG_003,194
GGACCTAGACCAAAGAACAG_004,181
GGACCTAGACCAAAGAACAG_005,198
GGACCTAGACCAAAGAACAG_006,182
GGACCTAGACCAAAGAACAG_007,158
GGACCTAGACCAAAGAACAG_008,169
GGACCTAGACCAAAGAACAG_009,142
GGACCTAGACCAAAGAACAG_010,183
TCCTCATACAGCAAAAAACC_001,127
GAAATGATGGATGATATTGG_001,31
GAAATGATGGATGATATTGG_002,8
GAAATGATGGATGATATTGG_003,99
GAAATGATGGATGATATTGG_004,79
GAAATGATGGATGATATTGG_005,79
GGATGGGAAGGAGTATCACC_001,146
GGATGGGAAGGAGTATCACC_002,193
GGATGGGAAGGAGTATCACC_003,118
GAAGTCCTGTCTAACCTGCA_001,160
GAAGTCCTGTCTAACCTGCA_002,80
GAAGTCCTGTCTAACCTGCA_003,12
GAAGTCCTGTCTAACCTGCA_004,12
GAAGTCCTGTCTAACCTGCA_005,148
GAAGTCCTGTCTAACCTGCA_006,74
GAAGTCCTGTCTAACCTGCA_007,78
GAAGTCCTGTCTAACCTGCA_008,43
GAAGTCCTGTCTAACCTGCA_009,139
GAAGTCCTGTCTAACCTGCA_010,43
GAAGTCCTGTCTAACCTGCA_011,62
GAAGTCCTGTCTAACCTGCA_012,21
GAAGTCCTGTCTAACCTGCA_013,166
GAAGTCCTGTCTAACCTGCA_014,59
GAAGTCCTGTCTAACCTGCA_015,162
CTGCTGCGAACTAGTCCTGA_001,153
CTGCTGCGAACTAGTCCTGA_002,85
CTGCTGCGAACTAGTCCTGA_003,184
CTGCTGCGAACTAGTCCTGA_004,2
CTGCTGCGAACTAGTCCTGA_005,137
CTACCTAACCATCTACGGCG_001,176
CTACCTAACCATCTACGGCG_002,188
CTACCTAACCATCTACGGCG_003,39
CTACCTAACCATCTACGGCG_004,15
GATATTACCCGGGAGGTACG_001,140
GATATTACCCGGGAGGTACG_002,77
GATATTACCCGGGAGGTACG_003,127
GATATTACCCGGGAGGTACG_004,187
GATATTACCCGGGAGGTACG_005,65
GATATTACCCGGGAGGTACG_006,199
GATATTACCCGGGAGGTACG_007,29
GATATTACCCGGGAGGTACG_008,2
GATATTACCCGGGAGGTACG_009,35
GATATTACCCGGGAGGTACG_010,127
GATATTACCCGGGAGGTACG_011,17
GATATTACCCGGGAGGTACG_012,166
GATATTACCCGGGAGGTACG_013,170
GATATTACCCGGGAGGTACG_014,103
GATATTACCCGGGAGGTACG_015,176
ACATGTCCGTAGGAATGCCC_001,189
ACATGTCCGTAGGAATGCCC_002,164
ACATGTCCGTAGGAATGCCC_003,121
ACATGTCCGTAGGAATGCCC_004,7
GCGCCGCCCGGTCATAGACG_001,78
GCGCCGCCCGGTCATAGACG_002,88
GCGCCGCCCGGTCATAGACG_003,76
GCGCCGCCCGGTCATAGACG_004,173
GCGCCGCCCGGTCATAGACG_005,43
GCGCCGCCCGGTCATAGACG_006,102
GCGCCGCCCGGTCATAGACG_007,92
GCGCCGCCCGGTCATAGACG_008,15
GACGGAGGAGTTCTGTACGC_001,96
GACGGAGGAGTTCTGTACGC_002,156
GACGGAGGAGTTCTGTACGC_003,12
GACGGAGGAGTTCTGTACGC_004,71
GACGGAGGAGTTCTGTACGC_005,106
GACGGAGGAGTTCTGTACGC_006,190
GACGGAGGAGTTCTGTACGC_007,78
CTGGGACGACGGATGCACAG_001,107
CTGGGACGACGGATGCACAG_002,177
CTGGGACGACGGATGCACAG_003,51
CTGGGACGACGGATGCACAG_004,58
CTGGGACGACGGATGCACAG_005,148
CTGGGACGACGGATGCACAG_006,149
CTGGGACGACGGATGCACAG_007,177
CTGGGACGACGGATGCACAG_008,147
CTGGGACGACGGATGCACAG_009,18
CTGGGACGACGGATGCACAG_010,196
CTGGGACGACGGATGCACAG_011,161
CGGGCCTCAATGGCACCGCG_001,79
CGGGCCTCAATGGCACCGCG_002,144
CGGGCCTCAATGGCACCGCG_003,127
CGGGCCTCAATGGCACCGCG_004,177
CGGGCCTCAATGGCACCGCG_005,14
CGGGCCTCAATGGCACCGCG_006,178
CGGGCCTCAATGGCACCGCG_007,149
CGGGCCTCAATGGCACCGCG_008,170
CACCTACACAACTGATAAGA_001,72
CACCTACACAACTGATAAGA_002,4
CACCTACACAACTGATAAGA_003,98
CACCTACACAACTGATAAGA_004,144
CACCTACACAACTGATAAGA_005,184
GATATGATCTGTCCTGAATG_001,104
GATATGATCTGTCCTGAATG_002,84
GATATGATCTGTCCTGAATG_003,26
GCCTAAGTTTGACAGCCTGT_001,91
GCCTAAGTTTGACAGCCTGT_002,154
GCCTAAGTTTGACAGCCTGT_003,99
GCCTAAGTTTGACAGCCTGT_004,136
GCCTAAGTTTGACAGCCTGT_005,28
GCCTAAGTTTGACAGCCTGT_006,166
GTTGACAGTGATCCAACCAA_001,61
GTTGACAGTGATCCAACCAA_002,123
GTTGACAGTGATCCAACCAA_003,62
GTTGACAGTGATCCAACCAA_004,140
GTTGACAGTGATCCAACCAA_005,141
GTTGACAGTGATCCAACCAA_006,49
GTTGACAGTGATCCAACCAA_007,60
TCACACAGATGACGACGAGA_001,60
TCACACAGATGACGACGAGA_002,190
TCACACAGATGACGACGAGA_003,112
TCACACAGATGACGACGAGA_004,127
TCACACAGATGACGACGAGA_005,88
GCTGACCAGTTACCCCGAGG_001,55
CTAGTTTGAAATTGGCACAA_001,166
CTAGTTTGAAATTGGCACAA_002,94
CTAGTTTGAAATTGGCACAA_003,33
AAGGATTGGTACAGCATCCT_001,58
AAGGATTGGTACAGCATCCT_002,73
AAGGATTGGTACAGCATCCT_003,22
AAGGATTGGTACAGCATCCT_004,46
AAGGATTGGTACAGCATCCT_005,152
AAGGATTGGTACAGCATCCT_006,139
AAGGATTGGTACAGCATCCT_007,53
AAGGATTGGTACAGCATCCT_008,190
AAGGATTGGTACAGCATCCT_009,56
AAGGATTGGTACAGCATCCT_010,182
AAGGATTGGTACAGCATCCT_011,7
AAGGATTGGTACAGCATCCT_012,92
AAGGATTGGTACAGCATCCT_013,5
AAGGATTGGTACAGCATCCT_014,12
AAGGATTGGTACAGCATCCT_015,130
AAGGATTGGTACAGCATCCT_016,2
AAGGATTGGTACAGCATCCT_017,34
AAGGATTGGTACAGCATCCT_018,34
AAGGATTGGTACAGCATCCT_019,29
AAGGATTGGTACAGCATCCT_020,162
AAGGATTGGTACAGCATCCT_021,62
AAGGATTGGTACAGCATCCT_022,77
AAGGATTGGTACAGCATCCT_023,158
AAGGATTGGTACAGCATCCT_024,65
AAGGATTGGTACAGCATCCT_025,137
AAGGATTGGTACAGCATCCT_026,127
GTAGTAAGTGTTGTCAACTG_001,6
GTAGTAAGTGTTGTCAACTG_002,2
ATTGGGAGCACAGATCGGAG_001,105
ATTGGGAGCACAGATCGGAG_002,191
ATTGGGAGCACAGATCGGAG_003,198
ATTGGGAGCACAGATCGGAG_004,191
ATTGGGAGCACAGATCGGAG_005,95
ATTGGGAGCACAGATCGGAG_006,138
ATTGGGAGCACAGATCGGAG_007,184
ATTGGGAGCACAGATCGGAG_008,149
ATTGGGAGCACAGATCGGAG_009,118
ATTGGGAGCACAGATCGGAG_010,140
ATTGGGAGCACAGATCGGAG_011,34
ATTGGGAGCACAGATCGGAG_012,139
ATTGGGAGCACAGATCGGAG_013,4
ATTGGGAGCACAGATCGGAG_014,52
ATTGGGAGCACAGATCGGAG_015,142
ATTGGGAGCACAGATCGGAG_016,188
TCAGATGGCTCTGTAAGAAG_001,40
AAGGTCCTGACACGTCACGT_001,16
AAGGTCCTGACACGTCACGT_002,130
AAGGTCCTGACACGTCACGT_003,194
AAGGTCCTGACACGTCACGT_004,8
AAGGTCCTGACACGTCACGT_005,35
CGCTACAAATGCTTAGAATG_001,175
CGCTACAAATGCTTAGAATG_002,8
CGCTACAAATGCTTAGAATG_003,127
CGCTACAAATGCTTAGAATG_004,151
CGCTACAAATGCTTAGAATG_005,140
CGCTACAAATGCTTAGAATG_006,175
CGCTACAAATGCTTAGAATG_007,77
CGCTACAAATGCTTAGAATG_008,188
CGCTACAAATGCTTAGAATG_009,19
AGAGGCACTTCCTTACCGCA_001,4
AGAGGCACTTCCTTACCGCA_002,85
AGAGGCACTTCCTTACCGCA_003,116
AGAGGCACTTCCTTACCGCA_004,19
AGAGGCACTTCCTTACCGCA_005,160
AGAGGCACTTCCTTACCGCA_006,113
AGAGGCACTTCCTTACCGCA_007,102
AGAGGCACTTCCTTACCGCA_008,88
AGAGGCACTTCCTTACCGCA_009,46
AGAGGCACTTCCTTACCGCA_010,158
AGAGGCACTTCCTTACCGCA_011,34
AGAGGCACTTCCTTACCGCA_012,76
AGAGGCACTTCCTTACCGCA_013,60
AGAGGCACTTCCTTACCGCA_014,115
TGTGAAAACATTTCACCCCC_001,91
TTTATACAACAAAATCAGAG_001,170
TTTATACAACAAAATCAGAG_002,147
CCAGCCCTGATTACTACAAG_001,94
CCAGCCCTGATTACTACAAG_002,172
CCAGCCCTGATTACTACAAG_003,80
CCAGCCCTGATTACTACAAG_004,34
CCAGCCCTGATTACTACAAG_005,102
CCAGCCCTGATTACTACAAG_006,5
CCAGCCCTGATTACTACAAG_007,149
CCAGCCCTGATTACTACAAG_008,98
CCAGCCCTGATTACTACAAG_009,140
CCAGCCCTGATTACTACAAG_010,19
GGTTAGAAACGTACCGAGAG_001,191
GGTTAGAAACGTACCGAGAG_002,116
GGTTAGAAACGTACCGAGAG_003,21
GGTTAGAAACGTACCGAGAG_004,113
GGTTAGAAACGTACCGAGAG_005,15
GGTTAGAAACGTACCGAGAG_006,134
GGTTAGAAACGTACCGAGAG_007,26
GGTTAGAAACGTACCGAGAG_008,81
GGTTAGAAACGTACCGAGAG_009,3
GGTTAGAAACGTACCGAGAG_010,13
TTCTGGTGGACACATCAGAG_001,105
TTCTGGTGGACACATCAGAG_002,48
TTCTGGTGGACACATCAGAG_003,158
TTCTGGTGGACACATCAGAG_004,110
TTCTGGTGGACACATCAGAG_005,160
TTCTGGTGGACACATCAGAG_006,6
TTCTGGTGGACACATCAGAG_007,2
TTCTGGTGGACACATCAGAG_008,57
CAGAGTCTGACAGTCCCGTA_001,87
CAGAGTCTGACAGTCCCGTA_002,150
CAGAGTCTGACAGTCCCGTA_003,120
CAGAGTCTGACAGTCCCGTA_004,93
CAGAGTCTGACAGTCCCGTA_005,185
CAGAGTCTGACAGTCCCGTA_006,9
CCACCAGCACTGGATGACCC_001,13
TCTAAGCAACCTGCTAACTG_001,174
TCTAAGCAACCTGCTAACTG_002,137
TCTAAGCAACCTGCTAACTG_003,88
TCTAAGCAACCTGCTAACTG_004,146
TCTAAGCAACCTGCTAACTG_005,56
TCTAAGCAACCTGCTAACTG_006,26
ATCACCACCTCCACTAACGT_001,98
ATCACCACCTCCACTAACGT_002,43
ATCACCACCTCCACTAACGT_003,70
ATCACCACCTCCACTAACGT_004,177
ATCACCACCTCCACTAACGT_005,7
ATCACCACCTCCACTAACGT_006,64
ATCACCACCTCCACTAACGT_007,43
ATCACCACCTCCACTAACGT_008,91
ATCACCACCTCCACTAACGT_009,46
ATCACCACCTCCACTAACGT_010,56
ATCACCACCTCCACTAACGT_011,161
ATCACCACCTCCACTAACGT_012,191
ATCACCACCTCCACTAACGT_013,110
ATCACCACCTCCACTAACGT_014,41
ATCACCACCTCCACTAACGT_015,139
ATCACCACCTCCACTAACGT_016,79
ATCACCACCTCCACTAACGT_017,169
ATCACCACCTCCACTAACGT_018,116
ATCACCACCTCCACTAACGT_019,2
ATCACCACCTCCACTAACGT_020,147
ATCACCACCTCCACTAACGT_021,94
ATCACCACCTCCACTAACGT_022,180
ATCACCACCTCCACTAACGT_023,40
ATCACCACCTCCACTAACGT_024,10
ATCACCACCTCCACTAACGT_025,153
CTGGCATGGCTTAGTGATCG_001,169
CTGGCATGGCTTAGTGATCG_002,58
CTGGCATGGCTTAGTGATCG_003,150
CTGGCATGGCTTAGTGATCG_004,155
CTGGCATGGCTTAGTGATCG_005,43
GAAGGCCACCGAAGTCGCCG_001,103
GAAGGCCACCGAAGTCGCCG_002,189
GAAGGCCACCGAAGTCGCCG_003,177
GAAGGCCACCGAAGTCGCCG_004,27
GAAGGCCACCGAAGTCGCCG_005,121
GAAGGCCACCGAAGTCGCCG_006,177
GAAGGCCACCGAAGTCGCCG_007,181
GAAGGCCACCGAAGTCGCCG_008,189
GAAGGCCACCGAAGTCGCCG_009,48
GAAGGCCACCGAAGTCGCCG_010,48
GAAGGCCACCGAAGTCGCCG_011,10
GAAGGCCACCGAAGTCGCCG_012,184
GAAGGCCACCGAAGTCGCCG_013,187
GAAGGCCACCGAAGTCGCCG_014,159
GAAGGCCACCGAAGTCGCCG_015,151
GAAGGCCACCGAAGTCGCCG_016,15
GAAGGCCACCGAAGTCGCCG_017,105
GAAGGCCACCGAAGTCGCCG_018,51
GAAGGCCACCGAAGTCGCCG_019,61
GAAGGCCACCGAAGTCGCCG_020,19
GAAGGCCACCGAAGTCGCCG_021,63
GAAGGCCACCGAAGTCGCCG_022,19
GCACTCTTGGGTTAACACCA_001,179
GAGCTATCCAAGCTATCTGA_001,150
GAGCTATCCAAGCTATCTGA_002,162
GAGCTATCCAAGCTATCTGA_003,165
GTGTGCACACGTGCTGACGG_001,60
GTGTGCACACGTGCTGACGG_002,43
GTGTGCACACGTGCTGACGG_003,177
GTGTGCACACGTGCTGACGG_004,150
GTGTGCACACGTGCTGACGG_005,77
GTGTGCACACGTGCTGACGG_006,162
GTGTGCACACGTGCTGACGG_007,52
GTGTGCACACGTGCTGACGG_008,46
GTGTGCACACGTGCTGACGG_009,40
GTGTGCACACGTGCTGACGG_010,114
TAAGAATGAACAGTGTACCA_001,88
TAAGAATGAACAGTGTACCA_002,147
TAAGAATGAACAGTGTACCA_003,25
TAAGAATGAACAGTGTACCA_004,53
TAAGAATGAACAGTGTACCA_005,68
TAAGAATGAACAGTGTACCA_006,166
TAAGAATGAACAGTGTACCA_007,97
TAAGAATGAACAGTGTACCA_008,87
TAAGAATGAACAGTGTACCA_009,17
TAAGAATGAACAGTGTACCA_010,104
TAAGAATGAACAGTGTACCA_011,137
TAAGAATGAACAGTGTACCA_012,14
TAAGAATGAACAGTGTACCA_013,85
TAAGAATGAACAGTGTACCA_014,194
TAAGAATGAACAGTGTACCA_015,137
TAAGAATGAACAGTGTACCA_016,147
TATTCTTGTGAGATACGTAG_001,36
TATTCTTGTGAGATACGTAG_002,18
TATTCTTGTGAGATACGTAG_003,16
TATTCTTGTGAGATACGTAG_004,176
TGGCCGAGTTAGAAAACCGG_001,76
TGGCCGAGTTAGAAAACCGG_002,12
TGGCCGAGTTAGAAAACCGG_003,194
TGGCCGAGTTAGAAAACCGG_004,33
TGGCCGAGTTAGAAAACCGG_005,156
TGGCCGAGTTAGAAAACCGG_006,76
TGGCCGAGTTAGAAAACCGG_007,110
TGGCCGAGTTAGAAAACCGG_008,157
TGGCCGAGTTAGAAAACCGG_009,199
TGGCCGAGTTAGAAAACCGG_010,15
TGGCCGAGTTAGAAAACCGG_011,99
CCAGGACATCAGCCGCCGCG_001,112
ACATCAAAGACTGTCCAAGC_001,48
ACATCAAAGACTGTCCAAGC_002,169
ACATCAAAGACTGTCCAAGC_003,77
ACATCAAAGACTGTCCAAGC_004,148
ACATCAAAGACTGTCCAAGC_005,15
ACATCAAAGACTGTCCAAGC_006,75
ACATCAAAGACTGTCCAAGC_007,178
ACATCAAAGACTGTCCAAGC_008,47
ACATCAAAGACTGTCCAAGC_009,189
ACATCAAAGACTGTCCAAGC_010,124
ACATCAAAGACTGTCCAAGC_011,61
ACATCAAAGACTGTCCAAGC_012,42
ACATCAAAGACTGTCCAAGC_013,130
GCATCGACATGAACGCGGTG_001,70
GCATCGACATGAACGCGGTG_002,115
GCATCGACATGAACGCGGTG_003,168
GCATCGACATGAACGCGGTG_004,62
GCATCGACATGAACGCGGTG_005,70
GCATCGACATGAACGCGGTG_006,157
GCATCGACATGAACGCGGTG_007,162
GCATCGACATGAACGCGGTG_008,102
GCATCGACATGAACGCGGTG_009,119
GCATCGACATGAACGCGGTG_010,150
GCATCGACATGAACGCGGTG_011,198
GCATCGACATGAACGCGGTG_012,157
GCATCGACATGAACGCGGTG_013,142
GCATCGACATGAACGCGGTG_014,196
AAAGAGCAATATATGTGTGA_001,100
AAAGAGCAATATATGTGTGA_002,158
AAAGAGCAATATATGTGTGA_003,48
CGACGGCGGGGAACGCGACG_001,27
CGACGGCGGGGAACGCGACG_002,194
CGACGGCGGGGAACGCGACG_003,76
CGACGGCGGGGAACGCGACG_004,16
CGACGGCGGGGAACGCGACG_005,94
CGACGGCGGGGAACGCGACG_006,22
CGACGGCGGGGAACGCGACG_007,153
CGACGGCGGGGAACGCGACG_008,16
CGACGGCGGGGAACGCGACG_009,1
CGACGGCGGGGAACGCGACG_010,171
CGACGGCGGGGAACGCGACG_011,38
CGACGGCGGGGAACGCGACG_012,150
CGACGGCGGGGAACGCGACG_013,2
CGACGGCGGGGAACGCGACG_014,81
CGACGGCGGGGAACGCGACG_015,3
CGACGGCGGGGAACGCGACG_016,124
GAAGGTTACCTCACCAAACA_001,41
GAAGGTTACCTCACCAAACA_002,105
GAAGGTTACCTCACCAAACA_003,156
GAAGGTTACCTCACCAAACA_004,163
GAAGGTTACCTCACCAAACA_005,64
GAAGGTTACCTCACCAAACA_006,33
GAAGGTTACCTCACCAAACA_007,0
GAAGGTTACCTCACCAAACA_008,82
GAAGGTTACCTCACCAAACA_009,55
GAAGGTTACCTCACCAAACA_010,9
GAAGGTTACCTCACCAAACA_011,105
GAAGGTTACCTCACCAAACA_012,24
GAAGGTTACCTCACCAAACA_013,138
GAAGGTTACCTCACCAAACA_014,124
AACTTACTTGTCATCTCACG_001,37
GTGGCACTGAGTAGGTTCGG_001,107
GTGGCACTGAGTAGGTTCGG_002,21
GTGGCACTGAGTAGGTTCGG_003,115
GTGGCACTGAGTAGGTTCGG_004,34
GTGGCACTGAGTAGGTTCGG_005,127
GTGGCACTGAGTAGGTTCGG_006,8
GTGGCACTGAGTAGGTTCGG_007,127
GTGGCACTGAGTAGGTTCGG_008,33
GTGGCACTGAGTAGGTTCGG_009,48
GTGGCACTGAGTAGGTTCGG_010,137
GTGGCACTGAGTAGGTTCGG_011,83
GTGGCACTGAGTAGGTTCGG_012,38
GTGGCACTGAGTAGGTTCGG_013,15
GTGGCACTGAGTAGGTTCGG_014,170
GTGGCACTGAGTAGGTTCGG_015,80
GTGGCACTGAGTAGGTTCGG_016,102
GTGGCACTGAGTAGGTTCGG_017,149
CTACATTCAATAGGTAAGGG_001,195
CTACATTCAATAGGTAAGGG_002,113
CTACATTCAATAGGTAAGGG_003,170
CTACATTCAATAGGTAAGGG_004,60
CTACATTCAATAGGTAAGGG_005,169
CTACATTCAATAGGTAAGGG_006,98
CTACATTCAATAGGTAAGGG_007,150
CTACATTCAATAGGTAAGGG_008,193
CTACATTCAATAGGTAAGGG_009,10
CTACATTCAATAGGTAAGGG_010,172
CTACATTCAATAGGTAAGGG_011,84
CTACATTCAATAGGTAAGGG_012,172
ACACCAGCACCACTCCAGTG_001,78
ACACCAGCACCACTCCAGTG_002,77
ACACCAGCACCACTCCAGTG_003,182
ACACCAGCACCACTCCAGTG_004,183
ACACCAGCACCACTCCAGTG_005,2
ACACCAGCACCACTCCAGTG_006,57
ACACCAGCACCACTCCAGTG_007,70
ACACCAGCACCACTCCAGTG_008,127
ACACCAGCACCACTCCAGTG_009,116
ACACCAGCACCACTCCAGTG_010,41
ACACCAGCACCACTCCAGTG_011,154
ACACCAGCACCACTCCAGTG_012,113
ACACCAGCACCACTCCAGTG_013,49
ACACCAGCACCACTCCAGTG_014,121
ACACCAGCACCACTCCAGTG_015,177
ACACCAGCACCACTCCAGTG_016,43
ACACCAGCACCACTCCAGTG_017,182
CACAGCAGGTCTCTTGACAG_001,95
CTAGCTTGGAAAGTGATGCT_001,48
CTAGCTTGGAAAGTGATGCT_002,111
GGAGAGAAAAAACATAAATG_001,121
GGAGAGAAAAAACATAAATG_002,90
GGAGAGAAAAAACATAAATG_003,158
GGAGAGAAAAAACATAAATG_004,49
GGAGAGAAAAAACATAAATG_005,120
GGAGAGAAAAAACATAAATG_006,8
GGAGAGAAAAAACATAAATG_007,13
GGAGAGAAAAAACATAAATG_008,199
GGAGAGAAAAAACATAAATG_009,10
GGAGAGAAAAAACATAAATG_010,180
GGAGAGAAAAAACATAAATG_011,139
GGAGAGAAAAAACATAAATG_012,94
GGAGAGAAAAAACATAAATG_013,20
GCCAAGCTAGATGTCAAGGT_001,15
ACGTGCGCGTCCTCTTAGGC_001,171
ACGTGCGCGTCCTCTTAGGC_002,0
ACGTGCGCGTCCTCTTAGGC_003,45
ACGTGCGCGTCCTCTTAGGC_004,113
ACGTGCGCGTCCTCTTAGGC_005,118
GTGAAACACCCCCTCCCGTG_001,166
GTGAAACACCCCCTCCCGTG_002,105
GTGAAACACCCCCTCCCGTG_003,76
GTGAAACACCCCCTCCCGTG_004,12
GTGAAACACCCCCTCCCGTG_005,29
GTGAAACACCCCCTCCCGTG_006,83
GTGAAACACCCCCTCCCGTG_007,186
GTGAAACACCCCCTCCCGTG_008,187
GTGAAACACCCCCTCCCGTG_009,140
GTGAAACACCCCCTCCCGTG_010,83
GTGAAACACCCCCTCCCGTG_011,182
GTGAAACACCCCCTCCCGTG_012,55
GTGAAACACCCCCTCCCGTG_013,2
GTGAAACACCCCCTCCCGTG_014,163
GTGAAACACCCCCTCCCGTG_015,145
GTGAAACACCCCCTCCCGTG_016,199
GTGAAACACCCCCTCCCGTG_017,4
GTGAAACACCCCCTCCCGTG_018,60
GTGAAACACCCCCTCCCGTG_019,25
GTGAAACACCCCCTCCCGTG_020,88
GTGAAACACCCCCTCCCGTG_021,75
GTGAAACACCCCCTCCCGTG_022,188
GTGAAACACCCCCTCCCGTG_023,134
GTGAAACACCCCCTCCCGTG_024,164
GTGAAACACCCCCTCCCGTG_025,88
GTGAAACACCCCCTCCCGTG_026,123
GTGAAACACCCCCTCCCGTG_027,136
GTGAAACACCCCCTCCCGTG_028,104
GTGAAACACCCCCTCCCGTG_029,175
GTGAAACACCCCCTCCCGTG_030,157
GTGAAACACCCCCTCCCGTG_031,66
GTGAAACACCCCCTCCCGTG_032,43
GTGAAACACCCCCTCCCGTG_033,19
GTGAAACACCCCCTCCCGTG_034,46
GTGAAACACCCCCTCCCGTG_035,20
GTGATGATCTGGCTTACCAA_001,96
GTGATGATCTGGCTTACCAA_002,165
GTGATGATCTGGCTTACCAA_003,54
GTGATGATCTGGCTTACCAA_004,76
TTTCTGATATCGTGATACAA_001,26
TCGTGGAGTTTGCACATAAG_001,2
TCGTGGAGTTTGCACATAAG_002,48
TCGTGGAGTTTGCACATAAG_003,1
TCGTGGAGTTTGCACATAAG_004,127
TCGTGGAGTTTGCACATAAG_005,40
TCGTGGAGTTTGCACATAAG_006,62
TCGTGGAGTTTGCACATAAG_007,184
TCGTGGAGTTTGCACATAAG_008,144
TCGTGGAGTTTGCACATAAG_009,149
CCATCTACACCTACTATACT_001,69
CCATCTACACCTACTATACT_002,1
CCATCTACACCTACTATACT_003,28
CCATCTACACCTACTATACT_004,175
CCATCTACACCTACTATACT_005,77
CCATCTACACCTACTATACT_006,29
CCATCTACACCTACTATACT_007,127
CCTCCTTCTGGACTCGCATG_001,12
CCTCCTTCTGGACTCGCATG_002,182
CCTCCTTCTGGACTCGCATG_003,116
CCTCCTTCTGGACTCGCATG_004,70
AACCACCAAAGAATGGCATG_001,106
AACCACCAAAGAATGGCATG_002,148
AACCACCAAAGAATGGCATG_003,105
AACCACCAAAGAATGGCATG_004,57
AACCACCAAAGAATGGCATG_005,170
AACCACCAAAGAATGGCATG_006,170
AACCACCAAAGAATGGCATG_007,88
AACCACCAAAGAATGGCATG_008,88
AACCACCAAAGAATGGCATG_009,49
AACCACCAAAGAATGGCATG_010,78
AACCACCAAAGAATGGCATG_011,11
AACCACCAAAGAATGGCATG_012,69
AACCACCAAAGAATGGCATG_013,50
AACCACCAAAGAATGGCATG_014,52
AACCACCAAAGAATGGCATG_015,32
AACCACCAAAGAATGGCATG_016,88
TAGTCAACATTCGCAAGAGG_001,81
TAGTCAACATTCGCAAGAGG_002,138
TAGTCAACATTCGCAAGAGG_003,27
TAGTCAACATTCGCAAGAGG_004,72
TAGTCAACATTCGCAAGAGG_005,31
TAGTCAACATTCGCAAGAGG_006,60
TAGTCAACATTCGCAAGAGG_007,113
CTTGACAAGTCCGACCCCCG_001,138
CTTGACAAGTCCGACCCCCG_002,127
CTTGACAAGTCCGACCCCCG_003,82
CTTGACAAGTCCGACCCCCG_004,132
CTTGACAAGTCCGACCCCCG_005,181
CTTGACAAGTCCGACCCCCG_006,179
CTTGACAAGTCCGACCCCCG_007,86
CTTGACAAGTCCGACCCCCG_008,112
CTTGACAAGTCCGACCCCCG_009,191
CTTGACAAGTCCGACCCCCG_010,6
CTTGACAAGTCCGACCCCCG_011,183
CTTGACAAGTCCGACCCCCG_012,27
CTTGACAAGTCCGACCCCCG_013,108
CTTGACAAGTCCGACCCCCG_014,51
CTTGACAAGTCCGACCCCCG_015,25
CTTGACAAGTCCGACCCCCG_016,44
CTTGACAAGTCCGACCCCCG_017,105
CTTGACAAGTCCGACCCCCG_018,61
CTTGACAAGTCCGACCCCCG_019,184
CTTGACAAGTCCGACCCCCG_020,146
CTTGACAAGTCCGACCCCCG_021,140
CTTGACAAGTCCGACCCCCG_022,168
CTTGACAAGTCCGACCCCCG_023,177
TCAGGCTAGATCGATCCCAG_001,151
TCAGGCTAGATCGATCCCAG_002,119
TCAGGCTAGATCGATCCCAG_003,134
TCAGGCTAGATCGATCCCAG_004,103
TCAGGCTAGATCGATCCCAG_005,199
TCAGGCTAGATCGATCCCAG_006,147
CAGGACAAGTACTCCAAAAG_001,102
CAGGACAAGTACTCCAAAAG_002,82
CAGGACAAGTACTCCAAAAG_003,86
CAGGACAAGTACTCCAAAAG_004,6
AGGAGACTATGTATCTGCGG_001,162
AGGAGACTATGTATCTGCGG_002,34
ATATCTATCTGATTAGCCCA_001,60
ATATCTATCTGATTAGCCCA_002,82
GCGGAACAGAAAGTCCCGCG_001,94
AGCTGAATTTAACTACAGTG_001,105
CCACCACCTCCGCCAAGTCG_001,181
CCACCACCTCCGCCAAGTCG_002,44
CCACCACCTCCGCCAAGTCG_003,146
CCACCACCTCCGCCAAGTCG_004,88
CCACCACCTCCGCCAAGTCG_005,76
CCACCACCTCCGCCAAGTCG_006,177
CCACCACCTCCGCCAAGTCG_007,128
CCACCACCTCCGCCAAGTCG_008,0
CCACCACCTCCGCCAAGTCG_009,86
CCACCACCTCCGCCAAGTCG_010,15
CCACCACCTCCGCCAAGTCG_011,16
CCACCACCTCCGCCAAGTCG_012,67
CCACCACCTCCGCCAAGTCG_013,61
CCACCACCTCCGCCAAGTCG_014,67
CCACCACCTCCGCCAAGTCG_015,149
CCACCACCTCCGCCAAGTCG_016,145
CCACCACCTCCGCCAAGTCG_017,94
CCACCACCTCCGCCAAGTCG_018,12
CCACCACCTCCGCCAAGTCG_019,174
CCACCACCTCCGCCAAGTCG_020,56
CCACCACCTCCGCCAAGTCG_021,1
CCACCACCTCCGCCAAGTCG_022,173
TGCCACGGGCTACATCAGCT_001,23
TGCCACGGGCTACATCAGCT_002,85
TGCCACGGGCTACATCAGCT_003,48
AGGACAAACTCCAAAAGCTG_001,117
AGGACAAACTCCAAAAGCTG_002,1
AGGACAAACTCCAAAAGCTG_003,122
AGGACAAACTCCAAAAGCTG_004,7
AGGACAAACTCCAAAAGCTG_005,197
AGGACAAACTCCAAAAGCTG_006,40
AGGACAAACTCCAAAAGCTG_007,17
AGGACAAACTCCAAAAGCTG_008,24
AGGACAAACTCCAAAAGCTG_009,171
AGGACAAACTCCAAAAGCTG_010,81
AGGACAAACTCCAAAAGCTG_011,13
AGGACAAACTCCAAAAGCTG_012,148
AGGACAAACTCCAAAAGCTG_013,197
AGGACAAACTCCAAAAGCTG_014,42
AGGACAAACTCCAAAAGCTG_015,12
AGGACAAACTCCAAAAGCTG_016,99
TGAGACCCAGCACGGCCGAT_001,28
TGAGACCCAGCACGGCCGAT_002,8
TGAGACCCAGCACGGCCGAT_003,183
TGAGACCCAGCACGGCCGAT_004,18
TGAGACCCAGCACGGCCGAT_005,62
TGAGACCCAGCACGGCCGAT_006,171
TGAGACCCAGCACGGCCGAT_007,2
TGAGACCCAGCACGGCCGAT_008,188
TGAGACCCAGCACGGCCGAT_009,70
TGAGACCCAGCACGGCCGAT_010,5
TGAGACCCAGCACGGCCGAT_011,48
TGAGACCCAGCACGGCCGAT_012,113
TGAGACCCAGCACGGCCGAT_013,104
TGAGACCCAGCACGGCCGAT_014,130
TGAGACCCAGCACGGCCGAT_015,1
TGAGACCCAGCACGGCCGAT_016,88
TGAGACCCAGCACGGCCGAT_017,150
TGAGACCCAGCACGGCCGAT_018,102
TGAGACCCAGCACGGCCGAT_019,140
TGAGACCCAGCACGGCCGAT_020,76
TGAGACCCAGCACGGCCGAT_021,121
TGAGACCCAGCACGGCCGAT_022,148
TGAGACCCAGCACGGCCGAT_023,2
TGAGACCCAGCACGGCCGAT_024,28
TGAGACCCAGCACGGCCGAT_025,158
TGAGACCCAGCACGGCCGAT_026,169
ACCACACTTGATGACCCCCT_001,88
ACCACACTTGATGACCCCCT_002,2
ACCACACTTGATGACCCCCT_003,32
ACCACACTTGATGACCCCCT_004,171
ACCACACTTGATGACCCCCT_005,159
ACCACACTTGATGACCCCCT_006,195
ACCACACTTGATGACCCCCT_007,176
ACCACACTTGATGACCCCCT_008,194
ACCACACTTGATGACCCCCT_009,73
CAGTCTGTGTCAAACGCAGG_001,90
CAGTCTGTGTCAAACGCAGG_002,49
CAGTCTGTGTCAAACGCAGG_003,78
CAGTCTGTGTCAAACGCAGG_004,146
CAGTCTGTGTCAAACGCAGG_005,9
CAGTCTGTGTCAAACGCAGG_006,191
CCACAATGGCAAGAAATCAG_001,171
CCACAATGGCAAGAAATCAG_002,94
CCACAATGGCAAGAAATCAG_003,76
CCACAATGGCAAGAAATCAG_004,123
CCACAATGGCAAGAAATCAG_005,148
CCACAATGGCAAGAAATCAG_006,64
CCACAATGGCAAGAAATCAG_007,126
CCACAATGGCAAGAAATCAG_008,150
CCACAATGGCAAGAAATCAG_009,168
CCACAATGGCAAGAAATCAG_010,181
CCACAATGGCAAGAAATCAG_011,143
CTGGAACAAGCCCTGAATGG_001,8
CTGGAACAAGCCCTGAATGG_002,5
CTGGAACAAGCCCTGAATGG_003,142
GGAAATCGCCAGCTTCGATA_001,105
GGAAATCGCCAGCTTCGATA_002,17
GGAAATCGCCAGCTTCGATA_003,106
GGAAATCGCCAGCTTCGATA_004,118
GGAAATCGCCAGCTTCGATA_005,47
GGAAATCGCCAGCTTCGATA_006,26
GGAAATCGCCAGCTTCGATA_007,196
GGAAATCGCCAGCTTCGATA_008,199
GGAAATCGCCAGCTTCGATA_009,8
GGAAATCGCCAGCTTCGATA_010,69
GGAAATCGCCAGCTTCGATA_011,158
GGAAATCGCCAGCTTCGATA_012,14
GGAAATCGCCAGCTTCGATA_013,33
GGAAATCGCCAGCTTCGATA_014,94
GGAAATCGCCAGCTTCGATA_015,5
GTCACCAGACCAGTGCAAGG_001,14
GTCACCAGACCAGTGCAAGG_002,116
GTCACCAGACCAGTGCAAGG_003,133
GTCACCAGACCAGTGCAAGG_004,67
GTCACCAGACCAGTGCAAGG_005,114
GTCACCAGACCAGTGCAAGG_006,66
GTCACCAGACCAGTGCAAGG_007,44
GTCACCAGACCAGTGCAAGG_008,106
CAAGATGGGAAGTAAGCCTC_001,160
CAAGATGGGAAGTAAGCCTC_002,2
CAAGATGGGAAGTAAGCCTC_003,138
CAAGATGGGAAGTAAGCCTC_004,28
CTACGCCGAGAGGATCCCCG_001,48
CTACGCCGAGAGGATCCCCG_002,197
CTACGCCGAGAGGATCCCCG_003,17
CTACGCCGAGAGGATCCCCG_004,118
CTACGCCGAGAGGATCCCCG_005,166
CTACGCCGAGAGGATCCCCG_006,53
CTACGCCGAGAGGATCCCCG_007,151
CTACGCCGAGAGGATCCCCG_008,184
CTACGCCGAGAGGATCCCCG_009,150
CTACGCCGAGAGGATCCCCG_010,89
CTACGCCGAGAGGATCCCCG_011,13
CTACGCCGAGAGGATCCCCG_012,22
CTACGCCGAGAGGATCCCCG_013,83
CTACGCCGAGAGGATCCCCG_014,47
CTACGCCGAGAGGATCCCCG_015,65
CTACGCCGAGAGGATCCCCG_016,58
CTACGCCGAGAGGATCCCCG_017,59
CTACGCCGAGAGGATCCCCG_018,177
CTACGCCGAGAGGATCCCCG_019,176
CTACGCCGAGAGGATCCCCG_020,98
CTACGCCGAGAGGATCCCCG_021,12
CTACGCCGAGAGGATCCCCG_022,196
CTACGCCGAGAGGATCCCCG_023,105
CTACGCCGAGAGGATCCCCG_024,19
CTACGCCGAGAGGATCCCCG_025,77
CTACGCCGAGAGGATCCCCG_026,25
CTACGCCGAGAGGATCCCCG_027,68
TGCTCGGGACACGAACATGG_001,138
TGCTCGGGACACGAACATGG_002,58
TGCTCGGGACACGAACATGG_003,64
TGCTCGGGACACGAACATGG_004,75
TGCTCGGGACACGAACATGG_005,27
TGCTCGGGACACGAACATGG_006,28
TGCTCGGGACACGAACATGG_007,40
TGCTCGGGACACGAACATGG_008,116
TGCTCGGGACACGAACATGG_009,47
TGCTCGGGACACGAACATGG_010,5
TGCTCGGGACACGAACATGG_011,142
TGCTCGGGACACGAACATGG_012,138
TGCTCGGGACACGAACATGG_013,68
TGCTCGGGACACGAACATGG_014,112
TGCTCGGGACACGAACATGG_015,138
TGCTCGGGACACGAACATGG_016,13
TGCTCGGGACACGAACATGG_017,25
GGCTGACGGATGACTCCATG_001,101
GGCTGACGGATGACTCCATG_002,138
GGCTGACGGATGACTCCATG_003,18
TGTAATCGCGTAGAGCCCGG_001,175
TGTAATCGCGTAGAGCCCGG_002,70
TGTAATCGCGTAGAGCCCGG_003,33
TGTAATCGCGTAGAGCCCGG_004,133
TGTAATCGCGTAGAGCCCGG_005,56
TGTAATCGCGTAGAGCCCGG_006,50
TGTAATCGCGTAGAGCCCGG_007,66
TGTAATCGCGTAGAGCCCGG_008,177
TTATTACCCAGACAGCCTCG_001,9
TTATTACCCAGACAGCCTCG_002,50
TTATTACCCAGACAGCCTCG_003,119
TTATTACCCAGACAGCCTCG_004,30
TTATTACCCAGACAGCCTCG_005,141
TTATTACCCAGACAGCCTCG_006,191
TTATTACCCAGACAGCCTCG_007,136
TTATTACCCAGACAGCCTCG_008,147
GCAGTCAGCCTTCGAGTCGG_001,131
GCAGTCAGCCTTCGAGTCGG_002,62
GCAGTCAGCCTTCGAGTCGG_003,102
GCAGTCAGCCTTCGAGTCGG_004,57
GCAGTCAGCCTTCGAGTCGG_005,60
GCAGTCAGCCTTCGAGTCGG_006,140
GCAGTCAGCCTTCGAGTCGG_007,82
GCAGTCAGCCTTCGAGTCGG_008,17
CATCCGCCGACTTCATGATG_001,8
CATCCGCCGACTTCATGATG_002,38
CATCCGCCGACTTCATGATG_003,125
CATCCGCCGACTTCATGATG_004,96
CATCCGCCGACTTCATGATG_005,50
CTGAGGATGAGCTCATGACG_001,127
CTGAGGATGAGCTCATGACG_002,60
CTGAGGATGAGCTCATGACG_003,2
CTGAGGATGAGCTCATGACG_004,177
CTGAGGATGAGCTCATGACG_005,175
CTGAGGATGAGCTCATGACG_006,149
ATACTCGTAAGGATGTACGG_001,26
ATACTCGTAAGGATGTACGG_002,42
AATAGTACCTGTGAAAATCT_001,94
AATAGTACCTGTGAAAATCT_002,102
AATAGTACCTGTGAAAATCT_003,158
AATAGTACCTGTGAAAATCT_004,35
AATAGTACCTGTGAAAATCT_005,134
AATAGTACCTGTGAAAATCT_006,156
AATAGTACCTGTGAAAATCT_007,124
AGAGTCCATTCACAGAACAG_001,70
AGAGTCCATTCACAGAACAG_002,4
CAGGGGAAGAATGAGGACGT_001,154
CAGGGGAAGAATGAGGACGT_002,52
CAGGGGAAGAATGAGGACGT_003,19
CAGGGGAAGAATGAGGACGT_004,188
CAGGGGAAGAATGAGGACGT_005,188
CAGGGGAAGAATGAGGACGT_006,139
CAGGGGAAGAATGAGGACGT_007,81
CAGGGGAAGAATGAGGACGT_008,55
CAGGGGAAGAATGAGGACGT_009,125
CAGGGGAAGAATGAGGACGT_010,36
CAGGGGAAGAATGAGGACGT_011,117
CAGGGGAAGAATGAGGACGT_012,147
CAGGGGAAGAATGAGGACGT_013,137
CAGGGGAAGAATGAGGACGT_014,25
CAGGGGAAGAATGAGGACGT_015,44
CAGGGGAAGAATGAGGACGT_016,50
CAGGGGAAGAATGAGGACGT_017,141
CAGGGGAAGAATGAGGACGT_018,162
CAGGGGAAGAATGAGGACGT_019,115
CAGGGGAAGAATGAGGACGT_020,103
CAGGGGAAGAATGAGGACGT_021,58
CAGGGGAAGAATGAGGACGT_022,192
CAGGGGAAGAATGAGGACGT_023,6
CAGGGGAAGAATGAGGACGT_024,163
CAGGGGAAGAATGAGGACGT_025,68
AGTCTTGTGAGTATGAGACC_001,48
AGTCTTGTGAGTATGAGACC_002,102
AGTCTTGTGAGTATGAGACC_003,15
GACGCGTCCGACCTCGCCAT_001,130
GACGCGTCCGACCTCGCCAT_002,58
GACGCGTCCGACCTCGCCAT_003,32
CATTCCGGAGAATACGCTCG_001,157
CATTCCGGAGAATACGCTCG_002,11
CATTCCGGAGAATACGCTCG_003,57
GTGAAACGTGGTCACCATAG_001,55
CCCGTAGTCTCCGATGCGCA_001,70
CCCGTAGTCTCCGATGCGCA_002,2
CCCGTAGTCTCCGATGCGCA_003,19
CCCGTAGTCTCCGATGCGCA_004,191
CCCGTAGTCTCCGATGCGCA_005,84
CCCGTAGTCTCCGATGCGCA_006,44
CCCGTAGTCTCCGATGCGCA_007,30
CCCGTAGTCTCCGATGCGCA_008,91
GACACCAATGACATTGTCTG_001,144
GACACCAATGACATTGTCTG_002,72
GACACCAATGACATTGTCTG_003,72
GACACCAATGACATTGTCTG_004,172
GACACCAATGACATTGTCTG_005,29
GACACCAATGACATTGTCTG_006,47
TCTAGAAACTCATCATACCA_001,78
TCTAGAAACTCATCATACCA_002,3
TCTAGAAACTCATCATACCA_003,145
TGTACCTGGTCACCATAACA_001,73
TGTACCTGGTCACCATAACA_002,2
CCAGAATAGCTAAAAAGGTG_001,104
ATGTCGTCGTACAGCAGTTG_001,98
ATGTCGTCGTACAGCAGTTG_002,191
AAAATCAAAGTGGACGACTG_001,14
AAAATCAAAGTGGACGACTG_002,43
AAAATCAAAGTGGACGACTG_003,106
AAAATCAAAGTGGACGACTG_004,77
AAAATCAAAGTGGACGACTG_005,12
AAAATCAAAGTGGACGACTG_006,19
AAAATCAAAGTGGACGACTG_007,121
AAAATCAAAGTGGACGACTG_008,70
AAAATCAAAGTGGACGACTG_009,2
AAAATCAAAGTGGACGACTG_010,76
AAAATCAAAGTGGACGACTG_011,70
AAAATCAAAGTGGACGACTG_012,106
AAAATCAAAGTGGACGACTG_013,188
AAAATCAAAGTGGACGACTG_014,23
AAAATCAAAGTGGACGACTG_015,108
AAAATCAAAGTGGACGACTG_016,89
AAAATCAAAGTGGACGACTG_017,116
AAAATCAAAGTGGACGACTG_018,31
AGCGCGACGAGTATAAGCGG_001,164
AGCGCGACGAGTATAAGCGG_002,61
AGCGCGACGAGTATAAGCGG_003,4
AGCGCGACGAGTATAAGCGG_004,95
AGCGCGACGAGTATAAGCGG_005,17
AGCGCGACGAGTATAAGCGG_006,120
AGCGCGACGAGTATAAGCGG_007,125
AGCGCGACGAGTATAAGCGG_008,23
AGCGCGACGAGTATAAGCGG_009,75
AGCGCGACGAGTATAAGCGG_010,74
AGCGCGACGAGTATAAGCGG_011,121
AGCGCGACGAGTATAAGCGG_012,57
AGCGCGACGAGTATAAGCGG_013,17
CTTACTGACAATCTTATCCA_001,17
CTTACTGACAATCTTATCCA_002,58
CTTACTGACAATCTTATCCA_003,177
CTTACTGACAATCTTATCCA_004,156
CTTACTGACAATCTTATCCA_005,137
ATAAGGTACCTCGACTCCGG_001,82
ATAAGGTACCTCGACTCCGG_002,150
ATAAGGTACCTCGACTCCGG_003,23
ATAAGGTACCTCGACTCCGG_004,129
ATAAGGTACCTCGACTCCGG_005,127
ATAAGGTACCTCGACTCCGG_006,185
ATAAGGTACCTCGACTCCGG_007,81
ATAAGGTACCTCGACTCCGG_008,128
ATAAGGTACCTCGACTCCGG_009,77
ATAAGGTACCTCGACTCCGG_010,48
ATAAGGTACCTCGACTCCGG_011,88
ATAAGGTACCTCGACTCCGG_012,169
ATAAGGTACCTCGACTCCGG_013,169
ATAAGGTACCTCGACTCCGG_014,58
ATAAGGTACCTCGACTCCGG_015,116
ATAAGGTACCTCGACTCCGG_016,16
CCGGGGCCATGCCTCCCATG_001,172
CCGGGGCCATGCCTCCCATG_002,177
CCGGGGCCATGCCTCCCATG_003,73
CCGGGGCCATGCCTCCCATG_004,150
CCGGGGCCATGCCTCCCATG_005,157
CCGGGGCCATGCCTCCCATG_006,72
CCGGGGCCATGCCTCCCATG_007,118
CCGGGGCCATGCCTCCCATG_008,81
CCGGGGCCATGCCTCCCATG_009,98
CCGGGGCCATGCCTCCCATG_010,83
CCGGGGCCATGCCTCCCATG_011,6
CCGGGGCCATGCCTCCCATG_012,115
CCGGGGCCATGCCTCCCATG_013,52
CCGGGGCCATGCCTCCCATG_014,89
AGAGGCTGAGGCACAGAGAA_001,70
AGAGGCTGAGGCACAGAGAA_002,159
AGAGGCTGAGGCACAGAGAA_003,15
AGAGGCTGAGGCACAGAGAA_004,44
AGAGGCTGAGGCACAGAGAA_005,44
AGAGGCTGAGGCACAGAGAA_006,127
AGAGGCTGAGGCACAGAGAA_007,129
AGAGGCTGAGGCACAGAGAA_008,97
AGAGGCTGAGGCACAGAGAA_009,56
AGAGGCTGAGGCACAGAGAA_010,108
AGAGGCTGAGGCACAGAGAA_011,108
ACTTACCACCCGTCACAGAA_001,95
ACTTACCACCCGTCACAGAA_002,145
ACTTACCACCCGTCACAGAA_003,8
ACTTACCACCCGTCACAGAA_004,159
ACTTACCACCCGTCACAGAA_005,199
ACTTACCACCCGTCACAGAA_006,169
ACTTACCACCCGTCACAGAA_007,160
ACTTACCACCCGTCACAGAA_008,11
ACTTACCACCCGTCACAGAA_009,181
ACTTACCACCCGTCACAGAA_010,162
ACTTACCACCCGTCACAGAA_011,32
ACTTACCACCCGTCACAGAA_012,168
ACTTACCACCCGTCACAGAA_013,70
TAGTGACTCTGATGACACAA_001,117
TAGTGACTCTGATGACACAA_002,198
CATGTTCGCACACAACACGC_001,177
CATGTTCGCACACAACACGC_002,58
GCACTTTCTGACCCTGGCCA_001,85
GCACTTTCTGACCCTGGCCA_002,84
GCACTTTCTGACCCTGGCCA_003,105
GCACTTTCTGACCCTGGCCA_004,152
GCACTTTCTGACCCTGGCCA_005,101
GCACTTTCTGACCCTGGCCA_006,165
GCACTTTCTGACCCTGGCCA_007,183
GCACTTTCTGACCCTGGCCA_008,24
GCACTTTCTGACCCTGGCCA_009,45
GCACTTTCTGACCCTGGCCA_010,42
GCACTTTCTGACCCTGGCCA_011,79
GCACTTTCTGACCCTGGCCA_012,183
GCACTTTCTGACCCTGGCCA_013,175
AAAGAAAACTGAGAATAACC_001,193
ATATTCGACCAGATGCCTCG_001,137
ATATTCGACCAGATGCCTCG_002,198
ATATTCGACCAGATGCCTCG_003,60
ATATTCGACCAGATGCCTCG_004,158
ATATTCGACCAGATGCCTCG_005,135
ATATTCGACCAGATGCCTCG_006,5
ATATTCGACCAGATGCCTCG_007,54
ATATTCGACCAGATGCCTCG_008,49
ATATTCGACCAGATGCCTCG_009,65
ATATTCGACCAGATGCCTCG_010,124
GTTAATGGGGAATAGCATGA_001,72
GTTAATGGGGAATAGCATGA_002,78
GTTAATGGGGAATAGCATGA_003,141
GTTAATGGGGAATAGCATGA_004,39
CATGGCCGGCGACGACGACG_001,49
CATGGCCGGCGACGACGACG_002,187
CATGGCCGGCGACGACGACG_003,76
CATGGCCGGCGACGACGACG_004,107
CATGGCCGGCGACGACGACG_005,177
AGTTTGTCAAAAATATGAAG_001,162
AGGTTTAGAAACTCCAACTG_001,149
AGGTTTAGAAACTCCAACTG_002,39
AGGTTTAGAAACTCCAACTG_003,19
AGGTTTAGAAACTCCAACTG_004,172
AGGTTTAGAAACTCCAACTG_005,127
AGGTTTAGAAACTCCAACTG_006,48
AGGTTTAGAAACTCCAACTG_007,163
AGGTTTAGAAACTCCAACTG_008,172
AGGTTTAGAAACTCCAACTG_009,125
AGGTTTAGAAACTCCAACTG_010,50
AGGTTTAGAAACTCCAACTG_011,95
AGGTTTAGAAACTCCAACTG_012,84
AGGTTTAGAAACTCCAACTG_013,184
AGGTTTAGAAACTCCAACTG_014,40
AGGTTTAGAAACTCCAACTG_015,82
AGGTTTAGAAACTCCAACTG_016,75
AGGTTTAGAAACTCCAACTG_017,147
AGGTTTAGAAACTCCAACTG_018,189
AGGTTTAGAAACTCCAACTG_019,41
AGGTTTAGAAACTCCAACTG_020,11
AGGTTTAGAAACTCCAACTG_021,190
AGGTTTAGAAACTCCAACTG_022,60
AGGTTTAGAAACTCCAACTG_023,101
AGGTTTAGAAACTCCAACTG_024,177
AGGTTTAGAAACTCCAACTG_025,111
AGGTTTAGAAACTCCAACTG_026,126
AGGTTTAGAAACTCCAACTG_027,65
AGGTTTAGAAACTCCAACTG_028,60
AGGTTTAGAAACTCCAACTG_029,199
AGGTTTAGAAACTCCAACTG_030,199
AGGTTTAGAAACTCCAACTG_031,168
GTCCATCTTGACTATGACCG_001,119
GTCCATCTTGACTATGACCG_002,33
GTCCATCTTGACTATGACCG_003,159
CTCCAAAGGCTCATTCCCCA_001,152
CTCCAAAGGCTCATTCCCCA_002,64
CTCCAAAGGCTCATTCCCCA_003,150
CTCCAAAGGCTCATTCCCCA_004,86
CTGTGTCACCGGGAACGCAA_001,115
CTGTGTCACCGGGAACGCAA_002,151
CTGTGTCACCGGGAACGCAA_003,28
CTGTGTCACCGGGAACGCAA_004,88
CTGTGTCACCGGGAACGCAA_005,49
CTGTGTCACCGGGAACGCAA_006,49
CTGTGTCACCGGGAACGCAA_007,198
CTGTGTCACCGGGAACGCAA_008,17
CTGTGTCACCGGGAACGCAA_009,175
CTGTGTCACCGGGAACGCAA_010,8
CTGTGTCACCGGGAACGCAA_011,92
CTGTGTCACCGGGAACGCAA_012,30
CTGTGTCACCGGGAACGCAA_013,77
CTGTGTCACCGGGAACGCAA_014,160
CTGTGTCACCGGGAACGCAA_015,113
CTGTGTCACCGGGAACGCAA_016,105
CTGTGTCACCGGGAACGCAA_017,30
CTGTGTCACCGGGAACGCAA_018,161
CTGTGTCACCGGGAACGCAA_019,8
CTGTGTCACCGGGAACGCAA_020,19
CTGTGTCACCGGGAACGCAA_021,190
CTGTGTCACCGGGAACGCAA_022,177
CTGTGTCACCGGGAACGCAA_023,56
CTGTGTCACCGGGAACGCAA_024,1
CTGTGTCACCGGGAACGCAA_025,112
CTGTGTCACCGGGAACGCAA_026,5
CTGTGTCACCGGGAACGCAA_027,152
CTGTGTCACCGGGAACGCAA_028,182
CTGTGTCACCGGGAACGCAA_029,13
CTGTGTCACCGGGAACGCAA_030,19
CTGTGTCACCGGGAACGCAA_031,105
CTGTGTCACCGGGAACGCAA_032,151
CTGTGTCACCGGGAACGCAA_033,50
CTGTGTCACCGGGAACGCAA_034,69
CTGTGTCACCGGGAACGCAA_035,180
CTGTGTCACCGGGAACGCAA_036,19
CTGTGTCACCGGGAACGCAA_037,152
CTGTGTCACCGGGAACGCAA_038,138
CTGTGTCACCGGGAACGCAA_039,172
AAGGTCCGGTTGAGGAGACA_001,138
AAGGTCCGGTTGAGGAGACA_002,43
AAGGTCCGGTTGAGGAGACA_003,77
AAGGTCCGGTTGAGGAGACA_004,105
AAGGTCCGGTTGAGGAGACA_005,8
AAGGTCCGGTTGAGGAGACA_006,42
AAGGTCCGGTTGAGGAGACA_007,181
AAGGTCCGGTTGAGGAGACA_008,96
AAGGTCCGGTTGAGGAGACA_009,140
AAGGTCCGGTTGAGGAGACA_010,145
AAGGTCCGGTTGAGGAGACA_011,41
AAGGTCCGGTTGAGGAGACA_012,168
AAGGTCCGGTTGAGGAGACA_013,73
AAGGTCCGGTTGAGGAGACA_014,105
AAGGTCCGGTTGAGGAGACA_015,59
AAGGTCCGGTTGAGGAGACA_016,184
AAGGTCCGGTTGAGGAGACA_017,55
AAGGTCCGGTTGAGGAGACA_018,185
AAGGTCCGGTTGAGGAGACA_019,105
AAGGTCCGGTTGAGGAGACA_020,78
AAGGTCCGGTTGAGGAGACA_021,45
AAGGTCCGGTTGAGGAGACA_022,13
AAGGTCCGGTTGAGGAGACA_023,116
AAGGTCCGGTTGAGGAGACA_024,197
AAGGTCCGGTTGAGGAGACA_025,163
AAGGTCCGGTTGAGGAGACA_026,5
AAGGTCCGGTTGAGGAGACA_027,46
AAGGTCCGGTTGAGGAGACA_028,115
AAGGTCCGGTTGAGGAGACA_029,84
AAGGTCCGGTTGAGGAGACA_030,54
AAGGTCCGGTTGAGGAGACA_031,16
AAGGTCCGGTTGAGGAGACA_032,15
AAGGTCCGGTTGAGGAGACA_033,50
AAGGTCCGGTTGAGGAGACA_034,149
AAGGTCCGGTTGAGGAGACA_035,32
AAGGTCCGGTTGAGGAGACA_036,76
AAGGTCCGGTTGAGGAGACA_037,61
AAGGTCCGGTTGAGGAGACA_038,58
AAGGTCCGGTTGAGGAGACA_039,50
AAGGTCCGGTTGAGGAGACA_040,19
AAGGTCCGGTTGAGGAGACA_041,78
AAGGTCCGGTTGAGGAGACA_042,60
AAGGTCCGGTTGAGGAGACA_043,116
AAGGTCCGGTTGAGGAGACA_044,169
AAGGTCCGGTTGAGGAGACA_045,13
AAGGTCCGGTTGAGGAGACA_046,120
AAGGTCCGGTTGAGGAGACA_047,19
AAGGTCCGGTTGAGGAGACA_048,55
AAGGTCCGGTTGAGGAGACA_049,55
AAGGTCCGGTTGAGGAGACA_050,170
AAGGTCCGGTTGAGGAGACA_051,175
AAGGTCCGGTTGAGGAGACA_052,161
AAGGTCCGGTTGAGGAGACA_053,125
GGAGTCGGCGGAATCAAGAG_001,9
GGAGTCGGCGGAATCAAGAG_002,27
GGAGTCGGCGGAATCAAGAG_003,5
GGAGTCGGCGGAATCAAGAG_004,197
GGAGTCGGCGGAATCAAGAG_005,74
CTGGCCGTGGAGGATACCGG_001,60
CTGGCCGTGGAGGATACCGG_002,60
CTGGCCGTGGAGGATACCGG_003,129
CTGGCCGTGGAGGATACCGG_004,170
CTGGCCGTGGAGGATACCGG_005,15
CTGGCCGTGGAGGATACCGG_006,110
CTGGCCGTGGAGGATACCGG_007,16
CTGGCCGTGGAGGATACCGG_008,195
CTGGCCGTGGAGGATACCGG_009,101
CTGGCCGTGGAGGATACCGG_010,130
CTGGCCGTGGAGGATACCGG_011,21
CTGGCCGTGGAGGATACCGG_012,21
CTGGCCGTGGAGGATACCGG_013,60
CTGGCCGTGGAGGATACCGG_014,151
CTGGCCGTGGAGGATACCGG_015,18
AGGACGATAGCCTTCCCGCG_001,88
AGGACGATAGCCTTCCCGCG_002,105
AGGACGATAGCCTTCCCGCG_003,121
AGGACGATAGCCTTCCCGCG_004,147
AGGACGATAGCCTTCCCGCG_005,122
AGGACGATAGCCTTCCCGCG_006,170
AGGACGATAGCCTTCCCGCG_007,169
AGGACGATAGCCTTCCCGCG_008,190
AGGACGATAGCCTTCCCGCG_009,87
AGGACGATAGCCTTCCCGCG_010,146
AGGACGATAGCCTTCCCGCG_011,104
AGGACGATAGCCTTCCCGCG_012,164
AGGACGATAGCCTTCCCGCG_013,160
AGGACGATAGCCTTCCCGCG_014,197
AGGACGATAGCCTTCCCGCG_015,184
AGGACGATAGCCTTCCCGCG_016,70
AGGACGATAGCCTTCCCGCG_017,57
CCGGGGGCCTACCCCAACAC_001,199
CCGGGGGCCTACCCCAACAC_002,155
GTGACTCAAGTTCACATCGC_001,0
GTGACTCAAGTTCACATCGC_002,88
GTGACTCAAGTTCACATCGC_003,127
GTGACTCAAGTTCACATCGC_004,177
GTGACTCAAGTTCACATCGC_005,187
GTGACTCAAGTTCACATCGC_006,118
GTGACTCAAGTTCACATCGC_007,117
GTGACTCAAGTTCACATCGC_008,89
GTGACTCAAGTTCACATCGC_009,22
GTGACTCAAGTTCACATCGC_010,91
CCCCTGGCGTGGGACGCCCG_001,124
TCGTCGGCCGCGTACAGCTG_001,124
TCGTCGGCCGCGTACAGCTG_002,192
TCGTCGGCCGCGTACAGCTG_003,7
TCGTCGGCCGCGTACAGCTG_004,98
TCGTCGGCCGCGTACAGCTG_005,32
TCGTCGGCCGCGTACAGCTG_006,171
TCGTCGGCCGCGTACAGCTG_007,82
TCGTCGGCCGCGTACAGCTG_008,16
TCGTCGGCCGCGTACAGCTG_009,137
TCGTCGGCCGCGTACAGCTG_010,6
TCGTCGGCCGCGTACAGCTG_011,54
TCGTCGGCCGCGTACAGCTG_012,165
TCGTCGGCCGCGTACAGCTG_013,98
TCGTCGGCCGCGTACAGCTG_014,16
TCGTCGGCCGCGTACAGCTG_015,192
TCGTCGGCCGCGTACAGCTG_016,141
TCGTCGGCCGCGTACAGCTG_017,129
TCGTCGGCCGCGTACAGCTG_018,30
TCGTCGGCCGCGTACAGCTG_019,88
TCGTCGGCCGCGTACAGCTG_020,141
TCGTCGGCCGCGTACAGCTG_021,178
TCGTCGGCCGCGTACAGCTG_022,38
TCGTCGGCCGCGTACAGCTG_023,178
TCGTCGGCCGCGTACAGCTG_024,43
TCGTCGGCCGCGTACAGCTG_025,149
TCGTCGGCCGCGTACAGCTG_026,17
TCGTCGGCCGCGTACAGCTG_027,121
TCGTCGGCCGCGTACAGCTG_028,103
TCGTCGGCCGCGTACAGCTG_029,69
GTCTCCGTCAGAGATGGAGG_001,156
GTCTCCGTCAGAGATGGAGG_002,82
GTCTCCGTCAGAGATGGAGG_003,56
GTCTCCGTCAGAGATGGAGG_004,177
ACCAACAGCCGGGTCACGGT_001,154
ACCAACAGCCGGGTCACGGT_002,68
ACCAACAGCCGGGTCACGGT_003,103
ACCAACAGCCGGGTCACGGT_004,175
ACCAACAGCCGGGTCACGGT_005,67
ACCAACAGCCGGGTCACGGT_006,98
ACCAACAGCCGGGTCACGGT_007,95
ACCAACAGCCGGGTCACGGT_008,13
ACCAACAGCCGGGTCACGGT_009,96
ACCAACAGCCGGGTCACGGT_010,39
ACCAACAGCCGGGTCACGGT_011,13
ACCAACAGCCGGGTCACGGT_012,58
ACCAACAGCCGGGTCACGGT_013,175
ACCAACAGCCGGGTCACGGT_014,80
ACCAACAGCCGGGTCACGGT_015,9
ACCAACAGCCGGGTCACGGT_016,171
ACCAACAGCCGGGTCACGGT_017,137
ACCAACAGCCGGGTCACGGT_018,49
ACCAACAGCCGGGTCACGGT_019,97
AGAACAAAGAGCATAATCCT_001,49
CACGGTACTAGACTCCGGGA_001,56
CACGGTACTAGACTCCGGGA_002,61
CACGGTACTAGACTCCGGGA_003,8
CACGGTACTAGACTCCGGGA_004,180
CACGGTACTAGACTCCGGGA_005,142
CACGGTACTAGACTCCGGGA_006,67
CTTTCACATAGAGAGTGCGC_001,113
CTTTCACATAGAGAGTGCGC_002,43
CACAAGTTCGTGAGTCCCGT_001,70
CACAAGTTCGTGAGTCCCGT_002,176
CACAAGTTCGTGAGTCCCGT_003,142
CACAAGTTCGTGAGTCCCGT_004,149
CACAAGTTCGTGAGTCCCGT_005,80
CACAAGTTCGTGAGTCCCGT_006,6
GCAGGTGGTAGGACTAACAT_001,31
GCAGGTGGTAGGACTAACAT_002,54
GCAGGTGGTAGGACTAACAT_003,155
GCAGGTGGTAGGACTAACAT_004,164
GCAGGTGGTAGGACTAACAT_005,92
GCAGGTGGTAGGACTAACAT_006,178
GCAGGTGGTAGGACTAACAT_007,178
GCAGGTGGTAGGACTAACAT_008,156
GCAGGTGGTAGGACTAACAT_009,85
GCAGGTGGTAGGACTAACAT_010,3
TGAGTAGAAAACGAGCATTG_001,166
TGAGTAGAAAACGAGCATTG_002,82
ATCTGCCAGACTCTATAGGA_001,148
ATCTGCCAGACTCTATAGGA_002,165
ATCTGCCAGACTCTATAGGA_003,43
ATCTGCCAGACTCTATAGGA_004,20
ATCTGCCAGACTCTATAGGA_005,176
ATCTGCCAGACTCTATAGGA_006,76
ATCTGCCAGACTCTATAGGA_007,149
ATCTGCCAGACTCTATAGGA_008,46
CATTCACTACATCAGGGACA_001,158
CCACGCGTGTAGATCGTGGG_001,82
CCACGCGTGTAGATCGTGGG_002,4
CCACGCGTGTAGATCGTGGG_003,144
AGCTATATGTGCCCTCAGAG_001,115
AGCTATATGTGCCCTCAGAG_002,49
AGCTATATGTGCCCTCAGAG_003,126
AGCTATATGTGCCCTCAGAG_004,26
AGCTATATGTGCCCTCAGAG_005,48
AGCTATATGTGCCCTCAGAG_006,1
AGCTATATGTGCCCTCAGAG_007,108
AGCTATATGTGCCCTCAGAG_008,58
AGCTATATGTGCCCTCAGAG_009,192
AGCTATATGTGCCCTCAGAG_010,42
AGCTATATGTGCCCTCAGAG_011,53
AGCTATATGTGCCCTCAGAG_012,147
AGCTATATGTGCCCTCAGAG_013,177
AGCTATATGTGCCCTCAGAG_014,166
AGCTATATGTGCCCTCAGAG_015,102
AGCTATATGTGCCCTCAGAG_016,27
AGCTATATGTGCCCTCAGAG_017,25
AGCTATATGTGCCCTCAGAG_018,3
AGCTATATGTGCCCTCAGAG_019,3
AGCTATATGTGCCCTCAGAG_020,78
AGCTATATGTGCCCTCAGAG_021,60
AGCTATATGTGCCCTCAGAG_022,40
AGCTATATGTGCCCTCAGAG_023,182
AGCTATATGTGCCCTCAGAG_024,152
AGCTATATGTGCCCTCAGAG_025,151
AGCTATATGTGCCCTCAGAG_026,91
AGCTATATGTGCCCTCAGAG_027,86
AGCTATATGTGCCCTCAGAG_028,86
GTTCTCTTCCCCATTCACCG_001,146
GTTCTCTTCCCCATTCACCG_002,177
GTTCTCTTCCCCATTCACCG_003,103
GTTCTCTTCCCCATTCACCG_004,38
GTTCTCTTCCCCATTCACCG_005,169
TGAAAGGCCACATCGGCTCG_001,174
TGAAAGGCCACATCGGCTCG_002,8
TGAAAGGCCACATCGGCTCG_003,162
TGAAAGGCCACATCGGCTCG_004,179
TGAAAGGCCACATCGGCTCG_005,84
TGAAAGGCCACATCGGCTCG_006,43
GGGCTAACCCCCCTATGGCG_001,160
GGGCTAACCCCCCTATGGCG_002,73
GGGCTAACCCCCCTATGGCG_003,32
GGGCTAACCCCCCTATGGCG_004,132
GGGCTAACCCCCCTATGGCG_005,198
GGGCTAACCCCCCTATGGCG_006,105
GGGCTAACCCCCCTATGGCG_007,152
GGGCTAACCCCCCTATGGCG_008,184
GGGCTAACCCCCCTATGGCG_009,145
GGGCTAACCCCCCTATGGCG_010,163
GGGCTAACCCCCCTATGGCG_011,15
GGGCTAACCCCCCTATGGCG_012,29
GGGCTAACCCCCCTATGGCG_013,6
AGGAAAAGTACACCTATTGG_001,118
AGGAAAAGTACACCTATTGG_002,26
AGGAAAAGTACACCTATTGG_003,7
AGGAAAAGTACACCTATTGG_004,141
AGGAAAAGTACACCTATTGG_005,7
AGGAAAAGTACACCTATTGG_006,47
AGGAAAAGTACACCTATTGG_007,127
AGGAAAAGTACACCTATTGG_008,94
AGGAAAAGTACACCTATTGG_009,116
TTGTTATGGACATGTTCAAG_001,165
TTGTTATGGACATGTTCAAG_002,91
TTGTTATGGACATGTTCAAG_003,83
TTGTTATGGACATGTTCAAG_004,95
TGAAAGGGTTCACACCCCCG_001,45
TGAAAGGGTTCACACCCCCG_002,2
TGAAAGGGTTCACACCCCCG_003,30
TGAAAGGGTTCACACCCCCG_004,34
TGAAAGGGTTCACACCCCCG_005,147
TGAAAGGGTTCACACCCCCG_006,76
TGAAAGGGTTCACACCCCCG_007,190
TGAAAGGGTTCACACCCCCG_008,132
GTCGCAGGTAAAGTGTACTG_001,91
GTCGCAGGTAAAGTGTACTG_002,23
GTCGCAGGTAAAGTGTACTG_003,85
GTCGCAGGTAAAGTGTACTG_004,188
GTCGCAGGTAAAGTGTACTG_005,192
GTCGCAGGTAAAGTGTACTG_006,38
AAATGTATGAGCTTTCCCTG_001,15
AAATGTATGAGCTTTCCCTG_002,150
AAATGTATGAGCTTTCCCTG_003,55
AAATGTATGAGCTTTCCCTG_004,12
AAATGTATGAGCTTTCCCTG_005,26
AAATGTATGAGCTTTCCCTG_006,113
AAATGTATGAGCTTTCCCTG_007,63
AAATGTATGAGCTTTCCCTG_008,115
AAATGTATGAGCTTTCCCTG_009,29
AAATGTATGAGCTTTCCCTG_010,156
AAATGTATGAGCTTTCCCTG_011,106
AAATGTATGAGCTTTCCCTG_012,79
AAATGTATGAGCTTTCCCTG_013,20
AAATGTATGAGCTTTCCCTG_014,35
AAATGTATGAGCTTTCCCTG_015,55
AAATGTATGAGCTTTCCCTG_016,80
ACAGCCATAGATTTGGACAC_001,88
ACAGCCATAGATTTGGACAC_002,94
CATCTCTTGGCATAGGCCTG_001,22
CATCTCTTGGCATAGGCCTG_002,174
CATCTCTTGGCATAGGCCTG_003,29
CATCTCTTGGCATAGGCCTG_004,80
CATCTCTTGGCATAGGCCTG_005,111
TGTGGTGATGAGACTGCTAT_001,156
TGTGGTGATGAGACTGCTAT_002,149
TGTGGTGATGAGACTGCTAT_003,40
TGTGGTGATGAGACTGCTAT_004,185
TGTGGTGATGAGACTGCTAT_005,14
TGTGGTGATGAGACTGCTAT_006,8
TGTGGTGATGAGACTGCTAT_007,10
ACCACGGACTCGCCGTATGG_001,178
ACCACGGACTCGCCGTATGG_002,98
ACCACGGACTCGCCGTATGG_003,184
ACCACGGACTCGCCGTATGG_004,88
ACCACGGACTCGCCGTATGG_005,84
ACCACGGACTCGCCGTATGG_006,107
ACCACGGACTCGCCGTATGG_007,81
ACCACGGACTCGCCGTATGG_008,144
ACCACGGACTCGCCGTATGG_009,185
ACCACGGACTCGCCGTATGG_010,3
ACCACGGACTCGCCGTATGG_011,194
ACCACGGACTCGCCGTATGG_012,20
ACACAGCAATCACGATCGGT_001,169
ACACAGCAATCACGATCGGT_002,131
ACACAGCAATCACGATCGGT_003,76
ACACAGCAATCACGATCGGT_004,13
ACACAGCAATCACGATCGGT_005,52
ACACAGCAATCACGATCGGT_006,182
ACACAGCAATCACGATCGGT_007,169
ACACAGCAATCACGATCGGT_008,96
ACACAGCAATCACGATCGGT_009,48
ACACAGCAATCACGATCGGT_010,154
ACACAGCAATCACGATCGGT_011,102
ACACAGCAATCACGATCGGT_012,170
ACACAGCAATCACGATCGGT_013,63
ACACAGCAATCACGATCGGT_014,78
TGCAAAACTAAACACGCCAG_001,17
TGCAAAACTAAACACGCCAG_002,185
TGCAAAACTAAACACGCCAG_003,72
GAGTAGCCGATAGTGACCTG_001,44
GAGTAGCCGATAGTGACCTG_002,25
GAGTAGCCGATAGTGACCTG_003,133
CCTCCAGCTCCTCTGAAGGT_001,197
CCTCCAGCTCCTCTGAAGGT_002,6
CCTCCAGCTCCTCTGAAGGT_003,6
CCTCCAGCTCCTCTGAAGGT_004,92
ACAGGATGCCAGTGGTCCCG_001,76
ACAGGATGCCAGTGGTCCCG_002,0
ACAGGATGCCAGTGGTCCCG_003,27
ACAGGATGCCAGTGGTCCCG_004,83
ACAGGATGCCAGTGGTCCCG_005,52
ACAGGATGCCAGTGGTCCCG_006,27
ACAGGATGCCAGTGGTCCCG_007,39
ACAGGATGCCAGTGGTCCCG_008,188
ACAGGATGCCAGTGGTCCCG_009,68
CCGGACGGTGCACCGACCCG_001,33
CCGGACGGTGCACCGACCCG_002,199
CCGGACGGTGCACCGACCCG_003,171
CCGGACGGTGCACCGACCCG_004,82
GTACAAGGCAGCTCTCACCG_001,142
GTACAAGGCAGCTCTCACCG_002,69
GTACAAGGCAGCTCTCACCG_003,102
GTACAAGGCAGCTCTCACCG_004,2
GTACAAGGCAGCTCTCACCG_005,194
GTACAAGGCAGCTCTCACCG_006,189
GTACAAGGCAGCTCTCACCG_007,2
GTACAAGGCAGCTCTCACCG_008,40
GTACAAGGCAGCTCTCACCG_009,177
CATCTCGAAGCATTCCAGCG_001,108
CATCTCGAAGCATTCCAGCG_002,151
GACGGTCCGAGTGTGCAAGA_001,23
GACGGTCCGAGTGTGCAAGA_002,23
GACGGTCCGAGTGTGCAAGA_003,64
GACGGTCCGAGTGTGCAAGA_004,162
GACGGTCCGAGTGTGCAAGA_005,107
GACGGTCCGAGTGTGCAAGA_006,140
GACGGTCCGAGTGTGCAAGA_007,66
GACGGTCCGAGTGTGCAAGA_008,134
ACACAGTTGAAACTAGTCGG_001,188
ACACAGTTGAAACTAGTCGG_002,16
ACACAGTTGAAACTAGTCGG_003,50
ACACAGTTGAAACTAGTCGG_004,54
ACACAGTTGAAACTAGTCGG_005,31
ACACAGTTGAAACTAGTCGG_006,123
ACACAGTTGAAACTAGTCGG_007,68
ACACAGTTGAAACTAGTCGG_008,57
ACACAGTTGAAACTAGTCGG_009,70
ACACAGTTGAAACTAGTCGG_010,81
ACACAGTTGAAACTAGTCGG_011,29
ACACAGTTGAAACTAGTCGG_012,34
ACACAGTTGAAACTAGTCGG_013,2
TCCCAACTACGAGATGCTCA_001,83
TCCCAACTACGAGATGCTCA_002,197
TCCCAACTACGAGATGCTCA_003,77
AAGCTCATCCGAGATGTCTG_001,122
AAGCTCATCCGAGATGTCTG_002,48
AAGCTCATCCGAGATGTCTG_003,193
AAGCTCATCCGAGATGTCTG_004,54
AAGCTCATCCGAGATGTCTG_005,50
AAGCTCATCCGAGATGTCTG_006,140
AAGCTCATCCGAGATGTCTG_007,41
AAGCTCATCCGAGATGTCTG_008,29
AAGCTCATCCGAGATGTCTG_009,78
AAGCTCATCCGAGATGTCTG_010,115
AAGCTCATCCGAGATGTCTG_011,151
AAGCTCATCCGAGATGTCTG_012,41
AAGCTCATCCGAGATGTCTG_013,166
AAGCTCATCCGAGATGTCTG_014,165
AAGCTCATCCGAGATGTCTG_015,11
AAGCTCATCCGAGATGTCTG_016,65
AAGCTCATCCGAGATGTCTG_017,30
AAGCTCATCCGAGATGTCTG_018,48
AAGCTCATCCGAGATGTCTG_019,57
AAGCTCATCCGAGATGTCTG_020,183
AAGCTCATCCGAGATGTCTG_021,27
AAGCTCATCCGAGATGTCTG_022,41
AAGCTCATCCGAGATGTCTG_023,168
AGCTCCCAACTACCCTACAG_001,193
AGCTCCCAACTACCCTACAG_002,193
AGCTCCCAACTACCCTACAG_003,127
AGCTCCCAACTACCCTACAG_004,145
AGCTCCCAACTACCCTACAG_005,192
AGCTCCCAACTACCCTACAG_006,116
AGCTCCCAACTACCCTACAG_007,105
AGCTCCCAACTACCCTACAG_008,130
AGCTCCCAACTACCCTACAG_009,51
AGCTCCCAACTACCCTACAG_010,116
AGCTCCCAACTACCCTACAG_011,95
AGCTCCCAACTACCCTACAG_012,29
AGCTCCCAACTACCCTACAG_013,96
AGCTCCCAACTACCCTACAG_014,107
GCACCGAGATCTGGTCGTTG_001,109
GGTGAATCAGGACGAGCCCG_001,127
GGTGAATCAGGACGAGCCCG_002,48
GGTGAATCAGGACGAGCCCG_003,146
GGTGAATCAGGACGAGCCCG_004,148
GGTGAATCAGGACGAGCCCG_005,13
GGTGAATCAGGACGAGCCCG_006,189
GGTGAATCAGGACGAGCCCG_007,186
ATTGTTCCCAGCATAAACTG_001,144
ATTGTTCCCAGCATAAACTG_002,48
ATTGTTCCCAGCATAAACTG_003,181
ATTGTTCCCAGCATAAACTG_004,68
ATTGTTCCCAGCATAAACTG_005,144
ATTGTTCCCAGCATAAACTG_006,98
ATTGTTCCCAGCATAAACTG_007,177
ATTGTTCCCAGCATAAACTG_008,170
ATTGTTCCCAGCATAAACTG_009,50
ATTGTTCCCAGCATAAACTG_010,160
ATTGTTCCCAGCATAAACTG_011,138
ATTGTTCCCAGCATAAACTG_012,77
ATTGTTCCCAGCATAAACTG_013,19
ATTGTTCCCAGCATAAACTG_014,149
ATTGTTCCCAGCATAAACTG_015,63
ATTGTTCCCAGCATAAACTG_016,103
ATTGTTCCCAGCATAAACTG_017,191
ATTGTTCCCAGCATAAACTG_018,169
GGGAGGCGTAGTAGGCCGCG_001,58
GGGAGGCGTAGTAGGCCGCG_002,141
GGGAGGCGTAGTAGGCCGCG_003,107
GGGAGGCGTAGTAGGCCGCG_004,127
GGGAGGCGTAGTAGGCCGCG_005,154
GGGAGGCGTAGTAGGCCGCG_006,74
GGGAGGCGTAGTAGGCCGCG_007,179
GGGAGGCGTAGTAGGCCGCG_008,48
GGGAGGCGTAGTAGGCCGCG_009,158
GGGAGGCGTAGTAGGCCGCG_010,76
GGGAGGCGTAGTAGGCCGCG_011,92
GGGAGGCGTAGTAGGCCGCG_012,185
GGGAGGCGTAGTAGGCCGCG_013,1
GGGAGGCGTAGTAGGCCGCG_014,73
GGGAGGCGTAGTAGGCCGCG_015,174
AAATATCTGACAAACAAGAG_001,145
AAATATCTGACAAACAAGAG_002,188
AAATATCTGACAAACAAGAG_003,30
TGGAATGGCTACGCGCCCGG_001,156
TGGAATGGCTACGCGCCCGG_002,115
TGGAATGGCTACGCGCCCGG_003,28
TGGAATGGCTACGCGCCCGG_004,11
TGGAATGGCTACGCGCCCGG_005,107
TGGAATGGCTACGCGCCCGG_006,169
TGGAATGGCTACGCGCCCGG_007,80
TGGAATGGCTACGCGCCCGG_008,147
TGGAATGGCTACGCGCCCGG_009,91
TGGAATGGCTACGCGCCCGG_010,150
TGGAATGGCTACGCGCCCGG_011,16
TGGAATGGCTACGCGCCCGG_012,135
TGGAATGGCTACGCGCCCGG_013,88
TGGAATGGCTACGCGCCCGG_014,191
TGGAATGGCTACGCGCCCGG_015,8
TGGAATGGCTACGCGCCCGG_016,56
TGGAATGGCTACGCGCCCGG_017,116
TGGAATGGCTACGCGCCCGG_018,41
TGGAATGGCTACGCGCCCGG_019,134
TGGAATGGCTACGCGCCCGG_020,92
TGGAATGGCTACGCGCCCGG_021,7
TGGAATGGCTACGCGCCCGG_022,114
TGGAATGGCTACGCGCCCGG_023,148
TGGAATGGCTACGCGCCCGG_024,105
CAAACGTAACCTGAAGCGAA_001,106
CCTTGATCACATTCGCCCTG_001,67
CCTTGATCACATTCGCCCTG_002,88
CCTTGATCACATTCGCCCTG_003,144
TCTCGCGCATTTCCGTGAAG_001,118
ATTATATTCTGTCCCCAGTA_001,167
CTCGGAGACTCTGTACTCGA_001,188
CTCGGAGACTCTGTACTCGA_002,185
CTCGGAGACTCTGTACTCGA_003,5
CTCGGAGACTCTGTACTCGA_004,48
CTCGGAGACTCTGTACTCGA_005,144
CTCGGAGACTCTGTACTCGA_006,44
CTCGGAGACTCTGTACTCGA_007,95
CTCGGAGACTCTGTACTCGA_008,101
CTCGGAGACTCTGTACTCGA_009,53
CTCGGAGACTCTGTACTCGA_010,158
CTCGGAGACTCTGTACTCGA_011,17
CTCGGAGACTCTGTACTCGA_012,54
CTCGGAGACTCTGTACTCGA_013,197
CTCGGAGACTCTGTACTCGA_014,50
CTCGGAGACTCTGTACTCGA_015,55
CTCGGAGACTCTGTACTCGA_016,141
CGAGATCGATGCCCGCTACG_001,153
CGAGATCGATGCCCGCTACG_002,7
CGAGATCGATGCCCGCTACG_003,25
CGAGATCGATGCCCGCTACG_004,82
CGAGATCGATGCCCGCTACG_005,120
CGAGATCGATGCCCGCTACG_006,103
CGAGATCGATGCCCGCTACG_007,192
CGAGATCGATGCCCGCTACG_008,142
GTGACAAGCAGCCAATCGGG_001,106
GTGACAAGCAGCCAATCGGG_002,56
GTGACAAGCAGCCAATCGGG_003,170
GTGACAAGCAGCCAATCGGG_004,78
GTGACAAGCAGCCAATCGGG_005,138
GTGACAAGCAGCCAATCGGG_006,149
GTGACAAGCAGCCAATCGGG_007,29
GTGACAAGCAGCCAATCGGG_008,62
GTGACAAGCAGCCAATCGGG_009,15
GTGACAAGCAGCCAATCGGG_010,171
GTGACAAGCAGCCAATCGGG_011,74
GTGACAAGCAGCCAATCGGG_012,29
GTGACAAGCAGCCAATCGGG_013,175
GTGACAAGCAGCCAATCGGG_014,2
GTGACAAGCAGCCAATCGGG_015,137
GTGACAAGCAGCCAATCGGG_016,43
GTGACAAGCAGCCAATCGGG_017,94
GTGACAAGCAGCCAATCGGG_018,2
GTGACAAGCAGCCAATCGGG_019,129
GTGACAAGCAGCCAATCGGG_020,175
GTGACAAGCAGCCAATCGGG_021,49
GTGACAAGCAGCCAATCGGG_022,50
GTGACAAGCAGCCAATCGGG_023,6
GTGACAAGCAGCCAATCGGG_024,191
GTGACAAGCAGCCAATCGGG_025,146
GTGACAAGCAGCCAATCGGG_026,17
GTGACAAGCAGCCAATCGGG_027,41
GTGACAAGCAGCCAATCGGG_028,147
GTGACAAGCAGCCAATCGGG_029,77
GTGACAAGCAGCCAATCGGG_030,102
GTGACAAGCAGCCAATCGGG_031,34
GTGACAAGCAGCCAATCGGG_032,158
GTGACAAGCAGCCAATCGGG_033,112
GTGACAAGCAGCCAATCGGG_034,16
GTGACAAGCAGCCAATCGGG_035,13
GGCCCGGCAGCGTGTCGTCG_001,178
TGCACTCCTGCACTGCAAAG_001,33
TGCACTCCTGCACTGCAAAG_002,108
TGCACTCCTGCACTGCAAAG_003,2
GTTTACAGAATTTGCAACAC_001,72
GTTTACAGAATTTGCAACAC_002,91
GTTTACAGAATTTGCAACAC_003,123
TGGCAGTAATCTACTGTGTG_001,34
TGGCAGTAATCTACTGTGTG_002,169
TGGCAGTAATCTACTGTGTG_003,141
TGGCAGTAATCTACTGTGTG_004,44
TGGCAGTAATCTACTGTGTG_005,141
TGGCAGTAATCTACTGTGTG_006,48
ATATAGTCTGAATCTTGTGA_001,81
CTCCGCAGTACTCAGGACGT_001,62
CTCCGCAGTACTCAGGACGT_002,103
CTCCGCAGTACTCAGGACGT_003,58
CTCCGCAGTACTCAGGACGT_004,188
CTCCGCAGTACTCAGGACGT_005,75
CTCCGCAGTACTCAGGACGT_006,170
CTCCGCAGTACTCAGGACGT_007,12
CTCCGCAGTACTCAGGACGT_008,86
CTCCGCAGTACTCAGGACGT_009,113
CTCCGCAGTACTCAGGACGT_010,36
CTCCGCAGTACTCAGGACGT_011,197
CTCCGCAGTACTCAGGACGT_012,104
CTCCGCAGTACTCAGGACGT_013,184
CTCCGCAGTACTCAGGACGT_014,142
CTCCGCAGTACTCAGGACGT_015,130
CTCCGCAGTACTCAGGACGT_016,184
CTCCGCAGTACTCAGGACGT_017,166
GCTCGCGCAAGTGGATGTCG_001,84
GCTCGCGCAAGTGGATGTCG_002,8
GCTCGCGCAAGTGGATGTCG_003,74
GCTCGCGCAAGTGGATGTCG_004,74
GCTCGCGCAAGTGGATGTCG_005,74
GCTCGCGCAAGTGGATGTCG_006,170
GCTCGCGCAAGTGGATGTCG_007,192
GCTCGCGCAAGTGGATGTCG_008,16
GCTCGCGCAAGTGGATGTCG_009,148
GCTCGCGCAAGTGGATGTCG_010,49
GCTCGCGCAAGTGGATGTCG_011,5
GCTCGCGCAAGTGGATGTCG_012,5
GCTCGCGCAAGTGGATGTCG_013,197
GCTCGCGCAAGTGGATGTCG_014,158
GCTCGCGCAAGTGGATGTCG_015,115
GCTCGCGCAAGTGGATGTCG_016,138
GCTCGCGCAAGTGGATGTCG_017,87
GCTCGCGCAAGTGGATGTCG_018,198
GCTCGCGCAAGTGGATGTCG_019,192
GCTCGCGCAAGTGGATGTCG_020,98
GCTCGCGCAAGTGGATGTCG_021,19
GCTCGCGCAAGTGGATGTCG_022,169
GCTCGCGCAAGTGGATGTCG_023,138
GCTCGCGCAAGTGGATGTCG_024,23
GCTCGCGCAAGTGGATGTCG_025,153
GCTCGCGCAAGTGGATGTCG_026,40
GCTCGCGCAAGTGGATGTCG_027,106
CTCCACTGACTTCACGCAAG_001,141
CTCCACTGACTTCACGCAAG_002,108
CTCCACTGACTTCACGCAAG_003,65
CTCCACTGACTTCACGCAAG_004,56
CTCCACTGACTTCACGCAAG_005,32
AGAATTTCCGGCCTTCATGG_001,107
AGAATTTCCGGCCTTCATGG_002,15
AGAATTTCCGGCCTTCATGG_003,138
AGAATTTCCGGCCTTCATGG_004,104
AGAATTTCCGGCCTTCATGG_005,15
AGAATTTCCGGCCTTCATGG_006,152
CTCGTGCTGCACATAGGGGT_001,38
CTCGTGCTGCACATAGGGGT_002,187
CTCGTGCTGCACATAGGGGT_003,34
CTCGTGCTGCACATAGGGGT_004,129
CTCGTGCTGCACATAGGGGT_005,113
TTGGCTATACCTGTAAATGG_001,65
TTGGCTATACCTGTAAATGG_002,7
GCAGTGCGCTACAACCGCGT_001,182
GCAGTGCGCTACAACCGCGT_002,150
GCAGTGCGCTACAACCGCGT_003,77
GATAACGATAGTATAATGTG_001,56
CATCCTGACACACATGCGGG_001,15
CATCCTGACACACATGCGGG_002,98
CATCCTGACACACATGCGGG_003,61
CATCCTGACACACATGCGGG_004,74
CATCCTGACACACATGCGGG_005,75
CATCCTGACACACATGCGGG_006,52
CATCCTGACACACATGCGGG_007,184
AAAGCAGTGAGTGTCAACGA_001,6
AAAGCAGTGAGTGTCAACGA_002,32
AAAGCAGTGAGTGTCAACGA_003,96
AAAGCAGTGAGTGTCAACGA_004,170
AAAGCAGTGAGTGTCAACGA_005,14
AAAGCAGTGAGTGTCAACGA_006,172
AAAGCAGTGAGTGTCAACGA_007,181
AAAGCAGTGAGTGTCAACGA_008,119
AAAGCAGTGAGTGTCAACGA_009,102
AAAGCAGTGAGTGTCAACGA_010,27
GATATGTCTAGGATGCTTGG_001,169
GATATGTCTAGGATGCTTGG_002,115
GATATGTCTAGGATGCTTGG_003,98
GATATGTCTAGGATGCTTGG_004,65
AGTCCTGGATGGCAGATGGA_001,150
AGTCCTGGATGGCAGATGGA_002,81
AGTCCTGGATGGCAGATGGA_003,145
AGTCCTGGATGGCAGATGGA_004,16
AGTCCTGGATGGCAGATGGA_005,162
AGTCCTGGATGGCAGATGGA_006,46
AGCAGACGTCCATGAAAGCG_001,127
AGCAGACGTCCATGAAAGCG_002,41
AGCAGACGTCCATGAAAGCG_003,199
AGCAGACGTCCATGAAAGCG_004,105
AGCAGACGTCCATGAAAGCG_005,17
AGCAGACGTCCATGAAAGCG_006,141
AGCAGACGTCCATGAAAGCG_007,190
AGCAGACGTCCATGAAAGCG_008,190
AGCAGACGTCCATGAAAGCG_009,162
AGCAGACGTCCATGAAAGCG_010,105
AGCAGACGTCCATGAAAGCG_011,184
AGCAGACGTCCATGAAAGCG_012,81
AGCAGACGTCCATGAAAGCG_013,34
AGCAGACGTCCATGAAAGCG_014,46
AGCAGACGTCCATGAAAGCG_015,170
AGCAGACGTCCATGAAAGCG_016,70
CAGGCATAGAGACTTTAGAC_001,124
CAGGCATAGAGACTTTAGAC_002,114
CAGGCATAGAGACTTTAGAC_003,184
CAGGCATAGAGACTTTAGAC_004,79
CAGGCATAGAGACTTTAGAC_005,45
AAAAACACTTCATCAAACAC_001,48
AAAAACACTTCATCAAACAC_002,169
AAAAACACTTCATCAAACAC_003,9
AAAAACACTTCATCAAACAC_004,152
AGCCCTTACCGGAATACGTG_001,199
AGCCCTTACCGGAATACGTG_002,150
AGCCCTTACCGGAATACGTG_003,169
AGCCCTTACCGGAATACGTG_004,61
AGCCCTTACCGGAATACGTG_005,127
AGCCCTTACCGGAATACGTG_006,174
AGCCCTTACCGGAATACGTG_007,11
AGCCCTTACCGGAATACGTG_008,199
AGCCCTTACCGGAATACGTG_009,199
AGCCCTTACCGGAATACGTG_010,103
AGCCCTTACCGGAATACGTG_011,100
CCCCGGCAGAAACGTCCGCG_001,160
CCCCGGCAGAAACGTCCGCG_002,88
CCCCGGCAGAAACGTCCGCG_003,136
CCCCGGCAGAAACGTCCGCG_004,31
CCCCGGCAGAAACGTCCGCG_005,173
CCCCGGCAGAAACGTCCGCG_006,144
CCCCGGCAGAAACGTCCGCG_007,150
GTCATCAGATGAATGGGAGA_001,3
GTCATCAGATGAATGGGAGA_002,52
GTCATCAGATGAATGGGAGA_003,43
GTCATCAGATGAATGGGAGA_004,138
GTCATCAGATGAATGGGAGA_005,68
GTCATCAGATGAATGGGAGA_006,82
GTCATCAGATGAATGGGAGA_007,113
GTCATCAGATGAATGGGAGA_008,28
GTCATCAGATGAATGGGAGA_009,142
GTCATCAGATGAATGGGAGA_010,157
GGTTCAACTTCAGAAAGAGG_001,93
GGTTCAACTTCAGAAAGAGG_002,139
AGGATCCCAATTCTGGGTAA_001,74
AGGATCCCAATTCTGGGTAA_002,97
AGTTGGCAGTATCATCGGAA_001,74
AGTTGGCAGTATCATCGGAA_002,97
AGTTGGCAGTATCATCGGAA_003,80
AGTTGGCAGTATCATCGGAA_004,138
CCACACCAAAACATGAACCG_001,49
CCACACCAAAACATGAACCG_002,94
CCACACCAAAACATGAACCG_003,196
CCACACCAAAACATGAACCG_004,12
CCACACCAAAACATGAACCG_005,45
CCACACCAAAACATGAACCG_006,105
CCACACCAAAACATGAACCG_007,105
CCACACCAAAACATGAACCG_008,84
CCACACCAAAACATGAACCG_009,125
CCACACCAAAACATGAACCG_010,165
CCACACCAAAACATGAACCG_011,13
CCACACCAAAACATGAACCG_012,88
CCACACCAAAACATGAACCG_013,113
CCACACCAAAACATGAACCG_014,171
CCACACCAAAACATGAACCG_015,178
CCACACCAAAACATGAACCG_016,82
CCACACCAAAACATGAACCG_017,174
CCACACCAAAACATGAACCG_018,110
CCACACCAAAACATGAACCG_019,144
CCACACCAAAACATGAACCG_020,144
CCACACCAAAACATGAACCG_021,123
CCACACCAAAACATGAACCG_022,39
CCACACCAAAACATGAACCG_023,152
CCACACCAAAACATGAACCG_024,115
CCACACCAAAACATGAACCG_025,142
CCACACCAAAACATGAACCG_026,84
CCACACCAAAACATGAACCG_027,195
CCACACCAAAACATGAACCG_028,197
GCTCCACAGAATCATCCCGA_001,190
TGCATCAAAGCCCCCCTCAG_001,107
TGCATCAAAGCCCCCCTCAG_002,197
TGCATCAAAGCCCCCCTCAG_003,162
TGCATCAAAGCCCCCCTCAG_004,20
TGCATCAAAGCCCCCCTCAG_005,25
TGCATCAAAGCCCCCCTCAG_006,197
TGCATCAAAGCCCCCCTCAG_007,171
TGCATCAAAGCCCCCCTCAG_008,186
TGCATCAAAGCCCCCCTCAG_009,36
TGCATCAAAGCCCCCCTCAG_010,15
TGCATCAAAGCCCCCCTCAG_011,194
TGCATCAAAGCCCCCCTCAG_012,32
TGCATCAAAGCCCCCCTCAG_013,110
TGCATCAAAGCCCCCCTCAG_014,159
TGCATCAAAGCCCCCCTCAG_015,54
TGCATCAAAGCCCCCCTCAG_016,176
TGCATCAAAGCCCCCCTCAG_017,94
TGCATCAAAGCCCCCCTCAG_018,105
TGCATCAAAGCCCCCCTCAG_019,165
TGCATCAAAGCCCCCCTCAG_020,77
TGCATCAAAGCCCCCCTCAG_021,199
TGCATCAAAGCCCCCCTCAG_022,60
TGCATCAAAGCCCCCCTCAG_023,8
TGCATCAAAGCCCCCCTCAG_024,191
TGCATCAAAGCCCCCCTCAG_025,40
TGCATCAAAGCCCCCCTCAG_026,172
TGCATCAAAGCCCCCCTCAG_027,35
TGCATCAAAGCCCCCCTCAG_028,148
CAGGCAGAAGCAGATTCAGG_001,28
CAGGCAGAAGCAGATTCAGG_002,153
CAGGCAGAAGCAGATTCAGG_003,10
GATAACTTATCCCAGCAACT_001,147
GATAACTTATCCCAGCAACT_002,144
GATAACTTATCCCAGCAACT_003,68
CGTACCGGTTGATACCAATG_001,130
CGTACCGGTTGATACCAATG_002,163
CGTACCGGTTGATACCAATG_003,171
CGTACCGGTTGATACCAATG_004,104
CGTACCGGTTGATACCAATG_005,134
CGTACCGGTTGATACCAATG_006,134
CGTACCGGTTGATACCAATG_007,19
GCGGCTGGAATACATCTCGG_001,4
GCGGCTGGAATACATCTCGG_002,70
GCGGCTGGAATACATCTCGG_003,34
GCGGCTGGAATACATCTCGG_004,168
GCGGCTGGAATACATCTCGG_005,137
GCGGCTGGAATACATCTCGG_006,77
CAGTGATGTGCTCTCAGCCA_001,184
CAGTGATGTGCTCTCAGCCA_002,175
CAGTGATGTGCTCTCAGCCA_003,94
GAGTTGCTGCTCAGAGAAGT_001,166
GAGTTGCTGCTCAGAGAAGT_002,156
GAGTTGCTGCTCAGAGAAGT_003,82
GAGTTGCTGCTCAGAGAAGT_004,20
CACCCGTGACCACGGCCGTG_001,45
CCACGTACACGTTGTCCCCG_001,57
CCACGTACACGTTGTCCCCG_002,127
CCACGTACACGTTGTCCCCG_003,84
CCACGTACACGTTGTCCCCG_004,153
CCACGTACACGTTGTCCCCG_005,151
CCACGTACACGTTGTCCCCG_006,127
CCACGTACACGTTGTCCCCG_007,41
CCACGTACACGTTGTCCCCG_008,125
CCACGTACACGTTGTCCCCG_009,169
CCACGTACACGTTGTCCCCG_010,82
CCACGTACACGTTGTCCCCG_011,139
AAGGTGCTGTGCGCCCACGG_001,23
AAGGTGCTGTGCGCCCACGG_002,53
AAGGTGCTGTGCGCCCACGG_003,170
AAGGTGCTGTGCGCCCACGG_004,6
AAGGTGCTGTGCGCCCACGG_005,178
AAGGTGCTGTGCGCCCACGG_006,78
AAGGTGCTGTGCGCCCACGG_007,51
AAGGTGCTGTGCGCCCACGG_008,184
AAGGTGCTGTGCGCCCACGG_009,132
AAGGTGCTGTGCGCCCACGG_010,77
AAGGTGCTGTGCGCCCACGG_011,46
AAGGTGCTGTGCGCCCACGG_012,41
AAGGTGCTGTGCGCCCACGG_013,19
AAGGTGCTGTGCGCCCACGG_014,38
AAGGTGCTGTGCGCCCACGG_015,81
AAGGTGCTGTGCGCCCACGG_016,4
AAGGTGCTGTGCGCCCACGG_017,169
AAGGTGCTGTGCGCCCACGG_018,192
AAGGTGCTGTGCGCCCACGG_019,165
AAGGTGCTGTGCGCCCACGG_020,38
AAGGTGCTGTGCGCCCACGG_021,19
AAGGTGCTGTGCGCCCACGG_022,194
AAGGTGCTGTGCGCCCACGG_023,41
AAGGTGCTGTGCGCCCACGG_024,41
AAGGTGCTGTGCGCCCACGG_025,38
AAGGTGCTGTGCGCCCACGG_026,5
AAGGTGCTGTGCGCCCACGG_027,127
AAGGTGCTGTGCGCCCACGG_028,91
AAGGTGCTGTGCGCCCACGG_029,22
AAGGTGCTGTGCGCCCACGG_030,134
AAGGTGCTGTGCGCCCACGG_031,147
AAGGTGCTGTGCGCCCACGG_032,74
AAGGTGCTGTGCGCCCACGG_033,33
AAGGTGCTGTGCGCCCACGG_034,117
AAGGTGCTGTGCGCCCACGG_035,146
AAGGTGCTGTGCGCCCACGG_036,137
AAGGTGCTGTGCGCCCACGG_037,169
AAGGTGCTGTGCGCCCACGG_038,1
AAGGTGCTGTGCGCCCACGG_039,196
GACCTCGGGACTCAACACCT_001,178
GACCTCGGGACTCAACACCT_002,174
GACCTCGGGACTCAACACCT_003,163
GACCTCGGGACTCAACACCT_004,155
GACCTCGGGACTCAACACCT_005,198
GACCTCGGGACTCAACACCT_006,156
GACCTCGGGACTCAACACCT_007,60
GACCTCGGGACTCAACACCT_008,73
GACCTCGGGACTCAACACCT_009,134
GACCTCGGGACTCAACACCT_010,115
GACCTCGGGACTCAACACCT_011,118
GACCTCGGGACTCAACACCT_012,35
GACCTCGGGACTCAACACCT_013,1
GACCTCGGGACTCAACACCT_014,107
GACCTCGGGACTCAACACCT_015,17
GACCTCGGGACTCAACACCT_016,36
GACCTCGGGACTCAACACCT_017,140
GACCTCGGGACTCAACACCT_018,105
GACCTCGGGACTCAACACCT_019,161
GACCTCGGGACTCAACACCT_020,116
GACCTCGGGACTCAACACCT_021,185
GACCTCGGGACTCAACACCT_022,158
GACCTCGGGACTCAACACCT_023,71
GACCTCGGGACTCAACACCT_024,108
GACCTCGGGACTCAACACCT_025,20
GACCTCGGGACTCAACACCT_026,125
GACCTCGGGACTCAACACCT_027,30
GACCTCGGGACTCAACACCT_028,169
GACCTCGGGACTCAACACCT_029,156
GACCTCGGGACTCAACACCT_030,115
GACCTCGGGACTCAACACCT_031,166
GACCTCGGGACTCAACACCT_032,137
GACCTCGGGACTCAACACCT_033,31
GACCTCGGGACTCAACACCT_034,88
GACCTCGGGACTCAACACCT_035,6
GACCTCGGGACTCAACACCT_036,83
GACCTCGGGACTCAACACCT_037,47
GACCTCGGGACTCAACACCT_038,176
GACCTCGGGACTCAACACCT_039,11
GACCTCGGGACTCAACACCT_040,76
GACCTCGGGACTCAACACCT_041,65
GACCTCGGGACTCAACACCT_042,3
GACCTCGGGACTCAACACCT_043,184
GACCTCGGGACTCAACACCT_044,54
GACCTCGGGACTCAACACCT_045,37
GACCTCGGGACTCAACACCT_046,6
GACCTCGGGACTCAACACCT_047,124
GACCTCGGGACTCAACACCT_048,48
GACCTCGGGACTCAACACCT_049,63
GACCTCGGGACTCAACACCT_050,105
GTCCAAATCATGGGTACCAA_001,69
GTCCAAATCATGGGTACCAA_002,125
GTCCAAATCATGGGTACCAA_003,41
GTCCAAATCATGGGTACCAA_004,14
GTCCAAATCATGGGTACCAA_005,31
GTCCAAATCATGGGTACCAA_006,114
GTCCAAATCATGGGTACCAA_007,162
GTCCAAATCATGGGTACCAA_008,141
GTCCAAATCATGGGTACCAA_009,168
TGGTATGAATCAAGCTCCAG_001,2
TGGTATGAATCAAGCTCCAG_002,122
TGGTATGAATCAAGCTCCAG_003,175
TGGTATGAATCAAGCTCCAG_004,39
TGGTATGAATCAAGCTCCAG_005,39
AAGGACTCATCTCCATGTGG_001,150
AAGGACTCATCTCCATGTGG_002,94
AAGGACTCATCTCCATGTGG_003,80
AAGGACTCATCTCCATGTGG_004,158
AAGGACTCATCTCCATGTGG_005,68
AAGGACTCATCTCCATGTGG_006,199
AAAGAAGAGGAGGATCCTAA_001,191
AAAGAAGAGGAGGATCCTAA_002,65
AAAGAAGAGGAGGATCCTAA_003,94
GGCGGCACGGAATACCCCCT_001,38
GGCGGCACGGAATACCCCCT_002,23
GAGTTCTGGCAACAGGCTAA_001,70
GAGTTCTGGCAACAGGCTAA_002,50
GAGTTCTGGCAACAGGCTAA_003,199
GAGTTCTGGCAACAGGCTAA_004,130
GAGTTCTGGCAACAGGCTAA_005,106
GAGTTCTGGCAACAGGCTAA_006,146
GAGTTCTGGCAACAGGCTAA_007,69
GAGTTCTGGCAACAGGCTAA_008,43
GAGTTCTGGCAACAGGCTAA_009,56
GAGTTCTGGCAACAGGCTAA_010,61
GAGTTCTGGCAACAGGCTAA_011,184
GAGTTCTGGCAACAGGCTAA_012,113
GTGAGAAGGCCATTGAAGTG_001,140
GTGAGAAGGCCATTGAAGTG_002,10
GTGAGAAGGCCATTGAAGTG_003,115
GTGAGAAGGCCATTGAAGTG_004,192
GTGAGAAGGCCATTGAAGTG_005,86
GTGAGAAGGCCATTGAAGTG_006,127
GTGAGAAGGCCATTGAAGTG_007,48
GTGAGAAGGCCATTGAAGTG_008,4
GTGAGAAGGCCATTGAAGTG_009,66
GTGAGAAGGCCATTGAAGTG_010,26
GTGAGAAGGCCATTGAAGTG_011,49
GTGAGAAGGCCATTGAAGTG_012,104
GTGAGAAGGCCATTGAAGTG_013,1
CACTGACCCGATGCTAGAGA_001,54
CACTGACCCGATGCTAGAGA_002,113
CACTGACCCGATGCTAGAGA_003,64
CACTGACCCGATGCTAGAGA_004,91
CCCATCCGATGCCTTCAACG_001,72
CCCATCCGATGCCTTCAACG_002,119
CCCATCCGATGCCTTCAACG_003,174
CCCATCCGATGCCTTCAACG_004,62
CCCATCCGATGCCTTCAACG_005,130
CCCATCCGATGCCTTCAACG_006,82
CCCATCCGATGCCTTCAACG_007,120
CCCATCCGATGCCTTCAACG_008,123
CCCATCCGATGCCTTCAACG_009,127
CCCATCCGATGCCTTCAACG_010,95
CCCATCCGATGCCTTCAACG_011,90
CCCATCCGATGCCTTCAACG_012,83
CCCATCCGATGCCTTCAACG_013,180
GTGGGGTTCCTGTAGTCACG_001,48
GTGGGGTTCCTGTAGTCACG_002,121
GTGGGGTTCCTGTAGTCACG_003,175
GTGGGGTTCCTGTAGTCACG_004,135
GTGGGGTTCCTGTAGTCACG_005,121
GTGGGGTTCCTGTAGTCACG_006,177
GTGGGGTTCCTGTAGTCACG_007,72
GTGGGGTTCCTGTAGTCACG_008,81
GTGGGGTTCCTGTAGTCACG_009,145
TCTCAGGAAGCAATGCACCA_001,60
GAGCCCGTCGAAAAGACCAG_001,105
GAGCCCGTCGAAAAGACCAG_002,172
GAGCCCGTCGAAAAGACCAG_003,116
GAGCCCGTCGAAAAGACCAG_004,43
GAGCCCGTCGAAAAGACCAG_005,165
GAGCCCGTCGAAAAGACCAG_006,161
GAGCCCGTCGAAAAGACCAG_007,176
GAGCCCGTCGAAAAGACCAG_008,104
GAGCCCGTCGAAAAGACCAG_009,57
GAGCCCGTCGAAAAGACCAG_010,54
GCAGGTCTCCTGTTACTCAG_001,125
GCAGGTCTCCTGTTACTCAG_002,3
GCAGGTCTCCTGTTACTCAG_003,104
GCAGGTCTCCTGTTACTCAG_004,186
GCAGGTCTCCTGTTACTCAG_005,84
GCAGGTCTCCTGTTACTCAG_006,125
GCAGGTCTCCTGTTACTCAG_007,140
GCAGGTCTCCTGTTACTCAG_008,38
AGTGCGGAGCGTTCACCCAG_001,184
AGTGCGGAGCGTTCACCCAG_002,100
AGTGCGGAGCGTTCACCCAG_003,106
AGTGCGGAGCGTTCACCCAG_004,184
AGTGCGGAGCGTTCACCCAG_005,16
AGTGCGGAGCGTTCACCCAG_006,69
AGTGCGGAGCGTTCACCCAG_007,188
AGTGCGGAGCGTTCACCCAG_008,50
AGTGCGGAGCGTTCACCCAG_009,162
AGTGCGGAGCGTTCACCCAG_010,118
AGTGCGGAGCGTTCACCCAG_011,101
GCAGGGAACAGATTGCAAGT_001,127
GCAGGGAACAGATTGCAAGT_002,19
GCAGGGAACAGATTGCAAGT_003,72
GCAGGGAACAGATTGCAAGT_004,19
GCAGGGAACAGATTGCAAGT_005,160
GCAGGGAACAGATTGCAAGT_006,156
GCAGGGAACAGATTGCAAGT_007,66
GCAGGGAACAGATTGCAAGT_008,78
GCAGGGAACAGATTGCAAGT_009,94
GGCCACGGGCAAGAACCTCT_001,121
GGCCACGGGCAAGAACCTCT_002,126
GGCCACGGGCAAGAACCTCT_003,125
GGCCACGGGCAAGAACCTCT_004,82
GGCCACGGGCAAGAACCTCT_005,142
GGCCACGGGCAAGAACCTCT_006,60
GGCCACGGGCAAGAACCTCT_007,162
GGCCACGGGCAAGAACCTCT_008,187
GGCCACGGGCAAGAACCTCT_009,24
GGCCACGGGCAAGAACCTCT_010,127
GGCCACGGGCAAGAACCTCT_011,137
TTCGAGCTCTTAGGCCGCCG_001,147
TTCGAGCTCTTAGGCCGCCG_002,78
TTCGAGCTCTTAGGCCGCCG_003,198
GGGCAGCCGAACCGCCCAAG_001,81
GGGCAGCCGAACCGCCCAAG_002,95
GGGCAGCCGAACCGCCCAAG_003,21
GGGCAGCCGAACCGCCCAAG_004,105
GGGCAGCCGAACCGCCCAAG_005,49
GGGCAGCCGAACCGCCCAAG_006,102
GGGCAGCCGAACCGCCCAAG_007,191
GGGCAGCCGAACCGCCCAAG_008,85
GGGCAGCCGAACCGCCCAAG_009,185
GGGCAGCCGAACCGCCCAAG_010,90
GGGCAGCCGAACCGCCCAAG_011,164
GGGCAGCCGAACCGCCCAAG_012,164
GGGCAGCCGAACCGCCCAAG_013,94
GGGCAGCCGAACCGCCCAAG_014,101
GGGCAGCCGAACCGCCCAAG_015,149
GGGCAGCCGAACCGCCCAAG_016,29
GGGCAGCCGAACCGCCCAAG_017,29
GGGCAGCCGAACCGCCCAAG_018,147
GGGCAGCCGAACCGCCCAAG_019,192
GAAGCCGAAGTTATGAAAGG_001,127
GAAGCCGAAGTTATGAAAGG_002,81
GAAGCCGAAGTTATGAAAGG_003,150
GAAGCCGAAGTTATGAAAGG_004,93
GAAGCCGAAGTTATGAAAGG_005,156
GAAGCCGAAGTTATGAAAGG_006,117
TCCCCCCAAGCAACCCAACG_001,166
TCCCCCCAAGCAACCCAACG_002,23
TCCCCCCAAGCAACCCAACG_003,158
TCCCCCCAAGCAACCCAACG_004,158
TCCCCCCAAGCAACCCAACG_005,115
TCCCCCCAAGCAACCCAACG_006,77
TCCCCCCAAGCAACCCAACG_007,195
TCCCCCCAAGCAACCCAACG_008,128
TCCCCCCAAGCAACCCAACG_009,98
TCCCCCCAAGCAACCCAACG_010,83
TCCCCCCAAGCAACCCAACG_011,175
ACCTGTAATGGCTTTCGGAT_001,52
ACCTGTAATGGCTTTCGGAT_002,104
ACCTGTAATGGCTTTCGGAT_003,124
ACCTGTAATGGCTTTCGGAT_004,77
GAAGCCCTGGAGGTGCACGT_001,45
GAAGCCCTGGAGGTGCACGT_002,106
GAAGCCCTGGAGGTGCACGT_003,144
GAAGCCCTGGAGGTGCACGT_004,83
GAAGCCCTGGAGGTGCACGT_005,172
GAAGCCCTGGAGGTGCACGT_006,147
GAAGCCCTGGAGGTGCACGT_007,162
GAAGCCCTGGAGGTGCACGT_008,29
GAAGCCCTGGAGGTGCACGT_009,31
GAAGCCCTGGAGGTGCACGT_010,177
AGGATGTTAACATTACACCC_001,67
AGGATGTTAACATTACACCC_002,150
AGACTGCCTGGCTGCATCGG_001,111
AGACTGCCTGGCTGCATCGG_002,195
AGACTGCCTGGCTGCATCGG_003,4
AGACTGCCTGGCTGCATCGG_004,183
AGACTGCCTGGCTGCATCGG_005,70
AGACTGCCTGGCTGCATCGG_006,60
AGACTGCCTGGCTGCATCGG_007,141
AGACTGCCTGGCTGCATCGG_008,46
AGACTGCCTGGCTGCATCGG_009,8
AGACTGCCTGGCTGCATCGG_010,22
AGACTGCCTGGCTGCATCGG_011,45
AGACTGCCTGGCTGCATCGG_012,152
AGACTGCCTGGCTGCATCGG_013,189
AGACTGCCTGGCTGCATCGG_014,42
AGACTGCCTGGCTGCATCGG_015,0
AGACTGCCTGGCTGCATCGG_016,144
AGGAGAAGAAACGCGCTGGG_001,194
AGGAGAAGAAACGCGCTGGG_002,85
AGGAGAAGAAACGCGCTGGG_003,73
AGGAGAAGAAACGCGCTGGG_004,45
AGGAGAAGAAACGCGCTGGG_005,12
AGGAGAAGAAACGCGCTGGG_006,53
AGGAGAAGAAACGCGCTGGG_007,32
AGGAGAAGAAACGCGCTGGG_008,194
AGGAGAAGAAACGCGCTGGG_009,0
AGGAGAAGAAACGCGCTGGG_010,34
AGGAGAAGAAACGCGCTGGG_011,113
AGGAGAAGAAACGCGCTGGG_012,6
AGGAGAAGAAACGCGCTGGG_013,181
AGGAGAAGAAACGCGCTGGG_014,169
AATGCTCGGATCATAATCAG_001,61
AATGCTCGGATCATAATCAG_002,143
AATGCTCGGATCATAATCAG_003,16
AATGCTCGGATCATAATCAG_004,150
AATGCTCGGATCATAATCAG_005,194
AATGCTCGGATCATAATCAG_006,31
AATGCTCGGATCATAATCAG_007,134
AATGCTCGGATCATAATCAG_008,145
TCAGGCTCTAATCAATCGTG_001,178
TCAGGCTCTAATCAATCGTG_002,31
TCAGGCTCTAATCAATCGTG_003,79
CATCTTGGAACTGTCAACTC_001,130
CATCTTGGAACTGTCAACTC_002,114
CATCTTGGAACTGTCAACTC_003,129
CATCTTGGAACTGTCAACTC_004,150
CATCTTGGAACTGTCAACTC_005,174
CCCTCAGGAGCTACTAAGGT_001,178
CCCTCAGGAGCTACTAAGGT_002,97
CCCTCAGGAGCTACTAAGGT_003,80
CCCTCAGGAGCTACTAAGGT_004,151
CCCTCAGGAGCTACTAAGGT_005,169
CCCTCAGGAGCTACTAAGGT_006,149
CCCTCAGGAGCTACTAAGGT_007,24
CCCTCAGGAGCTACTAAGGT_008,19
CCCTCAGGAGCTACTAAGGT_009,162
CCCTCAGGAGCTACTAAGGT_010,15
CCCTCAGGAGCTACTAAGGT_011,149
CCCTCAGGAGCTACTAAGGT_012,85
CCCTCAGGAGCTACTAAGGT_013,4
CCCTCAGGAGCTACTAAGGT_014,11
CCCTCAGGAGCTACTAAGGT_015,166
CCCTCAGGAGCTACTAAGGT_016,166
CCCTCAGGAGCTACTAAGGT_017,138
CCCTCAGGAGCTACTAAGGT_018,15
CCCTCAGGAGCTACTAAGGT_019,66
CCCTCAGGAGCTACTAAGGT_020,10
CCCTCAGGAGCTACTAAGGT_021,3
CCCTCAGGAGCTACTAAGGT_022,75
ATCAACAATATGGTTCGAGT_001,130
ATCAACAATATGGTTCGAGT_002,96
CCATATCGGGGCGAGACATG_001,152
CCATATCGGGGCGAGACATG_002,154
CCATATCGGGGCGAGACATG_003,70
CCATATCGGGGCGAGACATG_004,60
CCATATCGGGGCGAGACATG_005,127
CCATATCGGGGCGAGACATG_006,12
CCATATCGGGGCGAGACATG_007,51
CCATATCGGGGCGAGACATG_008,61
CCATATCGGGGCGAGACATG_009,72
CCATATCGGGGCGAGACATG_010,43
CCATATCGGGGCGAGACATG_011,4
CCATATCGGGGCGAGACATG_012,134
CCATATCGGGGCGAGACATG_013,149
CCATATCGGGGCGAGACATG_014,109
CCATATCGGGGCGAGACATG_015,105
CCATATCGGGGCGAGACATG_016,104
CCATATCGGGGCGAGACATG_017,150
CCATATCGGGGCGAGACATG_018,2
CCATATCGGGGCGAGACATG_019,140
CCATATCGGGGCGAGACATG_020,12
CCATATCGGGGCGAGACATG_021,112
CCATATCGGGGCGAGACATG_022,198
CCATATCGGGGCGAGACATG_023,115
CCATATCGGGGCGAGACATG_024,17
CCATATCGGGGCGAGACATG_025,86
CCATATCGGGGCGAGACATG_026,9
CCATATCGGGGCGAGACATG_027,58
CCATATCGGGGCGAGACATG_028,35
CCATATCGGGGCGAGACATG_029,29
CCATATCGGGGCGAGACATG_030,50
CCATATCGGGGCGAGACATG_031,51
CCATATCGGGGCGAGACATG_032,107
CCATATCGGGGCGAGACATG_033,190
CCATATCGGGGCGAGACATG_034,17
CCATATCGGGGCGAGACATG_035,144
CCATATCGGGGCGAGACATG_036,142
CCATATCGGGGCGAGACATG_037,129
CCATATCGGGGCGAGACATG_038,124
CCATATCGGGGCGAGACATG_039,22
CCATATCGGGGCGAGACATG_040,174
CCATATCGGGGCGAGACATG_041,16
CCATATCGGGGCGAGACATG_042,144
CCATATCGGGGCGAGACATG_043,142
CCATATCGGGGCGAGACATG_044,18
CCATATCGGGGCGAGACATG_045,164
CCATATCGGGGCGAGACATG_046,164
CCATATCGGGGCGAGACATG_047,130
CCATATCGGGGCGAGACATG_048,94
CCATATCGGGGCGAGACATG_049,9
CCATATCGGGGCGAGACATG_050,35
CCATATCGGGGCGAGACATG_051,60
GAATAACGAAGTGTATGCTG_001,56
GAATAACGAAGTGTATGCTG_002,77
GAATAACGAAGTGTATGCTG_003,50
GCAAGTGGAACCCACCCCTG_001,3
GCAAGTGGAACCCACCCCTG_002,84
GCAAGTGGAACCCACCCCTG_003,41
GCAAGTGGAACCCACCCCTG_004,54
GCAAGTGGAACCCACCCCTG_005,184
GCAAGTGGAACCCACCCCTG_006,2
GCAAGTGGAACCCACCCCTG_007,105
GCAAGTGGAACCCACCCCTG_008,41
GCAAGTGGAACCCACCCCTG_009,69
GCAAGTGGAACCCACCCCTG_010,147
GCAAGTGGAACCCACCCCTG_011,115
GCAAGTGGAACCCACCCCTG_012,175
GCAAGTGGAACCCACCCCTG_013,130
GCAAGTGGAACCCACCCCTG_014,81
GCAAGTGGAACCCACCCCTG_015,94
GCAAGTGGAACCCACCCCTG_016,60
GCAAGTGGAACCCACCCCTG_017,146
GCAAGTGGAACCCACCCCTG_018,30
GCAAGTGGAACCCACCCCTG_019,31
GCAAGTGGAACCCACCCCTG_020,148
GCAAGTGGAACCCACCCCTG_021,17
GCAAGTGGAACCCACCCCTG_022,65
GCAAGTGGAACCCACCCCTG_023,120
GCAAGTGGAACCCACCCCTG_024,127
GCAAGTGGAACCCACCCCTG_025,160
GCAAGTGGAACCCACCCCTG_026,50
GCAAGTGGAACCCACCCCTG_027,104
GCAAGTGGAACCCACCCCTG_028,102
GCAAGTGGAACCCACCCCTG_029,93
GCAAGTGGAACCCACCCCTG_030,76
GCAAGTGGAACCCACCCCTG_031,193
GCAAGTGGAACCCACCCCTG_032,176
GCAAGTGGAACCCACCCCTG_033,21
GCAAGTGGAACCCACCCCTG_034,45
GCAAGTGGAACCCACCCCTG_035,45
GCAAGTGGAACCCACCCCTG_036,167
GCAAGTGGAACCCACCCCTG_037,186
GCAAGTGGAACCCACCCCTG_038,81
GCAAGTGGAACCCACCCCTG_039,160
GCAAGTGGAACCCACCCCTG_040,125
GCAAGTGGAACCCACCCCTG_041,142
GCAAGTGGAACCCACCCCTG_042,88
GCAAGTGGAACCCACCCCTG_043,126
GCAAGTGGAACCCACCCCTG_044,15
GCAAGTGGAACCCACCCCTG_045,15
GAATTCTAGTATGTACAGCC_001,42
GAATTCTAGTATGTACAGCC_002,184
TGTTGTTGTAGGTCATTCAG_001,45
TGTTGTTGTAGGTCATTCAG_002,62
TGTTGTTGTAGGTCATTCAG_003,105
TGTTGTTGTAGGTCATTCAG_004,117
CATGCGGGACCAGTATATGA_001,144
CATGCGGGACCAGTATATGA_002,128
CATGCGGGACCAGTATATGA_003,124
CATGCGGGACCAGTATATGA_004,91
ATGGCAATCTGTAGCACGGA_001,153
ATGGCAATCTGTAGCACGGA_002,89
ATGGCAATCTGTAGCACGGA_003,52
ATGGCAATCTGTAGCACGGA_004,8
ATGGCAATCTGTAGCACGGA_005,111
ATGGCAATCTGTAGCACGGA_006,37
AGGGTAACTTCAGCTCAGTG_001,48
AGGGTAACTTCAGCTCAGTG_002,146
AGGGTAACTTCAGCTCAGTG_003,60
AGGGTAACTTCAGCTCAGTG_004,36
AGGGTAACTTCAGCTCAGTG_005,2
AGGGTAACTTCAGCTCAGTG_006,69
AGGGTAACTTCAGCTCAGTG_007,122
AGGGTAACTTCAGCTCAGTG_008,127
AGGGTAACTTCAGCTCAGTG_009,41
AGGGTAACTTCAGCTCAGTG_010,174
AGGGTAACTTCAGCTCAGTG_011,168
AGGGTAACTTCAGCTCAGTG_012,103
AGGGTAACTTCAGCTCAGTG_013,169
AGGGTAACTTCAGCTCAGTG_014,19
AGGGTAACTTCAGCTCAGTG_015,161
AGGGTAACTTCAGCTCAGTG_016,12
AGGGTAACTTCAGCTCAGTG_017,137
AGGGTAACTTCAGCTCAGTG_018,144
CTTCCATGCATTGATGATGT_001,160
CTTCCATGCATTGATGATGT_002,13
CTTCCATGCATTGATGATGT_003,127
AGCAGAATGAGCAAGCAGTG_001,5
AGCAGAATGAGCAAGCAGTG_002,100
AGCAGAATGAGCAAGCAGTG_003,78
AGCAGAATGAGCAAGCAGTG_004,165
AGCAGAATGAGCAAGCAGTG_005,18
AGCAGAATGAGCAAGCAGTG_006,149
AGCAGAATGAGCAAGCAGTG_007,184
AGCAGAATGAGCAAGCAGTG_008,184
AGCAGAATGAGCAAGCAGTG_009,51
AGCAGAATGAGCAAGCAGTG_010,139
AGCAGAATGAGCAAGCAGTG_011,73
AGCAGAATGAGCAAGCAGTG_012,26
AGCAGAATGAGCAAGCAGTG_013,13
AGCAGAATGAGCAAGCAGTG_014,88
AGCAGAATGAGCAAGCAGTG_015,104
AGCAGAATGAGCAAGCAGTG_016,123
AGCAGAATGAGCAAGCAGTG_017,136
GAAAAACGTAAAACTACCAG_001,53
GAAAAACGTAAAACTACCAG_002,14
GAAAAACGTAAAACTACCAG_003,199
TGGGCGGCATCGCGTGACCA_001,117
TGGGCGGCATCGCGTGACCA_002,54
TGGGCGGCATCGCGTGACCA_003,84
TGGGCGGCATCGCGTGACCA_004,60
TGGGCGGCATCGCGTGACCA_005,117
TGGGCGGCATCGCGTGACCA_006,158
TGGGCGGCATCGCGTGACCA_007,23
TGGGCGGCATCGCGTGACCA_008,65
TGGGCGGCATCGCGTGACCA_009,187
TGGGCGGCATCGCGTGACCA_010,76
TGGGCGGCATCGCGTGACCA_011,176
TGGGCGGCATCGCGTGACCA_012,192
TGGGCGGCATCGCGTGACCA_013,56
AATCACATCCTGAACCACAT_001,23
AATCACATCCTGAACCACAT_002,130
AATCACATCCTGAACCACAT_003,146
AATCACATCCTGAACCACAT_004,148
AATCACATCCTGAACCACAT_005,12
AATCACATCCTGAACCACAT_006,176
AATCACATCCTGAACCACAT_007,184
AATCACATCCTGAACCACAT_008,59
AATCACATCCTGAACCACAT_009,12
AATCACATCCTGAACCACAT_010,175
AATCACATCCTGAACCACAT_011,77
AATCACATCCTGAACCACAT_012,104
AATCACATCCTGAACCACAT_013,58
AATCACATCCTGAACCACAT_014,134
AATCACATCCTGAACCACAT_015,89
AGGCCCCATGGACGCCAGCG_001,76
AGGCCCCATGGACGCCAGCG_002,162
AGGCCCCATGGACGCCAGCG_003,114
AGGCCCCATGGACGCCAGCG_004,40
AGGCCCCATGGACGCCAGCG_005,41
AGGCCCCATGGACGCCAGCG_006,31
AGGCCCCATGGACGCCAGCG_007,3
AGGCCCCATGGACGCCAGCG_008,142
AGGCCCCATGGACGCCAGCG_009,4
AGGCCCCATGGACGCCAGCG_010,132
AGGCCCCATGGACGCCAGCG_011,114
AGGCCCCATGGACGCCAGCG_012,7
AGGCCCCATGGACGCCAGCG_013,166
AGGCCCCATGGACGCCAGCG_014,48
AGGCCCCATGGACGCCAGCG_015,190
AGGCCCCATGGACGCCAGCG_016,140
AGGCCCCATGGACGCCAGCG_017,84
AGGCCCCATGGACGCCAGCG_018,81
AGGCCCCATGGACGCCAGCG_019,63
AGGCCCCATGGACGCCAGCG_020,49
AGGCCCCATGGACGCCAGCG_021,58
AGGCCCCATGGACGCCAGCG_022,22
AGGCCCCATGGACGCCAGCG_023,64
AGGCCCCATGGACGCCAGCG_024,65
AGGCCCCATGGACGCCAGCG_025,190
AGGCCCCATGGACGCCAGCG_026,60
AGGCCCCATGGACGCCAGCG_027,190
AGGCCCCATGGACGCCAGCG_028,135
AGGCCCCATGGACGCCAGCG_029,185
AGGCCCCATGGACGCCAGCG_030,150
AGGCCCCATGGACGCCAGCG_031,183
AGGCCCCATGGACGCCAGCG_032,83
AGGCCCCATGGACGCCAGCG_033,49
AGGCCCCATGGACGCCAGCG_034,188
AGGCCCCATGGACGCCAGCG_035,49
AGGCCCCATGGACGCCAGCG_036,169
AGGCCCCATGGACGCCAGCG_037,61
AGGCCCCATGGACGCCAGCG_038,38
AGGCCCCATGGACGCCAGCG_039,38
AGGCCCCATGGACGCCAGCG_040,61
AGGCCCCATGGACGCCAGCG_041,31
AGGCCCCATGGACGCCAGCG_042,130
AGGCCCCATGGACGCCAGCG_043,194
AGGCCCCATGGACGCCAGCG_044,170
AGGCCCCATGGACGCCAGCG_045,162
AGGCCCCATGGACGCCAGCG_046,158
AGGCCCCATGGACGCCAGCG_047,105
AGGCCCCATGGACGCCAGCG_048,81
AGGCCCCATGGACGCCAGCG_049,45
AGGCCCCATGGACGCCAGCG_050,157
AGGCCCCATGGACGCCAGCG_051,88
AGGCCCCATGGACGCCAGCG_052,76
AGGCCCCATGGACGCCAGCG_053,193
AGGCCCCATGGACGCCAGCG_054,35
AGGCCCCATGGACGCCAGCG_055,146
AGGCCCCATGGACGCCAGCG_056,67
AGGCCCCATGGACGCCAGCG_057,3
AGGCCCCATGGACGCCAGCG_058,21
AGGCCCCATGGACGCCAGCG_059,145
AGGCCCCATGGACGCCAGCG_060,88
AGGCCCCATGGACGCCAGCG_061,188
AGGCCCCATGGACGCCAGCG_062,166
AGGCCCCATGGACGCCAGCG_063,10
AGGCCCCATGGACGCCAGCG_064,70
AGGCCCCATGGACGCCAGCG_065,179
AGGCCCCATGGACGCCAGCG_066,53
AGGCCCCATGGACGCCAGCG_067,8
AGGCCCCATGGACGCCAGCG_068,68
AGGCCCCATGGACGCCAGCG_069,84
AGGCCCCATGGACGCCAGCG_070,35
GGAACAAATAGGCTTCACCA_001,147
GGAACAAATAGGCTTCACCA_002,12
GGAACAAATAGGCTTCACCA_003,70
GGAACAAATAGGCTTCACCA_004,132
GGAACAAATAGGCTTCACCA_005,94
GGAACAAATAGGCTTCACCA_006,105
GGAACAAATAGGCTTCACCA_007,172
GGAACAAATAGGCTTCACCA_008,156
GGAACAAATAGGCTTCACCA_009,36
GGCCTACGACGACAAGAACG_001,169
GGCCTACGACGACAAGAACG_002,120
GGCCTACGACGACAAGAACG_003,168
CATGAACAATCGCCAGCACG_001,38
CATGAACAATCGCCAGCACG_002,7
CATGAACAATCGCCAGCACG_003,16
CATGAACAATCGCCAGCACG_004,104
CATGAACAATCGCCAGCACG_005,30
CATGAACAATCGCCAGCACG_006,11
CATGAACAATCGCCAGCACG_007,174
CATGAACAATCGCCAGCACG_008,126
GTCCCAGACGAGACCAGGCA_001,126
GTCCCAGACGAGACCAGGCA_002,15
GTCCCAGACGAGACCAGGCA_003,98
GTCCCAGACGAGACCAGGCA_004,184
GTCCCAGACGAGACCAGGCA_005,72
GTCCCAGACGAGACCAGGCA_006,72
GTCCCAGACGAGACCAGGCA_007,184
GTCCCAGACGAGACCAGGCA_008,17
GTCCCAGACGAGACCAGGCA_009,17
GTCCCAGACGAGACCAGGCA_010,47
GTCCCAGACGAGACCAGGCA_011,155
GTCCCAGACGAGACCAGGCA_012,80
GTCCCAGACGAGACCAGGCA_013,181
GTCCCAGACGAGACCAGGCA_014,150
GTCCCAGACGAGACCAGGCA_015,21
GTCCCAGACGAGACCAGGCA_016,49
GTCCCAGACGAGACCAGGCA_017,18
GTCCCAGACGAGACCAGGCA_018,102
GTCCCAGACGAGACCAGGCA_019,35
GTCCCAGACGAGACCAGGCA_020,121
GTCCCAGACGAGACCAGGCA_021,47
GTCCCAGACGAGACCAGGCA_022,5
GTCCCAGACGAGACCAGGCA_023,8
GTCCCAGACGAGACCAGGCA_024,121
GTCCCAGACGAGACCAGGCA_025,149
GTCCCAGACGAGACCAGGCA_026,168
GTCCCAGACGAGACCAGGCA_027,143
GTCCCAGACGAGACCAGGCA_028,70
GTCCCAGACGAGACCAGGCA_029,70
GTCCCAGACGAGACCAGGCA_030,175
GTCCCAGACGAGACCAGGCA_031,49
GTCCCAGACGAGACCAGGCA_032,184
GTCCCAGACGAGACCAGGCA_033,82
GTCCCAGACGAGACCAGGCA_034,123
GTCCCAGACGAGACCAGGCA_035,106
GTCCCAGACGAGACCAGGCA_036,92
GTCCCAGACGAGACCAGGCA_037,184
GTCCCAGACGAGACCAGGCA_038,177
GTCCCAGACGAGACCAGGCA_039,160
GTCCCAGACGAGACCAGGCA_040,168
GTCCCAGACGAGACCAGGCA_041,199
GTCCCAGACGAGACCAGGCA_042,41
GTCCCAGACGAGACCAGGCA_043,67
GTCCCAGACGAGACCAGGCA_044,34
GTCCCAGACGAGACCAGGCA_045,72
GTCCCAGACGAGACCAGGCA_046,175
GCTCCGAGCACTCCACGCGG_001,27
GCTCCGAGCACTCCACGCGG_002,106
GCTCCGAGCACTCCACGCGG_003,68
GCTCCGAGCACTCCACGCGG_004,49
GCTCCGAGCACTCCACGCGG_005,46
GCTCCGAGCACTCCACGCGG_006,46
GCTCCGAGCACTCCACGCGG_007,9
GCTCCGAGCACTCCACGCGG_008,79
GCTCCGAGCACTCCACGCGG_009,58
GCTCCGAGCACTCCACGCGG_010,70
GCCTCCGGAGAGGAGGACCG_001,78
GCCTCCGGAGAGGAGGACCG_002,98
CAGCCTCTGAGAGCACACAA_001,186
CAGCCTCTGAGAGCACACAA_002,8
CAGCCTCTGAGAGCACACAA_003,1
CAGCCTCTGAGAGCACACAA_004,17
CAGCCTCTGAGAGCACACAA_005,138
CAGCCTCTGAGAGCACACAA_006,94
CAGCCTCTGAGAGCACACAA_007,73
CAGCCTCTGAGAGCACACAA_008,91
CAGCCTCTGAGAGCACACAA_009,16
CAGCCTCTGAGAGCACACAA_010,98
CAGCCTCTGAGAGCACACAA_011,116
CAGCCTCTGAGAGCACACAA_012,137
CAGCCTCTGAGAGCACACAA_013,67
CAGCCTCTGAGAGCACACAA_014,149
CAGCCTCTGAGAGCACACAA_015,63
CAGCCTCTGAGAGCACACAA_016,144
CAGCCTCTGAGAGCACACAA_017,112
CAGCCTCTGAGAGCACACAA_018,160
CAGCCTCTGAGAGCACACAA_019,27
CAGCCTCTGAGAGCACACAA_020,99
CAGCCTCTGAGAGCACACAA_021,48
CAGCCTCTGAGAGCACACAA_022,52
ACCCAAGCGTACCATACCAA_001,137
ACCCAAGCGTACCATACCAA_002,172
ACCCAAGCGTACCATACCAA_003,180
ACCCAAGCGTACCATACCAA_004,19
ACCCAAGCGTACCATACCAA_005,34
ACCCAAGCGTACCATACCAA_006,175
ACCCAAGCGTACCATACCAA_007,175
ACCCAAGCGTACCATACCAA_008,134
ACCCAAGCGTACCATACCAA_009,19
ACCCAAGCGTACCATACCAA_010,17
ACCCAAGCGTACCATACCAA_011,105
ACCCAAGCGTACCATACCAA_012,155
ACCCAAGCGTACCATACCAA_013,22
ACCCAAGCGTACCATACCAA_014,69
ACCCAAGCGTACCATACCAA_015,157
ACCCAAGCGTACCATACCAA_016,82
ACCCAAGCGTACCATACCAA_017,29
AGTGACTCACACAGTTCCCA_001,175
AGTGACTCACACAGTTCCCA_002,167
AGTGACTCACACAGTTCCCA_003,0
AGTGACTCACACAGTTCCCA_004,98
AGTGACTCACACAGTTCCCA_005,192
AGTGACTCACACAGTTCCCA_006,121
AGTGACTCACACAGTTCCCA_007,159
AGTGACTCACACAGTTCCCA_008,61
TCTTATTGTCGGGAACTCAA_001,58
TCTTATTGTCGGGAACTCAA_002,82
TCTTATTGTCGGGAACTCAA_003,28
TCTTATTGTCGGGAACTCAA_004,129
TCTTATTGTCGGGAACTCAA_005,91
TCTTATTGTCGGGAACTCAA_006,191
TCTTATTGTCGGGAACTCAA_007,184
TCTTATTGTCGGGAACTCAA_008,22
TGCTAGGTAACAAGCGACTG_001,29
TGCTAGGTAACAAGCGACTG_002,53
TGCTAGGTAACAAGCGACTG_003,17
TGCTAGGTAACAAGCGACTG_004,12
TGCTAGGTAACAAGCGACTG_005,56
TGCTAGGTAACAAGCGACTG_006,38
TGCTAGGTAACAAGCGACTG_007,52
TGCTAGGTAACAAGCGACTG_008,98
TGCTAGGTAACAAGCGACTG_009,180
TGCTAGGTAACAAGCGACTG_010,138
TGCTAGGTAACAAGCGACTG_011,147
TGCTAGGTAACAAGCGACTG_012,48
TGCTAGGTAACAAGCGACTG_013,105
GATGCCGGATCCTAGCAAGT_001,198
GATGCCGGATCCTAGCAAGT_002,194
GATGCCGGATCCTAGCAAGT_003,169
GATGCCGGATCCTAGCAAGT_004,192
GATGCCGGATCCTAGCAAGT_005,147
GATGCCGGATCCTAGCAAGT_006,162
GATGCCGGATCCTAGCAAGT_007,182
GATGCCGGATCCTAGCAAGT_008,66
GATGCCGGATCCTAGCAAGT_009,62
GATGCCGGATCCTAGCAAGT_010,35
GATGCCGGATCCTAGCAAGT_011,56
GATGCCGGATCCTAGCAAGT_012,46
ATGAAAGGGCTCGCTCAAGG_001,53
ATGAAAGGGCTCGCTCAAGG_002,85
ATGAAAGGGCTCGCTCAAGG_003,43
ATGAAAGGGCTCGCTCAAGG_004,56
ATGAAAGGGCTCGCTCAAGG_005,152
ATGAAAGGGCTCGCTCAAGG_006,144
ATGAAAGGGCTCGCTCAAGG_007,145
ATGAAAGGGCTCGCTCAAGG_008,22
ATGAAAGGGCTCGCTCAAGG_009,121
ATGAAAGGGCTCGCTCAAGG_010,95
TGACAACTGTTGACATGACC_001,112
TGACAACTGTTGACATGACC_002,154
TGACAACTGTTGACATGACC_003,162
TGACAACTGTTGACATGACC_004,15
TGACAACTGTTGACATGACC_005,157
TGACAACTGTTGACATGACC_006,144
TGACAACTGTTGACATGACC_007,50
CTGCAAGCCTGGCTACCAAG_001,97
CTGCAAGCCTGGCTACCAAG_002,37
CTGCAAGCCTGGCTACCAAG_003,7
CTGCAAGCCTGGCTACCAAG_004,182
CTGCAAGCCTGGCTACCAAG_005,170
CTGCAAGCCTGGCTACCAAG_006,60
CTGCAAGCCTGGCTACCAAG_007,16
CTGCAAGCCTGGCTACCAAG_008,192
CTGCAAGCCTGGCTACCAAG_009,6
CTGCAAGCCTGGCTACCAAG_010,97
CTGCAAGCCTGGCTACCAAG_011,49
CTGCAAGCCTGGCTACCAAG_012,71
CTGCAAGCCTGGCTACCAAG_013,140
CTGCAAGCCTGGCTACCAAG_014,68
CTGCAAGCCTGGCTACCAAG_015,63
CTGCAAGCCTGGCTACCAAG_016,164
CTGCAAGCCTGGCTACCAAG_017,111
CTGCAAGCCTGGCTACCAAG_018,8
CTGCAAGCCTGGCTACCAAG_019,74
CACACGTGCCCAGTTGCCCG_001,57
CACACGTGCCCAGTTGCCCG_002,125
CACACGTGCCCAGTTGCCCG_003,34
CACACGTGCCCAGTTGCCCG_004,8
GGCCGCCACAAAAAAGCACG_001,149
GGCCGCCACAAAAAAGCACG_002,94
GGCCGCCACAAAAAAGCACG_003,168
GGCCGCCACAAAAAAGCACG_004,188
GGCCGCCACAAAAAAGCACG_005,111
GGCCGCCACAAAAAAGCACG_006,161
GGCCGCCACAAAAAAGCACG_007,144
GGCCGCCACAAAAAAGCACG_008,29
GGCCGCCACAAAAAAGCACG_009,106
GGCCGCCACAAAAAAGCACG_010,94
GGCCGCCACAAAAAAGCACG_011,127
GGCCGCCACAAAAAAGCACG_012,158
GGCCGCCACAAAAAAGCACG_013,72
GGCCGCCACAAAAAAGCACG_014,68
GGCCGCCACAAAAAAGCACG_015,137
GGCCGCCACAAAAAAGCACG_016,191
CAGCCAGTAAACCAACCCGA_001,65
CAGCCAGTAAACCAACCCGA_002,170
CAGCCAGTAAACCAACCCGA_003,146
CAGCCAGTAAACCAACCCGA_004,84
CAGCCAGTAAACCAACCCGA_005,39
CAGCCAGTAAACCAACCCGA_006,117
CAGCCAGTAAACCAACCCGA_007,189
CAGCCAGTAAACCAACCCGA_008,48
CAGCCAGTAAACCAACCCGA_009,65
CAGCCAGTAAACCAACCCGA_010,177
CAGCCAGTAAACCAACCCGA_011,158
CAGCCAGTAAACCAACCCGA_012,8
CAGCCAGTAAACCAACCCGA_013,57
CAGCCAGTAAACCAACCCGA_014,169
CAGCCAGTAAACCAACCCGA_015,170
CAGCCAGTAAACCAACCCGA_016,34
CAGCCAGTAAACCAACCCGA_017,157
CAGCCAGTAAACCAACCCGA_018,5
CAGCCAGTAAACCAACCCGA_019,50
CAGCCAGTAAACCAACCCGA_020,158
CAGCCAGTAAACCAACCCGA_021,154
CAGCCAGTAAACCAACCCGA_022,17
CAGCCAGTAAACCAACCCGA_023,169
CAGCCAGTAAACCAACCCGA_024,174
CAGCCAGTAAACCAACCCGA_025,37
CAGCCAGTAAACCAACCCGA_026,41
CAGCCAGTAAACCAACCCGA_027,47
CAGCCAGTAAACCAACCCGA_028,149
CAGCCAGTAAACCAACCCGA_029,89
CAGCCAGTAAACCAACCCGA_030,65
CAGCCAGTAAACCAACCCGA_031,28
CAGCCAGTAAACCAACCCGA_032,56
CAGCCAGTAAACCAACCCGA_033,72
CAGCCAGTAAACCAACCCGA_034,127
GTAGAAAAGCTTGATAACCA_001,151
GTAGAAAAGCTTGATAACCA_002,130
GTAGAAAAGCTTGATAACCA_003,23
GTAGAAAAGCTTGATAACCA_004,115
GTAGAAAAGCTTGATAACCA_005,132
GTAGAAAAGCTTGATAACCA_006,88
GTAGAAAAGCTTGATAACCA_007,69
GTAGAAAAGCTTGATAACCA_008,85
GTAGAAAAGCTTGATAACCA_009,176
TTAGAGAACTGGATATTGGG_001,188
TTAGAGAACTGGATATTGGG_002,77
TTAGAGAACTGGATATTGGG_003,6
TTAGAGAACTGGATATTGGG_004,62
TTAGAGAACTGGATATTGGG_005,71
AGATGGACAACATGTCTCCC_001,124
ATTATCTGCACAAAACTGGA_001,176
ATTATCTGCACAAAACTGGA_002,87
ATTATCTGCACAAAACTGGA_003,45
ATTATCTGCACAAAACTGGA_004,147
ATTATCTGCACAAAACTGGA_005,148
ATTATCTGCACAAAACTGGA_006,94
GGACAACACTTACAAGTACG_001,198
GGACAACACTTACAAGTACG_002,42
GGTGAGGCAGCGAAACTCAC_001,96
GGTGAGGCAGCGAAACTCAC_002,140
GGTGAGGCAGCGAAACTCAC_003,76
GGTGAGGCAGCGAAACTCAC_004,195
GGTGAGGCAGCGAAACTCAC_005,44
GGTGAGGCAGCGAAACTCAC_006,54
GGTGAGGCAGCGAAACTCAC_007,108
GGTGAGGCAGCGAAACTCAC_008,178
GGTGAGGCAGCGAAACTCAC_009,24
GGTGAGGCAGCGAAACTCAC_010,70
GGTGAGGCAGCGAAACTCAC_011,140
GGTGAGGCAGCGAAACTCAC_012,113
GGTGAGGCAGCGAAACTCAC_013,115
GGTGAGGCAGCGAAACTCAC_014,41
GGTGAGGCAGCGAAACTCAC_015,76
GGTGAGGCAGCGAAACTCAC_016,82
GGTGAGGCAGCGAAACTCAC_017,17
GGTGAGGCAGCGAAACTCAC_018,60
GGTGAGGCAGCGAAACTCAC_019,41
GGTGAGGCAGCGAAACTCAC_020,9
GGTGAGGCAGCGAAACTCAC_021,17
GGTGAGGCAGCGAAACTCAC_022,174
GGTGAGGCAGCGAAACTCAC_023,68
GGTGAGGCAGCGAAACTCAC_024,155
GGTGAGGCAGCGAAACTCAC_025,29
TAGCCTACGTGAAACCAGAT_001,137
TAGCCTACGTGAAACCAGAT_002,144
TAGCCTACGTGAAACCAGAT_003,34
TAGCCTACGTGAAACCAGAT_004,0
TAGCCTACGTGAAACCAGAT_005,150
TACAGTTAGGACTGAGGTGT_001,156
TACAGTTAGGACTGAGGTGT_002,17
TACAGTTAGGACTGAGGTGT_003,60
TACAGTTAGGACTGAGGTGT_004,11
TACAGTTAGGACTGAGGTGT_005,118
TCCTGAATTGAGGATCACTG_001,162
TCCTGAATTGAGGATCACTG_002,173
TCCTGAATTGAGGATCACTG_003,175
TCCTGAATTGAGGATCACTG_004,149
TCCTGAATTGAGGATCACTG_005,82
TCCTGAATTGAGGATCACTG_006,140
TCCTGAATTGAGGATCACTG_007,18
TCCTGAATTGAGGATCACTG_008,65
TCCTGAATTGAGGATCACTG_009,51
TCCTGAATTGAGGATCACTG_010,196
AGTTCTCCAGGCCACAGCCC_001,120
AGTTCTCCAGGCCACAGCCC_002,182
AGTTCTCCAGGCCACAGCCC_003,110
AGTTCTCCAGGCCACAGCCC_004,139
TGTTGCCCACAAAGCCGATG_001,193
TGTTGCCCACAAAGCCGATG_002,193
TGTTGCCCACAAAGCCGATG_003,106
TGTTGCCCACAAAGCCGATG_004,73
TGTTGCCCACAAAGCCGATG_005,101
TGTTGCCCACAAAGCCGATG_006,125
TGTTGCCCACAAAGCCGATG_007,70
TGTTGCCCACAAAGCCGATG_008,153
TGTTGCCCACAAAGCCGATG_009,114
TGTTGCCCACAAAGCCGATG_010,28
TGTTGCCCACAAAGCCGATG_011,30
TGTTGCCCACAAAGCCGATG_012,15
TGTTGCCCACAAAGCCGATG_013,72
TGTTGCCCACAAAGCCGATG_014,25
TGTTGCCCACAAAGCCGATG_015,38
TGTTGCCCACAAAGCCGATG_016,15
TGTTGCCCACAAAGCCGATG_017,52
TGTTGCCCACAAAGCCGATG_018,137
TGTTGCCCACAAAGCCGATG_019,41
TGTTGCCCACAAAGCCGATG_020,178
TTCTCTCAAGACGGGCAGAG_001,105
TTCTCTCAAGACGGGCAGAG_002,53
TTCTCTCAAGACGGGCAGAG_003,16
TTCTCTCAAGACGGGCAGAG_004,94
TTCTCTCAAGACGGGCAGAG_005,157
TTCTCTCAAGACGGGCAGAG_006,5
TTCTCTCAAGACGGGCAGAG_007,9
TTCTCTCAAGACGGGCAGAG_008,175
TTCTCTCAAGACGGGCAGAG_009,153
TTCTCTCAAGACGGGCAGAG_010,77
TTCTCTCAAGACGGGCAGAG_011,180
TTCTCTCAAGACGGGCAGAG_012,91
TTCTCTCAAGACGGGCAGAG_013,193
AGCGCTGGCAGATTTACATG_001,86
CCTGTACGCTGCTTCACTTG_001,137
GCAGAGCCTGTACCGGCGGA_001,81
GCAGAGCCTGTACCGGCGGA_002,56
GCAGAGCCTGTACCGGCGGA_003,172
GCAGAGCCTGTACCGGCGGA_004,17
GCAGAGCCTGTACCGGCGGA_005,185
GCAGAGCCTGTACCGGCGGA_006,76
GCAGAGCCTGTACCGGCGGA_007,119
GCAGAGCCTGTACCGGCGGA_008,177
GCAGAGCCTGTACCGGCGGA_009,96
GCAGAGCCTGTACCGGCGGA_010,176
GCAGAGCCTGTACCGGCGGA_011,149
GCAGAGCCTGTACCGGCGGA_012,29
GCAGAGCCTGTACCGGCGGA_013,199
GCAGAGCCTGTACCGGCGGA_014,43
GCAGAGCCTGTACCGGCGGA_015,15
GCAGAGCCTGTACCGGCGGA_016,6
GCAGAGCCTGTACCGGCGGA_017,6
GCAGAGCCTGTACCGGCGGA_018,157
ACATCACCGAACGATGAGAG_001,108
ACATCACCGAACGATGAGAG_002,155
ACTCACCATCTACGTTTGCA_001,127
ACTCACCATCTACGTTTGCA_002,127
ACTCACCATCTACGTTTGCA_003,94
ACTCACCATCTACGTTTGCA_004,84
ACTCACCATCTACGTTTGCA_005,9
AAAGTGACACAGTATAAGAA_001,144
AAAGTGACACAGTATAAGAA_002,24
AAAGTGACACAGTATAAGAA_003,86
GTCACTGAAGGAGATGAGCG_001,166
GTCACTGAAGGAGATGAGCG_002,152
GTCACTGAAGGAGATGAGCG_003,30
GTCACTGAAGGAGATGAGCG_004,144
GTCACTGAAGGAGATGAGCG_005,69
GTCACTGAAGGAGATGAGCG_006,82
GTCACTGAAGGAGATGAGCG_007,21
GTCACTGAAGGAGATGAGCG_008,21
GTCACTGAAGGAGATGAGCG_009,65
GTCACTGAAGGAGATGAGCG_010,188
GTCACTGAAGGAGATGAGCG_011,177
CTCTCCCAGAACAAGCTACG_001,171
CTCTCCCAGAACAAGCTACG_002,7
CTCTCCCAGAACAAGCTACG_003,172
CTCTCCCAGAACAAGCTACG_004,105
GAAGAGATTCAAGTATTACG_001,129
GAAGAGATTCAAGTATTACG_002,29
GAAGAGATTCAAGTATTACG_003,113
GAAGAGATTCAAGTATTACG_004,63
GAAGAGATTCAAGTATTACG_005,77
GAAGAGATTCAAGTATTACG_006,15
CCTATTTGGAGTCATTACAT_001,138
CCTATTTGGAGTCATTACAT_002,11
CCTATTTGGAGTCATTACAT_003,16
CCTATTTGGAGTCATTACAT_004,93
CCTATTTGGAGTCATTACAT_005,134
CCTATTTGGAGTCATTACAT_006,81
ATATGAGACTGAAACATCCT_001,156
ATATGAGACTGAAACATCCT_002,15
ATATGAGACTGAAACATCCT_003,151
ATATGAGACTGAAACATCCT_004,32
ATATGAGACTGAAACATCCT_005,37
ATATGAGACTGAAACATCCT_006,118
ATATGAGACTGAAACATCCT_007,132
ATATGAGACTGAAACATCCT_008,150
ATATGAGACTGAAACATCCT_009,94
ATATGAGACTGAAACATCCT_010,158
ATATGAGACTGAAACATCCT_011,130
ATATGAGACTGAAACATCCT_012,149
ATATGAGACTGAAACATCCT_013,55
ATATGAGACTGAAACATCCT_014,146
ATATGAGACTGAAACATCCT_015,81
ATATGAGACTGAAACATCCT_016,38
ATATGAGACTGAAACATCCT_017,155
ATATGAGACTGAAACATCCT_018,197
ATATGAGACTGAAACATCCT_019,70
ATATGAGACTGAAACATCCT_020,127
ATATGAGACTGAAACATCCT_021,64
ATATGAGACTGAAACATCCT_022,58
ATATGAGACTGAAACATCCT_023,129
ATATGAGACTGAAACATCCT_024,148
ATATGAGACTGAAACATCCT_025,121
ATATGAGACTGAAACATCCT_026,45
ATATGAGACTGAAACATCCT_027,98
ATATGAGACTGAAACATCCT_028,177
ATATGAGACTGAAACATCCT_029,50
ATATGAGACTGAAACATCCT_030,144
ATATGAGACTGAAACATCCT_031,47
TGTGAGTGTGGCGTAGAGTG_001,101
TGTGAGTGTGGCGTAGAGTG_002,41
AACGTGAGTGCTATAACCTG_001,16
AACGTGAGTGCTATAACCTG_002,65
AACGTGAGTGCTATAACCTG_003,13
TGCATCATTAACCATAGGGT_001,53
TGCATCATTAACCATAGGGT_002,163
TGCATCATTAACCATAGGGT_003,38
TGCATCATTAACCATAGGGT_004,24
TGCATCATTAACCATAGGGT_005,111
TGCATCATTAACCATAGGGT_006,186
TGCATCATTAACCATAGGGT_007,168
TGCATCATTAACCATAGGGT_008,77
TGCATCATTAACCATAGGGT_009,166
TGCATCATTAACCATAGGGT_010,144
TGCATCATTAACCATAGGGT_011,9
TGCATCATTAACCATAGGGT_012,177
TGCATCATTAACCATAGGGT_013,63
TGCATCATTAACCATAGGGT_014,115
TGCATCATTAACCATAGGGT_015,78
TGCATCATTAACCATAGGGT_016,74
CACTCTCAGACAAGCTACTG_001,24
CACTCTCAGACAAGCTACTG_002,63
GGCATACTTGTTGTGTAGTG_001,62
GGCATACTTGTTGTGTAGTG_002,199
ATCAGCAAAGAGGAAGTACA_001,2
ATCAGCAAAGAGGAAGTACA_002,102
ATCAGCAAAGAGGAAGTACA_003,58
ATCAGCAAAGAGGAAGTACA_004,146
ATCAGCAAAGAGGAAGTACA_005,198
ATCAGCAAAGAGGAAGTACA_006,27
ATCAGCAAAGAGGAAGTACA_007,6
ATCAGCAAAGAGGAAGTACA_008,187
ATCAGCAAAGAGGAAGTACA_009,118
ATCAGCAAAGAGGAAGTACA_010,62
ATCAGCAAAGAGGAAGTACA_011,50
ATCAGCAAAGAGGAAGTACA_012,119
ATCAGCAAAGAGGAAGTACA_013,94
ATCAGCAAAGAGGAAGTACA_014,169
ATCAGCAAAGAGGAAGTACA_015,102
ATCAGCAAAGAGGAAGTACA_016,175
ATCAGCAAAGAGGAAGTACA_017,9
ATCAGCAAAGAGGAAGTACA_018,156
ATCAGCAAAGAGGAAGTACA_019,61
ATCAGCAAAGAGGAAGTACA_020,62
ATCAGCAAAGAGGAAGTACA_021,62
ATCAGCAAAGAGGAAGTACA_022,45
ATCAGCAAAGAGGAAGTACA_023,40
GGACCGTACAGATACAGCAT_001,102
GGACCGTACAGATACAGCAT_002,77
GGACCGTACAGATACAGCAT_003,85
GGACCGTACAGATACAGCAT_004,173
TGGCCGCATCGTGGCGCGAG_001,175
TGGCCGCATCGTGGCGCGAG_002,161
ATAGCAATCATAGGACATAG_001,74
ATAGCAATCATAGGACATAG_002,121
GGAGGGCCAACTAAACCTCG_001,118
GGAGGGCCAACTAAACCTCG_002,86
GGAGGGCCAACTAAACCTCG_003,40
GGAGGGCCAACTAAACCTCG_004,130
CACGTTACACTCATCCACAT_001,124
CACGTTACACTCATCCACAT_002,83
CACGTTACACTCATCCACAT_003,168
CACGTTACACTCATCCACAT_004,147
CACGTTACACTCATCCACAT_005,42
CACGTTACACTCATCCACAT_006,135
CACGTTACACTCATCCACAT_007,94
CACGTTACACTCATCCACAT_008,27
TCACATAAAGAGTTGTTGAG_001,23
TCACATAAAGAGTTGTTGAG_002,23
TCACATAAAGAGTTGTTGAG_003,13
TCACATAAAGAGTTGTTGAG_004,162
TCACATAAAGAGTTGTTGAG_005,100
TCACATAAAGAGTTGTTGAG_006,199
TCACATAAAGAGTTGTTGAG_007,97
CCGTGGGGCAGACTTCCGAG_001,196
CCGTGGGGCAGACTTCCGAG_002,172
CCGTGGGGCAGACTTCCGAG_003,132
CCGTGGGGCAGACTTCCGAG_004,139
CCGTGGGGCAGACTTCCGAG_005,29
CCGTGGGGCAGACTTCCGAG_006,41
CCGTGGGGCAGACTTCCGAG_007,157
CCGTGGGGCAGACTTCCGAG_008,141
CCGTGGGGCAGACTTCCGAG_009,99
CCGTGGGGCAGACTTCCGAG_010,49
CCGTGGGGCAGACTTCCGAG_011,22
CCGTGGGGCAGACTTCCGAG_012,190
CCGTGGGGCAGACTTCCGAG_013,30
CCGTGGGGCAGACTTCCGAG_014,103
CCGTGGGGCAGACTTCCGAG_015,14
CCGTGGGGCAGACTTCCGAG_016,199
CCGTGGGGCAGACTTCCGAG_017,192
CCGTGGGGCAGACTTCCGAG_018,64
CCGTGGGGCAGACTTCCGAG_019,101
CCGTGGGGCAGACTTCCGAG_020,61
CCGTGGGGCAGACTTCCGAG_021,121
CCGTGGGGCAGACTTCCGAG_022,63
CCGTGGGGCAGACTTCCGAG_023,94
CCGTGGGGCAGACTTCCGAG_024,133
CCGTGGGGCAGACTTCCGAG_025,160
CCGTGGGGCAGACTTCCGAG_026,98
CCGTGGGGCAGACTTCCGAG_027,188
CCGTGGGGCAGACTTCCGAG_028,106
CCGTGGGGCAGACTTCCGAG_029,34
CCGTGGGGCAGACTTCCGAG_030,147
CCGTGGGGCAGACTTCCGAG_031,15
CCGTGGGGCAGACTTCCGAG_032,46
CCGTGGGGCAGACTTCCGAG_033,136
CCGTGGGGCAGACTTCCGAG_034,17
CCGTGGGGCAGACTTCCGAG_035,191
CCGTGGGGCAGACTTCCGAG_036,148
CCGTGGGGCAGACTTCCGAG_037,168
CCCTCACCGAGTCCAAACGC_001,113
CCCTCACCGAGTCCAAACGC_002,62
CCCTCACCGAGTCCAAACGC_003,6
CCCTCACCGAGTCCAAACGC_004,36
CCCTCACCGAGTCCAAACGC_005,138
CCCTCACCGAGTCCAAACGC_006,119
TCACAATGTCAGAAGAACAG_001,151
TCACAATGTCAGAAGAACAG_002,169
TCACAATGTCAGAAGAACAG_003,175
TCACAATGTCAGAAGAACAG_004,149
TCACAATGTCAGAAGAACAG_005,4
TCACAATGTCAGAAGAACAG_006,160
TCACAATGTCAGAAGAACAG_007,43
TCACAATGTCAGAAGAACAG_008,48
TCACAATGTCAGAAGAACAG_009,1
ATGAGCTTCGATATGAACGA_001,169
ATGAGCTTCGATATGAACGA_002,48
ATGAGCTTCGATATGAACGA_003,144
ATGAGCTTCGATATGAACGA_004,53
ATGAGCTTCGATATGAACGA_005,108
ATGAGCTTCGATATGAACGA_006,108
ATGAGCTTCGATATGAACGA_007,95
ATGAGCTTCGATATGAACGA_008,91
ATGAGCTTCGATATGAACGA_009,115
ATGAGCTTCGATATGAACGA_010,15
ATGAGCTTCGATATGAACGA_011,189
ATGAGCTTCGATATGAACGA_012,177
ATGAGCTTCGATATGAACGA_013,157
ATGAGCTTCGATATGAACGA_014,191
ATGAGCTTCGATATGAACGA_015,81
ATGAGCTTCGATATGAACGA_016,105
AATATTGACCAGAGCCAATG_001,29
AATATTGACCAGAGCCAATG_002,176
AATATTGACCAGAGCCAATG_003,83
AATATTGACCAGAGCCAATG_004,168
AATATTGACCAGAGCCAATG_005,162
AATATTGACCAGAGCCAATG_006,197
AATATTGACCAGAGCCAATG_007,98
AATATTGACCAGAGCCAATG_008,88
AATATTGACCAGAGCCAATG_009,138
AATATTGACCAGAGCCAATG_010,9
AATATTGACCAGAGCCAATG_011,107
AATATTGACCAGAGCCAATG_012,170
AATATTGACCAGAGCCAATG_013,123
AATATTGACCAGAGCCAATG_014,147
AATATTGACCAGAGCCAATG_015,166
AATATTGACCAGAGCCAATG_016,191
TCAGCCTCACACTCCCATGG_001,4
TCAGCCTCACACTCCCATGG_002,75
TCAGCCTCACACTCCCATGG_003,28
ATGTCAGTGAAGCCCAACCT_001,72
ATGTCAGTGAAGCCCAACCT_002,191
ATGTCAGTGAAGCCCAACCT_003,48
ATGTCAGTGAAGCCCAACCT_004,137
ATGTCAGTGAAGCCCAACCT_005,177
ATGTCAGTGAAGCCCAACCT_006,175
ATGTCAGTGAAGCCCAACCT_007,197
ATGTCAGTGAAGCCCAACCT_008,194
ATGTCAGTGAAGCCCAACCT_009,34
ATGTCAGTGAAGCCCAACCT_010,11
ATGTCAGTGAAGCCCAACCT_011,102
ATGTCAGTGAAGCCCAACCT_012,91
ATGTCAGTGAAGCCCAACCT_013,168
ATGTCAGTGAAGCCCAACCT_014,94
ATGTCAGTGAAGCCCAACCT_015,119
ATGTCAGTGAAGCCCAACCT_016,134
ATGTCAGTGAAGCCCAACCT_017,70
ATGTCAGTGAAGCCCAACCT_018,54
ATGTCAGTGAAGCCCAACCT_019,4
ATGTCAGTGAAGCCCAACCT_020,41
ATGTCAGTGAAGCCCAACCT_021,170
ATGTCAGTGAAGCCCAACCT_022,24
ATGTCAGTGAAGCCCAACCT_023,34
ATGTCAGTGAAGCCCAACCT_024,111
ATGTCAGTGAAGCCCAACCT_025,113
ATGTCAGTGAAGCCCAACCT_026,147
ATGTCAGTGAAGCCCAACCT_027,183
ATGTCAGTGAAGCCCAACCT_028,19
ATGTCAGTGAAGCCCAACCT_029,94
ATGTCAGTGAAGCCCAACCT_030,147
ATGTCAGTGAAGCCCAACCT_031,104
ATGTCAGTGAAGCCCAACCT_032,104
ATGTCAGTGAAGCCCAACCT_033,192
ATGTCAGTGAAGCCCAACCT_034,0
ATGTCAGTGAAGCCCAACCT_035,177
TCACAATGGCTATTTGGGTA_001,86
TCCCCAGGATCTAAAGATAG_001,105
CCACCCGGCCCGTACCTCGA_001,199
CCACCCGGCCCGTACCTCGA_002,174
CCCGATATCTGAGTCCTCCT_001,170
CCCGATATCTGAGTCCTCCT_002,114
CCCGATATCTGAGTCCTCCT_003,91
GTTAGGGCAGATCACGCTGA_001,186
GTTAGGGCAGATCACGCTGA_002,171
GTTAGGGCAGATCACGCTGA_003,116
GTTAGGGCAGATCACGCTGA_004,56
GTTAGGGCAGATCACGCTGA_005,133
GTTAGGGCAGATCACGCTGA_006,126
AAACAGCATCATACGTGTCA_001,185
AAACAGCATCATACGTGTCA_002,5
AAACAGCATCATACGTGTCA_003,17
AAACAGCATCATACGTGTCA_004,8
AAACAGCATCATACGTGTCA_005,23
AAACAGCATCATACGTGTCA_006,100
GGCATCCAAAGATTGCAAGA_001,49
GGCATCCAAAGATTGCAAGA_002,147
GGCATCCAAAGATTGCAAGA_003,29
AAGGCTGGCTCCTCGATCAG_001,53
AAGGCTGGCTCCTCGATCAG_002,122
AAGGCTGGCTCCTCGATCAG_003,31
AAGGCTGGCTCCTCGATCAG_004,69
AAGGCTGGCTCCTCGATCAG_005,192
AAGGCTGGCTCCTCGATCAG_006,38
AAGGCTGGCTCCTCGATCAG_007,72
AAGGCTGGCTCCTCGATCAG_008,13
AAGGCTGGCTCCTCGATCAG_009,56
AAGGCTGGCTCCTCGATCAG_010,13
AAGGCTGGCTCCTCGATCAG_011,31
AAGGCTGGCTCCTCGATCAG_012,84
AAGGCTGGCTCCTCGATCAG_013,13
AAGGCTGGCTCCTCGATCAG_014,147
AAGGCTGGCTCCTCGATCAG_015,30
AAGGCTGGCTCCTCGATCAG_016,21
AAGGCTGGCTCCTCGATCAG_017,9
AAGGCTGGCTCCTCGATCAG_018,123
AAGGCTGGCTCCTCGATCAG_019,47
AAGGCTGGCTCCTCGATCAG_020,108
AAGGCTGGCTCCTCGATCAG_021,15
AAGGCTGGCTCCTCGATCAG_022,6
AAGGCTGGCTCCTCGATCAG_023,9
AAGGCTGGCTCCTCGATCAG_024,191
AAGGCTGGCTCCTCGATCAG_025,184
AAGGCTGGCTCCTCGATCAG_026,97
AAGGCTGGCTCCTCGATCAG_027,138
AAGGCTGGCTCCTCGATCAG_028,102
AAGGCTGGCTCCTCGATCAG_029,124
AAGGCTGGCTCCTCGATCAG_030,28
TAAAACCATCGTAAGCTCAG_001,15
TAAAACCATCGTAAGCTCAG_002,174
TAAAACCATCGTAAGCTCAG_003,15
TAAAACCATCGTAAGCTCAG_004,105
TAAAACCATCGTAAGCTCAG_005,68
TAAAACCATCGTAAGCTCAG_006,8
TAAAACCATCGTAAGCTCAG_007,146
TAAAACCATCGTAAGCTCAG_008,29
TAAAACCATCGTAAGCTCAG_009,130
TAAAACCATCGTAAGCTCAG_010,193
TAAAACCATCGTAAGCTCAG_011,198
TGCAGAGATAGTTGCAACAA_001,62
TGCAGAGATAGTTGCAACAA_002,119
TGCAGAGATAGTTGCAACAA_003,154
TGCAGAGATAGTTGCAACAA_004,54
TGCAGAGATAGTTGCAACAA_005,38
TGCAGAGATAGTTGCAACAA_006,75
TGCAGAGATAGTTGCAACAA_007,15
TGCAGAGATAGTTGCAACAA_008,90
TGCAGAGATAGTTGCAACAA_009,11
TGCAGAGATAGTTGCAACAA_010,175
TGCAGAGATAGTTGCAACAA_011,155
TGCAGAGATAGTTGCAACAA_012,169
TGCAGAGATAGTTGCAACAA_013,179
TGCAGAGATAGTTGCAACAA_014,179
ATTCGGCGCCTTGCTAGGCG_001,107
ATTCGGCGCCTTGCTAGGCG_002,64
ATTCGGCGCCTTGCTAGGCG_003,100
ATTCGGCGCCTTGCTAGGCG_004,102
ATTCGGCGCCTTGCTAGGCG_005,100
ATTCGGCGCCTTGCTAGGCG_006,47
ATTCGGCGCCTTGCTAGGCG_007,120
ATTCGGCGCCTTGCTAGGCG_008,151
ATTCGGCGCCTTGCTAGGCG_009,14
ATTCGGCGCCTTGCTAGGCG_010,10
ATTCGGCGCCTTGCTAGGCG_011,39
CATGGTCAAGAGAATCAGAA_001,182
CATGGTCAAGAGAATCAGAA_002,77
CATGGTCAAGAGAATCAGAA_003,169
CATGGTCAAGAGAATCAGAA_004,184
CATGGTCAAGAGAATCAGAA_005,31
CATGGTCAAGAGAATCAGAA_006,158
CATGGTCAAGAGAATCAGAA_007,4
CATGGTCAAGAGAATCAGAA_008,171
CATGGTCAAGAGAATCAGAA_009,24
CATGGTCAAGAGAATCAGAA_010,113
CATGGTCAAGAGAATCAGAA_011,137
CATGGTCAAGAGAATCAGAA_012,115
GTTTGACGACGTGGACCCAG_001,83
GTTTGACGACGTGGACCCAG_002,85
GTTTGACGACGTGGACCCAG_003,92
GTTTGACGACGTGGACCCAG_004,52
GTTTGACGACGTGGACCCAG_005,160
GGTGCGTTAGAAGGATATAG_001,154
GGTGCGTTAGAAGGATATAG_002,132
GAACCCCCATGATTGCTGGT_001,178
GAACCCCCATGATTGCTGGT_002,153
GAACCCCCATGATTGCTGGT_003,77
ACCGGCGGGTAGCAGCTATG_001,81
ACCGGCGGGTAGCAGCTATG_002,19
ACCGGCGGGTAGCAGCTATG_003,1
ACCGGCGGGTAGCAGCTATG_004,85
ACCGGCGGGTAGCAGCTATG_005,198
ACCGGCGGGTAGCAGCTATG_006,53
ACCGGCGGGTAGCAGCTATG_007,48
ACCGGCGGGTAGCAGCTATG_008,150
ACCGGCGGGTAGCAGCTATG_009,146
ACCGGCGGGTAGCAGCTATG_010,5
ACCGGCGGGTAGCAGCTATG_011,114
ACCGGCGGGTAGCAGCTATG_012,189
ACCGGCGGGTAGCAGCTATG_013,77
ACCGGCGGGTAGCAGCTATG_014,169
ACCGGCGGGTAGCAGCTATG_015,69
ACCGGCGGGTAGCAGCTATG_016,1
ACCGGCGGGTAGCAGCTATG_017,165
ACCGGCGGGTAGCAGCTATG_018,147
ACCGGCGGGTAGCAGCTATG_019,13
ACCGGCGGGTAGCAGCTATG_020,125
ACCGGCGGGTAGCAGCTATG_021,60
ACCGGCGGGTAGCAGCTATG_022,43
ACCGGCGGGTAGCAGCTATG_023,152
ACCGGCGGGTAGCAGCTATG_024,123
ACCGGCGGGTAGCAGCTATG_025,198
ACCGGCGGGTAGCAGCTATG_026,50
ACCGGCGGGTAGCAGCTATG_027,105
ACCGGCGGGTAGCAGCTATG_028,79
ACCGGCGGGTAGCAGCTATG_029,184
ACCGGCGGGTAGCAGCTATG_030,83
ACCGGCGGGTAGCAGCTATG_031,141
ACCGGCGGGTAGCAGCTATG_032,110
ACCGGCGGGTAGCAGCTATG_033,116
ACCGGCGGGTAGCAGCTATG_034,21
ACCGGCGGGTAGCAGCTATG_035,43
ACCGGCGGGTAGCAGCTATG_036,175
ACCGGCGGGTAGCAGCTATG_037,137
ACCGGCGGGTAGCAGCTATG_038,124
ACCGGCGGGTAGCAGCTATG_039,8
ACCGGCGGGTAGCAGCTATG_040,48
ACCGGCGGGTAGCAGCTATG_041,33
ACCGGCGGGTAGCAGCTATG_042,138
ACCGGCGGGTAGCAGCTATG_043,50
ACCGGCGGGTAGCAGCTATG_044,22
ACCGGCGGGTAGCAGCTATG_045,104
CCGGGCTGGCCAATACATGG_001,25
CCGGGCTGGCCAATACATGG_002,83
CCGGGCTGGCCAATACATGG_003,44
CCGGGCTGGCCAATACATGG_004,35
CCGGGCTGGCCAATACATGG_005,169
CCGGGCTGGCCAATACATGG_006,3
CGAGTCGGCGTCGCTGACAG_001,48
CGAGTCGGCGTCGCTGACAG_002,39
CGAGTCGGCGTCGCTGACAG_003,82
TGGGATGTGGCCGGAAGATG_001,195
TGGGATGTGGCCGGAAGATG_002,161
TGGGATGTGGCCGGAAGATG_003,77
TGGGATGTGGCCGGAAGATG_004,27
TGGGATGTGGCCGGAAGATG_005,91
TGGGATGTGGCCGGAAGATG_006,45
TGGGATGTGGCCGGAAGATG_007,70
TGGGATGTGGCCGGAAGATG_008,190
TGGGATGTGGCCGGAAGATG_009,105
TGGGATGTGGCCGGAAGATG_010,17
TGGGATGTGGCCGGAAGATG_011,147
TGGGATGTGGCCGGAAGATG_012,50
TGGGATGTGGCCGGAAGATG_013,151
TGGGATGTGGCCGGAAGATG_014,124
TGGGATGTGGCCGGAAGATG_015,76
TGGGATGTGGCCGGAAGATG_016,121
TGGGATGTGGCCGGAAGATG_017,37
TGGGATGTGGCCGGAAGATG_018,198
TGGGATGTGGCCGGAAGATG_019,61
TGGGATGTGGCCGGAAGATG_020,147
TGGGATGTGGCCGGAAGATG_021,35
TGGGATGTGGCCGGAAGATG_022,9
ATAGTCGTTGTACTGCAGGG_001,105
ATAGTCGTTGTACTGCAGGG_002,86
ATAGTCGTTGTACTGCAGGG_003,52
ATAGTCGTTGTACTGCAGGG_004,63
GGCAAACTCAAAGAGCGCGT_001,169
GGCAAACTCAAAGAGCGCGT_002,188
GGCAAACTCAAAGAGCGCGT_003,109
GGCAAACTCAAAGAGCGCGT_004,109
GGCAAACTCAAAGAGCGCGT_005,29
GGCAAACTCAAAGAGCGCGT_006,199
GGCAAACTCAAAGAGCGCGT_007,141
GGCAAACTCAAAGAGCGCGT_008,101
TAGGTTGCGTAGTCACTGCG_001,178
TAGGTTGCGTAGTCACTGCG_002,49
TAGGTTGCGTAGTCACTGCG_003,129
TAGGTTGCGTAGTCACTGCG_004,133
TAGGTTGCGTAGTCACTGCG_005,112
TAGGTTGCGTAGTCACTGCG_006,91
TAGGTTGCGTAGTCACTGCG_007,72
TAGGTTGCGTAGTCACTGCG_008,144
TGATGGCATTCAACCTCCTG_001,150
TGATGGCATTCAACCTCCTG_002,129
TGATGGCATTCAACCTCCTG_003,49
TGATGGCATTCAACCTCCTG_004,103
TGATGGCATTCAACCTCCTG_005,88
TGATGGCATTCAACCTCCTG_006,137
TGATGGCATTCAACCTCCTG_007,188
TGTAGATATTAACCTGGCTG_001,48
TGTAGATATTAACCTGGCTG_002,160
AGGCAGTGTCTCGCTACCTG_001,28
CCAACACTACCAGAGAACGA_001,181
CCAACACTACCAGAGAACGA_002,16
CCAACACTACCAGAGAACGA_003,103
CCAACACTACCAGAGAACGA_004,80
CCAACACTACCAGAGAACGA_005,185
CCAACACTACCAGAGAACGA_006,156
CCAACACTACCAGAGAACGA_007,156
GAAGCTGACAACGACAAGGG_001,166
GAAGCTGACAACGACAAGGG_002,9
GAAGCTGACAACGACAAGGG_003,126
GAAGCTGACAACGACAAGGG_004,169
GAAGCTGACAACGACAAGGG_005,82
GAAGCTGACAACGACAAGGG_006,47
GAAGCTGACAACGACAAGGG_007,150
GAAGCTGACAACGACAAGGG_008,38
GAAGCTGACAACGACAAGGG_009,23
GAAGCTGACAACGACAAGGG_010,23
GAAGCTGACAACGACAAGGG_011,64
GAAGCTGACAACGACAAGGG_012,88
GAAGCTGACAACGACAAGGG_013,190
GAAGCTGACAACGACAAGGG_014,29
GAAGCTGACAACGACAAGGG_015,152
GAAGCTGACAACGACAAGGG_016,26
GAAGCTGACAACGACAAGGG_017,70
GAAGCTGACAACGACAAGGG_018,9
GAAGCTGACAACGACAAGGG_019,34
CACCAAAGGCAACTATATCG_001,178
CACCAAAGGCAACTATATCG_002,86
CACCAAAGGCAACTATATCG_003,26
CACCAAAGGCAACTATATCG_004,188
CACCAAAGGCAACTATATCG_005,37
CACCAAAGGCAACTATATCG_006,148
CACCAAAGGCAACTATATCG_007,56
CGGAAGGCTTGGTAGCCCAA_001,93
CGGAAGGCTTGGTAGCCCAA_002,8
CGGAAGGCTTGGTAGCCCAA_003,119
CGGAAGGCTTGGTAGCCCAA_004,60
CGGAAGGCTTGGTAGCCCAA_005,1
CGGAAGGCTTGGTAGCCCAA_006,168
CGGAAGGCTTGGTAGCCCAA_007,33
CGGAAGGCTTGGTAGCCCAA_008,177
CGGAAGGCTTGGTAGCCCAA_009,48
CGGAAGGCTTGGTAGCCCAA_010,155
CGGAAGGCTTGGTAGCCCAA_011,37
CGGAAGGCTTGGTAGCCCAA_012,148
CGGAAGGCTTGGTAGCCCAA_013,40
CGGAAGGCTTGGTAGCCCAA_014,49
CGGAAGGCTTGGTAGCCCAA_015,162
CGGAAGGCTTGGTAGCCCAA_016,17
CGGAAGGCTTGGTAGCCCAA_017,158
CGGAAGGCTTGGTAGCCCAA_018,10
CGGAAGGCTTGGTAGCCCAA_019,168
AGCGGCAGCTCAGCAAGTGG_001,181
AGCGGCAGCTCAGCAAGTGG_002,4
AGCGGCAGCTCAGCAAGTGG_003,109
AGCGGCAGCTCAGCAAGTGG_004,166
AGCGGCAGCTCAGCAAGTGG_005,147
AGCGGCAGCTCAGCAAGTGG_006,162
AGCGGCAGCTCAGCAAGTGG_007,78
AGCGGCAGCTCAGCAAGTGG_008,85
AGCGGCAGCTCAGCAAGTGG_009,178
AGCCCCCACAGCCGGAGCCA_001,122
AGCCCCCACAGCCGGAGCCA_002,48
AGCCCCCACAGCCGGAGCCA_003,77
AGCCCCCACAGCCGGAGCCA_004,62
AGCCCCCACAGCCGGAGCCA_005,121
AGCCCCCACAGCCGGAGCCA_006,8
AGCCCCCACAGCCGGAGCCA_007,147
AGCCCCCACAGCCGGAGCCA_008,137
AGCCCCCACAGCCGGAGCCA_009,41
AGCCCCCACAGCCGGAGCCA_010,116
AGCCCCCACAGCCGGAGCCA_011,20
AGCCCCCACAGCCGGAGCCA_012,16
AGCCCCCACAGCCGGAGCCA_013,117
AGCCCCCACAGCCGGAGCCA_014,94
AGCCCCCACAGCCGGAGCCA_015,146
AGCCCCCACAGCCGGAGCCA_016,155
AGCCCCCACAGCCGGAGCCA_017,69
AGCCCCCACAGCCGGAGCCA_018,126
AGCCCCCACAGCCGGAGCCA_019,94
AGCCCCCACAGCCGGAGCCA_020,115
AGCCCCCACAGCCGGAGCCA_021,91
ATGGAGGCCCAAGATCAACT_001,55
ATGGAGGCCCAAGATCAACT_002,31
ATGGAGGCCCAAGATCAACT_003,154
ATGGAGGCCCAAGATCAACT_004,65
ATGGAGGCCCAAGATCAACT_005,89
ATGGAGGCCCAAGATCAACT_006,121
ATGGAGGCCCAAGATCAACT_007,14
ATGGAGGCCCAAGATCAACT_008,101
ATGGAGGCCCAAGATCAACT_009,69
ATGGAGGCCCAAGATCAACT_010,104
ATGGAGGCCCAAGATCAACT_011,53
GGCCAGTGCATGTATGACGG_001,93
GGCCAGTGCATGTATGACGG_002,182
GGCCAGTGCATGTATGACGG_003,136
GGCCAGTGCATGTATGACGG_004,119
GGCCAGTGCATGTATGACGG_005,50
TGAGGTCCACAGCCAGACAT_001,142
TGAGGTCCACAGCCAGACAT_002,181
TGAGGTCCACAGCCAGACAT_003,113
TGAGGTCCACAGCCAGACAT_004,143
TGAGGTCCACAGCCAGACAT_005,143
TGAGGTCCACAGCCAGACAT_006,69
TGAGGTCCACAGCCAGACAT_007,183
TGAGGTCCACAGCCAGACAT_008,56
TGAGGTCCACAGCCAGACAT_009,64
TGAGGTCCACAGCCAGACAT_010,62
TGAGGTCCACAGCCAGACAT_011,48
TGAGGTCCACAGCCAGACAT_012,177
TGAGGTCCACAGCCAGACAT_013,88
TGAGGTCCACAGCCAGACAT_014,10
TGAGGTCCACAGCCAGACAT_015,35
CAGGTAGAGCTGGTGAATGG_001,185
CAGGTAGAGCTGGTGAATGG_002,77
CAGGTAGAGCTGGTGAATGG_003,147
CAGGTAGAGCTGGTGAATGG_004,8
CAGGTAGAGCTGGTGAATGG_005,129
CAGGTAGAGCTGGTGAATGG_006,102
CAGGTAGAGCTGGTGAATGG_007,52
CAGGTAGAGCTGGTGAATGG_008,85
CAGGTAGAGCTGGTGAATGG_009,92
CAGGTAGAGCTGGTGAATGG_010,16
CAGGTAGAGCTGGTGAATGG_011,176
CAGGTAGAGCTGGTGAATGG_012,151
CAGGTAGAGCTGGTGAATGG_013,106
CAGGTAGAGCTGGTGAATGG_014,106
CAGGTAGAGCTGGTGAATGG_015,137
CAGGTAGAGCTGGTGAATGG_016,174
TCATGTGTAACACGGCAAGA_001,17
TCATGTGTAACACGGCAAGA_002,124
TCATGTGTAACACGGCAAGA_003,198
TCATGTGTAACACGGCAAGA_004,129
TCATGTGTAACACGGCAAGA_005,16
TCATGTGTAACACGGCAAGA_006,50
TCATGTGTAACACGGCAAGA_007,52
TCATGTGTAACACGGCAAGA_008,98
TCATGTGTAACACGGCAAGA_009,68
TCATGTGTAACACGGCAAGA_010,39
TCTTGGCAGCCAGAGATGTG_001,85
TCTTGGCAGCCAGAGATGTG_002,61
TCTTGGCAGCCAGAGATGTG_003,174
TCTTGGCAGCCAGAGATGTG_004,108
TCTTGGCAGCCAGAGATGTG_005,11
TCTTGGCAGCCAGAGATGTG_006,60
TCTTGGCAGCCAGAGATGTG_007,81
TCTTGGCAGCCAGAGATGTG_008,29
TCTTGGCAGCCAGAGATGTG_009,43
TCTTGGCAGCCAGAGATGTG_010,19
TCTTGGCAGCCAGAGATGTG_011,56
AGAACTTAAGCGAGGCCCTG_001,83
AGAACTTAAGCGAGGCCCTG_002,43
AGAACTTAAGCGAGGCCCTG_003,7
AGAACTTAAGCGAGGCCCTG_004,34
AGAACTTAAGCGAGGCCCTG_005,46
AGAACTTAAGCGAGGCCCTG_006,134
AGAACTTAAGCGAGGCCCTG_007,16
AGAACTTAAGCGAGGCCCTG_008,105
AGAACTTAAGCGAGGCCCTG_009,6
AGAACTTAAGCGAGGCCCTG_010,47
GTCCCTATTGGACATCCCAA_001,29
GTCCCTATTGGACATCCCAA_002,162
GTCCCTATTGGACATCCCAA_003,199
GTCCCTATTGGACATCCCAA_004,199
GTCCCTATTGGACATCCCAA_005,149
GTCCCTATTGGACATCCCAA_006,17
GTCCCTATTGGACATCCCAA_007,188
GTCCCTATTGGACATCCCAA_008,49
AAAGATATAATAAAGATGCT_001,170
AAAGATATAATAAAGATGCT_002,77
ATCTCGGTAAGCTTTGATCA_001,45
ATCTCGGTAAGCTTTGATCA_002,8
ATCTCGGTAAGCTTTGATCA_003,98
ATCTCGGTAAGCTTTGATCA_004,184
GCGACTTTGGACTGGAGTGT_001,188
GCGACTTTGGACTGGAGTGT_002,191
GCGACTTTGGACTGGAGTGT_003,187
GCGACTTTGGACTGGAGTGT_004,134
GCGACTTTGGACTGGAGTGT_005,29
GCGACTTTGGACTGGAGTGT_006,173
GCGACTTTGGACTGGAGTGT_007,173
GCGACTTTGGACTGGAGTGT_008,72
GCGACTTTGGACTGGAGTGT_009,15
GCGACTTTGGACTGGAGTGT_010,11
GCGACTTTGGACTGGAGTGT_011,106
GCGACTTTGGACTGGAGTGT_012,166
GCGACTTTGGACTGGAGTGT_013,36
CTCCCCTTGCAGGATAAATG_001,136
CTCCCCTTGCAGGATAAATG_002,96
CTCCCCTTGCAGGATAAATG_003,195
CTCCCCTTGCAGGATAAATG_004,22
CTCCCCTTGCAGGATAAATG_005,118
CTCCCCTTGCAGGATAAATG_006,113
CTGTTCCCCTACGGAGCCCA_001,77
CTGTTCCCCTACGGAGCCCA_002,9
CTGTTCCCCTACGGAGCCCA_003,137
CTGTTCCCCTACGGAGCCCA_004,4
CTGTTCCCCTACGGAGCCCA_005,41
CTGTTCCCCTACGGAGCCCA_006,86
CTGTTCCCCTACGGAGCCCA_007,118
CTGTTCCCCTACGGAGCCCA_008,151
CTGTTCCCCTACGGAGCCCA_009,184
CTGTTCCCCTACGGAGCCCA_010,18
CTGTTCCCCTACGGAGCCCA_011,98
CTGTTCCCCTACGGAGCCCA_012,187
TTTCAGATAGCCCATAACTC_001,166
TTTCAGATAGCCCATAACTC_002,150
TTTCAGATAGCCCATAACTC_003,24
TTTCAGATAGCCCATAACTC_004,184
ACCGTCACCGGAAATTCGGG_001,76
ACCGTCACCGGAAATTCGGG_002,48
ACCGTCACCGGAAATTCGGG_003,107
ACCGTCACCGGAAATTCGGG_004,148
ACCGTCACCGGAAATTCGGG_005,86
ACCGTCACCGGAAATTCGGG_006,110
ACCGTCACCGGAAATTCGGG_007,84
ACCGTCACCGGAAATTCGGG_008,86
ACCGTCACCGGAAATTCGGG_009,195
ACCGTCACCGGAAATTCGGG_010,169
ACCGTCACCGGAAATTCGGG_011,188
ACCGTCACCGGAAATTCGGG_012,87
ACCGTCACCGGAAATTCGGG_013,60
ACCGTCACCGGAAATTCGGG_014,11
ACCGTCACCGGAAATTCGGG_015,44
ACCGTCACCGGAAATTCGGG_016,62
ACCGTCACCGGAAATTCGGG_017,127
ACCGTCACCGGAAATTCGGG_018,130
ACCGTCACCGGAAATTCGGG_019,64
ACCGTCACCGGAAATTCGGG_020,121
ACCGTCACCGGAAATTCGGG_021,92
ACCGTCACCGGAAATTCGGG_022,63
ACCGTCACCGGAAATTCGGG_023,184
ACCGTCACCGGAAATTCGGG_024,49
ACCGTCACCGGAAATTCGGG_025,107
ACCGTCACCGGAAATTCGGG_026,72
ACCGTCACCGGAAATTCGGG_027,43
AAAGTGGCACCTACCTGACT_001,169
AAAGTGGCACCTACCTGACT_002,129
AAAGTGGCACCTACCTGACT_003,115
AAAGTGGCACCTACCTGACT_004,183
AAAGTGGCACCTACCTGACT_005,147
AAAGTGGCACCTACCTGACT_006,7
AAAGTGGCACCTACCTGACT_007,29
AAAGTGGCACCTACCTGACT_008,62
AAAGTGGCACCTACCTGACT_009,192
AAAGTGGCACCTACCTGACT_010,128
AAAGTGGCACCTACCTGACT_011,97
AAAGTGGCACCTACCTGACT_012,50
AAAGTGGCACCTACCTGACT_013,49
AAAGTGGCACCTACCTGACT_014,48
AAAGTGGCACCTACCTGACT_015,134
AAAGTGGCACCTACCTGACT_016,48
AAAGTGGCACCTACCTGACT_017,152
AAAGTGGCACCTACCTGACT_018,33
AAAGTGGCACCTACCTGACT_019,126
AAAGTGGCACCTACCTGACT_020,94
AAAGTGGCACCTACCTGACT_021,76
CAGCAGCAGCAGGAGGCCGG_001,94
CAGCAGCAGCAGGAGGCCGG_002,47
CAGCAGCAGCAGGAGGCCGG_003,169
CAGCAGCAGCAGGAGGCCGG_004,41
CAGCAGCAGCAGGAGGCCGG_005,93
CAGCAGCAGCAGGAGGCCGG_006,147
CAGCAGCAGCAGGAGGCCGG_007,174
CAGCAGCAGCAGGAGGCCGG_008,117
CAGCAGCAGCAGGAGGCCGG_009,184
CAGCAGCAGCAGGAGGCCGG_010,72
CAGCAGCAGCAGGAGGCCGG_011,56
CAGCAGCAGCAGGAGGCCGG_012,144
CAGCAGCAGCAGGAGGCCGG_013,164
CAGCAGCAGCAGGAGGCCGG_014,164
CAGCAGCAGCAGGAGGCCGG_015,140
CAGCAGCAGCAGGAGGCCGG_016,59
CAGCAGCAGCAGGAGGCCGG_017,1
CAGCAGCAGCAGGAGGCCGG_018,166
ACACTCGTTGTACAGACAGG_001,170
ACACTCGTTGTACAGACAGG_002,178
ACACTCGTTGTACAGACAGG_003,137
GGTCCAAGTGACAGAAAACG_001,37
GGTCCAAGTGACAGAAAACG_002,107
GGTCCAAGTGACAGAAAACG_003,94
GCGCCTACCCGAGTACTATG_001,168
GCGCCTACCCGAGTACTATG_002,157
GCGCCTACCCGAGTACTATG_003,159
GCGCCTACCCGAGTACTATG_004,88
GCGCCTACCCGAGTACTATG_005,166
GCGCCTACCCGAGTACTATG_006,33
GCGCCTACCCGAGTACTATG_007,1
GCGCCTACCCGAGTACTATG_008,55
GCGCCTACCCGAGTACTATG_009,90
GCGCCTACCCGAGTACTATG_010,182
GCGCCTACCCGAGTACTATG_011,162
GCGCCTACCCGAGTACTATG_012,75
GCGCCTACCCGAGTACTATG_013,127
GCGCCTACCCGAGTACTATG_014,179
GCGCCTACCCGAGTACTATG_015,153
GCGCCTACCCGAGTACTATG_016,12
CTCACCCCGGTAGCAGCAAA_001,58
CTCACCCCGGTAGCAGCAAA_002,156
CTCACCCCGGTAGCAGCAAA_003,157
CTCACCCCGGTAGCAGCAAA_004,157
CTCACCCCGGTAGCAGCAAA_005,158
CTCACCCCGGTAGCAGCAAA_006,175
CTCACCCCGGTAGCAGCAAA_007,116
CTCACCCCGGTAGCAGCAAA_008,63
CTCACCCCGGTAGCAGCAAA_009,1
CTCACCCCGGTAGCAGCAAA_010,104
CTCACCCCGGTAGCAGCAAA_011,48
CTCACCCCGGTAGCAGCAAA_012,121
AGGGCCCGGAGGAACAACAG_001,62
AGGGCCCGGAGGAACAACAG_002,118
AGGGCCCGGAGGAACAACAG_003,134
AGGGCCCGGAGGAACAACAG_004,53
AGGGCCCGGAGGAACAACAG_005,24
AGGGCCCGGAGGAACAACAG_006,169
AGGGCCCGGAGGAACAACAG_007,69
AGGGCCCGGAGGAACAACAG_008,70
AGGGCCCGGAGGAACAACAG_009,30
AGGGCCCGGAGGAACAACAG_010,169
AGGGCCCGGAGGAACAACAG_011,191
AGGGCCCGGAGGAACAACAG_012,54
AGACAAATACTTCCATGCTC_001,57
AGACAAATACTTCCATGCTC_002,174
AGCGCCTCCAAGGAGAAACG_001,98
AGCGCCTCCAAGGAGAAACG_002,190
AGCGCCTCCAAGGAGAAACG_003,97
AGCGCCTCCAAGGAGAAACG_004,37
AGCGCCTCCAAGGAGAAACG_005,77
AGCGCCTCCAAGGAGAAACG_006,158
AGCGCCTCCAAGGAGAAACG_007,46
AGCGCCTCCAAGGAGAAACG_008,62
AGCGCCTCCAAGGAGAAACG_009,103
AGTGAGTAGTGAATATAGTA_001,42
CAAAAGTCTCGCTTGGTCCT_001,69
CAAAAGTCTCGCTTGGTCCT_002,69
CAAAAGTCTCGCTTGGTCCT_003,117
CAAAAGTCTCGCTTGGTCCT_004,8
CAAAAGTCTCGCTTGGTCCT_005,146
CAAAAGTCTCGCTTGGTCCT_006,199
CAAAAGTCTCGCTTGGTCCT_007,15
CAAAAGTCTCGCTTGGTCCT_008,179
CAAAAGTCTCGCTTGGTCCT_009,146
CAAAAGTCTCGCTTGGTCCT_010,127
CAAAAGTCTCGCTTGGTCCT_011,15
CAAAAGTCTCGCTTGGTCCT_012,20
CAAAAGTCTCGCTTGGTCCT_013,116
CAAAAGTCTCGCTTGGTCCT_014,177
CAAAAGTCTCGCTTGGTCCT_015,182
CAAAAGTCTCGCTTGGTCCT_016,182
CAAAAGTCTCGCTTGGTCCT_017,168
CAAAAGTCTCGCTTGGTCCT_018,10
CAAAAGTCTCGCTTGGTCCT_019,187
CAAAAGTCTCGCTTGGTCCT_020,190
CAAAAGTCTCGCTTGGTCCT_021,146
CAAAAGTCTCGCTTGGTCCT_022,199
CAAAAGTCTCGCTTGGTCCT_023,172
CAAAAGTCTCGCTTGGTCCT_024,160
CAAAAGTCTCGCTTGGTCCT_025,81
CAGGAGCACTGGATGCAAGT_001,158
CAGGAGCACTGGATGCAAGT_002,98
CAGGAGCACTGGATGCAAGT_003,28
CAGGAGCACTGGATGCAAGT_004,130
CAGGAGCACTGGATGCAAGT_005,115
CAGGAGCACTGGATGCAAGT_006,88
CAGGAGCACTGGATGCAAGT_007,68
GAGAGAACGACTAGTAACTA_001,106
GAGAGAACGACTAGTAACTA_002,49
GAGAGAACGACTAGTAACTA_003,44
GAGAGAACGACTAGTAACTA_004,178
GAGAGAACGACTAGTAACTA_005,64
GAGAGAACGACTAGTAACTA_006,141
GAGAGAACGACTAGTAACTA_007,118
GAGAGAACGACTAGTAACTA_008,4
GAGAGAACGACTAGTAACTA_009,49
TAAGATGATGCAGACTCCAG_001,88
TAAGATGATGCAGACTCCAG_002,83
TAAGATGATGCAGACTCCAG_003,78
TAAGATGATGCAGACTCCAG_004,88
TAAGATGATGCAGACTCCAG_005,29
TAAGATGATGCAGACTCCAG_006,29
TAAGATGATGCAGACTCCAG_007,151
TAAGATGATGCAGACTCCAG_008,145
TCAACATCTCACTTCCGAAC_001,127
GTCCATCTATAAGCTCACAG_001,115
GTCCATCTATAAGCTCACAG_002,12
GTCCATCTATAAGCTCACAG_003,190
GTCCATCTATAAGCTCACAG_004,118
GTCCATCTATAAGCTCACAG_005,87
GTCCATCTATAAGCTCACAG_006,87
TGACCCAGGATGCCTCTATG_001,94
TGACCCAGGATGCCTCTATG_002,177
TGACCCAGGATGCCTCTATG_003,122
TGACCCAGGATGCCTCTATG_004,35
TGACCCAGGATGCCTCTATG_005,15
TGACCCAGGATGCCTCTATG_006,154
TGACCCAGGATGCCTCTATG_007,53
TGACCCAGGATGCCTCTATG_008,11
TGACCCAGGATGCCTCTATG_009,12
CAGCCACTGATAGCAAGTGG_001,92
CAGCCACTGATAGCAAGTGG_002,163
CAGCCACTGATAGCAAGTGG_003,76
CAGCCACTGATAGCAAGTGG_004,2
GCCTCGTTGTACATCAGAGA_001,171
GCCTCGTTGTACATCAGAGA_002,176
GCCTCGTTGTACATCAGAGA_003,156
GCCTCGTTGTACATCAGAGA_004,82
GCCTCGTTGTACATCAGAGA_005,97
GCCTCGTTGTACATCAGAGA_006,182
GCCTCGTTGTACATCAGAGA_007,167
GCCTCGTTGTACATCAGAGA_008,14
GCCTCGTTGTACATCAGAGA_009,24
GCCTCGTTGTACATCAGAGA_010,58
GCCTCGTTGTACATCAGAGA_011,106
AGAATGGGGCTGGATAGGGG_001,94
AGAATGGGGCTGGATAGGGG_002,50
AGAATGGGGCTGGATAGGGG_003,15
AGAATGGGGCTGGATAGGGG_004,29
AGAATGGGGCTGGATAGGGG_005,168
AGAATGGGGCTGGATAGGGG_006,129
AGAATGGGGCTGGATAGGGG_007,137
AGAATGGGGCTGGATAGGGG_008,155
CATGTGTTGCAGATAAGCAC_001,130
CATGTGTTGCAGATAAGCAC_002,63
CATGTGTTGCAGATAAGCAC_003,149
CATGTGTTGCAGATAAGCAC_004,91
CATGTGTTGCAGATAAGCAC_005,86
CATGTGTTGCAGATAAGCAC_006,199
CGAAGGCGTAGGTGACGTCG_001,174
CGAAGGCGTAGGTGACGTCG_002,149
CGAAGGCGTAGGTGACGTCG_003,105
CGAAGGCGTAGGTGACGTCG_004,184
CGAAGGCGTAGGTGACGTCG_005,183
TGGGACGGCGGGCGCATCGG_001,115
TGGGACGGCGGGCGCATCGG_002,113
TGGGACGGCGGGCGCATCGG_003,64
TGGGACGGCGGGCGCATCGG_004,94
TGGGACGGCGGGCGCATCGG_005,172
TGGGACGGCGGGCGCATCGG_006,24
TGGGACGGCGGGCGCATCGG_007,78
ACACTTACCGAGTCCAGTGA_001,185
ACACTTACCGAGTCCAGTGA_002,106
ACACTTACCGAGTCCAGTGA_003,175
ACACTTACCGAGTCCAGTGA_004,16
ACACTTACCGAGTCCAGTGA_005,50
ACACTTACCGAGTCCAGTGA_006,117
ACACTTACCGAGTCCAGTGA_007,83
ACACTTACCGAGTCCAGTGA_008,190
ACACTTACCGAGTCCAGTGA_009,58
ACACTTACCGAGTCCAGTGA_010,70
ACACTTACCGAGTCCAGTGA_011,141
ACACTTACCGAGTCCAGTGA_012,117
ACACTTACCGAGTCCAGTGA_013,55
ACACTTACCGAGTCCAGTGA_014,140
ACACTTACCGAGTCCAGTGA_015,48
TTCAGATTCAGACATCAGAT_001,62
TTCAGATTCAGACATCAGAT_002,180
TTCAGATTCAGACATCAGAT_003,27
TTCAGATTCAGACATCAGAT_004,146
ATACACTTATGCCATTACTG_001,55
ATACACTTATGCCATTACTG_002,111
ATACACTTATGCCATTACTG_003,136
ATACACTTATGCCATTACTG_004,29
ATACACTTATGCCATTACTG_005,144
ATACACTTATGCCATTACTG_006,41
ATACACTTATGCCATTACTG_007,17
ATACACTTATGCCATTACTG_008,96
CTTCGTCGGCAACATAGCCA_001,145
CTTCGTCGGCAACATAGCCA_002,138
CTTCGTCGGCAACATAGCCA_003,13
CTTCGTCGGCAACATAGCCA_004,183
GAAGGTACGATTCCTTAGTG_001,34
GAAGGTACGATTCCTTAGTG_002,10
GGGCCTTGTAATGTGTGCTG_001,163
GGGCCTTGTAATGTGTGCTG_002,102
GGGCCTTGTAATGTGTGCTG_003,159
GGGCCTTGTAATGTGTGCTG_004,24
GGGCCTTGTAATGTGTGCTG_005,70
GGGCCTTGTAATGTGTGCTG_006,10
GGGCCTTGTAATGTGTGCTG_007,127
GGGCCTTGTAATGTGTGCTG_008,107
GGGCCTTGTAATGTGTGCTG_009,49
GGGCCTTGTAATGTGTGCTG_010,35
GGGCCTTGTAATGTGTGCTG_011,137
GGGCCTTGTAATGTGTGCTG_012,187
GGGCCTTGTAATGTGTGCTG_013,190
TCCTTCAAATCCACCCAGGG_001,35
TCCTTCAAATCCACCCAGGG_002,30
TCCTTCAAATCCACCCAGGG_003,148
TCCTTCAAATCCACCCAGGG_004,26
TCCTTCAAATCCACCCAGGG_005,138
TCCTTCAAATCCACCCAGGG_006,63
TCCTTCAAATCCACCCAGGG_007,126
TCCTTCAAATCCACCCAGGG_008,126
TCCTTCAAATCCACCCAGGG_009,151
CGAGGACACTCAAACGGATG_001,115
CGAGGACACTCAAACGGATG_002,188
CGAGGACACTCAAACGGATG_003,198
CGAGGACACTCAAACGGATG_004,107
CGAGGACACTCAAACGGATG_005,144
CGAGGACACTCAAACGGATG_006,58
CGAGGACACTCAAACGGATG_007,169
CGAGGACACTCAAACGGATG_008,105
CGAGGACACTCAAACGGATG_009,30
CGAGGACACTCAAACGGATG_010,70
CGAGGACACTCAAACGGATG_011,28
CGATCTTGCGGTAACCATCA_001,24
CGATCTTGCGGTAACCATCA_002,2
CGATCTTGCGGTAACCATCA_003,11
CGATCTTGCGGTAACCATCA_004,99
CGATCTTGCGGTAACCATCA_005,76
CGATCTTGCGGTAACCATCA_006,103
CGATCTTGCGGTAACCATCA_007,148
CGATCTTGCGGTAACCATCA_008,188
CGATCTTGCGGTAACCATCA_009,143
CGATCTTGCGGTAACCATCA_010,98
CGATCTTGCGGTAACCATCA_011,150
CGATCTTGCGGTAACCATCA_012,66
CGATCTTGCGGTAACCATCA_013,99
CGATCTTGCGGTAACCATCA_014,58
CGATCTTGCGGTAACCATCA_015,116
CGATCTTGCGGTAACCATCA_016,177
CGATCTTGCGGTAACCATCA_017,81
CGATCTTGCGGTAACCATCA_018,174
CGATCTTGCGGTAACCATCA_019,116
CGATCTTGCGGTAACCATCA_020,127
CGATCTTGCGGTAACCATCA_021,15
AGGCACGCTCATCGACCTTG_001,60
AGGCACGCTCATCGACCTTG_002,18
AGGCACGCTCATCGACCTTG_003,191
AGGCACGCTCATCGACCTTG_004,137
AGGCACGCTCATCGACCTTG_005,167
AGGCACGCTCATCGACCTTG_006,179
AGGCACGCTCATCGACCTTG_007,17
AGGCACGCTCATCGACCTTG_008,59
AGGCACGCTCATCGACCTTG_009,14
AGGCACGCTCATCGACCTTG_010,149
AGGCACGCTCATCGACCTTG_011,16
AGGCACGCTCATCGACCTTG_012,48
AGGCACGCTCATCGACCTTG_013,112
AGGCACGCTCATCGACCTTG_014,104
AGGCACGCTCATCGACCTTG_015,20
AGGCACGCTCATCGACCTTG_016,39
AGGCACGCTCATCGACCTTG_017,52
GTTGTCAGGACGCAATACGT_001,83
GTTGTCAGGACGCAATACGT_002,61
GTTGTCAGGACGCAATACGT_003,183
GTTGTCAGGACGCAATACGT_004,1
GTTGTCAGGACGCAATACGT_005,69
GTTGTCAGGACGCAATACGT_006,114
GTTGTCAGGACGCAATACGT_007,35
GTTGTCAGGACGCAATACGT_008,40
GTTGTCAGGACGCAATACGT_009,39
GTTGTCAGGACGCAATACGT_010,66
GTTGTCAGGACGCAATACGT_011,186
GAGTAAGGATCTTGCGACTG_001,85
GAGTAAGGATCTTGCGACTG_002,186
GAGTAAGGATCTTGCGACTG_003,60
CTGGACCGCCGCGGACACCG_001,162
CTGGACCGCCGCGGACACCG_002,116
CTGGACCGCCGCGGACACCG_003,54
CTGGACCGCCGCGGACACCG_004,146
CTGGACCGCCGCGGACACCG_005,54
CTGGACCGCCGCGGACACCG_006,54
CTGGACCGCCGCGGACACCG_007,105
CTGGACCGCCGCGGACACCG_008,30
CTGGACCGCCGCGGACACCG_009,176
CTGGACCGCCGCGGACACCG_010,67
CTGGACCGCCGCGGACACCG_011,156
CTGGACCGCCGCGGACACCG_012,166
CTGGACCGCCGCGGACACCG_013,9
CTGGACCGCCGCGGACACCG_014,25
CTGGACCGCCGCGGACACCG_015,114
CTGGACCGCCGCGGACACCG_016,48
CTGGACCGCCGCGGACACCG_017,139
CAGTCAGGTTTGGCATTCGG_001,85
CAGTCAGGTTTGGCATTCGG_002,77
CAGTCAGGTTTGGCATTCGG_003,125
CAGTCAGGTTTGGCATTCGG_004,196
CAGTCAGGTTTGGCATTCGG_005,187
CAGTCAGGTTTGGCATTCGG_006,100
CAGTCAGGTTTGGCATTCGG_007,111
CAGTCAGGTTTGGCATTCGG_008,36
CAGTCAGGTTTGGCATTCGG_009,45
CAGTCAGGTTTGGCATTCGG_010,12
CAGTCAGGTTTGGCATTCGG_011,115
CAGTCAGGTTTGGCATTCGG_012,48
CAGTCAGGTTTGGCATTCGG_013,72
CAGTCAGGTTTGGCATTCGG_014,180
CAGTCAGGTTTGGCATTCGG_015,8
GCAGGGAGATCATTCGCTGA_001,62
GCAGGGAGATCATTCGCTGA_002,134
GCAGGGAGATCATTCGCTGA_003,142
ATGCCTTCCCGGGCACAAGC_001,181
ATGCCTTCCCGGGCACAAGC_002,110
ATGCCTTCCCGGGCACAAGC_003,184
ATGCCTTCCCGGGCACAAGC_004,33
ATGCCTTCCCGGGCACAAGC_005,168
ATGCCTTCCCGGGCACAAGC_006,23
ATGCCTTCCCGGGCACAAGC_007,175
ATGCCTTCCCGGGCACAAGC_008,14
ATGCCTTCCCGGGCACAAGC_009,118
ATGCCTTCCCGGGCACAAGC_010,174
ATGCCTTCCCGGGCACAAGC_011,110
ATGCCTTCCCGGGCACAAGC_012,94
ATGCCTTCCCGGGCACAAGC_013,63
GCCCCGTGTGGCACCGACGA_001,70
GCCCCGTGTGGCACCGACGA_002,43
GCCCCGTGTGGCACCGACGA_003,13
GCCCCGTGTGGCACCGACGA_004,154
GCCCCGTGTGGCACCGACGA_005,38
GCCCCGTGTGGCACCGACGA_006,64
GCCCCGTGTGGCACCGACGA_007,55
GCCCCGTGTGGCACCGACGA_008,128
GCCCCGTGTGGCACCGACGA_009,130
GCCCCGTGTGGCACCGACGA_010,19
GCCCCGTGTGGCACCGACGA_011,58
CACTTGGGAGTGCACTTGGG_001,44
CACTTGGGAGTGCACTTGGG_002,38
CACTTGGGAGTGCACTTGGG_003,105
CACTTGGGAGTGCACTTGGG_004,106
CACTTGGGAGTGCACTTGGG_005,177
GATAACATAAAAGATTACGT_001,11
CCCACCTGGTCGGTCCCGAA_001,26
CCCACCTGGTCGGTCCCGAA_002,127
CCCACCTGGTCGGTCCCGAA_003,188
CCCACCTGGTCGGTCCCGAA_004,166
CCCACCTGGTCGGTCCCGAA_005,183
CCCACCTGGTCGGTCCCGAA_006,83
CCCACCTGGTCGGTCCCGAA_007,65
CCCACCTGGTCGGTCCCGAA_008,184
CCCACCTGGTCGGTCCCGAA_009,65
CCCACCTGGTCGGTCCCGAA_010,48
CCCACCTGGTCGGTCCCGAA_011,58
CCCACCTGGTCGGTCCCGAA_012,65
CCCACCTGGTCGGTCCCGAA_013,170
CCCACCTGGTCGGTCCCGAA_014,198
CCCACCTGGTCGGTCCCGAA_015,52
CCCACCTGGTCGGTCCCGAA_016,106
CCCACCTGGTCGGTCCCGAA_017,141
CCCACCTGGTCGGTCCCGAA_018,19
CCCACCTGGTCGGTCCCGAA_019,105
CCCACCTGGTCGGTCCCGAA_020,169
TTGTCAGCTATGCATCCGTG_001,23
TTGTCAGCTATGCATCCGTG_002,177
TTGTCAGCTATGCATCCGTG_003,58
TTGTCAGCTATGCATCCGTG_004,178
AGAATGTGAGACAGAAGACA_001,88
AGAATGTGAGACAGAAGACA_002,58
AGAATGTGAGACAGAAGACA_003,168
AGAATGTGAGACAGAAGACA_004,129
ATGATACGATGTCCACAGAA_001,140
ATGATACGATGTCCACAGAA_002,157
ATGATACGATGTCCACAGAA_003,82
ATGATACGATGTCCACAGAA_004,6
ATGATACGATGTCCACAGAA_005,145
ATGATACGATGTCCACAGAA_006,110
ATGATACGATGTCCACAGAA_007,168
GTCATCCCGTGTGTCAAGAG_001,180
GTCATCCCGTGTGTCAAGAG_002,17
GTCATCCCGTGTGTCAAGAG_003,171
GTCATCCCGTGTGTCAAGAG_004,181
GTCATCCCGTGTGTCAAGAG_005,7
GTCATCCCGTGTGTCAAGAG_006,114
GTCATCCCGTGTGTCAAGAG_007,6
GTCATCCCGTGTGTCAAGAG_008,25
GTCCGTGACAGGGACCGATG_001,57
GTCCGTGACAGGGACCGATG_002,84
GTCCGTGACAGGGACCGATG_003,61
GTCCGTGACAGGGACCGATG_004,116
GTCCGTGACAGGGACCGATG_005,174
GTCCGTGACAGGGACCGATG_006,48
GTCCGTGACAGGGACCGATG_007,46
GTCCGTGACAGGGACCGATG_008,40
GTCCGTGACAGGGACCGATG_009,179
GTCCGTGACAGGGACCGATG_010,61
GTCCGTGACAGGGACCGATG_011,124
TCTGATGTTAAACTACCGAA_001,160
GCATGACTTACTTGGTAGGA_001,69
GCATGACTTACTTGGTAGGA_002,39
GTCTAGGCCATCACATCTGG_001,15
GTCTAGGCCATCACATCTGG_002,160
GTCTAGGCCATCACATCTGG_003,151
GTCTAGGCCATCACATCTGG_004,28
GTCTAGGCCATCACATCTGG_005,62
GTCTAGGCCATCACATCTGG_006,108
GTCTAGGCCATCACATCTGG_007,148
GTCTAGGCCATCACATCTGG_008,41
GTCTAGGCCATCACATCTGG_009,184
GTCTAGGCCATCACATCTGG_010,14
GTCTAGGCCATCACATCTGG_011,18
GTCTAGGCCATCACATCTGG_012,99
ATTATCCAAAGACTATACTC_001,89
ATTATCCAAAGACTATACTC_002,185
ATTATCCAAAGACTATACTC_003,135
TGTAGGGTGTAGCTGATGAG_001,19
TGTAGGGTGTAGCTGATGAG_002,165
TGTAGGGTGTAGCTGATGAG_003,92
TGTAGGGTGTAGCTGATGAG_004,59
TGTAGGGTGTAGCTGATGAG_005,119
TGTAGGGTGTAGCTGATGAG_006,137
TGTAGGGTGTAGCTGATGAG_007,174
GAGATCTCTGACATCCAGCG_001,137
GAGATCTCTGACATCCAGCG_002,177
GAGATCTCTGACATCCAGCG_003,63
GAGATCTCTGACATCCAGCG_004,144
GCCGTGGTGGCCTTCCACCG_001,8
GCCGTGGTGGCCTTCCACCG_002,97
GCCGTGGTGGCCTTCCACCG_003,178
GCCGTGGTGGCCTTCCACCG_004,84
ATCCATAGCCACCATAGCCA_001,198
ATCCATAGCCACCATAGCCA_002,149
ATCCATAGCCACCATAGCCA_003,43
ATCCATAGCCACCATAGCCA_004,47
ATCCATAGCCACCATAGCCA_005,178
ATCCATAGCCACCATAGCCA_006,176
ATCCATAGCCACCATAGCCA_007,60
ATCCATAGCCACCATAGCCA_008,30
ATCCATAGCCACCATAGCCA_009,20
ATCCATAGCCACCATAGCCA_010,196
ATCCATAGCCACCATAGCCA_011,100
ATCCATAGCCACCATAGCCA_012,3
ATCCATAGCCACCATAGCCA_013,130
ATCCATAGCCACCATAGCCA_014,184
ATCCATAGCCACCATAGCCA_015,19
ATCCATAGCCACCATAGCCA_016,2
ATCCATAGCCACCATAGCCA_017,6
ATCCATAGCCACCATAGCCA_018,6
ATCCATAGCCACCATAGCCA_019,31
CACATGCCACGTGATCTCCA_001,60
CACATGCCACGTGATCTCCA_002,149
CACATGCCACGTGATCTCCA_003,115
CACATGCCACGTGATCTCCA_004,19
CACATGCCACGTGATCTCCA_005,105
CACATGCCACGTGATCTCCA_006,199
CACATGCCACGTGATCTCCA_007,75
CACATGCCACGTGATCTCCA_008,84
CACATGCCACGTGATCTCCA_009,166
CACATGCCACGTGATCTCCA_010,187
CACATGCCACGTGATCTCCA_011,185
CACATGCCACGTGATCTCCA_012,152
CACATGCCACGTGATCTCCA_013,74
CACATGCCACGTGATCTCCA_014,168
CACATGCCACGTGATCTCCA_015,147
CACATGCCACGTGATCTCCA_016,199
CACATGCCACGTGATCTCCA_017,121
CACATGCCACGTGATCTCCA_018,40
AGCCGTCTGCCTGCCAATAA_001,19
AGCCGTCTGCCTGCCAATAA_002,199
AGCCGTCTGCCTGCCAATAA_003,17
AGCCGTCTGCCTGCCAATAA_004,49
AGCCGTCTGCCTGCCAATAA_005,78
AGCCGTCTGCCTGCCAATAA_006,105
AGCCGTCTGCCTGCCAATAA_007,163
AGCCGTCTGCCTGCCAATAA_008,172
AGCCGTCTGCCTGCCAATAA_009,198
AGCCGTCTGCCTGCCAATAA_010,148
AGCCGTCTGCCTGCCAATAA_011,127
AGCCGTCTGCCTGCCAATAA_012,188
AGCCGTCTGCCTGCCAATAA_013,79
AGCCGTCTGCCTGCCAATAA_014,55
AGCCGTCTGCCTGCCAATAA_015,81
AGCCGTCTGCCTGCCAATAA_016,90
GCCGGGCCATCAGCTATATG_001,116
GCCGGGCCATCAGCTATATG_002,57
GCCGGGCCATCAGCTATATG_003,119
GCCGGGCCATCAGCTATATG_004,64
GCCGGGCCATCAGCTATATG_005,67
GCCGGGCCATCAGCTATATG_006,91
GCCGGGCCATCAGCTATATG_007,199
GCCGGGCCATCAGCTATATG_008,192
GCCGGGCCATCAGCTATATG_009,136
GCCGGGCCATCAGCTATATG_010,60
GCCGGGCCATCAGCTATATG_011,9
TCAATGGCTACACAGGACCA_001,196
TCAATGGCTACACAGGACCA_002,80
TCAATGGCTACACAGGACCA_003,178
TCAATGGCTACACAGGACCA_004,80
TCAATGGCTACACAGGACCA_005,47
TCAATGGCTACACAGGACCA_006,36
GAAGAGACAAGACTCCCGGG_001,145
GAAGAGACAAGACTCCCGGG_002,147
GAAGAGACAAGACTCCCGGG_003,140
GAAGAGACAAGACTCCCGGG_004,127
GAAGAGACAAGACTCCCGGG_005,154
GAAGAGACAAGACTCCCGGG_006,125
GAAGAGACAAGACTCCCGGG_007,78
GAAGAGACAAGACTCCCGGG_008,97
GAAGAGACAAGACTCCCGGG_009,181
GAAGAGACAAGACTCCCGGG_010,81
GAAGAGACAAGACTCCCGGG_011,134
GAAGAGACAAGACTCCCGGG_012,72
GAAGAGACAAGACTCCCGGG_013,114
GAAGAGACAAGACTCCCGGG_014,144
GAAGAGACAAGACTCCCGGG_015,140
GAAGAGACAAGACTCCCGGG_016,184
AGGGAGGCCACGGCATGCGT_001,169
AGGGAGGCCACGGCATGCGT_002,169
AGGGAGGCCACGGCATGCGT_003,50
AGGGAGGCCACGGCATGCGT_004,178
AGGGAGGCCACGGCATGCGT_005,36
AGGGAGGCCACGGCATGCGT_006,5
AGGGAGGCCACGGCATGCGT_007,161
AGGGAGGCCACGGCATGCGT_008,52
AGGGAGGCCACGGCATGCGT_009,129
AGGGAGGCCACGGCATGCGT_010,30
AGGGAGGCCACGGCATGCGT_011,196
AGGGAGGCCACGGCATGCGT_012,196
AGGGAGGCCACGGCATGCGT_013,16
AGGGAGGCCACGGCATGCGT_014,8
AGGGAGGCCACGGCATGCGT_015,144
AGGGAGGCCACGGCATGCGT_016,141
AGGGAGGCCACGGCATGCGT_017,162
AGGGAGGCCACGGCATGCGT_018,5
AGGGAGGCCACGGCATGCGT_019,129
AGGGAGGCCACGGCATGCGT_020,169
AGGGAGGCCACGGCATGCGT_021,34
AGGGAGGCCACGGCATGCGT_022,124
AGGGAGGCCACGGCATGCGT_023,78
AGGGAGGCCACGGCATGCGT_024,198
AGGGAGGCCACGGCATGCGT_025,153
AGGGAGGCCACGGCATGCGT_026,33
AGGGAGGCCACGGCATGCGT_027,138
AGGGAGGCCACGGCATGCGT_028,40
AGGGAGGCCACGGCATGCGT_029,41
AGGGAGGCCACGGCATGCGT_030,16
GGAGATCACTAAGCATGCAG_001,180
GGAGATCACTAAGCATGCAG_002,116
GGAGATCACTAAGCATGCAG_003,131
GGAGATCACTAAGCATGCAG_004,24
GGAGATCACTAAGCATGCAG_005,175
GGAGATCACTAAGCATGCAG_006,190
GGAGATCACTAAGCATGCAG_007,60
GGAGATCACTAAGCATGCAG_008,182
GGAGATCACTAAGCATGCAG_009,120
GGAGATCACTAAGCATGCAG_010,142
GGAGATCACTAAGCATGCAG_011,137
GGAGATCACTAAGCATGCAG_012,6
GGAGATCACTAAGCATGCAG_013,192
TTTCAGCGAACCGTCCTCTG_001,196
TTTCAGCGAACCGTCCTCTG_002,150
TTTCAGCGAACCGTCCTCTG_003,137
TTTCAGCGAACCGTCCTCTG_004,68
TTTCAGCGAACCGTCCTCTG_005,37
TTTCAGCGAACCGTCCTCTG_006,32
TTTCAGCGAACCGTCCTCTG_007,41
TTTCAGCGAACCGTCCTCTG_008,108
TTTCAGCGAACCGTCCTCTG_009,64
TTTCAGCGAACCGTCCTCTG_010,16
TTTCAGCGAACCGTCCTCTG_011,9
TTTCAGCGAACCGTCCTCTG_012,61
TTTCAGCGAACCGTCCTCTG_013,188
TTTCAGCGAACCGTCCTCTG_014,77
TTTCAGCGAACCGTCCTCTG_015,100
TTTCAGCGAACCGTCCTCTG_016,2
TTTCAGCGAACCGTCCTCTG_017,191
TTTCAGCGAACCGTCCTCTG_018,176
TTTCAGCGAACCGTCCTCTG_019,50
TTTCAGCGAACCGTCCTCTG_020,62
TTTCAGCGAACCGTCCTCTG_021,26
AGTCACGTAGTAGAAGACCA_001,146
AGTCACGTAGTAGAAGACCA_002,107
AGTCACGTAGTAGAAGACCA_003,8
AGTCACGTAGTAGAAGACCA_004,115
AGTCACGTAGTAGAAGACCA_005,176
AGTCACGTAGTAGAAGACCA_006,8
AGTCACGTAGTAGAAGACCA_007,13
AGTCACGTAGTAGAAGACCA_008,156
AGTCACGTAGTAGAAGACCA_009,165
AGTCACGTAGTAGAAGACCA_010,49
AGTCACGTAGTAGAAGACCA_011,74
AGTCACGTAGTAGAAGACCA_012,138
AGTCACGTAGTAGAAGACCA_013,106
GCTCCTTTGATAGCCAACAC_001,189
GCTCCTTTGATAGCCAACAC_002,134
GCTCCTTTGATAGCCAACAC_003,93
GCTCCTTTGATAGCCAACAC_004,17
GCTCCTTTGATAGCCAACAC_005,43
AAAGTGATGGAAAATCAAGA_001,189
AAAGTGATGGAAAATCAAGA_002,74
CGCTGCCAACCGGAACCACG_001,61
CGCTGCCAACCGGAACCACG_002,44
CGCTGCCAACCGGAACCACG_003,172
CGCTGCCAACCGGAACCACG_004,182
CGCTGCCAACCGGAACCACG_005,107
CGCTGCCAACCGGAACCACG_006,102
CGCTGCCAACCGGAACCACG_007,137
CGCTGCCAACCGGAACCACG_008,177
CGCTGCCAACCGGAACCACG_009,199
CGCTGCCAACCGGAACCACG_010,86
CGCTGCCAACCGGAACCACG_011,4
CGCTGCCAACCGGAACCACG_012,118
CGCTGCCAACCGGAACCACG_013,127
CGCTGCCAACCGGAACCACG_014,63
CGCTGCCAACCGGAACCACG_015,147
CGCTGCCAACCGGAACCACG_016,124
AAAAACGCAACAATCAGATA_001,108
AAAAACGCAACAATCAGATA_002,117
AAAAACGCAACAATCAGATA_003,178
AAAAACGCAACAATCAGATA_004,185
AAAAACGCAACAATCAGATA_005,56
AAAAACGCAACAATCAGATA_006,66
AAAAACGCAACAATCAGATA_007,32
AAAAACGCAACAATCAGATA_008,170
GAGAGCAAAGGTCGTCAACG_001,177
GAGAGCAAAGGTCGTCAACG_002,43
GAGAGCAAAGGTCGTCAACG_003,94
GAGAGCAAAGGTCGTCAACG_004,121
GAGAGCAAAGGTCGTCAACG_005,175
GAGAGCAAAGGTCGTCAACG_006,149
GAGAGCAAAGGTCGTCAACG_007,40
GAGAGCAAAGGTCGTCAACG_008,162
GAGAGCAAAGGTCGTCAACG_009,190
GAGAGCAAAGGTCGTCAACG_010,127
CAGACCTTACCGTATCATCA_001,42
CAGACCTTACCGTATCATCA_002,114
CAGACCTTACCGTATCATCA_003,146
GCACCATTTCTCCGCAACGT_001,177
GCACCATTTCTCCGCAACGT_002,25
GGCAACAAACAGTAGCTGGG_001,19
GGCAACAAACAGTAGCTGGG_002,27
GGCAACAAACAGTAGCTGGG_003,182
GGCAACAAACAGTAGCTGGG_004,68
GGCAACAAACAGTAGCTGGG_005,22
GGCAACAAACAGTAGCTGGG_006,26
GGCAACAAACAGTAGCTGGG_007,44
GGCAACAAACAGTAGCTGGG_008,8
GGCAACAAACAGTAGCTGGG_009,83
GGCAACAAACAGTAGCTGGG_010,30
GGCAACAAACAGTAGCTGGG_011,4
GGCAACAAACAGTAGCTGGG_012,114
GGCAACAAACAGTAGCTGGG_013,46
TCATGACTTCGAAAGGATGT_001,102
TCATGACTTCGAAAGGATGT_002,188
TCATGACTTCGAAAGGATGT_003,171
TCATGACTTCGAAAGGATGT_004,116
TCATGACTTCGAAAGGATGT_005,15
TCATGACTTCGAAAGGATGT_006,158
TCATGACTTCGAAAGGATGT_007,183
TCATGACTTCGAAAGGATGT_008,148
TGTGATCTTACAGTTTACAG_001,89
TGTGATCTTACAGTTTACAG_002,62
CAGCCCGCGTCCGGCATCGG_001,94
CAGCCCGCGTCCGGCATCGG_002,184
CAGCCCGCGTCCGGCATCGG_003,176
CAGCCCGCGTCCGGCATCGG_004,116
CAGCCCGCGTCCGGCATCGG_005,165
CAGCCCGCGTCCGGCATCGG_006,169
CAGCCCGCGTCCGGCATCGG_007,77
CAGCCCGCGTCCGGCATCGG_008,150
CAGCCCGCGTCCGGCATCGG_009,40
CAGCCCGCGTCCGGCATCGG_010,172
CAGCCCGCGTCCGGCATCGG_011,55
CAGCCCGCGTCCGGCATCGG_012,177
GTTGTCTGGATGACTAATGT_001,133
GTTGTCTGGATGACTAATGT_002,8
GTTGTCTGGATGACTAATGT_003,41
GTTGTCTGGATGACTAATGT_004,100
GTTGTCTGGATGACTAATGT_005,153
GGAGGCAGGACCAGTAACCC_001,102
CGTACAGCGCGGATACGGGA_001,81
CGTACAGCGCGGATACGGGA_002,67
CGTACAGCGCGGATACGGGA_003,149
TTCAACCAAAATACACCCGA_001,80
TTCAACCAAAATACACCCGA_002,196
TTCAACCAAAATACACCCGA_003,80
TTCAACCAAAATACACCCGA_004,78
TTCAACCAAAATACACCCGA_005,38
TTCAACCAAAATACACCCGA_006,112
TTCAACCAAAATACACCCGA_007,68
GGACATGGCTCTGGGCACTT_001,102
AAATTTATTCAAGGCAGTGA_001,49
AAATTTATTCAAGGCAGTGA_002,119
AAATTTATTCAAGGCAGTGA_003,169
AAATTTATTCAAGGCAGTGA_004,83
AAATTTATTCAAGGCAGTGA_005,83
AAATTTATTCAAGGCAGTGA_006,191
AAATTTATTCAAGGCAGTGA_007,74
AAGCTCGCTGATATCTGTCT_001,150
AAGCTCGCTGATATCTGTCT_002,9
AAGCTCGCTGATATCTGTCT_003,96
AAGCTCGCTGATATCTGTCT_004,142
AAGCTCGCTGATATCTGTCT_005,10
AGTTATAAATCCAGACATCA_001,132
AGTTATAAATCCAGACATCA_002,193
AGTTATAAATCCAGACATCA_003,157
GAGGACCTTAAGGTGACATG_001,80
GAGGACCTTAAGGTGACATG_002,14
GAGGACCTTAAGGTGACATG_003,199
GAGGACCTTAAGGTGACATG_004,70
GAGGACCTTAAGGTGACATG_005,76
GAGGACCTTAAGGTGACATG_006,176
GAGGACCTTAAGGTGACATG_007,59
GAGGACCTTAAGGTGACATG_008,10
TGGGTCGTCTTCAATACTCT_001,148
TGGGTCGTCTTCAATACTCT_002,94
TGGGTCGTCTTCAATACTCT_003,147
TGGGTCGTCTTCAATACTCT_004,6
TGGGTCGTCTTCAATACTCT_005,108
TGGGTTGGATGATGTCGGGA_001,158
CCAACGGCTCTTAGACCACA_001,65
CCAACGGCTCTTAGACCACA_002,117
CCAACGGCTCTTAGACCACA_003,128
CCAACGGCTCTTAGACCACA_004,83
CCAACGGCTCTTAGACCACA_005,132
CCAACGGCTCTTAGACCACA_006,13
CCAACGGCTCTTAGACCACA_007,61
CCAACGGCTCTTAGACCACA_008,136
CCAACGGCTCTTAGACCACA_009,179
GGGAAAGATCTGTCTCACCA_001,85
GGGAAAGATCTGTCTCACCA_002,193
GGGAAAGATCTGTCTCACCA_003,31
GGGAAAGATCTGTCTCACCA_004,141
GGGAAAGATCTGTCTCACCA_005,169
GGGAAAGATCTGTCTCACCA_006,175
GGGGAACATGGCGACTCAAG_001,44
CAGATGCCAGGAGACAAAGC_001,21
CAGATGCCAGGAGACAAAGC_002,105
CAGATGCCAGGAGACAAAGC_003,169
CAGATGCCAGGAGACAAAGC_004,81
CAGATGCCAGGAGACAAAGC_005,165
CAGATGCCAGGAGACAAAGC_006,99
GAACACGGTTCACCTCGATG_001,84
GAACACGGTTCACCTCGATG_002,32
ACAGCACTAGAATTCTTGGC_001,154
GGGCCACAGACATTCTCTTG_001,83
TGAGAATGACTACTACAATG_001,27
TGAGAATGACTACTACAATG_002,141
AAAGAGGTTTGGTTCATAAG_001,115
AAAGAGGTTTGGTTCATAAG_002,121
AAAGAGGTTTGGTTCATAAG_003,146
AAAGAGGTTTGGTTCATAAG_004,41
AAAGAGGTTTGGTTCATAAG_005,181
AAAGAGGTTTGGTTCATAAG_006,146
AAAGAGGTTTGGTTCATAAG_007,170
AAAGAGGTTTGGTTCATAAG_008,58
AAAGAGGTTTGGTTCATAAG_009,62
AAAGAGGTTTGGTTCATAAG_010,41
AAAGAGGTTTGGTTCATAAG_011,27
AAAGAGGTTTGGTTCATAAG_012,149
TGAATCCTCAGAGTTCAAGG_001,130
TGAATCCTCAGAGTTCAAGG_002,98
TGAATCCTCAGAGTTCAAGG_003,11
CTCCAGGCATCGTAATACGT_001,198
CTCCAGGCATCGTAATACGT_002,187
CTCCAGGCATCGTAATACGT_003,178
CTCCAGGCATCGTAATACGT_004,154
CTCCAGGCATCGTAATACGT_005,95
CTCCAGGCATCGTAATACGT_006,71
TGCCACGGGATCCCAATGCC_001,150
TGCCACGGGATCCCAATGCC_002,34
TGCCACGGGATCCCAATGCC_003,138
TGCCACGGGATCCCAATGCC_004,149
TGCCACGGGATCCCAATGCC_005,149
CGGTACCTCCTATTACGCCG_001,5
CGGTACCTCCTATTACGCCG_002,1
GGTGCCCAGCTCTAGCATGG_001,172
GGTGCCCAGCTCTAGCATGG_002,50
GGTGCCCAGCTCTAGCATGG_003,5
GGTGCCCAGCTCTAGCATGG_004,5
GGTGCCCAGCTCTAGCATGG_005,197
GGTGCCCAGCTCTAGCATGG_006,72
GGTGCCCAGCTCTAGCATGG_007,3
GGTGCCCAGCTCTAGCATGG_008,180
GGTGCCCAGCTCTAGCATGG_009,78
GGTGCCCAGCTCTAGCATGG_010,141
GGAGCGTGGACTGGATCTCG_001,115
GGAGCGTGGACTGGATCTCG_002,152
GGAGCGTGGACTGGATCTCG_003,125
GGAGCGTGGACTGGATCTCG_004,19
GGAGCGTGGACTGGATCTCG_005,79
CACCCACCACTCACTATCGA_001,10
CACCCACCACTCACTATCGA_002,133
CACCCACCACTCACTATCGA_003,65
CACCCACCACTCACTATCGA_004,134
CACCCACCACTCACTATCGA_005,60
CACCCACCACTCACTATCGA_006,177
CACCCACCACTCACTATCGA_007,48
TCTTGTAAAAGGTTGATGGT_001,148
TCTTGTAAAAGGTTGATGGT_002,56
TCTTGTAAAAGGTTGATGGT_003,12
TCTTGTAAAAGGTTGATGGT_004,152
TCTTGTAAAAGGTTGATGGT_005,183
TCTTGTAAAAGGTTGATGGT_006,185
AGGGGATGGAACCTCAGTCA_001,199
AGGGGATGGAACCTCAGTCA_002,60
AGGGGATGGAACCTCAGTCA_003,133
AGGGGATGGAACCTCAGTCA_004,143
AGGGGATGGAACCTCAGTCA_005,44
TCAGAGCCCTATTAAGCAGG_001,76
TCAGAGCCCTATTAAGCAGG_002,14
TCAGAGCCCTATTAAGCAGG_003,8
TCAGAGCCCTATTAAGCAGG_004,116
TCAGAGCCCTATTAAGCAGG_005,145
TCAGAGCCCTATTAAGCAGG_006,33
CCAGGGAAAGAATAGTTGGC_001,15
CTAACCTGCCCCTAGTAAGG_001,158
CTAACCTGCCCCTAGTAAGG_002,196
CTAACCTGCCCCTAGTAAGG_003,85
CTAACCTGCCCCTAGTAAGG_004,114
GAACTTGACTATCCGGTCCA_001,50
GAACTTGACTATCCGGTCCA_002,34
GAACTTGACTATCCGGTCCA_003,96
GAACTTGACTATCCGGTCCA_004,34
GAACTTGACTATCCGGTCCA_005,59
GAACTTGACTATCCGGTCCA_006,170
GAACTTGACTATCCGGTCCA_007,2
GAACTTGACTATCCGGTCCA_008,19
GAACTTGACTATCCGGTCCA_009,111
GAACTTGACTATCCGGTCCA_010,161
GAACTTGACTATCCGGTCCA_011,156
GAACTTGACTATCCGGTCCA_012,160
GAACTTGACTATCCGGTCCA_013,113
GAACTTGACTATCCGGTCCA_014,15
GAACTTGACTATCCGGTCCA_015,170
GAACTTGACTATCCGGTCCA_016,5
GAACTTGACTATCCGGTCCA_017,130
GAACTTGACTATCCGGTCCA_018,93
GAACTTGACTATCCGGTCCA_019,94
GAACTTGACTATCCGGTCCA_020,109
GAACTTGACTATCCGGTCCA_021,198
GAACTTGACTATCCGGTCCA_022,39
GAACTTGACTATCCGGTCCA_023,121
GAACTTGACTATCCGGTCCA_024,136
GAACTTGACTATCCGGTCCA_025,32
GAACTTGACTATCCGGTCCA_026,93
CCACCTGGCAAACCGAACAG_001,118
CCACCTGGCAAACCGAACAG_002,28
TCAATATTGAAACGACCAGG_001,77
TCAATATTGAAACGACCAGG_002,44
TCAATATTGAAACGACCAGG_003,160
TCAATATTGAAACGACCAGG_004,66
GGACTTGGTCGTATTCGCTG_001,83
GGACTTGGTCGTATTCGCTG_002,152
CCTTGGTGTTGGCGTCACTG_001,58
CCTTGGTGTTGGCGTCACTG_002,48
CCTTGGTGTTGGCGTCACTG_003,105
CCTTGGTGTTGGCGTCACTG_004,9
CCTTGGTGTTGGCGTCACTG_005,132
CCTTGGTGTTGGCGTCACTG_006,115
CCTTGGTGTTGGCGTCACTG_007,115
CCTTGGTGTTGGCGTCACTG_008,147
CCTTGGTGTTGGCGTCACTG_009,123
CCTTGGTGTTGGCGTCACTG_010,117
CCTTGGTGTTGGCGTCACTG_011,142
CCTTGGTGTTGGCGTCACTG_012,152
CCTTGGTGTTGGCGTCACTG_013,107
CCTTGGTGTTGGCGTCACTG_014,20
GGAGCTCAGGCTACGCTCAG_001,130
GGAGCTCAGGCTACGCTCAG_002,184
GGAGCTCAGGCTACGCTCAG_003,153
GGAGCTCAGGCTACGCTCAG_004,80
GGAGCTCAGGCTACGCTCAG_005,170
GGAGCTCAGGCTACGCTCAG_006,96
GGAGCTCAGGCTACGCTCAG_007,46
GGAGCTCAGGCTACGCTCAG_008,7
GGAGCTCAGGCTACGCTCAG_009,105
GGAGCTCAGGCTACGCTCAG_010,169
GGAGCTCAGGCTACGCTCAG_011,147
GGAGCTCAGGCTACGCTCAG_012,68
GGAGCTCAGGCTACGCTCAG_013,134
GGAGCTCAGGCTACGCTCAG_014,96
GGAGCTCAGGCTACGCTCAG_015,185
GAGGAATGACTCTTTCATCG_001,115
GAGGAATGACTCTTTCATCG_002,117
GAGGAATGACTCTTTCATCG_003,23
GAGGAATGACTCTTTCATCG_004,117
GGTGAACGAGTCAGGCCGCG_001,45
GGTGAACGAGTCAGGCCGCG_002,159
GGTGAACGAGTCAGGCCGCG_003,137
GGTGAACGAGTCAGGCCGCG_004,191
GGTGAACGAGTCAGGCCGCG_005,96
GGTGAACGAGTCAGGCCGCG_006,157
GGTGAACGAGTCAGGCCGCG_007,158
GGTGAACGAGTCAGGCCGCG_008,9
GGTGAACGAGTCAGGCCGCG_009,55
GGTGAACGAGTCAGGCCGCG_010,138
GGTGAACGAGTCAGGCCGCG_011,105
GGTGAACGAGTCAGGCCGCG_012,63
GGTGAACGAGTCAGGCCGCG_013,113
GGTGAACGAGTCAGGCCGCG_014,70
GGTGAACGAGTCAGGCCGCG_015,15
GGTGAACGAGTCAGGCCGCG_016,40
GATTGGTATATCGAACAGCA_001,149
GGCCGCTGGCTCGTGTACCC_001,76
GGCCGCTGGCTCGTGTACCC_002,140
GGCCGCTGGCTCGTGTACCC_003,117
GGCCATTAGCTCGTGCCCTG_001,188
GGCCATTAGCTCGTGCCCTG_002,95
GGCCATTAGCTCGTGCCCTG_003,121
GGCCATTAGCTCGTGCCCTG_004,108
GGCCATTAGCTCGTGCCCTG_005,50
GGACGACTGTATCACTCCCG_001,130
TGCCCCAAAACAATATTGGG_001,49
TGCCCCAAAACAATATTGGG_002,197
TGCCCCAAAACAATATTGGG_003,120
TGCCCCAAAACAATATTGGG_004,13
TGCCCCAAAACAATATTGGG_005,8
TGCCCCAAAACAATATTGGG_006,191
TGGAGTTGGCAGGTGTGCGC_001,42
TGGAGTTGGCAGGTGTGCGC_002,173
TGGAGTTGGCAGGTGTGCGC_003,150
TGGAGTTGGCAGGTGTGCGC_004,133
TGGAGTTGGCAGGTGTGCGC_005,121
TGGAGTTGGCAGGTGTGCGC_006,83
AATATTTGGCTCGGCTGCGC_001,53
AATATTTGGCTCGGCTGCGC_002,130
AATATTTGGCTCGGCTGCGC_003,62
AATATTTGGCTCGGCTGCGC_004,126
AATATTTGGCTCGGCTGCGC_005,34
AATATTTGGCTCGGCTGCGC_006,143
AATATTTGGCTCGGCTGCGC_007,8
AATATTTGGCTCGGCTGCGC_008,22
AATATTTGGCTCGGCTGCGC_009,41
AATATTTGGCTCGGCTGCGC_010,23
AATATTTGGCTCGGCTGCGC_011,64
AATATTTGGCTCGGCTGCGC_012,113
AATATTTGGCTCGGCTGCGC_013,105
AATATTTGGCTCGGCTGCGC_014,36
AATATTTGGCTCGGCTGCGC_015,58
AATATTTGGCTCGGCTGCGC_016,10
AATATTTGGCTCGGCTGCGC_017,98
AATATTTGGCTCGGCTGCGC_018,162
AATATTTGGCTCGGCTGCGC_019,149
AATATTTGGCTCGGCTGCGC_020,168
AATATTTGGCTCGGCTGCGC_021,106
AATATTTGGCTCGGCTGCGC_022,33
AATATTTGGCTCGGCTGCGC_023,90
AATATTTGGCTCGGCTGCGC_024,168
AATATTTGGCTCGGCTGCGC_025,17
AATATTTGGCTCGGCTGCGC_026,120
GTGTTGGGAAACACAGACCG_001,7
GTGTTGGGAAACACAGACCG_002,141
GTGTTGGGAAACACAGACCG_003,188
GTGTTGGGAAACACAGACCG_004,188
GTGTTGGGAAACACAGACCG_005,159
GTGTTGGGAAACACAGACCG_006,167
GTGTTGGGAAACACAGACCG_007,161
GTGTTGGGAAACACAGACCG_008,13
GTGTTGGGAAACACAGACCG_009,170
GTGTTGGGAAACACAGACCG_010,113
GTGTTGGGAAACACAGACCG_011,114
GTGTTGGGAAACACAGACCG_012,114
GTGTTGGGAAACACAGACCG_013,34
GTGTTGGGAAACACAGACCG_014,41
GTGTTGGGAAACACAGACCG_015,191
GTGTTGGGAAACACAGACCG_016,59
GTGTTGGGAAACACAGACCG_017,184
GTGTTGGGAAACACAGACCG_018,49
GTGTTGGGAAACACAGACCG_019,61
GTGTTGGGAAACACAGACCG_020,88
GTGTTGGGAAACACAGACCG_021,27
GTGTTGGGAAACACAGACCG_022,89
GTGTTGGGAAACACAGACCG_023,48
GTGTTGGGAAACACAGACCG_024,40
GTGTTGGGAAACACAGACCG_025,78
GTGTTGGGAAACACAGACCG_026,116
GTGTTGGGAAACACAGACCG_027,60
GTGTTGGGAAACACAGACCG_028,165
TCCACGGGTATTCAATACAG_001,160
TCCACGGGTATTCAATACAG_002,129
GGCAGCTGCGAATTACACTG_001,60
GGCAGCTGCGAATTACACTG_002,41
GGCAGCTGCGAATTACACTG_003,183
GGCAGCTGCGAATTACACTG_004,98
GGCAGCTGCGAATTACACTG_005,89
GGCAGCTGCGAATTACACTG_006,75
GGCAGCTGCGAATTACACTG_007,168
GGCAGCTGCGAATTACACTG_008,68
GGCAGCTGCGAATTACACTG_009,48
GGCAGCTGCGAATTACACTG_010,150
CCTCTACCGCCGGCTGAGCG_001,61
CCTCTACCGCCGGCTGAGCG_002,3
CCTCTACCGCCGGCTGAGCG_003,192
CCTCTACCGCCGGCTGAGCG_004,4
CTTGTATTTGTTGATCACTG_001,52
CTTGTATTTGTTGATCACTG_002,149
CTTGTATTTGTTGATCACTG_003,38
CTTGTATTTGTTGATCACTG_004,74
CTTGTATTTGTTGATCACTG_005,128
CTTGTATTTGTTGATCACTG_006,10
CTTGTATTTGTTGATCACTG_007,65
CTTGTATTTGTTGATCACTG_008,85
CTTGTATTTGTTGATCACTG_009,82
CTTGTATTTGTTGATCACTG_010,176
CTTGTATTTGTTGATCACTG_011,182
CTTCCACAAACCAAAATCCG_001,76
CTTCCACAAACCAAAATCCG_002,107
CTTCCACAAACCAAAATCCG_003,149
CTTCCACAAACCAAAATCCG_004,179
CTTCCACAAACCAAAATCCG_005,179
CTTCCACAAACCAAAATCCG_006,148
CTTCCACAAACCAAAATCCG_007,158
GTTTGCGTCATTCATCCGCA_001,81
GTTTGCGTCATTCATCCGCA_002,10
CACAGAAACAGATACTGCAC_001,196
ATCCAGATGGCAATATCACA_001,98
ATCCAGATGGCAATATCACA_002,2
ATCCAGATGGCAATATCACA_003,17
ATCCAGATGGCAATATCACA_004,149
ATCCAGATGGCAATATCACA_005,147
ATCCAGATGGCAATATCACA_006,104
GGTGACTGTTGAAGTTGGTG_001,130
GGTGACTGTTGAAGTTGGTG_002,168
GGTGACTGTTGAAGTTGGTG_003,88
GGTGACTGTTGAAGTTGGTG_004,155
GGTCTCTAGTGTAGTGACGT_001,192
GGTCTCTAGTGTAGTGACGT_002,88
GGTCTCTAGTGTAGTGACGT_003,38
GGTCTCTAGTGTAGTGACGT_004,15
GGTCTCTAGTGTAGTGACGT_005,113
GGTCTCTAGTGTAGTGACGT_006,9
GGTCTCTAGTGTAGTGACGT_007,16
GGTCTCTAGTGTAGTGACGT_008,19
GGTCTCTAGTGTAGTGACGT_009,142
TTGCTGCTGCATCGCAATGG_001,78
TTGCTGCTGCATCGCAATGG_002,68
TTGCTGCTGCATCGCAATGG_003,127
TTGCTGCTGCATCGCAATGG_004,48
TTGCTGCTGCATCGCAATGG_005,46
TTGCTGCTGCATCGCAATGG_006,44
TTGCTGCTGCATCGCAATGG_007,98
TTGCTGCTGCATCGCAATGG_008,81
AAGAGCCTGACATACATCCT_001,17
AAGAGCCTGACATACATCCT_002,62
AAGAGCCTGACATACATCCT_003,48
AAGAGCCTGACATACATCCT_004,50
AAGAGCCTGACATACATCCT_005,50
AAGAGCCTGACATACATCCT_006,116
AAGAGCCTGACATACATCCT_007,43
AAGAGCCTGACATACATCCT_008,34
TGCTCCACCAGTGGGACATG_001,15
TGCTCCACCAGTGGGACATG_002,94
TGCTCCACCAGTGGGACATG_003,169
TGCTCCACCAGTGGGACATG_004,5
TGCTCCACCAGTGGGACATG_005,169
GCGGCAGTTGATGAGCACTT_001,8
GCGGCAGTTGATGAGCACTT_002,65
GCGGCAGTTGATGAGCACTT_003,101
GCGGCAGTTGATGAGCACTT_004,100
GCGGCAGTTGATGAGCACTT_005,32
GCGGCAGTTGATGAGCACTT_006,44
GCGGCAGTTGATGAGCACTT_007,49
GCGGCAGTTGATGAGCACTT_008,134
GTGTGACAAGATCTACCAGG_001,41
GTGTGACAAGATCTACCAGG_002,2
GTGTGACAAGATCTACCAGG_003,85
GTGTGACAAGATCTACCAGG_004,58
GTGTGACAAGATCTACCAGG_005,40
GTGTGACAAGATCTACCAGG_006,57
GTGTGACAAGATCTACCAGG_007,49
GTGTGACAAGATCTACCAGG_008,125
TCCTACCCTCAGATTACTGG_001,54
TCCTACCCTCAGATTACTGG_002,1
TCCTACCCTCAGATTACTGG_003,58
TCCTACCCTCAGATTACTGG_004,56
TCCTACCCTCAGATTACTGG_005,190
TCCTACCCTCAGATTACTGG_006,191
TCCTACCCTCAGATTACTGG_007,121
AGTCATTACGGAGTGCAGCA_001,68
AGTCATTACGGAGTGCAGCA_002,84
AGTCATTACGGAGTGCAGCA_003,76
AGTCATTACGGAGTGCAGCA_004,116
AGTCATTACGGAGTGCAGCA_005,77
AGTCATTACGGAGTGCAGCA_006,170
AGTCATTACGGAGTGCAGCA_007,82
AGTCATTACGGAGTGCAGCA_008,166
AGTCATTACGGAGTGCAGCA_009,187
AGTCATTACGGAGTGCAGCA_010,28
AGTCATTACGGAGTGCAGCA_011,48
AGTCATTACGGAGTGCAGCA_012,177
AGTCATTACGGAGTGCAGCA_013,94
AGTCATTACGGAGTGCAGCA_014,83
AGTCATTACGGAGTGCAGCA_015,0
AGTCATTACGGAGTGCAGCA_016,55
AGTCATTACGGAGTGCAGCA_017,194
AGTCATTACGGAGTGCAGCA_018,85
AGTCATTACGGAGTGCAGCA_019,92
AGTCATTACGGAGTGCAGCA_020,158
AGTCATTACGGAGTGCAGCA_021,111
AGTCATTACGGAGTGCAGCA_022,161
AGTCATTACGGAGTGCAGCA_023,127
AGTCATTACGGAGTGCAGCA_024,156
AGTCATTACGGAGTGCAGCA_025,197
AGTCATTACGGAGTGCAGCA_026,9
AGTCATTACGGAGTGCAGCA_027,22
AGTCATTACGGAGTGCAGCA_028,175
AGTCATTACGGAGTGCAGCA_029,85
AGTCATTACGGAGTGCAGCA_030,60
AGTCATTACGGAGTGCAGCA_031,79
AGTCATTACGGAGTGCAGCA_032,84
AGTCATTACGGAGTGCAGCA_033,144
AGTCATTACGGAGTGCAGCA_034,76
AGTCATTACGGAGTGCAGCA_035,3
AGTCATTACGGAGTGCAGCA_036,34
AGTCATTACGGAGTGCAGCA_037,138
AGTCATTACGGAGTGCAGCA_038,175
AGTCATTACGGAGTGCAGCA_039,3
AGTCATTACGGAGTGCAGCA_040,152
AGTCATTACGGAGTGCAGCA_041,95
AGTACCCCGACTACCAGCAA_001,162
AGTACCCCGACTACCAGCAA_002,82
AGTACCCCGACTACCAGCAA_003,72
AGTACCCCGACTACCAGCAA_004,94
AGTACCCCGACTACCAGCAA_005,199
AGTACCCCGACTACCAGCAA_006,43
AGTACCCCGACTACCAGCAA_007,1
AGTACCCCGACTACCAGCAA_008,170
AGTACCCCGACTACCAGCAA_009,108
AGTACCCCGACTACCAGCAA_010,58
AGTACCCCGACTACCAGCAA_011,27
AGTACCCCGACTACCAGCAA_012,94
AGTACCCCGACTACCAGCAA_013,77
AGTACCCCGACTACCAGCAA_014,129
AGTACCCCGACTACCAGCAA_015,150
AGTACCCCGACTACCAGCAA_016,1
AACTCACAATAACCTCAAGA_001,87
AACTCACAATAACCTCAAGA_002,88
AACTCACAATAACCTCAAGA_003,53
AACTCACAATAACCTCAAGA_004,113
AACTCACAATAACCTCAAGA_005,108
AACTCACAATAACCTCAAGA_006,158
AACTCACAATAACCTCAAGA_007,23
AACTCACAATAACCTCAAGA_008,158
AACTCACAATAACCTCAAGA_009,89
GGGCCGAGTAAAAGATCACC_001,150
GGGCCGAGTAAAAGATCACC_002,134
TCGGTCTTGGGCGCGCTCTG_001,32
TCGGTCTTGGGCGCGCTCTG_002,73
TCGGTCTTGGGCGCGCTCTG_003,68
TCGGTCTTGGGCGCGCTCTG_004,190
TCGGTCTTGGGCGCGCTCTG_005,70
TCGGTCTTGGGCGCGCTCTG_006,15
TCGGTCTTGGGCGCGCTCTG_007,144
TCGGTCTTGGGCGCGCTCTG_008,10
TCGGTCTTGGGCGCGCTCTG_009,192
TCGGTCTTGGGCGCGCTCTG_010,82
TCGGTCTTGGGCGCGCTCTG_011,15
TCGGTCTTGGGCGCGCTCTG_012,120
TCGGTCTTGGGCGCGCTCTG_013,98
TCGGTCTTGGGCGCGCTCTG_014,48
TCGGTCTTGGGCGCGCTCTG_015,13
TCGGTCTTGGGCGCGCTCTG_016,101
TCGGTCTTGGGCGCGCTCTG_017,163
TCGGTCTTGGGCGCGCTCTG_018,43
TCGGTCTTGGGCGCGCTCTG_019,47
TCGGTCTTGGGCGCGCTCTG_020,37
TCGGTCTTGGGCGCGCTCTG_021,2
TCGGTCTTGGGCGCGCTCTG_022,2
CTGGACACCTTCGACCGCCA_001,192
CTGGACACCTTCGACCGCCA_002,9
CTGGACACCTTCGACCGCCA_003,170
CTGGACACCTTCGACCGCCA_004,98
CTGGACACCTTCGACCGCCA_005,31
CTGGACACCTTCGACCGCCA_006,149
CTGGACACCTTCGACCGCCA_007,107
CTGGACACCTTCGACCGCCA_008,40
CTGGACACCTTCGACCGCCA_009,70
CTGGACACCTTCGACCGCCA_010,9
CTGGACACCTTCGACCGCCA_011,177
CTGGACACCTTCGACCGCCA_012,78
AGCTGAACGAGAACCAAGTG_001,149
AGCTGAACGAGAACCAAGTG_002,149
AGCTGAACGAGAACCAAGTG_003,121
AGCTGAACGAGAACCAAGTG_004,189
AGCTGAACGAGAACCAAGTG_005,191
AGCTGAACGAGAACCAAGTG_006,41
AGCTGAACGAGAACCAAGTG_007,176
AGCTGAACGAGAACCAAGTG_008,65
AGCTGAACGAGAACCAAGTG_009,146
AGCTGAACGAGAACCAAGTG_010,146
AGCTGAACGAGAACCAAGTG_011,86
AGCTGAACGAGAACCAAGTG_012,130
AGCTGAACGAGAACCAAGTG_013,88
AGCTGAACGAGAACCAAGTG_014,141
AGCTGAACGAGAACCAAGTG_015,125
AGCTGAACGAGAACCAAGTG_016,118
AGCTGAACGAGAACCAAGTG_017,87
AGCTGAACGAGAACCAAGTG_018,52
AGCTGAACGAGAACCAAGTG_019,98
AGCTGAACGAGAACCAAGTG_020,150
AGCTGAACGAGAACCAAGTG_021,184
AGCTGAACGAGAACCAAGTG_022,94
AGCTGAACGAGAACCAAGTG_023,168
AGCTGAACGAGAACCAAGTG_024,52
AGCTGAACGAGAACCAAGTG_025,68
GGGACCTAACACGTCACTGG_001,130
GGGACCTAACACGTCACTGG_002,96
GGGACCTAACACGTCACTGG_003,180
GGGACCTAACACGTCACTGG_004,198
GGGACCTAACACGTCACTGG_005,171
GGGACCTAACACGTCACTGG_006,78
GGGACCTAACACGTCACTGG_007,82
GGGACCTAACACGTCACTGG_008,49
GGGACCTAACACGTCACTGG_009,91
GGGACCTAACACGTCACTGG_010,46
GGGACCTAACACGTCACTGG_011,153
GTTACCCAGATCCCGCCACA_001,50
GTTACCCAGATCCCGCCACA_002,150
GTTACCCAGATCCCGCCACA_003,55
GTTACCCAGATCCCGCCACA_004,116
GTTACCCAGATCCCGCCACA_005,73
GTTACCCAGATCCCGCCACA_006,5
GTTACCCAGATCCCGCCACA_007,156
GTTACCCAGATCCCGCCACA_008,189
TAGTATGGAATATATTCCTG_001,48
TAGTATGGAATATATTCCTG_002,136
TAGTATGGAATATATTCCTG_003,158
TAGTATGGAATATATTCCTG_004,46
TTCTGCAAAAGAGATAGCAG_001,181
TTCTGCAAAAGAGATAGCAG_002,19
TTCTGCAAAAGAGATAGCAG_003,142
TTCTGCAAAAGAGATAGCAG_004,4
TTCTGCAAAAGAGATAGCAG_005,62
TTCTGCAAAAGAGATAGCAG_006,49
TTCTGCAAAAGAGATAGCAG_007,101
TTCTGCAAAAGAGATAGCAG_008,73
TTCTGCAAAAGAGATAGCAG_009,82
TTCTGCAAAAGAGATAGCAG_010,35
TTCTGCAAAAGAGATAGCAG_011,13
TTCTGCAAAAGAGATAGCAG_012,4
TTCTGCAAAAGAGATAGCAG_013,118
TTCTGCAAAAGAGATAGCAG_014,178
TTCTGCAAAAGAGATAGCAG_015,91
TTCTGCAAAAGAGATAGCAG_016,88
TTCTGCAAAAGAGATAGCAG_017,74
TTCTGCAAAAGAGATAGCAG_018,118
TTCTGCAAAAGAGATAGCAG_019,35
TTCTGCAAAAGAGATAGCAG_020,2
TTCTGCAAAAGAGATAGCAG_021,75
TTCTGCAAAAGAGATAGCAG_022,166
TTCTGCAAAAGAGATAGCAG_023,18
TTCTGCAAAAGAGATAGCAG_024,173
TTCTGCAAAAGAGATAGCAG_025,15
TTCTGCAAAAGAGATAGCAG_026,68
TTCTGCAAAAGAGATAGCAG_027,102
TTCTGCAAAAGAGATAGCAG_028,105
TTCTGCAAAAGAGATAGCAG_029,96
TTCTGCAAAAGAGATAGCAG_030,157
TTCTGCAAAAGAGATAGCAG_031,157
TTCTGCAAAAGAGATAGCAG_032,149
GGTGACAAGTGTGATCACTT_001,53
GGTGACAAGTGTGATCACTT_002,102
GGTGACAAGTGTGATCACTT_003,183
GGTGACAAGTGTGATCACTT_004,28
TATGAGAGGTAATAGCGCCA_001,48
TATGAGAGGTAATAGCGCCA_002,81
TGGAAAGAGTGGTACATGGT_001,141
TGGAAAGAGTGGTACATGGT_002,120
TGGAAAGAGTGGTACATGGT_003,98
TGGAAAGAGTGGTACATGGT_004,185
TGGAAAGAGTGGTACATGGT_005,74
TGGAAAGAGTGGTACATGGT_006,2
TGGAAAGAGTGGTACATGGT_007,71
TGGAAAGAGTGGTACATGGT_008,134
TGGAAAGAGTGGTACATGGT_009,84
ACAGAGCACGTTGTTTACAG_001,72
ACAGAGCACGTTGTTTACAG_002,66
ACAGAGCACGTTGTTTACAG_003,66
ACAGAGCACGTTGTTTACAG_004,185
ACAGAGCACGTTGTTTACAG_005,191
GGGGACATACTGGACGCTCA_001,73
GGGGACATACTGGACGCTCA_002,139
GGGGACATACTGGACGCTCA_003,197
GGGGACATACTGGACGCTCA_004,67
GGGGACATACTGGACGCTCA_005,146
GGGGACATACTGGACGCTCA_006,53
GGGGACATACTGGACGCTCA_007,17
GGGGACATACTGGACGCTCA_008,142
GGGGACATACTGGACGCTCA_009,178
GGGGACATACTGGACGCTCA_010,98
GGGGACATACTGGACGCTCA_011,59
GGGGACATACTGGACGCTCA_012,57
GGGGACATACTGGACGCTCA_013,186
GGGGACATACTGGACGCTCA_014,16
GGGGACATACTGGACGCTCA_015,168
GGGGACATACTGGACGCTCA_016,88
GGGGACATACTGGACGCTCA_017,167
GGGGACATACTGGACGCTCA_018,186
TCAGGCTCAGCAAGGTGGGT_001,76
TCAGGCTCAGCAAGGTGGGT_002,137
TCAGGCTCAGCAAGGTGGGT_003,84
TCAGGCTCAGCAAGGTGGGT_004,115
TCAGGCTCAGCAAGGTGGGT_005,57
TCAGGCTCAGCAAGGTGGGT_006,197
TCAGGCTCAGCAAGGTGGGT_007,169
TCAGGCTCAGCAAGGTGGGT_008,115
AGAGACCAGAAGGTCGCCAA_001,75
AGAGACCAGAAGGTCGCCAA_002,113
AGAGACCAGAAGGTCGCCAA_003,148
AGAGACCAGAAGGTCGCCAA_004,171
AGAGACCAGAAGGTCGCCAA_005,69
AGAGACCAGAAGGTCGCCAA_006,178
GGCAAAAGTCCCTACAAGCG_001,197
GGCAAAAGTCCCTACAAGCG_002,35
TATAGACATCCTTAGGATAG_001,105
TATAGACATCCTTAGGATAG_002,69
CATGCCACAGAGTACGCGGT_001,180
CATGCCACAGAGTACGCGGT_002,115
CATGCCACAGAGTACGCGGT_003,185
CATGCCACAGAGTACGCGGT_004,117
CATGCCACAGAGTACGCGGT_005,197
CATGCCACAGAGTACGCGGT_006,76
CATGCCACAGAGTACGCGGT_007,180
CATGCCACAGAGTACGCGGT_008,2
GTGTATGGATGAGTATGACG_001,175
GTGTATGGATGAGTATGACG_002,106
GTGTATGGATGAGTATGACG_003,181
CCTTCAAGGCCATCTCCGAG_001,73
CCTTCAAGGCCATCTCCGAG_002,22
CCTTCAAGGCCATCTCCGAG_003,110
CCTTCAAGGCCATCTCCGAG_004,55
CCTTCAAGGCCATCTCCGAG_005,147
CCTTCAAGGCCATCTCCGAG_006,88
CGTTGCTCCAGGATCTGCGG_001,15
CGTTGCTCCAGGATCTGCGG_002,47
CGTTGCTCCAGGATCTGCGG_003,7
CGTTGCTCCAGGATCTGCGG_004,22
GGCTTCATTTAATAACACTG_001,172
GGCTTCATTTAATAACACTG_002,154
GGCTTCATTTAATAACACTG_003,60
GGCTTCATTTAATAACACTG_004,115
GGCTTCATTTAATAACACTG_005,58
GGCTTCATTTAATAACACTG_006,76
AGAAAATGAGAGAACAACTG_001,58
AGAAAATGAGAGAACAACTG_002,27
AGAAAATGAGAGAACAACTG_003,17
AGAAAATGAGAGAACAACTG_004,41
AGAAAATGAGAGAACAACTG_005,82
AGAAAATGAGAGAACAACTG_006,1
AGAAAATGAGAGAACAACTG_007,57
AGAAAATGAGAGAACAACTG_008,119
AGAAAATGAGAGAACAACTG_009,9
AGAAAATGAGAGAACAACTG_010,12
AGAAAATGAGAGAACAACTG_011,149
AGAAAATGAGAGAACAACTG_012,103
AGAAAATGAGAGAACAACTG_013,177
AGAAAATGAGAGAACAACTG_014,156
AGAAAATGAGAGAACAACTG_015,7
AGAAAATGAGAGAACAACTG_016,17
AAGGGTGTCAGCATCCACGA_001,164
AAGGGTGTCAGCATCCACGA_002,68
AAGGGTGTCAGCATCCACGA_003,147
AAGGGTGTCAGCATCCACGA_004,104
AAGGGTGTCAGCATCCACGA_005,34
AAGGGTGTCAGCATCCACGA_006,8
AAGGGTGTCAGCATCCACGA_007,172
AAGGGTGTCAGCATCCACGA_008,75
AAGGGTGTCAGCATCCACGA_009,40
AAGGGTGTCAGCATCCACGA_010,113
AAGGGTGTCAGCATCCACGA_011,33
AAGGGTGTCAGCATCCACGA_012,94
AAGGGTGTCAGCATCCACGA_013,118
AAGGGTGTCAGCATCCACGA_014,96
TTCCATCTGTAGTCCTAACC_001,13
TTCCATCTGTAGTCCTAACC_002,56
TTCCATCTGTAGTCCTAACC_003,15
TGCCACGTGCTCAAGAAGAA_001,15
TGCCACGTGCTCAAGAAGAA_002,3
TCCCCGACACCTATGCCACG_001,184
TCCCCGACACCTATGCCACG_002,145
TCCCCGACACCTATGCCACG_003,194
TCCCCGACACCTATGCCACG_004,199
TCCCCGACACCTATGCCACG_005,42
AGGAAGCAGTACGATGCCTA_001,43
AGGAAGCAGTACGATGCCTA_002,77
AGGAAGCAGTACGATGCCTA_003,41
AGGAAGCAGTACGATGCCTA_004,199
AGGAAGCAGTACGATGCCTA_005,60
AGGAAGCAGTACGATGCCTA_006,168
AGGAAGCAGTACGATGCCTA_007,127
AGGAAGCAGTACGATGCCTA_008,43
AGGAAGCAGTACGATGCCTA_009,1
AGGAAGCAGTACGATGCCTA_010,76
AGGAAGCAGTACGATGCCTA_011,145
AGGAAGCAGTACGATGCCTA_012,60
AAGCAGCATTCTCTTGTGAT_001,142
AAGCAGCATTCTCTTGTGAT_002,79
AAGCAGCATTCTCTTGTGAT_003,37
GGGTAGAGTTGCCACATGAG_001,114
GGGTAGAGTTGCCACATGAG_002,50
GGGTAGAGTTGCCACATGAG_003,105
GGGTAGAGTTGCCACATGAG_004,161
GGGTAGAGTTGCCACATGAG_005,198
GGGTAGAGTTGCCACATGAG_006,85
GGGTAGAGTTGCCACATGAG_007,85
GGGTAGAGTTGCCACATGAG_008,77
GGGTAGAGTTGCCACATGAG_009,4
GGGTAGAGTTGCCACATGAG_010,136
GGGTAGAGTTGCCACATGAG_011,159
GGGTAGAGTTGCCACATGAG_012,149
GGGTAGAGTTGCCACATGAG_013,19
AGAGACACAGAAACTGTGAA_001,42
AGAGACACAGAAACTGTGAA_002,178
AGAGACACAGAAACTGTGAA_003,125
AGAGACACAGAAACTGTGAA_004,199
AGAGACACAGAAACTGTGAA_005,169
CCATACCTTTCTGTCTACTG_001,175
CCATACCTTTCTGTCTACTG_002,116
CCATACCTTTCTGTCTACTG_003,61
CCATACCTTTCTGTCTACTG_004,182
CCATACCTTTCTGTCTACTG_005,177
CCATACCTTTCTGTCTACTG_006,19
CCATACCTTTCTGTCTACTG_007,50
CCATACCTTTCTGTCTACTG_008,77
CCATACCTTTCTGTCTACTG_009,146
AGAGCTACGCTCCGTCCAGT_001,27
AGAGCTACGCTCCGTCCAGT_002,15
AGAGCTACGCTCCGTCCAGT_003,88
AGAGCTACGCTCCGTCCAGT_004,89
GTGATCGACTTAATTGTGAG_001,112
GTGATCGACTTAATTGTGAG_002,156
TGATGTCAGTCATGAACCAG_001,54
TGATGTCAGTCATGAACCAG_002,88
TGATGTCAGTCATGAACCAG_003,7
TGATGTCAGTCATGAACCAG_004,16
TGATGTCAGTCATGAACCAG_005,0
TGATGTCAGTCATGAACCAG_006,15
AGCAGACAATGATCCAACAG_001,32
GGTCGTGTCCACCAAAACGC_001,144
GGTCGTGTCCACCAAAACGC_002,161
GGTCGTGTCCACCAAAACGC_003,42
GGTCGTGTCCACCAAAACGC_004,193
GGTCGTGTCCACCAAAACGC_005,60
CTGCGATCTAGGCTATCCAG_001,115
CTGCGATCTAGGCTATCCAG_002,149
CTGCGATCTAGGCTATCCAG_003,111
CTGCGATCTAGGCTATCCAG_004,176
CTGCGATCTAGGCTATCCAG_005,169
CTGCGATCTAGGCTATCCAG_006,0
CTGCGATCTAGGCTATCCAG_007,174
CTGCGATCTAGGCTATCCAG_008,85
CTGCGATCTAGGCTATCCAG_009,137
CTGCGATCTAGGCTATCCAG_010,119
CTGCGATCTAGGCTATCCAG_011,136
CTGCGATCTAGGCTATCCAG_012,168
GCCCACAGAGTTCTGCAGCG_001,27
GCCCACAGAGTTCTGCAGCG_002,147
GCCCACAGAGTTCTGCAGCG_003,130
GCCCACAGAGTTCTGCAGCG_004,105
CAGTCTCATCTGTACCAGCA_001,32
CAGTCTCATCTGTACCAGCA_002,55
CAGTCTCATCTGTACCAGCA_003,68
CAGTCTCATCTGTACCAGCA_004,137
CAGTCTCATCTGTACCAGCA_005,164
CAGTCTCATCTGTACCAGCA_006,164
CAGTCTCATCTGTACCAGCA_007,98
CAGTCTCATCTGTACCAGCA_008,158
CAGTCTCATCTGTACCAGCA_009,181
CAGTCTCATCTGTACCAGCA_010,41
CAGTCTCATCTGTACCAGCA_011,16
CAGTCTCATCTGTACCAGCA_012,36
CAGTCTCATCTGTACCAGCA_013,62
CAGTCTCATCTGTACCAGCA_014,108
CAGTCTCATCTGTACCAGCA_015,78
ATCCCTTTGAAGTATGCTGT_001,195
ATCCCTTTGAAGTATGCTGT_002,101
ATCCCTTTGAAGTATGCTGT_003,162
ATCCCTTTGAAGTATGCTGT_004,149
ATCCCTTTGAAGTATGCTGT_005,43
ATCCCTTTGAAGTATGCTGT_006,42
ATCCCTTTGAAGTATGCTGT_007,184
ATCCCTTTGAAGTATGCTGT_008,44
ATCCCTTTGAAGTATGCTGT_009,38
ATCCCTTTGAAGTATGCTGT_010,149
ATCCCTTTGAAGTATGCTGT_011,8
ATCCCTTTGAAGTATGCTGT_012,130
ATCCCTTTGAAGTATGCTGT_013,102
ATCCCTTTGAAGTATGCTGT_014,198
ATCCCTTTGAAGTATGCTGT_015,10
ATCCCTTTGAAGTATGCTGT_016,145
ATCCCTTTGAAGTATGCTGT_017,199
ATCCCTTTGAAGTATGCTGT_018,124
CCTCTGTTCTAGGAAGACGG_001,158
CCTCTGTTCTAGGAAGACGG_002,69
CCTCTGTTCTAGGAAGACGG_003,116
CCTCTGTTCTAGGAAGACGG_004,12
CCTCTGTTCTAGGAAGACGG_005,31
CCTCTGTTCTAGGAAGACGG_006,69
CCTCTGTTCTAGGAAGACGG_007,160
CCTCTGTTCTAGGAAGACGG_008,94
CCTCTGTTCTAGGAAGACGG_009,138
CCTCTGTTCTAGGAAGACGG_010,10
CCTCTGTTCTAGGAAGACGG_011,94
CCTCTGTTCTAGGAAGACGG_012,70
CCTCTGTTCTAGGAAGACGG_013,62
ATGCCAGTGTGATGTATCAG_001,87
ATGCCAGTGTGATGTATCAG_002,158
ATGCCAGTGTGATGTATCAG_003,177
ATGCCAGTGTGATGTATCAG_004,105
ATGCCAGTGTGATGTATCAG_005,116
ATGCCAGTGTGATGTATCAG_006,199
ATGCCAGTGTGATGTATCAG_007,146
ATGCCAGTGTGATGTATCAG_008,160
TGATGGAACTGTCTGGACAA_001,189
TGATGGAACTGTCTGGACAA_002,134
TGATGGAACTGTCTGGACAA_003,68
TGATGGAACTGTCTGGACAA_004,1
TGATGGAACTGTCTGGACAA_005,68
TGATGGAACTGTCTGGACAA_006,138
TGATGGAACTGTCTGGACAA_007,78
TGTCAAATACTCATCCCTGG_001,77
CAAGGAGGTCCAGACGATCG_001,12
CAAGGAGGTCCAGACGATCG_002,174
CAAGGAGGTCCAGACGATCG_003,20
CAAGGAGGTCCAGACGATCG_004,42
CAAGGAGGTCCAGACGATCG_005,35
CAAGGAGGTCCAGACGATCG_006,148
CAAGGAGGTCCAGACGATCG_007,49
CAAGGAGGTCCAGACGATCG_008,116
CAAGGAGGTCCAGACGATCG_009,88
CAAGGAGGTCCAGACGATCG_010,32
CAAGGAGGTCCAGACGATCG_011,81
CAAGGAGGTCCAGACGATCG_012,9
CAAGGAGGTCCAGACGATCG_013,28
CAAGGAGGTCCAGACGATCG_014,29
CAAGGAGGTCCAGACGATCG_015,183
CCAGCCGGGTGATCTGCACA_001,60
CCAGCCGGGTGATCTGCACA_002,33
CCAGCCGGGTGATCTGCACA_003,42
CCAGCCGGGTGATCTGCACA_004,50
CCAGCCGGGTGATCTGCACA_005,175
CCAGCCGGGTGATCTGCACA_006,177
CCAGCCGGGTGATCTGCACA_007,30
CCAGCCGGGTGATCTGCACA_008,36
CCAGCCGGGTGATCTGCACA_009,125
TCAAGGAGGACTCGAACTCG_001,8
TCAAGGAGGACTCGAACTCG_002,145
TCAAGGAGGACTCGAACTCG_003,62
TCAAGGAGGACTCGAACTCG_004,1
TCAAGGAGGACTCGAACTCG_005,159
TCAAGGAGGACTCGAACTCG_006,1
TCAAGGAGGACTCGAACTCG_007,117
TCAAGGAGGACTCGAACTCG_008,62
TCAAGGAGGACTCGAACTCG_009,98
TCAAGGAGGACTCGAACTCG_010,145
TCAAGGAGGACTCGAACTCG_011,107
TCAAGGAGGACTCGAACTCG_012,77
TCAAGGAGGACTCGAACTCG_013,49
TCAAGGAGGACTCGAACTCG_014,177
TCAAGGAGGACTCGAACTCG_015,189
TGACCCGTAAAAAATACGAA_001,184
TGACCCGTAAAAAATACGAA_002,54
TGACCCGTAAAAAATACGAA_003,40
TGACCCGTAAAAAATACGAA_004,165
TGACCCGTAAAAAATACGAA_005,115
TGACCCGTAAAAAATACGAA_006,22
ATTCTCTTAGACTTCACGCG_001,132
ATTCTCTTAGACTTCACGCG_002,121
ATTCTCTTAGACTTCACGCG_003,115
ATTCTCTTAGACTTCACGCG_004,129
ATTCTCTTAGACTTCACGCG_005,167
ATTCTCTTAGACTTCACGCG_006,167
ATTCTCTTAGACTTCACGCG_007,80
ATTCTCTTAGACTTCACGCG_008,48
ATTCTCTTAGACTTCACGCG_009,130
ATTCTCTTAGACTTCACGCG_010,39
ATTCTCTTAGACTTCACGCG_011,103
AAGATTTGGTATCACACCAG_001,151
AAGATTTGGTATCACACCAG_002,141
AAGATTTGGTATCACACCAG_003,66
AAGATTTGGTATCACACCAG_004,118
AAATATAATAAGGCTGAGTG_001,80
AAATATAATAAGGCTGAGTG_002,15
AAATATAATAAGGCTGAGTG_003,97
AGTGCTCAAGACCTACAATG_001,106
AGTGCTCAAGACCTACAATG_002,47
AGTGCTCAAGACCTACAATG_003,36
AGTGCTCAAGACCTACAATG_004,115
AGTGCTCAAGACCTACAATG_005,73
CCTGTCACCAGACTGCCGTG_001,194
CCTGTCACCAGACTGCCGTG_002,60
CCTGTCACCAGACTGCCGTG_003,60
CCTGTCACCAGACTGCCGTG_004,163
CCTGTCACCAGACTGCCGTG_005,103
CCTGTCACCAGACTGCCGTG_006,187
CCTGTCACCAGACTGCCGTG_007,56
CCTGTCACCAGACTGCCGTG_008,40
GCTGAGTACACAAGTCCTTG_001,185
GCTGAGTACACAAGTCCTTG_002,8
GCTGAGTACACAAGTCCTTG_003,43
GCTGAGTACACAAGTCCTTG_004,51
GCTGAGTACACAAGTCCTTG_005,82
GCTGAGTACACAAGTCCTTG_006,148
GCTGAGTACACAAGTCCTTG_007,164
GCTGAGTACACAAGTCCTTG_008,82
GCTGAGTACACAAGTCCTTG_009,9
GCTGAGTACACAAGTCCTTG_010,197
GCTGAGTACACAAGTCCTTG_011,194
GCTGAGTACACAAGTCCTTG_012,125
GCTGAGTACACAAGTCCTTG_013,135
AAGGATTGACATGTACGTGG_001,152
AAGGATTGACATGTACGTGG_002,23
GAGACTACGGATCCGGCGAA_001,169
GAGACTACGGATCCGGCGAA_002,29
GAGACTACGGATCCGGCGAA_003,8
GAGACTACGGATCCGGCGAA_004,128
GAGACTACGGATCCGGCGAA_005,158
GAGACTACGGATCCGGCGAA_006,122
GAGACTACGGATCCGGCGAA_007,160
GAGACTACGGATCCGGCGAA_008,158
GAGACTACGGATCCGGCGAA_009,9
GAGACTACGGATCCGGCGAA_010,111
GGCCCCGGGCCCGTCAAGTG_001,171
GGCCCCGGGCCCGTCAAGTG_002,15
GGCCCCGGGCCCGTCAAGTG_003,37
GGCCCCGGGCCCGTCAAGTG_004,93
GGCCCCGGGCCCGTCAAGTG_005,160
GGCCCCGGGCCCGTCAAGTG_006,110
GGCCCCGGGCCCGTCAAGTG_007,148
GGCCCCGGGCCCGTCAAGTG_008,79
GGCCCCGGGCCCGTCAAGTG_009,155
GGCCCCGGGCCCGTCAAGTG_010,1
GGCCCCGGGCCCGTCAAGTG_011,88
GGCCCCGGGCCCGTCAAGTG_012,177
GGCCCCGGGCCCGTCAAGTG_013,141
TGTGTCCGTCTACAGATGTG_001,14
TGTGTCCGTCTACAGATGTG_002,58
TGTGTCCGTCTACAGATGTG_003,150
TGTGTCCGTCTACAGATGTG_004,150
TGTGTCCGTCTACAGATGTG_005,62
TGTGTCCGTCTACAGATGTG_006,102
AAACATGGATGAGAGTATGT_001,146
AAACATGGATGAGAGTATGT_002,191
AAACATGGATGAGAGTATGT_003,175
AAACATGGATGAGAGTATGT_004,108
AAACATGGATGAGAGTATGT_005,171
AAACATGGATGAGAGTATGT_006,150
AAACATGGATGAGAGTATGT_007,199
AAACATGGATGAGAGTATGT_008,172
AAACATGGATGAGAGTATGT_009,0
AAACATGGATGAGAGTATGT_010,108
AAACATGGATGAGAGTATGT_011,36
TTCGCTTACTTGCAAGCAGG_001,137
TTCGCTTACTTGCAAGCAGG_002,119
TTCGCTTACTTGCAAGCAGG_003,157
TTCGCTTACTTGCAAGCAGG_004,46
TTCGCTTACTTGCAAGCAGG_005,48
TTCGCTTACTTGCAAGCAGG_006,69
CAAACGTCACGTACACCCGG_001,15
CAAACGTCACGTACACCCGG_002,85
ATGCACAATGTAGCAGTCTG_001,54
ATGCACAATGTAGCAGTCTG_002,53
ATGCACAATGTAGCAGTCTG_003,144
ATGCACAATGTAGCAGTCTG_004,169
ATGCACAATGTAGCAGTCTG_005,70
ATGCACAATGTAGCAGTCTG_006,40
ATGCACAATGTAGCAGTCTG_007,142
ATGCACAATGTAGCAGTCTG_008,188
ATGCACAATGTAGCAGTCTG_009,147
ATGCACAATGTAGCAGTCTG_010,197
ATGCACAATGTAGCAGTCTG_011,10
ATGCACAATGTAGCAGTCTG_012,16
TGCCTAGAGGAAACCGTAGG_001,1
TGCCTAGAGGAAACCGTAGG_002,29
TGCCTAGAGGAAACCGTAGG_003,190
TGCCTAGAGGAAACCGTAGG_004,81
TGCCTAGAGGAAACCGTAGG_005,77
TGCCTAGAGGAAACCGTAGG_006,48
TGCCTAGAGGAAACCGTAGG_007,184
TGCCTAGAGGAAACCGTAGG_008,78
TGCCTAGAGGAAACCGTAGG_009,55
TGCCTAGAGGAAACCGTAGG_010,19
TGCCTAGAGGAAACCGTAGG_011,1
TGCCTAGAGGAAACCGTAGG_012,105
TGCCTAGAGGAAACCGTAGG_013,185
TGCCTAGAGGAAACCGTAGG_014,77
TGCCTAGAGGAAACCGTAGG_015,136
TGCCTAGAGGAAACCGTAGG_016,10
TGCCTAGAGGAAACCGTAGG_017,18
TGCCTAGAGGAAACCGTAGG_018,68
TGCCTAGAGGAAACCGTAGG_019,185
TGCCTAGAGGAAACCGTAGG_020,112
TGCCTAGAGGAAACCGTAGG_021,17
TGCTGCTCACCGTGTCTCCG_001,105
TGCTGCTCACCGTGTCTCCG_002,105
TGCTGCTCACCGTGTCTCCG_003,65
TGCTGCTCACCGTGTCTCCG_004,139
TGCTGCTCACCGTGTCTCCG_005,148
TGCTGCTCACCGTGTCTCCG_006,141
TGCTGCTCACCGTGTCTCCG_007,8
TGCTGCTCACCGTGTCTCCG_008,162
TGCTGCTCACCGTGTCTCCG_009,159
TGCTGCTCACCGTGTCTCCG_010,17
TGCTGCTCACCGTGTCTCCG_011,98
TGCTGCTCACCGTGTCTCCG_012,106
TGCTGCTCACCGTGTCTCCG_013,78
ACCAAGCAGAAGGGTACCGG_001,149
ACCAAGCAGAAGGGTACCGG_002,78
ACCAAGCAGAAGGGTACCGG_003,183
ACCAAGCAGAAGGGTACCGG_004,34
ACCAAGCAGAAGGGTACCGG_005,105
ACCAAGCAGAAGGGTACCGG_006,141
ACCAAGCAGAAGGGTACCGG_007,91
ACCAAGCAGAAGGGTACCGG_008,46
ACCAAGCAGAAGGGTACCGG_009,94
ACCAAGCAGAAGGGTACCGG_010,137
ACCAAGCAGAAGGGTACCGG_011,145
ACCAAGCAGAAGGGTACCGG_012,83
ACCAAGCAGAAGGGTACCGG_013,94
ACCAAGCAGAAGGGTACCGG_014,198
ACCAAGCAGAAGGGTACCGG_015,62
ACCAAGCAGAAGGGTACCGG_016,103
ACCAAGCAGAAGGGTACCGG_017,137
ACCAAGCAGAAGGGTACCGG_018,33
ACCAAGCAGAAGGGTACCGG_019,15
CCGGTTGCGGTCGGTAAAGT_001,77
CCGGTTGCGGTCGGTAAAGT_002,169
CCGGTTGCGGTCGGTAAAGT_003,19
CCGGTTGCGGTCGGTAAAGT_004,146
CCGGTTGCGGTCGGTAAAGT_005,160
CCGGTTGCGGTCGGTAAAGT_006,158
CCGGTTGCGGTCGGTAAAGT_007,40
CCGGTTGCGGTCGGTAAAGT_008,29
CCGGTTGCGGTCGGTAAAGT_009,83
CCGGTTGCGGTCGGTAAAGT_010,180
CCGGTTGCGGTCGGTAAAGT_011,116
CCGGTTGCGGTCGGTAAAGT_012,2
CCGGTTGCGGTCGGTAAAGT_013,88
CCGGTTGCGGTCGGTAAAGT_014,106
CCGGTTGCGGTCGGTAAAGT_015,197
CTTCGGTCTTAGGATGAGGT_001,196
CTTCGGTCTTAGGATGAGGT_002,76
CTTCGGTCTTAGGATGAGGT_003,40
CTTCGGTCTTAGGATGAGGT_004,52
AGATGTATTCCGCATAGTCA_001,153
CTGAATGCGGCGGTTCAGGG_001,150
CTGAATGCGGCGGTTCAGGG_002,199
CTGAATGCGGCGGTTCAGGG_003,70
CTGAATGCGGCGGTTCAGGG_004,15
CTGAATGCGGCGGTTCAGGG_005,40
CTGAATGCGGCGGTTCAGGG_006,0
CTGAATGCGGCGGTTCAGGG_007,105
CTGAATGCGGCGGTTCAGGG_008,43
CTGAATGCGGCGGTTCAGGG_009,173
CTGAATGCGGCGGTTCAGGG_010,35
CTGAATGCGGCGGTTCAGGG_011,1
CTGAATGCGGCGGTTCAGGG_012,19
GAACCGTCTTCAACCGTTCC_001,70
GCGGCGGCGCTCGTACGCCG_001,6
GCGGCGGCGCTCGTACGCCG_002,158
GGAAAGTAATGGACCAGTGA_001,17
GGAAAGTAATGGACCAGTGA_002,83
GGAAAGTAATGGACCAGTGA_003,68
GGAAAGTAATGGACCAGTGA_004,43
GGAAAGTAATGGACCAGTGA_005,46
TACCTGAACAAAGAATAACA_001,40
TACCTGAACAAAGAATAACA_002,132
TACCTGAACAAAGAATAACA_003,179
TACCTGAACAAAGAATAACA_004,1
TACCTGAACAAAGAATAACA_005,66
AACCATAAGAGAATTTATGT_001,100
AACCATAAGAGAATTTATGT_002,92
AACCATAAGAGAATTTATGT_003,95
AACCATAAGAGAATTTATGT_004,174
AACCATAAGAGAATTTATGT_005,18
ATGACGGCCGAGGAGTGGTG_001,32
ATGACGGCCGAGGAGTGGTG_002,78
ATGACGGCCGAGGAGTGGTG_003,125
ATGACGGCCGAGGAGTGGTG_004,6
ATGACGGCCGAGGAGTGGTG_005,105
ATGACGGCCGAGGAGTGGTG_006,56
ATGACGGCCGAGGAGTGGTG_007,169
ATGACGGCCGAGGAGTGGTG_008,74
ATGACGGCCGAGGAGTGGTG_009,195
ATGACGGCCGAGGAGTGGTG_010,171
ATGACGGCCGAGGAGTGGTG_011,169
ATGACGGCCGAGGAGTGGTG_012,108
ATGACGGCCGAGGAGTGGTG_013,125
ATGACGGCCGAGGAGTGGTG_014,94
ATGACGGCCGAGGAGTGGTG_015,2
ATGACGGCCGAGGAGTGGTG_016,41
ATGACGGCCGAGGAGTGGTG_017,60
ATGACGGCCGAGGAGTGGTG_018,144
ATGACGGCCGAGGAGTGGTG_019,136
ATGACGGCCGAGGAGTGGTG_020,102
ATGACGGCCGAGGAGTGGTG_021,182
AAAAGCCTGCAGAGACAACG_001,49
AAAAGCCTGCAGAGACAACG_002,4
AAAAGCCTGCAGAGACAACG_003,175
AAAAGCCTGCAGAGACAACG_004,162
AAAAGCCTGCAGAGACAACG_005,15
AAAAGCCTGCAGAGACAACG_006,112
AAAAGCCTGCAGAGACAACG_007,84
AAAAGCCTGCAGAGACAACG_008,130
AAAAGCCTGCAGAGACAACG_009,109
AAAAGCCTGCAGAGACAACG_010,85
AAAAGCCTGCAGAGACAACG_011,137
AAAAGCCTGCAGAGACAACG_012,1
AAAAGCCTGCAGAGACAACG_013,82
AAAAGCCTGCAGAGACAACG_014,10
AAAAGCCTGCAGAGACAACG_015,94
AGAAATAGGCACAGTCAATG_001,184
AGAAATAGGCACAGTCAATG_002,40
AGAAATAGGCACAGTCAATG_003,176
AGAAATAGGCACAGTCAATG_004,199
AGAAATAGGCACAGTCAATG_005,38
AGAAATAGGCACAGTCAATG_006,130
AGAAATAGGCACAGTCAATG_007,150
AGAAATAGGCACAGTCAATG_008,3
AGAAATAGGCACAGTCAATG_009,175
AGAAATAGGCACAGTCAATG_010,17
CTGTACGAGATGATTGTTCG_001,188
CTGTACGAGATGATTGTTCG_002,166
CTGTACGAGATGATTGTTCG_003,161
CTGTACGAGATGATTGTTCG_004,98
CAAGTTCTGGAATTGAAGCA_001,68
CAAGTTCTGGAATTGAAGCA_002,197
CAAGTTCTGGAATTGAAGCA_003,78
TGTCGGGGGACAACTACCTG_001,117
TGTCGGGGGACAACTACCTG_002,105
TGTCGGGGGACAACTACCTG_003,106
TGTCGGGGGACAACTACCTG_004,8
TGTCGGGGGACAACTACCTG_005,50
TGTCGGGGGACAACTACCTG_006,160
TGTCGGGGGACAACTACCTG_007,103
TGTCGGGGGACAACTACCTG_008,144
TGTCGGGGGACAACTACCTG_009,157
TGTCGGGGGACAACTACCTG_010,143
TGTCGGGGGACAACTACCTG_011,0
TAGTGGAGGCCAATGGAACG_001,101
TAGTGGAGGCCAATGGAACG_002,102
TAGTGGAGGCCAATGGAACG_003,81
TAGTGGAGGCCAATGGAACG_004,148
TAGTGGAGGCCAATGGAACG_005,74
TAGTGGAGGCCAATGGAACG_006,175
TAGTGGAGGCCAATGGAACG_007,155
CTGGACGAGGACGCCCCCCG_001,42
CTGGACGAGGACGCCCCCCG_002,115
CTGGACGAGGACGCCCCCCG_003,133
CTGGACGAGGACGCCCCCCG_004,160
CTGGACGAGGACGCCCCCCG_005,2
CTGGACGAGGACGCCCCCCG_006,78
CTGGACGAGGACGCCCCCCG_007,130
CTGGACGAGGACGCCCCCCG_008,52
CTGGACGAGGACGCCCCCCG_009,159
CTGGACGAGGACGCCCCCCG_010,122
CTGGACGAGGACGCCCCCCG_011,78
CTGGACGAGGACGCCCCCCG_012,146
CTGGACGAGGACGCCCCCCG_013,148
CTGGACGAGGACGCCCCCCG_014,192
CTGGACGAGGACGCCCCCCG_015,8
CTGGACGAGGACGCCCCCCG_016,189
CTGGACGAGGACGCCCCCCG_017,189
CTGGACGAGGACGCCCCCCG_018,160
CTGGACGAGGACGCCCCCCG_019,190
CTGGACGAGGACGCCCCCCG_020,29
CTGGACGAGGACGCCCCCCG_021,68
CTGGACGAGGACGCCCCCCG_022,105
CTGGACGAGGACGCCCCCCG_023,133
CTGGACGAGGACGCCCCCCG_024,40
CTGGACGAGGACGCCCCCCG_025,43
CTGGACGAGGACGCCCCCCG_026,40
CTGGACGAGGACGCCCCCCG_027,34
CTGGACGAGGACGCCCCCCG_028,151
CTGGACGAGGACGCCCCCCG_029,65
CATCATCCTCCTATCAGAGG_001,5
CATCATCCTCCTATCAGAGG_002,42
TCCAAAATATCTTTGCCACA_001,16
AGAGTGCAGCCGTAGCAGAG_001,11
AGAGTGCAGCCGTAGCAGAG_002,105
AGAGTGCAGCCGTAGCAGAG_003,29
AGAGTGCAGCCGTAGCAGAG_004,184
AGAGTGCAGCCGTAGCAGAG_005,36
AGAGTGCAGCCGTAGCAGAG_006,67
AGAGTGCAGCCGTAGCAGAG_007,181
AGAGTGCAGCCGTAGCAGAG_008,88
AGAGTGCAGCCGTAGCAGAG_009,6
AGAGTGCAGCCGTAGCAGAG_010,67
AGAGTGCAGCCGTAGCAGAG_011,158
AGAGTGCAGCCGTAGCAGAG_012,169
AGAGTGCAGCCGTAGCAGAG_013,162
AGAGTGCAGCCGTAGCAGAG_014,158
AGAGTGCAGCCGTAGCAGAG_015,89
AGAGTGCAGCCGTAGCAGAG_016,196
AGAGTGCAGCCGTAGCAGAG_017,145
AGAGTGCAGCCGTAGCAGAG_018,137
AGAGTGCAGCCGTAGCAGAG_019,117
AGAGTGCAGCCGTAGCAGAG_020,78
AGAGTGCAGCCGTAGCAGAG_021,184
AGAGTGCAGCCGTAGCAGAG_022,52
TGCAGTGGATTGTTACACAC_001,49
TGCAGTGGATTGTTACACAC_002,175
TGCAGTGGATTGTTACACAC_003,142
TGCAGTGGATTGTTACACAC_004,142
TGCAGTGGATTGTTACACAC_005,114
TGCAGTGGATTGTTACACAC_006,114
TGCAGTGGATTGTTACACAC_007,6
AGGACATACAGGTACTTGAA_001,85
AGGACATACAGGTACTTGAA_002,98
AGGACATACAGGTACTTGAA_003,134
AGGACATACAGGTACTTGAA_004,145
AGGACATACAGGTACTTGAA_005,182
AGGACATACAGGTACTTGAA_006,47
CACTACAGCCAACGGCGAAG_001,150
CACTACAGCCAACGGCGAAG_002,84
CACTACAGCCAACGGCGAAG_003,19
CACTACAGCCAACGGCGAAG_004,185
CACTACAGCCAACGGCGAAG_005,169
CACTACAGCCAACGGCGAAG_006,94
CACTACAGCCAACGGCGAAG_007,121
CACTACAGCCAACGGCGAAG_008,58
CACTACAGCCAACGGCGAAG_009,102
CACTACAGCCAACGGCGAAG_010,170
GCAAATACAAGAAGAGCTCA_001,62
GCAAATACAAGAAGAGCTCA_002,119
GCAAATACAAGAAGAGCTCA_003,32
GCAAATACAAGAAGAGCTCA_004,29
TAAGGCGCAGAATACACTTG_001,160
TAAGGCGCAGAATACACTTG_002,62
TAAGGCGCAGAATACACTTG_003,158
TTGGTGTGGATCAGAAGATG_001,13
TTGGTGTGGATCAGAAGATG_002,160
TTGGTGTGGATCAGAAGATG_003,19
TTGGTGTGGATCAGAAGATG_004,160
ACCCCAGGAACAGCAGCCCG_001,142
ACCCCAGGAACAGCAGCCCG_002,78
ACCCCAGGAACAGCAGCCCG_003,137
ACCCCAGGAACAGCAGCCCG_004,181
ACCCCAGGAACAGCAGCCCG_005,78
ACCCCAGGAACAGCAGCCCG_006,108
ACCCCAGGAACAGCAGCCCG_007,55
ACCCCAGGAACAGCAGCCCG_008,105
ACCCCAGGAACAGCAGCCCG_009,71
ACCCCAGGAACAGCAGCCCG_010,109
ACCCCAGGAACAGCAGCCCG_011,109
ACCCCAGGAACAGCAGCCCG_012,24
ACCCCAGGAACAGCAGCCCG_013,82
ACCCCAGGAACAGCAGCCCG_014,175
ACCCCAGGAACAGCAGCCCG_015,142
CAGCAAAGCACATACAGAGT_001,29
CAGGTGCAGCGCGTCTAGAG_001,28
CAGGTGCAGCGCGTCTAGAG_002,175
CAGGTGCAGCGCGTCTAGAG_003,190
CGAGAACACGCCGCACCTGT_001,185
CGAGAACACGCCGCACCTGT_002,99
CGAGAACACGCCGCACCTGT_003,56
CGAGAACACGCCGCACCTGT_004,103
CGAGAACACGCCGCACCTGT_005,170
CGAGAACACGCCGCACCTGT_006,26
CGAGAACACGCCGCACCTGT_007,138
TAATCACAGATCTAATGCAG_001,116
TAATCACAGATCTAATGCAG_002,73
TAATCACAGATCTAATGCAG_003,150
TAATCACAGATCTAATGCAG_004,117
TAATCACAGATCTAATGCAG_005,100
TAATCACAGATCTAATGCAG_006,113
TCGTGTACACGCCTACCGTG_001,107
TCGTGTACACGCCTACCGTG_002,127
TCGTGTACACGCCTACCGTG_003,112
TCGTGTACACGCCTACCGTG_004,77
TCGTGTACACGCCTACCGTG_005,140
TCGTGTACACGCCTACCGTG_006,47
ATTTGCACCGTGTCTTTGCA_001,188
ATTTGCACCGTGTCTTTGCA_002,169
ATTTGCACCGTGTCTTTGCA_003,170
ATTTGCACCGTGTCTTTGCA_004,86
ATTTGCACCGTGTCTTTGCA_005,95
ATTTGCACCGTGTCTTTGCA_006,150
ATTTGCACCGTGTCTTTGCA_007,49
ATTTGCACCGTGTCTTTGCA_008,19
ATTTGCACCGTGTCTTTGCA_009,19
GATATAGGACTCAAAAGGCT_001,184
GATATAGGACTCAAAAGGCT_002,83
GATATAGGACTCAAAAGGCT_003,133
GATATAGGACTCAAAAGGCT_004,36
GGAGAGAGAGCTTATCACTG_001,173
GGAGAGAGAGCTTATCACTG_002,151
GGAGAGAGAGCTTATCACTG_003,94
GGAGAGAGAGCTTATCACTG_004,130
GGAGAGAGAGCTTATCACTG_005,1
GACACCTTTCATATACACTG_001,178
GACACCTTTCATATACACTG_002,191
GACACCTTTCATATACACTG_003,52
GACACCTTTCATATACACTG_004,115
AGGGGTTCTTGAGGTACCTG_001,29
AGGGGTTCTTGAGGTACCTG_002,74
AGGGGTTCTTGAGGTACCTG_003,173
AGGGGTTCTTGAGGTACCTG_004,173
AGGGGTTCTTGAGGTACCTG_005,191
GATGACATAGTGGTGAATCA_001,58
GATGACATAGTGGTGAATCA_002,55
GATGACATAGTGGTGAATCA_003,114
GATGACATAGTGGTGAATCA_004,23
GATGACATAGTGGTGAATCA_005,41
GATGACATAGTGGTGAATCA_006,96
GATGACATAGTGGTGAATCA_007,199
GATGACATAGTGGTGAATCA_008,68
GATGACATAGTGGTGAATCA_009,101
GATGACATAGTGGTGAATCA_010,85
GATGACATAGTGGTGAATCA_011,24
GATGACATAGTGGTGAATCA_012,54
GATGACATAGTGGTGAATCA_013,60
GATGACATAGTGGTGAATCA_014,127
GATGACATAGTGGTGAATCA_015,68
GATGACATAGTGGTGAATCA_016,160
GATGACATAGTGGTGAATCA_017,42
GATGACATAGTGGTGAATCA_018,128
GATGACATAGTGGTGAATCA_019,189
TCCCATCAAGTAGACAAACA_001,137
TCCCATCAAGTAGACAAACA_002,57
TCCCATCAAGTAGACAAACA_003,49
ACTGTGAAAACCTTGAATTG_001,184
ACTGTGAAAACCTTGAATTG_002,38
ACTGTGAAAACCTTGAATTG_003,8
ACTGTGAAAACCTTGAATTG_004,8
ACTGTGAAAACCTTGAATTG_005,126
ACTGTGAAAACCTTGAATTG_006,15
ACTGTGAAAACCTTGAATTG_007,160
ACTGTGAAAACCTTGAATTG_008,152
ACTGTGAAAACCTTGAATTG_009,138
TGCTGGCAGCAAATAACTTG_001,188
TGCTGGCAGCAAATAACTTG_002,93
TGCTGGCAGCAAATAACTTG_003,166
TGCTGGCAGCAAATAACTTG_004,104
TGCTGGCAGCAAATAACTTG_005,78
TGCTGGCAGCAAATAACTTG_006,17
AGCCAAAGGTGCTGACACCG_001,137
AGCCAAAGGTGCTGACACCG_002,102
AGCCAAAGGTGCTGACACCG_003,98
AGCCAAAGGTGCTGACACCG_004,147
AGCCAAAGGTGCTGACACCG_005,192
AGCCAAAGGTGCTGACACCG_006,138
AGCCAAAGGTGCTGACACCG_007,93
AGCCAAAGGTGCTGACACCG_008,137
AGCCAAAGGTGCTGACACCG_009,46
AGCCAAAGGTGCTGACACCG_010,70
AGCCAAAGGTGCTGACACCG_011,166
GAATTGAGGAAGGTGAACGG_001,145
GAATTGAGGAAGGTGAACGG_002,77
GAATTGAGGAAGGTGAACGG_003,191
GAATTGAGGAAGGTGAACGG_004,70
GAATTGAGGAAGGTGAACGG_005,134
GAATTGAGGAAGGTGAACGG_006,40
GAATTGAGGAAGGTGAACGG_007,147
GAATTGAGGAAGGTGAACGG_008,175
GAATTGAGGAAGGTGAACGG_009,63
GAATTGAGGAAGGTGAACGG_010,82
GAATTGAGGAAGGTGAACGG_011,49
GAATTGAGGAAGGTGAACGG_012,28
GAATTGAGGAAGGTGAACGG_013,133
GAATTGAGGAAGGTGAACGG_014,23
GAATTGAGGAAGGTGAACGG_015,126
GAATTGAGGAAGGTGAACGG_016,165
TATCAGAATGCCCTATACCT_001,66
TATCAGAATGCCCTATACCT_002,165
CATGAAGCGGGAGCACCCAG_001,174
CATGAAGCGGGAGCACCCAG_002,94
CATGAAGCGGGAGCACCCAG_003,40
CATGAAGCGGGAGCACCCAG_004,144
CATGAAGCGGGAGCACCCAG_005,78
CATGAAGCGGGAGCACCCAG_006,171
CATGAAGCGGGAGCACCCAG_007,62
CATGAAGCGGGAGCACCCAG_008,120
CATGAAGCGGGAGCACCCAG_009,162
CATGAAGCGGGAGCACCCAG_010,192
CATGAAGCGGGAGCACCCAG_011,146
CATGAAGCGGGAGCACCCAG_012,158
CATGAAGCGGGAGCACCCAG_013,58
CATGAAGCGGGAGCACCCAG_014,187
CATGAAGCGGGAGCACCCAG_015,53
CATGAAGCGGGAGCACCCAG_016,135
CATGAAGCGGGAGCACCCAG_017,8
CATGAAGCGGGAGCACCCAG_018,165
CATGAAGCGGGAGCACCCAG_019,156
CATGAAGCGGGAGCACCCAG_020,88
CATGAAGCGGGAGCACCCAG_021,50
CATGAAGCGGGAGCACCCAG_022,91
CATGAAGCGGGAGCACCCAG_023,48
CATGAAGCGGGAGCACCCAG_024,160
CATGAAGCGGGAGCACCCAG_025,77
CATGAAGCGGGAGCACCCAG_026,37
CATGAAGCGGGAGCACCCAG_027,174
CATGAAGCGGGAGCACCCAG_028,123
CATGAAGCGGGAGCACCCAG_029,142
CATGAAGCGGGAGCACCCAG_030,9
TTTCTGGGTTCTTGCATTCG_001,69
TTTCTGGGTTCTTGCATTCG_002,137
CGCACCCTCATTGAGCCGGG_001,29
CGCACCCTCATTGAGCCGGG_002,77
CGCACCCTCATTGAGCCGGG_003,41
CGCACCCTCATTGAGCCGGG_004,162
CGCACCCTCATTGAGCCGGG_005,60
GGTAGTACTGGGTGGCATAG_001,117
GGTAGTACTGGGTGGCATAG_002,140
GGTAGTACTGGGTGGCATAG_003,161
GGTAGTACTGGGTGGCATAG_004,121
GGTAGTACTGGGTGGCATAG_005,16
GGTAGTACTGGGTGGCATAG_006,188
GGTAGTACTGGGTGGCATAG_007,56
TTATGCGAGAGATATAAATG_001,115
TTATGCGAGAGATATAAATG_002,61
CCAATCTGATTTCATCGTCG_001,191
GCAGCATGGATACAACCCAG_001,175
GCAGCATGGATACAACCCAG_002,46
GCAGCATGGATACAACCCAG_003,137
GCAGCATGGATACAACCCAG_004,148
GCAGCATGGATACAACCCAG_005,78
GCAGCATGGATACAACCCAG_006,78
GCAGCATGGATACAACCCAG_007,140
GCAGCATGGATACAACCCAG_008,28
GGACTCATGGAAACCTGGAT_001,131
GGACTCATGGAAACCTGGAT_002,6
GGACTCATGGAAACCTGGAT_003,178
GGACTCATGGAAACCTGGAT_004,123
GGACTCATGGAAACCTGGAT_005,124
GGACTCATGGAAACCTGGAT_006,101
AAAGGCTGTTATTGAACAAG_001,84
AAAGGCTGTTATTGAACAAG_002,32
AAAGGCTGTTATTGAACAAG_003,166
AAAGGCTGTTATTGAACAAG_004,79
AAAGGCTGTTATTGAACAAG_005,1
AAAGGCTGTTATTGAACAAG_006,36
AAAGGCTGTTATTGAACAAG_007,182
AAAGGCTGTTATTGAACAAG_008,165
AAAGGCTGTTATTGAACAAG_009,127
CTACCGAGTGGTGCTCATAG_001,4
CTACCGAGTGGTGCTCATAG_002,6
CTACCGAGTGGTGCTCATAG_003,162
CTACCGAGTGGTGCTCATAG_004,126
TACGCGTCCATCAGCTACTA_001,52
TACGCGTCCATCAGCTACTA_002,178
TACGCGTCCATCAGCTACTA_003,94
TACGCGTCCATCAGCTACTA_004,15
GTGCCTGCCGTCCCTACAGT_001,132
GTGCCTGCCGTCCCTACAGT_002,199
GTGCCTGCCGTCCCTACAGT_003,176
GTGCCTGCCGTCCCTACAGT_004,127
GTGCCTGCCGTCCCTACAGT_005,102
GTGCCTGCCGTCCCTACAGT_006,62
GTGCCTGCCGTCCCTACAGT_007,37
GTGCCTGCCGTCCCTACAGT_008,17
GTGCCTGCCGTCCCTACAGT_009,25
GTGCCTGCCGTCCCTACAGT_010,139
GTGCCTGCCGTCCCTACAGT_011,122
GTGCCTGCCGTCCCTACAGT_012,96
GTGCCTGCCGTCCCTACAGT_013,15
GTGCCTGCCGTCCCTACAGT_014,193
GTGCCTGCCGTCCCTACAGT_015,168
GTGCCTGCCGTCCCTACAGT_016,81
AGTGCTTGAACTGGTACACG_001,53
AGTGCTTGAACTGGTACACG_002,76
AGTGCTTGAACTGGTACACG_003,43
AGTGCTTGAACTGGTACACG_004,166
AGTGCTTGAACTGGTACACG_005,35
AGTGCTTGAACTGGTACACG_006,193
GTTTGGCATATGGAGATATG_001,150
GTTTGGCATATGGAGATATG_002,130
GTTTGGCATATGGAGATATG_003,184
GTTTGGCATATGGAGATATG_004,23
GTTTGGCATATGGAGATATG_005,170
GTTTGGCATATGGAGATATG_006,11
TGAATGTAGTAGGGACTGTG_001,26
TGAATGTAGTAGGGACTGTG_002,141
TGAATGTAGTAGGGACTGTG_003,194
TGAATGTAGTAGGGACTGTG_004,81
TGAATGTAGTAGGGACTGTG_005,49
TGAATGTAGTAGGGACTGTG_006,149
TGAATGTAGTAGGGACTGTG_007,34
TGAATGTAGTAGGGACTGTG_008,151
TGAATGTAGTAGGGACTGTG_009,141
TGAATGTAGTAGGGACTGTG_010,152
TGAATGTAGTAGGGACTGTG_011,152
TGAATGTAGTAGGGACTGTG_012,134
TGAATGTAGTAGGGACTGTG_013,142
TGAATGTAGTAGGGACTGTG_014,169
TGAATGTAGTAGGGACTGTG_015,144
TGGCTTCTCCCGAACAGTAG_001,116
TGGCTTCTCCCGAACAGTAG_002,187
TGGCTTCTCCCGAACAGTAG_003,36
TGGCTTCTCCCGAACAGTAG_004,12
TGGCTTCTCCCGAACAGTAG_005,176
TGGCTTCTCCCGAACAGTAG_006,2
TGGCTTCTCCCGAACAGTAG_007,73
TGGCTTCTCCCGAACAGTAG_008,2
TGGCTTCTCCCGAACAGTAG_009,117
TGGCTTCTCCCGAACAGTAG_010,17
TGGCTTCTCCCGAACAGTAG_011,190
TGGCTTCTCCCGAACAGTAG_012,15
TGGCTTCTCCCGAACAGTAG_013,103
TGGCTTCTCCCGAACAGTAG_014,88
TGGCTTCTCCCGAACAGTAG_015,141
TGGCTTCTCCCGAACAGTAG_016,101
TGGCTTCTCCCGAACAGTAG_017,50
TGGCTTCTCCCGAACAGTAG_018,125
TGGCTTCTCCCGAACAGTAG_019,57
TGGCTTCTCCCGAACAGTAG_020,175
TGGCTTCTCCCGAACAGTAG_021,144
TGAACTGACAGCGTTCACGC_001,41
TGAACTGACAGCGTTCACGC_002,60
TGAACTGACAGCGTTCACGC_003,102
TGAACTGACAGCGTTCACGC_004,135
TGAACTGACAGCGTTCACGC_005,112
TGAACTGACAGCGTTCACGC_006,78
TGAACTGACAGCGTTCACGC_007,146
TGAACTGACAGCGTTCACGC_008,134
TGAACTGACAGCGTTCACGC_009,84
TGAACTGACAGCGTTCACGC_010,12
TGAACTGACAGCGTTCACGC_011,162
TGAACTGACAGCGTTCACGC_012,141
TGAACTGACAGCGTTCACGC_013,55
TGAACTGACAGCGTTCACGC_014,2
TGAACTGACAGCGTTCACGC_015,31
TGAACTGACAGCGTTCACGC_016,81
TGAACTGACAGCGTTCACGC_017,171
TGAACTGACAGCGTTCACGC_018,136
TGAACTGACAGCGTTCACGC_019,141
TGAACTGACAGCGTTCACGC_020,37
TGAACTGACAGCGTTCACGC_021,3
TGAACTGACAGCGTTCACGC_022,175
TGAACTGACAGCGTTCACGC_023,163
CGTGCCTGAGAGGTCCAATG_001,12
CGTGCCTGAGAGGTCCAATG_002,125
CGTGCCTGAGAGGTCCAATG_003,4
CGTGCCTGAGAGGTCCAATG_004,130
CGTGCCTGAGAGGTCCAATG_005,127
CGTGCCTGAGAGGTCCAATG_006,151
CGTGCCTGAGAGGTCCAATG_007,36
CGTGCCTGAGAGGTCCAATG_008,172
CGTGCCTGAGAGGTCCAATG_009,49
CGTGCCTGAGAGGTCCAATG_010,188
CGTGCCTGAGAGGTCCAATG_011,72
CGTGCCTGAGAGGTCCAATG_012,72
CGTGCCTGAGAGGTCCAATG_013,162
CGTGCCTGAGAGGTCCAATG_014,67
CGTGCCTGAGAGGTCCAATG_015,82
CGTGCCTGAGAGGTCCAATG_016,5
CGTGCCTGAGAGGTCCAATG_017,43
CGTGCCTGAGAGGTCCAATG_018,177
CGTGCCTGAGAGGTCCAATG_019,5
CGTGCCTGAGAGGTCCAATG_020,175
CGTGCCTGAGAGGTCCAATG_021,24
CGTGCCTGAGAGGTCCAATG_022,153
CGTGCCTGAGAGGTCCAATG_023,68
CGTGCCTGAGAGGTCCAATG_024,10
CGTGCCTGAGAGGTCCAATG_025,162
CAGTAAGAAATCTACTGTCA_001,160
CAGTAAGAAATCTACTGTCA_002,184
CAGTAAGAAATCTACTGTCA_003,173
CAGTAAGAAATCTACTGTCA_004,76
CAGTAAGAAATCTACTGTCA_005,116
CAGTAAGAAATCTACTGTCA_006,117
CAGTAAGAAATCTACTGTCA_007,64
CATCAACAACTTAAAACCCA_001,88
CATCAACAACTTAAAACCCA_002,96
CATCAACAACTTAAAACCCA_003,144
CAGACACGTAAACCCAAGTG_001,42
CAGACACGTAAACCCAAGTG_002,13
CAGACACGTAAACCCAAGTG_003,78
CAGACACGTAAACCCAAGTG_004,140
CTGGCCCACGGACAAAGTGG_001,147
CTGGCCCACGGACAAAGTGG_002,82
GGGAGTTGATTGTTTCGAGA_001,160
GGGAGTTGATTGTTTCGAGA_002,33
TCTTGACCTTGAACGCAAAG_001,4
TCTTGACCTTGAACGCAAAG_002,54
TCTTGACCTTGAACGCAAAG_003,94
GCGGGCAGCATCGGTCACCA_001,63
GCGGGCAGCATCGGTCACCA_002,12
GCGGGCAGCATCGGTCACCA_003,127
GCGGGCAGCATCGGTCACCA_004,164
GCGGGCAGCATCGGTCACCA_005,94
GCGGGCAGCATCGGTCACCA_006,172
GCGGGCAGCATCGGTCACCA_007,118
GCGGGCAGCATCGGTCACCA_008,134
GCGGGCAGCATCGGTCACCA_009,172
GCGGGCAGCATCGGTCACCA_010,19
GCGGGCAGCATCGGTCACCA_011,24
GCGGGCAGCATCGGTCACCA_012,84
GCGGGCAGCATCGGTCACCA_013,30
GCGGGCAGCATCGGTCACCA_014,125
GCGGGCAGCATCGGTCACCA_015,149
GCGGGCAGCATCGGTCACCA_016,169
GCGGGCAGCATCGGTCACCA_017,120
GCGGGCAGCATCGGTCACCA_018,12
GCGGGCAGCATCGGTCACCA_019,119
GCGGGCAGCATCGGTCACCA_020,92
GCGGGCAGCATCGGTCACCA_021,175
GCGGGCAGCATCGGTCACCA_022,60
GCGGGCAGCATCGGTCACCA_023,184
GCGGGCAGCATCGGTCACCA_024,105
GCGGGCAGCATCGGTCACCA_025,62
GCGGGCAGCATCGGTCACCA_026,66
GCGGGCAGCATCGGTCACCA_027,48
GCGGGCAGCATCGGTCACCA_028,191
GCGGGCAGCATCGGTCACCA_029,2
GCGGGCAGCATCGGTCACCA_030,46
GCGGGCAGCATCGGTCACCA_031,146
GCGGGCAGCATCGGTCACCA_032,70
GCGGGCAGCATCGGTCACCA_033,15
GCGGGCAGCATCGGTCACCA_034,40
GCGGGCAGCATCGGTCACCA_035,115
GCGGGCAGCATCGGTCACCA_036,35
GCGGGCAGCATCGGTCACCA_037,65
GCGGGCAGCATCGGTCACCA_038,35
GCGGGCAGCATCGGTCACCA_039,168
GCGGGCAGCATCGGTCACCA_040,57
GAGCGCTACACTGGTTACAA_001,171
GAGCGCTACACTGGTTACAA_002,60
GAGCGCTACACTGGTTACAA_003,29
AAGAGAAATGCACTGTACGG_001,198
AAGAGAAATGCACTGTACGG_002,151
AAGAGAAATGCACTGTACGG_003,17
AAGAGAAATGCACTGTACGG_004,47
GGTGTGCAACATCCCTTGAG_001,32
GGTGTGCAACATCCCTTGAG_002,197
GGTGTGCAACATCCCTTGAG_003,58
TGTCACATTCCCGGCAACAT_001,8
TGTCACATTCCCGGCAACAT_002,140
TGTCACATTCCCGGCAACAT_003,125
TGTCACATTCCCGGCAACAT_004,147
TGTCACATTCCCGGCAACAT_005,181
TGTCACATTCCCGGCAACAT_006,76
TGTCACATTCCCGGCAACAT_007,12
TGTCACATTCCCGGCAACAT_008,88
TGTCACATTCCCGGCAACAT_009,174
TGTCACATTCCCGGCAACAT_010,184
TGTCACATTCCCGGCAACAT_011,157
TGTCACATTCCCGGCAACAT_012,48
TGTCACATTCCCGGCAACAT_013,121
TGTCACATTCCCGGCAACAT_014,70
TGTCACATTCCCGGCAACAT_015,28
TGTCACATTCCCGGCAACAT_016,62
TGTCACATTCCCGGCAACAT_017,175
AAGCATCCCCAACTCGAGAG_001,29
AAGCATCCCCAACTCGAGAG_002,188
AAGCATCCCCAACTCGAGAG_003,81
AAGCATCCCCAACTCGAGAG_004,48
AAGCATCCCCAACTCGAGAG_005,77
AAGCATCCCCAACTCGAGAG_006,16
AAGCATCCCCAACTCGAGAG_007,138
AAGCATCCCCAACTCGAGAG_008,198
AAGCATCCCCAACTCGAGAG_009,45
AAGCATCCCCAACTCGAGAG_010,134
AAGCATCCCCAACTCGAGAG_011,53
AAGCATCCCCAACTCGAGAG_012,171
AAGCATCCCCAACTCGAGAG_013,161
AAGCATCCCCAACTCGAGAG_014,19
AAGCATCCCCAACTCGAGAG_015,17
AAGCATCCCCAACTCGAGAG_016,12
AAGCATCCCCAACTCGAGAG_017,158
AAGCATCCCCAACTCGAGAG_018,60
AAGCATCCCCAACTCGAGAG_019,78
AAGCATCCCCAACTCGAGAG_020,127
AAGCATCCCCAACTCGAGAG_021,91
AAGCATCCCCAACTCGAGAG_022,144
AAGCATCCCCAACTCGAGAG_023,72
AAGCATCCCCAACTCGAGAG_024,145
AAGCATCCCCAACTCGAGAG_025,140
AAGCATCCCCAACTCGAGAG_026,113
AAGCATCCCCAACTCGAGAG_027,81
AAGCATCCCCAACTCGAGAG_028,158
AAGCATCCCCAACTCGAGAG_029,1
AAGCATCCCCAACTCGAGAG_030,37
AAGCATCCCCAACTCGAGAG_031,113
AAGCATCCCCAACTCGAGAG_032,144
AAGCATCCCCAACTCGAGAG_033,78
AAGCATCCCCAACTCGAGAG_034,168
AAGCATCCCCAACTCGAGAG_035,192
AAGCATCCCCAACTCGAGAG_036,43
AAGCATCCCCAACTCGAGAG_037,7
AAGCATCCCCAACTCGAGAG_038,15
AAGCATCCCCAACTCGAGAG_039,31
AAGCATCCCCAACTCGAGAG_040,163
AAGCATCCCCAACTCGAGAG_041,19
AAGCATCCCCAACTCGAGAG_042,149
AAGCATCCCCAACTCGAGAG_043,35
AAGCATCCCCAACTCGAGAG_044,63
AAGCATCCCCAACTCGAGAG_045,138
AAGCATCCCCAACTCGAGAG_046,114
AAGCATCCCCAACTCGAGAG_047,52
AAGCATCCCCAACTCGAGAG_048,137
AAGCATCCCCAACTCGAGAG_049,49
AAGCATCCCCAACTCGAGAG_050,142
AAGCATCCCCAACTCGAGAG_051,78
AAGCATCCCCAACTCGAGAG_052,2
GCCTAGGATAACTCACCTGG_001,142
GCCTAGGATAACTCACCTGG_002,48
CAGATACTGCACTCTCCCCG_001,163
GGAACTTGCGGCGGTAGTAT_001,4
GGAACTTGCGGCGGTAGTAT_002,149
GCTGCGCAAGAAGGGCCCTA_001,26
GCTGCGCAAGAAGGGCCCTA_002,104
GCTGCGCAAGAAGGGCCCTA_003,185
GCTGCGCAAGAAGGGCCCTA_004,113
GCTGCGCAAGAAGGGCCCTA_005,183
TCTGGGTAGTTGTACTACAC_001,119
GCGGACCAGTGTACAGCACG_001,84
GCGGACCAGTGTACAGCACG_002,144
CGTGAGTGACTGCATCAACG_001,121
CGTGAGTGACTGCATCAACG_002,60
CGTGAGTGACTGCATCAACG_003,105
CGTGAGTGACTGCATCAACG_004,189
CGTGAGTGACTGCATCAACG_005,148
CGTGAGTGACTGCATCAACG_006,0
CGTGAGTGACTGCATCAACG_007,19
CGTGAGTGACTGCATCAACG_008,188
CGTGAGTGACTGCATCAACG_009,77
CGTGAGTGACTGCATCAACG_010,131
CGTGAGTGACTGCATCAACG_011,168
CGTGAGTGACTGCATCAACG_012,18
CGTGAGTGACTGCATCAACG_013,85
GACACCCCCATCTAAGGTTA_001,158
GACACCCCCATCTAAGGTTA_002,38
GACACCCCCATCTAAGGTTA_003,1
GACACCCCCATCTAAGGTTA_004,72
GACACCCCCATCTAAGGTTA_005,112
GACACCCCCATCTAAGGTTA_006,105
GACACCCCCATCTAAGGTTA_007,33
GGCCGGATACAGGTGGTACG_001,177
GGCCGGATACAGGTGGTACG_002,164
GGCCGGATACAGGTGGTACG_003,53
GGCCGGATACAGGTGGTACG_004,185
GGCCGGATACAGGTGGTACG_005,123
GGCCGGATACAGGTGGTACG_006,13
GGCCGGATACAGGTGGTACG_007,115
GGCCGGATACAGGTGGTACG_008,147
GGCCGGATACAGGTGGTACG_009,178
GGCCGGATACAGGTGGTACG_010,26
AGTCCACGCAGGTACCCGCG_001,150
AGTCCACGCAGGTACCCGCG_002,185
AGTCCACGCAGGTACCCGCG_003,142
AGTCCACGCAGGTACCCGCG_004,168
AGTCCACGCAGGTACCCGCG_005,2
AGTCCACGCAGGTACCCGCG_006,185
AGTCCACGCAGGTACCCGCG_007,63
AGTCCACGCAGGTACCCGCG_008,49
AGTCCACGCAGGTACCCGCG_009,33
AGTCCACGCAGGTACCCGCG_010,128
GAAGACTATGAGCAACCCAG_001,127
GAAGACTATGAGCAACCCAG_002,48
GAAGACTATGAGCAACCCAG_003,184
GAAGACTATGAGCAACCCAG_004,15
GAAGACTATGAGCAACCCAG_005,107
GAAGACTATGAGCAACCCAG_006,166
GAAGACTATGAGCAACCCAG_007,127
AGGACAGGCCCACGAAGACG_001,108
AGGACAGGCCCACGAAGACG_002,106
AGGACAGGCCCACGAAGACG_003,50
AGGACAGGCCCACGAAGACG_004,137
AGGACAGGCCCACGAAGACG_005,119
AGGACAGGCCCACGAAGACG_006,40
AGGACAGGCCCACGAAGACG_007,150
AGGACAGGCCCACGAAGACG_008,75
AGGACAGGCCCACGAAGACG_009,12
AGGACAGGCCCACGAAGACG_010,12
AGGACAGGCCCACGAAGACG_011,62
AGGACAGGCCCACGAAGACG_012,48
AGGACAGGCCCACGAAGACG_013,177
AGGACAGGCCCACGAAGACG_014,30
AGGACAGGCCCACGAAGACG_015,97
AGGACAGGCCCACGAAGACG_016,178
AGGACAGGCCCACGAAGACG_017,10
AGGACAGGCCCACGAAGACG_018,18
AGGACAGGCCCACGAAGACG_019,128
AGGACAGGCCCACGAAGACG_020,81
AGGACAGGCCCACGAAGACG_021,198
AGGACAGGCCCACGAAGACG_022,148
AGGACAGGCCCACGAAGACG_023,9
AGGACAGGCCCACGAAGACG_024,8
AGGACAGGCCCACGAAGACG_025,43
AGGACAGGCCCACGAAGACG_026,151
AGGACAGGCCCACGAAGACG_027,132
AGGACAGGCCCACGAAGACG_028,77
AGGACAGGCCCACGAAGACG_029,138
AGGACAGGCCCACGAAGACG_030,125
AGGACAGGCCCACGAAGACG_031,56
AGGACAGGCCCACGAAGACG_032,52
AGGACAGGCCCACGAAGACG_033,198
AGGACAGGCCCACGAAGACG_034,36
CACTGGGGCAGGCATTTAGG_001,118
CACTGGGGCAGGCATTTAGG_002,105
CACTGGGGCAGGCATTTAGG_003,49
CACTGGGGCAGGCATTTAGG_004,171
CACTGGGGCAGGCATTTAGG_005,26
CACTGGGGCAGGCATTTAGG_006,146
CACTGGGGCAGGCATTTAGG_007,181
CACTGGGGCAGGCATTTAGG_008,54
CACTGGGGCAGGCATTTAGG_009,28
CACTGGGGCAGGCATTTAGG_010,198
CACTGGGGCAGGCATTTAGG_011,60
CACTGGGGCAGGCATTTAGG_012,106
CACTGGGGCAGGCATTTAGG_013,121
AGGGACTAAAGGAGCCACGA_001,36
AGGGACTAAAGGAGCCACGA_002,196
AGGGACTAAAGGAGCCACGA_003,149
AGGGACTAAAGGAGCCACGA_004,102
AGGGACTAAAGGAGCCACGA_005,69
AGGGACTAAAGGAGCCACGA_006,69
AGGGACTAAAGGAGCCACGA_007,60
AGGGACTAAAGGAGCCACGA_008,172
AGGGACTAAAGGAGCCACGA_009,15
AGGGACTAAAGGAGCCACGA_010,57
AGGGACTAAAGGAGCCACGA_011,141
AGGGACTAAAGGAGCCACGA_012,69
AGGGACTAAAGGAGCCACGA_013,94
AGGGACTAAAGGAGCCACGA_014,2
AGGGACTAAAGGAGCCACGA_015,113
AGGGACTAAAGGAGCCACGA_016,40
AGGGACTAAAGGAGCCACGA_017,114
AGGGACTAAAGGAGCCACGA_018,102
AGGGACTAAAGGAGCCACGA_019,48
AGGGACTAAAGGAGCCACGA_020,7
AGGGACTAAAGGAGCCACGA_021,16
AGGGACTAAAGGAGCCACGA_022,191
AGGGACTAAAGGAGCCACGA_023,152
AGGGACTAAAGGAGCCACGA_024,191
AGGGACTAAAGGAGCCACGA_025,101
AGGGACTAAAGGAGCCACGA_026,68
AGGGACTAAAGGAGCCACGA_027,177
AGGGACTAAAGGAGCCACGA_028,146
AGGAAACGCGAGATGAACTG_001,116
AGGAAACGCGAGATGAACTG_002,88
AGGAAACGCGAGATGAACTG_003,62
AGGAAACGCGAGATGAACTG_004,8
AGGAAACGCGAGATGAACTG_005,94
AGGAAACGCGAGATGAACTG_006,88
AGGAAACGCGAGATGAACTG_007,50
AGGAAACGCGAGATGAACTG_008,43
AGGAAACGCGAGATGAACTG_009,31
AGGAAACGCGAGATGAACTG_010,93
AAATATCTGAAAACACCACC_001,30
AAATATCTGAAAACACCACC_002,9
AAATATCTGAAAACACCACC_003,183
AAATATCTGAAAACACCACC_004,50
AAATATCTGAAAACACCACC_005,72
AAATATCTGAAAACACCACC_006,192
GGGCCGCGCACTCTACGCAG_001,194
GGGCCGCGCACTCTACGCAG_002,172
GGGCCGCGCACTCTACGCAG_003,50
GGGCCGCGCACTCTACGCAG_004,19
GGGCCGCGCACTCTACGCAG_005,137
ATATGCTTGTAGTTCCAGAA_001,175
ATATGCTTGTAGTTCCAGAA_002,23
ATATGCTTGTAGTTCCAGAA_003,38
ATATGCTTGTAGTTCCAGAA_004,169
ATATGCTTGTAGTTCCAGAA_005,18
ATATGCTTGTAGTTCCAGAA_006,50
ATATGCTTGTAGTTCCAGAA_007,58
ATATGCTTGTAGTTCCAGAA_008,74
ATATGCTTGTAGTTCCAGAA_009,51
ATATGCTTGTAGTTCCAGAA_010,180
ATATGCTTGTAGTTCCAGAA_011,119
ATATGCTTGTAGTTCCAGAA_012,34
GCAAAATTGAAACAGAGCAT_001,11
GCAAAATTGAAACAGAGCAT_002,32
GCAAAATTGAAACAGAGCAT_003,149
GCAAAATTGAAACAGAGCAT_004,149
GCAAAATTGAAACAGAGCAT_005,175
GCAAAATTGAAACAGAGCAT_006,184
GCAAAATTGAAACAGAGCAT_007,86
GCAAAATTGAAACAGAGCAT_008,185
GCAAAATTGAAACAGAGCAT_009,27
GCAAAATTGAAACAGAGCAT_010,146
CAGCTGTTGATTAGCCAGAG_001,64
CAGCTGTTGATTAGCCAGAG_002,69
CAGCTGTTGATTAGCCAGAG_003,77
CAGCTGTTGATTAGCCAGAG_004,80
CAGCTGTTGATTAGCCAGAG_005,150
CAGCTGTTGATTAGCCAGAG_006,121
CAGCTGTTGATTAGCCAGAG_007,6
CAGCTGTTGATTAGCCAGAG_008,122
CAGCTGTTGATTAGCCAGAG_009,61
CAGCTGTTGATTAGCCAGAG_010,78
CAGCTGTTGATTAGCCAGAG_011,77
CAGCTGTTGATTAGCCAGAG_012,144
CAGCTGTTGATTAGCCAGAG_013,115
CAGCTGTTGATTAGCCAGAG_014,198
CAGCTGTTGATTAGCCAGAG_015,160
CAGCTGTTGATTAGCCAGAG_016,83
CAGCTGTTGATTAGCCAGAG_017,177
CAGCTGTTGATTAGCCAGAG_018,41
CAGCTGTTGATTAGCCAGAG_019,62
CAGCTGTTGATTAGCCAGAG_020,16
CAGCTGTTGATTAGCCAGAG_021,104
CGCCTCTCGAGGCCACGCGA_001,112
CGCCTCTCGAGGCCACGCGA_002,34
CGCCTCTCGAGGCCACGCGA_003,192
CGCCTCTCGAGGCCACGCGA_004,19
CGCCTCTCGAGGCCACGCGA_005,106
CGCCTCTCGAGGCCACGCGA_006,149
CGCCTCTCGAGGCCACGCGA_007,175
CGCCTCTCGAGGCCACGCGA_008,145
CGCCTCTCGAGGCCACGCGA_009,81
CGCCTCTCGAGGCCACGCGA_010,19
CGCCTCTCGAGGCCACGCGA_011,58
CGCCTCTCGAGGCCACGCGA_012,60
CGCCTCTCGAGGCCACGCGA_013,187
CGCCTCTCGAGGCCACGCGA_014,6
GGTGATTTCGGCTTAGAAGG_001,68
GGTGATTTCGGCTTAGAAGG_002,163
GGTGATTTCGGCTTAGAAGG_003,75
GGTGATTTCGGCTTAGAAGG_004,115
GGTGATTTCGGCTTAGAAGG_005,0
GGTACTGGAACTGAATGACG_001,12
GGTACTGGAACTGAATGACG_002,127
GGTACTGGAACTGAATGACG_003,194
GGTACTGGAACTGAATGACG_004,158
GGTACTGGAACTGAATGACG_005,58
GGTACTGGAACTGAATGACG_006,124
GGTACTGGAACTGAATGACG_007,68
GGTACTGGAACTGAATGACG_008,27
GGTACTGGAACTGAATGACG_009,90
GGGTGTTAAAGTCGCTGTTG_001,96
GGGTGTTAAAGTCGCTGTTG_002,117
GGGTGTTAAAGTCGCTGTTG_003,114
GGGTGTTAAAGTCGCTGTTG_004,114
GGGTGTTAAAGTCGCTGTTG_005,93
GGGTGTTAAAGTCGCTGTTG_006,198
GGGTGTTAAAGTCGCTGTTG_007,50
GGGTGTTAAAGTCGCTGTTG_008,56
GTACGGGCCTGACAATCACC_001,50
GTACGGGCCTGACAATCACC_002,2
GTACGGGCCTGACAATCACC_003,33
GTACGGGCCTGACAATCACC_004,105
GTACGGGCCTGACAATCACC_005,133
GTACGGGCCTGACAATCACC_006,175
GGAGCAGAAACCCTACGGGA_001,137
GGAGCAGAAACCCTACGGGA_002,93
GGAGCAGAAACCCTACGGGA_003,198
GGAGCAGAAACCCTACGGGA_004,43
GGAGCAGAAACCCTACGGGA_005,194
GGAGCAGAAACCCTACGGGA_006,37
GGAGCAGAAACCCTACGGGA_007,96
GGAGCAGAAACCCTACGGGA_008,34
GGAGCAGAAACCCTACGGGA_009,145
GGAGCAGAAACCCTACGGGA_010,141
GGAGCAGAAACCCTACGGGA_011,145
GGAGCAGAAACCCTACGGGA_012,60
GGAGCAGAAACCCTACGGGA_013,68
GGAGCAGAAACCCTACGGGA_014,9
GGAGCAGAAACCCTACGGGA_015,147
GGAGCAGAAACCCTACGGGA_016,75
GGAGCAGAAACCCTACGGGA_017,33
GGAGCAGAAACCCTACGGGA_018,76
GTGGCTCAGAAGTTCACGGG_001,72
GTGGCTCAGAAGTTCACGGG_002,77
GTGGCTCAGAAGTTCACGGG_003,77
GTGGCTCAGAAGTTCACGGG_004,106
GTGGCTCAGAAGTTCACGGG_005,34
GTGGCTCAGAAGTTCACGGG_006,16
GTGGCTCAGAAGTTCACGGG_007,76
GTGGCTCAGAAGTTCACGGG_008,50
GTGGCTCAGAAGTTCACGGG_009,168
GTGGCTCAGAAGTTCACGGG_010,84
GTGGCTCAGAAGTTCACGGG_011,88
GTGGCTCAGAAGTTCACGGG_012,133
GTGGCTCAGAAGTTCACGGG_013,156
GTGGCTCAGAAGTTCACGGG_014,193
GTGGCTCAGAAGTTCACGGG_015,73
GTGGCTCAGAAGTTCACGGG_016,73
GTGGCTCAGAAGTTCACGGG_017,3
GTGGCTCAGAAGTTCACGGG_018,138
GTGGCTCAGAAGTTCACGGG_019,27
GTGGCTCAGAAGTTCACGGG_020,19
GTGGCTCAGAAGTTCACGGG_021,40
CCGCCCTCGACGGAGAGAGT_001,172
CCGCCCTCGACGGAGAGAGT_002,193
CCGCCCTCGACGGAGAGAGT_003,49
CCGCCCTCGACGGAGAGAGT_004,7
CCGCCCTCGACGGAGAGAGT_005,2
CCGCCCTCGACGGAGAGAGT_006,12
CCGCCCTCGACGGAGAGAGT_007,148
CCGCCCTCGACGGAGAGAGT_008,172
AGCTTGAATCCAAAAACATG_001,38
AGCTTGAATCCAAAAACATG_002,170
AGCTTGAATCCAAAAACATG_003,171
AGCTTGAATCCAAAAACATG_004,174
AGCTTGAATCCAAAAACATG_005,9
AGCTTGAATCCAAAAACATG_006,196
AGCTTGAATCCAAAAACATG_007,82
AGCTTGAATCCAAAAACATG_008,22
AGCTTGAATCCAAAAACATG_009,84
AAGCAGTTAAACAAGAAGGG_001,43
AAGCAGTTAAACAAGAAGGG_002,123
AAGCAGTTAAACAAGAAGGG_003,50
AAGCAGTTAAACAAGAAGGG_004,43
AAGCAGTTAAACAAGAAGGG_005,134
AAGCAGTTAAACAAGAAGGG_006,17
AGAATAGCCGGGAATATGTG_001,159
AGAATAGCCGGGAATATGTG_002,52
AGAATAGCCGGGAATATGTG_003,17
AGAATAGCCGGGAATATGTG_004,65
ATGTGCACTGTAGCTAAGCT_001,102
ATGTGCACTGTAGCTAAGCT_002,9
ATGTGCACTGTAGCTAAGCT_003,191
ATGTGCACTGTAGCTAAGCT_004,65
ATGTGCACTGTAGCTAAGCT_005,107
ATGTGCACTGTAGCTAAGCT_006,113
ATGTGCACTGTAGCTAAGCT_007,169
ATGTGCACTGTAGCTAAGCT_008,138
ATGTGCACTGTAGCTAAGCT_009,62
ATGTGCACTGTAGCTAAGCT_010,39
ATGTGCACTGTAGCTAAGCT_011,175
ATGTGCACTGTAGCTAAGCT_012,138
ATGTGCACTGTAGCTAAGCT_013,63
ATGTGCACTGTAGCTAAGCT_014,188
ATGTGCACTGTAGCTAAGCT_015,25
GTGCTATCTACTCTTGACTG_001,186
TATGCACAGGATCTGGCCGA_001,70
TTTCTACTATGAGATCAAGA_001,25
TTTCTACTATGAGATCAAGA_002,122
TTTCTACTATGAGATCAAGA_003,80
TATAACTAGGAAACTCAGCG_001,155
TATAACTAGGAAACTCAGCG_002,88
TATAACTAGGAAACTCAGCG_003,193
CAGTCCCTAAAAGCCAATGG_001,3
CAGTCCCTAAAAGCCAATGG_002,83
CAGTCCCTAAAAGCCAATGG_003,147
CAGTCCCTAAAAGCCAATGG_004,194
CAGTCCCTAAAAGCCAATGG_005,50
CAGTCCCTAAAAGCCAATGG_006,141
CAGTCCCTAAAAGCCAATGG_007,115
CAGTCCCTAAAAGCCAATGG_008,110
CAGTCCCTAAAAGCCAATGG_009,137
CAGTCCCTAAAAGCCAATGG_010,24
CAGTCCCTAAAAGCCAATGG_011,12
CAGTCCCTAAAAGCCAATGG_012,34
CAGTCCCTAAAAGCCAATGG_013,115
CAGTCCCTAAAAGCCAATGG_014,110
CAGTCCCTAAAAGCCAATGG_015,150
CAGTCCCTAAAAGCCAATGG_016,21
CAGTCCCTAAAAGCCAATGG_017,34
CAGTCCCTAAAAGCCAATGG_018,17
GTTACTAATGCTCCTCACCA_001,42
ATTTCTCCTAGATCATCTAG_001,191
ATTTCTCCTAGATCATCTAG_002,171
ATTTCTCCTAGATCATCTAG_003,48
ATTTCTCCTAGATCATCTAG_004,17
ATTTCTCCTAGATCATCTAG_005,60
GTACTTTACAACTACACGGT_001,34
GTACTTTACAACTACACGGT_002,152
GTACTTTACAACTACACGGT_003,56
GTACTTTACAACTACACGGT_004,169
GTACTTTACAACTACACGGT_005,155
GTACTTTACAACTACACGGT_006,66
GTACTTTACAACTACACGGT_007,74
GTACTTTACAACTACACGGT_008,78
GTACTTTACAACTACACGGT_009,172
GTACTTTACAACTACACGGT_010,168
GTACTTTACAACTACACGGT_011,188
GTACTTTACAACTACACGGT_012,70
GTACTTTACAACTACACGGT_013,130
GTACTTTACAACTACACGGT_014,18
GTACTTTACAACTACACGGT_015,33
TCCACCTTTACCACCCACTG_001,186
TCCACCTTTACCACCCACTG_002,33
TCCACCTTTACCACCCACTG_003,135
TCCACCTTTACCACCCACTG_004,78
GAGTGTCCAGTGCACAAAAG_001,17
GAGTGTCCAGTGCACAAAAG_002,23
GAGTGTCCAGTGCACAAAAG_003,49
GAGTGTCCAGTGCACAAAAG_004,34
GAGTGTCCAGTGCACAAAAG_005,49
GAGTGTCCAGTGCACAAAAG_006,102
GAGTGTCCAGTGCACAAAAG_007,8
GAGTGTCCAGTGCACAAAAG_008,59
GAGTGTCCAGTGCACAAAAG_009,69
GAGTGTCCAGTGCACAAAAG_010,115
GAGTGTCCAGTGCACAAAAG_011,103
GAGTGTCCAGTGCACAAAAG_012,41
GAGTGTCCAGTGCACAAAAG_013,2
GAGTGTCCAGTGCACAAAAG_014,188
GAGTGTCCAGTGCACAAAAG_015,77
GAGTGTCCAGTGCACAAAAG_016,97
GAGTGTCCAGTGCACAAAAG_017,60
GAGTGTCCAGTGCACAAAAG_018,124
GAGTGTCCAGTGCACAAAAG_019,97
GAGTGTCCAGTGCACAAAAG_020,123
TATTCCTTAGAAGTTCCACC_001,75
TATTCCTTAGAAGTTCCACC_002,75
TATTCCTTAGAAGTTCCACC_003,161
TATGGAAGTAACCATAACCG_001,157
CCAGTACCATCCAAACACAG_001,198
CCAGTACCATCCAAACACAG_002,21
CCAGTACCATCCAAACACAG_003,189
CCAGTACCATCCAAACACAG_004,155
CCAGTACCATCCAAACACAG_005,121
CCAGTACCATCCAAACACAG_006,19
CCAGTACCATCCAAACACAG_007,198
CCAGTACCATCCAAACACAG_008,130
CCAGTACCATCCAAACACAG_009,67
CCAGTACCATCCAAACACAG_010,178
CCAGTACCATCCAAACACAG_011,43
CCAGTACCATCCAAACACAG_012,65
CCAGTACCATCCAAACACAG_013,171
CCAGTACCATCCAAACACAG_014,156
CCAGTACCATCCAAACACAG_015,109
CGAGACACGTGTACACGGGT_001,100
CGAGACACGTGTACACGGGT_002,168
CGAGACACGTGTACACGGGT_003,88
CGAGACACGTGTACACGGGT_004,109
CGAGACACGTGTACACGGGT_005,142
CGAGACACGTGTACACGGGT_006,149
CGAGACACGTGTACACGGGT_007,166
CTGAGAATCAAGGGGAGACT_001,140
CTGAGAATCAAGGGGAGACT_002,10
CTGAGAATCAAGGGGAGACT_003,54
CTGAGAATCAAGGGGAGACT_004,160
CTGAGAATCAAGGGGAGACT_005,166
CTGAGAATCAAGGGGAGACT_006,13
CTGAGAATCAAGGGGAGACT_007,58
CTGAGAATCAAGGGGAGACT_008,160
CTGAGAATCAAGGGGAGACT_009,158
CTGAGAATCAAGGGGAGACT_010,146
CTGAGAATCAAGGGGAGACT_011,172
CTGAGAATCAAGGGGAGACT_012,1
AGCGCGACTTGGCCTTAGCG_001,103
AGCGCGACTTGGCCTTAGCG_002,169
AGCGCGACTTGGCCTTAGCG_003,115
AGCGCGACTTGGCCTTAGCG_004,150
AGCGCGACTTGGCCTTAGCG_005,57
AGCGCGACTTGGCCTTAGCG_006,83
AGCGCGACTTGGCCTTAGCG_007,107
AGCGCGACTTGGCCTTAGCG_008,186
AGCGCGACTTGGCCTTAGCG_009,170
AGCGCGACTTGGCCTTAGCG_010,58
CGACTCTACTACCTGAGCAT_001,93
CGACTCTACTACCTGAGCAT_002,41
TGTCAGTACTGTTTGATGCG_001,62
TGTCAGTACTGTTTGATGCG_002,37
TTCAGTGTACCCAATGCCAA_001,115
TTCAGTGTACCCAATGCCAA_002,149
TTCAGTGTACCCAATGCCAA_003,68
TTCAGTGTACCCAATGCCAA_004,198
TTCAGTGTACCCAATGCCAA_005,49
TTCAGTGTACCCAATGCCAA_006,57
TTCAGTGTACCCAATGCCAA_007,172
TTCAGTGTACCCAATGCCAA_008,53
TTCAGTGTACCCAATGCCAA_009,132
TTCAGTGTACCCAATGCCAA_010,194
TTCAGTGTACCCAATGCCAA_011,34
TTCAGTGTACCCAATGCCAA_012,6
TTCAGTGTACCCAATGCCAA_013,0
TTCAGTGTACCCAATGCCAA_014,80
TTCAGTGTACCCAATGCCAA_015,162
ACTCTCAAGAGGTCTAGTAC_001,26
ACTCTCAAGAGGTCTAGTAC_002,183
ACTCTCAAGAGGTCTAGTAC_003,7
ACTCTCAAGAGGTCTAGTAC_004,7
ACTCTCAAGAGGTCTAGTAC_005,115
ACTCTCAAGAGGTCTAGTAC_006,179
GCACTTGGATGAGTACTCGT_001,16
GCACTTGGATGAGTACTCGT_002,188
GCACTTGGATGAGTACTCGT_003,51
GCACTTGGATGAGTACTCGT_004,157
GCACTTGGATGAGTACTCGT_005,104
GCACTTGGATGAGTACTCGT_006,61
GCACTTGGATGAGTACTCGT_007,13
GCACTTGGATGAGTACTCGT_008,69
GCACTTGGATGAGTACTCGT_009,113
ACTCTGGTCTCCCATACCAG_001,83
ACTCTGGTCTCCCATACCAG_002,127
ACTCTGGTCTCCCATACCAG_003,82
ACTCTGGTCTCCCATACCAG_004,50
ACTCTGGTCTCCCATACCAG_005,94
ACTCTGGTCTCCCATACCAG_006,126
ACTCTGGTCTCCCATACCAG_007,158
ACTCTGGTCTCCCATACCAG_008,83
ACTCTGGTCTCCCATACCAG_009,141
ACTCTGGTCTCCCATACCAG_010,81
ACTCTGGTCTCCCATACCAG_011,114
ACTCTGGTCTCCCATACCAG_012,174
ACTCTGGTCTCCCATACCAG_013,133
ACTCTGGTCTCCCATACCAG_014,52
ACTCTGGTCTCCCATACCAG_015,150
ACTCTGGTCTCCCATACCAG_016,51
ACTCTGGTCTCCCATACCAG_017,82
ACTCTGGTCTCCCATACCAG_018,161
ACTCTGGTCTCCCATACCAG_019,170
ACTCTGGTCTCCCATACCAG_020,114
CTGACGTGTACATCGTGATG_001,8
CTGACGTGTACATCGTGATG_002,82
CTGACGTGTACATCGTGATG_003,29
CTGACGTGTACATCGTGATG_004,170
CTGACGTGTACATCGTGATG_005,192
ACAATGCTGTCTGTACCACC_001,49
ACAATGCTGTCTGTACCACC_002,94
ACAATGCTGTCTGTACCACC_003,178
ACAATGCTGTCTGTACCACC_004,29
ACAATGCTGTCTGTACCACC_005,117
ACAATGCTGTCTGTACCACC_006,145
ACAATGCTGTCTGTACCACC_007,141
GAAAACTTAGCACCAGGTGA_001,43
GAAAACTTAGCACCAGGTGA_002,62
GAAAACTTAGCACCAGGTGA_003,51
GAAAACTTAGCACCAGGTGA_004,49
GAAAACTTAGCACCAGGTGA_005,137
GAAAACTTAGCACCAGGTGA_006,0
GAAAACTTAGCACCAGGTGA_007,122
AGGATGGGTCCACCAGTGGG_001,75
AGGATGGGTCCACCAGTGGG_002,134
AGGATGGGTCCACCAGTGGG_003,173
AGGATGGGTCCACCAGTGGG_004,141
AGGATGGGTCCACCAGTGGG_005,88
AGGATGGGTCCACCAGTGGG_006,48
AGGATGGGTCCACCAGTGGG_007,13
AGGATGGGTCCACCAGTGGG_008,159
AGGATGGGTCCACCAGTGGG_009,197
AGGATGGGTCCACCAGTGGG_010,141
AGGATGGGTCCACCAGTGGG_011,94
AGGATGGGTCCACCAGTGGG_012,83
AGGATGGGTCCACCAGTGGG_013,120
AGGATGGGTCCACCAGTGGG_014,93
AGGATGGGTCCACCAGTGGG_015,61
AGGATGGGTCCACCAGTGGG_016,148
AGGATGGGTCCACCAGTGGG_017,28
AGGATGGGTCCACCAGTGGG_018,168
CAGCACCGTTCATGACGTGG_001,191
CAGCACCGTTCATGACGTGG_002,96
CAGCACCGTTCATGACGTGG_003,188
CAGCACCGTTCATGACGTGG_004,96
CAGCACCGTTCATGACGTGG_005,53
CAGCACCGTTCATGACGTGG_006,97
CAGCACCGTTCATGACGTGG_007,3
CAGCACCGTTCATGACGTGG_008,67
CAGCACCGTTCATGACGTGG_009,158
CAGCACCGTTCATGACGTGG_010,69
CAGCACCGTTCATGACGTGG_011,34
CAGCACCGTTCATGACGTGG_012,17
CAGCACCGTTCATGACGTGG_013,64
CAGCACCGTTCATGACGTGG_014,95
CAGCACCGTTCATGACGTGG_015,125
CAGCACCGTTCATGACGTGG_016,48
CAGCACCGTTCATGACGTGG_017,172
CAGCACCGTTCATGACGTGG_018,97
CAGCACCGTTCATGACGTGG_019,72
CAGCACCGTTCATGACGTGG_020,72
CAGCACCGTTCATGACGTGG_021,122
CAGCACCGTTCATGACGTGG_022,148
CAGCACCGTTCATGACGTGG_023,32
CAGCACCGTTCATGACGTGG_024,129
CAGCACCGTTCATGACGTGG_025,69
CAGCACCGTTCATGACGTGG_026,84
CAGCACCGTTCATGACGTGG_027,158
CAGCACCGTTCATGACGTGG_028,105
CAGCACCGTTCATGACGTGG_029,68
CAGCACCGTTCATGACGTGG_030,57
CAGCACCGTTCATGACGTGG_031,192
CAGCACCGTTCATGACGTGG_032,4
AAGGGCTTACCGTCATCAAG_001,66
AAGGGCTTACCGTCATCAAG_002,156
AAGGGCTTACCGTCATCAAG_003,137
AAGGGCTTACCGTCATCAAG_004,15
AAGGGCTTACCGTCATCAAG_005,199
AAGGGCTTACCGTCATCAAG_006,119
AAGGGCTTACCGTCATCAAG_007,16
AAGGGCTTACCGTCATCAAG_008,50
AAGGGCTTACCGTCATCAAG_009,72
AAGGGCTTACCGTCATCAAG_010,98
AAGGGCTTACCGTCATCAAG_011,43
AAGGGCTTACCGTCATCAAG_012,148
AAGGGCTTACCGTCATCAAG_013,12
AAGGGCTTACCGTCATCAAG_014,180
CTGCCTTGGTGCCTTCAGTG_001,60
CTGCCTTGGTGCCTTCAGTG_002,58
CTGCCTTGGTGCCTTCAGTG_003,183
CTGCCTTGGTGCCTTCAGTG_004,151
CTGCCTTGGTGCCTTCAGTG_005,127
CTGCCTTGGTGCCTTCAGTG_006,51
CTGCCTTGGTGCCTTCAGTG_007,10
CTGCCTTGGTGCCTTCAGTG_008,17
CTGCCTTGGTGCCTTCAGTG_009,105
CTGCCTTGGTGCCTTCAGTG_010,136
CTGCCTTGGTGCCTTCAGTG_011,137
CTGCCTTGGTGCCTTCAGTG_012,155
CTGCCTTGGTGCCTTCAGTG_013,177
CTGCCTTGGTGCCTTCAGTG_014,7
CTGCCTTGGTGCCTTCAGTG_015,83
CTGCCTTGGTGCCTTCAGTG_016,103
CTGCCTTGGTGCCTTCAGTG_017,11
CTGCCTTGGTGCCTTCAGTG_018,27
CTGCCTTGGTGCCTTCAGTG_019,116
CTGCCTTGGTGCCTTCAGTG_020,91
CTGCCTTGGTGCCTTCAGTG_021,162
CTGCCTTGGTGCCTTCAGTG_022,169
TCTTCTGTCAGTCGATCACG_001,142
TCTTCTGTCAGTCGATCACG_002,29
TCTTCTGTCAGTCGATCACG_003,50
TCTTCTGTCAGTCGATCACG_004,119
TCTTCTGTCAGTCGATCACG_005,44
TCTTCTGTCAGTCGATCACG_006,147
TCTTCTGTCAGTCGATCACG_007,177
TCTTCTGTCAGTCGATCACG_008,29
CGGACGACTGCTGTTCAATG_001,84
CGGACGACTGCTGTTCAATG_002,98
CGGACGACTGCTGTTCAATG_003,1
CGGACGACTGCTGTTCAATG_004,177
CGGACGACTGCTGTTCAATG_005,54
CGGACGACTGCTGTTCAATG_006,194
CGGACGACTGCTGTTCAATG_007,38
CGGACGACTGCTGTTCAATG_008,168
CGGACGACTGCTGTTCAATG_009,181
CGGACGACTGCTGTTCAATG_010,63
CGGACGACTGCTGTTCAATG_011,127
CGGACGACTGCTGTTCAATG_012,78
TGAAGATATAGAAACAGACA_001,105
TGAAGATATAGAAACAGACA_002,12
TGAAGATATAGAAACAGACA_003,10
CTGACATAGCTCCTGGAGAT_001,12
CTGACATAGCTCCTGGAGAT_002,198
CTGACATAGCTCCTGGAGAT_003,94
CTGACATAGCTCCTGGAGAT_004,14
CTGACATAGCTCCTGGAGAT_005,9
TGAGGGGTAGGGATAACCGG_001,88
TGAGGGGTAGGGATAACCGG_002,88
TGAGGGGTAGGGATAACCGG_003,105
TGAGGGGTAGGGATAACCGG_004,98
TGAGGGGTAGGGATAACCGG_005,169
TGAGGGGTAGGGATAACCGG_006,170
TGAGGGGTAGGGATAACCGG_007,157
CCCACCCGCAGTAACCCAGA_001,106
CCCACCCGCAGTAACCCAGA_002,192
CCCACCCGCAGTAACCCAGA_003,177
CCCACCCGCAGTAACCCAGA_004,50
CCCACCCGCAGTAACCCAGA_005,61
TGTGGCTCCAGCTCTGGGGG_001,77
TGTGGCTCCAGCTCTGGGGG_002,48
TGTGGCTCCAGCTCTGGGGG_003,44
TGTGGCTCCAGCTCTGGGGG_004,170
TGTGGCTCCAGCTCTGGGGG_005,186
TGTGGCTCCAGCTCTGGGGG_006,196
TGTGGCTCCAGCTCTGGGGG_007,52
TGTGGCTCCAGCTCTGGGGG_008,33
ACACACAGGGACCTTCGACG_001,147
ACACACAGGGACCTTCGACG_002,107
ACACACAGGGACCTTCGACG_003,137
ACACACAGGGACCTTCGACG_004,137
ACACACAGGGACCTTCGACG_005,14
ACACACAGGGACCTTCGACG_006,48
ACACACAGGGACCTTCGACG_007,60
ACACACAGGGACCTTCGACG_008,156
ACACACAGGGACCTTCGACG_009,58
ACACACAGGGACCTTCGACG_010,184
ACACACAGGGACCTTCGACG_011,120
ACACACAGGGACCTTCGACG_012,30
ACACACAGGGACCTTCGACG_013,124
GATGAGCCTGTCAGGCGACG_001,127
GATGAGCCTGTCAGGCGACG_002,127
GATGAGCCTGTCAGGCGACG_003,192
GATGAGCCTGTCAGGCGACG_004,9
GATGAGCCTGTCAGGCGACG_005,102
GATGAGCCTGTCAGGCGACG_006,177
GATGAGCCTGTCAGGCGACG_007,128
GATGAGCCTGTCAGGCGACG_008,144
GATGAGCCTGTCAGGCGACG_009,196
ACCAGCACTACTCACATTGG_001,172
ACCAGCACTACTCACATTGG_002,175
ACCAGCACTACTCACATTGG_003,64
ACCAGCACTACTCACATTGG_004,6
ACCAGCACTACTCACATTGG_005,12
ACCAGCACTACTCACATTGG_006,8
TCAGTCCTCTCACGGCAATG_001,45
TCAGTCCTCTCACGGCAATG_002,1
TCAGTCCTCTCACGGCAATG_003,4
TCAGTCCTCTCACGGCAATG_004,199
TCAGTCCTCTCACGGCAATG_005,78
TCAGTCCTCTCACGGCAATG_006,194
TCAGTCCTCTCACGGCAATG_007,91
TCAGTCCTCTCACGGCAATG_008,168
TCAGTCCTCTCACGGCAATG_009,108
TCAGTCCTCTCACGGCAATG_010,6
TCAGTCCTCTCACGGCAATG_011,86
TCAGTCCTCTCACGGCAATG_012,7
TCAGTCCTCTCACGGCAATG_013,20
TCAGTCCTCTCACGGCAATG_014,32
TCAGTCCTCTCACGGCAATG_015,108
TCAGTCCTCTCACGGCAATG_016,44
TCAGTCCTCTCACGGCAATG_017,176
TCAGTCCTCTCACGGCAATG_018,16
TCAGTCCTCTCACGGCAATG_019,116
TCAGTCCTCTCACGGCAATG_020,69
TCAGTCCTCTCACGGCAATG_021,137
TCAGTCCTCTCACGGCAATG_022,94
TCAGTCCTCTCACGGCAATG_023,78
TCAGTCCTCTCACGGCAATG_024,169
TCAGTCCTCTCACGGCAATG_025,62
TCAGTCCTCTCACGGCAATG_026,100
TCAGTCCTCTCACGGCAATG_027,35
TCAGTCCTCTCACGGCAATG_028,138
TCAGTCCTCTCACGGCAATG_029,10
TCAGTCCTCTCACGGCAATG_030,57
TCAGTCCTCTCACGGCAATG_031,52
TCAGTCCTCTCACGGCAATG_032,57
TCAGTCCTCTCACGGCAATG_033,190
GAACAAAAGTGCACACAACG_001,81
GATGCTGGAGAGCCTACGTG_001,43
GATGCTGGAGAGCCTACGTG_002,124
GATGCTGGAGAGCCTACGTG_003,157
GATGCTGGAGAGCCTACGTG_004,42
GATGCTGGAGAGCCTACGTG_005,174
GATGCTGGAGAGCCTACGTG_006,48
GATGCTGGAGAGCCTACGTG_007,175
GATGCTGGAGAGCCTACGTG_008,86
GATGCTGGAGAGCCTACGTG_009,161
GATGCTGGAGAGCCTACGTG_010,176
GATGCTGGAGAGCCTACGTG_011,198
GATGCTGGAGAGCCTACGTG_012,9
GATGCTGGAGAGCCTACGTG_013,70
GATGCTGGAGAGCCTACGTG_014,96
GATGCTGGAGAGCCTACGTG_015,0
GATGCTGGAGAGCCTACGTG_016,121
GATGCTGGAGAGCCTACGTG_017,179
GATGCTGGAGAGCCTACGTG_018,37
GGGGCCTTGACCTTGATCAA_001,59
GGGGCCTTGACCTTGATCAA_002,57
GGGGCCTTGACCTTGATCAA_003,82
GGGGCCTTGACCTTGATCAA_004,62
GGGGCCTTGACCTTGATCAA_005,85
GGGGCCTTGACCTTGATCAA_006,180
GGGGCCTTGACCTTGATCAA_007,106
GGGGCCTTGACCTTGATCAA_008,88
GGGGCCTTGACCTTGATCAA_009,134
GGGGCCTTGACCTTGATCAA_010,93
GGGGCCTTGACCTTGATCAA_011,146
GGGGCCTTGACCTTGATCAA_012,193
GGGGCCTTGACCTTGATCAA_013,132
GGGGCCTTGACCTTGATCAA_014,159
GGGGCCTTGACCTTGATCAA_015,83
GGGGCCTTGACCTTGATCAA_016,22
GGGGCCTTGACCTTGATCAA_017,148
GGGGCCTTGACCTTGATCAA_018,43
GGGGCCTTGACCTTGATCAA_019,70
GGGGCCTTGACCTTGATCAA_020,13
GGGGCCTTGACCTTGATCAA_021,23
GCGTAGGACTGTGCACCCGG_001,1
GCGTAGGACTGTGCACCCGG_002,96
GCGTAGGACTGTGCACCCGG_003,25
GCGTAGGACTGTGCACCCGG_004,174
GCGTAGGACTGTGCACCCGG_005,91
GCGTAGGACTGTGCACCCGG_006,116
GCGTAGGACTGTGCACCCGG_007,29
GCGTAGGACTGTGCACCCGG_008,178
CACCAAACTCCTGAGCATCA_001,174
CACCAAACTCCTGAGCATCA_002,8
CACCAAACTCCTGAGCATCA_003,100
CACCAAACTCCTGAGCATCA_004,66
CAGGTAGGAACCAAACATCA_001,81
CAGGTAGGAACCAAACATCA_002,188
CAGGTAGGAACCAAACATCA_003,69
CAGGTAGGAACCAAACATCA_004,18
CAGGTAGGAACCAAACATCA_005,77
CAGGTAGGAACCAAACATCA_006,174
CCTCTTCATCTGCGCAAACG_001,171
CCTCTTCATCTGCGCAAACG_002,194
CCTCTTCATCTGCGCAAACG_003,63
CCTCTTCATCTGCGCAAACG_004,170
CCTCTTCATCTGCGCAAACG_005,98
CCTCTTCATCTGCGCAAACG_006,83
GAGGGAGGCATAAACAGGCG_001,77
GAGGGAGGCATAAACAGGCG_002,159
GAGGGAGGCATAAACAGGCG_003,18
GAGGGAGGCATAAACAGGCG_004,189
GAGGGAGGCATAAACAGGCG_005,15
GAGGGAGGCATAAACAGGCG_006,95
GAGGGAGGCATAAACAGGCG_007,169
GAGGGAGGCATAAACAGGCG_008,92
GAGGGAGGCATAAACAGGCG_009,104
GAGGGAGGCATAAACAGGCG_010,144
GTCCGGATCTTGTCGTACCG_001,43
TTGAGATCTGTGTAACTCCT_001,194
TTGAGATCTGTGTAACTCCT_002,49
TTGAGATCTGTGTAACTCCT_003,88
TTGAGATCTGTGTAACTCCT_004,16
TTGAGATCTGTGTAACTCCT_005,145
TTGAGATCTGTGTAACTCCT_006,48
TTGAGATCTGTGTAACTCCT_007,168
TTGAGATCTGTGTAACTCCT_008,104
GATCCGAATGGACATAGACG_001,16
GATCCGAATGGACATAGACG_002,98
GATCCGAATGGACATAGACG_003,52
CCATAGGGAGCAGGATAACG_001,119
CCATAGGGAGCAGGATAACG_002,43
CCATAGGGAGCAGGATAACG_003,27
CCATAGGGAGCAGGATAACG_004,147
CCATAGGGAGCAGGATAACG_005,106
CCATAGGGAGCAGGATAACG_006,115
CCATAGGGAGCAGGATAACG_007,1
CACGAGATAGGCATTAGCTG_001,49
CACGAGATAGGCATTAGCTG_002,180
CACGAGATAGGCATTAGCTG_003,179
CACGAGATAGGCATTAGCTG_004,87
CACGAGATAGGCATTAGCTG_005,78
CACGAGATAGGCATTAGCTG_006,82
CACGAGATAGGCATTAGCTG_007,63
CACGAGATAGGCATTAGCTG_008,113
CACGAGATAGGCATTAGCTG_009,172
ATGTGTACCTGATCATCCAA_001,76
ATGTGTACCTGATCATCCAA_002,85
ATGTGTACCTGATCATCCAA_003,25
ATGTGTACCTGATCATCCAA_004,186
ATGTGTACCTGATCATCCAA_005,184
ATGTGTACCTGATCATCCAA_006,12
ATGTGTACCTGATCATCCAA_007,49
ATGTGTACCTGATCATCCAA_008,178
GGTCTGGTTAGTCCCTCTTG_001,105
GGTCTGGTTAGTCCCTCTTG_002,93
GGTCTGGTTAGTCCCTCTTG_003,10
GGTCTGGTTAGTCCCTCTTG_004,180
GGTCTGGTTAGTCCCTCTTG_005,120
GGTCTGGTTAGTCCCTCTTG_006,72
GGTCTGGTTAGTCCCTCTTG_007,9
GGTCTGGTTAGTCCCTCTTG_008,128
GGTCTGGTTAGTCCCTCTTG_009,188
GGTCTGGTTAGTCCCTCTTG_010,94
GGTCTGGTTAGTCCCTCTTG_011,147
GGTCTGGTTAGTCCCTCTTG_012,81
AATTACCGGATGTCTTGGAC_001,27
AATTACCGGATGTCTTGGAC_002,43
AATTACCGGATGTCTTGGAC_003,116
AATTACCGGATGTCTTGGAC_004,50
AATTACCGGATGTCTTGGAC_005,70
CGGCCGGCTCCGTTTCAGGA_001,132
CGGCCGGCTCCGTTTCAGGA_002,140
CGGCCGGCTCCGTTTCAGGA_003,81
CGGCCGGCTCCGTTTCAGGA_004,153
CGGCCGGCTCCGTTTCAGGA_005,54
CGGCCGGCTCCGTTTCAGGA_006,82
CGGCCGGCTCCGTTTCAGGA_007,113
CGGCCGGCTCCGTTTCAGGA_008,129
CGGCCGGCTCCGTTTCAGGA_009,34
CGGCCGGCTCCGTTTCAGGA_010,134
CGGCCGGCTCCGTTTCAGGA_011,194
TGACATTCCCAGCATACCAG_001,158
TGACATTCCCAGCATACCAG_002,146
TGACATTCCCAGCATACCAG_003,40
TGACATTCCCAGCATACCAG_004,163
TGACATTCCCAGCATACCAG_005,123
TGACATTCCCAGCATACCAG_006,96
TGACATTCCCAGCATACCAG_007,162
TGACATTCCCAGCATACCAG_008,99
TGACATTCCCAGCATACCAG_009,43
TGACATTCCCAGCATACCAG_010,25
TGACATTCCCAGCATACCAG_011,78
TGACATTCCCAGCATACCAG_012,52
TGACATTCCCAGCATACCAG_013,174
TGACATTCCCAGCATACCAG_014,104
TGACATTCCCAGCATACCAG_015,34
TGACATTCCCAGCATACCAG_016,138
TGACATTCCCAGCATACCAG_017,102
TGACATTCCCAGCATACCAG_018,158
TGACATTCCCAGCATACCAG_019,80
TGACATTCCCAGCATACCAG_020,27
TGACATTCCCAGCATACCAG_021,161
TGTGACTGTTTCAGCGACTG_001,51
TGTGACTGTTTCAGCGACTG_002,77
TGTGACTGTTTCAGCGACTG_003,17
TGTGACTGTTTCAGCGACTG_004,108
TGTGACTGTTTCAGCGACTG_005,198
AACATCAACTAGTTTACACA_001,58
AACATCAACTAGTTTACACA_002,198
AACATCAACTAGTTTACACA_003,176
AACATCAACTAGTTTACACA_004,103
TGGGAGAGCTACATCTACAA_001,177
TGGGAGAGCTACATCTACAA_002,1
GTCCACATATGCAACACCTG_001,181
TGACCTGCTGGACAAATGGG_001,154
TGACCTGCTGGACAAATGGG_002,173
TGACCTGCTGGACAAATGGG_003,91
TGACCTGCTGGACAAATGGG_004,103
TGACCTGCTGGACAAATGGG_005,28
TGACCTGCTGGACAAATGGG_006,170
TGACCTGCTGGACAAATGGG_007,41
TGACCTGCTGGACAAATGGG_008,41
TGACCTGCTGGACAAATGGG_009,197
TGACCTGCTGGACAAATGGG_010,103
TGACCTGCTGGACAAATGGG_011,117
TGACCTGCTGGACAAATGGG_012,170
TGACCTGCTGGACAAATGGG_013,123
TGACCTGCTGGACAAATGGG_014,124
TGACCTGCTGGACAAATGGG_015,12
TGACCTGCTGGACAAATGGG_016,76
ATGCTGCAGCTTTACGATCA_001,28
ATGCTGCAGCTTTACGATCA_002,169
ATGCTGCAGCTTTACGATCA_003,40
ATGCTGCAGCTTTACGATCA_004,81
ATGCTGCAGCTTTACGATCA_005,50
ATGCTGCAGCTTTACGATCA_006,136
ATGCTGCAGCTTTACGATCA_007,192
ATGCTGCAGCTTTACGATCA_008,68
ATGCTGCAGCTTTACGATCA_009,52
ATGCTGCAGCTTTACGATCA_010,33
ATGCTGCAGCTTTACGATCA_011,184
ATGCTGCAGCTTTACGATCA_012,29
ATGCTGCAGCTTTACGATCA_013,1
ATGCTGCAGCTTTACGATCA_014,47
ATGCTGCAGCTTTACGATCA_015,47
ATGCTGCAGCTTTACGATCA_016,169
ATGCTGCAGCTTTACGATCA_017,1
ATGCTGCAGCTTTACGATCA_018,32
ATGCTGCAGCTTTACGATCA_019,31
ATGCTGCAGCTTTACGATCA_020,175
ATGCTGCAGCTTTACGATCA_021,29
ATGCTGCAGCTTTACGATCA_022,189
ATGCTGCAGCTTTACGATCA_023,44
ATCCTCTTGACTTCTTGCGT_001,147
ATCCTCTTGACTTCTTGCGT_002,185
ATCCTCTTGACTTCTTGCGT_003,147
ATCCTCTTGACTTCTTGCGT_004,177
ATCCTCTTGACTTCTTGCGT_005,72
AAATCCAATGCATGTAGCTG_001,102
AAATCCAATGCATGTAGCTG_002,97
AAATCCAATGCATGTAGCTG_003,124
AAATCCAATGCATGTAGCTG_004,177
AAATCCAATGCATGTAGCTG_005,88
AAATCCAATGCATGTAGCTG_006,81
AAATCCAATGCATGTAGCTG_007,160
AAATCCAATGCATGTAGCTG_008,22
AAATCCAATGCATGTAGCTG_009,110
AAATCCAATGCATGTAGCTG_010,174
AAATCCAATGCATGTAGCTG_011,50
AAATCCAATGCATGTAGCTG_012,184
AAATCCAATGCATGTAGCTG_013,145
AAATCCAATGCATGTAGCTG_014,58
AAATCCAATGCATGTAGCTG_015,149
AAATCCAATGCATGTAGCTG_016,181
AAATCCAATGCATGTAGCTG_017,169
AAATCCAATGCATGTAGCTG_018,9
AAATCCAATGCATGTAGCTG_019,127
AAATCCAATGCATGTAGCTG_020,16
AAATCCAATGCATGTAGCTG_021,67
CAGCGAGAAGGACACACAGA_001,62
GCTGAGAAAAAGTGCCCTTG_001,124
GCTGAGAAAAAGTGCCCTTG_002,76
GCTGAGAAAAAGTGCCCTTG_003,125
GCTGAGAAAAAGTGCCCTTG_004,80
GCTGAGAAAAAGTGCCCTTG_005,171
GCTGAGAAAAAGTGCCCTTG_006,129
GCTGAGAAAAAGTGCCCTTG_007,134
GCTGAGAAAAAGTGCCCTTG_008,92
GCTGAGAAAAAGTGCCCTTG_009,177
GCTGAGAAAAAGTGCCCTTG_010,21
GCTGAGAAAAAGTGCCCTTG_011,119
GCTGAGAAAAAGTGCCCTTG_012,12
GCTGAGAAAAAGTGCCCTTG_013,16
GCTGAGAAAAAGTGCCCTTG_014,185
GCTGAGAAAAAGTGCCCTTG_015,119
GCTGAGAAAAAGTGCCCTTG_016,157
GCTGAGAAAAAGTGCCCTTG_017,144
GCTGAGAAAAAGTGCCCTTG_018,114
GCTGAGAAAAAGTGCCCTTG_019,49
GCTGAGAAAAAGTGCCCTTG_020,1
GCTGAGAAAAAGTGCCCTTG_021,39
GCTGAGAAAAAGTGCCCTTG_022,39
GCTGAGAAAAAGTGCCCTTG_023,57
GCTGAGAAAAAGTGCCCTTG_024,101
AATATCTCTCTCCGCCCGAG_001,163
AATATCTCTCTCCGCCCGAG_002,65
AATATCTCTCTCCGCCCGAG_003,17
GGTCGGAGAGATCTTCTCGG_001,53
GGTCGGAGAGATCTTCTCGG_002,119
GGTCGGAGAGATCTTCTCGG_003,12
GGTCGGAGAGATCTTCTCGG_004,78
GGTCGGAGAGATCTTCTCGG_005,177
GGTCGGAGAGATCTTCTCGG_006,28
GGTCGGAGAGATCTTCTCGG_007,130
GGTCGGAGAGATCTTCTCGG_008,162
GGTCGGAGAGATCTTCTCGG_009,61
TCTTACCCACATATTCTGAG_001,119
TCTTACCCACATATTCTGAG_002,90
AGGACCCATGAAGCTAGGCA_001,191
AGGACCCATGAAGCTAGGCA_002,198
AGGACCCATGAAGCTAGGCA_003,9
AGGACCCATGAAGCTAGGCA_004,81
AGGACCCATGAAGCTAGGCA_005,169
AGGACCCATGAAGCTAGGCA_006,47
AGGACCCATGAAGCTAGGCA_007,113
AGGACCCATGAAGCTAGGCA_008,21
AGGACCCATGAAGCTAGGCA_009,68
AGGACCCATGAAGCTAGGCA_010,138
AGGACCCATGAAGCTAGGCA_011,34
AGGACCCATGAAGCTAGGCA_012,191
GATGGTTACGGGGATACCGG_001,122
GATGGTTACGGGGATACCGG_002,194
GATGGTTACGGGGATACCGG_003,76
GATGGTTACGGGGATACCGG_004,6
GATGGTTACGGGGATACCGG_005,48
GATGGTTACGGGGATACCGG_006,2
GATGGTTACGGGGATACCGG_007,12
GATGGTTACGGGGATACCGG_008,8
GATGGTTACGGGGATACCGG_009,29
GATGGTTACGGGGATACCGG_010,149
GATGGTTACGGGGATACCGG_011,127
GATGGTTACGGGGATACCGG_012,126
GATGGTTACGGGGATACCGG_013,77
GATGGTTACGGGGATACCGG_014,98
GATGGTTACGGGGATACCGG_015,155
GATGGTTACGGGGATACCGG_016,61
GATGGTTACGGGGATACCGG_017,190
GATGGTTACGGGGATACCGG_018,77
GATGGTTACGGGGATACCGG_019,94
GATGGTTACGGGGATACCGG_020,127
GATGGTTACGGGGATACCGG_021,49
GATGGTTACGGGGATACCGG_022,188
GATGGTTACGGGGATACCGG_023,50
GATGGTTACGGGGATACCGG_024,57
GATGGTTACGGGGATACCGG_025,182
GATGGTTACGGGGATACCGG_026,69
GATGGTTACGGGGATACCGG_027,138
GATGGTTACGGGGATACCGG_028,10
CTGCTGTGATCCATACTCGG_001,48
CTGCTGTGATCCATACTCGG_002,115
CTGCTGTGATCCATACTCGG_003,156
CTGCTGTGATCCATACTCGG_004,96
CTGCTGTGATCCATACTCGG_005,3
CTGCTGTGATCCATACTCGG_006,19
CTGCTGTGATCCATACTCGG_007,177
GCCAGCACTACAAGCCCGAG_001,96
GCCAGCACTACAAGCCCGAG_002,17
GCCAGCACTACAAGCCCGAG_003,94
GCCAGCACTACAAGCCCGAG_004,2
GCCAGCACTACAAGCCCGAG_005,113
GCCAGCACTACAAGCCCGAG_006,126
GCCAGCACTACAAGCCCGAG_007,177
GCCAGCACTACAAGCCCGAG_008,84
GGCTGTTACAAGAACAGCGC_001,9
GGCTGTTACAAGAACAGCGC_002,149
GGCTGTTACAAGAACAGCGC_003,77
GGCTGTTACAAGAACAGCGC_004,41
GGCTGTTACAAGAACAGCGC_005,166
GGCTGTTACAAGAACAGCGC_006,142
GGCTGTTACAAGAACAGCGC_007,35
GGCTGTTACAAGAACAGCGC_008,120
GGGCTGCATCTGCACCAATG_001,63
GGGCTGCATCTGCACCAATG_002,27
GGGCTGCATCTGCACCAATG_003,121
GGGCTGCATCTGCACCAATG_004,174
GGGCTGCATCTGCACCAATG_005,134
GGGCTGCATCTGCACCAATG_006,83
GGGCTGCATCTGCACCAATG_007,178
GGGCTGCATCTGCACCAATG_008,156
GGGCTGCATCTGCACCAATG_009,13
GGGCTGCATCTGCACCAATG_010,144
TGCCGGGCAGGGGTCCCATG_001,116
TGCCGGGCAGGGGTCCCATG_002,121
TGCCGGGCAGGGGTCCCATG_003,6
TGCCGGGCAGGGGTCCCATG_004,47
TGCCGGGCAGGGGTCCCATG_005,137
TGCCGGGCAGGGGTCCCATG_006,162
CTGAAGCACGACGTCCTGTG_001,12
CTGAAGCACGACGTCCTGTG_002,147
CTGAAGCACGACGTCCTGTG_003,141
CTGAAGCACGACGTCCTGTG_004,133
CTGAAGCACGACGTCCTGTG_005,105
GGGTACTTTGTATAGACTAG_001,187
GGGTACTTTGTATAGACTAG_002,12
GGGTACTTTGTATAGACTAG_003,136
AGCAGAGCCTCAAAAGGCTG_001,168
AGCAGAGCCTCAAAAGGCTG_002,116
AGCAGAGCCTCAAAAGGCTG_003,65
AGCAGAGCCTCAAAAGGCTG_004,186
AGCAGAGCCTCAAAAGGCTG_005,124
AGCAGAGCCTCAAAAGGCTG_006,107
AGCAGAGCCTCAAAAGGCTG_007,169
AGCAGAGCCTCAAAAGGCTG_008,165
AGTGCCTAACAGAAGTTGCG_001,170
AGTGCCTAACAGAAGTTGCG_002,35
AGTGCCTAACAGAAGTTGCG_003,7
AGTGCCTAACAGAAGTTGCG_004,189
AGTGCCTAACAGAAGTTGCG_005,48
AGTGCCTAACAGAAGTTGCG_006,171
AGTGCCTAACAGAAGTTGCG_007,125
AGTGCCTAACAGAAGTTGCG_008,68
AGTGCCTAACAGAAGTTGCG_009,175
AGTGCCTAACAGAAGTTGCG_010,44
AGTGCCTAACAGAAGTTGCG_011,52
AGTGCCTAACAGAAGTTGCG_012,10
AGTGCCTAACAGAAGTTGCG_013,77
AGTGCCTAACAGAAGTTGCG_014,66
TTGCACAGATCTGGGAGTAT_001,76
TTGCACAGATCTGGGAGTAT_002,103
TTGCACAGATCTGGGAGTAT_003,43
TTGCACAGATCTGGGAGTAT_004,150
TTGCACAGATCTGGGAGTAT_005,41
TTGCACAGATCTGGGAGTAT_006,77
TTGCACAGATCTGGGAGTAT_007,78
TTGCACAGATCTGGGAGTAT_008,9
TTGCACAGATCTGGGAGTAT_009,141
TTGCACAGATCTGGGAGTAT_010,194
TTGCACAGATCTGGGAGTAT_011,72
TTGCACAGATCTGGGAGTAT_012,164
TTGCACAGATCTGGGAGTAT_013,84
TTGCACAGATCTGGGAGTAT_014,107
TTGCACAGATCTGGGAGTAT_015,83
TTGCACAGATCTGGGAGTAT_016,177
TTGCACAGATCTGGGAGTAT_017,70
TTGCACAGATCTGGGAGTAT_018,139
TTGCACAGATCTGGGAGTAT_019,76
TTGCACAGATCTGGGAGTAT_020,127
TTGCACAGATCTGGGAGTAT_021,162
CAGCGGGACCTACACGTGTG_001,2
CAGCGGGACCTACACGTGTG_002,78
CAGCGGGACCTACACGTGTG_003,123
CAGCGGGACCTACACGTGTG_004,77
CAGCGGGACCTACACGTGTG_005,38
CAGCGGGACCTACACGTGTG_006,98
CAGCGGGACCTACACGTGTG_007,130
CAGCGGGACCTACACGTGTG_008,34
CAGCGGGACCTACACGTGTG_009,168
CAGCGGGACCTACACGTGTG_010,184
CAGCGGGACCTACACGTGTG_011,31
CAGCGGGACCTACACGTGTG_012,86
CAGCGGGACCTACACGTGTG_013,56
CAGCGGGACCTACACGTGTG_014,72
CAGCGGGACCTACACGTGTG_015,5
CAGCGGGACCTACACGTGTG_016,52
TAATACGGTCTAAGAATACC_001,115
TTGTCGTGGACGCAGAACTG_001,184
TTGTCGTGGACGCAGAACTG_002,38
TTGTCGTGGACGCAGAACTG_003,169
TTGTCGTGGACGCAGAACTG_004,105
TTGTCGTGGACGCAGAACTG_005,35
TTGTCGTGGACGCAGAACTG_006,44
TTGTCGTGGACGCAGAACTG_007,153
TTGTCGTGGACGCAGAACTG_008,5
TTGTCGTGGACGCAGAACTG_009,162
TTGTCGTGGACGCAGAACTG_010,197
ATTTCATGAGGCCCGCAGAA_001,77
ATTTCATGAGGCCCGCAGAA_002,82
ATTTCATGAGGCCCGCAGAA_003,138
ATTTCATGAGGCCCGCAGAA_004,104
ATTTCATGAGGCCCGCAGAA_005,121
ATTTCATGAGGCCCGCAGAA_006,16
ATTTCATGAGGCCCGCAGAA_007,16
ATTTCATGAGGCCCGCAGAA_008,62
ATTTCATGAGGCCCGCAGAA_009,13
GTACTTGCTCGGATCCACAC_001,32
GTACTTGCTCGGATCCACAC_002,182
GTACTTGCTCGGATCCACAC_003,126
GTACTTGCTCGGATCCACAC_004,111
GTACTTGCTCGGATCCACAC_005,111
GTACTTGCTCGGATCCACAC_006,68
GTACTTGCTCGGATCCACAC_007,41
GTACTTGCTCGGATCCACAC_008,199
GTACTTGCTCGGATCCACAC_009,95
GTACTTGCTCGGATCCACAC_010,19
GTACTTGCTCGGATCCACAC_011,170
GTACTTGCTCGGATCCACAC_012,176
GTACTTGCTCGGATCCACAC_013,27
GTACTTGCTCGGATCCACAC_014,2
GTACTTGCTCGGATCCACAC_015,191
GTACTTGCTCGGATCCACAC_016,81
GTACTTGCTCGGATCCACAC_017,49
GTACTTGCTCGGATCCACAC_018,197
TATAGTTTGGGATCTCCCCG_001,169
TATAGTTTGGGATCTCCCCG_002,9
TATAGTTTGGGATCTCCCCG_003,50
TATAGTTTGGGATCTCCCCG_004,25
TATAGTTTGGGATCTCCCCG_005,73
TATAGTTTGGGATCTCCCCG_006,159
TATAGTTTGGGATCTCCCCG_007,142
TATGCTTGTAATCTGCAAGG_001,23
TATGCTTGTAATCTGCAAGG_002,144
TATGCTTGTAATCTGCAAGG_003,117
TATGCTTGTAATCTGCAAGG_004,141
AAGGAAGCTCACTAGCGTGG_001,100
AAGGAAGCTCACTAGCGTGG_002,2
AAGGAAGCTCACTAGCGTGG_003,103
AAGGAAGCTCACTAGCGTGG_004,41
AAGGAAGCTCACTAGCGTGG_005,103
AAGGAAGCTCACTAGCGTGG_006,73
CTACGACCCTTTATATTGTG_001,58
CTACGACCCTTTATATTGTG_002,168
GTGAGCAACCATGATCACTG_001,107
GTGAGCAACCATGATCACTG_002,29
GTGAGCAACCATGATCACTG_003,121
GTGAGCAACCATGATCACTG_004,70
GTGAGCAACCATGATCACTG_005,1
GTGAGCAACCATGATCACTG_006,88
GTGAGCAACCATGATCACTG_007,176
GTGAGCAACCATGATCACTG_008,141
GTGAGCAACCATGATCACTG_009,82
GTGAGCAACCATGATCACTG_010,141
GTGAGCAACCATGATCACTG_011,68
GTGAGCAACCATGATCACTG_012,61
GTGAGCAACCATGATCACTG_013,11
GTGAGCAACCATGATCACTG_014,91
TGCATCGACGGACAGCCATG_001,144
TGCATCGACGGACAGCCATG_002,94
TGCATCGACGGACAGCCATG_003,158
TGCATCGACGGACAGCCATG_004,8
TGCATCGACGGACAGCCATG_005,18
TGCATCGACGGACAGCCATG_006,50
TGCATCGACGGACAGCCATG_007,19
TGCATCGACGGACAGCCATG_008,102
TGCATCGACGGACAGCCATG_009,15
TGCATCGACGGACAGCCATG_010,49
TGCATCGACGGACAGCCATG_011,63
TGCATCGACGGACAGCCATG_012,115
TGCATCGACGGACAGCCATG_013,134
TGCATCGACGGACAGCCATG_014,91
TGCATCGACGGACAGCCATG_015,61
TGCATCGACGGACAGCCATG_016,184
TGCATCGACGGACAGCCATG_017,95
TGCATCGACGGACAGCCATG_018,81
TGCATCGACGGACAGCCATG_019,78
TGCATCGACGGACAGCCATG_020,168
TGCATCGACGGACAGCCATG_021,40
TGCATCGACGGACAGCCATG_022,81
TGCATCGACGGACAGCCATG_023,119
TGCATCGACGGACAGCCATG_024,175
TGCATCGACGGACAGCCATG_025,2
TGCATCGACGGACAGCCATG_026,148
TGCATCGACGGACAGCCATG_027,88
TGCATCGACGGACAGCCATG_028,113
TGCATCGACGGACAGCCATG_029,61
TGCATCGACGGACAGCCATG_030,50
TGCATCGACGGACAGCCATG_031,160
TGCATCGACGGACAGCCATG_032,185
TGCATCGACGGACAGCCATG_033,10
TGCATCGACGGACAGCCATG_034,3
TGGGCGAAGAGTCTCCTCTG_001,95
TGGGCGAAGAGTCTCCTCTG_002,24
TGGGCGAAGAGTCTCCTCTG_003,8
TGGGCGAAGAGTCTCCTCTG_004,110
TGGGCGAAGAGTCTCCTCTG_005,110
CTGCACGGAAAACTATCTGA_001,98
CTGCACGGAAAACTATCTGA_002,27
CTGCACGGAAAACTATCTGA_003,94
CTGCACGGAAAACTATCTGA_004,72
CTGCACGGAAAACTATCTGA_005,136
CTGCACGGAAAACTATCTGA_006,88
CTGCACGGAAAACTATCTGA_007,1
CTGCACGGAAAACTATCTGA_008,193
CTGCACGGAAAACTATCTGA_009,133
CTGCACGGAAAACTATCTGA_010,15
CTGCACGGAAAACTATCTGA_011,10
CTGCACGGAAAACTATCTGA_012,27
CTGCACGGAAAACTATCTGA_013,168
ACTGGTACCGTCCCACAGTG_001,91
ACTGGTACCGTCCCACAGTG_002,77
ACTGGTACCGTCCCACAGTG_003,29
ACTGGTACCGTCCCACAGTG_004,66
ACTGGTACCGTCCCACAGTG_005,76
ACTGGTACCGTCCCACAGTG_006,3
ACTGGTACCGTCCCACAGTG_007,138
CTGGAAGTCGGGGTACTCAA_001,88
CTGGAAGTCGGGGTACTCAA_002,119
CTGGAAGTCGGGGTACTCAA_003,123
CTGGAAGTCGGGGTACTCAA_004,198
CTGGAAGTCGGGGTACTCAA_005,117
CTGGAAGTCGGGGTACTCAA_006,175
CTGGAAGTCGGGGTACTCAA_007,137
CTGGAAGTCGGGGTACTCAA_008,111
CTGGAAGTCGGGGTACTCAA_009,69
CTGGAAGTCGGGGTACTCAA_010,34
CTGGAAGTCGGGGTACTCAA_011,102
CTGGAAGTCGGGGTACTCAA_012,166
GAATCCCCTGGAAAAACGTA_001,60
GAATCCCCTGGAAAAACGTA_002,2
GAATCCCCTGGAAAAACGTA_003,83
GAATCCCCTGGAAAAACGTA_004,63
GATATCGGGTCAGAGAGCCA_001,76
GATATCGGGTCAGAGAGCCA_002,176
GATATCGGGTCAGAGAGCCA_003,130
GATATCGGGTCAGAGAGCCA_004,35
GATATCGGGTCAGAGAGCCA_005,153
GATATCGGGTCAGAGAGCCA_006,12
GATATCGGGTCAGAGAGCCA_007,153
GGGCCAGCTCAGTGCGCTCG_001,2
GGGCCAGCTCAGTGCGCTCG_002,143
GGGCCAGCTCAGTGCGCTCG_003,71
GGGCCAGCTCAGTGCGCTCG_004,142
GGGCCAGCTCAGTGCGCTCG_005,188
GGGCCAGCTCAGTGCGCTCG_006,150
GGGCCAGCTCAGTGCGCTCG_007,1
GGGCCAGCTCAGTGCGCTCG_008,185
GGGCCAGCTCAGTGCGCTCG_009,26
GGGCCAGCTCAGTGCGCTCG_010,171
GGGCCAGCTCAGTGCGCTCG_011,136
GGGCCAGCTCAGTGCGCTCG_012,26
GGGCCAGCTCAGTGCGCTCG_013,112
GGGCCAGCTCAGTGCGCTCG_014,8
GGGCCAGCTCAGTGCGCTCG_015,26
GGGCCAGCTCAGTGCGCTCG_016,83
GGGCCAGCTCAGTGCGCTCG_017,172
GGGCCAGCTCAGTGCGCTCG_018,108
GGGCCAGCTCAGTGCGCTCG_019,88
GGGCCAGCTCAGTGCGCTCG_020,162
TACCACATCCACTCTAAGCA_001,18
TACCACATCCACTCTAAGCA_002,100
TACCACATCCACTCTAAGCA_003,88
TACCACATCCACTCTAAGCA_004,57
TACCACATCCACTCTAAGCA_005,189
TACCACATCCACTCTAAGCA_006,70
TACCACATCCACTCTAAGCA_007,18
TACCACATCCACTCTAAGCA_008,121
TACCACATCCACTCTAAGCA_009,110
TACCACATCCACTCTAAGCA_010,140
TACCACATCCACTCTAAGCA_011,41
TACCACATCCACTCTAAGCA_012,60
TACCACATCCACTCTAAGCA_013,34
GAGTGTCGTGGCCATAAGAG_001,1
GAGTGTCGTGGCCATAAGAG_002,48
GAGTGTCGTGGCCATAAGAG_003,78
GAGTGTCGTGGCCATAAGAG_004,29
GAGTGTCGTGGCCATAAGAG_005,130
GAGTGTCGTGGCCATAAGAG_006,113
GAGTGTCGTGGCCATAAGAG_007,80
TCTTCTAATATGAACATCAG_001,60
TCTTCTAATATGAACATCAG_002,29
AAAAATCGATGGGACAACTG_001,137
AAAAATCGATGGGACAACTG_002,191
AAAAATCGATGGGACAACTG_003,75
AAAAATCGATGGGACAACTG_004,17
AAAAATCGATGGGACAACTG_005,88
AAAAATCGATGGGACAACTG_006,12
AAAAATCGATGGGACAACTG_007,117
TGTTCATACCGAATTCACAA_001,94
TGTTCATACCGAATTCACAA_002,142
TGTTCATACCGAATTCACAA_003,187
TGTTCATACCGAATTCACAA_004,109
ACGTTCACCCGTCACTAGTG_001,197
ACGTTCACCCGTCACTAGTG_002,78
ACGTTCACCCGTCACTAGTG_003,35
ACGTTCACCCGTCACTAGTG_004,124
ACGTTCACCCGTCACTAGTG_005,158
ACGTTCACCCGTCACTAGTG_006,199
ACGTTCACCCGTCACTAGTG_007,154
ACGTTCACCCGTCACTAGTG_008,154
ACGTTCACCCGTCACTAGTG_009,36
ACGTTCACCCGTCACTAGTG_010,78
ACGTTCACCCGTCACTAGTG_011,48
ACGTTCACCCGTCACTAGTG_012,105
ACGTTCACCCGTCACTAGTG_013,94
ACGTTCACCCGTCACTAGTG_014,67
ACGTTCACCCGTCACTAGTG_015,13
ACGTTCACCCGTCACTAGTG_016,89
ACGTTCACCCGTCACTAGTG_017,103
ACGTTCACCCGTCACTAGTG_018,82
ACGTTCACCCGTCACTAGTG_019,140
ACGTTCACCCGTCACTAGTG_020,139
ACGTTCACCCGTCACTAGTG_021,57
ACGTTCACCCGTCACTAGTG_022,8
ACGTTCACCCGTCACTAGTG_023,187
ACGTTCACCCGTCACTAGTG_024,188
ACGTTCACCCGTCACTAGTG_025,52
ACGTTCACCCGTCACTAGTG_026,62
ACGTTCACCCGTCACTAGTG_027,179
ACGTTCACCCGTCACTAGTG_028,151
ACGTTCACCCGTCACTAGTG_029,139
ACGTTCACCCGTCACTAGTG_030,3
ACGTTCACCCGTCACTAGTG_031,48
ACGTTCACCCGTCACTAGTG_032,187
ACGTTCACCCGTCACTAGTG_033,17
CCTATTAAAGAGGAACCCTG_001,19
CCTATTAAAGAGGAACCCTG_002,20
CCTATTAAAGAGGAACCCTG_003,129
CCTATTAAAGAGGAACCCTG_004,133
CCTATTAAAGAGGAACCCTG_005,190
CCTATTAAAGAGGAACCCTG_006,190
CCTATTAAAGAGGAACCCTG_007,158
CCTATTAAAGAGGAACCCTG_008,67
CCTATTAAAGAGGAACCCTG_009,160
CCTATTAAAGAGGAACCCTG_010,145
CCTATTAAAGAGGAACCCTG_011,132
CCTATTAAAGAGGAACCCTG_012,149
CCTATTAAAGAGGAACCCTG_013,13
CCTATTAAAGAGGAACCCTG_014,12
CCTATTAAAGAGGAACCCTG_015,149
CCTATTAAAGAGGAACCCTG_016,175
CCTATTAAAGAGGAACCCTG_017,56
CCTATTAAAGAGGAACCCTG_018,2
CCTATTAAAGAGGAACCCTG_019,141
CCTATTAAAGAGGAACCCTG_020,0
CCTATTAAAGAGGAACCCTG_021,58
CCTATTAAAGAGGAACCCTG_022,57
CCTATTAAAGAGGAACCCTG_023,193
CCTATTAAAGAGGAACCCTG_024,63
CACACGGTTCTTCTAGACTG_001,57
CACACGGTTCTTCTAGACTG_002,42
CACACGGTTCTTCTAGACTG_003,184
CACACGGTTCTTCTAGACTG_004,77
CACACGGTTCTTCTAGACTG_005,15
CACACGGTTCTTCTAGACTG_006,81
CACACGGTTCTTCTAGACTG_007,44
CACACGGTTCTTCTAGACTG_008,83
CACACGGTTCTTCTAGACTG_009,159
CACACGGTTCTTCTAGACTG_010,139
CACACGGTTCTTCTAGACTG_011,137
CACACGGTTCTTCTAGACTG_012,149
CACACGGTTCTTCTAGACTG_013,182
CAGGCTTACCAGACACGCTG_001,43
CAGGCTTACCAGACACGCTG_002,8
CAGGCTTACCAGACACGCTG_003,55
CAGGCTTACCAGACACGCTG_004,7
CAGGCTTACCAGACACGCTG_005,118
CAGGCTTACCAGACACGCTG_006,62
CAGGCTTACCAGACACGCTG_007,56
CAGGCTTACCAGACACGCTG_008,37
CAGGCTTACCAGACACGCTG_009,48
CAGGCTTACCAGACACGCTG_010,170
CAGGCTTACCAGACACGCTG_011,34
GTGCTGACACTGATGAACGG_001,106
GTGCTGACACTGATGAACGG_002,94
GTGCTGACACTGATGAACGG_003,13
GTGCTGACACTGATGAACGG_004,166
GTGCTGACACTGATGAACGG_005,185
GTGCTGACACTGATGAACGG_006,151
GTGCTGACACTGATGAACGG_007,72
GTGCTGACACTGATGAACGG_008,12
GTGCTGACACTGATGAACGG_009,105
GTGCTGACACTGATGAACGG_010,124
TACCATCAAAAGCCTCGCCA_001,189
TACCATCAAAAGCCTCGCCA_002,161
TACCATCAAAAGCCTCGCCA_003,131
TACCATCAAAAGCCTCGCCA_004,8
TACCATCAAAAGCCTCGCCA_005,98
TACCATCAAAAGCCTCGCCA_006,127
TACCATCAAAAGCCTCGCCA_007,61
TACCATCAAAAGCCTCGCCA_008,12
TACCATCAAAAGCCTCGCCA_009,4
TACCATCAAAAGCCTCGCCA_010,104
TACCATCAAAAGCCTCGCCA_011,84
TGTTCTACTTTCGAAGTTAA_001,174
TGTTCTACTTTCGAAGTTAA_002,14
AATTGCACGTCAAACTGCCG_001,116
AATTGCACGTCAAACTGCCG_002,42
AATTGCACGTCAAACTGCCG_003,170
AATTGCACGTCAAACTGCCG_004,62
AATTGCACGTCAAACTGCCG_005,86
AATTGCACGTCAAACTGCCG_006,199
AATTGCACGTCAAACTGCCG_007,40
AATTGCACGTCAAACTGCCG_008,157
AATTGCACGTCAAACTGCCG_009,42
AATTGCACGTCAAACTGCCG_010,118
CTGCTCTTCGCACAGAAGAG_001,116
CTGCTCTTCGCACAGAAGAG_002,121
GCAGTCAAATAAAGTGCCCG_001,29
GCAGTCAAATAAAGTGCCCG_002,187
GCAGTCAAATAAAGTGCCCG_003,88
GCAGTCAAATAAAGTGCCCG_004,0
GCAGTCAAATAAAGTGCCCG_005,126
CATACACCCAACAGTACTGC_001,55
CATACACCCAACAGTACTGC_002,48
TTACAACTTATTTGCCACAC_001,63
ACGTGCCTTATGTCCTCATA_001,160
ACGTGCCTTATGTCCTCATA_002,94
ACGTGCCTTATGTCCTCATA_003,13
ACGTGCCTTATGTCCTCATA_004,1
GCCGCATGAAACCCACAGTG_001,153
GCCGCATGAAACCCACAGTG_002,38
GCCGCATGAAACCCACAGTG_003,150
GCCGCATGAAACCCACAGTG_004,13
GCCGCATGAAACCCACAGTG_005,32
GCCGCATGAAACCCACAGTG_006,17
GCCGCATGAAACCCACAGTG_007,62
GCCGCATGAAACCCACAGTG_008,88
GCCGCATGAAACCCACAGTG_009,9
GCCGCATGAAACCCACAGTG_010,107
GCCGCATGAAACCCACAGTG_011,5
GCCGCATGAAACCCACAGTG_012,117
GCCGCATGAAACCCACAGTG_013,105
GCCGCATGAAACCCACAGTG_014,160
TGGTCCACTTCCACGTCATG_001,154
TGGTCCACTTCCACGTCATG_002,29
TGGTCCACTTCCACGTCATG_003,60
GGAAAGGATGTGGAAACACG_001,117
GGAAAGGATGTGGAAACACG_002,48
GGAAAGGATGTGGAAACACG_003,1
GGAAAGGATGTGGAAACACG_004,16
GGAAAGGATGTGGAAACACG_005,58
GGAAAGGATGTGGAAACACG_006,91
GGAAAGGATGTGGAAACACG_007,70
GGAAAGGATGTGGAAACACG_008,127
GGAAAGGATGTGGAAACACG_009,70
GGAAAGGATGTGGAAACACG_010,0
GGAAAGGATGTGGAAACACG_011,35
AAGATGGTGCGACTCCGGCG_001,132
AAGATGGTGCGACTCCGGCG_002,65
AAGATGGTGCGACTCCGGCG_003,193
AAGATGGTGCGACTCCGGCG_004,7
AAGATGGTGCGACTCCGGCG_005,125
AAGATGGTGCGACTCCGGCG_006,108
AAGATGGTGCGACTCCGGCG_007,141
AAGATGGTGCGACTCCGGCG_008,130
AAGATGGTGCGACTCCGGCG_009,2
AAGATGGTGCGACTCCGGCG_010,13
AAGATGGTGCGACTCCGGCG_011,23
AAGATGGTGCGACTCCGGCG_012,105
AAGATGGTGCGACTCCGGCG_013,150
AAGATGGTGCGACTCCGGCG_014,116
AAGATGGTGCGACTCCGGCG_015,40
AAGATGGTGCGACTCCGGCG_016,9
AAGATGGTGCGACTCCGGCG_017,68
AAGATGGTGCGACTCCGGCG_018,137
AAGATGGTGCGACTCCGGCG_019,10
AAGATGGTGCGACTCCGGCG_020,149
AAGATGGTGCGACTCCGGCG_021,66
AAGATGGTGCGACTCCGGCG_022,0
AAGATGGTGCGACTCCGGCG_023,137
CTGGGCGTACATCACCTCGA_001,158
CTGGGCGTACATCACCTCGA_002,175
GCCTGTCACTGACTTGCCCA_001,82
GCCTGTCACTGACTTGCCCA_002,189
GCCTGTCACTGACTTGCCCA_003,36
GCCTGTCACTGACTTGCCCA_004,47
GCCTGTCACTGACTTGCCCA_005,181
GCCTGTCACTGACTTGCCCA_006,76
GCCTGTCACTGACTTGCCCA_007,60
GCCTGTCACTGACTTGCCCA_008,79
GCCTGTCACTGACTTGCCCA_009,166
GCCTGTCACTGACTTGCCCA_010,34
GCCTGTCACTGACTTGCCCA_011,79
GTTTCTGTAAAGGATCTAAG_001,28
GTTTCTGTAAAGGATCTAAG_002,85
GTTTCTGTAAAGGATCTAAG_003,72
GTTTCTGTAAAGGATCTAAG_004,78
GTTTCTGTAAAGGATCTAAG_005,144
GGTACCTGCTATTAGTAACG_001,108
GGTACCTGCTATTAGTAACG_002,168
GGTACCTGCTATTAGTAACG_003,116
GGTACCTGCTATTAGTAACG_004,150
AAGACGAGTTCATTGTGGAG_001,23
AAGACGAGTTCATTGTGGAG_002,138
AAGACGAGTTCATTGTGGAG_003,81
AAGACGAGTTCATTGTGGAG_004,186
AAGACGAGTTCATTGTGGAG_005,147
AAGACGAGTTCATTGTGGAG_006,182
AAGACGAGTTCATTGTGGAG_007,54
AAGACGAGTTCATTGTGGAG_008,60
AAGACGAGTTCATTGTGGAG_009,193
AAGACGAGTTCATTGTGGAG_010,194
AAGACGAGTTCATTGTGGAG_011,15
AAGACGAGTTCATTGTGGAG_012,91
AAGACGAGTTCATTGTGGAG_013,61
AAGACGAGTTCATTGTGGAG_014,68
AAGACGAGTTCATTGTGGAG_015,146
AAGACGAGTTCATTGTGGAG_016,1
AAGACGAGTTCATTGTGGAG_017,158
AAGACGAGTTCATTGTGGAG_018,121
AAGACGAGTTCATTGTGGAG_019,40
AAGACGAGTTCATTGTGGAG_020,40
CAATAAAGAAGACAGCACGT_001,191
CAATAAAGAAGACAGCACGT_002,166
TGGCGAGGGTCTCACGTCGT_001,102
TGGCGAGGGTCTCACGTCGT_002,49
TGGCGAGGGTCTCACGTCGT_003,152
TGGCGAGGGTCTCACGTCGT_004,121
TGGCGAGGGTCTCACGTCGT_005,145
TGGCGAGGGTCTCACGTCGT_006,50
TGGCGAGGGTCTCACGTCGT_007,163
TGGCGAGGGTCTCACGTCGT_008,178
TGGCGAGGGTCTCACGTCGT_009,171
ATGGACGAGAAGTACTAGGA_001,8
ATGGACGAGAAGTACTAGGA_002,115
ATGGACGAGAAGTACTAGGA_003,144
ATGGACGAGAAGTACTAGGA_004,17
ATGGACGAGAAGTACTAGGA_005,119
ATGGACGAGAAGTACTAGGA_006,92
ATGGACGAGAAGTACTAGGA_007,139
ATGGACGAGAAGTACTAGGA_008,188
ATGGACGAGAAGTACTAGGA_009,34
ATGGACGAGAAGTACTAGGA_010,128
ATGGACGAGAAGTACTAGGA_011,179
ATGGACGAGAAGTACTAGGA_012,198
ATGGACGAGAAGTACTAGGA_013,141
ATGGACGAGAAGTACTAGGA_014,165
ATGGACGAGAAGTACTAGGA_015,13
ATGGACGAGAAGTACTAGGA_016,124
ATGGACGAGAAGTACTAGGA_017,192
ATGGACGAGAAGTACTAGGA_018,179
ATGGACGAGAAGTACTAGGA_019,150
ATGGACGAGAAGTACTAGGA_020,68
ATGGACGAGAAGTACTAGGA_021,47
ATGGACGAGAAGTACTAGGA_022,50
ATGGACGAGAAGTACTAGGA_023,6
ATGGACGAGAAGTACTAGGA_024,50
ATGGACGAGAAGTACTAGGA_025,114
ATGGACGAGAAGTACTAGGA_026,134
ATGGACGAGAAGTACTAGGA_027,191
ATGGACGAGAAGTACTAGGA_028,63
ATGGACGAGAAGTACTAGGA_029,35
GAAGCTAACACCTTACACGG_001,78
GAAGCTAACACCTTACACGG_002,15
GAAGCTAACACCTTACACGG_003,146
GAAGCTAACACCTTACACGG_004,66
GAAGCTAACACCTTACACGG_005,40
GAAGCTAACACCTTACACGG_006,79
GAAGCTAACACCTTACACGG_007,165
GAAGCTAACACCTTACACGG_008,103
GAAGCTAACACCTTACACGG_009,140
GAAGCTAACACCTTACACGG_010,183
GAAGCTAACACCTTACACGG_011,58
GAAGCTAACACCTTACACGG_012,180
GAAGCTAACACCTTACACGG_013,185
GAAGCTAACACCTTACACGG_014,55
GAAGCTAACACCTTACACGG_015,175
GAAGCTAACACCTTACACGG_016,75
GAAGCTAACACCTTACACGG_017,68
TATAGTTAACATTCATGTCA_001,23
TATAGTTAACATTCATGTCA_002,68
TATAGTTAACATTCATGTCA_003,145
TATAGTTAACATTCATGTCA_004,19
ATCACCACAGCCTATTATCG_001,58
ATCACCACAGCCTATTATCG_002,127
ATCACCACAGCCTATTATCG_003,136
ATCACCACAGCCTATTATCG_004,166
ATCACCACAGCCTATTATCG_005,98
GGCACTTGATGAACTCGAGG_001,29
GGCACTTGATGAACTCGAGG_002,134
GGCACTTGATGAACTCGAGG_003,129
GGCACTTGATGAACTCGAGG_004,11
GGCACTTGATGAACTCGAGG_005,27
GGCACTTGATGAACTCGAGG_006,20
GGCACTTGATGAACTCGAGG_007,75
GGCACTTGATGAACTCGAGG_008,88
GGCACTTGATGAACTCGAGG_009,108
GGCACTTGATGAACTCGAGG_010,7
GGCACTTGATGAACTCGAGG_011,175
GGCACTTGATGAACTCGAGG_012,166
GGCACTTGATGAACTCGAGG_013,14
GTGTTACGTATGTGATAATG_001,166
GTGTTACGTATGTGATAATG_002,113
GTGTTACGTATGTGATAATG_003,86
GTGTTACGTATGTGATAATG_004,148
GTGTTACGTATGTGATAATG_005,156
GTGTTACGTATGTGATAATG_006,156
GTGTTACGTATGTGATAATG_007,161
TGTCAGGTGCCTCTAAGCAG_001,172
TGTCAGGTGCCTCTAAGCAG_002,65
TGTCAGGTGCCTCTAAGCAG_003,129
TGTCAGGTGCCTCTAAGCAG_004,121
TGTCAGGTGCCTCTAAGCAG_005,114
TGTCAGGTGCCTCTAAGCAG_006,58
CCAGGAGTGCAGGAACCCAG_001,1
CCAGGAGTGCAGGAACCCAG_002,50
CCAGGAGTGCAGGAACCCAG_003,6
CCAGGAGTGCAGGAACCCAG_004,191
CCAGGAGTGCAGGAACCCAG_005,105
CCAGGAGTGCAGGAACCCAG_006,98
CCAGGAGTGCAGGAACCCAG_007,11
CCAGGAGTGCAGGAACCCAG_008,131
CCAGGAGTGCAGGAACCCAG_009,172
CTGATTGCCATGAATCTGGC_001,28
CTGATTGCCATGAATCTGGC_002,149
CTGATTGCCATGAATCTGGC_003,60
CTGATTGCCATGAATCTGGC_004,97
GCAGCCCGTAGAACCCACGC_001,134
GCAGCCCGTAGAACCCACGC_002,108
GCAGCCCGTAGAACCCACGC_003,6
GCAGCCCGTAGAACCCACGC_004,94
GCAGCCCGTAGAACCCACGC_005,106
GCAGCCCGTAGAACCCACGC_006,3
GCAGCCCGTAGAACCCACGC_007,51
GCAGCCCGTAGAACCCACGC_008,69
GGTGACCAAGGCCCAGAAGA_001,113
GGTGACCAAGGCCCAGAAGA_002,8
GGTGACCAAGGCCCAGAAGA_003,94
GGTGACCAAGGCCCAGAAGA_004,136
GTTGCTATGGAGCTGAGTGT_001,99
GTTGCTATGGAGCTGAGTGT_002,198
GTTGCTATGGAGCTGAGTGT_003,192
GTTGCTATGGAGCTGAGTGT_004,12
GTTGCTATGGAGCTGAGTGT_005,8
GTTGCTATGGAGCTGAGTGT_006,149
GTTGCTATGGAGCTGAGTGT_007,174
GTTGCTATGGAGCTGAGTGT_008,54
GTTGCTATGGAGCTGAGTGT_009,24
GTTGCTATGGAGCTGAGTGT_010,70
GTTGCTATGGAGCTGAGTGT_011,179
GTTGCTATGGAGCTGAGTGT_012,68
GTTGCTATGGAGCTGAGTGT_013,83
GTTGCTATGGAGCTGAGTGT_014,197
GTTGCTATGGAGCTGAGTGT_015,74
GTTGCTATGGAGCTGAGTGT_016,9
GTTGCTATGGAGCTGAGTGT_017,34
GTTGCTATGGAGCTGAGTGT_018,68
GTTGCTATGGAGCTGAGTGT_019,99
GTTGCTATGGAGCTGAGTGT_020,90
GTTGCTATGGAGCTGAGTGT_021,6
TGAGGGTGGAAAGTTGGTGA_001,117
TGAGGGTGGAAAGTTGGTGA_002,144
TGAGGGTGGAAAGTTGGTGA_003,145
TGAGGGTGGAAAGTTGGTGA_004,20
TGAGGGTGGAAAGTTGGTGA_005,194
TGAGGGTGGAAAGTTGGTGA_006,146
TGAGGGTGGAAAGTTGGTGA_007,149
TGAGGGTGGAAAGTTGGTGA_008,149
TGAGGGTGGAAAGTTGGTGA_009,17
TGAGGGTGGAAAGTTGGTGA_010,42
TGAGGGTGGAAAGTTGGTGA_011,10
CCCACCTTGTTAGACACCTG_001,62
CCCACCTTGTTAGACACCTG_002,36
CCCACCTTGTTAGACACCTG_003,148
CCCACCTTGTTAGACACCTG_004,110
CCCACCTTGTTAGACACCTG_005,154
CCCACCTTGTTAGACACCTG_006,97
CCCACCTTGTTAGACACCTG_007,28
CGCAGGCCCACTCGTCTGCG_001,138
CGCAGGCCCACTCGTCTGCG_002,84
CGCAGGCCCACTCGTCTGCG_003,145
CGCAGGCCCACTCGTCTGCG_004,192
CGCAGGCCCACTCGTCTGCG_005,33
CGCAGGCCCACTCGTCTGCG_006,155
CGCAGGCCCACTCGTCTGCG_007,172
CGCAGGCCCACTCGTCTGCG_008,157
CGCAGGCCCACTCGTCTGCG_009,47
CGCAGGCCCACTCGTCTGCG_010,42
CGCAGGCCCACTCGTCTGCG_011,3
CGCAGGCCCACTCGTCTGCG_012,34
CGCAGGCCCACTCGTCTGCG_013,105
CGCAGGCCCACTCGTCTGCG_014,139
CGCAGGCCCACTCGTCTGCG_015,9
GATAAAATTCCCAGTCTTTG_001,15
ACTGTTGCAACAGGACCGTG_001,95
ACTGTTGCAACAGGACCGTG_002,63
ACTGTTGCAACAGGACCGTG_003,111
ACTGTTGCAACAGGACCGTG_004,102
ACTGTTGCAACAGGACCGTG_005,8
ACTGTTGCAACAGGACCGTG_006,128
ACTGTTGCAACAGGACCGTG_007,85
ACTGTTGCAACAGGACCGTG_008,48
ACTGTTGCAACAGGACCGTG_009,31
ACTGTTGCAACAGGACCGTG_010,158
ACTGTTGCAACAGGACCGTG_011,27
ACTGTTGCAACAGGACCGTG_012,159
ACTGTTGCAACAGGACCGTG_013,1
ACTGTTGCAACAGGACCGTG_014,171
ACTGTTGCAACAGGACCGTG_015,199
ACTGTTGCAACAGGACCGTG_016,46
ACTGTTGCAACAGGACCGTG_017,46
AGTAGCGGAAACGCGCCACG_001,84
AGTAGCGGAAACGCGCCACG_002,138
AGTAGCGGAAACGCGCCACG_003,172
AGTAGCGGAAACGCGCCACG_004,118
AGTAGCGGAAACGCGCCACG_005,56
AGTAGCGGAAACGCGCCACG_006,15
AGTAGCGGAAACGCGCCACG_007,103
AGTAGCGGAAACGCGCCACG_008,148
AGTAGCGGAAACGCGCCACG_009,154
AGTAGCGGAAACGCGCCACG_010,137
AGTAGCGGAAACGCGCCACG_011,120
AGTAGCGGAAACGCGCCACG_012,170
AGTAGCGGAAACGCGCCACG_013,11
AGTAGCGGAAACGCGCCACG_014,69
AGTAGCGGAAACGCGCCACG_015,168
AGTAGCGGAAACGCGCCACG_016,174
AGTAGCGGAAACGCGCCACG_017,29
AGTAGCGGAAACGCGCCACG_018,162
AGTAGCGGAAACGCGCCACG_019,5
AGTAGCGGAAACGCGCCACG_020,117
AGTAGCGGAAACGCGCCACG_021,170
AGTAGCGGAAACGCGCCACG_022,13
AGTAGCGGAAACGCGCCACG_023,169
AGTAGCGGAAACGCGCCACG_024,162
AGTAGCGGAAACGCGCCACG_025,102
AGTAGCGGAAACGCGCCACG_026,74
AGTAGCGGAAACGCGCCACG_027,126
AGTAGCGGAAACGCGCCACG_028,36
TGGAGTTGATCACAAGCCCA_001,153
TGGAGTTGATCACAAGCCCA_002,42
TGGAGTTGATCACAAGCCCA_003,75
TGGAGTTGATCACAAGCCCA_004,185
TGGAGTTGATCACAAGCCCA_005,9
TGGAGTTGATCACAAGCCCA_006,28
TGGAGTTGATCACAAGCCCA_007,168
TGGAGTTGATCACAAGCCCA_008,158
TGGAGTTGATCACAAGCCCA_009,88
GATGACCAAACCAGTGACAG_001,175
GATGACCAAACCAGTGACAG_002,113
GATGACCAAACCAGTGACAG_003,56
GATGACCAAACCAGTGACAG_004,175
GATGACCAAACCAGTGACAG_005,159
GATGACCAAACCAGTGACAG_006,122
GATGACCAAACCAGTGACAG_007,72
GATGACCAAACCAGTGACAG_008,76
GATGACCAAACCAGTGACAG_009,182
GATGACCAAACCAGTGACAG_010,81
GATGACCAAACCAGTGACAG_011,162
TGCCACGTGTGTGCCTACAA_001,53
TGCCACGTGTGTGCCTACAA_002,166
TGCCACGTGTGTGCCTACAA_003,48
TGCCACGTGTGTGCCTACAA_004,58
TGCCACGTGTGTGCCTACAA_005,106
TGCCACGTGTGTGCCTACAA_006,105
TGCCACGTGTGTGCCTACAA_007,199
TGCCACGTGTGTGCCTACAA_008,156
TGCCACGTGTGTGCCTACAA_009,179
TGCCACGTGTGTGCCTACAA_010,74
TGCCACGTGTGTGCCTACAA_011,174
TAGCTACATAGAAACAGCAT_001,125
TAGCTACATAGAAACAGCAT_002,141
TAGCTACATAGAAACAGCAT_003,173
TAGCTACATAGAAACAGCAT_004,36
CAGACCGGCCTTTCAAGCAG_001,96
CAGACCGGCCTTTCAAGCAG_002,187
CAGACCGGCCTTTCAAGCAG_003,10
TTGCAACGTTGTGTATCCAT_001,147
TTGCAACGTTGTGTATCCAT_002,169
TTGCAACGTTGTGTATCCAT_003,167
TTGCAACGTTGTGTATCCAT_004,28
ATACAGAAGACCCGTGACAG_001,24
ATACAGAAGACCCGTGACAG_002,115
ATACAGAAGACCCGTGACAG_003,170
ATACAGAAGACCCGTGACAG_004,103
ATACAGAAGACCCGTGACAG_005,168
ATACAGAAGACCCGTGACAG_006,78
ATACAGAAGACCCGTGACAG_007,170
ATACAGAAGACCCGTGACAG_008,50
ATACAGAAGACCCGTGACAG_009,10
ATACAGAAGACCCGTGACAG_010,91
ATACAGAAGACCCGTGACAG_011,104
ATACAGAAGACCCGTGACAG_012,128
ATACAGAAGACCCGTGACAG_013,37
ATACAGAAGACCCGTGACAG_014,170
ATACAGAAGACCCGTGACAG_015,40
ATACAGAAGACCCGTGACAG_016,82
ATACAGAAGACCCGTGACAG_017,102
GATACTGTGAAAGCATCATG_001,142
GATACTGTGAAAGCATCATG_002,169
GATACTGTGAAAGCATCATG_003,170
GATACTGTGAAAGCATCATG_004,57
GATACTGTGAAAGCATCATG_005,175
GATACTGTGAAAGCATCATG_006,182
GATACTGTGAAAGCATCATG_007,108
GATACTGTGAAAGCATCATG_008,145
GATACTGTGAAAGCATCATG_009,15
GAAACCCGAGAGCGCGCTCG_001,182
GAAACCCGAGAGCGCGCTCG_002,12
GAAACCCGAGAGCGCGCTCG_003,49
GAAACCCGAGAGCGCGCTCG_004,49
GAAACCCGAGAGCGCGCTCG_005,26
GAAACCCGAGAGCGCGCTCG_006,72
GAAACCCGAGAGCGCGCTCG_007,61
GAAACCCGAGAGCGCGCTCG_008,154
GAAACCCGAGAGCGCGCTCG_009,115
GAAACCCGAGAGCGCGCTCG_010,188
GCGTAGGCAATCTGGCGACG_001,15
GCGTAGGCAATCTGGCGACG_002,144
GCGTAGGCAATCTGGCGACG_003,195
GCGTAGGCAATCTGGCGACG_004,132
GCGTAGGCAATCTGGCGACG_005,49
GCGTAGGCAATCTGGCGACG_006,108
GCGTAGGCAATCTGGCGACG_007,9
CATGGGGAACTGTTTAGGGT_001,199
CATGGGGAACTGTTTAGGGT_002,127
CATGGGGAACTGTTTAGGGT_003,170
CATGGGGAACTGTTTAGGGT_004,26
CATGGGGAACTGTTTAGGGT_005,176
CATGGGGAACTGTTTAGGGT_006,102
CATGGGGAACTGTTTAGGGT_007,113
CATGGGGAACTGTTTAGGGT_008,86
CATGGGGAACTGTTTAGGGT_009,86
CATGGGGAACTGTTTAGGGT_010,86
CATGGGGAACTGTTTAGGGT_011,116
CATGGGGAACTGTTTAGGGT_012,146
CATGGGGAACTGTTTAGGGT_013,147
CATGGGGAACTGTTTAGGGT_014,56
CATGGGGAACTGTTTAGGGT_015,115
CATGGGGAACTGTTTAGGGT_016,17
CATGGGGAACTGTTTAGGGT_017,140
CATGGGGAACTGTTTAGGGT_018,58
CATGGGGAACTGTTTAGGGT_019,148
CATGGGGAACTGTTTAGGGT_020,162
CATGGGGAACTGTTTAGGGT_021,136
CATGGGGAACTGTTTAGGGT_022,128
CATGGGGAACTGTTTAGGGT_023,164
CATGGGGAACTGTTTAGGGT_024,142
CATGGGGAACTGTTTAGGGT_025,142
CATGGGGAACTGTTTAGGGT_026,186
CGGGAGCTGAGAGAAAGGCG_001,107
CGGGAGCTGAGAGAAAGGCG_002,32
CGGGAGCTGAGAGAAAGGCG_003,68
CGGGAGCTGAGAGAAAGGCG_004,174
CGGGAGCTGAGAGAAAGGCG_005,30
CGGGAGCTGAGAGAAAGGCG_006,80
CGGGAGCTGAGAGAAAGGCG_007,127
CGGGAGCTGAGAGAAAGGCG_008,158
CGGGAGCTGAGAGAAAGGCG_009,13
TCTGATATCAAAAGATCTCG_001,83
TCTGATATCAAAAGATCTCG_002,50
TCTGATATCAAAAGATCTCG_003,40
TGGGACCTCTCTGATAGACT_001,29
TGGGACCTCTCTGATAGACT_002,145
TGGGACCTCTCTGATAGACT_003,147
TGGGACCTCTCTGATAGACT_004,180
TGGGACCTCTCTGATAGACT_005,28
TGGGACCTCTCTGATAGACT_006,24
TGGGACCTCTCTGATAGACT_007,43
TGGGACCTCTCTGATAGACT_008,112
TGGGACCTCTCTGATAGACT_009,63
TGGGACCTCTCTGATAGACT_010,2
TGGGACCTCTCTGATAGACT_011,19
TGGGACCTCTCTGATAGACT_012,49
TGGGACCTCTCTGATAGACT_013,50
TGGGACCTCTCTGATAGACT_014,180
AACGTTTAATAAATCAATGG_001,130
AACGTTTAATAAATCAATGG_002,22
AACGTTTAATAAATCAATGG_003,78
AGTGAATCTTCATAAGACCA_001,34
AGTGAATCTTCATAAGACCA_002,34
AGTGAATCTTCATAAGACCA_003,13
AGTGAATCTTCATAAGACCA_004,97
AGTGAATCTTCATAAGACCA_005,162
CATGAGATTCCCCCACACGT_001,156
CATGAGATTCCCCCACACGT_002,19
CATGAGATTCCCCCACACGT_003,104
CATGAGATTCCCCCACACGT_004,175
CATGAGATTCCCCCACACGT_005,36
CATGAGATTCCCCCACACGT_006,47
CATGAGATTCCCCCACACGT_007,138
CATGAGATTCCCCCACACGT_008,27
CATGAGATTCCCCCACACGT_009,152
CATGAGATTCCCCCACACGT_010,70
CGTGTGCCCCAGCTACACGG_001,43
CGTGTGCCCCAGCTACACGG_002,50
CGTGTGCCCCAGCTACACGG_003,13
CGTGTGCCCCAGCTACACGG_004,118
CGTGTGCCCCAGCTACACGG_005,134
CGTGTGCCCCAGCTACACGG_006,142
CGTGTGCCCCAGCTACACGG_007,195
CGTGTGCCCCAGCTACACGG_008,49
CGTGTGCCCCAGCTACACGG_009,58
CGTGTGCCCCAGCTACACGG_010,1
CGTGTGCCCCAGCTACACGG_011,176
CGTGTGCCCCAGCTACACGG_012,50
CGTGTGCCCCAGCTACACGG_013,34
CGTGTGCCCCAGCTACACGG_014,162
CGTGTGCCCCAGCTACACGG_015,183
CGTGTGCCCCAGCTACACGG_016,162
CGTGTGCCCCAGCTACACGG_017,23
CGTGTGCCCCAGCTACACGG_018,141
CGTGTGCCCCAGCTACACGG_019,72
CGTGTGCCCCAGCTACACGG_020,83
CGTGTGCCCCAGCTACACGG_021,1
CGTGTGCCCCAGCTACACGG_022,129
CGTGTGCCCCAGCTACACGG_023,156
CGTGTGCCCCAGCTACACGG_024,76
CGTGTGCCCCAGCTACACGG_025,139
CGTGTGCCCCAGCTACACGG_026,140
CGTGTGCCCCAGCTACACGG_027,79
CGTGTGCCCCAGCTACACGG_028,147
CGTGTGCCCCAGCTACACGG_029,180
CGTGTGCCCCAGCTACACGG_030,198
CGTGTGCCCCAGCTACACGG_031,197
CGTGTGCCCCAGCTACACGG_032,180
CGTGTGCCCCAGCTACACGG_033,57
CAGAGCATTTGTAAGAATGG_001,80
CAGAGCATTTGTAAGAATGG_002,97
CAGAGCATTTGTAAGAATGG_003,188
CAGAGCATTTGTAAGAATGG_004,151
CAGAGCATTTGTAAGAATGG_005,123
CAGAGCATTTGTAAGAATGG_006,83
CTGCCCAGCAGAAGATCCAT_001,76
CTGCCCAGCAGAAGATCCAT_002,146
CTGCCCAGCAGAAGATCCAT_003,130
CTGCCCAGCAGAAGATCCAT_004,49
CTGCCCAGCAGAAGATCCAT_005,22
CTGCCCAGCAGAAGATCCAT_006,172
CTGCCCAGCAGAAGATCCAT_007,86
CTGCCCAGCAGAAGATCCAT_008,59
CTGCCCAGCAGAAGATCCAT_009,192
CTGCCCAGCAGAAGATCCAT_010,175
CTGCCCAGCAGAAGATCCAT_011,49
CTGCCCAGCAGAAGATCCAT_012,166
CTGCCCAGCAGAAGATCCAT_013,66
GTGTGATTAGGTAGATCGCA_001,35
GTGTGATTAGGTAGATCGCA_002,103
GTGTGATTAGGTAGATCGCA_003,145
TGCTCTTATAACAACTCGGT_001,14
TGCTCTTATAACAACTCGGT_002,73
TGCTCTTATAACAACTCGGT_003,8
TGCTCTTATAACAACTCGGT_004,13
TGCTCTTATAACAACTCGGT_005,56
TGCTCTTATAACAACTCGGT_006,68
TGCTCTTATAACAACTCGGT_007,144
ACCCGATGGTCCGTTCCACA_001,139
ACCCGATGGTCCGTTCCACA_002,133
ACCCGATGGTCCGTTCCACA_003,23
ACCCGATGGTCCGTTCCACA_004,64
ACCCGATGGTCCGTTCCACA_005,148
ACCCGATGGTCCGTTCCACA_006,111
ACCCGATGGTCCGTTCCACA_007,91
CAGTGTCAAGAAATCCCTAG_001,0
CCTGCAGGTACTAGACCTGC_001,49
CCTGCAGGTACTAGACCTGC_002,138
CCTGCAGGTACTAGACCTGC_003,30
CCTGCAGGTACTAGACCTGC_004,115
CCTGCAGGTACTAGACCTGC_005,48
CCTGCAGGTACTAGACCTGC_006,188
CCACACAGGCTATCTGAACA_001,193
GCCTCTGGGAAAGCTATCAG_001,62
GCCTCTGGGAAAGCTATCAG_002,163
GCCTCTGGGAAAGCTATCAG_003,188
GCCTCTGGGAAAGCTATCAG_004,24
GCCTCTGGGAAAGCTATCAG_005,81
GCCTCTGGGAAAGCTATCAG_006,28
GCCTCTGGGAAAGCTATCAG_007,109
GCCTCTGGGAAAGCTATCAG_008,53
GCCTCTGGGAAAGCTATCAG_009,176
GCCTCTGGGAAAGCTATCAG_010,152
ACTCCAAACCTATCAGCCGT_001,199
ACTCCAAACCTATCAGCCGT_002,169
ACTCCAAACCTATCAGCCGT_003,42
ACTCCAAACCTATCAGCCGT_004,32
ACTCCAAACCTATCAGCCGT_005,92
ACTCCAAACCTATCAGCCGT_006,163
ACTCCAAACCTATCAGCCGT_007,145
ACTCCAAACCTATCAGCCGT_008,152
ACTCCAAACCTATCAGCCGT_009,110
ACTCCAAACCTATCAGCCGT_010,110
ACTCCAAACCTATCAGCCGT_011,150
AAGCCCACTTCAAGCACCAA_001,49
AAGCCCACTTCAAGCACCAA_002,9
AAGCCCACTTCAAGCACCAA_003,94
AAGCCCACTTCAAGCACCAA_004,188
AAGCCCACTTCAAGCACCAA_005,69
AAGCCCACTTCAAGCACCAA_006,42
AAGCCCACTTCAAGCACCAA_007,29
AAGCCCACTTCAAGCACCAA_008,177
AAGCCCACTTCAAGCACCAA_009,16
AAGCCCACTTCAAGCACCAA_010,139
AAGCCCACTTCAAGCACCAA_011,15
AAGCCCACTTCAAGCACCAA_012,8
AAGCCCACTTCAAGCACCAA_013,185
AAGCCCACTTCAAGCACCAA_014,168
GTACTCTCTGCCATGCACCG_001,121
GTACTCTCTGCCATGCACCG_002,78
GTACTCTCTGCCATGCACCG_003,103
GTACTCTCTGCCATGCACCG_004,2
GTACTCTCTGCCATGCACCG_005,1
GTACTCTCTGCCATGCACCG_006,183
GTACTCTCTGCCATGCACCG_007,151
GTACTCTCTGCCATGCACCG_008,34
GTACTCTCTGCCATGCACCG_009,152
GTACTCTCTGCCATGCACCG_010,3
TGTATACTTGAGATCAGATG_001,156
TGTATACTTGAGATCAGATG_002,147
TGTATACTTGAGATCAGATG_003,128
TGTATACTTGAGATCAGATG_004,48
TGTATACTTGAGATCAGATG_005,163
TGTATACTTGAGATCAGATG_006,63
CAGCTGACTGATGTCTCCGA_001,159
CAGCTGACTGATGTCTCCGA_002,65
CAGCTGACTGATGTCTCCGA_003,114
TGTTCTTCTGCGAGACAAAG_001,30
CATGTCAGAGCTAAACGAGA_001,24
CATGTCAGAGCTAAACGAGA_002,63
GGCTGAGCGAGACCTCGGGT_001,67
GGCTGAGCGAGACCTCGGGT_002,191
GGCTGAGCGAGACCTCGGGT_003,188
GGCTGAGCGAGACCTCGGGT_004,199
GGCTGAGCGAGACCTCGGGT_005,143
GGCTGAGCGAGACCTCGGGT_006,187
GGCTGAGCGAGACCTCGGGT_007,99
ATGGATCGTAGTCGTACACT_001,9
ATGGATCGTAGTCGTACACT_002,138
AATGTTATTTCTCGGACAAG_001,150
AATGTTATTTCTCGGACAAG_002,152
AATGTTATTTCTCGGACAAG_003,169
AATGTTATTTCTCGGACAAG_004,52
AATGTTATTTCTCGGACAAG_005,198
AATGTTATTTCTCGGACAAG_006,48
GCTGCCAGATATGATGATCA_001,22
GGCGGGCGGAATGACACCGA_001,78
GGCGGGCGGAATGACACCGA_002,137
GGCGGGCGGAATGACACCGA_003,70
GGCGGGCGGAATGACACCGA_004,96
GGCGGGCGGAATGACACCGA_005,163
GGCGGGCGGAATGACACCGA_006,43
GGCGGGCGGAATGACACCGA_007,28
GGCGGGCGGAATGACACCGA_008,155
GAGCGCGACCCTACCCTCGG_001,76
GAGCGCGACCCTACCCTCGG_002,172
GAGCGCGACCCTACCCTCGG_003,6
GAGCGCGACCCTACCCTCGG_004,65
GAGCGCGACCCTACCCTCGG_005,11
GAGCGCGACCCTACCCTCGG_006,138
GAGCGCGACCCTACCCTCGG_007,40
GAGTGCACTATTAAACTGTG_001,141
GAGTGCACTATTAAACTGTG_002,107
GAGTGCACTATTAAACTGTG_003,166
GAGTGCACTATTAAACTGTG_004,152
GAGTGCACTATTAAACTGTG_005,129
GAGTGCACTATTAAACTGTG_006,116
GAGTGCACTATTAAACTGTG_007,43
GAGTGCACTATTAAACTGTG_008,71
GAGTGCACTATTAAACTGTG_009,115
GAGTGCACTATTAAACTGTG_010,98
GAGTGCACTATTAAACTGTG_011,17
GAGTGCACTATTAAACTGTG_012,6
GAGTGCACTATTAAACTGTG_013,108
CCACCCAGCTCTACCGCCGG_001,105
CCACCCAGCTCTACCGCCGG_002,62
CCACCCAGCTCTACCGCCGG_003,3
CCACCCAGCTCTACCGCCGG_004,188
CGACTACGACTATCCCGAAG_001,116
CGACTACGACTATCCCGAAG_002,138
GCAGAAGAAGCCGCTCTACG_001,96
GCAGAAGAAGCCGCTCTACG_002,88
GCAGAAGAAGCCGCTCTACG_003,48
GCAGAAGAAGCCGCTCTACG_004,57
GCAGAAGAAGCCGCTCTACG_005,77
GCAGAAGAAGCCGCTCTACG_006,166
GCAGAAGAAGCCGCTCTACG_007,199
GCAGAAGAAGCCGCTCTACG_008,192
GCAGAAGAAGCCGCTCTACG_009,95
GCAGAAGAAGCCGCTCTACG_010,95
GCAGAAGAAGCCGCTCTACG_011,134
GCAGAAGAAGCCGCTCTACG_012,150
GCAGAAGAAGCCGCTCTACG_013,156
GCAGAAGAAGCCGCTCTACG_014,51
GCAGAAGAAGCCGCTCTACG_015,181
GCAGAAGAAGCCGCTCTACG_016,153
GCAGAAGAAGCCGCTCTACG_017,165
GCAGAAGAAGCCGCTCTACG_018,27
GCAGAAGAAGCCGCTCTACG_019,1
GCAGAAGAAGCCGCTCTACG_020,150
GCAGAAGAAGCCGCTCTACG_021,163
GATCTTGATTCCAGTCGGGG_001,182
GATCTTGATTCCAGTCGGGG_002,36
GATCTTGATTCCAGTCGGGG_003,162
GATCTTGATTCCAGTCGGGG_004,174
GATCTTGATTCCAGTCGGGG_005,54
GATCTTGATTCCAGTCGGGG_006,43
AGTGCTCACTAGCTCATGTG_001,113
AGTGCTCACTAGCTCATGTG_002,110
AGTGCTCACTAGCTCATGTG_003,157
AGTGCTCACTAGCTCATGTG_004,157
AGTGCTCACTAGCTCATGTG_005,28
AGTGCTCACTAGCTCATGTG_006,102
AGTGCTCACTAGCTCATGTG_007,192
GTAATTGTTGAGCATGCCCG_001,19
GTAATTGTTGAGCATGCCCG_002,47
GTAATTGTTGAGCATGCCCG_003,140
GTAATTGTTGAGCATGCCCG_004,41
GTAATTGTTGAGCATGCCCG_005,92
GTAATTGTTGAGCATGCCCG_006,174
GTAATTGTTGAGCATGCCCG_007,5
GTAATTGTTGAGCATGCCCG_008,25
GTAATTGTTGAGCATGCCCG_009,70
GTAATTGTTGAGCATGCCCG_010,26
GTAATTGTTGAGCATGCCCG_011,193
GTAATTGTTGAGCATGCCCG_012,85
GTAATTGTTGAGCATGCCCG_013,72
GTAATTGTTGAGCATGCCCG_014,34
GTAATTGTTGAGCATGCCCG_015,184
GTAATTGTTGAGCATGCCCG_016,118
GTAATTGTTGAGCATGCCCG_017,24
CCGACTGCAGTGACATACTG_001,135
CCGACTGCAGTGACATACTG_002,133
ACTGGCAAGCACAAGGGCTA_001,174
ACTGGCAAGCACAAGGGCTA_002,101
ACTGGCAAGCACAAGGGCTA_003,37
ACTGGCAAGCACAAGGGCTA_004,197
ACTGGCAAGCACAAGGGCTA_005,69
ACTGGCAAGCACAAGGGCTA_006,23
ACTGGCAAGCACAAGGGCTA_007,30
ACTGGCAAGCACAAGGGCTA_008,174
ACTGGCAAGCACAAGGGCTA_009,93
ACTGGCAAGCACAAGGGCTA_010,174
ACTGGCAAGCACAAGGGCTA_011,51
CAATGGAACATCCTCGCCCA_001,199
CAATGGAACATCCTCGCCCA_002,175
CAATGGAACATCCTCGCCCA_003,149
CAATGGAACATCCTCGCCCA_004,102
CAATGGAACATCCTCGCCCA_005,101
CAATGGAACATCCTCGCCCA_006,122
ACACATCATGGCCGCACGAC_001,154
ACACATCATGGCCGCACGAC_002,51
ACACATCATGGCCGCACGAC_003,129
ACACATCATGGCCGCACGAC_004,199
ACACATCATGGCCGCACGAC_005,199
ACACATCATGGCCGCACGAC_006,152
ACACATCATGGCCGCACGAC_007,70
ACACATCATGGCCGCACGAC_008,141
ACACATCATGGCCGCACGAC_009,152
GTCTGATCTCATAGCCTCAA_001,77
GTCTGATCTCATAGCCTCAA_002,184
GTCTGATCTCATAGCCTCAA_003,29
GTCTGATCTCATAGCCTCAA_004,169
GTCTGATCTCATAGCCTCAA_005,35
ATTGGATTTGTACTATACCG_001,48
ATTGGATTTGTACTATACCG_002,5
ATTGGATTTGTACTATACCG_003,65
ATTGGATTTGTACTATACCG_004,87
ATTGGATTTGTACTATACCG_005,9
AACCAGTCATCTGTGTACCG_001,34
AACCAGTCATCTGTGTACCG_002,150
AACCAGTCATCTGTGTACCG_003,166
AACCAGTCATCTGTGTACCG_004,38
AACCAGTCATCTGTGTACCG_005,43
AACCAGTCATCTGTGTACCG_006,177
AACCAGTCATCTGTGTACCG_007,16
AACCAGTCATCTGTGTACCG_008,182
AGATTCAGGTAGAGCGCTAA_001,168
AGATTCAGGTAGAGCGCTAA_002,196
AGATTCAGGTAGAGCGCTAA_003,45
AGATTCAGGTAGAGCGCTAA_004,144
AGATTCAGGTAGAGCGCTAA_005,75
CCTCCCGAATTGAACCCATG_001,29
CCTCCCGAATTGAACCCATG_002,118
CCTCCCGAATTGAACCCATG_003,112
CCTCCCGAATTGAACCCATG_004,134
CCTCCCGAATTGAACCCATG_005,50
CCTCCCGAATTGAACCCATG_006,49
CCTCCCGAATTGAACCCATG_007,55
CCTCCCGAATTGAACCCATG_008,52
CCTCCCGAATTGAACCCATG_009,186
CCTCCCGAATTGAACCCATG_010,125
CCTCCCGAATTGAACCCATG_011,71
CCTCCCGAATTGAACCCATG_012,152
CCTCCCGAATTGAACCCATG_013,89
CCTCCCGAATTGAACCCATG_014,68
CCTCCCGAATTGAACCCATG_015,114
CCTCCCGAATTGAACCCATG_016,83
CCTCCCGAATTGAACCCATG_017,84
CCTCCCGAATTGAACCCATG_018,106
CCTCCCGAATTGAACCCATG_019,172
GTTCCGAGCAGCCTTAGGTG_001,27
GTTCCGAGCAGCCTTAGGTG_002,51
GTTCCGAGCAGCCTTAGGTG_003,28
GTTCCGAGCAGCCTTAGGTG_004,94
GTTCCGAGCAGCCTTAGGTG_005,150
GTTCCGAGCAGCCTTAGGTG_006,49
TCTAGGTGTGGATAGATGCG_001,29
TCTAGGTGTGGATAGATGCG_002,184
TCTAGGTGTGGATAGATGCG_003,108
TCTAGGTGTGGATAGATGCG_004,172
TCTAGGTGTGGATAGATGCG_005,11
TCTAGGTGTGGATAGATGCG_006,19
TGGGGGAGTCTATGTACCCC_001,190
TGGGGGAGTCTATGTACCCC_002,58
TGGGGGAGTCTATGTACCCC_003,115
TGGGGGAGTCTATGTACCCC_004,130
GGGGGGCGGCAAAATTCGCA_001,199
GGGGGGCGGCAAAATTCGCA_002,17
AAGCGGGCACACATGACAAG_001,42
AAGCGGGCACACATGACAAG_002,42
AAGCGGGCACACATGACAAG_003,167
AAGCGGGCACACATGACAAG_004,167
AAGCGGGCACACATGACAAG_005,76
AAGCGGGCACACATGACAAG_006,56
AAGCGGGCACACATGACAAG_007,138
AAGCGGGCACACATGACAAG_008,148
AAGCGGGCACACATGACAAG_009,22
AAGCGGGCACACATGACAAG_010,170
AAGCGGGCACACATGACAAG_011,76
AAGCGGGCACACATGACAAG_012,169
AAGCGGGCACACATGACAAG_013,30
AAGCGGGCACACATGACAAG_014,9
AAGCGGGCACACATGACAAG_015,190
AAGCGGGCACACATGACAAG_016,145
AAGCGGGCACACATGACAAG_017,13
AAGCGGGCACACATGACAAG_018,180
AAGCGGGCACACATGACAAG_019,7
AAGCGGGCACACATGACAAG_020,175
AAGCGGGCACACATGACAAG_021,9
AAGCGGGCACACATGACAAG_022,8
AAGCGGGCACACATGACAAG_023,160
AAGCGGGCACACATGACAAG_024,60
AAGCGGGCACACATGACAAG_025,56
AAGCGGGCACACATGACAAG_026,39
AAGCGGGCACACATGACAAG_027,10
AAGCGGGCACACATGACAAG_028,168
AAGCGGGCACACATGACAAG_029,169
AAGCGGGCACACATGACAAG_030,35
AAGCGGGCACACATGACAAG_031,99
AAGCGGGCACACATGACAAG_032,164
AAGCGGGCACACATGACAAG_033,58
AAGCGGGCACACATGACAAG_034,28
AAGCGGGCACACATGACAAG_035,158
GCCCACATCGAGCACACGCA_001,172
GCCCACATCGAGCACACGCA_002,67
GCCCACATCGAGCACACGCA_003,169
GCCCACATCGAGCACACGCA_004,140
GCCCACATCGAGCACACGCA_005,92
GCCCACATCGAGCACACGCA_006,188
GCCCACATCGAGCACACGCA_007,81
GCCCACATCGAGCACACGCA_008,6
GCCCACATCGAGCACACGCA_009,185
GCCCACATCGAGCACACGCA_010,141
GTTCATCATTAAGGTATGAT_001,60
GTTCATCATTAAGGTATGAT_002,103
GTTCATCATTAAGGTATGAT_003,3
GTTCATCATTAAGGTATGAT_004,138
CCCGAGCTGCCGCTACCTTG_001,28
CCCGAGCTGCCGCTACCTTG_002,1
CCCGAGCTGCCGCTACCTTG_003,152
CCCGAGCTGCCGCTACCTTG_004,92
CCCGAGCTGCCGCTACCTTG_005,187
CCCGAGCTGCCGCTACCTTG_006,12
CCCGAGCTGCCGCTACCTTG_007,1
CCCGAGCTGCCGCTACCTTG_008,160
CCCGAGCTGCCGCTACCTTG_009,195
CCCGAGCTGCCGCTACCTTG_010,121
CCCGAGCTGCCGCTACCTTG_011,108
CCCGAGCTGCCGCTACCTTG_012,177
CCCGAGCTGCCGCTACCTTG_013,103
CCCGAGCTGCCGCTACCTTG_014,15
CCCGAGCTGCCGCTACCTTG_015,122
CCCGAGCTGCCGCTACCTTG_016,190
GTGACTTCAGCCATACTGAG_001,151
GTGACTTCAGCCATACTGAG_002,199
GTGACTTCAGCCATACTGAG_003,181
GTGACTTCAGCCATACTGAG_004,184
GTGACTTCAGCCATACTGAG_005,150
GTGACTTCAGCCATACTGAG_006,57
AAGGACCATGGAGTTAGCCA_001,43
AAGGACCATGGAGTTAGCCA_002,36
AAGGACCATGGAGTTAGCCA_003,176
AAGGACCATGGAGTTAGCCA_004,146
AAGGACCATGGAGTTAGCCA_005,149
AAGGACCATGGAGTTAGCCA_006,8
AAGGACCATGGAGTTAGCCA_007,58
AAGGACCATGGAGTTAGCCA_008,2
AAGGACCATGGAGTTAGCCA_009,105
AAGGACCATGGAGTTAGCCA_010,29
AAGGACCATGGAGTTAGCCA_011,32
AAGGACCATGGAGTTAGCCA_012,147
AAGGACCATGGAGTTAGCCA_013,4
AAGGACCATGGAGTTAGCCA_014,4
AAGGACCATGGAGTTAGCCA_015,158
AAGGACCATGGAGTTAGCCA_016,178
AAGGACCATGGAGTTAGCCA_017,198
AAGGACCATGGAGTTAGCCA_018,53
AAGGACCATGGAGTTAGCCA_019,40
AAGGACCATGGAGTTAGCCA_020,76
AAGGACCATGGAGTTAGCCA_021,36
AAGGACCATGGAGTTAGCCA_022,87
AAGGACCATGGAGTTAGCCA_023,116
AAGGACCATGGAGTTAGCCA_024,77
AAGGACCATGGAGTTAGCCA_025,102
AAGGACCATGGAGTTAGCCA_026,41
AAGGACCATGGAGTTAGCCA_027,2
AAGGACCATGGAGTTAGCCA_028,68
AAGGACCATGGAGTTAGCCA_029,191
AAGGACCATGGAGTTAGCCA_030,102
AAGGACCATGGAGTTAGCCA_031,97
AAGGACCATGGAGTTAGCCA_032,16
AAGGACCATGGAGTTAGCCA_033,130
AAGGACCATGGAGTTAGCCA_034,174
AAGGACCATGGAGTTAGCCA_035,152
AAGGACCATGGAGTTAGCCA_036,91
AAGGACCATGGAGTTAGCCA_037,146
CTTTAAGTCTGTTTCCCCCG_001,60
TGCATGCCGAGCATTTTCAA_001,166
TGCATGCCGAGCATTTTCAA_002,176
TGCATGCCGAGCATTTTCAA_003,102
TGCATGCCGAGCATTTTCAA_004,11
TGCATGCCGAGCATTTTCAA_005,147
TGCATGCCGAGCATTTTCAA_006,41
TGCATGCCGAGCATTTTCAA_007,157
TGCATGCCGAGCATTTTCAA_008,127
TGCATGCCGAGCATTTTCAA_009,186
TGCATGCCGAGCATTTTCAA_010,105
TGCATGCCGAGCATTTTCAA_011,128
TGCATGCCGAGCATTTTCAA_012,89
TGCATGCCGAGCATTTTCAA_013,56
TGCATGCCGAGCATTTTCAA_014,159
TGCATGCCGAGCATTTTCAA_015,16
TGCATGCCGAGCATTTTCAA_016,121
TGCATGCCGAGCATTTTCAA_017,86
TGCATGCCGAGCATTTTCAA_018,177
TGCATGCCGAGCATTTTCAA_019,11
TGCATGCCGAGCATTTTCAA_020,144
TGCATGCCGAGCATTTTCAA_021,94
TGCATGCCGAGCATTTTCAA_022,41
TGCATGCCGAGCATTTTCAA_023,98
TGCATGCCGAGCATTTTCAA_024,75
TGCATGCCGAGCATTTTCAA_025,59
TGCATGCCGAGCATTTTCAA_026,64
TGCATGCCGAGCATTTTCAA_027,77
TGCATGCCGAGCATTTTCAA_028,191
TGCATGCCGAGCATTTTCAA_029,4
TGCATGCCGAGCATTTTCAA_030,9
TGCATGCCGAGCATTTTCAA_031,0
TGCATGCCGAGCATTTTCAA_032,77
TGCATGCCGAGCATTTTCAA_033,11
TGCATGCCGAGCATTTTCAA_034,170
TGCATGCCGAGCATTTTCAA_035,15
TGCATGCCGAGCATTTTCAA_036,40
TGCATGCCGAGCATTTTCAA_037,168
TGCATGCCGAGCATTTTCAA_038,138
AGCTCGAGTCCATCGATGGT_001,148
AGCTCGAGTCCATCGATGGT_002,170
AGCTCGAGTCCATCGATGGT_003,61
AGCTCGAGTCCATCGATGGT_004,16
AGCTCGAGTCCATCGATGGT_005,5
AGCTCGAGTCCATCGATGGT_006,158
AGCTCGAGTCCATCGATGGT_007,1
AGCTCGAGTCCATCGATGGT_008,65
AGCTCGAGTCCATCGATGGT_009,68
TATCAGACACCATATACCCG_001,83
TATCAGACACCATATACCCG_002,115
TATCAGACACCATATACCCG_003,193
TATCAGACACCATATACCCG_004,165
TATCAGACACCATATACCCG_005,166
TATCAGACACCATATACCCG_006,111
TATCAGACACCATATACCCG_007,117
ACAAGTTGCAGCCTACACCT_001,60
ACAAGTTGCAGCCTACACCT_002,58
ACAAGTTGCAGCCTACACCT_003,114
ACAAGTTGCAGCCTACACCT_004,163
ACAAGTTGCAGCCTACACCT_005,147
ACAAGTTGCAGCCTACACCT_006,185
ACAAGTTGCAGCCTACACCT_007,77
ACAAGTTGCAGCCTACACCT_008,19
ACAAGTTGCAGCCTACACCT_009,17
ACAAGTTGCAGCCTACACCT_010,198
ACAAGTTGCAGCCTACACCT_011,121
ACAAGTTGCAGCCTACACCT_012,112
ACAAGTTGCAGCCTACACCT_013,101
ACAAGTTGCAGCCTACACCT_014,190
ACAAGTTGCAGCCTACACCT_015,182
ACAAGTTGCAGCCTACACCT_016,168
ACAAGTTGCAGCCTACACCT_017,68
ACAAGTTGCAGCCTACACCT_018,29
ACAAGTTGCAGCCTACACCT_019,63
ACAAGTTGCAGCCTACACCT_020,106
ACAAGTTGCAGCCTACACCT_021,10
ACAAGTTGCAGCCTACACCT_022,94
GGAATCAAGTCTCAGTCCTG_001,117
GGAATCAAGTCTCAGTCCTG_002,172
TGACATAGTCACCGCTCAAG_001,26
TGACATAGTCACCGCTCAAG_002,42
TGACATAGTCACCGCTCAAG_003,134
TGACATAGTCACCGCTCAAG_004,130
TGACATAGTCACCGCTCAAG_005,29
TGACATAGTCACCGCTCAAG_006,94
TGACATAGTCACCGCTCAAG_007,104
TGACATAGTCACCGCTCAAG_008,56
TGACATAGTCACCGCTCAAG_009,145
TGACATAGTCACCGCTCAAG_010,91
TGACATAGTCACCGCTCAAG_011,13
TGACATAGTCACCGCTCAAG_012,8
TGACATAGTCACCGCTCAAG_013,26
TGACATAGTCACCGCTCAAG_014,103
TGACATAGTCACCGCTCAAG_015,51
TGACATAGTCACCGCTCAAG_016,3
TGACATAGTCACCGCTCAAG_017,47
TGACATAGTCACCGCTCAAG_018,29
TGACATAGTCACCGCTCAAG_019,170
TGACATAGTCACCGCTCAAG_020,40
CACCGTCGCGCCAGGACCCG_001,198
CACCGTCGCGCCAGGACCCG_002,78
CACCGTCGCGCCAGGACCCG_003,139
CACCGTCGCGCCAGGACCCG_004,29
CACCGTCGCGCCAGGACCCG_005,107
CACCGTCGCGCCAGGACCCG_006,176
CACCGTCGCGCCAGGACCCG_007,17
CACCGTCGCGCCAGGACCCG_008,17
CACCGTCGCGCCAGGACCCG_009,81
CACCGTCGCGCCAGGACCCG_010,140
CACCGTCGCGCCAGGACCCG_011,172
CACCGTCGCGCCAGGACCCG_012,136
CACCGTCGCGCCAGGACCCG_013,155
CACCGTCGCGCCAGGACCCG_014,160
CACCGTCGCGCCAGGACCCG_015,50
CACCGTCGCGCCAGGACCCG_016,29
CACCGTCGCGCCAGGACCCG_017,105
CACCGTCGCGCCAGGACCCG_018,151
CACCGTCGCGCCAGGACCCG_019,82
CACCGTCGCGCCAGGACCCG_020,104
CACCGTCGCGCCAGGACCCG_021,50
CACCGTCGCGCCAGGACCCG_022,147
CACCGTCGCGCCAGGACCCG_023,165
TAAGACACAGAGAATATACA_001,194
TAAGACACAGAGAATATACA_002,175
TAAGACACAGAGAATATACA_003,168
TAAGACACAGAGAATATACA_004,1
TAAGACACAGAGAATATACA_005,19
TGGGTGCGCAGCGATCAGCA_001,166
TGGGTGCGCAGCGATCAGCA_002,41
TGGGTGCGCAGCGATCAGCA_003,68
TGGGTGCGCAGCGATCAGCA_004,72
TGGGTGCGCAGCGATCAGCA_005,105
TGGGTGCGCAGCGATCAGCA_006,94
TGGGTGCGCAGCGATCAGCA_007,191
TGGGTGCGCAGCGATCAGCA_008,170
TGGGTGCGCAGCGATCAGCA_009,71
TGGGTGCGCAGCGATCAGCA_010,192
TGGGTGCGCAGCGATCAGCA_011,36
TGGGTGCGCAGCGATCAGCA_012,161
TGGGTGCGCAGCGATCAGCA_013,58
TGGGTGCGCAGCGATCAGCA_014,34
TGGGTGCGCAGCGATCAGCA_015,162
TGGGTGCGCAGCGATCAGCA_016,162
TGGGTGCGCAGCGATCAGCA_017,44
TGGGTGCGCAGCGATCAGCA_018,133
TGGGTGCGCAGCGATCAGCA_019,105
TGGGTGCGCAGCGATCAGCA_020,151
TGGGTGCGCAGCGATCAGCA_021,57
TGGGTGCGCAGCGATCAGCA_022,115
TGGGTGCGCAGCGATCAGCA_023,171
TGGGTGCGCAGCGATCAGCA_024,103
TGGGTGCGCAGCGATCAGCA_025,149
TGGGTGCGCAGCGATCAGCA_026,154
TGGGTGCGCAGCGATCAGCA_027,16
TGGGTGCGCAGCGATCAGCA_028,8
TGGGTGCGCAGCGATCAGCA_029,175
TGGGTGCGCAGCGATCAGCA_030,169
TGGGTGCGCAGCGATCAGCA_031,77
TGGGTGCGCAGCGATCAGCA_032,60
TGGGTGCGCAGCGATCAGCA_033,12
TGGGTGCGCAGCGATCAGCA_034,28
TGGGTGCGCAGCGATCAGCA_035,16
TGGGTGCGCAGCGATCAGCA_036,136
TGGGTGCGCAGCGATCAGCA_037,19
TGGGTGCGCAGCGATCAGCA_038,52
AGACGCTGGGGAGGAAACGT_001,177
AGACGCTGGGGAGGAAACGT_002,81
AGACGCTGGGGAGGAAACGT_003,63
TTACTTCTCTGAGGTAAACG_001,48
TTACTTCTCTGAGGTAAACG_002,2
TTACTTCTCTGAGGTAAACG_003,41
TTACTTCTCTGAGGTAAACG_004,149
TTACTTCTCTGAGGTAAACG_005,94
TTACTTCTCTGAGGTAAACG_006,197
TTACTTCTCTGAGGTAAACG_007,43
CCAGCATACCAGTAACCAGT_001,11
CCAGCATACCAGTAACCAGT_002,127
CCAGCATACCAGTAACCAGT_003,173
CCAGCATACCAGTAACCAGT_004,35
CCAGCATACCAGTAACCAGT_005,193
CCAGCATACCAGTAACCAGT_006,130
CCAGCATACCAGTAACCAGT_007,184
GAAGCTTGAAAATTCAGACA_001,133
GAAGCTTGAAAATTCAGACA_002,197
CAGGCAGACGCTAAGCACGA_001,170
CAGGCAGACGCTAAGCACGA_002,139
CAGGCAGACGCTAAGCACGA_003,181
CAGGCAGACGCTAAGCACGA_004,139
CAGGCAGACGCTAAGCACGA_005,107
CAGGCAGACGCTAAGCACGA_006,179
CAGGCAGACGCTAAGCACGA_007,30
CAGGCAGACGCTAAGCACGA_008,144
CAGGCAGACGCTAAGCACGA_009,182
CAGGCAGACGCTAAGCACGA_010,40
CAGGCAGACGCTAAGCACGA_011,63
CAGGCAGACGCTAAGCACGA_012,66
CAGGCAGACGCTAAGCACGA_013,148
CAGGCAGACGCTAAGCACGA_014,43
CAGGCAGACGCTAAGCACGA_015,34
CAGGCAGACGCTAAGCACGA_016,39
CAGGCAGACGCTAAGCACGA_017,49
CAGGCAGACGCTAAGCACGA_018,157
CAGGCAGACGCTAAGCACGA_019,136
TAAGGACGTCAATGGAAAAG_001,161
AAAGACGACGGTGAAATCCT_001,148
AAAGACGACGGTGAAATCCT_002,8
AAAGACGACGGTGAAATCCT_003,132
AAAGACGACGGTGAAATCCT_004,196
AAAGACGACGGTGAAATCCT_005,47
AAAGACGACGGTGAAATCCT_006,75
AAAGACGACGGTGAAATCCT_007,99
AAAGACGACGGTGAAATCCT_008,76
AAAGACGACGGTGAAATCCT_009,76
AAAGACGACGGTGAAATCCT_010,115
AAAGACGACGGTGAAATCCT_011,23
AAAGACGACGGTGAAATCCT_012,29
AAAGACGACGGTGAAATCCT_013,76
AAAGACGACGGTGAAATCCT_014,3
TCTTACCGGAGGAACTAGGG_001,107
TCTTACCGGAGGAACTAGGG_002,179
TCTTACCGGAGGAACTAGGG_003,159
TCTTACCGGAGGAACTAGGG_004,15
TCTTACCGGAGGAACTAGGG_005,28
TCTTACCGGAGGAACTAGGG_006,171
TCTTACCGGAGGAACTAGGG_007,43
TCTTACCGGAGGAACTAGGG_008,83
TCTTACCGGAGGAACTAGGG_009,101
TCTTACCGGAGGAACTAGGG_010,23
ACAGACTGCAACCCTGCTAG_001,48
ACAGACTGCAACCCTGCTAG_002,47
ACAGACTGCAACCCTGCTAG_003,60
TGAAAAGTTATGTGCTGACG_001,11
TGAAAAGTTATGTGCTGACG_002,127
CATGACCGCAGACATCCTGG_001,178
CATGACCGCAGACATCCTGG_002,117
CATGACCGCAGACATCCTGG_003,127
CATGACCGCAGACATCCTGG_004,24
CATGACCGCAGACATCCTGG_005,168
CATGACCGCAGACATCCTGG_006,149
CATGACCGCAGACATCCTGG_007,178
CATGACCGCAGACATCCTGG_008,107
CATGACCGCAGACATCCTGG_009,9
CATGACCGCAGACATCCTGG_010,126
GTGCTGCGCGACAACATCCA_001,118
GTGCTGCGCGACAACATCCA_002,23
GTGCTGCGCGACAACATCCA_003,151
GTGCTGCGCGACAACATCCA_004,13
GTGCTGCGCGACAACATCCA_005,145
GTGCTGCGCGACAACATCCA_006,2
GTGCTGCGCGACAACATCCA_007,127
GTGCTGCGCGACAACATCCA_008,35
GTGCTGCGCGACAACATCCA_009,99
GTGCTGCGCGACAACATCCA_010,103
AGACCGTAGAGGCTATTGGC_001,16
AGACCGTAGAGGCTATTGGC_002,169
AGACCGTAGAGGCTATTGGC_003,86
AGACCGTAGAGGCTATTGGC_004,94
AGACCGTAGAGGCTATTGGC_005,1
AGACCGTAGAGGCTATTGGC_006,116
AGACCGTAGAGGCTATTGGC_007,151
AGACCGTAGAGGCTATTGGC_008,163
AGACCGTAGAGGCTATTGGC_009,92
AGACCGTAGAGGCTATTGGC_010,112
AGACCGTAGAGGCTATTGGC_011,121
AGACCGTAGAGGCTATTGGC_012,56
AGACCGTAGAGGCTATTGGC_013,127
AGACCGTAGAGGCTATTGGC_014,121
AGACCGTAGAGGCTATTGGC_015,158
GAATTGTATAATTCAGAGGG_001,29
GAATTGTATAATTCAGAGGG_002,188
GAATTGTATAATTCAGAGGG_003,127
TCTTCAGGTAACATATGGGG_001,2
TCTTCAGGTAACATATGGGG_002,48
TAGGTACTATAAGATCTCCG_001,110
TAGGTACTATAAGATCTCCG_002,103
TAGGTACTATAAGATCTCCG_003,192
ACTCCAGGACAAAATCTGCT_001,10
ACTCCAGGACAAAATCTGCT_002,37
ACTCCAGGACAAAATCTGCT_003,49
ACTCCAGGACAAAATCTGCT_004,188
ACTCCAGGACAAAATCTGCT_005,170
ACTCCAGGACAAAATCTGCT_006,119
ACTCCAGGACAAAATCTGCT_007,23
ACTCCAGGACAAAATCTGCT_008,39
ACTCCAGGACAAAATCTGCT_009,95
CCAACACCTAAGAGACCTCG_001,32
CCAACACCTAAGAGACCTCG_002,4
CCAACACCTAAGAGACCTCG_003,190
CCAACACCTAAGAGACCTCG_004,56
CCAACACCTAAGAGACCTCG_005,149
CCAACACCTAAGAGACCTCG_006,185
CCAACACCTAAGAGACCTCG_007,197
CCAACACCTAAGAGACCTCG_008,43
CCAACACCTAAGAGACCTCG_009,27
CCAACACCTAAGAGACCTCG_010,160
CCAACACCTAAGAGACCTCG_011,12
TGACACAAATGGGCATGTGG_001,2
TGACACAAATGGGCATGTGG_002,101
TGACACAAATGGGCATGTGG_003,106
TGACACAAATGGGCATGTGG_004,50
TGACACAAATGGGCATGTGG_005,4
TGACACAAATGGGCATGTGG_006,4
TGACACAAATGGGCATGTGG_007,27
TGACACAAATGGGCATGTGG_008,68
TGACACAAATGGGCATGTGG_009,25
TGACACAAATGGGCATGTGG_010,107
TGACACAAATGGGCATGTGG_011,166
TGACACAAATGGGCATGTGG_012,68
TGACACAAATGGGCATGTGG_013,116
TGACACAAATGGGCATGTGG_014,116
TGACACAAATGGGCATGTGG_015,37
TGACACAAATGGGCATGTGG_016,143
TGACACAAATGGGCATGTGG_017,94
TGACACAAATGGGCATGTGG_018,166
TGACACAAATGGGCATGTGG_019,65
TGACACAAATGGGCATGTGG_020,138
TGACACAAATGGGCATGTGG_021,90
TGACACAAATGGGCATGTGG_022,193
TGACACAAATGGGCATGTGG_023,166
TGACACAAATGGGCATGTGG_024,50
TGACACAAATGGGCATGTGG_025,125
CACTGCGAATAGCAAGACGG_001,15
CACTGCGAATAGCAAGACGG_002,82
CACTGCGAATAGCAAGACGG_003,174
CACTGCGAATAGCAAGACGG_004,7
CACTGCGAATAGCAAGACGG_005,137
CACTGCGAATAGCAAGACGG_006,151
TGGACTCGACAGTAGGTGCG_001,105
TGGACTCGACAGTAGGTGCG_002,121
TGGACTCGACAGTAGGTGCG_003,84
TGGACTCGACAGTAGGTGCG_004,31
TGGACTCGACAGTAGGTGCG_005,105
TGGACTCGACAGTAGGTGCG_006,96
TGGACTCGACAGTAGGTGCG_007,163
TGGACTCGACAGTAGGTGCG_008,169
TGGACTCGACAGTAGGTGCG_009,108
TGGACTCGACAGTAGGTGCG_010,74
TGGACTCGACAGTAGGTGCG_011,49
TGGACTCGACAGTAGGTGCG_012,169
TGGACTCGACAGTAGGTGCG_013,162
TGGACTCGACAGTAGGTGCG_014,187
TGGACTCGACAGTAGGTGCG_015,14
TGAACGGACCGCTATCCAGA_001,73
TGAACGGACCGCTATCCAGA_002,0
GCTGTTCGGACATCACGCTA_001,78
GCTGTTCGGACATCACGCTA_002,4
GCTGTTCGGACATCACGCTA_003,59
GCTGTTCGGACATCACGCTA_004,43
GCTCATCAATGAGGAAAACG_001,28
GTTGAATTATTTCACCTGTG_001,137
GTTGAATTATTTCACCTGTG_002,20
CACCGACAAGTACTCCAACA_001,112
CACCGACAAGTACTCCAACA_002,121
CACCGACAAGTACTCCAACA_003,15
ACGGCTGCATTACCGGAAAG_001,172
ACGGCTGCATTACCGGAAAG_002,9
ACGGCTGCATTACCGGAAAG_003,17
ACGGCTGCATTACCGGAAAG_004,48
ACGGCTGCATTACCGGAAAG_005,108
ACGGCTGCATTACCGGAAAG_006,50
ACGGCTGCATTACCGGAAAG_007,1
ACGGCTGCATTACCGGAAAG_008,188
ACGGCTGCATTACCGGAAAG_009,48
ACGGCTGCATTACCGGAAAG_010,54
ACGGCTGCATTACCGGAAAG_011,108
ACGGCTGCATTACCGGAAAG_012,142
ACGGCTGCATTACCGGAAAG_013,5
ACGGCTGCATTACCGGAAAG_014,98
AGGTTTCTATGTGACTCTCG_001,68
ATATGTGCAGAAGCTAGTGA_001,62
ATATGTGCAGAAGCTAGTGA_002,69
ATATGTGCAGAAGCTAGTGA_003,87
ATATGTGCAGAAGCTAGTGA_004,198
ATATGTGCAGAAGCTAGTGA_005,24
ATATGTGCAGAAGCTAGTGA_006,43
ATATGTGCAGAAGCTAGTGA_007,138
ATATGTGCAGAAGCTAGTGA_008,80
TATCTGCTCTCAATATGGCT_001,107
TATCTGCTCTCAATATGGCT_002,121
TATCTGCTCTCAATATGGCT_003,42
TGTGAAAAACAGTCTCCTGT_001,62
TGTGAAAAACAGTCTCCTGT_002,80
TGTGAAAAACAGTCTCCTGT_003,128
TGTGAAAAACAGTCTCCTGT_004,96
TGTGAAAAACAGTCTCCTGT_005,53
TGTGAAAAACAGTCTCCTGT_006,92
TGTGAAAAACAGTCTCCTGT_007,79
AACACCTTGCGTACTCAGTG_001,171
AACACCTTGCGTACTCAGTG_002,61
AACACCTTGCGTACTCAGTG_003,77
AACACCTTGCGTACTCAGTG_004,169
AACACCTTGCGTACTCAGTG_005,102
CTGCTGTAAACTCAAATGCA_001,41
CTGCTGTAAACTCAAATGCA_002,150
CTGCTGTAAACTCAAATGCA_003,145
CTGCTGTAAACTCAAATGCA_004,136
AAAGTGGCCTGTGACGAAAA_001,141
AAAGTGGCCTGTGACGAAAA_002,74
AAAGTGGCCTGTGACGAAAA_003,58
AAAGTGGCCTGTGACGAAAA_004,172
AAAGTGGCCTGTGACGAAAA_005,150
AAAGTGGCCTGTGACGAAAA_006,98
AAAGTGGCCTGTGACGAAAA_007,140
AAAGTGGCCTGTGACGAAAA_008,185
AAAGTGGCCTGTGACGAAAA_009,118
AAAGTGGCCTGTGACGAAAA_010,11
AAAGTGGCCTGTGACGAAAA_011,134
AAAGTGGCCTGTGACGAAAA_012,141
AAAGTGGCCTGTGACGAAAA_013,198
AAAGTGGCCTGTGACGAAAA_014,19
AAAGTGGCCTGTGACGAAAA_015,168
CTTGCCCTAAAGTAAAGTAC_001,12
CTTGCCCTAAAGTAAAGTAC_002,83
CTTGCCCTAAAGTAAAGTAC_003,83
CTTGCCCTAAAGTAAAGTAC_004,84
CTTGCCCTAAAGTAAAGTAC_005,45
CTTGCCCTAAAGTAAAGTAC_006,22
CTTGCCCTAAAGTAAAGTAC_007,94
CTTGCCCTAAAGTAAAGTAC_008,61
TATCCTTGCAAACTTCTCCC_001,60
TATCCTTGCAAACTTCTCCC_002,197
TCGACTTGCAGATCGCCCTG_001,153
TCGACTTGCAGATCGCCCTG_002,87
TCGACTTGCAGATCGCCCTG_003,138
TCGACTTGCAGATCGCCCTG_004,177
TCGACTTGCAGATCGCCCTG_005,181
TCGACTTGCAGATCGCCCTG_006,189
TCGACTTGCAGATCGCCCTG_007,158
TCGACTTGCAGATCGCCCTG_008,12
TCGACTTGCAGATCGCCCTG_009,199
TCGACTTGCAGATCGCCCTG_010,90
TCGACTTGCAGATCGCCCTG_011,127
TCGACTTGCAGATCGCCCTG_012,170
CATGGTTTGAGTAATGACCG_001,7
CATGGTTTGAGTAATGACCG_002,43
CATGGTTTGAGTAATGACCG_003,50
CATGGTTTGAGTAATGACCG_004,82
CCAGCAGGATAAAGGCCACA_001,142
CCAGCAGGATAAAGGCCACA_002,94
CCAGCAGGATAAAGGCCACA_003,169
CCAGCAGGATAAAGGCCACA_004,60
CCAGCAGGATAAAGGCCACA_005,192
CCAGCAGGATAAAGGCCACA_006,88
CCAGCAGGATAAAGGCCACA_007,124
CCAGCAGGATAAAGGCCACA_008,14
CCAGCAGGATAAAGGCCACA_009,58
CCAGCAGGATAAAGGCCACA_010,7
CCAGCAGGATAAAGGCCACA_011,68
CGGAGCGGGACGTCAGCGTG_001,98
CGGAGCGGGACGTCAGCGTG_002,186
CGGAGCGGGACGTCAGCGTG_003,102
CGGAGCGGGACGTCAGCGTG_004,57
CGGAGCGGGACGTCAGCGTG_005,170
CGGAGCGGGACGTCAGCGTG_006,167
CGGAGCGGGACGTCAGCGTG_007,29
CGGAGCGGGACGTCAGCGTG_008,88
CCAGTGGAACAACCATGTAC_001,97
CCAGTGGAACAACCATGTAC_002,0
CCAGTGGAACAACCATGTAC_003,181
CCAGTGGAACAACCATGTAC_004,167
CCAGTGGAACAACCATGTAC_005,183
CCAGTGGAACAACCATGTAC_006,45
CCAGTGGAACAACCATGTAC_007,94
CCAGTGGAACAACCATGTAC_008,136
CCAGTGGAACAACCATGTAC_009,177
AGCAGCACCATCGTCCATGT_001,181
AGCAGCACCATCGTCCATGT_002,118
AGCAGCACCATCGTCCATGT_003,89
AGCAGCACCATCGTCCATGT_004,20
AGCAGCACCATCGTCCATGT_005,41
AGCAGCACCATCGTCCATGT_006,122
AGCAGCACCATCGTCCATGT_007,113
AGCAGCACCATCGTCCATGT_008,38
AGCAGCACCATCGTCCATGT_009,48
AGCAGCACCATCGTCCATGT_010,78
AGCAGCACCATCGTCCATGT_011,188
AGCAGCACCATCGTCCATGT_012,162
AGCAGCACCATCGTCCATGT_013,8
AGCAGCACCATCGTCCATGT_014,72
AGCAGCACCATCGTCCATGT_015,105
CATGTATTCGAAATAAACTG_001,144
CATGTATTCGAAATAAACTG_002,27
CATGTATTCGAAATAAACTG_003,159
CATGTATTCGAAATAAACTG_004,2
CATGTATTCGAAATAAACTG_005,97
CATGTATTCGAAATAAACTG_006,117
CATGTATTCGAAATAAACTG_007,29
CATGTATTCGAAATAAACTG_008,40
CATGTATTCGAAATAAACTG_009,98
CATGTATTCGAAATAAACTG_010,179
CATGTATTCGAAATAAACTG_011,9
GCAGTGACTGTGGTTCACTG_001,12
GCAGTGACTGTGGTTCACTG_002,12
GCAGTGACTGTGGTTCACTG_003,2
GCAGTGACTGTGGTTCACTG_004,19
GCAGTGACTGTGGTTCACTG_005,50
GCAGTGACTGTGGTTCACTG_006,180
GCAGTGACTGTGGTTCACTG_007,5
ACTCGCCGCTGTTTACTGGA_001,84
ACTCGCCGCTGTTTACTGGA_002,65
ACTCGCCGCTGTTTACTGGA_003,83
ACTCGCCGCTGTTTACTGGA_004,28
GGCACGAGTAGAGAGCAAGA_001,141
GGCACGAGTAGAGAGCAAGA_002,19
GGCACGAGTAGAGAGCAAGA_003,16
GGCACGAGTAGAGAGCAAGA_004,16
GGCACGAGTAGAGAGCAAGA_005,169
AGCTACACTCACCTTTACGC_001,191
AGCTACACTCACCTTTACGC_002,169
AGCTACACTCACCTTTACGC_003,122
AGCTACACTCACCTTTACGC_004,196
AGCTACACTCACCTTTACGC_005,76
AGCTACACTCACCTTTACGC_006,1
AGCTACACTCACCTTTACGC_007,82
AGCTACACTCACCTTTACGC_008,9
AGCTACACTCACCTTTACGC_009,88
GGTGCTCTCGAAGTTTACTG_001,70
TGACTATCAGCGTATTCGAG_001,102
TGACTATCAGCGTATTCGAG_002,68
TGACTATCAGCGTATTCGAG_003,198
GTGGCTTCAACTTCTATGCG_001,118
AAGCGCATGGAGGAATGGTG_001,81
AAGCGCATGGAGGAATGGTG_002,149
AAGCGCATGGAGGAATGGTG_003,78
AAGCGCATGGAGGAATGGTG_004,78
AAGCGCATGGAGGAATGGTG_005,91
AAGCGCATGGAGGAATGGTG_006,145
AAGCGCATGGAGGAATGGTG_007,195
AAGCGCATGGAGGAATGGTG_008,199
AAGCGCATGGAGGAATGGTG_009,102
ACAGGGGCTGGGAACCGACG_001,94
ACAGGGGCTGGGAACCGACG_002,171
ACAGGGGCTGGGAACCGACG_003,43
ACAGGGGCTGGGAACCGACG_004,48
ACAGGGGCTGGGAACCGACG_005,13
ACAGGGGCTGGGAACCGACG_006,177
ACAGGGGCTGGGAACCGACG_007,57
ACAGGGGCTGGGAACCGACG_008,68
ACAGGGGCTGGGAACCGACG_009,115
ACAGGGGCTGGGAACCGACG_010,16
ACAGGGGCTGGGAACCGACG_011,130
GGCGTCAGAACGAAAGGCAG_001,56
GGCGTCAGAACGAAAGGCAG_002,147
GGCGTCAGAACGAAAGGCAG_003,54
GGCGTCAGAACGAAAGGCAG_004,184
GGCGTCAGAACGAAAGGCAG_005,172
GGCGTCAGAACGAAAGGCAG_006,160
GGCGTCAGAACGAAAGGCAG_007,0
GGCGTCAGAACGAAAGGCAG_008,38
GGCGTCAGAACGAAAGGCAG_009,85
GGCGTCAGAACGAAAGGCAG_010,104
GGCGTCAGAACGAAAGGCAG_011,108
GGCGTCAGAACGAAAGGCAG_012,170
GGCGTCAGAACGAAAGGCAG_013,1
ACGGATAAGCTCAAAACCCA_001,60
TTGTGGTGCCTCCGTGCCGT_001,4
TTGTGGTGCCTCCGTGCCGT_002,176
TTGTGGTGCCTCCGTGCCGT_003,192
TTGTGGTGCCTCCGTGCCGT_004,48
CCTGTGGATCCCATTGTAGG_001,11
AAAGAGGAAGACTTCTATCG_001,69
AAAGAGGAAGACTTCTATCG_002,77
ACAGTTGGTGAATTACTACA_001,140
AGTGCTGAGTGCAAATCACG_001,143
AGTGCTGAGTGCAAATCACG_002,105
AGTGCTGAGTGCAAATCACG_003,95
AGTGCTGAGTGCAAATCACG_004,52
AGTGCTGAGTGCAAATCACG_005,45
AGTGCTGAGTGCAAATCACG_006,76
AGTGCTGAGTGCAAATCACG_007,137
AGTGCTGAGTGCAAATCACG_008,68
AGTGCTGAGTGCAAATCACG_009,170
AGTGCTGAGTGCAAATCACG_010,45
AGTGCTGAGTGCAAATCACG_011,43
AGTGCTGAGTGCAAATCACG_012,144
CCGGACGACATATCCGCGCG_001,197
CCGGACGACATATCCGCGCG_002,118
CCGGACGACATATCCGCGCG_003,19
GAATGACAGCGAAACCAGTT_001,44
GAATGACAGCGAAACCAGTT_002,93
GAATGACAGCGAAACCAGTT_003,179
GAATGACAGCGAAACCAGTT_004,127
ACAGCTGACCCATATGCCAG_001,60
ACAGCTGACCCATATGCCAG_002,106
ACAGCTGACCCATATGCCAG_003,127
ACAGCTGACCCATATGCCAG_004,2
ACAGCTGACCCATATGCCAG_005,35
ACAGCTGACCCATATGCCAG_006,116
GACTGCCAAGGTGTGAACAC_001,189
GACTGCCAAGGTGTGAACAC_002,176
GACTGCCAAGGTGTGAACAC_003,158
GACTGCCAAGGTGTGAACAC_004,97
GACTGCCAAGGTGTGAACAC_005,29
GACTGCCAAGGTGTGAACAC_006,125
GACTGCCAAGGTGTGAACAC_007,194
GACTGCCAAGGTGTGAACAC_008,16
GACTGCCAAGGTGTGAACAC_009,160
GACTGCCAAGGTGTGAACAC_010,109
GACTGCCAAGGTGTGAACAC_011,0
GACTGCCAAGGTGTGAACAC_012,15
GACTGCCAAGGTGTGAACAC_013,115
GACTGCCAAGGTGTGAACAC_014,103
GACTGCCAAGGTGTGAACAC_015,168
GACTGCCAAGGTGTGAACAC_016,13
GACTGCCAAGGTGTGAACAC_017,78
TGTGGCTATCGACTGTGAGA_001,48
TGTGGCTATCGACTGTGAGA_002,158
TGTGGCTATCGACTGTGAGA_003,58
TGTGGCTATCGACTGTGAGA_004,26
TGTGGCTATCGACTGTGAGA_005,41
TGTGGCTATCGACTGTGAGA_006,191
TGTGGCTATCGACTGTGAGA_007,114
TGGACGGCGCGTACGCCATG_001,65
TGGACGGCGCGTACGCCATG_002,100
TGGACGGCGCGTACGCCATG_003,147
TGGACGGCGCGTACGCCATG_004,60
TGGACGGCGCGTACGCCATG_005,65
TGGACGGCGCGTACGCCATG_006,183
TGGACGGCGCGTACGCCATG_007,137
TGGACGGCGCGTACGCCATG_008,108
AGCAGCCGTCACAGGCACAA_001,183
AGCAGCCGTCACAGGCACAA_002,29
AGCAGCCGTCACAGGCACAA_003,130
AGCAGCCGTCACAGGCACAA_004,166
AGCAGCCGTCACAGGCACAA_005,142
AGCAGCCGTCACAGGCACAA_006,5
AGCAGCCGTCACAGGCACAA_007,177
AGCAGCCGTCACAGGCACAA_008,116
AGCAGCCGTCACAGGCACAA_009,180
AGCAGCCGTCACAGGCACAA_010,197
AGCAGCCGTCACAGGCACAA_011,102
AGCAGCCGTCACAGGCACAA_012,36
AGCAGCCGTCACAGGCACAA_013,150
AGCAGCCGTCACAGGCACAA_014,8
AGCAGCCGTCACAGGCACAA_015,9
AGCAGCCGTCACAGGCACAA_016,62
AGCAGCCGTCACAGGCACAA_017,126
AGCAGCCGTCACAGGCACAA_018,188
AGCAGCCGTCACAGGCACAA_019,2
AGCAGCCGTCACAGGCACAA_020,115
AGCAGCCGTCACAGGCACAA_021,172
AGCAGCCGTCACAGGCACAA_022,191
AGCAGCCGTCACAGGCACAA_023,12
AGCAGCCGTCACAGGCACAA_024,38
CAGCATCTGCCATATACAGG_001,127
CAGCATCTGCCATATACAGG_002,45
CAGCATCTGCCATATACAGG_003,105
CAGCATCTGCCATATACAGG_004,102
CAGCATCTGCCATATACAGG_005,80
CAGCATCTGCCATATACAGG_006,162
CAGCATCTGCCATATACAGG_007,165
CAGCATCTGCCATATACAGG_008,20
CAGCATCTGCCATATACAGG_009,20
CAGCATCTGCCATATACAGG_010,113
CTGGTTTGTGCCCGACACTG_001,46
CTGGTTTGTGCCCGACACTG_002,96
CTGGTTTGTGCCCGACACTG_003,70
CTGGTTTGTGCCCGACACTG_004,98
CTGGTTTGTGCCCGACACTG_005,9
CTGGTTTGTGCCCGACACTG_006,188
CTGGTTTGTGCCCGACACTG_007,5
CTGGTTTGTGCCCGACACTG_008,172
CTGGTTTGTGCCCGACACTG_009,35
CTGGTTTGTGCCCGACACTG_010,27
CTGGTTTGTGCCCGACACTG_011,88
CTGGTTTGTGCCCGACACTG_012,157
CGCACGCAGGTAGCGCCGCA_001,12
CGCACGCAGGTAGCGCCGCA_002,154
CGCACGCAGGTAGCGCCGCA_003,174
CGCACGCAGGTAGCGCCGCA_004,155
CGCACGCAGGTAGCGCCGCA_005,19
CGCACGCAGGTAGCGCCGCA_006,185
CGCACGCAGGTAGCGCCGCA_007,121
CGCACGCAGGTAGCGCCGCA_008,49
CGCACGCAGGTAGCGCCGCA_009,0
CGCACGCAGGTAGCGCCGCA_010,38
CGCACGCAGGTAGCGCCGCA_011,93
CGCACGCAGGTAGCGCCGCA_012,185
CGCACGCAGGTAGCGCCGCA_013,16
CGCACGCAGGTAGCGCCGCA_014,184
CGCACGCAGGTAGCGCCGCA_015,190
CGCACGCAGGTAGCGCCGCA_016,15
CGCACGCAGGTAGCGCCGCA_017,45
CGCACGCAGGTAGCGCCGCA_018,64
CGCACGCAGGTAGCGCCGCA_019,137
CGCACGCAGGTAGCGCCGCA_020,160
CGCACGCAGGTAGCGCCGCA_021,141
CGCACGCAGGTAGCGCCGCA_022,33
CGCACGCAGGTAGCGCCGCA_023,59
GGGGAGGTCAATAATGTAAG_001,129
GGGGAGGTCAATAATGTAAG_002,22
GGGGAGGTCAATAATGTAAG_003,199
GGGGAGGTCAATAATGTAAG_004,149
GGGGAGGTCAATAATGTAAG_005,70
TACAAGTGGAAAACGTACCG_001,145
TACAAGTGGAAAACGTACCG_002,8
TACAAGTGGAAAACGTACCG_003,106
TACAAGTGGAAAACGTACCG_004,149
GGTACGAAGTCTCGACACTG_001,8
GGTACGAAGTCTCGACACTG_002,187
GGTACGAAGTCTCGACACTG_003,110
GGTACGAAGTCTCGACACTG_004,184
GGTACGAAGTCTCGACACTG_005,174
TTTACGATCTAGCGGCGTAG_001,4
TTTACGATCTAGCGGCGTAG_002,19
TTTACGATCTAGCGGCGTAG_003,4
TTTACGATCTAGCGGCGTAG_004,68
TTTACGATCTAGCGGCGTAG_005,166
TTTACGATCTAGCGGCGTAG_006,1
TTTACGATCTAGCGGCGTAG_007,27
TTTACGATCTAGCGGCGTAG_008,49
TTTACGATCTAGCGGCGTAG_009,72
TTTACGATCTAGCGGCGTAG_010,56
TTTACGATCTAGCGGCGTAG_011,152
TTTACGATCTAGCGGCGTAG_012,139
GCAAACAGGCAGCGGACTGG_001,3
GCAAACAGGCAGCGGACTGG_002,146
GCAAACAGGCAGCGGACTGG_003,72
GCAAACAGGCAGCGGACTGG_004,87
GCAAACAGGCAGCGGACTGG_005,54
GCAAACAGGCAGCGGACTGG_006,40
CAGCTTACCTTGGTACAAGG_001,195
CAGCTTACCTTGGTACAAGG_002,106
CAGCTTACCTTGGTACAAGG_003,34
CAGCTTACCTTGGTACAAGG_004,181
GACCCCAGTGTTCACAAGCG_001,8
GACCCCAGTGTTCACAAGCG_002,88
GACCCCAGTGTTCACAAGCG_003,102
GACCCCAGTGTTCACAAGCG_004,78
GACCCCAGTGTTCACAAGCG_005,147
GACCCCAGTGTTCACAAGCG_006,61
CACGTGGGCCAGGTTCAGCG_001,118
CACGTGGGCCAGGTTCAGCG_002,3
CACGTGGGCCAGGTTCAGCG_003,29
CACGTGGGCCAGGTTCAGCG_004,183
CACGTGGGCCAGGTTCAGCG_005,113
CACGTGGGCCAGGTTCAGCG_006,160
CACGTGGGCCAGGTTCAGCG_007,151
CACGTGGGCCAGGTTCAGCG_008,56
CACGTGGGCCAGGTTCAGCG_009,81
CACGTGGGCCAGGTTCAGCG_010,127
CACGTGGGCCAGGTTCAGCG_011,171
CACGTGGGCCAGGTTCAGCG_012,81
CACGTGGGCCAGGTTCAGCG_013,190
CACGTGGGCCAGGTTCAGCG_014,43
CACGTGGGCCAGGTTCAGCG_015,48
CACGTGGGCCAGGTTCAGCG_016,19
CACGTGGGCCAGGTTCAGCG_017,2
CACGTGGGCCAGGTTCAGCG_018,124
CACGTGGGCCAGGTTCAGCG_019,114
CACGTGGGCCAGGTTCAGCG_020,151
CACGTGGGCCAGGTTCAGCG_021,63
CACGTGGGCCAGGTTCAGCG_022,160
CACGTGGGCCAGGTTCAGCG_023,88
TCTTCATAGCAGAATCATCG_001,130
TCTTCATAGCAGAATCATCG_002,46
TCTTCATAGCAGAATCATCG_003,146
TCTTCATAGCAGAATCATCG_004,48
GCGAACCCCGTAGCCAGGCT_001,193
GCGAACCCCGTAGCCAGGCT_002,16
GCGAACCCCGTAGCCAGGCT_003,9
GCGAACCCCGTAGCCAGGCT_004,80
GCGAACCCCGTAGCCAGGCT_005,178
GCGAACCCCGTAGCCAGGCT_006,130
GCGAACCCCGTAGCCAGGCT_007,183
GCGAACCCCGTAGCCAGGCT_008,70
GCGAACCCCGTAGCCAGGCT_009,17
GCGAACCCCGTAGCCAGGCT_010,18
GCGAACCCCGTAGCCAGGCT_011,53
GCGAACCCCGTAGCCAGGCT_012,19
GCGAACCCCGTAGCCAGGCT_013,177
GCGAACCCCGTAGCCAGGCT_014,30
GCGAACCCCGTAGCCAGGCT_015,1
GCGAACCCCGTAGCCAGGCT_016,162
GCGAACCCCGTAGCCAGGCT_017,155
GCGAACCCCGTAGCCAGGCT_018,98
GCGAACCCCGTAGCCAGGCT_019,27
GCGAACCCCGTAGCCAGGCT_020,118
GCGAACCCCGTAGCCAGGCT_021,76
GCGAACCCCGTAGCCAGGCT_022,41
GCGAACCCCGTAGCCAGGCT_023,198
GCGAACCCCGTAGCCAGGCT_024,62
GCGAACCCCGTAGCCAGGCT_025,120
GCGAACCCCGTAGCCAGGCT_026,149
GCGAACCCCGTAGCCAGGCT_027,165
GCGAACCCCGTAGCCAGGCT_028,42
GCGAACCCCGTAGCCAGGCT_029,162
GCGAACCCCGTAGCCAGGCT_030,154
GCGAACCCCGTAGCCAGGCT_031,15
GCGAACCCCGTAGCCAGGCT_032,166
GCGAACCCCGTAGCCAGGCT_033,176
GCGAACCCCGTAGCCAGGCT_034,117
GCGAACCCCGTAGCCAGGCT_035,172
GCGAACCCCGTAGCCAGGCT_036,129
GCGAACCCCGTAGCCAGGCT_037,187
GCGAACCCCGTAGCCAGGCT_038,156
GCGAACCCCGTAGCCAGGCT_039,46
GCGAACCCCGTAGCCAGGCT_040,106
GCGAACCCCGTAGCCAGGCT_041,10
GCGAACCCCGTAGCCAGGCT_042,137
GCGAACCCCGTAGCCAGGCT_043,160
GCGAACCCCGTAGCCAGGCT_044,102
GCGAACCCCGTAGCCAGGCT_045,174
GCGAACCCCGTAGCCAGGCT_046,189
TTGCACATCCACGTGAACGG_001,65
TTGCACATCCACGTGAACGG_002,1
TTGCACATCCACGTGAACGG_003,123
TTGCACATCCACGTGAACGG_004,40
TTGCACATCCACGTGAACGG_005,121
TTGCACATCCACGTGAACGG_006,156
CAGCACTCCGGAACTGTCCG_001,17
CAGCACTCCGGAACTGTCCG_002,80
CAGCACTCCGGAACTGTCCG_003,80
CAGCACTCCGGAACTGTCCG_004,51
CAGCACTCCGGAACTGTCCG_005,69
CAGCACTCCGGAACTGTCCG_006,192
CAGCACTCCGGAACTGTCCG_007,104
CAGCACTCCGGAACTGTCCG_008,181
CAGCACTCCGGAACTGTCCG_009,84
CAGCACTCCGGAACTGTCCG_010,141
CAGCACTCCGGAACTGTCCG_011,76
CAGCACTCCGGAACTGTCCG_012,12
CAGCACTCCGGAACTGTCCG_013,86
CAGCACTCCGGAACTGTCCG_014,43
CAGCACTCCGGAACTGTCCG_015,18
CAGCACTCCGGAACTGTCCG_016,28
CAGCACTCCGGAACTGTCCG_017,118
CAGCACTCCGGAACTGTCCG_018,193
CAGCACTCCGGAACTGTCCG_019,172
CAGCACTCCGGAACTGTCCG_020,2
CAGCACTCCGGAACTGTCCG_021,158
CAGCACTCCGGAACTGTCCG_022,182
CAGCACTCCGGAACTGTCCG_023,198
CAGCACTCCGGAACTGTCCG_024,147
CAGCACTCCGGAACTGTCCG_025,122
CAGCACTCCGGAACTGTCCG_026,137
CAGCACTCCGGAACTGTCCG_027,35
CAGCACTCCGGAACTGTCCG_028,120
CAGCACTCCGGAACTGTCCG_029,120
CAGCACTCCGGAACTGTCCG_030,21
CAGCACTCCGGAACTGTCCG_031,160
CAGCACTCCGGAACTGTCCG_032,108
CAGCACTCCGGAACTGTCCG_033,65
CAGCACTCCGGAACTGTCCG_034,191
CAGCACTCCGGAACTGTCCG_035,70
CAGCACTCCGGAACTGTCCG_036,33
CAGCACTCCGGAACTGTCCG_037,3
CAGCACTCCGGAACTGTCCG_038,81
CAGCACTCCGGAACTGTCCG_039,155
CAGCACTCCGGAACTGTCCG_040,9
TGGAAGCATTCAGGTACACC_001,72
TGGAAGCATTCAGGTACACC_002,158
TGGAAGCATTCAGGTACACC_003,147
TGGAAGCATTCAGGTACACC_004,158
GGATCTGCTCGAACTCCCAG_001,87
GGATCTGCTCGAACTCCCAG_002,68
GGATCTGCTCGAACTCCCAG_003,175
GGATCTGCTCGAACTCCCAG_004,10
GGATCTGCTCGAACTCCCAG_005,9
GGATCTGCTCGAACTCCCAG_006,149
GGATCTGCTCGAACTCCCAG_007,83
GGATCTGCTCGAACTCCCAG_008,103
GGATCTGCTCGAACTCCCAG_009,72
GGATCTGCTCGAACTCCCAG_010,38
GGATCTGCTCGAACTCCCAG_011,171
GGATCTGCTCGAACTCCCAG_012,151
GGATCTGCTCGAACTCCCAG_013,37
GGATCTGCTCGAACTCCCAG_014,175
GGATCTGCTCGAACTCCCAG_015,28
AGAATACACAGCGAAAGATG_001,97
AAAGCACTGATGAACTAGCA_001,137
AAAGCACTGATGAACTAGCA_002,43
AAAGCACTGATGAACTAGCA_003,85
AAAGCACTGATGAACTAGCA_004,42
TACATGGCAGAAGAATATAG_001,158
TCACTGTTAAGGAGTAGCGT_001,137
TCACTGTTAAGGAGTAGCGT_002,134
TCACTGTTAAGGAGTAGCGT_003,96
TCACTGTTAAGGAGTAGCGT_004,168
GTGACTTTGTTGCCTATAGA_001,170
GTGACTTTGTTGCCTATAGA_002,102
GTGACTTTGTTGCCTATAGA_003,161
GTGACTTTGTTGCCTATAGA_004,84
GTGACTTTGTTGCCTATAGA_005,148
GTGACTTTGTTGCCTATAGA_006,199
GTGACTTTGTTGCCTATAGA_007,105
GTGACTTTGTTGCCTATAGA_008,191
TCGGCCTAGATTCAGGAGGA_001,32
TCGGCCTAGATTCAGGAGGA_002,137
TCGGCCTAGATTCAGGAGGA_003,118
TCGGCCTAGATTCAGGAGGA_004,127
TCGGCCTAGATTCAGGAGGA_005,54
TCGGCCTAGATTCAGGAGGA_006,35
TCGGCCTAGATTCAGGAGGA_007,68
TCGGCCTAGATTCAGGAGGA_008,161
TCGGCCTAGATTCAGGAGGA_009,65
TCGGCCTAGATTCAGGAGGA_010,174
TCGGCCTAGATTCAGGAGGA_011,27
TCGGCCTAGATTCAGGAGGA_012,10
TCGGCCTAGATTCAGGAGGA_013,177
TCGGCCTAGATTCAGGAGGA_014,31
CAGCCAATGCCTGTGAGGGC_001,192
CAGCCAATGCCTGTGAGGGC_002,199
CAGCCAATGCCTGTGAGGGC_003,82
CAGCCAATGCCTGTGAGGGC_004,140
CAGCCAATGCCTGTGAGGGC_005,83
CAGCCAATGCCTGTGAGGGC_006,185
CAGCCAATGCCTGTGAGGGC_007,171
CAGGCCTGCCTGGTCCAACG_001,164
CAGGCCTGCCTGGTCCAACG_002,44
CAGGCCTGCCTGGTCCAACG_003,147
CAGGCCTGCCTGGTCCAACG_004,83
CAGGCCTGCCTGGTCCAACG_005,5
CAGGCCTGCCTGGTCCAACG_006,106
AGACTTCCATCAAAAACTCG_001,107
AGACTTCCATCAAAAACTCG_002,192
AGACTTCCATCAAAAACTCG_003,177
AGACTTCCATCAAAAACTCG_004,137
AGACTTCCATCAAAAACTCG_005,147
AGACTTCCATCAAAAACTCG_006,103
AGGGCGCCAAGGGTAACCAG_001,41
AGGGCGCCAAGGGTAACCAG_002,181
AGGGCGCCAAGGGTAACCAG_003,105
AGGGCGCCAAGGGTAACCAG_004,63
AGGGCGCCAAGGGTAACCAG_005,91
AGGGCGCCAAGGGTAACCAG_006,75
AGGGCGCCAAGGGTAACCAG_007,186
AGGGCGCCAAGGGTAACCAG_008,181
AGGGCGCCAAGGGTAACCAG_009,184
AGGGCGCCAAGGGTAACCAG_010,103
AGGGCGCCAAGGGTAACCAG_011,75
AGGGCGCCAAGGGTAACCAG_012,42
AGGGCGCCAAGGGTAACCAG_013,132
AGGGCGCCAAGGGTAACCAG_014,8
AGGGCGCCAAGGGTAACCAG_015,15
AGGGCGCCAAGGGTAACCAG_016,29
AGGGCGCCAAGGGTAACCAG_017,191
AGGGCGCCAAGGGTAACCAG_018,184
AGGGCGCCAAGGGTAACCAG_019,68
ATGGAAACAAAAGTCGGCAG_001,119
ATGGAAACAAAAGTCGGCAG_002,32
ATGGAAACAAAAGTCGGCAG_003,46
ATGGAAACAAAAGTCGGCAG_004,62
ATGGAAACAAAAGTCGGCAG_005,75
ATGGAAACAAAAGTCGGCAG_006,137
ATGGAAACAAAAGTCGGCAG_007,107
ATGGAAACAAAAGTCGGCAG_008,158
ATGGAAACAAAAGTCGGCAG_009,81
CAGCACCTCCTACCTAGCCA_001,177
CAGCACCTCCTACCTAGCCA_002,13
CAGCACCTCCTACCTAGCCA_003,172
CAGCACCTCCTACCTAGCCA_004,134
CAGCACCTCCTACCTAGCCA_005,11
CAGCACCTCCTACCTAGCCA_006,9
CAGCACCTCCTACCTAGCCA_007,83
CAGCACCTCCTACCTAGCCA_008,117
CAGCACCTCCTACCTAGCCA_009,112
CAGCACCTCCTACCTAGCCA_010,19
CAGCACCTCCTACCTAGCCA_011,112
CAGCACCTCCTACCTAGCCA_012,176
CAGCACCTCCTACCTAGCCA_013,62
CAGCACCTCCTACCTAGCCA_014,115
CAGCACCTCCTACCTAGCCA_015,33
CAGCACCTCCTACCTAGCCA_016,34
CAGCACCTCCTACCTAGCCA_017,148
CAGCACCTCCTACCTAGCCA_018,89
CAGCACCTCCTACCTAGCCA_019,97
CAGCACCTCCTACCTAGCCA_020,6
AGGGAAGGAGGCGCTATGAT_001,84
AGGGAAGGAGGCGCTATGAT_002,41
AGGGAAGGAGGCGCTATGAT_003,170
AGGGAAGGAGGCGCTATGAT_004,17
AGGGAAGGAGGCGCTATGAT_005,41
AGGGAAGGAGGCGCTATGAT_006,137
AGGGAAGGAGGCGCTATGAT_007,146
AGGGAAGGAGGCGCTATGAT_008,135
AGGGAAGGAGGCGCTATGAT_009,79
AGGGAAGGAGGCGCTATGAT_010,40
AGGGAAGGAGGCGCTATGAT_011,155
CCCCACTGGTCACACAAGAG_001,196
CCCCACTGGTCACACAAGAG_002,196
CCCCACTGGTCACACAAGAG_003,115
CCCCACTGGTCACACAAGAG_004,157
CCCCACTGGTCACACAAGAG_005,154
CCCCACTGGTCACACAAGAG_006,171
CCCCACTGGTCACACAAGAG_007,49
GACGCGAGCCGACCTGCACG_001,49
GACGCGAGCCGACCTGCACG_002,29
GACGCGAGCCGACCTGCACG_003,58
GACGCGAGCCGACCTGCACG_004,1
GACGCGAGCCGACCTGCACG_005,132
GACGCGAGCCGACCTGCACG_006,184
GGTGCTCATGTTTGAGACTG_001,169
GGTGCTCATGTTTGAGACTG_002,116
GGTGCTCATGTTTGAGACTG_003,133
GGTGCTCATGTTTGAGACTG_004,105
ACAGGGTTGCGGCTGCAATG_001,42
GTATTCCAAAAGCTCTGGCA_001,104
TCAACTCGGTTTGTGTCCGG_001,77
TCAACTCGGTTTGTGTCCGG_002,85
TCAACTCGGTTTGTGTCCGG_003,184
TCAACTCGGTTTGTGTCCGG_004,67
TCAACTCGGTTTGTGTCCGG_005,48
TCAACTCGGTTTGTGTCCGG_006,165
TCAACTCGGTTTGTGTCCGG_007,1
TCAACTCGGTTTGTGTCCGG_008,106
TCAGGAGTGTGGTAAGCCAA_001,62
TCAGGAGTGTGGTAAGCCAA_002,178
TCAGGAGTGTGGTAAGCCAA_003,5
TCAGGAGTGTGGTAAGCCAA_004,169
TCAGGAGTGTGGTAAGCCAA_005,149
TCAGGAGTGTGGTAAGCCAA_006,108
TCAGGAGTGTGGTAAGCCAA_007,148
TCAGGAGTGTGGTAAGCCAA_008,192
TCAGGAGTGTGGTAAGCCAA_009,88
CAGGGCCATCAGGCCCACAG_001,50
CAGGGCCATCAGGCCCACAG_002,150
CAGGGCCATCAGGCCCACAG_003,194
CAGGGCCATCAGGCCCACAG_004,183
CAGGGCCATCAGGCCCACAG_005,17
CAGGGCCATCAGGCCCACAG_006,112
CAGGGCCATCAGGCCCACAG_007,147
CAGGGCCATCAGGCCCACAG_008,156
CAGGGCCATCAGGCCCACAG_009,25
CAGGGCCATCAGGCCCACAG_010,191
TCCTCATTATCTCCAAACCA_001,83
TCCTCATTATCTCCAAACCA_002,145
CGATGCCAACAGATCCGACA_001,186
CGATGCCAACAGATCCGACA_002,110
CGATGCCAACAGATCCGACA_003,33
TCCCACTGTGAACTCCACCC_001,39
TCCCACTGTGAACTCCACCC_002,117
TTGAAGGTGTCGTTCCCGCA_001,94
TTGAAGGTGTCGTTCCCGCA_002,105
TTGAAGGTGTCGTTCCCGCA_003,76
TTGAAGGTGTCGTTCCCGCA_004,9
TTGAAGGTGTCGTTCCCGCA_005,6
TTGAAGGTGTCGTTCCCGCA_006,17
TTGAAGGTGTCGTTCCCGCA_007,83
CATCACGGGATTCATCACGG_001,105
CATCACGGGATTCATCACGG_002,1
CATCACGGGATTCATCACGG_003,49
CATCACGGGATTCATCACGG_004,179
CATCACGGGATTCATCACGG_005,150
CATCACGGGATTCATCACGG_006,9
CATCACGGGATTCATCACGG_007,137
CATCACGGGATTCATCACGG_008,152
GGCATGGATGGCATGAAGTG_001,49
GGCATGGATGGCATGAAGTG_002,62
GGCATGGATGGCATGAAGTG_003,29
GGCATGGATGGCATGAAGTG_004,174
GGCATGGATGGCATGAAGTG_005,162
GGCATGGATGGCATGAAGTG_006,179
GGCATGGATGGCATGAAGTG_007,131
GGCATGGATGGCATGAAGTG_008,52
GGCATGGATGGCATGAAGTG_009,48
GGCATGGATGGCATGAAGTG_010,63
GGCATGGATGGCATGAAGTG_011,157
CCACAGATGCCGCTCCTACG_001,97
CCACAGATGCCGCTCCTACG_002,145
CCACAGATGCCGCTCCTACG_003,103
CCACAGATGCCGCTCCTACG_004,51
GTCTGGATGATGTAGAACTG_001,148
GTCTGGATGATGTAGAACTG_002,88
GTCTGGATGATGTAGAACTG_003,72
GTCTGGATGATGTAGAACTG_004,13
GTCTGGATGATGTAGAACTG_005,176
GTCTGGATGATGTAGAACTG_006,50
GACAACGCCGGATATCACAT_001,169
AGAGTGCATCATTCAGCGTG_001,190
GAAGAACGCTACAGGCATGG_001,88
ACACACTCGGTGACAGACTG_001,127
ACACACTCGGTGACAGACTG_002,61
ACACACTCGGTGACAGACTG_003,76
ACACACTCGGTGACAGACTG_004,31
ACACACTCGGTGACAGACTG_005,101
ACACACTCGGTGACAGACTG_006,174
ACACACTCGGTGACAGACTG_007,158
ACACACTCGGTGACAGACTG_008,111
ACACACTCGGTGACAGACTG_009,6
CCTCCTCTACTGTCGACTGA_001,78
CCTCCTCTACTGTCGACTGA_002,139
CCTCCTCTACTGTCGACTGA_003,81
CCTCCTCTACTGTCGACTGA_004,52
CCTCCTCTACTGTCGACTGA_005,6
GAACTGGCGGAACTCATAGA_001,91
GAACTGGCGGAACTCATAGA_002,88
GAACTGGCGGAACTCATAGA_003,77
AGAGGCGCTGTACCTCATAA_001,48
AGAGGCGCTGTACCTCATAA_002,69
AGAGGCGCTGTACCTCATAA_003,153
AGAGGCGCTGTACCTCATAA_004,33
AGAGGCGCTGTACCTCATAA_005,106
CAGCTCTACACCATGCGACG_001,184
CAGCTCTACACCATGCGACG_002,10
CAGCTCTACACCATGCGACG_003,66
CAGCTCTACACCATGCGACG_004,158
CAGCTCTACACCATGCGACG_005,88
CAGCTCTACACCATGCGACG_006,80
CAGCTCTACACCATGCGACG_007,55
CAGCTCTACACCATGCGACG_008,163
CCGGTGATGCCAGTAAATGC_001,113
CCGGTGATGCCAGTAAATGC_002,79
CCGGTGATGCCAGTAAATGC_003,36
CCGGTGATGCCAGTAAATGC_004,38
CCGGTGATGCCAGTAAATGC_005,181
CTGCTTGAGAACGAGCTGTG_001,77
CTGCTTGAGAACGAGCTGTG_002,77
CTGCTTGAGAACGAGCTGTG_003,150
CTGCTTGAGAACGAGCTGTG_004,56
CTGCTTGAGAACGAGCTGTG_005,175
CTGCTTGAGAACGAGCTGTG_006,101
CTGCTTGAGAACGAGCTGTG_007,178
CTGCTTGAGAACGAGCTGTG_008,163
CTGCTTGAGAACGAGCTGTG_009,160
CTGCTTGAGAACGAGCTGTG_010,12
CTGCTTGAGAACGAGCTGTG_011,107
CTGCTTGAGAACGAGCTGTG_012,88
CTGCTTGAGAACGAGCTGTG_013,1
CTGCTTGAGAACGAGCTGTG_014,82
CTGCTTGAGAACGAGCTGTG_015,148
CTGCTTGAGAACGAGCTGTG_016,105
CTGCTTGAGAACGAGCTGTG_017,77
CTGCTTGAGAACGAGCTGTG_018,184
CTGCTTGAGAACGAGCTGTG_019,6
CGGAATACATCTCCACCCGC_001,63
CGGAATACATCTCCACCCGC_002,52
CGGAATACATCTCCACCCGC_003,49
CGGAATACATCTCCACCCGC_004,19
TGCAGGCTCTGAAACTATCG_001,84
TGCAGGCTCTGAAACTATCG_002,184
AGCCAGTTTGCCATTCGCTG_001,111
AGCCAGTTTGCCATTCGCTG_002,150
AGCCAGTTTGCCATTCGCTG_003,5
AGCCAGTTTGCCATTCGCTG_004,88
AGCCAGTTTGCCATTCGCTG_005,178
AGCCAGTTTGCCATTCGCTG_006,59
AGCCAGTTTGCCATTCGCTG_007,144
AGCCAGTTTGCCATTCGCTG_008,189
AGCCAGTTTGCCATTCGCTG_009,84
AGCCAGTTTGCCATTCGCTG_010,181
AGCCAGTTTGCCATTCGCTG_011,154
AGCCAGTTTGCCATTCGCTG_012,122
AGCCAGTTTGCCATTCGCTG_013,186
AGCCAGTTTGCCATTCGCTG_014,107
AGCCAGTTTGCCATTCGCTG_015,83
AGCCAGTTTGCCATTCGCTG_016,175
AGCCAGTTTGCCATTCGCTG_017,169
AGCCAGTTTGCCATTCGCTG_018,82
AGCCAGTTTGCCATTCGCTG_019,110
AGCCAGTTTGCCATTCGCTG_020,22
AGCCAGTTTGCCATTCGCTG_021,97
AGCCAGTTTGCCATTCGCTG_022,98
AGCCAGTTTGCCATTCGCTG_023,68
AGCCAGTTTGCCATTCGCTG_024,188
AGCCAGTTTGCCATTCGCTG_025,31
AGCCAGTTTGCCATTCGCTG_026,85
AGCCAGTTTGCCATTCGCTG_027,13
AGCCAGTTTGCCATTCGCTG_028,145
AGCCAGTTTGCCATTCGCTG_029,105
AGCCAGTTTGCCATTCGCTG_030,82
AGCCAGTTTGCCATTCGCTG_031,116
AGCCAGTTTGCCATTCGCTG_032,41
AGCCAGTTTGCCATTCGCTG_033,145
AGCCAGTTTGCCATTCGCTG_034,69
AGCCAGTTTGCCATTCGCTG_035,17
AGCCAGTTTGCCATTCGCTG_036,145
AGCCAGTTTGCCATTCGCTG_037,169
AGCCAGTTTGCCATTCGCTG_038,130
AGCCAGTTTGCCATTCGCTG_039,110
GGTGCTGTCGCTTACTGAAG_001,88
GGTGCTGTCGCTTACTGAAG_002,117
GGTGCTGTCGCTTACTGAAG_003,126
CGCCAGGCCTGACGTCAGGG_001,151
CGCCAGGCCTGACGTCAGGG_002,62
CGCCAGGCCTGACGTCAGGG_003,198
CGCCAGGCCTGACGTCAGGG_004,116
CGCCAGGCCTGACGTCAGGG_005,185
CGCCAGGCCTGACGTCAGGG_006,153
CGCCAGGCCTGACGTCAGGG_007,34
CGCCAGGCCTGACGTCAGGG_008,1
CGCCAGGCCTGACGTCAGGG_009,88
CGCCAGGCCTGACGTCAGGG_010,105
CGCCAGGCCTGACGTCAGGG_011,89
CGCCAGGCCTGACGTCAGGG_012,160
CGCCAGGCCTGACGTCAGGG_013,197
CGCCAGGCCTGACGTCAGGG_014,199
CGCCAGGCCTGACGTCAGGG_015,17
CGCCAGGCCTGACGTCAGGG_016,191
CGCCAGGCCTGACGTCAGGG_017,166
CCATGAGTAGAGCTCGCACA_001,3
CCATGAGTAGAGCTCGCACA_002,182
CCATGAGTAGAGCTCGCACA_003,8
CCATGAGTAGAGCTCGCACA_004,163
CCATGAGTAGAGCTCGCACA_005,52
CTCAATGAGCGGCATTACGG_001,113
CTCAATGAGCGGCATTACGG_002,65
CTCAATGAGCGGCATTACGG_003,50
CTCAATGAGCGGCATTACGG_004,116
GCCGACACGCGGCGGTAGGT_001,94
GCCGACACGCGGCGGTAGGT_002,163
GCCGACACGCGGCGGTAGGT_003,142
GCCGACACGCGGCGGTAGGT_004,118
GAGGTGTGGAAAGAAGTCCG_001,187
GAGGTGTGGAAAGAAGTCCG_002,95
GAGGTGTGGAAAGAAGTCCG_003,125
GAGGTGTGGAAAGAAGTCCG_004,186
GAGGTGTGGAAAGAAGTCCG_005,70
GAGGTGTGGAAAGAAGTCCG_006,187
GAGGTGTGGAAAGAAGTCCG_007,199
GAGGTGTGGAAAGAAGTCCG_008,147
GAGGTGTGGAAAGAAGTCCG_009,113
GAGGTGTGGAAAGAAGTCCG_010,159
GAGGTGTGGAAAGAAGTCCG_011,32
GAGGTGTGGAAAGAAGTCCG_012,130
GAGGTGTGGAAAGAAGTCCG_013,29
GAGGTGTGGAAAGAAGTCCG_014,98
GAGGTGTGGAAAGAAGTCCG_015,94
GAGGTGTGGAAAGAAGTCCG_016,176
GAGGTGTGGAAAGAAGTCCG_017,194
GAGGTGTGGAAAGAAGTCCG_018,94
GAGGTGTGGAAAGAAGTCCG_019,166
GAGGTGTGGAAAGAAGTCCG_020,142
TGGTTTCGGAGGCCCGACCG_001,132
TGGTTTCGGAGGCCCGACCG_002,41
CAGGTTGAGCAGTGACACGT_001,29
CAGGTTGAGCAGTGACACGT_002,62
CAGGTTGAGCAGTGACACGT_003,102
CAGGTTGAGCAGTGACACGT_004,122
CAGGTTGAGCAGTGACACGT_005,5
CAGGTTGAGCAGTGACACGT_006,141
CAGGTTGAGCAGTGACACGT_007,38
CAGGTTGAGCAGTGACACGT_008,61
CAGGTTGAGCAGTGACACGT_009,141
CAGGTTGAGCAGTGACACGT_010,76
CAGGTTGAGCAGTGACACGT_011,75
CAGGTTGAGCAGTGACACGT_012,150
CAGGTTGAGCAGTGACACGT_013,38
CAGGTTGAGCAGTGACACGT_014,91
CAGGTTGAGCAGTGACACGT_015,117
CAGGTTGAGCAGTGACACGT_016,118
CAGGTTGAGCAGTGACACGT_017,135
CAGGTTGAGCAGTGACACGT_018,142
CAGGTTGAGCAGTGACACGT_019,19
CAGGTTGAGCAGTGACACGT_020,39
CAGGTTGAGCAGTGACACGT_021,105
CAGGTTGAGCAGTGACACGT_022,52
CACTGGGCAATGTCAGACCA_001,89
CACTGGGCAATGTCAGACCA_002,48
CACTGGGCAATGTCAGACCA_003,29
CACTGGGCAATGTCAGACCA_004,50
CTTCAGCCAGAAGTCCCCGC_001,113
CTTCAGCCAGAAGTCCCCGC_002,196
CTTCAGCCAGAAGTCCCCGC_003,130
CTTCAGCCAGAAGTCCCCGC_004,55
CTTCAGCCAGAAGTCCCCGC_005,129
CTTCAGCCAGAAGTCCCCGC_006,113
CTTCAGCCAGAAGTCCCCGC_007,19
CTTCAGCCAGAAGTCCCCGC_008,160
CTTCAGCCAGAAGTCCCCGC_009,98
CTTCAGCCAGAAGTCCCCGC_010,130
CTTCAGCCAGAAGTCCCCGC_011,83
CTTCAGCCAGAAGTCCCCGC_012,189
CTTCAGCCAGAAGTCCCCGC_013,16
CTTCAGCCAGAAGTCCCCGC_014,113
CTTCAGCCAGAAGTCCCCGC_015,19
CTTCAGCCAGAAGTCCCCGC_016,111
CTTCAGCCAGAAGTCCCCGC_017,175
TGGTGATGGCTAGCACCCGG_001,50
TGGTGATGGCTAGCACCCGG_002,162
TGGTGATGGCTAGCACCCGG_003,161
TGGTGATGGCTAGCACCCGG_004,127
TGGTGATGGCTAGCACCCGG_005,41
CAGCGACGCCTTGCTAACAA_001,176
CAGCGACGCCTTGCTAACAA_002,130
CAGCGACGCCTTGCTAACAA_003,184
CAGCGACGCCTTGCTAACAA_004,114
CAGCGACGCCTTGCTAACAA_005,133
CAGCGACGCCTTGCTAACAA_006,130
CAGCGACGCCTTGCTAACAA_007,189
CTTCCTTGAACGCTACAAAG_001,1
CTTCCTTGAACGCTACAAAG_002,78
CTTCCTTGAACGCTACAAAG_003,191
CTTCCTTGAACGCTACAAAG_004,165
CTTCCTTGAACGCTACAAAG_005,108
CTTCCTTGAACGCTACAAAG_006,146
CTTCCTTGAACGCTACAAAG_007,168
CTTCCTTGAACGCTACAAAG_008,185
CTTCCTTGAACGCTACAAAG_009,96
CTTCCTTGAACGCTACAAAG_010,131
CTTCCTTGAACGCTACAAAG_011,44
CTTCCTTGAACGCTACAAAG_012,43
AACTTTAACTGGGATCACTG_001,184
AACTTTAACTGGGATCACTG_002,2
AACTTTAACTGGGATCACTG_003,2
AACTTTAACTGGGATCACTG_004,94
AACTTTAACTGGGATCACTG_005,150
AACTTTAACTGGGATCACTG_006,83
AACTTTAACTGGGATCACTG_007,50
AACTTTAACTGGGATCACTG_008,35
AACTTTAACTGGGATCACTG_009,29
AACTTTAACTGGGATCACTG_010,11
AACTTTAACTGGGATCACTG_011,175
AACTTTAACTGGGATCACTG_012,160
AACTTTAACTGGGATCACTG_013,96
AACTTTAACTGGGATCACTG_014,17
AACTTTAACTGGGATCACTG_015,85
AACTTTAACTGGGATCACTG_016,44
AACTTTAACTGGGATCACTG_017,113
AACTTTAACTGGGATCACTG_018,40
AACTTTAACTGGGATCACTG_019,146
AACTTTAACTGGGATCACTG_020,117
AACTTTAACTGGGATCACTG_021,119
AACTTTAACTGGGATCACTG_022,8
AACTTTAACTGGGATCACTG_023,149
AACTTTAACTGGGATCACTG_024,63
AACTTTAACTGGGATCACTG_025,69
AACTTTAACTGGGATCACTG_026,50
AACTTTAACTGGGATCACTG_027,74
GGGCCAGGACTTACCTCGCA_001,109
GGGCCAGGACTTACCTCGCA_002,40
GGGCCAGGACTTACCTCGCA_003,160
GGGCCAGGACTTACCTCGCA_004,58
GGGCCAGGACTTACCTCGCA_005,17
GGGCCAGGACTTACCTCGCA_006,165
GGGCCAGGACTTACCTCGCA_007,80
GGGCCAGGACTTACCTCGCA_008,6
GGGCCAGGACTTACCTCGCA_009,88
GGGCCAGGACTTACCTCGCA_010,88
GGGCCAGGACTTACCTCGCA_011,175
GGGCCAGGACTTACCTCGCA_012,94
GGGCCAGGACTTACCTCGCA_013,96
GGGCCAGGACTTACCTCGCA_014,173
GGGCCAGGACTTACCTCGCA_015,173
GGGCCAGGACTTACCTCGCA_016,127
GGGCCAGGACTTACCTCGCA_017,56
GGGCCAGGACTTACCTCGCA_018,105
GGGCCAGGACTTACCTCGCA_019,183
GGGCCAGGACTTACCTCGCA_020,75
GGGCCAGGACTTACCTCGCA_021,166
GGGCCAGGACTTACCTCGCA_022,142
GGGCCAGGACTTACCTCGCA_023,152
GGGCCAGGACTTACCTCGCA_024,43
GGGCCAGGACTTACCTCGCA_025,153
AAGCACGAATCAACAATCGT_001,45
AAGCACGAATCAACAATCGT_002,23
AAGCACGAATCAACAATCGT_003,34
AAGCACGAATCAACAATCGT_004,29
AAGCACGAATCAACAATCGT_005,84
AAGCACGAATCAACAATCGT_006,48
AAGCACGAATCAACAATCGT_007,19
AAGCACGAATCAACAATCGT_008,65
AAGCACGAATCAACAATCGT_009,4
AAGCACGAATCAACAATCGT_010,158
AAGCACGAATCAACAATCGT_011,118
AAGCACGAATCAACAATCGT_012,15
AAGCACGAATCAACAATCGT_013,116
AAGCACGAATCAACAATCGT_014,135
AAGCACGAATCAACAATCGT_015,103
AAGCACGAATCAACAATCGT_016,5
TGAATCAGAATCAGAGAGCA_001,150
TGAATCAGAATCAGAGAGCA_002,140
TGAATCAGAATCAGAGAGCA_003,90
TGAATCAGAATCAGAGAGCA_004,40
TGAATCAGAATCAGAGAGCA_005,175
TGTTGTTAGAGGGCACACGC_001,38
TGTTGTTAGAGGGCACACGC_002,124
TGTTGTTAGAGGGCACACGC_003,64
TGTTGTTAGAGGGCACACGC_004,29
TGTTGTTAGAGGGCACACGC_005,80
TGTTGTTAGAGGGCACACGC_006,108
TGTTGTTAGAGGGCACACGC_007,81
TGTTGTTAGAGGGCACACGC_008,183
TGTTGTTAGAGGGCACACGC_009,141
TGTTGTTAGAGGGCACACGC_010,119
TGTTGTTAGAGGGCACACGC_011,165
TGTTGTTAGAGGGCACACGC_012,40
TGTTGTTAGAGGGCACACGC_013,192
TACCAAGCTAAAGTTCGCCA_001,97
GAAATCAAGAACCTCAAACG_001,74
GAAATCAAGAACCTCAAACG_002,1
GAAATCAAGAACCTCAAACG_003,2
GAAATCAAGAACCTCAAACG_004,110
GAAATCAAGAACCTCAAACG_005,74
CTGGGGACGTCTGAGCGGCA_001,151
CTGGGGACGTCTGAGCGGCA_002,56
CTGGGGACGTCTGAGCGGCA_003,31
CTGGGGACGTCTGAGCGGCA_004,155
CTGGGGACGTCTGAGCGGCA_005,126
CTGGGGACGTCTGAGCGGCA_006,118
CTGGGGACGTCTGAGCGGCA_007,98
CCAAGCCCAGAACTTCACGC_001,102
CCAAGCCCAGAACTTCACGC_002,156
CCAAGCCCAGAACTTCACGC_003,182
CCAAGCCCAGAACTTCACGC_004,197
CCAAGCCCAGAACTTCACGC_005,198
CCAAGCCCAGAACTTCACGC_006,157
CCAAGCCCAGAACTTCACGC_007,158
CCAAGCCCAGAACTTCACGC_008,165
CACATAGGCGAACTTGACGA_001,29
CACATAGGCGAACTTGACGA_002,181
CACATAGGCGAACTTGACGA_003,23
CACATAGGCGAACTTGACGA_004,125
CACATAGGCGAACTTGACGA_005,180
CACATAGGCGAACTTGACGA_006,142
CACATAGGCGAACTTGACGA_007,96
CACATAGGCGAACTTGACGA_008,91
CACATAGGCGAACTTGACGA_009,4
CTTCGGAGTTCCAAACAACA_001,36
CTTCGGAGTTCCAAACAACA_002,144
CGACCATCTTCGCCAACGCG_001,0
CGACCATCTTCGCCAACGCG_002,21
CGACCATCTTCGCCAACGCG_003,54
CGACCATCTTCGCCAACGCG_004,162
CGACCATCTTCGCCAACGCG_005,137
AAGAACTTGGTAGATGCTGG_001,74
AAGAACTTGGTAGATGCTGG_002,158
AAGAACTTGGTAGATGCTGG_003,12
AAGAACTTGGTAGATGCTGG_004,169
AAGAACTTGGTAGATGCTGG_005,192
AAGAACTTGGTAGATGCTGG_006,83
GTGGCCTATAGCCCCCAACG_001,154
GTGGCCTATAGCCCCCAACG_002,78
GTGGCCTATAGCCCCCAACG_003,165
GTGGCCTATAGCCCCCAACG_004,78
ATGACCTGGTTACGGAACAG_001,38
ATGACCTGGTTACGGAACAG_002,135
ATGACCTGGTTACGGAACAG_003,30
ATGACCTGGTTACGGAACAG_004,75
ATGACCTGGTTACGGAACAG_005,81
ATGACCTGGTTACGGAACAG_006,156
ATGACCTGGTTACGGAACAG_007,84
ATGACCTGGTTACGGAACAG_008,19
ATGACCTGGTTACGGAACAG_009,43
CCCCTGTCCAAGGCGTACCA_001,158
CCCCTGTCCAAGGCGTACCA_002,168
CCCCTGTCCAAGGCGTACCA_003,194
CCCCTGTCCAAGGCGTACCA_004,48
CCCCTGTCCAAGGCGTACCA_005,147
CCCCTGTCCAAGGCGTACCA_006,170
CCCCTGTCCAAGGCGTACCA_007,22
CCCCTGTCCAAGGCGTACCA_008,149
CCCCTGTCCAAGGCGTACCA_009,155
CCCCTGTCCAAGGCGTACCA_010,149
CCCCTGTCCAAGGCGTACCA_011,149
CCCCTGTCCAAGGCGTACCA_012,176
CCCCTGTCCAAGGCGTACCA_013,91
CCCCTGTCCAAGGCGTACCA_014,121
CCCCTGTCCAAGGCGTACCA_015,107
CCCCTGTCCAAGGCGTACCA_016,34
CCCCTGTCCAAGGCGTACCA_017,56
CCCCTGTCCAAGGCGTACCA_018,106
CCCCTGTCCAAGGCGTACCA_019,128
CCCCTGTCCAAGGCGTACCA_020,3
CCCCTGTCCAAGGCGTACCA_021,69
CCCCTGTCCAAGGCGTACCA_022,132
CCCCTGTCCAAGGCGTACCA_023,157
CCCCTGTCCAAGGCGTACCA_024,157
CCCCTGTCCAAGGCGTACCA_025,177
CCCCTGTCCAAGGCGTACCA_026,9
CCCCTGTCCAAGGCGTACCA_027,24
CCCCTGTCCAAGGCGTACCA_028,40
CCCCTGTCCAAGGCGTACCA_029,70
CCCCTGTCCAAGGCGTACCA_030,107
CCCCTGTCCAAGGCGTACCA_031,77
CCCCTGTCCAAGGCGTACCA_032,108
CCATGTTGGACAAAAACAGT_001,198
CCATGTTGGACAAAAACAGT_002,191
CCATGTTGGACAAAAACAGT_003,183
CCATGTTGGACAAAAACAGT_004,168
CCATGTTGGACAAAAACAGT_005,86
CCATGTTGGACAAAAACAGT_006,130
CCATGTTGGACAAAAACAGT_007,105
CCATGTTGGACAAAAACAGT_008,170
CCATGTTGGACAAAAACAGT_009,130
CCATGTTGGACAAAAACAGT_010,65
CCATGTTGGACAAAAACAGT_011,194
CCATGTTGGACAAAAACAGT_012,194
CCATGTTGGACAAAAACAGT_013,56
GCATCACCTGAGATCAGCGA_001,197
GCATCACCTGAGATCAGCGA_002,49
GCATCACCTGAGATCAGCGA_003,188
GCATCACCTGAGATCAGCGA_004,25
GCATCACCTGAGATCAGCGA_005,30
GCATCACCTGAGATCAGCGA_006,179
AGCCACGGCGTAGGAGACCA_001,156
AGCCACGGCGTAGGAGACCA_002,91
AGCCACGGCGTAGGAGACCA_003,98
AGCCACGGCGTAGGAGACCA_004,120
AGCCACGGCGTAGGAGACCA_005,72
AGCCACGGCGTAGGAGACCA_006,12
AGCCACGGCGTAGGAGACCA_007,181
AGCCACGGCGTAGGAGACCA_008,51
AGCCACGGCGTAGGAGACCA_009,173
AGCCACGGCGTAGGAGACCA_010,132
AGCCACGGCGTAGGAGACCA_011,29
AGCCACGGCGTAGGAGACCA_012,7
AGCCACGGCGTAGGAGACCA_013,83
AGCCACGGCGTAGGAGACCA_014,178
AGTAAATCTCCAATTCAAAG_001,94
AGTAAATCTCCAATTCAAAG_002,64
AGTAAATCTCCAATTCAAAG_003,51
AGTAAATCTCCAATTCAAAG_004,127
TGAGGTGATAAACTCCTCCG_001,8
TGAGGTGATAAACTCCTCCG_002,169
TGAGGTGATAAACTCCTCCG_003,129
TGAGGTGATAAACTCCTCCG_004,124
TGAGGTGATAAACTCCTCCG_005,34
TGAGGTGATAAACTCCTCCG_006,95
TGAGGTGATAAACTCCTCCG_007,137
TGAGGTGATAAACTCCTCCG_008,174
TGAGGTGATAAACTCCTCCG_009,70
GGAGATGAGCCAGTCCACCA_001,76
GGAGATGAGCCAGTCCACCA_002,140
GGAGATGAGCCAGTCCACCA_003,37
GGAGATGAGCCAGTCCACCA_004,35
GGAGATGAGCCAGTCCACCA_005,60
GGAGATGAGCCAGTCCACCA_006,144
GGAGATGAGCCAGTCCACCA_007,116
GGAGATGAGCCAGTCCACCA_008,188
GGAGATGAGCCAGTCCACCA_009,175
GGAGATGAGCCAGTCCACCA_010,166
GGAGATGAGCCAGTCCACCA_011,13
GGAGATGAGCCAGTCCACCA_012,35
GGAGATGAGCCAGTCCACCA_013,29
GGAGATGAGCCAGTCCACCA_014,163
GGAGATGAGCCAGTCCACCA_015,181
GGAGATGAGCCAGTCCACCA_016,115
GGAGATGAGCCAGTCCACCA_017,119
GGAGATGAGCCAGTCCACCA_018,131
GGAGATGAGCCAGTCCACCA_019,94
GGAGATGAGCCAGTCCACCA_020,192
GGAGATGAGCCAGTCCACCA_021,58
GGAGATGAGCCAGTCCACCA_022,58
GGAGATGAGCCAGTCCACCA_023,106
GGAGATGAGCCAGTCCACCA_024,94
GGAGATGAGCCAGTCCACCA_025,26
GGAGATGAGCCAGTCCACCA_026,35
CACAGACTTTGAGTCCCCCG_001,157
CACAGACTTTGAGTCCCCCG_002,148
CTGCCTGGGAGACAGCGCAG_001,184
CTGCCTGGGAGACAGCGCAG_002,184
CTGCCTGGGAGACAGCGCAG_003,118
CTGCCTGGGAGACAGCGCAG_004,92
CTGCCTGGGAGACAGCGCAG_005,88
CTGCCTGGGAGACAGCGCAG_006,107
CTGCCTGGGAGACAGCGCAG_007,15
CTGCCTGGGAGACAGCGCAG_008,176
CTGCCTGGGAGACAGCGCAG_009,118
CTGCCTGGGAGACAGCGCAG_010,183
CTGCCTGGGAGACAGCGCAG_011,102
GTGGCTCGTGAAATGCACTG_001,88
GTGGCTCGTGAAATGCACTG_002,194
GTGGCTCGTGAAATGCACTG_003,127
GTGGCTCGTGAAATGCACTG_004,133
GTGGCTCGTGAAATGCACTG_005,29
GTGGCTCGTGAAATGCACTG_006,67
GTGGCTCGTGAAATGCACTG_007,76
GTGGCTCGTGAAATGCACTG_008,49
GTGGCTCGTGAAATGCACTG_009,106
GTGGCTCGTGAAATGCACTG_010,198
GTGGCTCGTGAAATGCACTG_011,63
GTGGCTCGTGAAATGCACTG_012,123
CCTGGTTGGATCAAATGCAG_001,56
CCTGGTTGGATCAAATGCAG_002,83
CCTGGTTGGATCAAATGCAG_003,158
CCTGGTTGGATCAAATGCAG_004,74
CCTGGTTGGATCAAATGCAG_005,178
CCTGGTTGGATCAAATGCAG_006,8
CCTGGTTGGATCAAATGCAG_007,160
CCTGGTTGGATCAAATGCAG_008,80
CCTGGTTGGATCAAATGCAG_009,30
CCTGGTTGGATCAAATGCAG_010,113
CCTGGTTGGATCAAATGCAG_011,77
CCTGGTTGGATCAAATGCAG_012,68
CCTGGTTGGATCAAATGCAG_013,71
CCTGGTTGGATCAAATGCAG_014,78
CCTGGTTGGATCAAATGCAG_015,126
CCTGGTTGGATCAAATGCAG_016,147
CCTGGTTGGATCAAATGCAG_017,158
CCTGGTTGGATCAAATGCAG_018,133
CCTGGTTGGATCAAATGCAG_019,72
CCTGGTTGGATCAAATGCAG_020,150
CCTGGTTGGATCAAATGCAG_021,0
CCTGGTTGGATCAAATGCAG_022,30
CCTGGTTGGATCAAATGCAG_023,12
CCTGGTTGGATCAAATGCAG_024,177
CCTGGTTGGATCAAATGCAG_025,138
CCTGGTTGGATCAAATGCAG_026,3
CCTGGTTGGATCAAATGCAG_027,94
CCTGGTTGGATCAAATGCAG_028,157
CCTGGTTGGATCAAATGCAG_029,91
CAGCCCTAGAGAAACGTGCG_001,178
CAAGTGGGTTGGCAGCACGC_001,176
CAAGTGGGTTGGCAGCACGC_002,165
CAAGTGGGTTGGCAGCACGC_003,191
CAAGTGGGTTGGCAGCACGC_004,145
CAAGTGGGTTGGCAGCACGC_005,6
CAAGTGGGTTGGCAGCACGC_006,68
CAAGTGGGTTGGCAGCACGC_007,158
CAAGTGGGTTGGCAGCACGC_008,58
CAAGTGGGTTGGCAGCACGC_009,161
CAAGTGGGTTGGCAGCACGC_010,177
CAAGTGGGTTGGCAGCACGC_011,118
CAAGTGGGTTGGCAGCACGC_012,11
CAAGTGGGTTGGCAGCACGC_013,147
CAAGTGGGTTGGCAGCACGC_014,80
CAAGTGGGTTGGCAGCACGC_015,166
CAAGTGGGTTGGCAGCACGC_016,1
CAAGTGGGTTGGCAGCACGC_017,121
CAAGTGGGTTGGCAGCACGC_018,112
CAAGTGGGTTGGCAGCACGC_019,6
CAAGTGGGTTGGCAGCACGC_020,16
CAAGTGGGTTGGCAGCACGC_021,117
CAAGTGGGTTGGCAGCACGC_022,141
CAAGTGGGTTGGCAGCACGC_023,32
CAAGTGGGTTGGCAGCACGC_024,147
CAAGTGGGTTGGCAGCACGC_025,68
CAAGTGGGTTGGCAGCACGC_026,98
CAAGTGGGTTGGCAGCACGC_027,184
CAAGTGGGTTGGCAGCACGC_028,19
CAAGTGGGTTGGCAGCACGC_029,138
CAAGTGGGTTGGCAGCACGC_030,141
CAAGTGGGTTGGCAGCACGC_031,178
CAAGTGGGTTGGCAGCACGC_032,148
CAAGTGGGTTGGCAGCACGC_033,97
CAAGTGGGTTGGCAGCACGC_034,182
CAAGTGGGTTGGCAGCACGC_035,112
CAAGTGGGTTGGCAGCACGC_036,195
CAAGTGGGTTGGCAGCACGC_037,98
CAAGTGGGTTGGCAGCACGC_038,148
CAAGTGGGTTGGCAGCACGC_039,166
CAAGTGGGTTGGCAGCACGC_040,52
CAAGTGGGTTGGCAGCACGC_041,60
CAAGTGGGTTGGCAGCACGC_042,182
CAAGTGGGTTGGCAGCACGC_043,166
CAAGTGGGTTGGCAGCACGC_044,191
CAAGTGGGTTGGCAGCACGC_045,118
CAAGTGGGTTGGCAGCACGC_046,198
CAAGTGGGTTGGCAGCACGC_047,1
CAAGTGGGTTGGCAGCACGC_048,12
CAAGTGGGTTGGCAGCACGC_049,169
CATGGAGCGCATCCCTAACA_001,80
CATGGAGCGCATCCCTAACA_002,107
CATGGAGCGCATCCCTAACA_003,60
CATGGAGCGCATCCCTAACA_004,94
CATGGAGCGCATCCCTAACA_005,94
CATGGAGCGCATCCCTAACA_006,32
CATGGAGCGCATCCCTAACA_007,170
CATGGAGCGCATCCCTAACA_008,190
CATGGAGCGCATCCCTAACA_009,122
TGAAGAAATCCATGCCATGA_001,105
TGAAGAAATCCATGCCATGA_002,17
TGAATATGCAATCTCGAATG_001,49
CGGCCAAAGAATTAGAAGTT_001,146
CGGCCAAAGAATTAGAAGTT_002,15
CGGCCAAAGAATTAGAAGTT_003,191
CGGCCAAAGAATTAGAAGTT_004,116
CGGCCAAAGAATTAGAAGTT_005,90
CGGCCAAAGAATTAGAAGTT_006,180
TGATCCACAATAGTGGCATG_001,88
TGATCCACAATAGTGGCATG_002,142
GTGGAGATGTGCCCTAGGAT_001,50
GTGGAGATGTGCCCTAGGAT_002,190
GTGGAGATGTGCCCTAGGAT_003,95
GTGGAGATGTGCCCTAGGAT_004,52
GTGGAGATGTGCCCTAGGAT_005,150
CCTGATCAATAAAAGGCGAC_001,106
CCTCGTACCCAAGCTCGCTG_001,178
CCTCGTACCCAAGCTCGCTG_002,12
CCTCGTACCCAAGCTCGCTG_003,134
CCTCGTACCCAAGCTCGCTG_004,171
CCTCGTACCCAAGCTCGCTG_005,100
CCTCGTACCCAAGCTCGCTG_006,62
CCTCGTACCCAAGCTCGCTG_007,181
CCTCGTACCCAAGCTCGCTG_008,129
CCTCGTACCCAAGCTCGCTG_009,1
CCTCGTACCCAAGCTCGCTG_010,155
CCTCGTACCCAAGCTCGCTG_011,139
CCTCGTACCCAAGCTCGCTG_012,130
CCTCGTACCCAAGCTCGCTG_013,112
CCTCGTACCCAAGCTCGCTG_014,16
CCTCGTACCCAAGCTCGCTG_015,129
CCTCGTACCCAAGCTCGCTG_016,80
CCTCGTACCCAAGCTCGCTG_017,129
CCTCGTACCCAAGCTCGCTG_018,181
CCTCGTACCCAAGCTCGCTG_019,106
TCAAACTGCAGATCCCACGC_001,77
TCAAACTGCAGATCCCACGC_002,83
TCAAACTGCAGATCCCACGC_003,76
TCAAACTGCAGATCCCACGC_004,64
TCAAACTGCAGATCCCACGC_005,44
GGTGAATGAGATGATCGTCA_001,32
GGTGAATGAGATGATCGTCA_002,125
GGTGAATGAGATGATCGTCA_003,148
GGTGAATGAGATGATCGTCA_004,35
GGTGAATGAGATGATCGTCA_005,198
GGTGAATGAGATGATCGTCA_006,40
GGTGAATGAGATGATCGTCA_007,28
GGTGAATGAGATGATCGTCA_008,124
GGTGAATGAGATGATCGTCA_009,1
GGTGAATGAGATGATCGTCA_010,115
GGTGAATGAGATGATCGTCA_011,188
GGTGAATGAGATGATCGTCA_012,119
GCAGGCTGCCAGACACATAG_001,127
GCAGGCTGCCAGACACATAG_002,77
GCAGGCTGCCAGACACATAG_003,36
GCAGGCTGCCAGACACATAG_004,77
GCAGGCTGCCAGACACATAG_005,190
GCAGGCTGCCAGACACATAG_006,17
GCAGGCTGCCAGACACATAG_007,2
GCAGGCTGCCAGACACATAG_008,2
GCAGGCTGCCAGACACATAG_009,198
GCAGGCTGCCAGACACATAG_010,156
GCAGGCTGCCAGACACATAG_011,156
GCAGGCTGCCAGACACATAG_012,193
GCAGGCTGCCAGACACATAG_013,90
GCAGGCTGCCAGACACATAG_014,175
GCAGGCTGCCAGACACATAG_015,88
GCAGGCTGCCAGACACATAG_016,1
GCAGGCTGCCAGACACATAG_017,4
GCAGGCTGCCAGACACATAG_018,130
GATCATCGACATGGTCAAGG_001,94
GATCATCGACATGGTCAAGG_002,78
GATCATCGACATGGTCAAGG_003,152
GATCATCGACATGGTCAAGG_004,177
GATCATCGACATGGTCAAGG_005,28
GATCATCGACATGGTCAAGG_006,163
GATCATCGACATGGTCAAGG_007,79
GATCATCGACATGGTCAAGG_008,108
GATCATCGACATGGTCAAGG_009,35
CAACTTCTCGCGCACTCGAA_001,73
CAACTTCTCGCGCACTCGAA_002,45
CAACTTCTCGCGCACTCGAA_003,85
CAACTTCTCGCGCACTCGAA_004,40
CAACTTCTCGCGCACTCGAA_005,71
CAACTTCTCGCGCACTCGAA_006,45
CAACTTCTCGCGCACTCGAA_007,175
CAACTTCTCGCGCACTCGAA_008,158
CAACTTCTCGCGCACTCGAA_009,38
CAACTTCTCGCGCACTCGAA_010,64
CAACTTCTCGCGCACTCGAA_011,10
CAACTTCTCGCGCACTCGAA_012,79
CAACTTCTCGCGCACTCGAA_013,112
CAACTTCTCGCGCACTCGAA_014,147
CAACTTCTCGCGCACTCGAA_015,44
CAACTTCTCGCGCACTCGAA_016,84
CAACTTCTCGCGCACTCGAA_017,168
CAACTTCTCGCGCACTCGAA_018,23
CAACTTCTCGCGCACTCGAA_019,12
GGGCTCGAAAGCTCTGAGGG_001,116
GGGCTCGAAAGCTCTGAGGG_002,141
GGGCTCGAAAGCTCTGAGGG_003,98
GGGCTCGAAAGCTCTGAGGG_004,190
GGGCTCGAAAGCTCTGAGGG_005,129
GGGCTCGAAAGCTCTGAGGG_006,166
GGGCTCGAAAGCTCTGAGGG_007,38
GGGCTCGAAAGCTCTGAGGG_008,48
GGGCTCGAAAGCTCTGAGGG_009,34
GGGCTCGAAAGCTCTGAGGG_010,16
GGGCTCGAAAGCTCTGAGGG_011,144
GGGCTCGAAAGCTCTGAGGG_012,94
GGGCTCGAAAGCTCTGAGGG_013,77
GGGCTCGAAAGCTCTGAGGG_014,177
GGGCTCGAAAGCTCTGAGGG_015,197
GGGCTCGAAAGCTCTGAGGG_016,190
GGGCTCGAAAGCTCTGAGGG_017,169
GGGCTCGAAAGCTCTGAGGG_018,169
GGGCTCGAAAGCTCTGAGGG_019,34
GGGCTCGAAAGCTCTGAGGG_020,82
GGGCTCGAAAGCTCTGAGGG_021,58
GGGCTCGAAAGCTCTGAGGG_022,30
GGGCTCGAAAGCTCTGAGGG_023,33
GGGCTCGAAAGCTCTGAGGG_024,188
GGGCTCGAAAGCTCTGAGGG_025,60
GGGCTCGAAAGCTCTGAGGG_026,76
GGGCTCGAAAGCTCTGAGGG_027,90
GGGCTCGAAAGCTCTGAGGG_028,79
GGGCTCGAAAGCTCTGAGGG_029,90
GGGCTCGAAAGCTCTGAGGG_030,123
GGGCTCGAAAGCTCTGAGGG_031,8
GGGCTCGAAAGCTCTGAGGG_032,148
GGGCTCGAAAGCTCTGAGGG_033,112
GGGCTCGAAAGCTCTGAGGG_034,42
GGGCTCGAAAGCTCTGAGGG_035,40
GGCCATGTCTGTGTACGCAG_001,115
GGCCATGTCTGTGTACGCAG_002,48
GTATGCCCATTACTTCCTAG_001,89
CATGTAGATGGGATGTGGCA_001,137
CATGTAGATGGGATGTGGCA_002,191
CATGTAGATGGGATGTGGCA_003,62
CATGTAGATGGGATGTGGCA_004,130
CATGTAGATGGGATGTGGCA_005,69
CATGTAGATGGGATGTGGCA_006,172
CATGTAGATGGGATGTGGCA_007,124
CATGTAGATGGGATGTGGCA_008,22
CATGTAGATGGGATGTGGCA_009,126
GCAACATTGACATCTCCAGT_001,14
GCAACATTGACATCTCCAGT_002,82
GCAACATTGACATCTCCAGT_003,158
GCAACATTGACATCTCCAGT_004,0
GCAACATTGACATCTCCAGT_005,136
GCAACATTGACATCTCCAGT_006,147
AGGACTCCAGTCATATGCAG_001,176
AGGACTCCAGTCATATGCAG_002,94
AGGACTCCAGTCATATGCAG_003,26
AGGACTCCAGTCATATGCAG_004,13
AGGACTCCAGTCATATGCAG_005,86
AGGACTCCAGTCATATGCAG_006,23
AGGACTCCAGTCATATGCAG_007,173
AGGACTCCAGTCATATGCAG_008,173
AGGACTCCAGTCATATGCAG_009,150
AGGACTCCAGTCATATGCAG_010,186
AGGACTCCAGTCATATGCAG_011,186
AGGACTCCAGTCATATGCAG_012,198
AGGACTCCAGTCATATGCAG_013,138
AGGACTCCAGTCATATGCAG_014,49
AGGACTCCAGTCATATGCAG_015,173
AGGACTCCAGTCATATGCAG_016,173
AGGACTCCAGTCATATGCAG_017,114
AGGACTCCAGTCATATGCAG_018,42
AGGACTCCAGTCATATGCAG_019,153
AGGACTCCAGTCATATGCAG_020,18
AGGACTCCAGTCATATGCAG_021,33
AGGACTCCAGTCATATGCAG_022,76
AGGACTCCAGTCATATGCAG_023,161
AGGACTCCAGTCATATGCAG_024,31
AGGACTCCAGTCATATGCAG_025,115
AGGACTCCAGTCATATGCAG_026,141
AGGACTCCAGTCATATGCAG_027,140
AGGACTCCAGTCATATGCAG_028,130
AGGACTCCAGTCATATGCAG_029,104
AGGACTCCAGTCATATGCAG_030,74
GCAGGTTCCGTAAATCCCGA_001,149
GCAGGTTCCGTAAATCCCGA_002,47
GCAGGTTCCGTAAATCCCGA_003,144
GCAGGTTCCGTAAATCCCGA_004,159
GCAGGTTCCGTAAATCCCGA_005,76
GCAGGTTCCGTAAATCCCGA_006,47
GTAAACTCTGAGTACTACAC_001,172
GTAAACTCTGAGTACTACAC_002,80
GTAAACTCTGAGTACTACAC_003,14
GTAAACTCTGAGTACTACAC_004,174
GTAAACTCTGAGTACTACAC_005,8
GTAAACTCTGAGTACTACAC_006,43
GGTGTCACTTCTTCGTATGT_001,147
GGTGTCACTTCTTCGTATGT_002,95
GGTGTCACTTCTTCGTATGT_003,157
GGTGTCACTTCTTCGTATGT_004,107
GGTGTCACTTCTTCGTATGT_005,11
CAGACCAGAGACCAAATGGT_001,150
CAGACCAGAGACCAAATGGT_002,130
CAGACCAGAGACCAAATGGT_003,145
CAGACCAGAGACCAAATGGT_004,34
CAGACCAGAGACCAAATGGT_005,30
CAGACCAGAGACCAAATGGT_006,48
CAGACCAGAGACCAAATGGT_007,140
CAGACCAGAGACCAAATGGT_008,88
CAGACCAGAGACCAAATGGT_009,76
CAGACCAGAGACCAAATGGT_010,169
CAGACCAGAGACCAAATGGT_011,182
CAGACCAGAGACCAAATGGT_012,141
CAGACCAGAGACCAAATGGT_013,22
CAGACCAGAGACCAAATGGT_014,11
CAGACCAGAGACCAAATGGT_015,11
CAGACCAGAGACCAAATGGT_016,38
CACCTCTACAGACCTTACCA_001,141
CACCTCTACAGACCTTACCA_002,119
CACCTCTACAGACCTTACCA_003,166
CACCTCTACAGACCTTACCA_004,129
CACCTCTACAGACCTTACCA_005,8
CACCTCTACAGACCTTACCA_006,123
CACCTCTACAGACCTTACCA_007,137
CACCTCTACAGACCTTACCA_008,17
CACCTCTACAGACCTTACCA_009,10
AAATTACCAAATACCTGCGG_001,63
AAATTACCAAATACCTGCGG_002,48
AAATTACCAAATACCTGCGG_003,150
AAATTACCAAATACCTGCGG_004,9
AAATTACCAAATACCTGCGG_005,141
AAATTACCAAATACCTGCGG_006,185
AAATTACCAAATACCTGCGG_007,55
AAATTACCAAATACCTGCGG_008,190
CTCACCTTTCTCGGCCGCGG_001,149
CTCACCTTTCTCGGCCGCGG_002,74
CTCACCTTTCTCGGCCGCGG_003,54
CTCACCTTTCTCGGCCGCGG_004,139
CTCACCTTTCTCGGCCGCGG_005,12
CTCACCTTTCTCGGCCGCGG_006,16
CCCAGACACCCTGAACCAGG_001,43
CCCAGACACCCTGAACCAGG_002,56
CCCAGACACCCTGAACCAGG_003,63
CCCAGACACCCTGAACCAGG_004,188
CCCAGACACCCTGAACCAGG_005,78
GGTCGCTGCTGCATTCATAG_001,6
GGTCGCTGCTGCATTCATAG_002,42
GGTCGCTGCTGCATTCATAG_003,58
TCCCGAACATAGGCTATCTG_001,55
TCCCGAACATAGGCTATCTG_002,160
TCCCGAACATAGGCTATCTG_003,17
TCCCGAACATAGGCTATCTG_004,120
TCCCGAACATAGGCTATCTG_005,162
TCCCGAACATAGGCTATCTG_006,145
TCCCGAACATAGGCTATCTG_007,81
TCCCGAACATAGGCTATCTG_008,32
TCCCGAACATAGGCTATCTG_009,178
TCCCGAACATAGGCTATCTG_010,178
TCCCGAACATAGGCTATCTG_011,41
TCCCGAACATAGGCTATCTG_012,104
ACAGTCCTACCTCCGAAGGC_001,168
ACAGTCCTACCTCCGAAGGC_002,32
ACAGTCCTACCTCCGAAGGC_003,156
ACAGTCCTACCTCCGAAGGC_004,72
ACAGTCCTACCTCCGAAGGC_005,172
ACAGTCCTACCTCCGAAGGC_006,32
ACAGTCCTACCTCCGAAGGC_007,78
ACAGTCCTACCTCCGAAGGC_008,184
ACAGTCCTACCTCCGAAGGC_009,150
ACAGTCCTACCTCCGAAGGC_010,189
ACAGTCCTACCTCCGAAGGC_011,76
ACAGTCCTACCTCCGAAGGC_012,141
ACAGTCCTACCTCCGAAGGC_013,197
ACAGTCCTACCTCCGAAGGC_014,84
ACAGTCCTACCTCCGAAGGC_015,149
ACAGTCCTACCTCCGAAGGC_016,195
TCGGCAGCATCATGCCCGTG_001,188
TCGGCAGCATCATGCCCGTG_002,176
TCGGCAGCATCATGCCCGTG_003,58
TCGGCAGCATCATGCCCGTG_004,9
TCGGCAGCATCATGCCCGTG_005,94
TCGGCAGCATCATGCCCGTG_006,158
TCGGCAGCATCATGCCCGTG_007,7
TCGGCAGCATCATGCCCGTG_008,150
TCGGCAGCATCATGCCCGTG_009,162
TCGGCAGCATCATGCCCGTG_010,75
ATGACAAAATACGAACCTTG_001,176
ATGACAAAATACGAACCTTG_002,134
ATGACAAAATACGAACCTTG_003,140
ATGACAAAATACGAACCTTG_004,170
ATGACAAAATACGAACCTTG_005,31
ATGACAAAATACGAACCTTG_006,94
ATGACAAAATACGAACCTTG_007,150
ATGACAAAATACGAACCTTG_008,53
ATGACAAAATACGAACCTTG_009,178
ATGACAAAATACGAACCTTG_010,36
CGTGGTAAAAGTACTCAGCA_001,108
CGTGGTAAAAGTACTCAGCA_002,108
CGTGGTAAAAGTACTCAGCA_003,173
CGTGGTAAAAGTACTCAGCA_004,173
CGTGGTAAAAGTACTCAGCA_005,136
CGTGGTAAAAGTACTCAGCA_006,194
CGTGGTAAAAGTACTCAGCA_007,134
CGTGGTAAAAGTACTCAGCA_008,186
GAAGAGCAAGCACTACCCAG_001,53
GAAGAGCAAGCACTACCCAG_002,2
GAAGAGCAAGCACTACCCAG_003,2
GAAGAGCAAGCACTACCCAG_004,58
GAAGAGCAAGCACTACCCAG_005,107
GAAGAGCAAGCACTACCCAG_006,131
GAAGAGCAAGCACTACCCAG_007,198
GAAGAGCAAGCACTACCCAG_008,130
GAAGAGCAAGCACTACCCAG_009,63
GAAGAGCAAGCACTACCCAG_010,55
GAAGAGCAAGCACTACCCAG_011,191
GAAGAGCAAGCACTACCCAG_012,2
GAAGAGCAAGCACTACCCAG_013,145
GAAGAGCAAGCACTACCCAG_014,24
GAAGAGCAAGCACTACCCAG_015,88
GAAGAGCAAGCACTACCCAG_016,184
GAAGAGCAAGCACTACCCAG_017,113
GAAGAGCAAGCACTACCCAG_018,9
GAAGAGCAAGCACTACCCAG_019,63
GAAGAGCAAGCACTACCCAG_020,86
GAAGAGCAAGCACTACCCAG_021,142
TGTACGACATGATCCTACTG_001,32
TGTACGACATGATCCTACTG_002,81
TGTACGACATGATCCTACTG_003,185
TGTACGACATGATCCTACTG_004,74
GCCAAGACTGATCTGATTGG_001,9
GCCAAGACTGATCTGATTGG_002,22
GCTGTTCCTACATAGACCCC_001,80
CTGAAAGCAAGACCAGATGA_001,58
CTGAAAGCAAGACCAGATGA_002,48
CTGAAAGCAAGACCAGATGA_003,158
CTGAAAGCAAGACCAGATGA_004,82
CTGAAAGCAAGACCAGATGA_005,176
CTGAAAGCAAGACCAGATGA_006,30
CTGAAAGCAAGACCAGATGA_007,71
CTGAAAGCAAGACCAGATGA_008,34
CTGAAAGCAAGACCAGATGA_009,165
CTGAAAGCAAGACCAGATGA_010,65
CTGAAAGCAAGACCAGATGA_011,133
CTGAAAGCAAGACCAGATGA_012,169
CTGAAAGCAAGACCAGATGA_013,144
CTGAAAGCAAGACCAGATGA_014,171
CTGAAAGCAAGACCAGATGA_015,41
CTGAAAGCAAGACCAGATGA_016,180
CTGAAAGCAAGACCAGATGA_017,191
CTGAAAGCAAGACCAGATGA_018,49
CTGAAAGCAAGACCAGATGA_019,123
CGACTACGTGAGCTTCCAGT_001,170
CGACTACGTGAGCTTCCAGT_002,80
CGACTACGTGAGCTTCCAGT_003,50
CGACTACGTGAGCTTCCAGT_004,88
CGACTACGTGAGCTTCCAGT_005,81
CTGGAACCATATTTACATGG_001,56
CCCTGAAGAACCATCTACTG_001,80
CCCTGAAGAACCATCTACTG_002,177
CCCTGAAGAACCATCTACTG_003,199
CCCTGAAGAACCATCTACTG_004,138
CCCTGAAGAACCATCTACTG_005,199
CCCTGAAGAACCATCTACTG_006,148
CCCTGAAGAACCATCTACTG_007,19
CCCTGAAGAACCATCTACTG_008,145
CCCTGAAGAACCATCTACTG_009,79
CCCTGAAGAACCATCTACTG_010,112
GAAAGAGGGTCACTTCAGGT_001,193
GAAAGAGGGTCACTTCAGGT_002,36
GAAAGAGGGTCACTTCAGGT_003,115
GAAAGAGGGTCACTTCAGGT_004,66
GAAAGAGGGTCACTTCAGGT_005,115
GCCAACCACGAGGCTGTCGT_001,88
GCCAACCACGAGGCTGTCGT_002,199
GCCAACCACGAGGCTGTCGT_003,156
GCCAACCACGAGGCTGTCGT_004,99
GCCAACCACGAGGCTGTCGT_005,113
GCCAACCACGAGGCTGTCGT_006,143
GCCAACCACGAGGCTGTCGT_007,108
GCCAACCACGAGGCTGTCGT_008,12
GCCAACCACGAGGCTGTCGT_009,106
GCCAACCACGAGGCTGTCGT_010,49
GCCAACCACGAGGCTGTCGT_011,125
GCCAACCACGAGGCTGTCGT_012,97
GCCAACCACGAGGCTGTCGT_013,160
GCCAACCACGAGGCTGTCGT_014,83
GCCAACCACGAGGCTGTCGT_015,12
GCCAACCACGAGGCTGTCGT_016,107
GCCAACCACGAGGCTGTCGT_017,183
GCCAACCACGAGGCTGTCGT_018,78
GCCAACCACGAGGCTGTCGT_019,106
TCAATATTAAGGTAGAGAGG_001,41
TCAATATTAAGGTAGAGAGG_002,60
TCAATATTAAGGTAGAGAGG_003,35
TGTCCAGTCCCGCACACCGT_001,80
TGTCCAGTCCCGCACACCGT_002,161
TGTCCAGTCCCGCACACCGT_003,166
TTTATAATGAGAGAGCAGCT_001,127
TTTATAATGAGAGAGCAGCT_002,113
TTTATAATGAGAGAGCAGCT_003,2
TTTATAATGAGAGAGCAGCT_004,107
TTTATAATGAGAGAGCAGCT_005,18
TTTATAATGAGAGAGCAGCT_006,103
TTTATAATGAGAGAGCAGCT_007,105
TTTATAATGAGAGAGCAGCT_008,70
TTTATAATGAGAGAGCAGCT_009,145
TTTATAATGAGAGAGCAGCT_010,148
TTTATAATGAGAGAGCAGCT_011,61
TTTATAATGAGAGAGCAGCT_012,40
TTTATAATGAGAGAGCAGCT_013,155
TTACCTATAAATCCTGTACC_001,50
TTACCTATAAATCCTGTACC_002,178
TTACCTATAAATCCTGTACC_003,193
TTACCTATAAATCCTGTACC_004,2
AAGCATGGCTTGTAGACCCG_001,134
AAGCATGGCTTGTAGACCCG_002,172
AAGCATGGCTTGTAGACCCG_003,129
AAGCATGGCTTGTAGACCCG_004,150
AAGCATGGCTTGTAGACCCG_005,49
AAGCATGGCTTGTAGACCCG_006,96
AAGCATGGCTTGTAGACCCG_007,75
AAGCATGGCTTGTAGACCCG_008,147
AAGCATGGCTTGTAGACCCG_009,174
GAGATACCTCAGCCCGACAG_001,158
GAGATACCTCAGCCCGACAG_002,77
GAGATACCTCAGCCCGACAG_003,88
GAGATACCTCAGCCCGACAG_004,16
GAGATACCTCAGCCCGACAG_005,48
GAGATACCTCAGCCCGACAG_006,130
GAGATACCTCAGCCCGACAG_007,69
GAGATACCTCAGCCCGACAG_008,63
GAGATACCTCAGCCCGACAG_009,24
GAGATACCTCAGCCCGACAG_010,121
GAGATACCTCAGCCCGACAG_011,80
GAGATACCTCAGCCCGACAG_012,177
GAGATACCTCAGCCCGACAG_013,104
GAGATACCTCAGCCCGACAG_014,83
AGACTCCAGACCACCCCGAG_001,152
AGACTCCAGACCACCCCGAG_002,56
AGACTCCAGACCACCCCGAG_003,147
AGACTCCAGACCACCCCGAG_004,133
AGACTCCAGACCACCCCGAG_005,157
AGACTCCAGACCACCCCGAG_006,146
AGACTCCAGACCACCCCGAG_007,107
AGACTCCAGACCACCCCGAG_008,56
AGACTCCAGACCACCCCGAG_009,127
AGACTCCAGACCACCCCGAG_010,63
AGACTCCAGACCACCCCGAG_011,127
AGACTCCAGACCACCCCGAG_012,144
AGACTCCAGACCACCCCGAG_013,6
ACCACATCCTCGGAGAACAG_001,146
ACCACATCCTCGGAGAACAG_002,62
ACCACATCCTCGGAGAACAG_003,127
ACCACATCCTCGGAGAACAG_004,149
ACCACATCCTCGGAGAACAG_005,153
ACCACATCCTCGGAGAACAG_006,172
ACCACATCCTCGGAGAACAG_007,106
ACCACATCCTCGGAGAACAG_008,161
GCTGCATGGTCAAATGGACA_001,27
GCTGCATGGTCAAATGGACA_002,54
GCTGCATGGTCAAATGGACA_003,162
AGGCCCCTACGGCGCCAACA_001,159
AGGCCCCTACGGCGCCAACA_002,4
AGGCCCCTACGGCGCCAACA_003,28
AGGCCCCTACGGCGCCAACA_004,159
AGGCCCCTACGGCGCCAACA_005,6
AGGCCCCTACGGCGCCAACA_006,97
AGGCCCCTACGGCGCCAACA_007,32
AGGCCCCTACGGCGCCAACA_008,6
AGGCCCCTACGGCGCCAACA_009,136
GAGACCAAGAGATGGCAGCT_001,12
GAGACCAAGAGATGGCAGCT_002,107
GAGACCAAGAGATGGCAGCT_003,115
GAGACCAAGAGATGGCAGCT_004,23
GAGACCAAGAGATGGCAGCT_005,0
GAGACCAAGAGATGGCAGCT_006,14
GAGACCAAGAGATGGCAGCT_007,57
GAGACCAAGAGATGGCAGCT_008,4
GAGACCAAGAGATGGCAGCT_009,4
GAGACCAAGAGATGGCAGCT_010,177
GAGACCAAGAGATGGCAGCT_011,170
GAGACCAAGAGATGGCAGCT_012,87
GAGACCAAGAGATGGCAGCT_013,102
GAGACCAAGAGATGGCAGCT_014,70
GAGACCAAGAGATGGCAGCT_015,185
GAGACCAAGAGATGGCAGCT_016,129
GAGACCAAGAGATGGCAGCT_017,20
GAGACCAAGAGATGGCAGCT_018,149
GAGACCAAGAGATGGCAGCT_019,55
GAGACCAAGAGATGGCAGCT_020,35
GAGACCAAGAGATGGCAGCT_021,29
GAGACCAAGAGATGGCAGCT_022,41
GAGACCAAGAGATGGCAGCT_023,158
GAGACCAAGAGATGGCAGCT_024,77
GAGACCAAGAGATGGCAGCT_025,169
GAGACCAAGAGATGGCAGCT_026,175
GAGACCAAGAGATGGCAGCT_027,83
GAGACCAAGAGATGGCAGCT_028,13
GAGACCAAGAGATGGCAGCT_029,43
GAGACCAAGAGATGGCAGCT_030,196
GAGACCAAGAGATGGCAGCT_031,83
GAGACCAAGAGATGGCAGCT_032,141
GAGACCAAGAGATGGCAGCT_033,188
GAGACCAAGAGATGGCAGCT_034,107
GAGACCAAGAGATGGCAGCT_035,20
GAGACCAAGAGATGGCAGCT_036,29
GAGACCAAGAGATGGCAGCT_037,197
GAGACCAAGAGATGGCAGCT_038,14
GAGACCAAGAGATGGCAGCT_039,82
GAGACCAAGAGATGGCAGCT_040,42
GAGACCAAGAGATGGCAGCT_041,188
GAGACCAAGAGATGGCAGCT_042,103
GAGACCAAGAGATGGCAGCT_043,197
GAGACCAAGAGATGGCAGCT_044,36
GAGACCAAGAGATGGCAGCT_045,107
GAGACCAAGAGATGGCAGCT_046,188
GAGACCAAGAGATGGCAGCT_047,121
GAGACCAAGAGATGGCAGCT_048,93
GAGACCAAGAGATGGCAGCT_049,179
GAGACCAAGAGATGGCAGCT_050,3
GAGACCAAGAGATGGCAGCT_051,121
GAGACCAAGAGATGGCAGCT_052,62
GAGACCAAGAGATGGCAGCT_053,137
GAGACCAAGAGATGGCAGCT_054,124
GAGACCAAGAGATGGCAGCT_055,17
GAGACCAAGAGATGGCAGCT_056,69
GAGACCAAGAGATGGCAGCT_057,181
ACAGCTGCCAACCAAACGGG_001,70
ACAGCTGCCAACCAAACGGG_002,183
ACAGCTGCCAACCAAACGGG_003,199
ACAGCTGCCAACCAAACGGG_004,138
ACAGCTGCCAACCAAACGGG_005,149
ACAGCTGCCAACCAAACGGG_006,182
ACAGCTGCCAACCAAACGGG_007,145
ACAGCTGCCAACCAAACGGG_008,56
ACAGCTGCCAACCAAACGGG_009,171
ACAGCTGCCAACCAAACGGG_010,14
ACAGCTGCCAACCAAACGGG_011,99
ACAGCTGCCAACCAAACGGG_012,104
ACAGCTGCCAACCAAACGGG_013,78
ACAGCTGCCAACCAAACGGG_014,184
ACAGCTGCCAACCAAACGGG_015,153
ACAGCTGCCAACCAAACGGG_016,15
ACAGCTGCCAACCAAACGGG_017,78
ACAGCTGCCAACCAAACGGG_018,28
ACAGCTGCCAACCAAACGGG_019,198
ACAGCTGCCAACCAAACGGG_020,8
ACAGCTGCCAACCAAACGGG_021,16
ACAGCTGCCAACCAAACGGG_022,48
ACAGCTGCCAACCAAACGGG_023,81
ACAGCTGCCAACCAAACGGG_024,144
ACAGCTGCCAACCAAACGGG_025,136
ACAGCTGCCAACCAAACGGG_026,198
ACAGCTGCCAACCAAACGGG_027,78
ACAGCTGCCAACCAAACGGG_028,138
ACAGCTGCCAACCAAACGGG_029,177
ACAGCTGCCAACCAAACGGG_030,34
ACAGCTGCCAACCAAACGGG_031,62
ACAGCTGCCAACCAAACGGG_032,166
ACAGCTGCCAACCAAACGGG_033,57
CTCGGCGCTCTGCTTCGTCG_001,117
CTCGGCGCTCTGCTTCGTCG_002,54
CTCGGCGCTCTGCTTCGTCG_003,25
CTCGGCGCTCTGCTTCGTCG_004,156
CTCGGCGCTCTGCTTCGTCG_005,69
CTCGGCGCTCTGCTTCGTCG_006,113
CTCGGCGCTCTGCTTCGTCG_007,55
CTCGGCGCTCTGCTTCGTCG_008,170
CTCGGCGCTCTGCTTCGTCG_009,170
CTCGGCGCTCTGCTTCGTCG_010,199
TAAGATCCGCGGGTGGCAAC_001,60
TAAGATCCGCGGGTGGCAAC_002,178
TAAGATCCGCGGGTGGCAAC_003,154
TAAGATCCGCGGGTGGCAAC_004,102
TAAGATCCGCGGGTGGCAAC_005,48
TAAGATCCGCGGGTGGCAAC_006,126
TAAGATCCGCGGGTGGCAAC_007,192
TAAGATCCGCGGGTGGCAAC_008,120
TAAGATCCGCGGGTGGCAAC_009,74
TAAGATCCGCGGGTGGCAAC_010,118
TAAGATCCGCGGGTGGCAAC_011,156
TAAGATCCGCGGGTGGCAAC_012,22
TAAGATCCGCGGGTGGCAAC_013,103
TAAGATCCGCGGGTGGCAAC_014,8
TAAGATCCGCGGGTGGCAAC_015,48
TAAGATCCGCGGGTGGCAAC_016,194
TAAGATCCGCGGGTGGCAAC_017,68
TAAGATCCGCGGGTGGCAAC_018,83
TAAGATCCGCGGGTGGCAAC_019,67
TAAGATCCGCGGGTGGCAAC_020,32
TAAGATCCGCGGGTGGCAAC_021,182
TAAGATCCGCGGGTGGCAAC_022,34
TAAGATCCGCGGGTGGCAAC_023,166
TAAGATCCGCGGGTGGCAAC_024,58
TAAGATCCGCGGGTGGCAAC_025,190
TAAGATCCGCGGGTGGCAAC_026,190
TAAGATCCGCGGGTGGCAAC_027,130
TAAGATCCGCGGGTGGCAAC_028,41
TAAGATCCGCGGGTGGCAAC_029,102
TAAGATCCGCGGGTGGCAAC_030,62
TAAGATCCGCGGGTGGCAAC_031,22
TAAGATCCGCGGGTGGCAAC_032,24
TAAGATCCGCGGGTGGCAAC_033,153
TTACACTTTCTTGTACAAAG_001,193
TTACACTTTCTTGTACAAAG_002,121
TTACACTTTCTTGTACAAAG_003,125
TTACACTTTCTTGTACAAAG_004,174
TTACACTTTCTTGTACAAAG_005,134
TTACACTTTCTTGTACAAAG_006,131
TTACACTTTCTTGTACAAAG_007,6
TTGAAGCGTAGGTACTGCGC_001,115
TTGAAGCGTAGGTACTGCGC_002,78
TTGAAGCGTAGGTACTGCGC_003,81
TTGAAGCGTAGGTACTGCGC_004,35
TTGAAGCGTAGGTACTGCGC_005,116
TTGAAGCGTAGGTACTGCGC_006,104
TTGAAGCGTAGGTACTGCGC_007,14
TTGAAGCGTAGGTACTGCGC_008,108
CTATAACGGAGGGGCCGTCA_001,132
CTATAACGGAGGGGCCGTCA_002,58
CTATAACGGAGGGGCCGTCA_003,164
CTATAACGGAGGGGCCGTCA_004,194
CTATAACGGAGGGGCCGTCA_005,171
CTATAACGGAGGGGCCGTCA_006,9
CTATAACGGAGGGGCCGTCA_007,70
CTATAACGGAGGGGCCGTCA_008,152
GGCAACGAATGACTCCAACT_001,150
CAATGATCAGGAGCCCACTT_001,158
CAATGATCAGGAGCCCACTT_002,162
CAATGATCAGGAGCCCACTT_003,197
CAATGATCAGGAGCCCACTT_004,120
CAATGATCAGGAGCCCACTT_005,71
CAATGATCAGGAGCCCACTT_006,40
CAATGATCAGGAGCCCACTT_007,50
CAGCTCGTCAAGGATGCGTA_001,58
CAGCTCGTCAAGGATGCGTA_002,154
CAGCTCGTCAAGGATGCGTA_003,12
CAGCTCGTCAAGGATGCGTA_004,88
CAGCTCGTCAAGGATGCGTA_005,147
CAGCTCGTCAAGGATGCGTA_006,32
CAGCTCGTCAAGGATGCGTA_007,69
CAGCTCGTCAAGGATGCGTA_008,58
GTGTCCGGTTTGCTCTACCC_001,13
GTGTCCGGTTTGCTCTACCC_002,192
GTGTCCGGTTTGCTCTACCC_003,172
CTTACCTGTGAGCACCGCAG_001,189
CTTACCTGTGAGCACCGCAG_002,170
CTTACCTGTGAGCACCGCAG_003,80
CTTACCTGTGAGCACCGCAG_004,115
CTTACCTGTGAGCACCGCAG_005,133
CTTACCTGTGAGCACCGCAG_006,169
CTTACCTGTGAGCACCGCAG_007,63
CTTACCTGTGAGCACCGCAG_008,114
CTTACCTGTGAGCACCGCAG_009,192
CTTACCTGTGAGCACCGCAG_010,35
CTTACCTGTGAGCACCGCAG_011,105
CTTACCTGTGAGCACCGCAG_012,184
CTTACCTGTGAGCACCGCAG_013,166
CTTACCTGTGAGCACCGCAG_014,70
CTTACCTGTGAGCACCGCAG_015,144
CTTACCTGTGAGCACCGCAG_016,10
CTTACCTGTGAGCACCGCAG_017,60
CTTACCTGTGAGCACCGCAG_018,149
CTTACCTGTGAGCACCGCAG_019,60
CTTACCTGTGAGCACCGCAG_020,132
CTTACCTGTGAGCACCGCAG_021,49
CTTACCTGTGAGCACCGCAG_022,172
CTTACCTGTGAGCACCGCAG_023,142
CTTACCTGTGAGCACCGCAG_024,153
AAAGGCTTGATCGTGCTCAC_001,192
AAAGGCTTGATCGTGCTCAC_002,129
AAAGGCTTGATCGTGCTCAC_003,92
AAAGGCTTGATCGTGCTCAC_004,182
AAAGGCTTGATCGTGCTCAC_005,2
AAAGGCTTGATCGTGCTCAC_006,117
AAAGGCTTGATCGTGCTCAC_007,144
AAAGGCTTGATCGTGCTCAC_008,153
AAAGGCTTGATCGTGCTCAC_009,199
AAAGGCTTGATCGTGCTCAC_010,28
AAAGGCTTGATCGTGCTCAC_011,170
AAAGGCTTGATCGTGCTCAC_012,61
CAGTTGCCACTGAACCCCAG_001,122
CAGTTGCCACTGAACCCCAG_002,55
CAGTTGCCACTGAACCCCAG_003,174
CAGTTGCCACTGAACCCCAG_004,150
CAGTTGCCACTGAACCCCAG_005,81
CAGTTGCCACTGAACCCCAG_006,149
CAGTTGCCACTGAACCCCAG_007,42
CAGTTGCCACTGAACCCCAG_008,174
CAGTTGCCACTGAACCCCAG_009,0
CAGTTGCCACTGAACCCCAG_010,88
CAGTTGCCACTGAACCCCAG_011,104
CAGTTGCCACTGAACCCCAG_012,69
CAGTTGCCACTGAACCCCAG_013,67
CAGTTGCCACTGAACCCCAG_014,29
CAGTTGCCACTGAACCCCAG_015,127
GAATGGCATGATTCAGTGAG_001,177
GAATGGCATGATTCAGTGAG_002,8
GAATGGCATGATTCAGTGAG_003,72
GTCATATTATTACTCCAGCA_001,20
GTCATATTATTACTCCAGCA_002,166
GAGGACGCTGTCGTGCACGT_001,129
GAGGACGCTGTCGTGCACGT_002,105
GAGGACGCTGTCGTGCACGT_003,62
GAGGACGCTGTCGTGCACGT_004,47
GAGGACGCTGTCGTGCACGT_005,127
GAGGACGCTGTCGTGCACGT_006,175
GAGGACGCTGTCGTGCACGT_007,126
GAGGACGCTGTCGTGCACGT_008,147
GAGGACGCTGTCGTGCACGT_009,56
GAGGACGCTGTCGTGCACGT_010,73
GAGGACGCTGTCGTGCACGT_011,83
GAGGACGCTGTCGTGCACGT_012,55
GAGGACGCTGTCGTGCACGT_013,68
GAGGACGCTGTCGTGCACGT_014,5
GAGGACGCTGTCGTGCACGT_015,48
GAGGACGCTGTCGTGCACGT_016,106
GAGGACGCTGTCGTGCACGT_017,152
TGTCTCTGACAATGACACTG_001,184
TGTCTCTGACAATGACACTG_002,149
TGTCTCTGACAATGACACTG_003,158
TGTCTCTGACAATGACACTG_004,58
TGTCTCTGACAATGACACTG_005,42
TGGGCATAGCACTCACAAAA_001,111
TGGGCATAGCACTCACAAAA_002,70
CCTTGTTCCTCTCTACACGG_001,84
CCTTGTTCCTCTCTACACGG_002,5
CCTTGTTCCTCTCTACACGG_003,96
CCTTGTTCCTCTCTACACGG_004,87
CCTTGTTCCTCTCTACACGG_005,118
CCTTGTTCCTCTCTACACGG_006,76
CCTTGTTCCTCTCTACACGG_007,41
CCTTGTTCCTCTCTACACGG_008,45
CCTTGTTCCTCTCTACACGG_009,175
CCTTGTTCCTCTCTACACGG_010,136
CCTTGTTCCTCTCTACACGG_011,39
AGAGATTGTTCAGCAAAAAG_001,133
AGAGATTGTTCAGCAAAAAG_002,117
AGAGATTGTTCAGCAAAAAG_003,58
AGAGATTGTTCAGCAAAAAG_004,40
AGAGATTGTTCAGCAAAAAG_005,48
AGAGATTGTTCAGCAAAAAG_006,62
AGAGATTGTTCAGCAAAAAG_007,48
AGAGATTGTTCAGCAAAAAG_008,158
AGAGATTGTTCAGCAAAAAG_009,12
AGAGATTGTTCAGCAAAAAG_010,76
AGAGATTGTTCAGCAAAAAG_011,80
AGAGATTGTTCAGCAAAAAG_012,82
AGAGATTGTTCAGCAAAAAG_013,121
AGAGATTGTTCAGCAAAAAG_014,73
AGAGATTGTTCAGCAAAAAG_015,3
AGAGATTGTTCAGCAAAAAG_016,161
AGAGATTGTTCAGCAAAAAG_017,79
AGAGATTGTTCAGCAAAAAG_018,142
CGCATAAGTCGATAGACACA_001,33
CGCATAAGTCGATAGACACA_002,29
CGCATAAGTCGATAGACACA_003,25
CGCATAAGTCGATAGACACA_004,104
CGCATAAGTCGATAGACACA_005,124
CGCATAAGTCGATAGACACA_006,118
CGCATAAGTCGATAGACACA_007,147
CGCATAAGTCGATAGACACA_008,136
AAAGACAAAACCATGAGCTA_001,199
AAAGACAAAACCATGAGCTA_002,129
AAAGACAAAACCATGAGCTA_003,146
AAAGACAAAACCATGAGCTA_004,135
AAAGACAAAACCATGAGCTA_005,96
AAAGACAAAACCATGAGCTA_006,44
AAAGACAAAACCATGAGCTA_007,35
AAAGACAAAACCATGAGCTA_008,9
AAAGACAAAACCATGAGCTA_009,10
AAAGACAAAACCATGAGCTA_010,168
AAAGACAAAACCATGAGCTA_011,105
AAAGACAAAACCATGAGCTA_012,160
AAAGACAAAACCATGAGCTA_013,184
AAAGACAAAACCATGAGCTA_014,70
AAAGACAAAACCATGAGCTA_015,40
AAAGACAAAACCATGAGCTA_016,1
AAAGACAAAACCATGAGCTA_017,81
AAAGACAAAACCATGAGCTA_018,146
AAAGACAAAACCATGAGCTA_019,126
AAAGACAAAACCATGAGCTA_020,107
AAAGACAAAACCATGAGCTA_021,41
AAAGACAAAACCATGAGCTA_022,199
AAAGACAAAACCATGAGCTA_023,145
AAAGACAAAACCATGAGCTA_024,166
AAAGACAAAACCATGAGCTA_025,50
AAAGACAAAACCATGAGCTA_026,64
AAAGACAAAACCATGAGCTA_027,15
AAAGACAAAACCATGAGCTA_028,51
AAAGACAAAACCATGAGCTA_029,130
AAAGACAAAACCATGAGCTA_030,34
AAAGACAAAACCATGAGCTA_031,106
AAAGACAAAACCATGAGCTA_032,124
AAAGACAAAACCATGAGCTA_033,22
AAAGACAAAACCATGAGCTA_034,19
AAAGACAAAACCATGAGCTA_035,172
AAAGACAAAACCATGAGCTA_036,143
AAAGACAAAACCATGAGCTA_037,143
AAAGACAAAACCATGAGCTA_038,66
GATAGCCAAAGACAAGACGC_001,166
GATAGCCAAAGACAAGACGC_002,49
GATAGCCAAAGACAAGACGC_003,73
GATAGCCAAAGACAAGACGC_004,164
GATAGCCAAAGACAAGACGC_005,69
GATAGCCAAAGACAAGACGC_006,140
GATAGCCAAAGACAAGACGC_007,70
GATAGCCAAAGACAAGACGC_008,18
GATAGCCAAAGACAAGACGC_009,166
GATAGCCAAAGACAAGACGC_010,94
AGCCCGCTTCAGGATAGACA_001,12
CACAGTGCACCATGTTCCGG_001,84
CACAGTGCACCATGTTCCGG_002,130
CACAGTGCACCATGTTCCGG_003,13
CACAGTGCACCATGTTCCGG_004,10
CACAGTGCACCATGTTCCGG_005,41
CACAGTGCACCATGTTCCGG_006,145
CACAGTGCACCATGTTCCGG_007,83
CACAGTGCACCATGTTCCGG_008,169
CACAGTGCACCATGTTCCGG_009,192
CACAGTGCACCATGTTCCGG_010,67
CACAGTGCACCATGTTCCGG_011,49
CACAGTGCACCATGTTCCGG_012,109
CACAGTGCACCATGTTCCGG_013,191
CACAGTGCACCATGTTCCGG_014,199
CACAGTGCACCATGTTCCGG_015,158
CACAGTGCACCATGTTCCGG_016,58
CAAAAACACCACCAATCACG_001,26
CAAAAACACCACCAATCACG_002,91
CAAAAACACCACCAATCACG_003,149
CAAAAACACCACCAATCACG_004,1
CAAAAACACCACCAATCACG_005,12
CAAAAACACCACCAATCACG_006,12
TTCGAAGATGTCGTTAACGA_001,121
TTCGAAGATGTCGTTAACGA_002,40
TTCGAAGATGTCGTTAACGA_003,114
TTCGAAGATGTCGTTAACGA_004,92
TTCGAAGATGTCGTTAACGA_005,81
TTCGAAGATGTCGTTAACGA_006,188
GGAGGGGCAACATACCAATG_001,186
GGAGGGGCAACATACCAATG_002,44
GGAGGGGCAACATACCAATG_003,95
GGAGGGGCAACATACCAATG_004,177
GGAGGGGCAACATACCAATG_005,91
GGAGGGGCAACATACCAATG_006,15
GGAGGGGCAACATACCAATG_007,86
GGAGGGGCAACATACCAATG_008,124
TGAACCGTGGGCAAAAGGAG_001,115
TGAACCGTGGGCAAAAGGAG_002,196
TGAACCGTGGGCAAAAGGAG_003,196
TGAACCGTGGGCAAAAGGAG_004,104
TGAACCGTGGGCAAAAGGAG_005,20
TGAACCGTGGGCAAAAGGAG_006,175
TGAACCGTGGGCAAAAGGAG_007,111
TGAACCGTGGGCAAAAGGAG_008,35
TGAACCGTGGGCAAAAGGAG_009,8
TGAACCGTGGGCAAAAGGAG_010,188
TCCATCTGGGCTGATACATA_001,2
TCCATCTGGGCTGATACATA_002,36
TCCATCTGGGCTGATACATA_003,33
TCCATCTGGGCTGATACATA_004,184
TCCATCTGGGCTGATACATA_005,147
TCCATCTGGGCTGATACATA_006,146
TGTAGATGTATTTCTCACAG_001,40
TGTAGATGTATTTCTCACAG_002,38
TGTAGATGTATTTCTCACAG_003,69
TGTAGATGTATTTCTCACAG_004,33
GGTGGTCTGCAGCCGATAGG_001,165
GGTGGTCTGCAGCCGATAGG_002,71
TGGGATGAAGACCAACAGCT_001,0
TGGGATGAAGACCAACAGCT_002,120
TGGGATGAAGACCAACAGCT_003,96
TGGGATGAAGACCAACAGCT_004,115
TGGGATGAAGACCAACAGCT_005,120
TGGGATGAAGACCAACAGCT_006,69
TGGGATGAAGACCAACAGCT_007,158
TGGGATGAAGACCAACAGCT_008,13
TGGGATGAAGACCAACAGCT_009,65
TGGGATGAAGACCAACAGCT_010,62
TGGGATGAAGACCAACAGCT_011,15
TGGGATGAAGACCAACAGCT_012,147
TGGGATGAAGACCAACAGCT_013,20
TGGGATGAAGACCAACAGCT_014,127
TGGGATGAAGACCAACAGCT_015,174
TGGGATGAAGACCAACAGCT_016,107
GCCTCCATAATGAATGCTGT_001,69
GCCTCCATAATGAATGCTGT_002,117
GCCTCCATAATGAATGCTGT_003,180
GCCTCCATAATGAATGCTGT_004,17
TTGAAGACAAACACTAGTGA_001,3
TTGAAGACAAACACTAGTGA_002,68
TTGAAGACAAACACTAGTGA_003,138
TTGAAGACAAACACTAGTGA_004,45
CATGTTGGATAAGACCTCCA_001,83
CATGTTGGATAAGACCTCCA_002,64
CATGTTGGATAAGACCTCCA_003,95
CATGTTGGATAAGACCTCCA_004,122
CATGTTGGATAAGACCTCCA_005,169
CATGTTGGATAAGACCTCCA_006,127
CATGTTGGATAAGACCTCCA_007,155
CATGTTGGATAAGACCTCCA_008,84
CATGTTGGATAAGACCTCCA_009,34
CATGTTGGATAAGACCTCCA_010,41
CATGTTGGATAAGACCTCCA_011,199
CATGTTGGATAAGACCTCCA_012,45
CATGTTGGATAAGACCTCCA_013,126
CATGTTGGATAAGACCTCCA_014,71
CATGTTGGATAAGACCTCCA_015,115
CATGTTGGATAAGACCTCCA_016,72
CATGTTGGATAAGACCTCCA_017,77
CATGTTGGATAAGACCTCCA_018,94
CATGTTGGATAAGACCTCCA_019,102
CATGTTGGATAAGACCTCCA_020,15
CATGTTGGATAAGACCTCCA_021,174
CATGTTGGATAAGACCTCCA_022,79
TGCTGCACACATAAAACGGG_001,129
TGCTGCACACATAAAACGGG_002,4
TGCTGCACACATAAAACGGG_003,104
TGCTGCACACATAAAACGGG_004,78
TGCTGCACACATAAAACGGG_005,58
TGCTGCACACATAAAACGGG_006,41
GGCATTTGCAGAGACCCTGT_001,108
GGCATTTGCAGAGACCCTGT_002,177
GGCATTTGCAGAGACCCTGT_003,137
GGCATTTGCAGAGACCCTGT_004,167
GGCATTTGCAGAGACCCTGT_005,102
GGCATTTGCAGAGACCCTGT_006,105
GGCATTTGCAGAGACCCTGT_007,149
GGCATTTGCAGAGACCCTGT_008,176
GGCATTTGCAGAGACCCTGT_009,2
GGCATTTGCAGAGACCCTGT_010,70
GGCATTTGCAGAGACCCTGT_011,170
GGCATTTGCAGAGACCCTGT_012,37
GGCATTTGCAGAGACCCTGT_013,198
GGCATTTGCAGAGACCCTGT_014,180
GGCATTTGCAGAGACCCTGT_015,43
GGCATTTGCAGAGACCCTGT_016,1
GGCATTTGCAGAGACCCTGT_017,49
GGCATTTGCAGAGACCCTGT_018,75
GGCATTTGCAGAGACCCTGT_019,182
GGCATTTGCAGAGACCCTGT_020,175
GGCATTTGCAGAGACCCTGT_021,115
GAGAAAGAAGGAAAGTCGAG_001,169
GAGAAAGAAGGAAAGTCGAG_002,98
GACAGTGACACACTTAACCC_001,34
GACAGTGACACACTTAACCC_002,67
CATCCCATTTGGGAATATCG_001,169
CATCCCATTTGGGAATATCG_002,127
CATCCCATTTGGGAATATCG_003,11
CATCCCATTTGGGAATATCG_004,128
CATCCCATTTGGGAATATCG_005,22
CATCCCATTTGGGAATATCG_006,48
CATCCCATTTGGGAATATCG_007,77
TCTGGACAAACGCAACGCTG_001,185
TCTGGACAAACGCAACGCTG_002,169
TCTGGACAAACGCAACGCTG_003,169
TCTGGACAAACGCAACGCTG_004,58
TCTGGACAAACGCAACGCTG_005,6
TCTGGACAAACGCAACGCTG_006,77
TCTGGACAAACGCAACGCTG_007,149
TCTGGACAAACGCAACGCTG_008,106
TCTGGACAAACGCAACGCTG_009,137
TCTGGACAAACGCAACGCTG_010,190
CGAGATCCGATACTACGAGA_001,124
CGAGATCCGATACTACGAGA_002,65
CGAGATCCGATACTACGAGA_003,46
CGAGATCCGATACTACGAGA_004,168
CGAGATCCGATACTACGAGA_005,198
CCTACCTGAGGGATATCGAA_001,88
CCTACCTGAGGGATATCGAA_002,150
CCTACCTGAGGGATATCGAA_003,156
CCTACCTGAGGGATATCGAA_004,60
CCTACCTGAGGGATATCGAA_005,174
CCTACCTGAGGGATATCGAA_006,63
GCCTGGAGGGGATCTGCTAG_001,53
GCCTGGAGGGGATCTGCTAG_002,127
GCCTGGAGGGGATCTGCTAG_003,85
GCCTGGAGGGGATCTGCTAG_004,50
GCCTGGAGGGGATCTGCTAG_005,3
TCAGGTGGTAGATTACTACA_001,54
TCAGGTGGTAGATTACTACA_002,63
TCAGGTGGTAGATTACTACA_003,187
TCAGGTGGTAGATTACTACA_004,144
TCAGGTGGTAGATTACTACA_005,170
TCAGGTGGTAGATTACTACA_006,41
TGTACTTGCGTCGCACCCAG_001,27
TGTACTTGCGTCGCACCCAG_002,157
TGTACTTGCGTCGCACCCAG_003,147
TGTACTTGCGTCGCACCCAG_004,96
TGTACTTGCGTCGCACCCAG_005,2
TGTACTTGCGTCGCACCCAG_006,58
TGTACTTGCGTCGCACCCAG_007,157
TGTACTTGCGTCGCACCCAG_008,107
TGTACTTGCGTCGCACCCAG_009,49
TGTACTTGCGTCGCACCCAG_010,99
TGTACTTGCGTCGCACCCAG_011,108
AGAGCTGGACAATGGATCGG_001,177
AGAGCTGGACAATGGATCGG_002,106
AGAGCTGGACAATGGATCGG_003,151
AGAGCTGGACAATGGATCGG_004,94
AGAGCTGGACAATGGATCGG_005,150
AGAGCTGGACAATGGATCGG_006,171
AGAGCTGGACAATGGATCGG_007,105
AGAGCTGGACAATGGATCGG_008,161
AGAGCTGGACAATGGATCGG_009,6
AGAGCTGGACAATGGATCGG_010,21
AGAGCTGGACAATGGATCGG_011,134
AGAGCTGGACAATGGATCGG_012,134
AGAGCTGGACAATGGATCGG_013,184
AGAGCTGGACAATGGATCGG_014,12
AGAGCTGGACAATGGATCGG_015,145
AGAGCTGGACAATGGATCGG_016,3
AGAGCTGGACAATGGATCGG_017,34
AGAGCTGGACAATGGATCGG_018,167
AGAGCTGGACAATGGATCGG_019,144
AGAGCTGGACAATGGATCGG_020,40
AGAGCTGGACAATGGATCGG_021,148
CAAACCCAGGCCGTTAGTGG_001,127
CAAACCCAGGCCGTTAGTGG_002,127
CAAACCCAGGCCGTTAGTGG_003,147
CAAACCCAGGCCGTTAGTGG_004,171
CAAACCCAGGCCGTTAGTGG_005,175
CAAACCCAGGCCGTTAGTGG_006,144
CAAACCCAGGCCGTTAGTGG_007,116
AAGTATCTGCTGTCCATCAG_001,153
AAGTATCTGCTGTCCATCAG_002,157
AAGTATCTGCTGTCCATCAG_003,12
AAGTATCTGCTGTCCATCAG_004,127
AAGTATCTGCTGTCCATCAG_005,87
AAGTATCTGCTGTCCATCAG_006,80
AAGTATCTGCTGTCCATCAG_007,108
AAGTATCTGCTGTCCATCAG_008,36
AAGTATCTGCTGTCCATCAG_009,70
AAGTATCTGCTGTCCATCAG_010,198
AAGTATCTGCTGTCCATCAG_011,53
AAGTATCTGCTGTCCATCAG_012,118
ACTGACGTACTGATGCTCGA_001,183
ACTGACGTACTGATGCTCGA_002,166
ACTGACGTACTGATGCTCGA_003,12
ACTGACGTACTGATGCTCGA_004,140
ACTGACGTACTGATGCTCGA_005,72
ACTGACGTACTGATGCTCGA_006,72
ATCGCAAACAAAGCCAACTG_001,168
ATCGCAAACAAAGCCAACTG_002,192
ATCGCAAACAAAGCCAACTG_003,184
ATCGCAAACAAAGCCAACTG_004,168
ATCGCAAACAAAGCCAACTG_005,33
ATCGCAAACAAAGCCAACTG_006,27
ATCGCAAACAAAGCCAACTG_007,191
ATCGCAAACAAAGCCAACTG_008,160
ATCGCAAACAAAGCCAACTG_009,190
ATCGCAAACAAAGCCAACTG_010,110
ATCGCAAACAAAGCCAACTG_011,41
ATCGCAAACAAAGCCAACTG_012,5
ATCGCAAACAAAGCCAACTG_013,138
ATCGCAAACAAAGCCAACTG_014,65
ATCGCAAACAAAGCCAACTG_015,76
ATCGCAAACAAAGCCAACTG_016,183
ATCGCAAACAAAGCCAACTG_017,94
ATCGCAAACAAAGCCAACTG_018,76
ATCGCAAACAAAGCCAACTG_019,49
ATCGCAAACAAAGCCAACTG_020,170
ATCGCAAACAAAGCCAACTG_021,37
ATCGCAAACAAAGCCAACTG_022,189
ATCGCAAACAAAGCCAACTG_023,170
ATCGCAAACAAAGCCAACTG_024,77
ATCGCAAACAAAGCCAACTG_025,188
ATCGCAAACAAAGCCAACTG_026,16
ATCGCAAACAAAGCCAACTG_027,28
ATCGCAAACAAAGCCAACTG_028,30
GAGTGGGTGATGTCATACGT_001,9
GAGTGGGTGATGTCATACGT_002,18
GAGTGGGTGATGTCATACGT_003,49
GAGTGGGTGATGTCATACGT_004,90
GAGTGGGTGATGTCATACGT_005,71
GAGTGGGTGATGTCATACGT_006,63
GAGTGGGTGATGTCATACGT_007,149
GAGTGGGTGATGTCATACGT_008,80
GAGTGGGTGATGTCATACGT_009,156
GAGTGGGTGATGTCATACGT_010,17
GAGTGGGTGATGTCATACGT_011,189
GAGTGGGTGATGTCATACGT_012,64
GAGTGGGTGATGTCATACGT_013,188
GAGTGGGTGATGTCATACGT_014,166
GAGTGGGTGATGTCATACGT_015,9
GAGTGGGTGATGTCATACGT_016,174
GAGTGGGTGATGTCATACGT_017,33
GAGTGGGTGATGTCATACGT_018,19
GAGTGGGTGATGTCATACGT_019,152
GAGTGGGTGATGTCATACGT_020,79
GAGTGGGTGATGTCATACGT_021,142
GTTTCAAGCCTTACACCTCA_001,140
GTTTCAAGCCTTACACCTCA_002,116
GTTTCAAGCCTTACACCTCA_003,175
GTTTCAAGCCTTACACCTCA_004,124
GTTTCAAGCCTTACACCTCA_005,34
GTTTCAAGCCTTACACCTCA_006,29
GTTTCAAGCCTTACACCTCA_007,150
GTTTCAAGCCTTACACCTCA_008,59
GTTTCAAGCCTTACACCTCA_009,162
GTTTCAAGCCTTACACCTCA_010,130
AACATCTAATGGACTTCCAG_001,127
AACATCTAATGGACTTCCAG_002,88
AACATCTAATGGACTTCCAG_003,44
AACATCTAATGGACTTCCAG_004,138
AACATCTAATGGACTTCCAG_005,49
AACATCTAATGGACTTCCAG_006,42
AACATCTAATGGACTTCCAG_007,146
AACATCTAATGGACTTCCAG_008,2
AACATCTAATGGACTTCCAG_009,144
AACATCTAATGGACTTCCAG_010,148
AACATCTAATGGACTTCCAG_011,180
AACATCTAATGGACTTCCAG_012,192
AACATCTAATGGACTTCCAG_013,53
AACATCTAATGGACTTCCAG_014,196
GTGGTGGCAGAGCTAGCTCG_001,114
GTGGTGGCAGAGCTAGCTCG_002,49
GTGGTGGCAGAGCTAGCTCG_003,172
GTGGTGGCAGAGCTAGCTCG_004,105
GTGGTGGCAGAGCTAGCTCG_005,50
GTGGTGGCAGAGCTAGCTCG_006,6
GTGGTGGCAGAGCTAGCTCG_007,132
GTGGTGGCAGAGCTAGCTCG_008,62
GTGGTGGCAGAGCTAGCTCG_009,130
GTGGTGGCAGAGCTAGCTCG_010,95
GTGGTGGCAGAGCTAGCTCG_011,150
GTGGTGGCAGAGCTAGCTCG_012,145
GTGGTGGCAGAGCTAGCTCG_013,120
GTGGTGGCAGAGCTAGCTCG_014,65
GTGGTGGCAGAGCTAGCTCG_015,179
GTGGTGGCAGAGCTAGCTCG_016,38
GTGGTGGCAGAGCTAGCTCG_017,87
GTGGTGGCAGAGCTAGCTCG_018,49
GTGGTGGCAGAGCTAGCTCG_019,37
GTGGTGGCAGAGCTAGCTCG_020,115
GTGGTGGCAGAGCTAGCTCG_021,108
GTGGTGGCAGAGCTAGCTCG_022,36
GTGGTGGCAGAGCTAGCTCG_023,140
GTGGTGGCAGAGCTAGCTCG_024,171
GTGGTGGCAGAGCTAGCTCG_025,76
GTGGTGGCAGAGCTAGCTCG_026,176
GTGGTGGCAGAGCTAGCTCG_027,136
GTGGTGGCAGAGCTAGCTCG_028,152
GTGGTGGCAGAGCTAGCTCG_029,104
TGAGGACGATGTACTCCATG_001,137
TGAGGACGATGTACTCCATG_002,43
TGAGGACGATGTACTCCATG_003,36
TGAGGACGATGTACTCCATG_004,143
TGAGGACGATGTACTCCATG_005,168
TGAGGACGATGTACTCCATG_006,178
TGAGGACGATGTACTCCATG_007,0
TGAGGACGATGTACTCCATG_008,164
TGAGGACGATGTACTCCATG_009,113
CAGGACAAGAGGATCAACCA_001,137
CAGGACAAGAGGATCAACCA_002,149
CAGGACAAGAGGATCAACCA_003,118
CAGGACAAGAGGATCAACCA_004,127
CAGGACAAGAGGATCAACCA_005,8
CAGGACAAGAGGATCAACCA_006,34
CAGGACAAGAGGATCAACCA_007,22
CAGGACAAGAGGATCAACCA_008,40
TGGTGTTCAGTCGAATGAGG_001,67
TGGTGTTCAGTCGAATGAGG_002,177
TGGTGTTCAGTCGAATGAGG_003,169
TGGTGTTCAGTCGAATGAGG_004,92
TGGTGTTCAGTCGAATGAGG_005,8
TGGTGTTCAGTCGAATGAGG_006,37
TGGTGTTCAGTCGAATGAGG_007,144
TGGTGTTCAGTCGAATGAGG_008,35
TGGTGTTCAGTCGAATGAGG_009,82
TGGTGTTCAGTCGAATGAGG_010,61
GTGTGTCAAGACGCTTTGGG_001,102
GTGTGTCAAGACGCTTTGGG_002,108
GTGTGTCAAGACGCTTTGGG_003,139
GTGTGTCAAGACGCTTTGGG_004,81
GTGTGTCAAGACGCTTTGGG_005,167
GTGTGTCAAGACGCTTTGGG_006,51
GTGTGTCAAGACGCTTTGGG_007,20
GTGTGTCAAGACGCTTTGGG_008,172
GTGTGTCAAGACGCTTTGGG_009,74
GTGTGTCAAGACGCTTTGGG_010,112
GTGTGTCAAGACGCTTTGGG_011,45
GTGTGTCAAGACGCTTTGGG_012,175
GTGTGTCAAGACGCTTTGGG_013,18
GTGTGTCAAGACGCTTTGGG_014,176
GTGTGTCAAGACGCTTTGGG_015,92
GTGTGTCAAGACGCTTTGGG_016,54
GTGTGTCAAGACGCTTTGGG_017,19
GTGTGTCAAGACGCTTTGGG_018,43
GTGTGTCAAGACGCTTTGGG_019,126
GTGTGTCAAGACGCTTTGGG_020,13
GTGTGTCAAGACGCTTTGGG_021,144
GTGTGTCAAGACGCTTTGGG_022,70
GTTGATTGAGAAATGTAACA_001,132
GTTGATTGAGAAATGTAACA_002,55
GTTGATTGAGAAATGTAACA_003,2
GTTGATTGAGAAATGTAACA_004,198
TTGCAATGCTGCTATAGAAG_001,117
TTGCAATGCTGCTATAGAAG_002,137
TTGCAATGCTGCTATAGAAG_003,156
TTGCAATGCTGCTATAGAAG_004,149
TTGCAATGCTGCTATAGAAG_005,35
GCATGTTCGCGAATCTTCAG_001,174
GCATGTTCGCGAATCTTCAG_002,1
GCATGTTCGCGAATCTTCAG_003,62
GCATGTTCGCGAATCTTCAG_004,6
GCATGTTCGCGAATCTTCAG_005,48
GCATGTTCGCGAATCTTCAG_006,31
GCATGTTCGCGAATCTTCAG_007,105
GCATGTTCGCGAATCTTCAG_008,86
GCATGTTCGCGAATCTTCAG_009,47
GCATGTTCGCGAATCTTCAG_010,199
GCATGTTCGCGAATCTTCAG_011,2
GCATGTTCGCGAATCTTCAG_012,166
GCATGTTCGCGAATCTTCAG_013,81
GCATGTTCGCGAATCTTCAG_014,48
GCATGTTCGCGAATCTTCAG_015,38
GCATGTTCGCGAATCTTCAG_016,152
GCATGTTCGCGAATCTTCAG_017,38
GCATGTTCGCGAATCTTCAG_018,73
GCATGTTCGCGAATCTTCAG_019,80
AGCAAGGCTCCTAACTCATT_001,84
AGCAAGGCTCCTAACTCATT_002,32
AGCAAGGCTCCTAACTCATT_003,185
AGCAAGGCTCCTAACTCATT_004,120
AGCAAGGCTCCTAACTCATT_005,55
AGCAAGGCTCCTAACTCATT_006,1
AGCAAGGCTCCTAACTCATT_007,50
AGCAAGGCTCCTAACTCATT_008,81
AGCAAGGCTCCTAACTCATT_009,27
AGCAAGGCTCCTAACTCATT_010,169
AGCAAGGCTCCTAACTCATT_011,8
AGCAAGGCTCCTAACTCATT_012,146
AGCAAGGCTCCTAACTCATT_013,41
AGCAAGGCTCCTAACTCATT_014,166
AGCAAGGCTCCTAACTCATT_015,26
AGCAAGGCTCCTAACTCATT_016,182
AGCAAGGCTCCTAACTCATT_017,186
AGCAAGGCTCCTAACTCATT_018,37
AGCAAGGCTCCTAACTCATT_019,24
AGCAAGGCTCCTAACTCATT_020,39
TCTGTAATGGAAACACATTG_001,61
TCTGTAATGGAAACACATTG_002,94
TCTGTAATGGAAACACATTG_003,189
TCTGTAATGGAAACACATTG_004,91
TCTGTAATGGAAACACATTG_005,188
TCTGTAATGGAAACACATTG_006,40
TCTGTAATGGAAACACATTG_007,84
TCTGTAATGGAAACACATTG_008,149
TCTGTAATGGAAACACATTG_009,157
TCTGTAATGGAAACACATTG_010,124
TCTGTAATGGAAACACATTG_011,82
TCTGTAATGGAAACACATTG_012,70
TCTGTAATGGAAACACATTG_013,28
TCTGTAATGGAAACACATTG_014,56
ATGGCCATAAGCTTTCGTGG_001,0
ATGGCCATAAGCTTTCGTGG_002,68
ATGGCCATAAGCTTTCGTGG_003,133
ATGGCCATAAGCTTTCGTGG_004,173
ATGGCCATAAGCTTTCGTGG_005,181
ATGGCCATAAGCTTTCGTGG_006,85
ATGGCCATAAGCTTTCGTGG_007,36
ATGGCCATAAGCTTTCGTGG_008,22
ATGGCCATAAGCTTTCGTGG_009,28
ATGGCCATAAGCTTTCGTGG_010,149
ATGGCCATAAGCTTTCGTGG_011,42
ATGGCCATAAGCTTTCGTGG_012,147
ATGGCCATAAGCTTTCGTGG_013,17
ATGGCCATAAGCTTTCGTGG_014,198
ATGGCCATAAGCTTTCGTGG_015,48
ATGGCCATAAGCTTTCGTGG_016,116
ATGGCCATAAGCTTTCGTGG_017,79
AGTTATTGATGACGCCCAAG_001,69
AGTTATTGATGACGCCCAAG_002,58
AGTTATTGATGACGCCCAAG_003,162
GAATAGCCCATTATGGACTC_001,160
GAATAGCCCATTATGGACTC_002,130
GAATAGCCCATTATGGACTC_003,42
GAATAGCCCATTATGGACTC_004,69
GAATAGCCCATTATGGACTC_005,184
GAATAGCCCATTATGGACTC_006,22
GGGCTGCAGCTGAATGATCG_001,117
GGGCTGCAGCTGAATGATCG_002,137
GGGCTGCAGCTGAATGATCG_003,188
GGGCTGCAGCTGAATGATCG_004,78
GGGCTGCAGCTGAATGATCG_005,64
GGGCTGCAGCTGAATGATCG_006,8
GGGCTGCAGCTGAATGATCG_007,9
GGGCTGCAGCTGAATGATCG_008,165
GGGCTGCAGCTGAATGATCG_009,50
GGGCTGCAGCTGAATGATCG_010,126
GGGCTGCAGCTGAATGATCG_011,106
GGGCTGCAGCTGAATGATCG_012,1
TGTATGTGGTCATCCTTCTG_001,160
TGTATGTGGTCATCCTTCTG_002,117
TGTATGTGGTCATCCTTCTG_003,95
TGTATGTGGTCATCCTTCTG_004,66
TGTATGTGGTCATCCTTCTG_005,35
GAGGAGATGTTACGGCAGCT_001,53
GAGGAGATGTTACGGCAGCT_002,198
GAGGAGATGTTACGGCAGCT_003,67
GAGGAGATGTTACGGCAGCT_004,41
GAGGAGATGTTACGGCAGCT_005,116
GAGGAGATGTTACGGCAGCT_006,78
GAGGAGATGTTACGGCAGCT_007,63
GAGTTCAGCCCCAACTACAT_001,16
GAGTTCAGCCCCAACTACAT_002,70
GAGTTCAGCCCCAACTACAT_003,101
GAGTTCAGCCCCAACTACAT_004,162
GAGTTCAGCCCCAACTACAT_005,199
GAGTTCAGCCCCAACTACAT_006,46
GAGTTCAGCCCCAACTACAT_007,48
GATGCCGCTCAGTATTAGCG_001,161
GATGCCGCTCAGTATTAGCG_002,163
GATGCCGCTCAGTATTAGCG_003,122
GATGCCGCTCAGTATTAGCG_004,37
GATGCCGCTCAGTATTAGCG_005,97
TGTCGCGCAGTACTTTACGG_001,69
TGTCGCGCAGTACTTTACGG_002,44
TGTCGCGCAGTACTTTACGG_003,69
TGTCGCGCAGTACTTTACGG_004,32
TGTCGCGCAGTACTTTACGG_005,145
TGTCGCGCAGTACTTTACGG_006,149
TGTCGCGCAGTACTTTACGG_007,112
TGTCGCGCAGTACTTTACGG_008,129
ACCCCAAATCGAAAGAGGCA_001,188
ACCCCAAATCGAAAGAGGCA_002,198
ACCCCAAATCGAAAGAGGCA_003,87
ACCCCAAATCGAAAGAGGCA_004,160
ACCCCAAATCGAAAGAGGCA_005,146
ACCCCAAATCGAAAGAGGCA_006,195
ACCCCAAATCGAAAGAGGCA_007,25
ACCCCAAATCGAAAGAGGCA_008,171
ACCCCAAATCGAAAGAGGCA_009,57
ACCCCAAATCGAAAGAGGCA_010,172
ACCCCAAATCGAAAGAGGCA_011,98
ACCCCAAATCGAAAGAGGCA_012,162
ACCCCAAATCGAAAGAGGCA_013,184
ACCCCAAATCGAAAGAGGCA_014,50
ACCCCAAATCGAAAGAGGCA_015,62
ACCCCAAATCGAAAGAGGCA_016,70
AGGAGCCGTCTACATCTGCA_001,70
AGGAGCCGTCTACATCTGCA_002,105
AGGAGCCGTCTACATCTGCA_003,50
AGGAGCCGTCTACATCTGCA_004,12
AGGAGCCGTCTACATCTGCA_005,130
AGGAGCCGTCTACATCTGCA_006,83
AGGAGCCGTCTACATCTGCA_007,198
AGGAGCCGTCTACATCTGCA_008,168
CTTTGGATACCAGCTACCGA_001,170
CTTTGGATACCAGCTACCGA_002,64
CTTTGGATACCAGCTACCGA_003,172
CTTTGGATACCAGCTACCGA_004,83
CTTTGGATACCAGCTACCGA_005,51
CTTTGGATACCAGCTACCGA_006,198
CTTTGGATACCAGCTACCGA_007,43
GCTGGAAACGCTTCCTACGC_001,136
GCTGGAAACGCTTCCTACGC_002,78
CTGACTTAAGCCGATCCCAG_001,165
CTGACTTAAGCCGATCCCAG_002,124
CTGACTTAAGCCGATCCCAG_003,54
CTGACTTAAGCCGATCCCAG_004,27
CTGACTTAAGCCGATCCCAG_005,58
CTGACTTAAGCCGATCCCAG_006,193
CTGACTTAAGCCGATCCCAG_007,63
CTGACTTAAGCCGATCCCAG_008,61
CTGACTTAAGCCGATCCCAG_009,148
CTGACTTAAGCCGATCCCAG_010,73
TCACCTAAATCCAAAGACAC_001,60
TCACCTAAATCCAAAGACAC_002,150
TCACCTAAATCCAAAGACAC_003,137
TCACCTAAATCCAAAGACAC_004,64
TCACCTAAATCCAAAGACAC_005,56
TCACCTAAATCCAAAGACAC_006,193
TCACCTAAATCCAAAGACAC_007,197
TCACCTAAATCCAAAGACAC_008,76
TCACCTAAATCCAAAGACAC_009,168
CATAGGATGCCCATTACAGT_001,98
CATAGGATGCCCATTACAGT_002,137
CATAGGATGCCCATTACAGT_003,98
CATAGGATGCCCATTACAGT_004,76
CATAGGATGCCCATTACAGT_005,75
CATAGGATGCCCATTACAGT_006,158
CATAGGATGCCCATTACAGT_007,182
CATAGGATGCCCATTACAGT_008,43
CATAGGATGCCCATTACAGT_009,168
TGGGCTCAGTGTTAAAGACA_001,92
TGGGCTCAGTGTTAAAGACA_002,12
TGGGCTCAGTGTTAAAGACA_003,39
TGGGCTCAGTGTTAAAGACA_004,69
TGGGCTCAGTGTTAAAGACA_005,169
ATATCCACCTCATGAACAGT_001,60
ATATCCACCTCATGAACAGT_002,130
ATATCCACCTCATGAACAGT_003,115
ATATCCACCTCATGAACAGT_004,62
GGTGTCAATGAGTTGCAGCG_001,23
GGTGTCAATGAGTTGCAGCG_002,97
GGTGTCAATGAGTTGCAGCG_003,165
GGTGTCAATGAGTTGCAGCG_004,12
GGTGTCAATGAGTTGCAGCG_005,152
GGTGTCAATGAGTTGCAGCG_006,166
GGTGTCAATGAGTTGCAGCG_007,21
GGTGTCAATGAGTTGCAGCG_008,25
GGTGTCAATGAGTTGCAGCG_009,199
GGTGTCAATGAGTTGCAGCG_010,77
GGTGTCAATGAGTTGCAGCG_011,1
GGTGTCAATGAGTTGCAGCG_012,160
GGTGTCAATGAGTTGCAGCG_013,48
GGTGTCAATGAGTTGCAGCG_014,139
GGTGTCAATGAGTTGCAGCG_015,138
GGTGTCAATGAGTTGCAGCG_016,50
GGTGTCAATGAGTTGCAGCG_017,84
GGTGTCAATGAGTTGCAGCG_018,44
GGTGTCAATGAGTTGCAGCG_019,178
GGTGTCAATGAGTTGCAGCG_020,166
GGTGTCAATGAGTTGCAGCG_021,6
GGTGTCAATGAGTTGCAGCG_022,47
GGTGTCAATGAGTTGCAGCG_023,82
GGTGTCAATGAGTTGCAGCG_024,138
ACTGCGGCTCAGTCATAGAG_001,8
ACTGCGGCTCAGTCATAGAG_002,158
ACTGCGGCTCAGTCATAGAG_003,150
ACTGCGGCTCAGTCATAGAG_004,150
ACTGCGGCTCAGTCATAGAG_005,48
ACTGCGGCTCAGTCATAGAG_006,19
ACTGCGGCTCAGTCATAGAG_007,88
ACTGCGGCTCAGTCATAGAG_008,172
ACTGCGGCTCAGTCATAGAG_009,147
ACTGCGGCTCAGTCATAGAG_010,182
ACTGCGGCTCAGTCATAGAG_011,72
ACTGCGGCTCAGTCATAGAG_012,49
ACTGCGGCTCAGTCATAGAG_013,57
ACTGCGGCTCAGTCATAGAG_014,188
ACTGCGGCTCAGTCATAGAG_015,175
ACTGCGGCTCAGTCATAGAG_016,9
ACTGCGGCTCAGTCATAGAG_017,19
ACTGCGGCTCAGTCATAGAG_018,178
ACTGCGGCTCAGTCATAGAG_019,3
ACTGCGGCTCAGTCATAGAG_020,1
ACTGCGGCTCAGTCATAGAG_021,78
CACGTCCGAGAACGAACGGG_001,178
CACGTCCGAGAACGAACGGG_002,50
CACGTCCGAGAACGAACGGG_003,132
CACGTCCGAGAACGAACGGG_004,92
CACGTCCGAGAACGAACGGG_005,183
CACGTCCGAGAACGAACGGG_006,86
CACGTCCGAGAACGAACGGG_007,67
CACGTCCGAGAACGAACGGG_008,152
CACGTCCGAGAACGAACGGG_009,91
CACGTCCGAGAACGAACGGG_010,28
CCAGGGAAGATATGAATGTG_001,144
CCAGGGAAGATATGAATGTG_002,92
CCAGGGAAGATATGAATGTG_003,1
CCAGGGAAGATATGAATGTG_004,150
CCAGGGAAGATATGAATGTG_005,78
CCAGGGAAGATATGAATGTG_006,94
CCAGGGAAGATATGAATGTG_007,69
GAGGAATTAGCACTGGCCAA_001,119
GAGGAATTAGCACTGGCCAA_002,119
GAGGAATTAGCACTGGCCAA_003,75
GAGGAATTAGCACTGGCCAA_004,127
GAGGAATTAGCACTGGCCAA_005,160
GAGGAATTAGCACTGGCCAA_006,73
GAGGAATTAGCACTGGCCAA_007,6
GAGGAATTAGCACTGGCCAA_008,189
GAGGAATTAGCACTGGCCAA_009,42
GAGGAATTAGCACTGGCCAA_010,104
GAGGAATTAGCACTGGCCAA_011,41
GAGGAATTAGCACTGGCCAA_012,152
GAGGAATTAGCACTGGCCAA_013,138
GAGGAATTAGCACTGGCCAA_014,19
GAGGAATTAGCACTGGCCAA_015,144
GAGGAATTAGCACTGGCCAA_016,28
GAGGAATTAGCACTGGCCAA_017,76
TGGGTCCAAAGTAGGGATAG_001,62
TGGGTCCAAAGTAGGGATAG_002,134
TGGGTCCAAAGTAGGGATAG_003,28
TGGGTCCAAAGTAGGGATAG_004,8
TGGGTCCAAAGTAGGGATAG_005,82
TGGGTCCAAAGTAGGGATAG_006,171
CCGATCAGCCTAAACAACCT_001,188
CCGATCAGCCTAAACAACCT_002,70
CCGATCAGCCTAAACAACCT_003,55
CCGATCAGCCTAAACAACCT_004,60
CCGATCAGCCTAAACAACCT_005,177
CCGATCAGCCTAAACAACCT_006,119
CCGATCAGCCTAAACAACCT_007,79
CCGATCAGCCTAAACAACCT_008,50
CCGATCAGCCTAAACAACCT_009,49
CCGATCAGCCTAAACAACCT_010,168
CCGATCAGCCTAAACAACCT_011,70
CCGATCAGCCTAAACAACCT_012,176
CCGATCAGCCTAAACAACCT_013,6
GCACCTTCGGATCCACAGCG_001,119
GCACCTTCGGATCCACAGCG_002,108
GCACCTTCGGATCCACAGCG_003,60
GCACCTTCGGATCCACAGCG_004,48
GCACCTTCGGATCCACAGCG_005,70
GCACCTTCGGATCCACAGCG_006,41
GCACCTTCGGATCCACAGCG_007,115
GCACCTTCGGATCCACAGCG_008,159
GCACCTTCGGATCCACAGCG_009,17
GCACCTTCGGATCCACAGCG_010,176
GCACCTTCGGATCCACAGCG_011,41
GCACCTTCGGATCCACAGCG_012,76
GCACCTTCGGATCCACAGCG_013,81
GCACCTTCGGATCCACAGCG_014,19
GCACCTTCGGATCCACAGCG_015,68
GCACCTTCGGATCCACAGCG_016,1
GCACCTTCGGATCCACAGCG_017,94
GCACCTTCGGATCCACAGCG_018,169
GCACCTTCGGATCCACAGCG_019,90
GCACCTTCGGATCCACAGCG_020,144
GCACCTTCGGATCCACAGCG_021,22
GCACCTTCGGATCCACAGCG_022,178
GCACCTTCGGATCCACAGCG_023,63
GCACCTTCGGATCCACAGCG_024,5
GCACCTTCGGATCCACAGCG_025,126
ACCTGGTTGAAGGCAACACA_001,92
ACCTGGTTGAAGGCAACACA_002,194
ACCTGGTTGAAGGCAACACA_003,78
ACCTGGTTGAAGGCAACACA_004,120
ACCTGGTTGAAGGCAACACA_005,96
ACCTGGTTGAAGGCAACACA_006,111
ACCTGGTTGAAGGCAACACA_007,139
ACCTGGTTGAAGGCAACACA_008,17
ACCTGGTTGAAGGCAACACA_009,1
ACCTGGTTGAAGGCAACACA_010,141
ACCTGGTTGAAGGCAACACA_011,170
ACCTGGTTGAAGGCAACACA_012,172
GACCTCCTGTGACGACATCG_001,94
GACCTCCTGTGACGACATCG_002,69
GACCTCCTGTGACGACATCG_003,29
GACCTCCTGTGACGACATCG_004,119
GACCTCCTGTGACGACATCG_005,108
GACCTCCTGTGACGACATCG_006,28
GACCTCCTGTGACGACATCG_007,15
GACCTCCTGTGACGACATCG_008,93
GGGGAGCAGAGATACCCCTG_001,102
GGGGAGCAGAGATACCCCTG_002,48
GGGGAGCAGAGATACCCCTG_003,81
GGGGAGCAGAGATACCCCTG_004,46
GGGGAGCAGAGATACCCCTG_005,105
GGGGAGCAGAGATACCCCTG_006,163
GGGGAGCAGAGATACCCCTG_007,77
GGGGAGCAGAGATACCCCTG_008,42
GGGGAGCAGAGATACCCCTG_009,15
GGGGAGCAGAGATACCCCTG_010,65
GGGGAGCAGAGATACCCCTG_011,46
GGGGAGCAGAGATACCCCTG_012,77
GGGGAGCAGAGATACCCCTG_013,89
ATCTGTTGTATAACACCAAG_001,64
ATCTGTTGTATAACACCAAG_002,170
AATGACTATCAAATTGTACA_001,198
AATGACTATCAAATTGTACA_002,116
AATGACTATCAAATTGTACA_003,177
AGGTATCATTGAAGGTGCCA_001,96
AGGTATCATTGAAGGTGCCA_002,177
AGGTATCATTGAAGGTGCCA_003,128
AGGTATCATTGAAGGTGCCA_004,15
AGGTATCATTGAAGGTGCCA_005,30
AGGTATCATTGAAGGTGCCA_006,30
CATCATTGCCTTTCACTCCA_001,115
CATCATTGCCTTTCACTCCA_002,174
CATCATTGCCTTTCACTCCA_003,58
CATCATTGCCTTTCACTCCA_004,150
CATCATTGCCTTTCACTCCA_005,26
CATCATTGCCTTTCACTCCA_006,188
CATCATTGCCTTTCACTCCA_007,156
CATCATTGCCTTTCACTCCA_008,141
CATCATTGCCTTTCACTCCA_009,198
CATCATTGCCTTTCACTCCA_010,119
CTGCAACGACCCTTACACGT_001,94
CTGCAACGACCCTTACACGT_002,52
CTGCAACGACCCTTACACGT_003,94
CTGCAACGACCCTTACACGT_004,172
CTGCAACGACCCTTACACGT_005,43
CTGCAACGACCCTTACACGT_006,133
CTGCAACGACCCTTACACGT_007,153
CTGCAACGACCCTTACACGT_008,94
CTGCAACGACCCTTACACGT_009,182
CTGCAACGACCCTTACACGT_010,93
CTGCAACGACCCTTACACGT_011,93
CTGCAACGACCCTTACACGT_012,144
CTGCAACGACCCTTACACGT_013,17
CTGCAACGACCCTTACACGT_014,168
GCTGAGGCGAGAGTCAGGAA_001,68
GCTGAGGCGAGAGTCAGGAA_002,197
GCTGAGGCGAGAGTCAGGAA_003,64
GCTGAGGCGAGAGTCAGGAA_004,13
GCTGAGGCGAGAGTCAGGAA_005,74
GCTGAGGCGAGAGTCAGGAA_006,119
GCTGAGGCGAGAGTCAGGAA_007,103
GCTGAGGCGAGAGTCAGGAA_008,48
GCTGAGGCGAGAGTCAGGAA_009,77
GCTGAGGCGAGAGTCAGGAA_010,52
GCTGAGGCGAGAGTCAGGAA_011,147
GCTGAGGCGAGAGTCAGGAA_012,165
GCTGAGGCGAGAGTCAGGAA_013,175
GCTGAGGCGAGAGTCAGGAA_014,32
GCTGAGGCGAGAGTCAGGAA_015,144
GCTGAGGCGAGAGTCAGGAA_016,3
GCTGAGGCGAGAGTCAGGAA_017,101
GCTGAGGCGAGAGTCAGGAA_018,106
GCTGAGGCGAGAGTCAGGAA_019,113
GCTGAGGCGAGAGTCAGGAA_020,2
GCTGAGGCGAGAGTCAGGAA_021,120
GCTGAGGCGAGAGTCAGGAA_022,137
TCACCCAAGCCAAAGAACAA_001,170
TCACCCAAGCCAAAGAACAA_002,123
TCACCCAAGCCAAAGAACAA_003,134
TCACCCAAGCCAAAGAACAA_004,60
TCACCCAAGCCAAAGAACAA_005,147
TCACCCAAGCCAAAGAACAA_006,168
TCACCCAAGCCAAAGAACAA_007,94
TCACCCAAGCCAAAGAACAA_008,167
TCACCCAAGCCAAAGAACAA_009,168
TCACCCAAGCCAAAGAACAA_010,40
GCAATAGGGGACAACTGTGC_001,27
GCAATAGGGGACAACTGTGC_002,42
GCAATAGGGGACAACTGTGC_003,29
GCAATAGGGGACAACTGTGC_004,71
GCAATAGGGGACAACTGTGC_005,139
GCAATAGGGGACAACTGTGC_006,122
GCAATAGGGGACAACTGTGC_007,151
AGATGGGGAAGAGCAACGAG_001,75
AGATGGGGAAGAGCAACGAG_002,30
AGATGGGGAAGAGCAACGAG_003,45
AGATGGGGAAGAGCAACGAG_004,78
CTGTAGCTGGACCCTCCAAG_001,48
CTGTAGCTGGACCCTCCAAG_002,12
CTGTAGCTGGACCCTCCAAG_003,175
CTGTAGCTGGACCCTCCAAG_004,43
CTGTAGCTGGACCCTCCAAG_005,11
CTGTAGCTGGACCCTCCAAG_006,83
TTATAACAGATTCGTACAGT_001,155
ACAGAAAGACCAGACACAGA_001,4
ACAGAAAGACCAGACACAGA_002,41
ACAGAAAGACCAGACACAGA_003,29
ACAGAAAGACCAGACACAGA_004,79
ATAATCAGTCTGATACATGC_001,96
ATAATCAGTCTGATACATGC_002,96
ATAATCAGTCTGATACATGC_003,53
ATAATCAGTCTGATACATGC_004,40
ACAGAAATCATCAATTACCG_001,87
GCTGCTGCCTACTACAGCGG_001,49
GCTGCTGCCTACTACAGCGG_002,34
GCTGCTGCCTACTACAGCGG_003,93
GCTGCTGCCTACTACAGCGG_004,158
GCTGCTGCCTACTACAGCGG_005,140
GTGCTGAAGCCATCGTTGCG_001,121
GTGCTGAAGCCATCGTTGCG_002,22
GTGCTGAAGCCATCGTTGCG_003,67
GTGCTGAAGCCATCGTTGCG_004,100
GTGCTGAAGCCATCGTTGCG_005,156
GTGCTGAAGCCATCGTTGCG_006,26
GTGCTGAAGCCATCGTTGCG_007,30
GTGCTGAAGCCATCGTTGCG_008,120
GTGCTGAAGCCATCGTTGCG_009,50
GTGCTGAAGCCATCGTTGCG_010,77
GTGCTGAAGCCATCGTTGCG_011,56
GTGCTGAAGCCATCGTTGCG_012,19
GTGCTGAAGCCATCGTTGCG_013,191
GTGCTGAAGCCATCGTTGCG_014,196
GTGCTGAAGCCATCGTTGCG_015,150
TCAATGCTGAGCGGTCCCGA_001,127
TCAATGCTGAGCGGTCCCGA_002,152
TCAATGCTGAGCGGTCCCGA_003,56
TCAATGCTGAGCGGTCCCGA_004,34
TCAATGCTGAGCGGTCCCGA_005,77
TCAATGCTGAGCGGTCCCGA_006,116
TCAATGCTGAGCGGTCCCGA_007,9
TCAATGCTGAGCGGTCCCGA_008,105
TCAATGCTGAGCGGTCCCGA_009,23
TCAATGCTGAGCGGTCCCGA_010,29
TCAATGCTGAGCGGTCCCGA_011,27
TCAATGCTGAGCGGTCCCGA_012,43
TCAATGCTGAGCGGTCCCGA_013,191
TCAATGCTGAGCGGTCCCGA_014,88
TAAACTTTCTTACCAATGGT_001,148
TAAACTTTCTTACCAATGGT_002,33
ACAATAGTAATAAATTCCAG_001,180
ACAATAGTAATAAATTCCAG_002,116
ACAATAGTAATAAATTCCAG_003,81
ACAATAGTAATAAATTCCAG_004,31
ACAATAGTAATAAATTCCAG_005,67
ACAATAGTAATAAATTCCAG_006,105
ACAATAGTAATAAATTCCAG_007,134
ACAATAGTAATAAATTCCAG_008,29
GAGTAAAAGAAGCTCCACAC_001,97
GAGTAAAAGAAGCTCCACAC_002,170
GAGTAAAAGAAGCTCCACAC_003,147
GAGTAAAAGAAGCTCCACAC_004,34
GAGTAAAAGAAGCTCCACAC_005,76
GAGTAAAAGAAGCTCCACAC_006,43
GAGTAAAAGAAGCTCCACAC_007,188
GAGTAAAAGAAGCTCCACAC_008,169
GAGTAAAAGAAGCTCCACAC_009,15
GAGTAAAAGAAGCTCCACAC_010,150
GAGTAAAAGAAGCTCCACAC_011,88
GAGTAAAAGAAGCTCCACAC_012,84
GAGTAAAAGAAGCTCCACAC_013,176
GAGTAAAAGAAGCTCCACAC_014,183
ACGCATACCATTGGTAGCAG_001,9
ACGCATACCATTGGTAGCAG_002,80
ACGCATACCATTGGTAGCAG_003,80
ACGCATACCATTGGTAGCAG_004,145
ACGCATACCATTGGTAGCAG_005,179
ACGCATACCATTGGTAGCAG_006,153
ACGCATACCATTGGTAGCAG_007,146
ACGCATACCATTGGTAGCAG_008,88
ACGCATACCATTGGTAGCAG_009,199
ACGCATACCATTGGTAGCAG_010,110
ACGCATACCATTGGTAGCAG_011,55
TACAGAGGGAAAACATACAG_001,88
TACAGAGGGAAAACATACAG_002,128
TACAGAGGGAAAACATACAG_003,74
TACAGAGGGAAAACATACAG_004,54
TACAGAGGGAAAACATACAG_005,28
TACAGAGGGAAAACATACAG_006,113
TACAGAGGGAAAACATACAG_007,145
TACAGAGGGAAAACATACAG_008,84
TACAGAGGGAAAACATACAG_009,117
TACTGTTTGATCCACTTCCG_001,64
TACTGTTTGATCCACTTCCG_002,43
TACTGTTTGATCCACTTCCG_003,5
TACTGTTTGATCCACTTCCG_004,65
TACTGTTTGATCCACTTCCG_005,138
CATTTGGGGAACACAACTCG_001,97
CATTTGGGGAACACAACTCG_002,175
CGTACTCGTCCACTCCTGTG_001,184
CGTACTCGTCCACTCCTGTG_002,19
CGTACTCGTCCACTCCTGTG_003,127
CGTACTCGTCCACTCCTGTG_004,78
CGTACTCGTCCACTCCTGTG_005,92
CGTACTCGTCCACTCCTGTG_006,104
CGTACTCGTCCACTCCTGTG_007,63
CGTACTCGTCCACTCCTGTG_008,148
CGTACTCGTCCACTCCTGTG_009,182
GACGTAGATGCCACTGTCGT_001,8
GACGTAGATGCCACTGTCGT_002,156
GACGTAGATGCCACTGTCGT_003,47
GACGTAGATGCCACTGTCGT_004,120
GACGTAGATGCCACTGTCGT_005,143
GACGTAGATGCCACTGTCGT_006,143
GACGTAGATGCCACTGTCGT_007,28
GACGTAGATGCCACTGTCGT_008,115
GACGTAGATGCCACTGTCGT_009,6
GACGTAGATGCCACTGTCGT_010,130
GACGTAGATGCCACTGTCGT_011,146
TGGCAAGTTGGAGTCGAAGG_001,137
TGGCAAGTTGGAGTCGAAGG_002,177
TGGCAAGTTGGAGTCGAAGG_003,26
TGGCAAGTTGGAGTCGAAGG_004,1
TGGCAAGTTGGAGTCGAAGG_005,2
TGGCAAGTTGGAGTCGAAGG_006,99
TGGCAAGTTGGAGTCGAAGG_007,145
TGGCAAGTTGGAGTCGAAGG_008,116
TGGCAAGTTGGAGTCGAAGG_009,169
TGGCAAGTTGGAGTCGAAGG_010,183
TGGCAAGTTGGAGTCGAAGG_011,33
TGGCAAGTTGGAGTCGAAGG_012,50
TGGCAAGTTGGAGTCGAAGG_013,0
TGGCAAGTTGGAGTCGAAGG_014,182
TGGCAAGTTGGAGTCGAAGG_015,178
TGGCAAGTTGGAGTCGAAGG_016,28
TGGCAAGTTGGAGTCGAAGG_017,172
TGGCAAGTTGGAGTCGAAGG_018,10
TTGTGGAGTATGCCTATACA_001,191
TTGTGGAGTATGCCTATACA_002,17
TTGTGGAGTATGCCTATACA_003,41
TTGTGGAGTATGCCTATACA_004,152
TTGTGGAGTATGCCTATACA_005,59
TTGTGGAGTATGCCTATACA_006,84
TTGTGGAGTATGCCTATACA_007,116
TATCCCGGAGCACCTTACGA_001,159
TATCCCGGAGCACCTTACGA_002,29
TATCCCGGAGCACCTTACGA_003,81
TATCCCGGAGCACCTTACGA_004,134
TATCCCGGAGCACCTTACGA_005,146
TATCCCGGAGCACCTTACGA_006,94
TATCCCGGAGCACCTTACGA_007,77
TATCCCGGAGCACCTTACGA_008,91
TATCCCGGAGCACCTTACGA_009,183
TATCCCGGAGCACCTTACGA_010,146
TATCCCGGAGCACCTTACGA_011,70
TATCCCGGAGCACCTTACGA_012,70
TATCCCGGAGCACCTTACGA_013,50
TATCCCGGAGCACCTTACGA_014,198
TATCCCGGAGCACCTTACGA_015,6
TATCCCGGAGCACCTTACGA_016,150
TATCCCGGAGCACCTTACGA_017,130
TATCCCGGAGCACCTTACGA_018,27
TATCCCGGAGCACCTTACGA_019,141
TATCCCGGAGCACCTTACGA_020,172
TATCCCGGAGCACCTTACGA_021,147
TATCCCGGAGCACCTTACGA_022,155
TATCCCGGAGCACCTTACGA_023,1
TATCCCGGAGCACCTTACGA_024,115
TATCCCGGAGCACCTTACGA_025,88
TATCCCGGAGCACCTTACGA_026,154
TATCCCGGAGCACCTTACGA_027,199
TATCCCGGAGCACCTTACGA_028,29
TATCCCGGAGCACCTTACGA_029,141
TATCCCGGAGCACCTTACGA_030,171
TATCCCGGAGCACCTTACGA_031,94
TATCCCGGAGCACCTTACGA_032,35
TATCCCGGAGCACCTTACGA_033,106
TATCCCGGAGCACCTTACGA_034,46
TATCCCGGAGCACCTTACGA_035,149
TATCCCGGAGCACCTTACGA_036,88
TATCCCGGAGCACCTTACGA_037,195
TATCCCGGAGCACCTTACGA_038,160
CTTACGCGCCTGGTCAAAAG_001,88
CTTACGCGCCTGGTCAAAAG_002,171
CTTACGCGCCTGGTCAAAAG_003,168
GAAAAGAAGCATTCGCTACG_001,174
GAAAAGAAGCATTCGCTACG_002,119
AACCAATGAGGCCATAACGA_001,122
AACCAATGAGGCCATAACGA_002,159
AACCAATGAGGCCATAACGA_003,174
AACCAATGAGGCCATAACGA_004,191
AACCAATGAGGCCATAACGA_005,16
AACCAATGAGGCCATAACGA_006,122
AACCAATGAGGCCATAACGA_007,73
AACCAATGAGGCCATAACGA_008,128
AACCAATGAGGCCATAACGA_009,58
AACCAATGAGGCCATAACGA_010,82
AACCAATGAGGCCATAACGA_011,64
AACCAATGAGGCCATAACGA_012,136
AACCAATGAGGCCATAACGA_013,183
AACCAATGAGGCCATAACGA_014,152
AACCAATGAGGCCATAACGA_015,178
AACCAATGAGGCCATAACGA_016,0
GCTCATGGCTGACTTCAACA_001,107
GCTCATGGCTGACTTCAACA_002,175
GCTCATGGCTGACTTCAACA_003,153
GCTCATGGCTGACTTCAACA_004,100
GCTCATGGCTGACTTCAACA_005,9
GCTCATGGCTGACTTCAACA_006,159
GCTCATGGCTGACTTCAACA_007,146
GCTCATGGCTGACTTCAACA_008,121
GCTCATGGCTGACTTCAACA_009,121
GCTCATGGCTGACTTCAACA_010,105
GCTCATGGCTGACTTCAACA_011,126
GCTCATGGCTGACTTCAACA_012,121
GCTCATGGCTGACTTCAACA_013,48
GCTCATGGCTGACTTCAACA_014,149
GCTCATGGCTGACTTCAACA_015,145
GCTCATGGCTGACTTCAACA_016,126
GCTCATGGCTGACTTCAACA_017,39
GCTCATGGCTGACTTCAACA_018,21
GCTCATGGCTGACTTCAACA_019,10
CCCCACCACCACACACCTTG_001,77
CCCCACCACCACACACCTTG_002,43
CCCCACCACCACACACCTTG_003,149
CCCCACCACCACACACCTTG_004,99
CCCCACCACCACACACCTTG_005,63
CCCCACCACCACACACCTTG_006,83
CCCCACCACCACACACCTTG_007,188
CCCCACCACCACACACCTTG_008,58
CCCCACCACCACACACCTTG_009,162
CCCCACCACCACACACCTTG_010,29
CCCCACCACCACACACCTTG_011,78
CCCCACCACCACACACCTTG_012,27
CCCCACCACCACACACCTTG_013,60
CCCCACCACCACACACCTTG_014,116
CCCCACCACCACACACCTTG_015,6
CCCCACCACCACACACCTTG_016,153
CCCCACCACCACACACCTTG_017,27
CCCCACCACCACACACCTTG_018,100
CCCCACCACCACACACCTTG_019,69
CAGGGGAGGGCGATCCCCCG_001,158
CAGGGGAGGGCGATCCCCCG_002,32
CAGGGGAGGGCGATCCCCCG_003,170
CAGGGGAGGGCGATCCCCCG_004,170
CAGGGGAGGGCGATCCCCCG_005,48
CAGGGGAGGGCGATCCCCCG_006,3
AAACCACCAGAACCAGATGC_001,106
AAACCACCAGAACCAGATGC_002,193
AAACCACCAGAACCAGATGC_003,170
AAACCACCAGAACCAGATGC_004,16
AAACCACCAGAACCAGATGC_005,8
AAACCACCAGAACCAGATGC_006,71
AAACCACCAGAACCAGATGC_007,198
AAACCACCAGAACCAGATGC_008,88
AAACCACCAGAACCAGATGC_009,162
AAACCACCAGAACCAGATGC_010,185
AAACCACCAGAACCAGATGC_011,66
AAACCACCAGAACCAGATGC_012,37
AAACCACCAGAACCAGATGC_013,37
AAACCACCAGAACCAGATGC_014,81
GAGGTGCGCTATAAAATCCG_001,130
GAGGTGCGCTATAAAATCCG_002,23
GTGAAGGAAGCAGACCCCAC_001,36
GTGAAGGAAGCAGACCCCAC_002,178
GTGAAGGAAGCAGACCCCAC_003,29
GTGAAGGAAGCAGACCCCAC_004,31
GTGAAGGAAGCAGACCCCAC_005,92
GTGAAGGAAGCAGACCCCAC_006,158
GTGAAGGAAGCAGACCCCAC_007,4
GTGAAGGAAGCAGACCCCAC_008,50
GTGAAGGAAGCAGACCCCAC_009,8
GTGAAGGAAGCAGACCCCAC_010,120
GTGAAGGAAGCAGACCCCAC_011,136
GTGAAGGAAGCAGACCCCAC_012,137
GTGAAGGAAGCAGACCCCAC_013,42
GTGAAGGAAGCAGACCCCAC_014,118
GTGAAGGAAGCAGACCCCAC_015,96
GTGAAGGAAGCAGACCCCAC_016,184
GAGAAGAGGCTCATATCTAG_001,43
GAGAAGAGGCTCATATCTAG_002,149
GAGAAGAGGCTCATATCTAG_003,188
GAGAAGAGGCTCATATCTAG_004,130
GGTGGCCAATTCGATTCGGA_001,197
GGTGGCCAATTCGATTCGGA_002,118
GGTGGCCAATTCGATTCGGA_003,161
GGTGGCCAATTCGATTCGGA_004,180
CCTTGCCAAAAAACCCTGGA_001,151
CCTTGCCAAAAAACCCTGGA_002,172
CCTTGCCAAAAAACCCTGGA_003,9
CCTTGCCAAAAAACCCTGGA_004,135
CCTTGCCAAAAAACCCTGGA_005,47
CCTTGCCAAAAAACCCTGGA_006,147
CCTTGCCAAAAAACCCTGGA_007,170
CCTTGCCAAAAAACCCTGGA_008,186
CCTTGCCAAAAAACCCTGGA_009,9
CCTTGCCAAAAAACCCTGGA_010,2
CCTTGCCAAAAAACCCTGGA_011,27
CCTTGCCAAAAAACCCTGGA_012,55
CCTTGCCAAAAAACCCTGGA_013,119
CCTTGCCAAAAAACCCTGGA_014,20
CCTTGCCAAAAAACCCTGGA_015,173
AGGTTGTGGCCATGGAACAG_001,12
AGGTTGTGGCCATGGAACAG_002,70
AGGTTGTGGCCATGGAACAG_003,126
AGGTTGTGGCCATGGAACAG_004,58
AGGTTGTGGCCATGGAACAG_005,115
AGGTTGTGGCCATGGAACAG_006,145
AGGTTGTGGCCATGGAACAG_007,0
AGGTTGTGGCCATGGAACAG_008,137
AGATACAAGAAGCTTGGAAG_001,159
AGATACAAGAAGCTTGGAAG_002,173
AGATACAAGAAGCTTGGAAG_003,105
AGATACAAGAAGCTTGGAAG_004,157
AGATACAAGAAGCTTGGAAG_005,194
AGATACAAGAAGCTTGGAAG_006,191
AGATACAAGAAGCTTGGAAG_007,168
CTGGACCCGGAAATATCCAG_001,188
CTGGACCCGGAAATATCCAG_002,55
CTGGACCCGGAAATATCCAG_003,74
CTGGACCCGGAAATATCCAG_004,97
CTGGACCCGGAAATATCCAG_005,35
CTGGACCCGGAAATATCCAG_006,194
CTGGACCCGGAAATATCCAG_007,180
CTGGACCCGGAAATATCCAG_008,148
CTGGACCCGGAAATATCCAG_009,165
CTTGGACATAACAGCAACAT_001,97
CTTGGACATAACAGCAACAT_002,188
CTTGGACATAACAGCAACAT_003,23
GGACACTTATGTGCAGCGTA_001,52
GGACACTTATGTGCAGCGTA_002,152
GGACACTTATGTGCAGCGTA_003,119
GGACACTTATGTGCAGCGTA_004,169
GGACACTTATGTGCAGCGTA_005,56
GGACACTTATGTGCAGCGTA_006,125
GGACACTTATGTGCAGCGTA_007,0
GGACACTTATGTGCAGCGTA_008,91
GGACACTTATGTGCAGCGTA_009,58
GGACACTTATGTGCAGCGTA_010,182
GGACACTTATGTGCAGCGTA_011,169
GGACACTTATGTGCAGCGTA_012,145
GGACACTTATGTGCAGCGTA_013,151
GGACACTTATGTGCAGCGTA_014,165
GGACACTTATGTGCAGCGTA_015,147
GGACACTTATGTGCAGCGTA_016,116
GGACACTTATGTGCAGCGTA_017,188
GGACACTTATGTGCAGCGTA_018,83
GGACACTTATGTGCAGCGTA_019,84
TCAAAGGTAATCCTATACTG_001,30
TCAAAGGTAATCCTATACTG_002,149
AAGTCGGGTTCTATGCGTCT_001,93
AAGTCGGGTTCTATGCGTCT_002,93
AAGTCGGGTTCTATGCGTCT_003,30
CGGCTGGTGGACTATTTGGA_001,70
ATGGCGTCCAGCGACGAGGA_001,146
ATGGCGTCCAGCGACGAGGA_002,130
ATGGCGTCCAGCGACGAGGA_003,130
ATGGCGTCCAGCGACGAGGA_004,118
ATGGCGTCCAGCGACGAGGA_005,50
ATGGCGTCCAGCGACGAGGA_006,146
ATGGCGTCCAGCGACGAGGA_007,80
ATGGCGTCCAGCGACGAGGA_008,80
ATGGCGTCCAGCGACGAGGA_009,134
ATGGCGTCCAGCGACGAGGA_010,73
ATGGCGTCCAGCGACGAGGA_011,129
ATGGCGTCCAGCGACGAGGA_012,136
ATGGCGTCCAGCGACGAGGA_013,174
ATGGCGTCCAGCGACGAGGA_014,69
ATGGCGTCCAGCGACGAGGA_015,152
ATGGCGTCCAGCGACGAGGA_016,94
ATGGCGTCCAGCGACGAGGA_017,103
ATGGCGTCCAGCGACGAGGA_018,184
ATGGCGTCCAGCGACGAGGA_019,24
ATGGCGTCCAGCGACGAGGA_020,54
ATGGCGTCCAGCGACGAGGA_021,174
ATGGCGTCCAGCGACGAGGA_022,34
ATGGCGTCCAGCGACGAGGA_023,3
ATGGCGTCCAGCGACGAGGA_024,28
ATGGCGTCCAGCGACGAGGA_025,77
ATGGCGTCCAGCGACGAGGA_026,92
ATGGCGTCCAGCGACGAGGA_027,28
ATGGCGTCCAGCGACGAGGA_028,76
ATGGCGTCCAGCGACGAGGA_029,83
ATGGCGTCCAGCGACGAGGA_030,128
ATGGCGTCCAGCGACGAGGA_031,105
ATGGCGTCCAGCGACGAGGA_032,50
ATGGCGTCCAGCGACGAGGA_033,195
ATGGCGTCCAGCGACGAGGA_034,24
ATGGCGTCCAGCGACGAGGA_035,159
ATGGCGTCCAGCGACGAGGA_036,1
ATGGCGTCCAGCGACGAGGA_037,52
ATGGCGTCCAGCGACGAGGA_038,104
ATGGCGTCCAGCGACGAGGA_039,148
ATGGCGTCCAGCGACGAGGA_040,19
ATGGCGTCCAGCGACGAGGA_041,137
ATGGCGTCCAGCGACGAGGA_042,88
ATGGCGTCCAGCGACGAGGA_043,68
ATGGCGTCCAGCGACGAGGA_044,37
ATGGCGTCCAGCGACGAGGA_045,34
CTCATACAAAATACCACTAG_001,68
CTCATACAAAATACCACTAG_002,108
CTCATACAAAATACCACTAG_003,144
CTCATACAAAATACCACTAG_004,34
TAGATCCACCTGTACACACG_001,139
TAGATCCACCTGTACACACG_002,2
TAGATCCACCTGTACACACG_003,184
TAGATCCACCTGTACACACG_004,58
TAGATCCACCTGTACACACG_005,115
TAGATCCACCTGTACACACG_006,6
TAGATCCACCTGTACACACG_007,91
TAGATCCACCTGTACACACG_008,76
TAGATCCACCTGTACACACG_009,177
TAGATCCACCTGTACACACG_010,25
TAGATCCACCTGTACACACG_011,24
TAGATCCACCTGTACACACG_012,1
TAGATCCACCTGTACACACG_013,56
TAGATCCACCTGTACACACG_014,91
TAGATCCACCTGTACACACG_015,152
TAGATCCACCTGTACACACG_016,128
TCACCACTTCTTAACCAAGG_001,9
CGCTAAATTGTCACACGTTT_001,170
CGCTAAATTGTCACACGTTT_002,191
CGCTAAATTGTCACACGTTT_003,198
CGCTAAATTGTCACACGTTT_004,163
CGCTAAATTGTCACACGTTT_005,93
CGCTAAATTGTCACACGTTT_006,175
CGCTAAATTGTCACACGTTT_007,74
CGCTAAATTGTCACACGTTT_008,160
CATACCATGCACAATGACCT_001,89
CATACCATGCACAATGACCT_002,178
CATACCATGCACAATGACCT_003,161
CATACCATGCACAATGACCT_004,190
CATACCATGCACAATGACCT_005,105
CATACCATGCACAATGACCT_006,41
CATACCATGCACAATGACCT_007,85
CATACCATGCACAATGACCT_008,174
CATACCATGCACAATGACCT_009,13
TGGGCAGCTATATGGCACGT_001,144
TATGACAACCTGTTCCACCG_001,165
TATGACAACCTGTTCCACCG_002,172
TATGACAACCTGTTCCACCG_003,93
TATGACAACCTGTTCCACCG_004,33
TATGACAACCTGTTCCACCG_005,48
TATGACAACCTGTTCCACCG_006,160
TATGACAACCTGTTCCACCG_007,61
TATGACAACCTGTTCCACCG_008,28
TATGACAACCTGTTCCACCG_009,139
TATGACAACCTGTTCCACCG_010,184
AGAAATCTAGCAATTTACTC_001,43
TCCAAGCGATCACGCTCTTG_001,77
TCCAAGCGATCACGCTCTTG_002,172
TCCAAGCGATCACGCTCTTG_003,94
TCCAAGCGATCACGCTCTTG_004,171
TCCAAGCGATCACGCTCTTG_005,129
TCCAAGCGATCACGCTCTTG_006,189
TCCAAGCGATCACGCTCTTG_007,44
CAAGGCTGTCACAACTCCGA_001,199
GTTGCGAGTTACTATTGGTT_001,50
GTTGCGAGTTACTATTGGTT_002,48
GTTGCGAGTTACTATTGGTT_003,82
GTTGCGAGTTACTATTGGTT_004,115
GTTGCGAGTTACTATTGGTT_005,1
GTTGCGAGTTACTATTGGTT_006,151
GTTGCGAGTTACTATTGGTT_007,170
GTTGCGAGTTACTATTGGTT_008,148
GTTGCGAGTTACTATTGGTT_009,144
GTTGCGAGTTACTATTGGTT_010,15
GTTGCGAGTTACTATTGGTT_011,103
GTTGCGAGTTACTATTGGTT_012,119
GTTGCGAGTTACTATTGGTT_013,105
GTTGCGAGTTACTATTGGTT_014,164
GTTGCGAGTTACTATTGGTT_015,160
GTTGCGAGTTACTATTGGTT_016,168
GTTGCGAGTTACTATTGGTT_017,62
GGGTGCCATACCAATAGGTG_001,163
GGGTGCCATACCAATAGGTG_002,43
GGGTGCCATACCAATAGGTG_003,156
GGGTGCCATACCAATAGGTG_004,183
CTTCTAGCCAAGAAGGCTCG_001,33
CTTCTAGCCAAGAAGGCTCG_002,167
CTTCTAGCCAAGAAGGCTCG_003,74
CTTCTAGCCAAGAAGGCTCG_004,107
CTTCTAGCCAAGAAGGCTCG_005,162
CTTCTAGCCAAGAAGGCTCG_006,30
CTTCTAGCCAAGAAGGCTCG_007,94
CTTCTAGCCAAGAAGGCTCG_008,130
CTTCTAGCCAAGAAGGCTCG_009,148
TTCACGGATGGGTGTCTCCG_001,43
TTCACGGATGGGTGTCTCCG_002,177
TTCACGGATGGGTGTCTCCG_003,31
TTCACGGATGGGTGTCTCCG_004,46
TTCACGGATGGGTGTCTCCG_005,83
TTCACGGATGGGTGTCTCCG_006,26
TTCACGGATGGGTGTCTCCG_007,21
TTCACGGATGGGTGTCTCCG_008,162
TTCACGGATGGGTGTCTCCG_009,138
TTCACGGATGGGTGTCTCCG_010,33
TTCACGGATGGGTGTCTCCG_011,39
CTAGTATATGACATCACCAA_001,2
CTAGTATATGACATCACCAA_002,171
CTAGTATATGACATCACCAA_003,88
GCCCCTCCGAGCCATCAACA_001,66
GCCCCTCCGAGCCATCAACA_002,149
GCCCCTCCGAGCCATCAACA_003,83
GCCCCTCCGAGCCATCAACA_004,115
GCCCCTCCGAGCCATCAACA_005,68
GCCCCTCCGAGCCATCAACA_006,174
GCCCCTCCGAGCCATCAACA_007,61
GCCCCTCCGAGCCATCAACA_008,193
GCCCCTCCGAGCCATCAACA_009,49
GCCCCTCCGAGCCATCAACA_010,94
GCCCCTCCGAGCCATCAACA_011,196
GCCCCTCCGAGCCATCAACA_012,72
GCCCCTCCGAGCCATCAACA_013,68
GCCCCTCCGAGCCATCAACA_014,152
GCCCCTCCGAGCCATCAACA_015,48
GCCCCTCCGAGCCATCAACA_016,62
CCGTCACCCTCAGTTGTCAG_001,194
CCGTCACCCTCAGTTGTCAG_002,39
CCGTCACCCTCAGTTGTCAG_003,19
CCGTCACCCTCAGTTGTCAG_004,55
CCGTCACCCTCAGTTGTCAG_005,122
CCGTCACCCTCAGTTGTCAG_006,189
CCGTCACCCTCAGTTGTCAG_007,26
CCGTCACCCTCAGTTGTCAG_008,147
CCGTCACCCTCAGTTGTCAG_009,49
CCGTCACCCTCAGTTGTCAG_010,50
CCGTCACCCTCAGTTGTCAG_011,174
CCGTCACCCTCAGTTGTCAG_012,42
CCGTCACCCTCAGTTGTCAG_013,34
CCGTCACCCTCAGTTGTCAG_014,166
CCGTCACCCTCAGTTGTCAG_015,16
CCGTCACCCTCAGTTGTCAG_016,146
CCGTCACCCTCAGTTGTCAG_017,113
CCGTCACCCTCAGTTGTCAG_018,0
CCGTCACCCTCAGTTGTCAG_019,62
CCGTCACCCTCAGTTGTCAG_020,61
CCGTCACCCTCAGTTGTCAG_021,17
CCGTCACCCTCAGTTGTCAG_022,88
CCGTCACCCTCAGTTGTCAG_023,162
CCGTCACCCTCAGTTGTCAG_024,37
CCGTCACCCTCAGTTGTCAG_025,12
GGGAGATCGGCGGATCCCAG_001,60
GGGAGATCGGCGGATCCCAG_002,80
GGGAGATCGGCGGATCCCAG_003,85
GGGAGATCGGCGGATCCCAG_004,130
GGGAGATCGGCGGATCCCAG_005,127
GGTGAGAAGACTACCCCACA_001,53
GGTGAGAAGACTACCCCACA_002,169
GGTGAGAAGACTACCCCACA_003,149
GGTGAGAAGACTACCCCACA_004,93
GGTGAGAAGACTACCCCACA_005,5
GGTGAGAAGACTACCCCACA_006,136
GGTGAGAAGACTACCCCACA_007,71
GGTGAGAAGACTACCCCACA_008,45
GGTGAGAAGACTACCCCACA_009,94
GGTGAGAAGACTACCCCACA_010,31
GGTGAGAAGACTACCCCACA_011,84
GGTGAGAAGACTACCCCACA_012,180
GGTGAGAAGACTACCCCACA_013,161
GGTGAGAAGACTACCCCACA_014,177
GGTGAGAAGACTACCCCACA_015,59
GGTGAGAAGACTACCCCACA_016,28
CTCCGACGTGCTAGAACTCA_001,123
CTCCGACGTGCTAGAACTCA_002,95
GTGGGTGAAGAACCAAGTTG_001,196
GTGGGTGAAGAACCAAGTTG_002,97
GTGGGTGAAGAACCAAGTTG_003,63
GTGGGTGAAGAACCAAGTTG_004,144
GTGGGTGAAGAACCAAGTTG_005,147
GTGGGTGAAGAACCAAGTTG_006,57
GTGGGTGAAGAACCAAGTTG_007,188
GTGGGTGAAGAACCAAGTTG_008,44
GTGGGTGAAGAACCAAGTTG_009,66
GTGGGTGAAGAACCAAGTTG_010,196
GTGGGTGAAGAACCAAGTTG_011,7
GTGGGTGAAGAACCAAGTTG_012,11
GTGGGTGAAGAACCAAGTTG_013,17
ATGTGCACATACCACCCCTG_001,152
ATGTGCACATACCACCCCTG_002,188
ATGTGCACATACCACCCCTG_003,47
ATGTGCACATACCACCCCTG_004,28
ATGTGCACATACCACCCCTG_005,77
ATGTGCACATACCACCCCTG_006,65
ATGTGCACATACCACCCCTG_007,180
ATGTGCACATACCACCCCTG_008,38
ATGTGCACATACCACCCCTG_009,157
ATGTGCACATACCACCCCTG_010,4
GCTCGTTCGACCAGTCACCA_001,127
GCTCGTTCGACCAGTCACCA_002,46
GCTCGTTCGACCAGTCACCA_003,55
GCTCGTTCGACCAGTCACCA_004,170
GCTCGTTCGACCAGTCACCA_005,2
GCTCGTTCGACCAGTCACCA_006,34
GCTCGTTCGACCAGTCACCA_007,145
GCTCGTTCGACCAGTCACCA_008,18
GCTCGTTCGACCAGTCACCA_009,88
GCTCGTTCGACCAGTCACCA_010,94
GCTCGTTCGACCAGTCACCA_011,4
GCTCGTTCGACCAGTCACCA_012,124
TTCATGCACTGTACCATGAG_001,60
TTCATGCACTGTACCATGAG_002,176
TTCATGCACTGTACCATGAG_003,177
TTCATGCACTGTACCATGAG_004,78
TTCATGCACTGTACCATGAG_005,150
TTCATGCACTGTACCATGAG_006,40
TTGAAGAATATCCTAAACTG_001,16
AACATTCCGATTATGGACAC_001,73
AACATTCCGATTATGGACAC_002,8
AACATTCCGATTATGGACAC_003,44
AACATTCCGATTATGGACAC_004,23
AACATTCCGATTATGGACAC_005,176
AACATTCCGATTATGGACAC_006,119
AACATTCCGATTATGGACAC_007,41
AACATTCCGATTATGGACAC_008,2
AACATTCCGATTATGGACAC_009,85
AACATTCCGATTATGGACAC_010,2
AACATTCCGATTATGGACAC_011,154
AACATTCCGATTATGGACAC_012,119
AACATTCCGATTATGGACAC_013,115
AACATTCCGATTATGGACAC_014,172
AACATTCCGATTATGGACAC_015,49
AACATTCCGATTATGGACAC_016,138
AACATTCCGATTATGGACAC_017,61
ATGAACGAATAGTTGCCAAA_001,166
ATGAACGAATAGTTGCCAAA_002,183
ATGAACGAATAGTTGCCAAA_003,115
ATGAACGAATAGTTGCCAAA_004,128
ATGAACGAATAGTTGCCAAA_005,182
ATGAACGAATAGTTGCCAAA_006,11
ATGAACGAATAGTTGCCAAA_007,172
ATGAACGAATAGTTGCCAAA_008,95
ATGAACGAATAGTTGCCAAA_009,56
TGCTTGCCCCCTGAGCATTG_001,48
TGCTTGCCCCCTGAGCATTG_002,184
TGCTTGCCCCCTGAGCATTG_003,128
TGCTTGCCCCCTGAGCATTG_004,105
TGCTTGCCCCCTGAGCATTG_005,66
TGCTTGCCCCCTGAGCATTG_006,12
TGCTTGCCCCCTGAGCATTG_007,162
TGCTTGCCCCCTGAGCATTG_008,42
TGCTTGCCCCCTGAGCATTG_009,174
TGCTTGCCCCCTGAGCATTG_010,105
TGCTTGCCCCCTGAGCATTG_011,127
TGCTTGCCCCCTGAGCATTG_012,49
TGCTTGCCCCCTGAGCATTG_013,138
TGCTTGCCCCCTGAGCATTG_014,112
TGCTTGCCCCCTGAGCATTG_015,62
TGCTTGCCCCCTGAGCATTG_016,184
TGCTTGCCCCCTGAGCATTG_017,43
TGCTTGCCCCCTGAGCATTG_018,98
TGCTTGCCCCCTGAGCATTG_019,172
TGCTTGCCCCCTGAGCATTG_020,49
TGCTTGCCCCCTGAGCATTG_021,124
TGCTTGCCCCCTGAGCATTG_022,6
TGCTTGCCCCCTGAGCATTG_023,0
TGCTTGCCCCCTGAGCATTG_024,103
TGCTTGCCCCCTGAGCATTG_025,180
TGCTTGCCCCCTGAGCATTG_026,146
CTGCTGAATATACCGGTCTG_001,198
CTGCTGAATATACCGGTCTG_002,86
AGAAGATGGAAACAACTTTG_001,139
AGATTCACAAGCGATCCGAG_001,198
AGATTCACAAGCGATCCGAG_002,4
AGATTCACAAGCGATCCGAG_003,100
AGATTCACAAGCGATCCGAG_004,16
AGATTCACAAGCGATCCGAG_005,168
AGATTCACAAGCGATCCGAG_006,144
AGATTCACAAGCGATCCGAG_007,192
AGATTCACAAGCGATCCGAG_008,154
AGATTCACAAGCGATCCGAG_009,87
AGATTCACAAGCGATCCGAG_010,107
AGATTCACAAGCGATCCGAG_011,99
AGATTCACAAGCGATCCGAG_012,11
AGATTCACAAGCGATCCGAG_013,113
AGATTCACAAGCGATCCGAG_014,72
AGATTCACAAGCGATCCGAG_015,72
AGATTCACAAGCGATCCGAG_016,63
AGATTCACAAGCGATCCGAG_017,77
AGATTCACAAGCGATCCGAG_018,109
CTTTCAATGAGAAATGATGC_001,72
TTTGCTAGCTGTAACCAAGG_001,166
TTTGCTAGCTGTAACCAAGG_002,56
TTTGCTAGCTGTAACCAAGG_003,70
TTTGCTAGCTGTAACCAAGG_004,141
GGCCATGGGAAGTGTTACTG_001,64
GGCCATGGGAAGTGTTACTG_002,52
GGCCATGGGAAGTGTTACTG_003,116
GGCCATGGGAAGTGTTACTG_004,121
GGCCATGGGAAGTGTTACTG_005,176
GGCCATGGGAAGTGTTACTG_006,55
GGCCATGGGAAGTGTTACTG_007,181
GGCCATGGGAAGTGTTACTG_008,134
GGCCATGGGAAGTGTTACTG_009,177
GGCCATGGGAAGTGTTACTG_010,49
GGCCATGGGAAGTGTTACTG_011,12
GGCCATGGGAAGTGTTACTG_012,62
GGCCATGGGAAGTGTTACTG_013,32
GGCCATGGGAAGTGTTACTG_014,145
GGCCATGGGAAGTGTTACTG_015,184
GGCCATGGGAAGTGTTACTG_016,19
GGCCATGGGAAGTGTTACTG_017,130
GGCCATGGGAAGTGTTACTG_018,169
GGCCATGGGAAGTGTTACTG_019,123
GGCCATGGGAAGTGTTACTG_020,130
GGCCATGGGAAGTGTTACTG_021,178
GGCCATGGGAAGTGTTACTG_022,80
GGCCATGGGAAGTGTTACTG_023,94
GGCCATGGGAAGTGTTACTG_024,65
GGCCATGGGAAGTGTTACTG_025,17
GGCCATGGGAAGTGTTACTG_026,149
GGCCATGGGAAGTGTTACTG_027,157
GGCCATGGGAAGTGTTACTG_028,153
GGCCATGGGAAGTGTTACTG_029,68
GGCCATGGGAAGTGTTACTG_030,169
GGCCATGGGAAGTGTTACTG_031,181
GGCCATGGGAAGTGTTACTG_032,99
GGCCATGGGAAGTGTTACTG_033,51
GGCCATGGGAAGTGTTACTG_034,130
GGCCATGGGAAGTGTTACTG_035,198
AATGTCTTCCACATTAGGTG_001,92
AATGTCTTCCACATTAGGTG_002,25
AATGTCTTCCACATTAGGTG_003,64
AATGTCTTCCACATTAGGTG_004,52
AATGTCTTCCACATTAGGTG_005,109
AATGTCTTCCACATTAGGTG_006,157
AATGTCTTCCACATTAGGTG_007,34
AATGTCTTCCACATTAGGTG_008,174
AATGTCTTCCACATTAGGTG_009,81
AATGTCTTCCACATTAGGTG_010,188
CCTACTCTATGCAGAGCTCG_001,61
CCTACTCTATGCAGAGCTCG_002,166
CCTACTCTATGCAGAGCTCG_003,166
CCTACTCTATGCAGAGCTCG_004,160
CGCAGCCACCTGGCAAGCGT_001,151
CGCAGCCACCTGGCAAGCGT_002,85
TTCCAAAGTCACATCCACGA_001,43
TTCCAAAGTCACATCCACGA_002,197
TTCCAAAGTCACATCCACGA_003,142
TTCCAAAGTCACATCCACGA_004,161
TTCCAAAGTCACATCCACGA_005,190
TTCCAAAGTCACATCCACGA_006,192
TTCCAAAGTCACATCCACGA_007,22
TTCCAAAGTCACATCCACGA_008,70
TTCCAAAGTCACATCCACGA_009,177
TTCCAAAGTCACATCCACGA_010,184
TTCCAAAGTCACATCCACGA_011,188
TTCCAAAGTCACATCCACGA_012,170
TTCCAAAGTCACATCCACGA_013,191
TTCCAAAGTCACATCCACGA_014,29
TTCCAAAGTCACATCCACGA_015,19
CACACTCGCTACTTCAGGGG_001,58
CACACTCGCTACTTCAGGGG_002,137
CACACTCGCTACTTCAGGGG_003,171
CACACTCGCTACTTCAGGGG_004,77
CAGACTCACCGTGTCGACGC_001,138
CAGACTCACCGTGTCGACGC_002,105
CAGACTCACCGTGTCGACGC_003,17
CAGACTCACCGTGTCGACGC_004,188
CAGACTCACCGTGTCGACGC_005,77
CAGACTCACCGTGTCGACGC_006,30
CAGACTCACCGTGTCGACGC_007,95
CAGACTCACCGTGTCGACGC_008,115
CAGACTCACCGTGTCGACGC_009,162
CAGACTCACCGTGTCGACGC_010,120
CAGACTCACCGTGTCGACGC_011,62
CAAAACTCACTGTACATGGG_001,154
CAAAACTCACTGTACATGGG_002,25
CAAAACTCACTGTACATGGG_003,60
CAAAACTCACTGTACATGGG_004,193
CAAAACTCACTGTACATGGG_005,106
CAAAACTCACTGTACATGGG_006,19
CAAAACTCACTGTACATGGG_007,157
CAAAACTCACTGTACATGGG_008,110
CAAAACTCACTGTACATGGG_009,168
CAAAACTCACTGTACATGGG_010,42
CAAAACTCACTGTACATGGG_011,185
CAAAACTCACTGTACATGGG_012,55
CAAAACTCACTGTACATGGG_013,58
CAAAACTCACTGTACATGGG_014,116
CAAAACTCACTGTACATGGG_015,94
CAAAACTCACTGTACATGGG_016,40
CAAAACTCACTGTACATGGG_017,13
CAAAACTCACTGTACATGGG_018,116
CAAAACTCACTGTACATGGG_019,105
GCCTACCTTGCAGACTATGG_001,168
GCCTACCTTGCAGACTATGG_002,160
GCCTACCTTGCAGACTATGG_003,113
GCCTACCTTGCAGACTATGG_004,34
GCCTACCTTGCAGACTATGG_005,168
GCCTACCTTGCAGACTATGG_006,194
TCTGTCACCAAAACACCGAG_001,101
TCTGTCACCAAAACACCGAG_002,149
AAGCACTCATCATCGGCACA_001,115
AAGCACTCATCATCGGCACA_002,115
AAGCACTCATCATCGGCACA_003,127
AAGCACTCATCATCGGCACA_004,83
AAGCACTCATCATCGGCACA_005,119
AAGCACTCATCATCGGCACA_006,88
AAGCACTCATCATCGGCACA_007,115
AAGCACTCATCATCGGCACA_008,70
AAGCACTCATCATCGGCACA_009,23
AAGCACTCATCATCGGCACA_010,168
AAGCACTCATCATCGGCACA_011,114
AAGCACTCATCATCGGCACA_012,168
AAGCACTCATCATCGGCACA_013,184
AAGCACTCATCATCGGCACA_014,184
AAGCACTCATCATCGGCACA_015,188
AAGCACTCATCATCGGCACA_016,165
AAGCACTCATCATCGGCACA_017,142
AAGCACTCATCATCGGCACA_018,66
ACGCCTCCTCAAATTAGCTC_001,8
ACGCCTCCTCAAATTAGCTC_002,83
ACGCCTCCTCAAATTAGCTC_003,102
ACGCCTCCTCAAATTAGCTC_004,73
ACGCCTCCTCAAATTAGCTC_005,15
ACGCCTCCTCAAATTAGCTC_006,8
ACGCCTCCTCAAATTAGCTC_007,143
ACGCCTCCTCAAATTAGCTC_008,43
ACGCCTCCTCAAATTAGCTC_009,40
ACGCCTCCTCAAATTAGCTC_010,30
ACGCCTCCTCAAATTAGCTC_011,104
ACGCCTCCTCAAATTAGCTC_012,187
ACGCCTCCTCAAATTAGCTC_013,106
ACGCCTCCTCAAATTAGCTC_014,146
ACGCCTCCTCAAATTAGCTC_015,144
ACGCCTCCTCAAATTAGCTC_016,40
ACGCCTCCTCAAATTAGCTC_017,147
ACGCCTCCTCAAATTAGCTC_018,56
ACGCCTCCTCAAATTAGCTC_019,57
ACGCCTCCTCAAATTAGCTC_020,130
ACGCCTCCTCAAATTAGCTC_021,40
CTGAATGCTTCAGATGACCG_001,75
CTGAATGCTTCAGATGACCG_002,5
AGGTCACATAACACAGAAAA_001,90
ATGACCGGCGGATTGTGGAT_001,174
ATGACCGGCGGATTGTGGAT_002,141
ATGACCGGCGGATTGTGGAT_003,133
ATGACCGGCGGATTGTGGAT_004,125
ATGACCGGCGGATTGTGGAT_005,115
ATGACCGGCGGATTGTGGAT_006,60
ATGACCGGCGGATTGTGGAT_007,147
ATGACCGGCGGATTGTGGAT_008,43
ATGACCGGCGGATTGTGGAT_009,63
ATGACCGGCGGATTGTGGAT_010,144
ATGACCGGCGGATTGTGGAT_011,116
ATGACCGGCGGATTGTGGAT_012,106
ATGACCGGCGGATTGTGGAT_013,188
ATGACCGGCGGATTGTGGAT_014,70
ATGACCGGCGGATTGTGGAT_015,188
ATGACCGGCGGATTGTGGAT_016,116
AGTGTGGTATCAAGCTTACA_001,4
AGTGTGGTATCAAGCTTACA_002,17
AGTGTGGTATCAAGCTTACA_003,92
AGTGTGGTATCAAGCTTACA_004,130
AGTGTGGTATCAAGCTTACA_005,44
AGTGTGGTATCAAGCTTACA_006,108
AGTGTGGTATCAAGCTTACA_007,124
AGTGTGGTATCAAGCTTACA_008,88
AGTGTGGTATCAAGCTTACA_009,63
AGTGTGGTATCAAGCTTACA_010,86
AGTGTGGTATCAAGCTTACA_011,162
AGTGTGGTATCAAGCTTACA_012,62
AGTGTGGTATCAAGCTTACA_013,63
AGTGTGGTATCAAGCTTACA_014,81
AGTTGATGATGGACAACCAA_001,40
AGTTGATGATGGACAACCAA_002,62
AGTTGATGATGGACAACCAA_003,198
AGTTGATGATGGACAACCAA_004,199
AGTTGATGATGGACAACCAA_005,63
AGTTGATGATGGACAACCAA_006,44
AGTTGATGATGGACAACCAA_007,11
AGTTGATGATGGACAACCAA_008,6
AGTTGATGATGGACAACCAA_009,6
AGTTGATGATGGACAACCAA_010,35
AGTTGATGATGGACAACCAA_011,183
AGTTGATGATGGACAACCAA_012,160
AGTTGATGATGGACAACCAA_013,12
AGTTGATGATGGACAACCAA_014,66
AGTTGATGATGGACAACCAA_015,9
AGTTGATGATGGACAACCAA_016,47
AGTTGATGATGGACAACCAA_017,80
TACGTGAGGAATTTGACCGT_001,81
TACGTGAGGAATTTGACCGT_002,130
TACGTGAGGAATTTGACCGT_003,62
TACGTGAGGAATTTGACCGT_004,116
TACGTGAGGAATTTGACCGT_005,133
TACGTGAGGAATTTGACCGT_006,62
TACGTGAGGAATTTGACCGT_007,2
TACGTGAGGAATTTGACCGT_008,108
TACGTGAGGAATTTGACCGT_009,9
TACGTGAGGAATTTGACCGT_010,115
TACGTGAGGAATTTGACCGT_011,15
TACGTGAGGAATTTGACCGT_012,148
TACGTGAGGAATTTGACCGT_013,48
TACGTGAGGAATTTGACCGT_014,48
TACGTGAGGAATTTGACCGT_015,170
TACGTGAGGAATTTGACCGT_016,1
GGACTGGGTAACATAGTCTG_001,93
GGACTGGGTAACATAGTCTG_002,116
GGACTGGGTAACATAGTCTG_003,118
CAAGATCGCCACGCTGCGCA_001,114
CAAGATCGCCACGCTGCGCA_002,58
CAAGATCGCCACGCTGCGCA_003,184
CAAGATCGCCACGCTGCGCA_004,76
CAAGATCGCCACGCTGCGCA_005,50
CAAGATCGCCACGCTGCGCA_006,126
CAAGATCGCCACGCTGCGCA_007,9
GGGAGAGCTTGTACTGCACG_001,5
GGGGCCGGATCACGTCACCG_001,141
GGGGCCGGATCACGTCACCG_002,20
GGGGCCGGATCACGTCACCG_003,43
GGGGCCGGATCACGTCACCG_004,199
GGGGCCGGATCACGTCACCG_005,16
GGGGCCGGATCACGTCACCG_006,98
GGGGCCGGATCACGTCACCG_007,29
GGGGCCGGATCACGTCACCG_008,72
GGGGCCGGATCACGTCACCG_009,33
GGGGCCGGATCACGTCACCG_010,81
GGGGCCGGATCACGTCACCG_011,15
GGGGCCGGATCACGTCACCG_012,21
GGGGCCGGATCACGTCACCG_013,193
GGGGCCGGATCACGTCACCG_014,162
GGGGCCGGATCACGTCACCG_015,22
GGGGCCGGATCACGTCACCG_016,38
GGGGCCGGATCACGTCACCG_017,13
GGGGCCGGATCACGTCACCG_018,160
GGGGCCGGATCACGTCACCG_019,56
GGGGCCGGATCACGTCACCG_020,19
GGGGCCGGATCACGTCACCG_021,19
GGGGCCGGATCACGTCACCG_022,11
GGGGCCGGATCACGTCACCG_023,101
GGGGCCGGATCACGTCACCG_024,134
GGGGCCGGATCACGTCACCG_025,188
GGGGCCGGATCACGTCACCG_026,143
GTCTGCGTACTTCCAGACCA_001,140
GTCTGCGTACTTCCAGACCA_002,15
GTCTGCGTACTTCCAGACCA_003,64
GTCTGCGTACTTCCAGACCA_004,174
GTCTGCGTACTTCCAGACCA_005,65
GTCTGCGTACTTCCAGACCA_006,37
GTCTGCGTACTTCCAGACCA_007,168
GTCTGCGTACTTCCAGACCA_008,46
TCTACCTCCAGATCACAGCT_001,129
TCTACCTCCAGATCACAGCT_002,181
TCTACCTCCAGATCACAGCT_003,15
TCTACCTCCAGATCACAGCT_004,96
TCTACCTCCAGATCACAGCT_005,28
TCTACCTCCAGATCACAGCT_006,162
TCTACCTCCAGATCACAGCT_007,8
TCTACCTCCAGATCACAGCT_008,144
TCTACCTCCAGATCACAGCT_009,40
TCTACCTCCAGATCACAGCT_010,108
TCTACCTCCAGATCACAGCT_011,161
TCTACCTCCAGATCACAGCT_012,180
TCTACCTCCAGATCACAGCT_013,153
TTATTACCTTCACTCCACCA_001,143
TTATTACCTTCACTCCACCA_002,20
TTATTACCTTCACTCCACCA_003,49
TTATTACCTTCACTCCACCA_004,70
TTATTACCTTCACTCCACCA_005,19
GCTTTAAGAACGTGTCGCTG_001,52
GCTTTAAGAACGTGTCGCTG_002,174
GCTTTAAGAACGTGTCGCTG_003,125
GCTTTAAGAACGTGTCGCTG_004,49
GCTTTAAGAACGTGTCGCTG_005,154
GCTTTAAGAACGTGTCGCTG_006,66
GCTTTAAGAACGTGTCGCTG_007,126
GCTTTAAGAACGTGTCGCTG_008,118
GCTTTAAGAACGTGTCGCTG_009,166
GCTTTAAGAACGTGTCGCTG_010,166
ACTGGGCGATGATGTACATG_001,165
ACTGGGCGATGATGTACATG_002,108
ACTGGGCGATGATGTACATG_003,122
ACAGTAACCCTAATAACCAA_001,104
ACAGTAACCCTAATAACCAA_002,176
TGCAGAATCAATCTTCTACA_001,107
TGCAGAATCAATCTTCTACA_002,97
TGCAGAATCAATCTTCTACA_003,127
CTGTGGCAAACAGTTCACAG_001,94
CTGTGGCAAACAGTTCACAG_002,147
CTGTGGCAAACAGTTCACAG_003,144
CTGTGGCAAACAGTTCACAG_004,177
CTGTGGCAAACAGTTCACAG_005,35
CTGTGGCAAACAGTTCACAG_006,70
CTGTGGCAAACAGTTCACAG_007,16
CTGTGGCAAACAGTTCACAG_008,44
CTGTGGCAAACAGTTCACAG_009,58
CTGTGGCAAACAGTTCACAG_010,60
CTGTGGCAAACAGTTCACAG_011,98
CTGTGGCAAACAGTTCACAG_012,170
CTGTGGCAAACAGTTCACAG_013,198
CTGTGGCAAACAGTTCACAG_014,0
CTGTGGCAAACAGTTCACAG_015,48
GGAGTACACCCAAAACAAGA_001,53
GGAGTACACCCAAAACAAGA_002,77
GGAGTACACCCAAAACAAGA_003,127
GGAGTACACCCAAAACAAGA_004,76
GGAGTACACCCAAAACAAGA_005,37
GGAGTACACCCAAAACAAGA_006,183
TACAACACAAAACATCACGG_001,186
TACAACACAAAACATCACGG_002,161
TACAACACAAAACATCACGG_003,127
TACAACACAAAACATCACGG_004,12
TACAACACAAAACATCACGG_005,49
TACAACACAAAACATCACGG_006,4
TACAACACAAAACATCACGG_007,24
TACAACACAAAACATCACGG_008,85
TACAACACAAAACATCACGG_009,186
TACAACACAAAACATCACGG_010,11
TACAACACAAAACATCACGG_011,92
TACAACACAAAACATCACGG_012,130
TACAACACAAAACATCACGG_013,30
TACAACACAAAACATCACGG_014,67
TACAACACAAAACATCACGG_015,105
TACAACACAAAACATCACGG_016,76
TACAACACAAAACATCACGG_017,108
TACAACACAAAACATCACGG_018,18
TACAACACAAAACATCACGG_019,9
TACAACACAAAACATCACGG_020,50
TACAACACAAAACATCACGG_021,132
TACAACACAAAACATCACGG_022,58
TACAACACAAAACATCACGG_023,56
TACAACACAAAACATCACGG_024,175
TACAACACAAAACATCACGG_025,50
TACAACACAAAACATCACGG_026,161
TACAACACAAAACATCACGG_027,63
TACAACACAAAACATCACGG_028,108
TACAACACAAAACATCACGG_029,84
TACAACACAAAACATCACGG_030,124
TACAACACAAAACATCACGG_031,199
TACAACACAAAACATCACGG_032,160
TACAACACAAAACATCACGG_033,57
ATAAAATACATTGTCAACCG_001,120
AGACTACAACAGCAGTCGCG_001,119
AGACTACAACAGCAGTCGCG_002,187
AGACTACAACAGCAGTCGCG_003,105
AGACTACAACAGCAGTCGCG_004,86
AGACTACAACAGCAGTCGCG_005,50
AGACTACAACAGCAGTCGCG_006,85
AGACTACAACAGCAGTCGCG_007,61
AGACTACAACAGCAGTCGCG_008,145
AGACTACAACAGCAGTCGCG_009,110
AGACTACAACAGCAGTCGCG_010,76
GCATGAGCTAGACTACGATG_001,161
GCATGAGCTAGACTACGATG_002,129
GCATGAGCTAGACTACGATG_003,67
GCATGAGCTAGACTACGATG_004,11
GCATGAGCTAGACTACGATG_005,60
GCATGAGCTAGACTACGATG_006,182
CTGCGGGAAGAAGACGCGTG_001,94
CTGCGGGAAGAAGACGCGTG_002,81
CTGCGGGAAGAAGACGCGTG_003,8
CTGCGGGAAGAAGACGCGTG_004,30
CTGCGGGAAGAAGACGCGTG_005,0
CTGCGGGAAGAAGACGCGTG_006,136
CTGCGGGAAGAAGACGCGTG_007,70
CTGCGGGAAGAAGACGCGTG_008,69
CTGCGGGAAGAAGACGCGTG_009,72
CTGCGGGAAGAAGACGCGTG_010,182
CTGCGGGAAGAAGACGCGTG_011,28
CTGCGGGAAGAAGACGCGTG_012,12
CTGCGGGAAGAAGACGCGTG_013,106
CTGCGGGAAGAAGACGCGTG_014,120
CTGCGGGAAGAAGACGCGTG_015,149
CTGCGGGAAGAAGACGCGTG_016,189
CTGCGGGAAGAAGACGCGTG_017,107
CTGCGGGAAGAAGACGCGTG_018,56
CTGCGGGAAGAAGACGCGTG_019,131
CTGCGGGAAGAAGACGCGTG_020,70
CTGCGGGAAGAAGACGCGTG_021,58
CTGCGGGAAGAAGACGCGTG_022,85
CTGCGGGAAGAAGACGCGTG_023,160
CTGCGGGAAGAAGACGCGTG_024,70
CTGCGGGAAGAAGACGCGTG_025,82
CTGCGGGAAGAAGACGCGTG_026,118
CTGCGGGAAGAAGACGCGTG_027,164
CTGCGGGAAGAAGACGCGTG_028,144
CTGCGGGAAGAAGACGCGTG_029,175
CTGCGGGAAGAAGACGCGTG_030,3
GTAAACCCCAAAGAGTTGGA_001,88
GTAAACCCCAAAGAGTTGGA_002,50
GTAAACCCCAAAGAGTTGGA_003,156
GTAAACCCCAAAGAGTTGGA_004,156
GTAAACCCCAAAGAGTTGGA_005,97
GTAAACCCCAAAGAGTTGGA_006,60
GTAAACCCCAAAGAGTTGGA_007,62
GTAAACCCCAAAGAGTTGGA_008,124
GTAAACCCCAAAGAGTTGGA_009,5
GTAAACCCCAAAGAGTTGGA_010,181
GTAAACCCCAAAGAGTTGGA_011,192
GTAAACCCCAAAGAGTTGGA_012,76
GTAAACCCCAAAGAGTTGGA_013,184
GTAAACCCCAAAGAGTTGGA_014,97
GTAAACCCCAAAGAGTTGGA_015,78
GTAAACCCCAAAGAGTTGGA_016,17
GTAAACCCCAAAGAGTTGGA_017,8
GTAAACCCCAAAGAGTTGGA_018,190
GTAAACCCCAAAGAGTTGGA_019,23
GTAAACCCCAAAGAGTTGGA_020,99
ACGACCTCATCAAGCGAGCG_001,38
ACGACCTCATCAAGCGAGCG_002,62
ACGACCTCATCAAGCGAGCG_003,183
ACGACCTCATCAAGCGAGCG_004,95
ACGACCTCATCAAGCGAGCG_005,161
ACGACCTCATCAAGCGAGCG_006,83
ACGACCTCATCAAGCGAGCG_007,11
ACGACCTCATCAAGCGAGCG_008,12
ACGACCTCATCAAGCGAGCG_009,130
ACGACCTCATCAAGCGAGCG_010,19
ACGACCTCATCAAGCGAGCG_011,146
ACGACCTCATCAAGCGAGCG_012,162
ACGACCTCATCAAGCGAGCG_013,161
ACGACCTCATCAAGCGAGCG_014,146
ACGACCTCATCAAGCGAGCG_015,22
GGCGAGAGCTTAAAGAACGC_001,119
GGCGAGAGCTTAAAGAACGC_002,9
GGCGAGAGCTTAAAGAACGC_003,37
GGCGAGAGCTTAAAGAACGC_004,1
GGCGAGAGCTTAAAGAACGC_005,169
GGCGAGAGCTTAAAGAACGC_006,11
GGCGAGAGCTTAAAGAACGC_007,90
GGCGAGAGCTTAAAGAACGC_008,69
GGCGAGAGCTTAAAGAACGC_009,116
GGCGAGAGCTTAAAGAACGC_010,72
CTGGCCATCGGACATGTGCA_001,150
CTGGCCATCGGACATGTGCA_002,140
CTGGCCATCGGACATGTGCA_003,61
CTGGCCATCGGACATGTGCA_004,139
CTGGCCATCGGACATGTGCA_005,36
CTGGCCATCGGACATGTGCA_006,4
CTGGCCATCGGACATGTGCA_007,80
CTGGCCATCGGACATGTGCA_008,64
CTGGCCATCGGACATGTGCA_009,50
CTGGCCATCGGACATGTGCA_010,83
CTGGCCATCGGACATGTGCA_011,50
CTGGCCATCGGACATGTGCA_012,53
CTGGCCATCGGACATGTGCA_013,113
CTGGCCATCGGACATGTGCA_014,113
CTGGCCATCGGACATGTGCA_015,130
GCGGCCCACGAACAGCTCGT_001,71
GCGGCCCACGAACAGCTCGT_002,113
GCGGCCCACGAACAGCTCGT_003,83
GCGGCCCACGAACAGCTCGT_004,159
GCGGCCCACGAACAGCTCGT_005,95
GCGGCCCACGAACAGCTCGT_006,141
GCGGCCCACGAACAGCTCGT_007,48
GCGGCCCACGAACAGCTCGT_008,9
GCGGCCCACGAACAGCTCGT_009,1
GCGGCCCACGAACAGCTCGT_010,39
TAAGGCCCAAAGTCTGACTT_001,194
TAAGGCCCAAAGTCTGACTT_002,1
TAAGGCCCAAAGTCTGACTT_003,172
TAAGGCCCAAAGTCTGACTT_004,56
TAAGGCCCAAAGTCTGACTT_005,169
TAAGGCCCAAAGTCTGACTT_006,168
TAAGGCCCAAAGTCTGACTT_007,124
CTGAACACTGCAGCTCGCAT_001,108
CTGAACACTGCAGCTCGCAT_002,111
CTGAACACTGCAGCTCGCAT_003,12
CTGAACACTGCAGCTCGCAT_004,147
CTGAACACTGCAGCTCGCAT_005,4
CTGAACACTGCAGCTCGCAT_006,77
CTGAACACTGCAGCTCGCAT_007,147
CTGAACACTGCAGCTCGCAT_008,9
CTGAACACTGCAGCTCGCAT_009,103
GCACGGCTTATTGCTCATGC_001,10
GCACGGCTTATTGCTCATGC_002,1
CATGCGCCAGAGCAGCGAGT_001,156
CATGCGCCAGAGCAGCGAGT_002,170
CATGCGCCAGAGCAGCGAGT_003,53
CATGCGCCAGAGCAGCGAGT_004,191
CATGCGCCAGAGCAGCGAGT_005,174
CATGCGCCAGAGCAGCGAGT_006,5
CATGCGCCAGAGCAGCGAGT_007,83
CATGCGCCAGAGCAGCGAGT_008,45
CATGCGCCAGAGCAGCGAGT_009,158
CATGCGCCAGAGCAGCGAGT_010,68
CATGCGCCAGAGCAGCGAGT_011,115
CATGCGCCAGAGCAGCGAGT_012,171
CATGCGCCAGAGCAGCGAGT_013,149
GTTAAGGCCCTGTTTACAGG_001,146
GTTAAGGCCCTGTTTACAGG_002,107
GTTAAGGCCCTGTTTACAGG_003,172
GTTAAGGCCCTGTTTACAGG_004,86
GCACCAGGCTGCGCACACGT_001,119
GCACCAGGCTGCGCACACGT_002,51
GCACCAGGCTGCGCACACGT_003,177
GCACCAGGCTGCGCACACGT_004,16
GCACCAGGCTGCGCACACGT_005,7
GCACCAGGCTGCGCACACGT_006,198
GCACCAGGCTGCGCACACGT_007,12
GCACCAGGCTGCGCACACGT_008,137
GCACCAGGCTGCGCACACGT_009,151
GCACCAGGCTGCGCACACGT_010,40
GCACCAGGCTGCGCACACGT_011,38
GCACCAGGCTGCGCACACGT_012,153
GCACTCGTTTACCTTGAACT_001,121
GCACTCGTTTACCTTGAACT_002,148
GCACTCGTTTACCTTGAACT_003,120
GCACTCGTTTACCTTGAACT_004,15
GCACTCGTTTACCTTGAACT_005,8
GCACTCGTTTACCTTGAACT_006,115
GCACTCGTTTACCTTGAACT_007,88
GCACTCGTTTACCTTGAACT_008,45
GCACTCGTTTACCTTGAACT_009,149
GCACTCGTTTACCTTGAACT_010,1
CGAACGCGCTCATCGCAGTG_001,92
CGAACGCGCTCATCGCAGTG_002,7
CGAACGCGCTCATCGCAGTG_003,85
CGAACGCGCTCATCGCAGTG_004,191
AGGTAGTCACTCACATGTAG_001,115
AGGTAGTCACTCACATGTAG_002,174
AGGTAGTCACTCACATGTAG_003,112
AGGTAGTCACTCACATGTAG_004,150
AGGTAGTCACTCACATGTAG_005,141
AGGTAGTCACTCACATGTAG_006,91
AGGTAGTCACTCACATGTAG_007,108
AGGTAGTCACTCACATGTAG_008,19
AGGTAGTCACTCACATGTAG_009,1
AGGTAGTCACTCACATGTAG_010,78
TATGCTCACAGCAAAGCATG_001,68
TATGCTCACAGCAAAGCATG_002,174
TATGCTCACAGCAAAGCATG_003,83
TATGCTCACAGCAAAGCATG_004,58
TATGCTCACAGCAAAGCATG_005,177
TATGCTCACAGCAAAGCATG_006,124
CAAGGGCAAGATCCTCGTGA_001,22
CAAGGGCAAGATCCTCGTGA_002,70
CAAGGGCAAGATCCTCGTGA_003,13
TGAAAGAACGTATCTCGAGA_001,54
TTGTAGGAGCCAAGCCGAAG_001,1
TTGTAGGAGCCAAGCCGAAG_002,144
TTGTAGGAGCCAAGCCGAAG_003,24
TTGTAGGAGCCAAGCCGAAG_004,144
TTGTAGGAGCCAAGCCGAAG_005,166
TTGTAGGAGCCAAGCCGAAG_006,15
CTTCATGCTGGCGTTCTCTG_001,140
CTTCATGCTGGCGTTCTCTG_002,138
CTTCATGCTGGCGTTCTCTG_003,144
CTTCATGCTGGCGTTCTCTG_004,17
CTTCATGCTGGCGTTCTCTG_005,188
CTTCATGCTGGCGTTCTCTG_006,37
CTTCATGCTGGCGTTCTCTG_007,133
CTTCATGCTGGCGTTCTCTG_008,65
GAATTACAACTTCATCGCCG_001,26
GAATTACAACTTCATCGCCG_002,181
GAATTACAACTTCATCGCCG_003,62
GAATTACAACTTCATCGCCG_004,1
GAATTACAACTTCATCGCCG_005,188
GAATTACAACTTCATCGCCG_006,50
ACCACTAATGAGATTCTTGT_001,77
ACCACTAATGAGATTCTTGT_002,29
ACCACTAATGAGATTCTTGT_003,1
ACCACTAATGAGATTCTTGT_004,14
AGGGCGTCATGAGGACCCAG_001,14
AGGGCGTCATGAGGACCCAG_002,41
AGGGCGTCATGAGGACCCAG_003,185
AGGGCGTCATGAGGACCCAG_004,127
CTTTCTTTCCTAGGCGTCAC_001,177
CTTTCTTTCCTAGGCGTCAC_002,105
CTTTCTTTCCTAGGCGTCAC_003,23
CTTTCTTTCCTAGGCGTCAC_004,60
CTTTCTTTCCTAGGCGTCAC_005,118
CTTTCTTTCCTAGGCGTCAC_006,83
CTTTCTTTCCTAGGCGTCAC_007,40
CTTTCTTTCCTAGGCGTCAC_008,140
CTTTCTTTCCTAGGCGTCAC_009,175
CTTTCTTTCCTAGGCGTCAC_010,1
CTTTCTTTCCTAGGCGTCAC_011,54
CTTTCTTTCCTAGGCGTCAC_012,27
CTTTCTTTCCTAGGCGTCAC_013,14
CTTTCTTTCCTAGGCGTCAC_014,2
CTTTCTTTCCTAGGCGTCAC_015,77
CTTTCTTTCCTAGGCGTCAC_016,97
CTTTCTTTCCTAGGCGTCAC_017,64
CTTTCTTTCCTAGGCGTCAC_018,10
CTTTCTTTCCTAGGCGTCAC_019,47
CTTTCTTTCCTAGGCGTCAC_020,85
CTTTCTTTCCTAGGCGTCAC_021,36
CTTTCTTTCCTAGGCGTCAC_022,59
GAACCGATGTCACACCAGGA_001,152
GAACCGATGTCACACCAGGA_002,183
GAACCGATGTCACACCAGGA_003,197
GCGGCATCAGGCATGCGATG_001,113
GCGGCATCAGGCATGCGATG_002,113
GCGGCATCAGGCATGCGATG_003,141
GCGGCATCAGGCATGCGATG_004,62
GCGGCATCAGGCATGCGATG_005,83
GCGGCATCAGGCATGCGATG_006,63
GTATCATAGGAACATCGTCA_001,26
GTATCATAGGAACATCGTCA_002,38
GTATCATAGGAACATCGTCA_003,174
GTATCATAGGAACATCGTCA_004,172
GTATCATAGGAACATCGTCA_005,154
GTATCATAGGAACATCGTCA_006,188
GTATCATAGGAACATCGTCA_007,56
GTATCATAGGAACATCGTCA_008,55
GTATCATAGGAACATCGTCA_009,55
GTATCATAGGAACATCGTCA_010,8
GTATCATAGGAACATCGTCA_011,65
GTATCATAGGAACATCGTCA_012,29
GTATCATAGGAACATCGTCA_013,179
GCAGACGCACAACAATGCCG_001,50
GCAGACGCACAACAATGCCG_002,104
GCAGACGCACAACAATGCCG_003,184
GCAGACGCACAACAATGCCG_004,150
GCAGACGCACAACAATGCCG_005,154
GCAGACGCACAACAATGCCG_006,148
GCAGACGCACAACAATGCCG_007,135
GCAGACGCACAACAATGCCG_008,110
GTGTGCGATTCTCTCCTGAT_001,119
TGATAAAGAAAGTCACATCA_001,192
TGATAAAGAAAGTCACATCA_002,60
TGATAAAGAAAGTCACATCA_003,4
TGATAAAGAAAGTCACATCA_004,149
TGATAAAGAAAGTCACATCA_005,58
TGATAAAGAAAGTCACATCA_006,184
CGCCGAGCCGATGTCCCTCG_001,184
CGCCGAGCCGATGTCCCTCG_002,56
CGCCGAGCCGATGTCCCTCG_003,177
CGCCGAGCCGATGTCCCTCG_004,163
CGCCGAGCCGATGTCCCTCG_005,53
CGCCGAGCCGATGTCCCTCG_006,170
CGCCGAGCCGATGTCCCTCG_007,149
CGCCGAGCCGATGTCCCTCG_008,168
CGCCGAGCCGATGTCCCTCG_009,148
CATACTTAGCTGTAACACGT_001,88
CATACTTAGCTGTAACACGT_002,69
CATACTTAGCTGTAACACGT_003,160
CATACTTAGCTGTAACACGT_004,58
CATACTTAGCTGTAACACGT_005,45
GAATCCAATGATACAAACAA_001,115
GCCACATCCCTAAATGTCAG_001,62
GTCCACCGTGTCGGGCACGT_001,69
GTCCACCGTGTCGGGCACGT_002,73
GTCCACCGTGTCGGGCACGT_003,40
GTCCACCGTGTCGGGCACGT_004,173
GTCCACCGTGTCGGGCACGT_005,137
GTCCACCGTGTCGGGCACGT_006,177
GTCCACCGTGTCGGGCACGT_007,42
GTCCACCGTGTCGGGCACGT_008,133
GTCCACCGTGTCGGGCACGT_009,157
GTCCACCGTGTCGGGCACGT_010,65
GTCCACCGTGTCGGGCACGT_011,157
GTCCACCGTGTCGGGCACGT_012,157
CGCTGCACAACCATCCGCTG_001,162
CGCTGCACAACCATCCGCTG_002,146
CGCTGCACAACCATCCGCTG_003,150
CGCTGCACAACCATCCGCTG_004,182
CGCTGCACAACCATCCGCTG_005,191
CGCTGCACAACCATCCGCTG_006,101
CGCTGCACAACCATCCGCTG_007,93
CGCTGCACAACCATCCGCTG_008,60
CGCTGCACAACCATCCGCTG_009,150
CGCTGCACAACCATCCGCTG_010,80
CGCTGCACAACCATCCGCTG_011,184
CGCTGCACAACCATCCGCTG_012,8
CGCTGCACAACCATCCGCTG_013,146
CGCTGCACAACCATCCGCTG_014,10
CGCTGCACAACCATCCGCTG_015,11
CGCTGCACAACCATCCGCTG_016,169
CGCTGCACAACCATCCGCTG_017,90
CGCTGCACAACCATCCGCTG_018,123
GTTCTCAGGAGTAGAAACCA_001,42
GTTCTCAGGAGTAGAAACCA_002,121
GTTCTCAGGAGTAGAAACCA_003,178
GTTCTCAGGAGTAGAAACCA_004,33
CTCAGCTGAAGGATCTTCAC_001,122
CTCAGCTGAAGGATCTTCAC_002,191
CTCAGCTGAAGGATCTTCAC_003,55
CTCAGCTGAAGGATCTTCAC_004,28
CTCAGCTGAAGGATCTTCAC_005,78
CTCAGCTGAAGGATCTTCAC_006,188
CTCAGCTGAAGGATCTTCAC_007,115
CTCAGCTGAAGGATCTTCAC_008,147
CTCAGCTGAAGGATCTTCAC_009,190
CTCAGCTGAAGGATCTTCAC_010,187
CTCAGCTGAAGGATCTTCAC_011,146
CTCAGCTGAAGGATCTTCAC_012,100
CTCAGCTGAAGGATCTTCAC_013,119
CTCAGCTGAAGGATCTTCAC_014,6
CTCAGCTGAAGGATCTTCAC_015,117
CTCAGCTGAAGGATCTTCAC_016,145
CTCAGCTGAAGGATCTTCAC_017,116
CTCAGCTGAAGGATCTTCAC_018,9
CTCAGCTGAAGGATCTTCAC_019,92
CTCAGCTGAAGGATCTTCAC_020,33
CTCAGCTGAAGGATCTTCAC_021,195
CCATCTACGACCCCAGAGGT_001,84
CCATCTACGACCCCAGAGGT_002,198
CCATCTACGACCCCAGAGGT_003,49
CCATCTACGACCCCAGAGGT_004,2
CCATCTACGACCCCAGAGGT_005,82
CCATCTACGACCCCAGAGGT_006,186
CCATCTACGACCCCAGAGGT_007,81
CCATCTACGACCCCAGAGGT_008,85
CCATCTACGACCCCAGAGGT_009,157
CCATCTACGACCCCAGAGGT_010,46
GCAGCGAAAAGACAGCGTGT_001,184
GCAGCGAAAAGACAGCGTGT_002,149
GCAGCGAAAAGACAGCGTGT_003,199
GCAGCGAAAAGACAGCGTGT_004,58
GCAGCGAAAAGACAGCGTGT_005,24
GCAGCGAAAAGACAGCGTGT_006,190
GCAGCGAAAAGACAGCGTGT_007,177
GCAGCGAAAAGACAGCGTGT_008,152
GCAGCGAAAAGACAGCGTGT_009,130
GCAGCGAAAAGACAGCGTGT_010,149
GCAGCGAAAAGACAGCGTGT_011,147
GCAGCGAAAAGACAGCGTGT_012,67
GCAGCGAAAAGACAGCGTGT_013,12
GCGCTAAAACTCTCTTATCG_001,78
GCGCTAAAACTCTCTTATCG_002,134
GCTTTGATACCACTCGGCAG_001,78
GCTTTGATACCACTCGGCAG_002,152
GCTTTGATACCACTCGGCAG_003,18
TGACTCGATCCGGACCGTGG_001,167
TGACTCGATCCGGACCGTGG_002,167
TGACTCGATCCGGACCGTGG_003,113
TGACTCGATCCGGACCGTGG_004,198
TGACTCGATCCGGACCGTGG_005,26
ATGTCGCAGGAACTCGCCTG_001,74
ATGTCGCAGGAACTCGCCTG_002,81
ATGTCGCAGGAACTCGCCTG_003,30
ATGTCGCAGGAACTCGCCTG_004,116
ATGTCGCAGGAACTCGCCTG_005,48
ATGTCGCAGGAACTCGCCTG_006,148
ATGTCGCAGGAACTCGCCTG_007,63
ATGTCGCAGGAACTCGCCTG_008,77
TGCCACGAAGGATATTTGGG_001,183
TGCCACGAAGGATATTTGGG_002,61
TGCCACGAAGGATATTTGGG_003,115
TGCCACGAAGGATATTTGGG_004,150
TGCCACGAAGGATATTTGGG_005,169
CCTACCCAGGTAGACGCCGT_001,133
CCTACCCAGGTAGACGCCGT_002,191
CCTACCCAGGTAGACGCCGT_003,158
CCTACCCAGGTAGACGCCGT_004,72
CCTACCCAGGTAGACGCCGT_005,134
CCTACCCAGGTAGACGCCGT_006,28
CCTACCCAGGTAGACGCCGT_007,144
CCTACCCAGGTAGACGCCGT_008,72
GGACCACCAGAGATGTGGAT_001,28
GGACCACCAGAGATGTGGAT_002,23
GGACCACCAGAGATGTGGAT_003,48
GGACCACCAGAGATGTGGAT_004,23
GGACCACCAGAGATGTGGAT_005,130
GGACCACCAGAGATGTGGAT_006,174
GGACCACCAGAGATGTGGAT_007,179
GGACCACCAGAGATGTGGAT_008,150
GGACCACCAGAGATGTGGAT_009,82
GGACCACCAGAGATGTGGAT_010,193
GGACCACCAGAGATGTGGAT_011,160
GGACCACCAGAGATGTGGAT_012,16
GGACCACCAGAGATGTGGAT_013,14
AAAAAGAGAGTTGCATTCGA_001,121
AAAAAGAGAGTTGCATTCGA_002,123
AAAAAGAGAGTTGCATTCGA_003,57
AAAAAGAGAGTTGCATTCGA_004,74
AAAAAGAGAGTTGCATTCGA_005,19
ATGTGAAAGGTACTCCTGTG_001,165
ATGTGAAAGGTACTCCTGTG_002,47
ATGTGAAAGGTACTCCTGTG_003,150
ATGTGAAAGGTACTCCTGTG_004,198
ATGTGAAAGGTACTCCTGTG_005,67
ATGTGAAAGGTACTCCTGTG_006,66
ATGTGAAAGGTACTCCTGTG_007,169
ATGTGAAAGGTACTCCTGTG_008,93
ATGTGAAAGGTACTCCTGTG_009,2
ATGTGAAAGGTACTCCTGTG_010,121
ATGTGAAAGGTACTCCTGTG_011,88
ATGTGAAAGGTACTCCTGTG_012,154
ATGTGAAAGGTACTCCTGTG_013,175
ATGTGAAAGGTACTCCTGTG_014,182
ATGTGAAAGGTACTCCTGTG_015,12
ATGTGAAAGGTACTCCTGTG_016,72
GTGCTGCTGAGCTTACACCC_001,146
GTGCTGCTGAGCTTACACCC_002,137
GTGCTGCTGAGCTTACACCC_003,169
GTGCTGCTGAGCTTACACCC_004,119
GTGCTGCTGAGCTTACACCC_005,116
GTGCTGCTGAGCTTACACCC_006,169
GTGCTGCTGAGCTTACACCC_007,102
TGGTAGAGGAGAATTCTGAG_001,32
TGGTAGAGGAGAATTCTGAG_002,190
TGGTAGAGGAGAATTCTGAG_003,145
TGGTAGAGGAGAATTCTGAG_004,117
TGGTAGAGGAGAATTCTGAG_005,75
TGGTAGAGGAGAATTCTGAG_006,40
TGGTAGAGGAGAATTCTGAG_007,184
TGGTAGAGGAGAATTCTGAG_008,8
TGGTAGAGGAGAATTCTGAG_009,8
ACGTTACCTTTACTCCCCGG_001,81
ACGTTACCTTTACTCCCCGG_002,87
AGGGTCTCGGTACCGAAGGG_001,80
AGGGTCTCGGTACCGAAGGG_002,196
AGGGTCTCGGTACCGAAGGG_003,137
AGGGTCTCGGTACCGAAGGG_004,101
AGGGTCTCGGTACCGAAGGG_005,166
AGGGTCTCGGTACCGAAGGG_006,62
TGGTGGACGAGGAGTCACAG_001,78
TGGTGGACGAGGAGTCACAG_002,97
TGGTGGACGAGGAGTCACAG_003,58
TCTGACCAGGCACGATCACA_001,121
TCTGACCAGGCACGATCACA_002,81
TCTGACCAGGCACGATCACA_003,34
TCTGACCAGGCACGATCACA_004,168
TCTGACCAGGCACGATCACA_005,199
TCTGACCAGGCACGATCACA_006,36
TCTGACCAGGCACGATCACA_007,184
TCTGACCAGGCACGATCACA_008,188
AAGGAGGAGAAGATCATCCG_001,54
AAGGAGGAGAAGATCATCCG_002,48
AAGGAGGAGAAGATCATCCG_003,32
AAGGAGGAGAAGATCATCCG_004,172
AAGGAGGAGAAGATCATCCG_005,133
AAGGAGGAGAAGATCATCCG_006,158
AAGGAGGAGAAGATCATCCG_007,66
AAGGAGGAGAAGATCATCCG_008,67
AAGGAGGAGAAGATCATCCG_009,28
TGTCCGGTGAGGAATACGTG_001,183
TGTCCGGTGAGGAATACGTG_002,185
TGTCCGGTGAGGAATACGTG_003,119
AAGTGACGCTGAGTCAAACT_001,149
AAGTGACGCTGAGTCAAACT_002,106
AAGTGACGCTGAGTCAAACT_003,77
AAGTGACGCTGAGTCAAACT_004,63
AAGTGACGCTGAGTCAAACT_005,138
AAGTGACGCTGAGTCAAACT_006,49
AAGTGACGCTGAGTCAAACT_007,9
AAGTGACGCTGAGTCAAACT_008,50
AAGTGACGCTGAGTCAAACT_009,60
AAGTGACGCTGAGTCAAACT_010,49
AAGTGACGCTGAGTCAAACT_011,27
AAGTGACGCTGAGTCAAACT_012,168
GCTCCCGGCTGTTGGTCGCA_001,121
GCTCCCGGCTGTTGGTCGCA_002,7
GCTCCCGGCTGTTGGTCGCA_003,100
GCTCCCGGCTGTTGGTCGCA_004,183
GCTCCCGGCTGTTGGTCGCA_005,57
GCTCCCGGCTGTTGGTCGCA_006,14
GCTCCCGGCTGTTGGTCGCA_007,143
GCTCCCGGCTGTTGGTCGCA_008,137
GCTCCCGGCTGTTGGTCGCA_009,175
GCTCCCGGCTGTTGGTCGCA_010,48
GCTCCCGGCTGTTGGTCGCA_011,17
GCTCCCGGCTGTTGGTCGCA_012,74
GGGTAGCAACAGCCTGCAGG_001,51
GGGTAGCAACAGCCTGCAGG_002,87
GGGTAGCAACAGCCTGCAGG_003,193
GGGTAGCAACAGCCTGCAGG_004,161
GGGTAGCAACAGCCTGCAGG_005,145
GGGTAGCAACAGCCTGCAGG_006,181
GGGTAGCAACAGCCTGCAGG_007,162
GGGTAGCAACAGCCTGCAGG_008,119
GGGTAGCAACAGCCTGCAGG_009,45
GGGTAGCAACAGCCTGCAGG_010,92
GGGTAGCAACAGCCTGCAGG_011,21
GGGTAGCAACAGCCTGCAGG_012,197
GGGTAGCAACAGCCTGCAGG_013,68
GGGTAGCAACAGCCTGCAGG_014,11
GGGTAGCAACAGCCTGCAGG_015,149
GGGTAGCAACAGCCTGCAGG_016,136
GGGTAGCAACAGCCTGCAGG_017,196
GGGTAGCAACAGCCTGCAGG_018,6
GGGTAGCAACAGCCTGCAGG_019,62
GGGTAGCAACAGCCTGCAGG_020,15
GGGTAGCAACAGCCTGCAGG_021,191
GGGTAGCAACAGCCTGCAGG_022,180
GGGTAGCAACAGCCTGCAGG_023,162
GGGTAGCAACAGCCTGCAGG_024,52
GGGTAGCAACAGCCTGCAGG_025,197
CTGGAGACCCGTGCACTGGT_001,58
CTGGAGACCCGTGCACTGGT_002,189
CTGGAGACCCGTGCACTGGT_003,189
CTGGAGACCCGTGCACTGGT_004,176
AGTATGCTGATGTACTATGA_001,198
AGTATGCTGATGTACTATGA_002,94
AGTATGCTGATGTACTATGA_003,135
AGTATGCTGATGTACTATGA_004,172
AGTATGCTGATGTACTATGA_005,152
AGTATGCTGATGTACTATGA_006,55
AGTATGCTGATGTACTATGA_007,58
TGGTATTGGAATAACTCACA_001,84
AGACCTTGTTCTGAACCGCA_001,170
AGACCTTGTTCTGAACCGCA_002,176
AGACCTTGTTCTGAACCGCA_003,116
AGACCTTGTTCTGAACCGCA_004,189
AGACCTTGTTCTGAACCGCA_005,181
AGACCTTGTTCTGAACCGCA_006,28
AGACCTTGTTCTGAACCGCA_007,59
AGACCTTGTTCTGAACCGCA_008,46
AGACCTTGTTCTGAACCGCA_009,168
AGACCTTGTTCTGAACCGCA_010,86
AGACCTTGTTCTGAACCGCA_011,59
AGACCTTGTTCTGAACCGCA_012,44
AGACCTTGTTCTGAACCGCA_013,28
AGACCTTGTTCTGAACCGCA_014,148
AGACCTTGTTCTGAACCGCA_015,15
AGACCTTGTTCTGAACCGCA_016,58
AGACCTTGTTCTGAACCGCA_017,134
AGACCTTGTTCTGAACCGCA_018,24
AGACCTTGTTCTGAACCGCA_019,126
AGACCTTGTTCTGAACCGCA_020,184
AGACCTTGTTCTGAACCGCA_021,162
AGACCTTGTTCTGAACCGCA_022,115
AGACCTTGTTCTGAACCGCA_023,103
AGACCTTGTTCTGAACCGCA_024,59
CGGCACGCGGGACTGCTACG_001,38
CGGCACGCGGGACTGCTACG_002,149
CGGCACGCGGGACTGCTACG_003,29
CGGCACGCGGGACTGCTACG_004,150
CGGCACGCGGGACTGCTACG_005,14
CGGCACGCGGGACTGCTACG_006,148
GCAGGAGCCGGCGCAGGCGC_001,117
GCAGGAGCCGGCGCAGGCGC_002,193
GCAGGAGCCGGCGCAGGCGC_003,46
GCAGGAGCCGGCGCAGGCGC_004,12
GCAGGAGCCGGCGCAGGCGC_005,127
GCAGGAGCCGGCGCAGGCGC_006,139
GCAGGAGCCGGCGCAGGCGC_007,174
GCAGGAGCCGGCGCAGGCGC_008,165
GCAGGAGCCGGCGCAGGCGC_009,144
GCAGGAGCCGGCGCAGGCGC_010,43
GCAGGAGCCGGCGCAGGCGC_011,70
GCAGGAGCCGGCGCAGGCGC_012,57
GTGTCCGTTTGCATTCCAGA_001,191
GTGTCCGTTTGCATTCCAGA_002,151
GTGTCCGTTTGCATTCCAGA_003,176
GTGTCCGTTTGCATTCCAGA_004,132
GTGTCCGTTTGCATTCCAGA_005,158
GTGTCCGTTTGCATTCCAGA_006,23
GTGTCCGTTTGCATTCCAGA_007,56
GTGTCCGTTTGCATTCCAGA_008,19
GTGTCCGTTTGCATTCCAGA_009,144
GTGTCCGTTTGCATTCCAGA_010,37
GTGTCCGTTTGCATTCCAGA_011,81
GTGTCCGTTTGCATTCCAGA_012,48
GTGTCCGTTTGCATTCCAGA_013,105
GTGTCCGTTTGCATTCCAGA_014,97
GCTCTTTCACGATGGAAGCG_001,58
GCTCTTTCACGATGGAAGCG_002,139
GCTCTTTCACGATGGAAGCG_003,154
GCTCTTTCACGATGGAAGCG_004,23
GCTCTTTCACGATGGAAGCG_005,117
GCCCGCTGCCGTATCCCGAG_001,191
GTAGTGCAACAGTGACCCAG_001,49
GTAGTGCAACAGTGACCCAG_002,78
GTAGTGCAACAGTGACCCAG_003,146
GTAGTGCAACAGTGACCCAG_004,126
GTAGTGCAACAGTGACCCAG_005,183
GTAGTGCAACAGTGACCCAG_006,94
GTAGTGCAACAGTGACCCAG_007,92
GTAGTGCAACAGTGACCCAG_008,33
TGCGTTCACAAGAACCAATG_001,150
TGCGTTCACAAGAACCAATG_002,188
TGCGTTCACAAGAACCAATG_003,188
TGCGTTCACAAGAACCAATG_004,162
TGCGTTCACAAGAACCAATG_005,175
TGCGTTCACAAGAACCAATG_006,71
TGCGTTCACAAGAACCAATG_007,40
CAGCGTCCTCTACAAAGGCG_001,177
CAGCGTCCTCTACAAAGGCG_002,62
CAGCGTCCTCTACAAAGGCG_003,88
CAGCGTCCTCTACAAAGGCG_004,10
AAATGGCACTGATGAAACAT_001,62
AAATGGCACTGATGAAACAT_002,26
AAATGGCACTGATGAAACAT_003,30
AAATGGCACTGATGAAACAT_004,190
GCCGCTAGTCATATCGAGGT_001,43
GCCGCTAGTCATATCGAGGT_002,43
GGGACAGAAGATGAGCCTGT_001,16
GGGACAGAAGATGAGCCTGT_002,76
GGGACAGAAGATGAGCCTGT_003,197
GGGACAGAAGATGAGCCTGT_004,94
GGGACAGAAGATGAGCCTGT_005,177
GGCATTGTTGAGAATAGACG_001,91
AACTGTACTGGCTACTCACA_001,113
AACTGTACTGGCTACTCACA_002,180
AACTGTACTGGCTACTCACA_003,115
GAAGGAGAATAAGAATGAAA_001,72
GAAGGAGAATAAGAATGAAA_002,138
GAAGGAGAATAAGAATGAAA_003,46
GTAGGACCAGACGACCACGA_001,129
GTAGGACCAGACGACCACGA_002,77
GTAGGACCAGACGACCACGA_003,77
GTAGGACCAGACGACCACGA_004,182
GTAGGACCAGACGACCACGA_005,87
GTAGGACCAGACGACCACGA_006,61
GTAGGACCAGACGACCACGA_007,75
GTAGGACCAGACGACCACGA_008,53
GTAGGACCAGACGACCACGA_009,91
GTAGGACCAGACGACCACGA_010,10
GTAGGACCAGACGACCACGA_011,1
GTAGGACCAGACGACCACGA_012,82
GTAGGACCAGACGACCACGA_013,55
GTAGGACCAGACGACCACGA_014,197
GTAGGACCAGACGACCACGA_015,2
GTAGGACCAGACGACCACGA_016,18
GTAGGACCAGACGACCACGA_017,132
GTAGGACCAGACGACCACGA_018,184
GTAGGACCAGACGACCACGA_019,94
GTAGGACCAGACGACCACGA_020,84
GTAGGACCAGACGACCACGA_021,10
GTAGGACCAGACGACCACGA_022,77
GTGGTTGGAGGGATCCAAAG_001,168
GTGGTTGGAGGGATCCAAAG_002,15
GTGGTTGGAGGGATCCAAAG_003,17
TGCCTATTTAGGTACTACTC_001,166
TGCCTATTTAGGTACTACTC_002,11
TGCCTATTTAGGTACTACTC_003,165
TGCCTATTTAGGTACTACTC_004,110
TGCCTATTTAGGTACTACTC_005,37
TGCCTATTTAGGTACTACTC_006,153
TGCCTATTTAGGTACTACTC_007,153
TGCCTATTTAGGTACTACTC_008,9
TGCCTATTTAGGTACTACTC_009,1
TTACGTTTACTGATTGCACC_001,62
TTACGTTTACTGATTGCACC_002,11
TTACGTTTACTGATTGCACC_003,88
TTACGTTTACTGATTGCACC_004,113
TTACGTTTACTGATTGCACC_005,113
TTACGTTTACTGATTGCACC_006,174
TTACGTTTACTGATTGCACC_007,16
TTACGTTTACTGATTGCACC_008,192
TTACGTTTACTGATTGCACC_009,147
TTACGTTTACTGATTGCACC_010,176
TTACGTTTACTGATTGCACC_011,70
TCCAAGGTTTCACTTGTGAG_001,98
TCCAAGGTTTCACTTGTGAG_002,199
TCCAAGGTTTCACTTGTGAG_003,41
TCCAAGGTTTCACTTGTGAG_004,177
TCCAAGGTTTCACTTGTGAG_005,88
TCCAAGGTTTCACTTGTGAG_006,57
CAAAGAAGGCCTTTGTACAG_001,28
CAAAGAAGGCCTTTGTACAG_002,125
CAAAGAAGGCCTTTGTACAG_003,138
CAACTTGGACAATCTCGTGG_001,72
TCCAACCCCGTACATCATTG_001,15
TCCAACCCCGTACATCATTG_002,41
TCCAACCCCGTACATCATTG_003,162
TCCAACCCCGTACATCATTG_004,48
TCCAACCCCGTACATCATTG_005,161
TCCAACCCCGTACATCATTG_006,184
TCCAACCCCGTACATCATTG_007,77
TCCAACCCCGTACATCATTG_008,138
TCCAACCCCGTACATCATTG_009,112
CATGAGAATCTGGACACCAC_001,141
CATGAGAATCTGGACACCAC_002,34
CATGAGAATCTGGACACCAC_003,175
CATGAGAATCTGGACACCAC_004,127
CATGAGAATCTGGACACCAC_005,77
CATGAGAATCTGGACACCAC_006,30
CATGAGAATCTGGACACCAC_007,62
CATGAGAATCTGGACACCAC_008,152
CATGAGAATCTGGACACCAC_009,94
CATGAGAATCTGGACACCAC_010,43
CATGAGAATCTGGACACCAC_011,29
CATGAGAATCTGGACACCAC_012,105
CATGAGAATCTGGACACCAC_013,67
CATGAGAATCTGGACACCAC_014,147
CATGAGAATCTGGACACCAC_015,142
CATGAGAATCTGGACACCAC_016,83
CATGAGAATCTGGACACCAC_017,2
CATGAGAATCTGGACACCAC_018,65
CATGAGAATCTGGACACCAC_019,158
CATGAGAATCTGGACACCAC_020,160
CATGAGAATCTGGACACCAC_021,147
CATGAGAATCTGGACACCAC_022,22
CATGAGAATCTGGACACCAC_023,99
TCTAACATGTGTAAACACTG_001,166
TCTAACATGTGTAAACACTG_002,150
TCTAACATGTGTAAACACTG_003,88
TCTAACATGTGTAAACACTG_004,108
TCTAACATGTGTAAACACTG_005,146
TCTAACATGTGTAAACACTG_006,183
TCTAACATGTGTAAACACTG_007,112
TCTTCCTAGATGTATTTAGA_001,162
CAGGCACGCATGTGTACCAG_001,19
CAGGCACGCATGTGTACCAG_002,176
CAGGCACGCATGTGTACCAG_003,48
CAGGCACGCATGTGTACCAG_004,126
CAGGCACGCATGTGTACCAG_005,171
CAGGCACGCATGTGTACCAG_006,88
GTGGAGATGAATGCAACCCC_001,16
GTGGAGATGAATGCAACCCC_002,62
TGTGGCTCAAGTACTCGCAG_001,9
TGTGGCTCAAGTACTCGCAG_002,93
TGTGGCTCAAGTACTCGCAG_003,156
TGTGGCTCAAGTACTCGCAG_004,159
ACGGTCCAATTCTAAGCCAG_001,197
ACGGTCCAATTCTAAGCCAG_002,48
ACGGTCCAATTCTAAGCCAG_003,144
ACGGTCCAATTCTAAGCCAG_004,56
ACGGTCCAATTCTAAGCCAG_005,187
ACGGTCCAATTCTAAGCCAG_006,41
ACGGTCCAATTCTAAGCCAG_007,187
ACGGTCCAATTCTAAGCCAG_008,131
GCCGCCGTTCATCAGCGAGG_001,146
GCCGCCGTTCATCAGCGAGG_002,183
GCCGCCGTTCATCAGCGAGG_003,47
GCCGCCGTTCATCAGCGAGG_004,117
GCCGCCGTTCATCAGCGAGG_005,160
GCCGCCGTTCATCAGCGAGG_006,121
GCCGCCGTTCATCAGCGAGG_007,46
GCCGCCGTTCATCAGCGAGG_008,165
GCCGCCGTTCATCAGCGAGG_009,8
GCCGCCGTTCATCAGCGAGG_010,159
GCCGCCGTTCATCAGCGAGG_011,169
GCCGCCGTTCATCAGCGAGG_012,128
GCCGCCGTTCATCAGCGAGG_013,108
GCCGCCGTTCATCAGCGAGG_014,129
GCCGCCGTTCATCAGCGAGG_015,29
GCCGCCGTTCATCAGCGAGG_016,95
GCCGCCGTTCATCAGCGAGG_017,118
GCCGCCGTTCATCAGCGAGG_018,189
GCCGCCGTTCATCAGCGAGG_019,83
GCCGCCGTTCATCAGCGAGG_020,36
GCCGCCGTTCATCAGCGAGG_021,196
GCCGCCGTTCATCAGCGAGG_022,196
GCCGCCGTTCATCAGCGAGG_023,50
GCCGCCGTTCATCAGCGAGG_024,43
GCCGCCGTTCATCAGCGAGG_025,48
GCCGCCGTTCATCAGCGAGG_026,112
CTGGAGCTGATGCTATTGAA_001,104
CTGGAGCTGATGCTATTGAA_002,34
CTGGAGCTGATGCTATTGAA_003,15
CTGGAGCTGATGCTATTGAA_004,75
CTGGAGCTGATGCTATTGAA_005,3
CTGGAGCTGATGCTATTGAA_006,83
CTGGAGCTGATGCTATTGAA_007,54
CTGGAGCTGATGCTATTGAA_008,160
CTGGAGCTGATGCTATTGAA_009,19
TCCTAGAGAACAAACTGTTG_001,156
TCCTAGAGAACAAACTGTTG_002,105
TCCTAGAGAACAAACTGTTG_003,170
TCCTAGAGAACAAACTGTTG_004,115
TCCTAGAGAACAAACTGTTG_005,129
TCCTAGAGAACAAACTGTTG_006,194
GAGCAGTGGATGAATCTCTG_001,84
GAGCAGTGGATGAATCTCTG_002,94
GAGCAGTGGATGAATCTCTG_003,22
GAGCAGTGGATGAATCTCTG_004,159
GAGCAGTGGATGAATCTCTG_005,148
GAGCAGTGGATGAATCTCTG_006,158
GGCTGCTAGTGAATGGAGCG_001,62
GGCTGCTAGTGAATGGAGCG_002,88
GGCTGCTAGTGAATGGAGCG_003,1
CCAGGTAGACCACAAAGAGT_001,79
CCAGGTAGACCACAAAGAGT_002,23
CCAGGTAGACCACAAAGAGT_003,190
CCAGGTAGACCACAAAGAGT_004,160
CCAGGTAGACCACAAAGAGT_005,94
CCAGGTAGACCACAAAGAGT_006,22
CCAGGTAGACCACAAAGAGT_007,106
AAAAGTACAACCTGCCACTG_001,63
AAAAGTACAACCTGCCACTG_002,61
AAAAGTACAACCTGCCACTG_003,174
AAAAGTACAACCTGCCACTG_004,80
AAAAGTACAACCTGCCACTG_005,174
AAAAGTACAACCTGCCACTG_006,168
AAAAGTACAACCTGCCACTG_007,74
AAGTCATTTACATCCTTGTG_001,17
AAGTCATTTACATCCTTGTG_002,27
AAGTCATTTACATCCTTGTG_003,127
AAGTCATTTACATCCTTGTG_004,75
AGAACTCCGCGAATAACCAG_001,198
AGAACTCCGCGAATAACCAG_002,15
AGAACTCCGCGAATAACCAG_003,6
AGAACTCCGCGAATAACCAG_004,28
AGAACTCCGCGAATAACCAG_005,48
AGAACTCCGCGAATAACCAG_006,134
TTGTACACAGGACCCCAGCC_001,147
TTGTACACAGGACCCCAGCC_002,184
TTGTACACAGGACCCCAGCC_003,123
TTGTACACAGGACCCCAGCC_004,41
TTGTACACAGGACCCCAGCC_005,2
TTGTACACAGGACCCCAGCC_006,144
TTGTACACAGGACCCCAGCC_007,28
TTGTACACAGGACCCCAGCC_008,81
TTGTACACAGGACCCCAGCC_009,140
TTGTACACAGGACCCCAGCC_010,162
TTGTACACAGGACCCCAGCC_011,168
TTGTACACAGGACCCCAGCC_012,15
TTGTACACAGGACCCCAGCC_013,96
TTGTACACAGGACCCCAGCC_014,36
TTGTACACAGGACCCCAGCC_015,42
TTGTACACAGGACCCCAGCC_016,103
TTGTACACAGGACCCCAGCC_017,174
TTGTACACAGGACCCCAGCC_018,65
TTGTACACAGGACCCCAGCC_019,63
TTGTACACAGGACCCCAGCC_020,97
TTGTACACAGGACCCCAGCC_021,6
TTGTACACAGGACCCCAGCC_022,74
TTGTACACAGGACCCCAGCC_023,48
TTGTACACAGGACCCCAGCC_024,160
TTGTACACAGGACCCCAGCC_025,41
ATCAACAGGTCTGATCTCCA_001,138
ATCAACAGGTCTGATCTCCA_002,188
ATCAACAGGTCTGATCTCCA_003,12
ATCAACAGGTCTGATCTCCA_004,144
ATCAACAGGTCTGATCTCCA_005,116
ATCAACAGGTCTGATCTCCA_006,103
ATCAACAGGTCTGATCTCCA_007,16
ATCAACAGGTCTGATCTCCA_008,8
ATCAACAGGTCTGATCTCCA_009,111
ATCAACAGGTCTGATCTCCA_010,24
ATCAACAGGTCTGATCTCCA_011,175
ATCAACAGGTCTGATCTCCA_012,177
ATCAACAGGTCTGATCTCCA_013,178
ATCAACAGGTCTGATCTCCA_014,1
GGACGACTCCATCTGTACCC_001,3
GACTAACCATGACCTATGAT_001,1
GACTAACCATGACCTATGAT_002,115
GACTAACCATGACCTATGAT_003,60
GACTAACCATGACCTATGAT_004,25
GACTAACCATGACCTATGAT_005,187
GACTAACCATGACCTATGAT_006,149
GACTAACCATGACCTATGAT_007,57
GACTAACCATGACCTATGAT_008,90
GACTAACCATGACCTATGAT_009,82
GACTAACCATGACCTATGAT_010,145
GACTAACCATGACCTATGAT_011,134
GACTAACCATGACCTATGAT_012,164
GACTAACCATGACCTATGAT_013,3
GAGGCCCGGCAACTTGGTGT_001,69
GAGGCCCGGCAACTTGGTGT_002,67
GAGGCCCGGCAACTTGGTGT_003,183
GAGGCCCGGCAACTTGGTGT_004,70
GAGGCCCGGCAACTTGGTGT_005,144
GAGGCCCGGCAACTTGGTGT_006,88
GAGGCCCGGCAACTTGGTGT_007,118
GAGGCCCGGCAACTTGGTGT_008,42
GATGGAACCAGTATCAAGTG_001,126
GATGGAACCAGTATCAAGTG_002,126
GATGGAACCAGTATCAAGTG_003,161
TAGAAATGAGTTGTTGCAGA_001,193
TAGAAATGAGTTGTTGCAGA_002,23
TAGAAATGAGTTGTTGCAGA_003,59
GTGGAAAAGCACCTCTGTCA_001,171
GTGGAAAAGCACCTCTGTCA_002,178
GTCTGTGGTTGTAGGTTCCG_001,51
GTCTGTGGTTGTAGGTTCCG_002,121
GTCTGTGGTTGTAGGTTCCG_003,113
GTCTGTGGTTGTAGGTTCCG_004,198
GTCTGTGGTTGTAGGTTCCG_005,181
GTCTGTGGTTGTAGGTTCCG_006,6
GTCTGTGGTTGTAGGTTCCG_007,134
GTCTGTGGTTGTAGGTTCCG_008,112
GTCTGTGGTTGTAGGTTCCG_009,55
GTCTGTGGTTGTAGGTTCCG_010,60
GTCTGTGGTTGTAGGTTCCG_011,113
GTCTGTGGTTGTAGGTTCCG_012,111
GTCTGTGGTTGTAGGTTCCG_013,49
GTCTGTGGTTGTAGGTTCCG_014,166
GTCTGTGGTTGTAGGTTCCG_015,81
GTCTGTGGTTGTAGGTTCCG_016,50
GTCTGTGGTTGTAGGTTCCG_017,160
GTCTGTGGTTGTAGGTTCCG_018,12
GTCTGTGGTTGTAGGTTCCG_019,9
GTCTGTGGTTGTAGGTTCCG_020,130
GTCTGTGGTTGTAGGTTCCG_021,102
GTCTGTGGTTGTAGGTTCCG_022,130
GTCTGTGGTTGTAGGTTCCG_023,5
ACTTGTACTCACGTACGAAG_001,168
CGGTCCAAATCAAGACAGCG_001,128
CGGTCCAAATCAAGACAGCG_002,167
CGGTCCAAATCAAGACAGCG_003,42
CGGTCCAAATCAAGACAGCG_004,163
CGGTCCAAATCAAGACAGCG_005,158
CGGTCCAAATCAAGACAGCG_006,14
AAGAACAAGAAAATACAGTG_001,172
AAGAACAAGAAAATACAGTG_002,184
AAGAACAAGAAAATACAGTG_003,119
AAGAACAAGAAAATACAGTG_004,60
AAGAACAAGAAAATACAGTG_005,194
AAGAACAAGAAAATACAGTG_006,4
AAGAACAAGAAAATACAGTG_007,162
AAGAACAAGAAAATACAGTG_008,15
AAGAACAAGAAAATACAGTG_009,63
AAGAACAAGAAAATACAGTG_010,29
AAGAACAAGAAAATACAGTG_011,109
AAGAACAAGAAAATACAGTG_012,127
AAGAACAAGAAAATACAGTG_013,127
AAGAACAAGAAAATACAGTG_014,134
AAGAACAAGAAAATACAGTG_015,62
AAGAACAAGAAAATACAGTG_016,97
CATCGAACGTGACACAGGGT_001,72
GGCCTGTCCTCCCGACTCAG_001,137
GGCCTGTCCTCCCGACTCAG_002,26
GGCCTGTCCTCCCGACTCAG_003,84
GGCCTGTCCTCCCGACTCAG_004,27
GGCCTGTCCTCCCGACTCAG_005,70
GGCCTGTCCTCCCGACTCAG_006,175
GGCCTGTCCTCCCGACTCAG_007,184
GGCCTGTCCTCCCGACTCAG_008,192
GGCCTGTCCTCCCGACTCAG_009,49
GGCCTGTCCTCCCGACTCAG_010,88
GGCCTGTCCTCCCGACTCAG_011,9
GGCCTGTCCTCCCGACTCAG_012,50
GGCCTGTCCTCCCGACTCAG_013,27
GGCCTGTCCTCCCGACTCAG_014,44
GGCCTGTCCTCCCGACTCAG_015,38
GGCCTGTCCTCCCGACTCAG_016,170
GGCCTGTCCTCCCGACTCAG_017,14
CAAGTTATCAAATCCAAGGG_001,179
CAAGTTATCAAATCCAAGGG_002,52
GAGAATGACGACCAGAACCT_001,195
GAGAATGACGACCAGAACCT_002,33
GAGAATGACGACCAGAACCT_003,129
GAGAATGACGACCAGAACCT_004,88
GAGAATGACGACCAGAACCT_005,172
GAGAATGACGACCAGAACCT_006,171
GAGAATGACGACCAGAACCT_007,96
GAGAATGACGACCAGAACCT_008,48
GAGAATGACGACCAGAACCT_009,198
TTCTGTCCACAGGGTCATGT_001,195
TTCTGTCCACAGGGTCATGT_002,115
TTCTGTCCACAGGGTCATGT_003,117
TTCTGTCCACAGGGTCATGT_004,104
TTCTGTCCACAGGGTCATGT_005,12
TTCTGTCCACAGGGTCATGT_006,149
TTCTGTCCACAGGGTCATGT_007,31
TTCTGTCCACAGGGTCATGT_008,191
TTCTGTCCACAGGGTCATGT_009,78
TTCTGTCCACAGGGTCATGT_010,39
TTCTGTCCACAGGGTCATGT_011,78
TCCAAATGTAAGCCACTTTG_001,193
GAGGCTCCCAATGTTGACGT_001,190
GAGGCTCCCAATGTTGACGT_002,113
GAGGCTCCCAATGTTGACGT_003,188
GAGGCTCCCAATGTTGACGT_004,27
CTGCGCTCACTTCACGCTGG_001,162
CTGCGCTCACTTCACGCTGG_002,138
CTGCGCTCACTTCACGCTGG_003,141
CTGCGCTCACTTCACGCTGG_004,179
CTGCGCTCACTTCACGCTGG_005,35
CTGCGCTCACTTCACGCTGG_006,34
CTGCGCTCACTTCACGCTGG_007,42
CTGCGCTCACTTCACGCTGG_008,10
GACGTGTCAGATCATCACAA_001,106
GACGTGTCAGATCATCACAA_002,138
CGAGGCGCCGTAGATGTGCG_001,115
CGAGGCGCCGTAGATGTGCG_002,9
CGAGGCGCCGTAGATGTGCG_003,18
CGAGGCGCCGTAGATGTGCG_004,170
CGAGGCGCCGTAGATGTGCG_005,88
CGAGGCGCCGTAGATGTGCG_006,29
CGAGGCGCCGTAGATGTGCG_007,29
CGAGGCGCCGTAGATGTGCG_008,6
CGAGGCGCCGTAGATGTGCG_009,64
CGAGGCGCCGTAGATGTGCG_010,149
CGAGGCGCCGTAGATGTGCG_011,149
CGAGGCGCCGTAGATGTGCG_012,174
CGAGGCGCCGTAGATGTGCG_013,81
CGAGGCGCCGTAGATGTGCG_014,113
CGAGGCGCCGTAGATGTGCG_015,148
CGAGGCGCCGTAGATGTGCG_016,72
CGAGGCGCCGTAGATGTGCG_017,172
CGAGGCGCCGTAGATGTGCG_018,11
CGAGGCGCCGTAGATGTGCG_019,55
CGAGGCGCCGTAGATGTGCG_020,77
CGAGGCGCCGTAGATGTGCG_021,19
CGAGGCGCCGTAGATGTGCG_022,13
CGAGGCGCCGTAGATGTGCG_023,35
CGAGGCGCCGTAGATGTGCG_024,121
CGAGGCGCCGTAGATGTGCG_025,35
ATAACTTGTACATGCAACCA_001,10
ATAACTTGTACATGCAACCA_002,154
ATAACTTGTACATGCAACCA_003,146
ATAACTTGTACATGCAACCA_004,149
ATAACTTGTACATGCAACCA_005,152
ATAACTTGTACATGCAACCA_006,193
ATAACTTGTACATGCAACCA_007,7
ATAACTTGTACATGCAACCA_008,104
ATAACTTGTACATGCAACCA_009,181
ATAACTTGTACATGCAACCA_010,154
GTTGACTGTAAAGCTTTACG_001,59
GTTGACTGTAAAGCTTTACG_002,139
GTTGACTGTAAAGCTTTACG_003,145
GTTGACTGTAAAGCTTTACG_004,166
AACTTGTGCTCAAACAGCGA_001,58
AACTTGTGCTCAAACAGCGA_002,141
AACTTGTGCTCAAACAGCGA_003,151
AACTTGTGCTCAAACAGCGA_004,176
AACTTGTGCTCAAACAGCGA_005,15
AACTTGTGCTCAAACAGCGA_006,64
ACAACCTTCAGACGACTCGT_001,77
ACAACCTTCAGACGACTCGT_002,45
ACAACCTTCAGACGACTCGT_003,193
ACAACCTTCAGACGACTCGT_004,175
ACAACCTTCAGACGACTCGT_005,105
GCTTACCCACTCTTTCCGGG_001,47
GCTTACCCACTCTTTCCGGG_002,157
GCTTACCCACTCTTTCCGGG_003,127
GCTTACCCACTCTTTCCGGG_004,17
GCTTACCCACTCTTTCCGGG_005,5
GCTTACCCACTCTTTCCGGG_006,27
GCTTACCCACTCTTTCCGGG_007,56
GCTTACCCACTCTTTCCGGG_008,158
GCTTACCCACTCTTTCCGGG_009,13
GCTTACCCACTCTTTCCGGG_010,116
GCTTACCCACTCTTTCCGGG_011,150
GCTTACCCACTCTTTCCGGG_012,150
TGGGTGACTACCTATGGTGA_001,142
TGGGTGACTACCTATGGTGA_002,139
TGGGTGACTACCTATGGTGA_003,160
TGGGTGACTACCTATGGTGA_004,119
TGGGTGACTACCTATGGTGA_005,92
TGGGTGACTACCTATGGTGA_006,9
CATAGGCCATAACAGCGAGA_001,153
CATAGGCCATAACAGCGAGA_002,73
CATAGGCCATAACAGCGAGA_003,188
CATAGGCCATAACAGCGAGA_004,191
TCAAAAGAACTTCTATGGAG_001,32
GTTGGGGAAAACGGCCCAAG_001,169
GTTGGGGAAAACGGCCCAAG_002,103
GTTGGGGAAAACGGCCCAAG_003,78
GTTGGGGAAAACGGCCCAAG_004,74
GTTGGGGAAAACGGCCCAAG_005,141
GTTGGGGAAAACGGCCCAAG_006,149
GTTGGGGAAAACGGCCCAAG_007,175
GTTGGGGAAAACGGCCCAAG_008,86
GTTGGGGAAAACGGCCCAAG_009,105
GTTGGGGAAAACGGCCCAAG_010,11
GTTGGGGAAAACGGCCCAAG_011,103
GTTGGGGAAAACGGCCCAAG_012,194
GTTGGGGAAAACGGCCCAAG_013,137
GTTGGGGAAAACGGCCCAAG_014,106
GTCTCATGATGGAACGACCT_001,153
ATCACGGCGGAAACGGTACG_001,80
ATCACGGCGGAAACGGTACG_002,199
TCTTCATGAGGTAGTCAGTG_001,134
TCTTCATGAGGTAGTCAGTG_002,27
TCTTCATGAGGTAGTCAGTG_003,43
TCTTCATGAGGTAGTCAGTG_004,40
TCTTCATGAGGTAGTCAGTG_005,54
TCTTCATGAGGTAGTCAGTG_006,180
CTTCTACAACGAGCTTCGCG_001,104
GTAGCCTATAAGAACGTGGT_001,0
GTAGCCTATAAGAACGTGGT_002,160
GTAGCCTATAAGAACGTGGT_003,76
GTAGCCTATAAGAACGTGGT_004,155
GTGCTGTCGGAGGTCCACCG_001,160
GTGCTGTCGGAGGTCCACCG_002,192
GTGCTGTCGGAGGTCCACCG_003,192
GTGCTGTCGGAGGTCCACCG_004,191
GTGCTGTCGGAGGTCCACCG_005,21
GTGCTGTCGGAGGTCCACCG_006,101
GTGCTGTCGGAGGTCCACCG_007,198
GTGCTGTCGGAGGTCCACCG_008,75
GTGCTGTCGGAGGTCCACCG_009,43
GTGCTGTCGGAGGTCCACCG_010,20
GTGCTGTCGGAGGTCCACCG_011,5
GTGCTGTCGGAGGTCCACCG_012,68
GTGCTGTCGGAGGTCCACCG_013,70
AAATGCTCCACAAAAATCCA_001,189
AAATGCTCCACAAAAATCCA_002,154
AAATGCTCCACAAAAATCCA_003,154
AAATGCTCCACAAAAATCCA_004,69
CATTGAATATGATTGCAAGG_001,28
CATTGAATATGATTGCAAGG_002,68
AGAAGACCCAATAATCGCGA_001,57
AGAAGACCCAATAATCGCGA_002,82
AGAAGACCCAATAATCGCGA_003,70
AGAAGACCCAATAATCGCGA_004,94
AGAAGACCCAATAATCGCGA_005,19
AGAAGACCCAATAATCGCGA_006,49
AGAAGACCCAATAATCGCGA_007,106
AGAAGACCCAATAATCGCGA_008,182
GTTACAGTAAAGGCGGTTTG_001,192
GTTACAGTAAAGGCGGTTTG_002,188
CGTATGGATGTACTGCACAT_001,19
CGTATGGATGTACTGCACAT_002,75
CGTATGGATGTACTGCACAT_003,119
CGTATGGATGTACTGCACAT_004,169
CGTATGGATGTACTGCACAT_005,84
CGTATGGATGTACTGCACAT_006,175
CGTATGGATGTACTGCACAT_007,8
CGTATGGATGTACTGCACAT_008,180
CGTATGGATGTACTGCACAT_009,161
CGTATGGATGTACTGCACAT_010,46
CGTATGGATGTACTGCACAT_011,78
CGTATGGATGTACTGCACAT_012,81
CGTATGGATGTACTGCACAT_013,144
CGTATGGATGTACTGCACAT_014,0
CGTATGGATGTACTGCACAT_015,56
CAATGATTAAAATTGGACGG_001,127
CAATGATTAAAATTGGACGG_002,184
CAATGATTAAAATTGGACGG_003,91
CAATGATTAAAATTGGACGG_004,127
CAATGATTAAAATTGGACGG_005,60
CAATGATTAAAATTGGACGG_006,59
CAATGATTAAAATTGGACGG_007,192
CAATGATTAAAATTGGACGG_008,147
CAATGATTAAAATTGGACGG_009,35
CAATGATTAAAATTGGACGG_010,88
CAATGATTAAAATTGGACGG_011,192
CAATGATTAAAATTGGACGG_012,103
CAATGATTAAAATTGGACGG_013,92
CAATGATTAAAATTGGACGG_014,94
CAATGATTAAAATTGGACGG_015,39
TGTACCCTTCGTCCCAGTTG_001,146
TGTACCCTTCGTCCCAGTTG_002,113
TGTACCCTTCGTCCCAGTTG_003,184
TGTACCCTTCGTCCCAGTTG_004,115
CCTTACCTGAATCAATACTG_001,175
CCTTACCTGAATCAATACTG_002,76
CCTTACCTGAATCAATACTG_003,137
CCTTACCTGAATCAATACTG_004,56
CCTTACCTGAATCAATACTG_005,40
GACGTCAGTCAGTTTCAGTG_001,7
GACGTCAGTCAGTTTCAGTG_002,7
GACGTCAGTCAGTTTCAGTG_003,194
GACGTCAGTCAGTTTCAGTG_004,132
GACGTCAGTCAGTTTCAGTG_005,104
GACGTCAGTCAGTTTCAGTG_006,176
GACGTCAGTCAGTTTCAGTG_007,65
GACGTCAGTCAGTTTCAGTG_008,189
GACGTCAGTCAGTTTCAGTG_009,147
GACGTCAGTCAGTTTCAGTG_010,79
GACGTCAGTCAGTTTCAGTG_011,103
GACGTCAGTCAGTTTCAGTG_012,155
GACGTCAGTCAGTTTCAGTG_013,76
GACGTCAGTCAGTTTCAGTG_014,103
GACGTCAGTCAGTTTCAGTG_015,1
GACGTCAGTCAGTTTCAGTG_016,34
GACGTCAGTCAGTTTCAGTG_017,141
GACGTCAGTCAGTTTCAGTG_018,66
GACGTCAGTCAGTTTCAGTG_019,2
GCGCGAGTGCTTCTGGCGTG_001,85
GCGCGAGTGCTTCTGGCGTG_002,60
GCGCGAGTGCTTCTGGCGTG_003,22
GCGCGAGTGCTTCTGGCGTG_004,171
GCGCGAGTGCTTCTGGCGTG_005,115
GCGCGAGTGCTTCTGGCGTG_006,197
GCGCGAGTGCTTCTGGCGTG_007,112
GCGCGAGTGCTTCTGGCGTG_008,38
GCGCGAGTGCTTCTGGCGTG_009,37
GCGCGAGTGCTTCTGGCGTG_010,106
GCGCGAGTGCTTCTGGCGTG_011,157
GCGCGAGTGCTTCTGGCGTG_012,184
GCGCGAGTGCTTCTGGCGTG_013,6
GCGCGAGTGCTTCTGGCGTG_014,36
GCGCGAGTGCTTCTGGCGTG_015,117
GCGCGAGTGCTTCTGGCGTG_016,124
GGTGTTGATTGGGTACAATG_001,188
GGTGTTGATTGGGTACAATG_002,194
GGGAGGCTGAGAAGTGACAG_001,67
GGGAGGCTGAGAAGTGACAG_002,160
GGGAGGCTGAGAAGTGACAG_003,47
GGGAGGCTGAGAAGTGACAG_004,48
GGGAGGCTGAGAAGTGACAG_005,191
GGGAGGCTGAGAAGTGACAG_006,133
GGGAGGCTGAGAAGTGACAG_007,149
GGGAGGCTGAGAAGTGACAG_008,6
GGGAGGCTGAGAAGTGACAG_009,172
GGGAGGCTGAGAAGTGACAG_010,101
GGGAGGCTGAGAAGTGACAG_011,186
GGGAGGCTGAGAAGTGACAG_012,49
GGGAGGCTGAGAAGTGACAG_013,168
GGGAGGCTGAGAAGTGACAG_014,52
GGGAGGCTGAGAAGTGACAG_015,119
GGGAGGCTGAGAAGTGACAG_016,68
GGGAGGCTGAGAAGTGACAG_017,188
GGGAGGCTGAGAAGTGACAG_018,149
GGGAGGCTGAGAAGTGACAG_019,69
GGGAGGCTGAGAAGTGACAG_020,162
GGGAGGCTGAGAAGTGACAG_021,58
GGGAGGCTGAGAAGTGACAG_022,85
GGGAGGCTGAGAAGTGACAG_023,190
GGGAGGCTGAGAAGTGACAG_024,81
GGGAGGCTGAGAAGTGACAG_025,9
GGGAGGCTGAGAAGTGACAG_026,61
GGGAGGCTGAGAAGTGACAG_027,194
GGGAGGCTGAGAAGTGACAG_028,154
ACTGGTCGCCACGTTGAAGA_001,71
ACTGGTCGCCACGTTGAAGA_002,162
ACTGGTCGCCACGTTGAAGA_003,125
ACTGGTCGCCACGTTGAAGA_004,79
ACTGGTCGCCACGTTGAAGA_005,139
ACTGGTCGCCACGTTGAAGA_006,60
ACTGGTCGCCACGTTGAAGA_007,21
ACTGGTCGCCACGTTGAAGA_008,73
ACTGGTCGCCACGTTGAAGA_009,18
ACTGGTCGCCACGTTGAAGA_010,35
ACTGGTCGCCACGTTGAAGA_011,79
GAAGCACCACTCAAAATATG_001,105
GAAGCACCACTCAAAATATG_002,72
GAAGCACCACTCAAAATATG_003,196
GAAGCACCACTCAAAATATG_004,19
GAAGCACCACTCAAAATATG_005,174
GAAGCACCACTCAAAATATG_006,90
GAAGCACCACTCAAAATATG_007,108
GAAGCACCACTCAAAATATG_008,162
GGGATCTCGCATGGAAACGT_001,6
GGGATCTCGCATGGAAACGT_002,6
GGGATCTCGCATGGAAACGT_003,64
GGGATCTCGCATGGAAACGT_004,163
GGGATCTCGCATGGAAACGT_005,49
GGGATCTCGCATGGAAACGT_006,124
GGGATCTCGCATGGAAACGT_007,14
GGGATCTCGCATGGAAACGT_008,83
GGGATCTCGCATGGAAACGT_009,3
GGGATCTCGCATGGAAACGT_010,104
GGGATCTCGCATGGAAACGT_011,175
AAGGGATGAATGATCCACGA_001,17
AAGGGATGAATGATCCACGA_002,51
AAGGGATGAATGATCCACGA_003,50
AAGGGATGAATGATCCACGA_004,111
AAGGGATGAATGATCCACGA_005,139
AAGGGATGAATGATCCACGA_006,92
AAGGGATGAATGATCCACGA_007,197
AAGGGATGAATGATCCACGA_008,126
AAGGGATGAATGATCCACGA_009,140
AAGGGATGAATGATCCACGA_010,67
AAGGGATGAATGATCCACGA_011,149
AAGGGATGAATGATCCACGA_012,103
GGTCATTGTTCATGTAGCCG_001,1
GGTCATTGTTCATGTAGCCG_002,121
GGTCATTGTTCATGTAGCCG_003,152
GCAATGGGCTATGACACCCA_001,191
GCAATGGGCTATGACACCCA_002,168
AGGAGCCCAAGCCATCCTCG_001,11
AGGAGCCCAAGCCATCCTCG_002,82
AGGAGCCCAAGCCATCCTCG_003,121
AGGAGCCCAAGCCATCCTCG_004,93
AGGAGCCCAAGCCATCCTCG_005,147
AGGAGCCCAAGCCATCCTCG_006,5
AGGAGCCCAAGCCATCCTCG_007,175
AGGAGCCCAAGCCATCCTCG_008,29
AGGAGCCCAAGCCATCCTCG_009,191
AGGAGCCCAAGCCATCCTCG_010,74
GCTACCAGCCCATCTGCTGT_001,35
GCTACCAGCCCATCTGCTGT_002,35
GCTACCAGCCCATCTGCTGT_003,51
CAAATGCATAGGCACCACCC_001,52
CAAATGCATAGGCACCACCC_002,120
CAAATGCATAGGCACCACCC_003,113
ATAGCAGACCACCCTTGCAG_001,80
ATAGCAGACCACCCTTGCAG_002,50
ATAGCAGACCACCCTTGCAG_003,171
ATAGCAGACCACCCTTGCAG_004,94
ATAGCAGACCACCCTTGCAG_005,88
ATAGCAGACCACCCTTGCAG_006,7
ATAGCAGACCACCCTTGCAG_007,147
ATAGCAGACCACCCTTGCAG_008,33
ATAGCAGACCACCCTTGCAG_009,137
ATAGCAGACCACCCTTGCAG_010,22
ATAGCAGACCACCCTTGCAG_011,119
TATCAGAAAGGAGTTCAGGG_001,161
TATCAGAAAGGAGTTCAGGG_002,17
TATCAGAAAGGAGTTCAGGG_003,62
TATCAGAAAGGAGTTCAGGG_004,68
TATCAGAAAGGAGTTCAGGG_005,152
TATCAGAAAGGAGTTCAGGG_006,128
TATCAGAAAGGAGTTCAGGG_007,183
TATCAGAAAGGAGTTCAGGG_008,55
TATCAGAAAGGAGTTCAGGG_009,20
TATCAGAAAGGAGTTCAGGG_010,50
TATCAGAAAGGAGTTCAGGG_011,160
TATCAGAAAGGAGTTCAGGG_012,47
TATCAGAAAGGAGTTCAGGG_013,88
TATCAGAAAGGAGTTCAGGG_014,81
TATCAGAAAGGAGTTCAGGG_015,70
TATCAGAAAGGAGTTCAGGG_016,152
TATCAGAAAGGAGTTCAGGG_017,115
TATCAGAAAGGAGTTCAGGG_018,2
TATCAGAAAGGAGTTCAGGG_019,104
GGGAGTCACTGGATTCTGAG_001,199
GGGAGTCACTGGATTCTGAG_002,190
GGGAGTCACTGGATTCTGAG_003,176
GGGAGTCACTGGATTCTGAG_004,176
AAGCTGATTGAGGAGACTAA_001,83
AAGCTGATTGAGGAGACTAA_002,49
AAGCTGATTGAGGAGACTAA_003,125
AAGCTGATTGAGGAGACTAA_004,35
AAGCTGATTGAGGAGACTAA_005,2
AAGCTGATTGAGGAGACTAA_006,121
AAGCTGATTGAGGAGACTAA_007,81
AAGCTGATTGAGGAGACTAA_008,22
AAGCTGATTGAGGAGACTAA_009,138
AAGCTGATTGAGGAGACTAA_010,157
AAGCTGATTGAGGAGACTAA_011,88
AAGCTGATTGAGGAGACTAA_012,23
AAGCTGATTGAGGAGACTAA_013,9
AAGCTGATTGAGGAGACTAA_014,10
AAGCTGATTGAGGAGACTAA_015,10
AAGCTGATTGAGGAGACTAA_016,116
AAGCTGATTGAGGAGACTAA_017,199
AAGCTGATTGAGGAGACTAA_018,176
AAGCTGATTGAGGAGACTAA_019,176
AAGCTGATTGAGGAGACTAA_020,198
CAGTTCTGAGATCCGACGTG_001,139
CAGTTCTGAGATCCGACGTG_002,162
CAGTTCTGAGATCCGACGTG_003,58
CAGTTCTGAGATCCGACGTG_004,42
CAGTTCTGAGATCCGACGTG_005,116
CAGTTCTGAGATCCGACGTG_006,172
CAGTTCTGAGATCCGACGTG_007,84
CAGTTCTGAGATCCGACGTG_008,139
CAGTTCTGAGATCCGACGTG_009,19
CAGTTCTGAGATCCGACGTG_010,52
CAGTTCTGAGATCCGACGTG_011,9
CAGTTCTGAGATCCGACGTG_012,83
GCCGAGCTACGGGTGCCGGG_001,109
GCCGAGCTACGGGTGCCGGG_002,15
GCCGAGCTACGGGTGCCGGG_003,88
GCCGAGCTACGGGTGCCGGG_004,116
GCCGAGCTACGGGTGCCGGG_005,1
GCCGAGCTACGGGTGCCGGG_006,13
GCCGAGCTACGGGTGCCGGG_007,154
GCCGAGCTACGGGTGCCGGG_008,4
ATCATGTGAGACAACACCGG_001,26
ATCATGTGAGACAACACCGG_002,92
ATCATGTGAGACAACACCGG_003,198
ATCATGTGAGACAACACCGG_004,61
ATCATGTGAGACAACACCGG_005,98
ATCATGTGAGACAACACCGG_006,80
ATCATGTGAGACAACACCGG_007,8
ATCATGTGAGACAACACCGG_008,177
ATCATGTGAGACAACACCGG_009,161
ATCATGTGAGACAACACCGG_010,125
ATCATGTGAGACAACACCGG_011,170
ATCATGTGAGACAACACCGG_012,164
ATCATGTGAGACAACACCGG_013,186
ATCATGTGAGACAACACCGG_014,51
ATCATGTGAGACAACACCGG_015,60
ATCATGTGAGACAACACCGG_016,45
ATCATGTGAGACAACACCGG_017,191
ATCATGTGAGACAACACCGG_018,147
ATCATGTGAGACAACACCGG_019,115
ATCATGTGAGACAACACCGG_020,150
ATCATGTGAGACAACACCGG_021,167
ATCATGTGAGACAACACCGG_022,167
ATCATGTGAGACAACACCGG_023,39
ATCATGTGAGACAACACCGG_024,57
ATCATGTGAGACAACACCGG_025,151
GGTAGAAGGGATCTTGACAA_001,144
GGTAGAAGGGATCTTGACAA_002,177
GGTAGAAGGGATCTTGACAA_003,55
GGTAGAAGGGATCTTGACAA_004,16
GGTAGAAGGGATCTTGACAA_005,8
GGTAGAAGGGATCTTGACAA_006,34
GGTAGAAGGGATCTTGACAA_007,15
GGTAGAAGGGATCTTGACAA_008,119
GGTAGAAGGGATCTTGACAA_009,197
CACCGAGCCCTGACGCCGGG_001,32
CACCGAGCCCTGACGCCGGG_002,129
CACCGAGCCCTGACGCCGGG_003,11
CACCGAGCCCTGACGCCGGG_004,15
CACCGAGCCCTGACGCCGGG_005,56
CACCGAGCCCTGACGCCGGG_006,181
CACCGAGCCCTGACGCCGGG_007,174
CACCGAGCCCTGACGCCGGG_008,141
CACCGAGCCCTGACGCCGGG_009,7
CACCGAGCCCTGACGCCGGG_010,11
TGACATGGCCGATTCGCCAG_001,149
TGACATGGCCGATTCGCCAG_002,70
TGACATGGCCGATTCGCCAG_003,22
TTTCTGGAGTCTGTTAAGAG_001,15
TTTCTGGAGTCTGTTAAGAG_002,8
TTTCTGGAGTCTGTTAAGAG_003,105
TTTCTGGAGTCTGTTAAGAG_004,139
TTTCTGGAGTCTGTTAAGAG_005,115
TTTCTGGAGTCTGTTAAGAG_006,147
CCAGGATGAAACCCTCGCAG_001,82
CCAGGATGAAACCCTCGCAG_002,127
CCAGGATGAAACCCTCGCAG_003,48
CCAGGATGAAACCCTCGCAG_004,29
CCAGGATGAAACCCTCGCAG_005,112
CCAGGATGAAACCCTCGCAG_006,1
CCAGGATGAAACCCTCGCAG_007,148
CCAGGATGAAACCCTCGCAG_008,65
CCAGGATGAAACCCTCGCAG_009,130
CCAGGATGAAACCCTCGCAG_010,77
CCAGGATGAAACCCTCGCAG_011,51
CCAGGATGAAACCCTCGCAG_012,9
CCAGGATGAAACCCTCGCAG_013,35
CCAGGATGAAACCCTCGCAG_014,159
CCAGGATGAAACCCTCGCAG_015,40
CCAGGATGAAACCCTCGCAG_016,7
CCAGGATGAAACCCTCGCAG_017,13
CCAGGATGAAACCCTCGCAG_018,122
CCAGGATGAAACCCTCGCAG_019,60
CCAGGATGAAACCCTCGCAG_020,185
CCAGGATGAAACCCTCGCAG_021,79
CCAGGATGAAACCCTCGCAG_022,185
CCAGGATGAAACCCTCGCAG_023,84
CCAGGATGAAACCCTCGCAG_024,98
CCAGGATGAAACCCTCGCAG_025,153
CCAGGATGAAACCCTCGCAG_026,32
CCAGGATGAAACCCTCGCAG_027,29
CCAGGATGAAACCCTCGCAG_028,185
CCAGGATGAAACCCTCGCAG_029,130
AGTGGGCTGTAAAATTGGGG_001,29
AGTGGGCTGTAAAATTGGGG_002,101
AGTGGGCTGTAAAATTGGGG_003,113
AGTGGGCTGTAAAATTGGGG_004,6
AGTGGGCTGTAAAATTGGGG_005,47
AGTGGGCTGTAAAATTGGGG_006,47
AATGATCTCAACCACAGTCG_001,185
AATGATCTCAACCACAGTCG_002,19
AATGATCTCAACCACAGTCG_003,19
GAGCCGTGCATAGACTGCTG_001,151
GAGCCGTGCATAGACTGCTG_002,178
GAGCCGTGCATAGACTGCTG_003,47
GAGCCGTGCATAGACTGCTG_004,37
GAGCCGTGCATAGACTGCTG_005,96
GAGCCGTGCATAGACTGCTG_006,156
GAGCCGTGCATAGACTGCTG_007,36
GAGCCGTGCATAGACTGCTG_008,162
GGGAGAAGGAGAGCGCGTTG_001,174
GGGAGAAGGAGAGCGCGTTG_002,115
GGGAGAAGGAGAGCGCGTTG_003,98
GGGAGAAGGAGAGCGCGTTG_004,141
GGGAGAAGGAGAGCGCGTTG_005,88
GGGAGAAGGAGAGCGCGTTG_006,41
CATGGGGCTCACACTAGGAG_001,125
CATGGGGCTCACACTAGGAG_002,144
GGGACGCACAAGCCTTCGAG_001,35
GGGACGCACAAGCCTTCGAG_002,121
GGGACGCACAAGCCTTCGAG_003,104
GGGACGCACAAGCCTTCGAG_004,166
GGGACGCACAAGCCTTCGAG_005,127
GGGACGCACAAGCCTTCGAG_006,189
GGGACGCACAAGCCTTCGAG_007,160
GGGACGCACAAGCCTTCGAG_008,17
GGGACGCACAAGCCTTCGAG_009,15
GGGACGCACAAGCCTTCGAG_010,127
GGGACGCACAAGCCTTCGAG_011,7
GGGACGCACAAGCCTTCGAG_012,119
GGGACGCACAAGCCTTCGAG_013,117
GGGACGCACAAGCCTTCGAG_014,164
GGGACGCACAAGCCTTCGAG_015,164
GGGACGCACAAGCCTTCGAG_016,12
GGGACGCACAAGCCTTCGAG_017,177
GGGACGCACAAGCCTTCGAG_018,77
ACACGAAGTGTTGCAAACGT_001,196
ACACGAAGTGTTGCAAACGT_002,45
ACACGAAGTGTTGCAAACGT_003,172
ACACGAAGTGTTGCAAACGT_004,120
ACACGAAGTGTTGCAAACGT_005,196
ACACGAAGTGTTGCAAACGT_006,130
ACACGAAGTGTTGCAAACGT_007,106
GAGTAGACCACCGCCGCCAG_001,166
GAGTAGACCACCGCCGCCAG_002,105
GAGTAGACCACCGCCGCCAG_003,181
GAGTAGACCACCGCCGCCAG_004,54
GAGTAGACCACCGCCGCCAG_005,141
GAGTAGACCACCGCCGCCAG_006,120
GAGTAGACCACCGCCGCCAG_007,111
GAGTAGACCACCGCCGCCAG_008,111
GAGTAGACCACCGCCGCCAG_009,113
GAGTAGACCACCGCCGCCAG_010,113
GAGTAGACCACCGCCGCCAG_011,178
GAGTAGACCACCGCCGCCAG_012,178
GAGTAGACCACCGCCGCCAG_013,173
GAGTAGACCACCGCCGCCAG_014,148
GAGTAGACCACCGCCGCCAG_015,52
GAGTAGACCACCGCCGCCAG_016,65
GAGTAGACCACCGCCGCCAG_017,184
GAGTAGACCACCGCCGCCAG_018,176
GAGTAGACCACCGCCGCCAG_019,88
GAGTAGACCACCGCCGCCAG_020,62
GAGTAGACCACCGCCGCCAG_021,74
GAGTAGACCACCGCCGCCAG_022,136
GAGTAGACCACCGCCGCCAG_023,18
GAGTAGACCACCGCCGCCAG_024,103
GAGTAGACCACCGCCGCCAG_025,97
GAGTAGACCACCGCCGCCAG_026,33
TGGAGTCAATCCGATGCCAA_001,80
TGGAGTCAATCCGATGCCAA_002,121
TGGAGTCAATCCGATGCCAA_003,98
TGGAGTCAATCCGATGCCAA_004,168
TGGAGTCAATCCGATGCCAA_005,55
TGGAGTCAATCCGATGCCAA_006,197
TGGAGTCAATCCGATGCCAA_007,154
TGGAGTCAATCCGATGCCAA_008,58
TGGAGTCAATCCGATGCCAA_009,98
TGGAGTCAATCCGATGCCAA_010,98
TGGAGTCAATCCGATGCCAA_011,117
TGGAGTCAATCCGATGCCAA_012,113
TGGAGTCAATCCGATGCCAA_013,45
TGGAGTCAATCCGATGCCAA_014,97
TGGAGTCAATCCGATGCCAA_015,105
TGGAGTCAATCCGATGCCAA_016,115
TGGAGTCAATCCGATGCCAA_017,138
TGGAGTCAATCCGATGCCAA_018,98
TGGAGTCAATCCGATGCCAA_019,177
TGGAGTCAATCCGATGCCAA_020,67
TGGAGTCAATCCGATGCCAA_021,188
TGGAGTCAATCCGATGCCAA_022,153
TGGAGTCAATCCGATGCCAA_023,62
TGGAGTCAATCCGATGCCAA_024,96
TGGAGTCAATCCGATGCCAA_025,34
TGGAGTCAATCCGATGCCAA_026,18
TGGAGTCAATCCGATGCCAA_027,50
TGGAGTCAATCCGATGCCAA_028,52
ACAGCAACGAGAATTGGAAG_001,96
ACAGCAACGAGAATTGGAAG_002,151
AATGGTCAACTACATCCAGA_001,81
AATGGTCAACTACATCCAGA_002,186
AATGGTCAACTACATCCAGA_003,188
AATGGTCAACTACATCCAGA_004,81
AATGGTCAACTACATCCAGA_005,81
AATGGTCAACTACATCCAGA_006,8
AATGGTCAACTACATCCAGA_007,109
AATGGTCAACTACATCCAGA_008,137
AATGGTCAACTACATCCAGA_009,68
GGATGTGGTTTCCGTTAAGC_001,65
GGATGTGGTTTCCGTTAAGC_002,40
GGATGTGGTTTCCGTTAAGC_003,12
TCCAGCCTTCCCATTTAACG_001,158
TCCAGCCTTCCCATTTAACG_002,105
GCCAACAAGAATCGGATCCC_001,139
GCCAACAAGAATCGGATCCC_002,67
GCCAACAAGAATCGGATCCC_003,111
GCCAACAAGAATCGGATCCC_004,13
GCCAACAAGAATCGGATCCC_005,91
GCCAACAAGAATCGGATCCC_006,153
GCCAACAAGAATCGGATCCC_007,180
GCCAACAAGAATCGGATCCC_008,165
CTTTCCACATCCACAAGCGT_001,138
CTTTCCACATCCACAAGCGT_002,39
AGTGGGCCATGGCAAAAAGT_001,5
AGTGGGCCATGGCAAAAAGT_002,26
AGTGGGCCATGGCAAAAAGT_003,194
AGTGGGCCATGGCAAAAAGT_004,112
AGTGGGCCATGGCAAAAAGT_005,171
TGTGGGAAAGCCTTTAATCG_001,172
TGTGGGAAAGCCTTTAATCG_002,28
TGTGGGAAAGCCTTTAATCG_003,180
TGTGGGAAAGCCTTTAATCG_004,7
TGTGGGAAAGCCTTTAATCG_005,50
TGTGGGAAAGCCTTTAATCG_006,109
AGATCACTCACCGTGCACAT_001,17
AGATCACTCACCGTGCACAT_002,171
AGATCACTCACCGTGCACAT_003,61
AGATCACTCACCGTGCACAT_004,49
AGATCACTCACCGTGCACAT_005,121
AGATCACTCACCGTGCACAT_006,152
ACTTACCCCATCCGATCAGG_001,160
ACTTACCCCATCCGATCAGG_002,65
ACTTACCCCATCCGATCAGG_003,154
ACTTACCCCATCCGATCAGG_004,20
ACTTACCCCATCCGATCAGG_005,188
ACTTACCCCATCCGATCAGG_006,158
GCCTTACTCTAACTGGCACA_001,114
GCCTTACTCTAACTGGCACA_002,127
GCCTTACTCTAACTGGCACA_003,157
GTGATTATTCCTACCCCAAG_001,177
TAATAGAACGGGAAGCACCA_001,182
TAATAGAACGGGAAGCACCA_002,181
TAATAGAACGGGAAGCACCA_003,87
TAATAGAACGGGAAGCACCA_004,29
TAATAGAACGGGAAGCACCA_005,158
TAATAGAACGGGAAGCACCA_006,77
TAATAGAACGGGAAGCACCA_007,80
TAATAGAACGGGAAGCACCA_008,153
TAATAGAACGGGAAGCACCA_009,186
ACGTGTTGTTCCTCACACTA_001,153
ACGTGTTGTTCCTCACACTA_002,119
ACGTGTTGTTCCTCACACTA_003,44
ACGTGTTGTTCCTCACACTA_004,83
ACGTGTTGTTCCTCACACTA_005,199
ACGTGTTGTTCCTCACACTA_006,17
ACGTGTTGTTCCTCACACTA_007,69
TTGCTAATGGGAAAACTGAG_001,189
TTGCTAATGGGAAAACTGAG_002,7
TTGCTAATGGGAAAACTGAG_003,150
TTGCTAATGGGAAAACTGAG_004,118
TTGCTAATGGGAAAACTGAG_005,7
TTGCTAATGGGAAAACTGAG_006,169
TTGCTAATGGGAAAACTGAG_007,105
TTGCTAATGGGAAAACTGAG_008,127
TTGCTAATGGGAAAACTGAG_009,165
TTGCTAATGGGAAAACTGAG_010,44
TTGCTAATGGGAAAACTGAG_011,7
TTGCTAATGGGAAAACTGAG_012,44
TTGCTAATGGGAAAACTGAG_013,112
TTGCTAATGGGAAAACTGAG_014,48
TTGCTAATGGGAAAACTGAG_015,144
TTGCTAATGGGAAAACTGAG_016,98
CTCATCCTCCTACCGAGCAG_001,35
CTCATCCTCCTACCGAGCAG_002,113
CTCATCCTCCTACCGAGCAG_003,147
CTCATCCTCCTACCGAGCAG_004,9
CTCATCCTCCTACCGAGCAG_005,23
CTCATCCTCCTACCGAGCAG_006,23
CTCATCCTCCTACCGAGCAG_007,121
CTCATCCTCCTACCGAGCAG_008,57
CTCATCCTCCTACCGAGCAG_009,82
CTCATCCTCCTACCGAGCAG_010,148
CTCATCCTCCTACCGAGCAG_011,158
CTCATCCTCCTACCGAGCAG_012,135
CTTCCTAGCCGCCGGCTACG_001,48
CTTCCTAGCCGCCGGCTACG_002,115
CTTCCTAGCCGCCGGCTACG_003,144
CTTCCTAGCCGCCGGCTACG_004,58
CTTCCTAGCCGCCGGCTACG_005,25
CTTCCTAGCCGCCGGCTACG_006,127
CTTCCTAGCCGCCGGCTACG_007,5
CTTCCTAGCCGCCGGCTACG_008,161
CTTCCTAGCCGCCGGCTACG_009,130
CTTCCTAGCCGCCGGCTACG_010,134
CTTCCTAGCCGCCGGCTACG_011,122
CTTCCTAGCCGCCGGCTACG_012,75
CTTCCTAGCCGCCGGCTACG_013,69
CTTCCTAGCCGCCGGCTACG_014,145
CTTCCTAGCCGCCGGCTACG_015,165
CTTCCTAGCCGCCGGCTACG_016,84
CTGACCTATGATAACTCCGA_001,77
CTGACCTATGATAACTCCGA_002,71
CTGACCTATGATAACTCCGA_003,117
CCGGCTCCCAGTCGGAATCG_001,168
CCGGCTCCCAGTCGGAATCG_002,184
CCGGCTCCCAGTCGGAATCG_003,105
CCGGCTCCCAGTCGGAATCG_004,29
CCGGCTCCCAGTCGGAATCG_005,193
CCGGCTCCCAGTCGGAATCG_006,184
CCGGCTCCCAGTCGGAATCG_007,15
CCGGCTCCCAGTCGGAATCG_008,121
CCGGCTCCCAGTCGGAATCG_009,95
CCGGCTCCCAGTCGGAATCG_010,34
CCGGCTCCCAGTCGGAATCG_011,75
CCGGCTCCCAGTCGGAATCG_012,41
CCGGCTCCCAGTCGGAATCG_013,43
CCGGCTCCCAGTCGGAATCG_014,40
CCGGCTCCCAGTCGGAATCG_015,195
CCGGCTCCCAGTCGGAATCG_016,116
CCGGCTCCCAGTCGGAATCG_017,1
CCGGCTCCCAGTCGGAATCG_018,15
CCGGCTCCCAGTCGGAATCG_019,68
CCGGCTCCCAGTCGGAATCG_020,168
CCGGCTCCCAGTCGGAATCG_021,138
CCGGCTCCCAGTCGGAATCG_022,138
CCGGCTCCCAGTCGGAATCG_023,10
CCGGCTCCCAGTCGGAATCG_024,94
CCGGCTCCCAGTCGGAATCG_025,175
CCGGCTCCCAGTCGGAATCG_026,127
CCGGCTCCCAGTCGGAATCG_027,160
CCGGCTCCCAGTCGGAATCG_028,88
CCGGCTCCCAGTCGGAATCG_029,81
CCGGCTCCCAGTCGGAATCG_030,28
CCGGCTCCCAGTCGGAATCG_031,124
CCGGCTCCCAGTCGGAATCG_032,66
CCGGCTCCCAGTCGGAATCG_033,192
CCGGCTCCCAGTCGGAATCG_034,192
CCCCGTGCGCCTTGTCACTG_001,105
CCCCGTGCGCCTTGTCACTG_002,145
CCCCGTGCGCCTTGTCACTG_003,29
CCCCGTGCGCCTTGTCACTG_004,49
CCCCGTGCGCCTTGTCACTG_005,162
CCCCGTGCGCCTTGTCACTG_006,40
CCCCGTGCGCCTTGTCACTG_007,50
CCCCGTGCGCCTTGTCACTG_008,41
CCCCGTGCGCCTTGTCACTG_009,57
AATTTCACAGGCACATACAG_001,149
AATTTCACAGGCACATACAG_002,55
AATTTCACAGGCACATACAG_003,80
AATTTCACAGGCACATACAG_004,137
AATTTCACAGGCACATACAG_005,108
AATTTCACAGGCACATACAG_006,54
AATTTCACAGGCACATACAG_007,80
AATTTCACAGGCACATACAG_008,84
AATTTCACAGGCACATACAG_009,166
AATTTCACAGGCACATACAG_010,171
AATTTCACAGGCACATACAG_011,142
AATTTCACAGGCACATACAG_012,190
AATTTCACAGGCACATACAG_013,137
AATTTCACAGGCACATACAG_014,118
AATTTCACAGGCACATACAG_015,91
AAAAAAGCGGTCCTACACCA_001,15
AAAAAAGCGGTCCTACACCA_002,194
AAAAAAGCGGTCCTACACCA_003,197
AAAAAAGCGGTCCTACACCA_004,127
AAAAAAGCGGTCCTACACCA_005,26
AAAAAAGCGGTCCTACACCA_006,77
ATAGTTACCCTCGGTTTGAG_001,112
ATAGTTACCCTCGGTTTGAG_002,56
ATAGTTACCCTCGGTTTGAG_003,125
ATAGTTACCCTCGGTTTGAG_004,188
ATAGTTACCCTCGGTTTGAG_005,168
GACGGCATCCTGAGCGAGCG_001,128
GACGGCATCCTGAGCGAGCG_002,112
GACGGCATCCTGAGCGAGCG_003,190
GACGGCATCCTGAGCGAGCG_004,183
GACGGCATCCTGAGCGAGCG_005,76
GACGGCATCCTGAGCGAGCG_006,158
GACGGCATCCTGAGCGAGCG_007,114
GACGGCATCCTGAGCGAGCG_008,70
GACGGCATCCTGAGCGAGCG_009,27
GACGGCATCCTGAGCGAGCG_010,133
GAAAACGTAAAAACTGCAGG_001,77
GAAAACGTAAAAACTGCAGG_002,40
GAAAACGTAAAAACTGCAGG_003,142
GAAAACGTAAAAACTGCAGG_004,137
GAAAACGTAAAAACTGCAGG_005,60
GAAAACGTAAAAACTGCAGG_006,172
GTCGACGAAATAGTCAAAAG_001,159
AGCAGTATGGAAATTGACCA_001,62
AGCAGTATGGAAATTGACCA_002,54
AGCAGTATGGAAATTGACCA_003,192
AGCAGTATGGAAATTGACCA_004,88
AGCAGTATGGAAATTGACCA_005,86
AGCAGTATGGAAATTGACCA_006,48
AGCAGTATGGAAATTGACCA_007,60
AGCAGTATGGAAATTGACCA_008,186
AGCAGTATGGAAATTGACCA_009,103
AGCAGTATGGAAATTGACCA_010,76
AGCAGTATGGAAATTGACCA_011,146
AGCAGTATGGAAATTGACCA_012,17
AGCAGTATGGAAATTGACCA_013,195
AGCAGTATGGAAATTGACCA_014,50
AGCAGTATGGAAATTGACCA_015,177
AGCAGTATGGAAATTGACCA_016,121
GAGGCTTAAGGTCTTCAGCG_001,38
GAGGCTTAAGGTCTTCAGCG_002,148
GAGGCTTAAGGTCTTCAGCG_003,9
GAGGCTTAAGGTCTTCAGCG_004,84
GAGGCTTAAGGTCTTCAGCG_005,40
GAGGCTTAAGGTCTTCAGCG_006,92
GAGGCTTAAGGTCTTCAGCG_007,67
GAGGCTTAAGGTCTTCAGCG_008,33
GAGGCTTAAGGTCTTCAGCG_009,38
GAGGCTTAAGGTCTTCAGCG_010,52
GAGGCTTAAGGTCTTCAGCG_011,153
GAGGCTTAAGGTCTTCAGCG_012,115
GAGGCTTAAGGTCTTCAGCG_013,158
GAGGCTTAAGGTCTTCAGCG_014,10
AACTTACCGTACAGACATGC_001,160
AGCATACGCCATCCCCCGTG_001,197
AGCATACGCCATCCCCCGTG_002,148
AGCATACGCCATCCCCCGTG_003,155
TAAGACTTACCATTGTCTCT_001,155
TAAGACTTACCATTGTCTCT_002,43
TAAGACTTACCATTGTCTCT_003,147
TAAGACTTACCATTGTCTCT_004,148
TAAGACTTACCATTGTCTCT_005,149
TAAGACTTACCATTGTCTCT_006,149
TAAGACTTACCATTGTCTCT_007,123
TAAGACTTACCATTGTCTCT_008,169
TTAGTAAAGTGGGCCGATGA_001,30
TTAGTAAAGTGGGCCGATGA_002,40
TTAGTAAAGTGGGCCGATGA_003,97
TTAGTAAAGTGGGCCGATGA_004,82
TTAGTAAAGTGGGCCGATGA_005,86
TTAGTAAAGTGGGCCGATGA_006,58
TTAGTAAAGTGGGCCGATGA_007,140
TTAGTAAAGTGGGCCGATGA_008,98
TTAGTAAAGTGGGCCGATGA_009,128
TTAGTAAAGTGGGCCGATGA_010,88
TTAGTAAAGTGGGCCGATGA_011,4
TTAGTAAAGTGGGCCGATGA_012,158
TTAGTAAAGTGGGCCGATGA_013,88
TTAGTAAAGTGGGCCGATGA_014,2
TTAGTAAAGTGGGCCGATGA_015,150
TTAGTAAAGTGGGCCGATGA_016,112
TTAGTAAAGTGGGCCGATGA_017,162
TTAGTAAAGTGGGCCGATGA_018,37
TTAGTAAAGTGGGCCGATGA_019,191
TTAGTAAAGTGGGCCGATGA_020,58
TTAGTAAAGTGGGCCGATGA_021,78
TTAGTAAAGTGGGCCGATGA_022,23
TTAGTAAAGTGGGCCGATGA_023,52
TTAGTAAAGTGGGCCGATGA_024,176
TTATGGGTGAAATGCAGTAC_001,15
TTATGGGTGAAATGCAGTAC_002,61
TTATGGGTGAAATGCAGTAC_003,110
CCACCGCATAGAGCGCCTGG_001,144
CCACCGCATAGAGCGCCTGG_002,161
CCACCGCATAGAGCGCCTGG_003,6
GCAGCCCTGGCATGCCACCG_001,66
GCAGCCCTGGCATGCCACCG_002,24
GCAGCCCTGGCATGCCACCG_003,12
GCAGCCCTGGCATGCCACCG_004,33
GCAGCCCTGGCATGCCACCG_005,34
GCAGCCCTGGCATGCCACCG_006,177
GCAGCCCTGGCATGCCACCG_007,61
GCAGCCCTGGCATGCCACCG_008,124
CGCCCTCGGATCCGAAACGC_001,50
CGCCCTCGGATCCGAAACGC_002,198
CGCCCTCGGATCCGAAACGC_003,91
CGCCCTCGGATCCGAAACGC_004,20
CGCCCTCGGATCCGAAACGC_005,197
CGCCCTCGGATCCGAAACGC_006,63
CGCCCTCGGATCCGAAACGC_007,68
CGCCCTCGGATCCGAAACGC_008,185
CGCCCTCGGATCCGAAACGC_009,55
CGCCCTCGGATCCGAAACGC_010,88
CGCCCTCGGATCCGAAACGC_011,125
CGCCCTCGGATCCGAAACGC_012,48
CGCCCTCGGATCCGAAACGC_013,97
CGCCCTCGGATCCGAAACGC_014,78
CGCCCTCGGATCCGAAACGC_015,49
CGCCCTCGGATCCGAAACGC_016,4
CGCCCTCGGATCCGAAACGC_017,174
CGCCCTCGGATCCGAAACGC_018,3
CGCCCTCGGATCCGAAACGC_019,49
CGCCCTCGGATCCGAAACGC_020,61
CGCCCTCGGATCCGAAACGC_021,104
CGCCCTCGGATCCGAAACGC_022,180
CGCCCTCGGATCCGAAACGC_023,102
CGCCCTCGGATCCGAAACGC_024,198
TGGTCATTCCAGTCAACCCA_001,51
TGGTCATTCCAGTCAACCCA_002,88
TGGTCATTCCAGTCAACCCA_003,121
TGGTCATTCCAGTCAACCCA_004,177
TGGTCATTCCAGTCAACCCA_005,53
TGGTCATTCCAGTCAACCCA_006,34
AGCAGCCTGAGCATTTACTC_001,3
AGCAGCCTGAGCATTTACTC_002,79
AGCAGCCTGAGCATTTACTC_003,63
AGCAGCCTGAGCATTTACTC_004,153
AGCAGCCTGAGCATTTACTC_005,62
AGCAGCCTGAGCATTTACTC_006,176
AGCAGCCTGAGCATTTACTC_007,170
AGCAGCCTGAGCATTTACTC_008,12
AGCAGCCTGAGCATTTACTC_009,9
AGCAGCCTGAGCATTTACTC_010,18
AGCAGCCTGAGCATTTACTC_011,161
AGCAGCCTGAGCATTTACTC_012,17
AGCAGCCTGAGCATTTACTC_013,169
AGCAGCCTGAGCATTTACTC_014,62
AGCAGCCTGAGCATTTACTC_015,2
AGCAGCCTGAGCATTTACTC_016,72
AGCAGCCTGAGCATTTACTC_017,198
AGCAGCCTGAGCATTTACTC_018,121
AGCAGCCTGAGCATTTACTC_019,51
AGCAGCCTGAGCATTTACTC_020,53
AGCAGCCTGAGCATTTACTC_021,53
AGCAGCCTGAGCATTTACTC_022,129
AGCAGCCTGAGCATTTACTC_023,127
AGCAGCCTGAGCATTTACTC_024,80
AGCAGCCTGAGCATTTACTC_025,46
AGCAGCCTGAGCATTTACTC_026,131
AGCAGCCTGAGCATTTACTC_027,188
AGCAGCCTGAGCATTTACTC_028,191
GGGAGTTCTAGATTCAGCAG_001,105
GGGAGTTCTAGATTCAGCAG_002,73
GGGAGTTCTAGATTCAGCAG_003,101
GGGAGTTCTAGATTCAGCAG_004,163
GGGAGTTCTAGATTCAGCAG_005,182
GGGAGTTCTAGATTCAGCAG_006,21
GGGAGTTCTAGATTCAGCAG_007,78
GGGAGTTCTAGATTCAGCAG_008,104
GGGAGTTCTAGATTCAGCAG_009,149
GGGAGTTCTAGATTCAGCAG_010,10
GGGAGTTCTAGATTCAGCAG_011,5
GGGAGTTCTAGATTCAGCAG_012,35
GCTCTGGCGATCCATCTCGG_001,156
GCTCTGGCGATCCATCTCGG_002,9
CTACTTCAACAAGCCGTCAA_001,44
CTACTTCAACAAGCCGTCAA_002,6
CTACTTCAACAAGCCGTCAA_003,157
CTACTTCAACAAGCCGTCAA_004,91
CTACTTCAACAAGCCGTCAA_005,60
CTACTTCAACAAGCCGTCAA_006,11
CTACTTCAACAAGCCGTCAA_007,158
CTACTTCAACAAGCCGTCAA_008,141
CTACTTCAACAAGCCGTCAA_009,101
CTACTTCAACAAGCCGTCAA_010,121
CTACTTCAACAAGCCGTCAA_011,143
CTACTTCAACAAGCCGTCAA_012,143
CTACTTCAACAAGCCGTCAA_013,9
CTACTTCAACAAGCCGTCAA_014,115
CTACTTCAACAAGCCGTCAA_015,118
CTACTTCAACAAGCCGTCAA_016,193
GTTATGTTTACGTGCCTCGG_001,49
GTTATGTTTACGTGCCTCGG_002,63
GTTATGTTTACGTGCCTCGG_003,153
GTTATGTTTACGTGCCTCGG_004,147
GTTATGTTTACGTGCCTCGG_005,83
GTTATGTTTACGTGCCTCGG_006,113
GTTATGTTTACGTGCCTCGG_007,8
GTTATGTTTACGTGCCTCGG_008,96
GTTATGTTTACGTGCCTCGG_009,86
GTTATGTTTACGTGCCTCGG_010,151
GTTATGTTTACGTGCCTCGG_011,198
GTTATGTTTACGTGCCTCGG_012,86
GTTATGTTTACGTGCCTCGG_013,144
GTTATGTTTACGTGCCTCGG_014,168
GTTATGTTTACGTGCCTCGG_015,27
GTTATGTTTACGTGCCTCGG_016,77
GTTATGTTTACGTGCCTCGG_017,157
CAGCCTTAACGACGCAGACG_001,123
CAGCCTTAACGACGCAGACG_002,94
CAGCCTTAACGACGCAGACG_003,146
CAGCCTTAACGACGCAGACG_004,81
CAGCCTTAACGACGCAGACG_005,168
CAGCCTTAACGACGCAGACG_006,139
CAGCCTTAACGACGCAGACG_007,62
CAGCCTTAACGACGCAGACG_008,55
CAGCCTTAACGACGCAGACG_009,50
CAGCCTTAACGACGCAGACG_010,185
CAGCCTTAACGACGCAGACG_011,190
CAGCCTTAACGACGCAGACG_012,193
CAGCCTTAACGACGCAGACG_013,28
CAGCCTTAACGACGCAGACG_014,146
AAAATACTGCGTGTCCTCAG_001,75
AAAATACTGCGTGTCCTCAG_002,65
AAAATACTGCGTGTCCTCAG_003,136
AAAATACTGCGTGTCCTCAG_004,15
AAAATACTGCGTGTCCTCAG_005,95
AAAATACTGCGTGTCCTCAG_006,34
AAAATACTGCGTGTCCTCAG_007,11
CGGTACTCACAAATCCAGCG_001,12
CGGTACTCACAAATCCAGCG_002,49
CGGTACTCACAAATCCAGCG_003,41
CGGTACTCACAAATCCAGCG_004,37
GAGACCGATGGCCAGCACGT_001,48
GAGACCGATGGCCAGCACGT_002,58
GAGACCGATGGCCAGCACGT_003,198
GAGACCGATGGCCAGCACGT_004,19
GAGACCGATGGCCAGCACGT_005,15
GAGACCGATGGCCAGCACGT_006,50
GAGACCGATGGCCAGCACGT_007,104
CACCACGCTTCACCACCAGA_001,157
CACCACGCTTCACCACCAGA_002,82
CACCACGCTTCACCACCAGA_003,15
CACCACGCTTCACCACCAGA_004,163
CACCACGCTTCACCACCAGA_005,102
CACCACGCTTCACCACCAGA_006,62
CACCACGCTTCACCACCAGA_007,47
CACCACGCTTCACCACCAGA_008,21
CACCACGCTTCACCACCAGA_009,113
CACCACGCTTCACCACCAGA_010,127
CACCACGCTTCACCACCAGA_011,188
CACCACGCTTCACCACCAGA_012,162
GCAGTGAATTAATGCACTTG_001,116
GCAGTGAATTAATGCACTTG_002,7
GCAGTGAATTAATGCACTTG_003,188
GCAGTGAATTAATGCACTTG_004,198
GCAGTGAATTAATGCACTTG_005,92
GCAGTGAATTAATGCACTTG_006,115
GCAGTGAATTAATGCACTTG_007,121
GCAGTGAATTAATGCACTTG_008,75
GCAGTGAATTAATGCACTTG_009,63
GCAGTGAATTAATGCACTTG_010,80
AAAGGGTTCTTCAACTGCGA_001,16
AAAGGGTTCTTCAACTGCGA_002,146
AAAGGGTTCTTCAACTGCGA_003,75
AAAGGGTTCTTCAACTGCGA_004,69
AAAGGGTTCTTCAACTGCGA_005,1
AAAGGGTTCTTCAACTGCGA_006,25
AAAGGGTTCTTCAACTGCGA_007,51
AAAGGGTTCTTCAACTGCGA_008,48
AAAGGGTTCTTCAACTGCGA_009,182
AAAGGGTTCTTCAACTGCGA_010,38
GGATGACGATAATAAGCTGT_001,153
AATCCCAATTAAGCACACCG_001,101
AATCCCAATTAAGCACACCG_002,139
AATCCCAATTAAGCACACCG_003,104
AATCCCAATTAAGCACACCG_004,193
AATCCCAATTAAGCACACCG_005,106
TCTTGGGGTTCACCAAGTCG_001,197
CGGCAGCTGACTTCTTACGT_001,169
CGGCAGCTGACTTCTTACGT_002,12
ACACTCCAAATGCACAGCAC_001,151
ACACTCCAAATGCACAGCAC_002,48
ACACTCCAAATGCACAGCAC_003,1
ACACTCCAAATGCACAGCAC_004,2
ACACTCCAAATGCACAGCAC_005,181
ACACTCCAAATGCACAGCAC_006,157
ACACTCCAAATGCACAGCAC_007,112
ACACTCCAAATGCACAGCAC_008,94
ACACTCCAAATGCACAGCAC_009,65
ACACTCCAAATGCACAGCAC_010,71
ACACTCCAAATGCACAGCAC_011,165
ACACTCCAAATGCACAGCAC_012,152
ACACTCCAAATGCACAGCAC_013,50
GGAAGAAAGTAACCGTCACT_001,150
GGAAGAAAGTAACCGTCACT_002,149
GGAAGAAAGTAACCGTCACT_003,78
GTAGCTGCAATACAAATGGT_001,190
GTAGCTGCAATACAAATGGT_002,12
GTAGCTGCAATACAAATGGT_003,70
GTAGCTGCAATACAAATGGT_004,44
GTAGCTGCAATACAAATGGT_005,114
GTAGCTGCAATACAAATGGT_006,33
CCATATGATACCAAAAGTCC_001,150
CCATATGATACCAAAAGTCC_002,182
ATCAGGAGAAAGACGACTCG_001,68
ATCAGGAGAAAGACGACTCG_002,103
ATCAGGAGAAAGACGACTCG_003,1
ATCAGGAGAAAGACGACTCG_004,107
ATCAGGAGAAAGACGACTCG_005,126
ATCAGGAGAAAGACGACTCG_006,79
ATCAGGAGAAAGACGACTCG_007,13
ATCAGGAGAAAGACGACTCG_008,115
ATCAGGAGAAAGACGACTCG_009,172
ATCAGGAGAAAGACGACTCG_010,97
ATCAGGAGAAAGACGACTCG_011,49
ATCAGGAGAAAGACGACTCG_012,193
ATCAGGAGAAAGACGACTCG_013,127
CCTTATGCAAATCAGCTGGT_001,76
CCTTATGCAAATCAGCTGGT_002,162
CCTTATGCAAATCAGCTGGT_003,176
CCTTATGCAAATCAGCTGGT_004,26
CCTTATGCAAATCAGCTGGT_005,175
CCTTATGCAAATCAGCTGGT_006,49
CCTTATGCAAATCAGCTGGT_007,19
CCTTATGCAAATCAGCTGGT_008,19
TGGTTCTGCCAGCAAACGCT_001,54
TGGTTCTGCCAGCAAACGCT_002,183
TGGTTCTGCCAGCAAACGCT_003,15
TGGTTCTGCCAGCAAACGCT_004,153
TGGTTCTGCCAGCAAACGCT_005,38
TAGTGGTGGAGACCCAAGAA_001,7
TAGTGGTGGAGACCCAAGAA_002,127
TAGTGGTGGAGACCCAAGAA_003,62
TAGTGGTGGAGACCCAAGAA_004,139
TAGTGGTGGAGACCCAAGAA_005,65
TAGTGGTGGAGACCCAAGAA_006,81
TAGTGGTGGAGACCCAAGAA_007,69
TAGTGGTGGAGACCCAAGAA_008,24
TAGTGGTGGAGACCCAAGAA_009,195
TAGTGGTGGAGACCCAAGAA_010,115
TAGTGGTGGAGACCCAAGAA_011,147
TAGTGGTGGAGACCCAAGAA_012,180
TAGTGGTGGAGACCCAAGAA_013,165
TAGTGGTGGAGACCCAAGAA_014,99
TTGGGTTCTGTAATACACGC_001,144
TTGGGTTCTGTAATACACGC_002,103
TTGGGTTCTGTAATACACGC_003,146
TTGGGTTCTGTAATACACGC_004,178
TTGGGTTCTGTAATACACGC_005,28
TTGGGTTCTGTAATACACGC_006,9
TTGGGTTCTGTAATACACGC_007,56
TTGGGTTCTGTAATACACGC_008,152
AGGTTATCCAGGTACCTCAA_001,114
AGGTTATCCAGGTACCTCAA_002,58
AGGTTATCCAGGTACCTCAA_003,81
AGGTTATCCAGGTACCTCAA_004,190
AGGTTATCCAGGTACCTCAA_005,147
AGGTTATCCAGGTACCTCAA_006,147
AGGTTATCCAGGTACCTCAA_007,144
AGGTTATCCAGGTACCTCAA_008,72
AGGTTATCCAGGTACCTCAA_009,127
AGGTTATCCAGGTACCTCAA_010,2
CCTGGGTCCTTCAAACACTT_001,132
CCTGGGTCCTTCAAACACTT_002,61
CCTGGGTCCTTCAAACACTT_003,184
CCTGGGTCCTTCAAACACTT_004,105
CCTGGGTCCTTCAAACACTT_005,102
CCTGGGTCCTTCAAACACTT_006,198
CCTGGGTCCTTCAAACACTT_007,40
CCTGGGTCCTTCAAACACTT_008,174
CCTGGGTCCTTCAAACACTT_009,18
CCTGGGTCCTTCAAACACTT_010,29
AACACCGTAGTCAGGGCACG_001,8
AACACCGTAGTCAGGGCACG_002,5
AACACCGTAGTCAGGGCACG_003,117
AACACCGTAGTCAGGGCACG_004,167
AACACCGTAGTCAGGGCACG_005,61
AACACCGTAGTCAGGGCACG_006,181
AACACCGTAGTCAGGGCACG_007,192
AACACCGTAGTCAGGGCACG_008,162
AACACCGTAGTCAGGGCACG_009,84
AACACCGTAGTCAGGGCACG_010,8
AACACCGTAGTCAGGGCACG_011,54
AACACCGTAGTCAGGGCACG_012,24
AACACCGTAGTCAGGGCACG_013,48
AACACCGTAGTCAGGGCACG_014,43
AACACCGTAGTCAGGGCACG_015,47
AACACCGTAGTCAGGGCACG_016,4
AACACCGTAGTCAGGGCACG_017,148
AACACCGTAGTCAGGGCACG_018,28
AACACCGTAGTCAGGGCACG_019,41
AACACCGTAGTCAGGGCACG_020,9
TGAGTGACCTGGAGGCACAG_001,150
TGAGTGACCTGGAGGCACAG_002,187
TGAGTGACCTGGAGGCACAG_003,126
TGAGTGACCTGGAGGCACAG_004,15
TGAGTGACCTGGAGGCACAG_005,17
TGAGTGACCTGGAGGCACAG_006,171
TGAGTGACCTGGAGGCACAG_007,58
TGAGTGACCTGGAGGCACAG_008,35
TGAGTGACCTGGAGGCACAG_009,82
TGAGTGACCTGGAGGCACAG_010,119
TGAGTGACCTGGAGGCACAG_011,2
TGAGTGACCTGGAGGCACAG_012,42
TGAGTGACCTGGAGGCACAG_013,115
TGAGTGACCTGGAGGCACAG_014,187
TGAGTGACCTGGAGGCACAG_015,140
TGAGTGACCTGGAGGCACAG_016,48
TGAGTGACCTGGAGGCACAG_017,77
TGAGTGACCTGGAGGCACAG_018,6
TGAGTGACCTGGAGGCACAG_019,4
TGAGTGACCTGGAGGCACAG_020,77
TGAGTGACCTGGAGGCACAG_021,175
TGAGTGACCTGGAGGCACAG_022,1
TGAGTGACCTGGAGGCACAG_023,20
TGAGTGACCTGGAGGCACAG_024,94
GCTCCTGGACATCATGACGG_001,67
GCTCCTGGACATCATGACGG_002,96
GCTCCTGGACATCATGACGG_003,88
GCTCCTGGACATCATGACGG_004,50
GCTCCTGGACATCATGACGG_005,16
GCTCCTGGACATCATGACGG_006,116
GCTCCTGGACATCATGACGG_007,157
GCTCCTGGACATCATGACGG_008,77
GCTCCTGGACATCATGACGG_009,187
GCTCCTGGACATCATGACGG_010,80
GCTCCTGGACATCATGACGG_011,115
GCTCCTGGACATCATGACGG_012,35
GCTCCTGGACATCATGACGG_013,61
AGGCAGCGTCCCGGTCAACA_001,77
AGGCAGCGTCCCGGTCAACA_002,112
AGGCAGCGTCCCGGTCAACA_003,185
AGGCAGCGTCCCGGTCAACA_004,147
AGGCAGCGTCCCGGTCAACA_005,35
CCTCCAGCACCGCTCCACCG_001,166
CCTCCAGCACCGCTCCACCG_002,62
CCTCCAGCACCGCTCCACCG_003,1
CCTCCAGCACCGCTCCACCG_004,162
CCTCCAGCACCGCTCCACCG_005,5
CCTCCAGCACCGCTCCACCG_006,21
CCTCCAGCACCGCTCCACCG_007,198
CCTCCAGCACCGCTCCACCG_008,103
CCTCCAGCACCGCTCCACCG_009,177
CCTCCAGCACCGCTCCACCG_010,190
CCTCCAGCACCGCTCCACCG_011,86
CCTCCAGCACCGCTCCACCG_012,26
CCTCCAGCACCGCTCCACCG_013,8
CCTCCAGCACCGCTCCACCG_014,154
CCTCCAGCACCGCTCCACCG_015,114
CCTCCAGCACCGCTCCACCG_016,187
CCTCCAGCACCGCTCCACCG_017,138
CCTCCAGCACCGCTCCACCG_018,131
GACACCGGCAAGGACCCCGT_001,181
GACACCGGCAAGGACCCCGT_002,80
GACACCGGCAAGGACCCCGT_003,143
GACACCGGCAAGGACCCCGT_004,69
TGAATTGATTGAGATCCAGT_001,49
TGAATTGATTGAGATCCAGT_002,179
TGAATTGATTGAGATCCAGT_003,149
TGAATTGATTGAGATCCAGT_004,183
TGAATTGATTGAGATCCAGT_005,1
TGAATTGATTGAGATCCAGT_006,31
TGAATTGATTGAGATCCAGT_007,170
TGAATTGATTGAGATCCAGT_008,14
TGAATTGATTGAGATCCAGT_009,168
TGAATTGATTGAGATCCAGT_010,163
TGAATTGATTGAGATCCAGT_011,52
AGTGGTTTCATGTCTTTGAA_001,17
AGTGGTTTCATGTCTTTGAA_002,162
AGTGGTTTCATGTCTTTGAA_003,105
AGTGGTTTCATGTCTTTGAA_004,35
AGTGGTTTCATGTCTTTGAA_005,124
CCGCAGTCCTTACGTAGGCG_001,125
GCTATCAGAAAAGAAGTCGT_001,163
GCTATCAGAAAAGAAGTCGT_002,97
GCTATCAGAAAAGAAGTCGT_003,148
GCTATCAGAAAAGAAGTCGT_004,12
GCTATCAGAAAAGAAGTCGT_005,168
GCTATCAGAAAAGAAGTCGT_006,181
GCTATCAGAAAAGAAGTCGT_007,149
GCTATCAGAAAAGAAGTCGT_008,165
GCTATCAGAAAAGAAGTCGT_009,15
GCTATCAGAAAAGAAGTCGT_010,94
GCTATCAGAAAAGAAGTCGT_011,15
GCTATCAGAAAAGAAGTCGT_012,190
GCTATCAGAAAAGAAGTCGT_013,8
GCTATCAGAAAAGAAGTCGT_014,115
GCTATCAGAAAAGAAGTCGT_015,84
GCTATCAGAAAAGAAGTCGT_016,41
GCTATCAGAAAAGAAGTCGT_017,176
GCTATCAGAAAAGAAGTCGT_018,178
GCTATCAGAAAAGAAGTCGT_019,90
GCTATCAGAAAAGAAGTCGT_020,58
GCTATCAGAAAAGAAGTCGT_021,94
GCTATCAGAAAAGAAGTCGT_022,62
GCTATCAGAAAAGAAGTCGT_023,149
GCTATCAGAAAAGAAGTCGT_024,163
GCGACACTACCAGCTGCTGT_001,23
GCGACACTACCAGCTGCTGT_002,155
GCGACACTACCAGCTGCTGT_003,191
GCGACACTACCAGCTGCTGT_004,80
GTAGGAGAGACCAAGCCGTG_001,94
GTAGGAGAGACCAAGCCGTG_002,17
GTAGGAGAGACCAAGCCGTG_003,138
GTAGGAGAGACCAAGCCGTG_004,182
GTAGGAGAGACCAAGCCGTG_005,3
GTAGGAGAGACCAAGCCGTG_006,70
GTAGGAGAGACCAAGCCGTG_007,112
GTAGGAGAGACCAAGCCGTG_008,147
GTAGGAGAGACCAAGCCGTG_009,172
GTAGGAGAGACCAAGCCGTG_010,10
GTAGGAGAGACCAAGCCGTG_011,75
GTAGGAGAGACCAAGCCGTG_012,103
GTAGGAGAGACCAAGCCGTG_013,2
GTAGGAGAGACCAAGCCGTG_014,16
GTAGGAGAGACCAAGCCGTG_015,148
GTAGGAGAGACCAAGCCGTG_016,62
GTAGGAGAGACCAAGCCGTG_017,160
GTAGGAGAGACCAAGCCGTG_018,75
GTAGGAGAGACCAAGCCGTG_019,37
GTAGGAGAGACCAAGCCGTG_020,17
GTAGGAGAGACCAAGCCGTG_021,145
GTAGGAGAGACCAAGCCGTG_022,0
GTAGGAGAGACCAAGCCGTG_023,158
GTAGGAGAGACCAAGCCGTG_024,130
GTAGGAGAGACCAAGCCGTG_025,189
GTAGGAGAGACCAAGCCGTG_026,40
GTAGGAGAGACCAAGCCGTG_027,9
GGAAGCGCAAGATCGTGACG_001,75
GGAAGCGCAAGATCGTGACG_002,42
GGAAGCGCAAGATCGTGACG_003,103
GGAAGCGCAAGATCGTGACG_004,177
GGAAGCGCAAGATCGTGACG_005,184
GGAAGCGCAAGATCGTGACG_006,35
GGAATGGCTAAATTGGTGAG_001,183
GGAATGGCTAAATTGGTGAG_002,22
GGAATGGCTAAATTGGTGAG_003,91
GGAATGGCTAAATTGGTGAG_004,10
GGAATGGCTAAATTGGTGAG_005,56
GGAATGGCTAAATTGGTGAG_006,197
GGAATGGCTAAATTGGTGAG_007,155
GGAATGGCTAAATTGGTGAG_008,10
GGAATGGCTAAATTGGTGAG_009,32
GGAATGGCTAAATTGGTGAG_010,105
GGAATGGCTAAATTGGTGAG_011,116
GGAATGGCTAAATTGGTGAG_012,36
GGAATGGCTAAATTGGTGAG_013,147
AAGTCGAAGAAACAGATACG_001,144
ATGGATTGAACGGAATACCC_001,161
GATGCGCAATACCAGTTCAC_001,43
CCCATCCTCAGAGAATACCT_001,166
CCCATCCTCAGAGAATACCT_002,34
AGGACGCCCAAGAGATATCG_001,78
AGGACGCCCAAGAGATATCG_002,11
AGGACGCCCAAGAGATATCG_003,36
AGGACGCCCAAGAGATATCG_004,13
AGGACGCCCAAGAGATATCG_005,159
AGGACGCCCAAGAGATATCG_006,9
AGGACGCCCAAGAGATATCG_007,137
AGGACGCCCAAGAGATATCG_008,75
AGGACGCCCAAGAGATATCG_009,160
AGGACGCCCAAGAGATATCG_010,177
AGGACGCCCAAGAGATATCG_011,3
AGGACGCCCAAGAGATATCG_012,103
AGGACGCCCAAGAGATATCG_013,103
AGGACGCCCAAGAGATATCG_014,105
AGGACGCCCAAGAGATATCG_015,50
AGGACGCCCAAGAGATATCG_016,155
AGGACGCCCAAGAGATATCG_017,177
AGGACGCCCAAGAGATATCG_018,103
AGGACGCCCAAGAGATATCG_019,77
AGGACGCCCAAGAGATATCG_020,84
AGGACGCCCAAGAGATATCG_021,72
AGGACGCCCAAGAGATATCG_022,41
AGGACGCCCAAGAGATATCG_023,146
AGGACGCCCAAGAGATATCG_024,101
CAAGACAACAGACAGTTCAG_001,137
CAAGACAACAGACAGTTCAG_002,0
CAAGACAACAGACAGTTCAG_003,151
CAAGACAACAGACAGTTCAG_004,144
CAAGACAACAGACAGTTCAG_005,34
CAAGACAACAGACAGTTCAG_006,166
CAAGACAACAGACAGTTCAG_007,174
AGGAAGGAAACATGGAACTC_001,41
AGGAAGGAAACATGGAACTC_002,84
AGGAAGGAAACATGGAACTC_003,65
AGGAAGGAAACATGGAACTC_004,55
AGGAAGGAAACATGGAACTC_005,4
GATGGTGAGGAAACCACCGT_001,157
GATGGTGAGGAAACCACCGT_002,65
GATGGTGAGGAAACCACCGT_003,94
GATGGTGAGGAAACCACCGT_004,77
GATGGTGAGGAAACCACCGT_005,150
GATGGTGAGGAAACCACCGT_006,1
GATGGTGAGGAAACCACCGT_007,161
GATGGTGAGGAAACCACCGT_008,75
GATGGTGAGGAAACCACCGT_009,192
GATGGTGAGGAAACCACCGT_010,117
GATGGTGAGGAAACCACCGT_011,113
GATGGTGAGGAAACCACCGT_012,146
GATGGTGAGGAAACCACCGT_013,184
GATGGTGAGGAAACCACCGT_014,57
GATGGTGAGGAAACCACCGT_015,170
GATGGTGAGGAAACCACCGT_016,37
GATGGTGAGGAAACCACCGT_017,113
GATGGTGAGGAAACCACCGT_018,14
GATGGTGAGGAAACCACCGT_019,122
GATGGTGAGGAAACCACCGT_020,23
GATGGTGAGGAAACCACCGT_021,102
GATGGTGAGGAAACCACCGT_022,134
GATGGTGAGGAAACCACCGT_023,11
GATGGTGAGGAAACCACCGT_024,35
GATGGTGAGGAAACCACCGT_025,149
GATGGTGAGGAAACCACCGT_026,16
GATGGTGAGGAAACCACCGT_027,13
GATGGTGAGGAAACCACCGT_028,57
GATGGTGAGGAAACCACCGT_029,199
GATGGTGAGGAAACCACCGT_030,76
GATGGTGAGGAAACCACCGT_031,31
GATGGTGAGGAAACCACCGT_032,152
GATGGTGAGGAAACCACCGT_033,149
GATGGTGAGGAAACCACCGT_034,37
GATGGTGAGGAAACCACCGT_035,3
GATGGTGAGGAAACCACCGT_036,191
GATGGTGAGGAAACCACCGT_037,3
GATGGTGAGGAAACCACCGT_038,191
GTACTATGGAATGGAATCGA_001,14
GTACTATGGAATGGAATCGA_002,104
GTACTATGGAATGGAATCGA_003,152
GTACTATGGAATGGAATCGA_004,177
CGGCGACCAATGTTTCAATG_001,49
CGGCGACCAATGTTTCAATG_002,58
CGGCGACCAATGTTTCAATG_003,158
CGGCGACCAATGTTTCAATG_004,107
CGGCGACCAATGTTTCAATG_005,148
CGGCGACCAATGTTTCAATG_006,198
CGGCGACCAATGTTTCAATG_007,61
CGGCGACCAATGTTTCAATG_008,168
GGCAACCTTGACATTCTCTG_001,178
GGCAACCTTGACATTCTCTG_002,16
GGCAACCTTGACATTCTCTG_003,55
GGCAACCTTGACATTCTCTG_004,157
GGCAACCTTGACATTCTCTG_005,130
GGCAACCTTGACATTCTCTG_006,69
GGCAACCTTGACATTCTCTG_007,0
GGCAACCTTGACATTCTCTG_008,148
GGCAACCTTGACATTCTCTG_009,44
TACAACCTGACCTTCCACGT_001,132
TACAACCTGACCTTCCACGT_002,157
TACAACCTGACCTTCCACGT_003,77
TACAACCTGACCTTCCACGT_004,77
TACAACCTGACCTTCCACGT_005,127
TACAACCTGACCTTCCACGT_006,81
TACAACCTGACCTTCCACGT_007,45
TACAACCTGACCTTCCACGT_008,10
TACAACCTGACCTTCCACGT_009,92
TACAACCTGACCTTCCACGT_010,114
TACAACCTGACCTTCCACGT_011,169
TACAACCTGACCTTCCACGT_012,0
TACAACCTGACCTTCCACGT_013,126
TACAACCTGACCTTCCACGT_014,35
TACAACCTGACCTTCCACGT_015,66
ACGAAGTAGATGCCACTGGT_001,118
ACGAAGTAGATGCCACTGGT_002,13
ACGAAGTAGATGCCACTGGT_003,50
ACGAAGTAGATGCCACTGGT_004,121
ACGAAGTAGATGCCACTGGT_005,196
ACGAAGTAGATGCCACTGGT_006,125
ATGACTGGAATATCCATGGG_001,190
TTTGAAGCATATTACCTCCG_001,176
TTTGAAGCATATTACCTCCG_002,66
ACCGTGCTGGCCATTCCACA_001,60
ACCGTGCTGGCCATTCCACA_002,166
ACCGTGCTGGCCATTCCACA_003,20
ACCGTGCTGGCCATTCCACA_004,38
ACCGTGCTGGCCATTCCACA_005,114
CCTTCAGAAGCAATGATGAC_001,53
CCTTCAGAAGCAATGATGAC_002,98
CCTTCAGAAGCAATGATGAC_003,83
CCTTCAGAAGCAATGATGAC_004,110
CCTTCAGAAGCAATGATGAC_005,180
CCTTCAGAAGCAATGATGAC_006,24
CCTTCAGAAGCAATGATGAC_007,81
CCTTCAGAAGCAATGATGAC_008,51
CCTTCAGAAGCAATGATGAC_009,1
CCTTCAGAAGCAATGATGAC_010,131
CCTTCAGAAGCAATGATGAC_011,40
TGGGCGGCATCATCCAAGAA_001,15
TGGGCGGCATCATCCAAGAA_002,75
TGGGCGGCATCATCCAAGAA_003,142
TGGGCGGCATCATCCAAGAA_004,94
TGGGCGGCATCATCCAAGAA_005,75
TGGGCGGCATCATCCAAGAA_006,48
TGGGCGGCATCATCCAAGAA_007,147
TGGGCGGCATCATCCAAGAA_008,139
TGGGCGGCATCATCCAAGAA_009,128
CCTGCACCAAGTTATCCACG_001,7
CCTGCACCAAGTTATCCACG_002,12
CCTGCACCAAGTTATCCACG_003,183
AATGTGACAGCATCTTCAAG_001,80
AATGTGACAGCATCTTCAAG_002,47
AATGTGACAGCATCTTCAAG_003,169
AGCTAGCCTCCTATGATATG_001,28
AGTCTGCAAAGTGTTAATCC_001,120
AGTCTGCAAAGTGTTAATCC_002,145
AGTCTGCAAAGTGTTAATCC_003,145
AGTCTGCAAAGTGTTAATCC_004,147
AGTCTGCAAAGTGTTAATCC_005,184
CTTCTCCATCTCCCCGAACG_001,29
CTTCTCCATCTCCCCGAACG_002,2
CTTCTCCATCTCCCCGAACG_003,137
TAGAGAAAATGGCTGGCGAA_001,170
TAGAGAAAATGGCTGGCGAA_002,160
TAGAGAAAATGGCTGGCGAA_003,38
TGAAGGCAATTGTGTCATCG_001,169
TGAAGGCAATTGTGTCATCG_002,64
TGAAGGCAATTGTGTCATCG_003,62
AAATGTCTTCCCAAACACCA_001,175
AAATGTCTTCCCAAACACCA_002,164
AAATGTCTTCCCAAACACCA_003,106
AAATGTCTTCCCAAACACCA_004,19
AAATGTCTTCCCAAACACCA_005,192
AAATGTCTTCCCAAACACCA_006,148
AAATGTCTTCCCAAACACCA_007,137
AAATGTCTTCCCAAACACCA_008,162
AAATGTCTTCCCAAACACCA_009,110
AAATGTCTTCCCAAACACCA_010,81
AAATGTCTTCCCAAACACCA_011,176
AAATGTCTTCCCAAACACCA_012,48
AAATGTCTTCCCAAACACCA_013,106
AAATGTCTTCCCAAACACCA_014,80
GGGCCCCCAGACCGTACTGG_001,137
GGGCCCCCAGACCGTACTGG_002,113
GGGCCCCCAGACCGTACTGG_003,113
GGGCCCCCAGACCGTACTGG_004,164
GGGCCCCCAGACCGTACTGG_005,50
GGGCCCCCAGACCGTACTGG_006,34
GGGCCCCCAGACCGTACTGG_007,96
GGGCCCCCAGACCGTACTGG_008,175
GGGCCCCCAGACCGTACTGG_009,62
GGGCCCCCAGACCGTACTGG_010,105
GGGCCCCCAGACCGTACTGG_011,80
CAGACAACAAGGTCCACATG_001,52
CAGACAACAAGGTCCACATG_002,40
CAGACAACAAGGTCCACATG_003,199
CAGACAACAAGGTCCACATG_004,146
GGTGACGCACATTATCATTG_001,183
GGTGACGCACATTATCATTG_002,156
GGTGACGCACATTATCATTG_003,40
GGTGACGCACATTATCATTG_004,133
TGTGCTGGCCCGAATTGATG_001,87
TGTGCTGGCCCGAATTGATG_002,78
TGTGCTGGCCCGAATTGATG_003,174
TGTGCTGGCCCGAATTGATG_004,124
TGTGCTGGCCCGAATTGATG_005,148
TGTGCTGGCCCGAATTGATG_006,9
GCTCGGGGTCGGCGTTGACG_001,98
GCTCGGGGTCGGCGTTGACG_002,98
GCTCGGGGTCGGCGTTGACG_003,58
GCTCGGGGTCGGCGTTGACG_004,136
GCTCGGGGTCGGCGTTGACG_005,63
GCTCGGGGTCGGCGTTGACG_006,130
GCTCGGGGTCGGCGTTGACG_007,130
GCTCGGGGTCGGCGTTGACG_008,60
AACTGGACATATCCCAACAG_001,9
AACTGGACATATCCCAACAG_002,188
AACTGGACATATCCCAACAG_003,116
AAAAAGATCCTCATATGGTC_001,105
AAAAAGATCCTCATATGGTC_002,25
AAAAAGATCCTCATATGGTC_003,8
AAAAAGATCCTCATATGGTC_004,150
AAAAAGATCCTCATATGGTC_005,127
AAAAAGATCCTCATATGGTC_006,183
AAAAAGATCCTCATATGGTC_007,92
GACGGCGATGACGTACTGCG_001,8
GACGGCGATGACGTACTGCG_002,96
GACGGCGATGACGTACTGCG_003,162
GACGGCGATGACGTACTGCG_004,169
GACGGCGATGACGTACTGCG_005,107
GAGCACAACGGACACATCAC_001,177
GAGCACAACGGACACATCAC_002,73
GAGCACAACGGACACATCAC_003,144
GAGCACAACGGACACATCAC_004,40
GAGCACAACGGACACATCAC_005,88
GAGCACAACGGACACATCAC_006,88
GAGCACAACGGACACATCAC_007,80
GAGCACAACGGACACATCAC_008,29
TCCTCCTTTAAGATCCGGGG_001,23
TCCTCCTTTAAGATCCGGGG_002,50
CGGGGCAGCTCGTTCCCGGG_001,4
CGGGGCAGCTCGTTCCCGGG_002,145
CGGGGCAGCTCGTTCCCGGG_003,62
CGGGGCAGCTCGTTCCCGGG_004,139
CGGGGCAGCTCGTTCCCGGG_005,71
CGGGGCAGCTCGTTCCCGGG_006,154
CGGGGCAGCTCGTTCCCGGG_007,45
CGGGGCAGCTCGTTCCCGGG_008,141
CGGGGCAGCTCGTTCCCGGG_009,119
CGGGGCAGCTCGTTCCCGGG_010,57
CGGGGCAGCTCGTTCCCGGG_011,6
CGGGGCAGCTCGTTCCCGGG_012,40
GCTATTGCAGACTTACCCGG_001,40
GCTATTGCAGACTTACCCGG_002,8
GCTATTGCAGACTTACCCGG_003,5
GCTATTGCAGACTTACCCGG_004,163
GCTATTGCAGACTTACCCGG_005,171
GCTATTGCAGACTTACCCGG_006,147
GCTATTGCAGACTTACCCGG_007,73
GCTATTGCAGACTTACCCGG_008,19
GCTATTGCAGACTTACCCGG_009,15
GCTATTGCAGACTTACCCGG_010,170
GCTATTGCAGACTTACCCGG_011,45
GCTATTGCAGACTTACCCGG_012,133
GCTATTGCAGACTTACCCGG_013,13
GCTATTGCAGACTTACCCGG_014,60
GCTATTGCAGACTTACCCGG_015,137
GCTATTGCAGACTTACCCGG_016,2
GCTATTGCAGACTTACCCGG_017,1
GCTATTGCAGACTTACCCGG_018,144
GCTATTGCAGACTTACCCGG_019,1
GCTATTGCAGACTTACCCGG_020,161
GCTATTGCAGACTTACCCGG_021,95
GCTATTGCAGACTTACCCGG_022,149
GCTATTGCAGACTTACCCGG_023,156
GCTATTGCAGACTTACCCGG_024,19
GCTATTGCAGACTTACCCGG_025,129
GCTATTGCAGACTTACCCGG_026,83
GCTATTGCAGACTTACCCGG_027,192
GCTATTGCAGACTTACCCGG_028,2
GCTATTGCAGACTTACCCGG_029,35
GCTATTGCAGACTTACCCGG_030,142
GCTATTGCAGACTTACCCGG_031,180
AAAAAATGTCTGCCCCACCA_001,17
TCATGCGGGCGTAGTCAATG_001,116
TCATGCGGGCGTAGTCAATG_002,152
TCATGCGGGCGTAGTCAATG_003,50
TCATGCGGGCGTAGTCAATG_004,9
TCATGCGGGCGTAGTCAATG_005,96
TCATGCGGGCGTAGTCAATG_006,1
TCATGCGGGCGTAGTCAATG_007,106
TCATGCGGGCGTAGTCAATG_008,157
TCATGCGGGCGTAGTCAATG_009,157
TCATGCGGGCGTAGTCAATG_010,99
TCATGCGGGCGTAGTCAATG_011,3
AAACCCTATGCCCAAATGAG_001,118
AAACCCTATGCCCAAATGAG_002,176
AAACCCTATGCCCAAATGAG_003,193
AAACCCTATGCCCAAATGAG_004,8
AAACCCTATGCCCAAATGAG_005,36
AAACCCTATGCCCAAATGAG_006,112
AAACCCTATGCCCAAATGAG_007,185
AAACCCTATGCCCAAATGAG_008,98
AAACCCTATGCCCAAATGAG_009,189
AAACCCTATGCCCAAATGAG_010,187
AAACCCTATGCCCAAATGAG_011,44
AAACCCTATGCCCAAATGAG_012,83
AAACCCTATGCCCAAATGAG_013,2
AAACCCTATGCCCAAATGAG_014,48
AAACCCTATGCCCAAATGAG_015,170
AAACCCTATGCCCAAATGAG_016,27
AAACCCTATGCCCAAATGAG_017,162
AAACCCTATGCCCAAATGAG_018,129
AAACCCTATGCCCAAATGAG_019,29
AAACCCTATGCCCAAATGAG_020,6
AAACCCTATGCCCAAATGAG_021,61
AAACCCTATGCCCAAATGAG_022,30
TCGCAGTTATAGCGACCGCG_001,198
TCGCAGTTATAGCGACCGCG_002,77
TCGCAGTTATAGCGACCGCG_003,130
TCGCAGTTATAGCGACCGCG_004,18
TCGCAGTTATAGCGACCGCG_005,150
TGGTACTTCAGAGACAAGCA_001,45
TGGTACTTCAGAGACAAGCA_002,72
TGGTACTTCAGAGACAAGCA_003,34
AAGGTCAAAGACAGCAGCGT_001,76
AAGGTCAAAGACAGCAGCGT_002,120
AAGGTCAAAGACAGCAGCGT_003,77
AAGGTCAAAGACAGCAGCGT_004,30
AAGGTCAAAGACAGCAGCGT_005,170
AAGGTCAAAGACAGCAGCGT_006,89
AAGGTCAAAGACAGCAGCGT_007,161
AAGGTCAAAGACAGCAGCGT_008,148
AAGGTCAAAGACAGCAGCGT_009,57
AAGGTCAAAGACAGCAGCGT_010,197
AAGGTCAAAGACAGCAGCGT_011,82
AAGGTCAAAGACAGCAGCGT_012,66
AAGGTCAAAGACAGCAGCGT_013,137
GAGATGCCATGTGCTGCCCT_001,127
GAGATGCCATGTGCTGCCCT_002,163
GAGATGCCATGTGCTGCCCT_003,173
GAGATGCCATGTGCTGCCCT_004,69
GAGATGCCATGTGCTGCCCT_005,107
GAGATGCCATGTGCTGCCCT_006,39
CTAAGAAAGACAAGTTACAA_001,54
CTAAGAAAGACAAGTTACAA_002,162
CTAAGAAAGACAAGTTACAA_003,72
CTAAGAAAGACAAGTTACAA_004,40
CTAAGAAAGACAAGTTACAA_005,63
CTAAGAAAGACAAGTTACAA_006,156
CTAAGAAAGACAAGTTACAA_007,134
CTAAGAAAGACAAGTTACAA_008,161
CTAAGAAAGACAAGTTACAA_009,47
CTAAGAAAGACAAGTTACAA_010,29
CTAAGAAAGACAAGTTACAA_011,150
CTAAGAAAGACAAGTTACAA_012,121
CTGGAAGCGGGCGAGGACGT_001,157
CTGGAAGCGGGCGAGGACGT_002,3
CTGGAAGCGGGCGAGGACGT_003,157
CTGGAAGCGGGCGAGGACGT_004,76
CTGGAAGCGGGCGAGGACGT_005,144
TGGAGTTGCCAGATGACTGG_001,21
TGGAGTTGCCAGATGACTGG_002,125
TGGAGTTGCCAGATGACTGG_003,99
TGGAGTTGCCAGATGACTGG_004,192
TGGAGTTGCCAGATGACTGG_005,25
TGGAGTTGCCAGATGACTGG_006,38
TGGAGTTGCCAGATGACTGG_007,20
TGGAGTTGCCAGATGACTGG_008,49
AAGATCCCAACAAGATACAC_001,137
AAGATCCCAACAAGATACAC_002,85
AAGATCCCAACAAGATACAC_003,94
CCTCGGTGGCCTTCTCGGTG_001,197
CCTCGGTGGCCTTCTCGGTG_002,85
CCTCGGTGGCCTTCTCGGTG_003,85
CCTCGGTGGCCTTCTCGGTG_004,29
CCTCGGTGGCCTTCTCGGTG_005,113
CCTCGGTGGCCTTCTCGGTG_006,162
CCTCGGTGGCCTTCTCGGTG_007,119
CATGGTTCTATAGAGCACTG_001,172
CATGGTTCTATAGAGCACTG_002,32
CATGGTTCTATAGAGCACTG_003,137
CATGGTTCTATAGAGCACTG_004,115
CATGGTTCTATAGAGCACTG_005,133
CATGGTTCTATAGAGCACTG_006,124
CATGGTTCTATAGAGCACTG_007,148
CATGGTTCTATAGAGCACTG_008,165
CATGGTTCTATAGAGCACTG_009,81
CATGGTTCTATAGAGCACTG_010,151
CATGGTTCTATAGAGCACTG_011,101
CTGGTACAGACCATAGCTCG_001,50
CTGGTACAGACCATAGCTCG_002,160
CTGGTACAGACCATAGCTCG_003,82
CTGGTACAGACCATAGCTCG_004,88
CTGGTACAGACCATAGCTCG_005,159
CTGGTACAGACCATAGCTCG_006,15
CTGGTACAGACCATAGCTCG_007,104
CTGGTACAGACCATAGCTCG_008,94
GTTTCAAGCCTGAATCTCAG_001,91
TCACTGTAAAACTCCCCCTG_001,78
TCACTGTAAAACTCCCCCTG_002,155
TCACTGTAAAACTCCCCCTG_003,115
TCACTGTAAAACTCCCCCTG_004,94
TCACTGTAAAACTCCCCCTG_005,184
TCACTGTAAAACTCCCCCTG_006,184
TCACTGTAAAACTCCCCCTG_007,21
TCACTGTAAAACTCCCCCTG_008,157
TCACTGTAAAACTCCCCCTG_009,42
TCACTGTAAAACTCCCCCTG_010,112
TCACTGTAAAACTCCCCCTG_011,44
TCACTGTAAAACTCCCCCTG_012,9
TCACTGTAAAACTCCCCCTG_013,62
TCACTGTAAAACTCCCCCTG_014,122
TCACTGTAAAACTCCCCCTG_015,136
TCACTGTAAAACTCCCCCTG_016,84
TCACTGTAAAACTCCCCCTG_017,50
TCACTGTAAAACTCCCCCTG_018,2
TCACTGTAAAACTCCCCCTG_019,183
TCACTGTAAAACTCCCCCTG_020,144
TCACTGTAAAACTCCCCCTG_021,121
TCACTGTAAAACTCCCCCTG_022,113
TCACTGTAAAACTCCCCCTG_023,27
TCACTGTAAAACTCCCCCTG_024,162
TCACTGTAAAACTCCCCCTG_025,82
TCACTGTAAAACTCCCCCTG_026,63
TCACTGTAAAACTCCCCCTG_027,106
TCACTGTAAAACTCCCCCTG_028,182
TCACTGTAAAACTCCCCCTG_029,121
TCACTGTAAAACTCCCCCTG_030,65
TGGGCACGTTGACCGGCCGG_001,24
TGGGCACGTTGACCGGCCGG_002,116
TGGGCACGTTGACCGGCCGG_003,137
TGGGCACGTTGACCGGCCGG_004,149
TGGGCACGTTGACCGGCCGG_005,119
TGGGCACGTTGACCGGCCGG_006,177
TGGGCACGTTGACCGGCCGG_007,92
TGGGCACGTTGACCGGCCGG_008,105
TGGGCACGTTGACCGGCCGG_009,134
GCGTGGCCTATGCAAGAAAG_001,196
GCGTGGCCTATGCAAGAAAG_002,52
GCGTGGCCTATGCAAGAAAG_003,72
GCGTGGCCTATGCAAGAAAG_004,11
GCGTGGCCTATGCAAGAAAG_005,156
GCGTGGCCTATGCAAGAAAG_006,129
GCGTGGCCTATGCAAGAAAG_007,34
GCGTGGCCTATGCAAGAAAG_008,147
GCGTGGCCTATGCAAGAAAG_009,155
GCGTGGCCTATGCAAGAAAG_010,171
GCGTGGCCTATGCAAGAAAG_011,199
GCGTGGCCTATGCAAGAAAG_012,26
GCGTGGCCTATGCAAGAAAG_013,19
GCGTGGCCTATGCAAGAAAG_014,6
GCTCACGGCTGAGATTCGAC_001,116
GCTCACGGCTGAGATTCGAC_002,194
GCTCACGGCTGAGATTCGAC_003,6
GCTCACGGCTGAGATTCGAC_004,15
GCTCACGGCTGAGATTCGAC_005,15
GCTCACGGCTGAGATTCGAC_006,94
GCTCACGGCTGAGATTCGAC_007,117
GCTCACGGCTGAGATTCGAC_008,11
GGGGCTTGCCAAGACAGGAG_001,150
GGGGCTTGCCAAGACAGGAG_002,199
GGGGCTTGCCAAGACAGGAG_003,24
GGGGCTTGCCAAGACAGGAG_004,116
GGGGCTTGCCAAGACAGGAG_005,138
GGGGCTTGCCAAGACAGGAG_006,56
GGGGCTTGCCAAGACAGGAG_007,48
GGGGCTTGCCAAGACAGGAG_008,197
GGGGCTTGCCAAGACAGGAG_009,108
GGGGCTTGCCAAGACAGGAG_010,175
GGGGCTTGCCAAGACAGGAG_011,190
GGGGCTTGCCAAGACAGGAG_012,104
GGGGCTTGCCAAGACAGGAG_013,105
GGGGCTTGCCAAGACAGGAG_014,183
GGGGCTTGCCAAGACAGGAG_015,70
GGGGCTTGCCAAGACAGGAG_016,58
GGGGCTTGCCAAGACAGGAG_017,88
GGGGCTTGCCAAGACAGGAG_018,37
CATAACAGTTACTGCATCAA_001,93
CATAACAGTTACTGCATCAA_002,76
CATAACAGTTACTGCATCAA_003,98
CATAACAGTTACTGCATCAA_004,144
CATAACAGTTACTGCATCAA_005,38
CATAACAGTTACTGCATCAA_006,150
CAGGAGATGACGCAATGGAC_001,106
CAGGAGATGACGCAATGGAC_002,64
CAGGAGATGACGCAATGGAC_003,77
CAGGAGATGACGCAATGGAC_004,49
CAGGAGATGACGCAATGGAC_005,173
CAGGAGATGACGCAATGGAC_006,17
CAGGAGATGACGCAATGGAC_007,34
CAGGAGATGACGCAATGGAC_008,156
CAGGAGATGACGCAATGGAC_009,62
CAGGAGATGACGCAATGGAC_010,127
CAGGAGATGACGCAATGGAC_011,147
CAGGAGATGACGCAATGGAC_012,60
CAGGAGATGACGCAATGGAC_013,70
CAGGAGATGACGCAATGGAC_014,159
CAGGAGATGACGCAATGGAC_015,28
CAGGAGATGACGCAATGGAC_016,19
GAAACTGGCTAATGGTTCAT_001,43
GAAACTGGCTAATGGTTCAT_002,155
GAAACTGGCTAATGGTTCAT_003,147
GAAACTGGCTAATGGTTCAT_004,169
GAAACTGGCTAATGGTTCAT_005,108
GAAACTGGCTAATGGTTCAT_006,125
GAAACTGGCTAATGGTTCAT_007,137
TCGTGGCAGATCCTGCACAT_001,115
TCGTGGCAGATCCTGCACAT_002,53
TCGTGGCAGATCCTGCACAT_003,175
TCGTGGCAGATCCTGCACAT_004,181
TCGTGGCAGATCCTGCACAT_005,34
TCGTGGCAGATCCTGCACAT_006,43
TCGTGGCAGATCCTGCACAT_007,74
TCGTGGCAGATCCTGCACAT_008,145
TCGTGGCAGATCCTGCACAT_009,91
AGATGCCCTGATCGGTCACG_001,22
AGATGCCCTGATCGGTCACG_002,168
AGAAAACCAGGAGCTAGTAA_001,77
AGAAAACCAGGAGCTAGTAA_002,148
AGAAAACCAGGAGCTAGTAA_003,41
AGAAAACCAGGAGCTAGTAA_004,182
AGAAAACCAGGAGCTAGTAA_005,15
AGAAAACCAGGAGCTAGTAA_006,16
AGAAAACCAGGAGCTAGTAA_007,142
AGAAAACCAGGAGCTAGTAA_008,3
AGAAAACCAGGAGCTAGTAA_009,149
CGTAACCATAGGAAGAGTAC_001,183
CGTAACCATAGGAAGAGTAC_002,108
CGTAACCATAGGAAGAGTAC_003,191
CGTAACCATAGGAAGAGTAC_004,191
CGTAACCATAGGAAGAGTAC_005,6
TGAGGACTGGTATGGCTCTG_001,0
TGAGGACTGGTATGGCTCTG_002,115
TGAGGACTGGTATGGCTCTG_003,80
TGAGGACTGGTATGGCTCTG_004,178
TGAGGACTGGTATGGCTCTG_005,88
TGAGGACTGGTATGGCTCTG_006,60
TGAGGACTGGTATGGCTCTG_007,179
TGAGGACTGGTATGGCTCTG_008,101
TGAGGACTGGTATGGCTCTG_009,158
TGAGGACTGGTATGGCTCTG_010,53
TGAGGACTGGTATGGCTCTG_011,91
TGAGGACTGGTATGGCTCTG_012,137
AGAGCTTAACTACTTAGGGA_001,16
AGAGCTTAACTACTTAGGGA_002,156
AGAGCTTAACTACTTAGGGA_003,64
AGAGCTTAACTACTTAGGGA_004,31
AGAGCTTAACTACTTAGGGA_005,150
AGAGCTTAACTACTTAGGGA_006,74
AGAGCTTAACTACTTAGGGA_007,15
AGAGCTTAACTACTTAGGGA_008,128
AGAGCTTAACTACTTAGGGA_009,164
AGAGCTTAACTACTTAGGGA_010,164
AGAGCTTAACTACTTAGGGA_011,78
AGAGCTTAACTACTTAGGGA_012,108
GACAGTGGAGGTCCTAGACA_001,94
GACAGTGGAGGTCCTAGACA_002,33
GACAGTGGAGGTCCTAGACA_003,33
GACAGTGGAGGTCCTAGACA_004,37
AACTGGTAGCTGTTCAACAC_001,76
AACTGGTAGCTGTTCAACAC_002,78
AACTGGTAGCTGTTCAACAC_003,46
AACTGGTAGCTGTTCAACAC_004,98
AACTGGTAGCTGTTCAACAC_005,155
AACTGGTAGCTGTTCAACAC_006,181
AACTGGTAGCTGTTCAACAC_007,181
AACTGGTAGCTGTTCAACAC_008,115
AACTGGTAGCTGTTCAACAC_009,25
AACTGGTAGCTGTTCAACAC_010,127
AACTGGTAGCTGTTCAACAC_011,50
AACTGGTAGCTGTTCAACAC_012,95
AACTGGTAGCTGTTCAACAC_013,198
AACTGGTAGCTGTTCAACAC_014,28
CTGGTGTCTGAAGAACAGAG_001,148
CTGGTGTCTGAAGAACAGAG_002,80
CTGGTGTCTGAAGAACAGAG_003,64
CTGGTGTCTGAAGAACAGAG_004,34
CTGGTGTCTGAAGAACAGAG_005,127
CTGGTGTCTGAAGAACAGAG_006,40
CTGGTGTCTGAAGAACAGAG_007,188
CTGGTGTCTGAAGAACAGAG_008,8
CTGGTGTCTGAAGAACAGAG_009,40
CTGGTGTCTGAAGAACAGAG_010,116
AGGTACCCACCTTATCCCAG_001,146
AGGTACCCACCTTATCCCAG_002,30
AGGTACCCACCTTATCCCAG_003,73
AGGTACCCACCTTATCCCAG_004,88
AGGTACCCACCTTATCCCAG_005,13
AGGTACCCACCTTATCCCAG_006,82
AGGTACCCACCTTATCCCAG_007,160
AGGTACCCACCTTATCCCAG_008,145
AGGTACCCACCTTATCCCAG_009,21
AGGTACCCACCTTATCCCAG_010,148
AGGTACCCACCTTATCCCAG_011,18
AGGTACCCACCTTATCCCAG_012,101
AGGTACCCACCTTATCCCAG_013,81
AGGTACCCACCTTATCCCAG_014,198
AGGTACCCACCTTATCCCAG_015,81
AGGTACCCACCTTATCCCAG_016,54
AGGTACCCACCTTATCCCAG_017,104
AGGTACCCACCTTATCCCAG_018,184
AGGTACCCACCTTATCCCAG_019,172
AGGTACCCACCTTATCCCAG_020,19
AGGTACCCACCTTATCCCAG_021,48
AGGTACCCACCTTATCCCAG_022,18
AGGTACCCACCTTATCCCAG_023,16
AGGTACCCACCTTATCCCAG_024,134
AGGTACCCACCTTATCCCAG_025,43
AGGTACCCACCTTATCCCAG_026,135
TATCACGATACCATGAGTCT_001,4
TATCACGATACCATGAGTCT_002,55
TATCACGATACCATGAGTCT_003,45
TATCACGATACCATGAGTCT_004,60
TATCACGATACCATGAGTCT_005,50
TATCACGATACCATGAGTCT_006,177
TATCACGATACCATGAGTCT_007,66
TATCACGATACCATGAGTCT_008,111
TATCACGATACCATGAGTCT_009,34
TATCACGATACCATGAGTCT_010,160
TATCACGATACCATGAGTCT_011,91
AGAAGAAGGAGTACGTGATG_001,58
AGAAGAAGGAGTACGTGATG_002,174
AGAAGAAGGAGTACGTGATG_003,60
AGAAGAAGGAGTACGTGATG_004,96
AGAAGAAGGAGTACGTGATG_005,19
AGAAGAAGGAGTACGTGATG_006,149
AGAAGAAGGAGTACGTGATG_007,183
AGAAGAAGGAGTACGTGATG_008,50
AGAAGAAGGAGTACGTGATG_009,134
AGATCTCGATGAGATCCACC_001,24
AGATCTCGATGAGATCCACC_002,60
AGATCTCGATGAGATCCACC_003,163
AGATCTCGATGAGATCCACC_004,163
AGATCTCGATGAGATCCACC_005,130
AGATCTCGATGAGATCCACC_006,168
AGATCTCGATGAGATCCACC_007,105
AGATCTCGATGAGATCCACC_008,16
AGATCTCGATGAGATCCACC_009,29
ACTATGATCGGATTATTGAC_001,134
ACTATGATCGGATTATTGAC_002,73
CAGATCACATCATCCAACCA_001,144
CAGATCACATCATCCAACCA_002,181
CAGATCACATCATCCAACCA_003,94
CAGATCACATCATCCAACCA_004,179
CAGATCACATCATCCAACCA_005,19
GGCGTGGTACTTCATGAGGT_001,175
GGCGTGGTACTTCATGAGGT_002,49
GGCGTGGTACTTCATGAGGT_003,72
GGCGTGGTACTTCATGAGGT_004,49
GGCGTGGTACTTCATGAGGT_005,197
GGCGTGGTACTTCATGAGGT_006,174
GGCGTGGTACTTCATGAGGT_007,184
GGCGTGGTACTTCATGAGGT_008,105
GGCGTGGTACTTCATGAGGT_009,121
CATCTTGGGAGTAATAGCAG_001,124
CATCTTGGGAGTAATAGCAG_002,17
CATCTTGGGAGTAATAGCAG_003,40
CATCTTGGGAGTAATAGCAG_004,41
CATCTTGGGAGTAATAGCAG_005,30
CATCTTGGGAGTAATAGCAG_006,43
TGCGTGCCTGAACCTCACAA_001,28
TGCGTGCCTGAACCTCACAA_002,110
TGCGTGCCTGAACCTCACAA_003,88
TGCGTGCCTGAACCTCACAA_004,121
TGCGTGCCTGAACCTCACAA_005,137
TGCGTGCCTGAACCTCACAA_006,75
TGCGTGCCTGAACCTCACAA_007,41
TGCGTGCCTGAACCTCACAA_008,56
TGCGTGCCTGAACCTCACAA_009,66
TGCGTGCCTGAACCTCACAA_010,121
CAAGAAAAGAGGCGACGGTG_001,4
CAAGAAAAGAGGCGACGGTG_002,77
CAAGAAAAGAGGCGACGGTG_003,182
CAAGAAAAGAGGCGACGGTG_004,127
CAAGAAAAGAGGCGACGGTG_005,16
CAAGAAAAGAGGCGACGGTG_006,197
CAAGAAAAGAGGCGACGGTG_007,24
CAAGAAAAGAGGCGACGGTG_008,19
CAAGAAAAGAGGCGACGGTG_009,171
CAAGAAAAGAGGCGACGGTG_010,28
CAAGAAAAGAGGCGACGGTG_011,191
CAAGAAAAGAGGCGACGGTG_012,138
CAAGAAAAGAGGCGACGGTG_013,49
CAAGAAAAGAGGCGACGGTG_014,152
CAAGAAAAGAGGCGACGGTG_015,166
CAAGAAAAGAGGCGACGGTG_016,62
CAAGAAAAGAGGCGACGGTG_017,130
CAAGAAAAGAGGCGACGGTG_018,49
CAAGAAAAGAGGCGACGGTG_019,34
CAAGAAAAGAGGCGACGGTG_020,147
CAAGAAAAGAGGCGACGGTG_021,50
CAAGAAAAGAGGCGACGGTG_022,177
CAAGAAAAGAGGCGACGGTG_023,174
CAAGAAAAGAGGCGACGGTG_024,158
CAAGAAAAGAGGCGACGGTG_025,191
CAAGAAAAGAGGCGACGGTG_026,63
CAAGAAAAGAGGCGACGGTG_027,165
GCGGGAAGGATACGGTCATA_001,106
GCGGGAAGGATACGGTCATA_002,172
GCGGGAAGGATACGGTCATA_003,145
GCGGGAAGGATACGGTCATA_004,20
GCGGGAAGGATACGGTCATA_005,177
GCGGGAAGGATACGGTCATA_006,31
GCGGGAAGGATACGGTCATA_007,46
GCGGGAAGGATACGGTCATA_008,17
GCGGGAAGGATACGGTCATA_009,107
GCGGGAAGGATACGGTCATA_010,38
GCGGGAAGGATACGGTCATA_011,197
GCGGGAAGGATACGGTCATA_012,59
CAAGAAAATCCTCAAGTGCA_001,104
CAAGAAAATCCTCAAGTGCA_002,100
CAAGAAAATCCTCAAGTGCA_003,97
TAATCCATAATCCGCTGACG_001,182
TAATCCATAATCCGCTGACG_002,97
GGGTATGACCTCCCTCAAGG_001,88
GGGTATGACCTCCCTCAAGG_002,42
GGGTATGACCTCCCTCAAGG_003,171
GGGTATGACCTCCCTCAAGG_004,1
GGGTATGACCTCCCTCAAGG_005,15
GGGTATGACCTCCCTCAAGG_006,198
GGGTATGACCTCCCTCAAGG_007,184
CTAGCCCATATGGTCGTGGT_001,40
GACACAACAAGGGCTACAAG_001,62
GACACAACAAGGGCTACAAG_002,132
GACACAACAAGGGCTACAAG_003,38
GACACAACAAGGGCTACAAG_004,16
GACACAACAAGGGCTACAAG_005,111
GACACAACAAGGGCTACAAG_006,105
GACACAACAAGGGCTACAAG_007,56
GACACAACAAGGGCTACAAG_008,0
GACACAACAAGGGCTACAAG_009,180
GACACAACAAGGGCTACAAG_010,147
GACACAACAAGGGCTACAAG_011,183
GACACAACAAGGGCTACAAG_012,130
CTTTATCATGCAATGCACAG_001,50
CTTTATCATGCAATGCACAG_002,43
CTTTATCATGCAATGCACAG_003,65
CTTTATCATGCAATGCACAG_004,12
CTTTATCATGCAATGCACAG_005,26
CTTTATCATGCAATGCACAG_006,52
CTTTATCATGCAATGCACAG_007,160
CTTTATCATGCAATGCACAG_008,88
AGAGCATCCTTTCAAGATCG_001,5
AGAGCATCCTTTCAAGATCG_002,159
AGAGCATCCTTTCAAGATCG_003,24
AGAGCATCCTTTCAAGATCG_004,153
AGAGCATCCTTTCAAGATCG_005,183
AGAGCATCCTTTCAAGATCG_006,163
AGAGCATCCTTTCAAGATCG_007,84
AGAGCATCCTTTCAAGATCG_008,92
AGAGCATCCTTTCAAGATCG_009,138
AGAGCATCCTTTCAAGATCG_010,162
AGAGCATCCTTTCAAGATCG_011,98
ACACACGCACCCGCAACTGG_001,62
ACACACGCACCCGCAACTGG_002,78
ACACACGCACCCGCAACTGG_003,58
ACACACGCACCCGCAACTGG_004,53
ACACACGCACCCGCAACTGG_005,34
ACACACGCACCCGCAACTGG_006,188
ACACACGCACCCGCAACTGG_007,169
ACACACGCACCCGCAACTGG_008,12
ACACACGCACCCGCAACTGG_009,155
ACACACGCACCCGCAACTGG_010,63
ACACACGCACCCGCAACTGG_011,138
ACACACGCACCCGCAACTGG_012,161
ACACACGCACCCGCAACTGG_013,86
CTGAGAGATGAGCCATCGGG_001,111
CTGAGAGATGAGCCATCGGG_002,2
CTGAGAGATGAGCCATCGGG_003,94
CTGAGAGATGAGCCATCGGG_004,46
CTGAGAGATGAGCCATCGGG_005,15
CTGAGAGATGAGCCATCGGG_006,191
CTGAGAGATGAGCCATCGGG_007,68
CTGAGAGATGAGCCATCGGG_008,82
CTGAGAGATGAGCCATCGGG_009,191
CTGAGAGATGAGCCATCGGG_010,3
CTGAGAGATGAGCCATCGGG_011,45
CTGAGAGATGAGCCATCGGG_012,45
CTGAGAGATGAGCCATCGGG_013,5
CTGAGAGATGAGCCATCGGG_014,47
CTGAGAGATGAGCCATCGGG_015,148
CTGAGAGATGAGCCATCGGG_016,18
CTGAGAGATGAGCCATCGGG_017,70
CTGAGAGATGAGCCATCGGG_018,69
CTGAGAGATGAGCCATCGGG_019,66
CTGAGAGATGAGCCATCGGG_020,39
CTGAGAGATGAGCCATCGGG_021,36
CTGAGAGATGAGCCATCGGG_022,113
CTGAGAGATGAGCCATCGGG_023,178
CTGAGAGATGAGCCATCGGG_024,182
ACAGCTTCTCTGAACAAACC_001,174
ACAGCTTCTCTGAACAAACC_002,118
ACAGCTTCTCTGAACAAACC_003,73
ACAGCTTCTCTGAACAAACC_004,42
GTGTCCGACTCGTTCAGCTG_001,101
GTGTCCGACTCGTTCAGCTG_002,53
GTGTCCGACTCGTTCAGCTG_003,35
GTGTCCGACTCGTTCAGCTG_004,48
GTGTCCGACTCGTTCAGCTG_005,102
GTGTCCGACTCGTTCAGCTG_006,146
GTGTCCGACTCGTTCAGCTG_007,134
GTGTCCGACTCGTTCAGCTG_008,88
GTGTCCGACTCGTTCAGCTG_009,68
GTGTCCGACTCGTTCAGCTG_010,193
GTGTCCGACTCGTTCAGCTG_011,27
GTGTCCGACTCGTTCAGCTG_012,121
GTGTCCGACTCGTTCAGCTG_013,38
GTGTCCGACTCGTTCAGCTG_014,32
GTGTCCGACTCGTTCAGCTG_015,101
GTGTCCGACTCGTTCAGCTG_016,150
GTGTCCGACTCGTTCAGCTG_017,105
GTGTCCGACTCGTTCAGCTG_018,157
GTGTCCGACTCGTTCAGCTG_019,144
GTGTCCGACTCGTTCAGCTG_020,83
GTGTCCGACTCGTTCAGCTG_021,115
GTGTCCGACTCGTTCAGCTG_022,12
GTGTCCGACTCGTTCAGCTG_023,169
GTGTCCGACTCGTTCAGCTG_024,46
GTGTCCGACTCGTTCAGCTG_025,84
GTGTCCGACTCGTTCAGCTG_026,110
GTGTCCGACTCGTTCAGCTG_027,73
GTGTCCGACTCGTTCAGCTG_028,149
GTGTCCGACTCGTTCAGCTG_029,107
GTGTCCGACTCGTTCAGCTG_030,8
GTGTCCGACTCGTTCAGCTG_031,137
GTGTCCGACTCGTTCAGCTG_032,43
GTGTCCGACTCGTTCAGCTG_033,88
GTGTCCGACTCGTTCAGCTG_034,148
GTGTCCGACTCGTTCAGCTG_035,137
GTGTCCGACTCGTTCAGCTG_036,192
GTGTCCGACTCGTTCAGCTG_037,59
GTGTCCGACTCGTTCAGCTG_038,101
GTGTCCGACTCGTTCAGCTG_039,38
GTGTCCGACTCGTTCAGCTG_040,50
GTGTCCGACTCGTTCAGCTG_041,34
CGACAACTAAGGAGTTAAGG_001,12
CGACAACTAAGGAGTTAAGG_002,94
CGACAACTAAGGAGTTAAGG_003,76
CGACAACTAAGGAGTTAAGG_004,197
CGACAACTAAGGAGTTAAGG_005,126
CGACAACTAAGGAGTTAAGG_006,62
TGGGCGGACCCCAGGAGACA_001,16
TGGGCGGACCCCAGGAGACA_002,48
TGGGCGGACCCCAGGAGACA_003,41
TGGGCGGACCCCAGGAGACA_004,108
TGGGCGGACCCCAGGAGACA_005,60
TGGGCGGACCCCAGGAGACA_006,127
TGGGCGGACCCCAGGAGACA_007,50
TGGGCGGACCCCAGGAGACA_008,1
TGGGCGGACCCCAGGAGACA_009,48
TGGGCGGACCCCAGGAGACA_010,56
TGGGCGGACCCCAGGAGACA_011,43
TGGGCGGACCCCAGGAGACA_012,121
CCAGGCCGTGCCTCTCCCAG_001,88
CCAGGCCGTGCCTCTCCCAG_002,130
CCAGGCCGTGCCTCTCCCAG_003,125
CCAGGCCGTGCCTCTCCCAG_004,103
CCAGGCCGTGCCTCTCCCAG_005,36
CCAGGCCGTGCCTCTCCCAG_006,76
CCAGGCCGTGCCTCTCCCAG_007,146
CCAGGCCGTGCCTCTCCCAG_008,94
CCAGGCCGTGCCTCTCCCAG_009,174
CCAGGCCGTGCCTCTCCCAG_010,172
CCAGGCCGTGCCTCTCCCAG_011,102
CCCCGAAGCAGGTTACCCTG_001,70
CCCCGAAGCAGGTTACCCTG_002,15
CCCCGAAGCAGGTTACCCTG_003,196
CCCCGAAGCAGGTTACCCTG_004,54
CCCCGAAGCAGGTTACCCTG_005,97
CCCCGAAGCAGGTTACCCTG_006,159
CCCCGAAGCAGGTTACCCTG_007,15
CCCCGAAGCAGGTTACCCTG_008,123
CCCCGAAGCAGGTTACCCTG_009,189
CCCCGAAGCAGGTTACCCTG_010,158
CCCCGAAGCAGGTTACCCTG_011,146
CCCCGAAGCAGGTTACCCTG_012,22
CCCCGAAGCAGGTTACCCTG_013,148
CCCCGAAGCAGGTTACCCTG_014,147
CCCCGAAGCAGGTTACCCTG_015,120
CCCCGAAGCAGGTTACCCTG_016,197
CCCCGAAGCAGGTTACCCTG_017,27
CCCCGAAGCAGGTTACCCTG_018,198
CCCCGAAGCAGGTTACCCTG_019,128
CCCCGAAGCAGGTTACCCTG_020,97
ACTGTCATTTCCATACCTTG_001,3
ACTGTCATTTCCATACCTTG_002,76
ACTGTCATTTCCATACCTTG_003,29
ACTGTCATTTCCATACCTTG_004,188
ACTGTCATTTCCATACCTTG_005,77
ACTGTCATTTCCATACCTTG_006,180
CTCCATCACCAAGACCACAA_001,94
CTCCATCACCAAGACCACAA_002,169
CTCCATCACCAAGACCACAA_003,60
CTCCATCACCAAGACCACAA_004,129
CTCCATCACCAAGACCACAA_005,119
CTCCATCACCAAGACCACAA_006,181
CTCCATCACCAAGACCACAA_007,137
CTCCATCACCAAGACCACAA_008,137
CTCCATCACCAAGACCACAA_009,185
CTCCATCACCAAGACCACAA_010,199
CTCCATCACCAAGACCACAA_011,159
CTCCATCACCAAGACCACAA_012,6
CTCCATCACCAAGACCACAA_013,2
CTCCATCACCAAGACCACAA_014,178
CTCCATCACCAAGACCACAA_015,52
CAGCTGCTGAAGTCACGCAC_001,151
CAGCTGCTGAAGTCACGCAC_002,157
CAGCTGCTGAAGTCACGCAC_003,137
CAGCTGCTGAAGTCACGCAC_004,17
CAGCTGCTGAAGTCACGCAC_005,158
CAGCTGCTGAAGTCACGCAC_006,58
CAGCTGCTGAAGTCACGCAC_007,27
CAGCTGCTGAAGTCACGCAC_008,43
CAGCTGCTGAAGTCACGCAC_009,160
CAGCTGCTGAAGTCACGCAC_010,64
CAGCTGCTGAAGTCACGCAC_011,161
CAGCTGCTGAAGTCACGCAC_012,132
CAGCTGCTGAAGTCACGCAC_013,147
GGTGAACTTCTCCCTAGCTG_001,18
GGTGAACTTCTCCCTAGCTG_002,177
CCTGGCGTCAGGACCATAGG_001,14
CCTGGCGTCAGGACCATAGG_002,69
CCTGGCGTCAGGACCATAGG_003,182
CCTGGCGTCAGGACCATAGG_004,172
GAACGTGGATCGCGCTCGAG_001,178
GAACGTGGATCGCGCTCGAG_002,80
GAACGTGGATCGCGCTCGAG_003,95
GAACGTGGATCGCGCTCGAG_004,81
GAACGTGGATCGCGCTCGAG_005,115
GAACGTGGATCGCGCTCGAG_006,121
GAACGTGGATCGCGCTCGAG_007,27
GAACGTGGATCGCGCTCGAG_008,162
GAACGTGGATCGCGCTCGAG_009,130
GAACGTGGATCGCGCTCGAG_010,64
GAACGTGGATCGCGCTCGAG_011,18
GAACGTGGATCGCGCTCGAG_012,114
GAACGTGGATCGCGCTCGAG_013,124
GAACGTGGATCGCGCTCGAG_014,124
GAACGTGGATCGCGCTCGAG_015,61
GAACGTGGATCGCGCTCGAG_016,13
GAACGTGGATCGCGCTCGAG_017,163
GAACGTGGATCGCGCTCGAG_018,129
GAACGTGGATCGCGCTCGAG_019,149
GAACGTGGATCGCGCTCGAG_020,166
GAACGTGGATCGCGCTCGAG_021,30
GAACGTGGATCGCGCTCGAG_022,152
GAACGTGGATCGCGCTCGAG_023,147
AAGGCCAGTACATTGCAGCT_001,183
AAGGCCAGTACATTGCAGCT_002,180
AAGGCCAGTACATTGCAGCT_003,110
AAGGCCAGTACATTGCAGCT_004,70
AAGGCCAGTACATTGCAGCT_005,116
AAGGCCAGTACATTGCAGCT_006,191
AAGGCCAGTACATTGCAGCT_007,60
AAGCTGAGGTAATTCCCCGG_001,130
AAGCTGAGGTAATTCCCCGG_002,1
AAGCTGAGGTAATTCCCCGG_003,54
AAGCTGAGGTAATTCCCCGG_004,7
AAGCTGAGGTAATTCCCCGG_005,57
AAGCTGAGGTAATTCCCCGG_006,147
AAGCTGAGGTAATTCCCCGG_007,107
AAGCTGAGGTAATTCCCCGG_008,96
AAGCTGAGGTAATTCCCCGG_009,28
AAGCTGAGGTAATTCCCCGG_010,198
CCCATCGTTATCATGTCAGT_001,172
CCCATCGTTATCATGTCAGT_002,10
GGAGGTCATATTGATGTGCT_001,121
GGAGGTCATATTGATGTGCT_002,29
CCCTGTAGCACTGAGCAAGG_001,159
CCCTGTAGCACTGAGCAAGG_002,154
CCCTGTAGCACTGAGCAAGG_003,149
CCCTGTAGCACTGAGCAAGG_004,195
CCCTGTAGCACTGAGCAAGG_005,36
CCCTGTAGCACTGAGCAAGG_006,122
CCCTGTAGCACTGAGCAAGG_007,147
CCCTGTAGCACTGAGCAAGG_008,76
CCCTGTAGCACTGAGCAAGG_009,97
CCCTGTAGCACTGAGCAAGG_010,12
CCCTGTAGCACTGAGCAAGG_011,83
CCCTGTAGCACTGAGCAAGG_012,125
CCCTGTAGCACTGAGCAAGG_013,77
CCCTGTAGCACTGAGCAAGG_014,27
CCCTGTAGCACTGAGCAAGG_015,161
CCCTGTAGCACTGAGCAAGG_016,19
CCCTGTAGCACTGAGCAAGG_017,168
CCCTGTAGCACTGAGCAAGG_018,180
CCCTGTAGCACTGAGCAAGG_019,35
CCCTGTAGCACTGAGCAAGG_020,50
CCCTGTAGCACTGAGCAAGG_021,57
CCCTGTAGCACTGAGCAAGG_022,123
CCCTGTAGCACTGAGCAAGG_023,46
CCCTGTAGCACTGAGCAAGG_024,88
AGTATCAATTCCGACATCGA_001,175
AGTATCAATTCCGACATCGA_002,133
AGTATCAATTCCGACATCGA_003,81
AGTATCAATTCCGACATCGA_004,70
CAAGAACAACATTCACGCAA_001,94
CAAGAACAACATTCACGCAA_002,30
TGTGTACCCAGGTGCCCTAG_001,140
TGTGTACCCAGGTGCCCTAG_002,165
AATACATTCAGGTTGGGGAA_001,48
AATACATTCAGGTTGGGGAA_002,6
AATACATTCAGGTTGGGGAA_003,82
AATACATTCAGGTTGGGGAA_004,178
AATACATTCAGGTTGGGGAA_005,50
AATACATTCAGGTTGGGGAA_006,178
AATACATTCAGGTTGGGGAA_007,48
AATACATTCAGGTTGGGGAA_008,136
AATACATTCAGGTTGGGGAA_009,112
AATACATTCAGGTTGGGGAA_010,37
AGAGTCCGTGAAAGGTCCCG_001,196
AGAGTCCGTGAAAGGTCCCG_002,137
AGAGTCCGTGAAAGGTCCCG_003,8
AGAGTCCGTGAAAGGTCCCG_004,105
AGAGTCCGTGAAAGGTCCCG_005,136
AGAGTCCGTGAAAGGTCCCG_006,28
AGAGTCCGTGAAAGGTCCCG_007,127
AGAGTCCGTGAAAGGTCCCG_008,115
AGAGTCCGTGAAAGGTCCCG_009,50
AGAGTCCGTGAAAGGTCCCG_010,185
AGAGTCCGTGAAAGGTCCCG_011,94
AGAGTCCGTGAAAGGTCCCG_012,51
AGAGTCCGTGAAAGGTCCCG_013,45
AGAGTCCGTGAAAGGTCCCG_014,19
AGAGTCCGTGAAAGGTCCCG_015,127
AGAGTCCGTGAAAGGTCCCG_016,199
AGAGTCCGTGAAAGGTCCCG_017,68
AAGCCGTTTACACACAGGAA_001,118
AAGCCGTTTACACACAGGAA_002,150
AAGCCGTTTACACACAGGAA_003,61
AAGCCGTTTACACACAGGAA_004,158
AAGCCGTTTACACACAGGAA_005,174
AAGCCGTTTACACACAGGAA_006,98
AAGCCGTTTACACACAGGAA_007,64
AAGCCGTTTACACACAGGAA_008,177
AAGCCGTTTACACACAGGAA_009,13
AAGCCGTTTACACACAGGAA_010,3
AAGCCGTTTACACACAGGAA_011,89
AAGCCGTTTACACACAGGAA_012,69
AAGCCGTTTACACACAGGAA_013,78
CCTTGCTCGGAGTCGCAGCG_001,190
CCTTGCTCGGAGTCGCAGCG_002,43
CCTTGCTCGGAGTCGCAGCG_003,118
CCTTGCTCGGAGTCGCAGCG_004,81
CCTTGCTCGGAGTCGCAGCG_005,36
CCTTGCTCGGAGTCGCAGCG_006,6
CCTTGCTCGGAGTCGCAGCG_007,92
CCTTGCTCGGAGTCGCAGCG_008,188
CCTTGCTCGGAGTCGCAGCG_009,154
CCTTGCTCGGAGTCGCAGCG_010,150
CCTTGCTCGGAGTCGCAGCG_011,0
CCTTGCTCGGAGTCGCAGCG_012,73
CCTTGCTCGGAGTCGCAGCG_013,41
CCTTGCTCGGAGTCGCAGCG_014,185
CCTTGCTCGGAGTCGCAGCG_015,191
CCTTGCTCGGAGTCGCAGCG_016,83
CCTTGCTCGGAGTCGCAGCG_017,149
CCTTGCTCGGAGTCGCAGCG_018,44
CCTTGCTCGGAGTCGCAGCG_019,88
CCTTGCTCGGAGTCGCAGCG_020,95
CCTTGCTCGGAGTCGCAGCG_021,58
CCTTGCTCGGAGTCGCAGCG_022,166
CCTTGCTCGGAGTCGCAGCG_023,123
CCTTGCTCGGAGTCGCAGCG_024,148
CCTTGCTCGGAGTCGCAGCG_025,160
GAAGGCTGGCTAAATAACAG_001,58
GAAGGCTGGCTAAATAACAG_002,130
GAAGGCTGGCTAAATAACAG_003,29
ACTCATAAGAACTACTGCCT_001,12
ACTCATAAGAACTACTGCCT_002,32
ACTCATAAGAACTACTGCCT_003,168
ACTCATAAGAACTACTGCCT_004,144
ACTCATAAGAACTACTGCCT_005,138
ACTCATAAGAACTACTGCCT_006,162
ACTCATAAGAACTACTGCCT_007,174
ACTCATAAGAACTACTGCCT_008,154
ACTCATAAGAACTACTGCCT_009,193
ACTCATAAGAACTACTGCCT_010,15
ACTCATAAGAACTACTGCCT_011,7
ACTCATAAGAACTACTGCCT_012,199
ACTCATAAGAACTACTGCCT_013,119
ACTCATAAGAACTACTGCCT_014,119
ACTCATAAGAACTACTGCCT_015,1
TGTTTCAGCCGACCCCACTT_001,0
AAAGGTAAATGAAGGCTGAG_001,34
AAAGGTAAATGAAGGCTGAG_002,19
AAAGGTAAATGAAGGCTGAG_003,78
AAAGGTAAATGAAGGCTGAG_004,189
AAAGGTAAATGAAGGCTGAG_005,53
AAAGGTAAATGAAGGCTGAG_006,188
AAAGGTAAATGAAGGCTGAG_007,192
AAAGGTAAATGAAGGCTGAG_008,70
AAAGGTAAATGAAGGCTGAG_009,82
AAAGGTAAATGAAGGCTGAG_010,48
AAAGGTAAATGAAGGCTGAG_011,119
AAAGGTAAATGAAGGCTGAG_012,36
AAAGGTAAATGAAGGCTGAG_013,121
AAAGGTAAATGAAGGCTGAG_014,105
AAAGGTAAATGAAGGCTGAG_015,192
AAAGGTAAATGAAGGCTGAG_016,97
TCAGAGTTAATCGAGATACC_001,60
TCAGAGTTAATCGAGATACC_002,62
TCAGAGTTAATCGAGATACC_003,158
TCAGAGTTAATCGAGATACC_004,158
TCAGAGTTAATCGAGATACC_005,79
TCAGAGTTAATCGAGATACC_006,63
TCAGAGTTAATCGAGATACC_007,168
TCAGAGTTAATCGAGATACC_008,38
CGCGCAGCCTACTCCACAGG_001,88
CGCGCAGCCTACTCCACAGG_002,76
CGCGCAGCCTACTCCACAGG_003,191
CGCGCAGCCTACTCCACAGG_004,63
CGCGCAGCCTACTCCACAGG_005,88
CGCGCAGCCTACTCCACAGG_006,148
CGCGCAGCCTACTCCACAGG_007,174
CGCGCAGCCTACTCCACAGG_008,13
CGCGCAGCCTACTCCACAGG_009,114
GAGAATGTTTCATTGCACCG_001,102
GAGAATGTTTCATTGCACCG_002,169
GAGAATGTTTCATTGCACCG_003,119
GAGAATGTTTCATTGCACCG_004,60
GAGAATGTTTCATTGCACCG_005,149
GAGAATGTTTCATTGCACCG_006,183
CAGAATCCTTCAACTTGCAG_001,107
CAGAATCCTTCAACTTGCAG_002,82
CAGAATCCTTCAACTTGCAG_003,102
CAGAATCCTTCAACTTGCAG_004,105
CAGAATCCTTCAACTTGCAG_005,19
CAGAATCCTTCAACTTGCAG_006,47
TGATGGAGGCGCGTACACGC_001,154
TGATGGAGGCGCGTACACGC_002,63
TGATGGAGGCGCGTACACGC_003,149
TGATGGAGGCGCGTACACGC_004,52
AGAAAGAAGACATCTTACGT_001,145
AGAAAGAAGACATCTTACGT_002,187
AGAAAGAAGACATCTTACGT_003,187
AGAAAGAAGACATCTTACGT_004,169
AGAAAGAAGACATCTTACGT_005,188
AGAAAGAAGACATCTTACGT_006,133
TGAGCACAGCAATACAACAG_001,169
TGAGCACAGCAATACAACAG_002,85
TGAGCACAGCAATACAACAG_003,187
TGAGCACAGCAATACAACAG_004,187
TGAGCACAGCAATACAACAG_005,160
TGAGCACAGCAATACAACAG_006,9
TGAGCACAGCAATACAACAG_007,56
TGAGCACAGCAATACAACAG_008,29
TGAGCACAGCAATACAACAG_009,137
TGAGCACAGCAATACAACAG_010,167
TGAGCACAGCAATACAACAG_011,167
TGAGCACAGCAATACAACAG_012,40
GGTGGGTGGTGAGATCAATG_001,146
GGTGGGTGGTGAGATCAATG_002,117
GGTGGGTGGTGAGATCAATG_003,42
GGTGGGTGGTGAGATCAATG_004,67
GTGGCACGACTTCATGATGT_001,150
GTGGCACGACTTCATGATGT_002,81
GTGGCACGACTTCATGATGT_003,70
GTGGCACGACTTCATGATGT_004,84
GTGGCACGACTTCATGATGT_005,137
GTGGCACGACTTCATGATGT_006,16
GTGGCACGACTTCATGATGT_007,112
GTGGCACGACTTCATGATGT_008,102
GTGGCACGACTTCATGATGT_009,6
ATACTTCACGGCCCGACACA_001,22
ATACTTCACGGCCCGACACA_002,48
ATACTTCACGGCCCGACACA_003,49
ATACTTCACGGCCCGACACA_004,50
ATACTTCACGGCCCGACACA_005,95
ATACTTCACGGCCCGACACA_006,1
ATACTTCACGGCCCGACACA_007,11
ATACTTCACGGCCCGACACA_008,112
ATACTTCACGGCCCGACACA_009,34
ATACTTCACGGCCCGACACA_010,121
ATACTTCACGGCCCGACACA_011,3
ATACTTCACGGCCCGACACA_012,0
CGGGCCAATCGCGTCCTGGG_001,183
CGGGCCAATCGCGTCCTGGG_002,6
CGGGCCAATCGCGTCCTGGG_003,187
CGGGCCAATCGCGTCCTGGG_004,163
CGGGCCAATCGCGTCCTGGG_005,73
CGGGCCAATCGCGTCCTGGG_006,106
CGGGCCAATCGCGTCCTGGG_007,130
CGGGCCAATCGCGTCCTGGG_008,1
CGGGCCAATCGCGTCCTGGG_009,25
CGGGCCAATCGCGTCCTGGG_010,34
CGGGCCAATCGCGTCCTGGG_011,137
CGGGCCAATCGCGTCCTGGG_012,75
CGGGCCAATCGCGTCCTGGG_013,38
CGGGCCAATCGCGTCCTGGG_014,112
CGGGCCAATCGCGTCCTGGG_015,160
CGGGCCAATCGCGTCCTGGG_016,193
CGGGCCAATCGCGTCCTGGG_017,96
CGGGCCAATCGCGTCCTGGG_018,98
CGGGCCAATCGCGTCCTGGG_019,94
CGGGCCAATCGCGTCCTGGG_020,175
AGTACACATGGAATGTGCTG_001,72
AGTACACATGGAATGTGCTG_002,20
AGTACACATGGAATGTGCTG_003,8
AGTACACATGGAATGTGCTG_004,50
AGTACACATGGAATGTGCTG_005,145
AGTACACATGGAATGTGCTG_006,30
AGTACACATGGAATGTGCTG_007,126
AGTACACATGGAATGTGCTG_008,20
AATAACGTTGGACCGACAGA_001,175
AATAACGTTGGACCGACAGA_002,193
AATAACGTTGGACCGACAGA_003,129
AATAACGTTGGACCGACAGA_004,180
AGAGGGTCAGCACGAAGTGA_001,137
AGAGGGTCAGCACGAAGTGA_002,172
AGAGGGTCAGCACGAAGTGA_003,176
CAAGAAGATCGGCTACAACC_001,198
GATTCCAGATGTTCGGCGCG_001,3
GATTCCAGATGTTCGGCGCG_002,106
GATTCCAGATGTTCGGCGCG_003,23
GATTCCAGATGTTCGGCGCG_004,141
GATTCCAGATGTTCGGCGCG_005,137
GATTCCAGATGTTCGGCGCG_006,191
GATTCCAGATGTTCGGCGCG_007,54
GATTCCAGATGTTCGGCGCG_008,70
GATTCCAGATGTTCGGCGCG_009,29
GATTCCAGATGTTCGGCGCG_010,62
GGACACTATAGCGCCGCCTG_001,185
GGACACTATAGCGCCGCCTG_002,194
GGACACTATAGCGCCGCCTG_003,105
GGACACTATAGCGCCGCCTG_004,44
GGACACTATAGCGCCGCCTG_005,48
GGACACTATAGCGCCGCCTG_006,17
GGACACTATAGCGCCGCCTG_007,1
GGACACTATAGCGCCGCCTG_008,184
GGACACTATAGCGCCGCCTG_009,88
GGCCACTAGAGCAGACACCT_001,190
GGCCACTAGAGCAGACACCT_002,54
GGCCACTAGAGCAGACACCT_003,41
GGCCACTAGAGCAGACACCT_004,28
GGCCACTAGAGCAGACACCT_005,126
GGCCACTAGAGCAGACACCT_006,126
GGCCACTAGAGCAGACACCT_007,80
GGCCACTAGAGCAGACACCT_008,80
GGCCACTAGAGCAGACACCT_009,53
GGCCACTAGAGCAGACACCT_010,170
GGCCACTAGAGCAGACACCT_011,29
GGCCACTAGAGCAGACACCT_012,57
GGCCACTAGAGCAGACACCT_013,43
GGCCACTAGAGCAGACACCT_014,9
GGCCACTAGAGCAGACACCT_015,33
GGCCACTAGAGCAGACACCT_016,33
GGCCACTAGAGCAGACACCT_017,34
ATCACCATCCGGGAGCTTGG_001,78
ATCACCATCCGGGAGCTTGG_002,67
ATCACCATCCGGGAGCTTGG_003,74
ATCACCATCCGGGAGCTTGG_004,183
ATCACCATCCGGGAGCTTGG_005,20
ATCACCATCCGGGAGCTTGG_006,74
ATCACCATCCGGGAGCTTGG_007,34
ATCACCATCCGGGAGCTTGG_008,50
ATCACCATCCGGGAGCTTGG_009,69
ATCACCATCCGGGAGCTTGG_010,162
ATCACCATCCGGGAGCTTGG_011,17
ATCACCATCCGGGAGCTTGG_012,34
ATCACCATCCGGGAGCTTGG_013,46
ATCACCATCCGGGAGCTTGG_014,49
ATCACCATCCGGGAGCTTGG_015,22
ATCACCATCCGGGAGCTTGG_016,141
TACTATAACGAGAAGTACGG_001,141
TACTATAACGAGAAGTACGG_002,17
TACTATAACGAGAAGTACGG_003,82
TACTATAACGAGAAGTACGG_004,57
TACTATAACGAGAAGTACGG_005,109
TACTATAACGAGAAGTACGG_006,64
TACTATAACGAGAAGTACGG_007,160
TACTATAACGAGAAGTACGG_008,145
TACTATAACGAGAAGTACGG_009,61
TACTATAACGAGAAGTACGG_010,117
TCCCTGTTAGGCGCATCAGG_001,63
TCCCTGTTAGGCGCATCAGG_002,103
TCCCTGTTAGGCGCATCAGG_003,23
TCCCTGTTAGGCGCATCAGG_004,116
TCCCTGTTAGGCGCATCAGG_005,73
TCCCTGTTAGGCGCATCAGG_006,88
TCCCTGTTAGGCGCATCAGG_007,169
TCCCTGTTAGGCGCATCAGG_008,162
TCCCTGTTAGGCGCATCAGG_009,44
TCCCTGTTAGGCGCATCAGG_010,104
TCCCTGTTAGGCGCATCAGG_011,30
TCCCTGTTAGGCGCATCAGG_012,27
TCCCTGTTAGGCGCATCAGG_013,101
TCCCTGTTAGGCGCATCAGG_014,180
TCCCTGTTAGGCGCATCAGG_015,15
TCCCTGTTAGGCGCATCAGG_016,60
CCTCCAGCCAGAACCCGAGT_001,15
CCTCCAGCCAGAACCCGAGT_002,168
CCTCCAGCCAGAACCCGAGT_003,13
CCTCCAGCCAGAACCCGAGT_004,149
CCTCCAGCCAGAACCCGAGT_005,134
CCTCCAGCCAGAACCCGAGT_006,38
CTGTGACCACAACTATACTG_001,107
CTGTGACCACAACTATACTG_002,107
CTGTGACCACAACTATACTG_003,126
CTGTGACCACAACTATACTG_004,82
CTGTGACCACAACTATACTG_005,3
ACTCACACCAAAGTCAACTG_001,181
ACTCACACCAAAGTCAACTG_002,32
ACTCACACCAAAGTCAACTG_003,97
ACTCACACCAAAGTCAACTG_004,130
ACTCACACCAAAGTCAACTG_005,78
ACTCACACCAAAGTCAACTG_006,171
ACTCACACCAAAGTCAACTG_007,149
ACTCACACCAAAGTCAACTG_008,174
ACTCACACCAAAGTCAACTG_009,53
ACTCACACCAAAGTCAACTG_010,78
ACTCACACCAAAGTCAACTG_011,190
ACTCACACCAAAGTCAACTG_012,194
ACTCACACCAAAGTCAACTG_013,88
ACTCACACCAAAGTCAACTG_014,12
ACTCACACCAAAGTCAACTG_015,47
ACTCACACCAAAGTCAACTG_016,113
ACTCACACCAAAGTCAACTG_017,75
ACTCACACCAAAGTCAACTG_018,120
ACTCACACCAAAGTCAACTG_019,1
ACTCACACCAAAGTCAACTG_020,190
ACTCACACCAAAGTCAACTG_021,82
ACTCACACCAAAGTCAACTG_022,199
ACTCACACCAAAGTCAACTG_023,169
ACTCACACCAAAGTCAACTG_024,127
ACTCACACCAAAGTCAACTG_025,76
ACTCACACCAAAGTCAACTG_026,144
ACTCACACCAAAGTCAACTG_027,129
ACTTAAACTCCACGTCATCG_001,53
ACTTAAACTCCACGTCATCG_002,43
ACTTAAACTCCACGTCATCG_003,12
ACTTAAACTCCACGTCATCG_004,147
ACTTAAACTCCACGTCATCG_005,46
ACTTAAACTCCACGTCATCG_006,83
ACTTAAACTCCACGTCATCG_007,17
ACTTAAACTCCACGTCATCG_008,41
ACTTAAACTCCACGTCATCG_009,56
ACTTAAACTCCACGTCATCG_010,21
ACTTAAACTCCACGTCATCG_011,125
ACTTAAACTCCACGTCATCG_012,81
ACTTAAACTCCACGTCATCG_013,61
ACTTAAACTCCACGTCATCG_014,67
ACTTAAACTCCACGTCATCG_015,46
ACTTAAACTCCACGTCATCG_016,106
ACTTAAACTCCACGTCATCG_017,1
ACTTAAACTCCACGTCATCG_018,144
TCGGGGACCACCCACGATCC_001,47
TCGGGGACCACCCACGATCC_002,29
TCGGGGACCACCCACGATCC_003,116
TCGGGGACCACCCACGATCC_004,156
TCGGGGACCACCCACGATCC_005,91
TCGGGGACCACCCACGATCC_006,77
TCGGGGACCACCCACGATCC_007,15
TCGGGGACCACCCACGATCC_008,141
TCGGGGACCACCCACGATCC_009,46
TCGGGGACCACCCACGATCC_010,77
TCGGGGACCACCCACGATCC_011,144
TCGGGGACCACCCACGATCC_012,6
TCGGGGACCACCCACGATCC_013,75
TCGGGGACCACCCACGATCC_014,74
CGCCGCGGGCACTGATCCTG_001,53
CGCCGCGGGCACTGATCCTG_002,183
CGCCGCGGGCACTGATCCTG_003,102
CGCCGCGGGCACTGATCCTG_004,36
CGCCGCGGGCACTGATCCTG_005,169
CGCCGCGGGCACTGATCCTG_006,159
CGCCGCGGGCACTGATCCTG_007,138
CGCCGCGGGCACTGATCCTG_008,152
CGCCGCGGGCACTGATCCTG_009,65
CGCCGCGGGCACTGATCCTG_010,56
CGCCGCGGGCACTGATCCTG_011,55
CGCCGCGGGCACTGATCCTG_012,194
CGCCGCGGGCACTGATCCTG_013,157
CGCCGCGGGCACTGATCCTG_014,113
CGCCGCGGGCACTGATCCTG_015,15
CGCCGCGGGCACTGATCCTG_016,91
ATCCCCAGATTAAGATTCCA_001,186
ATCCCCAGATTAAGATTCCA_002,102
ATCCCCAGATTAAGATTCCA_003,132
ATCCCCAGATTAAGATTCCA_004,6
ATCCCCAGATTAAGATTCCA_005,177
ATCCCCAGATTAAGATTCCA_006,148
ATCCCCAGATTAAGATTCCA_007,46
ATCCCCAGATTAAGATTCCA_008,30
ATCCCCAGATTAAGATTCCA_009,76
ATCCCCAGATTAAGATTCCA_010,199
ATCCCCAGATTAAGATTCCA_011,127
ATCCCCAGATTAAGATTCCA_012,59
ATCCCCAGATTAAGATTCCA_013,183
ATCCCCAGATTAAGATTCCA_014,123
ATCCCCAGATTAAGATTCCA_015,75
ATCCCCAGATTAAGATTCCA_016,38
ATCCCCAGATTAAGATTCCA_017,70
ATCCCCAGATTAAGATTCCA_018,170
ATCCCCAGATTAAGATTCCA_019,191
ATCCCCAGATTAAGATTCCA_020,35
GTTTCCTCTCAAATGCCAAG_001,107
GTTTCCTCTCAAATGCCAAG_002,11
GGTACTGGAAGTCCGAAACC_001,191
GGTACTGGAAGTCCGAAACC_002,169
GGTACTGGAAGTCCGAAACC_003,105
GGTACTGGAAGTCCGAAACC_004,19
GGTACTGGAAGTCCGAAACC_005,141
GGTACTGGAAGTCCGAAACC_006,105
GGTACTGGAAGTCCGAAACC_007,150
GGTACTGGAAGTCCGAAACC_008,12
GAAGTTAAACCCATAAACAA_001,157
GAAGTTAAACCCATAAACAA_002,106
GAAGTTAAACCCATAAACAA_003,19
GAAGTTAAACCCATAAACAA_004,17
GAAGTTAAACCCATAAACAA_005,6
GAAGTTAAACCCATAAACAA_006,182
AATCTGCTGGACCATCAAAG_001,178
AATCTGCTGGACCATCAAAG_002,47
AATCTGCTGGACCATCAAAG_003,80
CAAGCAGTGACACGGCGTGG_001,127
CAAGCAGTGACACGGCGTGG_002,168
CAAGCAGTGACACGGCGTGG_003,105
CAAGCAGTGACACGGCGTGG_004,199
CAAGCAGTGACACGGCGTGG_005,53
CAAGCAGTGACACGGCGTGG_006,71
CAAGCAGTGACACGGCGTGG_007,76
CAAGCAGTGACACGGCGTGG_008,15
CAAGCAGTGACACGGCGTGG_009,125
CAAGCAGTGACACGGCGTGG_010,79
CAAGCAGTGACACGGCGTGG_011,38
CAAGCAGTGACACGGCGTGG_012,81
CAAGCAGTGACACGGCGTGG_013,83
TACAAAGACATGGTTGCCGG_001,0
TACAAAGACATGGTTGCCGG_002,118
TACAAAGACATGGTTGCCGG_003,168
TACAAAGACATGGTTGCCGG_004,174
TACAAAGACATGGTTGCCGG_005,143
TACAAAGACATGGTTGCCGG_006,132
TACAAAGACATGGTTGCCGG_007,143
TACAAAGACATGGTTGCCGG_008,158
GGACATTCCCATCACTTACG_001,124
TAGCCCAGCTCCCGAAACTG_001,144
TAGCCCAGCTCCCGAAACTG_002,52
TAGCCCAGCTCCCGAAACTG_003,177
CGAAATCTATGAGGAAGAGG_001,14
CGAAATCTATGAGGAAGAGG_002,158
TTACGCCACCAAGAAGAGCG_001,133
TTACGCCACCAAGAAGAGCG_002,199
TTACGCCACCAAGAAGAGCG_003,105
TTACGCCACCAAGAAGAGCG_004,115
TTACGCCACCAAGAAGAGCG_005,163
TTACGCCACCAAGAAGAGCG_006,21
TTACGCCACCAAGAAGAGCG_007,191
TTACGCCACCAAGAAGAGCG_008,94
TTACGCCACCAAGAAGAGCG_009,82
TTACGCCACCAAGAAGAGCG_010,174
TTACGCCACCAAGAAGAGCG_011,94
TTACGCCACCAAGAAGAGCG_012,199
TTACGCCACCAAGAAGAGCG_013,68
TTACGCCACCAAGAAGAGCG_014,63
TTACGCCACCAAGAAGAGCG_015,130
TTACGCCACCAAGAAGAGCG_016,140
TTACGCCACCAAGAAGAGCG_017,18
CAGCAGTAGCAACTCAGGAT_001,159
CAGCAGTAGCAACTCAGGAT_002,160
CAGCAGTAGCAACTCAGGAT_003,144
CAGCAGTAGCAACTCAGGAT_004,9
CAGCAGTAGCAACTCAGGAT_005,10
GCGCTGCAGTTTGCACACGA_001,69
GCGCTGCAGTTTGCACACGA_002,145
GCGCTGCAGTTTGCACACGA_003,6
GCGCTGCAGTTTGCACACGA_004,108
GCGCTGCAGTTTGCACACGA_005,48
GCGCTGCAGTTTGCACACGA_006,174
GCGCTGCAGTTTGCACACGA_007,124
GCGCTGCAGTTTGCACACGA_008,176
GCGCTGCAGTTTGCACACGA_009,61
GCGCTGCAGTTTGCACACGA_010,56
GCGCTGCAGTTTGCACACGA_011,9
GCGCTGCAGTTTGCACACGA_012,188
GCGCTGCAGTTTGCACACGA_013,190
GCGCTGCAGTTTGCACACGA_014,84
GCGCTGCAGTTTGCACACGA_015,75
GCGCTGCAGTTTGCACACGA_016,2
GCGCTGCAGTTTGCACACGA_017,145
GCGCTGCAGTTTGCACACGA_018,188
GCGCTGCAGTTTGCACACGA_019,57
GCGCTGCAGTTTGCACACGA_020,42
GCGCTGCAGTTTGCACACGA_021,9
GCGCTGCAGTTTGCACACGA_022,71
GCGCTGCAGTTTGCACACGA_023,73
GCGCTGCAGTTTGCACACGA_024,147
GCGCTGCAGTTTGCACACGA_025,194
AGTGCACAGAAGGCTCCATG_001,160
AGTGCACAGAAGGCTCCATG_002,72
AGTGCACAGAAGGCTCCATG_003,176
AGTGCACAGAAGGCTCCATG_004,77
AGTGCACAGAAGGCTCCATG_005,126
AGTGCACAGAAGGCTCCATG_006,144
AGTGCACAGAAGGCTCCATG_007,55
AGTGCACAGAAGGCTCCATG_008,82
AGTGCACAGAAGGCTCCATG_009,33
AGTGCACAGAAGGCTCCATG_010,47
AGTGCACAGAAGGCTCCATG_011,15
AGTGCACAGAAGGCTCCATG_012,55
AGTGCACAGAAGGCTCCATG_013,81
AGTGCACAGAAGGCTCCATG_014,184
AGTGCACAGAAGGCTCCATG_015,121
AGTGCACAGAAGGCTCCATG_016,72
AGTGCACAGAAGGCTCCATG_017,145
AGTGCACAGAAGGCTCCATG_018,144
AGTGCACAGAAGGCTCCATG_019,146
AGTGCACAGAAGGCTCCATG_020,34
AGTGCACAGAAGGCTCCATG_021,183
CCAAAGTTAAGTGCATGCAG_001,113
CCAAAGTTAAGTGCATGCAG_002,128
CCAAAGTTAAGTGCATGCAG_003,57
TGAATGGTGCGCGTCGTAGG_001,98
TGAATGGTGCGCGTCGTAGG_002,159
TGAATGGTGCGCGTCGTAGG_003,172
TGAATGGTGCGCGTCGTAGG_004,116
TGAATGGTGCGCGTCGTAGG_005,48
TGAATGGTGCGCGTCGTAGG_006,88
TGAATGGTGCGCGTCGTAGG_007,86
CAGAGACAGATGATCAATGG_001,72
CAGAGACAGATGATCAATGG_002,22
CAGAGACAGATGATCAATGG_003,88
CAGAGACAGATGATCAATGG_004,63
CAGAGACAGATGATCAATGG_005,136
CAGAGACAGATGATCAATGG_006,181
ATGTCCAGATGGCTTACAGG_001,191
ATGTCCAGATGGCTTACAGG_002,50
ATGTCCAGATGGCTTACAGG_003,192
ATGTCCAGATGGCTTACAGG_004,95
ATGTCCAGATGGCTTACAGG_005,194
ATGTCCAGATGGCTTACAGG_006,0
GCCTGCAGCCCGTCGTAGAG_001,116
GCCTGCAGCCCGTCGTAGAG_002,106
GCCTGCAGCCCGTCGTAGAG_003,168
GCCTGCAGCCCGTCGTAGAG_004,74
GCCTGCAGCCCGTCGTAGAG_005,3
GCCTGCAGCCCGTCGTAGAG_006,57
GCCTGCAGCCCGTCGTAGAG_007,72
GCCTGCAGCCCGTCGTAGAG_008,56
GCCTGCAGCCCGTCGTAGAG_009,198
GCCTGCAGCCCGTCGTAGAG_010,176
GCCTGCAGCCCGTCGTAGAG_011,84
GCCTGCAGCCCGTCGTAGAG_012,93
GCCTGCAGCCCGTCGTAGAG_013,179
GCCTGCAGCCCGTCGTAGAG_014,169
GCCTGCAGCCCGTCGTAGAG_015,119
GCCTGCAGCCCGTCGTAGAG_016,11
GCCTGCAGCCCGTCGTAGAG_017,80
GCCTGCAGCCCGTCGTAGAG_018,173
GCCTGCAGCCCGTCGTAGAG_019,173
GCCTGCAGCCCGTCGTAGAG_020,84
GCCTGCAGCCCGTCGTAGAG_021,1
GCCTGCAGCCCGTCGTAGAG_022,3
GTAGAACAACGACATTGTGA_001,98
AAGCAGAGAGATCTCTCGGA_001,119
TCACCTTGGCATCGACAGGT_001,112
TCACCTTGGCATCGACAGGT_002,4
TCACCTTGGCATCGACAGGT_003,149
TCACCTTGGCATCGACAGGT_004,77
GGTGGTGAAGGCATGCAACG_001,169
GGTGGTGAAGGCATGCAACG_002,97
GGTGGTGAAGGCATGCAACG_003,49
GGTGGTGAAGGCATGCAACG_004,142
GGTGGTGAAGGCATGCAACG_005,36
GGTGGTGAAGGCATGCAACG_006,177
GGTGGTGAAGGCATGCAACG_007,155
GGTGGTGAAGGCATGCAACG_008,129
GGTGGTGAAGGCATGCAACG_009,176
GGTGGTGAAGGCATGCAACG_010,119
GGTGGTGAAGGCATGCAACG_011,191
GGTGGTGAAGGCATGCAACG_012,100
GCTGGATAAACTCCACAAGG_001,50
GCTGGATAAACTCCACAAGG_002,141
GCTGGATAAACTCCACAAGG_003,130
GCTGGATAAACTCCACAAGG_004,92
GCTGGATAAACTCCACAAGG_005,52
GCTGGATAAACTCCACAAGG_006,33
AAGTAAAGATACTCACTGTG_001,188
AAGTAAAGATACTCACTGTG_002,42
AAGTAAAGATACTCACTGTG_003,108
AAGTAAAGATACTCACTGTG_004,80
AAGTAAAGATACTCACTGTG_005,121
GGAGCAATCCCAGATCATCG_001,187
GGAGCAATCCCAGATCATCG_002,137
CTTTGGAGGAAGTATTACAG_001,67
CAGTTTCAGAAAATAGTTGG_001,58
CAGTTTCAGAAAATAGTTGG_002,12
CAGTTTCAGAAAATAGTTGG_003,2
CAGTTTCAGAAAATAGTTGG_004,73
CAGTTTCAGAAAATAGTTGG_005,46
CAGTTTCAGAAAATAGTTGG_006,61
TATGGATCGCCCAAGAGTTG_001,151
TATGGATCGCCCAAGAGTTG_002,158
TATGGATCGCCCAAGAGTTG_003,85
TATGGATCGCCCAAGAGTTG_004,105
ACTTCTATTACAAGTGACAT_001,182
ACTTCTATTACAAGTGACAT_002,103
TCTTTACGCCAGCACTGGCG_001,186
TCTTTACGCCAGCACTGGCG_002,88
TGTGTGCAGTTCTTGGACGG_001,117
TGTGTGCAGTTCTTGGACGG_002,94
TGTGTGCAGTTCTTGGACGG_003,115
TGTGTGCAGTTCTTGGACGG_004,81
TGTGTGCAGTTCTTGGACGG_005,108
TGTGTGCAGTTCTTGGACGG_006,68
TGTGTGCAGTTCTTGGACGG_007,14
TGTGTGCAGTTCTTGGACGG_008,110
TGTGTGCAGTTCTTGGACGG_009,4
TGTGTGCAGTTCTTGGACGG_010,96
TGTGTGCAGTTCTTGGACGG_011,182
TGTGTGCAGTTCTTGGACGG_012,19
TGTGTGCAGTTCTTGGACGG_013,149
TGTGTGCAGTTCTTGGACGG_014,147
TGTGTGCAGTTCTTGGACGG_015,27
TGTGTGCAGTTCTTGGACGG_016,98
TGTGTGCAGTTCTTGGACGG_017,35
TGTGTGCAGTTCTTGGACGG_018,144
TGTGTGCAGTTCTTGGACGG_019,111
GGAGATCAGTGGGGCCATCG_001,90
GGAGATCAGTGGGGCCATCG_002,0
GGAGATCAGTGGGGCCATCG_003,183
GGAGATCAGTGGGGCCATCG_004,79
GTAAAGCTTGTTGCCCAGCG_001,149
GTAAAGCTTGTTGCCCAGCG_002,48
GTAAAGCTTGTTGCCCAGCG_003,50
GTAAAGCTTGTTGCCCAGCG_004,81
GTAAAGCTTGTTGCCCAGCG_005,86
GTAAAGCTTGTTGCCCAGCG_006,162
AAGGCTACTACGATATCCGG_001,69
CACCATGTCTACCTTAACTG_001,12
CACCATGTCTACCTTAACTG_002,156
CACCATGTCTACCTTAACTG_003,156
CACCATGTCTACCTTAACTG_004,156
CACCATGTCTACCTTAACTG_005,149
CACCATGTCTACCTTAACTG_006,2
CACCATGTCTACCTTAACTG_007,117
CACCATGTCTACCTTAACTG_008,29
CACCATGTCTACCTTAACTG_009,127
CTCAACATCAAGGCTCAGCG_001,188
CTCAACATCAAGGCTCAGCG_002,108
CTCAACATCAAGGCTCAGCG_003,194
CTCAACATCAAGGCTCAGCG_004,112
CTCAACATCAAGGCTCAGCG_005,2
CTCAACATCAAGGCTCAGCG_006,121
CTCAACATCAAGGCTCAGCG_007,105
CTCAACATCAAGGCTCAGCG_008,78
CTCAACATCAAGGCTCAGCG_009,97
CTTATGTCTAATAAGGTGTG_001,130
CTTATGTCTAATAAGGTGTG_002,62
CTTATGTCTAATAAGGTGTG_003,55
CTTATGTCTAATAAGGTGTG_004,37
GAACAGGCGTTTCTGACGAG_001,51
GAACAGGCGTTTCTGACGAG_002,171
GAACAGGCGTTTCTGACGAG_003,166
GAAGATAGTCAATTGCTCGA_001,78
GAAGATAGTCAATTGCTCGA_002,78
GAAGATAGTCAATTGCTCGA_003,107
GAAGATAGTCAATTGCTCGA_004,129
GAAGATAGTCAATTGCTCGA_005,48
GAAGATAGTCAATTGCTCGA_006,160
GAAGATAGTCAATTGCTCGA_007,33
GGAATACCAGACCACACTGG_001,102
GGAATACCAGACCACACTGG_002,113
GGAATACCAGACCACACTGG_003,56
GGAATACCAGACCACACTGG_004,132
GGAATACCAGACCACACTGG_005,16
GGAATACCAGACCACACTGG_006,169
GGAATACCAGACCACACTGG_007,129
GGAATACCAGACCACACTGG_008,146
GGAATACCAGACCACACTGG_009,14
GGAATACCAGACCACACTGG_010,198
GGAATACCAGACCACACTGG_011,175
GGAATACCAGACCACACTGG_012,94
GGAATACCAGACCACACTGG_013,175
CGGTCATTGCCTTCTGACAG_001,147
CGGTCATTGCCTTCTGACAG_002,178
CGGTCATTGCCTTCTGACAG_003,68
CGGTCATTGCCTTCTGACAG_004,15
CGGTCATTGCCTTCTGACAG_005,174
GTGGCCAATGACATGCACAT_001,26
GTGGCCAATGACATGCACAT_002,16
GTGGCCAATGACATGCACAT_003,128
GATGATCAGATTACCTGCAA_001,2
GATGATCAGATTACCTGCAA_002,2
GGGGAACATTTCCAGCAAGA_001,125
GGGGAACATTTCCAGCAAGA_002,136
CTGACTGCAAACCGTTTGAT_001,32
CTGACTGCAAACCGTTTGAT_002,117
CTGACTGCAAACCGTTTGAT_003,117
CTGACTGCAAACCGTTTGAT_004,56
CTGACTGCAAACCGTTTGAT_005,44
CTGACTGCAAACCGTTTGAT_006,163
CTGACTGCAAACCGTTTGAT_007,116
CTGACTGCAAACCGTTTGAT_008,17
CTGACTGCAAACCGTTTGAT_009,189
CTGACTGCAAACCGTTTGAT_010,119
TTTCCTATAGTAGTAGACAC_001,105
TTTCCTATAGTAGTAGACAC_002,176
TTTCCTATAGTAGTAGACAC_003,149
TTTCCTATAGTAGTAGACAC_004,158
TTTCCTATAGTAGTAGACAC_005,88
GAACTGGATCCACTCGGAAG_001,157
GAACTGGATCCACTCGGAAG_002,67
GAACTGGATCCACTCGGAAG_003,22
GCAACTGCACAACAACGAGG_001,38
GCAACTGCACAACAACGAGG_002,64
GCAACTGCACAACAACGAGG_003,94
GCAACTGCACAACAACGAGG_004,175
GCAACTGCACAACAACGAGG_005,127
GCAACTGCACAACAACGAGG_006,41
GCAACTGCACAACAACGAGG_007,97
GCAACTGCACAACAACGAGG_008,69
GCAACTGCACAACAACGAGG_009,24
GCAACTGCACAACAACGAGG_010,82
GCAACTGCACAACAACGAGG_011,196
GCAACTGCACAACAACGAGG_012,192
GCAACTGCACAACAACGAGG_013,12
GCAACTGCACAACAACGAGG_014,177
GCAACTGCACAACAACGAGG_015,19
GCAACTGCACAACAACGAGG_016,194
GCAACTGCACAACAACGAGG_017,63
GCAACTGCACAACAACGAGG_018,148
GCAACTGCACAACAACGAGG_019,83
TGATCATGGTGGAAGAATGT_001,30
TGATCATGGTGGAAGAATGT_002,16
TGATCATGGTGGAAGAATGT_003,114
TGATCATGGTGGAAGAATGT_004,138
TGATCATGGTGGAAGAATGT_005,175
TGATCATGGTGGAAGAATGT_006,138
TGTATGGGTCGTAGCAACAA_001,94
TGTATGGGTCGTAGCAACAA_002,4
TGTATGGGTCGTAGCAACAA_003,107
TGTATGGGTCGTAGCAACAA_004,188
TGTATGGGTCGTAGCAACAA_005,41
TGTATGGGTCGTAGCAACAA_006,2
TGTATGGGTCGTAGCAACAA_007,49
TGTATGGGTCGTAGCAACAA_008,0
AGAGTATCTAATCTGCGGCA_001,162
AGAGTATCTAATCTGCGGCA_002,17
AGAGTATCTAATCTGCGGCA_003,107
ATCCTGACAATATCTACAGT_001,169
ATCCTGACAATATCTACAGT_002,177
GAAGAGTCCAAAGGAGGATC_001,41
GAAGAGTCCAAAGGAGGATC_002,171
GAAGAGTCCAAAGGAGGATC_003,55
GAAGAGTCCAAAGGAGGATC_004,147
ACAGGGAATCGACGACCTGG_001,3
ACAGGGAATCGACGACCTGG_002,113
ACAGGGAATCGACGACCTGG_003,4
ACAGGGAATCGACGACCTGG_004,160
ACAGGGAATCGACGACCTGG_005,197
GGTGGTGCTCACGATCCCGG_001,169
GGTGGTGCTCACGATCCCGG_002,105
GGTGGTGCTCACGATCCCGG_003,145
GGTGGTGCTCACGATCCCGG_004,40
GGTGGTGCTCACGATCCCGG_005,34
GGTGGTGCTCACGATCCCGG_006,47
GGTGGTGCTCACGATCCCGG_007,78
GGTGGTGCTCACGATCCCGG_008,175
GGTGGTGCTCACGATCCCGG_009,48
GGTGGTGCTCACGATCCCGG_010,8
GGTGGTGCTCACGATCCCGG_011,72
GGTGGTGCTCACGATCCCGG_012,1
TATACAGTTTAAAGCTAACA_001,44
AGCTGAAGCAGATCACGCCG_001,134
AGCTGAAGCAGATCACGCCG_002,39
AGCTGAAGCAGATCACGCCG_003,177
AGCTGAAGCAGATCACGCCG_004,0
AGCTGAAGCAGATCACGCCG_005,18
AGCTGAAGCAGATCACGCCG_006,44
AGCTGAAGCAGATCACGCCG_007,69
AGCTGAAGCAGATCACGCCG_008,133
AGCTGAAGCAGATCACGCCG_009,181
AGCTGAAGCAGATCACGCCG_010,157
AGCTGAAGCAGATCACGCCG_011,150
AGCTGAAGCAGATCACGCCG_012,197
AGCTGAAGCAGATCACGCCG_013,30
AGCTGAAGCAGATCACGCCG_014,44
AGCTGAAGCAGATCACGCCG_015,93
AGCTGAAGCAGATCACGCCG_016,23
AGCTGAAGCAGATCACGCCG_017,23
AGCTGAAGCAGATCACGCCG_018,197
AGCTGAAGCAGATCACGCCG_019,134
AGCTGAAGCAGATCACGCCG_020,177
AGCTGAAGCAGATCACGCCG_021,15
AGCTGAAGCAGATCACGCCG_022,70
AGCTGAAGCAGATCACGCCG_023,145
AGCTGAAGCAGATCACGCCG_024,130
AGCTGAAGCAGATCACGCCG_025,14
AGCTGAAGCAGATCACGCCG_026,31
AGCTGAAGCAGATCACGCCG_027,29
AGCTGAAGCAGATCACGCCG_028,94
AGCTGAAGCAGATCACGCCG_029,175
AGCTGAAGCAGATCACGCCG_030,170
AGCTGAAGCAGATCACGCCG_031,160
AGCTGAAGCAGATCACGCCG_032,0
AGCTGAAGCAGATCACGCCG_033,106
AGCTGAAGCAGATCACGCCG_034,150
AGCTGAAGCAGATCACGCCG_035,63
AGCTGAAGCAGATCACGCCG_036,43
AGCTGAAGCAGATCACGCCG_037,198
AGCTGAAGCAGATCACGCCG_038,127
AGCTGAAGCAGATCACGCCG_039,57
AGGCATACTGTTCATACCCG_001,199
AGGCATACTGTTCATACCCG_002,174
AGGCATACTGTTCATACCCG_003,95
CAGGGAGCGGACGGTAGCGT_001,4
CAGGGAGCGGACGGTAGCGT_002,121
CAGGGAGCGGACGGTAGCGT_003,19
CAGGGAGCGGACGGTAGCGT_004,34
CAGGGAGCGGACGGTAGCGT_005,189
CAGGGAGCGGACGGTAGCGT_006,112
CAGGGAGCGGACGGTAGCGT_007,158
CAGGGAGCGGACGGTAGCGT_008,15
CAGGGAGCGGACGGTAGCGT_009,169
CAGGGAGCGGACGGTAGCGT_010,119
CAGGGAGCGGACGGTAGCGT_011,119
CAGGGAGCGGACGGTAGCGT_012,69
CAGGGAGCGGACGGTAGCGT_013,158
CAGGGAGCGGACGGTAGCGT_014,162
CAGGGAGCGGACGGTAGCGT_015,29
CAGGGAGCGGACGGTAGCGT_016,159
CAGGGAGCGGACGGTAGCGT_017,172
CAGGGAGCGGACGGTAGCGT_018,147
CAGGGAGCGGACGGTAGCGT_019,188
CAGGGAGCGGACGGTAGCGT_020,91
CAGGGAGCGGACGGTAGCGT_021,116
CAGGGAGCGGACGGTAGCGT_022,61
CAGGGAGCGGACGGTAGCGT_023,98
CAGGGAGCGGACGGTAGCGT_024,166
CAGGGAGCGGACGGTAGCGT_025,9
CAGGGAGCGGACGGTAGCGT_026,70
CAGGGAGCGGACGGTAGCGT_027,70
CAGGGAGCGGACGGTAGCGT_028,160
CAGGGAGCGGACGGTAGCGT_029,76
AGTGTCGTCAAAGCGTACAG_001,158
AGTGTCGTCAAAGCGTACAG_002,176
AGTGTCGTCAAAGCGTACAG_003,146
AGTGTCGTCAAAGCGTACAG_004,17
AGTGTCGTCAAAGCGTACAG_005,103
GGTGGGCACAGCCATTATGG_001,76
GGTGGGCACAGCCATTATGG_002,191
GGTGGGCACAGCCATTATGG_003,113
GGTGGGCACAGCCATTATGG_004,32
GGTGGGCACAGCCATTATGG_005,199
TCATCACCTAGTACCCCCAG_001,62
GGGGTGCAAACATAAGGGCA_001,59
GGGGTGCAAACATAAGGGCA_002,105
GGGGTGCAAACATAAGGGCA_003,2
GGGGTGCAAACATAAGGGCA_004,24
GGGGTGCAAACATAAGGGCA_005,12
GGGGTGCAAACATAAGGGCA_006,17
GGGGTGCAAACATAAGGGCA_007,7
GGGGTGCAAACATAAGGGCA_008,82
GGGGTGCAAACATAAGGGCA_009,41
GGGGTGCAAACATAAGGGCA_010,11
GGGGTGCAAACATAAGGGCA_011,60
GGGGTGCAAACATAAGGGCA_012,58
GGGGTGCAAACATAAGGGCA_013,59
GGGGTGCAAACATAAGGGCA_014,138
GGGGTGCAAACATAAGGGCA_015,34
GGGGTGCAAACATAAGGGCA_016,188
GGGGTGCAAACATAAGGGCA_017,63
GGGGTGCAAACATAAGGGCA_018,137
GTATCTCAAAAAGTCGCTCC_001,49
GTATCTCAAAAAGTCGCTCC_002,134
GTATCTCAAAAAGTCGCTCC_003,121
TCTTCAACTGTCGTGTGCCA_001,133
TCTTCAACTGTCGTGTGCCA_002,83
TCTTCAACTGTCGTGTGCCA_003,11
TCTTCAACTGTCGTGTGCCA_004,120
TCTTCAACTGTCGTGTGCCA_005,53
TCTTCAACTGTCGTGTGCCA_006,88
TCTTCAACTGTCGTGTGCCA_007,62
TCTTCAACTGTCGTGTGCCA_008,48
TCTTCAACTGTCGTGTGCCA_009,10
TCTTCAACTGTCGTGTGCCA_010,33
TCTTCAACTGTCGTGTGCCA_011,48
TCTTCAACTGTCGTGTGCCA_012,170
TCTTCAACTGTCGTGTGCCA_013,70
TCTTCAACTGTCGTGTGCCA_014,166
TCTTCAACTGTCGTGTGCCA_015,179
TCTTCAACTGTCGTGTGCCA_016,180
TGCAGGCAGTGCTTGGCTTG_001,199
TGCAGGCAGTGCTTGGCTTG_002,115
TGCAGGCAGTGCTTGGCTTG_003,78
TGCAGGCAGTGCTTGGCTTG_004,123
TGCAGGCAGTGCTTGGCTTG_005,62
TGCAGGCAGTGCTTGGCTTG_006,1
TGCAGGCAGTGCTTGGCTTG_007,160
TGCAGGCAGTGCTTGGCTTG_008,159
TGCAGGCAGTGCTTGGCTTG_009,89
TGCAGGCAGTGCTTGGCTTG_010,69
CTGGACTTGTGCCTCTAGGT_001,197
CTGGGCTCCATAAGCTAGTG_001,143
CTGGGCTCCATAAGCTAGTG_002,143
CTGGGCTCCATAAGCTAGTG_003,134
CTGGGCTCCATAAGCTAGTG_004,88
CTGGGCTCCATAAGCTAGTG_005,60
GTCACAGAGTTGGAGTCTCA_001,195
GTCACAGAGTTGGAGTCTCA_002,64
GTCACAGAGTTGGAGTCTCA_003,98
GTCACAGAGTTGGAGTCTCA_004,75
GTCACAGAGTTGGAGTCTCA_005,189
GTCACAGAGTTGGAGTCTCA_006,101
GTCACAGAGTTGGAGTCTCA_007,28
GTCACAGAGTTGGAGTCTCA_008,44
GTCACAGAGTTGGAGTCTCA_009,168
GAGGGAAGAATAACACCGTG_001,36
GAGGGAAGAATAACACCGTG_002,52
GAGGGAAGAATAACACCGTG_003,188
GAGGGAAGAATAACACCGTG_004,76
GAGGGAAGAATAACACCGTG_005,146
GAGGGAAGAATAACACCGTG_006,4
GAGGGAAGAATAACACCGTG_007,103
GAGGGAAGAATAACACCGTG_008,117
GAGGGAAGAATAACACCGTG_009,15
GAGGGAAGAATAACACCGTG_010,163
GAGGGAAGAATAACACCGTG_011,121
GAGGGAAGAATAACACCGTG_012,122
GAGGGAAGAATAACACCGTG_013,58
GAGGGAAGAATAACACCGTG_014,31
GAGGGAAGAATAACACCGTG_015,186
TGGTTAACAGAATGTTCCTG_001,78
TGGTTAACAGAATGTTCCTG_002,12
TGGTTAACAGAATGTTCCTG_003,199
TGGTTAACAGAATGTTCCTG_004,105
TGGTTAACAGAATGTTCCTG_005,132
TGGTTAACAGAATGTTCCTG_006,162
TGGTTAACAGAATGTTCCTG_007,179
TGGTTAACAGAATGTTCCTG_008,34
TGGTTAACAGAATGTTCCTG_009,162
TGGTTAACAGAATGTTCCTG_010,15
TGGTTAACAGAATGTTCCTG_011,79
TGGTTAACAGAATGTTCCTG_012,62
CTGTGTCCTCACAACAGGTG_001,42
CTGTGTCCTCACAACAGGTG_002,98
CTGTGTCCTCACAACAGGTG_003,64
CTGTGTCCTCACAACAGGTG_004,77
CTGTGTCCTCACAACAGGTG_005,43
CTGTGTCCTCACAACAGGTG_006,88
CTGTGTCCTCACAACAGGTG_007,112
CTGTGTCCTCACAACAGGTG_008,5
CTGTGTCCTCACAACAGGTG_009,75
CTGTGTCCTCACAACAGGTG_010,4
CTGTGTCCTCACAACAGGTG_011,138
CTGTGTCCTCACAACAGGTG_012,81
CTGTGTCCTCACAACAGGTG_013,10
CATAGCGCTGTGCTGCCCAG_001,96
CATAGCGCTGTGCTGCCCAG_002,178
CATAGCGCTGTGCTGCCCAG_003,150
CATAGCGCTGTGCTGCCCAG_004,184
CATAGCGCTGTGCTGCCCAG_005,93
CATAGCGCTGTGCTGCCCAG_006,88
CATAGCGCTGTGCTGCCCAG_007,140
CATAGCGCTGTGCTGCCCAG_008,180
GAGGCCGAGTAGTGGTAACC_001,184
GAGGCCGAGTAGTGGTAACC_002,2
GAGGCCGAGTAGTGGTAACC_003,82
GAGGCCGAGTAGTGGTAACC_004,103
GAGGCCGAGTAGTGGTAACC_005,48
GAGGCCGAGTAGTGGTAACC_006,60
GAGGCCGAGTAGTGGTAACC_007,185
TCCGGCTTATACTCCCAGCG_001,149
TCCGGCTTATACTCCCAGCG_002,167
GAAACAATGGCTAATGACTG_001,1
GAAACAATGGCTAATGACTG_002,66
GAAACAATGGCTAATGACTG_003,94
GAAACAATGGCTAATGACTG_004,188
CCAGCCTCAGCACCGTACAC_001,145
CCAGCCTCAGCACCGTACAC_002,65
CCAGCCTCAGCACCGTACAC_003,34
CCAGCCTCAGCACCGTACAC_004,50
CCAGCCTCAGCACCGTACAC_005,149
CCAGCCTCAGCACCGTACAC_006,77
CCAGCCTCAGCACCGTACAC_007,75
CCAGCCTCAGCACCGTACAC_008,151
CCAGCCTCAGCACCGTACAC_009,19
CCAGCCTCAGCACCGTACAC_010,39
CCAGCCTCAGCACCGTACAC_011,39
CCAGGCTTACCATAGTAGAA_001,189
CCAGGCTTACCATAGTAGAA_002,195
CCAGGCTTACCATAGTAGAA_003,7
CCAGGCTTACCATAGTAGAA_004,64
CCAGGCTTACCATAGTAGAA_005,105
CCAGGCTTACCATAGTAGAA_006,86
CCAGGCTTACCATAGTAGAA_007,83
CCAGGCTTACCATAGTAGAA_008,99
CCAGGCTTACCATAGTAGAA_009,77
CCAGGCTTACCATAGTAGAA_010,84
CCAGGCTTACCATAGTAGAA_011,158
CCAGGCTTACCATAGTAGAA_012,6
CCAGGCTTACCATAGTAGAA_013,155
GGATCCGATTATCAGTATGT_001,13
GGATCCGATTATCAGTATGT_002,177
GGATCCGATTATCAGTATGT_003,61
GGATCCGATTATCAGTATGT_004,63
ACTCCGTACGTGCTTTGCTG_001,85
ACTCCGTACGTGCTTTGCTG_002,14
GCTGGTTTGTCAAAATCCAA_001,30
GCTGGTTTGTCAAAATCCAA_002,78
GCTGGTTTGTCAAAATCCAA_003,78
CCTGGGCAGAGACTACTAAG_001,199
CCTGGGCAGAGACTACTAAG_002,31
CCTGGGCAGAGACTACTAAG_003,150
CCTGGGCAGAGACTACTAAG_004,6
CCTGGGCAGAGACTACTAAG_005,199
CCTGGGCAGAGACTACTAAG_006,91
CCTGGGCAGAGACTACTAAG_007,132
CCACATTCATTACAGCACAC_001,102
CCACATTCATTACAGCACAC_002,95
CCACATTCATTACAGCACAC_003,88
CCACATTCATTACAGCACAC_004,41
CCACATTCATTACAGCACAC_005,83
CCACATTCATTACAGCACAC_006,41
CCACATTCATTACAGCACAC_007,147
CCACATTCATTACAGCACAC_008,139
CCACATTCATTACAGCACAC_009,29
CCACATTCATTACAGCACAC_010,81
CCACATTCATTACAGCACAC_011,2
CCACATTCATTACAGCACAC_012,196
CCACATTCATTACAGCACAC_013,113
CCACATTCATTACAGCACAC_014,144
GTAAATCCATTACATCACCA_001,105
GTAAATCCATTACATCACCA_002,132
GTAAATCCATTACATCACCA_003,87
AAGGTTTACTGGAAAGTCTG_001,80
AAGGTTTACTGGAAAGTCTG_002,170
AAGGTTTACTGGAAAGTCTG_003,6
AAGGTTTACTGGAAAGTCTG_004,181
AAGGTTTACTGGAAAGTCTG_005,94
AAGGTTTACTGGAAAGTCTG_006,100
AAGGTTTACTGGAAAGTCTG_007,147
AAGGTTTACTGGAAAGTCTG_008,63
AAGGTTTACTGGAAAGTCTG_009,125
AAGGTTTACTGGAAAGTCTG_010,119
AAGGTTTACTGGAAAGTCTG_011,133
AAGGTTTACTGGAAAGTCTG_012,160
AAGGTTTACTGGAAAGTCTG_013,170
AAGGTTTACTGGAAAGTCTG_014,166
ACTCCGTGCATCCCAGCCAG_001,28
ACTCCGTGCATCCCAGCCAG_002,77
ACTCCGTGCATCCCAGCCAG_003,58
ACTCCGTGCATCCCAGCCAG_004,98
ACTCCGTGCATCCCAGCCAG_005,68
ACTCCGTGCATCCCAGCCAG_006,114
ACTCCGTGCATCCCAGCCAG_007,114
ACTCCGTGCATCCCAGCCAG_008,181
TACTTCCCACAACATTCCAG_001,63
TACTTCCCACAACATTCCAG_002,191
TACTTCCCACAACATTCCAG_003,142
TACTTCCCACAACATTCCAG_004,185
TACTTCCCACAACATTCCAG_005,78
TACTTCCCACAACATTCCAG_006,69
TACTTCCCACAACATTCCAG_007,60
TACTTCCCACAACATTCCAG_008,13
TACTTCCCACAACATTCCAG_009,48
TACTTCCCACAACATTCCAG_010,80
TACTTCCCACAACATTCCAG_011,75
TACTTCCCACAACATTCCAG_012,88
TACTTCCCACAACATTCCAG_013,159
TACTTCCCACAACATTCCAG_014,58
TACTTCCCACAACATTCCAG_015,170
TACTTCCCACAACATTCCAG_016,66
TACTTCCCACAACATTCCAG_017,162
TACTTCCCACAACATTCCAG_018,35
TACTTCCCACAACATTCCAG_019,177
TACTTCCCACAACATTCCAG_020,188
CAGCTCCAGTGAGACCGACA_001,13
CAGCTCCAGTGAGACCGACA_002,131
CAGCTCCAGTGAGACCGACA_003,1
CAGCTCCAGTGAGACCGACA_004,0
CAGCTCCAGTGAGACCGACA_005,69
CAGCTCCAGTGAGACCGACA_006,171
CAGCTCCAGTGAGACCGACA_007,176
CAGCTCCAGTGAGACCGACA_008,57
CAGCTCCAGTGAGACCGACA_009,182
CAGCTCCAGTGAGACCGACA_010,161
CAGCTCCAGTGAGACCGACA_011,6
CAGCTCCAGTGAGACCGACA_012,188
CAGCTCCAGTGAGACCGACA_013,194
CAGCTCCAGTGAGACCGACA_014,10
CAGCTCCAGTGAGACCGACA_015,66
CAGCTCCAGTGAGACCGACA_016,20
CAGCTCCAGTGAGACCGACA_017,28
CAGCTCCAGTGAGACCGACA_018,102
ACGTAGCCATTGTCACAGCG_001,31
TAGGCATCACCCTTACCCAG_001,17
TAGGCATCACCCTTACCCAG_002,15
TAGGCATCACCCTTACCCAG_003,80
CAACGCACTCCATTTCTGAT_001,164
CAACGCACTCCATTTCTGAT_002,159
CAACGCACTCCATTTCTGAT_003,78
CAACGCACTCCATTTCTGAT_004,108
CAACGCACTCCATTTCTGAT_005,135
CAACGCACTCCATTTCTGAT_006,41
CAACGCACTCCATTTCTGAT_007,89
CAACGCACTCCATTTCTGAT_008,156
CAACGCACTCCATTTCTGAT_009,34
CAACGCACTCCATTTCTGAT_010,49
CAACGCACTCCATTTCTGAT_011,61
CAACGCACTCCATTTCTGAT_012,82
CAACGCACTCCATTTCTGAT_013,40
CAACGCACTCCATTTCTGAT_014,168
CAACGCACTCCATTTCTGAT_015,42
CACACGGTGAGCTCGCAGCG_001,177
CACACGGTGAGCTCGCAGCG_002,183
CACACGGTGAGCTCGCAGCG_003,171
CACACGGTGAGCTCGCAGCG_004,191
CACACGGTGAGCTCGCAGCG_005,105
CACACGGTGAGCTCGCAGCG_006,17
CACACGGTGAGCTCGCAGCG_007,40
CACACGGTGAGCTCGCAGCG_008,59
CACACGGTGAGCTCGCAGCG_009,17
CACACGGTGAGCTCGCAGCG_010,160
CACACGGTGAGCTCGCAGCG_011,194
CACACGGTGAGCTCGCAGCG_012,9
CACACGGTGAGCTCGCAGCG_013,9
CACACGGTGAGCTCGCAGCG_014,130
CACACGGTGAGCTCGCAGCG_015,58
CACACGGTGAGCTCGCAGCG_016,158
CACACGGTGAGCTCGCAGCG_017,15
CACACGGTGAGCTCGCAGCG_018,145
CACACGGTGAGCTCGCAGCG_019,69
CACACGGTGAGCTCGCAGCG_020,149
CACACGGTGAGCTCGCAGCG_021,28
CACACGGTGAGCTCGCAGCG_022,0
CACACGGTGAGCTCGCAGCG_023,34
CACACGGTGAGCTCGCAGCG_024,1
CACACGGTGAGCTCGCAGCG_025,160
CACACGGTGAGCTCGCAGCG_026,3
CACACGGTGAGCTCGCAGCG_027,144
GAGTCTGCACGTAGGACACT_001,172
GAGTCTGCACGTAGGACACT_002,195
GAGTCTGCACGTAGGACACT_003,189
GAGTCTGCACGTAGGACACT_004,28
GGGCACGGGAACACACTCCG_001,34
GGGCACGGGAACACACTCCG_002,43
GGGCACGGGAACACACTCCG_003,63
GGGCACGGGAACACACTCCG_004,4
GGGCACGGGAACACACTCCG_005,2
GGGCACGGGAACACACTCCG_006,114
GGGCACGGGAACACACTCCG_007,148
GGGCACGGGAACACACTCCG_008,169
GGGCACGGGAACACACTCCG_009,63
GGGCACGGGAACACACTCCG_010,197
GGGCACGGGAACACACTCCG_011,188
GGGCACGGGAACACACTCCG_012,169
GGGCACGGGAACACACTCCG_013,104
GGGCACGGGAACACACTCCG_014,125
GGGCACGGGAACACACTCCG_015,9
GGGCACGGGAACACACTCCG_016,73
GGGCACGGGAACACACTCCG_017,81
GGGCACGGGAACACACTCCG_018,156
GGGCACGGGAACACACTCCG_019,55
GGGCACGGGAACACACTCCG_020,4
GGGCACGGGAACACACTCCG_021,116
GGGCACGGGAACACACTCCG_022,113
GGGCACGGGAACACACTCCG_023,58
GGGCACGGGAACACACTCCG_024,116
GGGCACGGGAACACACTCCG_025,44
GGGCACGGGAACACACTCCG_026,189
GGGCACGGGAACACACTCCG_027,114
GGGCACGGGAACACACTCCG_028,114
GATGACGCGGGTACGAGTGG_001,126
GATGACGCGGGTACGAGTGG_002,100
GATGACGCGGGTACGAGTGG_003,36
GATGACGCGGGTACGAGTGG_004,23
GATGACGCGGGTACGAGTGG_005,189
GATGACGCGGGTACGAGTGG_006,11
GATGACGCGGGTACGAGTGG_007,41
GATGACGCGGGTACGAGTGG_008,121
GATGACGCGGGTACGAGTGG_009,98
GCTCATATCAGGAAAACTGC_001,110
GCTCATATCAGGAAAACTGC_002,19
GCTCATATCAGGAAAACTGC_003,130
GCTCATATCAGGAAAACTGC_004,65
GCTCATATCAGGAAAACTGC_005,96
TGAAATCTCATCACTATCTG_001,78
TGAAATCTCATCACTATCTG_002,76
TGAAATCTCATCACTATCTG_003,117
TGAAATCTCATCACTATCTG_004,32
TTGTACTGGTCCCGGCCCAG_001,172
TTGTACTGGTCCCGGCCCAG_002,15
TTGTACTGGTCCCGGCCCAG_003,23
TTGTACTGGTCCCGGCCCAG_004,162
TTGTACTGGTCCCGGCCCAG_005,50
TTGTACTGGTCCCGGCCCAG_006,55
TTGTACTGGTCCCGGCCCAG_007,185
TTGTACTGGTCCCGGCCCAG_008,70
TTGTACTGGTCCCGGCCCAG_009,119
TTGTACTGGTCCCGGCCCAG_010,182
TTGTACTGGTCCCGGCCCAG_011,31
TTGTACTGGTCCCGGCCCAG_012,145
TTGTACTGGTCCCGGCCCAG_013,54
TTGTACTGGTCCCGGCCCAG_014,168
TTGTACTGGTCCCGGCCCAG_015,57
TTGTACTGGTCCCGGCCCAG_016,187
TTGTACTGGTCCCGGCCCAG_017,139
TTGTACTGGTCCCGGCCCAG_018,69
TTGTACTGGTCCCGGCCCAG_019,191
TTGTACTGGTCCCGGCCCAG_020,159
TTGTACTGGTCCCGGCCCAG_021,190
TTGTACTGGTCCCGGCCCAG_022,172
TTGTACTGGTCCCGGCCCAG_023,16
TTGTACTGGTCCCGGCCCAG_024,174
TTGTACTGGTCCCGGCCCAG_025,43
TTGTACTGGTCCCGGCCCAG_026,52
TTGTACTGGTCCCGGCCCAG_027,107
TTGTACTGGTCCCGGCCCAG_028,181
TTGTACTGGTCCCGGCCCAG_029,144
TTGTACTGGTCCCGGCCCAG_030,98
TTGTACTGGTCCCGGCCCAG_031,138
TTGTACTGGTCCCGGCCCAG_032,187
TTGTACTGGTCCCGGCCCAG_033,26
GGTGCTGAGGTGTGTCACCG_001,48
GGTGCTGAGGTGTGTCACCG_002,19
GGTGCTGAGGTGTGTCACCG_003,62
GGTGCTGAGGTGTGTCACCG_004,81
GGTGCTGAGGTGTGTCACCG_005,63
GGTGCTGAGGTGTGTCACCG_006,65
GGTGCTGAGGTGTGTCACCG_007,48
GGTGCTGAGGTGTGTCACCG_008,132
GGTGCTGAGGTGTGTCACCG_009,88
GGTGCTGAGGTGTGTCACCG_010,195
GGTGCTGAGGTGTGTCACCG_011,193
GGTGCTGAGGTGTGTCACCG_012,148
GGTGCTGAGGTGTGTCACCG_013,41
GGTGCTGAGGTGTGTCACCG_014,147
GGTGCTGAGGTGTGTCACCG_015,174
GGTGCTGAGGTGTGTCACCG_016,116
GGTGCTGAGGTGTGTCACCG_017,140
GGTGCTGAGGTGTGTCACCG_018,190
GGTGCTGAGGTGTGTCACCG_019,159
GGTGCTGAGGTGTGTCACCG_020,6
GGTGCTGAGGTGTGTCACCG_021,23
GGTGCTGAGGTGTGTCACCG_022,39
GGTGCTGAGGTGTGTCACCG_023,143
GGTGCTGAGGTGTGTCACCG_024,48
GGTGCTGAGGTGTGTCACCG_025,126
GGTGCTGAGGTGTGTCACCG_026,136
GGTGCTGAGGTGTGTCACCG_027,175
GGTGCTGAGGTGTGTCACCG_028,130
GGTGCTGAGGTGTGTCACCG_029,191
GGTGCTGAGGTGTGTCACCG_030,127
GGTGCTGAGGTGTGTCACCG_031,7
AGGCGGGTGACACTTTATGT_001,156
ATGCCTTAGACTTAACCTCG_001,62
ATGCCTTAGACTTAACCTCG_002,145
ATGCCTTAGACTTAACCTCG_003,61
ATGCCTTAGACTTAACCTCG_004,183
ATGCCTTAGACTTAACCTCG_005,99
ATGCCTTAGACTTAACCTCG_006,37
ATGCCTTAGACTTAACCTCG_007,137
ATGCCTTAGACTTAACCTCG_008,125
ATGCCTTAGACTTAACCTCG_009,17
ATGCCTTAGACTTAACCTCG_010,127
ATGCCTTAGACTTAACCTCG_011,127
ATGCCTTAGACTTAACCTCG_012,60
ATGCCTTAGACTTAACCTCG_013,148
ATGCCTTAGACTTAACCTCG_014,158
ATGCCTTAGACTTAACCTCG_015,14
ATGCCTTAGACTTAACCTCG_016,56
ATGCCTTAGACTTAACCTCG_017,150
ATGCCTTAGACTTAACCTCG_018,8
ATGCCTTAGACTTAACCTCG_019,79
ATGCCTTAGACTTAACCTCG_020,51
ATGCCTTAGACTTAACCTCG_021,76
TGGCGCCTAGCATGACCCGC_001,96
TGGCGCCTAGCATGACCCGC_002,1
AATAATCCTGCCCCCCAACG_001,145
AATAATCCTGCCCCCCAACG_002,101
AATAATCCTGCCCCCCAACG_003,32
AATAATCCTGCCCCCCAACG_004,69
AATAATCCTGCCCCCCAACG_005,105
AATAATCCTGCCCCCCAACG_006,115
AATAATCCTGCCCCCCAACG_007,168
AATAATCCTGCCCCCCAACG_008,158
AATAATCCTGCCCCCCAACG_009,72
AATAATCCTGCCCCCCAACG_010,156
AATAATCCTGCCCCCCAACG_011,160
AATAATCCTGCCCCCCAACG_012,15
AATAATCCTGCCCCCCAACG_013,107
AATAATCCTGCCCCCCAACG_014,60
AATAATCCTGCCCCCCAACG_015,140
AATAATCCTGCCCCCCAACG_016,23
AATAATCCTGCCCCCCAACG_017,196
AATAATCCTGCCCCCCAACG_018,20
AATAATCCTGCCCCCCAACG_019,115
AATAATCCTGCCCCCCAACG_020,192
AATAATCCTGCCCCCCAACG_021,134
AATAATCCTGCCCCCCAACG_022,147
AATAATCCTGCCCCCCAACG_023,138
AATAATCCTGCCCCCCAACG_024,174
AATAATCCTGCCCCCCAACG_025,74
GGAGGGCTTCGCGACGTACA_001,152
GGAGGGCTTCGCGACGTACA_002,141
GGAGGGCTTCGCGACGTACA_003,12
GGAGGGCTTCGCGACGTACA_004,190
GGAGGGCTTCGCGACGTACA_005,144
GGAGGGCTTCGCGACGTACA_006,165
GGAGGGCTTCGCGACGTACA_007,49
GGAGGGCTTCGCGACGTACA_008,144
GGAGGGCTTCGCGACGTACA_009,26
GGAGGGCTTCGCGACGTACA_010,188
GGAGGGCTTCGCGACGTACA_011,83
AGAACGGGACACTTTGCTAA_001,37
AGAACGGGACACTTTGCTAA_002,38
AGAACGGGACACTTTGCTAA_003,108
AGAACGGGACACTTTGCTAA_004,9
AGAACGGGACACTTTGCTAA_005,149
AGAACGGGACACTTTGCTAA_006,48
AGAACGGGACACTTTGCTAA_007,40
AGAACGGGACACTTTGCTAA_008,41
AGAACGGGACACTTTGCTAA_009,106
CTCTTTATGTGCCACCAAGG_001,78
CTCTTTATGTGCCACCAAGG_002,39
CTCTTTATGTGCCACCAAGG_003,156
CTCTTTATGTGCCACCAAGG_004,106
CTCTTTATGTGCCACCAAGG_005,112
CTCTTTATGTGCCACCAAGG_006,9
CTCTTTATGTGCCACCAAGG_007,12
TCCGGCTGCGTTGATCACAA_001,125
TCCGGCTGCGTTGATCACAA_002,194
TCCGGCTGCGTTGATCACAA_003,84
TCCGGCTGCGTTGATCACAA_004,50
TCCGGCTGCGTTGATCACAA_005,147
TCCGGCTGCGTTGATCACAA_006,46
TCCGGCTGCGTTGATCACAA_007,19
TCCGGCTGCGTTGATCACAA_008,69
TCCGGCTGCGTTGATCACAA_009,168
TCCGGCTGCGTTGATCACAA_010,90
TCCGGCTGCGTTGATCACAA_011,127
TCCGGCTGCGTTGATCACAA_012,174
TCCGGCTGCGTTGATCACAA_013,144
TCCGGCTGCGTTGATCACAA_014,69
TCCGGCTGCGTTGATCACAA_015,91
TTATCCCATAGGTTCCCAGA_001,7
TTATCCCATAGGTTCCCAGA_002,138
TTATCCCATAGGTTCCCAGA_003,28
TTATCCCATAGGTTCCCAGA_004,69
TTATCCCATAGGTTCCCAGA_005,62
TTATCCCATAGGTTCCCAGA_006,18
TTATCCCATAGGTTCCCAGA_007,183
TTATCCCATAGGTTCCCAGA_008,169
ACATTGACCATTCAGAAATG_001,17
ACATTGACCATTCAGAAATG_002,160
AGGTACCCTCCGACCCACCA_001,11
AGGTACCCTCCGACCCACCA_002,50
AGGTACCCTCCGACCCACCA_003,188
AGGTACCCTCCGACCCACCA_004,84
AGGTACCCTCCGACCCACCA_005,65
AGGTACCCTCCGACCCACCA_006,140
AGGTACCCTCCGACCCACCA_007,88
AGGTACCCTCCGACCCACCA_008,194
AGGTACCCTCCGACCCACCA_009,119
AGGTACCCTCCGACCCACCA_010,104
AGGTACCCTCCGACCCACCA_011,41
AGGTACCCTCCGACCCACCA_012,105
AGGTACCCTCCGACCCACCA_013,48
AGGTACCCTCCGACCCACCA_014,173
AGGTACCCTCCGACCCACCA_015,56
AGGTACCCTCCGACCCACCA_016,118
AGGTACCCTCCGACCCACCA_017,58
AGGTACCCTCCGACCCACCA_018,129
AGGTACCCTCCGACCCACCA_019,88
AGGTACCCTCCGACCCACCA_020,156
AGGTACCCTCCGACCCACCA_021,156
AGGTACCCTCCGACCCACCA_022,75
AGGTACCCTCCGACCCACCA_023,58
AGGTACCCTCCGACCCACCA_024,71
AGGTACCCTCCGACCCACCA_025,32
AGGTACCCTCCGACCCACCA_026,168
AGGTACCCTCCGACCCACCA_027,177
AGGTACCCTCCGACCCACCA_028,42
AGGTACCCTCCGACCCACCA_029,88
AGGTACCCTCCGACCCACCA_030,48
AGGTACCCTCCGACCCACCA_031,117
AGGTACCCTCCGACCCACCA_032,66
AGGTACCCTCCGACCCACCA_033,105
AGGTACCCTCCGACCCACCA_034,197
AGGTACCCTCCGACCCACCA_035,179
AGGTACCCTCCGACCCACCA_036,40
AGGTACCCTCCGACCCACCA_037,105
AGGTACCCTCCGACCCACCA_038,139
AGGTACCCTCCGACCCACCA_039,34
AGGTACCCTCCGACCCACCA_040,115
AGGTACCCTCCGACCCACCA_041,38
AGGTACCCTCCGACCCACCA_042,26
AGGTACCCTCCGACCCACCA_043,88
AGGTACCCTCCGACCCACCA_044,2
AGGTACCCTCCGACCCACCA_045,67
AGGTACCCTCCGACCCACCA_046,113
AGGTACCCTCCGACCCACCA_047,188
AGGTACCCTCCGACCCACCA_048,134
AGGTACCCTCCGACCCACCA_049,4
AGGTACCCTCCGACCCACCA_050,147
AGGTACCCTCCGACCCACCA_051,57
AGGTACCCTCCGACCCACCA_052,100
AGGTACCCTCCGACCCACCA_053,1
AGGTACCCTCCGACCCACCA_054,129
AGGTACCCTCCGACCCACCA_055,108
AGGTACCCTCCGACCCACCA_056,115
AGGTACCCTCCGACCCACCA_057,144
AGGTACCCTCCGACCCACCA_058,84
AGGTACCCTCCGACCCACCA_059,77
AGGTACCCTCCGACCCACCA_060,20
AGGTACCCTCCGACCCACCA_061,52
AGGTACCCTCCGACCCACCA_062,35
AGGTACCCTCCGACCCACCA_063,196
AGGTACCCTCCGACCCACCA_064,179
AGGTACCCTCCGACCCACCA_065,49
TCACGTTAAAGACACTAGGT_001,132
TCACGTTAAAGACACTAGGT_002,154
TCACGTTAAAGACACTAGGT_003,145
TCACGTTAAAGACACTAGGT_004,85
TCACGTTAAAGACACTAGGT_005,158
TCACGTTAAAGACACTAGGT_006,98
TCCTGTGCGCCTATGCCGTG_001,37
TCCTGTGCGCCTATGCCGTG_002,196
TCCTGTGCGCCTATGCCGTG_003,173
TCCTGTGCGCCTATGCCGTG_004,43
TCCTGTGCGCCTATGCCGTG_005,77
TCCTGTGCGCCTATGCCGTG_006,158
TCCTGTGCGCCTATGCCGTG_007,146
TCCTGTGCGCCTATGCCGTG_008,124
CCTGCACGCGCACCTCAGGT_001,107
CCTGCACGCGCACCTCAGGT_002,146
CCTGCACGCGCACCTCAGGT_003,21
CCTGCACGCGCACCTCAGGT_004,50
CCTGCACGCGCACCTCAGGT_005,68
CCTGCACGCGCACCTCAGGT_006,136
CCTGCACGCGCACCTCAGGT_007,84
CCTGCACGCGCACCTCAGGT_008,55
CCTGCACGCGCACCTCAGGT_009,193
CCTGCACGCGCACCTCAGGT_010,138
CCTGCACGCGCACCTCAGGT_011,35
CCTGCACGCGCACCTCAGGT_012,177
CCTGCACGCGCACCTCAGGT_013,184
GAGGGCAGTTCACCAACCGT_001,31
GAGGGCAGTTCACCAACCGT_002,48
GAGGGCAGTTCACCAACCGT_003,42
GAGGGCAGTTCACCAACCGT_004,59
AATATCCAAGCAACTCGCAG_001,182
AATATCCAAGCAACTCGCAG_002,61
AATATCCAAGCAACTCGCAG_003,63
AATATCCAAGCAACTCGCAG_004,62
AATATCCAAGCAACTCGCAG_005,121
AATATCCAAGCAACTCGCAG_006,22
AATATCCAAGCAACTCGCAG_007,53
AATATCCAAGCAACTCGCAG_008,63
AATATCCAAGCAACTCGCAG_009,109
AATATCCAAGCAACTCGCAG_010,176
AATATCCAAGCAACTCGCAG_011,183
AATATCCAAGCAACTCGCAG_012,107
AATATCCAAGCAACTCGCAG_013,127
AATATCCAAGCAACTCGCAG_014,63
AATATCCAAGCAACTCGCAG_015,128
AATATCCAAGCAACTCGCAG_016,129
AATATCCAAGCAACTCGCAG_017,184
AATATCCAAGCAACTCGCAG_018,177
AATATCCAAGCAACTCGCAG_019,110
AGACCCCGTAGGCAGGACGT_001,33
AGACCCCGTAGGCAGGACGT_002,119
AGACCCCGTAGGCAGGACGT_003,186
AGACCCCGTAGGCAGGACGT_004,196
AGACCCCGTAGGCAGGACGT_005,181
AGACCCCGTAGGCAGGACGT_006,154
AGACCCCGTAGGCAGGACGT_007,17
AGACCCCGTAGGCAGGACGT_008,96
AGACCCCGTAGGCAGGACGT_009,130
AGACCCCGTAGGCAGGACGT_010,181
AGACCCCGTAGGCAGGACGT_011,162
AGACCCCGTAGGCAGGACGT_012,177
AGACCCCGTAGGCAGGACGT_013,121
AGACCCCGTAGGCAGGACGT_014,8
AGACCCCGTAGGCAGGACGT_015,134
AGACCCCGTAGGCAGGACGT_016,94
AGACCCCGTAGGCAGGACGT_017,56
AGACCCCGTAGGCAGGACGT_018,49
AGACCCCGTAGGCAGGACGT_019,107
AGACCCCGTAGGCAGGACGT_020,185
AGACCCCGTAGGCAGGACGT_021,33
AGACCCCGTAGGCAGGACGT_022,191
AGACCCCGTAGGCAGGACGT_023,86
AGACCCCGTAGGCAGGACGT_024,82
AGACCCCGTAGGCAGGACGT_025,151
AGACCCCGTAGGCAGGACGT_026,142
AGACCCCGTAGGCAGGACGT_027,5
AGACCCCGTAGGCAGGACGT_028,15
AGACCCCGTAGGCAGGACGT_029,177
AGACCCCGTAGGCAGGACGT_030,121
AGACCCCGTAGGCAGGACGT_031,107
AGACCCCGTAGGCAGGACGT_032,170
AGACCCCGTAGGCAGGACGT_033,12
AGACCCCGTAGGCAGGACGT_034,76
AGACCCCGTAGGCAGGACGT_035,8
AGACCCCGTAGGCAGGACGT_036,67
AGACCCCGTAGGCAGGACGT_037,80
AGACCCCGTAGGCAGGACGT_038,178
AGACCCCGTAGGCAGGACGT_039,81
AGACCCCGTAGGCAGGACGT_040,65
AGACCCCGTAGGCAGGACGT_041,1
AGACCCCGTAGGCAGGACGT_042,199
AGACCCCGTAGGCAGGACGT_043,161
AGACCCCGTAGGCAGGACGT_044,178
AGACCCCGTAGGCAGGACGT_045,197
AGACCCCGTAGGCAGGACGT_046,121
AGACCCCGTAGGCAGGACGT_047,11
AGACCCCGTAGGCAGGACGT_048,12
AGACCCCGTAGGCAGGACGT_049,76
AGACCCCGTAGGCAGGACGT_050,9
AGACCCCGTAGGCAGGACGT_051,181
AGACCCCGTAGGCAGGACGT_052,130
AGACCCCGTAGGCAGGACGT_053,48
AGACCCCGTAGGCAGGACGT_054,108
AGACCCCGTAGGCAGGACGT_055,22
AGACCCCGTAGGCAGGACGT_056,102
AGACCCCGTAGGCAGGACGT_057,95
AGACCCCGTAGGCAGGACGT_058,153
AGACCCCGTAGGCAGGACGT_059,168
AGACCCCGTAGGCAGGACGT_060,162
AGACCCCGTAGGCAGGACGT_061,81
AGACCCCGTAGGCAGGACGT_062,186
AGACCCCGTAGGCAGGACGT_063,24
AGACCCCGTAGGCAGGACGT_064,108
AGACCCCGTAGGCAGGACGT_065,52
AGACCCCGTAGGCAGGACGT_066,179
AGACCCCGTAGGCAGGACGT_067,126
AGACCCCGTAGGCAGGACGT_068,77
AGACCCCGTAGGCAGGACGT_069,76
AGACCCCGTAGGCAGGACGT_070,170
AGACCCCGTAGGCAGGACGT_071,77
AGACCCCGTAGGCAGGACGT_072,68
AGACCCCGTAGGCAGGACGT_073,175
AGACCCCGTAGGCAGGACGT_074,8
AGACCCCGTAGGCAGGACGT_075,180
AGACCCCGTAGGCAGGACGT_076,138
AGACCCCGTAGGCAGGACGT_077,182
AGACCCCGTAGGCAGGACGT_078,46
AGACCCCGTAGGCAGGACGT_079,163
CAGCAACGTTCTGAACGCAT_001,62
CAGCAACGTTCTGAACGCAT_002,155
GGGCTTTGGAAAATGCTTGG_001,156
GGGCTTTGGAAAATGCTTGG_002,184
GGGCTTTGGAAAATGCTTGG_003,121
TCTTCCTTTGGCTGTACTTG_001,54
TCTTCCTTTGGCTGTACTTG_002,65
TCTTCCTTTGGCTGTACTTG_003,1
TCTTCCTTTGGCTGTACTTG_004,88
TCTTCCTTTGGCTGTACTTG_005,121
TCTTCCTTTGGCTGTACTTG_006,28
TCTTCCTTTGGCTGTACTTG_007,31
TCTTCCTTTGGCTGTACTTG_008,50
TCTTCCTTTGGCTGTACTTG_009,162
TCTTCCTTTGGCTGTACTTG_010,158
TCTTCCTTTGGCTGTACTTG_011,113
TCTTCCTTTGGCTGTACTTG_012,95
TCTTCCTTTGGCTGTACTTG_013,165
TCTTCCTTTGGCTGTACTTG_014,102
CTTCGAGATCTACAATGGGA_001,70
TGGTCATGCTGGATCCCGAG_001,62
TGGTCATGCTGGATCCCGAG_002,19
TGGTCATGCTGGATCCCGAG_003,9
TGGTCATGCTGGATCCCGAG_004,104
TGGTGCGACTCATCCACCTC_001,53
TGGTGCGACTCATCCACCTC_002,102
TGGTGCGACTCATCCACCTC_003,38
TGGTGCGACTCATCCACCTC_004,147
TGGTGCGACTCATCCACCTC_005,195
GCTTTGCCTCCTAATCCGAG_001,68
GCTTTGCCTCCTAATCCGAG_002,107
GCTTTGCCTCCTAATCCGAG_003,41
GCTTTGCCTCCTAATCCGAG_004,152
GCTTTGCCTCCTAATCCGAG_005,176
GCTTTGCCTCCTAATCCGAG_006,198
GCTTTGCCTCCTAATCCGAG_007,6
GCTTTGCCTCCTAATCCGAG_008,75
AGCGTGAACACTTCAGCGAT_001,184
AGCGTGAACACTTCAGCGAT_002,2
AGCGTGAACACTTCAGCGAT_003,39
AGCGTGAACACTTCAGCGAT_004,174
CATTAAACTGCTGCTGACGT_001,175
CATTAAACTGCTGCTGACGT_002,92
CATTAAACTGCTGCTGACGT_003,34
CATTAAACTGCTGCTGACGT_004,28
GCTGACCAGCAACAACTGAG_001,138
GCTGACCAGCAACAACTGAG_002,142
GCTGACCAGCAACAACTGAG_003,150
GCTGACCAGCAACAACTGAG_004,146
GCTGACCAGCAACAACTGAG_005,172
GCTGACCAGCAACAACTGAG_006,182
GCTGACCAGCAACAACTGAG_007,57
GCTGACCAGCAACAACTGAG_008,58
GCTGACCAGCAACAACTGAG_009,22
GCTGACCAGCAACAACTGAG_010,30
GCTGACCAGCAACAACTGAG_011,62
GCTGACCAGCAACAACTGAG_012,148
GCTGACCAGCAACAACTGAG_013,61
GCTGACCAGCAACAACTGAG_014,105
GCTGACCAGCAACAACTGAG_015,166
GCTGACCAGCAACAACTGAG_016,66
GCTGACCAGCAACAACTGAG_017,47
GCTGACCAGCAACAACTGAG_018,149
GCTGACCAGCAACAACTGAG_019,151
GCTGACCAGCAACAACTGAG_020,197
GCTGACCAGCAACAACTGAG_021,41
GCTGACCAGCAACAACTGAG_022,42
GCTGACCAGCAACAACTGAG_023,50
GAAGTGCCGCCACGACCAGT_001,170
GAAGTGCCGCCACGACCAGT_002,160
GAAGTGCCGCCACGACCAGT_003,146
GAAGTGCCGCCACGACCAGT_004,29
GAAGTGCCGCCACGACCAGT_005,170
GAAGTGCCGCCACGACCAGT_006,48
GAAGTGCCGCCACGACCAGT_007,62
GAAGTGCCGCCACGACCAGT_008,32
GAAGTGCCGCCACGACCAGT_009,157
GAAGTGCCGCCACGACCAGT_010,30
GAAGTGCCGCCACGACCAGT_011,90
GAAGTGCCGCCACGACCAGT_012,77
GAAGTGCCGCCACGACCAGT_013,82
GAAGTGCCGCCACGACCAGT_014,75
GAAGTGCCGCCACGACCAGT_015,144
GAAGTGCCGCCACGACCAGT_016,67
GAAGTGCCGCCACGACCAGT_017,134
GAAGTGCCGCCACGACCAGT_018,81
GAAGTGCCGCCACGACCAGT_019,171
GAAGTGCCGCCACGACCAGT_020,27
GAAGTGCCGCCACGACCAGT_021,144
GAAGTGCCGCCACGACCAGT_022,33
GAAGTGCCGCCACGACCAGT_023,197
GAAGTGCCGCCACGACCAGT_024,168
GAAGTGCCGCCACGACCAGT_025,3
GAAGTGCCGCCACGACCAGT_026,62
GAAGTGCCGCCACGACCAGT_027,49
GAAGTGCCGCCACGACCAGT_028,29
GAAGTGCCGCCACGACCAGT_029,30
GAAGTGCCGCCACGACCAGT_030,66
GAAGTGCCGCCACGACCAGT_031,162
ATAAATATAGGAAGTATACT_001,19
ATAAATATAGGAAGTATACT_002,77
ACTCCTTGGGGGTGACATGG_001,2
ACTCCTTGGGGGTGACATGG_002,78
ACTCCTTGGGGGTGACATGG_003,32
ACTCCTTGGGGGTGACATGG_004,96
ACTCCTTGGGGGTGACATGG_005,188
ACTCCTTGGGGGTGACATGG_006,199
ACTCCTTGGGGGTGACATGG_007,38
ACTCCTTGGGGGTGACATGG_008,153
ACTCCTTGGGGGTGACATGG_009,160
ACTCCTTGGGGGTGACATGG_010,29
ACTCCTTGGGGGTGACATGG_011,147
ACTCCTTGGGGGTGACATGG_012,139
ACTCCTTGGGGGTGACATGG_013,20
ACTCCTTGGGGGTGACATGG_014,29
ACTCCTTGGGGGTGACATGG_015,132
ACTCCTTGGGGGTGACATGG_016,147
ACTCCTTGGGGGTGACATGG_017,29
ACTCCTTGGGGGTGACATGG_018,98
ACTCCTTGGGGGTGACATGG_019,155
ACTCCTTGGGGGTGACATGG_020,182
ACTCCTTGGGGGTGACATGG_021,126
CTGGCCTGCCACAATTGAAG_001,37
CTGGCCTGCCACAATTGAAG_002,58
CTGGCCTGCCACAATTGAAG_003,48
CTGGCCTGCCACAATTGAAG_004,139
CTGGCCTGCCACAATTGAAG_005,155
CTGGCCTGCCACAATTGAAG_006,3
CTGGCCTGCCACAATTGAAG_007,72
GCACGCCTACGACATCAGCG_001,188
GCACGCCTACGACATCAGCG_002,57
GCACGCCTACGACATCAGCG_003,74
GCACGCCTACGACATCAGCG_004,22
GCACGCCTACGACATCAGCG_005,12
GCACGCCTACGACATCAGCG_006,41
GCACGCCTACGACATCAGCG_007,10
GCACGCCTACGACATCAGCG_008,184
GCACGCCTACGACATCAGCG_009,19
GCACGCCTACGACATCAGCG_010,121
GCACGCCTACGACATCAGCG_011,138
GCACGCCTACGACATCAGCG_012,188
GCACGCCTACGACATCAGCG_013,15
TAGATTTAAAGGTACAGTTG_001,158
TAGATTTAAAGGTACAGTTG_002,105
TAGATTTAAAGGTACAGTTG_003,30
TGGTCTCATTGAACAACATG_001,160
TGGTCTCATTGAACAACATG_002,83
TGGTCTCATTGAACAACATG_003,8
TGGTCTCATTGAACAACATG_004,115
TGGTCTCATTGAACAACATG_005,160
TGGTCTCATTGAACAACATG_006,81
TAGTTGCAGCGATCAGAACG_001,8
TAGTTGCAGCGATCAGAACG_002,77
TAGTTGCAGCGATCAGAACG_003,184
TAGTTGCAGCGATCAGAACG_004,6
TAGTTGCAGCGATCAGAACG_005,187
TAGTTGCAGCGATCAGAACG_006,171
TAGTTGCAGCGATCAGAACG_007,83
TAGTTGCAGCGATCAGAACG_008,159
TAGTTGCAGCGATCAGAACG_009,115
TAGTTGCAGCGATCAGAACG_010,94
TAGTTGCAGCGATCAGAACG_011,26
TAGTTGCAGCGATCAGAACG_012,192
TAGTTGCAGCGATCAGAACG_013,188
TAGTTGCAGCGATCAGAACG_014,43
ATCACAATTGAGAACAACCT_001,159
ATCACAATTGAGAACAACCT_002,70
ATCACAATTGAGAACAACCT_003,15
ATCACAATTGAGAACAACCT_004,163
ATCACAATTGAGAACAACCT_005,94
ATCACAATTGAGAACAACCT_006,173
ACCCTGGCTACGCTTACTTG_001,75
ACCCTGGCTACGCTTACTTG_002,80
ACCCTGGCTACGCTTACTTG_003,156
ACCCTGGCTACGCTTACTTG_004,20
ACCCTGGCTACGCTTACTTG_005,54
ACCCTGGCTACGCTTACTTG_006,174
ACCCTGGCTACGCTTACTTG_007,121
ACCCTGGCTACGCTTACTTG_008,197
ACCCTGGCTACGCTTACTTG_009,118
ACCCTGGCTACGCTTACTTG_010,147
ACCCTGGCTACGCTTACTTG_011,15
ACCCTGGCTACGCTTACTTG_012,147
ACCCTGGCTACGCTTACTTG_013,81
ATGGAAAACACTGGCGAACA_001,127
ATGGAAAACACTGGCGAACA_002,162
ATGGAAAACACTGGCGAACA_003,48
ATGGAAAACACTGGCGAACA_004,145
ATGGAAAACACTGGCGAACA_005,158
ATGGAAAACACTGGCGAACA_006,191
ATGGAAAACACTGGCGAACA_007,127
ATGGAAAACACTGGCGAACA_008,168
ATGGAAAACACTGGCGAACA_009,6
ATGGAAAACACTGGCGAACA_010,98
ATGGAAAACACTGGCGAACA_011,16
ATGGAAAACACTGGCGAACA_012,176
GGGCCAGTTGACCTTCAACG_001,175
GGGCCAGTTGACCTTCAACG_002,160
GGGCCAGTTGACCTTCAACG_003,62
GGGCCAGTTGACCTTCAACG_004,96
GGGCCAGTTGACCTTCAACG_005,55
GGGCCAGTTGACCTTCAACG_006,183
GGGCCAGTTGACCTTCAACG_007,76
GGGCCAGTTGACCTTCAACG_008,98
GGGCCAGTTGACCTTCAACG_009,98
GGGCCAGTTGACCTTCAACG_010,61
GGGCCAGTTGACCTTCAACG_011,120
GGGCCAGTTGACCTTCAACG_012,125
GGGCCAGTTGACCTTCAACG_013,20
GGGCCAGTTGACCTTCAACG_014,34
GGGCCAGTTGACCTTCAACG_015,75
GGGCCAGTTGACCTTCAACG_016,168
GGGCCAGTTGACCTTCAACG_017,58
GGGCCAGTTGACCTTCAACG_018,94
GGGCCAGTTGACCTTCAACG_019,82
AGGACTTTGAGTACTCTCAG_001,132
AGGACTTTGAGTACTCTCAG_002,101
AGGACTTTGAGTACTCTCAG_003,105
AGGACTTTGAGTACTCTCAG_004,168
AGGACTTTGAGTACTCTCAG_005,117
AGGACTTTGAGTACTCTCAG_006,91
AGGACTTTGAGTACTCTCAG_007,148
AGGACTTTGAGTACTCTCAG_008,113
AGGACTTTGAGTACTCTCAG_009,23
AGGACTTTGAGTACTCTCAG_010,72
AGGACTTTGAGTACTCTCAG_011,10
AGGACTTTGAGTACTCTCAG_012,197
AATCAAAGTGGAATGCGAAG_001,64
AATCAAAGTGGAATGCGAAG_002,45
AATCAAAGTGGAATGCGAAG_003,48
AATCAAAGTGGAATGCGAAG_004,152
AATCAAAGTGGAATGCGAAG_005,5
AATCAAAGTGGAATGCGAAG_006,84
AATCAAAGTGGAATGCGAAG_007,55
ACAGCGGTTAGATGGCGTCA_001,58
ACAGCGGTTAGATGGCGTCA_002,105
ACAGCGGTTAGATGGCGTCA_003,177
ACAGCGGTTAGATGGCGTCA_004,50
ACAGCGGTTAGATGGCGTCA_005,158
ACAGCGGTTAGATGGCGTCA_006,46
ACAGCGGTTAGATGGCGTCA_007,142
ACAGCGGTTAGATGGCGTCA_008,74
ACAGCGGTTAGATGGCGTCA_009,184
ACAGCGGTTAGATGGCGTCA_010,11
ACAGCGGTTAGATGGCGTCA_011,78
ACAGCGGTTAGATGGCGTCA_012,154
ACAGCGGTTAGATGGCGTCA_013,172
ACAGCGGTTAGATGGCGTCA_014,19
ACAGCGGTTAGATGGCGTCA_015,69
ACAGCGGTTAGATGGCGTCA_016,168
ACAGCGGTTAGATGGCGTCA_017,94
GTTCATGGGTAGCTCCACCC_001,137
GTTCATGGGTAGCTCCACCC_002,151
ATCCTCATGCCATCCCACGC_001,95
ATCCTCATGCCATCCCACGC_002,187
ATCCTCATGCCATCCCACGC_003,113
ATCCTCATGCCATCCCACGC_004,12
ATCCTCATGCCATCCCACGC_005,49
ATCCTCATGCCATCCCACGC_006,199
ATCCTCATGCCATCCCACGC_007,58
ATCCTCATGCCATCCCACGC_008,136
ATCCTCATGCCATCCCACGC_009,188
ATCCTCATGCCATCCCACGC_010,88
ATCCTCATGCCATCCCACGC_011,57
ATCCTCATGCCATCCCACGC_012,102
ATCCTCATGCCATCCCACGC_013,187
ATCCTCATGCCATCCCACGC_014,174
ATCCTCATGCCATCCCACGC_015,155
ATCCTCATGCCATCCCACGC_016,30
CAGAAATGTAAGAAATCTGG_001,15
CAGAAATGTAAGAAATCTGG_002,115
CAGAAATGTAAGAAATCTGG_003,81
TCAGGGCAGCAACAAGACCG_001,158
TCAGGGCAGCAACAAGACCG_002,82
TCAGGGCAGCAACAAGACCG_003,151
AGTTGGAAATAAAATCGATA_001,44
AGTTGGAAATAAAATCGATA_002,73
AGTTGGAAATAAAATCGATA_003,85
AGTTGGAAATAAAATCGATA_004,108
AGCGGACGTAGACTCATACA_001,81
AGCGGACGTAGACTCATACA_002,101
AGCGGACGTAGACTCATACA_003,147
AGCGGACGTAGACTCATACA_004,130
AGCGGACGTAGACTCATACA_005,31
AGCGGACGTAGACTCATACA_006,122
AGCGGACGTAGACTCATACA_007,41
AGCGGACGTAGACTCATACA_008,130
AGCGGACGTAGACTCATACA_009,175
AGCGGACGTAGACTCATACA_010,166
AGCGGACGTAGACTCATACA_011,9
AGCGGACGTAGACTCATACA_012,47
AGCGGACGTAGACTCATACA_013,35
AGCGGACGTAGACTCATACA_014,35
TGGTGGGGACTTGGAACACG_001,160
TGGTGGGGACTTGGAACACG_002,113
TGGTGGGGACTTGGAACACG_003,50
TGGTGGGGACTTGGAACACG_004,50
CTTGAGCTCGATGGGCAACA_001,58
CTTGAGCTCGATGGGCAACA_002,94
CTTGAGCTCGATGGGCAACA_003,69
CTTGAGCTCGATGGGCAACA_004,147
CTTGAGCTCGATGGGCAACA_005,6
CTTGAGCTCGATGGGCAACA_006,196
CTTGAGCTCGATGGGCAACA_007,91
CTTGAGCTCGATGGGCAACA_008,55
CTTGAGCTCGATGGGCAACA_009,29
CTTGAGCTCGATGGGCAACA_010,17
CTTGAGCTCGATGGGCAACA_011,5
CTTGAGCTCGATGGGCAACA_012,88
CTTGAGCTCGATGGGCAACA_013,198
CTTGAGCTCGATGGGCAACA_014,96
CTTGAGCTCGATGGGCAACA_015,48
CTTGAGCTCGATGGGCAACA_016,78
CTTGAGCTCGATGGGCAACA_017,162
CTTGAGCTCGATGGGCAACA_018,158
CTTGAGCTCGATGGGCAACA_019,81
CTTGAGCTCGATGGGCAACA_020,111
CTTGAGCTCGATGGGCAACA_021,142
CTTGAGCTCGATGGGCAACA_022,77
CTTGAGCTCGATGGGCAACA_023,106
ACGTTTAATGAAATCCACCA_001,51
ACGTTTAATGAAATCCACCA_002,113
ACGTTTAATGAAATCCACCA_003,94
ACGTTTAATGAAATCCACCA_004,142
ACGTTTAATGAAATCCACCA_005,94
ACGTTTAATGAAATCCACCA_006,9
ACGTTTAATGAAATCCACCA_007,137
ACGTTTAATGAAATCCACCA_008,156
ACGTTTAATGAAATCCACCA_009,175
ACGTTTAATGAAATCCACCA_010,8
ACGTTTAATGAAATCCACCA_011,12
ACGTTTAATGAAATCCACCA_012,70
GCAGATCGAATACGTGTTCG_001,149
GCAGATCGAATACGTGTTCG_002,181
GCAGATCGAATACGTGTTCG_003,169
GCAGATCGAATACGTGTTCG_004,105
GCAGATCGAATACGTGTTCG_005,120
GCAGATCGAATACGTGTTCG_006,161
GACACTTAATTATGGCCTAG_001,92
GACACTTAATTATGGCCTAG_002,28
GATAACAGTCCATGTAGTAG_001,176
GATAACAGTCCATGTAGTAG_002,20
CAAGTCAGTCAAATTCAGAG_001,161
GTGTCAGTCACGGAGCCCAA_001,188
GTGTCAGTCACGGAGCCCAA_002,165
GTGTCAGTCACGGAGCCCAA_003,115
GTGTCAGTCACGGAGCCCAA_004,2
GTGTCAGTCACGGAGCCCAA_005,56
GTGTCAGTCACGGAGCCCAA_006,10
GTGTCAGTCACGGAGCCCAA_007,145
GTGTCAGTCACGGAGCCCAA_008,130
GTGTCAGTCACGGAGCCCAA_009,124
GTGTCAGTCACGGAGCCCAA_010,69
GTGTCAGTCACGGAGCCCAA_011,10
AAAAAATGAAGACTTGAGGG_001,177
GCTGTATGAAGACCGCAAAG_001,31
GCTGTATGAAGACCGCAAAG_002,93
GCTGTATGAAGACCGCAAAG_003,130
GCTGTATGAAGACCGCAAAG_004,115
GCTGTATGAAGACCGCAAAG_005,175
GCTGTATGAAGACCGCAAAG_006,175
GCTGTATGAAGACCGCAAAG_007,56
GCTGTATGAAGACCGCAAAG_008,150
TGCAGGTTATGATGTATGGA_001,151
TGCAGGTTATGATGTATGGA_002,175
TGCAGGTTATGATGTATGGA_003,100
TGCAGGTTATGATGTATGGA_004,150
TGCAGGTTATGATGTATGGA_005,100
TGCAGGTTATGATGTATGGA_006,77
TGCAGGTTATGATGTATGGA_007,130
ATAGTGGCATTGAACCGTCA_001,23
ATAGTGGCATTGAACCGTCA_002,159
ATAGTGGCATTGAACCGTCA_003,198
ATAGTGGCATTGAACCGTCA_004,129
ATAGTGGCATTGAACCGTCA_005,160
ATAGTGGCATTGAACCGTCA_006,18
ATAGTGGCATTGAACCGTCA_007,194
ATAGTGGCATTGAACCGTCA_008,117
GGAGCTGTTCATCGAACAGA_001,51
GGCGGCGCCCATAGCTGTAG_001,1
GGCGGCGCCCATAGCTGTAG_002,168
GGCGGCGCCCATAGCTGTAG_003,59
GGCGGCGCCCATAGCTGTAG_004,130
GGCGGCGCCCATAGCTGTAG_005,90
GGCGGCGCCCATAGCTGTAG_006,125
GGCGGCGCCCATAGCTGTAG_007,155
GGCGGCGCCCATAGCTGTAG_008,89
GGCGGCGCCCATAGCTGTAG_009,80
GGCGGCGCCCATAGCTGTAG_010,199
GGCGGCGCCCATAGCTGTAG_011,107
GGCGGCGCCCATAGCTGTAG_012,93
TAAAGGCTGCCAAAGCAGGT_001,12
TAAAGGCTGCCAAAGCAGGT_002,11
TAAAGGCTGCCAAAGCAGGT_003,191
TAAAGGCTGCCAAAGCAGGT_004,157
TAAAGGCTGCCAAAGCAGGT_005,41
TTTGTTGGCCACATCTACGG_001,182
TTTGTTGGCCACATCTACGG_002,70
TTTGTTGGCCACATCTACGG_003,117
TTTGTTGGCCACATCTACGG_004,190
TTTGTTGGCCACATCTACGG_005,147
GATGAAGACATGTTCAAGAT_001,80
GATGAAGACATGTTCAAGAT_002,154
GATGAAGACATGTTCAAGAT_003,28
GATGAAGACATGTTCAAGAT_004,101
GATGAAGACATGTTCAAGAT_005,44
GATGAAGACATGTTCAAGAT_006,156
GATGAAGACATGTTCAAGAT_007,38
GATGAAGACATGTTCAAGAT_008,77
GATGAAGACATGTTCAAGAT_009,125
GATGAAGACATGTTCAAGAT_010,198
GATGAAGACATGTTCAAGAT_011,72
GATGAAGACATGTTCAAGAT_012,150
GATGAAGACATGTTCAAGAT_013,184
GATGAAGACATGTTCAAGAT_014,15
GATGAAGACATGTTCAAGAT_015,82
GATGAAGACATGTTCAAGAT_016,78
CCACCCAAAATGGATTCCTG_001,137
CCACCCAAAATGGATTCCTG_002,49
CCACCCAAAATGGATTCCTG_003,7
CCACCCAAAATGGATTCCTG_004,32
CCACCCAAAATGGATTCCTG_005,62
CCACCCAAAATGGATTCCTG_006,118
CCACCCAAAATGGATTCCTG_007,50
CCACCCAAAATGGATTCCTG_008,18
CCACCCAAAATGGATTCCTG_009,172
CCACCCAAAATGGATTCCTG_010,15
CCACCCAAAATGGATTCCTG_011,93
CCACCCAAAATGGATTCCTG_012,15
CCACCCAAAATGGATTCCTG_013,46
CCACCCAAAATGGATTCCTG_014,126
CCACCCAAAATGGATTCCTG_015,113
CCACCCAAAATGGATTCCTG_016,52
CCACCCAAAATGGATTCCTG_017,137
CCACCCAAAATGGATTCCTG_018,3
CCACCCAAAATGGATTCCTG_019,59
CCACCCAAAATGGATTCCTG_020,46
CCACCCAAAATGGATTCCTG_021,167
CCACCCAAAATGGATTCCTG_022,82
TTCGTCCTGCCCAAAATCGT_001,195
TTCGTCCTGCCCAAAATCGT_002,29
TTCGTCCTGCCCAAAATCGT_003,105
TTCGTCCTGCCCAAAATCGT_004,9
TTCGTCCTGCCCAAAATCGT_005,153
TTCGTCCTGCCCAAAATCGT_006,78
TTCGTCCTGCCCAAAATCGT_007,1
ATACAGTGTCCAGACAGACT_001,198
ATACAGTGTCCAGACAGACT_002,184
TTCTTACATAAAGCATCTGG_001,15
TTCTTACATAAAGCATCTGG_002,4
TTCTTACATAAAGCATCTGG_003,65
TTCTTACATAAAGCATCTGG_004,60
GCAGACTTTGCGGCTATGCG_001,103
GCAGACTTTGCGGCTATGCG_002,157
GCAGACTTTGCGGCTATGCG_003,119
GCAGACTTTGCGGCTATGCG_004,147
GCAGACTTTGCGGCTATGCG_005,118
GCAGACTTTGCGGCTATGCG_006,120
GCAGACTTTGCGGCTATGCG_007,120
GCAGACTTTGCGGCTATGCG_008,82
TGTAGGGCTCTCGCAACGCC_001,134
TGTAGGGCTCTCGCAACGCC_002,157
TGTAGGGCTCTCGCAACGCC_003,82
TGTAGGGCTCTCGCAACGCC_004,61
TGTAGGGCTCTCGCAACGCC_005,137
TGTAGGGCTCTCGCAACGCC_006,26
TGTAGGGCTCTCGCAACGCC_007,170
TGTAGGGCTCTCGCAACGCC_008,26
TGTAGGGCTCTCGCAACGCC_009,25
TGTAGGGCTCTCGCAACGCC_010,103
TGTAGGGCTCTCGCAACGCC_011,11
TGTAGGGCTCTCGCAACGCC_012,66
TGTAGGGCTCTCGCAACGCC_013,79
GACCAGTGGATTGTCCCAGG_001,64
GACCAGTGGATTGTCCCAGG_002,0
GACCAGTGGATTGTCCCAGG_003,184
GACCAGTGGATTGTCCCAGG_004,56
GACCAGTGGATTGTCCCAGG_005,50
GACCAGTGGATTGTCCCAGG_006,30
GACCAGTGGATTGTCCCAGG_007,69
GACCAGTGGATTGTCCCAGG_008,112
GACCAGTGGATTGTCCCAGG_009,3
GACCAGTGGATTGTCCCAGG_010,39
GACCAGTGGATTGTCCCAGG_011,6
GACCAGTGGATTGTCCCAGG_012,144
GACCAGTGGATTGTCCCAGG_013,157
AGAGATCAGCTTTAAGTTGG_001,34
AGAGATCAGCTTTAAGTTGG_002,52
AGAGATCAGCTTTAAGTTGG_003,76
AGAGATCAGCTTTAAGTTGG_004,50
AGAGATCAGCTTTAAGTTGG_005,102
AATAGAGAAGTCATATCCTG_001,120
AATAGAGAAGTCATATCCTG_002,117
AATAGAGAAGTCATATCCTG_003,161
AATAGAGAAGTCATATCCTG_004,43
AATAGAGAAGTCATATCCTG_005,184
AATAGAGAAGTCATATCCTG_006,172
AATAGAGAAGTCATATCCTG_007,105
AATAGAGAAGTCATATCCTG_008,27
AATAGAGAAGTCATATCCTG_009,12
CTTGTATGGTAAGTTTCCGG_001,116
CTTGTATGGTAAGTTTCCGG_002,140
GGATCCTGCAGCTGCTCAGG_001,198
GGATCCTGCAGCTGCTCAGG_002,58
GGATCCTGCAGCTGCTCAGG_003,82
GGATCCTGCAGCTGCTCAGG_004,175
GGATCCTGCAGCTGCTCAGG_005,42
GGATCCTGCAGCTGCTCAGG_006,78
GGATCCTGCAGCTGCTCAGG_007,127
GGATCCTGCAGCTGCTCAGG_008,55
GGATCCTGCAGCTGCTCAGG_009,191
GGATCCTGCAGCTGCTCAGG_010,105
GGATCCTGCAGCTGCTCAGG_011,154
GGATCCTGCAGCTGCTCAGG_012,62
GGATCCTGCAGCTGCTCAGG_013,122
GGATCCTGCAGCTGCTCAGG_014,94
GGATCCTGCAGCTGCTCAGG_015,118
TGTCACCTCGCAGACCATCT_001,189
TGTCACCTCGCAGACCATCT_002,97
TGTCACCTCGCAGACCATCT_003,5
TGTCACCTCGCAGACCATCT_004,32
TGTCACCTCGCAGACCATCT_005,84
TGTCACCTCGCAGACCATCT_006,8
TGTCACCTCGCAGACCATCT_007,111
TGTCACCTCGCAGACCATCT_008,127
TGTCACCTCGCAGACCATCT_009,48
TGTCACCTCGCAGACCATCT_010,7
TGTCACCTCGCAGACCATCT_011,107
TGTCACCTCGCAGACCATCT_012,154
TGTCACCTCGCAGACCATCT_013,145
TGTCACCTCGCAGACCATCT_014,68
TGTCACCTCGCAGACCATCT_015,58
TGTCACCTCGCAGACCATCT_016,128
TGTCACCTCGCAGACCATCT_017,188
TGTCACCTCGCAGACCATCT_018,144
TGTCACCTCGCAGACCATCT_019,160
TGTCACCTCGCAGACCATCT_020,108
TGTCACCTCGCAGACCATCT_021,2
TGTCACCTCGCAGACCATCT_022,11
TGTCACCTCGCAGACCATCT_023,170
TGTCACCTCGCAGACCATCT_024,45
CCTGCCCCCAGCAAACCAGG_001,184
CCTGCCCCCAGCAAACCAGG_002,120
CCTGCCCCCAGCAAACCAGG_003,158
CCTGCCCCCAGCAAACCAGG_004,83
CCTGCCCCCAGCAAACCAGG_005,145
CCTGCCCCCAGCAAACCAGG_006,9
CCTGCCCCCAGCAAACCAGG_007,130
CCTGCCCCCAGCAAACCAGG_008,119
CCTGCCCCCAGCAAACCAGG_009,31
CCTGCCCCCAGCAAACCAGG_010,94
CCTGCCCCCAGCAAACCAGG_011,4
CCTGCCCCCAGCAAACCAGG_012,7
CCTGCCCCCAGCAAACCAGG_013,141
CCTGCCCCCAGCAAACCAGG_014,56
CCTGCCCCCAGCAAACCAGG_015,168
CCTGCCCCCAGCAAACCAGG_016,80
CCTGCCCCCAGCAAACCAGG_017,6
CCTGCCCCCAGCAAACCAGG_018,81
GAAGTGAAAGTGATTGTGCT_001,63
GAAGTGAAAGTGATTGTGCT_002,158
GAAGTGAAAGTGATTGTGCT_003,175
GAAGTGAAAGTGATTGTGCT_004,5
GAAGTGAAAGTGATTGTGCT_005,12
GAAGTGAAAGTGATTGTGCT_006,142
GAAGTGAAAGTGATTGTGCT_007,53
GAAGTGAAAGTGATTGTGCT_008,70
GAAGTGAAAGTGATTGTGCT_009,148
GAAGTGAAAGTGATTGTGCT_010,102
GAAGTGAAAGTGATTGTGCT_011,83
GAAGTGAAAGTGATTGTGCT_012,72
GAAGTGAAAGTGATTGTGCT_013,16
ACATGCACCGATAAGCTATG_001,85
ACATGCACCGATAAGCTATG_002,12
ACATGCACCGATAAGCTATG_003,138
ACATGCACCGATAAGCTATG_004,184
ACATGCACCGATAAGCTATG_005,9
ACATGCACCGATAAGCTATG_006,62
ACATGCACCGATAAGCTATG_007,48
ACATGCACCGATAAGCTATG_008,62
ACATGCACCGATAAGCTATG_009,88
ACATGCACCGATAAGCTATG_010,127
ACATGCACCGATAAGCTATG_011,11
ACATGCACCGATAAGCTATG_012,170
ACATGCACCGATAAGCTATG_013,69
ATGACCACAACTGTAGCACT_001,63
ATGACCACAACTGTAGCACT_002,78
ATGACCACAACTGTAGCACT_003,191
ATGACCACAACTGTAGCACT_004,115
ATGACCACAACTGTAGCACT_005,34
ATGACCACAACTGTAGCACT_006,179
ATGACCACAACTGTAGCACT_007,168
ATGACCACAACTGTAGCACT_008,62
ATGACCACAACTGTAGCACT_009,191
ATGACCACAACTGTAGCACT_010,62
ATGACCACAACTGTAGCACT_011,175
ATGACCACAACTGTAGCACT_012,186
ATGACCACAACTGTAGCACT_013,130
CCTCACAGGGACTTTCATCA_001,57
CCTCACAGGGACTTTCATCA_002,144
CCTCACAGGGACTTTCATCA_003,29
CCTCACAGGGACTTTCATCA_004,106
CCTCACAGGGACTTTCATCA_005,172
CCTCACAGGGACTTTCATCA_006,170
CCTCACAGGGACTTTCATCA_007,112
CCTCACAGGGACTTTCATCA_008,175
CCTCACAGGGACTTTCATCA_009,50
CCTCACAGGGACTTTCATCA_010,147
CCTCACAGGGACTTTCATCA_011,35
CCTCACAGGGACTTTCATCA_012,49
CCTCACAGGGACTTTCATCA_013,46
CCTCACAGGGACTTTCATCA_014,169
GACCTCAGCTTACCCAACAT_001,150
GACCTCAGCTTACCCAACAT_002,121
AGCTCTGCTCACACTCAGGG_001,150
AGCTCTGCTCACACTCAGGG_002,104
AGCTCTGCTCACACTCAGGG_003,76
AGCTCTGCTCACACTCAGGG_004,140
AGCTCTGCTCACACTCAGGG_005,67
AGCTCTGCTCACACTCAGGG_006,132
AGCTCTGCTCACACTCAGGG_007,77
AGCTCTGCTCACACTCAGGG_008,186
AGCTCTGCTCACACTCAGGG_009,104
AGCTCTGCTCACACTCAGGG_010,41
AGCTCTGCTCACACTCAGGG_011,184
AGCTCTGCTCACACTCAGGG_012,94
AGCTCTGCTCACACTCAGGG_013,147
AGCTCTGCTCACACTCAGGG_014,57
AGCTCTGCTCACACTCAGGG_015,68
AGCTCTGCTCACACTCAGGG_016,33
AGCTCTGCTCACACTCAGGG_017,160
AGCTCTGCTCACACTCAGGG_018,61
AGCTCTGCTCACACTCAGGG_019,66
AGCTCTGCTCACACTCAGGG_020,27
AGCTCTGCTCACACTCAGGG_021,40
AGCTCTGCTCACACTCAGGG_022,17
AGCTCTGCTCACACTCAGGG_023,164
AGCTCTGCTCACACTCAGGG_024,164
AGCTGACCACGTGATTATCA_001,21
AGCTGACCACGTGATTATCA_002,98
AGCTGACCACGTGATTATCA_003,163
AGCTGACCACGTGATTATCA_004,56
AGCTGACCACGTGATTATCA_005,175
GCTGCTTCCTCAGGACACTG_001,34
GCTGCTTCCTCAGGACACTG_002,188
GCTGCTTCCTCAGGACACTG_003,159
GCTGCTTCCTCAGGACACTG_004,49
GCTGCTTCCTCAGGACACTG_005,105
GCTGCTTCCTCAGGACACTG_006,133
GCTGCTTCCTCAGGACACTG_007,55
GCTGCTTCCTCAGGACACTG_008,43
GCTGCTTCCTCAGGACACTG_009,187
GCTGCTTCCTCAGGACACTG_010,56
GCTGCTTCCTCAGGACACTG_011,108
GCTGCTTCCTCAGGACACTG_012,102
GCTGCTTCCTCAGGACACTG_013,169
GCTGCTTCCTCAGGACACTG_014,45
GCTGCTTCCTCAGGACACTG_015,29
GCTGCTTCCTCAGGACACTG_016,77
GCTGCTTCCTCAGGACACTG_017,62
GCTGCTTCCTCAGGACACTG_018,140
GCTGCTTCCTCAGGACACTG_019,42
GCTGCTTCCTCAGGACACTG_020,70
GCTGCTTCCTCAGGACACTG_021,136
GCTGCTTCCTCAGGACACTG_022,123
GCCGTCGGACGACACCCGAG_001,147
GCCGTCGGACGACACCCGAG_002,4
GCCGTCGGACGACACCCGAG_003,181
GCAACAGCTAGAGATACAGC_001,168
GCAACAGCTAGAGATACAGC_002,25
GCAACAGCTAGAGATACAGC_003,27
GGACAGAAATATCATCACGG_001,41
GGACAGAAATATCATCACGG_002,57
ATGAGCAATGCCATATAGCG_001,45
ATGAGCAATGCCATATAGCG_002,137
ATGAGCAATGCCATATAGCG_003,128
ATGAGCAATGCCATATAGCG_004,130
CAAACATATGGTACCCTCAG_001,167
GAAGTACATCAACACGACTC_001,199
GAAGTACATCAACACGACTC_002,199
GAAGTACATCAACACGACTC_003,18
GAAGTACATCAACACGACTC_004,17
GAAGTACATCAACACGACTC_005,17
GAAGTACATCAACACGACTC_006,103
GAAGTACATCAACACGACTC_007,13
GAAGTACATCAACACGACTC_008,169
GAAGTACATCAACACGACTC_009,65
GAAGTACATCAACACGACTC_010,68
GAAGTACATCAACACGACTC_011,108
GAAGTACATCAACACGACTC_012,146
ACTTATTCAGGCAAGAGCAC_001,98
ACTTATTCAGGCAAGAGCAC_002,26
ACTTATTCAGGCAAGAGCAC_003,181
ACTTATTCAGGCAAGAGCAC_004,183
ACTTATTCAGGCAAGAGCAC_005,130
ACAAAATGGTTGGATTGCTG_001,116
ACAAAATGGTTGGATTGCTG_002,135
ACAAAATGGTTGGATTGCTG_003,92
ACAAAATGGTTGGATTGCTG_004,65
ACAAAATGGTTGGATTGCTG_005,176
ACAAAATGGTTGGATTGCTG_006,174
CTCCCAGCCATGGCTTAGGG_001,9
CTCCCAGCCATGGCTTAGGG_002,41
CCAGTGGGACCAGAGGTCAG_001,106
CCAGTGGGACCAGAGGTCAG_002,134
CCAGTGGGACCAGAGGTCAG_003,32
CCAGTGGGACCAGAGGTCAG_004,188
CCAGTGGGACCAGAGGTCAG_005,60
CCAGTGGGACCAGAGGTCAG_006,116
CCAGTGGGACCAGAGGTCAG_007,30
CCAGTGGGACCAGAGGTCAG_008,131
CCAGTGGGACCAGAGGTCAG_009,13
CCAGTGGGACCAGAGGTCAG_010,86
CCAGTGGGACCAGAGGTCAG_011,58
CCAGTGGGACCAGAGGTCAG_012,1
CCAGTGGGACCAGAGGTCAG_013,184
CCAGTGGGACCAGAGGTCAG_014,197
CCAGTGGGACCAGAGGTCAG_015,167
CCAGTGGGACCAGAGGTCAG_016,127
CCAGTGGGACCAGAGGTCAG_017,41
CCAGTGGGACCAGAGGTCAG_018,118
CCAGTGGGACCAGAGGTCAG_019,178
CCAGTGGGACCAGAGGTCAG_020,57
CCAGTGGGACCAGAGGTCAG_021,75
CCAGTGGGACCAGAGGTCAG_022,158
CCAGTGGGACCAGAGGTCAG_023,62
CCAGTGGGACCAGAGGTCAG_024,187
CCAGTGGGACCAGAGGTCAG_025,6
CCAGTGGGACCAGAGGTCAG_026,147
CCAGTGGGACCAGAGGTCAG_027,146
CCAGTGGGACCAGAGGTCAG_028,78
CCAGTGGGACCAGAGGTCAG_029,81
CCAGTGGGACCAGAGGTCAG_030,118
CCAGTGGGACCAGAGGTCAG_031,168
CCAGTGGGACCAGAGGTCAG_032,106
CCAGTGGGACCAGAGGTCAG_033,76
CCAGTGGGACCAGAGGTCAG_034,98
CCAGTGGGACCAGAGGTCAG_035,108
GGCCGAGTACGGGCTGTACG_001,57
GGCCGAGTACGGGCTGTACG_002,146
GGCCGAGTACGGGCTGTACG_003,28
GGCCGAGTACGGGCTGTACG_004,150
GGCCGAGTACGGGCTGTACG_005,18
GGCCGAGTACGGGCTGTACG_006,18
GGCCGAGTACGGGCTGTACG_007,29
GGCCGAGTACGGGCTGTACG_008,116
GGCCGAGTACGGGCTGTACG_009,106
GGCCGAGTACGGGCTGTACG_010,56
GGCCGAGTACGGGCTGTACG_011,58
GGCCGAGTACGGGCTGTACG_012,190
GGCCGAGTACGGGCTGTACG_013,70
GGCCGAGTACGGGCTGTACG_014,146
GGCCGAGTACGGGCTGTACG_015,178
GGCCGAGTACGGGCTGTACG_016,7
GGCCGAGTACGGGCTGTACG_017,18
GCTGAGAATAGCGAAGTGCG_001,150
GCTGAGAATAGCGAAGTGCG_002,172
GCTGAGAATAGCGAAGTGCG_003,56
GCTGAGAATAGCGAAGTGCG_004,37
AGCATCACCCCAGCAGATGT_001,43
AGCATCACCCCAGCAGATGT_002,11
AGCATCACCCCAGCAGATGT_003,17
AGCATCACCCCAGCAGATGT_004,168
AGCATCACCCCAGCAGATGT_005,15
AGCATCACCCCAGCAGATGT_006,139
AGCATCACCCCAGCAGATGT_007,70
AGCATCACCCCAGCAGATGT_008,62
AGCATCACCCCAGCAGATGT_009,103
AGCATCACCCCAGCAGATGT_010,16
AGCATCACCCCAGCAGATGT_011,21
AGCATCACCCCAGCAGATGT_012,39
AGCATCACCCCAGCAGATGT_013,28
AGCATCACCCCAGCAGATGT_014,49
CTTTGCTAGATAAATCCAGC_001,15
CTTTGCTAGATAAATCCAGC_002,93
CTTTGCTAGATAAATCCAGC_003,67
ATGGCAGAGTCATTAGATGG_001,78
ATGGCAGAGTCATTAGATGG_002,159
ATGGCAGAGTCATTAGATGG_003,185
ATGGCAGAGTCATTAGATGG_004,139
GCCGCTGGTGATGACAAGAA_001,198
GCCGCTGGTGATGACAAGAA_002,28
GCCGCTGGTGATGACAAGAA_003,48
GCCGCTGGTGATGACAAGAA_004,45
GCCGCTGGTGATGACAAGAA_005,157
GCCGCTGGTGATGACAAGAA_006,125
GCCGCTGGTGATGACAAGAA_007,74
GCCGCTGGTGATGACAAGAA_008,178
GCCGCTGGTGATGACAAGAA_009,108
GCCGCTGGTGATGACAAGAA_010,158
GCCGCTGGTGATGACAAGAA_011,49
GCCGCTGGTGATGACAAGAA_012,105
GCCGCTGGTGATGACAAGAA_013,81
GCCGCTGGTGATGACAAGAA_014,76
GCCGCTGGTGATGACAAGAA_015,146
GCCGCTGGTGATGACAAGAA_016,75
GCCGCTGGTGATGACAAGAA_017,63
GCCGCTGGTGATGACAAGAA_018,78
GCCGCTGGTGATGACAAGAA_019,124
AGAGCCTACTAGAAACGGTG_001,183
AGAGCCTACTAGAAACGGTG_002,7
AGAGCCTACTAGAAACGGTG_003,83
AGAGCCTACTAGAAACGGTG_004,157
AGAGCCTACTAGAAACGGTG_005,171
AGAGCCTACTAGAAACGGTG_006,147
AGAGCCTACTAGAAACGGTG_007,141
AGAGCCTACTAGAAACGGTG_008,98
AGAGCCTACTAGAAACGGTG_009,125
AGAGCCTACTAGAAACGGTG_010,183
AGAGCCTACTAGAAACGGTG_011,192
AGAGCCTACTAGAAACGGTG_012,143
AGAGCCTACTAGAAACGGTG_013,143
AGAGCCTACTAGAAACGGTG_014,9
AGAGCCTACTAGAAACGGTG_015,178
AGAGCCTACTAGAAACGGTG_016,166
AGAGCCTACTAGAAACGGTG_017,58
AGAGCCTACTAGAAACGGTG_018,188
AGAGCCTACTAGAAACGGTG_019,130
AGAGCCTACTAGAAACGGTG_020,77
AGAGCCTACTAGAAACGGTG_021,147
AGAGCCTACTAGAAACGGTG_022,190
AGAGCCTACTAGAAACGGTG_023,107
AGAGCCTACTAGAAACGGTG_024,168
AGAGCCTACTAGAAACGGTG_025,42
AGAGCCTACTAGAAACGGTG_026,27
AGAGCCTACTAGAAACGGTG_027,89
AGAGCCTACTAGAAACGGTG_028,188
AGAGCCTACTAGAAACGGTG_029,12
AGAGCCTACTAGAAACGGTG_030,15
AGAGCCTACTAGAAACGGTG_031,34
AGAGCCTACTAGAAACGGTG_032,138
AGAGCCTACTAGAAACGGTG_033,48
AGAGCCTACTAGAAACGGTG_034,174
AGAGCCTACTAGAAACGGTG_035,140
AGAGCCTACTAGAAACGGTG_036,3
AGAGCCTACTAGAAACGGTG_037,174
AGAGCCTACTAGAAACGGTG_038,63
CTTCGACACATGGGATAACG_001,44
GCTATTTGCATTGCAGCTGT_001,74
CCACACAAAATACAAAGTAG_001,58
CTATTAATGAGTTCATCCAG_001,53
CTATTAATGAGTTCATCCAG_002,165
CTATTAATGAGTTCATCCAG_003,56
CTATTAATGAGTTCATCCAG_004,145
CTATTAATGAGTTCATCCAG_005,4
CTATTAATGAGTTCATCCAG_006,141
GCTCGTTCGAACAGTCGTGA_001,54
GCTCGTTCGAACAGTCGTGA_002,17
GCTCGTTCGAACAGTCGTGA_003,158
GCTCGTTCGAACAGTCGTGA_004,82
GCTCGTTCGAACAGTCGTGA_005,28
GCTCGTTCGAACAGTCGTGA_006,60
GCTCGTTCGAACAGTCGTGA_007,139
GCTCGTTCGAACAGTCGTGA_008,169
GCTCGTTCGAACAGTCGTGA_009,3
GCTCGTTCGAACAGTCGTGA_010,17
GCTCGTTCGAACAGTCGTGA_011,103
GCTCGTTCGAACAGTCGTGA_012,14
GCTCGTTCGAACAGTCGTGA_013,134
GCTCGTTCGAACAGTCGTGA_014,146
GCTCGTTCGAACAGTCGTGA_015,168
GCTCGTTCGAACAGTCGTGA_016,130
GCTCGTTCGAACAGTCGTGA_017,42
GCTCGTTCGAACAGTCGTGA_018,178
GTAGAGCATAAGGAGCACAT_001,146
GTAGAGCATAAGGAGCACAT_002,61
GTAGAGCATAAGGAGCACAT_003,188
GTAGAGCATAAGGAGCACAT_004,63
GTAGAGCATAAGGAGCACAT_005,12
GTAGAGCATAAGGAGCACAT_006,83
GTAGAGCATAAGGAGCACAT_007,161
GTAGAGCATAAGGAGCACAT_008,77
GTTGGGGGCGAGCTCAATGG_001,119
GTTGGGGGCGAGCTCAATGG_002,70
GTTGGGGGCGAGCTCAATGG_003,160
GTTGGGGGCGAGCTCAATGG_004,168
GTCTTTGCTGGGGAGTATGA_001,122
GTCTTTGCTGGGGAGTATGA_002,141
GTCTTTGCTGGGGAGTATGA_003,15
GTCTTTGCTGGGGAGTATGA_004,46
GTCTTTGCTGGGGAGTATGA_005,4
GTCTTTGCTGGGGAGTATGA_006,120
GTCTTTGCTGGGGAGTATGA_007,7
GTCTTTGCTGGGGAGTATGA_008,70
GTCTTTGCTGGGGAGTATGA_009,156
GTCTTTGCTGGGGAGTATGA_010,103
GTCTTTGCTGGGGAGTATGA_011,147
GTCTTTGCTGGGGAGTATGA_012,192
GTCTTTGCTGGGGAGTATGA_013,127
GTCTTTGCTGGGGAGTATGA_014,191
GTCTTTGCTGGGGAGTATGA_015,36
GTCTTTGCTGGGGAGTATGA_016,177
GTCTTTGCTGGGGAGTATGA_017,188
GTCTTTGCTGGGGAGTATGA_018,117
GTCTTTGCTGGGGAGTATGA_019,138
GTCTTTGCTGGGGAGTATGA_020,12
GTCTTTGCTGGGGAGTATGA_021,94
GTCTTTGCTGGGGAGTATGA_022,130
GTCTTTGCTGGGGAGTATGA_023,136
GTCTTTGCTGGGGAGTATGA_024,182
GTCTTTGCTGGGGAGTATGA_025,9
GTCTTTGCTGGGGAGTATGA_026,58
GTCTTTGCTGGGGAGTATGA_027,28
GTCTTTGCTGGGGAGTATGA_028,191
GTCTTTGCTGGGGAGTATGA_029,37
TCGCCCTTCAACCATCGACC_001,175
TCGCCCTTCAACCATCGACC_002,145
TCGCCCTTCAACCATCGACC_003,11
TCGCCCTTCAACCATCGACC_004,94
TCGCCCTTCAACCATCGACC_005,106
TCGCCCTTCAACCATCGACC_006,77
TCGCCCTTCAACCATCGACC_007,141
TCGCCCTTCAACCATCGACC_008,98
TCGCCCTTCAACCATCGACC_009,176
TCGCCCTTCAACCATCGACC_010,77
TCGCCCTTCAACCATCGACC_011,84
TAATCCAGATGGGCACAGAT_001,115
TAATCCAGATGGGCACAGAT_002,115
TAATCCAGATGGGCACAGAT_003,17
TAATCCAGATGGGCACAGAT_004,105
TAATCCAGATGGGCACAGAT_005,127
TAATCCAGATGGGCACAGAT_006,133
TAATCCAGATGGGCACAGAT_007,32
TAATCCAGATGGGCACAGAT_008,83
TAATCCAGATGGGCACAGAT_009,177
TAATCCAGATGGGCACAGAT_010,41
TAATCCAGATGGGCACAGAT_011,117
TAATCCAGATGGGCACAGAT_012,192
TAATCCAGATGGGCACAGAT_013,96
TAATCCAGATGGGCACAGAT_014,137
TAATCCAGATGGGCACAGAT_015,138
TAATCCAGATGGGCACAGAT_016,49
TAATCCAGATGGGCACAGAT_017,122
TAATCCAGATGGGCACAGAT_018,113
TAATCCAGATGGGCACAGAT_019,12
TAATCCAGATGGGCACAGAT_020,82
TAATCCAGATGGGCACAGAT_021,116
TAATCCAGATGGGCACAGAT_022,56
TAATCCAGATGGGCACAGAT_023,140
TAATCCAGATGGGCACAGAT_024,176
TAATCCAGATGGGCACAGAT_025,162
TAATCCAGATGGGCACAGAT_026,33
TAATCCAGATGGGCACAGAT_027,28
TAATCCAGATGGGCACAGAT_028,1
TAATCCAGATGGGCACAGAT_029,81
TAATCCAGATGGGCACAGAT_030,98
CTTGGCGGAAAACTCGTGCA_001,101
CTTGGCGGAAAACTCGTGCA_002,101
CTTGGCGGAAAACTCGTGCA_003,84
CTTGGCGGAAAACTCGTGCA_004,187
CTTGGCGGAAAACTCGTGCA_005,117
CTTGGCGGAAAACTCGTGCA_006,145
CTTGGCGGAAAACTCGTGCA_007,76
GGAGACATATGCGACATGTG_001,6
GGAGACATATGCGACATGTG_002,150
GGAGACATATGCGACATGTG_003,199
GGAGACATATGCGACATGTG_004,180
GGAGACATATGCGACATGTG_005,160
GAGCAGTTCGCAGTGTTGCG_001,166
GAGCAGTTCGCAGTGTTGCG_002,81
GAGCAGTTCGCAGTGTTGCG_003,50
GAGCAGTTCGCAGTGTTGCG_004,9
GAGCAGTTCGCAGTGTTGCG_005,12
GAGCAGTTCGCAGTGTTGCG_006,191
GAGCAGTTCGCAGTGTTGCG_007,115
GAGCAGTTCGCAGTGTTGCG_008,150
GAGCAGTTCGCAGTGTTGCG_009,139
GAGCAGTTCGCAGTGTTGCG_010,171
GAGCAGTTCGCAGTGTTGCG_011,34
GAGCAGTTCGCAGTGTTGCG_012,126
CCCCTGTCACCTGTACGGCA_001,94
CCCCTGTCACCTGTACGGCA_002,88
CCCCTGTCACCTGTACGGCA_003,19
CCCCTGTCACCTGTACGGCA_004,57
CCCCTGTCACCTGTACGGCA_005,161
CCCCTGTCACCTGTACGGCA_006,74
CCCCTGTCACCTGTACGGCA_007,15
CCCCTGTCACCTGTACGGCA_008,102
CCCCTGTCACCTGTACGGCA_009,28
CCCCTGTCACCTGTACGGCA_010,37
CAGTCAGGACCACGTAACTG_001,158
CAGTCAGGACCACGTAACTG_002,185
CAGTCAGGACCACGTAACTG_003,185
CAGTCAGGACCACGTAACTG_004,69
CAGTCAGGACCACGTAACTG_005,15
CAGTCAGGACCACGTAACTG_006,48
CAGTCAGGACCACGTAACTG_007,48
CAGTCAGGACCACGTAACTG_008,115
CAGTCAGGACCACGTAACTG_009,121
CAGTCAGGACCACGTAACTG_010,12
CAGTCAGGACCACGTAACTG_011,133
CAGTCAGGACCACGTAACTG_012,52
CAGTCAGGACCACGTAACTG_013,68
CAGTCAGGACCACGTAACTG_014,50
CAGTCAGGACCACGTAACTG_015,102
CAGTCAGGACCACGTAACTG_016,198
CAGTCAGGACCACGTAACTG_017,166
CAGTCAGGACCACGTAACTG_018,175
CAGTCAGGACCACGTAACTG_019,79
CAGTCAGGACCACGTAACTG_020,41
ATCACAAGGTCGTATTACAG_001,34
ATCACAAGGTCGTATTACAG_002,32
ATCACAAGGTCGTATTACAG_003,19
ATCACAAGGTCGTATTACAG_004,170
ATCACAAGGTCGTATTACAG_005,121
ATCACAAGGTCGTATTACAG_006,0
ATCACAAGGTCGTATTACAG_007,115
ATCACAAGGTCGTATTACAG_008,28
ATCACAAGGTCGTATTACAG_009,174
ATCACAAGGTCGTATTACAG_010,142
AGGAGCTGAACTCTGTAATG_001,75
AGGAGCTGAACTCTGTAATG_002,102
AGGAGCTGAACTCTGTAATG_003,151
AGGAGCTGAACTCTGTAATG_004,133
AGGAGCTGAACTCTGTAATG_005,13
AGGAGCTGAACTCTGTAATG_006,28
AGGAGCTGAACTCTGTAATG_007,105
AGGAGCTGAACTCTGTAATG_008,156
AGGAGCTGAACTCTGTAATG_009,50
AGGAGCTGAACTCTGTAATG_010,67
AGGAGCTGAACTCTGTAATG_011,185
AGGAGCTGAACTCTGTAATG_012,94
AGGAGCTGAACTCTGTAATG_013,90
AGGAGCTGAACTCTGTAATG_014,77
AGGAGCTGAACTCTGTAATG_015,56
AGGAGCTGAACTCTGTAATG_016,168
GAAGTGCAGCTTTACAGGTA_001,196
GAAGTGCAGCTTTACAGGTA_002,100
GAAGTGCAGCTTTACAGGTA_003,106
GAAGTGCAGCTTTACAGGTA_004,107
GAAGTGCAGCTTTACAGGTA_005,157
GAAGTGCAGCTTTACAGGTA_006,68
GAAGTGCAGCTTTACAGGTA_007,68
GAAGTGCAGCTTTACAGGTA_008,59
GAAGTGCAGCTTTACAGGTA_009,18
GAAGTGCAGCTTTACAGGTA_010,49
GAAGTGCAGCTTTACAGGTA_011,168
GAAGTGCAGCTTTACAGGTA_012,124
AGTATCGGATGACTTTCAAG_001,142
AGTATCGGATGACTTTCAAG_002,127
AGTATCGGATGACTTTCAAG_003,75
AGTATCGGATGACTTTCAAG_004,57
GAGTGACACAGATGACCTGT_001,158
GAGTGACACAGATGACCTGT_002,192
GAGTGACACAGATGACCTGT_003,83
GAGTGACACAGATGACCTGT_004,57
TGTGGCTAAGTTCCTGAATG_001,178
TGTGGCTAAGTTCCTGAATG_002,190
TGTGGCTAAGTTCCTGAATG_003,112
TGTGGCTAAGTTCCTGAATG_004,134
TGTGGCTAAGTTCCTGAATG_005,35
TGTGGCTAAGTTCCTGAATG_006,170
TGTGGCTAAGTTCCTGAATG_007,52
TGTGGCTAAGTTCCTGAATG_008,151
TGTGGCTAAGTTCCTGAATG_009,168
TGTGGCTAAGTTCCTGAATG_010,119
GCCAACTTCCAGCACCAATG_001,198
GCCAACTTCCAGCACCAATG_002,145
GCCAACTTCCAGCACCAATG_003,160
GCCAACTTCCAGCACCAATG_004,34
GCCAACTTCCAGCACCAATG_005,121
GCCAACTTCCAGCACCAATG_006,165
CCAAATAAGACTTACATGCC_001,107
CCAAATAAGACTTACATGCC_002,156
CCAAATAAGACTTACATGCC_003,128
CCAAATAAGACTTACATGCC_004,50
CCAAATAAGACTTACATGCC_005,130
CCAAATAAGACTTACATGCC_006,150
CCAAATAAGACTTACATGCC_007,38
CCAAATAAGACTTACATGCC_008,68
CCAAATAAGACTTACATGCC_009,185
CCAAATAAGACTTACATGCC_010,33
CCAAATAAGACTTACATGCC_011,76
GAAGTCTTCATGCACCACAC_001,161
GAAGTCTTCATGCACCACAC_002,137
GAAGTCTTCATGCACCACAC_003,48
GAAGTCTTCATGCACCACAC_004,169
GAAGTCTTCATGCACCACAC_005,44
GAAGTCTTCATGCACCACAC_006,29
GAAGTCTTCATGCACCACAC_007,1
GAAGTCTTCATGCACCACAC_008,36
GAAGTCTTCATGCACCACAC_009,80
GAAGTCTTCATGCACCACAC_010,195
GAAGTCTTCATGCACCACAC_011,113
GAAGTCTTCATGCACCACAC_012,3
GAAGTCTTCATGCACCACAC_013,56
GAAGTCTTCATGCACCACAC_014,10
GAAGTCTTCATGCACCACAC_015,137
GAAGTCTTCATGCACCACAC_016,116
GAAGTCTTCATGCACCACAC_017,94
TGGTCCATTTAGGTGAATGG_001,127
TGGTCCATTTAGGTGAATGG_002,12
TGGTCCATTTAGGTGAATGG_003,128
TGGTCCATTTAGGTGAATGG_004,11
TGGTCCATTTAGGTGAATGG_005,24
TGGTCCATTTAGGTGAATGG_006,152
TGGTCCATTTAGGTGAATGG_007,118
TGGTCCATTTAGGTGAATGG_008,83
TGGTCCATTTAGGTGAATGG_009,152
ATGGGCAAGGTCCACCATCA_001,127
ATGGGCAAGGTCCACCATCA_002,1
ATGGGCAAGGTCCACCATCA_003,105
ATGGGCAAGGTCCACCATCA_004,120
ATGGGCAAGGTCCACCATCA_005,74
ATGGGCAAGGTCCACCATCA_006,48
ATGGGCAAGGTCCACCATCA_007,162
ATGGGCAAGGTCCACCATCA_008,81
ATGGGCAAGGTCCACCATCA_009,43
ATGGGCAAGGTCCACCATCA_010,25
ATGGGCAAGGTCCACCATCA_011,198
ATGGGCAAGGTCCACCATCA_012,9
AGAAATGGCTGGAATCACCT_001,105
AGAAATGGCTGGAATCACCT_002,188
AGAAATGGCTGGAATCACCT_003,32
AGAAATGGCTGGAATCACCT_004,130
AGAAATGGCTGGAATCACCT_005,1
AGAAATGGCTGGAATCACCT_006,190
AGAAATGGCTGGAATCACCT_007,187
CTGTACGCACACACCATCGC_001,0
CTGTACGCACACACCATCGC_002,64
CTGTACGCACACACCATCGC_003,58
CTGTACGCACACACCATCGC_004,120
CTGTCTGTCCTGAAGCAAGT_001,105
CTGTCTGTCCTGAAGCAAGT_002,62
CTGTCTGTCCTGAAGCAAGT_003,170
CTGTCTGTCCTGAAGCAAGT_004,88
CTGTCTGTCCTGAAGCAAGT_005,60
CTGTCTGTCCTGAAGCAAGT_006,59
CAGAATGGAACGGTGCGCAT_001,182
CAGAATGGAACGGTGCGCAT_002,154
CAGAATGGAACGGTGCGCAT_003,70
CAGAATGGAACGGTGCGCAT_004,77
CAGAATGGAACGGTGCGCAT_005,108
CAGAATGGAACGGTGCGCAT_006,63
CAGAATGGAACGGTGCGCAT_007,16
CAGAATGGAACGGTGCGCAT_008,76
CAGAATGGAACGGTGCGCAT_009,8
CAGAATGGAACGGTGCGCAT_010,50
CAGAATGGAACGGTGCGCAT_011,184
CAGAATGGAACGGTGCGCAT_012,113
CAGAATGGAACGGTGCGCAT_013,32
CAGAATGGAACGGTGCGCAT_014,130
CAGAATGGAACGGTGCGCAT_015,10
CAGAATGGAACGGTGCGCAT_016,166
CAGAATGGAACGGTGCGCAT_017,179
CAGAATGGAACGGTGCGCAT_018,198
CAGAATGGAACGGTGCGCAT_019,162
AATAAACTGGGATAATCGAT_001,65
AATAAACTGGGATAATCGAT_002,166
AATAAACTGGGATAATCGAT_003,47
AATAAACTGGGATAATCGAT_004,184
CAAAGTGAGTCTGAAACCGT_001,1
CAAAGTGAGTCTGAAACCGT_002,181
CAAAGTGAGTCTGAAACCGT_003,70
CAAAGTGAGTCTGAAACCGT_004,62
TGCGCGTCCTGAGTTCATGG_001,108
TGCGCGTCCTGAGTTCATGG_002,183
TGCGCGTCCTGAGTTCATGG_003,81
TGCGCGTCCTGAGTTCATGG_004,134
TGCGCGTCCTGAGTTCATGG_005,98
TGCGCGTCCTGAGTTCATGG_006,147
TGCGCGTCCTGAGTTCATGG_007,175
TGCGCGTCCTGAGTTCATGG_008,17
TGCGCGTCCTGAGTTCATGG_009,155
TGCGCGTCCTGAGTTCATGG_010,70
TGCGCGTCCTGAGTTCATGG_011,67
TGCGCGTCCTGAGTTCATGG_012,90
TGCGCGTCCTGAGTTCATGG_013,150
TGCGCGTCCTGAGTTCATGG_014,72
GATGCTTACCAAGTAATCAT_001,0
TCCCAACGAATGGCTGACCA_001,70
TCCCAACGAATGGCTGACCA_002,60
TCCCAACGAATGGCTGACCA_003,2
TCCCAACGAATGGCTGACCA_004,135
TCCCAACGAATGGCTGACCA_005,171
TCCCAACGAATGGCTGACCA_006,0
TGTGTACTCTTGAGATGTCG_001,148
TGTGTACTCTTGAGATGTCG_002,168
TGTGTACTCTTGAGATGTCG_003,2
TGTGTACTCTTGAGATGTCG_004,147
GCTGTGTTGCACCCAGAACG_001,144
GCTGTGTTGCACCCAGAACG_002,170
GCTGTGTTGCACCCAGAACG_003,197
GCTGTGTTGCACCCAGAACG_004,99
GCTGTGTTGCACCCAGAACG_005,38
GCTGTGTTGCACCCAGAACG_006,80
GGGGAACTGGATCTAGACAA_001,40
AAACCCAAAGATAAGGCACT_001,129
AAACCCAAAGATAAGGCACT_002,17
AAACCCAAAGATAAGGCACT_003,175
AAACCCAAAGATAAGGCACT_004,142
ATGGTTAAAAGAGTACTGGT_001,64
ATGGTTAAAAGAGTACTGGT_002,147
ATGGTTAAAAGAGTACTGGT_003,118
ATGGTTAAAAGAGTACTGGT_004,190
ATGGTTAAAAGAGTACTGGT_005,65
ATGGTTAAAAGAGTACTGGT_006,5
ATGGTTAAAAGAGTACTGGT_007,98
ATGGTTAAAAGAGTACTGGT_008,115
ATGGTTAAAAGAGTACTGGT_009,22
ATGGTTAAAAGAGTACTGGT_010,193
ATGGTTAAAAGAGTACTGGT_011,140
ATGGTTAAAAGAGTACTGGT_012,105
ATGGTTAAAAGAGTACTGGT_013,10
ATGGTTAAAAGAGTACTGGT_014,39
ATGGTTAAAAGAGTACTGGT_015,36
TCAAAGCTCAAGAAGTCCAG_001,107
TCAAAGCTCAAGAAGTCCAG_002,86
TCAAAGCTCAAGAAGTCCAG_003,118
TCAAAGCTCAAGAAGTCCAG_004,77
TCAAAGCTCAAGAAGTCCAG_005,75
TCAAAGCTCAAGAAGTCCAG_006,182
TCAAAGCTCAAGAAGTCCAG_007,35
TCAAAGCTCAAGAAGTCCAG_008,148
TCAAAGCTCAAGAAGTCCAG_009,145
TCAAAGCTCAAGAAGTCCAG_010,158
TCAAAGCTCAAGAAGTCCAG_011,160
TCAAAGCTCAAGAAGTCCAG_012,152
TCAAAGCTCAAGAAGTCCAG_013,102
TCAAAGCTCAAGAAGTCCAG_014,30
GGCACTTGCTGTACATGACG_001,117
GGCACTTGCTGTACATGACG_002,172
GGCACTTGCTGTACATGACG_003,120
GGCACTTGCTGTACATGACG_004,86
GGCACTTGCTGTACATGACG_005,67
GGCACTTGCTGTACATGACG_006,43
GGCACTTGCTGTACATGACG_007,49
GGCACTTGCTGTACATGACG_008,149
GGCACTTGCTGTACATGACG_009,39
GGCACTTGCTGTACATGACG_010,171
GGCACTTGCTGTACATGACG_011,183
GGCACTTGCTGTACATGACG_012,76
GGCACTTGCTGTACATGACG_013,1
GGCACTTGCTGTACATGACG_014,66
GGCACTTGCTGTACATGACG_015,111
GGCACTTGCTGTACATGACG_016,105
GGCACTTGCTGTACATGACG_017,170
CACTTGAAGTAGGAGCACTG_001,148
CACTTGAAGTAGGAGCACTG_002,29
CACTTGAAGTAGGAGCACTG_003,147
CACTTGAAGTAGGAGCACTG_004,146
CACTTGAAGTAGGAGCACTG_005,197
CACTTGAAGTAGGAGCACTG_006,18
CACTTGAAGTAGGAGCACTG_007,129
CACTTGAAGTAGGAGCACTG_008,48
CACTTGAAGTAGGAGCACTG_009,3
CACTTGAAGTAGGAGCACTG_010,97
CACTTGAAGTAGGAGCACTG_011,101
CACTTGAAGTAGGAGCACTG_012,63
CACTTGAAGTAGGAGCACTG_013,139
CACTTGAAGTAGGAGCACTG_014,153
CACTTGAAGTAGGAGCACTG_015,117
CACTTGAAGTAGGAGCACTG_016,156
CACTTGAAGTAGGAGCACTG_017,95
CACTTGAAGTAGGAGCACTG_018,122
CACTTGAAGTAGGAGCACTG_019,137
CACTTGAAGTAGGAGCACTG_020,162
CACTTGAAGTAGGAGCACTG_021,120
CACTTGAAGTAGGAGCACTG_022,138
CACTTGAAGTAGGAGCACTG_023,142
CACTTGAAGTAGGAGCACTG_024,120
CACTTGAAGTAGGAGCACTG_025,137
CACTTGAAGTAGGAGCACTG_026,91
CACTTGAAGTAGGAGCACTG_027,47
CACTTGAAGTAGGAGCACTG_028,161
CACTTGAAGTAGGAGCACTG_029,61
CACTTGAAGTAGGAGCACTG_030,158
CACTTGAAGTAGGAGCACTG_031,2
CACTTGAAGTAGGAGCACTG_032,159
CACTTGAAGTAGGAGCACTG_033,34
CACTTGAAGTAGGAGCACTG_034,65
CACTTGAAGTAGGAGCACTG_035,181
CACTTGAAGTAGGAGCACTG_036,150
CACTTGAAGTAGGAGCACTG_037,149
CCTGGCTGCTTACCCCAGTG_001,127
CCTGGCTGCTTACCCCAGTG_002,82
CCTGGCTGCTTACCCCAGTG_003,175
CCTGGCTGCTTACCCCAGTG_004,27
CCTGGCTGCTTACCCCAGTG_005,108
CCTGGCTGCTTACCCCAGTG_006,183
CCTGGCTGCTTACCCCAGTG_007,9
CCTGGCTGCTTACCCCAGTG_008,191
CCTGGCTGCTTACCCCAGTG_009,29
CCTGGCTGCTTACCCCAGTG_010,56
CCTGGCTGCTTACCCCAGTG_011,6
GGTATCCAAGGGTTGTATCG_001,145
GGTATCCAAGGGTTGTATCG_002,26
GGTATCCAAGGGTTGTATCG_003,105
GGTATCCAAGGGTTGTATCG_004,34
GGTATCCAAGGGTTGTATCG_005,56
GTCAGTGCATTCGAAGTAGT_001,80
GTCAGTGCATTCGAAGTAGT_002,45
GTCAGTGCATTCGAAGTAGT_003,148
GTCAGTGCATTCGAAGTAGT_004,78
GTCAGTGCATTCGAAGTAGT_005,153
GTCAGTGCATTCGAAGTAGT_006,17
TCTGAAAAATAGGCCCAACC_001,59
TCTGAAAAATAGGCCCAACC_002,23
TCTGAAAAATAGGCCCAACC_003,114
TCTGAAAAATAGGCCCAACC_004,135
TCTGAAAAATAGGCCCAACC_005,170
TCTGAAAAATAGGCCCAACC_006,127
TTGCCATCCGCACACCACTG_001,133
TTGCCATCCGCACACCACTG_002,42
TTGCCATCCGCACACCACTG_003,115
TTGCCATCCGCACACCACTG_004,162
TTGCCATCCGCACACCACTG_005,26
TTGCCATCCGCACACCACTG_006,119
TTGCCATCCGCACACCACTG_007,5
TTGCCATCCGCACACCACTG_008,138
TTGCCATCCGCACACCACTG_009,103
TTGCCATCCGCACACCACTG_010,152
TTGCCATCCGCACACCACTG_011,188
TTGCCATCCGCACACCACTG_012,9
TTGCCATCCGCACACCACTG_013,18
TTGCCATCCGCACACCACTG_014,162
TTGCCATCCGCACACCACTG_015,149
TTGCCATCCGCACACCACTG_016,162
TGGATTGGTCGTGTTCATCG_001,56
TGGATTGGTCGTGTTCATCG_002,8
TGGATTGGTCGTGTTCATCG_003,8
TGGATTGGTCGTGTTCATCG_004,1
TGGATTGGTCGTGTTCATCG_005,12
TGGATTGGTCGTGTTCATCG_006,161
TGGATTGGTCGTGTTCATCG_007,10
TGGATTGGTCGTGTTCATCG_008,147
GGTGGTCTCGGATTAGTCAG_001,162
GGTGGTCTCGGATTAGTCAG_002,140
GGTGGTCTCGGATTAGTCAG_003,50
GGTGGTCTCGGATTAGTCAG_004,115
GGTGGTCTCGGATTAGTCAG_005,104
GGTGGTCTCGGATTAGTCAG_006,85
GGTGGTCTCGGATTAGTCAG_007,130
GGTGGTCTCGGATTAGTCAG_008,115
GGTGGTCTCGGATTAGTCAG_009,151
GGTGGTCTCGGATTAGTCAG_010,185
GGTGGTCTCGGATTAGTCAG_011,185
GGTGGTCTCGGATTAGTCAG_012,177
GGTGGTCTCGGATTAGTCAG_013,42
GGTGGTCTCGGATTAGTCAG_014,96
GGTGGTCTCGGATTAGTCAG_015,30
GGTGGTCTCGGATTAGTCAG_016,175
GGTGGTCTCGGATTAGTCAG_017,34
GGTGGTCTCGGATTAGTCAG_018,116
GGTGGTCTCGGATTAGTCAG_019,97
GGTGGTCTCGGATTAGTCAG_020,198
GGTGGTCTCGGATTAGTCAG_021,126
GGTGGTCTCGGATTAGTCAG_022,102
GTGCGCCCTCGTGTCCCTCA_001,113
GTGCGCCCTCGTGTCCCTCA_002,169
GTGCGCCCTCGTGTCCCTCA_003,142
GTGCGCCCTCGTGTCCCTCA_004,70
GTGCGCCCTCGTGTCCCTCA_005,82
GTGCGCCCTCGTGTCCCTCA_006,174
GTGCGCCCTCGTGTCCCTCA_007,48
GTGCGCCCTCGTGTCCCTCA_008,160
GTGCGCCCTCGTGTCCCTCA_009,167
GTGCGCCCTCGTGTCCCTCA_010,167
GTGCGCCCTCGTGTCCCTCA_011,160
GTGCGCCCTCGTGTCCCTCA_012,127
GTGCGCCCTCGTGTCCCTCA_013,58
GTGCGCCCTCGTGTCCCTCA_014,13
GTGCGCCCTCGTGTCCCTCA_015,94
GTGCGCCCTCGTGTCCCTCA_016,139
GTGCGCCCTCGTGTCCCTCA_017,83
GTGCGCCCTCGTGTCCCTCA_018,65
GTGCGCCCTCGTGTCCCTCA_019,188
GTGCGCCCTCGTGTCCCTCA_020,41
GTGCGCCCTCGTGTCCCTCA_021,105
GTGCGCCCTCGTGTCCCTCA_022,0
GTGCGCCCTCGTGTCCCTCA_023,113
GTGCGCCCTCGTGTCCCTCA_024,85
GTGCGCCCTCGTGTCCCTCA_025,169
GTGCGCCCTCGTGTCCCTCA_026,31
GTGCGCCCTCGTGTCCCTCA_027,134
GTGCGCCCTCGTGTCCCTCA_028,70
CTCGTACTATTAGGACTAGG_001,28
CTCGTACTATTAGGACTAGG_002,136
CTGTGCTTAGCATCACCTAC_001,115
CTGTGCTTAGCATCACCTAC_002,50
CTGTGCTTAGCATCACCTAC_003,169
CTGTGCTTAGCATCACCTAC_004,162
CTGTGCTTAGCATCACCTAC_005,143
CTGTGCTTAGCATCACCTAC_006,106
GCACACAAGTTAATCAACCC_001,127
GCACACAAGTTAATCAACCC_002,27
GGCCTCAACTACCAAGTGTG_001,163
GGCCTCAACTACCAAGTGTG_002,23
GGCCTCAACTACCAAGTGTG_003,2
GGCCTCAACTACCAAGTGTG_004,134
GGCCTCAACTACCAAGTGTG_005,76
GGCCTCAACTACCAAGTGTG_006,189
GGCCTCAACTACCAAGTGTG_007,153
GGCCTCAACTACCAAGTGTG_008,15
TGTTTCCATTAAGCTAACCA_001,177
TGTTTCCATTAAGCTAACCA_002,130
TGTTTCCATTAAGCTAACCA_003,127
TGTTTCCATTAAGCTAACCA_004,167
TGTTTCCATTAAGCTAACCA_005,184
TGTTTCCATTAAGCTAACCA_006,67
GCGGCTGCTATCCCGCTGCG_001,9
GCGGCTGCTATCCCGCTGCG_002,87
GCGGCTGCTATCCCGCTGCG_003,190
TGGTAAAGACGAATTTGCAC_001,101
TGGTAAAGACGAATTTGCAC_002,174
CACAAACATGCCAAGCCCCG_001,153
CACAAACATGCCAAGCCCCG_002,9
CACAAACATGCCAAGCCCCG_003,92
CACAAACATGCCAAGCCCCG_004,191
CACAAACATGCCAAGCCCCG_005,169
ACTCGAGTACAATCGTGGAA_001,65
ACTCGAGTACAATCGTGGAA_002,144
ACTCGAGTACAATCGTGGAA_003,147
ACTCGAGTACAATCGTGGAA_004,19
ACTCGAGTACAATCGTGGAA_005,27
ACTCGAGTACAATCGTGGAA_006,58
ACTCGAGTACAATCGTGGAA_007,56
ACTCGAGTACAATCGTGGAA_008,163
ACTCGAGTACAATCGTGGAA_009,0
ACTCGAGTACAATCGTGGAA_010,164
ACTCGAGTACAATCGTGGAA_011,195
ACTCGAGTACAATCGTGGAA_012,40
ACTCGAGTACAATCGTGGAA_013,85
ACTCGAGTACAATCGTGGAA_014,182
ACTCGAGTACAATCGTGGAA_015,98
ACTCGAGTACAATCGTGGAA_016,169
CTGATGTGCGGCCATACGTG_001,115
CTGATGTGCGGCCATACGTG_002,183
CTGATGTGCGGCCATACGTG_003,35
CTGATGTGCGGCCATACGTG_004,49
CTGATGTGCGGCCATACGTG_005,169
CTGATGTGCGGCCATACGTG_006,150
CTGATGTGCGGCCATACGTG_007,8
GTGGGACGTACCCTTCGCCG_001,178
GTGGGACGTACCCTTCGCCG_002,178
GTGGGACGTACCCTTCGCCG_003,1
GTGGGACGTACCCTTCGCCG_004,149
GTGGGACGTACCCTTCGCCG_005,0
GTGGGACGTACCCTTCGCCG_006,160
GTGGGACGTACCCTTCGCCG_007,127
GTGGGACGTACCCTTCGCCG_008,3
GTGGGACGTACCCTTCGCCG_009,88
GTGGGACGTACCCTTCGCCG_010,160
GTGGGACGTACCCTTCGCCG_011,106
GACAACAGCCGACTTCACCG_001,171
GACAACAGCCGACTTCACCG_002,198
GACAACAGCCGACTTCACCG_003,40
GACAACAGCCGACTTCACCG_004,159
GACAACAGCCGACTTCACCG_005,129
GACAACAGCCGACTTCACCG_006,184
GACAACAGCCGACTTCACCG_007,77
GACAACAGCCGACTTCACCG_008,169
GACAACAGCCGACTTCACCG_009,153
GACAACAGCCGACTTCACCG_010,115
GACAACAGCCGACTTCACCG_011,78
GACAACAGCCGACTTCACCG_012,66
ATCACAACTATAGCCTCCAA_001,169
ATCACAACTATAGCCTCCAA_002,88
ATCACAACTATAGCCTCCAA_003,184
ACTGACCTGGATGTTGTCAA_001,58
ACTGACCTGGATGTTGTCAA_002,152
ACTGACCTGGATGTTGTCAA_003,106
ACTGACCTGGATGTTGTCAA_004,138
ACTGACCTGGATGTTGTCAA_005,175
ACTGACCTGGATGTTGTCAA_006,149
ACTGACCTGGATGTTGTCAA_007,44
ACTGACCTGGATGTTGTCAA_008,118
ACTGACCTGGATGTTGTCAA_009,30
ACTGACCTGGATGTTGTCAA_010,115
ACTGACCTGGATGTTGTCAA_011,144
ACTGACCTGGATGTTGTCAA_012,91
ACTGACCTGGATGTTGTCAA_013,100
ACTGACCTGGATGTTGTCAA_014,82
ACTGACCTGGATGTTGTCAA_015,147
ACTGACCTGGATGTTGTCAA_016,70
ACTGACCTGGATGTTGTCAA_017,108
ACTGACCTGGATGTTGTCAA_018,141
ACTGACCTGGATGTTGTCAA_019,160
ACTGACCTGGATGTTGTCAA_020,144
ACTGACCTGGATGTTGTCAA_021,67
ACTGACCTGGATGTTGTCAA_022,129
ACTGACCTGGATGTTGTCAA_023,165
ACTGACCTGGATGTTGTCAA_024,170
ACTGACCTGGATGTTGTCAA_025,177
ACTGACCTGGATGTTGTCAA_026,161
ACTGACCTGGATGTTGTCAA_027,28
ACTGACCTGGATGTTGTCAA_028,113
ACTGACCTGGATGTTGTCAA_029,25
CTGGGGTCGCTAATCCCTGA_001,37
CTGGGGTCGCTAATCCCTGA_002,4
GGCGGCGGTCACCATAGAGA_001,12
GGCGGCGGTCACCATAGAGA_002,127
GGCGGCGGTCACCATAGAGA_003,166
GGCGGCGGTCACCATAGAGA_004,77
GGCGGCGGTCACCATAGAGA_005,13
GGCGGCGGTCACCATAGAGA_006,47
GGCGGCGGTCACCATAGAGA_007,12
GGCGGCGGTCACCATAGAGA_008,60
GGCGGCGGTCACCATAGAGA_009,19
GGCGGCGGTCACCATAGAGA_010,61
GGCGGCGGTCACCATAGAGA_011,52
GGCGGCGGTCACCATAGAGA_012,48
GGCGGCGGTCACCATAGAGA_013,151
CGTACCAGTGCGGTGACCCG_001,115
CGTACCAGTGCGGTGACCCG_002,29
CGTACCAGTGCGGTGACCCG_003,52
CGTACCAGTGCGGTGACCCG_004,91
CGTACCAGTGCGGTGACCCG_005,55
CGTACCAGTGCGGTGACCCG_006,145
CGTACCAGTGCGGTGACCCG_007,25
CGTACCAGTGCGGTGACCCG_008,21
CGTACCAGTGCGGTGACCCG_009,28
GGGGACCCTGAAAGAATACG_001,34
GGGGACCCTGAAAGAATACG_002,138
GGGGACCCTGAAAGAATACG_003,142
GGGGACCCTGAAAGAATACG_004,183
GGGGACCCTGAAAGAATACG_005,88
GGGGACCCTGAAAGAATACG_006,18
ATATATCAGAGCAAAATATG_001,161
AGTATGAATTACCTCATGTG_001,134
AGTATGAATTACCTCATGTG_002,50
AGTATGAATTACCTCATGTG_003,88
AGTATGAATTACCTCATGTG_004,145
AGTATGAATTACCTCATGTG_005,65
AGTATGAATTACCTCATGTG_006,67
AGTATGAATTACCTCATGTG_007,169
AGTATGAATTACCTCATGTG_008,88
AGTATGAATTACCTCATGTG_009,3
AGTATGAATTACCTCATGTG_010,35
AGTATGAATTACCTCATGTG_011,90
GCTGCACCTGCATCGGCGTG_001,181
GCTGCACCTGCATCGGCGTG_002,6
GCTGCACCTGCATCGGCGTG_003,60
GCTGCACCTGCATCGGCGTG_004,102
GCTGCACCTGCATCGGCGTG_005,196
GCTGCACCTGCATCGGCGTG_006,119
GCTGCACCTGCATCGGCGTG_007,92
GCTGCACCTGCATCGGCGTG_008,1
GCTGCACCTGCATCGGCGTG_009,126
GCTGCACCTGCATCGGCGTG_010,77
GCTGCACCTGCATCGGCGTG_011,158
GCTGCACCTGCATCGGCGTG_012,115
GCTGCACCTGCATCGGCGTG_013,184
AGGCTCTGTAGATAGCGCGG_001,17
AGGCTCTGTAGATAGCGCGG_002,105
AGGCTCTGTAGATAGCGCGG_003,94
AGGCTCTGTAGATAGCGCGG_004,37
AGGCTCTGTAGATAGCGCGG_005,170
AGGCTCTGTAGATAGCGCGG_006,160
AGGCTCTGTAGATAGCGCGG_007,96
AGGCTCTGTAGATAGCGCGG_008,34
AGGCTCTGTAGATAGCGCGG_009,104
AGGCTCTGTAGATAGCGCGG_010,35
GCCTGAGGCAGGTCTCGTGA_001,193
GCCTGAGGCAGGTCTCGTGA_002,174
GCCTGAGGCAGGTCTCGTGA_003,19
GCCTGAGGCAGGTCTCGTGA_004,66
GCCTGAGGCAGGTCTCGTGA_005,176
GCCTGAGGCAGGTCTCGTGA_006,11
GCCTGAGGCAGGTCTCGTGA_007,161
GCCTGAGGCAGGTCTCGTGA_008,28
GTTAGTACACTACTATAAAC_001,160
GTCCTCAACAAACAAGGACA_001,51
GTCCTCAACAAACAAGGACA_002,38
GTCCTCAACAAACAAGGACA_003,133
GTCCTCAACAAACAAGGACA_004,57
AAAGTGTAGACACGTCCGCA_001,88
AAAGTGTAGACACGTCCGCA_002,148
AAAGTGTAGACACGTCCGCA_003,164
AAAGTGTAGACACGTCCGCA_004,199
AAAGTGTAGACACGTCCGCA_005,16
AAAGTGTAGACACGTCCGCA_006,197
AAAGTGTAGACACGTCCGCA_007,172
CATTGCCCACTAAAGCAAGG_001,12
CATTGCCCACTAAAGCAAGG_002,168
CATTGCCCACTAAAGCAAGG_003,141
CATTGCCCACTAAAGCAAGG_004,141
CATTGCCCACTAAAGCAAGG_005,63
CATTGCCCACTAAAGCAAGG_006,166
CATTGCCCACTAAAGCAAGG_007,149
CATTGCCCACTAAAGCAAGG_008,3
CATTGCCCACTAAAGCAAGG_009,94
CGTCCAGGGTGAACATACCA_001,72
CGTCCAGGGTGAACATACCA_002,169
CGTCCAGGGTGAACATACCA_003,67
CGTCCAGGGTGAACATACCA_004,195
CGTCCAGGGTGAACATACCA_005,195
CGTCCAGGGTGAACATACCA_006,188
ATGATGAGGGTGTTTCCCCT_001,60
ATGATGAGGGTGTTTCCCCT_002,36
ATGATGAGGGTGTTTCCCCT_003,170
ATGATGAGGGTGTTTCCCCT_004,74
ATGATGAGGGTGTTTCCCCT_005,196
ATGATGAGGGTGTTTCCCCT_006,88
ATGATGAGGGTGTTTCCCCT_007,19
ATGATGAGGGTGTTTCCCCT_008,15
ATGATGAGGGTGTTTCCCCT_009,50
ATGATGAGGGTGTTTCCCCT_010,169
ATGATGAGGGTGTTTCCCCT_011,43
ATGATGAGGGTGTTTCCCCT_012,42
ATGATGAGGGTGTTTCCCCT_013,21
ATGATGAGGGTGTTTCCCCT_014,82
ATGATGAGGGTGTTTCCCCT_015,160
ATGATGAGGGTGTTTCCCCT_016,48
ATGATGAGGGTGTTTCCCCT_017,33
ATTTGCTGGCACAACCAGGA_001,37
ATTTGCTGGCACAACCAGGA_002,24
ATTTGCTGGCACAACCAGGA_003,28
ATTTGCTGGCACAACCAGGA_004,95
ATTTGCTGGCACAACCAGGA_005,81
ATTTGCTGGCACAACCAGGA_006,17
ATTTGCTGGCACAACCAGGA_007,38
ATTTGCTGGCACAACCAGGA_008,58
ATTTGCTGGCACAACCAGGA_009,135
GTGGCAGGCACAATCTCCGG_001,110
ACCCTTGTGTCTAGACCTGG_001,121
ACCCTTGTGTCTAGACCTGG_002,132
ACCCTTGTGTCTAGACCTGG_003,95
ACCCTTGTGTCTAGACCTGG_004,199
ACCCTTGTGTCTAGACCTGG_005,171
ACCCTTGTGTCTAGACCTGG_006,50
ACCCTTGTGTCTAGACCTGG_007,148
TGAGGGTTGCTATACTGCAC_001,62
TGAGGGTTGCTATACTGCAC_002,2
TGAGGGTTGCTATACTGCAC_003,127
ACCTGTCAGATCAAGGATGG_001,91
ACCTGTCAGATCAAGGATGG_002,193
ACCTGTCAGATCAAGGATGG_003,80
ACCTGTCAGATCAAGGATGG_004,80
ACCTGTCAGATCAAGGATGG_005,137
ACCTGTCAGATCAAGGATGG_006,156
ACCTGTCAGATCAAGGATGG_007,126
ACCTGTCAGATCAAGGATGG_008,127
ATGCCAAGCTACAACAACAG_001,34
ATGCCAAGCTACAACAACAG_002,85
ATGCCAAGCTACAACAACAG_003,2
ATGCCAAGCTACAACAACAG_004,54
ATGCCAAGCTACAACAACAG_005,170
ATGCCAAGCTACAACAACAG_006,108
ATGCCAAGCTACAACAACAG_007,170
ATGCCAAGCTACAACAACAG_008,8
ATGCCAAGCTACAACAACAG_009,157
ATGCCAAGCTACAACAACAG_010,48
ATGCCAAGCTACAACAACAG_011,89
ATGCCAAGCTACAACAACAG_012,0
ATGCCAAGCTACAACAACAG_013,188
ATGCCAAGCTACAACAACAG_014,94
ATGCCAAGCTACAACAACAG_015,17
ATGCCAAGCTACAACAACAG_016,158
ATGCCAAGCTACAACAACAG_017,184
ATGCCAAGCTACAACAACAG_018,158
ATGCCAAGCTACAACAACAG_019,2
AGACGTCCAGAACTAGAAGC_001,129
TACACTTTGGGGCACAAGTG_001,112
TACACTTTGGGGCACAAGTG_002,119
TACACTTTGGGGCACAAGTG_003,5
TACACTTTGGGGCACAAGTG_004,185
TACACTTTGGGGCACAAGTG_005,188
TACACTTTGGGGCACAAGTG_006,192
TACACTTTGGGGCACAAGTG_007,160
TACACTTTGGGGCACAAGTG_008,151
TACACTTTGGGGCACAAGTG_009,121
TACACTTTGGGGCACAAGTG_010,4
TACACTTTGGGGCACAAGTG_011,16
TACACTTTGGGGCACAAGTG_012,157
AATGAAAGCTCTTCAGTGCG_001,161
AATGAAAGCTCTTCAGTGCG_002,127
AATGAAAGCTCTTCAGTGCG_003,176
AATGAAAGCTCTTCAGTGCG_004,88
AATGAAAGCTCTTCAGTGCG_005,166
AATGAAAGCTCTTCAGTGCG_006,128
AATGAAAGCTCTTCAGTGCG_007,149
AATGAAAGCTCTTCAGTGCG_008,94
AATGAAAGCTCTTCAGTGCG_009,129
AATGAAAGCTCTTCAGTGCG_010,56
AATGAAAGCTCTTCAGTGCG_011,144
AATGAAAGCTCTTCAGTGCG_012,107
AATGAAAGCTCTTCAGTGCG_013,147
CAGATTGTTCTACCAGACCC_001,198
CCTTGTCTATAATACCATCA_001,40
AGCCAAACGCACCAGCACGG_001,159
AGCCAAACGCACCAGCACGG_002,106
AGCCAAACGCACCAGCACGG_003,129
AGCCAAACGCACCAGCACGG_004,5
AGCCAAACGCACCAGCACGG_005,117
AGCCAAACGCACCAGCACGG_006,130
AGCCAAACGCACCAGCACGG_007,172
AGCCAAACGCACCAGCACGG_008,199
AGCCAAACGCACCAGCACGG_009,174
AGCCAAACGCACCAGCACGG_010,31
AGCCAAACGCACCAGCACGG_011,87
AGCCAAACGCACCAGCACGG_012,165
AGCCAAACGCACCAGCACGG_013,18
AGCCAAACGCACCAGCACGG_014,174
AGCCAAACGCACCAGCACGG_015,99
AGCCAAACGCACCAGCACGG_016,73
GCGACAAGCCCATGACCCAG_001,192
GCGACAAGCCCATGACCCAG_002,151
GCGACAAGCCCATGACCCAG_003,127
GCGACAAGCCCATGACCCAG_004,119
GCGACAAGCCCATGACCCAG_005,156
AAGGGTTAGAGTGATCCCCA_001,8
AAGGGTTAGAGTGATCCCCA_002,8
AAGGGTTAGAGTGATCCCCA_003,48
AAGGGTTAGAGTGATCCCCA_004,149
AAGGGTTAGAGTGATCCCCA_005,77
AAGGGTTAGAGTGATCCCCA_006,187
AAGGGTTAGAGTGATCCCCA_007,118
AAGGGTTAGAGTGATCCCCA_008,188
AAGGGTTAGAGTGATCCCCA_009,18
AAGGGTTAGAGTGATCCCCA_010,8
AAGGGTTAGAGTGATCCCCA_011,134
AAGGGTTAGAGTGATCCCCA_012,17
AAGGGTTAGAGTGATCCCCA_013,150
AAGGGTTAGAGTGATCCCCA_014,192
AAGGGTTAGAGTGATCCCCA_015,15
AAGGGTTAGAGTGATCCCCA_016,99
AAGGGTTAGAGTGATCCCCA_017,94
AAGGGTTAGAGTGATCCCCA_018,74
AAGGGTTAGAGTGATCCCCA_019,82
AAGGGTTAGAGTGATCCCCA_020,50
AAGGGTTAGAGTGATCCCCA_021,98
AAGGGTTAGAGTGATCCCCA_022,19
AAGGGTTAGAGTGATCCCCA_023,198
AAGGGTTAGAGTGATCCCCA_024,50
AAGGGTTAGAGTGATCCCCA_025,127
AAGGGTTAGAGTGATCCCCA_026,118
AAGGGTTAGAGTGATCCCCA_027,75
AAGGGTTAGAGTGATCCCCA_028,60
AAGGGTTAGAGTGATCCCCA_029,191
AAGGGTTAGAGTGATCCCCA_030,88
AAGGGTTAGAGTGATCCCCA_031,146
AAGGGTTAGAGTGATCCCCA_032,175
AAGGGTTAGAGTGATCCCCA_033,160
AAGGGTTAGAGTGATCCCCA_034,33
AAGGGTTAGAGTGATCCCCA_035,152
AAGGGTTAGAGTGATCCCCA_036,78
AAGGGTTAGAGTGATCCCCA_037,168
AAGGGTTAGAGTGATCCCCA_038,122
AAGGGTTAGAGTGATCCCCA_039,52
AGCTGTGCAGCAAGTCTCCC_001,117
AGCTGTGCAGCAAGTCTCCC_002,12
AGCTGTGCAGCAAGTCTCCC_003,171
AGCTGTGCAGCAAGTCTCCC_004,64
CTGTTCGGCGATCAAGCCGG_001,121
CTGTTCGGCGATCAAGCCGG_002,148
CTGTTCGGCGATCAAGCCGG_003,193
CTGTTCGGCGATCAAGCCGG_004,134
CTGTTCGGCGATCAAGCCGG_005,102
CTGTTCGGCGATCAAGCCGG_006,115
CCAGACCTGCCGAATCTCTG_001,119
CCAGACCTGCCGAATCTCTG_002,53
CCAGACCTGCCGAATCTCTG_003,76
CCAGACCTGCCGAATCTCTG_004,102
CCAGACCTGCCGAATCTCTG_005,94
CCAGACCTGCCGAATCTCTG_006,177
CCAGACCTGCCGAATCTCTG_007,127
CCAGACCTGCCGAATCTCTG_008,177
CCAGACCTGCCGAATCTCTG_009,107
CCAGACCTGCCGAATCTCTG_010,190
CCAGACCTGCCGAATCTCTG_011,184
CCAGACCTGCCGAATCTCTG_012,115
CCAGACCTGCCGAATCTCTG_013,160
CCAGACCTGCCGAATCTCTG_014,96
CCAGACCTGCCGAATCTCTG_015,88
CCAGACCTGCCGAATCTCTG_016,123
CCAGACCTGCCGAATCTCTG_017,62
CCAGACCTGCCGAATCTCTG_018,70
CCAGACCTGCCGAATCTCTG_019,11
CCAGACCTGCCGAATCTCTG_020,4
CCAGACCTGCCGAATCTCTG_021,159
CCAGACCTGCCGAATCTCTG_022,181
CCAGACCTGCCGAATCTCTG_023,54
CCAGACCTGCCGAATCTCTG_024,54
CCAGACCTGCCGAATCTCTG_025,149
CCAGACCTGCCGAATCTCTG_026,48
CCAGACCTGCCGAATCTCTG_027,175
CCAGACCTGCCGAATCTCTG_028,15
CCAGACCTGCCGAATCTCTG_029,175
CCAGACCTGCCGAATCTCTG_030,180
AGTGCAACAGCAGATCGCGG_001,97
AGTGCAACAGCAGATCGCGG_002,10
AGTGCAACAGCAGATCGCGG_003,116
AGTGCAACAGCAGATCGCGG_004,79
AGTGCAACAGCAGATCGCGG_005,182
AGGTAAGCCCCTTAGAACTG_001,106
AGGTAAGCCCCTTAGAACTG_002,188
AGGTAAGCCCCTTAGAACTG_003,92
AGGTAAGCCCCTTAGAACTG_004,152
AGGTAAGCCCCTTAGAACTG_005,142
AGGTAAGCCCCTTAGAACTG_006,33
AGGTAAGCCCCTTAGAACTG_007,20
AGGTAAGCCCCTTAGAACTG_008,60
AGGTAAGCCCCTTAGAACTG_009,111
AGGTAAGCCCCTTAGAACTG_010,104
AGGTAAGCCCCTTAGAACTG_011,135
AGGTAAGCCCCTTAGAACTG_012,44
AGGTAAGCCCCTTAGAACTG_013,17
AGGTAAGCCCCTTAGAACTG_014,199
AGGTAAGCCCCTTAGAACTG_015,150
AGGTAAGCCCCTTAGAACTG_016,85
AGGTAAGCCCCTTAGAACTG_017,171
AGGTAAGCCCCTTAGAACTG_018,95
AGGTAAGCCCCTTAGAACTG_019,199
AGGTAAGCCCCTTAGAACTG_020,67
AGGTAAGCCCCTTAGAACTG_021,120
AGGTAAGCCCCTTAGAACTG_022,188
AGGTAAGCCCCTTAGAACTG_023,188
AGGTAAGCCCCTTAGAACTG_024,141
AGGTAAGCCCCTTAGAACTG_025,147
AGGTAAGCCCCTTAGAACTG_026,199
AGGTAAGCCCCTTAGAACTG_027,58
AGGTAAGCCCCTTAGAACTG_028,118
AGGTAAGCCCCTTAGAACTG_029,152
AGGTAAGCCCCTTAGAACTG_030,152
ACGAACCTGTCTCATTTGTG_001,194
ACGAACCTGTCTCATTTGTG_002,29
ACGAACCTGTCTCATTTGTG_003,17
ACGAACCTGTCTCATTTGTG_004,179
ACGAACCTGTCTCATTTGTG_005,94
AGGGCAACCCTGCTTCGTGG_001,114
AGGGCAACCCTGCTTCGTGG_002,88
AGGGCAACCCTGCTTCGTGG_003,111
AGGGCAACCCTGCTTCGTGG_004,184
AGCAACCCCCTTGGGCAACG_001,77
AGCAACCCCCTTGGGCAACG_002,184
AGCAACCCCCTTGGGCAACG_003,19
AGCAACCCCCTTGGGCAACG_004,1
AGCAACCCCCTTGGGCAACG_005,49
AGCAACCCCCTTGGGCAACG_006,177
AGCAACCCCCTTGGGCAACG_007,48
AGCAACCCCCTTGGGCAACG_008,132
AGCAACCCCCTTGGGCAACG_009,118
AGCAACCCCCTTGGGCAACG_010,165
AGCAACCCCCTTGGGCAACG_011,47
AGCAACCCCCTTGGGCAACG_012,76
AGCAACCCCCTTGGGCAACG_013,65
AGCAACCCCCTTGGGCAACG_014,20
AGCAACCCCCTTGGGCAACG_015,110
AGCAACCCCCTTGGGCAACG_016,174
ACAGGAAGGAGCTCCTCGGA_001,16
ACAGGAAGGAGCTCCTCGGA_002,41
ACAGGAAGGAGCTCCTCGGA_003,157
ATCTACTGATTGCTCGTGGT_001,116
ATCTACTGATTGCTCGTGGT_002,112
ATCTACTGATTGCTCGTGGT_003,42
ATCTACTGATTGCTCGTGGT_004,135
ATCTACTGATTGCTCGTGGT_005,67
TGAGTAACCCAAGTCTACAA_001,69
TGAGTAACCCAAGTCTACAA_002,106
TGAGTAACCCAAGTCTACAA_003,127
TGAGTAACCCAAGTCTACAA_004,198
ACGAATCTGTAAAGGCCCCA_001,159
ACGAATCTGTAAAGGCCCCA_002,175
ACGAATCTGTAAAGGCCCCA_003,98
ACGAATCTGTAAAGGCCCCA_004,36
ACGAATCTGTAAAGGCCCCA_005,104
ACGAATCTGTAAAGGCCCCA_006,138
ACGAATCTGTAAAGGCCCCA_007,88
ACGAATCTGTAAAGGCCCCA_008,48
ACGAATCTGTAAAGGCCCCA_009,138
ACGAATCTGTAAAGGCCCCA_010,66
ACGAATCTGTAAAGGCCCCA_011,111
ACAAAAGAACCTGTCCATCG_001,67
ACAAAAGAACCTGTCCATCG_002,91
ACAAAAGAACCTGTCCATCG_003,161
ACAGATACTTGGGAATGCAG_001,49
ACAGATACTTGGGAATGCAG_002,68
GCTGCAGACTGACCACTACG_001,43
GCTGCAGACTGACCACTACG_002,49
GCTGCAGACTGACCACTACG_003,35
GCTGCAGACTGACCACTACG_004,20
GCTGCAGACTGACCACTACG_005,148
GCTGCAGACTGACCACTACG_006,168
GCTGCAGACTGACCACTACG_007,147
GCTGCAGACTGACCACTACG_008,141
GCTGCAGACTGACCACTACG_009,62
GCTGCAGACTGACCACTACG_010,102
GCTGCAGACTGACCACTACG_011,84
GCTGCAGACTGACCACTACG_012,104
GCTGCAGACTGACCACTACG_013,166
GGAACGTGAGGTTCAATGAG_001,127
GGAACGTGAGGTTCAATGAG_002,150
GGAACGTGAGGTTCAATGAG_003,27
GGAACGTGAGGTTCAATGAG_004,105
GGAACGTGAGGTTCAATGAG_005,185
GGAACGTGAGGTTCAATGAG_006,126
GGAACGTGAGGTTCAATGAG_007,4
GGAACGTGAGGTTCAATGAG_008,148
GGAACGTGAGGTTCAATGAG_009,10
GGAACGTGAGGTTCAATGAG_010,130
GGGAATCTGACGATTTCCTG_001,141
GGGAATCTGACGATTTCCTG_002,140
GGGAATCTGACGATTTCCTG_003,114
GGGAATCTGACGATTTCCTG_004,114
GGGAATCTGACGATTTCCTG_005,9
GGGAATCTGACGATTTCCTG_006,83
GGGAATCTGACGATTTCCTG_007,62
AAATGGAATCAAAGGCTCCG_001,171
AAATGGAATCAAAGGCTCCG_002,159
AAATGGAATCAAAGGCTCCG_003,81
AAATGGAATCAAAGGCTCCG_004,83
AAATGGAATCAAAGGCTCCG_005,147
AAATGGAATCAAAGGCTCCG_006,67
AAATGGAATCAAAGGCTCCG_007,74
AAATGGAATCAAAGGCTCCG_008,15
AAATGGAATCAAAGGCTCCG_009,10
CCACCTAGCATGCCAGCCAG_001,144
CCACCTAGCATGCCAGCCAG_002,116
CCACCTAGCATGCCAGCCAG_003,191
CCACCTAGCATGCCAGCCAG_004,149
CCACCTAGCATGCCAGCCAG_005,88
CCACCTAGCATGCCAGCCAG_006,41
CCACCTAGCATGCCAGCCAG_007,176
CCACCTAGCATGCCAGCCAG_008,116
CCACCTAGCATGCCAGCCAG_009,98
CCACCTAGCATGCCAGCCAG_010,197
CCACCTAGCATGCCAGCCAG_011,142
CCACCTAGCATGCCAGCCAG_012,161
CCACCTAGCATGCCAGCCAG_013,39
CCACCTAGCATGCCAGCCAG_014,117
AGCACTGAGAATGCAAATGC_001,146
AGCACTGAGAATGCAAATGC_002,2
AGCACTGAGAATGCAAATGC_003,152
AGCACTGAGAATGCAAATGC_004,57
AGCACTGAGAATGCAAATGC_005,13
AGCACTGAGAATGCAAATGC_006,88
AGCACTGAGAATGCAAATGC_007,9
AGCACTGAGAATGCAAATGC_008,105
AGCACTGAGAATGCAAATGC_009,168
AGCACTGAGAATGCAAATGC_010,108
AGCACTGAGAATGCAAATGC_011,6
AGCACTGAGAATGCAAATGC_012,121
AGCACTGAGAATGCAAATGC_013,111
AGCACTGAGAATGCAAATGC_014,150
AGCACTGAGAATGCAAATGC_015,63
AGCACTGAGAATGCAAATGC_016,10
AGCACTGAGAATGCAAATGC_017,154
CATGGGCTACCAACATGACA_001,100
CATGGGCTACCAACATGACA_002,48
CATGGGCTACCAACATGACA_003,105
CATGGGCTACCAACATGACA_004,53
CATGGGCTACCAACATGACA_005,54
CATGGGCTACCAACATGACA_006,155
CATGGGCTACCAACATGACA_007,66
CATGGGCTACCAACATGACA_008,157
CATGGGCTACCAACATGACA_009,21
CATGGGCTACCAACATGACA_010,113
CATGGGCTACCAACATGACA_011,60
CATGGGCTACCAACATGACA_012,82
CATGGGCTACCAACATGACA_013,188
CATGGGCTACCAACATGACA_014,3
CATGGGCTACCAACATGACA_015,64
CTAGAGGGGTATAGCAACAA_001,150
CTAGAGGGGTATAGCAACAA_002,188
AACTGACTGTAGATCCCCAG_001,131
AACTGACTGTAGATCCCCAG_002,135
AACTGACTGTAGATCCCCAG_003,80
AACTGACTGTAGATCCCCAG_004,40
AACTGACTGTAGATCCCCAG_005,119
AACTGACTGTAGATCCCCAG_006,56
AACTGACTGTAGATCCCCAG_007,190
AACTGACTGTAGATCCCCAG_008,141
AACTGACTGTAGATCCCCAG_009,116
CAGGCAAGTTTAATCACAAG_001,5
CAGGCAAGTTTAATCACAAG_002,170
CAGGCAAGTTTAATCACAAG_003,130
CAGGCAAGTTTAATCACAAG_004,65
CAGGCAAGTTTAATCACAAG_005,49
CAGGCAAGTTTAATCACAAG_006,150
CAGGCAAGTTTAATCACAAG_007,96
CAGGCAAGTTTAATCACAAG_008,146
CAGGCAAGTTTAATCACAAG_009,149
CAGGCAAGTTTAATCACAAG_010,94
CAGGCAAGTTTAATCACAAG_011,126
GAATGTGAGCAAAACAACGG_001,133
GAATGTGAGCAAAACAACGG_002,49
GAATGTGAGCAAAACAACGG_003,102
GAATGTGAGCAAAACAACGG_004,6
GAATGTGAGCAAAACAACGG_005,154
GAATGTGAGCAAAACAACGG_006,114
GAATGTGAGCAAAACAACGG_007,111
GAATGTGAGCAAAACAACGG_008,30
GAATGTGAGCAAAACAACGG_009,181
GAATGTGAGCAAAACAACGG_010,188
GAATGTGAGCAAAACAACGG_011,116
GAATGTGAGCAAAACAACGG_012,125
ATTTGCATCGACCAGTACAG_001,35
ATTTGCATCGACCAGTACAG_002,194
ATTTGCATCGACCAGTACAG_003,57
ATTTGCATCGACCAGTACAG_004,12
ATTTGCATCGACCAGTACAG_005,16
ATTTGCATCGACCAGTACAG_006,145
ATTTGCATCGACCAGTACAG_007,91
ATTTGCATCGACCAGTACAG_008,76
ATTTGCATCGACCAGTACAG_009,76
ATTTGCATCGACCAGTACAG_010,53
ATTTGCATCGACCAGTACAG_011,48
ATTTGCATCGACCAGTACAG_012,106
ATTTGCATCGACCAGTACAG_013,170
ATTTGCATCGACCAGTACAG_014,130
ATTTGCATCGACCAGTACAG_015,43
ATTTGCATCGACCAGTACAG_016,126
ATTTGCATCGACCAGTACAG_017,150
ATTTGCATCGACCAGTACAG_018,107
ATTTGCATCGACCAGTACAG_019,92
ATTTGCATCGACCAGTACAG_020,105
ATTTGCATCGACCAGTACAG_021,175
ATTTGCATCGACCAGTACAG_022,146
ATTTGCATCGACCAGTACAG_023,121
ATTTGCATCGACCAGTACAG_024,141
ATTTGCATCGACCAGTACAG_025,105
ATTTGCATCGACCAGTACAG_026,60
ATTTGCATCGACCAGTACAG_027,172
ATTTGCATCGACCAGTACAG_028,68
ATTTGCATCGACCAGTACAG_029,151
CTGGGGCACCCGCTTCAGAG_001,155
CTGGGGCACCCGCTTCAGAG_002,48
CTGGGGCACCCGCTTCAGAG_003,166
CTGGGGCACCCGCTTCAGAG_004,182
CTGGGGCACCCGCTTCAGAG_005,116
CTGGGGCACCCGCTTCAGAG_006,16
CTGGGGCACCCGCTTCAGAG_007,141
CTGGGGCACCCGCTTCAGAG_008,124
CTGGGGCACCCGCTTCAGAG_009,40
CTGGGGCACCCGCTTCAGAG_010,131
CTGGGGCACCCGCTTCAGAG_011,10
TCTCTGCAGAACAACACCAT_001,42
AGAAACCCACCAAACCTGTG_001,149
AGAAACCCACCAAACCTGTG_002,97
AGAAACCCACCAAACCTGTG_003,58
AGAAACCCACCAAACCTGTG_004,174
AGAAACCCACCAAACCTGTG_005,183
AGAAACCCACCAAACCTGTG_006,127
AGAAACCCACCAAACCTGTG_007,184
AGAAACCCACCAAACCTGTG_008,90
AGAAACCCACCAAACCTGTG_009,9
AGAAACCCACCAAACCTGTG_010,189
AGAAACCCACCAAACCTGTG_011,170
AGAAACCCACCAAACCTGTG_012,149
AGAAACCCACCAAACCTGTG_013,23
AGAAACCCACCAAACCTGTG_014,1
AGAAACCCACCAAACCTGTG_015,199
AGAAACCCACCAAACCTGTG_016,98
AGAAACCCACCAAACCTGTG_017,8
AGAAACCCACCAAACCTGTG_018,166
AGAAACCCACCAAACCTGTG_019,168
AGAAACCCACCAAACCTGTG_020,168
AGAAACCCACCAAACCTGTG_021,49
AGAAACCCACCAAACCTGTG_022,88
ATTGTCCAGAAGGTATGACC_001,199
ATTGTCCAGAAGGTATGACC_002,2
ATTGTCCAGAAGGTATGACC_003,43
ATTGTCCAGAAGGTATGACC_004,101
ATTGTCCAGAAGGTATGACC_005,4
ATTGTCCAGAAGGTATGACC_006,103
ATTGTCCAGAAGGTATGACC_007,134
ATTGTCCAGAAGGTATGACC_008,50
ATTGTCCAGAAGGTATGACC_009,60
ATTGTCCAGAAGGTATGACC_010,23
ATTGTCCAGAAGGTATGACC_011,78
ATTGTCCAGAAGGTATGACC_012,78
TTTATCTGTACCAACCGACA_001,41
TTTATCTGTACCAACCGACA_002,69
TTTATCTGTACCAACCGACA_003,48
CCTCGTCCTCGCCTTCCCAG_001,124
CCTCGTCCTCGCCTTCCCAG_002,113
CCTCGTCCTCGCCTTCCCAG_003,71
CCTCGTCCTCGCCTTCCCAG_004,108
CCTCGTCCTCGCCTTCCCAG_005,99
CCTCGTCCTCGCCTTCCCAG_006,1
ACGGACTCTAGCTCCCGAGG_001,165
TCACATCTTATTCGGCACCA_001,55
TCACATCTTATTCGGCACCA_002,169
TCACATCTTATTCGGCACCA_003,102
TCACATCTTATTCGGCACCA_004,70
TCACATCTTATTCGGCACCA_005,189
TCACATCTTATTCGGCACCA_006,138
TCACATCTTATTCGGCACCA_007,34
TCACATCTTATTCGGCACCA_008,63
TCACATCTTATTCGGCACCA_009,58
TCACATCTTATTCGGCACCA_010,20
TCACATCTTATTCGGCACCA_011,20
TCACATCTTATTCGGCACCA_012,36
TCACATCTTATTCGGCACCA_013,43
GCAGCACCAGAGTAGCAGAG_001,65
GCAGCACCAGAGTAGCAGAG_002,1
GCAGCACCAGAGTAGCAGAG_003,190
GCAGCACCAGAGTAGCAGAG_004,68
GCAGCACCAGAGTAGCAGAG_005,101
GCAGCACCAGAGTAGCAGAG_006,191
GCAGCACCAGAGTAGCAGAG_007,105
GCAGCACCAGAGTAGCAGAG_008,101
GCAGCACCAGAGTAGCAGAG_009,166
GCAGCACCAGAGTAGCAGAG_010,17
GCAGCACCAGAGTAGCAGAG_011,40
GCAGCACCAGAGTAGCAGAG_012,19
TCCCAGATGAGGTACACTGA_001,159
TCCCAGATGAGGTACACTGA_002,10
TCCCAGATGAGGTACACTGA_003,2
TCCCAGATGAGGTACACTGA_004,44
TCCCAGATGAGGTACACTGA_005,132
TCCCAGATGAGGTACACTGA_006,35
TCCCAGATGAGGTACACTGA_007,147
TCCCAGATGAGGTACACTGA_008,106
TCCCAGATGAGGTACACTGA_009,168
TCCCAGATGAGGTACACTGA_010,114
TCCCAGATGAGGTACACTGA_011,24
TCCCAGATGAGGTACACTGA_012,67
TGCTCCATAGATGCCCAAGG_001,176
TGCTCCATAGATGCCCAAGG_002,176
TGCTCCATAGATGCCCAAGG_003,94
TGCTCCATAGATGCCCAAGG_004,86
TGCTCCATAGATGCCCAAGG_005,100
TGCTCCATAGATGCCCAAGG_006,9
TGCTCCATAGATGCCCAAGG_007,195
TGCTCCATAGATGCCCAAGG_008,60
TGCTCCATAGATGCCCAAGG_009,146
TGCTCCATAGATGCCCAAGG_010,21
TGCTCCATAGATGCCCAAGG_011,184
GGCCACATACACCGACAGGA_001,163
GGCCACATACACCGACAGGA_002,3
GGCCACATACACCGACAGGA_003,68
GGCCACATACACCGACAGGA_004,48
GGCCACATACACCGACAGGA_005,40
GGCCACATACACCGACAGGA_006,149
GGCCACATACACCGACAGGA_007,50
GGCCACATACACCGACAGGA_008,15
GGCCACATACACCGACAGGA_009,141
GGCCACATACACCGACAGGA_010,168
ACATGGAAACTTGATAAGAC_001,116
ACATGGAAACTTGATAAGAC_002,105
ACATGGAAACTTGATAAGAC_003,127
ACATGGAAACTTGATAAGAC_004,48
ACATGGAAACTTGATAAGAC_005,111
ACATGGAAACTTGATAAGAC_006,76
ACATGGAAACTTGATAAGAC_007,136
AATGCGATTGTGCATATGGG_001,19
AATGCGATTGTGCATATGGG_002,53
TTCACTCACACCTACCTGAG_001,46
TTCACTCACACCTACCTGAG_002,67
TTCACTCACACCTACCTGAG_003,93
TTCACTCACACCTACCTGAG_004,113
TTCACTCACACCTACCTGAG_005,44
TTCACTCACACCTACCTGAG_006,82
TAGATAATAAAAAAGCAGCG_001,127
TAGATAATAAAAAAGCAGCG_002,135
TAGATAATAAAAAAGCAGCG_003,88
TAGATAATAAAAAAGCAGCG_004,198
GATGTCCTATGATCTGTACG_001,161
GATGTCCTATGATCTGTACG_002,69
GATGTCCTATGATCTGTACG_003,199
GATGTCCTATGATCTGTACG_004,184
ACCAGCAGAAGGTTAACCGG_001,76
ACCAGCAGAAGGTTAACCGG_002,58
ACCAGCAGAAGGTTAACCGG_003,48
ACCAGCAGAAGGTTAACCGG_004,198
ACCAGCAGAAGGTTAACCGG_005,111
ACCAGCAGAAGGTTAACCGG_006,78
ACCAGCAGAAGGTTAACCGG_007,94
ACCAGCAGAAGGTTAACCGG_008,2
ACCAGCAGAAGGTTAACCGG_009,41
ACCAGCAGAAGGTTAACCGG_010,11
ACCAGCAGAAGGTTAACCGG_011,175
ACCAGCAGAAGGTTAACCGG_012,139
ACCAGCAGAAGGTTAACCGG_013,93
ACCAGCAGAAGGTTAACCGG_014,56
ACCAGCAGAAGGTTAACCGG_015,178
ACCAGCAGAAGGTTAACCGG_016,136
ACCAGCAGAAGGTTAACCGG_017,173
ACCAGCAGAAGGTTAACCGG_018,72
CTTTGAGCAGTACACCATCG_001,164
CTTTGAGCAGTACACCATCG_002,162
CTTTGAGCAGTACACCATCG_003,48
CTTTGAGCAGTACACCATCG_004,107
CTTTGAGCAGTACACCATCG_005,71
CTTTGAGCAGTACACCATCG_006,128
CTTTGAGCAGTACACCATCG_007,104
CTTTGAGCAGTACACCATCG_008,168
CTTTGAGCAGTACACCATCG_009,104
CTTTGAGCAGTACACCATCG_010,197
CTTTGAGCAGTACACCATCG_011,48
CTTTGAGCAGTACACCATCG_012,80
CTTTGAGCAGTACACCATCG_013,6
TCTACATGAAAGTTACTGCA_001,76
TCTACATGAAAGTTACTGCA_002,41
TCTACATGAAAGTTACTGCA_003,131
CATCATAGTTTGTTGTACTG_001,87
CATCATAGTTTGTTGTACTG_002,130
CATCATAGTTTGTTGTACTG_003,172
CATCATAGTTTGTTGTACTG_004,115
CATCATAGTTTGTTGTACTG_005,97
CATCATAGTTTGTTGTACTG_006,196
CATCATAGTTTGTTGTACTG_007,14
CATCATAGTTTGTTGTACTG_008,187
CATCATAGTTTGTTGTACTG_009,44
CATCATAGTTTGTTGTACTG_010,188
CATCATAGTTTGTTGTACTG_011,71
CATCATAGTTTGTTGTACTG_012,104
CATCATAGTTTGTTGTACTG_013,158
CATCATAGTTTGTTGTACTG_014,152
CATCATAGTTTGTTGTACTG_015,57
TGCGGCGAACGACACAAACA_001,26
TGCGGCGAACGACACAAACA_002,13
TGCGGCGAACGACACAAACA_003,59
TGCGGCGAACGACACAAACA_004,112
TGCGGCGAACGACACAAACA_005,10
TGCGGCGAACGACACAAACA_006,111
TGCGGCGAACGACACAAACA_007,117
TGCGGCGAACGACACAAACA_008,2
TGCGGCGAACGACACAAACA_009,30
TGCGGCGAACGACACAAACA_010,125
TGCGGCGAACGACACAAACA_011,161
TGCGGCGAACGACACAAACA_012,16
TGCGGCGAACGACACAAACA_013,177
TGCGGCGAACGACACAAACA_014,26
TGCGGCGAACGACACAAACA_015,185
TGCGGCGAACGACACAAACA_016,104
TGCGGCGAACGACACAAACA_017,78
TGCGGCGAACGACACAAACA_018,177
TGCGGCGAACGACACAAACA_019,197
TGGAGTCGCGGAACCCCTTG_001,81
TGGAGTCGCGGAACCCCTTG_002,16
TGGAGTCGCGGAACCCCTTG_003,13
TGGAGTCGCGGAACCCCTTG_004,178
TGGAGTCGCGGAACCCCTTG_005,12
TGGAGTCGCGGAACCCCTTG_006,120
TGGAGTCGCGGAACCCCTTG_007,130
TGGAGTCGCGGAACCCCTTG_008,178
TGGAGTCGCGGAACCCCTTG_009,16
TGGAGTCGCGGAACCCCTTG_010,30
TGGAGTCGCGGAACCCCTTG_011,170
TGGAGTCGCGGAACCCCTTG_012,24
TGGAGTCGCGGAACCCCTTG_013,50
TGGAGTCGCGGAACCCCTTG_014,172
TGGAGTCGCGGAACCCCTTG_015,100
TGGAGTCGCGGAACCCCTTG_016,137
TGGAGTCGCGGAACCCCTTG_017,15
TGGAGTCGCGGAACCCCTTG_018,104
TGGAGTCGCGGAACCCCTTG_019,138
TGGAGTCGCGGAACCCCTTG_020,34
TGGAGTCGCGGAACCCCTTG_021,8
TGGAGTCGCGGAACCCCTTG_022,35
TGGAGTCGCGGAACCCCTTG_023,163
TGGAGTCGCGGAACCCCTTG_024,69
TGTGACATCCCCACTCCTGG_001,96
TGTGACATCCCCACTCCTGG_002,193
TGTGACATCCCCACTCCTGG_003,130
TGTGACATCCCCACTCCTGG_004,147
TATCCAACTCCGGTTCCCAA_001,29
TATCCAACTCCGGTTCCCAA_002,175
TATCCAACTCCGGTTCCCAA_003,70
TATCCAACTCCGGTTCCCAA_004,150
TATCCAACTCCGGTTCCCAA_005,127
TATCCAACTCCGGTTCCCAA_006,52
TATCCAACTCCGGTTCCCAA_007,83
TATCCAACTCCGGTTCCCAA_008,69
TATCCAACTCCGGTTCCCAA_009,199
TGATGATGAGACATCGCCCA_001,45
TGATGATGAGACATCGCCCA_002,129
TGATGATGAGACATCGCCCA_003,149
TGATGATGAGACATCGCCCA_004,181
TGATGATGAGACATCGCCCA_005,84
TGATGATGAGACATCGCCCA_006,185
TGATGATGAGACATCGCCCA_007,116
TGATGATGAGACATCGCCCA_008,60
TGATGATGAGACATCGCCCA_009,60
TGATGATGAGACATCGCCCA_010,190
TGATGATGAGACATCGCCCA_011,188
TGATGATGAGACATCGCCCA_012,123
GTTTGATTTCATCGATGATC_001,184
GTTTGATTTCATCGATGATC_002,88
TTTCATGCCACAGTTGACAA_001,151
TTTCATGCCACAGTTGACAA_002,124
TTTCATGCCACAGTTGACAA_003,34
CCAAGATGGCCCATTCCATG_001,4
CCAAGATGGCCCATTCCATG_002,22
CCAAGATGGCCCATTCCATG_003,147
CCAAGATGGCCCATTCCATG_004,145
CCAAGATGGCCCATTCCATG_005,105
CCAAGATGGCCCATTCCATG_006,106
GCGGCGACTAGACGGCAGCG_001,175
GCGGCGACTAGACGGCAGCG_002,56
GCGGCGACTAGACGGCAGCG_003,89
GCGGCGACTAGACGGCAGCG_004,26
GCGGCGACTAGACGGCAGCG_005,117
GCGGCGACTAGACGGCAGCG_006,1
GCTCTGCGCGCTGACCGGAC_001,6
GCTCTGCGCGCTGACCGGAC_002,1
GCTCTGCGCGCTGACCGGAC_003,94
GCTCTGCGCGCTGACCGGAC_004,56
CAAGGCGGGACTGCAACTGT_001,118
CAAGGCGGGACTGCAACTGT_002,9
CAAGGCGGGACTGCAACTGT_003,44
CAAGGCGGGACTGCAACTGT_004,11
CAAGGCGGGACTGCAACTGT_005,129
CAAGGCGGGACTGCAACTGT_006,5
CAAGGCGGGACTGCAACTGT_007,105
CAAGGCGGGACTGCAACTGT_008,51
CAAGGCGGGACTGCAACTGT_009,168
CAAGGCGGGACTGCAACTGT_010,153
CAAGGCGGGACTGCAACTGT_011,92
CAAGGCGGGACTGCAACTGT_012,130
CAAGGCGGGACTGCAACTGT_013,147
CAAGGCGGGACTGCAACTGT_014,5
CAAGGCGGGACTGCAACTGT_015,170
CAAGGCGGGACTGCAACTGT_016,183
CAAGGCGGGACTGCAACTGT_017,67
CAAGGCGGGACTGCAACTGT_018,148
CAAGGCGGGACTGCAACTGT_019,57
CAAGGCGGGACTGCAACTGT_020,42
CAAGGCGGGACTGCAACTGT_021,89
CAAGGCGGGACTGCAACTGT_022,47
CAAGGCGGGACTGCAACTGT_023,55
CAAGGCGGGACTGCAACTGT_024,126
CAAGGCGGGACTGCAACTGT_025,124
TCATATTCATTGGAGGACAC_001,198
TCATATTCATTGGAGGACAC_002,33
TCATATTCATTGGAGGACAC_003,18
TCATATTCATTGGAGGACAC_004,165
ATTTATCAATAAGCTCCACC_001,1
ATTTATCAATAAGCTCCACC_002,184
ATTTATCAATAAGCTCCACC_003,81
ATTTATCAATAAGCTCCACC_004,136
GTTAGACAAGGAGAATGCTC_001,161
GTTAGACAAGGAGAATGCTC_002,198
GTTAGACAAGGAGAATGCTC_003,1
GTTAGACAAGGAGAATGCTC_004,105
GTTAGACAAGGAGAATGCTC_005,90
GTTAGACAAGGAGAATGCTC_006,179
GTTAGACAAGGAGAATGCTC_007,127
GTTAGACAAGGAGAATGCTC_008,92
GTTAGACAAGGAGAATGCTC_009,56
GTTAGACAAGGAGAATGCTC_010,106
GTTAGACAAGGAGAATGCTC_011,142
GTTAGACAAGGAGAATGCTC_012,27
CACAACGGATTCGGAAATCG_001,188
CACAACGGATTCGGAAATCG_002,172
CACAACGGATTCGGAAATCG_003,107
CACAACGGATTCGGAAATCG_004,86
CACAACGGATTCGGAAATCG_005,75
CACAACGGATTCGGAAATCG_006,16
CACAACGGATTCGGAAATCG_007,41
CACAACGGATTCGGAAATCG_008,99
CACAACGGATTCGGAAATCG_009,188
CACAACGGATTCGGAAATCG_010,34
CACAACGGATTCGGAAATCG_011,34
CACAACGGATTCGGAAATCG_012,102
CTCCTTACGTCGGGCATTAA_001,85
CTCCTTACGTCGGGCATTAA_002,168
CTCCTTACGTCGGGCATTAA_003,197
CTCCTTACGTCGGGCATTAA_004,182
CTCCTTACGTCGGGCATTAA_005,138
CAGTTGCAGAGAAACTCGTG_001,119
CAGTTGCAGAGAAACTCGTG_002,49
CAGTTGCAGAGAAACTCGTG_003,196
CAGTTGCAGAGAAACTCGTG_004,150
CAGTTGCAGAGAAACTCGTG_005,149
CAGTTGCAGAGAAACTCGTG_006,187
CAGTTGCAGAGAAACTCGTG_007,56
CAGTTGCAGAGAAACTCGTG_008,160
CAGTTGCAGAGAAACTCGTG_009,140
CAGTTGCAGAGAAACTCGTG_010,41
CAGTTGCAGAGAAACTCGTG_011,138
CAGTTGCAGAGAAACTCGTG_012,162
TGTCTGTTCCAACATAAACG_001,58
TGTCTGTTCCAACATAAACG_002,39
TGTCTGTTCCAACATAAACG_003,147
TGTCTGTTCCAACATAAACG_004,198
TGTCTGTTCCAACATAAACG_005,27
CAACCTCTGTGTGATCAGCG_001,98
CAACCTCTGTGTGATCAGCG_002,98
CAACCTCTGTGTGATCAGCG_003,80
CAACCTCTGTGTGATCAGCG_004,157
CAACCTCTGTGTGATCAGCG_005,172
CAACCTCTGTGTGATCAGCG_006,150
CAACCTCTGTGTGATCAGCG_007,197
CAACCTCTGTGTGATCAGCG_008,92
CAACCTCTGTGTGATCAGCG_009,59
CAACCTCTGTGTGATCAGCG_010,179
TCATTAAATGGTGCAACTCT_001,70
TCATTAAATGGTGCAACTCT_002,103
TCATTAAATGGTGCAACTCT_003,117
TCATTAAATGGTGCAACTCT_004,184
TCATTAAATGGTGCAACTCT_005,165
TCATTAAATGGTGCAACTCT_006,29
CTGTGAATACAGCTACTGTG_001,114
CTGTGAATACAGCTACTGTG_002,175
CTGTGAATACAGCTACTGTG_003,199
CTGTGAATACAGCTACTGTG_004,169
CTGTGAATACAGCTACTGTG_005,76
CTGTGAATACAGCTACTGTG_006,28
CTGTGAATACAGCTACTGTG_007,94
GTGTAATTTCAGCCCGAACA_001,15
GTGTAATTTCAGCCCGAACA_002,58
TGGACTCCCACTGATCCCGT_001,158
TGGACTCCCACTGATCCCGT_002,26
TGGACTCCCACTGATCCCGT_003,19
TGGACTCCCACTGATCCCGT_004,3
TGGACTCCCACTGATCCCGT_005,76
TGGACTCCCACTGATCCCGT_006,41
TGGACTCCCACTGATCCCGT_007,29
TGGACTCCCACTGATCCCGT_008,96
TGGACTCCCACTGATCCCGT_009,131
TGGACTCCCACTGATCCCGT_010,158
TGGACTCCCACTGATCCCGT_011,129
TGGACTCCCACTGATCCCGT_012,94
TGGACTCCCACTGATCCCGT_013,26
TGGACTCCCACTGATCCCGT_014,136
TGGACTCCCACTGATCCCGT_015,112
TGGACTCCCACTGATCCCGT_016,136
GAAGACGCCATAGAAAACCA_001,69
GAATCGGTGCCAAACATGAA_001,63
GAATCGGTGCCAAACATGAA_002,94
GAATCGGTGCCAAACATGAA_003,96
GAATCGGTGCCAAACATGAA_004,27
GAATCGGTGCCAAACATGAA_005,117
GAATCGGTGCCAAACATGAA_006,92
GAATCGGTGCCAAACATGAA_007,130
GAATCGGTGCCAAACATGAA_008,44
GAATCGGTGCCAAACATGAA_009,28
GAATCGGTGCCAAACATGAA_010,16
GAATCGGTGCCAAACATGAA_011,177
GAATCGGTGCCAAACATGAA_012,105
CCCCAGAGTCTAGCATCTGG_001,49
CCCCAGAGTCTAGCATCTGG_002,137
ATCAGCGAGGCCCTCCACCA_001,44
ATCAGCGAGGCCCTCCACCA_002,67
ATCAGCGAGGCCCTCCACCA_003,145
ATCAGCGAGGCCCTCCACCA_004,60
ATCAGCGAGGCCCTCCACCA_005,76
ATCAGCGAGGCCCTCCACCA_006,54
ATCAGCGAGGCCCTCCACCA_007,156
ATCAGCGAGGCCCTCCACCA_008,199
ATCAGCGAGGCCCTCCACCA_009,109
ATCAGCGAGGCCCTCCACCA_010,109
ATCAGCGAGGCCCTCCACCA_011,94
ATCAGCGAGGCCCTCCACCA_012,113
ATCAGCGAGGCCCTCCACCA_013,15
ATCAGCGAGGCCCTCCACCA_014,45
ATCAGCGAGGCCCTCCACCA_015,82
ATCAGCGAGGCCCTCCACCA_016,150
ATCAGCGAGGCCCTCCACCA_017,189
ATCAGCGAGGCCCTCCACCA_018,17
ATCAGCGAGGCCCTCCACCA_019,94
ATCAGCGAGGCCCTCCACCA_020,68
ATCAGCGAGGCCCTCCACCA_021,62
TCTGCACACCTTGTCCACCG_001,161
TGGCGCTGTTCCCATATGAA_001,4
TGGCGCTGTTCCCATATGAA_002,40
TGGCGCTGTTCCCATATGAA_003,113
TGGCGCTGTTCCCATATGAA_004,182
TGGCGCTGTTCCCATATGAA_005,103
TGGCGCTGTTCCCATATGAA_006,49
ATCATGAACTACGTCACAGA_001,60
ATCATGAACTACGTCACAGA_002,77
ATCATGAACTACGTCACAGA_003,76
ATCATGAACTACGTCACAGA_004,121
ATCATGAACTACGTCACAGA_005,83
ATCATGAACTACGTCACAGA_006,34
ATCATGAACTACGTCACAGA_007,1
ATCATGAACTACGTCACAGA_008,188
ATCATGAACTACGTCACAGA_009,1
ATCATGAACTACGTCACAGA_010,140
ATCATGAACTACGTCACAGA_011,130
ATCATGAACTACGTCACAGA_012,105
ATCATGAACTACGTCACAGA_013,105
GGAATGTCCCCTAACTTCTG_001,129
GGAATGTCCCCTAACTTCTG_002,36
GGAATGTCCCCTAACTTCTG_003,103
GGAATGTCCCCTAACTTCTG_004,141
GGAATGTCCCCTAACTTCTG_005,38
GGAATGTCCCCTAACTTCTG_006,57
GGAATGTCCCCTAACTTCTG_007,10
GGAATGTCCCCTAACTTCTG_008,102
AAGATGAGATTGCGGCCGAA_001,65
AAGATGAGATTGCGGCCGAA_002,23
AAGATGAGATTGCGGCCGAA_003,152
AAGATGAGATTGCGGCCGAA_004,173
AAGATGAGATTGCGGCCGAA_005,136
AAGATGAGATTGCGGCCGAA_006,76
AAGATGAGATTGCGGCCGAA_007,116
AAGATGAGATTGCGGCCGAA_008,41
AAGATGAGATTGCGGCCGAA_009,199
AAGATGAGATTGCGGCCGAA_010,62
AAGATGAGATTGCGGCCGAA_011,41
AAGATGAGATTGCGGCCGAA_012,105
AAGATGAGATTGCGGCCGAA_013,9
AAGATGAGATTGCGGCCGAA_014,20
AAGATGAGATTGCGGCCGAA_015,76
AAGATGAGATTGCGGCCGAA_016,142
CCAAATATTAAACTGAAACC_001,158
CCAAATATTAAACTGAAACC_002,45
TCTAACCTTTAGCTTTGCAG_001,94
TCTAACCTTTAGCTTTGCAG_002,49
CATAATCGTGGCCATCAACG_001,195
CATAATCGTGGCCATCAACG_002,196
CATAATCGTGGCCATCAACG_003,157
CATAATCGTGGCCATCAACG_004,82
CATAATCGTGGCCATCAACG_005,137
CATAATCGTGGCCATCAACG_006,158
CATAATCGTGGCCATCAACG_007,177
CATAATCGTGGCCATCAACG_008,29
CATAATCGTGGCCATCAACG_009,7
CATAATCGTGGCCATCAACG_010,48
TGATGAAATTGCTCGTCTTG_001,68
GAGCTCTCACCGCTGGCGAG_001,191
GAGCTCTCACCGCTGGCGAG_002,127
GAGCTCTCACCGCTGGCGAG_003,88
GAGCTCTCACCGCTGGCGAG_004,50
GAGCTCTCACCGCTGGCGAG_005,36
GAGCTCTCACCGCTGGCGAG_006,81
GAGCTCTCACCGCTGGCGAG_007,195
GAGCTCTCACCGCTGGCGAG_008,88
GAGCTCTCACCGCTGGCGAG_009,130
GAGCTCTCACCGCTGGCGAG_010,162
GAGCTCTCACCGCTGGCGAG_011,117
GAGCTCTCACCGCTGGCGAG_012,60
GAGCTCTCACCGCTGGCGAG_013,127
GAGCTCTCACCGCTGGCGAG_014,169
GAGCTCTCACCGCTGGCGAG_015,9
GAGCTCTCACCGCTGGCGAG_016,174
GAGCTCTCACCGCTGGCGAG_017,78
GAGCTCTCACCGCTGGCGAG_018,173
GAGCTCTCACCGCTGGCGAG_019,86
GAGCTCTCACCGCTGGCGAG_020,162
GAGCTCTCACCGCTGGCGAG_021,103
GAGCTCTCACCGCTGGCGAG_022,50
GAGCTCTCACCGCTGGCGAG_023,140
GAGCTCTCACCGCTGGCGAG_024,123
GAGCTCTCACCGCTGGCGAG_025,15
GAGCTCTCACCGCTGGCGAG_026,179
GAGCTCTCACCGCTGGCGAG_027,188
GAGCTCTCACCGCTGGCGAG_028,99
GAGCTCTCACCGCTGGCGAG_029,74
GAGCTCTCACCGCTGGCGAG_030,130
GAGCTCTCACCGCTGGCGAG_031,106
GAGCTCTCACCGCTGGCGAG_032,147
GAGCTCTCACCGCTGGCGAG_033,17
GAGCTCTCACCGCTGGCGAG_034,98
GAGCTCTCACCGCTGGCGAG_035,52
GAGCTCTCACCGCTGGCGAG_036,90
GAGCTCTCACCGCTGGCGAG_037,95
GAGCTCTCACCGCTGGCGAG_038,149
GAGCTCTCACCGCTGGCGAG_039,63
GAGCTCTCACCGCTGGCGAG_040,124
GAGCTCTCACCGCTGGCGAG_041,150
GAGCTCTCACCGCTGGCGAG_042,113
GAGCTCTCACCGCTGGCGAG_043,45
GAGCTCTCACCGCTGGCGAG_044,1
GAGCTCTCACCGCTGGCGAG_045,188
GACACCTGGATCTTTCACAT_001,115
GACACCTGGATCTTTCACAT_002,2
GACACCTGGATCTTTCACAT_003,54
GACACCTGGATCTTTCACAT_004,91
GACACCTGGATCTTTCACAT_005,75
GACACCTGGATCTTTCACAT_006,158
GACACCTGGATCTTTCACAT_007,40
GACACCTGGATCTTTCACAT_008,8
GACACCTGGATCTTTCACAT_009,48
GACACCTGGATCTTTCACAT_010,77
GACACCTGGATCTTTCACAT_011,50
GTCCTTGAAACGCCCATCGT_001,137
GTCCTTGAAACGCCCATCGT_002,198
GTCCTTGAAACGCCCATCGT_003,4
GTCCTTGAAACGCCCATCGT_004,77
GTCCTTGAAACGCCCATCGT_005,184
GTCCTTGAAACGCCCATCGT_006,33
GTCCTTGAAACGCCCATCGT_007,94
GTCCTTGAAACGCCCATCGT_008,157
GTCCTTGAAACGCCCATCGT_009,94
GTCCTTGAAACGCCCATCGT_010,16
GTCCTTGAAACGCCCATCGT_011,172
GTCCTTGAAACGCCCATCGT_012,49
GTCCTTGAAACGCCCATCGT_013,194
GAATGACAGCGTCTATGCTG_001,36
GAATGACAGCGTCTATGCTG_002,177
GAATGACAGCGTCTATGCTG_003,26
GAATGACAGCGTCTATGCTG_004,199
GAATGACAGCGTCTATGCTG_005,41
GAATGACAGCGTCTATGCTG_006,158
GAATGACAGCGTCTATGCTG_007,116
GAATGACAGCGTCTATGCTG_008,45
GAATGACAGCGTCTATGCTG_009,62
GAATGACAGCGTCTATGCTG_010,0
AGCCGTCCGTATGTAAAAGG_001,175
AGCCGTCCGTATGTAAAAGG_002,66
AGCCGTCCGTATGTAAAAGG_003,9
AGCCGTCCGTATGTAAAAGG_004,175
AGCCGTCCGTATGTAAAAGG_005,12
AGCCGTCCGTATGTAAAAGG_006,130
AGCCGTCCGTATGTAAAAGG_007,34
AGCCGTCCGTATGTAAAAGG_008,152
AGCCGTCCGTATGTAAAAGG_009,147
AGCCGTCCGTATGTAAAAGG_010,83
AGCCGTCCGTATGTAAAAGG_011,20
AGCCGTCCGTATGTAAAAGG_012,105
AGCCGTCCGTATGTAAAAGG_013,70
AGCCGTCCGTATGTAAAAGG_014,18
ACAACGACATCGACACCGGG_001,143
ACAACGACATCGACACCGGG_002,143
ACAACGACATCGACACCGGG_003,61
ACAACGACATCGACACCGGG_004,118
ACAACGACATCGACACCGGG_005,146
ACAACGACATCGACACCGGG_006,169
ACAACGACATCGACACCGGG_007,156
ACAACGACATCGACACCGGG_008,185
ACAACGACATCGACACCGGG_009,154
ACAACGACATCGACACCGGG_010,154
ACAACGACATCGACACCGGG_011,168
ACAACGACATCGACACCGGG_012,75
ACAACGACATCGACACCGGG_013,181
ACAACGACATCGACACCGGG_014,169
ACAACGACATCGACACCGGG_015,159
ACAACGACATCGACACCGGG_016,48
ACAACGACATCGACACCGGG_017,154
ACAACGACATCGACACCGGG_018,43
ACAACGACATCGACACCGGG_019,27
ACAACGACATCGACACCGGG_020,142
ACAACGACATCGACACCGGG_021,3
ACAACGACATCGACACCGGG_022,168
ACAACGACATCGACACCGGG_023,29
ACAACGACATCGACACCGGG_024,69
ACAACGACATCGACACCGGG_025,198
GCTTTCACAAATAGTACCAA_001,75
GCTTTCACAAATAGTACCAA_002,34
GCTTTCACAAATAGTACCAA_003,137
GCTTTCACAAATAGTACCAA_004,163
GCTTTCACAAATAGTACCAA_005,124
GCTTTCACAAATAGTACCAA_006,88
GCTTTCACAAATAGTACCAA_007,21
GGGTGTAGACCGATGGACCT_001,154
GGGTGTAGACCGATGGACCT_002,188
GGGTGTAGACCGATGGACCT_003,188
GGGTGTAGACCGATGGACCT_004,67
GGGTGTAGACCGATGGACCT_005,181
GGGTGTAGACCGATGGACCT_006,169
GGGTGTAGACCGATGGACCT_007,148
GGGTGTAGACCGATGGACCT_008,44
GGGTGTAGACCGATGGACCT_009,117
GGGTGTAGACCGATGGACCT_010,48
GGGTGTAGACCGATGGACCT_011,176
GGGTGTAGACCGATGGACCT_012,121
GGGTGTAGACCGATGGACCT_013,57
TAAGAGAACTCCAAACAATG_001,42
TAAGAGAACTCCAAACAATG_002,101
TAAGAGAACTCCAAACAATG_003,188
TAAGAGAACTCCAAACAATG_004,124
ATCCCTCTAGACGAGAACGA_001,144
ATCCCTCTAGACGAGAACGA_002,138
ATCCCTCTAGACGAGAACGA_003,82
ATCCCTCTAGACGAGAACGA_004,76
ATCCCTCTAGACGAGAACGA_005,119
GCCTTCGCATCTTATCGGTG_001,111
GCCTTCGCATCTTATCGGTG_002,100
GACCGCTGTAAAAAATGTGA_001,24
GACCGCTGTAAAAAATGTGA_002,12
GACCGCTGTAAAAAATGTGA_003,174
GACCGCTGTAAAAAATGTGA_004,190
GACCGCTGTAAAAAATGTGA_005,63
AAGGAGAATTTCATGTACCA_001,41
AAGGAGAATTTCATGTACCA_002,183
AAGGAGAATTTCATGTACCA_003,174
AAGGAGAATTTCATGTACCA_004,115
AAGGAGAATTTCATGTACCA_005,158
AAGGAGAATTTCATGTACCA_006,50
AAGGAGAATTTCATGTACCA_007,85
AAGGAGAATTTCATGTACCA_008,29
AAGGAGAATTTCATGTACCA_009,0
AAGGAGAATTTCATGTACCA_010,130
TCAAGTTCGAGTTACCTCAT_001,68
TCAAGTTCGAGTTACCTCAT_002,134
TCAAGTTCGAGTTACCTCAT_003,169
TCAAGTTCGAGTTACCTCAT_004,58
TCAAGTTCGAGTTACCTCAT_005,2
TCAAGTTCGAGTTACCTCAT_006,72
TCAAGTTCGAGTTACCTCAT_007,72
TCAAGTTCGAGTTACCTCAT_008,137
TCAAGTTCGAGTTACCTCAT_009,148
TCAAGTTCGAGTTACCTCAT_010,177
TCAAGTTCGAGTTACCTCAT_011,198
TCAAGTTCGAGTTACCTCAT_012,46
TCAAGTTCGAGTTACCTCAT_013,142
TCAAGTTCGAGTTACCTCAT_014,92
TCAAGTTCGAGTTACCTCAT_015,21
TCAAGTTCGAGTTACCTCAT_016,17
TCAAGTTCGAGTTACCTCAT_017,1
TCAAGTTCGAGTTACCTCAT_018,15
GCTTCCAGTGCTGAGTACGT_001,166
GCTTCCAGTGCTGAGTACGT_002,113
GCTTCCAGTGCTGAGTACGT_003,125
GCTTCCAGTGCTGAGTACGT_004,169
GCTTCCAGTGCTGAGTACGT_005,134
GCTTCCAGTGCTGAGTACGT_006,81
GCTTCCAGTGCTGAGTACGT_007,28
GCTTCCAGTGCTGAGTACGT_008,6
TGCTAAATGCGGCTTCAGGG_001,68
TGCTAAATGCGGCTTCAGGG_002,174
TGCTAAATGCGGCTTCAGGG_003,175
TCTTAGGATAGCTTATCCTG_001,165
TCTTAGGATAGCTTATCCTG_002,94
TCTTAGGATAGCTTATCCTG_003,81
CAAAGACGGCCGGATCCGTG_001,190
CAAAGACGGCCGGATCCGTG_002,139
CAAAGACGGCCGGATCCGTG_003,35
CAAAGACGGCCGGATCCGTG_004,178
CAAAGACGGCCGGATCCGTG_005,60
CAAAGACGGCCGGATCCGTG_006,69
CAAAGACGGCCGGATCCGTG_007,144
CAAAGACGGCCGGATCCGTG_008,128
CAAAGACGGCCGGATCCGTG_009,148
CAAAGACGGCCGGATCCGTG_010,66
CAAAGACGGCCGGATCCGTG_011,186
CAAAGACGGCCGGATCCGTG_012,49
CAAAGACGGCCGGATCCGTG_013,12
CAAAGACGGCCGGATCCGTG_014,170
CAAAGACGGCCGGATCCGTG_015,45
CAAAGACGGCCGGATCCGTG_016,28
CAAAGACGGCCGGATCCGTG_017,144
CAAAGACGGCCGGATCCGTG_018,83
CAAAGACGGCCGGATCCGTG_019,21
CAAAGACGGCCGGATCCGTG_020,89
CAAAGACGGCCGGATCCGTG_021,120
CAAAGACGGCCGGATCCGTG_022,54
CAAAGACGGCCGGATCCGTG_023,83
CAAAGACGGCCGGATCCGTG_024,113
CAAAGACGGCCGGATCCGTG_025,94
CAAAGACGGCCGGATCCGTG_026,78
CAAAGACGGCCGGATCCGTG_027,188
CAAAGACGGCCGGATCCGTG_028,198
CAAAGACGGCCGGATCCGTG_029,35
CAAAGACGGCCGGATCCGTG_030,139
CAAAGACGGCCGGATCCGTG_031,2
CAAAGACGGCCGGATCCGTG_032,19
CAAAGACGGCCGGATCCGTG_033,123
ATCACAAGTCCCTCACATTG_001,82
ATCACAAGTCCCTCACATTG_002,3
ATCACAAGTCCCTCACATTG_003,162
GCCCATTCCAAAGACAGCAG_001,8
GCCCATTCCAAAGACAGCAG_002,123
GCCCATTCCAAAGACAGCAG_003,197
GCCCATTCCAAAGACAGCAG_004,85
GCCCATTCCAAAGACAGCAG_005,68
GCCCATTCCAAAGACAGCAG_006,68
GCCCATTCCAAAGACAGCAG_007,76
GCCCATTCCAAAGACAGCAG_008,121
GCCCATTCCAAAGACAGCAG_009,162
GCCCATTCCAAAGACAGCAG_010,30
GCCCATTCCAAAGACAGCAG_011,178
GCCCATTCCAAAGACAGCAG_012,160
GCCCATTCCAAAGACAGCAG_013,171
GCCCATTCCAAAGACAGCAG_014,170
GCCCATTCCAAAGACAGCAG_015,8
GCCCATTCCAAAGACAGCAG_016,184
GCCCATTCCAAAGACAGCAG_017,121
GCCCATTCCAAAGACAGCAG_018,141
GCCCATTCCAAAGACAGCAG_019,149
GCCCATTCCAAAGACAGCAG_020,41
GCCCATTCCAAAGACAGCAG_021,70
GCCCATTCCAAAGACAGCAG_022,55
GCCCATTCCAAAGACAGCAG_023,88
CATGTCTATGCGAATACCAG_001,28
CATGTCTATGCGAATACCAG_002,68
CATGTCTATGCGAATACCAG_003,34
CATGTCTATGCGAATACCAG_004,77
GATGACATTCCAGGAATGGA_001,190
GATGACATTCCAGGAATGGA_002,145
GATGACATTCCAGGAATGGA_003,168
GATGACATTCCAGGAATGGA_004,140
GATGACATTCCAGGAATGGA_005,80
GATGACATTCCAGGAATGGA_006,141
GATGACATTCCAGGAATGGA_007,177
GATGACATTCCAGGAATGGA_008,5
GATGACATTCCAGGAATGGA_009,162
GATGACATTCCAGGAATGGA_010,175
GATGACATTCCAGGAATGGA_011,154
CATCGAATAAGAAAATGTAC_001,27
ACTTGGGAGGACACTTGGGA_001,67
ACTTGGGAGGACACTTGGGA_002,17
ACTTGGGAGGACACTTGGGA_003,84
ACTTGGGAGGACACTTGGGA_004,130
ACTTGGGAGGACACTTGGGA_005,48
ACTTGGGAGGACACTTGGGA_006,198
ACTTGGGAGGACACTTGGGA_007,21
ACTTGGGAGGACACTTGGGA_008,57
ACTTGGGAGGACACTTGGGA_009,148
ACTTGGGAGGACACTTGGGA_010,2
ACTTGGGAGGACACTTGGGA_011,94
ACTTGGGAGGACACTTGGGA_012,137
ACTTGGGAGGACACTTGGGA_013,105
ACTTGGGAGGACACTTGGGA_014,184
ACTTGGGAGGACACTTGGGA_015,19
ACTTGGGAGGACACTTGGGA_016,34
ACTTGGGAGGACACTTGGGA_017,169
GGTCCCCAAGAGGAGAAGCA_001,170
GGTCCCCAAGAGGAGAAGCA_002,54
GGTCCCCAAGAGGAGAAGCA_003,140
ACTGGATCGGAACACAGAGT_001,176
ACTGGATCGGAACACAGAGT_002,160
ACTGGATCGGAACACAGAGT_003,121
ACTGGATCGGAACACAGAGT_004,17
ACTGGATCGGAACACAGAGT_005,190
ACTGGATCGGAACACAGAGT_006,137
ACTGGATCGGAACACAGAGT_007,168
ACTGGATCGGAACACAGAGT_008,56
ACTGGATCGGAACACAGAGT_009,136
ACTGGATCGGAACACAGAGT_010,16
GGAAAGGTCGAAGCGTTCGG_001,104
GGAAAGGTCGAAGCGTTCGG_002,145
GGAAAGGTCGAAGCGTTCGG_003,61
GGAAAGGTCGAAGCGTTCGG_004,82
GGAAAGGTCGAAGCGTTCGG_005,17
GGAAAGGTCGAAGCGTTCGG_006,1
GGAAAGGTCGAAGCGTTCGG_007,154
GGAAAGGTCGAAGCGTTCGG_008,196
GGAAAGGTCGAAGCGTTCGG_009,170
TTCGTGTGCAGTGGCGCTCG_001,6
TTCGTGTGCAGTGGCGCTCG_002,125
TTCGTGTGCAGTGGCGCTCG_003,95
TTCGTGTGCAGTGGCGCTCG_004,90
TTCGTGTGCAGTGGCGCTCG_005,107
TTCGTGTGCAGTGGCGCTCG_006,45
TTCGTGTGCAGTGGCGCTCG_007,82
ACCACAGAAGAGTAAGTGCA_001,43
ACCACAGAAGAGTAAGTGCA_002,116
ACCACAGAAGAGTAAGTGCA_003,32
ACCACAGAAGAGTAAGTGCA_004,172
ACCACAGAAGAGTAAGTGCA_005,119
ACCACAGAAGAGTAAGTGCA_006,125
ACCACAGAAGAGTAAGTGCA_007,80
ACCACAGAAGAGTAAGTGCA_008,176
ACCACAGAAGAGTAAGTGCA_009,110
ACCACAGAAGAGTAAGTGCA_010,168
ACCACAGAAGAGTAAGTGCA_011,127
ACCACAGAAGAGTAAGTGCA_012,34
ACCACAGAAGAGTAAGTGCA_013,2
ACCACAGAAGAGTAAGTGCA_014,57
ACCACAGAAGAGTAAGTGCA_015,166
ACCACAGAAGAGTAAGTGCA_016,46
ACCACAGAAGAGTAAGTGCA_017,169
ACCACAGAAGAGTAAGTGCA_018,95
ACCACAGAAGAGTAAGTGCA_019,130
ACCACAGAAGAGTAAGTGCA_020,144
AGCTGCAGAAGAAAGACGCA_001,117
AGCTGCAGAAGAAAGACGCA_002,49
AGCTGCAGAAGAAAGACGCA_003,82
AGCTGCAGAAGAAAGACGCA_004,169
AGCTGCAGAAGAAAGACGCA_005,27
AGCTGCAGAAGAAAGACGCA_006,16
AGCTGCAGAAGAAAGACGCA_007,52
AGCTGCAGAAGAAAGACGCA_008,179
AGCTGCAGAAGAAAGACGCA_009,10
AGCTGCAGAAGAAAGACGCA_010,28
AGCTGCAGAAGAAAGACGCA_011,88
AGCTGCAGAAGAAAGACGCA_012,162
AGCTGCAGAAGAAAGACGCA_013,48
AGCTGCAGAAGAAAGACGCA_014,17
AGCTGCAGAAGAAAGACGCA_015,62
AGCTGCAGAAGAAAGACGCA_016,29
CCGGGCGTTCCTTTCCAGCG_001,55
CCGGGCGTTCCTTTCCAGCG_002,41
CCGGGCGTTCCTTTCCAGCG_003,68
CCGGGCGTTCCTTTCCAGCG_004,77
CCGGGCGTTCCTTTCCAGCG_005,176
CCGGGCGTTCCTTTCCAGCG_006,190
CCGGGCGTTCCTTTCCAGCG_007,105
CCGGGCGTTCCTTTCCAGCG_008,160
CCGGGCGTTCCTTTCCAGCG_009,144
CCGGGCGTTCCTTTCCAGCG_010,162
CCGGGCGTTCCTTTCCAGCG_011,177
CCGGGCGTTCCTTTCCAGCG_012,130
CCGGGCGTTCCTTTCCAGCG_013,117
CCGGGCGTTCCTTTCCAGCG_014,35
CCGGGCGTTCCTTTCCAGCG_015,56
CGTGTAATGGCAGACTCCGG_001,188
CGTGTAATGGCAGACTCCGG_002,48
CGTGTAATGGCAGACTCCGG_003,151
ACGGGCCCTAGACAATACGA_001,170
ACGGGCCCTAGACAATACGA_002,77
ACGGGCCCTAGACAATACGA_003,185
GTGGGACACTGCTATCTCCG_001,178
GTGGGACACTGCTATCTCCG_002,52
GTGGGACACTGCTATCTCCG_003,46
GTGGGACACTGCTATCTCCG_004,115
GTGGGACACTGCTATCTCCG_005,188
GTGGGACACTGCTATCTCCG_006,40
GGCCTCGTTAAGGATCCCGT_001,24
GGCCTCGTTAAGGATCCCGT_002,36
GGCCTCGTTAAGGATCCCGT_003,111
GGCCTCGTTAAGGATCCCGT_004,184
CCCAAGACGGTAGTTGAGCG_001,174
CGACACTAAGAAACATCTAG_001,137
CGACACTAAGAAACATCTAG_002,83
CGACACTAAGAAACATCTAG_003,184
CGACACTAAGAAACATCTAG_004,64
CGACACTAAGAAACATCTAG_005,175
GAACAGTTGTACCTGACACC_001,181
GAACAGTTGTACCTGACACC_002,17
GAACAGTTGTACCTGACACC_003,190
GAACAGTTGTACCTGACACC_004,137
GAACAGTTGTACCTGACACC_005,188
GGTACCTATTGTTGAACCAG_001,115
GGTACCTATTGTTGAACCAG_002,28
GGTACCTATTGTTGAACCAG_003,62
GGTACCTATTGTTGAACCAG_004,43
GGTACCTATTGTTGAACCAG_005,178
GCCAGCATTCGAACAAACGT_001,10
GCCAGCATTCGAACAAACGT_002,2
GCCAGCATTCGAACAAACGT_003,138
TACAGCAACCTAGTCACAGT_001,116
TACAGCAACCTAGTCACAGT_002,103
TACAGCAACCTAGTCACAGT_003,177
ACAGAAACAGAAGTCAATGG_001,168
ACAGAAACAGAAGTCAATGG_002,173
ACAGAAACAGAAGTCAATGG_003,145
ACAGAAACAGAAGTCAATGG_004,44
ACAGAAACAGAAGTCAATGG_005,113
ACAGAAACAGAAGTCAATGG_006,27
ACAGAAACAGAAGTCAATGG_007,185
ACAGAAACAGAAGTCAATGG_008,170
ACAGAAACAGAAGTCAATGG_009,12
ACAGAAACAGAAGTCAATGG_010,86
ACAGAAACAGAAGTCAATGG_011,41
ACAGAAACAGAAGTCAATGG_012,78
ACAGAAACAGAAGTCAATGG_013,164
ACAGAAACAGAAGTCAATGG_014,103
GCCCAGCCGTGTTCGCCATG_001,162
GCCCAGCCGTGTTCGCCATG_002,78
GCCCAGCCGTGTTCGCCATG_003,17
GCCCAGCCGTGTTCGCCATG_004,192
GCCCAGCCGTGTTCGCCATG_005,140
GCCCAGCCGTGTTCGCCATG_006,60
GCCCAGCCGTGTTCGCCATG_007,127
TCCTGCCAGCTAACACTCAG_001,101
TCCTGCCAGCTAACACTCAG_002,122
TCCTGCCAGCTAACACTCAG_003,94
TCCTGCCAGCTAACACTCAG_004,8
TCCTGCCAGCTAACACTCAG_005,61
TCCTGCCAGCTAACACTCAG_006,104
TCCTGCCAGCTAACACTCAG_007,49
TCCTGCCAGCTAACACTCAG_008,164
TCCTGCCAGCTAACACTCAG_009,164
TCCTGCCAGCTAACACTCAG_010,43
TCCTGCCAGCTAACACTCAG_011,191
TCCTGCCAGCTAACACTCAG_012,14
TCCTGCCAGCTAACACTCAG_013,115
TCCTGCCAGCTAACACTCAG_014,108
TCCTGCCAGCTAACACTCAG_015,33
TCCTGCCAGCTAACACTCAG_016,52
TCCTGCCAGCTAACACTCAG_017,118
TCCTGCCAGCTAACACTCAG_018,48
TCCTGCCAGCTAACACTCAG_019,166
GATGACGGAGACCAAAACAC_001,184
GATGACGGAGACCAAAACAC_002,76
GTCCCCCGAATCATTCCTTG_001,3
GTCCCCCGAATCATTCCTTG_002,76
GTCCCCCGAATCATTCCTTG_003,169
GTCCCCCGAATCATTCCTTG_004,90
GTCCCCCGAATCATTCCTTG_005,173
AGAGACATTAGTAAGGACGC_001,43
AGAGACATTAGTAAGGACGC_002,157
AGAGACATTAGTAAGGACGC_003,131
AGAGACATTAGTAAGGACGC_004,137
AGAGACATTAGTAAGGACGC_005,194
AGAGACATTAGTAAGGACGC_006,81
AGAGACATTAGTAAGGACGC_007,50
AGAGACATTAGTAAGGACGC_008,127
AGAGACATTAGTAAGGACGC_009,191
AGAGACATTAGTAAGGACGC_010,148
AGAGACATTAGTAAGGACGC_011,98
AGAGACATTAGTAAGGACGC_012,78
AGAGACATTAGTAAGGACGC_013,8
AGAGACATTAGTAAGGACGC_014,69
AGAGACATTAGTAAGGACGC_015,160
AGAGACATTAGTAAGGACGC_016,107
AGAGACATTAGTAAGGACGC_017,75
AGAGACATTAGTAAGGACGC_018,15
AGAGACATTAGTAAGGACGC_019,6
AGAGACATTAGTAAGGACGC_020,146
ATCCCTGCTAGATGAGCTTG_001,158
ATCCCTGCTAGATGAGCTTG_002,120
ATCCCTGCTAGATGAGCTTG_003,6
ATCCCTGCTAGATGAGCTTG_004,23
ATCCCTGCTAGATGAGCTTG_005,11
ATCCCTGCTAGATGAGCTTG_006,122
ATCCCTGCTAGATGAGCTTG_007,188
ATCCCTGCTAGATGAGCTTG_008,54
ATCCCTGCTAGATGAGCTTG_009,177
ATCCCTGCTAGATGAGCTTG_010,90
ATCCCTGCTAGATGAGCTTG_011,177
ATCCCTGCTAGATGAGCTTG_012,162
ATCCCTGCTAGATGAGCTTG_013,81
ATCCCTGCTAGATGAGCTTG_014,115
ATCCCTGCTAGATGAGCTTG_015,28
ATCCCTGCTAGATGAGCTTG_016,91
ATCCCTGCTAGATGAGCTTG_017,184
ATCCCTGCTAGATGAGCTTG_018,24
ATCCCTGCTAGATGAGCTTG_019,194
ATCCCTGCTAGATGAGCTTG_020,132
ATCCCTGCTAGATGAGCTTG_021,35
ATCCCTGCTAGATGAGCTTG_022,148
ATCCCTGCTAGATGAGCTTG_023,86
ATCCCTGCTAGATGAGCTTG_024,191
ATCCCTGCTAGATGAGCTTG_025,77
ATCCCTGCTAGATGAGCTTG_026,158
ATCCCTGCTAGATGAGCTTG_027,8
GACTTCATATAACAATACCT_001,26
GACTTCATATAACAATACCT_002,49
GACTTCATATAACAATACCT_003,69
GACTTCATATAACAATACCT_004,143
GACTTCATATAACAATACCT_005,143
AGCAGGATTTCACCTCCGGG_001,58
AGCAGGATTTCACCTCCGGG_002,51
AGCAGGATTTCACCTCCGGG_003,140
AGCAGGATTTCACCTCCGGG_004,194
AGCAGGATTTCACCTCCGGG_005,82
AGCGCGGATACGATGTCACC_001,161
TACGTGATGAAATTGATACG_001,8
CCCATACATGAACGACACGG_001,74
CCCATACATGAACGACACGG_002,147
CCCATACATGAACGACACGG_003,42
CCCATACATGAACGACACGG_004,171
CCCATACATGAACGACACGG_005,2
CCCATACATGAACGACACGG_006,187
CCCATACATGAACGACACGG_007,197
CCCATACATGAACGACACGG_008,93
CCCATACATGAACGACACGG_009,158
CCCATACATGAACGACACGG_010,81
CCCATACATGAACGACACGG_011,84
CCCATACATGAACGACACGG_012,162
CCCATACATGAACGACACGG_013,133
CCCATACATGAACGACACGG_014,72
CCCATACATGAACGACACGG_015,145
CCCATACATGAACGACACGG_016,108
CCCATACATGAACGACACGG_017,59
GCCCGACCAGCGAGTTGCGG_001,121
GCCCGACCAGCGAGTTGCGG_002,147
GCCCGACCAGCGAGTTGCGG_003,128
GCCCGACCAGCGAGTTGCGG_004,59
GCCCGACCAGCGAGTTGCGG_005,19
GCCCGACCAGCGAGTTGCGG_006,81
GCCCGACCAGCGAGTTGCGG_007,36
GCCCGACCAGCGAGTTGCGG_008,56
GCCCGACCAGCGAGTTGCGG_009,145
GCCCGACCAGCGAGTTGCGG_010,77
GCCCGACCAGCGAGTTGCGG_011,166
TGTGCAGCGTGGTATGGACA_001,11
TGTGCAGCGTGGTATGGACA_002,97
TGTGCAGCGTGGTATGGACA_003,105
TGTGCAGCGTGGTATGGACA_004,68
TGTGCAGCGTGGTATGGACA_005,138
TGTGCAGCGTGGTATGGACA_006,113
GAGCTGCAATCGGCCACCTG_001,76
GAGCTGCAATCGGCCACCTG_002,177
GAGCTGCAATCGGCCACCTG_003,21
GAGCTGCAATCGGCCACCTG_004,187
GAGCTGCAATCGGCCACCTG_005,139
GAGCTGCAATCGGCCACCTG_006,60
GAGCTGCAATCGGCCACCTG_007,141
GAGCTGCAATCGGCCACCTG_008,129
GAGCTGCAATCGGCCACCTG_009,50
GAGCTGCAATCGGCCACCTG_010,94
GAGCTGCAATCGGCCACCTG_011,29
GAGCTGCAATCGGCCACCTG_012,173
GAGCTGCAATCGGCCACCTG_013,108
GAGCTGCAATCGGCCACCTG_014,47
GAGCTGCAATCGGCCACCTG_015,49
GAGCTGCAATCGGCCACCTG_016,147
GAGCTGCAATCGGCCACCTG_017,137
GAGCTGCAATCGGCCACCTG_018,162
GAGCTGCAATCGGCCACCTG_019,77
GAGCTGCAATCGGCCACCTG_020,48
GAGCTGCAATCGGCCACCTG_021,175
GAGCTGCAATCGGCCACCTG_022,47
GGGCTGGGGATTTACCGACG_001,181
GGGCTGGGGATTTACCGACG_002,113
GCGGCTCCGTGGCATAAGCG_001,170
GCGGCTCCGTGGCATAAGCG_002,192
GCGGCTCCGTGGCATAAGCG_003,144
GCGGCTCCGTGGCATAAGCG_004,166
GCGGCTCCGTGGCATAAGCG_005,14
GCGGCTCCGTGGCATAAGCG_006,118
GCGGCTCCGTGGCATAAGCG_007,127
GCGGCTCCGTGGCATAAGCG_008,41
GCGGCTCCGTGGCATAAGCG_009,97
GCGGCTCCGTGGCATAAGCG_010,120
GCGGCTCCGTGGCATAAGCG_011,94
GCGGCTCCGTGGCATAAGCG_012,8
GCGGCTCCGTGGCATAAGCG_013,127
GCGGCTCCGTGGCATAAGCG_014,168
GCGGCTCCGTGGCATAAGCG_015,148
GCGGCTCCGTGGCATAAGCG_016,138
GCGGCTCCGTGGCATAAGCG_017,80
GCGGCTCCGTGGCATAAGCG_018,94
GCGGCTCCGTGGCATAAGCG_019,112
GCGGCTCCGTGGCATAAGCG_020,103
GCGGCTCCGTGGCATAAGCG_021,161
GCGGCTCCGTGGCATAAGCG_022,161
GCGGCTCCGTGGCATAAGCG_023,94
GCGGCTCCGTGGCATAAGCG_024,171
GCGGCTCCGTGGCATAAGCG_025,122
GCGGCTCCGTGGCATAAGCG_026,30
GCGGCTCCGTGGCATAAGCG_027,198
GCGGCTCCGTGGCATAAGCG_028,9
GCGGCTCCGTGGCATAAGCG_029,82
GCGGCTCCGTGGCATAAGCG_030,49
GCGGCTCCGTGGCATAAGCG_031,2
GCGGCTCCGTGGCATAAGCG_032,80
GCGGCTCCGTGGCATAAGCG_033,91
GCGGCTCCGTGGCATAAGCG_034,104
GCGGCTCCGTGGCATAAGCG_035,26
GGAAGCATCAGAAGCTTCCA_001,146
GGAAGCATCAGAAGCTTCCA_002,172
GGAAGCATCAGAAGCTTCCA_003,3
GGAAGCATCAGAAGCTTCCA_004,126
GGAAGCATCAGAAGCTTCCA_005,4
GGAAGCATCAGAAGCTTCCA_006,80
GGAAGCATCAGAAGCTTCCA_007,105
GGAAGCATCAGAAGCTTCCA_008,147
CAATGTGATTCCACCAACGT_001,95
CAATGTGATTCCACCAACGT_002,100
ATTGCGTACTTCGAAAAGGT_001,142
ATTGCGTACTTCGAAAAGGT_002,130
TGTACCAACACTGGTTACAG_001,40
TGTACCAACACTGGTTACAG_002,81
TGTACCAACACTGGTTACAG_003,101
TGTACCAACACTGGTTACAG_004,165
TGTACCAACACTGGTTACAG_005,50
TGTACCAACACTGGTTACAG_006,14
TGTACCAACACTGGTTACAG_007,168
TGTACCAACACTGGTTACAG_008,168
TTTGTAGGCTGTATATGACG_001,78
TTTGTAGGCTGTATATGACG_002,148
ACAGTACAATTATGAACCGG_001,77
GAGGGTGCCACCATGACTAG_001,181
GAGGGTGCCACCATGACTAG_002,77
GAGGGTGCCACCATGACTAG_003,88
GAGGGTGCCACCATGACTAG_004,177
GAGGGTGCCACCATGACTAG_005,178
GAGGGTGCCACCATGACTAG_006,56
AAGAAGAAATGTCAAAAACA_001,27
AAGAAGAAATGTCAAAAACA_002,143
AAGAAGAAATGTCAAAAACA_003,127
AAGAAGAAATGTCAAAAACA_004,19
AAGAAGAAATGTCAAAAACA_005,68
AAGAAGAAATGTCAAAAACA_006,146
GGATTCGCTGATGCACAACG_001,73
GGATTCGCTGATGCACAACG_002,43
GGATTCGCTGATGCACAACG_003,27
GGATTCGCTGATGCACAACG_004,3
GGATTCGCTGATGCACAACG_005,3
GGATTCGCTGATGCACAACG_006,68
GGATTCGCTGATGCACAACG_007,9
GGATTCGCTGATGCACAACG_008,126
GGATTCGCTGATGCACAACG_009,91
GGATTCGCTGATGCACAACG_010,145
GGATTCGCTGATGCACAACG_011,42
GGATTCGCTGATGCACAACG_012,36
GGATTCGCTGATGCACAACG_013,182
GGATTCGCTGATGCACAACG_014,2
TCTTGTTTAGGCATCATCTG_001,126
TCTTGTTTAGGCATCATCTG_002,15
TCTTGTTTAGGCATCATCTG_003,172
TCTTGTTTAGGCATCATCTG_004,29
TCTTGTTTAGGCATCATCTG_005,184
GCAGGCATACCTCATGCACG_001,147
GCAGGCATACCTCATGCACG_002,175
CTGAACACCGTCCGCTCCCA_001,163
CTGAACACCGTCCGCTCCCA_002,19
CTGAACACCGTCCGCTCCCA_003,107
CTGAACACCGTCCGCTCCCA_004,115
CTGAACACCGTCCGCTCCCA_005,49
CTGAACACCGTCCGCTCCCA_006,198
CTGAACACCGTCCGCTCCCA_007,159
CTGAACACCGTCCGCTCCCA_008,30
CTGAACACCGTCCGCTCCCA_009,166
CTGAACACCGTCCGCTCCCA_010,186
CTGAACACCGTCCGCTCCCA_011,129
CTGCACCAGGATGTGACAAA_001,102
TTGTGGGAAAACAGAGCCAC_001,169
TTGTGGGAAAACAGAGCCAC_002,40
TTGTGGGAAAACAGAGCCAC_003,63
AAATGGGAATTGGGTATCCA_001,155
AAATGGGAATTGGGTATCCA_002,175
AAATGGGAATTGGGTATCCA_003,179
AAATGGGAATTGGGTATCCA_004,73
AAATGGGAATTGGGTATCCA_005,145
AAATGGGAATTGGGTATCCA_006,129
AAATGGGAATTGGGTATCCA_007,29
AAATGGGAATTGGGTATCCA_008,66
AAATGGGAATTGGGTATCCA_009,48
AAATGGGAATTGGGTATCCA_010,30
AAATGGGAATTGGGTATCCA_011,198
AGATATTCTGATACCGGCAC_001,182
AGATATTCTGATACCGGCAC_002,52
AGATATTCTGATACCGGCAC_003,102
AGATATTCTGATACCGGCAC_004,145
AGATATTCTGATACCGGCAC_005,41
AGATATTCTGATACCGGCAC_006,23
GAAGAAAGTCCAACTCAGTG_001,161
GAAGAAAGTCCAACTCAGTG_002,169
GAAGAAAGTCCAACTCAGTG_003,48
GAAGAAAGTCCAACTCAGTG_004,19
GAAGAAAGTCCAACTCAGTG_005,69
GAAGAAAGTCCAACTCAGTG_006,28
GAAGAAAGTCCAACTCAGTG_007,74
GAAGAAAGTCCAACTCAGTG_008,2
GAAGAAAGTCCAACTCAGTG_009,123
GAAGAAAGTCCAACTCAGTG_010,182
GAAGAAAGTCCAACTCAGTG_011,130
GAAGAAAGTCCAACTCAGTG_012,199
AGTGAACTCAGCTAGTGTGG_001,23
AGTGAACTCAGCTAGTGTGG_002,8
AGTGAACTCAGCTAGTGTGG_003,127
AGTGAACTCAGCTAGTGTGG_004,133
TCAAGTGATTACAAACAAAG_001,97
TCAAGTGATTACAAACAAAG_002,8
ACATGTTCAAGAAAGCCTGA_001,42
ACATGTTCAAGAAAGCCTGA_002,46
ACATGTTCAAGAAAGCCTGA_003,172
ACATGTTCAAGAAAGCCTGA_004,46
ACATGTTCAAGAAAGCCTGA_005,166
ACATGTTCAAGAAAGCCTGA_006,138
ACATGTTCAAGAAAGCCTGA_007,182
ACATGTTCAAGAAAGCCTGA_008,160
ACATGTTCAAGAAAGCCTGA_009,162
GCGGGATAAATACTCGGAGT_001,32
GCGGGATAAATACTCGGAGT_002,32
GCGGGATAAATACTCGGAGT_003,56
GCGGGATAAATACTCGGAGT_004,70
GCGGGATAAATACTCGGAGT_005,2
GCGGGATAAATACTCGGAGT_006,142
GTGATCGAGGAGATCGACCA_001,188
GTGATCGAGGAGATCGACCA_002,172
GTGATCGAGGAGATCGACCA_003,44
GTGATCGAGGAGATCGACCA_004,152
GTGATCGAGGAGATCGACCA_005,15
GTGATCGAGGAGATCGACCA_006,125
GTGATCGAGGAGATCGACCA_007,113
GTGATCGAGGAGATCGACCA_008,70
GTGATCGAGGAGATCGACCA_009,47
GTGATCGAGGAGATCGACCA_010,191
GTGATCGAGGAGATCGACCA_011,88
GTGATCGAGGAGATCGACCA_012,180
CACGTGCTTCTCATCCCACG_001,125
CACGTGCTTCTCATCCCACG_002,44
CACGTGCTTCTCATCCCACG_003,5
GCAAACCCCACAATATGGTG_001,60
GCAAACCCCACAATATGGTG_002,17
GCAAACCCCACAATATGGTG_003,175
GCAAACCCCACAATATGGTG_004,176
GCAAACCCCACAATATGGTG_005,127
GCAAACCCCACAATATGGTG_006,105
GCAAACCCCACAATATGGTG_007,40
GCAAACCCCACAATATGGTG_008,63
GCAAACCCCACAATATGGTG_009,77
TCAGCGTCAAGCCAAGTACA_001,172
TGCACCTTCCAGGAATACGC_001,14
TGCACCTTCCAGGAATACGC_002,147
TGCACCTTCCAGGAATACGC_003,122
TGCACCTTCCAGGAATACGC_004,53
TGCACCTTCCAGGAATACGC_005,137
TGCACCTTCCAGGAATACGC_006,81
TGCACCTTCCAGGAATACGC_007,61
TGCACCTTCCAGGAATACGC_008,174
TGCACCTTCCAGGAATACGC_009,43
TGCACCTTCCAGGAATACGC_010,147
TGCACCTTCCAGGAATACGC_011,75
TGCACCTTCCAGGAATACGC_012,37
TGCACCTTCCAGGAATACGC_013,32
TGCACCTTCCAGGAATACGC_014,14
GGCTCAGGCTGACTATCGCG_001,16
GGCTCAGGCTGACTATCGCG_002,170
GGCTCAGGCTGACTATCGCG_003,50
GGCTCAGGCTGACTATCGCG_004,110
GGCTCAGGCTGACTATCGCG_005,69
GGCTCAGGCTGACTATCGCG_006,124
GGCTCAGGCTGACTATCGCG_007,102
GGCTCAGGCTGACTATCGCG_008,46
GGCTCAGGCTGACTATCGCG_009,63
GGCTCAGGCTGACTATCGCG_010,124
GGCTCAGGCTGACTATCGCG_011,77
AGACTTTGGTCATGTACAGT_001,85
AGACTTTGGTCATGTACAGT_002,50
AGACTTTGGTCATGTACAGT_003,191
AGACTTTGGTCATGTACAGT_004,48
AGACTTTGGTCATGTACAGT_005,48
AGACTTTGGTCATGTACAGT_006,104
AGACTTTGGTCATGTACAGT_007,121
AGACTTTGGTCATGTACAGT_008,29
AGACTTTGGTCATGTACAGT_009,82
ACTGTGCAGTCTCTAACCCA_001,62
ACTGTGCAGTCTCTAACCCA_002,197
AATTACGCCTACGGTAATGT_001,130
AATTACGCCTACGGTAATGT_002,10
AATTACGCCTACGGTAATGT_003,158
GTGGTTCCGAGAACCCCCAG_001,88
GTGGTTCCGAGAACCCCCAG_002,50
GTGGTTCCGAGAACCCCCAG_003,191
GTGGTTCCGAGAACCCCCAG_004,4
GTGGTTCCGAGAACCCCCAG_005,62
GTGGTTCCGAGAACCCCCAG_006,143
GTGGTTCCGAGAACCCCCAG_007,143
GTGGTTCCGAGAACCCCCAG_008,56
GTGGTTCCGAGAACCCCCAG_009,77
GTGGTTCCGAGAACCCCCAG_010,102
GTGGTTCCGAGAACCCCCAG_011,53
GTGGTTCCGAGAACCCCCAG_012,15
GCAGTGCCAAGCAAAGGCTG_001,184
GCAGTGCCAAGCAAAGGCTG_002,5
GCAGTGCCAAGCAAAGGCTG_003,76
GCAGTGCCAAGCAAAGGCTG_004,168
GCAGTGCCAAGCAAAGGCTG_005,156
GCAGTGCCAAGCAAAGGCTG_006,169
GCAGTGCCAAGCAAAGGCTG_007,61
GCAGTGCCAAGCAAAGGCTG_008,17
GCAGTGCCAAGCAAAGGCTG_009,142
GCAGTGCCAAGCAAAGGCTG_010,188
GCAGTGCCAAGCAAAGGCTG_011,70
GCAGTGCCAAGCAAAGGCTG_012,122
GCAGTGCCAAGCAAAGGCTG_013,57
GCAGTGCCAAGCAAAGGCTG_014,50
GCAGTGCCAAGCAAAGGCTG_015,169
GCAGTGCCAAGCAAAGGCTG_016,137
GCAGTGCCAAGCAAAGGCTG_017,177
CTGCTCCTGGACTGTCACAA_001,169
CTGCTCCTGGACTGTCACAA_002,104
CTGCTCCTGGACTGTCACAA_003,145
CTGCTCCTGGACTGTCACAA_004,104
CTGCTCCTGGACTGTCACAA_005,56
CTGCTCCTGGACTGTCACAA_006,94
CTGCTCCTGGACTGTCACAA_007,121
CTGCTCCTGGACTGTCACAA_008,130
CTGCTCCTGGACTGTCACAA_009,181
CTGCTCCTGGACTGTCACAA_010,91
CTGCTCCTGGACTGTCACAA_011,193
CTGCTCCTGGACTGTCACAA_012,146
CTGCTCCTGGACTGTCACAA_013,94
CTGCTCCTGGACTGTCACAA_014,188
CTGCTCCTGGACTGTCACAA_015,121
CTGCTCCTGGACTGTCACAA_016,37
CTGCTCCTGGACTGTCACAA_017,116
CTGCTCCTGGACTGTCACAA_018,68
CTGCTCCTGGACTGTCACAA_019,107
CTGCTCCTGGACTGTCACAA_020,24
CTGCTCCTGGACTGTCACAA_021,19
CTGCTCCTGGACTGTCACAA_022,147
CTGCTCCTGGACTGTCACAA_023,184
CTGCTCCTGGACTGTCACAA_024,144
CTGCTCCTGGACTGTCACAA_025,115
CTGCTCCTGGACTGTCACAA_026,91
CTGCTCCTGGACTGTCACAA_027,44
CTGCTCCTGGACTGTCACAA_028,132
CTGCTCCTGGACTGTCACAA_029,194
CTGCTCCTGGACTGTCACAA_030,104
CTGCTCCTGGACTGTCACAA_031,170
CTGCTCCTGGACTGTCACAA_032,191
CTGCTCCTGGACTGTCACAA_033,130
CTGCTCCTGGACTGTCACAA_034,188
CTGCTCCTGGACTGTCACAA_035,53
CTGCGTATGAGGGTGAACGG_001,72
CTGCGTATGAGGGTGAACGG_002,83
CTGCGTATGAGGGTGAACGG_003,109
CTGCGTATGAGGGTGAACGG_004,109
CTGCGTATGAGGGTGAACGG_005,8
CTGCGTATGAGGGTGAACGG_006,6
CTGCGTATGAGGGTGAACGG_007,196
CTGCGTATGAGGGTGAACGG_008,161
CTGCGTATGAGGGTGAACGG_009,42
CTGCGTATGAGGGTGAACGG_010,19
CTGCGTATGAGGGTGAACGG_011,184
CTGCGTATGAGGGTGAACGG_012,197
CTGCGTATGAGGGTGAACGG_013,197
CTGCGTATGAGGGTGAACGG_014,92
CTGCGTATGAGGGTGAACGG_015,160
ATCAACGAACTATTCATTTG_001,8
ATCAACGAACTATTCATTTG_002,91
GAAGAAGAAGACATCAAGCG_001,111
GAAGAAGAAGACATCAAGCG_002,62
CCGGGTATTTATCGCCCGGG_001,29
CCGGGTATTTATCGCCCGGG_002,64
GCAGCCGATTCTTGTCACTG_001,31
GCAGCCGATTCTTGTCACTG_002,98
GGGCAAGCTACCTCTCGCAT_001,133
GGGCAAGCTACCTCTCGCAT_002,81
GGGCAAGCTACCTCTCGCAT_003,151
GGGCAAGCTACCTCTCGCAT_004,124
GGGCAAGCTACCTCTCGCAT_005,75
GGGCAAGCTACCTCTCGCAT_006,33
GGGCAAGCTACCTCTCGCAT_007,19
GGGCAAGCTACCTCTCGCAT_008,12
GGGCAAGCTACCTCTCGCAT_009,162
GGGCAAGCTACCTCTCGCAT_010,58
GGGCAAGCTACCTCTCGCAT_011,47
GGGCCTCGTCTTCCTGCCCG_001,127
GGGCCTCGTCTTCCTGCCCG_002,185
GGGCCTCGTCTTCCTGCCCG_003,98
GGGCCTCGTCTTCCTGCCCG_004,77
GGGCCTCGTCTTCCTGCCCG_005,50
GGGCCTCGTCTTCCTGCCCG_006,157
TGACGATTATCACGCTACAA_001,49
GGTCAAAACCAAGCCGGCGT_001,121
GGTCAAAACCAAGCCGGCGT_002,70
GGTCAAAACCAAGCCGGCGT_003,109
GGTCAAAACCAAGCCGGCGT_004,51
GGTCAAAACCAAGCCGGCGT_005,162
GGTCAAAACCAAGCCGGCGT_006,149
GGTCAAAACCAAGCCGGCGT_007,182
GGTCAAAACCAAGCCGGCGT_008,4
GGTCAAAACCAAGCCGGCGT_009,170
GGTCAAAACCAAGCCGGCGT_010,199
GGTCAAAACCAAGCCGGCGT_011,24
GGTCAAAACCAAGCCGGCGT_012,183
GGTCAAAACCAAGCCGGCGT_013,13
GGTCAAAACCAAGCCGGCGT_014,17
GGTCAAAACCAAGCCGGCGT_015,158
GGTCAAAACCAAGCCGGCGT_016,35
GGTCAAAACCAAGCCGGCGT_017,4
GGTCAAAACCAAGCCGGCGT_018,96
GGTCAAAACCAAGCCGGCGT_019,52
TGACCCTCAACACCAACCAT_001,136
TGACCCTCAACACCAACCAT_002,61
TGACCCTCAACACCAACCAT_003,31
TGACCCTCAACACCAACCAT_004,22
TGACCCTCAACACCAACCAT_005,83
TGACCCTCAACACCAACCAT_006,121
TGACCCTCAACACCAACCAT_007,14
TGACCCTCAACACCAACCAT_008,175
TGACCCTCAACACCAACCAT_009,123
TGACCCTCAACACCAACCAT_010,65
TGACCCTCAACACCAACCAT_011,28
TGACCCTCAACACCAACCAT_012,12
TGACCCTCAACACCAACCAT_013,41
TGACCCTCAACACCAACCAT_014,179
TGACCCTCAACACCAACCAT_015,65
TGACCCTCAACACCAACCAT_016,160
TGACCCTCAACACCAACCAT_017,91
TGGGGCGGCACTGCACGTTG_001,84
TGGGGCGGCACTGCACGTTG_002,81
ATCTCACCCAAGGAGATCCG_001,75
ATCTCACCCAAGGAGATCCG_002,118
ATCTCACCCAAGGAGATCCG_003,46
ATCTCACCCAAGGAGATCCG_004,21
ATCTCACCCAAGGAGATCCG_005,121
ATCTCACCCAAGGAGATCCG_006,163
ATCTCACCCAAGGAGATCCG_007,17
ATCTCACCCAAGGAGATCCG_008,63
GACTCTTACCCGAATCACAG_001,33
GACTCTTACCCGAATCACAG_002,140
GACTCTTACCCGAATCACAG_003,175
GACTCTTACCCGAATCACAG_004,88
GACTCTTACCCGAATCACAG_005,162
GACTCTTACCCGAATCACAG_006,174
GACTCTTACCCGAATCACAG_007,178
GACTCTTACCCGAATCACAG_008,103
GACTCTTACCCGAATCACAG_009,102
GACTCTTACCCGAATCACAG_010,160
GACTCTTACCCGAATCACAG_011,64
GACTCTTACCCGAATCACAG_012,40
GACTCTTACCCGAATCACAG_013,12
GACTCTTACCCGAATCACAG_014,34
GACTCTTACCCGAATCACAG_015,147
CGGTAACCCCGAGCGCTCTG_001,162
CGGTAACCCCGAGCGCTCTG_002,191
CGGTAACCCCGAGCGCTCTG_003,76
CGGTAACCCCGAGCGCTCTG_004,185
CGGTAACCCCGAGCGCTCTG_005,141
CGGTAACCCCGAGCGCTCTG_006,191
CGGTAACCCCGAGCGCTCTG_007,27
CGGTAACCCCGAGCGCTCTG_008,42
CGGTAACCCCGAGCGCTCTG_009,53
CGGTAACCCCGAGCGCTCTG_010,50
CGGTAACCCCGAGCGCTCTG_011,137
CGGTAACCCCGAGCGCTCTG_012,127
CGGTAACCCCGAGCGCTCTG_013,13
CGGTAACCCCGAGCGCTCTG_014,135
CGGTAACCCCGAGCGCTCTG_015,175
CGGTAACCCCGAGCGCTCTG_016,80
CGGTAACCCCGAGCGCTCTG_017,195
CGGTAACCCCGAGCGCTCTG_018,24
CGGTAACCCCGAGCGCTCTG_019,166
CGGTAACCCCGAGCGCTCTG_020,133
CGGTAACCCCGAGCGCTCTG_021,118
CGGTAACCCCGAGCGCTCTG_022,40
CGGTAACCCCGAGCGCTCTG_023,185
CGGTAACCCCGAGCGCTCTG_024,55
GCCAATAAGACATTTGTCAG_001,153
GCCAATAAGACATTTGTCAG_002,57
GCCAATAAGACATTTGTCAG_003,94
GCCAATAAGACATTTGTCAG_004,183
GCCAATAAGACATTTGTCAG_005,177
GCCAATAAGACATTTGTCAG_006,103
GCCAATAAGACATTTGTCAG_007,125
GCCAATAAGACATTTGTCAG_008,2
GCCAATAAGACATTTGTCAG_009,23
GCCAATAAGACATTTGTCAG_010,149
GCCAATAAGACATTTGTCAG_011,37
GCCAATAAGACATTTGTCAG_012,94
GCCAATAAGACATTTGTCAG_013,29
GCCAATAAGACATTTGTCAG_014,66
GCCAATAAGACATTTGTCAG_015,2
GCCAATAAGACATTTGTCAG_016,199
GCCAATAAGACATTTGTCAG_017,156
GCCAATAAGACATTTGTCAG_018,103
GCCAATAAGACATTTGTCAG_019,19
GAGGCTCGATAACCAGTGGA_001,48
GAGGCTCGATAACCAGTGGA_002,62
GAGGCTCGATAACCAGTGGA_003,185
GAGGCTCGATAACCAGTGGA_004,141
GAGGCTCGATAACCAGTGGA_005,117
TGAAGATGGAGAAGTCCGAC_001,82
TGAAGATGGAGAAGTCCGAC_002,127
TGAAGATGGAGAAGTCCGAC_003,9
TGAAGATGGAGAAGTCCGAC_004,38
TGAAGATGGAGAAGTCCGAC_005,84
TGAAGATGGAGAAGTCCGAC_006,138
TGAAGATGGAGAAGTCCGAC_007,134
TGAAGATGGAGAAGTCCGAC_008,52
TGAAGATGGAGAAGTCCGAC_009,88
TGAAGATGGAGAAGTCCGAC_010,65
GCTGTACAACTATCCCGCAG_001,189
GCTTGATCTTGCCACCCCTG_001,23
GCTTGATCTTGCCACCCCTG_002,84
GGACGCAACCTCTCTCGGGG_001,41
GGACGCAACCTCTCTCGGGG_002,137
GGACGCAACCTCTCTCGGGG_003,116
GGACGCAACCTCTCTCGGGG_004,72
GGACGCAACCTCTCTCGGGG_005,61
GGACGCAACCTCTCTCGGGG_006,174
GGACGCAACCTCTCTCGGGG_007,109
GGACGCAACCTCTCTCGGGG_008,148
GCCACTTACTCTGAGTGATG_001,176
GCCACTTACTCTGAGTGATG_002,58
GCCACTTACTCTGAGTGATG_003,145
GCCACTTACTCTGAGTGATG_004,65
GCCACTTACTCTGAGTGATG_005,119
GCCACTTACTCTGAGTGATG_006,55
GCTTCACATGCATACCATGG_001,69
TCTGGTACTCCACATCTGAA_001,141
TCTGGTACTCCACATCTGAA_002,127
TCTGGTACTCCACATCTGAA_003,62
TCTGGTACTCCACATCTGAA_004,4
TCTGGTACTCCACATCTGAA_005,37
TCTGGTACTCCACATCTGAA_006,150
TCTGGTACTCCACATCTGAA_007,102
TCTGGTACTCCACATCTGAA_008,24
TCTGGTACTCCACATCTGAA_009,157
TCTGGTACTCCACATCTGAA_010,56
TCTGGTACTCCACATCTGAA_011,197
TCTGGTACTCCACATCTGAA_012,124
TCTGGTACTCCACATCTGAA_013,126
TCTGGTACTCCACATCTGAA_014,156
TCTGGTACTCCACATCTGAA_015,105
ATAAATATAGACGCTATCAG_001,121
ATAAATATAGACGCTATCAG_002,27
ATAAATATAGACGCTATCAG_003,131
ATAAATATAGACGCTATCAG_004,148
ATAAATATAGACGCTATCAG_005,1
GAATGCACACTTGTGCAGCT_001,34
GAATGCACACTTGTGCAGCT_002,162
GAATGCACACTTGTGCAGCT_003,28
TTCATCGAAGCCGTCGCCTG_001,149
TTCATCGAAGCCGTCGCCTG_002,114
TTCATCGAAGCCGTCGCCTG_003,78
TTCATCGAAGCCGTCGCCTG_004,177
TTCATCGAAGCCGTCGCCTG_005,199
TTCATCGAAGCCGTCGCCTG_006,192
TTCATCGAAGCCGTCGCCTG_007,38
TTCATCGAAGCCGTCGCCTG_008,119
TTCATCGAAGCCGTCGCCTG_009,25
TTCATCGAAGCCGTCGCCTG_010,132
TTCATCGAAGCCGTCGCCTG_011,107
TTCATCGAAGCCGTCGCCTG_012,41
TTCATCGAAGCCGTCGCCTG_013,40
TTCATCGAAGCCGTCGCCTG_014,60
TTCATCGAAGCCGTCGCCTG_015,50
GCTGAATGCCTTCCATACGA_001,175
AATCACAGATCCAACCGGCT_001,198
AATCACAGATCCAACCGGCT_002,78
AATCACAGATCCAACCGGCT_003,102
AATCACAGATCCAACCGGCT_004,81
AATCACAGATCCAACCGGCT_005,189
AATCACAGATCCAACCGGCT_006,87
AATCACAGATCCAACCGGCT_007,69
AATCACAGATCCAACCGGCT_008,108
AATCACAGATCCAACCGGCT_009,148
AATCACAGATCCAACCGGCT_010,44
AATCACAGATCCAACCGGCT_011,19
AATCACAGATCCAACCGGCT_012,105
AATCACAGATCCAACCGGCT_013,100
AATCACAGATCCAACCGGCT_014,146
AATCACAGATCCAACCGGCT_015,193
AATCACAGATCCAACCGGCT_016,82
AATCACAGATCCAACCGGCT_017,154
AATCACAGATCCAACCGGCT_018,199
AATCACAGATCCAACCGGCT_019,66
AATCACAGATCCAACCGGCT_020,178
AATCACAGATCCAACCGGCT_021,54
AATCACAGATCCAACCGGCT_022,65
TCAAACACAGGTCTCCAAAG_001,1
TCAAACACAGGTCTCCAAAG_002,174
TCAAACACAGGTCTCCAAAG_003,180
CTTCGTATCAGAAAAGGCAG_001,98
CTTCGTATCAGAAAAGGCAG_002,46
CTTCGTATCAGAAAAGGCAG_003,56
CTTCGTATCAGAAAAGGCAG_004,199
CTTCGTATCAGAAAAGGCAG_005,115
CTTCGTATCAGAAAAGGCAG_006,138
CTTCGTATCAGAAAAGGCAG_007,70
CTTCGTATCAGAAAAGGCAG_008,191
CTTCGTATCAGAAAAGGCAG_009,18
CTTCGTATCAGAAAAGGCAG_010,94
CTTCGTATCAGAAAAGGCAG_011,157
CTGTACCCAGTAATCAATGG_001,49
CTGTACCCAGTAATCAATGG_002,198
CTGTACCCAGTAATCAATGG_003,105
AAAGCAGTGGTGATAACTGA_001,80
AAAGCAGTGGTGATAACTGA_002,149
AAAGCAGTGGTGATAACTGA_003,116
AAAGCAGTGGTGATAACTGA_004,110
GGCACTTCTTAGTCAGCATG_001,132
GGCACTTCTTAGTCAGCATG_002,68
GGCACTTCTTAGTCAGCATG_003,94
GGCACTTCTTAGTCAGCATG_004,14
GGCACTTCTTAGTCAGCATG_005,44
GGCACTTCTTAGTCAGCATG_006,76
GGCACTTCTTAGTCAGCATG_007,141
GGCACTTCTTAGTCAGCATG_008,134
GGCACTTCTTAGTCAGCATG_009,106
GGCACTTCTTAGTCAGCATG_010,108
AGGATAAGACCTCTCTCCGA_001,16
AGGATAAGACCTCTCTCCGA_002,114
AGGATAAGACCTCTCTCCGA_003,76
AGGATAAGACCTCTCTCCGA_004,72
AGGATAAGACCTCTCTCCGA_005,72
AGGATAAGACCTCTCTCCGA_006,69
AGGATAAGACCTCTCTCCGA_007,41
AGGATAAGACCTCTCTCCGA_008,53
AGGATAAGACCTCTCTCCGA_009,13
GTAAGAAAGATCCATTCTCC_001,50
TCACCACTGGAACAAGCACA_001,147
TCACCACTGGAACAAGCACA_002,184
TCACCACTGGAACAAGCACA_003,188
TCACCACTGGAACAAGCACA_004,147
GAGGAAGCCAGCATCCACGG_001,118
GAGGAAGCCAGCATCCACGG_002,120
GAGGAAGCCAGCATCCACGG_003,199
GAGGAAGCCAGCATCCACGG_004,174
GAGGAAGCCAGCATCCACGG_005,8
GAGGAAGCCAGCATCCACGG_006,153
GAGGAAGCCAGCATCCACGG_007,118
GAGGAAGCCAGCATCCACGG_008,169
CTGATCCGCATGAAGCGAGA_001,108
CTGATCCGCATGAAGCGAGA_002,195
CTGATCCGCATGAAGCGAGA_003,107
CTGATCCGCATGAAGCGAGA_004,22
CTGATCCGCATGAAGCGAGA_005,56
CTGATCCGCATGAAGCGAGA_006,104
CTGATCCGCATGAAGCGAGA_007,16
CTGATCCGCATGAAGCGAGA_008,141
CTGATCCGCATGAAGCGAGA_009,28
CTGATCCGCATGAAGCGAGA_010,1
CTGATCCGCATGAAGCGAGA_011,19
CTGATCCGCATGAAGCGAGA_012,184
CTGATCCGCATGAAGCGAGA_013,146
CTGATCCGCATGAAGCGAGA_014,171
CTGATCCGCATGAAGCGAGA_015,105
CTGATCCGCATGAAGCGAGA_016,169
CCTGGAGAACCTCAAGTCGT_001,125
CCTGGAGAACCTCAAGTCGT_002,132
CCTGGAGAACCTCAAGTCGT_003,165
CCTGGAGAACCTCAAGTCGT_004,58
CCTGGAGAACCTCAAGTCGT_005,6
CCTGGAGAACCTCAAGTCGT_006,178
CCTGGAGAACCTCAAGTCGT_007,82
CCTGGAGAACCTCAAGTCGT_008,41
CCTGGAGAACCTCAAGTCGT_009,121
CCTGGAGAACCTCAAGTCGT_010,38
CCTGGAGAACCTCAAGTCGT_011,49
CCTGGAGAACCTCAAGTCGT_012,168
CCTGGAGAACCTCAAGTCGT_013,63
CCTGGAGAACCTCAAGTCGT_014,10
CCTGGAGAACCTCAAGTCGT_015,180
CCTGGAGAACCTCAAGTCGT_016,127
CCTGGAGAACCTCAAGTCGT_017,191
AAGGACCACTACATCGAGCG_001,68
AAGGACCACTACATCGAGCG_002,159
AAGGACCACTACATCGAGCG_003,147
AAGGACCACTACATCGAGCG_004,83
AAGGACCACTACATCGAGCG_005,5
CCTGAATCAGAGTGGACAGT_001,69
CCTGAATCAGAGTGGACAGT_002,19
CCTGAATCAGAGTGGACAGT_003,57
AGGATCGTCACGTTAGTTGG_001,68
AGGATCGTCACGTTAGTTGG_002,118
AGGATCGTCACGTTAGTTGG_003,151
AGGATCGTCACGTTAGTTGG_004,108
AGGATCGTCACGTTAGTTGG_005,0
AGGATCGTCACGTTAGTTGG_006,148
AGGATCGTCACGTTAGTTGG_007,158
TGTGAGCTTATATAACAACC_001,87
AACTTCAGCCTGTTTCACTG_001,188
AACTTCAGCCTGTTTCACTG_002,137
AACTTCAGCCTGTTTCACTG_003,88
AACTTCAGCCTGTTTCACTG_004,81
AACTTCAGCCTGTTTCACTG_005,41
AACTTCAGCCTGTTTCACTG_006,156
AACTTCAGCCTGTTTCACTG_007,21
AACTTCAGCCTGTTTCACTG_008,145
AACTTCAGCCTGTTTCACTG_009,157
AACTTCAGCCTGTTTCACTG_010,37
AACTTCAGCCTGTTTCACTG_011,146
AACTTCAGCCTGTTTCACTG_012,9
AACTTCAGCCTGTTTCACTG_013,149
AACTTCAGCCTGTTTCACTG_014,17
AACTTCAGCCTGTTTCACTG_015,151
AACTTCAGCCTGTTTCACTG_016,38
AACTTCAGCCTGTTTCACTG_017,124
AACTTCAGCCTGTTTCACTG_018,115
AACTTCAGCCTGTTTCACTG_019,103
AACTTCAGCCTGTTTCACTG_020,12
AACTTCAGCCTGTTTCACTG_021,94
AACTTCAGCCTGTTTCACTG_022,90
AACTTCAGCCTGTTTCACTG_023,72
AACTTCAGCCTGTTTCACTG_024,8
AGAAAGGCCTCGGATACGGA_001,182
AGAAAGGCCTCGGATACGGA_002,14
AGAAAGGCCTCGGATACGGA_003,117
ACTGTTAGAAGAGCACACGG_001,25
ACTGTTAGAAGAGCACACGG_002,62
ACTGTTAGAAGAGCACACGG_003,160
ACTGTTAGAAGAGCACACGG_004,47
ACTGTTAGAAGAGCACACGG_005,115
ACTGTTAGAAGAGCACACGG_006,148
ACTGTTAGAAGAGCACACGG_007,33
ACTGTTAGAAGAGCACACGG_008,41
ACTGTTAGAAGAGCACACGG_009,123
ACTGTTAGAAGAGCACACGG_010,161
ACTGTTAGAAGAGCACACGG_011,188
ACTGTTAGAAGAGCACACGG_012,198
ACTGTTAGAAGAGCACACGG_013,16
ACTGTTAGAAGAGCACACGG_014,60
ACTGTTAGAAGAGCACACGG_015,160
ACTGTTAGAAGAGCACACGG_016,75
ACTGTTAGAAGAGCACACGG_017,62
ACTGTTAGAAGAGCACACGG_018,148
ACTGTTAGAAGAGCACACGG_019,83
ACTGTTAGAAGAGCACACGG_020,145
ACTGTTAGAAGAGCACACGG_021,103
ACTGTTAGAAGAGCACACGG_022,31
ACTGTTAGAAGAGCACACGG_023,60
ACTGTTAGAAGAGCACACGG_024,183
ACTGTTAGAAGAGCACACGG_025,14
ACTGTTAGAAGAGCACACGG_026,155
ACTGTTAGAAGAGCACACGG_027,150
ACTGTTAGAAGAGCACACGG_028,45
ACTGTTAGAAGAGCACACGG_029,84
ACTGTTAGAAGAGCACACGG_030,137
ACTGTTAGAAGAGCACACGG_031,170
ACTGTTAGAAGAGCACACGG_032,177
ACTGTTAGAAGAGCACACGG_033,19
ACTGTTAGAAGAGCACACGG_034,97
ACTGTTAGAAGAGCACACGG_035,2
ACTGTTAGAAGAGCACACGG_036,13
ACTGTTAGAAGAGCACACGG_037,16
ACTGTTAGAAGAGCACACGG_038,6
ACTGTTAGAAGAGCACACGG_039,144
ACTGTTAGAAGAGCACACGG_040,59
ACTGTTAGAAGAGCACACGG_041,69
ACTGTTAGAAGAGCACACGG_042,141
ACTGTTAGAAGAGCACACGG_043,155
GATCAAGATCAAGACCGGCG_001,158
GATCAAGATCAAGACCGGCG_002,40
GATCAAGATCAAGACCGGCG_003,36
GATCAAGATCAAGACCGGCG_004,124
GATCAAGATCAAGACCGGCG_005,105
GATCAAGATCAAGACCGGCG_006,149
GATCAAGATCAAGACCGGCG_007,67
GATCAAGATCAAGACCGGCG_008,82
GATCAAGATCAAGACCGGCG_009,103
GATCAAGATCAAGACCGGCG_010,145
GATCAAGATCAAGACCGGCG_011,188
GATCAAGATCAAGACCGGCG_012,27
GTCCAAGGCACGGATGACGG_001,150
GTCCAAGGCACGGATGACGG_002,8
GTCCAAGGCACGGATGACGG_003,78
GTCCAAGGCACGGATGACGG_004,4
GTCCAAGGCACGGATGACGG_005,128
GTCCAAGGCACGGATGACGG_006,102
GTCCAAGGCACGGATGACGG_007,121
GTCCAAGGCACGGATGACGG_008,94
GTCCAAGGCACGGATGACGG_009,141
CCAGCCCCGTGCCCTACCGA_001,5
CCAGCCCCGTGCCCTACCGA_002,148
CCAGCCCCGTGCCCTACCGA_003,151
CCAGCCCCGTGCCCTACCGA_004,170
CCAGCCCCGTGCCCTACCGA_005,198
CCAGCCCCGTGCCCTACCGA_006,12
CCAGCCCCGTGCCCTACCGA_007,30
CCAGCCCCGTGCCCTACCGA_008,42
CCAGCCCCGTGCCCTACCGA_009,146
CCAGCCCCGTGCCCTACCGA_010,117
CCAGCCCCGTGCCCTACCGA_011,147
CCAGCCCCGTGCCCTACCGA_012,156
CCAGCCCCGTGCCCTACCGA_013,151
CCAGCCCCGTGCCCTACCGA_014,180
CCAGCCCCGTGCCCTACCGA_015,19
CCAGCCCCGTGCCCTACCGA_016,96
CCAGCCCCGTGCCCTACCGA_017,138
CCAGCCCCGTGCCCTACCGA_018,56
CGGCCGAATCGATGCCACCG_001,36
CGGCCGAATCGATGCCACCG_002,104
CGGCCGAATCGATGCCACCG_003,41
CGGCCGAATCGATGCCACCG_004,72
CGGCCGAATCGATGCCACCG_005,29
CGGCCGAATCGATGCCACCG_006,50
CGGCCGAATCGATGCCACCG_007,83
CGGCCGAATCGATGCCACCG_008,157
CGGCCGAATCGATGCCACCG_009,65
CGGCCGAATCGATGCCACCG_010,170
CGGCCGAATCGATGCCACCG_011,121
CGGCCGAATCGATGCCACCG_012,29
CGGCCGAATCGATGCCACCG_013,88
CGGCCGAATCGATGCCACCG_014,110
CGGCCGAATCGATGCCACCG_015,71
CGGCCGAATCGATGCCACCG_016,67
CGGCCGAATCGATGCCACCG_017,70
CGGCCGAATCGATGCCACCG_018,62
CGGCCGAATCGATGCCACCG_019,68
CGGCCGAATCGATGCCACCG_020,26
CGGCCGAATCGATGCCACCG_021,60
CGGCCGAATCGATGCCACCG_022,10
CGGCCGAATCGATGCCACCG_023,168
CGGCCGAATCGATGCCACCG_024,116
CGGCCGAATCGATGCCACCG_025,62
CGGCCGAATCGATGCCACCG_026,121
CGGCCGAATCGATGCCACCG_027,8
CGGCCGAATCGATGCCACCG_028,70
GGGCCGCGATCGCCACACGA_001,8
GGGCCGCGATCGCCACACGA_002,138
GGGCCGCGATCGCCACACGA_003,149
GGGCCGCGATCGCCACACGA_004,112
GGGCCGCGATCGCCACACGA_005,11
GGGCCGCGATCGCCACACGA_006,2
GGGCCGCGATCGCCACACGA_007,1
GGGCCGCGATCGCCACACGA_008,115
GGGCCGCGATCGCCACACGA_009,170
GGGCCGCGATCGCCACACGA_010,191
GGGCCGCGATCGCCACACGA_011,46
GGGCCGCGATCGCCACACGA_012,23
AGGTGTGGTGCTCCACCGGT_001,85
AGGTGTGGTGCTCCACCGGT_002,33
AGGTGTGGTGCTCCACCGGT_003,50
AGGTGTGGTGCTCCACCGGT_004,115
AGGTGTGGTGCTCCACCGGT_005,132
AGGTGTGGTGCTCCACCGGT_006,168
AGGTGTGGTGCTCCACCGGT_007,56
GTTCTTCCCAACATGAACAT_001,52
GTTCTTCCCAACATGAACAT_002,5
GTTCTTCCCAACATGAACAT_003,156
GTTCTTCCCAACATGAACAT_004,38
GTTCTTCCCAACATGAACAT_005,67
GTTCTTCCCAACATGAACAT_006,12
GTTCTTCCCAACATGAACAT_007,92
GTTCTTCCCAACATGAACAT_008,94
GTTCTTCCCAACATGAACAT_009,56
CATCGGAGTGTCCTTCTCGG_001,105
CCAGACTGAGGACTACCCGG_001,102
CCAGACTGAGGACTACCCGG_002,98
CCAGACTGAGGACTACCCGG_003,4
CCAGACTGAGGACTACCCGG_004,130
CCAGACTGAGGACTACCCGG_005,10
CCAGACTGAGGACTACCCGG_006,2
CCAGACTGAGGACTACCCGG_007,187
CCAGACTGAGGACTACCCGG_008,191
CCAGACTGAGGACTACCCGG_009,81
GAGGACTAAAACTAGTGTGA_001,69
GAGGACTAAAACTAGTGTGA_002,84
GAGGACTAAAACTAGTGTGA_003,48
GTCCCCCAGTAAACACCCCA_001,192
GTCCCCCAGTAAACACCCCA_002,16
GTCCCCCAGTAAACACCCCA_003,169
GTCCCCCAGTAAACACCCCA_004,147
GTCCCCCAGTAAACACCCCA_005,1
GTCCCCCAGTAAACACCCCA_006,29
GTCCCCCAGTAAACACCCCA_007,116
GTCCCCCAGTAAACACCCCA_008,127
GTCCCCCAGTAAACACCCCA_009,70
GTCCCCCAGTAAACACCCCA_010,87
GTCCCCCAGTAAACACCCCA_011,49
GTCCCCCAGTAAACACCCCA_012,162
GTCCCCCAGTAAACACCCCA_013,112
GTCCCCCAGTAAACACCCCA_014,195
GTCCCCCAGTAAACACCCCA_015,119
GTCCCCCAGTAAACACCCCA_016,102
GTCCCCCAGTAAACACCCCA_017,72
GTCCCCCAGTAAACACCCCA_018,0
CCAGGTTTACCTTAGAAACG_001,176
CCAGGTTTACCTTAGAAACG_002,12
CCAGGTTTACCTTAGAAACG_003,105
CCAGGTTTACCTTAGAAACG_004,127
CCAGGTTTACCTTAGAAACG_005,152
CCAGGTTTACCTTAGAAACG_006,57
CCAGGTTTACCTTAGAAACG_007,188
CCAGGTTTACCTTAGAAACG_008,5
CCAGGTTTACCTTAGAAACG_009,83
CCAGGTTTACCTTAGAAACG_010,160
CCAGGTTTACCTTAGAAACG_011,1
CCAGGTTTACCTTAGAAACG_012,88
CCAGGTTTACCTTAGAAACG_013,56
CCAGGTTTACCTTAGAAACG_014,80
TCCGCTTCACACCGCCACGC_001,116
TCCGCTTCACACCGCCACGC_002,117
TCCGCTTCACACCGCCACGC_003,89
TCCGCTTCACACCGCCACGC_004,67
TCCGCTTCACACCGCCACGC_005,70
TCCGCTTCACACCGCCACGC_006,185
TCCGCTTCACACCGCCACGC_007,77
TCCGCTTCACACCGCCACGC_008,80
TCCGCTTCACACCGCCACGC_009,188
TCCGCTTCACACCGCCACGC_010,115
TCCGCTTCACACCGCCACGC_011,130
TCCGCTTCACACCGCCACGC_012,58
TCCGCTTCACACCGCCACGC_013,72
TCCGCTTCACACCGCCACGC_014,182
TCCGCTTCACACCGCCACGC_015,62
TCCGCTTCACACCGCCACGC_016,58
TCCGCTTCACACCGCCACGC_017,81
TCCGCTTCACACCGCCACGC_018,66
TCCGCTTCACACCGCCACGC_019,149
TCCGCTTCACACCGCCACGC_020,175
TCCGCTTCACACCGCCACGC_021,17
TCCGCTTCACACCGCCACGC_022,136
TCTGCTGAATGTATGCTCCA_001,199
TCTGCTGAATGTATGCTCCA_002,119
TCTGCTGAATGTATGCTCCA_003,134
TCTGCTGAATGTATGCTCCA_004,199
TCTGCTGAATGTATGCTCCA_005,161
TCTGCTGAATGTATGCTCCA_006,16
TCTGCTGAATGTATGCTCCA_007,68
TCTGCTGAATGTATGCTCCA_008,130
TCTGCTGAATGTATGCTCCA_009,14
TCTGCTGAATGTATGCTCCA_010,49
AAAAAGTTACCATTCCAGGT_001,141
AAAAAGTTACCATTCCAGGT_002,146
AAAAAGTTACCATTCCAGGT_003,97
AAAAAGTTACCATTCCAGGT_004,50
AAAAAGTTACCATTCCAGGT_005,52
AAAAAGTTACCATTCCAGGT_006,43
AAAAAGTTACCATTCCAGGT_007,165
GAGCCCCATGGACATAACGT_001,159
GAGCCCCATGGACATAACGT_002,24
GAGCCCCATGGACATAACGT_003,4
GAGCCCCATGGACATAACGT_004,96
ACTACACCAAGGTCCTGACT_001,36
ACTACACCAAGGTCCTGACT_002,56
ACTACACCAAGGTCCTGACT_003,138
ACTACACCAAGGTCCTGACT_004,159
ACTACACCAAGGTCCTGACT_005,84
ACTACACCAAGGTCCTGACT_006,98
ACTACACCAAGGTCCTGACT_007,48
ACTACACCAAGGTCCTGACT_008,38
ACTACACCAAGGTCCTGACT_009,124
ATGGTGCTGACATCCATCAA_001,174
ATGGTGCTGACATCCATCAA_002,62
ATGGTGCTGACATCCATCAA_003,150
ATGGTGCTGACATCCATCAA_004,7
ATGGTGCTGACATCCATCAA_005,48
ATGGTGCTGACATCCATCAA_006,69
ATGGTGCTGACATCCATCAA_007,61
ATGGTGCTGACATCCATCAA_008,194
ATGGTGCTGACATCCATCAA_009,82
ATGGTGCTGACATCCATCAA_010,148
ATGGTGCTGACATCCATCAA_011,199
ATGGTGCTGACATCCATCAA_012,105
ATGGTGCTGACATCCATCAA_013,69
ATGGTGCTGACATCCATCAA_014,96
ATGGTGCTGACATCCATCAA_015,145
ATGGTGCTGACATCCATCAA_016,11
ATGGTGCTGACATCCATCAA_017,98
ATGGTGCTGACATCCATCAA_018,14
ATGGTGCTGACATCCATCAA_019,4
ATGGTGCTGACATCCATCAA_020,112
ATGGTGCTGACATCCATCAA_021,97
ATGGTGCTGACATCCATCAA_022,93
AGAGGTATGGGGCTCTAACG_001,77
AGAGGTATGGGGCTCTAACG_002,170
AGAGGTATGGGGCTCTAACG_003,43
AGAGGTATGGGGCTCTAACG_004,174
AGAGGTATGGGGCTCTAACG_005,159
AGAGGTATGGGGCTCTAACG_006,118
GTGAGTTGGTGTAGCATACG_001,69
GTGAGTTGGTGTAGCATACG_002,127
GTGAGTTGGTGTAGCATACG_003,182
GTGAGTTGGTGTAGCATACG_004,48
GTGAGTTGGTGTAGCATACG_005,27
GTGAGTTGGTGTAGCATACG_006,174
GTGAGTTGGTGTAGCATACG_007,150
GTGAGTTGGTGTAGCATACG_008,166
GTGAGTTGGTGTAGCATACG_009,147
GTGAGTTGGTGTAGCATACG_010,162
GTGAGTTGGTGTAGCATACG_011,113
GTGAGTTGGTGTAGCATACG_012,158
GTGAGTTGGTGTAGCATACG_013,170
GTGAGTTGGTGTAGCATACG_014,69
GTGAGTTGGTGTAGCATACG_015,82
GTGAGTTGGTGTAGCATACG_016,199
GTGAGTTGGTGTAGCATACG_017,145
GTGAGTTGGTGTAGCATACG_018,49
GTGAGTTGGTGTAGCATACG_019,50
GTGAGTTGGTGTAGCATACG_020,38
GTGAGTTGGTGTAGCATACG_021,135
ACCTTAGAGTACTCAGTAGG_001,117
ACCTTAGAGTACTCAGTAGG_002,17
ACCTTAGAGTACTCAGTAGG_003,122
ACCTTAGAGTACTCAGTAGG_004,192
ACCTTAGAGTACTCAGTAGG_005,172
ACCTTAGAGTACTCAGTAGG_006,15
ACCTTAGAGTACTCAGTAGG_007,180
TTTCTCGGTGATACCTAGAA_001,3
TTTCTCGGTGATACCTAGAA_002,63
TTTCTCGGTGATACCTAGAA_003,55
TCCGCCGCCTTCTCGCTCAG_001,152
TCCGCCGCCTTCTCGCTCAG_002,35
TCCGCCGCCTTCTCGCTCAG_003,149
TCCGCCGCCTTCTCGCTCAG_004,110
TCCGCCGCCTTCTCGCTCAG_005,20
TCCGCCGCCTTCTCGCTCAG_006,96
TCCGCCGCCTTCTCGCTCAG_007,94
TCCGCCGCCTTCTCGCTCAG_008,136
TCCGCCGCCTTCTCGCTCAG_009,63
TCCGCCGCCTTCTCGCTCAG_010,78
TCCGCCGCCTTCTCGCTCAG_011,135
CCAGGTAGGAGGCATAGCTG_001,120
CCAGGTAGGAGGCATAGCTG_002,152
CCAGGTAGGAGGCATAGCTG_003,157
CCAGGTAGGAGGCATAGCTG_004,88
CCAGGTAGGAGGCATAGCTG_005,84
CCAGGTAGGAGGCATAGCTG_006,150
CCAGGTAGGAGGCATAGCTG_007,191
CCAGGTAGGAGGCATAGCTG_008,41
CCAGGTAGGAGGCATAGCTG_009,105
CCAGGTAGGAGGCATAGCTG_010,23
CCAGGTAGGAGGCATAGCTG_011,182
CCAGGTAGGAGGCATAGCTG_012,23
CCAGGTAGGAGGCATAGCTG_013,118
CCAGGTAGGAGGCATAGCTG_014,9
CCAGGTAGGAGGCATAGCTG_015,1
CCAGGTAGGAGGCATAGCTG_016,21
CCAGGTAGGAGGCATAGCTG_017,174
CCAGGTAGGAGGCATAGCTG_018,115
CCAGGTAGGAGGCATAGCTG_019,16
CCAGGTAGGAGGCATAGCTG_020,33
CCAGGTAGGAGGCATAGCTG_021,160
CCAGGTAGGAGGCATAGCTG_022,108
CCAGGTAGGAGGCATAGCTG_023,35
CCAGGTAGGAGGCATAGCTG_024,52
CCAGGTAGGAGGCATAGCTG_025,30
CCAGGTAGGAGGCATAGCTG_026,120
CCAGGTAGGAGGCATAGCTG_027,110
CCAGGTAGGAGGCATAGCTG_028,76
CCAGGTAGGAGGCATAGCTG_029,45
CCAGGTAGGAGGCATAGCTG_030,67
CCAGGTAGGAGGCATAGCTG_031,140
CCAGGTAGGAGGCATAGCTG_032,6
CCAGGTAGGAGGCATAGCTG_033,145
CCAGGTAGGAGGCATAGCTG_034,2
CCAGGTAGGAGGCATAGCTG_035,144
CCAGGTAGGAGGCATAGCTG_036,120
CCAGGTAGGAGGCATAGCTG_037,72
CCAGGTAGGAGGCATAGCTG_038,137
CCAGGTAGGAGGCATAGCTG_039,121
CCAGGTAGGAGGCATAGCTG_040,108
CCAGGTAGGAGGCATAGCTG_041,6
CCAGGTAGGAGGCATAGCTG_042,115
CCAGGTAGGAGGCATAGCTG_043,126
CCAGGTAGGAGGCATAGCTG_044,138
CCAGGTAGGAGGCATAGCTG_045,138
CCAGGTAGGAGGCATAGCTG_046,2
ATAACGCAAAGGTTTGCAGA_001,82
ATAACGCAAAGGTTTGCAGA_002,105
ATAACGCAAAGGTTTGCAGA_003,84
ATAACGCAAAGGTTTGCAGA_004,1
ATAACGCAAAGGTTTGCAGA_005,78
ATAACGCAAAGGTTTGCAGA_006,180
ATAACGCAAAGGTTTGCAGA_007,166
ATAACGCAAAGGTTTGCAGA_008,166
ATAACGCAAAGGTTTGCAGA_009,27
GAGGTACTATGGACTCGGTG_001,125
GAGGTACTATGGACTCGGTG_002,174
GAGGTACTATGGACTCGGTG_003,80
GAGGTACTATGGACTCGGTG_004,127
GAGGTACTATGGACTCGGTG_005,113
GAGGTACTATGGACTCGGTG_006,2
GAGGTACTATGGACTCGGTG_007,53
GAGGTACTATGGACTCGGTG_008,199
GAGGTACTATGGACTCGGTG_009,56
GAGGTACTATGGACTCGGTG_010,114
AGCACTACCATCTCTCTCAA_001,105
AGCACTACCATCTCTCTCAA_002,80
AGCACTACCATCTCTCTCAA_003,99
AGCACTACCATCTCTCTCAA_004,106
AGCACTACCATCTCTCTCAA_005,12
AGCACTACCATCTCTCTCAA_006,111
GAGCTGCAGTTCAAAGAGCG_001,4
GAGCTGCAGTTCAAAGAGCG_002,102
GAGCTGCAGTTCAAAGAGCG_003,98
GAGCTGCAGTTCAAAGAGCG_004,58
GAGCTGCAGTTCAAAGAGCG_005,9
GAGCTGCAGTTCAAAGAGCG_006,62
GAGCTGCAGTTCAAAGAGCG_007,140
GAGCTGCAGTTCAAAGAGCG_008,192
GAGCTGCAGTTCAAAGAGCG_009,68
GAGCTGCAGTTCAAAGAGCG_010,166
GAGCTGCAGTTCAAAGAGCG_011,41
GAGCTGCAGTTCAAAGAGCG_012,78
GAGCTGCAGTTCAAAGAGCG_013,147
GAGCTGCAGTTCAAAGAGCG_014,103
GAGCTGCAGTTCAAAGAGCG_015,175
GAGCTGCAGTTCAAAGAGCG_016,168
GAGCTGCAGTTCAAAGAGCG_017,50
GAGCTGCAGTTCAAAGAGCG_018,188
GAGCTGCAGTTCAAAGAGCG_019,182
GAGCTGCAGTTCAAAGAGCG_020,199
GAGCTGCAGTTCAAAGAGCG_021,41
GAGCTGCAGTTCAAAGAGCG_022,85
GAGCTGCAGTTCAAAGAGCG_023,69
GAGCTGCAGTTCAAAGAGCG_024,67
GAGCTGCAGTTCAAAGAGCG_025,130
GAGCTGCAGTTCAAAGAGCG_026,184
GAGCTGCAGTTCAAAGAGCG_027,77
GAGCTGCAGTTCAAAGAGCG_028,149
GAGCTGCAGTTCAAAGAGCG_029,88
GAGCTGCAGTTCAAAGAGCG_030,162
GAGCTGCAGTTCAAAGAGCG_031,63
TGTGCAGCCCACAGATATCG_001,55
TGTGCAGCCCACAGATATCG_002,170
TGTGCAGCCCACAGATATCG_003,86
TGTGCAGCCCACAGATATCG_004,125
TGTGCAGCCCACAGATATCG_005,7
TGTGCAGCCCACAGATATCG_006,133
TGTGCAGCCCACAGATATCG_007,155
CATGGCGATACCATAAGCAA_001,175
CATGGCGATACCATAAGCAA_002,13
CATGGCGATACCATAAGCAA_003,58
CATGGCGATACCATAAGCAA_004,46
TCGTAGGGATGTGTCACCAA_001,28
TCGTAGGGATGTGTCACCAA_002,150
TCGTAGGGATGTGTCACCAA_003,118
TCGTAGGGATGTGTCACCAA_004,188
TCGTAGGGATGTGTCACCAA_005,71
TCGTAGGGATGTGTCACCAA_006,95
TCGTAGGGATGTGTCACCAA_007,151
TCGTAGGGATGTGTCACCAA_008,22
TCGTAGGGATGTGTCACCAA_009,75
TCGTAGGGATGTGTCACCAA_010,65
TGGAGCTGGCCGAAGCACGG_001,111
TGGAGCTGGCCGAAGCACGG_002,92
TGGAGCTGGCCGAAGCACGG_003,122
TGGAGCTGGCCGAAGCACGG_004,15
TGGAGCTGGCCGAAGCACGG_005,97
TGGAGCTGGCCGAAGCACGG_006,196
TGGAGCTGGCCGAAGCACGG_007,80
TGGAGCTGGCCGAAGCACGG_008,6
TGGAGCTGGCCGAAGCACGG_009,23
TGGAGCTGGCCGAAGCACGG_010,186
TGGAGCTGGCCGAAGCACGG_011,114
TGGAGCTGGCCGAAGCACGG_012,158
TGGAGCTGGCCGAAGCACGG_013,76
TGGAGCTGGCCGAAGCACGG_014,194
TGGAGCTGGCCGAAGCACGG_015,149
TGGAGCTGGCCGAAGCACGG_016,134
TGGAGCTGGCCGAAGCACGG_017,101
TGGAGCTGGCCGAAGCACGG_018,49
TGGAGCTGGCCGAAGCACGG_019,66
TGGAGCTGGCCGAAGCACGG_020,124
TGGAGCTGGCCGAAGCACGG_021,106
TGGAGCTGGCCGAAGCACGG_022,11
TGGAGCTGGCCGAAGCACGG_023,8
TGGAGCTGGCCGAAGCACGG_024,49
TGGAGCTGGCCGAAGCACGG_025,78
TGGAGCTGGCCGAAGCACGG_026,73
TGGAGCTGGCCGAAGCACGG_027,75
TGGAGCTGGCCGAAGCACGG_028,82
TGGAGCTGGCCGAAGCACGG_029,77
TGGAGCTGGCCGAAGCACGG_030,63
TGGAGCTGGCCGAAGCACGG_031,61
TGGAGCTGGCCGAAGCACGG_032,126
TGGAGCTGGCCGAAGCACGG_033,19
TGGAGCTGGCCGAAGCACGG_034,81
TGGAGCTGGCCGAAGCACGG_035,184
TGGAGCTGGCCGAAGCACGG_036,80
TGGAGCTGGCCGAAGCACGG_037,80
TGGAGCTGGCCGAAGCACGG_038,46
CTTGCCGCAGATTATCAGAG_001,34
CTTGCCGCAGATTATCAGAG_002,40
CTTGCCGCAGATTATCAGAG_003,148
CTTGCCGCAGATTATCAGAG_004,157
CTCCACTACTTCAATGCACG_001,51
CTCCACTACTTCAATGCACG_002,172
CTCCACTACTTCAATGCACG_003,47
CACCTACTTGTAGTACTCGG_001,185
CACCTACTTGTAGTACTCGG_002,175
CTCAAGTAGTTCTATCTGGG_001,69
CTCAAGTAGTTCTATCTGGG_002,168
GGACTGCGATCCCATAAATG_001,9
GGACTGCGATCCCATAAATG_002,2
GGACTGCGATCCCATAAATG_003,74
GGACTGCGATCCCATAAATG_004,50
GGACTGCGATCCCATAAATG_005,126
ACAATGTAAAAGCTACCCAA_001,127
ACAATGTAAAAGCTACCCAA_002,167
TCCGGAGGGAGGCCCCATAG_001,34
TCCGGAGGGAGGCCCCATAG_002,197
TCCGGAGGGAGGCCCCATAG_003,107
TGAACTCGTCCACGGTCAGG_001,171
TGAACTCGTCCACGGTCAGG_002,151
TGAACTCGTCCACGGTCAGG_003,27
TGAACTCGTCCACGGTCAGG_004,182
TGAACTCGTCCACGGTCAGG_005,129
TGAACTCGTCCACGGTCAGG_006,180
ATTCTTGACACAGTTGCGGT_001,27
ATTCTTGACACAGTTGCGGT_002,177
ATTCTTGACACAGTTGCGGT_003,96
GCCCCCTAAGATCAACGGAG_001,53
GCCCCCTAAGATCAACGGAG_002,127
GCCCCCTAAGATCAACGGAG_003,177
ATTGGAATGATGTTCAAGGA_001,147
ATTGGAATGATGTTCAAGGA_002,199
ATTGGAATGATGTTCAAGGA_003,108
ATTGGAATGATGTTCAAGGA_004,161
ATTGGAATGATGTTCAAGGA_005,151
CATGAGATATTTCTCCACTG_001,157
TCAGATCGGCCAGTGGCACG_001,60
TCAGATCGGCCAGTGGCACG_002,161
TCAGATCGGCCAGTGGCACG_003,62
TCAGATCGGCCAGTGGCACG_004,159
TCAGATCGGCCAGTGGCACG_005,54
GCTGCGCCGGAGTCCTCAAG_001,121
GCTGCGCCGGAGTCCTCAAG_002,158
GCTGCGCCGGAGTCCTCAAG_003,88
GCTGCGCCGGAGTCCTCAAG_004,121
GCTGCGCCGGAGTCCTCAAG_005,148
GCTGCGCCGGAGTCCTCAAG_006,83
GCTGCGCCGGAGTCCTCAAG_007,162
GCTGCGCCGGAGTCCTCAAG_008,76
GGGGCCATAGATGAGTAGCG_001,191
GGGGCCATAGATGAGTAGCG_002,181
GGGGCCATAGATGAGTAGCG_003,181
GGGGCCATAGATGAGTAGCG_004,80
GGGGCCATAGATGAGTAGCG_005,159
GGGGCCATAGATGAGTAGCG_006,80
GGGGCCATAGATGAGTAGCG_007,80
GGGGCCATAGATGAGTAGCG_008,185
GGGGCCATAGATGAGTAGCG_009,199
GGGGCCATAGATGAGTAGCG_010,12
GGGGCCATAGATGAGTAGCG_011,68
GGGGCCATAGATGAGTAGCG_012,18
GGGGCCATAGATGAGTAGCG_013,137
GGGGCCATAGATGAGTAGCG_014,188
GGGGCCATAGATGAGTAGCG_015,33
GGGGCCATAGATGAGTAGCG_016,67
GGGGCCATAGATGAGTAGCG_017,29
GCGCAAGCGACGGCCACATG_001,177
GCGCAAGCGACGGCCACATG_002,120
GCGCAAGCGACGGCCACATG_003,2
GCGCAAGCGACGGCCACATG_004,65
GCGCAAGCGACGGCCACATG_005,4
GCGCAAGCGACGGCCACATG_006,48
GCGCAAGCGACGGCCACATG_007,115
GCGCAAGCGACGGCCACATG_008,181
GCGCAAGCGACGGCCACATG_009,70
GCGCAAGCGACGGCCACATG_010,32
GCGCAAGCGACGGCCACATG_011,144
GCGCAAGCGACGGCCACATG_012,59
GCGCAAGCGACGGCCACATG_013,16
GCGCAAGCGACGGCCACATG_014,174
GCGCAAGCGACGGCCACATG_015,72
GCGCAAGCGACGGCCACATG_016,179
GCGCAAGCGACGGCCACATG_017,134
GCGCAAGCGACGGCCACATG_018,43
GCGCAAGCGACGGCCACATG_019,148
GCGCAAGCGACGGCCACATG_020,78
GCGCAAGCGACGGCCACATG_021,88
GCGCAAGCGACGGCCACATG_022,40
GCGCAAGCGACGGCCACATG_023,24
GCGCAAGCGACGGCCACATG_024,84
GCGCAAGCGACGGCCACATG_025,177
GCGCAAGCGACGGCCACATG_026,29
GCGCAAGCGACGGCCACATG_027,185
GCGCAAGCGACGGCCACATG_028,60
GCGCAAGCGACGGCCACATG_029,68
GCGCAAGCGACGGCCACATG_030,193
GCGCAAGCGACGGCCACATG_031,70
GCGCAAGCGACGGCCACATG_032,157
GCGCAAGCGACGGCCACATG_033,148
GCGCAAGCGACGGCCACATG_034,145
AAGAAGTTACCCTTACTCAA_001,72
AAGAAGTTACCCTTACTCAA_002,72
AAGAAGTTACCCTTACTCAA_003,136
AAGAAGTTACCCTTACTCAA_004,170
AAGAAGTTACCCTTACTCAA_005,177
AAGAAGTTACCCTTACTCAA_006,158
AAGAAGTTACCCTTACTCAA_007,131
AAGAAGTTACCCTTACTCAA_008,74
AAGAAGTTACCCTTACTCAA_009,193
AAGAAGTTACCCTTACTCAA_010,13
AAGAAGTTACCCTTACTCAA_011,40
AAGAAGTTACCCTTACTCAA_012,171
AAGAAGTTACCCTTACTCAA_013,70
AAGAAGTTACCCTTACTCAA_014,183
AAGAAGTTACCCTTACTCAA_015,184
AAGAAGTTACCCTTACTCAA_016,1
AAGAAGTTACCCTTACTCAA_017,22
AAGAAGTTACCCTTACTCAA_018,186
AAGAAGTTACCCTTACTCAA_019,98
AAGAAGTTACCCTTACTCAA_020,88
AAGAAGTTACCCTTACTCAA_021,15
AAGAAGTTACCCTTACTCAA_022,2
AAGAAGTTACCCTTACTCAA_023,166
AAGAAGTTACCCTTACTCAA_024,150
AACTCGTTCAAACAAAACTC_001,175
AACTCGTTCAAACAAAACTC_002,154
AACTCGTTCAAACAAAACTC_003,87
AACTCGTTCAAACAAAACTC_004,123
AACTCGTTCAAACAAAACTC_005,120
AACTCGTTCAAACAAAACTC_006,188
AACTCGTTCAAACAAAACTC_007,118
AACTCGTTCAAACAAAACTC_008,174
CCCTGCCATCGACTTACAGT_001,115
CCCTGCCATCGACTTACAGT_002,94
CCCTGCCATCGACTTACAGT_003,134
CCCTGCCATCGACTTACAGT_004,146
CCCTGCCATCGACTTACAGT_005,66
CCCTGCCATCGACTTACAGT_006,176
CCCTGCCATCGACTTACAGT_007,40
CCCTGCCATCGACTTACAGT_008,82
CCCTGCCATCGACTTACAGT_009,16
CCCTGCCATCGACTTACAGT_010,74
CCCTGCCATCGACTTACAGT_011,158
CCCTGCCATCGACTTACAGT_012,29
CCCTGCCATCGACTTACAGT_013,177
CCCTGCCATCGACTTACAGT_014,178
CCCTGCCATCGACTTACAGT_015,79
CCCTGCCATCGACTTACAGT_016,84
TTGCACATGTGGAGTCACTG_001,118
TTGCACATGTGGAGTCACTG_002,180
TTGCACATGTGGAGTCACTG_003,59
TTGCACATGTGGAGTCACTG_004,15
TTGCACATGTGGAGTCACTG_005,17
TTGCACATGTGGAGTCACTG_006,137
TTGCACATGTGGAGTCACTG_007,56
TTGCACATGTGGAGTCACTG_008,54
TTGCACATGTGGAGTCACTG_009,171
TTGCACATGTGGAGTCACTG_010,26
TTGCACATGTGGAGTCACTG_011,98
TTGCACATGTGGAGTCACTG_012,137
TTGCACATGTGGAGTCACTG_013,145
TTGCACATGTGGAGTCACTG_014,158
TTGCACATGTGGAGTCACTG_015,168
TTGCACATGTGGAGTCACTG_016,121
TTGCACATGTGGAGTCACTG_017,6
TTGCACATGTGGAGTCACTG_018,112
TTGCACATGTGGAGTCACTG_019,121
TTGCACATGTGGAGTCACTG_020,145
TTGCACATGTGGAGTCACTG_021,47
TTGCACATGTGGAGTCACTG_022,111
TTGCACATGTGGAGTCACTG_023,83
TTGCACATGTGGAGTCACTG_024,4
TTGCACATGTGGAGTCACTG_025,149
TTGCACATGTGGAGTCACTG_026,83
TTGCACATGTGGAGTCACTG_027,199
TTGCACATGTGGAGTCACTG_028,88
TTGCACATGTGGAGTCACTG_029,123
TTGCACATGTGGAGTCACTG_030,149
TTGCACATGTGGAGTCACTG_031,29
TTGCACATGTGGAGTCACTG_032,146
TTGCACATGTGGAGTCACTG_033,58
TTGCACATGTGGAGTCACTG_034,52
TTGCACATGTGGAGTCACTG_035,81
TTGCACATGTGGAGTCACTG_036,26
TTGCACATGTGGAGTCACTG_037,5
TTGCACATGTGGAGTCACTG_038,102
TTGCACATGTGGAGTCACTG_039,138
TTGCACATGTGGAGTCACTG_040,138
TTGCACATGTGGAGTCACTG_041,56
TTGCACATGTGGAGTCACTG_042,152
TTGCACATGTGGAGTCACTG_043,56
TATTAGGTAACCAATGGTCA_001,189
TATTAGGTAACCAATGGTCA_002,5
TATTAGGTAACCAATGGTCA_003,108
TATTAGGTAACCAATGGTCA_004,13
TATTAGGTAACCAATGGTCA_005,83
TATTAGGTAACCAATGGTCA_006,81
CTCAACAGTACACACCACGG_001,168
CTCAACAGTACACACCACGG_002,127
CTCAACAGTACACACCACGG_003,69
CTCAACAGTACACACCACGG_004,195
CTCAACAGTACACACCACGG_005,49
CTCAACAGTACACACCACGG_006,175
CTCAACAGTACACACCACGG_007,23
CTCAACAGTACACACCACGG_008,96
CTCAACAGTACACACCACGG_009,113
CTCAACAGTACACACCACGG_010,65
CTCAACAGTACACACCACGG_011,160
CTCAACAGTACACACCACGG_012,28
CTCAACAGTACACACCACGG_013,102
CTCAACAGTACACACCACGG_014,14
CTCAACAGTACACACCACGG_015,160
CTCAACAGTACACACCACGG_016,113
GAGGCAGAATGTGCTACCAG_001,12
GAGGCAGAATGTGCTACCAG_002,83
TCAAGAAGTACACCTATGCC_001,48
ATTGTGGTGACAATTCAGTG_001,8
ATTGTGGTGACAATTCAGTG_002,44
CAGAGACAATGACATGTAGA_001,77
CAGAGACAATGACATGTAGA_002,47
CAGAGACAATGACATGTAGA_003,158
CAGAGACAATGACATGTAGA_004,69
CAGAGACAATGACATGTAGA_005,145
CAGAGACAATGACATGTAGA_006,98
CAGAGACAATGACATGTAGA_007,55
CAGAGACAATGACATGTAGA_008,137
CAGAGACAATGACATGTAGA_009,0
GGAGATGAAACAATCACCCG_001,23
GGAGATGAAACAATCACCCG_002,19
GGAGATGAAACAATCACCCG_003,199
GGAGATGAAACAATCACCCG_004,138
GGAGATGAAACAATCACCCG_005,68
GGAGATGAAACAATCACCCG_006,167
GAGGACTGTCTATTCCCAGG_001,181
GAGGACTGTCTATTCCCAGG_002,192
GAGGACTGTCTATTCCCAGG_003,184
GAGGACTGTCTATTCCCAGG_004,46
CCGCCTGCAAGTGCGCACCA_001,150
CCGCCTGCAAGTGCGCACCA_002,145
CCGCCTGCAAGTGCGCACCA_003,41
CCGCCTGCAAGTGCGCACCA_004,69
CCGCCTGCAAGTGCGCACCA_005,55
CCGCCTGCAAGTGCGCACCA_006,41
CCGCCTGCAAGTGCGCACCA_007,36
CCGCCTGCAAGTGCGCACCA_008,140
CCGCCTGCAAGTGCGCACCA_009,177
CCGCCTGCAAGTGCGCACCA_010,65
CCGCCTGCAAGTGCGCACCA_011,126
CCGCCTGCAAGTGCGCACCA_012,34
CCGCCTGCAAGTGCGCACCA_013,184
CCGCCTGCAAGTGCGCACCA_014,7
CCGCCTGCAAGTGCGCACCA_015,45
CCGCCTGCAAGTGCGCACCA_016,12
CCGCCTGCAAGTGCGCACCA_017,81
CCGCCTGCAAGTGCGCACCA_018,98
CCGCCTGCAAGTGCGCACCA_019,149
CCGCCTGCAAGTGCGCACCA_020,12
CCGCCTGCAAGTGCGCACCA_021,81
CCGCCTGCAAGTGCGCACCA_022,147
CCGCCTGCAAGTGCGCACCA_023,104
CCGCCTGCAAGTGCGCACCA_024,179
CCGCCTGCAAGTGCGCACCA_025,26
CCGCCTGCAAGTGCGCACCA_026,70
CCGCCTGCAAGTGCGCACCA_027,52
CCGCCTGCAAGTGCGCACCA_028,138
CCGCCTGCAAGTGCGCACCA_029,66
CCGCCTGCAAGTGCGCACCA_030,170
CCGCCTGCAAGTGCGCACCA_031,83
CCGCCTGCAAGTGCGCACCA_032,185
GCGCCAGTGCAACCAGACGT_001,196
GCGCCAGTGCAACCAGACGT_002,167
GCGCCAGTGCAACCAGACGT_003,130
GCGCCAGTGCAACCAGACGT_004,16
GCGCCAGTGCAACCAGACGT_005,164
GCGCCAGTGCAACCAGACGT_006,183
GCGCCAGTGCAACCAGACGT_007,13
GCGCCAGTGCAACCAGACGT_008,40
GCGCCAGTGCAACCAGACGT_009,188
GCGCCAGTGCAACCAGACGT_010,48
GCGCCAGTGCAACCAGACGT_011,28
AGCCGGATCAGAGTTGCGGG_001,36
AGCCGGATCAGAGTTGCGGG_002,50
AGCCGGATCAGAGTTGCGGG_003,88
AGCCGGATCAGAGTTGCGGG_004,117
AGCCGGATCAGAGTTGCGGG_005,163
AGCCGGATCAGAGTTGCGGG_006,144
AGCCGGATCAGAGTTGCGGG_007,44
AGCCGGATCAGAGTTGCGGG_008,11
AGCCGGATCAGAGTTGCGGG_009,143
AGCCGGATCAGAGTTGCGGG_010,169
AGCCGGATCAGAGTTGCGGG_011,56
AGCCGGATCAGAGTTGCGGG_012,175
AGCCGGATCAGAGTTGCGGG_013,71
AGCCGGATCAGAGTTGCGGG_014,78
AGCCGGATCAGAGTTGCGGG_015,2
AGCCGGATCAGAGTTGCGGG_016,149
AGCCGGATCAGAGTTGCGGG_017,160
AGCCGGATCAGAGTTGCGGG_018,50
AGCCGGATCAGAGTTGCGGG_019,149
AGCCGGATCAGAGTTGCGGG_020,81
AGCCGGATCAGAGTTGCGGG_021,138
AGCCGGATCAGAGTTGCGGG_022,26
AGCCGGATCAGAGTTGCGGG_023,170
AGCCGGATCAGAGTTGCGGG_024,49
AGCCGGATCAGAGTTGCGGG_025,103
AGCCGGATCAGAGTTGCGGG_026,1
AGCCGGATCAGAGTTGCGGG_027,40
AGCCGGATCAGAGTTGCGGG_028,113
AGCCGGATCAGAGTTGCGGG_029,3
AGCCGGATCAGAGTTGCGGG_030,94
AGCCGGATCAGAGTTGCGGG_031,130
AGCCGGATCAGAGTTGCGGG_032,181
AGCCGGATCAGAGTTGCGGG_033,144
AGCCGGATCAGAGTTGCGGG_034,96
AGATCGTGTCATTGACAATG_001,115
AGATCGTGTCATTGACAATG_002,149
AGATCGTGTCATTGACAATG_003,106
AGATCGTGTCATTGACAATG_004,41
AGATCGTGTCATTGACAATG_005,2
AGATCGTGTCATTGACAATG_006,98
AGATCGTGTCATTGACAATG_007,107
AGATCGTGTCATTGACAATG_008,58
AGATCGTGTCATTGACAATG_009,69
AGATATCCAAGCCGGACGCG_001,166
AGATATCCAAGCCGGACGCG_002,127
AGATATCCAAGCCGGACGCG_003,68
AGATATCCAAGCCGGACGCG_004,34
AGATATCCAAGCCGGACGCG_005,63
AGATATCCAAGCCGGACGCG_006,77
AGATATCCAAGCCGGACGCG_007,162
AGATATCCAAGCCGGACGCG_008,15
AGATATCCAAGCCGGACGCG_009,97
AGATATCCAAGCCGGACGCG_010,88
AGATATCCAAGCCGGACGCG_011,124
AGATATCCAAGCCGGACGCG_012,116
AGATATCCAAGCCGGACGCG_013,15
AGATATCCAAGCCGGACGCG_014,102
AGATATCCAAGCCGGACGCG_015,53
AGATATCCAAGCCGGACGCG_016,169
AGATATCCAAGCCGGACGCG_017,57
AGATATCCAAGCCGGACGCG_018,105
AGATATCCAAGCCGGACGCG_019,199
AGATATCCAAGCCGGACGCG_020,140
AGATATCCAAGCCGGACGCG_021,2
AGATATCCAAGCCGGACGCG_022,169
AGATATCCAAGCCGGACGCG_023,50
AGATATCCAAGCCGGACGCG_024,22
AGATATCCAAGCCGGACGCG_025,85
AGATATCCAAGCCGGACGCG_026,69
AGATATCCAAGCCGGACGCG_027,60
AGATATCCAAGCCGGACGCG_028,11
AGATATCCAAGCCGGACGCG_029,169
AGATATCCAAGCCGGACGCG_030,130
AGATATCCAAGCCGGACGCG_031,46
AGATATCCAAGCCGGACGCG_032,57
AGATATCCAAGCCGGACGCG_033,3
AGATATCCAAGCCGGACGCG_034,62
AGATATCCAAGCCGGACGCG_035,63
CCGCAGGTCAGCTCCGCCGA_001,147
CCGCAGGTCAGCTCCGCCGA_002,72
CCGCAGGTCAGCTCCGCCGA_003,185
CCGCAGGTCAGCTCCGCCGA_004,23
CCGCAGGTCAGCTCCGCCGA_005,10
AAAGTGGATGAGTTCCCACT_001,103
AAAGTGGATGAGTTCCCACT_002,174
AAAGTGGATGAGTTCCCACT_003,62
AAAGTGGATGAGTTCCCACT_004,63
AAAGTGGATGAGTTCCCACT_005,75
AAAGTGGATGAGTTCCCACT_006,160
AATCGATGGATTGCGCCATG_001,32
AATCGATGGATTGCGCCATG_002,0
AATCGATGGATTGCGCCATG_003,142
AATCGATGGATTGCGCCATG_004,149
AATCGATGGATTGCGCCATG_005,69
AATCGATGGATTGCGCCATG_006,40
ATCCAATGACAAATCCCATA_001,63
ATCCAATGACAAATCCCATA_002,164
ATCCAATGACAAATCCCATA_003,66
CCACTCGCAGAGGACCGCGT_001,0
CCACTCGCAGAGGACCGCGT_002,117
CCACTCGCAGAGGACCGCGT_003,7
CCACTCGCAGAGGACCGCGT_004,17
CCACTCGCAGAGGACCGCGT_005,4
CCACTCGCAGAGGACCGCGT_006,47
CCACTCGCAGAGGACCGCGT_007,113
CCACTCGCAGAGGACCGCGT_008,113
CCACTCGCAGAGGACCGCGT_009,98
CCACTCGCAGAGGACCGCGT_010,30
CCACTCGCAGAGGACCGCGT_011,69
CCACTCGCAGAGGACCGCGT_012,23
CCACTCGCAGAGGACCGCGT_013,113
CCACTCGCAGAGGACCGCGT_014,162
CCACTCGCAGAGGACCGCGT_015,192
CCACTCGCAGAGGACCGCGT_016,17
CCACTCGCAGAGGACCGCGT_017,58
CCACTCGCAGAGGACCGCGT_018,6
CCACTCGCAGAGGACCGCGT_019,81
CCACTCGCAGAGGACCGCGT_020,119
CCACTCGCAGAGGACCGCGT_021,68
CCACTCGCAGAGGACCGCGT_022,75
CCACTCGCAGAGGACCGCGT_023,191
CCACTCGCAGAGGACCGCGT_024,41
CCACTCGCAGAGGACCGCGT_025,151
CCACTCGCAGAGGACCGCGT_026,46
CCACTCGCAGAGGACCGCGT_027,130
CCACTCGCAGAGGACCGCGT_028,19
CCACTCGCAGAGGACCGCGT_029,0
CCACTCGCAGAGGACCGCGT_030,0
AAGAAGAAGCTGAATCCCAG_001,77
AAGAAGAAGCTGAATCCCAG_002,64
AAGAAGAAGCTGAATCCCAG_003,42
AAGAAGAAGCTGAATCCCAG_004,46
AAGAAGAAGCTGAATCCCAG_005,191
AAGAAGAAGCTGAATCCCAG_006,177
AAGAAGAAGCTGAATCCCAG_007,88
AAGAAGAAGCTGAATCCCAG_008,28
AAGAAGAAGCTGAATCCCAG_009,170
AAGAAGAAGCTGAATCCCAG_010,24
AAGAAGAAGCTGAATCCCAG_011,22
AAGAAGAAGCTGAATCCCAG_012,75
AAGAAGAAGCTGAATCCCAG_013,152
AAGAAGAAGCTGAATCCCAG_014,58
AAGAAGAAGCTGAATCCCAG_015,50
AAGAAGAAGCTGAATCCCAG_016,14
AAGAAGAAGCTGAATCCCAG_017,63
AAGAAGAAGCTGAATCCCAG_018,137
AAGAAGAAGCTGAATCCCAG_019,165
AAGAAGAAGCTGAATCCCAG_020,66
ACTGGCACCAGAAAACTCAA_001,14
ACTGGCACCAGAAAACTCAA_002,52
ACTGGCACCAGAAAACTCAA_003,20
ACTGGCACCAGAAAACTCAA_004,38
ACTGGCACCAGAAAACTCAA_005,41
ACTGGCACCAGAAAACTCAA_006,193
ACTGGCACCAGAAAACTCAA_007,157
ACTGGCACCAGAAAACTCAA_008,15
ACTGGCACCAGAAAACTCAA_009,50
ACTGGCACCAGAAAACTCAA_010,138
CTCTTCGGTCCACTTGTAGA_001,7
CTCTTCGGTCCACTTGTAGA_002,53
CTCTTCGGTCCACTTGTAGA_003,51
AAAGCTTCCGAGCCTATCCA_001,24
AAAGCTTCCGAGCCTATCCA_002,91
AAAGCTTCCGAGCCTATCCA_003,147
AAAGCTTCCGAGCCTATCCA_004,8
AAAGCTTCCGAGCCTATCCA_005,1
AAAGCTTCCGAGCCTATCCA_006,171
AAAGCTTCCGAGCCTATCCA_007,38
AAAGCTTCCGAGCCTATCCA_008,168
AAAGCTTCCGAGCCTATCCA_009,149
AAAGCTTCCGAGCCTATCCA_010,93
AAAGCTTCCGAGCCTATCCA_011,117
AAAGCTTCCGAGCCTATCCA_012,118
AAAGCTTCCGAGCCTATCCA_013,68
AAAGCTTCCGAGCCTATCCA_014,9
AAAGCTTCCGAGCCTATCCA_015,116
AAAGCTTCCGAGCCTATCCA_016,150
AAAGCTTCCGAGCCTATCCA_017,137
AAAGCTTCCGAGCCTATCCA_018,169
AAAGCTTCCGAGCCTATCCA_019,18
AAAGCTTCCGAGCCTATCCA_020,55
AAAGCTTCCGAGCCTATCCA_021,49
AAAGCTTCCGAGCCTATCCA_022,3
TCAAAGGCTGTGAAACTGCT_001,116
TCAAAGGCTGTGAAACTGCT_002,121
TCAAAGGCTGTGAAACTGCT_003,64
TCAAAGGCTGTGAAACTGCT_004,100
TCAAAGGCTGTGAAACTGCT_005,113
TCAAAGGCTGTGAAACTGCT_006,148
TCAAAGGCTGTGAAACTGCT_007,141
TCAAAGGCTGTGAAACTGCT_008,98
TCAAAGGCTGTGAAACTGCT_009,137
TCAAAGGCTGTGAAACTGCT_010,79
TCAAAGGCTGTGAAACTGCT_011,12
TCAAAGGCTGTGAAACTGCT_012,17
TCAAAGGCTGTGAAACTGCT_013,89
TCAAAGGCTGTGAAACTGCT_014,108
TCAAAGGCTGTGAAACTGCT_015,169
TGGATGCCCTGAGTCGTGGG_001,158
TGGATGCCCTGAGTCGTGGG_002,1
TGGATGCCCTGAGTCGTGGG_003,182
TGGATGCCCTGAGTCGTGGG_004,29
TGGATGCCCTGAGTCGTGGG_005,115
TGGATGCCCTGAGTCGTGGG_006,13
TGGATGCCCTGAGTCGTGGG_007,187
TGGATGCCCTGAGTCGTGGG_008,145
TGGATGCCCTGAGTCGTGGG_009,76
TGGATGCCCTGAGTCGTGGG_010,76
AGCAGCGGTCTAATGCACTG_001,91
AGCAGCGGTCTAATGCACTG_002,184
AGCAGCGGTCTAATGCACTG_003,47
AGCAGCGGTCTAATGCACTG_004,138
AGCAGCGGTCTAATGCACTG_005,113
AGCAGCGGTCTAATGCACTG_006,98
AGCAGCGGTCTAATGCACTG_007,126
CTCACAACTTTCGATCTCCA_001,96
CTCACAACTTTCGATCTCCA_002,158
CTCACAACTTTCGATCTCCA_003,82
CTCACAACTTTCGATCTCCA_004,179
CTCACAACTTTCGATCTCCA_005,147
CTCACAACTTTCGATCTCCA_006,53
CTCACAACTTTCGATCTCCA_007,57
CTCACAACTTTCGATCTCCA_008,180
GGATGGCAGCTATTTGCTGA_001,88
GGATGGCAGCTATTTGCTGA_002,169
GGATGGCAGCTATTTGCTGA_003,134
GGATGGCAGCTATTTGCTGA_004,141
GGATGGCAGCTATTTGCTGA_005,121
GGATGGCAGCTATTTGCTGA_006,66
GGATGGCAGCTATTTGCTGA_007,12
GGATGGCAGCTATTTGCTGA_008,32
AGTGATATCTCGCTAACAGG_001,170
AGTGATATCTCGCTAACAGG_002,0
AGTGATATCTCGCTAACAGG_003,140
AGTGATATCTCGCTAACAGG_004,99
CCCACCTCTCGGACCCACGA_001,146
CCCACCTCTCGGACCCACGA_002,62
CCCACCTCTCGGACCCACGA_003,44
CCCACCTCTCGGACCCACGA_004,73
CCCACCTCTCGGACCCACGA_005,53
CCCACCTCTCGGACCCACGA_006,133
CCCACCTCTCGGACCCACGA_007,100
CCCACCTCTCGGACCCACGA_008,111
CCCACCTCTCGGACCCACGA_009,170
CCCACCTCTCGGACCCACGA_010,145
CCCACCTCTCGGACCCACGA_011,146
CCCACCTCTCGGACCCACGA_012,176
CCCACCTCTCGGACCCACGA_013,46
CCCACCTCTCGGACCCACGA_014,175
CCCACCTCTCGGACCCACGA_015,108
CCCACCTCTCGGACCCACGA_016,21
CCCACCTCTCGGACCCACGA_017,189
CCCACCTCTCGGACCCACGA_018,196
CCCACCTCTCGGACCCACGA_019,147
CCCACCTCTCGGACCCACGA_020,116
CCCACCTCTCGGACCCACGA_021,82
CCCACCTCTCGGACCCACGA_022,118
CCCACCTCTCGGACCCACGA_023,145
CCCACCTCTCGGACCCACGA_024,12
CCCACCTCTCGGACCCACGA_025,185
CTCAGACTAAGTTCGGCGGG_001,166
CTCAGACTAAGTTCGGCGGG_002,30
CTCAGACTAAGTTCGGCGGG_003,184
CTCAGACTAAGTTCGGCGGG_004,19
CTCAGACTAAGTTCGGCGGG_005,190
CTCAGACTAAGTTCGGCGGG_006,144
CTCAGACTAAGTTCGGCGGG_007,42
CTCAGACTAAGTTCGGCGGG_008,47
CTCAGACTAAGTTCGGCGGG_009,47
GGACCTCTGTGCGCTATGAG_001,137
GGACCTCTGTGCGCTATGAG_002,60
GGACCTCTGTGCGCTATGAG_003,151
GGACCTCTGTGCGCTATGAG_004,129
GGACCTCTGTGCGCTATGAG_005,108
GGACCTCTGTGCGCTATGAG_006,146
GGACCTCTGTGCGCTATGAG_007,178
GGACCTCTGTGCGCTATGAG_008,188
GGACCTCTGTGCGCTATGAG_009,184
GGACCTCTGTGCGCTATGAG_010,190
GGACCTCTGTGCGCTATGAG_011,41
GGACCTCTGTGCGCTATGAG_012,131
GGACCTCTGTGCGCTATGAG_013,84
GCCTGCCAGACAGAAAGTTA_001,28
GCCTGCCAGACAGAAAGTTA_002,193
GCCTGCCAGACAGAAAGTTA_003,171
GCCTGCCAGACAGAAAGTTA_004,20
GCCTGCCAGACAGAAAGTTA_005,57
GCCTGCCAGACAGAAAGTTA_006,127
GCCTGCCAGACAGAAAGTTA_007,26
GCCTGCCAGACAGAAAGTTA_008,26
GCCTGCCAGACAGAAAGTTA_009,2
GCCTGCCAGACAGAAAGTTA_010,190
GCCTGCCAGACAGAAAGTTA_011,133
GCCTGCCAGACAGAAAGTTA_012,134
GCCTGCCAGACAGAAAGTTA_013,197
GCCTGCCAGACAGAAAGTTA_014,51
GCCTGCCAGACAGAAAGTTA_015,87
GCCTGCCAGACAGAAAGTTA_016,102
GCCTGCCAGACAGAAAGTTA_017,142
GCCTGCCAGACAGAAAGTTA_018,10
GCCTGCCAGACAGAAAGTTA_019,34
GCTCTGATGGAACATACATG_001,198
GCTCTGATGGAACATACATG_002,145
GCTCTGATGGAACATACATG_003,147
GCTCTGATGGAACATACATG_004,152
GCTCTGATGGAACATACATG_005,62
GCTCTGATGGAACATACATG_006,137
GCTCTGATGGAACATACATG_007,9
ATCTGTAACACCACCAACCT_001,41
ATCTGTAACACCACCAACCT_002,159
ATCTGTAACACCACCAACCT_003,170
ATCTGTAACACCACCAACCT_004,116
AAGTAAGATTTGATAAACTG_001,81
AAGTAAGATTTGATAAACTG_002,56
AAGTAAGATTTGATAAACTG_003,166
AAGTAAGATTTGATAAACTG_004,115
AAGTAAGATTTGATAAACTG_005,86
CCTCACACGGATCGCCAACG_001,172
CCTCACACGGATCGCCAACG_002,33
CCTCACACGGATCGCCAACG_003,116
CCTCACACGGATCGCCAACG_004,168
CCTCACACGGATCGCCAACG_005,140
CCTCACACGGATCGCCAACG_006,72
CCTCACACGGATCGCCAACG_007,72
CCTCACACGGATCGCCAACG_008,40
CCTCACACGGATCGCCAACG_009,121
CCTCACACGGATCGCCAACG_010,2
CACTGAGACTCAAGTACCTG_001,196
CACTGAGACTCAAGTACCTG_002,24
CACTGAGACTCAAGTACCTG_003,168
CACTGAGACTCAAGTACCTG_004,113
TCCCTGCACACGTACGTCGG_001,104
TCCCTGCACACGTACGTCGG_002,94
TCCCTGCACACGTACGTCGG_003,1
TCCCTGCACACGTACGTCGG_004,48
TCCCTGCACACGTACGTCGG_005,152
CACAGTGTGAAGTTGCCCGA_001,193
CACAGTGTGAAGTTGCCCGA_002,41
CACAGTGTGAAGTTGCCCGA_003,41
CACAGTGTGAAGTTGCCCGA_004,9
CACAGTGTGAAGTTGCCCGA_005,170
CACAGTGTGAAGTTGCCCGA_006,14
AGGTGGTCGTTGATGTGTAG_001,40
AGGTGGTCGTTGATGTGTAG_002,149
AGGTGGTCGTTGATGTGTAG_003,130
AGGTGGTCGTTGATGTGTAG_004,30
AGGTGGTCGTTGATGTGTAG_005,1
AGGTGGTCGTTGATGTGTAG_006,139
AGGTGGTCGTTGATGTGTAG_007,53
AGGTGGTCGTTGATGTGTAG_008,126
AGGTGGTCGTTGATGTGTAG_009,33
AGGTGGTCGTTGATGTGTAG_010,161
AGGTGGTCGTTGATGTGTAG_011,45
AGGTGGTCGTTGATGTGTAG_012,134
AGGTGGTCGTTGATGTGTAG_013,42
AGGTGGTCGTTGATGTGTAG_014,8
AGGTGGTCGTTGATGTGTAG_015,116
AGGTGGTCGTTGATGTGTAG_016,5
AGGTGGTCGTTGATGTGTAG_017,101
AGGTGGTCGTTGATGTGTAG_018,141
AGGTGGTCGTTGATGTGTAG_019,177
AGGTGGTCGTTGATGTGTAG_020,163
AGGTGGTCGTTGATGTGTAG_021,82
AGGTGGTCGTTGATGTGTAG_022,176
AGGTGGTCGTTGATGTGTAG_023,134
AGGTGGTCGTTGATGTGTAG_024,85
AGGTGGTCGTTGATGTGTAG_025,168
AGGTGGTCGTTGATGTGTAG_026,13
AGGTGGTCGTTGATGTGTAG_027,61
AGGTGGTCGTTGATGTGTAG_028,13
CGGCCAGGGCCAATAGGGCG_001,12
CGGCCAGGGCCAATAGGGCG_002,9
CGGCCAGGGCCAATAGGGCG_003,188
CGGCCAGGGCCAATAGGGCG_004,184
CGGCCAGGGCCAATAGGGCG_005,88
CGGCCAGGGCCAATAGGGCG_006,68
CGGCCAGGGCCAATAGGGCG_007,150
CGGCCAGGGCCAATAGGGCG_008,196
CGGCCAGGGCCAATAGGGCG_009,85
CGGCCAGGGCCAATAGGGCG_010,49
CGGCCAGGGCCAATAGGGCG_011,127
CGGCCAGGGCCAATAGGGCG_012,87
CGGCCAGGGCCAATAGGGCG_013,68
CGGCCAGGGCCAATAGGGCG_014,61
CGGCCAGGGCCAATAGGGCG_015,3
CGGCCAGGGCCAATAGGGCG_016,138
GATTCTACATTGCATTGACT_001,156
AGGAGCGGAATGTGGACGAT_001,105
AGGAGCGGAATGTGGACGAT_002,198
AGGAGCGGAATGTGGACGAT_003,47
AGGAGCGGAATGTGGACGAT_004,80
AGGAGCGGAATGTGGACGAT_005,150
AGGAGCGGAATGTGGACGAT_006,41
AGGAGCGGAATGTGGACGAT_007,128
TCTGTTTCGGATGAATCGGA_001,148
TCTGTTTCGGATGAATCGGA_002,52
CCGAGGCACCACATCCGTCA_001,96
CCGAGGCACCACATCCGTCA_002,197
CCGAGGCACCACATCCGTCA_003,4
CCGAGGCACCACATCCGTCA_004,9
CAGAAAACTACCCCTGAGTG_001,1
CAGAAAACTACCCCTGAGTG_002,60
CAGAAAACTACCCCTGAGTG_003,172
CAGAAAACTACCCCTGAGTG_004,175
CAGAAAACTACCCCTGAGTG_005,167
CAGAAAACTACCCCTGAGTG_006,96
CAGAAAACTACCCCTGAGTG_007,27
AGAAGTTGTTACATACTGTG_001,121
AGAAGTTGTTACATACTGTG_002,186
AATGACTTTCTCCCGCACGT_001,191
AATGACTTTCTCCCGCACGT_002,174
AATGACTTTCTCCCGCACGT_003,69
AATGACTTTCTCCCGCACGT_004,65
AATGACTTTCTCCCGCACGT_005,197
AATGACTTTCTCCCGCACGT_006,72
AATGACTTTCTCCCGCACGT_007,197
AAGCATAAAATCTATCACAG_001,82
AAGCATAAAATCTATCACAG_002,2
AAGCATAAAATCTATCACAG_003,106
AAGCATAAAATCTATCACAG_004,154
AAGCATAAAATCTATCACAG_005,130
AAGCATAAAATCTATCACAG_006,5
CATATTGGAAGAACCATGGA_001,54
CATATTGGAAGAACCATGGA_002,104
CATATTGGAAGAACCATGGA_003,119
CATATTGGAAGAACCATGGA_004,174
CATATTGGAAGAACCATGGA_005,123
CATATTGGAAGAACCATGGA_006,156
CCGAAGCCCCCCCACGCAGG_001,121
CCGAAGCCCCCCCACGCAGG_002,147
CCGAAGCCCCCCCACGCAGG_003,62
CCGAAGCCCCCCCACGCAGG_004,181
CCGAAGCCCCCCCACGCAGG_005,162
CCGAAGCCCCCCCACGCAGG_006,27
CCGAAGCCCCCCCACGCAGG_007,2
CCGAAGCCCCCCCACGCAGG_008,131
CCGAAGCCCCCCCACGCAGG_009,23
CCGAAGCCCCCCCACGCAGG_010,75
CCGAAGCCCCCCCACGCAGG_011,19
CCGAAGCCCCCCCACGCAGG_012,118
CCGAAGCCCCCCCACGCAGG_013,168
CCGAAGCCCCCCCACGCAGG_014,113
CCGAAGCCCCCCCACGCAGG_015,76
CCGAAGCCCCCCCACGCAGG_016,43
CCGAAGCCCCCCCACGCAGG_017,37
CCGAAGCCCCCCCACGCAGG_018,6
CCGAAGCCCCCCCACGCAGG_019,104
CCGAAGCCCCCCCACGCAGG_020,70
CCGAAGCCCCCCCACGCAGG_021,148
CCGAAGCCCCCCCACGCAGG_022,50
CCGAAGCCCCCCCACGCAGG_023,169
CCGAAGCCCCCCCACGCAGG_024,169
CCGAAGCCCCCCCACGCAGG_025,177
CCGAAGCCCCCCCACGCAGG_026,116
CCGAAGCCCCCCCACGCAGG_027,76
CCGAAGCCCCCCCACGCAGG_028,22
CCGAAGCCCCCCCACGCAGG_029,74
CCGAAGCCCCCCCACGCAGG_030,28
CCGAAGCCCCCCCACGCAGG_031,169
CCGAAGCCCCCCCACGCAGG_032,104
CCGAAGCCCCCCCACGCAGG_033,64
CCGAAGCCCCCCCACGCAGG_034,184
CCGAAGCCCCCCCACGCAGG_035,9
CCGAAGCCCCCCCACGCAGG_036,123
CCGAAGCCCCCCCACGCAGG_037,191
CCGAAGCCCCCCCACGCAGG_038,72
CCGAAGCCCCCCCACGCAGG_039,148
CCGAAGCCCCCCCACGCAGG_040,58
CCGAAGCCCCCCCACGCAGG_041,131
CCGAAGCCCCCCCACGCAGG_042,22
CCGAAGCCCCCCCACGCAGG_043,184
CCGAAGCCCCCCCACGCAGG_044,153
CCGAAGCCCCCCCACGCAGG_045,106
CCGAAGCCCCCCCACGCAGG_046,126
CCGAAGCCCCCCCACGCAGG_047,85
CCGAAGCCCCCCCACGCAGG_048,119
CCGAAGCCCCCCCACGCAGG_049,94
CCGAAGCCCCCCCACGCAGG_050,187
CCGAAGCCCCCCCACGCAGG_051,159
CCGAAGCCCCCCCACGCAGG_052,84
CCGAAGCCCCCCCACGCAGG_053,62
CCGAAGCCCCCCCACGCAGG_054,63
CCGAAGCCCCCCCACGCAGG_055,119
CCGAAGCCCCCCCACGCAGG_056,96
CCGAAGCCCCCCCACGCAGG_057,103
CCGAAGCCCCCCCACGCAGG_058,40
CCGAAGCCCCCCCACGCAGG_059,167
CCGAAGCCCCCCCACGCAGG_060,74
CCGAAGCCCCCCCACGCAGG_061,167
CCGAAGCCCCCCCACGCAGG_062,45
CCGAAGCCCCCCCACGCAGG_063,168
CCGAAGCCCCCCCACGCAGG_064,53
CCGAAGCCCCCCCACGCAGG_065,193
CCGAAGCCCCCCCACGCAGG_066,114
CCGAAGCCCCCCCACGCAGG_067,198
CCGAAGCCCCCCCACGCAGG_068,83
CCGAAGCCCCCCCACGCAGG_069,177
CCGAAGCCCCCCCACGCAGG_070,19
CCGAAGCCCCCCCACGCAGG_071,191
CCGAAGCCCCCCCACGCAGG_072,166
CCGAAGCCCCCCCACGCAGG_073,144
CCGAAGCCCCCCCACGCAGG_074,191
CCGAAGCCCCCCCACGCAGG_075,68
CCGAAGCCCCCCCACGCAGG_076,57
CCGAAGCCCCCCCACGCAGG_077,19
CCGAAGCCCCCCCACGCAGG_078,188
CCGAAGCCCCCCCACGCAGG_079,156
CCGAAGCCCCCCCACGCAGG_080,52
CCGAAGCCCCCCCACGCAGG_081,16
CCGAAGCCCCCCCACGCAGG_082,169
CCGAAGCCCCCCCACGCAGG_083,153
CCGAAGCCCCCCCACGCAGG_084,197
CCGAAGCCCCCCCACGCAGG_085,7
CCGAAGCCCCCCCACGCAGG_086,86
CCGAAGCCCCCCCACGCAGG_087,138
CCGAAGCCCCCCCACGCAGG_088,94
CCGAAGCCCCCCCACGCAGG_089,144
CCGAAGCCCCCCCACGCAGG_090,174
CCGAAGCCCCCCCACGCAGG_091,34
CCGAAGCCCCCCCACGCAGG_092,127
CCGAAGCCCCCCCACGCAGG_093,63
CCGAAGCCCCCCCACGCAGG_094,40
CCGAAGCCCCCCCACGCAGG_095,61
CCGAAGCCCCCCCACGCAGG_096,104
CCGAAGCCCCCCCACGCAGG_097,34
CCGAAGCCCCCCCACGCAGG_098,10
CCGAAGCCCCCCCACGCAGG_099,72
CCGAAGCCCCCCCACGCAGG_100,23
CCGAAGCCCCCCCACGCAGG_101,80
CCGAAGCCCCCCCACGCAGG_102,61
CCGAAGCCCCCCCACGCAGG_103,59
CCGAAGCCCCCCCACGCAGG_104,77
CCGAAGCCCCCCCACGCAGG_105,144
CCGAAGCCCCCCCACGCAGG_106,68
CCGAAGCCCCCCCACGCAGG_107,111
CCGAAGCCCCCCCACGCAGG_108,184
CCGAAGCCCCCCCACGCAGG_109,49
CCGAAGCCCCCCCACGCAGG_110,94
CCGAAGCCCCCCCACGCAGG_111,10
CCGAAGCCCCCCCACGCAGG_112,196
CCGAAGCCCCCCCACGCAGG_113,161
CCGAAGCCCCCCCACGCAGG_114,152
CCGAAGCCCCCCCACGCAGG_115,79
CCGAAGCCCCCCCACGCAGG_116,180
CCGAAGCCCCCCCACGCAGG_117,48
CCGAAGCCCCCCCACGCAGG_118,118
CCGAAGCCCCCCCACGCAGG_119,137
CCGAAGCCCCCCCACGCAGG_120,57
CCGAAGCCCCCCCACGCAGG_121,124
CCGAAGCCCCCCCACGCAGG_122,63
CCGAAGCCCCCCCACGCAGG_123,183
CCGAAGCCCCCCCACGCAGG_124,102
CCGAAGCCCCCCCACGCAGG_125,81
CCGAAGCCCCCCCACGCAGG_126,40
CCGAAGCCCCCCCACGCAGG_127,33
CCGAAGCCCCCCCACGCAGG_128,148
CCGAAGCCCCCCCACGCAGG_129,125
CCGAAGCCCCCCCACGCAGG_130,66
CCGAAGCCCCCCCACGCAGG_131,62
CCGAAGCCCCCCCACGCAGG_132,152
CCGAAGCCCCCCCACGCAGG_133,165
CCGAAGCCCCCCCACGCAGG_134,115
CCGAAGCCCCCCCACGCAGG_135,175
CCGAAGCCCCCCCACGCAGG_136,51
CCGAAGCCCCCCCACGCAGG_137,81
CCGAAGCCCCCCCACGCAGG_138,142
CCGAAGCCCCCCCACGCAGG_139,188
CCGAAGCCCCCCCACGCAGG_140,168
CCGAAGCCCCCCCACGCAGG_141,118
CCGAAGCCCCCCCACGCAGG_142,178
CCGAAGCCCCCCCACGCAGG_143,43
CCGAAGCCCCCCCACGCAGG_144,153
CCGAAGCCCCCCCACGCAGG_145,45
CCGAAGCCCCCCCACGCAGG_146,184
CCGAAGCCCCCCCACGCAGG_147,128
CCGAAGCCCCCCCACGCAGG_148,114
CCGAAGCCCCCCCACGCAGG_149,3
CCGAAGCCCCCCCACGCAGG_150,82
CCGAAGCCCCCCCACGCAGG_151,31
CCGAAGCCCCCCCACGCAGG_152,20
CCGAAGCCCCCCCACGCAGG_153,136
CCGAAGCCCCCCCACGCAGG_154,36
CCGAAGCCCCCCCACGCAGG_155,69
CCGAAGCCCCCCCACGCAGG_156,58
CCGAAGCCCCCCCACGCAGG_157,177
CCGAAGCCCCCCCACGCAGG_158,149
CCGAAGCCCCCCCACGCAGG_159,124
CCGAAGCCCCCCCACGCAGG_160,40
CCGAAGCCCCCCCACGCAGG_161,46
CCGAAGCCCCCCCACGCAGG_162,43
CCGAAGCCCCCCCACGCAGG_163,88
CCGAAGCCCCCCCACGCAGG_164,110
CCTATCGGAACGTTCACGTG_001,19
CCTATCGGAACGTTCACGTG_002,101
CCTATCGGAACGTTCACGTG_003,102
CCTATCGGAACGTTCACGTG_004,102
CCTATCGGAACGTTCACGTG_005,63
CCTATCGGAACGTTCACGTG_006,42
CCTATCGGAACGTTCACGTG_007,198
CCTATCGGAACGTTCACGTG_008,144
CCTATCGGAACGTTCACGTG_009,59
CCTATCGGAACGTTCACGTG_010,20
CCTATCGGAACGTTCACGTG_011,174
GCTTTGATGGATGCGCTCTG_001,104
GCTTTGATGGATGCGCTCTG_002,42
GCTTTGATGGATGCGCTCTG_003,8
GCTTTGATGGATGCGCTCTG_004,84
GCTTTGATGGATGCGCTCTG_005,137
GCTTTGATGGATGCGCTCTG_006,115
GCTTTGATGGATGCGCTCTG_007,21
GCTTTGATGGATGCGCTCTG_008,172
GCTTTGATGGATGCGCTCTG_009,115
GCTTTGATGGATGCGCTCTG_010,184
GCTTTGATGGATGCGCTCTG_011,97
GCTTTGATGGATGCGCTCTG_012,111
GCTTTGATGGATGCGCTCTG_013,157
GCTTTGATGGATGCGCTCTG_014,89
GCTTTGATGGATGCGCTCTG_015,16
GCTTTGATGGATGCGCTCTG_016,113
GCTTTGATGGATGCGCTCTG_017,53
GCTTTGATGGATGCGCTCTG_018,41
GCTTTGATGGATGCGCTCTG_019,94
GCTTTGATGGATGCGCTCTG_020,49
GCTTTGATGGATGCGCTCTG_021,69
GCTTTGATGGATGCGCTCTG_022,1
GGGAGCGTGACATTGTACGT_001,105
GGGAGCGTGACATTGTACGT_002,150
GGGAGCGTGACATTGTACGT_003,143
GGGAGCGTGACATTGTACGT_004,116
GGGAGCGTGACATTGTACGT_005,29
GGGAGCGTGACATTGTACGT_006,5
GTAGCCGGATTCCTCAGGCC_001,102
GTAGCCGGATTCCTCAGGCC_002,111
GTAGCCGGATTCCTCAGGCC_003,70
GTAGCCGGATTCCTCAGGCC_004,127
GTAGCCGGATTCCTCAGGCC_005,189
GTAGCCGGATTCCTCAGGCC_006,15
GTAGCCGGATTCCTCAGGCC_007,47
GTAGCCGGATTCCTCAGGCC_008,111
GTAGCCGGATTCCTCAGGCC_009,29
GTAGCCGGATTCCTCAGGCC_010,17
GTAGCCGGATTCCTCAGGCC_011,153
GACCTGGACCAGTGTAGAGA_001,25
GACCTGGACCAGTGTAGAGA_002,129
GACCTGGACCAGTGTAGAGA_003,173
GACCTGGACCAGTGTAGAGA_004,149
GACCTGGACCAGTGTAGAGA_005,116
CTCCCGACACATGGACAGCA_001,127
CTCCCGACACATGGACAGCA_002,76
CTCCCGACACATGGACAGCA_003,55
CTCCCGACACATGGACAGCA_004,172
CTCCCGACACATGGACAGCA_005,150
CTCCCGACACATGGACAGCA_006,0
CTCCCGACACATGGACAGCA_007,84
CTCCCGACACATGGACAGCA_008,5
CTCCCGACACATGGACAGCA_009,146
CTCCCGACACATGGACAGCA_010,198
CTCCCGACACATGGACAGCA_011,192
CTCCCGACACATGGACAGCA_012,155
CTCCCGACACATGGACAGCA_013,168
CTCCCGACACATGGACAGCA_014,106
CTCCCGACACATGGACAGCA_015,33
CTCCCGACACATGGACAGCA_016,142
CTCCCGACACATGGACAGCA_017,172
CTCCCGACACATGGACAGCA_018,190
CTCCCGACACATGGACAGCA_019,50
CTCCCGACACATGGACAGCA_020,30
CTCCCGACACATGGACAGCA_021,150
CTCCCGACACATGGACAGCA_022,88
CTCCCGACACATGGACAGCA_023,147
CTCCCGACACATGGACAGCA_024,136
CTCCCGACACATGGACAGCA_025,127
CTCCCGACACATGGACAGCA_026,168
CTCCCGACACATGGACAGCA_027,198
CTCCCGACACATGGACAGCA_028,124
CTCCCGACACATGGACAGCA_029,63
CTCCCGACACATGGACAGCA_030,117
CTCCCGACACATGGACAGCA_031,128
GCAGCCAACGCATGTCTGTG_001,12
GCAGCCAACGCATGTCTGTG_002,96
GCAGCCAACGCATGTCTGTG_003,177
GCAGCCAACGCATGTCTGTG_004,17
GCAGCCAACGCATGTCTGTG_005,101
GCAGCCAACGCATGTCTGTG_006,183
GCAGCCAACGCATGTCTGTG_007,100
GCAGCCAACGCATGTCTGTG_008,44
GCAGCCAACGCATGTCTGTG_009,77
GCAGCCAACGCATGTCTGTG_010,98
GCAGCCAACGCATGTCTGTG_011,192
GCAGCCAACGCATGTCTGTG_012,68
GCAGCCAACGCATGTCTGTG_013,56
GCAGCCAACGCATGTCTGTG_014,69
GCAGCCAACGCATGTCTGTG_015,68
GCAGCCAACGCATGTCTGTG_016,121
GCAGCCAACGCATGTCTGTG_017,97
GCAGCCAACGCATGTCTGTG_018,162
GCAGCCAACGCATGTCTGTG_019,43
GCAGCCAACGCATGTCTGTG_020,180
GCAGCCAACGCATGTCTGTG_021,23
GCAGCCAACGCATGTCTGTG_022,40
ACCGTATGTTGTGGACCATG_001,80
ACCGTATGTTGTGGACCATG_002,144
TCAACAACCACGGGAAGCCG_001,42
TCAACAACCACGGGAAGCCG_002,40
TCAACAACCACGGGAAGCCG_003,5
TCAACAACCACGGGAAGCCG_004,40
AGGATACGCAGAGTAATGAT_001,4
AGGATACGCAGAGTAATGAT_002,65
AGGATACGCAGAGTAATGAT_003,154
AGGATACGCAGAGTAATGAT_004,65
AGGATACGCAGAGTAATGAT_005,65
AGGATACGCAGAGTAATGAT_006,113
AGGATACGCAGAGTAATGAT_007,33
AGGATACGCAGAGTAATGAT_008,56
AGGATACGCAGAGTAATGAT_009,142
GTGCCACCTACCGTCCAAAG_001,168
GTGCCACCTACCGTCCAAAG_002,66
GTGCCACCTACCGTCCAAAG_003,16
GTGCCACCTACCGTCCAAAG_004,86
GTGCCACCTACCGTCCAAAG_005,44
GTGCCACCTACCGTCCAAAG_006,83
CACATGTACACCAACGTCAG_001,100
CACATGTACACCAACGTCAG_002,108
CACATGTACACCAACGTCAG_003,24
CACATGTACACCAACGTCAG_004,69
TAACAATGACTCGTAATGGT_001,127
TAACAATGACTCGTAATGGT_002,162
TAACAATGACTCGTAATGGT_003,146
TAACAATGACTCGTAATGGT_004,116
TAACAATGACTCGTAATGGT_005,188
TAACAATGACTCGTAATGGT_006,160
TAACAATGACTCGTAATGGT_007,82
TAACAATGACTCGTAATGGT_008,194
TCTTCTTCTACGGTACTAGG_001,179
TCTTCTTCTACGGTACTAGG_002,6
TCTTCTTCTACGGTACTAGG_003,40
GATAACCACGATCGTTCACA_001,73
GATAACCACGATCGTTCACA_002,127
GATAACCACGATCGTTCACA_003,127
GCCGCCGCTACCACCCCGCG_001,96
GCCGCCGCTACCACCCCGCG_002,48
GCCGCCGCTACCACCCCGCG_003,49
GCCGCCGCTACCACCCCGCG_004,104
GCCGCCGCTACCACCCCGCG_005,26
GCCGCCGCTACCACCCCGCG_006,154
GCCGCCGCTACCACCCCGCG_007,28
GCCGCCGCTACCACCCCGCG_008,84
GCCGCCGCTACCACCCCGCG_009,188
GCCGCCGCTACCACCCCGCG_010,67
GCCGCCGCTACCACCCCGCG_011,103
GCCGCCGCTACCACCCCGCG_012,78
GCCGCCGCTACCACCCCGCG_013,84
GCCGCCGCTACCACCCCGCG_014,189
GCCGCCGCTACCACCCCGCG_015,166
GCCGCCGCTACCACCCCGCG_016,22
GCCGCCGCTACCACCCCGCG_017,179
GCCGCCGCTACCACCCCGCG_018,188
GCCGCCGCTACCACCCCGCG_019,49
TTGCGTTTGCAGGTTACTAC_001,106
TTTCACAGAGTTTCACTCCA_001,178
TTTCACAGAGTTTCACTCCA_002,183
TTTCACAGAGTTTCACTCCA_003,104
TTTCACAGAGTTTCACTCCA_004,4
TTTCACAGAGTTTCACTCCA_005,152
TTTCACAGAGTTTCACTCCA_006,137
TTTCACAGAGTTTCACTCCA_007,48
TTTCACAGAGTTTCACTCCA_008,56
TTTCACAGAGTTTCACTCCA_009,137
AGGCCCATGACGAGTAACCA_001,170
AGGCCCATGACGAGTAACCA_002,118
AGGCCCATGACGAGTAACCA_003,171
AGGCCCATGACGAGTAACCA_004,83
AGGCCCATGACGAGTAACCA_005,137
AGGCCCATGACGAGTAACCA_006,22
AGGCCCATGACGAGTAACCA_007,144
AGGCCCATGACGAGTAACCA_008,5
AGGCCCATGACGAGTAACCA_009,177
AGGCCCATGACGAGTAACCA_010,32
AGGCCCATGACGAGTAACCA_011,163
AGGCCCATGACGAGTAACCA_012,95
AGGCCCATGACGAGTAACCA_013,33
AGGCCCATGACGAGTAACCA_014,20
CGTTTCATAGCCAGGAAACG_001,61
CGTTTCATAGCCAGGAAACG_002,45
CGTTTCATAGCCAGGAAACG_003,63
CTGAACCACCTCACTACCGG_001,115
CTGAACCACCTCACTACCGG_002,41
CTGAACCACCTCACTACCGG_003,116
CTGAACCACCTCACTACCGG_004,191
CTGAACCACCTCACTACCGG_005,43
CTGAACCACCTCACTACCGG_006,161
CTGAACCACCTCACTACCGG_007,113
CTGAACCACCTCACTACCGG_008,184
CTGAACCACCTCACTACCGG_009,38
CTGAACCACCTCACTACCGG_010,4
CTGAACCACCTCACTACCGG_011,84
CTGAACCACCTCACTACCGG_012,8
CTGAACCACCTCACTACCGG_013,130
CTGAACCACCTCACTACCGG_014,148
CTGAACCACCTCACTACCGG_015,175
CTGAACCACCTCACTACCGG_016,14
CTGAACCACCTCACTACCGG_017,28
CTGAACCACCTCACTACCGG_018,114
CTGAACCACCTCACTACCGG_019,166
CTGAACCACCTCACTACCGG_020,191
CTGAACCACCTCACTACCGG_021,142
CTGAACCACCTCACTACCGG_022,144
CTGAACCACCTCACTACCGG_023,101
CTGAACCACCTCACTACCGG_024,67
CTGAACCACCTCACTACCGG_025,57
AGGGTGGGAGCCTTCCACTG_001,121
AGGGTGGGAGCCTTCCACTG_002,121
AGGGTGGGAGCCTTCCACTG_003,13
AGGGTGGGAGCCTTCCACTG_004,106
AGGGTGGGAGCCTTCCACTG_005,107
AGGGTGGGAGCCTTCCACTG_006,116
AGGGTGGGAGCCTTCCACTG_007,42
AGGGTGGGAGCCTTCCACTG_008,5
AGGGTGGGAGCCTTCCACTG_009,40
AGGGTGGGAGCCTTCCACTG_010,92
AGGGTGGGAGCCTTCCACTG_011,70
AGGGTGGGAGCCTTCCACTG_012,160
GGGACATAGGACGGAGCTTG_001,29
CTTTACACTCTTGGGGTCAA_001,168
CTTTACACTCTTGGGGTCAA_002,176
CTCAACGTCTACACCGACCA_001,48
CTCAACGTCTACACCGACCA_002,57
CTCAACGTCTACACCGACCA_003,175
CTCAACGTCTACACCGACCA_004,96
CTCAACGTCTACACCGACCA_005,60
CTCAACGTCTACACCGACCA_006,125
CTCAACGTCTACACCGACCA_007,182
CTCAACGTCTACACCGACCA_008,24
CTCAACGTCTACACCGACCA_009,41
CTCAACGTCTACACCGACCA_010,105
CTCAACGTCTACACCGACCA_011,187
CTCAACGTCTACACCGACCA_012,145
CTCAACGTCTACACCGACCA_013,76
CTCAACGTCTACACCGACCA_014,146
CTCAACGTCTACACCGACCA_015,10
CTCAACGTCTACACCGACCA_016,43
CTCAACGTCTACACCGACCA_017,191
CTCAACGTCTACACCGACCA_018,37
TGGCCTTTACCCGGATTGAG_001,185
TGGCCTTTACCCGGATTGAG_002,69
TGGCCTTTACCCGGATTGAG_003,57
TGGCCTTTACCCGGATTGAG_004,189
TGGCCTTTACCCGGATTGAG_005,197
TGGCCTTTACCCGGATTGAG_006,174
TGGCCTTTACCCGGATTGAG_007,115
TGGCCTTTACCCGGATTGAG_008,116
TGGCCTTTACCCGGATTGAG_009,192
TGGCCTTTACCCGGATTGAG_010,188
TGGCCTTTACCCGGATTGAG_011,9
TGGCCTTTACCCGGATTGAG_012,103
TGGCCTTTACCCGGATTGAG_013,166
TGGCCTTTACCCGGATTGAG_014,103
TGGCCTTTACCCGGATTGAG_015,52
TGGCCTTTACCCGGATTGAG_016,15
TGGCCTTTACCCGGATTGAG_017,66
ATGATCGACCTGAGTTACCA_001,17
ATGATCGACCTGAGTTACCA_002,70
ATGATCGACCTGAGTTACCA_003,62
ATGATCGACCTGAGTTACCA_004,178
ATGATCGACCTGAGTTACCA_005,94
ATGATCGACCTGAGTTACCA_006,123
ATGATCGACCTGAGTTACCA_007,121
ATGATCGACCTGAGTTACCA_008,29
ATGATCGACCTGAGTTACCA_009,69
ATGATCGACCTGAGTTACCA_010,75
ATGATCGACCTGAGTTACCA_011,84
ATGATCGACCTGAGTTACCA_012,126
ATGATCGACCTGAGTTACCA_013,16
ATGATCGACCTGAGTTACCA_014,99
ATGATCGACCTGAGTTACCA_015,18
ATGATCGACCTGAGTTACCA_016,48
ATGATCGACCTGAGTTACCA_017,40
ATGATCGACCTGAGTTACCA_018,138
ATGATCGACCTGAGTTACCA_019,198
ATGATCGACCTGAGTTACCA_020,74
ATGATCGACCTGAGTTACCA_021,41
ATGATCGACCTGAGTTACCA_022,197
ATGATCGACCTGAGTTACCA_023,126
ATGATCGACCTGAGTTACCA_024,12
ATGATCGACCTGAGTTACCA_025,104
ATGATCGACCTGAGTTACCA_026,177
ATGATCGACCTGAGTTACCA_027,56
ATGATCGACCTGAGTTACCA_028,168
ATGATCGACCTGAGTTACCA_029,142
ATGATCGACCTGAGTTACCA_030,176
ATGATCGACCTGAGTTACCA_031,149
ATGATCGACCTGAGTTACCA_032,124
ATGATCGACCTGAGTTACCA_033,184
ATGATCGACCTGAGTTACCA_034,2
ATGATCGACCTGAGTTACCA_035,10
ATGATCGACCTGAGTTACCA_036,39
ATGATCGACCTGAGTTACCA_037,102
ATGATCGACCTGAGTTACCA_038,13
GCTGTATGGGGACAACGTAG_001,102
GCTGTATGGGGACAACGTAG_002,170
GCTGTATGGGGACAACGTAG_003,5
GCTGTATGGGGACAACGTAG_004,98
GCTGTATGGGGACAACGTAG_005,74
GCTGTATGGGGACAACGTAG_006,144
TCATCTAGGGGTGAACGACA_001,151
TCATCTAGGGGTGAACGACA_002,192
TCATCTAGGGGTGAACGACA_003,193
TCATCTAGGGGTGAACGACA_004,144
TCATCTAGGGGTGAACGACA_005,60
TCATCTAGGGGTGAACGACA_006,174
TCATCTAGGGGTGAACGACA_007,68
TCATCTAGGGGTGAACGACA_008,81
TCATCTAGGGGTGAACGACA_009,15
TCATCTAGGGGTGAACGACA_010,164
GCAGAAAAAGGAATGGACGT_001,150
GCAGAAAAAGGAATGGACGT_002,94
GCAGAAAAAGGAATGGACGT_003,57
GCAGAAAAAGGAATGGACGT_004,106
GCAGAAAAAGGAATGGACGT_005,149
GCAGAAAAAGGAATGGACGT_006,70
GCAGAAAAAGGAATGGACGT_007,105
GCAGAAAAAGGAATGGACGT_008,127
GCAGAAAAAGGAATGGACGT_009,151
GCAGAAAAAGGAATGGACGT_010,103
GCAGAAAAAGGAATGGACGT_011,103
GCAGAAAAAGGAATGGACGT_012,141
GCAGAAAAAGGAATGGACGT_013,158
GCAGAAAAAGGAATGGACGT_014,149
GCAGAAAAAGGAATGGACGT_015,72
GCAGAAAAAGGAATGGACGT_016,2
GCAGAAAAAGGAATGGACGT_017,41
GCAGAAAAAGGAATGGACGT_018,122
GCAGAAAAAGGAATGGACGT_019,145
GCAGAAAAAGGAATGGACGT_020,116
GCAGAAAAAGGAATGGACGT_021,53
ACAACTTGTTGTAATTGGTA_001,191
ACAACTTGTTGTAATTGGTA_002,37
ACAACTTGTTGTAATTGGTA_003,184
ACAACTTGTTGTAATTGGTA_004,168
ACAACTTGTTGTAATTGGTA_005,6
ACAACTTGTTGTAATTGGTA_006,168
ACAACTTGTTGTAATTGGTA_007,63
AATCTGTTCACCGCAAAGGG_001,18
AATCTGTTCACCGCAAAGGG_002,2
AATCTGTTCACCGCAAAGGG_003,17
AATCTGTTCACCGCAAAGGG_004,169
AATCTGTTCACCGCAAAGGG_005,169
AATCTGTTCACCGCAAAGGG_006,127
AATCTGTTCACCGCAAAGGG_007,51
AATCTGTTCACCGCAAAGGG_008,151
AATCTGTTCACCGCAAAGGG_009,28
AATCTGTTCACCGCAAAGGG_010,191
GGAAGCTATCAATTCCCTCG_001,80
GGAAGCTATCAATTCCCTCG_002,9
GGAAGCTATCAATTCCCTCG_003,160
GGAAGCTATCAATTCCCTCG_004,80
GGAAGCTATCAATTCCCTCG_005,162
GGAAGCTATCAATTCCCTCG_006,17
GGAAGCTATCAATTCCCTCG_007,34
GGAAGCTATCAATTCCCTCG_008,147
GGAAGCTATCAATTCCCTCG_009,116
GGAAGCTATCAATTCCCTCG_010,97
GGAAGCTATCAATTCCCTCG_011,147
GGAAGCTATCAATTCCCTCG_012,162
GGAAGCTATCAATTCCCTCG_013,41
GGAAGCTATCAATTCCCTCG_014,125
GGAAGCTATCAATTCCCTCG_015,73
TCCTCCGGCAAAACCACACG_001,52
TCCTCCGGCAAAACCACACG_002,65
TCCTCCGGCAAAACCACACG_003,187
TCCTCCGGCAAAACCACACG_004,114
AGACAACATGACTTTCACGG_001,48
AGACAACATGACTTTCACGG_002,68
AGACAACATGACTTTCACGG_003,115
AGACAACATGACTTTCACGG_004,198
AGACAACATGACTTTCACGG_005,44
AGACAACATGACTTTCACGG_006,77
AGACAACATGACTTTCACGG_007,26
AGACAACATGACTTTCACGG_008,127
AGACAACATGACTTTCACGG_009,187
AGACAACATGACTTTCACGG_010,103
AGACAACATGACTTTCACGG_011,119
AGACAACATGACTTTCACGG_012,83
AGACAACATGACTTTCACGG_013,40
AGACAACATGACTTTCACGG_014,10
AGACAACATGACTTTCACGG_015,107
AGACAACATGACTTTCACGG_016,77
AGACAACATGACTTTCACGG_017,46
TCAGCAGCTCTACATCAAGG_001,32
TCAGCAGCTCTACATCAAGG_002,160
TCAGCAGCTCTACATCAAGG_003,58
TCAGCAGCTCTACATCAAGG_004,191
TCAGCAGCTCTACATCAAGG_005,138
TCAGCAGCTCTACATCAAGG_006,28
TCAGCAGCTCTACATCAAGG_007,105
TCAGCAGCTCTACATCAAGG_008,79
CTGTGCCCGATGCGTGCCCA_001,62
CTGTGCCCGATGCGTGCCCA_002,110
CCAGGGTGCTGCCGTTTGTG_001,196
CCAGGGTGCTGCCGTTTGTG_002,78
CCAGGGTGCTGCCGTTTGTG_003,189
CCAGGGTGCTGCCGTTTGTG_004,34
CCAGGGTGCTGCCGTTTGTG_005,104
CCAGGGTGCTGCCGTTTGTG_006,45
CCAGGGTGCTGCCGTTTGTG_007,75
CCAGGGTGCTGCCGTTTGTG_008,44
CCAGGGTGCTGCCGTTTGTG_009,176
CCAGGGTGCTGCCGTTTGTG_010,105
CCAGGGTGCTGCCGTTTGTG_011,138
CCAGGGTGCTGCCGTTTGTG_012,158
CCAGGGTGCTGCCGTTTGTG_013,157
CCAGGGTGCTGCCGTTTGTG_014,5
CCAGGGTGCTGCCGTTTGTG_015,94
CCAGGGTGCTGCCGTTTGTG_016,141
CCAGGGTGCTGCCGTTTGTG_017,34
CCAGGGTGCTGCCGTTTGTG_018,197
CCAGGGTGCTGCCGTTTGTG_019,78
CCAGGGTGCTGCCGTTTGTG_020,40
GACGGCAAGGAGCTACGTGA_001,196
GACGGCAAGGAGCTACGTGA_002,171
GACGGCAAGGAGCTACGTGA_003,22
GACGGCAAGGAGCTACGTGA_004,35
GACGGCAAGGAGCTACGTGA_005,41
GACGGCAAGGAGCTACGTGA_006,196
GACGGCAAGGAGCTACGTGA_007,17
GACGGCAAGGAGCTACGTGA_008,11
GACGGCAAGGAGCTACGTGA_009,160
GACGGCAAGGAGCTACGTGA_010,50
GACGGCAAGGAGCTACGTGA_011,170
GACGGCAAGGAGCTACGTGA_012,53
GACGGCAAGGAGCTACGTGA_013,45
GACGGCAAGGAGCTACGTGA_014,145
GACGGCAAGGAGCTACGTGA_015,48
GACGGCAAGGAGCTACGTGA_016,121
GACGGCAAGGAGCTACGTGA_017,68
GACGGCAAGGAGCTACGTGA_018,15
GACGGCAAGGAGCTACGTGA_019,175
GACGGCAAGGAGCTACGTGA_020,2
GACGGCAAGGAGCTACGTGA_021,15
GACGGCAAGGAGCTACGTGA_022,152
GACGGCAAGGAGCTACGTGA_023,63
GACGGCAAGGAGCTACGTGA_024,49
GACGGCAAGGAGCTACGTGA_025,174
GACGGCAAGGAGCTACGTGA_026,162
GACGGCAAGGAGCTACGTGA_027,176
GACGGCAAGGAGCTACGTGA_028,84
GAGTGTTGAATTAGATGTAT_001,102
GAGTGTTGAATTAGATGTAT_002,145
GAGTGTTGAATTAGATGTAT_003,169
GAGTGTTGAATTAGATGTAT_004,138
GAGTGTTGAATTAGATGTAT_005,98
GAGTGTTGAATTAGATGTAT_006,182
GAGTGTTGAATTAGATGTAT_007,20
GATGGTAGGATGGACATGCC_001,3
GATGGTAGGATGGACATGCC_002,137
GATGGTAGGATGGACATGCC_003,166
GATGGTAGGATGGACATGCC_004,60
GATGGTAGGATGGACATGCC_005,107
GATGGTAGGATGGACATGCC_006,182
GATGGTAGGATGGACATGCC_007,176
GATGGTAGGATGGACATGCC_008,165
TGAACCAGCAGCGTTCAAGG_001,88
TGAACCAGCAGCGTTCAAGG_002,115
TGAACCAGCAGCGTTCAAGG_003,158
TGAACCAGCAGCGTTCAAGG_004,15
TGAACCAGCAGCGTTCAAGG_005,1
TGAACCAGCAGCGTTCAAGG_006,177
TGAACCAGCAGCGTTCAAGG_007,158
TGAACCAGCAGCGTTCAAGG_008,58
CACGCCGTCGCACGAATCTG_001,95
CACGCCGTCGCACGAATCTG_002,188
CACGCCGTCGCACGAATCTG_003,142
CACGCCGTCGCACGAATCTG_004,62
CACGCCGTCGCACGAATCTG_005,48
CACGCCGTCGCACGAATCTG_006,50
CACGCCGTCGCACGAATCTG_007,1
CACGCCGTCGCACGAATCTG_008,57
CACGCCGTCGCACGAATCTG_009,77
CACGCCGTCGCACGAATCTG_010,75
CACGCCGTCGCACGAATCTG_011,189
CACGCCGTCGCACGAATCTG_012,189
CACGCCGTCGCACGAATCTG_013,8
CACGCCGTCGCACGAATCTG_014,94
CACGCCGTCGCACGAATCTG_015,121
CACGCCGTCGCACGAATCTG_016,165
CACGCCGTCGCACGAATCTG_017,98
CTGGGGACAAAGCCACTACC_001,158
CTGGGGACAAAGCCACTACC_002,48
CTGGGGACAAAGCCACTACC_003,76
CTGGGGACAAAGCCACTACC_004,70
CTGGGGACAAAGCCACTACC_005,188
CTGGGGACAAAGCCACTACC_006,168
CTGGGGACAAAGCCACTACC_007,9
CTGGGGACAAAGCCACTACC_008,140
CTGGGGACAAAGCCACTACC_009,140
CTGGGGACAAAGCCACTACC_010,42
CTGGGGACAAAGCCACTACC_011,68
CTGGGGACAAAGCCACTACC_012,145
CTGGGGACAAAGCCACTACC_013,129
CTGGGGACAAAGCCACTACC_014,152
CTGGGGACAAAGCCACTACC_015,137
CTGGGGACAAAGCCACTACC_016,116
CTGGGGACAAAGCCACTACC_017,84
CTGGGGACAAAGCCACTACC_018,40
CGGAGGGCTGTGTTACAATG_001,43
CGGAGGGCTGTGTTACAATG_002,105
CGGAGGGCTGTGTTACAATG_003,138
CGGAGGGCTGTGTTACAATG_004,105
CGGAGGGCTGTGTTACAATG_005,82
CGGAGGGCTGTGTTACAATG_006,9
TGGGGGAGACTTAACCCACT_001,146
TGGGGGAGACTTAACCCACT_002,0
TGGGGGAGACTTAACCCACT_003,53
TGGGGGAGACTTAACCCACT_004,102
TGGGGGAGACTTAACCCACT_005,121
TGGGGGAGACTTAACCCACT_006,12
TGGGGGAGACTTAACCCACT_007,191
AGAAAAATAAAGGTTTCCGG_001,19
AGAAAAATAAAGGTTTCCGG_002,105
AGAAAAATAAAGGTTTCCGG_003,168
AGAAAAATAAAGGTTTCCGG_004,168
GCGCTGTTTACACCACACAG_001,6
GCGCTGTTTACACCACACAG_002,6
GCGCTGTTTACACCACACAG_003,91
GCGCTGTTTACACCACACAG_004,56
GCGCTGTTTACACCACACAG_005,147
GCGCTGTTTACACCACACAG_006,88
GCGCTGTTTACACCACACAG_007,78
GCGCTGTTTACACCACACAG_008,67
GCGCTGTTTACACCACACAG_009,174
GCGCTGTTTACACCACACAG_010,58
GCGCTGTTTACACCACACAG_011,93
GCGCTGTTTACACCACACAG_012,59
GCGCTGTTTACACCACACAG_013,38
GCGCTGTTTACACCACACAG_014,87
GCGCTGTTTACACCACACAG_015,150
GCGCTGTTTACACCACACAG_016,60
GCGCTGTTTACACCACACAG_017,134
GCGCTGTTTACACCACACAG_018,59
GCGCTGTTTACACCACACAG_019,88
GCGCTGTTTACACCACACAG_020,145
GCGCTGTTTACACCACACAG_021,92
GCGCTGTTTACACCACACAG_022,49
CTGAAGACCGAGAATCCCGG_001,197
CTGAAGACCGAGAATCCCGG_002,17
CTGAAGACCGAGAATCCCGG_003,119
CTGAAGACCGAGAATCCCGG_004,183
CTGAAGACCGAGAATCCCGG_005,37
GGACAAATTCCCAGCTGACG_001,65
GGACAAATTCCCAGCTGACG_002,58
GGACAAATTCCCAGCTGACG_003,169
GGACAAATTCCCAGCTGACG_004,146
GGACAAATTCCCAGCTGACG_005,145
GGACAAATTCCCAGCTGACG_006,180
GGACAAATTCCCAGCTGACG_007,52
TCTTCAAGGATCAAGGTACA_001,93
TCTTCAAGGATCAAGGTACA_002,147
TCTTCAAGGATCAAGGTACA_003,172
TCTTCAAGGATCAAGGTACA_004,49
TCTTCAAGGATCAAGGTACA_005,68
TCTTCAAGGATCAAGGTACA_006,78
TCTTCAAGGATCAAGGTACA_007,198
TCTTCAAGGATCAAGGTACA_008,183
TCTTCAAGGATCAAGGTACA_009,139
TCTTCAAGGATCAAGGTACA_010,35
TCTTCAAGGATCAAGGTACA_011,179
ACTTGCGGTCTGTGTACCAA_001,184
ACTTGCGGTCTGTGTACCAA_002,29
ACTTGCGGTCTGTGTACCAA_003,130
TTGTGTGCAGACCTGTTTAG_001,161
TTGTGTGCAGACCTGTTTAG_002,158
GGCCACTGTCACGATGAGAA_001,61
GGCCACTGTCACGATGAGAA_002,106
GGCCACTGTCACGATGAGAA_003,119
GGCCACTGTCACGATGAGAA_004,144
GGCCACTGTCACGATGAGAA_005,184
GGCCACTGTCACGATGAGAA_006,199
GGCCACTGTCACGATGAGAA_007,81
GGCCACTGTCACGATGAGAA_008,82
GGCCACTGTCACGATGAGAA_009,191
GGCCACTGTCACGATGAGAA_010,11
GGCCACTGTCACGATGAGAA_011,108
GGCCACTGTCACGATGAGAA_012,63
GTACCCAAGACTCTGTACAA_001,6
GTACCCAAGACTCTGTACAA_002,133
GTACCCAAGACTCTGTACAA_003,146
GTACCCAAGACTCTGTACAA_004,146
GTACCCAAGACTCTGTACAA_005,155
GTACCCAAGACTCTGTACAA_006,175
GTACCCAAGACTCTGTACAA_007,108
GTACCCAAGACTCTGTACAA_008,9
GTACCCAAGACTCTGTACAA_009,171
GTACCCAAGACTCTGTACAA_010,88
GTACCCAAGACTCTGTACAA_011,144
GTACCCAAGACTCTGTACAA_012,72
GTACCCAAGACTCTGTACAA_013,9
GTACCCAAGACTCTGTACAA_014,173
GTACCCAAGACTCTGTACAA_015,23
GTACCCAAGACTCTGTACAA_016,120
GTACCCAAGACTCTGTACAA_017,43
GTACCCAAGACTCTGTACAA_018,180
GTACCCAAGACTCTGTACAA_019,142
GTACCCAAGACTCTGTACAA_020,31
GTACCCAAGACTCTGTACAA_021,7
GTACCCAAGACTCTGTACAA_022,121
AATTCTCAGAAGGATCGCCA_001,94
AATTCTCAGAAGGATCGCCA_002,199
AATTCTCAGAAGGATCGCCA_003,78
AATTCTCAGAAGGATCGCCA_004,150
AATTCTCAGAAGGATCGCCA_005,9
AATTCTCAGAAGGATCGCCA_006,177
AATTCTCAGAAGGATCGCCA_007,116
AATTCTCAGAAGGATCGCCA_008,170
AGATTACGGATGCTGCATTG_001,67
AGATTACGGATGCTGCATTG_002,199
AGATTACGGATGCTGCATTG_003,28
GGGACACAGCAGGTCAAGAG_001,160
GGGACACAGCAGGTCAAGAG_002,70
GGGACACAGCAGGTCAAGAG_003,1
GGGACACAGCAGGTCAAGAG_004,113
GGGACACAGCAGGTCAAGAG_005,16
GGGACACAGCAGGTCAAGAG_006,9
GGGACACAGCAGGTCAAGAG_007,88
GGGACACAGCAGGTCAAGAG_008,115
GGGACACAGCAGGTCAAGAG_009,72
GGGACACAGCAGGTCAAGAG_010,118
GGGACACAGCAGGTCAAGAG_011,144
GGGACACAGCAGGTCAAGAG_012,152
GGGACACAGCAGGTCAAGAG_013,48
GGGACACAGCAGGTCAAGAG_014,118
GGGACACAGCAGGTCAAGAG_015,151
GGGACACAGCAGGTCAAGAG_016,96
GCCTGCCCTAAACCCCGGAA_001,15
GCCTGCCCTAAACCCCGGAA_002,106
GCCTGCCCTAAACCCCGGAA_003,115
GCCTGCCCTAAACCCCGGAA_004,140
GCCTGCCCTAAACCCCGGAA_005,47
GCCTGCCCTAAACCCCGGAA_006,47
GCCTGCCCTAAACCCCGGAA_007,9
GCCTGCCCTAAACCCCGGAA_008,65
GCCTGCCCTAAACCCCGGAA_009,173
GCCTGCCCTAAACCCCGGAA_010,173
GCCTGCCCTAAACCCCGGAA_011,32
GCCTGCCCTAAACCCCGGAA_012,7
GCCTGCCCTAAACCCCGGAA_013,179
GCCTGCCCTAAACCCCGGAA_014,70
GCCTGCCCTAAACCCCGGAA_015,35
GCCTGCCCTAAACCCCGGAA_016,12
GCCTGCCCTAAACCCCGGAA_017,4
GCCTGCCCTAAACCCCGGAA_018,40
GCCTGCCCTAAACCCCGGAA_019,38
GCCTGCCCTAAACCCCGGAA_020,130
GCCTGCCCTAAACCCCGGAA_021,48
GCCTGCCCTAAACCCCGGAA_022,28
GCCTGCCCTAAACCCCGGAA_023,130
GCCTGCCCTAAACCCCGGAA_024,30
GCCTGCCCTAAACCCCGGAA_025,149
GCCTGCCCTAAACCCCGGAA_026,94
GCCTGCCCTAAACCCCGGAA_027,62
GCCTGCCCTAAACCCCGGAA_028,65
GCCTGCCCTAAACCCCGGAA_029,70
GCCTGCCCTAAACCCCGGAA_030,26
GCCTGCCCTAAACCCCGGAA_031,136
GCCTGCCCTAAACCCCGGAA_032,35
GCCTGCCCTAAACCCCGGAA_033,33
GCCTGCCCTAAACCCCGGAA_034,30
GCCTGCCCTAAACCCCGGAA_035,50
GCCTGCCCTAAACCCCGGAA_036,16
ACCCTGGAGGAATATCAACG_001,70
ACCCTGGAGGAATATCAACG_002,80
ACCCTGGAGGAATATCAACG_003,163
ACCCTGGAGGAATATCAACG_004,19
ACCCTGGAGGAATATCAACG_005,121
ACCCTGGAGGAATATCAACG_006,34
ACCCTGGAGGAATATCAACG_007,175
ACCCTGGAGGAATATCAACG_008,147
ACCCTGGAGGAATATCAACG_009,115
ACCCTGGAGGAATATCAACG_010,40
GGCCCCCAGATCCTTCCGGG_001,150
GGCCCCCAGATCCTTCCGGG_002,19
GGCCCCCAGATCCTTCCGGG_003,191
AAACCCATCGACTGACAACG_001,174
AAACCCATCGACTGACAACG_002,4
AAACCCATCGACTGACAACG_003,52
AAACCCATCGACTGACAACG_004,59
AAACCCATCGACTGACAACG_005,93
AAACCCATCGACTGACAACG_006,17
AAACCCATCGACTGACAACG_007,62
AAACCCATCGACTGACAACG_008,167
AAACCCATCGACTGACAACG_009,167
GGGACGGGTGGACAAACTTG_001,5
GGGACGGGTGGACAAACTTG_002,105
GGGACGGGTGGACAAACTTG_003,159
GGGACGGGTGGACAAACTTG_004,53
GGGACGGGTGGACAAACTTG_005,77
TAAGAGGACGATAATCCGTG_001,19
TAAGAGGACGATAATCCGTG_002,17
TAAGAGGACGATAATCCGTG_003,2
TAAGAGGACGATAATCCGTG_004,199
TGTGGGGAAGGGGCACACGA_001,104
TGTGGGGAAGGGGCACACGA_002,48
TGTGGGGAAGGGGCACACGA_003,172
TGTGGGGAAGGGGCACACGA_004,94
TGTGGGGAAGGGGCACACGA_005,105
TGTGGGGAAGGGGCACACGA_006,55
TGTGGGGAAGGGGCACACGA_007,170
TGTGGGGAAGGGGCACACGA_008,10
TGTGGGGAAGGGGCACACGA_009,34
TGTGGGGAAGGGGCACACGA_010,8
TGTGGGGAAGGGGCACACGA_011,102
TGTGGGGAAGGGGCACACGA_012,127
TGTGGGGAAGGGGCACACGA_013,46
TGTGGGGAAGGGGCACACGA_014,129
TGTGGGGAAGGGGCACACGA_015,15
TGTGGGGAAGGGGCACACGA_016,152
TGTGGGGAAGGGGCACACGA_017,120
TGTGGGGAAGGGGCACACGA_018,140
TGTGGGGAAGGGGCACACGA_019,68
TGTGGGGAAGGGGCACACGA_020,115
TGTGGGGAAGGGGCACACGA_021,198
TATTGGCCTTCGTTTAACTG_001,66
TATTGGCCTTCGTTTAACTG_002,41
TATTGGCCTTCGTTTAACTG_003,188
TATTGGCCTTCGTTTAACTG_004,37
AGGCCCCCGAGCAAGCAGAG_001,183
AGGCCCCCGAGCAAGCAGAG_002,183
AGGCCCCCGAGCAAGCAGAG_003,95
AGGCCCCCGAGCAAGCAGAG_004,152
AGGCCCCCGAGCAAGCAGAG_005,161
GAGATGAAATTTGAGGCCCT_001,159
GAGATGAAATTTGAGGCCCT_002,181
GAGATGAAATTTGAGGCCCT_003,13
GAGATGAAATTTGAGGCCCT_004,42
GAGATGAAATTTGAGGCCCT_005,168
ACTCGTACACCCCCACTGTG_001,170
ACTCGTACACCCCCACTGTG_002,96
ACTCGTACACCCCCACTGTG_003,1
ACTCGTACACCCCCACTGTG_004,42
ACTCGTACACCCCCACTGTG_005,168
ACTCGTACACCCCCACTGTG_006,130
ACTCGTACACCCCCACTGTG_007,124
ACTCGTACACCCCCACTGTG_008,5
ACTCGTACACCCCCACTGTG_009,118
ACTCGTACACCCCCACTGTG_010,95
ACTCGTACACCCCCACTGTG_011,89
ACTCGTACACCCCCACTGTG_012,153
ACTCGTACACCCCCACTGTG_013,164
ACTCGTACACCCCCACTGTG_014,14
ACTCGTACACCCCCACTGTG_015,197
ACTCGTACACCCCCACTGTG_016,16
ACTCGTACACCCCCACTGTG_017,58
ACTCGTACACCCCCACTGTG_018,72
ACTCGTACACCCCCACTGTG_019,112
ACTCGTACACCCCCACTGTG_020,105
ACTCGTACACCCCCACTGTG_021,113
ACTCGTACACCCCCACTGTG_022,42
ACTCGTACACCCCCACTGTG_023,8
ACTCGTACACCCCCACTGTG_024,106
ACTCGTACACCCCCACTGTG_025,26
ACTCGTACACCCCCACTGTG_026,190
ACTCGTACACCCCCACTGTG_027,70
ACTCGTACACCCCCACTGTG_028,59
ACTCGTACACCCCCACTGTG_029,70
ACTCGTACACCCCCACTGTG_030,35
ACTCGTACACCCCCACTGTG_031,80
ACTCGTACACCCCCACTGTG_032,80
ACTCGTACACCCCCACTGTG_033,10
ACTCGTACACCCCCACTGTG_034,58
CAGGCACACAGGATTCTAGT_001,190
CAGGCACACAGGATTCTAGT_002,27
CAGGCACACAGGATTCTAGT_003,16
GGGGATATAAAATGCCACTG_001,145
GGGGATATAAAATGCCACTG_002,103
GGGGATATAAAATGCCACTG_003,170
GGGGATATAAAATGCCACTG_004,91
CCACAAATATTTACAGTCGG_001,160
CCACAAATATTTACAGTCGG_002,60
CCACAAATATTTACAGTCGG_003,183
CCACAAATATTTACAGTCGG_004,120
CCACAAATATTTACAGTCGG_005,137
CCACAAATATTTACAGTCGG_006,34
ATTTCAGGTTCGATCCGACC_001,10
CCACAGTCTCCGGGTCCCAG_001,12
CCACAGTCTCCGGGTCCCAG_002,109
CCACAGTCTCCGGGTCCCAG_003,11
CCACAGTCTCCGGGTCCCAG_004,113
CCACAGTCTCCGGGTCCCAG_005,103
CCACAGTCTCCGGGTCCCAG_006,120
CCACAGTCTCCGGGTCCCAG_007,123
CCACAGTCTCCGGGTCCCAG_008,52
CCACAGTCTCCGGGTCCCAG_009,41
CCACAGTCTCCGGGTCCCAG_010,34
CCACAGTCTCCGGGTCCCAG_011,103
CCACAGTCTCCGGGTCCCAG_012,88
CCACAGTCTCCGGGTCCCAG_013,161
CCACAGTCTCCGGGTCCCAG_014,173
CCACAGTCTCCGGGTCCCAG_015,145
CCACAGTCTCCGGGTCCCAG_016,78
CCACAGTCTCCGGGTCCCAG_017,136
CCACAGTCTCCGGGTCCCAG_018,131
CCACAGTCTCCGGGTCCCAG_019,183
CCACAGTCTCCGGGTCCCAG_020,137
CCACAGTCTCCGGGTCCCAG_021,136
CTTCTGGACCTTCGTTGACG_001,70
CTTCTGGACCTTCGTTGACG_002,144
CTTCTGGACCTTCGTTGACG_003,149
CTTCTGGACCTTCGTTGACG_004,43
CTTCTGGACCTTCGTTGACG_005,0
CCCACTGCAAAATTATCGGG_001,188
CCCACTGCAAAATTATCGGG_002,107
CCCACTGCAAAATTATCGGG_003,25
GCACAATGTACTATAACATG_001,117
TCTGCCCGATATTGTGCGTG_001,63
TCTGCCCGATATTGTGCGTG_002,56
GGAAACACTTACCGGCAATG_001,65
GGAAACACTTACCGGCAATG_002,48
GGAAACACTTACCGGCAATG_003,60
GGAAACACTTACCGGCAATG_004,2
GGAAACACTTACCGGCAATG_005,60
GGAAACACTTACCGGCAATG_006,197
CACACGCCTAAACCATCAGT_001,181
CACACGCCTAAACCATCAGT_002,6
CACACGCCTAAACCATCAGT_003,161
CACACGCCTAAACCATCAGT_004,140
CACACGCCTAAACCATCAGT_005,181
CACACGCCTAAACCATCAGT_006,144
CACACGCCTAAACCATCAGT_007,81
CACACGCCTAAACCATCAGT_008,12
CACACGCCTAAACCATCAGT_009,81
CACACGCCTAAACCATCAGT_010,9
CACACGCCTAAACCATCAGT_011,21
CACACGCCTAAACCATCAGT_012,195
CACACGCCTAAACCATCAGT_013,94
CACACGCCTAAACCATCAGT_014,87
CACACGCCTAAACCATCAGT_015,87
CACACGCCTAAACCATCAGT_016,166
CACACGCCTAAACCATCAGT_017,188
CACACGCCTAAACCATCAGT_018,198
CACACGCCTAAACCATCAGT_019,175
CACACGCCTAAACCATCAGT_020,166
CACACGCCTAAACCATCAGT_021,69
CACACGCCTAAACCATCAGT_022,147
CTGAATCCCACATCCAGTGA_001,57
CTGAATCCCACATCCAGTGA_002,70
CTGAATCCCACATCCAGTGA_003,19
GGGAAACAAGTCTGACCTAG_001,55
GGGAAACAAGTCTGACCTAG_002,24
GGGAAACAAGTCTGACCTAG_003,20
GGGAAACAAGTCTGACCTAG_004,40
GGGAAACAAGTCTGACCTAG_005,48
ACTTGGAGCTTTATGCCGAG_001,55
ACTTGGAGCTTTATGCCGAG_002,134
ACTTGGAGCTTTATGCCGAG_003,60
ACTTGGAGCTTTATGCCGAG_004,166
ACTTGGAGCTTTATGCCGAG_005,190
ACTTGGAGCTTTATGCCGAG_006,78
ACTTGGAGCTTTATGCCGAG_007,69
ACTTGGAGCTTTATGCCGAG_008,28
ACTTGGAGCTTTATGCCGAG_009,152
ACTTGGAGCTTTATGCCGAG_010,86
GAATTTCACACTGTATCGAG_001,8
GAATTTCACACTGTATCGAG_002,102
GAATTTCACACTGTATCGAG_003,17
GAATTTCACACTGTATCGAG_004,9
GAATTTCACACTGTATCGAG_005,190
ACACCATCGGGGTTCAACAT_001,110
ACACCATCGGGGTTCAACAT_002,181
ACACCATCGGGGTTCAACAT_003,98
ACACCATCGGGGTTCAACAT_004,31
ACACCATCGGGGTTCAACAT_005,61
ACACCATCGGGGTTCAACAT_006,120
ACACCATCGGGGTTCAACAT_007,162
ACACCATCGGGGTTCAACAT_008,17
ACACCATCGGGGTTCAACAT_009,180
ACACCATCGGGGTTCAACAT_010,69
ACACCATCGGGGTTCAACAT_011,50
ATCCGACCAGACTGGCTACG_001,50
ATCCGACCAGACTGGCTACG_002,130
ATCCGACCAGACTGGCTACG_003,23
ATCCGACCAGACTGGCTACG_004,125
ATCCGACCAGACTGGCTACG_005,172
ATCCGACCAGACTGGCTACG_006,106
ATCCGACCAGACTGGCTACG_007,188
ATCCGACCAGACTGGCTACG_008,199
ATCCGACCAGACTGGCTACG_009,23
ATCCGACCAGACTGGCTACG_010,27
ATCCGACCAGACTGGCTACG_011,28
ATCCGACCAGACTGGCTACG_012,37
ATCCGACCAGACTGGCTACG_013,69
ATCCGACCAGACTGGCTACG_014,2
ATCCGACCAGACTGGCTACG_015,101
GGGCTGACAGCGCTTACCCG_001,81
GGGCTGACAGCGCTTACCCG_002,154
GGGCTGACAGCGCTTACCCG_003,132
GGGCTGACAGCGCTTACCCG_004,164
GGGCTGACAGCGCTTACCCG_005,23
GGGCTGACAGCGCTTACCCG_006,111
GGGCTGACAGCGCTTACCCG_007,63
GGGCTGACAGCGCTTACCCG_008,29
GGGCTGACAGCGCTTACCCG_009,162
GGGCTGACAGCGCTTACCCG_010,166
GGGCTGACAGCGCTTACCCG_011,40
GGGCTGACAGCGCTTACCCG_012,32
GGGCTGACAGCGCTTACCCG_013,44
TGGCCGCGGTCATCACGAAG_001,5
TGGCCGCGGTCATCACGAAG_002,45
TGGCCGCGGTCATCACGAAG_003,94
TGGCCGCGGTCATCACGAAG_004,27
TGGCCGCGGTCATCACGAAG_005,40
TGGCCGCGGTCATCACGAAG_006,46
TTCCTCAATCAACTTACGAG_001,23
TTCCTCAATCAACTTACGAG_002,103
TTCCTCAATCAACTTACGAG_003,63
TTCCTCAATCAACTTACGAG_004,175
TTCCTCAATCAACTTACGAG_005,78
TTCCTCAATCAACTTACGAG_006,49
TTCCTCAATCAACTTACGAG_007,118
TTCCTCAATCAACTTACGAG_008,115
TTCCTCAATCAACTTACGAG_009,84
TTCCTCAATCAACTTACGAG_010,19
TTCCTCAATCAACTTACGAG_011,147
TTCCTCAATCAACTTACGAG_012,26
TTCCTCAATCAACTTACGAG_013,36
TTCCTCAATCAACTTACGAG_014,68
AACAGGATGACACAACAGAA_001,58
AACAGGATGACACAACAGAA_002,119
AACAGGATGACACAACAGAA_003,166
AACAGGATGACACAACAGAA_004,144
AACAGGATGACACAACAGAA_005,158
AACAGGATGACACAACAGAA_006,84
AACAGGATGACACAACAGAA_007,75
AACAGGATGACACAACAGAA_008,55
AACAGGATGACACAACAGAA_009,58
AACAGGATGACACAACAGAA_010,49
AACAGGATGACACAACAGAA_011,126
CTTGGAGCGGAATCATCGTC_001,157
CTTGGAGCGGAATCATCGTC_002,62
CTTGGAGCGGAATCATCGTC_003,159
CTTGGAGCGGAATCATCGTC_004,81
CTTGGAGCGGAATCATCGTC_005,17
CTTGGAGCGGAATCATCGTC_006,145
CTTGGAGCGGAATCATCGTC_007,155
CTTGGAGCGGAATCATCGTC_008,177
CTTGGAGCGGAATCATCGTC_009,169
CTTGGAGCGGAATCATCGTC_010,9
CTTGGAGCGGAATCATCGTC_011,51
CTTGGAGCGGAATCATCGTC_012,170
CTTGGAGCGGAATCATCGTC_013,186
CTTGGAGCGGAATCATCGTC_014,154
CTTGGAGCGGAATCATCGTC_015,185
CTTGGAGCGGAATCATCGTC_016,155
CTTGGAGCGGAATCATCGTC_017,63
CTGATGACAGGAGCCTTTCG_001,48
GCTGAAATACGGTGATGCCT_001,53
GCTGAAATACGGTGATGCCT_002,150
GCTGAAATACGGTGATGCCT_003,103
GCTGAAATACGGTGATGCCT_004,81
GCTGAAATACGGTGATGCCT_005,11
GCTGAAATACGGTGATGCCT_006,81
GCTGAAATACGGTGATGCCT_007,147
TACCAAGTCAGCTTTCTCGG_001,183
TACCAAGTCAGCTTTCTCGG_002,82
TACCAAGTCAGCTTTCTCGG_003,150
TACCAAGTCAGCTTTCTCGG_004,161
TACCAAGTCAGCTTTCTCGG_005,191
TACCAAGTCAGCTTTCTCGG_006,138
TACCAAGTCAGCTTTCTCGG_007,146
TACCAAGTCAGCTTTCTCGG_008,85
TACCAAGTCAGCTTTCTCGG_009,94
TACCAAGTCAGCTTTCTCGG_010,160
TACCAAGTCAGCTTTCTCGG_011,81
TACCAAGTCAGCTTTCTCGG_012,188
TACCAAGTCAGCTTTCTCGG_013,36
TACCAAGTCAGCTTTCTCGG_014,103
TACCAAGTCAGCTTTCTCGG_015,105
TACCAAGTCAGCTTTCTCGG_016,102
TACCAAGTCAGCTTTCTCGG_017,181
TACCAAGTCAGCTTTCTCGG_018,150
TACCAAGTCAGCTTTCTCGG_019,124
TACCAAGTCAGCTTTCTCGG_020,19
TACCAAGTCAGCTTTCTCGG_021,61
TACCAAGTCAGCTTTCTCGG_022,78
TACCAAGTCAGCTTTCTCGG_023,191
ACCCAATATGCGAACCACCA_001,133
ACCCAATATGCGAACCACCA_002,82
ACCCAATATGCGAACCACCA_003,110
ACCCAATATGCGAACCACCA_004,162
ACCCAATATGCGAACCACCA_005,134
AGAAAACACCAGTAGTGCCT_001,12
AGAAAACACCAGTAGTGCCT_002,193
AGAAAACACCAGTAGTGCCT_003,31
AGAAAACACCAGTAGTGCCT_004,179
CGAGGTGCTGCCCCAATACG_001,184
CGAGGTGCTGCCCCAATACG_002,127
CGAGGTGCTGCCCCAATACG_003,2
CGAGGTGCTGCCCCAATACG_004,96
CGAGGTGCTGCCCCAATACG_005,40
CGAGGTGCTGCCCCAATACG_006,173
CGAGGTGCTGCCCCAATACG_007,173
CGAGGTGCTGCCCCAATACG_008,114
CGAGGTGCTGCCCCAATACG_009,32
CTAACATCAAGCGTGCAATG_001,53
CTAACATCAAGCGTGCAATG_002,62
CTAACATCAAGCGTGCAATG_003,188
CTAACATCAAGCGTGCAATG_004,116
CTAACATCAAGCGTGCAATG_005,20
CTAACATCAAGCGTGCAATG_006,41
CTAACATCAAGCGTGCAATG_007,6
CTAACATCAAGCGTGCAATG_008,181
CTAACATCAAGCGTGCAATG_009,149
CTAACATCAAGCGTGCAATG_010,40
CTAACATCAAGCGTGCAATG_011,58
CCACCTTACCTGGTTCAGTG_001,127
CCACCTTACCTGGTTCAGTG_002,142
CCACCTTACCTGGTTCAGTG_003,153
CCACCTTACCTGGTTCAGTG_004,127
CCACCTTACCTGGTTCAGTG_005,124
CCACCTTACCTGGTTCAGTG_006,81
CCACCTTACCTGGTTCAGTG_007,45
CCACCTTACCTGGTTCAGTG_008,176
CCACCTTACCTGGTTCAGTG_009,165
GACCCCAGCCAAGAGCATGA_001,119
GACCCCAGCCAAGAGCATGA_002,27
GACCCCAGCCAAGAGCATGA_003,133
GACCCCAGCCAAGAGCATGA_004,68
GACCCCAGCCAAGAGCATGA_005,147
GACCCCAGCCAAGAGCATGA_006,60
GACCCCAGCCAAGAGCATGA_007,148
AAGCCGGGCTATGTGTCCCG_001,169
AAGCCGGGCTATGTGTCCCG_002,97
AAGCCGGGCTATGTGTCCCG_003,64
TGTAATCCAAGATGTTATTG_001,138
GCCGTGTGAGAGTACCTGAG_001,36
GCCGTGTGAGAGTACCTGAG_002,35
GCCGTGTGAGAGTACCTGAG_003,49
GCCGTGTGAGAGTACCTGAG_004,6
GCCGTGTGAGAGTACCTGAG_005,124
GCCGTGTGAGAGTACCTGAG_006,108
GGGGATGATTGAGTCTAACA_001,184
CCCGCGTAGAAAGCAATGCG_001,24
CCCGCGTAGAAAGCAATGCG_002,8
CCCGCGTAGAAAGCAATGCG_003,63
CCCGCGTAGAAAGCAATGCG_004,50
CCCGCGTAGAAAGCAATGCG_005,127
CCCGCGTAGAAAGCAATGCG_006,62
CCCGCGTAGAAAGCAATGCG_007,13
CCCGCGTAGAAAGCAATGCG_008,34
CCCGCGTAGAAAGCAATGCG_009,188
CCCGCGTAGAAAGCAATGCG_010,188
CCCGCGTAGAAAGCAATGCG_011,3
GGTGTCCAGGAATCCAGTGC_001,49
GGTGTCCAGGAATCCAGTGC_002,141
GGTGTCCAGGAATCCAGTGC_003,138
GGTGTCCAGGAATCCAGTGC_004,88
GGTGTCCAGGAATCCAGTGC_005,194
GGTGTCCAGGAATCCAGTGC_006,75
GGTGTCCAGGAATCCAGTGC_007,23
GGTGTCCAGGAATCCAGTGC_008,56
GGTGTCCAGGAATCCAGTGC_009,128
GGTGTCCAGGAATCCAGTGC_010,85
GGTGTCCAGGAATCCAGTGC_011,108
GGTTTGGAAACGGCAAGACC_001,77
GGTTTGGAAACGGCAAGACC_002,32
GGTTTGGAAACGGCAAGACC_003,194
GGTTTGGAAACGGCAAGACC_004,17
GGTTTGGAAACGGCAAGACC_005,150
GGTTTGGAAACGGCAAGACC_006,98
GGTTTGGAAACGGCAAGACC_007,16
GGTTTGGAAACGGCAAGACC_008,160
GGTTTGGAAACGGCAAGACC_009,175
GGTTTGGAAACGGCAAGACC_010,171
GAGGATCCCGTGCACGAGTG_001,29
GAGGATCCCGTGCACGAGTG_002,41
GAGGATCCCGTGCACGAGTG_003,140
GAGGATCCCGTGCACGAGTG_004,130
GAGGATCCCGTGCACGAGTG_005,133
GAGGATCCCGTGCACGAGTG_006,197
GAGGATCCCGTGCACGAGTG_007,88
GAGGATCCCGTGCACGAGTG_008,198
GAGGATCCCGTGCACGAGTG_009,76
GAGGATCCCGTGCACGAGTG_010,9
CCAAGTCTGCAATCTTACCA_001,103
CCAAGTCTGCAATCTTACCA_002,76
CCAAGTCTGCAATCTTACCA_003,69
CCAAGTCTGCAATCTTACCA_004,82
CCAAGTCTGCAATCTTACCA_005,75
TGTTGACCAGACCTACTCAG_001,150
TGTTGACCAGACCTACTCAG_002,119
TGTTGACCAGACCTACTCAG_003,150
TGTTGACCAGACCTACTCAG_004,62
TGTTGACCAGACCTACTCAG_005,102
TGTTGACCAGACCTACTCAG_006,7
TGTTGACCAGACCTACTCAG_007,196
TGTTGACCAGACCTACTCAG_008,4
TGTTGACCAGACCTACTCAG_009,99
TGTTGACCAGACCTACTCAG_010,121
GAAATTGCTCCATGATGGAA_001,65
GAAATTGCTCCATGATGGAA_002,61
GAAATTGCTCCATGATGGAA_003,179
TTGTGGCAACCTATTAGAAG_001,107
TTGTGGCAACCTATTAGAAG_002,61
CAGGATAGCGGGTGACGGTC_001,29
CAGGATAGCGGGTGACGGTC_002,3
CAGGATAGCGGGTGACGGTC_003,143
CAGGATAGCGGGTGACGGTC_004,86
CAGGATAGCGGGTGACGGTC_005,197
CAGGATAGCGGGTGACGGTC_006,74
CAGGATAGCGGGTGACGGTC_007,103
CAGGATAGCGGGTGACGGTC_008,3
CAGGATAGCGGGTGACGGTC_009,9
CAGGATAGCGGGTGACGGTC_010,184
CAGGATAGCGGGTGACGGTC_011,176
TCTGTGAAGAAGCCTCCGAG_001,17
TCTGTGAAGAAGCCTCCGAG_002,93
TCTGTGAAGAAGCCTCCGAG_003,174
TCTGTGAAGAAGCCTCCGAG_004,147
TCTGTGAAGAAGCCTCCGAG_005,71
TCTGTGAAGAAGCCTCCGAG_006,90
CTCCAGCAGCAAGTACACTG_001,3
CTCCAGCAGCAAGTACACTG_002,35
CTCCAGCAGCAAGTACACTG_003,27
CTCCAGCAGCAAGTACACTG_004,56
CTCCAGCAGCAAGTACACTG_005,147
CTCCAGCAGCAAGTACACTG_006,123
CTCCAGCAGCAAGTACACTG_007,117
CTCCAGCAGCAAGTACACTG_008,109
CTCCAGCAGCAAGTACACTG_009,77
CTCCAGCAGCAAGTACACTG_010,33
AGCTTCGAAAAACAGGCATG_001,144
AGCTTCGAAAAACAGGCATG_002,169
AGCTTCGAAAAACAGGCATG_003,191
AGCTTCGAAAAACAGGCATG_004,15
AGCTTCGAAAAACAGGCATG_005,63
AGCTTCGAAAAACAGGCATG_006,105
AGCTTCGAAAAACAGGCATG_007,171
AGCTTCGAAAAACAGGCATG_008,170
AGCTTCGAAAAACAGGCATG_009,52
AGCTTCGAAAAACAGGCATG_010,127
AGCTTCGAAAAACAGGCATG_011,81
AGCTTCGAAAAACAGGCATG_012,15
AGCTTCGAAAAACAGGCATG_013,133
AGCTTCGAAAAACAGGCATG_014,120
AGCTTCGAAAAACAGGCATG_015,194
AGCTTCGAAAAACAGGCATG_016,158
AGCTTCGAAAAACAGGCATG_017,88
AGCTTCGAAAAACAGGCATG_018,63
AGCTTCGAAAAACAGGCATG_019,188
AGCTTCGAAAAACAGGCATG_020,175
AGCTTCGAAAAACAGGCATG_021,155
AGCTTCGAAAAACAGGCATG_022,23
AGCTTCGAAAAACAGGCATG_023,46
AGCTTCGAAAAACAGGCATG_024,2
AGCTTCGAAAAACAGGCATG_025,123
AGCTTCGAAAAACAGGCATG_026,46
AGCTTCGAAAAACAGGCATG_027,81
AGCTTCGAAAAACAGGCATG_028,10
AGCTTCGAAAAACAGGCATG_029,62
AGCTTCGAAAAACAGGCATG_030,114
AGCTTCGAAAAACAGGCATG_031,33
AGCTTCGAAAAACAGGCATG_032,188
AGCTTCGAAAAACAGGCATG_033,63
TCCCGTAAAACAGTTCCCTA_001,199
TCCCGTAAAACAGTTCCCTA_002,150
TCCCGTAAAACAGTTCCCTA_003,127
TCCCGTAAAACAGTTCCCTA_004,94
TCCCGTAAAACAGTTCCCTA_005,9
TCCCGTAAAACAGTTCCCTA_006,162
TCCCGTAAAACAGTTCCCTA_007,121
TCCCGTAAAACAGTTCCCTA_008,122
TCCCGTAAAACAGTTCCCTA_009,96
TCCCGTAAAACAGTTCCCTA_010,65
TCCCGTAAAACAGTTCCCTA_011,106
TCCCGTAAAACAGTTCCCTA_012,188
TCCCGTAAAACAGTTCCCTA_013,58
TCCCGTAAAACAGTTCCCTA_014,148
TCCCGTAAAACAGTTCCCTA_015,29
TCCCGTAAAACAGTTCCCTA_016,199
TCCCGTAAAACAGTTCCCTA_017,81
TCCCGTAAAACAGTTCCCTA_018,183
TCCCGTAAAACAGTTCCCTA_019,39
TCCCGTAAAACAGTTCCCTA_020,138
TCCCGTAAAACAGTTCCCTA_021,64
TCCCGTAAAACAGTTCCCTA_022,83
ACCCGCACCTACGACGGCGA_001,15
ACCCGCACCTACGACGGCGA_002,158
ACCCGCACCTACGACGGCGA_003,182
ACCCGCACCTACGACGGCGA_004,183
ACCCGCACCTACGACGGCGA_005,196
ACCCGCACCTACGACGGCGA_006,140
ACCCGCACCTACGACGGCGA_007,142
ACCCGCACCTACGACGGCGA_008,185
ACCCGCACCTACGACGGCGA_009,125
ACCCGCACCTACGACGGCGA_010,109
ACCCGCACCTACGACGGCGA_011,57
ACCCGCACCTACGACGGCGA_012,28
ACCCGCACCTACGACGGCGA_013,46
ACCCGCACCTACGACGGCGA_014,31
GTTCAGCAACCCTCTACACC_001,49
GTTCAGCAACCCTCTACACC_002,118
GTTCAGCAACCCTCTACACC_003,119
GTTCAGCAACCCTCTACACC_004,182
GTTCAGCAACCCTCTACACC_005,29
GTTCAGCAACCCTCTACACC_006,104
GTTCAGCAACCCTCTACACC_007,188
GTTCAGCAACCCTCTACACC_008,50
GTTCAGCAACCCTCTACACC_009,81
GTTCAGCAACCCTCTACACC_010,22
GTTCAGCAACCCTCTACACC_011,98
GTTCAGCAACCCTCTACACC_012,138
GTTCAGCAACCCTCTACACC_013,124
GTTCAGCAACCCTCTACACC_014,74
GTTCAGCAACCCTCTACACC_015,4
CTACCCTACGAGGACAAGCA_001,190
CTACCCTACGAGGACAAGCA_002,138
CTACCCTACGAGGACAAGCA_003,64
CTACCCTACGAGGACAAGCA_004,103
CTACCCTACGAGGACAAGCA_005,169
CTACCCTACGAGGACAAGCA_006,188
CTACCCTACGAGGACAAGCA_007,86
CTACCCTACGAGGACAAGCA_008,6
CTACCCTACGAGGACAAGCA_009,178
CTACCCTACGAGGACAAGCA_010,17
CTACCCTACGAGGACAAGCA_011,13
CAAAAAGTTAGAGCTACAAG_001,176
CAAAAAGTTAGAGCTACAAG_002,75
CAAAAAGTTAGAGCTACAAG_003,163
CAAAAAGTTAGAGCTACAAG_004,138
CAAAAAGTTAGAGCTACAAG_005,29
CAAAAAGTTAGAGCTACAAG_006,94
CAAAAAGTTAGAGCTACAAG_007,28
CAAAAAGTTAGAGCTACAAG_008,76
CAAAAAGTTAGAGCTACAAG_009,139
CTGAGTTGTATGGCCATCAG_001,183
CTCCCCTGTTTCAGAGATGC_001,172
CTCCCCTGTTTCAGAGATGC_002,98
CTCCCCTGTTTCAGAGATGC_003,70
CTCCCCTGTTTCAGAGATGC_004,139
CTCCCCTGTTTCAGAGATGC_005,1
CTCCCCTGTTTCAGAGATGC_006,16
CTCCCCTGTTTCAGAGATGC_007,96
CTCCCCTGTTTCAGAGATGC_008,167
CTCCCCTGTTTCAGAGATGC_009,167
CTCCCCTGTTTCAGAGATGC_010,2
CTCCCCTGTTTCAGAGATGC_011,2
GCAAGACGCCGACGAGCCCG_001,130
GCAAGACGCCGACGAGCCCG_002,137
GCAAGACGCCGACGAGCCCG_003,145
GCAAGACGCCGACGAGCCCG_004,16
GCAAGACGCCGACGAGCCCG_005,146
GCAAGACGCCGACGAGCCCG_006,42
GCAAGACGCCGACGAGCCCG_007,128
GCAAGACGCCGACGAGCCCG_008,130
GCCAGCTCTATGGAGACACA_001,90
GCCAGCTCTATGGAGACACA_002,41
GCCAGCTCTATGGAGACACA_003,132
GCCAGCTCTATGGAGACACA_004,8
GAGAGGGCATAGTAGGCATG_001,29
GAGAGGGCATAGTAGGCATG_002,49
GAGAGGGCATAGTAGGCATG_003,35
GAGAGGGCATAGTAGGCATG_004,152
GAGAGGGCATAGTAGGCATG_005,13
CGAACTGAAGCGCATCGTCG_001,95
CGAACTGAAGCGCATCGTCG_002,127
CGAACTGAAGCGCATCGTCG_003,140
AACATGCTAGGATTCCTTGG_001,18
AACATGCTAGGATTCCTTGG_002,142
AACATGCTAGGATTCCTTGG_003,37
AACATGCTAGGATTCCTTGG_004,43
AACATGCTAGGATTCCTTGG_005,99
AACATGCTAGGATTCCTTGG_006,188
AACATGCTAGGATTCCTTGG_007,9
AACATGCTAGGATTCCTTGG_008,115
AACATGCTAGGATTCCTTGG_009,19
AGAATGCGAGGGAAAGAGAG_001,63
AGAATGCGAGGGAAAGAGAG_002,71
AGAATGCGAGGGAAAGAGAG_003,174
AGAATGCGAGGGAAAGAGAG_004,41
AGAATGCGAGGGAAAGAGAG_005,105
AGGAGCTGGAAACACAACTG_001,77
AGGAGCTGGAAACACAACTG_002,130
AGGAGCTGGAAACACAACTG_003,148
AGGAGCTGGAAACACAACTG_004,168
AGGAGCTGGAAACACAACTG_005,28
AGGAGCTGGAAACACAACTG_006,74
AGGAGCTGGAAACACAACTG_007,94
AGTGGACCGCATGGTGCTTG_001,19
AGTGGACCGCATGGTGCTTG_002,166
AGTGGACCGCATGGTGCTTG_003,54
AGTGGACCGCATGGTGCTTG_004,130
AGTGGACCGCATGGTGCTTG_005,58
AGTGGACCGCATGGTGCTTG_006,155
AGTGGACCGCATGGTGCTTG_007,41
AGTGGACCGCATGGTGCTTG_008,191
AGTGGACCGCATGGTGCTTG_009,51
AGTGGACCGCATGGTGCTTG_010,147
AGTGGACCGCATGGTGCTTG_011,68
AGTGGACCGCATGGTGCTTG_012,60
AGTGGACCGCATGGTGCTTG_013,98
AGTGGACCGCATGGTGCTTG_014,28
AGTGGACCGCATGGTGCTTG_015,198
AGTGGACCGCATGGTGCTTG_016,142
AGTGGACCGCATGGTGCTTG_017,122
AGTGGACCGCATGGTGCTTG_018,94
AGTGGACCGCATGGTGCTTG_019,136
AGTGGACCGCATGGTGCTTG_020,34
AGTGGACCGCATGGTGCTTG_021,26
AGTGGACCGCATGGTGCTTG_022,158
GCTCCTCCAGTGCAGACTCT_001,92
GCTCCTCCAGTGCAGACTCT_002,104
GCTCCTCCAGTGCAGACTCT_003,8
GCTCCTCCAGTGCAGACTCT_004,103
GCTCCTCCAGTGCAGACTCT_005,18
GCTCCTCCAGTGCAGACTCT_006,17
GCTCCTCCAGTGCAGACTCT_007,45
GCTCCTCCAGTGCAGACTCT_008,121
GCTCCTCCAGTGCAGACTCT_009,9
GCTCCTCCAGTGCAGACTCT_010,140
TCAGCAAACTCGTGAGACTG_001,127
TCAGCAAACTCGTGAGACTG_002,169
TCAGCAAACTCGTGAGACTG_003,68
TCAGCAAACTCGTGAGACTG_004,32
TCAGCAAACTCGTGAGACTG_005,73
TCAGCAAACTCGTGAGACTG_006,118
TCAGCAAACTCGTGAGACTG_007,53
TCAGCAAACTCGTGAGACTG_008,138
TCAGCAAACTCGTGAGACTG_009,168
TCAGCAAACTCGTGAGACTG_010,36
TCAGCAAACTCGTGAGACTG_011,61
TCAGCAAACTCGTGAGACTG_012,119
TCAGCAAACTCGTGAGACTG_013,27
TCAGCAAACTCGTGAGACTG_014,64
TCAGCAAACTCGTGAGACTG_015,103
TCAGCAAACTCGTGAGACTG_016,187
TCAGCAAACTCGTGAGACTG_017,28
TCAGCAAACTCGTGAGACTG_018,124
TCAGCAAACTCGTGAGACTG_019,124
TCAGCAAACTCGTGAGACTG_020,146
ATATCCCGAATAATTCCAGG_001,160
ATATCCCGAATAATTCCAGG_002,198
ATATCCCGAATAATTCCAGG_003,163
ATATCCCGAATAATTCCAGG_004,38
ATATCCCGAATAATTCCAGG_005,46
ATATCCCGAATAATTCCAGG_006,168
ATATCCCGAATAATTCCAGG_007,132
TGATCTCAGAAGCAACAGCT_001,33
TGATCTCAGAAGCAACAGCT_002,105
TGATCTCAGAAGCAACAGCT_003,187
TGATCTCAGAAGCAACAGCT_004,170
TGATCTCAGAAGCAACAGCT_005,190
TGATCTCAGAAGCAACAGCT_006,185
TGATCTCAGAAGCAACAGCT_007,91
TGATCTCAGAAGCAACAGCT_008,171
TGATCTCAGAAGCAACAGCT_009,58
TGATCTCAGAAGCAACAGCT_010,26
TGATCTCAGAAGCAACAGCT_011,56
TGATCTCAGAAGCAACAGCT_012,132
TGATCTCAGAAGCAACAGCT_013,11
TGATCTCAGAAGCAACAGCT_014,3
CATGTGACTTCAAATGCAGG_001,54
CATGTGACTTCAAATGCAGG_002,62
CATGTGACTTCAAATGCAGG_003,48
CATGTGACTTCAAATGCAGG_004,66
CATGTGACTTCAAATGCAGG_005,33
CATGTGACTTCAAATGCAGG_006,6
CATGTGACTTCAAATGCAGG_007,6
CATGTGACTTCAAATGCAGG_008,47
CATGTGACTTCAAATGCAGG_009,151
CATGTGACTTCAAATGCAGG_010,125
CATGTGACTTCAAATGCAGG_011,97
CATGTGACTTCAAATGCAGG_012,108
CATGTGACTTCAAATGCAGG_013,48
CATGTGACTTCAAATGCAGG_014,62
CATGTGACTTCAAATGCAGG_015,147
CATGTGACTTCAAATGCAGG_016,126
CATGTGACTTCAAATGCAGG_017,184
CATGTGACTTCAAATGCAGG_018,57
GTTGTCCATTGACAGGACGA_001,3
GTTGTCCATTGACAGGACGA_002,59
GTTGTCCATTGACAGGACGA_003,26
GTTGTCCATTGACAGGACGA_004,62
GTTGTCCATTGACAGGACGA_005,88
GTTGTCCATTGACAGGACGA_006,169
GTTGTCCATTGACAGGACGA_007,23
GTTGTCCATTGACAGGACGA_008,23
GTTGTCCATTGACAGGACGA_009,93
GTTGTCCATTGACAGGACGA_010,179
GTTGTCCATTGACAGGACGA_011,150
GTTGTCCATTGACAGGACGA_012,160
GTTGTCCATTGACAGGACGA_013,159
GTTGTCCATTGACAGGACGA_014,114
GTTGTCCATTGACAGGACGA_015,197
GCATCCAAGTTTGCCATAAG_001,94
GCATCCAAGTTTGCCATAAG_002,41
GCATCCAAGTTTGCCATAAG_003,147
GCATCCAAGTTTGCCATAAG_004,11
GCATCCAAGTTTGCCATAAG_005,184
GCATCCAAGTTTGCCATAAG_006,37
GCATCCAAGTTTGCCATAAG_007,66
GCATCCAAGTTTGCCATAAG_008,68
GTATATCAAGAGACCAATGG_001,180
GTATATCAAGAGACCAATGG_002,160
GTATATCAAGAGACCAATGG_003,66
GTATATCAAGAGACCAATGG_004,197
CCATACGAACCGAATAGATG_001,130
CCATACGAACCGAATAGATG_002,62
CCATACGAACCGAATAGATG_003,174
AATTCATGTGCCAAGTCTCA_001,162
ACACTGTCCAGGACAACCTG_001,150
ACACTGTCCAGGACAACCTG_002,46
ACACTGTCCAGGACAACCTG_003,188
ACACTGTCCAGGACAACCTG_004,94
ACACTGTCCAGGACAACCTG_005,172
ACACTGTCCAGGACAACCTG_006,50
ACACTGTCCAGGACAACCTG_007,104
ACACTGTCCAGGACAACCTG_008,147
ACACTGTCCAGGACAACCTG_009,112
ACACTGTCCAGGACAACCTG_010,148
ACACTGTCCAGGACAACCTG_011,78
ACACTGTCCAGGACAACCTG_012,80
ACACTGTCCAGGACAACCTG_013,120
ACACTGTCCAGGACAACCTG_014,16
ACACTGTCCAGGACAACCTG_015,138
ACACTGTCCAGGACAACCTG_016,18
ACACTGTCCAGGACAACCTG_017,177
ACACTGTCCAGGACAACCTG_018,2
ACACTGTCCAGGACAACCTG_019,89
ACACTGTCCAGGACAACCTG_020,148
ACACTGTCCAGGACAACCTG_021,185
ACACTGTCCAGGACAACCTG_022,76
ACACTGTCCAGGACAACCTG_023,7
ACACTGTCCAGGACAACCTG_024,79
ACACTGTCCAGGACAACCTG_025,110
ACACTGTCCAGGACAACCTG_026,117
ACACTGTCCAGGACAACCTG_027,163
ACACTGTCCAGGACAACCTG_028,107
ACACTGTCCAGGACAACCTG_029,117
ACACTGTCCAGGACAACCTG_030,48
ACACTGTCCAGGACAACCTG_031,197
ACACTGTCCAGGACAACCTG_032,10
ACACTGTCCAGGACAACCTG_033,189
ATTATGCCAACGCACATCCA_001,62
ATTATGCCAACGCACATCCA_002,84
ATTATGCCAACGCACATCCA_003,155
ATTATGCCAACGCACATCCA_004,69
ATTATGCCAACGCACATCCA_005,168
ATTATGCCAACGCACATCCA_006,149
ATTATGCCAACGCACATCCA_007,148
ATTATGCCAACGCACATCCA_008,141
ATTATGCCAACGCACATCCA_009,177
ATTATGCCAACGCACATCCA_010,59
ATTATGCCAACGCACATCCA_011,147
ATTATGCCAACGCACATCCA_012,98
ATTATGCCAACGCACATCCA_013,199
ATTATGCCAACGCACATCCA_014,142
ATTATGCCAACGCACATCCA_015,142
ATTATGCCAACGCACATCCA_016,62
ATTATGCCAACGCACATCCA_017,127
ATTATGCCAACGCACATCCA_018,121
ATTATGCCAACGCACATCCA_019,28
ATTATGCCAACGCACATCCA_020,150
CAGATCGGGGTCCTCCATCG_001,107
CAGATCGGGGTCCTCCATCG_002,84
CAGATCGGGGTCCTCCATCG_003,62
CAGATCGGGGTCCTCCATCG_004,164
CAGATCGGGGTCCTCCATCG_005,102
CAGATCGGGGTCCTCCATCG_006,84
CAGATCGGGGTCCTCCATCG_007,137
CAGATCGGGGTCCTCCATCG_008,9
CAGATCGGGGTCCTCCATCG_009,58
CAGATCGGGGTCCTCCATCG_010,188
CAGATCGGGGTCCTCCATCG_011,12
CAGATCGGGGTCCTCCATCG_012,32
CAGATCGGGGTCCTCCATCG_013,7
CAGATCGGGGTCCTCCATCG_014,137
CAGATCGGGGTCCTCCATCG_015,116
CAGATCGGGGTCCTCCATCG_016,30
CAGATCGGGGTCCTCCATCG_017,28
CAGATCGGGGTCCTCCATCG_018,83
CAGATCGGGGTCCTCCATCG_019,2
CAGATCGGGGTCCTCCATCG_020,199
CAGATCGGGGTCCTCCATCG_021,125
CAGATCGGGGTCCTCCATCG_022,47
CAGATCGGGGTCCTCCATCG_023,148
CAGATCGGGGTCCTCCATCG_024,132
CAGATCGGGGTCCTCCATCG_025,77
CAGATCGGGGTCCTCCATCG_026,110
CGTGGCCGGAACCGTCATAG_001,6
CGTGGCCGGAACCGTCATAG_002,97
CGTGGCCGGAACCGTCATAG_003,10
CGTGGCCGGAACCGTCATAG_004,116
CGTGGCCGGAACCGTCATAG_005,130
CGTGGCCGGAACCGTCATAG_006,44
CGTGGCCGGAACCGTCATAG_007,151
CGTGGCCGGAACCGTCATAG_008,144
CGTGGCCGGAACCGTCATAG_009,94
CGTGGCCGGAACCGTCATAG_010,141
CGTGGCCGGAACCGTCATAG_011,15
CGTGGCCGGAACCGTCATAG_012,184
CGTGGCCGGAACCGTCATAG_013,164
CGTGGCCGGAACCGTCATAG_014,61
CGTGGCCGGAACCGTCATAG_015,126
CGTGGCCGGAACCGTCATAG_016,89
CGTGGCCGGAACCGTCATAG_017,194
CGTGGCCGGAACCGTCATAG_018,17
CGTGGCCGGAACCGTCATAG_019,130
CGTGGCCGGAACCGTCATAG_020,17
CGTGGCCGGAACCGTCATAG_021,65
CGTGGCCGGAACCGTCATAG_022,2
CGTGGCCGGAACCGTCATAG_023,184
GTCATACAACACTGCCAGGT_001,41
GTCATACAACACTGCCAGGT_002,18
GTCATACAACACTGCCAGGT_003,4
GGATTGGAATAAGACTCCAA_001,194
GGATTGGAATAAGACTCCAA_002,115
GGATTGGAATAAGACTCCAA_003,113
GGATTGGAATAAGACTCCAA_004,18
GGATTGGAATAAGACTCCAA_005,185
ACTGAAATCTGTAAGCAGGT_001,144
ACTGAAATCTGTAAGCAGGT_002,170
ACTGAAATCTGTAAGCAGGT_003,147
ACTGAAATCTGTAAGCAGGT_004,114
ACTGAAATCTGTAAGCAGGT_005,182
ACTGAAATCTGTAAGCAGGT_006,168
ACTGAAATCTGTAAGCAGGT_007,197
ACTGAAATCTGTAAGCAGGT_008,56
ACTGAAATCTGTAAGCAGGT_009,199
ACTGAAATCTGTAAGCAGGT_010,6
ACTGAAATCTGTAAGCAGGT_011,58
ACTGAAATCTGTAAGCAGGT_012,88
ACTGAAATCTGTAAGCAGGT_013,38
ACTGAAATCTGTAAGCAGGT_014,58
ACTGAAATCTGTAAGCAGGT_015,123
ACTGAAATCTGTAAGCAGGT_016,116
GGAGCCTGGGCGCGGACGAG_001,121
GGAGCCTGGGCGCGGACGAG_002,17
GGAGCCTGGGCGCGGACGAG_003,48
GGAGCCTGGGCGCGGACGAG_004,12
GGAGCCTGGGCGCGGACGAG_005,127
GGAGCCTGGGCGCGGACGAG_006,170
GGAGCCTGGGCGCGGACGAG_007,114
GGAGCCTGGGCGCGGACGAG_008,32
GGAGCCTGGGCGCGGACGAG_009,8
GGAGCCTGGGCGCGGACGAG_010,180
GGAGCCTGGGCGCGGACGAG_011,150
GGAGCCTGGGCGCGGACGAG_012,163
GGAGCCTGGGCGCGGACGAG_013,70
GGAGCCTGGGCGCGGACGAG_014,191
GGAGCCTGGGCGCGGACGAG_015,48
GGAGCCTGGGCGCGGACGAG_016,144
GGAGCCTGGGCGCGGACGAG_017,77
GGAGCCTGGGCGCGGACGAG_018,15
GGAGCCTGGGCGCGGACGAG_019,141
GGAGCCTGGGCGCGGACGAG_020,95
GGAGCCTGGGCGCGGACGAG_021,26
GGAGCCTGGGCGCGGACGAG_022,150
GGAGCCTGGGCGCGGACGAG_023,147
GGAGCCTGGGCGCGGACGAG_024,28
GGAGCCTGGGCGCGGACGAG_025,113
GGAGCCTGGGCGCGGACGAG_026,166
GGAGCCTGGGCGCGGACGAG_027,142
GGAGCCTGGGCGCGGACGAG_028,148
GGAGCCTGGGCGCGGACGAG_029,65
GGAGCCTGGGCGCGGACGAG_030,45
GGAGCCTGGGCGCGGACGAG_031,117
GGAGCCTGGGCGCGGACGAG_032,145
GGAGCCTGGGCGCGGACGAG_033,16
GGAGCCTGGGCGCGGACGAG_034,1
GGAGCCTGGGCGCGGACGAG_035,130
GGAGCCTGGGCGCGGACGAG_036,40
GGAGCCTGGGCGCGGACGAG_037,197
GGAGCCTGGGCGCGGACGAG_038,144
GGAGCCTGGGCGCGGACGAG_039,150
GGAGCCTGGGCGCGGACGAG_040,137
TGCGTCCCACAAAATAGAGA_001,163
TGCGTCCCACAAAATAGAGA_002,168
TGCGTCCCACAAAATAGAGA_003,87
TCAGTTTCAGCAGAGAAGAA_001,15
TCAGTTTCAGCAGAGAAGAA_002,143
TCAGTTTCAGCAGAGAAGAA_003,143
TCAGTTTCAGCAGAGAAGAA_004,99
AGTTATCAAGTGTTCAACAG_001,48
AGTTATCAAGTGTTCAACAG_002,103
AGTTATCAAGTGTTCAACAG_003,142
CACACTTGGCACAGCCCACG_001,41
CACACTTGGCACAGCCCACG_002,27
CACACTTGGCACAGCCCACG_003,156
CACACTTGGCACAGCCCACG_004,144
CACACTTGGCACAGCCCACG_005,111
CACACTTGGCACAGCCCACG_006,94
CACACTTGGCACAGCCCACG_007,145
CACACTTGGCACAGCCCACG_008,151
CACACTTGGCACAGCCCACG_009,128
CCACGGTGATTCTGGAACTG_001,3
CCACGGTGATTCTGGAACTG_002,139
CCACGGTGATTCTGGAACTG_003,76
CCACGGTGATTCTGGAACTG_004,98
CCACGGTGATTCTGGAACTG_005,185
CCACGGTGATTCTGGAACTG_006,158
CCACGGTGATTCTGGAACTG_007,84
CCACGGTGATTCTGGAACTG_008,25
CCACGGTGATTCTGGAACTG_009,23
CCACGGTGATTCTGGAACTG_010,69
AGAGGCATGAACTGGTGAAG_001,25
AGAGGCATGAACTGGTGAAG_002,186
AGAGGCATGAACTGGTGAAG_003,183
AGAGGCATGAACTGGTGAAG_004,156
CAGCGGAGGTGATTCACTGG_001,52
CAGCGGAGGTGATTCACTGG_002,8
CAGCGGAGGTGATTCACTGG_003,148
CAGCGGAGGTGATTCACTGG_004,96
CAGCGGAGGTGATTCACTGG_005,81
CAGCGGAGGTGATTCACTGG_006,173
CAGCGGAGGTGATTCACTGG_007,155
CAGCGGAGGTGATTCACTGG_008,193
CAGCGGAGGTGATTCACTGG_009,180
CAGCGGAGGTGATTCACTGG_010,55
CAGCGGAGGTGATTCACTGG_011,199
AGAACTGTCAAGAAAACCTG_001,92
AGAACTGTCAAGAAAACCTG_002,119
AGAACTGTCAAGAAAACCTG_003,113
AGAACTGTCAAGAAAACCTG_004,84
AGAACTGTCAAGAAAACCTG_005,52
AGAACTGTCAAGAAAACCTG_006,79
ATCCTGGAGTACCAGAGCAA_001,64
ATCCTGGAGTACCAGAGCAA_002,198
ATCCTGGAGTACCAGAGCAA_003,176
ATCCTGGAGTACCAGAGCAA_004,122
ATCCTGGAGTACCAGAGCAA_005,84
ATCCTGGAGTACCAGAGCAA_006,148
ATCCTGGAGTACCAGAGCAA_007,160
ATCCTGGAGTACCAGAGCAA_008,114
ATCCTGGAGTACCAGAGCAA_009,117
ATCCTGGAGTACCAGAGCAA_010,158
ATCCTGGAGTACCAGAGCAA_011,160
ATCCTGGAGTACCAGAGCAA_012,120
ATCCTGGAGTACCAGAGCAA_013,176
ATCCTGGAGTACCAGAGCAA_014,70
ATCCTGGAGTACCAGAGCAA_015,159
ATCCTGGAGTACCAGAGCAA_016,146
ATCCTGGAGTACCAGAGCAA_017,41
ATCCTGGAGTACCAGAGCAA_018,104
ATCCTGGAGTACCAGAGCAA_019,81
ATCCTGGAGTACCAGAGCAA_020,98
GACACGAACCGAGCAAGCGT_001,13
GACACGAACCGAGCAAGCGT_002,119
GACACGAACCGAGCAAGCGT_003,113
GACACGAACCGAGCAAGCGT_004,60
GACACGAACCGAGCAAGCGT_005,133
GACACGAACCGAGCAAGCGT_006,183
GACACGAACCGAGCAAGCGT_007,162
GACACGAACCGAGCAAGCGT_008,95
GACACGAACCGAGCAAGCGT_009,129
GACACGAACCGAGCAAGCGT_010,29
GACACGAACCGAGCAAGCGT_011,83
GACACGAACCGAGCAAGCGT_012,106
CAAGAACAGTCGCTGCCGGT_001,185
CAAGAACAGTCGCTGCCGGT_002,193
CAAGAACAGTCGCTGCCGGT_003,139
CAAGAACAGTCGCTGCCGGT_004,27
CAAGAACAGTCGCTGCCGGT_005,118
CAAGAACAGTCGCTGCCGGT_006,61
CAAGAACAGTCGCTGCCGGT_007,60
CAAGAACAGTCGCTGCCGGT_008,117
CAAGAACAGTCGCTGCCGGT_009,198
CAAGAACAGTCGCTGCCGGT_010,95
CAAGAACAGTCGCTGCCGGT_011,95
CAAGAACAGTCGCTGCCGGT_012,56
CAAGAACAGTCGCTGCCGGT_013,82
CAAGAACAGTCGCTGCCGGT_014,92
CAAGAACAGTCGCTGCCGGT_015,68
CAAGAACAGTCGCTGCCGGT_016,81
CAAGAACAGTCGCTGCCGGT_017,36
CAAGAACAGTCGCTGCCGGT_018,144
CAAGAACAGTCGCTGCCGGT_019,127
CAAGAACAGTCGCTGCCGGT_020,80
ATGGACAAGGTATTCCCAAG_001,96
ATGGACAAGGTATTCCCAAG_002,199
ATGGACAAGGTATTCCCAAG_003,192
ATGGACAAGGTATTCCCAAG_004,16
ATGGACAAGGTATTCCCAAG_005,32
ATGGACAAGGTATTCCCAAG_006,17
ATGGACAAGGTATTCCCAAG_007,97
GCGCCCCCCAACGCTCCGGG_001,147
GCGCCCCCCAACGCTCCGGG_002,77
GCGCCCCCCAACGCTCCGGG_003,35
GCGCCCCCCAACGCTCCGGG_004,175
GCGCCCCCCAACGCTCCGGG_005,61
GCGCCCCCCAACGCTCCGGG_006,176
GCGCCCCCCAACGCTCCGGG_007,175
GCGCCCCCCAACGCTCCGGG_008,53
GCGCCCCCCAACGCTCCGGG_009,86
GCGCCCCCCAACGCTCCGGG_010,63
GCGCCCCCCAACGCTCCGGG_011,41
GCGCCCCCCAACGCTCCGGG_012,147
GCGCCCCCCAACGCTCCGGG_013,37
GCGCCCCCCAACGCTCCGGG_014,75
GCGCCCCCCAACGCTCCGGG_015,165
GCGCCCCCCAACGCTCCGGG_016,118
GCGCCCCCCAACGCTCCGGG_017,34
GCGCCCCCCAACGCTCCGGG_018,107
GCGCCCCCCAACGCTCCGGG_019,57
ACGAAAACTTCGCTTCAAGG_001,33
ACGAAAACTTCGCTTCAAGG_002,66
ACGAAAACTTCGCTTCAAGG_003,3
ACGAAAACTTCGCTTCAAGG_004,170
ACGAAAACTTCGCTTCAAGG_005,183
ACGAAAACTTCGCTTCAAGG_006,157
ACGAAAACTTCGCTTCAAGG_007,60
ACGAAAACTTCGCTTCAAGG_008,167
ACGAAAACTTCGCTTCAAGG_009,126
ACGAAAACTTCGCTTCAAGG_010,52
TCACGTTGATAAAACTGCTG_001,127
TCACGTTGATAAAACTGCTG_002,183
TCACGTTGATAAAACTGCTG_003,8
TCACGTTGATAAAACTGCTG_004,96
TCACGTTGATAAAACTGCTG_005,52
TCACGTTGATAAAACTGCTG_006,98
TCACGTTGATAAAACTGCTG_007,55
AGTTCACCACTAAAAAGAGC_001,138
AGTTCACCACTAAAAAGAGC_002,63
AGTTCACCACTAAAAAGAGC_003,40
CAGGTTGTCATGCACCACCA_001,98
CAGGTTGTCATGCACCACCA_002,93
CATGGCGGGCAGGTAAACCA_001,52
CATGGCGGGCAGGTAAACCA_002,152
CATGGCGGGCAGGTAAACCA_003,77
CATGGCGGGCAGGTAAACCA_004,31
CATGGCGGGCAGGTAAACCA_005,152
CATGGCGGGCAGGTAAACCA_006,160
CATGGCGGGCAGGTAAACCA_007,165
CATGGCGGGCAGGTAAACCA_008,142
CATGGCGGGCAGGTAAACCA_009,161
TGAAGGCTACTGATCTGTGT_001,77
TGAAGGCTACTGATCTGTGT_002,19
TGAAGGCTACTGATCTGTGT_003,141
TGTGAAAGTTTATGGTGTTA_001,106
TGTGAAAGTTTATGGTGTTA_002,63
TGTGAAAGTTTATGGTGTTA_003,94
TGTGAAAGTTTATGGTGTTA_004,33
TGTGAAAGTTTATGGTGTTA_005,94
TGTGAAAGTTTATGGTGTTA_006,77
GAACATCCTGCTGTCTATTG_001,84
GAACATCCTGCTGTCTATTG_002,153
GAACATCCTGCTGTCTATTG_003,83
GAACATCCTGCTGTCTATTG_004,72
GAACATCCTGCTGTCTATTG_005,168
GAACATCCTGCTGTCTATTG_006,98
GAACATCCTGCTGTCTATTG_007,83
GAACATCCTGCTGTCTATTG_008,144
TACACATCAACGGATACACA_001,148
TACACATCAACGGATACACA_002,11
TACACATCAACGGATACACA_003,127
TACACATCAACGGATACACA_004,57
CCACTGCACCATACGGCCAG_001,137
CCACTGCACCATACGGCCAG_002,120
TGGCTGACATTGTTGCAACA_001,75
TGGCTGACATTGTTGCAACA_002,66
GCTACGAGAAGGCCTACGAA_001,137
GCTACGAGAAGGCCTACGAA_002,44
GCTACGAGAAGGCCTACGAA_003,102
GCTACGAGAAGGCCTACGAA_004,157
GCTACGAGAAGGCCTACGAA_005,80
GCTACGAGAAGGCCTACGAA_006,127
GCTACGAGAAGGCCTACGAA_007,38
GCTACGAGAAGGCCTACGAA_008,151
GCTACGAGAAGGCCTACGAA_009,66
GCTACGAGAAGGCCTACGAA_010,190
GCTACGAGAAGGCCTACGAA_011,117
GCTACGAGAAGGCCTACGAA_012,37
GCTACGAGAAGGCCTACGAA_013,29
GCTACGAGAAGGCCTACGAA_014,94
GCTACGAGAAGGCCTACGAA_015,56
GCTACGAGAAGGCCTACGAA_016,91
GCTACGAGAAGGCCTACGAA_017,92
GCTACGAGAAGGCCTACGAA_018,60
GCTACGAGAAGGCCTACGAA_019,10
GCTACGAGAAGGCCTACGAA_020,149
GCTACGAGAAGGCCTACGAA_021,152
CAGACTGTGAAAGAGGGTCG_001,14
CAGACTGTGAAAGAGGGTCG_002,134
CAGACTGTGAAAGAGGGTCG_003,77
CAGACTGTGAAAGAGGGTCG_004,53
CAGACTGTGAAAGAGGGTCG_005,67
CAGACTGTGAAAGAGGGTCG_006,1
CAGACTGTGAAAGAGGGTCG_007,97
CAGACTGTGAAAGAGGGTCG_008,108
CCAGAACGACCACGTCACAC_001,175
CCAGAACGACCACGTCACAC_002,134
TCCTGAGACAGGGTCAACGT_001,139
TCCTGAGACAGGGTCAACGT_002,24
TCCTGAGACAGGGTCAACGT_003,169
TCCTGAGACAGGGTCAACGT_004,113
TCCTGAGACAGGGTCAACGT_005,85
TCCTGAGACAGGGTCAACGT_006,138
TCCTGAGACAGGGTCAACGT_007,56
TCCTGAGACAGGGTCAACGT_008,157
TCCTGAGACAGGGTCAACGT_009,63
TCCTGAGACAGGGTCAACGT_010,180
CCATCAGCTCAGAAAAGGTG_001,60
CCATCAGCTCAGAAAAGGTG_002,42
CCATCAGCTCAGAAAAGGTG_003,84
CCATCAGCTCAGAAAAGGTG_004,84
CCATCAGCTCAGAAAAGGTG_005,96
CCATCAGCTCAGAAAAGGTG_006,174
CCATCAGCTCAGAAAAGGTG_007,4
CCATCAGCTCAGAAAAGGTG_008,47
CCATCAGCTCAGAAAAGGTG_009,6
CCATCAGCTCAGAAAAGGTG_010,174
CCATCAGCTCAGAAAAGGTG_011,129
CCATCAGCTCAGAAAAGGTG_012,199
CCATCAGCTCAGAAAAGGTG_013,3
CCATCAGCTCAGAAAAGGTG_014,34
CCATCAGCTCAGAAAAGGTG_015,105
CCATCAGCTCAGAAAAGGTG_016,2
TACCGCTGCGAGCTCATCAA_001,35
TACCGCTGCGAGCTCATCAA_002,65
TACCGCTGCGAGCTCATCAA_003,153
TACCGCTGCGAGCTCATCAA_004,33
TACCGCTGCGAGCTCATCAA_005,99
TACCGCTGCGAGCTCATCAA_006,22
TACCGCTGCGAGCTCATCAA_007,60
TACCGCTGCGAGCTCATCAA_008,62
TACCGCTGCGAGCTCATCAA_009,158
TACCGCTGCGAGCTCATCAA_010,177
TACCGCTGCGAGCTCATCAA_011,36
TACCGCTGCGAGCTCATCAA_012,8
TACCGCTGCGAGCTCATCAA_013,75
TACCGCTGCGAGCTCATCAA_014,63
TACCGCTGCGAGCTCATCAA_015,126
GAACGGCGGGTTGACAACAT_001,61
GAACGGCGGGTTGACAACAT_002,139
GAACGGCGGGTTGACAACAT_003,142
GAACGGCGGGTTGACAACAT_004,147
GAACGGCGGGTTGACAACAT_005,8
GAACGGCGGGTTGACAACAT_006,10
GAACGGCGGGTTGACAACAT_007,93
GAACGGCGGGTTGACAACAT_008,1
GAACGGCGGGTTGACAACAT_009,172
GAACGGCGGGTTGACAACAT_010,197
GAACGGCGGGTTGACAACAT_011,158
GAACGGCGGGTTGACAACAT_012,90
GAACGGCGGGTTGACAACAT_013,103
GAACGGCGGGTTGACAACAT_014,130
GAACGGCGGGTTGACAACAT_015,103
GAACGGCGGGTTGACAACAT_016,164
GAACGGCGGGTTGACAACAT_017,106
GAACGGCGGGTTGACAACAT_018,123
GTACTCCAATAAGATGAGTG_001,179
GTACTCCAATAAGATGAGTG_002,179
GTACTCCAATAAGATGAGTG_003,129
GTACTCCAATAAGATGAGTG_004,162
GTACTCCAATAAGATGAGTG_005,174
TCTGCTCAAGTACAGCTAGT_001,108
TCTGCTCAAGTACAGCTAGT_002,119
TCTGCTCAAGTACAGCTAGT_003,184
TCTGCTCAAGTACAGCTAGT_004,4
TATTGGACGAGGAGGATTCG_001,42
TATTGGACGAGGAGGATTCG_002,14
TATTGGACGAGGAGGATTCG_003,78
TATTGGACGAGGAGGATTCG_004,115
TATTGGACGAGGAGGATTCG_005,190
TATTGGACGAGGAGGATTCG_006,149
TATTGGACGAGGAGGATTCG_007,84
TATTGGACGAGGAGGATTCG_008,137
TATTGGACGAGGAGGATTCG_009,63
TATTGGACGAGGAGGATTCG_010,34
TATTGGACGAGGAGGATTCG_011,146
TATTGGACGAGGAGGATTCG_012,187
TATTGGACGAGGAGGATTCG_013,182
TATTGGACGAGGAGGATTCG_014,117
TATTGGACGAGGAGGATTCG_015,17
TATTGGACGAGGAGGATTCG_016,83
TATTGGACGAGGAGGATTCG_017,137
TATTGGACGAGGAGGATTCG_018,34
TATTGGACGAGGAGGATTCG_019,115
TATTGGACGAGGAGGATTCG_020,149
TATTGGACGAGGAGGATTCG_021,120
TATTGGACGAGGAGGATTCG_022,46
TATTGGACGAGGAGGATTCG_023,40
TATTGGACGAGGAGGATTCG_024,60
TATTGGACGAGGAGGATTCG_025,49
TATTGGACGAGGAGGATTCG_026,103
TATTGGACGAGGAGGATTCG_027,106
TATTGGACGAGGAGGATTCG_028,27
CCTCCAGGTGGACCTACGAG_001,148
CCTCCAGGTGGACCTACGAG_002,6
CCTCCAGGTGGACCTACGAG_003,132
CCTCCAGGTGGACCTACGAG_004,125
CCTCCAGGTGGACCTACGAG_005,58
CCTCCAGGTGGACCTACGAG_006,7
CCTCCAGGTGGACCTACGAG_007,137
CCTCCAGGTGGACCTACGAG_008,160
CCTCCAGGTGGACCTACGAG_009,110
CCTCCAGGTGGACCTACGAG_010,50
CCTCCAGGTGGACCTACGAG_011,58
CCTCCAGGTGGACCTACGAG_012,192
CCTCCAGGTGGACCTACGAG_013,34
CCTCCAGGTGGACCTACGAG_014,138
CCTCCAGGTGGACCTACGAG_015,4
CCTCCAGGTGGACCTACGAG_016,64
CCTCCAGGTGGACCTACGAG_017,80
CCTCCAGGTGGACCTACGAG_018,83
CCTCCAGGTGGACCTACGAG_019,148
CCTCCAGGTGGACCTACGAG_020,75
CCTCCAGGTGGACCTACGAG_021,70
AGAACTTTATCTTAACCTGG_001,58
AGAACTTTATCTTAACCTGG_002,68
AGAACTTTATCTTAACCTGG_003,127
AGAACTTTATCTTAACCTGG_004,181
AGAACTTTATCTTAACCTGG_005,154
AGAACTTTATCTTAACCTGG_006,43
AGAACTTTATCTTAACCTGG_007,147
AGAACTTTATCTTAACCTGG_008,194
AGAACTTTATCTTAACCTGG_009,54
GCCTTGCTGAACAAGCGCCG_001,176
GCCTTGCTGAACAAGCGCCG_002,177
GCCTTGCTGAACAAGCGCCG_003,121
GTAGAAGCACTCCTTCTGGC_001,128
GTAGAAGCACTCCTTCTGGC_002,134
GTAGAAGCACTCCTTCTGGC_003,178
AACCATTCAGAGCATAACTC_001,168
AACCATTCAGAGCATAACTC_002,162
AACCATTCAGAGCATAACTC_003,17
AACCATTCAGAGCATAACTC_004,168
AACCATTCAGAGCATAACTC_005,138
AACCATTCAGAGCATAACTC_006,58
GGTTCACGATTAGCCACTCA_001,36
GGTTCACGATTAGCCACTCA_002,85
CGGCGGCGATCTCGTGCGTA_001,188
CGGCGGCGATCTCGTGCGTA_002,121
ACTTCTTGGCAGTCTTACAG_001,147
ACTTCTTGGCAGTCTTACAG_002,40
ACTTCTTGGCAGTCTTACAG_003,147
ACTTCTTGGCAGTCTTACAG_004,145
ACTTCTTGGCAGTCTTACAG_005,150
GGAAGCGTTCCATGTCGATG_001,19
GGAAGCGTTCCATGTCGATG_002,56
AGCAACAGAAGAGTAAACTA_001,8
AGCAACAGAAGAGTAAACTA_002,161
AGCAACAGAAGAGTAAACTA_003,108
AGCAACAGAAGAGTAAACTA_004,31
AGCAACAGAAGAGTAAACTA_005,15
AGCAACAGAAGAGTAAACTA_006,116
AGCAACAGAAGAGTAAACTA_007,147
AGCAACAGAAGAGTAAACTA_008,175
AGCAACAGAAGAGTAAACTA_009,81
AGCAACAGAAGAGTAAACTA_010,28
AGCAACAGAAGAGTAAACTA_011,169
AGCAACAGAAGAGTAAACTA_012,139
AGCAACAGAAGAGTAAACTA_013,112
TTTCTGAGTTCGCACACCTG_001,175
TTTCTGAGTTCGCACACCTG_002,54
TTTCTGAGTTCGCACACCTG_003,70
TTTCTGAGTTCGCACACCTG_004,110
TTTCTGAGTTCGCACACCTG_005,98
TTTCTGAGTTCGCACACCTG_006,143
TTTCTGAGTTCGCACACCTG_007,72
TTTCTGAGTTCGCACACCTG_008,174
TTTCTGAGTTCGCACACCTG_009,115
TTTCTGAGTTCGCACACCTG_010,148
TTTCTGAGTTCGCACACCTG_011,133
ACACGGTATTGGATGTCAGA_001,121
ACACGGTATTGGATGTCAGA_002,28
ACACGGTATTGGATGTCAGA_003,198
ACACGGTATTGGATGTCAGA_004,21
ACACGGTATTGGATGTCAGA_005,116
ACACGGTATTGGATGTCAGA_006,75
ACACGGTATTGGATGTCAGA_007,10
CATAGAGGTGCACCCATGGT_001,28
CATAGAGGTGCACCCATGGT_002,48
CATAGAGGTGCACCCATGGT_003,137
CATAGAGGTGCACCCATGGT_004,54
CATAGAGGTGCACCCATGGT_005,177
CATAGAGGTGCACCCATGGT_006,198
CATAGAGGTGCACCCATGGT_007,133
CATAGAGGTGCACCCATGGT_008,67
CATAGAGGTGCACCCATGGT_009,199
CATAGAGGTGCACCCATGGT_010,184
CATAGAGGTGCACCCATGGT_011,31
CATAGAGGTGCACCCATGGT_012,131
CATAGAGGTGCACCCATGGT_013,91
CATAGAGGTGCACCCATGGT_014,106
CATAGAGGTGCACCCATGGT_015,78
CTAAATAACTGTGAACTCGG_001,21
CTAAATAACTGTGAACTCGG_002,15
CTAAATAACTGTGAACTCGG_003,120
CTAAATAACTGTGAACTCGG_004,55
CTAAATAACTGTGAACTCGG_005,103
CTAAATAACTGTGAACTCGG_006,184
CTAAATAACTGTGAACTCGG_007,45
CTAAATAACTGTGAACTCGG_008,134
CTAAATAACTGTGAACTCGG_009,50
CTAAATAACTGTGAACTCGG_010,60
CTAAATAACTGTGAACTCGG_011,62
CTAAATAACTGTGAACTCGG_012,12
GGAACAGGAAGAATTCCTAG_001,81
GGAACAGGAAGAATTCCTAG_002,78
GGAACAGGAAGAATTCCTAG_003,94
ATGGTGAAGCTGTACGTGCT_001,29
ATGGTGAAGCTGTACGTGCT_002,41
ATGGTGAAGCTGTACGTGCT_003,43
ATGGTGAAGCTGTACGTGCT_004,57
ATGGTGAAGCTGTACGTGCT_005,188
ATGGTGAAGCTGTACGTGCT_006,190
ATGGTGAAGCTGTACGTGCT_007,160
ATGGTGAAGCTGTACGTGCT_008,91
ATGGTGAAGCTGTACGTGCT_009,87
ATGGTGAAGCTGTACGTGCT_010,87
ATGGTGAAGCTGTACGTGCT_011,198
ATGGTGAAGCTGTACGTGCT_012,150
ATGGTGAAGCTGTACGTGCT_013,156
ATGGTGAAGCTGTACGTGCT_014,72
ATGGTGAAGCTGTACGTGCT_015,15
ATGGTGAAGCTGTACGTGCT_016,19
ATGGTGAAGCTGTACGTGCT_017,197
ATGGTGAAGCTGTACGTGCT_018,175
ATGGTGAAGCTGTACGTGCT_019,49
ATGGTGAAGCTGTACGTGCT_020,185
ATGGTGAAGCTGTACGTGCT_021,175
ATGGTGAAGCTGTACGTGCT_022,82
ATGGTGAAGCTGTACGTGCT_023,114
ATGGTGAAGCTGTACGTGCT_024,114
ATGGTGAAGCTGTACGTGCT_025,197
ATGGTGAAGCTGTACGTGCT_026,126
ATGGTGAAGCTGTACGTGCT_027,53
ATGGTGAAGCTGTACGTGCT_028,195
ATGGTGAAGCTGTACGTGCT_029,54
ATGGTGAAGCTGTACGTGCT_030,145
ATGGTGAAGCTGTACGTGCT_031,73
ATGGTGAAGCTGTACGTGCT_032,120
ATGGTGAAGCTGTACGTGCT_033,152
ATGGTGAAGCTGTACGTGCT_034,158
ATGGTGAAGCTGTACGTGCT_035,62
ATGGTGAAGCTGTACGTGCT_036,61
TGATCAAGTGCGTGATCCCG_001,179
TGATCAAGTGCGTGATCCCG_002,169
TGATCAAGTGCGTGATCCCG_003,14
TGATCAAGTGCGTGATCCCG_004,76
AAGGCTCTGAGGATGAAGCT_001,11
AAGGCTCTGAGGATGAAGCT_002,53
AAGGCTCTGAGGATGAAGCT_003,114
AAGGCTCTGAGGATGAAGCT_004,121
AAGGCTCTGAGGATGAAGCT_005,188
AAGGCTCTGAGGATGAAGCT_006,167
AAGGCTCTGAGGATGAAGCT_007,167
AAGGCTCTGAGGATGAAGCT_008,13
AAGGCTCTGAGGATGAAGCT_009,177
AAGGCTCTGAGGATGAAGCT_010,41
AAGGCTCTGAGGATGAAGCT_011,113
AAGGCTCTGAGGATGAAGCT_012,87
AAGGCTCTGAGGATGAAGCT_013,143
AAGGCTCTGAGGATGAAGCT_014,119
AAGGCTCTGAGGATGAAGCT_015,10
AAGGCTCTGAGGATGAAGCT_016,83
AAGGCTCTGAGGATGAAGCT_017,92
AAGGCTCTGAGGATGAAGCT_018,159
AAGGCTCTGAGGATGAAGCT_019,96
AAGGCTCTGAGGATGAAGCT_020,142
AAGGCTCTGAGGATGAAGCT_021,134
AAGGCTCTGAGGATGAAGCT_022,12
AAGGCTCTGAGGATGAAGCT_023,16
AAGGCTCTGAGGATGAAGCT_024,17
AAGGCTCTGAGGATGAAGCT_025,162
AAGGCTCTGAGGATGAAGCT_026,38
AAGGCTCTGAGGATGAAGCT_027,19
AAGGCTCTGAGGATGAAGCT_028,19
AAGGCTCTGAGGATGAAGCT_029,19
GGGCACAAGGTCCTACATGT_001,40
GGGCACAAGGTCCTACATGT_002,101
GGGCACAAGGTCCTACATGT_003,104
GGGCACAAGGTCCTACATGT_004,96
GGGCACAAGGTCCTACATGT_005,69
TGCTGCAATCAATACTGCCA_001,64
TGCTGCAATCAATACTGCCA_002,137
TGCTGCAATCAATACTGCCA_003,68
TGCTGCAATCAATACTGCCA_004,144
TGCTGCAATCAATACTGCCA_005,29
TGCTGCAATCAATACTGCCA_006,107
TGCTGCAATCAATACTGCCA_007,46
TGCTGCAATCAATACTGCCA_008,125
TGCTGCAATCAATACTGCCA_009,119
TGCTGCAATCAATACTGCCA_010,171
TGCTGCAATCAATACTGCCA_011,57
TGCTGCAATCAATACTGCCA_012,158
TGCTGCAATCAATACTGCCA_013,130
TGCTGCAATCAATACTGCCA_014,91
TGCTGCAATCAATACTGCCA_015,72
TGCTGCAATCAATACTGCCA_016,168
TGCTGCAATCAATACTGCCA_017,70
TGCTGCAATCAATACTGCCA_018,112
TGCTGCAATCAATACTGCCA_019,166
TGCTGCAATCAATACTGCCA_020,19
TGCTGCAATCAATACTGCCA_021,188
TCACTTTGCTCACTAGACCA_001,77
TCACTTTGCTCACTAGACCA_002,171
AGGAGAGGTCACTCAATTGG_001,148
AGGAGAGGTCACTCAATTGG_002,183
AGGAGAGGTCACTCAATTGG_003,185
AGCAGCAACCACTTCCGAGG_001,85
AGCAGCAACCACTTCCGAGG_002,2
AGCAGCAACCACTTCCGAGG_003,185
AGCAGCAACCACTTCCGAGG_004,19
AGCAGCAACCACTTCCGAGG_005,182
AGCAGCAACCACTTCCGAGG_006,176
AGCAGCAACCACTTCCGAGG_007,189
AGCAGCAACCACTTCCGAGG_008,127
AGCAGCAACCACTTCCGAGG_009,144
AGCAGCAACCACTTCCGAGG_010,177
AGCAGCAACCACTTCCGAGG_011,174
AGCAGCAACCACTTCCGAGG_012,61
AGCAGCAACCACTTCCGAGG_013,126
AGCAGCAACCACTTCCGAGG_014,188
AGCAGCAACCACTTCCGAGG_015,29
AGCAGCAACCACTTCCGAGG_016,2
AGCAGCAACCACTTCCGAGG_017,91
AGCAGCAACCACTTCCGAGG_018,48
AGCAGCAACCACTTCCGAGG_019,191
AGCAGCAACCACTTCCGAGG_020,69
AGCAGCAACCACTTCCGAGG_021,174
AGCAGCAACCACTTCCGAGG_022,84
CTTCAATCGCATAACTCAGG_001,71
CTTCAATCGCATAACTCAGG_002,23
CTTCAATCGCATAACTCAGG_003,41
TAATCTTCATCAATCAATAG_001,138
TAATCTTCATCAATCAATAG_002,24
CGCTGCGCCCTACTGCGTGG_001,115
GATGAGAGTACAGGGAAGTG_001,199
GATGAGAGTACAGGGAAGTG_002,120
GATGAGAGTACAGGGAAGTG_003,124
GATGAGAGTACAGGGAAGTG_004,20
GATGAGAGTACAGGGAAGTG_005,81
GATGAGAGTACAGGGAAGTG_006,33
GATGAGAGTACAGGGAAGTG_007,106
GGTGCCAGACACCACGACAG_001,82
GGTGCCAGACACCACGACAG_002,8
GGTGCCAGACACCACGACAG_003,33
GGTGCCAGACACCACGACAG_004,8
GGTGCCAGACACCACGACAG_005,5
GCCACAAACTTAGTATTGGA_001,62
GCCACAAACTTAGTATTGGA_002,11
GCCACAAACTTAGTATTGGA_003,49
GCCACAAACTTAGTATTGGA_004,151
GCCACAAACTTAGTATTGGA_005,1
GCCACAAACTTAGTATTGGA_006,132
GCCACAAACTTAGTATTGGA_007,82
GCCACAAACTTAGTATTGGA_008,28
GCCACAAACTTAGTATTGGA_009,33
GCCACAAACTTAGTATTGGA_010,77
GCCACAAACTTAGTATTGGA_011,105
GCCACAAACTTAGTATTGGA_012,160
GCCACAAACTTAGTATTGGA_013,74
GGTGATGAAATGCATCGTTG_001,102
GGTGATGAAATGCATCGTTG_002,15
GGTGATGAAATGCATCGTTG_003,44
GGTGATGAAATGCATCGTTG_004,153
GGTGATGAAATGCATCGTTG_005,134
GGTGATGAAATGCATCGTTG_006,185
GGTGATGAAATGCATCGTTG_007,127
GGTGATGAAATGCATCGTTG_008,45
GGTGATGAAATGCATCGTTG_009,46
GGTGATGAAATGCATCGTTG_010,41
GGTGATGAAATGCATCGTTG_011,72
GGTGATGAAATGCATCGTTG_012,72
GGTGATGAAATGCATCGTTG_013,90
GACAGGGAAGTGCCAGTTGG_001,19
GACAGGGAAGTGCCAGTTGG_002,103
GACAGGGAAGTGCCAGTTGG_003,198
ATACGTCCTCTTTGTCAACG_001,93
ATACGTCCTCTTTGTCAACG_002,41
ATACGTCCTCTTTGTCAACG_003,158
ATACGTCCTCTTTGTCAACG_004,78
ATACGTCCTCTTTGTCAACG_005,140
ATACGTCCTCTTTGTCAACG_006,54
ATACGTCCTCTTTGTCAACG_007,196
ATACGTCCTCTTTGTCAACG_008,62
ATACGTCCTCTTTGTCAACG_009,97
ATACGTCCTCTTTGTCAACG_010,138
ATACGTCCTCTTTGTCAACG_011,104
TATCCCATAGCCCACCACGC_001,15
TATCCCATAGCCCACCACGC_002,12
TATCCCATAGCCCACCACGC_003,64
TATCCCATAGCCCACCACGC_004,149
TATCCCATAGCCCACCACGC_005,177
TATCCCATAGCCCACCACGC_006,42
TATCCCATAGCCCACCACGC_007,42
TATCCCATAGCCCACCACGC_008,22
TATCCCATAGCCCACCACGC_009,94
TATCCCATAGCCCACCACGC_010,182
TATCCCATAGCCCACCACGC_011,185
TATCCCATAGCCCACCACGC_012,111
GAGTACAAGGTGGTAATGCT_001,97
GAGTACAAGGTGGTAATGCT_002,112
GAGTACAAGGTGGTAATGCT_003,181
GAGTACAAGGTGGTAATGCT_004,191
GAGTACAAGGTGGTAATGCT_005,127
GAGTACAAGGTGGTAATGCT_006,116
GAGTACAAGGTGGTAATGCT_007,27
GAGTACAAGGTGGTAATGCT_008,29
GAGTACAAGGTGGTAATGCT_009,153
TATCCCCAATGGATAGGCCA_001,94
TATCCCCAATGGATAGGCCA_002,188
TATCCCCAATGGATAGGCCA_003,191
TATCCCCAATGGATAGGCCA_004,35
TATCCCCAATGGATAGGCCA_005,43
TATCCCCAATGGATAGGCCA_006,33
TATCCCCAATGGATAGGCCA_007,142
TATCCCCAATGGATAGGCCA_008,102
TATCCCCAATGGATAGGCCA_009,145
TATCCCCAATGGATAGGCCA_010,60
TATCCCCAATGGATAGGCCA_011,197
TATCCCCAATGGATAGGCCA_012,98
TATCCCCAATGGATAGGCCA_013,101
TATCCCCAATGGATAGGCCA_014,125
AAAGCTGATACTCTCCACTG_001,9
AAAGCTGATACTCTCCACTG_002,137
AAAGCTGATACTCTCCACTG_003,136
AAAAATAGAAAAGGACCGCA_001,84
AAAAATAGAAAAGGACCGCA_002,128
AAAAATAGAAAAGGACCGCA_003,87
AAAAATAGAAAAGGACCGCA_004,145
AAAAATAGAAAAGGACCGCA_005,80
AAAAATAGAAAAGGACCGCA_006,193
AAAAATAGAAAAGGACCGCA_007,161
AAAAATAGAAAAGGACCGCA_008,117
AAAAATAGAAAAGGACCGCA_009,96
AAAAATAGAAAAGGACCGCA_010,198
AAAAATAGAAAAGGACCGCA_011,158
AAAAATAGAAAAGGACCGCA_012,53
ATGAAATAGGATGTCTAAGT_001,163
ATGAAATAGGATGTCTAAGT_002,146
ATGAAATAGGATGTCTAAGT_003,197
GTCATCTACTAGTGTCATTG_001,118
GTCATCTACTAGTGTCATTG_002,8
GTCATCTACTAGTGTCATTG_003,68
GTCATCTACTAGTGTCATTG_004,161
GTCATCTACTAGTGTCATTG_005,12
GTCATCTACTAGTGTCATTG_006,95
GTCATCTACTAGTGTCATTG_007,139
GTCATCTACTAGTGTCATTG_008,31
GTCATCTACTAGTGTCATTG_009,67
GTCATCTACTAGTGTCATTG_010,56
GTCATCTACTAGTGTCATTG_011,168
AGGCGATGTACATAAATCTG_001,115
AGGCGATGTACATAAATCTG_002,150
AGGCGATGTACATAAATCTG_003,17
AGGCGATGTACATAAATCTG_004,98
AGGCGATGTACATAAATCTG_005,184
AGGCGATGTACATAAATCTG_006,75
AGGCGATGTACATAAATCTG_007,166
AGGCGATGTACATAAATCTG_008,39
CTACAGGGGAAACCCGAATG_001,66
CTACAGGGGAAACCCGAATG_002,74
CTACAGGGGAAACCCGAATG_003,156
CTACAGGGGAAACCCGAATG_004,9
CTACAGGGGAAACCCGAATG_005,183
GGAGCTTCTACCTGCAAGTG_001,23
GGAGCTTCTACCTGCAAGTG_002,25
GGAGCTTCTACCTGCAAGTG_003,16
GGAGCTTCTACCTGCAAGTG_004,58
GGAGCTTCTACCTGCAAGTG_005,198
GGAGCTTCTACCTGCAAGTG_006,65
GGAGCTTCTACCTGCAAGTG_007,105
GGAGCTTCTACCTGCAAGTG_008,17
TGCAAACGTGCAGAGCGCAT_001,78
TGCAAACGTGCAGAGCGCAT_002,198
TGCAAACGTGCAGAGCGCAT_003,169
TGCAAACGTGCAGAGCGCAT_004,32
TGCAAACGTGCAGAGCGCAT_005,63
TGCAAACGTGCAGAGCGCAT_006,104
TGCAAACGTGCAGAGCGCAT_007,62
TGCAAACGTGCAGAGCGCAT_008,56
TGCAAACGTGCAGAGCGCAT_009,14
TGCAAACGTGCAGAGCGCAT_010,66
TGAGAGAAAAGGCCAAAGAG_001,119
TGAGAGAAAAGGCCAAAGAG_002,51
TGAGAGAAAAGGCCAAAGAG_003,34
AGCACTACGACAGTGTTCGG_001,54
AGCACTACGACAGTGTTCGG_002,114
AGCACTACGACAGTGTTCGG_003,159
AGCACTACGACAGTGTTCGG_004,34
AGCACTACGACAGTGTTCGG_005,163
AGCACTACGACAGTGTTCGG_006,183
TGTCGTTTAACAACAACATC_001,146
TGTCGTTTAACAACAACATC_002,176
TGTCGTTTAACAACAACATC_003,62
TGTCGTTTAACAACAACATC_004,32
TGTCGTTTAACAACAACATC_005,85
TGTCGTTTAACAACAACATC_006,16
TGTCGTTTAACAACAACATC_007,9
TGTCGTTTAACAACAACATC_008,147
CAGACCATGCAGGTACTCGA_001,17
CAGACCATGCAGGTACTCGA_002,77
CAGACCATGCAGGTACTCGA_003,94
CAGACCATGCAGGTACTCGA_004,95
CAGACCATGCAGGTACTCGA_005,184
CAGACCATGCAGGTACTCGA_006,60
CAGACCATGCAGGTACTCGA_007,153
CAGACCATGCAGGTACTCGA_008,141
CAGACCATGCAGGTACTCGA_009,21
CAGACCATGCAGGTACTCGA_010,190
CAGACCATGCAGGTACTCGA_011,44
CAGACCATGCAGGTACTCGA_012,62
CAGACCATGCAGGTACTCGA_013,10
CAGACCATGCAGGTACTCGA_014,127
TGGGATACAACGGCCTCAGA_001,113
TGGGATACAACGGCCTCAGA_002,119
TGGGATACAACGGCCTCAGA_003,185
TGGGATACAACGGCCTCAGA_004,63
TGGGATACAACGGCCTCAGA_005,169
TGGGATACAACGGCCTCAGA_006,16
GAGTGTGAACCTGTCCGATG_001,19
GAGTGTGAACCTGTCCGATG_002,159
GAGTGTGAACCTGTCCGATG_003,53
GAGTGTGAACCTGTCCGATG_004,94
GAGTGTGAACCTGTCCGATG_005,42
GAGTGTGAACCTGTCCGATG_006,115
GAGTGTGAACCTGTCCGATG_007,115
TATTACTGGATAGATCCTGA_001,108
TATTACTGGATAGATCCTGA_002,49
TATTACTGGATAGATCCTGA_003,51
TATTACTGGATAGATCCTGA_004,171
TATTACTGGATAGATCCTGA_005,171
AGCTGCTTCTAAACTGACGA_001,133
AGCTGCTTCTAAACTGACGA_002,127
AGCTGCTTCTAAACTGACGA_003,76
AGCTGCTTCTAAACTGACGA_004,124
AGCTGCTTCTAAACTGACGA_005,9
TCAAGATGAGTACCTTCCGG_001,114
TCAAGATGAGTACCTTCCGG_002,29
TCAAGATGAGTACCTTCCGG_003,9
TCAAGATGAGTACCTTCCGG_004,169
TCAAGATGAGTACCTTCCGG_005,135
TTCTGGATAGGCATCATCTG_001,77
TTCTGGATAGGCATCATCTG_002,45
TTCTGGATAGGCATCATCTG_003,18
TTCTGGATAGGCATCATCTG_004,94
TTCTGGATAGGCATCATCTG_005,147
TTCTGGATAGGCATCATCTG_006,46
TTCTGGATAGGCATCATCTG_007,79
TTCTGGATAGGCATCATCTG_008,101
TTCTGGATAGGCATCATCTG_009,19
TTCTGGATAGGCATCATCTG_010,131
CCCAACTACAGTGACTCCGG_001,93
CCCAACTACAGTGACTCCGG_002,157
CCCAACTACAGTGACTCCGG_003,62
CCCAACTACAGTGACTCCGG_004,138
CCCAACTACAGTGACTCCGG_005,39
GTAGATTAAACACTGTATGC_001,121
GTAGATTAAACACTGTATGC_002,141
GTAGATTAAACACTGTATGC_003,101
GTAAAACCCCAAGTGCGTCA_001,144
GTAAAACCCCAAGTGCGTCA_002,2
GTAAAACCCCAAGTGCGTCA_003,88
GTAAAACCCCAAGTGCGTCA_004,177
GTAAAACCCCAAGTGCGTCA_005,141
GTAAAACCCCAAGTGCGTCA_006,98
GTAAAACCCCAAGTGCGTCA_007,162
GTAAAACCCCAAGTGCGTCA_008,190
GTAAAACCCCAAGTGCGTCA_009,102
GTAAAACCCCAAGTGCGTCA_010,19
GTAAAACCCCAAGTGCGTCA_011,166
GTAAAACCCCAAGTGCGTCA_012,65
GTAAAACCCCAAGTGCGTCA_013,44
GTAAAACCCCAAGTGCGTCA_014,39
GTAAAACCCCAAGTGCGTCA_015,118
GTAAAACCCCAAGTGCGTCA_016,138
GTAAAACCCCAAGTGCGTCA_017,138
GTAAAACCCCAAGTGCGTCA_018,130
GTAAAACCCCAAGTGCGTCA_019,176
GTAAAACCCCAAGTGCGTCA_020,1
GTAAAACCCCAAGTGCGTCA_021,142
ACAGAACCAGAGATACGGGC_001,34
ACAGAACCAGAGATACGGGC_002,63
CTGGAAGACGCAACGCAGTG_001,18
CTGGAAGACGCAACGCAGTG_002,184
CTGGAAGACGCAACGCAGTG_003,165
CTGGAAGACGCAACGCAGTG_004,148
CTGGAAGACGCAACGCAGTG_005,177
CTGGAAGACGCAACGCAGTG_006,182
CTGGAAGACGCAACGCAGTG_007,93
CTGGAAGACGCAACGCAGTG_008,58
CTGGAAGACGCAACGCAGTG_009,10
CTGGAAGACGCAACGCAGTG_010,112
CTGGAAGACGCAACGCAGTG_011,14
CTGGAAGACGCAACGCAGTG_012,40
CTGGAAGACGCAACGCAGTG_013,148
CTGGAAGACGCAACGCAGTG_014,151
CTGGAAGACGCAACGCAGTG_015,155
CTGGAAGACGCAACGCAGTG_016,43
CTGGAAGACGCAACGCAGTG_017,199
CTGGAAGACGCAACGCAGTG_018,16
CTGGAAGACGCAACGCAGTG_019,155
GTTTCAGGATCACTGACACT_001,121
GTTTCAGGATCACTGACACT_002,145
GTTTCAGGATCACTGACACT_003,88
GTTTCAGGATCACTGACACT_004,7
CCATCGGCGGCGAATTCCAG_001,146
CCATCGGCGGCGAATTCCAG_002,60
CCATCGGCGGCGAATTCCAG_003,190
CCATCGGCGGCGAATTCCAG_004,104
CCATCGGCGGCGAATTCCAG_005,168
CCATCGGCGGCGAATTCCAG_006,28
GCGACAGTACGACCCACCGG_001,53
GCGACAGTACGACCCACCGG_002,50
GCGACAGTACGACCCACCGG_003,29
GCGACAGTACGACCCACCGG_004,161
TTCTGGAAGGCATACTGGTG_001,78
TTCTGGAAGGCATACTGGTG_002,78
TTCTGGAAGGCATACTGGTG_003,199
TTCTGGAAGGCATACTGGTG_004,115
TTCTGGAAGGCATACTGGTG_005,58
TTCTGGAAGGCATACTGGTG_006,169
TTCTGGAAGGCATACTGGTG_007,70
TTCTGGAAGGCATACTGGTG_008,92
TTCTGGAAGGCATACTGGTG_009,188
TTCTGGAAGGCATACTGGTG_010,83
TCCTGTCTCCCAGCGTTATG_001,78
TCCTGTCTCCCAGCGTTATG_002,89
TCCTGTCTCCCAGCGTTATG_003,134
TCCTGTCTCCCAGCGTTATG_004,186
TCCTGTCTCCCAGCGTTATG_005,76
TCCTGTCTCCCAGCGTTATG_006,101
TCCTGTCTCCCAGCGTTATG_007,160
TCCTGTCTCCCAGCGTTATG_008,127
AGCTGGCAACTGCCCACACA_001,17
AGCTGGCAACTGCCCACACA_002,161
AGCTGGCAACTGCCCACACA_003,182
AGCTGGCAACTGCCCACACA_004,52
AGCTGGCAACTGCCCACACA_005,137
AGCTGGCAACTGCCCACACA_006,20
AGCTGGCAACTGCCCACACA_007,65
AGCTGGCAACTGCCCACACA_008,37
AGCCCATGTAGAGAAACTGC_001,27
AGCCCATGTAGAGAAACTGC_002,70
AGCCCATGTAGAGAAACTGC_003,192
AGCCCATGTAGAGAAACTGC_004,8
AGCCCATGTAGAGAAACTGC_005,4
AGCCCATGTAGAGAAACTGC_006,81
AGCCCATGTAGAGAAACTGC_007,81
AGCCCATGTAGAGAAACTGC_008,82
AGCCCATGTAGAGAAACTGC_009,16
AGGGAACTGGACGCCCTTCG_001,72
AGGGAACTGGACGCCCTTCG_002,134
AGGGAACTGGACGCCCTTCG_003,142
AGGGAACTGGACGCCCTTCG_004,130
AGGGAACTGGACGCCCTTCG_005,170
AGGGAACTGGACGCCCTTCG_006,175
AGGGAACTGGACGCCCTTCG_007,106
AGGGAACTGGACGCCCTTCG_008,88
AAGTCGAGCGGCAAGCATTA_001,112
AAGTCGAGCGGCAAGCATTA_002,71
AAGTCGAGCGGCAAGCATTA_003,2
AAGTCGAGCGGCAAGCATTA_004,52
AAGTCGAGCGGCAAGCATTA_005,128
AAGTCGAGCGGCAAGCATTA_006,63
AAGTCGAGCGGCAAGCATTA_007,77
ACTTGGGTATTACACATGGA_001,163
ACTTGGGTATTACACATGGA_002,127
CAGCTGACCCACTCTCTGGG_001,48
CAGCTGACCCACTCTCTGGG_002,50
CAGCTGACCCACTCTCTGGG_003,126
CAGCTGACCCACTCTCTGGG_004,159
CAGCTGACCCACTCTCTGGG_005,124
CAGCTGACCCACTCTCTGGG_006,52
CAGCTGACCCACTCTCTGGG_007,106
TTCGGCCGCCTACTTCGGGT_001,9
TTCGGCCGCCTACTTCGGGT_002,1
TTCGGCCGCCTACTTCGGGT_003,19
TTCGGCCGCCTACTTCGGGT_004,43
TTCGGCCGCCTACTTCGGGT_005,106
TTCGGCCGCCTACTTCGGGT_006,16
TTCGGCCGCCTACTTCGGGT_007,48
TTCGGCCGCCTACTTCGGGT_008,48
TTCGGCCGCCTACTTCGGGT_009,188
TTCGGCCGCCTACTTCGGGT_010,94
TTCGGCCGCCTACTTCGGGT_011,22
TTCGGCCGCCTACTTCGGGT_012,88
TTCGGCCGCCTACTTCGGGT_013,192
TTCGGCCGCCTACTTCGGGT_014,162
TTCGGCCGCCTACTTCGGGT_015,87
TTCGGCCGCCTACTTCGGGT_016,137
TTCGGCCGCCTACTTCGGGT_017,95
TTCGGCCGCCTACTTCGGGT_018,15
TTCGGCCGCCTACTTCGGGT_019,137
TTCGGCCGCCTACTTCGGGT_020,69
TTCGGCCGCCTACTTCGGGT_021,60
TTCGGCCGCCTACTTCGGGT_022,193
TTCGGCCGCCTACTTCGGGT_023,67
TTCGGCCGCCTACTTCGGGT_024,61
TTCGGCCGCCTACTTCGGGT_025,61
TTCGGCCGCCTACTTCGGGT_026,166
TTCGGCCGCCTACTTCGGGT_027,61
TTCGGCCGCCTACTTCGGGT_028,198
TTCGGCCGCCTACTTCGGGT_029,127
TTCGGCCGCCTACTTCGGGT_030,49
TTCGGCCGCCTACTTCGGGT_031,199
TTCGGCCGCCTACTTCGGGT_032,49
CTCCAAGTTCAAGTAAGATG_001,141
CTCCAAGTTCAAGTAAGATG_002,145
CTCCAAGTTCAAGTAAGATG_003,170
CTCCAAGTTCAAGTAAGATG_004,99
AGATGCAACAAAGTCCAGAG_001,160
AGATGCAACAAAGTCCAGAG_002,127
AGATGCAACAAAGTCCAGAG_003,22
AGATGCAACAAAGTCCAGAG_004,62
AGATGCAACAAAGTCCAGAG_005,80
AGATGCAACAAAGTCCAGAG_006,196
AGATGCAACAAAGTCCAGAG_007,147
AGATGCAACAAAGTCCAGAG_008,60
AGATGCAACAAAGTCCAGAG_009,149
AGATGCAACAAAGTCCAGAG_010,77
AGATGCAACAAAGTCCAGAG_011,6
AGATGCAACAAAGTCCAGAG_012,196
AGATGCAACAAAGTCCAGAG_013,160
TCGCAAGGAAGCCAGCTAAG_001,55
TCGCAAGGAAGCCAGCTAAG_002,84
TCGCAAGGAAGCCAGCTAAG_003,48
TCGCAAGGAAGCCAGCTAAG_004,50
TCGCAAGGAAGCCAGCTAAG_005,12
TCGCAAGGAAGCCAGCTAAG_006,63
TCGCAAGGAAGCCAGCTAAG_007,183
TCGCAAGGAAGCCAGCTAAG_008,70
TCGCAAGGAAGCCAGCTAAG_009,130
TCGCAAGGAAGCCAGCTAAG_010,43
TCGCAAGGAAGCCAGCTAAG_011,146
TCGCAAGGAAGCCAGCTAAG_012,93
TCGCAAGGAAGCCAGCTAAG_013,67
TCGCAAGGAAGCCAGCTAAG_014,95
TCGCAAGGAAGCCAGCTAAG_015,158
TCGCAAGGAAGCCAGCTAAG_016,6
TCGCAAGGAAGCCAGCTAAG_017,83
TCGCAAGGAAGCCAGCTAAG_018,17
TCGCAAGGAAGCCAGCTAAG_019,56
TCGCAAGGAAGCCAGCTAAG_020,125
TCGCAAGGAAGCCAGCTAAG_021,136
TCGCAAGGAAGCCAGCTAAG_022,62
TCGCAAGGAAGCCAGCTAAG_023,121
TCGCAAGGAAGCCAGCTAAG_024,50
TCGCAAGGAAGCCAGCTAAG_025,174
TCGCAAGGAAGCCAGCTAAG_026,44
TCGCAAGGAAGCCAGCTAAG_027,175
TCGCAAGGAAGCCAGCTAAG_028,152
TCGCAAGGAAGCCAGCTAAG_029,62
TCGCAAGGAAGCCAGCTAAG_030,48
TCGCAAGGAAGCCAGCTAAG_031,189
TCGCAAGGAAGCCAGCTAAG_032,177
TCGCAAGGAAGCCAGCTAAG_033,142
TCGCAAGGAAGCCAGCTAAG_034,4
TCGCAAGGAAGCCAGCTAAG_035,115
TCGCAAGGAAGCCAGCTAAG_036,10
TCGCAAGGAAGCCAGCTAAG_037,0
TCGCAAGGAAGCCAGCTAAG_038,121
TCGCAAGGAAGCCAGCTAAG_039,27
TCGCAAGGAAGCCAGCTAAG_040,34
TCGCAAGGAAGCCAGCTAAG_041,168
TCGCAAGGAAGCCAGCTAAG_042,197
TCGCAAGGAAGCCAGCTAAG_043,153
CAGAACATGTATCGATTCGA_001,53
GAGTTCTCAGGTGCGCCTTG_001,112
GAGTTCTCAGGTGCGCCTTG_002,31
GAGTTCTCAGGTGCGCCTTG_003,24
GAGTTCTCAGGTGCGCCTTG_004,43
GAGTTCTCAGGTGCGCCTTG_005,137
GAGTTCTCAGGTGCGCCTTG_006,152
CCACATAGCACCGCAAAGAG_001,174
CCACATAGCACCGCAAAGAG_002,169
CCACATAGCACCGCAAAGAG_003,124
CCACATAGCACCGCAAAGAG_004,47
CCACATAGCACCGCAAAGAG_005,178
CCACATAGCACCGCAAAGAG_006,158
CCACATAGCACCGCAAAGAG_007,36
CCACATAGCACCGCAAAGAG_008,26
CCACATAGCACCGCAAAGAG_009,153
CCACATAGCACCGCAAAGAG_010,168
TCTGCTCTCACCTCTGGCGA_001,105
TCTGCTCTCACCTCTGGCGA_002,9
TCTGCTCTCACCTCTGGCGA_003,63
TCTGCTCTCACCTCTGGCGA_004,4
CAGAACCTAACAGAAGACAT_001,37
CAGAACCTAACAGAAGACAT_002,43
CAGAACCTAACAGAAGACAT_003,179
CAGAACCTAACAGAAGACAT_004,28
CAGAACCTAACAGAAGACAT_005,179
AGAAGTTGCCTCAGGTTACG_001,127
AGAAGTTGCCTCAGGTTACG_002,182
AGAAGTTGCCTCAGGTTACG_003,107
AGAAGTTGCCTCAGGTTACG_004,146
AGAAGTTGCCTCAGGTTACG_005,171
AGAAGTTGCCTCAGGTTACG_006,188
AGAAGTTGCCTCAGGTTACG_007,30
AGAAGTTGCCTCAGGTTACG_008,80
AGAAGTTGCCTCAGGTTACG_009,108
AGAAGTTGCCTCAGGTTACG_010,161
AGAAGTTGCCTCAGGTTACG_011,111
AGAAGTTGCCTCAGGTTACG_012,42
AGAAGTTGCCTCAGGTTACG_013,93
AGAAGTTGCCTCAGGTTACG_014,83
AGAAGTTGCCTCAGGTTACG_015,57
AGAAGTTGCCTCAGGTTACG_016,161
AGAAGTTGCCTCAGGTTACG_017,108
AGAAGTTGCCTCAGGTTACG_018,88
AGAAGTTGCCTCAGGTTACG_019,92
AGAAGTTGCCTCAGGTTACG_020,83
AGAAGTTGCCTCAGGTTACG_021,172
AGAAGTTGCCTCAGGTTACG_022,184
AGAAGTTGCCTCAGGTTACG_023,56
AGAAGTTGCCTCAGGTTACG_024,19
AGAAGTTGCCTCAGGTTACG_025,118
AGAAGTTGCCTCAGGTTACG_026,137
AGAAGTTGCCTCAGGTTACG_027,158
AGAAGTTGCCTCAGGTTACG_028,120
AGAAGTTGCCTCAGGTTACG_029,118
AGGGACATTCTGTTCACCCA_001,170
AGGGACATTCTGTTCACCCA_002,18
AGGGACATTCTGTTCACCCA_003,113
AGGGACATTCTGTTCACCCA_004,184
AGGGACATTCTGTTCACCCA_005,81
AGGGACATTCTGTTCACCCA_006,94
GAGGATTCGCTGACCGCCGG_001,103
GAGGATTCGCTGACCGCCGG_002,161
GAGGATTCGCTGACCGCCGG_003,178
GAGGATTCGCTGACCGCCGG_004,130
GCCCTGCACGAACAAGACCT_001,169
GCCCTGCACGAACAAGACCT_002,197
GCCCTGCACGAACAAGACCT_003,194
GCCCTGCACGAACAAGACCT_004,60
GCCCTGCACGAACAAGACCT_005,76
GCCCTGCACGAACAAGACCT_006,81
GCCCTGCACGAACAAGACCT_007,88
GCCCTGCACGAACAAGACCT_008,119
GCCCTGCACGAACAAGACCT_009,82
GCCCTGCACGAACAAGACCT_010,41
GCCCTGCACGAACAAGACCT_011,34
AGAGAACAACTAGTGGACCA_001,1
AGAGAACAACTAGTGGACCA_002,48
AGAGAACAACTAGTGGACCA_003,82
AGAGAACAACTAGTGGACCA_004,68
AGAGAACAACTAGTGGACCA_005,126
AGAGAACAACTAGTGGACCA_006,52
AGAGAACAACTAGTGGACCA_007,30
AGAGAACAACTAGTGGACCA_008,61
AGAGAACAACTAGTGGACCA_009,168
AGAGAACAACTAGTGGACCA_010,63
AGAGAACAACTAGTGGACCA_011,101
AGAGAACAACTAGTGGACCA_012,114
AGAGAACAACTAGTGGACCA_013,170
AGAGAACAACTAGTGGACCA_014,190
AGAGAACAACTAGTGGACCA_015,78
GGGGACACTGGACCTAAGGT_001,146
GGGGACACTGGACCTAAGGT_002,195
GGGGACACTGGACCTAAGGT_003,34
GGGGACACTGGACCTAAGGT_004,66
AACTCTTCTGAATCAGACAA_001,191
AACTCTTCTGAATCAGACAA_002,51
AACTCTTCTGAATCAGACAA_003,102
AACTCTTCTGAATCAGACAA_004,48
AATTCTCATTAATTTAACTG_001,117
AATTCTCATTAATTTAACTG_002,157
AATTCTCATTAATTTAACTG_003,11
AATTCTCATTAATTTAACTG_004,98
AATTCTCATTAATTTAACTG_005,72
AATTCTCATTAATTTAACTG_006,72
AGGGGACCTCCTTCACGAGG_001,159
AGGGGACCTCCTTCACGAGG_002,29
AGGGGACCTCCTTCACGAGG_003,38
AGGGGACCTCCTTCACGAGG_004,27
AGGGGACCTCCTTCACGAGG_005,16
AGGGGACCTCCTTCACGAGG_006,169
AGGGGACCTCCTTCACGAGG_007,38
AGGGGACCTCCTTCACGAGG_008,92
AGGGGACCTCCTTCACGAGG_009,15
AGGGGACCTCCTTCACGAGG_010,35
ACATTGACCACGTTCCAGCG_001,1
ACATTGACCACGTTCCAGCG_002,137
ACATTGACCACGTTCCAGCG_003,137
ACATTGACCACGTTCCAGCG_004,166
ACATTGACCACGTTCCAGCG_005,166
ACATTGACCACGTTCCAGCG_006,176
ACATTGACCACGTTCCAGCG_007,144
ACATTGACCACGTTCCAGCG_008,49
ACATTGACCACGTTCCAGCG_009,112
ACATTGACCACGTTCCAGCG_010,145
ACATTGACCACGTTCCAGCG_011,191
ACATTGACCACGTTCCAGCG_012,160
ACATTGACCACGTTCCAGCG_013,77
AGAACGTGAGCACAGAGAAG_001,113
AGAACGTGAGCACAGAGAAG_002,147
AGAACGTGAGCACAGAGAAG_003,113
AGAACGTGAGCACAGAGAAG_004,41
AGAACGTGAGCACAGAGAAG_005,0
AGAACGTGAGCACAGAGAAG_006,21
CAATATGACATGGCAAAAAG_001,133
CAATATGACATGGCAAAAAG_002,159
CAATATGACATGGCAAAAAG_003,9
CAATATGACATGGCAAAAAG_004,184
CAATATGACATGGCAAAAAG_005,166
CAATATGACATGGCAAAAAG_006,49
CAATATGACATGGCAAAAAG_007,180
CAATATGACATGGCAAAAAG_008,153
GCCTCTCAAGGAAAGTCCCG_001,42
CAAAGTGCCAACCATACACA_001,113
TGAATGGAATGCACCAGTGG_001,12
TGAATGGAATGCACCAGTGG_002,132
TGGTATGTAATGAGTCGAGT_001,118
TGGTATGTAATGAGTCGAGT_002,175
GTGGTGGGCGACCTGACCTA_001,185
GTGGTGGGCGACCTGACCTA_002,61
GTGGTGGGCGACCTGACCTA_003,168
GTGGTGGGCGACCTGACCTA_004,177
GTGGTGGGCGACCTGACCTA_005,102
GTGGTGGGCGACCTGACCTA_006,106
GTGGTGGGCGACCTGACCTA_007,25
GTGGTGGGCGACCTGACCTA_008,1
GTGGTGGGCGACCTGACCTA_009,142
GTGGTGGGCGACCTGACCTA_010,158
AAGTTGCACTGGCGAAAGTG_001,191
AAGTTGCACTGGCGAAAGTG_002,38
AAGTTGCACTGGCGAAAGTG_003,44
AAGTTGCACTGGCGAAAGTG_004,5
AAGTTGCACTGGCGAAAGTG_005,1
AAGTTGCACTGGCGAAAGTG_006,159
AAGTTGCACTGGCGAAAGTG_007,165
AAGTTGCACTGGCGAAAGTG_008,136
AAGTTGCACTGGCGAAAGTG_009,10
AAGTTGCACTGGCGAAAGTG_010,184
AAGTTGCACTGGCGAAAGTG_011,77
CAGCATCAGCATCAGCAATG_001,147
CAGCATCAGCATCAGCAATG_002,83
CAGCATCAGCATCAGCAATG_003,11
CAGCATCAGCATCAGCAATG_004,70
CAGCATCAGCATCAGCAATG_005,125
CAGCATCAGCATCAGCAATG_006,156
CAGCATCAGCATCAGCAATG_007,112
CAGCATCAGCATCAGCAATG_008,155
CAGCATCAGCATCAGCAATG_009,105
CAGCATCAGCATCAGCAATG_010,145
CAGCATCAGCATCAGCAATG_011,30
CAGCATCAGCATCAGCAATG_012,124
CAGCATCAGCATCAGCAATG_013,118
CAGCATCAGCATCAGCAATG_014,55
CAGCATCAGCATCAGCAATG_015,72
CAGCATCAGCATCAGCAATG_016,170
CAGCATCAGCATCAGCAATG_017,78
CAGCATCAGCATCAGCAATG_018,140
CAGCATCAGCATCAGCAATG_019,27
CAGCATCAGCATCAGCAATG_020,150
CAGCATCAGCATCAGCAATG_021,177
CAGCATCAGCATCAGCAATG_022,158
CAGCATCAGCATCAGCAATG_023,4
CAGCATCAGCATCAGCAATG_024,147
CAGCATCAGCATCAGCAATG_025,110
CAGCATCAGCATCAGCAATG_026,40
CAGCATCAGCATCAGCAATG_027,81
CAGCATCAGCATCAGCAATG_028,82
CAGCATCAGCATCAGCAATG_029,148
CAGCATCAGCATCAGCAATG_030,118
TCAGCTGAGAGTTCAAGTGA_001,85
TCAGCTGAGAGTTCAAGTGA_002,107
TCAGCTGAGAGTTCAAGTGA_003,86
TCAGCTGAGAGTTCAAGTGA_004,29
TCAGCTGAGAGTTCAAGTGA_005,109
TCAGCTGAGAGTTCAAGTGA_006,2
TCAGCTGAGAGTTCAAGTGA_007,174
TCAGCTGAGAGTTCAAGTGA_008,65
GAGTCCAAGGAATAGACCTG_001,128
GAGTCCAAGGAATAGACCTG_002,196
GAGTCCAAGGAATAGACCTG_003,196
GAGTCCAAGGAATAGACCTG_004,158
GAGTCCAAGGAATAGACCTG_005,29
GAGTCCAAGGAATAGACCTG_006,80
GAGTCCAAGGAATAGACCTG_007,171
GAGTCCAAGGAATAGACCTG_008,114
GAGTCCAAGGAATAGACCTG_009,91
GAGTCCAAGGAATAGACCTG_010,166
GAGTCCAAGGAATAGACCTG_011,145
GAGTCCAAGGAATAGACCTG_012,184
GAGTCCAAGGAATAGACCTG_013,134
GAGTCCAAGGAATAGACCTG_014,43
GAGTCCAAGGAATAGACCTG_015,40
GAGTCCAAGGAATAGACCTG_016,20
GAGTCCAAGGAATAGACCTG_017,169
GAGTCCAAGGAATAGACCTG_018,40
GAGTCCAAGGAATAGACCTG_019,168
GAGTCCAAGGAATAGACCTG_020,8
GAGTCCAAGGAATAGACCTG_021,4
GAGTCCAAGGAATAGACCTG_022,144
GTTAGAAAACTACAAAAACC_001,188
GTTAGAAAACTACAAAAACC_002,176
GTTAGAAAACTACAAAAACC_003,150
GTTAGAAAACTACAAAAACC_004,50
GTTAGAAAACTACAAAAACC_005,58
GTTAGAAAACTACAAAAACC_006,89
GTTAGAAAACTACAAAAACC_007,197
GTTAGAAAACTACAAAAACC_008,48
GTTCCTCATGTAGAAAAACC_001,41
GTTCCTCATGTAGAAAAACC_002,145
GCGTGCTACCGTGTCGAAGA_001,186
AAGTTCTGTGAGACAACCAT_001,116
AAGTTCTGTGAGACAACCAT_002,198
AAGTTCTGTGAGACAACCAT_003,55
AAGTTCTGTGAGACAACCAT_004,103
AAGTTCTGTGAGACAACCAT_005,169
AAGTTCTGTGAGACAACCAT_006,114
AAGTTCTGTGAGACAACCAT_007,114
AAGTTCTGTGAGACAACCAT_008,133
AAGTTCTGTGAGACAACCAT_009,84
TCAGTCCTAGTGTCATAACT_001,188
GGGTACTGAAGAGGATAAGT_001,96
GGGTACTGAAGAGGATAAGT_002,78
AGCGAACGCAGCGAGAGCCG_001,94
AGCGAACGCAGCGAGAGCCG_002,122
AGCGAACGCAGCGAGAGCCG_003,140
AGCGAACGCAGCGAGAGCCG_004,172
AGCGAACGCAGCGAGAGCCG_005,147
AGCGAACGCAGCGAGAGCCG_006,137
AGCGAACGCAGCGAGAGCCG_007,21
AGCGAACGCAGCGAGAGCCG_008,102
AGCGAACGCAGCGAGAGCCG_009,129
AGCGAACGCAGCGAGAGCCG_010,150
AGCGAACGCAGCGAGAGCCG_011,192
AGCGAACGCAGCGAGAGCCG_012,69
AGCGAACGCAGCGAGAGCCG_013,15
AGCGAACGCAGCGAGAGCCG_014,135
AGCGAACGCAGCGAGAGCCG_015,83
AGCGAACGCAGCGAGAGCCG_016,114
AGCGAACGCAGCGAGAGCCG_017,114
AGCGAACGCAGCGAGAGCCG_018,138
CAGCACCCGGCGGAAATAGG_001,198
CAGCACCCGGCGGAAATAGG_002,168
CAGCACCCGGCGGAAATAGG_003,28
CAGCACCCGGCGGAAATAGG_004,130
CAGCACCCGGCGGAAATAGG_005,174
CAGCACCCGGCGGAAATAGG_006,160
CAGCACCCGGCGGAAATAGG_007,146
CAGCACCCGGCGGAAATAGG_008,123
CAGCACCCGGCGGAAATAGG_009,113
CAGCACCCGGCGGAAATAGG_010,70
CAGCACCCGGCGGAAATAGG_011,75
CAGCACCCGGCGGAAATAGG_012,76
CAGCACCCGGCGGAAATAGG_013,141
CAGCACCCGGCGGAAATAGG_014,124
CAGCACCCGGCGGAAATAGG_015,45
CAGCACCCGGCGGAAATAGG_016,44
CAGCACCCGGCGGAAATAGG_017,130
TGAAGTAAAAGGAGACAATT_001,160
TGAAGTAAAAGGAGACAATT_002,18
TGAAGTAAAAGGAGACAATT_003,199
ACAGTACCCCGTCCTCACAG_001,3
ACAGTACCCCGTCCTCACAG_002,170
ACAGTACCCCGTCCTCACAG_003,143
ACAGTACCCCGTCCTCACAG_004,81
ACAGTACCCCGTCCTCACAG_005,142
ACAGTACCCCGTCCTCACAG_006,77
ACAGTACCCCGTCCTCACAG_007,66
ACAGTACCCCGTCCTCACAG_008,48
ACAGTACCCCGTCCTCACAG_009,19
ACTACTTAGAGCATCCATGT_001,124
AGAGATTCCTAACGTTGTCA_001,198
AGAGATTCCTAACGTTGTCA_002,102
AGAGATTCCTAACGTTGTCA_003,178
AGAGATTCCTAACGTTGTCA_004,121
AGAGATTCCTAACGTTGTCA_005,182
AGAGATTCCTAACGTTGTCA_006,3
AGAGATTCCTAACGTTGTCA_007,153
AGAGATTCCTAACGTTGTCA_008,199
AGAGATTCCTAACGTTGTCA_009,34
AGAGATTCCTAACGTTGTCA_010,84
AGAGATTCCTAACGTTGTCA_011,130
TCTATTTCAGTTTCCCAGCG_001,199
TCTATTTCAGTTTCCCAGCG_002,127
TACCGGCGGACCAACTTCGA_001,125
TACCGGCGGACCAACTTCGA_002,88
TACCGGCGGACCAACTTCGA_003,103
TACCGGCGGACCAACTTCGA_004,127
TACCGGCGGACCAACTTCGA_005,104
TACCGGCGGACCAACTTCGA_006,114
TACCGGCGGACCAACTTCGA_007,170
TACCGGCGGACCAACTTCGA_008,112
TACCGGCGGACCAACTTCGA_009,118
TGGCCGCCAGGAATCAAGGG_001,140
TGGCCGCCAGGAATCAAGGG_002,2
TGGCCGCCAGGAATCAAGGG_003,41
TGGCCGCCAGGAATCAAGGG_004,60
TGGCCGCCAGGAATCAAGGG_005,175
TGGCCGCCAGGAATCAAGGG_006,149
TTACTTGGGTGTAGACGAGG_001,170
TTACTTGGGTGTAGACGAGG_002,179
TTTCGTGTCAGATTACACAG_001,0
TTTCGTGTCAGATTACACAG_002,48
TTTCGTGTCAGATTACACAG_003,168
AATTCATGGGCTCGGTACTG_001,85
AATTCATGGGCTCGGTACTG_002,152
AATTCATGGGCTCGGTACTG_003,165
AATTCATGGGCTCGGTACTG_004,131
AATTCATGGGCTCGGTACTG_005,146
AATTCATGGGCTCGGTACTG_006,96
AATTCATGGGCTCGGTACTG_007,0
AATTCATGGGCTCGGTACTG_008,96
AATTCATGGGCTCGGTACTG_009,177
AATTCATGGGCTCGGTACTG_010,147
ATCAGTTCAAAGCTGCCGAG_001,76
ATCAGTTCAAAGCTGCCGAG_002,130
ATCAGTTCAAAGCTGCCGAG_003,27
ATCAGTTCAAAGCTGCCGAG_004,12
ATCAGTTCAAAGCTGCCGAG_005,63
ATCAGTTCAAAGCTGCCGAG_006,105
ATCAGTTCAAAGCTGCCGAG_007,130
ATCAGTTCAAAGCTGCCGAG_008,86
ATCAGTTCAAAGCTGCCGAG_009,149
ATCAGTTCAAAGCTGCCGAG_010,198
ATCAGTTCAAAGCTGCCGAG_011,28
ATCAGTTCAAAGCTGCCGAG_012,40
ATCAGTTCAAAGCTGCCGAG_013,114
ATCAGTTCAAAGCTGCCGAG_014,38
ATCAGTTCAAAGCTGCCGAG_015,194
ATCAGTTCAAAGCTGCCGAG_016,85
ATCAGTTCAAAGCTGCCGAG_017,144
ATCAGTTCAAAGCTGCCGAG_018,137
ATCAGTTCAAAGCTGCCGAG_019,42
ATCAGTTCAAAGCTGCCGAG_020,144
ATCAGTTCAAAGCTGCCGAG_021,61
ATCAGTTCAAAGCTGCCGAG_022,77
ATCAGTTCAAAGCTGCCGAG_023,106
ATCAGTTCAAAGCTGCCGAG_024,145
ATCAGTTCAAAGCTGCCGAG_025,148
ATCAGTTCAAAGCTGCCGAG_026,25
ATCAGTTCAAAGCTGCCGAG_027,197
CGGCTGAGGCACCTGGTTTA_001,68
CGGCTGAGGCACCTGGTTTA_002,108
CGGCTGAGGCACCTGGTTTA_003,8
CGGCTGAGGCACCTGGTTTA_004,115
CGGCTGAGGCACCTGGTTTA_005,2
CGGCTGAGGCACCTGGTTTA_006,75
CGGCTGAGGCACCTGGTTTA_007,176
CGGCTGAGGCACCTGGTTTA_008,195
CGGCTGAGGCACCTGGTTTA_009,85
CGGCTGAGGCACCTGGTTTA_010,15
CGGCTGAGGCACCTGGTTTA_011,22
CGGCTGAGGCACCTGGTTTA_012,191
CGGCTGAGGCACCTGGTTTA_013,65
CGGCTGAGGCACCTGGTTTA_014,138
CGGCTGAGGCACCTGGTTTA_015,120
CGGCTGAGGCACCTGGTTTA_016,34
CGGCTGAGGCACCTGGTTTA_017,144
CGGCTGAGGCACCTGGTTTA_018,157
CGGCTGAGGCACCTGGTTTA_019,159
CGGCTGAGGCACCTGGTTTA_020,40
CGGCTGAGGCACCTGGTTTA_021,197
CGGCTGAGGCACCTGGTTTA_022,49
CGGCTGAGGCACCTGGTTTA_023,146
CGGCTGAGGCACCTGGTTTA_024,61
CGGCTGAGGCACCTGGTTTA_025,149
CGGCTGAGGCACCTGGTTTA_026,162
CGGCTGAGGCACCTGGTTTA_027,188
CGGCTGAGGCACCTGGTTTA_028,15
CGGCTGAGGCACCTGGTTTA_029,118
CGGCTGAGGCACCTGGTTTA_030,0
CGGCTGAGGCACCTGGTTTA_031,178
CGGCTGAGGCACCTGGTTTA_032,166
CGGCTGAGGCACCTGGTTTA_033,39
CGGCTGAGGCACCTGGTTTA_034,193
CGGCTGAGGCACCTGGTTTA_035,177
CGGCTGAGGCACCTGGTTTA_036,28
CGGCTGAGGCACCTGGTTTA_037,49
CGGCTGAGGCACCTGGTTTA_038,130
CGGCTGAGGCACCTGGTTTA_039,138
GCCCATCTCCAGCATTGGAC_001,122
GCCCATCTCCAGCATTGGAC_002,27
GCCCATCTCCAGCATTGGAC_003,50
GCCCATCTCCAGCATTGGAC_004,15
GCCCATCTCCAGCATTGGAC_005,15
GCCCATCTCCAGCATTGGAC_006,145
GCCCATCTCCAGCATTGGAC_007,194
GCCCATCTCCAGCATTGGAC_008,50
GCCCATCTCCAGCATTGGAC_009,95
GCCCATCTCCAGCATTGGAC_010,90
GGAGTCGGACCAGTGCTCCG_001,10
GGAGTCGGACCAGTGCTCCG_002,41
GGAGTCGGACCAGTGCTCCG_003,105
GGAGTCGGACCAGTGCTCCG_004,49
GGAGTCGGACCAGTGCTCCG_005,83
GGAGTCGGACCAGTGCTCCG_006,147
GGAGTCGGACCAGTGCTCCG_007,49
GGAGTCGGACCAGTGCTCCG_008,13
GGAGTCGGACCAGTGCTCCG_009,199
GGAGTCGGACCAGTGCTCCG_010,52
GGAGTCGGACCAGTGCTCCG_011,52
AACTCGGCAGGACTTAAATG_001,23
AACTCGGCAGGACTTAAATG_002,23
AACTCGGCAGGACTTAAATG_003,175
AACTCGGCAGGACTTAAATG_004,115
AACTCGGCAGGACTTAAATG_005,49
AACTCGGCAGGACTTAAATG_006,192
AACTCGGCAGGACTTAAATG_007,61
AACTCGGCAGGACTTAAATG_008,160
AACTCGGCAGGACTTAAATG_009,78
AACTCGGCAGGACTTAAATG_010,116
AACTCGGCAGGACTTAAATG_011,91
AACTCGGCAGGACTTAAATG_012,160
AACTCGGCAGGACTTAAATG_013,192
AACTCGGCAGGACTTAAATG_014,165
AACTCGGCAGGACTTAAATG_015,83
AACTCGGCAGGACTTAAATG_016,113
CCACATAGATGACATCCGTG_001,139
CCACATAGATGACATCCGTG_002,3
CCACATAGATGACATCCGTG_003,45
CCACATAGATGACATCCGTG_004,70
GATCGTGAATGGAGCAGACG_001,39
GATCGTGAATGGAGCAGACG_002,170
GATCGTGAATGGAGCAGACG_003,119
GATCGTGAATGGAGCAGACG_004,17
GATCGTGAATGGAGCAGACG_005,42
GATCGTGAATGGAGCAGACG_006,146
GATCGTGAATGGAGCAGACG_007,70
GATCGTGAATGGAGCAGACG_008,16
GATCGTGAATGGAGCAGACG_009,83
GATCGTGAATGGAGCAGACG_010,137
GATCGTGAATGGAGCAGACG_011,51
GATCGTGAATGGAGCAGACG_012,68
GATCGTGAATGGAGCAGACG_013,61
GATCGTGAATGGAGCAGACG_014,115
GATCGTGAATGGAGCAGACG_015,93
GATCGTGAATGGAGCAGACG_016,116
GATCGTGAATGGAGCAGACG_017,172
GATCGTGAATGGAGCAGACG_018,57
GATCGTGAATGGAGCAGACG_019,47
GATCGTGAATGGAGCAGACG_020,178
GAGGCCGCTGCCCTAGTCGA_001,79
GAGGCCGCTGCCCTAGTCGA_002,105
GAGGCCGCTGCCCTAGTCGA_003,165
AATTATAGCAAATAAAAGTG_001,15
AATTATAGCAAATAAAAGTG_002,197
AATTATAGCAAATAAAAGTG_003,44
AATTATAGCAAATAAAAGTG_004,19
AATTATAGCAAATAAAAGTG_005,10
CGACCTTGGATCCCACGTCG_001,63
CGACCTTGGATCCCACGTCG_002,40
CGACCTTGGATCCCACGTCG_003,28
CGACCTTGGATCCCACGTCG_004,121
CGACCTTGGATCCCACGTCG_005,16
CGACCTTGGATCCCACGTCG_006,151
CGACCTTGGATCCCACGTCG_007,145
CGACCTTGGATCCCACGTCG_008,23
CGACCTTGGATCCCACGTCG_009,168
CGACCTTGGATCCCACGTCG_010,39
CGACCTTGGATCCCACGTCG_011,160
CGACCTTGGATCCCACGTCG_012,170
CGACCTTGGATCCCACGTCG_013,152
TTTACTGAGAGATCCAGACC_001,67
TTTACTGAGAGATCCAGACC_002,15
GAGCCGAGTTAGTGGAAAAG_001,182
GCCACTTGCCCGAGAGCACG_001,80
GCCACTTGCCCGAGAGCACG_002,28
GCCACTTGCCCGAGAGCACG_003,1
GCCACTTGCCCGAGAGCACG_004,9
GCCACTTGCCCGAGAGCACG_005,114
GCCACTTGCCCGAGAGCACG_006,149
GCCACTTGCCCGAGAGCACG_007,127
GCCACTTGCCCGAGAGCACG_008,144
GCCACTTGCCCGAGAGCACG_009,113
GCCACTTGCCCGAGAGCACG_010,63
GCCACTTGCCCGAGAGCACG_011,165
GCCACTTGCCCGAGAGCACG_012,197
GCCACTTGCCCGAGAGCACG_013,33
GCCACTTGCCCGAGAGCACG_014,130
GCCACTTGCCCGAGAGCACG_015,0
GCCACTTGCCCGAGAGCACG_016,71
GCCACTTGCCCGAGAGCACG_017,166
GCCACTTGCCCGAGAGCACG_018,47
GCCACTTGCCCGAGAGCACG_019,6
GGATAGAAGTAATCCAGACC_001,70
GGATAGAAGTAATCCAGACC_002,1
GGATAGAAGTAATCCAGACC_003,60
GCTGTGCCGATTGTCATGCA_001,128
GCTGTGCCGATTGTCATGCA_002,40
GCTGTGCCGATTGTCATGCA_003,147
GCTGTGCCGATTGTCATGCA_004,157
GCTGTGCCGATTGTCATGCA_005,81
TCACACGTGAGTTAAGGTCC_001,119
TCACACGTGAGTTAAGGTCC_002,93
TCACACGTGAGTTAAGGTCC_003,169
TCACACGTGAGTTAAGGTCC_004,77
TCACACGTGAGTTAAGGTCC_005,34
TCACACGTGAGTTAAGGTCC_006,12
TCACACGTGAGTTAAGGTCC_007,156
TCACACGTGAGTTAAGGTCC_008,144
TCACACGTGAGTTAAGGTCC_009,34
TCACACGTGAGTTAAGGTCC_010,17
TCACACGTGAGTTAAGGTCC_011,19
GAGGTAGCGTGACAACACGA_001,165
GAGGTAGCGTGACAACACGA_002,34
GAGGTAGCGTGACAACACGA_003,49
GAGGTAGCGTGACAACACGA_004,166
GAGGTAGCGTGACAACACGA_005,144
GAGGTAGCGTGACAACACGA_006,142
GAGGTAGCGTGACAACACGA_007,61
GAGGTAGCGTGACAACACGA_008,77
GAGGTAGCGTGACAACACGA_009,172
CAGAAGGACATCCTTTACAG_001,57
CAGAAGGACATCCTTTACAG_002,126
CAGAAGGACATCCTTTACAG_003,141
CAGAAGGACATCCTTTACAG_004,33
CAGAAGGACATCCTTTACAG_005,106
CAGAAGGACATCCTTTACAG_006,106
CAGAAGGACATCCTTTACAG_007,127
CAGAAGGACATCCTTTACAG_008,142
CAGAAGGACATCCTTTACAG_009,32
CCTCAGGTGACAGATTGACT_001,170
CCTCAGGTGACAGATTGACT_002,25
CCTCAGGTGACAGATTGACT_003,187
CCTCAGGTGACAGATTGACT_004,86
CCTCAGGTGACAGATTGACT_005,86
CCTCAGGTGACAGATTGACT_006,136
CCTCAGGTGACAGATTGACT_007,48
CCTCAGGTGACAGATTGACT_008,152
CCTCAGGTGACAGATTGACT_009,31
CCTCAGGTGACAGATTGACT_010,63
CCTCAGGTGACAGATTGACT_011,118
GGTGCAAGCGATACTGGCGC_001,20
GGTGCAAGCGATACTGGCGC_002,61
GGTGCAAGCGATACTGGCGC_003,3
GGTGCAAGCGATACTGGCGC_004,94
GGTGCAAGCGATACTGGCGC_005,130
GGTGCAAGCGATACTGGCGC_006,68
GGTGCAAGCGATACTGGCGC_007,89
GTTAGTGCTAGGCAGTCGAG_001,64
GTTAGTGCTAGGCAGTCGAG_002,102
GTTAGTGCTAGGCAGTCGAG_003,30
GTTAGTGCTAGGCAGTCGAG_004,108
GTTAGTGCTAGGCAGTCGAG_005,196
GTTAGTGCTAGGCAGTCGAG_006,177
GTTAGTGCTAGGCAGTCGAG_007,46
GTTAGTGCTAGGCAGTCGAG_008,169
GTTAGTGCTAGGCAGTCGAG_009,48
GTTAGTGCTAGGCAGTCGAG_010,43
GTTAGTGCTAGGCAGTCGAG_011,84
AGAGTGTCGTGAAACAGGAT_001,156
AGAGTGTCGTGAAACAGGAT_002,162
AGAGTGTCGTGAAACAGGAT_003,174
AGAGTGTCGTGAAACAGGAT_004,107
AGAGTGTCGTGAAACAGGAT_005,120
AGAGTGTCGTGAAACAGGAT_006,160
AGAGTGTCGTGAAACAGGAT_007,150
AGAGTGTCGTGAAACAGGAT_008,7
AGAGTGTCGTGAAACAGGAT_009,41
AGAGTGTCGTGAAACAGGAT_010,160
GCCGCCAAAAGTTGGTTACG_001,48
GCCGCCAAAAGTTGGTTACG_002,197
GCCGCCAAAAGTTGGTTACG_003,36
GCCGCCAAAAGTTGGTTACG_004,151
GCCGCCAAAAGTTGGTTACG_005,116
GCCGCCAAAAGTTGGTTACG_006,157
GCCGCCAAAAGTTGGTTACG_007,130
GCCGCCAAAAGTTGGTTACG_008,77
GCCGCCAAAAGTTGGTTACG_009,169
GCCGCCAAAAGTTGGTTACG_010,142
GCCGCCAAAAGTTGGTTACG_011,70
GCCGCCAAAAGTTGGTTACG_012,198
GCCGCCAAAAGTTGGTTACG_013,3
GCCGCCAAAAGTTGGTTACG_014,50
GCCGCCAAAAGTTGGTTACG_015,150
GCCGCCAAAAGTTGGTTACG_016,25
GCCGCCAAAAGTTGGTTACG_017,34
GCCGCCAAAAGTTGGTTACG_018,152
GCCGCCAAAAGTTGGTTACG_019,81
GCCGCCAAAAGTTGGTTACG_020,188
GCCGCCAAAAGTTGGTTACG_021,152
GCCGCCAAAAGTTGGTTACG_022,126
GCCGCCAAAAGTTGGTTACG_023,180
GCCGCCAAAAGTTGGTTACG_024,108
GCCGCCAAAAGTTGGTTACG_025,100
GCCGCCAAAAGTTGGTTACG_026,168
TATGGTTATACCGGTCCCAG_001,82
TGCTGCTTACGCCAATAAGG_001,40
TGCTGCTTACGCCAATAAGG_002,144
TGCTGCTTACGCCAATAAGG_003,132
TGCTGCTTACGCCAATAAGG_004,5
TGCTGCTTACGCCAATAAGG_005,140
TGCTGCTTACGCCAATAAGG_006,58
TGCTGCTTACGCCAATAAGG_007,94
TGCTGCTTACGCCAATAAGG_008,158
TGCTGCTTACGCCAATAAGG_009,147
ATTGGTCCCGTATACCACCC_001,62
ATTGGTCCCGTATACCACCC_002,16
ATTGGTCCCGTATACCACCC_003,147
ATTGGTCCCGTATACCACCC_004,35
TCCAGCAACTGTTAATTGAG_001,40
TCCAGCAACTGTTAATTGAG_002,68
TCCAGCAACTGTTAATTGAG_003,83
TCCAGCAACTGTTAATTGAG_004,198
TCCAGCAACTGTTAATTGAG_005,138
TCCAGCAACTGTTAATTGAG_006,193
TCCAGCAACTGTTAATTGAG_007,64
CTTAGGACACCCTTCTACAG_001,175
CTTAGGACACCCTTCTACAG_002,185
CTTAGGACACCCTTCTACAG_003,9
CTTAGGACACCCTTCTACAG_004,175
CTTAGGACACCCTTCTACAG_005,137
GCAGTGCTACCCTCGTCCGG_001,4
GCAGTGCTACCCTCGTCCGG_002,24
GCAGTGCTACCCTCGTCCGG_003,152
GCAGTGCTACCCTCGTCCGG_004,129
GCAGTGCTACCCTCGTCCGG_005,30
GCAGTGCTACCCTCGTCCGG_006,174
GCAGTGCTACCCTCGTCCGG_007,101
GGTTCCCTAGAGAATCAACT_001,153
GGTTCCCTAGAGAATCAACT_002,1
GGTTCCCTAGAGAATCAACT_003,120
GGTTCCCTAGAGAATCAACT_004,145
GGTTCCCTAGAGAATCAACT_005,29
GGTTCCCTAGAGAATCAACT_006,143
ATGAAGTGTACCAAAGTCGG_001,8
ATGAAGTGTACCAAAGTCGG_002,98
ATGAAGTGTACCAAAGTCGG_003,9
ATGAAGTGTACCAAAGTCGG_004,12
ATGAAGTGTACCAAAGTCGG_005,2
ATGAAGTGTACCAAAGTCGG_006,104
ATGAAGTGTACCAAAGTCGG_007,130
ATGAAGTGTACCAAAGTCGG_008,92
ATGAAGTGTACCAAAGTCGG_009,148
ATGAAGTGTACCAAAGTCGG_010,82
ATGAAGTGTACCAAAGTCGG_011,40
ACACCATGATTAGAACACCC_001,165
AGTAGGTGGAGTCTGAAACC_001,44
AGTAGGTGGAGTCTGAAACC_002,183
CTCTGTTGCCTACAAGAATG_001,103
CTCTGTTGCCTACAAGAATG_002,147
CTCTGTTGCCTACAAGAATG_003,15
CTCTGTTGCCTACAAGAATG_004,50
CTCTGTTGCCTACAAGAATG_005,81
CTCTGTTGCCTACAAGAATG_006,16
CTCTGTTGCCTACAAGAATG_007,185
CTCTGTTGCCTACAAGAATG_008,70
CTCTGTTGCCTACAAGAATG_009,50
CTCTGTTGCCTACAAGAATG_010,146
CTCTGTTGCCTACAAGAATG_011,41
CTCTGTTGCCTACAAGAATG_012,58
CTCTGTTGCCTACAAGAATG_013,155
CTCTGTTGCCTACAAGAATG_014,81
GAAGCCGAGGAGGATCGCAG_001,33
GAAGCCGAGGAGGATCGCAG_002,169
GAAGCCGAGGAGGATCGCAG_003,145
GAAGCCGAGGAGGATCGCAG_004,95
GAAGCCGAGGAGGATCGCAG_005,55
GAAGCCGAGGAGGATCGCAG_006,126
GAAGCCGAGGAGGATCGCAG_007,24
GAAGCCGAGGAGGATCGCAG_008,86
GAAGCCGAGGAGGATCGCAG_009,86
GAAGCCGAGGAGGATCGCAG_010,84
GAAGCCGAGGAGGATCGCAG_011,88
GAAGCCGAGGAGGATCGCAG_012,47
GAAGCCGAGGAGGATCGCAG_013,172
GAAGCCGAGGAGGATCGCAG_014,36
TCTGGCTTGAGACTAGACGG_001,74
TCTGGCTTGAGACTAGACGG_002,20
TCTGGCTTGAGACTAGACGG_003,115
TCTGGCTTGAGACTAGACGG_004,182
TCTGGCTTGAGACTAGACGG_005,41
TCTGGCTTGAGACTAGACGG_006,28
TCTGGCTTGAGACTAGACGG_007,126
TCTGGCTTGAGACTAGACGG_008,63
TCTGGCTTGAGACTAGACGG_009,52
CGTGGTAGGGCAGAGCACAT_001,132
CGTGGTAGGGCAGAGCACAT_002,92
CGTGGTAGGGCAGAGCACAT_003,15
CGTGGTAGGGCAGAGCACAT_004,38
CGTGGTAGGGCAGAGCACAT_005,19
CGTGGTAGGGCAGAGCACAT_006,49
CGTGGTAGGGCAGAGCACAT_007,137
CGTGGTAGGGCAGAGCACAT_008,32
CGTGGTAGGGCAGAGCACAT_009,101
CGTGGTAGGGCAGAGCACAT_010,4
CGTGGTAGGGCAGAGCACAT_011,180
CGTGGTAGGGCAGAGCACAT_012,28
CGTGGTAGGGCAGAGCACAT_013,11
CGTGGTAGGGCAGAGCACAT_014,65
CGTGGTAGGGCAGAGCACAT_015,184
CGTGGTAGGGCAGAGCACAT_016,188
CGTGGTAGGGCAGAGCACAT_017,4
CGTGGTAGGGCAGAGCACAT_018,88
CGTGGTAGGGCAGAGCACAT_019,13
CGTGGTAGGGCAGAGCACAT_020,29
CGTGGTAGGGCAGAGCACAT_021,116
CGTGGTAGGGCAGAGCACAT_022,119
ATCCATGTGGTTACAATATT_001,85
ATCCATGTGGTTACAATATT_002,18
ATCCATGTGGTTACAATATT_003,54
ATCCATGTGGTTACAATATT_004,176
ATCCATGTGGTTACAATATT_005,168
ATCCATGTGGTTACAATATT_006,96
ATCCATGTGGTTACAATATT_007,127
ATCCATGTGGTTACAATATT_008,158
ATCCATGTGGTTACAATATT_009,46
ATCCATGTGGTTACAATATT_010,182
ATCCATGTGGTTACAATATT_011,177
ATCCATGTGGTTACAATATT_012,179
ATCCATGTGGTTACAATATT_013,15
ATCCATGTGGTTACAATATT_014,184
ATCCATGTGGTTACAATATT_015,41
GGAGGTTGACCCGCTCAACG_001,138
GGAGGTTGACCCGCTCAACG_002,34
GGAGGTTGACCCGCTCAACG_003,14
GGAGGTTGACCCGCTCAACG_004,188
GGAGGTTGACCCGCTCAACG_005,13
GGAGGTTGACCCGCTCAACG_006,8
ACCGTCGCTCAAGGGCTACG_001,5
ACCGTCGCTCAAGGGCTACG_002,169
ACCGTCGCTCAAGGGCTACG_003,80
ACCGTCGCTCAAGGGCTACG_004,119
ACCGTCGCTCAAGGGCTACG_005,138
ACCGTCGCTCAAGGGCTACG_006,77
ACCGTCGCTCAAGGGCTACG_007,77
ACCGTCGCTCAAGGGCTACG_008,161
ACCGTCGCTCAAGGGCTACG_009,103
ACCGTCGCTCAAGGGCTACG_010,185
ACCGTCGCTCAAGGGCTACG_011,194
ACCGTCGCTCAAGGGCTACG_012,8
ACCGTCGCTCAAGGGCTACG_013,106
ACCGTCGCTCAAGGGCTACG_014,138
ACCGTCGCTCAAGGGCTACG_015,179
ACCGTCGCTCAAGGGCTACG_016,136
ACCGTCGCTCAAGGGCTACG_017,116
ACCGTCGCTCAAGGGCTACG_018,146
ACCGTCGCTCAAGGGCTACG_019,76
ACCGTCGCTCAAGGGCTACG_020,77
ACCGTCGCTCAAGGGCTACG_021,165
ACCGTCGCTCAAGGGCTACG_022,64
ACCGTCGCTCAAGGGCTACG_023,149
ACCGTCGCTCAAGGGCTACG_024,129
TGGCTACGTAGTGTATACTT_001,140
TGGCTACGTAGTGTATACTT_002,144
TGGCTACGTAGTGTATACTT_003,106
TGGCTACGTAGTGTATACTT_004,115
TGGCTACGTAGTGTATACTT_005,123
TGGCTACGTAGTGTATACTT_006,49
TGGCTACGTAGTGTATACTT_007,78
TGGCTACGTAGTGTATACTT_008,193
CCTTTGGTGAGGAGAGCACG_001,43
CCTTTGGTGAGGAGAGCACG_002,4
CCTTTGGTGAGGAGAGCACG_003,50
CCTTTGGTGAGGAGAGCACG_004,121
CCTTTGGTGAGGAGAGCACG_005,34
CCTTTGGTGAGGAGAGCACG_006,145
CCTTTGGTGAGGAGAGCACG_007,28
CCTTTGGTGAGGAGAGCACG_008,76
CCTTTGGTGAGGAGAGCACG_009,141
CCTTTGGTGAGGAGAGCACG_010,187
CCTTTGGTGAGGAGAGCACG_011,116
CCTTTGGTGAGGAGAGCACG_012,26
CCTTTGGTGAGGAGAGCACG_013,177
CCTTTGGTGAGGAGAGCACG_014,2
CCTTTGGTGAGGAGAGCACG_015,2
CGTCCATGCGAAACAAGGCT_001,141
CGTCCATGCGAAACAAGGCT_002,115
CGTCCATGCGAAACAAGGCT_003,168
CGTCCATGCGAAACAAGGCT_004,134
CGTCCATGCGAAACAAGGCT_005,2
CGTCCATGCGAAACAAGGCT_006,168
AGCAGGTGAAGTAACCTATG_001,85
AGCAGGTGAAGTAACCTATG_002,1
AGCAGGTGAAGTAACCTATG_003,98
AGCAGGTGAAGTAACCTATG_004,169
AGCAGGTGAAGTAACCTATG_005,14
AGCAGGTGAAGTAACCTATG_006,183
AGCAGGTGAAGTAACCTATG_007,183
CACTGCAGACGCCATCACCG_001,78
CACTGCAGACGCCATCACCG_002,127
CACTGCAGACGCCATCACCG_003,3
CACTGCAGACGCCATCACCG_004,183
CACTGCAGACGCCATCACCG_005,164
CACTGCAGACGCCATCACCG_006,30
CACTGCAGACGCCATCACCG_007,84
CACTGCAGACGCCATCACCG_008,147
CACTGCAGACGCCATCACCG_009,18
CACTGCAGACGCCATCACCG_010,52
CACTGCAGACGCCATCACCG_011,58
CACTGCAGACGCCATCACCG_012,24
CACTGCAGACGCCATCACCG_013,147
CACTGCAGACGCCATCACCG_014,19
CACTGCAGACGCCATCACCG_015,77
CACTGCAGACGCCATCACCG_016,171
CACTGCAGACGCCATCACCG_017,34
CACTGCAGACGCCATCACCG_018,30
CACTGCAGACGCCATCACCG_019,19
CACTGCAGACGCCATCACCG_020,146
GAGCGGTGTACTTACTGACA_001,29
GAGCGGTGTACTTACTGACA_002,107
GAGCGGTGTACTTACTGACA_003,8
GAGCGGTGTACTTACTGACA_004,177
GAGCGGTGTACTTACTGACA_005,75
GAGCGGTGTACTTACTGACA_006,28
GAGCGGTGTACTTACTGACA_007,29
GAGCGGTGTACTTACTGACA_008,9
GAGCGGTGTACTTACTGACA_009,50
GAGCGGTGTACTTACTGACA_010,38
GAGCGGTGTACTTACTGACA_011,28
GAGCGGTGTACTTACTGACA_012,108
GAGCGGTGTACTTACTGACA_013,17
GAGCGGTGTACTTACTGACA_014,184
TAGGTCCACGGCAGTCACCG_001,183
TAGGTCCACGGCAGTCACCG_002,81
TAGGTCCACGGCAGTCACCG_003,47
TAGGTCCACGGCAGTCACCG_004,108
TAGGTCCACGGCAGTCACCG_005,119
TAGGTCCACGGCAGTCACCG_006,160
TAGGTCCACGGCAGTCACCG_007,33
TAGGTCCACGGCAGTCACCG_008,101
TAGGTCCACGGCAGTCACCG_009,98
TAGGTCCACGGCAGTCACCG_010,110
TAGGTCCACGGCAGTCACCG_011,175
TAGGTCCACGGCAGTCACCG_012,123
TAGGTCCACGGCAGTCACCG_013,8
TAGGTCCACGGCAGTCACCG_014,15
TAGGTCCACGGCAGTCACCG_015,11
TAGGTCCACGGCAGTCACCG_016,6
TAGGTCCACGGCAGTCACCG_017,83
TAGGTCCACGGCAGTCACCG_018,33
TAGGTCCACGGCAGTCACCG_019,19
TAGGTCCACGGCAGTCACCG_020,115
TAGGTCCACGGCAGTCACCG_021,184
TAGGTCCACGGCAGTCACCG_022,125
TAGGTCCACGGCAGTCACCG_023,178
TAGGTCCACGGCAGTCACCG_024,152
TAGGTCCACGGCAGTCACCG_025,166
TAGGTCCACGGCAGTCACCG_026,55
TAGGTCCACGGCAGTCACCG_027,165
TAGGTCCACGGCAGTCACCG_028,10
AGGTGTCGGAACACCTAAGG_001,133
AGGTGTCGGAACACCTAAGG_002,96
AGGTGTCGGAACACCTAAGG_003,118
AGGTGTCGGAACACCTAAGG_004,39
AGGTGTCGGAACACCTAAGG_005,55
AAACCAACGACCTCCAGGCG_001,125
AAACCAACGACCTCCAGGCG_002,36
AAACCAACGACCTCCAGGCG_003,58
AAACCAACGACCTCCAGGCG_004,198
AAACCAACGACCTCCAGGCG_005,116
AAACCAACGACCTCCAGGCG_006,50
ATGCGTGGCTCGAACTGACG_001,54
ATGCGTGGCTCGAACTGACG_002,25
ATGCGTGGCTCGAACTGACG_003,144
ATGCGTGGCTCGAACTGACG_004,159
ATGCGTGGCTCGAACTGACG_005,186
ATGCGTGGCTCGAACTGACG_006,32
ATGCGTGGCTCGAACTGACG_007,178
ATGCGTGGCTCGAACTGACG_008,121
ATGCGTGGCTCGAACTGACG_009,94
ATGCGTGGCTCGAACTGACG_010,102
CACCTCCTCAAAGACAACCG_001,115
CACCTCCTCAAAGACAACCG_002,41
CACCTCCTCAAAGACAACCG_003,62
CACCTCCTCAAAGACAACCG_004,70
CACCTCCTCAAAGACAACCG_005,84
CATGTTATACAGTACCCACG_001,56
CATGTTATACAGTACCCACG_002,42
CATGTTATACAGTACCCACG_003,44
CATGTTATACAGTACCCACG_004,141
CATGTTATACAGTACCCACG_005,141
CATGTTATACAGTACCCACG_006,88
CATGTTATACAGTACCCACG_007,156
CATGTTATACAGTACCCACG_008,191
CATGTTATACAGTACCCACG_009,191
ACTTTCTACAATCCTCCAAG_001,17
ACTTTCTACAATCCTCCAAG_002,34
ACTTTCTACAATCCTCCAAG_003,50
ACTTTCTACAATCCTCCAAG_004,86
ACTTTCTACAATCCTCCAAG_005,38
ACTTTCTACAATCCTCCAAG_006,77
ACTTTCTACAATCCTCCAAG_007,3
GAGCGGTACAGCCCTTGACC_001,172
GAGCGGTACAGCCCTTGACC_002,47
GAGCGGTACAGCCCTTGACC_003,88
GAGCGGTACAGCCCTTGACC_004,186
GAGCGGTACAGCCCTTGACC_005,179
GAGCGGTACAGCCCTTGACC_006,142
GAGCGGTACAGCCCTTGACC_007,60
GAGCGGTACAGCCCTTGACC_008,158
GAGCGGTACAGCCCTTGACC_009,81
GAGCGGTACAGCCCTTGACC_010,1
GAGCGGTACAGCCCTTGACC_011,141
GTGGCACGAAGATATTACTC_001,42
TGGAATCAATCCCAGGATAT_001,198
AGTTAACATCCCTAATAGGA_001,56
CCCGAGGAGTCCGGTCACAA_001,41
CCCGAGGAGTCCGGTCACAA_002,69
CCCGAGGAGTCCGGTCACAA_003,157
CCCGAGGAGTCCGGTCACAA_004,144
CCCGAGGAGTCCGGTCACAA_005,7
CCCGAGGAGTCCGGTCACAA_006,106
CCCGAGGAGTCCGGTCACAA_007,56
CCCGAGGAGTCCGGTCACAA_008,91
CCCGAGGAGTCCGGTCACAA_009,44
CCCGAGGAGTCCGGTCACAA_010,15
CCCGAGGAGTCCGGTCACAA_011,88
CCCGAGGAGTCCGGTCACAA_012,48
CCCGAGGAGTCCGGTCACAA_013,128
CCCGAGGAGTCCGGTCACAA_014,29
CCCGAGGAGTCCGGTCACAA_015,177
CCCGAGGAGTCCGGTCACAA_016,18
CCCGAGGAGTCCGGTCACAA_017,70
CCCGAGGAGTCCGGTCACAA_018,22
CCCGAGGAGTCCGGTCACAA_019,161
CCCGAGGAGTCCGGTCACAA_020,134
CTTCCAACTCTCTGAAATGG_001,35
CTTCCAACTCTCTGAAATGG_002,48
CTTCCAACTCTCTGAAATGG_003,87
CACGGATGTCACTGAGTACG_001,115
CACGGATGTCACTGAGTACG_002,132
CACGGATGTCACTGAGTACG_003,51
CTCCAGGTGGTTGTTCACCA_001,141
CTCCAGGTGGTTGTTCACCA_002,55
CTCCAGGTGGTTGTTCACCA_003,56
CTCCAGGTGGTTGTTCACCA_004,18
CTCCAGGTGGTTGTTCACCA_005,133
CTCCAGGTGGTTGTTCACCA_006,26
CTCCAGGTGGTTGTTCACCA_007,80
CTCCAGGTGGTTGTTCACCA_008,4
CTCCAGGTGGTTGTTCACCA_009,61
CTCCAGGTGGTTGTTCACCA_010,160
CTCCAGGTGGTTGTTCACCA_011,155
CTCCAGGTGGTTGTTCACCA_012,177
CTCCAGGTGGTTGTTCACCA_013,61
CTCCAGGTGGTTGTTCACCA_014,184
CTCCAGGTGGTTGTTCACCA_015,1
CTCCAGGTGGTTGTTCACCA_016,3
CTCCAGGTGGTTGTTCACCA_017,8
CTCCAGGTGGTTGTTCACCA_018,49
CTCCAGGTGGTTGTTCACCA_019,89
AACGTGTGAGAGATCTACTT_001,106
AACGTGTGAGAGATCTACTT_002,77
AACGTGTGAGAGATCTACTT_003,95
AACGTGTGAGAGATCTACTT_004,112
AACGTGTGAGAGATCTACTT_005,25
AACGTGTGAGAGATCTACTT_006,168
AACGTGTGAGAGATCTACTT_007,199
AACGTGTGAGAGATCTACTT_008,66
AACGTGTGAGAGATCTACTT_009,43
AACGTGTGAGAGATCTACTT_010,63
AACGTGTGAGAGATCTACTT_011,59
AACGTGTGAGAGATCTACTT_012,56
AACGTGTGAGAGATCTACTT_013,151
AACGTGTGAGAGATCTACTT_014,113
AACGTGTGAGAGATCTACTT_015,40
AACGTGTGAGAGATCTACTT_016,162
AACGTGTGAGAGATCTACTT_017,12
AACGTGTGAGAGATCTACTT_018,64
AACGTGTGAGAGATCTACTT_019,134
AACGTGTGAGAGATCTACTT_020,148
AACGTGTGAGAGATCTACTT_021,36
GACTCGGGATGAGAAACGCA_001,74
GACTCGGGATGAGAAACGCA_002,11
GACTCGGGATGAGAAACGCA_003,0
GACTCGGGATGAGAAACGCA_004,129
CTCCTCTATCTGGTATGCAA_001,8
CTCCTCTATCTGGTATGCAA_002,120
CTCCTCTATCTGGTATGCAA_003,77
CTCCTCTATCTGGTATGCAA_004,184
CTCCTCTATCTGGTATGCAA_005,65
GCTGAGAGAATCAGGCCATG_001,196
GCTGAGAGAATCAGGCCATG_002,108
GCTGAGAGAATCAGGCCATG_003,115
GCTGAGAGAATCAGGCCATG_004,118
GCTGAGAGAATCAGGCCATG_005,135
GCTGAGAGAATCAGGCCATG_006,30
GCTGAGAGAATCAGGCCATG_007,172
GCTGAGAGAATCAGGCCATG_008,170
GCTGAGAGAATCAGGCCATG_009,139
TGAGGCCTTACCGAGCTCAG_001,40
TGAGGCCTTACCGAGCTCAG_002,61
TGAGGCCTTACCGAGCTCAG_003,139
TGAGGCCTTACCGAGCTCAG_004,160
TGAGGCCTTACCGAGCTCAG_005,174
TGAGGCCTTACCGAGCTCAG_006,66
TGCCAGGCAAGACTCTCAAG_001,9
TGCCAGGCAAGACTCTCAAG_002,129
TGCCAGGCAAGACTCTCAAG_003,14
TGCCAGGCAAGACTCTCAAG_004,183
TGCCAGGCAAGACTCTCAAG_005,20
TGCCAGGCAAGACTCTCAAG_006,38
TGCCAGGCAAGACTCTCAAG_007,150
TGCCAGGCAAGACTCTCAAG_008,125
TGCCAGGCAAGACTCTCAAG_009,130
TGCCAGGCAAGACTCTCAAG_010,174
AACAGTGCTGCCTTAAGACA_001,125
AACAGTGCTGCCTTAAGACA_002,99
AACAGTGCTGCCTTAAGACA_003,12
AACAGTGCTGCCTTAAGACA_004,75
AACAGTGCTGCCTTAAGACA_005,19
AACAGTGCTGCCTTAAGACA_006,88
AACAGTGCTGCCTTAAGACA_007,105
AACAGTGCTGCCTTAAGACA_008,55
AACAGTGCTGCCTTAAGACA_009,141
AACGTGCCCGAGAACTCGCG_001,191
AACGTGCCCGAGAACTCGCG_002,78
AACGTGCCCGAGAACTCGCG_003,104
AACGTGCCCGAGAACTCGCG_004,52
AACGTGCCCGAGAACTCGCG_005,57
AACGTGCCCGAGAACTCGCG_006,9
AACGTGCCCGAGAACTCGCG_007,56
AACGTGCCCGAGAACTCGCG_008,63
AACGTGCCCGAGAACTCGCG_009,6
AACGTGCCCGAGAACTCGCG_010,19
AACGTGCCCGAGAACTCGCG_011,176
AACGTGCCCGAGAACTCGCG_012,171
AACGTGCCCGAGAACTCGCG_013,1
AACGTGCCCGAGAACTCGCG_014,27
AACGTGCCCGAGAACTCGCG_015,46
AACGTGCCCGAGAACTCGCG_016,74
AACGTGCCCGAGAACTCGCG_017,86
AACGTGCCCGAGAACTCGCG_018,169
AACGTGCCCGAGAACTCGCG_019,0
AACGTGCCCGAGAACTCGCG_020,12
ACGAAACTTAGAAGCTTACG_001,94
ACGAAACTTAGAAGCTTACG_002,80
ACGAAACTTAGAAGCTTACG_003,127
ACGAAACTTAGAAGCTTACG_004,60
ACGAAACTTAGAAGCTTACG_005,145
ACGAAACTTAGAAGCTTACG_006,136
GGGCATTGAAAACTTCAGCT_001,76
GGGCATTGAAAACTTCAGCT_002,9
GGGCATTGAAAACTTCAGCT_003,33
GGGCATTGAAAACTTCAGCT_004,42
GGGCATTGAAAACTTCAGCT_005,160
GGGCATTGAAAACTTCAGCT_006,4
GGGCATTGAAAACTTCAGCT_007,34
GGGCATTGAAAACTTCAGCT_008,81
GGGCATTGAAAACTTCAGCT_009,180
GGGCATTGAAAACTTCAGCT_010,52
CAGGCCTGCGTTACACACTG_001,102
CAGGCCTGCGTTACACACTG_002,129
CAGGCCTGCGTTACACACTG_003,88
CAGGCCTGCGTTACACACTG_004,85
CAGGCCTGCGTTACACACTG_005,78
GAAGGGAGCAGTATGCAGAG_001,193
GAAGGGAGCAGTATGCAGAG_002,31
GAAGGGAGCAGTATGCAGAG_003,130
GAAGGGAGCAGTATGCAGAG_004,137
GAAGGGAGCAGTATGCAGAG_005,164
GAAGGGAGCAGTATGCAGAG_006,158
GAAGGGAGCAGTATGCAGAG_007,67
GAAGGGAGCAGTATGCAGAG_008,100
GAAGGGAGCAGTATGCAGAG_009,118
GAAGGGAGCAGTATGCAGAG_010,129
GAAGGGAGCAGTATGCAGAG_011,20
GAAGGGAGCAGTATGCAGAG_012,55
GAAGGGAGCAGTATGCAGAG_013,182
GAAGGGAGCAGTATGCAGAG_014,75
GAAGGGAGCAGTATGCAGAG_015,163
GAAGGGAGCAGTATGCAGAG_016,144
GAAGGGAGCAGTATGCAGAG_017,68
GAAGGGAGCAGTATGCAGAG_018,123
GAAGGGAGCAGTATGCAGAG_019,47
GAAGGGAGCAGTATGCAGAG_020,6
GAAGGGAGCAGTATGCAGAG_021,83
GAAGGGAGCAGTATGCAGAG_022,40
GAAGGGAGCAGTATGCAGAG_023,161
GAAGGGAGCAGTATGCAGAG_024,64
GAAGGGAGCAGTATGCAGAG_025,56
GAAGGGAGCAGTATGCAGAG_026,156
GAAGGGAGCAGTATGCAGAG_027,34
GAAGGGAGCAGTATGCAGAG_028,12
GAAGGGAGCAGTATGCAGAG_029,78
GAAGGGAGCAGTATGCAGAG_030,130
GAAGGGAGCAGTATGCAGAG_031,34
GAAGGGAGCAGTATGCAGAG_032,57
GAAGGGAGCAGTATGCAGAG_033,78
GAAGGGAGCAGTATGCAGAG_034,188
GAAGGGAGCAGTATGCAGAG_035,199
GAAGGGAGCAGTATGCAGAG_036,78
GAAGGGAGCAGTATGCAGAG_037,70
GCTGAACCACAATCTCTACG_001,168
GCTGAACCACAATCTCTACG_002,48
GCTGAACCACAATCTCTACG_003,178
GCTGAACCACAATCTCTACG_004,34
GGTTGAAGTAGAGTTGAAAG_001,19
GGTTGAAGTAGAGTTGAAAG_002,83
GGTTGAAGTAGAGTTGAAAG_003,184
AGGACAATGTCGCCCGCGTG_001,60
AGGACAATGTCGCCCGCGTG_002,173
AGGACAATGTCGCCCGCGTG_003,51
AGGACAATGTCGCCCGCGTG_004,147
AGGACAATGTCGCCCGCGTG_005,44
AGGACAATGTCGCCCGCGTG_006,126
CATCATGTCGAACTGCACTG_001,83
CATCATGTCGAACTGCACTG_002,62
CATCATGTCGAACTGCACTG_003,146
CATCATGTCGAACTGCACTG_004,198
CATCATGTCGAACTGCACTG_005,140
CATCATGTCGAACTGCACTG_006,175
CATCATGTCGAACTGCACTG_007,31
CATCATGTCGAACTGCACTG_008,11
CATCATGTCGAACTGCACTG_009,53
CATCATGTCGAACTGCACTG_010,54
CATCATGTCGAACTGCACTG_011,184
CATCATGTCGAACTGCACTG_012,82
CATCATGTCGAACTGCACTG_013,112
CATCATGTCGAACTGCACTG_014,5
CATCATGTCGAACTGCACTG_015,82
CATCATGTCGAACTGCACTG_016,91
CATCATGTCGAACTGCACTG_017,151
CATCATGTCGAACTGCACTG_018,72
CATCATGTCGAACTGCACTG_019,114
CATCATGTCGAACTGCACTG_020,114
CATCATGTCGAACTGCACTG_021,127
CATCATGTCGAACTGCACTG_022,101
CATCATGTCGAACTGCACTG_023,182
CATCATGTCGAACTGCACTG_024,77
CATCATGTCGAACTGCACTG_025,63
CATCATGTCGAACTGCACTG_026,188
CATCATGTCGAACTGCACTG_027,188
CATCATGTCGAACTGCACTG_028,85
CATCATGTCGAACTGCACTG_029,85
CATCATGTCGAACTGCACTG_030,192
CATCATGTCGAACTGCACTG_031,177
CATCATGTCGAACTGCACTG_032,197
CATCATGTCGAACTGCACTG_033,63
CATCATGTCGAACTGCACTG_034,86
AAGCAGAGGACAGTACGTCT_001,146
AAGCAGAGGACAGTACGTCT_002,191
AAGCAGAGGACAGTACGTCT_003,42
AAGCAGAGGACAGTACGTCT_004,63
AAGCAGAGGACAGTACGTCT_005,144
AAGCAGAGGACAGTACGTCT_006,70
AAGCAGAGGACAGTACGTCT_007,130
AAGCAGAGGACAGTACGTCT_008,129
AAGCAGAGGACAGTACGTCT_009,181
AAGCAGAGGACAGTACGTCT_010,122
AAGCAGAGGACAGTACGTCT_011,98
AAGCAGAGGACAGTACGTCT_012,115
AAGCAGAGGACAGTACGTCT_013,175
AAGCAGAGGACAGTACGTCT_014,20
AAGCAGAGGACAGTACGTCT_015,37
AAGCAGAGGACAGTACGTCT_016,96
AAGCAGAGGACAGTACGTCT_017,199
AAGCAGAGGACAGTACGTCT_018,53
AAGCAGAGGACAGTACGTCT_019,162
AAGCAGAGGACAGTACGTCT_020,9
AAGCAGAGGACAGTACGTCT_021,166
AAGCAGAGGACAGTACGTCT_022,188
AAGCAGAGGACAGTACGTCT_023,164
AAGCAGAGGACAGTACGTCT_024,174
AAGCAGAGGACAGTACGTCT_025,48
CCTTGGAAGACAACAAGTGG_001,59
CCTTGGAAGACAACAAGTGG_002,16
CCTTGGAAGACAACAAGTGG_003,29
CCTTGGAAGACAACAAGTGG_004,109
CCTTGGAAGACAACAAGTGG_005,109
CCTTGGAAGACAACAAGTGG_006,132
CCTTGGAAGACAACAAGTGG_007,82
CCTTGGAAGACAACAAGTGG_008,180
CCTTGGAAGACAACAAGTGG_009,166
CCTTGGAAGACAACAAGTGG_010,75
CCTTGGAAGACAACAAGTGG_011,178
CCTTGGAAGACAACAAGTGG_012,8
CCTTGGAAGACAACAAGTGG_013,121
CCTTGGAAGACAACAAGTGG_014,159
CCTTGGAAGACAACAAGTGG_015,88
CCTTGGAAGACAACAAGTGG_016,56
CCTTGGAAGACAACAAGTGG_017,181
CCTTGGAAGACAACAAGTGG_018,27
CCTTGGAAGACAACAAGTGG_019,54
CCTTGGAAGACAACAAGTGG_020,189
CCTTGGAAGACAACAAGTGG_021,92
CCTTGGAAGACAACAAGTGG_022,94
CCTTGGAAGACAACAAGTGG_023,46
CCTTGGAAGACAACAAGTGG_024,52
GTAGCCCTCACAGGAATGGG_001,90
GTAGCCCTCACAGGAATGGG_002,3
GTAGCCCTCACAGGAATGGG_003,127
GTAGCCCTCACAGGAATGGG_004,41
GTAGCCCTCACAGGAATGGG_005,6
CACATGTTAACGCATAGGGG_001,95
CACATGTTAACGCATAGGGG_002,97
CACATGTTAACGCATAGGGG_003,65
CACATGTTAACGCATAGGGG_004,58
CACATGTTAACGCATAGGGG_005,58
CACATGTTAACGCATAGGGG_006,78
CACATGTTAACGCATAGGGG_007,135
CACATGTTAACGCATAGGGG_008,87
CACATGTTAACGCATAGGGG_009,56
CACATGTTAACGCATAGGGG_010,105
CACATGTTAACGCATAGGGG_011,61
CACATGTTAACGCATAGGGG_012,92
CACATGTTAACGCATAGGGG_013,161
CAAGGAACGAGAAAGTCGAG_001,103
CAAGGAACGAGAAAGTCGAG_002,9
CAAGGAACGAGAAAGTCGAG_003,185
CAAGGAACGAGAAAGTCGAG_004,68
CAAGGAACGAGAAAGTCGAG_005,182
CAAGGAACGAGAAAGTCGAG_006,46
CAAGGAACGAGAAAGTCGAG_007,12
CAAGGAACGAGAAAGTCGAG_008,123
CAAGGAACGAGAAAGTCGAG_009,169
CAAGGAACGAGAAAGTCGAG_010,190
CAAGGAACGAGAAAGTCGAG_011,59
CAAGGAACGAGAAAGTCGAG_012,43
CAAGGAACGAGAAAGTCGAG_013,100
CAAGGAACGAGAAAGTCGAG_014,172
CAAGGAACGAGAAAGTCGAG_015,81
CAAGGAACGAGAAAGTCGAG_016,2
CAAGGAACGAGAAAGTCGAG_017,49
CAAGGAACGAGAAAGTCGAG_018,179
CATTGAGCTGTGATTTCCAG_001,98
CATTGAGCTGTGATTTCCAG_002,35
GCTGGCCGTAAATGCCGAGG_001,177
GCTGGCCGTAAATGCCGAGG_002,127
GCTGGCCGTAAATGCCGAGG_003,72
GCTGGCCGTAAATGCCGAGG_004,158
GCTGGCCGTAAATGCCGAGG_005,56
GCTGGCCGTAAATGCCGAGG_006,104
CTGCACGTGGTTAAGCTCTG_001,49
CTGCACGTGGTTAAGCTCTG_002,135
CTGCACGTGGTTAAGCTCTG_003,124
CTGCACGTGGTTAAGCTCTG_004,12
CTGCACGTGGTTAAGCTCTG_005,11
CTGCACGTGGTTAAGCTCTG_006,136
CTGCACGTGGTTAAGCTCTG_007,70
CTGCACGTGGTTAAGCTCTG_008,133
TCGCATTGATAAACAAGAGA_001,17
TCGCATTGATAAACAAGAGA_002,154
TCGCATTGATAAACAAGAGA_003,122
TCGCATTGATAAACAAGAGA_004,166
TCGCATTGATAAACAAGAGA_005,168
TCGCATTGATAAACAAGAGA_006,34
TCGCATTGATAAACAAGAGA_007,138
TCGCATTGATAAACAAGAGA_008,66
GTGGCTGGCGGACATACCTG_001,57
GTGGCTGGCGGACATACCTG_002,1
GTGGCTGGCGGACATACCTG_003,147
GTGGCTGGCGGACATACCTG_004,104
GTGGCTGGCGGACATACCTG_005,115
GTGGCTGGCGGACATACCTG_006,78
GTGGCTGGCGGACATACCTG_007,15
GTGGCTGGCGGACATACCTG_008,109
GTGGCTGGCGGACATACCTG_009,48
GTGGCTGGCGGACATACCTG_010,94
GTGGCTGGCGGACATACCTG_011,180
GTGGCTGGCGGACATACCTG_012,95
GTGGCTGGCGGACATACCTG_013,158
GGTGACTATAGCGACGAGAG_001,128
GGTGACTATAGCGACGAGAG_002,145
TCACCCCAAATATCATCAGT_001,76
TCACCCCAAATATCATCAGT_002,199
TCACCCCAAATATCATCAGT_003,130
TCACCCCAAATATCATCAGT_004,180
TCACCCCAAATATCATCAGT_005,160
TCACCCCAAATATCATCAGT_006,43
TCACCCCAAATATCATCAGT_007,136
TCACCCCAAATATCATCAGT_008,40
CAGACCAAGTCGGTGCTTGG_001,49
CAGACCAAGTCGGTGCTTGG_002,119
CAGACCAAGTCGGTGCTTGG_003,102
CAGACCAAGTCGGTGCTTGG_004,172
CAGACCAAGTCGGTGCTTGG_005,177
CAGACCAAGTCGGTGCTTGG_006,5
CAGACCAAGTCGGTGCTTGG_007,70
CAGACCAAGTCGGTGCTTGG_008,95
CAGACCAAGTCGGTGCTTGG_009,128
CAGACCAAGTCGGTGCTTGG_010,96
CAGACCAAGTCGGTGCTTGG_011,188
CAGACCAAGTCGGTGCTTGG_012,1
CAGACCAAGTCGGTGCTTGG_013,50
GATGTCTACATCGTTCAGAG_001,121
GATGTCTACATCGTTCAGAG_002,141
GATGTCTACATCGTTCAGAG_003,10
GATGTCTACATCGTTCAGAG_004,28
GATGTCTACATCGTTCAGAG_005,15
GATGTCTACATCGTTCAGAG_006,83
GATGTCTACATCGTTCAGAG_007,31
GATGTCTACATCGTTCAGAG_008,12
GATGTCTACATCGTTCAGAG_009,134
GATGTCTACATCGTTCAGAG_010,184
GATGTCTACATCGTTCAGAG_011,162
GATGTCTACATCGTTCAGAG_012,115
GATGTCTACATCGTTCAGAG_013,68
GATGTCTACATCGTTCAGAG_014,188
CCAAAGCTATCAGATAGGAG_001,165
CCAAAGCTATCAGATAGGAG_002,118
CCAAAGCTATCAGATAGGAG_003,192
CCAAAGCTATCAGATAGGAG_004,141
CCAAAGCTATCAGATAGGAG_005,170
CCAAAGCTATCAGATAGGAG_006,108
TCACTGCAGACACGCGCAGG_001,41
TCACTGCAGACACGCGCAGG_002,16
TCACTGCAGACACGCGCAGG_003,193
TCACTGCAGACACGCGCAGG_004,77
TCACTGCAGACACGCGCAGG_005,67
TCACTGCAGACACGCGCAGG_006,107
TCACTGCAGACACGCGCAGG_007,9
TCACTGCAGACACGCGCAGG_008,40
TCACTGCAGACACGCGCAGG_009,141
TCACTGCAGACACGCGCAGG_010,8
TCACTGCAGACACGCGCAGG_011,179
TCACTGCAGACACGCGCAGG_012,108
TCACTGCAGACACGCGCAGG_013,139
TCACTGCAGACACGCGCAGG_014,29
TCACTGCAGACACGCGCAGG_015,21
TCACTGCAGACACGCGCAGG_016,199
TCACTGCAGACACGCGCAGG_017,190
TCACTGCAGACACGCGCAGG_018,163
TCACTGCAGACACGCGCAGG_019,162
TCACTGCAGACACGCGCAGG_020,147
TCACTGCAGACACGCGCAGG_021,116
TCACTGCAGACACGCGCAGG_022,62
TCACTGCAGACACGCGCAGG_023,172
TCACTGCAGACACGCGCAGG_024,137
TCACTGCAGACACGCGCAGG_025,13
TCACTGCAGACACGCGCAGG_026,142
TGAGCGGGATGTCCAGTGTG_001,73
TGAGCGGGATGTCCAGTGTG_002,105
TGAGCGGGATGTCCAGTGTG_003,48
TGAGCGGGATGTCCAGTGTG_004,58
TGAGCGGGATGTCCAGTGTG_005,53
TGAGCGGGATGTCCAGTGTG_006,71
TGAGCGGGATGTCCAGTGTG_007,39
TGAGCGGGATGTCCAGTGTG_008,31
TGAGCGGGATGTCCAGTGTG_009,40
TGAGCGGGATGTCCAGTGTG_010,191
TGAGCGGGATGTCCAGTGTG_011,127
TGAGCGGGATGTCCAGTGTG_012,178
TGAGCGGGATGTCCAGTGTG_013,13
TGAGCGGGATGTCCAGTGTG_014,191
GGTGGTTAATGTGTCCTCGG_001,199
GGTGGTTAATGTGTCCTCGG_002,192
GGTGGTTAATGTGTCCTCGG_003,12
GGTGGTTAATGTGTCCTCGG_004,60
TTGTCAAAAGTGGTATACAG_001,29
TTGTCAAAAGTGGTATACAG_002,113
TTGTCAAAAGTGGTATACAG_003,165
TTGTCAAAAGTGGTATACAG_004,192
TTGTCAAAAGTGGTATACAG_005,83
TTGTCAAAAGTGGTATACAG_006,175
TTGTCAAAAGTGGTATACAG_007,168
TTGTCAAAAGTGGTATACAG_008,188
TTGTCAAAAGTGGTATACAG_009,138
CAGGTTGGCAAACCACACCC_001,82
ACAGGCACATACACGTGAGG_001,169
ACAGGCACATACACGTGAGG_002,78
ACAGGCACATACACGTGAGG_003,188
ACAGGCACATACACGTGAGG_004,10
ACAGGCACATACACGTGAGG_005,180
ACAGGCACATACACGTGAGG_006,180
CCCGAAGTCACCCACGACAG_001,94
CCCGAAGTCACCCACGACAG_002,88
CCCGAAGTCACCCACGACAG_003,180
CCCGAAGTCACCCACGACAG_004,183
CCCGAAGTCACCCACGACAG_005,37
CCCGAAGTCACCCACGACAG_006,140
CCCGAAGTCACCCACGACAG_007,12
CCCGAAGTCACCCACGACAG_008,121
CCCGAAGTCACCCACGACAG_009,22
CCCGAAGTCACCCACGACAG_010,43
CCCGAAGTCACCCACGACAG_011,104
CCCGAAGTCACCCACGACAG_012,158
CCCGAAGTCACCCACGACAG_013,175
CCCGAAGTCACCCACGACAG_014,34
CCCGAAGTCACCCACGACAG_015,17
GGGAATATTGGCGACCACAG_001,78
GGGAATATTGGCGACCACAG_002,98
GGGAATATTGGCGACCACAG_003,85
GGGAATATTGGCGACCACAG_004,76
GGGAATATTGGCGACCACAG_005,127
GGGAATATTGGCGACCACAG_006,149
GGGAATATTGGCGACCACAG_007,121
GGGAATATTGGCGACCACAG_008,150
GGGAATATTGGCGACCACAG_009,140
GGGAATATTGGCGACCACAG_010,107
GGGAATATTGGCGACCACAG_011,127
GGGAATATTGGCGACCACAG_012,50
GGGAATATTGGCGACCACAG_013,124
ACTTCAAATGTACCATGATG_001,51
ACTTCAAATGTACCATGATG_002,184
ACTTCAAATGTACCATGATG_003,15
ACTTCAAATGTACCATGATG_004,2
GAGGGTCAGCTCATTGACAT_001,171
GAGGGTCAGCTCATTGACAT_002,33
GAGGGTCAGCTCATTGACAT_003,187
GAGGGTCAGCTCATTGACAT_004,112
GAGGGTCAGCTCATTGACAT_005,76
GAGGGTCAGCTCATTGACAT_006,158
GAGGGTCAGCTCATTGACAT_007,88
GAGGGTCAGCTCATTGACAT_008,48
GAGGGTCAGCTCATTGACAT_009,149
GAGGGTCAGCTCATTGACAT_010,28
GAGGGTCAGCTCATTGACAT_011,94
ACAGCCCCAAACAGTCAGAG_001,78
ACAGCCCCAAACAGTCAGAG_002,190
ACAGCCCCAAACAGTCAGAG_003,162
ACAGCCCCAAACAGTCAGAG_004,155
ACAGCCCCAAACAGTCAGAG_005,69
ACAGCCCCAAACAGTCAGAG_006,147
ACAGCCCCAAACAGTCAGAG_007,196
ACAGCCCCAAACAGTCAGAG_008,72
ACAGCCCCAAACAGTCAGAG_009,120
ACAGCCCCAAACAGTCAGAG_010,137
ACAGCCCCAAACAGTCAGAG_011,49
ACAGCCCCAAACAGTCAGAG_012,94
ACAGCCCCAAACAGTCAGAG_013,81
ACAGCCCCAAACAGTCAGAG_014,96
ACAGCCCCAAACAGTCAGAG_015,123
TCACGCTGACGATCTCCGAG_001,158
TCACGCTGACGATCTCCGAG_002,10
TCACGCTGACGATCTCCGAG_003,174
TCACGCTGACGATCTCCGAG_004,88
TCACGCTGACGATCTCCGAG_005,190
TCACGCTGACGATCTCCGAG_006,197
CCAGCCAGAAGCCCCCATCG_001,162
CCAGCCAGAAGCCCCCATCG_002,18
CCAGCCAGAAGCCCCCATCG_003,76
CCAGCCAGAAGCCCCCATCG_004,189
CCAGCCAGAAGCCCCCATCG_005,44
CCAGCCAGAAGCCCCCATCG_006,39
CCAGCCAGAAGCCCCCATCG_007,77
CCAGCCAGAAGCCCCCATCG_008,97
CCAGCCAGAAGCCCCCATCG_009,82
CCAGCCAGAAGCCCCCATCG_010,174
CCAGCCAGAAGCCCCCATCG_011,1
CCAGCCAGAAGCCCCCATCG_012,198
CCAGCCAGAAGCCCCCATCG_013,144
TCTGATGTCAAGCGAAAGGT_001,67
TCTGATGTCAAGCGAAAGGT_002,51
TCTGATGTCAAGCGAAAGGT_003,122
TCTGATGTCAAGCGAAAGGT_004,158
TCTGATGTCAAGCGAAAGGT_005,28
GGAGAAAGGAAGATTGCCAG_001,116
GGAGAAAGGAAGATTGCCAG_002,34
GGAGAAAGGAAGATTGCCAG_003,160
GGAGAAAGGAAGATTGCCAG_004,185
GGAGAAAGGAAGATTGCCAG_005,91
GGAGAGCCGGATCTATGCTG_001,176
GGAGAGCCGGATCTATGCTG_002,51
GGAGAGCCGGATCTATGCTG_003,188
GGAGAGCCGGATCTATGCTG_004,118
GGAGAGCCGGATCTATGCTG_005,149
GGAGAGCCGGATCTATGCTG_006,146
GGAGAGCCGGATCTATGCTG_007,3
GGAGAGCCGGATCTATGCTG_008,34
GGAGAGCCGGATCTATGCTG_009,127
GGAGAGCCGGATCTATGCTG_010,198
AAACGCATGGAAACACTCCG_001,128
AAACGCATGGAAACACTCCG_002,169
AAACGCATGGAAACACTCCG_003,160
AAACGCATGGAAACACTCCG_004,177
AAACGCATGGAAACACTCCG_005,17
AAACGCATGGAAACACTCCG_006,67
AAACGCATGGAAACACTCCG_007,160
AAACGCATGGAAACACTCCG_008,50
CTCACTCACAGCGCACAGTG_001,45
CTCACTCACAGCGCACAGTG_002,132
CTCACTCACAGCGCACAGTG_003,102
CTCACTCACAGCGCACAGTG_004,11
CTCACTCACAGCGCACAGTG_005,60
CTCACTCACAGCGCACAGTG_006,137
CTCACTCACAGCGCACAGTG_007,188
CTCACTCACAGCGCACAGTG_008,5
CTCACTCACAGCGCACAGTG_009,174
CTCACTCACAGCGCACAGTG_010,185
CTCACTCACAGCGCACAGTG_011,41
CTCACTCACAGCGCACAGTG_012,118
CTCCCCACCCCATACCAGAG_001,24
CTCCCCACCCCATACCAGAG_002,121
CTCCCCACCCCATACCAGAG_003,106
CTCCCCACCCCATACCAGAG_004,138
CTCCCCACCCCATACCAGAG_005,70
CTCCCCACCCCATACCAGAG_006,182
TCTCGGATAAGGTACCAGGT_001,104
CTTCACAGAGTATTGGTGGA_001,117
CTTCACAGAGTATTGGTGGA_002,65
CTTCACAGAGTATTGGTGGA_003,41
CTTCACAGAGTATTGGTGGA_004,51
CTTCACAGAGTATTGGTGGA_005,166
CTTCACAGAGTATTGGTGGA_006,162
GGTCCGTACTCGGGCCACGT_001,95
GGTCCGTACTCGGGCCACGT_002,38
GGTCCGTACTCGGGCCACGT_003,17
GGTCCGTACTCGGGCCACGT_004,185
GGTCCGTACTCGGGCCACGT_005,127
GGTCCGTACTCGGGCCACGT_006,14
GGTCCGTACTCGGGCCACGT_007,27
GGTCCGTACTCGGGCCACGT_008,38
GGTCCGTACTCGGGCCACGT_009,153
CCTGGACATCTACTCTGCCG_001,169
CCTGGACATCTACTCTGCCG_002,93
CCTGGACATCTACTCTGCCG_003,168
CTCCTCCAGTGCAGACTCTG_001,13
CTCCTCCAGTGCAGACTCTG_002,169
CTCCTCCAGTGCAGACTCTG_003,63
CTCCTCCAGTGCAGACTCTG_004,70
CTCCTCCAGTGCAGACTCTG_005,8
CTCCTCCAGTGCAGACTCTG_006,148
CTCCTCCAGTGCAGACTCTG_007,82
CTCCTCCAGTGCAGACTCTG_008,16
CTCCTCCAGTGCAGACTCTG_009,79
CTCCTCCAGTGCAGACTCTG_010,4
CTCCTCCAGTGCAGACTCTG_011,38
CTCCTCCAGTGCAGACTCTG_012,189
CTCCTCCAGTGCAGACTCTG_013,54
CTCCTCCAGTGCAGACTCTG_014,77
CTCCTCCAGTGCAGACTCTG_015,47
CTCCTCCAGTGCAGACTCTG_016,84
CTCCTCCAGTGCAGACTCTG_017,56
CTCCTCCAGTGCAGACTCTG_018,23
CTCCTCCAGTGCAGACTCTG_019,20
CTTGCGACGATGCTTGCTGG_001,7
CTTGCGACGATGCTTGCTGG_002,30
CTTGCGACGATGCTTGCTGG_003,107
CTTGCGACGATGCTTGCTGG_004,49
ATATATGCCCTCGTGAACAC_001,69
ATATATGCCCTCGTGAACAC_002,96
ATATATGCCCTCGTGAACAC_003,48
CCACGAAACCCACAGCACCA_001,105
CCACGAAACCCACAGCACCA_002,77
CCACGAAACCCACAGCACCA_003,168
CCACGAAACCCACAGCACCA_004,55
CCACGAAACCCACAGCACCA_005,62
CCACGAAACCCACAGCACCA_006,57
CCACGAAACCCACAGCACCA_007,111
CCACGAAACCCACAGCACCA_008,76
CCACGAAACCCACAGCACCA_009,160
CCACGAAACCCACAGCACCA_010,5
CCACGAAACCCACAGCACCA_011,172
CCACGAAACCCACAGCACCA_012,81
CCACGAAACCCACAGCACCA_013,66
CCACGAAACCCACAGCACCA_014,61
CCACGAAACCCACAGCACCA_015,88
CCACGAAACCCACAGCACCA_016,165
CCACGAAACCCACAGCACCA_017,145
CCACGAAACCCACAGCACCA_018,37
CCACGAAACCCACAGCACCA_019,17
CCACGAAACCCACAGCACCA_020,162
CCACGAAACCCACAGCACCA_021,80
CCACGAAACCCACAGCACCA_022,12
CCACGAAACCCACAGCACCA_023,15
CCACGAAACCCACAGCACCA_024,41
CCACGAAACCCACAGCACCA_025,21
CCACGAAACCCACAGCACCA_026,98
CCACGAAACCCACAGCACCA_027,22
CCACGAAACCCACAGCACCA_028,124
CCACGAAACCCACAGCACCA_029,33
CCACGAAACCCACAGCACCA_030,126
CCACGAAACCCACAGCACCA_031,170
CATGTGAAGTGTGAAATTTG_001,161
CATGTGAAGTGTGAAATTTG_002,153
CATGTGAAGTGTGAAATTTG_003,48
GGTGTGGATAGCTACGAACC_001,118
GGTGTGGATAGCTACGAACC_002,124
GGTGTGGATAGCTACGAACC_003,88
GGTGTGGATAGCTACGAACC_004,58
TGGAAGAGGCTCATATGGTG_001,70
TGGAAGAGGCTCATATGGTG_002,15
TGGAAGAGGCTCATATGGTG_003,37
TGGAAGAGGCTCATATGGTG_004,77
TGGAAGAGGCTCATATGGTG_005,141
TGGAAGAGGCTCATATGGTG_006,11
TGGAAGAGGCTCATATGGTG_007,105
TGGAAGAGGCTCATATGGTG_008,14
TGGAAGAGGCTCATATGGTG_009,105
TGGAAGAGGCTCATATGGTG_010,43
TGGAAGAGGCTCATATGGTG_011,166
TGGAAGAGGCTCATATGGTG_012,15
TGGAAGAGGCTCATATGGTG_013,12
TGGAAGAGGCTCATATGGTG_014,114
TGGAAGAGGCTCATATGGTG_015,114
TGGAAGAGGCTCATATGGTG_016,90
TGGAAGAGGCTCATATGGTG_017,180
TGGAAGAGGCTCATATGGTG_018,127
TGGAAGAGGCTCATATGGTG_019,137
GGGCGCCGCTTCCGCCAGAG_001,107
GGGCGCCGCTTCCGCCAGAG_002,184
GGGCGCCGCTTCCGCCAGAG_003,81
GGGCGCCGCTTCCGCCAGAG_004,49
GGGCGCCGCTTCCGCCAGAG_005,14
GGGCGCCGCTTCCGCCAGAG_006,90
GGGCGCCGCTTCCGCCAGAG_007,147
GGGCGCCGCTTCCGCCAGAG_008,177
TCAGAATGGGACCACAAACG_001,149
TCAGAATGGGACCACAAACG_002,137
TCAGAATGGGACCACAAACG_003,198
TCAGAATGGGACCACAAACG_004,106
AAGTTACCAAAACATTCTAG_001,119
AAGTTACCAAAACATTCTAG_002,103
AAGGCCACCATTGCTACAGG_001,162
AAAATAGCAAACGATCCAGA_001,83
AAAATAGCAAACGATCCAGA_002,72
AAAATAGCAAACGATCCAGA_003,80
TGCAACAGCGTCTACTGCTG_001,38
TGCAACAGCGTCTACTGCTG_002,74
TGCAACAGCGTCTACTGCTG_003,106
TGCAACAGCGTCTACTGCTG_004,196
TGCAACAGCGTCTACTGCTG_005,99
TGCAACAGCGTCTACTGCTG_006,191
GCGGCCACATAGGATGTGGA_001,166
GCGGCCACATAGGATGTGGA_002,23
GCGGCCACATAGGATGTGGA_003,140
GCGGCCACATAGGATGTGGA_004,148
GCGGCCACATAGGATGTGGA_005,171
GCGGCCACATAGGATGTGGA_006,10
GCGGCCACATAGGATGTGGA_007,15
GCGGCCACATAGGATGTGGA_008,56
GCGGCCACATAGGATGTGGA_009,34
GCGGCCACATAGGATGTGGA_010,148
GCGGCCACATAGGATGTGGA_011,43
GCGGCCACATAGGATGTGGA_012,39
GCGGCCACATAGGATGTGGA_013,142
GTTTAATGGATAGCGTGACA_001,147
GTTTAATGGATAGCGTGACA_002,102
GTTTAATGGATAGCGTGACA_003,75
GTTTAATGGATAGCGTGACA_004,91
GTTTAATGGATAGCGTGACA_005,120
GTTTAATGGATAGCGTGACA_006,184
TTCATTGAGAAGCGACGACA_001,183
TTCATTGAGAAGCGACGACA_002,129
TTCATTGAGAAGCGACGACA_003,7
TTCATTGAGAAGCGACGACA_004,159
TTCATTGAGAAGCGACGACA_005,61
TTCATTGAGAAGCGACGACA_006,116
TTCATTGAGAAGCGACGACA_007,48
TTCATTGAGAAGCGACGACA_008,88
TTCATTGAGAAGCGACGACA_009,13
TTCATTGAGAAGCGACGACA_010,63
ATGAAAGGGAAGATACAGCG_001,103
ATGAAAGGGAAGATACAGCG_002,116
ATGAAAGGGAAGATACAGCG_003,98
ATGAAAGGGAAGATACAGCG_004,124
GCCTGGCGCTGGACTCCCCG_001,191
GCCTGGCGCTGGACTCCCCG_002,70
GCCTGGCGCTGGACTCCCCG_003,194
GCCTGGCGCTGGACTCCCCG_004,139
GCCTGGCGCTGGACTCCCCG_005,54
GCCTGGCGCTGGACTCCCCG_006,51
GCCTGGCGCTGGACTCCCCG_007,134
GCCTGGCGCTGGACTCCCCG_008,140
GCCTGGCGCTGGACTCCCCG_009,171
GCCTGGCGCTGGACTCCCCG_010,160
GCCTGGCGCTGGACTCCCCG_011,191
GCCTGGCGCTGGACTCCCCG_012,63
GCCTGGCGCTGGACTCCCCG_013,119
GCCTGGCGCTGGACTCCCCG_014,2
GCCTGGCGCTGGACTCCCCG_015,155
GCCTGGCGCTGGACTCCCCG_016,185
GCCTGGCGCTGGACTCCCCG_017,101
GCCTGGCGCTGGACTCCCCG_018,130
GCCTGGCGCTGGACTCCCCG_019,126
GCCTGGCGCTGGACTCCCCG_020,17
GCCTGGCGCTGGACTCCCCG_021,188
GCCTGGCGCTGGACTCCCCG_022,153
GCCTGGCGCTGGACTCCCCG_023,76
GCCTGGCGCTGGACTCCCCG_024,142
GCCTGGCGCTGGACTCCCCG_025,81
GCCTGGCGCTGGACTCCCCG_026,49
GCCTGGCGCTGGACTCCCCG_027,56
AAGGGATGTCCCAAATGAGG_001,80
AGAGTTAGTTGCCATGTTGG_001,171
AGAGTTAGTTGCCATGTTGG_002,78
AGAGTTAGTTGCCATGTTGG_003,5
AGAGTTAGTTGCCATGTTGG_004,101
AGAGTTAGTTGCCATGTTGG_005,149
AGAGTTAGTTGCCATGTTGG_006,62
TGTCAGAACAAGAAATAGCA_001,181
TGTCAGAACAAGAAATAGCA_002,53
TGTCAGAACAAGAAATAGCA_003,115
TGTCAGAACAAGAAATAGCA_004,56
TGTCAGAACAAGAAATAGCA_005,60
TGTCAGAACAAGAAATAGCA_006,121
TGTCAGAACAAGAAATAGCA_007,121
TGTCAGAACAAGAAATAGCA_008,31
TGTCAGAACAAGAAATAGCA_009,94
TGTCAGAACAAGAAATAGCA_010,55
TGTCAGAACAAGAAATAGCA_011,177
TGTCAGAACAAGAAATAGCA_012,63
TGTCAGAACAAGAAATAGCA_013,180
GTCCATCTGGATGTGTCGAG_001,12
GTCCATCTGGATGTGTCGAG_002,192
GTCCATCTGGATGTGTCGAG_003,15
GTCCATCTGGATGTGTCGAG_004,38
GTCCATCTGGATGTGTCGAG_005,48
GTCCATCTGGATGTGTCGAG_006,48
TGATCACTCCAATTGACACC_001,154
TGATCACTCCAATTGACACC_002,162
TGATCACTCCAATTGACACC_003,60
TGATCACTCCAATTGACACC_004,130
GAAGTTTGCCAACATCGAGG_001,150
GAAGTTTGCCAACATCGAGG_002,55
GAAGTTTGCCAACATCGAGG_003,105
GAAGTTTGCCAACATCGAGG_004,19
GTTCGAACAGGTATCTACCA_001,34
ATGGCAAGTTCTGACACCAG_001,197
ATGGCAAGTTCTGACACCAG_002,61
ATGGCAAGTTCTGACACCAG_003,144
TCAGACCCCGAGAGTACAGA_001,150
TCAGACCCCGAGAGTACAGA_002,102
TCAGACCCCGAGAGTACAGA_003,144
ACCCATATATGCTGCCGCAC_001,142
CTACTCAGAACACGCTGCTT_001,139
CTACTCAGAACACGCTGCTT_002,49
CTACTCAGAACACGCTGCTT_003,155
CTACTCAGAACACGCTGCTT_004,128
CTACTCAGAACACGCTGCTT_005,137
CTACTCAGAACACGCTGCTT_006,129
CTACTCAGAACACGCTGCTT_007,148
CTACTCAGAACACGCTGCTT_008,46
CTACTCAGAACACGCTGCTT_009,165
CTACTCAGAACACGCTGCTT_010,125
GTCCTACTTCCGGACCATCG_001,27
GTCCTACTTCCGGACCATCG_002,82
GTCCTACTTCCGGACCATCG_003,105
GTCCTACTTCCGGACCATCG_004,82
GTCCTACTTCCGGACCATCG_005,78
GTCCTACTTCCGGACCATCG_006,71
GTCCTACTTCCGGACCATCG_007,9
GTCCTACTTCCGGACCATCG_008,115
GTCCTACTTCCGGACCATCG_009,183
GTCCTACTTCCGGACCATCG_010,124
TGCCGGAACACTGAATGCAG_001,45
TGCCGGAACACTGAATGCAG_002,87
TGCCGGAACACTGAATGCAG_003,67
TGCCGGAACACTGAATGCAG_004,192
TGCCGGAACACTGAATGCAG_005,91
TGCCGGAACACTGAATGCAG_006,169
TGCCGGAACACTGAATGCAG_007,113
TGCCGGAACACTGAATGCAG_008,55
TGCCGGAACACTGAATGCAG_009,157
TGGCCATCATTGAAGAGCTG_001,9
TGGCCATCATTGAAGAGCTG_002,30
TGGCCATCATTGAAGAGCTG_003,11
CATACACAAATGTGACCAGT_001,88
CATACACAAATGTGACCAGT_002,51
CATACACAAATGTGACCAGT_003,176
CATACACAAATGTGACCAGT_004,110
CATACACAAATGTGACCAGT_005,17
CATACACAAATGTGACCAGT_006,104
AGAACATGAACGTCATCTGT_001,102
AGAACATGAACGTCATCTGT_002,62
AGAACATGAACGTCATCTGT_003,42
AGAACATGAACGTCATCTGT_004,20
AGAACATGAACGTCATCTGT_005,168
AGAACATGAACGTCATCTGT_006,58
AGAACATGAACGTCATCTGT_007,130
GGCAGTGGAGTGGTTCAGGG_001,147
GGCAGTGGAGTGGTTCAGGG_002,2
GGCAGTGGAGTGGTTCAGGG_003,76
GGCAGTGGAGTGGTTCAGGG_004,188
GGCAGTGGAGTGGTTCAGGG_005,29
GGCAGTGGAGTGGTTCAGGG_006,70
GGCAGTGGAGTGGTTCAGGG_007,131
GGCAGTGGAGTGGTTCAGGG_008,119
GGCAGTGGAGTGGTTCAGGG_009,0
GGCAGTGGAGTGGTTCAGGG_010,124
GGCAGTGGAGTGGTTCAGGG_011,57
GGCAGTGGAGTGGTTCAGGG_012,166
GGCAGTGGAGTGGTTCAGGG_013,77
GGCAGTGGAGTGGTTCAGGG_014,188
GGCAGTGGAGTGGTTCAGGG_015,115
GGCAGTGGAGTGGTTCAGGG_016,169
GGCAGTGGAGTGGTTCAGGG_017,103
GGCAGTGGAGTGGTTCAGGG_018,41
GGCAGTGGAGTGGTTCAGGG_019,24
GGCAGTGGAGTGGTTCAGGG_020,190
GGCAGTGGAGTGGTTCAGGG_021,30
GGCAGTGGAGTGGTTCAGGG_022,63
GGCAGTGGAGTGGTTCAGGG_023,199
GGCAGTGGAGTGGTTCAGGG_024,142
GGCAGTGGAGTGGTTCAGGG_025,67
GGCAGTGGAGTGGTTCAGGG_026,178
GGCAGTGGAGTGGTTCAGGG_027,116
GGCAGTGGAGTGGTTCAGGG_028,124
GGCAGTGGAGTGGTTCAGGG_029,147
GGCAGTGGAGTGGTTCAGGG_030,164
GGCAGTGGAGTGGTTCAGGG_031,152
GGCAGTGGAGTGGTTCAGGG_032,3
GGCAGTGGAGTGGTTCAGGG_033,116
GGCAGTGGAGTGGTTCAGGG_034,14
GGCAGTGGAGTGGTTCAGGG_035,136
GGCAGTGGAGTGGTTCAGGG_036,70
TTTGGTATCATCCAACGTGT_001,96
AAAGCATGTTTATCTGAACT_001,27
AAAGCATGTTTATCTGAACT_002,48
AAAGCATGTTTATCTGAACT_003,23
GATTTGGGGTCTGTAACAAG_001,78
GATTTGGGGTCTGTAACAAG_002,49
TCACCTGCAGAGGTAGTCCA_001,76
TCACCTGCAGAGGTAGTCCA_002,140
TCACCTGCAGAGGTAGTCCA_003,94
TCACCTGCAGAGGTAGTCCA_004,161
TCACCTGCAGAGGTAGTCCA_005,58
TCACCTGCAGAGGTAGTCCA_006,88
TCACCTGCAGAGGTAGTCCA_007,92
TCACCTGCAGAGGTAGTCCA_008,54
TCACCTGCAGAGGTAGTCCA_009,106
TCACCTGCAGAGGTAGTCCA_010,148
TCACCTGCAGAGGTAGTCCA_011,65
TCACCTGCAGAGGTAGTCCA_012,98
TCACCTGCAGAGGTAGTCCA_013,82
TCACCTGCAGAGGTAGTCCA_014,115
TCACCTGCAGAGGTAGTCCA_015,153
TCACCTGCAGAGGTAGTCCA_016,19
TCACCTGCAGAGGTAGTCCA_017,177
TCACCTGCAGAGGTAGTCCA_018,155
TCACCTGCAGAGGTAGTCCA_019,168
TCACCTGCAGAGGTAGTCCA_020,52
GCTTCCTTATCTCCTACGAT_001,28
GCTTCCTTATCTCCTACGAT_002,166
CCAGCAGTGACGTCCCACTC_001,72
CCAGCAGTGACGTCCCACTC_002,36
CCAGCAGTGACGTCCCACTC_003,97
CCAGCAGTGACGTCCCACTC_004,165
CCAGCAGTGACGTCCCACTC_005,31
CCAGCAGTGACGTCCCACTC_006,181
CCAGCAGTGACGTCCCACTC_007,148
CCAGCAGTGACGTCCCACTC_008,147
CCAGCAGTGACGTCCCACTC_009,177
CCAGCAGTGACGTCCCACTC_010,22
CCAGCAGTGACGTCCCACTC_011,175
CCAGCAGTGACGTCCCACTC_012,22
CCAGCAGTGACGTCCCACTC_013,29
CCAGCAGTGACGTCCCACTC_014,177
CCAGCAGTGACGTCCCACTC_015,138
CCAGCAGTGACGTCCCACTC_016,161
CCAGCAGTGACGTCCCACTC_017,196
CCAGCAGTGACGTCCCACTC_018,124
CCAGCAGTGACGTCCCACTC_019,178
CCAGCAGTGACGTCCCACTC_020,115
CCAGCAGTGACGTCCCACTC_021,2
GGGAACAAGATCAACCTCCT_001,72
GGGAACAAGATCAACCTCCT_002,116
GGGAACAAGATCAACCTCCT_003,33
GGGAACAAGATCAACCTCCT_004,181
GGGAACAAGATCAACCTCCT_005,152
GGGAACAAGATCAACCTCCT_006,138
GGGAACAAGATCAACCTCCT_007,177
GGGAACAAGATCAACCTCCT_008,9
GGGAACAAGATCAACCTCCT_009,159
GGGAACAAGATCAACCTCCT_010,191
GGGAACAAGATCAACCTCCT_011,150
GGGAACAAGATCAACCTCCT_012,36
GGGAACAAGATCAACCTCCT_013,148
GGGAACAAGATCAACCTCCT_014,192
GGGAACAAGATCAACCTCCT_015,95
GGGAACAAGATCAACCTCCT_016,95
GGGAACAAGATCAACCTCCT_017,194
GGGAACAAGATCAACCTCCT_018,191
GGGAACAAGATCAACCTCCT_019,114
GGGAACAAGATCAACCTCCT_020,82
GGGAACAAGATCAACCTCCT_021,127
GGGAACAAGATCAACCTCCT_022,58
GGGAACAAGATCAACCTCCT_023,190
GGGAACAAGATCAACCTCCT_024,0
GGGAACAAGATCAACCTCCT_025,63
GGGAACAAGATCAACCTCCT_026,166
GGGAACAAGATCAACCTCCT_027,147
GGGAACAAGATCAACCTCCT_028,156
GGGAACAAGATCAACCTCCT_029,124
GGGAACAAGATCAACCTCCT_030,144
GGGAACAAGATCAACCTCCT_031,1
AGCACCGACGAGGTGTACAA_001,175
AGCACCGACGAGGTGTACAA_002,38
AGCACCGACGAGGTGTACAA_003,93
AGCACCGACGAGGTGTACAA_004,42
CAGTAGGGTTCATGCCAGCG_001,174
CAGTAGGGTTCATGCCAGCG_002,42
TACCCAAGCTGGATGCTCAG_001,69
TACCCAAGCTGGATGCTCAG_002,19
TACCCAAGCTGGATGCTCAG_003,178
TACCCAAGCTGGATGCTCAG_004,76
TACCCAAGCTGGATGCTCAG_005,76
TACCCAAGCTGGATGCTCAG_006,43
TACCCAAGCTGGATGCTCAG_007,88
TGCCCGTTCCCGCCTCACAG_001,147
TGCCCGTTCCCGCCTCACAG_002,105
TGCCCGTTCCCGCCTCACAG_003,147
TGCCCGTTCCCGCCTCACAG_004,49
TGCCCGTTCCCGCCTCACAG_005,70
TGCCCGTTCCCGCCTCACAG_006,58
TGCCCGTTCCCGCCTCACAG_007,158
TGCCCGTTCCCGCCTCACAG_008,23
TGCCCGTTCCCGCCTCACAG_009,17
TGCCCGTTCCCGCCTCACAG_010,102
TGCCCGTTCCCGCCTCACAG_011,105
TGCCCGTTCCCGCCTCACAG_012,98
TGCCCGTTCCCGCCTCACAG_013,171
TGCCCGTTCCCGCCTCACAG_014,59
TGCCCGTTCCCGCCTCACAG_015,51
TGCCCGTTCCCGCCTCACAG_016,21
TGCCCGTTCCCGCCTCACAG_017,157
TGCCCGTTCCCGCCTCACAG_018,175
TGCCCGTTCCCGCCTCACAG_019,72
TGCCCGTTCCCGCCTCACAG_020,72
TGCCCGTTCCCGCCTCACAG_021,37
TGCCCGTTCCCGCCTCACAG_022,97
TGCCCGTTCCCGCCTCACAG_023,183
TGCCCGTTCCCGCCTCACAG_024,168
TGCCCGTTCCCGCCTCACAG_025,96
TGCCCGTTCCCGCCTCACAG_026,186
TGCCCGTTCCCGCCTCACAG_027,76
TGCCCGTTCCCGCCTCACAG_028,80
TGCCCGTTCCCGCCTCACAG_029,149
TGCCCGTTCCCGCCTCACAG_030,172
TGCCCGTTCCCGCCTCACAG_031,195
TGCCCGTTCCCGCCTCACAG_032,163
TGCCCGTTCCCGCCTCACAG_033,96
TGCCCGTTCCCGCCTCACAG_034,49
TGCCCGTTCCCGCCTCACAG_035,184
TGCCCGTTCCCGCCTCACAG_036,105
TGCCCGTTCCCGCCTCACAG_037,98
TGCCCGTTCCCGCCTCACAG_038,76
TGCCCGTTCCCGCCTCACAG_039,138
TGCCCGTTCCCGCCTCACAG_040,59
TGCCCGTTCCCGCCTCACAG_041,84
TGCCCGTTCCCGCCTCACAG_042,1
TGCCCGTTCCCGCCTCACAG_043,158
TGCCCGTTCCCGCCTCACAG_044,126
TGCCCGTTCCCGCCTCACAG_045,99
TGCCCGTTCCCGCCTCACAG_046,35
TGCCCGTTCCCGCCTCACAG_047,37
TGCCCGTTCCCGCCTCACAG_048,83
TGCCCGTTCCCGCCTCACAG_049,101
TGCCCGTTCCCGCCTCACAG_050,162
CTGTGCTTATATTCGATCCT_001,13
CTGTGCTTATATTCGATCCT_002,113
CTGTGCTTATATTCGATCCT_003,15
AGTAACCGTATTGTGACCTG_001,163
CGGCCCCAAAGTGTGTGTGA_001,53
CGGCCCCAAAGTGTGTGTGA_002,144
CGGCCCCAAAGTGTGTGTGA_003,171
CGGCCCCAAAGTGTGTGTGA_004,191
CGGCCCCAAAGTGTGTGTGA_005,130
CGGCCCCAAAGTGTGTGTGA_006,130
CGGCCCCAAAGTGTGTGTGA_007,118
CGGCCCCAAAGTGTGTGTGA_008,8
CGGCCCCAAAGTGTGTGTGA_009,161
CGGCCCCAAAGTGTGTGTGA_010,47
CGGCCCCAAAGTGTGTGTGA_011,47
CGGCCCCAAAGTGTGTGTGA_012,13
CGGCCCCAAAGTGTGTGTGA_013,72
CGGCCCCAAAGTGTGTGTGA_014,171
CGGCCCCAAAGTGTGTGTGA_015,159
CGGCCCCAAAGTGTGTGTGA_016,63
CGGCCCCAAAGTGTGTGTGA_017,45
CGGCCCCAAAGTGTGTGTGA_018,141
CGGCCCCAAAGTGTGTGTGA_019,127
CGGCCCCAAAGTGTGTGTGA_020,48
CGGCCCCAAAGTGTGTGTGA_021,170
CGGCCCCAAAGTGTGTGTGA_022,196
CGGCCCCAAAGTGTGTGTGA_023,159
CGGCCCCAAAGTGTGTGTGA_024,92
CGGCCCCAAAGTGTGTGTGA_025,92
CGGCCCCAAAGTGTGTGTGA_026,185
CGGCCCCAAAGTGTGTGTGA_027,12
CGGCCCCAAAGTGTGTGTGA_028,165
CGGCCCCAAAGTGTGTGTGA_029,188
CGGCCCCAAAGTGTGTGTGA_030,144
CGGCCCCAAAGTGTGTGTGA_031,124
CGGCCCCAAAGTGTGTGTGA_032,155
CGGCCCCAAAGTGTGTGTGA_033,56
CGGCCCCAAAGTGTGTGTGA_034,137
CGGCCCCAAAGTGTGTGTGA_035,150
GTATAAATGCAGTGACGGTG_001,13
GTATAAATGCAGTGACGGTG_002,154
GTATAAATGCAGTGACGGTG_003,139
GTATAAATGCAGTGACGGTG_004,115
GTATAAATGCAGTGACGGTG_005,57
GTATAAATGCAGTGACGGTG_006,24
GTATAAATGCAGTGACGGTG_007,69
GTATAAATGCAGTGACGGTG_008,161
GTATAAATGCAGTGACGGTG_009,35
GTATAAATGCAGTGACGGTG_010,178
GTATAAATGCAGTGACGGTG_011,9
GTATAAATGCAGTGACGGTG_012,178
GTATAAATGCAGTGACGGTG_013,36
GTATAAATGCAGTGACGGTG_014,3
GTATAAATGCAGTGACGGTG_015,85
GTATAAATGCAGTGACGGTG_016,137
GTATAAATGCAGTGACGGTG_017,145
GTATAAATGCAGTGACGGTG_018,2
GTATAAATGCAGTGACGGTG_019,177
GTATAAATGCAGTGACGGTG_020,106
GTATAAATGCAGTGACGGTG_021,41
TAGTTGGAAGAGATTAACGG_001,62
TAGTTGGAAGAGATTAACGG_002,88
TAGTTGGAAGAGATTAACGG_003,76
TAGTTGGAAGAGATTAACGG_004,2
TAGTTGGAAGAGATTAACGG_005,66
TAGTTGGAAGAGATTAACGG_006,42
GACAACAATGCCAGCGCTAG_001,48
GACAACAATGCCAGCGCTAG_002,94
GACAACAATGCCAGCGCTAG_003,55
GACAACAATGCCAGCGCTAG_004,131
GACAACAATGCCAGCGCTAG_005,127
GACAACAATGCCAGCGCTAG_006,16
GACAACAATGCCAGCGCTAG_007,106
GACAACAATGCCAGCGCTAG_008,137
GACAACAATGCCAGCGCTAG_009,7
GACAACAATGCCAGCGCTAG_010,199
GACAACAATGCCAGCGCTAG_011,119
GACAACAATGCCAGCGCTAG_012,15
CGAGGACACGATCAAAATTG_001,43
CGAGGACACGATCAAAATTG_002,188
CGAGGACACGATCAAAATTG_003,34
CGAGGACACGATCAAAATTG_004,135
GAAATGCCCAGAAGATCGAT_001,63
GAAATGCCCAGAAGATCGAT_002,38
GAAATGCCCAGAAGATCGAT_003,92
GAAATGCCCAGAAGATCGAT_004,169
GAAATGCCCAGAAGATCGAT_005,19
GAAATGCCCAGAAGATCGAT_006,22
TCTTTCTTGCAGACAAACCA_001,166
TCTTTCTTGCAGACAAACCA_002,151
TCTTTCTTGCAGACAAACCA_003,151
TCTTTCTTGCAGACAAACCA_004,105
TCTTTCTTGCAGACAAACCA_005,92
TCTTTCTTGCAGACAAACCA_006,171
TCTTTCTTGCAGACAAACCA_007,33
TCTTTCTTGCAGACAAACCA_008,55
TCTTTCTTGCAGACAAACCA_009,74
GCAGGTGTACTACTCCATCG_001,17
GCAGGTGTACTACTCCATCG_002,48
GCAGGTGTACTACTCCATCG_003,147
TCAACTGTCAGAATTACCTC_001,28
TCTGGAACACGTCCCCTCGG_001,11
TCTGGAACACGTCCCCTCGG_002,57
TCTGGAACACGTCCCCTCGG_003,188
TCTGGAACACGTCCCCTCGG_004,144
TCTGGAACACGTCCCCTCGG_005,98
TCTGGAACACGTCCCCTCGG_006,6
TCTGGAACACGTCCCCTCGG_007,127
TCTGGAACACGTCCCCTCGG_008,104
TCTGGAACACGTCCCCTCGG_009,180
GGTGGCTCGGAAGGTAACAA_001,41
GGTGGCTCGGAAGGTAACAA_002,15
GGTGGCTCGGAAGGTAACAA_003,54
GGTGGCTCGGAAGGTAACAA_004,63
GGTGGCTCGGAAGGTAACAA_005,45
GGTGGCTCGGAAGGTAACAA_006,140
GGTGGCTCGGAAGGTAACAA_007,76
GGTGGCTCGGAAGGTAACAA_008,62
GGTGGCTCGGAAGGTAACAA_009,70
GGTGGCTCGGAAGGTAACAA_010,83
GGTGGCTCGGAAGGTAACAA_011,82
GGTGGCTCGGAAGGTAACAA_012,77
GGTGGCTCGGAAGGTAACAA_013,151
GGTGGCTCGGAAGGTAACAA_014,70
GGTGGCTCGGAAGGTAACAA_015,14
GGTGGCTCGGAAGGTAACAA_016,97
GGTGGCTCGGAAGGTAACAA_017,188
GGTGGCTCGGAAGGTAACAA_018,138
GGTGGCTCGGAAGGTAACAA_019,152
GGTGGCTCGGAAGGTAACAA_020,88
GGTGGCTCGGAAGGTAACAA_021,47
TGGACTCAGACAAGTTCTGG_001,94
TGGACTCAGACAAGTTCTGG_002,160
TGGACTCAGACAAGTTCTGG_003,48
TGGACTCAGACAAGTTCTGG_004,77
TGGACTCAGACAAGTTCTGG_005,119
TGGACTCAGACAAGTTCTGG_006,8
TGGACTCAGACAAGTTCTGG_007,58
TGGACTCAGACAAGTTCTGG_008,177
TGGACTCAGACAAGTTCTGG_009,160
TGGACTCAGACAAGTTCTGG_010,89
TGGACTCAGACAAGTTCTGG_011,83
GTTACGTATAGGCTCACTCA_001,55
GTTACGTATAGGCTCACTCA_002,11
CTTGTGTACAGTTAGTAGTG_001,96
CTTGTGTACAGTTAGTAGTG_002,128
GGGAATGCTTCGAAACACAC_001,83
GGGAATGCTTCGAAACACAC_002,59
GGGAATGCTTCGAAACACAC_003,130
GGGAATGCTTCGAAACACAC_004,127
GGGAATGCTTCGAAACACAC_005,127
GGGAATGCTTCGAAACACAC_006,2
GGGAATGCTTCGAAACACAC_007,147
GGGAATGCTTCGAAACACAC_008,69
GGGAATGCTTCGAAACACAC_009,112
GGGAATGCTTCGAAACACAC_010,154
GGGAATGCTTCGAAACACAC_011,59
GGGAATGCTTCGAAACACAC_012,1
GGGAATGCTTCGAAACACAC_013,180
GGGAATGCTTCGAAACACAC_014,77
GAGATCTGGAATCACTGTAG_001,81
GCAGGCAAAATAAAGGGCGT_001,111
GCAGGCAAAATAAAGGGCGT_002,115
GCAGGCAAAATAAAGGGCGT_003,9
GCAGGCAAAATAAAGGGCGT_004,18
GCAGGCAAAATAAAGGGCGT_005,169
GCAGGCAAAATAAAGGGCGT_006,42
GCAGGCAAAATAAAGGGCGT_007,158
GCAGGCAAAATAAAGGGCGT_008,199
GCAGGCAAAATAAAGGGCGT_009,19
GCAGGCAAAATAAAGGGCGT_010,149
GCAGGCAAAATAAAGGGCGT_011,144
GCAGGCAAAATAAAGGGCGT_012,98
GCAGGCAAAATAAAGGGCGT_013,49
GCAGGCAAAATAAAGGGCGT_014,72
GGGAACCTGAGCGACGCAAG_001,8
GGGAACCTGAGCGACGCAAG_002,163
GGGAACCTGAGCGACGCAAG_003,67
TTCTCCAGCAGAGCTCCGAG_001,162
TTCTCCAGCAGAGCTCCGAG_002,64
TTCTCCAGCAGAGCTCCGAG_003,102
TTCTCCAGCAGAGCTCCGAG_004,24
TTCTCCAGCAGAGCTCCGAG_005,1
TTCTCCAGCAGAGCTCCGAG_006,147
TTCTCCAGCAGAGCTCCGAG_007,65
TTCTCCAGCAGAGCTCCGAG_008,146
TTCTCCAGCAGAGCTCCGAG_009,146
TTCTCCAGCAGAGCTCCGAG_010,139
TTCTCCAGCAGAGCTCCGAG_011,7
TTCTCCAGCAGAGCTCCGAG_012,64
TTCTCCAGCAGAGCTCCGAG_013,118
TTCTCCAGCAGAGCTCCGAG_014,150
TTCTCCAGCAGAGCTCCGAG_015,198
TTCTCCAGCAGAGCTCCGAG_016,169
TTCTCCAGCAGAGCTCCGAG_017,83
TTCTCCAGCAGAGCTCCGAG_018,70
TTCTCCAGCAGAGCTCCGAG_019,146
TTCTCCAGCAGAGCTCCGAG_020,158
TTCTCCAGCAGAGCTCCGAG_021,9
TTCTCCAGCAGAGCTCCGAG_022,66
TTCTCCAGCAGAGCTCCGAG_023,12
TTCTCCAGCAGAGCTCCGAG_024,106
TTCTCCAGCAGAGCTCCGAG_025,62
TTCTCCAGCAGAGCTCCGAG_026,157
TTCTCCAGCAGAGCTCCGAG_027,95
GCGGGAGAGAGCTCGTCGTG_001,76
GCGGGAGAGAGCTCGTCGTG_002,91
GCGGGAGAGAGCTCGTCGTG_003,6
GCGGGAGAGAGCTCGTCGTG_004,177
GCGGGAGAGAGCTCGTCGTG_005,102
GCGGGAGAGAGCTCGTCGTG_006,45
GCGGGAGAGAGCTCGTCGTG_007,29
GCGGGAGAGAGCTCGTCGTG_008,75
GCGGGAGAGAGCTCGTCGTG_009,143
GCGGGAGAGAGCTCGTCGTG_010,120
GCGGGAGAGAGCTCGTCGTG_011,39
GCGGGAGAGAGCTCGTCGTG_012,171
GCGGGAGAGAGCTCGTCGTG_013,108
GCGGGAGAGAGCTCGTCGTG_014,111
GCGGGAGAGAGCTCGTCGTG_015,69
GCGGGAGAGAGCTCGTCGTG_016,28
GCGGGAGAGAGCTCGTCGTG_017,48
GCGGGAGAGAGCTCGTCGTG_018,56
GCGGGAGAGAGCTCGTCGTG_019,156
GCGGGAGAGAGCTCGTCGTG_020,156
GCGGGAGAGAGCTCGTCGTG_021,50
GCGGGAGAGAGCTCGTCGTG_022,171
GCGGGAGAGAGCTCGTCGTG_023,185
GCGGGAGAGAGCTCGTCGTG_024,170
GCAGAGTAGAGGCCATACTG_001,85
GCAGAGTAGAGGCCATACTG_002,77
GCAGAGTAGAGGCCATACTG_003,77
GCAGAGTAGAGGCCATACTG_004,174
GCAGAGTAGAGGCCATACTG_005,27
GCAGAGTAGAGGCCATACTG_006,108
GCAGAGTAGAGGCCATACTG_007,42
GCAGAGTAGAGGCCATACTG_008,69
GCAGAGTAGAGGCCATACTG_009,190
GCAGAGTAGAGGCCATACTG_010,94
GCAGAGTAGAGGCCATACTG_011,152
CCTGTCGCTATCGTTAGAGA_001,129
CCTGTCGCTATCGTTAGAGA_002,199
CCTGTCGCTATCGTTAGAGA_003,116
CCTGTCGCTATCGTTAGAGA_004,127
CCTGTCGCTATCGTTAGAGA_005,185
CCTGTCGCTATCGTTAGAGA_006,28
CACAGCGTGAAGTAGGCAGT_001,61
CACAGCGTGAAGTAGGCAGT_002,94
CACAGCGTGAAGTAGGCAGT_003,121
CACAGCGTGAAGTAGGCAGT_004,101
CACAGCGTGAAGTAGGCAGT_005,150
CACAGCGTGAAGTAGGCAGT_006,149
CACAGCGTGAAGTAGGCAGT_007,113
CACAGCGTGAAGTAGGCAGT_008,119
CACAGCGTGAAGTAGGCAGT_009,13
CACAGCGTGAAGTAGGCAGT_010,149
CACAGCGTGAAGTAGGCAGT_011,177
CACAGCGTGAAGTAGGCAGT_012,187
CACAGCGTGAAGTAGGCAGT_013,191
CACAGCGTGAAGTAGGCAGT_014,149
CACAGCGTGAAGTAGGCAGT_015,70
CACAGCGTGAAGTAGGCAGT_016,112
GCACATCGTTATATACCAGA_001,21
GCACATCGTTATATACCAGA_002,194
GCACATCGTTATATACCAGA_003,82
GGACAGTTCAACAAGTTCTG_001,124
GGACAGTTCAACAAGTTCTG_002,28
GGACAGTTCAACAAGTTCTG_003,8
GGACAGTTCAACAAGTTCTG_004,170
GGACAGTTCAACAAGTTCTG_005,28
GGACAGTTCAACAAGTTCTG_006,169
GGACAGTTCAACAAGTTCTG_007,98
GGACAGTTCAACAAGTTCTG_008,176
GGACAGTTCAACAAGTTCTG_009,106
GGACAGTTCAACAAGTTCTG_010,137
GGACAGTTCAACAAGTTCTG_011,198
GGACAGTTCAACAAGTTCTG_012,130
GGACAGTTCAACAAGTTCTG_013,138
GGACAGTTCAACAAGTTCTG_014,65
GGACAGTTCAACAAGTTCTG_015,127
GGACAGTTCAACAAGTTCTG_016,44
GGACAGTTCAACAAGTTCTG_017,134
GGACAGTTCAACAAGTTCTG_018,169
GGACAGTTCAACAAGTTCTG_019,101
GGACAGTTCAACAAGTTCTG_020,191
GGACAGTTCAACAAGTTCTG_021,58
GTACATGCCGAAGTAGCCCT_001,102
GTACATGCCGAAGTAGCCCT_002,17
GTACATGCCGAAGTAGCCCT_003,126
GTACATGCCGAAGTAGCCCT_004,67
GTACATGCCGAAGTAGCCCT_005,80
GTACATGCCGAAGTAGCCCT_006,121
GTACATGCCGAAGTAGCCCT_007,107
ATCCATTGCTCAAAATCAAC_001,148
ATCCATTGCTCAAAATCAAC_002,9
ATCCATTGCTCAAAATCAAC_003,48
ATCCATTGCTCAAAATCAAC_004,1
ATCCATTGCTCAAAATCAAC_005,117
GAGCTCACAGGAATCTGGAG_001,190
GAGCTCACAGGAATCTGGAG_002,41
GAGCTCACAGGAATCTGGAG_003,176
GAGCTCACAGGAATCTGGAG_004,16
GAGCTCACAGGAATCTGGAG_005,76
GAGCTCACAGGAATCTGGAG_006,163
GAGCTCACAGGAATCTGGAG_007,147
GAGCTCACAGGAATCTGGAG_008,76
GAGCTCACAGGAATCTGGAG_009,152
GAGCTCACAGGAATCTGGAG_010,80
GAGCTCACAGGAATCTGGAG_011,0
GAGCTCACAGGAATCTGGAG_012,108
TCTGTCGGGGACCTCACTGA_001,157
TCTGTCGGGGACCTCACTGA_002,170
TCTGTCGGGGACCTCACTGA_003,151
TCTGTCGGGGACCTCACTGA_004,43
TCTGTCGGGGACCTCACTGA_005,12
TCTGTCGGGGACCTCACTGA_006,158
TCTGTCGGGGACCTCACTGA_007,102
TCTGTCGGGGACCTCACTGA_008,12
TCTGTCGGGGACCTCACTGA_009,184
TCTGTCGGGGACCTCACTGA_010,88
TCTGTCGGGGACCTCACTGA_011,107
TCTGTCGGGGACCTCACTGA_012,60
TCTGTCGGGGACCTCACTGA_013,122
TCTGTCGGGGACCTCACTGA_014,143
GAGGAAACCTGACTTTAGCA_001,133
GAGGAAACCTGACTTTAGCA_002,162
GAGGAAACCTGACTTTAGCA_003,9
GAGGAAACCTGACTTTAGCA_004,15
GAGGAAACCTGACTTTAGCA_005,43
GAGGAAACCTGACTTTAGCA_006,165
GAGGAAACCTGACTTTAGCA_007,0
TTGTAACCAGATGGATCCAG_001,171
GCTGTGTAAATGTATTGGAG_001,102
GCTGTGTAAATGTATTGGAG_002,44
GCTGTGTAAATGTATTGGAG_003,115
GCTGTGTAAATGTATTGGAG_004,127
GCTGTGTAAATGTATTGGAG_005,82
GCTGTGTAAATGTATTGGAG_006,67
GCTGTGTAAATGTATTGGAG_007,21
GCTGTGTAAATGTATTGGAG_008,39
GCTGTGTAAATGTATTGGAG_009,181
GCTGTGTAAATGTATTGGAG_010,157
GCTGTGTAAATGTATTGGAG_011,138
AGTCAACCAGCAAACCCAAG_001,59
AGTCAACCAGCAAACCCAAG_002,171
AGTCAACCAGCAAACCCAAG_003,33
AGTCAACCAGCAAACCCAAG_004,69
AGTCAACCAGCAAACCCAAG_005,40
AGTCAACCAGCAAACCCAAG_006,7
AGTCAACCAGCAAACCCAAG_007,118
CATTTGTGTCGAATGAAACG_001,190
CATTTGTGTCGAATGAAACG_002,10
CATTTGTGTCGAATGAAACG_003,64
CATTTGTGTCGAATGAAACG_004,150
GACATTTGATCGCTCCACCA_001,169
GACATTTGATCGCTCCACCA_002,199
GACATTTGATCGCTCCACCA_003,115
GACATTTGATCGCTCCACCA_004,97
GACATTTGATCGCTCCACCA_005,152
GACATTTGATCGCTCCACCA_006,113
GACATTTGATCGCTCCACCA_007,82
GACATTTGATCGCTCCACCA_008,169
GACATTTGATCGCTCCACCA_009,175
GACATTTGATCGCTCCACCA_010,106
GACATTTGATCGCTCCACCA_011,137
ACTTCAAAGTCCACGGCACA_001,186
ACTTCAAAGTCCACGGCACA_002,98
ACTTCAAAGTCCACGGCACA_003,77
ACTTCAAAGTCCACGGCACA_004,106
ACTTCAAAGTCCACGGCACA_005,165
ACTTCAAAGTCCACGGCACA_006,56
ACTTCAAAGTCCACGGCACA_007,129
ACTTCAAAGTCCACGGCACA_008,43
ACTTCAAAGTCCACGGCACA_009,155
ACTTCAAAGTCCACGGCACA_010,77
TGGTGAGCGGTGCGGCCGGG_001,168
TGGTGAGCGGTGCGGCCGGG_002,62
TGGTGAGCGGTGCGGCCGGG_003,59
TGGTGAGCGGTGCGGCCGGG_004,158
TGGTGAGCGGTGCGGCCGGG_005,49
TGGTGAGCGGTGCGGCCGGG_006,197
TGGTGAGCGGTGCGGCCGGG_007,62
TGGTGAGCGGTGCGGCCGGG_008,98
TGGTGAGCGGTGCGGCCGGG_009,4
TGGTGAGCGGTGCGGCCGGG_010,120
TGGTGAGCGGTGCGGCCGGG_011,70
TGGTGAGCGGTGCGGCCGGG_012,134
TGGTGAGCGGTGCGGCCGGG_013,2
TGGTGAGCGGTGCGGCCGGG_014,83
TGGTGAGCGGTGCGGCCGGG_015,88
TGGTGAGCGGTGCGGCCGGG_016,182
TGGTGAGCGGTGCGGCCGGG_017,104
TGGTGAGCGGTGCGGCCGGG_018,129
TGGTGAGCGGTGCGGCCGGG_019,132
TGGTGAGCGGTGCGGCCGGG_020,92
TGGTGAGCGGTGCGGCCGGG_021,19
TGGTGAGCGGTGCGGCCGGG_022,169
TGGTGAGCGGTGCGGCCGGG_023,137
TGGTGAGCGGTGCGGCCGGG_024,17
TCTTGCCAGACGAAAGCGAG_001,188
TCTTGCCAGACGAAAGCGAG_002,168
TCTTGCCAGACGAAAGCGAG_003,11
TCTTGCCAGACGAAAGCGAG_004,190
TCTTGCCAGACGAAAGCGAG_005,194
TCTTGCCAGACGAAAGCGAG_006,33
TCTTGCCAGACGAAAGCGAG_007,19
TCTTGCCAGACGAAAGCGAG_008,188
TCTTGCCAGACGAAAGCGAG_009,9
TTGAGACCCTTACCCACCTG_001,45
TTGAGACCCTTACCCACCTG_002,41
TTGAGACCCTTACCCACCTG_003,147
TTGAGACCCTTACCCACCTG_004,41
TTGAGACCCTTACCCACCTG_005,162
TTGAGACCCTTACCCACCTG_006,142
TTGAGACCCTTACCCACCTG_007,175
TTGAGACCCTTACCCACCTG_008,150
TTGAGACCCTTACCCACCTG_009,144
TTGAGACCCTTACCCACCTG_010,162
TTGAGACCCTTACCCACCTG_011,74
TTGAGACCCTTACCCACCTG_012,126
TTGAGACCCTTACCCACCTG_013,42
TTGAGACCCTTACCCACCTG_014,54
TTGAGACCCTTACCCACCTG_015,169
TTGAGACCCTTACCCACCTG_016,129
TTGAGACCCTTACCCACCTG_017,190
TTGAGACCCTTACCCACCTG_018,140
TTGAGACCCTTACCCACCTG_019,41
TTGAGACCCTTACCCACCTG_020,22
TTGAGACCCTTACCCACCTG_021,134
TTGAGACCCTTACCCACCTG_022,31
TTGAGACCCTTACCCACCTG_023,198
TTGAGACCCTTACCCACCTG_024,178
TTGAGACCCTTACCCACCTG_025,37
CTTGCACTTATTGAACGGGG_001,41
CTTGCACTTATTGAACGGGG_002,76
CTTGCACTTATTGAACGGGG_003,165
CTTGCACTTATTGAACGGGG_004,176
CTTGCACTTATTGAACGGGG_005,10
CTTGCACTTATTGAACGGGG_006,57
ACGAATCTCTCGAAGCGCCA_001,50
ACGAATCTCTCGAAGCGCCA_002,162
ACGAATCTCTCGAAGCGCCA_003,1
ACGAATCTCTCGAAGCGCCA_004,52
ACGAATCTCTCGAAGCGCCA_005,114
ACGAATCTCTCGAAGCGCCA_006,114
ACGAATCTCTCGAAGCGCCA_007,15
ACGAATCTCTCGAAGCGCCA_008,0
ACGAATCTCTCGAAGCGCCA_009,84
ACGAATCTCTCGAAGCGCCA_010,163
ACGAATCTCTCGAAGCGCCA_011,24
ACGAATCTCTCGAAGCGCCA_012,163
ACGAATCTCTCGAAGCGCCA_013,198
ACGAATCTCTCGAAGCGCCA_014,108
ACGAATCTCTCGAAGCGCCA_015,125
ACGAATCTCTCGAAGCGCCA_016,43
ACGAATCTCTCGAAGCGCCA_017,8
ACGAATCTCTCGAAGCGCCA_018,26
ACGAATCTCTCGAAGCGCCA_019,41
ACGAATCTCTCGAAGCGCCA_020,146
ACGAATCTCTCGAAGCGCCA_021,191
ACGAATCTCTCGAAGCGCCA_022,66
ACGAATCTCTCGAAGCGCCA_023,46
GCTGCAGAGGAAGCTCACCG_001,24
GCTGCAGAGGAAGCTCACCG_002,82
GCTGCAGAGGAAGCTCACCG_003,48
GCTGCAGAGGAAGCTCACCG_004,82
GCTGCAGAGGAAGCTCACCG_005,142
GCTGCAGAGGAAGCTCACCG_006,143
GCTGCAGAGGAAGCTCACCG_007,32
GCTGCAGAGGAAGCTCACCG_008,13
TGGTTGGCCCTCATCCAACG_001,142
CGCAGCTGTGCACCACAAGG_001,105
CGCAGCTGTGCACCACAAGG_002,31
CGCAGCTGTGCACCACAAGG_003,112
CGCAGCTGTGCACCACAAGG_004,129
CGCAGCTGTGCACCACAAGG_005,57
CGCAGCTGTGCACCACAAGG_006,127
CGCAGCTGTGCACCACAAGG_007,192
CGCAGCTGTGCACCACAAGG_008,163
CGCAGCTGTGCACCACAAGG_009,50
CGCAGCTGTGCACCACAAGG_010,198
CGCAGCTGTGCACCACAAGG_011,150
CGCAGCTGTGCACCACAAGG_012,85
CGCAGCTGTGCACCACAAGG_013,12
CGCAGCTGTGCACCACAAGG_014,33
CGCAGCTGTGCACCACAAGG_015,126
CGCAGCTGTGCACCACAAGG_016,106
CGCAGCTGTGCACCACAAGG_017,28
GGCAACTATTCGGAGCGCGT_001,22
GGCAACTATTCGGAGCGCGT_002,26
GGCAACTATTCGGAGCGCGT_003,28
GGAAGGCTCTATGATCTCTG_001,93
GGAAGGCTCTATGATCTCTG_002,98
GGAAGGCTCTATGATCTCTG_003,121
TGACCCAAACAAAGACATGG_001,40
TGACCCAAACAAAGACATGG_002,29
TGACCCAAACAAAGACATGG_003,49
TGACCCAAACAAAGACATGG_004,38
TGACCCAAACAAAGACATGG_005,158
TGACCCAAACAAAGACATGG_006,57
GCTGAACCTGAGCTGCAAGT_001,149
GCTGAACCTGAGCTGCAAGT_002,2
GCTGAACCTGAGCTGCAAGT_003,169
GCTGAACCTGAGCTGCAAGT_004,180
GCTGAACCTGAGCTGCAAGT_005,85
GCTGAACCTGAGCTGCAAGT_006,49
GCTGAACCTGAGCTGCAAGT_007,85
GCTGAACCTGAGCTGCAAGT_008,97
GCTGAACCTGAGCTGCAAGT_009,142
AGGGAAGTCACAGCAGAAGT_001,115
AGGGAAGTCACAGCAGAAGT_002,148
AGGGAAGTCACAGCAGAAGT_003,56
AGGGAAGTCACAGCAGAAGT_004,151
AGGGAAGTCACAGCAGAAGT_005,106
AGGGAAGTCACAGCAGAAGT_006,169
AGGGAAGTCACAGCAGAAGT_007,139
AGGGAAGTCACAGCAGAAGT_008,198
TAGATTTATCCATCTTAGCT_001,24
TAGATTTATCCATCTTAGCT_002,73
TAGATTTATCCATCTTAGCT_003,103
CCCGGGACTCTCGTCGCTGG_001,76
TGACGGTGTTTGGACTCCTA_001,2
TGACGGTGTTTGGACTCCTA_002,161
TGACGGTGTTTGGACTCCTA_003,15
GCCAGCAACCCTTGTCACCA_001,121
GCCAGCAACCCTTGTCACCA_002,81
GCCAGCAACCCTTGTCACCA_003,115
GCCAGCAACCCTTGTCACCA_004,169
GCCAGCAACCCTTGTCACCA_005,48
GCCAGCAACCCTTGTCACCA_006,169
GCCAGCAACCCTTGTCACCA_007,149
GCCAGCAACCCTTGTCACCA_008,107
GCCAGCAACCCTTGTCACCA_009,88
GCCAGCAACCCTTGTCACCA_010,153
GCCAGCAACCCTTGTCACCA_011,181
GCCAGCAACCCTTGTCACCA_012,172
GCCAGCAACCCTTGTCACCA_013,60
GCCAGCAACCCTTGTCACCA_014,162
GCCAGCAACCCTTGTCACCA_015,91
GCCAGCAACCCTTGTCACCA_016,69
GCCAGCAACCCTTGTCACCA_017,13
GCCAGCAACCCTTGTCACCA_018,48
GCCAGCAACCCTTGTCACCA_019,148
GCCAGCAACCCTTGTCACCA_020,96
GCCAGCAACCCTTGTCACCA_021,174
GCCAGCAACCCTTGTCACCA_022,150
GCCAGCAACCCTTGTCACCA_023,43
GCCAGCAACCCTTGTCACCA_024,58
GCCAGCAACCCTTGTCACCA_025,8
GCCAGCAACCCTTGTCACCA_026,124
GCCAGCAACCCTTGTCACCA_027,158
GCCAGCAACCCTTGTCACCA_028,44
GCCAGCAACCCTTGTCACCA_029,76
GCCAGCAACCCTTGTCACCA_030,162
GCTTGACCAAAAGTGTTTGG_001,22
GCTTGACCAAAAGTGTTTGG_002,169
GCTTGACCAAAAGTGTTTGG_003,16
GCTTGACCAAAAGTGTTTGG_004,188
GCTTGACCAAAAGTGTTTGG_005,179
GTGTACGAGAATCTGTACGC_001,120
GTGTACGAGAATCTGTACGC_002,166
GTGTACGAGAATCTGTACGC_003,34
GTGTACGAGAATCTGTACGC_004,78
GTGTACGAGAATCTGTACGC_005,98
GTGTACGAGAATCTGTACGC_006,29
GTGTACGAGAATCTGTACGC_007,130
GTGTACGAGAATCTGTACGC_008,139
GTGTACGAGAATCTGTACGC_009,77
GTGTACGAGAATCTGTACGC_010,0
GTGTACGAGAATCTGTACGC_011,106
CAGAGCGGCTGCTATCGGTG_001,152
CAGAGCGGCTGCTATCGGTG_002,117
AAGAACCGATAAAGACCATC_001,68
AAGAACCGATAAAGACCATC_002,17
AAGAACCGATAAAGACCATC_003,88
AAGAACCGATAAAGACCATC_004,170
TGCATCAGTCCAGACCAATG_001,143
TGCATCAGTCCAGACCAATG_002,138
TGCATCAGTCCAGACCAATG_003,0
TTACTGCTGCTGGTTCTATG_001,163
TTACTGCTGCTGGTTCTATG_002,128
TTACTGCTGCTGGTTCTATG_003,179
TTACTGCTGCTGGTTCTATG_004,13
TTACTGCTGCTGGTTCTATG_005,16
TTACTGCTGCTGGTTCTATG_006,60
TTACTGCTGCTGGTTCTATG_007,199
GTTGTTTAGAACCCGTCAGG_001,96
GTTGTTTAGAACCCGTCAGG_002,145
GTTGTTTAGAACCCGTCAGG_003,127
GTTGTTTAGAACCCGTCAGG_004,1
GTTGTTTAGAACCCGTCAGG_005,57
GTTGTTTAGAACCCGTCAGG_006,180
TCTGGGCTATGAAACCAAGG_001,80
TCTGGGCTATGAAACCAAGG_002,153
GAAGGTGTGGGATTGACTAC_001,116
GAAGGTGTGGGATTGACTAC_002,25
GAAGGTGTGGGATTGACTAC_003,141
GAAGGTGTGGGATTGACTAC_004,66
GAAGGTGTGGGATTGACTAC_005,15
GAAGGTGTGGGATTGACTAC_006,102
GAAGGTGTGGGATTGACTAC_007,70
GAAGGTGTGGGATTGACTAC_008,48
CCTCCTCCACTCGAAGTGTG_001,162
CCTCCTCCACTCGAAGTGTG_002,197
CCTCCTCCACTCGAAGTGTG_003,77
CCTCCTCCACTCGAAGTGTG_004,124
CCTCCTCCACTCGAAGTGTG_005,148
CCTCCTCCACTCGAAGTGTG_006,88
CCTCCTCCACTCGAAGTGTG_007,83
CCTCCTCCACTCGAAGTGTG_008,53
CCTCCTCCACTCGAAGTGTG_009,156
CCTCCTCCACTCGAAGTGTG_010,169
CCTCCTCCACTCGAAGTGTG_011,137
CCTCCTCCACTCGAAGTGTG_012,1
CCTCCTCCACTCGAAGTGTG_013,191
CCTCCTCCACTCGAAGTGTG_014,16
CCTCCTCCACTCGAAGTGTG_015,156
CCTCCTCCACTCGAAGTGTG_016,158
CCTCCTCCACTCGAAGTGTG_017,42
CCTCCTCCACTCGAAGTGTG_018,137
CCTCCTCCACTCGAAGTGTG_019,110
CCTCCTCCACTCGAAGTGTG_020,114
CCTCCTCCACTCGAAGTGTG_021,194
CCTCCTCCACTCGAAGTGTG_022,92
CCTCCTCCACTCGAAGTGTG_023,158
CCTCCTCCACTCGAAGTGTG_024,61
CCTCCTCCACTCGAAGTGTG_025,88
CCTCCTCCACTCGAAGTGTG_026,115
CCTCCTCCACTCGAAGTGTG_027,17
CCTCCTCCACTCGAAGTGTG_028,179
CCTCCTCCACTCGAAGTGTG_029,38
CCTCCTCCACTCGAAGTGTG_030,47
CCTCCTCCACTCGAAGTGTG_031,26
CCTCCTCCACTCGAAGTGTG_032,68
CCTCCTCCACTCGAAGTGTG_033,150
CCTCCTCCACTCGAAGTGTG_034,132
CCTCCTCCACTCGAAGTGTG_035,49
CCTCCTCCACTCGAAGTGTG_036,49
CCTCCTCCACTCGAAGTGTG_037,106
CCTCCTCCACTCGAAGTGTG_038,77
GGAGGATACTCACGGCCGCT_001,105
GGAGGATACTCACGGCCGCT_002,50
GGAGGATACTCACGGCCGCT_003,41
GGAGGATACTCACGGCCGCT_004,77
GGAGGATACTCACGGCCGCT_005,175
GGAGGATACTCACGGCCGCT_006,28
GGAGGATACTCACGGCCGCT_007,136
ATTCATGCTAAAAAACCACA_001,127
ATTCATGCTAAAAAACCACA_002,51
ATTCATGCTAAAAAACCACA_003,142
TGGCTCTCGCAATGTCACGG_001,116
TGGCTCTCGCAATGTCACGG_002,6
TGGCTCTCGCAATGTCACGG_003,36
TGGCTCTCGCAATGTCACGG_004,94
TGGCTCTCGCAATGTCACGG_005,193
TGGCTCTCGCAATGTCACGG_006,147
TGGCTCTCGCAATGTCACGG_007,104
TGGCTCTCGCAATGTCACGG_008,11
TGGCTCTCGCAATGTCACGG_009,60
TGGCTCTCGCAATGTCACGG_010,149
TGGCTCTCGCAATGTCACGG_011,134
TGGCTCTCGCAATGTCACGG_012,23
TGGCTCTCGCAATGTCACGG_013,62
TGGCTCTCGCAATGTCACGG_014,46
TGGCTCTCGCAATGTCACGG_015,81
TGGCTCTCGCAATGTCACGG_016,8
ACTGCGAGGAACCCTTTGTG_001,177
ACTGCGAGGAACCCTTTGTG_002,169
ACTGCGAGGAACCCTTTGTG_003,113
ACTGCGAGGAACCCTTTGTG_004,0
ACTGCGAGGAACCCTTTGTG_005,41
ACTGCGAGGAACCCTTTGTG_006,172
ACTGCGAGGAACCCTTTGTG_007,16
ACTGCGAGGAACCCTTTGTG_008,33
ACTGCGAGGAACCCTTTGTG_009,167
ACTGCGAGGAACCCTTTGTG_010,10
ACTGCGAGGAACCCTTTGTG_011,50
ACTGCGAGGAACCCTTTGTG_012,106
ACTGCGAGGAACCCTTTGTG_013,63
ACTGCGAGGAACCCTTTGTG_014,184
ACTGCGAGGAACCCTTTGTG_015,1
ACTGCGAGGAACCCTTTGTG_016,88
ACTGCGAGGAACCCTTTGTG_017,145
ACTGCGAGGAACCCTTTGTG_018,104
ACTGCGAGGAACCCTTTGTG_019,149
ACTGCGAGGAACCCTTTGTG_020,115
ACTGCGAGGAACCCTTTGTG_021,2
ACTGCGAGGAACCCTTTGTG_022,177
ACTGCGAGGAACCCTTTGTG_023,130
ACTGCGAGGAACCCTTTGTG_024,1
ACTGCGAGGAACCCTTTGTG_025,169
ACTGCGAGGAACCCTTTGTG_026,131
ACTGCGAGGAACCCTTTGTG_027,62
ACTGCGAGGAACCCTTTGTG_028,31
ACTGCGAGGAACCCTTTGTG_029,14
ACTGCGAGGAACCCTTTGTG_030,137
ACTGCGAGGAACCCTTTGTG_031,83
ACTGCGAGGAACCCTTTGTG_032,121
ACTGCGAGGAACCCTTTGTG_033,178
ACTGCGAGGAACCCTTTGTG_034,145
ACTGCGAGGAACCCTTTGTG_035,65
ACTGCGAGGAACCCTTTGTG_036,173
ACTGCGAGGAACCCTTTGTG_037,173
ACTGCGAGGAACCCTTTGTG_038,126
ACTGCGAGGAACCCTTTGTG_039,127
ACTGCGAGGAACCCTTTGTG_040,117
ACTGCGAGGAACCCTTTGTG_041,142
ACTGCGAGGAACCCTTTGTG_042,14
ACTGCGAGGAACCCTTTGTG_043,6
ACTGCGAGGAACCCTTTGTG_044,198
ACTGCGAGGAACCCTTTGTG_045,15
ACTGCGAGGAACCCTTTGTG_046,49
ACTGCGAGGAACCCTTTGTG_047,168
ACTGCGAGGAACCCTTTGTG_048,198
ACTGCGAGGAACCCTTTGTG_049,188
ACTGCGAGGAACCCTTTGTG_050,174
CCGGAAGTAGCCATCTACCA_001,137
CCGGAAGTAGCCATCTACCA_002,106
CCGGAAGTAGCCATCTACCA_003,38
AAGTCCGGCCGTTCGCGTCG_001,0
AAGTCCGGCCGTTCGCGTCG_002,72
AAGTCCGGCCGTTCGCGTCG_003,48
AAGTCCGGCCGTTCGCGTCG_004,69
AAGTCCGGCCGTTCGCGTCG_005,75
AAGTCCGGCCGTTCGCGTCG_006,189
AAGTCCGGCCGTTCGCGTCG_007,163
AAGTCCGGCCGTTCGCGTCG_008,154
AAGTCCGGCCGTTCGCGTCG_009,51
AAGTCCGGCCGTTCGCGTCG_010,50
AAGTCCGGCCGTTCGCGTCG_011,138
AAGTCCGGCCGTTCGCGTCG_012,172
AAGTCCGGCCGTTCGCGTCG_013,37
AAGTCCGGCCGTTCGCGTCG_014,57
AAGTCCGGCCGTTCGCGTCG_015,142
CCGAAAGGGCGGCACCAATG_001,132
CCGAAAGGGCGGCACCAATG_002,158
CCGAAAGGGCGGCACCAATG_003,131
CTGGAGCGACGACACGATGA_001,141
CTGGAGCGACGACACGATGA_002,115
CTGGAGCGACGACACGATGA_003,162
CTGGAGCGACGACACGATGA_004,156
CTGGAGCGACGACACGATGA_005,133
CTGGAGCGACGACACGATGA_006,5
CTGGAGCGACGACACGATGA_007,146
CTGGAGCGACGACACGATGA_008,136
CTGGAGCGACGACACGATGA_009,124
CTGGAGCGACGACACGATGA_010,170
CTGGAGCGACGACACGATGA_011,0
CTGGAGCGACGACACGATGA_012,1
CTGGAGCGACGACACGATGA_013,173
CTGGAGCGACGACACGATGA_014,173
GACTGAATATGCCCCCAATG_001,17
GACTGAATATGCCCCCAATG_002,121
GACTGAATATGCCCCCAATG_003,14
GACTGAATATGCCCCCAATG_004,111
GACTGAATATGCCCCCAATG_005,13
ACAGCGCGGAGGCCGAACCG_001,21
ACAGCGCGGAGGCCGAACCG_002,37
ACAGCGCGGAGGCCGAACCG_003,197
ACAGCGCGGAGGCCGAACCG_004,32
ACAGCGCGGAGGCCGAACCG_005,1
ACAGCGCGGAGGCCGAACCG_006,197
ACAGCGCGGAGGCCGAACCG_007,197
ACAGCGCGGAGGCCGAACCG_008,51
ACAGCGCGGAGGCCGAACCG_009,77
ACAGCGCGGAGGCCGAACCG_010,149
ACAGCGCGGAGGCCGAACCG_011,2
ACAGCGCGGAGGCCGAACCG_012,190
ACAGCGCGGAGGCCGAACCG_013,198
ACAGCGCGGAGGCCGAACCG_014,46
ACAGCGCGGAGGCCGAACCG_015,118
ACAGCGCGGAGGCCGAACCG_016,27
ACAGCGCGGAGGCCGAACCG_017,102
AGCCCAGAATCAGCACCAAG_001,107
AGCCCAGAATCAGCACCAAG_002,29
AGCCCAGAATCAGCACCAAG_003,7
AGCCCAGAATCAGCACCAAG_004,199
AGCCCAGAATCAGCACCAAG_005,183
AGCCCAGAATCAGCACCAAG_006,144
AGCCCAGAATCAGCACCAAG_007,179
AGCCCAGAATCAGCACCAAG_008,58
AGCCCAGAATCAGCACCAAG_009,12
AGCCCAGAATCAGCACCAAG_010,158
AGCCCAGAATCAGCACCAAG_011,16
AGCCCAGAATCAGCACCAAG_012,169
AGCCCAGAATCAGCACCAAG_013,105
AGCCCAGAATCAGCACCAAG_014,5
AGCCCAGAATCAGCACCAAG_015,2
AGCCCAGAATCAGCACCAAG_016,199
AGCCCAGAATCAGCACCAAG_017,174
AGCCCAGAATCAGCACCAAG_018,146
AGCCCAGAATCAGCACCAAG_019,198
AGCCCAGAATCAGCACCAAG_020,52
AGCCCAGAATCAGCACCAAG_021,8
AGCCCAGAATCAGCACCAAG_022,9
AGCCCAGAATCAGCACCAAG_023,191
AGCCCAGAATCAGCACCAAG_024,111
AGCCCAGAATCAGCACCAAG_025,59
AGCCCAGAATCAGCACCAAG_026,19
AAAAGGCATGACCTTCACTG_001,97
AAAAGGCATGACCTTCACTG_002,32
AAAAGGCATGACCTTCACTG_003,194
AAAAGGCATGACCTTCACTG_004,29
AAAAGGCATGACCTTCACTG_005,156
AAAAGGCATGACCTTCACTG_006,120
AAAAGGCATGACCTTCACTG_007,161
AAAAGGCATGACCTTCACTG_008,97
AAAAGGCATGACCTTCACTG_009,64
AAAAGGCATGACCTTCACTG_010,103
AAAAGGCATGACCTTCACTG_011,149
AAAAGGCATGACCTTCACTG_012,187
AAAAGGCATGACCTTCACTG_013,137
AAAAGGCATGACCTTCACTG_014,138
CCGACTACAAGTACCGGCCT_001,148
CCGACTACAAGTACCGGCCT_002,62
CCGACTACAAGTACCGGCCT_003,176
GAGATTGGTGAAAGCGTGAG_001,134
GAGATTGGTGAAAGCGTGAG_002,158
GAGATTGGTGAAAGCGTGAG_003,91
GAGATTGGTGAAAGCGTGAG_004,59
GAGATTGGTGAAAGCGTGAG_005,155
GAGATTGGTGAAAGCGTGAG_006,142
GAGATTGGTGAAAGCGTGAG_007,9
GAGATTGGTGAAAGCGTGAG_008,149
GAGATTGGTGAAAGCGTGAG_009,77
CAAACCAGACAAGTTATACG_001,70
CAAACCAGACAAGTTATACG_002,185
CAAACCAGACAAGTTATACG_003,112
CAAACCAGACAAGTTATACG_004,188
TCCCCCAGAGGAGAAGCGGG_001,178
TCCCCCAGAGGAGAAGCGGG_002,143
TCCCCCAGAGGAGAAGCGGG_003,15
TCCCCCAGAGGAGAAGCGGG_004,29
TCCCCCAGAGGAGAAGCGGG_005,22
TCCCCCAGAGGAGAAGCGGG_006,133
TCCCCCAGAGGAGAAGCGGG_007,137
TCCCCCAGAGGAGAAGCGGG_008,28
TCCCCCAGAGGAGAAGCGGG_009,144
TCCCCCAGAGGAGAAGCGGG_010,82
TCCCCCAGAGGAGAAGCGGG_011,147
TCCCCCAGAGGAGAAGCGGG_012,169
TCCCCCAGAGGAGAAGCGGG_013,94
TCCCCCAGAGGAGAAGCGGG_014,156
TCCCCCAGAGGAGAAGCGGG_015,137
TGGCTCAGTGAGCAAGACGG_001,190
TGGCTCAGTGAGCAAGACGG_002,45
TGGCTCAGTGAGCAAGACGG_003,67
TGGCTCAGTGAGCAAGACGG_004,140
TGGCTCAGTGAGCAAGACGG_005,88
TGGCTCAGTGAGCAAGACGG_006,2
TGGCTCAGTGAGCAAGACGG_007,148
TGGCTCAGTGAGCAAGACGG_008,86
TGGCTCAGTGAGCAAGACGG_009,105
TGGCTCAGTGAGCAAGACGG_010,149
AGAGAGCACGGCTTCATGCA_001,115
AGAGAGCACGGCTTCATGCA_002,17
AGAGAGCACGGCTTCATGCA_003,63
AGAGAGCACGGCTTCATGCA_004,39
AGAGAGCACGGCTTCATGCA_005,160
AGAGAGCACGGCTTCATGCA_006,123
AGAGAGCACGGCTTCATGCA_007,39
AGAGAGCACGGCTTCATGCA_008,144
AGAGAGCACGGCTTCATGCA_009,115
AGAGAGCACGGCTTCATGCA_010,148
AGAGAGCACGGCTTCATGCA_011,142
GCTGACACTAGAAGGCCTGG_001,126
GCTGACACTAGAAGGCCTGG_002,23
GCTGACACTAGAAGGCCTGG_003,125
GCTGACACTAGAAGGCCTGG_004,29
GCTGACACTAGAAGGCCTGG_005,5
GCTGACACTAGAAGGCCTGG_006,181
GCTGACACTAGAAGGCCTGG_007,182
GCTGACACTAGAAGGCCTGG_008,101
GCTGACACTAGAAGGCCTGG_009,162
GCTGACACTAGAAGGCCTGG_010,185
GCTGACACTAGAAGGCCTGG_011,13
GCTGACACTAGAAGGCCTGG_012,28
GCTGACACTAGAAGGCCTGG_013,92
GCTGACACTAGAAGGCCTGG_014,3
GCTGACACTAGAAGGCCTGG_015,144
GCTGACACTAGAAGGCCTGG_016,27
GCTGACACTAGAAGGCCTGG_017,108
ATCCAGACCATGATCACACA_001,77
ATCCAGACCATGATCACACA_002,2
ATCCAGACCATGATCACACA_003,164
ATCCAGACCATGATCACACA_004,24
ATCCAGACCATGATCACACA_005,69
ATCCAGACCATGATCACACA_006,46
ATCCAGACCATGATCACACA_007,137
ATCCAGACCATGATCACACA_008,64
ATCCAGACCATGATCACACA_009,49
CACCTGCAGGGCGCTATCGG_001,1
CACCTGCAGGGCGCTATCGG_002,27
CACCTGCAGGGCGCTATCGG_003,169
CACCTGCAGGGCGCTATCGG_004,85
CACCTGCAGGGCGCTATCGG_005,62
CACCTGCAGGGCGCTATCGG_006,139
CACCTGCAGGGCGCTATCGG_007,127
CACCTGCAGGGCGCTATCGG_008,43
CACCTGCAGGGCGCTATCGG_009,8
CACCTGCAGGGCGCTATCGG_010,15
CACCTGCAGGGCGCTATCGG_011,185
CACCTGCAGGGCGCTATCGG_012,148
CACCTGCAGGGCGCTATCGG_013,118
CACCTGCAGGGCGCTATCGG_014,129
CACCTGCAGGGCGCTATCGG_015,48
CACCTGCAGGGCGCTATCGG_016,188
CACCTGCAGGGCGCTATCGG_017,3
CACCTGCAGGGCGCTATCGG_018,77
CACCTGCAGGGCGCTATCGG_019,1
CACCTGCAGGGCGCTATCGG_020,94
CACCTGCAGGGCGCTATCGG_021,67
GGCAGGAACTTCCGTCAGAG_001,130
GGCAGGAACTTCCGTCAGAG_002,198
GGCAGGAACTTCCGTCAGAG_003,89
GGCAGGAACTTCCGTCAGAG_004,176
GGCAGGAACTTCCGTCAGAG_005,198
GGCAGGAACTTCCGTCAGAG_006,171
GGCAGGAACTTCCGTCAGAG_007,127
GGCAGGAACTTCCGTCAGAG_008,76
GGCAGGAACTTCCGTCAGAG_009,147
GGCAGGAACTTCCGTCAGAG_010,179
ATGCTGTATCAAATGCCTGG_001,110
ATGCTGTATCAAATGCCTGG_002,183
ATGCTGTATCAAATGCCTGG_003,35
ATGCTGTATCAAATGCCTGG_004,63
CGAAGCTGTCTACCTCTCAT_001,78
CGAAGCTGTCTACCTCTCAT_002,74
CGAAGCTGTCTACCTCTCAT_003,158
CGAAGCTGTCTACCTCTCAT_004,199
CGAAGCTGTCTACCTCTCAT_005,126
CGAAGCTGTCTACCTCTCAT_006,63
GAAGCCGCTCTTTATAATAG_001,177
GAAGCCGCTCTTTATAATAG_002,81
GCCACCATCAGTGAACACGG_001,160
GCCACCATCAGTGAACACGG_002,156
GCCACCATCAGTGAACACGG_003,75
GCCACCATCAGTGAACACGG_004,187
GCCACCATCAGTGAACACGG_005,125
GCCACCATCAGTGAACACGG_006,4
GCCACCATCAGTGAACACGG_007,8
GCCACCATCAGTGAACACGG_008,116
GGTCCCGAACGGCCTACACC_001,188
GGTCCCGAACGGCCTACACC_002,48
GGTCCCGAACGGCCTACACC_003,22
GGTCCCGAACGGCCTACACC_004,70
GGTCCCGAACGGCCTACACC_005,197
GGTCCCGAACGGCCTACACC_006,57
GGTCCCGAACGGCCTACACC_007,82
GGTCCCGAACGGCCTACACC_008,18
GGTCCCGAACGGCCTACACC_009,33
GGTCCCGAACGGCCTACACC_010,131
GGTCCCGAACGGCCTACACC_011,34
GGTCCCGAACGGCCTACACC_012,91
GGTCCCGAACGGCCTACACC_013,84
GGTCCCGAACGGCCTACACC_014,114
GGTCCCGAACGGCCTACACC_015,114
GGTCCCGAACGGCCTACACC_016,134
GGTCCCGAACGGCCTACACC_017,99
GGTCCCGAACGGCCTACACC_018,83
GGTCCCGAACGGCCTACACC_019,159
GGTCCCGAACGGCCTACACC_020,53
GGTCCCGAACGGCCTACACC_021,50
GGTCCCGAACGGCCTACACC_022,34
GGTCCCGAACGGCCTACACC_023,106
GGTCCCGAACGGCCTACACC_024,168
GGTCCCGAACGGCCTACACC_025,136
GGTCCCGAACGGCCTACACC_026,50
GGTCCCGAACGGCCTACACC_027,166
GGTCCCGAACGGCCTACACC_028,179
CCCCGAAGAGTGATTGCCAA_001,19
CCCCGAAGAGTGATTGCCAA_002,175
CCCCGAAGAGTGATTGCCAA_003,175
CCCCGAAGAGTGATTGCCAA_004,170
CCCCGAAGAGTGATTGCCAA_005,147
CCCCGAAGAGTGATTGCCAA_006,19
CCCCGAAGAGTGATTGCCAA_007,81
CCCCGAAGAGTGATTGCCAA_008,61
CCCCGAAGAGTGATTGCCAA_009,103
CCCCGAAGAGTGATTGCCAA_010,1
CCCCGAAGAGTGATTGCCAA_011,101
CCCCGAAGAGTGATTGCCAA_012,118
CCCCGAAGAGTGATTGCCAA_013,177
CCCCGAAGAGTGATTGCCAA_014,33
CCCCGAAGAGTGATTGCCAA_015,119
CCCCGAAGAGTGATTGCCAA_016,38
CCCCGAAGAGTGATTGCCAA_017,9
CCCCGAAGAGTGATTGCCAA_018,17
CCCCGAAGAGTGATTGCCAA_019,78
CCCCGAAGAGTGATTGCCAA_020,42
CCCCGAAGAGTGATTGCCAA_021,162
CCCCGAAGAGTGATTGCCAA_022,86
CCCCGAAGAGTGATTGCCAA_023,159
CCCCGAAGAGTGATTGCCAA_024,34
CCCCGAAGAGTGATTGCCAA_025,82
CCCCGAAGAGTGATTGCCAA_026,96
CCCCGAAGAGTGATTGCCAA_027,151
CCCCGAAGAGTGATTGCCAA_028,137
CCCCGAAGAGTGATTGCCAA_029,181
CCCCGAAGAGTGATTGCCAA_030,194
CCCCGAAGAGTGATTGCCAA_031,175
CCCCGAAGAGTGATTGCCAA_032,179
CCCCGAAGAGTGATTGCCAA_033,148
CCCCGAAGAGTGATTGCCAA_034,84
CCCCGAAGAGTGATTGCCAA_035,102
CCCCGAAGAGTGATTGCCAA_036,62
CCCCGAAGAGTGATTGCCAA_037,178
GAGTATAAGCAAAGCAGAAG_001,13
GGCGCCTACCTCTACAAACA_001,144
GGCGCCTACCTCTACAAACA_002,70
GGCGCCTACCTCTACAAACA_003,82
GGCGCCTACCTCTACAAACA_004,194
GGCGCCTACCTCTACAAACA_005,76
GGCGCCTACCTCTACAAACA_006,157
GGCGCCTACCTCTACAAACA_007,35
GGCGCCTACCTCTACAAACA_008,157
TAGTATCCAGATGCCCACAC_001,58
TAGTATCCAGATGCCCACAC_002,100
TAGTATCCAGATGCCCACAC_003,178
TAGTATCCAGATGCCCACAC_004,178
TGTTCGTGGTGCTTGCAAGC_001,134
TGTTCGTGGTGCTTGCAAGC_002,148
TGTTCGTGGTGCTTGCAAGC_003,137
TGTTCGTGGTGCTTGCAAGC_004,40
TGTTCGTGGTGCTTGCAAGC_005,166
TGTTCGTGGTGCTTGCAAGC_006,118
GGAAACGCATGTTCTTCGAG_001,112
CGCCTACGTGACCAAAATGG_001,40
CGCCTACGTGACCAAAATGG_002,183
CGCCTACGTGACCAAAATGG_003,86
CGCCTACGTGACCAAAATGG_004,68
CGCCTACGTGACCAAAATGG_005,69
CTCGGTTACAGCTTGATGCA_001,182
CTCGGTTACAGCTTGATGCA_002,96
CTCGGTTACAGCTTGATGCA_003,138
CTCGGTTACAGCTTGATGCA_004,171
CTCGGTTACAGCTTGATGCA_005,41
CTCGGTTACAGCTTGATGCA_006,40
CTCGGTTACAGCTTGATGCA_007,49
TACAGTACCTCGGTGAGTCA_001,64
TACAGTACCTCGGTGAGTCA_002,158
TCAGGTCATCTTTAACAGTG_001,194
TCAGGTCATCTTTAACAGTG_002,44
TCAGGTCATCTTTAACAGTG_003,172
GACCCAGAATAAGTGTGTCT_001,152
GACCCAGAATAAGTGTGTCT_002,76
GACCCAGAATAAGTGTGTCT_003,23
GACCCAGAATAAGTGTGTCT_004,198
GACCCAGAATAAGTGTGTCT_005,101
GACCCAGAATAAGTGTGTCT_006,56
GACCCAGAATAAGTGTGTCT_007,19
GACCCAGAATAAGTGTGTCT_008,178
GACCCAGAATAAGTGTGTCT_009,2
GACCCAGAATAAGTGTGTCT_010,141
GACCCAGAATAAGTGTGTCT_011,147
GACCCAGAATAAGTGTGTCT_012,26
GACCCAGAATAAGTGTGTCT_013,168
GACCCAGAATAAGTGTGTCT_014,144
TAGGAAGGACTGCAATCTAG_001,84
TAGGAAGGACTGCAATCTAG_002,149
TAGGAAGGACTGCAATCTAG_003,156
TAGGAAGGACTGCAATCTAG_004,42
TAGGAAGGACTGCAATCTAG_005,13
TAGGAAGGACTGCAATCTAG_006,10
TAGGAAGGACTGCAATCTAG_007,96
TCAACACTAATAGTTACTGT_001,27
TCAACACTAATAGTTACTGT_002,141
TCAACACTAATAGTTACTGT_003,127
TCAACACTAATAGTTACTGT_004,59
TCAACACTAATAGTTACTGT_005,13
TCAACACTAATAGTTACTGT_006,22
TCAACACTAATAGTTACTGT_007,17
CGTTCTCGGGGGCGTCGCAG_001,69
CGTTCTCGGGGGCGTCGCAG_002,95
CGTTCTCGGGGGCGTCGCAG_003,83
CGTTCTCGGGGGCGTCGCAG_004,162
CGTTCTCGGGGGCGTCGCAG_005,165
CGTTCTCGGGGGCGTCGCAG_006,98
CGTTCTCGGGGGCGTCGCAG_007,94
CGTTCTCGGGGGCGTCGCAG_008,125
CGTTCTCGGGGGCGTCGCAG_009,28
GAACCTCAAGAATATCTCGA_001,2
GAACCTCAAGAATATCTCGA_002,97
GAACCTCAAGAATATCTCGA_003,123
TGGACTTGGGGTGACACTCA_001,123
TGGACTTGGGGTGACACTCA_002,144
TGGACTTGGGGTGACACTCA_003,122
TGGACTTGGGGTGACACTCA_004,169
TGGACTTGGGGTGACACTCA_005,50
TGGACTTGGGGTGACACTCA_006,104
TGTGCAACCACATACAGTTA_001,55
TGTGCAACCACATACAGTTA_002,36
TGTGCAACCACATACAGTTA_003,6
TGTGCAACCACATACAGTTA_004,22
AGAAATCAGAGACATTAACA_001,139
AGAAATCAGAGACATTAACA_002,150
AGAAATCAGAGACATTAACA_003,82
CAGAACGGGACCTTGAGCGA_001,83
CAGAACGGGACCTTGAGCGA_002,115
CAGAACGGGACCTTGAGCGA_003,108
TGCCGGACACAAACTCGCAG_001,80
TGCCGGACACAAACTCGCAG_002,73
TGCCGGACACAAACTCGCAG_003,60
TGCCGGACACAAACTCGCAG_004,3
TGCCGGACACAAACTCGCAG_005,98
TGCCGGACACAAACTCGCAG_006,184
TGCCGGACACAAACTCGCAG_007,189
TGCCGGACACAAACTCGCAG_008,2
TGCCGGACACAAACTCGCAG_009,78
TGCCGGACACAAACTCGCAG_010,41
TGCCGGACACAAACTCGCAG_011,50
TGCCGGACACAAACTCGCAG_012,112
TGCCGGACACAAACTCGCAG_013,45
TGCCGGACACAAACTCGCAG_014,112
TGCCGGACACAAACTCGCAG_015,32
TGCCGGACACAAACTCGCAG_016,163
TGCCGGACACAAACTCGCAG_017,188
TGCCGGACACAAACTCGCAG_018,119
TGCCGGACACAAACTCGCAG_019,11
TGCCGGACACAAACTCGCAG_020,24
TGCCGGACACAAACTCGCAG_021,188
TGCCGGACACAAACTCGCAG_022,41
TGCCGGACACAAACTCGCAG_023,147
TGCCGGACACAAACTCGCAG_024,168
TGCCGGACACAAACTCGCAG_025,138
TGCCGGACACAAACTCGCAG_026,85
TGCCGGACACAAACTCGCAG_027,144
TGCCGGACACAAACTCGCAG_028,102
TGCCGGACACAAACTCGCAG_029,121
TGCCGGACACAAACTCGCAG_030,40
ATTCCAAAAGAGGCCAACTG_001,51
ATTCCAAAAGAGGCCAACTG_002,188
ATTCCAAAAGAGGCCAACTG_003,153
ATTCCAAAAGAGGCCAACTG_004,37
ATTCCAAAAGAGGCCAACTG_005,114
ATTCCAAAAGAGGCCAACTG_006,191
ATTCCAAAAGAGGCCAACTG_007,111
ATTCCAAAAGAGGCCAACTG_008,1
ATTCCAAAAGAGGCCAACTG_009,144
CCTCGTTACCCCATACTCAG_001,185
CCTCGTTACCCCATACTCAG_002,147
CCTCGTTACCCCATACTCAG_003,1
CCTCGTTACCCCATACTCAG_004,94
CCTCGTTACCCCATACTCAG_005,144
GACTGAAATCCAAGGACTGT_001,26
GACTGAAATCCAAGGACTGT_002,185
GACTGAAATCCAAGGACTGT_003,105
GACTGAAATCCAAGGACTGT_004,2
GACTGAAATCCAAGGACTGT_005,65
GACTGAAATCCAAGGACTGT_006,10
GACTGAAATCCAAGGACTGT_007,20
GACTGAAATCCAAGGACTGT_008,196
CAGGAGCGGGAAAAGGCCTG_001,195
CAGGAGCGGGAAAAGGCCTG_002,115
CAGGAGCGGGAAAAGGCCTG_003,50
CAGGAGCGGGAAAAGGCCTG_004,115
CAGGAGCGGGAAAAGGCCTG_005,56
CAGGAGCGGGAAAAGGCCTG_006,12
CAGGAGCGGGAAAAGGCCTG_007,40
CAGGAGCGGGAAAAGGCCTG_008,119
CAGGAGCGGGAAAAGGCCTG_009,28
CAGGAGCGGGAAAAGGCCTG_010,148
CAGGAGCGGGAAAAGGCCTG_011,169
CAGGAGCGGGAAAAGGCCTG_012,134
CAGGAGCGGGAAAAGGCCTG_013,111
CAGGAGCGGGAAAAGGCCTG_014,140
CAGGAGCGGGAAAAGGCCTG_015,145
CATCGAACACACCCCAACGG_001,60
CATCGAACACACCCCAACGG_002,4
CATCGAACACACCCCAACGG_003,3
CATCGAACACACCCCAACGG_004,78
CATCGAACACACCCCAACGG_005,127
CATCGAACACACCCCAACGG_006,7
CATCGAACACACCCCAACGG_007,55
CATCGAACACACCCCAACGG_008,89
CATCGAACACACCCCAACGG_009,56
CATCGAACACACCCCAACGG_010,148
CATCGAACACACCCCAACGG_011,177
CATCGAACACACCCCAACGG_012,68
CATCGAACACACCCCAACGG_013,176
CATCGAACACACCCCAACGG_014,148
CATCGAACACACCCCAACGG_015,30
CATCGAACACACCCCAACGG_016,98
CATCGAACACACCCCAACGG_017,162
CATCGAACACACCCCAACGG_018,138
CATCGAACACACCCCAACGG_019,168
CATCGAACACACCCCAACGG_020,6
CATCGAACACACCCCAACGG_021,152
TTGTGCTGCCATGTCCGCAC_001,170
TTGTGCTGCCATGTCCGCAC_002,27
TTGTGCTGCCATGTCCGCAC_003,135
TTGTGCTGCCATGTCCGCAC_004,133
TTGTGCTGCCATGTCCGCAC_005,155
TTGTGCTGCCATGTCCGCAC_006,170
GACTATGTCAGCCATAGATG_001,193
GACTATGTCAGCCATAGATG_002,32
GACTATGTCAGCCATAGATG_003,130
GACTATGTCAGCCATAGATG_004,124
GACTATGTCAGCCATAGATG_005,169
GACTATGTCAGCCATAGATG_006,195
GACTATGTCAGCCATAGATG_007,116
GACTATGTCAGCCATAGATG_008,123
GACTATGTCAGCCATAGATG_009,38
GACTATGTCAGCCATAGATG_010,28
GACTATGTCAGCCATAGATG_011,14
GACTATGTCAGCCATAGATG_012,167
GACTATGTCAGCCATAGATG_013,2
GACTATGTCAGCCATAGATG_014,169
GACTATGTCAGCCATAGATG_015,170
GACTATGTCAGCCATAGATG_016,144
GACTATGTCAGCCATAGATG_017,196
GACTATGTCAGCCATAGATG_018,130
GACTATGTCAGCCATAGATG_019,144
GACTATGTCAGCCATAGATG_020,169
GACTATGTCAGCCATAGATG_021,136
GACTATGTCAGCCATAGATG_022,119
GACTATGTCAGCCATAGATG_023,142
GACTATGTCAGCCATAGATG_024,155
AACAGAGTATTTGAGCACCA_001,141
AACAGAGTATTTGAGCACCA_002,147
AACAGAGTATTTGAGCACCA_003,1
TTGCATGTGCAAGATTACAG_001,119
TTGCATGTGCAAGATTACAG_002,1
TTGCATGTGCAAGATTACAG_003,50
TTGCATGTGCAAGATTACAG_004,124
TTGCATGTGCAAGATTACAG_005,174
TTGCATGTGCAAGATTACAG_006,88
TTGCATGTGCAAGATTACAG_007,138
TTGCATGTGCAAGATTACAG_008,58
TTGCATGTGCAAGATTACAG_009,101
TTGCATGTGCAAGATTACAG_010,160
TTGCATGTGCAAGATTACAG_011,115
TTGCATGTGCAAGATTACAG_012,61
TTGCATGTGCAAGATTACAG_013,5
TTGCATGTGCAAGATTACAG_014,104
TTGCATGTGCAAGATTACAG_015,162
TTGCATGTGCAAGATTACAG_016,44
TTGCATGTGCAAGATTACAG_017,2
TTGCATGTGCAAGATTACAG_018,1
TTGCATGTGCAAGATTACAG_019,20
GCGTGTTTGGATGTGCACAG_001,94
GCGTGTTTGGATGTGCACAG_002,27
GCGTGTTTGGATGTGCACAG_003,43
GCGTGTTTGGATGTGCACAG_004,187
GCGTGTTTGGATGTGCACAG_005,1
GCGTGTTTGGATGTGCACAG_006,60
AAGTTGATGACAGCAACACT_001,17
AAGTTGATGACAGCAACACT_002,90
AAGTTGATGACAGCAACACT_003,30
AAGTTGATGACAGCAACACT_004,113
AAGTTGATGACAGCAACACT_005,97
AAGTTGATGACAGCAACACT_006,99
AAGTTGATGACAGCAACACT_007,50
AAGTTGATGACAGCAACACT_008,171
AAGTTGATGACAGCAACACT_009,117
AAGTTGATGACAGCAACACT_010,150
AAGTTGATGACAGCAACACT_011,121
AAGTTGATGACAGCAACACT_012,2
AAGTTGATGACAGCAACACT_013,48
AAGTTGATGACAGCAACACT_014,158
CATGCCTTTCGCGACACCCA_001,149
CATGCCTTTCGCGACACCCA_002,115
CATGCCTTTCGCGACACCCA_003,148
CATGCCTTTCGCGACACCCA_004,76
CATGCCTTTCGCGACACCCA_005,174
CATGCCTTTCGCGACACCCA_006,149
CATGCCTTTCGCGACACCCA_007,149
CATGCCTTTCGCGACACCCA_008,121
GTGGTGAAGCAGCCTGTTCG_001,130
GTGGTGAAGCAGCCTGTTCG_002,29
GTGGTGAAGCAGCCTGTTCG_003,14
GTGGTGAAGCAGCCTGTTCG_004,46
GTGGTGAAGCAGCCTGTTCG_005,92
GTGGTGAAGCAGCCTGTTCG_006,23
GTGGTGAAGCAGCCTGTTCG_007,105
GTGGTGAAGCAGCCTGTTCG_008,98
GTGGTGAAGCAGCCTGTTCG_009,42
GTGGTGAAGCAGCCTGTTCG_010,117
GTGGTGAAGCAGCCTGTTCG_011,45
GTGGTGAAGCAGCCTGTTCG_012,139
GTGGTGAAGCAGCCTGTTCG_013,163
GTGGTGAAGCAGCCTGTTCG_014,83
GTGGTGAAGCAGCCTGTTCG_015,197
GTGGTGAAGCAGCCTGTTCG_016,88
GTGGTGAAGCAGCCTGTTCG_017,192
GTGGTGAAGCAGCCTGTTCG_018,48
GTGGTGAAGCAGCCTGTTCG_019,58
GTGGTGAAGCAGCCTGTTCG_020,111
GTGGTGAAGCAGCCTGTTCG_021,198
GTGGTGAAGCAGCCTGTTCG_022,8
GTGGTGAAGCAGCCTGTTCG_023,107
GTGGTGAAGCAGCCTGTTCG_024,141
GTGGTGAAGCAGCCTGTTCG_025,23
GTGGTGAAGCAGCCTGTTCG_026,188
GTGGTGAAGCAGCCTGTTCG_027,19
GTGGTGAAGCAGCCTGTTCG_028,175
GTGGTGAAGCAGCCTGTTCG_029,174
GTGGTGAAGCAGCCTGTTCG_030,66
GTGGTGAAGCAGCCTGTTCG_031,69
GTGGTGAAGCAGCCTGTTCG_032,137
GTGGTGAAGCAGCCTGTTCG_033,69
GTGGTGAAGCAGCCTGTTCG_034,36
GTGGTGAAGCAGCCTGTTCG_035,78
TAAAGCAGTAGCGATAGAGA_001,126
TAAAGCAGTAGCGATAGAGA_002,2
GCACGTAGGGAGAGATGCGA_001,60
GCACGTAGGGAGAGATGCGA_002,175
GCACGTAGGGAGAGATGCGA_003,2
GCACGTAGGGAGAGATGCGA_004,108
GCACGTAGGGAGAGATGCGA_005,174
GCACGTAGGGAGAGATGCGA_006,198
GCACGTAGGGAGAGATGCGA_007,22
GCACGTAGGGAGAGATGCGA_008,148
GCACGTAGGGAGAGATGCGA_009,38
GCACGTAGGGAGAGATGCGA_010,146
GCACGTAGGGAGAGATGCGA_011,0
GCACGTAGGGAGAGATGCGA_012,169
GCACGTAGGGAGAGATGCGA_013,33
GCACGTAGGGAGAGATGCGA_014,11
GCACGTAGGGAGAGATGCGA_015,138
GCACGTAGGGAGAGATGCGA_016,142
GCACGTAGGGAGAGATGCGA_017,139
GCACGTAGGGAGAGATGCGA_018,115
GGGGAGCGGTAAATGCACAT_001,73
GGGGAGCGGTAAATGCACAT_002,51
GGGGAGCGGTAAATGCACAT_003,186
GGGGAGCGGTAAATGCACAT_004,6
GGGGAGCGGTAAATGCACAT_005,196
GGGGAGCGGTAAATGCACAT_006,12
GGGGAGCGGTAAATGCACAT_007,23
GGGGAGCGGTAAATGCACAT_008,113
GGGGAGCGGTAAATGCACAT_009,83
GGGGAGCGGTAAATGCACAT_010,143
GGGGAGCGGTAAATGCACAT_011,45
GGGGAGCGGTAAATGCACAT_012,31
GGGGAGCGGTAAATGCACAT_013,145
GGGGAGCGGTAAATGCACAT_014,191
GGGGAGCGGTAAATGCACAT_015,0
GGGGAGCGGTAAATGCACAT_016,49
AGGTCTTGGAGCACAGCAGG_001,58
AGGTCTTGGAGCACAGCAGG_002,131
AGGTCTTGGAGCACAGCAGG_003,194
AGGTCTTGGAGCACAGCAGG_004,53
AGGTCTTGGAGCACAGCAGG_005,76
AGGTCTTGGAGCACAGCAGG_006,24
AGGTCTTGGAGCACAGCAGG_007,19
AGGTCTTGGAGCACAGCAGG_008,11
AGGTCTTGGAGCACAGCAGG_009,126
AGGTCTTGGAGCACAGCAGG_010,140
AGGTCTTGGAGCACAGCAGG_011,113
AGGTCTTGGAGCACAGCAGG_012,167
AGGTCTTGGAGCACAGCAGG_013,94
AGGTCTTGGAGCACAGCAGG_014,130
AGGTCTTGGAGCACAGCAGG_015,120
AGGTCTTGGAGCACAGCAGG_016,106
AGGTCTTGGAGCACAGCAGG_017,166
AGGTCTTGGAGCACAGCAGG_018,142
AGGTCTTGGAGCACAGCAGG_019,77
AGGTCTTGGAGCACAGCAGG_020,148
AGGTCTTGGAGCACAGCAGG_021,76
AAAAGCTCTCTGTTGAACAA_001,147
AAAAGCTCTCTGTTGAACAA_002,81
AAAAGCTCTCTGTTGAACAA_003,155
AAAAGCTCTCTGTTGAACAA_004,27
AAAAGCTCTCTGTTGAACAA_005,190
AAAAGCTCTCTGTTGAACAA_006,166
AAAAGCTCTCTGTTGAACAA_007,83
AAAAGCTCTCTGTTGAACAA_008,184
AAAAGCTCTCTGTTGAACAA_009,19
AAAAGCTCTCTGTTGAACAA_010,169
GTTTCCTCGTCAGTAACTAG_001,51
GTTTCCTCGTCAGTAACTAG_002,61
GTTTCCTCGTCAGTAACTAG_003,85
GTTTCCTCGTCAGTAACTAG_004,48
GTTTCCTCGTCAGTAACTAG_005,197
GTTTCCTCGTCAGTAACTAG_006,30
GTTTCCTCGTCAGTAACTAG_007,190
GTTTCCTCGTCAGTAACTAG_008,38
GTTTCCTCGTCAGTAACTAG_009,153
TGGCAATTTCGAGAGAACCG_001,172
TGGCAATTTCGAGAGAACCG_002,45
AATGGCTTATGATTATGCCA_001,25
AATGGCTTATGATTATGCCA_002,176
AATGGCTTATGATTATGCCA_003,193
AGTCATTCGAGCAAAAGCCG_001,8
AGTCATTCGAGCAAAAGCCG_002,132
AGTCATTCGAGCAAAAGCCG_003,1
AGTCATTCGAGCAAAAGCCG_004,175
AGTCATTCGAGCAAAAGCCG_005,30
AGTCATTCGAGCAAAAGCCG_006,145
AGTCATTCGAGCAAAAGCCG_007,82
AGTCATTCGAGCAAAAGCCG_008,126
AGTCATTCGAGCAAAAGCCG_009,160
AGTCATTCGAGCAAAAGCCG_010,146
AGTCATTCGAGCAAAAGCCG_011,95
AGTCATTCGAGCAAAAGCCG_012,143
AGTCATTCGAGCAAAAGCCG_013,38
AGTCATTCGAGCAAAAGCCG_014,52
AGTCATTCGAGCAAAAGCCG_015,153
AGTCATTCGAGCAAAAGCCG_016,78
AGTCATTCGAGCAAAAGCCG_017,62
AGTCATTCGAGCAAAAGCCG_018,3
AGTCATTCGAGCAAAAGCCG_019,174
AGTCATTCGAGCAAAAGCCG_020,48
AGTCATTCGAGCAAAAGCCG_021,146
AGTCATTCGAGCAAAAGCCG_022,68
TGTCATATCCCATTGAGTGG_001,156
GATGAAGTGGAGAATTGACA_001,88
GATGAAGTGGAGAATTGACA_002,137
GATGAAGTGGAGAATTGACA_003,77
GATGCTCAAGGAGGAGCACG_001,107
GATGCTCAAGGAGGAGCACG_002,58
GATGCTCAAGGAGGAGCACG_003,29
GATGCTCAAGGAGGAGCACG_004,58
GATGCTCAAGGAGGAGCACG_005,59
GATGCTCAAGGAGGAGCACG_006,175
GATGCTCAAGGAGGAGCACG_007,9
GATGCTCAAGGAGGAGCACG_008,158
GATGCTCAAGGAGGAGCACG_009,70
GATGCTCAAGGAGGAGCACG_010,81
GATGCTCAAGGAGGAGCACG_011,46
GATGCTCAAGGAGGAGCACG_012,9
TATTGTTAAACAAATGAAGT_001,64
TATTGTTAAACAAATGAAGT_002,2
TATTGTTAAACAAATGAAGT_003,13
GTGAGTTACCGAAACCTGAG_001,65
GTGAGTTACCGAAACCTGAG_002,94
GTGAGTTACCGAAACCTGAG_003,148
GTGAGTTACCGAAACCTGAG_004,5
CTTATCAGAATAGAAACACG_001,51
CTTATCAGAATAGAAACACG_002,162
CTTATCAGAATAGAAACACG_003,153
CTTATCAGAATAGAAACACG_004,44
CTTATCAGAATAGAAACACG_005,64
CTTATCAGAATAGAAACACG_006,171
CTTATCAGAATAGAAACACG_007,52
TGTCTGCGTCACTTGTGTTG_001,96
TGTCTGCGTCACTTGTGTTG_002,88
TGTCTGCGTCACTTGTGTTG_003,30
AGTGCTGGGAAATCACCATG_001,129
AGTGCTGGGAAATCACCATG_002,111
AGTGCTGGGAAATCACCATG_003,4
AGTGCTGGGAAATCACCATG_004,116
GAACTGCTCTTCCCGAATGG_001,107
GAACTGCTCTTCCCGAATGG_002,134
GAACTGCTCTTCCCGAATGG_003,137
GAACTGCTCTTCCCGAATGG_004,58
GAACTGCTCTTCCCGAATGG_005,148
GAACTGCTCTTCCCGAATGG_006,109
GAACTGCTCTTCCCGAATGG_007,6
GAACTGCTCTTCCCGAATGG_008,192
AGTCTTGGTAATGCTTAGCA_001,15
TAATTGAGTATGGATGGCGG_001,43
CCCGCGTCTACAAGTCCAAG_001,77
CCCGCGTCTACAAGTCCAAG_002,98
CCCGCGTCTACAAGTCCAAG_003,162
CCCGCGTCTACAAGTCCAAG_004,158
CCCGCGTCTACAAGTCCAAG_005,69
CCCGCGTCTACAAGTCCAAG_006,35
CCCGCGTCTACAAGTCCAAG_007,117
TGATGGTAGAGAACTTGTGG_001,183
TGATGGTAGAGAACTTGTGG_002,24
TGATGGTAGAGAACTTGTGG_003,127
TGATGGTAGAGAACTTGTGG_004,75
TGATGGTAGAGAACTTGTGG_005,29
TGATGGTAGAGAACTTGTGG_006,17
TGATGGTAGAGAACTTGTGG_007,198
TGATGGTAGAGAACTTGTGG_008,78
TGATGGTAGAGAACTTGTGG_009,50
TGATGGTAGAGAACTTGTGG_010,184
ACGGCGACGATCGTGCCCAG_001,29
ACGGCGACGATCGTGCCCAG_002,0
ACGGCGACGATCGTGCCCAG_003,156
ACGGCGACGATCGTGCCCAG_004,94
ACGGCGACGATCGTGCCCAG_005,29
ACGGCGACGATCGTGCCCAG_006,58
ACGGCGACGATCGTGCCCAG_007,108
ACGGCGACGATCGTGCCCAG_008,178
ACGGCGACGATCGTGCCCAG_009,91
ACGGCGACGATCGTGCCCAG_010,142
ACGGCGACGATCGTGCCCAG_011,118
GGCTGGTGGCACAGTCACTG_001,35
GGCTGGTGGCACAGTCACTG_002,129
TCGCGATTCGAAGAGCGCTG_001,105
TCGCGATTCGAAGAGCGCTG_002,20
TCGCGATTCGAAGAGCGCTG_003,180
ACTACACGTGTGAAGTCACC_001,41
ACTACACGTGTGAAGTCACC_002,129
ACTACACGTGTGAAGTCACC_003,49
ACTACACGTGTGAAGTCACC_004,62
ACTACACGTGTGAAGTCACC_005,35
ACTACACGTGTGAAGTCACC_006,57
ATGTTCTCAGAGCATACAGA_001,62
ATGTTCTCAGAGCATACAGA_002,48
ATGTTCTCAGAGCATACAGA_003,130
ATGTTCTCAGAGCATACAGA_004,4
ATGTTCTCAGAGCATACAGA_005,50
ATGTTCTCAGAGCATACAGA_006,140
ATGTTCTCAGAGCATACAGA_007,50
ATGTTCTCAGAGCATACAGA_008,80
ATGTTCTCAGAGCATACAGA_009,188
ATGTTCTCAGAGCATACAGA_010,138
ATGTTCTCAGAGCATACAGA_011,106
ATGTTCTCAGAGCATACAGA_012,94
ATGTTCTCAGAGCATACAGA_013,2
ATGTTCTCAGAGCATACAGA_014,41
ATGTTCTCAGAGCATACAGA_015,70
ATGTTCTCAGAGCATACAGA_016,171
ATGTTCTCAGAGCATACAGA_017,17
ATGAAACAGATAGATGCCCC_001,169
ACAGTACTGACCCTAGACAT_001,33
ACAGTACTGACCCTAGACAT_002,27
ACAGTACTGACCCTAGACAT_003,32
ACAGTACTGACCCTAGACAT_004,27
ACAGTACTGACCCTAGACAT_005,128
ACAGTACTGACCCTAGACAT_006,25
ACAGTACTGACCCTAGACAT_007,54
ACAGTACTGACCCTAGACAT_008,9
ACAGTACTGACCCTAGACAT_009,48
ACAGTACTGACCCTAGACAT_010,70
ACAGTACTGACCCTAGACAT_011,77
ACAGTACTGACCCTAGACAT_012,68
ACAGTACTGACCCTAGACAT_013,186
ACAGTACTGACCCTAGACAT_014,163
ACAGTACTGACCCTAGACAT_015,150
ACAGTACTGACCCTAGACAT_016,5
ACAGTACTGACCCTAGACAT_017,78
ACAGTACTGACCCTAGACAT_018,184
ACTTGTGGCCAATATGCTGT_001,36
ACTTGTGGCCAATATGCTGT_002,151
ACTTGTGGCCAATATGCTGT_003,32
ACTTGTGGCCAATATGCTGT_004,25
TTGGCACTGGAGCCGTACAC_001,98
TTGGCACTGGAGCCGTACAC_002,121
TTGGCACTGGAGCCGTACAC_003,19
TTGGCACTGGAGCCGTACAC_004,3
TTGGCACTGGAGCCGTACAC_005,68
TTGGCACTGGAGCCGTACAC_006,169
TTGGCACTGGAGCCGTACAC_007,43
TTGGCACTGGAGCCGTACAC_008,121
TTGGCACTGGAGCCGTACAC_009,196
TTGGCACTGGAGCCGTACAC_010,148
TTGGCACTGGAGCCGTACAC_011,157
TTGGCACTGGAGCCGTACAC_012,82
TTGGCACTGGAGCCGTACAC_013,130
TTGGCACTGGAGCCGTACAC_014,64
TTGGCACTGGAGCCGTACAC_015,97
TTGGCACTGGAGCCGTACAC_016,124
TTGGCACTGGAGCCGTACAC_017,20
TTGGCACTGGAGCCGTACAC_018,34
TTGGCACTGGAGCCGTACAC_019,40
TTGGCACTGGAGCCGTACAC_020,156
TTGGCACTGGAGCCGTACAC_021,147
TTGGCACTGGAGCCGTACAC_022,62
TTGGCACTGGAGCCGTACAC_023,176
TTGGCACTGGAGCCGTACAC_024,81
TTGGCACTGGAGCCGTACAC_025,57
GAATTGGCTCAATCAGACGA_001,21
GAATTGGCTCAATCAGACGA_002,159
CCCAGGCCATGGGCTCCCAG_001,23
CCCAGGCCATGGGCTCCCAG_002,134
CCCAGGCCATGGGCTCCCAG_003,48
CCCAGGCCATGGGCTCCCAG_004,32
CCCAGGCCATGGGCTCCCAG_005,171
CCCAGGCCATGGGCTCCCAG_006,22
CCCAGGCCATGGGCTCCCAG_007,170
CCCAGGCCATGGGCTCCCAG_008,194
CCCAGGCCATGGGCTCCCAG_009,63
CCCAGGCCATGGGCTCCCAG_010,94
CCCAGGCCATGGGCTCCCAG_011,180
CCCAGGCCATGGGCTCCCAG_012,191
CCCAGGCCATGGGCTCCCAG_013,62
CCCAGGCCATGGGCTCCCAG_014,22
CCCAGGCCATGGGCTCCCAG_015,126
CCCAGGCCATGGGCTCCCAG_016,70
CCCAGGCCATGGGCTCCCAG_017,113
CCCAGGCCATGGGCTCCCAG_018,31
CCCAGGCCATGGGCTCCCAG_019,55
ATTAATTTCTTGTTGGCTTT_001,3
ATTAATTTCTTGTTGGCTTT_002,111
ATTAATTTCTTGTTGGCTTT_003,134
ATTAATTTCTTGTTGGCTTT_004,184
ATTAATTTCTTGTTGGCTTT_005,16
ATTAATTTCTTGTTGGCTTT_006,147
GATTTCAAGCGAATGAAGAA_001,5
GATTTCAAGCGAATGAAGAA_002,150
GATTTCAAGCGAATGAAGAA_003,88
GATTTCAAGCGAATGAAGAA_004,33
GATTTCAAGCGAATGAAGAA_005,94
GATTTCAAGCGAATGAAGAA_006,6
GATTTCAAGCGAATGAAGAA_007,56
GATTTCAAGCGAATGAAGAA_008,61
TGATGAGGTTGGTATAGACG_001,78
TGATGAGGTTGGTATAGACG_002,98
TGATGAGGTTGGTATAGACG_003,178
AGTCAGGTGATGAGGCAAAG_001,8
AGTCAGGTGATGAGGCAAAG_002,69
AGTCAGGTGATGAGGCAAAG_003,197
AGTCAGGTGATGAGGCAAAG_004,176
AGTCAGACATCAAGACACAC_001,17
AGTCAGACATCAAGACACAC_002,48
AGTCAGACATCAAGACACAC_003,82
AGTCAGACATCAAGACACAC_004,55
AGTCAGACATCAAGACACAC_005,188
AGTCAGACATCAAGACACAC_006,49
AGTCAGACATCAAGACACAC_007,78
AGTCAGACATCAAGACACAC_008,157
AGTCAGACATCAAGACACAC_009,158
AGTCAGACATCAAGACACAC_010,15
AGTCAGACATCAAGACACAC_011,84
AGTCAGACATCAAGACACAC_012,120
GGGTCCAACTTGACATCCAG_001,30
GGGTCCAACTTGACATCCAG_002,68
GGGTCCAACTTGACATCCAG_003,24
GGGTCCAACTTGACATCCAG_004,106
GGGTCCAACTTGACATCCAG_005,46
GGGTCCAACTTGACATCCAG_006,186
GGGTCCAACTTGACATCCAG_007,132
GGGTCCAACTTGACATCCAG_008,105
GGGTCCAACTTGACATCCAG_009,56
GGGTCCAACTTGACATCCAG_010,93
GGGTCCAACTTGACATCCAG_011,127
GGGTCCAACTTGACATCCAG_012,87
GGGTCCAACTTGACATCCAG_013,11
GGGTCCAACTTGACATCCAG_014,39
GGGTCCAACTTGACATCCAG_015,147
GGGTCCAACTTGACATCCAG_016,72
GGGTCCAACTTGACATCCAG_017,194
GGGTCCAACTTGACATCCAG_018,129
GGGTCCAACTTGACATCCAG_019,34
GGGTCCAACTTGACATCCAG_020,106
GGGTCCAACTTGACATCCAG_021,146
GGGTCCAACTTGACATCCAG_022,146
GGGTCCAACTTGACATCCAG_023,170
GGGTCCAACTTGACATCCAG_024,53
GGGTCCAACTTGACATCCAG_025,157
GGGTCCAACTTGACATCCAG_026,29
GGGTCCAACTTGACATCCAG_027,65
GGGTCCAACTTGACATCCAG_028,1
GGGTCCAACTTGACATCCAG_029,2
GGGTCCAACTTGACATCCAG_030,0
CGGGAATTAAGAATCAGTCG_001,150
TGAACGGATCCGAGTAACCC_001,119
ACACTTCGATCAAGTCCCCT_001,54
ACACTTCGATCAAGTCCCCT_002,65
ACACTTCGATCAAGTCCCCT_003,47
ACACTTCGATCAAGTCCCCT_004,34
ACACTTCGATCAAGTCCCCT_005,31
ACACTTCGATCAAGTCCCCT_006,29
ACACTTCGATCAAGTCCCCT_007,158
ACACTTCGATCAAGTCCCCT_008,175
ACACTTCGATCAAGTCCCCT_009,41
ACACTTCGATCAAGTCCCCT_010,38
ACACTTCGATCAAGTCCCCT_011,174
ACACTTCGATCAAGTCCCCT_012,126
GGGATAATCTGGACATTCGG_001,188
GGGATAATCTGGACATTCGG_002,94
GGGATAATCTGGACATTCGG_003,128
GGTCCACACAGCCCAGCACA_001,74
GGTCCACACAGCCCAGCACA_002,157
GGTCCACACAGCCCAGCACA_003,190
GGTCCACACAGCCCAGCACA_004,74
GGTCCACACAGCCCAGCACA_005,119
GGTCCACACAGCCCAGCACA_006,85
GGTCCACACAGCCCAGCACA_007,60
ACTAGTATATCAAATCATAG_001,175
ACTAGTATATCAAATCATAG_002,84
ACTAGTATATCAAATCATAG_003,162
CAGTGCGACTACCGCGCCCG_001,81
CAGTGCGACTACCGCGCCCG_002,27
CAGTGCGACTACCGCGCCCG_003,19
CAGTGCGACTACCGCGCCCG_004,19
CAGTGCGACTACCGCGCCCG_005,106
CAGTGCGACTACCGCGCCCG_006,127
CAGTGCGACTACCGCGCCCG_007,62
CAGTGCGACTACCGCGCCCG_008,84
CAGTGCGACTACCGCGCCCG_009,62
CAGTGCGACTACCGCGCCCG_010,116
CAGTGCGACTACCGCGCCCG_011,175
CAGTGCGACTACCGCGCCCG_012,34
CAGTGCGACTACCGCGCCCG_013,70
CAGTGCGACTACCGCGCCCG_014,166
CAGTGCGACTACCGCGCCCG_015,159
CAGTGCGACTACCGCGCCCG_016,76
CAGTGCGACTACCGCGCCCG_017,177
CAGTGCGACTACCGCGCCCG_018,164
CAGTGCGACTACCGCGCCCG_019,164
CAGTGCGACTACCGCGCCCG_020,113
CAGTGCGACTACCGCGCCCG_021,172
CAGTGCGACTACCGCGCCCG_022,97
CAGTGCGACTACCGCGCCCG_023,16
CAGTGCGACTACCGCGCCCG_024,77
CAGTGCGACTACCGCGCCCG_025,147
CAGTGCGACTACCGCGCCCG_026,28
CAGTGCGACTACCGCGCCCG_027,70
CATTATAAAAAGTTACCACC_001,118
CATTATAAAAAGTTACCACC_002,34
CATTATAAAAAGTTACCACC_003,81
CATTATAAAAAGTTACCACC_004,16
CATTATAAAAAGTTACCACC_005,103
CATTATAAAAAGTTACCACC_006,167
CATTATAAAAAGTTACCACC_007,140
CATTATAAAAAGTTACCACC_008,188
CATTATAAAAAGTTACCACC_009,103
CATTATAAAAAGTTACCACC_010,50
CATTATAAAAAGTTACCACC_011,150
CATTATAAAAAGTTACCACC_012,107
CATTATAAAAAGTTACCACC_013,150
ACTGGCGGTATAGGCCACAT_001,165
ACTGGCGGTATAGGCCACAT_002,177
ACTGGCGGTATAGGCCACAT_003,29
ACTGGCGGTATAGGCCACAT_004,82
ACTGGCGGTATAGGCCACAT_005,121
ACTGGCGGTATAGGCCACAT_006,130
ACTGGCGGTATAGGCCACAT_007,111
ACTGGCGGTATAGGCCACAT_008,74
ACTGGCGGTATAGGCCACAT_009,129
ACTGGCGGTATAGGCCACAT_010,174
GCCACAATCCTGGCCCACGC_001,85
GCCACAATCCTGGCCCACGC_002,32
GCCACAATCCTGGCCCACGC_003,2
GCCACAATCCTGGCCCACGC_004,43
GCCACAATCCTGGCCCACGC_005,146
GCCACAATCCTGGCCCACGC_006,146
GCCACAATCCTGGCCCACGC_007,83
GCCACAATCCTGGCCCACGC_008,130
GCCACAATCCTGGCCCACGC_009,183
GCCACAATCCTGGCCCACGC_010,77
GCCACAATCCTGGCCCACGC_011,199
GCCACAATCCTGGCCCACGC_012,12
GCCACAATCCTGGCCCACGC_013,147
GCCACAATCCTGGCCCACGC_014,162
GCCACAATCCTGGCCCACGC_015,101
ACCAGTTATTACTTCGAGGG_001,152
ACCAGTTATTACTTCGAGGG_002,158
AAAGGAACTTGGAAAATCGT_001,198
AAAGGAACTTGGAAAATCGT_002,102
AAAGGAACTTGGAAAATCGT_003,9
AAAGGAACTTGGAAAATCGT_004,96
AAAGGAACTTGGAAAATCGT_005,15
AAAGGAACTTGGAAAATCGT_006,195
AAAGGAACTTGGAAAATCGT_007,130
AAAGGAACTTGGAAAATCGT_008,159
AAAGGAACTTGGAAAATCGT_009,61
AAAGGAACTTGGAAAATCGT_010,48
AAAGGAACTTGGAAAATCGT_011,84
AGGAGATGGAGTTCTACATG_001,171
AGGAGATGGAGTTCTACATG_002,158
AGGAGATGGAGTTCTACATG_003,184
AGGAGATGGAGTTCTACATG_004,69
GAGTGAAAGTTGTGTAACAG_001,70
GAGTGAAAGTTGTGTAACAG_002,121
GAGTGAAAGTTGTGTAACAG_003,121
GAGTGAAAGTTGTGTAACAG_004,52
GAGTGAAAGTTGTGTAACAG_005,123
AGCCTCTGTACGGCTCGCAG_001,58
AGCCTCTGTACGGCTCGCAG_002,181
AGCCTCTGTACGGCTCGCAG_003,29
AGCCTCTGTACGGCTCGCAG_004,86
CCGACAGCGCTTCCCAACAG_001,192
CCGACAGCGCTTCCCAACAG_002,34
CCGACAGCGCTTCCCAACAG_003,169
CCGACAGCGCTTCCCAACAG_004,76
CCGACAGCGCTTCCCAACAG_005,88
CCGACAGCGCTTCCCAACAG_006,11
CCGACAGCGCTTCCCAACAG_007,54
CCGACAGCGCTTCCCAACAG_008,107
ACCTGGAGCACAATGCACGT_001,149
ACCTGGAGCACAATGCACGT_002,77
ACCTGGAGCACAATGCACGT_003,19
ACCTGGAGCACAATGCACGT_004,14
ACCTGGAGCACAATGCACGT_005,115
ACCTGGAGCACAATGCACGT_006,68
ACCTGGAGCACAATGCACGT_007,12
ACCTGGAGCACAATGCACGT_008,35
ACCTGGAGCACAATGCACGT_009,41
ACCTGGAGCACAATGCACGT_010,2
ACCTGGAGCACAATGCACGT_011,88
ACCTGGAGCACAATGCACGT_012,110
CAAGATACCTGCTCAGACAA_001,148
CAAGATACCTGCTCAGACAA_002,95
CAAGATACCTGCTCAGACAA_003,193
CAAGATACCTGCTCAGACAA_004,9
CAAGATACCTGCTCAGACAA_005,134
CAAGATACCTGCTCAGACAA_006,61
CAAGATACCTGCTCAGACAA_007,169
CAAGATACCTGCTCAGACAA_008,114
CAAGATACCTGCTCAGACAA_009,28
CAAGATACCTGCTCAGACAA_010,179
CAAGATACCTGCTCAGACAA_011,52
TTCAGCGAGTGTGACTAAGC_001,78
TTCAGCGAGTGTGACTAAGC_002,11
TTCAGCGAGTGTGACTAAGC_003,4
TTCAGCGAGTGTGACTAAGC_004,82
TTCAGCGAGTGTGACTAAGC_005,158
TTCAGCGAGTGTGACTAAGC_006,145
TTCAGCGAGTGTGACTAAGC_007,15
TTCAGCGAGTGTGACTAAGC_008,116
GAAGGAGCTGAAATACGCTG_001,184
GAAGGAGCTGAAATACGCTG_002,129
GAAGGAGCTGAAATACGCTG_003,48
GAAGGAGCTGAAATACGCTG_004,10
GAAGGAGCTGAAATACGCTG_005,17
ACACCGAGAATTCGCCCCTG_001,165
ACACCGAGAATTCGCCCCTG_002,77
ACACCGAGAATTCGCCCCTG_003,63
ACACCGAGAATTCGCCCCTG_004,171
ACACCGAGAATTCGCCCCTG_005,146
ACACCGAGAATTCGCCCCTG_006,104
ACACCGAGAATTCGCCCCTG_007,161
ACACCGAGAATTCGCCCCTG_008,80
ACACCGAGAATTCGCCCCTG_009,131
ACACCGAGAATTCGCCCCTG_010,0
ACACCGAGAATTCGCCCCTG_011,144
ACACCGAGAATTCGCCCCTG_012,88
ACACCGAGAATTCGCCCCTG_013,19
ACACCGAGAATTCGCCCCTG_014,94
ACACCGAGAATTCGCCCCTG_015,198
ACACCGAGAATTCGCCCCTG_016,150
ACACCGAGAATTCGCCCCTG_017,97
ACACCGAGAATTCGCCCCTG_018,160
ACACCGAGAATTCGCCCCTG_019,133
ACACCGAGAATTCGCCCCTG_020,88
ACACCGAGAATTCGCCCCTG_021,160
ACACCGAGAATTCGCCCCTG_022,102
ACACCGAGAATTCGCCCCTG_023,34
ACACCGAGAATTCGCCCCTG_024,170
ACACCGAGAATTCGCCCCTG_025,26
ACACCGAGAATTCGCCCCTG_026,126
ACACCGAGAATTCGCCCCTG_027,136
ACACCGAGAATTCGCCCCTG_028,77
ACACCGAGAATTCGCCCCTG_029,79
ACACCGAGAATTCGCCCCTG_030,103
ACACCGAGAATTCGCCCCTG_031,107
ACACCGAGAATTCGCCCCTG_032,107
ACACCGAGAATTCGCCCCTG_033,7
ACACCGAGAATTCGCCCCTG_034,157
GGTGCATTTCATGCCAAGGA_001,190
GGTGCATTTCATGCCAAGGA_002,74
GGTGCATTTCATGCCAAGGA_003,54
GGTGCATTTCATGCCAAGGA_004,75
GGTGCATTTCATGCCAAGGA_005,57
ATGTTGCCATAGGAGTATGG_001,134
ATGTTGCCATAGGAGTATGG_002,78
ATGTTGCCATAGGAGTATGG_003,127
ATGTTGCCATAGGAGTATGG_004,175
ATGTTGCCATAGGAGTATGG_005,145
ATGTTGCCATAGGAGTATGG_006,159
ATGTTGCCATAGGAGTATGG_007,175
TGAGCGCCCCACAAACACAC_001,111
TGAGCGCCCCACAAACACAC_002,6
TGAGCGCCCCACAAACACAC_003,177
TGAGCGCCCCACAAACACAC_004,182
TGAGCGCCCCACAAACACAC_005,20
TGAGCGCCCCACAAACACAC_006,177
TGAGCGCCCCACAAACACAC_007,25
TGAGCGCCCCACAAACACAC_008,80
TGAGCGCCCCACAAACACAC_009,80
TGAGCGCCCCACAAACACAC_010,103
TGAGCGCCCCACAAACACAC_011,64
TGAGCGCCCCACAAACACAC_012,194
TGAGCGCCCCACAAACACAC_013,126
TGAGCGCCCCACAAACACAC_014,25
TGAGCGCCCCACAAACACAC_015,158
TGAGCGCCCCACAAACACAC_016,53
TGAGCGCCCCACAAACACAC_017,177
TGAGCGCCCCACAAACACAC_018,83
TGAGCGCCCCACAAACACAC_019,134
TGAGCGCCCCACAAACACAC_020,175
TGAGCGCCCCACAAACACAC_021,165
TGAGCGCCCCACAAACACAC_022,12
TGAGCGCCCCACAAACACAC_023,85
TGAGCGCCCCACAAACACAC_024,85
TGAGCGCCCCACAAACACAC_025,85
TGAGCGCCCCACAAACACAC_026,29
TGAGCGCCCCACAAACACAC_027,16
TGAGCGCCCCACAAACACAC_028,25
TGAGCGCCCCACAAACACAC_029,150
TGAGCGCCCCACAAACACAC_030,149
TGAGCGCCCCACAAACACAC_031,29
TGAGCGCCCCACAAACACAC_032,121
TGAGCGCCCCACAAACACAC_033,198
TGAGCGCCCCACAAACACAC_034,96
TGAGCGCCCCACAAACACAC_035,90
TGAGCGCCCCACAAACACAC_036,180
TGAGCGCCCCACAAACACAC_037,150
TGAGCGCCCCACAAACACAC_038,81
CCTGCAGAAAAGAAGAGTCG_001,53
CCTGCAGAAAAGAAGAGTCG_002,137
CCTGCAGAAAAGAAGAGTCG_003,82
CCTGCAGAAAAGAAGAGTCG_004,2
CCTGCAGAAAAGAAGAGTCG_005,127
CCTGCAGAAAAGAAGAGTCG_006,48
CCTGCAGAAAAGAAGAGTCG_007,105
CCTGCAGAAAAGAAGAGTCG_008,35
CCTGCAGAAAAGAAGAGTCG_009,26
CCTGCAGAAAAGAAGAGTCG_010,101
CCTGCAGAAAAGAAGAGTCG_011,9
CCTGCAGAAAAGAAGAGTCG_012,68
CCTGCAGAAAAGAAGAGTCG_013,70
CCTGCAGAAAAGAAGAGTCG_014,130
TCACATCTCGAACCATGTGG_001,155
TCACATCTCGAACCATGTGG_002,118
TCACATCTCGAACCATGTGG_003,5
TCACATCTCGAACCATGTGG_004,94
AAGACCGGCAGTACGTGGTG_001,76
AAGACCGGCAGTACGTGGTG_002,34
AAGACCGGCAGTACGTGGTG_003,94
AAGACCGGCAGTACGTGGTG_004,101
AAGACCGGCAGTACGTGGTG_005,151
AAGACCGGCAGTACGTGGTG_006,85
AAGACCGGCAGTACGTGGTG_007,141
AAGACCGGCAGTACGTGGTG_008,40
AAGACCGGCAGTACGTGGTG_009,168
AAGACCGGCAGTACGTGGTG_010,147
TTCCCTACGAGGGCCCTCTG_001,137
TTCCCTACGAGGGCCCTCTG_002,183
TTCCCTACGAGGGCCCTCTG_003,121
TTCCCTACGAGGGCCCTCTG_004,145
TTCCCTACGAGGGCCCTCTG_005,127
TTCCCTACGAGGGCCCTCTG_006,19
TTCCCTACGAGGGCCCTCTG_007,133
TTCCCTACGAGGGCCCTCTG_008,127
TTCCCTACGAGGGCCCTCTG_009,191
TTCCCTACGAGGGCCCTCTG_010,152
TTCCCTACGAGGGCCCTCTG_011,58
TTCCCTACGAGGGCCCTCTG_012,158
TTCCCTACGAGGGCCCTCTG_013,190
TTCCCTACGAGGGCCCTCTG_014,62
TTCCCTACGAGGGCCCTCTG_015,197
TTCCCTACGAGGGCCCTCTG_016,114
TTCCCTACGAGGGCCCTCTG_017,114
TTCCCTACGAGGGCCCTCTG_018,124
TTCCCTACGAGGGCCCTCTG_019,86
TTCCCTACGAGGGCCCTCTG_020,22
TTCCCTACGAGGGCCCTCTG_021,177
TTCCCTACGAGGGCCCTCTG_022,169
TTCCCTACGAGGGCCCTCTG_023,177
TTCCCTACGAGGGCCCTCTG_024,152
TTCCCTACGAGGGCCCTCTG_025,116
TTCCCTACGAGGGCCCTCTG_026,69
TTCCCTACGAGGGCCCTCTG_027,33
TTCCCTACGAGGGCCCTCTG_028,1
TTCCCTACGAGGGCCCTCTG_029,127
TTCCCTACGAGGGCCCTCTG_030,72
TTCCCTACGAGGGCCCTCTG_031,12
TTCCCTACGAGGGCCCTCTG_032,150
TTCCCTACGAGGGCCCTCTG_033,102
TTCCCTACGAGGGCCCTCTG_034,132
TTCCCTACGAGGGCCCTCTG_035,178
TTCCCTACGAGGGCCCTCTG_036,18
TTCCCTACGAGGGCCCTCTG_037,144
TTCCCTACGAGGGCCCTCTG_038,12
TTCCCTACGAGGGCCCTCTG_039,77
TTCCCTACGAGGGCCCTCTG_040,169
TTCCCTACGAGGGCCCTCTG_041,142
TTCCCTACGAGGGCCCTCTG_042,94
TTCCCTACGAGGGCCCTCTG_043,1
TTCCCTACGAGGGCCCTCTG_044,29
TGACTACGATGAGGTCCCAG_001,15
TGACTACGATGAGGTCCCAG_002,115
TGACTACGATGAGGTCCCAG_003,131
TGACTACGATGAGGTCCCAG_004,94
TGACTACGATGAGGTCCCAG_005,82
TGACTACGATGAGGTCCCAG_006,71
TGACTACGATGAGGTCCCAG_007,116
GCTCTAGCCCGGAAACGAAG_001,147
GCTCTAGCCCGGAAACGAAG_002,169
GCTCTAGCCCGGAAACGAAG_003,68
GCTCTAGCCCGGAAACGAAG_004,160
GCTCTAGCCCGGAAACGAAG_005,42
GCTCTAGCCCGGAAACGAAG_006,137
GCTCTAGCCCGGAAACGAAG_007,55
GCTCTAGCCCGGAAACGAAG_008,41
GCTCTAGCCCGGAAACGAAG_009,36
GCTCTAGCCCGGAAACGAAG_010,17
GCTCTAGCCCGGAAACGAAG_011,198
GCTCTAGCCCGGAAACGAAG_012,45
AGGCCTCCAAAGACCAAGCG_001,27
AGGCCTCCAAAGACCAAGCG_002,169
AGGCCTCCAAAGACCAAGCG_003,78
AGGCCTCCAAAGACCAAGCG_004,149
AGGCCTCCAAAGACCAAGCG_005,64
AGGCCTCCAAAGACCAAGCG_006,4
AGGCCTCCAAAGACCAAGCG_007,163
AGGCCTCCAAAGACCAAGCG_008,178
AGGGTGTTGACCATCTCGGG_001,103
AGGGTGTTGACCATCTCGGG_002,41
AGGGTGTTGACCATCTCGGG_003,83
AGGGTGTTGACCATCTCGGG_004,53
AGGGTGTTGACCATCTCGGG_005,54
AGGGTGTTGACCATCTCGGG_006,154
AGGGTGTTGACCATCTCGGG_007,83
AGGGTGTTGACCATCTCGGG_008,188
AGGGTGTTGACCATCTCGGG_009,34
AGGGTGTTGACCATCTCGGG_010,162
AGGGTGTTGACCATCTCGGG_011,125
AGGGTGTTGACCATCTCGGG_012,62
AGGGTGTTGACCATCTCGGG_013,22
AGGGTGTTGACCATCTCGGG_014,160
AGGGTGTTGACCATCTCGGG_015,172
AGGGTGTTGACCATCTCGGG_016,9
AGGGTGTTGACCATCTCGGG_017,41
AGGGTGTTGACCATCTCGGG_018,149
AGGGTGTTGACCATCTCGGG_019,125
AGGGTGTTGACCATCTCGGG_020,62
AGGGTGTTGACCATCTCGGG_021,155
AGGGTGTTGACCATCTCGGG_022,40
AGGGTGTTGACCATCTCGGG_023,178
AGGGTGTTGACCATCTCGGG_024,81
ACTACCCAATGCCTCAACCG_001,145
ACTACCCAATGCCTCAACCG_002,48
ACTACCCAATGCCTCAACCG_003,32
GAAACTCCCCAATGTTGAGG_001,121
GAAACTCCCCAATGTTGAGG_002,115
GAAACTCCCCAATGTTGAGG_003,123
GAAACTCCCCAATGTTGAGG_004,124
GAAACTCCCCAATGTTGAGG_005,40
GGCACACCCAAACAAACCCA_001,37
GGCACACCCAAACAAACCCA_002,96
GGCACACCCAAACAAACCCA_003,185
GGCACACCCAAACAAACCCA_004,145
GGCACACCCAAACAAACCCA_005,196
GGCACACCCAAACAAACCCA_006,80
GGCACACCCAAACAAACCCA_007,147
GGCACACCCAAACAAACCCA_008,17
GGCACACCCAAACAAACCCA_009,22
GGCACACCCAAACAAACCCA_010,105
GGCACACCCAAACAAACCCA_011,72
GGCACACCCAAACAAACCCA_012,72
GGCACACCCAAACAAACCCA_013,70
GGCACACCCAAACAAACCCA_014,67
GGCACACCCAAACAAACCCA_015,76
GGCACACCCAAACAAACCCA_016,181
GGCACACCCAAACAAACCCA_017,190
GGCACACCCAAACAAACCCA_018,105
GGCACACCCAAACAAACCCA_019,68
GGCACACCCAAACAAACCCA_020,78
GGCACACCCAAACAAACCCA_021,61
GGCACACCCAAACAAACCCA_022,22
GGCACACCCAAACAAACCCA_023,180
GGCACACCCAAACAAACCCA_024,130
GGCACACCCAAACAAACCCA_025,118
GGCACACCCAAACAAACCCA_026,166
GGCACACCCAAACAAACCCA_027,9
GGCACACCCAAACAAACCCA_028,126
GGGTACAAACTGTCGCCAGG_001,168
GGGTACAAACTGTCGCCAGG_002,43
GGGTACAAACTGTCGCCAGG_003,107
GGGTACAAACTGTCGCCAGG_004,5
GGGTACAAACTGTCGCCAGG_005,177
GGGTACAAACTGTCGCCAGG_006,184
GGGTACAAACTGTCGCCAGG_007,169
GGGTACAAACTGTCGCCAGG_008,31
GGGTACAAACTGTCGCCAGG_009,62
GGGTACAAACTGTCGCCAGG_010,158
GGGTACAAACTGTCGCCAGG_011,39
GGGTACAAACTGTCGCCAGG_012,10
GGGTACAAACTGTCGCCAGG_013,138
GGGTACAAACTGTCGCCAGG_014,138
TGGCGTAGAACTCGGCCGCG_001,42
TGGCGTAGAACTCGGCCGCG_002,175
TGGCGTAGAACTCGGCCGCG_003,175
CGTCGTCTTCTTATAAGCTG_001,178
CGTCGTCTTCTTATAAGCTG_002,31
CGTCGTCTTCTTATAAGCTG_003,70
CGTCGTCTTCTTATAAGCTG_004,155
GCTGTGAGACCCAGTACGGG_001,113
GCTGTGAGACCCAGTACGGG_002,118
GCTGTGAGACCCAGTACGGG_003,157
GCTGTGAGACCCAGTACGGG_004,194
GCTGTGAGACCCAGTACGGG_005,181
GCTGTGAGACCCAGTACGGG_006,53
GCTGTGAGACCCAGTACGGG_007,4
GCTGTGAGACCCAGTACGGG_008,121
GCTGTGAGACCCAGTACGGG_009,6
GCTGTGAGACCCAGTACGGG_010,80
GCTGTGAGACCCAGTACGGG_011,80
GCTGTGAGACCCAGTACGGG_012,112
GCTGTGAGACCCAGTACGGG_013,21
GCTGTGAGACCCAGTACGGG_014,184
GCTGTGAGACCCAGTACGGG_015,34
GCTGTGAGACCCAGTACGGG_016,134
GCTGTGAGACCCAGTACGGG_017,6
GCTGCTGTAAGACTGGTATG_001,137
GCTGCTGTAAGACTGGTATG_002,147
GCTGCTGTAAGACTGGTATG_003,159
GCTGCTGTAAGACTGGTATG_004,121
GCTGCTGTAAGACTGGTATG_005,96
GCTGCTGTAAGACTGGTATG_006,174
GCTGCTGTAAGACTGGTATG_007,38
GCTGCTGTAAGACTGGTATG_008,9
GCTGCTGTAAGACTGGTATG_009,144
GGGATGGGTAGTCATCAACG_001,74
GGGATGGGTAGTCATCAACG_002,13
GATGCAGACATGCTACCGTG_001,81
GATGCAGACATGCTACCGTG_002,62
GATGCAGACATGCTACCGTG_003,190
AACTGGGCCAAGGAGCACAA_001,149
AACTGGGCCAAGGAGCACAA_002,56
AACTGGGCCAAGGAGCACAA_003,40
AACTGGGCCAAGGAGCACAA_004,146
AACTGGGCCAAGGAGCACAA_005,33
AACTGGGCCAAGGAGCACAA_006,4
AACTGGGCCAAGGAGCACAA_007,76
AACTGGGCCAAGGAGCACAA_008,88
AACTGGGCCAAGGAGCACAA_009,178
AACTGGGCCAAGGAGCACAA_010,64
AACTGGGCCAAGGAGCACAA_011,64
AACTGGGCCAAGGAGCACAA_012,74
GGATCATCCTCAGCTTGGAG_001,153
GGATCATCCTCAGCTTGGAG_002,199
GGATCATCCTCAGCTTGGAG_003,2
GGATCATCCTCAGCTTGGAG_004,114
GGATCATCCTCAGCTTGGAG_005,62
GGATCATCCTCAGCTTGGAG_006,103
GGATCATCCTCAGCTTGGAG_007,49
GGATCATCCTCAGCTTGGAG_008,42
GGATCATCCTCAGCTTGGAG_009,136
GGATCATCCTCAGCTTGGAG_010,102
GGATCATCCTCAGCTTGGAG_011,179
GGATCATCCTCAGCTTGGAG_012,1
TAAATGCCTGTTGAGATGCA_001,87
TAAATGCCTGTTGAGATGCA_002,15
TAAATGCCTGTTGAGATGCA_003,94
TAAATGCCTGTTGAGATGCA_004,168
TAAATGCCTGTTGAGATGCA_005,82
TAAATGCCTGTTGAGATGCA_006,32
TAAATGCCTGTTGAGATGCA_007,119
TAAATGCCTGTTGAGATGCA_008,106
TGGGTAAAACATGCGTACAC_001,33
TGGGTAAAACATGCGTACAC_002,86
TGGGTAAAACATGCGTACAC_003,105
TGGGTAAAACATGCGTACAC_004,138
TGGGTAAAACATGCGTACAC_005,188
ATACAAGTCCCACCTACCGA_001,166
ATACAAGTCCCACCTACCGA_002,163
ATACAAGTCCCACCTACCGA_003,174
ATACAAGTCCCACCTACCGA_004,0
ATACAAGTCCCACCTACCGA_005,120
CCCAACCCCTTACAGCCTCG_001,127
CCCAACCCCTTACAGCCTCG_002,65
CCCAACCCCTTACAGCCTCG_003,140
CCCAACCCCTTACAGCCTCG_004,115
CCCAACCCCTTACAGCCTCG_005,86
CCCAACCCCTTACAGCCTCG_006,17
CCCAACCCCTTACAGCCTCG_007,26
CCCAACCCCTTACAGCCTCG_008,134
CCCAACCCCTTACAGCCTCG_009,43
CCCAACCCCTTACAGCCTCG_010,63
CCCAACCCCTTACAGCCTCG_011,101
CCCAACCCCTTACAGCCTCG_012,94
CCCAACCCCTTACAGCCTCG_013,88
ATTTCTGAAAATCAGAGCAG_001,175
ATTTCTGAAAATCAGAGCAG_002,94
GAACAAGTACATTAGAGCCG_001,15
GAACAAGTACATTAGAGCCG_002,171
GAACAAGTACATTAGAGCCG_003,2
GAACAAGTACATTAGAGCCG_004,58
GACAGGATAGACTGGCCAGT_001,105
GACAGGATAGACTGGCCAGT_002,35
GACAGGATAGACTGGCCAGT_003,96
GACAGGATAGACTGGCCAGT_004,103
GACAGGATAGACTGGCCAGT_005,160
GACAGGATAGACTGGCCAGT_006,197
GACAGGATAGACTGGCCAGT_007,17
GACAGGATAGACTGGCCAGT_008,5
TGTCTTCAGTTCCAGACCAG_001,60
TGTCTTCAGTTCCAGACCAG_002,129
TGTCTTCAGTTCCAGACCAG_003,125
TGTCTTCAGTTCCAGACCAG_004,108
TGTCTTCAGTTCCAGACCAG_005,88
TGTCTTCAGTTCCAGACCAG_006,34
TGTCTTCAGTTCCAGACCAG_007,84
TGTCTTCAGTTCCAGACCAG_008,19
TGTCTTCAGTTCCAGACCAG_009,1
TGTCTTCAGTTCCAGACCAG_010,8
TGTCTTCAGTTCCAGACCAG_011,50
TGTCTTCAGTTCCAGACCAG_012,111
TGTCTTCAGTTCCAGACCAG_013,63
AATGGTGAAAAAAGAATCCG_001,96
AATGGTGAAAAAAGAATCCG_002,150
AATGGTGAAAAAAGAATCCG_003,12
AATGGTGAAAAAAGAATCCG_004,116
AATGGTGAAAAAAGAATCCG_005,62
AATGGTGAAAAAAGAATCCG_006,11
AATGGTGAAAAAAGAATCCG_007,82
AATGGTGAAAAAAGAATCCG_008,130
AATGGTGAAAAAAGAATCCG_009,42
AATGGTGAAAAAAGAATCCG_010,111
AATGGTGAAAAAAGAATCCG_011,157
AATGGTGAAAAAAGAATCCG_012,55
AATGGTGAAAAAAGAATCCG_013,19
AATGGTGAAAAAAGAATCCG_014,147
AATGGTGAAAAAAGAATCCG_015,145
AATGGTGAAAAAAGAATCCG_016,31
CCTTTGCCAATGATTACATC_001,6
CCTTTGCCAATGATTACATC_002,152
CCTTTGCCAATGATTACATC_003,39
CCTTTGCCAATGATTACATC_004,106
AGGATGATCCCCCAGCAGAG_001,127
AGGATGATCCCCCAGCAGAG_002,81
AGGATGATCCCCCAGCAGAG_003,19
AGGATGATCCCCCAGCAGAG_004,36
AGGATGATCCCCCAGCAGAG_005,74
AGGATGATCCCCCAGCAGAG_006,144
AGGATGATCCCCCAGCAGAG_007,65
AGGATGATCCCCCAGCAGAG_008,83
AGGATGATCCCCCAGCAGAG_009,72
AGGATGATCCCCCAGCAGAG_010,28
AGGATGATCCCCCAGCAGAG_011,175
AGGATGATCCCCCAGCAGAG_012,23
AGGATGATCCCCCAGCAGAG_013,137
AGGATGATCCCCCAGCAGAG_014,0
AGGATGATCCCCCAGCAGAG_015,142
CAACTGAAGATAGAGAAATG_001,71
CAACTGAAGATAGAGAAATG_002,55
CAACTGAAGATAGAGAAATG_003,151
CAACTGAAGATAGAGAAATG_004,18
CAACTGAAGATAGAGAAATG_005,46
CAACTGAAGATAGAGAAATG_006,147
CAACTGAAGATAGAGAAATG_007,151
CAACTGAAGATAGAGAAATG_008,174
CAACTGAAGATAGAGAAATG_009,191
CAACTGAAGATAGAGAAATG_010,192
CAACTGAAGATAGAGAAATG_011,19
CAACTGAAGATAGAGAAATG_012,67
CAACTGAAGATAGAGAAATG_013,146
GGGATCAGACAGTTAAACTG_001,5
GGGATCAGACAGTTAAACTG_002,137
GGGATCAGACAGTTAAACTG_003,105
GGGATCAGACAGTTAAACTG_004,184
GGGATCAGACAGTTAAACTG_005,145
GGGATCAGACAGTTAAACTG_006,90
GGGATCAGACAGTTAAACTG_007,199
GGGATCAGACAGTTAAACTG_008,49
TTCGGGGCGGATGTGACATG_001,131
TTCGGGGCGGATGTGACATG_002,18
TTCGGGGCGGATGTGACATG_003,29
TTCGGGGCGGATGTGACATG_004,148
TTCGGGGCGGATGTGACATG_005,156
TTCGGGGCGGATGTGACATG_006,12
AGAACTCTCTTGCTTCGCGG_001,85
AGAACTCTCTTGCTTCGCGG_002,0
AGAACTCTCTTGCTTCGCGG_003,174
AGAACTCTCTTGCTTCGCGG_004,105
AGAACTCTCTTGCTTCGCGG_005,147
AGAACTCTCTTGCTTCGCGG_006,134
AGAACTCTCTTGCTTCGCGG_007,74
AGAACTCTCTTGCTTCGCGG_008,107
AGAACTCTCTTGCTTCGCGG_009,9
AGAACTCTCTTGCTTCGCGG_010,172
AGAACTCTCTTGCTTCGCGG_011,166
AGAACTCTCTTGCTTCGCGG_012,188
GGTAAAGAGGCGCTACCAGG_001,161
TGCGCGTACTCCTCGAAGGG_001,172
TGCGCGTACTCCTCGAAGGG_002,123
TGCGCGTACTCCTCGAAGGG_003,70
TGCGCGTACTCCTCGAAGGG_004,138
GTGGATGCCTTCCAGAACGT_001,29
GTGGATGCCTTCCAGAACGT_002,29
GTGGATGCCTTCCAGAACGT_003,133
GTGGATGCCTTCCAGAACGT_004,105
GTGGATGCCTTCCAGAACGT_005,91
GTGGATGCCTTCCAGAACGT_006,68
GTGGATGCCTTCCAGAACGT_007,24
GTTCCCGATTTCTGGATGCG_001,103
GTTCCCGATTTCTGGATGCG_002,177
GTTCCCGATTTCTGGATGCG_003,10
TGTAAGTTCAACTCCACTAG_001,115
TGTAAGTTCAACTCCACTAG_002,98
TGTAAGTTCAACTCCACTAG_003,172
TGTAAGTTCAACTCCACTAG_004,91
TGTAAGTTCAACTCCACTAG_005,111
TGTAAGTTCAACTCCACTAG_006,173
TGTAAGTTCAACTCCACTAG_007,166
TGTAAGTTCAACTCCACTAG_008,192
TGTAAGTTCAACTCCACTAG_009,129
TGTAAGTTCAACTCCACTAG_010,82
TGTAAGTTCAACTCCACTAG_011,188
CAGAAGGGCCTGTCTATCTG_001,134
CAGAAGGGCCTGTCTATCTG_002,83
CAGAAGGGCCTGTCTATCTG_003,160
CAGAAGGGCCTGTCTATCTG_004,102
CAGAAGGGCCTGTCTATCTG_005,24
CAGAAGGGCCTGTCTATCTG_006,5
CAGAAGGGCCTGTCTATCTG_007,117
CAGAAGGGCCTGTCTATCTG_008,50
CAGAAGGGCCTGTCTATCTG_009,181
CAGAAGGGCCTGTCTATCTG_010,57
CAGAAGGGCCTGTCTATCTG_011,1
CAGAAGGGCCTGTCTATCTG_012,3
CAGAAGGGCCTGTCTATCTG_013,3
CAGAAGGGCCTGTCTATCTG_014,175
CAGAAGGGCCTGTCTATCTG_015,45
ATGATTACTGCAATATCTGA_001,16
ATGATTACTGCAATATCTGA_002,182
ATGATTACTGCAATATCTGA_003,147
TCACAAGGCTTAGATTCCAC_001,133
TCACAAGGCTTAGATTCCAC_002,157
AAAAGCTGTACGTTATATGT_001,38
AAAAGCTGTACGTTATATGT_002,31
GAACAGCCCCCTAAACAACG_001,62
GAACAGCCCCCTAAACAACG_002,84
GAACAGCCCCCTAAACAACG_003,191
GAACAGCCCCCTAAACAACG_004,15
GAACAGCCCCCTAAACAACG_005,41
GAACAGCCCCCTAAACAACG_006,105
GAACAGCCCCCTAAACAACG_007,181
GAACAGCCCCCTAAACAACG_008,161
GAACAGCCCCCTAAACAACG_009,174
GAACAGCCCCCTAAACAACG_010,130
GAACAGCCCCCTAAACAACG_011,74
GAACAGCCCCCTAAACAACG_012,162
GAACAGCCCCCTAAACAACG_013,16
GAACAGCCCCCTAAACAACG_014,48
GAACAGCCCCCTAAACAACG_015,120
GAACAGCCCCCTAAACAACG_016,29
GAACAGCCCCCTAAACAACG_017,82
GAACAGCCCCCTAAACAACG_018,128
GAACAGCCCCCTAAACAACG_019,34
GAACAGCCCCCTAAACAACG_020,93
GAACAGCCCCCTAAACAACG_021,126
GAACAGCCCCCTAAACAACG_022,140
GAACAGCCCCCTAAACAACG_023,56
GAACAGCCCCCTAAACAACG_024,67
GAACAGCCCCCTAAACAACG_025,27
GAACAGCCCCCTAAACAACG_026,185
GAAGGGCAGAAGCTGCATGT_001,109
GAAGGGCAGAAGCTGCATGT_002,61
GAAGGGCAGAAGCTGCATGT_003,175
GAAGGGCAGAAGCTGCATGT_004,110
GAAGGGCAGAAGCTGCATGT_005,160
GAAGGGCAGAAGCTGCATGT_006,61
GAAGGGCAGAAGCTGCATGT_007,112
GAAGGGCAGAAGCTGCATGT_008,17
CCAAGATCTTTCATCTCTGG_001,116
CAAGCTCAGTCGTACTTTAG_001,17
CAAGCTCAGTCGTACTTTAG_002,84
CAAGCTCAGTCGTACTTTAG_003,158
CAAGCTCAGTCGTACTTTAG_004,18
ACGTTGTAGGAGCCGGTCAG_001,127
ACGTTGTAGGAGCCGGTCAG_002,34
ACGTTGTAGGAGCCGGTCAG_003,41
ACGTTGTAGGAGCCGGTCAG_004,180
ACGTTGTAGGAGCCGGTCAG_005,185
ACGTTGTAGGAGCCGGTCAG_006,125
ACGTTGTAGGAGCCGGTCAG_007,76
ACGTTGTAGGAGCCGGTCAG_008,51
ACGTTGTAGGAGCCGGTCAG_009,54
ACGTTGTAGGAGCCGGTCAG_010,26
ACGTTGTAGGAGCCGGTCAG_011,56
ACGTTGTAGGAGCCGGTCAG_012,63
ACGTTGTAGGAGCCGGTCAG_013,169
ACGTTGTAGGAGCCGGTCAG_014,113
ACGTTGTAGGAGCCGGTCAG_015,145
ACGTTGTAGGAGCCGGTCAG_016,110
ACGTTGTAGGAGCCGGTCAG_017,147
ACGTTGTAGGAGCCGGTCAG_018,175
ACGTTGTAGGAGCCGGTCAG_019,78
ACGTTGTAGGAGCCGGTCAG_020,123
ACGTTGTAGGAGCCGGTCAG_021,39
AGAAGTGGTTGAAAAACGTG_001,170
AGAAGTGGTTGAAAAACGTG_002,33
ACCTTCAACTGAGGACTTGG_001,168
ACCTTCAACTGAGGACTTGG_002,176
ACCTTCAACTGAGGACTTGG_003,115
ACCTTCAACTGAGGACTTGG_004,85
ACCTTCAACTGAGGACTTGG_005,112
ACCTTCAACTGAGGACTTGG_006,44
ACCTTCAACTGAGGACTTGG_007,86
ACCTTCAACTGAGGACTTGG_008,81
ACCTTCAACTGAGGACTTGG_009,104
ACCTTCAACTGAGGACTTGG_010,169
ACCTTCAACTGAGGACTTGG_011,26
ACCTTCAACTGAGGACTTGG_012,105
ACCTTCAACTGAGGACTTGG_013,118
ACCTTCAACTGAGGACTTGG_014,27
ACCTTCAACTGAGGACTTGG_015,13
ACCTTCAACTGAGGACTTGG_016,148
ACCTTCAACTGAGGACTTGG_017,29
ACCTTCAACTGAGGACTTGG_018,198
ACCTTCAACTGAGGACTTGG_019,130
ACCTTCAACTGAGGACTTGG_020,106
ACCTTCAACTGAGGACTTGG_021,141
ACCTTCAACTGAGGACTTGG_022,52
ACCTTCAACTGAGGACTTGG_023,78
ACCTTCAACTGAGGACTTGG_024,72
ACCTTCAACTGAGGACTTGG_025,130
ACCTTCAACTGAGGACTTGG_026,151
ACCTTCAACTGAGGACTTGG_027,127
ACCTTCAACTGAGGACTTGG_028,36
ACCTTCAACTGAGGACTTGG_029,82
AGATAACAGAAGTACAACCA_001,153
AGATAACAGAAGTACAACCA_002,34
AGATAACAGAAGTACAACCA_003,152
AGATAACAGAAGTACAACCA_004,78
AGATAACAGAAGTACAACCA_005,69
AGATAACAGAAGTACAACCA_006,116
GCAGCACGTTGGGTTCGGCG_001,35
GCAGCACGTTGGGTTCGGCG_002,169
GCAGCACGTTGGGTTCGGCG_003,169
GCAGCACGTTGGGTTCGGCG_004,161
GCAGCACGTTGGGTTCGGCG_005,151
GCAGCACGTTGGGTTCGGCG_006,146
GCAGCACGTTGGGTTCGGCG_007,182
GCAGCACGTTGGGTTCGGCG_008,68
GCAGCACGTTGGGTTCGGCG_009,5
GCAGCACGTTGGGTTCGGCG_010,127
GCAGCACGTTGGGTTCGGCG_011,156
GCAGCACGTTGGGTTCGGCG_012,62
GCAGCACGTTGGGTTCGGCG_013,70
GCAGCACGTTGGGTTCGGCG_014,174
GCAGCACGTTGGGTTCGGCG_015,156
GCAGCACGTTGGGTTCGGCG_016,105
GCAGCACGTTGGGTTCGGCG_017,60
GCAGCACGTTGGGTTCGGCG_018,68
GCAGCACGTTGGGTTCGGCG_019,1
GCAGCACGTTGGGTTCGGCG_020,43
GCAGCACGTTGGGTTCGGCG_021,127
GCAGCACGTTGGGTTCGGCG_022,62
GCAGCACGTTGGGTTCGGCG_023,78
GCAGCACGTTGGGTTCGGCG_024,180
GCAGCACGTTGGGTTCGGCG_025,25
GCAGCACGTTGGGTTCGGCG_026,146
GCAGCACGTTGGGTTCGGCG_027,58
GCAGCACGTTGGGTTCGGCG_028,140
GCAGCACGTTGGGTTCGGCG_029,15
GCAGCACGTTGGGTTCGGCG_030,158
GGCAGCGACGGTAGCGTCGA_001,101
GGCAGCGACGGTAGCGTCGA_002,137
GGCAGCGACGGTAGCGTCGA_003,64
GGCCAGAGTGTCTTCCGACG_001,34
GGCCAGAGTGTCTTCCGACG_002,131
GGCCAGAGTGTCTTCCGACG_003,90
GGCCAGAGTGTCTTCCGACG_004,141
GGCCAGAGTGTCTTCCGACG_005,169
GGCCAGAGTGTCTTCCGACG_006,199
GGCCAGAGTGTCTTCCGACG_007,170
GGCCAGAGTGTCTTCCGACG_008,156
AAGTACAAGAGCATAAGACA_001,158
AAGTACAAGAGCATAAGACA_002,102
AAGTACAAGAGCATAAGACA_003,197
AAGTACAAGAGCATAAGACA_004,86
AAGTACAAGAGCATAAGACA_005,144
AAGTACAAGAGCATAAGACA_006,188
AAGTACAAGAGCATAAGACA_007,98
GAAATGACAATGGTTTCACC_001,77
GAAATGACAATGGTTTCACC_002,131
GAAATGACAATGGTTTCACC_003,38
GAAATGACAATGGTTTCACC_004,1
GAAATGACAATGGTTTCACC_005,190
GAAATGACAATGGTTTCACC_006,5
GAAATGACAATGGTTTCACC_007,193
GAAATGACAATGGTTTCACC_008,140
GAAATGACAATGGTTTCACC_009,132
GAAATGACAATGGTTTCACC_010,18
GAAATGACAATGGTTTCACC_011,94
GCAGCAGGCAGACCACGCTG_001,117
GCAGCAGGCAGACCACGCTG_002,189
GCAGCAGGCAGACCACGCTG_003,96
GCAGCAGGCAGACCACGCTG_004,50
GCAGCAGGCAGACCACGCTG_005,182
GCAGCAGGCAGACCACGCTG_006,44
GCAGCAGGCAGACCACGCTG_007,49
GCAGCAGGCAGACCACGCTG_008,122
CTCAACAAGAACTGCCACGC_001,60
CTCAACAAGAACTGCCACGC_002,170
CTCAACAAGAACTGCCACGC_003,198
CTCAACAAGAACTGCCACGC_004,185
CTCAACAAGAACTGCCACGC_005,103
CTCAACAAGAACTGCCACGC_006,152
CTCAACAAGAACTGCCACGC_007,112
CTCAACAAGAACTGCCACGC_008,151
CTCAACAAGAACTGCCACGC_009,169
CTCAACAAGAACTGCCACGC_010,88
CTCAACAAGAACTGCCACGC_011,165
CTCAACAAGAACTGCCACGC_012,18
CTCAACAAGAACTGCCACGC_013,51
CTCAACAAGAACTGCCACGC_014,40
CTCAACAAGAACTGCCACGC_015,150
CTCAACAAGAACTGCCACGC_016,98
CTCAACAAGAACTGCCACGC_017,41
CTCAACAAGAACTGCCACGC_018,41
CTCAACAAGAACTGCCACGC_019,102
CTCAACAAGAACTGCCACGC_020,183
CTCAACAAGAACTGCCACGC_021,58
CTCAACAAGAACTGCCACGC_022,116
CTCAACAAGAACTGCCACGC_023,18
CTCAACAAGAACTGCCACGC_024,71
CTCAACAAGAACTGCCACGC_025,147
CCAGGAGCTACACACCTTCG_001,29
CCAGGAGCTACACACCTTCG_002,58
CCAGGAGCTACACACCTTCG_003,162
CCAGGAGCTACACACCTTCG_004,108
GCTCTTCGCCCCACGGACCG_001,58
GCTCTTCGCCCCACGGACCG_002,84
GCTCTTCGCCCCACGGACCG_003,28
GCTCTTCGCCCCACGGACCG_004,12
GCTCTTCGCCCCACGGACCG_005,199
GCTCTTCGCCCCACGGACCG_006,32
GCTCTTCGCCCCACGGACCG_007,174
GCTCTTCGCCCCACGGACCG_008,199
GCTCTTCGCCCCACGGACCG_009,184
GCTCTTCGCCCCACGGACCG_010,40
GCTCTTCGCCCCACGGACCG_011,199
GTGGCTTCAGATGTGATGCA_001,77
GTGGCTTCAGATGTGATGCA_002,120
GTGGCTTCAGATGTGATGCA_003,36
GTGGCTTCAGATGTGATGCA_004,47
GTGGCTTCAGATGTGATGCA_005,75
GTGGCTTCAGATGTGATGCA_006,13
GTGGCTTCAGATGTGATGCA_007,77
TGAGCATATGAAGAAATCTG_001,184
TGAGCATATGAAGAAATCTG_002,12
TGAGCATATGAAGAAATCTG_003,127
TGCCAAGCAGTACCGGAACG_001,175
TGCCAAGCAGTACCGGAACG_002,149
TGCCAAGCAGTACCGGAACG_003,138
TGCCAAGCAGTACCGGAACG_004,106
TGCCAAGCAGTACCGGAACG_005,106
TGCCAAGCAGTACCGGAACG_006,142
CAAAACTGATCTGCAAGCTT_001,106
CAAAACTGATCTGCAAGCTT_002,106
CAAAACTGATCTGCAAGCTT_003,138
CAGCATTAAATATCAGCGTG_001,151
CAGCATTAAATATCAGCGTG_002,137
CAGCATTAAATATCAGCGTG_003,56
CAGCATTAAATATCAGCGTG_004,94
CAGCATTAAATATCAGCGTG_005,97
CAGCATTAAATATCAGCGTG_006,47
CAGCATTAAATATCAGCGTG_007,24
CAGCATTAAATATCAGCGTG_008,99
CAGCATTAAATATCAGCGTG_009,1
CAGCATTAAATATCAGCGTG_010,197
CAGCATTAAATATCAGCGTG_011,105
CAGCATTAAATATCAGCGTG_012,130
CAGCATTAAATATCAGCGTG_013,67
TCAGCCATGTAATCAAACAA_001,102
TCAGCCATGTAATCAAACAA_002,188
TCAGCCATGTAATCAAACAA_003,178
TCAGCCATGTAATCAAACAA_004,44
TCAGCCATGTAATCAAACAA_005,30
TCAGCCATGTAATCAAACAA_006,113
TCAGCCATGTAATCAAACAA_007,11
AAATACAAACCCTACCTGGT_001,15
AAATACAAACCCTACCTGGT_002,93
AAATACAAACCCTACCTGGT_003,175
AAATACAAACCCTACCTGGT_004,72
AAATACAAACCCTACCTGGT_005,60
AAATACAAACCCTACCTGGT_006,8
AAATACAAACCCTACCTGGT_007,42
AAATACAAACCCTACCTGGT_008,68
AAATACAAACCCTACCTGGT_009,171
AAATACAAACCCTACCTGGT_010,198
AAATACAAACCCTACCTGGT_011,52
AAATACAAACCCTACCTGGT_012,57
GCTGCTGAGAGGGAAACGAA_001,142
GCTGCTGAGAGGGAAACGAA_002,144
GCTGCTGAGAGGGAAACGAA_003,127
GCTGCTGAGAGGGAAACGAA_004,97
GCTGCTGAGAGGGAAACGAA_005,36
ATGATATCTGACATGCAGCG_001,130
ATGATATCTGACATGCAGCG_002,72
ATGATATCTGACATGCAGCG_003,38
ATGATATCTGACATGCAGCG_004,177
ATGATATCTGACATGCAGCG_005,88
GGCATTGTTATGGTACTCCG_001,156
GGCATTGTTATGGTACTCCG_002,58
TTTGTGCCACCAGATCACTG_001,101
TTTGTGCCACCAGATCACTG_002,60
TTTGTGCCACCAGATCACTG_003,161
TTTGTGCCACCAGATCACTG_004,115
TTTGTGCCACCAGATCACTG_005,145
CTTTGTGTGGAAACGACCAG_001,41
CTTTGTGTGGAAACGACCAG_002,91
CTTTGTGTGGAAACGACCAG_003,30
CTTTGTGTGGAAACGACCAG_004,150
CTTTGTGTGGAAACGACCAG_005,146
CTTTGTGTGGAAACGACCAG_006,194
CTTTGTGTGGAAACGACCAG_007,82
CTTTGTGTGGAAACGACCAG_008,110
CTTTGTGTGGAAACGACCAG_009,103
CTTTGTGTGGAAACGACCAG_010,50
CTTTGTGTGGAAACGACCAG_011,110
CTTTGTGTGGAAACGACCAG_012,49
GTGGCTGACAACCTGGTCAC_001,108
GTGGCTGACAACCTGGTCAC_002,54
GTGGCTGACAACCTGGTCAC_003,125
GTGGCTGACAACCTGGTCAC_004,63
GTGGCTGACAACCTGGTCAC_005,178
GTGGCTGACAACCTGGTCAC_006,6
GTGGCTGACAACCTGGTCAC_007,123
GTGGCTGACAACCTGGTCAC_008,108
GTGGCTGACAACCTGGTCAC_009,94
GTGGCTGACAACCTGGTCAC_010,110
GTGGCTGACAACCTGGTCAC_011,186
GTGGCTGACAACCTGGTCAC_012,1
GTGGCTGACAACCTGGTCAC_013,137
GTGGCTGACAACCTGGTCAC_014,139
CTCATGGTGGTTGAATTGGG_001,6
CTCATGGTGGTTGAATTGGG_002,138
CTCATGGTGGTTGAATTGGG_003,98
CTCATGGTGGTTGAATTGGG_004,17
CTCATGGTGGTTGAATTGGG_005,17
CTCATGGTGGTTGAATTGGG_006,125
CTCATGGTGGTTGAATTGGG_007,151
CTCATGGTGGTTGAATTGGG_008,113
CTCATGGTGGTTGAATTGGG_009,59
CTCATGGTGGTTGAATTGGG_010,74
CTCATGGTGGTTGAATTGGG_011,87
CTCATGGTGGTTGAATTGGG_012,116
CTCATGGTGGTTGAATTGGG_013,194
CTCATGGTGGTTGAATTGGG_014,160
CTCATGGTGGTTGAATTGGG_015,72
CTCATGGTGGTTGAATTGGG_016,151
CTCATGGTGGTTGAATTGGG_017,76
CTCATGGTGGTTGAATTGGG_018,62
CTCATGGTGGTTGAATTGGG_019,160
AAAGCCCGTAGCCATATGAG_001,8
AAAGCCCGTAGCCATATGAG_002,18
AAAGCCCGTAGCCATATGAG_003,35
AAAGCCCGTAGCCATATGAG_004,113
AAAGCCCGTAGCCATATGAG_005,61
AAAGCCCGTAGCCATATGAG_006,63
AAAGCCCGTAGCCATATGAG_007,17
AAAGCCCGTAGCCATATGAG_008,88
GAAGCTATAACTGCGCAACT_001,181
GAAGCTATAACTGCGCAACT_002,12
GAAGCTATAACTGCGCAACT_003,108
GAAGCTATAACTGCGCAACT_004,170
GAAGCTATAACTGCGCAACT_005,15
AAAACAAGAGTTGACTGCAC_001,80
AAAACAAGAGTTGACTGCAC_002,78
AAAACAAGAGTTGACTGCAC_003,63
AAAACAAGAGTTGACTGCAC_004,26
AAAACAAGAGTTGACTGCAC_005,181
AAAACAAGAGTTGACTGCAC_006,106
AAAACAAGAGTTGACTGCAC_007,101
AAAACAAGAGTTGACTGCAC_008,76
AAAACAAGAGTTGACTGCAC_009,147
AAAACAAGAGTTGACTGCAC_010,168
AAAACAAGAGTTGACTGCAC_011,52
AAAACAAGAGTTGACTGCAC_012,2
AACACTCTGAATGTTGACCG_001,126
AACACTCTGAATGTTGACCG_002,37
GGTGGAGGGTGATCGCGCCG_001,89
GGTGGAGGGTGATCGCGCCG_002,106
GGTGGAGGGTGATCGCGCCG_003,77
GGTGGAGGGTGATCGCGCCG_004,142
GGTGGAGGGTGATCGCGCCG_005,91
GGTGGAGGGTGATCGCGCCG_006,135
GGTGGAGGGTGATCGCGCCG_007,26
GGTGGAGGGTGATCGCGCCG_008,26
GGTGGAGGGTGATCGCGCCG_009,66
CCCACAGCTCCAAAGCATCG_001,188
CCCACAGCTCCAAAGCATCG_002,46
CCCACAGCTCCAAAGCATCG_003,49
CCCACAGCTCCAAAGCATCG_004,178
CACGTGGACAGTTGTGCCGT_001,48
CACGTGGACAGTTGTGCCGT_002,115
CACGTGGACAGTTGTGCCGT_003,50
TACCACACAGTCAAAAGTAG_001,86
TACCACACAGTCAAAAGTAG_002,169
TACCACACAGTCAAAAGTAG_003,96
TACCACACAGTCAAAAGTAG_004,49
GACAACGCGTATTCAAACGA_001,169
GACAACGCGTATTCAAACGA_002,69
GACAACGCGTATTCAAACGA_003,185
GACAACGCGTATTCAAACGA_004,45
GACAACGCGTATTCAAACGA_005,81
GGTGGGACAGTCCTTCAGGA_001,134
GGTGGGACAGTCCTTCAGGA_002,49
GGTGGGACAGTCCTTCAGGA_003,8
GGTGGGACAGTCCTTCAGGA_004,3
GGTGGGACAGTCCTTCAGGA_005,133
GGTGGGACAGTCCTTCAGGA_006,113
GGTGGGACAGTCCTTCAGGA_007,5
GGTGGGACAGTCCTTCAGGA_008,158
GGTGGGACAGTCCTTCAGGA_009,102
GGTGGGACAGTCCTTCAGGA_010,62
GGTGGGACAGTCCTTCAGGA_011,85
GGTGGGACAGTCCTTCAGGA_012,183
GGTGGGACAGTCCTTCAGGA_013,197
GGTGGGACAGTCCTTCAGGA_014,94
GGTGGGACAGTCCTTCAGGA_015,116
GGTGGGACAGTCCTTCAGGA_016,54
AGACCAGACAGTATGTTCGA_001,133
AGACCAGACAGTATGTTCGA_002,107
AGACCAGACAGTATGTTCGA_003,172
AGACCAGACAGTATGTTCGA_004,106
AGACCAGACAGTATGTTCGA_005,106
AGACCAGACAGTATGTTCGA_006,43
CACATCCTGATTGACAACGG_001,13
CACATCCTGATTGACAACGG_002,92
CACATCCTGATTGACAACGG_003,147
CACATCCTGATTGACAACGG_004,137
CACATCCTGATTGACAACGG_005,60
CACATCCTGATTGACAACGG_006,159
CACATCCTGATTGACAACGG_007,149
CACATCCTGATTGACAACGG_008,114
CACATCCTGATTGACAACGG_009,166
CACATCCTGATTGACAACGG_010,89
CACATCCTGATTGACAACGG_011,96
CACATCCTGATTGACAACGG_012,105
CACATCCTGATTGACAACGG_013,77
CACATCCTGATTGACAACGG_014,38
CACATCCTGATTGACAACGG_015,8
CACATCCTGATTGACAACGG_016,88
CACATCCTGATTGACAACGG_017,63
CACATCCTGATTGACAACGG_018,63
CACATCCTGATTGACAACGG_019,164
CGCAGTCACCAAGCTCCACG_001,127
CGCAGTCACCAAGCTCCACG_002,181
CGCAGTCACCAAGCTCCACG_003,1
CGCAGTCACCAAGCTCCACG_004,94
CGCAGTCACCAAGCTCCACG_005,51
CGCAGTCACCAAGCTCCACG_006,54
CGCAGTCACCAAGCTCCACG_007,125
CGCAGTCACCAAGCTCCACG_008,23
CGCAGTCACCAAGCTCCACG_009,81
CGCAGTCACCAAGCTCCACG_010,159
CGCAGTCACCAAGCTCCACG_011,18
CGCAGTCACCAAGCTCCACG_012,150
CGCAGTCACCAAGCTCCACG_013,2
CGCAGTCACCAAGCTCCACG_014,151
CGCAGTCACCAAGCTCCACG_015,184
CGCAGTCACCAAGCTCCACG_016,76
CGCAGTCACCAAGCTCCACG_017,176
CGCAGTCACCAAGCTCCACG_018,55
CGCAGTCACCAAGCTCCACG_019,198
CGCAGTCACCAAGCTCCACG_020,94
CGCAGTCACCAAGCTCCACG_021,79
CGCAGTCACCAAGCTCCACG_022,137
CGCAGTCACCAAGCTCCACG_023,12
CGCAGTCACCAAGCTCCACG_024,67
GTCTTCGCTCAAGACATGTG_001,110
GTCTTCGCTCAAGACATGTG_002,160
GTCTTCGCTCAAGACATGTG_003,157
GTCTTCGCTCAAGACATGTG_004,25
GTCTTCGCTCAAGACATGTG_005,158
GTCTTCGCTCAAGACATGTG_006,176
GTCTTCGCTCAAGACATGTG_007,69
GTCTTCGCTCAAGACATGTG_008,23
GTCTTCGCTCAAGACATGTG_009,38
GTCTTCGCTCAAGACATGTG_010,76
GTGCCCCGAAGCACCCCACG_001,47
GTGCCCCGAAGCACCCCACG_002,166
GTGCCCCGAAGCACCCCACG_003,151
GTGCCCCGAAGCACCCCACG_004,89
GTGCCCCGAAGCACCCCACG_005,18
GTGCCCCGAAGCACCCCACG_006,13
GTGCCCCGAAGCACCCCACG_007,29
GTGCCCCGAAGCACCCCACG_008,194
GTGCCCCGAAGCACCCCACG_009,177
GTGCCCCGAAGCACCCCACG_010,63
GTGCCCCGAAGCACCCCACG_011,105
CCGAGTAGTCCGATCCCACG_001,95
CCGAGTAGTCCGATCCCACG_002,95
CCGAGTAGTCCGATCCCACG_003,134
CCGAGTAGTCCGATCCCACG_004,150
CCGAGTAGTCCGATCCCACG_005,186
CCGAGTAGTCCGATCCCACG_006,159
GGGAAACTACACTGTTCGGG_001,10
GGGAAACTACACTGTTCGGG_002,199
TCATCAGGATGATTCCACAC_001,84
CGAAGCACTTCCCGTCAAGG_001,116
CGAAGCACTTCCCGTCAAGG_002,3
GTTGTTGTGACAGCCAACAG_001,17
GTTGTTGTGACAGCCAACAG_002,62
GTTGTTGTGACAGCCAACAG_003,118
GTTGTTGTGACAGCCAACAG_004,118
GTTGTTGTGACAGCCAACAG_005,162
GGACTGGGCTTCACTCGGCG_001,159
GGACTGGGCTTCACTCGGCG_002,175
GGACTGGGCTTCACTCGGCG_003,55
GGACTGGGCTTCACTCGGCG_004,100
GGACTGGGCTTCACTCGGCG_005,198
GGACTGGGCTTCACTCGGCG_006,36
GCTGTGGAAAGGTGCTAGTG_001,113
GCTGTGGAAAGGTGCTAGTG_002,29
GCTGTGGAAAGGTGCTAGTG_003,194
GCTGTGGAAAGGTGCTAGTG_004,74
GCTGTGGAAAGGTGCTAGTG_005,58
GCTGTGGAAAGGTGCTAGTG_006,50
GCTGTGGAAAGGTGCTAGTG_007,179
GCTGTGGAAAGGTGCTAGTG_008,156
GCTGTGGAAAGGTGCTAGTG_009,159
GCTGTGGAAAGGTGCTAGTG_010,169
GCTGTGGAAAGGTGCTAGTG_011,50
GCTGTGGAAAGGTGCTAGTG_012,48
GCTGTGGAAAGGTGCTAGTG_013,188
GCTGTGGAAAGGTGCTAGTG_014,29
GCTGTGGAAAGGTGCTAGTG_015,0
GCTGTGGAAAGGTGCTAGTG_016,77
GCTGTGGAAAGGTGCTAGTG_017,68
CTGGCCCGGGAAGCGCAAGG_001,8
CTGGCCCGGGAAGCGCAAGG_002,60
CTGGCCCGGGAAGCGCAAGG_003,24
CTGGCCCGGGAAGCGCAAGG_004,147
CTGGCCCGGGAAGCGCAAGG_005,115
CTGGCCCGGGAAGCGCAAGG_006,146
CTGGCCCGGGAAGCGCAAGG_007,130
CTGGCCCGGGAAGCGCAAGG_008,161
CTGGCCCGGGAAGCGCAAGG_009,47
CTGGCCCGGGAAGCGCAAGG_010,49
CTGGCCCGGGAAGCGCAAGG_011,110
CTGGCCCGGGAAGCGCAAGG_012,71
CTGGCCCGGGAAGCGCAAGG_013,148
CTGGCCCGGGAAGCGCAAGG_014,16
CTGGCCCGGGAAGCGCAAGG_015,33
CTGGCCCGGGAAGCGCAAGG_016,171
CTGGCCCGGGAAGCGCAAGG_017,41
CTGGCCCGGGAAGCGCAAGG_018,149
CTGGCCCGGGAAGCGCAAGG_019,61
CTGGCCCGGGAAGCGCAAGG_020,15
CTGGCCCGGGAAGCGCAAGG_021,40
CTGGCCCGGGAAGCGCAAGG_022,198
CTGGCCCGGGAAGCGCAAGG_023,39
CTGGCCCGGGAAGCGCAAGG_024,137
CTGGCCCGGGAAGCGCAAGG_025,188
CTGGCCCGGGAAGCGCAAGG_026,109
CTGGCCCGGGAAGCGCAAGG_027,109
CTGGCCCGGGAAGCGCAAGG_028,137
CTGGCCCGGGAAGCGCAAGG_029,58
CTGGCCCGGGAAGCGCAAGG_030,78
CTGGCCCGGGAAGCGCAAGG_031,131
CTGGCCCGGGAAGCGCAAGG_032,130
CTGGCCCGGGAAGCGCAAGG_033,94
CTGGCCCGGGAAGCGCAAGG_034,94
CTGGCCCGGGAAGCGCAAGG_035,103
GGGACCTCAGCATCCCCTGG_001,130
GGGACCTCAGCATCCCCTGG_002,63
GGGACCTCAGCATCCCCTGG_003,172
GGGACCTCAGCATCCCCTGG_004,150
GGGACCTCAGCATCCCCTGG_005,188
GGGACCTCAGCATCCCCTGG_006,135
GGGACCTCAGCATCCCCTGG_007,6
GGGACCTCAGCATCCCCTGG_008,106
GGGACCTCAGCATCCCCTGG_009,6
GGGACCTCAGCATCCCCTGG_010,17
GGGACCTCAGCATCCCCTGG_011,50
ATAGATGGGAAGGAAAGTCG_001,102
ATAGATGGGAAGGAAAGTCG_002,198
ATAGATGGGAAGGAAAGTCG_003,68
ATAGATGGGAAGGAAAGTCG_004,103
ATAGATGGGAAGGAAAGTCG_005,169
ATAGATGGGAAGGAAAGTCG_006,50
ATAGATGGGAAGGAAAGTCG_007,23
ATAGATGGGAAGGAAAGTCG_008,61
ATAGATGGGAAGGAAAGTCG_009,121
ATAGATGGGAAGGAAAGTCG_010,42
ATAGATGGGAAGGAAAGTCG_011,185
ATAGATGGGAAGGAAAGTCG_012,154
ATAGATGGGAAGGAAAGTCG_013,170
ATAGATGGGAAGGAAAGTCG_014,166
GCAATGGCTTCTCTAAGGAG_001,163
GCAATGGCTTCTCTAAGGAG_002,4
GCAATGGCTTCTCTAAGGAG_003,54
GCAATGGCTTCTCTAAGGAG_004,149
GCAATGGCTTCTCTAAGGAG_005,175
GCAATGGCTTCTCTAAGGAG_006,123
GCAATGGCTTCTCTAAGGAG_007,127
ACCAAGGACTTTCAAAGCAA_001,27
ACCAAGGACTTTCAAAGCAA_002,147
ACCAAGGACTTTCAAAGCAA_003,83
ACCAAGGACTTTCAAAGCAA_004,147
ACCAAGGACTTTCAAAGCAA_005,190
ACCAAGGACTTTCAAAGCAA_006,176
ACCAAGGACTTTCAAAGCAA_007,16
ACCAAGGACTTTCAAAGCAA_008,150
ACCAAGGACTTTCAAAGCAA_009,35
ACCAAGGACTTTCAAAGCAA_010,116
GCCAGGGTATGGGCATCTCG_001,171
GCCAGGGTATGGGCATCTCG_002,167
GCCAGGGTATGGGCATCTCG_003,149
GCCAGGGTATGGGCATCTCG_004,172
GCCAGGGTATGGGCATCTCG_005,33
GCCAGGGTATGGGCATCTCG_006,65
GCCAGGGTATGGGCATCTCG_007,41
GCCAGGGTATGGGCATCTCG_008,43
GCCAGGGTATGGGCATCTCG_009,168
GCCAGGGTATGGGCATCTCG_010,1
GCCAGGGTATGGGCATCTCG_011,12
TGAATGTGTCTGGATCCATC_001,146
TGAATGTGTCTGGATCCATC_002,51
TGAATGTGTCTGGATCCATC_003,142
GGGCATCCCAAAGGTTATCG_001,58
GGGCATCCCAAAGGTTATCG_002,172
GGGCATCCCAAAGGTTATCG_003,145
GGGCATCCCAAAGGTTATCG_004,15
GGGCATCCCAAAGGTTATCG_005,141
GGGCATCCCAAAGGTTATCG_006,65
GGGCATCCCAAAGGTTATCG_007,98
GGGCATCCCAAAGGTTATCG_008,199
GGGCATCCCAAAGGTTATCG_009,127
GGGCATCCCAAAGGTTATCG_010,140
GGGCATCCCAAAGGTTATCG_011,77
GGGCATCCCAAAGGTTATCG_012,126
GGGCATCCCAAAGGTTATCG_013,94
GGGCATCCCAAAGGTTATCG_014,28
GGGCATCCCAAAGGTTATCG_015,105
GGGCATCCCAAAGGTTATCG_016,145
GGGCATCCCAAAGGTTATCG_017,191
GTGTCCCTTTCACCGTATGA_001,141
GTGTCCCTTTCACCGTATGA_002,181
GTGTCCCTTTCACCGTATGA_003,56
GTGTCCCTTTCACCGTATGA_004,138
GTGTCCCTTTCACCGTATGA_005,66
GTGTCCCTTTCACCGTATGA_006,149
GTGTCCCTTTCACCGTATGA_007,9
TGATGGAATTCACTTGCACG_001,81
TGATGGAATTCACTTGCACG_002,19
TGATGGAATTCACTTGCACG_003,0
TGATGGAATTCACTTGCACG_004,14
TGATGGAATTCACTTGCACG_005,32
TGATGGAATTCACTTGCACG_006,144
TGATGGAATTCACTTGCACG_007,92
TGATGGAATTCACTTGCACG_008,172
AGGTTCCTGTTACTTACCCG_001,63
AGGTTCCTGTTACTTACCCG_002,62
AGGTTCCTGTTACTTACCCG_003,149
AGGTTCCTGTTACTTACCCG_004,149
AGGTTCCTGTTACTTACCCG_005,3
AGGTTCCTGTTACTTACCCG_006,153
AGGTTCCTGTTACTTACCCG_007,160
GGCAGTAGATCTCATCGCTA_001,137
GGCAGTAGATCTCATCGCTA_002,141
GGCAGTAGATCTCATCGCTA_003,84
GGCAGTAGATCTCATCGCTA_004,139
GGCAGTAGATCTCATCGCTA_005,81
GGCAGTAGATCTCATCGCTA_006,1
GGCAGTAGATCTCATCGCTA_007,12
GGCAGTAGATCTCATCGCTA_008,104
GGCAGTAGATCTCATCGCTA_009,3
GGCAGTAGATCTCATCGCTA_010,130
GGCAGTAGATCTCATCGCTA_011,118
GGCAGTAGATCTCATCGCTA_012,39
TGAGTTGGAAGCGTGCATCA_001,125
TGAGTTGGAAGCGTGCATCA_002,169
TGAGTTGGAAGCGTGCATCA_003,143
TGAGTTGGAAGCGTGCATCA_004,150
TGAGTTGGAAGCGTGCATCA_005,73
TGAGTTGGAAGCGTGCATCA_006,172
TGAGTTGGAAGCGTGCATCA_007,36
TGAGTTGGAAGCGTGCATCA_008,135
TGAGTTGGAAGCGTGCATCA_009,13
GATGTATTCAAATGACTCAG_001,159
GATGTATTCAAATGACTCAG_002,22
GATGTATTCAAATGACTCAG_003,137
GATGTATTCAAATGACTCAG_004,174
CGTTACCTGCTCGCTTGCGG_001,84
CGTTACCTGCTCGCTTGCGG_002,5
CGTTACCTGCTCGCTTGCGG_003,119
CGTTACCTGCTCGCTTGCGG_004,5
CGTTACCTGCTCGCTTGCGG_005,112
CGTTACCTGCTCGCTTGCGG_006,40
CGTTACCTGCTCGCTTGCGG_007,66
CGTTACCTGCTCGCTTGCGG_008,124
CCACCCTAGTCACATAAGGT_001,146
CCACCCTAGTCACATAAGGT_002,146
CCACCCTAGTCACATAAGGT_003,28
CCACCCTAGTCACATAAGGT_004,29
CCACCCTAGTCACATAAGGT_005,17
CCACCCTAGTCACATAAGGT_006,160
CCACCCTAGTCACATAAGGT_007,147
CCACCCTAGTCACATAAGGT_008,123
CCACCCTAGTCACATAAGGT_009,100
CCACCCTAGTCACATAAGGT_010,91
CCACCCTAGTCACATAAGGT_011,149
CCACCCTAGTCACATAAGGT_012,188
CCACCCTAGTCACATAAGGT_013,91
CCACCCTAGTCACATAAGGT_014,47
CCACCCTAGTCACATAAGGT_015,125
TTCAACCTGATTAACAGTGT_001,27
TTCAACCTGATTAACAGTGT_002,191
TTCAACCTGATTAACAGTGT_003,34
TTCAACCTGATTAACAGTGT_004,74
TTCAACCTGATTAACAGTGT_005,72
TTCAACCTGATTAACAGTGT_006,37
TTCAACCTGATTAACAGTGT_007,94
TTCAACCTGATTAACAGTGT_008,70
TTCAACCTGATTAACAGTGT_009,62
CAAACCTCACGAACCATCAG_001,165
CAAACCTCACGAACCATCAG_002,93
CAAACCTCACGAACCATCAG_003,69
CAAACCTCACGAACCATCAG_004,102
CAAACCTCACGAACCATCAG_005,124
CAAACCTCACGAACCATCAG_006,15
CAAACCTCACGAACCATCAG_007,160
CAAACCTCACGAACCATCAG_008,115
CAAACCTCACGAACCATCAG_009,153
CAAACCTCACGAACCATCAG_010,9
CTATAGTCGAATAGCAGACC_001,69
CTATAGTCGAATAGCAGACC_002,49
CTATAGTCGAATAGCAGACC_003,180
CTATAGTCGAATAGCAGACC_004,46
CTATAGTCGAATAGCAGACC_005,65
TTGTAAAGATCAAACCCGTG_001,116
CCACTACCCTGGGATGTGCG_001,130
CCACTACCCTGGGATGTGCG_002,3
CCACTACCCTGGGATGTGCG_003,15
CCACTACCCTGGGATGTGCG_004,36
CCACTACCCTGGGATGTGCG_005,141
CCACTACCCTGGGATGTGCG_006,127
CCACTACCCTGGGATGTGCG_007,2
CCACTACCCTGGGATGTGCG_008,113
CCACTACCCTGGGATGTGCG_009,76
CCACTACCCTGGGATGTGCG_010,95
CCACTACCCTGGGATGTGCG_011,175
CCACTACCCTGGGATGTGCG_012,168
CCACTACCCTGGGATGTGCG_013,77
CCACTACCCTGGGATGTGCG_014,192
CTCCACTACTCCAATATACG_001,147
CTCCACTACTCCAATATACG_002,16
CTCCACTACTCCAATATACG_003,1
ACCGTCAGCACAGCCAACGT_001,50
ACCGTCAGCACAGCCAACGT_002,101
ACCGTCAGCACAGCCAACGT_003,38
ACCGTCAGCACAGCCAACGT_004,183
ACCGTCAGCACAGCCAACGT_005,68
ACCGTCAGCACAGCCAACGT_006,144
ACCGTCAGCACAGCCAACGT_007,176
ACCGTCAGCACAGCCAACGT_008,176
ACCGTCAGCACAGCCAACGT_009,16
ACCGTCAGCACAGCCAACGT_010,76
ACCGTCAGCACAGCCAACGT_011,151
ACCGTCAGCACAGCCAACGT_012,47
ACCGTCAGCACAGCCAACGT_013,55
ACCGTCAGCACAGCCAACGT_014,6
ACCGTCAGCACAGCCAACGT_015,168
ACCGTCAGCACAGCCAACGT_016,140
ACGCGACGAGATCCGCGCCA_001,40
ACGCGACGAGATCCGCGCCA_002,124
ACGCGACGAGATCCGCGCCA_003,64
ACGCGACGAGATCCGCGCCA_004,7
ACGCGACGAGATCCGCGCCA_005,28
ACGCGACGAGATCCGCGCCA_006,156
ACGCGACGAGATCCGCGCCA_007,108
ACGCGACGAGATCCGCGCCA_008,184
ACGCGACGAGATCCGCGCCA_009,1
ACGCGACGAGATCCGCGCCA_010,72
AAGCAGAGTGCACAGAAGAA_001,169
AAGCAGAGTGCACAGAAGAA_002,149
AAGCAGAGTGCACAGAAGAA_003,137
AAGCAGAGTGCACAGAAGAA_004,110
AAGCAGAGTGCACAGAAGAA_005,80
AAGCAGAGTGCACAGAAGAA_006,97
AAGCAGAGTGCACAGAAGAA_007,57
AAGCAGAGTGCACAGAAGAA_008,45
AAGCAGAGTGCACAGAAGAA_009,38
AAGCAGAGTGCACAGAAGAA_010,189
AAGCAGAGTGCACAGAAGAA_011,140
AAGCAGAGTGCACAGAAGAA_012,6
AAGCAGAGTGCACAGAAGAA_013,162
AAGCAGAGTGCACAGAAGAA_014,126
AAGCAGAGTGCACAGAAGAA_015,50
AAGCAGAGTGCACAGAAGAA_016,49
AAGCAGAGTGCACAGAAGAA_017,148
AAGCAGAGTGCACAGAAGAA_018,81
AAGCAGAGTGCACAGAAGAA_019,43
AAGCAGAGTGCACAGAAGAA_020,61
CCTCCGGATGTAATCCACAG_001,78
CCTCCGGATGTAATCCACAG_002,44
CCTCCGGATGTAATCCACAG_003,115
ATATTTCGGCAGTTGCAGCA_001,9
ATATTTCGGCAGTTGCAGCA_002,61
ATATTTCGGCAGTTGCAGCA_003,123
ATATTTCGGCAGTTGCAGCA_004,82
ATATTTCGGCAGTTGCAGCA_005,162
ATATTTCGGCAGTTGCAGCA_006,177
ATATTTCGGCAGTTGCAGCA_007,144
ATATTTCGGCAGTTGCAGCA_008,81
ATATTTCGGCAGTTGCAGCA_009,150
ATATTTCGGCAGTTGCAGCA_010,50
ATATTTCGGCAGTTGCAGCA_011,107
ATATTTCGGCAGTTGCAGCA_012,45
ATATTTCGGCAGTTGCAGCA_013,110
ATATTTCGGCAGTTGCAGCA_014,38
ATATTTCGGCAGTTGCAGCA_015,4
ATATTTCGGCAGTTGCAGCA_016,150
ATATTTCGGCAGTTGCAGCA_017,107
ATATTTCGGCAGTTGCAGCA_018,49
ATATTTCGGCAGTTGCAGCA_019,106
ATATTTCGGCAGTTGCAGCA_020,77
ATATTTCGGCAGTTGCAGCA_021,19
ATATTTCGGCAGTTGCAGCA_022,58
ATATTTCGGCAGTTGCAGCA_023,79
ATATTTCGGCAGTTGCAGCA_024,77
ATATTTCGGCAGTTGCAGCA_025,61
GCCTCCACAAGCGCCCCGTG_001,121
GCCTCCACAAGCGCCCCGTG_002,44
GCCTCCACAAGCGCCCCGTG_003,78
GCCTCCACAAGCGCCCCGTG_004,83
GCCTCCACAAGCGCCCCGTG_005,191
GCCTCCACAAGCGCCCCGTG_006,1
GCCTCCACAAGCGCCCCGTG_007,120
GCCTCCACAAGCGCCCCGTG_008,71
GCCTCCACAAGCGCCCCGTG_009,52
GCCTCCACAAGCGCCCCGTG_010,58
GCCTCCACAAGCGCCCCGTG_011,145
GCCTCCACAAGCGCCCCGTG_012,41
GCCTCCACAAGCGCCCCGTG_013,93
GCCTCCACAAGCGCCCCGTG_014,16
GCCTCCACAAGCGCCCCGTG_015,170
GCCTCCACAAGCGCCCCGTG_016,182
GCCTCCACAAGCGCCCCGTG_017,78
GCCTCCACAAGCGCCCCGTG_018,197
GCCTCCACAAGCGCCCCGTG_019,168
GCCTCCACAAGCGCCCCGTG_020,28
GCCTCCACAAGCGCCCCGTG_021,48
GCTTGCCAAGAATCACCATG_001,82
GCTTGCCAAGAATCACCATG_002,175
GCTTGCCAAGAATCACCATG_003,64
GCTTGCCAAGAATCACCATG_004,94
GCTTGCCAAGAATCACCATG_005,70
GCTTGCCAAGAATCACCATG_006,170
GCTTGCCAAGAATCACCATG_007,130
GCTTGCCAAGAATCACCATG_008,61
GCTTGCCAAGAATCACCATG_009,83
GCTTGCCAAGAATCACCATG_010,143
GCTTGCCAAGAATCACCATG_011,143
GCTTGCCAAGAATCACCATG_012,15
GCTTGCCAAGAATCACCATG_013,148
GCTTGCCAAGAATCACCATG_014,113
GCTTGCCAAGAATCACCATG_015,134
GCTTGCCAAGAATCACCATG_016,172
GCTTGCCAAGAATCACCATG_017,48
GCTTGCCAAGAATCACCATG_018,9
GCTTGCCAAGAATCACCATG_019,138
GCTTGCCAAGAATCACCATG_020,144
GCTTGCCAAGAATCACCATG_021,29
GCTTGCCAAGAATCACCATG_022,168
GCTTGCCAAGAATCACCATG_023,166
GCTTGCCAAGAATCACCATG_024,118
TAATGAGGTCACGGCCAGAG_001,88
TAATGAGGTCACGGCCAGAG_002,193
TAATGAGGTCACGGCCAGAG_003,158
TAATGAGGTCACGGCCAGAG_004,18
TAATGAGGTCACGGCCAGAG_005,91
TAATGAGGTCACGGCCAGAG_006,55
CTGTTACTGGGACCACAAGG_001,171
CTGTTACTGGGACCACAAGG_002,105
CTGTTACTGGGACCACAAGG_003,77
CTGTTACTGGGACCACAAGG_004,84
CTGTTACTGGGACCACAAGG_005,170
CTGTTACTGGGACCACAAGG_006,129
CTGTTACTGGGACCACAAGG_007,183
CTGTTACTGGGACCACAAGG_008,169
CTGTTACTGGGACCACAAGG_009,50
CTGTTACTGGGACCACAAGG_010,177
CTGTTACTGGGACCACAAGG_011,191
CTGTTACTGGGACCACAAGG_012,65
CTGTTACTGGGACCACAAGG_013,155
CTGTTACTGGGACCACAAGG_014,84
GCCAGGTTGATAAGCGTCTG_001,61
GCCAGGTTGATAAGCGTCTG_002,60
GCCAGGTTGATAAGCGTCTG_003,1
GCCAGGTTGATAAGCGTCTG_004,157
GGTCCGAGTGCGACACGCGG_001,68
GGTCCGAGTGCGACACGCGG_002,94
GGTCCGAGTGCGACACGCGG_003,107
GGTCCGAGTGCGACACGCGG_004,17
GGTCCGAGTGCGACACGCGG_005,20
GGTCCGAGTGCGACACGCGG_006,52
GGTCCGAGTGCGACACGCGG_007,12
GGTCCGAGTGCGACACGCGG_008,146
GGTCCGAGTGCGACACGCGG_009,19
GTTCGCATCCAAGCTAGCGA_001,1
GTTCGCATCCAAGCTAGCGA_002,84
GTTCGCATCCAAGCTAGCGA_003,150
GTTCGCATCCAAGCTAGCGA_004,16
GTTCGCATCCAAGCTAGCGA_005,88
GTTCGCATCCAAGCTAGCGA_006,41
GTTCGCATCCAAGCTAGCGA_007,60
GTTCGCATCCAAGCTAGCGA_008,77
GTTCGCATCCAAGCTAGCGA_009,159
GTTCGCATCCAAGCTAGCGA_010,59
GTTCGCATCCAAGCTAGCGA_011,57
GTTCGCATCCAAGCTAGCGA_012,81
GTTCGCATCCAAGCTAGCGA_013,81
GTTCGCATCCAAGCTAGCGA_014,197
GTTCGCATCCAAGCTAGCGA_015,153
GTTCGCATCCAAGCTAGCGA_016,77
GTTCGCATCCAAGCTAGCGA_017,180
GTTCGCATCCAAGCTAGCGA_018,137
GTTCGCATCCAAGCTAGCGA_019,165
GTTCGCATCCAAGCTAGCGA_020,102
GTTCGCATCCAAGCTAGCGA_021,170
GTTCGCATCCAAGCTAGCGA_022,142
GTTCGCATCCAAGCTAGCGA_023,88
CATCCTGGGACAGCACCATG_001,129
CATCCTGGGACAGCACCATG_002,26
CATCCTGGGACAGCACCATG_003,157
CATCCTGGGACAGCACCATG_004,106
CATCCTGGGACAGCACCATG_005,145
CATCCTGGGACAGCACCATG_006,174
CATCCTGGGACAGCACCATG_007,70
GCCGCAGCCCTCATCTCACG_001,121
GCCGCAGCCCTCATCTCACG_002,17
GCCGCAGCCCTCATCTCACG_003,137
GCCGCAGCCCTCATCTCACG_004,115
GCCGCAGCCCTCATCTCACG_005,115
GCCGCAGCCCTCATCTCACG_006,9
GCCGCAGCCCTCATCTCACG_007,26
GCCGCAGCCCTCATCTCACG_008,42
AAGGGTGGCAAGCATCACCT_001,98
AAGGGTGGCAAGCATCACCT_002,84
AAGGGTGGCAAGCATCACCT_003,140
AAGGGTGGCAAGCATCACCT_004,3
AAGGGTGGCAAGCATCACCT_005,55
AAGGGTGGCAAGCATCACCT_006,122
AAGGGTGGCAAGCATCACCT_007,111
AAGGGTGGCAAGCATCACCT_008,15
AAGGGTGGCAAGCATCACCT_009,94
AAGGGTGGCAAGCATCACCT_010,17
AAGGGTGGCAAGCATCACCT_011,156
AAGGGTGGCAAGCATCACCT_012,171
AAGGGTGGCAAGCATCACCT_013,85
AAGGGTGGCAAGCATCACCT_014,160
AAGGGTGGCAAGCATCACCT_015,23
AAGGGTGGCAAGCATCACCT_016,110
AAGGGTGGCAAGCATCACCT_017,109
GCCCGAAGCTAACTTGTGAG_001,9
GCCCGAAGCTAACTTGTGAG_002,150
GCCCGAAGCTAACTTGTGAG_003,68
GCCCGAAGCTAACTTGTGAG_004,39
GCCCGAAGCTAACTTGTGAG_005,127
GCCCGAAGCTAACTTGTGAG_006,2
GCCCGAAGCTAACTTGTGAG_007,94
GCCCGAAGCTAACTTGTGAG_008,112
GCCCGAAGCTAACTTGTGAG_009,117
GCCCGAAGCTAACTTGTGAG_010,184
GCCCGAAGCTAACTTGTGAG_011,28
GCCCGAAGCTAACTTGTGAG_012,11
GCCCGAAGCTAACTTGTGAG_013,14
GCCCGAAGCTAACTTGTGAG_014,94
GCCCGAAGCTAACTTGTGAG_015,40
GCCCGAAGCTAACTTGTGAG_016,150
GCCCGAAGCTAACTTGTGAG_017,9
GCCCGAAGCTAACTTGTGAG_018,88
GCCCGAAGCTAACTTGTGAG_019,95
GCCCGAAGCTAACTTGTGAG_020,158
GCCCGAAGCTAACTTGTGAG_021,141
GCCCGAAGCTAACTTGTGAG_022,24
GCCCGAAGCTAACTTGTGAG_023,139
GCCCGAAGCTAACTTGTGAG_024,49
GCCCGAAGCTAACTTGTGAG_025,147
GCCCGAAGCTAACTTGTGAG_026,102
GCCCGAAGCTAACTTGTGAG_027,185
GCCCGAAGCTAACTTGTGAG_028,137
GCCCGAAGCTAACTTGTGAG_029,34
GCCCGAAGCTAACTTGTGAG_030,149
GCCCGAAGCTAACTTGTGAG_031,66
GCCCGAAGCTAACTTGTGAG_032,55
GCCCGAAGCTAACTTGTGAG_033,126
GCCCGAAGCTAACTTGTGAG_034,63
GCCCGAAGCTAACTTGTGAG_035,124
CCACTTGGCATGGATCAGCG_001,169
CCACTTGGCATGGATCAGCG_002,82
CCACTTGGCATGGATCAGCG_003,33
CCACTTGGCATGGATCAGCG_004,38
CCACTTGGCATGGATCAGCG_005,189
CCACTTGGCATGGATCAGCG_006,116
CCACTTGGCATGGATCAGCG_007,150
CCACTTGGCATGGATCAGCG_008,180
CCACTTGGCATGGATCAGCG_009,175
CCACTTGGCATGGATCAGCG_010,13
TAATGATAAGACTTGCATCG_001,127
TAATGATAAGACTTGCATCG_002,48
GGGCCACAGCCATGGAGATA_001,118
GGGCCACAGCCATGGAGATA_002,12
GGGCCACAGCCATGGAGATA_003,127
GGGCCACAGCCATGGAGATA_004,76
GGGCCACAGCCATGGAGATA_005,198
GGGCCACAGCCATGGAGATA_006,170
GGGCCACAGCCATGGAGATA_007,145
GGGCCACAGCCATGGAGATA_008,10
GGGCCACAGCCATGGAGATA_009,78
GGGCCACAGCCATGGAGATA_010,33
GCTGGGGTAGGAAGAGCCAC_001,32
GCTGGGGTAGGAAGAGCCAC_002,189
GCTGGGGTAGGAAGAGCCAC_003,181
GCTGGGGTAGGAAGAGCCAC_004,84
GCTGGGGTAGGAAGAGCCAC_005,54
CCCATTCAAATGGAGCACGA_001,45
CCCATTCAAATGGAGCACGA_002,41
CCCATTCAAATGGAGCACGA_003,146
CCCATTCAAATGGAGCACGA_004,109
CCCATTCAAATGGAGCACGA_005,133
CCCATTCAAATGGAGCACGA_006,158
CCCATTCAAATGGAGCACGA_007,146
CCCATTCAAATGGAGCACGA_008,176
CCCATTCAAATGGAGCACGA_009,88
CCCATTCAAATGGAGCACGA_010,62
CCCATTCAAATGGAGCACGA_011,120
CCCATTCAAATGGAGCACGA_012,174
CCCATTCAAATGGAGCACGA_013,108
CCCATTCAAATGGAGCACGA_014,75
CCCATTCAAATGGAGCACGA_015,106
CCCATTCAAATGGAGCACGA_016,0
CCCATTCAAATGGAGCACGA_017,177
CCCATTCAAATGGAGCACGA_018,98
CCCATTCAAATGGAGCACGA_019,40
CCCATTCAAATGGAGCACGA_020,34
CCCATTCAAATGGAGCACGA_021,128
CCCATTCAAATGGAGCACGA_022,121
CTACGCTCCCTACTACGCGG_001,69
CTACGCTCCCTACTACGCGG_002,156
CTACGCTCCCTACTACGCGG_003,2
CTACGCTCCCTACTACGCGG_004,70
CTACGCTCCCTACTACGCGG_005,65
CTACGCTCCCTACTACGCGG_006,145
AACGACTTACCACACCATGG_001,42
AACGACTTACCACACCATGG_002,47
AACGACTTACCACACCATGG_003,184
AACGACTTACCACACCATGG_004,76
AACGACTTACCACACCATGG_005,48
AACGACTTACCACACCATGG_006,163
AACGACTTACCACACCATGG_007,117
AACGACTTACCACACCATGG_008,67
AACGACTTACCACACCATGG_009,63
AACGACTTACCACACCATGG_010,2
AACGACTTACCACACCATGG_011,118
CTCCTTCCCAGGTAGAACAG_001,191
CTCCTTCCCAGGTAGAACAG_002,124
CTCCTTCCCAGGTAGAACAG_003,140
CTCCTTCCCAGGTAGAACAG_004,110
CTCCTTCCCAGGTAGAACAG_005,91
CTCCTTCCCAGGTAGAACAG_006,131
CTCCTTCCCAGGTAGAACAG_007,112
CTCCTTCCCAGGTAGAACAG_008,65
CTCCTTCCCAGGTAGAACAG_009,194
CTCCTTCCCAGGTAGAACAG_010,16
CTCCTTCCCAGGTAGAACAG_011,41
CTCCTTCCCAGGTAGAACAG_012,76
CTCCTTCCCAGGTAGAACAG_013,103
GCTTTGGCCCCCGACCCGTG_001,112
GCTTTGGCCCCCGACCCGTG_002,11
GCTTTGGCCCCCGACCCGTG_003,109
GCTTTGGCCCCCGACCCGTG_004,49
GCTTTGGCCCCCGACCCGTG_005,197
GCTTTGGCCCCCGACCCGTG_006,30
GCTTTGGCCCCCGACCCGTG_007,133
GCTTTGGCCCCCGACCCGTG_008,120
GCTTTGGCCCCCGACCCGTG_009,2
GCTTTGGCCCCCGACCCGTG_010,127
GCTTTGGCCCCCGACCCGTG_011,159
GCTTTGGCCCCCGACCCGTG_012,32
GCTTTGGCCCCCGACCCGTG_013,120
GCTTTGGCCCCCGACCCGTG_014,177
GCTTTGGCCCCCGACCCGTG_015,48
GCTTTGGCCCCCGACCCGTG_016,48
GCTTTGGCCCCCGACCCGTG_017,78
GGATCTCCAGCGAGTAGGAG_001,3
GGATCTCCAGCGAGTAGGAG_002,160
GGATCTCCAGCGAGTAGGAG_003,72
GGATCTCCAGCGAGTAGGAG_004,1
GGATCTCCAGCGAGTAGGAG_005,151
GGATCTCCAGCGAGTAGGAG_006,118
GGATCTCCAGCGAGTAGGAG_007,13
GGATCTCCAGCGAGTAGGAG_008,113
GGATCTCCAGCGAGTAGGAG_009,144
GGATCTCCAGCGAGTAGGAG_010,45
GGATCTCCAGCGAGTAGGAG_011,87
GGATCTCCAGCGAGTAGGAG_012,102
GGATCTCCAGCGAGTAGGAG_013,34
GGATCTCCAGCGAGTAGGAG_014,56
GGATCTCCAGCGAGTAGGAG_015,197
GGATCTCCAGCGAGTAGGAG_016,54
GGATCTCCAGCGAGTAGGAG_017,16
GGATCTCCAGCGAGTAGGAG_018,12
GGATCTCCAGCGAGTAGGAG_019,194
GGATCTCCAGCGAGTAGGAG_020,22
GGATCTCCAGCGAGTAGGAG_021,116
GGATCTCCAGCGAGTAGGAG_022,158
GGATCTCCAGCGAGTAGGAG_023,98
TTTGGGAGGTATCAGCCTGT_001,50
TTTGGGAGGTATCAGCCTGT_002,15
CATGCAAGAAAACAGCATGC_001,195
CATGCAAGAAAACAGCATGC_002,22
CATGCAAGAAAACAGCATGC_003,101
CATGCAAGAAAACAGCATGC_004,176
CTTGTCGGGATGATACCGCA_001,19
CTTGTCGGGATGATACCGCA_002,50
CTTGTCGGGATGATACCGCA_003,0
CTTGTCGGGATGATACCGCA_004,93
CTTGTCGGGATGATACCGCA_005,192
CTTGTCGGGATGATACCGCA_006,187
CTTGTCGGGATGATACCGCA_007,169
CTTGTCGGGATGATACCGCA_008,171
CTTGTCGGGATGATACCGCA_009,21
CTTGTCGGGATGATACCGCA_010,193
TCCTTGGATCCTGATACAGC_001,145
TCCTTGGATCCTGATACAGC_002,77
GTGATAAGCTCAGATACTGG_001,191
GTGATAAGCTCAGATACTGG_002,118
GTGATAAGCTCAGATACTGG_003,50
GTGATAAGCTCAGATACTGG_004,69
GTGATAAGCTCAGATACTGG_005,35
GTGATAAGCTCAGATACTGG_006,150
GTGATAAGCTCAGATACTGG_007,104
CAGGAGGCTCCTCGCCACGA_001,111
CAGGAGGCTCCTCGCCACGA_002,27
CAGGAGGCTCCTCGCCACGA_003,48
CAGGAGGCTCCTCGCCACGA_004,163
CAGGAGGCTCCTCGCCACGA_005,139
CAGGAGGCTCCTCGCCACGA_006,31
CAGGAGGCTCCTCGCCACGA_007,168
CAGGAGGCTCCTCGCCACGA_008,91
GCATCTTCATAGCACCCGAG_001,108
GCATCTTCATAGCACCCGAG_002,166
GCATCTTCATAGCACCCGAG_003,23
GCATCTTCATAGCACCCGAG_004,149
GCATCTTCATAGCACCCGAG_005,127
GCATCTTCATAGCACCCGAG_006,158
GCATCTTCATAGCACCCGAG_007,65
GCATCTTCATAGCACCCGAG_008,161
GCATCTTCATAGCACCCGAG_009,162
GCATCTTCATAGCACCCGAG_010,24
GCATCTTCATAGCACCCGAG_011,39
GCATCTTCATAGCACCCGAG_012,138
GCATCTTCATAGCACCCGAG_013,177
GCATCTTCATAGCACCCGAG_014,78
ATAAAGTCCACAGCTAGCGT_001,148
ATAAAGTCCACAGCTAGCGT_002,188
ATAAAGTCCACAGCTAGCGT_003,68
ATAAAGTCCACAGCTAGCGT_004,89
ATAAAGTCCACAGCTAGCGT_005,117
ATAAAGTCCACAGCTAGCGT_006,26
ATAAAGTCCACAGCTAGCGT_007,71
ATAAAGTCCACAGCTAGCGT_008,135
ATAAAGTCCACAGCTAGCGT_009,66
ATAAAGTCCACAGCTAGCGT_010,196
ATAAAGTCCACAGCTAGCGT_011,35
ATAAAGTCCACAGCTAGCGT_012,149
ATAAAGTCCACAGCTAGCGT_013,185
ATAAAGTCCACAGCTAGCGT_014,152
ATAAAGTCCACAGCTAGCGT_015,19
ATAAAGTCCACAGCTAGCGT_016,158
TGAAACTTTATCAACCAAGG_001,60
TGAAACTTTATCAACCAAGG_002,199
AGGGGGGATGAGAATCCTGC_001,127
AGGGGGGATGAGAATCCTGC_002,16
ATGAGCATGAACTCAAGCAG_001,41
ATGAGCATGAACTCAAGCAG_002,88
ATGAGCATGAACTCAAGCAG_003,7
ATGAGCATGAACTCAAGCAG_004,178
ATGAGCATGAACTCAAGCAG_005,47
ATGAGCATGAACTCAAGCAG_006,102
ATGAGCATGAACTCAAGCAG_007,38
ATGAGCATGAACTCAAGCAG_008,23
ATGAGCATGAACTCAAGCAG_009,3
ATGAGCATGAACTCAAGCAG_010,48
ATGAGCATGAACTCAAGCAG_011,127
ATGAGCATGAACTCAAGCAG_012,28
CTGTTCAGATCGTTCCAATG_001,107
CTGTTCAGATCGTTCCAATG_002,148
CTGTTCAGATCGTTCCAATG_003,146
CTGTTCAGATCGTTCCAATG_004,146
CTGTTCAGATCGTTCCAATG_005,49
CTGTTCAGATCGTTCCAATG_006,67
CTGTTCAGATCGTTCCAATG_007,29
CTGTTCAGATCGTTCCAATG_008,157
GCAACCTACCTCCTATCATG_001,98
GCAACCTACCTCCTATCATG_002,16
GCAACCTACCTCCTATCATG_003,26
GCAACCTACCTCCTATCATG_004,173
GCAACCTACCTCCTATCATG_005,148
GCAACCTACCTCCTATCATG_006,70
GCAACCTACCTCCTATCATG_007,161
GCAACCTACCTCCTATCATG_008,47
GCAACCTACCTCCTATCATG_009,105
GCAACCTACCTCCTATCATG_010,123
CGGTCCCCTCAGGCCCATGG_001,97
CGGTCCCCTCAGGCCCATGG_002,1
CGGTCCCCTCAGGCCCATGG_003,46
CGGTCCCCTCAGGCCCATGG_004,160
CGGTCCCCTCAGGCCCATGG_005,5
CGGTCCCCTCAGGCCCATGG_006,70
AAGACTCGTAGGAATCGATG_001,147
AAGACTCGTAGGAATCGATG_002,77
AAGACTCGTAGGAATCGATG_003,20
AAGACTCGTAGGAATCGATG_004,43
AAGACTCGTAGGAATCGATG_005,160
AAGACTCGTAGGAATCGATG_006,33
CTTCCAGTATGGGTACAACG_001,27
CTTCCAGTATGGGTACAACG_002,45
CTTCCAGTATGGGTACAACG_003,133
CTTCCAGTATGGGTACAACG_004,96
CTTCCAGTATGGGTACAACG_005,125
GCTGGGGTACGAGCGACCGT_001,103
GCTGGGGTACGAGCGACCGT_002,26
GCTGGGGTACGAGCGACCGT_003,150
GCTGGGGTACGAGCGACCGT_004,1
GCTGGGGTACGAGCGACCGT_005,63
GCTGGGGTACGAGCGACCGT_006,198
GCTGGGGTACGAGCGACCGT_007,147
TGAGTCGCAGCCCCCCATGG_001,177
TGAGTCGCAGCCCCCCATGG_002,55
TGAGTCGCAGCCCCCCATGG_003,19
TGAGTCGCAGCCCCCCATGG_004,175
TGAGTCGCAGCCCCCCATGG_005,186
TGAGTCGCAGCCCCCCATGG_006,147
TGAGTCGCAGCCCCCCATGG_007,51
TGAGTCGCAGCCCCCCATGG_008,105
TGAGTCGCAGCCCCCCATGG_009,186
TGAGTCGCAGCCCCCCATGG_010,35
TGAGTCGCAGCCCCCCATGG_011,150
TGAGTCGCAGCCCCCCATGG_012,162
TGAGTCGCAGCCCCCCATGG_013,13
ACTTCTACAAGCAGTATCCA_001,6
ACTTCTACAAGCAGTATCCA_002,115
ACTTCTACAAGCAGTATCCA_003,171
ACTTCTACAAGCAGTATCCA_004,15
ACTTCTACAAGCAGTATCCA_005,40
ACTTCTACAAGCAGTATCCA_006,27
ACTTCTACAAGCAGTATCCA_007,77
ACTTCTACAAGCAGTATCCA_008,1
ACTTCTACAAGCAGTATCCA_009,49
ACTTCTACAAGCAGTATCCA_010,137
ACTTCTACAAGCAGTATCCA_011,49
ACTTCTACAAGCAGTATCCA_012,164
ACTTCTACAAGCAGTATCCA_013,66
TCTAGGTCTTCTTACACCCA_001,78
TCTAGGTCTTCTTACACCCA_002,126
TCTAGGTCTTCTTACACCCA_003,68
TCTAGGTCTTCTTACACCCA_004,144
TGGTGCCCGACAAATGGGCT_001,34
TGGTGCCCGACAAATGGGCT_002,69
TGGTGCCCGACAAATGGGCT_003,160
TGGTGCCCGACAAATGGGCT_004,49
TGGTGCCCGACAAATGGGCT_005,56
TGGTGCCCGACAAATGGGCT_006,177
TGGTGCCCGACAAATGGGCT_007,127
TGGTGCCCGACAAATGGGCT_008,1
TGGTGCCCGACAAATGGGCT_009,46
TGGTGCCCGACAAATGGGCT_010,113
TGGTGCCCGACAAATGGGCT_011,122
CGGGGAACCTGTATGGCACG_001,15
CGGGGAACCTGTATGGCACG_002,63
CGGGGAACCTGTATGGCACG_003,166
GACAACCAGACCCAGCGTGG_001,135
GACAACCAGACCCAGCGTGG_002,195
GACAACCAGACCCAGCGTGG_003,160
GACAACCAGACCCAGCGTGG_004,159
GACAACCAGACCCAGCGTGG_005,19
GACAACCAGACCCAGCGTGG_006,46
GACAACCAGACCCAGCGTGG_007,175
GACAACCAGACCCAGCGTGG_008,73
GACAACCAGACCCAGCGTGG_009,91
GACAACCAGACCCAGCGTGG_010,106
GAAGGTTGGTACATTAGTGG_001,130
GAAGGTTGGTACATTAGTGG_002,94
GAAGGTTGGTACATTAGTGG_003,149
GAAGGTTGGTACATTAGTGG_004,98
GAAGGTTGGTACATTAGTGG_005,105
GGGGTAAGGGTTGTTCAGAT_001,73
GGGGTAAGGGTTGTTCAGAT_002,116
GGGGTAAGGGTTGTTCAGAT_003,163
GGGGTAAGGGTTGTTCAGAT_004,28
GGGGTAAGGGTTGTTCAGAT_005,21
GGGGTAAGGGTTGTTCAGAT_006,106
CCTTTGCCACCTATTCCGAA_001,60
CCTTTGCCACCTATTCCGAA_002,174
CCTTTGCCACCTATTCCGAA_003,176
CCTTTGCCACCTATTCCGAA_004,191
TCTGTAGCCAGAGTGAACTG_001,23
TCTGTAGCCAGAGTGAACTG_002,118
TCTGTAGCCAGAGTGAACTG_003,131
GCCCAGGATGGATCTTCCAA_001,194
TATTTGGAGAGGTTGTGAAG_001,130
TATTTGGAGAGGTTGTGAAG_002,91
TATTTGGAGAGGTTGTGAAG_003,125
TATTTGGAGAGGTTGTGAAG_004,199
TATTTGGAGAGGTTGTGAAG_005,141
TATTTGGAGAGGTTGTGAAG_006,166
TATTTGGAGAGGTTGTGAAG_007,16
TATTTGGAGAGGTTGTGAAG_008,98
TATTTGGAGAGGTTGTGAAG_009,48
TATTTGGAGAGGTTGTGAAG_010,98
TATTTGGAGAGGTTGTGAAG_011,165
GGCAGTGTAGGTCTGCACAT_001,135
GGCAGTGTAGGTCTGCACAT_002,151
GGCAGTGTAGGTCTGCACAT_003,105
GGCAGTGTAGGTCTGCACAT_004,85
GGCAGTGTAGGTCTGCACAT_005,130
GGCAGTGTAGGTCTGCACAT_006,147
GGCAGTGTAGGTCTGCACAT_007,113
GGCAGTGTAGGTCTGCACAT_008,152
GGCAGTGTAGGTCTGCACAT_009,9
GGCAGTGTAGGTCTGCACAT_010,157
GGCAGTGTAGGTCTGCACAT_011,82
GGCAGTGTAGGTCTGCACAT_012,88
GGCAGTGTAGGTCTGCACAT_013,134
GGCAGTGTAGGTCTGCACAT_014,63
GGCAGTGTAGGTCTGCACAT_015,136
GGCAGTGTAGGTCTGCACAT_016,130
GGCAGTGTAGGTCTGCACAT_017,66
GGCAGTGTAGGTCTGCACAT_018,126
GGCAGTGTAGGTCTGCACAT_019,27
GGCAGTGTAGGTCTGCACAT_020,168
GGCAGTGTAGGTCTGCACAT_021,184
TGTGGAAAAATGGCCCAGCT_001,88
TGTGGAAAAATGGCCCAGCT_002,199
TGTGGAAAAATGGCCCAGCT_003,78
TGTGGAAAAATGGCCCAGCT_004,78
TGTGGAAAAATGGCCCAGCT_005,59
TGTGGAAAAATGGCCCAGCT_006,40
TGTGGAAAAATGGCCCAGCT_007,96
TGTGGAAAAATGGCCCAGCT_008,58
TGTGGAAAAATGGCCCAGCT_009,101
TGTGGAAAAATGGCCCAGCT_010,175
TGTGGAAAAATGGCCCAGCT_011,120
TGTGGAAAAATGGCCCAGCT_012,145
AATGCCTGGATTGTGCTCAG_001,107
AATGCCTGGATTGTGCTCAG_002,183
AATGCCTGGATTGTGCTCAG_003,107
AATGCCTGGATTGTGCTCAG_004,194
AATGCCTGGATTGTGCTCAG_005,84
AATGCCTGGATTGTGCTCAG_006,77
AATGCCTGGATTGTGCTCAG_007,105
AATGCCTGGATTGTGCTCAG_008,147
AATGCCTGGATTGTGCTCAG_009,16
AATGCCTGGATTGTGCTCAG_010,58
AATGCCTGGATTGTGCTCAG_011,101
AATGCCTGGATTGTGCTCAG_012,12
AATGCCTGGATTGTGCTCAG_013,70
CAACACCTTCAACTTCCCAA_001,124
CAACACCTTCAACTTCCCAA_002,176
CAACACCTTCAACTTCCCAA_003,165
CAACACCTTCAACTTCCCAA_004,17
CAACACCTTCAACTTCCCAA_005,172
CAACACCTTCAACTTCCCAA_006,144
CAACACCTTCAACTTCCCAA_007,187
CAACACCTTCAACTTCCCAA_008,67
CAACACCTTCAACTTCCCAA_009,150
CAACACCTTCAACTTCCCAA_010,13
CAACACCTTCAACTTCCCAA_011,191
CAACACCTTCAACTTCCCAA_012,21
AAGGTTGTAGACATAATCCA_001,137
AAGGTTGTAGACATAATCCA_002,154
AAGGTTGTAGACATAATCCA_003,109
AAGGTTGTAGACATAATCCA_004,143
AAGGTTGTAGACATAATCCA_005,37
AAGGTTGTAGACATAATCCA_006,12
AAGGTTGTAGACATAATCCA_007,29
AAGGTTGTAGACATAATCCA_008,17
AAGGTTGTAGACATAATCCA_009,15
AAGGTTGTAGACATAATCCA_010,155
AAGGTTGTAGACATAATCCA_011,145
AAGGTTGTAGACATAATCCA_012,177
AAGGTTGTAGACATAATCCA_013,40
ATTTCTTCAAGGCTGCATCT_001,9
ATTTCTTCAAGGCTGCATCT_002,85
ATTTCTTCAAGGCTGCATCT_003,136
ATTTCTTCAAGGCTGCATCT_004,186
ATTTCTTCAAGGCTGCATCT_005,122
ATTTCTTCAAGGCTGCATCT_006,198
ATTTCTTCAAGGCTGCATCT_007,6
ATTTCTTCAAGGCTGCATCT_008,81
ATTTCTTCAAGGCTGCATCT_009,174
ATTTCTTCAAGGCTGCATCT_010,9
ATTTCTTCAAGGCTGCATCT_011,109
ATTTCTTCAAGGCTGCATCT_012,119
ATTTCTTCAAGGCTGCATCT_013,15
ATTTCTTCAAGGCTGCATCT_014,188
ATTTCTTCAAGGCTGCATCT_015,52
ATTTCTTCAAGGCTGCATCT_016,114
ATTTCTTCAAGGCTGCATCT_017,114
ATTTCTTCAAGGCTGCATCT_018,1
ATTTCTTCAAGGCTGCATCT_019,81
CGCGTGTAGCTGGAGACAAG_001,41
CGCGTGTAGCTGGAGACAAG_002,198
CGCGTGTAGCTGGAGACAAG_003,97
CGCGTGTAGCTGGAGACAAG_004,161
CGCGTGTAGCTGGAGACAAG_005,134
CGCGTGTAGCTGGAGACAAG_006,174
CGCGTGTAGCTGGAGACAAG_007,69
CGCGTGTAGCTGGAGACAAG_008,30
CGCGTGTAGCTGGAGACAAG_009,98
CGCGTGTAGCTGGAGACAAG_010,128
CGCGTGTAGCTGGAGACAAG_011,34
CGCGTGTAGCTGGAGACAAG_012,126
CGCGTGTAGCTGGAGACAAG_013,8
CGCGTGTAGCTGGAGACAAG_014,68
CGCGTGTAGCTGGAGACAAG_015,56
CGCGTGTAGCTGGAGACAAG_016,24
CGCGTGTAGCTGGAGACAAG_017,170
CGCGTGTAGCTGGAGACAAG_018,57
CGCGTGTAGCTGGAGACAAG_019,134
CGCGTGTAGCTGGAGACAAG_020,120
CGCGTGTAGCTGGAGACAAG_021,197
CGCGTGTAGCTGGAGACAAG_022,175
CGCGTGTAGCTGGAGACAAG_023,158
AGACGTTCCTCGAAGCGTCG_001,140
GAACCTGCTTTCTCTCGATG_001,9
GAACCTGCTTTCTCTCGATG_002,191
GAACCTGCTTTCTCTCGATG_003,171
GAACCTGCTTTCTCTCGATG_004,163
GAACCTGCTTTCTCTCGATG_005,107
GAACCTGCTTTCTCTCGATG_006,33
GATGCTGACCTTCTACAGCG_001,133
TATTCCCATCCGAACAACCT_001,68
TATTCCCATCCGAACAACCT_002,70
TATTCCCATCCGAACAACCT_003,11
TATTCCCATCCGAACAACCT_004,115
TATTCCCATCCGAACAACCT_005,108
TGGAGAAGTTATCTCCGCAT_001,48
TGGAGAAGTTATCTCCGCAT_002,175
TGGAGAAGTTATCTCCGCAT_003,142
TGGAGAAGTTATCTCCGCAT_004,33
CACATAGGACAATCATAGAG_001,96
CACATAGGACAATCATAGAG_002,165
CACATAGGACAATCATAGAG_003,19
CACATAGGACAATCATAGAG_004,198
CACATAGGACAATCATAGAG_005,35
CACATAGGACAATCATAGAG_006,119
CACATAGGACAATCATAGAG_007,81
CGCTAGTACGCTCCTCTATA_001,18
CGCTAGTACGCTCCTCTATA_002,92
CGCTAGTACGCTCCTCTATA_003,43
CGCTAGTACGCTCCTCTATA_004,16
CGCTAGTACGCTCCTCTATA_005,185
CGCTAGTACGCTCCTCTATA_006,77
CGCTAGTACGCTCCTCTATA_007,79
CGCTAGTACGCTCCTCTATA_008,81
CGCTAGTACGCTCCTCTATA_009,57
CGCTAGTACGCTCCTCTATA_010,50
CGCTAGTACGCTCCTCTATA_011,63
GTGGCGGTAGCCTACGCTAA_001,15
GTGGCGGTAGCCTACGCTAA_002,162
GTGGCGGTAGCCTACGCTAA_003,154
GTGGCGGTAGCCTACGCTAA_004,88
GTGGCGGTAGCCTACGCTAA_005,57
GTGGCGGTAGCCTACGCTAA_006,55
GTGGCGGTAGCCTACGCTAA_007,84
GTGGCGGTAGCCTACGCTAA_008,7
GTGGCGGTAGCCTACGCTAA_009,146
GTGGCGGTAGCCTACGCTAA_010,13
GTGGCGGTAGCCTACGCTAA_011,112
GTGGCGGTAGCCTACGCTAA_012,64
GTGGCGGTAGCCTACGCTAA_013,81
GTGGCGGTAGCCTACGCTAA_014,41
GGACGCACCATTCCGGGTGA_001,61
GGACGCACCATTCCGGGTGA_002,84
GGACGCACCATTCCGGGTGA_003,113
GGACGCACCATTCCGGGTGA_004,118
GGACGCACCATTCCGGGTGA_005,34
GGACGCACCATTCCGGGTGA_006,95
GGACGCACCATTCCGGGTGA_007,4
GGACGCACCATTCCGGGTGA_008,16
GGACGCACCATTCCGGGTGA_009,171
GGACGCACCATTCCGGGTGA_010,13
GGACGCACCATTCCGGGTGA_011,39
GGACGCACCATTCCGGGTGA_012,69
GGACGCACCATTCCGGGTGA_013,179
GGACGCACCATTCCGGGTGA_014,127
GGACGCACCATTCCGGGTGA_015,45
TCCCCAGTCAGGACAATCGT_001,190
TCCCCAGTCAGGACAATCGT_002,52
TCCCCAGTCAGGACAATCGT_003,183
TCCCCAGTCAGGACAATCGT_004,175
TCCCCAGTCAGGACAATCGT_005,21
TCCCCAGTCAGGACAATCGT_006,118
TTATTTGCCCAACTTAACCA_001,134
TTATTTGCCCAACTTAACCA_002,178
TTATTTGCCCAACTTAACCA_003,115
TTATTTGCCCAACTTAACCA_004,80
TTATTTGCCCAACTTAACCA_005,126
TTATTTGCCCAACTTAACCA_006,126
TTATTTGCCCAACTTAACCA_007,146
TTATTTGCCCAACTTAACCA_008,175
AGGAATGTAATGCCACCCGA_001,15
AGGAATGTAATGCCACCCGA_002,111
AGGAATGTAATGCCACCCGA_003,196
AGGAATGTAATGCCACCCGA_004,72
AGGAATGTAATGCCACCCGA_005,80
AGGAATGTAATGCCACCCGA_006,148
AGGAATGTAATGCCACCCGA_007,108
AGGAATGTAATGCCACCCGA_008,80
AGGAATGTAATGCCACCCGA_009,54
AGGAATGTAATGCCACCCGA_010,34
AGGAATGTAATGCCACCCGA_011,161
AGGAATGTAATGCCACCCGA_012,121
AGGAATGTAATGCCACCCGA_013,78
AGGAATGTAATGCCACCCGA_014,33
AGGAATGTAATGCCACCCGA_015,124
AGGAATGTAATGCCACCCGA_016,115
AGGAATGTAATGCCACCCGA_017,158
AGGAATGTAATGCCACCCGA_018,54
AGGAATGTAATGCCACCCGA_019,76
AGGAATGTAATGCCACCCGA_020,28
AGGAATGTAATGCCACCCGA_021,64
AGGAATGTAATGCCACCCGA_022,94
AGGAATGTAATGCCACCCGA_023,10
CTGGGCATACAGGCGGCCGT_001,52
CTGGGCATACAGGCGGCCGT_002,29
CTGGGCATACAGGCGGCCGT_003,160
TCGCCATGCACTACCAGATG_001,107
TCGCCATGCACTACCAGATG_002,153
TCGCCATGCACTACCAGATG_003,82
TCGCCATGCACTACCAGATG_004,5
CTACGGGGCACTATTCAGAG_001,16
CTACGGGGCACTATTCAGAG_002,149
CTACGGGGCACTATTCAGAG_003,42
CTACGGGGCACTATTCAGAG_004,5
CTACGGGGCACTATTCAGAG_005,81
AGGAAGCTCACTAGCGTGGA_001,102
AGGAAGCTCACTAGCGTGGA_002,122
AGGAAGCTCACTAGCGTGGA_003,70
AGGAAGCTCACTAGCGTGGA_004,152
AGGAAGCTCACTAGCGTGGA_005,130
AGGAAGCTCACTAGCGTGGA_006,181
AGGAAGCTCACTAGCGTGGA_007,88
AGGAAGCTCACTAGCGTGGA_008,172
AGGAAGCTCACTAGCGTGGA_009,121
AGGAAGCTCACTAGCGTGGA_010,177
AGGAAGCTCACTAGCGTGGA_011,152
AGGAAGCTCACTAGCGTGGA_012,115
AGGAAGCTCACTAGCGTGGA_013,52
AGGAAGCTCACTAGCGTGGA_014,197
AGGAAGCTCACTAGCGTGGA_015,46
AGGAAGCTCACTAGCGTGGA_016,79
AGGAAGCTCACTAGCGTGGA_017,91
AGGAAGCTCACTAGCGTGGA_018,46
AGGAAGCTCACTAGCGTGGA_019,168
AGGAAGCTCACTAGCGTGGA_020,175
AGGAAGCTCACTAGCGTGGA_021,188
TCAGGAATGACATCAACTAG_001,146
TCAGGAATGACATCAACTAG_002,77
TCAGGAATGACATCAACTAG_003,115
TCAGGAATGACATCAACTAG_004,89
TCAGGAATGACATCAACTAG_005,1
TCAGGAATGACATCAACTAG_006,168
CCAGGAGAGCCAGCGACACG_001,33
CCAGGAGAGCCAGCGACACG_002,69
CCAGGAGAGCCAGCGACACG_003,40
CCAGGAGAGCCAGCGACACG_004,149
CCAGGAGAGCCAGCGACACG_005,27
CCAGGAGAGCCAGCGACACG_006,77
CCAGGAGAGCCAGCGACACG_007,147
CCAGGAGAGCCAGCGACACG_008,82
CCAGGAGAGCCAGCGACACG_009,97
CCAGGAGAGCCAGCGACACG_010,35
CCAGGAGAGCCAGCGACACG_011,149
CCAGGAGAGCCAGCGACACG_012,102
TTTTACCTTGTTCACATGGA_001,116
TTTTACCTTGTTCACATGGA_002,198
TTTTACCTTGTTCACATGGA_003,51
TTTTACCTTGTTCACATGGA_004,25
TTTTACCTTGTTCACATGGA_005,107
TTTTACCTTGTTCACATGGA_006,145
TTTTACCTTGTTCACATGGA_007,98
TTTTACCTTGTTCACATGGA_008,29
TTTTACCTTGTTCACATGGA_009,58
TTTTACCTTGTTCACATGGA_010,127
TCTCGAAACAGGTTCTCACA_001,181
AAGGCTACAGCTTCAGAATG_001,105
AAGGCTACAGCTTCAGAATG_002,76
AAGGCTACAGCTTCAGAATG_003,46
GCTGAGCTACCGGCGCGACT_001,32
GCTGAGCTACCGGCGCGACT_002,70
GCTGAGCTACCGGCGCGACT_003,84
GCTGAGCTACCGGCGCGACT_004,81
GCTGAGCTACCGGCGCGACT_005,65
GCTGAGCTACCGGCGCGACT_006,161
GCTGAGCTACCGGCGCGACT_007,103
GCTGAGCTACCGGCGCGACT_008,50
GCTGAGCTACCGGCGCGACT_009,116
TACGCTTGCGTTTAGCGTCC_001,93
TACGCTTGCGTTTAGCGTCC_002,196
TACGCTTGCGTTTAGCGTCC_003,108
TACGCTTGCGTTTAGCGTCC_004,15
TACGCTTGCGTTTAGCGTCC_005,50
TACGCTTGCGTTTAGCGTCC_006,78
TACGCTTGCGTTTAGCGTCC_007,78
TACGCTTGCGTTTAGCGTCC_008,102
TACGCTTGCGTTTAGCGTCC_009,149
TACGCTTGCGTTTAGCGTCC_010,136
TGGTTTCTTTAATAGGGAAT_001,193
TGGTTTCTTTAATAGGGAAT_002,193
TGGTTTCTTTAATAGGGAAT_003,5
TGGTTTCTTTAATAGGGAAT_004,199
TGGTTTCTTTAATAGGGAAT_005,19
TGGTTTCTTTAATAGGGAAT_006,79
GTGAAGGTTATCGGGCGTTG_001,177
GTGAAGGTTATCGGGCGTTG_002,82
GTGAAGGTTATCGGGCGTTG_003,22
GTGAAGGTTATCGGGCGTTG_004,63
GTGAAGGTTATCGGGCGTTG_005,88
GTGAAGGTTATCGGGCGTTG_006,172
CCGACCCCGAGTCCCAACCG_001,120
CCGACCCCGAGTCCCAACCG_002,141
CCGACCCCGAGTCCCAACCG_003,17
CCGACCCCGAGTCCCAACCG_004,199
CCGACCCCGAGTCCCAACCG_005,199
CCGACCCCGAGTCCCAACCG_006,146
CCGACCCCGAGTCCCAACCG_007,82
CCGACCCCGAGTCCCAACCG_008,67
CCGACCCCGAGTCCCAACCG_009,138
CTGCCCACTTTCTAAAATCG_001,60
CTGCCCACTTTCTAAAATCG_002,156
CTGCCCACTTTCTAAAATCG_003,188
CTGCCCACTTTCTAAAATCG_004,112
CTGCCCACTTTCTAAAATCG_005,105
CTGCCCACTTTCTAAAATCG_006,148
TGTGCGGAACCTGCAAAGTG_001,151
TGTGCGGAACCTGCAAAGTG_002,41
TGTGCGGAACCTGCAAAGTG_003,37
TGTGCGGAACCTGCAAAGTG_004,164
TGTGCGGAACCTGCAAAGTG_005,51
CTGCAGATCTCGAAGCACAA_001,100
CTGCAGATCTCGAAGCACAA_002,163
CTGCAGATCTCGAAGCACAA_003,30
CTGCAGATCTCGAAGCACAA_004,30
CTGCAGATCTCGAAGCACAA_005,25
CTGCAGATCTCGAAGCACAA_006,149
CTGCAGATCTCGAAGCACAA_007,50
CTGCAGATCTCGAAGCACAA_008,32
CTGCAGATCTCGAAGCACAA_009,102
GCAGCTCCGAGTCTTCCAAG_001,54
GCAGCTCCGAGTCTTCCAAG_002,196
GCAGCTCCGAGTCTTCCAAG_003,124
GCAGCTCCGAGTCTTCCAAG_004,177
GCAGCTCCGAGTCTTCCAAG_005,1
GCAGCTCCGAGTCTTCCAAG_006,17
GCAGCTCCGAGTCTTCCAAG_007,121
GCAGCTCCGAGTCTTCCAAG_008,107
GCAGCTCCGAGTCTTCCAAG_009,51
GCAGCTCCGAGTCTTCCAAG_010,144
GCAGCTCCGAGTCTTCCAAG_011,49
GCAGCTCCGAGTCTTCCAAG_012,91
GCAGCTCCGAGTCTTCCAAG_013,61
GCAGCTCCGAGTCTTCCAAG_014,185
GCAGCTCCGAGTCTTCCAAG_015,112
GCAGCTCCGAGTCTTCCAAG_016,69
GCAGCTCCGAGTCTTCCAAG_017,115
GCAGCTCCGAGTCTTCCAAG_018,92
GCAGCTCCGAGTCTTCCAAG_019,54
GCAGCTCCGAGTCTTCCAAG_020,119
GCAGCTCCGAGTCTTCCAAG_021,188
GCTGTGTGATGATTACAGTG_001,51
GCTGTGTGATGATTACAGTG_002,112
GCTGTGTGATGATTACAGTG_003,38
GACCGGACACTCGAAGAGCG_001,80
GACCGGACACTCGAAGAGCG_002,69
ACAAGCACAGTCATTAGCAC_001,36
ACAAGCACAGTCATTAGCAC_002,107
TTCAGCACAAACATTACACA_001,69
TTCAGCACAAACATTACACA_002,13
TTCAGCACAAACATTACACA_003,160
CCATATGATAGACCAATAGG_001,48
CCATATGATAGACCAATAGG_002,68
CCATATGATAGACCAATAGG_003,45
CCATATGATAGACCAATAGG_004,1
TATTGTCTGAGTGGTAACGG_001,49
TATTGTCTGAGTGGTAACGG_002,68
TATTGTCTGAGTGGTAACGG_003,35
TATTGTCTGAGTGGTAACGG_004,150
TATTGTCTGAGTGGTAACGG_005,29
TATTGTCTGAGTGGTAACGG_006,176
TATTGTCTGAGTGGTAACGG_007,166
TATTGTCTGAGTGGTAACGG_008,107
TATTGTCTGAGTGGTAACGG_009,118
TATTGTCTGAGTGGTAACGG_010,88
TATTGTCTGAGTGGTAACGG_011,48
TATTGTCTGAGTGGTAACGG_012,177
TATTGTCTGAGTGGTAACGG_013,9
TGGTATAGAAGAGCACGAAG_001,160
TGGTATAGAAGAGCACGAAG_002,199
TGGTATAGAAGAGCACGAAG_003,160
TGGTATAGAAGAGCACGAAG_004,18
TGGTATAGAAGAGCACGAAG_005,48
TGGTATAGAAGAGCACGAAG_006,16
TGGTATAGAAGAGCACGAAG_007,197
TGGTATAGAAGAGCACGAAG_008,104
TGGTATAGAAGAGCACGAAG_009,118
TGGTATAGAAGAGCACGAAG_010,36
TGGTATAGAAGAGCACGAAG_011,97
TGGTATAGAAGAGCACGAAG_012,150
TGGTATAGAAGAGCACGAAG_013,136
TGGTATAGAAGAGCACGAAG_014,69
CAAGTTAGTTGAGGAAACCG_001,48
CAAGTTAGTTGAGGAAACCG_002,147
CAAGTTAGTTGAGGAAACCG_003,48
CAAGTTAGTTGAGGAAACCG_004,150
CAAGTTAGTTGAGGAAACCG_005,66
CAAGTTAGTTGAGGAAACCG_006,188
CAAGTTAGTTGAGGAAACCG_007,148
CAAGTTAGTTGAGGAAACCG_008,36
CAAGTTAGTTGAGGAAACCG_009,80
CAAGTTAGTTGAGGAAACCG_010,84
AACATGTCCTATGCCAACCC_001,177
GCGATTCGGTCAGCGACAGT_001,16
GCGATTCGGTCAGCGACAGT_002,57
GCGATTCGGTCAGCGACAGT_003,27
GCGATTCGGTCAGCGACAGT_004,128
GCGATTCGGTCAGCGACAGT_005,168
GCGATTCGGTCAGCGACAGT_006,172
GCGATTCGGTCAGCGACAGT_007,7
GCGATTCGGTCAGCGACAGT_008,156
GCGATTCGGTCAGCGACAGT_009,173
GCGATTCGGTCAGCGACAGT_010,43
GCGATTCGGTCAGCGACAGT_011,41
GCGATTCGGTCAGCGACAGT_012,78
GCGATTCGGTCAGCGACAGT_013,61
GCGATTCGGTCAGCGACAGT_014,49
GCGATTCGGTCAGCGACAGT_015,0
GCGATTCGGTCAGCGACAGT_016,194
GCGATTCGGTCAGCGACAGT_017,17
GCGATTCGGTCAGCGACAGT_018,176
GCGATTCGGTCAGCGACAGT_019,176
GCGATTCGGTCAGCGACAGT_020,168
GCGATTCGGTCAGCGACAGT_021,144
GCGATTCGGTCAGCGACAGT_022,145
GCGATTCGGTCAGCGACAGT_023,148
GCGATTCGGTCAGCGACAGT_024,121
GCGATTCGGTCAGCGACAGT_025,116
CCAGCTCTCTTACATTGCTG_001,137
CCAGCTCTCTTACATTGCTG_002,126
CCAGCTCTCTTACATTGCTG_003,75
CCAGCTCTCTTACATTGCTG_004,44
CCAGCTCTCTTACATTGCTG_005,130
ACTTACCCCTTTGTCAAAGG_001,159
GAGAGATACTACGACTACAG_001,158
GAGAGATACTACGACTACAG_002,169
GAGAGATACTACGACTACAG_003,176
GAGAGATACTACGACTACAG_004,160
GAGAGATACTACGACTACAG_005,6
GCATGACCATCAGGGTAGCG_001,195
GCATGACCATCAGGGTAGCG_002,185
GCATGACCATCAGGGTAGCG_003,176
GCATGACCATCAGGGTAGCG_004,100
GCATGACCATCAGGGTAGCG_005,36
GCATGACCATCAGGGTAGCG_006,40
GCATGACCATCAGGGTAGCG_007,168
GCATGACCATCAGGGTAGCG_008,60
GCATGACCATCAGGGTAGCG_009,95
GCATGACCATCAGGGTAGCG_010,125
GCATGACCATCAGGGTAGCG_011,75
GCATGACCATCAGGGTAGCG_012,177
GCATGACCATCAGGGTAGCG_013,135
GCATGACCATCAGGGTAGCG_014,125
GCATGACCATCAGGGTAGCG_015,44
GCATGACCATCAGGGTAGCG_016,90
GCATGACCATCAGGGTAGCG_017,89
GCATGACCATCAGGGTAGCG_018,5
GCATGACCATCAGGGTAGCG_019,42
GCATGACCATCAGGGTAGCG_020,199
GCATGACCATCAGGGTAGCG_021,17
GCATGACCATCAGGGTAGCG_022,113
GCATGACCATCAGGGTAGCG_023,182
GCATGACCATCAGGGTAGCG_024,27
GCATGACCATCAGGGTAGCG_025,180
GCATGACCATCAGGGTAGCG_026,197
GTTTGGAATGAAGTTTCACT_001,179
GTTTGGAATGAAGTTTCACT_002,21
GTTTGGAATGAAGTTTCACT_003,116
GTTTGGAATGAAGTTTCACT_004,82
GTTTGGAATGAAGTTTCACT_005,88
GTTTGGAATGAAGTTTCACT_006,125
GTTTGGAATGAAGTTTCACT_007,194
TGGACTGGCCTTCATTCAGA_001,44
GATGATTAGGGACTCCCCGG_001,53
GATGATTAGGGACTCCCCGG_002,147
GATGATTAGGGACTCCCCGG_003,61
GATGATTAGGGACTCCCCGG_004,194
GATGATTAGGGACTCCCCGG_005,46
GATGATTAGGGACTCCCCGG_006,56
GATGATTAGGGACTCCCCGG_007,158
GATGATTAGGGACTCCCCGG_008,140
GATGATTAGGGACTCCCCGG_009,105
GATGATTAGGGACTCCCCGG_010,138
GATGATTAGGGACTCCCCGG_011,48
CACATGAGCCGGATTCACGG_001,102
CACATGAGCCGGATTCACGG_002,64
CACATGAGCCGGATTCACGG_003,42
CACATGAGCCGGATTCACGG_004,65
CACATGAGCCGGATTCACGG_005,141
CACATGAGCCGGATTCACGG_006,81
CACATGAGCCGGATTCACGG_007,189
CACATGAGCCGGATTCACGG_008,145
CACATGAGCCGGATTCACGG_009,182
CACATGAGCCGGATTCACGG_010,196
CACATGAGCCGGATTCACGG_011,40
CACATGAGCCGGATTCACGG_012,157
CACATGAGCCGGATTCACGG_013,8
CACATGAGCCGGATTCACGG_014,187
CACATGAGCCGGATTCACGG_015,150
CACATGAGCCGGATTCACGG_016,107
CACATGAGCCGGATTCACGG_017,156
GCTGCAAGATACCCGCTGGC_001,127
GCTGCAAGATACCCGCTGGC_002,145
GCTGCAAGATACCCGCTGGC_003,76
GCTGCAAGATACCCGCTGGC_004,116
GCTGCAAGATACCCGCTGGC_005,149
GCTGCAAGATACCCGCTGGC_006,158
GCTGCAAGATACCCGCTGGC_007,13
TGAATCATCAAGGCAATGAA_001,166
TGAATCATCAAGGCAATGAA_002,68
TGAATCATCAAGGCAATGAA_003,184
TGAATCATCAAGGCAATGAA_004,83
TGAATCATCAAGGCAATGAA_005,104
TGAATCATCAAGGCAATGAA_006,196
TGAATCATCAAGGCAATGAA_007,125
TGAATCATCAAGGCAATGAA_008,69
TGAATCATCAAGGCAATGAA_009,92
TGAATCATCAAGGCAATGAA_010,167
TGAATCATCAAGGCAATGAA_011,138
TGAATCATCAAGGCAATGAA_012,199
TGAATCATCAAGGCAATGAA_013,28
TGAATCATCAAGGCAATGAA_014,142
TGAATCATCAAGGCAATGAA_015,104
TGAATCATCAAGGCAATGAA_016,166
TGAATCATCAAGGCAATGAA_017,27
AGACCTTAAGCCTCCACAGT_001,184
AGACCTTAAGCCTCCACAGT_002,44
AGACCTTAAGCCTCCACAGT_003,42
AGACCTTAAGCCTCCACAGT_004,0
AGACCTTAAGCCTCCACAGT_005,107
AGACCTTAAGCCTCCACAGT_006,179
AGACCTTAAGCCTCCACAGT_007,115
AGACCTTAAGCCTCCACAGT_008,141
AGACCTTAAGCCTCCACAGT_009,82
AGACCTTAAGCCTCCACAGT_010,162
AGACCTTAAGCCTCCACAGT_011,11
AGACCTTAAGCCTCCACAGT_012,66
AGACCTTAAGCCTCCACAGT_013,4
AGACCTTAAGCCTCCACAGT_014,185
AGACCTTAAGCCTCCACAGT_015,2
AGACCTTAAGCCTCCACAGT_016,168
AGACCTTAAGCCTCCACAGT_017,57
AGACCTTAAGCCTCCACAGT_018,198
AGACCTTAAGCCTCCACAGT_019,157
AGACCTTAAGCCTCCACAGT_020,95
TGCACAGCGGAACTCAACCG_001,46
TGCACAGCGGAACTCAACCG_002,9
TGCACAGCGGAACTCAACCG_003,160
TGCACAGCGGAACTCAACCG_004,198
TGCACAGCGGAACTCAACCG_005,44
TGCACAGCGGAACTCAACCG_006,103
TGCACAGCGGAACTCAACCG_007,105
TGCACAGCGGAACTCAACCG_008,162
TGCACAGCGGAACTCAACCG_009,108
TGCACAGCGGAACTCAACCG_010,57
TGCACAGCGGAACTCAACCG_011,8
TGCACAGCGGAACTCAACCG_012,127
TGCACAGCGGAACTCAACCG_013,121
TGCACAGCGGAACTCAACCG_014,139
TGCACAGCGGAACTCAACCG_015,122
TGCACAGCGGAACTCAACCG_016,41
TGCACAGCGGAACTCAACCG_017,25
TGCACAGCGGAACTCAACCG_018,60
TGCACAGCGGAACTCAACCG_019,12
TGCACAGCGGAACTCAACCG_020,86
TGCACAGCGGAACTCAACCG_021,113
TGCACAGCGGAACTCAACCG_022,194
AGAACTATGGATCTACAACA_001,82
AGAACTATGGATCTACAACA_002,49
AGAACTATGGATCTACAACA_003,190
AGAACTATGGATCTACAACA_004,146
AGAACTATGGATCTACAACA_005,23
ATGTTTCTCTACGACAACGG_001,161
ATGTTTCTCTACGACAACGG_002,36
ATGTTTCTCTACGACAACGG_003,118
ATGTTTCTCTACGACAACGG_004,33
ATGTTTCTCTACGACAACGG_005,143
ATGTTTCTCTACGACAACGG_006,76
ATGTTTCTCTACGACAACGG_007,58
ATGTTTCTCTACGACAACGG_008,169
ATGTTTCTCTACGACAACGG_009,198
AAGCCCAGGAGGAAAACTCA_001,56
AAGCCCAGGAGGAAAACTCA_002,177
AAGCCCAGGAGGAAAACTCA_003,8
CCGGCTCTCCGTGTACCGTG_001,176
CCGGCTCTCCGTGTACCGTG_002,113
CCGGCTCTCCGTGTACCGTG_003,139
CCGGCTCTCCGTGTACCGTG_004,161
CCGGCTCTCCGTGTACCGTG_005,78
CCGGCTCTCCGTGTACCGTG_006,17
CCGGCTCTCCGTGTACCGTG_007,182
CCGGCTCTCCGTGTACCGTG_008,106
CCGGCTCTCCGTGTACCGTG_009,191
CCGGCTCTCCGTGTACCGTG_010,12
GTCATCCGCAAACGGAAAGT_001,80
GTCATCCGCAAACGGAAAGT_002,26
GTCATCCGCAAACGGAAAGT_003,22
GTCATCCGCAAACGGAAAGT_004,89
GTCATCCGCAAACGGAAAGT_005,141
GTCATCCGCAAACGGAAAGT_006,111
GTCATCCGCAAACGGAAAGT_007,152
GTCATCCGCAAACGGAAAGT_008,68
TCCAGGCCCGATAAAAGTGA_001,178
TCCAGGCCCGATAAAAGTGA_002,125
TCCAGGCCCGATAAAAGTGA_003,34
TCCAGGCCCGATAAAAGTGA_004,175
TCCAGGCCCGATAAAAGTGA_005,197
GCTGTCCCGAATTCCGTGCG_001,78
GCTGTCCCGAATTCCGTGCG_002,154
GCTGTCCCGAATTCCGTGCG_003,53
GCTGTCCCGAATTCCGTGCG_004,196
GCTGTCCCGAATTCCGTGCG_005,188
GCTGTCCCGAATTCCGTGCG_006,49
GCTGTCCCGAATTCCGTGCG_007,168
GCTGTCCCGAATTCCGTGCG_008,171
GCTGTCCCGAATTCCGTGCG_009,41
GCTGTCCCGAATTCCGTGCG_010,2
GGGCTATATACTCGTCGGTG_001,160
GGGCTATATACTCGTCGGTG_002,88
GGGCTATATACTCGTCGGTG_003,166
TCTGGCGGGCGAGCTCACGC_001,23
TCTGGCGGGCGAGCTCACGC_002,26
TCTGGCGGGCGAGCTCACGC_003,101
TCTGGCGGGCGAGCTCACGC_004,103
TCTGGCGGGCGAGCTCACGC_005,175
TCTGGCGGGCGAGCTCACGC_006,81
TCTGGCGGGCGAGCTCACGC_007,54
TCTGGCGGGCGAGCTCACGC_008,94
TCTGGCGGGCGAGCTCACGC_009,20
TCTGGCGGGCGAGCTCACGC_010,60
TCTGGCGGGCGAGCTCACGC_011,42
TCTGGCGGGCGAGCTCACGC_012,63
TCTGGCGGGCGAGCTCACGC_013,175
TCTGGCGGGCGAGCTCACGC_014,56
TCTGGCGGGCGAGCTCACGC_015,140
TCTGGCGGGCGAGCTCACGC_016,118
TCTGGCGGGCGAGCTCACGC_017,115
TCTGGCGGGCGAGCTCACGC_018,60
TCTGGCGGGCGAGCTCACGC_019,48
TCTGGCGGGCGAGCTCACGC_020,191
TCTGGCGGGCGAGCTCACGC_021,70
TCTGGCGGGCGAGCTCACGC_022,197
TCTGGCGGGCGAGCTCACGC_023,162
TCTGGCGGGCGAGCTCACGC_024,60
TCTGGCGGGCGAGCTCACGC_025,172
TCTGGCGGGCGAGCTCACGC_026,168
TCTGGCGGGCGAGCTCACGC_027,170
CCCCAGAACCGACCACACCG_001,144
CCCCAGAACCGACCACACCG_002,65
CCCCAGAACCGACCACACCG_003,69
CCCCAGAACCGACCACACCG_004,24
CCCCAGAACCGACCACACCG_005,65
CCCCAGAACCGACCACACCG_006,53
CCCCAGAACCGACCACACCG_007,176
CCCCAGAACCGACCACACCG_008,197
CCCCAGAACCGACCACACCG_009,58
CCCCAGAACCGACCACACCG_010,119
CCCCAGAACCGACCACACCG_011,58
CCCCAGAACCGACCACACCG_012,177
CCCCAGAACCGACCACACCG_013,68
CCCCAGAACCGACCACACCG_014,144
CCCCAGAACCGACCACACCG_015,107
CCCCAGAACCGACCACACCG_016,11
CCCCAGAACCGACCACACCG_017,117
CCCCAGAACCGACCACACCG_018,174
CCCCAGAACCGACCACACCG_019,34
CCCCAGAACCGACCACACCG_020,29
CCCCAGAACCGACCACACCG_021,146
CCCCAGAACCGACCACACCG_022,6
CCCCAGAACCGACCACACCG_023,105
CCCCAGAACCGACCACACCG_024,198
CCCCAGAACCGACCACACCG_025,41
TAAGGATAAAGAGTCCAGTG_001,199
TAAGGATAAAGAGTCCAGTG_002,199
TAAGGATAAAGAGTCCAGTG_003,108
TAAGGATAAAGAGTCCAGTG_004,97
TAAGGATAAAGAGTCCAGTG_005,38
TAAGGATAAAGAGTCCAGTG_006,2
TAAGGATAAAGAGTCCAGTG_007,169
TAAGGATAAAGAGTCCAGTG_008,134
TAAGGATAAAGAGTCCAGTG_009,28
TAAGGATAAAGAGTCCAGTG_010,71
GTAATCATCTATGTAGGATG_001,160
GTAATCATCTATGTAGGATG_002,31
GTAATCATCTATGTAGGATG_003,46
GTAATCATCTATGTAGGATG_004,81
GGGGCCGCACTTACTCTGAA_001,185
GGGGCCGCACTTACTCTGAA_002,132
GGGGCCGCACTTACTCTGAA_003,187
GGGGCCGCACTTACTCTGAA_004,184
GGGGCCGCACTTACTCTGAA_005,159
GGGGCCGCACTTACTCTGAA_006,181
GGGGCCGCACTTACTCTGAA_007,52
GGGGCCGCACTTACTCTGAA_008,50
GGGGCCGCACTTACTCTGAA_009,92
GGGGCCGCACTTACTCTGAA_010,181
GGGGCCGCACTTACTCTGAA_011,66
GGGGCCGCACTTACTCTGAA_012,18
GGGGCCGCACTTACTCTGAA_013,152
GGGGCCGCACTTACTCTGAA_014,157
GGGGCCGCACTTACTCTGAA_015,65
GCCCACAGCTGATGGACACG_001,156
GCCCACAGCTGATGGACACG_002,156
GCCCACAGCTGATGGACACG_003,75
GCCCACAGCTGATGGACACG_004,160
GCCCACAGCTGATGGACACG_005,144
GCCCACAGCTGATGGACACG_006,68
GCCCACAGCTGATGGACACG_007,29
GCGGCTCTTCAATGACCCAG_001,130
GCGGCTCTTCAATGACCCAG_002,8
GCGGCTCTTCAATGACCCAG_003,149
GCGGCTCTTCAATGACCCAG_004,172
GCGGCTCTTCAATGACCCAG_005,153
GCGGCTCTTCAATGACCCAG_006,183
GCGGCTCTTCAATGACCCAG_007,38
GCGGCTCTTCAATGACCCAG_008,67
GCGGCTCTTCAATGACCCAG_009,9
GCGGCTCTTCAATGACCCAG_010,28
GGAGGAGAGAGAGACTCCCG_001,121
GGAGGAGAGAGAGACTCCCG_002,115
GGAGGAGAGAGAGACTCCCG_003,184
GGAGGAGAGAGAGACTCCCG_004,106
GGAGGAGAGAGAGACTCCCG_005,8
GGAGGAGAGAGAGACTCCCG_006,77
GGAGGAGAGAGAGACTCCCG_007,25
AAGTCACTGACACTATGCCA_001,78
AAGTCACTGACACTATGCCA_002,62
AAGTCACTGACACTATGCCA_003,178
AAGTCACTGACACTATGCCA_004,49
AAGTCACTGACACTATGCCA_005,101
AAGTCACTGACACTATGCCA_006,152
AAGTCACTGACACTATGCCA_007,148
AAGTCACTGACACTATGCCA_008,16
AAGTCACTGACACTATGCCA_009,183
AAGTCACTGACACTATGCCA_010,47
AAGTCACTGACACTATGCCA_011,153
AAGTCACTGACACTATGCCA_012,44
AAGTCACTGACACTATGCCA_013,186
AAGTCACTGACACTATGCCA_014,78
AAGTCACTGACACTATGCCA_015,58
AAGTCACTGACACTATGCCA_016,141
AAGTCACTGACACTATGCCA_017,76
AAGTCACTGACACTATGCCA_018,160
AAGTCACTGACACTATGCCA_019,147
AAGTCACTGACACTATGCCA_020,62
AAGTCACTGACACTATGCCA_021,145
AAGTCACTGACACTATGCCA_022,2
AAGTCACTGACACTATGCCA_023,145
TACTGGAGCGGATCTAACAG_001,2
TACTGGAGCGGATCTAACAG_002,94
TACTGGAGCGGATCTAACAG_003,4
TACTGGAGCGGATCTAACAG_004,15
TACTGGAGCGGATCTAACAG_005,15
TACTGGAGCGGATCTAACAG_006,154
TAGATGTCTGCCAGTAGAGT_001,51
TAGATGTCTGCCAGTAGAGT_002,119
TAGATGTCTGCCAGTAGAGT_003,148
TAGATGTCTGCCAGTAGAGT_004,158
TAGATGTCTGCCAGTAGAGT_005,177
TAGATGTCTGCCAGTAGAGT_006,127
TAGATGTCTGCCAGTAGAGT_007,153
TAGATGTCTGCCAGTAGAGT_008,110
TAGATGTCTGCCAGTAGAGT_009,145
TAGATGTCTGCCAGTAGAGT_010,132
TCGCAGAATCTCCCATCCTA_001,18
TCGCAGAATCTCCCATCCTA_002,188
TCGCAGAATCTCCCATCCTA_003,81
TCGCAGAATCTCCCATCCTA_004,166
TCGCAGAATCTCCCATCCTA_005,134
TCGCAGAATCTCCCATCCTA_006,40
TCGCAGAATCTCCCATCCTA_007,150
TCGCAGAATCTCCCATCCTA_008,97
TCGCAGAATCTCCCATCCTA_009,161
TCGCAGAATCTCCCATCCTA_010,150
TCGCAGAATCTCCCATCCTA_011,199
TCGCAGAATCTCCCATCCTA_012,104
TCGCAGAATCTCCCATCCTA_013,168
TCGCAGAATCTCCCATCCTA_014,184
AGTGCTGTAACCATAGTGGG_001,26
AGTGCTGTAACCATAGTGGG_002,34
AGTGCTGTAACCATAGTGGG_003,21
AGTGCTGTAACCATAGTGGG_004,104
AGTGCTGTAACCATAGTGGG_005,8
AGTGCTGTAACCATAGTGGG_006,123
AGTGCTGTAACCATAGTGGG_007,8
AGTGCTGTAACCATAGTGGG_008,128
AGTGCTGTAACCATAGTGGG_009,33
AGTGCTGTAACCATAGTGGG_010,146
AGTGCTGTAACCATAGTGGG_011,187
AGTGCTGTAACCATAGTGGG_012,191
AGTGCTGTAACCATAGTGGG_013,136
AGTGCTGTAACCATAGTGGG_014,173
CACAATGTCTGTCCGCACAG_001,167
CACAATGTCTGTCCGCACAG_002,167
CACAATGTCTGTCCGCACAG_003,179
CACAATGTCTGTCCGCACAG_004,58
CACAATGTCTGTCCGCACAG_005,78
CACAATGTCTGTCCGCACAG_006,106
GTAGAAACACACTAGCGTAC_001,198
GTAGAAACACACTAGCGTAC_002,67
GTAGAAACACACTAGCGTAC_003,19
CTTATACCAACCGGTTACCA_001,50
CTTATACCAACCGGTTACCA_002,58
GAGGAGATGGACTTCGAGAG_001,168
GAGGAGATGGACTTCGAGAG_002,173
GAGGAGATGGACTTCGAGAG_003,72
GAGGAGATGGACTTCGAGAG_004,175
GAGGAGATGGACTTCGAGAG_005,150
TGAAGCGGGTGCCGGCAATG_001,159
TGAAGCGGGTGCCGGCAATG_002,13
TGAAGCGGGTGCCGGCAATG_003,60
TGAAGCGGGTGCCGGCAATG_004,9
TGAAGCGGGTGCCGGCAATG_005,69
TGAAGCGGGTGCCGGCAATG_006,88
TGAAGCGGGTGCCGGCAATG_007,60
TGAAGCGGGTGCCGGCAATG_008,191
TGAAGCGGGTGCCGGCAATG_009,124
TGAAGCGGGTGCCGGCAATG_010,40
TGAAGCGGGTGCCGGCAATG_011,190
TGAAGCGGGTGCCGGCAATG_012,8
TGAAGCGGGTGCCGGCAATG_013,97
TGAAGCGGGTGCCGGCAATG_014,33
TGAAGCGGGTGCCGGCAATG_015,174
TGAAGCGGGTGCCGGCAATG_016,147
TGAAGCGGGTGCCGGCAATG_017,40
TGAAGCGGGTGCCGGCAATG_018,7
TGAAGCGGGTGCCGGCAATG_019,172
TGAAGCGGGTGCCGGCAATG_020,123
TGAAGCGGGTGCCGGCAATG_021,198
TGAAGCGGGTGCCGGCAATG_022,77
TGAAGCGGGTGCCGGCAATG_023,177
TGAAGCGGGTGCCGGCAATG_024,5
TGAAGCGGGTGCCGGCAATG_025,123
TGAAGCGGGTGCCGGCAATG_026,115
TGAAGCGGGTGCCGGCAATG_027,68
TGAAGCGGGTGCCGGCAATG_028,35
TGAAGCGGGTGCCGGCAATG_029,38
TGAAGCGGGTGCCGGCAATG_030,133
TGAAGCGGGTGCCGGCAATG_031,134
TGAAGCGGGTGCCGGCAATG_032,50
TGAAGCGGGTGCCGGCAATG_033,144
TGAAGCGGGTGCCGGCAATG_034,115
TGAAGCGGGTGCCGGCAATG_035,88
TGAAGCGGGTGCCGGCAATG_036,40
TGAAGCGGGTGCCGGCAATG_037,170
TGAAGCGGGTGCCGGCAATG_038,25
TGAAGCGGGTGCCGGCAATG_039,43
TGAAGCGGGTGCCGGCAATG_040,162
TGAAGCGGGTGCCGGCAATG_041,26
TGAAGCGGGTGCCGGCAATG_042,43
TGAAGCGGGTGCCGGCAATG_043,180
TGAAGCGGGTGCCGGCAATG_044,172
TGAAGCGGGTGCCGGCAATG_045,11
TGAAGCGGGTGCCGGCAATG_046,190
TGAATCTGAAAAAAGAGAGT_001,78
TGAATCTGAAAAAAGAGAGT_002,137
TGAATCTGAAAAAAGAGAGT_003,57
TGAATTTGTATGACCAAACA_001,17
TGAATTTGTATGACCAAACA_002,113
TGAATTTGTATGACCAAACA_003,119
TGAATTTGTATGACCAAACA_004,35
CGCCAACAAGAGGGCCACAG_001,182
CGCCAACAAGAGGGCCACAG_002,4
CGCCAACAAGAGGGCCACAG_003,108
CGCCAACAAGAGGGCCACAG_004,169
CGCCAACAAGAGGGCCACAG_005,94
CGCCAACAAGAGGGCCACAG_006,151
CGCCAACAAGAGGGCCACAG_007,47
CGCCAACAAGAGGGCCACAG_008,16
CGCCAACAAGAGGGCCACAG_009,13
CGCCAACAAGAGGGCCACAG_010,17
CGCCAACAAGAGGGCCACAG_011,92
CGCCAACAAGAGGGCCACAG_012,199
CGCCAACAAGAGGGCCACAG_013,6
CGCCAACAAGAGGGCCACAG_014,63
CGCCAACAAGAGGGCCACAG_015,130
CGCCAACAAGAGGGCCACAG_016,140
CGCCAACAAGAGGGCCACAG_017,92
CGCCAACAAGAGGGCCACAG_018,61
CGCCAACAAGAGGGCCACAG_019,108
CGCCAACAAGAGGGCCACAG_020,1
CGCCAACAAGAGGGCCACAG_021,178
CGCCAACAAGAGGGCCACAG_022,29
CGCCAACAAGAGGGCCACAG_023,46
CGCCAACAAGAGGGCCACAG_024,32
CGCCAACAAGAGGGCCACAG_025,77
CGCCAACAAGAGGGCCACAG_026,61
CGCCAACAAGAGGGCCACAG_027,119
CGCCAACAAGAGGGCCACAG_028,178
CGCCAACAAGAGGGCCACAG_029,117
CGCCAACAAGAGGGCCACAG_030,92
CGCCAACAAGAGGGCCACAG_031,105
CGCCAACAAGAGGGCCACAG_032,42
CGCCAACAAGAGGGCCACAG_033,11
CGCCAACAAGAGGGCCACAG_034,97
CGCCAACAAGAGGGCCACAG_035,148
CGCCAACAAGAGGGCCACAG_036,138
CGCCAACAAGAGGGCCACAG_037,63
CGCCAACAAGAGGGCCACAG_038,4
CGCCAACAAGAGGGCCACAG_039,170
CCACACCTCCAAGTCAACAG_001,148
CCACACCTCCAAGTCAACAG_002,78
CCACACCTCCAAGTCAACAG_003,14
ATGGCCATGAGATACCCCTG_001,124
GCTACCACGTCACTGCATCG_001,31
GCTACCACGTCACTGCATCG_002,51
GCTACCACGTCACTGCATCG_003,59
GCTACCACGTCACTGCATCG_004,108
GCTACCACGTCACTGCATCG_005,116
GCTACCACGTCACTGCATCG_006,196
GCTACCACGTCACTGCATCG_007,134
GCTACCACGTCACTGCATCG_008,140
GCTACCACGTCACTGCATCG_009,33
GCTACCACGTCACTGCATCG_010,183
GGGCATCCTTAGCAACCAAG_001,159
GGGCATCCTTAGCAACCAAG_002,27
GGGCATCCTTAGCAACCAAG_003,139
GGGCATCCTTAGCAACCAAG_004,127
GGGCATCCTTAGCAACCAAG_005,75
GGGCATCCTTAGCAACCAAG_006,141
GGGCATCCTTAGCAACCAAG_007,149
GGGCATCCTTAGCAACCAAG_008,81
GGGCATCCTTAGCAACCAAG_009,146
GGGCATCCTTAGCAACCAAG_010,28
GGGCATCCTTAGCAACCAAG_011,196
GGGCATCCTTAGCAACCAAG_012,6
GGGCATCCTTAGCAACCAAG_013,157
AGGACTAGTGTCGCACTCAG_001,102
AGGACTAGTGTCGCACTCAG_002,177
AGGACTAGTGTCGCACTCAG_003,58
AGGACTAGTGTCGCACTCAG_004,127
AGGACTAGTGTCGCACTCAG_005,199
AGGACTAGTGTCGCACTCAG_006,22
AGGACTAGTGTCGCACTCAG_007,137
AGGACTAGTGTCGCACTCAG_008,78
AGGACTAGTGTCGCACTCAG_009,77
AGGACTAGTGTCGCACTCAG_010,69
AGGACTAGTGTCGCACTCAG_011,86
AGGACTAGTGTCGCACTCAG_012,134
AGGACTAGTGTCGCACTCAG_013,134
AGGACTAGTGTCGCACTCAG_014,41
AGGACTAGTGTCGCACTCAG_015,147
AGGACTAGTGTCGCACTCAG_016,147
AGGACTAGTGTCGCACTCAG_017,60
AGGACTAGTGTCGCACTCAG_018,60
AGGACTAGTGTCGCACTCAG_019,35
AGGACTAGTGTCGCACTCAG_020,17
AGGACTAGTGTCGCACTCAG_021,142
AGGACTAGTGTCGCACTCAG_022,77
CTAAAGTAAAGAAAGCTCCG_001,75
CTAAAGTAAAGAAAGCTCCG_002,146
CTAAAGTAAAGAAAGCTCCG_003,70
TGGTGCATCCTCATGCCACG_001,168
TGGTGCATCCTCATGCCACG_002,193
GCTGCAGCAGTACTTGAGGT_001,133
GCTGCAGCAGTACTTGAGGT_002,8
GCTGCAGCAGTACTTGAGGT_003,95
GCTGCAGCAGTACTTGAGGT_004,66
GCTGCAGCAGTACTTGAGGT_005,19
GCTGCAGCAGTACTTGAGGT_006,191
GCTGCAGCAGTACTTGAGGT_007,80
GCTGCAGCAGTACTTGAGGT_008,138
GCTGCAGCAGTACTTGAGGT_009,74
ACTCCCCGGAGTCACACGTG_001,118
ACTCCCCGGAGTCACACGTG_002,58
ACTCCCCGGAGTCACACGTG_003,66
CATCCAAGTCAGCATCTCAT_001,62
CATCCAAGTCAGCATCTCAT_002,1
CATCCAAGTCAGCATCTCAT_003,150
CATCCAAGTCAGCATCTCAT_004,105
CATCCAAGTCAGCATCTCAT_005,44
CATCCAAGTCAGCATCTCAT_006,162
CATCCAAGTCAGCATCTCAT_007,128
CATCCAAGTCAGCATCTCAT_008,41
CATCCAAGTCAGCATCTCAT_009,85
CATCCAAGTCAGCATCTCAT_010,121
CCTGAAGGACTCATTGAGCG_001,113
TTCGGCGCTGAGTTCCATGG_001,94
TTCGGCGCTGAGTTCCATGG_002,26
TTCGGCGCTGAGTTCCATGG_003,45
TTCGGCGCTGAGTTCCATGG_004,44
TTCGGCGCTGAGTTCCATGG_005,174
TTCGGCGCTGAGTTCCATGG_006,155
TTCGGCGCTGAGTTCCATGG_007,28
TTCGGCGCTGAGTTCCATGG_008,65
TTCGGCGCTGAGTTCCATGG_009,145
TTCGGCGCTGAGTTCCATGG_010,22
TTCGGCGCTGAGTTCCATGG_011,150
TTCGGCGCTGAGTTCCATGG_012,63
TTCGGCGCTGAGTTCCATGG_013,66
TTTCAGAGTTCGAACCAACG_001,43
TTTCAGAGTTCGAACCAACG_002,136
TTTCAGAGTTCGAACCAACG_003,8
TTTCAGAGTTCGAACCAACG_004,70
TTTCAGAGTTCGAACCAACG_005,83
TTTCAGAGTTCGAACCAACG_006,70
TTTCAGAGTTCGAACCAACG_007,50
ACTACTCACGCCAGAACTTC_001,121
ACTACTCACGCCAGAACTTC_002,121
ACTACTCACGCCAGAACTTC_003,35
ACTACTCACGCCAGAACTTC_004,48
ACTACTCACGCCAGAACTTC_005,191
ACTACTCACGCCAGAACTTC_006,5
ACTACTCACGCCAGAACTTC_007,85
ACTACTCACGCCAGAACTTC_008,136
ACTACTCACGCCAGAACTTC_009,129
ACTACTCACGCCAGAACTTC_010,88
ACTACTCACGCCAGAACTTC_011,48
ACTACTCACGCCAGAACTTC_012,174
CAATATCGGGTGCTACAGGA_001,55
CAATATCGGGTGCTACAGGA_002,142
CAATATCGGGTGCTACAGGA_003,96
CAATATCGGGTGCTACAGGA_004,47
CAATATCGGGTGCTACAGGA_005,34
CAATATCGGGTGCTACAGGA_006,96
CAATATCGGGTGCTACAGGA_007,188
CAATATCGGGTGCTACAGGA_008,6
CAATATCGGGTGCTACAGGA_009,183
CAATATCGGGTGCTACAGGA_010,96
CAATATCGGGTGCTACAGGA_011,101
CAATATCGGGTGCTACAGGA_012,112
CAATATCGGGTGCTACAGGA_013,117
CAATATCGGGTGCTACAGGA_014,12
CAATATCGGGTGCTACAGGA_015,28
CAATATCGGGTGCTACAGGA_016,34
CAATATCGGGTGCTACAGGA_017,175
CAATATCGGGTGCTACAGGA_018,148
CAATATCGGGTGCTACAGGA_019,185
CAATATCGGGTGCTACAGGA_020,102
CAATATCGGGTGCTACAGGA_021,38
CAATATCGGGTGCTACAGGA_022,4
CAATATCGGGTGCTACAGGA_023,42
CAATATCGGGTGCTACAGGA_024,130
CAATATCGGGTGCTACAGGA_025,35
CAATATCGGGTGCTACAGGA_026,58
CAATATCGGGTGCTACAGGA_027,51
CAATATCGGGTGCTACAGGA_028,63
CAATATCGGGTGCTACAGGA_029,13
CAATATCGGGTGCTACAGGA_030,117
CAATATCGGGTGCTACAGGA_031,35
CAATATCGGGTGCTACAGGA_032,134
CCATAGATATTAACAACATG_001,163
CCATAGATATTAACAACATG_002,174
CCATAGATATTAACAACATG_003,22
CCATAGATATTAACAACATG_004,146
CCATAGATATTAACAACATG_005,78
CCATAGATATTAACAACATG_006,147
CCATAGATATTAACAACATG_007,36
CCATAGATATTAACAACATG_008,128
CCATAGATATTAACAACATG_009,150
CCATAGATATTAACAACATG_010,8
CCATAGATATTAACAACATG_011,103
CCATAGATATTAACAACATG_012,106
CCATAGATATTAACAACATG_013,127
CCATAGATATTAACAACATG_014,33
AAAAAAGCATTGCCTGACAG_001,48
AAAAAAGCATTGCCTGACAG_002,96
AAAAAAGCATTGCCTGACAG_003,88
AAAAAAGCATTGCCTGACAG_004,9
AAAAAAGCATTGCCTGACAG_005,60
AATGTAAAAGCAATGCCGAG_001,5
AATGTAAAAGCAATGCCGAG_002,172
AATGTAAAAGCAATGCCGAG_003,42
AATGTAAAAGCAATGCCGAG_004,198
AATGTAAAAGCAATGCCGAG_005,35
AATGTAAAAGCAATGCCGAG_006,54
AATGTAAAAGCAATGCCGAG_007,176
AATGTAAAAGCAATGCCGAG_008,75
AATGTAAAAGCAATGCCGAG_009,113
AATGTAAAAGCAATGCCGAG_010,75
AATGTAAAAGCAATGCCGAG_011,197
AATGTAAAAGCAATGCCGAG_012,10
AATGTAAAAGCAATGCCGAG_013,160
AATGTAAAAGCAATGCCGAG_014,48
AATGTAAAAGCAATGCCGAG_015,189
AATGTAAAAGCAATGCCGAG_016,87
AATGTAAAAGCAATGCCGAG_017,102
AATGTAAAAGCAATGCCGAG_018,16
AATGTAAAAGCAATGCCGAG_019,57
AATGTAAAAGCAATGCCGAG_020,57
TGAACTGTGTCTCCACGTCG_001,17
TGAACTGTGTCTCCACGTCG_002,150
TGAACTGTGTCTCCACGTCG_003,141
TGAACTGTGTCTCCACGTCG_004,89
TGAACTGTGTCTCCACGTCG_005,4
TGAACTGTGTCTCCACGTCG_006,146
TGAACTGTGTCTCCACGTCG_007,9
TGACGCAGCCTCAATACGGA_001,194
TGACGCAGCCTCAATACGGA_002,54
TGACGCAGCCTCAATACGGA_003,195
TGACGCAGCCTCAATACGGA_004,90
TGACGCAGCCTCAATACGGA_005,137
TGACGCAGCCTCAATACGGA_006,40
TGACGCAGCCTCAATACGGA_007,82
TGACGCAGCCTCAATACGGA_008,5
TGACGCAGCCTCAATACGGA_009,1
TGACGCAGCCTCAATACGGA_010,145
TGACGCAGCCTCAATACGGA_011,44
TGACGCAGCCTCAATACGGA_012,37
TGACGCAGCCTCAATACGGA_013,145
TGACGCAGCCTCAATACGGA_014,82
TGACGCAGCCTCAATACGGA_015,82
TGACGCAGCCTCAATACGGA_016,28
TGACGCAGCCTCAATACGGA_017,17
TGACGCAGCCTCAATACGGA_018,188
GTCGAAGGCCCAATCCACGG_001,107
GTCGAAGGCCCAATCCACGG_002,6
GTCGAAGGCCCAATCCACGG_003,8
GTCGAAGGCCCAATCCACGG_004,61
GTCGAAGGCCCAATCCACGG_005,46
AGCACCTTGTAGGGGCACCA_001,132
AGCACCTTGTAGGGGCACCA_002,176
AGCACCTTGTAGGGGCACCA_003,94
AGCACCTTGTAGGGGCACCA_004,127
AGCACCTTGTAGGGGCACCA_005,105
AGCACCTTGTAGGGGCACCA_006,48
AGCACCTTGTAGGGGCACCA_007,43
AGCACCTTGTAGGGGCACCA_008,156
AGCACCTTGTAGGGGCACCA_009,78
AGCACCTTGTAGGGGCACCA_010,78
AGCACCTTGTAGGGGCACCA_011,152
AGCACCTTGTAGGGGCACCA_012,68
AGCACCTTGTAGGGGCACCA_013,61
AGCACCTTGTAGGGGCACCA_014,41
AGCACCTTGTAGGGGCACCA_015,167
AGCACCTTGTAGGGGCACCA_016,190
AGCACCTTGTAGGGGCACCA_017,151
AGCACCTTGTAGGGGCACCA_018,75
AGCACCTTGTAGGGGCACCA_019,193
AGCACCTTGTAGGGGCACCA_020,11
AGCACCTTGTAGGGGCACCA_021,152
AGCACCTTGTAGGGGCACCA_022,56
AGCACCTTGTAGGGGCACCA_023,145
AGCACCTTGTAGGGGCACCA_024,140
AGCACCTTGTAGGGGCACCA_025,11
AGCACCTTGTAGGGGCACCA_026,9
AGCACCTTGTAGGGGCACCA_027,169
AGCACCTTGTAGGGGCACCA_028,76
AGCACCTTGTAGGGGCACCA_029,23
AGCACCTTGTAGGGGCACCA_030,186
AGCACCTTGTAGGGGCACCA_031,111
AGCACCTTGTAGGGGCACCA_032,0
AGCACCTTGTAGGGGCACCA_033,14
AGCACCTTGTAGGGGCACCA_034,172
AGCACCTTGTAGGGGCACCA_035,77
AGCACCTTGTAGGGGCACCA_036,52
AGCACCTTGTAGGGGCACCA_037,191
AGCACCTTGTAGGGGCACCA_038,2
AGCACCTTGTAGGGGCACCA_039,31
AGCACCTTGTAGGGGCACCA_040,24
AGCACCTTGTAGGGGCACCA_041,140
AGCACCTTGTAGGGGCACCA_042,161
AGCACCTTGTAGGGGCACCA_043,70
AGCACCTTGTAGGGGCACCA_044,48
AGCACCTTGTAGGGGCACCA_045,126
ACAGCTCAAGCGCTTCATCC_001,12
ACAGCTCAAGCGCTTCATCC_002,175
ACAGCTCAAGCGCTTCATCC_003,25
ACAGCTCAAGCGCTTCATCC_004,171
ACAGCTCAAGCGCTTCATCC_005,194
ACAGCTCAAGCGCTTCATCC_006,150
ACAGCTCAAGCGCTTCATCC_007,103
ACAGCTCAAGCGCTTCATCC_008,155
ACAGCTCAAGCGCTTCATCC_009,86
ACAGCTCAAGCGCTTCATCC_010,174
ACAGCTCAAGCGCTTCATCC_011,114
ACAGCTCAAGCGCTTCATCC_012,199
ACAGCTCAAGCGCTTCATCC_013,124
ACAGCTCAAGCGCTTCATCC_014,126
ACAGCTCAAGCGCTTCATCC_015,31
ACAGCTCAAGCGCTTCATCC_016,29
ACAGCTCAAGCGCTTCATCC_017,147
ACAGCTCAAGCGCTTCATCC_018,199
ACAGCTCAAGCGCTTCATCC_019,41
GAGCTCTATGAGGGGACCTT_001,27
GAGCTCTATGAGGGGACCTT_002,49
GAGCTCTATGAGGGGACCTT_003,181
GAGCTCTATGAGGGGACCTT_004,162
GAGCTCTATGAGGGGACCTT_005,128
GAGCTCTATGAGGGGACCTT_006,178
GAGCTCTATGAGGGGACCTT_007,178
GAGCTCTATGAGGGGACCTT_008,136
GAGCTCTATGAGGGGACCTT_009,46
GAGCTCTATGAGGGGACCTT_010,61
GAGCTCTATGAGGGGACCTT_011,132
GAGCTCTATGAGGGGACCTT_012,82
GAGCTCTATGAGGGGACCTT_013,88
GAGCTCTATGAGGGGACCTT_014,120
TCCTACGACCACGATAGAGT_001,190
TCCTACGACCACGATAGAGT_002,192
TCCTACGACCACGATAGAGT_003,42
TCCTACGACCACGATAGAGT_004,177
TCCTACGACCACGATAGAGT_005,13
AACAATGGCATCTTAAATGG_001,25
AATCTTACCTCTCATCGTAG_001,15
AATCTTACCTCTCATCGTAG_002,13
AATCTTACCTCTCATCGTAG_003,88
TCTGCACGGAGTGTACCAGG_001,195
TCTGCACGGAGTGTACCAGG_002,48
TCTGCACGGAGTGTACCAGG_003,158
TCTGCACGGAGTGTACCAGG_004,82
TCTGCACGGAGTGTACCAGG_005,120
TCTGCACGGAGTGTACCAGG_006,149
TCTGCACGGAGTGTACCAGG_007,70
TTCAAGGCAGCACTTACAGG_001,121
TTCAAGGCAGCACTTACAGG_002,155
TTCAAGGCAGCACTTACAGG_003,34
TTCAAGGCAGCACTTACAGG_004,3
GGATTTGACCGAAAAAAGCG_001,114
GGATTTGACCGAAAAAAGCG_002,114
GGATTTGACCGAAAAAAGCG_003,105
CTCAACCGATCTGGTAAGCG_001,63
CTCAACCGATCTGGTAAGCG_002,26
CTCAACCGATCTGGTAAGCG_003,39
CTCAACCGATCTGGTAAGCG_004,169
CTCAACCGATCTGGTAAGCG_005,180
CCCTTCAACATGATCCTGGG_001,176
CCCTTCAACATGATCCTGGG_002,41
CCCTTCAACATGATCCTGGG_003,170
CCCTTCAACATGATCCTGGG_004,113
CCCTTCAACATGATCCTGGG_005,130
CCCTTCAACATGATCCTGGG_006,185
TGGGGAACCTCACTTCGTGG_001,29
TTCTACCACGACAACCGGCA_001,150
TTCTACCACGACAACCGGCA_002,28
TTCTACCACGACAACCGGCA_003,105
TTCTACCACGACAACCGGCA_004,2
TTCTACCACGACAACCGGCA_005,184
TTCTACCACGACAACCGGCA_006,41
TTCTACCACGACAACCGGCA_007,60
TTCTACCACGACAACCGGCA_008,157
TTCTACCACGACAACCGGCA_009,48
TTCTACCACGACAACCGGCA_010,183
TTCTACCACGACAACCGGCA_011,10
TTCTACCACGACAACCGGCA_012,40
ATGCAATCTGTACTATGGAG_001,169
ATGCAATCTGTACTATGGAG_002,94
ATGCAATCTGTACTATGGAG_003,145
ATGCAATCTGTACTATGGAG_004,17
ATGCAATCTGTACTATGGAG_005,6
TAGGGGAAAAGATTACCTTG_001,94
TAGGGGAAAAGATTACCTTG_002,184
TAGGGGAAAAGATTACCTTG_003,117
GGAAGAAGTGACTTCCACGA_001,155
GGAAGAAGTGACTTCCACGA_002,183
GGAAGAAGTGACTTCCACGA_003,132
GGAAGAAGTGACTTCCACGA_004,145
GGAAGAAGTGACTTCCACGA_005,172
GGAAGAAGTGACTTCCACGA_006,105
AGTAAAGCCTCAGTGTTGTG_001,149
AGTAAAGCCTCAGTGTTGTG_002,149
AGTAAAGCCTCAGTGTTGTG_003,25
AGTAAAGCCTCAGTGTTGTG_004,169
AGTAAAGCCTCAGTGTTGTG_005,139
AGTAAAGCCTCAGTGTTGTG_006,181
AGTAAAGCCTCAGTGTTGTG_007,81
AGTAAAGCCTCAGTGTTGTG_008,128
AGTAAAGCCTCAGTGTTGTG_009,34
AGTAAAGCCTCAGTGTTGTG_010,72
AGTAAAGCCTCAGTGTTGTG_011,143
AGTAAAGCCTCAGTGTTGTG_012,143
AGTAAAGCCTCAGTGTTGTG_013,34
AGTAAAGCCTCAGTGTTGTG_014,39
AGTAAAGCCTCAGTGTTGTG_015,94
AGTAAAGCCTCAGTGTTGTG_016,144
TCCACCGAGAGGTTGACCAG_001,26
TCCACCGAGAGGTTGACCAG_002,8
TCCACCGAGAGGTTGACCAG_003,148
TCCACCGAGAGGTTGACCAG_004,134
TCCACCGAGAGGTTGACCAG_005,144
TCCACCGAGAGGTTGACCAG_006,176
TCCACCGAGAGGTTGACCAG_007,140
TCCACCGAGAGGTTGACCAG_008,143
TCCACCGAGAGGTTGACCAG_009,49
TCCACCGAGAGGTTGACCAG_010,0
TCCACCGAGAGGTTGACCAG_011,29
TCCACCGAGAGGTTGACCAG_012,190
TCCACCGAGAGGTTGACCAG_013,104
TCCACCGAGAGGTTGACCAG_014,127
TCCACCGAGAGGTTGACCAG_015,145
TCCACCGAGAGGTTGACCAG_016,139
TCCACCGAGAGGTTGACCAG_017,58
TCCACCGAGAGGTTGACCAG_018,175
TCCACCGAGAGGTTGACCAG_019,149
TCCACCGAGAGGTTGACCAG_020,98
TCCACCGAGAGGTTGACCAG_021,140
TCCACCGAGAGGTTGACCAG_022,94
TCCACCGAGAGGTTGACCAG_023,33
TCCACCGAGAGGTTGACCAG_024,23
TCCACCGAGAGGTTGACCAG_025,23
TCCACCGAGAGGTTGACCAG_026,100
TCCACCGAGAGGTTGACCAG_027,70
TCCACCGAGAGGTTGACCAG_028,152
TCCACCGAGAGGTTGACCAG_029,52
TCCACCGAGAGGTTGACCAG_030,152
TCCACCGAGAGGTTGACCAG_031,142
TCCACCGAGAGGTTGACCAG_032,73
CTACGTCACAGAGATCTTCG_001,164
CTACGTCACAGAGATCTTCG_002,25
CTACGTCACAGAGATCTTCG_003,28
CTACGTCACAGAGATCTTCG_004,28
CTACGTCACAGAGATCTTCG_005,135
GGGACAGCGAGGTCCCCCGA_001,27
GGGACAGCGAGGTCCCCCGA_002,45
ATGATTGGATCAGTGCAGTA_001,32
ATGATTGGATCAGTGCAGTA_002,19
ATGATTGGATCAGTGCAGTA_003,169
ATGATTGGATCAGTGCAGTA_004,72
ATGATTGGATCAGTGCAGTA_005,121
ATGATTGGATCAGTGCAGTA_006,184
ATGATTGGATCAGTGCAGTA_007,10
ATGATTGGATCAGTGCAGTA_008,147
ATGATTGGATCAGTGCAGTA_009,152
ATGATTGGATCAGTGCAGTA_010,42
ATGATTGGATCAGTGCAGTA_011,8
ATGATTGGATCAGTGCAGTA_012,118
ATGATTGGATCAGTGCAGTA_013,152
ATGATTGGATCAGTGCAGTA_014,198
ATGATTGGATCAGTGCAGTA_015,165
ATGATTGGATCAGTGCAGTA_016,177
ATGATTGGATCAGTGCAGTA_017,112
ACGACGCCTCCAAGTTCGAT_001,24
ACGACGCCTCCAAGTTCGAT_002,49
ACGACGCCTCCAAGTTCGAT_003,180
ACGACGCCTCCAAGTTCGAT_004,177
ACGACGCCTCCAAGTTCGAT_005,36
ACGACGCCTCCAAGTTCGAT_006,44
ACGACGCCTCCAAGTTCGAT_007,48
ACGACGCCTCCAAGTTCGAT_008,121
AAAGCTTACCTGTTCTGTAG_001,81
AAAGCTTACCTGTTCTGTAG_002,150
AAAGCTTACCTGTTCTGTAG_003,2
AAAGCTTACCTGTTCTGTAG_004,76
AAAGCTTACCTGTTCTGTAG_005,48
AAAGCTTACCTGTTCTGTAG_006,150
AAAGCTTACCTGTTCTGTAG_007,5
GCTGCAGAACGGGCCCAAAG_001,12
GCTGCAGAACGGGCCCAAAG_002,182
GCTGCAGAACGGGCCCAAAG_003,184
GCTGCAGAACGGGCCCAAAG_004,1
GCTGCAGAACGGGCCCAAAG_005,23
GCTGCAGAACGGGCCCAAAG_006,160
GCTGCAGAACGGGCCCAAAG_007,13
GCTGCAGAACGGGCCCAAAG_008,57
GCTGCAGAACGGGCCCAAAG_009,183
GCTGCAGAACGGGCCCAAAG_010,11
GCTGCAGAACGGGCCCAAAG_011,77
GCTGCAGAACGGGCCCAAAG_012,139
GCTGCAGAACGGGCCCAAAG_013,65
GCTGCAGAACGGGCCCAAAG_014,68
GCTGCAGAACGGGCCCAAAG_015,105
GCTGCAGAACGGGCCCAAAG_016,176
GCTGCAGAACGGGCCCAAAG_017,173
GCTGCAGAACGGGCCCAAAG_018,175
GCTGCAGAACGGGCCCAAAG_019,106
GCTGCAGAACGGGCCCAAAG_020,6
GCTGCAGAACGGGCCCAAAG_021,12
TGAGGATTCAACAACCCCTG_001,58
TGAGGATTCAACAACCCCTG_002,192
TGAGGATTCAACAACCCCTG_003,98
TGAGGATTCAACAACCCCTG_004,57
TGAGGATTCAACAACCCCTG_005,118
TGAGGATTCAACAACCCCTG_006,53
TGAGGATTCAACAACCCCTG_007,40
TGAGGATTCAACAACCCCTG_008,92
TGAGGATTCAACAACCCCTG_009,139
TGAGGATTCAACAACCCCTG_010,7
TGAGGATTCAACAACCCCTG_011,4
TGAGGATTCAACAACCCCTG_012,40
AAATGCGAAGTCATATGGGT_001,116
AAATGCGAAGTCATATGGGT_002,193
AAATGCGAAGTCATATGGGT_003,179
AAATGCGAAGTCATATGGGT_004,35
AAATGCGAAGTCATATGGGT_005,45
AAATGCGAAGTCATATGGGT_006,49
AAATGCGAAGTCATATGGGT_007,166
AATGGAATTTGGATGCCCTG_001,127
AATGGAATTTGGATGCCCTG_002,42
AATGGAATTTGGATGCCCTG_003,134
AATGGAATTTGGATGCCCTG_004,48
AATGGAATTTGGATGCCCTG_005,166
AATGGAATTTGGATGCCCTG_006,75
AATGGAATTTGGATGCCCTG_007,22
AATGGAATTTGGATGCCCTG_008,116
AATGGAATTTGGATGCCCTG_009,160
AATGGAATTTGGATGCCCTG_010,83
AATGGAATTTGGATGCCCTG_011,15
AATGGAATTTGGATGCCCTG_012,96
AATGGAATTTGGATGCCCTG_013,184
AATGGAATTTGGATGCCCTG_014,149
AATGGAATTTGGATGCCCTG_015,182
AATGGAATTTGGATGCCCTG_016,127
AATGGAATTTGGATGCCCTG_017,95
AATGGAATTTGGATGCCCTG_018,155
AATGGAATTTGGATGCCCTG_019,40
AATGGAATTTGGATGCCCTG_020,17
AATGGAATTTGGATGCCCTG_021,146
AATGGAATTTGGATGCCCTG_022,137
AATGGAATTTGGATGCCCTG_023,41
AATGGAATTTGGATGCCCTG_024,32
AGATCGAGTCTATACGCTGA_001,85
AGATCGAGTCTATACGCTGA_002,85
AGATCGAGTCTATACGCTGA_003,188
AGATCGAGTCTATACGCTGA_004,9
AGATCGAGTCTATACGCTGA_005,77
AGATCGAGTCTATACGCTGA_006,64
AGATCGAGTCTATACGCTGA_007,175
AGATCGAGTCTATACGCTGA_008,175
AGATCGAGTCTATACGCTGA_009,83
AGATCGAGTCTATACGCTGA_010,146
AGATCGAGTCTATACGCTGA_011,86
AAAGTAAACGTACCAACAAG_001,65
AAAGTAAACGTACCAACAAG_002,54
ACGGCAGACCCAGTTAGGTG_001,169
ACGGCAGACCCAGTTAGGTG_002,42
ACGGCAGACCCAGTTAGGTG_003,60
ACGGCAGACCCAGTTAGGTG_004,105
ACGGCAGACCCAGTTAGGTG_005,147
ACGGCAGACCCAGTTAGGTG_006,162
ACGGCAGACCCAGTTAGGTG_007,85
ACGGCAGACCCAGTTAGGTG_008,58
ACGGCAGACCCAGTTAGGTG_009,61
ACGGCAGACCCAGTTAGGTG_010,6
ACGGCAGACCCAGTTAGGTG_011,134
ACGGCAGACCCAGTTAGGTG_012,72
ACGGCAGACCCAGTTAGGTG_013,178
ACGGCAGACCCAGTTAGGTG_014,17
ACGGCAGACCCAGTTAGGTG_015,38
ACGGCAGACCCAGTTAGGTG_016,170
CGATGGATCCCTAGTTCCTG_001,149
CGATGGATCCCTAGTTCCTG_002,61
CGATGGATCCCTAGTTCCTG_003,140
CGATGGATCCCTAGTTCCTG_004,177
CGATGGATCCCTAGTTCCTG_005,144
CGATGGATCCCTAGTTCCTG_006,65
CGATGGATCCCTAGTTCCTG_007,120
CGATGGATCCCTAGTTCCTG_008,169
CGATGGATCCCTAGTTCCTG_009,162
CGATGGATCCCTAGTTCCTG_010,56
CGATGGATCCCTAGTTCCTG_011,38
CGATGGATCCCTAGTTCCTG_012,169
CGATGGATCCCTAGTTCCTG_013,142
CGATGGATCCCTAGTTCCTG_014,103
CGATGGATCCCTAGTTCCTG_015,78
CGATGGATCCCTAGTTCCTG_016,76
CGATGGATCCCTAGTTCCTG_017,56
CGATGGATCCCTAGTTCCTG_018,148
CGATGGATCCCTAGTTCCTG_019,60
CGATGGATCCCTAGTTCCTG_020,2
CGATGGATCCCTAGTTCCTG_021,33
CGATGGATCCCTAGTTCCTG_022,19
CGATGGATCCCTAGTTCCTG_023,13
CTAACTCCTTGGTCTCCAAG_001,32
CTAACTCCTTGGTCTCCAAG_002,5
CTAACTCCTTGGTCTCCAAG_003,42
CTAACTCCTTGGTCTCCAAG_004,118
CTAACTCCTTGGTCTCCAAG_005,166
CTAACTCCTTGGTCTCCAAG_006,138
TGCTTGTTGGGTCGAACTTG_001,88
TGCTTGTTGGGTCGAACTTG_002,1
TGCTTGTTGGGTCGAACTTG_003,70
TGCTTGTTGGGTCGAACTTG_004,88
TGCTTGTTGGGTCGAACTTG_005,43
ACTTGACAGGCCTTTCCAGT_001,127
ACTTGACAGGCCTTTCCAGT_002,181
ACTTGACAGGCCTTTCCAGT_003,149
ACTTGACAGGCCTTTCCAGT_004,118
ACTTGACAGGCCTTTCCAGT_005,82
ACTTGACAGGCCTTTCCAGT_006,118
ACTTGACAGGCCTTTCCAGT_007,104
ACTTGACAGGCCTTTCCAGT_008,155
ACTTGACAGGCCTTTCCAGT_009,48
ACTTGACAGGCCTTTCCAGT_010,17
ACTTGACAGGCCTTTCCAGT_011,7
ACTTGACAGGCCTTTCCAGT_012,27
ACTTGACAGGCCTTTCCAGT_013,112
ACTTGACAGGCCTTTCCAGT_014,69
ACTTGACAGGCCTTTCCAGT_015,134
ACTTGACAGGCCTTTCCAGT_016,73
AGGTGCGAAAACGTAGACGA_001,113
AGGTGCGAAAACGTAGACGA_002,190
AGGTGCGAAAACGTAGACGA_003,58
AGGTGCGAAAACGTAGACGA_004,26
AGGTGCGAAAACGTAGACGA_005,34
AGGTGCGAAAACGTAGACGA_006,177
AGGTGCGAAAACGTAGACGA_007,153
AGGTGCGAAAACGTAGACGA_008,158
AGGTGCGAAAACGTAGACGA_009,16
AGGTGCGAAAACGTAGACGA_010,72
AGGTGCGAAAACGTAGACGA_011,141
AGGTGCGAAAACGTAGACGA_012,71
AGGTGCGAAAACGTAGACGA_013,177
AGGTGCGAAAACGTAGACGA_014,164
AGGTGCGAAAACGTAGACGA_015,1
AGGTGCGAAAACGTAGACGA_016,199
AGGTGCGAAAACGTAGACGA_017,69
AGGTGCGAAAACGTAGACGA_018,34
AGGTGCGAAAACGTAGACGA_019,33
AGGTGCGAAAACGTAGACGA_020,12
AGGTGCGAAAACGTAGACGA_021,109
AGGTGCGAAAACGTAGACGA_022,85
AGGTGCGAAAACGTAGACGA_023,119
AGGTGCGAAAACGTAGACGA_024,169
AGGTGCGAAAACGTAGACGA_025,76
AGGTGCGAAAACGTAGACGA_026,197
AGGTGCGAAAACGTAGACGA_027,137
AGGTGCGAAAACGTAGACGA_028,118
AGGTGCGAAAACGTAGACGA_029,168
AGGTGCGAAAACGTAGACGA_030,174
CCAACTTTGATCCAGCAGAA_001,94
CCAACTTTGATCCAGCAGAA_002,48
CCAACTTTGATCCAGCAGAA_003,161
CCAACTTTGATCCAGCAGAA_004,65
CCAACTTTGATCCAGCAGAA_005,115
CCAACTTTGATCCAGCAGAA_006,41
CCAACTTTGATCCAGCAGAA_007,91
CCAACTTTGATCCAGCAGAA_008,75
CCAACTTTGATCCAGCAGAA_009,178
CCAACTTTGATCCAGCAGAA_010,36
CCAACTTTGATCCAGCAGAA_011,165
CCAACTTTGATCCAGCAGAA_012,196
CCAACTTTGATCCAGCAGAA_013,127
CCAACTTTGATCCAGCAGAA_014,70
CCAACTTTGATCCAGCAGAA_015,158
TGAGACCACAGGCGACACCG_001,184
TGAGACCACAGGCGACACCG_002,19
TGAGACCACAGGCGACACCG_003,139
TGAGACCACAGGCGACACCG_004,137
TGAGACCACAGGCGACACCG_005,154
TGAGACCACAGGCGACACCG_006,125
TGAGACCACAGGCGACACCG_007,153
TGAGACCACAGGCGACACCG_008,188
TGAGACCACAGGCGACACCG_009,149
TGAGACCACAGGCGACACCG_010,70
TGAGACCACAGGCGACACCG_011,187
TGAGACCACAGGCGACACCG_012,172
TGAGACCACAGGCGACACCG_013,116
TGAGACCACAGGCGACACCG_014,82
TGAGACCACAGGCGACACCG_015,35
TGAGACCACAGGCGACACCG_016,137
TGAGACCACAGGCGACACCG_017,124
TGAGACCACAGGCGACACCG_018,77
TGAGACCACAGGCGACACCG_019,137
TGAGACCACAGGCGACACCG_020,151
GGAAGAATTCAGCTCCCACA_001,183
GGAAGAATTCAGCTCCCACA_002,121
GGAAGAATTCAGCTCCCACA_003,94
GGAAGAATTCAGCTCCCACA_004,197
GGAAGAATTCAGCTCCCACA_005,50
GGAAGAATTCAGCTCCCACA_006,34
GGAAGAATTCAGCTCCCACA_007,109
CCTGATAAGATACTGGCTAG_001,160
CTACTGTGAAGCACATGCCA_001,76
CTACTGTGAAGCACATGCCA_002,48
CTACTGTGAAGCACATGCCA_003,28
CTACTGTGAAGCACATGCCA_004,119
CTACTGTGAAGCACATGCCA_005,159
CTACTGTGAAGCACATGCCA_006,121
CTACTGTGAAGCACATGCCA_007,1
CTACTGTGAAGCACATGCCA_008,9
CTACTGTGAAGCACATGCCA_009,43
CTACTGTGAAGCACATGCCA_010,17
CTACTGTGAAGCACATGCCA_011,188
CTACTGTGAAGCACATGCCA_012,147
CTACTGTGAAGCACATGCCA_013,167
CTACTGTGAAGCACATGCCA_014,167
CTACTGTGAAGCACATGCCA_015,55
CTACTGTGAAGCACATGCCA_016,158
CTACTGTGAAGCACATGCCA_017,78
CTACTGTGAAGCACATGCCA_018,174
CTACTGTGAAGCACATGCCA_019,89
CTACTGTGAAGCACATGCCA_020,31
CTACTGTGAAGCACATGCCA_021,177
CTACTGTGAAGCACATGCCA_022,63
CTACTGTGAAGCACATGCCA_023,150
CTACTGTGAAGCACATGCCA_024,67
CTACTGTGAAGCACATGCCA_025,34
CTACTGTGAAGCACATGCCA_026,175
CTACTGTGAAGCACATGCCA_027,175
CTACTGTGAAGCACATGCCA_028,124
CTACTGTGAAGCACATGCCA_029,69
GGTAGAAAAGGATATTTCTG_001,91
GGTAGAAAAGGATATTTCTG_002,69
GGTAGAAAAGGATATTTCTG_003,77
GGTAGAAAAGGATATTTCTG_004,145
GTAGGTGAGTCCCATATGCT_001,183
GTAGGTGAGTCCCATATGCT_002,15
GTAGGTGAGTCCCATATGCT_003,76
GTAGGTGAGTCCCATATGCT_004,45
GTAGGTGAGTCCCATATGCT_005,156
GTAGGTGAGTCCCATATGCT_006,45
GTAGGTGAGTCCCATATGCT_007,92
GTAGGTGAGTCCCATATGCT_008,43
GTAGGTGAGTCCCATATGCT_009,195
GTAGGTGAGTCCCATATGCT_010,5
GTAGGTGAGTCCCATATGCT_011,150
GTAGGTGAGTCCCATATGCT_012,97
GTAGGTGAGTCCCATATGCT_013,50
GTAGGTGAGTCCCATATGCT_014,199
GTAGGTGAGTCCCATATGCT_015,180
GTAGGTGAGTCCCATATGCT_016,87
TGAGACTGAATGGTAAAGAG_001,77
TGAGACTGAATGGTAAAGAG_002,77
TGAGACTGAATGGTAAAGAG_003,93
TGAGACTGAATGGTAAAGAG_004,149
GGCGGAAATCTGACCCTCGG_001,23
GGCGGAAATCTGACCCTCGG_002,23
GGCGGAAATCTGACCCTCGG_003,144
GGCGGAAATCTGACCCTCGG_004,39
GGCGGAAATCTGACCCTCGG_005,29
TGTTGACGGTGATGCACACT_001,103
TGTTGACGGTGATGCACACT_002,182
TGTTGACGGTGATGCACACT_003,169
TACGGCCAGTAATTAGAGCT_001,172
TACGGCCAGTAATTAGAGCT_002,101
AAGTCACTTAAAAATCAACA_001,58
AAGTCACTTAAAAATCAACA_002,19
AAGTCACTTAAAAATCAACA_003,63
AAGTCACTTAAAAATCAACA_004,46
CTTCGACACAGGAAAGCACA_001,60
CTTCGACACAGGAAAGCACA_002,176
CTTCGACACAGGAAAGCACA_003,138
CTTCGACACAGGAAAGCACA_004,80
GGTCCCTCAGGGTGCAACTT_001,191
GGTCCCTCAGGGTGCAACTT_002,36
GGTCCCTCAGGGTGCAACTT_003,65
GGTCCCTCAGGGTGCAACTT_004,29
GGTCCCTCAGGGTGCAACTT_005,107
GGTCCCTCAGGGTGCAACTT_006,102
GGTCCCTCAGGGTGCAACTT_007,81
GGTCCCTCAGGGTGCAACTT_008,37
GGTCCCTCAGGGTGCAACTT_009,70
GGTCCCTCAGGGTGCAACTT_010,137
GGTCCCTCAGGGTGCAACTT_011,179
GGTCCCTCAGGGTGCAACTT_012,30
GGTCCCTCAGGGTGCAACTT_013,158
GGTCCCTCAGGGTGCAACTT_014,88
GGTCCCTCAGGGTGCAACTT_015,29
GGTCCCTCAGGGTGCAACTT_016,30
GGTCCCTCAGGGTGCAACTT_017,192
GGTCCCTCAGGGTGCAACTT_018,152
GGTCCCTCAGGGTGCAACTT_019,56
GGTCCCTCAGGGTGCAACTT_020,8
GGTCCCTCAGGGTGCAACTT_021,115
GGTCCCTCAGGGTGCAACTT_022,53
GGTCCCTCAGGGTGCAACTT_023,34
GGTCCCTCAGGGTGCAACTT_024,178
GGTCCCTCAGGGTGCAACTT_025,196
GGTCCCTCAGGGTGCAACTT_026,14
GGTCCCTCAGGGTGCAACTT_027,20
GGTCCCTCAGGGTGCAACTT_028,139
GGTCCCTCAGGGTGCAACTT_029,9
GGTCCCTCAGGGTGCAACTT_030,19
GGTCCCTCAGGGTGCAACTT_031,176
GGTCCCTCAGGGTGCAACTT_032,148
GGTCCCTCAGGGTGCAACTT_033,180
GGTCCCTCAGGGTGCAACTT_034,190
GGTCCCTCAGGGTGCAACTT_035,9
GGTCCCTCAGGGTGCAACTT_036,96
GGTCCCTCAGGGTGCAACTT_037,136
GGTCCCTCAGGGTGCAACTT_038,40
GGTCCCTCAGGGTGCAACTT_039,1
GGTCCCTCAGGGTGCAACTT_040,124
GGTCCCTCAGGGTGCAACTT_041,166
GGTCCCTCAGGGTGCAACTT_042,170
GGTCCCTCAGGGTGCAACTT_043,68
GGTCCCTCAGGGTGCAACTT_044,100
GGTCCCTCAGGGTGCAACTT_045,137
CAGTGTGTACTGGCCACATA_001,103
CAGTGTGTACTGGCCACATA_002,123
CAGTGTGTACTGGCCACATA_003,37
CAGTGTGTACTGGCCACATA_004,147
CAGTGTGTACTGGCCACATA_005,83
CAGTGTGTACTGGCCACATA_006,69
CAGTGTGTACTGGCCACATA_007,40
CAGTGTGTACTGGCCACATA_008,121
CAGTGTGTACTGGCCACATA_009,140
CAGTGTGTACTGGCCACATA_010,81
CAGTGTGTACTGGCCACATA_011,174
CAGTGTGTACTGGCCACATA_012,15
CAGTGTGTACTGGCCACATA_013,52
CAGTGTGTACTGGCCACATA_014,116
CAGTGTGTACTGGCCACATA_015,44
CAGTGTGTACTGGCCACATA_016,176
TATGAAGGTCGGTAAAGGAC_001,15
TATGAAGGTCGGTAAAGGAC_002,35
TGGGGGCACATGCATCGATG_001,55
TGGGGGCACATGCATCGATG_002,157
TGGGGGCACATGCATCGATG_003,33
TGGGGGCACATGCATCGATG_004,71
CTAGTCAGTGGAAAACCGAT_001,151
CTAGTCAGTGGAAAACCGAT_002,17
CTAGTCAGTGGAAAACCGAT_003,105
CTAGTCAGTGGAAAACCGAT_004,181
CTAGTCAGTGGAAAACCGAT_005,58
CTAGTCAGTGGAAAACCGAT_006,185
CTAGTCAGTGGAAAACCGAT_007,11
CTAGTCAGTGGAAAACCGAT_008,172
CTAGTCAGTGGAAAACCGAT_009,6
CTAGTCAGTGGAAAACCGAT_010,165
CTAGTCAGTGGAAAACCGAT_011,188
CTAGTCAGTGGAAAACCGAT_012,43
CTAGTCAGTGGAAAACCGAT_013,16
GTTGCCAGTTATGATACTGT_001,170
GTTGCCAGTTATGATACTGT_002,120
ACGTTGTGCAAAGACTGTCG_001,84
ACGTTGTGCAAAGACTGTCG_002,94
ACGTTGTGCAAAGACTGTCG_003,153
ACGTTGTGCAAAGACTGTCG_004,27
ACGTTGTGCAAAGACTGTCG_005,182
ACGTTGTGCAAAGACTGTCG_006,58
ACGTTGTGCAAAGACTGTCG_007,5
ACGTTGTGCAAAGACTGTCG_008,95
ACGTTGTGCAAAGACTGTCG_009,48
ACGTTGTGCAAAGACTGTCG_010,48
ACGTTGTGCAAAGACTGTCG_011,77
ACGTTGTGCAAAGACTGTCG_012,138
ACGTTGTGCAAAGACTGTCG_013,127
ACGTTGTGCAAAGACTGTCG_014,146
ACGTTGTGCAAAGACTGTCG_015,192
ACGTTGTGCAAAGACTGTCG_016,80
ACGTTGTGCAAAGACTGTCG_017,105
ACGTTGTGCAAAGACTGTCG_018,5
ACGTTGTGCAAAGACTGTCG_019,81
ACGTTGTGCAAAGACTGTCG_020,91
ACGTTGTGCAAAGACTGTCG_021,107
ACGTTGTGCAAAGACTGTCG_022,147
ACGTTGTGCAAAGACTGTCG_023,27
ACGTTGTGCAAAGACTGTCG_024,22
ACGTTGTGCAAAGACTGTCG_025,2
ACGTTGTGCAAAGACTGTCG_026,88
ACGTTGTGCAAAGACTGTCG_027,28
ACGTTGTGCAAAGACTGTCG_028,8
ACGTTGTGCAAAGACTGTCG_029,20
ACGTTGTGCAAAGACTGTCG_030,78
ACGTTGTGCAAAGACTGTCG_031,42
TTGGATGCTTGACAAACTAA_001,51
TTGGATGCTTGACAAACTAA_002,105
TTGGATGCTTGACAAACTAA_003,19
TTGGATGCTTGACAAACTAA_004,115
TTGGATGCTTGACAAACTAA_005,30
GAACTGCAAAAATGCGCGTG_001,8
GAACTGCAAAAATGCGCGTG_002,149
GAACTGCAAAAATGCGCGTG_003,49
GAACTGCAAAAATGCGCGTG_004,148
GAACTGCAAAAATGCGCGTG_005,160
GAACTGCAAAAATGCGCGTG_006,1
GAACTGCAAAAATGCGCGTG_007,119
GAACTGCAAAAATGCGCGTG_008,9
GAACTGCAAAAATGCGCGTG_009,48
GAACTGCAAAAATGCGCGTG_010,1
GAACTGCAAAAATGCGCGTG_011,16
GAACTGCAAAAATGCGCGTG_012,76
GAACTGCAAAAATGCGCGTG_013,145
GAACTGCAAAAATGCGCGTG_014,178
GAACTGCAAAAATGCGCGTG_015,6
GAACTGCAAAAATGCGCGTG_016,178
ATCCCAGAACTAGACGTGCA_001,184
ATCCCAGAACTAGACGTGCA_002,19
ATCCCAGAACTAGACGTGCA_003,168
ATCCCAGAACTAGACGTGCA_004,20
ATCCCAGAACTAGACGTGCA_005,35
ATCCCAGAACTAGACGTGCA_006,78
ATCCCAGAACTAGACGTGCA_007,77
ATCCCAGAACTAGACGTGCA_008,70
ATCCCAGAACTAGACGTGCA_009,22
ATCCCAGAACTAGACGTGCA_010,88
ATCCCAGAACTAGACGTGCA_011,84
ATCCCAGAACTAGACGTGCA_012,197
ATCCCAGAACTAGACGTGCA_013,60
ATCCCAGAACTAGACGTGCA_014,182
ATCCCAGAACTAGACGTGCA_015,103
ATCCCAGAACTAGACGTGCA_016,168
ATCCCAGAACTAGACGTGCA_017,166
TCATGAACAGCCGTGAGTAT_001,5
TCATGAACAGCCGTGAGTAT_002,58
TCATGAACAGCCGTGAGTAT_003,177
TCATGAACAGCCGTGAGTAT_004,50
TCATGAACAGCCGTGAGTAT_005,148
TCATGAACAGCCGTGAGTAT_006,62
TCATGAACAGCCGTGAGTAT_007,123
TCATGAACAGCCGTGAGTAT_008,46
TCATGAACAGCCGTGAGTAT_009,24
TCATGAACAGCCGTGAGTAT_010,127
TGAGTGACCCGGACGCCTTG_001,166
TGAGTGACCCGGACGCCTTG_002,39
TGAGTGACCCGGACGCCTTG_003,147
TGAGTGACCCGGACGCCTTG_004,58
TGAGTGACCCGGACGCCTTG_005,182
TGAGTGACCCGGACGCCTTG_006,158
TGAGTGACCCGGACGCCTTG_007,6
TGTGTCAGACACAAACACCG_001,12
TGTGTCAGACACAAACACCG_002,198
TGTGTCAGACACAAACACCG_003,35
TGTGTCAGACACAAACACCG_004,75
TGTGTCAGACACAAACACCG_005,27
TGTGTCAGACACAAACACCG_006,117
TGTGTCAGACACAAACACCG_007,178
TGTGTCAGACACAAACACCG_008,166
TGTGTCAGACACAAACACCG_009,96
TGTGTCAGACACAAACACCG_010,183
TGTGTCAGACACAAACACCG_011,114
TGTGTCAGACACAAACACCG_012,185
TGTGTCAGACACAAACACCG_013,23
TGTGTCAGACACAAACACCG_014,166
TGTGTCAGACACAAACACCG_015,49
TGTGTCAGACACAAACACCG_016,18
TGTGTCAGACACAAACACCG_017,111
TGTGTCAGACACAAACACCG_018,115
TGTGTCAGACACAAACACCG_019,188
TGTGTCAGACACAAACACCG_020,168
ACAGACCTGACTGTTCTCCA_001,2
ACAGACCTGACTGTTCTCCA_002,70
ACAGACCTGACTGTTCTCCA_003,28
ACAGACCTGACTGTTCTCCA_004,144
ACAGACCTGACTGTTCTCCA_005,53
ACAGACCTGACTGTTCTCCA_006,47
ACAGACCTGACTGTTCTCCA_007,15
ACAGACCTGACTGTTCTCCA_008,117
ACAGACCTGACTGTTCTCCA_009,123
ACAGACCTGACTGTTCTCCA_010,65
ACAGACCTGACTGTTCTCCA_011,64
ACAGACCTGACTGTTCTCCA_012,118
ACAGACCTGACTGTTCTCCA_013,178
ACAGACCTGACTGTTCTCCA_014,91
ACAGACCTGACTGTTCTCCA_015,179
ACAGACCTGACTGTTCTCCA_016,121
ACAGACCTGACTGTTCTCCA_017,142
ACAGACCTGACTGTTCTCCA_018,81
ACAGACCTGACTGTTCTCCA_019,63
ACAGACCTGACTGTTCTCCA_020,29
ACAGACCTGACTGTTCTCCA_021,147
ACAGACCTGACTGTTCTCCA_022,121
ACAGACCTGACTGTTCTCCA_023,63
ACAGACCTGACTGTTCTCCA_024,19
ACAGACCTGACTGTTCTCCA_025,125
TGGCACAGGAACACCCATAG_001,109
TGGCACAGGAACACCCATAG_002,177
TGGCACAGGAACACCCATAG_003,54
AACGTGGAGTGCCCACACAC_001,166
AACGTGGAGTGCCCACACAC_002,185
AACGTGGAGTGCCCACACAC_003,138
AACGTGGAGTGCCCACACAC_004,169
AACGTGGAGTGCCCACACAC_005,134
AACGTGGAGTGCCCACACAC_006,66
AACGTGGAGTGCCCACACAC_007,124
AACGTGGAGTGCCCACACAC_008,146
AACGTGGAGTGCCCACACAC_009,146
AACGTGGAGTGCCCACACAC_010,174
AACGTGGAGTGCCCACACAC_011,49
AACGTGGAGTGCCCACACAC_012,150
AACGTGGAGTGCCCACACAC_013,148
AACGTGGAGTGCCCACACAC_014,148
AACGTGGAGTGCCCACACAC_015,2
AACGTGGAGTGCCCACACAC_016,149
AACGTGGAGTGCCCACACAC_017,175
AACGTGGAGTGCCCACACAC_018,70
AACGTGGAGTGCCCACACAC_019,51
GAACCTCCCCGAATATCTGG_001,5
GAACCTCCCCGAATATCTGG_002,160
GAACCTCCCCGAATATCTGG_003,177
GAACCTCCCCGAATATCTGG_004,53
GAACCTCCCCGAATATCTGG_005,94
GAACCTCCCCGAATATCTGG_006,1
GAACCTCCCCGAATATCTGG_007,94
GAACCTCCCCGAATATCTGG_008,0
GAACCTCCCCGAATATCTGG_009,172
GAACCTCCCCGAATATCTGG_010,70
GAACCTCCCCGAATATCTGG_011,188
GAACCTCCCCGAATATCTGG_012,149
GAACCTCCCCGAATATCTGG_013,56
GAACCTCCCCGAATATCTGG_014,74
GCACATCATCATGCACCGTG_001,62
GCACATCATCATGCACCGTG_002,140
GCACATCATCATGCACCGTG_003,38
GCACATCATCATGCACCGTG_004,5
GCACATCATCATGCACCGTG_005,138
GCACATCATCATGCACCGTG_006,194
GCACATCATCATGCACCGTG_007,154
GCACATCATCATGCACCGTG_008,60
GCACATCATCATGCACCGTG_009,103
GCACATCATCATGCACCGTG_010,50
GCACATCATCATGCACCGTG_011,175
GCACATCATCATGCACCGTG_012,94
GCACATCATCATGCACCGTG_013,169
GCACATCATCATGCACCGTG_014,162
GCACATCATCATGCACCGTG_015,17
GCACATCATCATGCACCGTG_016,173
GCACATCATCATGCACCGTG_017,38
GCACATCATCATGCACCGTG_018,55
GCACATCATCATGCACCGTG_019,50
GCACATCATCATGCACCGTG_020,32
GCACATCATCATGCACCGTG_021,170
GCACATCATCATGCACCGTG_022,75
GCACATCATCATGCACCGTG_023,2
GCACATCATCATGCACCGTG_024,179
GCACATCATCATGCACCGTG_025,28
GCACATCATCATGCACCGTG_026,162
GCACATCATCATGCACCGTG_027,84
GCACATCATCATGCACCGTG_028,33
GCACATCATCATGCACCGTG_029,197
CGGGCACGCTGAGCAACCGA_001,77
CGGGCACGCTGAGCAACCGA_002,106
GCTGCGATCCGGCTGGACAG_001,32
GCTGCGATCCGGCTGGACAG_002,127
GCTGCGATCCGGCTGGACAG_003,82
GCTGCGATCCGGCTGGACAG_004,142
GCTGCGATCCGGCTGGACAG_005,10
GATCATTCCCAACACAACTT_001,198
GATCATTCCCAACACAACTT_002,154
GATCATTCCCAACACAACTT_003,108
GATCATTCCCAACACAACTT_004,49
GATCATTCCCAACACAACTT_005,58
GATCATTCCCAACACAACTT_006,115
GATCATTCCCAACACAACTT_007,177
GATCATTCCCAACACAACTT_008,22
CCTCTGCGTAAAATCCGTTG_001,19
CCTCTGCGTAAAATCCGTTG_002,177
CCTCTGCGTAAAATCCGTTG_003,113
CCTCTGCGTAAAATCCGTTG_004,158
CCTCTGCGTAAAATCCGTTG_005,40
AAGGTCAATAGCGCTACCAA_001,35
AAGGTCAATAGCGCTACCAA_002,58
AAGGTCAATAGCGCTACCAA_003,141
AAGGTCAATAGCGCTACCAA_004,190
AAGGTCAATAGCGCTACCAA_005,14
AAGGTCAATAGCGCTACCAA_006,158
AAGGTCAATAGCGCTACCAA_007,84
AAGGTCAATAGCGCTACCAA_008,84
AAGGTCAATAGCGCTACCAA_009,29
AAGGTCAATAGCGCTACCAA_010,15
AAGGTCAATAGCGCTACCAA_011,65
AAGGTCAATAGCGCTACCAA_012,91
AAGGTCAATAGCGCTACCAA_013,34
AAGGTCAATAGCGCTACCAA_014,84
AAGGTCAATAGCGCTACCAA_015,70
GAGGGAAACCAGGAAAAGCA_001,150
GAGGGAAACCAGGAAAAGCA_002,83
GAGGGAAACCAGGAAAAGCA_003,15
GAGGGAAACCAGGAAAAGCA_004,65
GAGGGAAACCAGGAAAAGCA_005,147
GAGGGAAACCAGGAAAAGCA_006,98
GAGGGAAACCAGGAAAAGCA_007,50
GAGGGAAACCAGGAAAAGCA_008,48
GAGGGAAACCAGGAAAAGCA_009,17
GAGGGAAACCAGGAAAAGCA_010,28
GAGGGAAACCAGGAAAAGCA_011,25
GAGGGAAACCAGGAAAAGCA_012,165
GAGGGAAACCAGGAAAAGCA_013,46
GAGGGAAACCAGGAAAAGCA_014,165
GAGGGAAACCAGGAAAAGCA_015,192
GAGGGAAACCAGGAAAAGCA_016,27
GAGGGAAACCAGGAAAAGCA_017,103
GAGGGAAACCAGGAAAAGCA_018,37
GAGGGAAACCAGGAAAAGCA_019,137
GAGGGAAACCAGGAAAAGCA_020,17
GAGGGAAACCAGGAAAAGCA_021,118
GAGGGAAACCAGGAAAAGCA_022,96
GAGGGAAACCAGGAAAAGCA_023,106
GAGGGAAACCAGGAAAAGCA_024,152
GAGGGAAACCAGGAAAAGCA_025,180
GGCGGTTAAACTTGATATGG_001,27
GGCGGTTAAACTTGATATGG_002,105
GGCGGTTAAACTTGATATGG_003,150
GGCGGTTAAACTTGATATGG_004,132
GGCGGTTAAACTTGATATGG_005,183
GGCGGTTAAACTTGATATGG_006,82
GGCGGTTAAACTTGATATGG_007,33
TGGTGATGCTCACCTCCCGT_001,176
TGGTGATGCTCACCTCCCGT_002,156
TGGTGATGCTCACCTCCCGT_003,153
TGGTGATGCTCACCTCCCGT_004,115
AAAGCCGCATGACCGAGACC_001,147
AAAGCCGCATGACCGAGACC_002,158
AAAGCCGCATGACCGAGACC_003,6
AAAGCCGCATGACCGAGACC_004,191
AAAGCCGCATGACCGAGACC_005,29
AAAGCCGCATGACCGAGACC_006,85
AAAGCCGCATGACCGAGACC_007,2
AAAGCCGCATGACCGAGACC_008,162
AAAGCCGCATGACCGAGACC_009,77
AAAGCCGCATGACCGAGACC_010,149
AAAGCCGCATGACCGAGACC_011,34
CCATCACGTCGTAGTAGCCG_001,176
CCATCACGTCGTAGTAGCCG_002,48
CCATCACGTCGTAGTAGCCG_003,138
CCATCACGTCGTAGTAGCCG_004,156
CCATCACGTCGTAGTAGCCG_005,22
GCTTCTTAGCAAATTCCGCA_001,160
GCTTCTTAGCAAATTCCGCA_002,58
GCTTCTTAGCAAATTCCGCA_003,151
GCTTCTTAGCAAATTCCGCA_004,197
GCTTCTTAGCAAATTCCGCA_005,148
CTTTCCATTCCCCAGGCGGG_001,88
CTTTCCATTCCCCAGGCGGG_002,184
CTTTCCATTCCCCAGGCGGG_003,115
CTTTCCATTCCCCAGGCGGG_004,56
TGGGGCCACGAATCCCTACA_001,62
TGGGGCCACGAATCCCTACA_002,118
TGGGGCCACGAATCCCTACA_003,14
TGGGGCCACGAATCCCTACA_004,57
TGGGGCCACGAATCCCTACA_005,119
TGGGGCCACGAATCCCTACA_006,103
TGGGGCCACGAATCCCTACA_007,118
TGGGGCCACGAATCCCTACA_008,6
TGGGGCCACGAATCCCTACA_009,178
TGGGGCCACGAATCCCTACA_010,184
TGGGGCCACGAATCCCTACA_011,157
TGGGGCCACGAATCCCTACA_012,162
TGGGGCCACGAATCCCTACA_013,161
TGGGGCCACGAATCCCTACA_014,36
TGGGGCCACGAATCCCTACA_015,63
TGGGGCCACGAATCCCTACA_016,142
TGGGGCCACGAATCCCTACA_017,28
TGGGGCCACGAATCCCTACA_018,36
TGGGGCCACGAATCCCTACA_019,34
TGGGGCCACGAATCCCTACA_020,78
GCCATCGAGGGTGAGTACAG_001,101
GCCATCGAGGGTGAGTACAG_002,40
GCCATCGAGGGTGAGTACAG_003,48
GCCATCGAGGGTGAGTACAG_004,48
GCCATCGAGGGTGAGTACAG_005,152
GCCATCGAGGGTGAGTACAG_006,142
GCCATCGAGGGTGAGTACAG_007,98
CCCCGCACGTGGATAGACCG_001,45
CCCCGCACGTGGATAGACCG_002,62
CCCCGCACGTGGATAGACCG_003,56
CCCCGCACGTGGATAGACCG_004,34
CCCCGCACGTGGATAGACCG_005,165
CCCCGCACGTGGATAGACCG_006,154
CCCCGCACGTGGATAGACCG_007,155
CCCCGCACGTGGATAGACCG_008,119
CCCCTCAAAGACTTCCGGGG_001,105
CCCCTCAAAGACTTCCGGGG_002,85
CCCCTCAAAGACTTCCGGGG_003,129
ACTCCTCAGATGCTCACGAA_001,43
ACTCCTCAGATGCTCACGAA_002,16
ACTCCTCAGATGCTCACGAA_003,150
ACTCCTCAGATGCTCACGAA_004,15
ACTCCTCAGATGCTCACGAA_005,46
ACTCCTCAGATGCTCACGAA_006,60
CTCCGGTGATCACATCCTCA_001,134
CTCCGGTGATCACATCCTCA_002,76
CTCCGGTGATCACATCCTCA_003,42
CTCCGGTGATCACATCCTCA_004,74
CTCCGGTGATCACATCCTCA_005,149
CTCCGGTGATCACATCCTCA_006,186
CTCCGGTGATCACATCCTCA_007,70
CTCCGGTGATCACATCCTCA_008,50
GCTGGTTATAGGAACTACAC_001,49
GCTGGTTATAGGAACTACAC_002,146
GCTGGTTATAGGAACTACAC_003,127
GAAGACCACAGCACCCACCA_001,76
GAAGACCACAGCACCCACCA_002,127
GAAGACCACAGCACCCACCA_003,37
GAAGACCACAGCACCCACCA_004,5
GAAGACCACAGCACCCACCA_005,127
GAAGACCACAGCACCCACCA_006,48
GAAGACCACAGCACCCACCA_007,10
GAAGACCACAGCACCCACCA_008,20
GAAGACCACAGCACCCACCA_009,159
GAAGACCACAGCACCCACCA_010,198
GAAGACCACAGCACCCACCA_011,2
GAAGACCACAGCACCCACCA_012,94
GAAGACCACAGCACCCACCA_013,76
GCACCTGAAGAATGCATTTG_001,107
GCACCTGAAGAATGCATTTG_002,186
GCACCTGAAGAATGCATTTG_003,87
GCACCTGAAGAATGCATTTG_004,93
GCACCTGAAGAATGCATTTG_005,11
GGTCGCCAGCTTTCTCCGAA_001,48
GGTCGCCAGCTTTCTCCGAA_002,137
GGTCGCCAGCTTTCTCCGAA_003,19
GGTCGCCAGCTTTCTCCGAA_004,156
GGTCGCCAGCTTTCTCCGAA_005,39
CAGACGCCCAGTCACAGGCG_001,8
CAGACGCCCAGTCACAGGCG_002,147
CAGACGCCCAGTCACAGGCG_003,43
CAGACGCCCAGTCACAGGCG_004,160
CAGACGCCCAGTCACAGGCG_005,151
CAGACGCCCAGTCACAGGCG_006,88
CAGACGCCCAGTCACAGGCG_007,151
CAGACGCCCAGTCACAGGCG_008,24
CAGACGCCCAGTCACAGGCG_009,161
CAGACGCCCAGTCACAGGCG_010,65
CAGACGCCCAGTCACAGGCG_011,40
CAGACGCCCAGTCACAGGCG_012,43
CAGACGCCCAGTCACAGGCG_013,0
CAGACGCCCAGTCACAGGCG_014,64
CAGACGCCCAGTCACAGGCG_015,184
CAGACGCCCAGTCACAGGCG_016,184
GGGCTTCACATTCACATTGG_001,49
GGGCTTCACATTCACATTGG_002,29
GGGCTTCACATTCACATTGG_003,119
AGAGATGACATTACCCAAAG_001,104
AGAGATGACATTACCCAAAG_002,0
CAGTTTGCTCAAGAACTCAG_001,80
CAGTTTGCTCAAGAACTCAG_002,152
CAGTTTGCTCAAGAACTCAG_003,174
CAGTTTGCTCAAGAACTCAG_004,66
CAGTTTGCTCAAGAACTCAG_005,19
CAGTTTGCTCAAGAACTCAG_006,19
AAGATAAAGTCTACCTTACA_001,113
CCATTCACGAAGCCCAGAAG_001,102
CCATTCACGAAGCCCAGAAG_002,8
CCATTCACGAAGCCCAGAAG_003,192
CCATTCACGAAGCCCAGAAG_004,61
CCATTCACGAAGCCCAGAAG_005,86
GAGCCCATCGACCTGACCGA_001,145
GAGCCCATCGACCTGACCGA_002,111
GAGCCCATCGACCTGACCGA_003,39
GAGCCCATCGACCTGACCGA_004,1
GAGCCCATCGACCTGACCGA_005,50
GAGCCCATCGACCTGACCGA_006,156
GAGCCCATCGACCTGACCGA_007,60
GAGCCCATCGACCTGACCGA_008,133
GAGCCCATCGACCTGACCGA_009,94
GAGCCCATCGACCTGACCGA_010,51
GAGCCCATCGACCTGACCGA_011,112
GAGCCCATCGACCTGACCGA_012,68
GAGCCCATCGACCTGACCGA_013,134
GAGCCCATCGACCTGACCGA_014,180
GAGCCCATCGACCTGACCGA_015,197
GAGCCCATCGACCTGACCGA_016,107
GAGCCCATCGACCTGACCGA_017,105
GAGCCCATCGACCTGACCGA_018,176
GAGCCCATCGACCTGACCGA_019,48
GAGCCCATCGACCTGACCGA_020,128
GAGCCCATCGACCTGACCGA_021,38
GAGCCCATCGACCTGACCGA_022,124
GAGCCCATCGACCTGACCGA_023,84
GAGCCCATCGACCTGACCGA_024,174
CTGATGAAGATGATCATCGT_001,17
CTGATGAAGATGATCATCGT_002,188
CTGATGAAGATGATCATCGT_003,5
CTGATGAAGATGATCATCGT_004,75
CTGATGAAGATGATCATCGT_005,52
CTGATGAAGATGATCATCGT_006,138
CTGATGAAGATGATCATCGT_007,190
CTGATGAAGATGATCATCGT_008,54
CTGATGAAGATGATCATCGT_009,23
CTGATGAAGATGATCATCGT_010,146
CTGATGAAGATGATCATCGT_011,147
CTGATGAAGATGATCATCGT_012,15
CTGATGAAGATGATCATCGT_013,84
CTGATGAAGATGATCATCGT_014,157
CTGATGAAGATGATCATCGT_015,70
CAGGAATGGGCAAAGAAGTG_001,102
CAGGAATGGGCAAAGAAGTG_002,52
CAGGAATGGGCAAAGAAGTG_003,29
CAGGAATGGGCAAAGAAGTG_004,78
CAGGAATGGGCAAAGAAGTG_005,176
CAGGAATGGGCAAAGAAGTG_006,37
CAGGAATGGGCAAAGAAGTG_007,144
CAGGAATGGGCAAAGAAGTG_008,44
CAGGAATGGGCAAAGAAGTG_009,132
CAGGAATGGGCAAAGAAGTG_010,107
CAGGAATGGGCAAAGAAGTG_011,77
CAGGAATGGGCAAAGAAGTG_012,2
CAGGAATGGGCAAAGAAGTG_013,29
CGAAACCTCCTAACTGAGAG_001,90
CGAAACCTCCTAACTGAGAG_002,183
CGAAACCTCCTAACTGAGAG_003,194
CGAAACCTCCTAACTGAGAG_004,16
CGAAACCTCCTAACTGAGAG_005,130
CGAAACCTCCTAACTGAGAG_006,117
CGAAACCTCCTAACTGAGAG_007,88
CGAAACCTCCTAACTGAGAG_008,8
CGAAACCTCCTAACTGAGAG_009,195
CGAAACCTCCTAACTGAGAG_010,19
CGAAACCTCCTAACTGAGAG_011,161
CGAAACCTCCTAACTGAGAG_012,80
CGAAACCTCCTAACTGAGAG_013,185
CGAAACCTCCTAACTGAGAG_014,174
CGAAACCTCCTAACTGAGAG_015,20
GCCGGGAGTACGTGCACGCG_001,15
GCCGGGAGTACGTGCACGCG_002,102
GCCGGGAGTACGTGCACGCG_003,199
GCCGGGAGTACGTGCACGCG_004,66
GCCGGGAGTACGTGCACGCG_005,11
GCCGGGAGTACGTGCACGCG_006,156
GCCGGGAGTACGTGCACGCG_007,49
GCCGGGAGTACGTGCACGCG_008,65
GCCGGGAGTACGTGCACGCG_009,13
GCCGGGAGTACGTGCACGCG_010,115
GCCGGGAGTACGTGCACGCG_011,157
GCCGGGAGTACGTGCACGCG_012,169
GCCGGGAGTACGTGCACGCG_013,143
GCCGGGAGTACGTGCACGCG_014,140
GCCGGGAGTACGTGCACGCG_015,151
GCCGGGAGTACGTGCACGCG_016,33
GCCGGGAGTACGTGCACGCG_017,63
GCCGGGAGTACGTGCACGCG_018,115
GCCGGGAGTACGTGCACGCG_019,25
GCCGGGAGTACGTGCACGCG_020,65
GCCGGGAGTACGTGCACGCG_021,166
GCCGGGAGTACGTGCACGCG_022,77
GCCGGGAGTACGTGCACGCG_023,22
GCCGGGAGTACGTGCACGCG_024,18
GTGCTGTAAACAGGTTCCGG_001,76
GTGCTGTAAACAGGTTCCGG_002,166
GTGCTGTAAACAGGTTCCGG_003,115
GTGCTGTAAACAGGTTCCGG_004,51
GTGCTGTAAACAGGTTCCGG_005,127
GTGCTGTAAACAGGTTCCGG_006,49
GTGCTGTAAACAGGTTCCGG_007,188
GTGCTGTAAACAGGTTCCGG_008,84
GTGCTGTAAACAGGTTCCGG_009,81
GTGCTGTAAACAGGTTCCGG_010,2
GTGCTGTAAACAGGTTCCGG_011,36
GTGCTGTAAACAGGTTCCGG_012,74
GTGCTGTAAACAGGTTCCGG_013,83
GTGCTGTAAACAGGTTCCGG_014,149
GTGCTGTAAACAGGTTCCGG_015,198
GTGCTGTAAACAGGTTCCGG_016,185
GTGCTGTAAACAGGTTCCGG_017,25
GTGCTGTAAACAGGTTCCGG_018,182
GTGCTGTAAACAGGTTCCGG_019,151
GTGCTGTAAACAGGTTCCGG_020,53
GTGCTGTAAACAGGTTCCGG_021,107
GTGCTGTAAACAGGTTCCGG_022,6
GTGCTGTAAACAGGTTCCGG_023,16
GTGCTGTAAACAGGTTCCGG_024,13
GTGCTGTAAACAGGTTCCGG_025,141
GTGCTGTAAACAGGTTCCGG_026,72
GTGCTGTAAACAGGTTCCGG_027,194
GTGCTGTAAACAGGTTCCGG_028,14
GTTTCTACACAACAGGATGG_001,142
GTTTCTACACAACAGGATGG_002,57
GTTTCTACACAACAGGATGG_003,43
GTTTCTACACAACAGGATGG_004,184
GTTTCTACACAACAGGATGG_005,103
TGCTACTTCAGACAACCACA_001,75
AATGCAGTGCATATTAACAA_001,169
AATGCAGTGCATATTAACAA_002,12
AATGCAGTGCATATTAACAA_003,8
AATGCAGTGCATATTAACAA_004,149
AATGCAGTGCATATTAACAA_005,9
AATGCAGTGCATATTAACAA_006,169
AATGCAGTGCATATTAACAA_007,98
AATGCAGTGCATATTAACAA_008,102
AATGCAGTGCATATTAACAA_009,43
TGGGATGCAGTATAGAGGAT_001,81
TACACTCCTATACATCCGGG_001,166
TACACTCCTATACATCCGGG_002,1
TACACTCCTATACATCCGGG_003,35
TACACTCCTATACATCCGGG_004,41
TACACTCCTATACATCCGGG_005,28
AGATCGACATGCCCTTGGAC_001,105
AGATCGACATGCCCTTGGAC_002,70
AGATCGACATGCCCTTGGAC_003,94
AGATCGACATGCCCTTGGAC_004,43
AGATCGACATGCCCTTGGAC_005,41
AGATCGACATGCCCTTGGAC_006,70
AGATCGACATGCCCTTGGAC_007,59
AGATCGACATGCCCTTGGAC_008,160
AGATCGACATGCCCTTGGAC_009,88
AGATCGACATGCCCTTGGAC_010,169
AGATCGACATGCCCTTGGAC_011,16
AGATCGACATGCCCTTGGAC_012,50
AGATCGACATGCCCTTGGAC_013,50
AGATCGACATGCCCTTGGAC_014,145
AGATCGACATGCCCTTGGAC_015,50
AGATCGACATGCCCTTGGAC_016,8
AGATCGACATGCCCTTGGAC_017,85
AGATCGACATGCCCTTGGAC_018,62
AGATCGACATGCCCTTGGAC_019,180
AGATCGACATGCCCTTGGAC_020,26
AGATCGACATGCCCTTGGAC_021,127
AGATCGACATGCCCTTGGAC_022,56
ATGGATACTGGAAGTAGTAG_001,12
ATGGATACTGGAAGTAGTAG_002,150
ATGGATACTGGAAGTAGTAG_003,87
ATGGATACTGGAAGTAGTAG_004,15
ATGGATACTGGAAGTAGTAG_005,141
ATGGATACTGGAAGTAGTAG_006,152
AGGAGATCTACTTCATCCAT_001,5
AGGAGATCTACTTCATCCAT_002,9
AGGAGATCTACTTCATCCAT_003,16
AGGAGATCTACTTCATCCAT_004,158
AGGAGATCTACTTCATCCAT_005,190
AGGAGATCTACTTCATCCAT_006,130
AGGAGATCTACTTCATCCAT_007,79
AGGAGATCTACTTCATCCAT_008,46
AGGAGATCTACTTCATCCAT_009,10
GGCACAGGTACCCAGCAACG_001,105
GGCACAGGTACCCAGCAACG_002,94
GGCACAGGTACCCAGCAACG_003,41
GGCACAGGTACCCAGCAACG_004,113
GGCACAGGTACCCAGCAACG_005,136
GGCACAGGTACCCAGCAACG_006,141
GGCACAGGTACCCAGCAACG_007,91
GGCACAGGTACCCAGCAACG_008,164
TCTACAAAATTGGATCTAAG_001,57
TCTACAAAATTGGATCTAAG_002,61
TCTACAAAATTGGATCTAAG_003,1
TCTACAAAATTGGATCTAAG_004,34
TCTACAAAATTGGATCTAAG_005,34
TCTACAAAATTGGATCTAAG_006,26
TCTACAAAATTGGATCTAAG_007,78
GAACCACCTACTGAACCGAC_001,127
TTCTCTCCTGTAGCCCAGTG_001,17
TTCTCTCCTGTAGCCCAGTG_002,78
TTCTCTCCTGTAGCCCAGTG_003,34
TTCTCTCCTGTAGCCCAGTG_004,115
TAGCAGCAAAGGGCGCGTAG_001,67
TAGCAGCAAAGGGCGCGTAG_002,127
TAGCAGCAAAGGGCGCGTAG_003,53
TAGCAGCAAAGGGCGCGTAG_004,115
TAGCAGCAAAGGGCGCGTAG_005,64
TAGCAGCAAAGGGCGCGTAG_006,1
TAGCAGCAAAGGGCGCGTAG_007,190
TAGCAGCAAAGGGCGCGTAG_008,160
TAGCAGCAAAGGGCGCGTAG_009,144
TAGCAGCAAAGGGCGCGTAG_010,118
TAGCAGCAAAGGGCGCGTAG_011,137
TAGCAGCAAAGGGCGCGTAG_012,70
TAGCAGCAAAGGGCGCGTAG_013,131
TAGCAGCAAAGGGCGCGTAG_014,64
TAGCAGCAAAGGGCGCGTAG_015,198
TAGCAGCAAAGGGCGCGTAG_016,10
TAGCAGCAAAGGGCGCGTAG_017,88
TAGCAGCAAAGGGCGCGTAG_018,16
TAGCAGCAAAGGGCGCGTAG_019,105
TAGCAGCAAAGGGCGCGTAG_020,35
TAGCAGCAAAGGGCGCGTAG_021,120
TAGCAGCAAAGGGCGCGTAG_022,52
TAGCAGCAAAGGGCGCGTAG_023,165
TAGCAGCAAAGGGCGCGTAG_024,89
TAGCAGCAAAGGGCGCGTAG_025,123
TAGCAGCAAAGGGCGCGTAG_026,40
CAGGGATACGGCGCCCAGCG_001,177
CAGGGATACGGCGCCCAGCG_002,60
CAGGGATACGGCGCCCAGCG_003,16
CAGGGATACGGCGCCCAGCG_004,1
CCTCCTCAGGAAGATAGAGG_001,141
GTAAAGGAAAGTTCTAGTTG_001,75
GTAAAGGAAAGTTCTAGTTG_002,183
GTAAAGGAAAGTTCTAGTTG_003,34
TCGATGTAGCCCCGCCCAAG_001,169
TCGATGTAGCCCCGCCCAAG_002,175
TCGATGTAGCCCCGCCCAAG_003,174
TCGATGTAGCCCCGCCCAAG_004,121
TCGATGTAGCCCCGCCCAAG_005,60
TCGATGTAGCCCCGCCCAAG_006,62
TCGATGTAGCCCCGCCCAAG_007,86
TCGATGTAGCCCCGCCCAAG_008,159
TCGATGTAGCCCCGCCCAAG_009,198
TCGATGTAGCCCCGCCCAAG_010,147
TCGATGTAGCCCCGCCCAAG_011,127
TCGATGTAGCCCCGCCCAAG_012,91
TCGATGTAGCCCCGCCCAAG_013,11
TCGATGTAGCCCCGCCCAAG_014,61
TCGATGTAGCCCCGCCCAAG_015,83
TCGATGTAGCCCCGCCCAAG_016,0
TCGATGTAGCCCCGCCCAAG_017,152
TCGATGTAGCCCCGCCCAAG_018,66
TCGATGTAGCCCCGCCCAAG_019,122
AAGGGTCATGACGATGCCAC_001,2
AAGGGTCATGACGATGCCAC_002,188
AAGGGTCATGACGATGCCAC_003,88
AAGGGTCATGACGATGCCAC_004,8
AAGGGTCATGACGATGCCAC_005,184
AAGGGTCATGACGATGCCAC_006,59
AAGGGTCATGACGATGCCAC_007,15
AAGGGTCATGACGATGCCAC_008,180
AAGGGTCATGACGATGCCAC_009,52
AAGGGTCATGACGATGCCAC_010,62
AAGGGTCATGACGATGCCAC_011,161
AAGGGTCATGACGATGCCAC_012,19
AAGGGTCATGACGATGCCAC_013,28
AAGGGTCATGACGATGCCAC_014,19
AAGGGTCATGACGATGCCAC_015,91
TGCAGACGGGATGTTGCACA_001,26
TGCAGACGGGATGTTGCACA_002,9
TGCAGACGGGATGTTGCACA_003,158
GATATGGCACGATATTGGGA_001,32
GATATGGCACGATATTGGGA_002,181
GATATGGCACGATATTGGGA_003,100
GATATGGCACGATATTGGGA_004,146
GATATGGCACGATATTGGGA_005,16
GATATGGCACGATATTGGGA_006,62
GATATGGCACGATATTGGGA_007,106
ACAGAGGACTTGGTAATACG_001,80
ACAGAGGACTTGGTAATACG_002,140
ACAGAGGACTTGGTAATACG_003,102
ACAGAGGACTTGGTAATACG_004,194
ACAGAGGACTTGGTAATACG_005,27
ACAGAGGACTTGGTAATACG_006,48
ACAGAGGACTTGGTAATACG_007,158
ACAGAGGACTTGGTAATACG_008,28
ACAGAGGACTTGGTAATACG_009,96
ACAGAGGACTTGGTAATACG_010,116
CAGGGCTGGTTATCGTCAGG_001,12
CAGGGCTGGTTATCGTCAGG_002,133
CAGGGCTGGTTATCGTCAGG_003,51
CAGGGCTGGTTATCGTCAGG_004,69
CAGGGCTGGTTATCGTCAGG_005,26
CAGGGCTGGTTATCGTCAGG_006,35
CAGGGCTGGTTATCGTCAGG_007,17
CAGGGCTGGTTATCGTCAGG_008,130
CAGGGCTGGTTATCGTCAGG_009,1
CAGGGCTGGTTATCGTCAGG_010,63
CAGGGCTGGTTATCGTCAGG_011,105
CCGGAGTGTGTCGGTCAGCG_001,19
AGATACCTGTGCCTACGAGA_001,34
AGATACCTGTGCCTACGAGA_002,146
AGATACCTGTGCCTACGAGA_003,3
AGATACCTGTGCCTACGAGA_004,194
AGATACCTGTGCCTACGAGA_005,26
AGATACCTGTGCCTACGAGA_006,130
AGATACCTGTGCCTACGAGA_007,74
AGATACCTGTGCCTACGAGA_008,57
AGATACCTGTGCCTACGAGA_009,162
GACATTAGGCTTACCTAGTG_001,146
GACATTAGGCTTACCTAGTG_002,73
GACATTAGGCTTACCTAGTG_003,7
GACATTAGGCTTACCTAGTG_004,23
GACATTAGGCTTACCTAGTG_005,70
GACATTAGGCTTACCTAGTG_006,116
GACATTAGGCTTACCTAGTG_007,185
GACATTAGGCTTACCTAGTG_008,193
GACATTAGGCTTACCTAGTG_009,4
AGAAGACTGCACTACGATCG_001,16
AGAAGACTGCACTACGATCG_002,175
AGAAGACTGCACTACGATCG_003,34
AGAAGACTGCACTACGATCG_004,149
AGAAGACTGCACTACGATCG_005,77
AGAAGACTGCACTACGATCG_006,182
AGAAGACTGCACTACGATCG_007,174
AGAAGACTGCACTACGATCG_008,103
AGAAGACTGCACTACGATCG_009,176
AGAAGACTGCACTACGATCG_010,162
AGAAGACTGCACTACGATCG_011,29
AGAAGACTGCACTACGATCG_012,77
AGAAGACTGCACTACGATCG_013,124
GGATACGTGGACCCTTCTGG_001,160
GGATACGTGGACCCTTCTGG_002,38
GGATACGTGGACCCTTCTGG_003,15
GGATACGTGGACCCTTCTGG_004,14
GGATACGTGGACCCTTCTGG_005,91
GGATACGTGGACCCTTCTGG_006,104
GGATACGTGGACCCTTCTGG_007,77
TGTGAATTTCTCGGTGCACA_001,150
TGTGAATTTCTCGGTGCACA_002,88
TGTGAATTTCTCGGTGCACA_003,75
TGTGAATTTCTCGGTGCACA_004,102
TTAATGTCACATTGTCAACA_001,49
TTAATGTCACATTGTCAACA_002,196
TTAATGTCACATTGTCAACA_003,158
CATGAATAAACCTGCCTCGG_001,2
CATGAATAAACCTGCCTCGG_002,78
CATGAATAAACCTGCCTCGG_003,16
CATGAATAAACCTGCCTCGG_004,150
CTCCGTTCATCTGGTCAAAG_001,19
CTGGCGGCAGAAACGTGACA_001,107
CTGGCGGCAGAAACGTGACA_002,199
CTGGCGGCAGAAACGTGACA_003,181
CTGGCGGCAGAAACGTGACA_004,198
CTTATGGCTTCATCATAACA_001,25
CTTATGGCTTCATCATAACA_002,24
CTTATGGCTTCATCATAACA_003,54
CTTATGGCTTCATCATAACA_004,104
CTTATGGCTTCATCATAACA_005,60
GCAAATACGTAGATCCTCTG_001,60
GCAAATACGTAGATCCTCTG_002,103
GCAAATACGTAGATCCTCTG_003,82
GCAAATACGTAGATCCTCTG_004,42
GCAAATACGTAGATCCTCTG_005,17
TGGAGGATTGTCATTAACGT_001,109
TGGAGGATTGTCATTAACGT_002,55
TGGAGGATTGTCATTAACGT_003,167
TGGAGGATTGTCATTAACGT_004,162
TGGAGGATTGTCATTAACGT_005,72
TGGAGGATTGTCATTAACGT_006,27
TGGAGGATTGTCATTAACGT_007,191
TGGAGGATTGTCATTAACGT_008,70
TGGAGGATTGTCATTAACGT_009,24
TGGAGGATTGTCATTAACGT_010,116
TGGAGGATTGTCATTAACGT_011,40
TGGAGGATTGTCATTAACGT_012,89
GGGGCACAAATCGTCCCGCG_001,145
GGGGCACAAATCGTCCCGCG_002,158
GGGGCACAAATCGTCCCGCG_003,78
GGGGCACAAATCGTCCCGCG_004,176
GGGGCACAAATCGTCCCGCG_005,150
GGGGCACAAATCGTCCCGCG_006,162
GGGGCACAAATCGTCCCGCG_007,45
ACCACCATACCAATAGCTGT_001,57
ACCACCATACCAATAGCTGT_002,59
ACCACCATACCAATAGCTGT_003,62
ACCACCATACCAATAGCTGT_004,179
TGCAAGGACCTGGTATGAAC_001,0
TGCAAGGACCTGGTATGAAC_002,41
TGCAAGGACCTGGTATGAAC_003,121
TGCAAGGACCTGGTATGAAC_004,31
TGCAAGGACCTGGTATGAAC_005,144
TGCAAGGACCTGGTATGAAC_006,197
TGCAAGGACCTGGTATGAAC_007,199
TGCAAGGACCTGGTATGAAC_008,145
TGCAAGGACCTGGTATGAAC_009,185
TGCAAGGACCTGGTATGAAC_010,182
TGCAAGGACCTGGTATGAAC_011,35
TGCAAGGACCTGGTATGAAC_012,124
TGCAAGGACCTGGTATGAAC_013,101
TGCAAGGACCTGGTATGAAC_014,14
TGCAAGGACCTGGTATGAAC_015,133
TGCAAGGACCTGGTATGAAC_016,155
TGCAAGGACCTGGTATGAAC_017,33
TGCAAGGACCTGGTATGAAC_018,28
TGCAAGGACCTGGTATGAAC_019,170
TGCAAGGACCTGGTATGAAC_020,52
TGCAAGGACCTGGTATGAAC_021,43
TGCAAGGACCTGGTATGAAC_022,62
TGCAAGGACCTGGTATGAAC_023,182
TGCAAGGACCTGGTATGAAC_024,43
TGCAAGGACCTGGTATGAAC_025,137
TGCAAGGACCTGGTATGAAC_026,49
TGCAAGGACCTGGTATGAAC_027,177
TGCAAGGACCTGGTATGAAC_028,197
CACATGAGAACTGACACAAG_001,102
CACATGAGAACTGACACAAG_002,122
CACATGAGAACTGACACAAG_003,76
CACATGAGAACTGACACAAG_004,58
CACATGAGAACTGACACAAG_005,85
CACATGAGAACTGACACAAG_006,114
CACATGAGAACTGACACAAG_007,89
CACATGAGAACTGACACAAG_008,170
CACATGAGAACTGACACAAG_009,22
CACATGAGAACTGACACAAG_010,176
CACATGAGAACTGACACAAG_011,83
CACATGAGAACTGACACAAG_012,113
CACATGAGAACTGACACAAG_013,153
CACATGAGAACTGACACAAG_014,91
CACATGAGAACTGACACAAG_015,121
CACATGAGAACTGACACAAG_016,81
CACATGAGAACTGACACAAG_017,62
CACATGAGAACTGACACAAG_018,21
CACATGAGAACTGACACAAG_019,184
CACATGAGAACTGACACAAG_020,118
CACATGAGAACTGACACAAG_021,32
CACATGAGAACTGACACAAG_022,5
CACATGAGAACTGACACAAG_023,63
CACATGAGAACTGACACAAG_024,29
CACATGAGAACTGACACAAG_025,78
CACATGAGAACTGACACAAG_026,180
CCAAGCCGCTGGCATTACCC_001,61
GAAGCCTGAAGCTCATAGCC_001,29
GAAGCCTGAAGCTCATAGCC_002,19
GAAGCCTGAAGCTCATAGCC_003,162
GAAGCCTGAAGCTCATAGCC_004,46
GAAGCCTGAAGCTCATAGCC_005,144
TCAAGAGATGGTCCAAATAG_001,124
TCAAGAGATGGTCCAAATAG_002,100
TCAAGAGATGGTCCAAATAG_003,196
TCAAGAGATGGTCCAAATAG_004,17
TCAAGAGATGGTCCAAATAG_005,149
TCAAGAGATGGTCCAAATAG_006,82
TCAAGAGATGGTCCAAATAG_007,58
TCAAGAGATGGTCCAAATAG_008,88
TCAAGAGATGGTCCAAATAG_009,195
TCAAGAGATGGTCCAAATAG_010,84
AAGAAAGGCTTGCACCTGTA_001,17
AAGAAAGGCTTGCACCTGTA_002,114
AAGAAAGGCTTGCACCTGTA_003,62
AAGAAAGGCTTGCACCTGTA_004,62
AAGAAAGGCTTGCACCTGTA_005,158
AAGAAAGGCTTGCACCTGTA_006,96
AAGAAAGGCTTGCACCTGTA_007,169
AAGAAAGGCTTGCACCTGTA_008,17
AAGAAAGGCTTGCACCTGTA_009,17
AAGAAAGGCTTGCACCTGTA_010,191
AAGAAAGGCTTGCACCTGTA_011,158
AAGAAAGGCTTGCACCTGTA_012,62
AAGAAAGGCTTGCACCTGTA_013,145
AAGAAAGGCTTGCACCTGTA_014,136
AAGAAAGGCTTGCACCTGTA_015,35
AAGAAAGGCTTGCACCTGTA_016,120
AAGAAAGGCTTGCACCTGTA_017,152
AAGAGATTCTCCGATGTGAC_001,167
AAGAGATTCTCCGATGTGAC_002,112
AAGAGATTCTCCGATGTGAC_003,133
AAGAGATTCTCCGATGTGAC_004,169
AAGAGATTCTCCGATGTGAC_005,134
GGATCGCGTCCTCTCACAGT_001,80
GGATCGCGTCCTCTCACAGT_002,155
ATCCACACTGACTTCACAGT_001,170
ATCCACACTGACTTCACAGT_002,155
ATCCACACTGACTTCACAGT_003,9
ATCCACACTGACTTCACAGT_004,170
ATCCACACTGACTTCACAGT_005,119
ATCCACACTGACTTCACAGT_006,93
ATCCACACTGACTTCACAGT_007,48
ATCCACACTGACTTCACAGT_008,12
TCAATCCGAAGCGTTACCTC_001,161
TCAATCCGAAGCGTTACCTC_002,17
TGTGTGACATACCGTGACAT_001,130
TGTGTGACATACCGTGACAT_002,61
TGTGTGACATACCGTGACAT_003,154
TGTGTGACATACCGTGACAT_004,172
AGGTGGTAGATCCATTTCCG_001,153
AGGTGGTAGATCCATTTCCG_002,52
AGGTGGTAGATCCATTTCCG_003,40
AGGTGGTAGATCCATTTCCG_004,129
AGGTGGTAGATCCATTTCCG_005,134
AGGTGGTAGATCCATTTCCG_006,183
AGGTGGTAGATCCATTTCCG_007,62
AGGTGGTAGATCCATTTCCG_008,50
AGGTGGTAGATCCATTTCCG_009,8
AGGTGGTAGATCCATTTCCG_010,168
AGGTGGTAGATCCATTTCCG_011,116
AGGTGGTAGATCCATTTCCG_012,60
AGGTGGTAGATCCATTTCCG_013,140
AGGTGGTAGATCCATTTCCG_014,56
AGGTGGTAGATCCATTTCCG_015,81
AGGTGGTAGATCCATTTCCG_016,147
AGGTGGTAGATCCATTTCCG_017,158
AGGTGGTAGATCCATTTCCG_018,132
AGTCGAACTGTCACTGTCCG_001,88
AGTCGAACTGTCACTGTCCG_002,128
AGTCGAACTGTCACTGTCCG_003,1
AGTCGAACTGTCACTGTCCG_004,192
AGTCGAACTGTCACTGTCCG_005,58
AGTCGAACTGTCACTGTCCG_006,2
AGTCGAACTGTCACTGTCCG_007,63
CCAAACTATGAGATTTCAGA_001,80
GTGCGGAGGCTCACTCGAGG_001,19
GTGCGGAGGCTCACTCGAGG_002,98
GTGCGGAGGCTCACTCGAGG_003,174
CTCAGAACCACACGTTGCAG_001,199
CTCAGAACCACACGTTGCAG_002,29
CTCAGAACCACACGTTGCAG_003,106
CTCAGAACCACACGTTGCAG_004,50
CTCAGAACCACACGTTGCAG_005,86
CTCAGAACCACACGTTGCAG_006,161
CTCAGAACCACACGTTGCAG_007,185
CTCAGAACCACACGTTGCAG_008,133
CTCAGAACCACACGTTGCAG_009,30
CTCAGAACCACACGTTGCAG_010,6
CTCAGAACCACACGTTGCAG_011,81
CTCAGAACCACACGTTGCAG_012,186
CTCAGAACCACACGTTGCAG_013,26
CTCAGAACCACACGTTGCAG_014,34
CTCAGAACCACACGTTGCAG_015,6
TTTATCAAATGAGCAGAAGG_001,19
TTTATCAAATGAGCAGAAGG_002,19
TTTATCAAATGAGCAGAAGG_003,192
TTTATCAAATGAGCAGAAGG_004,63
TTTATCAAATGAGCAGAAGG_005,101
TTTATCAAATGAGCAGAAGG_006,107
TTTATCAAATGAGCAGAAGG_007,127
TTTATCAAATGAGCAGAAGG_008,168
TTTATCAAATGAGCAGAAGG_009,63
TTTATCAAATGAGCAGAAGG_010,117
TTTATCAAATGAGCAGAAGG_011,56
TTTATCAAATGAGCAGAAGG_012,138
TTTATCAAATGAGCAGAAGG_013,42
TTTATCAAATGAGCAGAAGG_014,114
CAGGCTACAAGTGACGAGGA_001,105
CAGGCTACAAGTGACGAGGA_002,189
GTTGCCCAACCACGAGTCGT_001,88
GTTGCCCAACCACGAGTCGT_002,188
GTTGCCCAACCACGAGTCGT_003,122
GTTGCCCAACCACGAGTCGT_004,72
GTTGCCCAACCACGAGTCGT_005,113
GTTGCCCAACCACGAGTCGT_006,58
GTTGCCCAACCACGAGTCGT_007,188
GTTGCCCAACCACGAGTCGT_008,46
GTTGCCCAACCACGAGTCGT_009,39
GTTGCCCAACCACGAGTCGT_010,162
AGCACTGCCCGAGCTATCAG_001,11
AGCACTGCCCGAGCTATCAG_002,31
AGCACTGCCCGAGCTATCAG_003,29
AGCACTGCCCGAGCTATCAG_004,111
AGCACTGCCCGAGCTATCAG_005,168
AGCACTGCCCGAGCTATCAG_006,84
AGCACTGCCCGAGCTATCAG_007,12
AGCACTGCCCGAGCTATCAG_008,106
AGCACTGCCCGAGCTATCAG_009,15
AGCACTGCCCGAGCTATCAG_010,63
AGCACTGCCCGAGCTATCAG_011,70
AGCACTGCCCGAGCTATCAG_012,145
CCTGGTCACGGCCATAGCAG_001,0
CCTGGTCACGGCCATAGCAG_002,104
CCTGGTCACGGCCATAGCAG_003,12
CCTGGTCACGGCCATAGCAG_004,66
CCCAACCTCCTGTGTCACAC_001,127
CCCAACCTCCTGTGTCACAC_002,176
CCCAACCTCCTGTGTCACAC_003,140
CCCAACCTCCTGTGTCACAC_004,161
CCCAACCTCCTGTGTCACAC_005,91
CCCAACCTCCTGTGTCACAC_006,36
CCCAACCTCCTGTGTCACAC_007,36
CCCAACCTCCTGTGTCACAC_008,108
CCCAACCTCCTGTGTCACAC_009,105
CCCAACCTCCTGTGTCACAC_010,168
CCCAACCTCCTGTGTCACAC_011,94
CCCAACCTCCTGTGTCACAC_012,81
CCCAACCTCCTGTGTCACAC_013,56
CCCAACCTCCTGTGTCACAC_014,62
CCCAACCTCCTGTGTCACAC_015,105
CCCAACCTCCTGTGTCACAC_016,70
CCCAACCTCCTGTGTCACAC_017,116
AGTCAGTCCCACGATGACGA_001,35
AGTCAGTCCCACGATGACGA_002,118
AGTCAGTCCCACGATGACGA_003,92
AGTCAGTCCCACGATGACGA_004,61
AGTCAGTCCCACGATGACGA_005,17
AGTCAGTCCCACGATGACGA_006,160
ATGAGCTCGAAATTTGATGA_001,6
ATGAGCTCGAAATTTGATGA_002,162
ATGAGCTCGAAATTTGATGA_003,136
ATGAGCTCGAAATTTGATGA_004,199
ATGAGCTCGAAATTTGATGA_005,170
ATGAGCTCGAAATTTGATGA_006,145
ATGAGCTCGAAATTTGATGA_007,120
GACATTGCCGTCTATCCCAG_001,5
TACTAATCTACCATCCGAAG_001,198
TACTAATCTACCATCCGAAG_002,10
TGACATTGGAGGAATAATGG_001,43
TGACATTGGAGGAATAATGG_002,60
TGACATTGGAGGAATAATGG_003,17
TGACATTGGAGGAATAATGG_004,60
TGACATTGGAGGAATAATGG_005,124
TGACATTGGAGGAATAATGG_006,148
TGACATTGGAGGAATAATGG_007,154
TGACATTGGAGGAATAATGG_008,185
TGACATTGGAGGAATAATGG_009,76
TGACATTGGAGGAATAATGG_010,63
TGACATTGGAGGAATAATGG_011,188
CCAGTGGGCTTTAGAAACGG_001,88
CCAGTGGGCTTTAGAAACGG_002,2
AGAGACAGCTGAACCCTCGT_001,23
AGAGACAGCTGAACCCTCGT_002,15
AGAGACAGCTGAACCCTCGT_003,173
AGAGACAGCTGAACCCTCGT_004,170
AGAGACAGCTGAACCCTCGT_005,51
AGAGACAGCTGAACCCTCGT_006,86
AGAGACAGCTGAACCCTCGT_007,58
AGAGACAGCTGAACCCTCGT_008,117
AGAGACAGCTGAACCCTCGT_009,82
AGAGACAGCTGAACCCTCGT_010,118
AGAGACAGCTGAACCCTCGT_011,69
GATGCTTGTCTTAGCAACGC_001,23
GATGCTTGTCTTAGCAACGC_002,23
GATGCTTGTCTTAGCAACGC_003,169
GATGCTTGTCTTAGCAACGC_004,178
GGAGAAACCTGTTTCCCCAA_001,57
AGTACTACGAAGAGAAACGG_001,42
AGTACTACGAAGAGAAACGG_002,157
AGTACTACGAAGAGAAACGG_003,183
AGTACTACGAAGAGAAACGG_004,88
CTGTTTCACTGGGTCAAGGG_001,4
CTGTTTCACTGGGTCAAGGG_002,81
CTGTTTCACTGGGTCAAGGG_003,82
CTGTTTCACTGGGTCAAGGG_004,46
CTGTTTCACTGGGTCAAGGG_005,92
CTGTTTCACTGGGTCAAGGG_006,51
CTGTTTCACTGGGTCAAGGG_007,21
CTGTTTCACTGGGTCAAGGG_008,0
CTGTTTCACTGGGTCAAGGG_009,187
CCTGGTTCCACCGAACTTTG_001,162
CCTGGTTCCACCGAACTTTG_002,64
CCTGGTTCCACCGAACTTTG_003,177
CCTGGTTCCACCGAACTTTG_004,16
CCTGGTTCCACCGAACTTTG_005,135
CCTGGTTCCACCGAACTTTG_006,58
CCTGGTTCCACCGAACTTTG_007,137
CCTGGTTCCACCGAACTTTG_008,122
CCTGGTTCCACCGAACTTTG_009,157
CCTGGTTCCACCGAACTTTG_010,184
CCTGGTTCCACCGAACTTTG_011,157
CCTGGTTCCACCGAACTTTG_012,77
CCTGGTTCCACCGAACTTTG_013,198
CCTGGTTCCACCGAACTTTG_014,35
CCTGGTTCCACCGAACTTTG_015,60
CCTGGTTCCACCGAACTTTG_016,150
CCTGGTTCCACCGAACTTTG_017,49
CCTGGTTCCACCGAACTTTG_018,138
CCTGGTTCCACCGAACTTTG_019,134
CCTGGTTCCACCGAACTTTG_020,5
CCTGGTTCCACCGAACTTTG_021,176
CCTGGTTCCACCGAACTTTG_022,88
CCTGGTTCCACCGAACTTTG_023,82
CTCAGTTGGGTCCTAGCATG_001,123
CTCAGTTGGGTCCTAGCATG_002,20
CTCAGTTGGGTCCTAGCATG_003,95
CTCAGTTGGGTCCTAGCATG_004,141
CTCAGTTGGGTCCTAGCATG_005,16
CTCAGTTGGGTCCTAGCATG_006,164
CTCAGTTGGGTCCTAGCATG_007,15
CTCAGTTGGGTCCTAGCATG_008,130
CTCAGTTGGGTCCTAGCATG_009,15
GGCATGTCCAAAAAGCCAGT_001,114
GGCATGTCCAAAAAGCCAGT_002,77
TGCTGGCCATCGTGAAACAG_001,17
TGCTGGCCATCGTGAAACAG_002,7
TGCTGGCCATCGTGAAACAG_003,151
ACCATACAGAATGAGCTACC_001,191
ACCATACAGAATGAGCTACC_002,146
ACCATACAGAATGAGCTACC_003,76
ACCATACAGAATGAGCTACC_004,172
ACCATACAGAATGAGCTACC_005,149
ACCATACAGAATGAGCTACC_006,34
ACCATACAGAATGAGCTACC_007,198
ACCATACAGAATGAGCTACC_008,42
ACCATACAGAATGAGCTACC_009,194
ACCATACAGAATGAGCTACC_010,183
ACCATACAGAATGAGCTACC_011,115
ACCATACAGAATGAGCTACC_012,114
ACCATACAGAATGAGCTACC_013,141
ACCATACAGAATGAGCTACC_014,88
ACCATACAGAATGAGCTACC_015,5
CGGAAGTCAACTGTACTGTG_001,8
CGGAAGTCAACTGTACTGTG_002,169
CGGAAGTCAACTGTACTGTG_003,115
CGGAAGTCAACTGTACTGTG_004,149
CGGAAGTCAACTGTACTGTG_005,119
CGGAAGTCAACTGTACTGTG_006,103
CGGAAGTCAACTGTACTGTG_007,105
CGGAAGTCAACTGTACTGTG_008,158
CGGAAGTCAACTGTACTGTG_009,191
CGGAAGTCAACTGTACTGTG_010,138
CGGAAGTCAACTGTACTGTG_011,142
ACCGTCACAAGTCTCCATGG_001,127
ACCGTCACAAGTCTCCATGG_002,169
GAAAGTGATCTATCACATAG_001,65
GAAAGTGATCTATCACATAG_002,120
GATGGTGGCGTGGTCGACAG_001,78
GTGGATCTCTTGGATCACTG_001,194
GTGGATCTCTTGGATCACTG_002,31
GTGGATCTCTTGGATCACTG_003,183
GTGGATCTCTTGGATCACTG_004,60
GTGGATCTCTTGGATCACTG_005,153
GTGGATCTCTTGGATCACTG_006,118
GTGGATCTCTTGGATCACTG_007,74
GTGGATCTCTTGGATCACTG_008,182
GTGGATCTCTTGGATCACTG_009,177
GTGGATCTCTTGGATCACTG_010,81
GTGGATCTCTTGGATCACTG_011,142
TGTGGCCGTGATCCAGACGG_001,83
TGTGGCCGTGATCCAGACGG_002,145
TGTGGCCGTGATCCAGACGG_003,100
TGTGGCCGTGATCCAGACGG_004,98
TGTGGCCGTGATCCAGACGG_005,168
TGTGGCCGTGATCCAGACGG_006,152
TGATGGCTCAGCTTTCGTGG_001,169
TGATGGCTCAGCTTTCGTGG_002,81
TGATGGCTCAGCTTTCGTGG_003,35
TGATGGCTCAGCTTTCGTGG_004,28
TGATGGCTCAGCTTTCGTGG_005,80
TGATGGCTCAGCTTTCGTGG_006,161
TGATGGCTCAGCTTTCGTGG_007,50
AGAGAAAGAGCAAACCGCCG_001,198
AGAGAAAGAGCAAACCGCCG_002,188
AGAGAAAGAGCAAACCGCCG_003,34
AGAGAAAGAGCAAACCGCCG_004,20
AGAGAAAGAGCAAACCGCCG_005,172
AGAGAAAGAGCAAACCGCCG_006,127
AGAGAAAGAGCAAACCGCCG_007,190
AGAGAAAGAGCAAACCGCCG_008,48
AGAGAAAGAGCAAACCGCCG_009,61
AGAGAAAGAGCAAACCGCCG_010,180
TCACGGTCCCAGGTAGACTT_001,20
TCACGGTCCCAGGTAGACTT_002,147
TCACGGTCCCAGGTAGACTT_003,14
TCACGGTCCCAGGTAGACTT_004,33
TCACGGTCCCAGGTAGACTT_005,187
AGGATGAGTGGGAACTTCCG_001,0
AGGATGAGTGGGAACTTCCG_002,96
AGGATGAGTGGGAACTTCCG_003,53
AGGATGAGTGGGAACTTCCG_004,89
AGGATGAGTGGGAACTTCCG_005,5
AGGATGAGTGGGAACTTCCG_006,97
AGGATGAGTGGGAACTTCCG_007,131
AGGATGAGTGGGAACTTCCG_008,179
AGGATGAGTGGGAACTTCCG_009,95
AGGATGAGTGGGAACTTCCG_010,120
AGGATGAGTGGGAACTTCCG_011,38
AGGATGAGTGGGAACTTCCG_012,156
AGGATGAGTGGGAACTTCCG_013,129
AGGATGAGTGGGAACTTCCG_014,29
AGGATGAGTGGGAACTTCCG_015,85
AGGATGAGTGGGAACTTCCG_016,9
AGGATGAGTGGGAACTTCCG_017,127
AGGATGAGTGGGAACTTCCG_018,56
AGGATGAGTGGGAACTTCCG_019,152
AGGATGAGTGGGAACTTCCG_020,142
AGGATGAGTGGGAACTTCCG_021,177
AGGATGAGTGGGAACTTCCG_022,58
AGGATGAGTGGGAACTTCCG_023,70
AGGATGAGTGGGAACTTCCG_024,142
AGGATGAGTGGGAACTTCCG_025,165
AGGATGAGTGGGAACTTCCG_026,149
AGGATGAGTGGGAACTTCCG_027,151
TCACTATACAGGAAGCATCC_001,68
TCACTATACAGGAAGCATCC_002,77
TCACTATACAGGAAGCATCC_003,198
TCACTATACAGGAAGCATCC_004,166
TCACTATACAGGAAGCATCC_005,107
TCAGTCTCACTATACGAGAA_001,187
TCAGTCTCACTATACGAGAA_002,147
CTCACCTTTCAGGATCATAC_001,184
CTCACCTTTCAGGATCATAC_002,169
CTCACCTTTCAGGATCATAC_003,17
CTCACCTTTCAGGATCATAC_004,140
CTCACCTTTCAGGATCATAC_005,83
CTCACCTTTCAGGATCATAC_006,4
CTCACCTTTCAGGATCATAC_007,50
CTCACCTTTCAGGATCATAC_008,19
CTCACCTTTCAGGATCATAC_009,95
CTCACCTTTCAGGATCATAC_010,92
TCTGATGCATGGCGACCGAG_001,154
TCTGATGCATGGCGACCGAG_002,17
TCTGATGCATGGCGACCGAG_003,198
TCTGATGCATGGCGACCGAG_004,167
TCTGATGCATGGCGACCGAG_005,125
AATGGCCAGAAAGTTTAACA_001,11
AATGGCCAGAAAGTTTAACA_002,195
AATGGCCAGAAAGTTTAACA_003,93
AATGGCCAGAAAGTTTAACA_004,69
AATGGCCAGAAAGTTTAACA_005,76
AATGGCCAGAAAGTTTAACA_006,46
AATGGCCAGAAAGTTTAACA_007,8
AATGGCCAGAAAGTTTAACA_008,52
GCTTCATGCTCTCATGCATG_001,181
GCTTCATGCTCTCATGCATG_002,28
TTCTTTAGGCTCTTCATCAG_001,70
TTCTTTAGGCTCTTCATCAG_002,77
TTCTTTAGGCTCTTCATCAG_003,188
TTCTTTAGGCTCTTCATCAG_004,79
AAAAGATTGTGACGAATGGG_001,127
AAAAGATTGTGACGAATGGG_002,54
AAAAGATTGTGACGAATGGG_003,196
AAAAGATTGTGACGAATGGG_004,8
AAAAGATTGTGACGAATGGG_005,41
AAAAGATTGTGACGAATGGG_006,77
AAAAGATTGTGACGAATGGG_007,2
GTCATCATTAAGTTGGAGCA_001,177
GTCATCATTAAGTTGGAGCA_002,22
GTCATCATTAAGTTGGAGCA_003,199
GTCATCATTAAGTTGGAGCA_004,111
GTCATCATTAAGTTGGAGCA_005,179
GTCATCATTAAGTTGGAGCA_006,114
GTCATCATTAAGTTGGAGCA_007,88
ATTTCAAGAACATTCTACAG_001,81
TCCCCGGCAGAACCACGTCG_001,48
TCCCCGGCAGAACCACGTCG_002,35
TCCCCGGCAGAACCACGTCG_003,197
TCCCCGGCAGAACCACGTCG_004,149
TCCCCGGCAGAACCACGTCG_005,26
TCCCCGGCAGAACCACGTCG_006,150
TCCCCGGCAGAACCACGTCG_007,158
AATGTAACTGAGGCTATATG_001,122
AATGTAACTGAGGCTATATG_002,154
AATGTAACTGAGGCTATATG_003,159
AATGTAACTGAGGCTATATG_004,134
AATGTAACTGAGGCTATATG_005,58
ATCAGGGTCTCATAGCGGAG_001,177
ATCAGGGTCTCATAGCGGAG_002,48
TCAACTTGTCTCAGTCAACA_001,191
TCAACTTGTCTCAGTCAACA_002,60
TCAACTTGTCTCAGTCAACA_003,195
TCAACTTGTCTCAGTCAACA_004,49
TCAACTTGTCTCAGTCAACA_005,49
TCAACTTGTCTCAGTCAACA_006,126
TCAACTTGTCTCAGTCAACA_007,98
TCAACTTGTCTCAGTCAACA_008,120
TCAACTTGTCTCAGTCAACA_009,62
TCAACTTGTCTCAGTCAACA_010,23
TCAACTTGTCTCAGTCAACA_011,104
TCAACTTGTCTCAGTCAACA_012,133
GGATGAATATGGTTATGAGG_001,131
GGATGAATATGGTTATGAGG_002,169
GGATGAATATGGTTATGAGG_003,5
CCGGGAAGACTACCTCGTGG_001,141
CCGGGAAGACTACCTCGTGG_002,2
CCGGGAAGACTACCTCGTGG_003,7
CCGGGAAGACTACCTCGTGG_004,163
CCGGGAAGACTACCTCGTGG_005,105
CCGGGAAGACTACCTCGTGG_006,142
CCGGGAAGACTACCTCGTGG_007,63
CCGGGAAGACTACCTCGTGG_008,106
CCGGGAAGACTACCTCGTGG_009,180
CCGGGAAGACTACCTCGTGG_010,197
CCGGGAAGACTACCTCGTGG_011,130
TAAGTGCTTACCCATTACTC_001,173
AGTCAACCAAGACCCAGCGG_001,160
AGTCAACCAAGACCCAGCGG_002,166
AGTCAACCAAGACCCAGCGG_003,172
AGTCAACCAAGACCCAGCGG_004,160
AGTCAACCAAGACCCAGCGG_005,145
AGTCAACCAAGACCCAGCGG_006,114
AGTCAACCAAGACCCAGCGG_007,173
AGTCAACCAAGACCCAGCGG_008,146
CCTCCCAAGAGACTCCCTGA_001,105
CCTCCCAAGAGACTCCCTGA_002,50
CCTCCCAAGAGACTCCCTGA_003,18
CCTCCCAAGAGACTCCCTGA_004,61
CCTCCCAAGAGACTCCCTGA_005,147
CCTCCCAAGAGACTCCCTGA_006,105
CCTCCCAAGAGACTCCCTGA_007,22
CCTCCCAAGAGACTCCCTGA_008,48
CCTCCCAAGAGACTCCCTGA_009,15
CCTCCCAAGAGACTCCCTGA_010,88
CCTCCCAAGAGACTCCCTGA_011,134
CCTCCCAAGAGACTCCCTGA_012,158
CCTCCCAAGAGACTCCCTGA_013,0
CCTCCCAAGAGACTCCCTGA_014,77
CCTCCCAAGAGACTCCCTGA_015,75
CCTCCCAAGAGACTCCCTGA_016,152
CCTCCCAAGAGACTCCCTGA_017,106
GCAACTAGTACCCGATTTAG_001,94
TGTGGTAGGCTTGGTCATGC_001,41
TGTGGTAGGCTTGGTCATGC_002,76
TGTGGTAGGCTTGGTCATGC_003,50
TGTGGTAGGCTTGGTCATGC_004,149
TGTGGTAGGCTTGGTCATGC_005,72
TGTGGTAGGCTTGGTCATGC_006,135
TGTGGTAGGCTTGGTCATGC_007,182
TGTGGTAGGCTTGGTCATGC_008,52
TGGGCGCTATCGCTACCAGA_001,78
ACATTCCAATCATCACCATG_001,190
ACATTCCAATCATCACCATG_002,178
ACATTCCAATCATCACCATG_003,178
ACATTCCAATCATCACCATG_004,15
ACATTCCAATCATCACCATG_005,94
ACATTCCAATCATCACCATG_006,158
ACATTCCAATCATCACCATG_007,24
ACATTCCAATCATCACCATG_008,74
ACATTCCAATCATCACCATG_009,92
ACATTCCAATCATCACCATG_010,21
ACATTCCAATCATCACCATG_011,31
ACATTCCAATCATCACCATG_012,77
ACATTCCAATCATCACCATG_013,59
ACATTCCAATCATCACCATG_014,136
ACATTCCAATCATCACCATG_015,72
CTCCTTCCAGAATAACTCAA_001,149
CTCCTTCCAGAATAACTCAA_002,101
CTCCTTCCAGAATAACTCAA_003,29
CTCCTTCCAGAATAACTCAA_004,63
GGAACACGTAGCGGTCCTGG_001,177
AGTTGAAATAAAGCTAGCAA_001,170
AGTTGAAATAAAGCTAGCAA_002,51
AGTTGAAATAAAGCTAGCAA_003,24
AGTTGAAATAAAGCTAGCAA_004,196
GATGAAGTATGACGAGCATA_001,198
GATGAAGTATGACGAGCATA_002,45
TCTGCGTCACCCGCTTGATG_001,116
TCTGCGTCACCCGCTTGATG_002,141
TCTGCGTCACCCGCTTGATG_003,174
TCTGCGTCACCCGCTTGATG_004,88
TCTGCGTCACCCGCTTGATG_005,8
TCTGCGTCACCCGCTTGATG_006,45
TCTGCGTCACCCGCTTGATG_007,133
AAATGTACGAGCACTTCAAG_001,41
AAATGTACGAGCACTTCAAG_002,68
AAATGTACGAGCACTTCAAG_003,129
AAATGTACGAGCACTTCAAG_004,50
AAATGTACGAGCACTTCAAG_005,49
AAATGTACGAGCACTTCAAG_006,20
AAATGTACGAGCACTTCAAG_007,101
AAATGTACGAGCACTTCAAG_008,33
AAATGTACGAGCACTTCAAG_009,94
AAATGTACGAGCACTTCAAG_010,43
AAATGTACGAGCACTTCAAG_011,55
AAATGTACGAGCACTTCAAG_012,2
AAATGTACGAGCACTTCAAG_013,116
AAATGTACGAGCACTTCAAG_014,103
AAATGTACGAGCACTTCAAG_015,4
AAATGTACGAGCACTTCAAG_016,98
AAATGTACGAGCACTTCAAG_017,1
AAATGTACGAGCACTTCAAG_018,72
AAATGTACGAGCACTTCAAG_019,79
AAATGTACGAGCACTTCAAG_020,138
AAATGTACGAGCACTTCAAG_021,48
AAATGTACGAGCACTTCAAG_022,198
AAATGTACGAGCACTTCAAG_023,66
AAATGTACGAGCACTTCAAG_024,146
CTCCTGAAGTTCTTCGGCAG_001,79
CTCCTGAAGTTCTTCGGCAG_002,127
CTCCTGAAGTTCTTCGGCAG_003,189
CTCCTGAAGTTCTTCGGCAG_004,197
CTCCTGAAGTTCTTCGGCAG_005,191
CTCCTGAAGTTCTTCGGCAG_006,104
CTCCTGAAGTTCTTCGGCAG_007,16
CTCCTGAAGTTCTTCGGCAG_008,3
CTCCTGAAGTTCTTCGGCAG_009,182
CTCCTGAAGTTCTTCGGCAG_010,167
CTCCTGAAGTTCTTCGGCAG_011,166
CTCCTGAAGTTCTTCGGCAG_012,71
CTCCTGAAGTTCTTCGGCAG_013,155
CTCCTGAAGTTCTTCGGCAG_014,68
TTACCTTATGAAATATAACA_001,127
TTACCTTATGAAATATAACA_002,48
TTACCTTATGAAATATAACA_003,134
CGCGCTGGCTGACCACGACG_001,6
CGCGCTGGCTGACCACGACG_002,90
CGCGCTGGCTGACCACGACG_003,162
CGCGCTGGCTGACCACGACG_004,148
CGCGCTGGCTGACCACGACG_005,96
ATTTCTGTGTTGGCGCAGTG_001,184
ATTTCTGTGTTGGCGCAGTG_002,194
ATTTCTGTGTTGGCGCAGTG_003,26
ATTTCTGTGTTGGCGCAGTG_004,126
ATTTCTGTGTTGGCGCAGTG_005,137
ATTTCTGTGTTGGCGCAGTG_006,160
ATTTCTGTGTTGGCGCAGTG_007,127
GAAATGCTATGCTTCGGTTC_001,68
GAAATGCTATGCTTCGGTTC_002,144
CTTGGTCCTGAAGTCATCTG_001,156
CTTGGTCCTGAAGTCATCTG_002,19
CTTGGTCCTGAAGTCATCTG_003,53
CTTGGTCCTGAAGTCATCTG_004,73
CTTGGTCCTGAAGTCATCTG_005,197
CTTGGTCCTGAAGTCATCTG_006,137
CTTGGTCCTGAAGTCATCTG_007,18
CTTGGTCCTGAAGTCATCTG_008,105
CTTGGTCCTGAAGTCATCTG_009,15
CTTGGTCCTGAAGTCATCTG_010,55
CTTGGTCCTGAAGTCATCTG_011,1
CTTGGTCCTGAAGTCATCTG_012,125
CTTGGTCCTGAAGTCATCTG_013,6
CTTGGTCCTGAAGTCATCTG_014,168
CTTGGTCCTGAAGTCATCTG_015,198
CTTGGTCCTGAAGTCATCTG_016,27
CTTGGTCCTGAAGTCATCTG_017,102
CTTGGTCCTGAAGTCATCTG_018,70
CTTGGTCCTGAAGTCATCTG_019,49
CTTGGTCCTGAAGTCATCTG_020,58
GATCAGATGTTGTACAAGGT_001,70
GATCAGATGTTGTACAAGGT_002,15
GATCAGATGTTGTACAAGGT_003,87
GATCAGATGTTGTACAAGGT_004,116
GATCAGATGTTGTACAAGGT_005,105
GATCAGATGTTGTACAAGGT_006,72
GATCAGATGTTGTACAAGGT_007,75
GATCAGATGTTGTACAAGGT_008,83
GATCAGATGTTGTACAAGGT_009,12
GATCAGATGTTGTACAAGGT_010,63
GATCAGATGTTGTACAAGGT_011,138
AGAGACTGTTCACAAAACCA_001,58
AGAGACTGTTCACAAAACCA_002,160
AGAGACTGTTCACAAAACCA_003,25
AGAGACTGTTCACAAAACCA_004,147
AGAGACTGTTCACAAAACCA_005,147
AGAGACTGTTCACAAAACCA_006,126
AGAGACTGTTCACAAAACCA_007,144
AGAGACTGTTCACAAAACCA_008,61
TCACTTACGCCTCTCAAGGA_001,192
TCACTTACGCCTCTCAAGGA_002,22
CAGCGAGTAGAGCTCCACGG_001,171
CAGCGAGTAGAGCTCCACGG_002,12
CAGCGAGTAGAGCTCCACGG_003,174
CAGCGAGTAGAGCTCCACGG_004,180
CAGCGAGTAGAGCTCCACGG_005,177
CAGCGAGTAGAGCTCCACGG_006,75
CAGCGAGTAGAGCTCCACGG_007,65
CAGCGAGTAGAGCTCCACGG_008,134
CAGCGAGTAGAGCTCCACGG_009,168
CAGCGAGTAGAGCTCCACGG_010,41
CAGCGAGTAGAGCTCCACGG_011,104
CAGCGAGTAGAGCTCCACGG_012,82
CAGCGAGTAGAGCTCCACGG_013,19
CAGCGAGTAGAGCTCCACGG_014,105
CAGCGAGTAGAGCTCCACGG_015,137
CAGCGAGTAGAGCTCCACGG_016,105
CAGCGAGTAGAGCTCCACGG_017,69
CAGCGAGTAGAGCTCCACGG_018,62
CAGCGAGTAGAGCTCCACGG_019,62
CAGCGAGTAGAGCTCCACGG_020,199
CAGCGAGTAGAGCTCCACGG_021,3
CAGCGAGTAGAGCTCCACGG_022,115
CAGCGAGTAGAGCTCCACGG_023,46
CAGCGAGTAGAGCTCCACGG_024,94
CAGCGAGTAGAGCTCCACGG_025,19
CAGCGAGTAGAGCTCCACGG_026,147
GTAAGACTCAATCTAACCAA_001,110
GTAAGACTCAATCTAACCAA_002,5
GTAAGACTCAATCTAACCAA_003,172
GTAAGACTCAATCTAACCAA_004,168
CCGGTTCCAGAGCAATCACA_001,62
CCGGTTCCAGAGCAATCACA_002,63
CCGGTTCCAGAGCAATCACA_003,69
CCGGTTCCAGAGCAATCACA_004,65
CCGGTTCCAGAGCAATCACA_005,151
CCGGTTCCAGAGCAATCACA_006,16
CCGGTTCCAGAGCAATCACA_007,74
CCGGTTCCAGAGCAATCACA_008,180
CCGGTTCCAGAGCAATCACA_009,46
CCGGTTCCAGAGCAATCACA_010,22
CTCACACCATGGGTCTTCAG_001,113
CTCACACCATGGGTCTTCAG_002,112
CTCACACCATGGGTCTTCAG_003,80
CTCACACCATGGGTCTTCAG_004,88
CTCACACCATGGGTCTTCAG_005,113
CTCACACCATGGGTCTTCAG_006,48
CTCACACCATGGGTCTTCAG_007,96
CTCACACCATGGGTCTTCAG_008,52
CTCACACCATGGGTCTTCAG_009,121
CTCACACCATGGGTCTTCAG_010,183
CTCACACCATGGGTCTTCAG_011,185
CTCACACCATGGGTCTTCAG_012,63
CTCACACCATGGGTCTTCAG_013,174
CTCACACCATGGGTCTTCAG_014,165
CTCACACCATGGGTCTTCAG_015,30
CTCACACCATGGGTCTTCAG_016,1
CCCGTCCCTATGCACCAGCA_001,198
CCCGTCCCTATGCACCAGCA_002,13
CCCGTCCCTATGCACCAGCA_003,178
CCCGTCCCTATGCACCAGCA_004,140
CCCGTCCCTATGCACCAGCA_005,118
CCCGTCCCTATGCACCAGCA_006,33
CCCGTCCCTATGCACCAGCA_007,16
CCCGTCCCTATGCACCAGCA_008,197
CCCGTCCCTATGCACCAGCA_009,177
CCCGTCCCTATGCACCAGCA_010,15
CCCGTCCCTATGCACCAGCA_011,78
CCCGTCCCTATGCACCAGCA_012,19
CCCGTCCCTATGCACCAGCA_013,63
CCCGTCCCTATGCACCAGCA_014,38
CCGGGCGCCTCGCCATTCCG_001,6
CCGGGCGCCTCGCCATTCCG_002,113
CCGGGCGCCTCGCCATTCCG_003,72
CCGGGCGCCTCGCCATTCCG_004,72
CCGGGCGCCTCGCCATTCCG_005,174
CCGGGCGCCTCGCCATTCCG_006,139
CCGGGCGCCTCGCCATTCCG_007,168
CCGGGCGCCTCGCCATTCCG_008,185
CCGGGCGCCTCGCCATTCCG_009,22
CCGGGCGCCTCGCCATTCCG_010,2
CCGGGCGCCTCGCCATTCCG_011,58
CCGGGCGCCTCGCCATTCCG_012,117
CCGGGCGCCTCGCCATTCCG_013,12
CCGGGCGCCTCGCCATTCCG_014,58
CCGGGCGCCTCGCCATTCCG_015,198
CCGGGCGCCTCGCCATTCCG_016,100
CCGGGCGCCTCGCCATTCCG_017,106
CCGGGCGCCTCGCCATTCCG_018,168
CCGGGCGCCTCGCCATTCCG_019,32
CCGGGCGCCTCGCCATTCCG_020,179
CCTTTCAAGTGTAAGGAATG_001,81
CCTTTCAAGTGTAAGGAATG_002,52
CCTTTCAAGTGTAAGGAATG_003,129
CCTTTCAAGTGTAAGGAATG_004,184
CCTTTCAAGTGTAAGGAATG_005,177
CCTTTCAAGTGTAAGGAATG_006,10
CCTTTCAAGTGTAAGGAATG_007,158
AGCCTGACAAATGTCAACAA_001,107
AGCCTGACAAATGTCAACAA_002,192
AGCCTGACAAATGTCAACAA_003,17
AGCCTGACAAATGTCAACAA_004,111
GGGATGGCAGATCCGCGCCG_001,183
GGGATGGCAGATCCGCGCCG_002,127
GGGATGGCAGATCCGCGCCG_003,29
GGGATGGCAGATCCGCGCCG_004,141
GGGATGGCAGATCCGCGCCG_005,88
GGGATGGCAGATCCGCGCCG_006,40
GGGATGGCAGATCCGCGCCG_007,31
GGGATGGCAGATCCGCGCCG_008,127
GGGATGGCAGATCCGCGCCG_009,5
GGGATGGCAGATCCGCGCCG_010,117
GGGATGGCAGATCCGCGCCG_011,117
GGGATGGCAGATCCGCGCCG_012,130
GGGATGGCAGATCCGCGCCG_013,6
TGAAGACATCACCCAAATCG_001,48
TCAAGCACGTTATTCAACTG_001,44
TCAAGCACGTTATTCAACTG_002,65
TCAAGCACGTTATTCAACTG_003,98
TCAAGCACGTTATTCAACTG_004,148
TCAAGCACGTTATTCAACTG_005,187
TCAAGCACGTTATTCAACTG_006,184
TCAAGCACGTTATTCAACTG_007,88
AGTTGGTTGTCGTTTGCTGG_001,29
AGTTGGTTGTCGTTTGCTGG_002,42
AGTTGGTTGTCGTTTGCTGG_003,81
AGTTGGTTGTCGTTTGCTGG_004,36
AGTTGGTTGTCGTTTGCTGG_005,138
AGTTGGTTGTCGTTTGCTGG_006,0
AGTTGGTTGTCGTTTGCTGG_007,125
AGTTGGTTGTCGTTTGCTGG_008,178
AGTTGGTTGTCGTTTGCTGG_009,56
AGTTGGTTGTCGTTTGCTGG_010,40
CAGCAATTAATCCAGTCAGA_001,166
CAGCAATTAATCCAGTCAGA_002,23
CAGCAATTAATCCAGTCAGA_003,32
CAGCAATTAATCCAGTCAGA_004,78
CAGCAATTAATCCAGTCAGA_005,103
CAGCAATTAATCCAGTCAGA_006,96
CAGCAATTAATCCAGTCAGA_007,115
TGATATAATCTGAGCGTGGG_001,148
TGATATAATCTGAGCGTGGG_002,165
TGATATAATCTGAGCGTGGG_003,177
TGATATAATCTGAGCGTGGG_004,88
TGATATAATCTGAGCGTGGG_005,147
TGATATAATCTGAGCGTGGG_006,199
TGATATAATCTGAGCGTGGG_007,17
TGATATAATCTGAGCGTGGG_008,149
TGATATAATCTGAGCGTGGG_009,140
TTATTTACCGAAATGCTGGT_001,19
TTATTTACCGAAATGCTGGT_002,30
TTATTTACCGAAATGCTGGT_003,135
TTATTTACCGAAATGCTGGT_004,69
TTATTTACCGAAATGCTGGT_005,38
TTATTTACCGAAATGCTGGT_006,95
CAATGAAGGACAGACCACTG_001,127
CAATGAAGGACAGACCACTG_002,42
CAATGAAGGACAGACCACTG_003,45
CAATGAAGGACAGACCACTG_004,67
CAATGAAGGACAGACCACTG_005,172
CAATGAAGGACAGACCACTG_006,177
CAATGAAGGACAGACCACTG_007,15
CCTACAATGTCACCCAGCGG_001,48
CCTACAATGTCACCCAGCGG_002,170
CCTACAATGTCACCCAGCGG_003,65
CCTACAATGTCACCCAGCGG_004,137
GCACTTGCAGGAGTCCGCGC_001,0
GCACTTGCAGGAGTCCGCGC_002,83
GCACTTGCAGGAGTCCGCGC_003,2
GCACTTGCAGGAGTCCGCGC_004,28
GCACTTGCAGGAGTCCGCGC_005,184
GCACTTGCAGGAGTCCGCGC_006,29
GCACTTGCAGGAGTCCGCGC_007,155
GCACTTGCAGGAGTCCGCGC_008,87
GCACTTGCAGGAGTCCGCGC_009,156
GCACTTGCAGGAGTCCGCGC_010,49
GCACTTGCAGGAGTCCGCGC_011,34
GCACTTGCAGGAGTCCGCGC_012,138
TGAGCAATGACGATGCCGTG_001,159
TGAGCAATGACGATGCCGTG_002,24
TGAGCAATGACGATGCCGTG_003,89
TGGGGTCCTATAATAGAGCC_001,185
TGGGGTCCTATAATAGAGCC_002,48
AAGCAATGTGCCTTTAAAAG_001,146
AGATGGTGTGATCCCCCGTG_001,77
AGATGGTGTGATCCCCCGTG_002,184
AGATGGTGTGATCCCCCGTG_003,96
AGATGGTGTGATCCCCCGTG_004,42
AGATGGTGTGATCCCCCGTG_005,169
AGATGGTGTGATCCCCCGTG_006,97
TTTGTGCATAGGGAGAAGGA_001,49
TTTGTGCATAGGGAGAAGGA_002,70
TTTGTGCATAGGGAGAAGGA_003,19
TTTGTGCATAGGGAGAAGGA_004,48
TTTGTGCATAGGGAGAAGGA_005,104
TTTGTGCATAGGGAGAAGGA_006,11
TTTGTGCATAGGGAGAAGGA_007,182
TTTGTGCATAGGGAGAAGGA_008,124
TTTGTGCATAGGGAGAAGGA_009,141
TTTGTGCATAGGGAGAAGGA_010,147
TTTGTGCATAGGGAGAAGGA_011,43
TTTGTGCATAGGGAGAAGGA_012,44
TTTGTGCATAGGGAGAAGGA_013,126
TTTGTGCATAGGGAGAAGGA_014,110
TTTGTGCATAGGGAGAAGGA_015,110
TTTGTGCATAGGGAGAAGGA_016,106
TTTGTGCATAGGGAGAAGGA_017,94
TTTGTGCATAGGGAGAAGGA_018,103
TTTGTGCATAGGGAGAAGGA_019,144
TTTGTGCATAGGGAGAAGGA_020,137
TTTGTGCATAGGGAGAAGGA_021,175
TACAGCCAGTATGAAGTGCG_001,12
TACAGCCAGTATGAAGTGCG_002,169
TACAGCCAGTATGAAGTGCG_003,199
TACAGCCAGTATGAAGTGCG_004,27
TACAGCCAGTATGAAGTGCG_005,12
TACAGCCAGTATGAAGTGCG_006,50
TACAGCCAGTATGAAGTGCG_007,83
ATGTGGAGTCTTGAACACGG_001,34
ATGTGGAGTCTTGAACACGG_002,41
ATGTGGAGTCTTGAACACGG_003,8
ATGTGGAGTCTTGAACACGG_004,193
ATGTGGAGTCTTGAACACGG_005,89
ATGTGGAGTCTTGAACACGG_006,48
ATGTGGAGTCTTGAACACGG_007,92
ATGTGGAGTCTTGAACACGG_008,25
ATGTGGAGTCTTGAACACGG_009,44
ATGTGGAGTCTTGAACACGG_010,182
ATGTGGAGTCTTGAACACGG_011,5
ATGTGGAGTCTTGAACACGG_012,83
ATGTGGAGTCTTGAACACGG_013,177
ATGTGGAGTCTTGAACACGG_014,147
ATGTGGAGTCTTGAACACGG_015,91
ATGTGGAGTCTTGAACACGG_016,58
ATGTGGAGTCTTGAACACGG_017,60
ATGTGGAGTCTTGAACACGG_018,88
TTCCAATGCGGAGAAAACGT_001,82
TTCCAATGCGGAGAAAACGT_002,153
TTCCAATGCGGAGAAAACGT_003,76
TTCCAATGCGGAGAAAACGT_004,118
TTCCAATGCGGAGAAAACGT_005,1
TTCCAATGCGGAGAAAACGT_006,172
TTCCAATGCGGAGAAAACGT_007,11
TTCCAATGCGGAGAAAACGT_008,48
ATTGCTGTTACTTTGCAACT_001,27
ATTGCTGTTACTTTGCAACT_002,46
ATTGCTGTTACTTTGCAACT_003,161
ATTGCTGTTACTTTGCAACT_004,114
ATTGCTGTTACTTTGCAACT_005,130
ATTGCTGTTACTTTGCAACT_006,68
ATTGCTGTTACTTTGCAACT_007,12
ATTGCTGTTACTTTGCAACT_008,165
ATTGCTGTTACTTTGCAACT_009,97
ATTGCTGTTACTTTGCAACT_010,170
ATTGCTGTTACTTTGCAACT_011,127
TTCTGAGGAAGTGTATACAG_001,178
TTCTGAGGAAGTGTATACAG_002,188
TTCTGAGGAAGTGTATACAG_003,146
TTCTGAGGAAGTGTATACAG_004,29
TTCTGAGGAAGTGTATACAG_005,115
TTCTGAGGAAGTGTATACAG_006,76
TTCTGAGGAAGTGTATACAG_007,81
TTCTGAGGAAGTGTATACAG_008,58
TTCTGAGGAAGTGTATACAG_009,82
TTCTGAGGAAGTGTATACAG_010,148
TTCTGAGGAAGTGTATACAG_011,90
TTCTGAGGAAGTGTATACAG_012,67
TTCTGAGGAAGTGTATACAG_013,70
TTCTGAGGAAGTGTATACAG_014,78
TTCTGAGGAAGTGTATACAG_015,137
TTCTGAGGAAGTGTATACAG_016,78
TTCTGAGGAAGTGTATACAG_017,178
TTCTGAGGAAGTGTATACAG_018,178
AATTCCTGAACCCTGCGCAG_001,77
AATTCCTGAACCCTGCGCAG_002,168
AATTCCTGAACCCTGCGCAG_003,146
AATTCCTGAACCCTGCGCAG_004,169
AATTCCTGAACCCTGCGCAG_005,80
AATTCCTGAACCCTGCGCAG_006,32
AATTCCTGAACCCTGCGCAG_007,102
AATTCCTGAACCCTGCGCAG_008,124
AATTCCTGAACCCTGCGCAG_009,189
AATTCCTGAACCCTGCGCAG_010,87
AATTCCTGAACCCTGCGCAG_011,53
AATTCCTGAACCCTGCGCAG_012,176
AATTCCTGAACCCTGCGCAG_013,187
AATTCCTGAACCCTGCGCAG_014,60
AATTCCTGAACCCTGCGCAG_015,167
AATTCCTGAACCCTGCGCAG_016,27
AATTCCTGAACCCTGCGCAG_017,127
AATTCCTGAACCCTGCGCAG_018,40
AATTCCTGAACCCTGCGCAG_019,78
GATAGTTCCATGGAGCATGT_001,162
GATAGTTCCATGGAGCATGT_002,77
GATAGTTCCATGGAGCATGT_003,167
GATAGTTCCATGGAGCATGT_004,108
GATAGTTCCATGGAGCATGT_005,137
GATAGTTCCATGGAGCATGT_006,12
GATAGTTCCATGGAGCATGT_007,34
GATAGTTCCATGGAGCATGT_008,127
GATAGTTCCATGGAGCATGT_009,103
GATAGTTCCATGGAGCATGT_010,107
GATAGTTCCATGGAGCATGT_011,108
GATAGTTCCATGGAGCATGT_012,178
GATAGTTCCATGGAGCATGT_013,147
GATAGTTCCATGGAGCATGT_014,37
GATAGTTCCATGGAGCATGT_015,78
GATAGTTCCATGGAGCATGT_016,9
GATAGTTCCATGGAGCATGT_017,174
GATAGTTCCATGGAGCATGT_018,103
GATAGTTCCATGGAGCATGT_019,125
CAGTCATTGCCAAAACAAGG_001,193
CAGTCATTGCCAAAACAAGG_002,94
CAGTCATTGCCAAAACAAGG_003,19
CAGTCATTGCCAAAACAAGG_004,162
GGCGCTCGAGCTAAACTGCG_001,91
GGCGCTCGAGCTAAACTGCG_002,197
GGCGCTCGAGCTAAACTGCG_003,149
GGCGCTCGAGCTAAACTGCG_004,158
GGCGCTCGAGCTAAACTGCG_005,147
GGGAGAACCCAAAGTCCTTG_001,88
GGGAGAACCCAAAGTCCTTG_002,92
GGGAGAACCCAAAGTCCTTG_003,185
GGGAGAACCCAAAGTCCTTG_004,117
GGGAGAACCCAAAGTCCTTG_005,185
GGGAGAACCCAAAGTCCTTG_006,192
GGGAGAACCCAAAGTCCTTG_007,62
GGGAGAACCCAAAGTCCTTG_008,16
AATGTGAATGCTGCTAGTGG_001,142
TTGCAGCCAATGAAGAGAAT_001,1
TTGCAGCCAATGAAGAGAAT_002,130
TTGCAGCCAATGAAGAGAAT_003,1
TTGCAGCCAATGAAGAGAAT_004,144
TTGCAGCCAATGAAGAGAAT_005,61
TTGCAGCCAATGAAGAGAAT_006,35
TTGCAGCCAATGAAGAGAAT_007,89
TTGCAGCCAATGAAGAGAAT_008,38
TTGGTATTCTCCAGGGACAA_001,107
GGTCCGAATGCAGAACCAGA_001,177
GGTCCGAATGCAGAACCAGA_002,82
GGTCCGAATGCAGAACCAGA_003,128
GGTCCGAATGCAGAACCAGA_004,45
GGTCCGAATGCAGAACCAGA_005,81
GGTCCGAATGCAGAACCAGA_006,27
GGTCCGAATGCAGAACCAGA_007,9
GGTCCGAATGCAGAACCAGA_008,150
AAAAAGACATACGATTGGAG_001,82
AAAAAGACATACGATTGGAG_002,64
AAAAAGACATACGATTGGAG_003,3
TCTAAACTAGAATCCGTCTG_001,96
TCTAAACTAGAATCCGTCTG_002,1
TCTAAACTAGAATCCGTCTG_003,106
TCTAAACTAGAATCCGTCTG_004,134
TCTAAACTAGAATCCGTCTG_005,88
ACTGCGTTGGAACACCGTCA_001,5
ACTGCGTTGGAACACCGTCA_002,141
ACTGCGTTGGAACACCGTCA_003,52
ACTGCGTTGGAACACCGTCA_004,169
ACTGCGTTGGAACACCGTCA_005,170
ACTGCGTTGGAACACCGTCA_006,129
ACTGCGTTGGAACACCGTCA_007,162
ACTGCGTTGGAACACCGTCA_008,40
ACTGCGTTGGAACACCGTCA_009,121
ACTGCGTTGGAACACCGTCA_010,157
ACTGCGTTGGAACACCGTCA_011,86
ACTGCGTTGGAACACCGTCA_012,199
ACTGCGTTGGAACACCGTCA_013,35
ACTGCGTTGGAACACCGTCA_014,168
ACTGCGTTGGAACACCGTCA_015,198
ACTGCGTTGGAACACCGTCA_016,17
ACTGCGTTGGAACACCGTCA_017,68
ACTGCGTTGGAACACCGTCA_018,65
ACTGCGTTGGAACACCGTCA_019,126
ACTGCGTTGGAACACCGTCA_020,167
ACTGCGTTGGAACACCGTCA_021,172
ACTGCGTTGGAACACCGTCA_022,172
ACTGCGTTGGAACACCGTCA_023,97
ACTGCGTTGGAACACCGTCA_024,102
ACTGCGTTGGAACACCGTCA_025,142
ACTGCGTTGGAACACCGTCA_026,166
AGTGGATATGACGTTCGATG_001,63
CAGACCATAACTCTTGGAGA_001,62
GGAGACCCAAGCACTAGTAT_001,28
GGAGACCCAAGCACTAGTAT_002,83
GGAGACCCAAGCACTAGTAT_003,168
GGAGACCCAAGCACTAGTAT_004,88
GGAGACCCAAGCACTAGTAT_005,185
GGAGACCCAAGCACTAGTAT_006,70
TCGCCGACTTCTTCACGACG_001,147
TCGCCGACTTCTTCACGACG_002,69
CATTCGACTTCTTAGAACCG_001,3
AAGGTACGACTTCTGACTAA_001,107
AAGGTACGACTTCTGACTAA_002,166
AAGGTACGACTTCTGACTAA_003,124
AAGGTACGACTTCTGACTAA_004,151
GGGTCAGGTTCAGAACATAA_001,73
GGGTCAGGTTCAGAACATAA_002,183
GGGTCAGGTTCAGAACATAA_003,78
GGGTCAGGTTCAGAACATAA_004,2
GGGTCAGGTTCAGAACATAA_005,1
GGGTCAGGTTCAGAACATAA_006,63
GGGTCAGGTTCAGAACATAA_007,46
AATAGCCCACTCACGAGTGG_001,146
AATAGCCCACTCACGAGTGG_002,160
AATAGCCCACTCACGAGTGG_003,59
CCCAACATAATTGCCCTTAG_001,198
GCTGGGAACATAGTACCTTG_001,59
GCTGGGAACATAGTACCTTG_002,113
GCTGGGAACATAGTACCTTG_003,15
GCTGGGAACATAGTACCTTG_004,63
GCTGGGAACATAGTACCTTG_005,41
GTCATGATAACAGAATTGAG_001,123
GTCATGATAACAGAATTGAG_002,188
GTCATGATAACAGAATTGAG_003,23
TAAAGCCCCTGTCATCATCG_001,32
TAAAGCCCCTGTCATCATCG_002,49
TAAAGCCCCTGTCATCATCG_003,20
TAAAGCCCCTGTCATCATCG_004,103
GTGGAAAAGGACCAGAACTT_001,54
GTGGAAAAGGACCAGAACTT_002,68
GTGGAAAAGGACCAGAACTT_003,95
GTGGAAAAGGACCAGAACTT_004,15
GTGGAAAAGGACCAGAACTT_005,183
GTGGAAAAGGACCAGAACTT_006,124
GTGGAAAAGGACCAGAACTT_007,66
GTGGAAAAGGACCAGAACTT_008,166
GTGGAAAAGGACCAGAACTT_009,131
AGGGACTCCAGACCCAAAGG_001,184
AGGGACTCCAGACCCAAAGG_002,82
AGGGACTCCAGACCCAAAGG_003,35
AGGGACTCCAGACCCAAAGG_004,29
AGGGACTCCAGACCCAAAGG_005,81
CGGGTGCACTATGACCAGGC_001,166
GCTCATCAGGACATTCCAGA_001,106
GCTCATCAGGACATTCCAGA_002,183
GCTCATCAGGACATTCCAGA_003,34
GCTCATCAGGACATTCCAGA_004,83
GCTCATCAGGACATTCCAGA_005,174
GCTCATCAGGACATTCCAGA_006,76
GCTCATCAGGACATTCCAGA_007,185
GCTCATCAGGACATTCCAGA_008,185
GCTCATCAGGACATTCCAGA_009,62
GCTCATCAGGACATTCCAGA_010,166
GCTCATCAGGACATTCCAGA_011,166
GCTCATCAGGACATTCCAGA_012,175
GCTCATCAGGACATTCCAGA_013,11
GCTCATCAGGACATTCCAGA_014,114
GCTCATCAGGACATTCCAGA_015,50
GCTCATCAGGACATTCCAGA_016,161
GCTCATCAGGACATTCCAGA_017,47
GCTCATCAGGACATTCCAGA_018,102
TCAAGTGCAGGCCTTTCACG_001,116
TCAAGTGCAGGCCTTTCACG_002,161
TCAAGTGCAGGCCTTTCACG_003,161
TCAAGTGCAGGCCTTTCACG_004,47
TCAAGTGCAGGCCTTTCACG_005,64
TCAAGTGCAGGCCTTTCACG_006,197
TCAAGTGCAGGCCTTTCACG_007,120
TCAAGTGCAGGCCTTTCACG_008,87
TCAAGTGCAGGCCTTTCACG_009,137
TCAAGTGCAGGCCTTTCACG_010,152
TCAAGTGCAGGCCTTTCACG_011,159
AGGACTCTGTGAATCTGTGG_001,134
AGGACTCTGTGAATCTGTGG_002,169
AGGACTCTGTGAATCTGTGG_003,122
AGGACTCTGTGAATCTGTGG_004,60
AGGACTCTGTGAATCTGTGG_005,150
AGGACTCTGTGAATCTGTGG_006,148
AGGACTCTGTGAATCTGTGG_007,149
AGGACTCTGTGAATCTGTGG_008,114
AGGACATTGCAGAACTTCAG_001,148
AGGACATTGCAGAACTTCAG_002,86
AGGACATTGCAGAACTTCAG_003,58
AGGACATTGCAGAACTTCAG_004,174
AGGACATTGCAGAACTTCAG_005,61
AGGACATTGCAGAACTTCAG_006,70
AGGACATTGCAGAACTTCAG_007,51
AGGACATTGCAGAACTTCAG_008,12
AGGACATTGCAGAACTTCAG_009,20
CCCAGCACGGTACATACCTG_001,77
CCCAGCACGGTACATACCTG_002,154
CCCAGCACGGTACATACCTG_003,100
CCCAGCACGGTACATACCTG_004,94
CCCAGCACGGTACATACCTG_005,16
CCCAGCACGGTACATACCTG_006,48
CCGGCCTCAGGTGCAACCAG_001,58
CCGGCCTCAGGTGCAACCAG_002,92
CCGGCCTCAGGTGCAACCAG_003,120
CCGGCCTCAGGTGCAACCAG_004,156
CCGGCCTCAGGTGCAACCAG_005,184
CCGGCCTCAGGTGCAACCAG_006,147
CCGGCCTCAGGTGCAACCAG_007,150
CCGGCCTCAGGTGCAACCAG_008,117
CCGGCCTCAGGTGCAACCAG_009,47
CCGGCCTCAGGTGCAACCAG_010,81
CCGGCCTCAGGTGCAACCAG_011,188
CCGGCCTCAGGTGCAACCAG_012,112
CCGGCCTCAGGTGCAACCAG_013,157
CCGGCCTCAGGTGCAACCAG_014,77
CCGGCCTCAGGTGCAACCAG_015,89
CCGGCCTCAGGTGCAACCAG_016,169
CCGGCCTCAGGTGCAACCAG_017,60
CCGGCCTCAGGTGCAACCAG_018,70
CCGGCCTCAGGTGCAACCAG_019,14
CCGGCCTCAGGTGCAACCAG_020,13
CCGGCCTCAGGTGCAACCAG_021,59
CCGGCCTCAGGTGCAACCAG_022,6
CCGGCCTCAGGTGCAACCAG_023,1
CCGGCCTCAGGTGCAACCAG_024,77
CCGGCCTCAGGTGCAACCAG_025,147
CCGGCCTCAGGTGCAACCAG_026,31
CCGGCCTCAGGTGCAACCAG_027,162
CCGGCCTCAGGTGCAACCAG_028,17
CCGGCCTCAGGTGCAACCAG_029,8
CCGGCCTCAGGTGCAACCAG_030,59
TGGAGAAATGTGTAAAGGCC_001,145
TGGAGAAATGTGTAAAGGCC_002,7
TGGAGAAATGTGTAAAGGCC_003,121
TGGAGAAATGTGTAAAGGCC_004,157
TGGAGAAATGTGTAAAGGCC_005,159
TGGAGAAATGTGTAAAGGCC_006,130
TGGAGAAATGTGTAAAGGCC_007,15
TGGAGAAATGTGTAAAGGCC_008,111
TGGAGAAATGTGTAAAGGCC_009,81
TGGAGAAATGTGTAAAGGCC_010,149
TGGAGAAATGTGTAAAGGCC_011,198
TGGAGAAATGTGTAAAGGCC_012,43
TGGAGAAATGTGTAAAGGCC_013,49
TGGAGAAATGTGTAAAGGCC_014,6
TGGAGAAATGTGTAAAGGCC_015,72
GAGGAGGGGTCACCTGCGCG_001,47
GAGGAGGGGTCACCTGCGCG_002,135
GAGGAGGGGTCACCTGCGCG_003,43
GAGGAGGGGTCACCTGCGCG_004,51
GAGGAGGGGTCACCTGCGCG_005,5
GAGGAGGGGTCACCTGCGCG_006,73
GAGGAGGGGTCACCTGCGCG_007,45
GAGGAGGGGTCACCTGCGCG_008,179
GAGGAGGGGTCACCTGCGCG_009,48
GAGGAGGGGTCACCTGCGCG_010,154
GAGGAGGGGTCACCTGCGCG_011,74
GAGGAGGGGTCACCTGCGCG_012,40
GAGGAGGGGTCACCTGCGCG_013,48
GAGGAGGGGTCACCTGCGCG_014,169
GAGGAGGGGTCACCTGCGCG_015,1
GAGGAGGGGTCACCTGCGCG_016,186
GAGGAGGGGTCACCTGCGCG_017,24
GAGGAGGGGTCACCTGCGCG_018,15
GAGGAGGGGTCACCTGCGCG_019,147
GAGGAGGGGTCACCTGCGCG_020,156
GAGGAGGGGTCACCTGCGCG_021,91
GAGGAGGGGTCACCTGCGCG_022,91
CACACGCGGAAACGTCATCG_001,118
CACACGCGGAAACGTCATCG_002,77
CACACGCGGAAACGTCATCG_003,178
CACACGCGGAAACGTCATCG_004,125
CACACGCGGAAACGTCATCG_005,180
CACACGCGGAAACGTCATCG_006,131
CACACGCGGAAACGTCATCG_007,195
CACACGCGGAAACGTCATCG_008,121
CACACGCGGAAACGTCATCG_009,95
CACACGCGGAAACGTCATCG_010,59
CACACGCGGAAACGTCATCG_011,157
CACACGCGGAAACGTCATCG_012,117
CACACGCGGAAACGTCATCG_013,77
CACACGCGGAAACGTCATCG_014,80
CACACGCGGAAACGTCATCG_015,63
CACACGCGGAAACGTCATCG_016,78
CACACGCGGAAACGTCATCG_017,88
CAGATGCGCGACCTGGCACG_001,173
CAGATGCGCGACCTGGCACG_002,129
CAGATGCGCGACCTGGCACG_003,86
CAGATGCGCGACCTGGCACG_004,50
GATGGATCGAGACATGACCA_001,68
GATGGATCGAGACATGACCA_002,35
GATGGATCGAGACATGACCA_003,48
GATGGATCGAGACATGACCA_004,101
GATGGATCGAGACATGACCA_005,130
GATGGATCGAGACATGACCA_006,76
GATGGATCGAGACATGACCA_007,48
TACATAGCTCCGCGCCGTCG_001,36
GGGGAAGCGGTCAAACCGGG_001,186
TCTTCGTGGGCCAGATCCCG_001,70
TCTTCGTGGGCCAGATCCCG_002,43
TCTTCGTGGGCCAGATCCCG_003,38
TCTTCGTGGGCCAGATCCCG_004,98
TCTTCGTGGGCCAGATCCCG_005,177
TCTTCGTGGGCCAGATCCCG_006,153
AGAACAGCACGTACCAGAGG_001,125
AGAACAGCACGTACCAGAGG_002,96
AGAACAGCACGTACCAGAGG_003,14
AGAACAGCACGTACCAGAGG_004,118
AGAACAGCACGTACCAGAGG_005,176
AGAACAGCACGTACCAGAGG_006,48
AGAACAGCACGTACCAGAGG_007,127
TATGCCATGATGGTATCCAT_001,9
TGTGACGGAGGAGTGCCCGG_001,157
TGTGACGGAGGAGTGCCCGG_002,130
TGTGACGGAGGAGTGCCCGG_003,157
TGTGACGGAGGAGTGCCCGG_004,11
TGTGACGGAGGAGTGCCCGG_005,93
TGTGACGGAGGAGTGCCCGG_006,0
TGTGACGGAGGAGTGCCCGG_007,80
TGTGACGGAGGAGTGCCCGG_008,40
TGTGACGGAGGAGTGCCCGG_009,95
TGTGACGGAGGAGTGCCCGG_010,18
TGTGACGGAGGAGTGCCCGG_011,2
GTACATGAGCGTCTTATAGA_001,56
GTACATGAGCGTCTTATAGA_002,181
GTACATGAGCGTCTTATAGA_003,116
GAAAACGACGAGAACCAGAG_001,65
GAAAACGACGAGAACCAGAG_002,174
GAAAACGACGAGAACCAGAG_003,39
GAAAACGACGAGAACCAGAG_004,68
GAAAACGACGAGAACCAGAG_005,76
GAAAACGACGAGAACCAGAG_006,39
AGGGTTGCTAGAAAATCGGT_001,57
AGGGTTGCTAGAAAATCGGT_002,169
AGGGTTGCTAGAAAATCGGT_003,145
AGGGTTGCTAGAAAATCGGT_004,190
AGGGTTGCTAGAAAATCGGT_005,9
AGGGTTGCTAGAAAATCGGT_006,102
AGGGTTGCTAGAAAATCGGT_007,117
AGGGTTGCTAGAAAATCGGT_008,108
AGGGTTGCTAGAAAATCGGT_009,108
AGGGTTGCTAGAAAATCGGT_010,6
AAGAAGCAGTCCCGGCTCCG_001,62
AAGAAGCAGTCCCGGCTCCG_002,192
AAGAAGCAGTCCCGGCTCCG_003,101
AAGAAGCAGTCCCGGCTCCG_004,150
AAGAAGCAGTCCCGGCTCCG_005,106
AAGAAGCAGTCCCGGCTCCG_006,144
AAGAAGCAGTCCCGGCTCCG_007,47
AAGAAGCAGTCCCGGCTCCG_008,172
AAGAAGCAGTCCCGGCTCCG_009,87
AAGAAGCAGTCCCGGCTCCG_010,139
AAGAAGCAGTCCCGGCTCCG_011,175
AAGAAGCAGTCCCGGCTCCG_012,189
AAGAAGCAGTCCCGGCTCCG_013,46
AAGAAGCAGTCCCGGCTCCG_014,88
AAGAAGCAGTCCCGGCTCCG_015,1
AAGAAGCAGTCCCGGCTCCG_016,29
AAGAAGCAGTCCCGGCTCCG_017,115
AAGAAGCAGTCCCGGCTCCG_018,9
AAGAAGCAGTCCCGGCTCCG_019,134
AAGAAGCAGTCCCGGCTCCG_020,3
AAGAAGCAGTCCCGGCTCCG_021,38
AAGAAGCAGTCCCGGCTCCG_022,48
AAGAAGCAGTCCCGGCTCCG_023,28
AAGAAGCAGTCCCGGCTCCG_024,78
AAGAAGCAGTCCCGGCTCCG_025,160
AAGAAGCAGTCCCGGCTCCG_026,28
AAGAAGCAGTCCCGGCTCCG_027,49
AAGAAGCAGTCCCGGCTCCG_028,1
AAGAAGCAGTCCCGGCTCCG_029,171
AAGAAGCAGTCCCGGCTCCG_030,94
AAGAAGCAGTCCCGGCTCCG_031,159
AAGAAGCAGTCCCGGCTCCG_032,148
AAGAAGCAGTCCCGGCTCCG_033,102
AAGAAGCAGTCCCGGCTCCG_034,50
AAGAAGCAGTCCCGGCTCCG_035,157
AAGAAGCAGTCCCGGCTCCG_036,157
AAGAAGCAGTCCCGGCTCCG_037,150
AAGAAGCAGTCCCGGCTCCG_038,163
AAGAAGCAGTCCCGGCTCCG_039,26
AAGAAGCAGTCCCGGCTCCG_040,55
AAGAAGCAGTCCCGGCTCCG_041,69
AAGAAGCAGTCCCGGCTCCG_042,111
AAGAAGCAGTCCCGGCTCCG_043,137
GAAACTGCAAGCACACATGG_001,168
GAAACTGCAAGCACACATGG_002,25
GAAACTGCAAGCACACATGG_003,9
GAAACTGCAAGCACACATGG_004,9
GAAACTGCAAGCACACATGG_005,27
GAAACTGCAAGCACACATGG_006,137
GAAACTGCAAGCACACATGG_007,141
GAAACTGCAAGCACACATGG_008,160
GAAACTGCAAGCACACATGG_009,12
GAAACTGCAAGCACACATGG_010,12
GAAACTGCAAGCACACATGG_011,33
GAAACTGCAAGCACACATGG_012,93
GAAACTGCAAGCACACATGG_013,28
GAAACTGCAAGCACACATGG_014,102
GAAACTGCAAGCACACATGG_015,156
GAAACTGCAAGCACACATGG_016,138
CCTGATCGTCAGCCTCGCAG_001,116
CCTGATCGTCAGCCTCGCAG_002,48
CCTGATCGTCAGCCTCGCAG_003,17
CCTGATCGTCAGCCTCGCAG_004,177
CCTGATCGTCAGCCTCGCAG_005,65
CCTGATCGTCAGCCTCGCAG_006,27
CCTGATCGTCAGCCTCGCAG_007,76
CCTGATCGTCAGCCTCGCAG_008,191
CCTGATCGTCAGCCTCGCAG_009,178
CCTGATCGTCAGCCTCGCAG_010,178
CCTGATCGTCAGCCTCGCAG_011,51
CCTGATCGTCAGCCTCGCAG_012,139
CCTGATCGTCAGCCTCGCAG_013,194
CCTGATCGTCAGCCTCGCAG_014,73
CCTGATCGTCAGCCTCGCAG_015,50
CCTGATCGTCAGCCTCGCAG_016,61
CCTGATCGTCAGCCTCGCAG_017,88
CCTGATCGTCAGCCTCGCAG_018,127
CCTGATCGTCAGCCTCGCAG_019,88
CCTGATCGTCAGCCTCGCAG_020,113
CCTGATCGTCAGCCTCGCAG_021,98
CCTGATCGTCAGCCTCGCAG_022,28
CCTGATCGTCAGCCTCGCAG_023,1
CCTGATCGTCAGCCTCGCAG_024,156
CCTGATCGTCAGCCTCGCAG_025,55
CCTGATCGTCAGCCTCGCAG_026,187
CCTGATCGTCAGCCTCGCAG_027,15
CCTGATCGTCAGCCTCGCAG_028,86
CCTGATCGTCAGCCTCGCAG_029,63
CCTGATCGTCAGCCTCGCAG_030,88
CCTGATCGTCAGCCTCGCAG_031,134
CCTGATCGTCAGCCTCGCAG_032,168
CCTGATCGTCAGCCTCGCAG_033,154
CCTGATCGTCAGCCTCGCAG_034,145
CCTGATCGTCAGCCTCGCAG_035,17
CCTGATCGTCAGCCTCGCAG_036,8
CCTGATCGTCAGCCTCGCAG_037,191
CCTGATCGTCAGCCTCGCAG_038,129
CCTGATCGTCAGCCTCGCAG_039,20
CCTGATCGTCAGCCTCGCAG_040,75
CCTGATCGTCAGCCTCGCAG_041,148
CCTGATCGTCAGCCTCGCAG_042,125
CCTGATCGTCAGCCTCGCAG_043,116
AAAATTGACACACCTCAGCA_001,37
AAAATTGACACACCTCAGCA_002,186
AAAATTGACACACCTCAGCA_003,43
AAAATTGACACACCTCAGCA_004,118
AAAATTGACACACCTCAGCA_005,113
AAAATTGACACACCTCAGCA_006,194
AAAATTGACACACCTCAGCA_007,18
AAAATTGACACACCTCAGCA_008,122
AAAATTGACACACCTCAGCA_009,65
AAAATTGACACACCTCAGCA_010,48
AAAATTGACACACCTCAGCA_011,76
AAAATTGACACACCTCAGCA_012,147
AAAATTGACACACCTCAGCA_013,43
AAAATTGACACACCTCAGCA_014,33
AAAATTGACACACCTCAGCA_015,91
AAAATTGACACACCTCAGCA_016,68
AGAGGCATCTGACGTAAGGG_001,173
AGAGGCATCTGACGTAAGGG_002,158
AGAGGCATCTGACGTAAGGG_003,81
AGAGGCATCTGACGTAAGGG_004,77
AGAGGCATCTGACGTAAGGG_005,77
GAGCCGCTCCATCAGGAGTG_001,106
GAGCCGCTCCATCAGGAGTG_002,61
GAGCCGCTCCATCAGGAGTG_003,58
GAGCCGCTCCATCAGGAGTG_004,17
GAGCCGCTCCATCAGGAGTG_005,92
GAGCCGCTCCATCAGGAGTG_006,9
GAGCCGCTCCATCAGGAGTG_007,197
GAGCCGCTCCATCAGGAGTG_008,40
GAGCCGCTCCATCAGGAGTG_009,127
GAGCCGCTCCATCAGGAGTG_010,105
GAGCCGCTCCATCAGGAGTG_011,142
GAGCCGCTCCATCAGGAGTG_012,41
GAGCCGCTCCATCAGGAGTG_013,146
GAGCCGCTCCATCAGGAGTG_014,66
GCTGCGTGGGACCATTGTGG_001,115
GCTGCGTGGGACCATTGTGG_002,93
GCTGCGTGGGACCATTGTGG_003,112
GCTGCGTGGGACCATTGTGG_004,148
GGATTCACTCGACGACGTCG_001,111
GGATTCACTCGACGACGTCG_002,4
GGATTCACTCGACGACGTCG_003,169
GGATTCACTCGACGACGTCG_004,144
AAAATCGAAGGCAGGCCCGT_001,105
AAAATCGAAGGCAGGCCCGT_002,19
AAAATCGAAGGCAGGCCCGT_003,105
AAAATCGAAGGCAGGCCCGT_004,150
AAAATCGAAGGCAGGCCCGT_005,155
AAAATCGAAGGCAGGCCCGT_006,94
AAAATCGAAGGCAGGCCCGT_007,189
AAAATCGAAGGCAGGCCCGT_008,147
GGCGGGGGCTCATATGCCTG_001,49
GGCGGGGGCTCATATGCCTG_002,13
TGGGACACCGAGATTCTGAG_001,70
TGGGACACCGAGATTCTGAG_002,146
TGGGACACCGAGATTCTGAG_003,124
TGGGACACCGAGATTCTGAG_004,1
TGGGACACCGAGATTCTGAG_005,17
TGGGACACCGAGATTCTGAG_006,125
TGGGACACCGAGATTCTGAG_007,4
TGGGACACCGAGATTCTGAG_008,17
TGGGACACCGAGATTCTGAG_009,76
TGGGACACCGAGATTCTGAG_010,35
TGGGACACCGAGATTCTGAG_011,46
TGGGACACCGAGATTCTGAG_012,49
TGGGACACCGAGATTCTGAG_013,142
TGGGACACCGAGATTCTGAG_014,61
TGGGACACCGAGATTCTGAG_015,23
TGGGACACCGAGATTCTGAG_016,3
TGGGACACCGAGATTCTGAG_017,82
TGGGACACCGAGATTCTGAG_018,14
TGGGACACCGAGATTCTGAG_019,180
TGGGACACCGAGATTCTGAG_020,29
TTGAGGATGAAGCTGAGAAG_001,154
TTGAGGATGAAGCTGAGAAG_002,4
TTGAGGATGAAGCTGAGAAG_003,137
TTGAGGATGAAGCTGAGAAG_004,184
TACCCTCTGGTAATACACAT_001,184
TACCCTCTGGTAATACACAT_002,198
TACCCTCTGGTAATACACAT_003,29
TACCCTCTGGTAATACACAT_004,176
TACCCTCTGGTAATACACAT_005,14
TACCCTCTGGTAATACACAT_006,52
TACCCTCTGGTAATACACAT_007,67
TACCCTCTGGTAATACACAT_008,8
TACCCTCTGGTAATACACAT_009,101
TACCCTCTGGTAATACACAT_010,105
TACCCTCTGGTAATACACAT_011,170
TACCCTCTGGTAATACACAT_012,6
TACCCTCTGGTAATACACAT_013,169
TACCCTCTGGTAATACACAT_014,182
TACCCTCTGGTAATACACAT_015,150
TACCCTCTGGTAATACACAT_016,8
TACCCTCTGGTAATACACAT_017,4
TACCCTCTGGTAATACACAT_018,56
TACCCTCTGGTAATACACAT_019,147
TACCCTCTGGTAATACACAT_020,102
TACCCTCTGGTAATACACAT_021,150
TACCCTCTGGTAATACACAT_022,148
CAGGACCTCACCAAAAACCC_001,103
CAGGACCTCACCAAAAACCC_002,13
CAGGACCTCACCAAAAACCC_003,162
CAGGACCTCACCAAAAACCC_004,70
AGCTACCTGAAGCACAGCAA_001,129
AGCTACCTGAAGCACAGCAA_002,100
AGCTACCTGAAGCACAGCAA_003,48
AGCTACCTGAAGCACAGCAA_004,138
AGCTACCTGAAGCACAGCAA_005,174
AGCTACCTGAAGCACAGCAA_006,98
AGCTACCTGAAGCACAGCAA_007,0
AGCTACCTGAAGCACAGCAA_008,152
AGCTACCTGAAGCACAGCAA_009,34
AGCTACCTGAAGCACAGCAA_010,8
AGCTACCTGAAGCACAGCAA_011,77
AGCTACCTGAAGCACAGCAA_012,78
AGGCGAAGACATAGATTGTG_001,2
GGGCCGAGCCTAGCACAGTG_001,150
GGGCCGAGCCTAGCACAGTG_002,188
GGGCCGAGCCTAGCACAGTG_003,34
GGGCCGAGCCTAGCACAGTG_004,147
GGGCCGAGCCTAGCACAGTG_005,58
GGGCCGAGCCTAGCACAGTG_006,162
GGGCCGAGCCTAGCACAGTG_007,162
GGGCCGAGCCTAGCACAGTG_008,2
GGGCCGAGCCTAGCACAGTG_009,110
GGGCCGAGCCTAGCACAGTG_010,94
GGGCCGAGCCTAGCACAGTG_011,127
GGGCCGAGCCTAGCACAGTG_012,60
GGGCCGAGCCTAGCACAGTG_013,88
GGGCCGAGCCTAGCACAGTG_014,142
GGGCCGAGCCTAGCACAGTG_015,14
GGGCCGAGCCTAGCACAGTG_016,100
GGGCCGAGCCTAGCACAGTG_017,161
GGGCCGAGCCTAGCACAGTG_018,175
TAAAGATGACGAGTGCTTCG_001,154
TAAAGATGACGAGTGCTTCG_002,156
TAAAGATGACGAGTGCTTCG_003,103
TAAAGATGACGAGTGCTTCG_004,143
TAAAGATGACGAGTGCTTCG_005,9
TAAAGATGACGAGTGCTTCG_006,130
TAAAGATGACGAGTGCTTCG_007,6
AGGCGCCGGAATATGACACA_001,107
AGGCGCCGGAATATGACACA_002,4
AGGCGCCGGAATATGACACA_003,168
AGGCGCCGGAATATGACACA_004,15
AGGCGCCGGAATATGACACA_005,90
AGGCGCCGGAATATGACACA_006,56
AGGCGCCGGAATATGACACA_007,148
AGGCGCCGGAATATGACACA_008,129
AGGCGCCGGAATATGACACA_009,4
AGGCGCCGGAATATGACACA_010,177
AGGCGCCGGAATATGACACA_011,78
AGGCGCCGGAATATGACACA_012,63
AGGCGCCGGAATATGACACA_013,52
AGGCGCCGGAATATGACACA_014,124
AGGCGCCGGAATATGACACA_015,46
AGGCGCCGGAATATGACACA_016,70
ATCAGTGTGATGAGTGTGGC_001,61
ATCAGTGTGATGAGTGTGGC_002,12
ATCAGTGTGATGAGTGTGGC_003,186
ATCAGTGTGATGAGTGTGGC_004,193
ATCAGTGTGATGAGTGTGGC_005,88
ATCAGTGTGATGAGTGTGGC_006,3
ATCAGTGTGATGAGTGTGGC_007,68
ATCAGTGTGATGAGTGTGGC_008,68
ATCAGTGTGATGAGTGTGGC_009,77
ATCAGTGTGATGAGTGTGGC_010,20
ATCAGTGTGATGAGTGTGGC_011,21
ATCAGTGTGATGAGTGTGGC_012,74
ATCAGTGTGATGAGTGTGGC_013,59
ATCAGTGTGATGAGTGTGGC_014,30
ATCAGTGTGATGAGTGTGGC_015,29
ATCAGTGTGATGAGTGTGGC_016,144
ATCAGTGTGATGAGTGTGGC_017,60
ATCAGTGTGATGAGTGTGGC_018,172
ATGAAGTGCTACGACCCCGT_001,11
ATGAAGTGCTACGACCCCGT_002,81
ATGAAGTGCTACGACCCCGT_003,41
ATGAAGTGCTACGACCCCGT_004,60
ATGAAGTGCTACGACCCCGT_005,49
ATGAAGTGCTACGACCCCGT_006,161
ATGAAGTGCTACGACCCCGT_007,29
ATGAAGTGCTACGACCCCGT_008,184
ATGAAGTGCTACGACCCCGT_009,170
ATGTGGAAACTGCTCTCTCA_001,68
ATGTGGAAACTGCTCTCTCA_002,156
ATGTGGAAACTGCTCTCTCA_003,127
ATGTGGAAACTGCTCTCTCA_004,60
CGCTCAGGGGCATAAAACGA_001,5
CGCTCAGGGGCATAAAACGA_002,18
CGCTCAGGGGCATAAAACGA_003,106
CGCTCAGGGGCATAAAACGA_004,98
CGCTCAGGGGCATAAAACGA_005,121
CGCTCAGGGGCATAAAACGA_006,121
CGCTCAGGGGCATAAAACGA_007,141
CGCTCAGGGGCATAAAACGA_008,48
CGCTCAGGGGCATAAAACGA_009,57
CGCTCAGGGGCATAAAACGA_010,171
CGCTCAGGGGCATAAAACGA_011,36
CGCTCAGGGGCATAAAACGA_012,47
CGCTCAGGGGCATAAAACGA_013,80
CGCTCAGGGGCATAAAACGA_014,52
CGCTCAGGGGCATAAAACGA_015,169
CGCTCAGGGGCATAAAACGA_016,61
CGCTCAGGGGCATAAAACGA_017,56
CGCTCAGGGGCATAAAACGA_018,19
TCTGGCGGTAATATCTGCTC_001,151
AGTGTCCCACTCATGGACGT_001,149
AGTGTCCCACTCATGGACGT_002,98
AGTGTCCCACTCATGGACGT_003,18
AGTGTCCCACTCATGGACGT_004,146
AGTGTCCCACTCATGGACGT_005,54
AGTGTCCCACTCATGGACGT_006,113
AGTGTCCCACTCATGGACGT_007,65
AGTGTCCCACTCATGGACGT_008,1
AGTGTCCCACTCATGGACGT_009,128
AGTGTCCCACTCATGGACGT_010,15
AGTGTCCCACTCATGGACGT_011,74
AGTGTCCCACTCATGGACGT_012,15
AGTGTCCCACTCATGGACGT_013,121
AGTGTCCCACTCATGGACGT_014,103
AGTGTCCCACTCATGGACGT_015,173
AGTGTCCCACTCATGGACGT_016,169
AGTGTCCCACTCATGGACGT_017,159
TTGATGATGTTGTGAACCAA_001,93
TTGATGATGTTGTGAACCAA_002,130
TTGATGATGTTGTGAACCAA_003,64
TTGATGATGTTGTGAACCAA_004,150
TTGATGATGTTGTGAACCAA_005,199
TTGATGATGTTGTGAACCAA_006,19
TTGATGATGTTGTGAACCAA_007,15
TTGATGATGTTGTGAACCAA_008,23
TTGATGATGTTGTGAACCAA_009,112
TTGATGATGTTGTGAACCAA_010,49
TTGATGATGTTGTGAACCAA_011,71
TTGATGATGTTGTGAACCAA_012,177
TTGATGATGTTGTGAACCAA_013,188
TTGATGATGTTGTGAACCAA_014,89
TGAAGCTGCCTACATATGGA_001,133
TGAAGCTGCCTACATATGGA_002,147
TCAGCAACTTAAAAGATACG_001,52
TCAGCAACTTAAAAGATACG_002,23
TCAGCAACTTAAAAGATACG_003,147
TCAGCAACTTAAAAGATACG_004,140
TCAGCAACTTAAAAGATACG_005,93
TCAGCAACTTAAAAGATACG_006,15
TCAGCAACTTAAAAGATACG_007,35
CAAAGAGAAGATGGTTACCA_001,158
CAAAGAGAAGATGGTTACCA_002,103
CAAAGAGAAGATGGTTACCA_003,12
CAAAGAGAAGATGGTTACCA_004,29
ATGTCCCGTATGCCAACAAG_001,182
ATGTCCCGTATGCCAACAAG_002,50
ATGTCCCGTATGCCAACAAG_003,92
ATGTCCCGTATGCCAACAAG_004,170
ATGTCCCGTATGCCAACAAG_005,62
ATGTCCCGTATGCCAACAAG_006,134
ATGTCCCGTATGCCAACAAG_007,115
ATGTCCCGTATGCCAACAAG_008,184
ATGTCCCGTATGCCAACAAG_009,104
ATGTCCCGTATGCCAACAAG_010,12
ATGTCCCGTATGCCAACAAG_011,160
ATGTCCCGTATGCCAACAAG_012,185
ATGTCCCGTATGCCAACAAG_013,168
ATGTCCCGTATGCCAACAAG_014,188
ATGTCCCGTATGCCAACAAG_015,38
ATGTCCCGTATGCCAACAAG_016,118
ATGTCCCGTATGCCAACAAG_017,27
ATGTCCCGTATGCCAACAAG_018,2
ATGTCCCGTATGCCAACAAG_019,192
CCCATGGCCAGACTGGTGAA_001,98
CGGCATCCAGAACGCTTGCG_001,175
CGGCATCCAGAACGCTTGCG_002,159
CGGCATCCAGAACGCTTGCG_003,92
CGGCATCCAGAACGCTTGCG_004,148
CGGCATCCAGAACGCTTGCG_005,94
CGGCATCCAGAACGCTTGCG_006,121
GAGCCCCCAACTGACGAATG_001,21
GAGCCCCCAACTGACGAATG_002,94
GAGCCCCCAACTGACGAATG_003,141
GAGCCCCCAACTGACGAATG_004,50
GAGCCCCCAACTGACGAATG_005,83
GAGCCCCCAACTGACGAATG_006,150
GAGCCCCCAACTGACGAATG_007,96
GAGCCCCCAACTGACGAATG_008,65
GAGCCCCCAACTGACGAATG_009,131
GAGCCCCCAACTGACGAATG_010,180
TGTGTTGAGAGAACAAATCG_001,7
TGTGTTGAGAGAACAAATCG_002,33
TGTGTTGAGAGAACAAATCG_003,130
TGTGTTGAGAGAACAAATCG_004,36
TGTGTTGAGAGAACAAATCG_005,199
AGCAGTTGGAGATTCAGCAA_001,157
AGCAGTTGGAGATTCAGCAA_002,169
AGCAGTTGGAGATTCAGCAA_003,116
AGCAGTTGGAGATTCAGCAA_004,159
AGCAGTTGGAGATTCAGCAA_005,12
AGCAGTTGGAGATTCAGCAA_006,132
AAATGATTCTACTCGGACAG_001,42
AAATGATTCTACTCGGACAG_002,121
AAATGATTCTACTCGGACAG_003,127
AAATGATTCTACTCGGACAG_004,160
AAATGATTCTACTCGGACAG_005,189
AAATGATTCTACTCGGACAG_006,183
CTTAAGGTATCGCACAACCA_001,2
CTTAAGGTATCGCACAACCA_002,180
CTTAAGGTATCGCACAACCA_003,103
CTTCTGAACGGTCACGCGTA_001,150
CTTCTGAACGGTCACGCGTA_002,127
CTTCTGAACGGTCACGCGTA_003,7
CTTCTGAACGGTCACGCGTA_004,177
CTTCTGAACGGTCACGCGTA_005,120
CTTCTGAACGGTCACGCGTA_006,166
CTTCTGAACGGTCACGCGTA_007,177
CTTCTGAACGGTCACGCGTA_008,30
TGATGCACTAGTGATAGGAG_001,83
TGATGCACTAGTGATAGGAG_002,114
AAAAAGCCTTAAGTTAACCG_001,137
GGCAACGCTGTGCTCTACGG_001,103
GGCAACGCTGTGCTCTACGG_002,162
GGCAACGCTGTGCTCTACGG_003,103
GGCAACGCTGTGCTCTACGG_004,114
GGCAACGCTGTGCTCTACGG_005,164
GGCAACGCTGTGCTCTACGG_006,137
GGCAACGCTGTGCTCTACGG_007,177
GGCAACGCTGTGCTCTACGG_008,77
GGCAACGCTGTGCTCTACGG_009,63
TGTTCTGATTGATCCACAGT_001,130
TGTTCTGATTGATCCACAGT_002,79
TGTTCTGATTGATCCACAGT_003,42
TGTTCTGATTGATCCACAGT_004,87
TGTTCTGATTGATCCACAGT_005,114
AGCTCCGTGACCTTAACCGG_001,94
AGCTCCGTGACCTTAACCGG_002,68
AGCTCCGTGACCTTAACCGG_003,68
AGCTCCGTGACCTTAACCGG_004,18
AGCTCCGTGACCTTAACCGG_005,191
AGCTCCGTGACCTTAACCGG_006,49
AGCTCCGTGACCTTAACCGG_007,130
AGCTCCGTGACCTTAACCGG_008,146
AGCTCCGTGACCTTAACCGG_009,169
AGCTCCGTGACCTTAACCGG_010,105
AGCTCCGTGACCTTAACCGG_011,126
AGCTCCGTGACCTTAACCGG_012,38
AGCTCCGTGACCTTAACCGG_013,84
AGCTCCGTGACCTTAACCGG_014,68
AGCTCCGTGACCTTAACCGG_015,26
AGCTCCGTGACCTTAACCGG_016,158
AGCTCCGTGACCTTAACCGG_017,70
AGCTCCGTGACCTTAACCGG_018,19
AGCTCCGTGACCTTAACCGG_019,167
AGCTCCGTGACCTTAACCGG_020,118
AGCTCCGTGACCTTAACCGG_021,19
AGCTCCGTGACCTTAACCGG_022,48
AGCTCCGTGACCTTAACCGG_023,149
AGCTCCGTGACCTTAACCGG_024,196
TACATACAAAATACTTCTCG_001,191
TACATACAAAATACTTCTCG_002,127
TACATACAAAATACTTCTCG_003,6
TACATACAAAATACTTCTCG_004,50
AGTCACCCTTCTTAACTACG_001,69
AGTCACCCTTCTTAACTACG_002,150
AGTCACCCTTCTTAACTACG_003,11
AGTCACCCTTCTTAACTACG_004,121
AGTCACCCTTCTTAACTACG_005,56
AGTCACCCTTCTTAACTACG_006,48
AGTCACCCTTCTTAACTACG_007,76
AGTCACCCTTCTTAACTACG_008,9
AGTCACCCTTCTTAACTACG_009,78
GCAGCAACATGGCAAGACGG_001,87
GCAGCAACATGGCAAGACGG_002,34
GCAGCAACATGGCAAGACGG_003,175
GCAGCAACATGGCAAGACGG_004,181
GCAGCAACATGGCAAGACGG_005,82
GCAGCAACATGGCAAGACGG_006,94
GCAGCAACATGGCAAGACGG_007,128
GCAGCAACATGGCAAGACGG_008,197
GCAGCAACATGGCAAGACGG_009,88
GCAGCAACATGGCAAGACGG_010,61
GCAGCAACATGGCAAGACGG_011,34
GCAGCAACATGGCAAGACGG_012,95
GCAGCAACATGGCAAGACGG_013,72
GCAGCAACATGGCAAGACGG_014,87
GCAGCAACATGGCAAGACGG_015,158
GCAGCAACATGGCAAGACGG_016,199
GCAGCAACATGGCAAGACGG_017,176
GCAGCAACATGGCAAGACGG_018,188
GCAGCAACATGGCAAGACGG_019,37
GCAGCAACATGGCAAGACGG_020,74
GCAGCAACATGGCAAGACGG_021,93
GGAGATGACCTAGAATGCAG_001,20
GGAGATGACCTAGAATGCAG_002,168
GGAGATGACCTAGAATGCAG_003,116
GGAGATGACCTAGAATGCAG_004,28
GGAGATGACCTAGAATGCAG_005,151
GGAGATGACCTAGAATGCAG_006,115
GGAGATGACCTAGAATGCAG_007,50
GGAGATGACCTAGAATGCAG_008,150
GGAGATGACCTAGAATGCAG_009,11
GGAGATGACCTAGAATGCAG_010,126
GGAGATGACCTAGAATGCAG_011,155
GGAGATGACCTAGAATGCAG_012,57
GGAGATGACCTAGAATGCAG_013,48
CAAAAGGTACCACATCATCG_001,96
CAAAAGGTACCACATCATCG_002,96
CAAAAGGTACCACATCATCG_003,94
CAAAAGGTACCACATCATCG_004,29
CAAAAGGTACCACATCATCG_005,50
CAAAAGGTACCACATCATCG_006,39
CAAAAGGTACCACATCATCG_007,156
CAAAAGGTACCACATCATCG_008,112
CAAAAGGTACCACATCATCG_009,184
ACGTTCAAGGCTATTACCCT_001,62
ACGTTCAAGGCTATTACCCT_002,30
ACGTTCAAGGCTATTACCCT_003,83
ACGTTCAAGGCTATTACCCT_004,21
ACGTTCAAGGCTATTACCCT_005,0
ACGTTCAAGGCTATTACCCT_006,99
GATGCCCATTATTGGTCGTA_001,32
GCATAAATAAATCATAGTAG_001,75
GCATAAATAAATCATAGTAG_002,106
TTCCTCTGGAACATATCGGA_001,2
TTCCTCTGGAACATATCGGA_002,160
TTCCTCTGGAACATATCGGA_003,121
TTCCTCTGGAACATATCGGA_004,5
TTCCTCTGGAACATATCGGA_005,77
AAATTCATAACAGACAATCC_001,9
AAATTCATAACAGACAATCC_002,18
AAATTCATAACAGACAATCC_003,108
GCTGCCTAGCGAGAACTCGG_001,64
GCTGCCTAGCGAGAACTCGG_002,156
GCTGCCTAGCGAGAACTCGG_003,199
GCTGCCTAGCGAGAACTCGG_004,88
GCTGCCTAGCGAGAACTCGG_005,96
GCTGCCTAGCGAGAACTCGG_006,94
GCTGCCTAGCGAGAACTCGG_007,1
TGGCGGGGCAAAGTCTATGG_001,147
TGGCGGGGCAAAGTCTATGG_002,48
TGGCGGGGCAAAGTCTATGG_003,12
TGGCGGGGCAAAGTCTATGG_004,147
TGGCGGGGCAAAGTCTATGG_005,149
AGCGAACAGTAAACAGACAG_001,53
AGCGAACAGTAAACAGACAG_002,147
AGCGAACAGTAAACAGACAG_003,53
AGCGAACAGTAAACAGACAG_004,105
AGCGAACAGTAAACAGACAG_005,49
AGCGAACAGTAAACAGACAG_006,50
AGCGAACAGTAAACAGACAG_007,44
AGCGAACAGTAAACAGACAG_008,1
AGCGAACAGTAAACAGACAG_009,121
AGCGAACAGTAAACAGACAG_010,131
AGCGAACAGTAAACAGACAG_011,103
AGCGAACAGTAAACAGACAG_012,62
AGCGAACAGTAAACAGACAG_013,184
AGCGAACAGTAAACAGACAG_014,169
AGCGAACAGTAAACAGACAG_015,82
AGCGAACAGTAAACAGACAG_016,174
AGCGAACAGTAAACAGACAG_017,169
AGCGAACAGTAAACAGACAG_018,84
AGCGAACAGTAAACAGACAG_019,9
GCATAGCAACCTGCTCGTCG_001,125
GCATAGCAACCTGCTCGTCG_002,80
GCATAGCAACCTGCTCGTCG_003,78
GCATAGCAACCTGCTCGTCG_004,82
GCATAGCAACCTGCTCGTCG_005,174
GCATAGCAACCTGCTCGTCG_006,50
GCATAGCAACCTGCTCGTCG_007,49
GCATAGCAACCTGCTCGTCG_008,158
GCATAGCAACCTGCTCGTCG_009,115
GCATAGCAACCTGCTCGTCG_010,52
GCATAGCAACCTGCTCGTCG_011,68
GCATAGCAACCTGCTCGTCG_012,104
GCATAGCAACCTGCTCGTCG_013,92
GATATTCAGGACTTACTGAG_001,144
GATATTCAGGACTTACTGAG_002,56
GATATTCAGGACTTACTGAG_003,36
GATATTCAGGACTTACTGAG_004,7
GATATTCAGGACTTACTGAG_005,139
GATATTCAGGACTTACTGAG_006,57
GATATTCAGGACTTACTGAG_007,27
ACTCCTAGATCCATCGCCAC_001,23
ACTCCTAGATCCATCGCCAC_002,141
ACTCCTAGATCCATCGCCAC_003,139
ACTCCTAGATCCATCGCCAC_004,82
ACTCCTAGATCCATCGCCAC_005,44
ACTCCTAGATCCATCGCCAC_006,181
ACTCCTAGATCCATCGCCAC_007,46
ACTCCTAGATCCATCGCCAC_008,29
ACTCCTAGATCCATCGCCAC_009,191
ACTCCTAGATCCATCGCCAC_010,40
ACTCCTAGATCCATCGCCAC_011,1
GTGTTGCATCGATGCGTTTG_001,62
GTGTTGCATCGATGCGTTTG_002,199
CTGAAGAAGGAATTTGGAGG_001,107
CTGAAGAAGGAATTTGGAGG_002,75
CTGCGGGGCGACCCGATCAC_001,54
CTGCGGGGCGACCCGATCAC_002,32
CTGCGGGGCGACCCGATCAC_003,62
CTGCGGGGCGACCCGATCAC_004,60
CTGCGGGGCGACCCGATCAC_005,70
CTGCGGGGCGACCCGATCAC_006,41
CTGCGGGGCGACCCGATCAC_007,93
CTGCGGGGCGACCCGATCAC_008,111
ATACGCCATGCAGTTACATG_001,146
ATACGCCATGCAGTTACATG_002,121
ATACGCCATGCAGTTACATG_003,106
ATACGCCATGCAGTTACATG_004,65
ATACGCCATGCAGTTACATG_005,19
ATACGCCATGCAGTTACATG_006,199
ATACGCCATGCAGTTACATG_007,17
ATACGCCATGCAGTTACATG_008,148
ATACGCCATGCAGTTACATG_009,89
ATACGCCATGCAGTTACATG_010,58
ATACGCCATGCAGTTACATG_011,6
ATACGCCATGCAGTTACATG_012,133
ACTAATCCAGACGGTGTGAA_001,116
ACTAATCCAGACGGTGTGAA_002,199
ACTAATCCAGACGGTGTGAA_003,12
ACTAATCCAGACGGTGTGAA_004,63
ACTAATCCAGACGGTGTGAA_005,94
TGACGTGCAACCGAAACTTG_001,29
TGACGTGCAACCGAAACTTG_002,43
TGACGTGCAACCGAAACTTG_003,12
TGACGTGCAACCGAAACTTG_004,56
TGACGTGCAACCGAAACTTG_005,5
TGACGTGCAACCGAAACTTG_006,140
TGACGTGCAACCGAAACTTG_007,185
TGACGTGCAACCGAAACTTG_008,78
TGACGTGCAACCGAAACTTG_009,146
TGACGTGCAACCGAAACTTG_010,59
TGACGTGCAACCGAAACTTG_011,141
TGACGTGCAACCGAAACTTG_012,108
TGACGTGCAACCGAAACTTG_013,108
TGACGTGCAACCGAAACTTG_014,133
TGACGTGCAACCGAAACTTG_015,100
TGACGTGCAACCGAAACTTG_016,13
TGACGTGCAACCGAAACTTG_017,153
TGACGTGCAACCGAAACTTG_018,48
TGACGTGCAACCGAAACTTG_019,124
TGACGTGCAACCGAAACTTG_020,0
TGACGTGCAACCGAAACTTG_021,152
TGACGTGCAACCGAAACTTG_022,62
CTTCGAAAGGTAATCTACGG_001,27
CTTCGAAAGGTAATCTACGG_002,139
CTTCGAAAGGTAATCTACGG_003,29
CTTCGAAAGGTAATCTACGG_004,40
CTTCGAAAGGTAATCTACGG_005,89
ATAGGAGTAGTCCTGGACCA_001,113
ATAGGAGTAGTCCTGGACCA_002,148
ATAGGAGTAGTCCTGGACCA_003,199
ATAGGAGTAGTCCTGGACCA_004,9
ATAGGAGTAGTCCTGGACCA_005,152
ATAGGAGTAGTCCTGGACCA_006,16
ATAGGAGTAGTCCTGGACCA_007,37
GGCAGCCGCTGGCTATGACG_001,102
GGCAGCCGCTGGCTATGACG_002,159
GGCAGCCGCTGGCTATGACG_003,2
GGCAGCCGCTGGCTATGACG_004,113
GGCAGCCGCTGGCTATGACG_005,49
GGCAGCCGCTGGCTATGACG_006,175
GGCAGCCGCTGGCTATGACG_007,138
GGCAGCCGCTGGCTATGACG_008,160
GGCAGCCGCTGGCTATGACG_009,77
GGCAGCCGCTGGCTATGACG_010,166
GGCAGCCGCTGGCTATGACG_011,168
GGCAGCCGCTGGCTATGACG_012,115
TACGAGTCTGAGCTACCACA_001,30
TACGAGTCTGAGCTACCACA_002,147
TACGAGTCTGAGCTACCACA_003,88
TACGAGTCTGAGCTACCACA_004,35
TACTTCATGAGCTCGTTGAG_001,140
TACTTCATGAGCTCGTTGAG_002,187
GCACTACCGGAGAACTAATG_001,29
GCACTACCGGAGAACTAATG_002,45
GCACTACCGGAGAACTAATG_003,153
GCACTACCGGAGAACTAATG_004,62
GCACTACCGGAGAACTAATG_005,16
GCACTACCGGAGAACTAATG_006,146
GCACTACCGGAGAACTAATG_007,50
GCACTACCGGAGAACTAATG_008,148
GCACTACCGGAGAACTAATG_009,107
AAACCCTTACCGATTTCTCA_001,76
AAACCCTTACCGATTTCTCA_002,77
AAACCCTTACCGATTTCTCA_003,149
AAACCCTTACCGATTTCTCA_004,171
AAACCCTTACCGATTTCTCA_005,184
AAACCCTTACCGATTTCTCA_006,120
AAACCCTTACCGATTTCTCA_007,152
AAACCCTTACCGATTTCTCA_008,166
AAACCCTTACCGATTTCTCA_009,29
AAACCCTTACCGATTTCTCA_010,199
AAACCCTTACCGATTTCTCA_011,153
AAACCCTTACCGATTTCTCA_012,199
AAACCCTTACCGATTTCTCA_013,146
AAACCCTTACCGATTTCTCA_014,47
AAACCCTTACCGATTTCTCA_015,126
AAACCCTTACCGATTTCTCA_016,33
AAACCCTTACCGATTTCTCA_017,95
CAAGGAATTTGGTGACGACA_001,125
CAAGGAATTTGGTGACGACA_002,70
CAAGGAATTTGGTGACGACA_003,34
CAAGGAATTTGGTGACGACA_004,23
CAAGGAATTTGGTGACGACA_005,36
CAAGGAATTTGGTGACGACA_006,1
CAAGGAATTTGGTGACGACA_007,118
CAAGGAATTTGGTGACGACA_008,68
AGTCCTTGTGGTGCTCAAGG_001,130
AGTCCTTGTGGTGCTCAAGG_002,149
AGTCCTTGTGGTGCTCAAGG_003,58
AGTCCTTGTGGTGCTCAAGG_004,98
AGTCCTTGTGGTGCTCAAGG_005,144
AGTCCTTGTGGTGCTCAAGG_006,35
AAGCGGACCCACTCTCAGGG_001,130
AAGCGGACCCACTCTCAGGG_002,57
AAGCGGACCCACTCTCAGGG_003,191
AAGCGGACCCACTCTCAGGG_004,101
AAGCGGACCCACTCTCAGGG_005,82
AAGCGGACCCACTCTCAGGG_006,162
AAGCGGACCCACTCTCAGGG_007,56
AAGCGGACCCACTCTCAGGG_008,171
AAGCGGACCCACTCTCAGGG_009,117
AAGCGGACCCACTCTCAGGG_010,2
CAGAGGCGGACATCTAACCA_001,143
CAGAGGCGGACATCTAACCA_002,132
CAGAGGCGGACATCTAACCA_003,161
CAGAGGCGGACATCTAACCA_004,51
CAGAGGCGGACATCTAACCA_005,121
CAGAGGCGGACATCTAACCA_006,130
CAGAGGCGGACATCTAACCA_007,25
CTCCAGACAGCTAATACTCG_001,132
CTCCAGACAGCTAATACTCG_002,152
TACAGAGACTATAAGCGCAC_001,10
TACAGAGACTATAAGCGCAC_002,199
TACAGAGACTATAAGCGCAC_003,150
TACAGAGACTATAAGCGCAC_004,134
TACAGAGACTATAAGCGCAC_005,178
TACAGAGACTATAAGCGCAC_006,102
AGCACTGAGTGACTACGACC_001,16
AGCACTGAGTGACTACGACC_002,15
AGCACTGAGTGACTACGACC_003,19
AGCACTGAGTGACTACGACC_004,138
TTTACCGAGAGCATGGTAGG_001,19
TTTACCGAGAGCATGGTAGG_002,18
TTTACCGAGAGCATGGTAGG_003,175
TGGGACTTCTCGTGCTGGTG_001,117
TGGGACTTCTCGTGCTGGTG_002,184
ACAACCAAATAACAGCGGAA_001,149
ACAACCAAATAACAGCGGAA_002,53
ACAACCAAATAACAGCGGAA_003,155
ACAACCAAATAACAGCGGAA_004,175
ACAACCAAATAACAGCGGAA_005,112
ACAACCAAATAACAGCGGAA_006,77
ACAACCAAATAACAGCGGAA_007,63
ACAACCAAATAACAGCGGAA_008,44
GCCTGTCGTGGACTCTGGTG_001,48
GCCTGTCGTGGACTCTGGTG_002,134
GCCTGTCGTGGACTCTGGTG_003,142
GCCTGTCGTGGACTCTGGTG_004,28
GCCTGTCGTGGACTCTGGTG_005,102
GCCTGTCGTGGACTCTGGTG_006,16
GCCTGTCGTGGACTCTGGTG_007,40
GCCTGTCGTGGACTCTGGTG_008,10
GCCTGTCGTGGACTCTGGTG_009,167
CTGGACGCAGGGGTACTGCG_001,78
CTGGACGCAGGGGTACTGCG_002,150
CTGGACGCAGGGGTACTGCG_003,58
CTGGACGCAGGGGTACTGCG_004,183
CTGGACGCAGGGGTACTGCG_005,113
CTGGACGCAGGGGTACTGCG_006,177
CTGGACGCAGGGGTACTGCG_007,16
CTGGACGCAGGGGTACTGCG_008,84
CTGGACGCAGGGGTACTGCG_009,185
AGGCACGTCAAGTCTCACTG_001,153
AGGCACGTCAAGTCTCACTG_002,151
AGGCACGTCAAGTCTCACTG_003,1
AGGCACGTCAAGTCTCACTG_004,102
AGGCACGTCAAGTCTCACTG_005,199
AGGCACGTCAAGTCTCACTG_006,168
AGGCACGTCAAGTCTCACTG_007,137
AGGCACGTCAAGTCTCACTG_008,53
AGGCACGTCAAGTCTCACTG_009,17
AGGCACGTCAAGTCTCACTG_010,130
AGGCACGTCAAGTCTCACTG_011,43
AGGCACGTCAAGTCTCACTG_012,107
AGGCACGTCAAGTCTCACTG_013,150
AGGCACGTCAAGTCTCACTG_014,122
AGGCACGTCAAGTCTCACTG_015,159
AGGCACGTCAAGTCTCACTG_016,85
AGGCACGTCAAGTCTCACTG_017,101
AGGCACGTCAAGTCTCACTG_018,9
AGGCACGTCAAGTCTCACTG_019,86
AGGCACGTCAAGTCTCACTG_020,146
AGGCACGTCAAGTCTCACTG_021,12
AGGCACGTCAAGTCTCACTG_022,110
AGGCACGTCAAGTCTCACTG_023,19
AGGCACGTCAAGTCTCACTG_024,72
AGGCACGTCAAGTCTCACTG_025,34
AGGCACGTCAAGTCTCACTG_026,20
AGGCACGTCAAGTCTCACTG_027,63
ATGACCATGAGGGTAGTCCC_001,147
ATGACCATGAGGGTAGTCCC_002,177
ATGACCATGAGGGTAGTCCC_003,127
ATGCATGGATTGGGTAGCAG_001,80
ATGCATGGATTGGGTAGCAG_002,36
ATGCATGGATTGGGTAGCAG_003,3
ATGCATGGATTGGGTAGCAG_004,177
ATGCATGGATTGGGTAGCAG_005,157
ATGCATGGATTGGGTAGCAG_006,62
ATGCATGGATTGGGTAGCAG_007,130
ATGCATGGATTGGGTAGCAG_008,159
ATGCATGGATTGGGTAGCAG_009,189
ATGCATGGATTGGGTAGCAG_010,49
ATGCATGGATTGGGTAGCAG_011,27
ATGCATGGATTGGGTAGCAG_012,89
CTGGCGCGGCACAATGACCA_001,98
CTGGCGCGGCACAATGACCA_002,156
CTGGCGCGGCACAATGACCA_003,116
CTGGCGCGGCACAATGACCA_004,45
CTGGCGCGGCACAATGACCA_005,1
CTGGCGCGGCACAATGACCA_006,61
ATGACTACTGAATACAGTAA_001,99
ATGACTACTGAATACAGTAA_002,115
GCTCCGCTACTGTTGCGCCG_001,4
GCTCCGCTACTGTTGCGCCG_002,4
GCTCCGCTACTGTTGCGCCG_003,198
GCTCCGCTACTGTTGCGCCG_004,112
GCTCCGCTACTGTTGCGCCG_005,45
CTCATCGGTGATGAAAATGG_001,19
CCTCGTCCAGATTCCGGCGG_001,82
CCTCGTCCAGATTCCGGCGG_002,162
CCTCGTCCAGATTCCGGCGG_003,16
CCTCGTCCAGATTCCGGCGG_004,136
CCTCGTCCAGATTCCGGCGG_005,69
CCTCGTCCAGATTCCGGCGG_006,10
CCTCGTCCAGATTCCGGCGG_007,149
CCTCGTCCAGATTCCGGCGG_008,4
CCTCGTCCAGATTCCGGCGG_009,161
CCTCGTCCAGATTCCGGCGG_010,147
CCTCGTCCAGATTCCGGCGG_011,161
CCTCGTCCAGATTCCGGCGG_012,115
CCTCGTCCAGATTCCGGCGG_013,146
CCTCGTCCAGATTCCGGCGG_014,192
CCTCGTCCAGATTCCGGCGG_015,77
CCTCGTCCAGATTCCGGCGG_016,8
CCTCGTCCAGATTCCGGCGG_017,174
CCTCGTCCAGATTCCGGCGG_018,19
CCTCGTCCAGATTCCGGCGG_019,72
CCTCGTCCAGATTCCGGCGG_020,168
CCTCGTCCAGATTCCGGCGG_021,10
CCTCGTCCAGATTCCGGCGG_022,191
CCTCGTCCAGATTCCGGCGG_023,28
CCTCGTCCAGATTCCGGCGG_024,104
CCTCGTCCAGATTCCGGCGG_025,118
CCTCGTCCAGATTCCGGCGG_026,60
CCTCGTCCAGATTCCGGCGG_027,197
CCTCGTCCAGATTCCGGCGG_028,163
GCGGCCTCCGCCCCAAAAGG_001,94
GCGGCCTCCGCCCCAAAAGG_002,76
GCGGCCTCCGCCCCAAAAGG_003,177
GCGGCCTCCGCCCCAAAAGG_004,66
GCGGCCTCCGCCCCAAAAGG_005,145
GCGGCCTCCGCCCCAAAAGG_006,14
GCGGCCTCCGCCCCAAAAGG_007,52
GCGGCCTCCGCCCCAAAAGG_008,190
CGGCATCATCGCAACCGTCG_001,38
CGGCATCATCGCAACCGTCG_002,35
CGGCATCATCGCAACCGTCG_003,98
CGGCATCATCGCAACCGTCG_004,78
CGGCATCATCGCAACCGTCG_005,32
CGGCATCATCGCAACCGTCG_006,162
CGGCATCATCGCAACCGTCG_007,44
CGGCATCATCGCAACCGTCG_008,27
CGGCATCATCGCAACCGTCG_009,121
CGGCATCATCGCAACCGTCG_010,79
GGTGGTGACCACATTAAGGG_001,127
GGTGGTGACCACATTAAGGG_002,5
GGTGGTGACCACATTAAGGG_003,0
GGTGGTGACCACATTAAGGG_004,43
GGTGGTGACCACATTAAGGG_005,134
GGTGGTGACCACATTAAGGG_006,45
GGTGGTGACCACATTAAGGG_007,111
GGTGGTGACCACATTAAGGG_008,112
GGTGGTGACCACATTAAGGG_009,8
GGTGGTGACCACATTAAGGG_010,166
GGTGGTGACCACATTAAGGG_011,122
GGTGGTGACCACATTAAGGG_012,102
GATAGCCATTTACTGCATAG_001,189
GATAGCCATTTACTGCATAG_002,120
GATAGCCATTTACTGCATAG_003,137
GATAGCCATTTACTGCATAG_004,177
GATAGCCATTTACTGCATAG_005,94
GATAGCCATTTACTGCATAG_006,191
CTCATCAGAGAGGCCAACCA_001,27
CTCATCAGAGAGGCCAACCA_002,158
CTCATCAGAGAGGCCAACCA_003,76
CTCATCAGAGAGGCCAACCA_004,127
CTCATCAGAGAGGCCAACCA_005,198
CTCATCAGAGAGGCCAACCA_006,100
CTCATCAGAGAGGCCAACCA_007,196
CTCATCAGAGAGGCCAACCA_008,124
CTCATCAGAGAGGCCAACCA_009,41
CTCATCAGAGAGGCCAACCA_010,78
CTCATCAGAGAGGCCAACCA_011,3
CTCATCAGAGAGGCCAACCA_012,175
CTCATCAGAGAGGCCAACCA_013,77
CTCATCAGAGAGGCCAACCA_014,111
AAAGTACAACTCTCAGTGAG_001,191
AAAGTACAACTCTCAGTGAG_002,24
AAAGTACAACTCTCAGTGAG_003,44
AAAGTACAACTCTCAGTGAG_004,182
AAAGTACAACTCTCAGTGAG_005,49
AAAGTACAACTCTCAGTGAG_006,118
AAAGTACAACTCTCAGTGAG_007,3
AAAGTACAACTCTCAGTGAG_008,142
AAAGTACAACTCTCAGTGAG_009,82
GCAACACAAACAGATTAGAG_001,116
GCAACACAAACAGATTAGAG_002,97
GCAACACAAACAGATTAGAG_003,75
GCAACACAAACAGATTAGAG_004,162
GCAACACAAACAGATTAGAG_005,31
GCAACACAAACAGATTAGAG_006,132
CCCCGGGCTCCGACCCATAG_001,181
CCCCGGGCTCCGACCCATAG_002,126
CCCCGGGCTCCGACCCATAG_003,30
CCCCGGGCTCCGACCCATAG_004,186
CCCCGGGCTCCGACCCATAG_005,48
CCCCGGGCTCCGACCCATAG_006,63
CCCCGGGCTCCGACCCATAG_007,2
CGATCAGCAGCAGAGATGTA_001,147
CGATCAGCAGCAGAGATGTA_002,26
CGATCAGCAGCAGAGATGTA_003,10
CGATCAGCAGCAGAGATGTA_004,78
CGATCAGCAGCAGAGATGTA_005,131
CGATCAGCAGCAGAGATGTA_006,76
CGATCAGCAGCAGAGATGTA_007,76
CGATCAGCAGCAGAGATGTA_008,134
CGATCAGCAGCAGAGATGTA_009,127
CGATCAGCAGCAGAGATGTA_010,183
CGATCAGCAGCAGAGATGTA_011,116
CGATCAGCAGCAGAGATGTA_012,49
CGATCAGCAGCAGAGATGTA_013,19
TTTGGCACCACATTCTACTG_001,144
TTTGGCACCACATTCTACTG_002,54
TTTGGCACCACATTCTACTG_003,46
GTGCGACGAATTGTCCTGAG_001,95
GTGCGACGAATTGTCCTGAG_002,37
GTGCGACGAATTGTCCTGAG_003,60
GTGCGACGAATTGTCCTGAG_004,124
GTGCGACGAATTGTCCTGAG_005,3
CTCTAACCTGGATCACAAGG_001,149
TCGGGCCGACCTCACCTACG_001,49
TCGGGCCGACCTCACCTACG_002,153
TCGGGCCGACCTCACCTACG_003,172
TCGGGCCGACCTCACCTACG_004,28
TCGGGCCGACCTCACCTACG_005,37
TCGGGCCGACCTCACCTACG_006,148
TCGGGCCGACCTCACCTACG_007,17
TCGGGCCGACCTCACCTACG_008,9
TCGGGCCGACCTCACCTACG_009,175
TCGGGCCGACCTCACCTACG_010,151
TCGGGCCGACCTCACCTACG_011,46
TCGGGCCGACCTCACCTACG_012,99
TCGGGCCGACCTCACCTACG_013,81
TCGGGCCGACCTCACCTACG_014,145
TCGGGCCGACCTCACCTACG_015,5
TCGGGCCGACCTCACCTACG_016,160
TCGGGCCGACCTCACCTACG_017,172
TCGGGCCGACCTCACCTACG_018,117
TCGGGCCGACCTCACCTACG_019,78
TCGGGCCGACCTCACCTACG_020,77
TCGGGCCGACCTCACCTACG_021,60
TCGGGCCGACCTCACCTACG_022,122
TCGGGCCGACCTCACCTACG_023,46
TCGGGCCGACCTCACCTACG_024,106
TCGGGCCGACCTCACCTACG_025,113
TCGGGCCGACCTCACCTACG_026,81
CATCACTGGACTCCTCCCAA_001,190
CATCACTGGACTCCTCCCAA_002,138
CATCACTGGACTCCTCCCAA_003,5
CATCACTGGACTCCTCCCAA_004,137
CATCACTGGACTCCTCCCAA_005,17
CATCACTGGACTCCTCCCAA_006,199
CATCACTGGACTCCTCCCAA_007,118
CATCACTGGACTCCTCCCAA_008,15
CATCACTGGACTCCTCCCAA_009,160
CATCACTGGACTCCTCCCAA_010,115
CATCACTGGACTCCTCCCAA_011,105
CATCACTGGACTCCTCCCAA_012,140
CATCACTGGACTCCTCCCAA_013,92
CATCACTGGACTCCTCCCAA_014,94
CATCACTGGACTCCTCCCAA_015,46
CATCACTGGACTCCTCCCAA_016,176
CATCACTGGACTCCTCCCAA_017,132
CATCACTGGACTCCTCCCAA_018,2
CATCACTGGACTCCTCCCAA_019,8
CATCACTGGACTCCTCCCAA_020,70
CATCACTGGACTCCTCCCAA_021,11
CATCACTGGACTCCTCCCAA_022,18
CATCACTGGACTCCTCCCAA_023,25
TGTGTTTAAAGGTCCAGGTG_001,49
TGTGTTTAAAGGTCCAGGTG_002,157
TGTGTTTAAAGGTCCAGGTG_003,62
TGTGTTTAAAGGTCCAGGTG_004,108
TGTGTTTAAAGGTCCAGGTG_005,35
TGTGTTTAAAGGTCCAGGTG_006,52
TGTGTTTAAAGGTCCAGGTG_007,168
TGTGTTTAAAGGTCCAGGTG_008,49
TGTGTTTAAAGGTCCAGGTG_009,125
TGTGTTTAAAGGTCCAGGTG_010,110
TGTGTTTAAAGGTCCAGGTG_011,62
TGTGTTTAAAGGTCCAGGTG_012,167
TGTGTTTAAAGGTCCAGGTG_013,167
TGTGTTTAAAGGTCCAGGTG_014,80
TGTGTTTAAAGGTCCAGGTG_015,70
TGTGTTTAAAGGTCCAGGTG_016,113
TGTGTTTAAAGGTCCAGGTG_017,94
TGTGTTTAAAGGTCCAGGTG_018,114
TGTGTTTAAAGGTCCAGGTG_019,185
TGTGTTTAAAGGTCCAGGTG_020,91
TGTGTTTAAAGGTCCAGGTG_021,198
TGTGTTTAAAGGTCCAGGTG_022,130
CCCGCTCACCTCGGTAGCGG_001,137
CCCGCTCACCTCGGTAGCGG_002,32
CCCGCTCACCTCGGTAGCGG_003,118
CCCGCTCACCTCGGTAGCGG_004,147
CCCGCTCACCTCGGTAGCGG_005,57
CCCGCTCACCTCGGTAGCGG_006,122
CCCGCTCACCTCGGTAGCGG_007,23
CCCGCTCACCTCGGTAGCGG_008,23
GAGACTGTGGAGATATCCTG_001,53
GAGACTGTGGAGATATCCTG_002,27
GAGACTGTGGAGATATCCTG_003,12
GAGACTGTGGAGATATCCTG_004,50
GAGACTGTGGAGATATCCTG_005,115
GAGACTGTGGAGATATCCTG_006,106
AAGATGACGACGTCCCAGAG_001,184
AAGATGACGACGTCCCAGAG_002,179
AAGATGACGACGTCCCAGAG_003,197
AAGATGACGACGTCCCAGAG_004,9
AAGATGACGACGTCCCAGAG_005,103
AAGATGACGACGTCCCAGAG_006,27
AAGATGACGACGTCCCAGAG_007,149
AAGATGACGACGTCCCAGAG_008,81
AAGATGACGACGTCCCAGAG_009,16
AAGATGACGACGTCCCAGAG_010,114
AAGATGACGACGTCCCAGAG_011,40
AAGATGACGACGTCCCAGAG_012,83
AAGATGACGACGTCCCAGAG_013,142
AAGATGACGACGTCCCAGAG_014,166
AAGATGACGACGTCCCAGAG_015,130
AAGATGACGACGTCCCAGAG_016,175
AAGATGACGACGTCCCAGAG_017,168
AAGATGACGACGTCCCAGAG_018,142
GTCACTGGTATAGTCCACAA_001,40
GTCACTGGTATAGTCCACAA_002,58
GTCACTGGTATAGTCCACAA_003,4
TTGATAATGACCGTAACCAA_001,107
TTGATAATGACCGTAACCAA_002,129
TTGATAATGACCGTAACCAA_003,114
TTGATAATGACCGTAACCAA_004,77
TTGATAATGACCGTAACCAA_005,13
TTGATAATGACCGTAACCAA_006,98
TTGATAATGACCGTAACCAA_007,74
TTGATAATGACCGTAACCAA_008,108
TTGATAATGACCGTAACCAA_009,181
TTGATAATGACCGTAACCAA_010,15
TTGATAATGACCGTAACCAA_011,57
ACGGTCACCTGTATTCGCTG_001,37
AAATGTTGGACCGCTTAACG_001,29
AAATGTTGGACCGCTTAACG_002,199
AAATGTTGGACCGCTTAACG_003,29
AAATGTTGGACCGCTTAACG_004,35
AAATGTTGGACCGCTTAACG_005,168
AAATGTTGGACCGCTTAACG_006,192
AAATGTTGGACCGCTTAACG_007,6
AAATGTTGGACCGCTTAACG_008,135
AAATGTTGGACCGCTTAACG_009,168
AAATGTTGGACCGCTTAACG_010,46
AAATGTTGGACCGCTTAACG_011,134
AAGGCCAAATACCCAAGCCT_001,95
AAGGCCAAATACCCAAGCCT_002,153
AAGGCCAAATACCCAAGCCT_003,101
AAGGCCAAATACCCAAGCCT_004,64
AAGGCCAAATACCCAAGCCT_005,6
AACATCCCCAGCAACCAACC_001,199
AACATCCCCAGCAACCAACC_002,183
AACATCCCCAGCAACCAACC_003,12
AACATCCCCAGCAACCAACC_004,77
AACATCCCCAGCAACCAACC_005,3
AACATCCCCAGCAACCAACC_006,102
AACATCCCCAGCAACCAACC_007,80
AACATCCCCAGCAACCAACC_008,172
AACATCCCCAGCAACCAACC_009,70
AACATCCCCAGCAACCAACC_010,144
GTTGGCCTCGTTGGAATCAC_001,185
GCGAGTCGCTTTGTGTAACT_001,129
GCGAGTCGCTTTGTGTAACT_002,8
GCGAGTCGCTTTGTGTAACT_003,149
GCGAGTCGCTTTGTGTAACT_004,1
GCGAGTCGCTTTGTGTAACT_005,70
GCGAGTCGCTTTGTGTAACT_006,149
GCGAGTCGCTTTGTGTAACT_007,127
GCGAGTCGCTTTGTGTAACT_008,24
GCGAGTCGCTTTGTGTAACT_009,147
GCGAGTCGCTTTGTGTAACT_010,184
GCGAGTCGCTTTGTGTAACT_011,148
GCGAGTCGCTTTGTGTAACT_012,177
GCGAGTCGCTTTGTGTAACT_013,112
GCGAGTCGCTTTGTGTAACT_014,56
GCGAGTCGCTTTGTGTAACT_015,138
GCGAGTCGCTTTGTGTAACT_016,87
GCGAGTCGCTTTGTGTAACT_017,83
GCGAGTCGCTTTGTGTAACT_018,145
CAGGTATCCTGGCCGCATTG_001,162
CAGGTATCCTGGCCGCATTG_002,12
CAGGTATCCTGGCCGCATTG_003,158
CAGGTATCCTGGCCGCATTG_004,159
CAGGTATCCTGGCCGCATTG_005,104
GGCCGCTGCCACTTGCACGG_001,15
GGCCGCTGCCACTTGCACGG_002,121
GGCCGCTGCCACTTGCACGG_003,115
GGCCGCTGCCACTTGCACGG_004,157
GGCCGCTGCCACTTGCACGG_005,130
GGCCGCTGCCACTTGCACGG_006,58
GGCCGCTGCCACTTGCACGG_007,166
GGCCGCTGCCACTTGCACGG_008,171
GGCCGCTGCCACTTGCACGG_009,102
GGCCGCTGCCACTTGCACGG_010,70
GGCCGCTGCCACTTGCACGG_011,142
GGCCGCTGCCACTTGCACGG_012,9
GGCCGCTGCCACTTGCACGG_013,147
GGCCGCTGCCACTTGCACGG_014,92
GGCCGCTGCCACTTGCACGG_015,12
GGCCGCTGCCACTTGCACGG_016,158
GGCCGCTGCCACTTGCACGG_017,169
GGCCGCTGCCACTTGCACGG_018,145
GGCCGCTGCCACTTGCACGG_019,23
GGCCGCTGCCACTTGCACGG_020,43
GGCCGCTGCCACTTGCACGG_021,157
GGCCGCTGCCACTTGCACGG_022,163
CAGAGGAGGCACTAACATCA_001,170
CAGAGGAGGCACTAACATCA_002,198
CAGAGGAGGCACTAACATCA_003,78
CAGAGGAGGCACTAACATCA_004,198
CAGAGGAGGCACTAACATCA_005,81
CAGAGGAGGCACTAACATCA_006,35
CAGAGGAGGCACTAACATCA_007,118
CAGAGGAGGCACTAACATCA_008,77
CAGAGGAGGCACTAACATCA_009,157
CAGAGGAGGCACTAACATCA_010,186
GAGGTCATCCAACCTGATGA_001,35
GAGGTCATCCAACCTGATGA_002,2
GAGGTCATCCAACCTGATGA_003,174
GAGGTCATCCAACCTGATGA_004,163
CTGTTAGGTACACATCACCG_001,5
CTGTTAGGTACACATCACCG_002,88
AAGCACTGGGACAAATATTG_001,150
AAGCACTGGGACAAATATTG_002,57
AAGCACTGGGACAAATATTG_003,76
AAGCACTGGGACAAATATTG_004,161
CACATCATTGAAGTAACCTG_001,171
CACATCATTGAAGTAACCTG_002,192
CACATCATTGAAGTAACCTG_003,19
CACATCATTGAAGTAACCTG_004,77
CACATCATTGAAGTAACCTG_005,36
CACATCATTGAAGTAACCTG_006,178
CACATCATTGAAGTAACCTG_007,21
CACATCATTGAAGTAACCTG_008,45
CACATCATTGAAGTAACCTG_009,22
CACATCATTGAAGTAACCTG_010,99
ACAGGAACGATGAAACAGTG_001,113
ACAGGAACGATGAAACAGTG_002,82
GAAGAGCGGTCTGATTCAAG_001,47
GAAGAGCGGTCTGATTCAAG_002,133
GAAGAGCGGTCTGATTCAAG_003,58
GAAGAGCGGTCTGATTCAAG_004,181
GAAGAGCGGTCTGATTCAAG_005,78
GAAGAGCGGTCTGATTCAAG_006,135
GAAGAGCGGTCTGATTCAAG_007,31
GAAGAGCGGTCTGATTCAAG_008,130
TGAGCACAGTCTCTGACGTG_001,117
TGAGCACAGTCTCTGACGTG_002,101
GTACTTACGGCAGACGTGTG_001,162
GTACTTACGGCAGACGTGTG_002,142
GTACTTACGGCAGACGTGTG_003,172
GTACTTACGGCAGACGTGTG_004,22
GTACTTACGGCAGACGTGTG_005,143
GTACTTACGGCAGACGTGTG_006,143
GTACTTACGGCAGACGTGTG_007,194
GTACTTACGGCAGACGTGTG_008,52
GTACTTACGGCAGACGTGTG_009,166
GTACTTACGGCAGACGTGTG_010,46
GTACTTACGGCAGACGTGTG_011,11
GTACTTACGGCAGACGTGTG_012,17
GGCACTCGTAGTCGCCCGAG_001,55
GGCACTCGTAGTCGCCCGAG_002,166
GGCACTCGTAGTCGCCCGAG_003,166
GGCACTCGTAGTCGCCCGAG_004,38
TCCAGAAAATTCCACTCAGA_001,9
TCCAGAAAATTCCACTCAGA_002,13
TCCAGAAAATTCCACTCAGA_003,88
TCCAGAAAATTCCACTCAGA_004,73
GAAGACCCAGTAACGTATGT_001,137
GAAGACCCAGTAACGTATGT_002,49
GAAGACCCAGTAACGTATGT_003,5
GAAGACCCAGTAACGTATGT_004,5
GAAGACCCAGTAACGTATGT_005,94
GAAGACCCAGTAACGTATGT_006,105
GAAGACCCAGTAACGTATGT_007,52
CCCTCCAAAGATGTTCACAA_001,2
CCCTCCAAAGATGTTCACAA_002,178
CCCTCCAAAGATGTTCACAA_003,137
CCCTCCAAAGATGTTCACAA_004,177
CCCTCCAAAGATGTTCACAA_005,138
CCCTCCAAAGATGTTCACAA_006,37
CCCTCCAAAGATGTTCACAA_007,112
CCCTCCAAAGATGTTCACAA_008,19
CCCTCCAAAGATGTTCACAA_009,79
CCCTCCAAAGATGTTCACAA_010,19
CCCTCCAAAGATGTTCACAA_011,1
CCCTCCAAAGATGTTCACAA_012,115
CCCTCCAAAGATGTTCACAA_013,24
CCCTCCAAAGATGTTCACAA_014,81
CCCTCCAAAGATGTTCACAA_015,89
CTGGAGGTTATCGATCCCCA_001,19
CTGGAGGTTATCGATCCCCA_002,63
CTGGAGGTTATCGATCCCCA_003,68
CTGGAGGTTATCGATCCCCA_004,151
CTGGAGGTTATCGATCCCCA_005,165
CTGGAGGTTATCGATCCCCA_006,165
AACAACCGTAGCCCAAACGC_001,51
AACAACCGTAGCCCAAACGC_002,25
AACAACCGTAGCCCAAACGC_003,177
AACAACCGTAGCCCAAACGC_004,80
GCAGCCGTATCGGACACTCA_001,170
GCAGCCGTATCGGACACTCA_002,171
GCAGCCGTATCGGACACTCA_003,195
GCAGCCGTATCGGACACTCA_004,4
GCAGCCGTATCGGACACTCA_005,173
TGAGGCACAGACACTTGGTG_001,78
TGAGGCACAGACACTTGGTG_002,94
TGAGGCACAGACACTTGGTG_003,120
TGAGGCACAGACACTTGGTG_004,0
TGAGGCACAGACACTTGGTG_005,49
TGAGGCACAGACACTTGGTG_006,192
TGAGGCACAGACACTTGGTG_007,148
TGAGGCACAGACACTTGGTG_008,49
TGAGGCACAGACACTTGGTG_009,37
TGAGGCACAGACACTTGGTG_010,19
TGAGGCACAGACACTTGGTG_011,158
GAAATTCATTTGTGACGTCT_001,70
GAAATTCATTTGTGACGTCT_002,72
GAAATTCATTTGTGACGTCT_003,144
GAAATTCATTTGTGACGTCT_004,169
GAAATTCATTTGTGACGTCT_005,175
GAAATTCATTTGTGACGTCT_006,161
GAAATTCATTTGTGACGTCT_007,85
GAAATTCATTTGTGACGTCT_008,103
GAAATTCATTTGTGACGTCT_009,188
GAAATTCATTTGTGACGTCT_010,50
GAAATTCATTTGTGACGTCT_011,56
GAAATTCATTTGTGACGTCT_012,50
GAAATTCATTTGTGACGTCT_013,40
GAAATTCATTTGTGACGTCT_014,98
AAGCCAGAGATTGCCCAAGT_001,184
GCATGTACTCCCATCTCACA_001,58
GCATGTACTCCCATCTCACA_002,124
GCATGTACTCCCATCTCACA_003,150
GCATGTACTCCCATCTCACA_004,156
GCATGTACTCCCATCTCACA_005,197
GCATGTACTCCCATCTCACA_006,168
GCATGTACTCCCATCTCACA_007,50
GCATGTACTCCCATCTCACA_008,75
GTCAGCCGCGTATCTGCCAG_001,28
GTCAGCCGCGTATCTGCCAG_002,62
GTCAGCCGCGTATCTGCCAG_003,12
GTCAGCCGCGTATCTGCCAG_004,56
GTCAGCCGCGTATCTGCCAG_005,50
GTCAGCCGCGTATCTGCCAG_006,129
GTCAGCCGCGTATCTGCCAG_007,49
GTCAGCCGCGTATCTGCCAG_008,190
GTCAGCCGCGTATCTGCCAG_009,179
GTCAGCCGCGTATCTGCCAG_010,34
GTCAGCCGCGTATCTGCCAG_011,177
GTCAGCCGCGTATCTGCCAG_012,108
GTCAGCCGCGTATCTGCCAG_013,126
GTCAGCCGCGTATCTGCCAG_014,185
GTCAGCCGCGTATCTGCCAG_015,94
GTCAGCCGCGTATCTGCCAG_016,57
GTCAGCCGCGTATCTGCCAG_017,115
GTCAGCCGCGTATCTGCCAG_018,88
GTCAGCCGCGTATCTGCCAG_019,59
GTCAGCCGCGTATCTGCCAG_020,51
GTCAGCCGCGTATCTGCCAG_021,177
GTCAGCCGCGTATCTGCCAG_022,177
GTCAGCCGCGTATCTGCCAG_023,159
GTCAGCCGCGTATCTGCCAG_024,149
GTCAGCCGCGTATCTGCCAG_025,140
GTCAGCCGCGTATCTGCCAG_026,47
GTCAGCCGCGTATCTGCCAG_027,157
GGAACGTGGAAAGCGCATAC_001,188
GGAACGTGGAAAGCGCATAC_002,15
GGAACGTGGAAAGCGCATAC_003,49
GGAACGTGGAAAGCGCATAC_004,8
GGAACGTGGAAAGCGCATAC_005,177
GGAACGTGGAAAGCGCATAC_006,60
GGAACGTGGAAAGCGCATAC_007,107
GGAACGTGGAAAGCGCATAC_008,161
GGAACGTGGAAAGCGCATAC_009,88
GGAACGTGGAAAGCGCATAC_010,98
GGAACGTGGAAAGCGCATAC_011,129
GGAACGTGGAAAGCGCATAC_012,98
GGAACGTGGAAAGCGCATAC_013,127
GGAACGTGGAAAGCGCATAC_014,106
GGAACGTGGAAAGCGCATAC_015,169
GGAACGTGGAAAGCGCATAC_016,171
GGAACGTGGAAAGCGCATAC_017,28
GGAACGTGGAAAGCGCATAC_018,158
GGAACGTGGAAAGCGCATAC_019,174
GGAACGTGGAAAGCGCATAC_020,106
GGAACGTGGAAAGCGCATAC_021,199
CCACTCCCTGTCCCGCATCG_001,1
CCACTCCCTGTCCCGCATCG_002,145
CCACTCCCTGTCCCGCATCG_003,60
CCACTCCCTGTCCCGCATCG_004,145
CCACTCCCTGTCCCGCATCG_005,38
CCACTCCCTGTCCCGCATCG_006,92
CCACTCCCTGTCCCGCATCG_007,67
CCACTCCCTGTCCCGCATCG_008,48
CCACTCCCTGTCCCGCATCG_009,16
CCACTCCCTGTCCCGCATCG_010,192
CCACTCCCTGTCCCGCATCG_011,157
CCACTCCCTGTCCCGCATCG_012,102
CCACTCCCTGTCCCGCATCG_013,41
CCACTCCCTGTCCCGCATCG_014,17
CCACTCCCTGTCCCGCATCG_015,168
GCATGCGTACTATGTCACCG_001,29
GCATGCGTACTATGTCACCG_002,30
GCATGCGTACTATGTCACCG_003,60
GCATGCGTACTATGTCACCG_004,63
GCATGCGTACTATGTCACCG_005,144
AAGCTGAACGTGAGCCACAC_001,119
AAGCTGAACGTGAGCCACAC_002,42
AAGCTGAACGTGAGCCACAC_003,150
AAGCTGAACGTGAGCCACAC_004,88
AAGCTGAACGTGAGCCACAC_005,149
AAGCTGAACGTGAGCCACAC_006,48
AAGCTGAACGTGAGCCACAC_007,102
CAGATCAGATTCAGGTTCGA_001,177
CAGATCAGATTCAGGTTCGA_002,6
GAAATGACGGAATTTGGTGT_001,38
GAAATGACGGAATTTGGTGT_002,120
GAAATGACGGAATTTGGTGT_003,197
GAAATGACGGAATTTGGTGT_004,0
GAAATGACGGAATTTGGTGT_005,5
GAAATGACGGAATTTGGTGT_006,180
ATAATCAGGTTAGGACCCTG_001,5
ATAATCAGGTTAGGACCCTG_002,88
ATAATCAGGTTAGGACCCTG_003,43
ATAATCAGGTTAGGACCCTG_004,138
ATAATCAGGTTAGGACCCTG_005,110
ATAATCAGGTTAGGACCCTG_006,16
ATAATCAGGTTAGGACCCTG_007,105
ATAATCAGGTTAGGACCCTG_008,127
ATAATCAGGTTAGGACCCTG_009,186
ATAATCAGGTTAGGACCCTG_010,113
ATAATCAGGTTAGGACCCTG_011,136
ATAATCAGGTTAGGACCCTG_012,107
ATAATCAGGTTAGGACCCTG_013,156
ATAATCAGGTTAGGACCCTG_014,38
ATAATCAGGTTAGGACCCTG_015,145
ATAATCAGGTTAGGACCCTG_016,89
TCCTTCCCGATACATCACTG_001,121
GTGGATAATGTGAAGTGCAC_001,160
GTGGATAATGTGAAGTGCAC_002,14
GTGGATAATGTGAAGTGCAC_003,14
GTGGATAATGTGAAGTGCAC_004,48
GTGGATAATGTGAAGTGCAC_005,130
GTGGATAATGTGAAGTGCAC_006,58
GTGGATAATGTGAAGTGCAC_007,161
GTGGATAATGTGAAGTGCAC_008,58
GTGGATAATGTGAAGTGCAC_009,197
GTGGATAATGTGAAGTGCAC_010,74
GTGGATAATGTGAAGTGCAC_011,62
GTGGATAATGTGAAGTGCAC_012,14
GTGGATAATGTGAAGTGCAC_013,38
GTGGATAATGTGAAGTGCAC_014,58
GTGGATAATGTGAAGTGCAC_015,65
AACCCAAAACAGGTGACCAG_001,159
AACCCAAAACAGGTGACCAG_002,152
AACCCAAAACAGGTGACCAG_003,156
AACCCAAAACAGGTGACCAG_004,148
AACCCAAAACAGGTGACCAG_005,67
AACCCAAAACAGGTGACCAG_006,127
AACCCAAAACAGGTGACCAG_007,85
AACCCAAAACAGGTGACCAG_008,38
AACCCAAAACAGGTGACCAG_009,92
AACCCAAAACAGGTGACCAG_010,137
AACCCAAAACAGGTGACCAG_011,130
AACCCAAAACAGGTGACCAG_012,60
AACCCAAAACAGGTGACCAG_013,41
AACCCAAAACAGGTGACCAG_014,43
AACCCAAAACAGGTGACCAG_015,16
AACCCAAAACAGGTGACCAG_016,60
AACCCAAAACAGGTGACCAG_017,10
AACCCAAAACAGGTGACCAG_018,58
AACCCAAAACAGGTGACCAG_019,58
AACCCAAAACAGGTGACCAG_020,76
AACCCAAAACAGGTGACCAG_021,147
AACCCAAAACAGGTGACCAG_022,90
AACCCAAAACAGGTGACCAG_023,76
AACCCAAAACAGGTGACCAG_024,61
AACCCAAAACAGGTGACCAG_025,52
AACCCAAAACAGGTGACCAG_026,30
AACCCAAAACAGGTGACCAG_027,161
AACCCAAAACAGGTGACCAG_028,149
AACCCAAAACAGGTGACCAG_029,147
AACCCAAAACAGGTGACCAG_030,105
AACCCAAAACAGGTGACCAG_031,65
AACCCAAAACAGGTGACCAG_032,158
AACCCAAAACAGGTGACCAG_033,115
AACCCAAAACAGGTGACCAG_034,153
AACCCAAAACAGGTGACCAG_035,62
AACCCAAAACAGGTGACCAG_036,134
AACCCAAAACAGGTGACCAG_037,160
AACCCAAAACAGGTGACCAG_038,78
AACCCAAAACAGGTGACCAG_039,134
AACCCAAAACAGGTGACCAG_040,96
AACCCAAAACAGGTGACCAG_041,198
AACCCAAAACAGGTGACCAG_042,166
AACCCAAAACAGGTGACCAG_043,74
TGTGCTAATTATATTCGCAG_001,118
GTCTGTGAAGATGATAACGG_001,80
GTCTGTGAAGATGATAACGG_002,92
GTCTGTGAAGATGATAACGG_003,130
GTCTGTGAAGATGATAACGG_004,137
GTCTGTGAAGATGATAACGG_005,97
GTCTGTGAAGATGATAACGG_006,150
GTCTGTGAAGATGATAACGG_007,184
GTCTGTGAAGATGATAACGG_008,147
GTCTGTGAAGATGATAACGG_009,51
GTCTGTGAAGATGATAACGG_010,102
GTCTGTGAAGATGATAACGG_011,16
GTCTGTGAAGATGATAACGG_012,15
GTCTGTGAAGATGATAACGG_013,55
GTCTGTGAAGATGATAACGG_014,58
GTCTGTGAAGATGATAACGG_015,120
GTCTGTGAAGATGATAACGG_016,130
GTCTGTGAAGATGATAACGG_017,169
GTCTGTGAAGATGATAACGG_018,13
GTCTGTGAAGATGATAACGG_019,149
GTCTGTGAAGATGATAACGG_020,157
GTCTGTGAAGATGATAACGG_021,130
GTCTGTGAAGATGATAACGG_022,144
GTCTGTGAAGATGATAACGG_023,0
GTCTGTGAAGATGATAACGG_024,3
GTCTGTGAAGATGATAACGG_025,121
GTCTGTGAAGATGATAACGG_026,67
TAATTGGGTTCCCATCACGA_001,27
TAATTGGGTTCCCATCACGA_002,40
TAATTGGGTTCCCATCACGA_003,17
TAATTGGGTTCCCATCACGA_004,183
TAATTGGGTTCCCATCACGA_005,108
TAATTGGGTTCCCATCACGA_006,156
TAATTGGGTTCCCATCACGA_007,142
TAATTGGGTTCCCATCACGA_008,138
GGGCGGGTACTGGCATCTCA_001,88
CAGAGGTCTGCCATTCACAA_001,112
CAGAGGTCTGCCATTCACAA_002,137
CAGAGGTCTGCCATTCACAA_003,176
CAGAGGTCTGCCATTCACAA_004,53
CAGAGGTCTGCCATTCACAA_005,176
CAGAGGTCTGCCATTCACAA_006,47
CAGAGGTCTGCCATTCACAA_007,166
CAGAGGTCTGCCATTCACAA_008,94
CAGAGGTCTGCCATTCACAA_009,44
CAGAGGTCTGCCATTCACAA_010,26
CAGAGGTCTGCCATTCACAA_011,69
CAGAGGTCTGCCATTCACAA_012,100
CAGAGGTCTGCCATTCACAA_013,34
CAGAGGTCTGCCATTCACAA_014,176
CAGAGGTCTGCCATTCACAA_015,135
CAGAGGTCTGCCATTCACAA_016,178
CAGAGGTCTGCCATTCACAA_017,134
CAGAGGTCTGCCATTCACAA_018,81
CAGAGGTCTGCCATTCACAA_019,106
CAGAGGTCTGCCATTCACAA_020,28
CAGAGGTCTGCCATTCACAA_021,63
CAGAGGTCTGCCATTCACAA_022,55
CAGAGGTCTGCCATTCACAA_023,28
GCCACGCAGTCCATTCAGGG_001,118
GCCACGCAGTCCATTCAGGG_002,141
GCCACGCAGTCCATTCAGGG_003,42
GCCACGCAGTCCATTCAGGG_004,182
GCCACGCAGTCCATTCAGGG_005,103
AGGCGCTGGAGACCTTACGA_001,121
CACCCTTGTCCAAAAATGTG_001,29
CACCCTTGTCCAAAAATGTG_002,107
CACCCTTGTCCAAAAATGTG_003,78
CACCCTTGTCCAAAAATGTG_004,77
CACCCTTGTCCAAAAATGTG_005,28
CACCCTTGTCCAAAAATGTG_006,170
CACCCTTGTCCAAAAATGTG_007,119
CACCCTTGTCCAAAAATGTG_008,188
CACCCTTGTCCAAAAATGTG_009,56
CACCCTTGTCCAAAAATGTG_010,117
CACCCTTGTCCAAAAATGTG_011,116
CACCCTTGTCCAAAAATGTG_012,49
CACCCTTGTCCAAAAATGTG_013,149
CACCCTTGTCCAAAAATGTG_014,8
CACCCTTGTCCAAAAATGTG_015,32
CACCCTTGTCCAAAAATGTG_016,132
CACCCTTGTCCAAAAATGTG_017,141
CACCCTTGTCCAAAAATGTG_018,46
CACCCTTGTCCAAAAATGTG_019,32
CCCAAGATACTCATCAGTCA_001,45
CCCAAGATACTCATCAGTCA_002,10
GGAAGAATATGATACACGAC_001,176
TTACCTGAAACAGCATTGCA_001,150
TTACCTGAAACAGCATTGCA_002,62
TTACCTGAAACAGCATTGCA_003,105
TTACCTGAAACAGCATTGCA_004,122
TTACCTGAAACAGCATTGCA_005,47
TTACCTGAAACAGCATTGCA_006,43
TTACCTGAAACAGCATTGCA_007,199
TTACCTGAAACAGCATTGCA_008,6
TTACCTGAAACAGCATTGCA_009,64
TTACCTGAAACAGCATTGCA_010,190
TTACCTGAAACAGCATTGCA_011,162
TTACCTGAAACAGCATTGCA_012,29
TTACCTGAAACAGCATTGCA_013,180
TTACCTGAAACAGCATTGCA_014,138
TTACCTGAAACAGCATTGCA_015,58
TTACCTGAAACAGCATTGCA_016,40
TTACCTGAAACAGCATTGCA_017,88
TTACCTGAAACAGCATTGCA_018,65
TTACCTGAAACAGCATTGCA_019,70
TTACCTGAAACAGCATTGCA_020,144
TTACCTGAAACAGCATTGCA_021,191
TTACCTGAAACAGCATTGCA_022,55
GATGAAGCTACCGTCACTGA_001,64
GATGAAGCTACCGTCACTGA_002,102
GATGAAGCTACCGTCACTGA_003,98
GATGAAGCTACCGTCACTGA_004,74
GATGAAGCTACCGTCACTGA_005,14
TTGCGCCGTTTGCGGCCGAA_001,113
TTGCGCCGTTTGCGGCCGAA_002,28
TTGCGCCGTTTGCGGCCGAA_003,140
TTGCGCCGTTTGCGGCCGAA_004,116
TTGCGCCGTTTGCGGCCGAA_005,130
TTGCGCCGTTTGCGGCCGAA_006,9
TTGCGCCGTTTGCGGCCGAA_007,128
TTGCGCCGTTTGCGGCCGAA_008,16
TTGCGCCGTTTGCGGCCGAA_009,103
TTGCGCCGTTTGCGGCCGAA_010,10
TTGCGCCGTTTGCGGCCGAA_011,170
TGGCCAGCGTGTACAACACG_001,118
AAGAACCAGCAGCTGAAAGT_001,53
AAGAACCAGCAGCTGAAAGT_002,36
AAGAACCAGCAGCTGAAAGT_003,105
AAGAACCAGCAGCTGAAAGT_004,102
AAGAACCAGCAGCTGAAAGT_005,87
AAGAACCAGCAGCTGAAAGT_006,87
AAGAACCAGCAGCTGAAAGT_007,129
AAGAACCAGCAGCTGAAAGT_008,92
AAGAACCAGCAGCTGAAAGT_009,84
AAGAACCAGCAGCTGAAAGT_010,94
AAGAACCAGCAGCTGAAAGT_011,0
AAGAACCAGCAGCTGAAAGT_012,62
AAGAACCAGCAGCTGAAAGT_013,141
AAGAACCAGCAGCTGAAAGT_014,82
AAGAACCAGCAGCTGAAAGT_015,102
AAGAACCAGCAGCTGAAAGT_016,156
AAGAACCAGCAGCTGAAAGT_017,44
AAGAACCAGCAGCTGAAAGT_018,49
AAGAACCAGCAGCTGAAAGT_019,74
ACAGCTTGAACGTCCCAGCG_001,178
ACAGCTTGAACGTCCCAGCG_002,25
ACAGCTTGAACGTCCCAGCG_003,117
ACAGCTTGAACGTCCCAGCG_004,180
ACAGCTTGAACGTCCCAGCG_005,50
ACAGCTTGAACGTCCCAGCG_006,153
TGTCCAACAAGGAATCGGGC_001,134
TGTCCAACAAGGAATCGGGC_002,137
TGTCCAACAAGGAATCGGGC_003,181
TGTCCAACAAGGAATCGGGC_004,125
TGTCCAACAAGGAATCGGGC_005,141
TGTCCAACAAGGAATCGGGC_006,95
TGTCCAACAAGGAATCGGGC_007,82
TGTCCAACAAGGAATCGGGC_008,50
TGTCCAACAAGGAATCGGGC_009,19
TGTCCAACAAGGAATCGGGC_010,160
TGTCCAACAAGGAATCGGGC_011,141
TGTCCAACAAGGAATCGGGC_012,13
CTGGGCTGGAATGACGTAGT_001,38
CTGGGCTGGAATGACGTAGT_002,56
CTGGGCTGGAATGACGTAGT_003,0
CTGGGCTGGAATGACGTAGT_004,27
CTGGGCTGGAATGACGTAGT_005,112
CTGGGCTGGAATGACGTAGT_006,41
CTGGGCTGGAATGACGTAGT_007,35
CTGGGCTGGAATGACGTAGT_008,52
CTGGGCTGGAATGACGTAGT_009,7
CTGGGCTGGAATGACGTAGT_010,56
CTGGGCTGGAATGACGTAGT_011,109
CTGGGCTGGAATGACGTAGT_012,109
CTGGGCTGGAATGACGTAGT_013,145
CTGGGCTGGAATGACGTAGT_014,51
CTGGGCTGGAATGACGTAGT_015,172
CTGGGCTGGAATGACGTAGT_016,24
CTGGGCTGGAATGACGTAGT_017,194
CTGGGCTGGAATGACGTAGT_018,196
GGTGCTCAAACAGTGACTTG_001,137
GGTGCTCAAACAGTGACTTG_002,101
GGTGCTCAAACAGTGACTTG_003,116
GGTGCTCAAACAGTGACTTG_004,75
AGTGGTGGGAACGACAAACA_001,101
AGTGGTGGGAACGACAAACA_002,169
AGCTCCAGCGAACCGCGCGT_001,199
AGCTCCAGCGAACCGCGCGT_002,70
AGCTCCAGCGAACCGCGCGT_003,115
AGCTCCAGCGAACCGCGCGT_004,130
AGCTCCAGCGAACCGCGCGT_005,49
AGCTCCAGCGAACCGCGCGT_006,37
AGCTCCAGCGAACCGCGCGT_007,129
GCTTCGGCCATTCTCAATGA_001,174
GCTTCGGCCATTCTCAATGA_002,60
GCTTCGGCCATTCTCAATGA_003,7
GCTTCGGCCATTCTCAATGA_004,173
GCTTCGGCCATTCTCAATGA_005,63
GCTTCGGCCATTCTCAATGA_006,127
GCTTCGGCCATTCTCAATGA_007,124
GCTTCGGCCATTCTCAATGA_008,15
GCTTCGGCCATTCTCAATGA_009,192
GCTTCGGCCATTCTCAATGA_010,125
GCTTCGGCCATTCTCAATGA_011,197
GGAGGTAAAAACAGGCGCAG_001,142
GGAGGTAAAAACAGGCGCAG_002,183
GGAGGTAAAAACAGGCGCAG_003,196
GGAGGTAAAAACAGGCGCAG_004,78
GGAGGTAAAAACAGGCGCAG_005,127
GGAGGTAAAAACAGGCGCAG_006,107
GGAGGTAAAAACAGGCGCAG_007,190
GGAGGTAAAAACAGGCGCAG_008,118
GGAGGTAAAAACAGGCGCAG_009,32
GGAGGTAAAAACAGGCGCAG_010,119
GGAGGTAAAAACAGGCGCAG_011,43
GGAGGTAAAAACAGGCGCAG_012,16
GGAGGTAAAAACAGGCGCAG_013,22
GGAGGTAAAAACAGGCGCAG_014,40
GGAGGTAAAAACAGGCGCAG_015,75
GGAGGTAAAAACAGGCGCAG_016,58
GGAGGTAAAAACAGGCGCAG_017,138
GGAGGTAAAAACAGGCGCAG_018,52
GGAGGTAAAAACAGGCGCAG_019,129
GGAGGTAAAAACAGGCGCAG_020,153
GGAGGTAAAAACAGGCGCAG_021,20
GGAGGTAAAAACAGGCGCAG_022,78
GGAGGTAAAAACAGGCGCAG_023,2
GGAGGTAAAAACAGGCGCAG_024,38
GGAGGTAAAAACAGGCGCAG_025,18
GGAGGTAAAAACAGGCGCAG_026,112
GGAGGTAAAAACAGGCGCAG_027,124
GGAGGTAAAAACAGGCGCAG_028,95
GGAGGTAAAAACAGGCGCAG_029,150
GGAGGTAAAAACAGGCGCAG_030,25
GGAGGTAAAAACAGGCGCAG_031,150
GGAGGTAAAAACAGGCGCAG_032,89
GGAGGTAAAAACAGGCGCAG_033,126
GGAGGTAAAAACAGGCGCAG_034,18
GGAGGTAAAAACAGGCGCAG_035,26
GGAGGTAAAAACAGGCGCAG_036,162
GGAGGTAAAAACAGGCGCAG_037,147
GGTAGCATTAGGCATTATCA_001,135
GGTAGCATTAGGCATTATCA_002,104
GGTAGCATTAGGCATTATCA_003,116
GGTAGCATTAGGCATTATCA_004,77
GGTAGCATTAGGCATTATCA_005,98
AGTGGTTGAAGTGGCTAAAG_001,34
AGTGGTTGAAGTGGCTAAAG_002,5
AGTGGTTGAAGTGGCTAAAG_003,198
AGTGGTTGAAGTGGCTAAAG_004,122
AGTGGTTGAAGTGGCTAAAG_005,132
GGACACGCGGGCATTGATGA_001,87
GGACACGCGGGCATTGATGA_002,141
GGACACGCGGGCATTGATGA_003,60
GGACACGCGGGCATTGATGA_004,2
GGACACGCGGGCATTGATGA_005,77
GGACACGCGGGCATTGATGA_006,163
GGACACGCGGGCATTGATGA_007,164
GGACACGCGGGCATTGATGA_008,164
GGACACGCGGGCATTGATGA_009,36
GGACACGCGGGCATTGATGA_010,146
ATGCCAAATATCGTTACCGG_001,29
ATGCCAAATATCGTTACCGG_002,94
ATGCCAAATATCGTTACCGG_003,149
ATGCCAAATATCGTTACCGG_004,170
ATGCCAAATATCGTTACCGG_005,60
TTCCTGTCCCCCGATGAAAG_001,160
TTCCTGTCCCCCGATGAAAG_002,129
TTCCTGTCCCCCGATGAAAG_003,8
TTCCTGTCCCCCGATGAAAG_004,100
TTCCTGTCCCCCGATGAAAG_005,158
TTCCTGTCCCCCGATGAAAG_006,104
TTCCTGTCCCCCGATGAAAG_007,140
TTCCTGTCCCCCGATGAAAG_008,199
TTCCTGTCCCCCGATGAAAG_009,86
TTCCTGTCCCCCGATGAAAG_010,121
TTCCTGTCCCCCGATGAAAG_011,130
TTCCTGTCCCCCGATGAAAG_012,169
TTCCTGTCCCCCGATGAAAG_013,88
TTCCTGTCCCCCGATGAAAG_014,3
TTCCTGTCCCCCGATGAAAG_015,68
TTCCTGTCCCCCGATGAAAG_016,22
TTCCTGTCCCCCGATGAAAG_017,138
TTCCTGTCCCCCGATGAAAG_018,98
GCTGAGGCTGAAGCTATCGT_001,137
GCTGAGGCTGAAGCTATCGT_002,167
GCTGAGGCTGAAGCTATCGT_003,177
GCTGAGGCTGAAGCTATCGT_004,80
GCTGAGGCTGAAGCTATCGT_005,116
GGGTGGAATCTGAAAAACGG_001,136
CTGAACACAAGCCAGACTTG_001,153
CTGAACACAAGCCAGACTTG_002,139
CTGAACACAAGCCAGACTTG_003,73
CTGAACACAAGCCAGACTTG_004,144
CTGAACACAAGCCAGACTTG_005,26
CTGAACACAAGCCAGACTTG_006,58
CTGAACACAAGCCAGACTTG_007,25
CTGAACACAAGCCAGACTTG_008,149
CTGAACACAAGCCAGACTTG_009,169
CTGAACACAAGCCAGACTTG_010,126
CTGAACACAAGCCAGACTTG_011,13
CTGAACACAAGCCAGACTTG_012,142
CTGAACACAAGCCAGACTTG_013,10
CTGAACACAAGCCAGACTTG_014,58
CTGAACACAAGCCAGACTTG_015,107
CTGAACACAAGCCAGACTTG_016,0
TGCCTCGGAGAACCTAAGGC_001,149
TGCCTCGGAGAACCTAAGGC_002,49
TGCCTCGGAGAACCTAAGGC_003,111
AGGTTGACAAGGTCACAGGC_001,174
AGGTTGACAAGGTCACAGGC_002,117
TCGCCACCCACTATTGGACC_001,63
TCGCCACCCACTATTGGACC_002,57
TCGCCACCCACTATTGGACC_003,43
TCGCCACCCACTATTGGACC_004,91
TCGCCACCCACTATTGGACC_005,121
TCGCCACCCACTATTGGACC_006,58
TCGCCACCCACTATTGGACC_007,191
GGAGTCCTTCGCCATAAGCA_001,188
GGAGTCCTTCGCCATAAGCA_002,146
GGAGTCCTTCGCCATAAGCA_003,44
GGAGTCCTTCGCCATAAGCA_004,98
GGAGTCCTTCGCCATAAGCA_005,141
GGAGTCCTTCGCCATAAGCA_006,150
GGAGTCCTTCGCCATAAGCA_007,50
GGAGTCCTTCGCCATAAGCA_008,16
GGAGTCCTTCGCCATAAGCA_009,13
GGAGTCCTTCGCCATAAGCA_010,9
GGAGTCCTTCGCCATAAGCA_011,133
GGAGTCCTTCGCCATAAGCA_012,169
GGAGTCCTTCGCCATAAGCA_013,43
GGAGTCCTTCGCCATAAGCA_014,165
GGAGTCCTTCGCCATAAGCA_015,25
GGAGTCCTTCGCCATAAGCA_016,180
GGTTGCGCTCAAGAAGGCAT_001,154
GGTTGCGCTCAAGAAGGCAT_002,77
GGTTGCGCTCAAGAAGGCAT_003,25
GGTTGCGCTCAAGAAGGCAT_004,51
GGTTGCGCTCAAGAAGGCAT_005,167
GGTTGCGCTCAAGAAGGCAT_006,12
GGTTGCGCTCAAGAAGGCAT_007,0
GGTTGCGCTCAAGAAGGCAT_008,33
CTTAAGTCGAGAGCCGACCG_001,181
CTTAAGTCGAGAGCCGACCG_002,3
CTTAAGTCGAGAGCCGACCG_003,74
CTTAAGTCGAGAGCCGACCG_004,147
CTTAAGTCGAGAGCCGACCG_005,106
CTTAAGTCGAGAGCCGACCG_006,149
CTTAAGTCGAGAGCCGACCG_007,38
CTTAAGTCGAGAGCCGACCG_008,185
CTTAAGTCGAGAGCCGACCG_009,117
CTTAAGTCGAGAGCCGACCG_010,57
CTTAAGTCGAGAGCCGACCG_011,104
CTTAAGTCGAGAGCCGACCG_012,49
CTTAAGTCGAGAGCCGACCG_013,159
CTTAAGTCGAGAGCCGACCG_014,9
TCCATTTCTAAGCGCCTCCG_001,183
TCCATTTCTAAGCGCCTCCG_002,135
TCCATTTCTAAGCGCCTCCG_003,46
ACAGCTGCAATGCTACATAG_001,151
TGAGGCTGTTAAATCAACCT_001,130
TGAGGCTGTTAAATCAACCT_002,196
TGAGGCTGTTAAATCAACCT_003,134
TGAGGCTGTTAAATCAACCT_004,23
TGAGGCTGTTAAATCAACCT_005,128
TGAGGCTGTTAAATCAACCT_006,57
TGAGGCTGTTAAATCAACCT_007,136
TGAGGCTGTTAAATCAACCT_008,38
TGAGGCTGTTAAATCAACCT_009,137
TGAGGCTGTTAAATCAACCT_010,185
TCGAAGGACAGCCACGACGT_001,77
TCGAAGGACAGCCACGACGT_002,117
TCGAAGGACAGCCACGACGT_003,108
TCGAAGGACAGCCACGACGT_004,126
TCGAAGGACAGCCACGACGT_005,150
TCGAAGGACAGCCACGACGT_006,58
TCGAAGGACAGCCACGACGT_007,98
TCGAAGGACAGCCACGACGT_008,172
TCGAAGGACAGCCACGACGT_009,62
TCGAAGGACAGCCACGACGT_010,191
TTTCACGTTCCATTTGCCTG_001,158
TTTCACGTTCCATTTGCCTG_002,76
TTTCACGTTCCATTTGCCTG_003,169
TTTCACGTTCCATTTGCCTG_004,3
TTTCACGTTCCATTTGCCTG_005,49
TTTCACGTTCCATTTGCCTG_006,130
TTTCACGTTCCATTTGCCTG_007,7
TTTCACGTTCCATTTGCCTG_008,176
TTTCACGTTCCATTTGCCTG_009,159
TTTCACGTTCCATTTGCCTG_010,140
GCCCGAATCACAGTGAAAGG_001,73
GCCCGAATCACAGTGAAAGG_002,188
GCCCGAATCACAGTGAAAGG_003,7
GCCCGAATCACAGTGAAAGG_004,93
GCCCGAATCACAGTGAAAGG_005,115
GCCCGAATCACAGTGAAAGG_006,144
GCCCGAATCACAGTGAAAGG_007,46
CATTACCTGGTATGAAAGGT_001,5
CATTACCTGGTATGAAAGGT_002,156
CATTACCTGGTATGAAAGGT_003,102
CATTACCTGGTATGAAAGGT_004,40
CCAGGACTACTACCCCGAGG_001,123
GACACCTTATTCACGCAAGG_001,168
GACACCTTATTCACGCAAGG_002,13
AAAACCACCACTTACACCCA_001,116
AAAACCACCACTTACACCCA_002,159
AAAACCACCACTTACACCCA_003,50
AAAACCACCACTTACACCCA_004,51
AAAACCACCACTTACACCCA_005,173
AAAACCACCACTTACACCCA_006,196
AAAACCACCACTTACACCCA_007,167
AAAACCACCACTTACACCCA_008,62
AAAACCACCACTTACACCCA_009,52
AAAACCACCACTTACACCCA_010,120
AAAACCACCACTTACACCCA_011,136
AAAACCACCACTTACACCCA_012,58
AAAACCACCACTTACACCCA_013,2
AAAACCACCACTTACACCCA_014,78
AAAACCACCACTTACACCCA_015,83
AAAACCACCACTTACACCCA_016,155
ATATACTTACCACAAAAGGG_001,130
ATATACTTACCACAAAAGGG_002,23
ATATACTTACCACAAAAGGG_003,152
ATATACTTACCACAAAAGGG_004,107
ATATACTTACCACAAAAGGG_005,52
ATATACTTACCACAAAAGGG_006,174
ATATACTTACCACAAAAGGG_007,12
CCTGCGTGCGGATGGACTTG_001,50
CCTGCGTGCGGATGGACTTG_002,77
CCTGCGTGCGGATGGACTTG_003,194
CCTGCGTGCGGATGGACTTG_004,170
CCTGCGTGCGGATGGACTTG_005,133
CCTGCGTGCGGATGGACTTG_006,32
CCTGCGTGCGGATGGACTTG_007,14
CCTGCGTGCGGATGGACTTG_008,104
CCTGCGTGCGGATGGACTTG_009,169
CCTGCGTGCGGATGGACTTG_010,174
CCTGCGTGCGGATGGACTTG_011,185
CCGGCCACGTGTACACGCCG_001,54
CCGGCCACGTGTACACGCCG_002,32
CCGGCCACGTGTACACGCCG_003,9
CCGGCCACGTGTACACGCCG_004,15
CCGGCCACGTGTACACGCCG_005,89
CCGGCCACGTGTACACGCCG_006,163
CATTGCTCGCAAAAGACCTG_001,61
CATTGCTCGCAAAAGACCTG_002,152
CATTGCTCGCAAAAGACCTG_003,10
CATTGCTCGCAAAAGACCTG_004,59
CATTGCTCGCAAAAGACCTG_005,50
CATTGCTCGCAAAAGACCTG_006,86
CATTGCTCGCAAAAGACCTG_007,22
CATTGCTCGCAAAAGACCTG_008,101
CATTGCTCGCAAAAGACCTG_009,31
CATTGCTCGCAAAAGACCTG_010,44
CATTGCTCGCAAAAGACCTG_011,29
CATTGCTCGCAAAAGACCTG_012,69
CATTGCTCGCAAAAGACCTG_013,192
CATTGCTCGCAAAAGACCTG_014,29
CATTGCTCGCAAAAGACCTG_015,78
CATTGCTCGCAAAAGACCTG_016,130
CATTGCTCGCAAAAGACCTG_017,56
CATTGCTCGCAAAAGACCTG_018,81
CATTGCTCGCAAAAGACCTG_019,65
CATTGCTCGCAAAAGACCTG_020,94
CATTGCTCGCAAAAGACCTG_021,148
CATCACCAACGACTGCCATG_001,16
CATCACCAACGACTGCCATG_002,57
CATCACCAACGACTGCCATG_003,28
CATCACCAACGACTGCCATG_004,178
GGAGCTGTGTGGCGTCGACG_001,38
GGAGCTGTGTGGCGTCGACG_002,195
GGAGCTGTGTGGCGTCGACG_003,174
GGAGCTGTGTGGCGTCGACG_004,49
GGAGCTGTGTGGCGTCGACG_005,190
GGAGCTGTGTGGCGTCGACG_006,102
GGAGCTGTGTGGCGTCGACG_007,66
AAGAACTTAGAGCACATGTG_001,21
AAGAACTTAGAGCACATGTG_002,24
AAGAACTTAGAGCACATGTG_003,162
AAGAACTTAGAGCACATGTG_004,15
ACAGAGATCCCGCGTGCCAG_001,22
ACAGAGATCCCGCGTGCCAG_002,119
ACAGAGATCCCGCGTGCCAG_003,119
ACAGAGATCCCGCGTGCCAG_004,49
ACAGAGATCCCGCGTGCCAG_005,94
ACAGAGATCCCGCGTGCCAG_006,189
ACAGAGATCCCGCGTGCCAG_007,192
ACAGAGATCCCGCGTGCCAG_008,179
ACAGAGATCCCGCGTGCCAG_009,5
ACAGAGATCCCGCGTGCCAG_010,149
ACAGAGATCCCGCGTGCCAG_011,95
ACAGAGATCCCGCGTGCCAG_012,147
ACAGAGATCCCGCGTGCCAG_013,150
ACAGAGATCCCGCGTGCCAG_014,6
GGGAGTTCACCGGACATCTG_001,94
GGGAGTTCACCGGACATCTG_002,40
GGGAGTTCACCGGACATCTG_003,60
GGGAGTTCACCGGACATCTG_004,28
GGGAGTTCACCGGACATCTG_005,13
GGGAGTTCACCGGACATCTG_006,77
GGGAGTTCACCGGACATCTG_007,60
GGGAGTTCACCGGACATCTG_008,82
GGGAGTTCACCGGACATCTG_009,1
GGGAGTTCACCGGACATCTG_010,38
GGGAGTTCACCGGACATCTG_011,120
GGGAGTTCACCGGACATCTG_012,49
GGGAGTTCACCGGACATCTG_013,50
GGGAGTTCACCGGACATCTG_014,65
GGGAGTTCACCGGACATCTG_015,166
GGGAGTTCACCGGACATCTG_016,190
GGGAGTTCACCGGACATCTG_017,70
GGGAGTTCACCGGACATCTG_018,107
GGGAGTTCACCGGACATCTG_019,198
GGGAGTTCACCGGACATCTG_020,141
GGGAGTTCACCGGACATCTG_021,175
GGGAGTTCACCGGACATCTG_022,38
GGGAGTTCACCGGACATCTG_023,29
GGGAGTTCACCGGACATCTG_024,40
GGGAGTTCACCGGACATCTG_025,137
GGGAGTTCACCGGACATCTG_026,106
GGGAGTTCACCGGACATCTG_027,3
GGGAGTTCACCGGACATCTG_028,2
GGGAGTTCACCGGACATCTG_029,172
GGGAGTTCACCGGACATCTG_030,107
GGGAGTTCACCGGACATCTG_031,91
TAGTGACACCAACGACTCAG_001,162
TAGTGACACCAACGACTCAG_002,92
TAGTGACACCAACGACTCAG_003,148
TAGTGACACCAACGACTCAG_004,62
TAGTGACACCAACGACTCAG_005,147
TAGTGACACCAACGACTCAG_006,1
TAGTGACACCAACGACTCAG_007,0
TAGTGACACCAACGACTCAG_008,130
TAGTGACACCAACGACTCAG_009,199
TAGTGACACCAACGACTCAG_010,2
TAGTGACACCAACGACTCAG_011,48
TAGTGACACCAACGACTCAG_012,81
TAGTGACACCAACGACTCAG_013,138
TAGTGACACCAACGACTCAG_014,126
TAGTGACACCAACGACTCAG_015,126
TAGTGACACCAACGACTCAG_016,48
TTCCGGCGGTCAGTGCCCCG_001,191
TTCCGGCGGTCAGTGCCCCG_002,72
TTCCGGCGGTCAGTGCCCCG_003,80
TTCCGGCGGTCAGTGCCCCG_004,137
TTCCGGCGGTCAGTGCCCCG_005,46
TTCCGGCGGTCAGTGCCCCG_006,63
TTCCGGCGGTCAGTGCCCCG_007,32
TTCCGGCGGTCAGTGCCCCG_008,163
TTCCGGCGGTCAGTGCCCCG_009,84
TTCCGGCGGTCAGTGCCCCG_010,169
TTCCGGCGGTCAGTGCCCCG_011,83
TTCCGGCGGTCAGTGCCCCG_012,104
TTCCGGCGGTCAGTGCCCCG_013,110
TTCCGGCGGTCAGTGCCCCG_014,110
TTCCGGCGGTCAGTGCCCCG_015,116
TTCCGGCGGTCAGTGCCCCG_016,119
TTCCGGCGGTCAGTGCCCCG_017,94
TTCCGGCGGTCAGTGCCCCG_018,12
CAGACCCGTACAAAGTGTAC_001,197
CAGACCCGTACAAAGTGTAC_002,174
ATTACGAAGATTATACCAGG_001,6
ATTACGAAGATTATACCAGG_002,73
ATTACGAAGATTATACCAGG_003,175
ATTACGAAGATTATACCAGG_004,127
ATTACGAAGATTATACCAGG_005,113
ATTACGAAGATTATACCAGG_006,179
ATTACGAAGATTATACCAGG_007,91
ATCCTGACACTCCATTGAGT_001,166
ATCCTGACACTCCATTGAGT_002,115
ATCCTGACACTCCATTGAGT_003,28
ATCCTGACACTCCATTGAGT_004,34
ATCCTGACACTCCATTGAGT_005,81
ATCCTGACACTCCATTGAGT_006,16
ATCCTGACACTCCATTGAGT_007,58
ATCCTGACACTCCATTGAGT_008,74
ATCCTGACACTCCATTGAGT_009,19
ATCCTGACACTCCATTGAGT_010,77
ATCCTGACACTCCATTGAGT_011,57
ATGGTACACGTAGCACCAGT_001,129
ATGGTACACGTAGCACCAGT_002,84
ATGGTACACGTAGCACCAGT_003,70
ATGGTACACGTAGCACCAGT_004,194
ATGGTACACGTAGCACCAGT_005,63
ATGGTACACGTAGCACCAGT_006,19
ATGGTACACGTAGCACCAGT_007,191
ATGGTACACGTAGCACCAGT_008,169
ATGGTACACGTAGCACCAGT_009,28
ATGGTACACGTAGCACCAGT_010,110
TGGCACCAAGGGAGAAAAGG_001,23
TGGCACCAAGGGAGAAAAGG_002,174
TGGCACCAAGGGAGAAAAGG_003,8
TGGCACCAAGGGAGAAAAGG_004,197
TGGCACCAAGGGAGAAAAGG_005,113
TGGCACCAAGGGAGAAAAGG_006,40
TGGCACCAAGGGAGAAAAGG_007,13
TGGCACCAAGGGAGAAAAGG_008,141
TGGCACCAAGGGAGAAAAGG_009,130
GATGTGAAACAGTTGGACCA_001,14
GATGTGAAACAGTTGGACCA_002,172
GATGTGAAACAGTTGGACCA_003,60
GATGTGAAACAGTTGGACCA_004,98
GATGTGAAACAGTTGGACCA_005,70
GATGTGAAACAGTTGGACCA_006,94
GATGTGAAACAGTTGGACCA_007,28
GATGTGAAACAGTTGGACCA_008,115
GATGTGAAACAGTTGGACCA_009,199
GATGTGAAACAGTTGGACCA_010,104
CTGCGGCTGCACCCTAATGG_001,127
CTGCGGCTGCACCCTAATGG_002,137
CTGCGGCTGCACCCTAATGG_003,172
CTGCGGCTGCACCCTAATGG_004,57
CTGCGGCTGCACCCTAATGG_005,169
CTGCGGCTGCACCCTAATGG_006,82
CTGCGGCTGCACCCTAATGG_007,144
CTGCGGCTGCACCCTAATGG_008,81
CTGCGGCTGCACCCTAATGG_009,150
CTGCGGCTGCACCCTAATGG_010,99
CTGCGGCTGCACCCTAATGG_011,107
CTGCGGCTGCACCCTAATGG_012,133
CTGCGGCTGCACCCTAATGG_013,63
CTGCGGCTGCACCCTAATGG_014,164
CTGCGGCTGCACCCTAATGG_015,164
GCAGGGATTCCTCATCAGTG_001,106
GCAGGGATTCCTCATCAGTG_002,67
GCAGGGATTCCTCATCAGTG_003,138
GCAGGGATTCCTCATCAGTG_004,131
GCAGGGATTCCTCATCAGTG_005,140
GCAGGGATTCCTCATCAGTG_006,101
GCAGGGATTCCTCATCAGTG_007,88
GTAAATTCCAGCCATGCCAT_001,7
GTAAATTCCAGCCATGCCAT_002,98
GTAAATTCCAGCCATGCCAT_003,17
GTAAATTCCAGCCATGCCAT_004,76
TCAGATAGTTCAAACCAGCA_001,15
TCAGATAGTTCAAACCAGCA_002,140
TCAGATAGTTCAAACCAGCA_003,178
CCATTGCCACCAAGCCATCG_001,62
CCATTGCCACCAAGCCATCG_002,149
CCATTGCCACCAAGCCATCG_003,113
CCATTGCCACCAAGCCATCG_004,126
CCATTGCCACCAAGCCATCG_005,29
CCATTGCCACCAAGCCATCG_006,78
CCATTGCCACCAAGCCATCG_007,91
CCATTGCCACCAAGCCATCG_008,80
CCATTGCCACCAAGCCATCG_009,144
CCATTGCCACCAAGCCATCG_010,41
CCATTGCCACCAAGCCATCG_011,154
CCATTGCCACCAAGCCATCG_012,25
CCATTGCCACCAAGCCATCG_013,43
CCATTGCCACCAAGCCATCG_014,13
CCATTGCCACCAAGCCATCG_015,49
GATTTCAAAAGTGATCACCA_001,48
GATTTCAAAAGTGATCACCA_002,48
GATTTCAAAAGTGATCACCA_003,80
GATTTCAAAAGTGATCACCA_004,105
GATTTCAAAAGTGATCACCA_005,54
GATTTCAAAAGTGATCACCA_006,168
GATTTCAAAAGTGATCACCA_007,169
GATTTCAAAAGTGATCACCA_008,71
GATTTCAAAAGTGATCACCA_009,115
GATTTCAAAAGTGATCACCA_010,130
GATTTCAAAAGTGATCACCA_011,69
GATTTCAAAAGTGATCACCA_012,154
GATTTCAAAAGTGATCACCA_013,154
GATTTCAAAAGTGATCACCA_014,110
GATTTCAAAAGTGATCACCA_015,144
AAATGTATGACTATCAAGGC_001,51
ACAGATTAACCAGAAGGGCT_001,8
ACAGATTAACCAGAAGGGCT_002,190
ACAGATTAACCAGAAGGGCT_003,10
ACAGATTAACCAGAAGGGCT_004,26
TAACAGTCGACGAAAGAGGG_001,148
TAACAGTCGACGAAAGAGGG_002,134
TAACAGTCGACGAAAGAGGG_003,112
TAACAGTCGACGAAAGAGGG_004,121
TAACAGTCGACGAAAGAGGG_005,74
TAACAGTCGACGAAAGAGGG_006,29
TAACAGTCGACGAAAGAGGG_007,36
TAACAGTCGACGAAAGAGGG_008,68
TAACAGTCGACGAAAGAGGG_009,176
TAACAGTCGACGAAAGAGGG_010,198
TAACAGTCGACGAAAGAGGG_011,27
TAACAGTCGACGAAAGAGGG_012,169
TAACAGTCGACGAAAGAGGG_013,43
TAACAGTCGACGAAAGAGGG_014,97
ACAGAAGATTCCCTTGTTAG_001,160
ACAGAAGATTCCCTTGTTAG_002,44
ACAGAAGATTCCCTTGTTAG_003,179
ACAGAAGATTCCCTTGTTAG_004,41
ACAGAAGATTCCCTTGTTAG_005,130
ACAGAAGATTCCCTTGTTAG_006,116
GGAGGATTACGGTTTCAGAG_001,106
GGAGGATTACGGTTTCAGAG_002,17
GGAGGATTACGGTTTCAGAG_003,141
GGAGGATTACGGTTTCAGAG_004,128
GGAGGATTACGGTTTCAGAG_005,192
GGAGGATTACGGTTTCAGAG_006,88
GGGATCCCTCAAGCTCAGCA_001,168
GGGATCCCTCAAGCTCAGCA_002,60
GGGATCCCTCAAGCTCAGCA_003,140
GGGATCCCTCAAGCTCAGCA_004,105
GGGATCCCTCAAGCTCAGCA_005,8
GGGATCCCTCAAGCTCAGCA_006,198
GGGATCCCTCAAGCTCAGCA_007,113
GGGATCCCTCAAGCTCAGCA_008,128
GGGATCCCTCAAGCTCAGCA_009,140
GGGATCCCTCAAGCTCAGCA_010,198
GGGATCCCTCAAGCTCAGCA_011,28
GGGATCCCTCAAGCTCAGCA_012,82
GGGATCCCTCAAGCTCAGCA_013,197
GGGATCCCTCAAGCTCAGCA_014,63
GGGATCCCTCAAGCTCAGCA_015,184
GGGATCCCTCAAGCTCAGCA_016,132
GGGATCCCTCAAGCTCAGCA_017,25
GGGATCCCTCAAGCTCAGCA_018,48
GGGATCCCTCAAGCTCAGCA_019,174
GGGATCCCTCAAGCTCAGCA_020,28
GGGATCCCTCAAGCTCAGCA_021,101
GGGATCCCTCAAGCTCAGCA_022,12
GGGATCCCTCAAGCTCAGCA_023,12
GGGATCCCTCAAGCTCAGCA_024,188
GGGATCCCTCAAGCTCAGCA_025,103
GGGATCCCTCAAGCTCAGCA_026,105
GGGATCCCTCAAGCTCAGCA_027,49
GGGATCCCTCAAGCTCAGCA_028,56
GGGATCCCTCAAGCTCAGCA_029,188
GGGATCCCTCAAGCTCAGCA_030,94
GGGATCCCTCAAGCTCAGCA_031,170
GGGATCCCTCAAGCTCAGCA_032,39
GGGATCCCTCAAGCTCAGCA_033,78
GGGATCCCTCAAGCTCAGCA_034,138
GGGATCCCTCAAGCTCAGCA_035,69
GGGATCCCTCAAGCTCAGCA_036,77
CCAAGTGCGACCTTAATGGG_001,77
CCAAGTGCGACCTTAATGGG_002,109
CCAAGTGCGACCTTAATGGG_003,52
CCAAGTGCGACCTTAATGGG_004,37
CCAAGTGCGACCTTAATGGG_005,145
CCAAGTGCGACCTTAATGGG_006,88
CCAAGTGCGACCTTAATGGG_007,45
CCAAGTGCGACCTTAATGGG_008,141
CCAAGTGCGACCTTAATGGG_009,129
CCAAGTGCGACCTTAATGGG_010,98
CCAAGTGCGACCTTAATGGG_011,16
CCAAGTGCGACCTTAATGGG_012,138
CCAAGTGCGACCTTAATGGG_013,151
AGCATTGAAACAGACTATCA_001,36
AGCATTGAAACAGACTATCA_002,129
AGCATTGAAACAGACTATCA_003,68
AGAAACTTAACACTCAACAA_001,167
AGAAACTTAACACTCAACAA_002,199
AGAAACTTAACACTCAACAA_003,150
AGAAACTTAACACTCAACAA_004,158
AGAAACTTAACACTCAACAA_005,120
AGAAACTTAACACTCAACAA_006,108
AGAAACTTAACACTCAACAA_007,161
CAGCGCTATCAGGAGCAGGG_001,195
CAGCGCTATCAGGAGCAGGG_002,146
CAGCGCTATCAGGAGCAGGG_003,168
CAGCGCTATCAGGAGCAGGG_004,60
CAGCGCTATCAGGAGCAGGG_005,156
CAGCGCTATCAGGAGCAGGG_006,181
CAGCGCTATCAGGAGCAGGG_007,103
CAGCGCTATCAGGAGCAGGG_008,170
CAGCGCTATCAGGAGCAGGG_009,20
CAGCGCTATCAGGAGCAGGG_010,160
CAGCGCTATCAGGAGCAGGG_011,65
CAGCGCTATCAGGAGCAGGG_012,2
TCACAAACCCGTCGTCCATG_001,130
TCACAAACCCGTCGTCCATG_002,159
TCACAAACCCGTCGTCCATG_003,12
TCACAAACCCGTCGTCCATG_004,10
TCACAAACCCGTCGTCCATG_005,63
TCACAAACCCGTCGTCCATG_006,10
GCAGGTGAAGAACCTAACAG_001,105
GCAGGTGAAGAACCTAACAG_002,69
GCAGGTGAAGAACCTAACAG_003,36
GCAGGTGAAGAACCTAACAG_004,117
GCAGGTGAAGAACCTAACAG_005,83
GAGGCAAAGAGACCGGGCCG_001,62
GAGGCAAAGAGACCGGGCCG_002,198
GAGGCAAAGAGACCGGGCCG_003,130
GAGGCAAAGAGACCGGGCCG_004,34
GAGGCAAAGAGACCGGGCCG_005,80
GAGGCAAAGAGACCGGGCCG_006,44
GAGGCAAAGAGACCGGGCCG_007,17
GAGGCAAAGAGACCGGGCCG_008,17
GAGGCAAAGAGACCGGGCCG_009,19
GAGGCAAAGAGACCGGGCCG_010,2
GAGGCAAAGAGACCGGGCCG_011,69
GAGGCAAAGAGACCGGGCCG_012,41
GAGGCAAAGAGACCGGGCCG_013,94
GAGGCAAAGAGACCGGGCCG_014,9
GAGGCAAAGAGACCGGGCCG_015,177
GAGGCAAAGAGACCGGGCCG_016,175
GAGGCAAAGAGACCGGGCCG_017,76
GAGGCAAAGAGACCGGGCCG_018,185
GAGGCAAAGAGACCGGGCCG_019,63
GAGGCAAAGAGACCGGGCCG_020,138
GAGGCAAAGAGACCGGGCCG_021,55
GAGGCAAAGAGACCGGGCCG_022,39
GAGGCAAAGAGACCGGGCCG_023,69
GAGGCAAAGAGACCGGGCCG_024,113
GAGGCAAAGAGACCGGGCCG_025,38
GAGGCAAAGAGACCGGGCCG_026,83
GAGGCAAAGAGACCGGGCCG_027,153
GAGGCAAAGAGACCGGGCCG_028,95
GAGGCAAAGAGACCGGGCCG_029,138
GAGGCAAAGAGACCGGGCCG_030,106
GAGGCAAAGAGACCGGGCCG_031,198
GAGGCAAAGAGACCGGGCCG_032,142
GAGGCAAAGAGACCGGGCCG_033,98
GAGGCAAAGAGACCGGGCCG_034,39
GAGGCAAAGAGACCGGGCCG_035,62
GAGGCAAAGAGACCGGGCCG_036,46
GAGGCAAAGAGACCGGGCCG_037,70
GAGGCAAAGAGACCGGGCCG_038,9
ATTGCGTTAAGTGGAAAACC_001,69
ATTGCGTTAAGTGGAAAACC_002,173
ATTGCGTTAAGTGGAAAACC_003,80
GCTTAATGAAGATGACTCGG_001,53
GCTTAATGAAGATGACTCGG_002,170
GCTTAATGAAGATGACTCGG_003,160
GCTTAATGAAGATGACTCGG_004,169
GCTTAATGAAGATGACTCGG_005,2
GCTTAATGAAGATGACTCGG_006,76
GCTTAATGAAGATGACTCGG_007,19
TTACAGACACAGTAACCCAA_001,72
TTACAGACACAGTAACCCAA_002,139
TTACAGACACAGTAACCCAA_003,169
TTACAGACACAGTAACCCAA_004,127
TTACAGACACAGTAACCCAA_005,21
TTACAGACACAGTAACCCAA_006,94
TTACAGACACAGTAACCCAA_007,118
TTACAGACACAGTAACCCAA_008,191
AGGACACAGGAAAGCCAAAG_001,158
AGGACACAGGAAAGCCAAAG_002,177
AGGACACAGGAAAGCCAAAG_003,84
AGGACACAGGAAAGCCAAAG_004,68
AGGACACAGGAAAGCCAAAG_005,6
AGGACACAGGAAAGCCAAAG_006,4
AGGACACAGGAAAGCCAAAG_007,111
GCTATCTACTGATGGTATGG_001,158
GCTATCTACTGATGGTATGG_002,163
GCTATCTACTGATGGTATGG_003,43
GCTATCTACTGATGGTATGG_004,140
GCTATCTACTGATGGTATGG_005,142
GCTATCTACTGATGGTATGG_006,63
ACCGGCACACCTATAATCGT_001,41
ACCGGCACACCTATAATCGT_002,72
ACCGGCACACCTATAATCGT_003,95
ACCGGCACACCTATAATCGT_004,46
ACCGGCACACCTATAATCGT_005,146
ACCGGCACACCTATAATCGT_006,35
TGTCGCACATTTAAATCGGT_001,11
TGTCGCACATTTAAATCGGT_002,79
TGTCGCACATTTAAATCGGT_003,176
GCTGTTCCCAGAGTATAAAG_001,116
TGAAGGTACACAGCAAGTGG_001,1
TGAAGGTACACAGCAAGTGG_002,198
TGAAGGTACACAGCAAGTGG_003,12
CCCGGAGGTCGGGATTGGCG_001,50
CCCGGAGGTCGGGATTGGCG_002,58
CCCGGAGGTCGGGATTGGCG_003,22
CCCGGAGGTCGGGATTGGCG_004,31
CCCGGAGGTCGGGATTGGCG_005,67
CCCGGAGGTCGGGATTGGCG_006,125
CCCGGAGGTCGGGATTGGCG_007,118
CCCGGAGGTCGGGATTGGCG_008,179
CCCGGAGGTCGGGATTGGCG_009,175
CCCGGAGGTCGGGATTGGCG_010,41
CCCGGAGGTCGGGATTGGCG_011,175
CCCGGAGGTCGGGATTGGCG_012,56
CCCGGAGGTCGGGATTGGCG_013,150
CCCGGAGGTCGGGATTGGCG_014,171
CCCGGAGGTCGGGATTGGCG_015,104
CCCGGAGGTCGGGATTGGCG_016,68
CCCGGAGGTCGGGATTGGCG_017,2
CCCGGAGGTCGGGATTGGCG_018,169
CCCGGAGGTCGGGATTGGCG_019,138
CCCGGAGGTCGGGATTGGCG_020,142
GGAGGCTAAGAGCCTAGGCA_001,172
GGAGGCTAAGAGCCTAGGCA_002,72
GGAGGCTAAGAGCCTAGGCA_003,72
GGAGGCTAAGAGCCTAGGCA_004,116
GGAGGCTAAGAGCCTAGGCA_005,132
GGAGGCTAAGAGCCTAGGCA_006,132
GGAGGCTAAGAGCCTAGGCA_007,150
GGAGGCTAAGAGCCTAGGCA_008,79
GGAGGCTAAGAGCCTAGGCA_009,64
CAACTCACGTACCATCTATG_001,183
CAACTCACGTACCATCTATG_002,0
TCATTTAAGGTCATTCCAGG_001,36
TCATTTAAGGTCATTCCAGG_002,151
TCATTTAAGGTCATTCCAGG_003,112
TCATTTAAGGTCATTCCAGG_004,94
TCATTTAAGGTCATTCCAGG_005,68
TCATTTAAGGTCATTCCAGG_006,38
TCATTTAAGGTCATTCCAGG_007,22
TCATTTAAGGTCATTCCAGG_008,103
TCATTTAAGGTCATTCCAGG_009,28
TCATTTAAGGTCATTCCAGG_010,152
TCATTTAAGGTCATTCCAGG_011,55
CCTCTAGTTCCTCGTAGCGG_001,168
ACCTGTATGACGAAACCGTG_001,162
ACCTGTATGACGAAACCGTG_002,84
ACCTGTATGACGAAACCGTG_003,129
ACCTGTATGACGAAACCGTG_004,23
ACCTGTATGACGAAACCGTG_005,182
ACCTGTATGACGAAACCGTG_006,66
ACCTGTATGACGAAACCGTG_007,150
ACCTGTATGACGAAACCGTG_008,127
ACCTGTATGACGAAACCGTG_009,29
ACCTGTATGACGAAACCGTG_010,171
ACCTGTATGACGAAACCGTG_011,172
ACCTGTATGACGAAACCGTG_012,130
ACCTGTATGACGAAACCGTG_013,72
ACCTGTATGACGAAACCGTG_014,54
ACCTGTATGACGAAACCGTG_015,10
ACCTGTATGACGAAACCGTG_016,37
ACCTGTATGACGAAACCGTG_017,55
ACCTGTATGACGAAACCGTG_018,27
GATTCTTATAAAGCTCACCA_001,154
GATTCTTATAAAGCTCACCA_002,129
GATTCTTATAAAGCTCACCA_003,69
GATTCTTATAAAGCTCACCA_004,175
GATTCTTATAAAGCTCACCA_005,12
GATTCTTATAAAGCTCACCA_006,82
GATTCTTATAAAGCTCACCA_007,32
GGAAAAGCCAGAAGGTCTCG_001,82
GGAAAAGCCAGAAGGTCTCG_002,52
GGAAAAGCCAGAAGGTCTCG_003,180
GGAAAAGCCAGAAGGTCTCG_004,172
GGAAAAGCCAGAAGGTCTCG_005,132
GGAAAAGCCAGAAGGTCTCG_006,8
GGAAAAGCCAGAAGGTCTCG_007,71
GGAAAAGCCAGAAGGTCTCG_008,136
GGAAAAGCCAGAAGGTCTCG_009,61
CTTCTCTACGGCCTTAGGAG_001,178
CTTCTCTACGGCCTTAGGAG_002,182
GTTACCGAATTCAAACACCC_001,58
GTTACCGAATTCAAACACCC_002,1
TCCGAGGCTTACCTGCGTAG_001,159
TCCGAGGCTTACCTGCGTAG_002,39
TCCGAGGCTTACCTGCGTAG_003,184
GGTGACAGAATACCCTTTGA_001,27
GGTGACAGAATACCCTTTGA_002,114
GGTGACAGAATACCCTTTGA_003,6
GGTGACAGAATACCCTTTGA_004,124
GGCCCTTTGCCTAACACATG_001,102
GGCCCTTTGCCTAACACATG_002,80
GGCCCTTTGCCTAACACATG_003,80
GGCCCTTTGCCTAACACATG_004,46
GGCCCTTTGCCTAACACATG_005,94
GGCCCTTTGCCTAACACATG_006,144
GGCCCTTTGCCTAACACATG_007,45
GGCCCTTTGCCTAACACATG_008,18
GGCCCTTTGCCTAACACATG_009,69
GGCCCTTTGCCTAACACATG_010,67
ATGCTACACGTCGACCGCCA_001,121
ATGCTACACGTCGACCGCCA_002,67
ATGCTACACGTCGACCGCCA_003,115
ATGCTACACGTCGACCGCCA_004,105
ATGCTACACGTCGACCGCCA_005,57
ATGCTACACGTCGACCGCCA_006,19
ATGCTACACGTCGACCGCCA_007,28
ATGCTACACGTCGACCGCCA_008,62
ATGCTACACGTCGACCGCCA_009,61
ATGCTACACGTCGACCGCCA_010,138
ACGATCCGACACGCTAATCA_001,74
ACGATCCGACACGCTAATCA_002,152
ACGATCCGACACGCTAATCA_003,169
ACGATCCGACACGCTAATCA_004,89
ACGATCCGACACGCTAATCA_005,82
ACGATCCGACACGCTAATCA_006,14
ACGATCCGACACGCTAATCA_007,173
ACGATCCGACACGCTAATCA_008,105
ACGATCCGACACGCTAATCA_009,182
ACGATCCGACACGCTAATCA_010,178
ACGATCCGACACGCTAATCA_011,3
ACGATCCGACACGCTAATCA_012,123
CCTGGAAAGCCGCCCCTGAG_001,30
CCTGGAAAGCCGCCCCTGAG_002,48
CCTGGAAAGCCGCCCCTGAG_003,13
CCTGGAAAGCCGCCCCTGAG_004,125
CCTGGAAAGCCGCCCCTGAG_005,99
CCTGGAAAGCCGCCCCTGAG_006,70
CCTGGAAAGCCGCCCCTGAG_007,174
CCTGGAAAGCCGCCCCTGAG_008,26
CCTGGAAAGCCGCCCCTGAG_009,48
CCTGGAAAGCCGCCCCTGAG_010,91
CCTGGAAAGCCGCCCCTGAG_011,125
CCTGGAAAGCCGCCCCTGAG_012,144
CCTGGAAAGCCGCCCCTGAG_013,170
CCTGGAAAGCCGCCCCTGAG_014,34
CCTGGAAAGCCGCCCCTGAG_015,126
CCTGGAAAGCCGCCCCTGAG_016,147
CCTGGAAAGCCGCCCCTGAG_017,56
CCTGGAAAGCCGCCCCTGAG_018,128
CCTGGAAAGCCGCCCCTGAG_019,10
CCTGGAAAGCCGCCCCTGAG_020,106
CCTGGAAAGCCGCCCCTGAG_021,112
CCTGGAAAGCCGCCCCTGAG_022,134
CCTGGAAAGCCGCCCCTGAG_023,166
AAATTATTCTCATCACGATA_001,100
AAATTATTCTCATCACGATA_002,75
AAATTATTCTCATCACGATA_003,25
AAATTATTCTCATCACGATA_004,30
AAATTATTCTCATCACGATA_005,88
AAATTATTCTCATCACGATA_006,98
AAATTATTCTCATCACGATA_007,40
ATGTCTTCGAAGCTTACTAG_001,76
ATGTCTTCGAAGCTTACTAG_002,190
ATGTCTTCGAAGCTTACTAG_003,12
ATGTCTTCGAAGCTTACTAG_004,31
ATGTCTTCGAAGCTTACTAG_005,104
GAAACTGAACAGAAAAGACT_001,153
GGAAGTGCTAGTCGAAAACC_001,27
GGAAGTGCTAGTCGAAAACC_002,156
GGAAGTGCTAGTCGAAAACC_003,80
GGAAGTGCTAGTCGAAAACC_004,6
GGAAGTGCTAGTCGAAAACC_005,127
GGAAGTGCTAGTCGAAAACC_006,50
GGAAGTGCTAGTCGAAAACC_007,198
GACGTGATCGCAGAGCCTGT_001,170
GACGTGATCGCAGAGCCTGT_002,7
GACGTGATCGCAGAGCCTGT_003,2
GACGTGATCGCAGAGCCTGT_004,107
GACGTGATCGCAGAGCCTGT_005,167
GACGTGATCGCAGAGCCTGT_006,149
GACGTGATCGCAGAGCCTGT_007,128
GACGTGATCGCAGAGCCTGT_008,45
GACGTGATCGCAGAGCCTGT_009,198
GACGTGATCGCAGAGCCTGT_010,194
GACGTGATCGCAGAGCCTGT_011,199
GACGTGATCGCAGAGCCTGT_012,53
GACGTGATCGCAGAGCCTGT_013,152
GACGTGATCGCAGAGCCTGT_014,166
GACGTGATCGCAGAGCCTGT_015,3
GACGTGATCGCAGAGCCTGT_016,56
GACGTGATCGCAGAGCCTGT_017,121
GACGTGATCGCAGAGCCTGT_018,168
GAACTCCCTATAGTGGTCAA_001,3
GAACTCCCTATAGTGGTCAA_002,48
GAACTCCCTATAGTGGTCAA_003,105
GAACTCCCTATAGTGGTCAA_004,139
GAACTCCCTATAGTGGTCAA_005,137
GAACTCCCTATAGTGGTCAA_006,27
GAACTCCCTATAGTGGTCAA_007,75
GAACTCCCTATAGTGGTCAA_008,174
GAACTCCCTATAGTGGTCAA_009,95
GAACTCCCTATAGTGGTCAA_010,107
GAACTCCCTATAGTGGTCAA_011,161
GAACTCCCTATAGTGGTCAA_012,47
TGTTGCCTTTAGGACCACTG_001,137
TGTTGCCTTTAGGACCACTG_002,56
TGTTGCCTTTAGGACCACTG_003,50
TGTTGCCTTTAGGACCACTG_004,103
TGTTGCCTTTAGGACCACTG_005,11
TGTTGCCTTTAGGACCACTG_006,137
TGTTGCCTTTAGGACCACTG_007,93
TGTTGCCTTTAGGACCACTG_008,175
TGTTGCCTTTAGGACCACTG_009,129
TGTTGCCTTTAGGACCACTG_010,88
TGTTGCCTTTAGGACCACTG_011,6
TGTTGCCTTTAGGACCACTG_012,49
TGTTGCCTTTAGGACCACTG_013,57
TGTTGCCTTTAGGACCACTG_014,117
AGAGACTATCATTGATACGA_001,178
TGGACTGTCTCACAGACAAG_001,152
TGGACTGTCTCACAGACAAG_002,145
TGGCATGAAGTAAACTGTGT_001,106
TGGCATGAAGTAAACTGTGT_002,108
TGGCATGAAGTAAACTGTGT_003,125
TGGCATGAAGTAAACTGTGT_004,169
TGGCATGAAGTAAACTGTGT_005,15
TGGCATGAAGTAAACTGTGT_006,17
TGGCATGAAGTAAACTGTGT_007,0
TGGCATGAAGTAAACTGTGT_008,137
TGGCATGAAGTAAACTGTGT_009,23
TCTTCCGGTAGGATTCCACC_001,72
TCTTCCGGTAGGATTCCACC_002,17
CAAGCCGAAAATCTGTAGCG_001,166
CAAGCCGAAAATCTGTAGCG_002,191
CAAGCCGAAAATCTGTAGCG_003,102
CAAGCCGAAAATCTGTAGCG_004,32
CAAGCCGAAAATCTGTAGCG_005,23
CAAGCCGAAAATCTGTAGCG_006,194
CAAGCCGAAAATCTGTAGCG_007,1
CAAGCCGAAAATCTGTAGCG_008,81
CAAGCCGAAAATCTGTAGCG_009,15
CAAGCCGAAAATCTGTAGCG_010,117
CAAGCCGAAAATCTGTAGCG_011,190
CAAGCCGAAAATCTGTAGCG_012,151
CAAGCCGAAAATCTGTAGCG_013,95
CAAGCCGAAAATCTGTAGCG_014,122
CAAGCCGAAAATCTGTAGCG_015,106
CAAGCCGAAAATCTGTAGCG_016,146
CAAGCCGAAAATCTGTAGCG_017,78
CAAGCCGAAAATCTGTAGCG_018,78
CAGCAGTCGTGATCCTTCGG_001,68
CAGCAGTCGTGATCCTTCGG_002,64
CAGCAGTCGTGATCCTTCGG_003,118
CAGCAGTCGTGATCCTTCGG_004,188
CAGCAGTCGTGATCCTTCGG_005,119
CAGCAGTCGTGATCCTTCGG_006,166
CCGCAGTACAAGAACTGGAG_001,13
CCGCAGTACAAGAACTGGAG_002,9
CCGCAGTACAAGAACTGGAG_003,48
CCGCAGTACAAGAACTGGAG_004,28
CCGCAGTACAAGAACTGGAG_005,197
CCGCAGTACAAGAACTGGAG_006,33
CCGCAGTACAAGAACTGGAG_007,117
CCGCAGTACAAGAACTGGAG_008,43
CCGCAGTACAAGAACTGGAG_009,86
CCGCAGTACAAGAACTGGAG_010,14
CCGCAGTACAAGAACTGGAG_011,23
CCGCAGTACAAGAACTGGAG_012,130
CCGCAGTACAAGAACTGGAG_013,124
CCGCAGTACAAGAACTGGAG_014,74
CCGCAGTACAAGAACTGGAG_015,50
CCGCAGTACAAGAACTGGAG_016,89
CCGCAGTACAAGAACTGGAG_017,124
CCGCAGTACAAGAACTGGAG_018,124
CCGCAGTACAAGAACTGGAG_019,142
CCGCAGTACAAGAACTGGAG_020,135
ATTTAGACTCAACAAGTGCA_001,102
ATTTAGACTCAACAAGTGCA_002,78
ATTTAGACTCAACAAGTGCA_003,148
ATTTAGACTCAACAAGTGCA_004,113
ATTTAGACTCAACAAGTGCA_005,101
ATTTAGACTCAACAAGTGCA_006,99
ATTTAGACTCAACAAGTGCA_007,17
ATTTAGACTCAACAAGTGCA_008,144
ATTTAGACTCAACAAGTGCA_009,46
ATTTAGACTCAACAAGTGCA_010,174
ATTTAGACTCAACAAGTGCA_011,16
ATTTAGACTCAACAAGTGCA_012,36
ATTTAGACTCAACAAGTGCA_013,129
ATTTAGACTCAACAAGTGCA_014,58
AGACACAGTGCAGATTAGGC_001,60
AGACACAGTGCAGATTAGGC_002,131
AGACACAGTGCAGATTAGGC_003,41
AGACACAGTGCAGATTAGGC_004,52
AGACACAGTGCAGATTAGGC_005,184
AGACACAGTGCAGATTAGGC_006,179
AGACACAGTGCAGATTAGGC_007,142
AGACACAGTGCAGATTAGGC_008,176
AGACACAGTGCAGATTAGGC_009,94
AGACACAGTGCAGATTAGGC_010,74
AGACACAGTGCAGATTAGGC_011,19
AGACACAGTGCAGATTAGGC_012,40
AGACACAGTGCAGATTAGGC_013,88
AGACACAGTGCAGATTAGGC_014,10
AGACACAGTGCAGATTAGGC_015,77
AGACACAGTGCAGATTAGGC_016,29
AGACACAGTGCAGATTAGGC_017,40
AGACACAGTGCAGATTAGGC_018,128
AGACACAGTGCAGATTAGGC_019,37
CATCCCGGGCGGGCTCAACG_001,128
CATCCCGGGCGGGCTCAACG_002,102
CATCCCGGGCGGGCTCAACG_003,115
CATCCCGGGCGGGCTCAACG_004,148
CATCCCGGGCGGGCTCAACG_005,149
CATCCCGGGCGGGCTCAACG_006,199
CATCCCGGGCGGGCTCAACG_007,48
CATCCCGGGCGGGCTCAACG_008,8
CATCCCGGGCGGGCTCAACG_009,127
CATCCCGGGCGGGCTCAACG_010,52
CATCCCGGGCGGGCTCAACG_011,190
CATCCCGGGCGGGCTCAACG_012,5
CATCCCGGGCGGGCTCAACG_013,94
CATCCCGGGCGGGCTCAACG_014,178
CATCCCGGGCGGGCTCAACG_015,25
CATCCCGGGCGGGCTCAACG_016,82
CATCCCGGGCGGGCTCAACG_017,29
CATCCCGGGCGGGCTCAACG_018,177
CATCCCGGGCGGGCTCAACG_019,190
TACAATGCACAGGTTCACGT_001,178
TACAATGCACAGGTTCACGT_002,127
TACAATGCACAGGTTCACGT_003,20
TACAATGCACAGGTTCACGT_004,186
TACAATGCACAGGTTCACGT_005,76
TACAATGCACAGGTTCACGT_006,5
TACAATGCACAGGTTCACGT_007,0
TACAATGCACAGGTTCACGT_008,116
TACAATGCACAGGTTCACGT_009,48
TACAATGCACAGGTTCACGT_010,166
TACAATGCACAGGTTCACGT_011,165
TACAATGCACAGGTTCACGT_012,119
TACAATGCACAGGTTCACGT_013,178
AAAAAAAATCCGGACAATGG_001,6
AAAAAAAATCCGGACAATGG_002,116
AAAAAAAATCCGGACAATGG_003,105
AAAAAAAATCCGGACAATGG_004,105
AAAAAAAATCCGGACAATGG_005,85
AAGACATGAAAGAATCCACA_001,169
AAGACATGAAAGAATCCACA_002,154
AAGACATGAAAGAATCCACA_003,117
AAGACATGAAAGAATCCACA_004,32
AAGACATGAAAGAATCCACA_005,169
AAGACATGAAAGAATCCACA_006,149
AAGACATGAAAGAATCCACA_007,155
AAGACATGAAAGAATCCACA_008,196
AAGACATGAAAGAATCCACA_009,175
AAGACATGAAAGAATCCACA_010,108
CTTCACATCGCCTGACTCTG_001,70
CTTCACATCGCCTGACTCTG_002,94
CTTCACATCGCCTGACTCTG_003,151
CTTCACATCGCCTGACTCTG_004,44
CTTCACATCGCCTGACTCTG_005,170
CTTCACATCGCCTGACTCTG_006,69
CTTCACATCGCCTGACTCTG_007,76
CTTCACATCGCCTGACTCTG_008,153
CTTCACATCGCCTGACTCTG_009,48
CTTCACATCGCCTGACTCTG_010,116
CTTCACATCGCCTGACTCTG_011,169
CTTCACATCGCCTGACTCTG_012,171
CTTCACATCGCCTGACTCTG_013,163
CTTCACATCGCCTGACTCTG_014,29
CTTCACATCGCCTGACTCTG_015,194
CTTCACATCGCCTGACTCTG_016,137
CTTCACATCGCCTGACTCTG_017,29
CTTCACATCGCCTGACTCTG_018,138
CTTCACATCGCCTGACTCTG_019,137
CTTCACATCGCCTGACTCTG_020,61
CTTCACATCGCCTGACTCTG_021,165
CTTCACATCGCCTGACTCTG_022,147
CTTCACATCGCCTGACTCTG_023,96
CTTCACATCGCCTGACTCTG_024,98
CTTCACATCGCCTGACTCTG_025,95
CTTCACATCGCCTGACTCTG_026,58
CTTCACATCGCCTGACTCTG_027,146
CTTCACATCGCCTGACTCTG_028,115
CTTCACATCGCCTGACTCTG_029,63
CTTCACATCGCCTGACTCTG_030,160
CTTCACATCGCCTGACTCTG_031,170
CTTCACATCGCCTGACTCTG_032,7
CTTCACATCGCCTGACTCTG_033,23
CTTCACATCGCCTGACTCTG_034,23
CTTCACATCGCCTGACTCTG_035,15
CTTCACATCGCCTGACTCTG_036,127
CTTCACATCGCCTGACTCTG_037,76
AAAGGATTCTGTTGTAACTC_001,139
AAAGGATTCTGTTGTAACTC_002,169
AAAGGATTCTGTTGTAACTC_003,169
AAAGGATTCTGTTGTAACTC_004,107
GAACGAGACTTCTTTCTTCG_001,162
GAACGAGACTTCTTTCTTCG_002,48
GAACGAGACTTCTTTCTTCG_003,48
GAACGAGACTTCTTTCTTCG_004,3
GAACGAGACTTCTTTCTTCG_005,104
GAACGAGACTTCTTTCTTCG_006,111
GAACGAGACTTCTTTCTTCG_007,130
GAACGAGACTTCTTTCTTCG_008,168
CAGCTATGATCACTACAGCA_001,88
CAGCTATGATCACTACAGCA_002,134
CAGCTATGATCACTACAGCA_003,142
CAGCTATGATCACTACAGCA_004,168
CAGCTATGATCACTACAGCA_005,159
CAGCTATGATCACTACAGCA_006,147
CAGCTATGATCACTACAGCA_007,101
CAGCTATGATCACTACAGCA_008,45
CAGCTATGATCACTACAGCA_009,56
GAAGTCCTACCTGTTCGACG_001,43
GAAGTCCTACCTGTTCGACG_002,29
GAAGTCCTACCTGTTCGACG_003,150
GAAGTCCTACCTGTTCGACG_004,130
GAAGTCCTACCTGTTCGACG_005,102
GAAGTCCTACCTGTTCGACG_006,151
GAAGTCCTACCTGTTCGACG_007,195
GAAGTCCTACCTGTTCGACG_008,120
GAAGTCCTACCTGTTCGACG_009,122
GAAGTCCTACCTGTTCGACG_010,134
GAAGTCCTACCTGTTCGACG_011,66
GAAGTCCTACCTGTTCGACG_012,162
GAAGTCCTACCTGTTCGACG_013,168
GAAGTCCTACCTGTTCGACG_014,104
GAAGTCCTACCTGTTCGACG_015,122
CTCACCAGATTCCCGAAGGT_001,154
CTCACCAGATTCCCGAAGGT_002,199
CTCACCAGATTCCCGAAGGT_003,115
CTCACCAGATTCCCGAAGGT_004,98
CTCACCAGATTCCCGAAGGT_005,105
CTCACCAGATTCCCGAAGGT_006,193
CTCACCAGATTCCCGAAGGT_007,178
AAAACACATCCTGCTCTAGG_001,16
GGCACAGGAACTCAGACTGT_001,88
GGCACAGGAACTCAGACTGT_002,8
GGCACAGGAACTCAGACTGT_003,27
GGCACAGGAACTCAGACTGT_004,107
GGCACAGGAACTCAGACTGT_005,78
GGCACAGGAACTCAGACTGT_006,27
GGCACAGGAACTCAGACTGT_007,124
GGCACAGGAACTCAGACTGT_008,33
GGCACAGGAACTCAGACTGT_009,67
GGCACAGGAACTCAGACTGT_010,78
GGCACAGGAACTCAGACTGT_011,41
GGCACAGGAACTCAGACTGT_012,183
GGCACAGGAACTCAGACTGT_013,114
GGCACAGGAACTCAGACTGT_014,180
GGCACAGGAACTCAGACTGT_015,165
GGCACAGGAACTCAGACTGT_016,10
GGCACAGGAACTCAGACTGT_017,69
GGCACAGGAACTCAGACTGT_018,100
GGCACAGGAACTCAGACTGT_019,47
GGCACAGGAACTCAGACTGT_020,178
GGCACAGGAACTCAGACTGT_021,102
GGCACAGGAACTCAGACTGT_022,9
AAGCAGACAAAGCGGTCCAA_001,169
AAGCAGACAAAGCGGTCCAA_002,127
AAGCAGACAAAGCGGTCCAA_003,38
AAGCAGACAAAGCGGTCCAA_004,150
AAGCAGACAAAGCGGTCCAA_005,178
AAGCAGACAAAGCGGTCCAA_006,198
AAGCAGACAAAGCGGTCCAA_007,37
AAGCAGACAAAGCGGTCCAA_008,165
AAGCAGACAAAGCGGTCCAA_009,106
AAGCAGACAAAGCGGTCCAA_010,198
AAGCAGACAAAGCGGTCCAA_011,41
AAGCAGACAAAGCGGTCCAA_012,76
AAGCAGACAAAGCGGTCCAA_013,192
AAGCAGACAAAGCGGTCCAA_014,90
AAGCAGACAAAGCGGTCCAA_015,188
AAGCAGACAAAGCGGTCCAA_016,38
AAGCAGACAAAGCGGTCCAA_017,55
AAGCAGACAAAGCGGTCCAA_018,94
AAGCAGACAAAGCGGTCCAA_019,105
AAGCAGACAAAGCGGTCCAA_020,117
AAGCAGACAAAGCGGTCCAA_021,89
AATTGGATATCCATCCCGGC_001,114
GAGACTGAAAGATTACCTCA_001,138
GAGACTGAAAGATTACCTCA_002,142
GAGACTGAAAGATTACCTCA_003,15
GAGACTGAAAGATTACCTCA_004,57
GAGACTGAAAGATTACCTCA_005,50
GAGACTGAAAGATTACCTCA_006,160
GAGACTGAAAGATTACCTCA_007,89
GAGACTGAAAGATTACCTCA_008,6
AATCATCGGACGACCAGTTG_001,8
AATCATCGGACGACCAGTTG_002,154
AATCATCGGACGACCAGTTG_003,130
AATCATCGGACGACCAGTTG_004,177
GAAGTCCTGGTGGAACCACG_001,119
GAAGTCCTGGTGGAACCACG_002,127
GAAGTCCTGGTGGAACCACG_003,18
GAAGTCCTGGTGGAACCACG_004,169
GAAGTCCTGGTGGAACCACG_005,138
GAAGTCCTGGTGGAACCACG_006,188
GAAGTCCTGGTGGAACCACG_007,166
GAAGTCCTGGTGGAACCACG_008,171
GAAGTCCTGGTGGAACCACG_009,100
GAAGTCCTGGTGGAACCACG_010,30
GAAGTCCTGGTGGAACCACG_011,83
GAAGTCCTGGTGGAACCACG_012,186
GAAGTCCTGGTGGAACCACG_013,169
GAAGTCCTGGTGGAACCACG_014,150
GAAGTCCTGGTGGAACCACG_015,148
GAAGTCCTGGTGGAACCACG_016,199
GAAGTCCTGGTGGAACCACG_017,54
GAAGTCCTGGTGGAACCACG_018,150
GAAGTCCTGGTGGAACCACG_019,126
GAAGTCCTGGTGGAACCACG_020,16
GAAGTCCTGGTGGAACCACG_021,172
GAAGTCCTGGTGGAACCACG_022,103
GAAGTCCTGGTGGAACCACG_023,183
GAAGTCCTGGTGGAACCACG_024,16
GAAGTCCTGGTGGAACCACG_025,132
GAAGTCCTGGTGGAACCACG_026,103
GAAGTCCTGGTGGAACCACG_027,48
GAAGTCCTGGTGGAACCACG_028,6
GAAGTCCTGGTGGAACCACG_029,6
GAAGTCCTGGTGGAACCACG_030,77
GAAGTCCTGGTGGAACCACG_031,79
GAAGTCCTGGTGGAACCACG_032,77
GAAGTCCTGGTGGAACCACG_033,184
GAAGTCCTGGTGGAACCACG_034,160
GAAGTCCTGGTGGAACCACG_035,142
GAAGTCCTGGTGGAACCACG_036,17
AGCAGCGATGAGGAACTGAG_001,155
AGCAGCGATGAGGAACTGAG_002,82
AGCAGCGATGAGGAACTGAG_003,127
AGCAGCGATGAGGAACTGAG_004,16
AGCAGCGATGAGGAACTGAG_005,11
AGCAGCGATGAGGAACTGAG_006,11
AGCAGCGATGAGGAACTGAG_007,176
AGCAGCGATGAGGAACTGAG_008,160
AGCAGCGATGAGGAACTGAG_009,42
AGCAGCGATGAGGAACTGAG_010,111
AGCAGCGATGAGGAACTGAG_011,113
AGCAGCGATGAGGAACTGAG_012,134
AGCAGCGATGAGGAACTGAG_013,100
AGCAGCGATGAGGAACTGAG_014,2
AGCAGCGATGAGGAACTGAG_015,10
AGCAGCGATGAGGAACTGAG_016,188
AGCAGCGATGAGGAACTGAG_017,169
AGCAGCGATGAGGAACTGAG_018,81
AGCAGCGATGAGGAACTGAG_019,62
AGCAGCGATGAGGAACTGAG_020,170
AGCAGCGATGAGGAACTGAG_021,28
AGCAGCGATGAGGAACTGAG_022,14
AGCAGCGATGAGGAACTGAG_023,17
AGCAGCGATGAGGAACTGAG_024,147
AGCAGCGATGAGGAACTGAG_025,58
AGCAGCGATGAGGAACTGAG_026,31
AGCAGCGATGAGGAACTGAG_027,139
AGCAGCGATGAGGAACTGAG_028,24
AGCAGCGATGAGGAACTGAG_029,184
AGCAGCGATGAGGAACTGAG_030,184
AGCAGCGATGAGGAACTGAG_031,176
AGCAGCGATGAGGAACTGAG_032,10
AGCAGCGATGAGGAACTGAG_033,166
AGCAGCGATGAGGAACTGAG_034,48
AGCAGCGATGAGGAACTGAG_035,166
AGCAGCGATGAGGAACTGAG_036,127
AGCAGCGATGAGGAACTGAG_037,68
AGCAGCGATGAGGAACTGAG_038,115
AGCAGCGATGAGGAACTGAG_039,180
AGCAGCGATGAGGAACTGAG_040,121
ATTTGTTTCAGGTTAGGAGT_001,151
ATTTGTTTCAGGTTAGGAGT_002,126
ATTTGTTTCAGGTTAGGAGT_003,60
ATTTGTTTCAGGTTAGGAGT_004,165
ATTTGTTTCAGGTTAGGAGT_005,175
ATTTGTTTCAGGTTAGGAGT_006,116
CCAGTCGACACCCATCATTG_001,87
CCAGTCGACACCCATCATTG_002,80
AGAAACTGCCAACACACTGA_001,85
AGAAACTGCCAACACACTGA_002,113
AGAAACTGCCAACACACTGA_003,61
AGAAACTGCCAACACACTGA_004,130
ATAGTGGACACAGCTTCGAT_001,141
ATAGTGGACACAGCTTCGAT_002,150
ATAGTGGACACAGCTTCGAT_003,48
ATAGTGGACACAGCTTCGAT_004,43
ATAGTGGACACAGCTTCGAT_005,94
ATTATATGGATCCACTCCAA_001,12
ATTATATGGATCCACTCCAA_002,88
ATTATATGGATCCACTCCAA_003,19
ATTATATGGATCCACTCCAA_004,92
ATTATATGGATCCACTCCAA_005,101
ATTATATGGATCCACTCCAA_006,116
CAGGTGCGCCAGGTGTAAAG_001,144
CAGGTGCGCCAGGTGTAAAG_002,22
CAGGTGCGCCAGGTGTAAAG_003,48
CAGGTGCGCCAGGTGTAAAG_004,127
CAGGTGCGCCAGGTGTAAAG_005,108
CAGGTGCGCCAGGTGTAAAG_006,1
AGGTCATGCCTGCCCCGACG_001,154
AGGTCATGCCTGCCCCGACG_002,122
AGGTCATGCCTGCCCCGACG_003,199
AGGTCATGCCTGCCCCGACG_004,147
AGGTCATGCCTGCCCCGACG_005,46
AGGTCATGCCTGCCCCGACG_006,78
AGGTCATGCCTGCCCCGACG_007,16
AAGCGCATTAAGAAGTGCTG_001,43
AAGCGCATTAAGAAGTGCTG_002,156
AAGCGCATTAAGAAGTGCTG_003,56
AAGCGCATTAAGAAGTGCTG_004,198
AAGCGCATTAAGAAGTGCTG_005,155
AAGCGCATTAAGAAGTGCTG_006,88
AAGCGCATTAAGAAGTGCTG_007,133
AAGCGCATTAAGAAGTGCTG_008,74
AAGCGCATTAAGAAGTGCTG_009,148
AAGCGCATTAAGAAGTGCTG_010,115
AAGCGCATTAAGAAGTGCTG_011,181
AAGCGCATTAAGAAGTGCTG_012,191
AAGCGCATTAAGAAGTGCTG_013,170
AAGCGCATTAAGAAGTGCTG_014,70
AAGCGCATTAAGAAGTGCTG_015,26
AAGCGCATTAAGAAGTGCTG_016,166
AAGCGCATTAAGAAGTGCTG_017,41
AAGCGCATTAAGAAGTGCTG_018,191
AAGCGCATTAAGAAGTGCTG_019,3
AAGCGCATTAAGAAGTGCTG_020,39
ATAACAATCAAAATAAACCA_001,105
ATAACAATCAAAATAAACCA_002,17
ATAACAATCAAAATAAACCA_003,193
ATAACAATCAAAATAAACCA_004,172
AATTCATATTGAGAGAGATG_001,8
GTTCGCCGACTTGCGCTCGG_001,42
GTTCGCCGACTTGCGCTCGG_002,147
GTTCGCCGACTTGCGCTCGG_003,149
GTTCGCCGACTTGCGCTCGG_004,170
GTTCGCCGACTTGCGCTCGG_005,36
GTTCGCCGACTTGCGCTCGG_006,83
GTTCGCCGACTTGCGCTCGG_007,183
GTTCGCCGACTTGCGCTCGG_008,125
GTTCGCCGACTTGCGCTCGG_009,29
GTTCGCCGACTTGCGCTCGG_010,23
GTTCGCCGACTTGCGCTCGG_011,194
GTTCGCCGACTTGCGCTCGG_012,69
GTTCGCCGACTTGCGCTCGG_013,148
GTTCGCCGACTTGCGCTCGG_014,88
GTTCGCCGACTTGCGCTCGG_015,162
GTTCGCCGACTTGCGCTCGG_016,189
GTTCGCCGACTTGCGCTCGG_017,30
GTTCGCCGACTTGCGCTCGG_018,165
GTTCGCCGACTTGCGCTCGG_019,134
GTTCGCCGACTTGCGCTCGG_020,20
GTTCGCCGACTTGCGCTCGG_021,152
GTTCGCCGACTTGCGCTCGG_022,57
CCAACCCATCACCTTCCATG_001,58
CCAACCCATCACCTTCCATG_002,135
CCAACCCATCACCTTCCATG_003,123
CCAACCCATCACCTTCCATG_004,1
CCAACCCATCACCTTCCATG_005,1
CCAACCCATCACCTTCCATG_006,123
CCTTGATGGGTGCTTTGACA_001,167
CCTTGATGGGTGCTTTGACA_002,15
CCAGCTGGCCAAGACCACCC_001,96
CCAGCTGGCCAAGACCACCC_002,77
CCAGCTGGCCAAGACCACCC_003,104
CCAGCTGGCCAAGACCACCC_004,124
CCAGCTGGCCAAGACCACCC_005,37
TGGGCCGCCTACGACCGGAA_001,41
TGGGCCGCCTACGACCGGAA_002,17
TGGGCCGCCTACGACCGGAA_003,113
TGGGCCGCCTACGACCGGAA_004,96
TGGGCCGCCTACGACCGGAA_005,113
TGGGCCGCCTACGACCGGAA_006,113
TGGGCCGCCTACGACCGGAA_007,9
TGGGCCGCCTACGACCGGAA_008,158
TGGGCCGCCTACGACCGGAA_009,112
TGGGCCGCCTACGACCGGAA_010,162
TGGGCCGCCTACGACCGGAA_011,188
TGGGCCGCCTACGACCGGAA_012,177
TGGGCCGCCTACGACCGGAA_013,139
TGGGCCGCCTACGACCGGAA_014,166
TGGGCCGCCTACGACCGGAA_015,94
TGGGCCGCCTACGACCGGAA_016,115
TGGGCCGCCTACGACCGGAA_017,66
TGGGCCGCCTACGACCGGAA_018,162
TGGGCCGCCTACGACCGGAA_019,9
TGGGCCGCCTACGACCGGAA_020,134
TGGGCCGCCTACGACCGGAA_021,10
TGGGCCGCCTACGACCGGAA_022,62
TGGGCCGCCTACGACCGGAA_023,94
TGGGCCGCCTACGACCGGAA_024,29
TGGGCCGCCTACGACCGGAA_025,38
TGGGCCGCCTACGACCGGAA_026,111
TGGGCCGCCTACGACCGGAA_027,43
CATGGTGGTCTTCCTTATTG_001,16
CATGGTGGTCTTCCTTATTG_002,160
CATGGTGGTCTTCCTTATTG_003,114
CATGGTGGTCTTCCTTATTG_004,17
CGATCGCAAAGACACACTGG_001,83
CGATCGCAAAGACACACTGG_002,105
CGATCGCAAAGACACACTGG_003,35
CGATCGCAAAGACACACTGG_004,38
CGATCGCAAAGACACACTGG_005,111
CGATCGCAAAGACACACTGG_006,92
CGATCGCAAAGACACACTGG_007,177
CGATCGCAAAGACACACTGG_008,67
CGATCGCAAAGACACACTGG_009,110
CGATCGCAAAGACACACTGG_010,141
CGATCGCAAAGACACACTGG_011,38
CGATCGCAAAGACACACTGG_012,51
CGATCGCAAAGACACACTGG_013,108
CGATCGCAAAGACACACTGG_014,162
CGATCGCAAAGACACACTGG_015,82
CGATCGCAAAGACACACTGG_016,62
CGATCGCAAAGACACACTGG_017,15
CGATCGCAAAGACACACTGG_018,182
CGATCGCAAAGACACACTGG_019,56
GCTAAGGAAACTCATCTCCG_001,19
GCTAAGGAAACTCATCTCCG_002,68
GCTGTTCTACTACGCCCAGA_001,178
GCTGTTCTACTACGCCCAGA_002,64
GCTGTTCTACTACGCCCAGA_003,135
GCTGTTCTACTACGCCCAGA_004,47
GCTGTTCTACTACGCCCAGA_005,82
TCAATGTGATAGATAACACC_001,62
TCAATGTGATAGATAACACC_002,149
TCAATGTGATAGATAACACC_003,186
TCAATGTGATAGATAACACC_004,107
TGACATGTTGTACAAGATCG_001,1
TGACATGTTGTACAAGATCG_002,41
TGACATGTTGTACAAGATCG_003,116
TGACATGTTGTACAAGATCG_004,169
TGGGCAGTGACAAACCCATG_001,73
TGGGCAGTGACAAACCCATG_002,34
TGGGCAGTGACAAACCCATG_003,167
TGGGCAGTGACAAACCCATG_004,167
AACTTACCTTTAAAAGACTA_001,177
AACTTACCTTTAAAAGACTA_002,177
AACTTACCTTTAAAAGACTA_003,75
AACTTACCTTTAAAAGACTA_004,11
AACTTACCTTTAAAAGACTA_005,82
AACTTACCTTTAAAAGACTA_006,82
AACTTACCTTTAAAAGACTA_007,13
AACTTACCTTTAAAAGACTA_008,12
AACTTACCTTTAAAAGACTA_009,71
AACTTACCTTTAAAAGACTA_010,49
AACTTACCTTTAAAAGACTA_011,106
AACTTACCTTTAAAAGACTA_012,11
AACTTACCTTTAAAAGACTA_013,48
CCCATCGGAGGACTCAAGGT_001,29
CCCATCGGAGGACTCAAGGT_002,179
CCCATCGGAGGACTCAAGGT_003,141
CCCATCGGAGGACTCAAGGT_004,162
CCCATCGGAGGACTCAAGGT_005,192
CCCATCGGAGGACTCAAGGT_006,183
AGAACCAGAGAGTGGCTCGG_001,134
AGAACCAGAGAGTGGCTCGG_002,88
AGAACCAGAGAGTGGCTCGG_003,41
AGAACCAGAGAGTGGCTCGG_004,8
AGAACCAGAGAGTGGCTCGG_005,77
AGAACCAGAGAGTGGCTCGG_006,68
AGAACCAGAGAGTGGCTCGG_007,137
AGAACCAGAGAGTGGCTCGG_008,81
AGAACCAGAGAGTGGCTCGG_009,66
AGAACCAGAGAGTGGCTCGG_010,157
AGAACCAGAGAGTGGCTCGG_011,8
AGAACCAGAGAGTGGCTCGG_012,144
AGAACCAGAGAGTGGCTCGG_013,105
GGAAATCCCCAAGTCCCGCG_001,188
GGAAATCCCCAAGTCCCGCG_002,93
GGAAATCCCCAAGTCCCGCG_003,154
GGAAATCCCCAAGTCCCGCG_004,159
GGAAATCCCCAAGTCCCGCG_005,48
GGAAATCCCCAAGTCCCGCG_006,102
GGAAATCCCCAAGTCCCGCG_007,21
GGAAATCCCCAAGTCCCGCG_008,81
GGAAATCCCCAAGTCCCGCG_009,56
GGAAATCCCCAAGTCCCGCG_010,182
TAAAGGAGCAGTGAACGTCG_001,146
TAAAGGAGCAGTGAACGTCG_002,12
TAAAGGAGCAGTGAACGTCG_003,1
TAAAGGAGCAGTGAACGTCG_004,159
TAAAGGAGCAGTGAACGTCG_005,159
TAAAGGAGCAGTGAACGTCG_006,35
TAAAGGAGCAGTGAACGTCG_007,169
TAAAGGAGCAGTGAACGTCG_008,62
TAAAGGAGCAGTGAACGTCG_009,185
TAAAGGAGCAGTGAACGTCG_010,150
TAAAGGAGCAGTGAACGTCG_011,105
TAAAGGAGCAGTGAACGTCG_012,104
TAAAGGAGCAGTGAACGTCG_013,115
TAAAGGAGCAGTGAACGTCG_014,124
TAAAGGAGCAGTGAACGTCG_015,163
TAAAGGAGCAGTGAACGTCG_016,23
TAAAGGAGCAGTGAACGTCG_017,87
TAAAGGAGCAGTGAACGTCG_018,48
TAAAGGAGCAGTGAACGTCG_019,47
TAAAGGAGCAGTGAACGTCG_020,6
TAAAGGAGCAGTGAACGTCG_021,4
TAAAGGAGCAGTGAACGTCG_022,126
TAAAGGAGCAGTGAACGTCG_023,141
TAAAGGAGCAGTGAACGTCG_024,131
TAAAGGAGCAGTGAACGTCG_025,77
TAAAGGAGCAGTGAACGTCG_026,142
TAAAGGAGCAGTGAACGTCG_027,10
GCTCATCCAGCACCCTACGC_001,124
GCTCATCCAGCACCCTACGC_002,98
GCTCATCCAGCACCCTACGC_003,166
GCTCATCCAGCACCCTACGC_004,156
GCTCATCCAGCACCCTACGC_005,187
GCTCATCCAGCACCCTACGC_006,32
GCTCATCCAGCACCCTACGC_007,141
GCTCATCCAGCACCCTACGC_008,146
CACTCACCAGGCAACTGGTG_001,161
CACTCACCAGGCAACTGGTG_002,47
CACTCACCAGGCAACTGGTG_003,125
CACTCACCAGGCAACTGGTG_004,35
CACTCACCAGGCAACTGGTG_005,38
CACTCACCAGGCAACTGGTG_006,12
CACTCACCAGGCAACTGGTG_007,63
CACTCACCAGGCAACTGGTG_008,156
GAGTCACATCAATGGAACCT_001,149
GAGTCACATCAATGGAACCT_002,6
GAGTCACATCAATGGAACCT_003,175
GAGTCACATCAATGGAACCT_004,194
GAGTCACATCAATGGAACCT_005,50
GAGTCACATCAATGGAACCT_006,145
GAGTCACATCAATGGAACCT_007,102
GAGTCACATCAATGGAACCT_008,147
GAGTCACATCAATGGAACCT_009,96
GAGTCACATCAATGGAACCT_010,39
GAGTCACATCAATGGAACCT_011,191
ACACTTACGACTTGTAGCAG_001,16
ACACTTACGACTTGTAGCAG_002,195
ACACTTACGACTTGTAGCAG_003,32
ACACTTACGACTTGTAGCAG_004,88
ACATGAGCCCTGGATACCAA_001,20
ACATGAGCCCTGGATACCAA_002,57
ACATGAGCCCTGGATACCAA_003,150
ACATGAGCCCTGGATACCAA_004,198
ACATGAGCCCTGGATACCAA_005,161
ACATGAGCCCTGGATACCAA_006,70
ACATGAGCCCTGGATACCAA_007,37
ACATGAGCCCTGGATACCAA_008,132
ACATGAGCCCTGGATACCAA_009,108
ACATGAGCCCTGGATACCAA_010,135
ACATGAGCCCTGGATACCAA_011,48
ACATGAGCCCTGGATACCAA_012,10
ACATGAGCCCTGGATACCAA_013,98
ACATGAGCCCTGGATACCAA_014,6
ACATGAGCCCTGGATACCAA_015,60
ACATGAGCCCTGGATACCAA_016,3
CCACATAAAATGCTGCTTGG_001,54
CCACATAAAATGCTGCTTGG_002,129
TTTGGTTAGATCACTGACTG_001,137
TTTGGTTAGATCACTGACTG_002,43
TTTGGTTAGATCACTGACTG_003,48
TTTGGTTAGATCACTGACTG_004,155
TTTGGTTAGATCACTGACTG_005,13
TTTGGTTAGATCACTGACTG_006,22
TTTGGTTAGATCACTGACTG_007,92
TTTGGTTAGATCACTGACTG_008,111
TTTGGTTAGATCACTGACTG_009,40
TTTGGTTAGATCACTGACTG_010,82
TTTGGTTAGATCACTGACTG_011,36
TTTGGTTAGATCACTGACTG_012,131
TTTGGTTAGATCACTGACTG_013,131
TTTGGTTAGATCACTGACTG_014,144
ACCTTCGCCAGGGTCGAGCG_001,87
ACCTTCGCCAGGGTCGAGCG_002,3
ACCTTCGCCAGGGTCGAGCG_003,197
ACCTTCGCCAGGGTCGAGCG_004,137
ACCTTCGCCAGGGTCGAGCG_005,70
ACCTTCGCCAGGGTCGAGCG_006,30
ACCTTCGCCAGGGTCGAGCG_007,13
ACCTTCGCCAGGGTCGAGCG_008,60
ACCTTCGCCAGGGTCGAGCG_009,41
ACCTTCGCCAGGGTCGAGCG_010,139
ACCTTCGCCAGGGTCGAGCG_011,81
ACCTTCGCCAGGGTCGAGCG_012,157
ACCTTCGCCAGGGTCGAGCG_013,140
ACCTTCGCCAGGGTCGAGCG_014,192
ACCTTCGCCAGGGTCGAGCG_015,76
ACCTTCGCCAGGGTCGAGCG_016,4
ACCTTCGCCAGGGTCGAGCG_017,37
ACCTTCGCCAGGGTCGAGCG_018,43
ACCTTCGCCAGGGTCGAGCG_019,126
ACCTTCGCCAGGGTCGAGCG_020,29
ACCTTCGCCAGGGTCGAGCG_021,42
ACCTTCGCCAGGGTCGAGCG_022,94
ACCTTCGCCAGGGTCGAGCG_023,88
ACCTTCGCCAGGGTCGAGCG_024,44
ACCTTCGCCAGGGTCGAGCG_025,137
ACCTTCGCCAGGGTCGAGCG_026,174
ACCTTCGCCAGGGTCGAGCG_027,127
ACCTTCGCCAGGGTCGAGCG_028,180
ACCTTCGCCAGGGTCGAGCG_029,121
ACCTTCGCCAGGGTCGAGCG_030,121
ACCTTCGCCAGGGTCGAGCG_031,49
ACCTTCGCCAGGGTCGAGCG_032,105
ACCTTCGCCAGGGTCGAGCG_033,59
ACCTTCGCCAGGGTCGAGCG_034,76
ACCTTCGCCAGGGTCGAGCG_035,13
ACCTTCGCCAGGGTCGAGCG_036,75
ACCTTCGCCAGGGTCGAGCG_037,76
GCTGTACAGTTGTCACTGCA_001,32
GCTGTACAGTTGTCACTGCA_002,77
GCTGTACAGTTGTCACTGCA_003,106
GCTGTACAGTTGTCACTGCA_004,17
GCTGTACAGTTGTCACTGCA_005,139
GCTGTACAGTTGTCACTGCA_006,22
GCTGTACAGTTGTCACTGCA_007,81
GCTGTACAGTTGTCACTGCA_008,70
ACCCTGTTGACGGTGCTCAG_001,9
ACCCTGTTGACGGTGCTCAG_002,125
ACCCTGTTGACGGTGCTCAG_003,170
ACCCTGTTGACGGTGCTCAG_004,169
ACCCTGTTGACGGTGCTCAG_005,77
ACCCTGTTGACGGTGCTCAG_006,102
ACCCTGTTGACGGTGCTCAG_007,106
ACCCTGTTGACGGTGCTCAG_008,62
ACCCTGTTGACGGTGCTCAG_009,19
ACCCTGTTGACGGTGCTCAG_010,15
ACCCTGTTGACGGTGCTCAG_011,198
ACCCTGTTGACGGTGCTCAG_012,9
ACCCTGTTGACGGTGCTCAG_013,41
ACCCTGTTGACGGTGCTCAG_014,182
ACCCTGTTGACGGTGCTCAG_015,148
ACCCTGTTGACGGTGCTCAG_016,55
ACCCTGTTGACGGTGCTCAG_017,170
ACCCTGTTGACGGTGCTCAG_018,69
ACCCTGTTGACGGTGCTCAG_019,184
ACCCTGTTGACGGTGCTCAG_020,182
ACCCTGTTGACGGTGCTCAG_021,174
ACCCTGTTGACGGTGCTCAG_022,29
ACCCTGTTGACGGTGCTCAG_023,2
ACCCTGTTGACGGTGCTCAG_024,94
ACCCTGTTGACGGTGCTCAG_025,68
ACCCTGTTGACGGTGCTCAG_026,76
ACCCTGTTGACGGTGCTCAG_027,38
ACCCTGTTGACGGTGCTCAG_028,134
ACCCTGTTGACGGTGCTCAG_029,144
ACCCTGTTGACGGTGCTCAG_030,74
ACCCTGTTGACGGTGCTCAG_031,82
ACCCTGTTGACGGTGCTCAG_032,113
ACCCTGTTGACGGTGCTCAG_033,186
ACCCTGTTGACGGTGCTCAG_034,111
ACCCTGTTGACGGTGCTCAG_035,81
ACCCTGTTGACGGTGCTCAG_036,147
ACCCTGTTGACGGTGCTCAG_037,58
ACCCTGTTGACGGTGCTCAG_038,102
ACCCTGTTGACGGTGCTCAG_039,94
ACCCTGTTGACGGTGCTCAG_040,177
ACCCTGTTGACGGTGCTCAG_041,76
ACCCTGTTGACGGTGCTCAG_042,158
ACCCTGTTGACGGTGCTCAG_043,56
ACCCTGTTGACGGTGCTCAG_044,9
ACCCTGTTGACGGTGCTCAG_045,34
ACCCTGTTGACGGTGCTCAG_046,48
ACCCTGTTGACGGTGCTCAG_047,18
ACCCTGTTGACGGTGCTCAG_048,16
ACCCTGTTGACGGTGCTCAG_049,176
ACCCTGTTGACGGTGCTCAG_050,168
ACCCTGTTGACGGTGCTCAG_051,35
ACCCTGTTGACGGTGCTCAG_052,169
ACCCTGTTGACGGTGCTCAG_053,148
ACCCTGTTGACGGTGCTCAG_054,110
TTAGGAGAGATGGAGACCAG_001,0
TTAGGAGAGATGGAGACCAG_002,62
TTAGGAGAGATGGAGACCAG_003,56
TTAGGAGAGATGGAGACCAG_004,149
TTAGGAGAGATGGAGACCAG_005,83
TTAGGAGAGATGGAGACCAG_006,199
GGGAGTCGTAGCCACAAGCA_001,176
GGGAGTCGTAGCCACAAGCA_002,171
GGGAGTCGTAGCCACAAGCA_003,101
GGGAGTCGTAGCCACAAGCA_004,60
GGGAGTCGTAGCCACAAGCA_005,60
GGGAGTCGTAGCCACAAGCA_006,118
GGGAGTCGTAGCCACAAGCA_007,166
GGGAGTCGTAGCCACAAGCA_008,186
GGGAGTCGTAGCCACAAGCA_009,63
GGGAGTCGTAGCCACAAGCA_010,35
GGGAGTCGTAGCCACAAGCA_011,144
GGGAGTCGTAGCCACAAGCA_012,52
GGGAGTCGTAGCCACAAGCA_013,29
GGGAGTCGTAGCCACAAGCA_014,69
GGGAGTCGTAGCCACAAGCA_015,165
GGGAGTCGTAGCCACAAGCA_016,148
GGGAGTCGTAGCCACAAGCA_017,3
GGGAGTCGTAGCCACAAGCA_018,15
GGGAGTCGTAGCCACAAGCA_019,46
GGGAGTCGTAGCCACAAGCA_020,134
GGGAGTCGTAGCCACAAGCA_021,184
GGGAGTCGTAGCCACAAGCA_022,8
GGGAGTCGTAGCCACAAGCA_023,137
GGGAGTCGTAGCCACAAGCA_024,168
GGGAGTCGTAGCCACAAGCA_025,111
GGGAGTCGTAGCCACAAGCA_026,152
GGGAGTCGTAGCCACAAGCA_027,76
GGGAGTCGTAGCCACAAGCA_028,167
TGGTAAATCGGTAAAGCAGG_001,42
TGGTAAATCGGTAAAGCAGG_002,43
CTACAGTACCTGGTAAAACG_001,54
CTACAGTACCTGGTAAAACG_002,194
CTACAGTACCTGGTAAAACG_003,105
CAGGCCCAAACATGCGAACG_001,127
CAGGCCCAAACATGCGAACG_002,137
CAGGCCCAAACATGCGAACG_003,166
CAGGCCCAAACATGCGAACG_004,54
CAGGCCCAAACATGCGAACG_005,182
CAGGCCCAAACATGCGAACG_006,16
CAGGCCCAAACATGCGAACG_007,117
CAGGCCCAAACATGCGAACG_008,116
CAGGCCCAAACATGCGAACG_009,148
CAGGCCCAAACATGCGAACG_010,49
CAGGCCCAAACATGCGAACG_011,3
CAGGCCCAAACATGCGAACG_012,17
CAGGCCCAAACATGCGAACG_013,56
CAGGCCCAAACATGCGAACG_014,147
CAGGCCCAAACATGCGAACG_015,138
CAGGCCCAAACATGCGAACG_016,12
CAGGCCCAAACATGCGAACG_017,6
CAGGCCCAAACATGCGAACG_018,15
CAGGCCCAAACATGCGAACG_019,88
GGAAAAAACACGTCCTGAGG_001,62
GGAAAAAACACGTCCTGAGG_002,67
GGAAAAAACACGTCCTGAGG_003,192
GGAAAAAACACGTCCTGAGG_004,98
GGAAAAAACACGTCCTGAGG_005,43
GGAAAAAACACGTCCTGAGG_006,187
GGAAAAAACACGTCCTGAGG_007,57
GGAAAAAACACGTCCTGAGG_008,137
GGAAAAAACACGTCCTGAGG_009,183
GGAAAAAACACGTCCTGAGG_010,64
GGAAAAAACACGTCCTGAGG_011,160
TCTTATATGTAAAGTCACTG_001,164
TCTTATATGTAAAGTCACTG_002,98
TCTTATATGTAAAGTCACTG_003,83
TCTTATATGTAAAGTCACTG_004,88
TCTTATATGTAAAGTCACTG_005,190
TCTTATATGTAAAGTCACTG_006,64
TCTTATATGTAAAGTCACTG_007,198
TCTTATATGTAAAGTCACTG_008,77
TCTTATATGTAAAGTCACTG_009,60
CCGACTTCGACGAACCCAAG_001,8
CCGACTTCGACGAACCCAAG_002,96
CCGACTTCGACGAACCCAAG_003,144
CCGACTTCGACGAACCCAAG_004,5
CCGACTTCGACGAACCCAAG_005,65
CCGACTTCGACGAACCCAAG_006,76
CCGACTTCGACGAACCCAAG_007,189
CCGACTTCGACGAACCCAAG_008,190
CCGACTTCGACGAACCCAAG_009,81
CCGACTTCGACGAACCCAAG_010,83
CCGACTTCGACGAACCCAAG_011,163
CCGACTTCGACGAACCCAAG_012,10
CCGACTTCGACGAACCCAAG_013,104
CCGACTTCGACGAACCCAAG_014,29
CCGACTTCGACGAACCCAAG_015,118
GGACAAAGCAGGATCACACT_001,29
GGACAAAGCAGGATCACACT_002,14
GGACAAAGCAGGATCACACT_003,193
GGACAAAGCAGGATCACACT_004,145
GGACAAAGCAGGATCACACT_005,121
GGACAAAGCAGGATCACACT_006,144
GGACAAAGCAGGATCACACT_007,18
GGACAAAGCAGGATCACACT_008,166
GGACAAAGCAGGATCACACT_009,19
GGACAAAGCAGGATCACACT_010,1
GGACAAAGCAGGATCACACT_011,192
GGACAAAGCAGGATCACACT_012,8
GGACAAAGCAGGATCACACT_013,198
GGACAAAGCAGGATCACACT_014,18
GGACAAAGCAGGATCACACT_015,103
TGTGGGGAATAAGCCCCCAA_001,176
TGTGGGGAATAAGCCCCCAA_002,51
TGTGGGGAATAAGCCCCCAA_003,42
TGTGGGGAATAAGCCCCCAA_004,12
TGTGGGGAATAAGCCCCCAA_005,39
TGTGGGGAATAAGCCCCCAA_006,38
TGTGGGGAATAAGCCCCCAA_007,8
TGTGGGGAATAAGCCCCCAA_008,60
TGTGGGGAATAAGCCCCCAA_009,11
TGTGGGGAATAAGCCCCCAA_010,13
TGTGGGGAATAAGCCCCCAA_011,42
GAATTGTCCACAGTCAGCAA_001,142
GAATTGTCCACAGTCAGCAA_002,158
GAATTGTCCACAGTCAGCAA_003,129
GAATTGTCCACAGTCAGCAA_004,49
TGTACCTGGTCATGGTCGTG_001,41
TGTACCTGGTCATGGTCGTG_002,198
TGTACCTGGTCATGGTCGTG_003,8
TGTACCTGGTCATGGTCGTG_004,49
TGTACCTGGTCATGGTCGTG_005,36
TGTACCTGGTCATGGTCGTG_006,167
GCATGGAATTGAGGATATCG_001,76
GCATGGAATTGAGGATATCG_002,182
GCATGGAATTGAGGATATCG_003,170
TCTGCGTGATGTAATCTAGA_001,145
TCTGCGTGATGTAATCTAGA_002,60
TCTGCGTGATGTAATCTAGA_003,40
TCTGCGTGATGTAATCTAGA_004,148
GGGATGAGTCACGAACTAAG_001,43
GGGATGAGTCACGAACTAAG_002,74
GGGATGAGTCACGAACTAAG_003,77
GGGATGAGTCACGAACTAAG_004,162
AAGCTCCACTTTGAAGAGAG_001,52
AAGCTCCACTTTGAAGAGAG_002,199
AAGCTCCACTTTGAAGAGAG_003,127
AAGCTCCACTTTGAAGAGAG_004,41
AAGCTCCACTTTGAAGAGAG_005,158
AAGCTCCACTTTGAAGAGAG_006,169
AAGCTCCACTTTGAAGAGAG_007,98
AAGCTCCACTTTGAAGAGAG_008,97
AAGCTCCACTTTGAAGAGAG_009,153
ACGACTTTAGTACTGTCCTG_001,151
ACGACTTTAGTACTGTCCTG_002,100
ACGACTTTAGTACTGTCCTG_003,161
ACGACTTTAGTACTGTCCTG_004,104
ACGACTTTAGTACTGTCCTG_005,102
ACGACTTTAGTACTGTCCTG_006,151
ACGACTTTAGTACTGTCCTG_007,111
ACGACTTTAGTACTGTCCTG_008,165
ACGACTTTAGTACTGTCCTG_009,77
ACGACTTTAGTACTGTCCTG_010,161
ACGACTTTAGTACTGTCCTG_011,81
GGCACTCCACAGGTACACGC_001,121
GGCACTCCACAGGTACACGC_002,199
GGCACTCCACAGGTACACGC_003,55
GGCACTCCACAGGTACACGC_004,132
GGCACTCCACAGGTACACGC_005,198
GGCACTCCACAGGTACACGC_006,114
GGCACTCCACAGGTACACGC_007,91
GGCACTCCACAGGTACACGC_008,12
GGCACTCCACAGGTACACGC_009,120
GGCACTCCACAGGTACACGC_010,176
GGCACTCCACAGGTACACGC_011,107
GGCACTCCACAGGTACACGC_012,88
GGCACTCCACAGGTACACGC_013,150
GGCACTCCACAGGTACACGC_014,67
GGCACTCCACAGGTACACGC_015,116
GGCACTCCACAGGTACACGC_016,16
GGCACTCCACAGGTACACGC_017,69
GGCACTCCACAGGTACACGC_018,176
GGCACTCCACAGGTACACGC_019,169
GGCACTCCACAGGTACACGC_020,36
GGCACTCCACAGGTACACGC_021,25
GGCACTCCACAGGTACACGC_022,197
GGCACTCCACAGGTACACGC_023,149
GGCACTCCACAGGTACACGC_024,0
GGCACTCCACAGGTACACGC_025,154
GGCACTCCACAGGTACACGC_026,132
GGCACTCCACAGGTACACGC_027,126
GGCACTCCACAGGTACACGC_028,50
GGCACTCCACAGGTACACGC_029,30
GAGCACTTTGTCATGCACGA_001,56
GAGCACTTTGTCATGCACGA_002,144
GAGCACTTTGTCATGCACGA_003,174
GAGCACTTTGTCATGCACGA_004,62
GAGCACTTTGTCATGCACGA_005,73
GAGCACTTTGTCATGCACGA_006,172
GAGCACTTTGTCATGCACGA_007,180
GAGCACTTTGTCATGCACGA_008,16
GAGCACTTTGTCATGCACGA_009,176
GAGCACTTTGTCATGCACGA_010,105
GAGCACTTTGTCATGCACGA_011,106
GAGCACTTTGTCATGCACGA_012,51
GAGCACTTTGTCATGCACGA_013,163
GAGCACTTTGTCATGCACGA_014,88
GAGCACTTTGTCATGCACGA_015,76
GAGCACTTTGTCATGCACGA_016,46
GAGCACTTTGTCATGCACGA_017,50
GAGCACTTTGTCATGCACGA_018,44
GAGCACTTTGTCATGCACGA_019,50
GAGCACTTTGTCATGCACGA_020,186
GAGCACTTTGTCATGCACGA_021,112
GAGCACTTTGTCATGCACGA_022,83
GAGCACTTTGTCATGCACGA_023,12
GAGCACTTTGTCATGCACGA_024,76
GAGCACTTTGTCATGCACGA_025,155
GACTTCTAGAATATAAAAGA_001,191
GACTTCTAGAATATAAAAGA_002,77
GACTTCTAGAATATAAAAGA_003,3
CATGGTACGATGTGATACAG_001,51
CATGGTACGATGTGATACAG_002,59
CATGGTACGATGTGATACAG_003,137
CATGGTACGATGTGATACAG_004,38
CATGGTACGATGTGATACAG_005,140
CATGGTACGATGTGATACAG_006,34
CATGGTACGATGTGATACAG_007,22
CATGGTACGATGTGATACAG_008,142
GTGGAGGAGACCACTTGGCA_001,40
GTGGAGGAGACCACTTGGCA_002,90
GGGTTACCTTGGTACATGGC_001,78
GGGTTACCTTGGTACATGGC_002,70
GGGTTACCTTGGTACATGGC_003,61
GGGTTACCTTGGTACATGGC_004,135
GGGTTACCTTGGTACATGGC_005,174
GGGTTACCTTGGTACATGGC_006,0
AGATATCAAGCAAAGACATG_001,67
AGATATCAAGCAAAGACATG_002,147
AGATATCAAGCAAAGACATG_003,144
AGATATCAAGCAAAGACATG_004,192
AGATATCAAGCAAAGACATG_005,177
AGATATCAAGCAAAGACATG_006,183
AGATATCAAGCAAAGACATG_007,86
CAAATAATCCACGATCAACC_001,17
CAAATAATCCACGATCAACC_002,78
TGAGCGGGTGAGCAATCTGG_001,151
TGAGCGGGTGAGCAATCTGG_002,48
ATTTCTAGAAACAGACATCA_001,76
ATTTCTAGAAACAGACATCA_002,148
ATTTCTAGAAACAGACATCA_003,6
GAGAGTCTGGACACAATGTG_001,183
GAGAGTCTGGACACAATGTG_002,94
GAGAGTCTGGACACAATGTG_003,9
GAGAGTCTGGACACAATGTG_004,189
GAGAGTCTGGACACAATGTG_005,30
GAGAGTCTGGACACAATGTG_006,160
GAGAGTCTGGACACAATGTG_007,1
GAGAGTCTGGACACAATGTG_008,187
CCAATCTCAGTCCCGATCCC_001,17
CCAATCTCAGTCCCGATCCC_002,17
CCAATCTCAGTCCCGATCCC_003,160
AAGCGTTGAAAAGGCGCTGG_001,53
AAGCGTTGAAAAGGCGCTGG_002,33
AAGCGTTGAAAAGGCGCTGG_003,12
AAGCGTTGAAAAGGCGCTGG_004,171
AAGCGTTGAAAAGGCGCTGG_005,40
AAGCGTTGAAAAGGCGCTGG_006,170
AAGCGTTGAAAAGGCGCTGG_007,84
AAGCGTTGAAAAGGCGCTGG_008,199
AAGCGTTGAAAAGGCGCTGG_009,109
AAGCGTTGAAAAGGCGCTGG_010,87
AAGCGTTGAAAAGGCGCTGG_011,184
AAGCGTTGAAAAGGCGCTGG_012,122
AAGCGTTGAAAAGGCGCTGG_013,107
AAGCGTTGAAAAGGCGCTGG_014,165
CCGGAAGGTTCTCTGACAAG_001,166
CCGGAAGGTTCTCTGACAAG_002,170
AGAAGTAGAGGCCCTCCAAG_001,107
AGAAGTAGAGGCCCTCCAAG_002,79
AGAAGTAGAGGCCCTCCAAG_003,121
AGAAGTAGAGGCCCTCCAAG_004,199
AGAAGTAGAGGCCCTCCAAG_005,60
ATAGCGTAGCGTAGATGGAG_001,48
ATAGCGTAGCGTAGATGGAG_002,66
ATAGCGTAGCGTAGATGGAG_003,127
ATAGCGTAGCGTAGATGGAG_004,178
ATAGCGTAGCGTAGATGGAG_005,47
ATAGCGTAGCGTAGATGGAG_006,177
ATAGCGTAGCGTAGATGGAG_007,161
ATAGCGTAGCGTAGATGGAG_008,26
ATAGCGTAGCGTAGATGGAG_009,147
ATAGCGTAGCGTAGATGGAG_010,73
ATAGCGTAGCGTAGATGGAG_011,79
ATAGCGTAGCGTAGATGGAG_012,28
ATAGCGTAGCGTAGATGGAG_013,16
AGCGTTTCGTGTCTATCCCG_001,2
AGCGTTTCGTGTCTATCCCG_002,192
AGCGTTTCGTGTCTATCCCG_003,134
AGCGTTTCGTGTCTATCCCG_004,156
AGCGTTTCGTGTCTATCCCG_005,197
AGCGTTTCGTGTCTATCCCG_006,43
AGCGTTTCGTGTCTATCCCG_007,105
AGCGTTTCGTGTCTATCCCG_008,138
AGCGTTTCGTGTCTATCCCG_009,162
CCACTTGATGTACTTAGCTG_001,93
CCACTTGATGTACTTAGCTG_002,95
CCACTTGATGTACTTAGCTG_003,62
TGAGGAGGGCACCGCCGTAG_001,48
TGAGGAGGGCACCGCCGTAG_002,61
TGAGGAGGGCACCGCCGTAG_003,156
TGAGGAGGGCACCGCCGTAG_004,113
TGAGGAGGGCACCGCCGTAG_005,170
TGAGGAGGGCACCGCCGTAG_006,198
TGAGGAGGGCACCGCCGTAG_007,90
GCAGTCGAGCACCGCCAAGT_001,169
GCAGTCGAGCACCGCCAAGT_002,144
GCAGTCGAGCACCGCCAAGT_003,120
GCAGTCGAGCACCGCCAAGT_004,194
GCAGTCGAGCACCGCCAAGT_005,77
GCAGTCGAGCACCGCCAAGT_006,147
GCAGTCGAGCACCGCCAAGT_007,98
GCAGTCGAGCACCGCCAAGT_008,160
GCAGTCGAGCACCGCCAAGT_009,131
GCAGTCGAGCACCGCCAAGT_010,44
GCAGTCGAGCACCGCCAAGT_011,101
GCAGTCGAGCACCGCCAAGT_012,48
GCAGTCGAGCACCGCCAAGT_013,48
GCAGTCGAGCACCGCCAAGT_014,95
GCAGTCGAGCACCGCCAAGT_015,44
GCAGTCGAGCACCGCCAAGT_016,104
GCAGTCGAGCACCGCCAAGT_017,104
GCAGTCGAGCACCGCCAAGT_018,104
GCAGTCGAGCACCGCCAAGT_019,23
GCAGTCGAGCACCGCCAAGT_020,158
GCAGTCGAGCACCGCCAAGT_021,160
GCAGTCGAGCACCGCCAAGT_022,127
GCAGTCGAGCACCGCCAAGT_023,36
GCAGTCGAGCACCGCCAAGT_024,73
GCAGTCGAGCACCGCCAAGT_025,113
GCAGTCGAGCACCGCCAAGT_026,5
GCAGTCGAGCACCGCCAAGT_027,76
GCAGTCGAGCACCGCCAAGT_028,169
GCAGTCGAGCACCGCCAAGT_029,36
GCAGTCGAGCACCGCCAAGT_030,4
GCCTGGGTTTTGGTGCATAC_001,1
GCCTGGGTTTTGGTGCATAC_002,128
GCCTGGGTTTTGGTGCATAC_003,105
GCCTGGGTTTTGGTGCATAC_004,28
GCCTGGGTTTTGGTGCATAC_005,94
GCCTGGGTTTTGGTGCATAC_006,58
GCCTGGGTTTTGGTGCATAC_007,7
GCCTGGGTTTTGGTGCATAC_008,55
GCCTGGGTTTTGGTGCATAC_009,13
GCCTGGGTTTTGGTGCATAC_010,11
GCCTGGGTTTTGGTGCATAC_011,176
GCCTGGGTTTTGGTGCATAC_012,94
GCCTGGGTTTTGGTGCATAC_013,33
GCCTGGGTTTTGGTGCATAC_014,81
GCCTGGGTTTTGGTGCATAC_015,33
GCCTGGGTTTTGGTGCATAC_016,172
GCCTGGGTTTTGGTGCATAC_017,59
GCCTGGGTTTTGGTGCATAC_018,160
GCCTGGGTTTTGGTGCATAC_019,141
GCCTGGGTTTTGGTGCATAC_020,130
GCCTGGGTTTTGGTGCATAC_021,119
GCCTGGGTTTTGGTGCATAC_022,41
GCCTGGGTTTTGGTGCATAC_023,198
GCCTGGGTTTTGGTGCATAC_024,165
GCCTGGGTTTTGGTGCATAC_025,103
GCCTGGGTTTTGGTGCATAC_026,144
GCCTGGGTTTTGGTGCATAC_027,103
GCCTGGGTTTTGGTGCATAC_028,185
GCCTGGGTTTTGGTGCATAC_029,166
GCCTGGGTTTTGGTGCATAC_030,147
GCCTGGGTTTTGGTGCATAC_031,77
GCCTGGGTTTTGGTGCATAC_032,13
GCCTGGGTTTTGGTGCATAC_033,124
GCCTGGGTTTTGGTGCATAC_034,130
GCCTGGGTTTTGGTGCATAC_035,180
GCCTGGGTTTTGGTGCATAC_036,41
CCACAAGTACTCGGGCAAAG_001,27
CCACAAGTACTCGGGCAAAG_002,148
CCACAAGTACTCGGGCAAAG_003,155
CCACAAGTACTCGGGCAAAG_004,86
CCACAAGTACTCGGGCAAAG_005,173
CCACAAGTACTCGGGCAAAG_006,119
CCACAAGTACTCGGGCAAAG_007,124
CCACAAGTACTCGGGCAAAG_008,174
CCACAAGTACTCGGGCAAAG_009,105
CCACAAGTACTCGGGCAAAG_010,65
CCACAAGTACTCGGGCAAAG_011,174
CCACAAGTACTCGGGCAAAG_012,116
CCACAAGTACTCGGGCAAAG_013,147
CCACAAGTACTCGGGCAAAG_014,160
AGATATTGAAGCAAGAAGCC_001,2
AGATATTGAAGCAAGAAGCC_002,2
AGATATTGAAGCAAGAAGCC_003,6
AGATATTGAAGCAAGAAGCC_004,47
TGATCTGGATCTCTTCGACG_001,19
TGATCTGGATCTCTTCGACG_002,103
TGATCTGGATCTCTTCGACG_003,63
TGATCTGGATCTCTTCGACG_004,199
CTGGGTGACTTACAATTCCG_001,144
CTGGGTGACTTACAATTCCG_002,101
CTGGGTGACTTACAATTCCG_003,43
CTGGGTGACTTACAATTCCG_004,82
CTGGGTGACTTACAATTCCG_005,157
CTGGGTGACTTACAATTCCG_006,72
CTGGGTGACTTACAATTCCG_007,191
TCATCCGCTACATGAGCTCT_001,5
TCATCCGCTACATGAGCTCT_002,80
TCATCCGCTACATGAGCTCT_003,48
TCATCCGCTACATGAGCTCT_004,96
TCATCCGCTACATGAGCTCT_005,86
TCATCCGCTACATGAGCTCT_006,137
TCATCCGCTACATGAGCTCT_007,83
ATTGGCTGCATTGGAGACAA_001,171
ATTGGCTGCATTGGAGACAA_002,132
ATTGGCTGCATTGGAGACAA_003,135
ATTGGCTGCATTGGAGACAA_004,140
ATTGGCTGCATTGGAGACAA_005,181
ATTGGCTGCATTGGAGACAA_006,85
ATTGGCTGCATTGGAGACAA_007,34
ATTGGCTGCATTGGAGACAA_008,158
ATTGGCTGCATTGGAGACAA_009,15
ATTGGCTGCATTGGAGACAA_010,169
ATTGGCTGCATTGGAGACAA_011,40
ATTGGCTGCATTGGAGACAA_012,148
ATTGGCTGCATTGGAGACAA_013,181
ATTGGCTGCATTGGAGACAA_014,150
ATTGGCTGCATTGGAGACAA_015,87
ATTGGCTGCATTGGAGACAA_016,77
ATTGGCTGCATTGGAGACAA_017,48
ATTGGCTGCATTGGAGACAA_018,13
ATTGGCTGCATTGGAGACAA_019,21
ATTGGCTGCATTGGAGACAA_020,87
ATTGGCTGCATTGGAGACAA_021,87
ATTGGCTGCATTGGAGACAA_022,184
ATTGGCTGCATTGGAGACAA_023,74
AAACACATCCGTGTTGGGGT_001,113
GAGACTGATCTCTGCGTGCA_001,41
GAGACTGATCTCTGCGTGCA_002,50
GAGACTGATCTCTGCGTGCA_003,129
GAGACTGATCTCTGCGTGCA_004,35
GAGACTGATCTCTGCGTGCA_005,52
GAGACTGATCTCTGCGTGCA_006,6
GAGACTGATCTCTGCGTGCA_007,146
GAGACTGATCTCTGCGTGCA_008,13
GAGACTGATCTCTGCGTGCA_009,152
GAGACTGATCTCTGCGTGCA_010,32
GAGACTGATCTCTGCGTGCA_011,150
GAGACTGATCTCTGCGTGCA_012,113
GAGACTGATCTCTGCGTGCA_013,61
GAGACTGATCTCTGCGTGCA_014,6
CTGGTAGAGCCATTGGACCA_001,12
CTGGTAGAGCCATTGGACCA_002,188
CTGGTAGAGCCATTGGACCA_003,160
CTGGTAGAGCCATTGGACCA_004,144
CTGGTAGAGCCATTGGACCA_005,169
CTGGTAGAGCCATTGGACCA_006,188
CTGGTAGAGCCATTGGACCA_007,176
CTGGTAGAGCCATTGGACCA_008,58
CTGGTAGAGCCATTGGACCA_009,43
CTGGTAGAGCCATTGGACCA_010,117
CTGGTAGAGCCATTGGACCA_011,63
CTGGTAGAGCCATTGGACCA_012,142
CTGGTAGAGCCATTGGACCA_013,113
CAGAGACAAATCGATATAGG_001,30
CAGAGACAAATCGATATAGG_002,120
AGCGGGAGCTTGGCCTACCA_001,2
AGCGGGAGCTTGGCCTACCA_002,154
AGCGGGAGCTTGGCCTACCA_003,88
AGCGGGAGCTTGGCCTACCA_004,149
AGCGGGAGCTTGGCCTACCA_005,66
AGCGGGAGCTTGGCCTACCA_006,162
AGCGGGAGCTTGGCCTACCA_007,170
AGCGGGAGCTTGGCCTACCA_008,110
AGCGGGAGCTTGGCCTACCA_009,91
AGCGGGAGCTTGGCCTACCA_010,145
AGCGGGAGCTTGGCCTACCA_011,169
AGCGGGAGCTTGGCCTACCA_012,82
AGCGGGAGCTTGGCCTACCA_013,168
AGCGGGAGCTTGGCCTACCA_014,165
AGCGGGAGCTTGGCCTACCA_015,124
AGCGGGAGCTTGGCCTACCA_016,190
AGCGGGAGCTTGGCCTACCA_017,127
AGCGGGAGCTTGGCCTACCA_018,50
AGCGGGAGCTTGGCCTACCA_019,65
AGCGGGAGCTTGGCCTACCA_020,40
AGCGGGAGCTTGGCCTACCA_021,131
AGCGGGAGCTTGGCCTACCA_022,175
AGCGGGAGCTTGGCCTACCA_023,187
AGGCATCTCTGTTACCAATG_001,26
AGGCATCTCTGTTACCAATG_002,72
AGGCATCTCTGTTACCAATG_003,78
CCAGAACACTCGGGACACCC_001,122
CCAGAACACTCGGGACACCC_002,11
CCAGAACACTCGGGACACCC_003,48
CCAGAACACTCGGGACACCC_004,199
TTATCACCAACTTACTGCAA_001,55
TTATCACCAACTTACTGCAA_002,53
TTATCACCAACTTACTGCAA_003,75
TTATCACCAACTTACTGCAA_004,30
TTATCACCAACTTACTGCAA_005,84
TTATCACCAACTTACTGCAA_006,162
TTATCACCAACTTACTGCAA_007,27
TTATCACCAACTTACTGCAA_008,112
TTATCACCAACTTACTGCAA_009,124
TTATCACCAACTTACTGCAA_010,144
TTATCACCAACTTACTGCAA_011,166
TTATCACCAACTTACTGCAA_012,148
TTATCACCAACTTACTGCAA_013,175
TTATCACCAACTTACTGCAA_014,134
TTATCACCAACTTACTGCAA_015,142
TTATCACCAACTTACTGCAA_016,142
TTATCACCAACTTACTGCAA_017,121
GAGTTCTCCGAGAGCCTCAG_001,17
GAGTTCTCCGAGAGCCTCAG_002,38
GAGTTCTCCGAGAGCCTCAG_003,44
GAGTTCTCCGAGAGCCTCAG_004,48
GAGTTCTCCGAGAGCCTCAG_005,118
GAGTTCTCCGAGAGCCTCAG_006,13
GAGTTCTCCGAGAGCCTCAG_007,97
GAGTTCTCCGAGAGCCTCAG_008,103
GAGTTCTCCGAGAGCCTCAG_009,81
GAGTTCTCCGAGAGCCTCAG_010,169
GAGTTCTCCGAGAGCCTCAG_011,68
GAGTTCTCCGAGAGCCTCAG_012,166
GAGTTCTCCGAGAGCCTCAG_013,126
CAGTTAACAAGCTAGTACCG_001,60
CAGTTAACAAGCTAGTACCG_002,62
CAGTTAACAAGCTAGTACCG_003,195
CAGTTAACAAGCTAGTACCG_004,184
CAGTTAACAAGCTAGTACCG_005,69
CAGTTAACAAGCTAGTACCG_006,157
CAGTTAACAAGCTAGTACCG_007,170
CAGTTAACAAGCTAGTACCG_008,182
GAAGGTGGACGCCACCATTG_001,165
GAAGGTGGACGCCACCATTG_002,105
TCATGATTCTCATATTCACC_001,8
CCATGCTTGACTTAAGAGCG_001,101
CCATGCTTGACTTAAGAGCG_002,160
CCATGCTTGACTTAAGAGCG_003,34
CCATGCTTGACTTAAGAGCG_004,121
CCATGCTTGACTTAAGAGCG_005,147
GTGTATGAACTTCGATCCAG_001,49
GTGTATGAACTTCGATCCAG_002,165
GTGTATGAACTTCGATCCAG_003,81
GTGTATGAACTTCGATCCAG_004,145
GTGTATGAACTTCGATCCAG_005,116
GTGTATGAACTTCGATCCAG_006,94
GTGTATGAACTTCGATCCAG_007,20
GTGTATGAACTTCGATCCAG_008,101
GTGTATGAACTTCGATCCAG_009,78
GTGTATGAACTTCGATCCAG_010,192
CATGGAGCGGGTACTCTGTG_001,196
TAAATACGTGGGGACCATGG_001,39
TAAATACGTGGGGACCATGG_002,148
TAAATACGTGGGGACCATGG_003,169
TAAATACGTGGGGACCATGG_004,169
TAAATACGTGGGGACCATGG_005,90
TAAATACGTGGGGACCATGG_006,102
TAAATACGTGGGGACCATGG_007,107
TAAATACGTGGGGACCATGG_008,184
TGCTGCTGGTGCTGTCACTT_001,139
TGCTGCTGGTGCTGTCACTT_002,133
TGCTGCTGGTGCTGTCACTT_003,119
TGCTGCTGGTGCTGTCACTT_004,139
TGCTGCTGGTGCTGTCACTT_005,160
TGCTGCTGGTGCTGTCACTT_006,157
TGCTGCTGGTGCTGTCACTT_007,147
TGCTGCTGGTGCTGTCACTT_008,197
TGCTGCTGGTGCTGTCACTT_009,116
TGCTGCTGGTGCTGTCACTT_010,12
TGCTGCTGGTGCTGTCACTT_011,117
TGCTGCTGGTGCTGTCACTT_012,78
TGCTGCTGGTGCTGTCACTT_013,15
TGCTGCTGGTGCTGTCACTT_014,138
TGCTGCTGGTGCTGTCACTT_015,39
TGCTGCTGGTGCTGTCACTT_016,185
TGCTGCTGGTGCTGTCACTT_017,88
TGCTGCTGGTGCTGTCACTT_018,58
TGCTGCTGGTGCTGTCACTT_019,68
TGCTGCTGGTGCTGTCACTT_020,118
TGCTGCTGGTGCTGTCACTT_021,153
TGCTGCTGGTGCTGTCACTT_022,25
TGCTGCTGGTGCTGTCACTT_023,25
TGCTGCTGGTGCTGTCACTT_024,126
TGCTGCTGGTGCTGTCACTT_025,27
AACCAGCCCTCCAGACGCGT_001,192
AACCAGCCCTCCAGACGCGT_002,15
AACCAGCCCTCCAGACGCGT_003,85
AACCAGCCCTCCAGACGCGT_004,176
AACCAGCCCTCCAGACGCGT_005,76
AACCAGCCCTCCAGACGCGT_006,112
AACCAGCCCTCCAGACGCGT_007,83
AACCAGCCCTCCAGACGCGT_008,44
AACCAGCCCTCCAGACGCGT_009,122
AACCAGCCCTCCAGACGCGT_010,122
AACCAGCCCTCCAGACGCGT_011,117
GGAGCTGAAGGACTGTCTAG_001,46
GGAGCTGAAGGACTGTCTAG_002,1
GGAGCTGAAGGACTGTCTAG_003,102
GGAGCTGAAGGACTGTCTAG_004,186
GGAGCTGAAGGACTGTCTAG_005,82
GGAGCTGAAGGACTGTCTAG_006,17
GGAGCTGAAGGACTGTCTAG_007,136
GGAGCTGAAGGACTGTCTAG_008,2
GGAGCTGAAGGACTGTCTAG_009,113
GGAGCTGAAGGACTGTCTAG_010,115
TCATCAGATACTCGAACTCG_001,154
TCATCAGATACTCGAACTCG_002,115
ATATTCCGTGTACATCCCAG_001,181
ATATTCCGTGTACATCCCAG_002,185
ATATTCCGTGTACATCCCAG_003,40
ATATTCCGTGTACATCCCAG_004,5
ATATTCCGTGTACATCCCAG_005,118
ATATTCCGTGTACATCCCAG_006,103
ATATTCCGTGTACATCCCAG_007,158
ATATTCCGTGTACATCCCAG_008,155
ATATTCCGTGTACATCCCAG_009,17
ATATTCCGTGTACATCCCAG_010,170
ATATTCCGTGTACATCCCAG_011,94
ATATTCCGTGTACATCCCAG_012,74
CATCTTCAGGGGGCACGATG_001,106
CATCTTCAGGGGGCACGATG_002,116
CATCTTCAGGGGGCACGATG_003,76
CATCTTCAGGGGGCACGATG_004,104
CATCTTCAGGGGGCACGATG_005,144
CATCTTCAGGGGGCACGATG_006,126
CATCTTCAGGGGGCACGATG_007,84
CATCTTCAGGGGGCACGATG_008,52
CATCTTCAGGGGGCACGATG_009,82
CATCTTCAGGGGGCACGATG_010,132
CATCTTCAGGGGGCACGATG_011,50
CATCTTCAGGGGGCACGATG_012,173
CATCTTCAGGGGGCACGATG_013,87
CATCTTCAGGGGGCACGATG_014,117
CATCTTCAGGGGGCACGATG_015,29
CGTCACATTCCCGTCCGACG_001,133
CGTCACATTCCCGTCCGACG_002,61
CGTCACATTCCCGTCCGACG_003,150
AAATTATGGCGAGTTCAGTG_001,39
AAATTATGGCGAGTTCAGTG_002,158
AAATTATGGCGAGTTCAGTG_003,43
AAATTATGGCGAGTTCAGTG_004,106
CCGAAAAGACAATACCCAGT_001,151
CCGAAAAGACAATACCCAGT_002,193
CCGAAAAGACAATACCCAGT_003,181
CCGAAAAGACAATACCCAGT_004,54
CCGAAAAGACAATACCCAGT_005,47
CCGAAAAGACAATACCCAGT_006,192
CCGAAAAGACAATACCCAGT_007,104
CCGAAAAGACAATACCCAGT_008,76
CCGAAAAGACAATACCCAGT_009,28
CCGAAAAGACAATACCCAGT_010,171
CCGAAAAGACAATACCCAGT_011,9
CCGAAAAGACAATACCCAGT_012,13
CCGAAAAGACAATACCCAGT_013,2
CCGAAAAGACAATACCCAGT_014,90
GAGGCACTGCTGGTATTGGG_001,118
GAGGCACTGCTGGTATTGGG_002,81
GAGGCACTGCTGGTATTGGG_003,53
GAGGCACTGCTGGTATTGGG_004,187
GAGGCACTGCTGGTATTGGG_005,18
GAGGCACTGCTGGTATTGGG_006,115
GTTCCCAATACTTACTGCCA_001,134
GTTCCCAATACTTACTGCCA_002,138
CGAAGTCCGCAAAACTCCGG_001,117
CGAAGTCCGCAAAACTCCGG_002,16
CGAAGTCCGCAAAACTCCGG_003,8
CGAAGTCCGCAAAACTCCGG_004,11
CGAAGTCCGCAAAACTCCGG_005,158
CGAAGTCCGCAAAACTCCGG_006,177
CGAAGTCCGCAAAACTCCGG_007,154
CGAAGTCCGCAAAACTCCGG_008,72
CGAAGTCCGCAAAACTCCGG_009,72
CGAAGTCCGCAAAACTCCGG_010,66
CGAAGTCCGCAAAACTCCGG_011,198
CGAAGTCCGCAAAACTCCGG_012,147
CGAAGTCCGCAAAACTCCGG_013,1
CGAAGTCCGCAAAACTCCGG_014,9
CGAAGTCCGCAAAACTCCGG_015,183
CGAAGTCCGCAAAACTCCGG_016,22
CGAAGTCCGCAAAACTCCGG_017,45
CGAAGTCCGCAAAACTCCGG_018,178
CGAAGTCCGCAAAACTCCGG_019,191
CGAAGTCCGCAAAACTCCGG_020,198
CGAAGTCCGCAAAACTCCGG_021,11
CGAAGTCCGCAAAACTCCGG_022,46
CGAAGTCCGCAAAACTCCGG_023,97
CGAAGTCCGCAAAACTCCGG_024,161
CGAAGTCCGCAAAACTCCGG_025,44
CGAAGTCCGCAAAACTCCGG_026,133
CGAAGTCCGCAAAACTCCGG_027,198
CGAAGTCCGCAAAACTCCGG_028,132
CGAAGTCCGCAAAACTCCGG_029,24
CGAAGTCCGCAAAACTCCGG_030,98
CGAAGTCCGCAAAACTCCGG_031,116
CGAAGTCCGCAAAACTCCGG_032,79
CGAAGTCCGCAAAACTCCGG_033,76
CGAAGTCCGCAAAACTCCGG_034,123
CGAAGTCCGCAAAACTCCGG_035,27
CGAAGTCCGCAAAACTCCGG_036,116
ACGACCCCGTGACTAACACG_001,177
ACGACCCCGTGACTAACACG_002,72
ACGACCCCGTGACTAACACG_003,145
ACGACCCCGTGACTAACACG_004,123
ACGACCCCGTGACTAACACG_005,12
ACGACCCCGTGACTAACACG_006,28
ACGACCCCGTGACTAACACG_007,160
CTTCGCCAGCTAGACTCTGG_001,27
CTTCGCCAGCTAGACTCTGG_002,49
CTTCGCCAGCTAGACTCTGG_003,36
CTTCGCCAGCTAGACTCTGG_004,6
CTTCGCCAGCTAGACTCTGG_005,170
CTTCGCCAGCTAGACTCTGG_006,92
CTTCGCCAGCTAGACTCTGG_007,10
CTTCGCCAGCTAGACTCTGG_008,68
CTTCGCCAGCTAGACTCTGG_009,124
CTTCGCCAGCTAGACTCTGG_010,89
CTTCGCCAGCTAGACTCTGG_011,137
CTTCGCCAGCTAGACTCTGG_012,147
TGAGGAGTAGAGTATGCGAG_001,106
TGAGGAGTAGAGTATGCGAG_002,169
TGAGGAGTAGAGTATGCGAG_003,58
TGAGGAGTAGAGTATGCGAG_004,151
TGAGGAGTAGAGTATGCGAG_005,5
TGAGGAGTAGAGTATGCGAG_006,43
TGAGGAGTAGAGTATGCGAG_007,74
TGAGGAGTAGAGTATGCGAG_008,174
TGAGGAGTAGAGTATGCGAG_009,157
TGAGGAGTAGAGTATGCGAG_010,135
TGAGGAGTAGAGTATGCGAG_011,108
TGAGGAGTAGAGTATGCGAG_012,18
TGAGGAGTAGAGTATGCGAG_013,35
TGAGGAGTAGAGTATGCGAG_014,61
ATTGGATGCTTCAGTGACGA_001,54
ATTGGATGCTTCAGTGACGA_002,7
ATTGGATGCTTCAGTGACGA_003,168
ATTGGATGCTTCAGTGACGA_004,68
ATTGGATGCTTCAGTGACGA_005,145
ATTGGATGCTTCAGTGACGA_006,199
ATTGGATGCTTCAGTGACGA_007,183
ATTGGATGCTTCAGTGACGA_008,132
ATTGGATGCTTCAGTGACGA_009,107
ATTGGATGCTTCAGTGACGA_010,149
ATTGGATGCTTCAGTGACGA_011,83
ATTGGATGCTTCAGTGACGA_012,48
ATTGGATGCTTCAGTGACGA_013,122
ATTGGATGCTTCAGTGACGA_014,27
ATTGGATGCTTCAGTGACGA_015,44
ATTGGATGCTTCAGTGACGA_016,6
ATTGGATGCTTCAGTGACGA_017,36
ATTGGATGCTTCAGTGACGA_018,63
ATTGGATGCTTCAGTGACGA_019,8
ATTGGATGCTTCAGTGACGA_020,145
ATTGGATGCTTCAGTGACGA_021,105
ATTGGATGCTTCAGTGACGA_022,14
AGAACCAGGACATTGACTGG_001,191
AGAACCAGGACATTGACTGG_002,178
AGAACCAGGACATTGACTGG_003,1
AGAACCAGGACATTGACTGG_004,184
AGAACCAGGACATTGACTGG_005,96
AGAACCAGGACATTGACTGG_006,8
AGAACCAGGACATTGACTGG_007,4
AGAACCAGGACATTGACTGG_008,196
AGAACCAGGACATTGACTGG_009,174
AGAACCAGGACATTGACTGG_010,62
AGAACCAGGACATTGACTGG_011,40
AGAACCAGGACATTGACTGG_012,50
AGAACCAGGACATTGACTGG_013,22
AGAACCAGGACATTGACTGG_014,29
AGAACCAGGACATTGACTGG_015,10
AGAACCAGGACATTGACTGG_016,88
AAACAGGTGTGGATTACAAC_001,27
AAACAGGTGTGGATTACAAC_002,152
AAACAGGTGTGGATTACAAC_003,166
AAACAGGTGTGGATTACAAC_004,15
AAACAGGTGTGGATTACAAC_005,75
AAACAGGTGTGGATTACAAC_006,77
AAACAGGTGTGGATTACAAC_007,184
AAACAGGTGTGGATTACAAC_008,137
AAACAGGTGTGGATTACAAC_009,12
AAACAGGTGTGGATTACAAC_010,41
AGAACTGCCTGAAGAATGCG_001,25
AGAACTGCCTGAAGAATGCG_002,27
AGAACTGCCTGAAGAATGCG_003,105
AGAACTGCCTGAAGAATGCG_004,78
AGAACTGCCTGAAGAATGCG_005,148
AGAACTGCCTGAAGAATGCG_006,105
AGAACTGCCTGAAGAATGCG_007,68
TGGTGGTATGGTACCAAATG_001,67
TGGTGGTATGGTACCAAATG_002,98
TGGTGGTATGGTACCAAATG_003,34
ACTCACCCATGAGCCCACTG_001,197
ACTCACCCATGAGCCCACTG_002,66
ACTCACCCATGAGCCCACTG_003,106
CCGCGTGGATACAGTCCGGG_001,116
CCGCGTGGATACAGTCCGGG_002,33
CCGCGTGGATACAGTCCGGG_003,9
CCGCGTGGATACAGTCCGGG_004,127
CCGCGTGGATACAGTCCGGG_005,43
CCGCGTGGATACAGTCCGGG_006,102
CAGACTCATCTATGGAGGGT_001,77
CAGACTCATCTATGGAGGGT_002,115
CAGACTCATCTATGGAGGGT_003,113
CAGACTCATCTATGGAGGGT_004,63
CAGACTCATCTATGGAGGGT_005,85
TTGACAATCTCATAGACCCA_001,181
TTGACAATCTCATAGACCCA_002,17
TTGACAATCTCATAGACCCA_003,56
ACTTACCCCCAGAAGCCGCA_001,115
ACTTACCCCCAGAAGCCGCA_002,191
ACTTACCCCCAGAAGCCGCA_003,42
ACTTACCCCCAGAAGCCGCA_004,147
ACTTACCCCCAGAAGCCGCA_005,37
ACTTACCCCCAGAAGCCGCA_006,116
ACTTACCCCCAGAAGCCGCA_007,70
ACTTACCCCCAGAAGCCGCA_008,171
ACTTACCCCCAGAAGCCGCA_009,17
ACTTACCCCCAGAAGCCGCA_010,57
ACTTACCCCCAGAAGCCGCA_011,142
ACTTACCCCCAGAAGCCGCA_012,44
ACTTACCCCCAGAAGCCGCA_013,101
ACTTACCCCCAGAAGCCGCA_014,21
ACTTACCCCCAGAAGCCGCA_015,194
ACTTACCCCCAGAAGCCGCA_016,19
ACTTACCCCCAGAAGCCGCA_017,181
ACTTACCCCCAGAAGCCGCA_018,104
ACTTACCCCCAGAAGCCGCA_019,21
ACTTACCCCCAGAAGCCGCA_020,148
ACTTACCCCCAGAAGCCGCA_021,52
ACTTACCCCCAGAAGCCGCA_022,191
GTTAAGATGTAGCCACGAAG_001,190
GTTAAGATGTAGCCACGAAG_002,81
GTTAAGATGTAGCCACGAAG_003,56
TGGACTGCTAGCAAGCTGGG_001,115
TGGACTGCTAGCAAGCTGGG_002,4
TGGACTGCTAGCAAGCTGGG_003,84
TGGACTGCTAGCAAGCTGGG_004,149
TGGACTGCTAGCAAGCTGGG_005,148
TGGACTGCTAGCAAGCTGGG_006,63
TGGACTGCTAGCAAGCTGGG_007,19
TGGACTGCTAGCAAGCTGGG_008,16
TGGACTGCTAGCAAGCTGGG_009,58
TGGACTGCTAGCAAGCTGGG_010,9
ATGACTGAAAAACGGATCTG_001,196
ATGACTGAAAAACGGATCTG_002,153
ATGACTGAAAAACGGATCTG_003,15
ATGACTGAAAAACGGATCTG_004,113
ATGACTGAAAAACGGATCTG_005,121
ATGACTGAAAAACGGATCTG_006,72
ATGACTGAAAAACGGATCTG_007,160
ATGACTGAAAAACGGATCTG_008,12
ATGACTGAAAAACGGATCTG_009,70
ATGACTGAAAAACGGATCTG_010,13
ATGACTGAAAAACGGATCTG_011,12
ATGACTGAAAAACGGATCTG_012,107
ATGACTGAAAAACGGATCTG_013,16
GAATGACACGTCATCTAAGG_001,27
GAATGACACGTCATCTAAGG_002,158
GAATGACACGTCATCTAAGG_003,84
GAATGACACGTCATCTAAGG_004,10
GAATGACACGTCATCTAAGG_005,58
GAAGTTAGGCCTCACCGCCT_001,156
GAAGTTAGGCCTCACCGCCT_002,175
GAAGTTAGGCCTCACCGCCT_003,184
GAAGTTAGGCCTCACCGCCT_004,8
GAAGTTAGGCCTCACCGCCT_005,155
GAAGTTAGGCCTCACCGCCT_006,141
GAAGTTAGGCCTCACCGCCT_007,58
GAAGTTAGGCCTCACCGCCT_008,55
GAAGTTAGGCCTCACCGCCT_009,51
GAAGTTAGGCCTCACCGCCT_010,145
GAAGTTAGGCCTCACCGCCT_011,46
ATGTGCTACCCAGATCAAGG_001,17
ATGTGCTACCCAGATCAAGG_002,127
ATGTGCTACCCAGATCAAGG_003,171
ATGTGCTACCCAGATCAAGG_004,184
ATGTGCTACCCAGATCAAGG_005,198
ATGTGCTACCCAGATCAAGG_006,55
ATGTGCTACCCAGATCAAGG_007,132
ATGTGCTACCCAGATCAAGG_008,152
ATGTGCTACCCAGATCAAGG_009,134
ATGTGCTACCCAGATCAAGG_010,132
ATGTGCTACCCAGATCAAGG_011,150
ATGTGCTACCCAGATCAAGG_012,199
ATGTGCTACCCAGATCAAGG_013,86
ATGTGCTACCCAGATCAAGG_014,26
ATGTGCTACCCAGATCAAGG_015,104
ATGTGCTACCCAGATCAAGG_016,106
ATGTGCTACCCAGATCAAGG_017,179
ATGTGCTACCCAGATCAAGG_018,63
ATGTGCTACCCAGATCAAGG_019,188
AACAGCTTATGTGGTCTATG_001,8
AACAGCTTATGTGGTCTATG_002,168
AACAGCTTATGTGGTCTATG_003,90
AACAGCTTATGTGGTCTATG_004,65
AACAGCTTATGTGGTCTATG_005,157
AACAGCTTATGTGGTCTATG_006,178
AACAGCTTATGTGGTCTATG_007,130
AACAGCTTATGTGGTCTATG_008,20
CTGGGAAGACCCCCCCATCG_001,12
CTGGGAAGACCCCCCCATCG_002,150
CTGGGAAGACCCCCCCATCG_003,17
CTGGGAAGACCCCCCCATCG_004,145
CTGGGAAGACCCCCCCATCG_005,9
CTGGGAAGACCCCCCCATCG_006,192
CTGGGAAGACCCCCCCATCG_007,141
CTGGGAAGACCCCCCCATCG_008,177
CTGGGAAGACCCCCCCATCG_009,39
CTGGGAAGACCCCCCCATCG_010,56
CCGTGTTCCACAACTACCCT_001,29
CCGTGTTCCACAACTACCCT_002,40
CCGTGTTCCACAACTACCCT_003,113
CCGTGTTCCACAACTACCCT_004,56
CCGTGTTCCACAACTACCCT_005,134
CCGTGTTCCACAACTACCCT_006,32
CCGTGTTCCACAACTACCCT_007,32
CCGTGTTCCACAACTACCCT_008,80
CCGTGTTCCACAACTACCCT_009,41
CCGTGTTCCACAACTACCCT_010,37
CCGTGTTCCACAACTACCCT_011,176
CCGTGTTCCACAACTACCCT_012,60
CCGTGTTCCACAACTACCCT_013,94
CCGTGTTCCACAACTACCCT_014,186
CCGTGTTCCACAACTACCCT_015,144
CCGTGTTCCACAACTACCCT_016,188
CCGTGTTCCACAACTACCCT_017,130
CCGTGTTCCACAACTACCCT_018,175
CCGTGTTCCACAACTACCCT_019,50
CCGTGTTCCACAACTACCCT_020,40
CCGTGTTCCACAACTACCCT_021,88
CCGTGTTCCACAACTACCCT_022,27
CCGTGTTCCACAACTACCCT_023,161
CCGTGTTCCACAACTACCCT_024,55
CCGTGTTCCACAACTACCCT_025,105
CCGTGTTCCACAACTACCCT_026,8
CCGTGTTCCACAACTACCCT_027,186
CCGTGTTCCACAACTACCCT_028,61
CCGTGTTCCACAACTACCCT_029,88
ACTCACCGCAGGGACAAAGG_001,11
ACTCACCGCAGGGACAAAGG_002,75
ACTCACCGCAGGGACAAAGG_003,98
ACTCACCGCAGGGACAAAGG_004,182
ACTCACCGCAGGGACAAAGG_005,169
TTGCCTCATGAATTCTTGGA_001,29
TTGCCTCATGAATTCTTGGA_002,8
TTGCCTCATGAATTCTTGGA_003,156
TTGCCTCATGAATTCTTGGA_004,156
TTGCCTCATGAATTCTTGGA_005,188
TTGCCTCATGAATTCTTGGA_006,61
AGAACTGGGGAGTCTCACCA_001,121
AGAACTGGGGAGTCTCACCA_002,150
AGAACTGGGGAGTCTCACCA_003,175
AGAACTGGGGAGTCTCACCA_004,166
AGAATGCAAGCGCACGCAAG_001,15
AGAATGCAAGCGCACGCAAG_002,152
AGAATGCAAGCGCACGCAAG_003,169
AGAATGCAAGCGCACGCAAG_004,42
AGAATGCAAGCGCACGCAAG_005,21
AGAATGCAAGCGCACGCAAG_006,22
AGAATGCAAGCGCACGCAAG_007,121
AGAATGCAAGCGCACGCAAG_008,114
AGAATGCAAGCGCACGCAAG_009,158
AGAATGCAAGCGCACGCAAG_010,113
AGAATGCAAGCGCACGCAAG_011,48
AGAATGCAAGCGCACGCAAG_012,94
AGAATGCAAGCGCACGCAAG_013,20
AGAATGCAAGCGCACGCAAG_014,62
AGAATGCAAGCGCACGCAAG_015,198
AGAATGCAAGCGCACGCAAG_016,175
AGAATGCAAGCGCACGCAAG_017,8
AGAATGCAAGCGCACGCAAG_018,106
AGAATGCAAGCGCACGCAAG_019,198
AGAATGCAAGCGCACGCAAG_020,48
AGAATGCAAGCGCACGCAAG_021,118
AGAATGCAAGCGCACGCAAG_022,149
AGAATGCAAGCGCACGCAAG_023,67
AGAATGCAAGCGCACGCAAG_024,73
AGAATGCAAGCGCACGCAAG_025,102
AGAATGCAAGCGCACGCAAG_026,130
AGAATGCAAGCGCACGCAAG_027,198
AGAATGCAAGCGCACGCAAG_028,138
AGAATGCAAGCGCACGCAAG_029,29
AGAATGCAAGCGCACGCAAG_030,30
AGAATGCAAGCGCACGCAAG_031,191
AGAATGCAAGCGCACGCAAG_032,165
CAAAAACAAGCGCACCACCG_001,1
CAAAAACAAGCGCACCACCG_002,63
CAAAAACAAGCGCACCACCG_003,169
CAAAAACAAGCGCACCACCG_004,109
CAAAAACAAGCGCACCACCG_005,11
CAAAAACAAGCGCACCACCG_006,168
CAAAAACAAGCGCACCACCG_007,150
CAAAAACAAGCGCACCACCG_008,72
CAAAAACAAGCGCACCACCG_009,143
CAAAAACAAGCGCACCACCG_010,50
CAAAAACAAGCGCACCACCG_011,105
CAAAAACAAGCGCACCACCG_012,140
CAAAAACAAGCGCACCACCG_013,32
CAAAAACAAGCGCACCACCG_014,86
CAAAAACAAGCGCACCACCG_015,88
CAAAAACAAGCGCACCACCG_016,37
CAAAAACAAGCGCACCACCG_017,152
CAAAAACAAGCGCACCACCG_018,3
CAAAAACAAGCGCACCACCG_019,153
GGAGCAGAAGTAGATGTACT_001,120
GGAGCAGAAGTAGATGTACT_002,54
GGAGCAGAAGTAGATGTACT_003,178
GGAGCAGAAGTAGATGTACT_004,9
GGAGCAGAAGTAGATGTACT_005,49
GGACATTACTTTCTACATGT_001,24
GGACATTACTTTCTACATGT_002,11
TTACACCATAACGCTCCAGG_001,162
TTACACCATAACGCTCCAGG_002,17
TTACACCATAACGCTCCAGG_003,117
TTACACCATAACGCTCCAGG_004,178
TTACACCATAACGCTCCAGG_005,104
AGGAGGCAGCGGGATTGTAG_001,87
AGGAGGCAGCGGGATTGTAG_002,178
AGGAGGCAGCGGGATTGTAG_003,116
AGGAGGCAGCGGGATTGTAG_004,116
AGGAGGCAGCGGGATTGTAG_005,61
AGGAGGCAGCGGGATTGTAG_006,175
AGGAGGCAGCGGGATTGTAG_007,10
AGGAGGCAGCGGGATTGTAG_008,22
AGGAGGCAGCGGGATTGTAG_009,139
AGGAGGCAGCGGGATTGTAG_010,148
AGGAGGCAGCGGGATTGTAG_011,8
AGGAGGCAGCGGGATTGTAG_012,25
AGGAGGCAGCGGGATTGTAG_013,28
ATTCACTGACAAGTCAGCAA_001,29
ATTCACTGACAAGTCAGCAA_002,150
AGCTGGAAATCGTGCCTGTG_001,188
AGCTGGAAATCGTGCCTGTG_002,94
AGCTGGAAATCGTGCCTGTG_003,12
AGCTGGAAATCGTGCCTGTG_004,78
AGCTGGAAATCGTGCCTGTG_005,122
AGCTGGAAATCGTGCCTGTG_006,133
AGCTGGAAATCGTGCCTGTG_007,7
AGCTGGAAATCGTGCCTGTG_008,20
AGCTGGAAATCGTGCCTGTG_009,192
AGCTGGAAATCGTGCCTGTG_010,31
AGCTGGAAATCGTGCCTGTG_011,7
AGCTGGAAATCGTGCCTGTG_012,193
AGCTGGAAATCGTGCCTGTG_013,177
AGCTGGAAATCGTGCCTGTG_014,158
AGCTGGAAATCGTGCCTGTG_015,102
AGCTGGAAATCGTGCCTGTG_016,157
AGCTGGAAATCGTGCCTGTG_017,49
AGCTGGAAATCGTGCCTGTG_018,68
AGCTGGAAATCGTGCCTGTG_019,124
AGCTGGAAATCGTGCCTGTG_020,19
AGCTGGAAATCGTGCCTGTG_021,188
AGCTGGAAATCGTGCCTGTG_022,172
AGCTGGAAATCGTGCCTGTG_023,118
GTATTTCAGGGACCGGTCAG_001,72
GTATTTCAGGGACCGGTCAG_002,19
GTATTTCAGGGACCGGTCAG_003,40
GTATTTCAGGGACCGGTCAG_004,96
GTATTTCAGGGACCGGTCAG_005,52
GTATTTCAGGGACCGGTCAG_006,107
GTATTTCAGGGACCGGTCAG_007,41
GTATTTCAGGGACCGGTCAG_008,94
GTATTTCAGGGACCGGTCAG_009,149
GTATTTCAGGGACCGGTCAG_010,17
CTGGAAAACAGAGTAGTCGT_001,101
CTGGAAAACAGAGTAGTCGT_002,102
CTGGAAAACAGAGTAGTCGT_003,145
CTGGAAAACAGAGTAGTCGT_004,185
CTGGAAAACAGAGTAGTCGT_005,73
CTGGAAAACAGAGTAGTCGT_006,15
CTGGAAAACAGAGTAGTCGT_007,48
CTGGAAAACAGAGTAGTCGT_008,88
CTGGAAAACAGAGTAGTCGT_009,177
CTGGAAAACAGAGTAGTCGT_010,127
CTGGAAAACAGAGTAGTCGT_011,14
CTTATCCAGGCATAGAATGG_001,148
CTTATCCAGGCATAGAATGG_002,157
CTTATCCAGGCATAGAATGG_003,15
CTTATCCAGGCATAGAATGG_004,168
CATAGAATTCGTGGGCCCCG_001,100
CATAGAATTCGTGGGCCCCG_002,40
CATAGAATTCGTGGGCCCCG_003,115
CATAGAATTCGTGGGCCCCG_004,184
ACATCTCCCTTATGCAACTC_001,8
ACATCTCCCTTATGCAACTC_002,148
ACATCTCCCTTATGCAACTC_003,77
ACATCTCCCTTATGCAACTC_004,81
ACATCTCCCTTATGCAACTC_005,22
ACATCTCCCTTATGCAACTC_006,106
ACATCTCCCTTATGCAACTC_007,170
ACATCTCCCTTATGCAACTC_008,160
ACCTAAGCCCGAGCTCACTG_001,169
ACCTAAGCCCGAGCTCACTG_002,141
ACCTAAGCCCGAGCTCACTG_003,81
ACCTAAGCCCGAGCTCACTG_004,147
ACCTAAGCCCGAGCTCACTG_005,184
ACCTAAGCCCGAGCTCACTG_006,59
ACCTAAGCCCGAGCTCACTG_007,145
ACCTAAGCCCGAGCTCACTG_008,68
ACCTAAGCCCGAGCTCACTG_009,60
ACCTAAGCCCGAGCTCACTG_010,136
ACCTAAGCCCGAGCTCACTG_011,3
ACCTAAGCCCGAGCTCACTG_012,117
CAGAGCATTGGCAACCCGTA_001,77
CAGAGCATTGGCAACCCGTA_002,73
CAGAGCATTGGCAACCCGTA_003,48
CAGAGCATTGGCAACCCGTA_004,172
CAGAGCATTGGCAACCCGTA_005,87
CAGAGCATTGGCAACCCGTA_006,72
CAGAGCATTGGCAACCCGTA_007,48
CAGAGCATTGGCAACCCGTA_008,108
CAGAGCATTGGCAACCCGTA_009,61
CAGAGCATTGGCAACCCGTA_010,40
CAGAGCATTGGCAACCCGTA_011,26
CAGAGCATTGGCAACCCGTA_012,48
CAGAGCATTGGCAACCCGTA_013,21
CAGAGCATTGGCAACCCGTA_014,104
CAGAGCATTGGCAACCCGTA_015,137
CAGAGCATTGGCAACCCGTA_016,113
CAGAGCATTGGCAACCCGTA_017,119
CAGAGCATTGGCAACCCGTA_018,48
CAGAGCATTGGCAACCCGTA_019,13
CAGAGCATTGGCAACCCGTA_020,147
CAGAGCATTGGCAACCCGTA_021,150
CAGAGCATTGGCAACCCGTA_022,137
CAGAGCATTGGCAACCCGTA_023,63
CAGAGCATTGGCAACCCGTA_024,168
GCAAGTCTGTTAGTAGCAGG_001,115
GCAAGTCTGTTAGTAGCAGG_002,78
GCAAGTCTGTTAGTAGCAGG_003,170
GCAAGTCTGTTAGTAGCAGG_004,60
GCAAGTCTGTTAGTAGCAGG_005,118
GCAAGTCTGTTAGTAGCAGG_006,47
GCAAGTCTGTTAGTAGCAGG_007,6
AGGAGGAATGAAGGGCCGTG_001,48
AGGAGGAATGAAGGGCCGTG_002,166
AGGAGGAATGAAGGGCCGTG_003,98
AGGAGGAATGAAGGGCCGTG_004,148
AGGAGGAATGAAGGGCCGTG_005,76
AGGAGGAATGAAGGGCCGTG_006,192
AGGAGGAATGAAGGGCCGTG_007,169
AGGAGGAATGAAGGGCCGTG_008,178
AGGAGGAATGAAGGGCCGTG_009,12
AGGAGGAATGAAGGGCCGTG_010,43
ATCTTTACAGACGGCTACAG_001,94
ATCTTTACAGACGGCTACAG_002,176
ATCTTTACAGACGGCTACAG_003,74
ATCTTTACAGACGGCTACAG_004,49
ATCTTTACAGACGGCTACAG_005,42
ATCTTTACAGACGGCTACAG_006,123
ATCTTTACAGACGGCTACAG_007,101
ATCTTTACAGACGGCTACAG_008,184
ATCTTTACAGACGGCTACAG_009,184
ATCTTTACAGACGGCTACAG_010,59
ATCTTTACAGACGGCTACAG_011,136
TGCTTCACTGACAATCCCCG_001,6
TGCTTCACTGACAATCCCCG_002,142
TGCTTCACTGACAATCCCCG_003,83
TGCTTCACTGACAATCCCCG_004,13
TGCTTCACTGACAATCCCCG_005,185
TGCTTCACTGACAATCCCCG_006,123
TGCTTCACTGACAATCCCCG_007,58
TGCTTCACTGACAATCCCCG_008,16
TGCTTCACTGACAATCCCCG_009,106
TGCTTCACTGACAATCCCCG_010,94
TGCTTCACTGACAATCCCCG_011,115
TGCTTCACTGACAATCCCCG_012,81
TGCTTCACTGACAATCCCCG_013,41
TGCTTCACTGACAATCCCCG_014,61
TGCTTCACTGACAATCCCCG_015,191
TGCTTCACTGACAATCCCCG_016,48
TGCTTCACTGACAATCCCCG_017,58
TGCTTCACTGACAATCCCCG_018,198
GTAATGCCAATAGGCCTGTG_001,188
GTAATGCCAATAGGCCTGTG_002,62
GTAATGCCAATAGGCCTGTG_003,54
GTAATGCCAATAGGCCTGTG_004,44
GTAATGCCAATAGGCCTGTG_005,148
GTAATGCCAATAGGCCTGTG_006,168
GTAATGCCAATAGGCCTGTG_007,49
GTAATGCCAATAGGCCTGTG_008,98
GTAATGCCAATAGGCCTGTG_009,121
GTAATGCCAATAGGCCTGTG_010,147
GTAATGCCAATAGGCCTGTG_011,77
GTAATGCCAATAGGCCTGTG_012,75
GTAATGCCAATAGGCCTGTG_013,50
GTAATGCCAATAGGCCTGTG_014,188
GTAATGCCAATAGGCCTGTG_015,96
GTAATGCCAATAGGCCTGTG_016,11
GTAATGCCAATAGGCCTGTG_017,147
GTAATGCCAATAGGCCTGTG_018,102
GTAATGCCAATAGGCCTGTG_019,144
GTAATGCCAATAGGCCTGTG_020,119
GTAATGCCAATAGGCCTGTG_021,108
GTAATGCCAATAGGCCTGTG_022,108
GTAATGCCAATAGGCCTGTG_023,178
GTAATGCCAATAGGCCTGTG_024,80
GTAATGCCAATAGGCCTGTG_025,2
GTAATGCCAATAGGCCTGTG_026,58
GTAATGCCAATAGGCCTGTG_027,58
GTAATGCCAATAGGCCTGTG_028,85
GTAATGCCAATAGGCCTGTG_029,146
GTAATGCCAATAGGCCTGTG_030,41
GTAATGCCAATAGGCCTGTG_031,141
GTAATGCCAATAGGCCTGTG_032,72
GTAATGCCAATAGGCCTGTG_033,192
GTAATGCCAATAGGCCTGTG_034,108
GACGCAGGCGCAGATTGCGT_001,75
GACGCAGGCGCAGATTGCGT_002,141
GACGCAGGCGCAGATTGCGT_003,46
GACGCAGGCGCAGATTGCGT_004,57
GACGCAGGCGCAGATTGCGT_005,17
GACGCAGGCGCAGATTGCGT_006,2
AGAGCATCGAGGGTAAACGT_001,98
AGAGCATCGAGGGTAAACGT_002,24
AGAGCATCGAGGGTAAACGT_003,23
AGAGCATCGAGGGTAAACGT_004,51
AGAGCATCGAGGGTAAACGT_005,96
CCAAGGAAAGAAGAACCATG_001,104
CCAAGGAAAGAAGAACCATG_002,68
CCAAGGAAAGAAGAACCATG_003,191
CCAAGGAAAGAAGAACCATG_004,90
CCAAGGAAAGAAGAACCATG_005,173
CCAAGGAAAGAAGAACCATG_006,151
CCAAGGAAAGAAGAACCATG_007,36
CCAAGGAAAGAAGAACCATG_008,66
CCAAGGAAAGAAGAACCATG_009,72
CCAAGGAAAGAAGAACCATG_010,170
CCAAGGAAAGAAGAACCATG_011,199
CCAAGGAAAGAAGAACCATG_012,94
GAACTCTGGATCCCTAAATG_001,95
GAACTCTGGATCCCTAAATG_002,100
GAACTCTGGATCCCTAAATG_003,168
GAACTCTGGATCCCTAAATG_004,46
GGTGCCCTATGAGCCGCCTG_001,50
GGTGCCCTATGAGCCGCCTG_002,102
GGTGCCCTATGAGCCGCCTG_003,77
AAGCTGTCCCACCTACAGGA_001,150
AAGCTGTCCCACCTACAGGA_002,169
AAGCTGTCCCACCTACAGGA_003,23
AAGCTGTCCCACCTACAGGA_004,53
AAGCTGTCCCACCTACAGGA_005,196
AAGCTGTCCCACCTACAGGA_006,115
AAGCTGTCCCACCTACAGGA_007,60
AAGCTGTCCCACCTACAGGA_008,83
AAGCTGTCCCACCTACAGGA_009,183
AAGCTGTCCCACCTACAGGA_010,53
AAGCTGTCCCACCTACAGGA_011,174
AAGCTGTCCCACCTACAGGA_012,9
AAGCTGTCCCACCTACAGGA_013,31
AAGCTGTCCCACCTACAGGA_014,177
AAGCTGTCCCACCTACAGGA_015,137
AAGCTGTCCCACCTACAGGA_016,126
AAGCTGTCCCACCTACAGGA_017,81
AAGCTGTCCCACCTACAGGA_018,157
AAGCTGTCCCACCTACAGGA_019,62
AAGCTGTCCCACCTACAGGA_020,64
AAGCTGTCCCACCTACAGGA_021,14
AAGCTGTCCCACCTACAGGA_022,180
AAGCTGTCCCACCTACAGGA_023,180
AAGCTGTCCCACCTACAGGA_024,82
AAGCTGTCCCACCTACAGGA_025,137
AAGCTGTCCCACCTACAGGA_026,138
AAGCTGTCCCACCTACAGGA_027,169
TGTCACTCTGTGCATGATCG_001,94
TGTCACTCTGTGCATGATCG_002,81
TGTCACTCTGTGCATGATCG_003,160
TGTCACTCTGTGCATGATCG_004,137
TGTCACTCTGTGCATGATCG_005,172
GATGACTCACATTGTAGGAT_001,102
GATGACTCACATTGTAGGAT_002,137
GATGACTCACATTGTAGGAT_003,94
GATGACTCACATTGTAGGAT_004,119
GATGACTCACATTGTAGGAT_005,199
GATGACTCACATTGTAGGAT_006,12
AAGATCCTGACACCCTTGGG_001,58
AAGATCCTGACACCCTTGGG_002,178
AAGATCCTGACACCCTTGGG_003,150
AAGATCCTGACACCCTTGGG_004,67
AAGATCCTGACACCCTTGGG_005,191
AAGATCCTGACACCCTTGGG_006,105
TGGCTAGCTGACAGTGACAC_001,192
TGGCTAGCTGACAGTGACAC_002,192
TGGCTAGCTGACAGTGACAC_003,183
TGGCTAGCTGACAGTGACAC_004,156
TGGCTAGCTGACAGTGACAC_005,106
TGGCTAGCTGACAGTGACAC_006,41
TGGCTAGCTGACAGTGACAC_007,134
TGGCTAGCTGACAGTGACAC_008,29
TGGCTAGCTGACAGTGACAC_009,42
GCAGCTTTGGCTATCGCAAG_001,0
GATTGGCCTCACAAAATCTG_001,165
GATTGGCCTCACAAAATCTG_002,94
GATTGGCCTCACAAAATCTG_003,157
GATTGGCCTCACAAAATCTG_004,198
GATTGGCCTCACAAAATCTG_005,23
GATTGGCCTCACAAAATCTG_006,182
GATTGGCCTCACAAAATCTG_007,94
GATTGGCCTCACAAAATCTG_008,149
GATTGGCCTCACAAAATCTG_009,35
GATTGGCCTCACAAAATCTG_010,42
GATTGGCCTCACAAAATCTG_011,116
GATTGGCCTCACAAAATCTG_012,151
GATTGGCCTCACAAAATCTG_013,164
GATTGGCCTCACAAAATCTG_014,113
GATTGGCCTCACAAAATCTG_015,150
GATTGGCCTCACAAAATCTG_016,192
GATTGGCCTCACAAAATCTG_017,175
GATTGGCCTCACAAAATCTG_018,53
TTCCTTAGAGCCATGAAGCT_001,147
TTCCTTAGAGCCATGAAGCT_002,111
TTCCTTAGAGCCATGAAGCT_003,179
TTCCTTAGAGCCATGAAGCT_004,37
TTCCTTAGAGCCATGAAGCT_005,133
TTCCTTAGAGCCATGAAGCT_006,78
TTCCTTAGAGCCATGAAGCT_007,38
TTCCTTAGAGCCATGAAGCT_008,59
TAATCAAAGACCCGGCTACG_001,64
TAATCAAAGACCCGGCTACG_002,74
TAATCAAAGACCCGGCTACG_003,178
TAATCAAAGACCCGGCTACG_004,17
AATTACATTAAAATACCTGA_001,38
AATTACATTAAAATACCTGA_002,134
AATTACATTAAAATACCTGA_003,143
AATTACATTAAAATACCTGA_004,182
GGGGACACGCTGATTGACAT_001,170
GGGGACACGCTGATTGACAT_002,130
GGGGACACGCTGATTGACAT_003,168
GGGGACACGCTGATTGACAT_004,177
GGGGACACGCTGATTGACAT_005,19
GGGGACACGCTGATTGACAT_006,102
GGGGACACGCTGATTGACAT_007,101
GGGGACACGCTGATTGACAT_008,102
GGGGACACGCTGATTGACAT_009,172
GGGGACACGCTGATTGACAT_010,187
GGGGACACGCTGATTGACAT_011,121
GGGGACACGCTGATTGACAT_012,58
GGGGACACGCTGATTGACAT_013,64
GGGGACACGCTGATTGACAT_014,189
GGGGACACGCTGATTGACAT_015,139
GGGGACACGCTGATTGACAT_016,141
GGGGACACGCTGATTGACAT_017,188
GGGGACACGCTGATTGACAT_018,159
GGGGACACGCTGATTGACAT_019,84
GGGGACACGCTGATTGACAT_020,136
CAGACGAGAACCGGAACTTG_001,50
CAGACGAGAACCGGAACTTG_002,118
CAGACGAGAACCGGAACTTG_003,145
CAGACGAGAACCGGAACTTG_004,42
GAGACCACTTCTTACCACCA_001,40
TATGGGTTCTGTGGCTATGG_001,9
TATGGGTTCTGTGGCTATGG_002,73
TATGGGTTCTGTGGCTATGG_003,188
TGCTGCGGATCGTCTTGCTG_001,107
TGCTGCGGATCGTCTTGCTG_002,1
TGCTGCGGATCGTCTTGCTG_003,98
AGACACAGACTCGTGCAGAG_001,60
AGACACAGACTCGTGCAGAG_002,118
AGACACAGACTCGTGCAGAG_003,107
AGACACAGACTCGTGCAGAG_004,40
AGACACAGACTCGTGCAGAG_005,28
AGACACAGACTCGTGCAGAG_006,172
AGACACAGACTCGTGCAGAG_007,81
AGACACAGACTCGTGCAGAG_008,32
AGACACAGACTCGTGCAGAG_009,45
AGACACAGACTCGTGCAGAG_010,76
AGACACAGACTCGTGCAGAG_011,94
AGACACAGACTCGTGCAGAG_012,12
AGACACAGACTCGTGCAGAG_013,35
AGACACAGACTCGTGCAGAG_014,85
AGACACAGACTCGTGCAGAG_015,189
AGACACAGACTCGTGCAGAG_016,157
AGACACAGACTCGTGCAGAG_017,94
AGACACAGACTCGTGCAGAG_018,149
AGACACAGACTCGTGCAGAG_019,160
AGACACAGACTCGTGCAGAG_020,145
AGACACAGACTCGTGCAGAG_021,148
AGACACAGACTCGTGCAGAG_022,58
AGACACAGACTCGTGCAGAG_023,150
AGACACAGACTCGTGCAGAG_024,156
AGACACAGACTCGTGCAGAG_025,33
AGACACAGACTCGTGCAGAG_026,15
GGTGTCTACGACAGTCAATG_001,172
GGTGTCTACGACAGTCAATG_002,22
GGTGTCTACGACAGTCAATG_003,194
GGTGTCTACGACAGTCAATG_004,140
GGTGTCTACGACAGTCAATG_005,15
GGTGTCTACGACAGTCAATG_006,27
GGTGTCTACGACAGTCAATG_007,49
GGTGTCTACGACAGTCAATG_008,106
CAGCTGCTTGAACGGAGAAG_001,49
CAGCTGCTTGAACGGAGAAG_002,69
CAGCTGCTTGAACGGAGAAG_003,154
CAGCTGCTTGAACGGAGAAG_004,2
CAGCTGCTTGAACGGAGAAG_005,82
CAGCTGCTTGAACGGAGAAG_006,149
CAGCTGCTTGAACGGAGAAG_007,149
CAGCTGCTTGAACGGAGAAG_008,48
CAGCTGCTTGAACGGAGAAG_009,32
CAGCTGCTTGAACGGAGAAG_010,178
TCATTAACAGACCCAATCTG_001,51
TCATTAACAGACCCAATCTG_002,60
TCATTAACAGACCCAATCTG_003,53
TCATTAACAGACCCAATCTG_004,48
TCATTAACAGACCCAATCTG_005,188
TCATTAACAGACCCAATCTG_006,145
TCATTAACAGACCCAATCTG_007,55
TCATTAACAGACCCAATCTG_008,162
TCATTAACAGACCCAATCTG_009,197
TCATTAACAGACCCAATCTG_010,136
TCATTAACAGACCCAATCTG_011,54
TCATTAACAGACCCAATCTG_012,77
TCATTAACAGACCCAATCTG_013,56
TCATTAACAGACCCAATCTG_014,108
TCATTAACAGACCCAATCTG_015,162
TCATTAACAGACCCAATCTG_016,123
TCATTAACAGACCCAATCTG_017,145
TCATTAACAGACCCAATCTG_018,49
TCATTAACAGACCCAATCTG_019,157
TCATTAACAGACCCAATCTG_020,39
TCATTAACAGACCCAATCTG_021,138
AAATACTTACTGGTATCGAG_001,172
AAATACTTACTGGTATCGAG_002,185
AAATACTTACTGGTATCGAG_003,91
AAATACTTACTGGTATCGAG_004,75
GAGACCGTGTGGTACTTGAG_001,147
GAGACCGTGTGGTACTTGAG_002,103
GAGACCGTGTGGTACTTGAG_003,52
GAGACCGTGTGGTACTTGAG_004,174
GAGACCGTGTGGTACTTGAG_005,150
GCTGGCAGGACATGGAACGA_001,183
GCTGGCAGGACATGGAACGA_002,9
GCTGGCAGGACATGGAACGA_003,9
GCTGGCAGGACATGGAACGA_004,142
GCTGGCAGGACATGGAACGA_005,152
GCTGGCAGGACATGGAACGA_006,32
GCTGGCAGGACATGGAACGA_007,58
GCTGGCAGGACATGGAACGA_008,36
GCTGGCAGGACATGGAACGA_009,83
GCTGGCAGGACATGGAACGA_010,150
CATTGAGTGGTACAAGAACG_001,98
CATTGAGTGGTACAAGAACG_002,162
CATTGAGTGGTACAAGAACG_003,35
GCACCGTACCGCTGATGCCA_001,49
GCACCGTACCGCTGATGCCA_002,118
ATGCCAACTGAGCATACGCT_001,58
ATGCCAACTGAGCATACGCT_002,130
ATGCCAACTGAGCATACGCT_003,158
ATGCCAACTGAGCATACGCT_004,192
ATGCCAACTGAGCATACGCT_005,152
ATGCCAACTGAGCATACGCT_006,142
ATGCCAACTGAGCATACGCT_007,22
ATGCCAACTGAGCATACGCT_008,168
ATGCCAACTGAGCATACGCT_009,68
ATGCCAACTGAGCATACGCT_010,147
AGACCATATAGATGAGAGTG_001,80
AGACCATATAGATGAGAGTG_002,50
AGACCATATAGATGAGAGTG_003,88
AGACCATATAGATGAGAGTG_004,147
AGACCATATAGATGAGAGTG_005,13
AGACCATATAGATGAGAGTG_006,2
AGACCATATAGATGAGAGTG_007,48
AGACCATATAGATGAGAGTG_008,146
TGAGTTCTATAAGCAGTCCT_001,150
TGAGTTCTATAAGCAGTCCT_002,50
TGAGTTCTATAAGCAGTCCT_003,162
TGAGTTCTATAAGCAGTCCT_004,193
TGAGTTCTATAAGCAGTCCT_005,177
TGAGTTCTATAAGCAGTCCT_006,144
TGAGTTCTATAAGCAGTCCT_007,174
TGAGTTCTATAAGCAGTCCT_008,128
CTTATGTCTAGTTAGTGTTG_001,182
CTTATGTCTAGTTAGTGTTG_002,56
CTTATGTCTAGTTAGTGTTG_003,147
CTTATGTCTAGTTAGTGTTG_004,31
CTTATGTCTAGTTAGTGTTG_005,41
CTTATGTCTAGTTAGTGTTG_006,91
CTTATGTCTAGTTAGTGTTG_007,91
CTTATGTCTAGTTAGTGTTG_008,56
CTTATGTCTAGTTAGTGTTG_009,18
CTTATGTCTAGTTAGTGTTG_010,115
CTTATGTCTAGTTAGTGTTG_011,188
CTTATGTCTAGTTAGTGTTG_012,46
ACAGTTCACGCTCCCGCAGG_001,25
AATAAAGATTAGCCAACTGA_001,38
AATAAAGATTAGCCAACTGA_002,9
AATAAAGATTAGCCAACTGA_003,184
ATAGTAAAGAGCATACTCCA_001,115
ATAGTAAAGAGCATACTCCA_002,48
ATAGTAAAGAGCATACTCCA_003,188
ATAGTAAAGAGCATACTCCA_004,56
ATAGTAAAGAGCATACTCCA_005,188
ATAGTAAAGAGCATACTCCA_006,184
ATAGTAAAGAGCATACTCCA_007,56
ATAGTAAAGAGCATACTCCA_008,62
ATAGTAAAGAGCATACTCCA_009,142
ATAGTAAAGAGCATACTCCA_010,57
ATAGTAAAGAGCATACTCCA_011,43
ATAGTAAAGAGCATACTCCA_012,119
ATAGTAAAGAGCATACTCCA_013,197
CTCAGTGGATACGATTTGCT_001,148
CTCAGTGGATACGATTTGCT_002,77
CTCAGTGGATACGATTTGCT_003,50
CTCAGTGGATACGATTTGCT_004,78
CTCAGTGGATACGATTTGCT_005,76
CTCAGTGGATACGATTTGCT_006,19
CTCAGTGGATACGATTTGCT_007,93
CTCAGTGGATACGATTTGCT_008,148
CTCAGTGGATACGATTTGCT_009,82
CTCAGTGGATACGATTTGCT_010,178
CTCAGTGGATACGATTTGCT_011,2
CTCAGTGGATACGATTTGCT_012,76
CTCAGTGGATACGATTTGCT_013,16
CTCAGTGGATACGATTTGCT_014,150
CTCAGTGGATACGATTTGCT_015,158
CTCAGTGGATACGATTTGCT_016,101
TGAGCTGATGGAGCACACTG_001,168
TGAGCTGATGGAGCACACTG_002,65
TGAGCTGATGGAGCACACTG_003,102
TGAGCTGATGGAGCACACTG_004,149
TGAGCTGATGGAGCACACTG_005,182
TGAGCTGATGGAGCACACTG_006,118
TGAGCTGATGGAGCACACTG_007,168
TGAGCTGATGGAGCACACTG_008,42
TGAGCTGATGGAGCACACTG_009,131
TGAGCTGATGGAGCACACTG_010,180
TGAGCTGATGGAGCACACTG_011,191
TGAGCTGATGGAGCACACTG_012,1
TGAGCTGATGGAGCACACTG_013,24
TGAGCTGATGGAGCACACTG_014,152
TGAGCTGATGGAGCACACTG_015,148
GAAGACCCACTTCTTCATGT_001,94
GAAGACCCACTTCTTCATGT_002,46
GAAGACCCACTTCTTCATGT_003,174
GAAGACCCACTTCTTCATGT_004,102
GAAGACCCACTTCTTCATGT_005,44
GAAGACCCACTTCTTCATGT_006,172
GAAGACCCACTTCTTCATGT_007,1
GAAGACCCACTTCTTCATGT_008,197
GAAGACCCACTTCTTCATGT_009,19
GAAGACCCACTTCTTCATGT_010,56
GAAGACCCACTTCTTCATGT_011,26
GGGCACTATCCTAAGCTCAG_001,12
GGGCACTATCCTAAGCTCAG_002,34
GGGCACTATCCTAAGCTCAG_003,118
GGGCACTATCCTAAGCTCAG_004,86
GGGCACTATCCTAAGCTCAG_005,196
GGGCACTATCCTAAGCTCAG_006,8
GGGCACTATCCTAAGCTCAG_007,118
GGGCACTATCCTAAGCTCAG_008,175
GGGCACTATCCTAAGCTCAG_009,1
GGGCACTATCCTAAGCTCAG_010,40
GGGCACTATCCTAAGCTCAG_011,184
GGGCACTATCCTAAGCTCAG_012,50
TTAAAAAACTAGATCCAGGT_001,63
TTAAAAAACTAGATCCAGGT_002,79
TTAAAAAACTAGATCCAGGT_003,199
TTAAAAAACTAGATCCAGGT_004,197
TTAAAAAACTAGATCCAGGT_005,22
TTAAAAAACTAGATCCAGGT_006,84
TTAAAAAACTAGATCCAGGT_007,44
TTAAAAAACTAGATCCAGGT_008,75
TTAAAAAACTAGATCCAGGT_009,93
TTAAAAAACTAGATCCAGGT_010,150
TTAAAAAACTAGATCCAGGT_011,52
ATCGCCACCAGCAAGTACCA_001,129
ATCGCCACCAGCAAGTACCA_002,87
ATCGCCACCAGCAAGTACCA_003,55
ATCGCCACCAGCAAGTACCA_004,127
ATCGCCACCAGCAAGTACCA_005,145
ATCGCCACCAGCAAGTACCA_006,73
ATCGCCACCAGCAAGTACCA_007,107
ATCGCCACCAGCAAGTACCA_008,49
ATCGCCACCAGCAAGTACCA_009,149
ATCGCCACCAGCAAGTACCA_010,149
ATCGCCACCAGCAAGTACCA_011,139
ATCGCCACCAGCAAGTACCA_012,50
ATCGCCACCAGCAAGTACCA_013,113
ATCGCCACCAGCAAGTACCA_014,17
ATCGCCACCAGCAAGTACCA_015,17
ATCGCCACCAGCAAGTACCA_016,88
ATCGCCACCAGCAAGTACCA_017,96
ATCGCCACCAGCAAGTACCA_018,82
ATCGCCACCAGCAAGTACCA_019,19
ATCGCCACCAGCAAGTACCA_020,19
ATCGCCACCAGCAAGTACCA_021,1
ATCGCCACCAGCAAGTACCA_022,77
ATCGCCACCAGCAAGTACCA_023,161
ATCGCCACCAGCAAGTACCA_024,193
ATCGCCACCAGCAAGTACCA_025,159
ATCGCCACCAGCAAGTACCA_026,6
ATCGCCACCAGCAAGTACCA_027,107
ATCGCCACCAGCAAGTACCA_028,43
ATCGCCACCAGCAAGTACCA_029,124
ATCGCCACCAGCAAGTACCA_030,106
ATCGCCACCAGCAAGTACCA_031,168
AGCCCGCGGGCATCATGTCG_001,183
AGCCCGCGGGCATCATGTCG_002,35
AGCCCGCGGGCATCATGTCG_003,141
AGCCCGCGGGCATCATGTCG_004,144
AGCCCGCGGGCATCATGTCG_005,28
AGCCCGCGGGCATCATGTCG_006,40
AGCCCGCGGGCATCATGTCG_007,92
AGCCCGCGGGCATCATGTCG_008,21
AGCCCGCGGGCATCATGTCG_009,119
AGCCCGCGGGCATCATGTCG_010,32
GCTGTTGTATTACAATGCTG_001,40
TACACTGGCAAGCCAAACCT_001,82
TACACTGGCAAGCCAAACCT_002,24
TACACTGGCAAGCCAAACCT_003,77
TACACTGGCAAGCCAAACCT_004,94
TACACTGGCAAGCCAAACCT_005,98
TACACTGGCAAGCCAAACCT_006,2
TACACTGGCAAGCCAAACCT_007,177
TACACTGGCAAGCCAAACCT_008,112
TACACTGGCAAGCCAAACCT_009,48
TACACTGGCAAGCCAAACCT_010,48
TACACTGGCAAGCCAAACCT_011,42
TACACTGGCAAGCCAAACCT_012,68
ATATCTTCAAAAGCACCTTG_001,193
ATATCTTCAAAAGCACCTTG_002,43
ATATCTTCAAAAGCACCTTG_003,70
ATATCTTCAAAAGCACCTTG_004,102
ATATCTTCAAAAGCACCTTG_005,124
ATATCTTCAAAAGCACCTTG_006,71
ATATCTTCAAAAGCACCTTG_007,187
ATATCTTCAAAAGCACCTTG_008,81
ATATCTTCAAAAGCACCTTG_009,83
ATATCTTCAAAAGCACCTTG_010,48
ATATCTTCAAAAGCACCTTG_011,12
ATATCTTCAAAAGCACCTTG_012,1
ATATCTTCAAAAGCACCTTG_013,2
ATATCTTCAAAAGCACCTTG_014,50
ATATCTTCAAAAGCACCTTG_015,29
ATATCTTCAAAAGCACCTTG_016,90
ATATCTTCAAAAGCACCTTG_017,148
TCATGCCAACAAACCGCAGG_001,156
TCATGCCAACAAACCGCAGG_002,62
TCATGCCAACAAACCGCAGG_003,44
TCATGCCAACAAACCGCAGG_004,84
TCATGCCAACAAACCGCAGG_005,64
TCATGCCAACAAACCGCAGG_006,64
TCATGCCAACAAACCGCAGG_007,94
TCATGCCAACAAACCGCAGG_008,192
TCATGCCAACAAACCGCAGG_009,69
TCATGCCAACAAACCGCAGG_010,46
TCATGCCAACAAACCGCAGG_011,119
CGGGAACGTGACGAACAGGC_001,29
CGGGAACGTGACGAACAGGC_002,174
CGGGAACGTGACGAACAGGC_003,33
CGGGAACGTGACGAACAGGC_004,134
CGGGAACGTGACGAACAGGC_005,108
CGGGAACGTGACGAACAGGC_006,43
CGGGAACGTGACGAACAGGC_007,76
CGGGAACGTGACGAACAGGC_008,139
CGGGAACGTGACGAACAGGC_009,62
CGGGAACGTGACGAACAGGC_010,19
CGGGAACGTGACGAACAGGC_011,105
GCGGTCACTCCCTGGCCGAG_001,171
GCGGTCACTCCCTGGCCGAG_002,64
GCGGTCACTCCCTGGCCGAG_003,191
GCGGTCACTCCCTGGCCGAG_004,61
GCGGTCACTCCCTGGCCGAG_005,193
GCGGTCACTCCCTGGCCGAG_006,50
CAGGCGGCGATACCCAGGGT_001,23
CAGGCGGCGATACCCAGGGT_002,34
CAGGCGGCGATACCCAGGGT_003,136
CAGGCGGCGATACCCAGGGT_004,50
CAGGCGGCGATACCCAGGGT_005,20
CAGGCGGCGATACCCAGGGT_006,26
CAGGCGGCGATACCCAGGGT_007,77
CAGGCGGCGATACCCAGGGT_008,60
CAGGCGGCGATACCCAGGGT_009,78
CAGGCGGCGATACCCAGGGT_010,28
CAGGCGGCGATACCCAGGGT_011,105
AAGTAGAGTGCAGATCGGTG_001,170
AAGTAGAGTGCAGATCGGTG_002,72
AAGTAGAGTGCAGATCGGTG_003,49
AAGTAGAGTGCAGATCGGTG_004,29
AAGTAGAGTGCAGATCGGTG_005,1
AAGTAGAGTGCAGATCGGTG_006,7
AAGTAGAGTGCAGATCGGTG_007,62
AAGTAGAGTGCAGATCGGTG_008,12
AAGTAGAGTGCAGATCGGTG_009,90
AAGTAGAGTGCAGATCGGTG_010,102
AAGTAGAGTGCAGATCGGTG_011,15
AAGTAGAGTGCAGATCGGTG_012,94
AAGTAGAGTGCAGATCGGTG_013,0
AAGTAGAGTGCAGATCGGTG_014,169
AAGTAGAGTGCAGATCGGTG_015,171
AAGTAGAGTGCAGATCGGTG_016,19
AAGTAGAGTGCAGATCGGTG_017,188
AAGTAGAGTGCAGATCGGTG_018,61
CCGGATCCTGTGTACCACTG_001,160
CCGGATCCTGTGTACCACTG_002,104
CCGGATCCTGTGTACCACTG_003,78
CCGGATCCTGTGTACCACTG_004,30
CCGGATCCTGTGTACCACTG_005,75
CCGGATCCTGTGTACCACTG_006,163
CCGGATCCTGTGTACCACTG_007,185
CCGGATCCTGTGTACCACTG_008,147
CCGGATCCTGTGTACCACTG_009,92
CCGGATCCTGTGTACCACTG_010,19
CCGGATCCTGTGTACCACTG_011,40
CCGGATCCTGTGTACCACTG_012,103
CCGGATCCTGTGTACCACTG_013,70
CCGGATCCTGTGTACCACTG_014,70
CCGGATCCTGTGTACCACTG_015,152
CCGGATCCTGTGTACCACTG_016,179
CCGGATCCTGTGTACCACTG_017,88
AGGATCCACTGCCTTGACAA_001,153
AGGATCCACTGCCTTGACAA_002,25
AGGATCCACTGCCTTGACAA_003,176
AGGATCCACTGCCTTGACAA_004,60
AGGATCCACTGCCTTGACAA_005,2
AGGATCCACTGCCTTGACAA_006,78
AGGATCCACTGCCTTGACAA_007,97
AGGATCCACTGCCTTGACAA_008,97
AGGATCCACTGCCTTGACAA_009,36
AGGATCCACTGCCTTGACAA_010,82
AGGATCCACTGCCTTGACAA_011,47
AGGATCCACTGCCTTGACAA_012,49
AGGATCCACTGCCTTGACAA_013,134
AGGATCCACTGCCTTGACAA_014,64
AGGATCCACTGCCTTGACAA_015,80
AGGATCCACTGCCTTGACAA_016,147
AGGATCCACTGCCTTGACAA_017,84
AGGATCCACTGCCTTGACAA_018,58
AGGATCCACTGCCTTGACAA_019,8
AGGATCCACTGCCTTGACAA_020,155
AGGATCCACTGCCTTGACAA_021,136
AGGATCCACTGCCTTGACAA_022,183
AGGATCCACTGCCTTGACAA_023,141
AGGATCCACTGCCTTGACAA_024,50
GTCTGTAGGATATGTTACAA_001,186
GTCTGTAGGATATGTTACAA_002,56
AGAGGCCAACCAACCTTTGG_001,187
AGAGGCCAACCAACCTTTGG_002,51
AGAGGCCAACCAACCTTTGG_003,96
AGAGGCCAACCAACCTTTGG_004,136
AGAGGCCAACCAACCTTTGG_005,182
AGAGGCCAACCAACCTTTGG_006,197
AGAGGCCAACCAACCTTTGG_007,120
AGAGGCCAACCAACCTTTGG_008,115
AGAGGCCAACCAACCTTTGG_009,175
AGAGGCCAACCAACCTTTGG_010,107
AGAGGCCAACCAACCTTTGG_011,43
AGAGGCCAACCAACCTTTGG_012,131
AGAGGCCAACCAACCTTTGG_013,63
AGAGGCCAACCAACCTTTGG_014,57
AGAGGCCAACCAACCTTTGG_015,62
AGAGGCCAACCAACCTTTGG_016,63
CGGCATCTACTACTGCTGGG_001,21
CGGCATCTACTACTGCTGGG_002,16
CGGCATCTACTACTGCTGGG_003,70
CGGCATCTACTACTGCTGGG_004,74
CGGCATCTACTACTGCTGGG_005,113
CGGCATCTACTACTGCTGGG_006,1
TATCGAGTACGGATTTCGGC_001,41
TATCGAGTACGGATTTCGGC_002,134
TATCGAGTACGGATTTCGGC_003,130
TATCGAGTACGGATTTCGGC_004,117
TATCGAGTACGGATTTCGGC_005,105
TATCGAGTACGGATTTCGGC_006,2
TATCGAGTACGGATTTCGGC_007,176
GCAACGTACCGCCGCTACCA_001,175
GCAACGTACCGCCGCTACCA_002,98
GCAACGTACCGCCGCTACCA_003,140
GCAACGTACCGCCGCTACCA_004,83
GCAACGTACCGCCGCTACCA_005,127
TCGGAAAAAGACCTCTCGGG_001,196
TCGGAAAAAGACCTCTCGGG_002,103
GATGAGCATTGGCAGCGAGG_001,36
GATGAGCATTGGCAGCGAGG_002,135
GATGAGCATTGGCAGCGAGG_003,178
GATGAGCATTGGCAGCGAGG_004,184
GATGAGCATTGGCAGCGAGG_005,130
GATGAGCATTGGCAGCGAGG_006,169
GATGAGCATTGGCAGCGAGG_007,89
GATGAGCATTGGCAGCGAGG_008,96
GATGAGCATTGGCAGCGAGG_009,68
GATGAGCATTGGCAGCGAGG_010,140
GCTCAGTGATTGCGGACGTG_001,198
GCTCAGTGATTGCGGACGTG_002,44
GCTCAGTGATTGCGGACGTG_003,61
GCTCAGTGATTGCGGACGTG_004,150
AAAACAATACCTTAGCACTG_001,170
AAAACAATACCTTAGCACTG_002,65
AAAACAATACCTTAGCACTG_003,182
AAAACAATACCTTAGCACTG_004,152
AAAACAATACCTTAGCACTG_005,8
AAAACAATACCTTAGCACTG_006,101
AAAACAATACCTTAGCACTG_007,185
GGTTAAGGGCCACGGCAAGA_001,198
GGTTAAGGGCCACGGCAAGA_002,161
GGTTAAGGGCCACGGCAAGA_003,45
GGTTAAGGGCCACGGCAAGA_004,83
GGTTAAGGGCCACGGCAAGA_005,9
GGTTAAGGGCCACGGCAAGA_006,36
GGTTAAGGGCCACGGCAAGA_007,19
GCCTGTGGGACGGGACACGG_001,125
GCCTGTGGGACGGGACACGG_002,59
GCCTGTGGGACGGGACACGG_003,172
GCCTGTGGGACGGGACACGG_004,77
GCCTGTGGGACGGGACACGG_005,70
GCCTGTGGGACGGGACACGG_006,39
GCCTGTGGGACGGGACACGG_007,6
GCCTGTGGGACGGGACACGG_008,34
GCCTGTGGGACGGGACACGG_009,161
GCCTGTGGGACGGGACACGG_010,6
GCCTGTGGGACGGGACACGG_011,85
GCCTGTGGGACGGGACACGG_012,9
GCCTGTGGGACGGGACACGG_013,72
GCCTGTGGGACGGGACACGG_014,63
GCCTGTGGGACGGGACACGG_015,63
GCCTGTGGGACGGGACACGG_016,56
GCCTGTGGGACGGGACACGG_017,12
GCGCACCATGTCGCCCCACG_001,49
GCGCACCATGTCGCCCCACG_002,60
GCGCACCATGTCGCCCCACG_003,105
GCGCACCATGTCGCCCCACG_004,78
GCGCACCATGTCGCCCCACG_005,131
GCGCACCATGTCGCCCCACG_006,20
GCGCACCATGTCGCCCCACG_007,45
GCGCACCATGTCGCCCCACG_008,147
GCGCACCATGTCGCCCCACG_009,100
AAACCAACTCTACTTGTGGT_001,85
AAACCAACTCTACTTGTGGT_002,54
AAACCAACTCTACTTGTGGT_003,3
AAACCAACTCTACTTGTGGT_004,3
AAACCAACTCTACTTGTGGT_005,88
TGGCAGATGAGGAAGTCCTA_001,6
TGGCAGATGAGGAAGTCCTA_002,6
TGGCAGATGAGGAAGTCCTA_003,165
TGGCAGATGAGGAAGTCCTA_004,58
TGGCAGATGAGGAAGTCCTA_005,151
TGGCAGATGAGGAAGTCCTA_006,68
TGGCAGATGAGGAAGTCCTA_007,99
TGGCAGATGAGGAAGTCCTA_008,38
TGGCAGATGAGGAAGTCCTA_009,12
TGGCAGATGAGGAAGTCCTA_010,50
TGGCAGATGAGGAAGTCCTA_011,116
TGGCAGATGAGGAAGTCCTA_012,23
TGGCAGATGAGGAAGTCCTA_013,14
TGGCAGATGAGGAAGTCCTA_014,118
TGGCAGATGAGGAAGTCCTA_015,115
AACACTCCAAAGAAATGACC_001,30
ATGAAGCCAGAACGCTGTTC_001,169
ATGAAGCCAGAACGCTGTTC_002,63
ATGAAGCCAGAACGCTGTTC_003,77
ATGAAGCCAGAACGCTGTTC_004,49
ATGAAGCCAGAACGCTGTTC_005,117
ATGAAGCCAGAACGCTGTTC_006,0
ATGAAGCCAGAACGCTGTTC_007,173
ATGAAGCCAGAACGCTGTTC_008,27
ATGAAGCCAGAACGCTGTTC_009,149
ATGAAGCCAGAACGCTGTTC_010,107
ATGAAGCCAGAACGCTGTTC_011,1
ATGAAGCCAGAACGCTGTTC_012,16
ATGAAGCCAGAACGCTGTTC_013,171
ATGAAGCCAGAACGCTGTTC_014,165
ATGAAGCCAGAACGCTGTTC_015,169
ATGAAGCCAGAACGCTGTTC_016,127
ATGAAGCCAGAACGCTGTTC_017,49
ATGAAGCCAGAACGCTGTTC_018,145
ATGAAGCCAGAACGCTGTTC_019,130
ACCCTGCGCTCGCACTACGA_001,40
ACCCTGCGCTCGCACTACGA_002,147
ACCCTGCGCTCGCACTACGA_003,0
ACCCTGCGCTCGCACTACGA_004,148
ACCCTGCGCTCGCACTACGA_005,107
ACCCTGCGCTCGCACTACGA_006,194
ACCCTGCGCTCGCACTACGA_007,48
ACCCTGCGCTCGCACTACGA_008,86
AGAACCAGTCAACTTGAGTG_001,62
AGAACCAGTCAACTTGAGTG_002,178
AGAACCAGTCAACTTGAGTG_003,184
AGAACCAGTCAACTTGAGTG_004,83
AGAACCAGTCAACTTGAGTG_005,42
AGAACCAGTCAACTTGAGTG_006,145
AGAACCAGTCAACTTGAGTG_007,11
AGAACCAGTCAACTTGAGTG_008,186
AGAACCAGTCAACTTGAGTG_009,29
AGAACCAGTCAACTTGAGTG_010,187
AGAACCAGTCAACTTGAGTG_011,142
AGAACCAGTCAACTTGAGTG_012,199
AGAACCAGTCAACTTGAGTG_013,103
AGAACCAGTCAACTTGAGTG_014,131
AGAACCAGTCAACTTGAGTG_015,63
AGAACCAGTCAACTTGAGTG_016,193
CAGCCTACCAAGAGGCCAGA_001,26
CAGCCTACCAAGAGGCCAGA_002,37
CAGCCTACCAAGAGGCCAGA_003,9
GGAAGCAGCGACCACAGTCA_001,68
GGAAGCAGCGACCACAGTCA_002,186
GGAAGCAGCGACCACAGTCA_003,52
GGAAGCAGCGACCACAGTCA_004,85
GGAAGCAGCGACCACAGTCA_005,9
GGAAGCAGCGACCACAGTCA_006,88
GGAAGCAGCGACCACAGTCA_007,199
AGCCGACTTCATACTCGAAG_001,168
AAGGTGAGCACTCTGTCTGA_001,49
GTGCCTCAGGATGTGACGCA_001,145
GTGCCTCAGGATGTGACGCA_002,102
GTGCCTCAGGATGTGACGCA_003,106
GTGCCTCAGGATGTGACGCA_004,143
GTGCCTCAGGATGTGACGCA_005,176
GTGCCTCAGGATGTGACGCA_006,174
GTGCCTCAGGATGTGACGCA_007,80
GTGCCTCAGGATGTGACGCA_008,65
GTGCCTCAGGATGTGACGCA_009,150
GTGCCTCAGGATGTGACGCA_010,148
GTGCCTCAGGATGTGACGCA_011,82
GTGCCTCAGGATGTGACGCA_012,180
GTGCCTCAGGATGTGACGCA_013,184
GTGCCTCAGGATGTGACGCA_014,105
GTGCCTCAGGATGTGACGCA_015,68
CTGCTGGGTTGTATAATGGG_001,63
CTGCTGGGTTGTATAATGGG_002,50
CTGCTGGGTTGTATAATGGG_003,62
CTGCTGGGTTGTATAATGGG_004,175
CTGCTGGGTTGTATAATGGG_005,46
CTCCGCCTCAGGTGCCGTCA_001,83
CTCCGCCTCAGGTGCCGTCA_002,15
CTCCGCCTCAGGTGCCGTCA_003,29
CTCCGCCTCAGGTGCCGTCA_004,136
CTCCGCCTCAGGTGCCGTCA_005,123
CTCCGCCTCAGGTGCCGTCA_006,91
CTCCGCCTCAGGTGCCGTCA_007,106
CTCCGCCTCAGGTGCCGTCA_008,78
CTCCGCCTCAGGTGCCGTCA_009,106
CTCCGCCTCAGGTGCCGTCA_010,83
CTCCGCCTCAGGTGCCGTCA_011,0
CTCCGCCTCAGGTGCCGTCA_012,194
CTCCGCCTCAGGTGCCGTCA_013,50
CTCCGCCTCAGGTGCCGTCA_014,94
CTCCGCCTCAGGTGCCGTCA_015,58
CTCCGCCTCAGGTGCCGTCA_016,170
CTCCGCCTCAGGTGCCGTCA_017,63
CTCCGCCTCAGGTGCCGTCA_018,184
CTCCGCCTCAGGTGCCGTCA_019,112
CTCCGCCTCAGGTGCCGTCA_020,117
CTCCGCCTCAGGTGCCGTCA_021,104
CTCCGCCTCAGGTGCCGTCA_022,63
CTCCGCCTCAGGTGCCGTCA_023,38
CTCCGCCTCAGGTGCCGTCA_024,12
CTCCGCCTCAGGTGCCGTCA_025,65
CTCCGCCTCAGGTGCCGTCA_026,86
CTCCGCCTCAGGTGCCGTCA_027,95
CTCCGCCTCAGGTGCCGTCA_028,130
CTCCGCCTCAGGTGCCGTCA_029,57
CTCCGCCTCAGGTGCCGTCA_030,9
CTCCGCCTCAGGTGCCGTCA_031,106
CTCCGCCTCAGGTGCCGTCA_032,137
CTCCGCCTCAGGTGCCGTCA_033,116
CTCCGCCTCAGGTGCCGTCA_034,19
CTCCGCCTCAGGTGCCGTCA_035,106
CTCCGCCTCAGGTGCCGTCA_036,48
CTCCGCCTCAGGTGCCGTCA_037,82
CTCCGCCTCAGGTGCCGTCA_038,61
CTCCGCCTCAGGTGCCGTCA_039,0
CTCCGCCTCAGGTGCCGTCA_040,78
CTCCGCCTCAGGTGCCGTCA_041,66
CTCCGCCTCAGGTGCCGTCA_042,116
CTCCGCCTCAGGTGCCGTCA_043,83
GGAAATGCCACTATGCCTCC_001,191
GGAAATGCCACTATGCCTCC_002,168
GGAAATGCCACTATGCCTCC_003,168
GGAAATGCCACTATGCCTCC_004,13
GGAAATGCCACTATGCCTCC_005,48
GGAAATGCCACTATGCCTCC_006,168
GGAAATGCCACTATGCCTCC_007,77
GGAAATGCCACTATGCCTCC_008,78
GGAAATGCCACTATGCCTCC_009,136
GGAAATGCCACTATGCCTCC_010,19
GGCACGTTGCGGCCAAACAG_001,169
GGCACGTTGCGGCCAAACAG_002,130
GGCACGTTGCGGCCAAACAG_003,88
GGCACGTTGCGGCCAAACAG_004,169
GGCACGTTGCGGCCAAACAG_005,94
GGCACGTTGCGGCCAAACAG_006,180
GGCACGTTGCGGCCAAACAG_007,11
GGCACGTTGCGGCCAAACAG_008,188
GGCACGTTGCGGCCAAACAG_009,79
GGCACGTTGCGGCCAAACAG_010,122
GGCACGTTGCGGCCAAACAG_011,172
GGCACGTTGCGGCCAAACAG_012,122
GGCACGTTGCGGCCAAACAG_013,115
GGCACGTTGCGGCCAAACAG_014,146
GGCACGTTGCGGCCAAACAG_015,69
GGCACGTTGCGGCCAAACAG_016,1
GGCACGTTGCGGCCAAACAG_017,97
GGCACGTTGCGGCCAAACAG_018,185
GGCACGTTGCGGCCAAACAG_019,83
GGCACGTTGCGGCCAAACAG_020,119
GGCACGTTGCGGCCAAACAG_021,70
GGCACGTTGCGGCCAAACAG_022,105
GGCACGTTGCGGCCAAACAG_023,73
GGCACGTTGCGGCCAAACAG_024,158
GGCACGTTGCGGCCAAACAG_025,72
GGCACGTTGCGGCCAAACAG_026,11
GGCACGTTGCGGCCAAACAG_027,174
GGCACGTTGCGGCCAAACAG_028,183
GGCACGTTGCGGCCAAACAG_029,190
TTAACAAAACAGTAGCCTCG_001,115
CATACTTGTAGAGTGTATCG_001,1
CATACTTGTAGAGTGTATCG_002,127
CATACTTGTAGAGTGTATCG_003,174
CATACTTGTAGAGTGTATCG_004,69
CATACTTGTAGAGTGTATCG_005,81
CATACTTGTAGAGTGTATCG_006,126
CAACGACGGGCCTAGTCTCA_001,150
CAACGACGGGCCTAGTCTCA_002,117
CAACGACGGGCCTAGTCTCA_003,120
CAACGACGGGCCTAGTCTCA_004,158
CAACGACGGGCCTAGTCTCA_005,12
CAACGACGGGCCTAGTCTCA_006,192
CAACGACGGGCCTAGTCTCA_007,7
CAACGACGGGCCTAGTCTCA_008,178
CAACGACGGGCCTAGTCTCA_009,76
CAACGACGGGCCTAGTCTCA_010,125
CAACGACGGGCCTAGTCTCA_011,131
CAACGACGGGCCTAGTCTCA_012,178
CAACGACGGGCCTAGTCTCA_013,108
CAACGACGGGCCTAGTCTCA_014,43
CAACGACGGGCCTAGTCTCA_015,191
CAACGACGGGCCTAGTCTCA_016,160
CAGCGGCCTTCCAAGCTACG_001,162
CAGCGGCCTTCCAAGCTACG_002,122
CAGCGGCCTTCCAAGCTACG_003,193
CAGCGGCCTTCCAAGCTACG_004,156
CAGCGGCCTTCCAAGCTACG_005,62
CAGCGGCCTTCCAAGCTACG_006,133
CAGCGGCCTTCCAAGCTACG_007,20
CAGCGGCCTTCCAAGCTACG_008,78
CAGCGGCCTTCCAAGCTACG_009,123
CAGCGGCCTTCCAAGCTACG_010,8
CAGCGGCCTTCCAAGCTACG_011,124
CAGCGGCCTTCCAAGCTACG_012,142
CAGCGGCCTTCCAAGCTACG_013,6
CTTGGCTGCAGCTGGAGTGG_001,11
CTTGGCTGCAGCTGGAGTGG_002,184
CTTGGCTGCAGCTGGAGTGG_003,8
CTTGGCTGCAGCTGGAGTGG_004,57
CTTGGCTGCAGCTGGAGTGG_005,23
CTTGGCTGCAGCTGGAGTGG_006,150
CTTGGCTGCAGCTGGAGTGG_007,62
CTTGGCTGCAGCTGGAGTGG_008,102
CTTGGCTGCAGCTGGAGTGG_009,151
CTTGGCTGCAGCTGGAGTGG_010,119
CTTGGCTGCAGCTGGAGTGG_011,137
CTTGGCTGCAGCTGGAGTGG_012,8
CTTGGCTGCAGCTGGAGTGG_013,66
CTTGGCTGCAGCTGGAGTGG_014,79
GAGCCAGTTCCGTTTCGAGG_001,117
GAGCCAGTTCCGTTTCGAGG_002,192
GAGCCAGTTCCGTTTCGAGG_003,192
GAGCCAGTTCCGTTTCGAGG_004,158
GAGCCAGTTCCGTTTCGAGG_005,94
GAGCCAGTTCCGTTTCGAGG_006,41
GAGCCAGTTCCGTTTCGAGG_007,189
GAGCCAGTTCCGTTTCGAGG_008,142
GAGCCAGTTCCGTTTCGAGG_009,175
GGGCGTGTGAGGACAAGTGT_001,57
GGGCGTGTGAGGACAAGTGT_002,48
GGGCGTGTGAGGACAAGTGT_003,49
GGGCGTGTGAGGACAAGTGT_004,176
GGGCGTGTGAGGACAAGTGT_005,171
GGGCGTGTGAGGACAAGTGT_006,72
GGGCGTGTGAGGACAAGTGT_007,102
GGGCGTGTGAGGACAAGTGT_008,33
GGGCGTGTGAGGACAAGTGT_009,168
GGGCGTGTGAGGACAAGTGT_010,161
GGGCGTGTGAGGACAAGTGT_011,178
GGGCGTGTGAGGACAAGTGT_012,144
GGGCGTGTGAGGACAAGTGT_013,134
GGGCGTGTGAGGACAAGTGT_014,108
GGGCGTGTGAGGACAAGTGT_015,159
GGGCGTGTGAGGACAAGTGT_016,75
GGGCGTGTGAGGACAAGTGT_017,179
GGGCGTGTGAGGACAAGTGT_018,67
GGGCGTGTGAGGACAAGTGT_019,105
GGGCGTGTGAGGACAAGTGT_020,176
GGGCGTGTGAGGACAAGTGT_021,176
GGGCGTGTGAGGACAAGTGT_022,166
GGGCGTGTGAGGACAAGTGT_023,147
GGGCGTGTGAGGACAAGTGT_024,104
GGGCGTGTGAGGACAAGTGT_025,127
GGGCGTGTGAGGACAAGTGT_026,16
GGGCGTGTGAGGACAAGTGT_027,180
GGGCGTGTGAGGACAAGTGT_028,35
GGACAGCATCGCTCGGCAAG_001,17
GGACAGCATCGCTCGGCAAG_002,152
GGACAGCATCGCTCGGCAAG_003,115
GGACAGCATCGCTCGGCAAG_004,166
GGACAGCATCGCTCGGCAAG_005,34
GGACAGCATCGCTCGGCAAG_006,34
AACCCACTTAAATATCCTCA_001,136
AACCCACTTAAATATCCTCA_002,8
AACCCACTTAAATATCCTCA_003,125
AACCCACTTAAATATCCTCA_004,98
AACCCACTTAAATATCCTCA_005,106
AACCCACTTAAATATCCTCA_006,178
GTTCAGCAAACAGACCATTG_001,41
GTTCAGCAAACAGACCATTG_002,92
GTTCAGCAAACAGACCATTG_003,4
GTTCAGCAAACAGACCATTG_004,28
GTTCAGCAAACAGACCATTG_005,137
GTTCAGCAAACAGACCATTG_006,181
TTCCGCCTAGAAATCTTCGA_001,70
TTCCGCCTAGAAATCTTCGA_002,114
TTCCGCCTAGAAATCTTCGA_003,142
TTCCGCCTAGAAATCTTCGA_004,52
AGACACGGGAGTTACCACCT_001,81
AGACACGGGAGTTACCACCT_002,35
AGACACGGGAGTTACCACCT_003,2
AGACACGGGAGTTACCACCT_004,94
AGACACGGGAGTTACCACCT_005,50
AGACACGGGAGTTACCACCT_006,127
AGACACGGGAGTTACCACCT_007,6
AGACACGGGAGTTACCACCT_008,88
AGACACGGGAGTTACCACCT_009,140
AGACACGGGAGTTACCACCT_010,8
AGACACGGGAGTTACCACCT_011,123
AGACACGGGAGTTACCACCT_012,2
AGACACGGGAGTTACCACCT_013,17
AGACACGGGAGTTACCACCT_014,191
AGACACGGGAGTTACCACCT_015,27
AGACACGGGAGTTACCACCT_016,42
AGACACGGGAGTTACCACCT_017,83
AGACACGGGAGTTACCACCT_018,116
AGACACGGGAGTTACCACCT_019,151
AGACACGGGAGTTACCACCT_020,68
AGACACGGGAGTTACCACCT_021,187
AGACACGGGAGTTACCACCT_022,70
AGACACGGGAGTTACCACCT_023,165
AGACACGGGAGTTACCACCT_024,38
AGACACGGGAGTTACCACCT_025,169
AGACACGGGAGTTACCACCT_026,158
AGACACGGGAGTTACCACCT_027,170
AGACACGGGAGTTACCACCT_028,137
AGACACGGGAGTTACCACCT_029,148
AGACACGGGAGTTACCACCT_030,88
AGACACGGGAGTTACCACCT_031,177
AGACACGGGAGTTACCACCT_032,131
AGACACGGGAGTTACCACCT_033,131
CTGCTCCTGTTCACGCCTTG_001,177
CTGCTCCTGTTCACGCCTTG_002,134
TCTTCACTCCCCGAACCGGA_001,141
TCTTCACTCCCCGAACCGGA_002,18
TCTTCACTCCCCGAACCGGA_003,125
TCTTCACTCCCCGAACCGGA_004,15
TCTTCACTCCCCGAACCGGA_005,30
TCTTCACTCCCCGAACCGGA_006,60
TCTTCACTCCCCGAACCGGA_007,190
TCTTCACTCCCCGAACCGGA_008,83
TCTTCACTCCCCGAACCGGA_009,68
GCAAGCCATGTTGTCCACGT_001,144
GCAAGCCATGTTGTCCACGT_002,37
GCAAGCCATGTTGTCCACGT_003,62
GCAAGCCATGTTGTCCACGT_004,9
GCAAGCCATGTTGTCCACGT_005,46
GCAAGCCATGTTGTCCACGT_006,21
GCAAGCCATGTTGTCCACGT_007,158
GCAAGCCATGTTGTCCACGT_008,43
GCAAGCCATGTTGTCCACGT_009,75
GCAAGCCATGTTGTCCACGT_010,84
GCAAGCCATGTTGTCCACGT_011,184
GCAAGCCATGTTGTCCACGT_012,94
GCAAGCCATGTTGTCCACGT_013,110
GCAAGCCATGTTGTCCACGT_014,148
TGATCCATTTCAGATACTTG_001,141
TGATCCATTTCAGATACTTG_002,65
TGATCCATTTCAGATACTTG_003,118
TGATCCATTTCAGATACTTG_004,191
CGCCTTGAGCACGAACTCGA_001,56
CGCCTTGAGCACGAACTCGA_002,135
CGCCTTGAGCACGAACTCGA_003,106
CGCCTTGAGCACGAACTCGA_004,171
CGCCTTGAGCACGAACTCGA_005,77
CGCCTTGAGCACGAACTCGA_006,83
CGCCTTGAGCACGAACTCGA_007,24
CGCCTTGAGCACGAACTCGA_008,151
CGCCTTGAGCACGAACTCGA_009,5
CGCCTTGAGCACGAACTCGA_010,62
CGCCTTGAGCACGAACTCGA_011,102
CGCCTTGAGCACGAACTCGA_012,22
CGCCTTGAGCACGAACTCGA_013,94
CGCCTTGAGCACGAACTCGA_014,29
CGCCTTGAGCACGAACTCGA_015,128
CGCCTTGAGCACGAACTCGA_016,77
CGCCTTGAGCACGAACTCGA_017,111
CGCCTTGAGCACGAACTCGA_018,42
CGCCTTGAGCACGAACTCGA_019,178
CGCCTTGAGCACGAACTCGA_020,146
CGCCTTGAGCACGAACTCGA_021,110
CGCCTTGAGCACGAACTCGA_022,121
CGCCTTGAGCACGAACTCGA_023,91
TTCTAAAAAGGCTGTCACCA_001,42
TTCTAAAAAGGCTGTCACCA_002,127
TTCTAAAAAGGCTGTCACCA_003,191
TTCTAAAAAGGCTGTCACCA_004,68
TTCTAAAAAGGCTGTCACCA_005,92
TTCTAAAAAGGCTGTCACCA_006,106
TTCTAAAAAGGCTGTCACCA_007,48
TTCTAAAAAGGCTGTCACCA_008,124
TTCTAAAAAGGCTGTCACCA_009,175
TTCTAAAAAGGCTGTCACCA_010,106
TTCTAAAAAGGCTGTCACCA_011,63
AAGAACTGAATTATTCACCG_001,194
AAGAACTGAATTATTCACCG_002,81
AAGAACTGAATTATTCACCG_003,21
AAGAACTGAATTATTCACCG_004,19
AAGAACTGAATTATTCACCG_005,168
AAGAACTGAATTATTCACCG_006,94
AAGAACTGAATTATTCACCG_007,0
AAGAACTGAATTATTCACCG_008,165
TGTGGCTCGAGATCGCTCTG_001,48
TGTGGCTCGAGATCGCTCTG_002,189
TGTGGCTCGAGATCGCTCTG_003,153
TGTGGCTCGAGATCGCTCTG_004,52
TGTGGCTCGAGATCGCTCTG_005,78
TGTGGCTCGAGATCGCTCTG_006,17
TGTGGCTCGAGATCGCTCTG_007,102
TGTGGCTCGAGATCGCTCTG_008,175
TGTGGCTCGAGATCGCTCTG_009,147
TGTGGCTCGAGATCGCTCTG_010,123
TGTGGCTCGAGATCGCTCTG_011,32
TGTGGCTCGAGATCGCTCTG_012,7
TGTGGCTCGAGATCGCTCTG_013,119
TGTGGCTCGAGATCGCTCTG_014,27
TGTGGCTCGAGATCGCTCTG_015,139
TGTGGCTCGAGATCGCTCTG_016,178
TGTGGCTCGAGATCGCTCTG_017,35
TGTGGCTCGAGATCGCTCTG_018,199
TGTGGCTCGAGATCGCTCTG_019,17
TGTGGCTCGAGATCGCTCTG_020,105
TGTGGCTCGAGATCGCTCTG_021,177
TGTGGCTCGAGATCGCTCTG_022,35
TGTGGCTCGAGATCGCTCTG_023,96
TGTGGCTCGAGATCGCTCTG_024,11
TGTGGCTCGAGATCGCTCTG_025,19
TGTGGCTCGAGATCGCTCTG_026,127
TGTGGCTCGAGATCGCTCTG_027,19
TGTGGCTCGAGATCGCTCTG_028,147
TGTGGCTCGAGATCGCTCTG_029,58
TGTGGCTCGAGATCGCTCTG_030,90
CTGAACCCCAGCTCATCGAG_001,12
CTGAACCCCAGCTCATCGAG_002,145
CTGAACCCCAGCTCATCGAG_003,78
CTGAACCCCAGCTCATCGAG_004,50
CTGAACCCCAGCTCATCGAG_005,163
CTGAACCCCAGCTCATCGAG_006,46
CTGAACCCCAGCTCATCGAG_007,66
CTGAACCCCAGCTCATCGAG_008,138
CTGAACCCCAGCTCATCGAG_009,198
TCGGCCCTGACTGCCGAGCG_001,127
TCGGCCCTGACTGCCGAGCG_002,127
TCGGCCCTGACTGCCGAGCG_003,15
TCGGCCCTGACTGCCGAGCG_004,175
TCGGCCCTGACTGCCGAGCG_005,121
TCGGCCCTGACTGCCGAGCG_006,177
TCGGCCCTGACTGCCGAGCG_007,39
TCGGCCCTGACTGCCGAGCG_008,165
AGAAGGGTTGTACCGCACTG_001,154
AGAAGGGTTGTACCGCACTG_002,121
AGAAGGGTTGTACCGCACTG_003,82
AGAAGGGTTGTACCGCACTG_004,150
AGAAGGGTTGTACCGCACTG_005,98
AATAACCCATCTTCCGTCTG_001,166
AATAACCCATCTTCCGTCTG_002,113
AATAACCCATCTTCCGTCTG_003,132
AATAACCCATCTTCCGTCTG_004,40
AATAACCCATCTTCCGTCTG_005,115
AATAACCCATCTTCCGTCTG_006,2
AATAACCCATCTTCCGTCTG_007,2
AATAACCCATCTTCCGTCTG_008,120
AATAACCCATCTTCCGTCTG_009,130
ATCGCGTCAGTGTAAATACG_001,12
ATCGCGTCAGTGTAAATACG_002,148
ATCGCGTCAGTGTAAATACG_003,177
ATCGCGTCAGTGTAAATACG_004,41
ATCGCGTCAGTGTAAATACG_005,184
ATCGCGTCAGTGTAAATACG_006,17
ATCGCGTCAGTGTAAATACG_007,130
ATCGCGTCAGTGTAAATACG_008,34
ATCGCGTCAGTGTAAATACG_009,56
ATCGCGTCAGTGTAAATACG_010,63
ATCGCGTCAGTGTAAATACG_011,142
ATCGCGTCAGTGTAAATACG_012,38
ATCGCGTCAGTGTAAATACG_013,16
ATCGCGTCAGTGTAAATACG_014,49
GTTGAAGATTGTAAGACGCG_001,40
GTTGAAGATTGTAAGACGCG_002,197
GTTGAAGATTGTAAGACGCG_003,16
GTTGAAGATTGTAAGACGCG_004,120
GTGGGAGGAACACTGAACTG_001,112
GTGGGAGGAACACTGAACTG_002,15
GTGGGAGGAACACTGAACTG_003,25
GTGGGAGGAACACTGAACTG_004,130
GTGGGAGGAACACTGAACTG_005,153
GTGGGAGGAACACTGAACTG_006,98
TCCCTTCCTAGTGCAACCAG_001,169
TCCCTTCCTAGTGCAACCAG_002,160
TCCCTTCCTAGTGCAACCAG_003,148
TCCCTTCCTAGTGCAACCAG_004,96
GGGTCGCTCCGGACGCCGAG_001,158
GGGTCGCTCCGGACGCCGAG_002,114
GGGTCGCTCCGGACGCCGAG_003,114
GGGTCGCTCCGGACGCCGAG_004,130
GGGTCGCTCCGGACGCCGAG_005,160
GGGTCGCTCCGGACGCCGAG_006,53
GGGTCGCTCCGGACGCCGAG_007,94
GGGTCGCTCCGGACGCCGAG_008,96
GGGTCGCTCCGGACGCCGAG_009,131
GGGTCGCTCCGGACGCCGAG_010,81
GGGTCGCTCCGGACGCCGAG_011,44
GGGTCGCTCCGGACGCCGAG_012,44
GGGTCGCTCCGGACGCCGAG_013,193
GGGTCGCTCCGGACGCCGAG_014,1
GGGTCGCTCCGGACGCCGAG_015,184
GGGTCGCTCCGGACGCCGAG_016,101
GGGTCGCTCCGGACGCCGAG_017,3
GGGTCGCTCCGGACGCCGAG_018,130
GGGTCGCTCCGGACGCCGAG_019,40
GGGTCGCTCCGGACGCCGAG_020,163
GGGTCGCTCCGGACGCCGAG_021,169
AAGAGACATTGGAGCTAGGG_001,107
AAGAGACATTGGAGCTAGGG_002,150
AAGAGACATTGGAGCTAGGG_003,27
AAGAGACATTGGAGCTAGGG_004,68
AAGAGACATTGGAGCTAGGG_005,162
AAGAGACATTGGAGCTAGGG_006,103
AAGAGACATTGGAGCTAGGG_007,187
AAGAGACATTGGAGCTAGGG_008,9
AAGAGACATTGGAGCTAGGG_009,106
TGGACACCCTCAACAGAATG_001,144
TGGACACCCTCAACAGAATG_002,130
TGGACACCCTCAACAGAATG_003,158
TGGACACCCTCAACAGAATG_004,148
TGGACACCCTCAACAGAATG_005,103
TGGACACCCTCAACAGAATG_006,153
TGGACACCCTCAACAGAATG_007,146
TGGACACCCTCAACAGAATG_008,105
TGGACACCCTCAACAGAATG_009,115
TGGACACCCTCAACAGAATG_010,19
TGGACACCCTCAACAGAATG_011,19
TGGACACCCTCAACAGAATG_012,8
ATTATTAATTGGATGTGACG_001,190
ATTATTAATTGGATGTGACG_002,68
ATTATTAATTGGATGTGACG_003,114
ATTATTAATTGGATGTGACG_004,190
CTGTACGGCTCTCGTCCTCG_001,80
CTGTACGGCTCTCGTCCTCG_002,68
CTGTACGGCTCTCGTCCTCG_003,11
CTGTACGGCTCTCGTCCTCG_004,8
GGTTTGCTGACAGTACACAT_001,177
GGTTTGCTGACAGTACACAT_002,74
GGTTTGCTGACAGTACACAT_003,199
GGTTTGCTGACAGTACACAT_004,169
ACCGTGCCCTTGTCAGATGG_001,173
ACCGTGCCCTTGTCAGATGG_002,173
ACCGTGCCCTTGTCAGATGG_003,158
ACCGTGCCCTTGTCAGATGG_004,6
TTGTGAAGATTGACTGAGTG_001,140
TTGTGAAGATTGACTGAGTG_002,145
TTGTGAAGATTGACTGAGTG_003,193
TTGTGAAGATTGACTGAGTG_004,162
TTGTGAAGATTGACTGAGTG_005,162
AACCAATTCGAAGATCCAGA_001,144
AACCAATTCGAAGATCCAGA_002,49
AACCAATTCGAAGATCCAGA_003,34
ACTGCTAGGAACCTTTGTAG_001,85
ATAGGTGCTACTTACGCAGG_001,60
ATAGGTGCTACTTACGCAGG_002,41
ATAGGTGCTACTTACGCAGG_003,171
ATAGGTGCTACTTACGCAGG_004,154
ATAGGTGCTACTTACGCAGG_005,20
ATAGGTGCTACTTACGCAGG_006,0
GGCTCCGATGAACAGCACTG_001,40
GGCTCCGATGAACAGCACTG_002,93
GGCTCCGATGAACAGCACTG_003,107
GGCTCCGATGAACAGCACTG_004,189
GGCTCCGATGAACAGCACTG_005,55
GGCTCCGATGAACAGCACTG_006,56
GGCTCCGATGAACAGCACTG_007,41
GGCTCCGATGAACAGCACTG_008,184
GGCTCCGATGAACAGCACTG_009,50
GGCTCCGATGAACAGCACTG_010,78
GGCTCCGATGAACAGCACTG_011,130
GGCTCCGATGAACAGCACTG_012,88
GGCTCCGATGAACAGCACTG_013,81
GAAATGCAACTGTGCGCCTG_001,5
GAAATGCAACTGTGCGCCTG_002,7
GAAATGCAACTGTGCGCCTG_003,44
GAAATGCAACTGTGCGCCTG_004,155
GAAATGCAACTGTGCGCCTG_005,5
GAAATGCAACTGTGCGCCTG_006,141
GAAATGCAACTGTGCGCCTG_007,150
GAAATGCAACTGTGCGCCTG_008,146
GAAATGCAACTGTGCGCCTG_009,182
GAAATGCAACTGTGCGCCTG_010,53
TCTTCCACCTCGGTACACGG_001,191
TCTTCCACCTCGGTACACGG_002,58
TCTTCCACCTCGGTACACGG_003,58
TCTTCCACCTCGGTACACGG_004,113
TCTTCCACCTCGGTACACGG_005,60
TCTTCCACCTCGGTACACGG_006,98
TCTTCCACCTCGGTACACGG_007,132
TCTTCCACCTCGGTACACGG_008,122
TCTTCCACCTCGGTACACGG_009,147
TCTTCCACCTCGGTACACGG_010,92
TCTTCCACCTCGGTACACGG_011,127
TCTTCCACCTCGGTACACGG_012,88
TCTTCCACCTCGGTACACGG_013,62
TCTTCCACCTCGGTACACGG_014,94
TCTTCCACCTCGGTACACGG_015,43
TCTTCCACCTCGGTACACGG_016,41
TCTTCCACCTCGGTACACGG_017,2
TCTTCCACCTCGGTACACGG_018,94
TCTTCCACCTCGGTACACGG_019,85
TCTTCCACCTCGGTACACGG_020,78
TCTTCCACCTCGGTACACGG_021,123
TCTTCCACCTCGGTACACGG_022,136
TCTTCCACCTCGGTACACGG_023,84
TCTTCCACCTCGGTACACGG_024,108
GCAGACGTTCACGCGCGACG_001,81
GCAGACGTTCACGCGCGACG_002,0
GCAGACGTTCACGCGCGACG_003,64
GCAGACGTTCACGCGCGACG_004,178
GCAGACGTTCACGCGCGACG_005,143
GCAGACGTTCACGCGCGACG_006,56
GCAGACGTTCACGCGCGACG_007,50
GCAGACGTTCACGCGCGACG_008,58
GCAGACGTTCACGCGCGACG_009,76
GCAGACGTTCACGCGCGACG_010,16
GCAGACGTTCACGCGCGACG_011,137
GCAGACGTTCACGCGCGACG_012,69
TTGGCTCAGAGCTAGACACA_001,92
TTGGCTCAGAGCTAGACACA_002,9
TTGGCTCAGAGCTAGACACA_003,118
TTGGCTCAGAGCTAGACACA_004,149
TTGGCTCAGAGCTAGACACA_005,58
TTGGCTCAGAGCTAGACACA_006,147
TTGGCTCAGAGCTAGACACA_007,40
TTGGCTCAGAGCTAGACACA_008,94
TTGGCTCAGAGCTAGACACA_009,63
TTGGCTCAGAGCTAGACACA_010,84
TTGGCTCAGAGCTAGACACA_011,76
TTGGCTCAGAGCTAGACACA_012,75
TTGGCTCAGAGCTAGACACA_013,127
TTGGCTCAGAGCTAGACACA_014,4
TTGGCTCAGAGCTAGACACA_015,166
TTGGCTCAGAGCTAGACACA_016,70
AGGTGGTGGGCACATCAAAG_001,188
AGGTGGTGGGCACATCAAAG_002,63
AGGTGGTGGGCACATCAAAG_003,114
AGGTGGTGGGCACATCAAAG_004,96
AGGTGGTGGGCACATCAAAG_005,117
AGGTGGTGGGCACATCAAAG_006,127
AGGTGGTGGGCACATCAAAG_007,108
AGGTGGTGGGCACATCAAAG_008,144
AGGTGGTGGGCACATCAAAG_009,49
AGGTGGTGGGCACATCAAAG_010,6
AGGTGGTGGGCACATCAAAG_011,17
AGGTGGTGGGCACATCAAAG_012,19
AGGTGGTGGGCACATCAAAG_013,29
AGGTGGTGGGCACATCAAAG_014,94
AGGTGGTGGGCACATCAAAG_015,138
AGGTGGTGGGCACATCAAAG_016,10
GTCCCAACTCCTGCGCACGA_001,17
GTCCCAACTCCTGCGCACGA_002,169
GTCCCAACTCCTGCGCACGA_003,61
GTCCCAACTCCTGCGCACGA_004,115
GTCCCAACTCCTGCGCACGA_005,48
GTCCCAACTCCTGCGCACGA_006,158
GTCCCAACTCCTGCGCACGA_007,39
GTCCCAACTCCTGCGCACGA_008,34
ACGTGTACATCAAGACGCGC_001,68
ACGTGTACATCAAGACGCGC_002,74
ACGTGTACATCAAGACGCGC_003,170
ACGTGTACATCAAGACGCGC_004,84
ACGTGTACATCAAGACGCGC_005,87
ACGTGTACATCAAGACGCGC_006,65
CCGGGGACCAGGTTCCATGT_001,142
CCGGGGACCAGGTTCCATGT_002,138
CCGGGGACCAGGTTCCATGT_003,148
CCGGGGACCAGGTTCCATGT_004,62
CCGGGGACCAGGTTCCATGT_005,2
CCGGGGACCAGGTTCCATGT_006,21
CCGGGGACCAGGTTCCATGT_007,82
CCGGGGACCAGGTTCCATGT_008,48
CCGGGGACCAGGTTCCATGT_009,52
TATCCCCAACAAAAATACAA_001,176
TATCCCCAACAAAAATACAA_002,48
TATCCCCAACAAAAATACAA_003,60
TATCCCCAACAAAAATACAA_004,60
TATCCCCAACAAAAATACAA_005,8
TATCCCCAACAAAAATACAA_006,162
TTACTCTTTAGTAGATCGTG_001,193
TTACTCTTTAGTAGATCGTG_002,5
TTACTCTTTAGTAGATCGTG_003,137
TTACTCTTTAGTAGATCGTG_004,19
TTACTCTGGTAGTGAACCGA_001,140
TTACTCTGGTAGTGAACCGA_002,54
TTACTCTGGTAGTGAACCGA_003,195
ATTGCCTAGAAATATTACTC_001,137
ATTGCCTAGAAATATTACTC_002,170
ATTGCCTAGAAATATTACTC_003,119
ATTGCCTAGAAATATTACTC_004,155
GCAGCTACAACAAGAATACA_001,51
GCAGCTACAACAAGAATACA_002,189
GCAGCTACAACAAGAATACA_003,51
GCAGCTACAACAAGAATACA_004,43
GCAGCTACAACAAGAATACA_005,199
TGGCTGACAGTCATCCCTAG_001,76
TGGCTGACAGTCATCCCTAG_002,58
CCGATGAAGAATGGACACCT_001,105
CCGATGAAGAATGGACACCT_002,169
CCGATGAAGAATGGACACCT_003,115
CCGATGAAGAATGGACACCT_004,159
CCGATGAAGAATGGACACCT_005,198
CCGATGAAGAATGGACACCT_006,197
CCGATGAAGAATGGACACCT_007,73
CCGATGAAGAATGGACACCT_008,54
CCGATGAAGAATGGACACCT_009,94
CCGATGAAGAATGGACACCT_010,33
CCGATGAAGAATGGACACCT_011,22
CCGATGAAGAATGGACACCT_012,3
TACAGTGTAGAGACTGAAGT_001,83
TACAGTGTAGAGACTGAAGT_002,68
TACAGTGTAGAGACTGAAGT_003,88
TACAGTGTAGAGACTGAAGT_004,67
TACAGTGTAGAGACTGAAGT_005,168
TACAGTGTAGAGACTGAAGT_006,197
TGGAGGACAAAAGCTTATGG_001,190
GGGGAAACGCGTATCTCGTG_001,117
GGGGAAACGCGTATCTCGTG_002,74
TTCCTGAACCTGTTGCCAGA_001,189
TTCCTGAACCTGTTGCCAGA_002,185
TTCCTGAACCTGTTGCCAGA_003,79
TTCCTGAACCTGTTGCCAGA_004,181
TTCCTGAACCTGTTGCCAGA_005,24
TTCCTGAACCTGTTGCCAGA_006,4
TTCCTGAACCTGTTGCCAGA_007,88
TTCCTGAACCTGTTGCCAGA_008,77
TTCCTGAACCTGTTGCCAGA_009,63
TTCCTGAACCTGTTGCCAGA_010,145
AGCTCGGAGACTGCTGCTTG_001,145
AGCTCGGAGACTGCTGCTTG_002,114
AGCTCGGAGACTGCTGCTTG_003,172
AGCTCGGAGACTGCTGCTTG_004,144
AGCTCGGAGACTGCTGCTTG_005,40
AGCTCGGAGACTGCTGCTTG_006,63
AGCTCGGAGACTGCTGCTTG_007,147
AGCTCGGAGACTGCTGCTTG_008,30
AGCTCGGAGACTGCTGCTTG_009,0
AGCTCGGAGACTGCTGCTTG_010,116
AGCTCGGAGACTGCTGCTTG_011,171
AGCTCGGAGACTGCTGCTTG_012,141
AGCTCGGAGACTGCTGCTTG_013,118
AGCTCGGAGACTGCTGCTTG_014,117
AGCTCGGAGACTGCTGCTTG_015,4
AGCTCGGAGACTGCTGCTTG_016,160
AGCTCGGAGACTGCTGCTTG_017,140
AGCTCGGAGACTGCTGCTTG_018,148
GGCACAGTTAGACGATACCA_001,109
GGCACAGTTAGACGATACCA_002,94
GGCACAGTTAGACGATACCA_003,45
GGCACAGTTAGACGATACCA_004,154
GGCACAGTTAGACGATACCA_005,49
GGCACAGTTAGACGATACCA_006,33
GGCACAGTTAGACGATACCA_007,130
GGCACAGTTAGACGATACCA_008,18
GGCACAGTTAGACGATACCA_009,116
GGCACAGTTAGACGATACCA_010,198
GGCACAGTTAGACGATACCA_011,94
GGCACAGTTAGACGATACCA_012,92
GGCACAGTTAGACGATACCA_013,97
GGCACAGTTAGACGATACCA_014,106
GGCACAGTTAGACGATACCA_015,191
GGCACAGTTAGACGATACCA_016,47
GGCACAGTTAGACGATACCA_017,174
GGCACAGTTAGACGATACCA_018,127
GGCACAGTTAGACGATACCA_019,86
GGCCTACAGCGAGACCATCG_001,94
GGCCTACAGCGAGACCATCG_002,67
GGCCTACAGCGAGACCATCG_003,2
GGCCTACAGCGAGACCATCG_004,119
GGCCTACAGCGAGACCATCG_005,88
GGCCTACAGCGAGACCATCG_006,175
AATCCTGATGGAGTCTACCT_001,162
AATCCTGATGGAGTCTACCT_002,48
AATCCTGATGGAGTCTACCT_003,11
AATCCTGATGGAGTCTACCT_004,12
AATCCTGATGGAGTCTACCT_005,6
AATCCTGATGGAGTCTACCT_006,51
AATCCTGATGGAGTCTACCT_007,80
AATCCTGATGGAGTCTACCT_008,80
AATCCTGATGGAGTCTACCT_009,41
AATCCTGATGGAGTCTACCT_010,41
AATCCTGATGGAGTCTACCT_011,50
AATCCTGATGGAGTCTACCT_012,115
AATCCTGATGGAGTCTACCT_013,43
AATCCTGATGGAGTCTACCT_014,40
AATCCTGATGGAGTCTACCT_015,38
AATCCTGATGGAGTCTACCT_016,61
AATCCTGATGGAGTCTACCT_017,140
AATCCTGATGGAGTCTACCT_018,146
AATCCTGATGGAGTCTACCT_019,146
AATCCTGATGGAGTCTACCT_020,113
AATCCTGATGGAGTCTACCT_021,16
AATCCTGATGGAGTCTACCT_022,140
AATCCTGATGGAGTCTACCT_023,145
AATCCTGATGGAGTCTACCT_024,80
AATCCTGATGGAGTCTACCT_025,163
AATCCTGATGGAGTCTACCT_026,175
AATCCTGATGGAGTCTACCT_027,184
AATCCTGATGGAGTCTACCT_028,48
AATCCTGATGGAGTCTACCT_029,156
AATCCTGATGGAGTCTACCT_030,30
AATCCTGATGGAGTCTACCT_031,9
AATCCTGATGGAGTCTACCT_032,191
AATCCTGATGGAGTCTACCT_033,15
AATCCTGATGGAGTCTACCT_034,126
AATCCTGATGGAGTCTACCT_035,127
AATCCTGATGGAGTCTACCT_036,169
AATCCTGATGGAGTCTACCT_037,4
AATCCTGATGGAGTCTACCT_038,147
AATCCTGATGGAGTCTACCT_039,9
AATCCTGATGGAGTCTACCT_040,10
AATCCTGATGGAGTCTACCT_041,158
ACCAGAGTGAGAGCACCGTA_001,69
ACCAGAGTGAGAGCACCGTA_002,193
ACCAGAGTGAGAGCACCGTA_003,188
ACCAGAGTGAGAGCACCGTA_004,198
ACCAGAGTGAGAGCACCGTA_005,150
ACCAGAGTGAGAGCACCGTA_006,50
ACCAGAGTGAGAGCACCGTA_007,102
ACCAGAGTGAGAGCACCGTA_008,49
ACCAGAGTGAGAGCACCGTA_009,79
ACCAGAGTGAGAGCACCGTA_010,56
ACCAGAGTGAGAGCACCGTA_011,56
AAAGTGACACTGAGCAGATA_001,192
AAAGTGACACTGAGCAGATA_002,46
AAAGTGACACTGAGCAGATA_003,51
AAAGTGACACTGAGCAGATA_004,62
AAAGTGACACTGAGCAGATA_005,125
AAAGTGACACTGAGCAGATA_006,106
AAAGTGACACTGAGCAGATA_007,33
AAAGTGACACTGAGCAGATA_008,110
AAAGTGACACTGAGCAGATA_009,65
AAAGTGACACTGAGCAGATA_010,76
AAAGTGACACTGAGCAGATA_011,144
AAAGTGACACTGAGCAGATA_012,49
AAAGTGACACTGAGCAGATA_013,92
AAAGTGACACTGAGCAGATA_014,169
AAAGTGACACTGAGCAGATA_015,6
AAAGTGACACTGAGCAGATA_016,82
AAGCGGTCATCACAAAACAC_001,48
AAGCGGTCATCACAAAACAC_002,42
AAGCGGTCATCACAAAACAC_003,74
AAGCGGTCATCACAAAACAC_004,105
AAGCGGTCATCACAAAACAC_005,9
AAGCGGTCATCACAAAACAC_006,163
AAGCGGTCATCACAAAACAC_007,124
AAGCGGTCATCACAAAACAC_008,140
AAGCGGTCATCACAAAACAC_009,24
AAGCGGTCATCACAAAACAC_010,53
AAGCGGTCATCACAAAACAC_011,49
AAGCGGTCATCACAAAACAC_012,197
AGGTCATTAACAATTATCAA_001,30
AGGTCATTAACAATTATCAA_002,113
AGGTCATTAACAATTATCAA_003,121
AGGTCATTAACAATTATCAA_004,166
GGGTGCCCACTAATAGCCGC_001,70
GGGTGCCCACTAATAGCCGC_002,20
GGGTGCCCACTAATAGCCGC_003,65
GGGTGCCCACTAATAGCCGC_004,102
GGGTGCCCACTAATAGCCGC_005,79
GGGTGCCCACTAATAGCCGC_006,165
GGGTGCCCACTAATAGCCGC_007,1
GGGTGCCCACTAATAGCCGC_008,83
GGGTGCCCACTAATAGCCGC_009,49
GGGTGCCCACTAATAGCCGC_010,197
GGGTGCCCACTAATAGCCGC_011,183
GGGTGCCCACTAATAGCCGC_012,133
GGGTGCCCACTAATAGCCGC_013,29
GGGTGCCCACTAATAGCCGC_014,87
GGGTGCCCACTAATAGCCGC_015,55
GGGTGCCCACTAATAGCCGC_016,40
GGGTGCCCACTAATAGCCGC_017,166
TAAGGTGAGGACTTTGCACA_001,62
TAAGGTGAGGACTTTGCACA_002,84
TAAGGTGAGGACTTTGCACA_003,196
TAAGGTGAGGACTTTGCACA_004,128
TAAGGTGAGGACTTTGCACA_005,90
TAAGGTGAGGACTTTGCACA_006,177
TAAGGTGAGGACTTTGCACA_007,165
TAAGGTGAGGACTTTGCACA_008,152
TGATAAGGATTATCGTAGCA_001,184
AAGAGTACCAAATATCAAGG_001,169
AAGAGTACCAAATATCAAGG_002,46
AAGAGTACCAAATATCAAGG_003,93
AAGAGTACCAAATATCAAGG_004,140
AAGAGTACCAAATATCAAGG_005,119
AAGAGTACCAAATATCAAGG_006,35
AAGAGTACCAAATATCAAGG_007,130
AAGAGTACCAAATATCAAGG_008,165
AAGAGTACCAAATATCAAGG_009,92
TCTTTAACAAAGAAAGAACG_001,147
GAATGCACAGTCTTTGTTGG_001,32
GGGACGCCCAGAATCGGACG_001,117
GGGACGCCCAGAATCGGACG_002,85
GGGACGCCCAGAATCGGACG_003,143
GGGACGCCCAGAATCGGACG_004,148
GGGACGCCCAGAATCGGACG_005,76
GGGACGCCCAGAATCGGACG_006,186
GGGACGCCCAGAATCGGACG_007,198
GGGACGCCCAGAATCGGACG_008,126
GGGACGCCCAGAATCGGACG_009,52
GGGACGCCCAGAATCGGACG_010,134
CATTCAGCCTAGCACTGAAG_001,131
CATTCAGCCTAGCACTGAAG_002,84
CTGTTCATCCGCCAGCGGAA_001,113
CTGTTCATCCGCCAGCGGAA_002,188
CTGTTCATCCGCCAGCGGAA_003,94
GTGTGCGCCTAAAACCACAG_001,156
TCAACTAGACTCCCCTCAGA_001,85
TCAACTAGACTCCCCTCAGA_002,85
TCAACTAGACTCCCCTCAGA_003,48
TCAACTAGACTCCCCTCAGA_004,94
TCAACTAGACTCCCCTCAGA_005,103
CGGGAGCCGGAATTACCCTG_001,118
CGGGAGCCGGAATTACCCTG_002,174
ACAGACGGCCAATGGGAACG_001,113
ATTCCCATTAAAGTCAAAGA_001,107
ATTCCCATTAAAGTCAAAGA_002,87
ATTCCCATTAAAGTCAAAGA_003,155
ATTCCCATTAAAGTCAAAGA_004,95
ATTCCCATTAAAGTCAAAGA_005,28
ATTCCCATTAAAGTCAAAGA_006,76
ATTCCCATTAAAGTCAAAGA_007,117
ATTCCCATTAAAGTCAAAGA_008,12
ATTCCCATTAAAGTCAAAGA_009,63
ATTCCCATTAAAGTCAAAGA_010,64
ATTCCCATTAAAGTCAAAGA_011,80
ATTCCCATTAAAGTCAAAGA_012,60
CTATGATCACCATGTCCAGA_001,83
CTATGATCACCATGTCCAGA_002,51
CTATGATCACCATGTCCAGA_003,28
CTATGATCACCATGTCCAGA_004,17
CTATGATCACCATGTCCAGA_005,46
CTATGATCACCATGTCCAGA_006,36
CTATGATCACCATGTCCAGA_007,27
TTAGATAGGAACTGTAAACA_001,143
TTAGATAGGAACTGTAAACA_002,88
TTAGATAGGAACTGTAAACA_003,48
TTAGATAGGAACTGTAAACA_004,44
TTAGATAGGAACTGTAAACA_005,168
TTAGATAGGAACTGTAAACA_006,102
TTAGATAGGAACTGTAAACA_007,157
CACTAACCGGTACTGGACAC_001,165
CACTAACCGGTACTGGACAC_002,199
CACTAACCGGTACTGGACAC_003,95
CACTAACCGGTACTGGACAC_004,169
CACTAACCGGTACTGGACAC_005,160
CACTAACCGGTACTGGACAC_006,127
CACTAACCGGTACTGGACAC_007,117
CACTAACCGGTACTGGACAC_008,12
CACTAACCGGTACTGGACAC_009,63
CACTAACCGGTACTGGACAC_010,138
CGAATCATCAATTTAGTTGT_001,178
CGAATCATCAATTTAGTTGT_002,126
AAAGCATTTCATGTGCACCT_001,106
AAAGCATTTCATGTGCACCT_002,107
AAAGCATTTCATGTGCACCT_003,144
AAAGCATTTCATGTGCACCT_004,185
AAAGCATTTCATGTGCACCT_005,64
AAAGCATTTCATGTGCACCT_006,67
AAAGCATTTCATGTGCACCT_007,103
AAAGCATTTCATGTGCACCT_008,151
AAAGCATTTCATGTGCACCT_009,0
AAAAGGGCAAAGTTTAGATG_001,47
AAAAGGGCAAAGTTTAGATG_002,127
AAAAGGGCAAAGTTTAGATG_003,102
AAAAGGGCAAAGTTTAGATG_004,29
AAAAGGGCAAAGTTTAGATG_005,33
TTAAGCCACATGATTTAAGG_001,181
TTAAGCCACATGATTTAAGG_002,103
CAGTGCCGCGTACGACACGC_001,148
CAGTGCCGCGTACGACACGC_002,48
CAGTGCCGCGTACGACACGC_003,46
CAGTGCCGCGTACGACACGC_004,18
CAGTGCCGCGTACGACACGC_005,27
CAGTGCCGCGTACGACACGC_006,50
CAGTGCCGCGTACGACACGC_007,120
CAGTGCCGCGTACGACACGC_008,71
CAGTGCCGCGTACGACACGC_009,55
CAGTGCCGCGTACGACACGC_010,91
CAGTGCCGCGTACGACACGC_011,118
CAGTGCCGCGTACGACACGC_012,118
CAGTGCCGCGTACGACACGC_013,50
CAGTGCCGCGTACGACACGC_014,78
CAGTGCCGCGTACGACACGC_015,148
CAGTGCCGCGTACGACACGC_016,1
CAGTGCCGCGTACGACACGC_017,193
CAGTGCCGCGTACGACACGC_018,76
CAGTGCCGCGTACGACACGC_019,173
CAGTGCCGCGTACGACACGC_020,126
CAGTGCCGCGTACGACACGC_021,142
CAGTGCCGCGTACGACACGC_022,168
CAGTGCCGCGTACGACACGC_023,138
TGGTCTACGTGCCCTCGCAG_001,76
TGGTCTACGTGCCCTCGCAG_002,11
TGGTCTACGTGCCCTCGCAG_003,77
TGGTCTACGTGCCCTCGCAG_004,99
TGGTCTACGTGCCCTCGCAG_005,141
TGGTCTACGTGCCCTCGCAG_006,41
TGGTCTACGTGCCCTCGCAG_007,112
TGGTCTACGTGCCCTCGCAG_008,145
TGGTCTACGTGCCCTCGCAG_009,123
TGGTCTACGTGCCCTCGCAG_010,127
TGGTCTACGTGCCCTCGCAG_011,71
TGGTCTACGTGCCCTCGCAG_012,119
TGGTCTACGTGCCCTCGCAG_013,137
TGGTCTACGTGCCCTCGCAG_014,27
TGGTCTACGTGCCCTCGCAG_015,50
TGGTCTACGTGCCCTCGCAG_016,125
TGGTCTACGTGCCCTCGCAG_017,114
CCGGCCGCGACTCACGGAGT_001,191
CCGGCCGCGACTCACGGAGT_002,160
CCGGCCGCGACTCACGGAGT_003,155
CCGGCCGCGACTCACGGAGT_004,170
CCGGCCGCGACTCACGGAGT_005,62
CCGGCCGCGACTCACGGAGT_006,88
CCGGCCGCGACTCACGGAGT_007,88
CCGGCCGCGACTCACGGAGT_008,65
CCGGCCGCGACTCACGGAGT_009,175
CCGGCCGCGACTCACGGAGT_010,47
CCGGCCGCGACTCACGGAGT_011,170
CCGGCCGCGACTCACGGAGT_012,184
CCGGCCGCGACTCACGGAGT_013,120
CCGGCCGCGACTCACGGAGT_014,38
CCGGCCGCGACTCACGGAGT_015,37
CCGGCCGCGACTCACGGAGT_016,152
CCGGCCGCGACTCACGGAGT_017,139
ATGCTTTCTCAACTAGAAGG_001,99
ATGCTTTCTCAACTAGAAGG_002,15
ATGCTTTCTCAACTAGAAGG_003,15
ATGCTTTCTCAACTAGAAGG_004,40
ATGCTTTCTCAACTAGAAGG_005,74
ATGCTTTCTCAACTAGAAGG_006,162
ATGCTTTCTCAACTAGAAGG_007,136
ATGCTTTCTCAACTAGAAGG_008,188
ATGCTTTCTCAACTAGAAGG_009,94
ATGCTTTCTCAACTAGAAGG_010,9
ATGCTTTCTCAACTAGAAGG_011,2
CAACGATGCTCGAGAGCTGG_001,8
CAACGATGCTCGAGAGCTGG_002,185
CAACGATGCTCGAGAGCTGG_003,111
CAACGATGCTCGAGAGCTGG_004,166
CAACGATGCTCGAGAGCTGG_005,9
CAACGATGCTCGAGAGCTGG_006,48
CAACGATGCTCGAGAGCTGG_007,124
TGATTTCGTAAGTGGTGAAG_001,151
TGATTTCGTAAGTGGTGAAG_002,42
TGATTTCGTAAGTGGTGAAG_003,181
TGATTTCGTAAGTGGTGAAG_004,15
TGATTTCGTAAGTGGTGAAG_005,60
TGATTTCGTAAGTGGTGAAG_006,197
TGATTTCGTAAGTGGTGAAG_007,88
TGATTTCGTAAGTGGTGAAG_008,137
TGATTTCGTAAGTGGTGAAG_009,52
TGATTTCGTAAGTGGTGAAG_010,198
TGATTTCGTAAGTGGTGAAG_011,56
TGATTTCGTAAGTGGTGAAG_012,62
TGATTTCGTAAGTGGTGAAG_013,157
TGATTTCGTAAGTGGTGAAG_014,61
TGATTTCGTAAGTGGTGAAG_015,33
TGATTTCGTAAGTGGTGAAG_016,84
TGATTTCGTAAGTGGTGAAG_017,175
TGATTTCGTAAGTGGTGAAG_018,77
TGATTTCGTAAGTGGTGAAG_019,105
TGATTTCGTAAGTGGTGAAG_020,48
AGGATATGCCCAGCACCAGG_001,49
AGGATATGCCCAGCACCAGG_002,61
AGGATATGCCCAGCACCAGG_003,49
AGGATATGCCCAGCACCAGG_004,103
AGGATATGCCCAGCACCAGG_005,75
AGGATATGCCCAGCACCAGG_006,189
AGGATATGCCCAGCACCAGG_007,16
AGGATATGCCCAGCACCAGG_008,50
AGGATATGCCCAGCACCAGG_009,69
AGGATATGCCCAGCACCAGG_010,76
AGGATATGCCCAGCACCAGG_011,54
AGGATATGCCCAGCACCAGG_012,41
AGGATATGCCCAGCACCAGG_013,62
AGGATATGCCCAGCACCAGG_014,168
GAGGTAGGCCGAGGTAGTTA_001,134
GAGGTAGGCCGAGGTAGTTA_002,142
GAGGTAGGCCGAGGTAGTTA_003,0
GAGGTAGGCCGAGGTAGTTA_004,6
GAGGTAGGCCGAGGTAGTTA_005,48
GAGGTAGGCCGAGGTAGTTA_006,177
GAGGTAGGCCGAGGTAGTTA_007,84
GAGGTAGGCCGAGGTAGTTA_008,81
GAGGTAGGCCGAGGTAGTTA_009,145
GAGGTAGGCCGAGGTAGTTA_010,96
GAGGTAGGCCGAGGTAGTTA_011,162
GCATCACGGGTTGTTAGCAT_001,98
GCATCACGGGTTGTTAGCAT_002,147
GCATCACGGGTTGTTAGCAT_003,100
GCATCACGGGTTGTTAGCAT_004,44
GCATCACGGGTTGTTAGCAT_005,120
GCATCACGGGTTGTTAGCAT_006,32
GCATCACGGGTTGTTAGCAT_007,98
GCATCACGGGTTGTTAGCAT_008,128
GCATCACGGGTTGTTAGCAT_009,197
GCATCACGGGTTGTTAGCAT_010,168
GCATCACGGGTTGTTAGCAT_011,145
GCATCACGGGTTGTTAGCAT_012,89
GCATCACGGGTTGTTAGCAT_013,81
GCATCACGGGTTGTTAGCAT_014,55
GCATCACGGGTTGTTAGCAT_015,88
GCATCACGGGTTGTTAGCAT_016,191
GCATCACGGGTTGTTAGCAT_017,94
GCATCACGGGTTGTTAGCAT_018,4
GCATCACGGGTTGTTAGCAT_019,144
GCATCACGGGTTGTTAGCAT_020,130
GCATCACGGGTTGTTAGCAT_021,27
GCATCACGGGTTGTTAGCAT_022,48
CAAACGTGTCATCGTCACAA_001,150
CCACAGCAGGAAGAGATTGG_001,63
CCACAGCAGGAAGAGATTGG_002,119
CCACAGCAGGAAGAGATTGG_003,16
CCACAGCAGGAAGAGATTGG_004,153
CCACAGCAGGAAGAGATTGG_005,84
CCACAGCAGGAAGAGATTGG_006,56
CCACAGCAGGAAGAGATTGG_007,144
GCTCTTACAGTCATGCAGTG_001,2
GCTCTTACAGTCATGCAGTG_002,169
GCTCTTACAGTCATGCAGTG_003,106
GCTCTTACAGTCATGCAGTG_004,39
GGATGGTAAGAAAGCGATGG_001,141
GGATGGTAAGAAAGCGATGG_002,33
GGATGGTAAGAAAGCGATGG_003,15
GGATGGTAAGAAAGCGATGG_004,172
GGATGGTAAGAAAGCGATGG_005,95
GGATGGTAAGAAAGCGATGG_006,98
GGATGGTAAGAAAGCGATGG_007,96
GGATGGTAAGAAAGCGATGG_008,15
GGATGGTAAGAAAGCGATGG_009,199
GGATGGTAAGAAAGCGATGG_010,199
GGATGGTAAGAAAGCGATGG_011,48
GGATGGTAAGAAAGCGATGG_012,33
GGATGGTAAGAAAGCGATGG_013,48
GGATGGTAAGAAAGCGATGG_014,175
AAATGCTGGAAATTGCCCTG_001,78
AAATGCTGGAAATTGCCCTG_002,83
AAATGCTGGAAATTGCCCTG_003,113
AAATGCTGGAAATTGCCCTG_004,117
AAATGCTGGAAATTGCCCTG_005,175
AAATGCTGGAAATTGCCCTG_006,104
CGTGCAGCAGAGTGGCAACG_001,39
CGTGCAGCAGAGTGGCAACG_002,41
CGTGCAGCAGAGTGGCAACG_003,169
CGTGCAGCAGAGTGGCAACG_004,94
CGTGCAGCAGAGTGGCAACG_005,58
CGTGCAGCAGAGTGGCAACG_006,54
CGTGCAGCAGAGTGGCAACG_007,30
CGTGCAGCAGAGTGGCAACG_008,93
CGTGCAGCAGAGTGGCAACG_009,91
CGTGCAGCAGAGTGGCAACG_010,170
CGTGCAGCAGAGTGGCAACG_011,192
CGTGCAGCAGAGTGGCAACG_012,168
CGTGCAGCAGAGTGGCAACG_013,81
CGTGCAGCAGAGTGGCAACG_014,78
CGTGCAGCAGAGTGGCAACG_015,19
CGTGCAGCAGAGTGGCAACG_016,93
CGTGCAGCAGAGTGGCAACG_017,93
CGTGCAGCAGAGTGGCAACG_018,84
CGTGCAGCAGAGTGGCAACG_019,195
CGTGCAGCAGAGTGGCAACG_020,81
CGTGCAGCAGAGTGGCAACG_021,125
CAGGCGTCACAAAGACTGTG_001,177
CAGGCGTCACAAAGACTGTG_002,15
CAGGCGTCACAAAGACTGTG_003,50
CAGGCGTCACAAAGACTGTG_004,38
CAGGCGTCACAAAGACTGTG_005,171
CAGGCGTCACAAAGACTGTG_006,158
CAGGCGTCACAAAGACTGTG_007,163
CAGGCGTCACAAAGACTGTG_008,35
CAGGCGTCACAAAGACTGTG_009,12
CAGGCGTCACAAAGACTGTG_010,12
CAGGCGTCACAAAGACTGTG_011,38
GCACTGGCCAAAGAGCAACA_001,54
GCACTGGCCAAAGAGCAACA_002,170
GCACTGGCCAAAGAGCAACA_003,62
GCACTGGCCAAAGAGCAACA_004,50
GCACTGGCCAAAGAGCAACA_005,147
GCACTGGCCAAAGAGCAACA_006,115
GCACTGGCCAAAGAGCAACA_007,59
GCACTGGCCAAAGAGCAACA_008,116
GCACTGGCCAAAGAGCAACA_009,150
GCACTGGCCAAAGAGCAACA_010,171
GCACTGGCCAAAGAGCAACA_011,186
GCACTGGCCAAAGAGCAACA_012,112
GCACTGGCCAAAGAGCAACA_013,98
GCACTGGCCAAAGAGCAACA_014,135
GCACTGGCCAAAGAGCAACA_015,101
GCACTGGCCAAAGAGCAACA_016,88
GCACTGGCCAAAGAGCAACA_017,38
GCACTGGCCAAAGAGCAACA_018,23
GCACTGGCCAAAGAGCAACA_019,147
GCACTGGCCAAAGAGCAACA_020,121
GCACTGGCCAAAGAGCAACA_021,124
GCACTGGCCAAAGAGCAACA_022,74
GCACTGGCCAAAGAGCAACA_023,190
GCACTGGCCAAAGAGCAACA_024,141
GCACTGGCCAAAGAGCAACA_025,186
GCACTGGCCAAAGAGCAACA_026,1
GCACTGGCCAAAGAGCAACA_027,153
GCACTGGCCAAAGAGCAACA_028,159
GCACTGGCCAAAGAGCAACA_029,115
GCACTGGCCAAAGAGCAACA_030,188
GCACTGGCCAAAGAGCAACA_031,146
GCACTGGCCAAAGAGCAACA_032,1
GCACTGGCCAAAGAGCAACA_033,76
GCACTGGCCAAAGAGCAACA_034,81
GCACTGGCCAAAGAGCAACA_035,43
GCACTGGCCAAAGAGCAACA_036,103
GCACTGGCCAAAGAGCAACA_037,78
GCACTGGCCAAAGAGCAACA_038,78
GCACTGGCCAAAGAGCAACA_039,41
GCACTGGCCAAAGAGCAACA_040,81
GCACTGGCCAAAGAGCAACA_041,167
GCACTGGCCAAAGAGCAACA_042,1
GCACTGGCCAAAGAGCAACA_043,2
CTAATGACACGTTACAAGTG_001,53
CTAATGACACGTTACAAGTG_002,145
CTAATGACACGTTACAAGTG_003,13
CTAATGACACGTTACAAGTG_004,48
CTAATGACACGTTACAAGTG_005,81
CTAATGACACGTTACAAGTG_006,6
CTAATGACACGTTACAAGTG_007,141
GTACACTGGGGGGATTGCCA_001,49
GTACACTGGGGGGATTGCCA_002,169
GTACACTGGGGGGATTGCCA_003,119
GTACACTGGGGGGATTGCCA_004,184
GTACACTGGGGGGATTGCCA_005,96
GTACACTGGGGGGATTGCCA_006,144
GTACACTGGGGGGATTGCCA_007,127
GTACACTGGGGGGATTGCCA_008,126
GTACACTGGGGGGATTGCCA_009,96
GTACACTGGGGGGATTGCCA_010,94
GTACACTGGGGGGATTGCCA_011,127
GTACACTGGGGGGATTGCCA_012,19
GTACACTGGGGGGATTGCCA_013,61
GTACACTGGGGGGATTGCCA_014,168
GTACACTGGGGGGATTGCCA_015,89
GTACACTGGGGGGATTGCCA_016,176
GTACACTGGGGGGATTGCCA_017,26
GTACACTGGGGGGATTGCCA_018,44
GTACACTGGGGGGATTGCCA_019,78
GTACACTGGGGGGATTGCCA_020,166
GTACACTGGGGGGATTGCCA_021,121
GTACACTGGGGGGATTGCCA_022,84
GTACACTGGGGGGATTGCCA_023,115
GTACACTGGGGGGATTGCCA_024,38
GTACACTGGGGGGATTGCCA_025,87
GTACACTGGGGGGATTGCCA_026,13
GTACACTGGGGGGATTGCCA_027,130
GTACACTGGGGGGATTGCCA_028,177
GTACACTGGGGGGATTGCCA_029,191
GTACACTGGGGGGATTGCCA_030,147
GTACACTGGGGGGATTGCCA_031,81
GTACACTGGGGGGATTGCCA_032,184
GTACACTGGGGGGATTGCCA_033,190
GTACACTGGGGGGATTGCCA_034,110
GTACACTGGGGGGATTGCCA_035,166
GTACACTGGGGGGATTGCCA_036,48
GTACACTGGGGGGATTGCCA_037,121
GTACACTGGGGGGATTGCCA_038,86
AAGGGAACCTATCCTATCCT_001,172
AAGGGAACCTATCCTATCCT_002,134
AAGGGAACCTATCCTATCCT_003,130
AAGGGAACCTATCCTATCCT_004,69
AAGGGAACCTATCCTATCCT_005,145
ACCTGCTGAACGACTCGGAG_001,34
ACCTGCTGAACGACTCGGAG_002,197
ACCTGCTGAACGACTCGGAG_003,43
ACCTGCTGAACGACTCGGAG_004,139
ACCTGCTGAACGACTCGGAG_005,81
ACCTGCTGAACGACTCGGAG_006,65
ACCTGCTGAACGACTCGGAG_007,80
ACCTGCTGAACGACTCGGAG_008,178
ACCTGCTGAACGACTCGGAG_009,147
ACCTGCTGAACGACTCGGAG_010,46
ACCTGCTGAACGACTCGGAG_011,137
ACCTGCTGAACGACTCGGAG_012,11
ACCTGCTGAACGACTCGGAG_013,81
ACCTGCTGAACGACTCGGAG_014,150
ACCTGCTGAACGACTCGGAG_015,94
ACCTGCTGAACGACTCGGAG_016,149
ACCTGCTGAACGACTCGGAG_017,92
ACCTGCTGAACGACTCGGAG_018,139
ACCTGCTGAACGACTCGGAG_019,176
ACCTGCTGAACGACTCGGAG_020,60
ACCTGCTGAACGACTCGGAG_021,184
ACCTGCTGAACGACTCGGAG_022,191
ACCTGCTGAACGACTCGGAG_023,158
ACCTGCTGAACGACTCGGAG_024,58
ACCTGCTGAACGACTCGGAG_025,58
ACCTGCTGAACGACTCGGAG_026,162
ACCTGCTGAACGACTCGGAG_027,59
ACCTGCTGAACGACTCGGAG_028,67
ACCTGCTGAACGACTCGGAG_029,52
GGACCATCAAGCGCACGCGG_001,83
GGACCATCAAGCGCACGCGG_002,126
GGACCATCAAGCGCACGCGG_003,88
GGACCATCAAGCGCACGCGG_004,88
GGACCATCAAGCGCACGCGG_005,98
GGACCATCAAGCGCACGCGG_006,16
GGACCATCAAGCGCACGCGG_007,42
GGACCATCAAGCGCACGCGG_008,75
GGACCATCAAGCGCACGCGG_009,21
GGACCATCAAGCGCACGCGG_010,84
GGACCATCAAGCGCACGCGG_011,188
GGACCATCAAGCGCACGCGG_012,184
GGACCATCAAGCGCACGCGG_013,62
GGACCATCAAGCGCACGCGG_014,172
GGACCATCAAGCGCACGCGG_015,106
GGACCATCAAGCGCACGCGG_016,64
GGACCATCAAGCGCACGCGG_017,18
GGACCATCAAGCGCACGCGG_018,161
GGACCATCAAGCGCACGCGG_019,192
GGACCATCAAGCGCACGCGG_020,127
TGATGACCGTGGCCCCCTGA_001,127
TGATGACCGTGGCCCCCTGA_002,48
TGATGACCGTGGCCCCCTGA_003,45
TGATGACCGTGGCCCCCTGA_004,63
TGATGACCGTGGCCCCCTGA_005,25
TGTAGCGACATACCAATGAG_001,169
TGTAGCGACATACCAATGAG_002,197
TGTAGCGACATACCAATGAG_003,21
ACGGGCTGTACGACGACCGT_001,177
ACGGGCTGTACGACGACCGT_002,31
AGATCCAGACCCAGACCACG_001,30
AGATCCAGACCCAGACCACG_002,35
AGATCCAGACCCAGACCACG_003,184
AGATCCAGACCCAGACCACG_004,61
AGATCCAGACCCAGACCACG_005,103
AGATCCAGACCCAGACCACG_006,9
AGATCCAGACCCAGACCACG_007,105
AGATCCAGACCCAGACCACG_008,103
AGATCCAGACCCAGACCACG_009,149
AGATCCAGACCCAGACCACG_010,146
AGATCCAGACCCAGACCACG_011,134
AGATCCAGACCCAGACCACG_012,137
AGATCCAGACCCAGACCACG_013,72
AGATCCAGACCCAGACCACG_014,8
AGATCCAGACCCAGACCACG_015,12
AGATCCAGACCCAGACCACG_016,35
AGATCCAGACCCAGACCACG_017,105
AGATCCAGACCCAGACCACG_018,9
AGATCCAGACCCAGACCACG_019,85
AGATCCAGACCCAGACCACG_020,107
AGATCCAGACCCAGACCACG_021,128
AGATCCAGACCCAGACCACG_022,51
AGATCCAGACCCAGACCACG_023,155
AGATCCAGACCCAGACCACG_024,184
AGATCCAGACCCAGACCACG_025,182
AGATCCAGACCCAGACCACG_026,188
AGATCCAGACCCAGACCACG_027,81
AGATCCAGACCCAGACCACG_028,198
AGATCCAGACCCAGACCACG_029,94
AGATCCAGACCCAGACCACG_030,92
AGATCCAGACCCAGACCACG_031,125
AGATCCAGACCCAGACCACG_032,77
AGATCCAGACCCAGACCACG_033,77
AGATCCAGACCCAGACCACG_034,191
AGATCCAGACCCAGACCACG_035,2
AGATCCAGACCCAGACCACG_036,184
AGATCCAGACCCAGACCACG_037,186
TTGAAGTCGAGGGCCTCCGA_001,192
TTGAAGTCGAGGGCCTCCGA_002,157
TTGAAGTCGAGGGCCTCCGA_003,69
TTGAAGTCGAGGGCCTCCGA_004,26
TTGAAGTCGAGGGCCTCCGA_005,85
TTGAAGTCGAGGGCCTCCGA_006,144
TTGAAGTCGAGGGCCTCCGA_007,52
TTGAAGTCGAGGGCCTCCGA_008,160
TTGAAGTCGAGGGCCTCCGA_009,174
TTGAAGTCGAGGGCCTCCGA_010,30
TTGAAGTCGAGGGCCTCCGA_011,86
TTGAAGTCGAGGGCCTCCGA_012,123
TTGAAGTCGAGGGCCTCCGA_013,124
TTGAAGTCGAGGGCCTCCGA_014,52
GATAGAAGATTCTTATAGAA_001,6
GAGCGAGTGTAGGTACTGGA_001,15
GAGCGAGTGTAGGTACTGGA_002,137
GAGCGAGTGTAGGTACTGGA_003,82
GAGCGAGTGTAGGTACTGGA_004,36
GAGCGAGTGTAGGTACTGGA_005,1
GAGCGAGTGTAGGTACTGGA_006,14
GAGCGAGTGTAGGTACTGGA_007,178
GAGCGAGTGTAGGTACTGGA_008,161
GAGCGAGTGTAGGTACTGGA_009,46
GAGCGAGTGTAGGTACTGGA_010,53
GAGCGAGTGTAGGTACTGGA_011,102
GAGCGAGTGTAGGTACTGGA_012,142
GAGCGAGTGTAGGTACTGGA_013,189
GAGCGAGTGTAGGTACTGGA_014,170
GAGCGAGTGTAGGTACTGGA_015,48
GAGCGAGTGTAGGTACTGGA_016,160
GAGCGAGTGTAGGTACTGGA_017,174
GAGCGAGTGTAGGTACTGGA_018,86
GAGCGAGTGTAGGTACTGGA_019,70
GAGCGAGTGTAGGTACTGGA_020,9
GAGCGAGTGTAGGTACTGGA_021,171
GAGCGAGTGTAGGTACTGGA_022,58
GAGCGAGTGTAGGTACTGGA_023,56
GAGCGAGTGTAGGTACTGGA_024,29
GAGCGAGTGTAGGTACTGGA_025,84
GAGCGAGTGTAGGTACTGGA_026,181
GAGCGAGTGTAGGTACTGGA_027,40
GAGCGAGTGTAGGTACTGGA_028,98
GAGCGAGTGTAGGTACTGGA_029,185
CAAGCACAACCGGTTCACAA_001,160
CAAGCACAACCGGTTCACAA_002,134
CAAGCACAACCGGTTCACAA_003,76
CAAGCACAACCGGTTCACAA_004,92
CAAGCACAACCGGTTCACAA_005,148
CAAGCACAACCGGTTCACAA_006,1
CAAGCACAACCGGTTCACAA_007,1
CAAGCACAACCGGTTCACAA_008,191
CGAAGACGTCCTCACTATCA_001,163
CGAAGACGTCCTCACTATCA_002,57
CGAAGACGTCCTCACTATCA_003,152
CGAAGACGTCCTCACTATCA_004,148
ACACCCACCTGGGGGCCTAA_001,119
ACACCCACCTGGGGGCCTAA_002,56
ACACCCACCTGGGGGCCTAA_003,106
ACACCCACCTGGGGGCCTAA_004,116
ACACCCACCTGGGGGCCTAA_005,149
ACACCCACCTGGGGGCCTAA_006,125
ACACCCACCTGGGGGCCTAA_007,64
ACACCCACCTGGGGGCCTAA_008,13
ACACCCACCTGGGGGCCTAA_009,136
ACACCCACCTGGGGGCCTAA_010,20
ACACCCACCTGGGGGCCTAA_011,125
ACACCCACCTGGGGGCCTAA_012,29
ACACCCACCTGGGGGCCTAA_013,183
ATTTCTGGCAACAAAGACGG_001,181
ATTTCTGGCAACAAAGACGG_002,196
ATTTCTGGCAACAAAGACGG_003,102
ATTTCTGGCAACAAAGACGG_004,58
ATTTCTGGCAACAAAGACGG_005,24
ATTTCTGGCAACAAAGACGG_006,181
ATTTCTGGCAACAAAGACGG_007,85
ATTTCTGGCAACAAAGACGG_008,88
ATTTCTGGCAACAAAGACGG_009,32
ATTTCTGGCAACAAAGACGG_010,178
ATTTCTGGCAACAAAGACGG_011,52
ATTTCTGGCAACAAAGACGG_012,5
ATTTCTGGCAACAAAGACGG_013,127
ATTTCTGGCAACAAAGACGG_014,150
ATTTCTGGCAACAAAGACGG_015,107
ATTTCTGGCAACAAAGACGG_016,48
ATTTCTGGCAACAAAGACGG_017,126
ATTTCTGGCAACAAAGACGG_018,158
GAGTGTAAGTTGCAGAAAGG_001,118
GAGTGTAAGTTGCAGAAAGG_002,53
GAGTGTAAGTTGCAGAAAGG_003,188
GAGTGTAAGTTGCAGAAAGG_004,6
GAGTGTAAGTTGCAGAAAGG_005,150
GAGTGTAAGTTGCAGAAAGG_006,45
GAGTGTAAGTTGCAGAAAGG_007,198
GAGTGTAAGTTGCAGAAAGG_008,43
GAGTGTAAGTTGCAGAAAGG_009,43
GAGTGTAAGTTGCAGAAAGG_010,108
GAGTGTAAGTTGCAGAAAGG_011,81
GAGTGTAAGTTGCAGAAAGG_012,145
GAGTGTAAGTTGCAGAAAGG_013,36
GAGTGTAAGTTGCAGAAAGG_014,33
GAGTGTAAGTTGCAGAAAGG_015,33
GAGTGTAAGTTGCAGAAAGG_016,75
GAGTGTAAGTTGCAGAAAGG_017,149
GAGTGTAAGTTGCAGAAAGG_018,149
GAGTGTAAGTTGCAGAAAGG_019,70
GAGTGTAAGTTGCAGAAAGG_020,60
GAGTGTAAGTTGCAGAAAGG_021,175
GAGTGTAAGTTGCAGAAAGG_022,77
GAGTGTAAGTTGCAGAAAGG_023,27
GAGTGTAAGTTGCAGAAAGG_024,153
GAGTGTAAGTTGCAGAAAGG_025,63
GAGTGTAAGTTGCAGAAAGG_026,176
GAGGTTGAGTGGAAGCAGCG_001,29
GAGGTTGAGTGGAAGCAGCG_002,78
GAGGTTGAGTGGAAGCAGCG_003,132
GAGGTTGAGTGGAAGCAGCG_004,15
GAGGTTGAGTGGAAGCAGCG_005,27
GAGGTTGAGTGGAAGCAGCG_006,100
GAGGTTGAGTGGAAGCAGCG_007,122
GAGGTTGAGTGGAAGCAGCG_008,34
GAGGTTGAGTGGAAGCAGCG_009,149
GAGGTTGAGTGGAAGCAGCG_010,91
GAGGTTGAGTGGAAGCAGCG_011,3
GAGGTTGAGTGGAAGCAGCG_012,105
GAGGTTGAGTGGAAGCAGCG_013,77
GAGGTTGAGTGGAAGCAGCG_014,116
GAGGTTGAGTGGAAGCAGCG_015,63
GAGGTTGAGTGGAAGCAGCG_016,186
GAGGTTGAGTGGAAGCAGCG_017,16
GAGGTTGAGTGGAAGCAGCG_018,162
GCAGAAGAACTAAAGAGCTG_001,7
GCAGAAGAACTAAAGAGCTG_002,61
GCAGAAGAACTAAAGAGCTG_003,76
GCAGAAGAACTAAAGAGCTG_004,8
GCAGAAGAACTAAAGAGCTG_005,113
GTCGGACATGATGTCACACC_001,150
CAGGACAAGATTAACAGTTG_001,199
CAGGACAAGATTAACAGTTG_002,150
CAGGACAAGATTAACAGTTG_003,53
CTCCTGCACTTACCTAAGAG_001,190
CTCCTGCACTTACCTAAGAG_002,129
AATAGCTTTATCGGGAAACA_001,72
AATAGCTTTATCGGGAAACA_002,179
AATAGCTTTATCGGGAAACA_003,113
AATAGCTTTATCGGGAAACA_004,177
CTATGATGCAGTGCTCACGG_001,176
CTATGATGCAGTGCTCACGG_002,160
CTATGATGCAGTGCTCACGG_003,19
CTATGATGCAGTGCTCACGG_004,81
CTATGATGCAGTGCTCACGG_005,68
CTATGATGCAGTGCTCACGG_006,188
CTATGATGCAGTGCTCACGG_007,60
CTATGATGCAGTGCTCACGG_008,150
CTATGATGCAGTGCTCACGG_009,83
CTATGATGCAGTGCTCACGG_010,51
CTATGATGCAGTGCTCACGG_011,60
CTATGATGCAGTGCTCACGG_012,36
CTATGATGCAGTGCTCACGG_013,31
CTATGATGCAGTGCTCACGG_014,17
CTATGATGCAGTGCTCACGG_015,157
CTATGATGCAGTGCTCACGG_016,161
CTATGATGCAGTGCTCACGG_017,62
CTATGATGCAGTGCTCACGG_018,3
CTATGATGCAGTGCTCACGG_019,138
CTATGATGCAGTGCTCACGG_020,13
GACGTCTATTCAGAATGCCA_001,80
GACGTCTATTCAGAATGCCA_002,102
GACGTCTATTCAGAATGCCA_003,80
GACGTCTATTCAGAATGCCA_004,107
GACGTCTATTCAGAATGCCA_005,155
GACGTCTATTCAGAATGCCA_006,132
GACGTCTATTCAGAATGCCA_007,198
GACGTCTATTCAGAATGCCA_008,198
GACGTCTATTCAGAATGCCA_009,42
GACGTCTATTCAGAATGCCA_010,83
GACGTCTATTCAGAATGCCA_011,12
GACGTCTATTCAGAATGCCA_012,78
GACGTCTATTCAGAATGCCA_013,77
GACGTCTATTCAGAATGCCA_014,45
GACGTCTATTCAGAATGCCA_015,67
GACGTCTATTCAGAATGCCA_016,92
GACGTCTATTCAGAATGCCA_017,94
GCCCAAACAGACAACATGCT_001,5
GCCCAAACAGACAACATGCT_002,78
GCCCAAACAGACAACATGCT_003,156
GCCCAAACAGACAACATGCT_004,98
GCCCAAACAGACAACATGCT_005,41
GCCCAAACAGACAACATGCT_006,198
GCCCAAACAGACAACATGCT_007,28
GGGAGGTGGACCCACCCATG_001,102
GGGAGGTGGACCCACCCATG_002,140
GGGAGGTGGACCCACCCATG_003,172
GGGAGGTGGACCCACCCATG_004,172
GTGCTGGTGCCTATAGCATG_001,105
AAGCCACAGCTAATCTCGAA_001,127
ACATTAGTGGGACATACAGG_001,107
ACATTAGTGGGACATACAGG_002,164
ACATTAGTGGGACATACAGG_003,111
ACATTAGTGGGACATACAGG_004,72
GTATACAATTGACGCTCCGT_001,64
GTATACAATTGACGCTCCGT_002,48
GGCGAGAACCATATCGCTCC_001,199
GGCGAGAACCATATCGCTCC_002,47
GGCGAGAACCATATCGCTCC_003,116
TCTGTATCCGAAATTGCTGT_001,68
TCTGTATCCGAAATTGCTGT_002,184
TCTGTATCCGAAATTGCTGT_003,175
TCTGTATCCGAAATTGCTGT_004,59
TCTGTATCCGAAATTGCTGT_005,78
TCTGTATCCGAAATTGCTGT_006,130
TCTGTATCCGAAATTGCTGT_007,46
CATGTGACAACACTGTGGCA_001,47
CATGTGACAACACTGTGGCA_002,80
CATGTGACAACACTGTGGCA_003,5
CATGTGACAACACTGTGGCA_004,119
CATGTGACAACACTGTGGCA_005,161
CATGTGACAACACTGTGGCA_006,33
CATGTGACAACACTGTGGCA_007,28
CATGTGACAACACTGTGGCA_008,0
TACAGGGTCAACGACGACCA_001,150
TACAGGGTCAACGACGACCA_002,159
TACAGGGTCAACGACGACCA_003,89
TACAGGGTCAACGACGACCA_004,124
TACAGGGTCAACGACGACCA_005,83
TACAGGGTCAACGACGACCA_006,127
TACAGGGTCAACGACGACCA_007,29
TACAGGGTCAACGACGACCA_008,103
TACAGGGTCAACGACGACCA_009,165
TACAGGGTCAACGACGACCA_010,133
TACAGGGTCAACGACGACCA_011,112
TACAGGGTCAACGACGACCA_012,166
TACAGGGTCAACGACGACCA_013,144
TACAGGGTCAACGACGACCA_014,42
TACAGGGTCAACGACGACCA_015,84
TACAGGGTCAACGACGACCA_016,102
GGGTCGCATAAGAGCCGTCG_001,41
GGGTCGCATAAGAGCCGTCG_002,106
GGGTCGCATAAGAGCCGTCG_003,42
GGGTCGCATAAGAGCCGTCG_004,94
GGGTCGCATAAGAGCCGTCG_005,191
GGGTCGCATAAGAGCCGTCG_006,73
GGGTCGCATAAGAGCCGTCG_007,43
GGGTCGCATAAGAGCCGTCG_008,91
GGGTCGCATAAGAGCCGTCG_009,83
GGGTCGCATAAGAGCCGTCG_010,115
GGGTCGCATAAGAGCCGTCG_011,196
GGGTCGCATAAGAGCCGTCG_012,165
GGGTCGCATAAGAGCCGTCG_013,36
GGGTCGCATAAGAGCCGTCG_014,150
GGGTCGCATAAGAGCCGTCG_015,106
TAATGATTAGGGAACGACAG_001,172
TAATGATTAGGGAACGACAG_002,145
CTGATGCCCATCCAATTCTG_001,127
CTGATGCCCATCCAATTCTG_002,181
CTGATGCCCATCCAATTCTG_003,44
CTGATGCCCATCCAATTCTG_004,78
CTGATGCCCATCCAATTCTG_005,96
CTGATGCCCATCCAATTCTG_006,147
CTGATGCCCATCCAATTCTG_007,184
CTGATGCCCATCCAATTCTG_008,33
CTGATGCCCATCCAATTCTG_009,38
CTGATGCCCATCCAATTCTG_010,68
CTGATGCCCATCCAATTCTG_011,147
CTGATGCCCATCCAATTCTG_012,175
CTGATGCCCATCCAATTCTG_013,152
CTGATGCCCATCCAATTCTG_014,98
CTGATGCCCATCCAATTCTG_015,1
CTGATGCCCATCCAATTCTG_016,63
CTGATGCCCATCCAATTCTG_017,18
CTGATGCCCATCCAATTCTG_018,10
CATGTGCCGGAATAAGAAAG_001,199
CATGTGCCGGAATAAGAAAG_002,58
CATGTGCCGGAATAAGAAAG_003,178
CATGTGCCGGAATAAGAAAG_004,47
CATGTGCCGGAATAAGAAAG_005,33
CATGTGCCGGAATAAGAAAG_006,42
TGCCAGGAGATAGGCAGCAT_001,137
TGCCAGGAGATAGGCAGCAT_002,162
TGCCAGGAGATAGGCAGCAT_003,78
TGCCAGGAGATAGGCAGCAT_004,77
TGCCAGGAGATAGGCAGCAT_005,81
TGCCAGGAGATAGGCAGCAT_006,126
TGCCAGGAGATAGGCAGCAT_007,150
TGCCAGGAGATAGGCAGCAT_008,166
TGCCAGGAGATAGGCAGCAT_009,26
TGCCAGGAGATAGGCAGCAT_010,5
TGCCAGGAGATAGGCAGCAT_011,154
TGCCAGGAGATAGGCAGCAT_012,21
TGCCAGGAGATAGGCAGCAT_013,17
TGCCAGGAGATAGGCAGCAT_014,150
TGCCAGGAGATAGGCAGCAT_015,30
TGCCAGGAGATAGGCAGCAT_016,83
TGCCAGGAGATAGGCAGCAT_017,72
TGCCAGGAGATAGGCAGCAT_018,135
TGCCAGGAGATAGGCAGCAT_019,183
TGCCAGGAGATAGGCAGCAT_020,66
TGCCAGGAGATAGGCAGCAT_021,47
TGCCAGGAGATAGGCAGCAT_022,105
TGCCAGGAGATAGGCAGCAT_023,69
TGCCAGGAGATAGGCAGCAT_024,124
TGCCAGGAGATAGGCAGCAT_025,138
TGCCAGGAGATAGGCAGCAT_026,34
TGGAAATCCTAGGTTTGAGT_001,121
TGGAAATCCTAGGTTTGAGT_002,66
ACTATGATCCAATCAGCCTG_001,115
ACTATGATCCAATCAGCCTG_002,144
ACTATGATCCAATCAGCCTG_003,175
ACTATGATCCAATCAGCCTG_004,147
AGAAGCTACCAAGCACCTAG_001,109
AGAAGCTACCAAGCACCTAG_002,199
AGAAGCTACCAAGCACCTAG_003,199
AGAAGCTACCAAGCACCTAG_004,70
GCACCTCCCAGGCCGACTGT_001,24
GCACCTCCCAGGCCGACTGT_002,185
GCACCTCCCAGGCCGACTGT_003,53
GCACCTCCCAGGCCGACTGT_004,50
GCACCTCCCAGGCCGACTGT_005,168
GCACCTCCCAGGCCGACTGT_006,24
GCACCTCCCAGGCCGACTGT_007,58
GCACCTCCCAGGCCGACTGT_008,106
GCACCTCCCAGGCCGACTGT_009,142
GCACCTCCCAGGCCGACTGT_010,147
GCACCTCCCAGGCCGACTGT_011,40
GCACCTCCCAGGCCGACTGT_012,35
GCACCTCCCAGGCCGACTGT_013,146
GCACCTCCCAGGCCGACTGT_014,127
GCACCTCCCAGGCCGACTGT_015,1
GCACCTCCCAGGCCGACTGT_016,120
GCACCTCCCAGGCCGACTGT_017,9
GCACCTCCCAGGCCGACTGT_018,149
GCACCTCCCAGGCCGACTGT_019,17
GCACCTCCCAGGCCGACTGT_020,56
GCACCTCCCAGGCCGACTGT_021,115
GCACCTCCCAGGCCGACTGT_022,113
GGTACCAGTGGAGAATCGCG_001,43
GGTACCAGTGGAGAATCGCG_002,159
GGTACCAGTGGAGAATCGCG_003,101
GGTACCAGTGGAGAATCGCG_004,177
GGTACCAGTGGAGAATCGCG_005,138
GGTACCAGTGGAGAATCGCG_006,178
GGTACCAGTGGAGAATCGCG_007,112
GGTACCAGTGGAGAATCGCG_008,40
TTCCTCTTAGGCCATGATTG_001,121
TTCCTCTTAGGCCATGATTG_002,5
TTCCTCTTAGGCCATGATTG_003,127
TTCCTCTTAGGCCATGATTG_004,115
TTCCTCTTAGGCCATGATTG_005,118
TTCCTCTTAGGCCATGATTG_006,44
TTCCTCTTAGGCCATGATTG_007,114
TTCCTCTTAGGCCATGATTG_008,124
TTCCTCTTAGGCCATGATTG_009,117
TTCCTCTTAGGCCATGATTG_010,169
TTCCTCTTAGGCCATGATTG_011,81
TTCCTCTTAGGCCATGATTG_012,149
TTCCTCTTAGGCCATGATTG_013,86
TTCCTCTTAGGCCATGATTG_014,58
TTCCTCTTAGGCCATGATTG_015,70
TTCCTCTTAGGCCATGATTG_016,12
TTCCTCTTAGGCCATGATTG_017,137
TTCCTCTTAGGCCATGATTG_018,56
TTCCTCTTAGGCCATGATTG_019,105
TTCCTCTTAGGCCATGATTG_020,124
TTCCTCTTAGGCCATGATTG_021,177
TTCCTCTTAGGCCATGATTG_022,168
CAAGGAGGCTCGTAACATGG_001,94
CAAGGAGGCTCGTAACATGG_002,9
CAAGGAGGCTCGTAACATGG_003,61
CAAGGAGGCTCGTAACATGG_004,20
CAAGGAGGCTCGTAACATGG_005,14
CAAGGAGGCTCGTAACATGG_006,105
CAAGGAGGCTCGTAACATGG_007,2
CAAGGAGGCTCGTAACATGG_008,183
GGGTGAGCCGCAGCAATCGG_001,182
GGGTGAGCCGCAGCAATCGG_002,61
GGGTGAGCCGCAGCAATCGG_003,88
GGGTGAGCCGCAGCAATCGG_004,116
GGGTGAGCCGCAGCAATCGG_005,20
GGGTGAGCCGCAGCAATCGG_006,172
GGGTGAGCCGCAGCAATCGG_007,47
GGGTGAGCCGCAGCAATCGG_008,157
GGGTGAGCCGCAGCAATCGG_009,18
GGGTGAGCCGCAGCAATCGG_010,58
GGGTGAGCCGCAGCAATCGG_011,35
ATAGTCCATGATCGTCACGC_001,119
ATAGTCCATGATCGTCACGC_002,1
ATAGTCCATGATCGTCACGC_003,150
ATAGTCCATGATCGTCACGC_004,179
CATGGTGTGTGGGATACAAG_001,172
CATGGTGTGTGGGATACAAG_002,176
CATGGTGTGTGGGATACAAG_003,1
CATGGTGTGTGGGATACAAG_004,19
CATGGTGTGTGGGATACAAG_005,55
CATGGTGTGTGGGATACAAG_006,78
CATGGTGTGTGGGATACAAG_007,29
CATGGTGTGTGGGATACAAG_008,194
CATGGTGTGTGGGATACAAG_009,138
CATGGTGTGTGGGATACAAG_010,47
CATGGTGTGTGGGATACAAG_011,181
CATGGTGTGTGGGATACAAG_012,25
CATGGTGTGTGGGATACAAG_013,105
CATGGTGTGTGGGATACAAG_014,8
CATGGTGTGTGGGATACAAG_015,119
CATGGTGTGTGGGATACAAG_016,6
CATGGTGTGTGGGATACAAG_017,166
CATGGTGTGTGGGATACAAG_018,174
CATGGTGTGTGGGATACAAG_019,117
CATGGTGTGTGGGATACAAG_020,124
CATGGTGTGTGGGATACAAG_021,197
AATTTAGTCAGATTACACCT_001,58
AATTTAGTCAGATTACACCT_002,102
AATTTAGTCAGATTACACCT_003,72
AATTTAGTCAGATTACACCT_004,0
AATTTAGTCAGATTACACCT_005,27
AATTTAGTCAGATTACACCT_006,50
ACAAGGCCCACCAAAAGACC_001,197
ACAAGGCCCACCAAAAGACC_002,188
CGAGCAACATCACAAGTGCT_001,199
CGAGCAACATCACAAGTGCT_002,16
CGAGCAACATCACAAGTGCT_003,177
CGAGCAACATCACAAGTGCT_004,76
TGAAATACACTGCGTTGACG_001,184
TGAAATACACTGCGTTGACG_002,78
TGAAATACACTGCGTTGACG_003,172
TGAAATACACTGCGTTGACG_004,48
TGAAATACACTGCGTTGACG_005,52
TGAAATACACTGCGTTGACG_006,166
TGAAATACACTGCGTTGACG_007,16
TGAAATACACTGCGTTGACG_008,158
AGCTGGCACAGAAGACCCGG_001,149
AGCTGGCACAGAAGACCCGG_002,87
AGCTGGCACAGAAGACCCGG_003,64
AGCTGGCACAGAAGACCCGG_004,199
AGCTGGCACAGAAGACCCGG_005,189
AGCTGGCACAGAAGACCCGG_006,153
AGCTGGCACAGAAGACCCGG_007,159
AGCTGGCACAGAAGACCCGG_008,77
TGCCACAAGGGCCACAACAT_001,15
TGCCACAAGGGCCACAACAT_002,130
TGCCACAAGGGCCACAACAT_003,50
TGCCACAAGGGCCACAACAT_004,22
TGCCACAAGGGCCACAACAT_005,131
TGCCACAAGGGCCACAACAT_006,152
TGCCACAAGGGCCACAACAT_007,117
TGCCACAAGGGCCACAACAT_008,63
TGCCACAAGGGCCACAACAT_009,188
AATACTTCCTGAATACATGT_001,5
AATACTTCCTGAATACATGT_002,88
AATACTTCCTGAATACATGT_003,9
AATACTTCCTGAATACATGT_004,179
AATACTTCCTGAATACATGT_005,22
AATACTTCCTGAATACATGT_006,94
AATACTTCCTGAATACATGT_007,180
AATACTTCCTGAATACATGT_008,99
AATACTTCCTGAATACATGT_009,52
GCTTTCCCGACCGACCGCAG_001,169
GCTTTCCCGACCGACCGCAG_002,157
GCTTTCCCGACCGACCGCAG_003,22
GCTTTCCCGACCGACCGCAG_004,157
GCTTTCCCGACCGACCGCAG_005,130
GCTTTCCCGACCGACCGCAG_006,100
GCTTTCCCGACCGACCGCAG_007,108
GCTTTCCCGACCGACCGCAG_008,66
TGAAATCAGCCAGTGCAGGG_001,70
TGAAATCAGCCAGTGCAGGG_002,48
TGAAATCAGCCAGTGCAGGG_003,163
TGAAATCAGCCAGTGCAGGG_004,43
TGAAATCAGCCAGTGCAGGG_005,187
TGAAATCAGCCAGTGCAGGG_006,36
TGAAATCAGCCAGTGCAGGG_007,158
ACTTCGCAGGTACTCGTCTG_001,65
ACTTCGCAGGTACTCGTCTG_002,127
ACTTCGCAGGTACTCGTCTG_003,98
ACTTCGCAGGTACTCGTCTG_004,8
ACTTCGCAGGTACTCGTCTG_005,70
ACTTCGCAGGTACTCGTCTG_006,84
AGGTAAGTGATGGTGCTTGA_001,39
GAGGAGGAGGATGACCCCCG_001,166
GAGGAGGAGGATGACCCCCG_002,32
GAGGAGGAGGATGACCCCCG_003,40
GAGGAGGAGGATGACCCCCG_004,18
GAGGAGGAGGATGACCCCCG_005,35
TCGATGGCACAAGCCATGAA_001,145
TCGATGGCACAAGCCATGAA_002,133
TCGATGGCACAAGCCATGAA_003,153
TCGATGGCACAAGCCATGAA_004,61
TTGCGAATCAGATCAGAGTG_001,27
TTGCGAATCAGATCAGAGTG_002,108
TTGCGAATCAGATCAGAGTG_003,5
TTGCGAATCAGATCAGAGTG_004,14
TTGCGAATCAGATCAGAGTG_005,9
TTGCGAATCAGATCAGAGTG_006,42
TTGCGAATCAGATCAGAGTG_007,127
TTGCGAATCAGATCAGAGTG_008,160
TTGCGAATCAGATCAGAGTG_009,63
TTGCGAATCAGATCAGAGTG_010,188
TTGCGAATCAGATCAGAGTG_011,70
TTGCGAATCAGATCAGAGTG_012,96
GTGATAGGGACCATCCACTG_001,191
GTGATAGGGACCATCCACTG_002,150
GTGATAGGGACCATCCACTG_003,162
GTGATAGGGACCATCCACTG_004,108
GTGATAGGGACCATCCACTG_005,125
GTGATAGGGACCATCCACTG_006,12
GTGATAGGGACCATCCACTG_007,83
GTGATAGGGACCATCCACTG_008,194
GTGATAGGGACCATCCACTG_009,56
GTGATAGGGACCATCCACTG_010,13
GTGATAGGGACCATCCACTG_011,32
GTGATAGGGACCATCCACTG_012,85
GTGATAGGGACCATCCACTG_013,190
GTGATAGGGACCATCCACTG_014,83
GTGATAGGGACCATCCACTG_015,92
GTGATAGGGACCATCCACTG_016,50
GTGATAGGGACCATCCACTG_017,39
GTGATAGGGACCATCCACTG_018,12
ACACCAGCATGCAATCACCT_001,198
ACACCAGCATGCAATCACCT_002,199
ACACCAGCATGCAATCACCT_003,12
ACACCAGCATGCAATCACCT_004,82
ACACCAGCATGCAATCACCT_005,49
ACACCAGCATGCAATCACCT_006,30
ACACCAGCATGCAATCACCT_007,170
ACACCAGCATGCAATCACCT_008,33
ACACCAGCATGCAATCACCT_009,34
GGTCAGCATCTTGTTACACG_001,191
GGTCAGCATCTTGTTACACG_002,105
GGTCAGCATCTTGTTACACG_003,150
TGAGCTCTATCGTAGCTCAG_001,0
TGAGCTCTATCGTAGCTCAG_002,63
TTTAGCTACCCCATCGAGCG_001,58
TTTAGCTACCCCATCGAGCG_002,155
TTTAGCTACCCCATCGAGCG_003,44
TTTAGCTACCCCATCGAGCG_004,5
TTTAGCTACCCCATCGAGCG_005,172
TTTAGCTACCCCATCGAGCG_006,38
TTTAGCTACCCCATCGAGCG_007,113
TTTAGCTACCCCATCGAGCG_008,171
TTTAGCTACCCCATCGAGCG_009,76
TTTAGCTACCCCATCGAGCG_010,66
TTTAGCTACCCCATCGAGCG_011,121
GGATCTGTGATAGCCAGCAT_001,29
GGATCTGTGATAGCCAGCAT_002,73
GGATCTGTGATAGCCAGCAT_003,159
GGATCTGTGATAGCCAGCAT_004,116
GGATCTGTGATAGCCAGCAT_005,94
GGATCTGTGATAGCCAGCAT_006,58
ATTGATGAGAATTATCAAGC_001,76
ATTGATGAGAATTATCAAGC_002,160
ATTGATGAGAATTATCAAGC_003,187
AGCTATGGCAATCCTTTAAG_001,75
AGCTATGGCAATCCTTTAAG_002,72
AGCTATGGCAATCCTTTAAG_003,68
AGCTATGGCAATCCTTTAAG_004,154
AGCTATGGCAATCCTTTAAG_005,73
AGCTATGGCAATCCTTTAAG_006,193
AGCTATGGCAATCCTTTAAG_007,190
AGCTATGGCAATCCTTTAAG_008,60
AGCTATGGCAATCCTTTAAG_009,77
AGCTATGGCAATCCTTTAAG_010,70
AGTTGAATACGCCCCAAAAG_001,13
CAGTCCAAAGCCGAGCTGGT_001,109
CAGTCCAAAGCCGAGCTGGT_002,91
CAGTCCAAAGCCGAGCTGGT_003,4
CAGTCCAAAGCCGAGCTGGT_004,121
CAGTCCAAAGCCGAGCTGGT_005,168
CAGTCCAAAGCCGAGCTGGT_006,149
CAGTCCAAAGCCGAGCTGGT_007,131
CAGTCCAAAGCCGAGCTGGT_008,83
CAGTCCAAAGCCGAGCTGGT_009,60
CAGTCCAAAGCCGAGCTGGT_010,31
CAGTCCAAAGCCGAGCTGGT_011,145
CAGTCCAAAGCCGAGCTGGT_012,12
CAGTCCAAAGCCGAGCTGGT_013,182
GAAGCCCCTGAAGACATACG_001,181
GAAGCCCCTGAAGACATACG_002,113
GAAGCCCCTGAAGACATACG_003,106
GAAGCCCCTGAAGACATACG_004,158
GAAGCCCCTGAAGACATACG_005,121
GAAGCCCCTGAAGACATACG_006,105
GAAGCCCCTGAAGACATACG_007,19
GAAGCCCCTGAAGACATACG_008,141
GAAGCCCCTGAAGACATACG_009,26
GAAGCCCCTGAAGACATACG_010,40
GAAGCCCCTGAAGACATACG_011,33
GAAGCCCCTGAAGACATACG_012,119
GAAGCCCCTGAAGACATACG_013,119
GAAGCCCCTGAAGACATACG_014,98
GAAGCCCCTGAAGACATACG_015,16
GAGTTACCTGCACATCCCCA_001,140
GAGTTACCTGCACATCCCCA_002,178
GAGTTACCTGCACATCCCCA_003,41
GAGTTACCTGCACATCCCCA_004,121
GAGTTACCTGCACATCCCCA_005,179
GAGTTACCTGCACATCCCCA_006,187
GAGTTACCTGCACATCCCCA_007,22
GAGTTACCTGCACATCCCCA_008,179
GAGTTACCTGCACATCCCCA_009,77
GCACGCAGTTTGAGTACGCC_001,8
GCACGCAGTTTGAGTACGCC_002,127
GCACGCAGTTTGAGTACGCC_003,97
GCACGCAGTTTGAGTACGCC_004,17
GCACGCAGTTTGAGTACGCC_005,76
GCACGCAGTTTGAGTACGCC_006,170
GCACGCAGTTTGAGTACGCC_007,151
GCACGCAGTTTGAGTACGCC_008,122
GCACGCAGTTTGAGTACGCC_009,78
GCACGCAGTTTGAGTACGCC_010,103
GCACGCAGTTTGAGTACGCC_011,46
GCACGCAGTTTGAGTACGCC_012,164
GCACGCAGTTTGAGTACGCC_013,149
GCACGCAGTTTGAGTACGCC_014,137
GCACGCAGTTTGAGTACGCC_015,31
GCACGCAGTTTGAGTACGCC_016,47
GCACGCAGTTTGAGTACGCC_017,9
GCACGCAGTTTGAGTACGCC_018,162
GCACGCAGTTTGAGTACGCC_019,116
GCACGCAGTTTGAGTACGCC_020,60
GCACGCAGTTTGAGTACGCC_021,11
GCACGCAGTTTGAGTACGCC_022,146
TATCCTTGATCTCATAACGG_001,29
TATCCTTGATCTCATAACGG_002,29
TATCCTTGATCTCATAACGG_003,72
TATCCTTGATCTCATAACGG_004,129
TATCCTTGATCTCATAACGG_005,40
TATCCTTGATCTCATAACGG_006,162
TATCCTTGATCTCATAACGG_007,168
TATCCTTGATCTCATAACGG_008,46
TATCCTTGATCTCATAACGG_009,188
TATCCTTGATCTCATAACGG_010,63
TCTGCCAGTCAAACAAACGA_001,4
TCTGCCAGTCAAACAAACGA_002,157
TCTGCCAGTCAAACAAACGA_003,6
TCTGCCAGTCAAACAAACGA_004,152
TCTGCCAGTCAAACAAACGA_005,124
TCTGCCAGTCAAACAAACGA_006,35
TCTGCCAGTCAAACAAACGA_007,162
TCTGCCAGTCAAACAAACGA_008,105
TCTGCCAGTCAAACAAACGA_009,90
TCTGCCAGTCAAACAAACGA_010,38
TCTGCCAGTCAAACAAACGA_011,162
TCTGCCAGTCAAACAAACGA_012,138
TCTGCCAGTCAAACAAACGA_013,49
TCTGCCAGTCAAACAAACGA_014,12
TCTGCCAGTCAAACAAACGA_015,127
TCTGCCAGTCAAACAAACGA_016,145
TCTGCCAGTCAAACAAACGA_017,9
TCTGCCAGTCAAACAAACGA_018,16
TCTGCCAGTCAAACAAACGA_019,49
TCTGCCAGTCAAACAAACGA_020,137
TCTGCCAGTCAAACAAACGA_021,151
TCTGCCAGTCAAACAAACGA_022,192
GAAGAGTGGGCAGACCCGGT_001,121
GAAGAGTGGGCAGACCCGGT_002,174
GAAGAGTGGGCAGACCCGGT_003,151
GAAGAGTGGGCAGACCCGGT_004,105
GAAGAGTGGGCAGACCCGGT_005,108
GAAGAGTGGGCAGACCCGGT_006,17
GAAGAGTGGGCAGACCCGGT_007,148
TGAGAGCCACGCCATACGGG_001,154
TGAGAGCCACGCCATACGGG_002,60
TGAGAGCCACGCCATACGGG_003,199
TGAGAGCCACGCCATACGGG_004,177
TGAGAGCCACGCCATACGGG_005,34
TGAGAGCCACGCCATACGGG_006,81
TGAGAGCCACGCCATACGGG_007,130
TGAGAGCCACGCCATACGGG_008,43
TGAGAGCCACGCCATACGGG_009,91
TGAGAGCCACGCCATACGGG_010,169
TGAGAGCCACGCCATACGGG_011,152
TGAGAGCCACGCCATACGGG_012,150
TGAGAGCCACGCCATACGGG_013,138
CAGGCTCAGCAGGAACACTA_001,47
CAGGCTCAGCAGGAACACTA_002,186
CAGGCTCAGCAGGAACACTA_003,171
CAGGCTCAGCAGGAACACTA_004,107
CAGGCTCAGCAGGAACACTA_005,76
CAGGCTCAGCAGGAACACTA_006,54
CAGGCTCAGCAGGAACACTA_007,77
CAGGCTCAGCAGGAACACTA_008,77
CAGGCTCAGCAGGAACACTA_009,116
CAGGCTCAGCAGGAACACTA_010,77
CAGGCTCAGCAGGAACACTA_011,48
CAGGCTCAGCAGGAACACTA_012,38
CAGGCTCAGCAGGAACACTA_013,120
CAGGCTCAGCAGGAACACTA_014,104
CAGGCTCAGCAGGAACACTA_015,36
CAGGCTCAGCAGGAACACTA_016,174
CAGGCTCAGCAGGAACACTA_017,177
CAGGCTCAGCAGGAACACTA_018,102
CAGGCTCAGCAGGAACACTA_019,46
CAGGCTCAGCAGGAACACTA_020,62
CAGGCTCAGCAGGAACACTA_021,68
CAGGCTCAGCAGGAACACTA_022,63
CAGGCTCAGCAGGAACACTA_023,2
CAGGCTCAGCAGGAACACTA_024,191
CAGGCTCAGCAGGAACACTA_025,147
CAGGCTCAGCAGGAACACTA_026,92
TGAAGGGATACCAACCCGCG_001,195
TGAAGGGATACCAACCCGCG_002,29
TGAAGGGATACCAACCCGCG_003,184
TGAAGGGATACCAACCCGCG_004,1
TGAAGGGATACCAACCCGCG_005,0
TGAAGGGATACCAACCCGCG_006,192
TGAAGGGATACCAACCCGCG_007,76
TGAAGGGATACCAACCCGCG_008,33
TGAAGGGATACCAACCCGCG_009,50
TGAAGGGATACCAACCCGCG_010,141
TGAAGGGATACCAACCCGCG_011,7
TGAAGGGATACCAACCCGCG_012,130
TGAAGGGATACCAACCCGCG_013,182
TGAAGGGATACCAACCCGCG_014,168
TGAAGGGATACCAACCCGCG_015,78
TGAAGGGATACCAACCCGCG_016,30
TGAAGGGATACCAACCCGCG_017,29
TGCCCAGCTTCTCGCCGCCG_001,152
TGCCCAGCTTCTCGCCGCCG_002,188
TGCCCAGCTTCTCGCCGCCG_003,21
TGCCCAGCTTCTCGCCGCCG_004,121
GCTTTCGAAGAATCCCTCCA_001,78
GCTTTCGAAGAATCCCTCCA_002,34
GCTTTCGAAGAATCCCTCCA_003,127
TATTGCTGCTAAGATGAGTG_001,51
TATTGCTGCTAAGATGAGTG_002,62
TATTGCTGCTAAGATGAGTG_003,56
TATTGCTGCTAAGATGAGTG_004,144
TATTGCTGCTAAGATGAGTG_005,148
TATTGCTGCTAAGATGAGTG_006,76
TATTGCTGCTAAGATGAGTG_007,60
TATTGCTGCTAAGATGAGTG_008,48
AGGTGCGACTGAATATATAC_001,77
AGGTGCGACTGAATATATAC_002,191
TAAGACCACTCACTGTAGGT_001,45
TAAGACCACTCACTGTAGGT_002,68
TAAGACCACTCACTGTAGGT_003,84
TAAGACCACTCACTGTAGGT_004,93
TAAGACCACTCACTGTAGGT_005,117
TAAGACCACTCACTGTAGGT_006,12
TAAGACCACTCACTGTAGGT_007,179
TAAGACCACTCACTGTAGGT_008,33
TAAGACCACTCACTGTAGGT_009,147
TAAGACCACTCACTGTAGGT_010,15
TAAGACCACTCACTGTAGGT_011,131
TAAGACCACTCACTGTAGGT_012,80
AATAAGCAGTTGGCTCACGG_001,49
AATAAGCAGTTGGCTCACGG_002,162
AATAAGCAGTTGGCTCACGG_003,118
AATAAGCAGTTGGCTCACGG_004,158
AATAAGCAGTTGGCTCACGG_005,156
AATAAGCAGTTGGCTCACGG_006,162
AATAAGCAGTTGGCTCACGG_007,163
AATAAGCAGTTGGCTCACGG_008,87
AATAAGCAGTTGGCTCACGG_009,118
AATAAGCAGTTGGCTCACGG_010,137
AATAAGCAGTTGGCTCACGG_011,143
AATAAGCAGTTGGCTCACGG_012,177
AATAAGCAGTTGGCTCACGG_013,61
AATAAGCAGTTGGCTCACGG_014,115
AATAAGCAGTTGGCTCACGG_015,148
AATAAGCAGTTGGCTCACGG_016,28
AATAAGCAGTTGGCTCACGG_017,70
AATAAGCAGTTGGCTCACGG_018,94
AATAAGCAGTTGGCTCACGG_019,58
AATAAGCAGTTGGCTCACGG_020,40
AATAAGCAGTTGGCTCACGG_021,175
AATAAGCAGTTGGCTCACGG_022,152
AATAAGCAGTTGGCTCACGG_023,55
AATAAGCAGTTGGCTCACGG_024,109
AATAAGCAGTTGGCTCACGG_025,170
AATAAGCAGTTGGCTCACGG_026,34
AATAAGCAGTTGGCTCACGG_027,118
ACATATAATCCAGAAAACCT_001,26
CATACACGATGTGAATTGGT_001,77
CATACACGATGTGAATTGGT_002,68
CATTCCTTCTGCATAAACAG_001,178
CATTCCTTCTGCATAAACAG_002,153
GCCGCGTTGTTCTTGGTGAG_001,195
GCCGCGTTGTTCTTGGTGAG_002,94
GCCGCGTTGTTCTTGGTGAG_003,43
GCCGCGTTGTTCTTGGTGAG_004,15
GCCGCGTTGTTCTTGGTGAG_005,188
GCCGCGTTGTTCTTGGTGAG_006,130
GCCGCGTTGTTCTTGGTGAG_007,71
GCCGCGTTGTTCTTGGTGAG_008,147
GCCGCGTTGTTCTTGGTGAG_009,9
GCCGCGTTGTTCTTGGTGAG_010,54
GCCGCGTTGTTCTTGGTGAG_011,15
GCCGCGTTGTTCTTGGTGAG_012,31
GCCGCGTTGTTCTTGGTGAG_013,52
GCCGCGTTGTTCTTGGTGAG_014,151
GCCGCGTTGTTCTTGGTGAG_015,50
GAGCCACTTGAGTAAGGCGA_001,155
GAGCCACTTGAGTAAGGCGA_002,50
GAGCCACTTGAGTAAGGCGA_003,165
GAGCCACTTGAGTAAGGCGA_004,1
GAGCCACTTGAGTAAGGCGA_005,11
GAGCCACTTGAGTAAGGCGA_006,147
GAGCCACTTGAGTAAGGCGA_007,197
GAGCCACTTGAGTAAGGCGA_008,177
GAGCCACTTGAGTAAGGCGA_009,122
GAGCCACTTGAGTAAGGCGA_010,146
GAGCCACTTGAGTAAGGCGA_011,195
GAGCCACTTGAGTAAGGCGA_012,76
GAGCCACTTGAGTAAGGCGA_013,92
GAGCCACTTGAGTAAGGCGA_014,29
GAGCCACTTGAGTAAGGCGA_015,41
GAGCCACTTGAGTAAGGCGA_016,32
GAGCCACTTGAGTAAGGCGA_017,52
GAGCCACTTGAGTAAGGCGA_018,197
GAGCCACTTGAGTAAGGCGA_019,33
GAGCCACTTGAGTAAGGCGA_020,88
GAGCCACTTGAGTAAGGCGA_021,50
GAGCCACTTGAGTAAGGCGA_022,155
GAGCCACTTGAGTAAGGCGA_023,89
GAGTTGTCGAGCACCACAAG_001,102
GAGTTGTCGAGCACCACAAG_002,71
GAGTTGTCGAGCACCACAAG_003,17
GAGTTGTCGAGCACCACAAG_004,188
GAGTTGTCGAGCACCACAAG_005,96
GAGTTGTCGAGCACCACAAG_006,103
GAGTTGTCGAGCACCACAAG_007,17
GAGTTGTCGAGCACCACAAG_008,93
GAGTTGTCGAGCACCACAAG_009,157
GAGTTGTCGAGCACCACAAG_010,191
GAGTTGTCGAGCACCACAAG_011,18
GAGTTGTCGAGCACCACAAG_012,70
GAGTTGTCGAGCACCACAAG_013,102
GAGTTGTCGAGCACCACAAG_014,76
GAGTTGTCGAGCACCACAAG_015,144
GAGTTGTCGAGCACCACAAG_016,174
GAGTTGTCGAGCACCACAAG_017,160
GAGTTGTCGAGCACCACAAG_018,60
GAGTTGTCGAGCACCACAAG_019,49
GAGTTGTCGAGCACCACAAG_020,88
GAGTTGTCGAGCACCACAAG_021,172
GAGTTGTCGAGCACCACAAG_022,129
GAGTTGTCGAGCACCACAAG_023,81
GAGTTGTCGAGCACCACAAG_024,28
GAGTTGTCGAGCACCACAAG_025,54
GAGTTGTCGAGCACCACAAG_026,107
GAGTTGTCGAGCACCACAAG_027,60
GAGTTGTCGAGCACCACAAG_028,63
GAGTTGTCGAGCACCACAAG_029,81
GAGTTGTCGAGCACCACAAG_030,4
TGACATGACAGAGCACCGGA_001,178
TGACATGACAGAGCACCGGA_002,191
TGACATGACAGAGCACCGGA_003,168
TGACATGACAGAGCACCGGA_004,149
TGACATGACAGAGCACCGGA_005,55
TGACATGACAGAGCACCGGA_006,174
TGACATGACAGAGCACCGGA_007,141
TGACATGACAGAGCACCGGA_008,140
TGACATGACAGAGCACCGGA_009,150
TGACATGACAGAGCACCGGA_010,53
TGACATGACAGAGCACCGGA_011,129
TGACATGACAGAGCACCGGA_012,130
TGACATGACAGAGCACCGGA_013,69
TGACATGACAGAGCACCGGA_014,162
TGACATGACAGAGCACCGGA_015,63
TGACATGACAGAGCACCGGA_016,97
TGACATGACAGAGCACCGGA_017,46
TGACATGACAGAGCACCGGA_018,56
TGACATGACAGAGCACCGGA_019,6
TGACATGACAGAGCACCGGA_020,137
TGACATGACAGAGCACCGGA_021,183
AGTGTTCACCACGATTACCG_001,118
AGTGTTCACCACGATTACCG_002,115
AGTGTTCACCACGATTACCG_003,191
AGTGTTCACCACGATTACCG_004,93
AGTGTTCACCACGATTACCG_005,156
AGTGTTCACCACGATTACCG_006,158
AGTGTTCACCACGATTACCG_007,146
AGTGTTCACCACGATTACCG_008,39
GCGGATCAGAAAGGTGCCGG_001,113
GCGGATCAGAAAGGTGCCGG_002,147
GCGGATCAGAAAGGTGCCGG_003,74
GCGGATCAGAAAGGTGCCGG_004,160
GCGGATCAGAAAGGTGCCGG_005,180
GCGGATCAGAAAGGTGCCGG_006,103
GCGGATCAGAAAGGTGCCGG_007,130
GCGGATCAGAAAGGTGCCGG_008,165
GTAGGATAAGCCAGAGACAT_001,144
GTAGGATAAGCCAGAGACAT_002,32
AGACAGGATGTGCCTATGAA_001,196
AGACAGGATGTGCCTATGAA_002,94
AGACAGGATGTGCCTATGAA_003,95
AGACAGGATGTGCCTATGAA_004,96
AGACAGGATGTGCCTATGAA_005,59
AGACAGGATGTGCCTATGAA_006,146
AGACAGGATGTGCCTATGAA_007,158
AGACAGGATGTGCCTATGAA_008,190
AGACAGGATGTGCCTATGAA_009,84
CTTGCTCCACAGGCTAGTGA_001,159
CTTGCTCCACAGGCTAGTGA_002,11
CTTGCTCCACAGGCTAGTGA_003,199
CTTGCTCCACAGGCTAGTGA_004,18
CTTGCTCCACAGGCTAGTGA_005,102
CTTGCTCCACAGGCTAGTGA_006,127
CTTGCTCCACAGGCTAGTGA_007,38
CTTGCTCCACAGGCTAGTGA_008,163
CTTGCTCCACAGGCTAGTGA_009,101
CTTGCTCCACAGGCTAGTGA_010,133
CTTGCTCCACAGGCTAGTGA_011,138
CTTGCTCCACAGGCTAGTGA_012,80
CTTGCTCCACAGGCTAGTGA_013,166
AACTTGTGTAGCAAACGTCG_001,83
AACTTGTGTAGCAAACGTCG_002,12
AACTTGTGTAGCAAACGTCG_003,157
AACTTGTGTAGCAAACGTCG_004,63
AACTTGTGTAGCAAACGTCG_005,8
AACTTGTGTAGCAAACGTCG_006,113
CAGGAGACACAATCACAGTG_001,177
CAGGAGACACAATCACAGTG_002,127
CAGGAGACACAATCACAGTG_003,73
CAGGAGACACAATCACAGTG_004,176
CAGGAGACACAATCACAGTG_005,41
CAGGAGACACAATCACAGTG_006,138
CAGGAGACACAATCACAGTG_007,124
CAGGAGACACAATCACAGTG_008,22
CAGGAGACACAATCACAGTG_009,199
CAGGAGACACAATCACAGTG_010,54
CAGGAGACACAATCACAGTG_011,76
CAGGAGACACAATCACAGTG_012,70
CAGGAGACACAATCACAGTG_013,114
CAGGAGACACAATCACAGTG_014,165
CAGGAGACACAATCACAGTG_015,88
GCTGGCAGAACCCATCCTCG_001,54
GCTGGCAGAACCCATCCTCG_002,24
GCTGGCAGAACCCATCCTCG_003,102
GCTGGCAGAACCCATCCTCG_004,144
GCTGGCAGAACCCATCCTCG_005,191
GCTGGCAGAACCCATCCTCG_006,42
GCTGGCAGAACCCATCCTCG_007,6
CAATAGCCTTGGTACCCCTG_001,54
CAATAGCCTTGGTACCCCTG_002,11
CAATAGCCTTGGTACCCCTG_003,25
CAATAGCCTTGGTACCCCTG_004,43
CAATAGCCTTGGTACCCCTG_005,74
CAATAGCCTTGGTACCCCTG_006,60
GAGAGAACAAAACTGTCTGT_001,190
GAGAGAACAAAACTGTCTGT_002,19
GAGAGAACAAAACTGTCTGT_003,57
GAGAGAACAAAACTGTCTGT_004,5
GAGAGAACAAAACTGTCTGT_005,150
GAGAGAACAAAACTGTCTGT_006,99
AGTAGCAAAACATGTTACGT_001,169
AGTAGCAAAACATGTTACGT_002,82
AGTAGCAAAACATGTTACGT_003,142
AGTAGCAAAACATGTTACGT_004,160
AGTAGCAAAACATGTTACGT_005,32
AGTAGCAAAACATGTTACGT_006,127
AGTAGCAAAACATGTTACGT_007,106
AGTAGCAAAACATGTTACGT_008,21
AGTAGCAAAACATGTTACGT_009,189
AGTAGCAAAACATGTTACGT_010,120
AGTAGCAAAACATGTTACGT_011,41
AGTAGCAAAACATGTTACGT_012,78
AGTAGCAAAACATGTTACGT_013,56
CTCTTCCATAGATACACGAA_001,89
GGGCCGAGGCAAGATAAGCA_001,157
GGGCCGAGGCAAGATAAGCA_002,148
TGGATTCCCGGAAAGCCTCG_001,152
TGGATTCCCGGAAAGCCTCG_002,147
TGGATTCCCGGAAAGCCTCG_003,38
TGGATTCCCGGAAAGCCTCG_004,32
TGGATTCCCGGAAAGCCTCG_005,92
TGGATTCCCGGAAAGCCTCG_006,174
TGGATTCCCGGAAAGCCTCG_007,68
CAGGGGCTTTCTACACAACC_001,146
CAGGGGCTTTCTACACAACC_002,146
CAGGGGCTTTCTACACAACC_003,96
CAGGGGCTTTCTACACAACC_004,43
CGTGGACGGAGTGACTATGA_001,8
CGTGGACGGAGTGACTATGA_002,57
CGTGGACGGAGTGACTATGA_003,107
CGTGGACGGAGTGACTATGA_004,2
CAGATGTGAGCCAGGACCCG_001,119
CAGATGTGAGCCAGGACCCG_002,58
CAGATGTGAGCCAGGACCCG_003,178
CAGATGTGAGCCAGGACCCG_004,9
CAGATGTGAGCCAGGACCCG_005,63
CAGATGTGAGCCAGGACCCG_006,145
CAGATGTGAGCCAGGACCCG_007,6
CAGATGTGAGCCAGGACCCG_008,56
CAGATGTGAGCCAGGACCCG_009,34
CAGATGTGAGCCAGGACCCG_010,155
CAGATGTGAGCCAGGACCCG_011,7
CAGATGTGAGCCAGGACCCG_012,1
CCAGGCTTCCCGATCCACAG_001,198
CCAGGCTTCCCGATCCACAG_002,0
CCAGGCTTCCCGATCCACAG_003,55
CCAGGCTTCCCGATCCACAG_004,12
CCAGGCTTCCCGATCCACAG_005,190
CCAGGCTTCCCGATCCACAG_006,27
CCAGGCTTCCCGATCCACAG_007,197
CCAGGCTTCCCGATCCACAG_008,104
CCAGGCTTCCCGATCCACAG_009,118
GGCGGGCGCCAATGGCACGT_001,11
GGCGGGCGCCAATGGCACGT_002,70
GGCGGGCGCCAATGGCACGT_003,41
GGCGGGCGCCAATGGCACGT_004,191
GGCGGGCGCCAATGGCACGT_005,77
GGCGGGCGCCAATGGCACGT_006,175
GGCGGGCGCCAATGGCACGT_007,117
GGCGGGCGCCAATGGCACGT_008,198
CCTACCCATACAGTGTACCG_001,168
TGTGCCAAAAATGTACTGTG_001,8
TGTGCCAAAAATGTACTGTG_002,41
TGTGCCAAAAATGTACTGTG_003,117
GAGGTTGAGACACAGCCCAA_001,23
GAGGTTGAGACACAGCCCAA_002,191
GAGGTTGAGACACAGCCCAA_003,5
GAGGTTGAGACACAGCCCAA_004,2
GAGGTTGAGACACAGCCCAA_005,171
GAGGTTGAGACACAGCCCAA_006,197
GAGGTTGAGACACAGCCCAA_007,128
GAGGTTGAGACACAGCCCAA_008,1
GAGGTTGAGACACAGCCCAA_009,16
GAGGTTGAGACACAGCCCAA_010,81
GAGGTTGAGACACAGCCCAA_011,113
GAGGTTGAGACACAGCCCAA_012,42
GAGGTTGAGACACAGCCCAA_013,9
GAGGTTGAGACACAGCCCAA_014,159
GAGGTTGAGACACAGCCCAA_015,11
GAGGTTGAGACACAGCCCAA_016,190
GAGGTTGAGACACAGCCCAA_017,133
GAGGTTGAGACACAGCCCAA_018,126
GAGGTTGAGACACAGCCCAA_019,40
GGGCGACCGTCACAACACTA_001,81
GGGCGACCGTCACAACACTA_002,29
GGGCGACCGTCACAACACTA_003,127
GGGCGACCGTCACAACACTA_004,12
GGGCGACCGTCACAACACTA_005,43
GGGCGACCGTCACAACACTA_006,149
GGGCGACCGTCACAACACTA_007,88
GGGCGACCGTCACAACACTA_008,43
GGGCGACCGTCACAACACTA_009,177
GGGCGACCGTCACAACACTA_010,69
GGGCGACCGTCACAACACTA_011,145
GGGCGACCGTCACAACACTA_012,46
GGGCGACCGTCACAACACTA_013,51
GGGCGACCGTCACAACACTA_014,68
AAGATGTGACTGATCAACAA_001,8
AAGATGTGACTGATCAACAA_002,46
AAGATGTGACTGATCAACAA_003,28
AAGATGTGACTGATCAACAA_004,184
AAGATGTGACTGATCAACAA_005,162
AAGATGTGACTGATCAACAA_006,47
AAGATGTGACTGATCAACAA_007,20
AAGATGTGACTGATCAACAA_008,149
AAGATGTGACTGATCAACAA_009,15
AAGATGTGACTGATCAACAA_010,56
AAGATGTGACTGATCAACAA_011,88
AAGATGTGACTGATCAACAA_012,188
AAGATGTGACTGATCAACAA_013,150
AAGATGTGACTGATCAACAA_014,50
AAGATGTGACTGATCAACAA_015,149
AAGATGTGACTGATCAACAA_016,62
AAGATGTGACTGATCAACAA_017,59
AAGATGTGACTGATCAACAA_018,83
AAGATGTGACTGATCAACAA_019,6
AAGATGTGACTGATCAACAA_020,175
AAGATGTGACTGATCAACAA_021,81
AAGATGTGACTGATCAACAA_022,176
AAGATGTGACTGATCAACAA_023,76
AAGATGTGACTGATCAACAA_024,143
AAGATGTGACTGATCAACAA_025,83
AAGATGTGACTGATCAACAA_026,1
AAGATGTGACTGATCAACAA_027,6
AAGATGTGACTGATCAACAA_028,66
AAGATGTGACTGATCAACAA_029,150
AAGATGTGACTGATCAACAA_030,158
AAGATGTGACTGATCAACAA_031,148
AAGATGTGACTGATCAACAA_032,121
AAGATGTGACTGATCAACAA_033,178
AAGATGTGACTGATCAACAA_034,178
AAGATGTGACTGATCAACAA_035,81
AAGATGTGACTGATCAACAA_036,188
AAGATGTGACTGATCAACAA_037,96
AAGATGTGACTGATCAACAA_038,9
AAGATGTGACTGATCAACAA_039,13
AAGATGTGACTGATCAACAA_040,147
CCTGTGCACCCATCTACTGC_001,73
CCTGTGCACCCATCTACTGC_002,147
CCTGTGCACCCATCTACTGC_003,175
CCTGTGCACCCATCTACTGC_004,177
GAAGCTATAGATGTCTAAGA_001,108
CACTCCCAAACTCACCAGGA_001,172
CACTCCCAAACTCACCAGGA_002,188
CACTCCCAAACTCACCAGGA_003,62
CACTCCCAAACTCACCAGGA_004,167
CACTCCCAAACTCACCAGGA_005,133
CACTCCCAAACTCACCAGGA_006,127
CACTCCCAAACTCACCAGGA_007,168
CACTCCCAAACTCACCAGGA_008,39
CACTCCCAAACTCACCAGGA_009,119
CACTCCCAAACTCACCAGGA_010,119
AACAGATTTAGAGATCGCCA_001,73
AACAGATTTAGAGATCGCCA_002,137
AACAGATTTAGAGATCGCCA_003,152
AACAGATTTAGAGATCGCCA_004,131
CAGACTCACGACATAGACCA_001,17
CAGACTCACGACATAGACCA_002,191
CAGACTCACGACATAGACCA_003,106
CAGACTCACGACATAGACCA_004,160
AACAACCTTCGAGATATGAC_001,169
AACAACCTTCGAGATATGAC_002,94
AACAACCTTCGAGATATGAC_003,68
AACAACCTTCGAGATATGAC_004,145
AACAACCTTCGAGATATGAC_005,192
AACAACCTTCGAGATATGAC_006,24
AACAACCTTCGAGATATGAC_007,17
ACTGCCTATATCAGCAGTGA_001,182
ACTGCCTATATCAGCAGTGA_002,23
ACTGCCTATATCAGCAGTGA_003,2
ACTGCCTATATCAGCAGTGA_004,9
ACTGCCTATATCAGCAGTGA_005,72
ACTGCCTATATCAGCAGTGA_006,192
ACTGCCTATATCAGCAGTGA_007,60
ACTGCCTATATCAGCAGTGA_008,127
ACTGCCTATATCAGCAGTGA_009,6
CGATGACATTGGCGACACTG_001,60
CGATGACATTGGCGACACTG_002,194
CGATGACATTGGCGACACTG_003,166
CGATGACATTGGCGACACTG_004,154
CGATGACATTGGCGACACTG_005,154
CGATGACATTGGCGACACTG_006,116
CGATGACATTGGCGACACTG_007,114
CGATGACATTGGCGACACTG_008,147
CGATGACATTGGCGACACTG_009,80
CGATGACATTGGCGACACTG_010,126
CGATGACATTGGCGACACTG_011,81
CGATGACATTGGCGACACTG_012,156
CGATGACATTGGCGACACTG_013,196
CGATGACATTGGCGACACTG_014,64
CGATGACATTGGCGACACTG_015,64
CGATGACATTGGCGACACTG_016,81
CGATGACATTGGCGACACTG_017,147
CTGTGGCCCATACCCTGCCA_001,2
CTGTGGCCCATACCCTGCCA_002,177
CTGTGGCCCATACCCTGCCA_003,116
CTGTGGCCCATACCCTGCCA_004,80
CTGTGGCCCATACCCTGCCA_005,161
CTGTGGCCCATACCCTGCCA_006,63
CTGTGGCCCATACCCTGCCA_007,58
CTGTGGCCCATACCCTGCCA_008,40
GACCTCAAGTAATGACAAGA_001,172
GACCTCAAGTAATGACAAGA_002,161
GAGTCCAGCCAAGACTGATG_001,42
GAGTCCAGCCAAGACTGATG_002,73
GAGTCCAGCCAAGACTGATG_003,169
GAGTCCAGCCAAGACTGATG_004,128
GAGTCCAGCCAAGACTGATG_005,92
GAGTCCAGCCAAGACTGATG_006,77
GAGTCCAGCCAAGACTGATG_007,77
GAGTCCAGCCAAGACTGATG_008,28
GAGTCCAGCCAAGACTGATG_009,106
GAGTCCAGCCAAGACTGATG_010,67
GAGTCCAGCCAAGACTGATG_011,103
GGTACCGAACCAGGCGACAG_001,119
GGTACCGAACCAGGCGACAG_002,38
GGTACCGAACCAGGCGACAG_003,96
GGTACCGAACCAGGCGACAG_004,87
GGTACCGAACCAGGCGACAG_005,52
TCCCCCTGCAGTGTGTTGGG_001,41
TCCCCCTGCAGTGTGTTGGG_002,5
TCCCCCTGCAGTGTGTTGGG_003,43
TCCCCCTGCAGTGTGTTGGG_004,153
TCCCCCTGCAGTGTGTTGGG_005,157
TCCCCCTGCAGTGTGTTGGG_006,114
TCCCCCTGCAGTGTGTTGGG_007,34
TCCCCCTGCAGTGTGTTGGG_008,26
TCCCCCTGCAGTGTGTTGGG_009,176
TCCCCCTGCAGTGTGTTGGG_010,9
TCCCCCTGCAGTGTGTTGGG_011,81
TCTTAATTCAGCCCTCAGCA_001,151
TCTTAATTCAGCCCTCAGCA_002,33
CGTGAACTACAACGTAACCG_001,8
CGTGAACTACAACGTAACCG_002,94
CGTGAACTACAACGTAACCG_003,45
CGTGAACTACAACGTAACCG_004,61
CGCAGTCATTCGATAGGAAT_001,27
CGCAGTCATTCGATAGGAAT_002,170
CGCAGTCATTCGATAGGAAT_003,141
CGCAGTCATTCGATAGGAAT_004,62
CGCAGTCATTCGATAGGAAT_005,50
CGCAGTCATTCGATAGGAAT_006,94
CGCAGTCATTCGATAGGAAT_007,77
CGCAGTCATTCGATAGGAAT_008,120
CGCAGTCATTCGATAGGAAT_009,8
CGCAGTCATTCGATAGGAAT_010,88
CGCAGTCATTCGATAGGAAT_011,148
CGCAGTCATTCGATAGGAAT_012,113
CGCAGTCATTCGATAGGAAT_013,13
CGCAGTCATTCGATAGGAAT_014,147
CGCAGTCATTCGATAGGAAT_015,138
CGCAGTCATTCGATAGGAAT_016,147
CGCAGTCATTCGATAGGAAT_017,63
CGCAGTCATTCGATAGGAAT_018,147
GACAAAAGTACTGTTATCGG_001,178
GACAAAAGTACTGTTATCGG_002,89
GACAAAAGTACTGTTATCGG_003,69
GACAAAAGTACTGTTATCGG_004,88
GACAAAAGTACTGTTATCGG_005,161
GACAAAAGTACTGTTATCGG_006,121
GGGTCCAACTCACTTAGTGA_001,89
GGGTCCAACTCACTTAGTGA_002,22
GAACCAGATCCTGATCCGCG_001,129
GAACCAGATCCTGATCCGCG_002,27
GAACCAGATCCTGATCCGCG_003,66
GAACCAGATCCTGATCCGCG_004,54
GAACCAGATCCTGATCCGCG_005,60
GAACCAGATCCTGATCCGCG_006,24
GAACCAGATCCTGATCCGCG_007,17
GAACCAGATCCTGATCCGCG_008,39
GAACCAGATCCTGATCCGCG_009,51
GAACCAGATCCTGATCCGCG_010,130
GAACCAGATCCTGATCCGCG_011,60
GAACCAGATCCTGATCCGCG_012,27
GAACCAGATCCTGATCCGCG_013,59
GAACCAGATCCTGATCCGCG_014,127
GAACCAGATCCTGATCCGCG_015,137
GAACCAGATCCTGATCCGCG_016,147
GAACCAGATCCTGATCCGCG_017,177
GAACCAGATCCTGATCCGCG_018,159
GAACCAGATCCTGATCCGCG_019,27
GAACCAGATCCTGATCCGCG_020,105
GAACCAGATCCTGATCCGCG_021,146
GAACCAGATCCTGATCCGCG_022,127
GAACCAGATCCTGATCCGCG_023,136
GAACCAGATCCTGATCCGCG_024,199
GAACCAGATCCTGATCCGCG_025,84
CCAGTGATACACCGTTCCTG_001,184
CCAGTGATACACCGTTCCTG_002,135
CCAGTGATACACCGTTCCTG_003,70
CCAGTGATACACCGTTCCTG_004,41
CCAGTGATACACCGTTCCTG_005,136
CCAGTGATACACCGTTCCTG_006,105
CCAGTGATACACCGTTCCTG_007,87
CCAGTGATACACCGTTCCTG_008,165
CCAGTGATACACCGTTCCTG_009,75
CCAGTGATACACCGTTCCTG_010,49
CCAGTGATACACCGTTCCTG_011,152
GCAAGCCCTTGAGAACGCGC_001,115
GCAAGCCCTTGAGAACGCGC_002,151
GCAAGCCCTTGAGAACGCGC_003,75
GCAAGCCCTTGAGAACGCGC_004,35
GCAAGCCCTTGAGAACGCGC_005,62
GCAAGCCCTTGAGAACGCGC_006,171
GCAAGCCCTTGAGAACGCGC_007,185
GCAAGCCCTTGAGAACGCGC_008,127
GCAAGCCCTTGAGAACGCGC_009,127
GCAAGCCCTTGAGAACGCGC_010,94
GCAAGCCCTTGAGAACGCGC_011,149
GCAAGCCCTTGAGAACGCGC_012,9
GCAAGCCCTTGAGAACGCGC_013,107
GCAAGCCCTTGAGAACGCGC_014,77
GAATCCAAATGCGCACGAGG_001,7
GAATCCAAATGCGCACGAGG_002,170
GAATCCAAATGCGCACGAGG_003,42
GAATCCAAATGCGCACGAGG_004,26
GAATCCAAATGCGCACGAGG_005,42
GAATCCAAATGCGCACGAGG_006,27
GAATCCAAATGCGCACGAGG_007,24
GAATCCAAATGCGCACGAGG_008,1
GAATCCAAATGCGCACGAGG_009,118
GAATCCAAATGCGCACGAGG_010,136
GAATCCAAATGCGCACGAGG_011,60
GAATCCAAATGCGCACGAGG_012,70
GTGGCCCCATTACAGCGCGT_001,100
GTGGCCCCATTACAGCGCGT_002,74
GTGGCCCCATTACAGCGCGT_003,58
GTGGCCCCATTACAGCGCGT_004,163
GTGGCCCCATTACAGCGCGT_005,111
GCTTCGCCTCACGCCCACGC_001,164
GCTTCGCCTCACGCCCACGC_002,21
GCTTCGCCTCACGCCCACGC_003,85
GCTTCGCCTCACGCCCACGC_004,98
GCTTCGCCTCACGCCCACGC_005,144
GCTTCGCCTCACGCCCACGC_006,40
GCTTCGCCTCACGCCCACGC_007,149
GCTTCGCCTCACGCCCACGC_008,34
GCTTCGCCTCACGCCCACGC_009,141
GCTTCGCCTCACGCCCACGC_010,179
GCTTCGCCTCACGCCCACGC_011,103
GCTTCGCCTCACGCCCACGC_012,197
GCTTCGCCTCACGCCCACGC_013,146
GCTTCGCCTCACGCCCACGC_014,146
GCTTCGCCTCACGCCCACGC_015,192
GCAGCTACGAGCCCACGTGG_001,172
GCAGCTACGAGCCCACGTGG_002,69
GCAGCTACGAGCCCACGTGG_003,15
GCAGCTACGAGCCCACGTGG_004,17
GCAGCTACGAGCCCACGTGG_005,141
GCAGCTACGAGCCCACGTGG_006,158
GCAGCTACGAGCCCACGTGG_007,10
GAAGGATGCAGATATGGTTG_001,91
GAAGGATGCAGATATGGTTG_002,15
GGAGGGAAAACATCTGTGTG_001,9
GGAGGGAAAACATCTGTGTG_002,29
GGAGGGAAAACATCTGTGTG_003,144
GGAGGGAAAACATCTGTGTG_004,116
GGAGGGAAAACATCTGTGTG_005,20
GGAGGGAAAACATCTGTGTG_006,9
GGAGGGAAAACATCTGTGTG_007,50
GGAGGGAAAACATCTGTGTG_008,49
GGAGGGAAAACATCTGTGTG_009,63
GGAGGGAAAACATCTGTGTG_010,29
GGAGGGAAAACATCTGTGTG_011,179
GGAGGGAAAACATCTGTGTG_012,60
GGAGGGAAAACATCTGTGTG_013,148
GGAGGGAAAACATCTGTGTG_014,147
GGAGGGAAAACATCTGTGTG_015,121
GGAGGGAAAACATCTGTGTG_016,61
TATGACGTCCCCCATACCTG_001,184
TATGACGTCCCCCATACCTG_002,155
TATGACGTCCCCCATACCTG_003,197
TATGACGTCCCCCATACCTG_004,43
TATGACGTCCCCCATACCTG_005,96
ACCCAGGGAGCACAATACTT_001,9
ACCCAGGGAGCACAATACTT_002,83
ACCCAGGGAGCACAATACTT_003,125
ACCCAGGGAGCACAATACTT_004,119
ACCCAGGGAGCACAATACTT_005,181
ACCCAGGGAGCACAATACTT_006,93
ACCCAGGGAGCACAATACTT_007,15
TGTCTTCTGACATTCCACGC_001,73
TGTCTTCTGACATTCCACGC_002,130
TGTCTTCTGACATTCCACGC_003,105
GGCCAGAACCTCGTGTCACG_001,182
TGAAAGTCTTGGGGTCGAGG_001,14
TGAAAGTCTTGGGGTCGAGG_002,100
TGAAAGTCTTGGGGTCGAGG_003,108
TGAAAGTCTTGGGGTCGAGG_004,104
TGGACACCGGGTAATTAGCA_001,19
TGGACACCGGGTAATTAGCA_002,45
TGGACACCGGGTAATTAGCA_003,44
TGGACACCGGGTAATTAGCA_004,171
TGGACACCGGGTAATTAGCA_005,176
TGGACACCGGGTAATTAGCA_006,126
AAGTATGTCCAGCTCAACGT_001,193
AAGTATGTCCAGCTCAACGT_002,134
AAGTATGTCCAGCTCAACGT_003,23
AAGTATGTCCAGCTCAACGT_004,1
AAGTATGTCCAGCTCAACGT_005,49
AAGTATGTCCAGCTCAACGT_006,69
AAGTATGTCCAGCTCAACGT_007,169
GGCGGCAGGTTATCGTGTGA_001,58
GGCGGCAGGTTATCGTGTGA_002,92
GGCGGCAGGTTATCGTGTGA_003,67
GGCGGCAGGTTATCGTGTGA_004,82
GGCGGCAGGTTATCGTGTGA_005,185
GGCGGCAGGTTATCGTGTGA_006,79
GGCGGCAGGTTATCGTGTGA_007,194
GGCGGCAGGTTATCGTGTGA_008,65
CTCACCGGTTCCGGACGAGG_001,189
CTCACCGGTTCCGGACGAGG_002,10
CTCACCGGTTCCGGACGAGG_003,85
CTCACCGGTTCCGGACGAGG_004,58
CTCACCGGTTCCGGACGAGG_005,12
CTCACCGGTTCCGGACGAGG_006,116
CTCACCGGTTCCGGACGAGG_007,61
CTCACCGGTTCCGGACGAGG_008,116
GCCGTGCCTTTACCAGACGT_001,78
GCCGTGCCTTTACCAGACGT_002,12
GCCGTGCCTTTACCAGACGT_003,77
GCCGTGCCTTTACCAGACGT_004,77
GCCGTGCCTTTACCAGACGT_005,19
GCCGTGCCTTTACCAGACGT_006,172
GCCGTGCCTTTACCAGACGT_007,58
GCCGTGCCTTTACCAGACGT_008,166
GCCGTGCCTTTACCAGACGT_009,130
GCCGTGCCTTTACCAGACGT_010,15
GCCGTGCCTTTACCAGACGT_011,78
GCCGTGCCTTTACCAGACGT_012,41
GCCGTGCCTTTACCAGACGT_013,153
AGAAGTAGACTATGAAGCAG_001,130
AGAAGTAGACTATGAAGCAG_002,135
AGAAGTAGACTATGAAGCAG_003,169
AGAAGTAGACTATGAAGCAG_004,104
AGAAGTAGACTATGAAGCAG_005,194
AGAAGTAGACTATGAAGCAG_006,151
AGAAGTAGACTATGAAGCAG_007,58
AGAAGTAGACTATGAAGCAG_008,81
CCGTGTCCGATCTCTCCGTG_001,118
CCGTGTCCGATCTCTCCGTG_002,0
CCGTGTCCGATCTCTCCGTG_003,110
CCGTGTCCGATCTCTCCGTG_004,191
TGCTCTCCTGAATCATAATG_001,105
TGCTCTCCTGAATCATAATG_002,169
TGCTCTCCTGAATCATAATG_003,60
TGCTCTCCTGAATCATAATG_004,50
TGCTCTCCTGAATCATAATG_005,188
TGCTCTCCTGAATCATAATG_006,56
TGCTCTCCTGAATCATAATG_007,125
TGCTCTCCTGAATCATAATG_008,158
TGCTCTCCTGAATCATAATG_009,76
TGCTCTCCTGAATCATAATG_010,175
TGCTCTCCTGAATCATAATG_011,188
TGCTCTCCTGAATCATAATG_012,130
TGCTCTCCTGAATCATAATG_013,115
TGCTCTCCTGAATCATAATG_014,148
TGCTCTCCTGAATCATAATG_015,57
CTTGTGCAGACTCAAAGCGT_001,0
CTTGTGCAGACTCAAAGCGT_002,102
CTTGTGCAGACTCAAAGCGT_003,1
CTTGTGCAGACTCAAAGCGT_004,146
CTTGTGCAGACTCAAAGCGT_005,132
CTTGTGCAGACTCAAAGCGT_006,102
CTTGTGCAGACTCAAAGCGT_007,161
CTTGTGCAGACTCAAAGCGT_008,65
CTTGTGCAGACTCAAAGCGT_009,159
CTTGTGCAGACTCAAAGCGT_010,80
CTTGTGCAGACTCAAAGCGT_011,61
CTTGTGCAGACTCAAAGCGT_012,57
CTTGTGCAGACTCAAAGCGT_013,138
CTTGTGCAGACTCAAAGCGT_014,37
CTTGTGCAGACTCAAAGCGT_015,52
CTTGTGCAGACTCAAAGCGT_016,6
CTTGTGCAGACTCAAAGCGT_017,2
CTTGTGCAGACTCAAAGCGT_018,60
CTTGTGCAGACTCAAAGCGT_019,0
CTTGTGCAGACTCAAAGCGT_020,180
CTTGTGCAGACTCAAAGCGT_021,147
CTTGTGCAGACTCAAAGCGT_022,63
AGAAAATTCTCTTATCTGGG_001,174
CCTGACATGCTCAATTGCAA_001,15
CCTGACATGCTCAATTGCAA_002,90
CCTGACATGCTCAATTGCAA_003,106
CCTGACATGCTCAATTGCAA_004,7
CCTGACATGCTCAATTGCAA_005,157
CCTGACATGCTCAATTGCAA_006,197
CCTGACATGCTCAATTGCAA_007,48
CCTGACATGCTCAATTGCAA_008,28
CCTGACATGCTCAATTGCAA_009,76
CCTGACATGCTCAATTGCAA_010,141
CCTGACATGCTCAATTGCAA_011,162
CCTGACATGCTCAATTGCAA_012,76
CCTGACATGCTCAATTGCAA_013,8
CCTGACATGCTCAATTGCAA_014,117
CCTGACATGCTCAATTGCAA_015,65
CCTGACATGCTCAATTGCAA_016,56
CCTGACATGCTCAATTGCAA_017,3
CCTGACATGCTCAATTGCAA_018,137
CCTGACATGCTCAATTGCAA_019,90
CCTGACATGCTCAATTGCAA_020,173
CCTGACATGCTCAATTGCAA_021,177
CCTGACATGCTCAATTGCAA_022,150
ATCCCAGAAGGCGTCAATGT_001,68
ATCCCAGAAGGCGTCAATGT_002,163
ATCCCAGAAGGCGTCAATGT_003,169
ATCCCAGAAGGCGTCAATGT_004,102
ATCCCAGAAGGCGTCAATGT_005,170
ATCCCAGAAGGCGTCAATGT_006,127
ACGATTGAATGGCCACGTCG_001,55
ACGATTGAATGGCCACGTCG_002,138
ACGATTGAATGGCCACGTCG_003,58
CAATCTTCTCGACCGACACA_001,158
CAATCTTCTCGACCGACACA_002,28
CAATCTTCTCGACCGACACA_003,27
CAATCTTCTCGACCGACACA_004,48
CAATCTTCTCGACCGACACA_005,19
CAATCTTCTCGACCGACACA_006,42
CAATCTTCTCGACCGACACA_007,165
CAATCTTCTCGACCGACACA_008,152
CAATCTTCTCGACCGACACA_009,112
CAATCTTCTCGACCGACACA_010,56
CAATCTTCTCGACCGACACA_011,49
CAATCTTCTCGACCGACACA_012,162
CAATCTTCTCGACCGACACA_013,34
GTCCAGGTCGTACATCTCAA_001,139
GTCCAGGTCGTACATCTCAA_002,182
GTCCAGGTCGTACATCTCAA_003,199
GAGGTTGCCTGGCACCTACG_001,106
GAGGTTGCCTGGCACCTACG_002,130
GAGGTTGCCTGGCACCTACG_003,43
ACAACGTACATGGATCCTAC_001,86
ACAACGTACATGGATCCTAC_002,139
ACAACGTACATGGATCCTAC_003,30
ACAACGTACATGGATCCTAC_004,28
GCACGTGTGGCAGATCACGT_001,16
GCACGTGTGGCAGATCACGT_002,91
GCACGTGTGGCAGATCACGT_003,84
GCACGTGTGGCAGATCACGT_004,148
GCACGTGTGGCAGATCACGT_005,130
GCACGTGTGGCAGATCACGT_006,77
GCACGTGTGGCAGATCACGT_007,184
GCACGTGTGGCAGATCACGT_008,108
GCACGTGTGGCAGATCACGT_009,162
GCACGTGTGGCAGATCACGT_010,49
GCACGTGTGGCAGATCACGT_011,50
GCACGTGTGGCAGATCACGT_012,15
GCACGTGTGGCAGATCACGT_013,32
GCACGTGTGGCAGATCACGT_014,150
GCACGTGTGGCAGATCACGT_015,172
GCACGTGTGGCAGATCACGT_016,154
CCTCACACCAGACCTACGGA_001,105
CCTCACACCAGACCTACGGA_002,194
CCTCACACCAGACCTACGGA_003,162
CCTCACACCAGACCTACGGA_004,38
CCTCACACCAGACCTACGGA_005,169
CCTCACACCAGACCTACGGA_006,19
CCTCACACCAGACCTACGGA_007,53
CCTCACACCAGACCTACGGA_008,83
CCTCACACCAGACCTACGGA_009,4
CCTCACACCAGACCTACGGA_010,116
CCTCACACCAGACCTACGGA_011,63
CCTCACACCAGACCTACGGA_012,16
CCTCACACCAGACCTACGGA_013,58
CCTCACACCAGACCTACGGA_014,189
CCTCACACCAGACCTACGGA_015,123
CCTGAACACCGTACTCTGTG_001,171
CCTGAACACCGTACTCTGTG_002,49
CCTGAACACCGTACTCTGTG_003,142
CCTGAACACCGTACTCTGTG_004,154
CCTGAACACCGTACTCTGTG_005,130
TGGAGAAGCTAAAGTTCGTG_001,140
TGGAGAAGCTAAAGTTCGTG_002,153
TGGAGAAGCTAAAGTTCGTG_003,169
TGGAGAAGCTAAAGTTCGTG_004,160
TGGAGAAGCTAAAGTTCGTG_005,5
TGGAGAAGCTAAAGTTCGTG_006,141
TGGAGAAGCTAAAGTTCGTG_007,148
TGGAGAAGCTAAAGTTCGTG_008,103
TGGAGAAGCTAAAGTTCGTG_009,50
TGGAGAAGCTAAAGTTCGTG_010,40
TGGAGAAGCTAAAGTTCGTG_011,199
AGCCACTCGAGTCTACTACC_001,127
AGCCACTCGAGTCTACTACC_002,103
AGCCACTCGAGTCTACTACC_003,169
AGCCACTCGAGTCTACTACC_004,26
AGCCACTCGAGTCTACTACC_005,84
AGCCACTCGAGTCTACTACC_006,191
AGCCACTCGAGTCTACTACC_007,30
AGCCACTCGAGTCTACTACC_008,162
AGCCACTCGAGTCTACTACC_009,162
AGCCACTCGAGTCTACTACC_010,163
AGCCACTCGAGTCTACTACC_011,21
ATGACATTTACATTGCAGGA_001,19
ATGACATTTACATTGCAGGA_002,134
ATGACATTTACATTGCAGGA_003,100
ATGACATTTACATTGCAGGA_004,69
ATGACATTTACATTGCAGGA_005,2
ATGACATTTACATTGCAGGA_006,41
ATGACATTTACATTGCAGGA_007,71
ATGACATTTACATTGCAGGA_008,155
ATGACATTTACATTGCAGGA_009,58
ATGACATTTACATTGCAGGA_010,192
ATGACATTTACATTGCAGGA_011,120
ATGACATTTACATTGCAGGA_012,157
ATTGATACTAACCTTGCTCC_001,147
ATTGATACTAACCTTGCTCC_002,15
ATTGATACTAACCTTGCTCC_003,177
ATTGATACTAACCTTGCTCC_004,12
CAACATCACAGAGAGCCGTT_001,94
CAACATCACAGAGAGCCGTT_002,184
CAACATCACAGAGAGCCGTT_003,2
CCATAAATGAGAGTCTGCAA_001,16
CCATAAATGAGAGTCTGCAA_002,20
CCATAAATGAGAGTCTGCAA_003,12
CCATAAATGAGAGTCTGCAA_004,81
CCATAAATGAGAGTCTGCAA_005,15
CCATAAATGAGAGTCTGCAA_006,150
CCATAAATGAGAGTCTGCAA_007,37
CCATAAATGAGAGTCTGCAA_008,123
GCCATGATGTCTCAATACCG_001,111
GCCATGATGTCTCAATACCG_002,108
AAACTTGTCCCTAGTTACAC_001,113
AAACTTGTCCCTAGTTACAC_002,70
AAACTTGTCCCTAGTTACAC_003,57
AAACTTGTCCCTAGTTACAC_004,93
AAACTTGTCCCTAGTTACAC_005,119
AAACTTGTCCCTAGTTACAC_006,165
AAACTTGTCCCTAGTTACAC_007,28
AAACTTGTCCCTAGTTACAC_008,123
GCTGGGTCCACAGCTCCCGT_001,65
GCTGGGTCCACAGCTCCCGT_002,120
GCTGGGTCCACAGCTCCCGT_003,183
TGTATTTGTGATGGACCCAG_001,29
TGTATTTGTGATGGACCCAG_002,137
TGTATTTGTGATGGACCCAG_003,127
TGTATTTGTGATGGACCCAG_004,153
TGTATTTGTGATGGACCCAG_005,150
TGTATTTGTGATGGACCCAG_006,98
TGTATTTGTGATGGACCCAG_007,190
TGTATTTGTGATGGACCCAG_008,29
TGTATTTGTGATGGACCCAG_009,122
TGTATTTGTGATGGACCCAG_010,88
TGTATTTGTGATGGACCCAG_011,69
TGTATTTGTGATGGACCCAG_012,149
TGTATTTGTGATGGACCCAG_013,162
ACACCACTGAAGATACAGCT_001,163
ACACCACTGAAGATACAGCT_002,169
ACACCACTGAAGATACAGCT_003,81
ACACCACTGAAGATACAGCT_004,92
ACACCACTGAAGATACAGCT_005,15
ACACCACTGAAGATACAGCT_006,199
ACACCACTGAAGATACAGCT_007,188
ACACCACTGAAGATACAGCT_008,113
ACACCACTGAAGATACAGCT_009,72
ACACCACTGAAGATACAGCT_010,102
ACACCACTGAAGATACAGCT_011,144
ACACCACTGAAGATACAGCT_012,166
ACACCACTGAAGATACAGCT_013,153
ACACCACTGAAGATACAGCT_014,129
GCCAGCCAACCAGGTACACG_001,52
GCCAGCCAACCAGGTACACG_002,172
GCCAGCCAACCAGGTACACG_003,12
GCCAGCCAACCAGGTACACG_004,13
GCCAGCCAACCAGGTACACG_005,34
GCCAGCCAACCAGGTACACG_006,137
GCCAGCCAACCAGGTACACG_007,181
GCCAGCCAACCAGGTACACG_008,65
GCCAGCCAACCAGGTACACG_009,12
GCCAGCCAACCAGGTACACG_010,37
GCCAGCCAACCAGGTACACG_011,177
GCCAGCCAACCAGGTACACG_012,179
GCCAGCCAACCAGGTACACG_013,14
GCCAGCCAACCAGGTACACG_014,51
GCCAGCCAACCAGGTACACG_015,58
GCCAGCCAACCAGGTACACG_016,9
GCCAGCCAACCAGGTACACG_017,137
GCCAGCCAACCAGGTACACG_018,77
GCCAGCCAACCAGGTACACG_019,175
GCCAGCCAACCAGGTACACG_020,183
GCCAGCCAACCAGGTACACG_021,195
GCCAGCCAACCAGGTACACG_022,16
GCCAGCCAACCAGGTACACG_023,50
GCCAGCCAACCAGGTACACG_024,158
GCCAGCCAACCAGGTACACG_025,189
GCCAGCCAACCAGGTACACG_026,150
GGACAGATGCTGACTACCCG_001,103
GGACAGATGCTGACTACCCG_002,158
GGACAGATGCTGACTACCCG_003,35
GGACAGATGCTGACTACCCG_004,10
GGACAGATGCTGACTACCCG_005,9
GGACAGATGCTGACTACCCG_006,125
GGACAGATGCTGACTACCCG_007,160
GGACAGATGCTGACTACCCG_008,185
TGGCAACGACATAATCCCAG_001,112
TGGCAACGACATAATCCCAG_002,184
TGGCAACGACATAATCCCAG_003,147
TGGCAACGACATAATCCCAG_004,186
TGGCAACGACATAATCCCAG_005,165
TGGCAACGACATAATCCCAG_006,166
AGGTGTGGTCCTCTAGACAC_001,40
AGGTGTGGTCCTCTAGACAC_002,45
AGGTGTGGTCCTCTAGACAC_003,150
AGGTGTGGTCCTCTAGACAC_004,1
AGGTGTGGTCCTCTAGACAC_005,192
AGGTGTGGTCCTCTAGACAC_006,127
AGGTGTGGTCCTCTAGACAC_007,148
AGGTGTGGTCCTCTAGACAC_008,144
AGGTGTGGTCCTCTAGACAC_009,170
AGGTGTGGTCCTCTAGACAC_010,42
AGGTGTGGTCCTCTAGACAC_011,109
AGGTGTGGTCCTCTAGACAC_012,109
AGGTGTGGTCCTCTAGACAC_013,16
AGGTGTGGTCCTCTAGACAC_014,158
TGGGGCCGGAATAGCCCGTG_001,184
TGGGGCCGGAATAGCCCGTG_002,41
GCAGTTGATTCGCAAGCACG_001,175
GCAGTTGATTCGCAAGCACG_002,36
GCAGTTGATTCGCAAGCACG_003,91
GCAGTTGATTCGCAAGCACG_004,108
GCAGTTGATTCGCAAGCACG_005,15
GCAGTTGATTCGCAAGCACG_006,132
TCTGGTCTCAATGACAGTAG_001,172
ATGGATGCCCAAATGCTAGG_001,48
ATGGATGCCCAAATGCTAGG_002,102
ATGGATGCCCAAATGCTAGG_003,69
ATGGATGCCCAAATGCTAGG_004,13
ATGGATGCCCAAATGCTAGG_005,58
ATGGATGCCCAAATGCTAGG_006,150
ATGGATGCCCAAATGCTAGG_007,157
ATGGATGCCCAAATGCTAGG_008,62
ATGGATGCCCAAATGCTAGG_009,106
ATGGATGCCCAAATGCTAGG_010,168
ATGGATGCCCAAATGCTAGG_011,1
TGAGGGCAACAGTGTAACGG_001,120
TGAGGGCAACAGTGTAACGG_002,166
TGAGGGCAACAGTGTAACGG_003,3
TGAGGGCAACAGTGTAACGG_004,191
TGAGGGCAACAGTGTAACGG_005,44
TGAGGGCAACAGTGTAACGG_006,165
CTGGTACAGTGTTATCAGAA_001,188
CTGGTACAGTGTTATCAGAA_002,44
CTGGTACAGTGTTATCAGAA_003,132
CTGGTACAGTGTTATCAGAA_004,150
CTGGTACAGTGTTATCAGAA_005,192
CTGGTACAGTGTTATCAGAA_006,88
CTGGTACAGTGTTATCAGAA_007,88
CACTTCACCTCCAAGGCGTG_001,176
CACTTCACCTCCAAGGCGTG_002,199
CACTTCACCTCCAAGGCGTG_003,106
CACTTCACCTCCAAGGCGTG_004,154
CACTTCACCTCCAAGGCGTG_005,147
CACTTCACCTCCAAGGCGTG_006,181
CACTTCACCTCCAAGGCGTG_007,2
CACTTCACCTCCAAGGCGTG_008,149
CACTTCACCTCCAAGGCGTG_009,39
CACTTCACCTCCAAGGCGTG_010,106
CACTTCACCTCCAAGGCGTG_011,34
CACTTCACCTCCAAGGCGTG_012,37
CACTTCACCTCCAAGGCGTG_013,102
CACTTCACCTCCAAGGCGTG_014,150
CACTTCACCTCCAAGGCGTG_015,104
CACTTCACCTCCAAGGCGTG_016,160
CACTTCACCTCCAAGGCGTG_017,188
CACTTCACCTCCAAGGCGTG_018,66
GTCCCCAGCGGAGCACCTCG_001,149
GTCCCCAGCGGAGCACCTCG_002,162
GTCCCCAGCGGAGCACCTCG_003,134
GTCCCCAGCGGAGCACCTCG_004,102
GCTGCGGGACTTCGCACGGG_001,146
GCTGCGGGACTTCGCACGGG_002,127
GCTGCGGGACTTCGCACGGG_003,143
GCTGCGGGACTTCGCACGGG_004,130
GCTGCGGGACTTCGCACGGG_005,1
GCTGCGGGACTTCGCACGGG_006,158
GCTGCGGGACTTCGCACGGG_007,25
GCTGCGGGACTTCGCACGGG_008,30
GCTGCGGGACTTCGCACGGG_009,26
GCTGCGGGACTTCGCACGGG_010,17
GCTGCGGGACTTCGCACGGG_011,176
GCTGCGGGACTTCGCACGGG_012,189
AGGAACCAGGAAGGCAGACG_001,145
AGGAACCAGGAAGGCAGACG_002,102
AGGAACCAGGAAGGCAGACG_003,149
AGGAACCAGGAAGGCAGACG_004,188
AGGAACCAGGAAGGCAGACG_005,171
AGGAACCAGGAAGGCAGACG_006,1
AGGAACCAGGAAGGCAGACG_007,102
GCGTCGGGCCCGGTTCGAGG_001,112
GCGTCGGGCCCGGTTCGAGG_002,162
GCGTCGGGCCCGGTTCGAGG_003,121
GCGTCGGGCCCGGTTCGAGG_004,142
GCGTCGGGCCCGGTTCGAGG_005,172
GCGTCGGGCCCGGTTCGAGG_006,139
GCGTCGGGCCCGGTTCGAGG_007,8
GCGTCGGGCCCGGTTCGAGG_008,148
GCGTCGGGCCCGGTTCGAGG_009,158
GCGTCGGGCCCGGTTCGAGG_010,80
GCGTCGGGCCCGGTTCGAGG_011,14
GCGTCGGGCCCGGTTCGAGG_012,63
GCGTCGGGCCCGGTTCGAGG_013,50
GCGTCGGGCCCGGTTCGAGG_014,34
GCGTCGGGCCCGGTTCGAGG_015,19
GCGTCGGGCCCGGTTCGAGG_016,144
GCGTCGGGCCCGGTTCGAGG_017,61
GCGTCGGGCCCGGTTCGAGG_018,12
GCGTCGGGCCCGGTTCGAGG_019,87
GCGTCGGGCCCGGTTCGAGG_020,130
GCGTCGGGCCCGGTTCGAGG_021,88
GCGTCGGGCCCGGTTCGAGG_022,60
GCGTCGGGCCCGGTTCGAGG_023,17
GCGTCGGGCCCGGTTCGAGG_024,155
GCGTCGGGCCCGGTTCGAGG_025,158
GCGTCGGGCCCGGTTCGAGG_026,91
GCGTCGGGCCCGGTTCGAGG_027,150
TACTTCACATAAGTTTGAGT_001,6
TACTTCACATAAGTTTGAGT_002,185
TACTTCACATAAGTTTGAGT_003,197
ACCAAGTATAGGCAATTGCA_001,154
ACCAAGTATAGGCAATTGCA_002,73
ACCAAGTATAGGCAATTGCA_003,33
ACCAAGTATAGGCAATTGCA_004,29
ACCAAGTATAGGCAATTGCA_005,60
ACCAAGTATAGGCAATTGCA_006,126
ACCAAGTATAGGCAATTGCA_007,67
ACCAAGTATAGGCAATTGCA_008,188
AGATGTGGAAAGTGAATGTG_001,160
AGATGTGGAAAGTGAATGTG_002,158
AGATGTGGAAAGTGAATGTG_003,139
AGATGTGGAAAGTGAATGTG_004,112
AGATGTGGAAAGTGAATGTG_005,187
AGATGTGGAAAGTGAATGTG_006,130
AGATGTGGAAAGTGAATGTG_007,95
AGATGTGGAAAGTGAATGTG_008,134
AGATGTGGAAAGTGAATGTG_009,59
AGATGTGGAAAGTGAATGTG_010,60
AGATGTGGAAAGTGAATGTG_011,147
AGATGTGGAAAGTGAATGTG_012,184
AGATGTGGAAAGTGAATGTG_013,175
AGATGTGGAAAGTGAATGTG_014,73
AGATGTGGAAAGTGAATGTG_015,63
TCTTGTCACAAAAAGGCTGC_001,50
TCTTGTCACAAAAAGGCTGC_002,48
TCTTGTCACAAAAAGGCTGC_003,116
TCTTGTCACAAAAAGGCTGC_004,108
TCTTGTCACAAAAAGGCTGC_005,128
TCTTGTCACAAAAAGGCTGC_006,185
TCTTGTCACAAAAAGGCTGC_007,94
TCTTGTCACAAAAAGGCTGC_008,36
TCTTGTCACAAAAAGGCTGC_009,161
TCTTGTCACAAAAAGGCTGC_010,188
TCTTGTCACAAAAAGGCTGC_011,84
CTGAACATTACCAACTCTCG_001,23
GGACATTCCTGAAATCAGGT_001,23
GGACATTCCTGAAATCAGGT_002,127
GGACATTCCTGAAATCAGGT_003,9
GGACATTCCTGAAATCAGGT_004,121
GGACATTCCTGAAATCAGGT_005,144
AGAAGAGAAGACGGATTGAC_001,147
AGAAGAGAAGACGGATTGAC_002,117
AGAAGAGAAGACGGATTGAC_003,180
AGAAGAGAAGACGGATTGAC_004,106
ATCAGACATCCTGGCCCACG_001,15
ATCAGACATCCTGGCCCACG_002,132
ATCAGACATCCTGGCCCACG_003,192
ATCAGACATCCTGGCCCACG_004,191
ATCAGACATCCTGGCCCACG_005,158
ATCAGACATCCTGGCCCACG_006,61
ATCAGACATCCTGGCCCACG_007,81
ATCAGACATCCTGGCCCACG_008,162
ATCAGACATCCTGGCCCACG_009,107
ATCAGACATCCTGGCCCACG_010,40
ATCAGACATCCTGGCCCACG_011,150
ATCAGACATCCTGGCCCACG_012,41
ATCAGACATCCTGGCCCACG_013,34
ATCAGACATCCTGGCCCACG_014,184
ATCAGACATCCTGGCCCACG_015,104
ATCAGACATCCTGGCCCACG_016,121
ATCAGACATCCTGGCCCACG_017,72
AGAATTCTAAGTACAGGACT_001,73
AGAATTCTAAGTACAGGACT_002,10
AGAATTCTAAGTACAGGACT_003,26
AGACAGCTATGATGAAATCG_001,106
AGACAGCTATGATGAAATCG_002,28
AGACAGCTATGATGAAATCG_003,125
AGACAGCTATGATGAAATCG_004,158
AGACAGCTATGATGAAATCG_005,101
AGGCTGATGTGGTAATCAGG_001,119
AGGCTGATGTGGTAATCAGG_002,42
AGGCTGATGTGGTAATCAGG_003,84
AGGCTGATGTGGTAATCAGG_004,60
AGGCTGATGTGGTAATCAGG_005,170
AGGCTGATGTGGTAATCAGG_006,118
AGGCTGATGTGGTAATCAGG_007,86
AGGCTGATGTGGTAATCAGG_008,12
AGGCTGATGTGGTAATCAGG_009,184
AGGCTGATGTGGTAATCAGG_010,147
AGGCTGATGTGGTAATCAGG_011,2
CAACCTAATGACATTCAACC_001,68
CAACCTAATGACATTCAACC_002,93
CAACCTAATGACATTCAACC_003,145
CAACCTAATGACATTCAACC_004,37
GCTTCTGGATGAAATGCGGG_001,102
GCTTCTGGATGAAATGCGGG_002,169
GCTTCTGGATGAAATGCGGG_003,48
GCTTCTGGATGAAATGCGGG_004,147
GCTTCTGGATGAAATGCGGG_005,166
GCTTCTGGATGAAATGCGGG_006,142
GCATGCTGCACTCACGGTGT_001,105
GCATGCTGCACTCACGGTGT_002,62
GCATGCTGCACTCACGGTGT_003,55
GCATGCTGCACTCACGGTGT_004,43
GCATGCTGCACTCACGGTGT_005,160
GCATGCTGCACTCACGGTGT_006,100
GCATGCTGCACTCACGGTGT_007,60
GCATGCTGCACTCACGGTGT_008,193
GTTCAATGTAGAATTTGTCT_001,1
AATACCTGATCCATTGTCAG_001,127
AATACCTGATCCATTGTCAG_002,2
AATACCTGATCCATTGTCAG_003,147
AAATAGCCAGGTATTCAGTG_001,177
AAATAGCCAGGTATTCAGTG_002,170
AAATAGCCAGGTATTCAGTG_003,166
AAATAGCCAGGTATTCAGTG_004,142
AGAAAATGACGGTCCCTGTG_001,28
AGAAAATGACGGTCCCTGTG_002,139
AGAAAATGACGGTCCCTGTG_003,198
AGAAAATGACGGTCCCTGTG_004,143
AGAAAATGACGGTCCCTGTG_005,57
AGAAAATGACGGTCCCTGTG_006,117
AGAAAATGACGGTCCCTGTG_007,83
AGAAAATGACGGTCCCTGTG_008,116
AGAAAATGACGGTCCCTGTG_009,149
AGAAAATGACGGTCCCTGTG_010,77
AGAAAATGACGGTCCCTGTG_011,158
AGAAAATGACGGTCCCTGTG_012,46
AGAAAATGACGGTCCCTGTG_013,41
AGAAAATGACGGTCCCTGTG_014,88
GACGAATCCTGCGAACATGC_001,198
GACGAATCCTGCGAACATGC_002,183
ACATACCGCTGATTCACAAA_001,147
ACATACCGCTGATTCACAAA_002,116
ACATACCGCTGATTCACAAA_003,120
TAATAGCAGAGGAGTAACAA_001,137
TAATAGCAGAGGAGTAACAA_002,122
TAATAGCAGAGGAGTAACAA_003,36
TAATAGCAGAGGAGTAACAA_004,80
TAATAGCAGAGGAGTAACAA_005,164
TAATAGCAGAGGAGTAACAA_006,164
TAATAGCAGAGGAGTAACAA_007,93
TAATAGCAGAGGAGTAACAA_008,23
ATATGGTTAGGTGTCAGCAG_001,186
ATATGGTTAGGTGTCAGCAG_002,106
ATATGGTTAGGTGTCAGCAG_003,5
ATATGGTTAGGTGTCAGCAG_004,42
ATATGGTTAGGTGTCAGCAG_005,27
ATATGGTTAGGTGTCAGCAG_006,150
ATATGGTTAGGTGTCAGCAG_007,147
ATATGGTTAGGTGTCAGCAG_008,8
GGCACGCTTCATCCGTACCA_001,130
GGCACGCTTCATCCGTACCA_002,109
GGCACGCTTCATCCGTACCA_003,14
GGCACGCTTCATCCGTACCA_004,118
GGCACGCTTCATCCGTACCA_005,136
GGCACGCTTCATCCGTACCA_006,187
GGCACGCTTCATCCGTACCA_007,185
GGCACGCTTCATCCGTACCA_008,102
GGCACGCTTCATCCGTACCA_009,158
TTAAGGCACTTCACGGTCGT_001,96
TTAAGGCACTTCACGGTCGT_002,5
TTAAGGCACTTCACGGTCGT_003,50
TTAAGGCACTTCACGGTCGT_004,192
TTAAGGCACTTCACGGTCGT_005,161
TTAAGGCACTTCACGGTCGT_006,161
TTAAGGCACTTCACGGTCGT_007,117
TTAAGGCACTTCACGGTCGT_008,70
TTAGGCATGCCATGTCGAAG_001,188
ACTGTGCCCATGGTCATGGT_001,110
ACTGTGCCCATGGTCATGGT_002,169
ACTGTGCCCATGGTCATGGT_003,149
ACTGTGCCCATGGTCATGGT_004,46
ACTGTGCCCATGGTCATGGT_005,60
ACTGTGCCCATGGTCATGGT_006,115
ACTGTGCCCATGGTCATGGT_007,24
ACTGTGCCCATGGTCATGGT_008,150
ACTGTGCCCATGGTCATGGT_009,199
ACTGTGCCCATGGTCATGGT_010,41
ACTGTGCCCATGGTCATGGT_011,49
ACTGTGCCCATGGTCATGGT_012,94
ACTGTGCCCATGGTCATGGT_013,194
ACTGTGCCCATGGTCATGGT_014,160
ACTGTGCCCATGGTCATGGT_015,2
ACTGTGCCCATGGTCATGGT_016,160
ACTGTGCCCATGGTCATGGT_017,2
ACTGTGCCCATGGTCATGGT_018,185
ACTGTGCCCATGGTCATGGT_019,41
ACTGTGCCCATGGTCATGGT_020,45
ACTGTGCCCATGGTCATGGT_021,98
ACTGTGCCCATGGTCATGGT_022,70
ACTGTGCCCATGGTCATGGT_023,15
ACTGTGCCCATGGTCATGGT_024,53
ACTGTGCCCATGGTCATGGT_025,187
ACTGTGCCCATGGTCATGGT_026,166
ACTGTGCCCATGGTCATGGT_027,159
ACTGTGCCCATGGTCATGGT_028,31
ACTGTGCCCATGGTCATGGT_029,180
ACTGTGCCCATGGTCATGGT_030,124
ACTGTGCCCATGGTCATGGT_031,90
ACTGTGCCCATGGTCATGGT_032,56
ACTGTGCCCATGGTCATGGT_033,56
ACTGTGCCCATGGTCATGGT_034,13
ACTGTGCCCATGGTCATGGT_035,16
AATACTAAAATCATGATGAT_001,16
AATACTAAAATCATGATGAT_002,147
AATACTAAAATCATGATGAT_003,49
AATACTAAAATCATGATGAT_004,49
AATACTAAAATCATGATGAT_005,12
AATACTAAAATCATGATGAT_006,147
AATACTAAAATCATGATGAT_007,138
AATACTAAAATCATGATGAT_008,10
TTAGAACTCAAAGACCACGA_001,117
TTAGAACTCAAAGACCACGA_002,197
TTAGAACTCAAAGACCACGA_003,174
TTAGAACTCAAAGACCACGA_004,28
TTAGAACTCAAAGACCACGA_005,43
TACAGCAGTCATAACAAACA_001,54
CTAGGCGAGTTCCATCCATG_001,29
CTAGGCGAGTTCCATCCATG_002,76
CTAGGCGAGTTCCATCCATG_003,62
CTAGGCGAGTTCCATCCATG_004,98
CTAGGCGAGTTCCATCCATG_005,131
CTAGGCGAGTTCCATCCATG_006,34
CTGGTTTGGCCACAGCAGGT_001,169
CTGGTTTGGCCACAGCAGGT_002,161
CTGGTTTGGCCACAGCAGGT_003,64
CTGGTTTGGCCACAGCAGGT_004,50
CTGGTTTGGCCACAGCAGGT_005,116
CTGGTTTGGCCACAGCAGGT_006,83
CTGGTTTGGCCACAGCAGGT_007,111
CTGGTTTGGCCACAGCAGGT_008,198
CTGGTTTGGCCACAGCAGGT_009,20
CTGGTTTGGCCACAGCAGGT_010,42
CTGGTTTGGCCACAGCAGGT_011,140
AATCCTTCGATGATGAGCTA_001,161
AATCCTTCGATGATGAGCTA_002,7
AATCCTTCGATGATGAGCTA_003,112
AATCCTTCGATGATGAGCTA_004,44
AATCCTTCGATGATGAGCTA_005,70
AATCCTTCGATGATGAGCTA_006,76
AATCCTTCGATGATGAGCTA_007,11
CAATTCTAGCACTCCCTTAG_001,142
CAATTCTAGCACTCCCTTAG_002,152
CAATTCTAGCACTCCCTTAG_003,3
CCAGTGAGCAGGCGTCCGGG_001,101
CCAGTGAGCAGGCGTCCGGG_002,181
CCAGTGAGCAGGCGTCCGGG_003,118
CCAGTGAGCAGGCGTCCGGG_004,170
CCAGTGAGCAGGCGTCCGGG_005,48
CCAGTGAGCAGGCGTCCGGG_006,122
CCAGTGAGCAGGCGTCCGGG_007,78
CCAGTGAGCAGGCGTCCGGG_008,160
CCAGTGAGCAGGCGTCCGGG_009,161
CCAGTGAGCAGGCGTCCGGG_010,156
CCAGTGAGCAGGCGTCCGGG_011,153
CCAGTGAGCAGGCGTCCGGG_012,51
CCAGTGAGCAGGCGTCCGGG_013,95
CCAGTGAGCAGGCGTCCGGG_014,194
CCAGTGAGCAGGCGTCCGGG_015,28
CCAGTGAGCAGGCGTCCGGG_016,94
CCAGTGAGCAGGCGTCCGGG_017,70
CCAGTGAGCAGGCGTCCGGG_018,0
CCAGTGAGCAGGCGTCCGGG_019,64
CCAGTGAGCAGGCGTCCGGG_020,141
CCAGTGAGCAGGCGTCCGGG_021,68
CCAGTGAGCAGGCGTCCGGG_022,21
CCAGTGAGCAGGCGTCCGGG_023,130
CCAGTGAGCAGGCGTCCGGG_024,62
CCAGTGAGCAGGCGTCCGGG_025,96
CCAGTGAGCAGGCGTCCGGG_026,162
CCAGTGAGCAGGCGTCCGGG_027,22
CCAGTGAGCAGGCGTCCGGG_028,158
CCAGTGAGCAGGCGTCCGGG_029,91
CCAGTGAGCAGGCGTCCGGG_030,6
CCAGTGAGCAGGCGTCCGGG_031,78
CCAGTGAGCAGGCGTCCGGG_032,147
CCAGTGAGCAGGCGTCCGGG_033,159
CCAGTGAGCAGGCGTCCGGG_034,22
CCAGTGAGCAGGCGTCCGGG_035,115
CCAGTGAGCAGGCGTCCGGG_036,150
CCAGTGAGCAGGCGTCCGGG_037,190
CCAGTGAGCAGGCGTCCGGG_038,141
CCAGTGAGCAGGCGTCCGGG_039,184
CCAGTGAGCAGGCGTCCGGG_040,198
CCAGTGAGCAGGCGTCCGGG_041,198
CCAGTGAGCAGGCGTCCGGG_042,33
CCAGTGAGCAGGCGTCCGGG_043,150
CCAGTGAGCAGGCGTCCGGG_044,28
CCAGTGAGCAGGCGTCCGGG_045,102
CCAGTGAGCAGGCGTCCGGG_046,61
CCAGTGAGCAGGCGTCCGGG_047,175
CCAGTGAGCAGGCGTCCGGG_048,39
CCAGTGAGCAGGCGTCCGGG_049,189
CCAGTGAGCAGGCGTCCGGG_050,168
CCAGTGAGCAGGCGTCCGGG_051,63
CCAGTGAGCAGGCGTCCGGG_052,18
CCAGTGAGCAGGCGTCCGGG_053,19
CCAGTGAGCAGGCGTCCGGG_054,10
CCAGTGAGCAGGCGTCCGGG_055,126
CCAGTGAGCAGGCGTCCGGG_056,191
CCAGTGAGCAGGCGTCCGGG_057,52
CCAGTGAGCAGGCGTCCGGG_058,81
GGACTGGGAGGATCTACAGC_001,114
GGACTGGGAGGATCTACAGC_002,86
GGACTGGGAGGATCTACAGC_003,56
GGACTGGGAGGATCTACAGC_004,148
GGACTGGGAGGATCTACAGC_005,148
GGACTGGGAGGATCTACAGC_006,119
TGTATGAGTTGAAGGAAGGT_001,51
TGTATGAGTTGAAGGAAGGT_002,46
TGTATGAGTTGAAGGAAGGT_003,137
CATGGGTGTAAGTACGAACA_001,62
CATGGGTGTAAGTACGAACA_002,56
CATGGGTGTAAGTACGAACA_003,15
TTGCAAGGGACACTTCGCAA_001,149
TTGCAAGGGACACTTCGCAA_002,81
TTGCAAGGGACACTTCGCAA_003,168
TTGCAAGGGACACTTCGCAA_004,52
TTGCAAGGGACACTTCGCAA_005,138
TTGCAAGGGACACTTCGCAA_006,135
TTGCAAGGGACACTTCGCAA_007,48
TTGCAAGGGACACTTCGCAA_008,61
TTGCAAGGGACACTTCGCAA_009,94
TTGCAAGGGACACTTCGCAA_010,183
TTGCAAGGGACACTTCGCAA_011,86
TTGCAAGGGACACTTCGCAA_012,176
TTGCAAGGGACACTTCGCAA_013,117
TTGCAAGGGACACTTCGCAA_014,112
TTGCAAGGGACACTTCGCAA_015,185
TTGCAAGGGACACTTCGCAA_016,53
TTGCAAGGGACACTTCGCAA_017,72
TTGCAAGGGACACTTCGCAA_018,8
TTGCAAGGGACACTTCGCAA_019,169
TTGCAAGGGACACTTCGCAA_020,156
TTGCAAGGGACACTTCGCAA_021,43
TGTCAAGGGGCACACCAAAG_001,118
TGTCAAGGGGCACACCAAAG_002,49
TGTCAAGGGGCACACCAAAG_003,51
TGTCAAGGGGCACACCAAAG_004,88
TGTCAAGGGGCACACCAAAG_005,32
TGTCAAGGGGCACACCAAAG_006,87
TGTCAAGGGGCACACCAAAG_007,34
TGTCAAGGGGCACACCAAAG_008,34
TGTCAAGGGGCACACCAAAG_009,55
TGTCAAGGGGCACACCAAAG_010,60
CAAGTGTAACGACTGCAACA_001,16
CAAGTGTAACGACTGCAACA_002,17
CAAGTGTAACGACTGCAACA_003,15
CATAGTAGTCAGTGTGTACA_001,14
CATAGTAGTCAGTGTGTACA_002,34
CATAGTAGTCAGTGTGTACA_003,49
CATAGTAGTCAGTGTGTACA_004,96
CGCTACCTCAAGCACCTGCG_001,166
CGCTACCTCAAGCACCTGCG_002,34
CGCTACCTCAAGCACCTGCG_003,162
CGCTACCTCAAGCACCTGCG_004,47
CGCTACCTCAAGCACCTGCG_005,6
CGCTACCTCAAGCACCTGCG_006,29
CGCTACCTCAAGCACCTGCG_007,68
CGCTACCTCAAGCACCTGCG_008,127
CGCTACCTCAAGCACCTGCG_009,199
CGCTACCTCAAGCACCTGCG_010,8
CGCTACCTCAAGCACCTGCG_011,118
CGCTACCTCAAGCACCTGCG_012,3
CGCTACCTCAAGCACCTGCG_013,43
CGCTACCTCAAGCACCTGCG_014,191
CGCTACCTCAAGCACCTGCG_015,19
CGCTACCTCAAGCACCTGCG_016,19
CGCTACCTCAAGCACCTGCG_017,98
CGCTACCTCAAGCACCTGCG_018,119
CGCTACCTCAAGCACCTGCG_019,158
CGCTACCTCAAGCACCTGCG_020,191
CGCTACCTCAAGCACCTGCG_021,197
CGCTACCTCAAGCACCTGCG_022,150
CGCTACCTCAAGCACCTGCG_023,50
CGCTACCTCAAGCACCTGCG_024,179
CGCTACCTCAAGCACCTGCG_025,0
CGCTACCTCAAGCACCTGCG_026,106
CGCTACCTCAAGCACCTGCG_027,146
CGCTACCTCAAGCACCTGCG_028,54
CGCTACCTCAAGCACCTGCG_029,17
CGCTACCTCAAGCACCTGCG_030,138
CGCTACCTCAAGCACCTGCG_031,88
CGCTACCTCAAGCACCTGCG_032,120
CGCTACCTCAAGCACCTGCG_033,60
CGCTACCTCAAGCACCTGCG_034,118
CGCTACCTCAAGCACCTGCG_035,94
CGCTACCTCAAGCACCTGCG_036,99
CCTGAGCGCAACGGTAACAG_001,149
CCTGAGCGCAACGGTAACAG_002,49
CCTGAGCGCAACGGTAACAG_003,186
CCTGAGCGCAACGGTAACAG_004,85
CCTGAGCGCAACGGTAACAG_005,12
CCTGAGCGCAACGGTAACAG_006,102
CCTGAGCGCAACGGTAACAG_007,2
CCTGAGCGCAACGGTAACAG_008,149
CCTGAGCGCAACGGTAACAG_009,94
CCTGAGCGCAACGGTAACAG_010,1
CCTGAGCGCAACGGTAACAG_011,126
CCTGAGCGCAACGGTAACAG_012,133
CCTGAGCGCAACGGTAACAG_013,184
CCTGAGCGCAACGGTAACAG_014,184
CCTGAGCGCAACGGTAACAG_015,132
CCTGAGCGCAACGGTAACAG_016,70
CCGTCACAGAGATTCACCAG_001,115
CCGTCACAGAGATTCACCAG_002,148
CCGTCACAGAGATTCACCAG_003,16
CCGTCACAGAGATTCACCAG_004,140
CCGTCACAGAGATTCACCAG_005,56
CCGTCACAGAGATTCACCAG_006,166
CCGTCACAGAGATTCACCAG_007,72
CCGTCACAGAGATTCACCAG_008,129
CCGTCACAGAGATTCACCAG_009,37
CCGTCACAGAGATTCACCAG_010,84
CCGTCACAGAGATTCACCAG_011,81
CCGTCACAGAGATTCACCAG_012,6
AATTATTCCCAAGTGCACAA_001,125
AATTATTCCCAAGTGCACAA_002,34
AATTATTCCCAAGTGCACAA_003,14
AATTATTCCCAAGTGCACAA_004,12
AATTATTCCCAAGTGCACAA_005,77
AATTATTCCCAAGTGCACAA_006,173
AATTATTCCCAAGTGCACAA_007,173
AATTATTCCCAAGTGCACAA_008,173
AATTATTCCCAAGTGCACAA_009,60
AATTATTCCCAAGTGCACAA_010,88
AATTATTCCCAAGTGCACAA_011,131
AATTATTCCCAAGTGCACAA_012,108
AATTATTCCCAAGTGCACAA_013,125
AATTATTCCCAAGTGCACAA_014,127
AATTATTCCCAAGTGCACAA_015,178
AATTATTCCCAAGTGCACAA_016,161
AATTATTCCCAAGTGCACAA_017,105
AATTATTCCCAAGTGCACAA_018,83
AATTATTCCCAAGTGCACAA_019,17
AATTATTCCCAAGTGCACAA_020,12
AATTATTCCCAAGTGCACAA_021,65
AATTATTCCCAAGTGCACAA_022,58
AATTATTCCCAAGTGCACAA_023,102
AAAAGGTAAAGAGCTAATGG_001,162
AAAAGGTAAAGAGCTAATGG_002,52
AAAAGGTAAAGAGCTAATGG_003,175
AAAAGGTAAAGAGCTAATGG_004,48
AAAAGGTAAAGAGCTAATGG_005,1
AAAAGGTAAAGAGCTAATGG_006,67
AAAAGGTAAAGAGCTAATGG_007,166
AAAAGGTAAAGAGCTAATGG_008,106
AAAAGGTAAAGAGCTAATGG_009,168
AAAAGGTAAAGAGCTAATGG_010,81
AAAAGGTAAAGAGCTAATGG_011,6
AAAAGGTAAAGAGCTAATGG_012,88
AAAAGGTAAAGAGCTAATGG_013,94
AAAAGGTAAAGAGCTAATGG_014,9
AAAAGGTAAAGAGCTAATGG_015,171
AAAAGGTAAAGAGCTAATGG_016,58
CGCCGTCCTATGAGAACGTG_001,169
CGCCGTCCTATGAGAACGTG_002,158
CGCCGTCCTATGAGAACGTG_003,112
CGCCGTCCTATGAGAACGTG_004,28
CGCCGTCCTATGAGAACGTG_005,18
CGCCGTCCTATGAGAACGTG_006,121
CGCCGTCCTATGAGAACGTG_007,89
CGCCGTCCTATGAGAACGTG_008,28
CGCCGTCCTATGAGAACGTG_009,188
CGCCGTCCTATGAGAACGTG_010,45
CCCACCCTGTTGGTACACCA_001,158
CCCACCCTGTTGGTACACCA_002,127
CCCACCCTGTTGGTACACCA_003,76
CCCACCCTGTTGGTACACCA_004,17
CCCACCCTGTTGGTACACCA_005,197
CCCACCCTGTTGGTACACCA_006,169
CCCACCCTGTTGGTACACCA_007,179
CCCACCCTGTTGGTACACCA_008,179
CCCACCCTGTTGGTACACCA_009,50
CCCACCCTGTTGGTACACCA_010,77
ATGTGCTCAATGAAGTCATG_001,125
ATGTGCTCAATGAAGTCATG_002,169
ATGTGCTCAATGAAGTCATG_003,70
ATGTGCTCAATGAAGTCATG_004,70
ATGTGCTCAATGAAGTCATG_005,58
ATGTGCTCAATGAAGTCATG_006,198
ATGTGCTCAATGAAGTCATG_007,14
ATGTGCTCAATGAAGTCATG_008,56
ATGTGCTCAATGAAGTCATG_009,34
ATGTGCTCAATGAAGTCATG_010,83
ATGTGCTCAATGAAGTCATG_011,94
ATAACGAAGCTCCTTCAGCT_001,160
ATAACGAAGCTCCTTCAGCT_002,179
ATAACGAAGCTCCTTCAGCT_003,134
ATAACGAAGCTCCTTCAGCT_004,22
ATAACGAAGCTCCTTCAGCT_005,139
ATAACGAAGCTCCTTCAGCT_006,94
ATAACGAAGCTCCTTCAGCT_007,140
ATAACGAAGCTCCTTCAGCT_008,199
ATAACGAAGCTCCTTCAGCT_009,78
ATAACGAAGCTCCTTCAGCT_010,106
ATAACGAAGCTCCTTCAGCT_011,37
ATAACGAAGCTCCTTCAGCT_012,18
TCATAGTATCGAGGAGTATG_001,141
TCATAGTATCGAGGAGTATG_002,67
TCATAGTATCGAGGAGTATG_003,194
TCATAGTATCGAGGAGTATG_004,43
GTCTTCCTAGGCATCCTAGT_001,41
GTCTTCCTAGGCATCCTAGT_002,12
GTCTTCCTAGGCATCCTAGT_003,78
GTCTTCCTAGGCATCCTAGT_004,86
GTCTTCCTAGGCATCCTAGT_005,199
TGAGGAAGATGCCTTACTGA_001,69
TGAGGAAGATGCCTTACTGA_002,86
CCTGCGTCATCCGAACATCG_001,89
CCTGCGTCATCCGAACATCG_002,127
CCTGCGTCATCCGAACATCG_003,126
ACCGGCGCTACAAGTGCAAG_001,108
GCGCTGCGCTAAGCGCCCCG_001,28
GCGCTGCGCTAAGCGCCCCG_002,48
GCGCTGCGCTAAGCGCCCCG_003,31
GCGCTGCGCTAAGCGCCCCG_004,60
GCGCTGCGCTAAGCGCCCCG_005,126
GCGCTGCGCTAAGCGCCCCG_006,73
GCGCTGCGCTAAGCGCCCCG_007,16
GCGCTGCGCTAAGCGCCCCG_008,105
GCGCTGCGCTAAGCGCCCCG_009,102
GCGCTGCGCTAAGCGCCCCG_010,146
GCGCTGCGCTAAGCGCCCCG_011,100
GGAGATTCCAGTATCTGCCA_001,145
GGAGATTCCAGTATCTGCCA_002,22
GGAGATTCCAGTATCTGCCA_003,174
TGGAACCACAAATCAGCGAG_001,177
TGGAACCACAAATCAGCGAG_002,75
TGGAACCACAAATCAGCGAG_003,134
TGGAACCACAAATCAGCGAG_004,3
TGGAACCACAAATCAGCGAG_005,27
GATGCATTACCCATTCATCG_001,50
GATGCATTACCCATTCATCG_002,197
GATGCATTACCCATTCATCG_003,138
AAAGACCCACATCTTGACTG_001,161
AAAGACCCACATCTTGACTG_002,76
AAAGACCCACATCTTGACTG_003,43
AAAGACCCACATCTTGACTG_004,146
AAAGACCCACATCTTGACTG_005,58
AAAGACCCACATCTTGACTG_006,41
AAAGACCCACATCTTGACTG_007,123
AAAGACCCACATCTTGACTG_008,185
AAAGACCCACATCTTGACTG_009,170
AAAGACCCACATCTTGACTG_010,86
AAAGACCCACATCTTGACTG_011,192
AAAGACCCACATCTTGACTG_012,176
AAAGACCCACATCTTGACTG_013,146
AAAGACCCACATCTTGACTG_014,148
AAAGACCCACATCTTGACTG_015,98
AAAGACCCACATCTTGACTG_016,145
AAAGACCCACATCTTGACTG_017,184
AAAGACCCACATCTTGACTG_018,56
GGTCACACTCTCCGAGAGCA_001,81
GGTCACACTCTCCGAGAGCA_002,136
AAATCTAAAGCAGATAATGT_001,169
AAATCTAAAGCAGATAATGT_002,127
AAATCTAAAGCAGATAATGT_003,149
AAATCTAAAGCAGATAATGT_004,147
AAATCTAAAGCAGATAATGT_005,129
AAATCTAAAGCAGATAATGT_006,158
AAATCTAAAGCAGATAATGT_007,9
GTGATCTGATACTGGATGCA_001,127
TTAATGACACTGAGTTCCAG_001,196
TTAATGACACTGAGTTCCAG_002,88
TTAATGACACTGAGTTCCAG_003,135
TTAATGACACTGAGTTCCAG_004,74
TTAATGACACTGAGTTCCAG_005,31
CTCCTCATAGAATTCCACCA_001,127
CTCCTCATAGAATTCCACCA_002,78
CTCCTCATAGAATTCCACCA_003,138
CTCCTCATAGAATTCCACCA_004,69
CTCCTCATAGAATTCCACCA_005,158
CTCCTCATAGAATTCCACCA_006,175
CTCCTCATAGAATTCCACCA_007,176
CTCCTCATAGAATTCCACCA_008,70
CTCCTCATAGAATTCCACCA_009,70
CTTCACATAGGCTTCCACGC_001,56
CTTCACATAGGCTTCCACGC_002,81
CTTCACATAGGCTTCCACGC_003,120
CTTCACATAGGCTTCCACGC_004,149
CTTCACATAGGCTTCCACGC_005,135
CTTCACATAGGCTTCCACGC_006,8
TGAAGCGAGAAGCTTGTCCA_001,158
TGAAGCGAGAAGCTTGTCCA_002,106
TGAAGCGAGAAGCTTGTCCA_003,130
TGAAGCGAGAAGCTTGTCCA_004,160
TGAAGCGAGAAGCTTGTCCA_005,119
TGAAGCGAGAAGCTTGTCCA_006,62
TGAAGCGAGAAGCTTGTCCA_007,105
TGAAGCGAGAAGCTTGTCCA_008,11
TGAAGCGAGAAGCTTGTCCA_009,178
TGAAGCGAGAAGCTTGTCCA_010,113
TGAAGCGAGAAGCTTGTCCA_011,80
TGAAGCGAGAAGCTTGTCCA_012,2
TGAAGCGAGAAGCTTGTCCA_013,82
TGAAGCGAGAAGCTTGTCCA_014,160
TGAAGCGAGAAGCTTGTCCA_015,47
TGAAGCGAGAAGCTTGTCCA_016,153
TGAAGCGAGAAGCTTGTCCA_017,48
TGAAGCGAGAAGCTTGTCCA_018,56
TGAAGCGAGAAGCTTGTCCA_019,27
TGAAGCGAGAAGCTTGTCCA_020,130
TGAAGCGAGAAGCTTGTCCA_021,50
TGAAGCGAGAAGCTTGTCCA_022,168
TGAAGCGAGAAGCTTGTCCA_023,124
TGAAGCGAGAAGCTTGTCCA_024,56
CCCTTCGAGACCATCTACAC_001,70
CCCTTCGAGACCATCTACAC_002,191
CCCTTCGAGACCATCTACAC_003,167
CCCTTCGAGACCATCTACAC_004,42
CCCTTCGAGACCATCTACAC_005,117
ATATTGTAGTAACCATGAGA_001,13
ATATTGTAGTAACCATGAGA_002,121
ATATTGTAGTAACCATGAGA_003,8
ATATTGTAGTAACCATGAGA_004,69
ATATTGTAGTAACCATGAGA_005,146
ATATTGTAGTAACCATGAGA_006,42
ATATTGTAGTAACCATGAGA_007,40
ATATTGTAGTAACCATGAGA_008,117
ATATTGTAGTAACCATGAGA_009,141
ATATTGTAGTAACCATGAGA_010,34
GAGCGTCATGAACAGCAGAC_001,76
GAGCGTCATGAACAGCAGAC_002,53
GAGCGTCATGAACAGCAGAC_003,176
GAGCGTCATGAACAGCAGAC_004,161
GAGCGTCATGAACAGCAGAC_005,193
GAGCGTCATGAACAGCAGAC_006,136
GAGCGTCATGAACAGCAGAC_007,33
GAGCGTCATGAACAGCAGAC_008,171
GAGCGTCATGAACAGCAGAC_009,126
GAGCGTCATGAACAGCAGAC_010,104
GAGCGTCATGAACAGCAGAC_011,78
GAGCGTCATGAACAGCAGAC_012,2
GAGCGTCATGAACAGCAGAC_013,88
GAGCGTCATGAACAGCAGAC_014,99
GAGCGTCATGAACAGCAGAC_015,33
GAGCGTCATGAACAGCAGAC_016,69
GAGCGTCATGAACAGCAGAC_017,49
GAGCGTCATGAACAGCAGAC_018,197
GAGCGTCATGAACAGCAGAC_019,2
GAGCGTCATGAACAGCAGAC_020,184
GAGCGTCATGAACAGCAGAC_021,9
GAGCGTCATGAACAGCAGAC_022,136
GAGCGTCATGAACAGCAGAC_023,52
CTGCACAATGTAGCTGACGA_001,1
CTGCACAATGTAGCTGACGA_002,145
CTGCACAATGTAGCTGACGA_003,113
CTGCACAATGTAGCTGACGA_004,61
CTGCACAATGTAGCTGACGA_005,118
CTGCACAATGTAGCTGACGA_006,31
CTGCACAATGTAGCTGACGA_007,168
CTGCACAATGTAGCTGACGA_008,143
CTGCACAATGTAGCTGACGA_009,76
GCGACCCCGTTCTGGCAGCG_001,113
GCGACCCCGTTCTGGCAGCG_002,105
GCGACCCCGTTCTGGCAGCG_003,198
GCGACCCCGTTCTGGCAGCG_004,130
GCGACCCCGTTCTGGCAGCG_005,137
GCGACCCCGTTCTGGCAGCG_006,83
GCGACCCCGTTCTGGCAGCG_007,69
CTGGCCAGAAGAATGGTACG_001,73
CTGGCCAGAAGAATGGTACG_002,70
CTGGCCAGAAGAATGGTACG_003,182
CTGGCCAGAAGAATGGTACG_004,81
CTGGCCAGAAGAATGGTACG_005,188
CTGGCCAGAAGAATGGTACG_006,0
CTGGCCAGAAGAATGGTACG_007,29
CTGGCCAGAAGAATGGTACG_008,72
AGAGATTCCAGTGCGTTACC_001,62
AGAGATTCCAGTGCGTTACC_002,30
GGAACCAGCGCAAAAGTGTG_001,22
GGAACCAGCGCAAAAGTGTG_002,133
GGAACCAGCGCAAAAGTGTG_003,17
GGAACCAGCGCAAAAGTGTG_004,93
GGAACCAGCGCAAAAGTGTG_005,137
GGAACCAGCGCAAAAGTGTG_006,42
GGAACCAGCGCAAAAGTGTG_007,84
GGAACCAGCGCAAAAGTGTG_008,134
GGAACCAGCGCAAAAGTGTG_009,130
GGAACCAGCGCAAAAGTGTG_010,116
GGAACCAGCGCAAAAGTGTG_011,106
GGAACCAGCGCAAAAGTGTG_012,169
GGAACCAGCGCAAAAGTGTG_013,58
GGAACCAGCGCAAAAGTGTG_014,126
GGAACCAGCGCAAAAGTGTG_015,62
GGAACCAGCGCAAAAGTGTG_016,1
GGAACCAGCGCAAAAGTGTG_017,138
GGAACCAGCGCAAAAGTGTG_018,121
CACCATAAGAACTTCTCCAA_001,94
CACCATAAGAACTTCTCCAA_002,102
CACCATAAGAACTTCTCCAA_003,41
CACCATAAGAACTTCTCCAA_004,175
CACCATAAGAACTTCTCCAA_005,34
TCAGTGCCTACACCCCGAAA_001,188
TCAGTGCCTACACCCCGAAA_002,136
TCAGTGCCTACACCCCGAAA_003,8
TCAGTGCCTACACCCCGAAA_004,77
TCAGTGCCTACACCCCGAAA_005,14
TCAGTGCCTACACCCCGAAA_006,28
CTGTGGGTACACACTGGAGT_001,38
CTGTGGGTACACACTGGAGT_002,197
CTGTGGGTACACACTGGAGT_003,175
TATGTGGAATCTATACTTGA_001,99
TATGTGGAATCTATACTTGA_002,63
TATGTGGAATCTATACTTGA_003,148
AGCTTCGTGAATTGAAACAC_001,160
AGCTTCGTGAATTGAAACAC_002,160
AGCTTCGTGAATTGAAACAC_003,97
AGCTTCGTGAATTGAAACAC_004,80
AGCTTCGTGAATTGAAACAC_005,187
AGCTTCGTGAATTGAAACAC_006,93
AGCTTCGTGAATTGAAACAC_007,41
AGCTTCGTGAATTGAAACAC_008,125
AGCTTCGTGAATTGAAACAC_009,174
AGCTTCGTGAATTGAAACAC_010,106
AGCTTCGTGAATTGAAACAC_011,81
AGCTTCGTGAATTGAAACAC_012,74
CGGGAGAGCCACGTTCACCT_001,60
CGGGAGAGCCACGTTCACCT_002,33
CGGGAGAGCCACGTTCACCT_003,141
CGGGAGAGCCACGTTCACCT_004,113
CGGGAGAGCCACGTTCACCT_005,136
CGGGAGAGCCACGTTCACCT_006,198
CGGGAGAGCCACGTTCACCT_007,119
CGGGAGAGCCACGTTCACCT_008,8
CGGGAGAGCCACGTTCACCT_009,159
CGGGAGAGCCACGTTCACCT_010,156
CGGGAGAGCCACGTTCACCT_011,156
CTATGAAACAGGCACGTCAC_001,169
CTATGAAACAGGCACGTCAC_002,170
CTATGAAACAGGCACGTCAC_003,182
CTATGAAACAGGCACGTCAC_004,19
CTATGAAACAGGCACGTCAC_005,20
CTATGAAACAGGCACGTCAC_006,137
CTATGAAACAGGCACGTCAC_007,137
CTATGAAACAGGCACGTCAC_008,33
CTATGAAACAGGCACGTCAC_009,152
CTATGAAACAGGCACGTCAC_010,152
CTATGAAACAGGCACGTCAC_011,185
CTATGAAACAGGCACGTCAC_012,46
CGCTCTCGTACCCTGTGCTG_001,42
CGCTCTCGTACCCTGTGCTG_002,140
CGCTCTCGTACCCTGTGCTG_003,3
CGCTCTCGTACCCTGTGCTG_004,144
GTGAGCCCGAAAATGAGACC_001,49
GTGAGCCCGAAAATGAGACC_002,83
GTGAGCCCGAAAATGAGACC_003,0
CAGGAAGAGTGCGGGCAAAG_001,166
CAGGAAGAGTGCGGGCAAAG_002,34
CAGGAAGAGTGCGGGCAAAG_003,171
CAGGAAGAGTGCGGGCAAAG_004,70
CAGGAAGAGTGCGGGCAAAG_005,172
CAGGAAGAGTGCGGGCAAAG_006,75
CAGGAAGAGTGCGGGCAAAG_007,34
CAGGAAGAGTGCGGGCAAAG_008,155
CAGGAAGAGTGCGGGCAAAG_009,62
CAGGAAGAGTGCGGGCAAAG_010,156
CAGGAAGAGTGCGGGCAAAG_011,35
CAGGAAGAGTGCGGGCAAAG_012,28
CAGGAAGAGTGCGGGCAAAG_013,114
CAGGAAGAGTGCGGGCAAAG_014,92
CAGGAAGAGTGCGGGCAAAG_015,134
CAGGAAGAGTGCGGGCAAAG_016,130
CAGGAAGAGTGCGGGCAAAG_017,29
CAGGAAGAGTGCGGGCAAAG_018,49
CAGGAAGAGTGCGGGCAAAG_019,88
CAGGAAGAGTGCGGGCAAAG_020,187
CAGGAAGAGTGCGGGCAAAG_021,4
CAGGAAGAGTGCGGGCAAAG_022,53
CAGGAAGAGTGCGGGCAAAG_023,88
CAGGAAGAGTGCGGGCAAAG_024,11
AATGCTCCTATATTAACACT_001,134
AATGCTCCTATATTAACACT_002,12
AATGCTCCTATATTAACACT_003,41
AATGCTCCTATATTAACACT_004,85
CTGAAGCCCTTATCACTAAG_001,62
CTGAAGCCCTTATCACTAAG_002,3
CTGAAGCCCTTATCACTAAG_003,196
CTGAAGCCCTTATCACTAAG_004,183
CTGAAGCCCTTATCACTAAG_005,8
CTGAAGCCCTTATCACTAAG_006,8
CCCAGTGGGGAGTGGTACCG_001,144
CCCAGTGGGGAGTGGTACCG_002,23
CCCAGTGGGGAGTGGTACCG_003,34
CCCAGTGGGGAGTGGTACCG_004,21
CCCAGTGGGGAGTGGTACCG_005,164
CCCAGTGGGGAGTGGTACCG_006,94
CCCAGTGGGGAGTGGTACCG_007,9
CCCAGTGGGGAGTGGTACCG_008,177
CCCAGTGGGGAGTGGTACCG_009,133
CCCAGTGGGGAGTGGTACCG_010,51
CCCAGTGGGGAGTGGTACCG_011,49
CCCAGTGGGGAGTGGTACCG_012,2
CCCAGTGGGGAGTGGTACCG_013,16
CCCAGTGGGGAGTGGTACCG_014,144
CCCAGTGGGGAGTGGTACCG_015,191
AGAGATACGGACCTCCAATG_001,62
AGAGATACGGACCTCCAATG_002,127
AGAGATACGGACCTCCAATG_003,72
AGAGATACGGACCTCCAATG_004,137
AGAGATACGGACCTCCAATG_005,17
AGAGATACGGACCTCCAATG_006,79
AGAGATACGGACCTCCAATG_007,92
AGAGATACGGACCTCCAATG_008,88
AGAGATACGGACCTCCAATG_009,90
AGAGATACGGACCTCCAATG_010,78
AGAGATACGGACCTCCAATG_011,165
AGAGATACGGACCTCCAATG_012,39
AGAGATACGGACCTCCAATG_013,152
AGAGATACGGACCTCCAATG_014,152
ATCACCCGTTCCTACTACAG_001,65
ATCACCCGTTCCTACTACAG_002,145
ATCACCCGTTCCTACTACAG_003,150
GACATTACTAGAAGCAAACA_001,115
GACATTACTAGAAGCAAACA_002,130
GACATTACTAGAAGCAAACA_003,82
GACATTACTAGAAGCAAACA_004,98
AGGAGTGTCTTCATGAACCA_001,191
AGGAGTGTCTTCATGAACCA_002,51
AGGAGTGTCTTCATGAACCA_003,170
AGGAGTGTCTTCATGAACCA_004,175
AGGAGTGTCTTCATGAACCA_005,149
AGGAGTGTCTTCATGAACCA_006,127
CGTCCTCTTACTCCCAATCA_001,191
CGTCCTCTTACTCCCAATCA_002,35
CACCGACATAGCACTCATGG_001,152
CACCGACATAGCACTCATGG_002,50
TATTCATAGATCTACTGACA_001,72
GTGAGAATTCATCCGACCCG_001,29
GTGAGAATTCATCCGACCCG_002,29
GTGAGAATTCATCCGACCCG_003,157
GTGAGAATTCATCCGACCCG_004,1
GTGAGAATTCATCCGACCCG_005,65
CAAGTGAGCCCTCAGTGGGG_001,1
CAAGTGAGCCCTCAGTGGGG_002,29
CAAGTGAGCCCTCAGTGGGG_003,191
CAAGTGAGCCCTCAGTGGGG_004,66
TGAAACTATTAACGTAACAA_001,64
TGAAACTATTAACGTAACAA_002,191
TGAAACTATTAACGTAACAA_003,70
TGAAACTATTAACGTAACAA_004,97
AGGAGAGGACAAGCGACGCG_001,177
AGGAGAGGACAAGCGACGCG_002,41
AGGAGAGGACAAGCGACGCG_003,7
AGGAGAGGACAAGCGACGCG_004,133
AGGAGAGGACAAGCGACGCG_005,194
AGGAGAGGACAAGCGACGCG_006,194
AGGAGAGGACAAGCGACGCG_007,156
AGGAGAGGACAAGCGACGCG_008,141
AGGAGAGGACAAGCGACGCG_009,108
AGGAGAGGACAAGCGACGCG_010,9
AGGAGAGGACAAGCGACGCG_011,34
AGGAGAGGACAAGCGACGCG_012,149
AGGAGAGGACAAGCGACGCG_013,160
AGGAGAGGACAAGCGACGCG_014,32
AGGAGAGGACAAGCGACGCG_015,54
AGGAGAGGACAAGCGACGCG_016,167
AGGAGAGGACAAGCGACGCG_017,66
AGGAGAGGACAAGCGACGCG_018,26
AGGAGAGGACAAGCGACGCG_019,161
AGGAGAGGACAAGCGACGCG_020,100
CTCTTCTGAACAGACAATGG_001,70
CTCTTCTGAACAGACAATGG_002,71
TACTCGGAATAGAGTATCGG_001,33
TACTCGGAATAGAGTATCGG_002,116
TAGCCACCGAGGGCATCCGT_001,31
TAGCCACCGAGGGCATCCGT_002,154
TAGCCACCGAGGGCATCCGT_003,17
TAGCCACCGAGGGCATCCGT_004,147
TAGCCACCGAGGGCATCCGT_005,53
TAGCCACCGAGGGCATCCGT_006,194
TAGCCACCGAGGGCATCCGT_007,198
AGGATGCGGAGAAAGTCATC_001,11
AGGATGCGGAGAAAGTCATC_002,91
AGGATGCGGAGAAAGTCATC_003,2
AGGATGCGGAGAAAGTCATC_004,16
AGGATGCGGAGAAAGTCATC_005,140
AGGATGCGGAGAAAGTCATC_006,75
AGGATGCGGAGAAAGTCATC_007,77
AGGATGCGGAGAAAGTCATC_008,6
AGGATGCGGAGAAAGTCATC_009,82
AGGATGCGGAGAAAGTCATC_010,174
AGGATGCGGAGAAAGTCATC_011,104
CAGTTGGCTGCACCACTCGG_001,134
CAGTTGGCTGCACCACTCGG_002,5
CAGTTGGCTGCACCACTCGG_003,76
CAGTTGGCTGCACCACTCGG_004,68
CAGTTGGCTGCACCACTCGG_005,151
CAGTTGGCTGCACCACTCGG_006,175
CAGTTGGCTGCACCACTCGG_007,167
CAGTTGGCTGCACCACTCGG_008,167
CAGTTGGCTGCACCACTCGG_009,164
CAGTTGGCTGCACCACTCGG_010,149
CAGTTGGCTGCACCACTCGG_011,106
CAGTTGGCTGCACCACTCGG_012,108
CAGTTGGCTGCACCACTCGG_013,183
CAGTTGGCTGCACCACTCGG_014,169
CAGTTGGCTGCACCACTCGG_015,2
CAGTTGGCTGCACCACTCGG_016,87
CAGTTGGCTGCACCACTCGG_017,90
CAGTTGGCTGCACCACTCGG_018,0
CAGTTGGCTGCACCACTCGG_019,119
CAGTTGGCTGCACCACTCGG_020,121
CAGTTGGCTGCACCACTCGG_021,32
CAGTTGGCTGCACCACTCGG_022,94
CAGTTGGCTGCACCACTCGG_023,145
CAGTTGGCTGCACCACTCGG_024,70
CAGTTGGCTGCACCACTCGG_025,127
CAGTTGGCTGCACCACTCGG_026,17
CAGTTGGCTGCACCACTCGG_027,158
CAGTTGGCTGCACCACTCGG_028,120
CAGTTGGCTGCACCACTCGG_029,144
GAATTAACACCCATTAGAGA_001,77
GAATTAACACCCATTAGAGA_002,158
GAATTAACACCCATTAGAGA_003,174
GAATTAACACCCATTAGAGA_004,106
CAGCGACAGATCAGTTTGGA_001,49
CAGCGACAGATCAGTTTGGA_002,29
CAGCGACAGATCAGTTTGGA_003,42
CAGCGACAGATCAGTTTGGA_004,165
CAGCGACAGATCAGTTTGGA_005,194
CAGCGACAGATCAGTTTGGA_006,16
CAGCGACAGATCAGTTTGGA_007,159
CAGCGACAGATCAGTTTGGA_008,27
CAGCGACAGATCAGTTTGGA_009,198
CAGCGACAGATCAGTTTGGA_010,134
CAGCGACAGATCAGTTTGGA_011,17
CAGCGACAGATCAGTTTGGA_012,29
CAGCGACAGATCAGTTTGGA_013,91
CAGCGACAGATCAGTTTGGA_014,94
CGAGTTTGAGGAAACTCGCA_001,69
CGAGTTTGAGGAAACTCGCA_002,90
GAAAGAAAGGATCAAGTACG_001,36
GAAAGAAAGGATCAAGTACG_002,78
GAAAGAAAGGATCAAGTACG_003,63
GAAAGAAAGGATCAAGTACG_004,105
GAAAGAAAGGATCAAGTACG_005,198
GAAAGAAAGGATCAAGTACG_006,57
GAAAGAAAGGATCAAGTACG_007,188
GAAAGAAAGGATCAAGTACG_008,198
AAGACGTCCTCAATTACCCC_001,14
GGACCAGAGGCAGTACATTG_001,95
GGACCAGAGGCAGTACATTG_002,108
GGACCAGAGGCAGTACATTG_003,87
GGACCAGAGGCAGTACATTG_004,174
GGACCAGAGGCAGTACATTG_005,174
GGACCAGAGGCAGTACATTG_006,150
GGACCAGAGGCAGTACATTG_007,188
GGACCAGAGGCAGTACATTG_008,113
GGACCAGAGGCAGTACATTG_009,99
ATAGGCTTACAATACCTTAG_001,105
AGAAGGTCTAGATTCAATGT_001,27
AGAAGGTCTAGATTCAATGT_002,47
AGAAGGTCTAGATTCAATGT_003,163
AGAAGGTCTAGATTCAATGT_004,134
AGAAGGTCTAGATTCAATGT_005,160
AGAAGGTCTAGATTCAATGT_006,129
ATGGATGCTGGGAAACTGGT_001,81
ATGGATGCTGGGAAACTGGT_002,137
ATGGATGCTGGGAAACTGGT_003,137
ATGGATGCTGGGAAACTGGT_004,176
ATGGATGCTGGGAAACTGGT_005,122
ATGGATGCTGGGAAACTGGT_006,50
ATGGATGCTGGGAAACTGGT_007,50
ATGGATGCTGGGAAACTGGT_008,181
ATGGATGCTGGGAAACTGGT_009,12
ATGGATGCTGGGAAACTGGT_010,166
ATGGATGCTGGGAAACTGGT_011,168
ATGGATGCTGGGAAACTGGT_012,38
ATGGATGCTGGGAAACTGGT_013,120
ATGGATGCTGGGAAACTGGT_014,16
ATGGATGCTGGGAAACTGGT_015,150
ATGGATGCTGGGAAACTGGT_016,184
ATGGATGCTGGGAAACTGGT_017,71
ATGGATGCTGGGAAACTGGT_018,115
ATGGATGCTGGGAAACTGGT_019,40
ATGGATGCTGGGAAACTGGT_020,9
ATGGATGCTGGGAAACTGGT_021,69
ATGGATGCTGGGAAACTGGT_022,170
ATGGATGCTGGGAAACTGGT_023,113
ATGGATGCTGGGAAACTGGT_024,77
ATGGATGCTGGGAAACTGGT_025,56
ATGGATGCTGGGAAACTGGT_026,52
ATGGATGCTGGGAAACTGGT_027,8
ATGGATGCTGGGAAACTGGT_028,109
ATGGATGCTGGGAAACTGGT_029,88
ATGGATGCTGGGAAACTGGT_030,23
ATGGATGCTGGGAAACTGGT_031,85
ATGGATGCTGGGAAACTGGT_032,98
ATGGATGCTGGGAAACTGGT_033,57
ATGGATGCTGGGAAACTGGT_034,117
ATGGATGCTGGGAAACTGGT_035,19
ATGGATGCTGGGAAACTGGT_036,63
ATGGATGCTGGGAAACTGGT_037,52
ATGGATGCTGGGAAACTGGT_038,166
ATGGATGCTGGGAAACTGGT_039,14
ATGGATGCTGGGAAACTGGT_040,83
CAAGGTGTACCACTATGACA_001,161
CAAGGTGTACCACTATGACA_002,146
CAAGGTGTACCACTATGACA_003,88
CAAGGTGTACCACTATGACA_004,62
CAAGGTGTACCACTATGACA_005,191
CTCCGGCCACAGACAACCGC_001,12
CTCCGGCCACAGACAACCGC_002,169
CTCCGGCCACAGACAACCGC_003,78
CTCCGGCCACAGACAACCGC_004,37
CTCCGGCCACAGACAACCGC_005,2
CTCCGGCCACAGACAACCGC_006,172
CTCCGGCCACAGACAACCGC_007,121
CTCCGGCCACAGACAACCGC_008,67
CTCCGGCCACAGACAACCGC_009,144
CTCCGGCCACAGACAACCGC_010,179
CTCCGGCCACAGACAACCGC_011,96
CTCCGGCCACAGACAACCGC_012,169
CTCCGGCCACAGACAACCGC_013,18
AGCACCCAGAGGGGTGACCA_001,61
AGCACCCAGAGGGGTGACCA_002,185
AGCACCCAGAGGGGTGACCA_003,160
AGCACCCAGAGGGGTGACCA_004,81
AGCACCCAGAGGGGTGACCA_005,97
AGCACCCAGAGGGGTGACCA_006,50
AGCACCCAGAGGGGTGACCA_007,48
AGCACCCAGAGGGGTGACCA_008,15
AGCACCCAGAGGGGTGACCA_009,179
AGCACCCAGAGGGGTGACCA_010,135
AGCACCCAGAGGGGTGACCA_011,2
AGCACCCAGAGGGGTGACCA_012,184
AGCACCCAGAGGGGTGACCA_013,23
AGCACCCAGAGGGGTGACCA_014,160
AGCACCCAGAGGGGTGACCA_015,117
AGCACCCAGAGGGGTGACCA_016,27
AGCACCCAGAGGGGTGACCA_017,8
AGCACCCAGAGGGGTGACCA_018,41
AGCACCCAGAGGGGTGACCA_019,69
AGCACCCAGAGGGGTGACCA_020,1
AGCACCCAGAGGGGTGACCA_021,198
AGCACCCAGAGGGGTGACCA_022,72
AGCACCCAGAGGGGTGACCA_023,176
AGCACCCAGAGGGGTGACCA_024,2
AGCACCCAGAGGGGTGACCA_025,84
AGCACCCAGAGGGGTGACCA_026,162
AGCACCCAGAGGGGTGACCA_027,126
AGCACCCAGAGGGGTGACCA_028,152
GTCTAATCTAATAGGTCCCG_001,66
CATCCAAGAACGCACCAGTG_001,72
CATCCAAGAACGCACCAGTG_002,74
CATCCAAGAACGCACCAGTG_003,5
CATCCAAGAACGCACCAGTG_004,34
CATCCAAGAACGCACCAGTG_005,2
CATCCAAGAACGCACCAGTG_006,107
CATCCAAGAACGCACCAGTG_007,169
CATCCAAGAACGCACCAGTG_008,156
CTTACCTGGTCAGGTCAAGG_001,62
CTTACCTGGTCAGGTCAAGG_002,24
CTTACCTGGTCAGGTCAAGG_003,117
CTTACCTGGTCAGGTCAAGG_004,32
CTTACCTGGTCAGGTCAAGG_005,38
CTTACCTGGTCAGGTCAAGG_006,57
CTTACCTGGTCAGGTCAAGG_007,60
CTTACCTGGTCAGGTCAAGG_008,169
CTTACCTGGTCAGGTCAAGG_009,116
CTTACCTGGTCAGGTCAAGG_010,145
CTTACCTGGTCAGGTCAAGG_011,94
CTTACCTGGTCAGGTCAAGG_012,127
CTTACCTGGTCAGGTCAAGG_013,77
CTTACCTGGTCAGGTCAAGG_014,199
CTTACCTGGTCAGGTCAAGG_015,147
CTTACCTGGTCAGGTCAAGG_016,163
CTTACCTGGTCAGGTCAAGG_017,66
GCTGTAGAGACAATACCAGC_001,48
GCTGTAGAGACAATACCAGC_002,88
GCTGTAGAGACAATACCAGC_003,198
GCGACCTGCGGAGCGCAACG_001,145
GCGACCTGCGGAGCGCAACG_002,88
GCGACCTGCGGAGCGCAACG_003,22
GCGACCTGCGGAGCGCAACG_004,105
GCGACCTGCGGAGCGCAACG_005,191
CTGGAGAAGTTCAAGTACGG_001,73
CTGGAGAAGTTCAAGTACGG_002,176
CTGGAGAAGTTCAAGTACGG_003,62
CTGGAGAAGTTCAAGTACGG_004,171
CTGGAGAAGTTCAAGTACGG_005,115
CTGGAGAAGTTCAAGTACGG_006,141
CTGGAGAAGTTCAAGTACGG_007,143
CTGGAGAAGTTCAAGTACGG_008,9
CTGGAGAAGTTCAAGTACGG_009,14
CTGGAGAAGTTCAAGTACGG_010,140
CTGGAGAAGTTCAAGTACGG_011,184
CTGGAGAAGTTCAAGTACGG_012,133
CTGGAGAAGTTCAAGTACGG_013,105
CTGGAGAAGTTCAAGTACGG_014,16
CTGGAGAAGTTCAAGTACGG_015,113
CTGGAGAAGTTCAAGTACGG_016,105
CTGGAGAAGTTCAAGTACGG_017,116
CTGGAGAAGTTCAAGTACGG_018,89
CTGGAGAAGTTCAAGTACGG_019,78
CTGGAGAAGTTCAAGTACGG_020,78
TCCAGTCTCAGGCAACACCA_001,50
TCCAGTCTCAGGCAACACCA_002,85
TCCAGTCTCAGGCAACACCA_003,5
TCCAGTCTCAGGCAACACCA_004,166
TCCAGTCTCAGGCAACACCA_005,49
TCCAGTCTCAGGCAACACCA_006,50
TCCAGTCTCAGGCAACACCA_007,48
TCCAGTCTCAGGCAACACCA_008,138
TCCAGTCTCAGGCAACACCA_009,199
TCCAGTCTCAGGCAACACCA_010,53
TCCAGTCTCAGGCAACACCA_011,180
TCCAGTCTCAGGCAACACCA_012,121
ACAGAAGTACGAGTAAATGT_001,101
ACAGAAGTACGAGTAAATGT_002,147
ACAGAAGTACGAGTAAATGT_003,99
ACAGAAGTACGAGTAAATGT_004,153
CTTGGCTTAAACTTACCAGC_001,96
CTTGGCTTAAACTTACCAGC_002,167
CTTGGCTTAAACTTACCAGC_003,115
CTTGGCTTAAACTTACCAGC_004,77
CTTGGCTTAAACTTACCAGC_005,157
CTTGGCTTAAACTTACCAGC_006,199
CTTGGCTTAAACTTACCAGC_007,107
CTTGGCTTAAACTTACCAGC_008,65
CTTGGCTTAAACTTACCAGC_009,142
CTTGGCTTAAACTTACCAGC_010,72
CTTGGCTTAAACTTACCAGC_011,115
CATAATTGCAGCAAATCACT_001,32
CATAATTGCAGCAAATCACT_002,60
CATAATTGCAGCAAATCACT_003,127
CATAATTGCAGCAAATCACT_004,177
AAAGCCCGCTCACTAGACGA_001,156
AAAGCCCGCTCACTAGACGA_002,15
AAAGCCCGCTCACTAGACGA_003,129
AAAGCCCGCTCACTAGACGA_004,61
AAAGCCCGCTCACTAGACGA_005,194
AAAGCCCGCTCACTAGACGA_006,72
AAAGCCCGCTCACTAGACGA_007,7
AAAGCCCGCTCACTAGACGA_008,41
AAAGCCCGCTCACTAGACGA_009,62
AAAGCCCGCTCACTAGACGA_010,136
AAAGCCCGCTCACTAGACGA_011,136
AAAGCCCGCTCACTAGACGA_012,168
AAAGCCCGCTCACTAGACGA_013,118
AAAGCCCGCTCACTAGACGA_014,9
AGACCCCCTCGTTAACCAAG_001,119
AGACCCCCTCGTTAACCAAG_002,70
AGACCCCCTCGTTAACCAAG_003,62
AGACCCCCTCGTTAACCAAG_004,178
AGACCCCCTCGTTAACCAAG_005,25
AGACCCCCTCGTTAACCAAG_006,88
AGACCCCCTCGTTAACCAAG_007,184
AGACCCCCTCGTTAACCAAG_008,19
AGACCCCCTCGTTAACCAAG_009,33
AGACCCCCTCGTTAACCAAG_010,158
AGACCCCCTCGTTAACCAAG_011,189
AGACCCCCTCGTTAACCAAG_012,120
AGACCCCCTCGTTAACCAAG_013,160
AGACCCCCTCGTTAACCAAG_014,43
AGACCCCCTCGTTAACCAAG_015,186
AGACCCCCTCGTTAACCAAG_016,187
AGACCCCCTCGTTAACCAAG_017,72
AGACCCCCTCGTTAACCAAG_018,20
AGACCCCCTCGTTAACCAAG_019,91
AGACCCCCTCGTTAACCAAG_020,77
AGACCCCCTCGTTAACCAAG_021,1
AGACCCCCTCGTTAACCAAG_022,80
AGACCCCCTCGTTAACCAAG_023,80
AGACCCCCTCGTTAACCAAG_024,170
AGACCCCCTCGTTAACCAAG_025,70
AGACCCCCTCGTTAACCAAG_026,94
AACCCCGGACACTTACCATG_001,127
AACCCCGGACACTTACCATG_002,37
AACCCCGGACACTTACCATG_003,82
AACCCCGGACACTTACCATG_004,120
AACCCCGGACACTTACCATG_005,11
AACCCCGGACACTTACCATG_006,84
AACCCCGGACACTTACCATG_007,185
AACCCCGGACACTTACCATG_008,78
AACCCCGGACACTTACCATG_009,193
AACCCCGGACACTTACCATG_010,139
AACCCCGGACACTTACCATG_011,4
AACCCCGGACACTTACCATG_012,77
AACCCCGGACACTTACCATG_013,34
AACCCCGGACACTTACCATG_014,116
AACCCCGGACACTTACCATG_015,81
AACCCCGGACACTTACCATG_016,121
AACCCCGGACACTTACCATG_017,83
AACCCCGGACACTTACCATG_018,188
AACCCCGGACACTTACCATG_019,130
AACCCCGGACACTTACCATG_020,142
AACCCCGGACACTTACCATG_021,57
AACCCCGGACACTTACCATG_022,69
AACCCCGGACACTTACCATG_023,105
AACCCCGGACACTTACCATG_024,175
AACCCCGGACACTTACCATG_025,12
AACCCCGGACACTTACCATG_026,115
AACCCCGGACACTTACCATG_027,188
AACCCCGGACACTTACCATG_028,89
AACCCCGGACACTTACCATG_029,49
AACCCCGGACACTTACCATG_030,12
AACCCCGGACACTTACCATG_031,184
AACCCCGGACACTTACCATG_032,19
AACCCCGGACACTTACCATG_033,56
AACCCCGGACACTTACCATG_034,166
AACCCCGGACACTTACCATG_035,152
AACCCCGGACACTTACCATG_036,0
AACCCCGGACACTTACCATG_037,137
AACCCCGGACACTTACCATG_038,40
AACCCCGGACACTTACCATG_039,106
CGTTCTCAGGATATCGTGCA_001,181
CATCCCATATGCATTAAGAG_001,115
CATCCCATATGCATTAAGAG_002,81
CATCCCATATGCATTAAGAG_003,57
GACAGTTGGACACACCAGAG_001,140
GACAGTTGGACACACCAGAG_002,12
GACAGTTGGACACACCAGAG_003,25
GACAGTTGGACACACCAGAG_004,127
GACAGTTGGACACACCAGAG_005,169
GACAGTTGGACACACCAGAG_006,149
GACAGTTGGACACACCAGAG_007,41
GACAGTTGGACACACCAGAG_008,147
GACAGTTGGACACACCAGAG_009,5
GACAGTTGGACACACCAGAG_010,49
GACAGTTGGACACACCAGAG_011,32
GACAGTTGGACACACCAGAG_012,138
GACAGTTGGACACACCAGAG_013,75
GACAGTTGGACACACCAGAG_014,38
GACAGTTGGACACACCAGAG_015,140
GACAGTTGGACACACCAGAG_016,140
GACAGTTGGACACACCAGAG_017,76
GACAGTTGGACACACCAGAG_018,146
GACAGTTGGACACACCAGAG_019,1
GACAGTTGGACACACCAGAG_020,145
GACAGTTGGACACACCAGAG_021,38
GACAGTTGGACACACCAGAG_022,115
GACAGTTGGACACACCAGAG_023,178
GACAGTTGGACACACCAGAG_024,19
GACAGTTGGACACACCAGAG_025,199
GACAGTTGGACACACCAGAG_026,121
GACAGTTGGACACACCAGAG_027,83
GACAGTTGGACACACCAGAG_028,50
GTGTCCACCCGAGATACTCT_001,8
GTGTCCACCCGAGATACTCT_002,150
GTGTCCACCCGAGATACTCT_003,35
GTGTCCACCCGAGATACTCT_004,115
GTGTCCACCCGAGATACTCT_005,147
GTGTCCACCCGAGATACTCT_006,135
GTGTCCACCCGAGATACTCT_007,170
GTGTCCACCCGAGATACTCT_008,16
GTGTCCACCCGAGATACTCT_009,57
GTGTCCACCCGAGATACTCT_010,151
GTGTCCACCCGAGATACTCT_011,91
GTGTCCACCCGAGATACTCT_012,199
GTGTCCACCCGAGATACTCT_013,168
GTGTCCACCCGAGATACTCT_014,79
GTGTCCACCCGAGATACTCT_015,62
GTGTCCACCCGAGATACTCT_016,28
GTGTCCACCCGAGATACTCT_017,177
GTGTCCACCCGAGATACTCT_018,106
GTGTCCACCCGAGATACTCT_019,121
TTGTTTCCTGCCCCTAGTCG_001,98
TTGTTTCCTGCCCCTAGTCG_002,33
TTGTTTCCTGCCCCTAGTCG_003,40
TTGTTTCCTGCCCCTAGTCG_004,146
TTGTTTCCTGCCCCTAGTCG_005,139
TTGTTTCCTGCCCCTAGTCG_006,61
TTGTTTCCTGCCCCTAGTCG_007,11
TTGTTTCCTGCCCCTAGTCG_008,56
TTTATATCAGCACTTTGCCG_001,124
TTTATATCAGCACTTTGCCG_002,184
TTTATATCAGCACTTTGCCG_003,88
TTTATATCAGCACTTTGCCG_004,146
TTTATATCAGCACTTTGCCG_005,92
TTTATATCAGCACTTTGCCG_006,14
TTATCCATGGATAGGAAACG_001,187
TTATCCATGGATAGGAAACG_002,2
CTTCAAGGTCATGCTAGTGG_001,165
GTACACGGACGAGAGCACGT_001,197
GTACACGGACGAGAGCACGT_002,149
GTACACGGACGAGAGCACGT_003,99
GTACACGGACGAGAGCACGT_004,22
GTACACGGACGAGAGCACGT_005,191
GTACACGGACGAGAGCACGT_006,183
GTACACGGACGAGAGCACGT_007,66
GTACACGGACGAGAGCACGT_008,148
GTACACGGACGAGAGCACGT_009,170
GTACACGGACGAGAGCACGT_010,184
GTACACGGACGAGAGCACGT_011,103
GTACACGGACGAGAGCACGT_012,16
GTACACGGACGAGAGCACGT_013,92
GTACACGGACGAGAGCACGT_014,150
GTACACGGACGAGAGCACGT_015,82
GGCAGGGCTCAGGGCACTTC_001,17
GGCAGGGCTCAGGGCACTTC_002,54
GGCAGGGCTCAGGGCACTTC_003,70
GGCAGGGCTCAGGGCACTTC_004,169
GGCAGGGCTCAGGGCACTTC_005,11
GGCAGGGCTCAGGGCACTTC_006,59
GGCAGGGCTCAGGGCACTTC_007,144
GGCAGGGCTCAGGGCACTTC_008,88
GGCAGGGCTCAGGGCACTTC_009,62
GGCAGGGCTCAGGGCACTTC_010,82
GGCAGGGCTCAGGGCACTTC_011,144
GGCAGGGCTCAGGGCACTTC_012,78
GGCAGGGCTCAGGGCACTTC_013,37
GGCAGGGCTCAGGGCACTTC_014,68
GGCAGGGCTCAGGGCACTTC_015,20
GGCAGGGCTCAGGGCACTTC_016,168
GGCAGGGCTCAGGGCACTTC_017,4
GGCAGGGCTCAGGGCACTTC_018,137
GGCAGGGCTCAGGGCACTTC_019,76
GGCAGGGCTCAGGGCACTTC_020,29
GGCAGGGCTCAGGGCACTTC_021,104
GGCAGGGCTCAGGGCACTTC_022,126
GGCAGGGCTCAGGGCACTTC_023,88
GGCAGGGCTCAGGGCACTTC_024,192
GGCAGGGCTCAGGGCACTTC_025,87
GGCAGGGCTCAGGGCACTTC_026,129
GGCAGGGCTCAGGGCACTTC_027,19
GGCAGGGCTCAGGGCACTTC_028,64
GGCAGGGCTCAGGGCACTTC_029,65
GGCAGGGCTCAGGGCACTTC_030,115
GGCAGGGCTCAGGGCACTTC_031,115
GGCAGGGCTCAGGGCACTTC_032,63
GGCAGGGCTCAGGGCACTTC_033,9
GGCAGGGCTCAGGGCACTTC_034,18
GGCAGGGCTCAGGGCACTTC_035,184
GGCAGGGCTCAGGGCACTTC_036,135
GGCAGGGCTCAGGGCACTTC_037,6
GGCAGGGCTCAGGGCACTTC_038,16
GGCAGGGCTCAGGGCACTTC_039,40
AGGAGGCACAGATCATTCAG_001,94
AGGAGGCACAGATCATTCAG_002,162
TTTGGAGAAACTCCGTCGGT_001,68
TTTGGAGAAACTCCGTCGGT_002,68
TGGAAGCCTGTGTGATACAG_001,83
TGGAAGCCTGTGTGATACAG_002,176
TGGAAGCCTGTGTGATACAG_003,27
TGGAAGCCTGTGTGATACAG_004,5
TGGAAGCCTGTGTGATACAG_005,115
TGGAAGCCTGTGTGATACAG_006,176
TGGAAGCCTGTGTGATACAG_007,65
TGGAAGCCTGTGTGATACAG_008,76
TGGAAGCCTGTGTGATACAG_009,122
TGGAAGCCTGTGTGATACAG_010,76
TGGAAGCCTGTGTGATACAG_011,80
TGGAAGCCTGTGTGATACAG_012,79
TGGAAGCCTGTGTGATACAG_013,178
TGGAAGCCTGTGTGATACAG_014,70
TGGAAGCCTGTGTGATACAG_015,48
TGGAAGCCTGTGTGATACAG_016,69
TGGAAGCCTGTGTGATACAG_017,115
TGGAAGCCTGTGTGATACAG_018,128
TGGAAGCCTGTGTGATACAG_019,3
AACCTCACGACCGGATCATG_001,112
AACCTCACGACCGGATCATG_002,105
AACCTCACGACCGGATCATG_003,183
AACCTCACGACCGGATCATG_004,135
AACCTCACGACCGGATCATG_005,125
AACCTCACGACCGGATCATG_006,185
AACCTCACGACCGGATCATG_007,147
AACCTCACGACCGGATCATG_008,121
AACCTCACGACCGGATCATG_009,101
AACCTCACGACCGGATCATG_010,66
AACCTCACGACCGGATCATG_011,8
AACCTCACGACCGGATCATG_012,69
AACCTCACGACCGGATCATG_013,20
AACCTCACGACCGGATCATG_014,112
AACCTCACGACCGGATCATG_015,156
AACCTCACGACCGGATCATG_016,88
ACAAAATCTCTCAAATCCGG_001,162
ACAAAATCTCTCAAATCCGG_002,93
ACAAAATCTCTCAAATCCGG_003,34
ACAAAATCTCTCAAATCCGG_004,147
CAGAACCCCAGCGAAGAAGA_001,145
CAGAACCCCAGCGAAGAAGA_002,25
CAGAACCCCAGCGAAGAAGA_003,129
CAGAACCCCAGCGAAGAAGA_004,134
CAGAACCCCAGCGAAGAAGA_005,140
CAGAACCCCAGCGAAGAAGA_006,92
CAGATAGACAGCCCGTCGCA_001,88
CAGATAGACAGCCCGTCGCA_002,145
CAGATAGACAGCCCGTCGCA_003,82
CAGATAGACAGCCCGTCGCA_004,162
CAGATAGACAGCCCGTCGCA_005,174
CAGATAGACAGCCCGTCGCA_006,199
CAGATAGACAGCCCGTCGCA_007,17
CAGATAGACAGCCCGTCGCA_008,90
CAGATAGACAGCCCGTCGCA_009,141
CCAAGATCACATGTGCACCA_001,26
CCAAGATCACATGTGCACCA_002,151
CCAAGATCACATGTGCACCA_003,130
CCAAGATCACATGTGCACCA_004,14
GTTGAGAAGTCTACCAACAA_001,52
GTTGAGAAGTCTACCAACAA_002,168
GTTGAGAAGTCTACCAACAA_003,196
GTTGAGAAGTCTACCAACAA_004,15
GTTGAGAAGTCTACCAACAA_005,17
GTTGAGAAGTCTACCAACAA_006,139
GTTGAGAAGTCTACCAACAA_007,61
GTTGAGAAGTCTACCAACAA_008,3
GTTGAGAAGTCTACCAACAA_009,105
GTTGAGAAGTCTACCAACAA_010,48
GTTGAGAAGTCTACCAACAA_011,62
GTTGAGAAGTCTACCAACAA_012,101
GTTGAGAAGTCTACCAACAA_013,198
CATTGGCTCACAATCTACAC_001,90
CTGAACAGATACGGGACGTG_001,5
CTGAACAGATACGGGACGTG_002,198
CTGAACAGATACGGGACGTG_003,144
CTGAACAGATACGGGACGTG_004,117
CTGAACAGATACGGGACGTG_005,8
CTGAACAGATACGGGACGTG_006,184
CTGAACAGATACGGGACGTG_007,127
CTGAACAGATACGGGACGTG_008,49
CTGAACAGATACGGGACGTG_009,161
GATGGGGAGTTGTAATCACG_001,142
GATGGGGAGTTGTAATCACG_002,19
GATGGGGAGTTGTAATCACG_003,44
GATGGGGAGTTGTAATCACG_004,147
GATGGGGAGTTGTAATCACG_005,70
GATGGGGAGTTGTAATCACG_006,115
GATGGGGAGTTGTAATCACG_007,98
CGAGGGGCCTTAGTCACTGT_001,8
CGAGGGGCCTTAGTCACTGT_002,29
CGAGGGGCCTTAGTCACTGT_003,8
CGAGGGGCCTTAGTCACTGT_004,75
CGAGGGGCCTTAGTCACTGT_005,152
CGAGGGGCCTTAGTCACTGT_006,3
CGAGGGGCCTTAGTCACTGT_007,120
CGAGGGGCCTTAGTCACTGT_008,29
CGAGGGGCCTTAGTCACTGT_009,185
CGAGGGGCCTTAGTCACTGT_010,27
CGAGGGGCCTTAGTCACTGT_011,129
CGAGGGGCCTTAGTCACTGT_012,68
CGAGGGGCCTTAGTCACTGT_013,125
CGAGGGGCCTTAGTCACTGT_014,59
CGAGGGGCCTTAGTCACTGT_015,102
GGAAGTCATCAGCAGCCAGA_001,43
GGAAGTCATCAGCAGCCAGA_002,172
GGAAGTCATCAGCAGCCAGA_003,8
GGAAGTCATCAGCAGCCAGA_004,72
GGAAGTCATCAGCAGCCAGA_005,106
GGAAGTCATCAGCAGCCAGA_006,151
GGAAGTCATCAGCAGCCAGA_007,194
GGAAGTCATCAGCAGCCAGA_008,42
GGAAGTCATCAGCAGCCAGA_009,35
GGAAGTCATCAGCAGCCAGA_010,27
GGAAGTCATCAGCAGCCAGA_011,125
GGAAGTCATCAGCAGCCAGA_012,98
GGAAGTCATCAGCAGCCAGA_013,166
GGAAGTCATCAGCAGCCAGA_014,174
GGAAGTCATCAGCAGCCAGA_015,1
GGAAGTCATCAGCAGCCAGA_016,187
GGAAGTCATCAGCAGCCAGA_017,105
GGAAGTCATCAGCAGCCAGA_018,180
GGAAGTCATCAGCAGCCAGA_019,124
GGAAGTCATCAGCAGCCAGA_020,77
GGAAGTCATCAGCAGCCAGA_021,103
GGAAGTCATCAGCAGCCAGA_022,137
GGAAGTCATCAGCAGCCAGA_023,158
GGAAGTCATCAGCAGCCAGA_024,105
ACTGAGATTTCCTTCATACT_001,72
ACTGAGATTTCCTTCATACT_002,169
GTCAGGCGGGATCCCGCAGG_001,70
GTCAGGCGGGATCCCGCAGG_002,77
GTCAGGCGGGATCCCGCAGG_003,77
GTCAGGCGGGATCCCGCAGG_004,76
GTCAGGCGGGATCCCGCAGG_005,94
GTCAGGCGGGATCCCGCAGG_006,48
TCCAGTAAGTCATGAGCATG_001,163
TCCAGTAAGTCATGAGCATG_002,154
TCCAGTAAGTCATGAGCATG_003,116
TCCAGTAAGTCATGAGCATG_004,32
TCCAGTAAGTCATGAGCATG_005,42
TCCAGTAAGTCATGAGCATG_006,188
TCCAGTAAGTCATGAGCATG_007,104
TCCAGTAAGTCATGAGCATG_008,69
TCCAGTAAGTCATGAGCATG_009,29
TCCAGTAAGTCATGAGCATG_010,161
TCCAGTAAGTCATGAGCATG_011,121
TCCAGTAAGTCATGAGCATG_012,5
TCCAGTAAGTCATGAGCATG_013,129
TCCAGTAAGTCATGAGCATG_014,91
TCCAGTAAGTCATGAGCATG_015,15
TCCAGTAAGTCATGAGCATG_016,28
ATGCTAAAAGATGACAGACT_001,69
ATGCTAAAAGATGACAGACT_002,183
ATGCTAAAAGATGACAGACT_003,176
ATGCTAAAAGATGACAGACT_004,116
ATGGCGTAGAGTTTGTAGAG_001,94
ATGGCGTAGAGTTTGTAGAG_002,191
ATGGCGTAGAGTTTGTAGAG_003,174
ATGGCGTAGAGTTTGTAGAG_004,9
ATGGCGTAGAGTTTGTAGAG_005,19
ATGGCGTAGAGTTTGTAGAG_006,31
ATGGCGTAGAGTTTGTAGAG_007,141
ATGGCGTAGAGTTTGTAGAG_008,71
ATGGCGTAGAGTTTGTAGAG_009,91
ATGGCGTAGAGTTTGTAGAG_010,103
ATGGCGTAGAGTTTGTAGAG_011,145
ATGGCGTAGAGTTTGTAGAG_012,198
ATGGCGTAGAGTTTGTAGAG_013,15
ATGGCGTAGAGTTTGTAGAG_014,150
ATGGCGTAGAGTTTGTAGAG_015,41
ATGGCGTAGAGTTTGTAGAG_016,144
ATGGCGTAGAGTTTGTAGAG_017,89
ACGTCCATACTGTCGGCTAC_001,195
ACGTCCATACTGTCGGCTAC_002,103
ACGTCCATACTGTCGGCTAC_003,164
ACGTCCATACTGTCGGCTAC_004,174
ACGTCCATACTGTCGGCTAC_005,4
ACGTCCATACTGTCGGCTAC_006,55
ACGTCCATACTGTCGGCTAC_007,145
ACGTCCATACTGTCGGCTAC_008,110
ACGTCCATACTGTCGGCTAC_009,158
ACGTCCATACTGTCGGCTAC_010,141
ACGTCCATACTGTCGGCTAC_011,81
ACGTCCATACTGTCGGCTAC_012,158
CCTTTATAGAGGTTTCTGAG_001,103
CCTTTATAGAGGTTTCTGAG_002,82
TAAGAGGTCAGACGAACGTG_001,184
TAAGAGGTCAGACGAACGTG_002,9
TAAGAGGTCAGACGAACGTG_003,56
TAAGAGGTCAGACGAACGTG_004,87
TAAGAGGTCAGACGAACGTG_005,87
TAAGAGGTCAGACGAACGTG_006,41
GGTGAGCGTGTGATTGGGCG_001,197
GGTGAGCGTGTGATTGGGCG_002,83
GGTGAGCGTGTGATTGGGCG_003,130
GGTGAGCGTGTGATTGGGCG_004,58
GGTGAGCGTGTGATTGGGCG_005,3
GGTGAGCGTGTGATTGGGCG_006,41
GAACTGACAGAATGTTACGC_001,12
GAACTGACAGAATGTTACGC_002,58
GAACTGACAGAATGTTACGC_003,95
GAACTGACAGAATGTTACGC_004,155
GAACTGACAGAATGTTACGC_005,192
GAACTGACAGAATGTTACGC_006,116
GAACTGACAGAATGTTACGC_007,96
GAACTGACAGAATGTTACGC_008,130
GAACTGACAGAATGTTACGC_009,81
GAACTGACAGAATGTTACGC_010,124
TAAATTATACTCACTCTGAG_001,27
CCCATGCACATGCAACCATG_001,127
CCCATGCACATGCAACCATG_002,176
CCCATGCACATGCAACCATG_003,115
CCCATGCACATGCAACCATG_004,129
CCCATGCACATGCAACCATG_005,172
CCCATGCACATGCAACCATG_006,178
ACCTGCAAACAAATACCCCC_001,160
ACCTGCAAACAAATACCCCC_002,53
ACCTGCAAACAAATACCCCC_003,137
ACCTGCAAACAAATACCCCC_004,140
TCCATTCTAGATGCGTCCGG_001,62
TCCATTCTAGATGCGTCCGG_002,57
TCCATTCTAGATGCGTCCGG_003,185
TCCATTCTAGATGCGTCCGG_004,76
TCCATTCTAGATGCGTCCGG_005,146
TCTATCAACATATCCCGTGA_001,106
AGAATGCCATCTAGTTAGTA_001,88
AGAATGCCATCTAGTTAGTA_002,100
AGAATGCCATCTAGTTAGTA_003,127
AGAATGCCATCTAGTTAGTA_004,140
AGAATGCCATCTAGTTAGTA_005,108
AGAATGCCATCTAGTTAGTA_006,192
AGAATGCCATCTAGTTAGTA_007,48
AGAATGCCATCTAGTTAGTA_008,197
AGAATGCCATCTAGTTAGTA_009,28
AGAATGCCATCTAGTTAGTA_010,77
AGAATGCCATCTAGTTAGTA_011,169
AGAATGCCATCTAGTTAGTA_012,76
AGAATGCCATCTAGTTAGTA_013,17
AGAATGCCATCTAGTTAGTA_014,27
AGAATGCCATCTAGTTAGTA_015,144
GCATGAAGTAGTCTCTTGCG_001,41
GCATGAAGTAGTCTCTTGCG_002,192
GCATGAAGTAGTCTCTTGCG_003,70
GCATGAAGTAGTCTCTTGCG_004,188
GCATGAAGTAGTCTCTTGCG_005,175
GCATGAAGTAGTCTCTTGCG_006,129
GCATGAAGTAGTCTCTTGCG_007,16
TAGGTAGGGCACGTAATGAG_001,141
TAGGTAGGGCACGTAATGAG_002,172
TAGGTAGGGCACGTAATGAG_003,62
TAGGTAGGGCACGTAATGAG_004,174
TAGGTAGGGCACGTAATGAG_005,1
TAGGTAGGGCACGTAATGAG_006,32
TAGGTAGGGCACGTAATGAG_007,39
TAGGTAGGGCACGTAATGAG_008,138
TAGGTAGGGCACGTAATGAG_009,106
TAGGTAGGGCACGTAATGAG_010,19
TAGGTAGGGCACGTAATGAG_011,6
CCTCAAGAAGTGGAACGCGG_001,196
CCTCAAGAAGTGGAACGCGG_002,185
CCTCAAGAAGTGGAACGCGG_003,58
CCTCAAGAAGTGGAACGCGG_004,155
CCTCAAGAAGTGGAACGCGG_005,93
CCTCAAGAAGTGGAACGCGG_006,55
CCTCAAGAAGTGGAACGCGG_007,57
CCTCAAGAAGTGGAACGCGG_008,123
CCTCAAGAAGTGGAACGCGG_009,162
CCTCAAGAAGTGGAACGCGG_010,140
CCTCAAGAAGTGGAACGCGG_011,132
CCTCAAGAAGTGGAACGCGG_012,48
CCTCAAGAAGTGGAACGCGG_013,14
CCTCAAGAAGTGGAACGCGG_014,32
CCTCAAGAAGTGGAACGCGG_015,90
CCTCAAGAAGTGGAACGCGG_016,147
CCTCAAGAAGTGGAACGCGG_017,3
CCTCAAGAAGTGGAACGCGG_018,140
GAAGAAATTCAATGCTCGGA_001,188
GAAGAAATTCAATGCTCGGA_002,41
GAAGAAATTCAATGCTCGGA_003,45
GAAGAAATTCAATGCTCGGA_004,12
GAAGAAATTCAATGCTCGGA_005,130
GAAGAAATTCAATGCTCGGA_006,10
GAAGAAATTCAATGCTCGGA_007,162
GAAGAAATTCAATGCTCGGA_008,190
GAAGAAATTCAATGCTCGGA_009,168
AAGAAACTAACAAGAAAGAA_001,154
AAGAAACTAACAAGAAAGAA_002,186
TAACCGATACTCCCCACATT_001,2
TAACCGATACTCCCCACATT_002,40
CGCACCGGGCCTCACCTTGG_001,2
ACAAGTCATACGGCTAGCAG_001,78
ACAAGTCATACGGCTAGCAG_002,48
ACAAGTCATACGGCTAGCAG_003,65
ACAAGTCATACGGCTAGCAG_004,78
ACAAGTCATACGGCTAGCAG_005,151
ACAAGTCATACGGCTAGCAG_006,166
ACAAGTCATACGGCTAGCAG_007,52
CCAGCAGAAGTCCGTCACCG_001,78
CCAGCAGAAGTCCGTCACCG_002,48
CCAGCAGAAGTCCGTCACCG_003,190
CCAGCAGAAGTCCGTCACCG_004,5
CCAGCAGAAGTCCGTCACCG_005,142
CCAGCAGAAGTCCGTCACCG_006,147
CCAGCAGAAGTCCGTCACCG_007,61
CCAGCAGAAGTCCGTCACCG_008,163
CCAGCAGAAGTCCGTCACCG_009,180
CCAGCAGAAGTCCGTCACCG_010,6
CCAGCAGAAGTCCGTCACCG_011,36
CCAGCAGAAGTCCGTCACCG_012,41
CCAGCAGAAGTCCGTCACCG_013,114
CCAGCAGAAGTCCGTCACCG_014,158
CCAGCAGAAGTCCGTCACCG_015,4
CCAGCAGAAGTCCGTCACCG_016,4
CCAGCAGAAGTCCGTCACCG_017,91
CCAGCAGAAGTCCGTCACCG_018,11
CCAGCAGAAGTCCGTCACCG_019,34
CCAGCAGAAGTCCGTCACCG_020,121
CCAGCAGAAGTCCGTCACCG_021,149
CCAGCAGAAGTCCGTCACCG_022,127
CCAGCAGAAGTCCGTCACCG_023,60
CCAGCAGAAGTCCGTCACCG_024,150
CCAGCAGAAGTCCGTCACCG_025,8
CCAGCAGAAGTCCGTCACCG_026,64
CCAGCAGAAGTCCGTCACCG_027,169
CCAGCAGAAGTCCGTCACCG_028,109
CCAGCAGAAGTCCGTCACCG_029,109
CCAGCAGAAGTCCGTCACCG_030,82
CCAGCAGAAGTCCGTCACCG_031,166
CCAGCAGAAGTCCGTCACCG_032,39
CCAGCAGAAGTCCGTCACCG_033,5
CCAGCAGAAGTCCGTCACCG_034,182
CCAGCAGAAGTCCGTCACCG_035,182
CCAGCAGAAGTCCGTCACCG_036,177
CCAGCAGAAGTCCGTCACCG_037,172
GCAACTCGAGATACACTCTG_001,170
GCAACTCGAGATACACTCTG_002,102
GCAACTCGAGATACACTCTG_003,87
GCAACTCGAGATACACTCTG_004,12
GCAACTCGAGATACACTCTG_005,129
GCAACTCGAGATACACTCTG_006,8
GCAACTCGAGATACACTCTG_007,115
GCAACTCGAGATACACTCTG_008,136
GCAACTCGAGATACACTCTG_009,6
TATGGACCTGGATTCAAGCA_001,199
TATGGACCTGGATTCAAGCA_002,126
TATGGACCTGGATTCAAGCA_003,103
TATGGACCTGGATTCAAGCA_004,141
TATGGACCTGGATTCAAGCA_005,11
TATGGACCTGGATTCAAGCA_006,182
TTCCTACCTCCTAACCCTAG_001,177
TTCCTACCTCCTAACCCTAG_002,125
TTCCTACCTCCTAACCCTAG_003,181
TTCCTACCTCCTAACCCTAG_004,50
TTCCTACCTCCTAACCCTAG_005,58
TTCCTACCTCCTAACCCTAG_006,162
TTCCTACCTCCTAACCCTAG_007,165
TTCCTACCTCCTAACCCTAG_008,185
TTCCTACCTCCTAACCCTAG_009,56
TTCCTACCTCCTAACCCTAG_010,188
GCTTCGCTGGCAGGACCTCA_001,172
GCTTCGCTGGCAGGACCTCA_002,49
GCTTCGCTGGCAGGACCTCA_003,179
GCTTCGCTGGCAGGACCTCA_004,27
GCTTCGCTGGCAGGACCTCA_005,139
GCTTCGCTGGCAGGACCTCA_006,6
GCTTCGCTGGCAGGACCTCA_007,172
GCTTCGCTGGCAGGACCTCA_008,108
GCTTCGCTGGCAGGACCTCA_009,47
GCTTCGCTGGCAGGACCTCA_010,22
GCTTCGCTGGCAGGACCTCA_011,85
GCTTCGCTGGCAGGACCTCA_012,147
GCTTCGCTGGCAGGACCTCA_013,105
GCTTCGCTGGCAGGACCTCA_014,87
GCTTCGCTGGCAGGACCTCA_015,122
GCTTCGCTGGCAGGACCTCA_016,85
GCTTCGCTGGCAGGACCTCA_017,101
GCTTCGCTGGCAGGACCTCA_018,172
GCTTCGCTGGCAGGACCTCA_019,127
GCTTCGCTGGCAGGACCTCA_020,182
GCTTCGCTGGCAGGACCTCA_021,48
GCTTCGCTGGCAGGACCTCA_022,77
GCTTCGCTGGCAGGACCTCA_023,28
GCTTCGCTGGCAGGACCTCA_024,94
GCTTCGCTGGCAGGACCTCA_025,136
GCTTCGCTGGCAGGACCTCA_026,20
TTCAGCGGAATTACTGCACG_001,121
TTCAGCGGAATTACTGCACG_002,172
TTCAGCGGAATTACTGCACG_003,199
GCACAAGAACTATCTACGTG_001,77
GCACAAGAACTATCTACGTG_002,172
GCACAAGAACTATCTACGTG_003,139
GCACAAGAACTATCTACGTG_004,149
GCACAAGAACTATCTACGTG_005,3
GCACAAGAACTATCTACGTG_006,116
AAAATGTATGTGTTCATCCG_001,47
AAAATGTATGTGTTCATCCG_002,84
AAAATGTATGTGTTCATCCG_003,174
AAAATGTATGTGTTCATCCG_004,103
AAAATGTATGTGTTCATCCG_005,134
AAAATGTATGTGTTCATCCG_006,19
AAAATGTATGTGTTCATCCG_007,160
AAAATGTATGTGTTCATCCG_008,76
CCGTCAGTGTCACTTACGCA_001,161
CCGTCAGTGTCACTTACGCA_002,100
CCGTCAGTGTCACTTACGCA_003,177
GCGGCGCACGGGTCGTAGCG_001,166
GCGGCGCACGGGTCGTAGCG_002,162
GCGGCGCACGGGTCGTAGCG_003,132
GCGGCGCACGGGTCGTAGCG_004,78
GCGGCGCACGGGTCGTAGCG_005,193
GCGGCGCACGGGTCGTAGCG_006,44
GCGGCGCACGGGTCGTAGCG_007,3
GCGGCGCACGGGTCGTAGCG_008,79
GCGGCGCACGGGTCGTAGCG_009,77
GGAGACTCACTAGAGGCACG_001,24
GGAGACTCACTAGAGGCACG_002,96
GGAGACTCACTAGAGGCACG_003,163
GGAGACTCACTAGAGGCACG_004,117
GGCGACTAGATAAAGTCCGA_001,123
GGCGACTAGATAAAGTCCGA_002,197
GGCGACTAGATAAAGTCCGA_003,167
GGCGACTAGATAAAGTCCGA_004,115
GGCGACTAGATAAAGTCCGA_005,164
GTGGGCGAGGGAATAGTCAG_001,52
GTGGGCGAGGGAATAGTCAG_002,162
GTGGGCGAGGGAATAGTCAG_003,177
GTGGGCGAGGGAATAGTCAG_004,42
GTGGGCGAGGGAATAGTCAG_005,106
GTGGGCGAGGGAATAGTCAG_006,106
GTGGGCGAGGGAATAGTCAG_007,191
GTGGGCGAGGGAATAGTCAG_008,63
GTGGGCGAGGGAATAGTCAG_009,161
TGAGGTGAGCCAGAAGATCG_001,169
TGAGGTGAGCCAGAAGATCG_002,171
TGAGGTGAGCCAGAAGATCG_003,48
TGAGGTGAGCCAGAAGATCG_004,42
TGAGGTGAGCCAGAAGATCG_005,60
TGAGGTGAGCCAGAAGATCG_006,15
TGAGGTGAGCCAGAAGATCG_007,181
TGAGGTGAGCCAGAAGATCG_008,35
TGAGGTGAGCCAGAAGATCG_009,146
TGAGGTGAGCCAGAAGATCG_010,140
TGAGGTGAGCCAGAAGATCG_011,28
TGAGGTGAGCCAGAAGATCG_012,29
TGAGGTGAGCCAGAAGATCG_013,67
TGAGGTGAGCCAGAAGATCG_014,107
TGAGGTGAGCCAGAAGATCG_015,117
TGAGGTGAGCCAGAAGATCG_016,65
TGAGGTGAGCCAGAAGATCG_017,76
TGAGGTGAGCCAGAAGATCG_018,48
TGAGGTGAGCCAGAAGATCG_019,168
TGAGGTGAGCCAGAAGATCG_020,129
TGAGGTGAGCCAGAAGATCG_021,163
TGAGGTGAGCCAGAAGATCG_022,147
TGAGGTGAGCCAGAAGATCG_023,48
TGAGGTGAGCCAGAAGATCG_024,104
TGAGGTGAGCCAGAAGATCG_025,170
TGAGGTGAGCCAGAAGATCG_026,171
TGAGGTGAGCCAGAAGATCG_027,152
TGAGGTGAGCCAGAAGATCG_028,90
TGAGGTGAGCCAGAAGATCG_029,152
TGAGGTGAGCCAGAAGATCG_030,63
TGAGGTGAGCCAGAAGATCG_031,63
TGAGGTGAGCCAGAAGATCG_032,63
TGAGGTGAGCCAGAAGATCG_033,115
TGAGGTGAGCCAGAAGATCG_034,82
TGAGGTGAGCCAGAAGATCG_035,17
CATAACAAGACATATAGACA_001,70
CATAACAAGACATATAGACA_002,42
CATAACAAGACATATAGACA_003,83
GAACTGGTAGTTGACATACG_001,152
GAACTGGTAGTTGACATACG_002,60
GAACTGGTAGTTGACATACG_003,82
GAACTGGTAGTTGACATACG_004,160
GAACTGGTAGTTGACATACG_005,108
GAACTGGTAGTTGACATACG_006,49
GAACTGGTAGTTGACATACG_007,191
GAACTGGTAGTTGACATACG_008,66
GAACTGGTAGTTGACATACG_009,178
GAACTGGTAGTTGACATACG_010,14
GAACTGGTAGTTGACATACG_011,136
TTGCGTGTGTCCACAAACCC_001,156
TTGCGTGTGTCCACAAACCC_002,76
TTGCGTGTGTCCACAAACCC_003,113
AAGCTTACAGGATGGAACCA_001,14
AAGCTTACAGGATGGAACCA_002,47
AAGCTTACAGGATGGAACCA_003,157
AAGCTTACAGGATGGAACCA_004,150
AAGCTTACAGGATGGAACCA_005,82
AAGCTTACAGGATGGAACCA_006,169
AAGCTTACAGGATGGAACCA_007,147
AAGCTTACAGGATGGAACCA_008,55
AAGCTTACAGGATGGAACCA_009,117
AAGCTTACAGGATGGAACCA_010,149
AAGCTTACAGGATGGAACCA_011,16
AAGCTTACAGGATGGAACCA_012,9
CCCAGAACAAAGACGCCGTG_001,160
CCCAGAACAAAGACGCCGTG_002,189
CCCAGAACAAAGACGCCGTG_003,41
CCCAGAACAAAGACGCCGTG_004,81
CCCAGAACAAAGACGCCGTG_005,172
CCCAGAACAAAGACGCCGTG_006,67
CCCAGAACAAAGACGCCGTG_007,107
CCCAGAACAAAGACGCCGTG_008,54
CCCAGAACAAAGACGCCGTG_009,117
CCCAGAACAAAGACGCCGTG_010,191
CCCAGAACAAAGACGCCGTG_011,86
CCCAGAACAAAGACGCCGTG_012,28
CCCAGAACAAAGACGCCGTG_013,10
CCCAGAACAAAGACGCCGTG_014,126
CGTTCCAACTAGGATGATGG_001,19
CGTTCCAACTAGGATGATGG_002,144
CGTTCCAACTAGGATGATGG_003,127
CGTTCCAACTAGGATGATGG_004,147
CGTTCCAACTAGGATGATGG_005,50
CGTTCCAACTAGGATGATGG_006,176
CGTTCCAACTAGGATGATGG_007,1
CGTTCCAACTAGGATGATGG_008,1
CGTTCCAACTAGGATGATGG_009,176
CGTTCCAACTAGGATGATGG_010,60
CGTTCCAACTAGGATGATGG_011,70
CGTTCCAACTAGGATGATGG_012,194
CGTTCCAACTAGGATGATGG_013,15
GCTCCAACAACTCTTCAGCT_001,66
GCTCCAACAACTCTTCAGCT_002,130
GCTCCAACAACTCTTCAGCT_003,41
GCTCCAACAACTCTTCAGCT_004,144
GCTCCAACAACTCTTCAGCT_005,159
GCTCCAACAACTCTTCAGCT_006,26
GCTCCAACAACTCTTCAGCT_007,49
GCTCCAACAACTCTTCAGCT_008,93
ATGATAGTGGTGTAGCGGAG_001,90
ATGATAGTGGTGTAGCGGAG_002,149
ATGATAGTGGTGTAGCGGAG_003,81
ATGATAGTGGTGTAGCGGAG_004,78
ATGATAGTGGTGTAGCGGAG_005,82
ATGATAGTGGTGTAGCGGAG_006,198
ATGATAGTGGTGTAGCGGAG_007,199
ATGATAGTGGTGTAGCGGAG_008,150
ATGATAGTGGTGTAGCGGAG_009,56
ATGATAGTGGTGTAGCGGAG_010,149
ATGATAGTGGTGTAGCGGAG_011,169
ATGATAGTGGTGTAGCGGAG_012,137
ATGATAGTGGTGTAGCGGAG_013,167
ATGATAGTGGTGTAGCGGAG_014,103
ATGATAGTGGTGTAGCGGAG_015,128
ATGATAGTGGTGTAGCGGAG_016,84
ATGATAGTGGTGTAGCGGAG_017,55
CGGTGAGCCCGAGGAGAGGA_001,102
CGGTGAGCCCGAGGAGAGGA_002,96
CGGTGAGCCCGAGGAGAGGA_003,29
CGGTGAGCCCGAGGAGAGGA_004,150
CGGTGAGCCCGAGGAGAGGA_005,178
CGGTGAGCCCGAGGAGAGGA_006,106
CGGTGAGCCCGAGGAGAGGA_007,172
ATTTCCACAAAATCACCTTG_001,191
ATTTCCACAAAATCACCTTG_002,130
ATTTCCACAAAATCACCTTG_003,192
ATTTCCACAAAATCACCTTG_004,169
ATTTCCACAAAATCACCTTG_005,36
AAGTCTCACCATCGTCCGTG_001,157
AAGTCTCACCATCGTCCGTG_002,2
AAGTCTCACCATCGTCCGTG_003,170
AAGTCTCACCATCGTCCGTG_004,48
AAGTCTCACCATCGTCCGTG_005,127
AAGTCTCACCATCGTCCGTG_006,185
AAGTCTCACCATCGTCCGTG_007,160
AAGTCTCACCATCGTCCGTG_008,160
AAGTCTCACCATCGTCCGTG_009,61
AAGTCTCACCATCGTCCGTG_010,49
AAGTCTCACCATCGTCCGTG_011,63
AAGTCTCACCATCGTCCGTG_012,36
CTCTCGCAATGACGCCATCG_001,184
CTCTCGCAATGACGCCATCG_002,56
CTCTCGCAATGACGCCATCG_003,105
CTCTCGCAATGACGCCATCG_004,105
CTCTCGCAATGACGCCATCG_005,41
CTCTCGCAATGACGCCATCG_006,87
CTCTCGCAATGACGCCATCG_007,172
CTCTCGCAATGACGCCATCG_008,144
CTCTCGCAATGACGCCATCG_009,188
CTCTCGCAATGACGCCATCG_010,52
CTCTCGCAATGACGCCATCG_011,194
CACGAACCAGCGCCGGTGGT_001,63
CACGAACCAGCGCCGGTGGT_002,48
CACGAACCAGCGCCGGTGGT_003,50
CACGAACCAGCGCCGGTGGT_004,68
CACGAACCAGCGCCGGTGGT_005,173
AGACGGGTAGTCACTTAGCA_001,97
AGACGGGTAGTCACTTAGCA_002,88
AGACGGGTAGTCACTTAGCA_003,176
AGACGGGTAGTCACTTAGCA_004,83
AGATTTATTTAGTCAACGAG_001,14
AGATTTATTTAGTCAACGAG_002,75
AGATTTATTTAGTCAACGAG_003,13
AGATTTATTTAGTCAACGAG_004,147
GGTTTCACACACCGTCACGA_001,169
GGTTTCACACACCGTCACGA_002,172
GGTTTCACACACCGTCACGA_003,55
GGTTTCACACACCGTCACGA_004,130
GGAATACAGACTGTAGTCGT_001,77
GGAATACAGACTGTAGTCGT_002,16
GGAATACAGACTGTAGTCGT_003,95
GGAATACAGACTGTAGTCGT_004,96
GGAATACAGACTGTAGTCGT_005,158
GGAATACAGACTGTAGTCGT_006,35
GGAATACAGACTGTAGTCGT_007,150
TGACTGCTGATATCCGACAA_001,28
GGGCCACAAACAACTCCTAG_001,140
GGGCCACAAACAACTCCTAG_002,88
GGGCCACAAACAACTCCTAG_003,22
GGGCCACAAACAACTCCTAG_004,72
GGGCCACAAACAACTCCTAG_005,153
TCTGATCTGTACACTCATGG_001,81
TCTGATCTGTACACTCATGG_002,72
ACTCTACGAATGGTTACCGA_001,120
ACTCTACGAATGGTTACCGA_002,160
ACTCTACGAATGGTTACCGA_003,133
AGCTTGCCAGGATCATAACA_001,2
AGCTTGCCAGGATCATAACA_002,65
AGCTTGCCAGGATCATAACA_003,190
AGCTTGCCAGGATCATAACA_004,147
AGCTTGCCAGGATCATAACA_005,186
AGCTTGCCAGGATCATAACA_006,50
AGCTTGCCAGGATCATAACA_007,91
AGCTTGCCAGGATCATAACA_008,166
AGCTTGCCAGGATCATAACA_009,184
GGCGCCTACACCACGGCGGT_001,198
GGCGCCTACACCACGGCGGT_002,29
GGCGCCTACACCACGGCGGT_003,78
GGCGCCTACACCACGGCGGT_004,29
GGCGCCTACACCACGGCGGT_005,127
GGCGCCTACACCACGGCGGT_006,65
GGCGCCTACACCACGGCGGT_007,57
GGCGCCTACACCACGGCGGT_008,124
CGTGCCCGAGACCCGAGAAG_001,172
CGTGCCCGAGACCCGAGAAG_002,1
CGTGCCCGAGACCCGAGAAG_003,53
CGTGCCCGAGACCCGAGAAG_004,19
CGTGCCCGAGACCCGAGAAG_005,155
CGTGCCCGAGACCCGAGAAG_006,41
CGTGCCCGAGACCCGAGAAG_007,5
CGTGCCCGAGACCCGAGAAG_008,25
CGTGCCCGAGACCCGAGAAG_009,150
CGTGCCCGAGACCCGAGAAG_010,76
CGTGCCCGAGACCCGAGAAG_011,198
CGTGCCCGAGACCCGAGAAG_012,41
CGTGCCCGAGACCCGAGAAG_013,78
CGTGCCCGAGACCCGAGAAG_014,166
CGTGCCCGAGACCCGAGAAG_015,197
CGTGCCCGAGACCCGAGAAG_016,194
CGTGCCCGAGACCCGAGAAG_017,151
CGTGCCCGAGACCCGAGAAG_018,119
CGTGCCCGAGACCCGAGAAG_019,137
CGTGCCCGAGACCCGAGAAG_020,49
CGTGCCCGAGACCCGAGAAG_021,149
TTAGCCCTCGATTGGTTGCG_001,15
TTAGCCCTCGATTGGTTGCG_002,191
TTAGCCCTCGATTGGTTGCG_003,127
TTAGCCCTCGATTGGTTGCG_004,127
TTAGCCCTCGATTGGTTGCG_005,5
TTAGCCCTCGATTGGTTGCG_006,16
TTAGCCCTCGATTGGTTGCG_007,40
TTAGCCCTCGATTGGTTGCG_008,17
TTAGCCCTCGATTGGTTGCG_009,88
TTAGCCCTCGATTGGTTGCG_010,134
TTAGCCCTCGATTGGTTGCG_011,0
TTAGCCCTCGATTGGTTGCG_012,95
TTAGCCCTCGATTGGTTGCG_013,92
TTAGCCCTCGATTGGTTGCG_014,7
TTAGCCCTCGATTGGTTGCG_015,132
TTAGCCCTCGATTGGTTGCG_016,139
TTAGCCCTCGATTGGTTGCG_017,78
TTAGCCCTCGATTGGTTGCG_018,85
TTAGCCCTCGATTGGTTGCG_019,172
TTAGCCCTCGATTGGTTGCG_020,96
TTAGCCCTCGATTGGTTGCG_021,158
TTAGCCCTCGATTGGTTGCG_022,17
TTAGCCCTCGATTGGTTGCG_023,175
TTAGCCCTCGATTGGTTGCG_024,60
TTAGCCCTCGATTGGTTGCG_025,88
TTAGCCCTCGATTGGTTGCG_026,58
TTAGCCCTCGATTGGTTGCG_027,47
TTAGCCCTCGATTGGTTGCG_028,44
TTAGCCCTCGATTGGTTGCG_029,68
TTAGCCCTCGATTGGTTGCG_030,197
TTAGCCCTCGATTGGTTGCG_031,134
TTAGCCCTCGATTGGTTGCG_032,81
TTAGCCCTCGATTGGTTGCG_033,46
TTAGCCCTCGATTGGTTGCG_034,10
TTAGCCCTCGATTGGTTGCG_035,82
TTAGCCCTCGATTGGTTGCG_036,61
TTAGCCCTCGATTGGTTGCG_037,23
TTAGCCCTCGATTGGTTGCG_038,1
TTAGCCCTCGATTGGTTGCG_039,168
TTAGCCCTCGATTGGTTGCG_040,62
TTAGCCCTCGATTGGTTGCG_041,62
TTAGCCCTCGATTGGTTGCG_042,106
TTAGCCCTCGATTGGTTGCG_043,106
TTAGCCCTCGATTGGTTGCG_044,43
TTAGCCCTCGATTGGTTGCG_045,49
CAGGATCGGCCTCTACGACA_001,171
CAGGATCGGCCTCTACGACA_002,162
CAGGATCGGCCTCTACGACA_003,41
CAGGATCGGCCTCTACGACA_004,127
CAGGATCGGCCTCTACGACA_005,150
CATCGACATCTTCGGGCGCA_001,194
CATCGACATCTTCGGGCGCA_002,145
CATCGACATCTTCGGGCGCA_003,69
CATCGACATCTTCGGGCGCA_004,144
CATCGACATCTTCGGGCGCA_005,26
ACAAGCGGGTCACAAGACGA_001,35
ACAAGCGGGTCACAAGACGA_002,80
ACAAGCGGGTCACAAGACGA_003,4
ACAAGCGGGTCACAAGACGA_004,149
GCCGCATTCTTCACATTGGT_001,16
GCCGCATTCTTCACATTGGT_002,3
GCCGCATTCTTCACATTGGT_003,43
GCCGCATTCTTCACATTGGT_004,141
GCCGCATTCTTCACATTGGT_005,60
GCCGCATTCTTCACATTGGT_006,140
AATCGAGAAGAAGTATGACG_001,6
AATCGAGAAGAAGTATGACG_002,184
AATCGAGAAGAAGTATGACG_003,103
ATTAATAAGATCGATTCTGA_001,145
ATTAATAAGATCGATTCTGA_002,148
ATTAATAAGATCGATTCTGA_003,197
ATTAATAAGATCGATTCTGA_004,138
ATTGGGCAGTTTAAGAGACC_001,11
ATTGGGCAGTTTAAGAGACC_002,106
ATTGGGCAGTTTAAGAGACC_003,24
ATTGGGCAGTTTAAGAGACC_004,5
ATTGGGCAGTTTAAGAGACC_005,130
ATGCACTGGTCTAATGTTGG_001,83
ATGCACTGGTCTAATGTTGG_002,91
ATGCACTGGTCTAATGTTGG_003,78
ATGCACTGGTCTAATGTTGG_004,143
ATGCACTGGTCTAATGTTGG_005,156
ATGCACTGGTCTAATGTTGG_006,28
ATGCACTGGTCTAATGTTGG_007,23
ATGCACTGGTCTAATGTTGG_008,134
ATGCACTGGTCTAATGTTGG_009,105
ATGCACTGGTCTAATGTTGG_010,94
ATGCACTGGTCTAATGTTGG_011,154
ATGCACTGGTCTAATGTTGG_012,160
ATGCACTGGTCTAATGTTGG_013,39
ATGCACTGGTCTAATGTTGG_014,127
ATGCACTGGTCTAATGTTGG_015,126
ATGCACTGGTCTAATGTTGG_016,50
ATGCACTGGTCTAATGTTGG_017,36
CATATCCTAGCAGATACACT_001,82
CATATCCTAGCAGATACACT_002,61
CATATCCTAGCAGATACACT_003,31
CATATCCTAGCAGATACACT_004,78
CATATCCTAGCAGATACACT_005,106
CATATCCTAGCAGATACACT_006,105
CATATCCTAGCAGATACACT_007,168
CCAGGAGCGGATTCTCCGCG_001,166
CCAGGAGCGGATTCTCCGCG_002,119
CCAGGAGCGGATTCTCCGCG_003,42
CCAGGAGCGGATTCTCCGCG_004,6
CCAGGAGCGGATTCTCCGCG_005,152
CTTACCAATCTTATCCACCA_001,110
CTTACCAATCTTATCCACCA_002,83
CTTACCAATCTTATCCACCA_003,149
CTTACCAATCTTATCCACCA_004,148
CTTACCAATCTTATCCACCA_005,121
CTTACCAATCTTATCCACCA_006,80
CTTACCAATCTTATCCACCA_007,176
CTTACCAATCTTATCCACCA_008,145
CTTACCAATCTTATCCACCA_009,90
CTTACCAATCTTATCCACCA_010,24
GCTGCCCGTCGAGGCGCACG_001,129
GCTGCCCGTCGAGGCGCACG_002,62
GCTGCCCGTCGAGGCGCACG_003,70
GCTGCCCGTCGAGGCGCACG_004,129
CCCTGAACCAGCCCCCCAAG_001,76
CCCTGAACCAGCCCCCCAAG_002,113
CCCTGAACCAGCCCCCCAAG_003,176
CCCTGAACCAGCCCCCCAAG_004,17
CCCTGAACCAGCCCCCCAAG_005,9
CCCTGAACCAGCCCCCCAAG_006,83
CCCTGAACCAGCCCCCCAAG_007,174
CCCTGAACCAGCCCCCCAAG_008,191
CCCTGAACCAGCCCCCCAAG_009,145
CCCTGAACCAGCCCCCCAAG_010,1
CCCTGAACCAGCCCCCCAAG_011,160
CCCTGAACCAGCCCCCCAAG_012,54
CCCTGAACCAGCCCCCCAAG_013,34
CCCTGAACCAGCCCCCCAAG_014,197
CTCACCTCTCACGAACACGT_001,62
CTCACCTCTCACGAACACGT_002,48
TAGTCACAGGAGGTGTAGAG_001,171
TAGTCACAGGAGGTGTAGAG_002,94
TAGTCACAGGAGGTGTAGAG_003,149
TAGTCACAGGAGGTGTAGAG_004,53
TGACTTAAGCAGATTGACTG_001,190
TGACTTAAGCAGATTGACTG_002,115
TGACTTAAGCAGATTGACTG_003,155
TGACTTAAGCAGATTGACTG_004,105
TGACTTAAGCAGATTGACTG_005,158
TGACTTAAGCAGATTGACTG_006,177
TGACTTAAGCAGATTGACTG_007,0
TGACTTAAGCAGATTGACTG_008,97
TGACTTAAGCAGATTGACTG_009,141
TGACTTAAGCAGATTGACTG_010,61
TGACTTAAGCAGATTGACTG_011,0
AGCCCGCTGTCCAATACCAG_001,23
AGCCCGCTGTCCAATACCAG_002,11
AGCCCGCTGTCCAATACCAG_003,129
AGCCCGCTGTCCAATACCAG_004,2
AGCCCGCTGTCCAATACCAG_005,130
AGCCCGCTGTCCAATACCAG_006,199
AGCCCGCTGTCCAATACCAG_007,176
AGCCCGCTGTCCAATACCAG_008,119
AGCCCGCTGTCCAATACCAG_009,175
AGCCCGCTGTCCAATACCAG_010,12
AGCCCGCTGTCCAATACCAG_011,197
AGCCCGCTGTCCAATACCAG_012,113
AGCCCGCTGTCCAATACCAG_013,67
AGCCCGCTGTCCAATACCAG_014,91
AGCCCGCTGTCCAATACCAG_015,159
AGCCCGCTGTCCAATACCAG_016,24
AGCCCGCTGTCCAATACCAG_017,149
AGCCCGCTGTCCAATACCAG_018,6
AGCCCGCTGTCCAATACCAG_019,137
AGCCCGCTGTCCAATACCAG_020,80
AGCCCGCTGTCCAATACCAG_021,97
AGCCCGCTGTCCAATACCAG_022,105
AGCCCGCTGTCCAATACCAG_023,188
AGCCCGCTGTCCAATACCAG_024,134
AGCCCGCTGTCCAATACCAG_025,112
AGCCCGCTGTCCAATACCAG_026,70
AGCCCGCTGTCCAATACCAG_027,60
AGCCCGCTGTCCAATACCAG_028,146
AGCCCGCTGTCCAATACCAG_029,44
AGCCCGCTGTCCAATACCAG_030,70
CTCCGCCACCAGACGCACTG_001,77
CTCCGCCACCAGACGCACTG_002,103
CTCCGCCACCAGACGCACTG_003,6
CTCCGCCACCAGACGCACTG_004,78
CTCCGCCACCAGACGCACTG_005,112
CTCCGCCACCAGACGCACTG_006,192
CTCCGCCACCAGACGCACTG_007,77
CTCCGCCACCAGACGCACTG_008,129
CTCCGCCACCAGACGCACTG_009,38
CTCCGCCACCAGACGCACTG_010,8
CTCCGCCACCAGACGCACTG_011,152
CTCCGCCACCAGACGCACTG_012,48
CTCCGCCACCAGACGCACTG_013,196
CTCCGCCACCAGACGCACTG_014,116
CTCCGCCACCAGACGCACTG_015,64
CTCCGCCACCAGACGCACTG_016,149
CTCCGCCACCAGACGCACTG_017,26
CTCCGCCACCAGACGCACTG_018,50
CTCCGCCACCAGACGCACTG_019,48
CTCCGCCACCAGACGCACTG_020,76
CTCCGCCACCAGACGCACTG_021,98
CTCCGCCACCAGACGCACTG_022,188
CTCCGCCACCAGACGCACTG_023,24
CTCCGCCACCAGACGCACTG_024,111
CTCCGCCACCAGACGCACTG_025,48
CTCCGCCACCAGACGCACTG_026,127
CTCCGCCACCAGACGCACTG_027,113
CTCCGCCACCAGACGCACTG_028,42
CTCCGCCACCAGACGCACTG_029,52
CTCCGCCACCAGACGCACTG_030,56
CTCCGCCACCAGACGCACTG_031,126
CTCCGCCACCAGACGCACTG_032,82
CTCCGCCACCAGACGCACTG_033,102
CTCCGCCACCAGACGCACTG_034,181
CTCCGCCACCAGACGCACTG_035,193
CTCCGCCACCAGACGCACTG_036,125
CTCCGCCACCAGACGCACTG_037,146
CTCCGCCACCAGACGCACTG_038,39
CTCCGCCACCAGACGCACTG_039,188
CTCCGCCACCAGACGCACTG_040,94
CTCCGCCACCAGACGCACTG_041,66
CTCCGCCACCAGACGCACTG_042,14
CTCCGCCACCAGACGCACTG_043,116
CTCCGCCACCAGACGCACTG_044,10
CTCCGCCACCAGACGCACTG_045,28
CTCCGCCACCAGACGCACTG_046,185
CTCCGCCACCAGACGCACTG_047,35
CTCCGCCACCAGACGCACTG_048,46
TAAGGGCACCCTTACCACTC_001,60
TAAGGGCACCCTTACCACTC_002,150
TAAGGGCACCCTTACCACTC_003,152
TAAGGGCACCCTTACCACTC_004,150
TAAGGGCACCCTTACCACTC_005,18
TAAGGGCACCCTTACCACTC_006,98
TAAGGGCACCCTTACCACTC_007,77
TAAGGGCACCCTTACCACTC_008,154
TAAGGGCACCCTTACCACTC_009,56
TAAGGGCACCCTTACCACTC_010,162
TAAGGGCACCCTTACCACTC_011,16
GGTAACTAGGGATATACCCT_001,115
GGTAACTAGGGATATACCCT_002,21
GGTAACTAGGGATATACCCT_003,21
GGTAACTAGGGATATACCCT_004,32
GGTAACTAGGGATATACCCT_005,195
GGTAACTAGGGATATACCCT_006,176
GGTAACTAGGGATATACCCT_007,76
GGTAACTAGGGATATACCCT_008,3
GGTAACTAGGGATATACCCT_009,168
GGTAACTAGGGATATACCCT_010,177
GGTAACTAGGGATATACCCT_011,171
TTGGCGATAAGCCCTTCTCA_001,153
TTGGCGATAAGCCCTTCTCA_002,145
TTGGCGATAAGCCCTTCTCA_003,105
TTGGCGATAAGCCCTTCTCA_004,49
TTGGCGATAAGCCCTTCTCA_005,134
AGTTTACCTGATAGTCCACG_001,166
AGTTTACCTGATAGTCCACG_002,174
AGTTTACCTGATAGTCCACG_003,58
AGTTTACCTGATAGTCCACG_004,116
AGTTTACCTGATAGTCCACG_005,63
CAAGCTCAACACAGACTCAG_001,184
CAAGCTCAACACAGACTCAG_002,121
CAAGCTCAACACAGACTCAG_003,168
CAAGCTCAACACAGACTCAG_004,168
CAAGCTCAACACAGACTCAG_005,193
CAAGCTCAACACAGACTCAG_006,144
CAAGCTCAACACAGACTCAG_007,52
CAAGCTCAACACAGACTCAG_008,42
CAAGCTCAACACAGACTCAG_009,78
CAAGCTCAACACAGACTCAG_010,160
CAAGCTCAACACAGACTCAG_011,130
CAAGCTCAACACAGACTCAG_012,70
CAAGCTCAACACAGACTCAG_013,168
GGAGGTCGATGTGTTACACC_001,180
GGAGGTCGATGTGTTACACC_002,63
AGCCCGTGGACATATTGACC_001,130
AGCCCGTGGACATATTGACC_002,29
AGCCCGTGGACATATTGACC_003,49
AGCCCGTGGACATATTGACC_004,162
AGCCCGTGGACATATTGACC_005,129
AGCCCGTGGACATATTGACC_006,70
AGCCCGTGGACATATTGACC_007,60
ACCTCGTCCATCGACGTGCA_001,140
ACCTCGTCCATCGACGTGCA_002,172
ACCTCGTCCATCGACGTGCA_003,41
ACCTCGTCCATCGACGTGCA_004,1
ACCTCGTCCATCGACGTGCA_005,46
ACCTCGTCCATCGACGTGCA_006,178
ACCTCGTCCATCGACGTGCA_007,108
ACCTCGTCCATCGACGTGCA_008,82
ACCTCGTCCATCGACGTGCA_009,157
ACCTCGTCCATCGACGTGCA_010,95
ACCTCGTCCATCGACGTGCA_011,147
ACCTCGTCCATCGACGTGCA_012,182
ATCCAGGCAGTCATAGACTC_001,172
ATCCAGGCAGTCATAGACTC_002,114
ATCCAGGCAGTCATAGACTC_003,160
ATCCAGGCAGTCATAGACTC_004,130
ATCCAGGCAGTCATAGACTC_005,173
ATCCAGGCAGTCATAGACTC_006,191
ATCCAGGCAGTCATAGACTC_007,42
CAGGCGTCAGCACAGTGGCG_001,130
CAGGCGTCAGCACAGTGGCG_002,84
CAGGCGTCAGCACAGTGGCG_003,32
CAGGCGTCAGCACAGTGGCG_004,49
CAGGCGTCAGCACAGTGGCG_005,75
CAGGCGTCAGCACAGTGGCG_006,136
CAGGCGTCAGCACAGTGGCG_007,7
CAGGCGTCAGCACAGTGGCG_008,27
CAGGCGTCAGCACAGTGGCG_009,16
CAGGCGTCAGCACAGTGGCG_010,92
CAGGCGTCAGCACAGTGGCG_011,153
CAGGCGTCAGCACAGTGGCG_012,190
CAGGCGTCAGCACAGTGGCG_013,4
CAGGCGTCAGCACAGTGGCG_014,127
CAGGCGTCAGCACAGTGGCG_015,76
CAGGCGTCAGCACAGTGGCG_016,1
CAGGCGTCAGCACAGTGGCG_017,14
CAGGCGTCAGCACAGTGGCG_018,15
CAGGCGTCAGCACAGTGGCG_019,7
CAGGCGTCAGCACAGTGGCG_020,106
CAGGCGTCAGCACAGTGGCG_021,46
CAGGCGTCAGCACAGTGGCG_022,107
CAGGCGTCAGCACAGTGGCG_023,19
CCCCTTACACTATAGTGACG_001,124
AGGCGACTGCTTAATTGCTG_001,169
AGGCGACTGCTTAATTGCTG_002,194
AGGCGACTGCTTAATTGCTG_003,98
AGGCGACTGCTTAATTGCTG_004,104
AGGCGACTGCTTAATTGCTG_005,160
AGGCGACTGCTTAATTGCTG_006,31
AGGCGACTGCTTAATTGCTG_007,183
AGGCGACTGCTTAATTGCTG_008,72
AAAGTCCATTTAGTAAGTGA_001,185
AAAGTCCATTTAGTAAGTGA_002,160
AAAGTCCATTTAGTAAGTGA_003,29
AAAGTCCATTTAGTAAGTGA_004,91
AAAGTCCATTTAGTAAGTGA_005,111
AAAGTCCATTTAGTAAGTGA_006,32
AAAGTCCATTTAGTAAGTGA_007,128
AAAGTCCATTTAGTAAGTGA_008,112
AAAGTCCATTTAGTAAGTGA_009,140
AAAGTCCATTTAGTAAGTGA_010,35
AAAGTCCATTTAGTAAGTGA_011,169
GGGAGCATTACCAGTACGTG_001,38
GGGAGCATTACCAGTACGTG_002,49
GGGAGCATTACCAGTACGTG_003,15
GGGAGCATTACCAGTACGTG_004,113
GGGAGCATTACCAGTACGTG_005,198
GGGAGCATTACCAGTACGTG_006,149
GGGAGCATTACCAGTACGTG_007,134
GGGAGCATTACCAGTACGTG_008,40
GGGAGCATTACCAGTACGTG_009,150
GGGAGCATTACCAGTACGTG_010,147
GGGAGCATTACCAGTACGTG_011,61
AGGAGTACCTGCCCATCTGG_001,97
AGGAGTACCTGCCCATCTGG_002,113
AGGAGTACCTGCCCATCTGG_003,11
AGGAGTACCTGCCCATCTGG_004,1
AGGAGTACCTGCCCATCTGG_005,20
AGGAGTACCTGCCCATCTGG_006,93
AGGAGTACCTGCCCATCTGG_007,17
AGGAGTACCTGCCCATCTGG_008,118
AGGAGTACCTGCCCATCTGG_009,25
AGGAGTACCTGCCCATCTGG_010,102
AGGAGTACCTGCCCATCTGG_011,116
AGGAGTACCTGCCCATCTGG_012,148
AGGAGTACCTGCCCATCTGG_013,173
AGGAGTACCTGCCCATCTGG_014,6
AGGAGTACCTGCCCATCTGG_015,6
AGGAGTACCTGCCCATCTGG_016,10
AGGAGTACCTGCCCATCTGG_017,182
AGGAGTACCTGCCCATCTGG_018,81
AGGAGTACCTGCCCATCTGG_019,84
AGGAGTACCTGCCCATCTGG_020,103
AGGAGTACCTGCCCATCTGG_021,49
CTGGAGGCCCGCAATTATGA_001,49
CTGGAGGCCCGCAATTATGA_002,15
CTGGAGGCCCGCAATTATGA_003,14
CTGGAGGCCCGCAATTATGA_004,147
CTGGAGGCCCGCAATTATGA_005,199
CTGGAGGCCCGCAATTATGA_006,106
CTGGAGGCCCGCAATTATGA_007,103
CTGGAGGCCCGCAATTATGA_008,110
CTGGAGGCCCGCAATTATGA_009,167
CTGGAGGCCCGCAATTATGA_010,80
CTGGAGGCCCGCAATTATGA_011,135
CTGGAGGCCCGCAATTATGA_012,12
CTGGAGGCCCGCAATTATGA_013,160
CTGGAGGCCCGCAATTATGA_014,130
CTGGAGGCCCGCAATTATGA_015,72
CTGGAGGCCCGCAATTATGA_016,131
CTGGAGGCCCGCAATTATGA_017,189
CTGGAGGCCCGCAATTATGA_018,49
CTGGAGGCCCGCAATTATGA_019,147
GCTCTTTGCGGACTTCGCTG_001,147
GCTCTTTGCGGACTTCGCTG_002,168
GCTCTTTGCGGACTTCGCTG_003,146
GCTCTTTGCGGACTTCGCTG_004,181
GCTCTTTGCGGACTTCGCTG_005,17
GCTCTTTGCGGACTTCGCTG_006,169
GCTCTTTGCGGACTTCGCTG_007,9
GCTCTTTGCGGACTTCGCTG_008,137
GCTCTTTGCGGACTTCGCTG_009,165
GCTCTTTGCGGACTTCGCTG_010,199
GCTCTTTGCGGACTTCGCTG_011,76
GCTCTTTGCGGACTTCGCTG_012,1
GCTCTTTGCGGACTTCGCTG_013,98
GCTCTTTGCGGACTTCGCTG_014,83
GCTCTTTGCGGACTTCGCTG_015,39
GCTCTTTGCGGACTTCGCTG_016,103
GCTCTTTGCGGACTTCGCTG_017,192
GCTCTTTGCGGACTTCGCTG_018,185
GCTCTTTGCGGACTTCGCTG_019,2
GCTCTTTGCGGACTTCGCTG_020,70
GCTCTTTGCGGACTTCGCTG_021,43
GCTCTTTGCGGACTTCGCTG_022,78
GCTCTTTGCGGACTTCGCTG_023,52
GCTCTTTGCGGACTTCGCTG_024,162
GCTCTTTGCGGACTTCGCTG_025,199
GCTCTTTGCGGACTTCGCTG_026,12
GCTCTTTGCGGACTTCGCTG_027,156
GCTCTTTGCGGACTTCGCTG_028,113
GCTCTTTGCGGACTTCGCTG_029,168
GCTCTTTGCGGACTTCGCTG_030,149
GCTCTTTGCGGACTTCGCTG_031,197
GCTCTTTGCGGACTTCGCTG_032,27
GCTCTTTGCGGACTTCGCTG_033,94
GCTCTTTGCGGACTTCGCTG_034,40
GCTCTTTGCGGACTTCGCTG_035,15
GTGTTCAGCGACATGACCGT_001,198
GTGTTCAGCGACATGACCGT_002,107
GTGTTCAGCGACATGACCGT_003,35
GTGTTCAGCGACATGACCGT_004,8
GTGTTCAGCGACATGACCGT_005,48
GTGTTCAGCGACATGACCGT_006,105
GTGTTCAGCGACATGACCGT_007,31
GTGTTCAGCGACATGACCGT_008,121
GTGTTCAGCGACATGACCGT_009,111
GTGTTCAGCGACATGACCGT_010,51
GTGTTCAGCGACATGACCGT_011,101
CTCATGGCCAATAGTACATG_001,60
CTCATGGCCAATAGTACATG_002,184
CTCATGGCCAATAGTACATG_003,85
CTCATGGCCAATAGTACATG_004,13
GTGCGTGGCAACAAACGGCA_001,88
GTGCGTGGCAACAAACGGCA_002,45
GTGCGTGGCAACAAACGGCA_003,111
GTGCGTGGCAACAAACGGCA_004,115
GTGCGTGGCAACAAACGGCA_005,7
GTGCGTGGCAACAAACGGCA_006,121
GTGCGTGGCAACAAACGGCA_007,28
GTGCGTGGCAACAAACGGCA_008,169
GTGCGTGGCAACAAACGGCA_009,121
GTGCGTGGCAACAAACGGCA_010,83
GTGCGTGGCAACAAACGGCA_011,66
GTGCGTGGCAACAAACGGCA_012,65
GTGCGTGGCAACAAACGGCA_013,26
GTGCGTGGCAACAAACGGCA_014,91
ACCTTTACTGAGGTGCACGA_001,170
ACCTTTACTGAGGTGCACGA_002,111
ACCTTTACTGAGGTGCACGA_003,151
ACCTTTACTGAGGTGCACGA_004,6
ACCTTTACTGAGGTGCACGA_005,134
ACCTTTACTGAGGTGCACGA_006,49
ACCTTTACTGAGGTGCACGA_007,133
ACCTTTACTGAGGTGCACGA_008,28
ACCTTTACTGAGGTGCACGA_009,191
ACCTTTACTGAGGTGCACGA_010,94
ACCTTTACTGAGGTGCACGA_011,77
ACCTTTACTGAGGTGCACGA_012,86
ACCTTTACTGAGGTGCACGA_013,172
ACCTTTACTGAGGTGCACGA_014,49
ACCTTTACTGAGGTGCACGA_015,148
ACCTTTACTGAGGTGCACGA_016,50
ACCTTTACTGAGGTGCACGA_017,105
ACCTTTACTGAGGTGCACGA_018,127
ACCTTTACTGAGGTGCACGA_019,17
ACCTTTACTGAGGTGCACGA_020,134
ACCTTTACTGAGGTGCACGA_021,29
ACCTTTACTGAGGTGCACGA_022,168
ACCTTTACTGAGGTGCACGA_023,102
ACCTTTACTGAGGTGCACGA_024,118
ACCTTTACTGAGGTGCACGA_025,106
ACCTTTACTGAGGTGCACGA_026,63
ACCTTTACTGAGGTGCACGA_027,168
ACCTTTACTGAGGTGCACGA_028,103
ACCTTTACTGAGGTGCACGA_029,113
ACCTTTACTGAGGTGCACGA_030,178
ACCTTTACTGAGGTGCACGA_031,53
ACCTTTACTGAGGTGCACGA_032,13
TGTGAAAGGTTCGGGACTAG_001,146
TGTGAAAGGTTCGGGACTAG_002,23
TGTGAAAGGTTCGGGACTAG_003,15
TGTGAAAGGTTCGGGACTAG_004,185
TGTGAAAGGTTCGGGACTAG_005,122
TGTGAAAGGTTCGGGACTAG_006,176
TGTGAAAGGTTCGGGACTAG_007,17
TGTGAAAGGTTCGGGACTAG_008,15
TGTGAAAGGTTCGGGACTAG_009,115
TGTGAAAGGTTCGGGACTAG_010,196
TGTGAAAGGTTCGGGACTAG_011,78
TGTGAAAGGTTCGGGACTAG_012,127
TGTGAAAGGTTCGGGACTAG_013,70
TGTGAAAGGTTCGGGACTAG_014,35
TGTGAAAGGTTCGGGACTAG_015,31
AACCCGTCTTGCATTCGCAG_001,0
AACCCGTCTTGCATTCGCAG_002,4
AACCCGTCTTGCATTCGCAG_003,179
AACCCGTCTTGCATTCGCAG_004,193
AACCCGTCTTGCATTCGCAG_005,37
AACCCGTCTTGCATTCGCAG_006,190
AACCCGTCTTGCATTCGCAG_007,3
AACCCGTCTTGCATTCGCAG_008,70
AACCCGTCTTGCATTCGCAG_009,170
AACCCGTCTTGCATTCGCAG_010,77
AACCCGTCTTGCATTCGCAG_011,48
AACCCGTCTTGCATTCGCAG_012,10
AACCCGTCTTGCATTCGCAG_013,66
AACCCGTCTTGCATTCGCAG_014,2
AACCCGTCTTGCATTCGCAG_015,134
GGGGACCAGTGTGGAACATG_001,163
GGGGACCAGTGTGGAACATG_002,33
GGGGACCAGTGTGGAACATG_003,2
GGGGACCAGTGTGGAACATG_004,140
GGGGACCAGTGTGGAACATG_005,41
GGGGACCAGTGTGGAACATG_006,155
AGAAAAGTATCACAAAACTT_001,98
GCAGTGCGTGAACGTGTCGG_001,77
GCAGTGCGTGAACGTGTCGG_002,177
GCAGTGCGTGAACGTGTCGG_003,145
GCAGTGCGTGAACGTGTCGG_004,130
GCAGTGCGTGAACGTGTCGG_005,152
GCAGTGCGTGAACGTGTCGG_006,149
GCAGTGCGTGAACGTGTCGG_007,184
GCAGTGCGTGAACGTGTCGG_008,116
GCAGTGCGTGAACGTGTCGG_009,159
GCAGTGCGTGAACGTGTCGG_010,144
GCAGTGCGTGAACGTGTCGG_011,4
GCAGTGCGTGAACGTGTCGG_012,10
GCAGTGCGTGAACGTGTCGG_013,88
GCAGTGCGTGAACGTGTCGG_014,42
GCAGTGCGTGAACGTGTCGG_015,99
GCAGTGCGTGAACGTGTCGG_016,88
GCAGTGCGTGAACGTGTCGG_017,115
GCAGTGCGTGAACGTGTCGG_018,3
GCAGTGCGTGAACGTGTCGG_019,22
GCAGTGCGTGAACGTGTCGG_020,105
GCAGTGCGTGAACGTGTCGG_021,63
GCAGTGCGTGAACGTGTCGG_022,46
GCAGTGCGTGAACGTGTCGG_023,142
GCAGTGCGTGAACGTGTCGG_024,13
GCAGTGCGTGAACGTGTCGG_025,155
GCAGTGCGTGAACGTGTCGG_026,33
GTGAAGCAGGGAACTTTGGT_001,42
GTGAAGCAGGGAACTTTGGT_002,176
GTGAAGCAGGGAACTTTGGT_003,172
GTGAAGCAGGGAACTTTGGT_004,23
GTGAAGCAGGGAACTTTGGT_005,24
GTGAAGCAGGGAACTTTGGT_006,68
GTGAAGCAGGGAACTTTGGT_007,129
GTGAAGCAGGGAACTTTGGT_008,16
GTGAAGCAGGGAACTTTGGT_009,76
GTGAAGCAGGGAACTTTGGT_010,151
GTGAAGCAGGGAACTTTGGT_011,14
TCGAATTTCCTCAAGAGGCG_001,19
TCGAATTTCCTCAAGAGGCG_002,88
TCGAATTTCCTCAAGAGGCG_003,17
TCGAATTTCCTCAAGAGGCG_004,88
TCGAATTTCCTCAAGAGGCG_005,28
TCGAATTTCCTCAAGAGGCG_006,184
TCGAATTTCCTCAAGAGGCG_007,127
TGGGCCAATGTGTACAACAG_001,20
TGGGCCAATGTGTACAACAG_002,115
TGGGCCAATGTGTACAACAG_003,127
TGGGCCAATGTGTACAACAG_004,58
TGGGCCAATGTGTACAACAG_005,116
TGGGCCAATGTGTACAACAG_006,49
TGGGCCAATGTGTACAACAG_007,7
TGGGCCAATGTGTACAACAG_008,0
TGGGCCAATGTGTACAACAG_009,196
TGGGCCAATGTGTACAACAG_010,147
TGGGCCAATGTGTACAACAG_011,88
TGGGCCAATGTGTACAACAG_012,60
TGGGCCAATGTGTACAACAG_013,8
CTACCTTCTCACCAAACACA_001,176
CTACCTTCTCACCAAACACA_002,98
CTACCTTCTCACCAAACACA_003,43
CTACCTTCTCACCAAACACA_004,185
CTACCTTCTCACCAAACACA_005,113
CTACCTTCTCACCAAACACA_006,32
CTACCTTCTCACCAAACACA_007,169
CTACCTTCTCACCAAACACA_008,20
CTACCTTCTCACCAAACACA_009,56
CTACCTTCTCACCAAACACA_010,81
CTACCTTCTCACCAAACACA_011,120
CTACCTTCTCACCAAACACA_012,91
CTACCTTCTCACCAAACACA_013,67
GAGTCCTAACCCAGTTGATG_001,140
GAGTCCTAACCCAGTTGATG_002,27
GAGTCCTAACCCAGTTGATG_003,46
GAGTCCTAACCCAGTTGATG_004,81
GAGTCCTAACCCAGTTGATG_005,93
GAGTCCTAACCCAGTTGATG_006,9
GAGTCCTAACCCAGTTGATG_007,112
GAGTCCTAACCCAGTTGATG_008,1
CCCTGCTCAACCCCAACCAG_001,127
CCCTGCTCAACCCCAACCAG_002,58
CCCTGCTCAACCCCAACCAG_003,8
CCCTGCTCAACCCCAACCAG_004,45
CCCTGCTCAACCCCAACCAG_005,194
CCCTGCTCAACCCCAACCAG_006,40
CCCTGCTCAACCCCAACCAG_007,181
CCCTGCTCAACCCCAACCAG_008,58
CCCTGCTCAACCCCAACCAG_009,174
CCCTGCTCAACCCCAACCAG_010,103
CCCTGCTCAACCCCAACCAG_011,124
TCTGGCACTACGACCCGCAG_001,66
TCTGGCACTACGACCCGCAG_002,66
TCTGGCACTACGACCCGCAG_003,129
TCTGGCACTACGACCCGCAG_004,2
GTTATACAAATCCACCACAG_001,29
GTTATACAAATCCACCACAG_002,182
GTTATACAAATCCACCACAG_003,14
GTTATACAAATCCACCACAG_004,149
GTTATACAAATCCACCACAG_005,126
GTTATACAAATCCACCACAG_006,88
GTCACCGAGACACCACTGGA_001,53
GTCACCGAGACACCACTGGA_002,62
GTCACCGAGACACCACTGGA_003,120
GTCACCGAGACACCACTGGA_004,128
GTCACCGAGACACCACTGGA_005,89
GTCACCGAGACACCACTGGA_006,158
GTCACCGAGACACCACTGGA_007,96
GTCACCGAGACACCACTGGA_008,1
GTCACCGAGACACCACTGGA_009,115
GTCACCGAGACACCACTGGA_010,107
GTCACCGAGACACCACTGGA_011,172
GTCACCGAGACACCACTGGA_012,176
GTCACCGAGACACCACTGGA_013,81
GTCACCGAGACACCACTGGA_014,188
GTCACCGAGACACCACTGGA_015,70
GTCACCGAGACACCACTGGA_016,77
GTCACCGAGACACCACTGGA_017,95
AACAAAGCCCAACATACCAG_001,67
AACAAAGCCCAACATACCAG_002,6
AACAAAGCCCAACATACCAG_003,178
AACAAAGCCCAACATACCAG_004,5
AACAAAGCCCAACATACCAG_005,83
AACAAAGCCCAACATACCAG_006,116
AACAAAGCCCAACATACCAG_007,28
AACAAAGCCCAACATACCAG_008,77
AACAAAGCCCAACATACCAG_009,105
AACAAAGCCCAACATACCAG_010,24
AACAAAGCCCAACATACCAG_011,176
AACAAAGCCCAACATACCAG_012,58
AACAAAGCCCAACATACCAG_013,58
AACAAAGCCCAACATACCAG_014,104
AACAAAGCCCAACATACCAG_015,84
AACAAAGCCCAACATACCAG_016,198
AACAAAGCCCAACATACCAG_017,70
AACAAAGCCCAACATACCAG_018,124
AACAAAGCCCAACATACCAG_019,40
CAAAGATGCAGAATGTAGGG_001,126
CAAAGATGCAGAATGTAGGG_002,93
CAAAGATGCAGAATGTAGGG_003,124
CAAAGATGCAGAATGTAGGG_004,40
CATGCCTCAGTACTTCCACG_001,157
CATGCCTCAGTACTTCCACG_002,91
CATGCCTCAGTACTTCCACG_003,101
CATGCCTCAGTACTTCCACG_004,112
CATGCCTCAGTACTTCCACG_005,127
CATGCCTCAGTACTTCCACG_006,110
CATGCCTCAGTACTTCCACG_007,105
CATGCCTCAGTACTTCCACG_008,17
CATGCCTCAGTACTTCCACG_009,58
CATGCCTCAGTACTTCCACG_010,24
CATGCCTCAGTACTTCCACG_011,114
ACTGCTCAAACCAAAAAGCA_001,51
ACTGCTCAAACCAAAAAGCA_002,115
ACTGCTCAAACCAAAAAGCA_003,147
ACTGCTCAAACCAAAAAGCA_004,170
ACTGCTCAAACCAAAAAGCA_005,25
ACTGCTCAAACCAAAAAGCA_006,6
ACTGCTCAAACCAAAAAGCA_007,193
ACTGCTCAAACCAAAAAGCA_008,41
ACTGCTCAAACCAAAAAGCA_009,75
CTACACTTGGAACTTCAGGG_001,169
CTACACTTGGAACTTCAGGG_002,77
CTACACTTGGAACTTCAGGG_003,48
CTACACTTGGAACTTCAGGG_004,184
CTACACTTGGAACTTCAGGG_005,77
CTACACTTGGAACTTCAGGG_006,124
CTACACTTGGAACTTCAGGG_007,174
GGGCACAGCAAATTGCGTGT_001,28
GGGCACAGCAAATTGCGTGT_002,60
GGGCACAGCAAATTGCGTGT_003,103
GGGCACAGCAAATTGCGTGT_004,3
GGGCACAGCAAATTGCGTGT_005,23
GGGCACAGCAAATTGCGTGT_006,38
GGGCACAGCAAATTGCGTGT_007,48
GGGCACAGCAAATTGCGTGT_008,97
GGGCACAGCAAATTGCGTGT_009,157
GGGCACAGCAAATTGCGTGT_010,0
GGGCACAGCAAATTGCGTGT_011,184
GGGCACAGCAAATTGCGTGT_012,6
ACAGACGATTGCTGTACTCG_001,85
ACAGACGATTGCTGTACTCG_002,119
ACAGACGATTGCTGTACTCG_003,43
GCAGCCACCATAGACAAACA_001,38
GCAGCCACCATAGACAAACA_002,88
GCAGCCACCATAGACAAACA_003,115
GCAGCCACCATAGACAAACA_004,121
GCAGCCACCATAGACAAACA_005,113
CGGCCCGGAAGAGTCCGGCC_001,92
CGGCCCGGAAGAGTCCGGCC_002,138
TCGCCATGGCGGAATACCTG_001,139
TCGCCATGGCGGAATACCTG_002,159
TCGCCATGGCGGAATACCTG_003,137
TCGCCATGGCGGAATACCTG_004,185
TCGCCATGGCGGAATACCTG_005,62
TCGCCATGGCGGAATACCTG_006,149
TCGCCATGGCGGAATACCTG_007,138
TCGCCATGGCGGAATACCTG_008,103
TCGCCATGGCGGAATACCTG_009,106
TCGCCATGGCGGAATACCTG_010,177
TCGCCATGGCGGAATACCTG_011,170
TCGCCATGGCGGAATACCTG_012,185
TCGCCATGGCGGAATACCTG_013,78
AGTTTGCACACAATAGCAAC_001,129
AGTTTGCACACAATAGCAAC_002,77
AGTTTGCACACAATAGCAAC_003,152
AGTTTGCACACAATAGCAAC_004,166
AAGCGACTCTCCAAGATGAA_001,54
AAGCGACTCTCCAAGATGAA_002,116
AAGCGACTCTCCAAGATGAA_003,177
GCAGCTGGACAACATCGTGG_001,153
GCAGCTGGACAACATCGTGG_002,118
GCAGCTGGACAACATCGTGG_003,126
CGTACTCGTCCCGCTACGCG_001,137
CGTACTCGTCCCGCTACGCG_002,141
CGTACTCGTCCCGCTACGCG_003,66
CGTACTCGTCCCGCTACGCG_004,65
CTATGGGTCAAATTGGAGTG_001,66
CTATGGGTCAAATTGGAGTG_002,150
CTATGGGTCAAATTGGAGTG_003,88
CTATGGGTCAAATTGGAGTG_004,10
ATAATGCACATATCCTTGAC_001,137
AGGAACAATGACATGTCCAG_001,8
AGGAACAATGACATGTCCAG_002,102
AGGAACAATGACATGTCCAG_003,103
AGGAACAATGACATGTCCAG_004,56
AGGAACAATGACATGTCCAG_005,66
AGGAACAATGACATGTCCAG_006,49
AGGAACAATGACATGTCCAG_007,12
AGGAACAATGACATGTCCAG_008,127
AGGAACAATGACATGTCCAG_009,169
AGGAACAATGACATGTCCAG_010,131
AGGAACAATGACATGTCCAG_011,88
AGGAACAATGACATGTCCAG_012,126
TATACCATTAGAATCAAGAG_001,103
TATACCATTAGAATCAAGAG_002,9
TATACCATTAGAATCAAGAG_003,147
ACCGCGAGGAACATTGCCTG_001,53
ACCGCGAGGAACATTGCCTG_002,179
ACCGCGAGGAACATTGCCTG_003,161
ACCGCGAGGAACATTGCCTG_004,141
ACCGCGAGGAACATTGCCTG_005,129
ACCGCGAGGAACATTGCCTG_006,192
ACCGCGAGGAACATTGCCTG_007,151
ACCGCGAGGAACATTGCCTG_008,41
GGATGAACCCGTGTCACTGT_001,107
GGATGAACCCGTGTCACTGT_002,41
GGATGAACCCGTGTCACTGT_003,83
GGATGAACCCGTGTCACTGT_004,78
GGATGAACCCGTGTCACTGT_005,104
GGATGAACCCGTGTCACTGT_006,136
GGATGAACCCGTGTCACTGT_007,176
AAAAGAACAACGTTTCATGC_001,60
AAAAGAACAACGTTTCATGC_002,185
AAAAGAACAACGTTTCATGC_003,67
AAAAGAACAACGTTTCATGC_004,148
AAAAGAACAACGTTTCATGC_005,141
AAAAGAACAACGTTTCATGC_006,111
AAAAGAACAACGTTTCATGC_007,111
TCCTTCATAGGACTCAATCC_001,149
TCCTTCATAGGACTCAATCC_002,70
TCCTTCATAGGACTCAATCC_003,125
TCCTTCATAGGACTCAATCC_004,150
TCCTTCATAGGACTCAATCC_005,49
TCCTTCATAGGACTCAATCC_006,154
TCCTTCATAGGACTCAATCC_007,94
AGAGAGAACGATCCTATCCA_001,98
AGAGAGAACGATCCTATCCA_002,54
AGAGAGAACGATCCTATCCA_003,29
AGAGAGAACGATCCTATCCA_004,67
AGAGAGAACGATCCTATCCA_005,40
AGAGAGAACGATCCTATCCA_006,78
AGAGAGAACGATCCTATCCA_007,28
AGAGAGAACGATCCTATCCA_008,148
AGAGAGAACGATCCTATCCA_009,162
AGAGAGAACGATCCTATCCA_010,34
AGAGAGAACGATCCTATCCA_011,188
AGAGGCGGACGACGACAGTG_001,146
AGAGGCGGACGACGACAGTG_002,149
AGAGGCGGACGACGACAGTG_003,140
AGAGGCGGACGACGACAGTG_004,48
AGAGGCGGACGACGACAGTG_005,172
AGAGGCGGACGACGACAGTG_006,194
AGAGGCGGACGACGACAGTG_007,69
AGAGGCGGACGACGACAGTG_008,145
AGAGGCGGACGACGACAGTG_009,50
AGAGGCGGACGACGACAGTG_010,147
CATTCCTAGAGAGAGGCGAT_001,8
CCAGCCTTACCTTGCCGTCG_001,106
CCAGCCTTACCTTGCCGTCG_002,151
CCAGCCTTACCTTGCCGTCG_003,18
GTATAGCATCGGAGACTACG_001,93
GTATAGCATCGGAGACTACG_002,188
GTATAGCATCGGAGACTACG_003,80
GTATAGCATCGGAGACTACG_004,196
TTATGTGCATTAACAAGACG_001,108
TTATGTGCATTAACAAGACG_002,108
TTATGTGCATTAACAAGACG_003,168
TTATGTGCATTAACAAGACG_004,77
TTGAGTCAGGCATCCACCAA_001,142
TTGAGTCAGGCATCCACCAA_002,104
TTGAGTCAGGCATCCACCAA_003,43
TTGAGTCAGGCATCCACCAA_004,136
TTGAGTCAGGCATCCACCAA_005,4
TTGAGTCAGGCATCCACCAA_006,176
TTGAGTCAGGCATCCACCAA_007,25
TTGAGTCAGGCATCCACCAA_008,77
TTGAGTCAGGCATCCACCAA_009,103
TTGAGTCAGGCATCCACCAA_010,145
TTGAGTCAGGCATCCACCAA_011,192
TTGAGTCAGGCATCCACCAA_012,25
TTGAGTCAGGCATCCACCAA_013,32
TTGAGTCAGGCATCCACCAA_014,110
TTGAGTCAGGCATCCACCAA_015,116
TTGAGTCAGGCATCCACCAA_016,153
TTGAGTCAGGCATCCACCAA_017,141
TTGAGTCAGGCATCCACCAA_018,161
TTGAGTCAGGCATCCACCAA_019,151
TTGAGTCAGGCATCCACCAA_020,174
TTGAGTCAGGCATCCACCAA_021,68
GATGCCACAGCCAAACACGA_001,60
GATGCCACAGCCAAACACGA_002,137
GATGCCACAGCCAAACACGA_003,142
GATGCCACAGCCAAACACGA_004,53
GATGCCACAGCCAAACACGA_005,102
GATGCCACAGCCAAACACGA_006,43
GATGCCACAGCCAAACACGA_007,44
GATGCCACAGCCAAACACGA_008,29
GATGCCACAGCCAAACACGA_009,169
GATGCCACAGCCAAACACGA_010,42
GATGCCACAGCCAAACACGA_011,123
GATGCCACAGCCAAACACGA_012,118
GATGCCACAGCCAAACACGA_013,144
GATGCCACAGCCAAACACGA_014,197
GATGCCACAGCCAAACACGA_015,48
GATGCCACAGCCAAACACGA_016,81
GATGCCACAGCCAAACACGA_017,171
GATGCCACAGCCAAACACGA_018,175
GATGCCACAGCCAAACACGA_019,177
GATGCCACAGCCAAACACGA_020,70
GATGCCACAGCCAAACACGA_021,19
GATGCCACAGCCAAACACGA_022,77
GATGCCACAGCCAAACACGA_023,38
GATGCCACAGCCAAACACGA_024,94
GATGCCACAGCCAAACACGA_025,60
GATGCCACAGCCAAACACGA_026,129
GATGCCACAGCCAAACACGA_027,1
GATGCCACAGCCAAACACGA_028,142
GATGCCACAGCCAAACACGA_029,65
GATGCCACAGCCAAACACGA_030,114
ATCCGCAACGACATCGAGTG_001,191
ATCCGCAACGACATCGAGTG_002,81
ATCCGCAACGACATCGAGTG_003,78
ATCCGCAACGACATCGAGTG_004,191
ATCCGCAACGACATCGAGTG_005,181
ATCCGCAACGACATCGAGTG_006,102
ATCCGCAACGACATCGAGTG_007,47
ATCCGCAACGACATCGAGTG_008,199
ATCCGCAACGACATCGAGTG_009,2
ATCCGCAACGACATCGAGTG_010,22
ATCCGCAACGACATCGAGTG_011,121
ATCCGCAACGACATCGAGTG_012,175
ATCCGCAACGACATCGAGTG_013,149
ATCCGCAACGACATCGAGTG_014,128
ATCCGCAACGACATCGAGTG_015,29
ATCCGCAACGACATCGAGTG_016,78
ATCCGCAACGACATCGAGTG_017,188
ATCCGCAACGACATCGAGTG_018,138
ATCCGCAACGACATCGAGTG_019,47
ATCCGCAACGACATCGAGTG_020,10
ATCCGCAACGACATCGAGTG_021,77
ATCCGCAACGACATCGAGTG_022,37
ATCCGCAACGACATCGAGTG_023,179
ATCCGCAACGACATCGAGTG_024,23
CGGATGACGAGCTGTATCAG_001,134
CGGATGACGAGCTGTATCAG_002,162
CGGATGACGAGCTGTATCAG_003,58
CGGATGACGAGCTGTATCAG_004,88
CGGATGACGAGCTGTATCAG_005,41
CGGATGACGAGCTGTATCAG_006,51
CGGATGACGAGCTGTATCAG_007,186
CGGATGACGAGCTGTATCAG_008,63
CGGATGACGAGCTGTATCAG_009,49
TCCTACACTGGCCCATAAGG_001,0
TCCTACACTGGCCCATAAGG_002,53
TCCTACACTGGCCCATAAGG_003,63
TCCTACACTGGCCCATAAGG_004,157
TCCTACACTGGCCCATAAGG_005,157
TCCTACACTGGCCCATAAGG_006,85
TCCTACACTGGCCCATAAGG_007,169
TCCTACACTGGCCCATAAGG_008,59
TCCTACACTGGCCCATAAGG_009,61
TCCTACACTGGCCCATAAGG_010,184
TCCTACACTGGCCCATAAGG_011,197
AGCTTATGGAGGCATATCTG_001,98
AGCTTATGGAGGCATATCTG_002,193
GACACAAAATCAAGTAGATG_001,121
GACACAAAATCAAGTAGATG_002,191
GACACAAAATCAAGTAGATG_003,145
GACACAAAATCAAGTAGATG_004,178
GACACAAAATCAAGTAGATG_005,161
GACACAAAATCAAGTAGATG_006,12
GACACAAAATCAAGTAGATG_007,2
GACACAAAATCAAGTAGATG_008,105
TGACAAAGCTCGCTATGACA_001,77
TGACAAAGCTCGCTATGACA_002,149
TGACAAAGCTCGCTATGACA_003,130
TGACAAAGCTCGCTATGACA_004,106
TGACAAAGCTCGCTATGACA_005,50
TGACAAAGCTCGCTATGACA_006,127
TGACAAAGCTCGCTATGACA_007,125
AGACAGCTCTTCCTTCGATG_001,125
AGACAGCTCTTCCTTCGATG_002,15
AGACAGCTCTTCCTTCGATG_003,49
AGACAGCTCTTCCTTCGATG_004,4
AGACAGCTCTTCCTTCGATG_005,103
AGACAGCTCTTCCTTCGATG_006,49
AGACAGCTCTTCCTTCGATG_007,126
AGACAGCTCTTCCTTCGATG_008,40
GTCACCAATGCAGTGAAGAG_001,9
GTCACCAATGCAGTGAAGAG_002,29
GTCACCAATGCAGTGAAGAG_003,81
GTCACCAATGCAGTGAAGAG_004,56
GTCACCAATGCAGTGAAGAG_005,67
GTCACCAATGCAGTGAAGAG_006,94
GTCACCAATGCAGTGAAGAG_007,175
GTCACCAATGCAGTGAAGAG_008,39
GTCACCAATGCAGTGAAGAG_009,81
GTCACCAATGCAGTGAAGAG_010,175
GTCACCAATGCAGTGAAGAG_011,194
GTCACCAATGCAGTGAAGAG_012,175
GTCACCAATGCAGTGAAGAG_013,1
ACTTACCGTGACCTCGCTGA_001,118
ACTTACCGTGACCTCGCTGA_002,36
ACTTACCGTGACCTCGCTGA_003,65
ACTTACCGTGACCTCGCTGA_004,172
CAACAATGAAAATCTTCAGG_001,127
CAACAATGAAAATCTTCAGG_002,164
GAACTACTATAGCTTGGACC_001,53
GTACATGTAAACTGGCAGTG_001,102
GTACATGTAAACTGGCAGTG_002,160
GTACATGTAAACTGGCAGTG_003,70
GTACATGTAAACTGGCAGTG_004,106
GTACATGTAAACTGGCAGTG_005,168
GTACATGTAAACTGGCAGTG_006,29
GTACATGTAAACTGGCAGTG_007,76
GTACATGTAAACTGGCAGTG_008,72
GTACATGTAAACTGGCAGTG_009,94
GTACATGTAAACTGGCAGTG_010,9
GTACATGTAAACTGGCAGTG_011,115
CTGACCTTACATAGGCAGAC_001,172
CTGACCTTACATAGGCAGAC_002,159
CTGACCTTACATAGGCAGAC_003,32
CTGACCTTACATAGGCAGAC_004,78
CTGACCTTACATAGGCAGAC_005,154
CTGACCTTACATAGGCAGAC_006,47
CTGACCTTACATAGGCAGAC_007,30
CTGACCTTACATAGGCAGAC_008,43
CTGACCTTACATAGGCAGAC_009,22
CTGACCTTACATAGGCAGAC_010,152
CTGACCTTACATAGGCAGAC_011,50
CTGACCTTACATAGGCAGAC_012,126
CCGAGTCAGAGTCATTGGCT_001,130
CCGAGTCAGAGTCATTGGCT_002,9
CCGAGTCAGAGTCATTGGCT_003,9
CCGAGTCAGAGTCATTGGCT_004,50
CCGAGTCAGAGTCATTGGCT_005,166
CCGAGTCAGAGTCATTGGCT_006,166
CCGAGTCAGAGTCATTGGCT_007,73
CCGAGTCAGAGTCATTGGCT_008,139
CCGAGTCAGAGTCATTGGCT_009,198
CCGAGTCAGAGTCATTGGCT_010,150
CCGAGTCAGAGTCATTGGCT_011,190
CCGAGTCAGAGTCATTGGCT_012,173
CCGAGTCAGAGTCATTGGCT_013,134
CCGAGTCAGAGTCATTGGCT_014,80
CCGAGTCAGAGTCATTGGCT_015,4
CCGAGTCAGAGTCATTGGCT_016,170
AGGGGCATGATACACACAAG_001,77
AGGGGCATGATACACACAAG_002,158
CGGGGGCACGCAGATCACCA_001,192
CGGGGGCACGCAGATCACCA_002,72
CGGGGGCACGCAGATCACCA_003,34
CGGGGGCACGCAGATCACCA_004,28
CGGGGGCACGCAGATCACCA_005,4
CGGGGGCACGCAGATCACCA_006,64
CGGGGGCACGCAGATCACCA_007,161
CGGGGGCACGCAGATCACCA_008,142
CGGGGGCACGCAGATCACCA_009,106
CGGGGGCACGCAGATCACCA_010,127
CGGGGGCACGCAGATCACCA_011,48
CGGGGGCACGCAGATCACCA_012,38
GGAGTCTCGAAGAGTCTCAA_001,28
GGAGTCTCGAAGAGTCTCAA_002,62
GGAGTCTCGAAGAGTCTCAA_003,149
GGAGTCTCGAAGAGTCTCAA_004,8
GGAGTCTCGAAGAGTCTCAA_005,66
TCCCGCAGGGCCACAAACGT_001,131
TCCCGCAGGGCCACAAACGT_002,81
TCCCGCAGGGCCACAAACGT_003,34
TCCCGCAGGGCCACAAACGT_004,178
TCCCGCAGGGCCACAAACGT_005,141
GCTGTGCTCTTACCAATGGT_001,131
GCTGTGCTCTTACCAATGGT_002,150
GCTGTGCTCTTACCAATGGT_003,115
AAAAACGAAGGCTCCTACGG_001,62
AAAAACGAAGGCTCCTACGG_002,34
AAAAACGAAGGCTCCTACGG_003,179
AAAAACGAAGGCTCCTACGG_004,0
AAAAACGAAGGCTCCTACGG_005,8
AGTCCTCAAACCCATTGCAC_001,72
AGTCCTCAAACCCATTGCAC_002,77
AGTCCTCAAACCCATTGCAC_003,156
AGTCCTCAAACCCATTGCAC_004,171
AGTCCTCAAACCCATTGCAC_005,129
AGTCCTCAAACCCATTGCAC_006,130
AGTCCTCAAACCCATTGCAC_007,78
AGTCCTCAAACCCATTGCAC_008,175
AGTCCTCAAACCCATTGCAC_009,63
AGTCCTCAAACCCATTGCAC_010,19
AGTCCTCAAACCCATTGCAC_011,10
ATGATGAAAACAGCACAGCG_001,94
ATGATGAAAACAGCACAGCG_002,81
ATGATGAAAACAGCACAGCG_003,175
ATGATGAAAACAGCACAGCG_004,81
ATGATGAAAACAGCACAGCG_005,77
ATGATGAAAACAGCACAGCG_006,88
CTCGTTGGGGCAAGTAACAA_001,175
CTCGTTGGGGCAAGTAACAA_002,104
CTCGTTGGGGCAAGTAACAA_003,15
CTCGTTGGGGCAAGTAACAA_004,7
CTCGTTGGGGCAAGTAACAA_005,107
CTCGTTGGGGCAAGTAACAA_006,106
CTCGTTGGGGCAAGTAACAA_007,159
CTCGTTGGGGCAAGTAACAA_008,6
CTCGTTGGGGCAAGTAACAA_009,29
CTCGTTGGGGCAAGTAACAA_010,11
CTCGTTGGGGCAAGTAACAA_011,104
CTCGTTGGGGCAAGTAACAA_012,34
GCAGCAAAACAGCACTCCAG_001,191
GCAGCAAAACAGCACTCCAG_002,47
GCAGCAAAACAGCACTCCAG_003,67
GCAGCAAAACAGCACTCCAG_004,107
GCAGCAAAACAGCACTCCAG_005,58
GCAGCAAAACAGCACTCCAG_006,136
GCAGCAAAACAGCACTCCAG_007,13
GCAGCAAAACAGCACTCCAG_008,119
CTGACTAGAAGCCAGATGCT_001,151
CTGACTAGAAGCCAGATGCT_002,48
CTGACTAGAAGCCAGATGCT_003,58
CTGACTAGAAGCCAGATGCT_004,123
CTGACTAGAAGCCAGATGCT_005,48
CTGACTAGAAGCCAGATGCT_006,60
CTGACTAGAAGCCAGATGCT_007,132
CTGACTAGAAGCCAGATGCT_008,31
CTGACTAGAAGCCAGATGCT_009,174
CTGACTAGAAGCCAGATGCT_010,148
CTGACTAGAAGCCAGATGCT_011,197
CTGACTAGAAGCCAGATGCT_012,115
CTGACTAGAAGCCAGATGCT_013,33
CTGACTAGAAGCCAGATGCT_014,123
CTGACTAGAAGCCAGATGCT_015,74
CTGACTAGAAGCCAGATGCT_016,19
CTGACTAGAAGCCAGATGCT_017,169
GCTGGAACCTGTTCTTCACG_001,184
GCTGGAACCTGTTCTTCACG_002,34
GCTGGAACCTGTTCTTCACG_003,177
GCTGGAACCTGTTCTTCACG_004,9
GCTGGAACCTGTTCTTCACG_005,60
GCTGGAACCTGTTCTTCACG_006,37
GCTGGAACCTGTTCTTCACG_007,5
GCTGGAACCTGTTCTTCACG_008,126
GCTGGAACCTGTTCTTCACG_009,77
GCTGGAACCTGTTCTTCACG_010,6
GCTGGAACCTGTTCTTCACG_011,125
GCTGGAACCTGTTCTTCACG_012,163
GTAAAACTGGCATCTTCCCG_001,65
GTAAAACTGGCATCTTCCCG_002,55
GTAAAACTGGCATCTTCCCG_003,126
TGGAGAGATTGAGATCCGAG_001,159
TGGAGAGATTGAGATCCGAG_002,76
TGGAGAGATTGAGATCCGAG_003,48
GCTGCCACCAAAGACCGGCG_001,106
GCTGCCACCAAAGACCGGCG_002,138
GCTGCCACCAAAGACCGGCG_003,135
GCTGCCACCAAAGACCGGCG_004,48
GCTGCCACCAAAGACCGGCG_005,127
GCTGCCACCAAAGACCGGCG_006,55
GCTGCCACCAAAGACCGGCG_007,119
GCTGCCACCAAAGACCGGCG_008,129
GCTGCCACCAAAGACCGGCG_009,2
GCTGCCACCAAAGACCGGCG_010,91
GCTGCCACCAAAGACCGGCG_011,177
GCTGCCACCAAAGACCGGCG_012,2
GTCATGAGGGAACGGAAGCG_001,171
GTCATGAGGGAACGGAAGCG_002,195
GTCATGAGGGAACGGAAGCG_003,4
GTCATGAGGGAACGGAAGCG_004,153
GTCATGAGGGAACGGAAGCG_005,54
GTCATGAGGGAACGGAAGCG_006,51
GTCATGAGGGAACGGAAGCG_007,156
GTCATGAGGGAACGGAAGCG_008,13
GTCATGAGGGAACGGAAGCG_009,10
GTCATGAGGGAACGGAAGCG_010,168
TATTAACCTAAACTCAAGAG_001,12
TATTAACCTAAACTCAAGAG_002,34
TATTAACCTAAACTCAAGAG_003,160
TATTAACCTAAACTCAAGAG_004,176
TATTAACCTAAACTCAAGAG_005,104
TATTAACCTAAACTCAAGAG_006,151
TATTAACCTAAACTCAAGAG_007,81
TATTAACCTAAACTCAAGAG_008,165
TGTGGTCGCAGCACGAACGG_001,58
TGTGGTCGCAGCACGAACGG_002,130
TGTGGTCGCAGCACGAACGG_003,176
TGTGGTCGCAGCACGAACGG_004,127
TGTGGTCGCAGCACGAACGG_005,172
TGTGGTCGCAGCACGAACGG_006,45
TGTGGTCGCAGCACGAACGG_007,51
TGTGGTCGCAGCACGAACGG_008,159
TGTGGTCGCAGCACGAACGG_009,137
TGTGGTCGCAGCACGAACGG_010,150
TGTGGTCGCAGCACGAACGG_011,0
TGTGGTCGCAGCACGAACGG_012,103
TGTGGTCGCAGCACGAACGG_013,190
TGTGGTCGCAGCACGAACGG_014,184
TGTGGTCGCAGCACGAACGG_015,146
TGTGGTCGCAGCACGAACGG_016,70
TGTGGTCGCAGCACGAACGG_017,66
TGTGGTCGCAGCACGAACGG_018,125
TGTGGTCGCAGCACGAACGG_019,80
TGTGGTCGCAGCACGAACGG_020,123
TGTGGTCGCAGCACGAACGG_021,70
TGTGGTCGCAGCACGAACGG_022,56
TGTGGTCGCAGCACGAACGG_023,104
TGTGGTCGCAGCACGAACGG_024,34
TGTGGTCGCAGCACGAACGG_025,149
TGTGGTCGCAGCACGAACGG_026,168
TGTGGTCGCAGCACGAACGG_027,113
TGTGGTCGCAGCACGAACGG_028,57
TGTGGTCGCAGCACGAACGG_029,115
TGTGGTCGCAGCACGAACGG_030,121
TGTGGTCGCAGCACGAACGG_031,44
TGTGGTCGCAGCACGAACGG_032,77
TGTGGTCGCAGCACGAACGG_033,77
TGTGGTCGCAGCACGAACGG_034,160
TGTGGTCGCAGCACGAACGG_035,126
TGTGGTCGCAGCACGAACGG_036,124
TGTGGTCGCAGCACGAACGG_037,9
TGTGGTCGCAGCACGAACGG_038,115
TGTGGTCGCAGCACGAACGG_039,1
ATAATGTATGCACTGCATCG_001,115
ATAATGTATGCACTGCATCG_002,175
ATAATGTATGCACTGCATCG_003,5
ATAATGTATGCACTGCATCG_004,76
ATAATGTATGCACTGCATCG_005,65
ATAATGTATGCACTGCATCG_006,169
ATAATGTATGCACTGCATCG_007,118
ATAATGTATGCACTGCATCG_008,38
ATAATGTATGCACTGCATCG_009,82
ATAATGTATGCACTGCATCG_010,182
ATAATGTATGCACTGCATCG_011,49
ATAATGTATGCACTGCATCG_012,19
ATAATGTATGCACTGCATCG_013,191
ATAATGTATGCACTGCATCG_014,28
ATAATGTATGCACTGCATCG_015,36
ATAATGTATGCACTGCATCG_016,48
ATAATGTATGCACTGCATCG_017,152
GAAATGGCTGAATGTTCTGT_001,34
GAAATGGCTGAATGTTCTGT_002,138
GAAATGGCTGAATGTTCTGT_003,107
GAAATGGCTGAATGTTCTGT_004,165
GAAATGGCTGAATGTTCTGT_005,10
GCGCATACCAGTTGCCATAG_001,63
GCGCATACCAGTTGCCATAG_002,188
GCGCATACCAGTTGCCATAG_003,181
GCGCATACCAGTTGCCATAG_004,41
GCGCATACCAGTTGCCATAG_005,113
GCGCATACCAGTTGCCATAG_006,127
GCGCATACCAGTTGCCATAG_007,115
GCGCATACCAGTTGCCATAG_008,168
GCGCATACCAGTTGCCATAG_009,37
GCGCATACCAGTTGCCATAG_010,152
GCGCATACCAGTTGCCATAG_011,138
GCGCATACCAGTTGCCATAG_012,166
GAGGGGCTGCTATCGGCTGG_001,183
GAGGGGCTGCTATCGGCTGG_002,178
GAGGGGCTGCTATCGGCTGG_003,68
GAGGGGCTGCTATCGGCTGG_004,76
GAGGGGCTGCTATCGGCTGG_005,75
GAGGGGCTGCTATCGGCTGG_006,148
CCCCGCAGTCCTCATCACCG_001,154
CCCCGCAGTCCTCATCACCG_002,151
CCCCGCAGTCCTCATCACCG_003,133
CCCCGCAGTCCTCATCACCG_004,92
CCCCGCAGTCCTCATCACCG_005,180
CCCCGCAGTCCTCATCACCG_006,187
CCCCGCAGTCCTCATCACCG_007,198
CGGCAATGCACGTCCCACTG_001,192
CGGCAATGCACGTCCCACTG_002,113
CGGCAATGCACGTCCCACTG_003,50
CGGCAATGCACGTCCCACTG_004,152
CGGCAATGCACGTCCCACTG_005,96
CGGCAATGCACGTCCCACTG_006,149
CGGCAATGCACGTCCCACTG_007,72
GAGTGCGCGAGTCGATGCAG_001,77
GAGTGCGCGAGTCGATGCAG_002,15
GAGTGCGCGAGTCGATGCAG_003,113
GAGTGCGCGAGTCGATGCAG_004,82
GAGTGCGCGAGTCGATGCAG_005,23
GAGTGCGCGAGTCGATGCAG_006,19
GAGTGCGCGAGTCGATGCAG_007,103
GAGTGCGCGAGTCGATGCAG_008,48
GAGTGCGCGAGTCGATGCAG_009,167
GCGATGCCACGTGCAACTCG_001,9
GCGATGCCACGTGCAACTCG_002,144
GCGATGCCACGTGCAACTCG_003,14
GCGATGCCACGTGCAACTCG_004,92
AGTACCTGCCTGCCTCACAT_001,6
AGTACCTGCCTGCCTCACAT_002,69
AGTACCTGCCTGCCTCACAT_003,79
AGTACCTGCCTGCCTCACAT_004,152
AGTACCTGCCTGCCTCACAT_005,88
AGTACCTGCCTGCCTCACAT_006,141
AGTACCTGCCTGCCTCACAT_007,95
AGTACCTGCCTGCCTCACAT_008,82
AGTACCTGCCTGCCTCACAT_009,137
AGTACCTGCCTGCCTCACAT_010,156
AGTACCTGCCTGCCTCACAT_011,145
AGTACCTGCCTGCCTCACAT_012,95
AGTACCTGCCTGCCTCACAT_013,81
AGTACCTGCCTGCCTCACAT_014,116
AGTACCTGCCTGCCTCACAT_015,150
AGTACCTGCCTGCCTCACAT_016,184
AGTACCTGCCTGCCTCACAT_017,144
AGTACCTGCCTGCCTCACAT_018,182
AGTACCTGCCTGCCTCACAT_019,68
AGTACCTGCCTGCCTCACAT_020,130
AGTACCTGCCTGCCTCACAT_021,61
AGTACCTGCCTGCCTCACAT_022,111
AGTACCTGCCTGCCTCACAT_023,10
CCTTCTCTAGGCCGCACACG_001,194
CCTTCTCTAGGCCGCACACG_002,83
CCTTCTCTAGGCCGCACACG_003,133
CCTTCTCTAGGCCGCACACG_004,75
CCTTCTCTAGGCCGCACACG_005,14
CCTTCTCTAGGCCGCACACG_006,23
CCTTCTCTAGGCCGCACACG_007,147
CCTTCTCTAGGCCGCACACG_008,140
CCTTCTCTAGGCCGCACACG_009,57
CCTTCTCTAGGCCGCACACG_010,1
CCTTCTCTAGGCCGCACACG_011,184
CCTTCTCTAGGCCGCACACG_012,92
CCTTCTCTAGGCCGCACACG_013,175
CCTTCTCTAGGCCGCACACG_014,158
CCTTCTCTAGGCCGCACACG_015,6
CCTTCTCTAGGCCGCACACG_016,189
CCTTCTCTAGGCCGCACACG_017,174
CCTTCTCTAGGCCGCACACG_018,56
CCGGACAGGCCGTCGGAATG_001,164
CCGGACAGGCCGTCGGAATG_002,73
CCGGACAGGCCGTCGGAATG_003,192
CCGGACAGGCCGTCGGAATG_004,34
GAGCCCGGGAAAGTGTGACC_001,36
GAGCCCGGGAAAGTGTGACC_002,53
GAGCCCGGGAAAGTGTGACC_003,29
GAGCCCGGGAAAGTGTGACC_004,45
GAGCCCGGGAAAGTGTGACC_005,127
GAGCCCGGGAAAGTGTGACC_006,170
GAGCCCGGGAAAGTGTGACC_007,161
GAGCCCGGGAAAGTGTGACC_008,0
GAGCCCGGGAAAGTGTGACC_009,165
GAGCCCGGGAAAGTGTGACC_010,38
GAGCCCGGGAAAGTGTGACC_011,72
GAGCCCGGGAAAGTGTGACC_012,154
GAGCCCGGGAAAGTGTGACC_013,144
GAGCCCGGGAAAGTGTGACC_014,35
GAGCCCGGGAAAGTGTGACC_015,137
GAGCCCGGGAAAGTGTGACC_016,29
GAGCCCGGGAAAGTGTGACC_017,165
TGAATGTAGTGTGTGTGGAA_001,52
TGAATGTAGTGTGTGTGGAA_002,36
TGAATGTAGTGTGTGTGGAA_003,188
TGAATGTAGTGTGTGTGGAA_004,20
TGAATGTAGTGTGTGTGGAA_005,70
TGAATGTAGTGTGTGTGGAA_006,184
TGAATGTAGTGTGTGTGGAA_007,63
TGAATGTAGTGTGTGTGGAA_008,34
TGAATGTAGTGTGTGTGGAA_009,21
TGAATGTAGTGTGTGTGGAA_010,60
TGAATGTAGTGTGTGTGGAA_011,34
TGAATGTAGTGTGTGTGGAA_012,46
GAAGCGGAAAAGTTTCCGAA_001,137
GAAGCGGAAAAGTTTCCGAA_002,12
GAAGCGGAAAAGTTTCCGAA_003,159
GAAGCGGAAAAGTTTCCGAA_004,159
GAAGCGGAAAAGTTTCCGAA_005,188
GAAGCGGAAAAGTTTCCGAA_006,46
GAAGCGGAAAAGTTTCCGAA_007,196
GAAGCGGAAAAGTTTCCGAA_008,147
GAAGCGGAAAAGTTTCCGAA_009,144
GAAGCGGAAAAGTTTCCGAA_010,52
GAAGCGGAAAAGTTTCCGAA_011,39
GAAGCGGAAAAGTTTCCGAA_012,3
GAAGCGGAAAAGTTTCCGAA_013,192
GACAGCGGCCGTCCTAAACG_001,33
GACAGCGGCCGTCCTAAACG_002,158
GACAGCGGCCGTCCTAAACG_003,199
GACAGCGGCCGTCCTAAACG_004,105
GACAGCGGCCGTCCTAAACG_005,48
GACAGCGGCCGTCCTAAACG_006,170
AGATATTCCTCGAGCCAAAG_001,138
AGATATTCCTCGAGCCAAAG_002,112
AGATATTCCTCGAGCCAAAG_003,185
AGATATTCCTCGAGCCAAAG_004,75
AGATATTCCTCGAGCCAAAG_005,162
AGATATTCCTCGAGCCAAAG_006,138
AGATATTCCTCGAGCCAAAG_007,165
AGATATTCCTCGAGCCAAAG_008,67
AGATATTCCTCGAGCCAAAG_009,190
AGATATTCCTCGAGCCAAAG_010,3
AGATATTCCTCGAGCCAAAG_011,188
AGATATTCCTCGAGCCAAAG_012,197
AGATATTCCTCGAGCCAAAG_013,126
AGATATTCCTCGAGCCAAAG_014,174
GTCACCATAGGGAAAGAAGT_001,22
GTCACCATAGGGAAAGAAGT_002,117
GTCACCATAGGGAAAGAAGT_003,105
GTCACCATAGGGAAAGAAGT_004,28
GTCACCATAGGGAAAGAAGT_005,75
ACCTGCAGGTGTATACAGTG_001,104
ACCTGCAGGTGTATACAGTG_002,106
ACCTGCAGGTGTATACAGTG_003,57
ACCTGCAGGTGTATACAGTG_004,23
ACCTGCAGGTGTATACAGTG_005,157
ACCTGCAGGTGTATACAGTG_006,88
ACCTGCAGGTGTATACAGTG_007,76
ACCTGCAGGTGTATACAGTG_008,170
ACCTGCAGGTGTATACAGTG_009,130
ACCTGCAGGTGTATACAGTG_010,34
ACCTGCAGGTGTATACAGTG_011,194
ACCTGCAGGTGTATACAGTG_012,52
AGAAGGTTATCAAAAACTTG_001,29
AGAAGGTTATCAAAAACTTG_002,155
AGAAGGTTATCAAAAACTTG_003,171
ATTCATACTATCCACGCCAA_001,105
ATTCATACTATCCACGCCAA_002,105
CCCTCCCCAAGAATGTTCCA_001,183
CCCTCCCCAAGAATGTTCCA_002,2
CCCTCCCCAAGAATGTTCCA_003,150
CCCTCCCCAAGAATGTTCCA_004,56
CCCTCCCCAAGAATGTTCCA_005,152
CCCTCCCCAAGAATGTTCCA_006,158
CCCTCCCCAAGAATGTTCCA_007,76
CCCTCCCCAAGAATGTTCCA_008,49
CCCTCCCCAAGAATGTTCCA_009,51
CCCTCCCCAAGAATGTTCCA_010,186
CCCTCCCCAAGAATGTTCCA_011,189
CCCTCCCCAAGAATGTTCCA_012,22
CCCTCCCCAAGAATGTTCCA_013,147
CCCTCCCCAAGAATGTTCCA_014,94
CCCTCCCCAAGAATGTTCCA_015,63
CCGTCTGCACGATAAACTCG_001,70
CCGTCTGCACGATAAACTCG_002,2
CCGTCTGCACGATAAACTCG_003,160
CCGTCTGCACGATAAACTCG_004,46
CCGTCTGCACGATAAACTCG_005,29
CCGTCTGCACGATAAACTCG_006,147
CCGTCTGCACGATAAACTCG_007,35
CCGTCTGCACGATAAACTCG_008,56
CCGTCTGCACGATAAACTCG_009,77
CCGTCTGCACGATAAACTCG_010,77
GGTAGACAGCGATGAAAATG_001,113
GGTAGACAGCGATGAAAATG_002,41
AACTGGTAACGATAAAGTCG_001,102
AACTGGTAACGATAAAGTCG_002,162
ACGATCGGTAATGGTCTGTT_001,85
ACGATCGGTAATGGTCTGTT_002,70
ACGATCGGTAATGGTCTGTT_003,78
ACGATCGGTAATGGTCTGTT_004,67
ACGATCGGTAATGGTCTGTT_005,74
ACGATCGGTAATGGTCTGTT_006,147
ACGATCGGTAATGGTCTGTT_007,172
ACGATCGGTAATGGTCTGTT_008,89
ACGATCGGTAATGGTCTGTT_009,138
ACGATCGGTAATGGTCTGTT_010,29
ACGATCGGTAATGGTCTGTT_011,68
ACGATCGGTAATGGTCTGTT_012,14
ACGATCGGTAATGGTCTGTT_013,61
ACGATCGGTAATGGTCTGTT_014,36
ACGATCGGTAATGGTCTGTT_015,165
ACGATCGGTAATGGTCTGTT_016,32
AGAATGTAACTGATCTGCAG_001,184
AGAATGTAACTGATCTGCAG_002,76
AGAATGTAACTGATCTGCAG_003,127
AGAATGTAACTGATCTGCAG_004,9
AGAATGTAACTGATCTGCAG_005,68
AGAATGTAACTGATCTGCAG_006,34
AGAATGTAACTGATCTGCAG_007,59
AGAATGTAACTGATCTGCAG_008,188
AGAATGTAACTGATCTGCAG_009,62
AGAATGTAACTGATCTGCAG_010,190
AGAATGTAACTGATCTGCAG_011,102
AGAATGTAACTGATCTGCAG_012,31
AGAATGTAACTGATCTGCAG_013,77
AGAATGTAACTGATCTGCAG_014,49
AGAATGTAACTGATCTGCAG_015,166
AGAATGTAACTGATCTGCAG_016,74
AGAATGTAACTGATCTGCAG_017,41
TGCATTCCCCCAGACAACAA_001,158
TGCATTCCCCCAGACAACAA_002,65
TGCATTCCCCCAGACAACAA_003,95
TGCATTCCCCCAGACAACAA_004,86
TGCATTCCCCCAGACAACAA_005,2
TGCATTCCCCCAGACAACAA_006,80
TGCATTCCCCCAGACAACAA_007,38
TGCATTCCCCCAGACAACAA_008,107
TGCATTCCCCCAGACAACAA_009,74
TGCATTCCCCCAGACAACAA_010,39
TGCATTCCCCCAGACAACAA_011,138
TGCATTCCCCCAGACAACAA_012,185
TGCATTCCCCCAGACAACAA_013,147
TGCATTCCCCCAGACAACAA_014,114
TGCATTCCCCCAGACAACAA_015,13
TGCATTCCCCCAGACAACAA_016,44
TGCATTCCCCCAGACAACAA_017,177
CCCAGAACTGGAGATCGGAC_001,70
CCCAGAACTGGAGATCGGAC_002,147
CCCAGAACTGGAGATCGGAC_003,125
CCCAGAACTGGAGATCGGAC_004,108
CCCAGAACTGGAGATCGGAC_005,163
CCCAGAACTGGAGATCGGAC_006,92
CCCAGAACTGGAGATCGGAC_007,44
CCCAGAACTGGAGATCGGAC_008,59
CCCAGAACTGGAGATCGGAC_009,138
ACCCACATGACAGCCTTCTG_001,43
ACCCACATGACAGCCTTCTG_002,12
ACCCACATGACAGCCTTCTG_003,150
ACCCACATGACAGCCTTCTG_004,32
ACCCACATGACAGCCTTCTG_005,141
ACCCACATGACAGCCTTCTG_006,6
ACCCACATGACAGCCTTCTG_007,58
ACCCACATGACAGCCTTCTG_008,32
ACCCACATGACAGCCTTCTG_009,5
ACCAGACCGTCTGATAGCTG_001,174
ACCAGACCGTCTGATAGCTG_002,13
ACCAGACCGTCTGATAGCTG_003,74
ACCAGACCGTCTGATAGCTG_004,82
ACCAGACCGTCTGATAGCTG_005,113
ACCAGACCGTCTGATAGCTG_006,52
ACCAGACCGTCTGATAGCTG_007,187
ACCAGACCGTCTGATAGCTG_008,32
ACCAGACCGTCTGATAGCTG_009,144
ACCAGACCGTCTGATAGCTG_010,142
ACCAGACCGTCTGATAGCTG_011,20
ACCAGACCGTCTGATAGCTG_012,113
ACCAGACCGTCTGATAGCTG_013,113
ACCAGACCGTCTGATAGCTG_014,20
ATTTCATGTAGATACTCCAG_001,38
ATTTCATGTAGATACTCCAG_002,15
ATGGAATGTCCACAGAAGGG_001,78
ATGGAATGTCCACAGAAGGG_002,28
ATGGAATGTCCACAGAAGGG_003,17
ATGGAATGTCCACAGAAGGG_004,115
CAAAAGCAAAGTGTTAACAA_001,140
CAAAAGCAAAGTGTTAACAA_002,116
CAAAAGCAAAGTGTTAACAA_003,74
CAAAAGCAAAGTGTTAACAA_004,85
CAAAAGCAAAGTGTTAACAA_005,162
CAAAAGCAAAGTGTTAACAA_006,50
CAAAAGCAAAGTGTTAACAA_007,46
CAAAAGCAAAGTGTTAACAA_008,197
CAAAAGCAAAGTGTTAACAA_009,23
CAAAAGCAAAGTGTTAACAA_010,5
CAAAAGCAAAGTGTTAACAA_011,134
CAAAAGCAAAGTGTTAACAA_012,67
GGAAGGACAAGCGTGTTCTG_001,170
GGAAGGACAAGCGTGTTCTG_002,113
GGAAGGACAAGCGTGTTCTG_003,33
GGAAGGACAAGCGTGTTCTG_004,172
GGAAGGACAAGCGTGTTCTG_005,48
GGAAGGACAAGCGTGTTCTG_006,61
GGAAGGACAAGCGTGTTCTG_007,97
GGAAGGACAAGCGTGTTCTG_008,156
GGAAGGACAAGCGTGTTCTG_009,156
GGAAGGACAAGCGTGTTCTG_010,177
GGAAGGACAAGCGTGTTCTG_011,199
GGAAGGACAAGCGTGTTCTG_012,199
GGAAGGACAAGCGTGTTCTG_013,28
GGAAGGACAAGCGTGTTCTG_014,191
GGAAGGACAAGCGTGTTCTG_015,166
GGAAGGACAAGCGTGTTCTG_016,102
TTACCCTCCGTTGAAAACGT_001,73
TTACCCTCCGTTGAAAACGT_002,176
TTACCCTCCGTTGAAAACGT_003,81
TTACCCTCCGTTGAAAACGT_004,145
TTACCCTCCGTTGAAAACGT_005,15
TTACCCTCCGTTGAAAACGT_006,166
TTACCCTCCGTTGAAAACGT_007,183
AGAACTAGGACAATAGCATG_001,103
AGAACTAGGACAATAGCATG_002,7
AGAACTAGGACAATAGCATG_003,106
AGAACTAGGACAATAGCATG_004,59
AGAACTAGGACAATAGCATG_005,182
AGAACTAGGACAATAGCATG_006,120
AGAACTAGGACAATAGCATG_007,60
AGAACTAGGACAATAGCATG_008,98
AGAACTAGGACAATAGCATG_009,152
AGACTCACCAGCTCGGGTCG_001,119
AGACTCACCAGCTCGGGTCG_002,130
AGACTCACCAGCTCGGGTCG_003,50
AGACTCACCAGCTCGGGTCG_004,193
AGACTCACCAGCTCGGGTCG_005,160
AGACTCACCAGCTCGGGTCG_006,19
AGACTCACCAGCTCGGGTCG_007,56
AGACTCACCAGCTCGGGTCG_008,159
AGACTCACCAGCTCGGGTCG_009,126
AGACTCACCAGCTCGGGTCG_010,70
AGACTCACCAGCTCGGGTCG_011,58
AGACTCACCAGCTCGGGTCG_012,62
AGACTCACCAGCTCGGGTCG_013,144
AGACTCACCAGCTCGGGTCG_014,63
AGACTCACCAGCTCGGGTCG_015,29
AGACTCACCAGCTCGGGTCG_016,191
AGACTCACCAGCTCGGGTCG_017,144
AGACTCACCAGCTCGGGTCG_018,79
AGACTCACCAGCTCGGGTCG_019,49
AGACTCACCAGCTCGGGTCG_020,62
AGACTCACCAGCTCGGGTCG_021,10
AGACTCACCAGCTCGGGTCG_022,80
AGACTCACCAGCTCGGGTCG_023,105
AGACTCACCAGCTCGGGTCG_024,157
AGACTCACCAGCTCGGGTCG_025,147
AGACTCACCAGCTCGGGTCG_026,106
GGTGCAAAAAACGTATACAC_001,2
GGTGCAAAAAACGTATACAC_002,31
GGTGCAAAAAACGTATACAC_003,83
GGTGCAAAAAACGTATACAC_004,51
GGTGCAAAAAACGTATACAC_005,121
GGTGCAAAAAACGTATACAC_006,199
CACAAAAAATAATTCCAGCA_001,60
CACAAAAAATAATTCCAGCA_002,145
CACAAAAAATAATTCCAGCA_003,50
ATGCAGTGCGTAGACCTGAT_001,169
ATGCAGTGCGTAGACCTGAT_002,111
ATGCAGTGCGTAGACCTGAT_003,149
ATGCAGTGCGTAGACCTGAT_004,94
ATGCAGTGCGTAGACCTGAT_005,166
ATGCAGTGCGTAGACCTGAT_006,106
ATGCAGTGCGTAGACCTGAT_007,1
ATGCAGTGCGTAGACCTGAT_008,57
ATGCAGTGCGTAGACCTGAT_009,48
ATGCAGTGCGTAGACCTGAT_010,72
ATGCAGTGCGTAGACCTGAT_011,130
ATGCAGTGCGTAGACCTGAT_012,192
ATGCAGTGCGTAGACCTGAT_013,156
ATGCAGTGCGTAGACCTGAT_014,117
ATGCAGTGCGTAGACCTGAT_015,93
ATGCAGTGCGTAGACCTGAT_016,169
ATGCAGTGCGTAGACCTGAT_017,1
ATGCAGTGCGTAGACCTGAT_018,16
ATGCAGTGCGTAGACCTGAT_019,67
ATGCAGTGCGTAGACCTGAT_020,134
ATGCAGTGCGTAGACCTGAT_021,111
ATGCAGTGCGTAGACCTGAT_022,133
ATGCAGTGCGTAGACCTGAT_023,2
ATGCAGTGCGTAGACCTGAT_024,107
ATGCAGTGCGTAGACCTGAT_025,154
ATGCAGTGCGTAGACCTGAT_026,72
ATGCAGTGCGTAGACCTGAT_027,101
ATGCAGTGCGTAGACCTGAT_028,41
ATGCAGTGCGTAGACCTGAT_029,195
ATGCAGTGCGTAGACCTGAT_030,121
ATGCAGTGCGTAGACCTGAT_031,55
ATGCAGTGCGTAGACCTGAT_032,15
ATGCAGTGCGTAGACCTGAT_033,57
ATGCAGTGCGTAGACCTGAT_034,128
ATGCAGTGCGTAGACCTGAT_035,155
ATGCAGTGCGTAGACCTGAT_036,137
GGTGGAGGGCCAGCTAGGTG_001,137
GGTGGAGGGCCAGCTAGGTG_002,178
GGTGGAGGGCCAGCTAGGTG_003,126
GGTGGAGGGCCAGCTAGGTG_004,15
GGTGGAGGGCCAGCTAGGTG_005,98
GATCACCTGCATGCACTCAG_001,191
GATCACCTGCATGCACTCAG_002,108
GATCACCTGCATGCACTCAG_003,80
GATCACCTGCATGCACTCAG_004,68
GATCACCTGCATGCACTCAG_005,58
GATCACCTGCATGCACTCAG_006,172
GATCACCTGCATGCACTCAG_007,12
GATCACCTGCATGCACTCAG_008,42
GATCACCTGCATGCACTCAG_009,95
GATCACCTGCATGCACTCAG_010,29
GATCACCTGCATGCACTCAG_011,137
GATCACCTGCATGCACTCAG_012,11
GATCACCTGCATGCACTCAG_013,178
GATCACCTGCATGCACTCAG_014,38
GATCACCTGCATGCACTCAG_015,147
AATACATAGTTAATACCTAA_001,181
AATACATAGTTAATACCTAA_002,93
AATACATAGTTAATACCTAA_003,72
AATACATAGTTAATACCTAA_004,81
AATACATAGTTAATACCTAA_005,56
AATACATAGTTAATACCTAA_006,9
AATACATAGTTAATACCTAA_007,68
AATACATAGTTAATACCTAA_008,26
CAGTGGGGGGAAAAGTTCCG_001,150
CAGTGGGGGGAAAAGTTCCG_002,58
CAGTGGGGGGAAAAGTTCCG_003,19
CAGTGGGGGGAAAAGTTCCG_004,130
CAGTGGGGGGAAAAGTTCCG_005,20
CAGTGGGGGGAAAAGTTCCG_006,174
CAGTGGGGGGAAAAGTTCCG_007,144
CAGTGGGGGGAAAAGTTCCG_008,150
CAGTGGGGGGAAAAGTTCCG_009,162
CAGTGGGGGGAAAAGTTCCG_010,152
CAGTGGGGGGAAAAGTTCCG_011,102
CAGTGGGGGGAAAAGTTCCG_012,73
CAGTGGGGGGAAAAGTTCCG_013,13
CAGTGGGGGGAAAAGTTCCG_014,148
CAGTGGGGGGAAAAGTTCCG_015,9
CAGTGGGGGGAAAAGTTCCG_016,1
AAGTTACTGTTGGCGAGCTG_001,116
AAGTTACTGTTGGCGAGCTG_002,77
AAGTTACTGTTGGCGAGCTG_003,184
AAGTTACTGTTGGCGAGCTG_004,75
AAGTTACTGTTGGCGAGCTG_005,134
AAGTTACTGTTGGCGAGCTG_006,15
AAGTTACTGTTGGCGAGCTG_007,88
AAGTTACTGTTGGCGAGCTG_008,112
AAGTTACTGTTGGCGAGCTG_009,20
AAGTTACTGTTGGCGAGCTG_010,57
AAGTTACTGTTGGCGAGCTG_011,104
AAGTTACTGTTGGCGAGCTG_012,164
GCGTGGACAAGGATGCGCAG_001,196
GCGTGGACAAGGATGCGCAG_002,134
GCGTGGACAAGGATGCGCAG_003,130
GCGTGGACAAGGATGCGCAG_004,40
GCGTGGACAAGGATGCGCAG_005,197
GCGTGGACAAGGATGCGCAG_006,162
GCGTGGACAAGGATGCGCAG_007,9
ATACTCACTGGGAACGACCG_001,150
ATACTCACTGGGAACGACCG_002,160
ATACTCACTGGGAACGACCG_003,57
ATACTCACTGGGAACGACCG_004,194
ATACTCACTGGGAACGACCG_005,92
ATACTCACTGGGAACGACCG_006,107
ATACTCACTGGGAACGACCG_007,101
ATACTCACTGGGAACGACCG_008,33
ATACTCACTGGGAACGACCG_009,111
ATACTCACTGGGAACGACCG_010,10
ATACTCACTGGGAACGACCG_011,3
ATACTCACTGGGAACGACCG_012,17
ATACTCACTGGGAACGACCG_013,105
ATACTCACTGGGAACGACCG_014,1
ATACTCACTGGGAACGACCG_015,113
ATACTCACTGGGAACGACCG_016,113
ATACTCACTGGGAACGACCG_017,142
GCTTAAGTCACGGCTTTCCA_001,28
GCTTAAGTCACGGCTTTCCA_002,171
GCTTAAGTCACGGCTTTCCA_003,130
GCTTAAGTCACGGCTTTCCA_004,193
GCTTAAGTCACGGCTTTCCA_005,161
GCTTAAGTCACGGCTTTCCA_006,154
GCTTAAGTCACGGCTTTCCA_007,120
GCTTAAGTCACGGCTTTCCA_008,19
GCTTAAGTCACGGCTTTCCA_009,82
GCTTAAGTCACGGCTTTCCA_010,22
GCTTAAGTCACGGCTTTCCA_011,95
GCTTAAGTCACGGCTTTCCA_012,124
GCTTAAGTCACGGCTTTCCA_013,23
GCTTAAGTCACGGCTTTCCA_014,2
GCTTAAGTCACGGCTTTCCA_015,56
AGCCTACAGAAATGGAAGAG_001,150
AGCCTACAGAAATGGAAGAG_002,169
AGCCTACAGAAATGGAAGAG_003,168
AGCCTACAGAAATGGAAGAG_004,94
AGCCTACAGAAATGGAAGAG_005,158
AGCCTACAGAAATGGAAGAG_006,102
AGCCTACAGAAATGGAAGAG_007,2
AGCCTACAGAAATGGAAGAG_008,199
AGCCTACAGAAATGGAAGAG_009,118
AGCCTACAGAAATGGAAGAG_010,162
AGCCTACAGAAATGGAAGAG_011,119
AGCCTACAGAAATGGAAGAG_012,164
AGCCTACAGAAATGGAAGAG_013,164
AGCCTACAGAAATGGAAGAG_014,76
TCCTGTAAGTAGAACCCACA_001,172
TCCTGTAAGTAGAACCCACA_002,28
TCCTGTAAGTAGAACCCACA_003,94
TCCTGTAAGTAGAACCCACA_004,191
TCCTGTAAGTAGAACCCACA_005,173
TCCTGTAAGTAGAACCCACA_006,173
ATTCTCAGTAAGATTGGTCA_001,181
ATTCTCAGTAAGATTGGTCA_002,139
ATTCTCAGTAAGATTGGTCA_003,91
ATTCTCAGTAAGATTGGTCA_004,6
ATTCTCAGTAAGATTGGTCA_005,82
ATTCTCAGTAAGATTGGTCA_006,60
ATTCTCAGTAAGATTGGTCA_007,36
ATTCTCAGTAAGATTGGTCA_008,50
ATTCTCAGTAAGATTGGTCA_009,166
ATTCTCAGTAAGATTGGTCA_010,82
ATGAACGAGTCTGCCGAAGA_001,134
ATGAACGAGTCTGCCGAAGA_002,134
ATGAACGAGTCTGCCGAAGA_003,118
ATGAACGAGTCTGCCGAAGA_004,75
ATGAACGAGTCTGCCGAAGA_005,39
TTGTGTGTGGCACATACAAG_001,142
TTGTGTGTGGCACATACAAG_002,169
TTGTGTGTGGCACATACAAG_003,66
TGTCTGTAAGGAGCCACAGG_001,175
TGTCTGTAAGGAGCCACAGG_002,147
TGGAGGCAGCTCTGTATCCG_001,43
TGGAGGCAGCTCTGTATCCG_002,54
TGGAGGCAGCTCTGTATCCG_003,34
TGGAGGCAGCTCTGTATCCG_004,190
TGGAGGCAGCTCTGTATCCG_005,61
TGGAGGCAGCTCTGTATCCG_006,35
TGGAGGCAGCTCTGTATCCG_007,67
TGGAGGCAGCTCTGTATCCG_008,40
AAAACTTGAAGAGCATCTGG_001,135
AAAACTTGAAGAGCATCTGG_002,34
AAAACTTGAAGAGCATCTGG_003,75
AAAACTTGAAGAGCATCTGG_004,184
AAAACTTGAAGAGCATCTGG_005,48
TCTCATTCCGGGTATTCCGG_001,177
TATCTATACACCCACAGCAG_001,151
TATCTATACACCCACAGCAG_002,139
TATCTATACACCCACAGCAG_003,58
TGGTAAACCCATAATCACTG_001,2
TGGTAAACCCATAATCACTG_002,17
TGGTAAACCCATAATCACTG_003,139
TGGTAAACCCATAATCACTG_004,127
AGGGAAGCCATCATACCACA_001,95
AGGCTTGTGCACAACCAGGT_001,56
AGGCTTGTGCACAACCAGGT_002,187
AGGCTTGTGCACAACCAGGT_003,147
AGGCTTGTGCACAACCAGGT_004,184
AGGCTTGTGCACAACCAGGT_005,16
AGGCTTGTGCACAACCAGGT_006,11
AGGCTTGTGCACAACCAGGT_007,10
AGGCTTGTGCACAACCAGGT_008,33
GCACGCTGGCGAGTATGGTG_001,151
GCACGCTGGCGAGTATGGTG_002,58
GCACGCTGGCGAGTATGGTG_003,75
GCACGCTGGCGAGTATGGTG_004,170
GCACGCTGGCGAGTATGGTG_005,130
GCACGCTGGCGAGTATGGTG_006,38
GCACGCTGGCGAGTATGGTG_007,182
GCACGCTGGCGAGTATGGTG_008,135
GCACGCTGGCGAGTATGGTG_009,1
GCACGCTGGCGAGTATGGTG_010,151
GCACGCTGGCGAGTATGGTG_011,146
GGCTGCAACAGCTTCCGGAG_001,138
GGCTGCAACAGCTTCCGGAG_002,15
GGCTGCAACAGCTTCCGGAG_003,169
GGCTGCAACAGCTTCCGGAG_004,157
GGCTGCAACAGCTTCCGGAG_005,177
GGCTGCAACAGCTTCCGGAG_006,73
GGCTGCAACAGCTTCCGGAG_007,73
GGCTGCAACAGCTTCCGGAG_008,181
GGCTGCAACAGCTTCCGGAG_009,158
GGCTGCAACAGCTTCCGGAG_010,1
GGCTGCAACAGCTTCCGGAG_011,34
GGCTGCAACAGCTTCCGGAG_012,63
GGCTGCAACAGCTTCCGGAG_013,63
GGCTGCAACAGCTTCCGGAG_014,182
GGCTGCAACAGCTTCCGGAG_015,157
GGCTGCAACAGCTTCCGGAG_016,1
GGCTGCAACAGCTTCCGGAG_017,36
GGCTGCAACAGCTTCCGGAG_018,48
GGCTGCAACAGCTTCCGGAG_019,27
GGCTGCAACAGCTTCCGGAG_020,27
GGCTGCAACAGCTTCCGGAG_021,2
GGCTGCAACAGCTTCCGGAG_022,17
GGCTGCAACAGCTTCCGGAG_023,35
GGCTGCAACAGCTTCCGGAG_024,108
CCTCTGGGATCAGACACTTG_001,5
CCTCTGGGATCAGACACTTG_002,86
CCTCTGGGATCAGACACTTG_003,71
CCTCTGGGATCAGACACTTG_004,139
CCTCTGGGATCAGACACTTG_005,28
AAATCTGCAGACATACACAA_001,35
AAATCTGCAGACATACACAA_002,16
AAATCTGCAGACATACACAA_003,127
GACATATGGAACGGACAACG_001,2
GACATATGGAACGGACAACG_002,135
GACATATGGAACGGACAACG_003,16
GCCACAGAGGCGGGGCAGAA_001,70
GCCACAGAGGCGGGGCAGAA_002,121
GCCACAGAGGCGGGGCAGAA_003,49
GCCACAGAGGCGGGGCAGAA_004,146
GCCACAGAGGCGGGGCAGAA_005,49
GCCACAGAGGCGGGGCAGAA_006,103
GCCACAGAGGCGGGGCAGAA_007,65
GCCACAGAGGCGGGGCAGAA_008,140
GCCACAGAGGCGGGGCAGAA_009,29
GCCACAGAGGCGGGGCAGAA_010,176
ACGTGCCACCCGACACGGTG_001,60
ACGTGCCACCCGACACGGTG_002,149
ACGTGCCACCCGACACGGTG_003,127
ACGTGCCACCCGACACGGTG_004,2
ACGTGCCACCCGACACGGTG_005,59
ACGTGCCACCCGACACGGTG_006,74
ACGTGCCACCCGACACGGTG_007,1
ACGTGCCACCCGACACGGTG_008,130
ACGTGCCACCCGACACGGTG_009,194
ACGTGCCACCCGACACGGTG_010,94
ACGTGCCACCCGACACGGTG_011,182
ACGTGCCACCCGACACGGTG_012,30
ACGTGCCACCCGACACGGTG_013,55
ACGTGCCACCCGACACGGTG_014,61
ACGTGCCACCCGACACGGTG_015,185
ACGTGCCACCCGACACGGTG_016,146
ACGTGCCACCCGACACGGTG_017,134
ACGTGCCACCCGACACGGTG_018,4
ACGTGCCACCCGACACGGTG_019,0
ACGTGCCACCCGACACGGTG_020,77
ACGTGCCACCCGACACGGTG_021,184
ACGTGCCACCCGACACGGTG_022,15
ACGTGCCACCCGACACGGTG_023,109
ACGTGCCACCCGACACGGTG_024,31
ACGTGCCACCCGACACGGTG_025,38
ACGTGCCACCCGACACGGTG_026,52
ACGTGCCACCCGACACGGTG_027,76
ACGTGCCACCCGACACGGTG_028,57
ACGTGCCACCCGACACGGTG_029,48
ACGTGCCACCCGACACGGTG_030,41
ACGTGCCACCCGACACGGTG_031,19
ACGTGCCACCCGACACGGTG_032,81
ACGTGCCACCCGACACGGTG_033,138
ACGTGCCACCCGACACGGTG_034,3
ACGTGCCACCCGACACGGTG_035,52
ACGTGCCACCCGACACGGTG_036,121
GCCATGAGGATTCCTTTATG_001,32
GCCATGAGGATTCCTTTATG_002,68
GCCATGAGGATTCCTTTATG_003,137
GCCATGAGGATTCCTTTATG_004,144
ACAGGAGCTACAGTATACAC_001,121
ACAGGAGCTACAGTATACAC_002,111
ACAGGAGCTACAGTATACAC_003,141
ACAGGAGCTACAGTATACAC_004,6
ACGCTGCTGTTCGACTGCGA_001,17
ACGCTGCTGTTCGACTGCGA_002,92
ACGCTGCTGTTCGACTGCGA_003,62
ACGCTGCTGTTCGACTGCGA_004,155
ACGCTGCTGTTCGACTGCGA_005,49
ACGCTGCTGTTCGACTGCGA_006,8
ACGCTGCTGTTCGACTGCGA_007,107
ACGCTGCTGTTCGACTGCGA_008,84
ACGCTGCTGTTCGACTGCGA_009,147
ACGCTGCTGTTCGACTGCGA_010,77
ACGCTGCTGTTCGACTGCGA_011,117
ACGCTGCTGTTCGACTGCGA_012,94
ACGCTGCTGTTCGACTGCGA_013,40
ACGCTGCTGTTCGACTGCGA_014,168
ACGCTGCTGTTCGACTGCGA_015,9
ACGCTGCTGTTCGACTGCGA_016,68
ACGCTGCTGTTCGACTGCGA_017,81
ACGCTGCTGTTCGACTGCGA_018,197
ACGCTGCTGTTCGACTGCGA_019,2
ACGCTGCTGTTCGACTGCGA_020,43
ACGCTGCTGTTCGACTGCGA_021,43
ACGCTGCTGTTCGACTGCGA_022,15
ACGCTGCTGTTCGACTGCGA_023,76
ACGCTGCTGTTCGACTGCGA_024,117
ACGCTGCTGTTCGACTGCGA_025,106
ACGCTGCTGTTCGACTGCGA_026,194
ACGCTGCTGTTCGACTGCGA_027,50
AGGCATTGATGTCCAGACTT_001,22
AGGCATTGATGTCCAGACTT_002,42
AGGCATTGATGTCCAGACTT_003,115
AGGCATTGATGTCCAGACTT_004,172
AGGCATTGATGTCCAGACTT_005,137
AGGCATTGATGTCCAGACTT_006,122
AGGCATTGATGTCCAGACTT_007,160
AGGCATTGATGTCCAGACTT_008,70
CTGGGAAAATGATTCGCACG_001,65
CTGGGAAAATGATTCGCACG_002,41
CTGGGAAAATGATTCGCACG_003,72
CTGGGAAAATGATTCGCACG_004,116
CTGGGAAAATGATTCGCACG_005,6
CTGGGAAAATGATTCGCACG_006,126
ATGATCCGCATGGACCGGCG_001,88
ATGATCCGCATGGACCGGCG_002,8
ATGATCCGCATGGACCGGCG_003,11
ATGATCCGCATGGACCGGCG_004,184
ATGATCCGCATGGACCGGCG_005,159
ATGATCCGCATGGACCGGCG_006,82
ATGATCCGCATGGACCGGCG_007,168
ATGATCCGCATGGACCGGCG_008,197
ATGATCCGCATGGACCGGCG_009,128
ATGATCCGCATGGACCGGCG_010,188
ATGATCCGCATGGACCGGCG_011,15
ATGATCCGCATGGACCGGCG_012,159
ATGATCCGCATGGACCGGCG_013,19
ATGATCCGCATGGACCGGCG_014,77
ATGATCCGCATGGACCGGCG_015,90
ATGATCCGCATGGACCGGCG_016,121
ATGATCCGCATGGACCGGCG_017,37
ATGATCCGCATGGACCGGCG_018,34
ATGATCCGCATGGACCGGCG_019,22
ATGATCCGCATGGACCGGCG_020,26
ATGATCCGCATGGACCGGCG_021,52
ATGATCCGCATGGACCGGCG_022,60
ATGATCCGCATGGACCGGCG_023,92
ATGATCCGCATGGACCGGCG_024,147
ATGATCCGCATGGACCGGCG_025,147
ATGATCCGCATGGACCGGCG_026,143
ATGATCCGCATGGACCGGCG_027,143
ATGATCCGCATGGACCGGCG_028,184
ATGATCCGCATGGACCGGCG_029,44
GGCCCTAAGTGGCCCCAGTG_001,68
GGCCCTAAGTGGCCCCAGTG_002,27
GGCCCTAAGTGGCCCCAGTG_003,22
GGCCCTAAGTGGCCCCAGTG_004,81
GGCCCTAAGTGGCCCCAGTG_005,122
GGCCCTAAGTGGCCCCAGTG_006,50
GGCCCTAAGTGGCCCCAGTG_007,54
GGACTCAACAGAGATGTCCC_001,7
GGACTCAACAGAGATGTCCC_002,91
GGACTCAACAGAGATGTCCC_003,145
GCAAGGAAAAGAGCTGTGGA_001,9
GCAAGGAAAAGAGCTGTGGA_002,54
GCAAGGAAAAGAGCTGTGGA_003,188
GCAAGGAAAAGAGCTGTGGA_004,50
GCAAGGAAAAGAGCTGTGGA_005,9
GCAAGGAAAAGAGCTGTGGA_006,187
GCAAGGAAAAGAGCTGTGGA_007,17
GCAAGGAAAAGAGCTGTGGA_008,140
GCAAGGAAAAGAGCTGTGGA_009,78
GCAAGGAAAAGAGCTGTGGA_010,175
GCAAGGAAAAGAGCTGTGGA_011,28
GCAAGGAAAAGAGCTGTGGA_012,146
GCAAGGAAAAGAGCTGTGGA_013,82
AGGAAATGCTAGTGAGTCGG_001,15
AGGAAATGCTAGTGAGTCGG_002,137
AGGAAATGCTAGTGAGTCGG_003,19
AGGAAATGCTAGTGAGTCGG_004,88
AGGAAATGCTAGTGAGTCGG_005,190
AGGAAATGCTAGTGAGTCGG_006,141
AGGAAATGCTAGTGAGTCGG_007,185
AGGAAATGCTAGTGAGTCGG_008,149
AGGAAATGCTAGTGAGTCGG_009,60
AGGAAATGCTAGTGAGTCGG_010,174
AGGAAATGCTAGTGAGTCGG_011,137
ACGTACGCAGAGACAGCCAT_001,137
ACGTACGCAGAGACAGCCAT_002,173
ACGTACGCAGAGACAGCCAT_003,39
ACGTACGCAGAGACAGCCAT_004,68
AACTTACATGGGCAACAGTG_001,194
AACTTACATGGGCAACAGTG_002,36
AACTTACATGGGCAACAGTG_003,148
AACTTACATGGGCAACAGTG_004,161
AACTTACATGGGCAACAGTG_005,150
AACTTACATGGGCAACAGTG_006,20
AACTTACATGGGCAACAGTG_007,92
AACTTACATGGGCAACAGTG_008,44
AGCGCCTCCAATGACCCAGT_001,148
AGCGCCTCCAATGACCCAGT_002,43
AGCGCCTCCAATGACCCAGT_003,181
AGCGCCTCCAATGACCCAGT_004,172
AGCGCCTCCAATGACCCAGT_005,172
AGCGCCTCCAATGACCCAGT_006,82
AGCGCCTCCAATGACCCAGT_007,27
AGCGCCTCCAATGACCCAGT_008,52
CCCGCACCGCCATGGACGGT_001,100
CCCGCACCGCCATGGACGGT_002,15
CCCGCACCGCCATGGACGGT_003,166
CCCGCACCGCCATGGACGGT_004,34
CCCGCACCGCCATGGACGGT_005,1
CCCGCACCGCCATGGACGGT_006,29
GTGGTGCTTTACAACTTCCA_001,117
GTGGTGCTTTACAACTTCCA_002,105
GTGGTGCTTTACAACTTCCA_003,41
GTGGTGCTTTACAACTTCCA_004,9
GTGGTGCTTTACAACTTCCA_005,81
GTGGTGCTTTACAACTTCCA_006,121
GTGGTGCTTTACAACTTCCA_007,116
GTGGTGCTTTACAACTTCCA_008,105
GTGGTGCTTTACAACTTCCA_009,30
GTGGTGCTTTACAACTTCCA_010,151
GTGGTGCTTTACAACTTCCA_011,115
GTGGTGCTTTACAACTTCCA_012,69
TATTGAGGCAAACAGGATTG_001,49
TATTGAGGCAAACAGGATTG_002,37
TATTGAGGCAAACAGGATTG_003,142
TATTGAGGCAAACAGGATTG_004,118
TATTGAGGCAAACAGGATTG_005,6
TATTGAGGCAAACAGGATTG_006,159
TATTGAGGCAAACAGGATTG_007,160
TATTGAGGCAAACAGGATTG_008,141
TATTGAGGCAAACAGGATTG_009,165
CAGCAGCGGCTTCAGCGACT_001,14
CAGCAGCGGCTTCAGCGACT_002,43
CAGCAGCGGCTTCAGCGACT_003,105
CAGCAGCGGCTTCAGCGACT_004,149
CAGCAGCGGCTTCAGCGACT_005,82
GCAAACATGGTCTCATAGGT_001,175
AGTGGTATAAGCCCCTAGTG_001,9
AGTGGTATAAGCCCCTAGTG_002,156
AGTGGTATAAGCCCCTAGTG_003,60
AGTGGTATAAGCCCCTAGTG_004,76
AGTGGTATAAGCCCCTAGTG_005,100
AGTGGTATAAGCCCCTAGTG_006,133
AGTGGTATAAGCCCCTAGTG_007,48
AGTGGTATAAGCCCCTAGTG_008,7
AAAGTGAGATAAGACCTGAT_001,120
AAAGTGAGATAAGACCTGAT_002,115
AAAGTGAGATAAGACCTGAT_003,101
AAAGTGAGATAAGACCTGAT_004,118
AAAGTGAGATAAGACCTGAT_005,181
GAGGTCACTGCGCATGACCG_001,198
GAGGTCACTGCGCATGACCG_002,48
GAGGTCACTGCGCATGACCG_003,150
GAGGTCACTGCGCATGACCG_004,74
GAGGTCACTGCGCATGACCG_005,121
GAGGTCACTGCGCATGACCG_006,70
GAGGTCACTGCGCATGACCG_007,120
GAGGTCACTGCGCATGACCG_008,160
GAGGTCACTGCGCATGACCG_009,2
GAGGTCACTGCGCATGACCG_010,62
GAGGTCACTGCGCATGACCG_011,112
GAGGTCACTGCGCATGACCG_012,172
GGAGTATGATCCACTCAAAG_001,164
GGAGTATGATCCACTCAAAG_002,38
GGAGTATGATCCACTCAAAG_003,44
GGAGTATGATCCACTCAAAG_004,160
GGAGTATGATCCACTCAAAG_005,98
GGAGTATGATCCACTCAAAG_006,169
GGAGTATGATCCACTCAAAG_007,130
GGAGTATGATCCACTCAAAG_008,41
GGAGTATGATCCACTCAAAG_009,103
GGAGTATGATCCACTCAAAG_010,146
GGAGTATGATCCACTCAAAG_011,3
GTATCAGAAAAGGCAGAGGA_001,69
GTATCAGAAAAGGCAGAGGA_002,94
GTATCAGAAAAGGCAGAGGA_003,154
GTATCAGAAAAGGCAGAGGA_004,193
GTATCAGAAAAGGCAGAGGA_005,137
GTATCAGAAAAGGCAGAGGA_006,74
GTATCAGAAAAGGCAGAGGA_007,130
GTATCAGAAAAGGCAGAGGA_008,46
GTATCAGAAAAGGCAGAGGA_009,137
GTATCAGAAAAGGCAGAGGA_010,121
GAGAAAGAAATGTATACGCT_001,88
GAGAAAGAAATGTATACGCT_002,107
GAGAAAGAAATGTATACGCT_003,185
GAGAAAGAAATGTATACGCT_004,5
GAGAAAGAAATGTATACGCT_005,130
GAGAAAGAAATGTATACGCT_006,40
GAGCGGCCTTATCCGTACGG_001,142
GAGCGGCCTTATCCGTACGG_002,108
GAGCGGCCTTATCCGTACGG_003,70
GAGCGGCCTTATCCGTACGG_004,11
GAGCGGCCTTATCCGTACGG_005,97
GAGCGGCCTTATCCGTACGG_006,118
GAGCGGCCTTATCCGTACGG_007,78
GAGCGGCCTTATCCGTACGG_008,147
GAGCGGCCTTATCCGTACGG_009,48
GAGCGGCCTTATCCGTACGG_010,117
GAGCGGCCTTATCCGTACGG_011,193
GAGCGGCCTTATCCGTACGG_012,71
GGGCCGGAGTAGCCGACCCG_001,116
GGGCCGGAGTAGCCGACCCG_002,187
GGCGATTTGCAAGAATTGTG_001,115
GGCGATTTGCAAGAATTGTG_002,69
GGCGATTTGCAAGAATTGTG_003,85
GGCGATTTGCAAGAATTGTG_004,104
GGCGATTTGCAAGAATTGTG_005,152
TGTAGGTCTTGGTGTCCCTG_001,34
TGTAGGTCTTGGTGTCCCTG_002,100
TGTAGGTCTTGGTGTCCCTG_003,64
TGTAGGTCTTGGTGTCCCTG_004,35
TGTAGGTCTTGGTGTCCCTG_005,99
TGTAGGTCTTGGTGTCCCTG_006,10
CTACCTGCTTGTGGCCGGGA_001,1
CTACCTGCTTGTGGCCGGGA_002,107
CTACCTGCTTGTGGCCGGGA_003,154
CTACCTGCTTGTGGCCGGGA_004,86
CTACCTGCTTGTGGCCGGGA_005,119
CTACCTGCTTGTGGCCGGGA_006,112
CTACCTGCTTGTGGCCGGGA_007,59
CTACCTGCTTGTGGCCGGGA_008,82
CTACCTGCTTGTGGCCGGGA_009,63
CTACCTGCTTGTGGCCGGGA_010,170
CTACCTGCTTGTGGCCGGGA_011,113
CTACCTGCTTGTGGCCGGGA_012,190
CTACCTGCTTGTGGCCGGGA_013,6
CTACCTGCTTGTGGCCGGGA_014,69
CTACCTGCTTGTGGCCGGGA_015,42
CTACCTGCTTGTGGCCGGGA_016,158
CTACCTGCTTGTGGCCGGGA_017,82
CTACCTGCTTGTGGCCGGGA_018,48
CTACCTGCTTGTGGCCGGGA_019,153
GGAGTGAGAAATCGGATCTG_001,50
GGAGTGAGAAATCGGATCTG_002,106
GGAGTGAGAAATCGGATCTG_003,2
GGAGTGAGAAATCGGATCTG_004,120
GGAGTGAGAAATCGGATCTG_005,175
GGAGTGAGAAATCGGATCTG_006,170
GGAGTGAGAAATCGGATCTG_007,6
GGAGTGAGAAATCGGATCTG_008,170
GGAGTGAGAAATCGGATCTG_009,62
GGAGTGAGAAATCGGATCTG_010,115
GGAGTGAGAAATCGGATCTG_011,61
GGAGTGAGAAATCGGATCTG_012,97
GGAGTGAGAAATCGGATCTG_013,56
GGAGTGAGAAATCGGATCTG_014,172
GGAGTGAGAAATCGGATCTG_015,49
GGAGTGAGAAATCGGATCTG_016,196
GGAGTGAGAAATCGGATCTG_017,37
GGAGTGAGAAATCGGATCTG_018,129
GGAGTGAGAAATCGGATCTG_019,28
GGAGTGAGAAATCGGATCTG_020,94
GGAGTGAGAAATCGGATCTG_021,184
GGAGTGAGAAATCGGATCTG_022,102
CAGTCACACACATCAGGCAG_001,70
CAGTCACACACATCAGGCAG_002,57
GGCCTATATCGATTTCGGCG_001,98
GGCCTATATCGATTTCGGCG_002,3
AAGAGGCTGCCTGATAAGCT_001,160
AAGAGGCTGCCTGATAAGCT_002,177
AAGAGGCTGCCTGATAAGCT_003,48
AAGAGGCTGCCTGATAAGCT_004,42
GGGTTGGCACTGAGACCGTG_001,2
GGGTTGGCACTGAGACCGTG_002,158
GGGTTGGCACTGAGACCGTG_003,104
GGGTTGGCACTGAGACCGTG_004,112
GGGTTGGCACTGAGACCGTG_005,31
CAGGCACCATGTTCTGACTT_001,170
CAGGCACCATGTTCTGACTT_002,58
CAGGCACCATGTTCTGACTT_003,31
CAGGCACCATGTTCTGACTT_004,35
CAGGCACCATGTTCTGACTT_005,146
CAGGCACCATGTTCTGACTT_006,47
CAGGCACCATGTTCTGACTT_007,92
CTGTGATCCAGCATGTTGGG_001,58
CTGTGATCCAGCATGTTGGG_002,92
CTGTGATCCAGCATGTTGGG_003,2
CTGTGATCCAGCATGTTGGG_004,15
ACGTGGGCTCTTACTCGCTG_001,124
ACGTGGGCTCTTACTCGCTG_002,108
AACCTGGGATCGAACCACAG_001,23
AACCTGGGATCGAACCACAG_002,160
AACCTGGGATCGAACCACAG_003,51
AACCTGGGATCGAACCACAG_004,128
AACCTGGGATCGAACCACAG_005,187
AACCTGGGATCGAACCACAG_006,57
AACCTGGGATCGAACCACAG_007,145
AACCTGGGATCGAACCACAG_008,140
AACCTGGGATCGAACCACAG_009,59
AACCTGGGATCGAACCACAG_010,38
AACCTGGGATCGAACCACAG_011,50
AACCTGGGATCGAACCACAG_012,44
AACCTGGGATCGAACCACAG_013,83
AACCTGGGATCGAACCACAG_014,127
AACCTGGGATCGAACCACAG_015,78
AACCTGGGATCGAACCACAG_016,61
AACCTGGGATCGAACCACAG_017,27
AACCTGGGATCGAACCACAG_018,157
AACCTGGGATCGAACCACAG_019,186
AACCTGGGATCGAACCACAG_020,147
AACCTGGGATCGAACCACAG_021,168
AACCTGGGATCGAACCACAG_022,161
AACCTGGGATCGAACCACAG_023,34
AACCTGGGATCGAACCACAG_024,166
AACCTGGGATCGAACCACAG_025,60
AACCTGGGATCGAACCACAG_026,124
AACCTGGGATCGAACCACAG_027,170
AACCTGGGATCGAACCACAG_028,25
AACCTGGGATCGAACCACAG_029,150
AACCTGGGATCGAACCACAG_030,163
AACCTGGGATCGAACCACAG_031,38
AACCTGGGATCGAACCACAG_032,8
AACCTGGGATCGAACCACAG_033,144
AACCTGGGATCGAACCACAG_034,180
AACCTGGGATCGAACCACAG_035,116
AGTGCGCACCGCCGAGCAGT_001,147
AGTGCGCACCGCCGAGCAGT_002,115
AGTGCGCACCGCCGAGCAGT_003,12
AGTGCGCACCGCCGAGCAGT_004,83
AGTGCGCACCGCCGAGCAGT_005,37
AGTGCGCACCGCCGAGCAGT_006,69
CCACGACAAGGGACCCGAGG_001,126
CCACGACAAGGGACCCGAGG_002,108
CCACGACAAGGGACCCGAGG_003,32
CCACGACAAGGGACCCGAGG_004,173
CCACGACAAGGGACCCGAGG_005,129
CCACGACAAGGGACCCGAGG_006,17
GACCACAACTTCTTCAGTAG_001,48
GACCACAACTTCTTCAGTAG_002,2
GACCACAACTTCTTCAGTAG_003,66
GGTGACTCAGATATTGCTGG_001,56
GGTGACTCAGATATTGCTGG_002,102
GGTGACTCAGATATTGCTGG_003,9
GGTGACTCAGATATTGCTGG_004,191
GGTGACTCAGATATTGCTGG_005,168
GGTGACTCAGATATTGCTGG_006,190
GGTGACTCAGATATTGCTGG_007,140
ACCTGCAGAGTTTCCAGACA_001,168
ACCTGCAGAGTTTCCAGACA_002,15
ACCTGCAGAGTTTCCAGACA_003,72
ACCTGCAGAGTTTCCAGACA_004,19
GTCTGACAACATCTACCCGG_001,148
GTCTGACAACATCTACCCGG_002,61
GTCTGACAACATCTACCCGG_003,22
GTCTGACAACATCTACCCGG_004,164
GTCTGACAACATCTACCCGG_005,164
GTCTGACAACATCTACCCGG_006,47
GTCTGACAACATCTACCCGG_007,41
TAGGCCTCTGGGCTTTACGG_001,69
TAGGCCTCTGGGCTTTACGG_002,42
TAGGCCTCTGGGCTTTACGG_003,141
TAGGCCTCTGGGCTTTACGG_004,138
TAGGCCTCTGGGCTTTACGG_005,72
TAGGCCTCTGGGCTTTACGG_006,99
TAGGCCTCTGGGCTTTACGG_007,174
GAAGCACTGTCTTTCACTGG_001,107
GAAGCACTGTCTTTCACTGG_002,160
GAAGCACTGTCTTTCACTGG_003,169
AGGTAGTGACCAAAGGAACT_001,135
AGGTAGTGACCAAAGGAACT_002,196
AGGTAGTGACCAAAGGAACT_003,84
AGGTAGTGACCAAAGGAACT_004,49
AGGTAGTGACCAAAGGAACT_005,10
CATCGGGGGCGACTTCGATG_001,157
CATCGGGGGCGACTTCGATG_002,102
CATCGGGGGCGACTTCGATG_003,134
CATCGGGGGCGACTTCGATG_004,43
ACAACCGCCTTGTGGCAACA_001,16
ACAACCGCCTTGTGGCAACA_002,50
ACAACCGCCTTGTGGCAACA_003,78
ACAACCGCCTTGTGGCAACA_004,86
ACAACCGCCTTGTGGCAACA_005,134
ACAACCGCCTTGTGGCAACA_006,148
GCCAAGCTGTACGACAACGC_001,4
GCCAAGCTGTACGACAACGC_002,197
GCCAAGCTGTACGACAACGC_003,176
GCCAAGCTGTACGACAACGC_004,41
GCCAAGCTGTACGACAACGC_005,57
GCCAAGCTGTACGACAACGC_006,34
GCCAAGCTGTACGACAACGC_007,188
GCCAAGCTGTACGACAACGC_008,168
CGAGACAAGAAATCTTTATG_001,49
CGAGACAAGAAATCTTTATG_002,96
CGAGACAAGAAATCTTTATG_003,138
GTCCCCACAAAGTTCAGGGC_001,119
GTCCCCACAAAGTTCAGGGC_002,102
GTCCCCACAAAGTTCAGGGC_003,115
GTCCCCACAAAGTTCAGGGC_004,170
GTCCCCACAAAGTTCAGGGC_005,62
GTCCCCACAAAGTTCAGGGC_006,182
GTCCCCACAAAGTTCAGGGC_007,61
GTCCCCACAAAGTTCAGGGC_008,70
GTCCCCACAAAGTTCAGGGC_009,86
GTCCCCACAAAGTTCAGGGC_010,40
TCACGCTTACCATCATGTAA_001,156
TCACGCTTACCATCATGTAA_002,113
TCACGCTTACCATCATGTAA_003,96
TCACGCTTACCATCATGTAA_004,172
TCACGCTTACCATCATGTAA_005,61
TCACGCTTACCATCATGTAA_006,76
TCACGCTTACCATCATGTAA_007,159
TCACGCTTACCATCATGTAA_008,46
TCACGCTTACCATCATGTAA_009,144
CGAACATGTCTGCGGCCGCG_001,190
CGAACATGTCTGCGGCCGCG_002,25
CGAACATGTCTGCGGCCGCG_003,35
CGAACATGTCTGCGGCCGCG_004,90
CGAACATGTCTGCGGCCGCG_005,62
CGAACATGTCTGCGGCCGCG_006,20
CGAACATGTCTGCGGCCGCG_007,113
CGAACATGTCTGCGGCCGCG_008,126
CGAACATGTCTGCGGCCGCG_009,83
CGAACATGTCTGCGGCCGCG_010,11
CGAACATGTCTGCGGCCGCG_011,107
CGAACATGTCTGCGGCCGCG_012,170
CGAACATGTCTGCGGCCGCG_013,105
TGCTGGGAATAGGAGTACAC_001,35
TGCTGGGAATAGGAGTACAC_002,6
TGCTGGGAATAGGAGTACAC_003,2
TGCTGGGAATAGGAGTACAC_004,37
TCTTTCTTAATGAGCTGTCG_001,85
TCTTTCTTAATGAGCTGTCG_002,77
TCTTTCTTAATGAGCTGTCG_003,182
TCTTTCTTAATGAGCTGTCG_004,18
TCTTTCTTAATGAGCTGTCG_005,180
TCTTTCTTAATGAGCTGTCG_006,10
TCTTTCTTAATGAGCTGTCG_007,68
TCTTTCTTAATGAGCTGTCG_008,126
CAGCCATCCAAACAGACGCC_001,23
CAGCCATCCAAACAGACGCC_002,147
CAGCCATCCAAACAGACGCC_003,47
CAGCCATCCAAACAGACGCC_004,54
CAGCCATCCAAACAGACGCC_005,105
CAGCCATCCAAACAGACGCC_006,36
CAGCCATCCAAACAGACGCC_007,163
CAGCCATCCAAACAGACGCC_008,31
CAGCCATCCAAACAGACGCC_009,9
CAGCCATCCAAACAGACGCC_010,19
CAGCCATCCAAACAGACGCC_011,176
CAGCCATCCAAACAGACGCC_012,41
CAGCCATCCAAACAGACGCC_013,52
CAGCCATCCAAACAGACGCC_014,9
CAGCCATCCAAACAGACGCC_015,199
CAGCCATCCAAACAGACGCC_016,110
ATGGAGGTACCAGTTACGGT_001,12
ATGGAGGTACCAGTTACGGT_002,49
ATGGAGGTACCAGTTACGGT_003,61
ATGGAGGTACCAGTTACGGT_004,127
ATGGAGGTACCAGTTACGGT_005,11
ATGGAGGTACCAGTTACGGT_006,199
ATGGAGGTACCAGTTACGGT_007,12
ATGGAGGTACCAGTTACGGT_008,127
ATGGAGGTACCAGTTACGGT_009,15
ATGGAGGTACCAGTTACGGT_010,0
ATGGAGGTACCAGTTACGGT_011,194
ATGGAGGTACCAGTTACGGT_012,13
ATGGAGGTACCAGTTACGGT_013,115
ACACCTCGTGAACTGTAATG_001,76
ACACCTCGTGAACTGTAATG_002,191
ACACCTCGTGAACTGTAATG_003,148
ATCTGACGACCAGGCTACAT_001,17
ATCTGACGACCAGGCTACAT_002,41
ATCTGACGACCAGGCTACAT_003,166
ATCTGACGACCAGGCTACAT_004,137
ATCTGACGACCAGGCTACAT_005,35
ATCTGACGACCAGGCTACAT_006,149
ATCTGACGACCAGGCTACAT_007,157
ATCTGACGACCAGGCTACAT_008,25
ATCTGACGACCAGGCTACAT_009,127
ATCTGACGACCAGGCTACAT_010,165
ATCTGACGACCAGGCTACAT_011,170
ATCTGACGACCAGGCTACAT_012,180
ATCTGACGACCAGGCTACAT_013,58
CACCCCTCGAAGGACAACAT_001,43
CACCCCTCGAAGGACAACAT_002,118
CACCCCTCGAAGGACAACAT_003,147
CACCCCTCGAAGGACAACAT_004,84
CACCCCTCGAAGGACAACAT_005,127
CACCCCTCGAAGGACAACAT_006,125
CACCCCTCGAAGGACAACAT_007,36
CACCCCTCGAAGGACAACAT_008,94
CACCCCTCGAAGGACAACAT_009,91
CACCCCTCGAAGGACAACAT_010,30
CACCCCTCGAAGGACAACAT_011,94
CACCCCTCGAAGGACAACAT_012,191
CACCCCTCGAAGGACAACAT_013,86
CACCCCTCGAAGGACAACAT_014,74
CACCCCTCGAAGGACAACAT_015,94
CACCCCTCGAAGGACAACAT_016,177
CACCCCTCGAAGGACAACAT_017,176
CACCCCTCGAAGGACAACAT_018,41
CACCCCTCGAAGGACAACAT_019,196
CACCCCTCGAAGGACAACAT_020,127
CACCCCTCGAAGGACAACAT_021,146
CACCCCTCGAAGGACAACAT_022,169
CACCCCTCGAAGGACAACAT_023,79
CACCCCTCGAAGGACAACAT_024,66
GAACCAACTGTTGACAACAT_001,88
GAACCAACTGTTGACAACAT_002,17
GAACCAACTGTTGACAACAT_003,171
GAACCAACTGTTGACAACAT_004,127
GAACCAACTGTTGACAACAT_005,58
GAACCAACTGTTGACAACAT_006,105
GAACCAACTGTTGACAACAT_007,93
GAACCAACTGTTGACAACAT_008,89
GAACCAACTGTTGACAACAT_009,12
GAACCAACTGTTGACAACAT_010,141
GAACCAACTGTTGACAACAT_011,113
GAACCAACTGTTGACAACAT_012,69
GAACCAACTGTTGACAACAT_013,21
GAACCAACTGTTGACAACAT_014,67
GAACCAACTGTTGACAACAT_015,28
GAACCAACTGTTGACAACAT_016,175
GAACCAACTGTTGACAACAT_017,20
TCCGCCGTCTAAATCCCTGG_001,4
TCCGCCGTCTAAATCCCTGG_002,106
TCCGCCGTCTAAATCCCTGG_003,9
TCCGCCGTCTAAATCCCTGG_004,175
TCCGCCGTCTAAATCCCTGG_005,130
TCCGCCGTCTAAATCCCTGG_006,60
TCCGCCGTCTAAATCCCTGG_007,39
TCCGCCGTCTAAATCCCTGG_008,134
AAGGCCTCTTTCAGCTCTAG_001,105
AAGGCCTCTTTCAGCTCTAG_002,17
AAGGCCTCTTTCAGCTCTAG_003,94
AAGGCCTCTTTCAGCTCTAG_004,29
AAGGCCTCTTTCAGCTCTAG_005,127
AAGGCCTCTTTCAGCTCTAG_006,107
AAGGCCTCTTTCAGCTCTAG_007,151
AAGGCCTCTTTCAGCTCTAG_008,170
CCAACACGCAGACCAGCACG_001,119
CCAACACGCAGACCAGCACG_002,106
CCAACACGCAGACCAGCACG_003,9
ATGCCCATCGAAGTCCCAGA_001,76
ATGCCCATCGAAGTCCCAGA_002,148
ATGCCCATCGAAGTCCCAGA_003,17
ATGCCCATCGAAGTCCCAGA_004,5
ATGCCCATCGAAGTCCCAGA_005,126
ATGCCCATCGAAGTCCCAGA_006,127
ATGCCCATCGAAGTCCCAGA_007,60
ATGCCCATCGAAGTCCCAGA_008,70
ATGCCCATCGAAGTCCCAGA_009,102
ATGCCCATCGAAGTCCCAGA_010,54
ATGCCCATCGAAGTCCCAGA_011,185
ATGCCCATCGAAGTCCCAGA_012,29
ATGCCCATCGAAGTCCCAGA_013,192
ATGCCCATCGAAGTCCCAGA_014,162
ATGCCCATCGAAGTCCCAGA_015,148
ATGCCCATCGAAGTCCCAGA_016,95
ATGCCCATCGAAGTCCCAGA_017,67
ATGCCCATCGAAGTCCCAGA_018,29
ATGCCCATCGAAGTCCCAGA_019,41
ATGCCCATCGAAGTCCCAGA_020,77
ATGCCCATCGAAGTCCCAGA_021,35
ATGCCCATCGAAGTCCCAGA_022,97
ATGCCCATCGAAGTCCCAGA_023,59
ATGCCCATCGAAGTCCCAGA_024,63
ATGCCCATCGAAGTCCCAGA_025,0
ATGCCCATCGAAGTCCCAGA_026,157
ATGCCCATCGAAGTCCCAGA_027,90
ATGCCCATCGAAGTCCCAGA_028,98
CTTGCTGTGTGTGAGCTAGG_001,108
CTTGCTGTGTGTGAGCTAGG_002,103
CTTGCTGTGTGTGAGCTAGG_003,50
CTTGCTGTGTGTGAGCTAGG_004,149
CTCAACACGTCCCTAACTTG_001,122
CTCAACACGTCCCTAACTTG_002,186
CTCAACACGTCCCTAACTTG_003,88
CTCAACACGTCCCTAACTTG_004,76
TTCTCTTTATTAGATTGGAT_001,166
TTCTCTTTATTAGATTGGAT_002,137
ACTTCATGGGAAGATAGCTG_001,68
ACTTCATGGGAAGATAGCTG_002,191
ACTTCATGGGAAGATAGCTG_003,47
ACTTCATGGGAAGATAGCTG_004,120
ACTTCATGGGAAGATAGCTG_005,81
ACTTCATGGGAAGATAGCTG_006,82
ACTTCATGGGAAGATAGCTG_007,29
ACTTCATGGGAAGATAGCTG_008,177
ACTTCATGGGAAGATAGCTG_009,152
ACTTCATGGGAAGATAGCTG_010,138
ACTTCATGGGAAGATAGCTG_011,69
GCTGACCTGAGCCGTACCGG_001,27
GCTGACCTGAGCCGTACCGG_002,109
GCTGACCTGAGCCGTACCGG_003,108
GCTGACCTGAGCCGTACCGG_004,58
GCTGACCTGAGCCGTACCGG_005,58
GCTGACCTGAGCCGTACCGG_006,84
AGAAAGGGAACAGTTGACAT_001,121
AGAAAGGGAACAGTTGACAT_002,172
AGAAAGGGAACAGTTGACAT_003,123
ATAGTGAAAAACAATACCCG_001,116
ATAGTGAAAAACAATACCCG_002,169
ATAGTGAAAAACAATACCCG_003,46
ATAGTGAAAAACAATACCCG_004,38
ATAGTGAAAAACAATACCCG_005,119
ATAGTGAAAAACAATACCCG_006,149
ATAGTGAAAAACAATACCCG_007,23
ATAGTGAAAAACAATACCCG_008,169
ATAGTGAAAAACAATACCCG_009,89
ATAGTGAAAAACAATACCCG_010,108
ATAGTGAAAAACAATACCCG_011,113
ATAGTGAAAAACAATACCCG_012,15
ATAGTGAAAAACAATACCCG_013,9
ATAGTGAAAAACAATACCCG_014,2
ATAGTGAAAAACAATACCCG_015,1
ATAGTGAAAAACAATACCCG_016,177
ATAGTGAAAAACAATACCCG_017,127
ATAGTGAAAAACAATACCCG_018,162
ATAGTGAAAAACAATACCCG_019,116
ATAGTGAAAAACAATACCCG_020,128
ATAGTGAAAAACAATACCCG_021,98
ATAGTGAAAAACAATACCCG_022,46
ATAGTGAAAAACAATACCCG_023,20
CAGCGGAGGGTGTACACGAG_001,47
CAGCGGAGGGTGTACACGAG_002,19
CAGCGGAGGGTGTACACGAG_003,150
CAGCGGAGGGTGTACACGAG_004,195
CAGCGGAGGGTGTACACGAG_005,86
CAGCGGAGGGTGTACACGAG_006,18
CAGCGGAGGGTGTACACGAG_007,151
CAGCGGAGGGTGTACACGAG_008,6
CAGCGGAGGGTGTACACGAG_009,5
CAGCGGAGGGTGTACACGAG_010,156
AGCCCATTGATGAAAACTTG_001,42
AGCCCATTGATGAAAACTTG_002,134
AGCCCATTGATGAAAACTTG_003,107
AGCCCATTGATGAAAACTTG_004,141
AGCCCATTGATGAAAACTTG_005,147
AGCCCATTGATGAAAACTTG_006,30
AGCCCATTGATGAAAACTTG_007,84
AGCCCATTGATGAAAACTTG_008,109
AGCCCATTGATGAAAACTTG_009,109
AGCCCATTGATGAAAACTTG_010,41
AGCCCATTGATGAAAACTTG_011,11
AGCCCATTGATGAAAACTTG_012,169
AGCCCATTGATGAAAACTTG_013,105
AGCCCATTGATGAAAACTTG_014,154
AGCCCATTGATGAAAACTTG_015,2
AGCCCATTGATGAAAACTTG_016,64
AGCCCATTGATGAAAACTTG_017,47
AGCCCATTGATGAAAACTTG_018,6
AGCCCATTGATGAAAACTTG_019,37
AGCCCATTGATGAAAACTTG_020,171
AGCCCATTGATGAAAACTTG_021,117
AGCCCATTGATGAAAACTTG_022,148
AGCCCATTGATGAAAACTTG_023,1
AGCCCATTGATGAAAACTTG_024,115
ACAAGATTGACATAAGCGAA_001,53
ACAAGATTGACATAAGCGAA_002,81
ACAAGATTGACATAAGCGAA_003,129
ACAAGATTGACATAAGCGAA_004,174
ACAAGATTGACATAAGCGAA_005,48
ACAAGATTGACATAAGCGAA_006,60
GCGAGGCCTACCGCGCCGAG_001,19
GCGAGGCCTACCGCGCCGAG_002,8
GCGAGGCCTACCGCGCCGAG_003,34
GCGAGGCCTACCGCGCCGAG_004,188
GCGAGGCCTACCGCGCCGAG_005,143
GCGAGGCCTACCGCGCCGAG_006,117
CACGGGCAGGTCAATTTCAC_001,49
CACGGGCAGGTCAATTTCAC_002,183
TCTTCTCATAGATCTCTACT_001,9
TCTTCTCATAGATCTCTACT_002,149
GTGCAGAGCTCAATTTACAA_001,112
GTGCAGAGCTCAATTTACAA_002,148
GTGCAGAGCTCAATTTACAA_003,163
GTGCAGAGCTCAATTTACAA_004,116
GAGACCTGGTGCCAAATCGA_001,142
GAGACCTGGTGCCAAATCGA_002,58
GAGACCTGGTGCCAAATCGA_003,35
GGACCCAATGCAGTCAATCA_001,75
CTTCGGCGAGTCTGCCCCTG_001,173
CTTCGGCGAGTCTGCCCCTG_002,161
CTTCGGCGAGTCTGCCCCTG_003,47
CTTCGGCGAGTCTGCCCCTG_004,159
CTTCGGCGAGTCTGCCCCTG_005,118
CTTCGGCGAGTCTGCCCCTG_006,28
CTTCGGCGAGTCTGCCCCTG_007,172
CTTCGGCGAGTCTGCCCCTG_008,43
CTTCGGCGAGTCTGCCCCTG_009,88
CTTCGGCGAGTCTGCCCCTG_010,22
CTTCGGCGAGTCTGCCCCTG_011,150
CTTCGGCGAGTCTGCCCCTG_012,42
CTTCGGCGAGTCTGCCCCTG_013,168
CTTCGGCGAGTCTGCCCCTG_014,103
ACAGCAGGTCCCACGAACAC_001,12
ACAGCAGGTCCCACGAACAC_002,175
ACAGCAGGTCCCACGAACAC_003,154
ACAGCAGGTCCCACGAACAC_004,53
ACAGCAGGTCCCACGAACAC_005,61
ACAGCAGGTCCCACGAACAC_006,98
ACAGCAGGTCCCACGAACAC_007,49
ACAGCAGGTCCCACGAACAC_008,15
ACAGCAGGTCCCACGAACAC_009,48
ACAGCAGGTCCCACGAACAC_010,127
ACAGCAGGTCCCACGAACAC_011,105
ACAGCAGGTCCCACGAACAC_012,192
ACAGCAGGTCCCACGAACAC_013,161
ACAGCAGGTCCCACGAACAC_014,115
ACAGCAGGTCCCACGAACAC_015,106
ACAGCAGGTCCCACGAACAC_016,40
ACAGCAGGTCCCACGAACAC_017,15
ACAGCAGGTCCCACGAACAC_018,153
ACAGCAGGTCCCACGAACAC_019,52
ACAGCAGGTCCCACGAACAC_020,124
ACAGCAGGTCCCACGAACAC_021,33
ACAGCAGGTCCCACGAACAC_022,27
ACAGCAGGTCCCACGAACAC_023,0
ACAGCAGGTCCCACGAACAC_024,9
CATAAGTGGTGACATAACAC_001,77
CATAAGTGGTGACATAACAC_002,160
CATAAGTGGTGACATAACAC_003,8
TGGCTCGCGTTGTCCAGCGG_001,6
TGGCTCGCGTTGTCCAGCGG_002,49
TGGCTCGCGTTGTCCAGCGG_003,130
TGGCTCGCGTTGTCCAGCGG_004,93
TGGCTCGCGTTGTCCAGCGG_005,141
TGGCTCGCGTTGTCCAGCGG_006,175
TGGCTCGCGTTGTCCAGCGG_007,155
TGGCTCGCGTTGTCCAGCGG_008,83
TGGCTCGCGTTGTCCAGCGG_009,160
TGGCTCGCGTTGTCCAGCGG_010,183
TGGCTCGCGTTGTCCAGCGG_011,2
TGGCTCGCGTTGTCCAGCGG_012,177
TGGCTCGCGTTGTCCAGCGG_013,186
CCTGTCGGACAGATATCCAA_001,97
CCTGTCGGACAGATATCCAA_002,172
CCTGTCGGACAGATATCCAA_003,15
CCTGTCGGACAGATATCCAA_004,137
CCTGTCGGACAGATATCCAA_005,108
CCTGTCGGACAGATATCCAA_006,79
CCTGTCGGACAGATATCCAA_007,79
TTTCCCGAAAAGCCGTCCAA_001,33
TTTCCCGAAAAGCCGTCCAA_002,24
TTTCCCGAAAAGCCGTCCAA_003,60
TTTCCCGAAAAGCCGTCCAA_004,82
TTTCCCGAAAAGCCGTCCAA_005,45
TTTCCCGAAAAGCCGTCCAA_006,25
TTTCCCGAAAAGCCGTCCAA_007,10
TTTCCCGAAAAGCCGTCCAA_008,78
TTTCCCGAAAAGCCGTCCAA_009,77
TTTCCCGAAAAGCCGTCCAA_010,121
TTTCCCGAAAAGCCGTCCAA_011,136
TTTCCCGAAAAGCCGTCCAA_012,196
CAACTATCTGCAGGAAAAGC_001,7
CAACTATCTGCAGGAAAAGC_002,161
CAACTATCTGCAGGAAAAGC_003,49
TTGTTGCAGTGCAGGCGACC_001,83
TTGTTGCAGTGCAGGCGACC_002,82
TTGTTGCAGTGCAGGCGACC_003,133
TTGTTGCAGTGCAGGCGACC_004,158
TTGTTGCAGTGCAGGCGACC_005,177
TTGTTGCAGTGCAGGCGACC_006,26
TTGTTGCAGTGCAGGCGACC_007,69
TTGTTGCAGTGCAGGCGACC_008,168
TTGTTGCAGTGCAGGCGACC_009,29
TTGTTGCAGTGCAGGCGACC_010,12
TTGTTGCAGTGCAGGCGACC_011,134
CCAGGCCATTAAGGAACCAG_001,176
CCAGGCCATTAAGGAACCAG_002,169
CCAGGCCATTAAGGAACCAG_003,168
CCAGGCCATTAAGGAACCAG_004,103
CCAGGCCATTAAGGAACCAG_005,6
CCAGGCCATTAAGGAACCAG_006,193
CCAGGCCATTAAGGAACCAG_007,184
CCAGGCCATTAAGGAACCAG_008,113
CCAGGCCATTAAGGAACCAG_009,93
CCAGGCCATTAAGGAACCAG_010,65
AGACACATACCTGCCAATCG_001,80
AGACACATACCTGCCAATCG_002,166
AGACACATACCTGCCAATCG_003,188
AGACACATACCTGCCAATCG_004,110
AGACACATACCTGCCAATCG_005,114
AGACACATACCTGCCAATCG_006,132
AGACACATACCTGCCAATCG_007,74
AAATGATACCCTATTGTGGG_001,192
AAATGATACCCTATTGTGGG_002,74
AGAGGTGCACGGTCCCATTG_001,77
AGAGGTGCACGGTCCCATTG_002,58
AGAGGTGCACGGTCCCATTG_003,12
AGAGGTGCACGGTCCCATTG_004,105
AGAGGTGCACGGTCCCATTG_005,147
AGAGGTGCACGGTCCCATTG_006,111
AGAGGTGCACGGTCCCATTG_007,48
AGAGGTGCACGGTCCCATTG_008,103
AGAGGTGCACGGTCCCATTG_009,8
AGAGGTGCACGGTCCCATTG_010,25
AGAGGTGCACGGTCCCATTG_011,7
AGAGGTGCACGGTCCCATTG_012,30
AGAGGTGCACGGTCCCATTG_013,107
AGAGGTGCACGGTCCCATTG_014,129
CGGTAGCAGCCCGGGCGAAG_001,68
CGGTAGCAGCCCGGGCGAAG_002,23
CGGTAGCAGCCCGGGCGAAG_003,114
CGGTAGCAGCCCGGGCGAAG_004,114
GAGTGCATGTTTATGACCAT_001,147
GAGTGCATGTTTATGACCAT_002,32
GAGTGCATGTTTATGACCAT_003,188
GAGTGCATGTTTATGACCAT_004,33
GAGTGCATGTTTATGACCAT_005,32
GAGTGCATGTTTATGACCAT_006,146
ACAGCGAGCCTTCTAAACGT_001,87
ACAGCGAGCCTTCTAAACGT_002,188
ACAGCGAGCCTTCTAAACGT_003,80
ACATACCACTAAGCGGCCAA_001,139
ACATACCACTAAGCGGCCAA_002,123
ACATACCACTAAGCGGCCAA_003,15
ACATACCACTAAGCGGCCAA_004,88
ACATACCACTAAGCGGCCAA_005,1
ACATACCACTAAGCGGCCAA_006,34
ACATACCACTAAGCGGCCAA_007,163
ACATACCACTAAGCGGCCAA_008,68
ACATACCACTAAGCGGCCAA_009,188
ACATACCACTAAGCGGCCAA_010,70
ACATACCACTAAGCGGCCAA_011,17
ACATACCACTAAGCGGCCAA_012,198
GGTGATCAGCTGTTCCTCAG_001,82
GGTGATCAGCTGTTCCTCAG_002,184
GGTGATCAGCTGTTCCTCAG_003,50
GGTGATCAGCTGTTCCTCAG_004,83
GGTGATCAGCTGTTCCTCAG_005,96
GGTGATCAGCTGTTCCTCAG_006,116
GAGGACGAGCGCGACCAGCG_001,8
GAGGACGAGCGCGACCAGCG_002,121
GAGGACGAGCGCGACCAGCG_003,67
GAGGACGAGCGCGACCAGCG_004,73
GAGGACGAGCGCGACCAGCG_005,184
GAGGACGAGCGCGACCAGCG_006,130
GAGGACGAGCGCGACCAGCG_007,173
GAGGACGAGCGCGACCAGCG_008,78
GAGGACGAGCGCGACCAGCG_009,175
TGGGAAAGCACAGTGGCCCG_001,121
TGGGAAAGCACAGTGGCCCG_002,45
TGGGAAAGCACAGTGGCCCG_003,44
TGGGAAAGCACAGTGGCCCG_004,47
TGGGAAAGCACAGTGGCCCG_005,73
TGGGAAAGCACAGTGGCCCG_006,75
TGGGAAAGCACAGTGGCCCG_007,116
TGGGAAAGCACAGTGGCCCG_008,175
AAGAGCTACGAGCTGCCTGA_001,189
AAGAGCTACGAGCTGCCTGA_002,20
AAGAGCTACGAGCTGCCTGA_003,152
AAGAGCTACGAGCTGCCTGA_004,34
AAGAGCTACGAGCTGCCTGA_005,4
AAGAGCTACGAGCTGCCTGA_006,166
AAGAGCTACGAGCTGCCTGA_007,12
CAGGCGCGACAGGTAGACCG_001,169
CAGGCGCGACAGGTAGACCG_002,6
CAGGCGCGACAGGTAGACCG_003,112
CAGGCGCGACAGGTAGACCG_004,26
CAGGCGCGACAGGTAGACCG_005,30
CAGGCGCGACAGGTAGACCG_006,23
CAGGCGCGACAGGTAGACCG_007,148
CAGGCGCGACAGGTAGACCG_008,161
CAGGCGCGACAGGTAGACCG_009,161
CAGGCGCGACAGGTAGACCG_010,1
CAGGCGCGACAGGTAGACCG_011,60
CAGGCGCGACAGGTAGACCG_012,133
CAGGCGCGACAGGTAGACCG_013,174
CAGGCGCGACAGGTAGACCG_014,158
CAGGCGCGACAGGTAGACCG_015,115
CAGGCGCGACAGGTAGACCG_016,191
CAGGATTGGCCTGAACCATG_001,94
CAGGATTGGCCTGAACCATG_002,22
CAGGATTGGCCTGAACCATG_003,113
CAGGATTGGCCTGAACCATG_004,41
CAGGATTGGCCTGAACCATG_005,146
CAGGATTGGCCTGAACCATG_006,81
CAGGATTGGCCTGAACCATG_007,163
CAGGATTGGCCTGAACCATG_008,13
CAGGATTGGCCTGAACCATG_009,125
TTTCAATCGACCAAGTTCCA_001,107
TTTCAATCGACCAAGTTCCA_002,45
TTTCAATCGACCAAGTTCCA_003,101
TTTCAATCGACCAAGTTCCA_004,124
TTTCAATCGACCAAGTTCCA_005,169
TTTCAATCGACCAAGTTCCA_006,158
TTTCAATCGACCAAGTTCCA_007,11
TTTCAATCGACCAAGTTCCA_008,60
TTTCAATCGACCAAGTTCCA_009,123
TAGCAGTGAAGTCTTTCAGA_001,115
TGGAGGCCACCGCCTCGATG_001,6
TGGAGGCCACCGCCTCGATG_002,184
TGGAGGCCACCGCCTCGATG_003,144
TGGAGGCCACCGCCTCGATG_004,5
TGGAGGCCACCGCCTCGATG_005,147
TGGAGGCCACCGCCTCGATG_006,1
TGGAGGCCACCGCCTCGATG_007,14
TGGAGGCCACCGCCTCGATG_008,172
TGGAGGCCACCGCCTCGATG_009,10
TGGAGGCCACCGCCTCGATG_010,165
TGGAGGCCACCGCCTCGATG_011,109
TGGAGGCCACCGCCTCGATG_012,4
TGGAGGCCACCGCCTCGATG_013,34
TGGAGGCCACCGCCTCGATG_014,156
TGGAGGCCACCGCCTCGATG_015,151
TGGAGGCCACCGCCTCGATG_016,188
TGGAGGCCACCGCCTCGATG_017,33
TGGAGGCCACCGCCTCGATG_018,81
TGGAGGCCACCGCCTCGATG_019,191
TGGAGGCCACCGCCTCGATG_020,20
TGGAGGCCACCGCCTCGATG_021,16
TGGAGGCCACCGCCTCGATG_022,58
TGGAGGCCACCGCCTCGATG_023,110
TGGAGGCCACCGCCTCGATG_024,194
TGGAGGCCACCGCCTCGATG_025,169
TGGAGGCCACCGCCTCGATG_026,83
TGGAGGCCACCGCCTCGATG_027,156
TGGAGGCCACCGCCTCGATG_028,191
TGGAGGCCACCGCCTCGATG_029,58
TGGAGGCCACCGCCTCGATG_030,58
TGGAGGCCACCGCCTCGATG_031,30
TGGAGGCCACCGCCTCGATG_032,149
TGGAGGCCACCGCCTCGATG_033,12
TGGAGGCCACCGCCTCGATG_034,63
TGGAGGCCACCGCCTCGATG_035,171
TGGAGGCCACCGCCTCGATG_036,92
TGGAGGCCACCGCCTCGATG_037,37
TGGAGGCCACCGCCTCGATG_038,60
TGGAGGCCACCGCCTCGATG_039,169
TGGAGGCCACCGCCTCGATG_040,111
TGGAGGCCACCGCCTCGATG_041,22
TGGAGGCCACCGCCTCGATG_042,40
TGGAGGCCACCGCCTCGATG_043,177
TGGAGGCCACCGCCTCGATG_044,5
TGGAGGCCACCGCCTCGATG_045,150
TGGAGGCCACCGCCTCGATG_046,35
TGGAGGCCACCGCCTCGATG_047,53
TGGAGGCCACCGCCTCGATG_048,75
TGGAGGCCACCGCCTCGATG_049,104
TGGAGGCCACCGCCTCGATG_050,82
TGGAGGCCACCGCCTCGATG_051,168
TGGAGGCCACCGCCTCGATG_052,56
TGGAGGCCACCGCCTCGATG_053,158
TGGAGGCCACCGCCTCGATG_054,179
TGGAGGCCACCGCCTCGATG_055,56
TGGAGGCCACCGCCTCGATG_056,104
TGGAGGCCACCGCCTCGATG_057,46
TGGAGGCCACCGCCTCGATG_058,40
TGGAGGCCACCGCCTCGATG_059,40
TGGAGGCCACCGCCTCGATG_060,100
TGGAGGCCACCGCCTCGATG_061,194
TGGAGGCCACCGCCTCGATG_062,49
TGGAGGCCACCGCCTCGATG_063,0
TGGAGGCCACCGCCTCGATG_064,3
TGGAGGCCACCGCCTCGATG_065,147
GCAGCTGGAAACACAGCAGG_001,181
GCAGCTGGAAACACAGCAGG_002,199
GCAGCTGGAAACACAGCAGG_003,134
GCAGCTGGAAACACAGCAGG_004,115
GCAGCTGGAAACACAGCAGG_005,190
CCTATCCAATGATTTCAGCA_001,8
GCATGGAGTTCGAGCTCACG_001,94
GCATGGAGTTCGAGCTCACG_002,93
GCATGGAGTTCGAGCTCACG_003,32
GCATGGAGTTCGAGCTCACG_004,105
GCATGGAGTTCGAGCTCACG_005,15
GCATGGAGTTCGAGCTCACG_006,144
GCATGGAGTTCGAGCTCACG_007,76
GCATGGAGTTCGAGCTCACG_008,142
GCATGGAGTTCGAGCTCACG_009,159
GTCCACCTGAGCTCACAGGA_001,174
GTCCACCTGAGCTCACAGGA_002,93
GTCCACCTGAGCTCACAGGA_003,58
GTCCACCTGAGCTCACAGGA_004,22
GTCCACCTGAGCTCACAGGA_005,1
GTCCACCTGAGCTCACAGGA_006,76
GTCCACCTGAGCTCACAGGA_007,1
GTCCACCTGAGCTCACAGGA_008,130
GTCCACCTGAGCTCACAGGA_009,2
GTCCACCTGAGCTCACAGGA_010,124
GTCCACCTGAGCTCACAGGA_011,121
GTACTACTCACTTGAGAGCG_001,150
GTACTACTCACTTGAGAGCG_002,0
GTACTACTCACTTGAGAGCG_003,196
GTACTACTCACTTGAGAGCG_004,94
GTACTACTCACTTGAGAGCG_005,60
GTACTACTCACTTGAGAGCG_006,40
GTACTACTCACTTGAGAGCG_007,143
GTACTACTCACTTGAGAGCG_008,140
GTACTACTCACTTGAGAGCG_009,84
TGGCTCTGGGCACTTTGGCG_001,0
TGGCTCTGGGCACTTTGGCG_002,140
TGGCTCTGGGCACTTTGGCG_003,144
TGGCTCTGGGCACTTTGGCG_004,166
TGGCTCTGGGCACTTTGGCG_005,166
TGGCTCTGGGCACTTTGGCG_006,146
TGGCTCTGGGCACTTTGGCG_007,141
TGGCTCTGGGCACTTTGGCG_008,113
TGGCTCTGGGCACTTTGGCG_009,184
TGGCTCTGGGCACTTTGGCG_010,120
TGGCTCTGGGCACTTTGGCG_011,68
TGGCTCTGGGCACTTTGGCG_012,199
TGGCTCTGGGCACTTTGGCG_013,24
TGGCTCTGGGCACTTTGGCG_014,141
TGGCTCTGGGCACTTTGGCG_015,1
TGGCTCTGGGCACTTTGGCG_016,51
TGGCTCTGGGCACTTTGGCG_017,132
TGGCTCTGGGCACTTTGGCG_018,137
TGGCTCTGGGCACTTTGGCG_019,17
GAGGGCACGGCTACCCAACG_001,65
GAGGGCACGGCTACCCAACG_002,48
GAGGGCACGGCTACCCAACG_003,48
GAGGGCACGGCTACCCAACG_004,106
GAGGGCACGGCTACCCAACG_005,50
GAGGGCACGGCTACCCAACG_006,112
GAGGGCACGGCTACCCAACG_007,146
GAGGGCACGGCTACCCAACG_008,148
GAGGGCACGGCTACCCAACG_009,174
GAGGGCACGGCTACCCAACG_010,40
GAGGGCACGGCTACCCAACG_011,124
GAGGGCACGGCTACCCAACG_012,3
GAGGGCACGGCTACCCAACG_013,124
GAGGGCACGGCTACCCAACG_014,90
GAGGGCACGGCTACCCAACG_015,23
GAGGGCACGGCTACCCAACG_016,176
CATCAGAAGAAACTCATACA_001,96
CATCAGAAGAAACTCATACA_002,132
CATCAGAAGAAACTCATACA_003,50
CATCAGAAGAAACTCATACA_004,134
AATAAGTCCCTCTCGACTGG_001,77
AATAAGTCCCTCTCGACTGG_002,41
AATAAGTCCCTCTCGACTGG_003,0
AATAAGTCCCTCTCGACTGG_004,101
AATAAGTCCCTCTCGACTGG_005,153
AATAAGTCCCTCTCGACTGG_006,32
AATAAGTCCCTCTCGACTGG_007,69
AATAAGTCCCTCTCGACTGG_008,33
AATAAGTCCCTCTCGACTGG_009,43
AATAAGTCCCTCTCGACTGG_010,84
AATGTCGCGGTGATTCATGG_001,42
AATGTCGCGGTGATTCATGG_002,122
AATGTCGCGGTGATTCATGG_003,195
AATGTCGCGGTGATTCATGG_004,127
AATGTCGCGGTGATTCATGG_005,113
AATGTCGCGGTGATTCATGG_006,174
AATGTCGCGGTGATTCATGG_007,187
AATGTCGCGGTGATTCATGG_008,162
AGGTAGTTCCGGTTCCGGCG_001,62
AGGTAGTTCCGGTTCCGGCG_002,171
AGGTAGTTCCGGTTCCGGCG_003,176
AGGTAGTTCCGGTTCCGGCG_004,199
AGGTAGTTCCGGTTCCGGCG_005,61
AGGTAGTTCCGGTTCCGGCG_006,102
ATGGCAGCACGGGGACAACT_001,1
ATGGCAGCACGGGGACAACT_002,183
ATGGCAGCACGGGGACAACT_003,96
ATGGCAGCACGGGGACAACT_004,121
ATGGCAGCACGGGGACAACT_005,104
ATGGCAGCACGGGGACAACT_006,55
ATGGCAGCACGGGGACAACT_007,94
ATGGCAGCACGGGGACAACT_008,77
ATGGCAGCACGGGGACAACT_009,105
ATGGCAGCACGGGGACAACT_010,181
ATGGCAGCACGGGGACAACT_011,42
ATGGCAGCACGGGGACAACT_012,147
ATGGCAGCACGGGGACAACT_013,11
ATGGCAGCACGGGGACAACT_014,169
ATGGCAGCACGGGGACAACT_015,67
ATGGCAGCACGGGGACAACT_016,189
ATGGCAGCACGGGGACAACT_017,137
ATGGCAGCACGGGGACAACT_018,145
ATGGCAGCACGGGGACAACT_019,142
ATGGCAGCACGGGGACAACT_020,162
ATGGCAGCACGGGGACAACT_021,146
ATGGCAGCACGGGGACAACT_022,146
ATGGCAGCACGGGGACAACT_023,150
ATGGCAGCACGGGGACAACT_024,76
ATGGCAGCACGGGGACAACT_025,58
ATGGCAGCACGGGGACAACT_026,68
ATGGCAGCACGGGGACAACT_027,124
ATGGCAGCACGGGGACAACT_028,84
GCTGGGACTGCTGTTAAACG_001,60
GCTGGGACTGCTGTTAAACG_002,9
GCTGGGACTGCTGTTAAACG_003,119
GCTGGGACTGCTGTTAAACG_004,138
GCTGGGACTGCTGTTAAACG_005,39
GCTGGGACTGCTGTTAAACG_006,142
ATCTTGCGCAAGCCTACCCA_001,144
ATCTTGCGCAAGCCTACCCA_002,9
ATCTTGCGCAAGCCTACCCA_003,53
ATCTTGCGCAAGCCTACCCA_004,181
ATCTTGCGCAAGCCTACCCA_005,83
ATCTTGCGCAAGCCTACCCA_006,91
ATCTTGCGCAAGCCTACCCA_007,120
ATCTTGCGCAAGCCTACCCA_008,2
ATCTTGCGCAAGCCTACCCA_009,179
ATCTTGCGCAAGCCTACCCA_010,99
ATCTTGCGCAAGCCTACCCA_011,56
ATCTTGCGCAAGCCTACCCA_012,179
ATCTTGCGCAAGCCTACCCA_013,63
ATCTTGCGCAAGCCTACCCA_014,104
ATCTTGCGCAAGCCTACCCA_015,24
AAGAACTTGGCGTAGTGCAG_001,190
TCTCAGCCCACAAGCCCCAG_001,149
TCTCAGCCCACAAGCCCCAG_002,49
TCTCAGCCCACAAGCCCCAG_003,18
TCTCAGCCCACAAGCCCCAG_004,94
TCTCAGCCCACAAGCCCCAG_005,67
TCTCAGCCCACAAGCCCCAG_006,116
TCTCAGCCCACAAGCCCCAG_007,16
TCTCAGCCCACAAGCCCCAG_008,43
TCTCAGCCCACAAGCCCCAG_009,77
TCTCAGCCCACAAGCCCCAG_010,184
TCTCAGCCCACAAGCCCCAG_011,58
TCTCAGCCCACAAGCCCCAG_012,141
TCTCAGCCCACAAGCCCCAG_013,80
ACAAGAAGTTTGTCCCAGAG_001,144
ACAAGAAGTTTGTCCCAGAG_002,14
ACAAGAAGTTTGTCCCAGAG_003,54
ACAAGAAGTTTGTCCCAGAG_004,77
ACAAGAAGTTTGTCCCAGAG_005,169
ACAAGAAGTTTGTCCCAGAG_006,160
ACAAGAAGTTTGTCCCAGAG_007,78
ACAAGAAGTTTGTCCCAGAG_008,169
ACAAGAAGTTTGTCCCAGAG_009,119
ACCATCTGTATAACTGACAG_001,106
ACCATCTGTATAACTGACAG_002,48
ACCATCTGTATAACTGACAG_003,170
ACCATCTGTATAACTGACAG_004,138
ACCATCTGTATAACTGACAG_005,6
AGCTGATGGCAGAAAAACTC_001,56
AGCTGATGGCAGAAAAACTC_002,106
AGCTGATGGCAGAAAAACTC_003,106
AGCTGATGGCAGAAAAACTC_004,94
AGCTGATGGCAGAAAAACTC_005,150
AGCTGATGGCAGAAAAACTC_006,42
AGCTGATGGCAGAAAAACTC_007,43
AGCTGATGGCAGAAAAACTC_008,188
AATTAATGAAAATGTCGCTG_001,29
AATTAATGAAAATGTCGCTG_002,158
AATTAATGAAAATGTCGCTG_003,173
AATTAATGAAAATGTCGCTG_004,22
AATTAATGAAAATGTCGCTG_005,159
AATTAATGAAAATGTCGCTG_006,161
CGCCCTGGTAACCGAGACAA_001,49
CGCCCTGGTAACCGAGACAA_002,144
CGCCCTGGTAACCGAGACAA_003,181
CGCCCTGGTAACCGAGACAA_004,129
CGCCCTGGTAACCGAGACAA_005,129
CGCCCTGGTAACCGAGACAA_006,145
CGCCCTGGTAACCGAGACAA_007,185
CGCCCTGGTAACCGAGACAA_008,141
CGCCCTGGTAACCGAGACAA_009,118
CGCCCTGGTAACCGAGACAA_010,179
CGCCCTGGTAACCGAGACAA_011,50
CGCCCTGGTAACCGAGACAA_012,127
CGCCCTGGTAACCGAGACAA_013,17
CGCCCTGGTAACCGAGACAA_014,48
CGCCCTGGTAACCGAGACAA_015,41
CGCCCTGGTAACCGAGACAA_016,92
CGCCCTGGTAACCGAGACAA_017,174
CGCCCTGGTAACCGAGACAA_018,171
CGCCCTGGTAACCGAGACAA_019,22
CGCCCTGGTAACCGAGACAA_020,68
CGCCCTGGTAACCGAGACAA_021,157
CGCCCTGGTAACCGAGACAA_022,157
CGCCCTGGTAACCGAGACAA_023,61
CGCCCTGGTAACCGAGACAA_024,117
GAAGGGGCTGAGCGCGTAGG_001,50
GAAGGGGCTGAGCGCGTAGG_002,89
GAAGGGGCTGAGCGCGTAGG_003,86
GAAGGGGCTGAGCGCGTAGG_004,52
GAAGGGGCTGAGCGCGTAGG_005,171
GAAGGGGCTGAGCGCGTAGG_006,101
GAAGGGGCTGAGCGCGTAGG_007,76
GAAGGGGCTGAGCGCGTAGG_008,17
GAAGGGGCTGAGCGCGTAGG_009,29
GAAGGGGCTGAGCGCGTAGG_010,178
GAAGGGGCTGAGCGCGTAGG_011,122
GAAGGGGCTGAGCGCGTAGG_012,121
GAAGGGGCTGAGCGCGTAGG_013,78
GAAGGGGCTGAGCGCGTAGG_014,197
GAAGGGGCTGAGCGCGTAGG_015,57
GAAGGGGCTGAGCGCGTAGG_016,107
GAAGGGGCTGAGCGCGTAGG_017,128
GAAGGGGCTGAGCGCGTAGG_018,8
GAAGGGGCTGAGCGCGTAGG_019,174
GAAGGGGCTGAGCGCGTAGG_020,38
GAAGGGGCTGAGCGCGTAGG_021,48
GAAGGGGCTGAGCGCGTAGG_022,169
GAAGGGGCTGAGCGCGTAGG_023,81
GAAGGGGCTGAGCGCGTAGG_024,141
GAAGGGGCTGAGCGCGTAGG_025,170
GAAGGGGCTGAGCGCGTAGG_026,12
GAAGGGGCTGAGCGCGTAGG_027,9
GAAGGGGCTGAGCGCGTAGG_028,22
GAAGGGGCTGAGCGCGTAGG_029,37
GAAGGGGCTGAGCGCGTAGG_030,184
GAAGGGGCTGAGCGCGTAGG_031,40
GAAGGGGCTGAGCGCGTAGG_032,123
GAAGGGGCTGAGCGCGTAGG_033,8
GAAGGGGCTGAGCGCGTAGG_034,56
GAAGGGGCTGAGCGCGTAGG_035,61
GAAGGGGCTGAGCGCGTAGG_036,1
GAAGGGGCTGAGCGCGTAGG_037,76
GCTTTCCAGATGCTAAGAAG_001,150
GCTTTCCAGATGCTAAGAAG_002,140
GCTTTCCAGATGCTAAGAAG_003,140
GCTTTCCAGATGCTAAGAAG_004,135
GCTTTCCAGATGCTAAGAAG_005,40
GCTTTCCAGATGCTAAGAAG_006,43
GCTTTCCAGATGCTAAGAAG_007,66
GCTTTCCAGATGCTAAGAAG_008,188
GCTTTCCAGATGCTAAGAAG_009,148
GCTTTCCAGATGCTAAGAAG_010,83
GCTTTCCAGATGCTAAGAAG_011,177
TGCAGCCGAGAGGCCCACAC_001,163
TGCAGCCGAGAGGCCCACAC_002,114
TGCAGCCGAGAGGCCCACAC_003,114
TGCAGCCGAGAGGCCCACAC_004,162
TGCAGCCGAGAGGCCCACAC_005,60
TGCAGCCGAGAGGCCCACAC_006,48
TGCAGCCGAGAGGCCCACAC_007,168
TGCAGCCGAGAGGCCCACAC_008,79
TGCAGCCGAGAGGCCCACAC_009,152
TGCAGCCGAGAGGCCCACAC_010,0
TGCAGCCGAGAGGCCCACAC_011,114
TGCAGCCGAGAGGCCCACAC_012,114
TGCAGCCGAGAGGCCCACAC_013,8
TGCAGCCGAGAGGCCCACAC_014,19
TGCAGCCGAGAGGCCCACAC_015,50
TGCAGCCGAGAGGCCCACAC_016,50
TGCAGCCGAGAGGCCCACAC_017,103
TGCAGCCGAGAGGCCCACAC_018,57
GCCTGCTCCAACTACCCCTA_001,50
GCCTGCTCCAACTACCCCTA_002,186
GCCTGCTCCAACTACCCCTA_003,18
GCCTGCTCCAACTACCCCTA_004,17
GCCTGCTCCAACTACCCCTA_005,132
GCCTGCTCCAACTACCCCTA_006,55
GCCTGCTCCAACTACCCCTA_007,51
GCCTGCTCCAACTACCCCTA_008,119
GCCTGCTCCAACTACCCCTA_009,57
GCCTGCTCCAACTACCCCTA_010,149
CCAGGCGCTCTCCGATCTTG_001,88
ATTCTTCCACCGTGTACTCG_001,0
ATTCTTCCACCGTGTACTCG_002,118
ATTCTTCCACCGTGTACTCG_003,68
ATTCTTCCACCGTGTACTCG_004,191
ATTCTTCCACCGTGTACTCG_005,137
ATTCTTCCACCGTGTACTCG_006,27
ATTCTTCCACCGTGTACTCG_007,106
ATTCTTCCACCGTGTACTCG_008,93
ATTCTTCCACCGTGTACTCG_009,29
ATTCTTCCACCGTGTACTCG_010,53
ATTCTTCCACCGTGTACTCG_011,101
ATTCTTCCACCGTGTACTCG_012,15
ATTCTTCCACCGTGTACTCG_013,121
ATTCTTCCACCGTGTACTCG_014,74
ATTCTTCCACCGTGTACTCG_015,115
ATTCTTCCACCGTGTACTCG_016,11
ATTCTTCCACCGTGTACTCG_017,23
ATTCTTCCACCGTGTACTCG_018,84
GCAGATGCCACCTACAATCG_001,60
GCAGATGCCACCTACAATCG_002,69
GCAGATGCCACCTACAATCG_003,17
GCAGATGCCACCTACAATCG_004,56
GCAGATGCCACCTACAATCG_005,137
GCAGATGCCACCTACAATCG_006,145
GCAGATGCCACCTACAATCG_007,48
AAGGAATAAGCAATTCTGTG_001,77
AAGGAATAAGCAATTCTGTG_002,106
AAGGAATAAGCAATTCTGTG_003,116
AAGGAATAAGCAATTCTGTG_004,16
AAGGAATAAGCAATTCTGTG_005,139
AAGGAATAAGCAATTCTGTG_006,94
AAGGAATAAGCAATTCTGTG_007,104
ATGGATCTGACTCGGCACAG_001,193
ATGGATCTGACTCGGCACAG_002,126
ATGGATCTGACTCGGCACAG_003,52
ATGGATCTGACTCGGCACAG_004,146
ATGGATCTGACTCGGCACAG_005,72
ATGGATCTGACTCGGCACAG_006,133
ATGGATCTGACTCGGCACAG_007,78
ATGGATCTGACTCGGCACAG_008,52
ATGGATCTGACTCGGCACAG_009,71
ATGGATCTGACTCGGCACAG_010,58
ATGGATCTGACTCGGCACAG_011,162
ATGGATCTGACTCGGCACAG_012,63
ATGGATCTGACTCGGCACAG_013,184
ATGGATCTGACTCGGCACAG_014,29
ATGGATCTGACTCGGCACAG_015,153
ATGGATCTGACTCGGCACAG_016,158
ATGGATCTGACTCGGCACAG_017,28
ATGGATCTGACTCGGCACAG_018,147
TCTGCTAACCGGCAGTCGCT_001,78
TCTGCTAACCGGCAGTCGCT_002,188
TCTGCTAACCGGCAGTCGCT_003,172
TCTGCTAACCGGCAGTCGCT_004,112
TCTGCTAACCGGCAGTCGCT_005,172
TCTGCTAACCGGCAGTCGCT_006,26
TCTGCTAACCGGCAGTCGCT_007,12
TCTGCTAACCGGCAGTCGCT_008,160
TCTGCTAACCGGCAGTCGCT_009,62
TGGTAAGAAAGGAATTGGCG_001,58
TGGTAAGAAAGGAATTGGCG_002,88
TGGTAAGAAAGGAATTGGCG_003,146
TGGTAAGAAAGGAATTGGCG_004,139
TGGTAAGAAAGGAATTGGCG_005,176
TGGTAAGAAAGGAATTGGCG_006,24
TGGTAAGAAAGGAATTGGCG_007,2
TGGTAAGAAAGGAATTGGCG_008,88
TGGTAAGAAAGGAATTGGCG_009,176
TGGTAAGAAAGGAATTGGCG_010,157
TGGTAAGAAAGGAATTGGCG_011,176
TGGTAAGAAAGGAATTGGCG_012,125
TGGTAAGAAAGGAATTGGCG_013,10
CCCTGGTGAAGACCACAGAG_001,99
CCCTGGTGAAGACCACAGAG_002,178
CCCTGGTGAAGACCACAGAG_003,172
CCCTGGTGAAGACCACAGAG_004,183
CCCTGGTGAAGACCACAGAG_005,34
CCCTGGTGAAGACCACAGAG_006,53
CCCTGGTGAAGACCACAGAG_007,106
CACATTTGGTTGTTACGGGT_001,84
CACATTTGGTTGTTACGGGT_002,148
CACATTTGGTTGTTACGGGT_003,156
GAAAACGTTACACTCACCCA_001,14
GAAGCTCTACCTTTATGTAG_001,8
GAAGCTCTACCTTTATGTAG_002,60
GAAGCTCTACCTTTATGTAG_003,50
GAAGCTCTACCTTTATGTAG_004,79
GAAGCTCTACCTTTATGTAG_005,62
GAAGCTCTACCTTTATGTAG_006,197
ACACGGCAGCTGGCCAATGA_001,143
ACACGGCAGCTGGCCAATGA_002,185
ACACGGCAGCTGGCCAATGA_003,37
ACACGGCAGCTGGCCAATGA_004,116
ACACGGCAGCTGGCCAATGA_005,195
ACACGGCAGCTGGCCAATGA_006,105
ACACGGCAGCTGGCCAATGA_007,91
ACACGGCAGCTGGCCAATGA_008,8
ACACGGCAGCTGGCCAATGA_009,148
ACACGGCAGCTGGCCAATGA_010,152
ACACGGCAGCTGGCCAATGA_011,147
ACACGGCAGCTGGCCAATGA_012,170
ACACGGCAGCTGGCCAATGA_013,2
ACACGGCAGCTGGCCAATGA_014,104
ACACGGCAGCTGGCCAATGA_015,70
ACACGGCAGCTGGCCAATGA_016,150
ACACGGCAGCTGGCCAATGA_017,60
ACACGGCAGCTGGCCAATGA_018,69
CTAGCGGCAAACAATCTCAA_001,53
CTAGCGGCAAACAATCTCAA_002,101
CTAGCGGCAAACAATCTCAA_003,95
CTAGCGGCAAACAATCTCAA_004,160
CTAGCGGCAAACAATCTCAA_005,160
CTAGCGGCAAACAATCTCAA_006,6
GGACACGGGAGACCTCGGTG_001,57
GGACACGGGAGACCTCGGTG_002,105
GGACACGGGAGACCTCGGTG_003,72
GGACACGGGAGACCTCGGTG_004,163
GGACACGGGAGACCTCGGTG_005,176
GGACACGGGAGACCTCGGTG_006,50
GGACACGGGAGACCTCGGTG_007,11
GGACACGGGAGACCTCGGTG_008,112
GGACACGGGAGACCTCGGTG_009,42
GGACACGGGAGACCTCGGTG_010,127
GGACACGGGAGACCTCGGTG_011,115
GGACACGGGAGACCTCGGTG_012,166
GGACACGGGAGACCTCGGTG_013,51
GGACACGGGAGACCTCGGTG_014,121
GGACACGGGAGACCTCGGTG_015,151
GGACACGGGAGACCTCGGTG_016,196
GATAGTCAGATATCCCACGC_001,42
GTCCCACCTCTAGACTCCAT_001,43
GTCCCACCTCTAGACTCCAT_002,28
GTCCCACCTCTAGACTCCAT_003,91
GTCCCACCTCTAGACTCCAT_004,22
GTCCCACCTCTAGACTCCAT_005,110
GTCCCACCTCTAGACTCCAT_006,91
GTCCCACCTCTAGACTCCAT_007,171
GTCCCACCTCTAGACTCCAT_008,95
GTCCCACCTCTAGACTCCAT_009,151
GTCCCACCTCTAGACTCCAT_010,19
GTCCCACCTCTAGACTCCAT_011,31
GTCCCACCTCTAGACTCCAT_012,81
GTCCCACCTCTAGACTCCAT_013,88
GTCCCACCTCTAGACTCCAT_014,141
GTCCCACCTCTAGACTCCAT_015,106
GTCCCACCTCTAGACTCCAT_016,0
ACTGTGAAGAACGAATATCT_001,60
ACTGTGAAGAACGAATATCT_002,102
ACTGTGAAGAACGAATATCT_003,102
CCGGACATACTCCCGCTCCG_001,161
CCGGACATACTCCCGCTCCG_002,188
CCGGACATACTCCCGCTCCG_003,174
CCGGACATACTCCCGCTCCG_004,63
CCGGACATACTCCCGCTCCG_005,174
CCGGACATACTCCCGCTCCG_006,59
CCGGACATACTCCCGCTCCG_007,83
CCGGACATACTCCCGCTCCG_008,190
CGACAGTACCAGGCCTGTAG_001,172
CGACAGTACCAGGCCTGTAG_002,21
CGACAGTACCAGGCCTGTAG_003,78
CGACAGTACCAGGCCTGTAG_004,88
CTGGGTGAGGACACGCACTG_001,169
CTGGGTGAGGACACGCACTG_002,0
CTGGGTGAGGACACGCACTG_003,162
CTGGGTGAGGACACGCACTG_004,56
CTGGGTGAGGACACGCACTG_005,15
CTGGGTGAGGACACGCACTG_006,149
CTGGGTGAGGACACGCACTG_007,37
CTGGGTGAGGACACGCACTG_008,68
CTGGGTGAGGACACGCACTG_009,81
CTGGGTGAGGACACGCACTG_010,76
CTGGGTGAGGACACGCACTG_011,77
CTGGGTGAGGACACGCACTG_012,61
CTGGGTGAGGACACGCACTG_013,152
CTGGGTGAGGACACGCACTG_014,192
CTGGGTGAGGACACGCACTG_015,103
CTGGGTGAGGACACGCACTG_016,188
CTGGGTGAGGACACGCACTG_017,98
CTGGGTGAGGACACGCACTG_018,193
CTGGGTGAGGACACGCACTG_019,29
CTGGGTGAGGACACGCACTG_020,176
CTGGGTGAGGACACGCACTG_021,176
CTGGGTGAGGACACGCACTG_022,161
CTGGGTGAGGACACGCACTG_023,80
CTGGGTGAGGACACGCACTG_024,191
CTGGGTGAGGACACGCACTG_025,61
CTGGGTGAGGACACGCACTG_026,26
CTGGGTGAGGACACGCACTG_027,176
CTGGGTGAGGACACGCACTG_028,9
CTGGGTGAGGACACGCACTG_029,46
CTGGGTGAGGACACGCACTG_030,24
CTGGGTGAGGACACGCACTG_031,170
CTGGGTGAGGACACGCACTG_032,97
GCAGCCTACAGGCAGAAGGT_001,127
GCAGCCTACAGGCAGAAGGT_002,69
CTCACCCTAAGGAGTAGAGG_001,3
CTCACCCTAAGGAGTAGAGG_002,1
CTCACCCTAAGGAGTAGAGG_003,168
CTCACCCTAAGGAGTAGAGG_004,134
GGGCTATAGTTAGGTCGCTG_001,133
GGGCTATAGTTAGGTCGCTG_002,36
GGGCTATAGTTAGGTCGCTG_003,55
GGGCTATAGTTAGGTCGCTG_004,140
GCCATATATACACTGAACTG_001,69
GCCATATATACACTGAACTG_002,103
GCCATATATACACTGAACTG_003,102
GCCATATATACACTGAACTG_004,28
CTCCGATGAAGACAAACCTG_001,70
CTCCGATGAAGACAAACCTG_002,29
CTCCGATGAAGACAAACCTG_003,55
CTCCGATGAAGACAAACCTG_004,69
CTCCGATGAAGACAAACCTG_005,23
CTCCGATGAAGACAAACCTG_006,41
CTCCGATGAAGACAAACCTG_007,137
CTCCGATGAAGACAAACCTG_008,48
CTCCGATGAAGACAAACCTG_009,17
CTCCGATGAAGACAAACCTG_010,174
CTCCGATGAAGACAAACCTG_011,150
CTCCGATGAAGACAAACCTG_012,28
CTCCGATGAAGACAAACCTG_013,88
CTCCGATGAAGACAAACCTG_014,166
CTCCGATGAAGACAAACCTG_015,121
CTCCGATGAAGACAAACCTG_016,77
CTCCGATGAAGACAAACCTG_017,139
CTCCGATGAAGACAAACCTG_018,10
CTCCGATGAAGACAAACCTG_019,141
CTCCGATGAAGACAAACCTG_020,199
TCCACTCTACCATGAGTGTG_001,38
TCCACTCTACCATGAGTGTG_002,159
TCCACTCTACCATGAGTGTG_003,160
TCCACTCTACCATGAGTGTG_004,48
TCCACTCTACCATGAGTGTG_005,98
TCCACTCTACCATGAGTGTG_006,174
TCCACTCTACCATGAGTGTG_007,163
TCCACTCTACCATGAGTGTG_008,191
TCCACTCTACCATGAGTGTG_009,138
TCCACTCTACCATGAGTGTG_010,158
TCCACTCTACCATGAGTGTG_011,147
TGAGTGTCAGGAATCCGTGA_001,49
TGAGTGTCAGGAATCCGTGA_002,121
TGAGTGTCAGGAATCCGTGA_003,94
TGAGTGTCAGGAATCCGTGA_004,119
TGAGTGTCAGGAATCCGTGA_005,111
TGAGTGTCAGGAATCCGTGA_006,80
TGAGTGTCAGGAATCCGTGA_007,178
TGAGTGTCAGGAATCCGTGA_008,174
TGAGTGTCAGGAATCCGTGA_009,108
TGAGTGTCAGGAATCCGTGA_010,111
TGAGTGTCAGGAATCCGTGA_011,42
TGAGTGTCAGGAATCCGTGA_012,82
TGAGTGTCAGGAATCCGTGA_013,35
TGAGTGTCAGGAATCCGTGA_014,121
TGAGTGTCAGGAATCCGTGA_015,188
TGAGTGTCAGGAATCCGTGA_016,127
TGAGTGTCAGGAATCCGTGA_017,72
TGAGTGTCAGGAATCCGTGA_018,106
TGAGTGTCAGGAATCCGTGA_019,90
TGAGTGTCAGGAATCCGTGA_020,52
GATGAGTAGTGCCTGCCGGG_001,43
GATGAGTAGTGCCTGCCGGG_002,166
GATGAGTAGTGCCTGCCGGG_003,122
GATGAGTAGTGCCTGCCGGG_004,161
GATGAGTAGTGCCTGCCGGG_005,88
GATGAGTAGTGCCTGCCGGG_006,63
GATGAGTAGTGCCTGCCGGG_007,130
GATGAGTAGTGCCTGCCGGG_008,118
GATGAGTAGTGCCTGCCGGG_009,161
CAGGCTCTCCGTTAGCGCCG_001,98
CAGGCTCTCCGTTAGCGCCG_002,67
CAGGCTCTCCGTTAGCGCCG_003,56
CAGGCTCTCCGTTAGCGCCG_004,34
CCTGGGTCATGCCCACAGCG_001,95
CCTGGGTCATGCCCACAGCG_002,188
AAGAAGTATGGCATTCCAAG_001,19
AACAGCTCATATCAGCGATG_001,157
AACAGCTCATATCAGCGATG_002,109
AACAGCTCATATCAGCGATG_003,169
AACAGCTCATATCAGCGATG_004,16
AACAGCTCATATCAGCGATG_005,132
AACAGCTCATATCAGCGATG_006,114
AACAGCTCATATCAGCGATG_007,178
AACAGCTCATATCAGCGATG_008,2
AACAGCTCATATCAGCGATG_009,14
AACAGCTCATATCAGCGATG_010,132
AACAGCTCATATCAGCGATG_011,160
AACAGCTCATATCAGCGATG_012,17
GGGCGCAAGAGTTGGCCAAG_001,129
GGGCGCAAGAGTTGGCCAAG_002,12
GGGCGCAAGAGTTGGCCAAG_003,12
GGGCGCAAGAGTTGGCCAAG_004,172
GGGCGCAAGAGTTGGCCAAG_005,149
GGGCGCAAGAGTTGGCCAAG_006,162
GGGCGCAAGAGTTGGCCAAG_007,79
GGGCGCAAGAGTTGGCCAAG_008,119
GGGCGCAAGAGTTGGCCAAG_009,47
GGGCGCAAGAGTTGGCCAAG_010,148
GGGCGCAAGAGTTGGCCAAG_011,44
GGGCGCAAGAGTTGGCCAAG_012,30
GGGCGCAAGAGTTGGCCAAG_013,120
GGGCGCAAGAGTTGGCCAAG_014,159
GGGCGCAAGAGTTGGCCAAG_015,104
GGGCGCAAGAGTTGGCCAAG_016,29
GGGCGCAAGAGTTGGCCAAG_017,102
GGGCGCAAGAGTTGGCCAAG_018,153
GGGCGCAAGAGTTGGCCAAG_019,64
GGGCGCAAGAGTTGGCCAAG_020,190
GGGCGCAAGAGTTGGCCAAG_021,2
GGGCGCAAGAGTTGGCCAAG_022,38
GGGCGCAAGAGTTGGCCAAG_023,53
GGGCGCAAGAGTTGGCCAAG_024,174
GGGCGCAAGAGTTGGCCAAG_025,61
GGGCGCAAGAGTTGGCCAAG_026,88
GGGCGCAAGAGTTGGCCAAG_027,160
GGGCGCAAGAGTTGGCCAAG_028,43
GGGCGCAAGAGTTGGCCAAG_029,57
GGGCGCAAGAGTTGGCCAAG_030,15
GGGCGCAAGAGTTGGCCAAG_031,9
TCATGCCTTCGACATAAACT_001,159
TCATGCCTTCGACATAAACT_002,96
TCATGCCTTCGACATAAACT_003,183
TCATGCCTTCGACATAAACT_004,105
TCATGCCTTCGACATAAACT_005,45
TCATGCCTTCGACATAAACT_006,12
TCATGCCTTCGACATAAACT_007,70
TCATGCCTTCGACATAAACT_008,12
TCATGCCTTCGACATAAACT_009,145
TCATGCCTTCGACATAAACT_010,71
TCATGCCTTCGACATAAACT_011,148
TCATGCCTTCGACATAAACT_012,32
TCATGCCTTCGACATAAACT_013,161
TCATGCCTTCGACATAAACT_014,8
TCATGCCTTCGACATAAACT_015,10
TCATGCCTTCGACATAAACT_016,170
ATGGCCCATCGAGCAAGGGT_001,168
ATGGCCCATCGAGCAAGGGT_002,33
ATGGCCCATCGAGCAAGGGT_003,41
ATGGCCCATCGAGCAAGGGT_004,5
ATGGCCCATCGAGCAAGGGT_005,148
ATGGCCCATCGAGCAAGGGT_006,140
ATGGCCCATCGAGCAAGGGT_007,3
ATGGCCCATCGAGCAAGGGT_008,142
ATGGCCCATCGAGCAAGGGT_009,115
ATGGCCCATCGAGCAAGGGT_010,110
ATGGCCCATCGAGCAAGGGT_011,102
TGAGCAAAGTCTGCACGTGA_001,44
TGAGCAAAGTCTGCACGTGA_002,98
GGTGACCGTTGAAGTTGGTG_001,78
GGTGACCGTTGAAGTTGGTG_002,105
GGTGACCGTTGAAGTTGGTG_003,185
GGTGACCGTTGAAGTTGGTG_004,159
GGTGACCGTTGAAGTTGGTG_005,104
GGTGACCGTTGAAGTTGGTG_006,38
GGTGACCGTTGAAGTTGGTG_007,38
CATCTATAACAGCTCCACAG_001,159
CATCTATAACAGCTCCACAG_002,60
CATCTATAACAGCTCCACAG_003,90
CATCTATAACAGCTCCACAG_004,192
CATCTATAACAGCTCCACAG_005,115
CATCTATAACAGCTCCACAG_006,26
CAGCGCTGACATAGGGACCT_001,45
CAGCGCTGACATAGGGACCT_002,8
CAGCGCTGACATAGGGACCT_003,26
CAGCGCTGACATAGGGACCT_004,81
CAGCGCTGACATAGGGACCT_005,88
CAGCGCTGACATAGGGACCT_006,30
CAGCGCTGACATAGGGACCT_007,84
CAGCGCTGACATAGGGACCT_008,49
CAGCGCTGACATAGGGACCT_009,148
CAGCGCTGACATAGGGACCT_010,59
GAGAATGGGACAGTCCACCA_001,70
GAGAATGGGACAGTCCACCA_002,170
GAGAATGGGACAGTCCACCA_003,72
GAGAATGGGACAGTCCACCA_004,40
GAGAATGGGACAGTCCACCA_005,19
GAGAATGGGACAGTCCACCA_006,13
GAGAATGGGACAGTCCACCA_007,102
GAGAATGGGACAGTCCACCA_008,29
GAGAATGGGACAGTCCACCA_009,129
GAGAATGGGACAGTCCACCA_010,154
GAGAATGGGACAGTCCACCA_011,151
GAGAATGGGACAGTCCACCA_012,35
GAGAATGGGACAGTCCACCA_013,184
GAGAATGGGACAGTCCACCA_014,70
GAGAATGGGACAGTCCACCA_015,9
GAGAATGGGACAGTCCACCA_016,17
GAGAATGGGACAGTCCACCA_017,147
GCGGAGAGGTCGTGCTACTC_001,91
GCGGAGAGGTCGTGCTACTC_002,92
GCGGAGAGGTCGTGCTACTC_003,11
GCGGAGAGGTCGTGCTACTC_004,119
GCGGAGAGGTCGTGCTACTC_005,102
GCGGAGAGGTCGTGCTACTC_006,188
GCGGAGAGGTCGTGCTACTC_007,60
GCGGAGAGGTCGTGCTACTC_008,177
GCGGAGAGGTCGTGCTACTC_009,177
GCGGAGAGGTCGTGCTACTC_010,43
GCGGAGAGGTCGTGCTACTC_011,95
GCGGAGAGGTCGTGCTACTC_012,69
GCGGAGAGGTCGTGCTACTC_013,43
GCGGAGAGGTCGTGCTACTC_014,76
GCGGAGAGGTCGTGCTACTC_015,160
GCGGAGAGGTCGTGCTACTC_016,169
GCGGAGAGGTCGTGCTACTC_017,183
GCGGAGAGGTCGTGCTACTC_018,156
GCGGAGAGGTCGTGCTACTC_019,190
GCGGAGAGGTCGTGCTACTC_020,40
GCGGAGAGGTCGTGCTACTC_021,179
GCGGAGAGGTCGTGCTACTC_022,105
GCGGAGAGGTCGTGCTACTC_023,99
GCGGAGAGGTCGTGCTACTC_024,170
CTCTCCGTCCACACTCTCAG_001,91
CTCTCCGTCCACACTCTCAG_002,97
CTCTCCGTCCACACTCTCAG_003,191
CTCTCCGTCCACACTCTCAG_004,150
CTCTCCGTCCACACTCTCAG_005,186
CTCTCCGTCCACACTCTCAG_006,27
CTCTCCGTCCACACTCTCAG_007,172
CTCTCCGTCCACACTCTCAG_008,152
CTCTCCGTCCACACTCTCAG_009,162
TGCATCCCAGAGGCGCGATG_001,137
TGCATCCCAGAGGCGCGATG_002,119
TGCATCCCAGAGGCGCGATG_003,172
TGCATCCCAGAGGCGCGATG_004,170
TGCATCCCAGAGGCGCGATG_005,181
TGCATCCCAGAGGCGCGATG_006,89
TGCATCCCAGAGGCGCGATG_007,161
TGCATCCCAGAGGCGCGATG_008,80
TGCATCCCAGAGGCGCGATG_009,97
TGCATCCCAGAGGCGCGATG_010,188
TGCATCCCAGAGGCGCGATG_011,169
TGCATCCCAGAGGCGCGATG_012,4
TGCATCCCAGAGGCGCGATG_013,1
TGCATCCCAGAGGCGCGATG_014,145
AGCAGCGATTTGGCATCTAC_001,83
AGCAGCGATTTGGCATCTAC_002,126
AGCAGCGATTTGGCATCTAC_003,182
AGCAGCGATTTGGCATCTAC_004,162
AGCAGCGATTTGGCATCTAC_005,71
AGCAGCGATTTGGCATCTAC_006,110
AGCAGCGATTTGGCATCTAC_007,1
AGCAGCGATTTGGCATCTAC_008,100
AGCAGCGATTTGGCATCTAC_009,105
AGCAGCGATTTGGCATCTAC_010,63
AGCAGCGATTTGGCATCTAC_011,149
AGCAGCGATTTGGCATCTAC_012,88
TAGTCATTGTAACCGCAGTG_001,82
TAGTCATTGTAACCGCAGTG_002,168
CTTTCGTTAATCCCCCCAGA_001,48
GAAGAACAGGTCATCAGCCT_001,169
CAAACTCCTCACTCACAGCA_001,125
CAAACTCCTCACTCACAGCA_002,194
CAAACTCCTCACTCACAGCA_003,141
CAAACTCCTCACTCACAGCA_004,197
CAAACTCCTCACTCACAGCA_005,100
CAAACTCCTCACTCACAGCA_006,40
CAAACTCCTCACTCACAGCA_007,134
CAAACTCCTCACTCACAGCA_008,32
CAAACTCCTCACTCACAGCA_009,102
CAAACTCCTCACTCACAGCA_010,54
CAAACTCCTCACTCACAGCA_011,192
CAAACTCCTCACTCACAGCA_012,35
CAAACTCCTCACTCACAGCA_013,73
CAAACTCCTCACTCACAGCA_014,155
CAAACTCCTCACTCACAGCA_015,182
CAAACTCCTCACTCACAGCA_016,116
GAATGCCATTAATTATCACC_001,175
GAATGCCATTAATTATCACC_002,77
GAATGCCATTAATTATCACC_003,156
GAATGCCATTAATTATCACC_004,112
CGGGTCCTTGAGCAGCTCCG_001,53
CGGGTCCTTGAGCAGCTCCG_002,139
CGGGTCCTTGAGCAGCTCCG_003,141
CGCAGCAGGATATCGGCCGG_001,25
CGCAGCAGGATATCGGCCGG_002,18
CGCAGCAGGATATCGGCCGG_003,138
GGCAGCGGTCCAGACCAGCA_001,115
GGCAGCGGTCCAGACCAGCA_002,72
GGCAGCGGTCCAGACCAGCA_003,50
GGCAGCGGTCCAGACCAGCA_004,68
GGCAGCGGTCCAGACCAGCA_005,140
GGCAGCGGTCCAGACCAGCA_006,176
GGCAGCGGTCCAGACCAGCA_007,172
GGCAGCGGTCCAGACCAGCA_008,78
GGCAGCGGTCCAGACCAGCA_009,198
GGCAGCGGTCCAGACCAGCA_010,4
GGCAGCGGTCCAGACCAGCA_011,119
GGCAGCGGTCCAGACCAGCA_012,3
GGCAGCGGTCCAGACCAGCA_013,15
CCAAAGTGTGAAGATAGACT_001,158
CCAAAGTGTGAAGATAGACT_002,121
CCAAAGTGTGAAGATAGACT_003,12
CCAAAGTGTGAAGATAGACT_004,72
CCAAAGTGTGAAGATAGACT_005,29
CCAAAGTGTGAAGATAGACT_006,75
CACAGCTACGGGATACGGCC_001,20
CACAGCTACGGGATACGGCC_002,33
ATGTGTAAGTTAAGTTCCTG_001,85
ATGTGTAAGTTAAGTTCCTG_002,181
ATGTGTAAGTTAAGTTCCTG_003,186
ATGTGTAAGTTAAGTTCCTG_004,186
CCCATCCATAGGGACACTCG_001,17
CCCATCCATAGGGACACTCG_002,77
CCCATCCATAGGGACACTCG_003,49
CCCATCCATAGGGACACTCG_004,77
CCCATCCATAGGGACACTCG_005,33
CCCATCCATAGGGACACTCG_006,75
CCCATCCATAGGGACACTCG_007,107
CCCATCCATAGGGACACTCG_008,162
CCCATCCATAGGGACACTCG_009,177
CCCATCCATAGGGACACTCG_010,20
CCCATCCATAGGGACACTCG_011,165
CCCATCCATAGGGACACTCG_012,178
CCCATCCATAGGGACACTCG_013,115
CCCATCCATAGGGACACTCG_014,34
CCCATCCATAGGGACACTCG_015,47
CCGGGCTTCAGGAATAAAGG_001,149
CCGGGCTTCAGGAATAAAGG_002,145
ATGGATGGTTGGTTGCACAT_001,5
ATGGATGGTTGGTTGCACAT_002,121
ATGGATGGTTGGTTGCACAT_003,168
ATGGATGGTTGGTTGCACAT_004,44
ATGGATGGTTGGTTGCACAT_005,37
ATGGATGGTTGGTTGCACAT_006,120
ATGGATGGTTGGTTGCACAT_007,70
ATGGATGGTTGGTTGCACAT_008,62
ATGGATGGTTGGTTGCACAT_009,6
ATGGATGGTTGGTTGCACAT_010,6
AGGCTGTTTGAAATGTAGCA_001,25
AGGCTGTTTGAAATGTAGCA_002,37
AGGCTGTTTGAAATGTAGCA_003,84
AGGCTGTTTGAAATGTAGCA_004,154
AGGCTGTTTGAAATGTAGCA_005,76
AGGCTGTTTGAAATGTAGCA_006,177
AGGCTGTTTGAAATGTAGCA_007,104
AGGCTGTTTGAAATGTAGCA_008,89
AGGCTGTTTGAAATGTAGCA_009,94
AGGCTGTTTGAAATGTAGCA_010,172
AGGCTGTTTGAAATGTAGCA_011,63
CCCAGGCAGGAGCTTATGAC_001,172
CCCAGGCAGGAGCTTATGAC_002,31
CCCAGGCAGGAGCTTATGAC_003,81
CCCAGGCAGGAGCTTATGAC_004,152
CCCAGGCAGGAGCTTATGAC_005,151
CCCAGGCAGGAGCTTATGAC_006,182
CCCAGGCAGGAGCTTATGAC_007,169
CCCAGGCAGGAGCTTATGAC_008,199
CCCAGGCAGGAGCTTATGAC_009,50
CCCAGGCAGGAGCTTATGAC_010,24
GGTCTCCATTACACACAAGG_001,169
GGTCTCCATTACACACAAGG_002,115
GGTCTCCATTACACACAAGG_003,5
GGTCTCCATTACACACAAGG_004,59
GGTCTCCATTACACACAAGG_005,185
GGTCTCCATTACACACAAGG_006,102
GGTCTCCATTACACACAAGG_007,2
GGTCTCCATTACACACAAGG_008,18
GGTCTCCATTACACACAAGG_009,144
CGGAGCATTGTCATTCATGT_001,43
CGGAGCATTGTCATTCATGT_002,88
CGGAGCATTGTCATTCATGT_003,113
CGGAGCATTGTCATTCATGT_004,169
CGGAGCATTGTCATTCATGT_005,188
CGGAGCATTGTCATTCATGT_006,88
CGGAGCATTGTCATTCATGT_007,141
CGGAGCATTGTCATTCATGT_008,15
CGGAGCATTGTCATTCATGT_009,198
CGGAGCATTGTCATTCATGT_010,127
CACATTCTATGTGAAAAACA_001,98
GTTATTCCGTTTCACTACAA_001,168
GTTATTCCGTTTCACTACAA_002,15
GTTATTCCGTTTCACTACAA_003,145
GTTATTCCGTTTCACTACAA_004,174
GTTATTCCGTTTCACTACAA_005,67
GTTATTCCGTTTCACTACAA_006,61
GTTATTCCGTTTCACTACAA_007,4
TGTGCTCCCGCTGAATAAGG_001,102
TGTGCTCCCGCTGAATAAGG_002,0
TGTGCTCCCGCTGAATAAGG_003,38
TGTGCTCCCGCTGAATAAGG_004,189
TGTGCTCCCGCTGAATAAGG_005,164
TGTGCTCCCGCTGAATAAGG_006,75
TGTGCTCCCGCTGAATAAGG_007,81
TGTGCTCCCGCTGAATAAGG_008,161
TGTGCTCCCGCTGAATAAGG_009,65
TGTGCTCCCGCTGAATAAGG_010,197
TGTGCTCCCGCTGAATAAGG_011,78
TGTGCTCCCGCTGAATAAGG_012,123
TGTGCTCCCGCTGAATAAGG_013,177
TGTGCTCCCGCTGAATAAGG_014,71
AGACCAACATCCGTGACACC_001,26
AGACCAACATCCGTGACACC_002,50
AGACCAACATCCGTGACACC_003,88
AGACCAACATCCGTGACACC_004,76
AGACCAACATCCGTGACACC_005,58
AGACCAACATCCGTGACACC_006,75
AGACCAACATCCGTGACACC_007,199
AGACCAACATCCGTGACACC_008,61
AGACCAACATCCGTGACACC_009,108
AGACCAACATCCGTGACACC_010,81
AGACCAACATCCGTGACACC_011,98
AGACCAACATCCGTGACACC_012,2
AGACCAACATCCGTGACACC_013,103
AGACCAACATCCGTGACACC_014,145
AGACCAACATCCGTGACACC_015,141
AGACCAACATCCGTGACACC_016,3
AGACCAACATCCGTGACACC_017,94
ACTCTCGCCAGAATGAATCC_001,116
ACTCTCGCCAGAATGAATCC_002,198
ACTCTCGCCAGAATGAATCC_003,163
ACTCTCGCCAGAATGAATCC_004,82
ACTCTCGCCAGAATGAATCC_005,126
ACTCTCGCCAGAATGAATCC_006,155
ACTCTCGCCAGAATGAATCC_007,69
ACTCTCGCCAGAATGAATCC_008,69
ACTCTCGCCAGAATGAATCC_009,19
ACTCTCGCCAGAATGAATCC_010,19
AGCAGGTTCCGGGATACCCG_001,191
AGCAGGTTCCGGGATACCCG_002,166
AAGGGGACCAGCATAATTTG_001,49
AAGGGGACCAGCATAATTTG_002,63
AAGGGGACCAGCATAATTTG_003,26
GAAGCACTGGCCCTTCCGGG_001,21
GAAGCACTGGCCCTTCCGGG_002,27
GAAGCACTGGCCCTTCCGGG_003,48
ACACCTGGTTGGATAGTCAG_001,137
ACACCTGGTTGGATAGTCAG_002,100
ACACCTGGTTGGATAGTCAG_003,77
ACACCTGGTTGGATAGTCAG_004,13
ACACCTGGTTGGATAGTCAG_005,15
ACACCTGGTTGGATAGTCAG_006,128
ACACCTGGTTGGATAGTCAG_007,17
ACACCTGGTTGGATAGTCAG_008,37
ACACCTGGTTGGATAGTCAG_009,52
TGTCTCCAAACATCATTTCA_001,115
AGACTGTGGTACGGGCTCGT_001,115
AGACTGTGGTACGGGCTCGT_002,53
AGACTGTGGTACGGGCTCGT_003,12
AGACTGTGGTACGGGCTCGT_004,153
GGCCAGTGGTTTCTCAACCA_001,1
GGCCAGTGGTTTCTCAACCA_002,48
GGCCAGTGGTTTCTCAACCA_003,181
GGCCAGTGGTTTCTCAACCA_004,6
GGCCAGTGGTTTCTCAACCA_005,168
GGCCAGTGGTTTCTCAACCA_006,127
GGCCAGTGGTTTCTCAACCA_007,69
GGCCAGTGGTTTCTCAACCA_008,58
GGCCAGTGGTTTCTCAACCA_009,48
GGCCAGTGGTTTCTCAACCA_010,50
GGCCAGTGGTTTCTCAACCA_011,162
AGCACCGCCGTGAACTACTG_001,125
AGCACCGCCGTGAACTACTG_002,127
AGCACCGCCGTGAACTACTG_003,152
AGCACCGCCGTGAACTACTG_004,76
AGCACCGCCGTGAACTACTG_005,98
AGCACCGCCGTGAACTACTG_006,149
AGCACCGCCGTGAACTACTG_007,170
AGCACCGCCGTGAACTACTG_008,191
AGCACCGCCGTGAACTACTG_009,77
AGCACCGCCGTGAACTACTG_010,76
AGCACCGCCGTGAACTACTG_011,77
AGCACCGCCGTGAACTACTG_012,125
AGCACCGCCGTGAACTACTG_013,125
AGCACCGCCGTGAACTACTG_014,182
AGCACCGCCGTGAACTACTG_015,56
AGCACCGCCGTGAACTACTG_016,94
AGCACCGCCGTGAACTACTG_017,86
AGCACCGCCGTGAACTACTG_018,138
AGCACCGCCGTGAACTACTG_019,1
AGCACCGCCGTGAACTACTG_020,104
AGCACCGCCGTGAACTACTG_021,29
AGCACCGCCGTGAACTACTG_022,48
AGCACCGCCGTGAACTACTG_023,138
AGCACCGCCGTGAACTACTG_024,118
AGCACCGCCGTGAACTACTG_025,127
AGCACCGCCGTGAACTACTG_026,70
AGCACCGCCGTGAACTACTG_027,74
AGGATCCAATAGCAGAGCCA_001,127
AGGATCCAATAGCAGAGCCA_002,179
AGGATCCAATAGCAGAGCCA_003,174
AGGATCCAATAGCAGAGCCA_004,142
ATTCAATAAAAGCGTAACAG_001,133
ATTCAATAAAAGCGTAACAG_002,197
ATTCAATAAAAGCGTAACAG_003,130
ATTCAATAAAAGCGTAACAG_004,132
ATTCAATAAAAGCGTAACAG_005,138
ATTCAATAAAAGCGTAACAG_006,19
ATTCAATAAAAGCGTAACAG_007,168
CTATTACCGGATTTACCACG_001,168
CTATTACCGGATTTACCACG_002,158
CTATTACCGGATTTACCACG_003,78
CTATTACCGGATTTACCACG_004,41
CTATTACCGGATTTACCACG_005,90
CTATTACCGGATTTACCACG_006,29
CTATTACCGGATTTACCACG_007,162
TGAGTGCAAGATCGAACGTG_001,197
TGAGTGCAAGATCGAACGTG_002,144
TGAGTGCAAGATCGAACGTG_003,63
TGAGTGCAAGATCGAACGTG_004,100
TGAGTGCAAGATCGAACGTG_005,138
TGAGTGCAAGATCGAACGTG_006,19
TGAGTGCAAGATCGAACGTG_007,19
TGAGTGCAAGATCGAACGTG_008,132
TGAGTGCAAGATCGAACGTG_009,142
TGAGTGCAAGATCGAACGTG_010,94
TGAGTGCAAGATCGAACGTG_011,155
TGAGTGCAAGATCGAACGTG_012,15
AATAAGCCCTGATATTAGTG_001,12
AATAAGCCCTGATATTAGTG_002,61
AATAAGCCCTGATATTAGTG_003,70
AATAAGCCCTGATATTAGTG_004,184
AAACCTGTGTCAGCCGAGCG_001,168
AAACCTGTGTCAGCCGAGCG_002,67
AAACCTGTGTCAGCCGAGCG_003,163
AAACCTGTGTCAGCCGAGCG_004,76
AAACCTGTGTCAGCCGAGCG_005,163
AAACCTGTGTCAGCCGAGCG_006,194
AAACCTGTGTCAGCCGAGCG_007,163
AAACCTGTGTCAGCCGAGCG_008,73
AAACCTGTGTCAGCCGAGCG_009,65
AAACCTGTGTCAGCCGAGCG_010,126
AAACCTGTGTCAGCCGAGCG_011,141
AAACCTGTGTCAGCCGAGCG_012,60
AAACCTGTGTCAGCCGAGCG_013,15
AAACCTGTGTCAGCCGAGCG_014,173
AAACCTGTGTCAGCCGAGCG_015,87
AAACCTGTGTCAGCCGAGCG_016,144
AAACCTGTGTCAGCCGAGCG_017,152
AAACCTGTGTCAGCCGAGCG_018,131
AAACCTGTGTCAGCCGAGCG_019,177
AAACCTGTGTCAGCCGAGCG_020,190
AAACCTGTGTCAGCCGAGCG_021,88
AAACCTGTGTCAGCCGAGCG_022,112
AAACCTGTGTCAGCCGAGCG_023,37
AAACCTGTGTCAGCCGAGCG_024,172
AAACCTGTGTCAGCCGAGCG_025,166
AAACCTGTGTCAGCCGAGCG_026,188
AAACCTGTGTCAGCCGAGCG_027,68
AAACCTGTGTCAGCCGAGCG_028,77
AAACCTGTGTCAGCCGAGCG_029,94
AAACCTGTGTCAGCCGAGCG_030,163
AAACCTGTGTCAGCCGAGCG_031,9
AAACCTGTGTCAGCCGAGCG_032,130
AAACCTGTGTCAGCCGAGCG_033,55
AAACCTGTGTCAGCCGAGCG_034,27
AGCTTAACCGGAGATCACAA_001,123
AGCTTAACCGGAGATCACAA_002,60
AGCTTAACCGGAGATCACAA_003,2
AGCTTAACCGGAGATCACAA_004,141
AGCTTAACCGGAGATCACAA_005,125
AGCTTAACCGGAGATCACAA_006,196
AGCTTAACCGGAGATCACAA_007,32
AGCTTAACCGGAGATCACAA_008,19
AGCTTAACCGGAGATCACAA_009,91
AGCTTAACCGGAGATCACAA_010,184
AGCTTAACCGGAGATCACAA_011,169
TCGCGTTGGTGATACAGCCG_001,144
TCGCGTTGGTGATACAGCCG_002,98
TCGCGTTGGTGATACAGCCG_003,5
TCGCGTTGGTGATACAGCCG_004,78
TCGCGTTGGTGATACAGCCG_005,28
GAATGTTGCACGCATTAGTG_001,72
GAATGTTGCACGCATTAGTG_002,81
GAATGTTGCACGCATTAGTG_003,117
GAATGTTGCACGCATTAGTG_004,11
GAATGTTGCACGCATTAGTG_005,88
GAATGTTGCACGCATTAGTG_006,142
GCCCCGTGGTCAGAGATGGA_001,29
GCCCCGTGGTCAGAGATGGA_002,137
GCCCCGTGGTCAGAGATGGA_003,50
GCCCCGTGGTCAGAGATGGA_004,29
GCCCCGTGGTCAGAGATGGA_005,180
GCCCCGTGGTCAGAGATGGA_006,97
GCCCCGTGGTCAGAGATGGA_007,50
GCCCCGTGGTCAGAGATGGA_008,169
GCCCCGTGGTCAGAGATGGA_009,41
GCCCCGTGGTCAGAGATGGA_010,63
GCCCCGTGGTCAGAGATGGA_011,2
GCCCCGTGGTCAGAGATGGA_012,197
CCAGGTAGAGGACCATAAGG_001,179
CCAGGTAGAGGACCATAAGG_002,69
CCAGGTAGAGGACCATAAGG_003,69
CCAGGTAGAGGACCATAAGG_004,157
CCAGGTAGAGGACCATAAGG_005,40
CCAGGTAGAGGACCATAAGG_006,116
GGGACAACAGCAATATCCTA_001,173
GGGACAACAGCAATATCCTA_002,51
GGGACAACAGCAATATCCTA_003,2
GGGACAACAGCAATATCCTA_004,184
GAAATGAACATGGACGTCGC_001,130
GAAATGAACATGGACGTCGC_002,82
GAAATGAACATGGACGTCGC_003,189
GAAATGAACATGGACGTCGC_004,84
GAAATGAACATGGACGTCGC_005,47
GAAATGAACATGGACGTCGC_006,79
GAAATGAACATGGACGTCGC_007,9
GAAATGAACATGGACGTCGC_008,105
GAAATGAACATGGACGTCGC_009,23
GAAATGAACATGGACGTCGC_010,15
GAAATGAACATGGACGTCGC_011,29
GAAATGAACATGGACGTCGC_012,120
GAAATGAACATGGACGTCGC_013,147
GAAATGAACATGGACGTCGC_014,69
GAAATGAACATGGACGTCGC_015,128
GAAATGAACATGGACGTCGC_016,81
GAAATGAACATGGACGTCGC_017,47
GAAATGAACATGGACGTCGC_018,102
GAAATGAACATGGACGTCGC_019,39
GAAATGAACATGGACGTCGC_020,69
ACCGCGCCAAAGCCGGACGC_001,93
ACCGCGCCAAAGCCGGACGC_002,17
ACCGCGCCAAAGCCGGACGC_003,64
ACCGCGCCAAAGCCGGACGC_004,133
ACCGCGCCAAAGCCGGACGC_005,91
TCATACCTATAGTATCTGGG_001,43
TCATACCTATAGTATCTGGG_002,168
TCATACCTATAGTATCTGGG_003,78
TCATACCTATAGTATCTGGG_004,127
TCAAGTCCTTAGATATGGGC_001,121
TCAAGTCCTTAGATATGGGC_002,49
TCAAGTCCTTAGATATGGGC_003,23
TCAAGTCCTTAGATATGGGC_004,62
TCAAGTCCTTAGATATGGGC_005,160
TCAAGTCCTTAGATATGGGC_006,12
TCAAGTCCTTAGATATGGGC_007,28
TCAAGTCCTTAGATATGGGC_008,33
TCAAGTCCTTAGATATGGGC_009,47
ACTCAAACCTAATTAACCAT_001,158
ACTCAAACCTAATTAACCAT_002,162
ACTCAAACCTAATTAACCAT_003,147
ACTCAAACCTAATTAACCAT_004,35
GCTGCACCGTGTATGTGTAG_001,65
GCTGCACCGTGTATGTGTAG_002,83
GCTGCACCGTGTATGTGTAG_003,97
GCTGCACCGTGTATGTGTAG_004,197
GCTGCACCGTGTATGTGTAG_005,66
GCTGCACCGTGTATGTGTAG_006,136
TGTTGAGTTTACTGGAAATG_001,107
TGTTGAGTTTACTGGAAATG_002,168
TGTTGAGTTTACTGGAAATG_003,16
TGTTGAGTTTACTGGAAATG_004,141
TGTTGAGTTTACTGGAAATG_005,42
TGTTGAGTTTACTGGAAATG_006,28
TGTTGAGTTTACTGGAAATG_007,8
TGTTGAGTTTACTGGAAATG_008,43
TGTTGAGTTTACTGGAAATG_009,148
TGTTGAGTTTACTGGAAATG_010,17
TGTTGAGTTTACTGGAAATG_011,146
TGTTGAGTTTACTGGAAATG_012,49
TGTTGAGTTTACTGGAAATG_013,48
GAGCTTATAGACCTCAACAC_001,150
TTCAGTGAGAAGGGGCACAC_001,40
TTCAGTGAGAAGGGGCACAC_002,0
TTCAGTGAGAAGGGGCACAC_003,1
TTCAGTGAGAAGGGGCACAC_004,56
TTCAGTGAGAAGGGGCACAC_005,175
TTCAGTGAGAAGGGGCACAC_006,40
TTCAGTGAGAAGGGGCACAC_007,120
TTCAGTGAGAAGGGGCACAC_008,23
TTCAGTGAGAAGGGGCACAC_009,14
TTCAGTGAGAAGGGGCACAC_010,53
TTCAGTGAGAAGGGGCACAC_011,5
TTCAGTGAGAAGGGGCACAC_012,169
TTCAGTGAGAAGGGGCACAC_013,34
TTCAGTGAGAAGGGGCACAC_014,175
TTCAGTGAGAAGGGGCACAC_015,155
TTCAGTGAGAAGGGGCACAC_016,29
TTCAGTGAGAAGGGGCACAC_017,184
TTCAGTGAGAAGGGGCACAC_018,158
TTCAGTGAGAAGGGGCACAC_019,141
TTCAGTGAGAAGGGGCACAC_020,37
TTCAGTGAGAAGGGGCACAC_021,199
TTCAGTGAGAAGGGGCACAC_022,19
TTCAGTGAGAAGGGGCACAC_023,102
TTCAGTGAGAAGGGGCACAC_024,198
TTCAGTGAGAAGGGGCACAC_025,17
GGGCCAGCTGAGATCCGTCG_001,183
GGGCCAGCTGAGATCCGTCG_002,69
GGGCCAGCTGAGATCCGTCG_003,195
GGGCCAGCTGAGATCCGTCG_004,195
TCCCACGCCTACGGCCCCGG_001,4
TCCCACGCCTACGGCCCCGG_002,145
TCCCACGCCTACGGCCCCGG_003,49
TCCCACGCCTACGGCCCCGG_004,49
TCCCACGCCTACGGCCCCGG_005,76
TCCCACGCCTACGGCCCCGG_006,29
TCCCACGCCTACGGCCCCGG_007,121
TCCCACGCCTACGGCCCCGG_008,112
TCCCACGCCTACGGCCCCGG_009,106
TCCCACGCCTACGGCCCCGG_010,124
TCCCACGCCTACGGCCCCGG_011,104
TCCCACGCCTACGGCCCCGG_012,104
CACAGCCTTCATCCCACACG_001,101
TCTGCTGAGCAGCGTCGCAG_001,112
TCTGCTGAGCAGCGTCGCAG_002,48
TCTGCTGAGCAGCGTCGCAG_003,150
TCTGCTGAGCAGCGTCGCAG_004,106
TCTGCTGAGCAGCGTCGCAG_005,184
TCTGCTGAGCAGCGTCGCAG_006,69
TCTGCTGAGCAGCGTCGCAG_007,48
TCTGCTGAGCAGCGTCGCAG_008,132
TCTGCTGAGCAGCGTCGCAG_009,174
TCTGCTGAGCAGCGTCGCAG_010,56
TCTGCTGAGCAGCGTCGCAG_011,46
TCTGCTGAGCAGCGTCGCAG_012,182
TCTGCTGAGCAGCGTCGCAG_013,63
TCTGCTGAGCAGCGTCGCAG_014,175
TGCTCAGCAGCGTCACCCAG_001,40
TGCTCAGCAGCGTCACCCAG_002,2
TGCTCAGCAGCGTCACCCAG_003,19
TGCTCAGCAGCGTCACCCAG_004,10
ACATATCAAAAACACCATGC_001,55
ACATATCAAAAACACCATGC_002,166
ACATATCAAAAACACCATGC_003,27
ACATATCAAAAACACCATGC_004,173
ACATATCAAAAACACCATGC_005,67
ACATATCAAAAACACCATGC_006,115
ACATATCAAAAACACCATGC_007,171
ACATATCAAAAACACCATGC_008,50
ACATATCAAAAACACCATGC_009,143
ACATATCAAAAACACCATGC_010,163
GGGCGAACGGCTGAACGCGG_001,110
GGGCGAACGGCTGAACGCGG_002,134
GGGCGAACGGCTGAACGCGG_003,163
GGGCGAACGGCTGAACGCGG_004,81
GGGCGAACGGCTGAACGCGG_005,177
GGGCGAACGGCTGAACGCGG_006,36
GGGCGAACGGCTGAACGCGG_007,175
GGGCGAACGGCTGAACGCGG_008,39
GGGCGAACGGCTGAACGCGG_009,142
ATAGTAGGGTGGGAACCCGA_001,26
ATAGTAGGGTGGGAACCCGA_002,58
ATAGTAGGGTGGGAACCCGA_003,103
ATAGTAGGGTGGGAACCCGA_004,138
ATAGTAGGGTGGGAACCCGA_005,37
ATAGTAGGGTGGGAACCCGA_006,191
ATAGTAGGGTGGGAACCCGA_007,108
ATAGTAGGGTGGGAACCCGA_008,184
ATAGTAGGGTGGGAACCCGA_009,133
ATAGTAGGGTGGGAACCCGA_010,73
ATAGTAGGGTGGGAACCCGA_011,132
ATAGTAGGGTGGGAACCCGA_012,12
ATAGTAGGGTGGGAACCCGA_013,15
ATAGTAGGGTGGGAACCCGA_014,41
ATAGTAGGGTGGGAACCCGA_015,114
ATAGTAGGGTGGGAACCCGA_016,162
ATAGTAGGGTGGGAACCCGA_017,36
ATAGTAGGGTGGGAACCCGA_018,148
ATAGTAGGGTGGGAACCCGA_019,158
ATAGTAGGGTGGGAACCCGA_020,147
ATAGTAGGGTGGGAACCCGA_021,170
ATAGTAGGGTGGGAACCCGA_022,127
ATAGTAGGGTGGGAACCCGA_023,185
ATAGTAGGGTGGGAACCCGA_024,76
ATAGTAGGGTGGGAACCCGA_025,184
ATAGTAGGGTGGGAACCCGA_026,15
ATAGTAGGGTGGGAACCCGA_027,33
ATAGTAGGGTGGGAACCCGA_028,13
ATAGTAGGGTGGGAACCCGA_029,19
ATAGTAGGGTGGGAACCCGA_030,48
ATAGTAGGGTGGGAACCCGA_031,94
ATAGTAGGGTGGGAACCCGA_032,75
ATAGTAGGGTGGGAACCCGA_033,148
ATAGTAGGGTGGGAACCCGA_034,91
ATAGTAGGGTGGGAACCCGA_035,96
ATAGTAGGGTGGGAACCCGA_036,2
TCCCAGGCTATGCTAGCAAA_001,112
CATGGCAGTTAAGACTGGCG_001,106
CATGGCAGTTAAGACTGGCG_002,149
CATGGCAGTTAAGACTGGCG_003,4
CATGGCAGTTAAGACTGGCG_004,142
CATGGCAGTTAAGACTGGCG_005,101
CATGGCAGTTAAGACTGGCG_006,96
CATGGCAGTTAAGACTGGCG_007,96
CATGGCAGTTAAGACTGGCG_008,1
CATGGCAGTTAAGACTGGCG_009,184
CATGGCAGTTAAGACTGGCG_010,83
CATGGCAGTTAAGACTGGCG_011,83
CATGGCAGTTAAGACTGGCG_012,148
CATGGCAGTTAAGACTGGCG_013,199
CATGGCAGTTAAGACTGGCG_014,3
TCCTGAGTGACACTCACTCT_001,185
TCCTGAGTGACACTCACTCT_002,157
TCCTGAGTGACACTCACTCT_003,43
TCCTGAGTGACACTCACTCT_004,29
TCCTGAGTGACACTCACTCT_005,169
GTTCTCACCAAAGATGCGGA_001,78
GTTCTCACCAAAGATGCGGA_002,75
GTTCTCACCAAAGATGCGGA_003,70
GTTCTCACCAAAGATGCGGA_004,80
GTTCTCACCAAAGATGCGGA_005,43
GTTCTCACCAAAGATGCGGA_006,77
GTTCTCACCAAAGATGCGGA_007,63
GTTCTCACCAAAGATGCGGA_008,169
TGGCAGCGCTCAAACCAGTG_001,72
TGGCAGCGCTCAAACCAGTG_002,58
TGGCAGCGCTCAAACCAGTG_003,88
TGGCAGCGCTCAAACCAGTG_004,7
TGGCAGCGCTCAAACCAGTG_005,7
TGGCAGCGCTCAAACCAGTG_006,22
TGGCAGCGCTCAAACCAGTG_007,29
TGGCAGCGCTCAAACCAGTG_008,190
TGGCAGCGCTCAAACCAGTG_009,192
TGGCAGCGCTCAAACCAGTG_010,174
TGGCAGCGCTCAAACCAGTG_011,52
TGGCAGCGCTCAAACCAGTG_012,80
TGGCAGCGCTCAAACCAGTG_013,108
TGGCAGCGCTCAAACCAGTG_014,106
TGGCAGCGCTCAAACCAGTG_015,168
TGGCAGCGCTCAAACCAGTG_016,169
CTTGAAGGTGAGGATAACGC_001,8
CTTGAAGGTGAGGATAACGC_002,147
CTTGAAGGTGAGGATAACGC_003,164
CTTGAAGGTGAGGATAACGC_004,19
CTTGAAGGTGAGGATAACGC_005,54
CTTGAAGGTGAGGATAACGC_006,92
CTTGAAGGTGAGGATAACGC_007,142
CTTGAAGGTGAGGATAACGC_008,62
CTTGAAGGTGAGGATAACGC_009,97
CATCACTAGTGCTACGCGAG_001,76
CATCACTAGTGCTACGCGAG_002,121
CATCACTAGTGCTACGCGAG_003,138
CATCACTAGTGCTACGCGAG_004,43
CATCACTAGTGCTACGCGAG_005,184
CATCACTAGTGCTACGCGAG_006,49
CATCACTAGTGCTACGCGAG_007,175
CATCACTAGTGCTACGCGAG_008,177
CATCACTAGTGCTACGCGAG_009,42
CATCACTAGTGCTACGCGAG_010,148
CATCACTAGTGCTACGCGAG_011,180
CATCACTAGTGCTACGCGAG_012,138
GAGCTCCCCAGATTTAGCAA_001,107
GCAGCAGACAGACGAGTACG_001,130
GCAGCAGACAGACGAGTACG_002,38
GCAGCAGACAGACGAGTACG_003,42
GCAGCAGACAGACGAGTACG_004,160
GCAGCAGACAGACGAGTACG_005,89
GCAGCAGACAGACGAGTACG_006,74
GCAGCAGACAGACGAGTACG_007,168
TTGGAGGTATACACAAGCGG_001,77
TTGGAGGTATACACAAGCGG_002,115
TTGGAGGTATACACAAGCGG_003,138
ATATTAATTCACTGACAATG_001,67
ATATTAATTCACTGACAATG_002,106
ATTGAGGAACTGTACAAAGG_001,119
ATTGAGGAACTGTACAAAGG_002,11
ATTGAGGAACTGTACAAAGG_003,186
ATTGAGGAACTGTACAAAGG_004,29
ATTGAGGAACTGTACAAAGG_005,166
ATTGAGGAACTGTACAAAGG_006,52
ATTGAGGAACTGTACAAAGG_007,112
ATTGAGGAACTGTACAAAGG_008,160
ATTGAGGAACTGTACAAAGG_009,178
ATTGAGGAACTGTACAAAGG_010,127
ATTGAGGAACTGTACAAAGG_011,41
ATTGAGGAACTGTACAAAGG_012,128
ATTGAGGAACTGTACAAAGG_013,147
ATTGAGGAACTGTACAAAGG_014,94
ATTGAGGAACTGTACAAAGG_015,77
ATTGAGGAACTGTACAAAGG_016,169
ATTGAGGAACTGTACAAAGG_017,110
ATTGAGGAACTGTACAAAGG_018,162
ATTGAGGAACTGTACAAAGG_019,162
ATTCATTGGGCAACCCACAG_001,178
ATTCATTGGGCAACCCACAG_002,64
ATTCATTGGGCAACCCACAG_003,40
ATTCATTGGGCAACCCACAG_004,68
ATTCATTGGGCAACCCACAG_005,41
ATTCATTGGGCAACCCACAG_006,181
ATTCATTGGGCAACCCACAG_007,53
ATTCATTGGGCAACCCACAG_008,198
ATTCATTGGGCAACCCACAG_009,103
ATTCATTGGGCAACCCACAG_010,127
ATTCATTGGGCAACCCACAG_011,192
ATTCATTGGGCAACCCACAG_012,108
ATTCATTGGGCAACCCACAG_013,160
ATTCATTGGGCAACCCACAG_014,60
ATTCATTGGGCAACCCACAG_015,114
ATTCATTGGGCAACCCACAG_016,114
ATTCATTGGGCAACCCACAG_017,76
ATTCATTGGGCAACCCACAG_018,187
ATTCATTGGGCAACCCACAG_019,88
ATTCATTGGGCAACCCACAG_020,29
ATTCATTGGGCAACCCACAG_021,88
ATTCATTGGGCAACCCACAG_022,97
ATTCATTGGGCAACCCACAG_023,141
ATTCATTGGGCAACCCACAG_024,177
TGCACAGGATGTGCCCTCGG_001,111
TGCACAGGATGTGCCCTCGG_002,49
TGCACAGGATGTGCCCTCGG_003,197
TGCACAGGATGTGCCCTCGG_004,130
TGCACAGGATGTGCCCTCGG_005,188
TGCACAGGATGTGCCCTCGG_006,155
TTTACGGTAGCGGTCAACAA_001,169
TTTACGGTAGCGGTCAACAA_002,24
TTTACGGTAGCGGTCAACAA_003,92
TTTACGGTAGCGGTCAACAA_004,1
TTTACGGTAGCGGTCAACAA_005,142
TCACGTTGGTCATGACGAAG_001,60
TCAGAATCTCAACCCCATGG_001,95
TCAGAATCTCAACCCCATGG_002,92
TCAGAATCTCAACCCCATGG_003,76
ACGGAGGAGATACTGTTGCG_001,171
ACGGAGGAGATACTGTTGCG_002,6
ACGGAGGAGATACTGTTGCG_003,38
ACGGAGGAGATACTGTTGCG_004,187
ACGGAGGAGATACTGTTGCG_005,130
ACGGAGGAGATACTGTTGCG_006,82
ACGGAGGAGATACTGTTGCG_007,28
ACGGAGGAGATACTGTTGCG_008,27
ACGGAGGAGATACTGTTGCG_009,191
ACGGAGGAGATACTGTTGCG_010,27
ACGGAGGAGATACTGTTGCG_011,162
GCTGGCCAAGATCTACACCG_001,186
GCTGGCCAAGATCTACACCG_002,8
GCTGGCCAAGATCTACACCG_003,51
GCTGGCCAAGATCTACACCG_004,177
GCTGGCCAAGATCTACACCG_005,177
GCTGGCCAAGATCTACACCG_006,147
GCTGGCCAAGATCTACACCG_007,43
GCTGGCCAAGATCTACACCG_008,112
GCTGGCCAAGATCTACACCG_009,150
GCTGGCCAAGATCTACACCG_010,94
GCTGGCCAAGATCTACACCG_011,8
GCTGGCCAAGATCTACACCG_012,137
GCTGGCCAAGATCTACACCG_013,128
GCTGGCCAAGATCTACACCG_014,197
GCTGGCCAAGATCTACACCG_015,119
GCTGGCCAAGATCTACACCG_016,64
GCTGGCCAAGATCTACACCG_017,180
GCTGGCCAAGATCTACACCG_018,60
GCTGGCCAAGATCTACACCG_019,162
TGACCATTGCTATAAACATG_001,20
TGACCATTGCTATAAACATG_002,83
TGACCATTGCTATAAACATG_003,116
TGACCATTGCTATAAACATG_004,151
TGACCATTGCTATAAACATG_005,158
GGCGCGCGAATGCATTACAA_001,8
GGCGCGCGAATGCATTACAA_002,29
GGCGCGCGAATGCATTACAA_003,44
GGCGCGCGAATGCATTACAA_004,145
GGCGCGCGAATGCATTACAA_005,103
AAATTCATAAAGCATTTCAC_001,13
AAATTCATAAAGCATTTCAC_002,26
AAATTCATAAAGCATTTCAC_003,174
AAATTCATAAAGCATTTCAC_004,121
AAATTCATAAAGCATTTCAC_005,169
AAATTCATAAAGCATTTCAC_006,104
AAATTCATAAAGCATTTCAC_007,56
AAATTCATAAAGCATTTCAC_008,171
AAATTCATAAAGCATTTCAC_009,160
AAATTCATAAAGCATTTCAC_010,142
AAATTCATAAAGCATTTCAC_011,142
AAATTCATAAAGCATTTCAC_012,32
CAGGGTGACGATGTCAACTG_001,172
CAGGGTGACGATGTCAACTG_002,80
CAGGGTGACGATGTCAACTG_003,188
CAGGGTGACGATGTCAACTG_004,142
CAGGGTGACGATGTCAACTG_005,29
CAGGGTGACGATGTCAACTG_006,87
ATTTAATAGGCAGAGGACCG_001,147
ATTTAATAGGCAGAGGACCG_002,62
ATTTAATAGGCAGAGGACCG_003,190
ATTTAATAGGCAGAGGACCG_004,118
ATTTAATAGGCAGAGGACCG_005,170
ATTTAATAGGCAGAGGACCG_006,173
ATTTAATAGGCAGAGGACCG_007,197
ATTTAATAGGCAGAGGACCG_008,138
ATTTAATAGGCAGAGGACCG_009,13
CAACCTCATCAGCTCTTGCC_001,76
CAACCTCATCAGCTCTTGCC_002,62
CAACCTCATCAGCTCTTGCC_003,20
CAACCTCATCAGCTCTTGCC_004,134
CAACCTCATCAGCTCTTGCC_005,48
CAACCTCATCAGCTCTTGCC_006,70
CAACCTCATCAGCTCTTGCC_007,116
CAACCTCATCAGCTCTTGCC_008,190
CAACCTCATCAGCTCTTGCC_009,184
CAACCTCATCAGCTCTTGCC_010,145
CAACCTCATCAGCTCTTGCC_011,2
CAACCTCATCAGCTCTTGCC_012,198
CAACCTCATCAGCTCTTGCC_013,54
CAACCTCATCAGCTCTTGCC_014,91
CATGGATGACAAGCATACCT_001,88
CATGGATGACAAGCATACCT_002,28
TTCCAACCAATTGACGTAGT_001,152
TTCCAACCAATTGACGTAGT_002,32
TTCCAACCAATTGACGTAGT_003,70
TTACGAGTCTATTCCCCACA_001,111
TTACGAGTCTATTCCCCACA_002,151
CTTTGCCCAGAACTCATCGA_001,177
CTTTGCCCAGAACTCATCGA_002,96
CTTTGCCCAGAACTCATCGA_003,60
CTTTGCCCAGAACTCATCGA_004,101
CTTTGCCCAGAACTCATCGA_005,48
GCAGCTCGGACGTGACCGCC_001,2
GCAGCTCGGACGTGACCGCC_002,2
GCAGCTCGGACGTGACCGCC_003,183
GCAGCTCGGACGTGACCGCC_004,134
GCAGCTCGGACGTGACCGCC_005,35
GCAGCTCGGACGTGACCGCC_006,8
GCAGCTCGGACGTGACCGCC_007,149
GCAGCTCGGACGTGACCGCC_008,49
GCAGCTCGGACGTGACCGCC_009,5
GCAGCTCGGACGTGACCGCC_010,34
GCAGCTCGGACGTGACCGCC_011,16
GCAGCTCGGACGTGACCGCC_012,45
GCAGCTCGGACGTGACCGCC_013,34
GCAGCTCGGACGTGACCGCC_014,197
GCAGCTCGGACGTGACCGCC_015,126
GGGACAACATGGACTATGTG_001,115
GGGACAACATGGACTATGTG_002,115
GGGACAACATGGACTATGTG_003,80
GGGACAACATGGACTATGTG_004,166
GGGACAACATGGACTATGTG_005,179
GGGACAACATGGACTATGTG_006,150
GGGACAACATGGACTATGTG_007,62
GGGACAACATGGACTATGTG_008,174
GGGACAACATGGACTATGTG_009,94
GGGACAACATGGACTATGTG_010,50
GGGACAACATGGACTATGTG_011,160
GGGACAACATGGACTATGTG_012,109
GGGACAACATGGACTATGTG_013,68
GGGACAACATGGACTATGTG_014,152
GGGACAACATGGACTATGTG_015,191
GGGACAACATGGACTATGTG_016,158
GTCAATGCACAAGTTAGTGT_001,57
GTCAATGCACAAGTTAGTGT_002,148
GTCAATGCACAAGTTAGTGT_003,198
GTCAATGCACAAGTTAGTGT_004,193
GTCAATGCACAAGTTAGTGT_005,16
GTCAATGCACAAGTTAGTGT_006,17
GTCAATGCACAAGTTAGTGT_007,2
AACGACGCTCACCCTTTGTG_001,33
AACGACGCTCACCCTTTGTG_002,107
AACGACGCTCACCCTTTGTG_003,191
AACGACGCTCACCCTTTGTG_004,176
AACGACGCTCACCCTTTGTG_005,3
AACGACGCTCACCCTTTGTG_006,19
ATGCTGCTGCCAAAGCGTTG_001,78
ATGCTGCTGCCAAAGCGTTG_002,49
ATGCTGCTGCCAAAGCGTTG_003,91
ATGCTGCTGCCAAAGCGTTG_004,138
ATGCTGCTGCCAAAGCGTTG_005,166
ATGCTGCTGCCAAAGCGTTG_006,156
ATGCTGCTGCCAAAGCGTTG_007,72
ATGCTGCTGCCAAAGCGTTG_008,39
ATGCTGCTGCCAAAGCGTTG_009,14
ATGCTGCTGCCAAAGCGTTG_010,162
ATGCTGCTGCCAAAGCGTTG_011,146
ATGCTGCTGCCAAAGCGTTG_012,107
ATGCTGCTGCCAAAGCGTTG_013,10
ATGCTGCTGCCAAAGCGTTG_014,110
ATGCTGCTGCCAAAGCGTTG_015,70
ATGCTGCTGCCAAAGCGTTG_016,88
ATGCTGCTGCCAAAGCGTTG_017,150
ATGCTGCTGCCAAAGCGTTG_018,69
ATGCTGCTGCCAAAGCGTTG_019,188
ATGCTGCTGCCAAAGCGTTG_020,189
ATGCTGCTGCCAAAGCGTTG_021,132
ATGCTGCTGCCAAAGCGTTG_022,25
ATGCTGCTGCCAAAGCGTTG_023,150
ATGCTGCTGCCAAAGCGTTG_024,19
ATGCTGCTGCCAAAGCGTTG_025,8
ATGCTGCTGCCAAAGCGTTG_026,38
ATGCTGCTGCCAAAGCGTTG_027,80
ATGCTGCTGCCAAAGCGTTG_028,131
ATGCTGCTGCCAAAGCGTTG_029,48
GCAGCCATCATGGAAAACCC_001,134
GGACCCGGTTCAGGACGTGT_001,32
GGACCCGGTTCAGGACGTGT_002,56
TCACAACCAAGTGGAAATCG_001,198
TCACAACCAAGTGGAAATCG_002,172
TCACAACCAAGTGGAAATCG_003,121
TCACAACCAAGTGGAAATCG_004,12
TCACAACCAAGTGGAAATCG_005,9
TCACAACCAAGTGGAAATCG_006,141
TCTGCCTCAGACCCACAGCC_001,102
TCTGCCTCAGACCCACAGCC_002,166
TCTGCCTCAGACCCACAGCC_003,127
TCTGCCTCAGACCCACAGCC_004,113
TCTGCCTCAGACCCACAGCC_005,16
TCTGCCTCAGACCCACAGCC_006,160
TCTGCCTCAGACCCACAGCC_007,182
TCTGCCTCAGACCCACAGCC_008,27
TCTGCCTCAGACCCACAGCC_009,27
CAGCACACAAGGAACCGTCA_001,19
CAGCACACAAGGAACCGTCA_002,77
CAGCACACAAGGAACCGTCA_003,76
CAGCACACAAGGAACCGTCA_004,135
ACAACAAGTAGATTCCGAGC_001,77
ACAACAAGTAGATTCCGAGC_002,137
ACAACAAGTAGATTCCGAGC_003,151
ACAACAAGTAGATTCCGAGC_004,117
ACAACAAGTAGATTCCGAGC_005,57
TCTGATCTCACCTTCCACGG_001,162
TCTGATCTCACCTTCCACGG_002,29
TCTGATCTCACCTTCCACGG_003,162
TCTGATCTCACCTTCCACGG_004,115
TCTGATCTCACCTTCCACGG_005,137
TCTGATCTCACCTTCCACGG_006,11
TCTGATCTCACCTTCCACGG_007,148
TCTGATCTCACCTTCCACGG_008,0
TCTGATCTCACCTTCCACGG_009,145
TCTGATCTCACCTTCCACGG_010,42
TCTGATCTCACCTTCCACGG_011,21
TCTGATCTCACCTTCCACGG_012,78
TCTGATCTCACCTTCCACGG_013,9
TCTGATCTCACCTTCCACGG_014,137
TCTGATCTCACCTTCCACGG_015,126
ATAAACGTGACTTCACTAGG_001,172
ATAAACGTGACTTCACTAGG_002,132
ATAAACGTGACTTCACTAGG_003,154
ATAAACGTGACTTCACTAGG_004,54
ATAAACGTGACTTCACTAGG_005,156
ATAAACGTGACTTCACTAGG_006,69
ATAAACGTGACTTCACTAGG_007,26
CTACCTGGACAACATCCTCG_001,84
CTACCTGGACAACATCCTCG_002,130
CTACCTGGACAACATCCTCG_003,94
GATGCCGCAGTACCAGACCT_001,34
GATGCCGCAGTACCAGACCT_002,82
GATGCCGCAGTACCAGACCT_003,181
GATGCCGCAGTACCAGACCT_004,101
GATGCCGCAGTACCAGACCT_005,163
GATGCCGCAGTACCAGACCT_006,29
GATGCCGCAGTACCAGACCT_007,156
GATGCCGCAGTACCAGACCT_008,52
GATGCCGCAGTACCAGACCT_009,6
GATGCCGCAGTACCAGACCT_010,80
GATGCCGCAGTACCAGACCT_011,173
GATGCCGCAGTACCAGACCT_012,38
GATGCCGCAGTACCAGACCT_013,176
GATGCCGCAGTACCAGACCT_014,14
GATGCCGCAGTACCAGACCT_015,197
GATGCCGCAGTACCAGACCT_016,131
GATGCCGCAGTACCAGACCT_017,159
GATGCCGCAGTACCAGACCT_018,24
GATGCCGCAGTACCAGACCT_019,144
ATTCGCGTCCACGCTCCGGA_001,12
ATTCGCGTCCACGCTCCGGA_002,74
ATTCGCGTCCACGCTCCGGA_003,48
ATTCGCGTCCACGCTCCGGA_004,191
ATTCGCGTCCACGCTCCGGA_005,134
ATTCGCGTCCACGCTCCGGA_006,58
ATTCGCGTCCACGCTCCGGA_007,64
CAGCTGAAATATCCCTGTAG_001,81
CAGCTGAAATATCCCTGTAG_002,82
CGGCCTAGAAGAGTACCTAG_001,70
CGGCCTAGAAGAGTACCTAG_002,48
CGGCCTAGAAGAGTACCTAG_003,62
CGGCCTAGAAGAGTACCTAG_004,103
CGGCCTAGAAGAGTACCTAG_005,13
CCGATGGTACATAGAGGCAA_001,32
CCGATGGTACATAGAGGCAA_002,150
CCGATGGTACATAGAGGCAA_003,117
CCGATGGTACATAGAGGCAA_004,20
CCGATGGTACATAGAGGCAA_005,60
CCGATGGTACATAGAGGCAA_006,159
CCGATGGTACATAGAGGCAA_007,49
CCGATGGTACATAGAGGCAA_008,82
CCGATGGTACATAGAGGCAA_009,1
CCGATGGTACATAGAGGCAA_010,6
CCGATGGTACATAGAGGCAA_011,177
CCGATGGTACATAGAGGCAA_012,10
CCGATGGTACATAGAGGCAA_013,48
CCGATGGTACATAGAGGCAA_014,2
CCGATGGTACATAGAGGCAA_015,199
CCGATGGTACATAGAGGCAA_016,19
CCGATGGTACATAGAGGCAA_017,10
CCGATGGTACATAGAGGCAA_018,12
CTGGAAGAGATTCGTGACTG_001,57
CTGGAAGAGATTCGTGACTG_002,107
CTGGAAGAGATTCGTGACTG_003,132
CTGGAAGAGATTCGTGACTG_004,22
CTGGAAGAGATTCGTGACTG_005,82
CTGGAAGAGATTCGTGACTG_006,104
CTGGAAGAGATTCGTGACTG_007,13
CTGGAAGAGATTCGTGACTG_008,95
CTGGAAGAGATTCGTGACTG_009,91
CTGGAAGAGATTCGTGACTG_010,192
CTGGAAGAGATTCGTGACTG_011,16
GGTATGCATAAGTTCTGAGA_001,102
GGTATGCATAAGTTCTGAGA_002,149
GGTATGCATAAGTTCTGAGA_003,127
GGTATGCATAAGTTCTGAGA_004,170
GGACAAGACAAGGGTCACCA_001,197
GGACAAGACAAGGGTCACCA_002,101
GGACAAGACAAGGGTCACCA_003,51
GGACAAGACAAGGGTCACCA_004,188
GGACAAGACAAGGGTCACCA_005,66
GGACAAGACAAGGGTCACCA_006,3
GGACAAGACAAGGGTCACCA_007,88
GGACAAGACAAGGGTCACCA_008,158
GGACAAGACAAGGGTCACCA_009,113
GGACAAGACAAGGGTCACCA_010,28
GGACAAGACAAGGGTCACCA_011,72
GGACAAGACAAGGGTCACCA_012,17
GGACAAGACAAGGGTCACCA_013,162
GGACAAGACAAGGGTCACCA_014,81
GGACAAGACAAGGGTCACCA_015,86
GGACAAGACAAGGGTCACCA_016,199
GGACAAGACAAGGGTCACCA_017,94
GGACAAGACAAGGGTCACCA_018,49
GGACAAGACAAGGGTCACCA_019,149
GGACAAGACAAGGGTCACCA_020,192
GGACAAGACAAGGGTCACCA_021,2
GGACAAGACAAGGGTCACCA_022,41
GGACAAGACAAGGGTCACCA_023,83
GGACAAGACAAGGGTCACCA_024,33
GGACAAGACAAGGGTCACCA_025,45
GGACAAGACAAGGGTCACCA_026,28
GGACAAGACAAGGGTCACCA_027,48
GGACAAGACAAGGGTCACCA_028,180
GGACAAGACAAGGGTCACCA_029,52
GGACAAGACAAGGGTCACCA_030,52
GGACAAGACAAGGGTCACCA_031,170
GTGGATGCACTAGGAAGTTG_001,58
GTGGATGCACTAGGAAGTTG_002,21
GTGGATGCACTAGGAAGTTG_003,58
GTGGATGCACTAGGAAGTTG_004,168
GTGGATGCACTAGGAAGTTG_005,20
GTGGATGCACTAGGAAGTTG_006,120
GTGGATGCACTAGGAAGTTG_007,83
GTGGATGCACTAGGAAGTTG_008,30
GTGGATGCACTAGGAAGTTG_009,151
GTGGATGCACTAGGAAGTTG_010,130
GTGGATGCACTAGGAAGTTG_011,60
GTGGATGCACTAGGAAGTTG_012,53
GTGGATGCACTAGGAAGTTG_013,58
GTGGATGCACTAGGAAGTTG_014,58
GTGGATGCACTAGGAAGTTG_015,95
GTGGATGCACTAGGAAGTTG_016,168
GTGGATGCACTAGGAAGTTG_017,177
GTGGATGCACTAGGAAGTTG_018,16
GTGGATGCACTAGGAAGTTG_019,138
GTGGATGCACTAGGAAGTTG_020,77
GTGGATGCACTAGGAAGTTG_021,90
GTGGATGCACTAGGAAGTTG_022,138
TTGCAGATGCTCTAAAGACT_001,36
TTGCAGATGCTCTAAAGACT_002,151
TTGCAGATGCTCTAAAGACT_003,111
TTGCAGATGCTCTAAAGACT_004,102
CGCCTCAACAACGCGCCCCG_001,187
CGCCTCAACAACGCGCCCCG_002,187
CGCCTCAACAACGCGCCCCG_003,142
CGCCTCAACAACGCGCCCCG_004,191
CGCCTCAACAACGCGCCCCG_005,80
CGCCTCAACAACGCGCCCCG_006,106
CGCCTCAACAACGCGCCCCG_007,2
CGCCTCAACAACGCGCCCCG_008,82
CGCCTCAACAACGCGCCCCG_009,65
CGCCTCAACAACGCGCCCCG_010,77
CGCCTCAACAACGCGCCCCG_011,76
CGCCTCAACAACGCGCCCCG_012,100
CGCCTCAACAACGCGCCCCG_013,193
CGCCTCAACAACGCGCCCCG_014,48
CGCCTCAACAACGCGCCCCG_015,9
CGCCTCAACAACGCGCCCCG_016,57
CGCCTCAACAACGCGCCCCG_017,17
CGCCTCAACAACGCGCCCCG_018,175
CGCCTCAACAACGCGCCCCG_019,177
CGCCTCAACAACGCGCCCCG_020,106
CGCCTCAACAACGCGCCCCG_021,106
CGCCTCAACAACGCGCCCCG_022,162
CGCCTCAACAACGCGCCCCG_023,184
CGCCTCAACAACGCGCCCCG_024,175
CGCCTCAACAACGCGCCCCG_025,105
CGCCTCAACAACGCGCCCCG_026,19
CGCCTCAACAACGCGCCCCG_027,147
CGCCTCAACAACGCGCCCCG_028,144
CGCCTCAACAACGCGCCCCG_029,71
CGCCTCAACAACGCGCCCCG_030,175
CGCCTCAACAACGCGCCCCG_031,112
CGCCTCAACAACGCGCCCCG_032,126
CGCCTCAACAACGCGCCCCG_033,72
CGCCTCAACAACGCGCCCCG_034,137
CGCCTCAACAACGCGCCCCG_035,104
CGCCTCAACAACGCGCCCCG_036,55
CGCCTCAACAACGCGCCCCG_037,165
CGCCTCAACAACGCGCCCCG_038,144
CGCCTCAACAACGCGCCCCG_039,6
CGCCTCAACAACGCGCCCCG_040,175
CGCCTCAACAACGCGCCCCG_041,137
TCCTAAAGATAACTCGACAC_001,185
TCCTAAAGATAACTCGACAC_002,181
TCCTAAAGATAACTCGACAC_003,173
TTCGTGAAGATGGTGCACAA_001,153
TTCGTGAAGATGGTGCACAA_002,63
TTCGTGAAGATGGTGCACAA_003,17
TTCGTGAAGATGGTGCACAA_004,161
TTCGTGAAGATGGTGCACAA_005,133
TTCGTGAAGATGGTGCACAA_006,48
TTCGTGAAGATGGTGCACAA_007,48
TTCGTGAAGATGGTGCACAA_008,119
TTCGTGAAGATGGTGCACAA_009,15
TTCGTGAAGATGGTGCACAA_010,37
TTCGTGAAGATGGTGCACAA_011,77
TTCGTGAAGATGGTGCACAA_012,188
TTCGTGAAGATGGTGCACAA_013,33
TTCGTGAAGATGGTGCACAA_014,91
CCGCACGCCTCACCTTAAAG_001,29
CCGCACGCCTCACCTTAAAG_002,10
CCGCACGCCTCACCTTAAAG_003,0
CCGCACGCCTCACCTTAAAG_004,156
CCGCACGCCTCACCTTAAAG_005,156
CCGCACGCCTCACCTTAAAG_006,25
CCGCACGCCTCACCTTAAAG_007,105
CCGCACGCCTCACCTTAAAG_008,102
CCGCACGCCTCACCTTAAAG_009,108
CCGCACGCCTCACCTTAAAG_010,60
CCGCACGCCTCACCTTAAAG_011,108
CCGCACGCCTCACCTTAAAG_012,6
CCGCACGCCTCACCTTAAAG_013,194
CCGCACGCCTCACCTTAAAG_014,107
CCGCACGCCTCACCTTAAAG_015,177
CCGCACGCCTCACCTTAAAG_016,27
CCGCACGCCTCACCTTAAAG_017,30
CCGCACGCCTCACCTTAAAG_018,9
CCGCACGCCTCACCTTAAAG_019,144
CCGCACGCCTCACCTTAAAG_020,49
CCGCACGCCTCACCTTAAAG_021,64
CCGCACGCCTCACCTTAAAG_022,12
CCGCACGCCTCACCTTAAAG_023,33
CCGCACGCCTCACCTTAAAG_024,154
CCGCACGCCTCACCTTAAAG_025,138
CCGCACGCCTCACCTTAAAG_026,175
CCGCACGCCTCACCTTAAAG_027,171
CCGCACGCCTCACCTTAAAG_028,84
CCGCACGCCTCACCTTAAAG_029,102
CCGCACGCCTCACCTTAAAG_030,165
CCGCACGCCTCACCTTAAAG_031,148
CCGCACGCCTCACCTTAAAG_032,69
CCGCACGCCTCACCTTAAAG_033,66
CCGCACGCCTCACCTTAAAG_034,197
CCGCACGCCTCACCTTAAAG_035,175
GGAGGCGACAATGAGACCGA_001,53
CCTGATGCCAAAGTAGCTTG_001,196
CCTGATGCCAAAGTAGCTTG_002,197
CCTGATGCCAAAGTAGCTTG_003,74
CCTGATGCCAAAGTAGCTTG_004,199
CCTGATGCCAAAGTAGCTTG_005,129
CCTGATGCCAAAGTAGCTTG_006,142
CCTGATGCCAAAGTAGCTTG_007,58
CCTGATGCCAAAGTAGCTTG_008,131
CCTGATGCCAAAGTAGCTTG_009,115
CCTGATGCCAAAGTAGCTTG_010,80
CCTGATGCCAAAGTAGCTTG_011,147
CCTGATGCCAAAGTAGCTTG_012,102
CCTGATGCCAAAGTAGCTTG_013,43
CCTGATGCCAAAGTAGCTTG_014,118
CCTGATGCCAAAGTAGCTTG_015,153
CTAGAAGTAATGTTACAGTG_001,190
ACACAGACCAGGACTGTCTG_001,2
ACACAGACCAGGACTGTCTG_002,157
ACACAGACCAGGACTGTCTG_003,172
ACACAGACCAGGACTGTCTG_004,172
ACACAGACCAGGACTGTCTG_005,187
ACACAGACCAGGACTGTCTG_006,140
ACACAGACCAGGACTGTCTG_007,84
ACACAGACCAGGACTGTCTG_008,127
ACACAGACCAGGACTGTCTG_009,188
ACACAGACCAGGACTGTCTG_010,0
ACACAGACCAGGACTGTCTG_011,70
ACACAGACCAGGACTGTCTG_012,34
ACACAGACCAGGACTGTCTG_013,191
ACACAGACCAGGACTGTCTG_014,14
ACACAGACCAGGACTGTCTG_015,107
ACACAGACCAGGACTGTCTG_016,48
ACACAGACCAGGACTGTCTG_017,189
ACACAGACCAGGACTGTCTG_018,152
ACACAGACCAGGACTGTCTG_019,169
ACACAGACCAGGACTGTCTG_020,172
ACACAGACCAGGACTGTCTG_021,62
ACACAGACCAGGACTGTCTG_022,2
ACACAGACCAGGACTGTCTG_023,145
ACACAGACCAGGACTGTCTG_024,154
ACACAGACCAGGACTGTCTG_025,67
ACACAGACCAGGACTGTCTG_026,69
ACACAGACCAGGACTGTCTG_027,118
ACACAGACCAGGACTGTCTG_028,92
ACACAGACCAGGACTGTCTG_029,149
ACACAGACCAGGACTGTCTG_030,88
ACACAGACCAGGACTGTCTG_031,62
ACACAGACCAGGACTGTCTG_032,158
ACACAGACCAGGACTGTCTG_033,173
ACACAGACCAGGACTGTCTG_034,3
ACACAGACCAGGACTGTCTG_035,56
ACACAGACCAGGACTGTCTG_036,56
ACACAGACCAGGACTGTCTG_037,138
ACACAGACCAGGACTGTCTG_038,34
ACACAGACCAGGACTGTCTG_039,137
ACACAGACCAGGACTGTCTG_040,69
ACACAGACCAGGACTGTCTG_041,130
ACACAGACCAGGACTGTCTG_042,149
ACACAGACCAGGACTGTCTG_043,94
ACACAGACCAGGACTGTCTG_044,184
ACACAGACCAGGACTGTCTG_045,144
ACACAGACCAGGACTGTCTG_046,36
ACACAGACCAGGACTGTCTG_047,62
ACACAGACCAGGACTGTCTG_048,0
ACCCTCTGCCCTGCTAACGA_001,62
ACCCTCTGCCCTGCTAACGA_002,2
ACCCTCTGCCCTGCTAACGA_003,109
ACCCTCTGCCCTGCTAACGA_004,79
ACCCTCTGCCCTGCTAACGA_005,112
ACCCTCTGCCCTGCTAACGA_006,66
ACCCTCTGCCCTGCTAACGA_007,151
ACCCTCTGCCCTGCTAACGA_008,151
CAGTCTCAATGTTCACCACA_001,48
CAGTCTCAATGTTCACCACA_002,115
CAGTCTCAATGTTCACCACA_003,17
CAGTCTCAATGTTCACCACA_004,4
CAGTCTCAATGTTCACCACA_005,37
CAGTCTCAATGTTCACCACA_006,197
CAGTCTCAATGTTCACCACA_007,174
CAGTCTCAATGTTCACCACA_008,137
CAGTCTCAATGTTCACCACA_009,34
CAGTCTCAATGTTCACCACA_010,18
CAGTCTCAATGTTCACCACA_011,0
CAGTCTCAATGTTCACCACA_012,16
CAGTCTCAATGTTCACCACA_013,70
GAGGTGCGCAGCATCCCTCA_001,36
GAGGTGCGCAGCATCCCTCA_002,55
GAGGTGCGCAGCATCCCTCA_003,99
GAGGTGCGCAGCATCCCTCA_004,147
GAGGTGCGCAGCATCCCTCA_005,48
GAGGTGCGCAGCATCCCTCA_006,134
GAGGTGCGCAGCATCCCTCA_007,55
TGCAGGTCTGGGGCACTCCA_001,29
TGCAGGTCTGGGGCACTCCA_002,189
TGCAGGTCTGGGGCACTCCA_003,70
TGCAGGTCTGGGGCACTCCA_004,161
TGCAGGTCTGGGGCACTCCA_005,78
TGCAGGTCTGGGGCACTCCA_006,77
TGCAGGTCTGGGGCACTCCA_007,77
TGCAGGTCTGGGGCACTCCA_008,170
TGCAGGTCTGGGGCACTCCA_009,24
TGCAGGTCTGGGGCACTCCA_010,62
TGCAGGTCTGGGGCACTCCA_011,34
TGCAGGTCTGGGGCACTCCA_012,115
TGCAGGTCTGGGGCACTCCA_013,74
TGCAGGTCTGGGGCACTCCA_014,75
TGCAGGTCTGGGGCACTCCA_015,47
TGCAGGTCTGGGGCACTCCA_016,58
TGCAGGTCTGGGGCACTCCA_017,175
TGCAGGTCTGGGGCACTCCA_018,192
TGCAGGTCTGGGGCACTCCA_019,197
TGCAGGTCTGGGGCACTCCA_020,137
TGCAGGTCTGGGGCACTCCA_021,1
TGCAGGTCTGGGGCACTCCA_022,81
TGCAGGTCTGGGGCACTCCA_023,188
TGCAGGTCTGGGGCACTCCA_024,192
TGCAGGTCTGGGGCACTCCA_025,140
TGCAGGTCTGGGGCACTCCA_026,56
TGCAGGTCTGGGGCACTCCA_027,2
TGCAGGTCTGGGGCACTCCA_028,34
TGCAGGTCTGGGGCACTCCA_029,68
TGCAGGTCTGGGGCACTCCA_030,138
TGCAGGTCTGGGGCACTCCA_031,79
TGCAGGTCTGGGGCACTCCA_032,119
TGCAGGTCTGGGGCACTCCA_033,169
TGCAGGTCTGGGGCACTCCA_034,18
TGCAGGTCTGGGGCACTCCA_035,95
TGCAGGTCTGGGGCACTCCA_036,155
CGGGCACTCTACAGATGCCA_001,137
CGGGCACTCTACAGATGCCA_002,76
CGGGCACTCTACAGATGCCA_003,53
CGGGCACTCTACAGATGCCA_004,177
CGGGCACTCTACAGATGCCA_005,144
GCGGCCCAGGCTACAACATG_001,23
GCGGCCCAGGCTACAACATG_002,12
GCGGCCCAGGCTACAACATG_003,55
GCGGCCCAGGCTACAACATG_004,76
GCGGCCCAGGCTACAACATG_005,162
GCGGCCCAGGCTACAACATG_006,177
GCGGCCCAGGCTACAACATG_007,101
GCGGCCCAGGCTACAACATG_008,130
GCGGCCCAGGCTACAACATG_009,121
GCGGCCCAGGCTACAACATG_010,5
GCGGCCCAGGCTACAACATG_011,28
CTTGGGACTGATACACTCAG_001,160
CTTGGGACTGATACACTCAG_002,1
CTTGGGACTGATACACTCAG_003,48
CTTGGGACTGATACACTCAG_004,162
CGTTACCGTCCACGTCGTAG_001,61
CGTTACCGTCCACGTCGTAG_002,180
CGTTACCGTCCACGTCGTAG_003,58
CGTTACCGTCCACGTCGTAG_004,83
CCATGAACACTGCTTGTAGT_001,70
CCATGAACACTGCTTGTAGT_002,2
CCATGAACACTGCTTGTAGT_003,141
CCATGAACACTGCTTGTAGT_004,57
CCATGAACACTGCTTGTAGT_005,98
CCATGAACACTGCTTGTAGT_006,48
CCATGAACACTGCTTGTAGT_007,77
CCATGAACACTGCTTGTAGT_008,175
CCATGAACACTGCTTGTAGT_009,134
CCATGAACACTGCTTGTAGT_010,184
CCATGAACACTGCTTGTAGT_011,63
CCATGAACACTGCTTGTAGT_012,19
CCATGAACACTGCTTGTAGT_013,105
CCATGAACACTGCTTGTAGT_014,57
CCATGAACACTGCTTGTAGT_015,136
CCATGAACACTGCTTGTAGT_016,77
CTTGAGCAACAACAATCTCG_001,194
CTTGAGCAACAACAATCTCG_002,157
CTTGAGCAACAACAATCTCG_003,177
CTTGAGCAACAACAATCTCG_004,69
CTTGAGCAACAACAATCTCG_005,117
CTTGAGCAACAACAATCTCG_006,84
CTTGAGCAACAACAATCTCG_007,122
CTTGAGCAACAACAATCTCG_008,90
CTTGAGCAACAACAATCTCG_009,3
GGAAGAGCGTCAGGTGATCG_001,115
GGAAGAGCGTCAGGTGATCG_002,98
GGAAGAGCGTCAGGTGATCG_003,50
GGAAGAGCGTCAGGTGATCG_004,38
GGAAGAGCGTCAGGTGATCG_005,68
GGAAGAGCGTCAGGTGATCG_006,147
GGAAGAGCGTCAGGTGATCG_007,140
GATCATGTCGTCGTACAAGG_001,170
GATCATGTCGTCGTACAAGG_002,145
GATCATGTCGTCGTACAAGG_003,130
GATCATGTCGTCGTACAAGG_004,33
GATCATGTCGTCGTACAAGG_005,108
GATCATGTCGTCGTACAAGG_006,193
GATCATGTCGTCGTACAAGG_007,105
GATCATGTCGTCGTACAAGG_008,88
GATCATGTCGTCGTACAAGG_009,33
GATCATGTCGTCGTACAAGG_010,160
GATCATGTCGTCGTACAAGG_011,17
GATCATGTCGTCGTACAAGG_012,121
GATCATGTCGTCGTACAAGG_013,70
GATCATGTCGTCGTACAAGG_014,81
GATCATGTCGTCGTACAAGG_015,78
GATCATGTCGTCGTACAAGG_016,56
GATCATGTCGTCGTACAAGG_017,176
GATCATGTCGTCGTACAAGG_018,112
GATCATGTCGTCGTACAAGG_019,191
GATCATGTCGTCGTACAAGG_020,175
GATCATGTCGTCGTACAAGG_021,56
GATCATGTCGTCGTACAAGG_022,11
GATCATGTCGTCGTACAAGG_023,5
GATCATGTCGTCGTACAAGG_024,43
GATCATGTCGTCGTACAAGG_025,63
GATCATGTCGTCGTACAAGG_026,180
GATCATGTCGTCGTACAAGG_027,0
GATCATGTCGTCGTACAAGG_028,192
GTAGGCCACACCGAGGAACA_001,56
GTAGGCCACACCGAGGAACA_002,146
GTAGGCCACACCGAGGAACA_003,102
GTAGGCCACACCGAGGAACA_004,107
GTAGGCCACACCGAGGAACA_005,112
GTAGGCCACACCGAGGAACA_006,91
GTAGGCCACACCGAGGAACA_007,31
GTAGGCCACACCGAGGAACA_008,188
GTAGGCCACACCGAGGAACA_009,1
GTAGGCCACACCGAGGAACA_010,15
GTAGGCCACACCGAGGAACA_011,93
GTAGGCCACACCGAGGAACA_012,192
GTAGGCCACACCGAGGAACA_013,174
GTAGGCCACACCGAGGAACA_014,78
GTAGGCCACACCGAGGAACA_015,26
GTAGGCCACACCGAGGAACA_016,61
GTAGGCCACACCGAGGAACA_017,33
GTAGGCCACACCGAGGAACA_018,127
GTAGGCCACACCGAGGAACA_019,28
GTAGGCCACACCGAGGAACA_020,124
CACATTGTGCTGGATAAATG_001,146
CACATTGTGCTGGATAAATG_002,119
CACATTGTGCTGGATAAATG_003,70
CACATTGTGCTGGATAAATG_004,12
CACATTGTGCTGGATAAATG_005,36
CACATTGTGCTGGATAAATG_006,116
CACATTGTGCTGGATAAATG_007,194
CACATTGTGCTGGATAAATG_008,70
CACATTGTGCTGGATAAATG_009,188
CACATTGTGCTGGATAAATG_010,158
CACATTGTGCTGGATAAATG_011,56
CACATTGTGCTGGATAAATG_012,115
CAGCACACCAGACCCAACGT_001,110
CAGCACACCAGACCCAACGT_002,15
CAGCACACCAGACCCAACGT_003,8
CAGCACACCAGACCCAACGT_004,181
CAGCACACCAGACCCAACGT_005,20
CAGCACACCAGACCCAACGT_006,16
CAGCACACCAGACCCAACGT_007,177
CAGCACACCAGACCCAACGT_008,53
CAGCACACCAGACCCAACGT_009,165
CAGCACACCAGACCCAACGT_010,103
CTGTAGTTTCCTTCCAACGT_001,1
CTGTAGTTTCCTTCCAACGT_002,77
CTGTAGTTTCCTTCCAACGT_003,119
CTGTAGTTTCCTTCCAACGT_004,88
CTGTAGTTTCCTTCCAACGT_005,161
TTCCACTTTGGCATCCGTCG_001,13
TTCCACTTTGGCATCCGTCG_002,126
CTGGAACTCAATCCCCCTCG_001,177
CTGGAACTCAATCCCCCTCG_002,7
GGACATGGCGAGCAAGACAG_001,91
GGACATGGCGAGCAAGACAG_002,19
GGACATGGCGAGCAAGACAG_003,63
GGACATGGCGAGCAAGACAG_004,177
GGACATGGCGAGCAAGACAG_005,73
GGACATGGCGAGCAAGACAG_006,172
GGACATGGCGAGCAAGACAG_007,28
GGACATGGCGAGCAAGACAG_008,53
GGACATGGCGAGCAAGACAG_009,149
GGACATGGCGAGCAAGACAG_010,57
GGACATGGCGAGCAAGACAG_011,76
GGACATGGCGAGCAAGACAG_012,62
GGACATGGCGAGCAAGACAG_013,126
GGACATGGCGAGCAAGACAG_014,192
GGACATGGCGAGCAAGACAG_015,70
GGACATGGCGAGCAAGACAG_016,0
GGACATGGCGAGCAAGACAG_017,12
GGACATGGCGAGCAAGACAG_018,196
GGACATGGCGAGCAAGACAG_019,116
GGACATGGCGAGCAAGACAG_020,153
GGACATGGCGAGCAAGACAG_021,176
GGACATGGCGAGCAAGACAG_022,176
GGACATGGCGAGCAAGACAG_023,3
ATCAGATAATTCATACAGGG_001,169
ATCAGATAATTCATACAGGG_002,101
ATCAGATAATTCATACAGGG_003,108
GGGTGAAAAATATATCCGCA_001,174
TGCAAGCCCAGATCAGACAC_001,169
TGCAAGCCCAGATCAGACAC_002,48
TGCAAGCCCAGATCAGACAC_003,102
TGCAAGCCCAGATCAGACAC_004,88
TGCAAGCCCAGATCAGACAC_005,158
TGCAAGCCCAGATCAGACAC_006,169
TGCAAGCCCAGATCAGACAC_007,22
TGCAAGCCCAGATCAGACAC_008,186
TGCAAGCCCAGATCAGACAC_009,181
TGCAAGCCCAGATCAGACAC_010,88
TGCAAGCCCAGATCAGACAC_011,158
TGCAAGCCCAGATCAGACAC_012,99
TGCAAGCCCAGATCAGACAC_013,129
TGCAAGCCCAGATCAGACAC_014,170
TGCAAGCCCAGATCAGACAC_015,76
TGCAAGCCCAGATCAGACAC_016,149
TGCAAGCCCAGATCAGACAC_017,165
TGCAAGCCCAGATCAGACAC_018,27
AGCTTCCCCTCCGCTTGCCG_001,102
AGCTTCCCCTCCGCTTGCCG_002,54
AGCTTCCCCTCCGCTTGCCG_003,140
AGCTTCCCCTCCGCTTGCCG_004,193
AGCTTCCCCTCCGCTTGCCG_005,146
AGCTTCCCCTCCGCTTGCCG_006,102
AGCTTCCCCTCCGCTTGCCG_007,154
AGCTTCCCCTCCGCTTGCCG_008,103
AGCTTCCCCTCCGCTTGCCG_009,32
AGCTTCCCCTCCGCTTGCCG_010,50
AGCTTCCCCTCCGCTTGCCG_011,32
AGCTTCCCCTCCGCTTGCCG_012,30
AGCTTCCCCTCCGCTTGCCG_013,103
AGCTTCCCCTCCGCTTGCCG_014,159
AGCTTCCCCTCCGCTTGCCG_015,29
AGCTTCCCCTCCGCTTGCCG_016,98
AGCTTCCCCTCCGCTTGCCG_017,62
AGCTTCCCCTCCGCTTGCCG_018,48
AGCTTCCCCTCCGCTTGCCG_019,147
AGCTTCCCCTCCGCTTGCCG_020,50
AGCTTCCCCTCCGCTTGCCG_021,144
AGCTTCCCCTCCGCTTGCCG_022,117
AGCTTCCCCTCCGCTTGCCG_023,8
AGCTTCCCCTCCGCTTGCCG_024,122
AGCTTCCCCTCCGCTTGCCG_025,15
AGCTTCCCCTCCGCTTGCCG_026,103
AGCTTCCCCTCCGCTTGCCG_027,141
AGCTTCCCCTCCGCTTGCCG_028,15
AGCTTCCCCTCCGCTTGCCG_029,15
AGCTTCCCCTCCGCTTGCCG_030,11
AGCTTCCCCTCCGCTTGCCG_031,145
AGCTTCCCCTCCGCTTGCCG_032,146
GAACCTTAGGAGCTGTAAGG_001,188
GAACCTTAGGAGCTGTAAGG_002,130
GAACCTTAGGAGCTGTAAGG_003,8
GAACCTTAGGAGCTGTAAGG_004,140
GAACCTTAGGAGCTGTAAGG_005,60
GAACCTTAGGAGCTGTAAGG_006,7
GAACCTTAGGAGCTGTAAGG_007,77
GAACCTTAGGAGCTGTAAGG_008,55
GAACCTTAGGAGCTGTAAGG_009,50
GAACCTTAGGAGCTGTAAGG_010,168
GAACCTTAGGAGCTGTAAGG_011,97
GAACCTTAGGAGCTGTAAGG_012,15
GTCACGTGTGTCCCTAGTTG_001,182
GTCACGTGTGTCCCTAGTTG_002,82
GTCACGTGTGTCCCTAGTTG_003,127
CACCCAGAATGCGATCACGA_001,145
CACCCAGAATGCGATCACGA_002,191
CACCCAGAATGCGATCACGA_003,87
CACCCAGAATGCGATCACGA_004,152
CACCCAGAATGCGATCACGA_005,169
CACCCAGAATGCGATCACGA_006,93
CACCCAGAATGCGATCACGA_007,85
CACCCAGAATGCGATCACGA_008,84
CACCCAGAATGCGATCACGA_009,173
CACCCAGAATGCGATCACGA_010,165
CACCCAGAATGCGATCACGA_011,115
CACCCAGAATGCGATCACGA_012,11
CACCCAGAATGCGATCACGA_013,126
CACCCAGAATGCGATCACGA_014,1
CACCCAGAATGCGATCACGA_015,53
CACCCAGAATGCGATCACGA_016,2
CCTGAATGCCGGAAGCAACG_001,15
CCTGAATGCCGGAAGCAACG_002,9
CCTGAATGCCGGAAGCAACG_003,64
CAGGGGGCCCACGTCCGGTG_001,115
CAGGGGGCCCACGTCCGGTG_002,188
CAGGGGGCCCACGTCCGGTG_003,149
CAGGGGGCCCACGTCCGGTG_004,77
CAGGGGGCCCACGTCCGGTG_005,118
CAGGGGGCCCACGTCCGGTG_006,176
CAGGGGGCCCACGTCCGGTG_007,147
CAGGGGGCCCACGTCCGGTG_008,1
CAGGGGGCCCACGTCCGGTG_009,97
CAGGGGGCCCACGTCCGGTG_010,22
CAGGGGGCCCACGTCCGGTG_011,26
CAGGGGGCCCACGTCCGGTG_012,117
CAGGGGGCCCACGTCCGGTG_013,14
CAGGGGGCCCACGTCCGGTG_014,161
CAGGGGGCCCACGTCCGGTG_015,155
CAGGGGGCCCACGTCCGGTG_016,165
CAGGGGGCCCACGTCCGGTG_017,15
CAGGGGGCCCACGTCCGGTG_018,8
CAGGGGGCCCACGTCCGGTG_019,124
CAGGGGGCCCACGTCCGGTG_020,37
CAGGGGGCCCACGTCCGGTG_021,104
TCATTCTGGTGATGTTGTTG_001,131
TCATTCTGGTGATGTTGTTG_002,1
TCATTCTGGTGATGTTGTTG_003,105
TCATTCTGGTGATGTTGTTG_004,130
TCATTCTGGTGATGTTGTTG_005,77
TCATTCTGGTGATGTTGTTG_006,19
TCCAAGGCCGACCATAACGA_001,168
TCCAAGGCCGACCATAACGA_002,188
TCCAAGGCCGACCATAACGA_003,118
TCCAAGGCCGACCATAACGA_004,185
TCCAAGGCCGACCATAACGA_005,106
ACTAATACTCAATTCATGCC_001,28
CTGCCAGTAAGTCCAATTGT_001,132
CTGCCAGTAAGTCCAATTGT_002,12
CTGCCAGTAAGTCCAATTGT_003,162
CTGCCAGTAAGTCCAATTGT_004,102
CTGCCAGTAAGTCCAATTGT_005,198
CTGCCAGTAAGTCCAATTGT_006,92
GCACCACGGTGCTAACCCCG_001,32
GCACCACGGTGCTAACCCCG_002,96
GCACCACGGTGCTAACCCCG_003,94
TGGGGCAGTACCAATATGAA_001,130
TGGGGCAGTACCAATATGAA_002,102
GAACTCTTTAAAGCCAACAT_001,118
GAACTCTTTAAAGCCAACAT_002,189
GAACTCTTTAAAGCCAACAT_003,104
GAACTCTTTAAAGCCAACAT_004,107
GAACTCTTTAAAGCCAACAT_005,131
GAACTCTTTAAAGCCAACAT_006,27
GAACTCTTTAAAGCCAACAT_007,164
GAACTCTTTAAAGCCAACAT_008,199
GAACTCTTTAAAGCCAACAT_009,105
AAATGAGAGAAATCATTGGC_001,16
AAATGAGAGAAATCATTGGC_002,82
AAATGAGAGAAATCATTGGC_003,1
AAATGAGAGAAATCATTGGC_004,197
AAATGAGAGAAATCATTGGC_005,19
AAATGAGAGAAATCATTGGC_006,127
AAATGAGAGAAATCATTGGC_007,16
AAATGAGAGAAATCATTGGC_008,95
AAATGAGAGAAATCATTGGC_009,177
AAATGAGAGAAATCATTGGC_010,40
AAATGAGAGAAATCATTGGC_011,58
AAATGAGAGAAATCATTGGC_012,109
AAATGAGAGAAATCATTGGC_013,9
AAATGAGAGAAATCATTGGC_014,190
AAATGAGAGAAATCATTGGC_015,41
AAATGAGAGAAATCATTGGC_016,1
GAAGAAAACAGCTTTCAGCA_001,119
GAAGAAAACAGCTTTCAGCA_002,9
GAAGAAAACAGCTTTCAGCA_003,88
ACTTACCTATTTGCACCGCG_001,112
ACTTACCTATTTGCACCGCG_002,115
ACTTACCTATTTGCACCGCG_003,149
ACTTACCTATTTGCACCGCG_004,56
GCCACCAGCTCATCGTAGGT_001,48
GCCACCAGCTCATCGTAGGT_002,58
GCCACCAGCTCATCGTAGGT_003,33
GCCACCAGCTCATCGTAGGT_004,126
GAATGACCACTTCATCGCAG_001,170
GAATGACCACTTCATCGCAG_002,28
GAATGACCACTTCATCGCAG_003,106
GAATGACCACTTCATCGCAG_004,156
TTCAACGGATCAACCAACCA_001,199
TTCAACGGATCAACCAACCA_002,76
TTCAACGGATCAACCAACCA_003,127
TTCAACGGATCAACCAACCA_004,19
TTCAACGGATCAACCAACCA_005,192
TTCAACGGATCAACCAACCA_006,172
TTCAACGGATCAACCAACCA_007,144
TTCAACGGATCAACCAACCA_008,68
TTCAACGGATCAACCAACCA_009,137
TTCAACGGATCAACCAACCA_010,19
TTCAACGGATCAACCAACCA_011,60
TTCAACGGATCAACCAACCA_012,11
TTCAACGGATCAACCAACCA_013,168
TTCAACGGATCAACCAACCA_014,188
TTCAACGGATCAACCAACCA_015,113
AGGTGGTCAAAGGCTCCCGG_001,15
AGGTGGTCAAAGGCTCCCGG_002,169
AGGTGGTCAAAGGCTCCCGG_003,171
AGGTGGTCAAAGGCTCCCGG_004,183
AGGTGGTCAAAGGCTCCCGG_005,107
AGGTGGTCAAAGGCTCCCGG_006,191
AGGTGGTCAAAGGCTCCCGG_007,69
AGGTGGTCAAAGGCTCCCGG_008,4
AGGTGGTCAAAGGCTCCCGG_009,28
AGGTGGTCAAAGGCTCCCGG_010,69
AGGTGGTCAAAGGCTCCCGG_011,70
CCCTGTGTCAGCAAACAGTG_001,145
CCCTGTGTCAGCAAACAGTG_002,58
CCCTGTGTCAGCAAACAGTG_003,78
CCCTGTGTCAGCAAACAGTG_004,1
CCCTGTGTCAGCAAACAGTG_005,139
CCCTGTGTCAGCAAACAGTG_006,157
CCCTGTGTCAGCAAACAGTG_007,60
CCCTGTGTCAGCAAACAGTG_008,69
CCCTGTGTCAGCAAACAGTG_009,13
CCCTGTGTCAGCAAACAGTG_010,65
CCCTGTGTCAGCAAACAGTG_011,21
CCCTGTGTCAGCAAACAGTG_012,140
CCCTGTGTCAGCAAACAGTG_013,36
CCCTGTGTCAGCAAACAGTG_014,94
CCCTGTGTCAGCAAACAGTG_015,161
CCCTGTGTCAGCAAACAGTG_016,19
CCCTGTGTCAGCAAACAGTG_017,169
CCCTGTGTCAGCAAACAGTG_018,48
CCCTGTGTCAGCAAACAGTG_019,102
CCCTGTGTCAGCAAACAGTG_020,77
CCCTGTGTCAGCAAACAGTG_021,198
CCCTGTGTCAGCAAACAGTG_022,126
CCCTGTGTCAGCAAACAGTG_023,104
CCCTGTGTCAGCAAACAGTG_024,148
GTGGAAAGGCCTTTAGAGTG_001,113
GTGGAAAGGCCTTTAGAGTG_002,147
GTGGAAAGGCCTTTAGAGTG_003,82
GTGGAAAGGCCTTTAGAGTG_004,130
GTGGAAAGGCCTTTAGAGTG_005,14
CCCCGACCAAGACCTACCAA_001,119
CCCCGACCAAGACCTACCAA_002,70
CCCCGACCAAGACCTACCAA_003,46
CCCCGACCAAGACCTACCAA_004,5
CCCCGACCAAGACCTACCAA_005,199
CCCCGACCAAGACCTACCAA_006,67
CCCCGACCAAGACCTACCAA_007,77
CCCCGACCAAGACCTACCAA_008,61
CCCCGACCAAGACCTACCAA_009,140
CCCCGACCAAGACCTACCAA_010,110
CCCCGACCAAGACCTACCAA_011,69
CCCCGACCAAGACCTACCAA_012,16
CCCCGACCAAGACCTACCAA_013,184
CCCCGACCAAGACCTACCAA_014,9
CCCCGACCAAGACCTACCAA_015,5
CCCCGACCAAGACCTACCAA_016,63
CCCCGACCAAGACCTACCAA_017,166
GCTGCTGCGCGCAACCTCTG_001,181
GCTGCTGCGCGCAACCTCTG_002,149
GCTGCTGCGCGCAACCTCTG_003,82
GCTGCTGCGCGCAACCTCTG_004,196
GCTGCTGCGCGCAACCTCTG_005,76
GCTGCTGCGCGCAACCTCTG_006,59
GCTGCTGCGCGCAACCTCTG_007,38
GCTGCTGCGCGCAACCTCTG_008,177
GCTGCTGCGCGCAACCTCTG_009,17
TCTGATCAGGATCACTGAGT_001,150
TCTGATCAGGATCACTGAGT_002,121
TCTGATCAGGATCACTGAGT_003,185
TCTGATCAGGATCACTGAGT_004,117
TCTGATCAGGATCACTGAGT_005,90
TCTGATCAGGATCACTGAGT_006,197
GAGGCAGATCAAGCTGCTCA_001,70
GAGGCAGATCAAGCTGCTCA_002,175
GAGGCAGATCAAGCTGCTCA_003,129
GAGGCAGATCAAGCTGCTCA_004,12
GAGGCAGATCAAGCTGCTCA_005,98
GAGGCAGATCAAGCTGCTCA_006,67
GAGGCAGATCAAGCTGCTCA_007,76
GAGGCAGATCAAGCTGCTCA_008,19
GAGGCAGATCAAGCTGCTCA_009,83
GAGGCAGATCAAGCTGCTCA_010,197
GAGGCAGATCAAGCTGCTCA_011,145
GAGGCAGATCAAGCTGCTCA_012,8
GAGGCAGATCAAGCTGCTCA_013,49
GAGGCAGATCAAGCTGCTCA_014,104
GAGGCAGATCAAGCTGCTCA_015,136
GAGGCAGATCAAGCTGCTCA_016,58
GAGGCAGATCAAGCTGCTCA_017,121
GAGGCAGATCAAGCTGCTCA_018,166
GAGGCAGATCAAGCTGCTCA_019,175
GAGGCAGATCAAGCTGCTCA_020,199
ACCAGATGATCAGCGCCACG_001,182
GCTGTGGTGATCGAAATGCT_001,162
GCTGTGGTGATCGAAATGCT_002,184
GCTGTGGTGATCGAAATGCT_003,66
GCTGTGGTGATCGAAATGCT_004,169
GCTGTGGTGATCGAAATGCT_005,40
GCTGTGGTGATCGAAATGCT_006,82
GCTGTGGTGATCGAAATGCT_007,161
GCTGTGGTGATCGAAATGCT_008,91
GCTGTGGTGATCGAAATGCT_009,101
GCTGTGGTGATCGAAATGCT_010,102
GCTGTGGTGATCGAAATGCT_011,102
GCTGTGGTGATCGAAATGCT_012,60
GCTGTGGTGATCGAAATGCT_013,7
AGAGGGTGAACCCAATGCCG_001,143
AGAGGGTGAACCCAATGCCG_002,199
AGAGGGTGAACCCAATGCCG_003,132
AGAGGGTGAACCCAATGCCG_004,14
AGAGGGTGAACCCAATGCCG_005,182
AGAGGGTGAACCCAATGCCG_006,113
AGAGGGTGAACCCAATGCCG_007,148
AGAGGGTGAACCCAATGCCG_008,32
AGAGGGTGAACCCAATGCCG_009,83
AGAGGGTGAACCCAATGCCG_010,148
AGAGGGTGAACCCAATGCCG_011,190
AGAGGGTGAACCCAATGCCG_012,182
AGAGGGTGAACCCAATGCCG_013,185
AGAGGGTGAACCCAATGCCG_014,24
AGAGGGTGAACCCAATGCCG_015,145
AGAGGGTGAACCCAATGCCG_016,81
AGAGGGTGAACCCAATGCCG_017,50
AGAGGGTGAACCCAATGCCG_018,158
GATGCGGTACACATTGCGGG_001,55
CATCCTCTACAATCGCAAGA_001,196
CATCCTCTACAATCGCAAGA_002,160
CATCCTCTACAATCGCAAGA_003,127
CATCCTCTACAATCGCAAGA_004,160
CATCCTCTACAATCGCAAGA_005,168
CATCCTCTACAATCGCAAGA_006,151
CATCCTCTACAATCGCAAGA_007,112
CATCCTCTACAATCGCAAGA_008,162
CTGGCAATAGTATTTCACCC_001,136
GCCACAGCCGCCCCCAGAGC_001,166
GCCACAGCCGCCCCCAGAGC_002,172
GCCACAGCCGCCCCCAGAGC_003,184
GCCACAGCCGCCCCCAGAGC_004,12
GCCACAGCCGCCCCCAGAGC_005,172
GCCACAGCCGCCCCCAGAGC_006,163
GCCACAGCCGCCCCCAGAGC_007,178
GCCACAGCCGCCCCCAGAGC_008,111
GCCACAGCCGCCCCCAGAGC_009,169
GCCACAGCCGCCCCCAGAGC_010,175
GCCACAGCCGCCCCCAGAGC_011,141
GCCACAGCCGCCCCCAGAGC_012,98
GCCACAGCCGCCCCCAGAGC_013,0
GCCACAGCCGCCCCCAGAGC_014,185
GCCACAGCCGCCCCCAGAGC_015,137
GCCACAGCCGCCCCCAGAGC_016,94
GCCACAGCCGCCCCCAGAGC_017,174
GCCACAGCCGCCCCCAGAGC_018,41
GCCACAGCCGCCCCCAGAGC_019,175
GCCACAGCCGCCCCCAGAGC_020,81
GCCACAGCCGCCCCCAGAGC_021,15
GCCACAGCCGCCCCCAGAGC_022,122
GCCACAGCCGCCCCCAGAGC_023,102
GCCACAGCCGCCCCCAGAGC_024,180
GCCACAGCCGCCCCCAGAGC_025,142
GCCACAGCCGCCCCCAGAGC_026,34
GCCACAGCCGCCCCCAGAGC_027,63
GCCACAGCCGCCCCCAGAGC_028,10
GCCACAGCCGCCCCCAGAGC_029,152
GCCACAGCCGCCCCCAGAGC_030,142
GCCACAGCCGCCCCCAGAGC_031,135
CCCACGTACCGACACCACTG_001,38
CCCACGTACCGACACCACTG_002,159
CCCACGTACCGACACCACTG_003,47
CCCACGTACCGACACCACTG_004,161
CCCACGTACCGACACCACTG_005,81
CCCACGTACCGACACCACTG_006,49
CCCACGTACCGACACCACTG_007,4
CCCACGTACCGACACCACTG_008,198
CCCACGTACCGACACCACTG_009,115
CCCACGTACCGACACCACTG_010,64
CCCACGTACCGACACCACTG_011,47
CCCACGTACCGACACCACTG_012,16
ATACATATATACAAAGACCA_001,169
ATACATATATACAAAGACCA_002,135
ATACATATATACAAAGACCA_003,105
ATACATATATACAAAGACCA_004,95
ATACATATATACAAAGACCA_005,43
ATACATATATACAAAGACCA_006,106
ATACATATATACAAAGACCA_007,43
ATACATATATACAAAGACCA_008,14
GGCTGCACCGACGACGCCGT_001,38
GGCTGCACCGACGACGCCGT_002,70
GGCTGCACCGACGACGCCGT_003,171
GGCTGCACCGACGACGCCGT_004,50
GGCTGCACCGACGACGCCGT_005,180
GGCTGCACCGACGACGCCGT_006,104
GGCTGCACCGACGACGCCGT_007,39
GGCTGCACCGACGACGCCGT_008,182
GGCTGCACCGACGACGCCGT_009,19
GGCTGCACCGACGACGCCGT_010,161
AGCAGTCGTCGGCGCACTCG_001,59
AGCAGTCGTCGGCGCACTCG_002,181
AGCAGTCGTCGGCGCACTCG_003,92
AGCAGTCGTCGGCGCACTCG_004,33
AGCAGTCGTCGGCGCACTCG_005,94
AGCAGTCGTCGGCGCACTCG_006,0
AGCAGTCGTCGGCGCACTCG_007,158
AGCAGTCGTCGGCGCACTCG_008,157
AGCAGTCGTCGGCGCACTCG_009,154
AGCAGTCGTCGGCGCACTCG_010,143
AGCAGTCGTCGGCGCACTCG_011,68
AGACGCTCAAGTTTGCCAAG_001,75
AGTTGGGTTGGTGTAATGAG_001,140
AGTTGGGTTGGTGTAATGAG_002,31
AGTTGGGTTGGTGTAATGAG_003,157
AGTTGGGTTGGTGTAATGAG_004,130
AGTTGGGTTGGTGTAATGAG_005,114
AGTTGGGTTGGTGTAATGAG_006,60
AGTTGGGTTGGTGTAATGAG_007,60
AGTTGGGTTGGTGTAATGAG_008,58
AGTTGGGTTGGTGTAATGAG_009,120
AGTTGGGTTGGTGTAATGAG_010,95
AGTTGGGTTGGTGTAATGAG_011,160
AGTTGGGTTGGTGTAATGAG_012,170
AGTTGGGTTGGTGTAATGAG_013,80
AGTTGGGTTGGTGTAATGAG_014,156
AGTTGGGTTGGTGTAATGAG_015,157
AGTTGGGTTGGTGTAATGAG_016,62
AGTTGGGTTGGTGTAATGAG_017,106
AGTTGGGTTGGTGTAATGAG_018,169
AGTTGGGTTGGTGTAATGAG_019,41
AGTTGGGTTGGTGTAATGAG_020,113
AGTTGGGTTGGTGTAATGAG_021,125
AGTTGGGTTGGTGTAATGAG_022,153
AGTTGGGTTGGTGTAATGAG_023,11
CAGGGCATGCTGTCGTCCAG_001,139
CAGGGCATGCTGTCGTCCAG_002,199
CAGGGCATGCTGTCGTCCAG_003,104
CAGGGCATGCTGTCGTCCAG_004,169
CAGGGCATGCTGTCGTCCAG_005,106
CAGGGCATGCTGTCGTCCAG_006,134
CAGGGCATGCTGTCGTCCAG_007,3
CCAGAAAGTGTGGATTTGTG_001,49
CCAGAAAGTGTGGATTTGTG_002,141
AAGGCTCATAGACACTTGCA_001,12
AAGGCTCATAGACACTTGCA_002,58
AAGGCTCATAGACACTTGCA_003,167
CCAGCGTGGGTAACAGACAG_001,119
CCAGCGTGGGTAACAGACAG_002,127
CCAGCGTGGGTAACAGACAG_003,15
CCAGCGTGGGTAACAGACAG_004,120
CCAGCGTGGGTAACAGACAG_005,9
CCAGCGTGGGTAACAGACAG_006,112
CCAGCGTGGGTAACAGACAG_007,119
CCAGCGTGGGTAACAGACAG_008,9
CCAGCGTGGGTAACAGACAG_009,178
CCAGCGTGGGTAACAGACAG_010,150
CCAGCGTGGGTAACAGACAG_011,194
CCAGCGTGGGTAACAGACAG_012,172
CCAGCGTGGGTAACAGACAG_013,35
TCACCTGGGTACACGCCTTG_001,27
ACTCTTCTCCAGCAAAAGGG_001,56
ACTCTTCTCCAGCAAAAGGG_002,123
ACTCTTCTCCAGCAAAAGGG_003,47
ACTCTTCTCCAGCAAAAGGG_004,113
ACTCTTCTCCAGCAAAAGGG_005,86
ACTCTTCTCCAGCAAAAGGG_006,69
ACTCTTCTCCAGCAAAAGGG_007,78
ACTCTTCTCCAGCAAAAGGG_008,153
ACTCTTCTCCAGCAAAAGGG_009,158
ACTCTTCTCCAGCAAAAGGG_010,58
ACTCTTCTCCAGCAAAAGGG_011,46
TTTGTAATGAATCGAGTGCA_001,179
TTTGTAATGAATCGAGTGCA_002,180
TTTGTAATGAATCGAGTGCA_003,123
GTGAACCTCGGTTGTCACGG_001,48
GTGAACCTCGGTTGTCACGG_002,94
GTGAACCTCGGTTGTCACGG_003,105
GTGAACCTCGGTTGTCACGG_004,127
GTGAACCTCGGTTGTCACGG_005,156
GTGAACCTCGGTTGTCACGG_006,158
GTGAACCTCGGTTGTCACGG_007,49
GTGAACCTCGGTTGTCACGG_008,109
GTGAACCTCGGTTGTCACGG_009,109
GTGAACCTCGGTTGTCACGG_010,186
GTGAACCTCGGTTGTCACGG_011,88
TACGGCTGCTTCAGTAAGAG_001,34
TACGGCTGCTTCAGTAAGAG_002,166
TACGGCTGCTTCAGTAAGAG_003,16
TACGGCTGCTTCAGTAAGAG_004,122
TACGGCTGCTTCAGTAAGAG_005,163
TACGGCTGCTTCAGTAAGAG_006,98
TACGGCTGCTTCAGTAAGAG_007,11
TACGGCTGCTTCAGTAAGAG_008,1
TACGGCTGCTTCAGTAAGAG_009,115
TACGGCTGCTTCAGTAAGAG_010,1
TACGGCTGCTTCAGTAAGAG_011,156
TACGGCTGCTTCAGTAAGAG_012,132
TACGGCTGCTTCAGTAAGAG_013,146
TACGGCTGCTTCAGTAAGAG_014,76
TACGGCTGCTTCAGTAAGAG_015,102
TACGGCTGCTTCAGTAAGAG_016,60
TACGGCTGCTTCAGTAAGAG_017,103
TACGGCTGCTTCAGTAAGAG_018,87
TACGGCTGCTTCAGTAAGAG_019,170
GAGAATCAGAGGCTTCCCCT_001,43
GAGAATCAGAGGCTTCCCCT_002,37
GAGAATCAGAGGCTTCCCCT_003,37
GAGAATCAGAGGCTTCCCCT_004,40
GAGAATCAGAGGCTTCCCCT_005,169
GAGAATCAGAGGCTTCCCCT_006,77
GAGAATCAGAGGCTTCCCCT_007,72
GAGAATCAGAGGCTTCCCCT_008,100
GAGAATCAGAGGCTTCCCCT_009,111
GAGAATCAGAGGCTTCCCCT_010,43
GAGAATCAGAGGCTTCCCCT_011,120
GAGAATCAGAGGCTTCCCCT_012,88
GAGAATCAGAGGCTTCCCCT_013,52
GAGAATCAGAGGCTTCCCCT_014,76
GAGAATCAGAGGCTTCCCCT_015,112
GAGAATCAGAGGCTTCCCCT_016,84
GAGAATCAGAGGCTTCCCCT_017,96
GAGAATCAGAGGCTTCCCCT_018,162
AGGACTCACCTTTATTGTCA_001,72
AGGACTCACCTTTATTGTCA_002,8
AGGACTCACCTTTATTGTCA_003,93
AGGACTCACCTTTATTGTCA_004,36
AGGACTCACCTTTATTGTCA_005,58
GGGGCGCCGAGAGGTTGAAG_001,192
GGGGCGCCGAGAGGTTGAAG_002,141
GGGGCGCCGAGAGGTTGAAG_003,153
TGTGTCTGTGCAGTAGGACT_001,116
TGTGTCTGTGCAGTAGGACT_002,185
TGTGTCTGTGCAGTAGGACT_003,189
GCTCTGTGTGCTACTAGATG_001,68
GCTCTGTGTGCTACTAGATG_002,16
GCTCTGTGTGCTACTAGATG_003,199
GCTCTGTGTGCTACTAGATG_004,37
GCTCTGTGTGCTACTAGATG_005,145
GCTCTGTGTGCTACTAGATG_006,94
GCTCTGTGTGCTACTAGATG_007,184
GCTCTGTGTGCTACTAGATG_008,130
GCTCTGTGTGCTACTAGATG_009,10
GAATTTCAGCCGTAGCACGA_001,149
GAATTTCAGCCGTAGCACGA_002,0
GAATTTCAGCCGTAGCACGA_003,173
GAATTTCAGCCGTAGCACGA_004,94
GAATTTCAGCCGTAGCACGA_005,168
GAATTTCAGCCGTAGCACGA_006,150
GAATTTCAGCCGTAGCACGA_007,123
GAATTTCAGCCGTAGCACGA_008,124
GAATTTCAGCCGTAGCACGA_009,8
GAATTTCAGCCGTAGCACGA_010,77
CAAGGGCAGTAACAAGCATG_001,13
TTGCAGTGCTCTTTACCCAG_001,29
TTGCAGTGCTCTTTACCCAG_002,177
TTGCAGTGCTCTTTACCCAG_003,102
GGCACGAGCAGCGTTCTCTG_001,48
GGCACGAGCAGCGTTCTCTG_002,104
GGCACGAGCAGCGTTCTCTG_003,197
GGCACGAGCAGCGTTCTCTG_004,108
GGCACGAGCAGCGTTCTCTG_005,101
GGCACGAGCAGCGTTCTCTG_006,166
GGCACGAGCAGCGTTCTCTG_007,11
GGCACGAGCAGCGTTCTCTG_008,51
GGCACGAGCAGCGTTCTCTG_009,183
GGCACGAGCAGCGTTCTCTG_010,161
GGCACGAGCAGCGTTCTCTG_011,149
AATCCGTATGCACTCTGGCA_001,62
AATCCGTATGCACTCTGGCA_002,104
AATCCGTATGCACTCTGGCA_003,174
AATCCGTATGCACTCTGGCA_004,155
GCGAGTCAGGGAGTTACGGA_001,188
GCGAGTCAGGGAGTTACGGA_002,185
GCGAGTCAGGGAGTTACGGA_003,125
GCGAGTCAGGGAGTTACGGA_004,196
GCGAGTCAGGGAGTTACGGA_005,95
GCGAGTCAGGGAGTTACGGA_006,175
GCGAGTCAGGGAGTTACGGA_007,145
GCGAGTCAGGGAGTTACGGA_008,46
GCGAGTCAGGGAGTTACGGA_009,47
GCGAGTCAGGGAGTTACGGA_010,121
GCGAGTCAGGGAGTTACGGA_011,148
GCGAGTCAGGGAGTTACGGA_012,148
ACATGTCTACATTTATTAGG_001,47
ACCCAATGTGGCGGAGCCGA_001,166
ACCCAATGTGGCGGAGCCGA_002,160
ACCCAATGTGGCGGAGCCGA_003,16
ACCCAATGTGGCGGAGCCGA_004,93
ACCCAATGTGGCGGAGCCGA_005,168
ACCCAATGTGGCGGAGCCGA_006,60
ACCCAATGTGGCGGAGCCGA_007,45
TGTGGGTCAACGGATATGCA_001,52
TGTGGGTCAACGGATATGCA_002,60
TGTGGGTCAACGGATATGCA_003,178
TGTGGGTCAACGGATATGCA_004,170
TGTGGGTCAACGGATATGCA_005,162
TGTGGGTCAACGGATATGCA_006,95
TGTGGGTCAACGGATATGCA_007,32
TGTGGGTCAACGGATATGCA_008,56
TGTGGGTCAACGGATATGCA_009,47
TGTGGGTCAACGGATATGCA_010,149
TGTGGGTCAACGGATATGCA_011,169
TGTGGGTCAACGGATATGCA_012,56
TGTGGGTCAACGGATATGCA_013,106
TGTGGGTCAACGGATATGCA_014,169
TGTGGGTCAACGGATATGCA_015,3
TGTGGGTCAACGGATATGCA_016,137
TGTGGGTCAACGGATATGCA_017,3
TGTGGGTCAACGGATATGCA_018,197
TGTGGGTCAACGGATATGCA_019,184
TTTGTATCATGGAATGCAAG_001,158
TTTGTATCATGGAATGCAAG_002,150
TTTGTATCATGGAATGCAAG_003,1
ATATAAGGGACACACTGATG_001,24
ATATAAGGGACACACTGATG_002,137
ATATAAGGGACACACTGATG_003,56
CACGAGGTTATCTCGATGCG_001,182
CACGAGGTTATCTCGATGCG_002,77
GGTGGCCAAGCAGCACGGGA_001,135
GGTGGCCAAGCAGCACGGGA_002,70
GGTGGCCAAGCAGCACGGGA_003,152
GGTGGCCAAGCAGCACGGGA_004,152
CGCCGGCGACCTGACCAGTG_001,23
CGCCGGCGACCTGACCAGTG_002,161
CGCCGGCGACCTGACCAGTG_003,108
CGCCGGCGACCTGACCAGTG_004,142
CGCCGGCGACCTGACCAGTG_005,157
CGCCGGCGACCTGACCAGTG_006,26
CGCCGGCGACCTGACCAGTG_007,16
CGCCGGCGACCTGACCAGTG_008,10
CGCCGGCGACCTGACCAGTG_009,96
CGCCGGCGACCTGACCAGTG_010,115
CGCCGGCGACCTGACCAGTG_011,145
CGCCGGCGACCTGACCAGTG_012,29
CGCCGGCGACCTGACCAGTG_013,171
CGCCGGCGACCTGACCAGTG_014,95
CGCCGGCGACCTGACCAGTG_015,162
CGCCGGCGACCTGACCAGTG_016,139
CGCCGGCGACCTGACCAGTG_017,121
CGCCGGCGACCTGACCAGTG_018,50
CGCCGGCGACCTGACCAGTG_019,66
CGCCGGCGACCTGACCAGTG_020,97
CGCCGGCGACCTGACCAGTG_021,119
CGCCGGCGACCTGACCAGTG_022,119
CGCCGGCGACCTGACCAGTG_023,78
CGCCGGCGACCTGACCAGTG_024,153
CGCCGGCGACCTGACCAGTG_025,52
GTGACGTCATGACCTACGTG_001,117
GTGACGTCATGACCTACGTG_002,115
GTGACGTCATGACCTACGTG_003,178
GTGACGTCATGACCTACGTG_004,78
GTGACGTCATGACCTACGTG_005,40
GTGACGTCATGACCTACGTG_006,40
GTGACGTCATGACCTACGTG_007,63
GTGACGTCATGACCTACGTG_008,82
GTGACGTCATGACCTACGTG_009,187
GTGACGTCATGACCTACGTG_010,25
GTGACGTCATGACCTACGTG_011,169
GTGACGTCATGACCTACGTG_012,13
GTGACGTCATGACCTACGTG_013,91
GTGACGTCATGACCTACGTG_014,151
GTGACGTCATGACCTACGTG_015,42
GTGACGTCATGACCTACGTG_016,147
GTGACGTCATGACCTACGTG_017,68
GTGACGTCATGACCTACGTG_018,43
GTGACGTCATGACCTACGTG_019,122
GTGACGTCATGACCTACGTG_020,133
TCCCATTTCTTAGTTGACGA_001,115
TCCCATTTCTTAGTTGACGA_002,15
TCCCATTTCTTAGTTGACGA_003,150
TCCCATTTCTTAGTTGACGA_004,45
TCCCATTTCTTAGTTGACGA_005,123
TCCCATTTCTTAGTTGACGA_006,98
TCCCATTTCTTAGTTGACGA_007,113
GCGGAGCCAAGACTCACCCA_001,140
GCGGAGCCAAGACTCACCCA_002,31
GCGGAGCCAAGACTCACCCA_003,11
GCGGAGCCAAGACTCACCCA_004,185
GCGGAGCCAAGACTCACCCA_005,45
GCGGAGCCAAGACTCACCCA_006,111
ACCCTGAAGTCCAGCATCCG_001,98
ACCCTGAAGTCCAGCATCCG_002,16
ACCCTGAAGTCCAGCATCCG_003,36
ACCCTGAAGTCCAGCATCCG_004,78
ACCCTGAAGTCCAGCATCCG_005,41
ACCCTGAAGTCCAGCATCCG_006,140
ACCCTGAAGTCCAGCATCCG_007,94
ACCCTGAAGTCCAGCATCCG_008,12
ACCCTGAAGTCCAGCATCCG_009,151
ACCCTGAAGTCCAGCATCCG_010,189
ACCCTGAAGTCCAGCATCCG_011,136
ACCCTGAAGTCCAGCATCCG_012,168
ACCCTGAAGTCCAGCATCCG_013,23
ACCCTGAAGTCCAGCATCCG_014,14
ACCCTGAAGTCCAGCATCCG_015,65
ACCCTGAAGTCCAGCATCCG_016,185
ACCCTGAAGTCCAGCATCCG_017,192
ACCCTGAAGTCCAGCATCCG_018,56
ACCCTGAAGTCCAGCATCCG_019,102
ACCCTGAAGTCCAGCATCCG_020,162
ACCCTGAAGTCCAGCATCCG_021,69
ACCCTGAAGTCCAGCATCCG_022,182
ACCCTGAAGTCCAGCATCCG_023,150
ACCCTGAAGTCCAGCATCCG_024,22
ACCCTGAAGTCCAGCATCCG_025,65
ACCCTGAAGTCCAGCATCCG_026,113
ACCCTGAAGTCCAGCATCCG_027,8
ACCCTGAAGTCCAGCATCCG_028,82
ACCCTGAAGTCCAGCATCCG_029,101
ACCCTGAAGTCCAGCATCCG_030,199
ACCCTGAAGTCCAGCATCCG_031,150
ACCCTGAAGTCCAGCATCCG_032,127
ACCCTGAAGTCCAGCATCCG_033,127
ACCCTGAAGTCCAGCATCCG_034,2
ACCCTGAAGTCCAGCATCCG_035,32
ACCCTGAAGTCCAGCATCCG_036,30
ACCCTGAAGTCCAGCATCCG_037,81
ACCCTGAAGTCCAGCATCCG_038,81
ACCCTGAAGTCCAGCATCCG_039,24
ACCCTGAAGTCCAGCATCCG_040,178
ACCCTGAAGTCCAGCATCCG_041,100
ACCCTGAAGTCCAGCATCCG_042,13
ACCCTGAAGTCCAGCATCCG_043,169
ACCCTGAAGTCCAGCATCCG_044,127
ACCCTGAAGTCCAGCATCCG_045,177
ACCCTGAAGTCCAGCATCCG_046,199
ACCCTGAAGTCCAGCATCCG_047,102
ACCCTGAAGTCCAGCATCCG_048,60
ACCCTGAAGTCCAGCATCCG_049,34
ACCCTGAAGTCCAGCATCCG_050,10
ACCCTGAAGTCCAGCATCCG_051,190
ACCCTGAAGTCCAGCATCCG_052,177
TTTCTTGCTGATGATCACAG_001,77
TTTCTTGCTGATGATCACAG_002,21
TTTCTTGCTGATGATCACAG_003,147
TTTCTTGCTGATGATCACAG_004,2
TTTCTTGCTGATGATCACAG_005,75
TCCCCTGGCGAAGACCACGG_001,61
TCCCCTGGCGAAGACCACGG_002,16
TCCCCTGGCGAAGACCACGG_003,40
TCCCCTGGCGAAGACCACGG_004,15
TCCCCTGGCGAAGACCACGG_005,41
TCCCCTGGCGAAGACCACGG_006,134
TCCCCTGGCGAAGACCACGG_007,94
TCCCCTGGCGAAGACCACGG_008,149
TCCCCTGGCGAAGACCACGG_009,58
TCCCCTGGCGAAGACCACGG_010,24
TCCCCTGGCGAAGACCACGG_011,191
TCCCCTGGCGAAGACCACGG_012,10
TCCCCTGGCGAAGACCACGG_013,166
TATTTCTATCCCTGCCCATG_001,187
TATTTCTATCCCTGCCCATG_002,123
GCATAGAGGACATAGACGAG_001,62
GCATAGAGGACATAGACGAG_002,112
GCATAGAGGACATAGACGAG_003,91
TTCACACACCCTAATGGCAC_001,111
TTCACACACCCTAATGGCAC_002,123
TTCACACACCCTAATGGCAC_003,58
AGAGGAAGCCACGACAACTG_001,15
AGAGGAAGCCACGACAACTG_002,62
AGAGGAAGCCACGACAACTG_003,117
AGAGGAAGCCACGACAACTG_004,88
AGAGGAAGCCACGACAACTG_005,23
AGAGGAAGCCACGACAACTG_006,183
AGAGGAAGCCACGACAACTG_007,11
AGAGGAAGCCACGACAACTG_008,97
AGAGGAAGCCACGACAACTG_009,158
AGAGGAAGCCACGACAACTG_010,116
AGAGGAAGCCACGACAACTG_011,62
AGAGGAAGCCACGACAACTG_012,52
AGAGGAAGCCACGACAACTG_013,189
AGAGGAAGCCACGACAACTG_014,146
AGAGGAAGCCACGACAACTG_015,142
AGAGGAAGCCACGACAACTG_016,15
AGAGGAAGCCACGACAACTG_017,160
GCTGAATCACAATTCCAGGT_001,144
GCTGAATCACAATTCCAGGT_002,129
GCTGAATCACAATTCCAGGT_003,49
ACAAAGGCGGCTACACTGGG_001,133
ACAAAGGCGGCTACACTGGG_002,102
ACAAAGGCGGCTACACTGGG_003,156
ACAAAGGCGGCTACACTGGG_004,43
ACAAAGGCGGCTACACTGGG_005,65
ACAAAGGCGGCTACACTGGG_006,112
ACAAAGGCGGCTACACTGGG_007,104
ACAAAGGCGGCTACACTGGG_008,68
ACAAAGGCGGCTACACTGGG_009,108
ACAAAGGCGGCTACACTGGG_010,58
ACAAAGGCGGCTACACTGGG_011,49
ACAAAGGCGGCTACACTGGG_012,2
ACAAAGGCGGCTACACTGGG_013,94
ATGCGGGGTCGAGAGCTGAT_001,147
ATGCGGGGTCGAGAGCTGAT_002,151
ATGCGGGGTCGAGAGCTGAT_003,23
ATGCGGGGTCGAGAGCTGAT_004,139
ATGCGGGGTCGAGAGCTGAT_005,154
ATGCGGGGTCGAGAGCTGAT_006,186
ATGCGGGGTCGAGAGCTGAT_007,156
ATGCGGGGTCGAGAGCTGAT_008,21
ATGCGGGGTCGAGAGCTGAT_009,150
ATGCGGGGTCGAGAGCTGAT_010,141
ATGCGGGGTCGAGAGCTGAT_011,15
ATGCGGGGTCGAGAGCTGAT_012,189
ATGCGGGGTCGAGAGCTGAT_013,138
ATGCGGGGTCGAGAGCTGAT_014,151
ATGCGGGGTCGAGAGCTGAT_015,172
ATGCGGGGTCGAGAGCTGAT_016,146
ATGCGGGGTCGAGAGCTGAT_017,35
ATGCGGGGTCGAGAGCTGAT_018,8
ATGCGGGGTCGAGAGCTGAT_019,19
ATGCGGGGTCGAGAGCTGAT_020,19
ATGCGGGGTCGAGAGCTGAT_021,96
ATGCGGGGTCGAGAGCTGAT_022,145
ATGCGGGGTCGAGAGCTGAT_023,83
ATGCGGGGTCGAGAGCTGAT_024,24
ATGCGGGGTCGAGAGCTGAT_025,26
ATGCGGGGTCGAGAGCTGAT_026,18
ATGCGGGGTCGAGAGCTGAT_027,153
ATGCGGGGTCGAGAGCTGAT_028,172
ATGCGGGGTCGAGAGCTGAT_029,78
ATGCGGGGTCGAGAGCTGAT_030,199
TGAGGTTTGCAATCTCAGAT_001,122
TGAGGTTTGCAATCTCAGAT_002,61
TGAGGTTTGCAATCTCAGAT_003,199
TGAGGTTTGCAATCTCAGAT_004,175
TGAGGTTTGCAATCTCAGAT_005,168
TGAGGTTTGCAATCTCAGAT_006,61
AGCCCCACGGACGAGGACAG_001,182
AGCCCCACGGACGAGGACAG_002,38
AGCCCCACGGACGAGGACAG_003,121
AGCCCCACGGACGAGGACAG_004,41
AGCCCCACGGACGAGGACAG_005,128
AGCCCCACGGACGAGGACAG_006,193
AGCCCCACGGACGAGGACAG_007,132
AGCCCCACGGACGAGGACAG_008,129
AGCCCCACGGACGAGGACAG_009,31
AGCCCCACGGACGAGGACAG_010,171
AGCCCCACGGACGAGGACAG_011,84
AGCCCCACGGACGAGGACAG_012,113
AGCCCCACGGACGAGGACAG_013,123
AGCCCCACGGACGAGGACAG_014,28
AGCCCCACGGACGAGGACAG_015,151
AGCCCCACGGACGAGGACAG_016,77
AGCCCCACGGACGAGGACAG_017,116
AGCCCCACGGACGAGGACAG_018,193
AGCCCCACGGACGAGGACAG_019,93
AGCCCCACGGACGAGGACAG_020,147
AGCCCCACGGACGAGGACAG_021,148
AGCCCCACGGACGAGGACAG_022,149
AGCCCCACGGACGAGGACAG_023,120
AGCCCCACGGACGAGGACAG_024,82
AGCCCCACGGACGAGGACAG_025,113
AGCCCCACGGACGAGGACAG_026,13
AGCCCCACGGACGAGGACAG_027,67
AGCCCCACGGACGAGGACAG_028,133
AGCCCCACGGACGAGGACAG_029,39
AGCCCCACGGACGAGGACAG_030,82
AGCCCCACGGACGAGGACAG_031,16
AGCCCCACGGACGAGGACAG_032,115
AGCCCCACGGACGAGGACAG_033,59
AGCCCCACGGACGAGGACAG_034,40
AGCCCCACGGACGAGGACAG_035,28
AGCCCCACGGACGAGGACAG_036,60
AGCCCCACGGACGAGGACAG_037,99
AGCCCCACGGACGAGGACAG_038,147
AGCCCCACGGACGAGGACAG_039,66
AGCCCCACGGACGAGGACAG_040,3
AGCCCCACGGACGAGGACAG_041,165
AGCCCCACGGACGAGGACAG_042,2
AGCCCCACGGACGAGGACAG_043,36
AGCCCCACGGACGAGGACAG_044,36
AGCCCCACGGACGAGGACAG_045,127
AGCCCCACGGACGAGGACAG_046,103
AGCCCCACGGACGAGGACAG_047,141
AGCCCCACGGACGAGGACAG_048,61
AGCCCCACGGACGAGGACAG_049,17
AGCCCCACGGACGAGGACAG_050,81
GGGGAATCCACAGCTACCTG_001,72
GGGGAATCCACAGCTACCTG_002,113
GGGGAATCCACAGCTACCTG_003,199
GGGGAATCCACAGCTACCTG_004,28
GGGGAATCCACAGCTACCTG_005,29
GGGGAATCCACAGCTACCTG_006,96
GCTCCATAAAGTGTAGTAGA_001,84
GCTCCATAAAGTGTAGTAGA_002,118
GCTCCATAAAGTGTAGTAGA_003,97
GCTCCATAAAGTGTAGTAGA_004,132
GCTCCATAAAGTGTAGTAGA_005,77
GCTCCATAAAGTGTAGTAGA_006,25
GCTCCATAAAGTGTAGTAGA_007,145
GCTCCATAAAGTGTAGTAGA_008,65
GCTCCATAAAGTGTAGTAGA_009,176
ACAGCGGTATCGATGCCAGG_001,162
ACAGCGGTATCGATGCCAGG_002,52
ACAGCGGTATCGATGCCAGG_003,88
ACAGCGGTATCGATGCCAGG_004,28
ACAGCGGTATCGATGCCAGG_005,36
ACAGCGGTATCGATGCCAGG_006,162
ACAGCGGTATCGATGCCAGG_007,130
GACCTCATCCCACAAACAGT_001,1
GACCTCATCCCACAAACAGT_002,16
GACCTCATCCCACAAACAGT_003,43
GACCTCATCCCACAAACAGT_004,128
GACCTCATCCCACAAACAGT_005,150
GACCTCATCCCACAAACAGT_006,8
GACCTCATCCCACAAACAGT_007,98
GACCTCATCCCACAAACAGT_008,4
GACCTCATCCCACAAACAGT_009,158
GACCTCATCCCACAAACAGT_010,181
GACCTCATCCCACAAACAGT_011,127
GACCTCATCCCACAAACAGT_012,48
GACCTCATCCCACAAACAGT_013,68
GACCTCATCCCACAAACAGT_014,157
GACCTCATCCCACAAACAGT_015,37
GACCTCATCCCACAAACAGT_016,90
CTACATACAATACCTTCGAG_001,66
CTACATACAATACCTTCGAG_002,10
GTTTCCAAGGCCTTGTCAAG_001,172
GTTTCCAAGGCCTTGTCAAG_002,135
GTTTCCAAGGCCTTGTCAAG_003,196
GTTTCCAAGGCCTTGTCAAG_004,190
GTTTCCAAGGCCTTGTCAAG_005,40
GTTTCCAAGGCCTTGTCAAG_006,140
AAAGCGCACGAACTCCACTC_001,114
AAAGCGCACGAACTCCACTC_002,97
AAAGCGCACGAACTCCACTC_003,65
AAAGCGCACGAACTCCACTC_004,70
AAAGCGCACGAACTCCACTC_005,70
AAAGCGCACGAACTCCACTC_006,145
AAAGCGCACGAACTCCACTC_007,94
AAAGCGCACGAACTCCACTC_008,176
AAAGCGCACGAACTCCACTC_009,29
AAAGCGCACGAACTCCACTC_010,84
AAAGCGCACGAACTCCACTC_011,152
AAAGCGCACGAACTCCACTC_012,95
AAAGCGCACGAACTCCACTC_013,15
AAAGCGCACGAACTCCACTC_014,38
AAAGCGCACGAACTCCACTC_015,56
AAAGCGCACGAACTCCACTC_016,138
AAAGCGCACGAACTCCACTC_017,174
ATCAAAGCGCTAACCAACCA_001,2
ATCAAAGCGCTAACCAACCA_002,48
ATCAAAGCGCTAACCAACCA_003,48
ATCAAAGCGCTAACCAACCA_004,149
ATCAAAGCGCTAACCAACCA_005,37
CAGTGAGTGTTTCTACACCA_001,107
CAGTGAGTGTTTCTACACCA_002,105
CAGTGAGTGTTTCTACACCA_003,40
CAGTGAGTGTTTCTACACCA_004,158
CAGTGAGTGTTTCTACACCA_005,63
CAGTGAGTGTTTCTACACCA_006,9
CAGTGAGTGTTTCTACACCA_007,178
CAGTGAGTGTTTCTACACCA_008,36
CAGTGAGTGTTTCTACACCA_009,116
ATGACGAGCCAACTTATGCT_001,70
ATGACGAGCCAACTTATGCT_002,37
ATGACGAGCCAACTTATGCT_003,88
ATGACGAGCCAACTTATGCT_004,144
ATGACGAGCCAACTTATGCT_005,47
ATGACGAGCCAACTTATGCT_006,183
ATGACGAGCCAACTTATGCT_007,7
ATGACGAGCCAACTTATGCT_008,132
ATGACGAGCCAACTTATGCT_009,6
ATGACGAGCCAACTTATGCT_010,144
ATGACGAGCCAACTTATGCT_011,33
ATGACGAGCCAACTTATGCT_012,145
ATGACGAGCCAACTTATGCT_013,169
ATGACGAGCCAACTTATGCT_014,1
ATGACGAGCCAACTTATGCT_015,106
ATGACGAGCCAACTTATGCT_016,28
ATGACGAGCCAACTTATGCT_017,83
ATGACGAGCCAACTTATGCT_018,88
ATGACGAGCCAACTTATGCT_019,149
ATGACGAGCCAACTTATGCT_020,168
ATGACGAGCCAACTTATGCT_021,8
ATGACGAGCCAACTTATGCT_022,118
ATGACGAGCCAACTTATGCT_023,9
GGATCTTAAGCAACTGAACC_001,78
GGATCTTAAGCAACTGAACC_002,177
GGATCTTAAGCAACTGAACC_003,50
GGATCTTAAGCAACTGAACC_004,54
GGATCTTAAGCAACTGAACC_005,122
GGATCTTAAGCAACTGAACC_006,41
GGATCTTAAGCAACTGAACC_007,63
GGATCTTAAGCAACTGAACC_008,138
AAGGATAGCAATCGTAGGGT_001,101
AAGGATAGCAATCGTAGGGT_002,182
AAGGATAGCAATCGTAGGGT_003,32
AAGGATAGCAATCGTAGGGT_004,198
AAGGATAGCAATCGTAGGGT_005,190
AAGGATAGCAATCGTAGGGT_006,175
CAAGTGAGCAGTCTCCACTA_001,179
CAAGTGAGCAGTCTCCACTA_002,56
CAAGTGAGCAGTCTCCACTA_003,81
CAAGTGAGCAGTCTCCACTA_004,70
CAAGTGAGCAGTCTCCACTA_005,173
CAAGTGAGCAGTCTCCACTA_006,173
CAAGTGAGCAGTCTCCACTA_007,56
CAAGTGAGCAGTCTCCACTA_008,12
CAAGTGAGCAGTCTCCACTA_009,34
CAAGTGAGCAGTCTCCACTA_010,117
CAAGTGAGCAGTCTCCACTA_011,121
CAAGTGAGCAGTCTCCACTA_012,48
CAAGTGAGCAGTCTCCACTA_013,80
CAAGTGAGCAGTCTCCACTA_014,9
CAAGTGAGCAGTCTCCACTA_015,6
CAAGTGAGCAGTCTCCACTA_016,66
CAAGTGAGCAGTCTCCACTA_017,43
CAAGTGAGCAGTCTCCACTA_018,70
CAAGTGAGCAGTCTCCACTA_019,182
CAAGTGAGCAGTCTCCACTA_020,160
CAAGTGAGCAGTCTCCACTA_021,102
CAAGTGAGCAGTCTCCACTA_022,165
ATCCGGGCGTCCAGGGTTCG_001,188
ATCCGGGCGTCCAGGGTTCG_002,11
ATCCGGGCGTCCAGGGTTCG_003,182
ATCCGGGCGTCCAGGGTTCG_004,192
ATCCGGGCGTCCAGGGTTCG_005,166
ATCCGGGCGTCCAGGGTTCG_006,188
ATCCGGGCGTCCAGGGTTCG_007,188
ATCCGGGCGTCCAGGGTTCG_008,72
ATCCGGGCGTCCAGGGTTCG_009,79
ATCCGGGCGTCCAGGGTTCG_010,162
ATCCGGGCGTCCAGGGTTCG_011,61
ATCCGGGCGTCCAGGGTTCG_012,148
ATCCGGGCGTCCAGGGTTCG_013,193
ATCCGGGCGTCCAGGGTTCG_014,19
ATCCGGGCGTCCAGGGTTCG_015,137
ATCCGGGCGTCCAGGGTTCG_016,6
ATCCGGGCGTCCAGGGTTCG_017,6
ATCCGGGCGTCCAGGGTTCG_018,6
ATCCGGGCGTCCAGGGTTCG_019,185
ATCCGGGCGTCCAGGGTTCG_020,81
ATCCGGGCGTCCAGGGTTCG_021,9
AACTTCACTGGTTAAAACCG_001,133
AACTTCACTGGTTAAAACCG_002,53
AACTTCACTGGTTAAAACCG_003,159
AACTTCACTGGTTAAAACCG_004,70
AACTTCACTGGTTAAAACCG_005,12
AACTTCACTGGTTAAAACCG_006,199
AACTTCACTGGTTAAAACCG_007,199
AACTTCACTGGTTAAAACCG_008,162
AACTTCACTGGTTAAAACCG_009,52
AACTTCACTGGTTAAAACCG_010,168
TGTGTGCCCTTGTACCCTCG_001,50
TGTGTGCCCTTGTACCCTCG_002,122
TGTGTGCCCTTGTACCCTCG_003,23
TGTGTGCCCTTGTACCCTCG_004,6
TCTGCAAGATGATATCAGTG_001,156
GTATCTTGGTTTCAAGCCCG_001,162
GTATCTTGGTTTCAAGCCCG_002,144
GTATCTTGGTTTCAAGCCCG_003,48
GTATCTTGGTTTCAAGCCCG_004,177
GTATCTTGGTTTCAAGCCCG_005,150
GTATCTTGGTTTCAAGCCCG_006,119
GTATCTTGGTTTCAAGCCCG_007,19
GTATCTTGGTTTCAAGCCCG_008,8
GTATCTTGGTTTCAAGCCCG_009,175
GTATCTTGGTTTCAAGCCCG_010,49
GTATCTTGGTTTCAAGCCCG_011,173
ACCAACAGGTCACTTACCGC_001,183
ACCAACAGGTCACTTACCGC_002,35
ACCAACAGGTCACTTACCGC_003,186
ACCAACAGGTCACTTACCGC_004,107
ACCAACAGGTCACTTACCGC_005,131
ACCAACAGGTCACTTACCGC_006,73
ACCAACAGGTCACTTACCGC_007,37
ACCAACAGGTCACTTACCGC_008,57
ACCAACAGGTCACTTACCGC_009,17
AGCCACCAAAATCATCAATG_001,6
AGCCACCAAAATCATCAATG_002,150
AGCCACCAAAATCATCAATG_003,191
AGCCACCAAAATCATCAATG_004,134
AGCCACCAAAATCATCAATG_005,74
AGCCACCAAAATCATCAATG_006,160
AGCCACCAAAATCATCAATG_007,16
AGCCACCAAAATCATCAATG_008,102
AGCCACCAAAATCATCAATG_009,50
AGCCACCAAAATCATCAATG_010,103
GAAGCTGTGACTGTACACAA_001,12
GAAGCTGTGACTGTACACAA_002,5
GAAGCTGTGACTGTACACAA_003,31
GAAGCTGTGACTGTACACAA_004,24
GAAGCTGTGACTGTACACAA_005,32
GAAGCTGTGACTGTACACAA_006,24
GAAGCTGTGACTGTACACAA_007,72
GAAGCTGTGACTGTACACAA_008,41
GAAGCTGTGACTGTACACAA_009,2
GAAGCTGTGACTGTACACAA_010,31
GAAGCTGTGACTGTACACAA_011,146
GAAGCTGTGACTGTACACAA_012,33
GAAGCTGTGACTGTACACAA_013,29
GAAGCTGTGACTGTACACAA_014,127
TGAATGAGTCGGTGTTGGCG_001,199
TGAATGAGTCGGTGTTGGCG_002,186
TGAATGAGTCGGTGTTGGCG_003,19
TGAATGAGTCGGTGTTGGCG_004,142
TGAATGAGTCGGTGTTGGCG_005,9
TGAATGAGTCGGTGTTGGCG_006,137
TGAATGAGTCGGTGTTGGCG_007,82
TGAATGAGTCGGTGTTGGCG_008,102
TGAATGAGTCGGTGTTGGCG_009,198
TGAATGAGTCGGTGTTGGCG_010,88
TGAATGAGTCGGTGTTGGCG_011,78
TGAATGAGTCGGTGTTGGCG_012,182
TGAATGAGTCGGTGTTGGCG_013,82
TGAATGAGTCGGTGTTGGCG_014,16
TGAATGAGTCGGTGTTGGCG_015,24
TGAATGAGTCGGTGTTGGCG_016,144
ACACCATCCAAATAGCGCAG_001,105
ACACCATCCAAATAGCGCAG_002,189
ACACCATCCAAATAGCGCAG_003,83
GAGGTACTTGGAGAAGTCGG_001,149
GAGGTACTTGGAGAAGTCGG_002,175
GAGGTACTTGGAGAAGTCGG_003,5
GAGGTACTTGGAGAAGTCGG_004,89
GAGGTACTTGGAGAAGTCGG_005,100
GAGGTACTTGGAGAAGTCGG_006,8
TACTCACCATTCATTAACCA_001,75
TACTCACCATTCATTAACCA_002,149
TACTCACCATTCATTAACCA_003,188
GCAGATCGCACAGCTCAAGG_001,171
GCAGATCGCACAGCTCAAGG_002,50
GCAGATCGCACAGCTCAAGG_003,63
GCAGATCGCACAGCTCAAGG_004,33
GCAGATCGCACAGCTCAAGG_005,75
GCAGATCGCACAGCTCAAGG_006,130
GCAGATCGCACAGCTCAAGG_007,150
GCAGATCGCACAGCTCAAGG_008,77
GCAGATCGCACAGCTCAAGG_009,116
GCAGATCGCACAGCTCAAGG_010,173
GCAGATCGCACAGCTCAAGG_011,19
GCAGATCGCACAGCTCAAGG_012,58
GATGGGCTTTGACCCCACCG_001,6
GATGGGCTTTGACCCCACCG_002,33
GATGGGCTTTGACCCCACCG_003,11
GATGGGCTTTGACCCCACCG_004,151
GATGGGCTTTGACCCCACCG_005,162
TCGGAGCCATAATAAAAGCA_001,114
TCGGAGCCATAATAAAAGCA_002,70
TCGGAGCCATAATAAAAGCA_003,148
CTTTAGAAAGAGTTTCACAA_001,138
TGTGGTAGGAGGCTGGTACA_001,41
TGTGGTAGGAGGCTGGTACA_002,105
TGTGGTAGGAGGCTGGTACA_003,17
ATACTTCCGAATTTCGCGCA_001,158
CATCCGAATGGGCTCCACAC_001,85
CATCCGAATGGGCTCCACAC_002,96
CATCCGAATGGGCTCCACAC_003,125
GGCCGGGTCGAGCGTGACAG_001,2
GGCCGGGTCGAGCGTGACAG_002,58
GGCCGGGTCGAGCGTGACAG_003,60
GGCCGGGTCGAGCGTGACAG_004,94
GGCCGGGTCGAGCGTGACAG_005,148
GACAACGCATTCGGGCCCGA_001,17
GACAACGCATTCGGGCCCGA_002,166
GACAACGCATTCGGGCCCGA_003,51
GACAACGCATTCGGGCCCGA_004,170
GACAACGCATTCGGGCCCGA_005,40
GCGAGTCAAGTGCGTCAACG_001,84
GCGAGTCAAGTGCGTCAACG_002,26
GCGAGTCAAGTGCGTCAACG_003,74
GCGAGTCAAGTGCGTCAACG_004,84
GCGAGTCAAGTGCGTCAACG_005,174
GCGAGTCAAGTGCGTCAACG_006,179
GCGAGTCAAGTGCGTCAACG_007,82
GCGAGTCAAGTGCGTCAACG_008,100
GCGAGTCAAGTGCGTCAACG_009,150
GCGAGTCAAGTGCGTCAACG_010,78
GCGAGTCAAGTGCGTCAACG_011,168
GCGAGTCAAGTGCGTCAACG_012,171
GCGAGTCAAGTGCGTCAACG_013,180
GCGAGTCAAGTGCGTCAACG_014,14
GCGAGTCAAGTGCGTCAACG_015,80
GCGAGTCAAGTGCGTCAACG_016,77
GCGAGTCAAGTGCGTCAACG_017,152
GCGAGTCAAGTGCGTCAACG_018,48
GCGAGTCAAGTGCGTCAACG_019,76
CCCAATACTAATCCCTCAGA_001,168
GGGAGACCTACATTAAGTGG_001,94
GGGAGACCTACATTAAGTGG_002,30
GGGAGACCTACATTAAGTGG_003,76
GGGAGACCTACATTAAGTGG_004,65
GGGAGACCTACATTAAGTGG_005,40
AGGCACTCACGCGGAACTTG_001,119
AGGCACTCACGCGGAACTTG_002,17
AGGCACTCACGCGGAACTTG_003,185
AGGCACTCACGCGGAACTTG_004,179
AGGCACTCACGCGGAACTTG_005,41
AGGCACTCACGCGGAACTTG_006,184
AGGCACTCACGCGGAACTTG_007,105
AGGCACTCACGCGGAACTTG_008,127
AGGCACTCACGCGGAACTTG_009,169
AGGCACTCACGCGGAACTTG_010,90
AGGCACTCACGCGGAACTTG_011,164
AGGCACTCACGCGGAACTTG_012,150
GACTGTGTCCAAGCCCGTGT_001,102
GACTGTGTCCAAGCCCGTGT_002,180
GACTGTGTCCAAGCCCGTGT_003,48
GACTGTGTCCAAGCCCGTGT_004,135
GACTGTGTCCAAGCCCGTGT_005,9
GACTGTGTCCAAGCCCGTGT_006,144
GACTGTGTCCAAGCCCGTGT_007,162
GACTGTGTCCAAGCCCGTGT_008,103
GACTGTGTCCAAGCCCGTGT_009,147
GACTGTGTCCAAGCCCGTGT_010,193
GACTGTGTCCAAGCCCGTGT_011,138
GACTGTGTCCAAGCCCGTGT_012,2
GACTGTGTCCAAGCCCGTGT_013,105
GACTGTGTCCAAGCCCGTGT_014,81
GACTGTGTCCAAGCCCGTGT_015,141
GACTGTGTCCAAGCCCGTGT_016,40
GACTGTGTCCAAGCCCGTGT_017,63
GACTGTGTCCAAGCCCGTGT_018,48
GACTGTGTCCAAGCCCGTGT_019,190
GACTGTGTCCAAGCCCGTGT_020,31
TCCAGGTTGATCACATACGG_001,84
TCCAGGTTGATCACATACGG_002,129
TCCAGGTTGATCACATACGG_003,135
TCCAGGTTGATCACATACGG_004,160
TCCAGGTTGATCACATACGG_005,13
TCCAGGTTGATCACATACGG_006,136
CACCCAAGGATGATGAGGTG_001,139
CACCCAAGGATGATGAGGTG_002,77
CACCCAAGGATGATGAGGTG_003,48
CACCCAAGGATGATGAGGTG_004,68
CACCCAAGGATGATGAGGTG_005,7
CACCCAAGGATGATGAGGTG_006,105
CACCCAAGGATGATGAGGTG_007,63
CACCCAAGGATGATGAGGTG_008,90
CACCCAAGGATGATGAGGTG_009,110
CACCCAAGGATGATGAGGTG_010,98
CACCCAAGGATGATGAGGTG_011,122
CACCCAAGGATGATGAGGTG_012,122
CACCCAAGGATGATGAGGTG_013,130
CACCCAAGGATGATGAGGTG_014,169
CACCCAAGGATGATGAGGTG_015,48
CACCCAAGGATGATGAGGTG_016,102
CACCCAAGGATGATGAGGTG_017,191
CACCCAAGGATGATGAGGTG_018,48
CACCCAAGGATGATGAGGTG_019,105
CACCCAAGGATGATGAGGTG_020,89
CACCCAAGGATGATGAGGTG_021,20
CAGCGTTTGAAACGAACACA_001,4
CAGCGTTTGAAACGAACACA_002,117
CAGCGTTTGAAACGAACACA_003,129
CAGCGTTTGAAACGAACACA_004,43
CAGCGTTTGAAACGAACACA_005,52
CAGCGTTTGAAACGAACACA_006,126
CAGCGTTTGAAACGAACACA_007,119
CAGCGTTTGAAACGAACACA_008,12
CAGCGTTTGAAACGAACACA_009,83
CAGCGTTTGAAACGAACACA_010,199
CGCAGCACCGAGTACGGGGA_001,55
CGCAGCACCGAGTACGGGGA_002,192
CGCAGCACCGAGTACGGGGA_003,172
CGCAGCACCGAGTACGGGGA_004,13
CGCAGCACCGAGTACGGGGA_005,74
CGCAGCACCGAGTACGGGGA_006,171
CGCAGCACCGAGTACGGGGA_007,108
CGCAGCACCGAGTACGGGGA_008,139
CGCAGCACCGAGTACGGGGA_009,134
CGCAGCACCGAGTACGGGGA_010,150
CGCAGCACCGAGTACGGGGA_011,49
CGCAGCACCGAGTACGGGGA_012,96
CGCAGCACCGAGTACGGGGA_013,192
CGCAGCACCGAGTACGGGGA_014,95
CGCAGCACCGAGTACGGGGA_015,46
CGCAGCACCGAGTACGGGGA_016,147
CGCAGCACCGAGTACGGGGA_017,151
CGCAGCACCGAGTACGGGGA_018,174
CGCAGCACCGAGTACGGGGA_019,147
CGCAGCACCGAGTACGGGGA_020,9
CGCAGCACCGAGTACGGGGA_021,5
CGCAGCACCGAGTACGGGGA_022,23
CGCAGCACCGAGTACGGGGA_023,197
CGCAGCACCGAGTACGGGGA_024,109
CGCAGCACCGAGTACGGGGA_025,116
CGCAGCACCGAGTACGGGGA_026,133
CGCAGCACCGAGTACGGGGA_027,87
CGCAGCACCGAGTACGGGGA_028,182
CGCAGCACCGAGTACGGGGA_029,77
CGCAGCACCGAGTACGGGGA_030,130
CGCAGCACCGAGTACGGGGA_031,27
CGCAGCACCGAGTACGGGGA_032,6
CGCAGCACCGAGTACGGGGA_033,118
CGCAGCACCGAGTACGGGGA_034,94
CGCAGCACCGAGTACGGGGA_035,43
CGCAGCACCGAGTACGGGGA_036,115
CGCAGCACCGAGTACGGGGA_037,85
CGCAGCACCGAGTACGGGGA_038,174
CGCAGCACCGAGTACGGGGA_039,136
CGCAGCACCGAGTACGGGGA_040,91
CGCAGCACCGAGTACGGGGA_041,122
CGCAGCACCGAGTACGGGGA_042,12
CGCAGCACCGAGTACGGGGA_043,94
CGCAGCACCGAGTACGGGGA_044,57
CGCAGCACCGAGTACGGGGA_045,174
CGCAGCACCGAGTACGGGGA_046,56
CGCAGCACCGAGTACGGGGA_047,33
CGCAGCACCGAGTACGGGGA_048,106
AGGAACCTGCCTCAAAACAC_001,65
AGGAACCTGCCTCAAAACAC_002,191
AGGAACCTGCCTCAAAACAC_003,130
AGGAACCTGCCTCAAAACAC_004,140
AGGAACCTGCCTCAAAACAC_005,0
CTAGCCAGAACTTACAAGAG_001,143
CTAGCCAGAACTTACAAGAG_002,147
CTAGCCAGAACTTACAAGAG_003,81
CTAGCCAGAACTTACAAGAG_004,8
CTAGCCAGAACTTACAAGAG_005,61
GGACGACGCAGCCATCGTTG_001,130
GGACGACGCAGCCATCGTTG_002,127
GGACGACGCAGCCATCGTTG_003,162
GGACGACGCAGCCATCGTTG_004,146
GGACGACGCAGCCATCGTTG_005,46
GGCACGCTGAGATCAAGATT_001,171
GGCACGCTGAGATCAAGATT_002,141
CTGGGATATAGCGTTGGCTG_001,23
CTGGGATATAGCGTTGGCTG_002,149
GGTGATTTCAAAAAAGACGA_001,2
GTATAGCAATATGCTTGGAG_001,146
GTATAGCAATATGCTTGGAG_002,184
GTATAGCAATATGCTTGGAG_003,29
TATCGTCAACTGTGCTGAGG_001,9
TATCGTCAACTGTGCTGAGG_002,161
TATCGTCAACTGTGCTGAGG_003,184
TATCGTCAACTGTGCTGAGG_004,63
TCATGTGCGAGAGGTTGGCT_001,49
TCATGTGCGAGAGGTTGGCT_002,101
TCATGTGCGAGAGGTTGGCT_003,49
TCATGTGCGAGAGGTTGGCT_004,56
TCATGTGCGAGAGGTTGGCT_005,125
TCATGTGCGAGAGGTTGGCT_006,80
TGAGGTCATACTCAAAAACC_001,168
TGTGAGTAATGGACATTTCA_001,43
TGTGAGTAATGGACATTTCA_002,168
TGTGAGTAATGGACATTTCA_003,91
TGTGAGTAATGGACATTTCA_004,44
TGTGAGTAATGGACATTTCA_005,8
TGTGAGTAATGGACATTTCA_006,75
TGTGAGTAATGGACATTTCA_007,178
TGTGAGTAATGGACATTTCA_008,78
TGTGAGTAATGGACATTTCA_009,76
TGTGAGTAATGGACATTTCA_010,1
TGTGAGTAATGGACATTTCA_011,137
TGTGAGTAATGGACATTTCA_012,112
TCACAAGCTCAACGCCCGGA_001,105
AAGGGATTCGAGATCCGTCC_001,110
AAGGGATTCGAGATCCGTCC_002,33
AAGGGATTCGAGATCCGTCC_003,149
AAGGGATTCGAGATCCGTCC_004,28
GCTGCAGACCCGATCTCCTG_001,169
GCTGCAGACCCGATCTCCTG_002,144
GCTGCAGACCCGATCTCCTG_003,150
GCTGCAGACCCGATCTCCTG_004,40
GCTGTGCAGTGTGCAGTAAG_001,88
GCTGTGCAGTGTGCAGTAAG_002,198
GCTGTGCAGTGTGCAGTAAG_003,74
GCTGTGCAGTGTGCAGTAAG_004,139
GTGGCATGGCAGGACTACGT_001,43
ATCCGGACCCTGGACAACGG_001,172
ATCCGGACCCTGGACAACGG_002,114
ATCCGGACCCTGGACAACGG_003,124
ATCCGGACCCTGGACAACGG_004,92
ATCCGGACCCTGGACAACGG_005,60
ATCCGGACCCTGGACAACGG_006,135
ATCCGGACCCTGGACAACGG_007,119
ATCCGGACCCTGGACAACGG_008,158
ATCCGGACCCTGGACAACGG_009,1
ATCCGGACCCTGGACAACGG_010,87
ATCCGGACCCTGGACAACGG_011,141
CGAAAAGACGGCTGCACGTG_001,118
CGAAAAGACGGCTGCACGTG_002,172
CGAAAAGACGGCTGCACGTG_003,140
CGAAAAGACGGCTGCACGTG_004,187
CGAAAAGACGGCTGCACGTG_005,199
TCCCACCTACCAGAGGTCAG_001,167
TCCCACCTACCAGAGGTCAG_002,140
TCCCACCTACCAGAGGTCAG_003,150
TCCCACCTACCAGAGGTCAG_004,113
TCCCACCTACCAGAGGTCAG_005,32
TCCCACCTACCAGAGGTCAG_006,3
TCCCACCTACCAGAGGTCAG_007,148
TCCCACCTACCAGAGGTCAG_008,193
TCCCACCTACCAGAGGTCAG_009,25
TCCCACCTACCAGAGGTCAG_010,144
TCCCACCTACCAGAGGTCAG_011,26
TCCCACCTACCAGAGGTCAG_012,33
TCCCACCTACCAGAGGTCAG_013,115
TCCCACCTACCAGAGGTCAG_014,42
TCCCACCTACCAGAGGTCAG_015,22
TCCCACCTACCAGAGGTCAG_016,13
TCCCACCTACCAGAGGTCAG_017,103
TCCCACCTACCAGAGGTCAG_018,156
TCCCACCTACCAGAGGTCAG_019,43
TCCCACCTACCAGAGGTCAG_020,127
TCCCACCTACCAGAGGTCAG_021,156
TCCCACCTACCAGAGGTCAG_022,88
TCCCACCTACCAGAGGTCAG_023,61
TCCCACCTACCAGAGGTCAG_024,2
TCCCACCTACCAGAGGTCAG_025,99
TCCCACCTACCAGAGGTCAG_026,139
TCCCACCTACCAGAGGTCAG_027,4
TCCCACCTACCAGAGGTCAG_028,31
TCCCACCTACCAGAGGTCAG_029,147
TCCCACCTACCAGAGGTCAG_030,176
TCCCACCTACCAGAGGTCAG_031,60
TCCCACCTACCAGAGGTCAG_032,199
TCCCACCTACCAGAGGTCAG_033,162
TCCCACCTACCAGAGGTCAG_034,150
TCCCACCTACCAGAGGTCAG_035,52
AGTGAATTCACAGAACGAAG_001,49
AGTGAATTCACAGAACGAAG_002,46
AGTGAATTCACAGAACGAAG_003,62
AGTGAATTCACAGAACGAAG_004,153
GAAGGACTTACAAGAACCGG_001,157
GAAGGACTTACAAGAACCGG_002,161
GAAGGACTTACAAGAACCGG_003,125
GAAGGACTTACAAGAACCGG_004,146
GAAGGACTTACAAGAACCGG_005,105
GAAGGACTTACAAGAACCGG_006,188
GAAGGACTTACAAGAACCGG_007,55
GAAGGACTTACAAGAACCGG_008,105
GAAGGACTTACAAGAACCGG_009,110
GAAGGACTTACAAGAACCGG_010,23
CCTCCGCCTCTTGGCCGCCG_001,70
CCTCCGCCTCTTGGCCGCCG_002,77
CCTCCGCCTCTTGGCCGCCG_003,147
CCTCCGCCTCTTGGCCGCCG_004,50
CCTCCGCCTCTTGGCCGCCG_005,52
CCTCCGCCTCTTGGCCGCCG_006,148
CCTCCGCCTCTTGGCCGCCG_007,12
CCTCCGCCTCTTGGCCGCCG_008,17
CCTCCGCCTCTTGGCCGCCG_009,160
CCTCCGCCTCTTGGCCGCCG_010,106
GGCAGGTTCTGTCCTAGTGC_001,59
GGCAGGTTCTGTCCTAGTGC_002,158
GGCAGGTTCTGTCCTAGTGC_003,98
GGCAGGTTCTGTCCTAGTGC_004,126
GCGGAGCATAGAACGAAACC_001,57
GCGGAGCATAGAACGAAACC_002,121
GCGGAGCATAGAACGAAACC_003,75
GCGGAGCATAGAACGAAACC_004,34
GCGGAGCATAGAACGAAACC_005,56
GCGGAGCATAGAACGAAACC_006,112
GCGGAGCATAGAACGAAACC_007,1
GTTGTCCTCAACAGTAACCG_001,158
GTTGTCCTCAACAGTAACCG_002,84
GTTGTCCTCAACAGTAACCG_003,43
CCAGGGCAGTTCATACCCCA_001,194
CCAGGGCAGTTCATACCCCA_002,98
CCAGGGCAGTTCATACCCCA_003,121
GAGCTGCACCTTCACGATAC_001,177
GAGCTGCACCTTCACGATAC_002,141
GAGCTGCACCTTCACGATAC_003,24
GAGCTGCACCTTCACGATAC_004,59
GAGCTGCACCTTCACGATAC_005,121
GAGCTGCACCTTCACGATAC_006,104
GAGCTGCACCTTCACGATAC_007,42
GAGCTGCACCTTCACGATAC_008,168
GAGCTGCACCTTCACGATAC_009,133
GAGCTGCACCTTCACGATAC_010,170
GAGCTGCACCTTCACGATAC_011,123
GAGCTGCACCTTCACGATAC_012,117
TCAGCCGTGAGCAAAGGTGT_001,111
TCAGCCGTGAGCAAAGGTGT_002,105
TCAGCCGTGAGCAAAGGTGT_003,180
TCAGCCGTGAGCAAAGGTGT_004,41
CTGAATGGTGAGCGTCTGGT_001,174
CTGAATGGTGAGCGTCTGGT_002,134
CTGAATGGTGAGCGTCTGGT_003,162
CTGAATGGTGAGCGTCTGGT_004,66
CTGAATGGTGAGCGTCTGGT_005,78
CTGAATGGTGAGCGTCTGGT_006,5
CTGAATGGTGAGCGTCTGGT_007,149
CTGAATGGTGAGCGTCTGGT_008,171
CTGAATGGTGAGCGTCTGGT_009,184
CTGAATGGTGAGCGTCTGGT_010,123
ACCTATGACGGACATACCGT_001,1
ACCTATGACGGACATACCGT_002,94
ACCTATGACGGACATACCGT_003,155
ACCTATGACGGACATACCGT_004,95
ACCTATGACGGACATACCGT_005,182
ACCTATGACGGACATACCGT_006,173
ACCTATGACGGACATACCGT_007,41
ACCTATGACGGACATACCGT_008,173
ACCTATGACGGACATACCGT_009,8
ACCTATGACGGACATACCGT_010,169
ACCTATGACGGACATACCGT_011,43
ACCTATGACGGACATACCGT_012,142
ACCTATGACGGACATACCGT_013,60
ACCTATGACGGACATACCGT_014,10
ACCTATGACGGACATACCGT_015,63
ACCTATGACGGACATACCGT_016,10
ACCTATGACGGACATACCGT_017,68
ACCTATGACGGACATACCGT_018,169
CGACCCGACGACTTCCTACG_001,37
CGACCCGACGACTTCCTACG_002,116
CGACCCGACGACTTCCTACG_003,72
CGACCCGACGACTTCCTACG_004,81
CGACCCGACGACTTCCTACG_005,145
CGACCCGACGACTTCCTACG_006,88
CGACCCGACGACTTCCTACG_007,111
CGACCCGACGACTTCCTACG_008,81
CGACCCGACGACTTCCTACG_009,2
CGACCCGACGACTTCCTACG_010,74
CGACCCGACGACTTCCTACG_011,23
CGACCCGACGACTTCCTACG_012,149
CGACCCGACGACTTCCTACG_013,182
AGTCGTGGCTGGAGCCCGTG_001,195
AGTCGTGGCTGGAGCCCGTG_002,105
AGTCGTGGCTGGAGCCCGTG_003,160
AGTCGTGGCTGGAGCCCGTG_004,24
AGTCGTGGCTGGAGCCCGTG_005,33
AGTCGTGGCTGGAGCCCGTG_006,191
AGTCGTGGCTGGAGCCCGTG_007,125
AGTCGTGGCTGGAGCCCGTG_008,105
AGTCGTGGCTGGAGCCCGTG_009,198
AGTCGTGGCTGGAGCCCGTG_010,78
AGTCGTGGCTGGAGCCCGTG_011,1
AGTCGTGGCTGGAGCCCGTG_012,130
AGTCGTGGCTGGAGCCCGTG_013,83
GTGTCTCATACAGTGGAATG_001,1
GTGTCTCATACAGTGGAATG_002,176
ACAGCAGCCCTACTGAACAG_001,95
ACAGCAGCCCTACTGAACAG_002,168
ACAGCAGCCCTACTGAACAG_003,162
ACAGCAGCCCTACTGAACAG_004,27
ACAGCAGCCCTACTGAACAG_005,11
ACAGCAGCCCTACTGAACAG_006,169
ACAGCAGCCCTACTGAACAG_007,48
ACAGCAGCCCTACTGAACAG_008,29
ACAGCAGCCCTACTGAACAG_009,82
ACAGCAGCCCTACTGAACAG_010,18
ACAGCAGCCCTACTGAACAG_011,137
ACAGCAGCCCTACTGAACAG_012,91
CAAGCAAACCCTTTACACCA_001,94
CAAGCAAACCCTTTACACCA_002,58
CAAGCAAACCCTTTACACCA_003,183
CAAGCAAACCCTTTACACCA_004,47
CAAGCAAACCCTTTACACCA_005,66
CAAGCAAACCCTTTACACCA_006,95
CAAGCAAACCCTTTACACCA_007,58
CAAGCAAACCCTTTACACCA_008,121
CAAGCAAACCCTTTACACCA_009,17
CAAGCAAACCCTTTACACCA_010,72
CAAGCAAACCCTTTACACCA_011,1
CAAGCAAACCCTTTACACCA_012,169
CAAGCAAACCCTTTACACCA_013,134
CAAGCAAACCCTTTACACCA_014,19
CAAGCAAACCCTTTACACCA_015,168
CAAGCAAACCCTTTACACCA_016,85
AAACAATCAAAGGACCGAGA_001,147
AAACAATCAAAGGACCGAGA_002,103
AAACAATCAAAGGACCGAGA_003,150
AAACAATCAAAGGACCGAGA_004,43
AAACAATCAAAGGACCGAGA_005,80
AAACAATCAAAGGACCGAGA_006,145
AAACAATCAAAGGACCGAGA_007,75
AAACAATCAAAGGACCGAGA_008,68
AAACAATCAAAGGACCGAGA_009,57
AAACAATCAAAGGACCGAGA_010,60
AAACAATCAAAGGACCGAGA_011,5
AAACAATCAAAGGACCGAGA_012,197
AAACAATCAAAGGACCGAGA_013,28
AAACAATCAAAGGACCGAGA_014,96
AAACAATCAAAGGACCGAGA_015,162
AAACAATCAAAGGACCGAGA_016,196
AAACAATCAAAGGACCGAGA_017,74
CCAAACACTCACCTCCCATG_001,184
CCAAACACTCACCTCCCATG_002,176
CCAAACACTCACCTCCCATG_003,107
CCAAACACTCACCTCCCATG_004,149
CCAAACACTCACCTCCCATG_005,85
CCAAACACTCACCTCCCATG_006,99
CCAAACACTCACCTCCCATG_007,148
CCAAACACTCACCTCCCATG_008,22
CCAAACACTCACCTCCCATG_009,90
CCAAACACTCACCTCCCATG_010,183
CCCTGGGAACTACCACAAAG_001,43
CCCTGGGAACTACCACAAAG_002,197
CCCTGGGAACTACCACAAAG_003,183
CCCTGGGAACTACCACAAAG_004,94
CCCTGGGAACTACCACAAAG_005,51
CCCTGGGAACTACCACAAAG_006,8
CCCTGGGAACTACCACAAAG_007,127
CCCTGGGAACTACCACAAAG_008,157
CCCTGGGAACTACCACAAAG_009,169
CCCTGGGAACTACCACAAAG_010,96
CCCTGGGAACTACCACAAAG_011,172
GCCCGCGACTTGAAGAACGG_001,166
GCCCGCGACTTGAAGAACGG_002,137
GCCCGCGACTTGAAGAACGG_003,53
GCCCGCGACTTGAAGAACGG_004,107
GCCCGCGACTTGAAGAACGG_005,17
GCCCGCGACTTGAAGAACGG_006,112
GCCCGCGACTTGAAGAACGG_007,130
GCCCGCGACTTGAAGAACGG_008,77
GCCCGCGACTTGAAGAACGG_009,49
GCCCGCGACTTGAAGAACGG_010,150
GCCCGCGACTTGAAGAACGG_011,48
GCCCGCGACTTGAAGAACGG_012,48
GCCCGCGACTTGAAGAACGG_013,169
GCCCGCGACTTGAAGAACGG_014,171
GCCCGCGACTTGAAGAACGG_015,178
GCCCGCGACTTGAAGAACGG_016,42
GCCCGCGACTTGAAGAACGG_017,198
GCCCGCGACTTGAAGAACGG_018,165
GCCCGCGACTTGAAGAACGG_019,166
GCCCGCGACTTGAAGAACGG_020,3
GCCCGCGACTTGAAGAACGG_021,84
GCCCGCGACTTGAAGAACGG_022,26
GCCCGCGACTTGAAGAACGG_023,130
GCCCGCGACTTGAAGAACGG_024,191
GCCCGCGACTTGAAGAACGG_025,199
GCCCGCGACTTGAAGAACGG_026,21
GCCCGCGACTTGAAGAACGG_027,18
GCCCGCGACTTGAAGAACGG_028,195
GCCCGCGACTTGAAGAACGG_029,12
GCCCGCGACTTGAAGAACGG_030,114
GCCCGCGACTTGAAGAACGG_031,149
GCCCGCGACTTGAAGAACGG_032,149
GCCCGCGACTTGAAGAACGG_033,9
GCCCGCGACTTGAAGAACGG_034,137
GCCCGCGACTTGAAGAACGG_035,49
GCCCGCGACTTGAAGAACGG_036,150
GCCCGCGACTTGAAGAACGG_037,130
GCCCGCGACTTGAAGAACGG_038,179
GCCCGCGACTTGAAGAACGG_039,162
GCCCGCGACTTGAAGAACGG_040,195
CGATACGTGCGCCATCTGCA_001,50
CGATACGTGCGCCATCTGCA_002,131
CGCGACCACACGTCACCCGT_001,13
CGCGACCACACGTCACCCGT_002,170
CGCGACCACACGTCACCCGT_003,179
CGCGACCACACGTCACCCGT_004,125
CGCGACCACACGTCACCCGT_005,148
CGCGACCACACGTCACCCGT_006,12
CGCGACCACACGTCACCCGT_007,63
ACACACCAAGACAGTTGACA_001,43
ACACACCAAGACAGTTGACA_002,86
ACACACCAAGACAGTTGACA_003,185
ACACACCAAGACAGTTGACA_004,58
ACACACCAAGACAGTTGACA_005,161
CAACGTCTATGACCTCCTAA_001,95
CAACGTCTATGACCTCCTAA_002,76
CAACGTCTATGACCTCCTAA_003,56
CAACGTCTATGACCTCCTAA_004,123
CAACGTCTATGACCTCCTAA_005,191
CAACGTCTATGACCTCCTAA_006,193
CAACGTCTATGACCTCCTAA_007,29
CAACGTCTATGACCTCCTAA_008,168
CAACGTCTATGACCTCCTAA_009,88
CAACGTCTATGACCTCCTAA_010,40
CAACGTCTATGACCTCCTAA_011,178
CAACGTCTATGACCTCCTAA_012,0
ACATGCACAAACTTGTATGG_001,130
ACATGCACAAACTTGTATGG_002,77
ACATGCACAAACTTGTATGG_003,80
ACATGCACAAACTTGTATGG_004,150
ACATGCACAAACTTGTATGG_005,7
ACATGCACAAACTTGTATGG_006,138
ACATGCACAAACTTGTATGG_007,168
ACATGCACAAACTTGTATGG_008,166
GGGGAGAGGACACTTACCGA_001,8
GGGGAGAGGACACTTACCGA_002,84
GGGGAGAGGACACTTACCGA_003,11
GGGGAGAGGACACTTACCGA_004,161
GGGGAGAGGACACTTACCGA_005,177
GGGGAGAGGACACTTACCGA_006,180
GTCACCTGGATCGACCAGGA_001,146
GGGATTGCGCTCAGTCCCAG_001,40
GGGATTGCGCTCAGTCCCAG_002,92
GGGATTGCGCTCAGTCCCAG_003,86
GGGATTGCGCTCAGTCCCAG_004,188
CGGATTCAAAGCTTCCCCGG_001,105
CGGATTCAAAGCTTCCCCGG_002,102
CGGATTCAAAGCTTCCCCGG_003,198
CGGATTCAAAGCTTCCCCGG_004,9
CGGATTCAAAGCTTCCCCGG_005,38
CGGATTCAAAGCTTCCCCGG_006,58
CGGATTCAAAGCTTCCCCGG_007,62
CGGATTCAAAGCTTCCCCGG_008,50
CGGATTCAAAGCTTCCCCGG_009,102
CGGATTCAAAGCTTCCCCGG_010,114
CGGATTCAAAGCTTCCCCGG_011,188
CGGATTCAAAGCTTCCCCGG_012,113
CGGATTCAAAGCTTCCCCGG_013,65
CGGATTCAAAGCTTCCCCGG_014,152
CGGATTCAAAGCTTCCCCGG_015,77
CGGATTCAAAGCTTCCCCGG_016,67
CGGATTCAAAGCTTCCCCGG_017,180
TGTGTCTTTCCGTTTGCAAG_001,62
TGTGTCTTTCCGTTTGCAAG_002,51
TGTGTCTTTCCGTTTGCAAG_003,194
TGTGTCTTTCCGTTTGCAAG_004,145
TGTGTCTTTCCGTTTGCAAG_005,27
TGTGTCTTTCCGTTTGCAAG_006,55
AGTTGTCCTGTAGTTCGAAT_001,175
AGTTGTCCTGTAGTTCGAAT_002,56
AGTTGTCCTGTAGTTCGAAT_003,177
AGTTGTCCTGTAGTTCGAAT_004,190
AGTTGTCCTGTAGTTCGAAT_005,170
AGTTGTCCTGTAGTTCGAAT_006,159
AGTTGTCCTGTAGTTCGAAT_007,144
AGTTGTCCTGTAGTTCGAAT_008,8
AAGGTGCAAGACTGTCCGTG_001,29
AAGGTGCAAGACTGTCCGTG_002,88
AAGGTGCAAGACTGTCCGTG_003,172
AAGGTGCAAGACTGTCCGTG_004,9
AAGGTGCAAGACTGTCCGTG_005,40
AAGGTGCAAGACTGTCCGTG_006,198
AAGGTGCAAGACTGTCCGTG_007,47
AAGGTGCAAGACTGTCCGTG_008,150
AAGGTGCAAGACTGTCCGTG_009,144
AAGGTGCAAGACTGTCCGTG_010,123
AGGGGATGCCAGTAAGCGAA_001,191
AGGGGATGCCAGTAAGCGAA_002,54
AGGGGATGCCAGTAAGCGAA_003,170
AGGGGATGCCAGTAAGCGAA_004,80
AGGGGATGCCAGTAAGCGAA_005,75
AGGGGATGCCAGTAAGCGAA_006,59
AGGGGATGCCAGTAAGCGAA_007,111
AGGGGATGCCAGTAAGCGAA_008,68
AGGGGATGCCAGTAAGCGAA_009,11
AGGGGATGCCAGTAAGCGAA_010,118
AGGGGATGCCAGTAAGCGAA_011,24
AGGGGATGCCAGTAAGCGAA_012,186
ATCTACACAGAAAAGTGACA_001,4
ATCTACACAGAAAAGTGACA_002,181
ATCTACACAGAAAAGTGACA_003,172
CCTGCATTCTGCCTTAGTCA_001,144
CCTGCATTCTGCCTTAGTCA_002,121
CCTGCATTCTGCCTTAGTCA_003,50
CCTGCATTCTGCCTTAGTCA_004,105
CCTGCATTCTGCCTTAGTCA_005,152
CTACGTAAGCAGACACTCTG_001,76
CTACGTAAGCAGACACTCTG_002,48
CTACGTAAGCAGACACTCTG_003,50
CTACGTAAGCAGACACTCTG_004,107
CTACGTAAGCAGACACTCTG_005,26
CTACGTAAGCAGACACTCTG_006,6
CTACGTAAGCAGACACTCTG_007,48
CTACGTAAGCAGACACTCTG_008,135
CTACGTAAGCAGACACTCTG_009,80
CTACGTAAGCAGACACTCTG_010,144
CTACGTAAGCAGACACTCTG_011,144
CTACGTAAGCAGACACTCTG_012,123
CTACGTAAGCAGACACTCTG_013,135
CTACGTAAGCAGACACTCTG_014,135
CTACGTAAGCAGACACTCTG_015,116
CTACGTAAGCAGACACTCTG_016,128
CTACGTAAGCAGACACTCTG_017,41
CTACGTAAGCAGACACTCTG_018,130
CTACGTAAGCAGACACTCTG_019,158
CTACGTAAGCAGACACTCTG_020,186
CTACGTAAGCAGACACTCTG_021,17
CTACGTAAGCAGACACTCTG_022,2
CTACGTAAGCAGACACTCTG_023,121
CTACGTAAGCAGACACTCTG_024,49
CTACGTAAGCAGACACTCTG_025,11
CTACGTAAGCAGACACTCTG_026,15
CTACGTAAGCAGACACTCTG_027,47
CTACGTAAGCAGACACTCTG_028,168
CTACGTAAGCAGACACTCTG_029,170
CTACGTAAGCAGACACTCTG_030,18
CTACGTAAGCAGACACTCTG_031,144
GCAGTACCCACCAAGCACAC_001,76
GCAGTACCCACCAAGCACAC_002,5
GCAGTACCCACCAAGCACAC_003,36
GCAGTACCCACCAAGCACAC_004,152
GCAGTACCCACCAAGCACAC_005,16
GCAGTACCCACCAAGCACAC_006,142
GCAGTACCCACCAAGCACAC_007,181
GCAGTACCCACCAAGCACAC_008,194
GCAGTACCCACCAAGCACAC_009,7
GCAGTACCCACCAAGCACAC_010,30
GCAGTACCCACCAAGCACAC_011,169
GCAGTACCCACCAAGCACAC_012,106
GCAGTACCCACCAAGCACAC_013,199
GCAGTACCCACCAAGCACAC_014,166
GCAGTACCCACCAAGCACAC_015,18
GCAGTACCCACCAAGCACAC_016,160
GCAGTACCCACCAAGCACAC_017,7
GCAGTACCCACCAAGCACAC_018,65
GCAGTACCCACCAAGCACAC_019,44
GCAGTACCCACCAAGCACAC_020,132
GCAGTACCCACCAAGCACAC_021,49
GCAGTACCCACCAAGCACAC_022,52
GCAGTACCCACCAAGCACAC_023,124
GCAGTACCCACCAAGCACAC_024,126
GCAGTACCCACCAAGCACAC_025,124
GCAGTACCCACCAAGCACAC_026,161
GCAGTACCCACCAAGCACAC_027,10
GCAGTACCCACCAAGCACAC_028,68
GCAGTACCCACCAAGCACAC_029,106
GCAGTACCCACCAAGCACAC_030,29
GCAGTACCCACCAAGCACAC_031,191
GCAGTACCCACCAAGCACAC_032,163
GTCACAGCAGTAGAGTACCA_001,94
GTCACAGCAGTAGAGTACCA_002,113
GTCACAGCAGTAGAGTACCA_003,75
GTCACAGCAGTAGAGTACCA_004,150
GTCACAGCAGTAGAGTACCA_005,95
GTCACAGCAGTAGAGTACCA_006,74
GTCACAGCAGTAGAGTACCA_007,147
GTCACAGCAGTAGAGTACCA_008,175
GTCACAGCAGTAGAGTACCA_009,17
GTCACAGCAGTAGAGTACCA_010,170
GTCACAGCAGTAGAGTACCA_011,147
GTCACAGCAGTAGAGTACCA_012,161
GTCACAGCAGTAGAGTACCA_013,47
TTTGATATGCAAAATACAGG_001,178
GATAAAAAGTACTGCTGAGA_001,83
GATAAAAAGTACTGCTGAGA_002,37
GATAAAAAGTACTGCTGAGA_003,44
GATAAAAAGTACTGCTGAGA_004,61
GATAAAAAGTACTGCTGAGA_005,177
AAGGACCAAAACACACCCAG_001,142
AAGGACCAAAACACACCCAG_002,41
AAGGACCAAAACACACCCAG_003,172
AAGGACCAAAACACACCCAG_004,103
AAGGACCAAAACACACCCAG_005,182
AAGGACCAAAACACACCCAG_006,58
AAGGACCAAAACACACCCAG_007,159
AAGGACCAAAACACACCCAG_008,49
AAGGACCAAAACACACCCAG_009,56
AAGGACCAAAACACACCCAG_010,92
AAGGACCAAAACACACCCAG_011,76
AAGGACCAAAACACACCCAG_012,176
AAGGACCAAAACACACCCAG_013,22
AAGGACCAAAACACACCCAG_014,62
AAGGACCAAAACACACCCAG_015,140
AAGGACCAAAACACACCCAG_016,168
AAGGACCAAAACACACCCAG_017,104
AAGGACCAAAACACACCCAG_018,104
AAGGACCAAAACACACCCAG_019,21
AAGGACCAAAACACACCCAG_020,41
AAGGACCAAAACACACCCAG_021,76
AAGGACCAAAACACACCCAG_022,156
AAGGACCAAAACACACCCAG_023,14
AAGGACCAAAACACACCCAG_024,146
AAGGACCAAAACACACCCAG_025,45
AAGGACCAAAACACACCCAG_026,9
AAGGACCAAAACACACCCAG_027,194
AAGGACCAAAACACACCCAG_028,17
AAGGACCAAAACACACCCAG_029,106
AAGGACCAAAACACACCCAG_030,167
AAGGACCAAAACACACCCAG_031,173
AAGGACCAAAACACACCCAG_032,29
AAGGACCAAAACACACCCAG_033,3
AAGGACCAAAACACACCCAG_034,5
AAGGACCAAAACACACCCAG_035,3
AAGGACCAAAACACACCCAG_036,175
AAGGACCAAAACACACCCAG_037,158
AAGGACCAAAACACACCCAG_038,102
AAGGACCAAAACACACCCAG_039,64
AAGGACCAAAACACACCCAG_040,4
ATGGACACATTAAAGACCAA_001,21
ATGGACACATTAAAGACCAA_002,132
ATGGACACATTAAAGACCAA_003,160
ATGGACACATTAAAGACCAA_004,55
ATGGACACATTAAAGACCAA_005,1
ATGGACACATTAAAGACCAA_006,174
ATGGACACATTAAAGACCAA_007,138
ATGGACACATTAAAGACCAA_008,152
ATGGACACATTAAAGACCAA_009,96
ATGGACACATTAAAGACCAA_010,39
AGGATGAATCTTCCCAACAG_001,81
AGGATGAATCTTCCCAACAG_002,123
AGGATGAATCTTCCCAACAG_003,2
AGGATGAATCTTCCCAACAG_004,48
AGGATGAATCTTCCCAACAG_005,27
AGGATGAATCTTCCCAACAG_006,36
AGGATGAATCTTCCCAACAG_007,5
CCTTCGATGATATTGGACAC_001,8
AGTTCTGCAGATATGTCAGT_001,174
AGTTCTGCAGATATGTCAGT_002,67
GGAGTTGGAACGTAAATGCA_001,79
GGAGTTGGAACGTAAATGCA_002,35
GGAGTTGGAACGTAAATGCA_003,40
GGAGTTGGAACGTAAATGCA_004,63
GGAGTTGGAACGTAAATGCA_005,1
GGAGTTGGAACGTAAATGCA_006,182
GGAGTTGGAACGTAAATGCA_007,58
GGAGTTGGAACGTAAATGCA_008,176
GGAGTTGGAACGTAAATGCA_009,91
GGAGTTGGAACGTAAATGCA_010,107
GGAGTTGGAACGTAAATGCA_011,43
GGAGTTGGAACGTAAATGCA_012,26
GGAGTTGGAACGTAAATGCA_013,118
GGAGTTGGAACGTAAATGCA_014,62
GGAGTTGGAACGTAAATGCA_015,22
GGAGTTGGAACGTAAATGCA_016,138
GGAGTTGGAACGTAAATGCA_017,37
TGTGTCCCAAGACCTCCTGA_001,62
TGTGTCCCAAGACCTCCTGA_002,122
TGTGTCCCAAGACCTCCTGA_003,74
TGTGTCCCAAGACCTCCTGA_004,176
TGTGTCCCAAGACCTCCTGA_005,182
TGTGTCCCAAGACCTCCTGA_006,13
TGTGTCCCAAGACCTCCTGA_007,103
TGTGTCCCAAGACCTCCTGA_008,185
TGTGTCCCAAGACCTCCTGA_009,58
TGTGTCCCAAGACCTCCTGA_010,32
TGTGTCCCAAGACCTCCTGA_011,145
TGTGTCCCAAGACCTCCTGA_012,151
TGTGTCCCAAGACCTCCTGA_013,138
TGTGTCCCAAGACCTCCTGA_014,138
TGTGTCCCAAGACCTCCTGA_015,144
TGTGTCCCAAGACCTCCTGA_016,65
TGTGTCCCAAGACCTCCTGA_017,127
TGTGTCCCAAGACCTCCTGA_018,158
TGTGTCCCAAGACCTCCTGA_019,141
TGTGTCCCAAGACCTCCTGA_020,105
TGTGTCCCAAGACCTCCTGA_021,165
TGTGTCCCAAGACCTCCTGA_022,48
TGTGTCCCAAGACCTCCTGA_023,149
TGTGTCCCAAGACCTCCTGA_024,37
ACCACAGACTATGACTTGGT_001,65
ACCACAGACTATGACTTGGT_002,174
ACCACAGACTATGACTTGGT_003,90
CAGGGACTATGTCACCGGTG_001,29
CAGGGACTATGTCACCGGTG_002,27
CAGGGACTATGTCACCGGTG_003,56
GGCTGGGACCAAAATACATG_001,126
GGCTGGGACCAAAATACATG_002,69
ATGGGGAGCGTCGCTCAGGG_001,145
ATGGGGAGCGTCGCTCAGGG_002,37
ATGGGGAGCGTCGCTCAGGG_003,112
ATGGGGAGCGTCGCTCAGGG_004,19
ATGGGGAGCGTCGCTCAGGG_005,29
ATGGGGAGCGTCGCTCAGGG_006,171
ATGGGGAGCGTCGCTCAGGG_007,29
ATGGGGAGCGTCGCTCAGGG_008,117
ATGGGGAGCGTCGCTCAGGG_009,81
ATGGGGAGCGTCGCTCAGGG_010,166
ATGGGGAGCGTCGCTCAGGG_011,1
ATGGGGAGCGTCGCTCAGGG_012,144
ATGGGGAGCGTCGCTCAGGG_013,116
ATGGGGAGCGTCGCTCAGGG_014,150
ATGGGGAGCGTCGCTCAGGG_015,75
ATGGGGAGCGTCGCTCAGGG_016,108
ATGGGGAGCGTCGCTCAGGG_017,95
ATGGGGAGCGTCGCTCAGGG_018,15
ATGGGGAGCGTCGCTCAGGG_019,198
ATGGGGAGCGTCGCTCAGGG_020,148
ATGGGGAGCGTCGCTCAGGG_021,184
ATGGGGAGCGTCGCTCAGGG_022,169
ATGGGGAGCGTCGCTCAGGG_023,157
ATGGGGAGCGTCGCTCAGGG_024,182
ATGGGGAGCGTCGCTCAGGG_025,183
ATGGGGAGCGTCGCTCAGGG_026,158
ATGGGGAGCGTCGCTCAGGG_027,107
ATGGGGAGCGTCGCTCAGGG_028,197
ATGGGGAGCGTCGCTCAGGG_029,188
ATGGGGAGCGTCGCTCAGGG_030,154
GTGACCTTGCAGGCACTACG_001,108
GTGACCTTGCAGGCACTACG_002,47
GTGACCTTGCAGGCACTACG_003,8
GTGACCTTGCAGGCACTACG_004,36
GTGACCTTGCAGGCACTACG_005,22
GTGACCTTGCAGGCACTACG_006,43
GTGACCTTGCAGGCACTACG_007,172
GTGACCTTGCAGGCACTACG_008,76
GTGACCTTGCAGGCACTACG_009,179
GTGACCTTGCAGGCACTACG_010,10
GTGACCTTGCAGGCACTACG_011,49
GTGACCTTGCAGGCACTACG_012,77
GTGACCTTGCAGGCACTACG_013,5
GTTACCGAGTCATCCATCAA_001,23
GTTACCGAGTCATCCATCAA_002,114
GTTACCGAGTCATCCATCAA_003,147
GTTACCGAGTCATCCATCAA_004,48
GTTACCGAGTCATCCATCAA_005,17
GTTACCGAGTCATCCATCAA_006,56
GTTACCGAGTCATCCATCAA_007,144
GTTACCGAGTCATCCATCAA_008,170
GTTACCGAGTCATCCATCAA_009,168
GTTACCGAGTCATCCATCAA_010,134
GTTACCGAGTCATCCATCAA_011,3
GTTACCGAGTCATCCATCAA_012,144
GTACAAGGCAACGTACGGCA_001,15
GTACAAGGCAACGTACGGCA_002,53
GTACAAGGCAACGTACGGCA_003,163
GTACAAGGCAACGTACGGCA_004,92
GTACAAGGCAACGTACGGCA_005,98
GTACAAGGCAACGTACGGCA_006,158
GTACAAGGCAACGTACGGCA_007,128
GTACAAGGCAACGTACGGCA_008,84
GTACAAGGCAACGTACGGCA_009,198
GTACAAGGCAACGTACGGCA_010,168
GTACAAGGCAACGTACGGCA_011,62
TCCCGCAGCGGGACACACGG_001,114
TCCCGCAGCGGGACACACGG_002,130
TCCCGCAGCGGGACACACGG_003,158
TCCCGCAGCGGGACACACGG_004,148
TCCCGCAGCGGGACACACGG_005,175
TCCCGCAGCGGGACACACGG_006,7
TCCCGCAGCGGGACACACGG_007,148
TCCCGCAGCGGGACACACGG_008,102
TCCCGCAGCGGGACACACGG_009,162
TCCCGCAGCGGGACACACGG_010,169
TCCCGCAGCGGGACACACGG_011,41
TCCCGCAGCGGGACACACGG_012,102
TCCCGCAGCGGGACACACGG_013,26
TCCCGCAGCGGGACACACGG_014,80
TCCCGCAGCGGGACACACGG_015,111
CACCACTCGGCGGAGCACAA_001,149
CACCACTCGGCGGAGCACAA_002,76
CACCACTCGGCGGAGCACAA_003,58
CACCACTCGGCGGAGCACAA_004,103
CACCACTCGGCGGAGCACAA_005,188
CACCACTCGGCGGAGCACAA_006,24
CACCACTCGGCGGAGCACAA_007,148
CACCACTCGGCGGAGCACAA_008,88
CACCACTCGGCGGAGCACAA_009,44
CACCACTCGGCGGAGCACAA_010,148
CACCACTCGGCGGAGCACAA_011,196
CACCACTCGGCGGAGCACAA_012,82
CACCACTCGGCGGAGCACAA_013,194
CACCACTCGGCGGAGCACAA_014,2
CACCACTCGGCGGAGCACAA_015,102
CACCACTCGGCGGAGCACAA_016,158
CACCACTCGGCGGAGCACAA_017,121
CACCACTCGGCGGAGCACAA_018,188
CACCACTCGGCGGAGCACAA_019,83
CACCACTCGGCGGAGCACAA_020,49
CACCACTCGGCGGAGCACAA_021,60
CACCACTCGGCGGAGCACAA_022,105
CACCACTCGGCGGAGCACAA_023,63
CACCACTCGGCGGAGCACAA_024,166
CACCACTCGGCGGAGCACAA_025,166
CACCACTCGGCGGAGCACAA_026,124
CACCACTCGGCGGAGCACAA_027,94
ATGGACCTAATCAAGCTCAC_001,74
ATGGACCTAATCAAGCTCAC_002,51
ATGGACCTAATCAAGCTCAC_003,78
CCAAGCCAACAAGGCTACAC_001,132
CCAAGCCAACAAGGCTACAC_002,29
CCAAGCCAACAAGGCTACAC_003,38
CCAAGCCAACAAGGCTACAC_004,61
CCAAGCCAACAAGGCTACAC_005,31
CCAAGCCAACAAGGCTACAC_006,162
CCAAGCCAACAAGGCTACAC_007,40
CTTTCAGGAGCAGAGTGTCG_001,139
CTTTCAGGAGCAGAGTGTCG_002,159
CTTTCAGGAGCAGAGTGTCG_003,199
CTTTCAGGAGCAGAGTGTCG_004,11
CTTTCAGGAGCAGAGTGTCG_005,64
CTTTCAGGAGCAGAGTGTCG_006,104
CTTTCAGGAGCAGAGTGTCG_007,51
CTTTCAGGAGCAGAGTGTCG_008,166
CTTTCAGGAGCAGAGTGTCG_009,139
CTTTCAGGAGCAGAGTGTCG_010,13
CTTTCAGGAGCAGAGTGTCG_011,22
CTTTCAGGAGCAGAGTGTCG_012,79
CTTTCAGGAGCAGAGTGTCG_013,26
CTTTCAGGAGCAGAGTGTCG_014,84
CTTTCAGGAGCAGAGTGTCG_015,58
CTTTCAGGAGCAGAGTGTCG_016,49
CTTTCAGGAGCAGAGTGTCG_017,25
CTTTCAGGAGCAGAGTGTCG_018,56
CTTTCAGGAGCAGAGTGTCG_019,159
CTTTCAGGAGCAGAGTGTCG_020,33
CTTTCAGGAGCAGAGTGTCG_021,28
CTTTCAGGAGCAGAGTGTCG_022,182
CTTTCAGGAGCAGAGTGTCG_023,93
CTTTCAGGAGCAGAGTGTCG_024,184
GTCCCAGATTGTGAATCGAG_001,70
GTCCCAGATTGTGAATCGAG_002,111
GTCCCAGATTGTGAATCGAG_003,63
GTCCCAGATTGTGAATCGAG_004,78
GTCCCAGATTGTGAATCGAG_005,70
GTCCCAGATTGTGAATCGAG_006,67
GTCCCAGATTGTGAATCGAG_007,57
GTCCCAGATTGTGAATCGAG_008,8
GTCCCAGATTGTGAATCGAG_009,169
GTCCCAGATTGTGAATCGAG_010,191
GTCCCAGATTGTGAATCGAG_011,12
GTCCCAGATTGTGAATCGAG_012,130
GTCCCAGATTGTGAATCGAG_013,149
GTCCCAGATTGTGAATCGAG_014,188
GTCCCAGATTGTGAATCGAG_015,155
TTGAGCATCTCATAGTTGGG_001,12
TTGAGCATCTCATAGTTGGG_002,22
GCTGCGAAACAGCTAACGAA_001,11
GCTGCGAAACAGCTAACGAA_002,29
GCTGCGAAACAGCTAACGAA_003,78
GCTGCGAAACAGCTAACGAA_004,183
GCTGCGAAACAGCTAACGAA_005,8
GCTGCGAAACAGCTAACGAA_006,77
TGGGGCTGACGCGATTCTAG_001,174
TGGGGCTGACGCGATTCTAG_002,172
TGGGGCTGACGCGATTCTAG_003,71
GAACCAGTCGCAGCTCACGT_001,102
GAACCAGTCGCAGCTCACGT_002,150
GAACCAGTCGCAGCTCACGT_003,84
GAACCAGTCGCAGCTCACGT_004,82
GAACCAGTCGCAGCTCACGT_005,115
GAACCAGTCGCAGCTCACGT_006,45
GAACCAGTCGCAGCTCACGT_007,63
CCGCCGTCAGCAGCACCGAG_001,58
CCGCCGTCAGCAGCACCGAG_002,42
CCGCCGTCAGCAGCACCGAG_003,12
CCGCCGTCAGCAGCACCGAG_004,19
CCGCCGTCAGCAGCACCGAG_005,183
CCGCCGTCAGCAGCACCGAG_006,29
CCGCCGTCAGCAGCACCGAG_007,9
CCGCCGTCAGCAGCACCGAG_008,174
CCGCCGTCAGCAGCACCGAG_009,35
CGAGCGCTACGAGCCACTGG_001,34
CGAGCGCTACGAGCCACTGG_002,178
TTAACTAGGTGACTTTCGGA_001,105
TTAACTAGGTGACTTTCGGA_002,78
TTAACTAGGTGACTTTCGGA_003,94
TTAACTAGGTGACTTTCGGA_004,72
TTAACTAGGTGACTTTCGGA_005,94
TTAACTAGGTGACTTTCGGA_006,45
TTAACTAGGTGACTTTCGGA_007,24
TTAACTAGGTGACTTTCGGA_008,145
TTAACTAGGTGACTTTCGGA_009,29
TTAACTAGGTGACTTTCGGA_010,16
TTAACTAGGTGACTTTCGGA_011,77
TTAACTAGGTGACTTTCGGA_012,185
TTAACTAGGTGACTTTCGGA_013,54
GTAATATGATTTGACGATGG_001,114
GTAATATGATTTGACGATGG_002,139
GTAATATGATTTGACGATGG_003,111
GTAATATGATTTGACGATGG_004,125
AGAAGGCGGCGTAGGCACGT_001,198
AGAAGGCGGCGTAGGCACGT_002,175
AGAAGGCGGCGTAGGCACGT_003,50
AGAAGGCGGCGTAGGCACGT_004,170
AGAAGGCGGCGTAGGCACGT_005,15
AGAAGGCGGCGTAGGCACGT_006,3
AGAAGGCGGCGTAGGCACGT_007,189
AGAAGGCGGCGTAGGCACGT_008,167
AGAAGGCGGCGTAGGCACGT_009,6
AGAAGGCGGCGTAGGCACGT_010,36
AGAAGGCGGCGTAGGCACGT_011,80
AGAAGGCGGCGTAGGCACGT_012,80
AGAAGGCGGCGTAGGCACGT_013,6
AGAAGGCGGCGTAGGCACGT_014,34
AGAAGGCGGCGTAGGCACGT_015,81
AGAAGGCGGCGTAGGCACGT_016,58
AGAAGGCGGCGTAGGCACGT_017,114
AGAAGGCGGCGTAGGCACGT_018,72
AGAAGGCGGCGTAGGCACGT_019,72
AGAAGGCGGCGTAGGCACGT_020,16
AGAAGGCGGCGTAGGCACGT_021,9
AGAAGGCGGCGTAGGCACGT_022,135
AGAAGGCGGCGTAGGCACGT_023,54
AGAAGGCGGCGTAGGCACGT_024,67
AGAAGGCGGCGTAGGCACGT_025,67
AGAAGGCGGCGTAGGCACGT_026,73
AGAAGGCGGCGTAGGCACGT_027,50
AGAAGGCGGCGTAGGCACGT_028,15
AGAAGGCGGCGTAGGCACGT_029,198
AGAAGGCGGCGTAGGCACGT_030,146
AGAAGGCGGCGTAGGCACGT_031,17
AGAAGGCGGCGTAGGCACGT_032,172
GTTTGGGAAGAATGGAGTGT_001,169
GTTTGGGAAGAATGGAGTGT_002,121
GTTTGGGAAGAATGGAGTGT_003,186
GTTTGGGAAGAATGGAGTGT_004,55
GTTTGGGAAGAATGGAGTGT_005,90
GTTTGGGAAGAATGGAGTGT_006,28
CCGGACACTGCGCTCCCTAG_001,40
CCGGACACTGCGCTCCCTAG_002,70
CCGGACACTGCGCTCCCTAG_003,147
CCGGACACTGCGCTCCCTAG_004,162
CCGGACACTGCGCTCCCTAG_005,49
CCGGACACTGCGCTCCCTAG_006,166
CCGGACACTGCGCTCCCTAG_007,57
AGGCCAAGGAGACAGGAAAG_001,94
AGGCCAAGGAGACAGGAAAG_002,94
AGGCCAAGGAGACAGGAAAG_003,0
AGGCCAAGGAGACAGGAAAG_004,140
AGGCCAAGGAGACAGGAAAG_005,84
AGGCCAAGGAGACAGGAAAG_006,191
GTTTAAAGAAAGGGGCTAAG_001,62
GTTTAAAGAAAGGGGCTAAG_002,51
GTTTAAAGAAAGGGGCTAAG_003,156
GTTTAAAGAAAGGGGCTAAG_004,161
GTTTAAAGAAAGGGGCTAAG_005,183
GTTTAAAGAAAGGGGCTAAG_006,92
GTTTAAAGAAAGGGGCTAAG_007,102
GTTTAAAGAAAGGGGCTAAG_008,50
GTTTAAAGAAAGGGGCTAAG_009,105
GTTTAAAGAAAGGGGCTAAG_010,130
GTTTAAAGAAAGGGGCTAAG_011,111
AACAGCCCTATAGTTAGCTG_001,119
AACAGCCCTATAGTTAGCTG_002,96
AAATGCACAGATCGCTGATC_001,17
AAATGCACAGATCGCTGATC_002,185
AAATGCACAGATCGCTGATC_003,157
AAATGCACAGATCGCTGATC_004,29
AAATGCACAGATCGCTGATC_005,77
AAATGCACAGATCGCTGATC_006,61
AAATGCACAGATCGCTGATC_007,94
AAATGCACAGATCGCTGATC_008,99
TGACTTGAGTAAGTGTTCAA_001,199
TGACTTGAGTAAGTGTTCAA_002,162
TGACTTGAGTAAGTGTTCAA_003,87
TGACTTGAGTAAGTGTTCAA_004,29
GCGGCCCTTTAAGTCTCTCG_001,94
GCGGCCCTTTAAGTCTCTCG_002,129
GCGGCCCTTTAAGTCTCTCG_003,75
GCGGCCCTTTAAGTCTCTCG_004,79
GCGGCCCTTTAAGTCTCTCG_005,155
GCGGCCCTTTAAGTCTCTCG_006,50
GCGGCCCTTTAAGTCTCTCG_007,192
GCGGCCCTTTAAGTCTCTCG_008,156
GGCGGCGTCTACGAGCACCT_001,81
GGCGGCGTCTACGAGCACCT_002,92
GGCGGCGTCTACGAGCACCT_003,144
GGCGGCGTCTACGAGCACCT_004,172
ACAACCGAGAATAAATTCAG_001,28
ACAACCGAGAATAAATTCAG_002,61
ACAACCGAGAATAAATTCAG_003,29
ACAACCGAGAATAAATTCAG_004,116
ACAACCGAGAATAAATTCAG_005,98
ACAACCGAGAATAAATTCAG_006,164
ACAACCGAGAATAAATTCAG_007,29
ACAACCGAGAATAAATTCAG_008,2
GGAAACTATTGAGTCCCCCG_001,172
GGAAACTATTGAGTCCCCCG_002,35
GGCAGCAAAGGACATCCGCG_001,28
GGCAGCAAAGGACATCCGCG_002,3
GGCAGCAAAGGACATCCGCG_003,121
GGCAGCAAAGGACATCCGCG_004,128
GGCAGCAAAGGACATCCGCG_005,178
GGCAGCAAAGGACATCCGCG_006,68
GGCAGCAAAGGACATCCGCG_007,81
GGCAGCAAAGGACATCCGCG_008,45
GGCAGCAAAGGACATCCGCG_009,149
GGCAGCAAAGGACATCCGCG_010,58
GGCAGCAAAGGACATCCGCG_011,134
GGCAGCAAAGGACATCCGCG_012,93
GGCAGCAAAGGACATCCGCG_013,29
GGCAGCAAAGGACATCCGCG_014,6
GGCAGCAAAGGACATCCGCG_015,88
GGCAGCAAAGGACATCCGCG_016,158
GGCAGCAAAGGACATCCGCG_017,146
GGCAGCAAAGGACATCCGCG_018,155
GGCAGCAAAGGACATCCGCG_019,9
ACTAAACTGTACATCATGCA_001,70
ACTAAACTGTACATCATGCA_002,69
CCAAATGGACCGAGGCCGGA_001,93
CCAAATGGACCGAGGCCGGA_002,93
CCAAATGGACCGAGGCCGGA_003,70
CCAAATGGACCGAGGCCGGA_004,81
CCAAATGGACCGAGGCCGGA_005,42
CCAAATGGACCGAGGCCGGA_006,53
CCAAATGGACCGAGGCCGGA_007,75
CCAAATGGACCGAGGCCGGA_008,165
CCAAATGGACCGAGGCCGGA_009,46
CCAAATGGACCGAGGCCGGA_010,127
CCAAATGGACCGAGGCCGGA_011,38
CCAAATGGACCGAGGCCGGA_012,60
CCAAATGGACCGAGGCCGGA_013,59
CCAAATGGACCGAGGCCGGA_014,192
CCAAATGGACCGAGGCCGGA_015,62
CCAAATGGACCGAGGCCGGA_016,126
CCAAATGGACCGAGGCCGGA_017,77
CCAAATGGACCGAGGCCGGA_018,64
CCAAATGGACCGAGGCCGGA_019,111
CCAAATGGACCGAGGCCGGA_020,198
CCAAATGGACCGAGGCCGGA_021,144
CCAAATGGACCGAGGCCGGA_022,178
CCAAATGGACCGAGGCCGGA_023,72
CCAAATGGACCGAGGCCGGA_024,160
CCAAATGGACCGAGGCCGGA_025,143
CCAAATGGACCGAGGCCGGA_026,81
CCAAATGGACCGAGGCCGGA_027,105
CCAAATGGACCGAGGCCGGA_028,40
CCAAATGGACCGAGGCCGGA_029,70
ACACGGCAGCGTGTAATTCT_001,119
ACACGGCAGCGTGTAATTCT_002,0
GCTGTGCCGGCAGATCCAGG_001,28
GCTGTGCCGGCAGATCCAGG_002,186
GCTGTGCCGGCAGATCCAGG_003,157
GCTGTGCCGGCAGATCCAGG_004,135
GCTGTGCCGGCAGATCCAGG_005,35
GCTGTGCCGGCAGATCCAGG_006,50
GCTGTGCCGGCAGATCCAGG_007,184
GCTGTGCCGGCAGATCCAGG_008,130
CTTTGAAAGCCATGTACACG_001,189
CTTTGAAAGCCATGTACACG_002,81
CTTTGAAAGCCATGTACACG_003,144
CTTTGAAAGCCATGTACACG_004,153
CTTTGAAAGCCATGTACACG_005,135
CTTTGAAAGCCATGTACACG_006,83
CTTTGAAAGCCATGTACACG_007,149
GTGAAAAGATACTTGACACC_001,108
GTGAAAAGATACTTGACACC_002,146
CAGGTCCGAGGCATTCCCGA_001,126
CAGGTCCGAGGCATTCCCGA_002,102
CAGGTCCGAGGCATTCCCGA_003,102
CATCTTGGAACACGACCGCA_001,198
CATCTTGGAACACGACCGCA_002,161
CATCTTGGAACACGACCGCA_003,22
CATCTTGGAACACGACCGCA_004,149
CATCTTGGAACACGACCGCA_005,169
CATCTTGGAACACGACCGCA_006,175
CATCTTGGAACACGACCGCA_007,166
CATCTTGGAACACGACCGCA_008,82
CATCTTGGAACACGACCGCA_009,72
CATCTTGGAACACGACCGCA_010,94
CATCTTGGAACACGACCGCA_011,144
TTCGGCACTCACTTTGTCAA_001,49
TTCGGCACTCACTTTGTCAA_002,101
TTCGGCACTCACTTTGTCAA_003,48
TTCGGCACTCACTTTGTCAA_004,1
TTCGGCACTCACTTTGTCAA_005,136
TTCGGCACTCACTTTGTCAA_006,66
TTCGGCACTCACTTTGTCAA_007,6
TTCGGCACTCACTTTGTCAA_008,41
TCCCAAAGGAAAATCTCCTT_001,65
TCCCAAAGGAAAATCTCCTT_002,198
TCCCAAAGGAAAATCTCCTT_003,58
TCCCAAAGGAAAATCTCCTT_004,148
TCCCAAAGGAAAATCTCCTT_005,22
TCCCAAAGGAAAATCTCCTT_006,50
TCCCAAAGGAAAATCTCCTT_007,130
CGGGGAAAGGTCCCTAACAG_001,34
CGGGGAAAGGTCCCTAACAG_002,8
CGGGGAAAGGTCCCTAACAG_003,165
CGGGGAAAGGTCCCTAACAG_004,104
CGGGGAAAGGTCCCTAACAG_005,23
CGGGGAAAGGTCCCTAACAG_006,106
CGGGGAAAGGTCCCTAACAG_007,53
CGGGGAAAGGTCCCTAACAG_008,112
CGGGGAAAGGTCCCTAACAG_009,17
CGGGGAAAGGTCCCTAACAG_010,35
CGGGGAAAGGTCCCTAACAG_011,6
CGGGGAAAGGTCCCTAACAG_012,160
CGGGGAAAGGTCCCTAACAG_013,70
CGCAATCACAGTCATAGCGA_001,132
CTATGAGCTCAACAATCGTG_001,127
CTATGAGCTCAACAATCGTG_002,17
CTATGAGCTCAACAATCGTG_003,177
CTATGAGCTCAACAATCGTG_004,146
CTATGAGCTCAACAATCGTG_005,88
CTATGAGCTCAACAATCGTG_006,160
CTATGAGCTCAACAATCGTG_007,112
CTATGAGCTCAACAATCGTG_008,2
CTATGAGCTCAACAATCGTG_009,130
GATCCTAGAGATCCTCATGT_001,93
GATCCTAGAGATCCTCATGT_002,9
ACTATAAAGATATTGCAACT_001,114
ACTATAAAGATATTGCAACT_002,40
ACTATAAAGATATTGCAACT_003,98
ACTATAAAGATATTGCAACT_004,186
GACCACGTTGAACTCCCGGG_001,147
GACCACGTTGAACTCCCGGG_002,168
GACCACGTTGAACTCCCGGG_003,149
GACCACGTTGAACTCCCGGG_004,60
GACCACGTTGAACTCCCGGG_005,19
GACCACGTTGAACTCCCGGG_006,12
GACCACGTTGAACTCCCGGG_007,15
GACCACGTTGAACTCCCGGG_008,90
ACAGCAGGAAGAGACTGCAG_001,85
ACAGCAGGAAGAGACTGCAG_002,12
ACAGCAGGAAGAGACTGCAG_003,24
ACAGCAGGAAGAGACTGCAG_004,53
ACAGCAGGAAGAGACTGCAG_005,187
ACAGCAGGAAGAGACTGCAG_006,148
ACAGCAGGAAGAGACTGCAG_007,147
ACAGCAGGAAGAGACTGCAG_008,97
ACAGCAGGAAGAGACTGCAG_009,194
ACAGCAGGAAGAGACTGCAG_010,12
ACAGCAGGAAGAGACTGCAG_011,62
ACAGCAGGAAGAGACTGCAG_012,114
ACAGCAGGAAGAGACTGCAG_013,33
ACAGCAGGAAGAGACTGCAG_014,116
ACAGCAGGAAGAGACTGCAG_015,11
GTGCGCAGGGTTTCAAACAC_001,117
GTGCGCAGGGTTTCAAACAC_002,100
GTGCGCAGGGTTTCAAACAC_003,104
GTGCGCAGGGTTTCAAACAC_004,158
GTGCGCAGGGTTTCAAACAC_005,174
GTGCGCAGGGTTTCAAACAC_006,157
GTGCGCAGGGTTTCAAACAC_007,118
GTGCGCAGGGTTTCAAACAC_008,105
GTGCGCAGGGTTTCAAACAC_009,140
GTGCGCAGGGTTTCAAACAC_010,8
GTGCGCAGGGTTTCAAACAC_011,177
GTGCGCAGGGTTTCAAACAC_012,32
GTGCGCAGGGTTTCAAACAC_013,156
GTGCGCAGGGTTTCAAACAC_014,156
GTGCGCAGGGTTTCAAACAC_015,39
GTGCGCAGGGTTTCAAACAC_016,89
AATCAGTATTCCATGAGACA_001,9
AATCAGTATTCCATGAGACA_002,56
CGGTCCAACAACGATCCCAG_001,167
CGGTCCAACAACGATCCCAG_002,40
CGGTCCAACAACGATCCCAG_003,181
CGGTCCAACAACGATCCCAG_004,160
CGGTCCAACAACGATCCCAG_005,58
CGGTCCAACAACGATCCCAG_006,48
CGGTCCAACAACGATCCCAG_007,16
CGGTCCAACAACGATCCCAG_008,42
CGGTCCAACAACGATCCCAG_009,184
CGGTCCAACAACGATCCCAG_010,198
CGGTCCAACAACGATCCCAG_011,33
CGGTCCAACAACGATCCCAG_012,55
CGGTCCAACAACGATCCCAG_013,1
CGGTCCAACAACGATCCCAG_014,13
CGGTCCAACAACGATCCCAG_015,172
CGGTCCAACAACGATCCCAG_016,9
CGGTCCAACAACGATCCCAG_017,188
CGGTCCAACAACGATCCCAG_018,42
CGGTCCAACAACGATCCCAG_019,146
CGGTCCAACAACGATCCCAG_020,84
CGGTCCAACAACGATCCCAG_021,198
CGGTCCAACAACGATCCCAG_022,150
CGGTCCAACAACGATCCCAG_023,155
CGGTCCAACAACGATCCCAG_024,75
CGGTCCAACAACGATCCCAG_025,56
CGGTCCAACAACGATCCCAG_026,58
CGGTCCAACAACGATCCCAG_027,6
CGGTCCAACAACGATCCCAG_028,48
CGGTCCAACAACGATCCCAG_029,121
CGGTCCAACAACGATCCCAG_030,147
CGGTCCAACAACGATCCCAG_031,74
TTTCTAACTCTGATGGAACA_001,105
TTTCTAACTCTGATGGAACA_002,60
TTTCTAACTCTGATGGAACA_003,127
TTTCTAACTCTGATGGAACA_004,140
TTTCTAACTCTGATGGAACA_005,141
TTTCTAACTCTGATGGAACA_006,60
AGGTCATCATCGACACTCTG_001,12
AGGTCATCATCGACACTCTG_002,137
AGGTCATCATCGACACTCTG_003,188
AGGTCATCATCGACACTCTG_004,70
GTGGTCAGATGAATCTGCGG_001,20
GTGGTCAGATGAATCTGCGG_002,116
TACGACGCCCAACAAGCCTG_001,194
TACGACGCCCAACAAGCCTG_002,154
TACGACGCCCAACAAGCCTG_003,27
TACGACGCCCAACAAGCCTG_004,191
TACGACGCCCAACAAGCCTG_005,36
TACGACGCCCAACAAGCCTG_006,15
TACGACGCCCAACAAGCCTG_007,142
TACGACGCCCAACAAGCCTG_008,24
TACGACGCCCAACAAGCCTG_009,77
TACGACGCCCAACAAGCCTG_010,40
TACGACGCCCAACAAGCCTG_011,9
TACGACGCCCAACAAGCCTG_012,90
TACGACGCCCAACAAGCCTG_013,100
TACGACGCCCAACAAGCCTG_014,188
TACGACGCCCAACAAGCCTG_015,77
TACGACGCCCAACAAGCCTG_016,169
TACGACGCCCAACAAGCCTG_017,156
TACGACGCCCAACAAGCCTG_018,121
TACGACGCCCAACAAGCCTG_019,136
TACGACGCCCAACAAGCCTG_020,101
TACGACGCCCAACAAGCCTG_021,138
TACGACGCCCAACAAGCCTG_022,124
TACGACGCCCAACAAGCCTG_023,188
TACGACGCCCAACAAGCCTG_024,166
TACGACGCCCAACAAGCCTG_025,188
TGGCGCAGTACTTTGAGTAC_001,67
TGGCGCAGTACTTTGAGTAC_002,91
AGAGTTCCGTCTTGTATTTG_001,17
AGAGTTCCGTCTTGTATTTG_002,41
CCTCCCCACTGTCAGCATCG_001,150
CCTCCCCACTGTCAGCATCG_002,137
CCTCCCCACTGTCAGCATCG_003,55
CCTCCCCACTGTCAGCATCG_004,76
CCTCCCCACTGTCAGCATCG_005,100
CCTCCCCACTGTCAGCATCG_006,74
CCTCCCCACTGTCAGCATCG_007,3
CCTCCCCACTGTCAGCATCG_008,150
AGAAGAAACCATGGAATGTG_001,8
AGAAGAAACCATGGAATGTG_002,42
AGAAGAAACCATGGAATGTG_003,82
AGAAGAAACCATGGAATGTG_004,2
AGAAGAAACCATGGAATGTG_005,177
AGAAGAAACCATGGAATGTG_006,56
AGAAGAAACCATGGAATGTG_007,1
ATCGTATCATCAGCTAGCGC_001,157
ATCGTATCATCAGCTAGCGC_002,1
ATCGTATCATCAGCTAGCGC_003,11
ATCGTATCATCAGCTAGCGC_004,37
ATCGTATCATCAGCTAGCGC_005,15
ATCGTATCATCAGCTAGCGC_006,13
ATCGTATCATCAGCTAGCGC_007,10
ATCGTATCATCAGCTAGCGC_008,129
ATCGTATCATCAGCTAGCGC_009,98
ATCGTATCATCAGCTAGCGC_010,168
ATCGTATCATCAGCTAGCGC_011,120
ATCGTATCATCAGCTAGCGC_012,118
CATACCATTGATACTCCACA_001,102
CATACCATTGATACTCCACA_002,169
CATACCATTGATACTCCACA_003,91
CATACCATTGATACTCCACA_004,146
CATACCATTGATACTCCACA_005,94
CATACCATTGATACTCCACA_006,41
CATACCATTGATACTCCACA_007,19
CATACCATTGATACTCCACA_008,158
CATACCATTGATACTCCACA_009,193
CATACCATTGATACTCCACA_010,88
CATACCATTGATACTCCACA_011,2
CAAGACTGGTAATAACGATG_001,62
CAAGACTGGTAATAACGATG_002,130
CAAGACTGGTAATAACGATG_003,10
CAAGACTGGTAATAACGATG_004,33
CAAGACTGGTAATAACGATG_005,182
CAAGACTGGTAATAACGATG_006,103
CAAGACTGGTAATAACGATG_007,184
CAAGACTGGTAATAACGATG_008,149
CAAGACTGGTAATAACGATG_009,24
CAAGACTGGTAATAACGATG_010,84
CAAGACTGGTAATAACGATG_011,119
CAAGACTGGTAATAACGATG_012,188
CAGTGTTCATCCCTCGTGGG_001,59
GTTTCCTGTCAGCCCGACAA_001,94
GTTTCCTGTCAGCCCGACAA_002,68
GTTTCCTGTCAGCCCGACAA_003,108
GTTTCCTGTCAGCCCGACAA_004,17
GTTTCCTGTCAGCCCGACAA_005,106
GTTTCCTGTCAGCCCGACAA_006,3
GCCGACTTACGATTTCCGAG_001,159
GCCGACTTACGATTTCCGAG_002,53
GCCGACTTACGATTTCCGAG_003,84
GCCGACTTACGATTTCCGAG_004,149
GCCGACTTACGATTTCCGAG_005,156
GCCGACTTACGATTTCCGAG_006,138
GCCGACTTACGATTTCCGAG_007,129
TGTCGTGGTCGGATGCCGCG_001,88
TGTCGTGGTCGGATGCCGCG_002,88
TGTCGTGGTCGGATGCCGCG_003,131
TGTCGTGGTCGGATGCCGCG_004,115
TGTCGTGGTCGGATGCCGCG_005,102
TGTCGTGGTCGGATGCCGCG_006,172
TGTCGTGGTCGGATGCCGCG_007,156
TGTCGTGGTCGGATGCCGCG_008,38
TGTCGTGGTCGGATGCCGCG_009,37
TGTCGTGGTCGGATGCCGCG_010,32
TGTCGTGGTCGGATGCCGCG_011,162
TGTCGTGGTCGGATGCCGCG_012,49
TGTCGTGGTCGGATGCCGCG_013,135
TGTCGTGGTCGGATGCCGCG_014,109
TGTCGTGGTCGGATGCCGCG_015,94
TGTCGTGGTCGGATGCCGCG_016,13
TGTCGTGGTCGGATGCCGCG_017,196
TGTCGTGGTCGGATGCCGCG_018,111
TGTCGTGGTCGGATGCCGCG_019,168
TGTCGTGGTCGGATGCCGCG_020,176
TGTCGTGGTCGGATGCCGCG_021,69
GGTGATGCGAGGCCTTAACG_001,191
GGTGATGCGAGGCCTTAACG_002,191
GGTGATGCGAGGCCTTAACG_003,149
GGTGATGCGAGGCCTTAACG_004,198
GGTGATGCGAGGCCTTAACG_005,17
GGTGATGCGAGGCCTTAACG_006,34
GGTGATGCGAGGCCTTAACG_007,133
GGTGATGCGAGGCCTTAACG_008,67
GGTGATGCGAGGCCTTAACG_009,150
GGTGATGCGAGGCCTTAACG_010,137
GGTGATGCGAGGCCTTAACG_011,46
GGTGATGCGAGGCCTTAACG_012,137
CCACTTCCGAGTGGAGCACG_001,56
CCACTTCCGAGTGGAGCACG_002,2
CCACTTCCGAGTGGAGCACG_003,9
CCACTTCCGAGTGGAGCACG_004,111
CCACTTCCGAGTGGAGCACG_005,113
CCACTTCCGAGTGGAGCACG_006,138
CCACTTCCGAGTGGAGCACG_007,110
CCACTTCCGAGTGGAGCACG_008,192
CCACTTCCGAGTGGAGCACG_009,41
CCACTTCCGAGTGGAGCACG_010,41
CCACTTCCGAGTGGAGCACG_011,6
CATTCGGAGGCATCACCGAG_001,52
CATTCGGAGGCATCACCGAG_002,45
CATTCGGAGGCATCACCGAG_003,53
CATTCGGAGGCATCACCGAG_004,154
CATTCGGAGGCATCACCGAG_005,60
CATTCGGAGGCATCACCGAG_006,1
CATTCGGAGGCATCACCGAG_007,41
CATTCGGAGGCATCACCGAG_008,160
CATTCGGAGGCATCACCGAG_009,146
CATTCGGAGGCATCACCGAG_010,147
CATTCGGAGGCATCACCGAG_011,76
CATTCGGAGGCATCACCGAG_012,149
CATTCGGAGGCATCACCGAG_013,182
CATTCGGAGGCATCACCGAG_014,33
CATTCGGAGGCATCACCGAG_015,97
CATTCGGAGGCATCACCGAG_016,195
CATTCGGAGGCATCACCGAG_017,74
CATTCGGAGGCATCACCGAG_018,112
CATTCGGAGGCATCACCGAG_019,112
CATTCGGAGGCATCACCGAG_020,165
CATTCGGAGGCATCACCGAG_021,81
CATTCGGAGGCATCACCGAG_022,78
CCACCAGCACAACATCGAAG_001,139
CCACCAGCACAACATCGAAG_002,152
CGCCATCTTCGCCAACATGC_001,50
CGCCATCTTCGCCAACATGC_002,115
CGCCATCTTCGCCAACATGC_003,144
CGCCATCTTCGCCAACATGC_004,144
CGCCATCTTCGCCAACATGC_005,159
CGCCATCTTCGCCAACATGC_006,130
CGCCATCTTCGCCAACATGC_007,127
CGCCATCTTCGCCAACATGC_008,161
CGCCATCTTCGCCAACATGC_009,107
CGCCATCTTCGCCAACATGC_010,24
CGCCATCTTCGCCAACATGC_011,103
CGCCATCTTCGCCAACATGC_012,158
CGCCATCTTCGCCAACATGC_013,135
CGCCATCTTCGCCAACATGC_014,81
CGCCATCTTCGCCAACATGC_015,182
CGCCATCTTCGCCAACATGC_016,168
CGCCATCTTCGCCAACATGC_017,182
CAGGTGTAGCAAAAAAAGGG_001,30
CAGGTGTAGCAAAAAAAGGG_002,96
GGAGTCTGAGAATGCATTGT_001,84
GGAGTCTGAGAATGCATTGT_002,161
GGAGTCTGAGAATGCATTGT_003,129
GGAGTCTGAGAATGCATTGT_004,2
GGAGTCTGAGAATGCATTGT_005,131
GGAGTCTGAGAATGCATTGT_006,131
TGGAAAATCATTTAGCCAGA_001,12
TGGAAAATCATTTAGCCAGA_002,158
GACAGCAGGAATAAACGGGG_001,160
GACAGCAGGAATAAACGGGG_002,115
GACAGCAGGAATAAACGGGG_003,97
GACAGCAGGAATAAACGGGG_004,5
GACAGCAGGAATAAACGGGG_005,137
GACAGCAGGAATAAACGGGG_006,168
GACAGCAGGAATAAACGGGG_007,115
GACAGCAGGAATAAACGGGG_008,6
GACAGCAGGAATAAACGGGG_009,94
GACAGCAGGAATAAACGGGG_010,198
GACAGCAGGAATAAACGGGG_011,118
GACAGCAGGAATAAACGGGG_012,109
CAGGTCCATGTCACAAACGG_001,2
CAGGTCCATGTCACAAACGG_002,9
CAGGTCCATGTCACAAACGG_003,158
CAGGTCCATGTCACAAACGG_004,144
AAGCAGCCCAAGATGAGATG_001,170
AAGCAGCCCAAGATGAGATG_002,144
AAGCAGCCCAAGATGAGATG_003,9
AAGCAGCCCAAGATGAGATG_004,188
AAGCAGCCCAAGATGAGATG_005,184
AAGCAGCCCAAGATGAGATG_006,68
AAGCAGCCCAAGATGAGATG_007,139
AAGCAGCCCAAGATGAGATG_008,129
AAGCAGCCCAAGATGAGATG_009,81
AAGCAGCCCAAGATGAGATG_010,49
AAGCAGCCCAAGATGAGATG_011,169
AAGCAGCCCAAGATGAGATG_012,49
AAGCAGCCCAAGATGAGATG_013,46
AAGCAGCCCAAGATGAGATG_014,78
AAGCAGCCCAAGATGAGATG_015,169
AAGCAGCCCAAGATGAGATG_016,174
AAGCAGCCCAAGATGAGATG_017,148
AAGCAGCCCAAGATGAGATG_018,185
AAGCAGCCCAAGATGAGATG_019,82
AAGCAGCCCAAGATGAGATG_020,60
AAGCAGCCCAAGATGAGATG_021,105
AAGCAGCCCAAGATGAGATG_022,118
AAGCAGCCCAAGATGAGATG_023,134
AAGCAGCCCAAGATGAGATG_024,32
AAGCAGCCCAAGATGAGATG_025,70
AAGCAGCCCAAGATGAGATG_026,63
AAGCAGCCCAAGATGAGATG_027,55
AAGCAGCCCAAGATGAGATG_028,116
AAGCAGCCCAAGATGAGATG_029,94
AAGCAGCCCAAGATGAGATG_030,7
AAGCAGCCCAAGATGAGATG_031,31
AAGCAGCCCAAGATGAGATG_032,3
AAGCAGCCCAAGATGAGATG_033,115
AAGCAGCCCAAGATGAGATG_034,39
AAGCAGCCCAAGATGAGATG_035,182
AAGCAGCCCAAGATGAGATG_036,37
AAGCAGCCCAAGATGAGATG_037,41
AAGCAGCCCAAGATGAGATG_038,191
AAGCAGCCCAAGATGAGATG_039,36
AAGCAGCCCAAGATGAGATG_040,66
AAGCAGCCCAAGATGAGATG_041,27
CCGGCTCATACCGCCCAGGG_001,32
CCGGCTCATACCGCCCAGGG_002,38
CCGGCTCATACCGCCCAGGG_003,97
CCGGCTCATACCGCCCAGGG_004,88
CCGGCTCATACCGCCCAGGG_005,177
CCGGCTCATACCGCCCAGGG_006,133
CCGGCTCATACCGCCCAGGG_007,183
CCGGCTCATACCGCCCAGGG_008,152
CCGGCTCATACCGCCCAGGG_009,10
GGGGGGCCAGGATAAAGGAA_001,181
GGGGGGCCAGGATAAAGGAA_002,60
GGGGGGCCAGGATAAAGGAA_003,78
GGGGGGCCAGGATAAAGGAA_004,133
GGGGGGCCAGGATAAAGGAA_005,28
GGGGGGCCAGGATAAAGGAA_006,138
GGGGGGCCAGGATAAAGGAA_007,28
TACTGGCAGTTGAACATCAA_001,41
TACTGGCAGTTGAACATCAA_002,41
TACTGGCAGTTGAACATCAA_003,1
TACTGGCAGTTGAACATCAA_004,127
TACTGGCAGTTGAACATCAA_005,158
TACTGGCAGTTGAACATCAA_006,102
TACTGGCAGTTGAACATCAA_007,88
TACTGGCAGTTGAACATCAA_008,81
TACTGGCAGTTGAACATCAA_009,85
TACTGGCAGTTGAACATCAA_010,37
TACTGGCAGTTGAACATCAA_011,190
TACTGGCAGTTGAACATCAA_012,199
GGGTGACTGAGCAAACTGCT_001,42
GGGTGACTGAGCAAACTGCT_002,55
GGGTGACTGAGCAAACTGCT_003,70
GGGTGACTGAGCAAACTGCT_004,98
GGGTGACTGAGCAAACTGCT_005,75
GGGTGACTGAGCAAACTGCT_006,86
GGGTGACTGAGCAAACTGCT_007,19
GGGTGACTGAGCAAACTGCT_008,128
GGGTGACTGAGCAAACTGCT_009,29
GGGTGACTGAGCAAACTGCT_010,184
GGGTGACTGAGCAAACTGCT_011,127
GGGTGACTGAGCAAACTGCT_012,11
GGGTGACTGAGCAAACTGCT_013,1
GGGTGACTGAGCAAACTGCT_014,104
GGGTGACTGAGCAAACTGCT_015,92
GGGTGACTGAGCAAACTGCT_016,55
GGGTGACTGAGCAAACTGCT_017,176
ACCACTACCCAGCCACCAAG_001,169
ACCACTACCCAGCCACCAAG_002,26
ACCACTACCCAGCCACCAAG_003,97
ACCACTACCCAGCCACCAAG_004,49
ACCACTACCCAGCCACCAAG_005,158
ACCACTACCCAGCCACCAAG_006,2
ACCACTACCCAGCCACCAAG_007,175
ACCACTACCCAGCCACCAAG_008,15
ACCACTACCCAGCCACCAAG_009,105
ACCACTACCCAGCCACCAAG_010,29
ACCACTACCCAGCCACCAAG_011,8
ACCACTACCCAGCCACCAAG_012,123
ACCACTACCCAGCCACCAAG_013,84
ACCACTACCCAGCCACCAAG_014,88
ACCACTACCCAGCCACCAAG_015,154
ACCACTACCCAGCCACCAAG_016,199
ACCACTACCCAGCCACCAAG_017,38
ACCACTACCCAGCCACCAAG_018,162
ACCACTACCCAGCCACCAAG_019,106
ACCACTACCCAGCCACCAAG_020,15
ACCACTACCCAGCCACCAAG_021,137
ACCACTACCCAGCCACCAAG_022,13
ACCACTACCCAGCCACCAAG_023,8
ACCACTACCCAGCCACCAAG_024,165
ACCACTACCCAGCCACCAAG_025,115
ACCACTACCCAGCCACCAAG_026,86
ACCACTACCCAGCCACCAAG_027,108
ACCACTACCCAGCCACCAAG_028,0
ACCACTACCCAGCCACCAAG_029,3
ACCACTACCCAGCCACCAAG_030,34
ACCACTACCCAGCCACCAAG_031,56
ACCACTACCCAGCCACCAAG_032,124
ACCACTACCCAGCCACCAAG_033,165
ACCACTACCCAGCCACCAAG_034,22
ACCACTACCCAGCCACCAAG_035,83
ACCACTACCCAGCCACCAAG_036,118
ATGTTTCCTCTGAACCAAAA_001,76
ATGTTTCCTCTGAACCAAAA_002,42
ATGTTTCCTCTGAACCAAAA_003,51
ATGTTTCCTCTGAACCAAAA_004,157
ATGTTTCCTCTGAACCAAAA_005,129
ATGTTTCCTCTGAACCAAAA_006,172
ATGTTTCCTCTGAACCAAAA_007,83
ATGTTTCCTCTGAACCAAAA_008,160
GGCCTGAACCAATGTCGATG_001,52
GGCCTGAACCAATGTCGATG_002,85
GGCCTGAACCAATGTCGATG_003,163
GGCCTGAACCAATGTCGATG_004,178
TACTCTTCACAGCATCATAT_001,3
TACTCTTCACAGCATCATAT_002,175
TACTCTTCACAGCATCATAT_003,175
TACTCTTCACAGCATCATAT_004,86
TACTCTTCACAGCATCATAT_005,18
AGAGTCTGCACCTTTGACAA_001,172
AGAGTCTGCACCTTTGACAA_002,69
AGAGTCTGCACCTTTGACAA_003,183
AGAGTCTGCACCTTTGACAA_004,37
AGAGTCTGCACCTTTGACAA_005,189
CCTCTCCATAACAGGTGCAG_001,111
CCTCTCCATAACAGGTGCAG_002,156
CCTCTCCATAACAGGTGCAG_003,22
AATCTTCCATGATATCATCG_001,63
AATCTTCCATGATATCATCG_002,166
TTGTAAGTCAAATAGAGACA_001,195
AGAATGATTACATACCTACG_001,18
AGAATGATTACATACCTACG_002,38
AGAATGATTACATACCTACG_003,19
CTGACAGTTGGATAGACGAC_001,62
CTGACAGTTGGATAGACGAC_002,129
CTGACAGTTGGATAGACGAC_003,137
CTGACAGTTGGATAGACGAC_004,175
CTGACAGTTGGATAGACGAC_005,149
CTGACAGTTGGATAGACGAC_006,116
CTGACAGTTGGATAGACGAC_007,16
CTGACAGTTGGATAGACGAC_008,80
CTGACAGTTGGATAGACGAC_009,62
TCAAGCCAGGTTGCAAACTG_001,170
TCAAGCCAGGTTGCAAACTG_002,88
TCAAGCCAGGTTGCAAACTG_003,76
TCAAGCCAGGTTGCAAACTG_004,191
TCAAGCCAGGTTGCAAACTG_005,170
TCAAGCCAGGTTGCAAACTG_006,28
TCAAGCCAGGTTGCAAACTG_007,119
TCAAGCCAGGTTGCAAACTG_008,65
ATTGCTACAGTTGTGATTGG_001,149
ATTGCTACAGTTGTGATTGG_002,17
GTATGATCGTGTATACTGTG_001,41
GTATGATCGTGTATACTGTG_002,49
GTATGATCGTGTATACTGTG_003,152
AGAGGCGCGTTAAGTCCCCG_001,83
AGAGGCGCGTTAAGTCCCCG_002,19
AGAGGCGCGTTAAGTCCCCG_003,102
AGAGGCGCGTTAAGTCCCCG_004,98
AGAGGCGCGTTAAGTCCCCG_005,53
AGAGGCGCGTTAAGTCCCCG_006,186
AGAGGCGCGTTAAGTCCCCG_007,57
AGAGGCGCGTTAAGTCCCCG_008,98
AGAGGCGCGTTAAGTCCCCG_009,182
AGAGGCGCGTTAAGTCCCCG_010,182
AGAGGCGCGTTAAGTCCCCG_011,113
AGAGGCGCGTTAAGTCCCCG_012,184
AGAGGCGCGTTAAGTCCCCG_013,117
AGAGGCGCGTTAAGTCCCCG_014,121
AGAGGCGCGTTAAGTCCCCG_015,21
AGAGGCGCGTTAAGTCCCCG_016,155
AGAGGCGCGTTAAGTCCCCG_017,191
AGAGGCGCGTTAAGTCCCCG_018,63
AGAGGCGCGTTAAGTCCCCG_019,144
AGAGGCGCGTTAAGTCCCCG_020,26
AGAGGCGCGTTAAGTCCCCG_021,138
AGAGGCGCGTTAAGTCCCCG_022,94
CCCTGGGCGACCTCCCCGAG_001,96
AAAAGGGACATCAGTGACTG_001,107
AAAAGGGACATCAGTGACTG_002,115
AAAAGGGACATCAGTGACTG_003,77
AAAAGGGACATCAGTGACTG_004,152
AAAAGGGACATCAGTGACTG_005,96
AAAAGGGACATCAGTGACTG_006,5
AAAAGGGACATCAGTGACTG_007,113
AAAAGGGACATCAGTGACTG_008,69
AAAAGGGACATCAGTGACTG_009,101
AAAAGGGACATCAGTGACTG_010,57
AAAAGGGACATCAGTGACTG_011,150
AAAAGGGACATCAGTGACTG_012,162
AAAAGGGACATCAGTGACTG_013,32
AAAAGGGACATCAGTGACTG_014,28
AAAAGGGACATCAGTGACTG_015,28
AAAAGGGACATCAGTGACTG_016,30
AAAAGGGACATCAGTGACTG_017,140
AAAAGGGACATCAGTGACTG_018,176
AAAAGGGACATCAGTGACTG_019,69
AAAAGGGACATCAGTGACTG_020,15
GCTGGCTACGGCAAGTTCAG_001,115
GCTGGCTACGGCAAGTTCAG_002,169
GCTGGCTACGGCAAGTTCAG_003,12
GCTGGCTACGGCAAGTTCAG_004,41
GCTGGCTACGGCAAGTTCAG_005,169
GCTGGCTACGGCAAGTTCAG_006,164
GCTGGCTACGGCAAGTTCAG_007,78
GCTGGCTACGGCAAGTTCAG_008,91
GCTGGCTACGGCAAGTTCAG_009,57
GCTGGCTACGGCAAGTTCAG_010,149
GCTGGCTACGGCAAGTTCAG_011,155
GCTGGCTACGGCAAGTTCAG_012,88
GCTGGCTACGGCAAGTTCAG_013,116
GCTGGCTACGGCAAGTTCAG_014,158
GCTGGCTACGGCAAGTTCAG_015,160
CAAACTCACTTTCAGTCCCG_001,53
CAAACTCACTTTCAGTCCCG_002,160
CAAACTCACTTTCAGTCCCG_003,124
CAAACTCACTTTCAGTCCCG_004,68
CAAACTCACTTTCAGTCCCG_005,118
CAAACTCACTTTCAGTCCCG_006,72
CAAACTCACTTTCAGTCCCG_007,177
CAAACTCACTTTCAGTCCCG_008,119
CAAACTCACTTTCAGTCCCG_009,9
CAGCCATGGAGAGCTCATTG_001,14
CAGCCATGGAGAGCTCATTG_002,152
CAGCCATGGAGAGCTCATTG_003,126
CAGCCATGGAGAGCTCATTG_004,113
CAGCCATGGAGAGCTCATTG_005,181
CAGCCATGGAGAGCTCATTG_006,63
CAGCCATGGAGAGCTCATTG_007,67
CAGCCATGGAGAGCTCATTG_008,59
CAGCCATGGAGAGCTCATTG_009,165
CAGCCATGGAGAGCTCATTG_010,167
CAGCCATGGAGAGCTCATTG_011,169
CAGCCATGGAGAGCTCATTG_012,55
CAGCCATGGAGAGCTCATTG_013,88
CAGCCATGGAGAGCTCATTG_014,146
CAGCCATGGAGAGCTCATTG_015,130
CAGCCATGGAGAGCTCATTG_016,62
CAGCCATGGAGAGCTCATTG_017,29
CAGCCATGGAGAGCTCATTG_018,81
CAGCCATGGAGAGCTCATTG_019,175
CAGCCATGGAGAGCTCATTG_020,119
CAGCCATGGAGAGCTCATTG_021,49
GGGGCAAAGATTGATGCCGG_001,169
GGGGCAAAGATTGATGCCGG_002,25
GGGGCAAAGATTGATGCCGG_003,5
GGGGCAAAGATTGATGCCGG_004,94
GGGGCAAAGATTGATGCCGG_005,1
GGGGCAAAGATTGATGCCGG_006,48
GGGGCAAAGATTGATGCCGG_007,119
ACTGTGTACGCACCATTCAC_001,190
ACTGTGTACGCACCATTCAC_002,72
ACTGTGTACGCACCATTCAC_003,67
ACTGTGTACGCACCATTCAC_004,147
ACTGTGTACGCACCATTCAC_005,29
ACTGTGTACGCACCATTCAC_006,166
ACTGTGTACGCACCATTCAC_007,34
ACTGTGTACGCACCATTCAC_008,10
ACTGTGTACGCACCATTCAC_009,141
ACTGTGTACGCACCATTCAC_010,105
ACTGTGTACGCACCATTCAC_011,165
ACTGTGTACGCACCATTCAC_012,104
ACTGTGTACGCACCATTCAC_013,23
AACACTTCACCACTGATCGT_001,192
AACACTTCACCACTGATCGT_002,184
AACACTTCACCACTGATCGT_003,48
AACACTTCACCACTGATCGT_004,197
AACACTTCACCACTGATCGT_005,179
AACACTTCACCACTGATCGT_006,179
CCTGCGCCGCCATGACACGC_001,68
CCTGCGCCGCCATGACACGC_002,90
CCTGCGCCGCCATGACACGC_003,30
CCTGCGCCGCCATGACACGC_004,110
CCTGCGCCGCCATGACACGC_005,13
TCTTATAGTGGAGTACGACA_001,112
TCTTATAGTGGAGTACGACA_002,163
TCTTATAGTGGAGTACGACA_003,141
TCTTATAGTGGAGTACGACA_004,44
TCTTATAGTGGAGTACGACA_005,197
TCTTATAGTGGAGTACGACA_006,166
TCTTATAGTGGAGTACGACA_007,3
ACCCATTCGGATGTGCACGG_001,53
ACCCATTCGGATGTGCACGG_002,94
ACCCATTCGGATGTGCACGG_003,149
ACCCATTCGGATGTGCACGG_004,54
ACCCATTCGGATGTGCACGG_005,119
ACCCATTCGGATGTGCACGG_006,161
ACCCATTCGGATGTGCACGG_007,161
ACCCATTCGGATGTGCACGG_008,133
ACCCATTCGGATGTGCACGG_009,86
ACCCATTCGGATGTGCACGG_010,71
ACCCATTCGGATGTGCACGG_011,184
ACCCATTCGGATGTGCACGG_012,34
ACCCATTCGGATGTGCACGG_013,27
ACCCATTCGGATGTGCACGG_014,41
ACCCATTCGGATGTGCACGG_015,170
ACCCATTCGGATGTGCACGG_016,183
ACCCATTCGGATGTGCACGG_017,160
ACCCATTCGGATGTGCACGG_018,102
ACCCATTCGGATGTGCACGG_019,3
ACCCATTCGGATGTGCACGG_020,146
ACCCATTCGGATGTGCACGG_021,50
ACCCATTCGGATGTGCACGG_022,130
GAGGAGCTTCTACGTGTATG_001,11
GAGGAGCTTCTACGTGTATG_002,103
GAGGAGCTTCTACGTGTATG_003,95
TGACCTTACTAGACGTCTGG_001,196
TGACCTTACTAGACGTCTGG_002,63
TGACCTTACTAGACGTCTGG_003,167
ACGAGAGAAACAACCGCTCG_001,191
ACGAGAGAAACAACCGCTCG_002,81
ACGAGAGAAACAACCGCTCG_003,58
ACGAGAGAAACAACCGCTCG_004,185
ACGAGAGAAACAACCGCTCG_005,78
TCAGGCCCAGCCCTATCGGG_001,40
TCAGGCCCAGCCCTATCGGG_002,34
TCAGGCCCAGCCCTATCGGG_003,62
TCAGGCCCAGCCCTATCGGG_004,105
TCAGGCCCAGCCCTATCGGG_005,30
TCAGGCCCAGCCCTATCGGG_006,156
TCAGGCCCAGCCCTATCGGG_007,77
TCAGGCCCAGCCCTATCGGG_008,96
TCAGGCCCAGCCCTATCGGG_009,97
TCAGGCCCAGCCCTATCGGG_010,68
TCAGGCCCAGCCCTATCGGG_011,96
TCAGGCCCAGCCCTATCGGG_012,33
TCAGGCCCAGCCCTATCGGG_013,33
TCAGGCCCAGCCCTATCGGG_014,19
TCAGGCCCAGCCCTATCGGG_015,63
TCAGGCCCAGCCCTATCGGG_016,175
TCAGGCCCAGCCCTATCGGG_017,101
TCAGGCCCAGCCCTATCGGG_018,42
TCAGGCCCAGCCCTATCGGG_019,191
TCAGGCCCAGCCCTATCGGG_020,107
TCAGGCCCAGCCCTATCGGG_021,121
GGAAGCGAATCAATGGACTC_001,170
GGAAGCGAATCAATGGACTC_002,76
GGAAGCGAATCAATGGACTC_003,173
GGAAGCGAATCAATGGACTC_004,158
GGAAGCGAATCAATGGACTC_005,160
GGAAGCGAATCAATGGACTC_006,44
GGAAGCGAATCAATGGACTC_007,156
GGAAGCGAATCAATGGACTC_008,198
GGAAGCGAATCAATGGACTC_009,18
GGAAGCGAATCAATGGACTC_010,43
GGAAGCGAATCAATGGACTC_011,127
GGAAGCGAATCAATGGACTC_012,19
GGAAGCGAATCAATGGACTC_013,50
GGAAGCGAATCAATGGACTC_014,144
GGAAGCGAATCAATGGACTC_015,45
GGAAGCGAATCAATGGACTC_016,27
GGAAGCGAATCAATGGACTC_017,188
GGAAGCGAATCAATGGACTC_018,115
GGAAGCGAATCAATGGACTC_019,147
GGAAGCGAATCAATGGACTC_020,31
GGAAGCGAATCAATGGACTC_021,134
CTTTACAACCAAGCTTCCAA_001,62
CTTTACAACCAAGCTTCCAA_002,130
CTTTACAACCAAGCTTCCAA_003,15
CTTTACAACCAAGCTTCCAA_004,181
CTTTACAACCAAGCTTCCAA_005,69
CTTTACAACCAAGCTTCCAA_006,48
CTTTACAACCAAGCTTCCAA_007,28
CTTTACAACCAAGCTTCCAA_008,15
CTTTACAACCAAGCTTCCAA_009,130
CTTTACAACCAAGCTTCCAA_010,34
CTTTACAACCAAGCTTCCAA_011,50
CTTTACAACCAAGCTTCCAA_012,113
CTTTACAACCAAGCTTCCAA_013,62
CTTTACAACCAAGCTTCCAA_014,134
CTTTACAACCAAGCTTCCAA_015,34
CTTTACAACCAAGCTTCCAA_016,130
CTTTACAACCAAGCTTCCAA_017,144
CTTTACAACCAAGCTTCCAA_018,137
CTTTACAACCAAGCTTCCAA_019,142
CTTTACAACCAAGCTTCCAA_020,106
CTTTACAACCAAGCTTCCAA_021,166
CTTTACAACCAAGCTTCCAA_022,53
CTTTACAACCAAGCTTCCAA_023,160
CTTTACAACCAAGCTTCCAA_024,144
CTTTACAACCAAGCTTCCAA_025,186
CTTTACAACCAAGCTTCCAA_026,9
TGGCAAGAAGTGCTACCTCG_001,19
TGGCAAGAAGTGCTACCTCG_002,52
TGGCAAGAAGTGCTACCTCG_003,50
TGGCAAGAAGTGCTACCTCG_004,188
TGGCAAGAAGTGCTACCTCG_005,118
TGGCAAGAAGTGCTACCTCG_006,85
TGGCAAGAAGTGCTACCTCG_007,164
TGGCAAGAAGTGCTACCTCG_008,164
TGGCAAGAAGTGCTACCTCG_009,97
TGGCAAGAAGTGCTACCTCG_010,197
AAGCTTTCTACGATTTGGTG_001,107
AAGCTTTCTACGATTTGGTG_002,8
AAGCTTTCTACGATTTGGTG_003,31
AAGCTTTCTACGATTTGGTG_004,25
AAGCTTTCTACGATTTGGTG_005,83
AGAGGCAACAGCACTGACTG_001,77
AGAGGCAACAGCACTGACTG_002,77
AGAGGCAACAGCACTGACTG_003,142
AGAGGCAACAGCACTGACTG_004,160
AGAGGCAACAGCACTGACTG_005,130
AGAGGCAACAGCACTGACTG_006,179
AGAGGCAACAGCACTGACTG_007,115
AGAGGCAACAGCACTGACTG_008,162
AGAGGCAACAGCACTGACTG_009,61
AGAGGCAACAGCACTGACTG_010,4
AGAGGCAACAGCACTGACTG_011,60
AGAGGCAACAGCACTGACTG_012,82
AGAGGCAACAGCACTGACTG_013,14
AGAGGCAACAGCACTGACTG_014,168
AGAGGCAACAGCACTGACTG_015,64
AGAGGCAACAGCACTGACTG_016,39
AGAGGCAACAGCACTGACTG_017,4
AGAGGCAACAGCACTGACTG_018,127
AGAGGCAACAGCACTGACTG_019,56
AGAGGCAACAGCACTGACTG_020,62
AGAGGCAACAGCACTGACTG_021,191
TAAGCAATGTTCTGAACAGG_001,103
TAAGCAATGTTCTGAACAGG_002,31
TAAGCAATGTTCTGAACAGG_003,18
GTATAATCTCTCCTACCACC_001,62
GTATAATCTCTCCTACCACC_002,55
AGTTACTTTGAATCCCGCCA_001,77
AGTTACTTTGAATCCCGCCA_002,13
AGTTACTTTGAATCCCGCCA_003,166
AGTTACTTTGAATCCCGCCA_004,14
AGTTACTTTGAATCCCGCCA_005,46
AGTTACTTTGAATCCCGCCA_006,46
AGTTACTTTGAATCCCGCCA_007,188
AGTTACTTTGAATCCCGCCA_008,182
AGTTACTTTGAATCCCGCCA_009,9
AGTTACTTTGAATCCCGCCA_010,199
AGTTACTTTGAATCCCGCCA_011,17
AGTTACTTTGAATCCCGCCA_012,147
AGTTACTTTGAATCCCGCCA_013,90
AGTTACTTTGAATCCCGCCA_014,104
AAAAGGCAGGTGAAATACCA_001,88
AAAAGGCAGGTGAAATACCA_002,135
AAAAGGCAGGTGAAATACCA_003,84
AAAAGGCAGGTGAAATACCA_004,143
AAAAGGCAGGTGAAATACCA_005,56
AAAAGGCAGGTGAAATACCA_006,68
AAAAGGCAGGTGAAATACCA_007,177
AAAAGGCAGGTGAAATACCA_008,191
AAAAGGCAGGTGAAATACCA_009,4
AAAAGGCAGGTGAAATACCA_010,86
AGTGCATACTGTAGTCCTTG_001,93
AGTGCATACTGTAGTCCTTG_002,118
AGTGCATACTGTAGTCCTTG_003,60
CAGTCGGGGAAACTCCCCCA_001,97
CAGTCGGGGAAACTCCCCCA_002,156
CAGTCGGGGAAACTCCCCCA_003,44
CAGTCGGGGAAACTCCCCCA_004,174
CAGTCGGGGAAACTCCCCCA_005,176
CAGTCGGGGAAACTCCCCCA_006,28
CAGTCGGGGAAACTCCCCCA_007,13
CAGTCGGGGAAACTCCCCCA_008,61
CAGTCGGGGAAACTCCCCCA_009,30
CAGTCGGGGAAACTCCCCCA_010,118
CAGTCGGGGAAACTCCCCCA_011,5
CAGTCGGGGAAACTCCCCCA_012,191
CAGTCGGGGAAACTCCCCCA_013,105
CAGTCGGGGAAACTCCCCCA_014,92
CAGTCGGGGAAACTCCCCCA_015,56
CAGTCGGGGAAACTCCCCCA_016,148
CAGTCGGGGAAACTCCCCCA_017,190
CAGTCGGGGAAACTCCCCCA_018,136
CAGTCGGGGAAACTCCCCCA_019,100
CAGTCGGGGAAACTCCCCCA_020,116
ATGGCATTCAGACTTAAGTA_001,176
ATGGCATTCAGACTTAAGTA_002,0
ATGGCATTCAGACTTAAGTA_003,78
ATGGCATTCAGACTTAAGTA_004,152
ATGGCATTCAGACTTAAGTA_005,169
ATGGCATTCAGACTTAAGTA_006,77
AGGTGGTAAAGCTATCACGA_001,48
AGGTGGTAAAGCTATCACGA_002,137
AGGTGGTAAAGCTATCACGA_003,139
AGGTGGTAAAGCTATCACGA_004,196
TCTGAGAGGGTGTAGAACTG_001,90
TCTGAGAGGGTGTAGAACTG_002,94
TCTGAGAGGGTGTAGAACTG_003,54
TCTGAGAGGGTGTAGAACTG_004,160
TCTGAGAGGGTGTAGAACTG_005,94
TCTGAGAGGGTGTAGAACTG_006,177
TCTGAGAGGGTGTAGAACTG_007,6
TCTGAGAGGGTGTAGAACTG_008,40
TGAAGGGCAGAATTCTAGTG_001,19
TGAAGGGCAGAATTCTAGTG_002,130
TGAAGGGCAGAATTCTAGTG_003,114
TTAACAAGTATGATACAGAT_001,169
CATTCATCCAACCTACCTGG_001,174
CATTCATCCAACCTACCTGG_002,46
TGGAGCCTGGTACAGTGACC_001,14
TGGAGCCTGGTACAGTGACC_002,60
TGGAGCCTGGTACAGTGACC_003,60
TGGAGCCTGGTACAGTGACC_004,117
TGGAGCCTGGTACAGTGACC_005,140
TGGAGCCTGGTACAGTGACC_006,12
TGGAGCCTGGTACAGTGACC_007,62
TGGAGCCTGGTACAGTGACC_008,120
TGGAGCCTGGTACAGTGACC_009,29
TGGAGCCTGGTACAGTGACC_010,186
TGGAGCCTGGTACAGTGACC_011,45
TGGAGCCTGGTACAGTGACC_012,156
TGGAGCCTGGTACAGTGACC_013,14
TGGAGCCTGGTACAGTGACC_014,75
TGGAGCCTGGTACAGTGACC_015,116
TGGAGCCTGGTACAGTGACC_016,168
TGGAGCCTGGTACAGTGACC_017,144
TGGAGCCTGGTACAGTGACC_018,19
TGGAGCCTGGTACAGTGACC_019,133
CAAGAATCGGAAGATCAAGG_001,86
CAAGAATCGGAAGATCAAGG_002,174
CAAGAATCGGAAGATCAAGG_003,84
CAAGAATCGGAAGATCAAGG_004,96
CAAGAATCGGAAGATCAAGG_005,26
CAAGAATCGGAAGATCAAGG_006,121
CTGGTGCAGATGAACTACGT_001,149
CTGGTGCAGATGAACTACGT_002,69
CTGGTGCAGATGAACTACGT_003,168
CTGGTGCAGATGAACTACGT_004,48
CTGGTGCAGATGAACTACGT_005,179
CTGGTGCAGATGAACTACGT_006,168
CTGGTGCAGATGAACTACGT_007,49
CTGGTGCAGATGAACTACGT_008,106
CTGGTGCAGATGAACTACGT_009,115
CTGGTGCAGATGAACTACGT_010,176
CTGGTGCAGATGAACTACGT_011,47
CTGGTGCAGATGAACTACGT_012,158
CTGGTGCAGATGAACTACGT_013,106
CTGGTGCAGATGAACTACGT_014,84
CTGGTGCAGATGAACTACGT_015,106
CTGGTGCAGATGAACTACGT_016,138
CTGGTGCAGATGAACTACGT_017,199
GCTTCTCGCATTCCGTGCAG_001,134
GCTTCTCGCATTCCGTGCAG_002,150
GCTTCTCGCATTCCGTGCAG_003,48
GCTTCTCGCATTCCGTGCAG_004,115
GCTTCTCGCATTCCGTGCAG_005,139
GCTTCTCGCATTCCGTGCAG_006,172
GCTTCTCGCATTCCGTGCAG_007,74
TCCTACCTCCTTATCCAGAG_001,48
TCCTACCTCCTTATCCAGAG_002,116
TCCTACCTCCTTATCCAGAG_003,182
GTATTCATAAGGGATGAGGC_001,63
GTATTCATAAGGGATGAGGC_002,10
GTATTCATAAGGGATGAGGC_003,166
GTATTCATAAGGGATGAGGC_004,164
GTATTCATAAGGGATGAGGC_005,119
GTATTCATAAGGGATGAGGC_006,2
GTATTCATAAGGGATGAGGC_007,112
TGGGGCAGACCACCAAACAC_001,56
TGGGGCAGACCACCAAACAC_002,168
TGGGGCAGACCACCAAACAC_003,161
TGGGGCAGACCACCAAACAC_004,80
TGGGGCAGACCACCAAACAC_005,74
CTGGATGCGGAGTCTACGAT_001,41
CTGGATGCGGAGTCTACGAT_002,188
CTGGATGCGGAGTCTACGAT_003,6
CTGGATGCGGAGTCTACGAT_004,170
CTGGATGCGGAGTCTACGAT_005,103
CTGGATGCGGAGTCTACGAT_006,83
CTGGATGCGGAGTCTACGAT_007,78
CCGGGGCTGGTACTTATGGA_001,50
CCGGGGCTGGTACTTATGGA_002,72
CCGGGGCTGGTACTTATGGA_003,27
CCGGGGCTGGTACTTATGGA_004,121
CCGGGGCTGGTACTTATGGA_005,102
CCGGGGCTGGTACTTATGGA_006,65
CCGGGGCTGGTACTTATGGA_007,67
CCGGGGCTGGTACTTATGGA_008,78
CCGGGGCTGGTACTTATGGA_009,1
CCGGGGCTGGTACTTATGGA_010,151
GGGCCAAAATAATCAAGAAC_001,176
GTGCAGGTGAACTGCTAACT_001,198
GTGCAGGTGAACTGCTAACT_002,4
GTGCAGGTGAACTGCTAACT_003,169
GTGCAGGTGAACTGCTAACT_004,103
GTGCAGGTGAACTGCTAACT_005,33
GTGCAGGTGAACTGCTAACT_006,58
GTGCAGGTGAACTGCTAACT_007,120
GTGCAGGTGAACTGCTAACT_008,6
GTGCAGGTGAACTGCTAACT_009,166
GTGCAGGTGAACTGCTAACT_010,66
GTGCAGGTGAACTGCTAACT_011,127
GTGCAGGTGAACTGCTAACT_012,139
GTGCAGGTGAACTGCTAACT_013,19
GTGCAGGTGAACTGCTAACT_014,149
GTGCAGGTGAACTGCTAACT_015,10
GGACGGTCACTCACCCACCG_001,94
GGACGGTCACTCACCCACCG_002,42
GGACGGTCACTCACCCACCG_003,29
GGACGGTCACTCACCCACCG_004,6
GGACGGTCACTCACCCACCG_005,169
GGACGGTCACTCACCCACCG_006,172
GGACGGTCACTCACCCACCG_007,193
GGACGGTCACTCACCCACCG_008,80
GGACGGTCACTCACCCACCG_009,6
GGACGGTCACTCACCCACCG_010,170
GGACGGTCACTCACCCACCG_011,113
GGACGGTCACTCACCCACCG_012,69
GGACGGTCACTCACCCACCG_013,148
GGACGGTCACTCACCCACCG_014,41
GGACGGTCACTCACCCACCG_015,95
GGACGGTCACTCACCCACCG_016,76
GGACGGTCACTCACCCACCG_017,130
GGACGGTCACTCACCCACCG_018,160
GGACGGTCACTCACCCACCG_019,105
GGACGGTCACTCACCCACCG_020,198
GGACGGTCACTCACCCACCG_021,125
GGACGGTCACTCACCCACCG_022,197
GGACGGTCACTCACCCACCG_023,40
AGCATGGCCAACTACCCGCA_001,115
AGCATGGCCAACTACCCGCA_002,134
AGCATGGCCAACTACCCGCA_003,54
AGCATGGCCAACTACCCGCA_004,163
AGCATGGCCAACTACCCGCA_005,119
AGCATGGCCAACTACCCGCA_006,57
AGCATGGCCAACTACCCGCA_007,2
AGCATGGCCAACTACCCGCA_008,30
AGCATGGCCAACTACCCGCA_009,18
AGCATGGCCAACTACCCGCA_010,4
AGCATGGCCAACTACCCGCA_011,150
AGCATGGCCAACTACCCGCA_012,31
AGCATGGCCAACTACCCGCA_013,145
AGCATGGCCAACTACCCGCA_014,176
AGCATGGCCAACTACCCGCA_015,1
AGCATGGCCAACTACCCGCA_016,184
AGCATGGCCAACTACCCGCA_017,105
AGCATGGCCAACTACCCGCA_018,113
AGCATGGCCAACTACCCGCA_019,119
AGCATGGCCAACTACCCGCA_020,146
AGCATGGCCAACTACCCGCA_021,41
AGCATGGCCAACTACCCGCA_022,165
AGCATGGCCAACTACCCGCA_023,52
AGCATGGCCAACTACCCGCA_024,63
TTTCCTCGGCAAGAAATGTG_001,29
TTTCCTCGGCAAGAAATGTG_002,81
TTTCCTCGGCAAGAAATGTG_003,198
TTTCCTCGGCAAGAAATGTG_004,48
TTTCCTCGGCAAGAAATGTG_005,173
TTTCCTCGGCAAGAAATGTG_006,173
TTTCCTCGGCAAGAAATGTG_007,21
TTTCCTCGGCAAGAAATGTG_008,137
TTTCCTCGGCAAGAAATGTG_009,5
TTTCCTCGGCAAGAAATGTG_010,111
TTTCCTCGGCAAGAAATGTG_011,57
TTTCCTCGGCAAGAAATGTG_012,140
TTTCCTCGGCAAGAAATGTG_013,48
CAACGTACGAGACAGAACGA_001,61
CAACGTACGAGACAGAACGA_002,96
CAACGTACGAGACAGAACGA_003,147
CAACGTACGAGACAGAACGA_004,97
CAACGTACGAGACAGAACGA_005,82
CAACGTACGAGACAGAACGA_006,78
CAACGTACGAGACAGAACGA_007,86
CAACGTACGAGACAGAACGA_008,186
CAACGTACGAGACAGAACGA_009,99
CAACGTACGAGACAGAACGA_010,59
CAACGTACGAGACAGAACGA_011,99
CCTGGTATCGGGTATTACAG_001,80
CCTGGTATCGGGTATTACAG_002,119
CCTGGTATCGGGTATTACAG_003,181
AGCTAACAATTTAGCAGCCG_001,156
AGCTAACAATTTAGCAGCCG_002,112
AGCTAACAATTTAGCAGCCG_003,104
AGCTAACAATTTAGCAGCCG_004,134
AGCTAACAATTTAGCAGCCG_005,105
AGCTAACAATTTAGCAGCCG_006,110
AGCTAACAATTTAGCAGCCG_007,169
AGCTAACAATTTAGCAGCCG_008,14
AGCTAACAATTTAGCAGCCG_009,62
AGCTAACAATTTAGCAGCCG_010,33
AGCTAACAATTTAGCAGCCG_011,61
AGCTAACAATTTAGCAGCCG_012,28
AGCTAACAATTTAGCAGCCG_013,16
CGGTGGCCACAGCCCAACGG_001,158
CGGTGGCCACAGCCCAACGG_002,181
CGGTGGCCACAGCCCAACGG_003,125
CGGTGGCCACAGCCCAACGG_004,141
CGGTGGCCACAGCCCAACGG_005,9
CGGTGGCCACAGCCCAACGG_006,196
CGGTGGCCACAGCCCAACGG_007,94
CGGTGGCCACAGCCCAACGG_008,69
CGGTGGCCACAGCCCAACGG_009,35
CGGTGGCCACAGCCCAACGG_010,135
CGGTGGCCACAGCCCAACGG_011,105
CGGTGGCCACAGCCCAACGG_012,105
CGGTGGCCACAGCCCAACGG_013,65
CGGTGGCCACAGCCCAACGG_014,71
CGGTGGCCACAGCCCAACGG_015,1
CGGTGGCCACAGCCCAACGG_016,123
AATTACAAGGTCGTTGAACA_001,33
AATTACAAGGTCGTTGAACA_002,181
AATTACAAGGTCGTTGAACA_003,21
CGGCCTGTTAAATACGCTGG_001,16
CGGCCTGTTAAATACGCTGG_002,50
CGGCCTGTTAAATACGCTGG_003,82
CGGCCTGTTAAATACGCTGG_004,106
CGGCCTGTTAAATACGCTGG_005,81
GAGGACTGCCGAGATATCCG_001,121
GAGGACTGCCGAGATATCCG_002,50
GAGGACTGCCGAGATATCCG_003,54
GAGGACTGCCGAGATATCCG_004,131
GAGGACTGCCGAGATATCCG_005,184
GAGGACTGCCGAGATATCCG_006,134
GAGGACTGCCGAGATATCCG_007,96
GAGGACTGCCGAGATATCCG_008,107
GAGGACTGCCGAGATATCCG_009,176
GAGGACTGCCGAGATATCCG_010,109
GAGGACTGCCGAGATATCCG_011,21
GAGGACTGCCGAGATATCCG_012,173
GAGGACTGCCGAGATATCCG_013,184
GAGGACTGCCGAGATATCCG_014,45
GAGGACTGCCGAGATATCCG_015,130
GAGGACTGCCGAGATATCCG_016,144
GAGGACTGCCGAGATATCCG_017,82
GAGGACTGCCGAGATATCCG_018,9
GAGGACTGCCGAGATATCCG_019,157
GAGGACTGCCGAGATATCCG_020,44
GAGGACTGCCGAGATATCCG_021,97
GAGGACTGCCGAGATATCCG_022,184
GAGGACTGCCGAGATATCCG_023,190
GAGGACTGCCGAGATATCCG_024,105
GAGGACTGCCGAGATATCCG_025,62
GAGGACTGCCGAGATATCCG_026,86
GAGGACTGCCGAGATATCCG_027,199
GAGGACTGCCGAGATATCCG_028,61
GAGGACTGCCGAGATATCCG_029,75
GAGGACTGCCGAGATATCCG_030,169
GAGGACTGCCGAGATATCCG_031,26
GAGGACTGCCGAGATATCCG_032,187
GAGGACTGCCGAGATATCCG_033,31
GAGACAAAAAAAGGGCACGA_001,150
GAGACAAAAAAAGGGCACGA_002,172
GAGACAAAAAAAGGGCACGA_003,191
GAGACAAAAAAAGGGCACGA_004,124
GAGACAAAAAAAGGGCACGA_005,160
GAGACAAAAAAAGGGCACGA_006,142
GAGACAAAAAAAGGGCACGA_007,142
GAGACAAAAAAAGGGCACGA_008,111
GAGACAAAAAAAGGGCACGA_009,147
GAGACAAAAAAAGGGCACGA_010,182
GAGACAAAAAAAGGGCACGA_011,32
GAGACAAAAAAAGGGCACGA_012,2
GAGACAAAAAAAGGGCACGA_013,44
GAGACAAAAAAAGGGCACGA_014,40
GAGACAAAAAAAGGGCACGA_015,67
GAGACAAAAAAAGGGCACGA_016,84
GAGACAAAAAAAGGGCACGA_017,70
GAGACAAAAAAAGGGCACGA_018,35
GAGACAAAAAAAGGGCACGA_019,88
GAGACAAAAAAAGGGCACGA_020,171
GAGACAAAAAAAGGGCACGA_021,62
GAGACAAAAAAAGGGCACGA_022,162
GAGACAAAAAAAGGGCACGA_023,1
GAGACAAAAAAAGGGCACGA_024,116
TCCGAGTGTCATAGTAAACA_001,62
TCCGAGTGTCATAGTAAACA_002,7
ACCTTGGATCAGCTCTCGCA_001,186
ACCTTGGATCAGCTCTCGCA_002,79
ACCTTGGATCAGCTCTCGCA_003,36
GTTTAATTACTTGCCCAGGT_001,30
CACACCAGAGAATCCCACCA_001,143
CACACCAGAGAATCCCACCA_002,78
CACACCAGAGAATCCCACCA_003,182
CACACCAGAGAATCCCACCA_004,6
CACACCAGAGAATCCCACCA_005,54
CACACCAGAGAATCCCACCA_006,118
CACACCAGAGAATCCCACCA_007,95
CACACCAGAGAATCCCACCA_008,145
CACACCAGAGAATCCCACCA_009,188
CACACCAGAGAATCCCACCA_010,197
CACACCAGAGAATCCCACCA_011,170
CACACCAGAGAATCCCACCA_012,105
CACACCAGAGAATCCCACCA_013,48
CACACCAGAGAATCCCACCA_014,70
CACACCAGAGAATCCCACCA_015,15
CACACCAGAGAATCCCACCA_016,34
CACACCAGAGAATCCCACCA_017,118
CACACCAGAGAATCCCACCA_018,98
CACACCAGAGAATCCCACCA_019,74
CACACCAGAGAATCCCACCA_020,77
CACACCAGAGAATCCCACCA_021,77
CACACCAGAGAATCCCACCA_022,158
CACACCAGAGAATCCCACCA_023,148
CACACCAGAGAATCCCACCA_024,136
CACACCAGAGAATCCCACCA_025,183
CACACCAGAGAATCCCACCA_026,142
AATTCAACATATCGGCGACT_001,139
AATTCAACATATCGGCGACT_002,31
GATTAATACTGAGGAACACG_001,123
TGCGAAAACCTGCAACCCAG_001,31
TGCGAAAACCTGCAACCCAG_002,154
TGCGAAAACCTGCAACCCAG_003,181
TGCGAAAACCTGCAACCCAG_004,171
TGCGAAAACCTGCAACCCAG_005,41
TGCGAAAACCTGCAACCCAG_006,76
TGCGAAAACCTGCAACCCAG_007,29
TGCGAAAACCTGCAACCCAG_008,30
TGCGAAAACCTGCAACCCAG_009,63
TGCGAAAACCTGCAACCCAG_010,137
TGCGAAAACCTGCAACCCAG_011,182
TGCGAAAACCTGCAACCCAG_012,188
TGCGAAAACCTGCAACCCAG_013,36
CCTGCGGCCAGAATTGGACC_001,67
CCTGCGGCCAGAATTGGACC_002,199
CCTGCGGCCAGAATTGGACC_003,180
CCACTTACTTTGAGTAAACT_001,102
CCACTTACTTTGAGTAAACT_002,111
CCACTTACTTTGAGTAAACT_003,107
CCACTTACTTTGAGTAAACT_004,9
CCACTTACTTTGAGTAAACT_005,33
CCACTTACTTTGAGTAAACT_006,188
CCACTTACTTTGAGTAAACT_007,23
CCACTTACTTTGAGTAAACT_008,163
CCACTTACTTTGAGTAAACT_009,154
CCACTTACTTTGAGTAAACT_010,180
CCACTTACTTTGAGTAAACT_011,162
CCACTTACTTTGAGTAAACT_012,41
CCACTTACTTTGAGTAAACT_013,49
CCACTTACTTTGAGTAAACT_014,56
CCACTTACTTTGAGTAAACT_015,144
AGAGCTTCTTGGAAGCTAGA_001,139
AGAGCTTCTTGGAAGCTAGA_002,129
AGAGCTTCTTGGAAGCTAGA_003,90
AGAGCTTCTTGGAAGCTAGA_004,82
AGAGCTTCTTGGAAGCTAGA_005,141
AGAGCTTCTTGGAAGCTAGA_006,148
AGAGCTTCTTGGAAGCTAGA_007,79
AGAGCTTCTTGGAAGCTAGA_008,17
CAACGGCACCAACCTGACCA_001,42
CAACGGCACCAACCTGACCA_002,31
CAACGGCACCAACCTGACCA_003,166
CAACGGCACCAACCTGACCA_004,144
CAACGGCACCAACCTGACCA_005,137
CAACGGCACCAACCTGACCA_006,188
GCATGCAAGTGCGATTGCCA_001,19
GCATGCAAGTGCGATTGCCA_002,182
GCATGCAAGTGCGATTGCCA_003,3
GCATGCAAGTGCGATTGCCA_004,94
GCATGCAAGTGCGATTGCCA_005,198
GCATGCAAGTGCGATTGCCA_006,157
GCATGCAAGTGCGATTGCCA_007,189
GCATGCAAGTGCGATTGCCA_008,15
GCATGCAAGTGCGATTGCCA_009,69
GCATGCAAGTGCGATTGCCA_010,88
GCATGCAAGTGCGATTGCCA_011,138
GCATGCAAGTGCGATTGCCA_012,168
GCATGCAAGTGCGATTGCCA_013,19
GCATGCAAGTGCGATTGCCA_014,19
GCATGCAAGTGCGATTGCCA_015,170
GCATGCAAGTGCGATTGCCA_016,38
GCATGCAAGTGCGATTGCCA_017,41
GCATGCAAGTGCGATTGCCA_018,149
GCATGCAAGTGCGATTGCCA_019,199
GCATGCAAGTGCGATTGCCA_020,19
GCATGCAAGTGCGATTGCCA_021,184
GCATGCAAGTGCGATTGCCA_022,83
GCATGCAAGTGCGATTGCCA_023,167
GCATGCAAGTGCGATTGCCA_024,48
GCATGCAAGTGCGATTGCCA_025,178
GCATGCAAGTGCGATTGCCA_026,100
GCATGCAAGTGCGATTGCCA_027,24
GCATGCAAGTGCGATTGCCA_028,141
GCATGCAAGTGCGATTGCCA_029,23
GCATGCAAGTGCGATTGCCA_030,127
GCATGCAAGTGCGATTGCCA_031,168
GCATGCAAGTGCGATTGCCA_032,170
GCATGCAAGTGCGATTGCCA_033,138
GCATGCAAGTGCGATTGCCA_034,3
GCATGCAAGTGCGATTGCCA_035,148
TCTGGACGTGGAAAGCAAGG_001,49
TCTGGACGTGGAAAGCAAGG_002,161
CTTTGATAACTACATGCAGC_001,182
CTTTGATAACTACATGCAGC_002,181
ATTGCCCAAACATCCACCGG_001,41
ATTGCCCAAACATCCACCGG_002,70
ATTGCCCAAACATCCACCGG_003,4
ATTGCCCAAACATCCACCGG_004,172
ATTGCCCAAACATCCACCGG_005,44
ATTGCCCAAACATCCACCGG_006,116
ATTGCCCAAACATCCACCGG_007,174
ATTGCCCAAACATCCACCGG_008,163
ATTGCCCAAACATCCACCGG_009,156
ATTGCCCAAACATCCACCGG_010,51
ATTGCCCAAACATCCACCGG_011,39
ATTGCCCAAACATCCACCGG_012,35
ATTGCCCAAACATCCACCGG_013,63
ATTGCCCAAACATCCACCGG_014,103
ATTGCCCAAACATCCACCGG_015,78
ATTGCCCAAACATCCACCGG_016,6
ATTGCCCAAACATCCACCGG_017,27
ATTGCCCAAACATCCACCGG_018,48
AGTATTGTGGTGTCGTCAAC_001,28
AGTATTGTGGTGTCGTCAAC_002,9
AGTATTGTGGTGTCGTCAAC_003,27
AGTATTGTGGTGTCGTCAAC_004,91
AGTATTGTGGTGTCGTCAAC_005,168
AGTATTGTGGTGTCGTCAAC_006,88
AGTATTGTGGTGTCGTCAAC_007,1
AGTATTGTGGTGTCGTCAAC_008,83
AGTATTGTGGTGTCGTCAAC_009,120
AGTATTGTGGTGTCGTCAAC_010,177
AGTATTGTGGTGTCGTCAAC_011,48
AGTATTGTGGTGTCGTCAAC_012,104
AGTATTGTGGTGTCGTCAAC_013,104
AGTATTGTGGTGTCGTCAAC_014,71
AGTATTGTGGTGTCGTCAAC_015,145
AGTATTGTGGTGTCGTCAAC_016,137
GTGGACAGTTTGATGACCAT_001,137
GTGGACAGTTTGATGACCAT_002,157
GTGGACAGTTTGATGACCAT_003,42
GTGGACAGTTTGATGACCAT_004,42
GTGGACAGTTTGATGACCAT_005,160
GTGGACAGTTTGATGACCAT_006,141
GTGGACAGTTTGATGACCAT_007,183
GTGGACAGTTTGATGACCAT_008,117
GTGGACAGTTTGATGACCAT_009,144
GTGGACAGTTTGATGACCAT_010,158
GTGGACAGTTTGATGACCAT_011,29
GTGGACAGTTTGATGACCAT_012,171
GTGGACAGTTTGATGACCAT_013,194
GTGGACAGTTTGATGACCAT_014,33
GTGGACAGTTTGATGACCAT_015,1
GTGGACAGTTTGATGACCAT_016,145
GTGGACAGTTTGATGACCAT_017,160
GTGGACAGTTTGATGACCAT_018,68
GTGGACAGTTTGATGACCAT_019,198
ACAGATTTGATATATCAGAC_001,46
ACAGATTTGATATATCAGAC_002,31
GATCATGGGAACCCTTGAGG_001,183
GATCATGGGAACCCTTGAGG_002,166
GATCATGGGAACCCTTGAGG_003,83
GATCATGGGAACCCTTGAGG_004,145
GATCATGGGAACCCTTGAGG_005,158
GATCATGGGAACCCTTGAGG_006,144
GATCATGGGAACCCTTGAGG_007,128
GATCATGGGAACCCTTGAGG_008,98
ACTGATCCTGCTAAGTACTC_001,103
ACTGATCCTGCTAAGTACTC_002,192
ACTGATCCTGCTAAGTACTC_003,198
ACTGATCCTGCTAAGTACTC_004,183
ACTGATCCTGCTAAGTACTC_005,182
ACTGATCCTGCTAAGTACTC_006,191
ACTGATCCTGCTAAGTACTC_007,33
ACTGATCCTGCTAAGTACTC_008,196
ACTGATCCTGCTAAGTACTC_009,197
ACTGATCCTGCTAAGTACTC_010,123
ACTGATCCTGCTAAGTACTC_011,169
ACTGATCCTGCTAAGTACTC_012,84
ACTGATCCTGCTAAGTACTC_013,147
ACTGATCCTGCTAAGTACTC_014,115
CACAGGTGGAATGAACTAGG_001,130
CACAGGTGGAATGAACTAGG_002,49
CACAGGTGGAATGAACTAGG_003,105
CACAGGTGGAATGAACTAGG_004,62
CACAGGTGGAATGAACTAGG_005,182
CACAGGTGGAATGAACTAGG_006,145
CACAGGTGGAATGAACTAGG_007,149
CACAGGTGGAATGAACTAGG_008,11
CACAGGTGGAATGAACTAGG_009,20
CACAGGTGGAATGAACTAGG_010,33
CACAGGTGGAATGAACTAGG_011,93
CACAGGTGGAATGAACTAGG_012,37
CACAGGTGGAATGAACTAGG_013,1
CACAGGTGGAATGAACTAGG_014,70
CACAGGTGGAATGAACTAGG_015,58
CACAGGTGGAATGAACTAGG_016,63
CACAGGTGGAATGAACTAGG_017,19
CACAGGTGGAATGAACTAGG_018,90
CACAGGTGGAATGAACTAGG_019,197
CACAGGTGGAATGAACTAGG_020,13
GAAACATGCTCACCAGACAT_001,49
GAAACATGCTCACCAGACAT_002,139
GAAACATGCTCACCAGACAT_003,187
GACACAGACCTAGTTACTGA_001,113
GACACAGACCTAGTTACTGA_002,168
GACACAGACCTAGTTACTGA_003,144
CTTGTAGCTGAGCACCACTA_001,2
CTTGTAGCTGAGCACCACTA_002,149
CTTGTAGCTGAGCACCACTA_003,127
CTTGTAGCTGAGCACCACTA_004,17
CTTGTAGCTGAGCACCACTA_005,169
CTTGTAGCTGAGCACCACTA_006,130
CTTGTAGCTGAGCACCACTA_007,17
GCCACGTCCACATACTGACT_001,124
GCCACGTCCACATACTGACT_002,102
GCCACGTCCACATACTGACT_003,69
GCCACGTCCACATACTGACT_004,70
GCCACGTCCACATACTGACT_005,140
GCCACGTCCACATACTGACT_006,174
GCCACGTCCACATACTGACT_007,81
GCCACGTCCACATACTGACT_008,87
GCCACGTCCACATACTGACT_009,122
GCCACGTCCACATACTGACT_010,169
GCCACGTCCACATACTGACT_011,87
GCCACGTCCACATACTGACT_012,198
GCCACGTCCACATACTGACT_013,158
GCCACGTCCACATACTGACT_014,51
GCCACGTCCACATACTGACT_015,63
GCCACGTCCACATACTGACT_016,147
GCCACGTCCACATACTGACT_017,136
GCCACGTCCACATACTGACT_018,77
GCCACGTCCACATACTGACT_019,142
GCCACGTCCACATACTGACT_020,130
GCCACGTCCACATACTGACT_021,168
GCCACGTCCACATACTGACT_022,47
GCCACGTCCACATACTGACT_023,6
GCCACGTCCACATACTGACT_024,148
GCCACGTCCACATACTGACT_025,77
AGTGCCCATACTCCATAGCA_001,81
AGTGCCCATACTCCATAGCA_002,116
AGTGCCCATACTCCATAGCA_003,118
AGCCTTGAAAGAGATAAAAG_001,152
AGCCTTGAAAGAGATAAAAG_002,53
AGCCTTGAAAGAGATAAAAG_003,73
AGCCTTGAAAGAGATAAAAG_004,197
CAGGCCAAGGGGATCCTAGG_001,76
CAGGCCAAGGGGATCCTAGG_002,62
CAGGCCAAGGGGATCCTAGG_003,49
CAGGCCAAGGGGATCCTAGG_004,188
CAGGCCAAGGGGATCCTAGG_005,30
CAGGCCAAGGGGATCCTAGG_006,17
CAGGCCAAGGGGATCCTAGG_007,50
CAGGCCAAGGGGATCCTAGG_008,30
CAGGCCAAGGGGATCCTAGG_009,1
CAGGCCAAGGGGATCCTAGG_010,184
CAGGCCAAGGGGATCCTAGG_011,58
CAGGCCAAGGGGATCCTAGG_012,129
CAGGCCAAGGGGATCCTAGG_013,170
CTATGTGAAAAGGAGCCACT_001,102
CTATGTGAAAAGGAGCCACT_002,107
CTATGTGAAAAGGAGCCACT_003,176
CTATGTGAAAAGGAGCCACT_004,70
CTATGTGAAAAGGAGCCACT_005,81
CTATGTGAAAAGGAGCCACT_006,49
CTATGTGAAAAGGAGCCACT_007,77
AGACTCGGTGATCCGCTGAT_001,148
AGACTCGGTGATCCGCTGAT_002,23
AGACTCGGTGATCCGCTGAT_003,108
AGACTCGGTGATCCGCTGAT_004,66
AGACTCGGTGATCCGCTGAT_005,111
AGACTCGGTGATCCGCTGAT_006,38
CAGACACTCACAGATCATGG_001,78
CAGACACTCACAGATCATGG_002,58
CAGACACTCACAGATCATGG_003,121
GAGCAATCAGTACTACAACC_001,137
GAGCAATCAGTACTACAACC_002,28
AAAGAGAATCGCCAACTCAG_001,35
AAAGAGAATCGCCAACTCAG_002,158
AAAGAGAATCGCCAACTCAG_003,150
AAAGAGAATCGCCAACTCAG_004,72
AAAGAGAATCGCCAACTCAG_005,115
AAAGAGAATCGCCAACTCAG_006,188
AAAGAGAATCGCCAACTCAG_007,199
AAAGAGAATCGCCAACTCAG_008,132
AAAGAGAATCGCCAACTCAG_009,181
AAAGAGAATCGCCAACTCAG_010,158
AAAGAGAATCGCCAACTCAG_011,71
AAAGAGAATCGCCAACTCAG_012,6
AAAGAGAATCGCCAACTCAG_013,125
TTGATGTTGAATGAAGGCTG_001,113
TTGATGTTGAATGAAGGCTG_002,57
TTGATGTTGAATGAAGGCTG_003,84
TTGATGTTGAATGAAGGCTG_004,144
TTGATGTTGAATGAAGGCTG_005,189
TTGATGTTGAATGAAGGCTG_006,94
TTGATGTTGAATGAAGGCTG_007,150
TTGATGTTGAATGAAGGCTG_008,67
TTGATGTTGAATGAAGGCTG_009,92
TTGATGTTGAATGAAGGCTG_010,195
TTGATGTTGAATGAAGGCTG_011,122
TTGATGTTGAATGAAGGCTG_012,2
TTGATGTTGAATGAAGGCTG_013,47
TTGATGTTGAATGAAGGCTG_014,10
ACAAGGTTACAACACAGCAA_001,173
ACAAGGTTACAACACAGCAA_002,107
ACAAGGTTACAACACAGCAA_003,183
ACAAGGTTACAACACAGCAA_004,149
ACAAGGTTACAACACAGCAA_005,93
ACAAGGTTACAACACAGCAA_006,104
AGAGCGACTGTGATTTCTCG_001,191
AGAGCGACTGTGATTTCTCG_002,150
AGAGCGACTGTGATTTCTCG_003,197
AGAGCGACTGTGATTTCTCG_004,61
AGAGCGACTGTGATTTCTCG_005,146
AGAGCGACTGTGATTTCTCG_006,196
AGAGCGACTGTGATTTCTCG_007,108
AGAGCGACTGTGATTTCTCG_008,149
AGAGCGACTGTGATTTCTCG_009,158
AGAGCGACTGTGATTTCTCG_010,77
AGAGCGACTGTGATTTCTCG_011,191
GCGTCTATCCCAGACTACCG_001,32
GCGTCTATCCCAGACTACCG_002,154
GCGTCTATCCCAGACTACCG_003,102
GCGTCTATCCCAGACTACCG_004,137
GCGTCTATCCCAGACTACCG_005,0
GCGTCTATCCCAGACTACCG_006,52
GCGTCTATCCCAGACTACCG_007,116
CCAGTTGATCCAAATAACGG_001,149
CCAGTTGATCCAAATAACGG_002,52
CCAGTTGATCCAAATAACGG_003,164
CCAGTTGATCCAAATAACGG_004,175
CCAGTTGATCCAAATAACGG_005,7
CCAGTTGATCCAAATAACGG_006,150
CCAGTTGATCCAAATAACGG_007,106
CCAGTTGATCCAAATAACGG_008,136
CCAGTTGATCCAAATAACGG_009,188
CAGCCAGTAGCATGGCAGGG_001,164
CAGCCAGTAGCATGGCAGGG_002,116
CAGCCAGTAGCATGGCAGGG_003,10
CAGCCAGTAGCATGGCAGGG_004,56
ATTGGGGTCATCGATAATAG_001,8
ATTGGGGTCATCGATAATAG_002,173
ATTGGGGTCATCGATAATAG_003,57
GAACCGCAGAATGACAATGA_001,170
GAACCGCAGAATGACAATGA_002,147
GAACCGCAGAATGACAATGA_003,112
GAACCGCAGAATGACAATGA_004,85
GAACCGCAGAATGACAATGA_005,197
GAACCGCAGAATGACAATGA_006,176
GAACCGCAGAATGACAATGA_007,146
GAACCGCAGAATGACAATGA_008,132
GAACCGCAGAATGACAATGA_009,134
GAACCGCAGAATGACAATGA_010,99
GAACCGCAGAATGACAATGA_011,168
GAACCGCAGAATGACAATGA_012,62
GAACCGCAGAATGACAATGA_013,78
GAACCGCAGAATGACAATGA_014,62
GAACCGCAGAATGACAATGA_015,140
GAACCGCAGAATGACAATGA_016,115
GAACCGCAGAATGACAATGA_017,1
GAACCGCAGAATGACAATGA_018,191
GAACCGCAGAATGACAATGA_019,39
GAACCGCAGAATGACAATGA_020,106
CACAGAAAGGAACCTCACGG_001,150
CACAGAAAGGAACCTCACGG_002,115
CACAGAAAGGAACCTCACGG_003,171
CACAGAAAGGAACCTCACGG_004,134
CACAGAAAGGAACCTCACGG_005,48
CACAGAAAGGAACCTCACGG_006,96
CACAGAAAGGAACCTCACGG_007,92
CACAGAAAGGAACCTCACGG_008,83
CACAGAAAGGAACCTCACGG_009,172
CACAGAAAGGAACCTCACGG_010,134
CACAGAAAGGAACCTCACGG_011,98
CACAGAAAGGAACCTCACGG_012,145
CACAGAAAGGAACCTCACGG_013,69
CACAGAAAGGAACCTCACGG_014,43
CACAGAAAGGAACCTCACGG_015,70
CACAGAAAGGAACCTCACGG_016,96
GACACTGGCACACACCGTGT_001,144
GACACTGGCACACACCGTGT_002,3
GACACTGGCACACACCGTGT_003,110
GGCTTCAACATCAACGTTCG_001,50
GGCTTCAACATCAACGTTCG_002,187
GGCTTCAACATCAACGTTCG_003,121
GGCTTCAACATCAACGTTCG_004,40
GGCTTCAACATCAACGTTCG_005,57
GGTGGGCAGCGCGCCACCAG_001,56
GGTGGGCAGCGCGCCACCAG_002,111
GGTGGGCAGCGCGCCACCAG_003,166
GGTGGGCAGCGCGCCACCAG_004,138
GCATCATCACTCCCTTAGGT_001,69
GCATCATCACTCCCTTAGGT_002,107
GCATCATCACTCCCTTAGGT_003,169
GCATCATCACTCCCTTAGGT_004,51
GCATCATCACTCCCTTAGGT_005,60
GCATCATCACTCCCTTAGGT_006,57
GCATCATCACTCCCTTAGGT_007,42
TGCATCGCGACATCAAGCCG_001,137
TGCATCGCGACATCAAGCCG_002,108
CAGCGGCTAGATGGTTACCG_001,97
CAGCGGCTAGATGGTTACCG_002,120
CAGCGGCTAGATGGTTACCG_003,36
CAGCGGCTAGATGGTTACCG_004,15
CAGCGGCTAGATGGTTACCG_005,123
CAGCGGCTAGATGGTTACCG_006,60
GTTAGAGCAGTCCATGCGGG_001,106
GTTAGAGCAGTCCATGCGGG_002,88
GTTAGAGCAGTCCATGCGGG_003,152
GTTAGAGCAGTCCATGCGGG_004,0
GTTAGAGCAGTCCATGCGGG_005,47
GTTAGAGCAGTCCATGCGGG_006,198
GTTAGAGCAGTCCATGCGGG_007,149
GTTAGAGCAGTCCATGCGGG_008,169
GTTAGAGCAGTCCATGCGGG_009,91
GTTAGAGCAGTCCATGCGGG_010,82
GTTAGAGCAGTCCATGCGGG_011,180
GTTAGAGCAGTCCATGCGGG_012,63
GTTAGAGCAGTCCATGCGGG_013,42
GTTAGAGCAGTCCATGCGGG_014,148
GTTAGAGCAGTCCATGCGGG_015,10
GTTAGAGCAGTCCATGCGGG_016,165
GTTAGAGCAGTCCATGCGGG_017,118
GTTAGAGCAGTCCATGCGGG_018,113
GTTAGAGCAGTCCATGCGGG_019,98
TCACAGAAGGTTCCGTACTG_001,27
TCACAGAAGGTTCCGTACTG_002,165
TCACAGAAGGTTCCGTACTG_003,42
TCACAGAAGGTTCCGTACTG_004,58
TCACAGAAGGTTCCGTACTG_005,17
TCACAGAAGGTTCCGTACTG_006,93
TCACAGAAGGTTCCGTACTG_007,91
TCACAGAAGGTTCCGTACTG_008,114
TCACAGAAGGTTCCGTACTG_009,13
TCACAGAAGGTTCCGTACTG_010,37
TCACAGAAGGTTCCGTACTG_011,107
TCACAGAAGGTTCCGTACTG_012,56
GCACCTTCCTTAAGAACAGG_001,62
GCACCTTCCTTAAGAACAGG_002,145
GCACCTTCCTTAAGAACAGG_003,42
GCACCTTCCTTAAGAACAGG_004,96
GCACCTTCCTTAAGAACAGG_005,65
GCACCTTCCTTAAGAACAGG_006,183
GCACCTTCCTTAAGAACAGG_007,88
GCACCTTCCTTAAGAACAGG_008,146
GCACCTTCCTTAAGAACAGG_009,117
GCACCTTCCTTAAGAACAGG_010,114
GCACCTTCCTTAAGAACAGG_011,24
GCACCTTCCTTAAGAACAGG_012,171
ACATAGGGCTTAATCAACAC_001,160
ACATAGGGCTTAATCAACAC_002,198
ACATAGGGCTTAATCAACAC_003,9
ACATAGGGCTTAATCAACAC_004,43
AACATGGTCAACGTCTTGAA_001,44
AACATGGTCAACGTCTTGAA_002,44
AACATGGTCAACGTCTTGAA_003,51
AACATGGTCAACGTCTTGAA_004,36
AACATGGTCAACGTCTTGAA_005,147
AGGAAGAGGGCATGACGTGG_001,79
AGGAAGAGGGCATGACGTGG_002,195
AGGAAGAGGGCATGACGTGG_003,53
AGGAAGAGGGCATGACGTGG_004,184
CTCCTCAGAGTGGAACAACG_001,65
GCTCAACGACTCCATTGCCG_001,191
GCTCAACGACTCCATTGCCG_002,48
GCTCAACGACTCCATTGCCG_003,94
GCTCAACGACTCCATTGCCG_004,6
GCTCAACGACTCCATTGCCG_005,15
GCTCAACGACTCCATTGCCG_006,138
TGATGGATGTGCTTCTTCCG_001,170
TGATGGATGTGCTTCTTCCG_002,137
TGATGGATGTGCTTCTTCCG_003,156
TGATGGATGTGCTTCTTCCG_004,162
GAATATCGCGGCCTTCGGGG_001,20
GAATATCGCGGCCTTCGGGG_002,147
GAATATCGCGGCCTTCGGGG_003,169
GAATATCGCGGCCTTCGGGG_004,137
GAATATCGCGGCCTTCGGGG_005,163
GAATATCGCGGCCTTCGGGG_006,49
GAATATCGCGGCCTTCGGGG_007,169
GAATATCGCGGCCTTCGGGG_008,116
GAATATCGCGGCCTTCGGGG_009,122
GAATATCGCGGCCTTCGGGG_010,13
GAATATCGCGGCCTTCGGGG_011,147
GAATATCGCGGCCTTCGGGG_012,175
GAATATCGCGGCCTTCGGGG_013,105
GAATATCGCGGCCTTCGGGG_014,91
GAACGAGTCCTTTACTACAC_001,14
GAACGAGTCCTTTACTACAC_002,37
GAACGAGTCCTTTACTACAC_003,85
GAACGAGTCCTTTACTACAC_004,194
GAACGAGTCCTTTACTACAC_005,119
GAACGAGTCCTTTACTACAC_006,49
GAACGAGTCCTTTACTACAC_007,177
GAACGAGTCCTTTACTACAC_008,57
GAACGAGTCCTTTACTACAC_009,25
GAACGAGTCCTTTACTACAC_010,127
GAACGAGTCCTTTACTACAC_011,174
GAACGAGTCCTTTACTACAC_012,188
GAACGAGTCCTTTACTACAC_013,84
GAACGAGTCCTTTACTACAC_014,26
GAACGAGTCCTTTACTACAC_015,98
GAACGAGTCCTTTACTACAC_016,72
GAACGAGTCCTTTACTACAC_017,172
ATGACTACCTGTCTATCACC_001,199
ATGACTACCTGTCTATCACC_002,150
AGCTTTCGAAATTGAGTGTC_001,121
AGCTTTCGAAATTGAGTGTC_002,184
AGCTTTCGAAATTGAGTGTC_003,1
AGCTTTCGAAATTGAGTGTC_004,103
AGCTTTCGAAATTGAGTGTC_005,92
AGCTTTCGAAATTGAGTGTC_006,145
AGCTTTCGAAATTGAGTGTC_007,1
AGCTTTCGAAATTGAGTGTC_008,162
AGCTTTCGAAATTGAGTGTC_009,120
GCAATGATGGCGATTCCGTG_001,17
GCAATGATGGCGATTCCGTG_002,55
GCAATGATGGCGATTCCGTG_003,2
GCAATGATGGCGATTCCGTG_004,127
GCAATGATGGCGATTCCGTG_005,68
GCAATGATGGCGATTCCGTG_006,74
GGACCTGCATGCGTATATCG_001,44
GGACCTGCATGCGTATATCG_002,149
GGACCTGCATGCGTATATCG_003,27
GGACCTGCATGCGTATATCG_004,160
GGACCTGCATGCGTATATCG_005,83
AAATATGTACAAATGATGGG_001,197
AAATATGTACAAATGATGGG_002,124
AAATATGTACAAATGATGGG_003,102
TACTTGTGATTCCACGAACA_001,48
TACTTGTGATTCCACGAACA_002,121
TACTTGTGATTCCACGAACA_003,116
TACTTGTGATTCCACGAACA_004,183
TACTTGTGATTCCACGAACA_005,159
TACTTGTGATTCCACGAACA_006,144
TACTTGTGATTCCACGAACA_007,94
TACTTGTGATTCCACGAACA_008,93
TACTTGTGATTCCACGAACA_009,96
TACTTGTGATTCCACGAACA_010,194
TACTTGTGATTCCACGAACA_011,157
TACTTGTGATTCCACGAACA_012,50
TGTCACGGAAAAACTCCTTG_001,73
TGTCACGGAAAAACTCCTTG_002,0
TGTCACGGAAAAACTCCTTG_003,120
TGTCACGGAAAAACTCCTTG_004,167
TGTCACGGAAAAACTCCTTG_005,58
GACTTACCAAACTGACACTG_001,95
GACTTACCAAACTGACACTG_002,130
GACTTACCAAACTGACACTG_003,94
GACTTACCAAACTGACACTG_004,102
GACTTACCAAACTGACACTG_005,198
GACTTACCAAACTGACACTG_006,194
GACTTACCAAACTGACACTG_007,72
GACTTACCAAACTGACACTG_008,1
GACTTACCAAACTGACACTG_009,70
GACTTACCAAACTGACACTG_010,132
GACTTACCAAACTGACACTG_011,50
GACTTACCAAACTGACACTG_012,129
GACTTACCAAACTGACACTG_013,67
GACTTACCAAACTGACACTG_014,148
GACTTACCAAACTGACACTG_015,62
GACTTACCAAACTGACACTG_016,140
GACTTACCAAACTGACACTG_017,49
GACTTACCAAACTGACACTG_018,48
GACTTACCAAACTGACACTG_019,50
GACTTACCAAACTGACACTG_020,164
GACTTACCAAACTGACACTG_021,164
GACTTACCAAACTGACACTG_022,116
GACTTACCAAACTGACACTG_023,114
GACTTACCAAACTGACACTG_024,45
GACTTACCAAACTGACACTG_025,96
GACTTACCAAACTGACACTG_026,197
GACTTACCAAACTGACACTG_027,119
GACTTACCAAACTGACACTG_028,150
GACTTACCAAACTGACACTG_029,169
GACTTACCAAACTGACACTG_030,119
GACTTACCAAACTGACACTG_031,41
GACTTACCAAACTGACACTG_032,70
GACTTACCAAACTGACACTG_033,119
GACTTACCAAACTGACACTG_034,177
GACTTACCAAACTGACACTG_035,50
GACTTACCAAACTGACACTG_036,17
GACTTACCAAACTGACACTG_037,82
GACTTACCAAACTGACACTG_038,9
GACTTACCAAACTGACACTG_039,122
GAAACTGACCAAGCTCCGAG_001,16
GAAACTGACCAAGCTCCGAG_002,132
GAAACTGACCAAGCTCCGAG_003,178
GAAACTGACCAAGCTCCGAG_004,6
GAAACTGACCAAGCTCCGAG_005,91
GAAACTGACCAAGCTCCGAG_006,51
GAAACTGACCAAGCTCCGAG_007,111
GAAACTGACCAAGCTCCGAG_008,8
GAAACTGACCAAGCTCCGAG_009,174
GAAACTGACCAAGCTCCGAG_010,13
GAAACTGACCAAGCTCCGAG_011,77
GAAACTGACCAAGCTCCGAG_012,40
GAAACTGACCAAGCTCCGAG_013,171
GAAACTGACCAAGCTCCGAG_014,162
GAAACTGACCAAGCTCCGAG_015,0
GAAACTGACCAAGCTCCGAG_016,141
GAAACTGACCAAGCTCCGAG_017,164
CATTCATATTTCATGTCCAA_001,20
CATTCATATTTCATGTCCAA_002,98
GCGTCGAACCCCCTGACAGG_001,121
GCGTCGAACCCCCTGACAGG_002,37
GCGTCGAACCCCCTGACAGG_003,132
GCGTCGAACCCCCTGACAGG_004,54
GCGTCGAACCCCCTGACAGG_005,150
GCGTCGAACCCCCTGACAGG_006,145
GCGTCGAACCCCCTGACAGG_007,2
GCGTCGAACCCCCTGACAGG_008,171
GCGTCGAACCCCCTGACAGG_009,2
GCGTCGAACCCCCTGACAGG_010,127
GCGTCGAACCCCCTGACAGG_011,188
GCGTCGAACCCCCTGACAGG_012,147
GCGTCGAACCCCCTGACAGG_013,87
GCGTCGAACCCCCTGACAGG_014,179
GCGTCGAACCCCCTGACAGG_015,178
GCGTCGAACCCCCTGACAGG_016,9
GCGTCGAACCCCCTGACAGG_017,124
GCGTCGAACCCCCTGACAGG_018,63
GCGTCGAACCCCCTGACAGG_019,13
GCGTCGAACCCCCTGACAGG_020,190
ACGTGAGTGCAGCTTTCTGT_001,79
ACGTGAGTGCAGCTTTCTGT_002,178
ACGTGAGTGCAGCTTTCTGT_003,192
ACGTGAGTGCAGCTTTCTGT_004,68
ACGTGAGTGCAGCTTTCTGT_005,134
ACGTGAGTGCAGCTTTCTGT_006,153
GGACCCACACTCCTACGACG_001,94
GGACCCACACTCCTACGACG_002,194
GGACCCACACTCCTACGACG_003,169
GGACCCACACTCCTACGACG_004,68
CAGCAGTCCTATGATTATGG_001,58
CAGCAGTCCTATGATTATGG_002,103
CAGCAGTCCTATGATTATGG_003,29
GACCACCGACTGGAGCACGT_001,70
GACCACCGACTGGAGCACGT_002,36
GACCACCGACTGGAGCACGT_003,45
GACCACCGACTGGAGCACGT_004,150
GACCACCGACTGGAGCACGT_005,102
GACCACCGACTGGAGCACGT_006,185
GACCACCGACTGGAGCACGT_007,60
GACCACCGACTGGAGCACGT_008,127
GACCACCGACTGGAGCACGT_009,88
GACCACCGACTGGAGCACGT_010,115
GACCACCGACTGGAGCACGT_011,49
GACCACCGACTGGAGCACGT_012,84
GACCACCGACTGGAGCACGT_013,140
GACCACCGACTGGAGCACGT_014,5
GACCACCGACTGGAGCACGT_015,153
GACCACCGACTGGAGCACGT_016,78
GACCACCGACTGGAGCACGT_017,78
GACCACCGACTGGAGCACGT_018,148
GACCACCGACTGGAGCACGT_019,48
GACCACCGACTGGAGCACGT_020,169
GACCACCGACTGGAGCACGT_021,50
GACCACCGACTGGAGCACGT_022,8
GACCACCGACTGGAGCACGT_023,171
GACCACCGACTGGAGCACGT_024,112
GACCACCGACTGGAGCACGT_025,148
GACCACCGACTGGAGCACGT_026,41
GACCACCGACTGGAGCACGT_027,115
GACCACCGACTGGAGCACGT_028,42
GACCACCGACTGGAGCACGT_029,98
GACCACCGACTGGAGCACGT_030,81
GACCACCGACTGGAGCACGT_031,121
GACCACCGACTGGAGCACGT_032,195
GACCACCGACTGGAGCACGT_033,175
GACCACCGACTGGAGCACGT_034,17
GACCACCGACTGGAGCACGT_035,1
GACCACCGACTGGAGCACGT_036,118
GACCACCGACTGGAGCACGT_037,29
GACCACCGACTGGAGCACGT_038,81
GACCACCGACTGGAGCACGT_039,147
GACCACCGACTGGAGCACGT_040,83
GACCACCGACTGGAGCACGT_041,178
GACCACCGACTGGAGCACGT_042,92
GACCACCGACTGGAGCACGT_043,15
GACCACCGACTGGAGCACGT_044,198
GACCACCGACTGGAGCACGT_045,48
GACCACCGACTGGAGCACGT_046,124
GACCACCGACTGGAGCACGT_047,99
GACCACCGACTGGAGCACGT_048,198
GACCACCGACTGGAGCACGT_049,34
GACCACCGACTGGAGCACGT_050,52
GACCACCGACTGGAGCACGT_051,14
GACCACCGACTGGAGCACGT_052,57
GACCACCGACTGGAGCACGT_053,139
GACCACCGACTGGAGCACGT_054,103
GACCACCGACTGGAGCACGT_055,101
GACCACCGACTGGAGCACGT_056,194
GACCACCGACTGGAGCACGT_057,106
GACCACCGACTGGAGCACGT_058,78
GACCACCGACTGGAGCACGT_059,10
GACCACCGACTGGAGCACGT_060,123
GACCACCGACTGGAGCACGT_061,118
GAGGCATCAGGGAATCGTAG_001,88
GAGGCATCAGGGAATCGTAG_002,95
GAGGCATCAGGGAATCGTAG_003,41
GAGGCATCAGGGAATCGTAG_004,50
GAGGCATCAGGGAATCGTAG_005,65
GAGGCATCAGGGAATCGTAG_006,134
GAGGCATCAGGGAATCGTAG_007,14
GAGGCATCAGGGAATCGTAG_008,142
GAGGCATCAGGGAATCGTAG_009,160
GAGGCATCAGGGAATCGTAG_010,0
AACTTCCAATAATTCCAACA_001,197
AACTTCCAATAATTCCAACA_002,42
AACTTCCAATAATTCCAACA_003,178
AACTTCCAATAATTCCAACA_004,35
GGTGTACCGGAGTAGTCCAG_001,169
CAAGGACATCAAACTGATTG_001,170
CAAGGACATCAAACTGATTG_002,185
TAAGACCAAGGAGATAAGGG_001,150
TAAGACCAAGGAGATAAGGG_002,94
TAAGACCAAGGAGATAAGGG_003,103
TAAGACCAAGGAGATAAGGG_004,198
TAAGACCAAGGAGATAAGGG_005,42
TAAGACCAAGGAGATAAGGG_006,168
ACAATTTAGCTGATTCGGCG_001,16
ACAATTTAGCTGATTCGGCG_002,48
ACAATTTAGCTGATTCGGCG_003,73
ACAATTTAGCTGATTCGGCG_004,6
ACAATTTAGCTGATTCGGCG_005,159
ACAATTTAGCTGATTCGGCG_006,182
ACAATTTAGCTGATTCGGCG_007,43
TGGCCATAGGATAACTGATG_001,44
TGGCCATAGGATAACTGATG_002,50
TGGCCATAGGATAACTGATG_003,121
TGGCCATAGGATAACTGATG_004,81
TGGCCATAGGATAACTGATG_005,11
TGGCCATAGGATAACTGATG_006,108
TGGCCATAGGATAACTGATG_007,76
GAGTACATCCTGTACGACGT_001,113
GAGTACATCCTGTACGACGT_002,113
GAGTACATCCTGTACGACGT_003,186
GAGTACATCCTGTACGACGT_004,137
GAGTACATCCTGTACGACGT_005,194
TCGATTTGTGTGAACAAACG_001,77
TCGATTTGTGTGAACAAACG_002,149
TCGATTTGTGTGAACAAACG_003,166
TCGATTTGTGTGAACAAACG_004,183
TCGATTTGTGTGAACAAACG_005,153
TCGATTTGTGTGAACAAACG_006,136
TCGATTTGTGTGAACAAACG_007,188
CCTGGAACACTGCGACATAG_001,137
CCTGGAACACTGCGACATAG_002,12
CCTGGAACACTGCGACATAG_003,117
CCTGGAACACTGCGACATAG_004,190
ATCAGGGTATTGCACCTAGT_001,4
ATCAGGGTATTGCACCTAGT_002,194
ATCAGGGTATTGCACCTAGT_003,31
ATCAGGGTATTGCACCTAGT_004,150
CCTCTCCAATGGGAGCCGTG_001,184
CCTCTCCAATGGGAGCCGTG_002,186
CCTCTCCAATGGGAGCCGTG_003,127
CCTCTCCAATGGGAGCCGTG_004,122
CCTCTCCAATGGGAGCCGTG_005,130
CCTCTCCAATGGGAGCCGTG_006,103
CCTCTCCAATGGGAGCCGTG_007,38
CCTCTCCAATGGGAGCCGTG_008,54
CCTCTCCAATGGGAGCCGTG_009,154
CCTCTCCAATGGGAGCCGTG_010,147
CTGCTTTGAGCATTACGAGA_001,77
CTGCTTTGAGCATTACGAGA_002,139
CTGCTTTGAGCATTACGAGA_003,179
CTGCTTTGAGCATTACGAGA_004,75
CTGCTTTGAGCATTACGAGA_005,15
CTGCTTTGAGCATTACGAGA_006,169
CTGCTTTGAGCATTACGAGA_007,75
CTGCTTTGAGCATTACGAGA_008,198
CTGCTTTGAGCATTACGAGA_009,23
CTGCTTTGAGCATTACGAGA_010,141
CTGCTTTGAGCATTACGAGA_011,134
CTGCTTTGAGCATTACGAGA_012,134
CTGCTTTGAGCATTACGAGA_013,99
CTGCTTTGAGCATTACGAGA_014,16
CTGCTTTGAGCATTACGAGA_015,60
CTGCTTTGAGCATTACGAGA_016,26
CATGAGCTAGTACAACATGA_001,134
CATGAGCTAGTACAACATGA_002,175
CCAGCGCTCACGGTTCATCG_001,104
ACGGTGACCACACGGCTATG_001,116
ACGGTGACCACACGGCTATG_002,29
ACGGTGACCACACGGCTATG_003,38
ACGGTGACCACACGGCTATG_004,158
ACGGTGACCACACGGCTATG_005,78
ACGGTGACCACACGGCTATG_006,9
ACGGTGACCACACGGCTATG_007,134
ACGGTGACCACACGGCTATG_008,12
ACGGTGACCACACGGCTATG_009,102
ACGGTGACCACACGGCTATG_010,29
ACGGTGACCACACGGCTATG_011,62
ACGGTGACCACACGGCTATG_012,129
ACGGTGACCACACGGCTATG_013,191
ACGGTGACCACACGGCTATG_014,105
ACGGTGACCACACGGCTATG_015,42
ACGGTGACCACACGGCTATG_016,54
ACGGTGACCACACGGCTATG_017,96
ACGGTGACCACACGGCTATG_018,9
ACGGTGACCACACGGCTATG_019,130
ACGGTGACCACACGGCTATG_020,160
ACGGTGACCACACGGCTATG_021,20
ACGGTGACCACACGGCTATG_022,128
ACGGTGACCACACGGCTATG_023,120
ACGGTGACCACACGGCTATG_024,35
ACGGTGACCACACGGCTATG_025,195
ACGGTGACCACACGGCTATG_026,75
ACGGTGACCACACGGCTATG_027,119
ACGGTGACCACACGGCTATG_028,98
ACGGTGACCACACGGCTATG_029,163
ACGGTGACCACACGGCTATG_030,176
ACGGTGACCACACGGCTATG_031,76
ACGGTGACCACACGGCTATG_032,184
ACGGTGACCACACGGCTATG_033,77
ACGGTGACCACACGGCTATG_034,160
ACGGTGACCACACGGCTATG_035,106
ACGGTGACCACACGGCTATG_036,48
ACGGTGACCACACGGCTATG_037,98
ACGGTGACCACACGGCTATG_038,169
ACGGTGACCACACGGCTATG_039,169
ACGGTGACCACACGGCTATG_040,33
ACGGTGACCACACGGCTATG_041,148
ACGGTGACCACACGGCTATG_042,15
ACGGTGACCACACGGCTATG_043,123
ACGGTGACCACACGGCTATG_044,160
ACGGTGACCACACGGCTATG_045,193
ACGGTGACCACACGGCTATG_046,73
ACGGTGACCACACGGCTATG_047,23
ACGGTGACCACACGGCTATG_048,140
ACGGTGACCACACGGCTATG_049,35
ACGGTGACCACACGGCTATG_050,157
ACGGTGACCACACGGCTATG_051,157
ACGGTGACCACACGGCTATG_052,1
ACGGTGACCACACGGCTATG_053,170
ACGGTGACCACACGGCTATG_054,36
ACGGTGACCACACGGCTATG_055,145
ACGGTGACCACACGGCTATG_056,167
ACGGTGACCACACGGCTATG_057,83
ACGGTGACCACACGGCTATG_058,46
ACGGTGACCACACGGCTATG_059,180
ACGGTGACCACACGGCTATG_060,61
ACGGTGACCACACGGCTATG_061,0
ACGGTGACCACACGGCTATG_062,106
ACGGTGACCACACGGCTATG_063,97
ACGGTGACCACACGGCTATG_064,197
ACGGTGACCACACGGCTATG_065,116
ACGGTGACCACACGGCTATG_066,66
ACGGTGACCACACGGCTATG_067,33
ACGGTGACCACACGGCTATG_068,98
ACGGTGACCACACGGCTATG_069,49
ACGGTGACCACACGGCTATG_070,158
CTGAGAGAGCAGTAGAGGAA_001,15
CTGAGAGAGCAGTAGAGGAA_002,85
CTGAGAGAGCAGTAGAGGAA_003,126
CTGAGAGAGCAGTAGAGGAA_004,149
CTGAGAGAGCAGTAGAGGAA_005,81
CTGAGAGAGCAGTAGAGGAA_006,1
CTGAGAGAGCAGTAGAGGAA_007,35
CTGAGAGAGCAGTAGAGGAA_008,102
CTGAGAGAGCAGTAGAGGAA_009,62
CTGAGAGAGCAGTAGAGGAA_010,27
CTGAGAGAGCAGTAGAGGAA_011,83
CTGAGAGAGCAGTAGAGGAA_012,43
CTGAGAGAGCAGTAGAGGAA_013,35
CTGAGAGAGCAGTAGAGGAA_014,172
TCTTCCCCCATCCATCACCA_001,8
TCTTCCCCCATCCATCACCA_002,192
TCTTCCCCCATCCATCACCA_003,7
TCTTCCCCCATCCATCACCA_004,24
TCTTCCCCCATCCATCACCA_005,38
TCTTCCCCCATCCATCACCA_006,88
TCTTCCCCCATCCATCACCA_007,50
TCTTCCCCCATCCATCACCA_008,130
TCTTCCCCCATCCATCACCA_009,53
TCTTCCCCCATCCATCACCA_010,51
TCTTCCCCCATCCATCACCA_011,2
TCTTCCCCCATCCATCACCA_012,144
TCTTCCCCCATCCATCACCA_013,185
TCTTCCCCCATCCATCACCA_014,162
TCTTCCCCCATCCATCACCA_015,184
TCTTCCCCCATCCATCACCA_016,17
TCTTCCCCCATCCATCACCA_017,47
TCTTCCCCCATCCATCACCA_018,80
TCTTCCCCCATCCATCACCA_019,181
TCTTCCCCCATCCATCACCA_020,62
TCTTCCCCCATCCATCACCA_021,88
TCTTCCCCCATCCATCACCA_022,113
TCTTCCCCCATCCATCACCA_023,113
TCTTCCCCCATCCATCACCA_024,184
TCTTCCCCCATCCATCACCA_025,6
TCTTCCCCCATCCATCACCA_026,10
TCTTCCCCCATCCATCACCA_027,41
TCTTCCCCCATCCATCACCA_028,165
TCTTCCCCCATCCATCACCA_029,22
TGGCAGAGGTATCCGTGCAG_001,137
CGGGTCAGTTTACGCTTTGG_001,65
CGGGTCAGTTTACGCTTTGG_002,3
CGGGTCAGTTTACGCTTTGG_003,68
CGGGTCAGTTTACGCTTTGG_004,32
CGGGTCAGTTTACGCTTTGG_005,115
CGGGTCAGTTTACGCTTTGG_006,172
CGGGTCAGTTTACGCTTTGG_007,189
TGTCCCCATAGATGTCGCAG_001,119
TGTCCCCATAGATGTCGCAG_002,177
TGTCCCCATAGATGTCGCAG_003,48
TGTCCCCATAGATGTCGCAG_004,146
TGTCCCCATAGATGTCGCAG_005,187
TGTCCCCATAGATGTCGCAG_006,193
TGTCCCCATAGATGTCGCAG_007,121
TGTCCCCATAGATGTCGCAG_008,157
TGTCCCCATAGATGTCGCAG_009,33
TGTCCCCATAGATGTCGCAG_010,2
TGTCCCCATAGATGTCGCAG_011,72
TGTCCCCATAGATGTCGCAG_012,68
TGTCCCCATAGATGTCGCAG_013,157
TGTCCCCATAGATGTCGCAG_014,28
TGTCCCCATAGATGTCGCAG_015,56
TGTCCCCATAGATGTCGCAG_016,102
TCGGTGCAGACCACCTCCCG_001,197
TCGGTGCAGACCACCTCCCG_002,111
TCGGTGCAGACCACCTCCCG_003,48
TCGGTGCAGACCACCTCCCG_004,42
TCGGTGCAGACCACCTCCCG_005,45
TCGGTGCAGACCACCTCCCG_006,148
TCGGTGCAGACCACCTCCCG_007,158
TCGGTGCAGACCACCTCCCG_008,120
TCGGTGCAGACCACCTCCCG_009,41
TCGGTGCAGACCACCTCCCG_010,150
TCGGTGCAGACCACCTCCCG_011,58
TCGGTGCAGACCACCTCCCG_012,112
CCGCCCCAGACACCTGTCAG_001,113
CCGCCCCAGACACCTGTCAG_002,57
CCGCCCCAGACACCTGTCAG_003,15
CCGCCCCAGACACCTGTCAG_004,99
CCGCCCCAGACACCTGTCAG_005,1
CCGCCCCAGACACCTGTCAG_006,56
CCGCCCCAGACACCTGTCAG_007,190
CCGCCCCAGACACCTGTCAG_008,139
CCGCCCCAGACACCTGTCAG_009,138
CCGCCCCAGACACCTGTCAG_010,16
GTGGAGCCTCTTACACCCAG_001,83
GTGGAGCCTCTTACACCCAG_002,181
GTGGAGCCTCTTACACCCAG_003,48
GTGGAGCCTCTTACACCCAG_004,158
GTGGAGCCTCTTACACCCAG_005,147
GTGGAGCCTCTTACACCCAG_006,121
GTGGAGCCTCTTACACCCAG_007,84
GTGGAGCCTCTTACACCCAG_008,73
GTGGAGCCTCTTACACCCAG_009,98
GTGGAGCCTCTTACACCCAG_010,99
GTGGAGCCTCTTACACCCAG_011,63
GTGGAGCCTCTTACACCCAG_012,40
GTGGAGCCTCTTACACCCAG_013,57
GTGGAGCCTCTTACACCCAG_014,51
CGCCGAGGGTCCTCCGGTGC_001,4
CGCCGAGGGTCCTCCGGTGC_002,154
CGCCGAGGGTCCTCCGGTGC_003,150
CGCCGAGGGTCCTCCGGTGC_004,137
CGCCGAGGGTCCTCCGGTGC_005,147
CGCCGAGGGTCCTCCGGTGC_006,192
TAGAGGCTGCCACATCTGGG_001,198
TAGAGGCTGCCACATCTGGG_002,57
TAGAGGCTGCCACATCTGGG_003,46
TAGAGGCTGCCACATCTGGG_004,141
TAGGTAGATGCCGCTCGCAA_001,64
TAGGTAGATGCCGCTCGCAA_002,133
TAGGTAGATGCCGCTCGCAA_003,29
TAGGTAGATGCCGCTCGCAA_004,138
TAGGTAGATGCCGCTCGCAA_005,105
TAGGTAGATGCCGCTCGCAA_006,4
TAGGTAGATGCCGCTCGCAA_007,113
TAGGTAGATGCCGCTCGCAA_008,112
TAGGTAGATGCCGCTCGCAA_009,84
TAGGTAGATGCCGCTCGCAA_010,63
TACTGAAGCACACCCAAACA_001,61
TACTGAAGCACACCCAAACA_002,127
TACTGAAGCACACCCAAACA_003,165
GGTAAAGAGAACTGGTCTTG_001,134
GGTAAAGAGAACTGGTCTTG_002,188
GGTAAAGAGAACTGGTCTTG_003,137
CTTAATTCCAATCCACCACA_001,98
CTTAATTCCAATCCACCACA_002,4
CTTAATTCCAATCCACCACA_003,11
CTTAATTCCAATCCACCACA_004,100
CTTAATTCCAATCCACCACA_005,84
CTTAATTCCAATCCACCACA_006,88
CTTAATTCCAATCCACCACA_007,41
CTTAATTCCAATCCACCACA_008,122
CTTAATTCCAATCCACCACA_009,2
CTTAATTCCAATCCACCACA_010,131
CAGACACGGAAAGGTCGCTG_001,198
CAGACACGGAAAGGTCGCTG_002,47
CAGACACGGAAAGGTCGCTG_003,72
CAGACACGGAAAGGTCGCTG_004,8
CAGACACGGAAAGGTCGCTG_005,168
CAGACACGGAAAGGTCGCTG_006,139
CAGACACGGAAAGGTCGCTG_007,31
CAGACACGGAAAGGTCGCTG_008,23
CAGACACGGAAAGGTCGCTG_009,174
CAGACACGGAAAGGTCGCTG_010,141
CAGACACGGAAAGGTCGCTG_011,105
CAGACACGGAAAGGTCGCTG_012,146
CAGACACGGAAAGGTCGCTG_013,149
CAGACACGGAAAGGTCGCTG_014,29
CAGACACGGAAAGGTCGCTG_015,127
CAGACACGGAAAGGTCGCTG_016,130
CAGACACGGAAAGGTCGCTG_017,145
CAGACACGGAAAGGTCGCTG_018,160
CAGACACGGAAAGGTCGCTG_019,172
CAGACACGGAAAGGTCGCTG_020,36
CAGACACGGAAAGGTCGCTG_021,165
CAGACACGGAAAGGTCGCTG_022,112
CAGACACGGAAAGGTCGCTG_023,89
CAGACACGGAAAGGTCGCTG_024,42
CAGACACGGAAAGGTCGCTG_025,65
CAGACACGGAAAGGTCGCTG_026,112
CAGACACGGAAAGGTCGCTG_027,115
CAGACACGGAAAGGTCGCTG_028,35
CAGACACGGAAAGGTCGCTG_029,147
CAGACACGGAAAGGTCGCTG_030,55
ATGGCTCAAATAGGATTGCG_001,88
ATGGCTCAAATAGGATTGCG_002,36
ATGGCTCAAATAGGATTGCG_003,188
ATGGCTCAAATAGGATTGCG_004,43
ATGGCTCAAATAGGATTGCG_005,77
ATGGCTCAAATAGGATTGCG_006,62
ATGGCTCAAATAGGATTGCG_007,95
ATGGCTCAAATAGGATTGCG_008,95
ATGGCTCAAATAGGATTGCG_009,178
ATGGCTCAAATAGGATTGCG_010,62
ATGGCTCAAATAGGATTGCG_011,48
ATGGCTCAAATAGGATTGCG_012,94
ATGGCTCAAATAGGATTGCG_013,172
ATGGCTCAAATAGGATTGCG_014,142
GGTCGTGGAGGCTTTAATCG_001,64
GGTCGTGGAGGCTTTAATCG_002,8
GGTCGTGGAGGCTTTAATCG_003,118
GGTCGTGGAGGCTTTAATCG_004,175
GGTCGTGGAGGCTTTAATCG_005,0
GGTCGTGGAGGCTTTAATCG_006,41
GGTCGTGGAGGCTTTAATCG_007,17
GGTCGTGGAGGCTTTAATCG_008,160
GGTCGTGGAGGCTTTAATCG_009,185
GGTCGTGGAGGCTTTAATCG_010,176
GGTCGTGGAGGCTTTAATCG_011,130
GGTCGTGGAGGCTTTAATCG_012,198
GGTCGTGGAGGCTTTAATCG_013,139
GGTCGTGGAGGCTTTAATCG_014,76
GGTCGTGGAGGCTTTAATCG_015,174
GGTCGTGGAGGCTTTAATCG_016,30
GGTCGTGGAGGCTTTAATCG_017,172
GGTCGTGGAGGCTTTAATCG_018,28
GGTCGTGGAGGCTTTAATCG_019,13
TCGGTGAGCTCGATACGCAG_001,2
TCGGTGAGCTCGATACGCAG_002,41
TCGGTGAGCTCGATACGCAG_003,137
TCGGTGAGCTCGATACGCAG_004,105
TCGGTGAGCTCGATACGCAG_005,70
TCGGTGAGCTCGATACGCAG_006,35
TCGGTGAGCTCGATACGCAG_007,35
ACAATATGTCGGACCCACGG_001,12
ACAATATGTCGGACCCACGG_002,103
ACAATATGTCGGACCCACGG_003,2
ACAATATGTCGGACCCACGG_004,177
ACAATATGTCGGACCCACGG_005,62
ACAATATGTCGGACCCACGG_006,187
ACAATATGTCGGACCCACGG_007,161
AGCTCCCCTTTACAAAACAG_001,84
AGCTCCCCTTTACAAAACAG_002,147
AGCTCCCCTTTACAAAACAG_003,181
AGCTCCCCTTTACAAAACAG_004,92
AGCTCCCCTTTACAAAACAG_005,50
AGCTCCCCTTTACAAAACAG_006,66
ACCCTCATCCACCAAATATT_001,5
ACCCTCATCCACCAAATATT_002,21
ACCCTCATCCACCAAATATT_003,58
ACCCTCATCCACCAAATATT_004,67
ACCCTCATCCACCAAATATT_005,120
ACCCTCATCCACCAAATATT_006,24
ACCCTCATCCACCAAATATT_007,40
ACCCTCATCCACCAAATATT_008,150
ACCCTCATCCACCAAATATT_009,22
ACCCTCATCCACCAAATATT_010,165
ACCCTCATCCACCAAATATT_011,169
ACCCTCATCCACCAAATATT_012,188
GGCCTTGACCACTGTGCAAG_001,42
GGCCTTGACCACTGTGCAAG_002,21
GGCCTTGACCACTGTGCAAG_003,122
GGCCTTGACCACTGTGCAAG_004,97
GGCCTTGACCACTGTGCAAG_005,62
GGCCTTGACCACTGTGCAAG_006,82
GGCCTTGACCACTGTGCAAG_007,70
GGCCTTGACCACTGTGCAAG_008,28
GGCCTTGACCACTGTGCAAG_009,21
GGCCTTGACCACTGTGCAAG_010,144
GGCCTTGACCACTGTGCAAG_011,84
GGCCTTGACCACTGTGCAAG_012,175
GGCCTTGACCACTGTGCAAG_013,107
GGCCTTGACCACTGTGCAAG_014,141
GGCCTTGACCACTGTGCAAG_015,83
GGCCTTGACCACTGTGCAAG_016,7
GGCCTTGACCACTGTGCAAG_017,63
GGCCTTGACCACTGTGCAAG_018,177
GGCCTTGACCACTGTGCAAG_019,162
GGCCTTGACCACTGTGCAAG_020,108
GGCCTTGACCACTGTGCAAG_021,192
GGCCTTGACCACTGTGCAAG_022,65
GGCCTTGACCACTGTGCAAG_023,129
GGCCTTGACCACTGTGCAAG_024,121
GGCCTTGACCACTGTGCAAG_025,197
GGCCTTGACCACTGTGCAAG_026,140
GGCCTTGACCACTGTGCAAG_027,177
CAGCGCGTAAAACACAGCAA_001,13
CAGCGCGTAAAACACAGCAA_002,88
CAGCGCGTAAAACACAGCAA_003,30
CAGCGCGTAAAACACAGCAA_004,38
CAGCGCGTAAAACACAGCAA_005,67
CAGCGCGTAAAACACAGCAA_006,69
CAGCGCGTAAAACACAGCAA_007,50
CAGCGCGTAAAACACAGCAA_008,15
CAGCGCGTAAAACACAGCAA_009,83
CAGCGCGTAAAACACAGCAA_010,2
CAGCGCGTAAAACACAGCAA_011,56
CAGCGCGTAAAACACAGCAA_012,145
CAGCGCGTAAAACACAGCAA_013,1
CGACTAACCCAGCACGACGA_001,105
CGACTAACCCAGCACGACGA_002,130
CGACTAACCCAGCACGACGA_003,151
CGACTAACCCAGCACGACGA_004,178
CGACTAACCCAGCACGACGA_005,59
CGACTAACCCAGCACGACGA_006,162
CGACTAACCCAGCACGACGA_007,125
CGACTAACCCAGCACGACGA_008,55
CGACTAACCCAGCACGACGA_009,43
CGACTAACCCAGCACGACGA_010,116
CGACTAACCCAGCACGACGA_011,52
CGACTAACCCAGCACGACGA_012,3
CGACTAACCCAGCACGACGA_013,46
CGACTAACCCAGCACGACGA_014,137
CGACTAACCCAGCACGACGA_015,142
CGACTAACCCAGCACGACGA_016,39
CGACTAACCCAGCACGACGA_017,72
CGACTAACCCAGCACGACGA_018,102
CGACTAACCCAGCACGACGA_019,80
CGACTAACCCAGCACGACGA_020,191
ATACTCACAGAGTTAGAGAG_001,76
ATACTCACAGAGTTAGAGAG_002,132
ATACTCACAGAGTTAGAGAG_003,12
ATACTCACAGAGTTAGAGAG_004,186
ATACTCACAGAGTTAGAGAG_005,6
ATACTCACAGAGTTAGAGAG_006,80
ATACTCACAGAGTTAGAGAG_007,199
ATACTCACAGAGTTAGAGAG_008,94
ATACTCACAGAGTTAGAGAG_009,73
ATACTCACAGAGTTAGAGAG_010,27
CTCCCCAGAAACAACCACCC_001,55
CTCCCCAGAAACAACCACCC_002,2
CTCCCCAGAAACAACCACCC_003,154
CTCCCCAGAAACAACCACCC_004,41
CTCCCCAGAAACAACCACCC_005,77
CTCCCCAGAAACAACCACCC_006,158
CTCCCCAGAAACAACCACCC_007,147
CTCCCCAGAAACAACCACCC_008,48
CTCCCCAGAAACAACCACCC_009,1
CTCCCCAGAAACAACCACCC_010,174
CTCCCCAGAAACAACCACCC_011,1
CTCCCCAGAAACAACCACCC_012,29
CTCCCCAGAAACAACCACCC_013,49
CTCCCCAGAAACAACCACCC_014,185
CTCCCCAGAAACAACCACCC_015,62
CTCCCCAGAAACAACCACCC_016,147
CTCCCCAGAAACAACCACCC_017,157
CTCCCCAGAAACAACCACCC_018,104
CTCCCCAGAAACAACCACCC_019,105
CTCCCCAGAAACAACCACCC_020,187
CTCCCCAGAAACAACCACCC_021,96
CTCCCCAGAAACAACCACCC_022,36
CTCCCCAGAAACAACCACCC_023,150
AAGGTGTTGGACTCAGGTGT_001,172
AAGGTGTTGGACTCAGGTGT_002,88
AATCCAAGCCACACCACCAA_001,9
AATCCAAGCCACACCACCAA_002,150
AATCCAAGCCACACCACCAA_003,95
AATCCAAGCCACACCACCAA_004,175
AATCCAAGCCACACCACCAA_005,193
AATCCAAGCCACACCACCAA_006,2
ACCGTGCATTATAACATGGG_001,105
ACCGTGCATTATAACATGGG_002,57
CTCACAGAGTGGATTCCGGT_001,145
CTCACAGAGTGGATTCCGGT_002,142
CTCACAGAGTGGATTCCGGT_003,111
CTCACAGAGTGGATTCCGGT_004,198
CTCACAGAGTGGATTCCGGT_005,62
CTCACAGAGTGGATTCCGGT_006,74
CTCACAGAGTGGATTCCGGT_007,126
ACCAGGGGATTCGGAAAGGT_001,71
ACCAGGGGATTCGGAAAGGT_002,183
ACCAGGGGATTCGGAAAGGT_003,157
ACCAGGGGATTCGGAAAGGT_004,176
ACCAGGGGATTCGGAAAGGT_005,94
ACCAGGGGATTCGGAAAGGT_006,34
ACCAGGGGATTCGGAAAGGT_007,111
ACCAGGGGATTCGGAAAGGT_008,111
ACCAGGGGATTCGGAAAGGT_009,183
ACCAGGGGATTCGGAAAGGT_010,2
ACCAGGGGATTCGGAAAGGT_011,75
ACCAGGGGATTCGGAAAGGT_012,25
ACCAGGGGATTCGGAAAGGT_013,192
ACCAGGGGATTCGGAAAGGT_014,22
ACCAGGGGATTCGGAAAGGT_015,57
ACCAGGGGATTCGGAAAGGT_016,28
ACCAGGGGATTCGGAAAGGT_017,0
ACCAGGGGATTCGGAAAGGT_018,188
ACCAGGGGATTCGGAAAGGT_019,66
ACCAGGGGATTCGGAAAGGT_020,29
ACCAGGGGATTCGGAAAGGT_021,134
ACCAGGGGATTCGGAAAGGT_022,174
ACCAGGGGATTCGGAAAGGT_023,190
ACCAGGGGATTCGGAAAGGT_024,182
ACCAGGGGATTCGGAAAGGT_025,28
ACCAGGGGATTCGGAAAGGT_026,98
ACCAGGGGATTCGGAAAGGT_027,94
ACCAGGGGATTCGGAAAGGT_028,91
ACCAGGGGATTCGGAAAGGT_029,115
ACCAGGGGATTCGGAAAGGT_030,121
ACCAGGGGATTCGGAAAGGT_031,134
ACCAGGGGATTCGGAAAGGT_032,94
ACCAGGGGATTCGGAAAGGT_033,30
ACCAGGGGATTCGGAAAGGT_034,72
ACCAGGGGATTCGGAAAGGT_035,77
ACCAGGGGATTCGGAAAGGT_036,146
ACCAGGGGATTCGGAAAGGT_037,15
ACCAGGGGATTCGGAAAGGT_038,179
ACCAGGGGATTCGGAAAGGT_039,132
ACCAGGGGATTCGGAAAGGT_040,103
ACCAGGGGATTCGGAAAGGT_041,126
ACCAGGGGATTCGGAAAGGT_042,137
ACCAGGGGATTCGGAAAGGT_043,97
AGTAGTTACACACCTCGCAG_001,158
AGTAGTTACACACCTCGCAG_002,152
AGTAGTTACACACCTCGCAG_003,48
AGTAGTTACACACCTCGCAG_004,42
AGTAGTTACACACCTCGCAG_005,32
CCCCACCGGCCGAGACAGCG_001,191
CCCCACCGGCCGAGACAGCG_002,114
CCCCACCGGCCGAGACAGCG_003,94
CCCCACCGGCCGAGACAGCG_004,162
CCCCACCGGCCGAGACAGCG_005,193
CCCCACCGGCCGAGACAGCG_006,51
CCCCACCGGCCGAGACAGCG_007,31
CCCCACCGGCCGAGACAGCG_008,32
CCCCACCGGCCGAGACAGCG_009,17
CCCCACCGGCCGAGACAGCG_010,118
CCCCACCGGCCGAGACAGCG_011,2
CCCCACCGGCCGAGACAGCG_012,122
CCCCACCGGCCGAGACAGCG_013,49
CCCCACCGGCCGAGACAGCG_014,98
CCCCACCGGCCGAGACAGCG_015,173
CCCCACCGGCCGAGACAGCG_016,62
CCCCACCGGCCGAGACAGCG_017,169
CCCCACCGGCCGAGACAGCG_018,40
CCCCACCGGCCGAGACAGCG_019,137
CCCCACCGGCCGAGACAGCG_020,137
CCCCACCGGCCGAGACAGCG_021,51
CCCCACCGGCCGAGACAGCG_022,90
CCCCACCGGCCGAGACAGCG_023,75
CCCCACCGGCCGAGACAGCG_024,147
CCCCACCGGCCGAGACAGCG_025,188
CCCCACCGGCCGAGACAGCG_026,71
CTATCCCGCCCCCTTCTACG_001,158
CTATCCCGCCCCCTTCTACG_002,130
CTATCCCGCCCCCTTCTACG_003,130
CTATCCCGCCCCCTTCTACG_004,155
CTATCCCGCCCCCTTCTACG_005,81
CTATCCCGCCCCCTTCTACG_006,172
CTATCCCGCCCCCTTCTACG_007,112
CTATCCCGCCCCCTTCTACG_008,52
CTATCCCGCCCCCTTCTACG_009,150
CTATCCCGCCCCCTTCTACG_010,72
CTATCCCGCCCCCTTCTACG_011,124
CTATCCCGCCCCCTTCTACG_012,41
CTATCCCGCCCCCTTCTACG_013,94
CTATCCCGCCCCCTTCTACG_014,148
TGATATAACGGGGTCCATAG_001,163
TGATATAACGGGGTCCATAG_002,147
TGATATAACGGGGTCCATAG_003,58
TGATATAACGGGGTCCATAG_004,2
TTTCGAAAATAGTGCCGATG_001,147
TTTCGAAAATAGTGCCGATG_002,16
TTTCGAAAATAGTGCCGATG_003,185
TTTCGAAAATAGTGCCGATG_004,190
TTTCGAAAATAGTGCCGATG_005,41
TTTCGAAAATAGTGCCGATG_006,158
TTTCGAAAATAGTGCCGATG_007,67
TTTCGAAAATAGTGCCGATG_008,81
TTTCGAAAATAGTGCCGATG_009,145
TTTCGAAAATAGTGCCGATG_010,121
TTTCGAAAATAGTGCCGATG_011,177
CAAAGACAATACACTACGTG_001,152
CAAAGACAATACACTACGTG_002,94
CAAAGACAATACACTACGTG_003,139
CAAAGACAATACACTACGTG_004,79
CAAAGACAATACACTACGTG_005,4
CAAAGACAATACACTACGTG_006,95
CAAAGACAATACACTACGTG_007,46
GAGCTGCTACAAACGCCCAG_001,159
GAGCTGCTACAAACGCCCAG_002,80
GAGCTGCTACAAACGCCCAG_003,87
GAGCTGCTACAAACGCCCAG_004,76
GAGCTGCTACAAACGCCCAG_005,17
GAGCTGCTACAAACGCCCAG_006,54
GAGCTGCTACAAACGCCCAG_007,142
GAGCTGCTACAAACGCCCAG_008,57
GAGCTGCTACAAACGCCCAG_009,102
GAGCTGCTACAAACGCCCAG_010,130
GAGCTGCTACAAACGCCCAG_011,110
GAGCTGCTACAAACGCCCAG_012,184
GAGCTGCTACAAACGCCCAG_013,194
GAGCTGCTACAAACGCCCAG_014,90
GAGCTGCTACAAACGCCCAG_015,158
GAGCTGCTACAAACGCCCAG_016,128
GAGCTGCTACAAACGCCCAG_017,138
GAGCTGCTACAAACGCCCAG_018,130
GAGCTGCTACAAACGCCCAG_019,49
GAGCTGCTACAAACGCCCAG_020,49
GAGCTGCTACAAACGCCCAG_021,116
GAGCTGCTACAAACGCCCAG_022,45
GAGCTGCTACAAACGCCCAG_023,97
GAGCTGCTACAAACGCCCAG_024,77
GAGCTGCTACAAACGCCCAG_025,160
GAGCTGCTACAAACGCCCAG_026,62
GAGCTGCTACAAACGCCCAG_027,191
GAGCTGCTACAAACGCCCAG_028,77
GAGCTGCTACAAACGCCCAG_029,76
ATCACCTCAGACATGAACAT_001,17
ATCACCTCAGACATGAACAT_002,31
ATCACCTCAGACATGAACAT_003,101
ATCACCTCAGACATGAACAT_004,81
ATCACCTCAGACATGAACAT_005,198
ATCACCTCAGACATGAACAT_006,175
ATCACCTCAGACATGAACAT_007,155
ATCACCTCAGACATGAACAT_008,83
ATCACCTCAGACATGAACAT_009,9
ATCACCTCAGACATGAACAT_010,171
ATCACCTCAGACATGAACAT_011,54
ATCACCTCAGACATGAACAT_012,81
ATCACCTCAGACATGAACAT_013,124
ATCACCTCAGACATGAACAT_014,33
ATCACCTCAGACATGAACAT_015,168
ATCACCTCAGACATGAACAT_016,10
ATCACCTCAGACATGAACAT_017,105
ACTTCTCCGAGAACTTGATG_001,46
GAAGCTCGGTCTATAGGCCA_001,29
GAAGCTCGGTCTATAGGCCA_002,4
GAAGCTCGGTCTATAGGCCA_003,23
GAAGCTCGGTCTATAGGCCA_004,143
GAAGCTCGGTCTATAGGCCA_005,127
GAAGCTCGGTCTATAGGCCA_006,50
GAAGCTCGGTCTATAGGCCA_007,199
GAAGCTCGGTCTATAGGCCA_008,155
GAAGCTCGGTCTATAGGCCA_009,52
GAAGCTCGGTCTATAGGCCA_010,108
AAGCCATGGTGGCCAAACAG_001,188
AAGCCATGGTGGCCAAACAG_002,28
AAGCCATGGTGGCCAAACAG_003,28
AAGCCATGGTGGCCAAACAG_004,41
AAGCCATGGTGGCCAAACAG_005,16
AAGCCATGGTGGCCAAACAG_006,33
AAGCCATGGTGGCCAAACAG_007,50
AAGCCATGGTGGCCAAACAG_008,77
AAGCCATGGTGGCCAAACAG_009,68
CCCCACAGCCGAGCACACAA_001,84
CCCCACAGCCGAGCACACAA_002,104
CCCCACAGCCGAGCACACAA_003,118
CCCCACAGCCGAGCACACAA_004,26
CCCCACAGCCGAGCACACAA_005,178
CCCCACAGCCGAGCACACAA_006,2
CCCCACAGCCGAGCACACAA_007,155
CCCCACAGCCGAGCACACAA_008,147
CCCCACAGCCGAGCACACAA_009,181
CCCCACAGCCGAGCACACAA_010,120
CCCCACAGCCGAGCACACAA_011,7
CCCCACAGCCGAGCACACAA_012,20
CCCCACAGCCGAGCACACAA_013,58
CCCCACAGCCGAGCACACAA_014,79
CCCCACAGCCGAGCACACAA_015,2
CCCCACAGCCGAGCACACAA_016,145
CCCCACAGCCGAGCACACAA_017,165
CCCCACAGCCGAGCACACAA_018,168
CCCCACAGCCGAGCACACAA_019,75
CCCCACAGCCGAGCACACAA_020,63
CCCCACAGCCGAGCACACAA_021,41
CCCCACAGCCGAGCACACAA_022,123
GAAGATAAATTAGGCATTCG_001,43
GAAGATAAATTAGGCATTCG_002,34
GAAGATAAATTAGGCATTCG_003,139
GAAGATAAATTAGGCATTCG_004,88
GAAGATAAATTAGGCATTCG_005,109
GAAGATAAATTAGGCATTCG_006,173
GAAGATAAATTAGGCATTCG_007,173
GAAGATAAATTAGGCATTCG_008,99
GCAGACAAAATAATTGGCAG_001,105
GCAGACAAAATAATTGGCAG_002,15
GCAGACAAAATAATTGGCAG_003,94
GCAGACAAAATAATTGGCAG_004,119
GCAGACAAAATAATTGGCAG_005,188
TAGGATAGGGCGTCCCACAG_001,48
TAGGATAGGGCGTCCCACAG_002,149
TAGGATAGGGCGTCCCACAG_003,12
TAGGATAGGGCGTCCCACAG_004,190
TAGGATAGGGCGTCCCACAG_005,47
TAGGATAGGGCGTCCCACAG_006,129
TAGGATAGGGCGTCCCACAG_007,191
TAGGATAGGGCGTCCCACAG_008,8
TAGGATAGGGCGTCCCACAG_009,119
TAGGATAGGGCGTCCCACAG_010,197
TAGGATAGGGCGTCCCACAG_011,172
TAGGATAGGGCGTCCCACAG_012,133
TAGGATAGGGCGTCCCACAG_013,151
TAGGATAGGGCGTCCCACAG_014,15
TAGGATAGGGCGTCCCACAG_015,78
TAGGATAGGGCGTCCCACAG_016,106
TAGGATAGGGCGTCCCACAG_017,2
TAGGATAGGGCGTCCCACAG_018,120
TAGGATAGGGCGTCCCACAG_019,77
TAGGATAGGGCGTCCCACAG_020,52
TAGGATAGGGCGTCCCACAG_021,158
TAGGATAGGGCGTCCCACAG_022,32
TAGGATAGGGCGTCCCACAG_023,2
TAGGATAGGGCGTCCCACAG_024,48
TAGGATAGGGCGTCCCACAG_025,93
TAGGATAGGGCGTCCCACAG_026,25
TAGGATAGGGCGTCCCACAG_027,147
TAGGATAGGGCGTCCCACAG_028,191
TAGGATAGGGCGTCCCACAG_029,137
GGTGTTCCCTGTAGGATTCG_001,107
GGTGTTCCCTGTAGGATTCG_002,163
GGTGTTCCCTGTAGGATTCG_003,96
GGTGTTCCCTGTAGGATTCG_004,114
GGTGTTCCCTGTAGGATTCG_005,114
GGTGTTCCCTGTAGGATTCG_006,91
GGTGTTCCCTGTAGGATTCG_007,114
GGTGTTCCCTGTAGGATTCG_008,153
GGTGTTCCCTGTAGGATTCG_009,27
GAACCCCTCATGGACCATTG_001,75
GAACCCCTCATGGACCATTG_002,121
GAACCCCTCATGGACCATTG_003,44
GAACCCCTCATGGACCATTG_004,174
GAACCCCTCATGGACCATTG_005,132
GAACCCCTCATGGACCATTG_006,98
GAACCCCTCATGGACCATTG_007,30
GAACCCCTCATGGACCATTG_008,94
GAACCCCTCATGGACCATTG_009,137
GAACCCCTCATGGACCATTG_010,82
GAACCCCTCATGGACCATTG_011,130
GAACCCCTCATGGACCATTG_012,198
GAACCCCTCATGGACCATTG_013,12
GAACCCCTCATGGACCATTG_014,164
GAACCCCTCATGGACCATTG_015,47
GAACCCCTCATGGACCATTG_016,118
GAACCCCTCATGGACCATTG_017,28
GAACCCCTCATGGACCATTG_018,4
GAACCCCTCATGGACCATTG_019,3
GAACCCCTCATGGACCATTG_020,174
TATTCTCACCCAAGAAAACC_001,129
TATTCTCACCCAAGAAAACC_002,50
TATTCTCACCCAAGAAAACC_003,148
TATTCTCACCCAAGAAAACC_004,153
TATTCTCACCCAAGAAAACC_005,103
ACTGACCTGTCAGGAAGTTG_001,60
ACTGACCTGTCAGGAAGTTG_002,70
ACTGACCTGTCAGGAAGTTG_003,174
ACTGACCTGTCAGGAAGTTG_004,11
ACTGACCTGTCAGGAAGTTG_005,48
ACTGACCTGTCAGGAAGTTG_006,63
ACTGACCTGTCAGGAAGTTG_007,147
ACTGACCTGTCAGGAAGTTG_008,78
ACTGACCTGTCAGGAAGTTG_009,108
ACTGACCTGTCAGGAAGTTG_010,40
ACTGACCTGTCAGGAAGTTG_011,68
AGGAGTGCTATTTAGCATCG_001,147
AGGAGTGCTATTTAGCATCG_002,2
AGGAGTGCTATTTAGCATCG_003,198
AGGAGTGCTATTTAGCATCG_004,10
AGGAGTGCTATTTAGCATCG_005,124
AGGAGTGCTATTTAGCATCG_006,145
GCTTGCTGGAACCATCAACG_001,28
GCTTGCTGGAACCATCAACG_002,8
GCTTGCTGGAACCATCAACG_003,29
GCTTGCTGGAACCATCAACG_004,84
GCTTGCTGGAACCATCAACG_005,102
GCTTGCTGGAACCATCAACG_006,166
GCTTGCTGGAACCATCAACG_007,50
GCTTGCTGGAACCATCAACG_008,2
GCTTGCTGGAACCATCAACG_009,192
GCTTGCTGGAACCATCAACG_010,158
GCTTGCTGGAACCATCAACG_011,6
GCTTGCTGGAACCATCAACG_012,178
GCTTGCTGGAACCATCAACG_013,175
GCTTGCTGGAACCATCAACG_014,70
GCTTGCTGGAACCATCAACG_015,48
GCTTGCTGGAACCATCAACG_016,156
GCTTGCTGGAACCATCAACG_017,41
GCTTGCTGGAACCATCAACG_018,103
GCTTGCTGGAACCATCAACG_019,157
TGCACAATTGACCCAAATGG_001,178
TGCACAATTGACCCAAATGG_002,168
TGCACAATTGACCCAAATGG_003,28
TGCACAATTGACCCAAATGG_004,47
TGCACAATTGACCCAAATGG_005,184
TGCACAATTGACCCAAATGG_006,105
TGCACAATTGACCCAAATGG_007,47
TGCACAATTGACCCAAATGG_008,58
AGCCGCCTCACAGATGGGAT_001,49
AGCCGCCTCACAGATGGGAT_002,19
AGCCGCCTCACAGATGGGAT_003,51
AGCCGCCTCACAGATGGGAT_004,106
AGCCGCCTCACAGATGGGAT_005,117
AGCCGCCTCACAGATGGGAT_006,160
AGCCGCCTCACAGATGGGAT_007,148
AGCCGCCTCACAGATGGGAT_008,106
AGCCGCCTCACAGATGGGAT_009,70
AGCCGCCTCACAGATGGGAT_010,190
AGCCGCCTCACAGATGGGAT_011,7
AGCCGCCTCACAGATGGGAT_012,29
AGCCGCCTCACAGATGGGAT_013,123
AGCCGCCTCACAGATGGGAT_014,117
AGCCGCCTCACAGATGGGAT_015,43
AGCCGCCTCACAGATGGGAT_016,24
AGCCGCCTCACAGATGGGAT_017,191
AGCCGCCTCACAGATGGGAT_018,130
AGCCGCCTCACAGATGGGAT_019,54
AGCCGCCTCACAGATGGGAT_020,98
AGCCGCCTCACAGATGGGAT_021,39
AGCCGCCTCACAGATGGGAT_022,46
AGCCGCCTCACAGATGGGAT_023,168
AGCCGCCTCACAGATGGGAT_024,192
AGCCGCCTCACAGATGGGAT_025,1
AGCCGCCTCACAGATGGGAT_026,83
AGCCGCCTCACAGATGGGAT_027,18
AGCCGCCTCACAGATGGGAT_028,33
AGCCGCCTCACAGATGGGAT_029,119
AGCCGCCTCACAGATGGGAT_030,116
AGCCGCCTCACAGATGGGAT_031,127
AGCCGCCTCACAGATGGGAT_032,126
AGCCGCCTCACAGATGGGAT_033,58
AGCCGCCTCACAGATGGGAT_034,55
AGCCGCCTCACAGATGGGAT_035,179
AGCCGCCTCACAGATGGGAT_036,115
AGCCGCCTCACAGATGGGAT_037,115
AGCCGCCTCACAGATGGGAT_038,72
AGCCGCCTCACAGATGGGAT_039,162
AGCCGCCTCACAGATGGGAT_040,157
AGCCGCCTCACAGATGGGAT_041,163
AGCCGCCTCACAGATGGGAT_042,197
AGCCGCCTCACAGATGGGAT_043,62
AGCCGCCTCACAGATGGGAT_044,191
AGCCGCCTCACAGATGGGAT_045,15
AGCCGCCTCACAGATGGGAT_046,84
AGCCGCCTCACAGATGGGAT_047,50
AGCCGCCTCACAGATGGGAT_048,1
AGCCGCCTCACAGATGGGAT_049,3
AGCCGCCTCACAGATGGGAT_050,66
AGCCGCCTCACAGATGGGAT_051,66
AGCCGCCTCACAGATGGGAT_052,138
AGCCGCCTCACAGATGGGAT_053,150
AGCCGCCTCACAGATGGGAT_054,34
GAACCCAACCCAGATTATCG_001,175
GAACCCAACCCAGATTATCG_002,77
GAACCCAACCCAGATTATCG_003,88
GAACCCAACCCAGATTATCG_004,174
GAACCCAACCCAGATTATCG_005,127
CGGGGAGTTGTAGTTCGCAG_001,149
CGGGGAGTTGTAGTTCGCAG_002,171
CGGGGAGTTGTAGTTCGCAG_003,11
CGGGGAGTTGTAGTTCGCAG_004,105
CGGGGAGTTGTAGTTCGCAG_005,60
CGGGGAGTTGTAGTTCGCAG_006,117
CGGGGAGTTGTAGTTCGCAG_007,147
CGGGGAGTTGTAGTTCGCAG_008,103
CGGGGAGTTGTAGTTCGCAG_009,41
CGGGGAGTTGTAGTTCGCAG_010,63
TAGCACTCACCTACGAACAC_001,68
TAGCACTCACCTACGAACAC_002,148
TAGCACTCACCTACGAACAC_003,83
TAGCACTCACCTACGAACAC_004,66
TAGCACTCACCTACGAACAC_005,151
ACCATGCTGCCATTGCAGAG_001,108
ACCATGCTGCCATTGCAGAG_002,47
ACCATGCTGCCATTGCAGAG_003,82
ACCATGCTGCCATTGCAGAG_004,160
ACCATGCTGCCATTGCAGAG_005,175
ACCATGCTGCCATTGCAGAG_006,57
ACCATGCTGCCATTGCAGAG_007,127
ACCATGCTGCCATTGCAGAG_008,48
ACCATGCTGCCATTGCAGAG_009,94
ACCATGCTGCCATTGCAGAG_010,169
ACCATGCTGCCATTGCAGAG_011,182
ACCATGCTGCCATTGCAGAG_012,51
ACCATGCTGCCATTGCAGAG_013,31
ACCATGCTGCCATTGCAGAG_014,49
ACCATGCTGCCATTGCAGAG_015,40
ACCATGCTGCCATTGCAGAG_016,118
ACCATGCTGCCATTGCAGAG_017,77
ACCATGCTGCCATTGCAGAG_018,77
ACCATGCTGCCATTGCAGAG_019,105
ACCATGCTGCCATTGCAGAG_020,82
ACCATGCTGCCATTGCAGAG_021,6
CCATCGCAGATGGTGACAGG_001,24
CCATCGCAGATGGTGACAGG_002,86
CCATCGCAGATGGTGACAGG_003,133
CCATCGCAGATGGTGACAGG_004,77
GATGCCTGGATTGGACTCTG_001,56
GATGCCTGGATTGGACTCTG_002,148
GATGCCTGGATTGGACTCTG_003,162
GATGCCTGGATTGGACTCTG_004,39
GATGCCTGGATTGGACTCTG_005,83
GATGCCTGGATTGGACTCTG_006,101
GATGCCTGGATTGGACTCTG_007,71
GATGCCTGGATTGGACTCTG_008,12
GATGCCTGGATTGGACTCTG_009,122
GATGCCTGGATTGGACTCTG_010,162
GATGCCTGGATTGGACTCTG_011,104
GATGCCTGGATTGGACTCTG_012,76
GATGCCTGGATTGGACTCTG_013,180
GATGCCTGGATTGGACTCTG_014,95
GATGCCTGGATTGGACTCTG_015,158
GATGCCTGGATTGGACTCTG_016,168
GATGCCTGGATTGGACTCTG_017,191
GAGAATCTGTTGGCTAATGG_001,115
GAGAATCTGTTGGCTAATGG_002,152
GAGAATCTGTTGGCTAATGG_003,40
GAGAATCTGTTGGCTAATGG_004,137
GAGAATCTGTTGGCTAATGG_005,133
GAGAATCTGTTGGCTAATGG_006,86
GAGAATCTGTTGGCTAATGG_007,60
GAGAATCTGTTGGCTAATGG_008,116
CTGTATTAATAGAATGAGTA_001,170
CTGTATTAATAGAATGAGTA_002,15
CTGTATTAATAGAATGAGTA_003,157
CTGTATTAATAGAATGAGTA_004,4
CAGCGCAAACTTCTCACCAG_001,147
CAGCGCAAACTTCTCACCAG_002,118
CAGCGCAAACTTCTCACCAG_003,198
AAGGAGGCTTGTTTAAACTA_001,29
AAGGAGGCTTGTTTAAACTA_002,67
AAGGAGGCTTGTTTAAACTA_003,58
TACTGATGAGAGAATAACCT_001,45
TACTGATGAGAGAATAACCT_002,165
TACTGATGAGAGAATAACCT_003,75
TACTGATGAGAGAATAACCT_004,5
TACTGATGAGAGAATAACCT_005,138
GGTGCCCCAAAGCAAATACG_001,58
GGTGCCCCAAAGCAAATACG_002,81
GGTGCCCCAAAGCAAATACG_003,148
GGTGCCCCAAAGCAAATACG_004,173
GGTGCCCCAAAGCAAATACG_005,133
GGTGCCCCAAAGCAAATACG_006,166
GGTGCCCCAAAGCAAATACG_007,88
ACAGCCAGCACCTGACACCA_001,16
ACAGCCAGCACCTGACACCA_002,7
ACAGCCAGCACCTGACACCA_003,59
ACAGCCAGCACCTGACACCA_004,77
ACAGCCAGCACCTGACACCA_005,106
ACAGCCAGCACCTGACACCA_006,127
ACAGCCAGCACCTGACACCA_007,115
ACAGCCAGCACCTGACACCA_008,74
ACAGCCAGCACCTGACACCA_009,31
ACAGCCAGCACCTGACACCA_010,104
ACAGCCAGCACCTGACACCA_011,145
ACAGCCAGCACCTGACACCA_012,194
ACAGCCAGCACCTGACACCA_013,138
ACAGCCAGCACCTGACACCA_014,44
ACAGCCAGCACCTGACACCA_015,114
ACAGCCAGCACCTGACACCA_016,114
ACAGCCAGCACCTGACACCA_017,48
ACAGCCAGCACCTGACACCA_018,57
ACAGCCAGCACCTGACACCA_019,98
AGCTGCTCATAAACCACTCG_001,199
AGCTGCTCATAAACCACTCG_002,77
GAAACTCATTCTCTCCCACA_001,154
GAAACTCATTCTCTCCCACA_002,92
GAAGGTGCGGTACTCGAGGA_001,130
GAAGGTGCGGTACTCGAGGA_002,41
GAAGGTGCGGTACTCGAGGA_003,37
GAAGGTGCGGTACTCGAGGA_004,30
GAAGGTGCGGTACTCGAGGA_005,161
GAAGGTGCGGTACTCGAGGA_006,193
GAAGGTGCGGTACTCGAGGA_007,124
GAAGGTGCGGTACTCGAGGA_008,102
GAAGGTGCGGTACTCGAGGA_009,121
GAAGGTGCGGTACTCGAGGA_010,146
CTCTTCCTGACTCGCAGCCG_001,157
CTCTTCCTGACTCGCAGCCG_002,125
CTCTTCCTGACTCGCAGCCG_003,130
CTCTTCCTGACTCGCAGCCG_004,108
CTCTTCCTGACTCGCAGCCG_005,119
CTCTTCCTGACTCGCAGCCG_006,17
CTCTTCCTGACTCGCAGCCG_007,147
CTCTTCCTGACTCGCAGCCG_008,154
CTCTTCCTGACTCGCAGCCG_009,123
CTCTTCCTGACTCGCAGCCG_010,115
CTCTTCCTGACTCGCAGCCG_011,103
GCTGATTCCACAATATTAGG_001,161
GGATGATTGGAACAAAGTGT_001,144
GGATGATTGGAACAAAGTGT_002,13
TCTGTAGTACTCATCTTCAG_001,104
TCTGTAGTACTCATCTTCAG_002,29
TCTGTAGTACTCATCTTCAG_003,1
TTGGCTCAAGACCAATGGAG_001,169
TTGGCTCAAGACCAATGGAG_002,119
TTGGCTCAAGACCAATGGAG_003,6
TTGGCTCAAGACCAATGGAG_004,166
TTGGCTCAAGACCAATGGAG_005,101
TTGGCTCAAGACCAATGGAG_006,108
TTGGCTCAAGACCAATGGAG_007,36
TTGGCTCAAGACCAATGGAG_008,80
TTGGCTCAAGACCAATGGAG_009,125
TTGGCTCAAGACCAATGGAG_010,125
TTGGCTCAAGACCAATGGAG_011,2
TTGGCTCAAGACCAATGGAG_012,105
TTGGCTCAAGACCAATGGAG_013,196
TTGGCTCAAGACCAATGGAG_014,188
TTGGCTCAAGACCAATGGAG_015,58
TTGGCTCAAGACCAATGGAG_016,154
TTGGCTCAAGACCAATGGAG_017,72
TTGGCTCAAGACCAATGGAG_018,144
CTTAAGGATGCCACCCAGGG_001,96
CTTAAGGATGCCACCCAGGG_002,14
CTTAAGGATGCCACCCAGGG_003,122
CTTAAGGATGCCACCCAGGG_004,15
CTTAAGGATGCCACCCAGGG_005,121
CTTAAGGATGCCACCCAGGG_006,94
CTTAAGGATGCCACCCAGGG_007,88
CTTAAGGATGCCACCCAGGG_008,196
CTTAAGGATGCCACCCAGGG_009,117
CTTAAGGATGCCACCCAGGG_010,155
CTTAAGGATGCCACCCAGGG_011,61
CTTAAGGATGCCACCCAGGG_012,112
CTTAAGGATGCCACCCAGGG_013,187
CTTAAGGATGCCACCCAGGG_014,94
CTTAAGGATGCCACCCAGGG_015,19
CTTAAGGATGCCACCCAGGG_016,62
CTTAAGGATGCCACCCAGGG_017,16
CTTAAGGATGCCACCCAGGG_018,88
CTTAAGGATGCCACCCAGGG_019,49
CTTAAGGATGCCACCCAGGG_020,13
CTTAAGGATGCCACCCAGGG_021,9
CTTAAGGATGCCACCCAGGG_022,88
CTTAAGGATGCCACCCAGGG_023,108
CTTAAGGATGCCACCCAGGG_024,183
CTTAAGGATGCCACCCAGGG_025,87
CTTAAGGATGCCACCCAGGG_026,166
CAGCCAATTTCTGGGTACGA_001,136
CAGCCAATTTCTGGGTACGA_002,70
CAGCCAATTTCTGGGTACGA_003,95
ATGTACGCTGAGGACTCAGA_001,41
ATGTACGCTGAGGACTCAGA_002,110
ATGTACGCTGAGGACTCAGA_003,158
ATGTACGCTGAGGACTCAGA_004,29
ATGTACGCTGAGGACTCAGA_005,67
ATGTACGCTGAGGACTCAGA_006,62
ATGTACGCTGAGGACTCAGA_007,197
ATGTACGCTGAGGACTCAGA_008,127
ATGTACGCTGAGGACTCAGA_009,149
ATGTACGCTGAGGACTCAGA_010,197
ATGTACGCTGAGGACTCAGA_011,69
ATGTACGCTGAGGACTCAGA_012,199
ATGTACGCTGAGGACTCAGA_013,98
ATGTACGCTGAGGACTCAGA_014,176
CTGTTTCGGGAGCGGAGCAA_001,54
CTGTTTCGGGAGCGGAGCAA_002,54
CTGTTTCGGGAGCGGAGCAA_003,19
CTGTTTCGGGAGCGGAGCAA_004,23
CTGTTTCGGGAGCGGAGCAA_005,81
CTGTTTCGGGAGCGGAGCAA_006,49
CTGTTTCGGGAGCGGAGCAA_007,130
CTGTTTCGGGAGCGGAGCAA_008,186
CTGTTTCGGGAGCGGAGCAA_009,28
CTGTTTCGGGAGCGGAGCAA_010,170
CTGTTTCGGGAGCGGAGCAA_011,87
CTGTTTCGGGAGCGGAGCAA_012,147
GCTTAACTCCAACACGCAAG_001,94
GCTTAACTCCAACACGCAAG_002,134
GCTTAACTCCAACACGCAAG_003,188
GCTTAACTCCAACACGCAAG_004,25
GCTTAACTCCAACACGCAAG_005,32
GCTTAACTCCAACACGCAAG_006,151
GCTTAACTCCAACACGCAAG_007,60
GCTTAACTCCAACACGCAAG_008,65
GCTTAACTCCAACACGCAAG_009,193
GCTTAACTCCAACACGCAAG_010,52
GCTTAACTCCAACACGCAAG_011,72
GCTTAACTCCAACACGCAAG_012,72
GCTTAACTCCAACACGCAAG_013,128
GCTTAACTCCAACACGCAAG_014,25
GCTTAACTCCAACACGCAAG_015,184
GCTTAACTCCAACACGCAAG_016,150
GCTTAACTCCAACACGCAAG_017,128
GCTTAACTCCAACACGCAAG_018,126
GCTTAACTCCAACACGCAAG_019,27
GCTTAACTCCAACACGCAAG_020,147
AATTACTGCTTACAATGTCT_001,10
AATTACTGCTTACAATGTCT_002,147
AATTACTGCTTACAATGTCT_003,167
AATTACTGCTTACAATGTCT_004,162
GCCATTCTAGTCCCGGCATA_001,170
GCCATTCTAGTCCCGGCATA_002,80
GCCATTCTAGTCCCGGCATA_003,128
GCCATTCTAGTCCCGGCATA_004,104
GCCATTCTAGTCCCGGCATA_005,169
GCCATTCTAGTCCCGGCATA_006,149
GCCATTCTAGTCCCGGCATA_007,4
GCCATTCTAGTCCCGGCATA_008,117
GCCATTCTAGTCCCGGCATA_009,175
GCCATTCTAGTCCCGGCATA_010,130
GCCATTCTAGTCCCGGCATA_011,132
GCCATTCTAGTCCCGGCATA_012,88
GCCATTCTAGTCCCGGCATA_013,42
GCCATTCTAGTCCCGGCATA_014,8
GCCATTCTAGTCCCGGCATA_015,94
TGTATGGGAGTCCATACTGG_001,113
TGTATGGGAGTCCATACTGG_002,113
TGTATGGGAGTCCATACTGG_003,184
TGTATGGGAGTCCATACTGG_004,144
TGTATGGGAGTCCATACTGG_005,102
TGTATGGGAGTCCATACTGG_006,51
TGTATGGGAGTCCATACTGG_007,184
TGTATGGGAGTCCATACTGG_008,178
TGTATGGGAGTCCATACTGG_009,64
TGTATGGGAGTCCATACTGG_010,12
TGTATGGGAGTCCATACTGG_011,158
TGTATGGGAGTCCATACTGG_012,7
TGTATGGGAGTCCATACTGG_013,56
TGTATGGGAGTCCATACTGG_014,57
CTCAGAGACCCTCTGTACAT_001,77
CTCAGAGACCCTCTGTACAT_002,63
CTCAGAGACCCTCTGTACAT_003,78
CTCAGAGACCCTCTGTACAT_004,64
CTCAGAGACCCTCTGTACAT_005,15
CTCAGAGACCCTCTGTACAT_006,17
CTCAGAGACCCTCTGTACAT_007,121
CTCAGAGACCCTCTGTACAT_008,84
CTCAGAGACCCTCTGTACAT_009,69
CTCAGAGACCCTCTGTACAT_010,81
CTCAGAGACCCTCTGTACAT_011,35
CTCAGAGACCCTCTGTACAT_012,190
CTCAGAGACCCTCTGTACAT_013,76
CTCAGAGACCCTCTGTACAT_014,10
CTCAGAGACCCTCTGTACAT_015,52
CTCAGAGACCCTCTGTACAT_016,46
CTCAGAGACCCTCTGTACAT_017,103
GCGCATCACACGGGACGACG_001,4
GCGCATCACACGGGACGACG_002,48
GCGCATCACACGGGACGACG_003,168
GCGCATCACACGGGACGACG_004,181
GGGACTACACGAGACAAGAT_001,172
GGGACTACACGAGACAAGAT_002,169
GGGACTACACGAGACAAGAT_003,8
GGGACTACACGAGACAAGAT_004,185
GGGACTACACGAGACAAGAT_005,66
GGGACTACACGAGACAAGAT_006,82
TTTGGGGTACATGCCAAGCG_001,8
TTTGGGGTACATGCCAAGCG_002,8
TTTGGGGTACATGCCAAGCG_003,8
TTTGGGGTACATGCCAAGCG_004,67
TTTGGGGTACATGCCAAGCG_005,145
TTTGGGGTACATGCCAAGCG_006,0
TTTGGGGTACATGCCAAGCG_007,94
TTTGGGGTACATGCCAAGCG_008,56
TTTGGGGTACATGCCAAGCG_009,15
TTTGGGGTACATGCCAAGCG_010,199
TTTGGGGTACATGCCAAGCG_011,169
TTTGGGGTACATGCCAAGCG_012,5
TTTGGGGTACATGCCAAGCG_013,196
GCAGCCGCACCCTCAAGCAA_001,154
GCAGCCGCACCCTCAAGCAA_002,69
GCAGCCGCACCCTCAAGCAA_003,117
GCAGCCGCACCCTCAAGCAA_004,0
GCAGCCGCACCCTCAAGCAA_005,105
GCAGCCGCACCCTCAAGCAA_006,140
GCAGCCGCACCCTCAAGCAA_007,57
GCAGCCGCACCCTCAAGCAA_008,169
GCAGCCGCACCCTCAAGCAA_009,12
GCAGCCGCACCCTCAAGCAA_010,142
GCAGCCGCACCCTCAAGCAA_011,180
GCAGCCGCACCCTCAAGCAA_012,66
GCAGCCGCACCCTCAAGCAA_013,116
GCAGCCGCACCCTCAAGCAA_014,182
GCAGCCGCACCCTCAAGCAA_015,112
GCCCTCGAGAAGCTCCACCG_001,139
GCCCTCGAGAAGCTCCACCG_002,157
GCCCTCGAGAAGCTCCACCG_003,88
GCCCTCGAGAAGCTCCACCG_004,144
GCCCTCGAGAAGCTCCACCG_005,66
GCCCTCGAGAAGCTCCACCG_006,156
GCCCTCGAGAAGCTCCACCG_007,134
GCCCTCGAGAAGCTCCACCG_008,170
GCCCTCGAGAAGCTCCACCG_009,129
GCCCTCGAGAAGCTCCACCG_010,129
GCCCTCGAGAAGCTCCACCG_011,198
GCCCTCGAGAAGCTCCACCG_012,76
GCCCTCGAGAAGCTCCACCG_013,123
GCCCTCGAGAAGCTCCACCG_014,199
GCCCTCGAGAAGCTCCACCG_015,182
GCCCTCGAGAAGCTCCACCG_016,116
GCCCTCGAGAAGCTCCACCG_017,33
GCCCTCGAGAAGCTCCACCG_018,91
TGGTCTCAGGTAGCCAACAA_001,29
TGGTCTCAGGTAGCCAACAA_002,78
TGGTCTCAGGTAGCCAACAA_003,78
TGGTCTCAGGTAGCCAACAA_004,11
TGGTCTCAGGTAGCCAACAA_005,66
TGGTCTCAGGTAGCCAACAA_006,144
TGGTCTCAGGTAGCCAACAA_007,89
TGGTCTCAGGTAGCCAACAA_008,26
TGGTCTCAGGTAGCCAACAA_009,56
GTGAGCAATGTGGACGGCGA_001,126
GTGAGCAATGTGGACGGCGA_002,144
GTGAGCAATGTGGACGGCGA_003,34
GTGAGCAATGTGGACGGCGA_004,161
GTGAGCAATGTGGACGGCGA_005,47
GTGAGCAATGTGGACGGCGA_006,150
GTGAGCAATGTGGACGGCGA_007,16
GTGAGCAATGTGGACGGCGA_008,128
GTGAGCAATGTGGACGGCGA_009,4
GTGAGCAATGTGGACGGCGA_010,174
GTGAGCAATGTGGACGGCGA_011,35
GTGAGCAATGTGGACGGCGA_012,158
GTGAGCAATGTGGACGGCGA_013,36
GTGAGCAATGTGGACGGCGA_014,64
GTGAGCAATGTGGACGGCGA_015,177
GTGAGCAATGTGGACGGCGA_016,129
GTGAGCAATGTGGACGGCGA_017,24
GTGAGCAATGTGGACGGCGA_018,41
GTGAGCAATGTGGACGGCGA_019,28
GTGAGCAATGTGGACGGCGA_020,141
GTGAGCAATGTGGACGGCGA_021,72
CATCCCAGTGGACTTCACGC_001,104
CATCCCAGTGGACTTCACGC_002,102
CATCCCAGTGGACTTCACGC_003,159
CATCCCAGTGGACTTCACGC_004,15
CATCCCAGTGGACTTCACGC_005,31
CATCCCAGTGGACTTCACGC_006,162
CATCCCAGTGGACTTCACGC_007,94
CATCCCAGTGGACTTCACGC_008,130
CATCCCAGTGGACTTCACGC_009,88
CATCCCAGTGGACTTCACGC_010,85
CATCCCAGTGGACTTCACGC_011,134
CATCCCAGTGGACTTCACGC_012,130
CATCCCAGTGGACTTCACGC_013,107
CATCCCAGTGGACTTCACGC_014,2
CATCCCAGTGGACTTCACGC_015,176
CATCCCAGTGGACTTCACGC_016,193
CATCCCAGTGGACTTCACGC_017,94
CATCCCAGTGGACTTCACGC_018,83
CATCCCAGTGGACTTCACGC_019,137
CATCCCAGTGGACTTCACGC_020,128
CATCCCAGTGGACTTCACGC_021,136
ATCAGCTGCCATACGAAGAA_001,198
ATCAGCTGCCATACGAAGAA_002,103
ATCAGCTGCCATACGAAGAA_003,34
ATCAGCTGCCATACGAAGAA_004,81
ATCAGCTGCCATACGAAGAA_005,96
ATCAGCTGCCATACGAAGAA_006,122
ATCAGCTGCCATACGAAGAA_007,8
ATCAGCTGCCATACGAAGAA_008,59
ATCAGCTGCCATACGAAGAA_009,99
ATCAGCTGCCATACGAAGAA_010,52
ATCAGCTGCCATACGAAGAA_011,28
ACTGTGTAAAGTAGCTAAGT_001,171
ACTGTGTAAAGTAGCTAAGT_002,44
ACTGTGTAAAGTAGCTAAGT_003,69
ACTGTGTAAAGTAGCTAAGT_004,179
ACTGTGTAAAGTAGCTAAGT_005,121
ACTGTGTAAAGTAGCTAAGT_006,105
ACTGTGTAAAGTAGCTAAGT_007,48
ACTGTGTAAAGTAGCTAAGT_008,150
ACTGTGTAAAGTAGCTAAGT_009,142
ACTGTGTAAAGTAGCTAAGT_010,178
ACTGTGTAAAGTAGCTAAGT_011,151
ACTGTGTAAAGTAGCTAAGT_012,77
ACTGTGTAAAGTAGCTAAGT_013,62
ACTGTGTAAAGTAGCTAAGT_014,1
CGCCTACACTTCCCGCATCG_001,59
GCGAATTAAGCAGATTACGG_001,106
GCGAATTAAGCAGATTACGG_002,133
GCGAATTAAGCAGATTACGG_003,157
GCGAATTAAGCAGATTACGG_004,57
GCGAATTAAGCAGATTACGG_005,141
GCGAATTAAGCAGATTACGG_006,90
GCGAATTAAGCAGATTACGG_007,91
CTTGTAGTGGATGTTCACCG_001,37
CTTGTAGTGGATGTTCACCG_002,146
CTTGTAGTGGATGTTCACCG_003,117
CTTGTAGTGGATGTTCACCG_004,188
CTTGTAGTGGATGTTCACCG_005,121
TGAAATGCAACATTGGCACA_001,125
TGAAATGCAACATTGGCACA_002,141
TGAAATGCAACATTGGCACA_003,87
TGAAATGCAACATTGGCACA_004,97
TGAAATGCAACATTGGCACA_005,77
TGAAATGCAACATTGGCACA_006,120
TGAAATGCAACATTGGCACA_007,180
GGACCAAGACTGCCCAGATG_001,76
GGACCAAGACTGCCCAGATG_002,17
GGACCAAGACTGCCCAGATG_003,159
GGACCAAGACTGCCCAGATG_004,173
GGACCAAGACTGCCCAGATG_005,56
CTGCGTCCCGGAGCCCACGG_001,1
CTGCGTCCCGGAGCCCACGG_002,5
CTGCGTCCCGGAGCCCACGG_003,127
CTGCGTCCCGGAGCCCACGG_004,129
CTGCGTCCCGGAGCCCACGG_005,176
CTGCGTCCCGGAGCCCACGG_006,23
CTGCGTCCCGGAGCCCACGG_007,135
CTGCGTCCCGGAGCCCACGG_008,147
CTGCGTCCCGGAGCCCACGG_009,48
CTGCGTCCCGGAGCCCACGG_010,19
CTGCGTCCCGGAGCCCACGG_011,193
CTGCGTCCCGGAGCCCACGG_012,141
CTGCGTCCCGGAGCCCACGG_013,162
CTGCGTCCCGGAGCCCACGG_014,68
CTGCGTCCCGGAGCCCACGG_015,128
CTGCGTCCCGGAGCCCACGG_016,148
CTGCGTCCCGGAGCCCACGG_017,153
CTGCGTCCCGGAGCCCACGG_018,3
CTGCGTCCCGGAGCCCACGG_019,141
CTGCGTCCCGGAGCCCACGG_020,114
CTGCGTCCCGGAGCCCACGG_021,188
CTGCGTCCCGGAGCCCACGG_022,155
CTGCGTCCCGGAGCCCACGG_023,147
CTGCGTCCCGGAGCCCACGG_024,14
CTGCGTCCCGGAGCCCACGG_025,94
CTGCGTCCCGGAGCCCACGG_026,40
CTGCGTCCCGGAGCCCACGG_027,110
CTGCGTCCCGGAGCCCACGG_028,108
CTGCGTCCCGGAGCCCACGG_029,45
CTGCGTCCCGGAGCCCACGG_030,29
CTGCGTCCCGGAGCCCACGG_031,192
CTGCGTCCCGGAGCCCACGG_032,62
CTGCGTCCCGGAGCCCACGG_033,81
CTGCGTCCCGGAGCCCACGG_034,34
CTGCGTCCCGGAGCCCACGG_035,94
CTGCGTCCCGGAGCCCACGG_036,141
CTGCGTCCCGGAGCCCACGG_037,1
CTGCGTCCCGGAGCCCACGG_038,147
CTGCGTCCCGGAGCCCACGG_039,68
CTGCGTCCCGGAGCCCACGG_040,83
CTGCGTCCCGGAGCCCACGG_041,134
CTGCGTCCCGGAGCCCACGG_042,29
CTGCGTCCCGGAGCCCACGG_043,108
CTGCGTCCCGGAGCCCACGG_044,108
CTGCGTCCCGGAGCCCACGG_045,177
CTGCGTCCCGGAGCCCACGG_046,94
CTGCGTCCCGGAGCCCACGG_047,53
CTGCGTCCCGGAGCCCACGG_048,159
CTGCGTCCCGGAGCCCACGG_049,176
CTGCGTCCCGGAGCCCACGG_050,176
CTGCGTCCCGGAGCCCACGG_051,152
CTGCGTCCCGGAGCCCACGG_052,152
CTGCGTCCCGGAGCCCACGG_053,68
CTGCGTCCCGGAGCCCACGG_054,5
CTGCGTCCCGGAGCCCACGG_055,55
CTGCGTCCCGGAGCCCACGG_056,42
CTGCGTCCCGGAGCCCACGG_057,103
CTGCGTCCCGGAGCCCACGG_058,83
CTGCGTCCCGGAGCCCACGG_059,116
CTGCGTCCCGGAGCCCACGG_060,141
CTGCGTCCCGGAGCCCACGG_061,45
CTGCGTCCCGGAGCCCACGG_062,153
CTGCGTCCCGGAGCCCACGG_063,113
CTGCGTCCCGGAGCCCACGG_064,16
GGTACCAAGACTGTTGTAGG_001,40
GGTACCAAGACTGTTGTAGG_002,43
GGTACCAAGACTGTTGTAGG_003,105
GGTACCAAGACTGTTGTAGG_004,149
GGTACCAAGACTGTTGTAGG_005,185
GGTACCAAGACTGTTGTAGG_006,169
GGTACCAAGACTGTTGTAGG_007,58
TGTGGGAGAAAGGTAGACAG_001,132
TGTGGGAGAAAGGTAGACAG_002,59
TGTGGGAGAAAGGTAGACAG_003,58
TGTGGGAGAAAGGTAGACAG_004,72
TGTGGGAGAAAGGTAGACAG_005,63
TGTGGGAGAAAGGTAGACAG_006,174
TGTGGGAGAAAGGTAGACAG_007,170
TGTGGGAGAAAGGTAGACAG_008,181
TGTGGGAGAAAGGTAGACAG_009,40
TGTGGGAGAAAGGTAGACAG_010,46
TGTGGGAGAAAGGTAGACAG_011,61
TGTGGGAGAAAGGTAGACAG_012,177
TGTGGGAGAAAGGTAGACAG_013,17
TGTGGGAGAAAGGTAGACAG_014,186
TGTGGGAGAAAGGTAGACAG_015,48
TGTGGGAGAAAGGTAGACAG_016,41
TGTGGGAGAAAGGTAGACAG_017,101
TGTGGGAGAAAGGTAGACAG_018,42
TGTGGGAGAAAGGTAGACAG_019,169
TGTGGGAGAAAGGTAGACAG_020,105
TGTGGGAGAAAGGTAGACAG_021,35
TGTGGGAGAAAGGTAGACAG_022,77
TGTGGGAGAAAGGTAGACAG_023,96
TGTGGGAGAAAGGTAGACAG_024,17
TGTGGGAGAAAGGTAGACAG_025,184
AAGAGCTTTACACAACTGGA_001,102
AAGAGCTTTACACAACTGGA_002,7
AAGAGCTTTACACAACTGGA_003,69
AAGAGCTTTACACAACTGGA_004,129
AAGAGCTTTACACAACTGGA_005,134
AAGAGCTTTACACAACTGGA_006,169
AAGAGCTTTACACAACTGGA_007,15
GATCAGACAGTCATTCGCAA_001,88
GATCAGACAGTCATTCGCAA_002,157
GATCAGACAGTCATTCGCAA_003,117
GATCAGACAGTCATTCGCAA_004,95
GATCAGACAGTCATTCGCAA_005,64
GATCAGACAGTCATTCGCAA_006,100
GATCAGACAGTCATTCGCAA_007,83
GATCAGACAGTCATTCGCAA_008,88
GATCAGACAGTCATTCGCAA_009,130
GATCAGACAGTCATTCGCAA_010,134
GATCAGACAGTCATTCGCAA_011,51
GATCAGACAGTCATTCGCAA_012,175
GATCAGACAGTCATTCGCAA_013,65
GATCAGACAGTCATTCGCAA_014,163
GATCAGACAGTCATTCGCAA_015,19
GATCAGACAGTCATTCGCAA_016,105
ACTGCAGAGCATCGGCCGTG_001,70
ACTGCAGAGCATCGGCCGTG_002,47
ACTGCAGAGCATCGGCCGTG_003,196
GATGGCGCTTCAGTCGTCGG_001,174
GATGGCGCTTCAGTCGTCGG_002,50
GATGGCGCTTCAGTCGTCGG_003,32
GATGGCGCTTCAGTCGTCGG_004,157
GATGGCGCTTCAGTCGTCGG_005,76
GATGGCGCTTCAGTCGTCGG_006,128
GATGGCGCTTCAGTCGTCGG_007,28
GATGGCGCTTCAGTCGTCGG_008,186
GATGGCGCTTCAGTCGTCGG_009,8
GATGGCGCTTCAGTCGTCGG_010,150
GATGGCGCTTCAGTCGTCGG_011,28
GATGGCGCTTCAGTCGTCGG_012,16
GATGGCGCTTCAGTCGTCGG_013,103
GATGGCGCTTCAGTCGTCGG_014,58
GATGGCGCTTCAGTCGTCGG_015,2
GATGGCGCTTCAGTCGTCGG_016,157
GATGGCGCTTCAGTCGTCGG_017,161
GATGGCGCTTCAGTCGTCGG_018,12
GATGGCGCTTCAGTCGTCGG_019,105
GATGGCGCTTCAGTCGTCGG_020,61
GATGGCGCTTCAGTCGTCGG_021,172
GATGGCGCTTCAGTCGTCGG_022,62
GATGGCGCTTCAGTCGTCGG_023,30
GATGGCGCTTCAGTCGTCGG_024,170
GATGGCGCTTCAGTCGTCGG_025,177
GATGGCGCTTCAGTCGTCGG_026,34
GATGGCGCTTCAGTCGTCGG_027,170
GATGGCGCTTCAGTCGTCGG_028,145
CCGCGCCCCTGGGCGTTCCG_001,68
CCGCGCCCCTGGGCGTTCCG_002,125
CCGCGCCCCTGGGCGTTCCG_003,111
CCGCGCCCCTGGGCGTTCCG_004,175
CCGCGCCCCTGGGCGTTCCG_005,44
AAATCTAATTCAATTAGTGT_001,192
CCAGAGTTCGGTATCCACCG_001,47
CCAGAGTTCGGTATCCACCG_002,50
ATTAGCCGTTGCCATATCAA_001,42
ATTAGCCGTTGCCATATCAA_002,6
ATTAGCCGTTGCCATATCAA_003,121
ATTAGCCGTTGCCATATCAA_004,6
CGTGCCACGTGCCGCCGTCG_001,165
CGTGCCACGTGCCGCCGTCG_002,25
GAAACCATCATAAAACAATG_001,193
GAAACCATCATAAAACAATG_002,68
GAAACCATCATAAAACAATG_003,183
GAAACCATCATAAAACAATG_004,145
GAAACCATCATAAAACAATG_005,45
GAAACCATCATAAAACAATG_006,38
GAAACCATCATAAAACAATG_007,8
GAAACCATCATAAAACAATG_008,8
GAAACCATCATAAAACAATG_009,60
TTGCAGCCATAAGAGATACA_001,168
TTGCAGCCATAAGAGATACA_002,113
TTGCAGCCATAAGAGATACA_003,126
TTGCAGCCATAAGAGATACA_004,41
TTGCAGCCATAAGAGATACA_005,118
TTGCAGCCATAAGAGATACA_006,96
TTGCAGCCATAAGAGATACA_007,78
TTGCAGCCATAAGAGATACA_008,70
TTGCAGCCATAAGAGATACA_009,110
TTGCAGCCATAAGAGATACA_010,116
TTGCAGCCATAAGAGATACA_011,82
TTGCAGCCATAAGAGATACA_012,190
TTGCAGCCATAAGAGATACA_013,113
TTGCAGCCATAAGAGATACA_014,61
TTGCAGCCATAAGAGATACA_015,118
TTGCAGCCATAAGAGATACA_016,49
TTGCAGCCATAAGAGATACA_017,162
TTGCAGCCATAAGAGATACA_018,77
TTGCAGCCATAAGAGATACA_019,34
TTGCAGCCATAAGAGATACA_020,138
TTGCAGCCATAAGAGATACA_021,63
TTGCAGCCATAAGAGATACA_022,56
TTGCAGCCATAAGAGATACA_023,1
AACAGTGCCAAGCAGCCATA_001,140
AACAGTGCCAAGCAGCCATA_002,1
AACAGTGCCAAGCAGCCATA_003,108
AACAGTGCCAAGCAGCCATA_004,68
AACAGTGCCAAGCAGCCATA_005,2
AACAGTGCCAAGCAGCCATA_006,182
AACAGTGCCAAGCAGCCATA_007,107
AACAGTGCCAAGCAGCCATA_008,189
AACAGTGCCAAGCAGCCATA_009,105
AACAGTGCCAAGCAGCCATA_010,199
AACAGTGCCAAGCAGCCATA_011,16
AACAGTGCCAAGCAGCCATA_012,17
AACAGTGCCAAGCAGCCATA_013,127
AACAGTGCCAAGCAGCCATA_014,141
AACAGTGCCAAGCAGCCATA_015,106
AACAGTGCCAAGCAGCCATA_016,183
AACAGTGCCAAGCAGCCATA_017,196
AACAGTGCCAAGCAGCCATA_018,106
AACAGTGCCAAGCAGCCATA_019,79
AACAGTGCCAAGCAGCCATA_020,129
AACAGTGCCAAGCAGCCATA_021,8
AACAGTGCCAAGCAGCCATA_022,63
AACAGTGCCAAGCAGCCATA_023,110
AACAGTGCCAAGCAGCCATA_024,177
AACAGTGCCAAGCAGCCATA_025,13
AACAGTGCCAAGCAGCCATA_026,148
AACAGTGCCAAGCAGCCATA_027,191
AACAGTGCCAAGCAGCCATA_028,174
AACAGTGCCAAGCAGCCATA_029,147
AACAGTGCCAAGCAGCCATA_030,162
GCAGTGGAGCAACTGGCAGA_001,29
GCAGTGGAGCAACTGGCAGA_002,132
GCAGTGGAGCAACTGGCAGA_003,76
GCAGTGGAGCAACTGGCAGA_004,33
GCAGTGGAGCAACTGGCAGA_005,105
GCAGTGGAGCAACTGGCAGA_006,59
GCAGTGGAGCAACTGGCAGA_007,129
GCAGTGGAGCAACTGGCAGA_008,194
GCAGTGGAGCAACTGGCAGA_009,122
GCAGTGGAGCAACTGGCAGA_010,157
GCAGTGGAGCAACTGGCAGA_011,6
GCAGTGGAGCAACTGGCAGA_012,106
GCAGTGGAGCAACTGGCAGA_013,90
GCAGTGGAGCAACTGGCAGA_014,11
GCAGTGGAGCAACTGGCAGA_015,50
GCAGTGGAGCAACTGGCAGA_016,64
GCAGTGGAGCAACTGGCAGA_017,196
GCAGTGGAGCAACTGGCAGA_018,145
GCAGTGGAGCAACTGGCAGA_019,12
GCAGTGGAGCAACTGGCAGA_020,72
GCAGTGGAGCAACTGGCAGA_021,173
GCAGTGGAGCAACTGGCAGA_022,195
GCAGTGGAGCAACTGGCAGA_023,192
GCAGTGGAGCAACTGGCAGA_024,177
GCAGTGGAGCAACTGGCAGA_025,24
GCAGTGGAGCAACTGGCAGA_026,1
GCAGTGGAGCAACTGGCAGA_027,76
GCAGTGGAGCAACTGGCAGA_028,80
GCAGTGGAGCAACTGGCAGA_029,116
GCAGTGGAGCAACTGGCAGA_030,94
GCAGTGGAGCAACTGGCAGA_031,1
GCAGTGGAGCAACTGGCAGA_032,29
GCAGTGGAGCAACTGGCAGA_033,43
GCAGTGGAGCAACTGGCAGA_034,42
GCAGTGGAGCAACTGGCAGA_035,162
GCAGTGGAGCAACTGGCAGA_036,62
GCAGTGGAGCAACTGGCAGA_037,124
GCAGTGGAGCAACTGGCAGA_038,39
GCAGTGGAGCAACTGGCAGA_039,134
GCAGTGGAGCAACTGGCAGA_040,49
GCAGTGGAGCAACTGGCAGA_041,141
GCAGTGGAGCAACTGGCAGA_042,105
CTAGCACCTTGGTCTCACGC_001,66
CTAGCACCTTGGTCTCACGC_002,178
CTAGCACCTTGGTCTCACGC_003,183
CTAGCACCTTGGTCTCACGC_004,44
CAAACACAGTTCCTGCACCA_001,193
CAAACACAGTTCCTGCACCA_002,6
CTTCTACTTCGTGGGCACCG_001,148
CTTCTACTTCGTGGGCACCG_002,160
CTTCTACTTCGTGGGCACCG_003,86
GAGCCATGTAGGCATCTATG_001,194
GAGCCATGTAGGCATCTATG_002,123
GAGCCATGTAGGCATCTATG_003,53
GAGCCATGTAGGCATCTATG_004,181
GAGCCATGTAGGCATCTATG_005,85
GAGCCATGTAGGCATCTATG_006,62
GAGCCATGTAGGCATCTATG_007,4
GAGCCATGTAGGCATCTATG_008,15
GAGCCATGTAGGCATCTATG_009,7
GAGCCATGTAGGCATCTATG_010,83
GAGCCATGTAGGCATCTATG_011,105
GAGCCATGTAGGCATCTATG_012,142
CTTTCTTTCAATAAAAGTGG_001,34
CTTTCTTTCAATAAAAGTGG_002,102
CTTTCTTTCAATAAAAGTGG_003,177
CTTTCTTTCAATAAAAGTGG_004,63
CTTTCTTTCAATAAAAGTGG_005,10
ATCTTCTCGACGAAAATGCG_001,21
ATCTTCTCGACGAAAATGCG_002,41
ATCTTCTCGACGAAAATGCG_003,163
ATCTTCTCGACGAAAATGCG_004,43
ATCTTCTCGACGAAAATGCG_005,35
ATCTTCTCGACGAAAATGCG_006,137
ATCTTCTCGACGAAAATGCG_007,158
ATCTTCTCGACGAAAATGCG_008,67
ATCTTCTCGACGAAAATGCG_009,182
ATCTTCTCGACGAAAATGCG_010,98
ATCTTCTCGACGAAAATGCG_011,67
ATCTTCTCGACGAAAATGCG_012,66
ATTGTGCTATCGGCCCCTTG_001,144
ATTGTGCTATCGGCCCCTTG_002,52
ATTGTGCTATCGGCCCCTTG_003,48
ATTGTGCTATCGGCCCCTTG_004,168
ATTGTGCTATCGGCCCCTTG_005,57
ACTGGTCACCCAACATCCGA_001,7
ACTGGTCACCCAACATCCGA_002,4
ACTGGTCACCCAACATCCGA_003,73
ACTGGTCACCCAACATCCGA_004,128
ACTGGTCACCCAACATCCGA_005,64
ACTGGTCACCCAACATCCGA_006,119
ACTGGTCACCCAACATCCGA_007,51
ACTGGTCACCCAACATCCGA_008,64
ACTGGTCACCCAACATCCGA_009,147
ACTGGTCACCCAACATCCGA_010,3
ACTGGTCACCCAACATCCGA_011,196
ACTGGTCACCCAACATCCGA_012,196
ACTGGTCACCCAACATCCGA_013,10
CAGACAGGCTTGCAGCAGAT_001,26
CAGACAGGCTTGCAGCAGAT_002,188
CAGACAGGCTTGCAGCAGAT_003,78
CAGACAGGCTTGCAGCAGAT_004,22
CAGACAGGCTTGCAGCAGAT_005,138
CAGACAGGCTTGCAGCAGAT_006,48
CAGACAGGCTTGCAGCAGAT_007,170
CAGACAGGCTTGCAGCAGAT_008,113
CAGACAGGCTTGCAGCAGAT_009,14
CAGACAGGCTTGCAGCAGAT_010,188
CAGACAGGCTTGCAGCAGAT_011,48
CAGACAGGCTTGCAGCAGAT_012,112
CAGACAGGCTTGCAGCAGAT_013,138
CAGACAGGCTTGCAGCAGAT_014,144
CAGACAGGCTTGCAGCAGAT_015,123
CAGACAGGCTTGCAGCAGAT_016,136
CGTCACCTGGGCTTTCACAG_001,177
CGTCACCTGGGCTTTCACAG_002,24
CGTCACCTGGGCTTTCACAG_003,188
CGTCACCTGGGCTTTCACAG_004,149
CGTCACCTGGGCTTTCACAG_005,7
CGTCACCTGGGCTTTCACAG_006,60
GCCTCACCTGAAATACTATG_001,55
GCCTCACCTGAAATACTATG_002,174
GCCTCACCTGAAATACTATG_003,140
GCCTCACCTGAAATACTATG_004,12
GCCTCACCTGAAATACTATG_005,148
GAATACAATGAAACAGATCA_001,145
GAATACAATGAAACAGATCA_002,182
GAATACAATGAAACAGATCA_003,41
GAATACAATGAAACAGATCA_004,150
TCCAACGTTTCATCACTGGA_001,49
TCCAACGTTTCATCACTGGA_002,101
TCCAACGTTTCATCACTGGA_003,126
TCCAACGTTTCATCACTGGA_004,38
TCCAACGTTTCATCACTGGA_005,112
TCCAACGTTTCATCACTGGA_006,199
AACTCCTTGACCATACCGGA_001,42
AACTCCTTGACCATACCGGA_002,129
AACTCCTTGACCATACCGGA_003,129
AACTCCTTGACCATACCGGA_004,164
CGCAAGAGGTCCTTTAGGAG_001,103
CGCAAGAGGTCCTTTAGGAG_002,195
CGCAAGAGGTCCTTTAGGAG_003,24
CGCAAGAGGTCCTTTAGGAG_004,181
CGCAAGAGGTCCTTTAGGAG_005,2
CGCAAGAGGTCCTTTAGGAG_006,12
CGCAAGAGGTCCTTTAGGAG_007,155
CGCAAGAGGTCCTTTAGGAG_008,145
CGCAAGAGGTCCTTTAGGAG_009,73
CGCAAGAGGTCCTTTAGGAG_010,113
CGCAAGAGGTCCTTTAGGAG_011,95
CGCAAGAGGTCCTTTAGGAG_012,49
CGCAAGAGGTCCTTTAGGAG_013,63
CGCAAGAGGTCCTTTAGGAG_014,136
TCCTCACCAAGTACTCCTTG_001,78
TCCTCACCAAGTACTCCTTG_002,107
TCCTCACCAAGTACTCCTTG_003,181
TCCTCACCAAGTACTCCTTG_004,8
TCCTCACCAAGTACTCCTTG_005,83
TCCTCACCAAGTACTCCTTG_006,124
TCCTCACCAAGTACTCCTTG_007,28
TCCTCACCAAGTACTCCTTG_008,82
TCCTCACCAAGTACTCCTTG_009,149
CTGGTGTGAAGCATGCCACG_001,170
CTGGTGTGAAGCATGCCACG_002,181
CTGGTGTGAAGCATGCCACG_003,174
CTGGTGTGAAGCATGCCACG_004,148
ATGGGTCCCACAGCACATGT_001,158
ATGGGTCCCACAGCACATGT_002,10
ATGGGTCCCACAGCACATGT_003,57
AGGTGTGAAACGATCAGCAG_001,155
AGGTGTGAAACGATCAGCAG_002,60
AGGTGTGAAACGATCAGCAG_003,160
AGGTGTGAAACGATCAGCAG_004,102
AGGTGTGAAACGATCAGCAG_005,100
AGGTGTGAAACGATCAGCAG_006,105
AGGTGTGAAACGATCAGCAG_007,196
AGGTGTGAAACGATCAGCAG_008,139
AGGTGTGAAACGATCAGCAG_009,107
AGGTGTGAAACGATCAGCAG_010,52
CTGATATATAGATGTCCGCA_001,56
CTGATATATAGATGTCCGCA_002,188
CTGATATATAGATGTCCGCA_003,192
GCACTGAGCGGTAGCACTGT_001,111
GCACTGAGCGGTAGCACTGT_002,173
GCACTGAGCGGTAGCACTGT_003,175
GCACTGAGCGGTAGCACTGT_004,62
GCACTGAGCGGTAGCACTGT_005,13
GCACTGAGCGGTAGCACTGT_006,91
GCACTGAGCGGTAGCACTGT_007,47
GCACTGAGCGGTAGCACTGT_008,36
GCACTGAGCGGTAGCACTGT_009,185
GCACTGAGCGGTAGCACTGT_010,60
GCACTGAGCGGTAGCACTGT_011,48
GCACTGAGCGGTAGCACTGT_012,34
GCACTGAGCGGTAGCACTGT_013,138
GCACTGAGCGGTAGCACTGT_014,34
GCACTGAGCGGTAGCACTGT_015,139
GCACTGAGCGGTAGCACTGT_016,142
GCACTGAGCGGTAGCACTGT_017,174
GCACTGAGCGGTAGCACTGT_018,186
GCACTGAGCGGTAGCACTGT_019,44
TATGATGAATATTGCATGCT_001,25
CGTGGAGGAATTCGCCACCG_001,77
CGTGGAGGAATTCGCCACCG_002,43
CGTGGAGGAATTCGCCACCG_003,44
CGTGGAGGAATTCGCCACCG_004,134
CGTGGAGGAATTCGCCACCG_005,173
CGTGGAGGAATTCGCCACCG_006,170
CGTGGAGGAATTCGCCACCG_007,149
CGTGGAGGAATTCGCCACCG_008,2
CTATACCCTACTCACTCCCA_001,134
CTATACCCTACTCACTCCCA_002,88
CTATACCCTACTCACTCCCA_003,129
CTATACCCTACTCACTCCCA_004,78
CTATACCCTACTCACTCCCA_005,159
CTATACCCTACTCACTCCCA_006,101
CTATACCCTACTCACTCCCA_007,64
CTATACCCTACTCACTCCCA_008,64
CTATACCCTACTCACTCCCA_009,61
CTATACCCTACTCACTCCCA_010,58
CTATACCCTACTCACTCCCA_011,1
CTATACCCTACTCACTCCCA_012,29
CTATACCCTACTCACTCCCA_013,137
CTATACCCTACTCACTCCCA_014,152
CTATACCCTACTCACTCCCA_015,26
CTATACCCTACTCACTCCCA_016,126
CACCGCGACTTGGAGCTGAG_001,88
CACCGCGACTTGGAGCTGAG_002,146
CACCGCGACTTGGAGCTGAG_003,35
CACCGCGACTTGGAGCTGAG_004,15
CACCGCGACTTGGAGCTGAG_005,112
CACCGCGACTTGGAGCTGAG_006,118
CACCGCGACTTGGAGCTGAG_007,117
CACCGCGACTTGGAGCTGAG_008,31
CACCGCGACTTGGAGCTGAG_009,67
CACCGCGACTTGGAGCTGAG_010,92
CACCGCGACTTGGAGCTGAG_011,6
CACCGCGACTTGGAGCTGAG_012,157
CACCGCGACTTGGAGCTGAG_013,129
CACCGCGACTTGGAGCTGAG_014,118
CACCGCGACTTGGAGCTGAG_015,106
CACCGCGACTTGGAGCTGAG_016,83
CACCGCGACTTGGAGCTGAG_017,37
CACCGCGACTTGGAGCTGAG_018,191
CACCGCGACTTGGAGCTGAG_019,34
CACCGCGACTTGGAGCTGAG_020,192
CACCGCGACTTGGAGCTGAG_021,32
CACCGCGACTTGGAGCTGAG_022,148
CACCGCGACTTGGAGCTGAG_023,8
CACCGCGACTTGGAGCTGAG_024,80
AAAAGCAAGGACGGTAACGG_001,76
AAAAGCAAGGACGGTAACGG_002,169
AAAAGCAAGGACGGTAACGG_003,80
AAAAGCAAGGACGGTAACGG_004,70
AAAAGCAAGGACGGTAACGG_005,53
AAAAGCAAGGACGGTAACGG_006,174
AAAAGCAAGGACGGTAACGG_007,96
AAAAGCAAGGACGGTAACGG_008,56
AAAAGCAAGGACGGTAACGG_009,175
AAAAGCAAGGACGGTAACGG_010,37
AAAAGCAAGGACGGTAACGG_011,175
AAAAGCAAGGACGGTAACGG_012,16
AAAAGCAAGGACGGTAACGG_013,13
AAAAGCAAGGACGGTAACGG_014,122
GTCAGGAGTCTGCCATACAC_001,174
GTCAGGAGTCTGCCATACAC_002,127
GTCAGGAGTCTGCCATACAC_003,127
GTCAGGAGTCTGCCATACAC_004,43
GTCAGGAGTCTGCCATACAC_005,19
GTCAGGAGTCTGCCATACAC_006,59
GTCAGGAGTCTGCCATACAC_007,45
GTCAGGAGTCTGCCATACAC_008,94
GTCAGGAGTCTGCCATACAC_009,119
GGTGGTCGCTAGCCACCGGG_001,76
GGTGGTCGCTAGCCACCGGG_002,29
AAGTGCAAGAGTCAGTCGGG_001,3
AAGTGCAAGAGTCAGTCGGG_002,171
AAGTGCAAGAGTCAGTCGGG_003,169
AAGTGCAAGAGTCAGTCGGG_004,42
AAGTGCAAGAGTCAGTCGGG_005,100
AAGTGCAAGAGTCAGTCGGG_006,132
AAGTGCAAGAGTCAGTCGGG_007,160
AAGTGCAAGAGTCAGTCGGG_008,134
AAGTGCAAGAGTCAGTCGGG_009,113
AAGTGCAAGAGTCAGTCGGG_010,38
AAGTGCAAGAGTCAGTCGGG_011,144
AAGTGCAAGAGTCAGTCGGG_012,149
AAGTGCAAGAGTCAGTCGGG_013,81
AAGTGCAAGAGTCAGTCGGG_014,137
AAGTGCAAGAGTCAGTCGGG_015,85
AAGTGCAAGAGTCAGTCGGG_016,55
AAGTGCAAGAGTCAGTCGGG_017,9
AAGTGCAAGAGTCAGTCGGG_018,107
TTTGCATCAGGAAGGTCTCG_001,137
TTTGCATCAGGAAGGTCTCG_002,4
TTTGCATCAGGAAGGTCTCG_003,128
TGGTAATCCTCCGACAAACA_001,180
TGGTAATCCTCCGACAAACA_002,193
AAACCTAGCCCCAATACTTA_001,127
AAACCTAGCCCCAATACTTA_002,158
AAACCTAGCCCCAATACTTA_003,60
AAACCTAGCCCCAATACTTA_004,98
AAACCTAGCCCCAATACTTA_005,92
AAACCTAGCCCCAATACTTA_006,127
AAACCTAGCCCCAATACTTA_007,77
AAACCTAGCCCCAATACTTA_008,185
AAACCTAGCCCCAATACTTA_009,104
AAACCTAGCCCCAATACTTA_010,22
AAACCTAGCCCCAATACTTA_011,55
AAACCTAGCCCCAATACTTA_012,48
AAACCTAGCCCCAATACTTA_013,55
AAACCTAGCCCCAATACTTA_014,0
GTCTCTGGATCAGATCATTG_001,157
GTCTCTGGATCAGATCATTG_002,148
GTCTCTGGATCAGATCATTG_003,13
GTCTCTGGATCAGATCATTG_004,0
GTCTCTGGATCAGATCATTG_005,166
GTCTCTGGATCAGATCATTG_006,133
GTCTCTGGATCAGATCATTG_007,88
GTCTCTGGATCAGATCATTG_008,2
GTCTCTGGATCAGATCATTG_009,184
GTCTCTGGATCAGATCATTG_010,158
GTCTCTGGATCAGATCATTG_011,24
GTCTCTGGATCAGATCATTG_012,83
GTCTCTGGATCAGATCATTG_013,192
GTCTCTGGATCAGATCATTG_014,81
GTCTCTGGATCAGATCATTG_015,152
ACATGATGAGTATTGAGGCA_001,63
ACATGATGAGTATTGAGGCA_002,171
ACATGATGAGTATTGAGGCA_003,46
ACATGATGAGTATTGAGGCA_004,188
ACATGATGAGTATTGAGGCA_005,29
ACATGATGAGTATTGAGGCA_006,99
ACATGATGAGTATTGAGGCA_007,14
GGACATCCACCTATTTCAAC_001,153
GGACATCCACCTATTTCAAC_002,57
GTACTGAGCGATAATATTCA_001,26
GGATTTCGGATAGAGATCTG_001,159
GGATTTCGGATAGAGATCTG_002,70
GGATTTCGGATAGAGATCTG_003,51
GGATTTCGGATAGAGATCTG_004,15
GGATTTCGGATAGAGATCTG_005,27
GGATTTCGGATAGAGATCTG_006,68
GGATTTCGGATAGAGATCTG_007,197
GGATTTCGGATAGAGATCTG_008,18
GGATTTCGGATAGAGATCTG_009,125
GGATTTCGGATAGAGATCTG_010,151
GGATTTCGGATAGAGATCTG_011,176
GGATTTCGGATAGAGATCTG_012,58
GGATTTCGGATAGAGATCTG_013,7
CGAGTGGCGGCTCAAAACTC_001,121
CGAGTGGCGGCTCAAAACTC_002,43
CGAGTGGCGGCTCAAAACTC_003,26
CGAGTGGCGGCTCAAAACTC_004,146
CGAGTGGCGGCTCAAAACTC_005,190
CGAGTGGCGGCTCAAAACTC_006,17
CGAGTGGCGGCTCAAAACTC_007,149
CGAGTGGCGGCTCAAAACTC_008,128
CGAGTGGCGGCTCAAAACTC_009,160
CGAGTGGCGGCTCAAAACTC_010,94
CGAGTGGCGGCTCAAAACTC_011,81
CTGGCTCTACAGGACTACAG_001,150
CTGGCTCTACAGGACTACAG_002,94
CTGGCTCTACAGGACTACAG_003,191
CTGGCTCTACAGGACTACAG_004,147
CTGGCTCTACAGGACTACAG_005,54
CTGGCTCTACAGGACTACAG_006,24
CTGGCTCTACAGGACTACAG_007,45
CTGGCTCTACAGGACTACAG_008,47
CTGGCTCTACAGGACTACAG_009,170
CTGGCTCTACAGGACTACAG_010,150
CTGGCTCTACAGGACTACAG_011,111
CTGGCTCTACAGGACTACAG_012,157
CTGGCTCTACAGGACTACAG_013,7
CTGGCTCTACAGGACTACAG_014,34
CTGGCTCTACAGGACTACAG_015,138
CTGGCTCTACAGGACTACAG_016,77
CCTCATGCTGTACCGTCTGT_001,8
CCTCATGCTGTACCGTCTGT_002,39
CCTCATGCTGTACCGTCTGT_003,119
CCTCATGCTGTACCGTCTGT_004,60
CCTCATGCTGTACCGTCTGT_005,176
CCTCATGCTGTACCGTCTGT_006,189
CCTCATGCTGTACCGTCTGT_007,178
CCTCATGCTGTACCGTCTGT_008,6
CCTCATGCTGTACCGTCTGT_009,12
CCTCATGCTGTACCGTCTGT_010,32
CCTCATGCTGTACCGTCTGT_011,113
CCTCATGCTGTACCGTCTGT_012,51
CCTCATGCTGTACCGTCTGT_013,152
CCTCATGCTGTACCGTCTGT_014,57
CCTCATGCTGTACCGTCTGT_015,167
CCTCATGCTGTACCGTCTGT_016,81
CCTCATGCTGTACCGTCTGT_017,162
CCTCATGCTGTACCGTCTGT_018,163
CCTCATGCTGTACCGTCTGT_019,171
CCTCATGCTGTACCGTCTGT_020,94
CCTCATGCTGTACCGTCTGT_021,67
CCTCATGCTGTACCGTCTGT_022,149
CCTCATGCTGTACCGTCTGT_023,68
CCTCATGCTGTACCGTCTGT_024,178
CCTCATGCTGTACCGTCTGT_025,158
CCTCATGCTGTACCGTCTGT_026,66
CCTCATGCTGTACCGTCTGT_027,112
CCTCATGCTGTACCGTCTGT_028,9
CCTCATGCTGTACCGTCTGT_029,138
CCTCATGCTGTACCGTCTGT_030,19
CCTCATGCTGTACCGTCTGT_031,62
CCTCATGCTGTACCGTCTGT_032,0
CCTCATGCTGTACCGTCTGT_033,57
CCTCATGCTGTACCGTCTGT_034,77
CCTCATGCTGTACCGTCTGT_035,28
CCTCATGCTGTACCGTCTGT_036,191
CCTCATGCTGTACCGTCTGT_037,170
CCTCATGCTGTACCGTCTGT_038,162
GAGAGGCACTGCCTACGAAG_001,147
GAGAGGCACTGCCTACGAAG_002,83
GAGAGGCACTGCCTACGAAG_003,45
GAGAGGCACTGCCTACGAAG_004,8
GAGAGGCACTGCCTACGAAG_005,160
GAGAGGCACTGCCTACGAAG_006,76
GAGAGGCACTGCCTACGAAG_007,10
GAGAGGCACTGCCTACGAAG_008,102
GAGAGGCACTGCCTACGAAG_009,78
CACAATGGCCAGGAAACGGT_001,115
CACAATGGCCAGGAAACGGT_002,34
CACAATGGCCAGGAAACGGT_003,163
CACAATGGCCAGGAAACGGT_004,63
CACAATGGCCAGGAAACGGT_005,63
TGCCAATGGTGGATTCTCTG_001,103
TGCCAATGGTGGATTCTCTG_002,151
TGCCAATGGTGGATTCTCTG_003,105
ACTGAACCAACACTTAACCG_001,162
ACTGAACCAACACTTAACCG_002,101
ACTGAACCAACACTTAACCG_003,74
ACTGAACCAACACTTAACCG_004,54
CAGCGAGGTGGCGTAAAGCA_001,6
CAGCGAGGTGGCGTAAAGCA_002,115
CAGCGAGGTGGCGTAAAGCA_003,9
CAGCGAGGTGGCGTAAAGCA_004,139
CAGCGAGGTGGCGTAAAGCA_005,29
CAGCGAGGTGGCGTAAAGCA_006,40
CAGCGAGGTGGCGTAAAGCA_007,135
CAGCGAGGTGGCGTAAAGCA_008,44
GGTGACCAACAGAGCCACAG_001,29
GGTGACCAACAGAGCCACAG_002,134
GGTGACCAACAGAGCCACAG_003,146
GGTGACCAACAGAGCCACAG_004,154
GGTGACCAACAGAGCCACAG_005,188
GGTGACCAACAGAGCCACAG_006,1
GGTGACCAACAGAGCCACAG_007,3
GGTGACCAACAGAGCCACAG_008,197
GGTGACCAACAGAGCCACAG_009,170
GGTGACCAACAGAGCCACAG_010,21
GGTGACCAACAGAGCCACAG_011,73
GGTGACCAACAGAGCCACAG_012,89
GGTGACCAACAGAGCCACAG_013,105
GGTGACCAACAGAGCCACAG_014,43
GGTGACCAACAGAGCCACAG_015,69
GGTGACCAACAGAGCCACAG_016,157
GGTGACCAACAGAGCCACAG_017,38
GGTGACCAACAGAGCCACAG_018,134
GGTGACCAACAGAGCCACAG_019,158
GGTGACCAACAGAGCCACAG_020,198
GGTGACCAACAGAGCCACAG_021,16
GGTGACCAACAGAGCCACAG_022,82
GGTGACCAACAGAGCCACAG_023,162
GGTGACCAACAGAGCCACAG_024,198
GGTGACCAACAGAGCCACAG_025,15
GGTGACCAACAGAGCCACAG_026,158
GGTGACCAACAGAGCCACAG_027,179
GGTGACCAACAGAGCCACAG_028,51
GGTGACCAACAGAGCCACAG_029,184
GGTGACCAACAGAGCCACAG_030,96
GGTGACCAACAGAGCCACAG_031,118
GGTGACCAACAGAGCCACAG_032,104
TGAGTTCCAAACTAACAGCC_001,131
TGAGTTCCAAACTAACAGCC_002,140
TGAGTTCCAAACTAACAGCC_003,62
AACGAGCAAAGTTTGAACTG_001,8
AACGAGCAAAGTTTGAACTG_002,43
AACGAGCAAAGTTTGAACTG_003,3
CAGCTGGCGACACACTACGT_001,151
CAGCTGGCGACACACTACGT_002,88
CAGCTGGCGACACACTACGT_003,145
CAGCTGGCGACACACTACGT_004,82
CAGCTGGCGACACACTACGT_005,177
CAGCTGGCGACACACTACGT_006,199
CAGCTGGCGACACACTACGT_007,91
GTGGTGAGCAGTAATGCTTG_001,81
GTGGTGAGCAGTAATGCTTG_002,149
GTGGTGAGCAGTAATGCTTG_003,199
GTGGTGAGCAGTAATGCTTG_004,146
GTGGTGAGCAGTAATGCTTG_005,169
GTGGTGAGCAGTAATGCTTG_006,9
GTGGTGAGCAGTAATGCTTG_007,28
GTGGTGAGCAGTAATGCTTG_008,103
GTGGTGAGCAGTAATGCTTG_009,66
GTGGTGAGCAGTAATGCTTG_010,169
GTGGTGAGCAGTAATGCTTG_011,177
GTGGTGAGCAGTAATGCTTG_012,27
GTGGTGAGCAGTAATGCTTG_013,98
GTGGTGAGCAGTAATGCTTG_014,124
TGCAGTGTTTGACTGTAAGG_001,75
TGCAGTGTTTGACTGTAAGG_002,108
TGCAGTGTTTGACTGTAAGG_003,81
TGCAGTGTTTGACTGTAAGG_004,61
TGCAGTGTTTGACTGTAAGG_005,117
TTTGAAGAACTCTACTGATG_001,12
TTTGAAGAACTCTACTGATG_002,66
TTTGAAGAACTCTACTGATG_003,127
CTCAGGGGACAAGTAACCTG_001,157
CTCAGGGGACAAGTAACCTG_002,119
CTCAGGGGACAAGTAACCTG_003,119
CTCAGGGGACAAGTAACCTG_004,116
CTCAGGGGACAAGTAACCTG_005,144
CTCAGGGGACAAGTAACCTG_006,12
CTCAGGGGACAAGTAACCTG_007,88
CTCAGGGGACAAGTAACCTG_008,90
CTCAGGGGACAAGTAACCTG_009,39
CTCAGGGGACAAGTAACCTG_010,42
CTCAGGGGACAAGTAACCTG_011,82
TTGGTGGGGAAATTCGACTG_001,177
TTGGTGGGGAAATTCGACTG_002,78
TTGGTGGGGAAATTCGACTG_003,149
TTGGTGGGGAAATTCGACTG_004,107
TTGGTGGGGAAATTCGACTG_005,82
TTGGTGGGGAAATTCGACTG_006,19
TTGGTGGGGAAATTCGACTG_007,77
TTGGTGGGGAAATTCGACTG_008,1
TTGGTGGGGAAATTCGACTG_009,175
TTGGTGGGGAAATTCGACTG_010,49
TTGGTGGGGAAATTCGACTG_011,170
TTGGTGGGGAAATTCGACTG_012,179
TTGGTGGGGAAATTCGACTG_013,60
TTGGTGGGGAAATTCGACTG_014,184
TTGGTGGGGAAATTCGACTG_015,58
TTGGTGGGGAAATTCGACTG_016,127
AGGTGAGCACTTAACAATAG_001,159
AGGTGAGCACTTAACAATAG_002,198
AGGTGAGCACTTAACAATAG_003,162
AGGTGAGCACTTAACAATAG_004,150
AGGTGAGCACTTAACAATAG_005,103
AGGTGAGCACTTAACAATAG_006,183
AGGTGAGCACTTAACAATAG_007,150
AGGTGAGCACTTAACAATAG_008,33
AGGTGAGCACTTAACAATAG_009,129
AGGTGAGCACTTAACAATAG_010,184
AGGTGAGCACTTAACAATAG_011,103
AGGTGAGCACTTAACAATAG_012,2
AGGTGAGCACTTAACAATAG_013,77
AGGTGAGCACTTAACAATAG_014,118
AGGTGAGCACTTAACAATAG_015,33
GAGAATGGGTGTCCAGAGGT_001,178
GAGAATGGGTGTCCAGAGGT_002,118
GAGAATGGGTGTCCAGAGGT_003,44
GAGAATGGGTGTCCAGAGGT_004,113
GAGAATGGGTGTCCAGAGGT_005,86
GAGAATGGGTGTCCAGAGGT_006,184
GAGAATGGGTGTCCAGAGGT_007,159
GAGAATGGGTGTCCAGAGGT_008,192
GAGAATGGGTGTCCAGAGGT_009,25
GAGAATGGGTGTCCAGAGGT_010,160
AATCGTGCAAAGGATATGAG_001,69
AATCGTGCAAAGGATATGAG_002,76
AATCGTGCAAAGGATATGAG_003,45
AATCGTGCAAAGGATATGAG_004,34
AATCGTGCAAAGGATATGAG_005,19
AATCGTGCAAAGGATATGAG_006,196
AATCGTGCAAAGGATATGAG_007,1
AATCGTGCAAAGGATATGAG_008,177
AATCGTGCAAAGGATATGAG_009,94
AATCGTGCAAAGGATATGAG_010,172
AATCGTGCAAAGGATATGAG_011,49
AATCGTGCAAAGGATATGAG_012,158
AATCGTGCAAAGGATATGAG_013,188
AATCGTGCAAAGGATATGAG_014,148
AATCGTGCAAAGGATATGAG_015,159
GTGGCGTAAAGAAACTCCCA_001,106
GTGGCGTAAAGAAACTCCCA_002,49
GTGGCGTAAAGAAACTCCCA_003,182
AAGAATCCTCGTGTCGATGG_001,112
AAGAATCCTCGTGTCGATGG_002,30
AAGAATCCTCGTGTCGATGG_003,104
AAGAATCCTCGTGTCGATGG_004,36
AAGAATCCTCGTGTCGATGG_005,108
AAGAATCCTCGTGTCGATGG_006,16
AAGAATCCTCGTGTCGATGG_007,158
AAGAATCCTCGTGTCGATGG_008,148
AAGAATCCTCGTGTCGATGG_009,127
TTACCATAACTAAAGAGACC_001,184
TTACCATAACTAAAGAGACC_002,15
TTACCATAACTAAAGAGACC_003,34
TGAATGAGGGTGATGCGCAG_001,40
TGAATGAGGGTGATGCGCAG_002,148
TGAATGAGGGTGATGCGCAG_003,166
TGAATGAGGGTGATGCGCAG_004,9
TGAATGAGGGTGATGCGCAG_005,20
TGAATGAGGGTGATGCGCAG_006,134
TGAATGAGGGTGATGCGCAG_007,197
TGAATGAGGGTGATGCGCAG_008,116
TGAATGAGGGTGATGCGCAG_009,150
TGAATGAGGGTGATGCGCAG_010,1
TGAATGAGGGTGATGCGCAG_011,70
TGAATGAGGGTGATGCGCAG_012,43
TGAATGAGGGTGATGCGCAG_013,124
CACTACCATGACTATCAGGA_001,151
CACTACCATGACTATCAGGA_002,162
CACTACCATGACTATCAGGA_003,40
TGGAAGGTGGGCCTAACTCG_001,34
TGGAAGGTGGGCCTAACTCG_002,31
TGGAAGGTGGGCCTAACTCG_003,165
TGGAAGGTGGGCCTAACTCG_004,193
TGGAAGGTGGGCCTAACTCG_005,175
TGGAAGGTGGGCCTAACTCG_006,134
TGGAAGGTGGGCCTAACTCG_007,130
TGGAAGGTGGGCCTAACTCG_008,48
TGGAAGGTGGGCCTAACTCG_009,60
TGGAAGGTGGGCCTAACTCG_010,60
TGGAAGGTGGGCCTAACTCG_011,159
TGGAAGGTGGGCCTAACTCG_012,81
TGGAAGGTGGGCCTAACTCG_013,127
GGATAAGTTACTACCCACAG_001,137
GGATAAGTTACTACCCACAG_002,96
GGATAAGTTACTACCCACAG_003,121
GGATAAGTTACTACCCACAG_004,106
GGATAAGTTACTACCCACAG_005,113
AGGGTGTCGAGGGATTCGTA_001,53
AGGGTGTCGAGGGATTCGTA_002,61
AGGGTGTCGAGGGATTCGTA_003,73
AGGGTGTCGAGGGATTCGTA_004,25
AGGGTGTCGAGGGATTCGTA_005,88
AGGGTGTCGAGGGATTCGTA_006,192
AGGGTGTCGAGGGATTCGTA_007,192
AGGGTGTCGAGGGATTCGTA_008,78
AGGGTGTCGAGGGATTCGTA_009,20
AGGGTGTCGAGGGATTCGTA_010,63
AGGGTGTCGAGGGATTCGTA_011,19
AGGGTGTCGAGGGATTCGTA_012,146
AGGGTGTCGAGGGATTCGTA_013,192
AGGGTGTCGAGGGATTCGTA_014,8
AGGGTGTCGAGGGATTCGTA_015,98
AGGGTGTCGAGGGATTCGTA_016,39
AGGGTGTCGAGGGATTCGTA_017,160
AGGGTGTCGAGGGATTCGTA_018,48
AGGGTGTCGAGGGATTCGTA_019,50
AGGGTGTCGAGGGATTCGTA_020,60
AGGGTGTCGAGGGATTCGTA_021,81
AGGGTGTCGAGGGATTCGTA_022,126
GTACGTTACTGACAATGATG_001,70
GTACGTTACTGACAATGATG_002,1
GTACGTTACTGACAATGATG_003,158
GTACGTTACTGACAATGATG_004,17
GTACGTTACTGACAATGATG_005,14
GTACGTTACTGACAATGATG_006,38
GTACGTTACTGACAATGATG_007,125
GTACGTTACTGACAATGATG_008,122
GTACGTTACTGACAATGATG_009,146
GTACGTTACTGACAATGATG_010,177
GTACGTTACTGACAATGATG_011,162
GTACGTTACTGACAATGATG_012,40
CAAATGTAATTCATGCGGCA_001,20
CAAATGTAATTCATGCGGCA_002,52
CAAATGTAATTCATGCGGCA_003,53
CAAATGTAATTCATGCGGCA_004,27
CCAAGACATACTACCTTTCG_001,90
AATTGTGGTCACATATCGGA_001,84
TCAGCGTCGCTATTTCACGC_001,8
TCAGCGTCGCTATTTCACGC_002,115
TCAGCGTCGCTATTTCACGC_003,56
TCAGCGTCGCTATTTCACGC_004,48
TCAGCGTCGCTATTTCACGC_005,170
TCAGCGTCGCTATTTCACGC_006,62
TCAGCGTCGCTATTTCACGC_007,32
TCAGCGTCGCTATTTCACGC_008,141
TCAGCGTCGCTATTTCACGC_009,57
TGCAACCTTGCCAACCGTGG_001,161
TGCAACCTTGCCAACCGTGG_002,98
TGCAACCTTGCCAACCGTGG_003,108
TGCAACCTTGCCAACCGTGG_004,108
TGCAACCTTGCCAACCGTGG_005,145
CGGCGGGTACTACCCAGGCG_001,70
CGGCGGGTACTACCCAGGCG_002,77
CGGCGGGTACTACCCAGGCG_003,157
CAGCAACCCTTACCCCAGTG_001,83
CAGCAACCCTTACCCCAGTG_002,6
CAGCAACCCTTACCCCAGTG_003,98
CAGCAACCCTTACCCCAGTG_004,53
CAGCAACCCTTACCCCAGTG_005,156
CAGCAACCCTTACCCCAGTG_006,12
CAGCAACCCTTACCCCAGTG_007,30
CAGCAACCCTTACCCCAGTG_008,108
CAGCAACCCTTACCCCAGTG_009,166
CAGCAACCCTTACCCCAGTG_010,39
CAAGCTGCCCATCTACACCC_001,77
CAAGCTGCCCATCTACACCC_002,26
CAAGCTGCCCATCTACACCC_003,142
AAATGTAGGTTTGGATAACC_001,55
AAATGTAGGTTTGGATAACC_002,169
AAATGTAGGTTTGGATAACC_003,19
AAATGTAGGTTTGGATAACC_004,113
CTTCTACCGCAACCATCACA_001,107
CTTCTACCGCAACCATCACA_002,179
CTTCTACCGCAACCATCACA_003,179
CTTCTACCGCAACCATCACA_004,96
CTTCTACCGCAACCATCACA_005,12
CTTCTACCGCAACCATCACA_006,16
CTTCTACCGCAACCATCACA_007,118
CTTCTACCGCAACCATCACA_008,147
CTTCTACCGCAACCATCACA_009,189
CTTCTACCGCAACCATCACA_010,24
CTTCTACCGCAACCATCACA_011,191
CTTCTACCGCAACCATCACA_012,10
CTTCTACCGCAACCATCACA_013,49
CTTCTACCGCAACCATCACA_014,58
CTTCTACCGCAACCATCACA_015,9
CTTCTACCGCAACCATCACA_016,63
CTTCTACCGCAACCATCACA_017,30
CTTCTACCGCAACCATCACA_018,7
CTTCTACCGCAACCATCACA_019,9
GAGTCCAGCCTGTCTCCAGT_001,104
GAGTCCAGCCTGTCTCCAGT_002,126
GAGTCCAGCCTGTCTCCAGT_003,33
GAGTCCAGCCTGTCTCCAGT_004,127
GAGTCCAGCCTGTCTCCAGT_005,175
GAGTCCAGCCTGTCTCCAGT_006,87
GAGTCCAGCCTGTCTCCAGT_007,15
GAGTCCAGCCTGTCTCCAGT_008,140
TCTGATCAATGTCCTAATGT_001,32
TCTGATCAATGTCCTAATGT_002,199
TCTGATCAATGTCCTAATGT_003,176
TCTGATCAATGTCCTAATGT_004,52
TCTGATCAATGTCCTAATGT_005,118
TTCCACGGTAAAATCGGTCA_001,113
TTCCACGGTAAAATCGGTCA_002,68
TTCCACGGTAAAATCGGTCA_003,106
TTCCACGGTAAAATCGGTCA_004,62
CAACAACCTTCCAGACATAG_001,98
CAACAACCTTCCAGACATAG_002,140
CAACAACCTTCCAGACATAG_003,162
CAACAACCTTCCAGACATAG_004,69
CAACAACCTTCCAGACATAG_005,162
CAACAACCTTCCAGACATAG_006,46
CAACAACCTTCCAGACATAG_007,138
TTTATGGAGCCAATTCGATG_001,105
TTTATGGAGCCAATTCGATG_002,105
TTTATGGAGCCAATTCGATG_003,179
AAGGTGCATTTGAGTTTCCG_001,72
AAGGTGCATTTGAGTTTCCG_002,184
AAGGTGCATTTGAGTTTCCG_003,19
AAGGTGCATTTGAGTTTCCG_004,169
AAGGTGCATTTGAGTTTCCG_005,28
AAGGTGCATTTGAGTTTCCG_006,40
AAGGTGCATTTGAGTTTCCG_007,158
AAGGTGCATTTGAGTTTCCG_008,105
AAGGTGCATTTGAGTTTCCG_009,169
AAGGTGCATTTGAGTTTCCG_010,121
AAGGTGCATTTGAGTTTCCG_011,61
CAGTCCGATTGCTCCTCCAA_001,116
CAGTCCGATTGCTCCTCCAA_002,171
CAGTCCGATTGCTCCTCCAA_003,29
CAGTCCGATTGCTCCTCCAA_004,60
CAGTCCGATTGCTCCTCCAA_005,93
CAGTCCGATTGCTCCTCCAA_006,61
CAGTCCGATTGCTCCTCCAA_007,82
CAGTCCGATTGCTCCTCCAA_008,191
CAGTCCGATTGCTCCTCCAA_009,15
CAGTCCGATTGCTCCTCCAA_010,188
CAGTCCGATTGCTCCTCCAA_011,50
CAGTCCGATTGCTCCTCCAA_012,12
CAGTCCGATTGCTCCTCCAA_013,198
CAGTCCGATTGCTCCTCCAA_014,63
CAGTCCGATTGCTCCTCCAA_015,28
GAAACCTAATGTATGTAACC_001,106
GAAACCTAATGTATGTAACC_002,47
GAAACCTAATGTATGTAACC_003,34
GAAACCTAATGTATGTAACC_004,63
TTGATGTCCAAACTGACGGA_001,117
TTGATGTCCAAACTGACGGA_002,78
TTGATGTCCAAACTGACGGA_003,42
TTGATGTCCAAACTGACGGA_004,48
TTGATGTCCAAACTGACGGA_005,98
TTGATGTCCAAACTGACGGA_006,41
TTGATGTCCAAACTGACGGA_007,169
TTGATGTCCAAACTGACGGA_008,137
TGGAGGTCAAGCCTGAATGG_001,7
TGGAGGTCAAGCCTGAATGG_002,129
TGGAGGTCAAGCCTGAATGG_003,120
TGGAGGTCAAGCCTGAATGG_004,163
TGGAGGTCAAGCCTGAATGG_005,30
TGGAGGTCAAGCCTGAATGG_006,137
TGGAGGTCAAGCCTGAATGG_007,198
TGGAGGTCAAGCCTGAATGG_008,102
TGGAGGTCAAGCCTGAATGG_009,146
TGGAGGTCAAGCCTGAATGG_010,63
TGGAGGTCAAGCCTGAATGG_011,15
TGGAGGTCAAGCCTGAATGG_012,160
TGGAGGTCAAGCCTGAATGG_013,121
TGGAGGTCAAGCCTGAATGG_014,50
TGGAGGTCAAGCCTGAATGG_015,19
TGGAGGTCAAGCCTGAATGG_016,160
TGGAGGTCAAGCCTGAATGG_017,50
TGGAGGTCAAGCCTGAATGG_018,38
ATCCATAGTAACTTATCGAG_001,108
ATCCATAGTAACTTATCGAG_002,1
CGCTGTGCTAGGGACTTGAC_001,147
CGCTGTGCTAGGGACTTGAC_002,33
CGCTGTGCTAGGGACTTGAC_003,113
CGCTGTGCTAGGGACTTGAC_004,60
CGCTGTGCTAGGGACTTGAC_005,9
CGCTGTGCTAGGGACTTGAC_006,23
AGACCGGAGGCGTCGACGTG_001,180
AGACCGGAGGCGTCGACGTG_002,104
AGACCGGAGGCGTCGACGTG_003,9
AGACCGGAGGCGTCGACGTG_004,70
AGACCGGAGGCGTCGACGTG_005,149
AGACCGGAGGCGTCGACGTG_006,137
AGACCGGAGGCGTCGACGTG_007,58
AGACCGGAGGCGTCGACGTG_008,141
AGACCGGAGGCGTCGACGTG_009,29
AGACCGGAGGCGTCGACGTG_010,76
AGACCGGAGGCGTCGACGTG_011,82
AGACCGGAGGCGTCGACGTG_012,9
AGACCGGAGGCGTCGACGTG_013,176
AGACCGGAGGCGTCGACGTG_014,150
AGACCGGAGGCGTCGACGTG_015,137
AGACCGGAGGCGTCGACGTG_016,94
AGACCGGAGGCGTCGACGTG_017,45
AGACCGGAGGCGTCGACGTG_018,132
AGACCGGAGGCGTCGACGTG_019,172
AGACCGGAGGCGTCGACGTG_020,155
AGACCGGAGGCGTCGACGTG_021,142
CCAGTATGTGCCAATCACAA_001,63
CCAGTATGTGCCAATCACAA_002,56
CCAGTATGTGCCAATCACAA_003,107
CCAGTATGTGCCAATCACAA_004,124
CCAGTATGTGCCAATCACAA_005,182
CCAGTATGTGCCAATCACAA_006,82
CCAGTATGTGCCAATCACAA_007,57
CCAGTATGTGCCAATCACAA_008,113
CCAGTATGTGCCAATCACAA_009,68
CCAGTATGTGCCAATCACAA_010,46
CTGGAGAACCTGCTACGGTA_001,49
CTGGAGAACCTGCTACGGTA_002,168
CTGGAGAACCTGCTACGGTA_003,44
CTGGAGAACCTGCTACGGTA_004,42
CTGGAGAACCTGCTACGGTA_005,12
CTGGAGAACCTGCTACGGTA_006,78
CTGGAGAACCTGCTACGGTA_007,112
CTGGAGAACCTGCTACGGTA_008,180
GGTTCCCAATCCCGACTGTG_001,65
GGTTCCCAATCCCGACTGTG_002,190
GGTTCCCAATCCCGACTGTG_003,141
GGTTCCCAATCCCGACTGTG_004,138
GGTTCCCAATCCCGACTGTG_005,168
GGTTCCCAATCCCGACTGTG_006,13
AGGCGGCGGAGGCAGCACCG_001,181
AGGCGGCGGAGGCAGCACCG_002,83
AGGCGGCGGAGGCAGCACCG_003,177
AGGCGGCGGAGGCAGCACCG_004,21
AGGCGGCGGAGGCAGCACCG_005,47
AGGCGGCGGAGGCAGCACCG_006,108
AGGCGGCGGAGGCAGCACCG_007,156
AGGCGGCGGAGGCAGCACCG_008,76
AGGCGGCGGAGGCAGCACCG_009,141
AGGCGGCGGAGGCAGCACCG_010,182
AGGCGGCGGAGGCAGCACCG_011,90
TACAAGGTAGTATGCATACA_001,8
TACAAGGTAGTATGCATACA_002,93
TACAAGGTAGTATGCATACA_003,147
TACAAGGTAGTATGCATACA_004,184
TACAAGGTAGTATGCATACA_005,39
AAAAAGTTAAAAAAGACCGT_001,116
AAAAAGTTAAAAAAGACCGT_002,96
AAAAAGTTAAAAAAGACCGT_003,198
AAAAAGTTAAAAAAGACCGT_004,55
AAAAAGTTAAAAAAGACCGT_005,139
AAAAAGTTAAAAAAGACCGT_006,94
AAAAAGTTAAAAAAGACCGT_007,198
AAAAAGTTAAAAAAGACCGT_008,61
AAAAAGTTAAAAAAGACCGT_009,176
GCTGGGGTAGGAAAAGCCAC_001,2
GCTGGGGTAGGAAAAGCCAC_002,198
GCTGGGGTAGGAAAAGCCAC_003,195
GCTGGGGTAGGAAAAGCCAC_004,195
GCTGGGGTAGGAAAAGCCAC_005,72
GCTGGGGTAGGAAAAGCCAC_006,72
GCTGGGGTAGGAAAAGCCAC_007,182
GCTGGGGTAGGAAAAGCCAC_008,29
GCTGGGGTAGGAAAAGCCAC_009,172
GCTGGGGTAGGAAAAGCCAC_010,8
GCTGGGGTAGGAAAAGCCAC_011,9
TGCACCAGAGTCCCCGACAG_001,198
TGCACCAGAGTCCCCGACAG_002,148
TGCACCAGAGTCCCCGACAG_003,58
AGACACGTACTCTCATATGG_001,27
AGACACGTACTCTCATATGG_002,188
AGACACGTACTCTCATATGG_003,99
AGACACGTACTCTCATATGG_004,159
AGACACGTACTCTCATATGG_005,94
AGACACGTACTCTCATATGG_006,28
CTGGAAACGCTGAGTATTCG_001,5
CTGGAAACGCTGAGTATTCG_002,197
CTGGAAACGCTGAGTATTCG_003,40
CTGGAAACGCTGAGTATTCG_004,38
CTGGAAACGCTGAGTATTCG_005,107
CTGGAAACGCTGAGTATTCG_006,83
CTGGAAACGCTGAGTATTCG_007,7
AACTTAATAGCCAGTATCAG_001,96
AACTTAATAGCCAGTATCAG_002,58
AACTTAATAGCCAGTATCAG_003,55
GCTCATCAGTAAGATCCGCG_001,93
GCTCATCAGTAAGATCCGCG_002,0
GCTCATCAGTAAGATCCGCG_003,34
GCTCATCAGTAAGATCCGCG_004,34
GCTCATCAGTAAGATCCGCG_005,92
GCTCATCAGTAAGATCCGCG_006,33
AGGGAAAGAACTATCTACAG_001,81
GAGTGCGCACTTCATCCATG_001,113
GAGTGCGCACTTCATCCATG_002,154
GAGTGCGCACTTCATCCATG_003,7
GAGTGCGCACTTCATCCATG_004,41
GAGTGCGCACTTCATCCATG_005,185
GAGTGCGCACTTCATCCATG_006,182
CCTCTCGCCGCGAACCTCCG_001,162
CCTCTCGCCGCGAACCTCCG_002,154
CCTCTCGCCGCGAACCTCCG_003,193
CCTCTCGCCGCGAACCTCCG_004,56
CCTCTCGCCGCGAACCTCCG_005,105
CCTCTCGCCGCGAACCTCCG_006,87
CCTCTCGCCGCGAACCTCCG_007,144
CCTCTCGCCGCGAACCTCCG_008,154
CCTCTCGCCGCGAACCTCCG_009,150
CCTCTCGCCGCGAACCTCCG_010,144
CCTCTCGCCGCGAACCTCCG_011,145
CCTCTCGCCGCGAACCTCCG_012,58
CCTCTCGCCGCGAACCTCCG_013,41
CCTCTCGCCGCGAACCTCCG_014,39
CCTCTCGCCGCGAACCTCCG_015,142
CCTCTCGCCGCGAACCTCCG_016,165
CCTCTCGCCGCGAACCTCCG_017,198
CCTCTCGCCGCGAACCTCCG_018,35
CCTCTCGCCGCGAACCTCCG_019,110
AGAAGGTGAACGGTCCGAGG_001,162
AGAAGGTGAACGGTCCGAGG_002,78
AGAAGGTGAACGGTCCGAGG_003,190
AGAAGGTGAACGGTCCGAGG_004,14
AGAAGGTGAACGGTCCGAGG_005,189
AGAAGGTGAACGGTCCGAGG_006,56
AGAAGGTGAACGGTCCGAGG_007,15
AGAAGGTGAACGGTCCGAGG_008,44
AGAAGGTGAACGGTCCGAGG_009,15
AGAAGGTGAACGGTCCGAGG_010,168
AGAAGGTGAACGGTCCGAGG_011,44
AGAAGGTGAACGGTCCGAGG_012,175
AGAAGGTGAACGGTCCGAGG_013,175
AGAAGGTGAACGGTCCGAGG_014,48
AGAAGGTGAACGGTCCGAGG_015,114
AGAAGGTGAACGGTCCGAGG_016,114
AGAAGGTGAACGGTCCGAGG_017,84
AGAAGGTGAACGGTCCGAGG_018,68
AGAAGGTGAACGGTCCGAGG_019,3
AGAAGGTGAACGGTCCGAGG_020,112
CCCACCTTCAAGGCTGCAGA_001,160
CCCACCTTCAAGGCTGCAGA_002,168
CCCACCTTCAAGGCTGCAGA_003,70
CCCACCTTCAAGGCTGCAGA_004,9
CCCACCTTCAAGGCTGCAGA_005,149
CCCACCTTCAAGGCTGCAGA_006,152
CCCACCTTCAAGGCTGCAGA_007,160
CCCACCTTCAAGGCTGCAGA_008,128
CCCACCTTCAAGGCTGCAGA_009,19
CCCACCTTCAAGGCTGCAGA_010,194
CCCACCTTCAAGGCTGCAGA_011,87
CCCACCTTCAAGGCTGCAGA_012,26
CCCACCTTCAAGGCTGCAGA_013,151
CCCACCTTCAAGGCTGCAGA_014,172
CCCACCTTCAAGGCTGCAGA_015,10
CCCACCTTCAAGGCTGCAGA_016,56
TCACTGCAGCAGCGAGTATG_001,170
TCACTGCAGCAGCGAGTATG_002,94
TCACTGCAGCAGCGAGTATG_003,19
TCACTGCAGCAGCGAGTATG_004,191
TCACTGCAGCAGCGAGTATG_005,60
TCACTGCAGCAGCGAGTATG_006,12
TCACTGCAGCAGCGAGTATG_007,12
TCACTGCAGCAGCGAGTATG_008,19
TCACTGCAGCAGCGAGTATG_009,46
TCACTGCAGCAGCGAGTATG_010,161
TCACTGCAGCAGCGAGTATG_011,50
TCACTGCAGCAGCGAGTATG_012,63
TCACTGCAGCAGCGAGTATG_013,62
TCACTGCAGCAGCGAGTATG_014,70
TCACTGCAGCAGCGAGTATG_015,114
TCACTGCAGCAGCGAGTATG_016,198
TCACTGCAGCAGCGAGTATG_017,28
TCACTGCAGCAGCGAGTATG_018,121
TCACTGCAGCAGCGAGTATG_019,175
TCACTGCAGCAGCGAGTATG_020,12
TCACTGCAGCAGCGAGTATG_021,3
TCACTGCAGCAGCGAGTATG_022,81
TCACTGCAGCAGCGAGTATG_023,3
TCACTGCAGCAGCGAGTATG_024,66
TCACTGCAGCAGCGAGTATG_025,66
TCACTGCAGCAGCGAGTATG_026,131
TCACTGCAGCAGCGAGTATG_027,18
TCACTGCAGCAGCGAGTATG_028,31
TCACTGCAGCAGCGAGTATG_029,92
GGATCCTGACATTGAGTTGC_001,149
GGATCCTGACATTGAGTTGC_002,12
GGATCCTGACATTGAGTTGC_003,12
GGATCCTGACATTGAGTTGC_004,178
GGATCCTGACATTGAGTTGC_005,124
GGATCCTGACATTGAGTTGC_006,142
GGATCCTGACATTGAGTTGC_007,106
GTGATGCCAATACAGCCACG_001,8
GTGATGCCAATACAGCCACG_002,94
GTGATGCCAATACAGCCACG_003,12
GTGATGCCAATACAGCCACG_004,4
GTGATGCCAATACAGCCACG_005,10
GTGATGCCAATACAGCCACG_006,120
GTGATGCCAATACAGCCACG_007,77
GTGATGCCAATACAGCCACG_008,29
GTGATGCCAATACAGCCACG_009,177
GTGATGCCAATACAGCCACG_010,121
GTGATGCCAATACAGCCACG_011,127
GTGATGCCAATACAGCCACG_012,151
GTGATGCCAATACAGCCACG_013,140
GTGATGCCAATACAGCCACG_014,10
GTGATGCCAATACAGCCACG_015,134
GTGATGCCAATACAGCCACG_016,0
ACAGAATCCTCACTATGGAT_001,45
ACAGAATCCTCACTATGGAT_002,29
ACAGAATCCTCACTATGGAT_003,146
ACAGAATCCTCACTATGGAT_004,154
ACAGAATCCTCACTATGGAT_005,87
ACAGAATCCTCACTATGGAT_006,18
ACAGAATCCTCACTATGGAT_007,135
ACAGAATCCTCACTATGGAT_008,27
ACAGAATCCTCACTATGGAT_009,173
AGAGAAGAAGTGTTGACCTA_001,7
AGAGAAGAAGTGTTGACCTA_002,19
AGAGAAGAAGTGTTGACCTA_003,60
AGAGAAGAAGTGTTGACCTA_004,115
AGAGAAGAAGTGTTGACCTA_005,127
AGAGAAGAAGTGTTGACCTA_006,192
CTGTGTGTGAAGATCGTGCA_001,62
CTGTGTGTGAAGATCGTGCA_002,88
CTGTGTGTGAAGATCGTGCA_003,2
CTGTGTGTGAAGATCGTGCA_004,199
CTGTGTGTGAAGATCGTGCA_005,56
CTGTGTGTGAAGATCGTGCA_006,98
CTGTGTGTGAAGATCGTGCA_007,134
CTGTGTGTGAAGATCGTGCA_008,162
CTGTGTGTGAAGATCGTGCA_009,58
CTGTGTGTGAAGATCGTGCA_010,45
CTGTGTGTGAAGATCGTGCA_011,88
CTGTGTGTGAAGATCGTGCA_012,82
CTGTGTGTGAAGATCGTGCA_013,87
CTGTGTGTGAAGATCGTGCA_014,5
CTGTGTGTGAAGATCGTGCA_015,32
CTGTGTGTGAAGATCGTGCA_016,138
CTGTGTGTGAAGATCGTGCA_017,144
CTGTGTGTGAAGATCGTGCA_018,133
CTGTGTGTGAAGATCGTGCA_019,1
CTGTGTGTGAAGATCGTGCA_020,106
CTGTGTGTGAAGATCGTGCA_021,164
TGAGGTGCATACCCCCAGCG_001,58
TGAGGTGCATACCCCCAGCG_002,69
TGAGGTGCATACCCCCAGCG_003,63
TTGCCATTGCCATCTCACTG_001,62
GCCGCATTGAGCTCAACATG_001,59
GCCGCATTGAGCTCAACATG_002,111
GCCGCATTGAGCTCAACATG_003,88
GCCGCATTGAGCTCAACATG_004,198
GCCGCATTGAGCTCAACATG_005,75
GCCGCATTGAGCTCAACATG_006,88
GCCGCATTGAGCTCAACATG_007,0
GCCGCATTGAGCTCAACATG_008,147
GCCGCATTGAGCTCAACATG_009,160
GCCGCATTGAGCTCAACATG_010,68
CTGACTCGTTTGGTGAGGCG_001,103
CTGACTCGTTTGGTGAGGCG_002,103
TTGTTTAGGGCCAATCGGGA_001,19
TTGTTTAGGGCCAATCGGGA_002,170
TTGTTTAGGGCCAATCGGGA_003,126
TTGTTTAGGGCCAATCGGGA_004,155
TTGTTTAGGGCCAATCGGGA_005,84
TTGTTTAGGGCCAATCGGGA_006,133
TTGTTTAGGGCCAATCGGGA_007,113
TTGTTTAGGGCCAATCGGGA_008,65
TTGTTTAGGGCCAATCGGGA_009,92
TTGTTTAGGGCCAATCGGGA_010,174
CGATTTGGTCGCGATCGGCG_001,85
CGATTTGGTCGCGATCGGCG_002,138
CGATTTGGTCGCGATCGGCG_003,158
CGATTTGGTCGCGATCGGCG_004,51
CGATTTGGTCGCGATCGGCG_005,185
CGATTTGGTCGCGATCGGCG_006,118
CGATTTGGTCGCGATCGGCG_007,104
CGATTTGGTCGCGATCGGCG_008,126
CGATTTGGTCGCGATCGGCG_009,49
CGATTTGGTCGCGATCGGCG_010,172
CGATTTGGTCGCGATCGGCG_011,92
CGATTTGGTCGCGATCGGCG_012,126
CGATTTGGTCGCGATCGGCG_013,76
CGATTTGGTCGCGATCGGCG_014,158
CGATTTGGTCGCGATCGGCG_015,165
CGATTTGGTCGCGATCGGCG_016,48
TCATCAAGCCGATCTCATCG_001,183
TCATCAAGCCGATCTCATCG_002,150
ATTCCTGCTGAACAAAACTT_001,119
ATTCCTGCTGAACAAAACTT_002,62
ATTCCTGCTGAACAAAACTT_003,85
ATTCCTGCTGAACAAAACTT_004,53
ATTCCTGCTGAACAAAACTT_005,141
ATTCCTGCTGAACAAAACTT_006,149
ATTCCTGCTGAACAAAACTT_007,9
ATTCCTGCTGAACAAAACTT_008,63
TGGATACAACGAGCTATCTG_001,77
TGGATACAACGAGCTATCTG_002,56
TGGATACAACGAGCTATCTG_003,82
TGGATACAACGAGCTATCTG_004,62
TGGATACAACGAGCTATCTG_005,108
TGGATACAACGAGCTATCTG_006,108
TGGATACAACGAGCTATCTG_007,198
CCATCTCACAGTGAATAGGT_001,145
CCATCTCACAGTGAATAGGT_002,75
CCATCTCACAGTGAATAGGT_003,179
CCATCTCACAGTGAATAGGT_004,77
CCATCTCACAGTGAATAGGT_005,69
CCATCTCACAGTGAATAGGT_006,27
CCATCTCACAGTGAATAGGT_007,13
CCATCTCACAGTGAATAGGT_008,16
CCATCTCACAGTGAATAGGT_009,81
CCATCTCACAGTGAATAGGT_010,183
CCATCTCACAGTGAATAGGT_011,4
GCAGGTCGTTTCTGTAGCCG_001,78
GCAGGTCGTTTCTGTAGCCG_002,163
GCAGGTCGTTTCTGTAGCCG_003,169
GCAGGTCGTTTCTGTAGCCG_004,129
GCAGGTCGTTTCTGTAGCCG_005,62
GCAGGTCGTTTCTGTAGCCG_006,137
GCAGGTCGTTTCTGTAGCCG_007,165
CCCAACCTCCTGTATCACGC_001,15
CCCAACCTCCTGTATCACGC_002,29
CCCAACCTCCTGTATCACGC_003,55
CCCAACCTCCTGTATCACGC_004,91
CCCAACCTCCTGTATCACGC_005,113
CCCAACCTCCTGTATCACGC_006,33
CCCAACCTCCTGTATCACGC_007,88
CCCAACCTCCTGTATCACGC_008,34
CCCAACCTCCTGTATCACGC_009,80
CCCAACCTCCTGTATCACGC_010,112
CCCAACCTCCTGTATCACGC_011,184
CCCAACCTCCTGTATCACGC_012,184
CCCAACCTCCTGTATCACGC_013,177
CCCAACCTCCTGTATCACGC_014,69
GGCATCTACACCGAGCGCTG_001,189
GGCATCTACACCGAGCGCTG_002,147
GGCATCTACACCGAGCGCTG_003,76
GGCATCTACACCGAGCGCTG_004,17
GGCATCTACACCGAGCGCTG_005,154
GGCATCTACACCGAGCGCTG_006,121
GGCATCTACACCGAGCGCTG_007,181
GGCATCTACACCGAGCGCTG_008,171
GGCATCTACACCGAGCGCTG_009,69
GGCATCTACACCGAGCGCTG_010,163
GGCATCTACACCGAGCGCTG_011,23
GGCATCTACACCGAGCGCTG_012,61
GGCATCTACACCGAGCGCTG_013,190
GGCATCTACACCGAGCGCTG_014,144
GGCATCTACACCGAGCGCTG_015,50
GGCATCTACACCGAGCGCTG_016,33
GGCATCTACACCGAGCGCTG_017,16
GGCATCTACACCGAGCGCTG_018,17
GGCATCTACACCGAGCGCTG_019,199
GGCATCTACACCGAGCGCTG_020,34
GGCATCTACACCGAGCGCTG_021,9
GGCATCTACACCGAGCGCTG_022,15
GGCATCTACACCGAGCGCTG_023,191
GGCATCTACACCGAGCGCTG_024,58
GGCATCTACACCGAGCGCTG_025,83
GGCATCTACACCGAGCGCTG_026,1
GGCATCTACACCGAGCGCTG_027,197
TGGGACCGAGATCAGTACGA_001,94
TGGGACCGAGATCAGTACGA_002,2
TGGGACCGAGATCAGTACGA_003,25
TGGGACCGAGATCAGTACGA_004,41
TGGGACCGAGATCAGTACGA_005,36
TGGGACCGAGATCAGTACGA_006,176
TGGGACCGAGATCAGTACGA_007,130
TGGGACCGAGATCAGTACGA_008,6
TGGGACCGAGATCAGTACGA_009,121
TGGGACCGAGATCAGTACGA_010,34
ACAGACGAGATGAAGAGTAG_001,110
ACAGACGAGATGAAGAGTAG_002,186
ACAGACGAGATGAAGAGTAG_003,73
ACAGACGAGATGAAGAGTAG_004,152
ACAGACGAGATGAAGAGTAG_005,38
ACAGACGAGATGAAGAGTAG_006,15
ACAGACGAGATGAAGAGTAG_007,56
ACAGACGAGATGAAGAGTAG_008,59
ACAGACGAGATGAAGAGTAG_009,121
ACAGACGAGATGAAGAGTAG_010,101
ACAGACGAGATGAAGAGTAG_011,125
ACAGACGAGATGAAGAGTAG_012,97
ACAGACGAGATGAAGAGTAG_013,63
ACAGACGAGATGAAGAGTAG_014,138
ACAGACGAGATGAAGAGTAG_015,0
TCCCAAGTACCTGTTCCGAG_001,118
TCCCAAGTACCTGTTCCGAG_002,39
GACACGTACACAGGTTCTGG_001,147
GACACGTACACAGGTTCTGG_002,177
GACACGTACACAGGTTCTGG_003,18
GACACGTACACAGGTTCTGG_004,35
GACACGTACACAGGTTCTGG_005,18
GACACGTACACAGGTTCTGG_006,72
AAGGACTTTGGATGCCACTG_001,68
AAGGACTTTGGATGCCACTG_002,25
AAGGACTTTGGATGCCACTG_003,129
AAGGACTTTGGATGCCACTG_004,196
AAGGACTTTGGATGCCACTG_005,146
AAGGACTTTGGATGCCACTG_006,120
AAGGACTTTGGATGCCACTG_007,94
AAGGACTTTGGATGCCACTG_008,100
AAGGACTTTGGATGCCACTG_009,21
AAGGACTTTGGATGCCACTG_010,172
AAGGACTTTGGATGCCACTG_011,58
AAGGACTTTGGATGCCACTG_012,198
AAGGACTTTGGATGCCACTG_013,129
AAGGACTTTGGATGCCACTG_014,158
GAGATATTCCAACCTTCGTG_001,11
GAGATATTCCAACCTTCGTG_002,181
GAGATATTCCAACCTTCGTG_003,159
GAGATATTCCAACCTTCGTG_004,60
GAGATATTCCAACCTTCGTG_005,11
GAGATATTCCAACCTTCGTG_006,39
GAGATATTCCAACCTTCGTG_007,127
GCAGAAGAAGCTACGCACAG_001,9
GCAGAAGAAGCTACGCACAG_002,198
GCAGAAGAAGCTACGCACAG_003,137
GCAGAAGAAGCTACGCACAG_004,57
GCAGAAGAAGCTACGCACAG_005,150
GCAGAAGAAGCTACGCACAG_006,163
ACAGAAACAACAAACAATTG_001,48
ACAGAAACAACAAACAATTG_002,137
ACAGAAACAACAAACAATTG_003,169
ACAGAAACAACAAACAATTG_004,147
TCTGTAAGATGTGTTTAGAG_001,133
CAGCCGAAAATATGAACACG_001,70
CAGCCGAAAATATGAACACG_002,89
CAGCCGAAAATATGAACACG_003,52
CAGCCGAAAATATGAACACG_004,129
ATAGGTCATCCACTGGGCGG_001,62
ATAGGTCATCCACTGGGCGG_002,15
ATAGGTCATCCACTGGGCGG_003,40
ATAGGTCATCCACTGGGCGG_004,41
ATAGGTCATCCACTGGGCGG_005,91
ATAGGTCATCCACTGGGCGG_006,170
ATAGGTCATCCACTGGGCGG_007,8
ATAGGTCATCCACTGGGCGG_008,112
ATAGGTCATCCACTGGGCGG_009,127
ATAGGTCATCCACTGGGCGG_010,132
ATAGGTCATCCACTGGGCGG_011,68
ATAGGTCATCCACTGGGCGG_012,124
ATAGGTCATCCACTGGGCGG_013,168
ATAGGTCATCCACTGGGCGG_014,148
ATAGGTCATCCACTGGGCGG_015,160
ATAGGTCATCCACTGGGCGG_016,117
ATAGGTCATCCACTGGGCGG_017,83
ATAGGTCATCCACTGGGCGG_018,29
ATAGGTCATCCACTGGGCGG_019,19
ATAGGTCATCCACTGGGCGG_020,174
ATAGGTCATCCACTGGGCGG_021,8
ATAGGTCATCCACTGGGCGG_022,141
ATAGGTCATCCACTGGGCGG_023,115
ATAGGTCATCCACTGGGCGG_024,153
ATAGGTCATCCACTGGGCGG_025,177
ATAGGTCATCCACTGGGCGG_026,138
ATAGGTCATCCACTGGGCGG_027,139
ATAGGTCATCCACTGGGCGG_028,144
GAGGAAGAGGGAATCTATGG_001,72
GACAGCGGGGCAGATAGCTG_001,133
GACAGCGGGGCAGATAGCTG_002,2
GACAGCGGGGCAGATAGCTG_003,88
GACAGCGGGGCAGATAGCTG_004,70
GACAGCGGGGCAGATAGCTG_005,58
GACAGCGGGGCAGATAGCTG_006,94
GACAGCGGGGCAGATAGCTG_007,88
GACAGCGGGGCAGATAGCTG_008,21
GACAGCGGGGCAGATAGCTG_009,147
GACAGCGGGGCAGATAGCTG_010,67
GACAGCGGGGCAGATAGCTG_011,140
GACAGCGGGGCAGATAGCTG_012,67
GACAGCGGGGCAGATAGCTG_013,20
GACAGCGGGGCAGATAGCTG_014,159
GACAGCGGGGCAGATAGCTG_015,59
GACAGCGGGGCAGATAGCTG_016,151
GACAGCGGGGCAGATAGCTG_017,117
GACAGCGGGGCAGATAGCTG_018,60
GACAGCGGGGCAGATAGCTG_019,11
GACAGCGGGGCAGATAGCTG_020,80
GACAGCGGGGCAGATAGCTG_021,28
GACAGCGGGGCAGATAGCTG_022,4
GACAGCGGGGCAGATAGCTG_023,182
GACAGCGGGGCAGATAGCTG_024,106
GACAGCGGGGCAGATAGCTG_025,27
GACAGCGGGGCAGATAGCTG_026,138
GACAGCGGGGCAGATAGCTG_027,104
GACAGCGGGGCAGATAGCTG_028,126
GACAGCGGGGCAGATAGCTG_029,139
GACAGCGGGGCAGATAGCTG_030,140
GACAGCGGGGCAGATAGCTG_031,38
ACGTGGACTGTGCCTACCTG_001,114
ACGTGGACTGTGCCTACCTG_002,196
ACGTGGACTGTGCCTACCTG_003,22
ACGTGGACTGTGCCTACCTG_004,42
ACGTGGACTGTGCCTACCTG_005,142
ACGTGGACTGTGCCTACCTG_006,196
ACGTGGACTGTGCCTACCTG_007,80
ACGTGGACTGTGCCTACCTG_008,185
TGTGTCAGCCTGGCTATTCG_001,150
TGTGTCAGCCTGGCTATTCG_002,181
TGTGTCAGCCTGGCTATTCG_003,58
TGTGTCAGCCTGGCTATTCG_004,15
TGTGTCAGCCTGGCTATTCG_005,113
TGTGTCAGCCTGGCTATTCG_006,176
TGTGTCAGCCTGGCTATTCG_007,19
TGTGTCAGCCTGGCTATTCG_008,92
TGTGTCAGCCTGGCTATTCG_009,1
CTGTCTTTCCTTCATAGATG_001,90
CTGTCTTTCCTTCATAGATG_002,63
CTGTCTTTCCTTCATAGATG_003,197
CTGTCTTTCCTTCATAGATG_004,177
TGACATGGAATGATGGCACC_001,158
TGACATGGAATGATGGCACC_002,106
TGACATGGAATGATGGCACC_003,48
TGACATGGAATGATGGCACC_004,65
TTCTGGCTGCAAACTCCTGG_001,28
TTCTGGCTGCAAACTCCTGG_002,141
TTCTGGCTGCAAACTCCTGG_003,60
TTCTGGCTGCAAACTCCTGG_004,79
TTCTGGCTGCAAACTCCTGG_005,161
TTCTGGCTGCAAACTCCTGG_006,93
TTCTGGCTGCAAACTCCTGG_007,93
TTCTGGCTGCAAACTCCTGG_008,168
TTCTGGCTGCAAACTCCTGG_009,123
TTCTGGCTGCAAACTCCTGG_010,48
TTCTGGCTGCAAACTCCTGG_011,73
TTCTGGCTGCAAACTCCTGG_012,183
TTCTGGCTGCAAACTCCTGG_013,44
TTCTGGCTGCAAACTCCTGG_014,77
TTCTGGCTGCAAACTCCTGG_015,191
TTCTGGCTGCAAACTCCTGG_016,119
TTCTGGCTGCAAACTCCTGG_017,115
TTCTGGCTGCAAACTCCTGG_018,127
TTCTGGCTGCAAACTCCTGG_019,34
TTCTGGCTGCAAACTCCTGG_020,145
TTCTGGCTGCAAACTCCTGG_021,199
TTCTGGCTGCAAACTCCTGG_022,81
TTCTGGCTGCAAACTCCTGG_023,88
TTCTGGCTGCAAACTCCTGG_024,162
TTCTGGCTGCAAACTCCTGG_025,187
TTCTGGCTGCAAACTCCTGG_026,123
TTCTGGCTGCAAACTCCTGG_027,2
GCGAGCTCACCTTGAACATG_001,184
GCGAGCTCACCTTGAACATG_002,65
GCGAGCTCACCTTGAACATG_003,58
GCGAGCTCACCTTGAACATG_004,191
GCGAGCTCACCTTGAACATG_005,180
GCGAGCTCACCTTGAACATG_006,153
GCGAGCTCACCTTGAACATG_007,174
GCGAGCTCACCTTGAACATG_008,28
AACTGAACAAGAATTAAAGG_001,174
ACAGGATGTCTGATAGGATC_001,122
ACAGGATGTCTGATAGGATC_002,65
ACAGGATGTCTGATAGGATC_003,93
ACAGGATGTCTGATAGGATC_004,63
ACAGGATGTCTGATAGGATC_005,68
CGTCCCTGAGCCATCCTCGC_001,148
CGTCCCTGAGCCATCCTCGC_002,169
CGTCCCTGAGCCATCCTCGC_003,154
CGTCCCTGAGCCATCCTCGC_004,115
CGTCCCTGAGCCATCCTCGC_005,70
CGTCCCTGAGCCATCCTCGC_006,158
CGTCCCTGAGCCATCCTCGC_007,5
CGTCCCTGAGCCATCCTCGC_008,82
CGTCCCTGAGCCATCCTCGC_009,171
CGTCCCTGAGCCATCCTCGC_010,118
CGTCCCTGAGCCATCCTCGC_011,78
CGTCCCTGAGCCATCCTCGC_012,197
CGTCCCTGAGCCATCCTCGC_013,191
ATTGACCACTAAACAAGGGG_001,88
ATTGACCACTAAACAAGGGG_002,49
ATTGACCACTAAACAAGGGG_003,166
ATTGACCACTAAACAAGGGG_004,130
ATTGACCACTAAACAAGGGG_005,176
ATTGACCACTAAACAAGGGG_006,4
ATTGACCACTAAACAAGGGG_007,53
ATTGACCACTAAACAAGGGG_008,147
ATTGACCACTAAACAAGGGG_009,120
ATTGACCACTAAACAAGGGG_010,179
ATTGACCACTAAACAAGGGG_011,1
ATTGACCACTAAACAAGGGG_012,162
ATTGACCACTAAACAAGGGG_013,103
ATTGACCACTAAACAAGGGG_014,16
ATTGACCACTAAACAAGGGG_015,105
ATTGACCACTAAACAAGGGG_016,160
ATTGACCACTAAACAAGGGG_017,0
ATTGACCACTAAACAAGGGG_018,115
ATTGACCACTAAACAAGGGG_019,40
ATTGACCACTAAACAAGGGG_020,78
ATTGACCACTAAACAAGGGG_021,63
ATTGACCACTAAACAAGGGG_022,185
ATTGACCACTAAACAAGGGG_023,140
TGAAGTCGACTGGCATTTCG_001,45
TGAAGTCGACTGGCATTTCG_002,49
TGAAGTCGACTGGCATTTCG_003,19
TGAAGTCGACTGGCATTTCG_004,2
TGAAGTCGACTGGCATTTCG_005,184
TGAAGTCGACTGGCATTTCG_006,9
GGGCGGGTGGAAGCCTGCAA_001,44
GGGCGGGTGGAAGCCTGCAA_002,52
GGGCGGGTGGAAGCCTGCAA_003,139
GGGCGGGTGGAAGCCTGCAA_004,78
GGGCGGGTGGAAGCCTGCAA_005,34
GGGCGGGTGGAAGCCTGCAA_006,185
GGGCGGGTGGAAGCCTGCAA_007,8
GGGCGGGTGGAAGCCTGCAA_008,160
GGGCGGGTGGAAGCCTGCAA_009,48
GGGCGGGTGGAAGCCTGCAA_010,57
GGGCGGGTGGAAGCCTGCAA_011,182
GGGCGGGTGGAAGCCTGCAA_012,50
GGGCGGGTGGAAGCCTGCAA_013,118
GGGCGGGTGGAAGCCTGCAA_014,15
GGGCGGGTGGAAGCCTGCAA_015,5
GGGCGGGTGGAAGCCTGCAA_016,188
GGGCGGGTGGAAGCCTGCAA_017,32
GGGCGGGTGGAAGCCTGCAA_018,18
GGGCGGGTGGAAGCCTGCAA_019,117
GGGCGGGTGGAAGCCTGCAA_020,127
GGGCGGGTGGAAGCCTGCAA_021,105
GGGCGGGTGGAAGCCTGCAA_022,58
GGGCGGGTGGAAGCCTGCAA_023,105
GGGCGGGTGGAAGCCTGCAA_024,187
GGGCGGGTGGAAGCCTGCAA_025,28
GGGCGGGTGGAAGCCTGCAA_026,169
GGGCGGGTGGAAGCCTGCAA_027,121
GGGCGGGTGGAAGCCTGCAA_028,72
GGGCGGGTGGAAGCCTGCAA_029,88
GGGCGGGTGGAAGCCTGCAA_030,91
GGGCGGGTGGAAGCCTGCAA_031,25
GGGCGGGTGGAAGCCTGCAA_032,149
GGGCGGGTGGAAGCCTGCAA_033,168
GGGCGGGTGGAAGCCTGCAA_034,92
GGGCGGGTGGAAGCCTGCAA_035,78
GGGCGGGTGGAAGCCTGCAA_036,86
GGGCGGGTGGAAGCCTGCAA_037,58
GGGCGGGTGGAAGCCTGCAA_038,107
GGGCGGGTGGAAGCCTGCAA_039,172
GGGCGGGTGGAAGCCTGCAA_040,41
GGGCGGGTGGAAGCCTGCAA_041,42
GGGCGGGTGGAAGCCTGCAA_042,172
GGGCGGGTGGAAGCCTGCAA_043,73
GGGCGGGTGGAAGCCTGCAA_044,28
GGGCGGGTGGAAGCCTGCAA_045,111
GGGCGGGTGGAAGCCTGCAA_046,180
GGGCGGGTGGAAGCCTGCAA_047,62
GGGCGGGTGGAAGCCTGCAA_048,188
GGGCGGGTGGAAGCCTGCAA_049,57
GGGCGGGTGGAAGCCTGCAA_050,180
GGGCGGGTGGAAGCCTGCAA_051,33
GGGCGGGTGGAAGCCTGCAA_052,42
GGGCGGGTGGAAGCCTGCAA_053,46
GGGCGGGTGGAAGCCTGCAA_054,94
ACTGTGCTGGGCTCTTTGCA_001,104
ACTGTGCTGGGCTCTTTGCA_002,82
ACTGTGCTGGGCTCTTTGCA_003,16
ACTGTGCTGGGCTCTTTGCA_004,100
ACTGTGCTGGGCTCTTTGCA_005,108
ACTGTGCTGGGCTCTTTGCA_006,115
TTCAGCGCATTGCTACCTAC_001,175
TTCAGCGCATTGCTACCTAC_002,81
TTCAGCGCATTGCTACCTAC_003,58
TTCAGCGCATTGCTACCTAC_004,10
AGTCAGCACCTTCTTGCCAT_001,34
AGTCAGCACCTTCTTGCCAT_002,87
AAGGTGTGAGGTGAACCGAA_001,53
AAGGTGTGAGGTGAACCGAA_002,22
AAGGTGTGAGGTGAACCGAA_003,92
AAGGTGTGAGGTGAACCGAA_004,12
AAGGTGTGAGGTGAACCGAA_005,127
AAGGTGTGAGGTGAACCGAA_006,36
AAGGTGTGAGGTGAACCGAA_007,3
AAGGTGTGAGGTGAACCGAA_008,61
AAGGTGTGAGGTGAACCGAA_009,43
AAGGTGTGAGGTGAACCGAA_010,138
TTGGTGAAGAACCCAAACAA_001,144
TTGGTGAAGAACCCAAACAA_002,147
TTGGTGAAGAACCCAAACAA_003,116
TTGGTGAAGAACCCAAACAA_004,142
TTGGTGAAGAACCCAAACAA_005,2
TTGGTGAAGAACCCAAACAA_006,199
TTGGTGAAGAACCCAAACAA_007,21
TTGGTGAAGAACCCAAACAA_008,32
TTGGTGAAGAACCCAAACAA_009,120
TTGGTGAAGAACCCAAACAA_010,175
TTGGTGAAGAACCCAAACAA_011,169
TTGGTGAAGAACCCAAACAA_012,126
TTGGTGAAGAACCCAAACAA_013,115
TTGGTGAAGAACCCAAACAA_014,166
TTGGTGAAGAACCCAAACAA_015,0
TTGGTGAAGAACCCAAACAA_016,160
GCCTCCGGGGCGGCGAGGTA_001,34
GCCTCCGGGGCGGCGAGGTA_002,130
GCCTCCGGGGCGGCGAGGTA_003,42
GCCTCCGGGGCGGCGAGGTA_004,16
GCCTCCGGGGCGGCGAGGTA_005,65
GCCTCCGGGGCGGCGAGGTA_006,146
GCCTCCGGGGCGGCGAGGTA_007,133
GCCTCCGGGGCGGCGAGGTA_008,121
GCCTCCGGGGCGGCGAGGTA_009,127
GCCTCCGGGGCGGCGAGGTA_010,141
GCCTCCGGGGCGGCGAGGTA_011,77
GCCTCCGGGGCGGCGAGGTA_012,36
GCCTCCGGGGCGGCGAGGTA_013,94
GCCTCCGGGGCGGCGAGGTA_014,94
GCCTCCGGGGCGGCGAGGTA_015,78
GCCTCCGGGGCGGCGAGGTA_016,9
GCCTCCGGGGCGGCGAGGTA_017,30
GCCTCCGGGGCGGCGAGGTA_018,15
GCCTCCGGGGCGGCGAGGTA_019,9
GCCTCCGGGGCGGCGAGGTA_020,73
GCCTCCGGGGCGGCGAGGTA_021,130
GCCTCCGGGGCGGCGAGGTA_022,76
GCCTCCGGGGCGGCGAGGTA_023,96
GCCTCCGGGGCGGCGAGGTA_024,172
GCCTCCGGGGCGGCGAGGTA_025,107
GCCTCCGGGGCGGCGAGGTA_026,38
GCCTCCGGGGCGGCGAGGTA_027,59
GCAAGTCGTCGATGTCCAGT_001,181
GCAAGTCGTCGATGTCCAGT_002,151
GCAAGTCGTCGATGTCCAGT_003,175
GCAAGTCGTCGATGTCCAGT_004,137
AGCTCTGCTGAGGAGTACGT_001,88
AGCTCTGCTGAGGAGTACGT_002,99
AGCTCTGCTGAGGAGTACGT_003,107
AGCTCTGCTGAGGAGTACGT_004,58
AGCTCTGCTGAGGAGTACGT_005,65
AGCTCTGCTGAGGAGTACGT_006,23
AGCTCTGCTGAGGAGTACGT_007,189
AGCTCTGCTGAGGAGTACGT_008,27
AGCTCTGCTGAGGAGTACGT_009,144
AGCTCTGCTGAGGAGTACGT_010,52
AGCTCTGCTGAGGAGTACGT_011,148
AGCTCTGCTGAGGAGTACGT_012,8
AGCTCTGCTGAGGAGTACGT_013,176
AGCTCTGCTGAGGAGTACGT_014,78
AGCTCTGCTGAGGAGTACGT_015,154
ATGGGCAGGAAACCACAGGT_001,117
ATGGGCAGGAAACCACAGGT_002,65
ATGGGCAGGAAACCACAGGT_003,76
ATGGGCAGGAAACCACAGGT_004,83
ATGGGCAGGAAACCACAGGT_005,29
ATGGGCAGGAAACCACAGGT_006,57
ATGGGCAGGAAACCACAGGT_007,81
ATGGGCAGGAAACCACAGGT_008,52
ATGGGCAGGAAACCACAGGT_009,98
ATGGGCAGGAAACCACAGGT_010,158
ATGGGCAGGAAACCACAGGT_011,28
TGCAGAAGTGGTTCTACGAG_001,141
TGCAGAAGTGGTTCTACGAG_002,191
TGCAGAAGTGGTTCTACGAG_003,143
TGCAGAAGTGGTTCTACGAG_004,143
TGCAGAAGTGGTTCTACGAG_005,141
TGCAGAAGTGGTTCTACGAG_006,74
TGCAGAAGTGGTTCTACGAG_007,9
TGCAGAAGTGGTTCTACGAG_008,150
TGCAGAAGTGGTTCTACGAG_009,174
TGCAGAAGTGGTTCTACGAG_010,96
GCGCCCAGCTGCCAACACCA_001,40
GCGCCCAGCTGCCAACACCA_002,186
GCGCCCAGCTGCCAACACCA_003,58
GCGCCCAGCTGCCAACACCA_004,136
AGTTACGCATGATCTGCACG_001,179
AGTTACGCATGATCTGCACG_002,15
AGTTACGCATGATCTGCACG_003,159
AGTTACGCATGATCTGCACG_004,147
AGTTACGCATGATCTGCACG_005,194
AGTTACGCATGATCTGCACG_006,120
TAATGCAGGACAGTCACTTG_001,77
TAATGCAGGACAGTCACTTG_002,193
TAATGCAGGACAGTCACTTG_003,51
TAATGCAGGACAGTCACTTG_004,43
TAATGCAGGACAGTCACTTG_005,115
TAATGCAGGACAGTCACTTG_006,185
ACCTAAAGAAACATCCTGAG_001,94
ACCTAAAGAAACATCCTGAG_002,184
ACCTAAAGAAACATCCTGAG_003,60
ACCTAAAGAAACATCCTGAG_004,94
ACCTAAAGAAACATCCTGAG_005,41
ACCTAAAGAAACATCCTGAG_006,70
ACCTAAAGAAACATCCTGAG_007,77
ACCTAAAGAAACATCCTGAG_008,43
CCAGGCTCCATGAAAATCGT_001,0
CCAGGCTCCATGAAAATCGT_002,78
CCAGGCTCCATGAAAATCGT_003,45
CCAGGCTCCATGAAAATCGT_004,45
CCAGGCTCCATGAAAATCGT_005,82
CCAGGCTCCATGAAAATCGT_006,184
CCAGGCTCCATGAAAATCGT_007,40
CCAGGCTCCATGAAAATCGT_008,104
CCAGGCTCCATGAAAATCGT_009,172
AGGCCTTGTACAGTCGAAGG_001,150
AGGCCTTGTACAGTCGAAGG_002,174
AGGCCTTGTACAGTCGAAGG_003,83
GAAGACCCAAGATGAAACGT_001,27
GAAGACCCAAGATGAAACGT_002,69
GAAGACCCAAGATGAAACGT_003,77
GAAGACCCAAGATGAAACGT_004,156
GAAGACCCAAGATGAAACGT_005,40
GAAGACCCAAGATGAAACGT_006,86
GAAGACCCAAGATGAAACGT_007,166
GAAGACCCAAGATGAAACGT_008,38
GAAGACCCAAGATGAAACGT_009,44
GAAGACCCAAGATGAAACGT_010,81
CTGGCGACATTCCTCTTACA_001,166
CTGGCGACATTCCTCTTACA_002,50
CTGGCGACATTCCTCTTACA_003,137
TTCATTAAGCATGAAGAGGG_001,152
TTCATTAAGCATGAAGAGGG_002,84
GGTCCTGAATCGTATTCTTG_001,146
GGTCCTGAATCGTATTCTTG_002,70
GGTCCTGAATCGTATTCTTG_003,153
CTGGTCTCTGACATACGAAG_001,84
CTGGTCTCTGACATACGAAG_002,137
CTGGTCTCTGACATACGAAG_003,100
GATGTCCACTATGACAATTG_001,55
GATGTCCACTATGACAATTG_002,113
GATGTCCACTATGACAATTG_003,39
GATGTCCACTATGACAATTG_004,131
GATGTCCACTATGACAATTG_005,102
GATGTCCACTATGACAATTG_006,78
GATGTCCACTATGACAATTG_007,13
TCAATGTGATAAGCCCAACA_001,138
TCAATGTGATAAGCCCAACA_002,158
AGCACCCAAAAGGTAACCCA_001,27
AGCACCCAAAAGGTAACCCA_002,102
AGCACCCAAAAGGTAACCCA_003,149
AGCACCCAAAAGGTAACCCA_004,105
AGCACCCAAAAGGTAACCCA_005,199
AGCACCCAAAAGGTAACCCA_006,105
AGCACCCAAAAGGTAACCCA_007,21
AGCACCCAAAAGGTAACCCA_008,147
AGCACCCAAAAGGTAACCCA_009,96
AGCACCCAAAAGGTAACCCA_010,22
AGCACCCAAAAGGTAACCCA_011,183
AGCACCCAAAAGGTAACCCA_012,68
AGCACCCAAAAGGTAACCCA_013,162
AGCACCCAAAAGGTAACCCA_014,152
AGCACCCAAAAGGTAACCCA_015,166
AGCACCCAAAAGGTAACCCA_016,198
AGCACCCAAAAGGTAACCCA_017,106
AGCACCCAAAAGGTAACCCA_018,153
AGGCACCAACACCTACCTAG_001,36
AGGCACCAACACCTACCTAG_002,65
AGGCACCAACACCTACCTAG_003,81
AGGCACCAACACCTACCTAG_004,34
AGGCACCAACACCTACCTAG_005,56
AGGCACCAACACCTACCTAG_006,120
AGGCACCAACACCTACCTAG_007,34
AGGCACCAACACCTACCTAG_008,85
AGGCACCAACACCTACCTAG_009,99
AGGCACCAACACCTACCTAG_010,141
AGGCACCAACACCTACCTAG_011,136
AGGCACCAACACCTACCTAG_012,133
AGGCACCAACACCTACCTAG_013,83
AGGCACCAACACCTACCTAG_014,81
AGGCACCAACACCTACCTAG_015,39
AGGCACCAACACCTACCTAG_016,198
AGGCACCAACACCTACCTAG_017,136
AGGCACCAACACCTACCTAG_018,153
GGCCGGTGTGCACGCTACGG_001,127
GGCCGGTGTGCACGCTACGG_002,107
GGCCGGTGTGCACGCTACGG_003,188
GGCCGGTGTGCACGCTACGG_004,165
GGCCGGTGTGCACGCTACGG_005,15
GGCCGGTGTGCACGCTACGG_006,44
GGCCGGTGTGCACGCTACGG_007,103
CACGCACAATCCTTCACGCA_001,104
CACGCACAATCCTTCACGCA_002,94
CACGCACAATCCTTCACGCA_003,36
CACGCACAATCCTTCACGCA_004,122
CACGCACAATCCTTCACGCA_005,41
CACGCACAATCCTTCACGCA_006,12
CACGCACAATCCTTCACGCA_007,92
CACGCACAATCCTTCACGCA_008,77
CACGCACAATCCTTCACGCA_009,34
CACGCACAATCCTTCACGCA_010,115
GGACATCATACGTGTGAACG_001,151
GGACATCATACGTGTGAACG_002,87
CTTCTCACGAGTGATTCAAG_001,165
CTTCTCACGAGTGATTCAAG_002,88
CTTCTCACGAGTGATTCAAG_003,58
CTTCTCACGAGTGATTCAAG_004,58
CTTCTCACGAGTGATTCAAG_005,85
CTTCTCACGAGTGATTCAAG_006,148
CTTCTCACGAGTGATTCAAG_007,0
CTTCTCACGAGTGATTCAAG_008,169
CTTCTCACGAGTGATTCAAG_009,62
GGATGTCAGTGTCTTCGATG_001,55
GGATGTCAGTGTCTTCGATG_002,175
GGATGTCAGTGTCTTCGATG_003,92
CTTGGATCTACAATTCACAC_001,1
CCACGTCACGCCAACAACAG_001,41
CCACGTCACGCCAACAACAG_002,105
CCACGTCACGCCAACAACAG_003,15
CCACGTCACGCCAACAACAG_004,70
CCACGTCACGCCAACAACAG_005,58
CCACGTCACGCCAACAACAG_006,96
CCACGTCACGCCAACAACAG_007,193
CCACGTCACGCCAACAACAG_008,147
CCACGTCACGCCAACAACAG_009,121
CCACGTCACGCCAACAACAG_010,88
CCACGTCACGCCAACAACAG_011,98
CCACGTCACGCCAACAACAG_012,120
CCACGTCACGCCAACAACAG_013,130
CCACGTCACGCCAACAACAG_014,170
GGTGTACGTGAACGGAGAGT_001,72
GGTGTACGTGAACGGAGAGT_002,166
GGTGTACGTGAACGGAGAGT_003,114
TATGCCATGAGTGCTCAGAG_001,10
TATGCCATGAGTGCTCAGAG_002,48
TATGCCATGAGTGCTCAGAG_003,198
TATGCCATGAGTGCTCAGAG_004,118
TATGCCATGAGTGCTCAGAG_005,196
TATGCCATGAGTGCTCAGAG_006,178
TATGCCATGAGTGCTCAGAG_007,19
TATGCCATGAGTGCTCAGAG_008,89
TATGCCATGAGTGCTCAGAG_009,137
TATGCCATGAGTGCTCAGAG_010,174
TATGCCATGAGTGCTCAGAG_011,68
TATGCCATGAGTGCTCAGAG_012,25
TATGCCATGAGTGCTCAGAG_013,77
TATGCCATGAGTGCTCAGAG_014,88
TATGCCATGAGTGCTCAGAG_015,88
TATGCCATGAGTGCTCAGAG_016,194
TATGCCATGAGTGCTCAGAG_017,52
TATGCCATGAGTGCTCAGAG_018,162
TATGCCATGAGTGCTCAGAG_019,67
TCAAGCTCTTTGAACCCACA_001,171
TCAAGCTCTTTGAACCCACA_002,193
TCAAGCTCTTTGAACCCACA_003,185
TCAAGCTCTTTGAACCCACA_004,57
TCAAGCTCTTTGAACCCACA_005,124
TTGTAGGTATCGTCAGATCC_001,127
TTGTAGGTATCGTCAGATCC_002,1
TTGTAGGTATCGTCAGATCC_003,185
TTGTAGGTATCGTCAGATCC_004,138
ATCTGAATAGTGGACCACTG_001,157
ATCTGAATAGTGGACCACTG_002,43
ATCTGAATAGTGGACCACTG_003,57
TTCAGGTGAGCACGCTTCAG_001,134
TTCAGGTGAGCACGCTTCAG_002,5
TTCAGGTGAGCACGCTTCAG_003,189
TTCAGGTGAGCACGCTTCAG_004,158
TTCAGGTGAGCACGCTTCAG_005,28
TTCAGGTGAGCACGCTTCAG_006,158
TTCAGGTGAGCACGCTTCAG_007,127
TTCAGGTGAGCACGCTTCAG_008,1
TTCAGGTGAGCACGCTTCAG_009,41
TTCAGGTGAGCACGCTTCAG_010,94
TTCAGGTGAGCACGCTTCAG_011,49
TTCAGGTGAGCACGCTTCAG_012,57
GACGGAGCTATTCTCGGGCA_001,83
CGTGCAACAACTTACACCTG_001,177
CGTGCAACAACTTACACCTG_002,105
CGTGCAACAACTTACACCTG_003,69
CGTGCAACAACTTACACCTG_004,76
CGTGCAACAACTTACACCTG_005,154
CGTGCAACAACTTACACCTG_006,179
CGTGCAACAACTTACACCTG_007,15
CGTGCAACAACTTACACCTG_008,9
CGTGCAACAACTTACACCTG_009,9
CGTGCAACAACTTACACCTG_010,75
CGTGCAACAACTTACACCTG_011,132
CGTGCAACAACTTACACCTG_012,45
CGTGCAACAACTTACACCTG_013,40
CGTGCAACAACTTACACCTG_014,117
CGTGCAACAACTTACACCTG_015,57
CGTGCAACAACTTACACCTG_016,61
CGTGCAACAACTTACACCTG_017,138
CGTGCAACAACTTACACCTG_018,90
CGTGCAACAACTTACACCTG_019,131
CGTGCAACAACTTACACCTG_020,115
CGTGCAACAACTTACACCTG_021,10
CATCAAAATCAGTTCCCGTG_001,117
CATCAAAATCAGTTCCCGTG_002,34
CATCAAAATCAGTTCCCGTG_003,142
GCGCACCAGCTCCGCGCACA_001,15
GCGCACCAGCTCCGCGCACA_002,117
GCGCACCAGCTCCGCGCACA_003,177
GCGCACCAGCTCCGCGCACA_004,130
GCGCACCAGCTCCGCGCACA_005,86
GCGCACCAGCTCCGCGCACA_006,55
GGTGCAGCTGACGATGTCAG_001,12
GGTGCAGCTGACGATGTCAG_002,61
GGTGCAGCTGACGATGTCAG_003,178
GGTGCAGCTGACGATGTCAG_004,174
GGTGCAGCTGACGATGTCAG_005,121
GGTGCAGCTGACGATGTCAG_006,14
GGTGCAGCTGACGATGTCAG_007,194
GGTGCAGCTGACGATGTCAG_008,164
GGTGCAGCTGACGATGTCAG_009,164
GGTGCAGCTGACGATGTCAG_010,27
GGTGCAGCTGACGATGTCAG_011,130
GGTGCAGCTGACGATGTCAG_012,58
CATACTTACGAAGACACACA_001,166
CATACTTACGAAGACACACA_002,122
CATACTTACGAAGACACACA_003,127
CATACTTACGAAGACACACA_004,106
CATACTTACGAAGACACACA_005,86
CATACTTACGAAGACACACA_006,150
CATACTTACGAAGACACACA_007,83
AAACATGCAGAAGCAACTCT_001,119
AAACATGCAGAAGCAACTCT_002,163
AAACATGCAGAAGCAACTCT_003,19
AAACATGCAGAAGCAACTCT_004,19
AAACATGCAGAAGCAACTCT_005,4
AAACATGCAGAAGCAACTCT_006,102
AAACATGCAGAAGCAACTCT_007,198
AAACATGCAGAAGCAACTCT_008,84
AAACATGCAGAAGCAACTCT_009,149
AAACATGCAGAAGCAACTCT_010,184
AAACATGCAGAAGCAACTCT_011,37
AAACATGCAGAAGCAACTCT_012,28
AGCCCTACCTCAAGGCCCCG_001,132
AGCCCTACCTCAAGGCCCCG_002,95
AGCCCTACCTCAAGGCCCCG_003,181
AGCCCTACCTCAAGGCCCCG_004,130
AGCCCTACCTCAAGGCCCCG_005,15
AGCCCTACCTCAAGGCCCCG_006,88
AGCCCTACCTCAAGGCCCCG_007,32
AGCCCTACCTCAAGGCCCCG_008,148
AGCCCTACCTCAAGGCCCCG_009,113
AGCCCTACCTCAAGGCCCCG_010,15
AGCCCTACCTCAAGGCCCCG_011,13
AGCCCTACCTCAAGGCCCCG_012,124
AGCCCTACCTCAAGGCCCCG_013,1
AGCCCTACCTCAAGGCCCCG_014,63
AGCCCTACCTCAAGGCCCCG_015,82
AGCCCTACCTCAAGGCCCCG_016,75
AGCCCTACCTCAAGGCCCCG_017,8
AGCCCTACCTCAAGGCCCCG_018,107
AGCCCTACCTCAAGGCCCCG_019,169
AGCCCTACCTCAAGGCCCCG_020,198
AGCCCTACCTCAAGGCCCCG_021,120
AGCCCTACCTCAAGGCCCCG_022,17
AGCCCTACCTCAAGGCCCCG_023,137
AGCCCTACCTCAAGGCCCCG_024,153
AGCCCTACCTCAAGGCCCCG_025,195
AGCCCTACCTCAAGGCCCCG_026,160
AGCCCTACCTCAAGGCCCCG_027,48
AGCCCTACCTCAAGGCCCCG_028,48
AGCCCTACCTCAAGGCCCCG_029,10
AGCCCTACCTCAAGGCCCCG_030,118
AGCCCTACCTCAAGGCCCCG_031,198
ATGGACCATGCACTAATCAC_001,131
ATGGACCATGCACTAATCAC_002,62
ATGGACCATGCACTAATCAC_003,42
ATGGACCATGCACTAATCAC_004,77
ATGGACCATGCACTAATCAC_005,58
ATGGACCATGCACTAATCAC_006,61
ATGGACCATGCACTAATCAC_007,159
ATGGACCATGCACTAATCAC_008,52
ATGGACCATGCACTAATCAC_009,114
ATGGACCATGCACTAATCAC_010,181
ATGGACCATGCACTAATCAC_011,8
ATGGACCATGCACTAATCAC_012,162
ATGGACCATGCACTAATCAC_013,180
ATGGACCATGCACTAATCAC_014,172
ATGGACCATGCACTAATCAC_015,49
ATGGACCATGCACTAATCAC_016,39
ATGGACCATGCACTAATCAC_017,39
ATGGACCATGCACTAATCAC_018,28
ATTGGTGGAAAACGTCGATG_001,81
ATTGGTGGAAAACGTCGATG_002,163
ATTGGTGGAAAACGTCGATG_003,84
ATTGGTGGAAAACGTCGATG_004,88
ATTGGTGGAAAACGTCGATG_005,76
ATTGGTGGAAAACGTCGATG_006,144
ATTGGTGGAAAACGTCGATG_007,66
ATTGGTGGAAAACGTCGATG_008,163
ATTGGTGGAAAACGTCGATG_009,53
ATTGGTGGAAAACGTCGATG_010,58
ATTGGTGGAAAACGTCGATG_011,198
ATTGGTGGAAAACGTCGATG_012,172
ATTGGTGGAAAACGTCGATG_013,184
ATTGGTGGAAAACGTCGATG_014,185
ATTGGTGGAAAACGTCGATG_015,158
ATTGGTGGAAAACGTCGATG_016,0
ATTGGTGGAAAACGTCGATG_017,138
ATTGGTGGAAAACGTCGATG_018,66
ATTGGTGGAAAACGTCGATG_019,69
CCCTCACAGGCATTGGCTGC_001,81
CCCTCACAGGCATTGGCTGC_002,149
CCCTCACAGGCATTGGCTGC_003,183
CCCTCACAGGCATTGGCTGC_004,148
CCCTCACAGGCATTGGCTGC_005,118
CCCTCACAGGCATTGGCTGC_006,186
CCCTCACAGGCATTGGCTGC_007,168
CCCTCACAGGCATTGGCTGC_008,123
CCCTCACAGGCATTGGCTGC_009,177
CCCTCACAGGCATTGGCTGC_010,24
CCCTCACAGGCATTGGCTGC_011,69
CCCTCACAGGCATTGGCTGC_012,49
CCCTCACAGGCATTGGCTGC_013,196
CCCTCACAGGCATTGGCTGC_014,1
CCCTCACAGGCATTGGCTGC_015,10
CAGGGAGACACCTTCCATCG_001,105
CCTGCTCAGGAACCAGTGCA_001,10
CCTGCTCAGGAACCAGTGCA_002,189
CCTGCTCAGGAACCAGTGCA_003,133
CCTGCTCAGGAACCAGTGCA_004,18
CCTGCTCAGGAACCAGTGCA_005,161
CCTGCTCAGGAACCAGTGCA_006,131
CCTGCTCAGGAACCAGTGCA_007,15
CCTGCTCAGGAACCAGTGCA_008,122
CCTGCTCAGGAACCAGTGCA_009,4
CCTGCTCAGGAACCAGTGCA_010,5
CCTGCTCAGGAACCAGTGCA_011,22
GTCTTGAGAGACAACATTCA_001,115
GTCTTGAGAGACAACATTCA_002,146
GTCTTGAGAGACAACATTCA_003,88
GTCTTGAGAGACAACATTCA_004,53
GTCTTGAGAGACAACATTCA_005,130
GTCTTGAGAGACAACATTCA_006,27
GTGACTAGATGCAACAATGT_001,146
GTGACTAGATGCAACAATGT_002,70
GTGACTAGATGCAACAATGT_003,111
AAGCCAGGACCTCAGATGCA_001,193
AAGCCAGGACCTCAGATGCA_002,77
AAGCCAGGACCTCAGATGCA_003,74
AAGCCAGGACCTCAGATGCA_004,80
AAGCCAGGACCTCAGATGCA_005,47
AAGCCAGGACCTCAGATGCA_006,125
ACATAACAGGGATTTGAACA_001,45
ACATAACAGGGATTTGAACA_002,112
ACATAACAGGGATTTGAACA_003,81
ACATAACAGGGATTTGAACA_004,177
AGTACAGTGAAGTTCAAGAT_001,111
AGTACAGTGAAGTTCAAGAT_002,123
AGTACAGTGAAGTTCAAGAT_003,95
AGTACAGTGAAGTTCAAGAT_004,1
AGTACAGTGAAGTTCAAGAT_005,169
AGTACAGTGAAGTTCAAGAT_006,158
AGTACAGTGAAGTTCAAGAT_007,147
AGTACAGTGAAGTTCAAGAT_008,39
AGTACAGTGAAGTTCAAGAT_009,78
AGTACAGTGAAGTTCAAGAT_010,19
AGTACAGTGAAGTTCAAGAT_011,37
AGTACAGTGAAGTTCAAGAT_012,28
CCTTCCAGAAGAATACCCAA_001,88
GACTCACGGTGAATTCACTG_001,44
GACTCACGGTGAATTCACTG_002,32
GACTCACGGTGAATTCACTG_003,43
GACTCACGGTGAATTCACTG_004,159
GACTCACGGTGAATTCACTG_005,119
GACTCACGGTGAATTCACTG_006,80
GACTCACGGTGAATTCACTG_007,17
GACTCACGGTGAATTCACTG_008,55
GACTCACGGTGAATTCACTG_009,5
GACTCACGGTGAATTCACTG_010,145
GACTCACGGTGAATTCACTG_011,88
GACTCACGGTGAATTCACTG_012,182
GACTCACGGTGAATTCACTG_013,17
GACTCACGGTGAATTCACTG_014,34
GACTCACGGTGAATTCACTG_015,58
GACTCACGGTGAATTCACTG_016,41
GACTCACGGTGAATTCACTG_017,127
GACTCACGGTGAATTCACTG_018,107
GACTCACGGTGAATTCACTG_019,61
GACTCACGGTGAATTCACTG_020,121
GACTCACGGTGAATTCACTG_021,132
GACTCACGGTGAATTCACTG_022,160
TACTTCAAAGGTAAGACATT_001,106
TACTTCAAAGGTAAGACATT_002,46
TACTTCAAAGGTAAGACATT_003,192
TACTTCAAAGGTAAGACATT_004,77
TACTTCAAAGGTAAGACATT_005,34
TTCCTAATTACAGCGCGGTG_001,70
TTCCTAATTACAGCGCGGTG_002,29
TTCCTAATTACAGCGCGGTG_003,103
TTCCTAATTACAGCGCGGTG_004,37
TTCCTAATTACAGCGCGGTG_005,26
TTCCTAATTACAGCGCGGTG_006,31
TTCCTAATTACAGCGCGGTG_007,162
TTCCTAATTACAGCGCGGTG_008,116
TTTGGCAGTACCTTTTATTA_001,130
TTTGGCAGTACCTTTTATTA_002,4
TTTGGCAGTACCTTTTATTA_003,40
TTTGGCAGTACCTTTTATTA_004,130
TGACCTGTTGACCAAAACAC_001,76
TGACCTGTTGACCAAAACAC_002,146
TGACCTGTTGACCAAAACAC_003,41
TGACCTGTTGACCAAAACAC_004,120
TGACCTGTTGACCAAAACAC_005,31
TGACCTGTTGACCAAAACAC_006,153
TGACCTGTTGACCAAAACAC_007,34
TGACCTGTTGACCAAAACAC_008,132
TGACCTGTTGACCAAAACAC_009,139
TGACCTGTTGACCAAAACAC_010,105
TAGAATTTAAAAATGTCACT_001,8
TAGAATTTAAAAATGTCACT_002,130
TAGAATTTAAAAATGTCACT_003,173
TAGAATTTAAAAATGTCACT_004,1
AGGGTACAACAAATAGCACA_001,43
AGGGTACAACAAATAGCACA_002,172
AGGGTACAACAAATAGCACA_003,172
AGGGTACAACAAATAGCACA_004,96
AGGGTACAACAAATAGCACA_005,13
AGGGTACAACAAATAGCACA_006,162
TCAAAGAGATCACTAAAGCG_001,121
TCAAAGAGATCACTAAAGCG_002,82
TTCAGTTCGTAGCCCACCTG_001,137
TTCAGTTCGTAGCCCACCTG_002,32
TTCAGTTCGTAGCCCACCTG_003,153
TTCAGTTCGTAGCCCACCTG_004,6
TTCAGTTCGTAGCCCACCTG_005,153
TTCAGTTCGTAGCCCACCTG_006,159
TTCAGTTCGTAGCCCACCTG_007,63
TTCAGTTCGTAGCCCACCTG_008,169
TTCAGTTCGTAGCCCACCTG_009,175
TTCAGTTCGTAGCCCACCTG_010,164
TTCAGTTCGTAGCCCACCTG_011,164
TTCAGTTCGTAGCCCACCTG_012,84
TACTGGTGATAGGCGACCCA_001,159
TACTGGTGATAGGCGACCCA_002,150
TACTGGTGATAGGCGACCCA_003,161
TACTGGTGATAGGCGACCCA_004,100
TACTGGTGATAGGCGACCCA_005,190
TACTGGTGATAGGCGACCCA_006,190
TACTGGTGATAGGCGACCCA_007,162
TACTGGTGATAGGCGACCCA_008,169
TACTGGTGATAGGCGACCCA_009,179
TACTGGTGATAGGCGACCCA_010,158
TACTGGTGATAGGCGACCCA_011,17
AGTTGGCATTGCTTACTCGA_001,38
AGTTGGCATTGCTTACTCGA_002,48
AGAAGAATTTGACATTGACA_001,119
AGAAGAATTTGACATTGACA_002,119
AGAAGAATTTGACATTGACA_003,151
AGAAGAATTTGACATTGACA_004,94
AGAAGAATTTGACATTGACA_005,113
AGAAGAATTTGACATTGACA_006,185
AGAAGAATTTGACATTGACA_007,198
AGAAGAATTTGACATTGACA_008,89
AGAAGAATTTGACATTGACA_009,160
AGAAGAATTTGACATTGACA_010,63
AGAAGAATTTGACATTGACA_011,81
AGAAGAATTTGACATTGACA_012,45
AGAAGAATTTGACATTGACA_013,12
AGAAGAATTTGACATTGACA_014,139
CGGACTACAAGTACCAGCCC_001,38
TGGACCAGCAACCCTCAGCA_001,112
TGGACCAGCAACCCTCAGCA_002,176
TGGACCAGCAACCCTCAGCA_003,41
TGGACCAGCAACCCTCAGCA_004,60
TGGACCAGCAACCCTCAGCA_005,68
TGGACCAGCAACCCTCAGCA_006,3
TGGACCAGCAACCCTCAGCA_007,115
TGGACCAGCAACCCTCAGCA_008,171
TGGACCAGCAACCCTCAGCA_009,175
TGGACCAGCAACCCTCAGCA_010,10
TGGACCAGCAACCCTCAGCA_011,147
TGGACCAGCAACCCTCAGCA_012,117
TGGACCAGCAACCCTCAGCA_013,86
TGGACCAGCAACCCTCAGCA_014,85
TGGACCAGCAACCCTCAGCA_015,197
TGGACCAGCAACCCTCAGCA_016,88
TGGACCAGCAACCCTCAGCA_017,44
TGGACCAGCAACCCTCAGCA_018,129
TGGACCAGCAACCCTCAGCA_019,98
TGGACCAGCAACCCTCAGCA_020,199
TGGACCAGCAACCCTCAGCA_021,107
TGGACCAGCAACCCTCAGCA_022,88
TGGACCAGCAACCCTCAGCA_023,116
TGGACCAGCAACCCTCAGCA_024,137
TGGACCAGCAACCCTCAGCA_025,189
TGGACCAGCAACCCTCAGCA_026,18
TGGACCAGCAACCCTCAGCA_027,72
TCAAACACCAGTGACCCAGG_001,119
TCAAACACCAGTGACCCAGG_002,51
TCAAACACCAGTGACCCAGG_003,56
TCAAACACCAGTGACCCAGG_004,123
TCAAACACCAGTGACCCAGG_005,34
TCAAACACCAGTGACCCAGG_006,195
TCAAACACCAGTGACCCAGG_007,21
TCAAACACCAGTGACCCAGG_008,84
TCAAACACCAGTGACCCAGG_009,56
TCAAACACCAGTGACCCAGG_010,52
TCAAACACCAGTGACCCAGG_011,142
TCAAACACCAGTGACCCAGG_012,69
TCAAACACCAGTGACCCAGG_013,136
TCAAACACCAGTGACCCAGG_014,184
TCAAACACCAGTGACCCAGG_015,68
GGTTGAGGCGCAGGGACCGG_001,169
GGTTGAGGCGCAGGGACCGG_002,128
GGTTGAGGCGCAGGGACCGG_003,24
GGTTGAGGCGCAGGGACCGG_004,80
GGTTGAGGCGCAGGGACCGG_005,6
GGTTGAGGCGCAGGGACCGG_006,48
GGTTGAGGCGCAGGGACCGG_007,105
GGTTGAGGCGCAGGGACCGG_008,170
GGTTGAGGCGCAGGGACCGG_009,0
GGTTGAGGCGCAGGGACCGG_010,50
GGTTGAGGCGCAGGGACCGG_011,175
GGTTGAGGCGCAGGGACCGG_012,78
GGTTGAGGCGCAGGGACCGG_013,149
GGTTGAGGCGCAGGGACCGG_014,62
GGTTGAGGCGCAGGGACCGG_015,38
GGTTGAGGCGCAGGGACCGG_016,98
GGTTGAGGCGCAGGGACCGG_017,137
GGTTGAGGCGCAGGGACCGG_018,115
GGTTGAGGCGCAGGGACCGG_019,5
GGTTGAGGCGCAGGGACCGG_020,119
GGTTGAGGCGCAGGGACCGG_021,119
GGTTGAGGCGCAGGGACCGG_022,169
GGTTGAGGCGCAGGGACCGG_023,17
GGTTGAGGCGCAGGGACCGG_024,184
GGTTGAGGCGCAGGGACCGG_025,196
GGTTGAGGCGCAGGGACCGG_026,104
GGTTGAGGCGCAGGGACCGG_027,149
GGTTGAGGCGCAGGGACCGG_028,82
GGTTGAGGCGCAGGGACCGG_029,2
GGTTGAGGCGCAGGGACCGG_030,76
GGTTGAGGCGCAGGGACCGG_031,135
GGTTGAGGCGCAGGGACCGG_032,135
GGTTGAGGCGCAGGGACCGG_033,166
GGTTGAGGCGCAGGGACCGG_034,84
GGTTGAGGCGCAGGGACCGG_035,147
GGTTGAGGCGCAGGGACCGG_036,159
GGTTGAGGCGCAGGGACCGG_037,129
GGTTGAGGCGCAGGGACCGG_038,177
GGTTGAGGCGCAGGGACCGG_039,105
GGTTGAGGCGCAGGGACCGG_040,17
GGTTGAGGCGCAGGGACCGG_041,33
GGTTGAGGCGCAGGGACCGG_042,41
GGTTGAGGCGCAGGGACCGG_043,28
GGTTGAGGCGCAGGGACCGG_044,161
GGTTGAGGCGCAGGGACCGG_045,10
TGCTCTGGGAATCCTGATTG_001,81
AATAGCCTAATTGACATGAG_001,174
AATAGCCTAATTGACATGAG_002,55
AATAGCCTAATTGACATGAG_003,77
AATAGCCTAATTGACATGAG_004,50
AATAGCCTAATTGACATGAG_005,69
AATAGCCTAATTGACATGAG_006,183
AATAGCCTAATTGACATGAG_007,168
AATAGCCTAATTGACATGAG_008,149
AATAGCCTAATTGACATGAG_009,67
AATAGCCTAATTGACATGAG_010,38
AATAGCCTAATTGACATGAG_011,175
AATAGCCTAATTGACATGAG_012,28
AATAGCCTAATTGACATGAG_013,169
AATAGCCTAATTGACATGAG_014,176
AATAGCCTAATTGACATGAG_015,79
AATAGCCTAATTGACATGAG_016,81
AATAGCCTAATTGACATGAG_017,31
AATAGCCTAATTGACATGAG_018,188
AATAGCCTAATTGACATGAG_019,191
CAACTTCTGCAAGCACAACG_001,103
CAACTTCTGCAAGCACAACG_002,134
CAACTTCTGCAAGCACAACG_003,8
CAACTTCTGCAAGCACAACG_004,42
CAACTTCTGCAAGCACAACG_005,196
CAACTTCTGCAAGCACAACG_006,70
CAACTTCTGCAAGCACAACG_007,127
CAACTTCTGCAAGCACAACG_008,1
CAACTTCTGCAAGCACAACG_009,127
CAACTTCTGCAAGCACAACG_010,112
CAACTTCTGCAAGCACAACG_011,81
CAACTTCTGCAAGCACAACG_012,106
CAACTTCTGCAAGCACAACG_013,155
CAACTTCTGCAAGCACAACG_014,121
CAACTTCTGCAAGCACAACG_015,84
CAACTTCTGCAAGCACAACG_016,62
CAACTTCTGCAAGCACAACG_017,60
CAACTTCTGCAAGCACAACG_018,78
CAACTTCTGCAAGCACAACG_019,107
CAACTTCTGCAAGCACAACG_020,130
CAACTTCTGCAAGCACAACG_021,184
CAAGAGGCAAGTGTCAATTG_001,62
CAAGAGGCAAGTGTCAATTG_002,90
CAAGAGGCAAGTGTCAATTG_003,94
CAAGAGGCAAGTGTCAATTG_004,2
CAAGAGGCAAGTGTCAATTG_005,146
CAAGAGGCAAGTGTCAATTG_006,198
CAAGAGGCAAGTGTCAATTG_007,133
TGGTTTCTGCCCACTCAGAG_001,118
TGGTTTCTGCCCACTCAGAG_002,149
TGGTTTCTGCCCACTCAGAG_003,178
TGGTTTCTGCCCACTCAGAG_004,134
TGGTTTCTGCCCACTCAGAG_005,102
TGGTTTCTGCCCACTCAGAG_006,94
TGGTTTCTGCCCACTCAGAG_007,24
TGGTTTCTGCCCACTCAGAG_008,72
TGGTTTCTGCCCACTCAGAG_009,39
TGGTTTCTGCCCACTCAGAG_010,174
TGGTTTCTGCCCACTCAGAG_011,185
TGGTTTCTGCCCACTCAGAG_012,50
TGGTTTCTGCCCACTCAGAG_013,11
AGGTGGAGTTTCTCTCGAGG_001,118
AGGTGGAGTTTCTCTCGAGG_002,181
AGGTGGAGTTTCTCTCGAGG_003,3
AGGTGGAGTTTCTCTCGAGG_004,144
AGGTGGAGTTTCTCTCGAGG_005,119
AGGTGGAGTTTCTCTCGAGG_006,183
AGGTGGAGTTTCTCTCGAGG_007,170
CTGAAACAGTTGTTACCCGG_001,112
CTGAAACAGTTGTTACCCGG_002,70
CTGAAACAGTTGTTACCCGG_003,164
CTGAAACAGTTGTTACCCGG_004,94
GCTGTTGGCGTTGATATCAG_001,60
GCTGTTGGCGTTGATATCAG_002,148
GCTGTTGGCGTTGATATCAG_003,89
GCTGTTGGCGTTGATATCAG_004,108
AGAATTCTGAGCTTGCACCA_001,169
AGAATTCTGAGCTTGCACCA_002,49
AGAATTCTGAGCTTGCACCA_003,134
AGAATTCTGAGCTTGCACCA_004,169
AGAATTCTGAGCTTGCACCA_005,113
AGAATTCTGAGCTTGCACCA_006,34
AGAATTCTGAGCTTGCACCA_007,41
AGAATTCTGAGCTTGCACCA_008,157
AGAATTCTGAGCTTGCACCA_009,14
AGAATTCTGAGCTTGCACCA_010,2
AGAATTCTGAGCTTGCACCA_011,6
AGAATTCTGAGCTTGCACCA_012,101
AGAATTCTGAGCTTGCACCA_013,181
AGAATTCTGAGCTTGCACCA_014,50
AGAATTCTGAGCTTGCACCA_015,10
CATCCCCTCCAAATTAGGTG_001,82
CATCCCCTCCAAATTAGGTG_002,84
CATCCCCTCCAAATTAGGTG_003,3
CATCCCCTCCAAATTAGGTG_004,80
CATCCCCTCCAAATTAGGTG_005,23
CATCCCCTCCAAATTAGGTG_006,166
CATCCCCTCCAAATTAGGTG_007,131
AGATGAGGAGGGGAGAACCT_001,175
AGATGAGGAGGGGAGAACCT_002,84
AGATGAGGAGGGGAGAACCT_003,177
AGATGAGGAGGGGAGAACCT_004,159
TTACCTTCTAAGCAGCACTG_001,48
TTACCTTCTAAGCAGCACTG_002,55
TTACCTTCTAAGCAGCACTG_003,145
TTACCTTCTAAGCAGCACTG_004,185
TTACCTTCTAAGCAGCACTG_005,160
TTACCTTCTAAGCAGCACTG_006,127
TTACCTTCTAAGCAGCACTG_007,127
TTACCTTCTAAGCAGCACTG_008,127
TTACCTTCTAAGCAGCACTG_009,58
TTACCTTCTAAGCAGCACTG_010,106
TTACCTTCTAAGCAGCACTG_011,30
TTACCTTCTAAGCAGCACTG_012,162
TTACCTTCTAAGCAGCACTG_013,145
TTACCTTCTAAGCAGCACTG_014,69
TTACCTTCTAAGCAGCACTG_015,60
TTACCTTCTAAGCAGCACTG_016,145
TTACCTTCTAAGCAGCACTG_017,3
TTACCTTCTAAGCAGCACTG_018,107
TTACCTTCTAAGCAGCACTG_019,181
TTACCTTCTAAGCAGCACTG_020,44
TTACCTTCTAAGCAGCACTG_021,136
TTACCTTCTAAGCAGCACTG_022,52
TTACCTTCTAAGCAGCACTG_023,52
TTTCTCGATCTCAGCCATAT_001,104
TTTCTCGATCTCAGCCATAT_002,142
CGGACGACTGTGCACATGCG_001,35
CGGACGACTGTGCACATGCG_002,133
CGGACGACTGTGCACATGCG_003,31
CGGACGACTGTGCACATGCG_004,149
CGGACGACTGTGCACATGCG_005,2
CGGACGACTGTGCACATGCG_006,174
CGGACGACTGTGCACATGCG_007,194
CGGACGACTGTGCACATGCG_008,147
CGGACGACTGTGCACATGCG_009,15
CGGACGACTGTGCACATGCG_010,58
CGGACGACTGTGCACATGCG_011,60
CGGACGACTGTGCACATGCG_012,46
CGGACGACTGTGCACATGCG_013,10
CGGACGACTGTGCACATGCG_014,3
CGGACGACTGTGCACATGCG_015,6
CCAGTGAAATCACAGGGGAA_001,147
CCAGTGAAATCACAGGGGAA_002,137
CCAGTGAAATCACAGGGGAA_003,176
CCAGTGAAATCACAGGGGAA_004,198
CCAGTGAAATCACAGGGGAA_005,198
CCAGTGAAATCACAGGGGAA_006,12
CCAGTGAAATCACAGGGGAA_007,56
CCAGTGAAATCACAGGGGAA_008,40
CCAGTGAAATCACAGGGGAA_009,117
CCAGTGAAATCACAGGGGAA_010,197
CCAGTGAAATCACAGGGGAA_011,41
CCAGTGAAATCACAGGGGAA_012,160
CCAGTGAAATCACAGGGGAA_013,146
CCAGTGAAATCACAGGGGAA_014,182
CCAGTGAAATCACAGGGGAA_015,0
CCAGTGAAATCACAGGGGAA_016,129
CCAGTGAAATCACAGGGGAA_017,13
CGGCAGCTTCGGAAACGCCG_001,88
CGGCAGCTTCGGAAACGCCG_002,176
CGGCAGCTTCGGAAACGCCG_003,5
CGGCAGCTTCGGAAACGCCG_004,21
CGGCAGCTTCGGAAACGCCG_005,147
CGGCAGCTTCGGAAACGCCG_006,188
CGGCAGCTTCGGAAACGCCG_007,169
CGGCAGCTTCGGAAACGCCG_008,5
CGGCAGCTTCGGAAACGCCG_009,169
CGGCAGCTTCGGAAACGCCG_010,72
CGGCAGCTTCGGAAACGCCG_011,2
CGGCAGCTTCGGAAACGCCG_012,170
CGGCAGCTTCGGAAACGCCG_013,144
CGGCAGCTTCGGAAACGCCG_014,151
CGGCAGCTTCGGAAACGCCG_015,20
CGGCAGCTTCGGAAACGCCG_016,101
CGGCAGCTTCGGAAACGCCG_017,194
CGGCAGCTTCGGAAACGCCG_018,175
CGGCAGCTTCGGAAACGCCG_019,141
CGGCAGCTTCGGAAACGCCG_020,43
CGGCAGCTTCGGAAACGCCG_021,123
CGGCAGCTTCGGAAACGCCG_022,88
CGGCAGCTTCGGAAACGCCG_023,150
CAGAAGCCACGGTCATACCA_001,157
CAGAAGCCACGGTCATACCA_002,114
CAGAAGCCACGGTCATACCA_003,10
CAGAAGCCACGGTCATACCA_004,12
CAGAAGCCACGGTCATACCA_005,48
CAGAAGCCACGGTCATACCA_006,45
CAGAAGCCACGGTCATACCA_007,170
CAGAAGCCACGGTCATACCA_008,54
CAGAAGCCACGGTCATACCA_009,7
CAGAAGCCACGGTCATACCA_010,157
CAGAAGCCACGGTCATACCA_011,98
CAGAAGCCACGGTCATACCA_012,107
CAGAAGCCACGGTCATACCA_013,174
CAGAAGCCACGGTCATACCA_014,116
CAGAAGCCACGGTCATACCA_015,190
CAGAAGCCACGGTCATACCA_016,82
CAGAAGCCACGGTCATACCA_017,149
CAGAAGCCACGGTCATACCA_018,162
CAGAAGCCACGGTCATACCA_019,141
CAGAAGCCACGGTCATACCA_020,110
CAGAAGCCACGGTCATACCA_021,191
CAGAAGCCACGGTCATACCA_022,16
CAGAAGCCACGGTCATACCA_023,190
CAGAAGCCACGGTCATACCA_024,10
CAAATGCTTGGAAGGAAAGA_001,8
CAAATGCTTGGAAGGAAAGA_002,176
GAAGCTTTCAGTGAACACTC_001,171
GAAGCTTTCAGTGAACACTC_002,14
GAAGCTTTCAGTGAACACTC_003,52
GAAGCTTTCAGTGAACACTC_004,115
GAAGCTTTCAGTGAACACTC_005,158
GAAGCTTTCAGTGAACACTC_006,22
GAAGCTTTCAGTGAACACTC_007,168
CCGCCAATTAGCACACGTGG_001,81
CCGCCAATTAGCACACGTGG_002,164
CCGCCAATTAGCACACGTGG_003,141
CCGCCAATTAGCACACGTGG_004,158
CCGCCAATTAGCACACGTGG_005,120
CCGCCAATTAGCACACGTGG_006,149
TTTGCTCACTAGGAAGAATG_001,73
TTTGCTCACTAGGAAGAATG_002,97
TTTGCTCACTAGGAAGAATG_003,49
TTTGCTCACTAGGAAGAATG_004,17
TTTGCTCACTAGGAAGAATG_005,1
TTTGCTCACTAGGAAGAATG_006,199
AGACTCCAAGTACTTTACAT_001,92
AGACTCCAAGTACTTTACAT_002,17
AGACTCCAAGTACTTTACAT_003,151
AGACTCCAAGTACTTTACAT_004,56
AGACTCCAAGTACTTTACAT_005,84
AGACTCCAAGTACTTTACAT_006,41
AGACTCCAAGTACTTTACAT_007,174
AGACTCCAAGTACTTTACAT_008,142
AGACTCCAAGTACTTTACAT_009,161
AGACTCCAAGTACTTTACAT_010,157
CCGCTGCCAGGATTCCGGCT_001,83
CCGCTGCCAGGATTCCGGCT_002,70
CCGCTGCCAGGATTCCGGCT_003,77
CCGCTGCCAGGATTCCGGCT_004,62
CCGCTGCCAGGATTCCGGCT_005,58
CCGCTGCCAGGATTCCGGCT_006,170
CCGCTGCCAGGATTCCGGCT_007,70
CCGCTGCCAGGATTCCGGCT_008,92
CCGCTGCCAGGATTCCGGCT_009,92
CCGCTGCCAGGATTCCGGCT_010,69
CCGCTGCCAGGATTCCGGCT_011,170
CCGCTGCCAGGATTCCGGCT_012,105
CCGCTGCCAGGATTCCGGCT_013,48
CCGCTGCCAGGATTCCGGCT_014,48
CCGCTGCCAGGATTCCGGCT_015,107
CCGCTGCCAGGATTCCGGCT_016,88
CCGCTGCCAGGATTCCGGCT_017,31
CCGCTGCCAGGATTCCGGCT_018,141
CCGCTGCCAGGATTCCGGCT_019,170
CTTGACGATTAGGCACACAC_001,43
CTTGACGATTAGGCACACAC_002,172
CTTGACGATTAGGCACACAC_003,125
CTTGACGATTAGGCACACAC_004,191
CTTGACGATTAGGCACACAC_005,147
CTTGACGATTAGGCACACAC_006,137
CTTGACGATTAGGCACACAC_007,169
CTTGACGATTAGGCACACAC_008,43
CTTGACGATTAGGCACACAC_009,9
CTTGACGATTAGGCACACAC_010,77
CTTGACGATTAGGCACACAC_011,118
CTTGACGATTAGGCACACAC_012,138
CTTGACGATTAGGCACACAC_013,7
CTTGACGATTAGGCACACAC_014,127
GCTTACGCCAACGGGCGCGG_001,122
GCTTACGCCAACGGGCGCGG_002,177
GCTTACGCCAACGGGCGCGG_003,1
GCTTACGCCAACGGGCGCGG_004,93
GCTTACGCCAACGGGCGCGG_005,105
GCTTACGCCAACGGGCGCGG_006,94
GCTTACGCCAACGGGCGCGG_007,111
GCTTACGCCAACGGGCGCGG_008,94
GCTTACGCCAACGGGCGCGG_009,168
CTGACGCTAGAGGACATCTG_001,158
CTGACGCTAGAGGACATCTG_002,144
CTGACGCTAGAGGACATCTG_003,101
CTGACGCTAGAGGACATCTG_004,185
CTGACGCTAGAGGACATCTG_005,145
CTGACGCTAGAGGACATCTG_006,48
CTGACGCTAGAGGACATCTG_007,39
CTGACGCTAGAGGACATCTG_008,40
CTGACGCTAGAGGACATCTG_009,63
CTGACGCTAGAGGACATCTG_010,174
GGAGTCAGAGAACGTCAACG_001,147
GGAGTCAGAGAACGTCAACG_002,50
GGAGTCAGAGAACGTCAACG_003,78
GGAGTCAGAGAACGTCAACG_004,42
GGAGTCAGAGAACGTCAACG_005,33
GTAACCGGTCCAGAACTGGT_001,61
GTAACCGGTCCAGAACTGGT_002,185
GTAACCGGTCCAGAACTGGT_003,116
GTAACCGGTCCAGAACTGGT_004,156
GTAACCGGTCCAGAACTGGT_005,146
GTAACCGGTCCAGAACTGGT_006,68
GTAACCGGTCCAGAACTGGT_007,28
TTTCGATGATTCATTCAGTG_001,29
TTTCGATGATTCATTCAGTG_002,27
TTTCGATGATTCATTCAGTG_003,9
TTTCGATGATTCATTCAGTG_004,191
GGACACGGCGGTGCTTAGGT_001,63
GGACACGGCGGTGCTTAGGT_002,168
GGACACGGCGGTGCTTAGGT_003,87
GGACACGGCGGTGCTTAGGT_004,135
GGACACGGCGGTGCTTAGGT_005,149
GGACACGGCGGTGCTTAGGT_006,129
GGACACGGCGGTGCTTAGGT_007,48
GGAGCTCCCAGATCATAATG_001,19
GGTACCTGAACAACGGCACC_001,185
GGTACCTGAACAACGGCACC_002,62
GGTACCTGAACAACGGCACC_003,37
GGTACCTGAACAACGGCACC_004,147
GGTACCTGAACAACGGCACC_005,198
GGTACCTGAACAACGGCACC_006,65
GGTACCTGAACAACGGCACC_007,40
GGTACCTGAACAACGGCACC_008,15
GGTACCTGAACAACGGCACC_009,38
GGTACCTGAACAACGGCACC_010,84
GGTACCTGAACAACGGCACC_011,187
GGTACCTGAACAACGGCACC_012,114
GGTACCTGAACAACGGCACC_013,115
GGTACCTGAACAACGGCACC_014,117
GGTACCTGAACAACGGCACC_015,78
GGTACCTGAACAACGGCACC_016,142
GGTACCTGAACAACGGCACC_017,99
GGTACCTGAACAACGGCACC_018,37
GGTACCTGAACAACGGCACC_019,77
GGTACCTGAACAACGGCACC_020,50
GGTACCTGAACAACGGCACC_021,36
TAATAATTCGAAGACTAAGC_001,70
TAATAATTCGAAGACTAAGC_002,15
TAATAATTCGAAGACTAAGC_003,120
TAATAATTCGAAGACTAAGC_004,153
TGGGCGAGCTAGTCTCAACA_001,70
GATGCTCACCCATGGGAACG_001,47
GATGCTCACCCATGGGAACG_002,182
GATGCTCACCCATGGGAACG_003,11
GATGCTCACCCATGGGAACG_004,109
GATGCTCACCCATGGGAACG_005,109
GATGCTCACCCATGGGAACG_006,116
GATGCTCACCCATGGGAACG_007,77
GATGCTCACCCATGGGAACG_008,141
GATGCTCACCCATGGGAACG_009,41
GATGCTCACCCATGGGAACG_010,22
GATGCTCACCCATGGGAACG_011,90
GATGCTCACCCATGGGAACG_012,157
GATGCTCACCCATGGGAACG_013,99
GATGCTCACCCATGGGAACG_014,101
GATGCTCACCCATGGGAACG_015,59
GATGCTCACCCATGGGAACG_016,40
GATGCTCACCCATGGGAACG_017,166
GATGCTCACCCATGGGAACG_018,174
GATGCTCACCCATGGGAACG_019,17
GATGCTCACCCATGGGAACG_020,154
ACAGCTCCATCAGAGTACTC_001,198
ACAGCTCCATCAGAGTACTC_002,160
ACAGCTCCATCAGAGTACTC_003,25
ACAGCTCCATCAGAGTACTC_004,28
ACAGCTCCATCAGAGTACTC_005,169
CCTGGTGCCTGAGCTCGATG_001,113
CCTGGTGCCTGAGCTCGATG_002,113
CCTGGTGCCTGAGCTCGATG_003,149
CCTGGTGCCTGAGCTCGATG_004,102
CCTGGTGCCTGAGCTCGATG_005,11
CCTGGTGCCTGAGCTCGATG_006,69
GCATTGATACGCGCATTCGG_001,177
GCATTGATACGCGCATTCGG_002,10
GCATTGATACGCGCATTCGG_003,175
GCATTGATACGCGCATTCGG_004,0
GCATTGATACGCGCATTCGG_005,158
GCATTGATACGCGCATTCGG_006,67
GCATTGATACGCGCATTCGG_007,69
GCATTGATACGCGCATTCGG_008,11
GCATTGATACGCGCATTCGG_009,60
GCATTGATACGCGCATTCGG_010,197
GCATTGATACGCGCATTCGG_011,48
GGAGGCTGAGGGCTCCCATG_001,129
GGAGGCTGAGGGCTCCCATG_002,108
GGAGGCTGAGGGCTCCCATG_003,11
GGAGGCTGAGGGCTCCCATG_004,116
GGAGGCTGAGGGCTCCCATG_005,35
GGAGGCTGAGGGCTCCCATG_006,18
GGAGGCTGAGGGCTCCCATG_007,140
GGAGGCTGAGGGCTCCCATG_008,41
GGAGGCTGAGGGCTCCCATG_009,107
GGAGGCTGAGGGCTCCCATG_010,8
GGAGGCTGAGGGCTCCCATG_011,137
GGAGGCTGAGGGCTCCCATG_012,177
GGAGGCTGAGGGCTCCCATG_013,17
GGAGGCTGAGGGCTCCCATG_014,144
CAGCAGGACGATCAGCAGCG_001,31
GACCACACGCTGCGCTAGTG_001,147
GACCACACGCTGCGCTAGTG_002,45
GACCACACGCTGCGCTAGTG_003,58
GACCACACGCTGCGCTAGTG_004,160
GACCACACGCTGCGCTAGTG_005,98
GACCACACGCTGCGCTAGTG_006,35
GACCACACGCTGCGCTAGTG_007,109
GACCACACGCTGCGCTAGTG_008,135
GACCACACGCTGCGCTAGTG_009,147
GACCACACGCTGCGCTAGTG_010,147
GACCACACGCTGCGCTAGTG_011,1
GACCACACGCTGCGCTAGTG_012,70
GACCACACGCTGCGCTAGTG_013,70
GACCACACGCTGCGCTAGTG_014,162
GACCACACGCTGCGCTAGTG_015,145
GACCACACGCTGCGCTAGTG_016,158
GACCACACGCTGCGCTAGTG_017,61
GGACTCTACAGATTAAACCA_001,186
GGACTCTACAGATTAAACCA_002,95
GCCCGAAGCAGACCGAGTGT_001,119
GCCCGAAGCAGACCGAGTGT_002,146
GCCCGAAGCAGACCGAGTGT_003,0
GCCCGAAGCAGACCGAGTGT_004,149
GCCCGAAGCAGACCGAGTGT_005,89
GCCCGAAGCAGACCGAGTGT_006,37
GCCCGAAGCAGACCGAGTGT_007,58
GCCCGAAGCAGACCGAGTGT_008,13
TCAAAAAGCATGGGCCCCGG_001,63
TCAAAAAGCATGGGCCCCGG_002,140
TCAAAAAGCATGGGCCCCGG_003,14
TCAAAAAGCATGGGCCCCGG_004,107
TCAAAAAGCATGGGCCCCGG_005,108
TCAAAAAGCATGGGCCCCGG_006,114
TCAAAAAGCATGGGCCCCGG_007,114
TCAAAAAGCATGGGCCCCGG_008,35
TCAAAAAGCATGGGCCCCGG_009,55
TCAAAAAGCATGGGCCCCGG_010,40
TCAAAAAGCATGGGCCCCGG_011,60
TCAAAAAGCATGGGCCCCGG_012,59
TCAAAAAGCATGGGCCCCGG_013,88
TCAAAAAGCATGGGCCCCGG_014,105
TCAAAAAGCATGGGCCCCGG_015,81
TCAAAAAGCATGGGCCCCGG_016,44
TCAAAAAGCATGGGCCCCGG_017,67
TCAAAAAGCATGGGCCCCGG_018,175
TCAAAAAGCATGGGCCCCGG_019,179
ATTACAAGATGAATCACTGG_001,172
ATTACAAGATGAATCACTGG_002,119
ATTACAAGATGAATCACTGG_003,101
ATTACAAGATGAATCACTGG_004,36
ATTACAAGATGAATCACTGG_005,114
ATTACAAGATGAATCACTGG_006,181
ATTACAAGATGAATCACTGG_007,124
ATTACAAGATGAATCACTGG_008,49
TCCGAGTAATCATCCCACTC_001,34
TCCGAGTAATCATCCCACTC_002,51
TCCGAGTAATCATCCCACTC_003,102
TCCGAGTAATCATCCCACTC_004,185
TCCGAGTAATCATCCCACTC_005,29
TCCGAGTAATCATCCCACTC_006,41
TCCGAGTAATCATCCCACTC_007,136
TCCGAGTAATCATCCCACTC_008,157
TCCGAGTAATCATCCCACTC_009,124
TCCGAGTAATCATCCCACTC_010,156
TCCGAGTAATCATCCCACTC_011,157
CAACGTGGAACTCTCCACCA_001,76
CAACGTGGAACTCTCCACCA_002,62
CAACGTGGAACTCTCCACCA_003,129
CAACGTGGAACTCTCCACCA_004,107
CAACGTGGAACTCTCCACCA_005,132
GGATGGGTGTGATGCATGAA_001,183
GGATGGGTGTGATGCATGAA_002,125
GGATGGGTGTGATGCATGAA_003,6
GGATGGGTGTGATGCATGAA_004,183
GGATGGGTGTGATGCATGAA_005,158
GGATGGGTGTGATGCATGAA_006,106
GGATGGGTGTGATGCATGAA_007,130
GGATGGGTGTGATGCATGAA_008,187
GGATGGGTGTGATGCATGAA_009,29
GGATGGGTGTGATGCATGAA_010,64
GGATGGGTGTGATGCATGAA_011,150
GGATGGGTGTGATGCATGAA_012,99
GGATGGGTGTGATGCATGAA_013,14
GGATGGGTGTGATGCATGAA_014,56
GGATGGGTGTGATGCATGAA_015,117
GGATGGGTGTGATGCATGAA_016,162
GGATGGGTGTGATGCATGAA_017,49
GGATGGGTGTGATGCATGAA_018,107
GGATGGGTGTGATGCATGAA_019,9
GGATGGGTGTGATGCATGAA_020,31
GGATGGGTGTGATGCATGAA_021,182
GGATGGGTGTGATGCATGAA_022,116
GGATGGGTGTGATGCATGAA_023,147
GGATGGGTGTGATGCATGAA_024,169
GGATGGGTGTGATGCATGAA_025,19
GGATGGGTGTGATGCATGAA_026,186
GGATGGGTGTGATGCATGAA_027,152
GGATGGGTGTGATGCATGAA_028,63
GGATGGGTGTGATGCATGAA_029,185
GGATGGGTGTGATGCATGAA_030,2
CCTTTACTGTTGACTCCGGT_001,24
CCTTTACTGTTGACTCCGGT_002,60
CCTTTACTGTTGACTCCGGT_003,69
CCTTTACTGTTGACTCCGGT_004,13
CCTTTACTGTTGACTCCGGT_005,0
CCTTTACTGTTGACTCCGGT_006,82
CCTTTACTGTTGACTCCGGT_007,168
CCTTTACTGTTGACTCCGGT_008,40
CCTTTACTGTTGACTCCGGT_009,124
TGAGGAAGAGGATCCTGCGG_001,38
TGAGGAAGAGGATCCTGCGG_002,72
CATCCGCCTCCTCATGCGGA_001,65
CATCCGCCTCCTCATGCGGA_002,181
CATCCGCCTCCTCATGCGGA_003,8
CATCCGCCTCCTCATGCGGA_004,56
CATCCGCCTCCTCATGCGGA_005,70
CATCCGCCTCCTCATGCGGA_006,44
CATCCGCCTCCTCATGCGGA_007,88
TGATTAAGTACCTCACACTG_001,90
TGATTAAGTACCTCACACTG_002,93
TGATTAAGTACCTCACACTG_003,156
TGATTAAGTACCTCACACTG_004,40
TGATTAAGTACCTCACACTG_005,144
TGTGACTGCAGATAGAGCAG_001,183
TGTGACTGCAGATAGAGCAG_002,73
TGTGACTGCAGATAGAGCAG_003,105
TGTGACTGCAGATAGAGCAG_004,41
TGTGACTGCAGATAGAGCAG_005,125
TGTAGTCATCGTTAGCACAG_001,189
TGTAGTCATCGTTAGCACAG_002,43
TGTAGTCATCGTTAGCACAG_003,0
TGTAGTCATCGTTAGCACAG_004,28
TGTAGTCATCGTTAGCACAG_005,168
TGTAGTCATCGTTAGCACAG_006,13
TGTAGTCATCGTTAGCACAG_007,162
ACGCGCACAGACATTTGTCA_001,84
ACGCGCACAGACATTTGTCA_002,145
ACGCGCACAGACATTTGTCA_003,75
ACGCGCACAGACATTTGTCA_004,34
ACGCGCACAGACATTTGTCA_005,1
ACGCGCACAGACATTTGTCA_006,156
ACGCGCACAGACATTTGTCA_007,115
ACGCGCACAGACATTTGTCA_008,19
ACGCGCACAGACATTTGTCA_009,178
ACGCGCACAGACATTTGTCA_010,14
ACGCGCACAGACATTTGTCA_011,178
ACGCGCACAGACATTTGTCA_012,63
ACGCGCACAGACATTTGTCA_013,168
ACGCGCACAGACATTTGTCA_014,148
ACGCGCACAGACATTTGTCA_015,56
ACGCGCACAGACATTTGTCA_016,142
ACGCGCACAGACATTTGTCA_017,180
GGCTGGGGCTATACGCGGGA_001,49
GGCTGGGGCTATACGCGGGA_002,88
GGCTGGGGCTATACGCGGGA_003,174
GCCCGCCAGACTCGTCGCAG_001,42
GCCCGCCAGACTCGTCGCAG_002,106
GCCCGCCAGACTCGTCGCAG_003,77
GCCCGCCAGACTCGTCGCAG_004,6
GCCCGCCAGACTCGTCGCAG_005,36
GCCCGCCAGACTCGTCGCAG_006,29
GCCCGCCAGACTCGTCGCAG_007,170
GCCCGCCAGACTCGTCGCAG_008,105
GCCCGCCAGACTCGTCGCAG_009,170
GCCCGCCAGACTCGTCGCAG_010,60
GCCCGCCAGACTCGTCGCAG_011,27
GCCCGCCAGACTCGTCGCAG_012,36
GCCCGCCAGACTCGTCGCAG_013,48
GCCCGCCAGACTCGTCGCAG_014,65
GCCCGCCAGACTCGTCGCAG_015,61
GCCCGCCAGACTCGTCGCAG_016,147
GCCCGCCAGACTCGTCGCAG_017,175
GCCCGCCAGACTCGTCGCAG_018,54
GCCCGCCAGACTCGTCGCAG_019,188
GCCCGCCAGACTCGTCGCAG_020,68
GCCCGCCAGACTCGTCGCAG_021,108
GCCCGCCAGACTCGTCGCAG_022,140
GCCCGCCAGACTCGTCGCAG_023,9
GCCCGCCAGACTCGTCGCAG_024,4
GCCCGCCAGACTCGTCGCAG_025,162
GCCCGCCAGACTCGTCGCAG_026,152
GCCCGCCAGACTCGTCGCAG_027,147
GCCCGCCAGACTCGTCGCAG_028,50
GCCCGCCAGACTCGTCGCAG_029,16
GCCCGCCAGACTCGTCGCAG_030,49
GCCCGCCAGACTCGTCGCAG_031,119
GCCCGCCAGACTCGTCGCAG_032,89
GCCCGCCAGACTCGTCGCAG_033,137
GCCCGCCAGACTCGTCGCAG_034,58
GCCCGCCAGACTCGTCGCAG_035,180
GCCCGCCAGACTCGTCGCAG_036,166
GCCCGCCAGACTCGTCGCAG_037,17
GCCCGCCAGACTCGTCGCAG_038,18
GCCCGCCAGACTCGTCGCAG_039,41
GCCCGCCAGACTCGTCGCAG_040,27
GCCCGCCAGACTCGTCGCAG_041,169
GCCCGCCAGACTCGTCGCAG_042,48
TTCTATGGGATGATTGCAGA_001,159
TTCTATGGGATGATTGCAGA_002,12
TTCTATGGGATGATTGCAGA_003,119
TTCTATGGGATGATTGCAGA_004,47
AATACATTTACCTTAGGCAG_001,69
AATACATTTACCTTAGGCAG_002,163
AATACATTTACCTTAGGCAG_003,71
AATACATTTACCTTAGGCAG_004,33
AATACATTTACCTTAGGCAG_005,106
AATACATTTACCTTAGGCAG_006,2
AATACATTTACCTTAGGCAG_007,178
AATACATTTACCTTAGGCAG_008,2
AATACATTTACCTTAGGCAG_009,146
AATACATTTACCTTAGGCAG_010,29
AATACATTTACCTTAGGCAG_011,78
AGTCACAGAGTGCCTCCACG_001,73
AGTCACAGAGTGCCTCCACG_002,88
AGTCACAGAGTGCCTCCACG_003,169
AGTCACAGAGTGCCTCCACG_004,144
AGTCACAGAGTGCCTCCACG_005,94
AGTCACAGAGTGCCTCCACG_006,48
AGTCACAGAGTGCCTCCACG_007,138
AGTCACAGAGTGCCTCCACG_008,118
AGTCACAGAGTGCCTCCACG_009,96
AGTCACAGAGTGCCTCCACG_010,15
AGTCACAGAGTGCCTCCACG_011,190
AGTCACAGAGTGCCTCCACG_012,3
AGTCACAGAGTGCCTCCACG_013,45
AGTCACAGAGTGCCTCCACG_014,140
AGTCACAGAGTGCCTCCACG_015,16
AGTCACAGAGTGCCTCCACG_016,62
AGTCACAGAGTGCCTCCACG_017,155
AGTCACAGAGTGCCTCCACG_018,37
AGTCACAGAGTGCCTCCACG_019,107
AGATCATTAGGGTTCCTGCT_001,169
AGATCATTAGGGTTCCTGCT_002,34
AGATCATTAGGGTTCCTGCT_003,174
AGATCATTAGGGTTCCTGCT_004,78
AGATCATTAGGGTTCCTGCT_005,112
AGATCATTAGGGTTCCTGCT_006,134
AGATCATTAGGGTTCCTGCT_007,189
AGATCATTAGGGTTCCTGCT_008,38
AGATCATTAGGGTTCCTGCT_009,107
AGATCATTAGGGTTCCTGCT_010,54
AGATCATTAGGGTTCCTGCT_011,162
AGATCATTAGGGTTCCTGCT_012,177
AGATCATTAGGGTTCCTGCT_013,23
AGATCATTAGGGTTCCTGCT_014,32
AGATCATTAGGGTTCCTGCT_015,48
AGATCATTAGGGTTCCTGCT_016,34
AGATCATTAGGGTTCCTGCT_017,17
AGATCATTAGGGTTCCTGCT_018,77
AGATCATTAGGGTTCCTGCT_019,49
AGATCATTAGGGTTCCTGCT_020,77
AGATCATTAGGGTTCCTGCT_021,151
AGACTTTGTCCATAAGACGA_001,34
AGACTTTGTCCATAAGACGA_002,35
AGACTTTGTCCATAAGACGA_003,44
AGACTTTGTCCATAAGACGA_004,145
AGACTTTGTCCATAAGACGA_005,93
AGACTTTGTCCATAAGACGA_006,75
AGACTTTGTCCATAAGACGA_007,149
AGACTTTGTCCATAAGACGA_008,125
AGACTTTGTCCATAAGACGA_009,88
AGACTTTGTCCATAAGACGA_010,14
AGACTTTGTCCATAAGACGA_011,28
AGACTTTGTCCATAAGACGA_012,169
AGACTTTGTCCATAAGACGA_013,9
AGACTTTGTCCATAAGACGA_014,124
AGACTTTGTCCATAAGACGA_015,187
CTGCACGCGCATTGTGTGCG_001,42
CTGCACGCGCATTGTGTGCG_002,28
CTGCACGCGCATTGTGTGCG_003,21
CTGCACGCGCATTGTGTGCG_004,130
CTGCACGCGCATTGTGTGCG_005,15
CTGCACGCGCATTGTGTGCG_006,69
CTGCACGCGCATTGTGTGCG_007,137
CTGCACGCGCATTGTGTGCG_008,107
CTGCACGCGCATTGTGTGCG_009,185
CTGCACGCGCATTGTGTGCG_010,63
CTGCACGCGCATTGTGTGCG_011,101
CTGCACGCGCATTGTGTGCG_012,62
CAGTACCTCCTCAATCTATG_001,88
CAGTACCTCCTCAATCTATG_002,16
CAGTACCTCCTCAATCTATG_003,128
CAGTACCTCCTCAATCTATG_004,109
CAGTACCTCCTCAATCTATG_005,192
CAGTACCTCCTCAATCTATG_006,185
CAGTACCTCCTCAATCTATG_007,141
CAGTACCTCCTCAATCTATG_008,28
CAGTACCTCCTCAATCTATG_009,190
CAGTACCTCCTCAATCTATG_010,191
CAGTACCTCCTCAATCTATG_011,17
CAGTACCTCCTCAATCTATG_012,146
TCCCATTTCAGCCACTACAG_001,112
TCCCATTTCAGCCACTACAG_002,33
TCCCATTTCAGCCACTACAG_003,156
TCCAGACATTAGCCTGACAC_001,1
TCCAGACATTAGCCTGACAC_002,168
TCCAGACATTAGCCTGACAC_003,8
TCCAGACATTAGCCTGACAC_004,58
TCCAGACATTAGCCTGACAC_005,94
TCCAGACATTAGCCTGACAC_006,68
TCCAGACATTAGCCTGACAC_007,129
TCGGCAATGTGTTGTTGACA_001,189
TCGGCAATGTGTTGTTGACA_002,76
TCGGCAATGTGTTGTTGACA_003,149
AGTTCCCCTCTACTGAACAA_001,58
AGTTCCCCTCTACTGAACAA_002,60
AGTTCCCCTCTACTGAACAA_003,92
AGTTCCCCTCTACTGAACAA_004,175
AGTTCCCCTCTACTGAACAA_005,108
AGTTCCCCTCTACTGAACAA_006,6
AGTTCCCCTCTACTGAACAA_007,190
AGTTCCCCTCTACTGAACAA_008,142
AGTTCCCCTCTACTGAACAA_009,185
AGTTCCCCTCTACTGAACAA_010,102
AGTTCCCCTCTACTGAACAA_011,62
GAAGCGGAACATCCCCAACG_001,130
GAAGCGGAACATCCCCAACG_002,188
GAAGCGGAACATCCCCAACG_003,169
GAAGCGGAACATCCCCAACG_004,78
GAAGCGGAACATCCCCAACG_005,62
GAAGCGGAACATCCCCAACG_006,160
GAAGCGGAACATCCCCAACG_007,16
GAAGCGGAACATCCCCAACG_008,47
GAAGCGGAACATCCCCAACG_009,19
GAAGCGGAACATCCCCAACG_010,14
GAAGCGGAACATCCCCAACG_011,76
GAAGCGGAACATCCCCAACG_012,33
GAAGCGGAACATCCCCAACG_013,117
GAAGCGGAACATCCCCAACG_014,108
GAAGCGGAACATCCCCAACG_015,132
GAAGCGGAACATCCCCAACG_016,120
GAAGCGGAACATCCCCAACG_017,197
TAACCAGCTCGAAAAAGCAG_001,166
TAACCAGCTCGAAAAAGCAG_002,39
TGCCATCAACAAGTACGATG_001,104
TGCCATCAACAAGTACGATG_002,56
TGCCATCAACAAGTACGATG_003,12
TGCCATCAACAAGTACGATG_004,30
TGCCATCAACAAGTACGATG_005,188
TGCCATCAACAAGTACGATG_006,102
TGCCATCAACAAGTACGATG_007,165
TGCCATCAACAAGTACGATG_008,46
TGCCATCAACAAGTACGATG_009,13
CTTGTGTGAGCGGATCCGGA_001,33
CTTGTGTGAGCGGATCCGGA_002,193
CTTGTGTGAGCGGATCCGGA_003,149
CTTGTGTGAGCGGATCCGGA_004,149
CTTGTGTGAGCGGATCCGGA_005,48
CTTGTGTGAGCGGATCCGGA_006,118
CTTGTGTGAGCGGATCCGGA_007,130
CTTGTGTGAGCGGATCCGGA_008,144
CTTGTGTGAGCGGATCCGGA_009,79
CTTGTGTGAGCGGATCCGGA_010,63
CTTGTGTGAGCGGATCCGGA_011,36
CTTGTGTGAGCGGATCCGGA_012,107
CTTGTGTGAGCGGATCCGGA_013,147
CTTGTGTGAGCGGATCCGGA_014,139
CTTGTGTGAGCGGATCCGGA_015,137
CTTGTGTGAGCGGATCCGGA_016,177
CTTGTGTGAGCGGATCCGGA_017,176
CTTGTGTGAGCGGATCCGGA_018,198
CTTGTGTGAGCGGATCCGGA_019,144
TGGGCCAAGAATTGAAGGCG_001,188
TGGGCCAAGAATTGAAGGCG_002,2
TGGGCCAAGAATTGAAGGCG_003,192
TGGGCCAAGAATTGAAGGCG_004,82
TGGGCCAAGAATTGAAGGCG_005,97
TGGGCCAAGAATTGAAGGCG_006,116
TGGGCCAAGAATTGAAGGCG_007,152
TGGGCCAAGAATTGAAGGCG_008,104
TTTAAATCCATGATCACTGC_001,12
TTTAAATCCATGATCACTGC_002,145
TGTCCATGGATGTTCCACCG_001,198
TGTCCATGGATGTTCCACCG_002,141
TGTCCATGGATGTTCCACCG_003,29
TGTCCATGGATGTTCCACCG_004,182
TGTCCATGGATGTTCCACCG_005,45
TGTCCATGGATGTTCCACCG_006,144
TGTCCATGGATGTTCCACCG_007,60
TGTCCATGGATGTTCCACCG_008,89
TGTCCATGGATGTTCCACCG_009,182
TGTCCATGGATGTTCCACCG_010,113
TGTCCATGGATGTTCCACCG_011,184
TGTCCATGGATGTTCCACCG_012,112
TGTCCATGGATGTTCCACCG_013,68
TGTCCATGGATGTTCCACCG_014,147
TGTCCATGGATGTTCCACCG_015,39
ATGGCCAAACTACTATGCAC_001,175
ATGGCCAAACTACTATGCAC_002,72
ATGGCCAAACTACTATGCAC_003,115
ATGGCCAAACTACTATGCAC_004,52
GGCAGTTGTCGGTGAAATCG_001,183
GGCAGTTGTCGGTGAAATCG_002,129
GGCAGTTGTCGGTGAAATCG_003,94
GGCAGTTGTCGGTGAAATCG_004,126
GGCAGTTGTCGGTGAAATCG_005,176
GGCAGTTGTCGGTGAAATCG_006,136
GGCAGTTGTCGGTGAAATCG_007,17
GGCAGTTGTCGGTGAAATCG_008,94
GGCAGTTGTCGGTGAAATCG_009,12
GGCAGTTGTCGGTGAAATCG_010,197
GGCAGTTGTCGGTGAAATCG_011,88
GGCAGTTGTCGGTGAAATCG_012,185
GGCAGTTGTCGGTGAAATCG_013,173
GGCAGTTGTCGGTGAAATCG_014,173
GGCAGTTGTCGGTGAAATCG_015,173
GGCAGTTGTCGGTGAAATCG_016,38
GGCAGTTGTCGGTGAAATCG_017,38
GGCAGTTGTCGGTGAAATCG_018,12
GGCAGTTGTCGGTGAAATCG_019,126
GGCAGTTGTCGGTGAAATCG_020,26
GGCAGTTGTCGGTGAAATCG_021,174
GGCAGTTGTCGGTGAAATCG_022,121
GGCAGTTGTCGGTGAAATCG_023,68
GGCAGTTGTCGGTGAAATCG_024,2
GGCAGTTGTCGGTGAAATCG_025,79
GGCAGTTGTCGGTGAAATCG_026,88
GGCAGTTGTCGGTGAAATCG_027,34
GGCAGTTGTCGGTGAAATCG_028,157
GGCAGTTGTCGGTGAAATCG_029,69
GGCAGTTGTCGGTGAAATCG_030,64
CATTCCTGGAGAGATCTCGT_001,114
CATTCCTGGAGAGATCTCGT_002,114
CATTCCTGGAGAGATCTCGT_003,123
CATTCCTGGAGAGATCTCGT_004,146
CATTCCTGGAGAGATCTCGT_005,17
CATTCCTGGAGAGATCTCGT_006,184
CATTCCTGGAGAGATCTCGT_007,52
TTTCCGAGTTGTAATCCACA_001,138
TTTCCGAGTTGTAATCCACA_002,61
TGAATCGAATACAAACGATG_001,138
TGAATCGAATACAAACGATG_002,88
TGAATCGAATACAAACGATG_003,47
TGAATCGAATACAAACGATG_004,154
TGAATCGAATACAAACGATG_005,5
TGAATCGAATACAAACGATG_006,188
TGAATCGAATACAAACGATG_007,70
TGAATCGAATACAAACGATG_008,155
TGAATCGAATACAAACGATG_009,105
TGAATCGAATACAAACGATG_010,198
GAAGTGGCCTTCCGCGACTA_001,37
GAAGTGGCCTTCCGCGACTA_002,17
GAAGTGGCCTTCCGCGACTA_003,100
GAAGTGGCCTTCCGCGACTA_004,2
GAAGTGGCCTTCCGCGACTA_005,54
GAAGTGGCCTTCCGCGACTA_006,161
GAAGTGGCCTTCCGCGACTA_007,6
GAAGTGGCCTTCCGCGACTA_008,103
GAAGTGGCCTTCCGCGACTA_009,193
GAAGTGGCCTTCCGCGACTA_010,177
GAAGTGGCCTTCCGCGACTA_011,94
GAAGTGGCCTTCCGCGACTA_012,178
GAAGTGGCCTTCCGCGACTA_013,108
GAAGTGGCCTTCCGCGACTA_014,81
GAAGTGGCCTTCCGCGACTA_015,188
GAAGTGGCCTTCCGCGACTA_016,69
TGAGCATGAGAGCTTGAGTA_001,169
TGAGCATGAGAGCTTGAGTA_002,148
TGAGCATGAGAGCTTGAGTA_003,95
TGAGCATGAGAGCTTGAGTA_004,57
TGAGCATGAGAGCTTGAGTA_005,175
TGAGCATGAGAGCTTGAGTA_006,106
TGAGCATGAGAGCTTGAGTA_007,40
GAATCATGAGATATTACGAG_001,32
GAATCATGAGATATTACGAG_002,70
GAATCATGAGATATTACGAG_003,6
AGCGGCTTGGACGGGGTCGG_001,116
AGCGGCTTGGACGGGGTCGG_002,91
AGCGGCTTGGACGGGGTCGG_003,140
AGCGGCTTGGACGGGGTCGG_004,4
AGCGGCTTGGACGGGGTCGG_005,186
AGCGGCTTGGACGGGGTCGG_006,145
AGCGGCTTGGACGGGGTCGG_007,4
AGCGGCTTGGACGGGGTCGG_008,157
AGCGGCTTGGACGGGGTCGG_009,97
AGCGGCTTGGACGGGGTCGG_010,15
AGCGGCTTGGACGGGGTCGG_011,137
AGCGGCTTGGACGGGGTCGG_012,158
AGCGGCTTGGACGGGGTCGG_013,78
AGCGGCTTGGACGGGGTCGG_014,108
AGCGGCTTGGACGGGGTCGG_015,91
AGCGGCTTGGACGGGGTCGG_016,6
AGCGGCTTGGACGGGGTCGG_017,77
AGCGGCTTGGACGGGGTCGG_018,191
GGACCAACAAGACTAGTTCA_001,58
GGACCAACAAGACTAGTTCA_002,57
GGACCAACAAGACTAGTTCA_003,113
GGACCAACAAGACTAGTTCA_004,104
GGACCAACAAGACTAGTTCA_005,2
GGACCAACAAGACTAGTTCA_006,83
GGACCAACAAGACTAGTTCA_007,148
GGACCAACAAGACTAGTTCA_008,158
GGACCAACAAGACTAGTTCA_009,147
GGACCAACAAGACTAGTTCA_010,93
GGACCAACAAGACTAGTTCA_011,122
GGACCAACAAGACTAGTTCA_012,24
GGACCAACAAGACTAGTTCA_013,139
GGACCAACAAGACTAGTTCA_014,94
GGACCAACAAGACTAGTTCA_015,149
GGACCAACAAGACTAGTTCA_016,56
GGACCAACAAGACTAGTTCA_017,3
GGACCAACAAGACTAGTTCA_018,142
GGACCAACAAGACTAGTTCA_019,137
GGACCAACAAGACTAGTTCA_020,33
GGACCAACAAGACTAGTTCA_021,199
GGACCAACAAGACTAGTTCA_022,49
GGACCAACAAGACTAGTTCA_023,10
GGACCAACAAGACTAGTTCA_024,77
AACCTAGCCTTTAAGCAACC_001,138
AACCTAGCCTTTAAGCAACC_002,54
AACCTAGCCTTTAAGCAACC_003,176
AACCTAGCCTTTAAGCAACC_004,88
CGTGCACAAGCAGACCAGTG_001,152
CGTGCACAAGCAGACCAGTG_002,37
CGTGCACAAGCAGACCAGTG_003,170
CGTGCACAAGCAGACCAGTG_004,141
CGTGCACAAGCAGACCAGTG_005,70
CGTGCACAAGCAGACCAGTG_006,115
CGTGCACAAGCAGACCAGTG_007,181
CGTGCACAAGCAGACCAGTG_008,158
CGTGCACAAGCAGACCAGTG_009,162
CGTGCACAAGCAGACCAGTG_010,74
CGTGCACAAGCAGACCAGTG_011,147
CGTGCACAAGCAGACCAGTG_012,186
CGTGCACAAGCAGACCAGTG_013,24
CGTGCACAAGCAGACCAGTG_014,19
CGTGCACAAGCAGACCAGTG_015,119
CGTGCACAAGCAGACCAGTG_016,12
CGTGCACAAGCAGACCAGTG_017,151
CCCTCATCAAAATCCAGGAG_001,86
CCCTCATCAAAATCCAGGAG_002,86
CCCTCATCAAAATCCAGGAG_003,192
CCCTCATCAAAATCCAGGAG_004,120
CCCTCATCAAAATCCAGGAG_005,163
CCGGGCAGCTCACCATGGTG_001,171
CCGGGCAGCTCACCATGGTG_002,98
CCGGGCAGCTCACCATGGTG_003,171
CCGGGCAGCTCACCATGGTG_004,131
CCGGGCAGCTCACCATGGTG_005,13
CCGGGCAGCTCACCATGGTG_006,145
CCGGGCAGCTCACCATGGTG_007,120
CCGGGCAGCTCACCATGGTG_008,198
CCGGGCAGCTCACCATGGTG_009,65
CCGGGCAGCTCACCATGGTG_010,163
CCGGGCAGCTCACCATGGTG_011,128
CCGGGCAGCTCACCATGGTG_012,168
CCGGGCAGCTCACCATGGTG_013,125
CCGGGCAGCTCACCATGGTG_014,41
CCGGGCAGCTCACCATGGTG_015,66
GACTCAAGGCTACTGCGCAG_001,116
GACTCAAGGCTACTGCGCAG_002,64
GACTCAAGGCTACTGCGCAG_003,94
GACTCAAGGCTACTGCGCAG_004,57
GACTCAAGGCTACTGCGCAG_005,32
GACTCAAGGCTACTGCGCAG_006,103
GACTCAAGGCTACTGCGCAG_007,23
GACTCAAGGCTACTGCGCAG_008,49
GACTCAAGGCTACTGCGCAG_009,34
GAGGAACAGCGCGACCCCCG_001,10
GAGGAACAGCGCGACCCCCG_002,88
GAGGAACAGCGCGACCCCCG_003,103
GAGGAACAGCGCGACCCCCG_004,32
GAGGAACAGCGCGACCCCCG_005,28
GAGGAACAGCGCGACCCCCG_006,129
GAGGAACAGCGCGACCCCCG_007,56
GAGGAACAGCGCGACCCCCG_008,121
GAGGAACAGCGCGACCCCCG_009,162
GAGGAACAGCGCGACCCCCG_010,135
GAGGAACAGCGCGACCCCCG_011,115
GAGGAACAGCGCGACCCCCG_012,18
GAGGAACAGCGCGACCCCCG_013,52
GAGGAACAGCGCGACCCCCG_014,130
GAGGAACAGCGCGACCCCCG_015,1
GAGGAACAGCGCGACCCCCG_016,181
GAGGAACAGCGCGACCCCCG_017,177
GAGGAACAGCGCGACCCCCG_018,1
GAGGAACAGCGCGACCCCCG_019,145
GAGGAACAGCGCGACCCCCG_020,191
GAGGAACAGCGCGACCCCCG_021,94
GAGGAACAGCGCGACCCCCG_022,162
ATGACAGCAACAGTTACTGG_001,63
ATGACAGCAACAGTTACTGG_002,33
ATGACAGCAACAGTTACTGG_003,13
ATGACAGCAACAGTTACTGG_004,155
GGGGTATCTTCCTATTGGCC_001,78
GGGGTATCTTCCTATTGGCC_002,15
TCCCTAGAGACACCTAGTAA_001,106
TCCCTAGAGACACCTAGTAA_002,8
TCCCTAGAGACACCTAGTAA_003,78
TCCCTAGAGACACCTAGTAA_004,58
TCCCTAGAGACACCTAGTAA_005,176
TCCCTAGAGACACCTAGTAA_006,82
TCCCTAGAGACACCTAGTAA_007,124
TCCCTAGAGACACCTAGTAA_008,19
TCCCTAGAGACACCTAGTAA_009,159
ACCAGGATGAGCAGCCACTG_001,49
ACCAGGATGAGCAGCCACTG_002,174
ACCAGGATGAGCAGCCACTG_003,157
ACCAGGATGAGCAGCCACTG_004,168
ACCAGGATGAGCAGCCACTG_005,42
ACCAGGATGAGCAGCCACTG_006,174
ACCAGGATGAGCAGCCACTG_007,4
ACCAGGATGAGCAGCCACTG_008,14
ACCAGGATGAGCAGCCACTG_009,105
ACCAGGATGAGCAGCCACTG_010,59
ACCAGGATGAGCAGCCACTG_011,67
ACCAGGATGAGCAGCCACTG_012,4
ACCAGGATGAGCAGCCACTG_013,55
ACCAGGATGAGCAGCCACTG_014,133
ACCAGGATGAGCAGCCACTG_015,117
ACCAGGATGAGCAGCCACTG_016,98
ACCAGGATGAGCAGCCACTG_017,81
ACCAGGATGAGCAGCCACTG_018,141
ACCAGGATGAGCAGCCACTG_019,76
ACCAGGATGAGCAGCCACTG_020,157
ACCAGGATGAGCAGCCACTG_021,27
ACCAGGATGAGCAGCCACTG_022,175
ACCAGGATGAGCAGCCACTG_023,117
ACCAGGATGAGCAGCCACTG_024,144
ACCAGGATGAGCAGCCACTG_025,150
ACCACACTGAATACACCCAT_001,183
ACCACACTGAATACACCCAT_002,181
ACCACACTGAATACACCCAT_003,189
ACCACACTGAATACACCCAT_004,125
ACCACACTGAATACACCCAT_005,29
ACCACACTGAATACACCCAT_006,96
ACCACACTGAATACACCCAT_007,77
ACCACACTGAATACACCCAT_008,34
ACCACACTGAATACACCCAT_009,33
ACCACACTGAATACACCCAT_010,87
ACCACACTGAATACACCCAT_011,86
ACCACACTGAATACACCCAT_012,59
ACCACACTGAATACACCCAT_013,50
ACCACACTGAATACACCCAT_014,192
ACCACACTGAATACACCCAT_015,3
ACCACACTGAATACACCCAT_016,103
ACCACACTGAATACACCCAT_017,146
ACCACACTGAATACACCCAT_018,169
ACCACACTGAATACACCCAT_019,156
ACCACGGAGCTGATCGTTCG_001,161
ACCACGGAGCTGATCGTTCG_002,108
ACCACGGAGCTGATCGTTCG_003,69
ACCACGGAGCTGATCGTTCG_004,139
ACCACGGAGCTGATCGTTCG_005,169
ACCACGGAGCTGATCGTTCG_006,158
ACCACGGAGCTGATCGTTCG_007,176
ACCACGGAGCTGATCGTTCG_008,198
AGGAAGGTGACTCACATCTG_001,191
AGGAAGGTGACTCACATCTG_002,76
AGGAAGGTGACTCACATCTG_003,17
AGGAAGGTGACTCACATCTG_004,169
AGGAAGGTGACTCACATCTG_005,117
AGGAAGGTGACTCACATCTG_006,66
AGGAAGGTGACTCACATCTG_007,70
AGGAAGGTGACTCACATCTG_008,113
AGGAAGGTGACTCACATCTG_009,170
AGGAAGGTGACTCACATCTG_010,34
AGGAAGGTGACTCACATCTG_011,126
AGGAAGGTGACTCACATCTG_012,106
AGGAAGGTGACTCACATCTG_013,4
AGGAAGGTGACTCACATCTG_014,149
AGGAAGGTGACTCACATCTG_015,136
AGGAAGGTGACTCACATCTG_016,76
AGGAAGGTGACTCACATCTG_017,187
TCTGGAATAGGCTCAAGACA_001,184
TCTGGAATAGGCTCAAGACA_002,77
TCTGGAATAGGCTCAAGACA_003,146
TCTGGAATAGGCTCAAGACA_004,63
TCTGGAATAGGCTCAAGACA_005,127
TCTGGAATAGGCTCAAGACA_006,147
TCTGGAATAGGCTCAAGACA_007,67
TCTGGAATAGGCTCAAGACA_008,93
TCTGGAATAGGCTCAAGACA_009,141
TGCGGCTGTCGCGCCCGCAG_001,168
TGCGGCTGTCGCGCCCGCAG_002,176
TGCGGCTGTCGCGCCCGCAG_003,107
TGCGGCTGTCGCGCCCGCAG_004,177
TGCGGCTGTCGCGCCCGCAG_005,40
TGCGGCTGTCGCGCCCGCAG_006,13
TGCGGCTGTCGCGCCCGCAG_007,163
TGCGGCTGTCGCGCCCGCAG_008,171
TGCGGCTGTCGCGCCCGCAG_009,37
TGCGGCTGTCGCGCCCGCAG_010,82
TGCGGCTGTCGCGCCCGCAG_011,78
TGCGGCTGTCGCGCCCGCAG_012,46
TGCGGCTGTCGCGCCCGCAG_013,2
TGCGGCTGTCGCGCCCGCAG_014,158
TGCGGCTGTCGCGCCCGCAG_015,69
TGCGGCTGTCGCGCCCGCAG_016,150
TGCGGCTGTCGCGCCCGCAG_017,168
TGCGGCTGTCGCGCCCGCAG_018,150
ACCAGTATCTGATTTGTCAG_001,15
ACCAGTATCTGATTTGTCAG_002,43
ACCAGTATCTGATTTGTCAG_003,134
ACCAGTATCTGATTTGTCAG_004,45
ACCAGTATCTGATTTGTCAG_005,115
ACCAGTATCTGATTTGTCAG_006,115
ACCAGTATCTGATTTGTCAG_007,101
ACCAGTATCTGATTTGTCAG_008,56
ACCAGTATCTGATTTGTCAG_009,3
ACCAGTATCTGATTTGTCAG_010,108
ACCAGTATCTGATTTGTCAG_011,125
ACCAGTATCTGATTTGTCAG_012,16
ACCAGTATCTGATTTGTCAG_013,17
ACCAGTATCTGATTTGTCAG_014,127
ACCAGTATCTGATTTGTCAG_015,10
ACCAGTATCTGATTTGTCAG_016,188
ACCAGTATCTGATTTGTCAG_017,121
ACCAGTATCTGATTTGTCAG_018,113
TTCCACCCACGAGATAAAAG_001,194
TTCCACCCACGAGATAAAAG_002,58
TTCCACCCACGAGATAAAAG_003,184
TTCCACCCACGAGATAAAAG_004,34
TTCTTATAGCTGAGCGAGTG_001,12
TTCTTATAGCTGAGCGAGTG_002,18
TTCTTATAGCTGAGCGAGTG_003,169
TTCTTATAGCTGAGCGAGTG_004,161
TTCTTATAGCTGAGCGAGTG_005,42
TTCTTATAGCTGAGCGAGTG_006,116
TTCTTATAGCTGAGCGAGTG_007,62
TTCTTATAGCTGAGCGAGTG_008,48
TTCTTATAGCTGAGCGAGTG_009,124
TTCTTATAGCTGAGCGAGTG_010,43
TTCTTATAGCTGAGCGAGTG_011,149
TTTGGCTTGAACAATCTGTG_001,109
TTTGGCTTGAACAATCTGTG_002,82
TTTGGCTTGAACAATCTGTG_003,17
TTTGGCTTGAACAATCTGTG_004,102
TTTGGCTTGAACAATCTGTG_005,62
TTTGGCTTGAACAATCTGTG_006,199
TTTGGCTTGAACAATCTGTG_007,154
TTTGGCTTGAACAATCTGTG_008,48
TTTGGCTTGAACAATCTGTG_009,8
TTTGGCTTGAACAATCTGTG_010,162
TTTGGCTTGAACAATCTGTG_011,2
TTTGGCTTGAACAATCTGTG_012,103
TTTGGCTTGAACAATCTGTG_013,161
TTTGGCTTGAACAATCTGTG_014,108
TTTGGCTTGAACAATCTGTG_015,139
TTTGGCTTGAACAATCTGTG_016,65
TTTGGCTTGAACAATCTGTG_017,6
TGAGGACCACCATTTCTCCA_001,97
TGAGGACCACCATTTCTCCA_002,50
TGAGGACCACCATTTCTCCA_003,141
TGAGGACCACCATTTCTCCA_004,189
TGAGGACCACCATTTCTCCA_005,92
TGAGGACCACCATTTCTCCA_006,34
TGAGGACCACCATTTCTCCA_007,145
TGAGGACCACCATTTCTCCA_008,31
TGAGGACCACCATTTCTCCA_009,33
TGAGGACCACCATTTCTCCA_010,43
TGAGGACCACCATTTCTCCA_011,94
TGAGGACCACCATTTCTCCA_012,28
ATGAGAGCATGAGGGAACGC_001,152
ATGAGAGCATGAGGGAACGC_002,174
ATGAGAGCATGAGGGAACGC_003,96
ATGAGAGCATGAGGGAACGC_004,128
ATGAGAGCATGAGGGAACGC_005,49
ATGAGAGCATGAGGGAACGC_006,28
ATGAGAGCATGAGGGAACGC_007,33
ATGAGAGCATGAGGGAACGC_008,98
ATGAGAGCATGAGGGAACGC_009,197
ATGAGAGCATGAGGGAACGC_010,50
ATGAGAGCATGAGGGAACGC_011,155
ATGAGAGCATGAGGGAACGC_012,174
ATGAGAGCATGAGGGAACGC_013,121
ATGAGAGCATGAGGGAACGC_014,21
ATGAGAGCATGAGGGAACGC_015,123
ATGAGAGCATGAGGGAACGC_016,89
ATGAGAGCATGAGGGAACGC_017,157
ATGAGAGCATGAGGGAACGC_018,119
ATGAGAGCATGAGGGAACGC_019,119
ATGAGAGCATGAGGGAACGC_020,121
ATGAGAGCATGAGGGAACGC_021,61
CTAGATCGGGAAAGTCTGTG_001,191
CTAGATCGGGAAAGTCTGTG_002,140
CTAGATCGGGAAAGTCTGTG_003,28
CTAGATCGGGAAAGTCTGTG_004,188
CTAGATCGGGAAAGTCTGTG_005,1
CTAGATCGGGAAAGTCTGTG_006,63
CTAGATCGGGAAAGTCTGTG_007,15
CTAGATCGGGAAAGTCTGTG_008,38
CTAGATCGGGAAAGTCTGTG_009,74
CTAGATCGGGAAAGTCTGTG_010,189
CTAGATCGGGAAAGTCTGTG_011,162
CTAGATCGGGAAAGTCTGTG_012,173
CTAGATCGGGAAAGTCTGTG_013,65
CTAGATCGGGAAAGTCTGTG_014,173
CTAGATCGGGAAAGTCTGTG_015,94
CTAGATCGGGAAAGTCTGTG_016,94
CTAGATCGGGAAAGTCTGTG_017,105
CTAGATCGGGAAAGTCTGTG_018,12
CTAGATCGGGAAAGTCTGTG_019,159
CTAGATCGGGAAAGTCTGTG_020,94
CTAGATCGGGAAAGTCTGTG_021,50
CTAGATCGGGAAAGTCTGTG_022,175
CTAGATCGGGAAAGTCTGTG_023,118
CTAGATCGGGAAAGTCTGTG_024,136
CTAGATCGGGAAAGTCTGTG_025,10
CTAGATCGGGAAAGTCTGTG_026,39
CTAGATCGGGAAAGTCTGTG_027,31
CTTATGTGTAGTAAGGTCTG_001,154
CTTATGTGTAGTAAGGTCTG_002,193
CTTATGTGTAGTAAGGTCTG_003,6
CTTATGTGTAGTAAGGTCTG_004,188
CTTATGTGTAGTAAGGTCTG_005,137
CTTATGTGTAGTAAGGTCTG_006,70
CTTATGTGTAGTAAGGTCTG_007,22
CTTATGTGTAGTAAGGTCTG_008,95
CTTATGTGTAGTAAGGTCTG_009,105
TAATTGGTGTCGATTTGGCA_001,127
TAATTGGTGTCGATTTGGCA_002,62
TAATTGGTGTCGATTTGGCA_003,78
TAATTGGTGTCGATTTGGCA_004,28
TAATTGGTGTCGATTTGGCA_005,149
TAATTGGTGTCGATTTGGCA_006,58
TAATTGGTGTCGATTTGGCA_007,60
TAATTGGTGTCGATTTGGCA_008,175
TAATTGGTGTCGATTTGGCA_009,124
TAATTGGTGTCGATTTGGCA_010,27
TAATTGGTGTCGATTTGGCA_011,175
TAATTGGTGTCGATTTGGCA_012,158
GTGGTGCTGACAATCGAGCA_001,151
GTGGTGCTGACAATCGAGCA_002,134
GTGGTGCTGACAATCGAGCA_003,63
GTGGTGCTGACAATCGAGCA_004,0
CCTTAGATGGACAGTGCAGA_001,62
CCTTAGATGGACAGTGCAGA_002,60
CCTTAGATGGACAGTGCAGA_003,143
CCTTAGATGGACAGTGCAGA_004,102
CCTTAGATGGACAGTGCAGA_005,0
GCTTGCGCTCGCGTTCCTCG_001,184
GCTTGCGCTCGCGTTCCTCG_002,181
GCTTGCGCTCGCGTTCCTCG_003,168
GCTTGCGCTCGCGTTCCTCG_004,5
GCTTGCGCTCGCGTTCCTCG_005,78
GCTTGCGCTCGCGTTCCTCG_006,9
TCAGTGACCTGGACCTCTCG_001,94
TCAGTGACCTGGACCTCTCG_002,148
TCAGTGACCTGGACCTCTCG_003,194
TCAGTGACCTGGACCTCTCG_004,155
TCAGTGACCTGGACCTCTCG_005,77
TCAGTGACCTGGACCTCTCG_006,175
TCAGTGACCTGGACCTCTCG_007,29
TCAGTGACCTGGACCTCTCG_008,126
TCAGTGACCTGGACCTCTCG_009,91
TCAGTGACCTGGACCTCTCG_010,170
TCAGTGACCTGGACCTCTCG_011,46
TCAGTGACCTGGACCTCTCG_012,63
TCAGTGACCTGGACCTCTCG_013,71
TCAGTGACCTGGACCTCTCG_014,52
AAGTGCATCATTGTAGAAGA_001,1
AAGTGCATCATTGTAGAAGA_002,84
TTGAACAGCAAATATGCCAG_001,128
TTGAACAGCAAATATGCCAG_002,155
TTGAACAGCAAATATGCCAG_003,62
TTGAACAGCAAATATGCCAG_004,10
TTGAACAGCAAATATGCCAG_005,123
TTGAACAGCAAATATGCCAG_006,55
TTGTGGTGGAACATTGCTCG_001,170
TTGTGGTGGAACATTGCTCG_002,77
AAGTCGCTTCTGCTGAACAT_001,191
AAGTCGCTTCTGCTGAACAT_002,191
AAGTCGCTTCTGCTGAACAT_003,16
AAGTCGCTTCTGCTGAACAT_004,30
AAGTCGCTTCTGCTGAACAT_005,193
AAGTCGCTTCTGCTGAACAT_006,160
AAGTCGCTTCTGCTGAACAT_007,1
AAGTCGCTTCTGCTGAACAT_008,58
AAGTCGCTTCTGCTGAACAT_009,75
AAGTCGCTTCTGCTGAACAT_010,130
AAGTCGCTTCTGCTGAACAT_011,115
GGACGCTTACCTTGGAGTCA_001,70
GGACGCTTACCTTGGAGTCA_002,114
GGACGCTTACCTTGGAGTCA_003,154
GGACGCTTACCTTGGAGTCA_004,97
AATGTGTTGATGTCTTTGCA_001,74
AATGTGTTGATGTCTTTGCA_002,121
AATGTGTTGATGTCTTTGCA_003,160
AATGTGTTGATGTCTTTGCA_004,4
AATGTGTTGATGTCTTTGCA_005,171
AATGTGTTGATGTCTTTGCA_006,10
AATGTGTTGATGTCTTTGCA_007,76
AGCACTGAACCACCCGCAGG_001,152
AGCACTGAACCACCCGCAGG_002,112
AGCACTGAACCACCCGCAGG_003,88
AGCACTGAACCACCCGCAGG_004,57
AGCACTGAACCACCCGCAGG_005,61
AGCACTGAACCACCCGCAGG_006,185
AGCACTGAACCACCCGCAGG_007,176
AGCACTGAACCACCCGCAGG_008,48
AGCACTGAACCACCCGCAGG_009,115
AGCACTGAACCACCCGCAGG_010,175
AGCACTGAACCACCCGCAGG_011,107
AGCACTGAACCACCCGCAGG_012,121
CGATGGTCTCACCTGGCCGG_001,17
CGATGGTCTCACCTGGCCGG_002,82
CGATGGTCTCACCTGGCCGG_003,58
CGATGGTCTCACCTGGCCGG_004,22
CGATGGTCTCACCTGGCCGG_005,159
CGATGGTCTCACCTGGCCGG_006,4
CGATGGTCTCACCTGGCCGG_007,199
CGATGGTCTCACCTGGCCGG_008,170
CGATGGTCTCACCTGGCCGG_009,49
CGATGGTCTCACCTGGCCGG_010,9
CGATGGTCTCACCTGGCCGG_011,175
CGATGGTCTCACCTGGCCGG_012,142
CGATGGTCTCACCTGGCCGG_013,188
CGATGGTCTCACCTGGCCGG_014,65
CCAACACAGATCATACCTCG_001,62
CCAACACAGATCATACCTCG_002,43
CCAACACAGATCATACCTCG_003,142
CCAACACAGATCATACCTCG_004,113
CCAACACAGATCATACCTCG_005,27
CCAACACAGATCATACCTCG_006,157
CCAACACAGATCATACCTCG_007,177
CCAACACAGATCATACCTCG_008,139
CCAACACAGATCATACCTCG_009,38
CCAACACAGATCATACCTCG_010,43
CGAACATGTTGCCCGAGTCA_001,127
CGAACATGTTGCCCGAGTCA_002,72
CGAACATGTTGCCCGAGTCA_003,8
AGGATCACACCCACAATGAA_001,6
AGGATCACACCCACAATGAA_002,48
GCCAACTCTTACCTTCACAA_001,174
GCCAACTCTTACCTTCACAA_002,58
GCCAACTCTTACCTTCACAA_003,70
GCCAACTCTTACCTTCACAA_004,127
GCCAACTCTTACCTTCACAA_005,133
GCCAACTCTTACCTTCACAA_006,198
ATAAGAGATTACGTCCTGCA_001,83
ATAAGAGATTACGTCCTGCA_002,105
ATAAGAGATTACGTCCTGCA_003,41
ACAGATAACTTGGGATGATG_001,196
ACAGATAACTTGGGATGATG_002,29
ACAGATAACTTGGGATGATG_003,150
ACAGATAACTTGGGATGATG_004,76
ACAGATAACTTGGGATGATG_005,38
ACAGATAACTTGGGATGATG_006,190
ACAGATAACTTGGGATGATG_007,28
ACAGATAACTTGGGATGATG_008,170
CATCTGAATTTGATCTGGAG_001,129
CATCTGAATTTGATCTGGAG_002,88
CATCTGAATTTGATCTGGAG_003,56
CATCTGAATTTGATCTGGAG_004,2
CATCTGAATTTGATCTGGAG_005,1
CATCTGAATTTGATCTGGAG_006,9
GGGGGTGAAAGACAACCCCA_001,179
GGGGGTGAAAGACAACCCCA_002,41
GGGGGTGAAAGACAACCCCA_003,150
GGGGGTGAAAGACAACCCCA_004,119
GGGGGTGAAAGACAACCCCA_005,29
GGGGGTGAAAGACAACCCCA_006,140
GGGGGTGAAAGACAACCCCA_007,64
GGGGGTGAAAGACAACCCCA_008,45
GGGGGTGAAAGACAACCCCA_009,67
GGGGGTGAAAGACAACCCCA_010,165
GGGGGTGAAAGACAACCCCA_011,192
GGGGGTGAAAGACAACCCCA_012,119
GGGGGTGAAAGACAACCCCA_013,82
GGGGGTGAAAGACAACCCCA_014,178
GGGGGTGAAAGACAACCCCA_015,161
GGGGGTGAAAGACAACCCCA_016,46
GGGGGTGAAAGACAACCCCA_017,181
GGGGGTGAAAGACAACCCCA_018,166
GGGGGTGAAAGACAACCCCA_019,115
GGGGGTGAAAGACAACCCCA_020,99
GGGGGTGAAAGACAACCCCA_021,133
GGGGGTGAAAGACAACCCCA_022,93
GGGGGTGAAAGACAACCCCA_023,35
GGGGGTGAAAGACAACCCCA_024,141
GGGGGTGAAAGACAACCCCA_025,4
GGGGGTGAAAGACAACCCCA_026,126
GGGGGTGAAAGACAACCCCA_027,29
GGGGGTGAAAGACAACCCCA_028,160
GGGGGTGAAAGACAACCCCA_029,149
GGGGGTGAAAGACAACCCCA_030,120
GGGGGTGAAAGACAACCCCA_031,129
GTAATCAACCTGTTAATCCA_001,68
GTAATCAACCTGTTAATCCA_002,6
GTAATCAACCTGTTAATCCA_003,45
GTAATCAACCTGTTAATCCA_004,82
GTAATCAACCTGTTAATCCA_005,19
GTAATCAACCTGTTAATCCA_006,19
TCAGAATGTAATGAAGTGGG_001,68
TCAGAATGTAATGAAGTGGG_002,24
TCAGAATGTAATGAAGTGGG_003,142
TCAGAATGTAATGAAGTGGG_004,152
AGAAGAGCGAGACTTAGACT_001,52
AGAAGAGCGAGACTTAGACT_002,72
AGAAGAGCGAGACTTAGACT_003,157
AGAAGAGCGAGACTTAGACT_004,145
AGAAGAGCGAGACTTAGACT_005,67
AGAAGAGCGAGACTTAGACT_006,174
AGAAGAGCGAGACTTAGACT_007,94
AGAAGAGCGAGACTTAGACT_008,180
AGAAGAGCGAGACTTAGACT_009,16
AGAAGAGCGAGACTTAGACT_010,40
AGAAGAGCGAGACTTAGACT_011,82
AGAAGAGCGAGACTTAGACT_012,64
AGAAGAGCGAGACTTAGACT_013,159
AGAAGAGCGAGACTTAGACT_014,150
AGAAGAGCGAGACTTAGACT_015,197
AGAAGAGCGAGACTTAGACT_016,41
AGAAGAGCGAGACTTAGACT_017,192
AGAAGAGCGAGACTTAGACT_018,13
AGAAGAGCGAGACTTAGACT_019,185
AGAAGAGCGAGACTTAGACT_020,195
AGAAGAGCGAGACTTAGACT_021,119
AGAAGAGCGAGACTTAGACT_022,61
AGAAGAGCGAGACTTAGACT_023,55
AGAAGAGCGAGACTTAGACT_024,37
AGAAGAGCGAGACTTAGACT_025,165
AGAAGAGCGAGACTTAGACT_026,78
AGAAGAGCGAGACTTAGACT_027,199
AGAAGAGCGAGACTTAGACT_028,198
CCTTCAGCGTTACCTCGCGG_001,101
CCTTCAGCGTTACCTCGCGG_002,11
CCTTCAGCGTTACCTCGCGG_003,116
CCTTCAGCGTTACCTCGCGG_004,146
CCTTCAGCGTTACCTCGCGG_005,88
CCTTCAGCGTTACCTCGCGG_006,113
CCTTCAGCGTTACCTCGCGG_007,98
CCTTCAGCGTTACCTCGCGG_008,19
CCTTCAGCGTTACCTCGCGG_009,162
CCTTCAGCGTTACCTCGCGG_010,55
CCTTCAGCGTTACCTCGCGG_011,127
CCTTCAGCGTTACCTCGCGG_012,37
CCTTCAGCGTTACCTCGCGG_013,69
CCTTCAGCGTTACCTCGCGG_014,147
CACGCCGCTAACCACCACCC_001,54
CACGCCGCTAACCACCACCC_002,104
CACGCCGCTAACCACCACCC_003,166
CACGCCGCTAACCACCACCC_004,14
CACGCCGCTAACCACCACCC_005,29
GAGATACAGAAATGTTTACA_001,48
CACCGTCTGAAAGATGTCGG_001,96
CACCGTCTGAAAGATGTCGG_002,68
CACCGTCTGAAAGATGTCGG_003,9
CACCGTCTGAAAGATGTCGG_004,157
CACCGTCTGAAAGATGTCGG_005,105
CACCGTCTGAAAGATGTCGG_006,16
ACAGGAACATTCCAACTATG_001,190
ACAGGAACATTCCAACTATG_002,174
ACAGGAACATTCCAACTATG_003,76
ACAGGAACATTCCAACTATG_004,103
ACAGGAACATTCCAACTATG_005,77
GCAAAGCCCTCAAATTTCGT_001,22
GCAAAGCCCTCAAATTTCGT_002,193
GCAAAGCCCTCAAATTTCGT_003,131
GCAAAGCCCTCAAATTTCGT_004,68
GCAAAGCCCTCAAATTTCGT_005,179
GTTGAGTTGGAATGACCGCG_001,107
GTTGAGTTGGAATGACCGCG_002,150
GTTGAGTTGGAATGACCGCG_003,48
GTTGAGTTGGAATGACCGCG_004,65
GTTGAGTTGGAATGACCGCG_005,17
TAATGAAAAGAAATAGAGAT_001,150
TAATGAAAAGAAATAGAGAT_002,102
GTCTCCCAAAAGAAGCAGAG_001,172
GTCTCCCAAAAGAAGCAGAG_002,72
GTCTCCCAAAAGAAGCAGAG_003,57
GTCTCCCAAAAGAAGCAGAG_004,28
GTCTCCCAAAAGAAGCAGAG_005,83
GTCTCCCAAAAGAAGCAGAG_006,162
GTCTCCCAAAAGAAGCAGAG_007,130
GTCTCCCAAAAGAAGCAGAG_008,42
GTCTCCCAAAAGAAGCAGAG_009,191
GTCTCCCAAAAGAAGCAGAG_010,149
GTCTCCCAAAAGAAGCAGAG_011,82
GTCTCCCAAAAGAAGCAGAG_012,138
GTCTCCCAAAAGAAGCAGAG_013,55
GTCTCCCAAAAGAAGCAGAG_014,34
GCTGCCACAGTCGACGACAG_001,166
GCTGCCACAGTCGACGACAG_002,58
GCTGCCACAGTCGACGACAG_003,163
GCTGCCACAGTCGACGACAG_004,19
TTACTTGTCTAAATCCACCT_001,53
TTACTTGTCTAAATCCACCT_002,175
TTACTTGTCTAAATCCACCT_003,49
TTACTTGTCTAAATCCACCT_004,140
TTACTTGTCTAAATCCACCT_005,145
TTACTTGTCTAAATCCACCT_006,100
TTACTTGTCTAAATCCACCT_007,138
TTACTTGTCTAAATCCACCT_008,89
AATGTTGTCATAATTCCGGA_001,78
AATGTTGTCATAATTCCGGA_002,104
ATCCAATCAGTCAGTTGCAC_001,158
ATCCAATCAGTCAGTTGCAC_002,9
ATCCAATCAGTCAGTTGCAC_003,161
ATCCAATCAGTCAGTTGCAC_004,188
ATCCAATCAGTCAGTTGCAC_005,19
ATCCAATCAGTCAGTTGCAC_006,170
ATCCAATCAGTCAGTTGCAC_007,65
ATCCAATCAGTCAGTTGCAC_008,70
ATCCAATCAGTCAGTTGCAC_009,152
ATCCAATCAGTCAGTTGCAC_010,145
ATCCAATCAGTCAGTTGCAC_011,169
ATCCAATCAGTCAGTTGCAC_012,175
GGAAGCTCAGGTACCCCAGT_001,62
GGAAGCTCAGGTACCCCAGT_002,117
GTTGGCGATGTCCTCTTGCG_001,34
CCACCGAAAGGATCTCGTCG_001,92
CCACCGAAAGGATCTCGTCG_002,28
CCACCGAAAGGATCTCGTCG_003,137
GGAATTGATATATTCACACC_001,106
GATGGGGCAAACGCTCTCGG_001,19
GATGGGGCAAACGCTCTCGG_002,198
GATGGGGCAAACGCTCTCGG_003,29
GATGGGGCAAACGCTCTCGG_004,158
GATGGGGCAAACGCTCTCGG_005,170
GATGGGGCAAACGCTCTCGG_006,177
GATGGGGCAAACGCTCTCGG_007,105
GATGGGGCAAACGCTCTCGG_008,184
GATGGGGCAAACGCTCTCGG_009,42
GATGGGGCAAACGCTCTCGG_010,0
GATGGGGCAAACGCTCTCGG_011,199
GATGGGGCAAACGCTCTCGG_012,176
GATGGGGCAAACGCTCTCGG_013,58
GATGGGGCAAACGCTCTCGG_014,142
GATGGGGCAAACGCTCTCGG_015,142
GATGGGGCAAACGCTCTCGG_016,46
GATGGGGCAAACGCTCTCGG_017,15
GATGGGGCAAACGCTCTCGG_018,148
GATGGGGCAAACGCTCTCGG_019,168
GATGGGGCAAACGCTCTCGG_020,162
GATGGGGCAAACGCTCTCGG_021,77
GATGGGGCAAACGCTCTCGG_022,147
GATGGGGCAAACGCTCTCGG_023,91
GATGGGGCAAACGCTCTCGG_024,45
GATGGGGCAAACGCTCTCGG_025,151
GATGGGGCAAACGCTCTCGG_026,180
GATGGGGCAAACGCTCTCGG_027,91
GATGGGGCAAACGCTCTCGG_028,160
GATGGGGCAAACGCTCTCGG_029,183
GATGGGGCAAACGCTCTCGG_030,115
GTCTGGTGTGTCCAACTACG_001,194
GTCTGGTGTGTCCAACTACG_002,30
GTCTGGTGTGTCCAACTACG_003,92
GTCTGGTGTGTCCAACTACG_004,18
GTCTGGTGTGTCCAACTACG_005,2
GTCTGGTGTGTCCAACTACG_006,101
AGAGGTTCTGAGTGCCGATG_001,83
AGAGGTTCTGAGTGCCGATG_002,44
AGAGGTTCTGAGTGCCGATG_003,191
AGAGGTTCTGAGTGCCGATG_004,188
AGAGGTTCTGAGTGCCGATG_005,137
AGAGGTTCTGAGTGCCGATG_006,116
AGAGGTTCTGAGTGCCGATG_007,137
AGAGGTTCTGAGTGCCGATG_008,190
AGAGGTTCTGAGTGCCGATG_009,190
AGAGGTTCTGAGTGCCGATG_010,146
AGAGGTTCTGAGTGCCGATG_011,7
AGAGGTTCTGAGTGCCGATG_012,145
AGAGGTTCTGAGTGCCGATG_013,169
AGAGGTTCTGAGTGCCGATG_014,40
AGAGGTTCTGAGTGCCGATG_015,146
AGAGGTTCTGAGTGCCGATG_016,171
AGAGGTTCTGAGTGCCGATG_017,150
AGAGGTTCTGAGTGCCGATG_018,62
AGAGGTTCTGAGTGCCGATG_019,30
AGAGGTTCTGAGTGCCGATG_020,115
AGAGGTTCTGAGTGCCGATG_021,8
AGAGGTTCTGAGTGCCGATG_022,120
AGAGGTTCTGAGTGCCGATG_023,114
AGAGGTTCTGAGTGCCGATG_024,176
AGAGGTTCTGAGTGCCGATG_025,145
AGAGGTTCTGAGTGCCGATG_026,8
AGAGGTTCTGAGTGCCGATG_027,96
AGAGGTTCTGAGTGCCGATG_028,96
AGAGGTTCTGAGTGCCGATG_029,142
AGAGGTTCTGAGTGCCGATG_030,98
AGAGGTTCTGAGTGCCGATG_031,120
AGAGGTTCTGAGTGCCGATG_032,178
AGAGGTTCTGAGTGCCGATG_033,178
AGAGGTTCTGAGTGCCGATG_034,198
AGAGGTTCTGAGTGCCGATG_035,160
AGAGGTTCTGAGTGCCGATG_036,188
AGAGGTTCTGAGTGCCGATG_037,9
AGAGGTTCTGAGTGCCGATG_038,1
AGAGGTTCTGAGTGCCGATG_039,103
AGAGGTTCTGAGTGCCGATG_040,192
AGAGGTTCTGAGTGCCGATG_041,162
AGAGGTTCTGAGTGCCGATG_042,48
AGAGGTTCTGAGTGCCGATG_043,18
AGAGGTTCTGAGTGCCGATG_044,81
AGAGGTTCTGAGTGCCGATG_045,81
AGAGGTTCTGAGTGCCGATG_046,171
AGAGGTTCTGAGTGCCGATG_047,102
AGAGGTTCTGAGTGCCGATG_048,156
AGAGGTTCTGAGTGCCGATG_049,90
AGAGGTTCTGAGTGCCGATG_050,48
AGAGGTTCTGAGTGCCGATG_051,105
AGAGGTTCTGAGTGCCGATG_052,164
AGAGGTTCTGAGTGCCGATG_053,164
AGAGGTTCTGAGTGCCGATG_054,105
AGAGGTTCTGAGTGCCGATG_055,168
AGAGGTTCTGAGTGCCGATG_056,97
AGAGGTTCTGAGTGCCGATG_057,33
AGAGGTTCTGAGTGCCGATG_058,63
AAAGGAGTCTCATTTACAAG_001,48
AAAGGAGTCTCATTTACAAG_002,162
AAAGGAGTCTCATTTACAAG_003,94
AAAGGAGTCTCATTTACAAG_004,184
AAAGGAGTCTCATTTACAAG_005,5
AAAGGAGTCTCATTTACAAG_006,56
TCCTAGCCGCTTACGACCTG_001,3
TCCTAGCCGCTTACGACCTG_002,20
TCCTAGCCGCTTACGACCTG_003,134
CTACTCACAAGACTCTTCGA_001,24
CTACTCACAAGACTCTTCGA_002,47
CTACTCACAAGACTCTTCGA_003,127
CTACTCACAAGACTCTTCGA_004,121
CTACTCACAAGACTCTTCGA_005,67
CTACTCACAAGACTCTTCGA_006,19
CTACTCACAAGACTCTTCGA_007,141
CTACTCACAAGACTCTTCGA_008,41
GACCCCATGGACTACAAGTG_001,17
GACCCCATGGACTACAAGTG_002,112
GACCCCATGGACTACAAGTG_003,198
GACCCCATGGACTACAAGTG_004,130
GACCCCATGGACTACAAGTG_005,94
GACCCCATGGACTACAAGTG_006,19
GACCCCATGGACTACAAGTG_007,62
GACCCCATGGACTACAAGTG_008,102
GACCCCATGGACTACAAGTG_009,177
GACCCCATGGACTACAAGTG_010,197
GACCCCATGGACTACAAGTG_011,23
GACCCCATGGACTACAAGTG_012,190
GACCCCATGGACTACAAGTG_013,65
GACCCCATGGACTACAAGTG_014,189
GACCCCATGGACTACAAGTG_015,88
GACCCCATGGACTACAAGTG_016,174
GACCCCATGGACTACAAGTG_017,150
GACCCCATGGACTACAAGTG_018,121
GACCCCATGGACTACAAGTG_019,76
GACCCCATGGACTACAAGTG_020,173
GACCCCATGGACTACAAGTG_021,173
GACCCCATGGACTACAAGTG_022,198
GACCCCATGGACTACAAGTG_023,4
GACCCCATGGACTACAAGTG_024,45
GACCCCATGGACTACAAGTG_025,126
GACCCCATGGACTACAAGTG_026,27
GACCCCATGGACTACAAGTG_027,117
GAGGGCACATCCTCAATACC_001,183
GAGGGCACATCCTCAATACC_002,169
GAGGGCACATCCTCAATACC_003,157
GAGGGCACATCCTCAATACC_004,116
GAGGGCACATCCTCAATACC_005,176
GAGGGCACATCCTCAATACC_006,144
GAGGGCACATCCTCAATACC_007,196
GAGGGCACATCCTCAATACC_008,16
GAGGGCACATCCTCAATACC_009,184
GAGGGCACATCCTCAATACC_010,116
GAGGGCACATCCTCAATACC_011,116
GAGGGCACATCCTCAATACC_012,39
GAGGGCACATCCTCAATACC_013,63
TCTGTACAGATATACCAGTG_001,142
TCTGTACAGATATACCAGTG_002,116
GATTGCCCGCATCAAAGCTC_001,6
GATTGCCCGCATCAAAGCTC_002,104
GATTGCCCGCATCAAAGCTC_003,28
GATTGCCCGCATCAAAGCTC_004,118
CTCGGACGTTTCGGTCCACG_001,169
CTCGGACGTTTCGGTCCACG_002,158
GATGAGCGATAAAATCAGCA_001,9
GATGAGCGATAAAATCAGCA_002,149
GATGAGCGATAAAATCAGCA_003,194
GATGAGCGATAAAATCAGCA_004,129
GATGAGCGATAAAATCAGCA_005,40
GCACTGTCTCGCGGCACTCG_001,130
GCACTGTCTCGCGGCACTCG_002,42
GCACTGTCTCGCGGCACTCG_003,125
GCACTGTCTCGCGGCACTCG_004,62
GCACTGTCTCGCGGCACTCG_005,175
GCACTGTCTCGCGGCACTCG_006,149
GCACTGTCTCGCGGCACTCG_007,149
GCACTGTCTCGCGGCACTCG_008,155
GCACTGTCTCGCGGCACTCG_009,87
GCACTGTCTCGCGGCACTCG_010,182
GCACTGTCTCGCGGCACTCG_011,169
GGCTTTGATGTACAGATACC_001,103
GGCTTTGATGTACAGATACC_002,127
TCTGGGGGCGCTGTACACCG_001,162
TCTGGGGGCGCTGTACACCG_002,62
TCTGGGGGCGCTGTACACCG_003,163
TCTGGGGGCGCTGTACACCG_004,193
TCTGGGGGCGCTGTACACCG_005,43
TCTGGGGGCGCTGTACACCG_006,165
TCTGGGGGCGCTGTACACCG_007,112
TCTGGGGGCGCTGTACACCG_008,138
TCTGGGGGCGCTGTACACCG_009,65
TCTGGGGGCGCTGTACACCG_010,176
TCTGGGGGCGCTGTACACCG_011,125
TCTGGGGGCGCTGTACACCG_012,160
TCTGGGGGCGCTGTACACCG_013,63
TCTGGGGGCGCTGTACACCG_014,171
CCCACTTACCTACACACTTG_001,111
CCCACTTACCTACACACTTG_002,49
CCCACTTACCTACACACTTG_003,127
CCCACTTACCTACACACTTG_004,21
CCCACTTACCTACACACTTG_005,11
CGCACTCACCTGGCCCCAGT_001,9
CGCACTCACCTGGCCCCAGT_002,157
CGCACTCACCTGGCCCCAGT_003,7
CGCACTCACCTGGCCCCAGT_004,32
CGCACTCACCTGGCCCCAGT_005,110
CGCACTCACCTGGCCCCAGT_006,12
CGCACTCACCTGGCCCCAGT_007,77
CGCACTCACCTGGCCCCAGT_008,123
ATAGGAATGATCGCCCCATG_001,102
ATAGGAATGATCGCCCCATG_002,121
ATAGGAATGATCGCCCCATG_003,114
ATAGGAATGATCGCCCCATG_004,113
CCCGGATCTAGTATTCAGGG_001,126
CCCGGATCTAGTATTCAGGG_002,81
CAGCCAGGATGGCATTGATG_001,190
CAGCCAGGATGGCATTGATG_002,171
CAGCCAGGATGGCATTGATG_003,83
CAGCCAGGATGGCATTGATG_004,9
CAGCCAGGATGGCATTGATG_005,34
CAGCCAGGATGGCATTGATG_006,147
CAGCCAGGATGGCATTGATG_007,130
CCAGCTCCGTGTACAGACAG_001,166
CCAGCTCCGTGTACAGACAG_002,88
CCAGCTCCGTGTACAGACAG_003,158
CCAGCTCCGTGTACAGACAG_004,109
CCAGCTCCGTGTACAGACAG_005,109
CCAGCTCCGTGTACAGACAG_006,104
CCAGCTCCGTGTACAGACAG_007,9
CCAGCTCCGTGTACAGACAG_008,115
CCAGCTCCGTGTACAGACAG_009,72
CCAGCTCCGTGTACAGACAG_010,151
CCAGCTCCGTGTACAGACAG_011,96
CCAGCTCCGTGTACAGACAG_012,45
CCAGCTCCGTGTACAGACAG_013,160
CCAGCTCCGTGTACAGACAG_014,72
CCAGCTCCGTGTACAGACAG_015,192
CCAGCTCCGTGTACAGACAG_016,9
CCAGCTCCGTGTACAGACAG_017,85
CCAGCTCCGTGTACAGACAG_018,25
CCAGCTCCGTGTACAGACAG_019,139
CCAGCTCCGTGTACAGACAG_020,176
CCAGCTCCGTGTACAGACAG_021,159
CCAGCTCCGTGTACAGACAG_022,177
CCAGCTCCGTGTACAGACAG_023,197
CCAGCTCCGTGTACAGACAG_024,53
CCAGCTCCGTGTACAGACAG_025,133
CCAGCTCCGTGTACAGACAG_026,38
CCAGCTCCGTGTACAGACAG_027,49
CCAGCTCCGTGTACAGACAG_028,102
CCAGCTCCGTGTACAGACAG_029,188
CCAGCTCCGTGTACAGACAG_030,3
CCAGCTCCGTGTACAGACAG_031,152
CCAGCTCCGTGTACAGACAG_032,108
CTACTTCCGTGGACACAAGG_001,12
CTACTTCCGTGGACACAAGG_002,152
CTACTTCCGTGGACACAAGG_003,137
CTACTTCCGTGGACACAAGG_004,120
CTACTTCCGTGGACACAAGG_005,55
CTACTTCCGTGGACACAAGG_006,146
CTACTTCCGTGGACACAAGG_007,166
CTACTTCCGTGGACACAAGG_008,104
CTACTTCCGTGGACACAAGG_009,29
CTACTTCCGTGGACACAAGG_010,188
CTACTTCCGTGGACACAAGG_011,54
CTACTTCCGTGGACACAAGG_012,15
CTACTTCCGTGGACACAAGG_013,0
CTACTTCCGTGGACACAAGG_014,85
CTACTTCCGTGGACACAAGG_015,82
CTACTTCCGTGGACACAAGG_016,70
CTACTTCCGTGGACACAAGG_017,199
CTACTTCCGTGGACACAAGG_018,20
CTACTTCCGTGGACACAAGG_019,69
CTACTTCCGTGGACACAAGG_020,181
CTACTTCCGTGGACACAAGG_021,11
CTACTTCCGTGGACACAAGG_022,64
CTACTTCCGTGGACACAAGG_023,29
CTACTTCCGTGGACACAAGG_024,62
CTACTTCCGTGGACACAAGG_025,170
CTACTTCCGTGGACACAAGG_026,193
CTACTTCCGTGGACACAAGG_027,118
CTACTTCCGTGGACACAAGG_028,193
CTACTTCCGTGGACACAAGG_029,193
CTACTTCCGTGGACACAAGG_030,77
CTACTTCCGTGGACACAAGG_031,188
CTGACAGAGTACATTGAGGG_001,137
CTGACAGAGTACATTGAGGG_002,141
CTGACAGAGTACATTGAGGG_003,134
CTGACAGAGTACATTGAGGG_004,132
CTGACAGAGTACATTGAGGG_005,158
CTGACAGAGTACATTGAGGG_006,174
CTGACAGAGTACATTGAGGG_007,124
CTGACAGAGTACATTGAGGG_008,15
CTGACAGAGTACATTGAGGG_009,48
CTGACAGAGTACATTGAGGG_010,110
CTGACAGAGTACATTGAGGG_011,124
CTGACAGAGTACATTGAGGG_012,195
CTGACAGAGTACATTGAGGG_013,116
GAAGATGAGAAAAACAAACG_001,7
GAAGATGAGAAAAACAAACG_002,60
GAAGATGAGAAAAACAAACG_003,199
GAAGATGAGAAAAACAAACG_004,175
GAAGATGAGAAAAACAAACG_005,105
GAAGATGAGAAAAACAAACG_006,105
GAAGATGAGAAAAACAAACG_007,9
GAAGATGAGAAAAACAAACG_008,0
GAAGATGAGAAAAACAAACG_009,144
GAGCAGAGGAAAGCCCGCGC_001,181
GAGCAGAGGAAAGCCCGCGC_002,60
GAGCAGAGGAAAGCCCGCGC_003,41
GAGCAGAGGAAAGCCCGCGC_004,104
GAGCAGAGGAAAGCCCGCGC_005,31
GAGCAGAGGAAAGCCCGCGC_006,31
GAGCAGAGGAAAGCCCGCGC_007,134
GAGCAGAGGAAAGCCCGCGC_008,191
GAGCAGAGGAAAGCCCGCGC_009,181
GAGCAGAGGAAAGCCCGCGC_010,136
GAGCAGAGGAAAGCCCGCGC_011,5
GAGCAGAGGAAAGCCCGCGC_012,78
GAGCAGAGGAAAGCCCGCGC_013,170
GAGCAGAGGAAAGCCCGCGC_014,117
GAGCAGAGGAAAGCCCGCGC_015,168
GAGCAGAGGAAAGCCCGCGC_016,16
GAGCAGAGGAAAGCCCGCGC_017,55
GAGCAGAGGAAAGCCCGCGC_018,68
GAGCAGAGGAAAGCCCGCGC_019,3
GAGCAGAGGAAAGCCCGCGC_020,144
GAGCAGAGGAAAGCCCGCGC_021,28
GAGCAGAGGAAAGCCCGCGC_022,17
GAGCAGAGGAAAGCCCGCGC_023,3
GAGCAGAGGAAAGCCCGCGC_024,141
GCCATCGCTGAGGTCGGAGT_001,163
GCCATCGCTGAGGTCGGAGT_002,145
GCCATCGCTGAGGTCGGAGT_003,134
GCCATCGCTGAGGTCGGAGT_004,176
GCCATCGCTGAGGTCGGAGT_005,70
GCCATCGCTGAGGTCGGAGT_006,132
GCCATCGCTGAGGTCGGAGT_007,105
AAGTACTGGCGTGTATCCAT_001,30
AAGTACTGGCGTGTATCCAT_002,158
GAAAGGCGATCACCACCCAC_001,141
GAAAGGCGATCACCACCCAC_002,25
GAAAGGCGATCACCACCCAC_003,54
GAAAGGCGATCACCACCCAC_004,169
GAAAGGCGATCACCACCCAC_005,185
GAAAGGCGATCACCACCCAC_006,80
GAAAGGCGATCACCACCCAC_007,82
GAAAGGCGATCACCACCCAC_008,173
GAAAGGCGATCACCACCCAC_009,36
GAAAGGCGATCACCACCCAC_010,9
GAAAGGCGATCACCACCCAC_011,83
GAAAGGCGATCACCACCCAC_012,17
GAAAGGCGATCACCACCCAC_013,10
GAAAGGCGATCACCACCCAC_014,33
GAAAGGCGATCACCACCCAC_015,141
GTGCTCACGGGTCACGAAAG_001,159
GTGCTCACGGGTCACGAAAG_002,117
GTGCTCACGGGTCACGAAAG_003,19
GTGCTCACGGGTCACGAAAG_004,17
TCCCAGTTTGAAACACACAT_001,182
TCCCAGTTTGAAACACACAT_002,48
TCCCAGTTTGAAACACACAT_003,36
TCCCAGTTTGAAACACACAT_004,129
TGCTGGTACTCAATCCAAGG_001,27
TGCTGGTACTCAATCCAAGG_002,147
TGCTGGTACTCAATCCAAGG_003,144
CGGCCACTTGTAGATAAACA_001,12
CGGCCACTTGTAGATAAACA_002,144
CGGCCACTTGTAGATAAACA_003,155
CGGCCACTTGTAGATAAACA_004,21
CGGCCACTTGTAGATAAACA_005,80
TTAATCAGGACCTCAACTCG_001,23
TTAATCAGGACCTCAACTCG_002,23
TTAATCAGGACCTCAACTCG_003,149
TTAATCAGGACCTCAACTCG_004,184
TTAATCAGGACCTCAACTCG_005,194
TTAATCAGGACCTCAACTCG_006,20
TTAATCAGGACCTCAACTCG_007,184
TTAATCAGGACCTCAACTCG_008,58
TTAATCAGGACCTCAACTCG_009,151
TTAATCAGGACCTCAACTCG_010,171
TTAATCAGGACCTCAACTCG_011,174
TTAATCAGGACCTCAACTCG_012,165
TTAATCAGGACCTCAACTCG_013,37
TTAATCAGGACCTCAACTCG_014,67
TTAATCAGGACCTCAACTCG_015,1
TTAATCAGGACCTCAACTCG_016,174
TTAATCAGGACCTCAACTCG_017,31
TTAATCAGGACCTCAACTCG_018,30
CTACCGCGCCTGGTATCGGG_001,97
CTACCGCGCCTGGTATCGGG_002,31
CTACCGCGCCTGGTATCGGG_003,23
CTACCGCGCCTGGTATCGGG_004,127
AATGCATTTGGAACATTGTG_001,12
AATGCATTTGGAACATTGTG_002,84
AATGCATTTGGAACATTGTG_003,95
AATGCATTTGGAACATTGTG_004,10
AATGCATTTGGAACATTGTG_005,94
AATGCATTTGGAACATTGTG_006,8
AATGCATTTGGAACATTGTG_007,52
AATGCATTTGGAACATTGTG_008,88
TAGAATGTCTCACATACGGA_001,143
TAGAATGTCTCACATACGGA_002,94
TAGAATGTCTCACATACGGA_003,12
AACATTGTAGAACTTGACCA_001,161
AACATTGTAGAACTTGACCA_002,170
AACATTGTAGAACTTGACCA_003,147
AACATTGTAGAACTTGACCA_004,162
AACATTGTAGAACTTGACCA_005,115
AACATTGTAGAACTTGACCA_006,56
AACATTGTAGAACTTGACCA_007,115
AACATTGTAGAACTTGACCA_008,136
AAGAATCGAAGTCCTCCATA_001,92
AAGAATCGAAGTCCTCCATA_002,194
AAGAATCGAAGTCCTCCATA_003,158
AAGAATCGAAGTCCTCCATA_004,6
AAGAATCGAAGTCCTCCATA_005,88
AAGAATCGAAGTCCTCCATA_006,9
AAGAATCGAAGTCCTCCATA_007,10
AAGAATCGAAGTCCTCCATA_008,15
AAGAATCGAAGTCCTCCATA_009,157
GCCCCTACCTGAGTGCCGTG_001,124
GCCCCTACCTGAGTGCCGTG_002,28
GCCCCTACCTGAGTGCCGTG_003,83
GCCCCTACCTGAGTGCCGTG_004,162
GCCCCTACCTGAGTGCCGTG_005,57
GCCCCTACCTGAGTGCCGTG_006,127
GCCCCTACCTGAGTGCCGTG_007,65
GCCCCTACCTGAGTGCCGTG_008,11
GCCCCTACCTGAGTGCCGTG_009,49
GCCCCTACCTGAGTGCCGTG_010,169
GCCCCTACCTGAGTGCCGTG_011,169
GCCCCTACCTGAGTGCCGTG_012,73
GCCCCTACCTGAGTGCCGTG_013,182
GCCCCTACCTGAGTGCCGTG_014,141
GCCCCTACCTGAGTGCCGTG_015,84
GCCCCTACCTGAGTGCCGTG_016,53
GCCCCTACCTGAGTGCCGTG_017,63
GCCCCTACCTGAGTGCCGTG_018,105
GCCCCTACCTGAGTGCCGTG_019,174
GCCCCTACCTGAGTGCCGTG_020,46
GCCCCTACCTGAGTGCCGTG_021,28
GCCCCTACCTGAGTGCCGTG_022,137
GCCCCTACCTGAGTGCCGTG_023,95
TGATAGGCCAGTTCTCTCGT_001,51
TGATAGGCCAGTTCTCTCGT_002,11
TGATAGGCCAGTTCTCTCGT_003,40
GGAGCCTGAGCCAGACCAGG_001,128
GGAGCCTGAGCCAGACCAGG_002,152
GGAGCCTGAGCCAGACCAGG_003,146
GGAGCCTGAGCCAGACCAGG_004,113
GGAGCCTGAGCCAGACCAGG_005,80
TGTGAGTTACGAAAAACACG_001,31
TACCTAAAAAACCAGAAGTC_001,95
TACCTAAAAAACCAGAAGTC_002,154
TACCTAAAAAACCAGAAGTC_003,103
TACCTAAAAAACCAGAAGTC_004,85
TACCTAAAAAACCAGAAGTC_005,60
TACCTAAAAAACCAGAAGTC_006,58
AACAGGAAGAATCCAGACCT_001,94
AACAGGAAGAATCCAGACCT_002,172
AACAGGAAGAATCCAGACCT_003,38
AACAGGAAGAATCCAGACCT_004,23
AACAGGAAGAATCCAGACCT_005,30
AACAGGAAGAATCCAGACCT_006,70
AACAGGAAGAATCCAGACCT_007,188
AACAGGAAGAATCCAGACCT_008,15
AACAGGAAGAATCCAGACCT_009,15
AACAGGAAGAATCCAGACCT_010,94
AACAGGAAGAATCCAGACCT_011,27
AACAGGAAGAATCCAGACCT_012,49
AACAGGAAGAATCCAGACCT_013,180
AACAGGAAGAATCCAGACCT_014,130
CACGGATGGCCTAAGCACCG_001,172
CACGGATGGCCTAAGCACCG_002,45
CACGGATGGCCTAAGCACCG_003,149
CACGGATGGCCTAAGCACCG_004,77
CACGGATGGCCTAAGCACCG_005,28
CACGGATGGCCTAAGCACCG_006,183
CACGGATGGCCTAAGCACCG_007,104
CACGGATGGCCTAAGCACCG_008,59
CACGGATGGCCTAAGCACCG_009,36
CACGGATGGCCTAAGCACCG_010,158
CACGGATGGCCTAAGCACCG_011,65
CACGGATGGCCTAAGCACCG_012,29
CACGGATGGCCTAAGCACCG_013,55
CACGGATGGCCTAAGCACCG_014,188
CACGGATGGCCTAAGCACCG_015,57
CACGGATGGCCTAAGCACCG_016,124
CACGGATGGCCTAAGCACCG_017,188
CACGGATGGCCTAAGCACCG_018,136
TGTAGTCAGTGGACAGCACG_001,29
TGTAGTCAGTGGACAGCACG_002,172
TGTAGTCAGTGGACAGCACG_003,20
TGTAGTCAGTGGACAGCACG_004,199
TGTAGTCAGTGGACAGCACG_005,185
TGTAGTCAGTGGACAGCACG_006,28
TGTAGTCAGTGGACAGCACG_007,147
TTGACCGTGAACTATCTCAG_001,139
TTGACCGTGAACTATCTCAG_002,173
TTGACCGTGAACTATCTCAG_003,174
TTGACCGTGAACTATCTCAG_004,48
TTGACCGTGAACTATCTCAG_005,170
TTGACCGTGAACTATCTCAG_006,9
ATTGACACTTGAGCCACACG_001,70
ATTGACACTTGAGCCACACG_002,17
ATTGACACTTGAGCCACACG_003,174
ATTGACACTTGAGCCACACG_004,107
ATTGACACTTGAGCCACACG_005,114
ATTGACACTTGAGCCACACG_006,94
ATTGACACTTGAGCCACACG_007,130
ATTGACACTTGAGCCACACG_008,147
ATTGACACTTGAGCCACACG_009,160
ATTGACACTTGAGCCACACG_010,83
ATTGACACTTGAGCCACACG_011,159
ATTGACACTTGAGCCACACG_012,68
ATTGACACTTGAGCCACACG_013,170
ATTGACACTTGAGCCACACG_014,17
ATTGACACTTGAGCCACACG_015,168
ATTGACACTTGAGCCACACG_016,51
TGGACCCCCAGCAAAGAATG_001,72
TGGACCCCCAGCAAAGAATG_002,138
TGGACCCCCAGCAAAGAATG_003,12
TGGACCCCCAGCAAAGAATG_004,5
TGGACCCCCAGCAAAGAATG_005,13
TGGACCCCCAGCAAAGAATG_006,164
TGGACCCCCAGCAAAGAATG_007,138
TGGACCCCCAGCAAAGAATG_008,164
TGGACCCCCAGCAAAGAATG_009,9
TGGACCCCCAGCAAAGAATG_010,161
TGGACCCCCAGCAAAGAATG_011,100
TTTGTGACATGGACACCGAG_001,62
TTTGTGACATGGACACCGAG_002,78
CTGAGGCAGAAGTCGCGGAG_001,182
CTGAGGCAGAAGTCGCGGAG_002,15
CTGAGGCAGAAGTCGCGGAG_003,48
CTGAGGCAGAAGTCGCGGAG_004,105
CTGAGGCAGAAGTCGCGGAG_005,192
CTGAGGCAGAAGTCGCGGAG_006,105
CTGAGGCAGAAGTCGCGGAG_007,23
CTGAGGCAGAAGTCGCGGAG_008,14
CTGAGGCAGAAGTCGCGGAG_009,162
GTTTATCATGGGCTACTCGG_001,52
GTTTATCATGGGCTACTCGG_002,113
GTTTATCATGGGCTACTCGG_003,56
GGCGGCGCGAGGTGAAACGG_001,165
GGCGGCGCGAGGTGAAACGG_002,147
GGCGGCGCGAGGTGAAACGG_003,147
GGCGGCGCGAGGTGAAACGG_004,175
GGCGGCGCGAGGTGAAACGG_005,127
GGCGGCGCGAGGTGAAACGG_006,47
GGCGGCGCGAGGTGAAACGG_007,54
GGCGGCGCGAGGTGAAACGG_008,28
GGCGGCGCGAGGTGAAACGG_009,160
GGCGGCGCGAGGTGAAACGG_010,42
GGCGGCGCGAGGTGAAACGG_011,116
CAGGAACGAGGTGTCCCCGA_001,105
CAGGAACGAGGTGTCCCCGA_002,72
CAGGAACGAGGTGTCCCCGA_003,119
CAGGAACGAGGTGTCCCCGA_004,150
CAGGAACGAGGTGTCCCCGA_005,111
CAGGAACGAGGTGTCCCCGA_006,173
CAGGAACGAGGTGTCCCCGA_007,67
CAGGAACGAGGTGTCCCCGA_008,29
CAGGAACGAGGTGTCCCCGA_009,98
CAGGAACGAGGTGTCCCCGA_010,185
CAGGAACGAGGTGTCCCCGA_011,174
CAGGAACGAGGTGTCCCCGA_012,130
CAGGAACGAGGTGTCCCCGA_013,81
CAGGAACGAGGTGTCCCCGA_014,68
CAGGAACGAGGTGTCCCCGA_015,96
ATACTGGAACAGCGATAACG_001,137
ATACTGGAACAGCGATAACG_002,94
ATACTGGAACAGCGATAACG_003,57
ATACTGGAACAGCGATAACG_004,2
ATACTGGAACAGCGATAACG_005,2
ATACTGGAACAGCGATAACG_006,164
CTCCTCGAATACATCATCGG_001,84
CTCCTCGAATACATCATCGG_002,97
CTCCTCGAATACATCATCGG_003,192
CTCCTCGAATACATCATCGG_004,14
CTCCTCGAATACATCATCGG_005,27
CTCCTCGAATACATCATCGG_006,164
AAAAAACACAAGCAAGACCG_001,84
AAAAAACACAAGCAAGACCG_002,160
AAAAAACACAAGCAAGACCG_003,28
AAAAAACACAAGCAAGACCG_004,69
AAAAAACACAAGCAAGACCG_005,12
AAAAAACACAAGCAAGACCG_006,154
AGGGGAAGATCGTCTTCTAG_001,17
AGGGGAAGATCGTCTTCTAG_002,194
AGGGGAAGATCGTCTTCTAG_003,141
AGGGGAAGATCGTCTTCTAG_004,82
AGGGGAAGATCGTCTTCTAG_005,199
TCTGGCTTAATGTCTGAAGG_001,165
TCTGGCTTAATGTCTGAAGG_002,177
TCTGGCTTAATGTCTGAAGG_003,120
TCTGGCTTAATGTCTGAAGG_004,93
TCTGGCTTAATGTCTGAAGG_005,110
TCTGGCTTAATGTCTGAAGG_006,76
TCTGGCTTAATGTCTGAAGG_007,150
TCTGGCTTAATGTCTGAAGG_008,130
TCTGGCTTAATGTCTGAAGG_009,43
TCTGGCTTAATGTCTGAAGG_010,149
TCTGGCTTAATGTCTGAAGG_011,187
TCTGGCTTAATGTCTGAAGG_012,148
TCTGGCTTAATGTCTGAAGG_013,127
GTAAGAAGTTTGATAGCTGT_001,166
CTGCCCCAGCAATTGGACAT_001,148
CTGCCCCAGCAATTGGACAT_002,19
CTGCCCCAGCAATTGGACAT_003,77
CTGCCCCAGCAATTGGACAT_004,12
CTGCCCCAGCAATTGGACAT_005,105
CTGCCCCAGCAATTGGACAT_006,49
CTGCCCCAGCAATTGGACAT_007,178
CTGCCCCAGCAATTGGACAT_008,158
CTGCCCCAGCAATTGGACAT_009,102
CTGCCCCAGCAATTGGACAT_010,41
CTGCCCCAGCAATTGGACAT_011,55
AACGCAAGCGGCTCTACCAG_001,79
AACGCAAGCGGCTCTACCAG_002,81
AACGCAAGCGGCTCTACCAG_003,26
AACGCAAGCGGCTCTACCAG_004,31
AACGCAAGCGGCTCTACCAG_005,70
AACGCAAGCGGCTCTACCAG_006,157
AACGCAAGCGGCTCTACCAG_007,28
AACGCAAGCGGCTCTACCAG_008,105
AACGCAAGCGGCTCTACCAG_009,176
AACGCAAGCGGCTCTACCAG_010,175
AACGCAAGCGGCTCTACCAG_011,56
AACGCAAGCGGCTCTACCAG_012,68
AACGCAAGCGGCTCTACCAG_013,116
AACGCAAGCGGCTCTACCAG_014,121
AACGCAAGCGGCTCTACCAG_015,35
AACGCAAGCGGCTCTACCAG_016,31
AACGCAAGCGGCTCTACCAG_017,18
AACGCAAGCGGCTCTACCAG_018,198
AACGCAAGCGGCTCTACCAG_019,52
AACGCAAGCGGCTCTACCAG_020,59
AACGCAAGCGGCTCTACCAG_021,17
AACGCAAGCGGCTCTACCAG_022,105
AACGCAAGCGGCTCTACCAG_023,150
AACGCAAGCGGCTCTACCAG_024,3
AACGCAAGCGGCTCTACCAG_025,51
AACGCAAGCGGCTCTACCAG_026,19
AACGCAAGCGGCTCTACCAG_027,114
AACGCAAGCGGCTCTACCAG_028,140
AACGCAAGCGGCTCTACCAG_029,138
AACGCAAGCGGCTCTACCAG_030,0
AACGCAAGCGGCTCTACCAG_031,90
AACGCAAGCGGCTCTACCAG_032,97
AACGCAAGCGGCTCTACCAG_033,77
TAGTGGGGATAGACCATCGG_001,140
TAGTGGGGATAGACCATCGG_002,190
TAGTGGGGATAGACCATCGG_003,190
CCAGCAGTCCATACTTATTG_001,90
CCAGCAGTCCATACTTATTG_002,35
CCAGCAGTCCATACTTATTG_003,197
CCAGCAGTCCATACTTATTG_004,33
CCAGCAGTCCATACTTATTG_005,172
AGAACACTCAAGAGATGCCT_001,36
AGAACACTCAAGAGATGCCT_002,195
AGAACACTCAAGAGATGCCT_003,155
AGAACACTCAAGAGATGCCT_004,4
AGAACACTCAAGAGATGCCT_005,147
AGAACACTCAAGAGATGCCT_006,27
AGAACACTCAAGAGATGCCT_007,42
AGAACACTCAAGAGATGCCT_008,106
AGAACACTCAAGAGATGCCT_009,78
AGAACACTCAAGAGATGCCT_010,177
AGAACACTCAAGAGATGCCT_011,91
AGAACACTCAAGAGATGCCT_012,34
AGAACACTCAAGAGATGCCT_013,59
AGAACACTCAAGAGATGCCT_014,60
AGAACACTCAAGAGATGCCT_015,190
AGAACACTCAAGAGATGCCT_016,127
AGAACACTCAAGAGATGCCT_017,134
AGAACACTCAAGAGATGCCT_018,94
AGAACACTCAAGAGATGCCT_019,146
AGGTACACTCAGCTGCTGAG_001,73
AGGTACACTCAGCTGCTGAG_002,102
AGGTACACTCAGCTGCTGAG_003,145
AGGTACACTCAGCTGCTGAG_004,15
AGGTACACTCAGCTGCTGAG_005,63
AGGTACACTCAGCTGCTGAG_006,137
AGCAACCAGCAACCTTACTC_001,45
AGCAACCAGCAACCTTACTC_002,134
AGCAACCAGCAACCTTACTC_003,80
AGCAACCAGCAACCTTACTC_004,41
AGCAACCAGCAACCTTACTC_005,146
AGCAACCAGCAACCTTACTC_006,29
AGCAACCAGCAACCTTACTC_007,61
AGCAACCAGCAACCTTACTC_008,187
AGCAACCAGCAACCTTACTC_009,190
AGCAACCAGCAACCTTACTC_010,62
AGCAACCAGCAACCTTACTC_011,0
AGCAACCAGCAACCTTACTC_012,17
AGCAACCAGCAACCTTACTC_013,127
AGCAACCAGCAACCTTACTC_014,141
AGCAACCAGCAACCTTACTC_015,173
AGCAACCAGCAACCTTACTC_016,173
AGCAACCAGCAACCTTACTC_017,173
CGGCGACGGAGTCCGCTCCG_001,83
CGGCGACGGAGTCCGCTCCG_002,44
CGGCGACGGAGTCCGCTCCG_003,58
CGGCGACGGAGTCCGCTCCG_004,116
CGGCGACGGAGTCCGCTCCG_005,137
CGGCGACGGAGTCCGCTCCG_006,136
GCTGACCACACCAACCTACG_001,98
GCTGACCACACCAACCTACG_002,63
TATGTAACTCAGGGCAACAT_001,194
TATGTAACTCAGGGCAACAT_002,15
TATGTAACTCAGGGCAACAT_003,36
TATGTAACTCAGGGCAACAT_004,138
TATGTAACTCAGGGCAACAT_005,3
ATGAGGCTGAGCAGTACACT_001,176
ATGAGGCTGAGCAGTACACT_002,116
ATGAGGCTGAGCAGTACACT_003,169
ATGAGGCTGAGCAGTACACT_004,188
ATGAGGCTGAGCAGTACACT_005,162
ATGAGGCTGAGCAGTACACT_006,68
ATGAGGCTGAGCAGTACACT_007,63
ATGAGGCTGAGCAGTACACT_008,106
ATGAGGCTGAGCAGTACACT_009,108
AACAAAAGTGGGGATCTCCG_001,0
AACAAAAGTGGGGATCTCCG_002,77
AACAAAAGTGGGGATCTCCG_003,176
AACAAAAGTGGGGATCTCCG_004,195
AACAAAAGTGGGGATCTCCG_005,60
AACAAAAGTGGGGATCTCCG_006,126
AACAAAAGTGGGGATCTCCG_007,136
AACAAAAGTGGGGATCTCCG_008,183
AACAAAAGTGGGGATCTCCG_009,194
AACAAAAGTGGGGATCTCCG_010,29
AACAAAAGTGGGGATCTCCG_011,63
AACAAAAGTGGGGATCTCCG_012,136
AACAAAAGTGGGGATCTCCG_013,168
ACGCCGTTCCACGGGCACGT_001,127
ACGCCGTTCCACGGGCACGT_002,185
ACGCCGTTCCACGGGCACGT_003,153
ACGCCGTTCCACGGGCACGT_004,177
ACGCCGTTCCACGGGCACGT_005,151
ACGCCGTTCCACGGGCACGT_006,170
ACGCCGTTCCACGGGCACGT_007,178
ACGCCGTTCCACGGGCACGT_008,197
ACGCCGTTCCACGGGCACGT_009,175
ACGCCGTTCCACGGGCACGT_010,49
CGGAGGCTGCCTCCAACACA_001,175
CGGAGGCTGCCTCCAACACA_002,23
CGGAGGCTGCCTCCAACACA_003,52
CGGAGGCTGCCTCCAACACA_004,78
CGGAGGCTGCCTCCAACACA_005,32
CGGAGGCTGCCTCCAACACA_006,54
CGGAGGCTGCCTCCAACACA_007,116
CGGAGGCTGCCTCCAACACA_008,42
CGGAGGCTGCCTCCAACACA_009,48
CGGAGGCTGCCTCCAACACA_010,137
CGGAGGCTGCCTCCAACACA_011,107
CGGAGGCTGCCTCCAACACA_012,9
CGGAGGCTGCCTCCAACACA_013,194
CGGAGGCTGCCTCCAACACA_014,120
CGGAGGCTGCCTCCAACACA_015,33
CGGAGGCTGCCTCCAACACA_016,155
CGGAGGCTGCCTCCAACACA_017,9
CGGAGGCTGCCTCCAACACA_018,162
CGGAGGCTGCCTCCAACACA_019,156
CGGAGGCTGCCTCCAACACA_020,8
CGGAGGCTGCCTCCAACACA_021,102
GATGTCTTCCCCACCGAGTG_001,48
GATGTCTTCCCCACCGAGTG_002,170
GATGTCTTCCCCACCGAGTG_003,0
GATGTCTTCCCCACCGAGTG_004,115
GATGTCTTCCCCACCGAGTG_005,144
GATGTCTTCCCCACCGAGTG_006,81
GATGTCTTCCCCACCGAGTG_007,1
GATGTCTTCCCCACCGAGTG_008,77
GATGTCTTCCCCACCGAGTG_009,10
GATGTCTTCCCCACCGAGTG_010,85
GATGTCTTCCCCACCGAGTG_011,185
GATGTCTTCCCCACCGAGTG_012,185
GATGTCTTCCCCACCGAGTG_013,11
TGAAAATAGAAAAGTGTGGC_001,147
TGAAAATAGAAAAGTGTGGC_002,19
TGAAAATAGAAAAGTGTGGC_003,149
TGAAAATAGAAAAGTGTGGC_004,149
AAAAGACCAGCAATCAAAGA_001,191
AAAAGACCAGCAATCAAAGA_002,29
AAAAGACCAGCAATCAAAGA_003,141
AAAAGACCAGCAATCAAAGA_004,154
AAAAGACCAGCAATCAAAGA_005,26
AAAAGACCAGCAATCAAAGA_006,41
AAAAGACCAGCAATCAAAGA_007,127
AAAAGACCAGCAATCAAAGA_008,37
AAAAGACCAGCAATCAAAGA_009,179
AAAAGACCAGCAATCAAAGA_010,104
AAAAGACCAGCAATCAAAGA_011,10
GAAGTGTCGAATGCTTATCC_001,95
GAAGTGTCGAATGCTTATCC_002,171
GAAGTGTCGAATGCTTATCC_003,178
GAAGTGTCGAATGCTTATCC_004,184
GAAGTGTCGAATGCTTATCC_005,101
GAAGTGTCGAATGCTTATCC_006,95
GAAGTGTCGAATGCTTATCC_007,3
GAAGTGTCGAATGCTTATCC_008,63
TGACAGGACTTTAGGTAGCG_001,83
TGACAGGACTTTAGGTAGCG_002,11
TGGAGCCCCCACAGGAGCCA_001,118
TGGAGCCCCCACAGGAGCCA_002,150
TGGAGCCCCCACAGGAGCCA_003,83
TGGAGCCCCCACAGGAGCCA_004,101
TGGAGCCCCCACAGGAGCCA_005,50
TGGAGCCCCCACAGGAGCCA_006,81
TGGAGCCCCCACAGGAGCCA_007,69
TGGAGCCCCCACAGGAGCCA_008,92
TGGAGCCCCCACAGGAGCCA_009,105
TGGAGCCCCCACAGGAGCCA_010,44
TGGAGCCCCCACAGGAGCCA_011,128
TGGAGCCCCCACAGGAGCCA_012,145
TGGAGCCCCCACAGGAGCCA_013,148
TGGAGCCCCCACAGGAGCCA_014,2
TGGAGCCCCCACAGGAGCCA_015,161
TGGAGCCCCCACAGGAGCCA_016,109
CCTTGTGTGCCTGGTATTCG_001,142
CCTTGTGTGCCTGGTATTCG_002,115
CCTTGTGTGCCTGGTATTCG_003,36
CCTTGTGTGCCTGGTATTCG_004,171
CCTTGTGTGCCTGGTATTCG_005,45
CCTTGTGTGCCTGGTATTCG_006,81
GCGGCCAACCTGACGCACCT_001,156
GCGGCCAACCTGACGCACCT_002,1
GCGGCCAACCTGACGCACCT_003,112
GCGGCCAACCTGACGCACCT_004,153
GCGGCCAACCTGACGCACCT_005,166
GCGGCCAACCTGACGCACCT_006,34
GCGGCCAACCTGACGCACCT_007,188
GCGGCCAACCTGACGCACCT_008,181
GCGGCCAACCTGACGCACCT_009,53
GCGGCCAACCTGACGCACCT_010,167
GCGGCCAACCTGACGCACCT_011,184
GCGGCCAACCTGACGCACCT_012,6
GCGGCCAACCTGACGCACCT_013,86
GCGGCCAACCTGACGCACCT_014,1
GCGGCCAACCTGACGCACCT_015,28
GCGGCCAACCTGACGCACCT_016,1
GCGGCCAACCTGACGCACCT_017,124
GCGGCCAACCTGACGCACCT_018,137
GCGGCCAACCTGACGCACCT_019,53
GCGGCCAACCTGACGCACCT_020,107
GCGGCCAACCTGACGCACCT_021,183
GCGGCCAACCTGACGCACCT_022,10
GCGGCCAACCTGACGCACCT_023,95
GCGGCCAACCTGACGCACCT_024,146
GCGGCCAACCTGACGCACCT_025,145
GCGGCCAACCTGACGCACCT_026,141
GCGGCCAACCTGACGCACCT_027,183
GCGGCCAACCTGACGCACCT_028,129
GCGGCCAACCTGACGCACCT_029,185
GCGGCCAACCTGACGCACCT_030,174
GCGGCCAACCTGACGCACCT_031,188
GCGGCCAACCTGACGCACCT_032,77
GCGGCCAACCTGACGCACCT_033,80
GCGGCCAACCTGACGCACCT_034,137
AGGCCCTGAACGCCTACCGG_001,27
AGGCCCTGAACGCCTACCGG_002,62
AGGCCCTGAACGCCTACCGG_003,85
AGGCCCTGAACGCCTACCGG_004,14
AGGCCCTGAACGCCTACCGG_005,31
AGGCCCTGAACGCCTACCGG_006,72
AGGCCCTGAACGCCTACCGG_007,7
AGGCCCTGAACGCCTACCGG_008,11
AGGCCCTGAACGCCTACCGG_009,48
AGGCCCTGAACGCCTACCGG_010,26
AGGCCCTGAACGCCTACCGG_011,40
AGGCCCTGAACGCCTACCGG_012,119
AGGCCCTGAACGCCTACCGG_013,81
AGGCCCTGAACGCCTACCGG_014,174
AGGCCCTGAACGCCTACCGG_015,61
AGGCCCTGAACGCCTACCGG_016,22
AGGCCCTGAACGCCTACCGG_017,121
AGGCCCTGAACGCCTACCGG_018,158
AGGCCCTGAACGCCTACCGG_019,172
AGGCCCTGAACGCCTACCGG_020,197
AGGCCCTGAACGCCTACCGG_021,75
AGGCCCTGAACGCCTACCGG_022,75
AGGCCCTGAACGCCTACCGG_023,37
AGGCCCTGAACGCCTACCGG_024,130
AGGCCCTGAACGCCTACCGG_025,58
AGGCCCTGAACGCCTACCGG_026,54
AGGCCCTGAACGCCTACCGG_027,158
AGGCCCTGAACGCCTACCGG_028,198
AGGCCCTGAACGCCTACCGG_029,79
AGGCCCTGAACGCCTACCGG_030,175
AGGCCCTGAACGCCTACCGG_031,151
AGGCCCTGAACGCCTACCGG_032,121
TCACCACCACGGGAACATTG_001,67
TCACCACCACGGGAACATTG_002,159
TCACCACCACGGGAACATTG_003,185
TCACCACCACGGGAACATTG_004,115
TCACCACCACGGGAACATTG_005,42
TCACCACCACGGGAACATTG_006,63
TCACCACCACGGGAACATTG_007,110
GATGGAGCTAAAACTCATGA_001,147
GATGGAGCTAAAACTCATGA_002,19
GATGGAGCTAAAACTCATGA_003,62
GATGGAGCTAAAACTCATGA_004,9
GATGGAGCTAAAACTCATGA_005,97
GATGGAGCTAAAACTCATGA_006,177
GATGGAGCTAAAACTCATGA_007,54
TGGTATGCAGCGTCAATGTG_001,168
TGGTATGCAGCGTCAATGTG_002,116
TGGTATGCAGCGTCAATGTG_003,178
TGGTATGCAGCGTCAATGTG_004,142
TGGTATGCAGCGTCAATGTG_005,70
TGGTATGCAGCGTCAATGTG_006,4
TGGTATGCAGCGTCAATGTG_007,177
TGGTATGCAGCGTCAATGTG_008,166
TGGTATGCAGCGTCAATGTG_009,19
TGGTATGCAGCGTCAATGTG_010,197
TGGTATGCAGCGTCAATGTG_011,188
TGGTATGCAGCGTCAATGTG_012,80
TGGTATGCAGCGTCAATGTG_013,69
TGGTATGCAGCGTCAATGTG_014,169
ATTTGGGGAAATCCTTCGGA_001,12
ATTTGGGGAAATCCTTCGGA_002,35
ATTTGGGGAAATCCTTCGGA_003,160
ATTTGGGGAAATCCTTCGGA_004,190
ATTTGGGGAAATCCTTCGGA_005,192
ATTTGGGGAAATCCTTCGGA_006,183
ATTTGGGGAAATCCTTCGGA_007,88
ATTTGGGGAAATCCTTCGGA_008,139
ATTTGGGGAAATCCTTCGGA_009,171
ATTTGGGGAAATCCTTCGGA_010,19
ATTTGGGGAAATCCTTCGGA_011,166
GGCGGTTACTACGCCCACGG_001,78
GGCGGTTACTACGCCCACGG_002,137
GGCGGTTACTACGCCCACGG_003,69
GGCGGTTACTACGCCCACGG_004,38
GGCGGTTACTACGCCCACGG_005,38
GGCGGTTACTACGCCCACGG_006,42
GAGCTCATAGTGAGAAACGT_001,35
GGAGACTCCTGCAACCTCAT_001,191
GGAGACTCCTGCAACCTCAT_002,43
GGAGACTCCTGCAACCTCAT_003,130
GGAGACTCCTGCAACCTCAT_004,52
CCGCGCATGACGGGCTTGCG_001,137
CCGCGCATGACGGGCTTGCG_002,85
CCGCGCATGACGGGCTTGCG_003,127
CCGCGCATGACGGGCTTGCG_004,183
CCGCGCATGACGGGCTTGCG_005,27
CCGCGCATGACGGGCTTGCG_006,103
CCGCGCATGACGGGCTTGCG_007,104
CCGCGCATGACGGGCTTGCG_008,150
CCGCGCATGACGGGCTTGCG_009,94
CCGCGCATGACGGGCTTGCG_010,156
CCGCGCATGACGGGCTTGCG_011,88
CCGCGCATGACGGGCTTGCG_012,34
CCGCGCATGACGGGCTTGCG_013,26
CCGCGCATGACGGGCTTGCG_014,76
CCGCGCATGACGGGCTTGCG_015,16
CCGCGCATGACGGGCTTGCG_016,77
CCGCGCATGACGGGCTTGCG_017,0
CCGCGCATGACGGGCTTGCG_018,127
CCGCGCATGACGGGCTTGCG_019,2
TATTGTCATGAATAGGACTG_001,72
TATTGTCATGAATAGGACTG_002,149
TATTGTCATGAATAGGACTG_003,149
TATTGTCATGAATAGGACTG_004,78
TATTGTCATGAATAGGACTG_005,58
TCAAAACTTTCATGCACCAA_001,75
TCAAAACTTTCATGCACCAA_002,76
TCAAAACTTTCATGCACCAA_003,3
TCAAAACTTTCATGCACCAA_004,77
AAAACTACGTACCATTCTGT_001,173
AAAACTACGTACCATTCTGT_002,111
AAAACTACGTACCATTCTGT_003,88
AAAACTACGTACCATTCTGT_004,24
AAAACTACGTACCATTCTGT_005,132
AAAACTACGTACCATTCTGT_006,102
AAACATCGTGAGTCCGACTG_001,57
AAACATCGTGAGTCCGACTG_002,49
AAACATCGTGAGTCCGACTG_003,105
AAACATCGTGAGTCCGACTG_004,170
AAACATCGTGAGTCCGACTG_005,62
AAACATCGTGAGTCCGACTG_006,162
AAACATCGTGAGTCCGACTG_007,154
AAACATCGTGAGTCCGACTG_008,190
AAACATCGTGAGTCCGACTG_009,148
AAACATCGTGAGTCCGACTG_010,13
AAACATCGTGAGTCCGACTG_011,83
AAACATCGTGAGTCCGACTG_012,8
AAACATCGTGAGTCCGACTG_013,195
AAACATCGTGAGTCCGACTG_014,50
AAACATCGTGAGTCCGACTG_015,162
AAACATCGTGAGTCCGACTG_016,124
AAACATCGTGAGTCCGACTG_017,23
AAACATCGTGAGTCCGACTG_018,72
AAACATCGTGAGTCCGACTG_019,144
AAACATCGTGAGTCCGACTG_020,58
AAACATCGTGAGTCCGACTG_021,33
AAACATCGTGAGTCCGACTG_022,52
AAACATCGTGAGTCCGACTG_023,62
AAACATCGTGAGTCCGACTG_024,127
AAACATCGTGAGTCCGACTG_025,116
AAACATCGTGAGTCCGACTG_026,93
AAACATCGTGAGTCCGACTG_027,162
AAACATCGTGAGTCCGACTG_028,9
AAACATCGTGAGTCCGACTG_029,184
AAACATCGTGAGTCCGACTG_030,148
AAACATCGTGAGTCCGACTG_031,184
AAACATCGTGAGTCCGACTG_032,45
AAACATCGTGAGTCCGACTG_033,58
AAACATCGTGAGTCCGACTG_034,113
AAACATCGTGAGTCCGACTG_035,149
AAACATCGTGAGTCCGACTG_036,41
AAACATCGTGAGTCCGACTG_037,19
AAACATCGTGAGTCCGACTG_038,48
AAACATCGTGAGTCCGACTG_039,10
AAACATCGTGAGTCCGACTG_040,101
AAACATCGTGAGTCCGACTG_041,81
AAACATCGTGAGTCCGACTG_042,78
AAACATCGTGAGTCCGACTG_043,78
AAACATCGTGAGTCCGACTG_044,144
AAACATCGTGAGTCCGACTG_045,117
AAACATCGTGAGTCCGACTG_046,4
AAACATCGTGAGTCCGACTG_047,173
AAACATCGTGAGTCCGACTG_048,27
AAACATCGTGAGTCCGACTG_049,62
AAACATCGTGAGTCCGACTG_050,175
AAACATCGTGAGTCCGACTG_051,87
AAACATCGTGAGTCCGACTG_052,33
AAACATCGTGAGTCCGACTG_053,171
AATGATGACAACAACAATGC_001,108
AATGATGACAACAACAATGC_002,24
AATGATGACAACAACAATGC_003,69
AATGATGACAACAACAATGC_004,188
AATGATGACAACAACAATGC_005,12
AATGATGACAACAACAATGC_006,142
AATGATGACAACAACAATGC_007,7
AATGATGACAACAACAATGC_008,167
AATGATGACAACAACAATGC_009,156
AATGATGACAACAACAATGC_010,116
AATGATGACAACAACAATGC_011,68
AATGATGACAACAACAATGC_012,78
AATGATGACAACAACAATGC_013,47
AATGATGACAACAACAATGC_014,98
AATGATGACAACAACAATGC_015,90
ATCCGAAGCATGCACGTTTG_001,48
ATCCGAAGCATGCACGTTTG_002,157
ATCCGAAGCATGCACGTTTG_003,4
ATCCGAAGCATGCACGTTTG_004,94
ATCCGAAGCATGCACGTTTG_005,8
ATCCGAAGCATGCACGTTTG_006,96
ATCCGAAGCATGCACGTTTG_007,105
ATCCGAAGCATGCACGTTTG_008,175
ATCCGAAGCATGCACGTTTG_009,47
ATCCGAAGCATGCACGTTTG_010,72
ATCCGAAGCATGCACGTTTG_011,119
ATCCGAAGCATGCACGTTTG_012,169
ATCCGAAGCATGCACGTTTG_013,156
ATCCGAAGCATGCACGTTTG_014,16
ATCCGAAGCATGCACGTTTG_015,193
ATCCGAAGCATGCACGTTTG_016,193
ATCCGAAGCATGCACGTTTG_017,48
ATCCGAAGCATGCACGTTTG_018,113
ATCCGAAGCATGCACGTTTG_019,164
ATCCGAAGCATGCACGTTTG_020,139
ATCCGAAGCATGCACGTTTG_021,7
ATCCGAAGCATGCACGTTTG_022,60
ATCCGAAGCATGCACGTTTG_023,165
ATCCGAAGCATGCACGTTTG_024,3
ATCCGAAGCATGCACGTTTG_025,152
ATCCGAAGCATGCACGTTTG_026,0
AGTGCCGGGAGAAGAGCACG_001,156
AGTGCCGGGAGAAGAGCACG_002,182
AGTGCCGGGAGAAGAGCACG_003,184
AGTGCCGGGAGAAGAGCACG_004,81
AGTGCCGGGAGAAGAGCACG_005,145
AGTGCCGGGAGAAGAGCACG_006,150
AGTGCCGGGAGAAGAGCACG_007,71
AGTGCCGGGAGAAGAGCACG_008,40
CCTAAAGGGGTTATTGATCG_001,152
CCTAAAGGGGTTATTGATCG_002,161
TCTTAGTTACCCTCAACAGT_001,38
TCTTAGTTACCCTCAACAGT_002,182
TCTTAGTTACCCTCAACAGT_003,121
TCTTAGTTACCCTCAACAGT_004,130
TCTTAGTTACCCTCAACAGT_005,151
TCTTAGTTACCCTCAACAGT_006,8
TCTTAGTTACCCTCAACAGT_007,148
CCCGAAGTGCGACACGAGTG_001,104
CCCGAAGTGCGACACGAGTG_002,51
CCCGAAGTGCGACACGAGTG_003,65
CCCGAAGTGCGACACGAGTG_004,176
CCCGAAGTGCGACACGAGTG_005,11
CCCGAAGTGCGACACGAGTG_006,148
CCCGAAGTGCGACACGAGTG_007,177
CCCGAAGTGCGACACGAGTG_008,144
CCCGAAGTGCGACACGAGTG_009,163
CCCGAAGTGCGACACGAGTG_010,147
CCCGAAGTGCGACACGAGTG_011,155
CCCGAAGTGCGACACGAGTG_012,104
CCCGAAGTGCGACACGAGTG_013,33
CCCGAAGTGCGACACGAGTG_014,133
CCCGAAGTGCGACACGAGTG_015,36
TGAGCACAGAGTCCCTGTAG_001,70
TGAGCACAGAGTCCCTGTAG_002,162
TGAGCACAGAGTCCCTGTAG_003,104
TGAGCACAGAGTCCCTGTAG_004,177
TGAGCACAGAGTCCCTGTAG_005,85
TGAGCACAGAGTCCCTGTAG_006,122
TGTGAAGCTCTACAACAGCG_001,139
TGTGAAGCTCTACAACAGCG_002,77
TGTGAAGCTCTACAACAGCG_003,169
TGTGAAGCTCTACAACAGCG_004,21
TTACACACCTTACACGCCCA_001,134
TTACACACCTTACACGCCCA_002,170
TTACACACCTTACACGCCCA_003,75
TTACACACCTTACACGCCCA_004,2
TTACACACCTTACACGCCCA_005,22
TTACACACCTTACACGCCCA_006,138
TTACACACCTTACACGCCCA_007,52
TTACACACCTTACACGCCCA_008,51
TTACACACCTTACACGCCCA_009,97
TTACACACCTTACACGCCCA_010,4
TTACACACCTTACACGCCCA_011,50
ATAGAAAGCACCGCCCCAAG_001,10
ATAGAAAGCACCGCCCCAAG_002,168
ATAGAAAGCACCGCCCCAAG_003,130
ATAGAAAGCACCGCCCCAAG_004,94
ATAGAAAGCACCGCCCCAAG_005,141
ATAGAAAGCACCGCCCCAAG_006,70
ATAGAAAGCACCGCCCCAAG_007,18
ATAGAAAGCACCGCCCCAAG_008,63
ATAGAAAGCACCGCCCCAAG_009,91
ATAGAAAGCACCGCCCCAAG_010,58
ATAGAAAGCACCGCCCCAAG_011,162
ATAGAAAGCACCGCCCCAAG_012,102
ATAGAAAGCACCGCCCCAAG_013,187
ATAGAAAGCACCGCCCCAAG_014,45
ATAGAAAGCACCGCCCCAAG_015,78
ATAGAAAGCACCGCCCCAAG_016,118
ATAGAAAGCACCGCCCCAAG_017,151
ATAGAAAGCACCGCCCCAAG_018,60
ATAGAAAGCACCGCCCCAAG_019,148
ATAGAAAGCACCGCCCCAAG_020,19
ATAGAAAGCACCGCCCCAAG_021,28
ATAGAAAGCACCGCCCCAAG_022,137
ATAGAAAGCACCGCCCCAAG_023,170
ATAGAAAGCACCGCCCCAAG_024,52
ATAGAAAGCACCGCCCCAAG_025,4
ATAGAAAGCACCGCCCCAAG_026,66
ATAGAAAGCACCGCCCCAAG_027,185
GCACATCGGAGCGGGCAATG_001,50
GCACATCGGAGCGGGCAATG_002,167
GCACATCGGAGCGGGCAATG_003,68
GCACATCGGAGCGGGCAATG_004,148
TATTGACAACTGGTGCCGGA_001,194
TATTGACAACTGGTGCCGGA_002,163
TATTGACAACTGGTGCCGGA_003,66
TATTGACAACTGGTGCCGGA_004,166
TATTGACAACTGGTGCCGGA_005,164
TATTGACAACTGGTGCCGGA_006,124
GGTCACTGTCGCGTAGTACG_001,130
ACTGGTATTAATTGACTATG_001,105
ACTGGTATTAATTGACTATG_002,12
ACTGGTATTAATTGACTATG_003,104
ACTGGTATTAATTGACTATG_004,194
ACTGGTATTAATTGACTATG_005,149
ACTGGTATTAATTGACTATG_006,45
ACCTTGAGCAGGATGGACGG_001,32
ACCTTGAGCAGGATGGACGG_002,145
ACCTTGAGCAGGATGGACGG_003,11
ACCTTGAGCAGGATGGACGG_004,188
ACCTTGAGCAGGATGGACGG_005,192
ACCTTGAGCAGGATGGACGG_006,19
ACCTTGAGCAGGATGGACGG_007,149
ACCTTGAGCAGGATGGACGG_008,41
ACCTTGAGCAGGATGGACGG_009,26
ACCTTGAGCAGGATGGACGG_010,46
ACCTTGAGCAGGATGGACGG_011,49
ACCTTGAGCAGGATGGACGG_012,82
ACCTTGAGCAGGATGGACGG_013,42
ACCTTGAGCAGGATGGACGG_014,68
ACCTTGAGCAGGATGGACGG_015,48
ACCTTGAGCAGGATGGACGG_016,91
ACCTTGAGCAGGATGGACGG_017,176
ACCTTGAGCAGGATGGACGG_018,160
ACCTTGAGCAGGATGGACGG_019,27
ACCTTGAGCAGGATGGACGG_020,57
ACCTTGAGCAGGATGGACGG_021,125
ACCTTGAGCAGGATGGACGG_022,39
ACCTTGAGCAGGATGGACGG_023,42
ACCTTGAGCAGGATGGACGG_024,36
ACCTTGAGCAGGATGGACGG_025,72
ACCTTGAGCAGGATGGACGG_026,139
ACCTTGAGCAGGATGGACGG_027,107
ACCTTGAGCAGGATGGACGG_028,37
ACCTTGAGCAGGATGGACGG_029,130
GAAGCAGAGGCTCTTCAGGG_001,115
GAAGCAGAGGCTCTTCAGGG_002,149
GAAGCAGAGGCTCTTCAGGG_003,144
GAAGCAGAGGCTCTTCAGGG_004,176
GAAGCAGAGGCTCTTCAGGG_005,17
GAAGCAGAGGCTCTTCAGGG_006,183
GAAGCAGAGGCTCTTCAGGG_007,119
GAAGCAGAGGCTCTTCAGGG_008,59
GAAGCAGAGGCTCTTCAGGG_009,181
GAAGCAGAGGCTCTTCAGGG_010,134
GAAGCAGAGGCTCTTCAGGG_011,60
GAAGCAGAGGCTCTTCAGGG_012,98
GAAGCAGAGGCTCTTCAGGG_013,162
CAACCAAGGTAGACGCTCGG_001,147
CAACCAAGGTAGACGCTCGG_002,40
CAACCAAGGTAGACGCTCGG_003,112
CAACCAAGGTAGACGCTCGG_004,128
CAACCAAGGTAGACGCTCGG_005,46
CAACCAAGGTAGACGCTCGG_006,176
CCTTTGCAAATGCCTCGGCA_001,163
CCTTTGCAAATGCCTCGGCA_002,65
CCTTTGCAAATGCCTCGGCA_003,36
CCTTTGCAAATGCCTCGGCA_004,178
CCTTTGCAAATGCCTCGGCA_005,60
CCTTTGCAAATGCCTCGGCA_006,58
CCTTTGCAAATGCCTCGGCA_007,49
CCTTTGCAAATGCCTCGGCA_008,96
GCGCGTTAGTGGCCCCTACG_001,154
GCGCGTTAGTGGCCCCTACG_002,116
GCGCGTTAGTGGCCCCTACG_003,113
GCGCGTTAGTGGCCCCTACG_004,2
GCGCGTTAGTGGCCCCTACG_005,9
GCGCGTTAGTGGCCCCTACG_006,71
GAATCGGAACTTACTTCTCA_001,56
GAATCGGAACTTACTTCTCA_002,137
GAATCGGAACTTACTTCTCA_003,190
GAATCGGAACTTACTTCTCA_004,105
GAATCGGAACTTACTTCTCA_005,127
GAATCGGAACTTACTTCTCA_006,139
GAATCGGAACTTACTTCTCA_007,171
GAATCGGAACTTACTTCTCA_008,183
GAATCGGAACTTACTTCTCA_009,6
GAATCGGAACTTACTTCTCA_010,1
GAATCGGAACTTACTTCTCA_011,27
TCAAGGGATAGACGTCGAGG_001,104
TCAAGGGATAGACGTCGAGG_002,195
TCAAGGGATAGACGTCGAGG_003,89
TCAAGGGATAGACGTCGAGG_004,74
TCAAGGGATAGACGTCGAGG_005,74
TCAAGGGATAGACGTCGAGG_006,48
TCAAGGGATAGACGTCGAGG_007,108
TCAAGGGATAGACGTCGAGG_008,141
TCAAGGGATAGACGTCGAGG_009,0
TCAAGGGATAGACGTCGAGG_010,142
TCATGAGGGGTTAACTCCAG_001,96
TCATGAGGGGTTAACTCCAG_002,96
TCATGAGGGGTTAACTCCAG_003,158
TCATGAGGGGTTAACTCCAG_004,121
TCATGAGGGGTTAACTCCAG_005,10
ACGTGTACTTGGTAATACGT_001,112
ACGTGTACTTGGTAATACGT_002,49
GTGTGCTGGCCTCCAACGCC_001,158
GTGTGCTGGCCTCCAACGCC_002,78
GTGTGCTGGCCTCCAACGCC_003,152
GTGTGCTGGCCTCCAACGCC_004,25
GTGTGCTGGCCTCCAACGCC_005,182
GTGTGCTGGCCTCCAACGCC_006,178
GTGTGCTGGCCTCCAACGCC_007,147
GTGTGCTGGCCTCCAACGCC_008,40
GTGTGCTGGCCTCCAACGCC_009,50
GTGTGCTGGCCTCCAACGCC_010,50
GTGTGCTGGCCTCCAACGCC_011,184
GTGTGCTGGCCTCCAACGCC_012,116
CCTGCCCTACCTCTCCCAAG_001,57
CCTGCCCTACCTCTCCCAAG_002,152
GGATGGCTACAAAGTTATTG_001,160
GGATGGCTACAAAGTTATTG_002,166
GGATGGCTACAAAGTTATTG_003,26
GGATGGCTACAAAGTTATTG_004,14
GGATGGCTACAAAGTTATTG_005,105
GGATGGCTACAAAGTTATTG_006,63
GGATGGCTACAAAGTTATTG_007,197
ATTTCCCTTTAAAACGGTCA_001,181
ATTTCCCTTTAAAACGGTCA_002,48
ATTTCCCTTTAAAACGGTCA_003,24
ATTTCCCTTTAAAACGGTCA_004,48
ATTTCCCTTTAAAACGGTCA_005,28
AGGCCATCAGAGATTTGCCG_001,98
AGGCCATCAGAGATTTGCCG_002,132
AGGCCATCAGAGATTTGCCG_003,106
AGGCCATCAGAGATTTGCCG_004,122
AGGCCATCAGAGATTTGCCG_005,159
AGGCCATCAGAGATTTGCCG_006,34
AGGCCATCAGAGATTTGCCG_007,129
AGGCCATCAGAGATTTGCCG_008,12
AGGCCATCAGAGATTTGCCG_009,76
AGGCCATCAGAGATTTGCCG_010,116
AGGCCATCAGAGATTTGCCG_011,52
AGGCCATCAGAGATTTGCCG_012,192
AGGCCATCAGAGATTTGCCG_013,98
AGGCCATCAGAGATTTGCCG_014,192
AGGCCATCAGAGATTTGCCG_015,47
AGGCCATCAGAGATTTGCCG_016,22
AGGCCATCAGAGATTTGCCG_017,95
AGGCCATCAGAGATTTGCCG_018,184
AGGCCATCAGAGATTTGCCG_019,19
AGGCCATCAGAGATTTGCCG_020,65
AGGCCATCAGAGATTTGCCG_021,110
AGGCCATCAGAGATTTGCCG_022,193
AGGCCATCAGAGATTTGCCG_023,26
AGGCCATCAGAGATTTGCCG_024,77
AGGCCATCAGAGATTTGCCG_025,105
ACTGGGGACTAGACACCATG_001,7
ACTGGGGACTAGACACCATG_002,160
ACTGGGGACTAGACACCATG_003,101
ACTGGGGACTAGACACCATG_004,1
ACTGGGGACTAGACACCATG_005,189
ACTGGGGACTAGACACCATG_006,154
AGTGCTGGTAGCCTTCGACG_001,130
AGTGCTGGTAGCCTTCGACG_002,64
AGTGCTGGTAGCCTTCGACG_003,140
AGTGCTGGTAGCCTTCGACG_004,60
AGTGCTGGTAGCCTTCGACG_005,174
GCTTATCCTCAAGACACACG_001,197
GCTTATCCTCAAGACACACG_002,103
GCTTATCCTCAAGACACACG_003,59
GCTTATCCTCAAGACACACG_004,1
GCTTATCCTCAAGACACACG_005,133
GCTTATCCTCAAGACACACG_006,184
GCTTATCCTCAAGACACACG_007,78
GCTTATCCTCAAGACACACG_008,48
GCTTATCCTCAAGACACACG_009,52
GCTTATCCTCAAGACACACG_010,28
AGAACTCAACAACAACGAGA_001,34
AGAACTCAACAACAACGAGA_002,84
AGAACTCAACAACAACGAGA_003,188
AGAACTCAACAACAACGAGA_004,188
AGAACTCAACAACAACGAGA_005,88
AGAACTCAACAACAACGAGA_006,156
AGAACTCAACAACAACGAGA_007,172
AGAACTCAACAACAACGAGA_008,190
AGAACTCAACAACAACGAGA_009,127
AGAACTCAACAACAACGAGA_010,89
AGAACTCAACAACAACGAGA_011,123
AGAACTCAACAACAACGAGA_012,188
AGAACTCAACAACAACGAGA_013,94
AGAACTCAACAACAACGAGA_014,96
GGAATTTGACGATGCCACCG_001,22
GGAATTTGACGATGCCACCG_002,142
GGAATTTGACGATGCCACCG_003,177
GGAATTTGACGATGCCACCG_004,113
GGAATTTGACGATGCCACCG_005,47
GGAATTTGACGATGCCACCG_006,177
GGAATTTGACGATGCCACCG_007,111
TTTGAAACATCGAGTGCATT_001,112
TTTGAAACATCGAGTGCATT_002,94
TTTGAAACATCGAGTGCATT_003,158
TTTGAAACATCGAGTGCATT_004,49
TTTGAAACATCGAGTGCATT_005,91
ACATGCCCTGGAACATCACG_001,77
ACATGCCCTGGAACATCACG_002,53
ACATGCCCTGGAACATCACG_003,152
TCACGTTGACATAGAGTGGA_001,118
CGAAGCCATTGGTGATGCCG_001,72
CGAAGCCATTGGTGATGCCG_002,46
CGAAGCCATTGGTGATGCCG_003,188
CGAAGCCATTGGTGATGCCG_004,49
CGAAGCCATTGGTGATGCCG_005,19
CGAAGCCATTGGTGATGCCG_006,42
CGAAGCCATTGGTGATGCCG_007,115
CGAAGCCATTGGTGATGCCG_008,67
CGAAGCCATTGGTGATGCCG_009,187
CGAAGCCATTGGTGATGCCG_010,191
CGAAGCCATTGGTGATGCCG_011,137
CGAAGCCATTGGTGATGCCG_012,148
CGAAGCCATTGGTGATGCCG_013,8
CGAAGCCATTGGTGATGCCG_014,160
GCTGCTCCTTCTAGTGTGGG_001,14
GCTGCTCCTTCTAGTGTGGG_002,131
GCTGCTCCTTCTAGTGTGGG_003,198
AGAGGGTACTTACGTTTCTC_001,146
AGAGGGTACTTACGTTTCTC_002,145
AGAGGGTACTTACGTTTCTC_003,115
AGAGGGTACTTACGTTTCTC_004,41
CATCTCTGATCATTAGTGGG_001,24
CATCTCTGATCATTAGTGGG_002,18
CATCTCTGATCATTAGTGGG_003,106
GAATGTTAGTAACCCGACCT_001,158
GAATGTTAGTAACCCGACCT_002,174
GAATGTTAGTAACCCGACCT_003,175
GAATGTTAGTAACCCGACCT_004,192
GAATGTTAGTAACCCGACCT_005,96
CTCCCCGCTAGAGTATGCTC_001,58
CTCCCCGCTAGAGTATGCTC_002,95
CTCCCCGCTAGAGTATGCTC_003,151
CTCCCCGCTAGAGTATGCTC_004,13
CTCCCCGCTAGAGTATGCTC_005,74
CTCCCCGCTAGAGTATGCTC_006,75
CTCCCCGCTAGAGTATGCTC_007,76
CTCCCCGCTAGAGTATGCTC_008,11
TAGAGGAACTGTGAGCTCGT_001,84
TAGAGGAACTGTGAGCTCGT_002,29
TAGAGGAACTGTGAGCTCGT_003,182
TAGAGGAACTGTGAGCTCGT_004,126
TAGAGGAACTGTGAGCTCGT_005,29
TAGAGGAACTGTGAGCTCGT_006,118
TAGAGGAACTGTGAGCTCGT_007,58
TAGAGGAACTGTGAGCTCGT_008,34
TAGAGGAACTGTGAGCTCGT_009,75
TAGAGGAACTGTGAGCTCGT_010,110
TAGAGGAACTGTGAGCTCGT_011,77
TAGAGGAACTGTGAGCTCGT_012,2
TAGAGGAACTGTGAGCTCGT_013,177
TAGAGGAACTGTGAGCTCGT_014,118
TAGAGGAACTGTGAGCTCGT_015,160
TGGGGCAATCAGCCTTGCTG_001,185
TGGGGCAATCAGCCTTGCTG_002,49
TGGGGCAATCAGCCTTGCTG_003,55
TGGGGCAATCAGCCTTGCTG_004,73
AGTGTCCCAACCTTAAAACA_001,196
AGTGTCCCAACCTTAAAACA_002,145
AGTGTCCCAACCTTAAAACA_003,176
AGTGTCCCAACCTTAAAACA_004,27
AGTGTCCCAACCTTAAAACA_005,48
AGTGTCCCAACCTTAAAACA_006,153
CTTCGTATACTTGATTGGAG_001,20
CTTCGTATACTTGATTGGAG_002,29
TCGACCGGCACAAACAGCTG_001,81
TCGACCGGCACAAACAGCTG_002,170
TCGACCGGCACAAACAGCTG_003,128
TCGACCGGCACAAACAGCTG_004,115
TCGACCGGCACAAACAGCTG_005,22
TCGACCGGCACAAACAGCTG_006,118
TCGACCGGCACAAACAGCTG_007,94
TCGACCGGCACAAACAGCTG_008,189
TCGACCGGCACAAACAGCTG_009,116
TCGACCGGCACAAACAGCTG_010,56
TCGACCGGCACAAACAGCTG_011,166
TCGACCGGCACAAACAGCTG_012,181
TCGACCGGCACAAACAGCTG_013,186
TCGACCGGCACAAACAGCTG_014,186
TCGACCGGCACAAACAGCTG_015,68
TCGACCGGCACAAACAGCTG_016,69
TCGACCGGCACAAACAGCTG_017,82
TCGACCGGCACAAACAGCTG_018,141
TCGACCGGCACAAACAGCTG_019,98
TCGACCGGCACAAACAGCTG_020,169
TCGACCGGCACAAACAGCTG_021,34
TCGACCGGCACAAACAGCTG_022,137
TCGACCGGCACAAACAGCTG_023,116
TCGACCGGCACAAACAGCTG_024,34
TCGACCGGCACAAACAGCTG_025,59
TCGACCGGCACAAACAGCTG_026,58
TCGACCGGCACAAACAGCTG_027,46
TCGACCGGCACAAACAGCTG_028,165
TCGACCGGCACAAACAGCTG_029,104
TCGACCGGCACAAACAGCTG_030,43
AATGAGAACACCTCATTGGG_001,77
AATGAGAACACCTCATTGGG_002,129
AATGAGAACACCTCATTGGG_003,184
AATGAGAACACCTCATTGGG_004,63
AATGAGAACACCTCATTGGG_005,75
AATGAGAACACCTCATTGGG_006,26
AATGAGAACACCTCATTGGG_007,129
CCACGTCTTGAAGTCGACGC_001,72
CCACGTCTTGAAGTCGACGC_002,108
CCACGTCTTGAAGTCGACGC_003,130
CCACGTCTTGAAGTCGACGC_004,106
CCACGTCTTGAAGTCGACGC_005,181
CTGACCAAGATGTACCCGCG_001,77
CTGACCAAGATGTACCCGCG_002,158
CTGACCAAGATGTACCCGCG_003,150
CTGACCAAGATGTACCCGCG_004,145
CTGACCAAGATGTACCCGCG_005,170
CTGACCAAGATGTACCCGCG_006,41
CTGACCAAGATGTACCCGCG_007,199
CTGACCAAGATGTACCCGCG_008,167
CTGACCAAGATGTACCCGCG_009,106
ATCAGCAGCAGAGACTTCCG_001,60
ATCAGCAGCAGAGACTTCCG_002,114
ATCAGCAGCAGAGACTTCCG_003,91
ATCAGCAGCAGAGACTTCCG_004,162
ATCAGCAGCAGAGACTTCCG_005,62
ATCAGCAGCAGAGACTTCCG_006,52
ATCAGCAGCAGAGACTTCCG_007,9
ATCAGCAGCAGAGACTTCCG_008,162
ATCAGCAGCAGAGACTTCCG_009,197
ATCAGCAGCAGAGACTTCCG_010,183
ATCAGCAGCAGAGACTTCCG_011,146
ATCAGCAGCAGAGACTTCCG_012,21
ATCAGCAGCAGAGACTTCCG_013,51
ATCAGCAGCAGAGACTTCCG_014,12
ATCAGCAGCAGAGACTTCCG_015,171
ATCAGCAGCAGAGACTTCCG_016,70
ATCAGCAGCAGAGACTTCCG_017,105
ATCAGCAGCAGAGACTTCCG_018,161
ATCAGCAGCAGAGACTTCCG_019,94
ATCAGCAGCAGAGACTTCCG_020,88
ATCAGCAGCAGAGACTTCCG_021,97
ATCAGCAGCAGAGACTTCCG_022,47
CCCATAGGGGACGTACACGA_001,193
CCCATAGGGGACGTACACGA_002,194
CCCATAGGGGACGTACACGA_003,104
CCCATAGGGGACGTACACGA_004,113
CCCATAGGGGACGTACACGA_005,54
CCCATAGGGGACGTACACGA_006,142
CCCATAGGGGACGTACACGA_007,106
CCCATAGGGGACGTACACGA_008,34
CCCATAGGGGACGTACACGA_009,74
CCCATAGGGGACGTACACGA_010,127
CCCATAGGGGACGTACACGA_011,192
CCCATAGGGGACGTACACGA_012,141
CCCATAGGGGACGTACACGA_013,125
CCCATAGGGGACGTACACGA_014,144
CCCATAGGGGACGTACACGA_015,53
CCCATAGGGGACGTACACGA_016,23
CCCATAGGGGACGTACACGA_017,61
CCCATAGGGGACGTACACGA_018,61
CCCATAGGGGACGTACACGA_019,40
CCCATAGGGGACGTACACGA_020,113
CCCATAGGGGACGTACACGA_021,19
CCCATAGGGGACGTACACGA_022,136
CCCATAGGGGACGTACACGA_023,112
CCCATAGGGGACGTACACGA_024,112
CCCATAGGGGACGTACACGA_025,94
CCCATAGGGGACGTACACGA_026,68
CCCATAGGGGACGTACACGA_027,65
GACATCCCGTTGTACCTGAA_001,185
GACATCCCGTTGTACCTGAA_002,72
GACATCCCGTTGTACCTGAA_003,182
GACATCCCGTTGTACCTGAA_004,79
GACATCCCGTTGTACCTGAA_005,191
GACATCCCGTTGTACCTGAA_006,97
GACATCCCGTTGTACCTGAA_007,111
GACATCCCGTTGTACCTGAA_008,6
GACATCCCGTTGTACCTGAA_009,47
GACATCCCGTTGTACCTGAA_010,156
GACATCCCGTTGTACCTGAA_011,60
GACATCCCGTTGTACCTGAA_012,4
GACATCCCGTTGTACCTGAA_013,99
GACATCCCGTTGTACCTGAA_014,188
GACATCCCGTTGTACCTGAA_015,69
GACATCCCGTTGTACCTGAA_016,108
GACATCCCGTTGTACCTGAA_017,68
GACATCCCGTTGTACCTGAA_018,100
GACATCCCGTTGTACCTGAA_019,36
GACATCCCGTTGTACCTGAA_020,144
GACATCCCGTTGTACCTGAA_021,144
GACATCCCGTTGTACCTGAA_022,78
GACATCCCGTTGTACCTGAA_023,67
GACATCCCGTTGTACCTGAA_024,16
GACATCCCGTTGTACCTGAA_025,147
GACATCCCGTTGTACCTGAA_026,97
GACATCCCGTTGTACCTGAA_027,160
GACATCCCGTTGTACCTGAA_028,51
GACATCCCGTTGTACCTGAA_029,78
TTCTCCCCAGTATTCTAGAT_001,74
TTCTCCCCAGTATTCTAGAT_002,172
TTCTCCCCAGTATTCTAGAT_003,81
AGAAGCATATTATGTCGGAG_001,32
GTACCAACGAAACAATCCTG_001,12
GTACCAACGAAACAATCCTG_002,142
GTACCAACGAAACAATCCTG_003,105
GTACCAACGAAACAATCCTG_004,169
GTACCAACGAAACAATCCTG_005,46
GTACCAACGAAACAATCCTG_006,188
GTACCAACGAAACAATCCTG_007,113
GTACCAACGAAACAATCCTG_008,126
GTACCAACGAAACAATCCTG_009,160
GTACCAACGAAACAATCCTG_010,4
GTACCAACGAAACAATCCTG_011,130
GTACCAACGAAACAATCCTG_012,98
GTACCAACGAAACAATCCTG_013,49
GTACCAACGAAACAATCCTG_014,52
GTACCAACGAAACAATCCTG_015,76
GTACCAACGAAACAATCCTG_016,2
GTACCAACGAAACAATCCTG_017,88
GTACCAACGAAACAATCCTG_018,26
CTTACGTCGCAACGCCAAGG_001,5
CTTACGTCGCAACGCCAAGG_002,107
CTTACGTCGCAACGCCAAGG_003,35
CTTACGTCGCAACGCCAAGG_004,137
CTTACGTCGCAACGCCAAGG_005,64
CTTACGTCGCAACGCCAAGG_006,6
TGTGCAGACTGCTTAGCCGT_001,137
TGTGCAGACTGCTTAGCCGT_002,88
TGTGCAGACTGCTTAGCCGT_003,81
TGTGCAGACTGCTTAGCCGT_004,69
TGTGCAGACTGCTTAGCCGT_005,144
TGTGCAGACTGCTTAGCCGT_006,96
TGTGCAGACTGCTTAGCCGT_007,159
TGTGCAGACTGCTTAGCCGT_008,167
TGTGCAGACTGCTTAGCCGT_009,104
TTATCAGAAGGAAATTTCCG_001,9
TTATCAGAAGGAAATTTCCG_002,77
TTATCAGAAGGAAATTTCCG_003,184
CGGCGACGAGAGTTACCAGG_001,191
CGGCGACGAGAGTTACCAGG_002,122
CGGCGACGAGAGTTACCAGG_003,118
CGGCGACGAGAGTTACCAGG_004,93
CGGCGACGAGAGTTACCAGG_005,188
CGGCGACGAGAGTTACCAGG_006,197
CGGCGACGAGAGTTACCAGG_007,158
CGGCGACGAGAGTTACCAGG_008,68
CGGCGACGAGAGTTACCAGG_009,64
CGGCGACGAGAGTTACCAGG_010,83
CGGCGACGAGAGTTACCAGG_011,95
CGGCGACGAGAGTTACCAGG_012,161
CGGCGACGAGAGTTACCAGG_013,174
CGGCGACGAGAGTTACCAGG_014,190
CGGCGACGAGAGTTACCAGG_015,27
CGGCGACGAGAGTTACCAGG_016,10
CGGCGACGAGAGTTACCAGG_017,0
CGGCGACGAGAGTTACCAGG_018,57
CGGCGACGAGAGTTACCAGG_019,125
CAGCAGGAGGGCTGACAGCA_001,110
CAGCAGGAGGGCTGACAGCA_002,60
CAGCAGGAGGGCTGACAGCA_003,150
CAGCAGGAGGGCTGACAGCA_004,58
CAGCAGGAGGGCTGACAGCA_005,171
CAGCAGGAGGGCTGACAGCA_006,129
GGGGCGAGGAGCCTCCTCGG_001,12
GGGGCGAGGAGCCTCCTCGG_002,41
GGGGCGAGGAGCCTCCTCGG_003,103
GGGGCGAGGAGCCTCCTCGG_004,144
GGGGCGAGGAGCCTCCTCGG_005,97
GGGGCGAGGAGCCTCCTCGG_006,150
GGGGCGAGGAGCCTCCTCGG_007,41
GGGGCGAGGAGCCTCCTCGG_008,172
GGGGCGAGGAGCCTCCTCGG_009,159
GGGGCGAGGAGCCTCCTCGG_010,48
GGGGCGAGGAGCCTCCTCGG_011,62
TCAGGATTAAGCCTATCGTA_001,172
TCAGGATTAAGCCTATCGTA_002,62
TCAGGATTAAGCCTATCGTA_003,137
TCAGGATTAAGCCTATCGTA_004,127
TCAGGATTAAGCCTATCGTA_005,151
TCAGGATTAAGCCTATCGTA_006,28
AGGTGGAAATGCACTCCCGG_001,37
AGGTGGAAATGCACTCCCGG_002,121
AGGTGGAAATGCACTCCCGG_003,15
AGGTGGAAATGCACTCCCGG_004,43
AGGTGGAAATGCACTCCCGG_005,15
AGGTGGAAATGCACTCCCGG_006,160
AGGTGGAAATGCACTCCCGG_007,40
AGGTGGAAATGCACTCCCGG_008,101
AGGTGGAAATGCACTCCCGG_009,84
AGGTGGAAATGCACTCCCGG_010,188
AGGTGGAAATGCACTCCCGG_011,113
AGGTGGAAATGCACTCCCGG_012,34
AGGTGGAAATGCACTCCCGG_013,15
AGGTGGAAATGCACTCCCGG_014,52
AGGTGGAAATGCACTCCCGG_015,82
AGGTGGAAATGCACTCCCGG_016,125
AGGTGGAAATGCACTCCCGG_017,57
AGGTGGAAATGCACTCCCGG_018,172
AGGTGGAAATGCACTCCCGG_019,168
AGGTGGAAATGCACTCCCGG_020,12
AGGTGGAAATGCACTCCCGG_021,49
AGGTGGAAATGCACTCCCGG_022,140
AGGTGGAAATGCACTCCCGG_023,19
AGGTGGAAATGCACTCCCGG_024,113
AGGTGGAAATGCACTCCCGG_025,199
AGGTGGAAATGCACTCCCGG_026,152
AGGTGGAAATGCACTCCCGG_027,12
AGGTGGAAATGCACTCCCGG_028,78
AGGTGGAAATGCACTCCCGG_029,13
CCTATCCTCTTGACGATCGG_001,107
CCTATCCTCTTGACGATCGG_002,52
CCTATCCTCTTGACGATCGG_003,137
CCTATCCTCTTGACGATCGG_004,38
CCTATCCTCTTGACGATCGG_005,75
CCTATCCTCTTGACGATCGG_006,19
CCTATCCTCTTGACGATCGG_007,76
CCTATCCTCTTGACGATCGG_008,197
TTGGCCTAGCCTCCTCGACA_001,60
GAAGGCTCCGTGGAAGCAGA_001,169
GAAGGCTCCGTGGAAGCAGA_002,102
TCTATGTAGTCACAGTGCTG_001,189
TCTATGTAGTCACAGTGCTG_002,127
TCTATGTAGTCACAGTGCTG_003,169
CATACCTCGAGTCTTAAATG_001,15
CATACCTCGAGTCTTAAATG_002,146
CATACCTCGAGTCTTAAATG_003,76
CAACATCGTCAAAGTGTACG_001,149
TAACAATGGAAGTGTTCAGA_001,15
TAACAATGGAAGTGTTCAGA_002,158
TAACAATGGAAGTGTTCAGA_003,45
TAACAATGGAAGTGTTCAGA_004,40
TAACAATGGAAGTGTTCAGA_005,0
AACCGGCCTTCATAGTCACA_001,166
AACCGGCCTTCATAGTCACA_002,74
AACCGGCCTTCATAGTCACA_003,97
AACCGGCCTTCATAGTCACA_004,145
AACCGGCCTTCATAGTCACA_005,115
ACAGAGTGATGATGGTCGAA_001,63
ACAGAGTGATGATGGTCGAA_002,172
ACAGAGTGATGATGGTCGAA_003,77
ACAGAGTGATGATGGTCGAA_004,34
ACAGAGTGATGATGGTCGAA_005,1
ACAGAGTGATGATGGTCGAA_006,82
ACAGAGTGATGATGGTCGAA_007,146
ATTCCGAGAATCGATGACCA_001,62
ATTCCGAGAATCGATGACCA_002,158
ATTCCGAGAATCGATGACCA_003,60
ATTCCGAGAATCGATGACCA_004,156
ATTCCGAGAATCGATGACCA_005,37
ATTCCGAGAATCGATGACCA_006,14
ATTCCGAGAATCGATGACCA_007,27
ATTCCGAGAATCGATGACCA_008,48
ATTCCGAGAATCGATGACCA_009,166
ATTCCGAGAATCGATGACCA_010,121
ATTCCGAGAATCGATGACCA_011,52
ATTCCGAGAATCGATGACCA_012,166
ATTCCGAGAATCGATGACCA_013,174
ATTCCGAGAATCGATGACCA_014,137
CCTGATCGACCCTATTCGAG_001,12
CCTGATCGACCCTATTCGAG_002,50
ATATATCCTGGTGCAAGCAC_001,61
ATATATCCTGGTGCAAGCAC_002,177
ATATATCCTGGTGCAAGCAC_003,148
ATATATCCTGGTGCAAGCAC_004,74
ATATATCCTGGTGCAAGCAC_005,177
ATATATCCTGGTGCAAGCAC_006,48
ATATATCCTGGTGCAAGCAC_007,125
CTGTAATAAGTGGCATCACG_001,108
CTGTAATAAGTGGCATCACG_002,53
CTGTAATAAGTGGCATCACG_003,184
CTGTAATAAGTGGCATCACG_004,105
CTGTAATAAGTGGCATCACG_005,19
CTGTAATAAGTGGCATCACG_006,116
CTGTAATAAGTGGCATCACG_007,82
CTGTAATAAGTGGCATCACG_008,51
CTGTAATAAGTGGCATCACG_009,22
CTGTAATAAGTGGCATCACG_010,44
CTGTAATAAGTGGCATCACG_011,58
CTGTAATAAGTGGCATCACG_012,158
CTGTAATAAGTGGCATCACG_013,7
CTGTAATAAGTGGCATCACG_014,169
CTGTAATAAGTGGCATCACG_015,63
CTGTAATAAGTGGCATCACG_016,94
CTGTAATAAGTGGCATCACG_017,81
CTGTAATAAGTGGCATCACG_018,115
CTGTAATAAGTGGCATCACG_019,46
CTGTAATAAGTGGCATCACG_020,135
CTGTAATAAGTGGCATCACG_021,174
TCCGGGAAGACTAGATGACT_001,73
TCCGGGAAGACTAGATGACT_002,169
TCCGGGAAGACTAGATGACT_003,182
TCCGGGAAGACTAGATGACT_004,32
ATCCCGAAACCATGAGATCG_001,188
ATCCCGAAACCATGAGATCG_002,119
ATCCCGAAACCATGAGATCG_003,39
ATCCCGAAACCATGAGATCG_004,102
ATCCCGAAACCATGAGATCG_005,116
ATCCCGAAACCATGAGATCG_006,157
ATCCCGAAACCATGAGATCG_007,89
ATCCCGAAACCATGAGATCG_008,48
ATCCCGAAACCATGAGATCG_009,22
GGTCAGCTCCGTTACGACCA_001,127
GGTCAGCTCCGTTACGACCA_002,29
GGTCAGCTCCGTTACGACCA_003,106
GGTCAGCTCCGTTACGACCA_004,46
GGTCAGCTCCGTTACGACCA_005,44
GGTCAGCTCCGTTACGACCA_006,80
GGTCAGCTCCGTTACGACCA_007,140
GGTCAGCTCCGTTACGACCA_008,32
GGTCAGCTCCGTTACGACCA_009,56
GGTCAGCTCCGTTACGACCA_010,137
GGACTGGATCAGCTACCAAG_001,102
GGACTGGATCAGCTACCAAG_002,23
GGACTGGATCAGCTACCAAG_003,17
GGACTGGATCAGCTACCAAG_004,76
GGACTGGATCAGCTACCAAG_005,160
GGACTGGATCAGCTACCAAG_006,120
AGGCCAGACTGAACACGATG_001,146
AGGCCAGACTGAACACGATG_002,199
AGGCCAGACTGAACACGATG_003,72
AGGCCAGACTGAACACGATG_004,165
AGGCCAGACTGAACACGATG_005,61
AGGCCAGACTGAACACGATG_006,154
AGGCCAGACTGAACACGATG_007,29
AGGCCAGACTGAACACGATG_008,160
AGGCCAGACTGAACACGATG_009,104
AGGCCAGACTGAACACGATG_010,68
AGGCCAGACTGAACACGATG_011,157
AGGCCAGACTGAACACGATG_012,62
AGGCCAGACTGAACACGATG_013,157
TGGTCCAGGAGCCAATCAAT_001,156
TGGTCCAGGAGCCAATCAAT_002,62
TGGTCCAGGAGCCAATCAAT_003,122
TGGTCCAGGAGCCAATCAAT_004,178
TGGTCCAGGAGCCAATCAAT_005,127
TGGTCCAGGAGCCAATCAAT_006,40
TGGTCCAGGAGCCAATCAAT_007,41
TGGTCCAGGAGCCAATCAAT_008,60
TGGTCCAGGAGCCAATCAAT_009,184
TGGTCCAGGAGCCAATCAAT_010,46
TGGTCCAGGAGCCAATCAAT_011,105
TGGTCCAGGAGCCAATCAAT_012,92
TGGTCCAGGAGCCAATCAAT_013,195
TGGTCCAGGAGCCAATCAAT_014,164
TGGTCCAGGAGCCAATCAAT_015,2
TGGTCCAGGAGCCAATCAAT_016,63
TGGTCCAGGAGCCAATCAAT_017,15
TGGTCCAGGAGCCAATCAAT_018,3
TGGTCCAGGAGCCAATCAAT_019,177
TGGTCCAGGAGCCAATCAAT_020,170
TGGTCCAGGAGCCAATCAAT_021,70
TGGTCCAGGAGCCAATCAAT_022,45
TGGTCCAGGAGCCAATCAAT_023,133
TGGTCCAGGAGCCAATCAAT_024,141
TGGTCCAGGAGCCAATCAAT_025,190
TGGTCCAGGAGCCAATCAAT_026,197
TGGTCCAGGAGCCAATCAAT_027,102
TGGTCCAGGAGCCAATCAAT_028,35
TGGTCCAGGAGCCAATCAAT_029,126
TGGTCCAGGAGCCAATCAAT_030,43
TGGTCCAGGAGCCAATCAAT_031,3
TGGTCCAGGAGCCAATCAAT_032,197
TGGTCCAGGAGCCAATCAAT_033,160
AGCACGGAGGAAAAGACGAG_001,127
AGCACGGAGGAAAAGACGAG_002,108
GGTCACCACCAAATCAAGCA_001,147
GGTCACCACCAAATCAAGCA_002,115
GGTCACCACCAAATCAAGCA_003,188
GGTCACCACCAAATCAAGCA_004,11
GGTCACCACCAAATCAAGCA_005,20
GGTCACCACCAAATCAAGCA_006,16
GGTCACCACCAAATCAAGCA_007,75
ACTCACTAGTGTGCTCGTCA_001,40
ACTCACTAGTGTGCTCGTCA_002,16
ACTCACTAGTGTGCTCGTCA_003,9
ACTCACTAGTGTGCTCGTCA_004,183
ACTCACTAGTGTGCTCGTCA_005,171
ACTCACTAGTGTGCTCGTCA_006,69
ACTCACTAGTGTGCTCGTCA_007,9
ACTCACTAGTGTGCTCGTCA_008,176
ACTCACTAGTGTGCTCGTCA_009,48
CTCCGATTCAGTCCCTTCTG_001,102
GAGTCTCTTGAAACAATGGA_001,115
GAGTCTCTTGAAACAATGGA_002,148
GAGTCTCTTGAAACAATGGA_003,36
GAGTCTCTTGAAACAATGGA_004,108
GAGTCTCTTGAAACAATGGA_005,111
GAGTCTCTTGAAACAATGGA_006,37
GAGTCTCTTGAAACAATGGA_007,76
GAGTCTCTTGAAACAATGGA_008,175
GAGTCTCTTGAAACAATGGA_009,40
GAGTCTCTTGAAACAATGGA_010,118
GAGTCTCTTGAAACAATGGA_011,152
GAGTCTCTTGAAACAATGGA_012,143
GAGTCTCTTGAAACAATGGA_013,187
GAGTCTCTTGAAACAATGGA_014,148
GAGTCTCTTGAAACAATGGA_015,159
GAGTCTCTTGAAACAATGGA_016,104
GAGTCTCTTGAAACAATGGA_017,92
GAGTCTCTTGAAACAATGGA_018,184
GAGTCTCTTGAAACAATGGA_019,130
GAGTCTCTTGAAACAATGGA_020,123
GAGTCTCTTGAAACAATGGA_021,124
GAGTCTCTTGAAACAATGGA_022,167
GAGTCTCTTGAAACAATGGA_023,28
GAGTCTCTTGAAACAATGGA_024,10
GAGTCTCTTGAAACAATGGA_025,121
ACCACATTCAGTCAGCTCCG_001,124
ACCACATTCAGTCAGCTCCG_002,138
ACCACATTCAGTCAGCTCCG_003,124
ACCACATTCAGTCAGCTCCG_004,40
ACCACATTCAGTCAGCTCCG_005,93
ACCACATTCAGTCAGCTCCG_006,83
ACCACATTCAGTCAGCTCCG_007,151
ACCACATTCAGTCAGCTCCG_008,107
ATAAAAATGTGCGCCAACAA_001,150
ATAAAAATGTGCGCCAACAA_002,160
ATAAAAATGTGCGCCAACAA_003,190
ATAAAAATGTGCGCCAACAA_004,122
ATAAAAATGTGCGCCAACAA_005,7
ATAAAAATGTGCGCCAACAA_006,48
ATAAAAATGTGCGCCAACAA_007,38
TCCCGATGCGTACAACATGG_001,119
TCCCGATGCGTACAACATGG_002,66
TCCCGATGCGTACAACATGG_003,160
TCCCGATGCGTACAACATGG_004,48
ACTCTCAGGATAGAAGATCT_001,182
ACTCTCAGGATAGAAGATCT_002,60
ACTCTCAGGATAGAAGATCT_003,177
ACTCTCAGGATAGAAGATCT_004,168
ACTCTCAGGATAGAAGATCT_005,194
ACTCTCAGGATAGAAGATCT_006,4
ACTCTCAGGATAGAAGATCT_007,11
ACTCTCAGGATAGAAGATCT_008,162
ATTACAAAGGCCTACTATCG_001,94
ATTACAAAGGCCTACTATCG_002,108
GCTGGTTCCATAATGCGGGA_001,197
GCTGGTTCCATAATGCGGGA_002,38
GCTGGTTCCATAATGCGGGA_003,186
GCTGGTTCCATAATGCGGGA_004,85
GCTGGTTCCATAATGCGGGA_005,125
GCTGGTTCCATAATGCGGGA_006,95
TGGGCGAGTTTAGCCTCAGG_001,113
TGGGCGAGTTTAGCCTCAGG_002,128
TGGGCGAGTTTAGCCTCAGG_003,8
TGGGCGAGTTTAGCCTCAGG_004,158
TGGGCGAGTTTAGCCTCAGG_005,110
TGGGCGAGTTTAGCCTCAGG_006,117
TGGGCGAGTTTAGCCTCAGG_007,125
TGGGCGAGTTTAGCCTCAGG_008,72
TGGGCGAGTTTAGCCTCAGG_009,88
TGGGCGAGTTTAGCCTCAGG_010,126
AAGTACAAAAACTCGTCCAG_001,132
AAGTACAAAAACTCGTCCAG_002,40
AAGTACAAAAACTCGTCCAG_003,162
AAGTACAAAAACTCGTCCAG_004,38
AAGTACAAAAACTCGTCCAG_005,150
AAGTACAAAAACTCGTCCAG_006,5
AAGTACAAAAACTCGTCCAG_007,29
AAGTACAAAAACTCGTCCAG_008,141
AAGTACAAAAACTCGTCCAG_009,125
AAGTACAAAAACTCGTCCAG_010,10
AAGTACAAAAACTCGTCCAG_011,62
AAGTACAAAAACTCGTCCAG_012,68
AAAGCTCCAATAATCAACAG_001,142
AAAGCTCCAATAATCAACAG_002,174
AAAGCTCCAATAATCAACAG_003,39
AAAGCTCCAATAATCAACAG_004,127
AAAGCTCCAATAATCAACAG_005,188
AAAGCTCCAATAATCAACAG_006,13
GAAGCCTAAAAGTGAATTTG_001,148
GAAGCCTAAAAGTGAATTTG_002,139
GAAGCCTAAAAGTGAATTTG_003,190
GAAGCCTAAAAGTGAATTTG_004,114
GAAGCCTAAAAGTGAATTTG_005,182
GAAGCCTAAAAGTGAATTTG_006,121
GAAGCCTAAAAGTGAATTTG_007,104
GAAGCCTAAAAGTGAATTTG_008,70
GAAGCCTAAAAGTGAATTTG_009,167
GAAGCCTAAAAGTGAATTTG_010,94
TGTGCGCCAGCACGCGCAGG_001,115
TGTGCGCCAGCACGCGCAGG_002,84
TGTGCGCCAGCACGCGCAGG_003,168
TGTGCGCCAGCACGCGCAGG_004,170
TGTGCGCCAGCACGCGCAGG_005,102
TGTGCGCCAGCACGCGCAGG_006,62
TGTGCGCCAGCACGCGCAGG_007,98
TGTGCGCCAGCACGCGCAGG_008,29
TGTGCGCCAGCACGCGCAGG_009,144
TGTGCGCCAGCACGCGCAGG_010,78
TGTGCGCCAGCACGCGCAGG_011,88
AATGGGTTGTAGGCCACGTG_001,94
AATGGGTTGTAGGCCACGTG_002,137
AATGGGTTGTAGGCCACGTG_003,81
AATGGGTTGTAGGCCACGTG_004,174
AATGGGTTGTAGGCCACGTG_005,105
AATGGGTTGTAGGCCACGTG_006,153
AATGGGTTGTAGGCCACGTG_007,75
AATGGGTTGTAGGCCACGTG_008,140
AATGGGTTGTAGGCCACGTG_009,63
AATGGGTTGTAGGCCACGTG_010,197
AATGGGTTGTAGGCCACGTG_011,129
AATGGGTTGTAGGCCACGTG_012,127
AATGGGTTGTAGGCCACGTG_013,162
AATGGGTTGTAGGCCACGTG_014,96
AATGGGTTGTAGGCCACGTG_015,46
AATGGGTTGTAGGCCACGTG_016,174
AATGGGTTGTAGGCCACGTG_017,46
AATGGGTTGTAGGCCACGTG_018,148
AGTTCTCTAGGCCACAGCCC_001,10
ATACGATAGTGTTAGCGGGG_001,70
ATACGATAGTGTTAGCGGGG_002,128
ATACGATAGTGTTAGCGGGG_003,174
ATACGATAGTGTTAGCGGGG_004,126
ATACGATAGTGTTAGCGGGG_005,34
ATACGATAGTGTTAGCGGGG_006,6
TTATTGAGAGAACATCCAGT_001,191
TTATTGAGAGAACATCCAGT_002,76
TTATTGAGAGAACATCCAGT_003,132
TTATTGAGAGAACATCCAGT_004,12
GCGCTCCGGCCTCTACTCGG_001,97
GCGCTCCGGCCTCTACTCGG_002,116
GCGCTCCGGCCTCTACTCGG_003,141
GCGCTCCGGCCTCTACTCGG_004,145
GCGCTCCGGCCTCTACTCGG_005,24
GCGCTCCGGCCTCTACTCGG_006,2
GCGCTCCGGCCTCTACTCGG_007,87
GCGCTCCGGCCTCTACTCGG_008,102
GAGGCCACCTCGATTCTCGG_001,152
GAGGCCACCTCGATTCTCGG_002,68
GAGGCCACCTCGATTCTCGG_003,104
GAGGCCACCTCGATTCTCGG_004,182
GAGGCCACCTCGATTCTCGG_005,48
GAGGCCACCTCGATTCTCGG_006,37
GAGGCCACCTCGATTCTCGG_007,170
GAGGCCACCTCGATTCTCGG_008,6
GAGGCCACCTCGATTCTCGG_009,142
GAGGCCACCTCGATTCTCGG_010,81
ACAAAGGTAATTTCCTACAC_001,98
ACAAAGGTAATTTCCTACAC_002,105
TCTCTTATAAGTAAGGGCTG_001,166
TGTAAGGGTTATCTGCAGTG_001,94
TGTAAGGGTTATCTGCAGTG_002,166
TGTAAGGGTTATCTGCAGTG_003,166
GCACGCGTACAGGTCCGCCA_001,105
GCACGCGTACAGGTCCGCCA_002,168
GCACGCGTACAGGTCCGCCA_003,2
GCACGCGTACAGGTCCGCCA_004,7
GCACGCGTACAGGTCCGCCA_005,102
GCACGCGTACAGGTCCGCCA_006,150
GCACGCGTACAGGTCCGCCA_007,47
GCACGCGTACAGGTCCGCCA_008,40
GCACGCGTACAGGTCCGCCA_009,71
GCACGCGTACAGGTCCGCCA_010,174
GCACGCGTACAGGTCCGCCA_011,10
GCACGCGTACAGGTCCGCCA_012,67
GCACGCGTACAGGTCCGCCA_013,156
GCACGCGTACAGGTCCGCCA_014,94
GCACGCGTACAGGTCCGCCA_015,148
GCACGCGTACAGGTCCGCCA_016,169
GCACGCGTACAGGTCCGCCA_017,1
GCACGCGTACAGGTCCGCCA_018,197
GCACGCGTACAGGTCCGCCA_019,72
GCACGCGTACAGGTCCGCCA_020,72
GCACGCGTACAGGTCCGCCA_021,104
GCACGCGTACAGGTCCGCCA_022,199
GCACGCGTACAGGTCCGCCA_023,56
GCACGCGTACAGGTCCGCCA_024,104
GCACGCGTACAGGTCCGCCA_025,46
GCACGCGTACAGGTCCGCCA_026,137
CGGGACTCGGCATCTCACAT_001,62
CGGGACTCGGCATCTCACAT_002,19
CGGGACTCGGCATCTCACAT_003,106
CGGGACTCGGCATCTCACAT_004,13
CGGGACTCGGCATCTCACAT_005,10
CGGGACTCGGCATCTCACAT_006,41
CGGGACTCGGCATCTCACAT_007,174
CGGGACTCGGCATCTCACAT_008,129
CGGGACTCGGCATCTCACAT_009,194
CGGGACTCGGCATCTCACAT_010,108
GGAGATAGTCCTGCCGCTTG_001,114
GGAGATAGTCCTGCCGCTTG_002,151
GGAGATAGTCCTGCCGCTTG_003,11
GGAGATAGTCCTGCCGCTTG_004,32
GGAGATAGTCCTGCCGCTTG_005,34
GGAGATAGTCCTGCCGCTTG_006,159
GGAGATAGTCCTGCCGCTTG_007,196
GGAGATAGTCCTGCCGCTTG_008,178
GGAGATAGTCCTGCCGCTTG_009,177
GGAGATAGTCCTGCCGCTTG_010,110
GGAGATAGTCCTGCCGCTTG_011,185
GGAGATAGTCCTGCCGCTTG_012,146
GGAGATAGTCCTGCCGCTTG_013,171
GGAGATAGTCCTGCCGCTTG_014,37
GGAGATAGTCCTGCCGCTTG_015,125
GGAGATAGTCCTGCCGCTTG_016,47
AAACAAAAGCCCATGAATGT_001,10
ATAAGTTTGATTTGCCCTAT_001,50
ATAAGTTTGATTTGCCCTAT_002,67
ATAAGTTTGATTTGCCCTAT_003,125
GCATTTAATCCAGAAGGCCG_001,169
GCATTTAATCCAGAAGGCCG_002,105
GCATTTAATCCAGAAGGCCG_003,141
GCATTTAATCCAGAAGGCCG_004,162
GCATTTAATCCAGAAGGCCG_005,13
GCATTTAATCCAGAAGGCCG_006,177
GACACACTTAGCCCTCAGTG_001,92
GACACACTTAGCCCTCAGTG_002,73
GACACACTTAGCCCTCAGTG_003,102
GACACACTTAGCCCTCAGTG_004,127
GACACACTTAGCCCTCAGTG_005,182
GACACACTTAGCCCTCAGTG_006,24
GACACACTTAGCCCTCAGTG_007,105
GACACACTTAGCCCTCAGTG_008,104
GACACACTTAGCCCTCAGTG_009,160
GACACACTTAGCCCTCAGTG_010,72
GACACACTTAGCCCTCAGTG_011,104
GACACACTTAGCCCTCAGTG_012,34
GACACACTTAGCCCTCAGTG_013,0
GACACACTTAGCCCTCAGTG_014,144
GACACACTTAGCCCTCAGTG_015,69
GGATGCGAAGAGATTTGGTC_001,34
GGATGCGAAGAGATTTGGTC_002,15
GGATGCGAAGAGATTTGGTC_003,103
GGATGCGAAGAGATTTGGTC_004,158
GGATGCGAAGAGATTTGGTC_005,150
GGATGCGAAGAGATTTGGTC_006,117
GGATGCGAAGAGATTTGGTC_007,111
GGATGCGAAGAGATTTGGTC_008,160
GGATGCGAAGAGATTTGGTC_009,56
GGATGCGAAGAGATTTGGTC_010,78
GGATGCGAAGAGATTTGGTC_011,80
GGATGCGAAGAGATTTGGTC_012,162
GGATGCGAAGAGATTTGGTC_013,33
GGATGCGAAGAGATTTGGTC_014,50
GGATGCGAAGAGATTTGGTC_015,168
TATCCGATGAAAAGTAGAAG_001,140
TATCCGATGAAAAGTAGAAG_002,162
TATCCGATGAAAAGTAGAAG_003,177
TATCCGATGAAAAGTAGAAG_004,23
TATCCGATGAAAAGTAGAAG_005,146
TATCCGATGAAAAGTAGAAG_006,148
AGTGTCGGGGGTCAAGCGTG_001,190
AGTGTCGGGGGTCAAGCGTG_002,162
AGTGTCGGGGGTCAAGCGTG_003,127
AGTGTCGGGGGTCAAGCGTG_004,82
AGTGTCGGGGGTCAAGCGTG_005,2
AGTGTCGGGGGTCAAGCGTG_006,68
AGTGTCGGGGGTCAAGCGTG_007,33
AGTGTCGGGGGTCAAGCGTG_008,110
AGTGTCGGGGGTCAAGCGTG_009,69
AGTGTCGGGGGTCAAGCGTG_010,2
AGTGTCGGGGGTCAAGCGTG_011,94
AGTGTCGGGGGTCAAGCGTG_012,98
AGTGTCGGGGGTCAAGCGTG_013,184
AGTGTCGGGGGTCAAGCGTG_014,16
AGTGTCGGGGGTCAAGCGTG_015,147
AGTGTCGGGGGTCAAGCGTG_016,117
AGTGTCGGGGGTCAAGCGTG_017,35
ACATCCCCGTCCCAGCGCAG_001,52
ACATCCCCGTCCCAGCGCAG_002,170
ACATCCCCGTCCCAGCGCAG_003,48
ACATCCCCGTCCCAGCGCAG_004,23
ACATCCCCGTCCCAGCGCAG_005,188
ACATCCCCGTCCCAGCGCAG_006,77
ACATCCCCGTCCCAGCGCAG_007,163
ACATCCCCGTCCCAGCGCAG_008,50
ACATCCCCGTCCCAGCGCAG_009,117
ACATCCCCGTCCCAGCGCAG_010,102
ACATCCCCGTCCCAGCGCAG_011,141
ACATCCCCGTCCCAGCGCAG_012,26
ACATCCCCGTCCCAGCGCAG_013,69
ACATCCCCGTCCCAGCGCAG_014,32
ACATCCCCGTCCCAGCGCAG_015,1
ACATCCCCGTCCCAGCGCAG_016,2
ACATCCCCGTCCCAGCGCAG_017,181
ACATCCCCGTCCCAGCGCAG_018,76
ACATCCCCGTCCCAGCGCAG_019,62
ACATCCCCGTCCCAGCGCAG_020,184
ACATCCCCGTCCCAGCGCAG_021,2
ACATCCCCGTCCCAGCGCAG_022,149
ACATCCCCGTCCCAGCGCAG_023,19
ACATCCCCGTCCCAGCGCAG_024,182
ACATCCCCGTCCCAGCGCAG_025,74
ACATCCCCGTCCCAGCGCAG_026,9
ACATCCCCGTCCCAGCGCAG_027,137
ACATCCCCGTCCCAGCGCAG_028,147
ACATCCCCGTCCCAGCGCAG_029,15
ACATCCCCGTCCCAGCGCAG_030,81
ACATCCCCGTCCCAGCGCAG_031,92
ACATCCCCGTCCCAGCGCAG_032,78
ACATCCCCGTCCCAGCGCAG_033,60
ACATCCCCGTCCCAGCGCAG_034,102
ACATCCCCGTCCCAGCGCAG_035,178
ACATCCCCGTCCCAGCGCAG_036,113
ACATCCCCGTCCCAGCGCAG_037,103
ACATCCCCGTCCCAGCGCAG_038,121
ACATCCCCGTCCCAGCGCAG_039,19
ACATCCCCGTCCCAGCGCAG_040,98
TAAGGGCCTAGACAAAGTGA_001,141
TAAGGGCCTAGACAAAGTGA_002,178
TAAGGGCCTAGACAAAGTGA_003,116
TAAGGGCCTAGACAAAGTGA_004,169
TAAGGGCCTAGACAAAGTGA_005,2
TAAGGGCCTAGACAAAGTGA_006,154
TAAGGGCCTAGACAAAGTGA_007,163
TAAGGGCCTAGACAAAGTGA_008,184
TAAGGGCCTAGACAAAGTGA_009,142
CCCCGAAACCTGAATCACTG_001,105
CCCCGAAACCTGAATCACTG_002,11
CCCCGAAACCTGAATCACTG_003,17
CCCCGAAACCTGAATCACTG_004,129
CCCCGAAACCTGAATCACTG_005,181
CCCCGAAACCTGAATCACTG_006,106
CCCCGAAACCTGAATCACTG_007,16
CCCCGAAACCTGAATCACTG_008,150
CCCCGAAACCTGAATCACTG_009,131
CCCCGAAACCTGAATCACTG_010,76
CCCCGAAACCTGAATCACTG_011,84
CCCCGAAACCTGAATCACTG_012,119
CCCCGAAACCTGAATCACTG_013,69
CCCCGAAACCTGAATCACTG_014,199
CCCCGAAACCTGAATCACTG_015,147
CCCCGAAACCTGAATCACTG_016,165
CCCCGAAACCTGAATCACTG_017,45
CCCCGAAACCTGAATCACTG_018,165
CCCCGAAACCTGAATCACTG_019,28
CCCCGAAACCTGAATCACTG_020,36
CCCCGAAACCTGAATCACTG_021,108
CCCCGAAACCTGAATCACTG_022,97
CCCCGAAACCTGAATCACTG_023,199
CCCCGAAACCTGAATCACTG_024,171
CCCCGAAACCTGAATCACTG_025,105
CCCCGAAACCTGAATCACTG_026,20
CCCCGAAACCTGAATCACTG_027,47
CCCCGAAACCTGAATCACTG_028,135
CCCCGAAACCTGAATCACTG_029,83
CCTGGTGGTGAAGTGGACCT_001,158
CCTGGTGGTGAAGTGGACCT_002,76
CCTGGTGGTGAAGTGGACCT_003,1
CCTGGTGGTGAAGTGGACCT_004,113
CCTGGTGGTGAAGTGGACCT_005,2
CCTGGTGGTGAAGTGGACCT_006,176
CCTGGTGGTGAAGTGGACCT_007,155
CCTGGTGGTGAAGTGGACCT_008,141
CCTGGTGGTGAAGTGGACCT_009,34
CCTGGTGGTGAAGTGGACCT_010,34
CCTGGTGGTGAAGTGGACCT_011,183
CCTGGTGGTGAAGTGGACCT_012,168
CCTGGTGGTGAAGTGGACCT_013,2
CCTGGTGGTGAAGTGGACCT_014,129
CCTGGTGGTGAAGTGGACCT_015,153
CCTGGTGGTGAAGTGGACCT_016,27
GACAACTCCACTGAGAGTGG_001,17
GACAACTCCACTGAGAGTGG_002,44
GACAACTCCACTGAGAGTGG_003,40
GACAACTCCACTGAGAGTGG_004,115
GACAACTCCACTGAGAGTGG_005,43
GCTATCGTGTTCAACCAGGA_001,51
GCTATCGTGTTCAACCAGGA_002,186
GCTATCGTGTTCAACCAGGA_003,60
GCTATCGTGTTCAACCAGGA_004,158
GCTATCGTGTTCAACCAGGA_005,60
GCTATCGTGTTCAACCAGGA_006,14
GCTATCGTGTTCAACCAGGA_007,32
GCTATCGTGTTCAACCAGGA_008,154
GCTATCGTGTTCAACCAGGA_009,60
GCTATCGTGTTCAACCAGGA_010,79
GCTATCGTGTTCAACCAGGA_011,141
GCTATCGTGTTCAACCAGGA_012,58
GCTATCGTGTTCAACCAGGA_013,62
GCTATCGTGTTCAACCAGGA_014,127
GCTATCGTGTTCAACCAGGA_015,105
GCTATCGTGTTCAACCAGGA_016,33
GCTATCGTGTTCAACCAGGA_017,6
GCTATCGTGTTCAACCAGGA_018,80
GCTATCGTGTTCAACCAGGA_019,6
GCTATCGTGTTCAACCAGGA_020,158
GCTATCGTGTTCAACCAGGA_021,38
GCTATCGTGTTCAACCAGGA_022,148
GCTATCGTGTTCAACCAGGA_023,115
GCTATCGTGTTCAACCAGGA_024,149
GCTATCGTGTTCAACCAGGA_025,120
GCTATCGTGTTCAACCAGGA_026,39
GCTATCGTGTTCAACCAGGA_027,68
GCTATCGTGTTCAACCAGGA_028,28
GCTATCGTGTTCAACCAGGA_029,104
GCTATCGTGTTCAACCAGGA_030,102
GCTATCGTGTTCAACCAGGA_031,65
GCTATCGTGTTCAACCAGGA_032,20
AACAGCTTGAGACCGAACAA_001,127
AACAGCTTGAGACCGAACAA_002,181
AACAGCTTGAGACCGAACAA_003,51
AACAGCTTGAGACCGAACAA_004,113
AACAGCTTGAGACCGAACAA_005,40
AACAGCTTGAGACCGAACAA_006,76
AACAGCTTGAGACCGAACAA_007,61
AACAGCTTGAGACCGAACAA_008,88
AACAGCTTGAGACCGAACAA_009,52
AACAGCTTGAGACCGAACAA_010,77
AACAGCTTGAGACCGAACAA_011,127
AACAGCTTGAGACCGAACAA_012,188
AACAGCTTGAGACCGAACAA_013,94
AACAGCTTGAGACCGAACAA_014,83
AACAGCTTGAGACCGAACAA_015,123
AACAGCTTGAGACCGAACAA_016,106
AACAGCTTGAGACCGAACAA_017,81
AACAGCTTGAGACCGAACAA_018,38
AACAGCTTGAGACCGAACAA_019,48
AACAGCTTGAGACCGAACAA_020,171
AACAGCTTGAGACCGAACAA_021,17
AACAGCTTGAGACCGAACAA_022,11
AACAGCTTGAGACCGAACAA_023,58
AACAGCTTGAGACCGAACAA_024,148
AACAGCTTGAGACCGAACAA_025,10
AAAGTGACCCGGGCTTTAAG_001,21
AAAGTGACCCGGGCTTTAAG_002,144
AAAGTGACCCGGGCTTTAAG_003,161
AAAGTGACCCGGGCTTTAAG_004,115
AAAGTGACCCGGGCTTTAAG_005,150
AAAGTGACCCGGGCTTTAAG_006,65
AAAGTGACCCGGGCTTTAAG_007,70
AAAGTGACCCGGGCTTTAAG_008,150
AAAGTGACCCGGGCTTTAAG_009,61
AAAGTGACCCGGGCTTTAAG_010,147
AAAGTGACCCGGGCTTTAAG_011,2
AAAGTGACCCGGGCTTTAAG_012,134
AAAGTGACCCGGGCTTTAAG_013,162
AAAGTGACCCGGGCTTTAAG_014,15
AAAGTGACCCGGGCTTTAAG_015,144
AAAGTGACCCGGGCTTTAAG_016,145
AAAGTGACCCGGGCTTTAAG_017,184
AAAGTGACCCGGGCTTTAAG_018,127
GATCCGGGGCTTTAACGAGG_001,172
GATCCGGGGCTTTAACGAGG_002,196
GATCCGGGGCTTTAACGAGG_003,145
GATCCGGGGCTTTAACGAGG_004,43
CAAGCTGTCTGGCTATCACA_001,156
CTGGCTCAAGTACATCCGTG_001,195
CTGGCTCAAGTACATCCGTG_002,175
CTGGCTCAAGTACATCCGTG_003,40
CTGGCTCAAGTACATCCGTG_004,81
CTGGCTCAAGTACATCCGTG_005,29
CTGGCTCAAGTACATCCGTG_006,199
CTGGCTCAAGTACATCCGTG_007,1
CTGGCTCAAGTACATCCGTG_008,177
CTGGCTCAAGTACATCCGTG_009,185
CTGGCTCAAGTACATCCGTG_010,139
CTGGCTCAAGTACATCCGTG_011,187
CTGGCTCAAGTACATCCGTG_012,25
CTGGCTCAAGTACATCCGTG_013,10
CTGGCTCAAGTACATCCGTG_014,106
CTGGCTCAAGTACATCCGTG_015,63
CTGGCTCAAGTACATCCGTG_016,188
CTGGCTCAAGTACATCCGTG_017,10
CTGGCTCAAGTACATCCGTG_018,61
GAGTGTTTCCTTATCAAACA_001,76
GAGTGTTTCCTTATCAAACA_002,135
GAGTGTTTCCTTATCAAACA_003,51
GAGTGTTTCCTTATCAAACA_004,136
GCGGGCACACTGAAATCGCG_001,168
GAGTAGTCGCATTGATGATC_001,119
GAGTAGTCGCATTGATGATC_002,61
GAGTAGTCGCATTGATGATC_003,61
GAGTAGTCGCATTGATGATC_004,101
GAGTAGTCGCATTGATGATC_005,0
GGAAAAGCATGGCTACAATG_001,36
GGAAAAGCATGGCTACAATG_002,52
GGAAAAGCATGGCTACAATG_003,15
GGAAAAGCATGGCTACAATG_004,40
GGAAAAGCATGGCTACAATG_005,93
GGAAAAGCATGGCTACAATG_006,16
GGAAAAGCATGGCTACAATG_007,63
ACGTGGTGATTGCTACCCCT_001,159
ACGTGGTGATTGCTACCCCT_002,167
ACGTGGTGATTGCTACCCCT_003,92
ACGTGGTGATTGCTACCCCT_004,197
ACGTGGTGATTGCTACCCCT_005,42
ACGTGGTGATTGCTACCCCT_006,3
ACGTGGTGATTGCTACCCCT_007,83
ACGTGGTGATTGCTACCCCT_008,75
ACGTGGTGATTGCTACCCCT_009,199
ACTGTCATCACTGAAAAACT_001,189
ACTGTCATCACTGAAAAACT_002,168
ACTGTCATCACTGAAAAACT_003,2
ACTGTCATCACTGAAAAACT_004,160
ACTGTCATCACTGAAAAACT_005,121
ACTGTCATCACTGAAAAACT_006,115
ACTGTCATCACTGAAAAACT_007,121
CGCTGTCCCACTGCGTCCCG_001,95
CGCTGTCCCACTGCGTCCCG_002,4
CGCTGTCCCACTGCGTCCCG_003,128
CGCTGTCCCACTGCGTCCCG_004,181
CGCTGTCCCACTGCGTCCCG_005,160
CGCTGTCCCACTGCGTCCCG_006,166
CGCTGTCCCACTGCGTCCCG_007,76
CGCTGTCCCACTGCGTCCCG_008,5
CGCTGTCCCACTGCGTCCCG_009,49
GTTCTTCCCCTACCTACACC_001,182
GTTCTTCCCCTACCTACACC_002,169
GTTCTTCCCCTACCTACACC_003,152
GTTCTTCCCCTACCTACACC_004,177
GTTCTTCCCCTACCTACACC_005,58
GTTCTTCCCCTACCTACACC_006,149
GTTCTTCCCCTACCTACACC_007,104
GTTCTTCCCCTACCTACACC_008,144
GTTCTTCCCCTACCTACACC_009,75
GTTCTTCCCCTACCTACACC_010,4
GTTCTTCCCCTACCTACACC_011,48
GTTCTTCCCCTACCTACACC_012,88
GTTCTTCCCCTACCTACACC_013,43
GTTCTTCCCCTACCTACACC_014,191
GTTCTTCCCCTACCTACACC_015,57
GTTCTTCCCCTACCTACACC_016,161
GTTCTTCCCCTACCTACACC_017,3
GTTCTTCCCCTACCTACACC_018,19
GTTCTTCCCCTACCTACACC_019,37
GTTCTTCCCCTACCTACACC_020,23
GTTCTTCCCCTACCTACACC_021,168
TACAGCCAGTGACCCTAACA_001,21
TACAGCCAGTGACCCTAACA_002,170
TACAGCCAGTGACCCTAACA_003,55
TACAGCCAGTGACCCTAACA_004,158
TACAGCCAGTGACCCTAACA_005,128
TACAGCCAGTGACCCTAACA_006,162
AATACCTGGAGAATTCCCTA_001,54
AATACCTGGAGAATTCCCTA_002,54
AATACCTGGAGAATTCCCTA_003,114
AATACCTGGAGAATTCCCTA_004,114
AATACCTGGAGAATTCCCTA_005,160
AATACCTGGAGAATTCCCTA_006,149
AATACCTGGAGAATTCCCTA_007,78
AATACCTGGAGAATTCCCTA_008,43
AATACCTGGAGAATTCCCTA_009,170
TTACAAACTACCTGCCACAC_001,38
TTACAAACTACCTGCCACAC_002,166
TTACAAACTACCTGCCACAC_003,94
CCAGCCGAGGATAACCCGTG_001,107
CCAGCCGAGGATAACCCGTG_002,58
CCAGCCGAGGATAACCCGTG_003,85
CCAGCCGAGGATAACCCGTG_004,115
CCAGCCGAGGATAACCCGTG_005,54
CCAGCCGAGGATAACCCGTG_006,131
CCAGCCGAGGATAACCCGTG_007,199
CCAGCCGAGGATAACCCGTG_008,130
CCAGCCGAGGATAACCCGTG_009,38
CCAGCCGAGGATAACCCGTG_010,9
CCAGCCGAGGATAACCCGTG_011,22
CCAGCCGAGGATAACCCGTG_012,70
CCAGCCGAGGATAACCCGTG_013,150
CCAGCCGAGGATAACCCGTG_014,188
CCAGCCGAGGATAACCCGTG_015,63
CCAGCCGAGGATAACCCGTG_016,114
CCAGCCGAGGATAACCCGTG_017,174
CCAGCCGAGGATAACCCGTG_018,69
CCAGCCGAGGATAACCCGTG_019,30
GATTGAAGCATCAGTCACCC_001,33
TCTTGGGAGTCAAGACATCC_001,165
TCTTGGGAGTCAAGACATCC_002,46
TCTTGGGAGTCAAGACATCC_003,168
CTCATTCACAGTGACATCCG_001,48
CTCATTCACAGTGACATCCG_002,109
CTCATTCACAGTGACATCCG_003,71
CTCATTCACAGTGACATCCG_004,57
CTCATTCACAGTGACATCCG_005,111
CTCATTCACAGTGACATCCG_006,49
CTCATTCACAGTGACATCCG_007,87
CTCATTCACAGTGACATCCG_008,9
AAAAGCAAGATTGACTTACA_001,29
AAAAGCAAGATTGACTTACA_002,170
AAAAGCAAGATTGACTTACA_003,105
AAAAGCAAGATTGACTTACA_004,107
AAAAGCAAGATTGACTTACA_005,36
AAAAGCAAGATTGACTTACA_006,126
AAAAGCAAGATTGACTTACA_007,164
AAAAGCAAGATTGACTTACA_008,164
AAAAGCAAGATTGACTTACA_009,66
AGAGTTTATCATCACTAACT_001,23
AGAGTTTATCATCACTAACT_002,195
AGAGTTTATCATCACTAACT_003,34
AGAGTTTATCATCACTAACT_004,198
ATGATGGATGGGTACCGCAG_001,184
ATGATGGATGGGTACCGCAG_002,106
ATGATGGATGGGTACCGCAG_003,80
ATGATGGATGGGTACCGCAG_004,65
ATGATGGATGGGTACCGCAG_005,57
ATGATGGATGGGTACCGCAG_006,192
ATGATGGATGGGTACCGCAG_007,128
ATGATGGATGGGTACCGCAG_008,127
ATGATGGATGGGTACCGCAG_009,50
ATGATGGATGGGTACCGCAG_010,56
ATGATGGATGGGTACCGCAG_011,1
ATGATGGATGGGTACCGCAG_012,103
ATGATGGATGGGTACCGCAG_013,104
GAGCCAATGTTGAAACCGGA_001,21
GAGCCAATGTTGAAACCGGA_002,13
GAGCCAATGTTGAAACCGGA_003,78
GAGCCAATGTTGAAACCGGA_004,94
GAGCCAATGTTGAAACCGGA_005,159
AGGAGGGACACTATACCCAG_001,38
AGGAGGGACACTATACCCAG_002,88
AGGAGGGACACTATACCCAG_003,92
AGGAGGGACACTATACCCAG_004,101
AGGAGGGACACTATACCCAG_005,62
AGGAGGGACACTATACCCAG_006,174
AGGAGGGACACTATACCCAG_007,177
AGGAGGGACACTATACCCAG_008,98
AGGAGGGACACTATACCCAG_009,127
AGGAGGGACACTATACCCAG_010,174
AGGAGGGACACTATACCCAG_011,38
GCTGAAGGCACACTTCATGA_001,58
GCTGAAGGCACACTTCATGA_002,127
GCTGAAGGCACACTTCATGA_003,16
GCTGAAGGCACACTTCATGA_004,170
GCTGAAGGCACACTTCATGA_005,144
GCTGAAGGCACACTTCATGA_006,151
TTGATGGAGCGAATCAGATG_001,151
TTGATGGAGCGAATCAGATG_002,61
TTGATGGAGCGAATCAGATG_003,171
TTGATGGAGCGAATCAGATG_004,140
TTGATGGAGCGAATCAGATG_005,58
TTGATGGAGCGAATCAGATG_006,170
TTGATGGAGCGAATCAGATG_007,62
TTGATGGAGCGAATCAGATG_008,51
TTTCGCCAGAAAAACAAACG_001,199
TTTCGCCAGAAAAACAAACG_002,1
CATGGCTCTACTCTTAGAAG_001,63
CTTAAGAATGAGGTGCGGAG_001,84
CTTAAGAATGAGGTGCGGAG_002,77
CTTAAGAATGAGGTGCGGAG_003,151
CTTAAGAATGAGGTGCGGAG_004,149
CTTAAGAATGAGGTGCGGAG_005,149
CTTAAGAATGAGGTGCGGAG_006,81
CTTAAGAATGAGGTGCGGAG_007,162
CTTAAGAATGAGGTGCGGAG_008,38
CTTAAGAATGAGGTGCGGAG_009,60
CTTAAGAATGAGGTGCGGAG_010,30
CTTAAGAATGAGGTGCGGAG_011,23
GGGAAGGTCTCACTGCACTG_001,5
GGGAAGGTCTCACTGCACTG_002,197
GGGAAGGTCTCACTGCACTG_003,68
GGGAAGGTCTCACTGCACTG_004,76
GGGAAGGTCTCACTGCACTG_005,48
GGGAAGGTCTCACTGCACTG_006,96
GGGAAGGTCTCACTGCACTG_007,57
GGGAAGGTCTCACTGCACTG_008,105
GGGAAGGTCTCACTGCACTG_009,141
GGGAAGGTCTCACTGCACTG_010,5
GGGAAGGTCTCACTGCACTG_011,60
GGGAAGGTCTCACTGCACTG_012,127
GGGAAGGTCTCACTGCACTG_013,145
GGGAAGGTCTCACTGCACTG_014,2
GGGAAGGTCTCACTGCACTG_015,127
GGGAAGGTCTCACTGCACTG_016,50
GGGAAGGTCTCACTGCACTG_017,191
GGGAAGGTCTCACTGCACTG_018,9
GGGAAGGTCTCACTGCACTG_019,55
GGAGGCTGAAACGAGAGACC_001,97
GGAGGCTGAAACGAGAGACC_002,178
GGAGGCTGAAACGAGAGACC_003,163
GGAGGCTGAAACGAGAGACC_004,38
GGAGGCTGAAACGAGAGACC_005,27
GGAGGCTGAAACGAGAGACC_006,157
GGAGGCTGAAACGAGAGACC_007,147
GGAGGCTGAAACGAGAGACC_008,94
GGAGGCTGAAACGAGAGACC_009,27
GGAGGCTGAAACGAGAGACC_010,192
GGAGGCTGAAACGAGAGACC_011,75
GGAGGCTGAAACGAGAGACC_012,33
GGAGGCTGAAACGAGAGACC_013,153
GGAGGCTGAAACGAGAGACC_014,170
GGAGGCTGAAACGAGAGACC_015,81
GGAGGCTGAAACGAGAGACC_016,107
GGAGGCTGAAACGAGAGACC_017,103
GGAGGCTGAAACGAGAGACC_018,168
GGAGGCTGAAACGAGAGACC_019,180
AGAGACCAACGCGATAGAAG_001,134
AGAGACCAACGCGATAGAAG_002,126
AGAGACCAACGCGATAGAAG_003,177
AGAGACCAACGCGATAGAAG_004,184
AGAGACCAACGCGATAGAAG_005,105
AGAGACCAACGCGATAGAAG_006,74
AGAGACCAACGCGATAGAAG_007,77
AGAGACCAACGCGATAGAAG_008,168
AGAGACCAACGCGATAGAAG_009,151
AGAGACCAACGCGATAGAAG_010,40
GTATCGCTTACGGATCACAG_001,151
GTATCGCTTACGGATCACAG_002,120
GTATCGCTTACGGATCACAG_003,20
GTATCGCTTACGGATCACAG_004,2
GTATCGCTTACGGATCACAG_005,32
GTATCGCTTACGGATCACAG_006,62
GTATCGCTTACGGATCACAG_007,127
GTATCGCTTACGGATCACAG_008,34
CTTCATCCTAAATTTATTGT_001,170
CTTCATCCTAAATTTATTGT_002,188
CGGCCCGGCAGATACCTGAG_001,92
CGGCCCGGCAGATACCTGAG_002,124
TTAATGTGGTATATACGCCG_001,96
TTAATGTGGTATATACGCCG_002,71
TTAATGTGGTATATACGCCG_003,177
AGAGTTCTCGTCTGAACAGG_001,34
AGAGTTCTCGTCTGAACAGG_002,34
AGAGTTCTCGTCTGAACAGG_003,199
AGAGTTCTCGTCTGAACAGG_004,17
TCGCCCAGTCCTAACCGTGG_001,157
TCGCCCAGTCCTAACCGTGG_002,68
TCGCCCAGTCCTAACCGTGG_003,76
TCGCCCAGTCCTAACCGTGG_004,127
CGGACTCTGAAGATAGCCTG_001,92
CGGACTCTGAAGATAGCCTG_002,115
CGGACTCTGAAGATAGCCTG_003,43
CGGACTCTGAAGATAGCCTG_004,1
CGGACTCTGAAGATAGCCTG_005,177
CGGACTCTGAAGATAGCCTG_006,60
CGGACTCTGAAGATAGCCTG_007,44
CGGACTCTGAAGATAGCCTG_008,6
CGGACTCTGAAGATAGCCTG_009,88
CGGACTCTGAAGATAGCCTG_010,9
AAGCAAACGGTCCACCTGAG_001,133
AAGCAAACGGTCCACCTGAG_002,81
AAGCAAACGGTCCACCTGAG_003,106
AAGCAAACGGTCCACCTGAG_004,13
AAGCAAACGGTCCACCTGAG_005,61
AAGCAAACGGTCCACCTGAG_006,76
AAGCAAACGGTCCACCTGAG_007,135
AAGCAAACGGTCCACCTGAG_008,184
AAGCAAACGGTCCACCTGAG_009,145
AAGCAAACGGTCCACCTGAG_010,28
AAGCAAACGGTCCACCTGAG_011,15
AAGCAAACGGTCCACCTGAG_012,2
AAGCAAACGGTCCACCTGAG_013,170
AAGCAAACGGTCCACCTGAG_014,146
AAGCAAACGGTCCACCTGAG_015,8
AAGCAAACGGTCCACCTGAG_016,173
AAGCAAACGGTCCACCTGAG_017,173
AAGCAAACGGTCCACCTGAG_018,62
AAGCAAACGGTCCACCTGAG_019,55
AAGCAAACGGTCCACCTGAG_020,168
AAGCAAACGGTCCACCTGAG_021,57
AAGCAAACGGTCCACCTGAG_022,172
AAGCAAACGGTCCACCTGAG_023,98
AAGCAAACGGTCCACCTGAG_024,58
AAGCAAACGGTCCACCTGAG_025,191
AAGCAAACGGTCCACCTGAG_026,132
AAGCAAACGGTCCACCTGAG_027,63
AAGCAAACGGTCCACCTGAG_028,157
AAGCAAACGGTCCACCTGAG_029,148
AAGCAAACGGTCCACCTGAG_030,78
AAGCAAACGGTCCACCTGAG_031,17
AAGCAAACGGTCCACCTGAG_032,151
CTGAGTCATACACCCTGTGA_001,42
CTGAGTCATACACCCTGTGA_002,54
CTGAGTCATACACCCTGTGA_003,70
CTGAGTCATACACCCTGTGA_004,135
CTGAGTCATACACCCTGTGA_005,190
ACAGCTCAGAAACAAGAGCT_001,34
ACAGCTCAGAAACAAGAGCT_002,162
ACAGCTCAGAAACAAGAGCT_003,130
ACAGCTCAGAAACAAGAGCT_004,176
ACAGCTCAGAAACAAGAGCT_005,58
ACAGCTCAGAAACAAGAGCT_006,107
ACAGCTCAGAAACAAGAGCT_007,179
ACAGCTCAGAAACAAGAGCT_008,66
ACAGCTCAGAAACAAGAGCT_009,14
ACAGCTCAGAAACAAGAGCT_010,32
ACAGCTCAGAAACAAGAGCT_011,81
ACAGCTCAGAAACAAGAGCT_012,153
ACAGCTCAGAAACAAGAGCT_013,153
ACAGCTCAGAAACAAGAGCT_014,183
ACAGCTCAGAAACAAGAGCT_015,94
CACTGCGGAGGTTTCGAGGT_001,43
CACTGCGGAGGTTTCGAGGT_002,99
CACTGCGGAGGTTTCGAGGT_003,20
CACTGCGGAGGTTTCGAGGT_004,191
CACTGCGGAGGTTTCGAGGT_005,45
CACTGCGGAGGTTTCGAGGT_006,134
CACTGCGGAGGTTTCGAGGT_007,144
CACTGCGGAGGTTTCGAGGT_008,72
GCCATTTGACAGCACCCGAG_001,88
GCCATTTGACAGCACCCGAG_002,15
GCCATTTGACAGCACCCGAG_003,177
GCCATTTGACAGCACCCGAG_004,138
GCCATTTGACAGCACCCGAG_005,40
GCCATTTGACAGCACCCGAG_006,10
GCCATTTGACAGCACCCGAG_007,2
GCCATTTGACAGCACCCGAG_008,27
GCCATTTGACAGCACCCGAG_009,85
AGTCGTAATCTGTATCCACT_001,117
AGTCGTAATCTGTATCCACT_002,174
AGTCGTAATCTGTATCCACT_003,32
AGTCGTAATCTGTATCCACT_004,9
AGTCGTAATCTGTATCCACT_005,140
AGTCGTAATCTGTATCCACT_006,44
GTGGGAGAGTTCGTTACTGT_001,41
GTGGGAGAGTTCGTTACTGT_002,94
GTGGGAGAGTTCGTTACTGT_003,105
GTGGGAGAGTTCGTTACTGT_004,170
GTGGGAGAGTTCGTTACTGT_005,8
GTGGGAGAGTTCGTTACTGT_006,181
GTGGGAGAGTTCGTTACTGT_007,134
GTGGGAGAGTTCGTTACTGT_008,86
GTGGGAGAGTTCGTTACTGT_009,24
GTGGGAGAGTTCGTTACTGT_010,15
GTGGGAGAGTTCGTTACTGT_011,184
GTGGGAGAGTTCGTTACTGT_012,190
AGCAAGCTGTTTGCAAATGT_001,15
AGCAAGCTGTTTGCAAATGT_002,47
AGCAAGCTGTTTGCAAATGT_003,12
AGCAAGCTGTTTGCAAATGT_004,78
AGCAAGCTGTTTGCAAATGT_005,78
AGCAAGCTGTTTGCAAATGT_006,17
AGCAAGCTGTTTGCAAATGT_007,158
AGCAAGCTGTTTGCAAATGT_008,186
AGCAAGCTGTTTGCAAATGT_009,147
AGCAAGCTGTTTGCAAATGT_010,153
AGCAAGCTGTTTGCAAATGT_011,41
AGCAAGCTGTTTGCAAATGT_012,41
AGCAAGCTGTTTGCAAATGT_013,135
AGCAAGCTGTTTGCAAATGT_014,28
AGCAAGCTGTTTGCAAATGT_015,113
AGCAAGCTGTTTGCAAATGT_016,57
AGCAAGCTGTTTGCAAATGT_017,4
AGCAAGCTGTTTGCAAATGT_018,198
CTGGGCCTGATAGCAGCCTG_001,60
CTGGGCCTGATAGCAGCCTG_002,116
CTGGGCCTGATAGCAGCCTG_003,82
CTGGGCCTGATAGCAGCCTG_004,61
CTGGGCCTGATAGCAGCCTG_005,188
CTGGGCCTGATAGCAGCCTG_006,152
CTGGGCCTGATAGCAGCCTG_007,69
CTGGGCCTGATAGCAGCCTG_008,29
CTGGGCCTGATAGCAGCCTG_009,69
CTGGGCCTGATAGCAGCCTG_010,27
CTGGGCCTGATAGCAGCCTG_011,127
CTGGGCCTGATAGCAGCCTG_012,152
CTGGGCCTGATAGCAGCCTG_013,157
CTGGGCCTGATAGCAGCCTG_014,143
CTGGGCCTGATAGCAGCCTG_015,196
CTGGGCCTGATAGCAGCCTG_016,70
CTGGGCCTGATAGCAGCCTG_017,58
CTGGGCCTGATAGCAGCCTG_018,50
CTGGGCCTGATAGCAGCCTG_019,160
CTGGGCCTGATAGCAGCCTG_020,35
CTGGGCCTGATAGCAGCCTG_021,16
CTGGGCCTGATAGCAGCCTG_022,104
CTGGGCCTGATAGCAGCCTG_023,188
CTGGGCCTGATAGCAGCCTG_024,28
CTGGGCCTGATAGCAGCCTG_025,121
CTGGGCCTGATAGCAGCCTG_026,157
CTGGGCCTGATAGCAGCCTG_027,153
AGAACCGACTGGACCCCACG_001,140
AGAACCGACTGGACCCCACG_002,48
AGAACCGACTGGACCCCACG_003,138
AGAACCGACTGGACCCCACG_004,182
AGAACCGACTGGACCCCACG_005,22
AGAACCGACTGGACCCCACG_006,148
AGAACCGACTGGACCCCACG_007,101
AGAACCGACTGGACCCCACG_008,94
AGAACCGACTGGACCCCACG_009,58
AGAACCGACTGGACCCCACG_010,41
AGAACCGACTGGACCCCACG_011,165
GCGTAATCGTAGGGTCTGCG_001,165
TGGATCAATACCGCCCTCCA_001,110
TGGATCAATACCGCCCTCCA_002,174
TGGATCAATACCGCCCTCCA_003,193
TGGATCAATACCGCCCTCCA_004,59
TGGATCAATACCGCCCTCCA_005,55
TGGATCAATACCGCCCTCCA_006,173
TGGATCAATACCGCCCTCCA_007,65
TGGATCAATACCGCCCTCCA_008,199
TGGATCAATACCGCCCTCCA_009,63
CGTAGCGCCTCCCGTGTCCG_001,92
CGTAGCGCCTCCCGTGTCCG_002,12
AAACCCAGAACATAGCCACA_001,67
AAACCCAGAACATAGCCACA_002,129
AAACCCAGAACATAGCCACA_003,71
AAACCCAGAACATAGCCACA_004,49
AAACCCAGAACATAGCCACA_005,63
AAACCCAGAACATAGCCACA_006,115
AAACCCAGAACATAGCCACA_007,92
AAACCCAGAACATAGCCACA_008,177
AAACCCAGAACATAGCCACA_009,169
AAACCCAGAACATAGCCACA_010,127
AAACCCAGAACATAGCCACA_011,92
AAACCCAGAACATAGCCACA_012,16
AAACCCAGAACATAGCCACA_013,10
AAACCCAGAACATAGCCACA_014,29
AAACCCAGAACATAGCCACA_015,108
AAACCCAGAACATAGCCACA_016,136
AAACCCAGAACATAGCCACA_017,137
CATGTGGGCCCTGCAAACCG_001,70
GAAGCTTGCACCTATTCCTG_001,62
GAAGCTTGCACCTATTCCTG_002,174
GAAGCTTGCACCTATTCCTG_003,181
GAAGCTTGCACCTATTCCTG_004,139
GAAGCTTGCACCTATTCCTG_005,179
GAAGCTTGCACCTATTCCTG_006,86
GAAGCTTGCACCTATTCCTG_007,196
GAAGCTTGCACCTATTCCTG_008,105
GAAGCTTGCACCTATTCCTG_009,3
CACTCTCAGACAGAATCTCA_001,130
CACTCTCAGACAGAATCTCA_002,151
CACTCTCAGACAGAATCTCA_003,150
CACTCTCAGACAGAATCTCA_004,15
CACTCTCAGACAGAATCTCA_005,27
CACTCTCAGACAGAATCTCA_006,172
CACTCTCAGACAGAATCTCA_007,160
CACTCTCAGACAGAATCTCA_008,38
CACTCTCAGACAGAATCTCA_009,69
AAAAAGTAGACTGACCTGGT_001,88
AAAAAGTAGACTGACCTGGT_002,44
AAAAAGTAGACTGACCTGGT_003,139
AAAAAGTAGACTGACCTGGT_004,79
AAAAAGTAGACTGACCTGGT_005,152
AAAAAGTAGACTGACCTGGT_006,56
AAAAAGTAGACTGACCTGGT_007,31
AAAAAGTAGACTGACCTGGT_008,103
AAAAAGTAGACTGACCTGGT_009,28
AAAAAGTAGACTGACCTGGT_010,137
AAAAAGTAGACTGACCTGGT_011,59
AAAAAGTAGACTGACCTGGT_012,57
AAAAAGTAGACTGACCTGGT_013,97
AAAAAGTAGACTGACCTGGT_014,91
AAGGGGCGGCCTTTCCCGTG_001,121
AAGGGGCGGCCTTTCCCGTG_002,36
AAGGGGCGGCCTTTCCCGTG_003,76
AAGGGGCGGCCTTTCCCGTG_004,176
AAGGGGCGGCCTTTCCCGTG_005,78
AAGGGGCGGCCTTTCCCGTG_006,61
AAGGGGCGGCCTTTCCCGTG_007,177
AAGGGGCGGCCTTTCCCGTG_008,69
AAGGGGCGGCCTTTCCCGTG_009,111
AAGGGGCGGCCTTTCCCGTG_010,199
AAGGGGCGGCCTTTCCCGTG_011,4
AAGGGGCGGCCTTTCCCGTG_012,76
AAGGGGCGGCCTTTCCCGTG_013,38
AAGGGGCGGCCTTTCCCGTG_014,115
AAGGGGCGGCCTTTCCCGTG_015,29
AAGGGGCGGCCTTTCCCGTG_016,91
AAGGGGCGGCCTTTCCCGTG_017,114
AAGGGGCGGCCTTTCCCGTG_018,192
AAGGGGCGGCCTTTCCCGTG_019,1
AAGGGGCGGCCTTTCCCGTG_020,1
AAGGGGCGGCCTTTCCCGTG_021,187
AAGGGGCGGCCTTTCCCGTG_022,175
ATGGATTAAGGAGATCGATG_001,115
ATGGATTAAGGAGATCGATG_002,103
ATGGATTAAGGAGATCGATG_003,139
ATGGATTAAGGAGATCGATG_004,138
GGCGGCGACGGCAGTAACAG_001,82
GGCGGCGACGGCAGTAACAG_002,2
GGCGGCGACGGCAGTAACAG_003,115
GGCGGCGACGGCAGTAACAG_004,58
GGCGGCGACGGCAGTAACAG_005,98
GGCGGCGACGGCAGTAACAG_006,70
GTCCAGCTCTCGTAGTAGCG_001,125
GTCCAGCTCTCGTAGTAGCG_002,144
GTCCAGCTCTCGTAGTAGCG_003,64
ATGGCTCGTATTGCTATCAT_001,182
ATGGCTCGTATTGCTATCAT_002,127
ATGGCTCGTATTGCTATCAT_003,142
ATGGCTCGTATTGCTATCAT_004,146
ATGGCTCGTATTGCTATCAT_005,146
ATGGCTCGTATTGCTATCAT_006,149
ATGGCTCGTATTGCTATCAT_007,121
ATGGCTCGTATTGCTATCAT_008,14
ACAGGCACTGCACCCCTCGA_001,102
ACAGGCACTGCACCCCTCGA_002,23
ACAGGCACTGCACCCCTCGA_003,8
ACAGGCACTGCACCCCTCGA_004,61
ACAGGCACTGCACCCCTCGA_005,140
ACAGGCACTGCACCCCTCGA_006,58
ACAGGCACTGCACCCCTCGA_007,81
ACAGGCACTGCACCCCTCGA_008,160
ACAGGCACTGCACCCCTCGA_009,156
ACAGGCACTGCACCCCTCGA_010,155
ACAGGCACTGCACCCCTCGA_011,81
ACAGGCACTGCACCCCTCGA_012,84
ACAGGCACTGCACCCCTCGA_013,68
ACAGGCACTGCACCCCTCGA_014,5
ACAGGCACTGCACCCCTCGA_015,76
ACAGGCACTGCACCCCTCGA_016,28
CAACCACAATCTCAGGACGA_001,53
CAACCACAATCTCAGGACGA_002,192
CAACCACAATCTCAGGACGA_003,117
CAACCACAATCTCAGGACGA_004,16
CAACCACAATCTCAGGACGA_005,40
CGTGCTGTTGTATTCCGTCT_001,58
CGTGCTGTTGTATTCCGTCT_002,157
CGTGCTGTTGTATTCCGTCT_003,35
CGTGCTGTTGTATTCCGTCT_004,23
CGTGCTGTTGTATTCCGTCT_005,89
CGTGCTGTTGTATTCCGTCT_006,90
CTAGGAACGTGAGTTAAGCA_001,190
CTAGGAACGTGAGTTAAGCA_002,24
CTAGGAACGTGAGTTAAGCA_003,168
CTAGGAACGTGAGTTAAGCA_004,62
GTGAAACATTTAAATCCACC_001,58
GTGAAACATTTAAATCCACC_002,160
GTGAAACATTTAAATCCACC_003,60
GTGAAACATTTAAATCCACC_004,150
TCAAATCAGAATGGGACAGG_001,127
TCAAATCAGAATGGGACAGG_002,29
TCAAATCAGAATGGGACAGG_003,192
TCAAATCAGAATGGGACAGG_004,75
TCAAATCAGAATGGGACAGG_005,0
TCAAATCAGAATGGGACAGG_006,20
TCAAATCAGAATGGGACAGG_007,177
TGGATGTTGCCCATGACGCA_001,66
ACTGACCTGAGATGGTCTCC_001,117
ACTGACCTGAGATGGTCTCC_002,80
ACTGACCTGAGATGGTCTCC_003,119
ACTGACCTGAGATGGTCTCC_004,161
ACTGACCTGAGATGGTCTCC_005,61
ACTGACCTGAGATGGTCTCC_006,8
ACTGACCTGAGATGGTCTCC_007,36
ACTGACCTGAGATGGTCTCC_008,100
ACTGACCTGAGATGGTCTCC_009,38
ACTGACCTGAGATGGTCTCC_010,171
ACTGACCTGAGATGGTCTCC_011,76
ACTGACCTGAGATGGTCTCC_012,93
ACTGACCTGAGATGGTCTCC_013,117
ACTGACCTGAGATGGTCTCC_014,37
ACTGACCTGAGATGGTCTCC_015,172
ACTGACCTGAGATGGTCTCC_016,22
ACTGACCTGAGATGGTCTCC_017,118
TGGCCACAGTCTATGCTCAG_001,147
TGGCCACAGTCTATGCTCAG_002,182
TGGCCACAGTCTATGCTCAG_003,180
AATATATGATCAGTTTGGGG_001,107
AATATATGATCAGTTTGGGG_002,185
AATATATGATCAGTTTGGGG_003,72
AATATATGATCAGTTTGGGG_004,167
ATTAGGTGGAAGTAATTGAG_001,78
ATTAGGTGGAAGTAATTGAG_002,187
ATTAGGTGGAAGTAATTGAG_003,62
ATTAGGTGGAAGTAATTGAG_004,98
ATTAGGTGGAAGTAATTGAG_005,56
ATTAGGTGGAAGTAATTGAG_006,58
ATTAGGTGGAAGTAATTGAG_007,9
ATTAGGTGGAAGTAATTGAG_008,61
ATTAGGTGGAAGTAATTGAG_009,6
ATTAGGTGGAAGTAATTGAG_010,6
ATTAGGTGGAAGTAATTGAG_011,102
TACGATAACAGATATTCATC_001,165
CAAATGCCATTTAGGTTATC_001,34
CAAATGCCATTTAGGTTATC_002,106
CAAATGCCATTTAGGTTATC_003,121
CAAATGCCATTTAGGTTATC_004,61
CAAATGCCATTTAGGTTATC_005,9
CAAATGCCATTTAGGTTATC_006,134
CAAATGCCATTTAGGTTATC_007,147
CAAATGCCATTTAGGTTATC_008,61
CAAATGCCATTTAGGTTATC_009,134
CAAATGCCATTTAGGTTATC_010,188
CAAATGCCATTTAGGTTATC_011,105
ACTTGTGTCGTCTATTAAGG_001,44
ACTTGTGTCGTCTATTAAGG_002,112
ACTTGTGTCGTCTATTAAGG_003,127
ACTTGTGTCGTCTATTAAGG_004,29
CCCCACCGCGAACCACAGGA_001,176
CCCCACCGCGAACCACAGGA_002,158
CCCCACCGCGAACCACAGGA_003,168
CCCCACCGCGAACCACAGGA_004,117
CCCCACCGCGAACCACAGGA_005,176
CCCCACCGCGAACCACAGGA_006,140
CCCCACCGCGAACCACAGGA_007,107
CCCCACCGCGAACCACAGGA_008,55
CCCCACCGCGAACCACAGGA_009,4
CCCCACCGCGAACCACAGGA_010,125
CCCCACCGCGAACCACAGGA_011,171
CCCCACCGCGAACCACAGGA_012,106
CCCCACCGCGAACCACAGGA_013,177
CCCCACCGCGAACCACAGGA_014,111
GACGAAAATCCTGATGCGAA_001,1
GACGAAAATCCTGATGCGAA_002,63
GACGAAAATCCTGATGCGAA_003,166
GACGAAAATCCTGATGCGAA_004,59
GACGAAAATCCTGATGCGAA_005,9
GACGAAAATCCTGATGCGAA_006,94
CACCTGCGGAAACGGCCACG_001,132
CACCTGCGGAAACGGCCACG_002,69
CACCTGCGGAAACGGCCACG_003,1
CACCTGCGGAAACGGCCACG_004,106
CACCTGCGGAAACGGCCACG_005,81
CACCTGCGGAAACGGCCACG_006,16
CACCTGCGGAAACGGCCACG_007,13
CACCTGCGGAAACGGCCACG_008,165
CACCTGCGGAAACGGCCACG_009,138
GGGGACGTTAACAGCGCCGG_001,177
GGGGACGTTAACAGCGCCGG_002,150
GGGGACGTTAACAGCGCCGG_003,197
GGGGACGTTAACAGCGCCGG_004,160
GGGGACGTTAACAGCGCCGG_005,88
GGGGACGTTAACAGCGCCGG_006,94
GGGGACGTTAACAGCGCCGG_007,19
GGGGACGTTAACAGCGCCGG_008,183
GGTTCCAAAGCGAATGCCAG_001,41
GGTTCCAAAGCGAATGCCAG_002,42
GGTTCCAAAGCGAATGCCAG_003,127
GGTTCCAAAGCGAATGCCAG_004,73
GGTTCCAAAGCGAATGCCAG_005,53
GGTTCCAAAGCGAATGCCAG_006,69
GGTTCCAAAGCGAATGCCAG_007,80
GGTTCCAAAGCGAATGCCAG_008,140
GGTTCCAAAGCGAATGCCAG_009,129
GGTTCCAAAGCGAATGCCAG_010,132
GGTTCCAAAGCGAATGCCAG_011,85
GGTTCCAAAGCGAATGCCAG_012,49
TAAGAAGGGCTACAACCCAC_001,172
TAAGAAGGGCTACAACCCAC_002,114
TAAGAAGGGCTACAACCCAC_003,192
TAAGAAGGGCTACAACCCAC_004,157
TAAGAAGGGCTACAACCCAC_005,112
TAAGAAGGGCTACAACCCAC_006,60
TAAGAAGGGCTACAACCCAC_007,50
TAAGAAGGGCTACAACCCAC_008,152
TAAGAAGGGCTACAACCCAC_009,82
AGAACCACTCGACCTCACTG_001,102
AGAACCACTCGACCTCACTG_002,15
AGAACCACTCGACCTCACTG_003,181
AGAACCACTCGACCTCACTG_004,49
AGAACCACTCGACCTCACTG_005,32
AGAACCACTCGACCTCACTG_006,163
AGAACCACTCGACCTCACTG_007,53
AGAACCACTCGACCTCACTG_008,104
AGAACCACTCGACCTCACTG_009,30
AGAACCACTCGACCTCACTG_010,0
AGAACCACTCGACCTCACTG_011,130
AGAACCACTCGACCTCACTG_012,159
AGAACCACTCGACCTCACTG_013,63
AGAACCACTCGACCTCACTG_014,96
AGATGCACAGCATTGAGCTG_001,102
AGATGCACAGCATTGAGCTG_002,134
AGATGCACAGCATTGAGCTG_003,17
AGATGCACAGCATTGAGCTG_004,148
AGATGCACAGCATTGAGCTG_005,104
AGATGCACAGCATTGAGCTG_006,147
AGATGCACAGCATTGAGCTG_007,118
AGATGCACAGCATTGAGCTG_008,20
AGATGCACAGCATTGAGCTG_009,151
AGATGCACAGCATTGAGCTG_010,26
AGATGCACAGCATTGAGCTG_011,179
AGATGCACAGCATTGAGCTG_012,56
AGATGCACAGCATTGAGCTG_013,60
AGATGCACAGCATTGAGCTG_014,27
TCTGATGTCGACATCCCAAG_001,32
TCTGATGTCGACATCCCAAG_002,108
CTTTGAGGTCAAACGCCGCG_001,15
CTTTGAGGTCAAACGCCGCG_002,80
CTTTGAGGTCAAACGCCGCG_003,197
CTTTGAGGTCAAACGCCGCG_004,42
CTTTGAGGTCAAACGCCGCG_005,131
CTTTGAGGTCAAACGCCGCG_006,170
AGAAGTGAGATCGATTTCGC_001,122
AGAAGTGAGATCGATTTCGC_002,56
AGAAGTGAGATCGATTTCGC_003,162
AGAAGTGAGATCGATTTCGC_004,17
AGAAGTGAGATCGATTTCGC_005,162
AGAAGTGAGATCGATTTCGC_006,91
AGAAGTGAGATCGATTTCGC_007,142
AGAAGTGAGATCGATTTCGC_008,15
AGAAGTGAGATCGATTTCGC_009,197
AGAAGTGAGATCGATTTCGC_010,49
AGAAGTGAGATCGATTTCGC_011,112
AGAAGTGAGATCGATTTCGC_012,112
AGAAGTGAGATCGATTTCGC_013,81
AGAAGTGAGATCGATTTCGC_014,16
AGAAGTGAGATCGATTTCGC_015,162
AGAAGTGAGATCGATTTCGC_016,16
AGAAGTGAGATCGATTTCGC_017,5
AGAAGTGAGATCGATTTCGC_018,149
AGAAGTGAGATCGATTTCGC_019,53
AGAAGTGAGATCGATTTCGC_020,175
AGAAGTGAGATCGATTTCGC_021,124
AGAAGTGAGATCGATTTCGC_022,30
CTGCACGTCACACACTTCGT_001,163
CTCTTTTGAGATTGACAAGT_001,150
CTCTTTTGAGATTGACAAGT_002,34
CTCTTTTGAGATTGACAAGT_003,114
CTCTTTTGAGATTGACAAGT_004,76
CTCTTTTGAGATTGACAAGT_005,175
CTCTTTTGAGATTGACAAGT_006,138
CTCTTTTGAGATTGACAAGT_007,156
CTCTTTTGAGATTGACAAGT_008,68
CTCTTTTGAGATTGACAAGT_009,46
CTCTTTTGAGATTGACAAGT_010,166
CTCTTTTGAGATTGACAAGT_011,162
CTCTTTTGAGATTGACAAGT_012,164
CTCTTTTGAGATTGACAAGT_013,37
CTCTTTTGAGATTGACAAGT_014,80
CTCTTTTGAGATTGACAAGT_015,22
AGAGCCTGAAAGTGGTAAGG_001,152
AGAGCCTGAAAGTGGTAAGG_002,88
AGAGCCTGAAAGTGGTAAGG_003,192
AGAGCCTGAAAGTGGTAAGG_004,23
AGAGCCTGAAAGTGGTAAGG_005,130
AGAGCCTGAAAGTGGTAAGG_006,82
AGAGCCTGAAAGTGGTAAGG_007,162
AGAGCCTGAAAGTGGTAAGG_008,82
AGAGCCTGAAAGTGGTAAGG_009,10
AGAGCCTGAAAGTGGTAAGG_010,175
AGAGCCTGAAAGTGGTAAGG_011,37
AGAGCCTGAAAGTGGTAAGG_012,165
AGAGCCTGAAAGTGGTAAGG_013,168
AGAGCCTGAAAGTGGTAAGG_014,17
AGAGCCTGAAAGTGGTAAGG_015,108
ATGTGAAAAATGCTACCATG_001,29
ATGTGAAAAATGCTACCATG_002,77
ATGTGAAAAATGCTACCATG_003,162
ATGTGAAAAATGCTACCATG_004,2
ATGTGAAAAATGCTACCATG_005,141
ATGTGAAAAATGCTACCATG_006,42
ATGTGAAAAATGCTACCATG_007,88
ATGTGAAAAATGCTACCATG_008,162
ATGTGAAAAATGCTACCATG_009,177
ATGTGAAAAATGCTACCATG_010,50
ATGTGAAAAATGCTACCATG_011,58
ATGTGAAAAATGCTACCATG_012,122
ATGTGAAAAATGCTACCATG_013,48
ATGTGAAAAATGCTACCATG_014,88
ATGTGAAAAATGCTACCATG_015,82
ATGTGAAAAATGCTACCATG_016,43
ATGTGAAAAATGCTACCATG_017,36
GAGGGTCATGGACACAAACT_001,54
GAGGGTCATGGACACAAACT_002,130
GAGGGTCATGGACACAAACT_003,62
GAGGGTCATGGACACAAACT_004,9
GAGGGTCATGGACACAAACT_005,144
GAGGGTCATGGACACAAACT_006,57
GAGGGTCATGGACACAAACT_007,147
GAGGGTCATGGACACAAACT_008,70
GAGGGTCATGGACACAAACT_009,164
GAGGGTCATGGACACAAACT_010,91
GAGGGTCATGGACACAAACT_011,15
GAGGGTCATGGACACAAACT_012,160
AACGGACACTGATCTCCCAG_001,106
AACGGACACTGATCTCCCAG_002,58
AACGGACACTGATCTCCCAG_003,94
AATTCCTCAGTGATTTCTGA_001,15
AATTCCTCAGTGATTTCTGA_002,96
AATTCCTCAGTGATTTCTGA_003,73
AATTCCTCAGTGATTTCTGA_004,150
GTATTAAGATGCGTCTTAGA_001,24
GTATTAAGATGCGTCTTAGA_002,47
GTATTAAGATGCGTCTTAGA_003,139
GTATTAAGATGCGTCTTAGA_004,96
GTATTAAGATGCGTCTTAGA_005,121
GTATTAAGATGCGTCTTAGA_006,146
GTATTAAGATGCGTCTTAGA_007,175
GTATTAAGATGCGTCTTAGA_008,47
GTATTAAGATGCGTCTTAGA_009,107
GTATTAAGATGCGTCTTAGA_010,20
GTCAAGTCAGTACTCACCAT_001,146
GTCAAGTCAGTACTCACCAT_002,62
GTCAAGTCAGTACTCACCAT_003,169
GTCAAGTCAGTACTCACCAT_004,134
GTCAAGTCAGTACTCACCAT_005,0
TCTGTTAGCAGAACTACGGA_001,127
TCTGTTAGCAGAACTACGGA_002,88
TCTGTTAGCAGAACTACGGA_003,25
TCTGTTAGCAGAACTACGGA_004,60
TCTGTTAGCAGAACTACGGA_005,137
TCTGTTAGCAGAACTACGGA_006,171
TCTGTTAGCAGAACTACGGA_007,191
TCTGTTAGCAGAACTACGGA_008,144
TCTGTTAGCAGAACTACGGA_009,100
TCTGTTAGCAGAACTACGGA_010,149
TCTGTTAGCAGAACTACGGA_011,50
TCTGTTAGCAGAACTACGGA_012,106
TCTGTTAGCAGAACTACGGA_013,105
TCTGTTAGCAGAACTACGGA_014,65
TCTGTTAGCAGAACTACGGA_015,139
TCTGTTAGCAGAACTACGGA_016,90
TCTGTTAGCAGAACTACGGA_017,8
TCTGTTAGCAGAACTACGGA_018,145
TCTGTTAGCAGAACTACGGA_019,160
TCTGTTAGCAGAACTACGGA_020,185
TCTGTTAGCAGAACTACGGA_021,106
CACAGGTGAAGAGATCAGCG_001,88
CACAGGTGAAGAGATCAGCG_002,105
CACAGGTGAAGAGATCAGCG_003,130
CACAGGTGAAGAGATCAGCG_004,142
CACAGGTGAAGAGATCAGCG_005,114
CACAGGTGAAGAGATCAGCG_006,114
CACAGGTGAAGAGATCAGCG_007,95
CACAGGTGAAGAGATCAGCG_008,111
CACAGGTGAAGAGATCAGCG_009,137
GCGGGACCTCCGAACCAAGT_001,120
GCGGGACCTCCGAACCAAGT_002,116
GCGGGACCTCCGAACCAAGT_003,7
GCGGGACCTCCGAACCAAGT_004,156
GCGGGACCTCCGAACCAAGT_005,47
GCGGGACCTCCGAACCAAGT_006,158
GCGGGACCTCCGAACCAAGT_007,146
GCGGGACCTCCGAACCAAGT_008,171
GCGGGACCTCCGAACCAAGT_009,88
GCGGGACCTCCGAACCAAGT_010,197
GCGGGACCTCCGAACCAAGT_011,88
GCGGGACCTCCGAACCAAGT_012,177
TCAATAAGTTCGTGCTGACC_001,148
TCAATAAGTTCGTGCTGACC_002,166
TCAATAAGTTCGTGCTGACC_003,115
TCAATAAGTTCGTGCTGACC_004,160
TCAATAAGTTCGTGCTGACC_005,1
TCAATAAGTTCGTGCTGACC_006,169
TCAATAAGTTCGTGCTGACC_007,116
TGACGTAAACGGACATGCTG_001,29
TGACGTAAACGGACATGCTG_002,0
TGACGTAAACGGACATGCTG_003,189
TGACGTAAACGGACATGCTG_004,189
TGACGTAAACGGACATGCTG_005,34
TGACGTAAACGGACATGCTG_006,19
TGACGTAAACGGACATGCTG_007,82
TGACGTAAACGGACATGCTG_008,105
TGACGTAAACGGACATGCTG_009,123
TGACGTAAACGGACATGCTG_010,63
TGACGTAAACGGACATGCTG_011,188
TGACGTAAACGGACATGCTG_012,28
TGACGTAAACGGACATGCTG_013,122
TGACGTAAACGGACATGCTG_014,54
TGACGTAAACGGACATGCTG_015,162
TGACGTAAACGGACATGCTG_016,58
TGACGTAAACGGACATGCTG_017,192
TGACGTAAACGGACATGCTG_018,152
TGACGTAAACGGACATGCTG_019,74
TCCGCGGCCACCGCTCAGCG_001,53
TCCGCGGCCACCGCTCAGCG_002,105
TCCGCGGCCACCGCTCAGCG_003,56
TCCGCGGCCACCGCTCAGCG_004,28
TCCGCGGCCACCGCTCAGCG_005,86
TCCGCGGCCACCGCTCAGCG_006,65
TCCGCGGCCACCGCTCAGCG_007,147
TCCGCGGCCACCGCTCAGCG_008,194
TCCGCGGCCACCGCTCAGCG_009,36
TCCGCGGCCACCGCTCAGCG_010,43
TCCGCGGCCACCGCTCAGCG_011,185
TCCGCGGCCACCGCTCAGCG_012,81
TGCAGTCGGTCCACTCTGAG_001,8
TGCAGTCGGTCCACTCTGAG_002,115
TGCAGTCGGTCCACTCTGAG_003,150
TGCAGTCGGTCCACTCTGAG_004,81
TGCAGTCGGTCCACTCTGAG_005,127
TGCAGTCGGTCCACTCTGAG_006,41
TGCAGTCGGTCCACTCTGAG_007,94
TGCAGTCGGTCCACTCTGAG_008,142
TGCAGTCGGTCCACTCTGAG_009,74
TGCAGTCGGTCCACTCTGAG_010,85
TGCAGTCGGTCCACTCTGAG_011,62
TGCAGTCGGTCCACTCTGAG_012,48
TGCAGTCGGTCCACTCTGAG_013,74
GAGATGATAGCGACTACTGA_001,190
GAGATGATAGCGACTACTGA_002,34
GAGATGATAGCGACTACTGA_003,1
CTGGCTCACCGAATAGCCAG_001,169
CTGGCTCACCGAATAGCCAG_002,157
CTGGCTCACCGAATAGCCAG_003,163
CTGGCTCACCGAATAGCCAG_004,2
CTGGCTCACCGAATAGCCAG_005,137
CTGGCTCACCGAATAGCCAG_006,16
TGTGGATGAGATGAACGGAA_001,8
TGTGGATGAGATGAACGGAA_002,142
TGTGGATGAGATGAACGGAA_003,144
TGTGGATGAGATGAACGGAA_004,156
TGTGGATGAGATGAACGGAA_005,165
TGTGGATGAGATGAACGGAA_006,44
TGTGGATGAGATGAACGGAA_007,96
TGTGGATGAGATGAACGGAA_008,118
TTGATATCCCGGTGCGCCCG_001,172
TTGATATCCCGGTGCGCCCG_002,136
TTGATATCCCGGTGCGCCCG_003,43
TTGATATCCCGGTGCGCCCG_004,139
TTGATATCCCGGTGCGCCCG_005,177
TTGATATCCCGGTGCGCCCG_006,11
TTGATATCCCGGTGCGCCCG_007,94
TTGATATCCCGGTGCGCCCG_008,94
TTGATATCCCGGTGCGCCCG_009,31
TTGATATCCCGGTGCGCCCG_010,149
TTGATATCCCGGTGCGCCCG_011,19
TTGATATCCCGGTGCGCCCG_012,155
TTGATATCCCGGTGCGCCCG_013,17
TTGATATCCCGGTGCGCCCG_014,170
TTGATATCCCGGTGCGCCCG_015,47
TGAGTGACAACGATAGCGTG_001,69
TGAGTGACAACGATAGCGTG_002,192
TGAGTGACAACGATAGCGTG_003,16
TGAGTGACAACGATAGCGTG_004,194
TGAGTGACAACGATAGCGTG_005,155
TGAGTGACAACGATAGCGTG_006,162
TGAGTGACAACGATAGCGTG_007,160
TGAGTGACAACGATAGCGTG_008,177
TGAGTGACAACGATAGCGTG_009,160
TGAGTGACAACGATAGCGTG_010,90
TGAGTGACAACGATAGCGTG_011,133
TGAGTGACAACGATAGCGTG_012,190
TGAGTGACAACGATAGCGTG_013,15
TGAGTGACAACGATAGCGTG_014,171
TGAGTGACAACGATAGCGTG_015,46
TGAGTGACAACGATAGCGTG_016,103
TGAGTGACAACGATAGCGTG_017,17
ACTTACCTCGAAGAGTGTGA_001,8
ACTTACCTCGAAGAGTGTGA_002,118
ACTTACCTCGAAGAGTGTGA_003,22
ACTTACCTCGAAGAGTGTGA_004,131
TGAACTTGGACCCTACATGA_001,115
TGAACTTGGACCCTACATGA_002,147
TGAACTTGGACCCTACATGA_003,122
TGAACTTGGACCCTACATGA_004,81
TGAACTTGGACCCTACATGA_005,38
TGAACTTGGACCCTACATGA_006,8
TGAACTTGGACCCTACATGA_007,43
TGAACTTGGACCCTACATGA_008,196
TCTGACCTCAGCAATCACTC_001,53
TCTGACCTCAGCAATCACTC_002,15
TCTGACCTCAGCAATCACTC_003,118
TCTGACCTCAGCAATCACTC_004,34
TCTGACCTCAGCAATCACTC_005,84
TCTGACCTCAGCAATCACTC_006,82
TCTGACCTCAGCAATCACTC_007,184
TCTGACCTCAGCAATCACTC_008,61
TCTGACCTCAGCAATCACTC_009,169
TCTGACCTCAGCAATCACTC_010,48
TCTGACCTCAGCAATCACTC_011,27
TCTGACCTCAGCAATCACTC_012,138
TCTGACCTCAGCAATCACTC_013,97
CTGCGGTCCTGCTCTTAACG_001,179
CTGCGGTCCTGCTCTTAACG_002,132
CTCGTCCGGGCAGTCCACGA_001,11
CTCGTCCGGGCAGTCCACGA_002,134
CTCGTCCGGGCAGTCCACGA_003,191
CTCGTCCGGGCAGTCCACGA_004,131
CTCGTCCGGGCAGTCCACGA_005,127
CTCGTCCGGGCAGTCCACGA_006,58
CTCGTCCGGGCAGTCCACGA_007,199
CTCGTCCGGGCAGTCCACGA_008,27
CTCGTCCGGGCAGTCCACGA_009,126
CTCGTCCGGGCAGTCCACGA_010,44
CTCGTCCGGGCAGTCCACGA_011,15
CTCGTCCGGGCAGTCCACGA_012,8
CTCGTCCGGGCAGTCCACGA_013,113
CTCGTCCGGGCAGTCCACGA_014,166
CTCGTCCGGGCAGTCCACGA_015,140
CTCGTCCGGGCAGTCCACGA_016,127
CTCGTCCGGGCAGTCCACGA_017,48
CTCGTCCGGGCAGTCCACGA_018,60
CTCGTCCGGGCAGTCCACGA_019,127
CTCGTCCGGGCAGTCCACGA_020,29
CTCGTCCGGGCAGTCCACGA_021,137
CTCGTCCGGGCAGTCCACGA_022,35
CTCGTCCGGGCAGTCCACGA_023,57
CTCGTCCGGGCAGTCCACGA_024,118
CTCGTCCGGGCAGTCCACGA_025,121
GTCCCTGGCAGACAGAGTAA_001,5
GTCCCTGGCAGACAGAGTAA_002,36
GCCCCAGCAGGTACTCGTCA_001,53
GCCCCAGCAGGTACTCGTCA_002,148
GCCCCAGCAGGTACTCGTCA_003,26
GCCCCAGCAGGTACTCGTCA_004,95
GCCCCAGCAGGTACTCGTCA_005,64
GCCCCAGCAGGTACTCGTCA_006,0
CTCCGGCTGTGGAGGCTGTG_001,45
CTCCGGCTGTGGAGGCTGTG_002,77
CTCCGGCTGTGGAGGCTGTG_003,102
CTCCGGCTGTGGAGGCTGTG_004,183
CTCCGGCTGTGGAGGCTGTG_005,170
CTCCGGCTGTGGAGGCTGTG_006,160
CTCCGGCTGTGGAGGCTGTG_007,55
CTCCGGCTGTGGAGGCTGTG_008,172
CTCCGGCTGTGGAGGCTGTG_009,70
CTCCGGCTGTGGAGGCTGTG_010,58
CTCCGGCTGTGGAGGCTGTG_011,76
CTCCGGCTGTGGAGGCTGTG_012,17
CTCCGGCTGTGGAGGCTGTG_013,127
CTCCGGCTGTGGAGGCTGTG_014,185
CTCCGGCTGTGGAGGCTGTG_015,13
CTCCGGCTGTGGAGGCTGTG_016,199
CTCCGGCTGTGGAGGCTGTG_017,89
CTCCGGCTGTGGAGGCTGTG_018,160
CTCCGGCTGTGGAGGCTGTG_019,48
CTCCGGCTGTGGAGGCTGTG_020,77
CTCCGGCTGTGGAGGCTGTG_021,112
CTCCGGCTGTGGAGGCTGTG_022,19
CTCCGGCTGTGGAGGCTGTG_023,51
CTCCGGCTGTGGAGGCTGTG_024,35
CTCCGGCTGTGGAGGCTGTG_025,106
CTCCGGCTGTGGAGGCTGTG_026,97
CTCCGGCTGTGGAGGCTGTG_027,4
CTCCGGCTGTGGAGGCTGTG_028,118
CTCCGGCTGTGGAGGCTGTG_029,150
GCATTTCGAGCTCTACAAGC_001,94
GCATTTCGAGCTCTACAAGC_002,11
GCATTTCGAGCTCTACAAGC_003,145
TGATGCTCCTGGCACAAATG_001,115
TGATGCTCCTGGCACAAATG_002,169
TGATGCTCCTGGCACAAATG_003,127
TGATGCTCCTGGCACAAATG_004,47
TGATGCTCCTGGCACAAATG_005,98
ATGAGCATACCAGCTTCTGT_001,15
ATGAGCATACCAGCTTCTGT_002,140
ATGAGCATACCAGCTTCTGT_003,28
ATGAGCATACCAGCTTCTGT_004,66
ATGAGCATACCAGCTTCTGT_005,107
ATGAGCATACCAGCTTCTGT_006,76
ATGAGCATACCAGCTTCTGT_007,171
ATGAGCATACCAGCTTCTGT_008,81
ATGAGCATACCAGCTTCTGT_009,59
ATGAGCATACCAGCTTCTGT_010,23
ATGAGCATACCAGCTTCTGT_011,131
AGTTAAATGGAGTGAAACTG_001,94
AGTTAAATGGAGTGAAACTG_002,183
AGTTAAATGGAGTGAAACTG_003,178
AGTTAAATGGAGTGAAACTG_004,34
AGTTAAATGGAGTGAAACTG_005,83
AGTTAAATGGAGTGAAACTG_006,70
AGTTAAATGGAGTGAAACTG_007,167
AGTTAAATGGAGTGAAACTG_008,70
AGTTAAATGGAGTGAAACTG_009,199
CCAGAAAGTAGTGCTAGCCG_001,129
CCAGAAAGTAGTGCTAGCCG_002,127
GGTTCTCACGGACAGACAGG_001,1
GGTTCTCACGGACAGACAGG_002,187
GGTTCTCACGGACAGACAGG_003,129
GGTTCTCACGGACAGACAGG_004,58
GGTTCTCACGGACAGACAGG_005,56
GGATGCCCTGAATGACGCAC_001,160
GGATGCCCTGAATGACGCAC_002,177
GGATGCCCTGAATGACGCAC_003,74
GGATGCCCTGAATGACGCAC_004,12
GGATGCCCTGAATGACGCAC_005,40
GGATGCCCTGAATGACGCAC_006,80
GGATGCCCTGAATGACGCAC_007,43
GGATGCCCTGAATGACGCAC_008,61
GGATGCCCTGAATGACGCAC_009,9
GGATGCCCTGAATGACGCAC_010,111
GGATGCCCTGAATGACGCAC_011,36
GGATGCCCTGAATGACGCAC_012,41
GGATGCCCTGAATGACGCAC_013,112
GGATGCCCTGAATGACGCAC_014,133
GGATGCCCTGAATGACGCAC_015,170
GGATGCCCTGAATGACGCAC_016,157
GGATGCCCTGAATGACGCAC_017,28
GGCTTGGCACCATCGCTGCG_001,117
GGCTTGGCACCATCGCTGCG_002,96
GGCTTGGCACCATCGCTGCG_003,4
GGCTTGGCACCATCGCTGCG_004,34
GGCTTGGCACCATCGCTGCG_005,21
GGCTTGGCACCATCGCTGCG_006,9
GGCTTGGCACCATCGCTGCG_007,29
GGCTTGGCACCATCGCTGCG_008,71
GGCTTGGCACCATCGCTGCG_009,157
GGCTTGGCACCATCGCTGCG_010,174
GGCTTGGCACCATCGCTGCG_011,97
GGCTTGGCACCATCGCTGCG_012,161
GGCTTGGCACCATCGCTGCG_013,191
GGCTTGGCACCATCGCTGCG_014,174
GGCTTGGCACCATCGCTGCG_015,118
GGCTTGGCACCATCGCTGCG_016,146
GGCTTGGCACCATCGCTGCG_017,76
GGCTTGGCACCATCGCTGCG_018,150
GGCTTGGCACCATCGCTGCG_019,38
GGCTTGGCACCATCGCTGCG_020,113
GGCTTGGCACCATCGCTGCG_021,47
GGCTTGGCACCATCGCTGCG_022,177
GGCTTGGCACCATCGCTGCG_023,110
GGCTTGGCACCATCGCTGCG_024,102
GGCTTGGCACCATCGCTGCG_025,27
GGCTTGGCACCATCGCTGCG_026,34
GGCTTGGCACCATCGCTGCG_027,131
GGCTTGGCACCATCGCTGCG_028,108
GGCTTGGCACCATCGCTGCG_029,197
GTGCGTGCTCTCACTCACCG_001,144
GTGCGTGCTCTCACTCACCG_002,172
GGTAACATGTGGACTGGTGT_001,133
GGTAACATGTGGACTGGTGT_002,2
GGTAACATGTGGACTGGTGT_003,94
GGTAACATGTGGACTGGTGT_004,190
GGTAACATGTGGACTGGTGT_005,170
TTCATACAGCCATTGCTACT_001,2
TTCATACAGCCATTGCTACT_002,35
TTCATACAGCCATTGCTACT_003,94
TTCATACAGCCATTGCTACT_004,149
TTCATACAGCCATTGCTACT_005,158
TTCATACAGCCATTGCTACT_006,76
TTCATACAGCCATTGCTACT_007,12
TTCATACAGCCATTGCTACT_008,1
TTCATACAGCCATTGCTACT_009,130
TTCATACAGCCATTGCTACT_010,30
TTCATACAGCCATTGCTACT_011,153
CATTTCCGCAAAATAATCAG_001,169
CATTTCCGCAAAATAATCAG_002,9
CAAACACGAGGCAAACAGCG_001,8
CAAACACGAGGCAAACAGCG_002,61
CAAACACGAGGCAAACAGCG_003,175
CAAACACGAGGCAAACAGCG_004,148
CTTCTCTTGGATCGCCGTAG_001,156
CTTCTCTTGGATCGCCGTAG_002,188
CTTCTCTTGGATCGCCGTAG_003,142
CAACCACCTTCACTAGATCA_001,108
CAACCACCTTCACTAGATCA_002,176
CAACCACCTTCACTAGATCA_003,23
CAACCACCTTCACTAGATCA_004,54
CAACCACCTTCACTAGATCA_005,95
CAACCACCTTCACTAGATCA_006,9
CAACCACCTTCACTAGATCA_007,29
CAACCACCTTCACTAGATCA_008,169
CAACCACCTTCACTAGATCA_009,72
CAACCACCTTCACTAGATCA_010,95
CAACCACCTTCACTAGATCA_011,52
CAACCACCTTCACTAGATCA_012,92
CAACCACCTTCACTAGATCA_013,165
CCAGCCCACGAGCATCAACT_001,16
CCAGCCCACGAGCATCAACT_002,73
CCAGCCCACGAGCATCAACT_003,74
CCAGCCCACGAGCATCAACT_004,13
CCAGCCCACGAGCATCAACT_005,124
AGAAATGTTCTTAGCCGCGA_001,47
AGAAATGTTCTTAGCCGCGA_002,97
AGAAATGTTCTTAGCCGCGA_003,148
ACTATTTAATATTGGTAAGT_001,136
ACTATTTAATATTGGTAAGT_002,137
ACTATTTAATATTGGTAAGT_003,150
ACTATTTAATATTGGTAAGT_004,78
ACTATTTAATATTGGTAAGT_005,16
GGAGAGAACCACCTGTACCA_001,38
GGAGAGAACCACCTGTACCA_002,183
GGAGAGAACCACCTGTACCA_003,187
GGAGAGAACCACCTGTACCA_004,43
GGAGAGAACCACCTGTACCA_005,96
GGAGAGAACCACCTGTACCA_006,102
GGAGAGAACCACCTGTACCA_007,158
GGAGAGAACCACCTGTACCA_008,154
GGAGAGAACCACCTGTACCA_009,32
GGAGAGAACCACCTGTACCA_010,6
GGAGAGAACCACCTGTACCA_011,121
GGAGAGAACCACCTGTACCA_012,12
CTCCCAAGCCACCTACACAC_001,191
CTCCCAAGCCACCTACACAC_002,138
CTCCCAAGCCACCTACACAC_003,3
CTCCCAAGCCACCTACACAC_004,138
CTCCCAAGCCACCTACACAC_005,155
CTCCCAAGCCACCTACACAC_006,48
CTCCCAAGCCACCTACACAC_007,166
CTCCCAAGCCACCTACACAC_008,172
CTCCCAAGCCACCTACACAC_009,80
AAGCTGACAGGCAGTACCGT_001,132
AAGCTGACAGGCAGTACCGT_002,2
AAGCTGACAGGCAGTACCGT_003,115
AAGCTGACAGGCAGTACCGT_004,2
AAGCTGACAGGCAGTACCGT_005,146
AAGCTGACAGGCAGTACCGT_006,60
AAGCTGACAGGCAGTACCGT_007,35
AAGCTGACAGGCAGTACCGT_008,103
AAGCTGACAGGCAGTACCGT_009,159
AAGCTGACAGGCAGTACCGT_010,85
AAGCTGACAGGCAGTACCGT_011,129
AAGCTGACAGGCAGTACCGT_012,36
AAGCTGACAGGCAGTACCGT_013,97
AAGCTGACAGGCAGTACCGT_014,170
AAGCTGACAGGCAGTACCGT_015,148
GTTATTGAAGATTTGGTGCG_001,7
GTTATTGAAGATTTGGTGCG_002,113
GTTATTGAAGATTTGGTGCG_003,4
GTTATTGAAGATTTGGTGCG_004,23
GTATAGTAAGTAGTGAGCAG_001,29
GTATAGTAAGTAGTGAGCAG_002,191
GTATAGTAAGTAGTGAGCAG_003,53
GTATAGTAAGTAGTGAGCAG_004,96
GTATAGTAAGTAGTGAGCAG_005,105
GTATAGTAAGTAGTGAGCAG_006,41
GTATAGTAAGTAGTGAGCAG_007,117
GTATAGTAAGTAGTGAGCAG_008,34
GTATAGTAAGTAGTGAGCAG_009,16
GTATAGTAAGTAGTGAGCAG_010,95
GTATAGTAAGTAGTGAGCAG_011,88
GTATAGTAAGTAGTGAGCAG_012,98
GTATAGTAAGTAGTGAGCAG_013,77
GTATAGTAAGTAGTGAGCAG_014,26
GTATAGTAAGTAGTGAGCAG_015,11
GTATAGTAAGTAGTGAGCAG_016,41
GTATAGTAAGTAGTGAGCAG_017,26
GTATAGTAAGTAGTGAGCAG_018,28
GTATAGTAAGTAGTGAGCAG_019,159
GTATAGTAAGTAGTGAGCAG_020,188
GTATAGTAAGTAGTGAGCAG_021,94
GTATAGTAAGTAGTGAGCAG_022,61
GTATAGTAAGTAGTGAGCAG_023,62
GTATAGTAAGTAGTGAGCAG_024,33
GTCCCCGCTGTCAATCAGGG_001,170
GTCCCCGCTGTCAATCAGGG_002,191
GTCCCCGCTGTCAATCAGGG_003,134
GTCCCCGCTGTCAATCAGGG_004,167
GTCCCCGCTGTCAATCAGGG_005,130
TAGAATGTTGGTCATACCCA_001,3
TAGAATGTTGGTCATACCCA_002,193
TAGAATGTTGGTCATACCCA_003,146
TAGAATGTTGGTCATACCCA_004,27
TAGAATGTTGGTCATACCCA_005,75
TAGAATGTTGGTCATACCCA_006,149
TAGAATGTTGGTCATACCCA_007,144
TAGAATGTTGGTCATACCCA_008,94
TAGAATGTTGGTCATACCCA_009,62
CATCAAGGCTCACTTGCCAG_001,127
CATCAAGGCTCACTTGCCAG_002,92
CATCAAGGCTCACTTGCCAG_003,108
CATCAAGGCTCACTTGCCAG_004,47
CATCAAGGCTCACTTGCCAG_005,139
CATCAAGGCTCACTTGCCAG_006,98
CATCAAGGCTCACTTGCCAG_007,160
CATCAAGGCTCACTTGCCAG_008,140
CATCAAGGCTCACTTGCCAG_009,160
CATCAAGGCTCACTTGCCAG_010,160
CATCAAGGCTCACTTGCCAG_011,66
TCCAGATCAGTGTAAATCTG_001,168
TCCAGATCAGTGTAAATCTG_002,184
TCCAGATCAGTGTAAATCTG_003,23
GCTGGAAAAACAGATGCCTA_001,55
GCTGGAAAAACAGATGCCTA_002,55
GCTGGAAAAACAGATGCCTA_003,72
TAGTGGATTTATGGTCTGTG_001,110
TAGTGGATTTATGGTCTGTG_002,157
TAGTGGATTTATGGTCTGTG_003,198
TAGTGGATTTATGGTCTGTG_004,184
TGGCTTAGAAGATTACTGGT_001,46
TGGCTTAGAAGATTACTGGT_002,152
TGGCTTAGAAGATTACTGGT_003,3
TGGCTTAGAAGATTACTGGT_004,145
TGGCTTAGAAGATTACTGGT_005,169
CATGGAGTTTAGCTGCGATG_001,62
CATGGAGTTTAGCTGCGATG_002,171
CATGGAGTTTAGCTGCGATG_003,12
CATGGAGTTTAGCTGCGATG_004,193
CATGGAGTTTAGCTGCGATG_005,188
CATGGAGTTTAGCTGCGATG_006,188
CATGGAGTTTAGCTGCGATG_007,85
CATGGAGTTTAGCTGCGATG_008,66
CATGGAGTTTAGCTGCGATG_009,158
CATGGAGTTTAGCTGCGATG_010,141
CATGGAGTTTAGCTGCGATG_011,40
CATGGAGTTTAGCTGCGATG_012,76
CATGGAGTTTAGCTGCGATG_013,105
CATGGAGTTTAGCTGCGATG_014,160
CATGGAGTTTAGCTGCGATG_015,193
CATGGAGTTTAGCTGCGATG_016,141
CATGGAGTTTAGCTGCGATG_017,2
CATGGAGTTTAGCTGCGATG_018,180
CATGGAGTTTAGCTGCGATG_019,155
CATGGAGTTTAGCTGCGATG_020,1
TGTAGGCAGGTCGGCTCCTG_001,145
TGTAGGCAGGTCGGCTCCTG_002,2
TGTAGGCAGGTCGGCTCCTG_003,16
TGTAGGCAGGTCGGCTCCTG_004,154
TGTAGGCAGGTCGGCTCCTG_005,137
TGTAGGCAGGTCGGCTCCTG_006,191
TGTAGGCAGGTCGGCTCCTG_007,149
TGTAGGCAGGTCGGCTCCTG_008,133
TGTAGGCAGGTCGGCTCCTG_009,98
TGTAGGCAGGTCGGCTCCTG_010,169
TGTAGGCAGGTCGGCTCCTG_011,122
TGTAGGCAGGTCGGCTCCTG_012,154
TGTAGGCAGGTCGGCTCCTG_013,192
TGTAGGCAGGTCGGCTCCTG_014,105
TGTAGGCAGGTCGGCTCCTG_015,117
TGTAGGCAGGTCGGCTCCTG_016,50
TGTAGGCAGGTCGGCTCCTG_017,52
TGTAGGCAGGTCGGCTCCTG_018,183
TGTAGGCAGGTCGGCTCCTG_019,158
TGTAGGCAGGTCGGCTCCTG_020,38
TGTAGGCAGGTCGGCTCCTG_021,14
TGTAGGCAGGTCGGCTCCTG_022,138
TGTAGGCAGGTCGGCTCCTG_023,168
TGTAGGCAGGTCGGCTCCTG_024,60
TGTAGGCAGGTCGGCTCCTG_025,54
TGTAGGCAGGTCGGCTCCTG_026,148
TGTAGGCAGGTCGGCTCCTG_027,39
TGTAGGCAGGTCGGCTCCTG_028,144
TGTAGGCAGGTCGGCTCCTG_029,3
TGTAGGCAGGTCGGCTCCTG_030,66
TGTAGGCAGGTCGGCTCCTG_031,35
TGTAGGCAGGTCGGCTCCTG_032,120
TGTAGGCAGGTCGGCTCCTG_033,12
TGTAGGCAGGTCGGCTCCTG_034,8
TGTAGGCAGGTCGGCTCCTG_035,88
TGTAGGCAGGTCGGCTCCTG_036,9
GCTAAGGTCATGTTTGCAAT_001,63
GCTAAGGTCATGTTTGCAAT_002,77
GCTAAGGTCATGTTTGCAAT_003,41
GCTAAGGTCATGTTTGCAAT_004,141
GCTAAGGTCATGTTTGCAAT_005,41
TACCCGCTTAACTGCCAGCG_001,21
TACCCGCTTAACTGCCAGCG_002,53
TACCCGCTTAACTGCCAGCG_003,134
TACCCGCTTAACTGCCAGCG_004,188
TACCCGCTTAACTGCCAGCG_005,94
TACCCGCTTAACTGCCAGCG_006,94
TACCCGCTTAACTGCCAGCG_007,83
GGGACAGGGACTCTATAGGG_001,168
GGGACAGGGACTCTATAGGG_002,127
AGTGTTATAGATGTCCAGCT_001,35
AGTGTTATAGATGTCCAGCT_002,103
AGTGTTATAGATGTCCAGCT_003,1
AGTGTTATAGATGTCCAGCT_004,123
AGTGTTATAGATGTCCAGCT_005,117
AGTGTTATAGATGTCCAGCT_006,182
AGTGTTATAGATGTCCAGCT_007,15
AGTGTTATAGATGTCCAGCT_008,63
AGTGTTATAGATGTCCAGCT_009,49
AGTGTTATAGATGTCCAGCT_010,17
AGTGTTATAGATGTCCAGCT_011,133
AGTGTTATAGATGTCCAGCT_012,174
AGTGTTATAGATGTCCAGCT_013,105
AGTGTTATAGATGTCCAGCT_014,149
AGTGTTATAGATGTCCAGCT_015,29
AGTGTTATAGATGTCCAGCT_016,11
AGTGTTATAGATGTCCAGCT_017,124
AGTGTTATAGATGTCCAGCT_018,39
TCAGCTGCTTAAATCTCCGA_001,92
TCAGCTGCTTAAATCTCCGA_002,162
TCTGTTTGGAGTATATACAG_001,138
TCTGTTTGGAGTATATACAG_002,145
TCTGTTTGGAGTATATACAG_003,62
TCTGTTTGGAGTATATACAG_004,158
TCTGTTTGGAGTATATACAG_005,138
AGGAAAGCCTGGGAACCAGG_001,181
AGGAAAGCCTGGGAACCAGG_002,198
AGGAAAGCCTGGGAACCAGG_003,95
AGGAAAGCCTGGGAACCAGG_004,194
AGGAAAGCCTGGGAACCAGG_005,172
AGGAAAGCCTGGGAACCAGG_006,87
AGGAAAGCCTGGGAACCAGG_007,169
AGGAAAGCCTGGGAACCAGG_008,174
AGGAAAGCCTGGGAACCAGG_009,166
AGGAAAGCCTGGGAACCAGG_010,113
AGGAAAGCCTGGGAACCAGG_011,185
AGGAAAGCCTGGGAACCAGG_012,153
AGGAAAGCCTGGGAACCAGG_013,56
AGGAAAGCCTGGGAACCAGG_014,34
AGGAAAGCCTGGGAACCAGG_015,178
AGGAAAGCCTGGGAACCAGG_016,85
AGGAAAGCCTGGGAACCAGG_017,88
AGGAAAGCCTGGGAACCAGG_018,45
AGGAAAGCCTGGGAACCAGG_019,134
AGGAAAGCCTGGGAACCAGG_020,154
AGGAAAGCCTGGGAACCAGG_021,94
AGGAAAGCCTGGGAACCAGG_022,168
AGGAAAGCCTGGGAACCAGG_023,114
AGGAAAGCCTGGGAACCAGG_024,114
AGGAAAGCCTGGGAACCAGG_025,79
TTAGCCCAAACCCCAAGTGT_001,26
TTAGCCCAAACCCCAAGTGT_002,186
TTAGCCCAAACCCCAAGTGT_003,103
TTAGCCCAAACCCCAAGTGT_004,77
TTAGCCCAAACCCCAAGTGT_005,37
TTAGCCCAAACCCCAAGTGT_006,69
TTAGCCCAAACCCCAAGTGT_007,137
TTAGCCCAAACCCCAAGTGT_008,42
TTAGCCCAAACCCCAAGTGT_009,8
TTAGCCCAAACCCCAAGTGT_010,26
TTAGCCCAAACCCCAAGTGT_011,115
TTAGCCCAAACCCCAAGTGT_012,168
TTAGCCCAAACCCCAAGTGT_013,155
TTAGCCCAAACCCCAAGTGT_014,170
TTAGCCCAAACCCCAAGTGT_015,13
TGTTGGGGTGATAGCACTCG_001,174
GATACATCAACATGCTGACC_001,114
GATACATCAACATGCTGACC_002,125
GATACATCAACATGCTGACC_003,198
GATACATCAACATGCTGACC_004,127
GATACATCAACATGCTGACC_005,63
GATACATCAACATGCTGACC_006,94
AGAACAGACACTAGATGCGG_001,6
AGAACAGACACTAGATGCGG_002,23
AGAACAGACACTAGATGCGG_003,198
AGAACAGACACTAGATGCGG_004,127
AGAACAGACACTAGATGCGG_005,4
AGAACAGACACTAGATGCGG_006,17
CCAAACTGCTGTCAATGGAG_001,179
CCAAACTGCTGTCAATGGAG_002,140
CCAAACTGCTGTCAATGGAG_003,141
CCAAACTGCTGTCAATGGAG_004,105
CCAAACTGCTGTCAATGGAG_005,184
CCAAACTGCTGTCAATGGAG_006,28
CCAAACTGCTGTCAATGGAG_007,120
CCTGTTTGTAGGCATCGAGG_001,36
CCTGTTTGTAGGCATCGAGG_002,129
CCTGTTTGTAGGCATCGAGG_003,51
CCTGTTTGTAGGCATCGAGG_004,2
CCTGTTTGTAGGCATCGAGG_005,150
CCTGTTTGTAGGCATCGAGG_006,41
AGGAAACAGCATCCTCGGCA_001,47
AGGAAACAGCATCCTCGGCA_002,127
AGGAAACAGCATCCTCGGCA_003,12
AGGAAACAGCATCCTCGGCA_004,72
GCGGAAAGAAGACGTCGTCG_001,92
GCGGAAAGAAGACGTCGTCG_002,134
GCGGAAAGAAGACGTCGTCG_003,174
GCGGAAAGAAGACGTCGTCG_004,65
GCGGAAAGAAGACGTCGTCG_005,98
GCGGAAAGAAGACGTCGTCG_006,46
GCGGAAAGAAGACGTCGTCG_007,169
GCGGAAAGAAGACGTCGTCG_008,145
GCGGAAAGAAGACGTCGTCG_009,171
GCGGAAAGAAGACGTCGTCG_010,27
CGGGGGGCGACATCTCGGGG_001,178
CGGGGGGCGACATCTCGGGG_002,176
CGGGGGGCGACATCTCGGGG_003,47
CGGGGGGCGACATCTCGGGG_004,137
TTAAAACGGTCTGATTAGGG_001,22
AAGGTTCTCAGCCATAAACA_001,32
AAGGTTCTCAGCCATAAACA_002,163
AAGGTTCTCAGCCATAAACA_003,56
AAGGTTCTCAGCCATAAACA_004,9
AAGGTTCTCAGCCATAAACA_005,184
GCCGCATCTAATAAGTCGAA_001,49
GCCGCATCTAATAAGTCGAA_002,12
GCCGCATCTAATAAGTCGAA_003,170
GCCGCATCTAATAAGTCGAA_004,109
GCCGCATCTAATAAGTCGAA_005,33
GCCGCATCTAATAAGTCGAA_006,199
GCCGCATCTAATAAGTCGAA_007,113
GCCGCATCTAATAAGTCGAA_008,136
CCTGACAATCTACTCACAGG_001,107
CCTGACAATCTACTCACAGG_002,198
CCTGACAATCTACTCACAGG_003,69
GAGCGACTCGCAGGAAAGTG_001,130
GAGCGACTCGCAGGAAAGTG_002,94
GAGCGACTCGCAGGAAAGTG_003,149
GAGCGACTCGCAGGAAAGTG_004,185
GAGCGACTCGCAGGAAAGTG_005,175
GAGCGACTCGCAGGAAAGTG_006,107
GAGCGACTCGCAGGAAAGTG_007,107
GAGCGACTCGCAGGAAAGTG_008,49
GAGCGACTCGCAGGAAAGTG_009,5
GAGCGACTCGCAGGAAAGTG_010,45
GAGCGACTCGCAGGAAAGTG_011,105
GAGCGACTCGCAGGAAAGTG_012,116
GAGCGACTCGCAGGAAAGTG_013,28
GAGCGACTCGCAGGAAAGTG_014,58
GAGCGACTCGCAGGAAAGTG_015,153
GAGCGACTCGCAGGAAAGTG_016,8
GAGCGACTCGCAGGAAAGTG_017,88
GAGCGACTCGCAGGAAAGTG_018,162
GAGCGACTCGCAGGAAAGTG_019,6
GAGCGACTCGCAGGAAAGTG_020,183
GAGCGACTCGCAGGAAAGTG_021,111
GAGCGACTCGCAGGAAAGTG_022,121
GAGCGACTCGCAGGAAAGTG_023,168
GAGCGACTCGCAGGAAAGTG_024,94
GAGCGACTCGCAGGAAAGTG_025,145
GAGCGACTCGCAGGAAAGTG_026,29
GAGCGACTCGCAGGAAAGTG_027,80
GAGCGACTCGCAGGAAAGTG_028,10
GAGCGACTCGCAGGAAAGTG_029,78
GAGCGACTCGCAGGAAAGTG_030,1
GAGCGACTCGCAGGAAAGTG_031,46
GAGCGACTCGCAGGAAAGTG_032,124
GAGCGACTCGCAGGAAAGTG_033,29
GAGCGACTCGCAGGAAAGTG_034,181
ATACCGCCCCGATAGTGGAG_001,149
ATACCGCCCCGATAGTGGAG_002,82
ATACCGCCCCGATAGTGGAG_003,197
ATACCGCCCCGATAGTGGAG_004,33
ATACCGCCCCGATAGTGGAG_005,135
ATACCGCCCCGATAGTGGAG_006,161
ATACCGCCCCGATAGTGGAG_007,130
ATACCGCCCCGATAGTGGAG_008,70
ATACCGCCCCGATAGTGGAG_009,20
ATACCGCCCCGATAGTGGAG_010,148
ATACCGCCCCGATAGTGGAG_011,68
ATACCGCCCCGATAGTGGAG_012,168
ATACCGCCCCGATAGTGGAG_013,10
ATACCGCCCCGATAGTGGAG_014,119
ATACCGCCCCGATAGTGGAG_015,184
ATACCGCCCCGATAGTGGAG_016,2
ACAATTCAGACAACTCGGGA_001,150
ACAATTCAGACAACTCGGGA_002,57
ACAATTCAGACAACTCGGGA_003,32
ACAATTCAGACAACTCGGGA_004,142
ACAATTCAGACAACTCGGGA_005,14
ACAATTCAGACAACTCGGGA_006,118
ACAATTCAGACAACTCGGGA_007,145
ACAATTCAGACAACTCGGGA_008,89
ACAATTCAGACAACTCGGGA_009,33
ACAATTCAGACAACTCGGGA_010,188
ACAATTCAGACAACTCGGGA_011,23
ACAATTCAGACAACTCGGGA_012,113
ACAATTCAGACAACTCGGGA_013,10
ACAATTCAGACAACTCGGGA_014,138
CCTACAACTCCACTTAATGG_001,82
CCTACAACTCCACTTAATGG_002,147
CCTGATTCACTAGGGCAGCG_001,130
CCTGATTCACTAGGGCAGCG_002,56
CCTGATTCACTAGGGCAGCG_003,48
CCTGATTCACTAGGGCAGCG_004,141
CCTGATTCACTAGGGCAGCG_005,95
CCTGATTCACTAGGGCAGCG_006,81
CCTGATTCACTAGGGCAGCG_007,196
CCTGATTCACTAGGGCAGCG_008,12
CCTGATTCACTAGGGCAGCG_009,115
CCTGATTCACTAGGGCAGCG_010,163
CCTGATTCACTAGGGCAGCG_011,161
CCTGATTCACTAGGGCAGCG_012,191
CCTGATTCACTAGGGCAGCG_013,28
CCTGATTCACTAGGGCAGCG_014,175
CCTGATTCACTAGGGCAGCG_015,43
CCTGATTCACTAGGGCAGCG_016,99
CCTGATTCACTAGGGCAGCG_017,10
CCTGATTCACTAGGGCAGCG_018,168
GCTGAACCGGAGACACCGCA_001,14
GCTGAACCGGAGACACCGCA_002,76
GCTGAACCGGAGACACCGCA_003,115
GCTGAACCGGAGACACCGCA_004,196
AAGCGGAGAACAAGCAGCTG_001,154
AAGCGGAGAACAAGCAGCTG_002,5
AAGCGGAGAACAAGCAGCTG_003,2
AAGCGGAGAACAAGCAGCTG_004,7
AAGCGGAGAACAAGCAGCTG_005,164
AAGCGGAGAACAAGCAGCTG_006,96
AAGCGGAGAACAAGCAGCTG_007,1
AAGCGGAGAACAAGCAGCTG_008,112
AAGCGGAGAACAAGCAGCTG_009,32
AAGCGGAGAACAAGCAGCTG_010,137
AAGCGGAGAACAAGCAGCTG_011,78
AAGCGGAGAACAAGCAGCTG_012,61
AAGCGGAGAACAAGCAGCTG_013,169
AAGCGGAGAACAAGCAGCTG_014,72
AAGCGGAGAACAAGCAGCTG_015,72
AAGCGGAGAACAAGCAGCTG_016,16
AAGCGGAGAACAAGCAGCTG_017,71
AAGCGGAGAACAAGCAGCTG_018,78
AAGCGGAGAACAAGCAGCTG_019,179
AAGCGGAGAACAAGCAGCTG_020,55
AAGCGGAGAACAAGCAGCTG_021,20
AAGCGGAGAACAAGCAGCTG_022,50
AAGCGGAGAACAAGCAGCTG_023,97
AAGCGGAGAACAAGCAGCTG_024,56
AAGCGGAGAACAAGCAGCTG_025,68
AAGCGGAGAACAAGCAGCTG_026,183
AAGCGGAGAACAAGCAGCTG_027,149
AAGCGGAGAACAAGCAGCTG_028,44
AAGCGGAGAACAAGCAGCTG_029,4
AAGCGGAGAACAAGCAGCTG_030,81
AAGCGGAGAACAAGCAGCTG_031,4
AAGCGGAGAACAAGCAGCTG_032,113
AAGCGGAGAACAAGCAGCTG_033,18
AAGCGGAGAACAAGCAGCTG_034,82
AAGCGGAGAACAAGCAGCTG_035,68
AAGCGGAGAACAAGCAGCTG_036,133
AAGCGGAGAACAAGCAGCTG_037,5
AAGCGGAGAACAAGCAGCTG_038,193
AAGCGGAGAACAAGCAGCTG_039,122
AAGCGGAGAACAAGCAGCTG_040,167
AAGCGGAGAACAAGCAGCTG_041,76
AAGCGGAGAACAAGCAGCTG_042,19
AAGCGGAGAACAAGCAGCTG_043,82
AAGCGGAGAACAAGCAGCTG_044,78
AAGCGGAGAACAAGCAGCTG_045,172
AAGCGGAGAACAAGCAGCTG_046,97
AAGCGGAGAACAAGCAGCTG_047,165
AGTCTGCATAGTAGTGCCCA_001,8
AGTCTGCATAGTAGTGCCCA_002,152
AGTCTGCATAGTAGTGCCCA_003,38
AGTCTGCATAGTAGTGCCCA_004,60
CCTCCAGAAATAATGCACGG_001,145
CCTCCAGAAATAATGCACGG_002,127
CCTCCAGAAATAATGCACGG_003,169
CCTCCAGAAATAATGCACGG_004,158
CCTCCAGAAATAATGCACGG_005,62
CCTCCAGAAATAATGCACGG_006,42
CCTCCAGAAATAATGCACGG_007,72
CCTCCAGAAATAATGCACGG_008,138
CCTCCAGAAATAATGCACGG_009,175
CCTCCAGAAATAATGCACGG_010,138
CCTCCAGAAATAATGCACGG_011,18
CCTCCAGAAATAATGCACGG_012,195
CCTCCAGAAATAATGCACGG_013,176
CCTCCAGAAATAATGCACGG_014,56
CCTCCAGAAATAATGCACGG_015,76
CCTCCAGAAATAATGCACGG_016,20
CCTCCAGAAATAATGCACGG_017,72
CCTCCAGAAATAATGCACGG_018,150
CCTCCAGAAATAATGCACGG_019,59
CCTCCAGAAATAATGCACGG_020,82
CCTCCAGAAATAATGCACGG_021,60
CCTCCAGAAATAATGCACGG_022,169
CCTCCAGAAATAATGCACGG_023,9
CCTCCAGAAATAATGCACGG_024,15
CCTCCAGAAATAATGCACGG_025,74
CCTCCAGAAATAATGCACGG_026,12
CCTCCAGAAATAATGCACGG_027,109
CCTCCAGAAATAATGCACGG_028,109
CCTCCAGAAATAATGCACGG_029,26
CCTCCAGAAATAATGCACGG_030,22
CCTCCAGAAATAATGCACGG_031,158
CCTCCAGAAATAATGCACGG_032,6
CCTCCAGAAATAATGCACGG_033,184
CCTCCAGAAATAATGCACGG_034,184
CCTCCAGAAATAATGCACGG_035,63
CCTCCAGAAATAATGCACGG_036,168
GCCACTAAATGGCACCCCCG_001,37
GCCACTAAATGGCACCCCCG_002,16
GCCACTAAATGGCACCCCCG_003,142
GCCACTAAATGGCACCCCCG_004,126
GCCACTAAATGGCACCCCCG_005,41
GCCACTAAATGGCACCCCCG_006,183
GCCACTAAATGGCACCCCCG_007,176
GCCACTAAATGGCACCCCCG_008,148
GCCACTAAATGGCACCCCCG_009,69
GCCACTAAATGGCACCCCCG_010,54
GCCACTAAATGGCACCCCCG_011,127
GCCACTAAATGGCACCCCCG_012,176
GCCACTAAATGGCACCCCCG_013,41
GCCACTAAATGGCACCCCCG_014,142
GCCACTAAATGGCACCCCCG_015,191
GCCACTAAATGGCACCCCCG_016,149
GCCACTAAATGGCACCCCCG_017,81
GCCACTAAATGGCACCCCCG_018,190
GCCACTAAATGGCACCCCCG_019,48
GCCACTAAATGGCACCCCCG_020,123
GCCACTAAATGGCACCCCCG_021,113
GCCACTAAATGGCACCCCCG_022,151
GCCACTAAATGGCACCCCCG_023,173
GCCACTAAATGGCACCCCCG_024,58
GCCACTAAATGGCACCCCCG_025,185
GCCACTAAATGGCACCCCCG_026,73
GCCACTAAATGGCACCCCCG_027,86
GCCACTAAATGGCACCCCCG_028,8
GCCACTAAATGGCACCCCCG_029,41
GCCACTAAATGGCACCCCCG_030,35
GCCACTAAATGGCACCCCCG_031,57
GCCACTAAATGGCACCCCCG_032,2
GCCACTAAATGGCACCCCCG_033,124
GCCACTAAATGGCACCCCCG_034,170
GCCACTAAATGGCACCCCCG_035,188
GCCACTAAATGGCACCCCCG_036,168
GGGACAAACCCATGTTTCGA_001,6
GGGACAAACCCATGTTTCGA_002,147
GGGACAAACCCATGTTTCGA_003,115
GGGACAAACCCATGTTTCGA_004,196
GGGACAAACCCATGTTTCGA_005,3
GGGACAAACCCATGTTTCGA_006,10
GTTACATGGGACACCTAACG_001,166
GTTACATGGGACACCTAACG_002,144
GTTTATAGGAGGCCTTAGCT_001,78
GTTTATAGGAGGCCTTAGCT_002,178
GTTTATAGGAGGCCTTAGCT_003,108
GTTTATAGGAGGCCTTAGCT_004,184
GTTTATAGGAGGCCTTAGCT_005,158
GTTTATAGGAGGCCTTAGCT_006,33
CTGTTGGTTTCTGAGCAGCA_001,44
CTGTTGGTTTCTGAGCAGCA_002,165
CTGTTGGTTTCTGAGCAGCA_003,6
CTGTTGGTTTCTGAGCAGCA_004,17
CTGTTGGTTTCTGAGCAGCA_005,127
CTGTTGGTTTCTGAGCAGCA_006,127
CTGTTGGTTTCTGAGCAGCA_007,73
CTGTTGGTTTCTGAGCAGCA_008,47
GCTGTTCACAGGCTTCATGT_001,52
GCTGTTCACAGGCTTCATGT_002,29
GCTGTTCACAGGCTTCATGT_003,117
GCTGTTCACAGGCTTCATGT_004,180
GGCCAAAAGAAAACTCGACG_001,105
GGCCAAAAGAAAACTCGACG_002,68
GGCCAAAAGAAAACTCGACG_003,57
GGCCAAAAGAAAACTCGACG_004,158
GGCCAAAAGAAAACTCGACG_005,127
GGCCAAAAGAAAACTCGACG_006,68
GGCCAAAAGAAAACTCGACG_007,83
GGCCAAAAGAAAACTCGACG_008,190
CTGGGCATTAGTGATAATGG_001,89
ACCAACCAATTCTTCAAACT_001,144
ACCAACCAATTCTTCAAACT_002,177
ACCAACCAATTCTTCAAACT_003,60
AGAACCCGTAACAACTGTTG_001,36
AGAACCCGTAACAACTGTTG_002,81
AGAACCCGTAACAACTGTTG_003,169
AGAACCCGTAACAACTGTTG_004,137
AGAACCCGTAACAACTGTTG_005,149
ATGCGTCCAGCAAGCTCCCA_001,190
ATGCGTCCAGCAAGCTCCCA_002,193
ATGCGTCCAGCAAGCTCCCA_003,50
ATGCGTCCAGCAAGCTCCCA_004,24
ATGCGTCCAGCAAGCTCCCA_005,130
ATGCGTCCAGCAAGCTCCCA_006,62
ATGCGTCCAGCAAGCTCCCA_007,94
ATGCGTCCAGCAAGCTCCCA_008,15
ATGCGTCCAGCAAGCTCCCA_009,28
ATGCGTCCAGCAAGCTCCCA_010,137
ATGCGTCCAGCAAGCTCCCA_011,193
ATGCGTCCAGCAAGCTCCCA_012,159
ATGCGTCCAGCAAGCTCCCA_013,192
ATGCGTCCAGCAAGCTCCCA_014,27
ATGCGTCCAGCAAGCTCCCA_015,95
ATGCGTCCAGCAAGCTCCCA_016,137
ATGCGTCCAGCAAGCTCCCA_017,93
ATGCGTCCAGCAAGCTCCCA_018,49
ATGCGTCCAGCAAGCTCCCA_019,81
ATGCGTCCAGCAAGCTCCCA_020,154
ATGCGTCCAGCAAGCTCCCA_021,41
ATGCGTCCAGCAAGCTCCCA_022,150
ATGCGTCCAGCAAGCTCCCA_023,58
ATGCGTCCAGCAAGCTCCCA_024,76
ATGCGTCCAGCAAGCTCCCA_025,17
ATGCGTCCAGCAAGCTCCCA_026,83
ATGCGTCCAGCAAGCTCCCA_027,189
ATGCGTCCAGCAAGCTCCCA_028,153
ATGCGTCCAGCAAGCTCCCA_029,113
ATGCGTCCAGCAAGCTCCCA_030,78
ATGCGTCCAGCAAGCTCCCA_031,78
ATGCGTCCAGCAAGCTCCCA_032,17
ATGCGTCCAGCAAGCTCCCA_033,52
ATGCGTCCAGCAAGCTCCCA_034,10
ATGCGTCCAGCAAGCTCCCA_035,20
ATGCGTCCAGCAAGCTCCCA_036,116
ATGCGTCCAGCAAGCTCCCA_037,71
CCTGTGGCAGTTGATCCTAA_001,174
CCTGTGGCAGTTGATCCTAA_002,1
CCTGTGGCAGTTGATCCTAA_003,127
CCTGTGGCAGTTGATCCTAA_004,193
CCTGTGGCAGTTGATCCTAA_005,105
CCTGTGGCAGTTGATCCTAA_006,199
CTCCATCTTCGTTAGAGTGA_001,160
CTCCATCTTCGTTAGAGTGA_002,199
CTCCATCTTCGTTAGAGTGA_003,172
CTCCATCTTCGTTAGAGTGA_004,143
CTCCATCTTCGTTAGAGTGA_005,25
CTCCATCTTCGTTAGAGTGA_006,56
ACTGGACATAAAGGTCTACG_001,138
ACTGGACATAAAGGTCTACG_002,11
AAAGCACCACGGTCAGATGG_001,177
AAAGCACCACGGTCAGATGG_002,156
AAAGCACCACGGTCAGATGG_003,97
AAAGCACCACGGTCAGATGG_004,113
AAAGCACCACGGTCAGATGG_005,111
AAAGCACCACGGTCAGATGG_006,187
AATGAAGCTCGACTTGACGA_001,16
AATGAAGCTCGACTTGACGA_002,70
AATGAAGCTCGACTTGACGA_003,28
AATGAAGCTCGACTTGACGA_004,129
AATGAAGCTCGACTTGACGA_005,90
AATGAAGCTCGACTTGACGA_006,57
CTGACCATTGAATGTAAGTG_001,76
CTGACCATTGAATGTAAGTG_002,70
GCTGGGTCTAGGTACCCCTG_001,169
GCTGGGTCTAGGTACCCCTG_002,190
GCTGGGTCTAGGTACCCCTG_003,105
GCTGGGTCTAGGTACCCCTG_004,199
AGCACAAAATGGGAGCTGGG_001,111
AGCACAAAATGGGAGCTGGG_002,0
AGCACAAAATGGGAGCTGGG_003,172
AGCACAAAATGGGAGCTGGG_004,119
AGCACAAAATGGGAGCTGGG_005,106
AGCACAAAATGGGAGCTGGG_006,77
AGCACAAAATGGGAGCTGGG_007,154
AGCACAAAATGGGAGCTGGG_008,50
AGCACAAAATGGGAGCTGGG_009,146
AGCACAAAATGGGAGCTGGG_010,85
AGCACAAAATGGGAGCTGGG_011,95
AGCACAAAATGGGAGCTGGG_012,130
AGCACAAAATGGGAGCTGGG_013,160
AGCACAAAATGGGAGCTGGG_014,190
AGCACAAAATGGGAGCTGGG_015,97
AGCACAAAATGGGAGCTGGG_016,42
AGCACAAAATGGGAGCTGGG_017,94
AGCACAAAATGGGAGCTGGG_018,42
AGCACAAAATGGGAGCTGGG_019,48
AGCACAAAATGGGAGCTGGG_020,135
AGCACAAAATGGGAGCTGGG_021,68
AGCACAAAATGGGAGCTGGG_022,148
AGCACAAAATGGGAGCTGGG_023,36
AGCACAAAATGGGAGCTGGG_024,142
AGCACAAAATGGGAGCTGGG_025,184
AGCACAAAATGGGAGCTGGG_026,2
AGCACAAAATGGGAGCTGGG_027,177
AGCACAAAATGGGAGCTGGG_028,24
AGCACAAAATGGGAGCTGGG_029,127
AGCACAAAATGGGAGCTGGG_030,15
AGCACAAAATGGGAGCTGGG_031,134
AGCACAAAATGGGAGCTGGG_032,103
AGCACAAAATGGGAGCTGGG_033,102
AGCACAAAATGGGAGCTGGG_034,0
AGCACAAAATGGGAGCTGGG_035,88
AGCACAAAATGGGAGCTGGG_036,145
AGCACAAAATGGGAGCTGGG_037,126
AGCACAAAATGGGAGCTGGG_038,127
AGCACAAAATGGGAGCTGGG_039,122
AGCACAAAATGGGAGCTGGG_040,166
AGCACAAAATGGGAGCTGGG_041,56
GATATGAAGGTAATTCGCCA_001,80
GATATGAAGGTAATTCGCCA_002,198
GATATGAAGGTAATTCGCCA_003,187
GATATGAAGGTAATTCGCCA_004,88
GATATGAAGGTAATTCGCCA_005,94
GATATGAAGGTAATTCGCCA_006,80
GATATGAAGGTAATTCGCCA_007,152
GATATGAAGGTAATTCGCCA_008,146
GATATGAAGGTAATTCGCCA_009,45
GATATGAAGGTAATTCGCCA_010,53
GATATGAAGGTAATTCGCCA_011,106
GATATGAAGGTAATTCGCCA_012,102
GATATGAAGGTAATTCGCCA_013,149
GATATGAAGGTAATTCGCCA_014,172
GATATGAAGGTAATTCGCCA_015,22
GATATGAAGGTAATTCGCCA_016,27
GATATGAAGGTAATTCGCCA_017,92
GATATGAAGGTAATTCGCCA_018,192
GATATGAAGGTAATTCGCCA_019,121
GATATGAAGGTAATTCGCCA_020,50
GATATGAAGGTAATTCGCCA_021,45
GATATGAAGGTAATTCGCCA_022,146
GTATGTGACCAATGTACCAG_001,121
GTATGTGACCAATGTACCAG_002,155
GTATGTGACCAATGTACCAG_003,50
GTATGTGACCAATGTACCAG_004,18
GTATGTGACCAATGTACCAG_005,22
GTATGTGACCAATGTACCAG_006,186
GTATGTGACCAATGTACCAG_007,150
GTATGTGACCAATGTACCAG_008,174
GTATGTGACCAATGTACCAG_009,17
GTATGTGACCAATGTACCAG_010,101
GTATGTGACCAATGTACCAG_011,142
GTATGTGACCAATGTACCAG_012,81
GTATGTGACCAATGTACCAG_013,137
CCCAGAGCTGGGACCACAGC_001,193
CCCAGAGCTGGGACCACAGC_002,101
CCCAGAGCTGGGACCACAGC_003,112
CCCAGAGCTGGGACCACAGC_004,44
TGGCCGCTGGATGGACGTCG_001,78
TGGCCGCTGGATGGACGTCG_002,69
TGGCCGCTGGATGGACGTCG_003,93
TGGCCGCTGGATGGACGTCG_004,127
TGGCCGCTGGATGGACGTCG_005,158
TGGCCGCTGGATGGACGTCG_006,6
TGGCCGCTGGATGGACGTCG_007,40
TGGCCGCTGGATGGACGTCG_008,184
TGGCCGCTGGATGGACGTCG_009,76
TGGCCGCTGGATGGACGTCG_010,65
TGGCCGCTGGATGGACGTCG_011,174
TGGCCGCTGGATGGACGTCG_012,39
TGGCCGCTGGATGGACGTCG_013,162
TGGCCGCTGGATGGACGTCG_014,66
TGGCCGCTGGATGGACGTCG_015,150
TGGCCGCTGGATGGACGTCG_016,63
TGGCCGCTGGATGGACGTCG_017,16
TGGCCGCTGGATGGACGTCG_018,175
TGGCCGCTGGATGGACGTCG_019,55
TGGCCGCTGGATGGACGTCG_020,68
CCCCGACGAGTACCATTCAG_001,189
CCCCGACGAGTACCATTCAG_002,168
CCCCGACGAGTACCATTCAG_003,70
CCCCGACGAGTACCATTCAG_004,47
CCCCGACGAGTACCATTCAG_005,127
CCCCGACGAGTACCATTCAG_006,116
CCCCGACGAGTACCATTCAG_007,181
CCCCGACGAGTACCATTCAG_008,48
CCCCGACGAGTACCATTCAG_009,54
GAAGTGGAGGGATTTATCTG_001,50
GAAGTGGAGGGATTTATCTG_002,133
GAAGTGGAGGGATTTATCTG_003,72
GAAGTGGAGGGATTTATCTG_004,14
GAAGTGGAGGGATTTATCTG_005,148
GAAGTGGAGGGATTTATCTG_006,177
GAAGTGGAGGGATTTATCTG_007,145
GAAGTGGAGGGATTTATCTG_008,44
GAAGTGGAGGGATTTATCTG_009,98
GAAGTGGAGGGATTTATCTG_010,192
GAAGTGGAGGGATTTATCTG_011,41
GAAGTGGAGGGATTTATCTG_012,91
GAAGTGGAGGGATTTATCTG_013,91
GAAGTGGAGGGATTTATCTG_014,36
GAAGTGGAGGGATTTATCTG_015,45
GAAGTGGAGGGATTTATCTG_016,66
GAAGTGGAGGGATTTATCTG_017,131
TGTCGTTCACACCGGCCAAG_001,23
TGTCGTTCACACCGGCCAAG_002,127
TGTCGTTCACACCGGCCAAG_003,149
TGTCGTTCACACCGGCCAAG_004,97
TGTCGTTCACACCGGCCAAG_005,23
TGTCGTTCACACCGGCCAAG_006,50
CATAAATCGCAAGGTCCTGG_001,48
CATAAATCGCAAGGTCCTGG_002,154
CATAAATCGCAAGGTCCTGG_003,61
CATAAATCGCAAGGTCCTGG_004,15
CATAAATCGCAAGGTCCTGG_005,117
CATAAATCGCAAGGTCCTGG_006,128
CATAAATCGCAAGGTCCTGG_007,110
CATAAATCGCAAGGTCCTGG_008,190
TCTGAGCAAATGCAGGACCG_001,5
TCTGAGCAAATGCAGGACCG_002,160
TCTGAGCAAATGCAGGACCG_003,181
TCTGAGCAAATGCAGGACCG_004,183
TCTGAGCAAATGCAGGACCG_005,160
TCTGAGCAAATGCAGGACCG_006,82
TCTGAGCAAATGCAGGACCG_007,184
TCTGAGCAAATGCAGGACCG_008,118
TCTGAGCAAATGCAGGACCG_009,65
TCTGAGCAAATGCAGGACCG_010,48
TCTGAGCAAATGCAGGACCG_011,146
TCTGAGCAAATGCAGGACCG_012,76
TCTGAGCAAATGCAGGACCG_013,8
TCTGAGCAAATGCAGGACCG_014,38
TCTGAGCAAATGCAGGACCG_015,199
TCTGAGCAAATGCAGGACCG_016,198
TCTGAGCAAATGCAGGACCG_017,121
TCTGAGCAAATGCAGGACCG_018,191
TCTGAGCAAATGCAGGACCG_019,9
TCTGAGCAAATGCAGGACCG_020,81
TCTGAGCAAATGCAGGACCG_021,2
TCTGAGCAAATGCAGGACCG_022,155
TCTGAGCAAATGCAGGACCG_023,65
TCTGAGCAAATGCAGGACCG_024,131
TCTGAGCAAATGCAGGACCG_025,40
TCTGAGCAAATGCAGGACCG_026,40
TCTGAGCAAATGCAGGACCG_027,148
TCTGAGCAAATGCAGGACCG_028,137
ATATTCTGTAAAGTAGTCTG_001,192
ATATTCTGTAAAGTAGTCTG_002,7
ATATTCTGTAAAGTAGTCTG_003,91
ATATTCTGTAAAGTAGTCTG_004,29
ATATTCTGTAAAGTAGTCTG_005,140
ATATTCTGTAAAGTAGTCTG_006,199
ATATTCTGTAAAGTAGTCTG_007,3
TTGGGTCCAGTATAGCCCCA_001,77
TTGGGTCCAGTATAGCCCCA_002,172
TTGGGTCCAGTATAGCCCCA_003,19
TTGGGTCCAGTATAGCCCCA_004,28
TTGGGTCCAGTATAGCCCCA_005,174
TTGGGTCCAGTATAGCCCCA_006,83
TTGGGTCCAGTATAGCCCCA_007,12
TTGGGTCCAGTATAGCCCCA_008,17
TTGGGTCCAGTATAGCCCCA_009,177
TTGGGTCCAGTATAGCCCCA_010,157
TTGGGTCCAGTATAGCCCCA_011,15
TTGGGTCCAGTATAGCCCCA_012,88
AAACGAGATCGAGAAAGGTA_001,19
AAACGAGATCGAGAAAGGTA_002,83
AAACGAGATCGAGAAAGGTA_003,80
AAACGAGATCGAGAAAGGTA_004,139
AAACGAGATCGAGAAAGGTA_005,41
AAACGAGATCGAGAAAGGTA_006,94
AAACGAGATCGAGAAAGGTA_007,12
AAACGAGATCGAGAAAGGTA_008,93
AAACGAGATCGAGAAAGGTA_009,1
AAACGAGATCGAGAAAGGTA_010,9
AAACGAGATCGAGAAAGGTA_011,58
AAACGAGATCGAGAAAGGTA_012,58
AAACGAGATCGAGAAAGGTA_013,21
AAACGAGATCGAGAAAGGTA_014,65
AAACGAGATCGAGAAAGGTA_015,25
AAACGAGATCGAGAAAGGTA_016,52
AAACGAGATCGAGAAAGGTA_017,124
AAACGAGATCGAGAAAGGTA_018,29
AAACGAGATCGAGAAAGGTA_019,41
AAACGAGATCGAGAAAGGTA_020,111
AAACGAGATCGAGAAAGGTA_021,172
AAACGAGATCGAGAAAGGTA_022,146
AAACGAGATCGAGAAAGGTA_023,60
AAACGAGATCGAGAAAGGTA_024,169
AAACGAGATCGAGAAAGGTA_025,127
AAACGAGATCGAGAAAGGTA_026,28
AAACGAGATCGAGAAAGGTA_027,178
AAACGAGATCGAGAAAGGTA_028,6
AAACGAGATCGAGAAAGGTA_029,99
AAACGAGATCGAGAAAGGTA_030,69
ACCACCACATCATGACGGCG_001,172
ACCACCACATCATGACGGCG_002,6
ACCACCACATCATGACGGCG_003,169
ACCACCACATCATGACGGCG_004,43
ACCACCACATCATGACGGCG_005,159
ACCACCACATCATGACGGCG_006,108
ACCACCACATCATGACGGCG_007,57
ACACAACCTGGTACACAAAG_001,18
ACACAACCTGGTACACAAAG_002,160
ACACAACCTGGTACACAAAG_003,28
ACACAACCTGGTACACAAAG_004,40
ACACAACCTGGTACACAAAG_005,197
TCCCCCTAAAGGTTATACGA_001,178
TCCCCCTAAAGGTTATACGA_002,105
TCCCCCTAAAGGTTATACGA_003,105
TCCCCCTAAAGGTTATACGA_004,28
GTCCTTGGTAAACCCCAGGA_001,197
GTCCTTGGTAAACCCCAGGA_002,131
GTCCTTGGTAAACCCCAGGA_003,127
GTCCTTGGTAAACCCCAGGA_004,75
GTCCTTGGTAAACCCCAGGA_005,158
GTCCTTGGTAAACCCCAGGA_006,146
GTCCTTGGTAAACCCCAGGA_007,141
GTCCTTGGTAAACCCCAGGA_008,50
GTCCTTGGTAAACCCCAGGA_009,107
GTCCTTGGTAAACCCCAGGA_010,182
GTCCTTGGTAAACCCCAGGA_011,144
GTCCTTGGTAAACCCCAGGA_012,169
GTCCTTGGTAAACCCCAGGA_013,124
GTCCTTGGTAAACCCCAGGA_014,62
GTCCTTGGTAAACCCCAGGA_015,77
GTCCTTGGTAAACCCCAGGA_016,59
GTCCTTGGTAAACCCCAGGA_017,8
GTCCTTGGTAAACCCCAGGA_018,188
GTCCTTGGTAAACCCCAGGA_019,175
GTCCTTGGTAAACCCCAGGA_020,61
GTCCTTGGTAAACCCCAGGA_021,61
GTCCTTGGTAAACCCCAGGA_022,174
TCAGCTTATTGGCTACAGCA_001,113
TCAGCTTATTGGCTACAGCA_002,141
TCAGCTTATTGGCTACAGCA_003,11
TCAGCTTATTGGCTACAGCA_004,169
TCAGCTTATTGGCTACAGCA_005,157
TCAGCTTATTGGCTACAGCA_006,34
GGGTGTTAGATTTCCGCACG_001,192
GGGTGTTAGATTTCCGCACG_002,158
GTTGGTAATTCGATATGTGA_001,103
GTTGGTAATTCGATATGTGA_002,154
GTTGGTAATTCGATATGTGA_003,188
AGCACAGATCAGATTTCTAA_001,119
AGCACAGATCAGATTTCTAA_002,53
AGCACAGATCAGATTTCTAA_003,30
AGCACAGATCAGATTTCTAA_004,158
AGCACAGATCAGATTTCTAA_005,76
AGCACAGATCAGATTTCTAA_006,6
AGCACAGATCAGATTTCTAA_007,147
AGCACAGATCAGATTTCTAA_008,127
AGCACAGATCAGATTTCTAA_009,175
AGCACAGATCAGATTTCTAA_010,152
AGCACAGATCAGATTTCTAA_011,29
AGCACAGATCAGATTTCTAA_012,60
AGCACAGATCAGATTTCTAA_013,90
AGCACAGATCAGATTTCTAA_014,107
AGCACAGATCAGATTTCTAA_015,166
CAGAGAACAGTAATTTACAG_001,77
CAGAGAACAGTAATTTACAG_002,62
CAGAGAACAGTAATTTACAG_003,191
CAGAGAACAGTAATTTACAG_004,40
CAGAGAACAGTAATTTACAG_005,176
GGGATGTGGCCGTCACTAAG_001,96
GGGATGTGGCCGTCACTAAG_002,102
GGGATGTGGCCGTCACTAAG_003,47
GGGATGTGGCCGTCACTAAG_004,100
GGGATGTGGCCGTCACTAAG_005,141
GGGATGTGGCCGTCACTAAG_006,61
GGGATGTGGCCGTCACTAAG_007,116
GGGATGTGGCCGTCACTAAG_008,160
GGGATGTGGCCGTCACTAAG_009,94
GGGATGTGGCCGTCACTAAG_010,50
GGGATGTGGCCGTCACTAAG_011,134
GGGATGTGGCCGTCACTAAG_012,197
GGGATGTGGCCGTCACTAAG_013,22
ATGTTCCGGGCTACGCTGCG_001,163
ATGTTCCGGGCTACGCTGCG_002,67
ATGTTCCGGGCTACGCTGCG_003,35
ATGTTCCGGGCTACGCTGCG_004,44
ATGTTCCGGGCTACGCTGCG_005,160
GGCGAGTCGGAGGACAACTG_001,58
GGCGAGTCGGAGGACAACTG_002,29
GGCGAGTCGGAGGACAACTG_003,11
GGCGAGTCGGAGGACAACTG_004,118
GGCGAGTCGGAGGACAACTG_005,111
GGCGAGTCGGAGGACAACTG_006,27
GGCGAGTCGGAGGACAACTG_007,107
GGCGAGTCGGAGGACAACTG_008,169
GGCGAGTCGGAGGACAACTG_009,151
GGCGAGTCGGAGGACAACTG_010,185
GGCGAGTCGGAGGACAACTG_011,147
GGCGAGTCGGAGGACAACTG_012,130
AATCCCAGTTATCGCAACCA_001,108
AATCCCAGTTATCGCAACCA_002,178
AATCCCAGTTATCGCAACCA_003,195
AATCCCAGTTATCGCAACCA_004,162
AATCCCAGTTATCGCAACCA_005,147
AATCCCAGTTATCGCAACCA_006,28
AATCCCAGTTATCGCAACCA_007,133
AATCCCAGTTATCGCAACCA_008,63
AATCCCAGTTATCGCAACCA_009,162
AATCCCAGTTATCGCAACCA_010,34
AATCCCAGTTATCGCAACCA_011,81
AATCCCAGTTATCGCAACCA_012,42
AATCCCAGTTATCGCAACCA_013,105
AATCCCAGTTATCGCAACCA_014,106
AATCCCAGTTATCGCAACCA_015,143
AATCCCAGTTATCGCAACCA_016,115
AATCCCAGTTATCGCAACCA_017,66
AATCCCAGTTATCGCAACCA_018,70
AATCCCAGTTATCGCAACCA_019,10
AATCCCAGTTATCGCAACCA_020,22
AATCCCAGTTATCGCAACCA_021,33
AATCCCAGTTATCGCAACCA_022,124
AATCCCAGTTATCGCAACCA_023,136
GAGCAGGTAGGTATCGGTCA_001,178
GAGCAGGTAGGTATCGGTCA_002,189
GAGCAGGTAGGTATCGGTCA_003,19
GAGCAGGTAGGTATCGGTCA_004,175
GGCCCAAGAAATAAGAAGCG_001,19
TATGGGAAGGATGTTCACAG_001,172
TATGGGAAGGATGTTCACAG_002,72
TATGGGAAGGATGTTCACAG_003,129
TATGGGAAGGATGTTCACAG_004,18
TATGGGAAGGATGTTCACAG_005,140
TTCCACAAACATATTGAACC_001,145
TTCCACAAACATATTGAACC_002,62
TTCCACAAACATATTGAACC_003,38
CAGTTACAGAATTTGTTGGG_001,151
CAGTTACAGAATTTGTTGGG_002,150
CAGTTACAGAATTTGTTGGG_003,150
CAGTTACAGAATTTGTTGGG_004,112
CAGTTACAGAATTTGTTGGG_005,84
CAGTTACAGAATTTGTTGGG_006,119
CAGTTACAGAATTTGTTGGG_007,82
GGAGACCTTCCCCGACGCCA_001,169
GGAGACCTTCCCCGACGCCA_002,52
GGAGACCTTCCCCGACGCCA_003,163
GGAGACCTTCCCCGACGCCA_004,170
AAGGAGTACTCTCAGCACAA_001,104
AAGGAGTACTCTCAGCACAA_002,119
AAGGAGTACTCTCAGCACAA_003,0
AAGGAGTACTCTCAGCACAA_004,50
AAGGAGTACTCTCAGCACAA_005,3
AAGGAGTACTCTCAGCACAA_006,50
AATCCAGAGAGTATTCGACC_001,168
AATCCAGAGAGTATTCGACC_002,164
TAGTGACTCACCTGAATCGG_001,198
TAGTGACTCACCTGAATCGG_002,95
TAGTGACTCACCTGAATCGG_003,13
TAGTGACTCACCTGAATCGG_004,12
TAGTGACTCACCTGAATCGG_005,177
TAGTGACTCACCTGAATCGG_006,1
TTCAAGCAAAACCGCTTCAG_001,85
TTCAAGCAAAACCGCTTCAG_002,159
TTCAAGCAAAACCGCTTCAG_003,75
TTCAAGCAAAACCGCTTCAG_004,26
TTCAAGCAAAACCGCTTCAG_005,40
TTCAAGCAAAACCGCTTCAG_006,76
TTCAAGCAAAACCGCTTCAG_007,97
TTCAAGCAAAACCGCTTCAG_008,80
TTCAAGCAAAACCGCTTCAG_009,120
TTCAAGCAAAACCGCTTCAG_010,160
TTCAAGCAAAACCGCTTCAG_011,95
TTCAAGCAAAACCGCTTCAG_012,171
TTCAAGCAAAACCGCTTCAG_013,103
TTCAAGCAAAACCGCTTCAG_014,141
TTCAAGCAAAACCGCTTCAG_015,101
TTCAAGCAAAACCGCTTCAG_016,36
TTCAAGCAAAACCGCTTCAG_017,111
TTCAAGCAAAACCGCTTCAG_018,88
TTCAAGCAAAACCGCTTCAG_019,96
GTCATGATTAAAGCCGTCCG_001,15
GTCATGATTAAAGCCGTCCG_002,16
GTCATGATTAAAGCCGTCCG_003,7
GTCCTGTGAAAGAGTACGAG_001,68
GTCCTGTGAAAGAGTACGAG_002,178
GTCCTGTGAAAGAGTACGAG_003,71
AGCCCCAAACCTATAACAGG_001,52
AGCCCCAAACCTATAACAGG_002,175
CATCAAGTACTTCCTGACGA_001,70
CATCAAGTACTTCCTGACGA_002,127
CATCAAGTACTTCCTGACGA_003,118
GAACCGCAAGGTGAGCAAGG_001,152
GAACCGCAAGGTGAGCAAGG_002,166
GAACCGCAAGGTGAGCAAGG_003,172
GAACCGCAAGGTGAGCAAGG_004,147
GAACCGCAAGGTGAGCAAGG_005,79
GAACCGCAAGGTGAGCAAGG_006,102
GTCATGGAGTACAAAGCCGG_001,166
GTCATGGAGTACAAAGCCGG_002,166
GTCATGGAGTACAAAGCCGG_003,15
ACAGAACGCGGCTCTACGCA_001,137
AATTCGCTTCCGTTTATGGG_001,189
AATTCGCTTCCGTTTATGGG_002,103
AATTCGCTTCCGTTTATGGG_003,58
AATTCGCTTCCGTTTATGGG_004,84
AATTCGCTTCCGTTTATGGG_005,138
AATTCGCTTCCGTTTATGGG_006,50
AATTCGCTTCCGTTTATGGG_007,120
AATTCGCTTCCGTTTATGGG_008,44
AATTCGCTTCCGTTTATGGG_009,44
AATTCGCTTCCGTTTATGGG_010,120
AATTCGCTTCCGTTTATGGG_011,89
AATTCGCTTCCGTTTATGGG_012,101
AATTCGCTTCCGTTTATGGG_013,134
AATTCGCTTCCGTTTATGGG_014,50
AATTCGCTTCCGTTTATGGG_015,42
AATTCGCTTCCGTTTATGGG_016,40
AATTCGCTTCCGTTTATGGG_017,68
AATTCGCTTCCGTTTATGGG_018,166
AATTCGCTTCCGTTTATGGG_019,106
CACACGGTCCAACCCAATGG_001,37
CACACGGTCCAACCCAATGG_002,125
CACACGGTCCAACCCAATGG_003,57
CACACGGTCCAACCCAATGG_004,185
CACACGGTCCAACCCAATGG_005,185
CACACGGTCCAACCCAATGG_006,179
CACACGGTCCAACCCAATGG_007,28
CACACGGTCCAACCCAATGG_008,35
CACACGGTCCAACCCAATGG_009,40
CACACGGTCCAACCCAATGG_010,138
CACACGGTCCAACCCAATGG_011,138
CTGCTTGTAGTAATCCACAT_001,183
CTGCTTGTAGTAATCCACAT_002,188
CTGCTTGTAGTAATCCACAT_003,60
CTGCTTGTAGTAATCCACAT_004,175
CTGCTTGTAGTAATCCACAT_005,108
CTGCTTGTAGTAATCCACAT_006,23
TAGTACATGTGTGGTATTTA_001,176
TAGTACATGTGTGGTATTTA_002,198
TAGTACATGTGTGGTATTTA_003,45
TAGTACATGTGTGGTATTTA_004,29
TAGTACATGTGTGGTATTTA_005,113
TAGTACATGTGTGGTATTTA_006,29
TAGTACATGTGTGGTATTTA_007,17
TAGTACATGTGTGGTATTTA_008,108
TAGTACATGTGTGGTATTTA_009,7
TAGTACATGTGTGGTATTTA_010,172
TAGTACATGTGTGGTATTTA_011,46
TAGTACATGTGTGGTATTTA_012,15
TAGTACATGTGTGGTATTTA_013,105
TAGTACATGTGTGGTATTTA_014,45
TAGTACATGTGTGGTATTTA_015,81
GATAGCAAGTGATCCACACT_001,52
GATAGCAAGTGATCCACACT_002,168
GATAGCAAGTGATCCACACT_003,177
GATAGCAAGTGATCCACACT_004,65
GATAGCAAGTGATCCACACT_005,48
GATAGCAAGTGATCCACACT_006,130
AACAGCACGACCCACCGCGG_001,65
AACAGCACGACCCACCGCGG_002,1
AACAGCACGACCCACCGCGG_003,55
AACAGCACGACCCACCGCGG_004,107
AACAGCACGACCCACCGCGG_005,161
AACAGCACGACCCACCGCGG_006,56
AACAGCACGACCCACCGCGG_007,72
AACAGCACGACCCACCGCGG_008,125
AACAGCACGACCCACCGCGG_009,80
AACAGCACGACCCACCGCGG_010,64
AACAGCACGACCCACCGCGG_011,117
AACAGCACGACCCACCGCGG_012,150
AACAGCACGACCCACCGCGG_013,156
AACAGCACGACCCACCGCGG_014,144
AACAGCACGACCCACCGCGG_015,62
AACAGCACGACCCACCGCGG_016,83
AACAGCACGACCCACCGCGG_017,106
AACAGCACGACCCACCGCGG_018,48
AACAGCACGACCCACCGCGG_019,157
AACAGCACGACCCACCGCGG_020,157
AACAGCACGACCCACCGCGG_021,175
AACAGCACGACCCACCGCGG_022,27
AACAGCACGACCCACCGCGG_023,190
AACAGCACGACCCACCGCGG_024,184
AACAGCACGACCCACCGCGG_025,35
AACAGCACGACCCACCGCGG_026,130
AACAGCACGACCCACCGCGG_027,157
AACAGCACGACCCACCGCGG_028,98
AACAGCACGACCCACCGCGG_029,45
GGCGGCCCGCACCTAGAACA_001,43
GGCGGCCCGCACCTAGAACA_002,63
GGCGGCCCGCACCTAGAACA_003,88
GTTCCAAGAGAAATCGGCCA_001,0
GTTCCAAGAGAAATCGGCCA_002,124
GTTCCAAGAGAAATCGGCCA_003,6
TGGGTGAGGGACAACTGGGA_001,69
TGGGTGAGGGACAACTGGGA_002,194
TGGGTGAGGGACAACTGGGA_003,134
TGGGTGAGGGACAACTGGGA_004,137
TGGGTGAGGGACAACTGGGA_005,61
TGGGTGAGGGACAACTGGGA_006,161
TGGGTGAGGGACAACTGGGA_007,69
TGGGTGAGGGACAACTGGGA_008,105
TGGGTGAGGGACAACTGGGA_009,116
TGGGTGAGGGACAACTGGGA_010,130
TGGGTGAGGGACAACTGGGA_011,38
TGGGTGAGGGACAACTGGGA_012,116
TGGGTGAGGGACAACTGGGA_013,168
TGGGTGAGGGACAACTGGGA_014,144
TGGGTGAGGGACAACTGGGA_015,84
TGGGTGAGGGACAACTGGGA_016,16
TGGGTGAGGGACAACTGGGA_017,75
CTGTCAAATTCCTAGCCCTG_001,120
CTGTCAAATTCCTAGCCCTG_002,33
CTGTCAAATTCCTAGCCCTG_003,190
CTGTCAAATTCCTAGCCCTG_004,105
CTGTCAAATTCCTAGCCCTG_005,185
CTGTCAAATTCCTAGCCCTG_006,62
CTGTCAAATTCCTAGCCCTG_007,69
CTGTCAAATTCCTAGCCCTG_008,28
CCGACCAGCCTTCTTGCCCG_001,66
AGGCGTTCTGGCTCAAATGG_001,186
AGGCGTTCTGGCTCAAATGG_002,154
AGGCGTTCTGGCTCAAATGG_003,198
ACACTCCATCCTGTGAACCA_001,70
ACACTCCATCCTGTGAACCA_002,96
ACACTCCATCCTGTGAACCA_003,46
ACACTCCATCCTGTGAACCA_004,197
ACACTCCATCCTGTGAACCA_005,158
ACACTCCATCCTGTGAACCA_006,89
ACACTCCATCCTGTGAACCA_007,127
TGGGTCTGGCGACCGGAGCA_001,105
TGGGTCTGGCGACCGGAGCA_002,2
TGGGTCTGGCGACCGGAGCA_003,8
TGGGTCTGGCGACCGGAGCA_004,168
TGGGTCTGGCGACCGGAGCA_005,88
TGGGTCTGGCGACCGGAGCA_006,125
TGGGTCTGGCGACCGGAGCA_007,47
TGGGTCTGGCGACCGGAGCA_008,77
TGGGTCTGGCGACCGGAGCA_009,197
AACCTGTCATTAGGCCCATG_001,77
AACCTGTCATTAGGCCCATG_002,170
AACCTGTCATTAGGCCCATG_003,158
AACCTGTCATTAGGCCCATG_004,26
AACCTGTCATTAGGCCCATG_005,34
AACCTGTCATTAGGCCCATG_006,156
AACCTGTCATTAGGCCCATG_007,9
AACCTGTCATTAGGCCCATG_008,84
AACCTGTCATTAGGCCCATG_009,98
AACCTGTCATTAGGCCCATG_010,91
AACCTGTCATTAGGCCCATG_011,78
CCTGGCCTACCCGTGCGCCG_001,76
CCTGGCCTACCCGTGCGCCG_002,88
CCTGGCCTACCCGTGCGCCG_003,88
CCTGGCCTACCCGTGCGCCG_004,162
CCTGGCCTACCCGTGCGCCG_005,105
CCTGGCCTACCCGTGCGCCG_006,91
CCTGGCCTACCCGTGCGCCG_007,84
CCTGGCCTACCCGTGCGCCG_008,159
CCTGGCCTACCCGTGCGCCG_009,142
CCTGGCCTACCCGTGCGCCG_010,66
CCTGGCCTACCCGTGCGCCG_011,17
GATGCAGGAGACACCAAACA_001,38
GATGCAGGAGACACCAAACA_002,188
GATGCAGGAGACACCAAACA_003,63
CCATCTGGAGTGAACCACTG_001,174
CCATCTGGAGTGAACCACTG_002,87
CCATCTGGAGTGAACCACTG_003,166
CCATCTGGAGTGAACCACTG_004,161
CCATCTGGAGTGAACCACTG_005,48
CCATCTGGAGTGAACCACTG_006,105
CCATCTGGAGTGAACCACTG_007,58
CCATCTGGAGTGAACCACTG_008,86
CCATCTGGAGTGAACCACTG_009,12
CCATCTGGAGTGAACCACTG_010,115
CCATCTGGAGTGAACCACTG_011,28
CCATCTGGAGTGAACCACTG_012,158
CCATCTGGAGTGAACCACTG_013,22
CCATCTGGAGTGAACCACTG_014,116
CCATCTGGAGTGAACCACTG_015,75
CCATCTGGAGTGAACCACTG_016,60
CCATCTGGAGTGAACCACTG_017,55
CCATCTGGAGTGAACCACTG_018,170
CCATCTGGAGTGAACCACTG_019,15
CCATCTGGAGTGAACCACTG_020,8
CCATCTGGAGTGAACCACTG_021,132
CCATCTGGAGTGAACCACTG_022,39
CCATCTGGAGTGAACCACTG_023,165
CTTGCAGGCGAAATTCGCCG_001,92
CTTGCAGGCGAAATTCGCCG_002,13
CTTGCAGGCGAAATTCGCCG_003,177
CTTGCAGGCGAAATTCGCCG_004,113
CTTGCAGGCGAAATTCGCCG_005,172
CTTGCAGGCGAAATTCGCCG_006,19
CTTGCAGGCGAAATTCGCCG_007,8
CTTGCAGGCGAAATTCGCCG_008,4
AATGCCTGGACCCTGCACAG_001,97
AATGCCTGGACCCTGCACAG_002,144
AATGCCTGGACCCTGCACAG_003,14
AATGCCTGGACCCTGCACAG_004,133
AATGCCTGGACCCTGCACAG_005,37
AATGCCTGGACCCTGCACAG_006,121
AATGCCTGGACCCTGCACAG_007,9
CTTCGACCGCTACATCGCCC_001,15
GTCACCACCAACCTAAAGCT_001,161
GTCACCACCAACCTAAAGCT_002,4
GTCACCACCAACCTAAAGCT_003,0
GTCACCACCAACCTAAAGCT_004,136
GTCACCACCAACCTAAAGCT_005,150
GTCACCACCAACCTAAAGCT_006,2
GTCACCACCAACCTAAAGCT_007,12
GTCACCACCAACCTAAAGCT_008,37
GTCACCACCAACCTAAAGCT_009,41
ACGTGACTTTCTCCATTATG_001,158
ACGTGACTTTCTCCATTATG_002,4
ACGTGACTTTCTCCATTATG_003,160
ACGTGACTTTCTCCATTATG_004,2
ACGTGACTTTCTCCATTATG_005,49
ACGTGACTTTCTCCATTATG_006,113
ACGTGACTTTCTCCATTATG_007,166
ACGTGACTTTCTCCATTATG_008,98
ACGTGACTTTCTCCATTATG_009,128
GTGCACGATCTGATGCCCGG_001,104
GTGCACGATCTGATGCCCGG_002,68
GTGCACGATCTGATGCCCGG_003,188
GAGCTCCAGGAGTTGTACGA_001,33
GAGCTCCAGGAGTTGTACGA_002,92
GAGCTCCAGGAGTTGTACGA_003,117
GAGCTCCAGGAGTTGTACGA_004,198
TCACCCCAACATTGACCTCG_001,127
TCACCCCAACATTGACCTCG_002,116
TCACCCCAACATTGACCTCG_003,193
TCACCCCAACATTGACCTCG_004,88
TCACCCCAACATTGACCTCG_005,102
TCACCCCAACATTGACCTCG_006,102
TCACCCCAACATTGACCTCG_007,156
TCACCCCAACATTGACCTCG_008,135
TCACCCCAACATTGACCTCG_009,112
TCACCCCAACATTGACCTCG_010,81
TCACCCCAACATTGACCTCG_011,82
TCACCCCAACATTGACCTCG_012,88
TCACCCCAACATTGACCTCG_013,100
TCACCCCAACATTGACCTCG_014,191
TCACCCCAACATTGACCTCG_015,66
TCACCCCAACATTGACCTCG_016,8
TTTATAATACATTCCATGGG_001,105
TTTATAATACATTCCATGGG_002,16
TTTATAATACATTCCATGGG_003,198
CAAGTGCAAATACTACCATC_001,144
CAAGTGCAAATACTACCATC_002,187
CAAGTGCAAATACTACCATC_003,114
CAAGTGCAAATACTACCATC_004,163
CAAGTGCAAATACTACCATC_005,155
CAACGAACCAGTGTTCACAC_001,169
CAACGAACCAGTGTTCACAC_002,96
CAACGAACCAGTGTTCACAC_003,198
CAACGAACCAGTGTTCACAC_004,136
CAACGAACCAGTGTTCACAC_005,36
CAACGAACCAGTGTTCACAC_006,123
CAACGAACCAGTGTTCACAC_007,12
CAACGAACCAGTGTTCACAC_008,31
CAACGAACCAGTGTTCACAC_009,38
CAACGAACCAGTGTTCACAC_010,16
CAACGAACCAGTGTTCACAC_011,66
CAACGAACCAGTGTTCACAC_012,28
CAACGAACCAGTGTTCACAC_013,2
CAACGAACCAGTGTTCACAC_014,147
CAACGAACCAGTGTTCACAC_015,138
CAACGAACCAGTGTTCACAC_016,28
CAACGAACCAGTGTTCACAC_017,97
CAACGAACCAGTGTTCACAC_018,124
CAACGAACCAGTGTTCACAC_019,161
GCAAAAACCCAACGCTATTC_001,19
GCAAAAACCCAACGCTATTC_002,183
GCAAAAACCCAACGCTATTC_003,0
GCAAAAACCCAACGCTATTC_004,81
GCAAAAACCCAACGCTATTC_005,154
GCAAAAACCCAACGCTATTC_006,149
GCAAAAACCCAACGCTATTC_007,56
GCAAAAACCCAACGCTATTC_008,58
GCAAAAACCCAACGCTATTC_009,69
GCAAAAACCCAACGCTATTC_010,94
GCAAAAACCCAACGCTATTC_011,64
GCAAAAACCCAACGCTATTC_012,115
GCAAAAACCCAACGCTATTC_013,75
GCAAAAACCCAACGCTATTC_014,75
GCAAAAACCCAACGCTATTC_015,69
GCAAAAACCCAACGCTATTC_016,119
GCAAAAACCCAACGCTATTC_017,57
GCAAAAACCCAACGCTATTC_018,70
GCAAAAACCCAACGCTATTC_019,0
GCAAAAACCCAACGCTATTC_020,193
GCAAAAACCCAACGCTATTC_021,138
GCAAAAACCCAACGCTATTC_022,155
GCAAAAACCCAACGCTATTC_023,63
GCAAAAACCCAACGCTATTC_024,123
GCAAAAACCCAACGCTATTC_025,99
GCAAAAACCCAACGCTATTC_026,28
GTCATTGAAGCTGTCACTGG_001,161
GTCATTGAAGCTGTCACTGG_002,127
GTCATTGAAGCTGTCACTGG_003,141
GTCATTGAAGCTGTCACTGG_004,123
GTCATTGAAGCTGTCACTGG_005,4
GTCATTGAAGCTGTCACTGG_006,174
GGGCATACCAGACGACTGGG_001,27
GGGCATACCAGACGACTGGG_002,139
GGGCATACCAGACGACTGGG_003,169
GGGCATACCAGACGACTGGG_004,105
GGGCATACCAGACGACTGGG_005,108
GGGCATACCAGACGACTGGG_006,121
GGGCATACCAGACGACTGGG_007,14
GGGCATACCAGACGACTGGG_008,1
GGGCATACCAGACGACTGGG_009,84
GGGCATACCAGACGACTGGG_010,171
GGGCATACCAGACGACTGGG_011,130
GGGCATACCAGACGACTGGG_012,153
ATGATCTGTCCTAACTCCGG_001,8
ATGATCTGTCCTAACTCCGG_002,42
ATGATCTGTCCTAACTCCGG_003,16
ATGATCTGTCCTAACTCCGG_004,31
ATGATCTGTCCTAACTCCGG_005,33
ATGATCTGTCCTAACTCCGG_006,137
ATGATCTGTCCTAACTCCGG_007,186
ATGATCTGTCCTAACTCCGG_008,87
ATGATCTGTCCTAACTCCGG_009,158
ATGATCTGTCCTAACTCCGG_010,145
ATGATCTGTCCTAACTCCGG_011,10
ATGATCTGTCCTAACTCCGG_012,16
ATGATCTGTCCTAACTCCGG_013,34
ATGATCTGTCCTAACTCCGG_014,118
GAGGCTCGTCACTAGACGTA_001,8
GAGGCTCGTCACTAGACGTA_002,81
GAGGCTCGTCACTAGACGTA_003,9
GAGGCTCGTCACTAGACGTA_004,197
GAGGCTCGTCACTAGACGTA_005,176
GAGGCTCGTCACTAGACGTA_006,114
GAGGCTCGTCACTAGACGTA_007,124
GAGGCTCGTCACTAGACGTA_008,81
GGAGGTTGTGTACCTTAGTG_001,1
GGAGGTTGTGTACCTTAGTG_002,15
GGAGGTTGTGTACCTTAGTG_003,148
GGAGGTTGTGTACCTTAGTG_004,169
GGAGGTTGTGTACCTTAGTG_005,172
GGAGGTTGTGTACCTTAGTG_006,77
GGAGGTTGTGTACCTTAGTG_007,56
GGAGGTTGTGTACCTTAGTG_008,169
GGAGGTTGTGTACCTTAGTG_009,190
GGAGGTTGTGTACCTTAGTG_010,167
GGAGGTTGTGTACCTTAGTG_011,2
GGAGGTTGTGTACCTTAGTG_012,169
GGAGGTTGTGTACCTTAGTG_013,147
GGAGGTTGTGTACCTTAGTG_014,10
GGAGGTTGTGTACCTTAGTG_015,57
GGAGGTTGTGTACCTTAGTG_016,184
GGAGGTTGTGTACCTTAGTG_017,34
GGAGGTTGTGTACCTTAGTG_018,136
GGAGGTTGTGTACCTTAGTG_019,38
GTGGTCTAGAAGTGTGAGGC_001,122
GTGGTCTAGAAGTGTGAGGC_002,15
GTGGTCTAGAAGTGTGAGGC_003,191
GTGGTCTAGAAGTGTGAGGC_004,130
GTGGTCTAGAAGTGTGAGGC_005,50
GTGGTCTAGAAGTGTGAGGC_006,139
GTGGTCTAGAAGTGTGAGGC_007,193
GTGGTCTAGAAGTGTGAGGC_008,106
GTGGTCTAGAAGTGTGAGGC_009,147
GTGGTCTAGAAGTGTGAGGC_010,41
GTGGTCTAGAAGTGTGAGGC_011,38
GTGGTCTAGAAGTGTGAGGC_012,188
GTGGTCTAGAAGTGTGAGGC_013,22
GTGGTCTAGAAGTGTGAGGC_014,6
GTGGTCTAGAAGTGTGAGGC_015,178
GTGGTCTAGAAGTGTGAGGC_016,6
GTGGTCTAGAAGTGTGAGGC_017,46
GTGGTCTAGAAGTGTGAGGC_018,88
GTGGTCTAGAAGTGTGAGGC_019,127
GTGGTCTAGAAGTGTGAGGC_020,150
AAGGGTTGGAAGACTAGCAG_001,23
AAGGGTTGGAAGACTAGCAG_002,55
AAGGGTTGGAAGACTAGCAG_003,70
AAGGGTTGGAAGACTAGCAG_004,131
AAGGGTTGGAAGACTAGCAG_005,82
AAGGGTTGGAAGACTAGCAG_006,47
GGAACCCATGCCCTTACCCG_001,156
GGAACCCATGCCCTTACCCG_002,192
GGAACCCATGCCCTTACCCG_003,1
GGAACCCATGCCCTTACCCG_004,78
GGAACCCATGCCCTTACCCG_005,8
GGAACCCATGCCCTTACCCG_006,60
GGAACCCATGCCCTTACCCG_007,168
GGAACCCATGCCCTTACCCG_008,8
GGAACCCATGCCCTTACCCG_009,108
GGAACCCATGCCCTTACCCG_010,108
GGCAGCCACTGATCACAATG_001,183
GGCAGCCACTGATCACAATG_002,140
GGCAGCCACTGATCACAATG_003,8
GGCAGCCACTGATCACAATG_004,120
GGCAGCCACTGATCACAATG_005,81
GGCAGCCACTGATCACAATG_006,131
GGCAGCCACTGATCACAATG_007,40
GGCAGCCACTGATCACAATG_008,67
GGCAGCCACTGATCACAATG_009,125
CCTGGCATGGATGTATACGG_001,11
CCTGGCATGGATGTATACGG_002,149
CTTGTCATACTAGTATGATG_001,183
CTTGTCATACTAGTATGATG_002,68
GAAGCAGAGACAAAGAGCAG_001,124
GAAGCAGAGACAAAGAGCAG_002,43
GAAGCAGAGACAAAGAGCAG_003,58
GAAGCAGAGACAAAGAGCAG_004,48
GAAGCAGAGACAAAGAGCAG_005,8
GAAGCAGAGACAAAGAGCAG_006,40
GAAGCAGAGACAAAGAGCAG_007,197
GAAGCAGAGACAAAGAGCAG_008,69
GAAGCAGAGACAAAGAGCAG_009,39
GAAGCAGAGACAAAGAGCAG_010,13
GGCGATTACCGCGTCTACAG_001,98
GGCGATTACCGCGTCTACAG_002,105
GGCGATTACCGCGTCTACAG_003,123
GGCGATTACCGCGTCTACAG_004,184
GGCGATTACCGCGTCTACAG_005,164
GGCGATTACCGCGTCTACAG_006,37
GGCGATTACCGCGTCTACAG_007,77
GGCGATTACCGCGTCTACAG_008,115
GGCGATTACCGCGTCTACAG_009,39
GGCGATTACCGCGTCTACAG_010,23
GGCGATTACCGCGTCTACAG_011,23
GTCTTGAACTGGATACCTTG_001,78
GTCTTGAACTGGATACCTTG_002,105
GTCTTGAACTGGATACCTTG_003,54
GTCTTGAACTGGATACCTTG_004,102
GTCTTGAACTGGATACCTTG_005,166
GTCTTGAACTGGATACCTTG_006,78
GGGAACTCAACCCGCGCCAG_001,106
GGGAACTCAACCCGCGCCAG_002,171
GGGAACTCAACCCGCGCCAG_003,185
GGGAACTCAACCCGCGCCAG_004,83
GGGAACTCAACCCGCGCCAG_005,160
GGGAACTCAACCCGCGCCAG_006,62
GGGAACTCAACCCGCGCCAG_007,67
GGGAACTCAACCCGCGCCAG_008,79
GGGAACTCAACCCGCGCCAG_009,4
AGGGTGTGGATTCTCCAACG_001,182
AGGGTGTGGATTCTCCAACG_002,21
CAGGTAACGCTTCTGGCCTG_001,60
CAGGTAACGCTTCTGGCCTG_002,130
CAGGTAACGCTTCTGGCCTG_003,97
CAGGTAACGCTTCTGGCCTG_004,113
GGGGGAACCTTACGCTACAA_001,81
ACACGGTGTATGCTGTGAAG_001,193
ACACGGTGTATGCTGTGAAG_002,53
ACACGGTGTATGCTGTGAAG_003,101
ACACGGTGTATGCTGTGAAG_004,7
ACACGGTGTATGCTGTGAAG_005,134
ACACGGTGTATGCTGTGAAG_006,193
ACACGGTGTATGCTGTGAAG_007,37
ACACGGTGTATGCTGTGAAG_008,52
ACACGGTGTATGCTGTGAAG_009,51
ACACGGTGTATGCTGTGAAG_010,149
ACACGGTGTATGCTGTGAAG_011,52
ACACGGTGTATGCTGTGAAG_012,175
ACACGGTGTATGCTGTGAAG_013,154
ACACGGTGTATGCTGTGAAG_014,12
ACACGGTGTATGCTGTGAAG_015,10
ACACGGTGTATGCTGTGAAG_016,184
TATTGTGTAACTTGACAGCC_001,39
TATTGTGTAACTTGACAGCC_002,80
TATTGTGTAACTTGACAGCC_003,131
TATTGTGTAACTTGACAGCC_004,115
TATTGTGTAACTTGACAGCC_005,37
TATTGTGTAACTTGACAGCC_006,62
TTTGATACGTCCCTGCAGGT_001,158
TTTGATACGTCCCTGCAGGT_002,58
TTTGATACGTCCCTGCAGGT_003,159
TTTGATACGTCCCTGCAGGT_004,181
GATAAGCATCATTCCCTAGG_001,136
GGTGTGAATAGAGCCAGCAA_001,60
GGTGTGAATAGAGCCAGCAA_002,42
GGTGTGAATAGAGCCAGCAA_003,178
GGTGTGAATAGAGCCAGCAA_004,88
GGTGTGAATAGAGCCAGCAA_005,169
CAGGGAGGCAGCTAGCTCCT_001,13
CAGGGAGGCAGCTAGCTCCT_002,100
CAGGGAGGCAGCTAGCTCCT_003,107
CAGGGAGGCAGCTAGCTCCT_004,164
CAGGGAGGCAGCTAGCTCCT_005,143
CAGGGAGGCAGCTAGCTCCT_006,76
CAGGGAGGCAGCTAGCTCCT_007,177
CAGGGAGGCAGCTAGCTCCT_008,88
CAGGGAGGCAGCTAGCTCCT_009,76
CAGGGAGGCAGCTAGCTCCT_010,48
CAGGGAGGCAGCTAGCTCCT_011,149
CAGGGAGGCAGCTAGCTCCT_012,72
CAGGGAGGCAGCTAGCTCCT_013,94
CAGGGAGGCAGCTAGCTCCT_014,70
CAGGGAGGCAGCTAGCTCCT_015,142
CAGGGAGGCAGCTAGCTCCT_016,157
CAGGGAGGCAGCTAGCTCCT_017,155
GCGATGATACCACTTTGCCA_001,73
GCGATGATACCACTTTGCCA_002,122
GCGATGATACCACTTTGCCA_003,128
GCGATGATACCACTTTGCCA_004,172
GCGATGATACCACTTTGCCA_005,168
GCGATGATACCACTTTGCCA_006,170
GCGATGATACCACTTTGCCA_007,173
GCGATGATACCACTTTGCCA_008,11
GCGATGATACCACTTTGCCA_009,128
CTGTTTGCAAGCGATGAGCA_001,189
CTGTTTGCAAGCGATGAGCA_002,94
CTGTTTGCAAGCGATGAGCA_003,51
CTGTTTGCAAGCGATGAGCA_004,140
CTGTTTGCAAGCGATGAGCA_005,145
CTGTTTGCAAGCGATGAGCA_006,117
CTGTTTGCAAGCGATGAGCA_007,150
CTCTTTATGGTACAAGCTCG_001,11
CTCTTTATGGTACAAGCTCG_002,13
CTCTTTATGGTACAAGCTCG_003,122
GATGTAACCATTACTAACGA_001,181
TCTTCATTCTTGACTACGTG_001,85
TCTTCATTCTTGACTACGTG_002,141
GCTGGTGTTTAATAAGGGAT_001,30
GCTGGTGTTTAATAAGGGAT_002,192
GCTGGTGTTTAATAAGGGAT_003,101
TGGATCAGGGGTGTTCTCGA_001,118
TGGATCAGGGGTGTTCTCGA_002,92
TGGATCAGGGGTGTTCTCGA_003,101
TGGATCAGGGGTGTTCTCGA_004,94
TGGATCAGGGGTGTTCTCGA_005,82
TGGATCAGGGGTGTTCTCGA_006,134
TGGATCAGGGGTGTTCTCGA_007,145
TGGATCAGGGGTGTTCTCGA_008,18
TGGATCAGGGGTGTTCTCGA_009,46
TGGATCAGGGGTGTTCTCGA_010,43
TGGATCAGGGGTGTTCTCGA_011,74
TGGATCAGGGGTGTTCTCGA_012,118
TGGATCAGGGGTGTTCTCGA_013,188
CCAACCGTGTTGTATGTGAG_001,15
CCAACCGTGTTGTATGTGAG_002,168
CCAACCGTGTTGTATGTGAG_003,193
CCAACCGTGTTGTATGTGAG_004,50
CCAACCGTGTTGTATGTGAG_005,59
CCAACCGTGTTGTATGTGAG_006,64
CCAACCGTGTTGTATGTGAG_007,119
CCAACCGTGTTGTATGTGAG_008,113
CCAACCGTGTTGTATGTGAG_009,161
CCAACCGTGTTGTATGTGAG_010,36
CCAACCGTGTTGTATGTGAG_011,6
CCAACCGTGTTGTATGTGAG_012,77
CCAACCGTGTTGTATGTGAG_013,49
CCAACCGTGTTGTATGTGAG_014,165
CCAACCGTGTTGTATGTGAG_015,19
GTTCACTCCTCAGATCGCTG_001,137
GTTCACTCCTCAGATCGCTG_002,102
GTTCACTCCTCAGATCGCTG_003,84
GTTCACTCCTCAGATCGCTG_004,20
GTTCACTCCTCAGATCGCTG_005,93
GTTCACTCCTCAGATCGCTG_006,166
GTTCACTCCTCAGATCGCTG_007,49
GTTCACTCCTCAGATCGCTG_008,141
GTTCACTCCTCAGATCGCTG_009,15
GTTCACTCCTCAGATCGCTG_010,168
GTTCACTCCTCAGATCGCTG_011,103
GTTCACTCCTCAGATCGCTG_012,22
GTTCACTCCTCAGATCGCTG_013,35
GTTCACTCCTCAGATCGCTG_014,98
GTTCACTCCTCAGATCGCTG_015,94
GTTCACTCCTCAGATCGCTG_016,160
GTTCACTCCTCAGATCGCTG_017,19
GTTCACTCCTCAGATCGCTG_018,199
GTTCACTCCTCAGATCGCTG_019,98
GTTCACTCCTCAGATCGCTG_020,170
CCTTCTGCTTTACAAACAGG_001,147
TTCACTTGTGGCAAGATCGT_001,89
TTCACTTGTGGCAAGATCGT_002,32
TTCACTTGTGGCAAGATCGT_003,39
TTCACTTGTGGCAAGATCGT_004,135
TTCACTTGTGGCAAGATCGT_005,57
TTCACTTGTGGCAAGATCGT_006,65
TTCACTTGTGGCAAGATCGT_007,90
TTCACTTGTGGCAAGATCGT_008,13
TTCACTTGTGGCAAGATCGT_009,11
GGGCTACACACCTGACATCG_001,44
GGGCTACACACCTGACATCG_002,61
GGGCTACACACCTGACATCG_003,166
GGGCTACACACCTGACATCG_004,117
AGCTTAATGTGCAGGTCAGA_001,94
AGCTTAATGTGCAGGTCAGA_002,19
AGCTTAATGTGCAGGTCAGA_003,1
AGCTTAATGTGCAGGTCAGA_004,149
AGCTTAATGTGCAGGTCAGA_005,174
AGCTTAATGTGCAGGTCAGA_006,70
AGCTTAATGTGCAGGTCAGA_007,129
AGCTTAATGTGCAGGTCAGA_008,12
AGCTTAATGTGCAGGTCAGA_009,41
AGCTTAATGTGCAGGTCAGA_010,147
AGCTTAATGTGCAGGTCAGA_011,166
AGCTTAATGTGCAGGTCAGA_012,41
AGCTTAATGTGCAGGTCAGA_013,15
AGCTTAATGTGCAGGTCAGA_014,47
AGCTTAATGTGCAGGTCAGA_015,62
AGCTTAATGTGCAGGTCAGA_016,136
AGCTTAATGTGCAGGTCAGA_017,40
TGCTCCGCCAGCGAGAGCGA_001,188
TGCTCCGCCAGCGAGAGCGA_002,2
TGCTCCGCCAGCGAGAGCGA_003,40
TGCTCCGCCAGCGAGAGCGA_004,72
TGCTCCGCCAGCGAGAGCGA_005,188
TGCTCCGCCAGCGAGAGCGA_006,40
TGCTCCGCCAGCGAGAGCGA_007,174
TCTTGCCGGAATGTCAGCCG_001,171
TCTTGCCGGAATGTCAGCCG_002,11
TCTTGCCGGAATGTCAGCCG_003,9
TCTTGCCGGAATGTCAGCCG_004,7
TCTTGCCGGAATGTCAGCCG_005,68
TCTTGCCGGAATGTCAGCCG_006,70
TCTTGCCGGAATGTCAGCCG_007,45
TCTTGCCGGAATGTCAGCCG_008,170
TCTTGCCGGAATGTCAGCCG_009,120
TCTTGCCGGAATGTCAGCCG_010,163
TCTTGCCGGAATGTCAGCCG_011,54
TCTTGCCGGAATGTCAGCCG_012,47
TCTTGCCGGAATGTCAGCCG_013,8
TCTTGCCGGAATGTCAGCCG_014,19
TCTTGCCGGAATGTCAGCCG_015,67
TCTTGCCGGAATGTCAGCCG_016,4
TCTTGCCGGAATGTCAGCCG_017,187
TCTTGCCGGAATGTCAGCCG_018,127
TCTTGCCGGAATGTCAGCCG_019,32
TCTTGCCGGAATGTCAGCCG_020,91
TCTTGCCGGAATGTCAGCCG_021,124
TCTTGCCGGAATGTCAGCCG_022,44
TTATAATGCTATGAAGACCA_001,9
TTATAATGCTATGAAGACCA_002,32
CTCTTCTGTATGTGATCGAG_001,101
CTCTTCTGTATGTGATCGAG_002,19
CTCTTCTGTATGTGATCGAG_003,59
CATAGGCCCCATCTTCTGTG_001,23
CATAGGCCCCATCTTCTGTG_002,147
CATAGGCCCCATCTTCTGTG_003,149
CATAGGCCCCATCTTCTGTG_004,184
CATAGGCCCCATCTTCTGTG_005,17
CATAGGCCCCATCTTCTGTG_006,9
CATAGGCCCCATCTTCTGTG_007,61
CATAGGCCCCATCTTCTGTG_008,49
CATAGGCCCCATCTTCTGTG_009,108
GGCTGGTGCCAAGTTCATTG_001,183
GGCTGGTGCCAAGTTCATTG_002,8
GGCTGGTGCCAAGTTCATTG_003,48
GGCTGGTGCCAAGTTCATTG_004,36
GGCTGGTGCCAAGTTCATTG_005,88
GGCTGGTGCCAAGTTCATTG_006,61
GGCTGGTGCCAAGTTCATTG_007,82
GGCTGGTGCCAAGTTCATTG_008,192
GGCTGGTGCCAAGTTCATTG_009,178
GGCTGGTGCCAAGTTCATTG_010,75
GGCTGGTGCCAAGTTCATTG_011,163
GGCTGGTGCCAAGTTCATTG_012,113
GGCTGGTGCCAAGTTCATTG_013,115
GGCTGGTGCCAAGTTCATTG_014,102
GGCTGGTGCCAAGTTCATTG_015,1
GGCTGGTGCCAAGTTCATTG_016,49
CTTGGCCTGCAAGTACCATG_001,81
CTTGGCCTGCAAGTACCATG_002,105
CTTGGCCTGCAAGTACCATG_003,193
CTTGGCCTGCAAGTACCATG_004,141
CTTGGCCTGCAAGTACCATG_005,127
CTTGGCCTGCAAGTACCATG_006,146
AGGGAGGGACCTCCCTATGA_001,80
AGGGAGGGACCTCCCTATGA_002,111
AGGGAGGGACCTCCCTATGA_003,6
AGGGAGGGACCTCCCTATGA_004,169
AGGGAGGGACCTCCCTATGA_005,140
AGGGAGGGACCTCCCTATGA_006,184
AGGGAGGGACCTCCCTATGA_007,11
AGGGAGGGACCTCCCTATGA_008,105
AGGGAGGGACCTCCCTATGA_009,199
AGGGAGGGACCTCCCTATGA_010,145
AGGGAGGGACCTCCCTATGA_011,193
AGGGAGGGACCTCCCTATGA_012,198
AGGGAGGGACCTCCCTATGA_013,119
AGGGAGGGACCTCCCTATGA_014,88
AGGGAGGGACCTCCCTATGA_015,150
AGGGAGGGACCTCCCTATGA_016,119
AGGGAGGGACCTCCCTATGA_017,34
AGGGAGGGACCTCCCTATGA_018,13
AGGGAGGGACCTCCCTATGA_019,101
AGGGAGGGACCTCCCTATGA_020,161
AGGGAGGGACCTCCCTATGA_021,40
AGGGAGGGACCTCCCTATGA_022,177
AGGGAGGGACCTCCCTATGA_023,108
AGGGAGGGACCTCCCTATGA_024,188
AGGGAGGGACCTCCCTATGA_025,77
AGGGAGGGACCTCCCTATGA_026,57
AGGGAGGGACCTCCCTATGA_027,89
AGGGAGGGACCTCCCTATGA_028,104
CCATCTCATCGAAAACACAT_001,144
CCATCTCATCGAAAACACAT_002,103
CCATCTCATCGAAAACACAT_003,92
CCATCTCATCGAAAACACAT_004,107
CCATCTCATCGAAAACACAT_005,2
CCATCTCATCGAAAACACAT_006,158
CCATCTCATCGAAAACACAT_007,37
CCATCTCATCGAAAACACAT_008,83
CCATCTCATCGAAAACACAT_009,5
CCATCTCATCGAAAACACAT_010,7
CCATCTCATCGAAAACACAT_011,96
CCATCTCATCGAAAACACAT_012,102
CCATCTCATCGAAAACACAT_013,134
CCATCTCATCGAAAACACAT_014,28
CCATCTCATCGAAAACACAT_015,35
AGAAAGGTTGCACTGAAACG_001,13
AGAAAGGTTGCACTGAAACG_002,184
AGAAAGGTTGCACTGAAACG_003,103
AGAAAGGTTGCACTGAAACG_004,151
AGAAAGGTTGCACTGAAACG_005,32
AGAAAGGTTGCACTGAAACG_006,175
ATCTCTGCCCTGCCACAGAG_001,162
ATCTCTGCCCTGCCACAGAG_002,149
ATCTCTGCCCTGCCACAGAG_003,105
ATCTCTGCCCTGCCACAGAG_004,187
ATCTCTGCCCTGCCACAGAG_005,145
ATCTCTGCCCTGCCACAGAG_006,84
ATCTCTGCCCTGCCACAGAG_007,84
ATCTCTGCCCTGCCACAGAG_008,151
ATCTCTGCCCTGCCACAGAG_009,179
ATCTCTGCCCTGCCACAGAG_010,35
TCCAGAGGACCCCCCCACAG_001,77
TCCAGAGGACCCCCCCACAG_002,94
TCCAGAGGACCCCCCCACAG_003,77
TCCAGAGGACCCCCCCACAG_004,127
TCCAGAGGACCCCCCCACAG_005,55
TCCAGAGGACCCCCCCACAG_006,149
TCCAGAGGACCCCCCCACAG_007,119
TCCAGAGGACCCCCCCACAG_008,81
TCCAGAGGACCCCCCCACAG_009,188
TCCAGAGGACCCCCCCACAG_010,187
TCCAGAGGACCCCCCCACAG_011,49
TCCAGAGGACCCCCCCACAG_012,17
GTAAGATAGACTGGCGGCAA_001,88
GTAAGATAGACTGGCGGCAA_002,5
GTAAGATAGACTGGCGGCAA_003,76
GTAAGATAGACTGGCGGCAA_004,51
GTGGGTCTGGAACTTCACGA_001,8
GTGGGTCTGGAACTTCACGA_002,172
GTGGGTCTGGAACTTCACGA_003,29
GTGGGTCTGGAACTTCACGA_004,127
GTGGGTCTGGAACTTCACGA_005,120
GTGGGTCTGGAACTTCACGA_006,29
GTGGGTCTGGAACTTCACGA_007,139
GTGGGTCTGGAACTTCACGA_008,115
GTGGGTCTGGAACTTCACGA_009,133
GTGGGTCTGGAACTTCACGA_010,8
GTGGGTCTGGAACTTCACGA_011,127
GTGGGTCTGGAACTTCACGA_012,1
GTGGGTCTGGAACTTCACGA_013,137
GTGGGTCTGGAACTTCACGA_014,137
GTGGGTCTGGAACTTCACGA_015,8
GTGGGTCTGGAACTTCACGA_016,61
GTGGGTCTGGAACTTCACGA_017,178
GTGGGTCTGGAACTTCACGA_018,170
TAAAGTTGTAAACTCAGACC_001,192
TAAAGTTGTAAACTCAGACC_002,29
ACGGACAGCCAGATGTAGTG_001,43
ACGGACAGCCAGATGTAGTG_002,92
ACGGACAGCCAGATGTAGTG_003,12
ACGGACAGCCAGATGTAGTG_004,94
ACGGACAGCCAGATGTAGTG_005,170
ACGGACAGCCAGATGTAGTG_006,168
ACGGACAGCCAGATGTAGTG_007,127
ACGGACAGCCAGATGTAGTG_008,124
ACGGACAGCCAGATGTAGTG_009,83
ACGGACAGCCAGATGTAGTG_010,140
ACGGACAGCCAGATGTAGTG_011,43
ACGGACAGCCAGATGTAGTG_012,6
ACGGACAGCCAGATGTAGTG_013,170
ACGGACAGCCAGATGTAGTG_014,91
ACGGACAGCCAGATGTAGTG_015,198
ACGGACAGCCAGATGTAGTG_016,52
ACGGACAGCCAGATGTAGTG_017,9
ACGGACAGCCAGATGTAGTG_018,76
ACGGACAGCCAGATGTAGTG_019,28
AAGCTCGCCTATTGAAGGAA_001,46
CGGCAGCGACACCCCGCAGC_001,132
CGGCAGCGACACCCCGCAGC_002,69
CGGCAGCGACACCCCGCAGC_003,99
CGGCAGCGACACCCCGCAGC_004,88
CGGCAGCGACACCCCGCAGC_005,198
CGGCAGCGACACCCCGCAGC_006,120
CGGCAGCGACACCCCGCAGC_007,74
CGGCAGCGACACCCCGCAGC_008,158
CGGCAGCGACACCCCGCAGC_009,17
CGGCAGCGACACCCCGCAGC_010,134
CGGCAGCGACACCCCGCAGC_011,112
CGGCAGCGACACCCCGCAGC_012,24
CGGCAGCGACACCCCGCAGC_013,43
CGGCAGCGACACCCCGCAGC_014,151
CGGCAGCGACACCCCGCAGC_015,42
CGGCAGCGACACCCCGCAGC_016,111
CGGCAGCGACACCCCGCAGC_017,160
CGGCAGCGACACCCCGCAGC_018,72
CGGCAGCGACACCCCGCAGC_019,14
CGGCAGCGACACCCCGCAGC_020,177
CGGCAGCGACACCCCGCAGC_021,12
CGGCAGCGACACCCCGCAGC_022,169
CGGCAGCGACACCCCGCAGC_023,158
CGGCAGCGACACCCCGCAGC_024,63
CGGCAGCGACACCCCGCAGC_025,84
CGGCAGCGACACCCCGCAGC_026,1
CGGCAGCGACACCCCGCAGC_027,134
CGGCAGCGACACCCCGCAGC_028,158
CGGCAGCGACACCCCGCAGC_029,150
CGGCAGCGACACCCCGCAGC_030,63
CGGCAGCGACACCCCGCAGC_031,1
CGGCAGCGACACCCCGCAGC_032,78
CGGCAGCGACACCCCGCAGC_033,82
CGGCAGCGACACCCCGCAGC_034,60
CGGCAGCGACACCCCGCAGC_035,177
GCCCGTTTACTACGCATGAA_001,39
GCCCGTTTACTACGCATGAA_002,48
GCCCGTTTACTACGCATGAA_003,146
GCCCGTTTACTACGCATGAA_004,152
GCCCGTTTACTACGCATGAA_005,24
GCCCGTTTACTACGCATGAA_006,9
GCCCGTTTACTACGCATGAA_007,10
GCCCGTTTACTACGCATGAA_008,184
GCCCGTTTACTACGCATGAA_009,165
AACTCTCGACACGGGCCCGG_001,51
AACTCTCGACACGGGCCCGG_002,130
AACTCTCGACACGGGCCCGG_003,191
AACTCTCGACACGGGCCCGG_004,189
AACTCTCGACACGGGCCCGG_005,0
AACTCTCGACACGGGCCCGG_006,186
AACTCTCGACACGGGCCCGG_007,119
AACTCTCGACACGGGCCCGG_008,182
AACTCTCGACACGGGCCCGG_009,44
AACTCTCGACACGGGCCCGG_010,70
AACTCTCGACACGGGCCCGG_011,69
AACTCTCGACACGGGCCCGG_012,84
AACTCTCGACACGGGCCCGG_013,1
AACTCTCGACACGGGCCCGG_014,157
AACTCTCGACACGGGCCCGG_015,118
AACTCTCGACACGGGCCCGG_016,43
AACTCTCGACACGGGCCCGG_017,186
AACTCTCGACACGGGCCCGG_018,107
AACTCTCGACACGGGCCCGG_019,62
AACTCTCGACACGGGCCCGG_020,115
AACTCTCGACACGGGCCCGG_021,163
AACTCTCGACACGGGCCCGG_022,191
AACTCTCGACACGGGCCCGG_023,199
AACTCTCGACACGGGCCCGG_024,19
AACTCTCGACACGGGCCCGG_025,198
AACTCTCGACACGGGCCCGG_026,19
AACTCTCGACACGGGCCCGG_027,25
GGCAGGGATGAGCTTACTAC_001,115
GGCAGGGATGAGCTTACTAC_002,147
GGCAGGGATGAGCTTACTAC_003,59
GGCAGGGATGAGCTTACTAC_004,134
GGCAGGGATGAGCTTACTAC_005,144
AACGTGGATTCAGGAAATTG_001,78
AACGTGGATTCAGGAAATTG_002,48
AACGTGGATTCAGGAAATTG_003,90
AACGTGGATTCAGGAAATTG_004,39
CTGTATGGGCCCTACATGTG_001,127
CTGTATGGGCCCTACATGTG_002,78
CTGTATGGGCCCTACATGTG_003,62
CTGTATGGGCCCTACATGTG_004,182
CTGTATGGGCCCTACATGTG_005,82
CTGTATGGGCCCTACATGTG_006,100
CTGTATGGGCCCTACATGTG_007,178
CTGTATGGGCCCTACATGTG_008,96
CTGTATGGGCCCTACATGTG_009,147
CTGTATGGGCCCTACATGTG_010,197
CTGTATGGGCCCTACATGTG_011,82
CTGTATGGGCCCTACATGTG_012,45
CTGTATGGGCCCTACATGTG_013,127
CTGTATGGGCCCTACATGTG_014,61
CTGTATGGGCCCTACATGTG_015,169
CTGTATGGGCCCTACATGTG_016,143
CTGTATGGGCCCTACATGTG_017,143
CTGTATGGGCCCTACATGTG_018,170
CTGTATGGGCCCTACATGTG_019,137
TCCCGGGCAGCGACTCCCGT_001,174
TCCCGGGCAGCGACTCCCGT_002,85
TCCCGGGCAGCGACTCCCGT_003,56
TCCCGGGCAGCGACTCCCGT_004,56
TCCCGGGCAGCGACTCCCGT_005,149
TCCCGGGCAGCGACTCCCGT_006,32
TCCCGGGCAGCGACTCCCGT_007,61
TCCCGGGCAGCGACTCCCGT_008,174
TCCCGGGCAGCGACTCCCGT_009,82
TCCCGGGCAGCGACTCCCGT_010,78
TCCCGGGCAGCGACTCCCGT_011,9
TCCCGGGCAGCGACTCCCGT_012,52
TCCCGGGCAGCGACTCCCGT_013,62
TCCCGGGCAGCGACTCCCGT_014,19
TCCCGGGCAGCGACTCCCGT_015,130
TCCCGGGCAGCGACTCCCGT_016,130
TCCCGGGCAGCGACTCCCGT_017,6
TCCCGGGCAGCGACTCCCGT_018,119
AGTTGATAATAAAACGTCTG_001,107
AGTTGATAATAAAACGTCTG_002,127
AGTTGATAATAAAACGTCTG_003,96
AGTTGATAATAAAACGTCTG_004,151
AGTTGATAATAAAACGTCTG_005,99
TCACAAGACTGCCTTACACA_001,187
TCACAAGACTGCCTTACACA_002,158
TCACAAGACTGCCTTACACA_003,128
TCACAAGACTGCCTTACACA_004,98
TCACAAGACTGCCTTACACA_005,178
TCACAAGACTGCCTTACACA_006,47
TCACAAGACTGCCTTACACA_007,146
TCGGACGCGGAACTCCGCAA_001,160
TCGGACGCGGAACTCCGCAA_002,156
TCGGACGCGGAACTCCGCAA_003,8
TCGGACGCGGAACTCCGCAA_004,63
AACCATCACTGAAACCCTGT_001,49
CAGGCTGCGGTAGCGACAGG_001,40
CAGGCTGCGGTAGCGACAGG_002,189
CAGGCTGCGGTAGCGACAGG_003,19
CAGGCTGCGGTAGCGACAGG_004,68
CAGGCTGCGGTAGCGACAGG_005,35
CAGGCTGCGGTAGCGACAGG_006,96
CAGGCTGCGGTAGCGACAGG_007,166
CAGGCTGCGGTAGCGACAGG_008,19
CAGGCTGCGGTAGCGACAGG_009,135
CAGGCTGCGGTAGCGACAGG_010,112
CAGGCTGCGGTAGCGACAGG_011,5
CAGGCTGCGGTAGCGACAGG_012,74
CAGGCTGCGGTAGCGACAGG_013,175
CAGGCTGCGGTAGCGACAGG_014,74
CAGGCTGCGGTAGCGACAGG_015,124
AATGTTATATTCCGTAAGGG_001,6
TAAATTCAGACCACAGCTAA_001,55
TAAATTCAGACCACAGCTAA_002,65
TAAATTCAGACCACAGCTAA_003,3
TAAATTCAGACCACAGCTAA_004,78
TAAATTCAGACCACAGCTAA_005,160
TAAATTCAGACCACAGCTAA_006,102
TAAATTCAGACCACAGCTAA_007,16
TAAATTCAGACCACAGCTAA_008,70
TAAATTCAGACCACAGCTAA_009,31
TAAATTCAGACCACAGCTAA_010,63
GAAATGCGCCACGATGTGGA_001,126
GAAATGCGCCACGATGTGGA_002,16
GAAATGCGCCACGATGTGGA_003,116
GAAATGCGCCACGATGTGGA_004,43
GAAATGCGCCACGATGTGGA_005,167
GAAATGCGCCACGATGTGGA_006,40
GAAATGCGCCACGATGTGGA_007,96
GAAATGCGCCACGATGTGGA_008,146
TGACAAGATCGCAGAGAACG_001,112
TGACAAGATCGCAGAGAACG_002,98
TGACAAGATCGCAGAGAACG_003,190
TGACAAGATCGCAGAGAACG_004,10
TGACAAGATCGCAGAGAACG_005,74
TGACAAGATCGCAGAGAACG_006,52
TGCTTACCCCATAACTTGTG_001,189
TGCTTACCCCATAACTTGTG_002,50
TGCTTACCCCATAACTTGTG_003,184
TGCTTACCCCATAACTTGTG_004,35
TGCTTACCCCATAACTTGTG_005,13
TGCTTACCCCATAACTTGTG_006,48
TGCTTACCCCATAACTTGTG_007,115
TGCTTACCCCATAACTTGTG_008,63
TGCTTACCCCATAACTTGTG_009,138
TGCTTACCCCATAACTTGTG_010,94
TGCTTACCCCATAACTTGTG_011,34
AGAAACCCAGCATCTGAGTG_001,88
AGAAACCCAGCATCTGAGTG_002,14
AGAAACCCAGCATCTGAGTG_003,177
AGAAACCCAGCATCTGAGTG_004,8
AGAAACCCAGCATCTGAGTG_005,137
AGAAACCCAGCATCTGAGTG_006,62
AGAAACCCAGCATCTGAGTG_007,58
AGAAACCCAGCATCTGAGTG_008,42
AGAAACCCAGCATCTGAGTG_009,20
AGAAACCCAGCATCTGAGTG_010,115
AGAAACCCAGCATCTGAGTG_011,187
AGAAACCCAGCATCTGAGTG_012,81
AGAAACCCAGCATCTGAGTG_013,106
CCAAGAAATTGACCCCACCA_001,154
CCAAGAAATTGACCCCACCA_002,122
CCAAGAAATTGACCCCACCA_003,11
CCAAGAAATTGACCCCACCA_004,176
CCAAGAAATTGACCCCACCA_005,127
CCAAGAAATTGACCCCACCA_006,129
CCAAGAAATTGACCCCACCA_007,77
CCAAGAAATTGACCCCACCA_008,67
CCAAGAAATTGACCCCACCA_009,172
CCAAGAAATTGACCCCACCA_010,56
CCAAGAAATTGACCCCACCA_011,175
CCAAGAAATTGACCCCACCA_012,59
CCAAGAAATTGACCCCACCA_013,96
CCAAGAAATTGACCCCACCA_014,151
CCAAGAAATTGACCCCACCA_015,158
TTTCTCCTCATACATCTCAG_001,9
TTTCTCCTCATACATCTCAG_002,29
TTTCTCCTCATACATCTCAG_003,46
TTTCTCCTCATACATCTCAG_004,3
AGTGCCAGCCCATCGCCCCG_001,2
AGTGCCAGCCCATCGCCCCG_002,58
AGTGCCAGCCCATCGCCCCG_003,76
AGTGCCAGCCCATCGCCCCG_004,76
CGGGATTGTCACCCTACGAA_001,49
CGGGATTGTCACCCTACGAA_002,96
CGGGATTGTCACCCTACGAA_003,52
CGGGATTGTCACCCTACGAA_004,15
CGGGATTGTCACCCTACGAA_005,144
CCTCACCCGGAAAGGCGCGA_001,59
CCTCACCCGGAAAGGCGCGA_002,116
CCTCACCCGGAAAGGCGCGA_003,101
CCTCACCCGGAAAGGCGCGA_004,40
CCTCACCCGGAAAGGCGCGA_005,41
CCTCACCCGGAAAGGCGCGA_006,176
CCTCACCCGGAAAGGCGCGA_007,52
AAAGTATTGAACGTTCTCAT_001,56
AAAGTATTGAACGTTCTCAT_002,191
AAAGTATTGAACGTTCTCAT_003,172
AAAGTATTGAACGTTCTCAT_004,182
AAAGTATTGAACGTTCTCAT_005,29
AAAGTATTGAACGTTCTCAT_006,115
AAAGTATTGAACGTTCTCAT_007,109
AAAGTATTGAACGTTCTCAT_008,188
CCATGGAGCACTTTGGGTAC_001,131
CCATGGAGCACTTTGGGTAC_002,163
CCATGGAGCACTTTGGGTAC_003,15
CCATGGAGCACTTTGGGTAC_004,116
CCATGGAGCACTTTGGGTAC_005,37
CCATGGAGCACTTTGGGTAC_006,170
GGCACGCTTAACATGGACCG_001,29
GGCACGCTTAACATGGACCG_002,49
GGCACGCTTAACATGGACCG_003,166
GGCACGCTTAACATGGACCG_004,68
GGCACGCTTAACATGGACCG_005,40
GGCACGCTTAACATGGACCG_006,98
GGCACGCTTAACATGGACCG_007,4
GGCACGCTTAACATGGACCG_008,43
GGCACGCTTAACATGGACCG_009,188
GGCACGCTTAACATGGACCG_010,79
GAGGATCCAGAGTCATAAAG_001,120
GAGGATCCAGAGTCATAAAG_002,28
GAGGATCCAGAGTCATAAAG_003,162
GAGGATCCAGAGTCATAAAG_004,74
GAGGATCCAGAGTCATAAAG_005,28
GAGGATCCAGAGTCATAAAG_006,55
GAGGATCCAGAGTCATAAAG_007,10
TTACCGTCTGCCATTCAATG_001,115
TTACCGTCTGCCATTCAATG_002,118
TTACCGTCTGCCATTCAATG_003,116
TTACCGTCTGCCATTCAATG_004,116
TTACCGTCTGCCATTCAATG_005,17
TTACCGTCTGCCATTCAATG_006,96
ACCTTCTCCAACTAATATCG_001,182
ACCTTCTCCAACTAATATCG_002,2
ACCTTCTCCAACTAATATCG_003,184
ACCTTCTCCAACTAATATCG_004,162
ACCTTCTCCAACTAATATCG_005,110
ACCTTCTCCAACTAATATCG_006,55
TGTGCTCTTGTCCTTCGGTG_001,5
TGTGCTCTTGTCCTTCGGTG_002,105
TGTGCTCTTGTCCTTCGGTG_003,49
TGTGCTCTTGTCCTTCGGTG_004,116
TGTGCTCTTGTCCTTCGGTG_005,15
TGTGCTCTTGTCCTTCGGTG_006,169
TGTGCTCTTGTCCTTCGGTG_007,89
AAGCAAATCTTGTAACCCCG_001,148
AAGCAAATCTTGTAACCCCG_002,104
AAGCAAATCTTGTAACCCCG_003,118
AAGCAAATCTTGTAACCCCG_004,99
CTTATAGATAGCGACCAGCT_001,23
CTTATAGATAGCGACCAGCT_002,116
CTTATAGATAGCGACCAGCT_003,6
CTTATAGATAGCGACCAGCT_004,174
AACAATTATGAGCCCCGCAG_001,156
AACAATTATGAGCCCCGCAG_002,78
AACAATTATGAGCCCCGCAG_003,2
CTTATCAAGATCATGCCAAG_001,8
CTTATCAAGATCATGCCAAG_002,168
CTTATCAAGATCATGCCAAG_003,158
CTTATCAAGATCATGCCAAG_004,43
CTTATCAAGATCATGCCAAG_005,38
CTTATCAAGATCATGCCAAG_006,191
CTTATCAAGATCATGCCAAG_007,169
CTTATCAAGATCATGCCAAG_008,184
CTTATCAAGATCATGCCAAG_009,103
CTTATCAAGATCATGCCAAG_010,56
ATAACATGCAACATATAATG_001,192
ATAACATGCAACATATAATG_002,180
ATAGCATGTCTCCAAATCAG_001,125
ATAGCATGTCTCCAAATCAG_002,68
ATAGCATGTCTCCAAATCAG_003,69
ATAGCATGTCTCCAAATCAG_004,130
ATAGCATGTCTCCAAATCAG_005,1
ACAGCGTGCTCAGCATACGT_001,96
ACAGCGTGCTCAGCATACGT_002,199
ACAGCGTGCTCAGCATACGT_003,19
ACAGCGTGCTCAGCATACGT_004,47
ACAGCGTGCTCAGCATACGT_005,34
ACAGCGTGCTCAGCATACGT_006,174
CTTGGGCCGAAAATGCCATG_001,132
CTTGGGCCGAAAATGCCATG_002,76
CTTGGGCCGAAAATGCCATG_003,130
CTTGGGCCGAAAATGCCATG_004,41
CTTGGGCCGAAAATGCCATG_005,45
CTTGGGCCGAAAATGCCATG_006,85
CTTGGGCCGAAAATGCCATG_007,95
CTTGGGCCGAAAATGCCATG_008,60
CTTGGGCCGAAAATGCCATG_009,163
CTTGGGCCGAAAATGCCATG_010,11
CTTGGGCCGAAAATGCCATG_011,163
CTTGGGCCGAAAATGCCATG_012,99
CTTGGGCCGAAAATGCCATG_013,138
CTTGGGCCGAAAATGCCATG_014,170
CTTGGGCCGAAAATGCCATG_015,97
CTTGGGCCGAAAATGCCATG_016,142
CTGAGCCCCAGCACCCACAT_001,193
CTGAGCCCCAGCACCCACAT_002,54
CTGAGCCCCAGCACCCACAT_003,60
CTGAGCCCCAGCACCCACAT_004,49
CTGAGCCCCAGCACCCACAT_005,30
CTGAGCCCCAGCACCCACAT_006,123
CTGAGCCCCAGCACCCACAT_007,143
CTGAGCCCCAGCACCCACAT_008,179
CTGAGCCCCAGCACCCACAT_009,82
CTGAGCCCCAGCACCCACAT_010,137
CTGAGCCCCAGCACCCACAT_011,130
CTGAGCCCCAGCACCCACAT_012,147
CTGAGCCCCAGCACCCACAT_013,177
CTGAGCCCCAGCACCCACAT_014,119
CTGAGCCCCAGCACCCACAT_015,169
CTGAGCCCCAGCACCCACAT_016,132
CTGAGCCCCAGCACCCACAT_017,57
CTGAGCCCCAGCACCCACAT_018,14
CTGAGCCCCAGCACCCACAT_019,7
CTGAGCCCCAGCACCCACAT_020,7
CTGAGCCCCAGCACCCACAT_021,57
CTGAGCCCCAGCACCCACAT_022,137
CTGAGCCCCAGCACCCACAT_023,15
CTGAGCCCCAGCACCCACAT_024,198
AGAGATGAGCTACATGTCCG_001,23
AGAGATGAGCTACATGTCCG_002,114
AGAGATGAGCTACATGTCCG_003,141
AGAGATGAGCTACATGTCCG_004,198
AGGAACGTGTCCACGCGCCA_001,8
AGGAACGTGTCCACGCGCCA_002,42
AGGAACGTGTCCACGCGCCA_003,60
AGGAACGTGTCCACGCGCCA_004,67
AGGAACGTGTCCACGCGCCA_005,49
AGGAACGTGTCCACGCGCCA_006,124
AGGAACGTGTCCACGCGCCA_007,73
AGGAACGTGTCCACGCGCCA_008,154
AGGAACGTGTCCACGCGCCA_009,43
AGGAACGTGTCCACGCGCCA_010,125
AGGAACGTGTCCACGCGCCA_011,19
AGGAACGTGTCCACGCGCCA_012,178
AGGAACGTGTCCACGCGCCA_013,197
AGGAACGTGTCCACGCGCCA_014,109
AGGAACGTGTCCACGCGCCA_015,62
AGGAACGTGTCCACGCGCCA_016,191
AGGAACGTGTCCACGCGCCA_017,27
AGGAACGTGTCCACGCGCCA_018,16
CCTCGCCGCTACCCTCGGCG_001,34
CCTCGCCGCTACCCTCGGCG_002,81
GGATCTGATCACACCCACAG_001,74
GGATCTGATCACACCCACAG_002,161
GGATCTGATCACACCCACAG_003,116
GGATCTGATCACACCCACAG_004,158
GGATCTGATCACACCCACAG_005,26
AGCACTCGGCAAAATTGGGG_001,99
AGCACTCGGCAAAATTGGGG_002,115
AGCACTCGGCAAAATTGGGG_003,95
AGCACTCGGCAAAATTGGGG_004,2
AGCACTCGGCAAAATTGGGG_005,44
AGCACTCGGCAAAATTGGGG_006,183
AGCACTCGGCAAAATTGGGG_007,19
AGCACTCGGCAAAATTGGGG_008,145
AGCACTCGGCAAAATTGGGG_009,189
AGCACTCGGCAAAATTGGGG_010,67
AGCACTCGGCAAAATTGGGG_011,43
AGCACTCGGCAAAATTGGGG_012,35
AGCACTCGGCAAAATTGGGG_013,43
AGCACTCGGCAAAATTGGGG_014,156
AACGGGTCGCAGACTTCCAG_001,15
AACGGGTCGCAGACTTCCAG_002,181
AACGGGTCGCAGACTTCCAG_003,171
AACGGGTCGCAGACTTCCAG_004,41
AACGGGTCGCAGACTTCCAG_005,82
AACGGGTCGCAGACTTCCAG_006,174
AACGGGTCGCAGACTTCCAG_007,50
GAGGAAAGCTCCTTAAACAC_001,111
GAGGAAAGCTCCTTAAACAC_002,58
GAGGAAAGCTCCTTAAACAC_003,29
GCTGAAGTCACCTATACGCG_001,107
GCTGAAGTCACCTATACGCG_002,38
GTCCATGATGGTGTAGACGG_001,36
GTCCATGATGGTGTAGACGG_002,170
GTCCATGATGGTGTAGACGG_003,71
AAAAGAGCAGCATCAGACAA_001,65
AAAAGAGCAGCATCAGACAA_002,29
AAAAGAGCAGCATCAGACAA_003,169
AAAAGAGCAGCATCAGACAA_004,144
AAAAGAGCAGCATCAGACAA_005,61
ATCAGCACTTTCATAGACAA_001,108
ATCAGCACTTTCATAGACAA_002,197
ATGATGAGAGGCTCTCGCAG_001,56
ATGATGAGAGGCTCTCGCAG_002,48
ATGATGAGAGGCTCTCGCAG_003,77
ATGATGAGAGGCTCTCGCAG_004,191
ATGATGAGAGGCTCTCGCAG_005,198
ATGATGAGAGGCTCTCGCAG_006,22
ATGATGAGAGGCTCTCGCAG_007,80
ATGATGAGAGGCTCTCGCAG_008,83
ATGATGAGAGGCTCTCGCAG_009,172
ATGATGAGAGGCTCTCGCAG_010,175
ATGATGAGAGGCTCTCGCAG_011,86
ATGATGAGAGGCTCTCGCAG_012,52
ATGATGAGAGGCTCTCGCAG_013,20
ATGATGAGAGGCTCTCGCAG_014,38
ATGATGAGAGGCTCTCGCAG_015,141
ATGATGAGAGGCTCTCGCAG_016,94
ATGATGAGAGGCTCTCGCAG_017,55
ATGATGAGAGGCTCTCGCAG_018,34
ATGATGAGAGGCTCTCGCAG_019,172
ATGATGAGAGGCTCTCGCAG_020,7
ATGATGAGAGGCTCTCGCAG_021,28
ATGATGAGAGGCTCTCGCAG_022,94
ATGATGAGAGGCTCTCGCAG_023,105
ATGATGAGAGGCTCTCGCAG_024,88
ATGATGAGAGGCTCTCGCAG_025,50
ATGATGAGAGGCTCTCGCAG_026,66
ATGATGAGAGGCTCTCGCAG_027,104
ATGATGAGAGGCTCTCGCAG_028,122
ATGATGAGAGGCTCTCGCAG_029,77
ATGATGAGAGGCTCTCGCAG_030,166
ATGATGAGAGGCTCTCGCAG_031,183
ATGATGAGAGGCTCTCGCAG_032,88
ATGATGAGAGGCTCTCGCAG_033,19
ATGATGAGAGGCTCTCGCAG_034,124
CCGGCACAACCTCTACGTTG_001,119
CCGGCACAACCTCTACGTTG_002,70
CCGGCACAACCTCTACGTTG_003,10
CCGGCACAACCTCTACGTTG_004,141
CCGGCACAACCTCTACGTTG_005,127
CCGGCACAACCTCTACGTTG_006,104
CCGGCACAACCTCTACGTTG_007,19
CCGGCACAACCTCTACGTTG_008,66
CCGGCACAACCTCTACGTTG_009,63
CTGACTTCTGTCACCTAATG_001,133
CTGACTTCTGTCACCTAATG_002,1
CTGACTTCTGTCACCTAATG_003,150
CTGACTTCTGTCACCTAATG_004,102
CTGACTTCTGTCACCTAATG_005,191
CTGACTTCTGTCACCTAATG_006,190
CTGACTTCTGTCACCTAATG_007,7
TGAAGTATCCAGCGCTCATT_001,198
TGAAGTATCCAGCGCTCATT_002,137
TGAAGTATCCAGCGCTCATT_003,197
TGAAGTATCCAGCGCTCATT_004,23
TGAAGTATCCAGCGCTCATT_005,94
TGAAGTATCCAGCGCTCATT_006,189
CAATACAATATGCCACAGGG_001,142
CAATACAATATGCCACAGGG_002,82
CAATACAATATGCCACAGGG_003,141
CAATACAATATGCCACAGGG_004,41
CAATACAATATGCCACAGGG_005,150
CAATACAATATGCCACAGGG_006,1
CAATACAATATGCCACAGGG_007,94
CAATACAATATGCCACAGGG_008,12
CAATACAATATGCCACAGGG_009,172
CAATACAATATGCCACAGGG_010,198
CAATACAATATGCCACAGGG_011,43
CAGACAGCTGACATCAGTTG_001,96
CAGACAGCTGACATCAGTTG_002,180
GATACTTGGCCAAAGGACGT_001,119
GATACTTGGCCAAAGGACGT_002,172
CAGGACGGTGGAAGTACCTG_001,19
CAGGACGGTGGAAGTACCTG_002,19
CAGGACGGTGGAAGTACCTG_003,158
CAGGACGGTGGAAGTACCTG_004,35
CAGGACGGTGGAAGTACCTG_005,78
CAGGACGGTGGAAGTACCTG_006,134
CAGGACGGTGGAAGTACCTG_007,184
CAGGACGGTGGAAGTACCTG_008,140
CAGGACGGTGGAAGTACCTG_009,188
CAGGACGGTGGAAGTACCTG_010,19
CAGGACGGTGGAAGTACCTG_011,191
CAGGACGGTGGAAGTACCTG_012,191
CAGGACGGTGGAAGTACCTG_013,180
CAGGACGGTGGAAGTACCTG_014,49
CAGGACGGTGGAAGTACCTG_015,178
TCAGGTAGTCGGTGAGATCG_001,41
TCAGGTAGTCGGTGAGATCG_002,102
TCAGGTAGTCGGTGAGATCG_003,121
TCAGGTAGTCGGTGAGATCG_004,92
TCAGGTAGTCGGTGAGATCG_005,78
TCAGGTAGTCGGTGAGATCG_006,33
AAGCTTGAATCAGAGAACGA_001,106
AAGCTTGAATCAGAGAACGA_002,199
AAGCTTGAATCAGAGAACGA_003,70
AAGCTTGAATCAGAGAACGA_004,163
AAGCTTGAATCAGAGAACGA_005,101
AAGCTTGAATCAGAGAACGA_006,172
CAAAGCAATCCACCGCATTG_001,43
CAAAGCAATCCACCGCATTG_002,151
CAAAGCAATCCACCGCATTG_003,148
CAAAGCAATCCACCGCATTG_004,43
CAAAGCAATCCACCGCATTG_005,15
CAAAGCAATCCACCGCATTG_006,148
CAAAGCAATCCACCGCATTG_007,156
CAAAGCAATCCACCGCATTG_008,88
CAAAGCAATCCACCGCATTG_009,47
CAAAGCAATCCACCGCATTG_010,126
CAAAGCAATCCACCGCATTG_011,8
CAAAGCAATCCACCGCATTG_012,136
CAAAGCAATCCACCGCATTG_013,104
CAAAGCAATCCACCGCATTG_014,19
CAAAGCAATCCACCGCATTG_015,43
CAAAGCAATCCACCGCATTG_016,38
GGCCTCATAGATGCCCGTAG_001,105
GGCCTCATAGATGCCCGTAG_002,146
GGCCTCATAGATGCCCGTAG_003,94
GGCCTCATAGATGCCCGTAG_004,116
GGCCTCATAGATGCCCGTAG_005,138
GGCCTCATAGATGCCCGTAG_006,174
GGCCTCATAGATGCCCGTAG_007,188
CGAAGACTTAACTCCCGATG_001,182
CGAAGACTTAACTCCCGATG_002,144
GGGGCTGCTGTAGTAGCGAG_001,127
GGGGCTGCTGTAGTAGCGAG_002,23
GGGGCTGCTGTAGTAGCGAG_003,69
GGGGCTGCTGTAGTAGCGAG_004,11
GGGGCTGCTGTAGTAGCGAG_005,62
GGGGCTGCTGTAGTAGCGAG_006,133
AACATCTCCCACTACCACGT_001,160
AACATCTCCCACTACCACGT_002,105
AACATCTCCCACTACCACGT_003,170
AACATCTCCCACTACCACGT_004,16
AACATCTCCCACTACCACGT_005,98
AACATCTCCCACTACCACGT_006,189
ATCCAATGTGTTCATAGATG_001,154
ATCCAATGTGTTCATAGATG_002,54
ATCCAATGTGTTCATAGATG_003,130
ATAAACTGGGTCATCAGCGT_001,59
ATAAACTGGGTCATCAGCGT_002,3
ATAAACTGGGTCATCAGCGT_003,169
ATAAACTGGGTCATCAGCGT_004,45
ATAAACTGGGTCATCAGCGT_005,94
ATAAACTGGGTCATCAGCGT_006,1
ATAAACTGGGTCATCAGCGT_007,162
ATAAACTGGGTCATCAGCGT_008,56
ATAAACTGGGTCATCAGCGT_009,20
ATAAACTGGGTCATCAGCGT_010,113
ATAAACTGGGTCATCAGCGT_011,177
ATAAACTGGGTCATCAGCGT_012,184
ATAAACTGGGTCATCAGCGT_013,61
ATAAACTGGGTCATCAGCGT_014,52
ATAAACTGGGTCATCAGCGT_015,121
TTCCAGGTTCCGAAACAATG_001,33
TTCCAGGTTCCGAAACAATG_002,130
TTCCAGGTTCCGAAACAATG_003,60
TTCCAGGTTCCGAAACAATG_004,143
TTCCAGGTTCCGAAACAATG_005,170
TTCCAGGTTCCGAAACAATG_006,144
AGCTGGCCACGAAATACGAG_001,174
AGCTGGCCACGAAATACGAG_002,88
AGCTGGCCACGAAATACGAG_003,58
AGCTGGCCACGAAATACGAG_004,15
AGCTGGCCACGAAATACGAG_005,187
AGCTGGCCACGAAATACGAG_006,93
AGCTGGCCACGAAATACGAG_007,1
AGCTGGCCACGAAATACGAG_008,146
AGCTGGCCACGAAATACGAG_009,16
AGCTGGCCACGAAATACGAG_010,45
AGCTGGCCACGAAATACGAG_011,91
AGCTGGCCACGAAATACGAG_012,27
AGCTGGCCACGAAATACGAG_013,169
GGCCGGCTTTACGTCAACAG_001,122
GGCCGGCTTTACGTCAACAG_002,163
GGCCGGCTTTACGTCAACAG_003,17
GGCCGGCTTTACGTCAACAG_004,154
GGCCGGCTTTACGTCAACAG_005,50
GGCCGGCTTTACGTCAACAG_006,194
GGCCGGCTTTACGTCAACAG_007,149
GGCCGGCTTTACGTCAACAG_008,140
GGCCGGCTTTACGTCAACAG_009,67
GGCCGGCTTTACGTCAACAG_010,169
GGCCGGCTTTACGTCAACAG_011,194
GGCCGGCTTTACGTCAACAG_012,195
GGCCGGCTTTACGTCAACAG_013,56
GGCCGGCTTTACGTCAACAG_014,147
GGCCGGCTTTACGTCAACAG_015,2
GGCCGGCTTTACGTCAACAG_016,8
GGCCGGCTTTACGTCAACAG_017,138
GGCCGGCTTTACGTCAACAG_018,149
GGCCGGCTTTACGTCAACAG_019,40
GGCCGGCTTTACGTCAACAG_020,88
GGCCGGCTTTACGTCAACAG_021,155
GGCCGGCTTTACGTCAACAG_022,75
CTTAGCGCGCTCTCGCCGTG_001,118
CACGACACGAGACCCGCCCA_001,174
CACGACACGAGACCCGCCCA_002,30
CACGACACGAGACCCGCCCA_003,69
CACGACACGAGACCCGCCCA_004,16
CACGACACGAGACCCGCCCA_005,67
CACGACACGAGACCCGCCCA_006,15
CACGACACGAGACCCGCCCA_007,187
CACGACACGAGACCCGCCCA_008,31
CACGACACGAGACCCGCCCA_009,95
CACGACACGAGACCCGCCCA_010,155
TAAGAAACCCATACATGTAA_001,155
TAAGAAACCCATACATGTAA_002,108
TAAGAAACCCATACATGTAA_003,77
TAAGAAACCCATACATGTAA_004,31
TAAGAAACCCATACATGTAA_005,112
GCAGTGGCTTTGCAACCATG_001,34
GCAGTGGCTTTGCAACCATG_002,50
GCAGTGGCTTTGCAACCATG_003,38
GCAGTGGCTTTGCAACCATG_004,147
GCAGTGGCTTTGCAACCATG_005,130
GCAGTGGCTTTGCAACCATG_006,19
GCAGTGGCTTTGCAACCATG_007,190
GCAGTGGCTTTGCAACCATG_008,146
GCAGTGGCTTTGCAACCATG_009,175
GCAGTGGCTTTGCAACCATG_010,180
GCAGTGGCTTTGCAACCATG_011,10
GCAGTGGCTTTGCAACCATG_012,69
TGGCAAATATGAGCGCACAA_001,15
TGGCAAATATGAGCGCACAA_002,8
TGGCAAATATGAGCGCACAA_003,157
TGGCAAATATGAGCGCACAA_004,98
TGGCAAATATGAGCGCACAA_005,63
TGGCAAATATGAGCGCACAA_006,66
TGGCAAATATGAGCGCACAA_007,57
GAGTCCAAGTCAGGAATGCA_001,65
GAGTCCAAGTCAGGAATGCA_002,126
GAGTCCAAGTCAGGAATGCA_003,94
GAGTCCAAGTCAGGAATGCA_004,150
GAGTCCAAGTCAGGAATGCA_005,186
GAGTCCAAGTCAGGAATGCA_006,163
GAGTCCAAGTCAGGAATGCA_007,159
GAGTCCAAGTCAGGAATGCA_008,150
GAGTCCAAGTCAGGAATGCA_009,88
GACTTTGGACAAAACAGGGG_001,6
GACTTTGGACAAAACAGGGG_002,158
GACTTTGGACAAAACAGGGG_003,58
GACTTTGGACAAAACAGGGG_004,81
GACTTTGGACAAAACAGGGG_005,70
TGTCTTGCTATGGAATATGG_001,48
TGTCTTGCTATGGAATATGG_002,198
TGTCTTGCTATGGAATATGG_003,175
TAACGTGCGCAGAAGAAGGA_001,133
TGAGTTCTACATTCAAACGA_001,161
TGAGTTCTACATTCAAACGA_002,178
TGAGTTCTACATTCAAACGA_003,102
TCCTGCAAAGATCCCTACGG_001,2
TCCTGCAAAGATCCCTACGG_002,72
TCCTGCAAAGATCCCTACGG_003,123
TCCTGCAAAGATCCCTACGG_004,95
TCCTGCAAAGATCCCTACGG_005,29
CAGTGAGACCCTGTGCGGCG_001,189
CAGTGAGACCCTGTGCGGCG_002,177
CAGTGAGACCCTGTGCGGCG_003,43
CAGTGAGACCCTGTGCGGCG_004,14
CAGTGAGACCCTGTGCGGCG_005,49
CAGTGAGACCCTGTGCGGCG_006,138
GCTGTTCGGGACTATCACAT_001,78
GCTGTTCGGGACTATCACAT_002,159
GCTGTTCGGGACTATCACAT_003,146
GCTGTTCGGGACTATCACAT_004,149
GCTGTTCGGGACTATCACAT_005,101
GCTGTTCGGGACTATCACAT_006,105
GCTGTTCGGGACTATCACAT_007,50
GCTGTTCGGGACTATCACAT_008,148
GCTGTTCGGGACTATCACAT_009,63
GCTGTTCGGGACTATCACAT_010,35
GCTGTTCGGGACTATCACAT_011,120
GCTGTTCGGGACTATCACAT_012,41
GCTGTTCGGGACTATCACAT_013,44
GGATGATCCTTAGAAAAGAG_001,172
GGATGATCCTTAGAAAAGAG_002,84
GGATGATCCTTAGAAAAGAG_003,131
GGCTGGTGACCCTGACAGCG_001,108
GGCTGGTGACCCTGACAGCG_002,36
GGCTGGTGACCCTGACAGCG_003,103
GGCTGGTGACCCTGACAGCG_004,188
GGCTGGTGACCCTGACAGCG_005,100
GGCTGGTGACCCTGACAGCG_006,46
GGCTGGTGACCCTGACAGCG_007,91
GGCTGGTGACCCTGACAGCG_008,56
GGCTGGTGACCCTGACAGCG_009,104
GGCTGGTGACCCTGACAGCG_010,39
TTCACAGTAATAACTAATGG_001,115
TTCACAGTAATAACTAATGG_002,84
ACTAGATGCTGTATGTAATG_001,160
CGAACTCTCCCGGCAGATCG_001,0
CGAACTCTCCCGGCAGATCG_002,158
CGAACTCTCCCGGCAGATCG_003,65
CGAACTCTCCCGGCAGATCG_004,160
CGAACTCTCCCGGCAGATCG_005,113
CGAACTCTCCCGGCAGATCG_006,42
GCACCTGCGGAGGTGCCTAA_001,88
GCACCTGCGGAGGTGCCTAA_002,194
GCACCTGCGGAGGTGCCTAA_003,133
GCACCTGCGGAGGTGCCTAA_004,169
GCACCTGCGGAGGTGCCTAA_005,50
GCACCTGCGGAGGTGCCTAA_006,115
GCACCTGCGGAGGTGCCTAA_007,70
GAAGAAGAATGCCTGCTGCA_001,77
GAAGAAGAATGCCTGCTGCA_002,58
GAAGAAGAATGCCTGCTGCA_003,40
GAAGAAGAATGCCTGCTGCA_004,173
GAAGAAGAATGCCTGCTGCA_005,102
GAAGAAGAATGCCTGCTGCA_006,163
GAAGAAGAATGCCTGCTGCA_007,193
GAAGAAGAATGCCTGCTGCA_008,90
GAAGAAGAATGCCTGCTGCA_009,174
GAAGAAGAATGCCTGCTGCA_010,86
GAAGAAGAATGCCTGCTGCA_011,197
ACACGTACCGCTGAGCACGT_001,27
ACACGTACCGCTGAGCACGT_002,94
ACACGTACCGCTGAGCACGT_003,144
ACACGTACCGCTGAGCACGT_004,55
ACACGTACCGCTGAGCACGT_005,116
ACACGTACCGCTGAGCACGT_006,58
ACACGTACCGCTGAGCACGT_007,10
ACACGTACCGCTGAGCACGT_008,190
ACACGTACCGCTGAGCACGT_009,48
ACACGTACCGCTGAGCACGT_010,132
GCAGCCACTCGAGTTCTCAG_001,132
GCAGCCACTCGAGTTCTCAG_002,174
GCAGCCACTCGAGTTCTCAG_003,174
GCAGCCACTCGAGTTCTCAG_004,48
GCAGCCACTCGAGTTCTCAG_005,138
GCAGCCACTCGAGTTCTCAG_006,61
GCAGCCACTCGAGTTCTCAG_007,45
GAGGCGGAAGGGTAAAGCCG_001,89
GAGGCGGAAGGGTAAAGCCG_002,191
GAGGCGGAAGGGTAAAGCCG_003,118
GAGGCGGAAGGGTAAAGCCG_004,20
GAGGCGGAAGGGTAAAGCCG_005,88
GAGGCGGAAGGGTAAAGCCG_006,78
GAGGCGGAAGGGTAAAGCCG_007,21
GAGGCGGAAGGGTAAAGCCG_008,122
GAGGCGGAAGGGTAAAGCCG_009,119
GAGGCGGAAGGGTAAAGCCG_010,76
GAGGCGGAAGGGTAAAGCCG_011,127
GAGGCGGAAGGGTAAAGCCG_012,184
GAGGCGGAAGGGTAAAGCCG_013,175
GAGGCGGAAGGGTAAAGCCG_014,0
GAGGCGGAAGGGTAAAGCCG_015,94
GAGGCGGAAGGGTAAAGCCG_016,121
GAGGCGGAAGGGTAAAGCCG_017,33
GAGGCGGAAGGGTAAAGCCG_018,16
GAGGCGGAAGGGTAAAGCCG_019,83
GAGGCGGAAGGGTAAAGCCG_020,103
GAGGCGGAAGGGTAAAGCCG_021,25
GAGGCGGAAGGGTAAAGCCG_022,101
GAGGCGGAAGGGTAAAGCCG_023,28
GAGGCGGAAGGGTAAAGCCG_024,77
TGAGCTCCAAAGGCCAGGTG_001,41
TGAGCTCCAAAGGCCAGGTG_002,156
TGAGCTCCAAAGGCCAGGTG_003,45
TGAGCTCCAAAGGCCAGGTG_004,125
TGAGCTCCAAAGGCCAGGTG_005,145
TGAGCTCCAAAGGCCAGGTG_006,75
TGAGCTCCAAAGGCCAGGTG_007,155
TGAGCTCCAAAGGCCAGGTG_008,93
TGAGCTCCAAAGGCCAGGTG_009,121
TGAGCTCCAAAGGCCAGGTG_010,127
TGAGCTCCAAAGGCCAGGTG_011,66
TGAGCTCCAAAGGCCAGGTG_012,88
TGAGCTCCAAAGGCCAGGTG_013,74
TGAGCTCCAAAGGCCAGGTG_014,74
AATTGTCCGGGGTCAAACAG_001,194
AATTGTCCGGGGTCAAACAG_002,107
AATTGTCCGGGGTCAAACAG_003,139
AATTGTCCGGGGTCAAACAG_004,154
AATTGTCCGGGGTCAAACAG_005,76
AATTGTCCGGGGTCAAACAG_006,49
AATTGTCCGGGGTCAAACAG_007,102
CAGCATCTCATACACACGCG_001,70
CAGCATCTCATACACACGCG_002,50
CAGCATCTCATACACACGCG_003,102
CAGCATCTCATACACACGCG_004,125
CAGCATCTCATACACACGCG_005,28
CAGCATCTCATACACACGCG_006,170
CAGCATCTCATACACACGCG_007,158
CAGCATCTCATACACACGCG_008,65
CAGCATCTCATACACACGCG_009,98
CAGCATCTCATACACACGCG_010,2
CAGCATCTCATACACACGCG_011,187
CAGCATCTCATACACACGCG_012,16
CAGCATCTCATACACACGCG_013,40
CAGCATCTCATACACACGCG_014,131
GCAGTTCTCGCAGTAGATGT_001,99
GCAGTTCTCGCAGTAGATGT_002,76
GCAGTTCTCGCAGTAGATGT_003,175
GCAGTTCTCGCAGTAGATGT_004,114
GCAGTTCTCGCAGTAGATGT_005,172
GCAGTTCTCGCAGTAGATGT_006,172
GCAGTTCTCGCAGTAGATGT_007,81
GCAGTTCTCGCAGTAGATGT_008,14
GCAGTTCTCGCAGTAGATGT_009,175
GCAGTTCTCGCAGTAGATGT_010,29
GGAAAAGAAGTACACGCTGG_001,12
GGAAAAGAAGTACACGCTGG_002,75
GGAAAAGAAGTACACGCTGG_003,48
GGAAAAGAAGTACACGCTGG_004,174
GGAAAAGAAGTACACGCTGG_005,188
GGAAAAGAAGTACACGCTGG_006,97
GGAAAAGAAGTACACGCTGG_007,32
GGAAAAGAAGTACACGCTGG_008,83
GGCTCCTGGTGGATAAAACA_001,52
GGCTCCTGGTGGATAAAACA_002,58
GGCTCCTGGTGGATAAAACA_003,148
GGCTCCTGGTGGATAAAACA_004,78
GGCTCCTGGTGGATAAAACA_005,107
GGCTCCTGGTGGATAAAACA_006,29
GGCTCCTGGTGGATAAAACA_007,88
GGCTCCTGGTGGATAAAACA_008,117
GGCTCCTGGTGGATAAAACA_009,168
GGCTCCTGGTGGATAAAACA_010,52
GGCTCCTGGTGGATAAAACA_011,168
GGCTCCTGGTGGATAAAACA_012,13
GCAGCAACGCCACCATCCAG_001,144
GCAGCAACGCCACCATCCAG_002,146
GCAGCAACGCCACCATCCAG_003,138
GCAGCAACGCCACCATCCAG_004,127
GCAGCAACGCCACCATCCAG_005,52
GCAGCAACGCCACCATCCAG_006,43
GCAGCAACGCCACCATCCAG_007,130
GCAGCAACGCCACCATCCAG_008,78
GCAGCAACGCCACCATCCAG_009,3
GCAGCAACGCCACCATCCAG_010,70
GCAGCAACGCCACCATCCAG_011,55
GCAGCAACGCCACCATCCAG_012,165
GCAGCAACGCCACCATCCAG_013,184
GCAGCAACGCCACCATCCAG_014,0
GCAGCAACGCCACCATCCAG_015,174
GCAGCAACGCCACCATCCAG_016,137
GCAGCAACGCCACCATCCAG_017,70
GCAGCAACGCCACCATCCAG_018,152
GCAGCAACGCCACCATCCAG_019,148
GCAGCAACGCCACCATCCAG_020,170
GCAGCAACGCCACCATCCAG_021,111
GCAGCAACGCCACCATCCAG_022,166
GCAGCAACGCCACCATCCAG_023,85
GCAGCAACGCCACCATCCAG_024,54
GCAGCAACGCCACCATCCAG_025,19
GCAGCAACGCCACCATCCAG_026,179
GCAGCAACGCCACCATCCAG_027,40
GCAGCAACGCCACCATCCAG_028,38
GCAGCAACGCCACCATCCAG_029,108
GCAGCAACGCCACCATCCAG_030,71
GCAGCAACGCCACCATCCAG_031,138
GCAGCAACGCCACCATCCAG_032,159
GCAGCAACGCCACCATCCAG_033,139
AGATCTCTCAAGATTCAGTA_001,149
AGATCTCTCAAGATTCAGTA_002,185
AGATCTCTCAAGATTCAGTA_003,18
CGATAACCACACCCCCCAGG_001,67
CGATAACCACACCCCCCAGG_002,82
CGATAACCACACCCCCCAGG_003,69
CGATAACCACACCCCCCAGG_004,198
CGATAACCACACCCCCCAGG_005,36
CGATAACCACACCCCCCAGG_006,125
CGATAACCACACCCCCCAGG_007,16
CGATAACCACACCCCCCAGG_008,147
CGATAACCACACCCCCCAGG_009,15
CGATAACCACACCCCCCAGG_010,25
CGATAACCACACCCCCCAGG_011,20
CGATAACCACACCCCCCAGG_012,35
CGATAACCACACCCCCCAGG_013,48
CGATAACCACACCCCCCAGG_014,17
CGATAACCACACCCCCCAGG_015,3
CGATAACCACACCCCCCAGG_016,113
CGATAACCACACCCCCCAGG_017,50
CGATAACCACACCCCCCAGG_018,92
CGATAACCACACCCCCCAGG_019,124
CGATAACCACACCCCCCAGG_020,137
CGATAACCACACCCCCCAGG_021,8
CGATAACCACACCCCCCAGG_022,127
CGATAACCACACCCCCCAGG_023,94
CGATAACCACACCCCCCAGG_024,38
CGATAACCACACCCCCCAGG_025,54
CGATAACCACACCCCCCAGG_026,73
CGATAACCACACCCCCCAGG_027,32
CGATAACCACACCCCCCAGG_028,97
CGATAACCACACCCCCCAGG_029,94
CGATAACCACACCCCCCAGG_030,103
CGATAACCACACCCCCCAGG_031,187
CGATAACCACACCCCCCAGG_032,146
CGATAACCACACCCCCCAGG_033,138
CGATAACCACACCCCCCAGG_034,39
CGATAACCACACCCCCCAGG_035,39
CGATAACCACACCCCCCAGG_036,124
CGATAACCACACCCCCCAGG_037,131
CGATAACCACACCCCCCAGG_038,99
CGATAACCACACCCCCCAGG_039,180
CGATAACCACACCCCCCAGG_040,43
CGATAACCACACCCCCCAGG_041,10
CGATAACCACACCCCCCAGG_042,144
CGATAACCACACCCCCCAGG_043,8
CGATAACCACACCCCCCAGG_044,77
CGATAACCACACCCCCCAGG_045,79
CGATAACCACACCCCCCAGG_046,115
CGATAACCACACCCCCCAGG_047,197
CGATAACCACACCCCCCAGG_048,91
CGATAACCACACCCCCCAGG_049,68
AGATACACTCCAGTTCACAG_001,50
AGATACACTCCAGTTCACAG_002,197
AGATACACTCCAGTTCACAG_003,119
AGATACACTCCAGTTCACAG_004,155
AGATACACTCCAGTTCACAG_005,86
AGATACACTCCAGTTCACAG_006,156
AGATACACTCCAGTTCACAG_007,51
AGATACACTCCAGTTCACAG_008,154
GAGGGACGAGAATGTGAACG_001,50
GAGGGACGAGAATGTGAACG_002,0
GAGGGACGAGAATGTGAACG_003,8
GGGTGCTTTAACCTCAAACT_001,166
GGGTGCTTTAACCTCAAACT_002,147
GGGTGCTTTAACCTCAAACT_003,156
GGGTGCTTTAACCTCAAACT_004,62
GGGTGCTTTAACCTCAAACT_005,17
GGGTGCTTTAACCTCAAACT_006,74
GGGTGCTTTAACCTCAAACT_007,35
GGGTGCTTTAACCTCAAACT_008,59
GGGTGCTTTAACCTCAAACT_009,103
GGGTGCTTTAACCTCAAACT_010,94
GGGTGCTTTAACCTCAAACT_011,115
GGGTGCTTTAACCTCAAACT_012,8
GGGTGCTTTAACCTCAAACT_013,144
TCAGAAGCTGAACCGAACTG_001,127
TCAGAAGCTGAACCGAACTG_002,198
TTCTACCAGTAATCTCCATG_001,95
TTCTACCAGTAATCTCCATG_002,86
CCTGCACTGGAACATGATGC_001,49
CCTGCACTGGAACATGATGC_002,40
CCTGCACTGGAACATGATGC_003,107
CCTGCACTGGAACATGATGC_004,63
TTGGAGCAATGAACTCATCG_001,0
TTGGAGCAATGAACTCATCG_002,196
TTGGAGCAATGAACTCATCG_003,58
TTGGAGCAATGAACTCATCG_004,95
TTGGAGCAATGAACTCATCG_005,105
TTGGAGCAATGAACTCATCG_006,199
TTGGAGCAATGAACTCATCG_007,2
TTGGAGCAATGAACTCATCG_008,58
TTGGAGCAATGAACTCATCG_009,78
TTGGAGCAATGAACTCATCG_010,127
TTGGAGCAATGAACTCATCG_011,134
TTGGAGCAATGAACTCATCG_012,41
TTGGAGCAATGAACTCATCG_013,110
TTGGAGCAATGAACTCATCG_014,189
TTGGAGCAATGAACTCATCG_015,118
GTCTGGCATACAGCCACACA_001,76
GTCTGGCATACAGCCACACA_002,179
GTCTGGCATACAGCCACACA_003,138
GTCTGGCATACAGCCACACA_004,169
GTCTGGCATACAGCCACACA_005,0
GAACTGGTTTGATCTGTGGT_001,146
GAACTGGTTTGATCTGTGGT_002,88
GAACTGGTTTGATCTGTGGT_003,58
GAACTGGTTTGATCTGTGGT_004,147
GAACTGGTTTGATCTGTGGT_005,135
TCTGATACTCCACAATACAG_001,111
TCTGATACTCCACAATACAG_002,197
TCTGATACTCCACAATACAG_003,178
TCTGATACTCCACAATACAG_004,28
TCTGATACTCCACAATACAG_005,162
TCTGATACTCCACAATACAG_006,84
TCTGATACTCCACAATACAG_007,12
TCTGATACTCCACAATACAG_008,50
ACCTTACCTGCATCGACAGT_001,180
ACCTTACCTGCATCGACAGT_002,171
ACCTTACCTGCATCGACAGT_003,107
ACCTTACCTGCATCGACAGT_004,121
ACCTTACCTGCATCGACAGT_005,120
ACCTTACCTGCATCGACAGT_006,158
ACCTTACCTGCATCGACAGT_007,176
ACCTTACCTGCATCGACAGT_008,130
ACCTTACCTGCATCGACAGT_009,152
AGGCTAAGTGTAGACACGTG_001,133
AGGCTAAGTGTAGACACGTG_002,12
AGGCTAAGTGTAGACACGTG_003,107
AGGCTAAGTGTAGACACGTG_004,8
AGGCTAAGTGTAGACACGTG_005,54
AGGCTAAGTGTAGACACGTG_006,181
AGGCTAAGTGTAGACACGTG_007,7
AGGCTAAGTGTAGACACGTG_008,32
AGGCTAAGTGTAGACACGTG_009,145
AGGCTAAGTGTAGACACGTG_010,132
AGGCTAAGTGTAGACACGTG_011,74
AGGCTAAGTGTAGACACGTG_012,193
AGGCTAAGTGTAGACACGTG_013,11
AGGCTAAGTGTAGACACGTG_014,132
AGGCTAAGTGTAGACACGTG_015,134
AGGCTAAGTGTAGACACGTG_016,1
AGGCTAAGTGTAGACACGTG_017,198
AGGCTAAGTGTAGACACGTG_018,144
AGGCTAAGTGTAGACACGTG_019,139
AGGCTAAGTGTAGACACGTG_020,98
AGGCTAAGTGTAGACACGTG_021,196
ACCTTCATCGTACTCAACAA_001,156
ACCTTCATCGTACTCAACAA_002,86
ACCTTCATCGTACTCAACAA_003,37
ACCTTCATCGTACTCAACAA_004,127
AGCAGCAGCCACGAGTACGC_001,169
AGCAGCAGCCACGAGTACGC_002,183
AGCAGCAGCCACGAGTACGC_003,184
AGCAGCAGCCACGAGTACGC_004,146
AGCAGCAGCCACGAGTACGC_005,175
AGCAGCAGCCACGAGTACGC_006,192
AGCAGCAGCCACGAGTACGC_007,160
AGCAGCAGCCACGAGTACGC_008,136
AGCAGCAGCCACGAGTACGC_009,197
AGCAGCAGCCACGAGTACGC_010,154
AGCAGCAGCCACGAGTACGC_011,18
AGCAGCAGCCACGAGTACGC_012,119
AGCAGCAGCCACGAGTACGC_013,181
AGCAGCAGCCACGAGTACGC_014,63
AGCAGCAGCCACGAGTACGC_015,10
AGCAGCAGCCACGAGTACGC_016,130
AGCAGCAGCCACGAGTACGC_017,35
AGCAGCAGCCACGAGTACGC_018,88
AGCAGCAGCCACGAGTACGC_019,83
AGTGCACCTCGAAGAGCACG_001,53
AGTGCACCTCGAAGAGCACG_002,120
AGTGCACCTCGAAGAGCACG_003,29
AGTGCACCTCGAAGAGCACG_004,88
AGTGCACCTCGAAGAGCACG_005,150
AGTGCACCTCGAAGAGCACG_006,13
AGTGCACCTCGAAGAGCACG_007,4
AGTGCACCTCGAAGAGCACG_008,98
AGTGCACCTCGAAGAGCACG_009,126
AGTGCACCTCGAAGAGCACG_010,48
AGTGCACCTCGAAGAGCACG_011,81
AGTGCACCTCGAAGAGCACG_012,3
AGTGCACCTCGAAGAGCACG_013,3
AGTGCACCTCGAAGAGCACG_014,26
AGTGCACCTCGAAGAGCACG_015,171
AGTGCACCTCGAAGAGCACG_016,57
AGTGCACCTCGAAGAGCACG_017,59
ACTGCAGGGTAGCTATAGTC_001,146
ACTGCAGGGTAGCTATAGTC_002,81
AAAGATATGAAACATCGGCT_001,175
AAAGATATGAAACATCGGCT_002,111
AAAGATATGAAACATCGGCT_003,44
AAAGATATGAAACATCGGCT_004,9
AAAGATATGAAACATCGGCT_005,184
AAAGATATGAAACATCGGCT_006,105
AAAGATATGAAACATCGGCT_007,96
AAAGATATGAAACATCGGCT_008,12
GTACGAGAGGGCCTCCAAAG_001,5
GTACGAGAGGGCCTCCAAAG_002,10
GTACGAGAGGGCCTCCAAAG_003,147
GTACGAGAGGGCCTCCAAAG_004,73
GTACGAGAGGGCCTCCAAAG_005,197
GTACGAGAGGGCCTCCAAAG_006,140
GTACGAGAGGGCCTCCAAAG_007,191
TAGGCGTAGTAATCGGACAG_001,176
TAGGCGTAGTAATCGGACAG_002,76
CATCTTCCCTAGGAGCCAGG_001,105
CATCTTCCCTAGGAGCCAGG_002,43
CATCTTCCCTAGGAGCCAGG_003,63
CATCTTCCCTAGGAGCCAGG_004,63
CATCTTCCCTAGGAGCCAGG_005,49
CTGTGCAGGAAGACAGACCA_001,43
CTGTGCAGGAAGACAGACCA_002,19
CTGTGCAGGAAGACAGACCA_003,56
CTGTGCAGGAAGACAGACCA_004,44
CTGTGCAGGAAGACAGACCA_005,126
CTGTGCAGGAAGACAGACCA_006,126
CTGTGCAGGAAGACAGACCA_007,126
TGTAGGGATTGTCTCCTGAG_001,86
AAGATTCTCCATGGGACGAG_001,56
AAGATTCTCCATGGGACGAG_002,56
AAGATTCTCCATGGGACGAG_003,48
AAGATTCTCCATGGGACGAG_004,197
AAGATTCTCCATGGGACGAG_005,116
AAGATTCTCCATGGGACGAG_006,76
AAGATTCTCCATGGGACGAG_007,157
AAGATTCTCCATGGGACGAG_008,0
AAGATTCTCCATGGGACGAG_009,99
CAGCAGGAAAGTTTATCACG_001,75
CAGCAGGAAAGTTTATCACG_002,21
CAGCAGGAAAGTTTATCACG_003,88
GAGGACATCGTAGAGCCAGT_001,43
GAGGACATCGTAGAGCCAGT_002,122
GAGGACATCGTAGAGCCAGT_003,84
GAGGACATCGTAGAGCCAGT_004,159
GAGGACATCGTAGAGCCAGT_005,188
GAGGACATCGTAGAGCCAGT_006,141
GAGGACATCGTAGAGCCAGT_007,175
GAGGACATCGTAGAGCCAGT_008,175
GAGGACATCGTAGAGCCAGT_009,29
GAGGACATCGTAGAGCCAGT_010,60
GAGGACATCGTAGAGCCAGT_011,60
GAGGACATCGTAGAGCCAGT_012,55
GAGGACATCGTAGAGCCAGT_013,48
GAGGACATCGTAGAGCCAGT_014,70
GAGGACATCGTAGAGCCAGT_015,121
GAGGACATCGTAGAGCCAGT_016,17
GAGGACATCGTAGAGCCAGT_017,157
GAGGACATCGTAGAGCCAGT_018,59
GAGGACATCGTAGAGCCAGT_019,121
GAGGACATCGTAGAGCCAGT_020,181
GAGGACATCGTAGAGCCAGT_021,46
GAGGACATCGTAGAGCCAGT_022,104
GAGGACATCGTAGAGCCAGT_023,26
GAGGACATCGTAGAGCCAGT_024,63
GAGGACATCGTAGAGCCAGT_025,117
GAGGACATCGTAGAGCCAGT_026,61
GAGGACATCGTAGAGCCAGT_027,103
GAGGACATCGTAGAGCCAGT_028,102
GAGGACATCGTAGAGCCAGT_029,27
GAGGACATCGTAGAGCCAGT_030,111
GAGGACATCGTAGAGCCAGT_031,83
AAAAGCAAGTGCCAACCCAA_001,159
AAAAGCAAGTGCCAACCCAA_002,181
AAAAGCAAGTGCCAACCCAA_003,38
AAAAGCAAGTGCCAACCCAA_004,16
AAAAGCAAGTGCCAACCCAA_005,76
AAAAGCAAGTGCCAACCCAA_006,163
AAAAGCAAGTGCCAACCCAA_007,36
AAAAGCAAGTGCCAACCCAA_008,124
AAAAGCAAGTGCCAACCCAA_009,134
AAAAGCAAGTGCCAACCCAA_010,12
AAAAGCAAGTGCCAACCCAA_011,53
AAAAGCAAGTGCCAACCCAA_012,137
AAAAGCAAGTGCCAACCCAA_013,78
AAAAGCAAGTGCCAACCCAA_014,19
AAAAGCAAGTGCCAACCCAA_015,107
CATCCGTGCGCGGGACGAGT_001,121
CATCCGTGCGCGGGACGAGT_002,88
CATCCGTGCGCGGGACGAGT_003,181
CATCCGTGCGCGGGACGAGT_004,55
CATCCGTGCGCGGGACGAGT_005,138
CATCCGTGCGCGGGACGAGT_006,192
CATCCGTGCGCGGGACGAGT_007,197
CATCCGTGCGCGGGACGAGT_008,63
CATCCGTGCGCGGGACGAGT_009,189
CATCCGTGCGCGGGACGAGT_010,17
GGAAGAAGAACGTGGCGATG_001,145
GGAAGAAGAACGTGGCGATG_002,15
GGAAGAAGAACGTGGCGATG_003,0
GGAAGAAGAACGTGGCGATG_004,94
GGAAGAAGAACGTGGCGATG_005,97
AATGCCACTAGGTCAGTAGG_001,82
AATGCCACTAGGTCAGTAGG_002,127
AATGCCACTAGGTCAGTAGG_003,149
AATGCCACTAGGTCAGTAGG_004,171
AATGCCACTAGGTCAGTAGG_005,197
AATGCCACTAGGTCAGTAGG_006,139
AATGCCACTAGGTCAGTAGG_007,113
AATGCCACTAGGTCAGTAGG_008,1
AATGCCACTAGGTCAGTAGG_009,121
AATGCCACTAGGTCAGTAGG_010,23
AATGCCACTAGGTCAGTAGG_011,15
AATGCCACTAGGTCAGTAGG_012,136
AATGCCACTAGGTCAGTAGG_013,23
AATGCCACTAGGTCAGTAGG_014,172
AATGCCACTAGGTCAGTAGG_015,94
AATGCCACTAGGTCAGTAGG_016,58
CGGGCCCCAGTAATCCTGAG_001,2
CGGGCCCCAGTAATCCTGAG_002,142
CGGGCCCCAGTAATCCTGAG_003,81
CGGGCCCCAGTAATCCTGAG_004,115
CCACTTTGAGATGACAAGTG_001,9
CCACTTTGAGATGACAAGTG_002,162
CCACTTTGAGATGACAAGTG_003,115
CCACTTTGAGATGACAAGTG_004,137
CCACTTTGAGATGACAAGTG_005,169
CCACTTTGAGATGACAAGTG_006,129
CCACTTTGAGATGACAAGTG_007,117
CCACTTTGAGATGACAAGTG_008,162
CCACTTTGAGATGACAAGTG_009,58
CCACTTTGAGATGACAAGTG_010,55
CCACTTTGAGATGACAAGTG_011,91
CCACTTTGAGATGACAAGTG_012,86
CCACTTTGAGATGACAAGTG_013,133
CCACTTTGAGATGACAAGTG_014,41
CCACTTTGAGATGACAAGTG_015,27
CCACTTTGAGATGACAAGTG_016,172
CCACTTTGAGATGACAAGTG_017,82
CCACTTTGAGATGACAAGTG_018,28
CCACTTTGAGATGACAAGTG_019,16
CCACTTTGAGATGACAAGTG_020,169
CCACTTTGAGATGACAAGTG_021,106
CCACTTTGAGATGACAAGTG_022,144
ACTGTACTGACTCACCCCTC_001,119
ACTGTACTGACTCACCCCTC_002,191
ACTGTACTGACTCACCCCTC_003,117
ACTGTACTGACTCACCCCTC_004,154
ACTGTACTGACTCACCCCTC_005,94
ACTGTACTGACTCACCCCTC_006,25
ACTGTACTGACTCACCCCTC_007,1
CCAGGAGCGCTTACCGATGT_001,54
CCAGGAGCGCTTACCGATGT_002,50
CCAGGAGCGCTTACCGATGT_003,102
CCAGGAGCGCTTACCGATGT_004,24
CCAGGAGCGCTTACCGATGT_005,139
CCAGGAGCGCTTACCGATGT_006,11
CCAGGAGCGCTTACCGATGT_007,11
CCAGGAGCGCTTACCGATGT_008,146
CCAGGAGCGCTTACCGATGT_009,124
CCAGGAGCGCTTACCGATGT_010,7
CCAGGAGCGCTTACCGATGT_011,193
CCAGGAGCGCTTACCGATGT_012,183
CCAGGAGCGCTTACCGATGT_013,60
CCAGGAGCGCTTACCGATGT_014,197
CCAGGAGCGCTTACCGATGT_015,191
CCAGGAGCGCTTACCGATGT_016,50
CCAGGAGCGCTTACCGATGT_017,63
CCAGGAGCGCTTACCGATGT_018,63
CCAGGAGCGCTTACCGATGT_019,40
CCAGGAGCGCTTACCGATGT_020,169
CCAGGAGCGCTTACCGATGT_021,19
GGGTACCACGTATACCCCCG_001,117
TCTTCGATTACCTCAAAGCT_001,140
CATGATGGTTGGGTAACGCA_001,191
CATGATGGTTGGGTAACGCA_002,27
CATGATGGTTGGGTAACGCA_003,125
CATGATGGTTGGGTAACGCA_004,33
CATGATGGTTGGGTAACGCA_005,65
CATGATGGTTGGGTAACGCA_006,131
CATGATGGTTGGGTAACGCA_007,65
TTTGCGGCGGGCTGGATCGG_001,101
TTTGCGGCGGGCTGGATCGG_002,43
TTTGCGGCGGGCTGGATCGG_003,134
TTTGCGGCGGGCTGGATCGG_004,185
TTTGCGGCGGGCTGGATCGG_005,154
TTTGCGGCGGGCTGGATCGG_006,185
TTTGCGGCGGGCTGGATCGG_007,88
TTTGCGGCGGGCTGGATCGG_008,166
TTTGCGGCGGGCTGGATCGG_009,168
TTTGCGGCGGGCTGGATCGG_010,123
TTTGCGGCGGGCTGGATCGG_011,36
TTTGCGGCGGGCTGGATCGG_012,17
TTTGCGGCGGGCTGGATCGG_013,181
TTTGCGGCGGGCTGGATCGG_014,171
TTTGCGGCGGGCTGGATCGG_015,148
TTTGCGGCGGGCTGGATCGG_016,147
TTTGCGGCGGGCTGGATCGG_017,69
TTTGCGGCGGGCTGGATCGG_018,40
TTTGCGGCGGGCTGGATCGG_019,106
TTTGCGGCGGGCTGGATCGG_020,175
TTTGCGGCGGGCTGGATCGG_021,12
TTTGCGGCGGGCTGGATCGG_022,182
TTTGCGGCGGGCTGGATCGG_023,114
TTTGCGGCGGGCTGGATCGG_024,114
TTTGCGGCGGGCTGGATCGG_025,9
TTTGCGGCGGGCTGGATCGG_026,29
TTTGCGGCGGGCTGGATCGG_027,107
TTTGCGGCGGGCTGGATCGG_028,51
TTTGCGGCGGGCTGGATCGG_029,72
TTTGCGGCGGGCTGGATCGG_030,159
TTTGCGGCGGGCTGGATCGG_031,9
TTTGCGGCGGGCTGGATCGG_032,124
TTTGCGGCGGGCTGGATCGG_033,20
TTTGCGGCGGGCTGGATCGG_034,142
TTTGCGGCGGGCTGGATCGG_035,17
TTTGCGGCGGGCTGGATCGG_036,176
TGGTGTGGACCCTCCCGATG_001,102
TGGTGTGGACCCTCCCGATG_002,182
TGGTGTGGACCCTCCCGATG_003,77
TGGTGTGGACCCTCCCGATG_004,91
TGGTGTGGACCCTCCCGATG_005,36
TGGTGTGGACCCTCCCGATG_006,76
TGGTGTGGACCCTCCCGATG_007,122
TGGTGTGGACCCTCCCGATG_008,185
TAAGTTATTGGTTAGCCTAG_001,6
TAAGTTATTGGTTAGCCTAG_002,101
TAAGTTATTGGTTAGCCTAG_003,48
CAAAGGTGATATCCGTGTCA_001,49
CAAAGGTGATATCCGTGTCA_002,88
CAAAGGTGATATCCGTGTCA_003,184
CAAAGGTGATATCCGTGTCA_004,17
CAAAGGTGATATCCGTGTCA_005,69
CAAAGGTGATATCCGTGTCA_006,143
GAACCTTAACATCCATTGTG_001,80
GAACCTTAACATCCATTGTG_002,10
AAGAGAATATTCCCGCTCTC_001,133
AAGAGAATATTCCCGCTCTC_002,63
AAGAGAATATTCCCGCTCTC_003,17
AAGAGAATATTCCCGCTCTC_004,99
ACAAAAGTATCAGCTTACCC_001,169
ACAAAAGTATCAGCTTACCC_002,140
ACAAAAGTATCAGCTTACCC_003,138
AAATGTCTTGATGATGCCGT_001,174
AAATGTCTTGATGATGCCGT_002,129
AAATGTCTTGATGATGCCGT_003,83
AAATGTCTTGATGATGCCGT_004,74
AAATGTCTTGATGATGCCGT_005,161
AGTCGCTCAGCCACCAGCAG_001,129
AGTCGCTCAGCCACCAGCAG_002,80
AGTCGCTCAGCCACCAGCAG_003,21
AGTCGCTCAGCCACCAGCAG_004,91
AGTCGCTCAGCCACCAGCAG_005,83
AGTCGCTCAGCCACCAGCAG_006,94
AGTCGCTCAGCCACCAGCAG_007,124
AGTCGCTCAGCCACCAGCAG_008,83
AGTCGCTCAGCCACCAGCAG_009,56
AGTCGCTCAGCCACCAGCAG_010,100
AGTCGCTCAGCCACCAGCAG_011,60
AGTCGCTCAGCCACCAGCAG_012,7
AGTCGCTCAGCCACCAGCAG_013,47
AGTCGCTCAGCCACCAGCAG_014,165
AGTCGCTCAGCCACCAGCAG_015,19
AGTCGCTCAGCCACCAGCAG_016,102
AGTCGCTCAGCCACCAGCAG_017,88
AGTCGCTCAGCCACCAGCAG_018,1
AGTCGCTCAGCCACCAGCAG_019,60
AGTCGCTCAGCCACCAGCAG_020,113
CCGCGCGCTTCGTCACGGAG_001,149
CCGCGCGCTTCGTCACGGAG_002,120
CCGCGCGCTTCGTCACGGAG_003,48
CCGCGCGCTTCGTCACGGAG_004,118
CCGCGCGCTTCGTCACGGAG_005,106
CCGCGCGCTTCGTCACGGAG_006,180
CCGCGCGCTTCGTCACGGAG_007,96
CCGCGCGCTTCGTCACGGAG_008,102
GCTACAGTGTCAAGACTGGT_001,85
GCTACAGTGTCAAGACTGGT_002,77
GCTACAGTGTCAAGACTGGT_003,92
GCTACAGTGTCAAGACTGGT_004,1
GCTACAGTGTCAAGACTGGT_005,28
GCTACAGTGTCAAGACTGGT_006,113
GCTACAGTGTCAAGACTGGT_007,76
GCTACAGTGTCAAGACTGGT_008,128
GCTACAGTGTCAAGACTGGT_009,40
GCTACAGTGTCAAGACTGGT_010,67
GCTACAGTGTCAAGACTGGT_011,105
GCTACAGTGTCAAGACTGGT_012,184
GCTACAGTGTCAAGACTGGT_013,7
GCTACAGTGTCAAGACTGGT_014,50
GCTACAGTGTCAAGACTGGT_015,102
GCTACAGTGTCAAGACTGGT_016,51
GCTACAGTGTCAAGACTGGT_017,176
GCTACAGTGTCAAGACTGGT_018,19
GCTACAGTGTCAAGACTGGT_019,19
GCTACAGTGTCAAGACTGGT_020,66
GCTACAGTGTCAAGACTGGT_021,137
GCTACAGTGTCAAGACTGGT_022,51
GCTACAGTGTCAAGACTGGT_023,177
GCTACAGTGTCAAGACTGGT_024,160
GCTACAGTGTCAAGACTGGT_025,150
GACAAACAAGAAACCCACAC_001,118
GACAAACAAGAAACCCACAC_002,15
GACAAACAAGAAACCCACAC_003,59
GACAAACAAGAAACCCACAC_004,41
GACAAACAAGAAACCCACAC_005,31
GACAAACAAGAAACCCACAC_006,49
GACAAACAAGAAACCCACAC_007,118
GACAAACAAGAAACCCACAC_008,104
GACAAACAAGAAACCCACAC_009,151
GACAAACAAGAAACCCACAC_010,172
GAAAGCAAAACTGTACGACA_001,159
GAAAGCAAAACTGTACGACA_002,57
GAAAGCAAAACTGTACGACA_003,113
GAAAGCAAAACTGTACGACA_004,9
GAAAGCAAAACTGTACGACA_005,77
GAAAGCAAAACTGTACGACA_006,121
GAAAGCAAAACTGTACGACA_007,181
GAAAGCAAAACTGTACGACA_008,83
GAAAGCAAAACTGTACGACA_009,174
GAAAGCAAAACTGTACGACA_010,94
GAAAGCAAAACTGTACGACA_011,162
ACAGAAATTGGAAGTAACCG_001,56
ACAGAAATTGGAAGTAACCG_002,52
CTCGGAGTTGGCCTCCATGG_001,182
CTCGGAGTTGGCCTCCATGG_002,142
CTCGGAGTTGGCCTCCATGG_003,156
CTCGGAGTTGGCCTCCATGG_004,139
CTCGGAGTTGGCCTCCATGG_005,132
CTCGGAGTTGGCCTCCATGG_006,178
CTCGGAGTTGGCCTCCATGG_007,67
CTCGGAGTTGGCCTCCATGG_008,115
CTCGGAGTTGGCCTCCATGG_009,108
CTCGGAGTTGGCCTCCATGG_010,151
CTCGGAGTTGGCCTCCATGG_011,151
CTCGGAGTTGGCCTCCATGG_012,28
CTCGGAGTTGGCCTCCATGG_013,182
CTCGGAGTTGGCCTCCATGG_014,82
CTTTCTCCACTAGACACACA_001,48
CTTTCTCCACTAGACACACA_002,103
CTTTCTCCACTAGACACACA_003,158
CTTTCTCCACTAGACACACA_004,194
CTTTCTCCACTAGACACACA_005,140
CTTTCTCCACTAGACACACA_006,162
CTTTCTCCACTAGACACACA_007,80
AGGATCCTGTTGGATAACAT_001,36
AGGATCCTGTTGGATAACAT_002,14
AGGATCCTGTTGGATAACAT_003,166
AGGATCCTGTTGGATAACAT_004,50
AGGATCCTGTTGGATAACAT_005,68
AGGATCCTGTTGGATAACAT_006,162
AGGATCCTGTTGGATAACAT_007,138
AGGATCCTGTTGGATAACAT_008,29
AGGATCCTGTTGGATAACAT_009,67
CATGGACAATGGAAGATGAA_001,40
CATGGACAATGGAAGATGAA_002,122
CATGGACAATGGAAGATGAA_003,32
CATGGACAATGGAAGATGAA_004,183
CATGGACAATGGAAGATGAA_005,38
CATGGACAATGGAAGATGAA_006,88
CATGGACAATGGAAGATGAA_007,58
CATGGACAATGGAAGATGAA_008,198
ATCGCCTCTAGTCTGAGGTA_001,91
ATCGCCTCTAGTCTGAGGTA_002,65
ATCGCCTCTAGTCTGAGGTA_003,194
ATCGCCTCTAGTCTGAGGTA_004,102
ATCGCCTCTAGTCTGAGGTA_005,119
ATCGCCTCTAGTCTGAGGTA_006,100
ATCGCCTCTAGTCTGAGGTA_007,171
ATCGCCTCTAGTCTGAGGTA_008,102
ATCGCCTCTAGTCTGAGGTA_009,194
ATCGCCTCTAGTCTGAGGTA_010,72
CAGCCGAATAGAGCGGACTG_001,15
CAGCCGAATAGAGCGGACTG_002,146
CAGCCGAATAGAGCGGACTG_003,91
CAGCCGAATAGAGCGGACTG_004,53
CAGCCGAATAGAGCGGACTG_005,16
CAGCCGAATAGAGCGGACTG_006,194
CAGCCGAATAGAGCGGACTG_007,6
CAGCCGAATAGAGCGGACTG_008,98
CAGCCGAATAGAGCGGACTG_009,88
CAGCCGAATAGAGCGGACTG_010,120
CAGCCGAATAGAGCGGACTG_011,63
CAGCCGAATAGAGCGGACTG_012,98
CAGCCGAATAGAGCGGACTG_013,129
CAGCCGAATAGAGCGGACTG_014,199
CAGCCGAATAGAGCGGACTG_015,58
CAGCCGAATAGAGCGGACTG_016,167
CAGCCGAATAGAGCGGACTG_017,88
CAGCCGAATAGAGCGGACTG_018,184
CAGCCGAATAGAGCGGACTG_019,3
CAGCCGAATAGAGCGGACTG_020,21
CCCCAAAGAGGACCTTACGT_001,102
CCCCAAAGAGGACCTTACGT_002,169
CCCCAAAGAGGACCTTACGT_003,170
CCCCAAAGAGGACCTTACGT_004,141
CCCCAAAGAGGACCTTACGT_005,19
CCCCAAAGAGGACCTTACGT_006,58
CCCCAAAGAGGACCTTACGT_007,30
CCCCAAAGAGGACCTTACGT_008,19
CCCCAAAGAGGACCTTACGT_009,107
CCCCAAAGAGGACCTTACGT_010,199
CCCCAAAGAGGACCTTACGT_011,70
CCCCAAAGAGGACCTTACGT_012,11
CCCCAAAGAGGACCTTACGT_013,81
CCCCAAAGAGGACCTTACGT_014,26
CCCCAAAGAGGACCTTACGT_015,155
CCCCAAAGAGGACCTTACGT_016,16
CATGCGGGTCGCACACCATG_001,77
CATGCGGGTCGCACACCATG_002,45
CATGCGGGTCGCACACCATG_003,88
CATGCGGGTCGCACACCATG_004,131
CATGCGGGTCGCACACCATG_005,172
CATGCGGGTCGCACACCATG_006,102
CATGCGGGTCGCACACCATG_007,156
CATGCGGGTCGCACACCATG_008,147
CATGCGGGTCGCACACCATG_009,74
CATGCGGGTCGCACACCATG_010,69
CATGCGGGTCGCACACCATG_011,20
CATGCGGGTCGCACACCATG_012,29
CATGCGGGTCGCACACCATG_013,150
CATGCGGGTCGCACACCATG_014,111
CATGCGGGTCGCACACCATG_015,168
CATGCGGGTCGCACACCATG_016,15
CATGCGGGTCGCACACCATG_017,33
CATGCGGGTCGCACACCATG_018,38
CATGCGGGTCGCACACCATG_019,94
CATGCGGGTCGCACACCATG_020,158
CATGCGGGTCGCACACCATG_021,13
CATGCGGGTCGCACACCATG_022,35
CATGCGGGTCGCACACCATG_023,23
CATGCGGGTCGCACACCATG_024,90
CATGCGGGTCGCACACCATG_025,141
GAATAAAGAACCCAACGCTG_001,148
GAATAAAGAACCCAACGCTG_002,127
GAATAAAGAACCCAACGCTG_003,17
GAATAAAGAACCCAACGCTG_004,142
GAATAAAGAACCCAACGCTG_005,109
GAATAAAGAACCCAACGCTG_006,109
GAATAAAGAACCCAACGCTG_007,62
GAATAAAGAACCCAACGCTG_008,197
GAATAAAGAACCCAACGCTG_009,157
GAATAAAGAACCCAACGCTG_010,142
GCAGGAAGGCAACGTCCGGG_001,106
GCAGGAAGGCAACGTCCGGG_002,63
GCAGGAAGGCAACGTCCGGG_003,64
GCAGGAAGGCAACGTCCGGG_004,147
GCAGGAAGGCAACGTCCGGG_005,76
GCAGGAAGGCAACGTCCGGG_006,9
GCAGGAAGGCAACGTCCGGG_007,161
GCAGGAAGGCAACGTCCGGG_008,47
GCAGGAAGGCAACGTCCGGG_009,67
GCGCGAGAGCCACGTCACAC_001,67
GCGCGAGAGCCACGTCACAC_002,111
GCGCGAGAGCCACGTCACAC_003,25
GCGCGAGAGCCACGTCACAC_004,8
GCGCGAGAGCCACGTCACAC_005,45
GCGCGAGAGCCACGTCACAC_006,105
GCGCGAGAGCCACGTCACAC_007,141
GCGCGAGAGCCACGTCACAC_008,162
GCGCGAGAGCCACGTCACAC_009,78
GCGCGAGAGCCACGTCACAC_010,193
GCGCGAGAGCCACGTCACAC_011,183
GCGCGAGAGCCACGTCACAC_012,82
GCGCGAGAGCCACGTCACAC_013,44
GCGCGAGAGCCACGTCACAC_014,83
GCGCGAGAGCCACGTCACAC_015,8
GCGCGAGAGCCACGTCACAC_016,168
GCGCGAGAGCCACGTCACAC_017,145
GGATCTCCGAAGTCTCATCA_001,57
GGATCTCCGAAGTCTCATCA_002,60
GGATCTCCGAAGTCTCATCA_003,156
GGATCTCCGAAGTCTCATCA_004,50
GGATCTCCGAAGTCTCATCA_005,120
GGATCTCCGAAGTCTCATCA_006,45
GGATCTCCGAAGTCTCATCA_007,37
GGATCTCCGAAGTCTCATCA_008,0
GGATCTCCGAAGTCTCATCA_009,38
CGTGCGGGTGTTCGATGTGA_001,1
CGTGCGGGTGTTCGATGTGA_002,188
CGTGCGGGTGTTCGATGTGA_003,49
CGTGCGGGTGTTCGATGTGA_004,114
CGTGCGGGTGTTCGATGTGA_005,114
CGTGCGGGTGTTCGATGTGA_006,13
CGTGCGGGTGTTCGATGTGA_007,150
CGTGCGGGTGTTCGATGTGA_008,124
CGTGCGGGTGTTCGATGTGA_009,105
CGTGCGGGTGTTCGATGTGA_010,6
CGTGCGGGTGTTCGATGTGA_011,6
CGTGCGGGTGTTCGATGTGA_012,50
CGTGCGGGTGTTCGATGTGA_013,118
CGTGCGGGTGTTCGATGTGA_014,72
CGTGCGGGTGTTCGATGTGA_015,56
CGTGCGGGTGTTCGATGTGA_016,3
TCCTAGGATCACCATTAACA_001,10
TCATCACCAAGTTCGCATGT_001,32
TCATCACCAAGTTCGCATGT_002,85
TCATCACCAAGTTCGCATGT_003,151
TCATCACCAAGTTCGCATGT_004,58
TCATCACCAAGTTCGCATGT_005,174
TCATCACCAAGTTCGCATGT_006,1
TCATCACCAAGTTCGCATGT_007,165
TCATCACCAAGTTCGCATGT_008,174
TCATCACCAAGTTCGCATGT_009,184
TCATCACCAAGTTCGCATGT_010,76
TCATCACCAAGTTCGCATGT_011,198
TCATCACCAAGTTCGCATGT_012,142
TCATCACCAAGTTCGCATGT_013,62
TCATCACCAAGTTCGCATGT_014,62
TGAGCCTCTGCTGGTCGGGA_001,48
TGAGCCTCTGCTGGTCGGGA_002,80
TGAGCCTCTGCTGGTCGGGA_003,52
TGAGCCTCTGCTGGTCGGGA_004,159
TGAGCCTCTGCTGGTCGGGA_005,41
TGAGCCTCTGCTGGTCGGGA_006,51
TGAGCCTCTGCTGGTCGGGA_007,191
TGAGCCTCTGCTGGTCGGGA_008,121
TGAGCCTCTGCTGGTCGGGA_009,88
TGAGCCTCTGCTGGTCGGGA_010,121
TGAGCCTCTGCTGGTCGGGA_011,86
TGAGCCTCTGCTGGTCGGGA_012,19
TGAGCCTCTGCTGGTCGGGA_013,161
TGAGCCTCTGCTGGTCGGGA_014,57
TGAGCCTCTGCTGGTCGGGA_015,16
TGAGCCTCTGCTGGTCGGGA_016,13
TGAGCCTCTGCTGGTCGGGA_017,63
TGAGCCTCTGCTGGTCGGGA_018,191
TGAGCCTCTGCTGGTCGGGA_019,97
TGAGCCTCTGCTGGTCGGGA_020,47
TGAGCCTCTGCTGGTCGGGA_021,39
TGAGCCTCTGCTGGTCGGGA_022,124
TGATACTGGACACAAACACC_001,181
TGATACTGGACACAAACACC_002,58
TGATACTGGACACAAACACC_003,58
TGATACTGGACACAAACACC_004,77
TGATACTGGACACAAACACC_005,76
TGATACTGGACACAAACACC_006,133
AAACATCTTGATGTATTTGG_001,168
AAACATCTTGATGTATTTGG_002,56
CTTTGAAAGACATCTATACG_001,149
CTTTGAAAGACATCTATACG_002,35
TTGGTGACGGTCTTCATGCG_001,88
TTGGTGACGGTCTTCATGCG_002,170
TTGGTGACGGTCTTCATGCG_003,41
CACTGAAGAGATGCAGTTAG_001,150
CACTGAAGAGATGCAGTTAG_002,42
CACTGAAGAGATGCAGTTAG_003,56
CACTGAAGAGATGCAGTTAG_004,44
CACTGAAGAGATGCAGTTAG_005,66
TGCTGACAGTGTGCAAAAAG_001,145
TGCTGACAGTGTGCAAAAAG_002,69
TGCTGACAGTGTGCAAAAAG_003,29
TGCTGACAGTGTGCAAAAAG_004,26
TGCTGACAGTGTGCAAAAAG_005,90
TGCTGACAGTGTGCAAAAAG_006,149
TGCTGACAGTGTGCAAAAAG_007,160
TGCTGACAGTGTGCAAAAAG_008,58
CTGGATATTCACGATCTCGG_001,144
CTGGATATTCACGATCTCGG_002,145
CTGGATATTCACGATCTCGG_003,194
GGAGCCCACATCACACATGG_001,22
GGAGCCCACATCACACATGG_002,106
GGAGCCCACATCACACATGG_003,15
GGAGCCCACATCACACATGG_004,50
GGAGCCCACATCACACATGG_005,170
GGAGCCCACATCACACATGG_006,131
GGAGCCCACATCACACATGG_007,131
CAGTTCTCCAAACATCACCA_001,126
CAGTTCTCCAAACATCACCA_002,119
CAGTTCTCCAAACATCACCA_003,106
CAGTTCTCCAAACATCACCA_004,68
CAGTTCTCCAAACATCACCA_005,75
CAGTTCTCCAAACATCACCA_006,36
CAGTTCTCCAAACATCACCA_007,183
CAGTTCTCCAAACATCACCA_008,56
CAGTTCTCCAAACATCACCA_009,88
CAGTTCTCCAAACATCACCA_010,13
CAGTTCTCCAAACATCACCA_011,0
CAGTTCTCCAAACATCACCA_012,58
CAGTTCTCCAAACATCACCA_013,31
CAGTTCTCCAAACATCACCA_014,78
CAGTTCTCCAAACATCACCA_015,1
CAGTTCTCCAAACATCACCA_016,127
CAGTTCTCCAAACATCACCA_017,134
CAGTTCTCCAAACATCACCA_018,127
CAGTTCTCCAAACATCACCA_019,87
CAGTTCTCCAAACATCACCA_020,194
CAGTTCTCCAAACATCACCA_021,140
CAGTTCTCCAAACATCACCA_022,50
CAGTTCTCCAAACATCACCA_023,0
CAGTTCTCCAAACATCACCA_024,180
CAGTTCTCCAAACATCACCA_025,102
CAGTTCTCCAAACATCACCA_026,197
CAGTTCTCCAAACATCACCA_027,74
CAGTTCTCCAAACATCACCA_028,172
CAGTTCTCCAAACATCACCA_029,144
CCATGTCAGCAAAAGCCAAG_001,119
CCATGTCAGCAAAAGCCAAG_002,53
CCATGTCAGCAAAAGCCAAG_003,158
CCATGTCAGCAAAAGCCAAG_004,65
CCATGTCAGCAAAAGCCAAG_005,49
CCATGTCAGCAAAAGCCAAG_006,30
CCATGTCAGCAAAAGCCAAG_007,8
CCATGTCAGCAAAAGCCAAG_008,14
CCATGTCAGCAAAAGCCAAG_009,104
CCATGTCAGCAAAAGCCAAG_010,148
CCATGTCAGCAAAAGCCAAG_011,129
CCATGTCAGCAAAAGCCAAG_012,130
CCATGTCAGCAAAAGCCAAG_013,2
CCATGTCAGCAAAAGCCAAG_014,199
CCATGTCAGCAAAAGCCAAG_015,127
CCATGTCAGCAAAAGCCAAG_016,31
CGTGCCATAAGTCGTTCAGG_001,159
CGTGCCATAAGTCGTTCAGG_002,63
CGTGCCATAAGTCGTTCAGG_003,101
CGTGCCATAAGTCGTTCAGG_004,76
CGTGCCATAAGTCGTTCAGG_005,193
CGTGCCATAAGTCGTTCAGG_006,169
CGTGCCATAAGTCGTTCAGG_007,1
CGTGCCATAAGTCGTTCAGG_008,41
CGTGCCATAAGTCGTTCAGG_009,68
CGTGCCATAAGTCGTTCAGG_010,29
CGTGCCATAAGTCGTTCAGG_011,48
CGTGCCATAAGTCGTTCAGG_012,175
CGTGCCATAAGTCGTTCAGG_013,184
CCAATGTCCAGCTTTCATCG_001,158
CCAATGTCCAGCTTTCATCG_002,165
CCAATGTCCAGCTTTCATCG_003,13
CCAATGTCCAGCTTTCATCG_004,37
CCAATGTCCAGCTTTCATCG_005,126
CCAATGTCCAGCTTTCATCG_006,57
CCAATGTCCAGCTTTCATCG_007,198
CCAATGTCCAGCTTTCATCG_008,135
CCAATGTCCAGCTTTCATCG_009,5
CCAATGTCCAGCTTTCATCG_010,192
CCAATGTCCAGCTTTCATCG_011,48
CCAATGTCCAGCTTTCATCG_012,199
CACCACAGCCGTGCACGACG_001,68
CACCACAGCCGTGCACGACG_002,115
CACCACAGCCGTGCACGACG_003,137
CACCACAGCCGTGCACGACG_004,28
CACCACAGCCGTGCACGACG_005,137
CACCACAGCCGTGCACGACG_006,80
CACCACAGCCGTGCACGACG_007,30
CACCACAGCCGTGCACGACG_008,185
CACCACAGCCGTGCACGACG_009,170
CACCACAGCCGTGCACGACG_010,186
CACCACAGCCGTGCACGACG_011,38
CACCACAGCCGTGCACGACG_012,196
CACCACAGCCGTGCACGACG_013,138
CACCACAGCCGTGCACGACG_014,181
CACCACAGCCGTGCACGACG_015,1
CACCACAGCCGTGCACGACG_016,130
GAAGTTCAGAGTTCTAGGAG_001,0
GAAGTTCAGAGTTCTAGGAG_002,62
GAAGTTCAGAGTTCTAGGAG_003,62
GAAGTTCAGAGTTCTAGGAG_004,183
GAAGTTCAGAGTTCTAGGAG_005,105
GAAGTTCAGAGTTCTAGGAG_006,154
GTTGCCAAATATATCCCAAG_001,73
CATGAACATGGGAGTGAACG_001,144
CATGAACATGGGAGTGAACG_002,137
CATGAACATGGGAGTGAACG_003,94
CATGAACATGGGAGTGAACG_004,145
AGGCTTAGTATACCCCAGTG_001,84
AGGCTTAGTATACCCCAGTG_002,63
AGGCTTAGTATACCCCAGTG_003,167
AGGCTTAGTATACCCCAGTG_004,172
AGGCTTAGTATACCCCAGTG_005,88
AGGCTTAGTATACCCCAGTG_006,30
AGGCTTAGTATACCCCAGTG_007,58
AGGACCCAAGTACTTAGGTA_001,57
AGGACCCAAGTACTTAGGTA_002,23
AGGACCCAAGTACTTAGGTA_003,55
AGGACCCAAGTACTTAGGTA_004,162
AGGACCCAAGTACTTAGGTA_005,76
AGGACCCAAGTACTTAGGTA_006,82
AGGACCCAAGTACTTAGGTA_007,192
GCAATAATGACATGTAACCA_001,32
GCAATAATGACATGTAACCA_002,195
GCAATAATGACATGTAACCA_003,105
GCAATAATGACATGTAACCA_004,120
GCAATAATGACATGTAACCA_005,71
GCAATAATGACATGTAACCA_006,166
GCAATAATGACATGTAACCA_007,10
GCAATAATGACATGTAACCA_008,22
ATAATTTGGGATGCCCACAC_001,91
ATAATTTGGGATGCCCACAC_002,83
ATAATTTGGGATGCCCACAC_003,23
ATAATTTGGGATGCCCACAC_004,94
ATAATTTGGGATGCCCACAC_005,77
ATAATTTGGGATGCCCACAC_006,103
ATAATTTGGGATGCCCACAC_007,30
AATATGTTCACCTTAGGCAA_001,21
AATATGTTCACCTTAGGCAA_002,94
AATATGTTCACCTTAGGCAA_003,60
AATATGTTCACCTTAGGCAA_004,96
AATATGTTCACCTTAGGCAA_005,112
CTACTAAATGCCCATTATGA_001,48
CTACTAAATGCCCATTATGA_002,89
CTACTAAATGCCCATTATGA_003,165
CTACTAAATGCCCATTATGA_004,120
CTACTAAATGCCCATTATGA_005,168
CTTGGTCAAGCGTCCGACTG_001,124
CTTGGTCAAGCGTCCGACTG_002,23
CTTGGTCAAGCGTCCGACTG_003,192
CTTGGTCAAGCGTCCGACTG_004,1
CTTGGTCAAGCGTCCGACTG_005,120
CTTGGTCAAGCGTCCGACTG_006,127
CTTGGTCAAGCGTCCGACTG_007,82
CTTGGTCAAGCGTCCGACTG_008,42
GGTCAGCACCCAGAACCCTA_001,89
GCAGGAGATTAACAGTCATG_001,41
GCAGGAGATTAACAGTCATG_002,93
GCAGGAGATTAACAGTCATG_003,188
GCAGGAGATTAACAGTCATG_004,50
GCAGGAGATTAACAGTCATG_005,127
GCAGGAGATTAACAGTCATG_006,117
ACCAGGTATCGAAGCTAGAG_001,85
ACCAGGTATCGAAGCTAGAG_002,108
ACCAGGTATCGAAGCTAGAG_003,61
ACCAGGTATCGAAGCTAGAG_004,113
ACCAGGTATCGAAGCTAGAG_005,172
ACCAGGTATCGAAGCTAGAG_006,50
ACCAGGTATCGAAGCTAGAG_007,81
ACCAGGTATCGAAGCTAGAG_008,176
ACCAGGTATCGAAGCTAGAG_009,160
ACCAGGTATCGAAGCTAGAG_010,28
ACCAGGTATCGAAGCTAGAG_011,149
ACCAGGTATCGAAGCTAGAG_012,184
ACCAGGTATCGAAGCTAGAG_013,141
ACCAGGTATCGAAGCTAGAG_014,52
GTCCAACAGCAGATGGTCAT_001,54
GTCCAACAGCAGATGGTCAT_002,193
GTCCAACAGCAGATGGTCAT_003,181
GTCCAACAGCAGATGGTCAT_004,12
GTCCAACAGCAGATGGTCAT_005,55
GTCCAACAGCAGATGGTCAT_006,12
GTCCAACAGCAGATGGTCAT_007,58
GTCCAACAGCAGATGGTCAT_008,29
GTCCAACAGCAGATGGTCAT_009,176
GTCCAACAGCAGATGGTCAT_010,140
GTCCAACAGCAGATGGTCAT_011,150
GTCCAACAGCAGATGGTCAT_012,13
GTCCAACAGCAGATGGTCAT_013,133
GTCCAACAGCAGATGGTCAT_014,43
GTCCAACAGCAGATGGTCAT_015,88
GTCCAACAGCAGATGGTCAT_016,118
GTCCAACAGCAGATGGTCAT_017,69
GTCCAACAGCAGATGGTCAT_018,28
GTCCAACAGCAGATGGTCAT_019,130
GTCCAACAGCAGATGGTCAT_020,72
GTCCAACAGCAGATGGTCAT_021,9
GTCCAACAGCAGATGGTCAT_022,129
GTCCAACAGCAGATGGTCAT_023,184
GTCCAACAGCAGATGGTCAT_024,77
GTCCAACAGCAGATGGTCAT_025,65
GTCCAACAGCAGATGGTCAT_026,168
GTCCAACAGCAGATGGTCAT_027,49
GTCCAACAGCAGATGGTCAT_028,34
GTCCAACAGCAGATGGTCAT_029,26
GTCCAACAGCAGATGGTCAT_030,77
GTCCAACAGCAGATGGTCAT_031,58
GTCCAACAGCAGATGGTCAT_032,104
AGGGCTCCCCCATGTCAGAT_001,121
AGGGCTCCCCCATGTCAGAT_002,191
AGGGCTCCCCCATGTCAGAT_003,52
AGGGCTCCCCCATGTCAGAT_004,5
AGGGCTCCCCCATGTCAGAT_005,112
AGGGCTCCCCCATGTCAGAT_006,29
AGGGCTCCCCCATGTCAGAT_007,121
AGGGCTCCCCCATGTCAGAT_008,172
AGGGCTCCCCCATGTCAGAT_009,29
AGGGCTCCCCCATGTCAGAT_010,2
AGGGCTCCCCCATGTCAGAT_011,110
AGGGCTCCCCCATGTCAGAT_012,149
AGGGCTCCCCCATGTCAGAT_013,162
AGGGCTCCCCCATGTCAGAT_014,101
AGGGCTCCCCCATGTCAGAT_015,172
AGGGCTCCCCCATGTCAGAT_016,8
AGGGCTCCCCCATGTCAGAT_017,4
AGGGCTCCCCCATGTCAGAT_018,174
AGGGCTCCCCCATGTCAGAT_019,9
AGGGCTCCCCCATGTCAGAT_020,192
AGGGCTCCCCCATGTCAGAT_021,108
AGGGCTCCCCCATGTCAGAT_022,97
AGGGCTCCCCCATGTCAGAT_023,101
AGGGCTCCCCCATGTCAGAT_024,36
AGGGCTCCCCCATGTCAGAT_025,46
AGGGCTCCCCCATGTCAGAT_026,79
AGGGCTCCCCCATGTCAGAT_027,63
AGGGCTCCCCCATGTCAGAT_028,56
AGGGCTCCCCCATGTCAGAT_029,68
AGGGCTCCCCCATGTCAGAT_030,121
AGGGCTCCCCCATGTCAGAT_031,198
AGGGCTCCCCCATGTCAGAT_032,112
AGGGCTCCCCCATGTCAGAT_033,17
AGGGCTCCCCCATGTCAGAT_034,77
AGGGCTCCCCCATGTCAGAT_035,70
AGGGCTCCCCCATGTCAGAT_036,70
AGGGCTCCCCCATGTCAGAT_037,58
AGGGCTCCCCCATGTCAGAT_038,41
AGGGCTCCCCCATGTCAGAT_039,13
AGGGCTCCCCCATGTCAGAT_040,152
AGGGCTCCCCCATGTCAGAT_041,88
AGGGCTCCCCCATGTCAGAT_042,116
AGGGCTCCCCCATGTCAGAT_043,184
AGGGCTCCCCCATGTCAGAT_044,48
AGGGCTCCCCCATGTCAGAT_045,140
AGGGCTCCCCCATGTCAGAT_046,7
AGGGCTCCCCCATGTCAGAT_047,60
AGGGCTCCCCCATGTCAGAT_048,39
AGGGCTCCCCCATGTCAGAT_049,138
AGGGCTCCCCCATGTCAGAT_050,1
AGGGCTCCCCCATGTCAGAT_051,8
AGGGCTCCCCCATGTCAGAT_052,196
TTTCCCTCTGCAGCCTGCTG_001,15
TTTCCCTCTGCAGCCTGCTG_002,161
TTTCCCTCTGCAGCCTGCTG_003,126
TTTCCCTCTGCAGCCTGCTG_004,77
TTTCCCTCTGCAGCCTGCTG_005,32
TTTCCCTCTGCAGCCTGCTG_006,60
TTTCCCTCTGCAGCCTGCTG_007,58
TTTCCCTCTGCAGCCTGCTG_008,57
TTTCCCTCTGCAGCCTGCTG_009,38
TTTCCCTCTGCAGCCTGCTG_010,149
TTTCCCTCTGCAGCCTGCTG_011,48
TTTCCCTCTGCAGCCTGCTG_012,133
TTTCCCTCTGCAGCCTGCTG_013,53
TTTCCCTCTGCAGCCTGCTG_014,147
TTTCCCTCTGCAGCCTGCTG_015,197
TTTCCCTCTGCAGCCTGCTG_016,154
TTTCCCTCTGCAGCCTGCTG_017,69
TTTCCCTCTGCAGCCTGCTG_018,166
TTTCCCTCTGCAGCCTGCTG_019,45
TTTCCCTCTGCAGCCTGCTG_020,27
TTTCCCTCTGCAGCCTGCTG_021,156
TTTCCCTCTGCAGCCTGCTG_022,29
TTTCCCTCTGCAGCCTGCTG_023,61
TTTCCCTCTGCAGCCTGCTG_024,89
TTTCCCTCTGCAGCCTGCTG_025,76
TTTCCCTCTGCAGCCTGCTG_026,35
TTTCCCTCTGCAGCCTGCTG_027,35
GCAGAATTGCTGGATAGGTA_001,12
GCAGAATTGCTGGATAGGTA_002,31
GCAGAATTGCTGGATAGGTA_003,36
GCAGAATTGCTGGATAGGTA_004,144
GCAGAATTGCTGGATAGGTA_005,174
GCAGAATTGCTGGATAGGTA_006,9
GCAGAATTGCTGGATAGGTA_007,113
GCAGAATTGCTGGATAGGTA_008,41
GCAGAATTGCTGGATAGGTA_009,124
GCAGAATTGCTGGATAGGTA_010,188
GCAGAATTGCTGGATAGGTA_011,28
GCAGAATTGCTGGATAGGTA_012,58
GCAGAATTGCTGGATAGGTA_013,121
GCAGAATTGCTGGATAGGTA_014,166
GCAGAATTGCTGGATAGGTA_015,24
ACTCACCTACAAAATGGGCT_001,27
ACTCACCTACAAAATGGGCT_002,183
ACTCACCTACAAAATGGGCT_003,159
ACTCACCTACAAAATGGGCT_004,50
ACTCACCTACAAAATGGGCT_005,108
ACTCACCTACAAAATGGGCT_006,108
ACTCACCTACAAAATGGGCT_007,62
ACTCACCTACAAAATGGGCT_008,80
ACTCACCTACAAAATGGGCT_009,168
ACTCACCTACAAAATGGGCT_010,0
ACTCACCTACAAAATGGGCT_011,138
GGATTATCAGGATAACACTC_001,126
GGATTATCAGGATAACACTC_002,67
GGATTATCAGGATAACACTC_003,116
GGATTATCAGGATAACACTC_004,177
GGATTATCAGGATAACACTC_005,108
GGATTATCAGGATAACACTC_006,69
GGATTATCAGGATAACACTC_007,184
GGATTATCAGGATAACACTC_008,171
GGATTATCAGGATAACACTC_009,28
GGATTATCAGGATAACACTC_010,44
GGATTATCAGGATAACACTC_011,35
GGATTATCAGGATAACACTC_012,15
GGCCTCCAAACACACCACGG_001,94
GGCCTCCAAACACACCACGG_002,199
GGCCTCCAAACACACCACGG_003,2
GGCCTCCAAACACACCACGG_004,30
GGCCTCCAAACACACCACGG_005,4
GGCCTCCAAACACACCACGG_006,29
GGCCTCCAAACACACCACGG_007,64
GGCCTCCAAACACACCACGG_008,36
GGCCTCCAAACACACCACGG_009,78
GGCCTCCAAACACACCACGG_010,94
GGCCTCCAAACACACCACGG_011,52
GGCCTCCAAACACACCACGG_012,178
GGCCTCCAAACACACCACGG_013,197
GGCCTCCAAACACACCACGG_014,137
GGCCTCCAAACACACCACGG_015,76
GGCCTCCAAACACACCACGG_016,127
GGCCTCCAAACACACCACGG_017,12
GGCCTCCAAACACACCACGG_018,46
GGCCTCCAAACACACCACGG_019,61
GGCCTCCAAACACACCACGG_020,34
GGCCTCCAAACACACCACGG_021,10
TCCCAGGTCACACAAAACAC_001,5
TCCCAGGTCACACAAAACAC_002,62
TCCCAGGTCACACAAAACAC_003,143
TCCCAGGTCACACAAAACAC_004,76
TCCCAGGTCACACAAAACAC_005,102
TCCCAGGTCACACAAAACAC_006,96
TCCCAGGTCACACAAAACAC_007,77
TCTACTTGCTCAGTAAAACG_001,41
TCTACTTGCTCAGTAAAACG_002,49
TCTACTTGCTCAGTAAAACG_003,184
GGGTGATGGAACAGACACAT_001,160
GGGTGATGGAACAGACACAT_002,172
GGGTGATGGAACAGACACAT_003,177
GGGTGATGGAACAGACACAT_004,95
GGGTGATGGAACAGACACAT_005,111
GGGTGATGGAACAGACACAT_006,113
GGGTGATGGAACAGACACAT_007,2
TGCAGGTATGTCCGTCCAGG_001,42
TGCAGGTATGTCCGTCCAGG_002,165
TGCAGGTATGTCCGTCCAGG_003,184
TGCAGGTATGTCCGTCCAGG_004,174
TGCAGGTATGTCCGTCCAGG_005,170
TGCAGGTATGTCCGTCCAGG_006,19
AATATCCAATCGGTGACCCA_001,162
AATATCCAATCGGTGACCCA_002,177
AATATCCAATCGGTGACCCA_003,121
CATGTGGATGGAGAATGAAG_001,169
CATGTGGATGGAGAATGAAG_002,172
CATGTGGATGGAGAATGAAG_003,136
GCTTCCACCATTGCAATCCG_001,68
GCTTCCACCATTGCAATCCG_002,38
CCTGGCTTGAACGGACGATG_001,0
CCTGGCTTGAACGGACGATG_002,176
CCTGGCTTGAACGGACGATG_003,41
CCTGGCTTGAACGGACGATG_004,51
CCTGGCTTGAACGGACGATG_005,105
CCTGGCTTGAACGGACGATG_006,12
CCTGGCTTGAACGGACGATG_007,83
CCTGGCTTGAACGGACGATG_008,82
CCTGGCTTGAACGGACGATG_009,9
CCTGGCTTGAACGGACGATG_010,157
CCTGGCTTGAACGGACGATG_011,185
CCTGGCTTGAACGGACGATG_012,147
CCTGGCTTGAACGGACGATG_013,143
CCTGGCTTGAACGGACGATG_014,143
CCTGGCTTGAACGGACGATG_015,116
CCTGGCTTGAACGGACGATG_016,49
CCTGGCTTGAACGGACGATG_017,180
CCTGGCTTGAACGGACGATG_018,177
CCTGGCTTGAACGGACGATG_019,126
CCTGGCTTGAACGGACGATG_020,64
CCTGGCTTGAACGGACGATG_021,10
CCTGGCTTGAACGGACGATG_022,33
CCTGGCTTGAACGGACGATG_023,43
GAATCTCCTGTGAATCAGCT_001,94
GAATCTCCTGTGAATCAGCT_002,139
GAATCTCCTGTGAATCAGCT_003,112
GAATCTCCTGTGAATCAGCT_004,185
GAATCTCCTGTGAATCAGCT_005,91
GAATCTCCTGTGAATCAGCT_006,147
GAATCTCCTGTGAATCAGCT_007,84
GAATCTCCTGTGAATCAGCT_008,12
GAATCTCCTGTGAATCAGCT_009,60
GAATCTCCTGTGAATCAGCT_010,83
GAATCTCCTGTGAATCAGCT_011,31
GAATCTCCTGTGAATCAGCT_012,155
GAATCTCCTGTGAATCAGCT_013,13
GAATCTCCTGTGAATCAGCT_014,34
GAATCTCCTGTGAATCAGCT_015,68
GAATCTCCTGTGAATCAGCT_016,41
GAATCTCCTGTGAATCAGCT_017,82
GAATCTCCTGTGAATCAGCT_018,185
GAATCTCCTGTGAATCAGCT_019,62
GCTGGCCCGAGGCCGCAACG_001,145
GCTGGCCCGAGGCCGCAACG_002,37
GCTGGCCCGAGGCCGCAACG_003,188
AGCAGGACAATTTCAGCACA_001,188
AGCAGGACAATTTCAGCACA_002,2
AGCAGGACAATTTCAGCACA_003,41
AGCAGGACAATTTCAGCACA_004,15
AGCAGGACAATTTCAGCACA_005,43
AGCAGGACAATTTCAGCACA_006,190
AGCAGGACAATTTCAGCACA_007,146
AGCAGGACAATTTCAGCACA_008,70
AGCAGGACAATTTCAGCACA_009,160
AGCAGGACAATTTCAGCACA_010,184
AGCAGGACAATTTCAGCACA_011,137
AGCAGGACAATTTCAGCACA_012,95
AGCAGGACAATTTCAGCACA_013,68
AGCAGGACAATTTCAGCACA_014,119
AGCAGGACAATTTCAGCACA_015,105
AGCAGGACAATTTCAGCACA_016,0
AGCAGGACAATTTCAGCACA_017,34
AGCAGGACAATTTCAGCACA_018,106
AGGCTCTCGAGAGATATACA_001,143
AGGCTCTCGAGAGATATACA_002,77
AGGCTCTCGAGAGATATACA_003,15
AGGCTCTCGAGAGATATACA_004,84
AGGCTCTCGAGAGATATACA_005,180
AGGCTCTCGAGAGATATACA_006,184
CTTTAGCTTGATATGCAACG_001,162
CTTTAGCTTGATATGCAACG_002,162
CTTTAGCTTGATATGCAACG_003,128
CTTTAGCTTGATATGCAACG_004,76
CTTTAGCTTGATATGCAACG_005,84
CTTTAGCTTGATATGCAACG_006,30
CTTTAGCTTGATATGCAACG_007,52
TACAATTTAGTCAGCAAACG_001,13
TACAATTTAGTCAGCAAACG_002,81
TACAATTTAGTCAGCAAACG_003,19
TACAATTTAGTCAGCAAACG_004,16
TGTGAACTTCCAGCATACGA_001,138
TGTGAACTTCCAGCATACGA_002,44
TGTGAACTTCCAGCATACGA_003,93
TGTGAACTTCCAGCATACGA_004,13
TGTGAACTTCCAGCATACGA_005,94
GGCCTGATGCACTCACAACA_001,103
GGCCTGATGCACTCACAACA_002,15
GGCCTGATGCACTCACAACA_003,133
GGCCTGATGCACTCACAACA_004,17
GGCCTGATGCACTCACAACA_005,137
GGCCTGATGCACTCACAACA_006,102
GGCCTGATGCACTCACAACA_007,160
GGCCTGATGCACTCACAACA_008,85
GGCCTGATGCACTCACAACA_009,155
GGCCTGATGCACTCACAACA_010,146
GGCCTGATGCACTCACAACA_011,81
GGCCTGATGCACTCACAACA_012,150
GGCCTGATGCACTCACAACA_013,182
GGCCTGATGCACTCACAACA_014,38
GGCCTGATGCACTCACAACA_015,62
GGCCTGATGCACTCACAACA_016,160
GGCCTGATGCACTCACAACA_017,94
GGCCTGATGCACTCACAACA_018,130
GGCCTGATGCACTCACAACA_019,23
GGCCTGATGCACTCACAACA_020,178
GGCCTGATGCACTCACAACA_021,152
GGCCTGATGCACTCACAACA_022,97
GGCCTGATGCACTCACAACA_023,66
GGCCTGATGCACTCACAACA_024,90
GGCCTGATGCACTCACAACA_025,159
GTACTGACCATGTGCAACGG_001,160
GTACTGACCATGTGCAACGG_002,98
GTACTGACCATGTGCAACGG_003,76
GTACTGACCATGTGCAACGG_004,168
GTACTGACCATGTGCAACGG_005,76
GTACTGACCATGTGCAACGG_006,133
GTACTGACCATGTGCAACGG_007,2
GTACTGACCATGTGCAACGG_008,199
GTACTGACCATGTGCAACGG_009,148
GTACTGACCATGTGCAACGG_010,88
GTACTGACCATGTGCAACGG_011,129
GTACTGACCATGTGCAACGG_012,15
GTACTGACCATGTGCAACGG_013,186
GTACTGACCATGTGCAACGG_014,17
GTACTGACCATGTGCAACGG_015,38
GTACTGACCATGTGCAACGG_016,149
GTACTGACCATGTGCAACGG_017,195
GTACTGACCATGTGCAACGG_018,169
GTACTGACCATGTGCAACGG_019,1
GTACTGACCATGTGCAACGG_020,130
GTACTGACCATGTGCAACGG_021,62
GTACTGACCATGTGCAACGG_022,55
GTACTGACCATGTGCAACGG_023,170
GTACTGACCATGTGCAACGG_024,94
GTACTGACCATGTGCAACGG_025,20
GTACTGACCATGTGCAACGG_026,184
GTACTGACCATGTGCAACGG_027,12
GTACTGACCATGTGCAACGG_028,104
GTACTGACCATGTGCAACGG_029,147
GTACTGACCATGTGCAACGG_030,121
GTACTGACCATGTGCAACGG_031,13
GTACTGACCATGTGCAACGG_032,184
GTACTGACCATGTGCAACGG_033,137
GTACTGACCATGTGCAACGG_034,127
GTACTGACCATGTGCAACGG_035,83
GTACTGACCATGTGCAACGG_036,94
GTACTGACCATGTGCAACGG_037,97
GTACTGACCATGTGCAACGG_038,188
GTACTGACCATGTGCAACGG_039,66
TGGAATATGGAGGCCAGACA_001,154
TGGAATATGGAGGCCAGACA_002,154
TGGAATATGGAGGCCAGACA_003,124
TGGAATATGGAGGCCAGACA_004,157
TGGAATATGGAGGCCAGACA_005,83
TGGAATATGGAGGCCAGACA_006,107
TGGAATATGGAGGCCAGACA_007,107
TGGAATATGGAGGCCAGACA_008,149
TGGAATATGGAGGCCAGACA_009,103
TGGAATATGGAGGCCAGACA_010,1
TGGAATATGGAGGCCAGACA_011,150
TGGAATATGGAGGCCAGACA_012,105
TGGAATATGGAGGCCAGACA_013,67
TGGAATATGGAGGCCAGACA_014,22
TGGAATATGGAGGCCAGACA_015,86
GTAAGTGCTTTAAACCGGAG_001,145
GTAAGTGCTTTAAACCGGAG_002,128
GTAAGTGCTTTAAACCGGAG_003,53
TATCCACAGGAGTGAAACCT_001,184
TATCCACAGGAGTGAAACCT_002,103
TATCCACAGGAGTGAAACCT_003,134
TATCCACAGGAGTGAAACCT_004,89
TATCCACAGGAGTGAAACCT_005,58
TATCCACAGGAGTGAAACCT_006,76
TATCCACAGGAGTGAAACCT_007,23
TATCCACAGGAGTGAAACCT_008,104
TATCCACAGGAGTGAAACCT_009,119
TATCCACAGGAGTGAAACCT_010,60
TATCCACAGGAGTGAAACCT_011,127
TATCCACAGGAGTGAAACCT_012,180
CCAGCCATGTCAAGGAACCC_001,104
CCAGCCATGTCAAGGAACCC_002,58
CCAGCCATGTCAAGGAACCC_003,169
CCAGCCATGTCAAGGAACCC_004,67
CCAGCCATGTCAAGGAACCC_005,60
CCAGCCATGTCAAGGAACCC_006,11
TGCCAGGAGAGCCGTCCCTG_001,19
TGCCAGGAGAGCCGTCCCTG_002,127
TGCCAGGAGAGCCGTCCCTG_003,163
TGCCAGGAGAGCCGTCCCTG_004,195
TGCCAGGAGAGCCGTCCCTG_005,176
TGCCAGGAGAGCCGTCCCTG_006,140
TGCCAGGAGAGCCGTCCCTG_007,15
TGCCAGGAGAGCCGTCCCTG_008,96
TGCCAGGAGAGCCGTCCCTG_009,81
TGCCAGGAGAGCCGTCCCTG_010,74
TGCCAGGAGAGCCGTCCCTG_011,153
TGCCAGGAGAGCCGTCCCTG_012,179
TGCCAGGAGAGCCGTCCCTG_013,187
TGCCAGGAGAGCCGTCCCTG_014,28
TGCCAGGAGAGCCGTCCCTG_015,16
TGCCAGGAGAGCCGTCCCTG_016,1
TGCCAGGAGAGCCGTCCCTG_017,197
TGCCAGGAGAGCCGTCCCTG_018,144
TGCCAGGAGAGCCGTCCCTG_019,191
TGCCAGGAGAGCCGTCCCTG_020,40
TGCCAGGAGAGCCGTCCCTG_021,115
TGCCAGGAGAGCCGTCCCTG_022,8
TGCCAGGAGAGCCGTCCCTG_023,117
TGCCAGGAGAGCCGTCCCTG_024,63
TGCCAGGAGAGCCGTCCCTG_025,180
TGCCAGGAGAGCCGTCCCTG_026,157
TGCCAGGAGAGCCGTCCCTG_027,6
TGCCAGGAGAGCCGTCCCTG_028,196
AACAGCAATCACAAGGCGGG_001,49
AACAGCAATCACAAGGCGGG_002,94
AACAGCAATCACAAGGCGGG_003,15
AACAGCAATCACAAGGCGGG_004,69
AACAGCAATCACAAGGCGGG_005,76
AACAGCAATCACAAGGCGGG_006,68
AACAGCAATCACAAGGCGGG_007,165
AACAGCAATCACAAGGCGGG_008,169
AACAGCAATCACAAGGCGGG_009,73
AACAGCAATCACAAGGCGGG_010,57
AACAGCAATCACAAGGCGGG_011,112
AACAGCAATCACAAGGCGGG_012,156
AACAGCAATCACAAGGCGGG_013,138
GGGGGCGTTTCCTACACGCA_001,197
GGGGGCGTTTCCTACACGCA_002,160
GGGGGCGTTTCCTACACGCA_003,29
TTCTTGTGATCAAACTGCAT_001,41
TTCTTGTGATCAAACTGCAT_002,128
TTCTTGTGATCAAACTGCAT_003,184
TTCTTGTGATCAAACTGCAT_004,45
TTCTTGTGATCAAACTGCAT_005,57
TTCTTGTGATCAAACTGCAT_006,164
TTCTTGTGATCAAACTGCAT_007,81
TTCTTGTGATCAAACTGCAT_008,70
TTCTTGTGATCAAACTGCAT_009,43
GTTGCAAATAACTCTCACTT_001,187
GTTGCAAATAACTCTCACTT_002,36
GTTGCAAATAACTCTCACTT_003,180
TAAGGCGACCTGCGCTTGTG_001,107
TAAGGCGACCTGCGCTTGTG_002,149
TAAGGCGACCTGCGCTTGTG_003,130
TAAGGCGACCTGCGCTTGTG_004,154
TAAGGCGACCTGCGCTTGTG_005,1
TAAGGCGACCTGCGCTTGTG_006,78
TAAGGCGACCTGCGCTTGTG_007,142
TAAGGCGACCTGCGCTTGTG_008,152
TAAGGCGACCTGCGCTTGTG_009,41
TAAGGCGACCTGCGCTTGTG_010,58
TAAGGCGACCTGCGCTTGTG_011,18
TAAGGCGACCTGCGCTTGTG_012,152
TAAGGCGACCTGCGCTTGTG_013,50
TAAGGCGACCTGCGCTTGTG_014,98
TAAGGCGACCTGCGCTTGTG_015,130
TAAGGCGACCTGCGCTTGTG_016,98
TAAGGCGACCTGCGCTTGTG_017,65
TAAGGCGACCTGCGCTTGTG_018,188
TAAGGCGACCTGCGCTTGTG_019,51
TAAGGCGACCTGCGCTTGTG_020,178
TAAGGCGACCTGCGCTTGTG_021,17
TAAGGCGACCTGCGCTTGTG_022,78
TAAGGCGACCTGCGCTTGTG_023,77
TAAGGCGACCTGCGCTTGTG_024,43
TAAGGCGACCTGCGCTTGTG_025,2
TAAGGCGACCTGCGCTTGTG_026,10
TAAGGCGACCTGCGCTTGTG_027,169
TAAGGCGACCTGCGCTTGTG_028,13
TAAGGCGACCTGCGCTTGTG_029,43
TAAGGCGACCTGCGCTTGTG_030,16
TAAGGCGACCTGCGCTTGTG_031,19
TAAGGCGACCTGCGCTTGTG_032,140
TAAGGCGACCTGCGCTTGTG_033,162
TAAGGCGACCTGCGCTTGTG_034,78
TAAGGCGACCTGCGCTTGTG_035,8
TAAGGCGACCTGCGCTTGTG_036,29
TAAGGCGACCTGCGCTTGTG_037,122
TAAGGCGACCTGCGCTTGTG_038,160
TAAGGCGACCTGCGCTTGTG_039,117
TAAGGCGACCTGCGCTTGTG_040,161
TAAGGCGACCTGCGCTTGTG_041,19
TAAGGCGACCTGCGCTTGTG_042,27
TAAGGCGACCTGCGCTTGTG_043,115
TAAGGCGACCTGCGCTTGTG_044,84
TAAGGCGACCTGCGCTTGTG_045,136
TAAGGCGACCTGCGCTTGTG_046,46
TAAGGCGACCTGCGCTTGTG_047,116
TAAGGCGACCTGCGCTTGTG_048,48
TAAGGCGACCTGCGCTTGTG_049,2
TAAGGCGACCTGCGCTTGTG_050,48
TGTGATGTGATTGTGCCTCA_001,163
TGTGATGTGATTGTGCCTCA_002,73
TGTGATGTGATTGTGCCTCA_003,96
TGTGATGTGATTGTGCCTCA_004,92
TGTGATGTGATTGTGCCTCA_005,116
TGTGATGTGATTGTGCCTCA_006,70
TGTGATGTGATTGTGCCTCA_007,113
AAGGACTTAAACCAGGCTGG_001,56
AAGGACTTAAACCAGGCTGG_002,33
AAGGACTTAAACCAGGCTGG_003,15
AAGGACTTAAACCAGGCTGG_004,81
AAGGACTTAAACCAGGCTGG_005,150
AAGGACTTAAACCAGGCTGG_006,22
GCAGCGGCTCCCTATAGGGT_001,78
GCAGCGGCTCCCTATAGGGT_002,37
GCAGCGGCTCCCTATAGGGT_003,123
GGATCGTGGTCTATGTGGTA_001,7
GGATCGTGGTCTATGTGGTA_002,166
GGATCGTGGTCTATGTGGTA_003,154
GGATCGTGGTCTATGTGGTA_004,194
GGATCGTGGTCTATGTGGTA_005,175
GGATCGTGGTCTATGTGGTA_006,100
GGATCGTGGTCTATGTGGTA_007,17
GGATCGTGGTCTATGTGGTA_008,78
GGATCGTGGTCTATGTGGTA_009,136
GGATCGTGGTCTATGTGGTA_010,50
GGATCGTGGTCTATGTGGTA_011,127
GGATCGTGGTCTATGTGGTA_012,34
GGATCGTGGTCTATGTGGTA_013,58
GGATCGTGGTCTATGTGGTA_014,170
GGATCGTGGTCTATGTGGTA_015,15
GGATCGTGGTCTATGTGGTA_016,97
GGATCGTGGTCTATGTGGTA_017,75
GGATCGTGGTCTATGTGGTA_018,148
TCGGTCTCACAGCAAGACAC_001,199
TCGGTCTCACAGCAAGACAC_002,15
TCGGTCTCACAGCAAGACAC_003,130
TCGGTCTCACAGCAAGACAC_004,7
TCGGTCTCACAGCAAGACAC_005,2
TCGGTCTCACAGCAAGACAC_006,63
TCGGTCTCACAGCAAGACAC_007,24
TCGGTCTCACAGCAAGACAC_008,194
TCGGTCTCACAGCAAGACAC_009,154
TCGGTCTCACAGCAAGACAC_010,67
TCGGTCTCACAGCAAGACAC_011,110
GAACCTAGACAAGAACACCG_001,178
GAACCTAGACAAGAACACCG_002,106
GAACCTAGACAAGAACACCG_003,58
GAACCTAGACAAGAACACCG_004,185
GAACCTAGACAAGAACACCG_005,80
GAACCTAGACAAGAACACCG_006,189
GAACCTAGACAAGAACACCG_007,68
GAACCTAGACAAGAACACCG_008,184
GAACCTAGACAAGAACACCG_009,40
GAACCTAGACAAGAACACCG_010,27
GAACCTAGACAAGAACACCG_011,23
TAAGGTTGGAATACACACCA_001,149
TAAGGTTGGAATACACACCA_002,64
TAAGGTTGGAATACACACCA_003,161
TAAGGTTGGAATACACACCA_004,59
TAAGGTTGGAATACACACCA_005,59
TAAGGTTGGAATACACACCA_006,168
TAAGGTTGGAATACACACCA_007,56
TAAGGTTGGAATACACACCA_008,94
TAAGGTTGGAATACACACCA_009,156
TAAGGTTGGAATACACACCA_010,34
TAAGGTTGGAATACACACCA_011,127
TAAGGTTGGAATACACACCA_012,182
TAAGGTTGGAATACACACCA_013,63
TAAGGTTGGAATACACACCA_014,149
ACAGGCAAAGGAGCCATGTG_001,162
ACAGGCAAAGGAGCCATGTG_002,142
ACAGGCAAAGGAGCCATGTG_003,50
ACAGGCAAAGGAGCCATGTG_004,151
ACAGGCAAAGGAGCCATGTG_005,181
ACAGGCAAAGGAGCCATGTG_006,120
ACAGGCAAAGGAGCCATGTG_007,147
ACAGGCAAAGGAGCCATGTG_008,191
ACAGGCAAAGGAGCCATGTG_009,14
ACAGGCAAAGGAGCCATGTG_010,192
ACAGGCAAAGGAGCCATGTG_011,17
ACAGGCAAAGGAGCCATGTG_012,163
ACAGGCAAAGGAGCCATGTG_013,83
ACAGGCAAAGGAGCCATGTG_014,129
ACAGGCAAAGGAGCCATGTG_015,147
ACAGGCAAAGGAGCCATGTG_016,58
ACAGGCAAAGGAGCCATGTG_017,118
ACAGGCAAAGGAGCCATGTG_018,198
ACAGGCAAAGGAGCCATGTG_019,146
ACAGGCAAAGGAGCCATGTG_020,136
ACAGGCAAAGGAGCCATGTG_021,106
ACAGGCAAAGGAGCCATGTG_022,84
ACAGGCAAAGGAGCCATGTG_023,8
ACAGGCAAAGGAGCCATGTG_024,113
CAAGATGTGCCTCAACTACG_001,147
CAAGATGTGCCTCAACTACG_002,85
CAAGATGTGCCTCAACTACG_003,3
CAAGATGTGCCTCAACTACG_004,19
CAAGATGTGCCTCAACTACG_005,58
CAAGATGTGCCTCAACTACG_006,169
CAAGATGTGCCTCAACTACG_007,190
CAAGATGTGCCTCAACTACG_008,77
CAAGATGTGCCTCAACTACG_009,105
CAAGATGTGCCTCAACTACG_010,90
CAAGATGTGCCTCAACTACG_011,115
CAAGATGTGCCTCAACTACG_012,127
CACCTTCGTCAAGTCCGGCG_001,162
CACCTTCGTCAAGTCCGGCG_002,35
CACCTTCGTCAAGTCCGGCG_003,35
GACCAAGCCTCCTACTGAGG_001,94
GACCAAGCCTCCTACTGAGG_002,137
GACCAAGCCTCCTACTGAGG_003,114
GACCAAGCCTCCTACTGAGG_004,174
GACCAAGCCTCCTACTGAGG_005,40
GACCAAGCCTCCTACTGAGG_006,178
GACCAAGCCTCCTACTGAGG_007,95
GACCAAGCCTCCTACTGAGG_008,135
GACCAAGCCTCCTACTGAGG_009,159
GACCAAGCCTCCTACTGAGG_010,9
GACCAAGCCTCCTACTGAGG_011,14
GACCAAGCCTCCTACTGAGG_012,0
GACCAAGCCTCCTACTGAGG_013,138
GACCAAGCCTCCTACTGAGG_014,8
GACCAAGCCTCCTACTGAGG_015,37
GGGAACGCTCACGGACTGTG_001,134
GGGAACGCTCACGGACTGTG_002,2
ATCTCAGCATCACATAGTCG_001,189
ATCTCAGCATCACATAGTCG_002,1
ATCTCAGCATCACATAGTCG_003,184
ATCTCAGCATCACATAGTCG_004,50
GGTTGTCCGGACAATCAAAG_001,87
GGTTGTCCGGACAATCAAAG_002,181
GGTTGTCCGGACAATCAAAG_003,69
GGTTGTCCGGACAATCAAAG_004,105
GGTTGTCCGGACAATCAAAG_005,77
GGTTGTCCGGACAATCAAAG_006,91
GGTTGTCCGGACAATCAAAG_007,127
GGTTGTCCGGACAATCAAAG_008,162
GGTTGTCCGGACAATCAAAG_009,45
GGTTGTCCGGACAATCAAAG_010,68
CCAGGAGGTGCCCACTACAG_001,28
CCAGGAGGTGCCCACTACAG_002,184
CCAGGAGGTGCCCACTACAG_003,60
CCAGGAGGTGCCCACTACAG_004,78
CCAGGAGGTGCCCACTACAG_005,17
CCAGGAGGTGCCCACTACAG_006,105
CCAGGAGGTGCCCACTACAG_007,79
CCAGGAGGTGCCCACTACAG_008,88
CCAGGAGGTGCCCACTACAG_009,115
CCAGGAGGTGCCCACTACAG_010,10
CCAGGAGGTGCCCACTACAG_011,23
CCAGGAGGTGCCCACTACAG_012,23
CCAGGAGGTGCCCACTACAG_013,174
CCAGGAGGTGCCCACTACAG_014,20
CCAGGAGGTGCCCACTACAG_015,83
CCAGGAGGTGCCCACTACAG_016,81
CCAGGAGGTGCCCACTACAG_017,81
CCAGGAGGTGCCCACTACAG_018,129
CCAGGAGGTGCCCACTACAG_019,158
CCAGGAGGTGCCCACTACAG_020,187
CCAGGAGGTGCCCACTACAG_021,181
CCAGGAGGTGCCCACTACAG_022,78
CCAGGAGGTGCCCACTACAG_023,161
CCAGGAGGTGCCCACTACAG_024,52
CCAGGAGGTGCCCACTACAG_025,162
CCAGGAGGTGCCCACTACAG_026,106
CCAGGAGGTGCCCACTACAG_027,177
CCAGGAGGTGCCCACTACAG_028,25
CCAGGAGGTGCCCACTACAG_029,186
ACTCACCGAAGGTGGTACCC_001,178
ACTCGAAATCACCTATGGTA_001,112
ACTCGAAATCACCTATGGTA_002,136
ACTCGAAATCACCTATGGTA_003,153
ACTCGAAATCACCTATGGTA_004,76
ACTCGAAATCACCTATGGTA_005,88
ACTCGAAATCACCTATGGTA_006,193
ACTCGAAATCACCTATGGTA_007,11
ACTCGAAATCACCTATGGTA_008,140
ACTCGAAATCACCTATGGTA_009,12
ACTCGAAATCACCTATGGTA_010,175
ACTCGAAATCACCTATGGTA_011,40
ACTCGAAATCACCTATGGTA_012,139
ACTCGAAATCACCTATGGTA_013,39
ACTCGAAATCACCTATGGTA_014,27
ACTCGAAATCACCTATGGTA_015,189
GCTCAGTTAAAGGATGAGGT_001,144
GCTCAGTTAAAGGATGAGGT_002,6
GCTCAGTTAAAGGATGAGGT_003,103
GCTCAGTTAAAGGATGAGGT_004,134
GCTCAGTTAAAGGATGAGGT_005,11
GCTCAGTTAAAGGATGAGGT_006,162
GCTCAGTTAAAGGATGAGGT_007,143
GCTCAGTTAAAGGATGAGGT_008,14
GCTCAGTTAAAGGATGAGGT_009,1
GCTCAGTTAAAGGATGAGGT_010,149
GCTCAGTTAAAGGATGAGGT_011,192
GCTCAGTTAAAGGATGAGGT_012,71
GCTCAGTTAAAGGATGAGGT_013,175
GCTCAGTTAAAGGATGAGGT_014,89
GCTCAGTTAAAGGATGAGGT_015,42
GCTCAGTTAAAGGATGAGGT_016,88
GCTCAGTTAAAGGATGAGGT_017,56
AGCTGTCAGAAATCATTGAG_001,144
AGCTGTCAGAAATCATTGAG_002,115
AGCTGTCAGAAATCATTGAG_003,9
AGCTGTCAGAAATCATTGAG_004,126
AGCTGTCAGAAATCATTGAG_005,58
AGCTGTCAGAAATCATTGAG_006,58
AGCTGTCAGAAATCATTGAG_007,0
AGCTGTCAGAAATCATTGAG_008,3
GAGTACATTACAGACGCCAT_001,161
GAGTACATTACAGACGCCAT_002,80
GAGTACATTACAGACGCCAT_003,150
GAGTACATTACAGACGCCAT_004,178
GAGTACATTACAGACGCCAT_005,1
GAGTACATTACAGACGCCAT_006,88
GAGTACATTACAGACGCCAT_007,184
GGTCCTCGTCCTTCACAGGG_001,145
GGTCCTCGTCCTTCACAGGG_002,24
GGTCCTCGTCCTTCACAGGG_003,82
GGTCCTCGTCCTTCACAGGG_004,95
GGTCCTCGTCCTTCACAGGG_005,171
GGTCCTCGTCCTTCACAGGG_006,82
GGTCCTCGTCCTTCACAGGG_007,57
GGTCCTCGTCCTTCACAGGG_008,136
AGAAGATCGTGTTTGTAACG_001,176
AGAAGATCGTGTTTGTAACG_002,22
AGAAGATCGTGTTTGTAACG_003,39
GGTGTTCAGGCAGTAGTCCG_001,161
GGTGTTCAGGCAGTAGTCCG_002,61
GGTGTTCAGGCAGTAGTCCG_003,82
GGTGTTCAGGCAGTAGTCCG_004,65
GGTGTTCAGGCAGTAGTCCG_005,32
GGTGTTCAGGCAGTAGTCCG_006,53
GGTGTTCAGGCAGTAGTCCG_007,35
GGTGTTCAGGCAGTAGTCCG_008,183
GGTGTTCAGGCAGTAGTCCG_009,138
GGTGTTCAGGCAGTAGTCCG_010,10
GGTGTTCAGGCAGTAGTCCG_011,3
GGTGTTCAGGCAGTAGTCCG_012,30
GGTGTTCAGGCAGTAGTCCG_013,108
GAACCAGTAACCATGAACTG_001,91
GAACCAGTAACCATGAACTG_002,170
GAACCAGTAACCATGAACTG_003,17
GAACCAGTAACCATGAACTG_004,56
GAACCAGTAACCATGAACTG_005,77
GAACCAGTAACCATGAACTG_006,65
GAACCAGTAACCATGAACTG_007,106
GAACCAGTAACCATGAACTG_008,91
GAACCAGTAACCATGAACTG_009,45
AGAGGAGGCAGGCACAAAGG_001,50
AGAGGAGGCAGGCACAAAGG_002,73
AGAGGAGGCAGGCACAAAGG_003,8
AGAGGAGGCAGGCACAAAGG_004,124
AGAGGAGGCAGGCACAAAGG_005,71
TCCCATGTGTAACAGGTACG_001,191
TCCCATGTGTAACAGGTACG_002,94
ACGCCGTCTAGATGTCATGG_001,29
CCAGAACTGACTTGTCTCGG_001,134
CCAGAACTGACTTGTCTCGG_002,98
CCAGAACTGACTTGTCTCGG_003,178
CAGTCTGTGAAAGGACGCTG_001,88
CAGTCTGTGAAAGGACGCTG_002,68
CAGTCTGTGAAAGGACGCTG_003,29
CAGTCTGTGAAAGGACGCTG_004,184
CAGTCTGTGAAAGGACGCTG_005,145
CAGTCTGTGAAAGGACGCTG_006,127
CAGTCTGTGAAAGGACGCTG_007,76
CAGTCTGTGAAAGGACGCTG_008,81
CAGTCTGTGAAAGGACGCTG_009,154
CAGTCTGTGAAAGGACGCTG_010,18
CAGTCTGTGAAAGGACGCTG_011,18
CAGTCTGTGAAAGGACGCTG_012,137
CAGTCTGTGAAAGGACGCTG_013,162
TGGTGGTGAACGCAGACGAG_001,26
TGGTGGTGAACGCAGACGAG_002,96
TGGTGGTGAACGCAGACGAG_003,1
TGGTGGTGAACGCAGACGAG_004,88
TGGTGGTGAACGCAGACGAG_005,173
TGGTGGTGAACGCAGACGAG_006,77
TGGTGGTGAACGCAGACGAG_007,60
TGGTGGTGAACGCAGACGAG_008,51
TGGTGGTGAACGCAGACGAG_009,185
TGGTGGTGAACGCAGACGAG_010,118
TGGTGGTGAACGCAGACGAG_011,118
TGGTGGTGAACGCAGACGAG_012,106
TGGTGGTGAACGCAGACGAG_013,70
TGGTGGTGAACGCAGACGAG_014,184
TGGTGGTGAACGCAGACGAG_015,69
TGGTGGTGAACGCAGACGAG_016,103
TGGTGGTGAACGCAGACGAG_017,1
TGGTGGTGAACGCAGACGAG_018,141
TGGTGGTGAACGCAGACGAG_019,28
TGGTGGTGAACGCAGACGAG_020,4
TGGTGGTGAACGCAGACGAG_021,177
CACAGACCCCGTAACCAACG_001,120
CACAGACCCCGTAACCAACG_002,151
CACAGACCCCGTAACCAACG_003,15
CACAGACCCCGTAACCAACG_004,85
CACAGACCCCGTAACCAACG_005,81
CACAGACCCCGTAACCAACG_006,78
CACAGACCCCGTAACCAACG_007,41
CACAGACCCCGTAACCAACG_008,117
CACAGACCCCGTAACCAACG_009,177
GACTTTGACGGCAAGAACCG_001,27
GACTTTGACGGCAAGAACCG_002,168
GACTTTGACGGCAAGAACCG_003,168
GACTTTGACGGCAAGAACCG_004,52
GAGAGCGAGCTTAAGCATAG_001,154
GAGAGCGAGCTTAAGCATAG_002,151
GAGAGCGAGCTTAAGCATAG_003,11
GAGAGCGAGCTTAAGCATAG_004,188
GAGAGCGAGCTTAAGCATAG_005,5
GAGAGCGAGCTTAAGCATAG_006,196
GAGAGCGAGCTTAAGCATAG_007,125
GAGAGCGAGCTTAAGCATAG_008,169
GAGAGCGAGCTTAAGCATAG_009,60
GAGAGCGAGCTTAAGCATAG_010,137
GAGAGCGAGCTTAAGCATAG_011,79
GAGAGCGAGCTTAAGCATAG_012,130
GAGAGCGAGCTTAAGCATAG_013,191
GAGAGCGAGCTTAAGCATAG_014,133
GTACTCAAAATAGCAGATGG_001,34
GTGTTTCTACCAGTCCGCGC_001,190
GTGTTTCTACCAGTCCGCGC_002,153
GTGTTTCTACCAGTCCGCGC_003,61
GTGTTTCTACCAGTCCGCGC_004,118
GTGTTTCTACCAGTCCGCGC_005,130
GTGTTTCTACCAGTCCGCGC_006,44
GTGTTTCTACCAGTCCGCGC_007,53
GTGTTTCTACCAGTCCGCGC_008,172
GTGTTTCTACCAGTCCGCGC_009,102
GTGTTTCTACCAGTCCGCGC_010,87
GTGTTTCTACCAGTCCGCGC_011,87
GTGTTTCTACCAGTCCGCGC_012,29
GTGTTTCTACCAGTCCGCGC_013,48
GTGTTTCTACCAGTCCGCGC_014,69
GTGTTTCTACCAGTCCGCGC_015,108
GTGTTTCTACCAGTCCGCGC_016,169
GTGTTTCTACCAGTCCGCGC_017,156
GTGTTTCTACCAGTCCGCGC_018,172
GTGTTTCTACCAGTCCGCGC_019,70
GTGTTTCTACCAGTCCGCGC_020,70
GTGTTTCTACCAGTCCGCGC_021,2
GTGTTTCTACCAGTCCGCGC_022,105
GTGTTTCTACCAGTCCGCGC_023,127
GTGTTTCTACCAGTCCGCGC_024,12
GTGTTTCTACCAGTCCGCGC_025,169
GTGTTTCTACCAGTCCGCGC_026,193
GTGTTTCTACCAGTCCGCGC_027,94
GTGTTTCTACCAGTCCGCGC_028,67
GTGTTTCTACCAGTCCGCGC_029,12
GTGTTTCTACCAGTCCGCGC_030,94
GTGTTTCTACCAGTCCGCGC_031,77
GTGTTTCTACCAGTCCGCGC_032,162
GTGTTTCTACCAGTCCGCGC_033,63
GTGTTTCTACCAGTCCGCGC_034,123
GTGTTTCTACCAGTCCGCGC_035,15
ACACCGACAGGATGACCAGG_001,17
ACACCGACAGGATGACCAGG_002,74
ACACCGACAGGATGACCAGG_003,166
ACACCGACAGGATGACCAGG_004,174
ACACCGACAGGATGACCAGG_005,157
ACACCGACAGGATGACCAGG_006,147
ACACCGACAGGATGACCAGG_007,155
ACACCGACAGGATGACCAGG_008,134
ACACCGACAGGATGACCAGG_009,184
ACACCGACAGGATGACCAGG_010,113
ACACCGACAGGATGACCAGG_011,44
ACACCGACAGGATGACCAGG_012,8
ACACCGACAGGATGACCAGG_013,83
ACACCGACAGGATGACCAGG_014,154
ACACCGACAGGATGACCAGG_015,157
ACACCGACAGGATGACCAGG_016,7
ACACCGACAGGATGACCAGG_017,52
ACACCGACAGGATGACCAGG_018,88
ACACCGACAGGATGACCAGG_019,13
ACACCGACAGGATGACCAGG_020,43
ACACCGACAGGATGACCAGG_021,188
ACACCGACAGGATGACCAGG_022,147
ACACCGACAGGATGACCAGG_023,178
ACACCGACAGGATGACCAGG_024,6
ACACCGACAGGATGACCAGG_025,168
ACACCGACAGGATGACCAGG_026,126
ACACCGACAGGATGACCAGG_027,35
ACACCGACAGGATGACCAGG_028,36
ACACCGACAGGATGACCAGG_029,36
ACACCGACAGGATGACCAGG_030,102
ACACCGACAGGATGACCAGG_031,24
TTTCTTGCAAGGGTACAGGC_001,48
TTTCTTGCAAGGGTACAGGC_002,77
TTTCTTGCAAGGGTACAGGC_003,79
TTTCTTGCAAGGGTACAGGC_004,147
TTTCTTGCAAGGGTACAGGC_005,132
TTTCTTGCAAGGGTACAGGC_006,84
TTTCTTGCAAGGGTACAGGC_007,83
TTTCTTGCAAGGGTACAGGC_008,19
TTTCTTGCAAGGGTACAGGC_009,47
CAAAAGCCGAGATAGGCCGA_001,19
CAAAAGCCGAGATAGGCCGA_002,48
CAAAAGCCGAGATAGGCCGA_003,149
CAAAAGCCGAGATAGGCCGA_004,126
CAAAAGCCGAGATAGGCCGA_005,138
CAAAAGCCGAGATAGGCCGA_006,163
ACGTTTCGGCTGGTAAACCT_001,58
ACGTTTCGGCTGGTAAACCT_002,198
ACGTTTCGGCTGGTAAACCT_003,137
ACGTTTCGGCTGGTAAACCT_004,17
GTGGGCAGTCACCAACCCGA_001,108
GTGGGCAGTCACCAACCCGA_002,141
GTGGGCAGTCACCAACCCGA_003,30
GTGGGCAGTCACCAACCCGA_004,16
GTGGGCAGTCACCAACCCGA_005,67
GTGGGCAGTCACCAACCCGA_006,23
GTGGGCAGTCACCAACCCGA_007,115
GTGGGCAGTCACCAACCCGA_008,108
GTGGGCAGTCACCAACCCGA_009,45
TGACTCCATGCACAGTTACG_001,27
TGACTCCATGCACAGTTACG_002,81
TGACTCCATGCACAGTTACG_003,199
TGACTCCATGCACAGTTACG_004,127
TGACTCCATGCACAGTTACG_005,86
TGACTCCATGCACAGTTACG_006,140
TGACTCCATGCACAGTTACG_007,120
TGACTCCATGCACAGTTACG_008,97
TTCGTCTTTATGCAGAAGAG_001,145
TTCGTCTTTATGCAGAAGAG_002,21
TTCGTCTTTATGCAGAAGAG_003,177
TTCGTCTTTATGCAGAAGAG_004,58
TTCGTCTTTATGCAGAAGAG_005,46
TTCGTCTTTATGCAGAAGAG_006,96
TTCGTCTTTATGCAGAAGAG_007,9
TTCGTCTTTATGCAGAAGAG_008,177
TTGGAAAGTGAAGAGACAGG_001,52
TTGGAAAGTGAAGAGACAGG_002,90
TTGGAAAGTGAAGAGACAGG_003,93
TTGGAAAGTGAAGAGACAGG_004,32
TTGGAAAGTGAAGAGACAGG_005,73
TTGGAAAGTGAAGAGACAGG_006,144
TAATATCATCCACTCGACGA_001,143
TAATATCATCCACTCGACGA_002,8
TAATATCATCCACTCGACGA_003,76
TAATATCATCCACTCGACGA_004,105
TAATATCATCCACTCGACGA_005,149
TAATATCATCCACTCGACGA_006,105
TAATATCATCCACTCGACGA_007,159
TAATATCATCCACTCGACGA_008,103
TAATATCATCCACTCGACGA_009,88
TAATATCATCCACTCGACGA_010,170
TAATATCATCCACTCGACGA_011,65
TAATATCATCCACTCGACGA_012,63
GAGTCTGAGGCAACTGAAGT_001,20
GAGTCTGAGGCAACTGAAGT_002,188
GAGTCTGAGGCAACTGAAGT_003,198
GAGTCTGAGGCAACTGAAGT_004,27
ATTTACGGAAAAGTAGTCCA_001,123
ATTTACGGAAAAGTAGTCCA_002,73
ATTTACGGAAAAGTAGTCCA_003,174
AAGACCATGGACCTCCCCAA_001,102
AAGACCATGGACCTCCCCAA_002,163
AAGACCATGGACCTCCCCAA_003,82
AAGACCATGGACCTCCCCAA_004,72
AAGACCATGGACCTCCCCAA_005,147
AAGACCATGGACCTCCCCAA_006,184
AAGACCATGGACCTCCCCAA_007,14
AAGACCATGGACCTCCCCAA_008,69
ATCAGGCCGTAGGTGAACAG_001,15
ATCAGGCCGTAGGTGAACAG_002,174
ATCAGGCCGTAGGTGAACAG_003,24
ATCAGGCCGTAGGTGAACAG_004,118
ATCAGGCCGTAGGTGAACAG_005,48
ATCAGGCCGTAGGTGAACAG_006,18
ATCAGGCCGTAGGTGAACAG_007,183
ATCAGGCCGTAGGTGAACAG_008,96
ATCAGGCCGTAGGTGAACAG_009,102
ATCAGGCCGTAGGTGAACAG_010,1
ATCAGGCCGTAGGTGAACAG_011,188
ATCAGGCCGTAGGTGAACAG_012,127
ATCAGGCCGTAGGTGAACAG_013,117
ATCAGGCCGTAGGTGAACAG_014,154
ATCAGGCCGTAGGTGAACAG_015,25
ATCAGGCCGTAGGTGAACAG_016,131
ATCAGGCCGTAGGTGAACAG_017,72
ATCAGGCCGTAGGTGAACAG_018,160
ATCAGGCCGTAGGTGAACAG_019,87
ATCAGGCCGTAGGTGAACAG_020,103
GTTTCTCCCTCACAACCTTG_001,119
GTTTCTCCCTCACAACCTTG_002,107
GTTTCTCCCTCACAACCTTG_003,191
GTTTCTCCCTCACAACCTTG_004,40
GTTTCTCCCTCACAACCTTG_005,80
GTTTCTCCCTCACAACCTTG_006,184
GTTTCTCCCTCACAACCTTG_007,184
GTTTCTCCCTCACAACCTTG_008,168
GTTTCTCCCTCACAACCTTG_009,94
GTTTCTCCCTCACAACCTTG_010,99
GTTTCTCCCTCACAACCTTG_011,183
GTTTCTCCCTCACAACCTTG_012,128
GTTTCTCCCTCACAACCTTG_013,138
TGGGGCATAGCACTTGTTAG_001,23
TGGGGCATAGCACTTGTTAG_002,12
TGGGGCATAGCACTTGTTAG_003,155
TGGGGCATAGCACTTGTTAG_004,158
TGGGGCATAGCACTTGTTAG_005,61
TGGGGCATAGCACTTGTTAG_006,155
TGGGGCATAGCACTTGTTAG_007,14
TGGGGCATAGCACTTGTTAG_008,74
TGGGGCATAGCACTTGTTAG_009,26
TGGGGCATAGCACTTGTTAG_010,142
TGGGGCATAGCACTTGTTAG_011,144
TGGGGCATAGCACTTGTTAG_012,166
TGGGGCATAGCACTTGTTAG_013,46
AGTAGGGCCCTCGATACACA_001,170
AGTAGGGCCCTCGATACACA_002,79
AGTAGGGCCCTCGATACACA_003,70
AGTAGGGCCCTCGATACACA_004,57
AGTAGGGCCCTCGATACACA_005,49
AGTAGGGCCCTCGATACACA_006,6
AGTAGGGCCCTCGATACACA_007,50
ATGGCAGCCTCATAACTGGA_001,49
ATGGCAGCCTCATAACTGGA_002,19
ATGGCAGCCTCATAACTGGA_003,184
ATGGCAGCCTCATAACTGGA_004,66
ATGGCAGCCTCATAACTGGA_005,63
ATGGCAGCCTCATAACTGGA_006,155
ATGGCAGCCTCATAACTGGA_007,126
ATGGCAGCCTCATAACTGGA_008,25
ATGGCAGCCTCATAACTGGA_009,42
ATGGCAGCCTCATAACTGGA_010,177
ATGGCAGCCTCATAACTGGA_011,155
ATGGCAGCCTCATAACTGGA_012,22
ATGGCAGCCTCATAACTGGA_013,134
ATGGCAGCCTCATAACTGGA_014,0
ATGGCAGCCTCATAACTGGA_015,69
ATGGCAGCCTCATAACTGGA_016,136
ATGGCAGCCTCATAACTGGA_017,146
ATGGCAGCCTCATAACTGGA_018,78
ATGGCAGCCTCATAACTGGA_019,63
ATGGCAGCCTCATAACTGGA_020,124
ATGGCAGCCTCATAACTGGA_021,132
ATGGCAGCCTCATAACTGGA_022,48
ATGGCAGCCTCATAACTGGA_023,17
ATGGCAGCCTCATAACTGGA_024,2
ATGGCAGCCTCATAACTGGA_025,106
ATGGCAGCCTCATAACTGGA_026,75
ATGGCAGCCTCATAACTGGA_027,107
ATGGCAGCCTCATAACTGGA_028,49
ATGGCAGCCTCATAACTGGA_029,118
ATGGCAGCCTCATAACTGGA_030,151
TATTCCCGTGGAGAACTATG_001,199
TATTCCCGTGGAGAACTATG_002,96
TATTCCCGTGGAGAACTATG_003,129
TATTCCCGTGGAGAACTATG_004,138
TATTCCCGTGGAGAACTATG_005,142
TATTCCCGTGGAGAACTATG_006,188
TATTCCCGTGGAGAACTATG_007,160
GAATGAACAGTTCATCAATG_001,154
GAATGAACAGTTCATCAATG_002,105
GAATGAACAGTTCATCAATG_003,144
GAATGAACAGTTCATCAATG_004,141
TTATAATTTCTGAATGGTGG_001,48
TTATAATTTCTGAATGGTGG_002,63
TTGTACTAGAGCACATAACA_001,60
TTGTACTAGAGCACATAACA_002,94
GAAGGTTGCATTAAAGACGT_001,193
GAAGGTTGCATTAAAGACGT_002,158
GAAGGTTGCATTAAAGACGT_003,160
GAAGGTTGCATTAAAGACGT_004,82
GAAGGTTGCATTAAAGACGT_005,72
GAAGGTTGCATTAAAGACGT_006,60
GATGTCCAGCTCGCACACCT_001,170
GATGTCCAGCTCGCACACCT_002,117
GATGTCCAGCTCGCACACCT_003,15
GATGTCCAGCTCGCACACCT_004,147
GATGTCCAGCTCGCACACCT_005,177
GATGTCCAGCTCGCACACCT_006,50
GATGTCCAGCTCGCACACCT_007,165
GATGTCCAGCTCGCACACCT_008,133
GATGTCCAGCTCGCACACCT_009,161
GATGTCCAGCTCGCACACCT_010,190
GATGTCCAGCTCGCACACCT_011,36
GATGTCCAGCTCGCACACCT_012,74
GATGTCCAGCTCGCACACCT_013,21
GATGTCCAGCTCGCACACCT_014,46
GATGTCCAGCTCGCACACCT_015,83
GATGTCCAGCTCGCACACCT_016,190
GATGTCCAGCTCGCACACCT_017,145
GATGTCCAGCTCGCACACCT_018,113
GATGTCCAGCTCGCACACCT_019,47
GATGTCCAGCTCGCACACCT_020,56
GATGTCCAGCTCGCACACCT_021,68
GATGTCCAGCTCGCACACCT_022,185
GATGTCCAGCTCGCACACCT_023,110
GATGTCCAGCTCGCACACCT_024,50
GATGTCCAGCTCGCACACCT_025,194
GATGTCCAGCTCGCACACCT_026,103
GATGTCCAGCTCGCACACCT_027,57
GATGTCCAGCTCGCACACCT_028,116
GATGTCCAGCTCGCACACCT_029,84
GATGTCCAGCTCGCACACCT_030,199
GATGTCCAGCTCGCACACCT_031,2
GATGTCCAGCTCGCACACCT_032,197
GATGTCCAGCTCGCACACCT_033,75
TGGGAAGCCTCAGTTCTCTG_001,178
TGGGAAGCCTCAGTTCTCTG_002,69
CAAATGCGAGCAGTGTCGGA_001,7
CAAATGCGAGCAGTGTCGGA_002,198
CAAATGCGAGCAGTGTCGGA_003,148
CAAATGCGAGCAGTGTCGGA_004,43
CAAATGCGAGCAGTGTCGGA_005,161
CAAATGCGAGCAGTGTCGGA_006,36
CAAATGCGAGCAGTGTCGGA_007,130
CAAATGCGAGCAGTGTCGGA_008,35
CAAATGCGAGCAGTGTCGGA_009,48
CAAATGCGAGCAGTGTCGGA_010,147
CAAATGCGAGCAGTGTCGGA_011,199
CAAATGCGAGCAGTGTCGGA_012,47
CAAATGCGAGCAGTGTCGGA_013,177
CAAATGCGAGCAGTGTCGGA_014,15
CAAATGCGAGCAGTGTCGGA_015,170
CAAATGCGAGCAGTGTCGGA_016,107
CAAATGCGAGCAGTGTCGGA_017,111
CAAATGCGAGCAGTGTCGGA_018,111
CAAATGCGAGCAGTGTCGGA_019,43
CAAATGCGAGCAGTGTCGGA_020,81
CAAATGCGAGCAGTGTCGGA_021,62
CAAATGCGAGCAGTGTCGGA_022,57
TTGGACAGAGCTTCGACAAG_001,137
TTGGACAGAGCTTCGACAAG_002,115
TTGGACAGAGCTTCGACAAG_003,92
TTGGACAGAGCTTCGACAAG_004,45
TTGGACAGAGCTTCGACAAG_005,43
TTGGACAGAGCTTCGACAAG_006,113
TTGGACAGAGCTTCGACAAG_007,114
TTGGACAGAGCTTCGACAAG_008,188
TTGGACAGAGCTTCGACAAG_009,176
TTGGACAGAGCTTCGACAAG_010,52
TTGGACAGAGCTTCGACAAG_011,44
TTGGACAGAGCTTCGACAAG_012,53
TTGGACAGAGCTTCGACAAG_013,7
TTGGACAGAGCTTCGACAAG_014,142
TTGGACAGAGCTTCGACAAG_015,14
TTGGACAGAGCTTCGACAAG_016,150
TTGGACAGAGCTTCGACAAG_017,109
TTGGACAGAGCTTCGACAAG_018,19
TTGGACAGAGCTTCGACAAG_019,19
TTGGACAGAGCTTCGACAAG_020,63
TTGGACAGAGCTTCGACAAG_021,66
TTGGACAGAGCTTCGACAAG_022,136
TTGGACAGAGCTTCGACAAG_023,3
TTGGACAGAGCTTCGACAAG_024,33
ACGAAGACGATGGAGTCTTG_001,80
ACGAAGACGATGGAGTCTTG_002,106
ACGAAGACGATGGAGTCTTG_003,183
CTCCAAGGCAGACGCGACCG_001,133
CTCCAAGGCAGACGCGACCG_002,8
CTCCAAGGCAGACGCGACCG_003,39
CTCCAAGGCAGACGCGACCG_004,39
CTCCAAGGCAGACGCGACCG_005,191
CTCCAAGGCAGACGCGACCG_006,108
CTCCAAGGCAGACGCGACCG_007,125
CTCCAAGGCAGACGCGACCG_008,125
CTCCAAGGCAGACGCGACCG_009,17
CTCCAAGGCAGACGCGACCG_010,17
CTCCAAGGCAGACGCGACCG_011,50
CTCCAAGGCAGACGCGACCG_012,149
CTCCAAGGCAGACGCGACCG_013,84
CTCCAAGGCAGACGCGACCG_014,52
CTCCAAGGCAGACGCGACCG_015,60
CTCCAAGGCAGACGCGACCG_016,11
CTCCAAGGCAGACGCGACCG_017,199
CTCCAAGGCAGACGCGACCG_018,76
CTCCAAGGCAGACGCGACCG_019,183
CTCCAAGGCAGACGCGACCG_020,137
CTCCAAGGCAGACGCGACCG_021,147
CTCCAAGGCAGACGCGACCG_022,17
CTCCAAGGCAGACGCGACCG_023,199
CTCCAAGGCAGACGCGACCG_024,144
CTCCAAGGCAGACGCGACCG_025,65
CTCCAAGGCAGACGCGACCG_026,166
CTCCAAGGCAGACGCGACCG_027,115
CTCCAAGGCAGACGCGACCG_028,42
CTCCAAGGCAGACGCGACCG_029,188
CTCCAAGGCAGACGCGACCG_030,1
CTCCAAGGCAGACGCGACCG_031,176
CTCCAAGGCAGACGCGACCG_032,57
CTCCAAGGCAGACGCGACCG_033,49
CTCCAAGGCAGACGCGACCG_034,89
CTCCAAGGCAGACGCGACCG_035,92
CTCCAAGGCAGACGCGACCG_036,184
ATTGTCGAACATGTCTTGGG_001,136
ATTGTCGAACATGTCTTGGG_002,78
GATTCAGGTGTGGTGCCGGT_001,35
GATTCAGGTGTGGTGCCGGT_002,45
GATTCAGGTGTGGTGCCGGT_003,134
GATTCAGGTGTGGTGCCGGT_004,60
GATTCAGGTGTGGTGCCGGT_005,70
GATTCAGGTGTGGTGCCGGT_006,38
GATTCAGGTGTGGTGCCGGT_007,58
GATTCAGGTGTGGTGCCGGT_008,160
GATTCAGGTGTGGTGCCGGT_009,129
GCTGTATGCACAAAGTTTGT_001,27
GCTGTATGCACAAAGTTTGT_002,15
GCTGTATGCACAAAGTTTGT_003,114
GCTGTATGCACAAAGTTTGT_004,159
GACGTGGATAAAGATAATCC_001,53
GACGTGGATAAAGATAATCC_002,72
GGGACCTGTTCTACCCGGAA_001,76
GGGACCTGTTCTACCCGGAA_002,114
AGCATGAGCAGGCAATGCCG_001,181
AGCATGAGCAGGCAATGCCG_002,15
AGCATGAGCAGGCAATGCCG_003,121
AGCATGAGCAGGCAATGCCG_004,61
AGCATGAGCAGGCAATGCCG_005,40
AGCATGAGCAGGCAATGCCG_006,67
TTGAAGCAGCCTATGTACTT_001,186
TTGAAGCAGCCTATGTACTT_002,141
TTGAAGCAGCCTATGTACTT_003,90
TTGAAGCAGCCTATGTACTT_004,65
TTGAAGCAGCCTATGTACTT_005,162
TTGAAGCAGCCTATGTACTT_006,101
TTGAAGCAGCCTATGTACTT_007,169
TTGAAGCAGCCTATGTACTT_008,16
TTGAAGCAGCCTATGTACTT_009,0
GAACTGAAATTCGAATGGCG_001,117
GAACTGAAATTCGAATGGCG_002,185
GAACTGAAATTCGAATGGCG_003,175
CTGCGAGGCAATCTTCAGAG_001,75
CTGCGAGGCAATCTTCAGAG_002,75
CTGCGAGGCAATCTTCAGAG_003,1
CTGCGAGGCAATCTTCAGAG_004,54
CTGCGAGGCAATCTTCAGAG_005,119
CTGCGAGGCAATCTTCAGAG_006,128
CTGCGAGGCAATCTTCAGAG_007,178
CTGCGAGGCAATCTTCAGAG_008,12
CTGCGAGGCAATCTTCAGAG_009,160
CTGTTCACTGCGGCGCTCTG_001,24
CTGTTCACTGCGGCGCTCTG_002,127
CTGTTCACTGCGGCGCTCTG_003,84
CTGTTCACTGCGGCGCTCTG_004,15
CTGTTCACTGCGGCGCTCTG_005,167
CTGTTCACTGCGGCGCTCTG_006,101
CTGTTCACTGCGGCGCTCTG_007,126
CTGTTCACTGCGGCGCTCTG_008,166
CTGTTCACTGCGGCGCTCTG_009,188
CTGTTCACTGCGGCGCTCTG_010,192
CTGTTCACTGCGGCGCTCTG_011,149
CTGTTCACTGCGGCGCTCTG_012,14
CTGTTCACTGCGGCGCTCTG_013,99
CTGTTCACTGCGGCGCTCTG_014,87
CTGTTCACTGCGGCGCTCTG_015,56
CTGTTCACTGCGGCGCTCTG_016,42
CTGTTCACTGCGGCGCTCTG_017,76
CTGTTCACTGCGGCGCTCTG_018,168
CTGTTCACTGCGGCGCTCTG_019,197
CTGTTCACTGCGGCGCTCTG_020,56
CTGTTCACTGCGGCGCTCTG_021,171
CTGTTCACTGCGGCGCTCTG_022,137
CTGTTCACTGCGGCGCTCTG_023,26
CTGTTCACTGCGGCGCTCTG_024,174
CTGTTCACTGCGGCGCTCTG_025,94
CTGTTCACTGCGGCGCTCTG_026,8
CTGTTCACTGCGGCGCTCTG_027,1
GCTGCATGCAAAGACCACAC_001,198
GCTGCATGCAAAGACCACAC_002,55
GCTGCATGCAAAGACCACAC_003,118
GCTGCATGCAAAGACCACAC_004,34
GCTGCATGCAAAGACCACAC_005,161
GCTGCATGCAAAGACCACAC_006,141
GCTGCATGCAAAGACCACAC_007,22
GCTGCATGCAAAGACCACAC_008,35
TGATGGGGCCCACGACCCGG_001,157
TGATGGGGCCCACGACCCGG_002,70
TGATGGGGCCCACGACCCGG_003,15
TGATGGGGCCCACGACCCGG_004,58
TGATGGGGCCCACGACCCGG_005,12
TGATGGGGCCCACGACCCGG_006,25
TGATGGGGCCCACGACCCGG_007,38
TGATGGGGCCCACGACCCGG_008,191
TGATGGGGCCCACGACCCGG_009,176
TGATGGGGCCCACGACCCGG_010,172
TGATGGGGCCCACGACCCGG_011,37
GTGCATGATGTATTACAAGG_001,10
GAGCACGATGATGCTGAGTG_001,128
GAGCACGATGATGCTGAGTG_002,170
GAGCACGATGATGCTGAGTG_003,52
TGCCTTGTTGAGTCGGACCA_001,55
TGCCTTGTTGAGTCGGACCA_002,28
TGCCTTGTTGAGTCGGACCA_003,105
TGCCTTGTTGAGTCGGACCA_004,159
TGCCTTGTTGAGTCGGACCA_005,102
GGGGCAAACGCGGAGCACGG_001,149
GGGGCAAACGCGGAGCACGG_002,118
GGGGCAAACGCGGAGCACGG_003,138
GGGGCAAACGCGGAGCACGG_004,151
GGGGCAAACGCGGAGCACGG_005,69
GGGGCAAACGCGGAGCACGG_006,4
GGGGCAAACGCGGAGCACGG_007,162
GGGGCAAACGCGGAGCACGG_008,60
GGGGCAAACGCGGAGCACGG_009,121
GGGGCAAACGCGGAGCACGG_010,138
GGGGCAAACGCGGAGCACGG_011,34
GGGGCAAACGCGGAGCACGG_012,124
GGGGCAAACGCGGAGCACGG_013,152
GGGGCAAACGCGGAGCACGG_014,132
GGGGCAAACGCGGAGCACGG_015,76
GGGGCAAACGCGGAGCACGG_016,42
GGGGCAAACGCGGAGCACGG_017,158
GGGGCAAACGCGGAGCACGG_018,58
GGGGCAAACGCGGAGCACGG_019,78
GGGGCAAACGCGGAGCACGG_020,57
GGGGCAAACGCGGAGCACGG_021,166
GGGGCAAACGCGGAGCACGG_022,141
GGGGCAAACGCGGAGCACGG_023,128
GGGGCAAACGCGGAGCACGG_024,133
GGGGCAAACGCGGAGCACGG_025,179
GGGGCAAACGCGGAGCACGG_026,61
GGGGCAAACGCGGAGCACGG_027,148
GGGGCAAACGCGGAGCACGG_028,158
GGGGCAAACGCGGAGCACGG_029,94
GGGGCAAACGCGGAGCACGG_030,35
GGGGCAAACGCGGAGCACGG_031,58
GGGGCAAACGCGGAGCACGG_032,37
GGGGCAAACGCGGAGCACGG_033,96
GGGGCAAACGCGGAGCACGG_034,16
CTGCAGCAGAACCTGACTGT_001,129
CTGCAGCAGAACCTGACTGT_002,63
CTGCAGCAGAACCTGACTGT_003,197
CTGCAGCAGAACCTGACTGT_004,41
CTGCAGCAGAACCTGACTGT_005,84
CTGCAGCAGAACCTGACTGT_006,137
CTGCAGCAGAACCTGACTGT_007,131
CTGCAGCAGAACCTGACTGT_008,122
CTGCAGCAGAACCTGACTGT_009,19
CTGCAGCAGAACCTGACTGT_010,69
CTGCAGCAGAACCTGACTGT_011,150
CTGCAGCAGAACCTGACTGT_012,7
CTGCAGCAGAACCTGACTGT_013,45
CTGCAGCAGAACCTGACTGT_014,154
CTGCAGCAGAACCTGACTGT_015,62
CCTTCAGCAGTGCACAGTTG_001,172
CCTTCAGCAGTGCACAGTTG_002,38
CCTTCAGCAGTGCACAGTTG_003,85
CCTTCAGCAGTGCACAGTTG_004,147
CCTTCAGCAGTGCACAGTTG_005,49
CCTTCAGCAGTGCACAGTTG_006,89
CCTTCAGCAGTGCACAGTTG_007,108
CCTTCAGCAGTGCACAGTTG_008,141
CCTTCAGCAGTGCACAGTTG_009,177
CCTTCAGCAGTGCACAGTTG_010,108
CCTTCAGCAGTGCACAGTTG_011,52
GGAATGATAAAGATTGATGG_001,132
GGAATGATAAAGATTGATGG_002,170
GGAATGATAAAGATTGATGG_003,6
GGAATGATAAAGATTGATGG_004,80
GTGACCGAACTGCGAAAAAG_001,150
GTGACCGAACTGCGAAAAAG_002,198
GTGACCGAACTGCGAAAAAG_003,14
GTGACCGAACTGCGAAAAAG_004,88
GTGACCGAACTGCGAAAAAG_005,58
GTGACCGAACTGCGAAAAAG_006,83
GTGACCGAACTGCGAAAAAG_007,83
GTGACCGAACTGCGAAAAAG_008,58
GTGACCGAACTGCGAAAAAG_009,180
GTGACCGAACTGCGAAAAAG_010,136
GTGACCGAACTGCGAAAAAG_011,42
GTGACCGAACTGCGAAAAAG_012,30
GGTGTTGAATATGCACTGAA_001,104
GGTGTTGAATATGCACTGAA_002,91
GGTGTTGAATATGCACTGAA_003,150
GGTGTTGAATATGCACTGAA_004,145
GGTGTTGAATATGCACTGAA_005,17
GGTGTTGAATATGCACTGAA_006,26
GGTGTTGAATATGCACTGAA_007,187
GCTCTAGATTTAGGATTCGG_001,102
GCTCTAGATTTAGGATTCGG_002,118
GCTCTAGATTTAGGATTCGG_003,78
ACTTATGCTTAGGTAACTTG_001,114
ACTTATGCTTAGGTAACTTG_002,108
ACTTATGCTTAGGTAACTTG_003,194
ACTTATGCTTAGGTAACTTG_004,47
ACTTATGCTTAGGTAACTTG_005,135
ACTTATGCTTAGGTAACTTG_006,46
ACTTATGCTTAGGTAACTTG_007,115
ACTTATGCTTAGGTAACTTG_008,110
ACTTATGCTTAGGTAACTTG_009,104
ACTTATGCTTAGGTAACTTG_010,42
ACTTATGCTTAGGTAACTTG_011,68
ACTTATGCTTAGGTAACTTG_012,0
ACAAACAGGATGCGTTGTCG_001,15
ACAAACAGGATGCGTTGTCG_002,75
ACAAACAGGATGCGTTGTCG_003,172
ACAAACAGGATGCGTTGTCG_004,11
ACAAACAGGATGCGTTGTCG_005,70
ACAAACAGGATGCGTTGTCG_006,70
ACAAACAGGATGCGTTGTCG_007,191
GGAACCTCCAGGTAGACCTG_001,24
GGAACCTCCAGGTAGACCTG_002,132
GGAACCTCCAGGTAGACCTG_003,168
GGAACCTCCAGGTAGACCTG_004,6
GGAACCTCCAGGTAGACCTG_005,6
GGAACCTCCAGGTAGACCTG_006,170
GGAACCTCCAGGTAGACCTG_007,83
GGAACCTCCAGGTAGACCTG_008,62
GGAACCTCCAGGTAGACCTG_009,138
GGAACCTCCAGGTAGACCTG_010,197
GGAACCTCCAGGTAGACCTG_011,151
GGAACCTCCAGGTAGACCTG_012,63
GGAACCTCCAGGTAGACCTG_013,196
GGAACCTCCAGGTAGACCTG_014,17
GGAACCTCCAGGTAGACCTG_015,48
GGAACCTCCAGGTAGACCTG_016,142
TAAAGACAAGCACAACACCA_001,2
TAAAGACAAGCACAACACCA_002,119
TAAAGACAAGCACAACACCA_003,169
TAAAGACAAGCACAACACCA_004,166
TAAAGACAAGCACAACACCA_005,68
TAAAGACAAGCACAACACCA_006,174
TAAAGACAAGCACAACACCA_007,120
TAAAGACAAGCACAACACCA_008,170
CCAAGGTCTCATCTTCGTAG_001,144
ATACCCTTTGTAATTAACAG_001,60
ATACCCTTTGTAATTAACAG_002,17
ATACCCTTTGTAATTAACAG_003,70
ATACCCTTTGTAATTAACAG_004,58
ATACCCTTTGTAATTAACAG_005,120
ATACCCTTTGTAATTAACAG_006,80
ATACCCTTTGTAATTAACAG_007,162
ATACCCTTTGTAATTAACAG_008,150
ATACCCTTTGTAATTAACAG_009,169
ATACCCTTTGTAATTAACAG_010,31
ATACCCTTTGTAATTAACAG_011,199
ATACCCTTTGTAATTAACAG_012,41
ATACCCTTTGTAATTAACAG_013,86
TGTTGGTATTAGAAGATACC_001,7
TTATGACTATCTCAAGACTC_001,139
AACTTGTAGTCGATCCAGAA_001,0
AACTTGTAGTCGATCCAGAA_002,154
AACTTGTAGTCGATCCAGAA_003,160
AACTTGTAGTCGATCCAGAA_004,35
AACTTGTAGTCGATCCAGAA_005,82
GCTGCCTTGAGACATTAATG_001,105
GCTGCCTTGAGACATTAATG_002,150
GCTGCCTTGAGACATTAATG_003,172
GCTGCCTTGAGACATTAATG_004,184
GCTGCCTTGAGACATTAATG_005,46
GCTGCCTTGAGACATTAATG_006,191
GCTGCCTTGAGACATTAATG_007,172
GCTGCCTTGAGACATTAATG_008,159
GCTGCCTTGAGACATTAATG_009,102
GGGTTCACGAACACGCGCAG_001,163
GGGTTCACGAACACGCGCAG_002,17
GGGTTCACGAACACGCGCAG_003,0
GGGTTCACGAACACGCGCAG_004,167
GGGTTCACGAACACGCGCAG_005,167
GGGTTCACGAACACGCGCAG_006,180
GGGTTCACGAACACGCGCAG_007,88
GGGTTCACGAACACGCGCAG_008,75
GGGTTCACGAACACGCGCAG_009,186
GGGTTCACGAACACGCGCAG_010,110
GGGTTCACGAACACGCGCAG_011,12
GGGTTCACGAACACGCGCAG_012,174
GGGTTCACGAACACGCGCAG_013,68
GGGTTCACGAACACGCGCAG_014,63
GGGTTCACGAACACGCGCAG_015,88
GGGTTCACGAACACGCGCAG_016,48
GGGTTCACGAACACGCGCAG_017,91
GGGTTCACGAACACGCGCAG_018,168
GGGTTCACGAACACGCGCAG_019,67
GGGTTCACGAACACGCGCAG_020,172
GGGTTCACGAACACGCGCAG_021,107
GGGTTCACGAACACGCGCAG_022,134
GGGTTCACGAACACGCGCAG_023,141
GGGTTCACGAACACGCGCAG_024,184
GGGTTCACGAACACGCGCAG_025,166
GGGTTCACGAACACGCGCAG_026,152
GGGTTCACGAACACGCGCAG_027,105
GGGTTCACGAACACGCGCAG_028,11
GGGTTCACGAACACGCGCAG_029,1
GGGTTCACGAACACGCGCAG_030,146
GGGTTCACGAACACGCGCAG_031,101
CCATGGAGACACCTACCACG_001,153
CCATGGAGACACCTACCACG_002,157
CCATGGAGACACCTACCACG_003,9
CCATGGAGACACCTACCACG_004,97
CCATGGAGACACCTACCACG_005,41
CCATGGAGACACCTACCACG_006,88
CCATGGAGACACCTACCACG_007,23
CACACTAGAGAACTGCTACC_001,188
CACACTAGAGAACTGCTACC_002,148
CACACTAGAGAACTGCTACC_003,104
CACACTAGAGAACTGCTACC_004,41
CACACTAGAGAACTGCTACC_005,29
CACACTAGAGAACTGCTACC_006,146
CACACTAGAGAACTGCTACC_007,78
CACACTAGAGAACTGCTACC_008,162
CACACTAGAGAACTGCTACC_009,34
CACACTAGAGAACTGCTACC_010,48
CACACTAGAGAACTGCTACC_011,166
CACACTAGAGAACTGCTACC_012,104
CACACTAGAGAACTGCTACC_013,83
CACACTAGAGAACTGCTACC_014,9
CACACTAGAGAACTGCTACC_015,188
CACACTAGAGAACTGCTACC_016,1
TATCTACTCAAACATGACTG_001,133
TATCTACTCAAACATGACTG_002,82
TATCTACTCAAACATGACTG_003,104
TATCTACTCAAACATGACTG_004,18
TCCGCGGTCGCCAAAAAGAA_001,160
TCCGCGGTCGCCAAAAAGAA_002,70
TCCGCGGTCGCCAAAAAGAA_003,2
TCCGCGGTCGCCAAAAAGAA_004,23
TCCGCGGTCGCCAAAAAGAA_005,146
TTTGTGTAAACCTGTTGCAT_001,190
TTTGTGTAAACCTGTTGCAT_002,94
TTTGTGTAAACCTGTTGCAT_003,158
TTTGTGTAAACCTGTTGCAT_004,170
TTTGTGTAAACCTGTTGCAT_005,140
ATTGACAGAGTTGAATACCT_001,193
ATTGACAGAGTTGAATACCT_002,98
ATTGACAGAGTTGAATACCT_003,94
ATTGACAGAGTTGAATACCT_004,26
ATTGACAGAGTTGAATACCT_005,26
GTTGACGCCAGTGACGAAGG_001,48
GTTGACGCCAGTGACGAAGG_002,70
GTTGACGCCAGTGACGAAGG_003,81
GTTGACGCCAGTGACGAAGG_004,160
GTTGACGCCAGTGACGAAGG_005,29
GTTGACGCCAGTGACGAAGG_006,37
CCACCGGAGGTACTTAGTGG_001,106
CCACCGGAGGTACTTAGTGG_002,58
CCACCGGAGGTACTTAGTGG_003,17
CCACCGGAGGTACTTAGTGG_004,21
CCACCGGAGGTACTTAGTGG_005,48
CCACCGGAGGTACTTAGTGG_006,149
CCACCGGAGGTACTTAGTGG_007,153
CCCCGTCATGACATACACAA_001,82
CCCCGTCATGACATACACAA_002,185
CCCCGTCATGACATACACAA_003,94
CCCCGTCATGACATACACAA_004,191
CCCCGTCATGACATACACAA_005,19
CCCCGTCATGACATACACAA_006,112
AGGAAGTCCAGGTGGAAGAG_001,161
AGGAAGTCCAGGTGGAAGAG_002,98
AGGAAGTCCAGGTGGAAGAG_003,78
AGGAAGTCCAGGTGGAAGAG_004,48
AGGAAGTCCAGGTGGAAGAG_005,169
AGGAAGTCCAGGTGGAAGAG_006,49
AGGAAGTCCAGGTGGAAGAG_007,116
AGGAAGTCCAGGTGGAAGAG_008,76
AGGAAGTCCAGGTGGAAGAG_009,48
AGGAAGTCCAGGTGGAAGAG_010,15
AGGAAGTCCAGGTGGAAGAG_011,15
AGGAAGTCCAGGTGGAAGAG_012,177
AGGAAGTCCAGGTGGAAGAG_013,16
AGGAAGTCCAGGTGGAAGAG_014,63
AGGAAGTCCAGGTGGAAGAG_015,104
GCGCACCTATCAGTACGCCT_001,107
GCGCACCTATCAGTACGCCT_002,29
GCGCACCTATCAGTACGCCT_003,15
GCGCACCTATCAGTACGCCT_004,81
GCGCACCTATCAGTACGCCT_005,49
GCGCACCTATCAGTACGCCT_006,169
GCGCACCTATCAGTACGCCT_007,136
AATGTTGCAAGACAAAAGTG_001,42
AATGTTGCAAGACAAAAGTG_002,18
AATGTTGCAAGACAAAAGTG_003,8
AATGTTGCAAGACAAAAGTG_004,149
AATGTTGCAAGACAAAAGTG_005,120
AATGTTGCAAGACAAAAGTG_006,105
AATGTTGCAAGACAAAAGTG_007,198
AATGTTGCAAGACAAAAGTG_008,174
AATGTTGCAAGACAAAAGTG_009,181
CCAGCTCTCCTGATACAGCA_001,29
CCAGCTCTCCTGATACAGCA_002,160
CCAGCTCTCCTGATACAGCA_003,32
CAGGACACATTCTACACGTG_001,76
GTCTGGTCAGCAAATGTCTG_001,90
GTCTGGTCAGCAAATGTCTG_002,48
GTCTGGTCAGCAAATGTCTG_003,51
GTCTGGTCAGCAAATGTCTG_004,173
GTCTGGTCAGCAAATGTCTG_005,173
GTCTGGTCAGCAAATGTCTG_006,166
GTCTGGTCAGCAAATGTCTG_007,183
GTCTGGTCAGCAAATGTCTG_008,96
GTCTGGTCAGCAAATGTCTG_009,37
CTGTAAATATCCAAGAACCA_001,148
CTGTAAATATCCAAGAACCA_002,19
CTGTAAATATCCAAGAACCA_003,122
CTGTAAATATCCAAGAACCA_004,149
CTGTAAATATCCAAGAACCA_005,169
CTGTAAATATCCAAGAACCA_006,144
CTGTAAATATCCAAGAACCA_007,13
CTGTAAATATCCAAGAACCA_008,121
GTTCCCGAAATGTCTCCCGT_001,60
GTTCCCGAAATGTCTCCCGT_002,161
GTTCCCGAAATGTCTCCCGT_003,58
GTTCCCGAAATGTCTCCCGT_004,133
GTTCCCGAAATGTCTCCCGT_005,170
GTTCCCGAAATGTCTCCCGT_006,53
GTTCCCGAAATGTCTCCCGT_007,112
GTTCCCGAAATGTCTCCCGT_008,88
GTTCCCGAAATGTCTCCCGT_009,68
GTTCCCGAAATGTCTCCCGT_010,77
GTTCCCGAAATGTCTCCCGT_011,66
GTTCCCGAAATGTCTCCCGT_012,130
TGCATCTAACACATCACTCA_001,36
TGCATCTAACACATCACTCA_002,68
TGCATCTAACACATCACTCA_003,19
CTGACCGACCCCATCTGGAG_001,108
CTGACCGACCCCATCTGGAG_002,47
CTGACCGACCCCATCTGGAG_003,102
CCTGCAGAGATGTACTGAAG_001,68
CCTGCAGAGATGTACTGAAG_002,34
GCTGTCTCTCCGTACCCACG_001,28
GCTGTCTCTCCGTACCCACG_002,92
GCTGTCTCTCCGTACCCACG_003,54
GCTGTCTCTCCGTACCCACG_004,155
GCTGTCTCTCCGTACCCACG_005,13
GCTGTCTCTCCGTACCCACG_006,113
GCTGTCTCTCCGTACCCACG_007,39
GCTGTCTCTCCGTACCCACG_008,152
GCTGTCTCTCCGTACCCACG_009,3
GCTGTCTCTCCGTACCCACG_010,166
GCTGTCTCTCCGTACCCACG_011,2
GCTGTCTCTCCGTACCCACG_012,34
AACATCTTCATGCCTATGTG_001,60
AACATCTTCATGCCTATGTG_002,146
AACATCTTCATGCCTATGTG_003,21
AACATCTTCATGCCTATGTG_004,160
AACATCTTCATGCCTATGTG_005,40
AACATCTTCATGCCTATGTG_006,159
AACATCTTCATGCCTATGTG_007,53
AACATCTTCATGCCTATGTG_008,187
AACATCTTCATGCCTATGTG_009,157
GAACATAAAAAGCATTCGTC_001,192
AAAAAGCAGTGATCATTCTG_001,162
AAAAAGCAGTGATCATTCTG_002,158
AAAAAGCAGTGATCATTCTG_003,56
AAAAAGCAGTGATCATTCTG_004,168
AAAAAGCAGTGATCATTCTG_005,17
GGTTCGAGACCTACTTAAGT_001,153
GGTTCGAGACCTACTTAAGT_002,60
GGTTCGAGACCTACTTAAGT_003,60
GGTTCGAGACCTACTTAAGT_004,82
GGTTCGAGACCTACTTAAGT_005,176
GGTTCGAGACCTACTTAAGT_006,16
GGTTCGAGACCTACTTAAGT_007,172
GGTTCGAGACCTACTTAAGT_008,183
CAAGACACTGACCACCTCAT_001,191
CAAGACACTGACCACCTCAT_002,191
CAAGACACTGACCACCTCAT_003,70
CAAGACACTGACCACCTCAT_004,17
CAAGACACTGACCACCTCAT_005,159
CAAGACACTGACCACCTCAT_006,13
CAAGACACTGACCACCTCAT_007,195
CAAGACACTGACCACCTCAT_008,48
CAAGACACTGACCACCTCAT_009,66
CAAGACACTGACCACCTCAT_010,13
CAAGACACTGACCACCTCAT_011,141
CAAGACACTGACCACCTCAT_012,60
CAAGACACTGACCACCTCAT_013,105
CAAGACACTGACCACCTCAT_014,14
CAAGACACTGACCACCTCAT_015,124
CAAGACACTGACCACCTCAT_016,173
CAAGACACTGACCACCTCAT_017,173
GTTAAACCACTATCGGAATG_001,1
GTTAAACCACTATCGGAATG_002,191
GTTAAACCACTATCGGAATG_003,50
GTTAAACCACTATCGGAATG_004,178
TGACTGGGCAACAATAGGGG_001,170
TGACTGGGCAACAATAGGGG_002,126
TGACTGGGCAACAATAGGGG_003,176
TGACTGGGCAACAATAGGGG_004,108
TGACTGGGCAACAATAGGGG_005,81
TGACTGGGCAACAATAGGGG_006,191
TGACTGGGCAACAATAGGGG_007,79
TTCCTGTCACAACAGTGACA_001,69
TTCCTGTCACAACAGTGACA_002,37
TTCCTGTCACAACAGTGACA_003,81
TTCCTGTCACAACAGTGACA_004,73
GCGCACGTGAGCCGGATCGT_001,69
GCGCACGTGAGCCGGATCGT_002,15
GCCATACACTTTGTAGCCAG_001,60
GCCATACACTTTGTAGCCAG_002,113
GCCATACACTTTGTAGCCAG_003,141
GCCATACACTTTGTAGCCAG_004,34
GCCATACACTTTGTAGCCAG_005,148
GTAGACGATGTCATCCAGAC_001,88
TGGATGCTGTAGTTAGCACA_001,158
TGGATGCTGTAGTTAGCACA_002,77
TGGATGCTGTAGTTAGCACA_003,6
TGGATGCTGTAGTTAGCACA_004,49
CACATTTGGCACAGCCCGGG_001,129
CACATTTGGCACAGCCCGGG_002,78
CACATTTGGCACAGCCCGGG_003,162
CACATTTGGCACAGCCCGGG_004,86
CACATTTGGCACAGCCCGGG_005,57
CACATTTGGCACAGCCCGGG_006,140
CACATTTGGCACAGCCCGGG_007,100
CACATTTGGCACAGCCCGGG_008,5
CACATTTGGCACAGCCCGGG_009,43
CACATTTGGCACAGCCCGGG_010,43
CACATTTGGCACAGCCCGGG_011,99
CACATTTGGCACAGCCCGGG_012,178
CACATTTGGCACAGCCCGGG_013,178
CACATTTGGCACAGCCCGGG_014,154
CACATTTGGCACAGCCCGGG_015,114
CACATTTGGCACAGCCCGGG_016,196
CACATTTGGCACAGCCCGGG_017,196
CACATTTGGCACAGCCCGGG_018,9
CTTAGAAAGACCAGATCTCA_001,138
CTTAGAAAGACCAGATCTCA_002,94
CTTAGAAAGACCAGATCTCA_003,101
TGACCTGGGCAGCGACAACG_001,146
TGACCTGGGCAGCGACAACG_002,48
TGACCTGGGCAGCGACAACG_003,50
TGACCTGGGCAGCGACAACG_004,193
TGACCTGGGCAGCGACAACG_005,183
TGACCTGGGCAGCGACAACG_006,11
TGACCTGGGCAGCGACAACG_007,78
GCTGTGTAGACAGCCCATAG_001,57
GCTGTGTAGACAGCCCATAG_002,184
GCTGTGTAGACAGCCCATAG_003,58
GCTGTGTAGACAGCCCATAG_004,28
CAGTGACCCTCTGGACATCG_001,80
CAGTGACCCTCTGGACATCG_002,29
CAGGGCAATTGAACTGCCGT_001,31
CAGGGCAATTGAACTGCCGT_002,161
TCAGTAACTCCTCAAGTGTG_001,68
TCAGTAACTCCTCAAGTGTG_002,3
TCAGTAACTCCTCAAGTGTG_003,165
TCAGTAACTCCTCAAGTGTG_004,35
TCAGTAACTCCTCAAGTGTG_005,174
CCTCATCATCAGATCCAAAG_001,127
CCTCATCATCAGATCCAAAG_002,58
GGCGGAGTATGGGCTCTACG_001,152
GGCGGAGTATGGGCTCTACG_002,152
GGCGGAGTATGGGCTCTACG_003,163
GGCGGAGTATGGGCTCTACG_004,48
GGCGGAGTATGGGCTCTACG_005,19
GGCGGAGTATGGGCTCTACG_006,71
GGCGGAGTATGGGCTCTACG_007,157
GGCGGAGTATGGGCTCTACG_008,57
GGCGGAGTATGGGCTCTACG_009,48
GGCGGAGTATGGGCTCTACG_010,156
GGCGGAGTATGGGCTCTACG_011,27
TTGCAGCCTGGATGGCTCAA_001,41
TTGCAGCCTGGATGGCTCAA_002,107
TTGCAGCCTGGATGGCTCAA_003,35
TTGCAGCCTGGATGGCTCAA_004,19
TTGCAGCCTGGATGGCTCAA_005,181
TTGCAGCCTGGATGGCTCAA_006,176
TTGCAGCCTGGATGGCTCAA_007,182
TTGCAGCCTGGATGGCTCAA_008,17
TTGCAGCCTGGATGGCTCAA_009,50
TTGCAGCCTGGATGGCTCAA_010,184
TTGCAGCCTGGATGGCTCAA_011,93
TTGCAGCCTGGATGGCTCAA_012,11
TTGCAGCCTGGATGGCTCAA_013,25
TTGCAGCCTGGATGGCTCAA_014,199
TTGCAGCCTGGATGGCTCAA_015,72
TTGCAGCCTGGATGGCTCAA_016,198
TTGCAGCCTGGATGGCTCAA_017,141
TTGCAGCCTGGATGGCTCAA_018,34
AGTCTCCAACAGGTTGGCTA_001,127
AGTCTCCAACAGGTTGGCTA_002,179
AGTCTCCAACAGGTTGGCTA_003,144
CAACGATCACATCGACACCT_001,70
CAACGATCACATCGACACCT_002,169
CAACGATCACATCGACACCT_003,6
CAACGATCACATCGACACCT_004,82
CAACGATCACATCGACACCT_005,175
CAACGATCACATCGACACCT_006,115
CAACGATCACATCGACACCT_007,157
GGCAGTGGAAGGTCTAACAC_001,65
GGCAGTGGAAGGTCTAACAC_002,68
GGCAGTGGAAGGTCTAACAC_003,115
GGCAGTGGAAGGTCTAACAC_004,8
GGCAGTGGAAGGTCTAACAC_005,76
GGCAGTGGAAGGTCTAACAC_006,48
GGCAGTGGAAGGTCTAACAC_007,99
AACATCTGCTTCCAACAAAG_001,51
AACATCTGCTTCCAACAAAG_002,63
AACATCTGCTTCCAACAAAG_003,8
AACATCTGCTTCCAACAAAG_004,62
AACATCTGCTTCCAACAAAG_005,27
AACATCTGCTTCCAACAAAG_006,40
GTCGCGGAGTGACGCCATGG_001,161
GTCGCGGAGTGACGCCATGG_002,6
GTCGCGGAGTGACGCCATGG_003,55
GTCGCGGAGTGACGCCATGG_004,140
GTCGCGGAGTGACGCCATGG_005,45
GTCGCGGAGTGACGCCATGG_006,181
GTCGCGGAGTGACGCCATGG_007,15
GTCGCGGAGTGACGCCATGG_008,41
GTCGCGGAGTGACGCCATGG_009,148
GTCGCGGAGTGACGCCATGG_010,141
GTCGCGGAGTGACGCCATGG_011,198
GTCGCGGAGTGACGCCATGG_012,113
GTCGCGGAGTGACGCCATGG_013,58
GTCGCGGAGTGACGCCATGG_014,149
GTCGCGGAGTGACGCCATGG_015,88
GTCGCGGAGTGACGCCATGG_016,35
GTCGCGGAGTGACGCCATGG_017,42
GTCGCGGAGTGACGCCATGG_018,10
GTCGCGGAGTGACGCCATGG_019,10
GTCGCGGAGTGACGCCATGG_020,86
GTCGCGGAGTGACGCCATGG_021,86
AGGAATTTGACCATCAGAGC_001,141
AGGAATTTGACCATCAGAGC_002,56
AGGAATTTGACCATCAGAGC_003,162
AGGAATTTGACCATCAGAGC_004,48
AGGAATTTGACCATCAGAGC_005,29
AGGAATTTGACCATCAGAGC_006,129
AGGAATTTGACCATCAGAGC_007,187
TCTGATACTCGATTGAGTGA_001,156
TCTGATACTCGATTGAGTGA_002,124
CACGATGAGACCTACCATGT_001,140
CACGATGAGACCTACCATGT_002,8
CACGATGAGACCTACCATGT_003,174
CACGATGAGACCTACCATGT_004,171
CACGATGAGACCTACCATGT_005,95
CACGATGAGACCTACCATGT_006,166
CACGATGAGACCTACCATGT_007,199
CACGATGAGACCTACCATGT_008,16
CACGATGAGACCTACCATGT_009,91
CACGATGAGACCTACCATGT_010,15
CACGATGAGACCTACCATGT_011,137
CACGATGAGACCTACCATGT_012,142
CACGATGAGACCTACCATGT_013,17
CACGATGAGACCTACCATGT_014,19
CACGATGAGACCTACCATGT_015,158
CGGTAACGACAACAACCAGG_001,115
CGGTAACGACAACAACCAGG_002,9
CGGTAACGACAACAACCAGG_003,190
CGGTAACGACAACAACCAGG_004,185
CAACTGGTAGTCCATAGTGA_001,20
CAACTGGTAGTCCATAGTGA_002,170
CAACTGGTAGTCCATAGTGA_003,62
CAACTGGTAGTCCATAGTGA_004,65
CAACTGGTAGTCCATAGTGA_005,7
CAACTGGTAGTCCATAGTGA_006,182
CAACTGGTAGTCCATAGTGA_007,46
CAACTGGTAGTCCATAGTGA_008,126
CAACTGGTAGTCCATAGTGA_009,116
CAACTGGTAGTCCATAGTGA_010,168
CAACTGGTAGTCCATAGTGA_011,190
CAACTGGTAGTCCATAGTGA_012,67
CAACTGGTAGTCCATAGTGA_013,174
CAACTGGTAGTCCATAGTGA_014,158
CAACTGGTAGTCCATAGTGA_015,185
CAACTGGTAGTCCATAGTGA_016,120
CAACTGGTAGTCCATAGTGA_017,198
CAACTGGTAGTCCATAGTGA_018,144
CAACTGGTAGTCCATAGTGA_019,175
CGAAGGTCTCCACCTCGCAT_001,94
CGAAGGTCTCCACCTCGCAT_002,104
GAATTCTCAGGTGCCGTCGA_001,156
GAATTCTCAGGTGCCGTCGA_002,140
GAATTCTCAGGTGCCGTCGA_003,15
GAATTCTCAGGTGCCGTCGA_004,168
GAATTCTCAGGTGCCGTCGA_005,137
GTCCTCCTCAACACCCATAG_001,115
GTCCTCCTCAACACCCATAG_002,70
GTCCTCCTCAACACCCATAG_003,9
GTCCTCCTCAACACCCATAG_004,61
GTCCTCCTCAACACCCATAG_005,32
GTCCTCCTCAACACCCATAG_006,176
GTCCTCCTCAACACCCATAG_007,58
GTCCTCCTCAACACCCATAG_008,175
GTCCTCCTCAACACCCATAG_009,96
GTCCTCCTCAACACCCATAG_010,141
GTCCTCCTCAACACCCATAG_011,91
GTCCTCCTCAACACCCATAG_012,72
GTCCTCCTCAACACCCATAG_013,72
GTCCTCCTCAACACCCATAG_014,77
GTCCTCCTCAACACCCATAG_015,2
GTCCTCCTCAACACCCATAG_016,106
GTCCTCCTCAACACCCATAG_017,65
GTCCTCCTCAACACCCATAG_018,30
TCCAGATAAAAATAGCAGTG_001,151
TCCAGATAAAAATAGCAGTG_002,68
TCCAGATAAAAATAGCAGTG_003,65
TCCAGATAAAAATAGCAGTG_004,73
CCCAAAATAGCCTGCAAGAA_001,4
CCCAAAATAGCCTGCAAGAA_002,184
CCCAAAATAGCCTGCAAGAA_003,102
CCTGACATGTCGGAGCCGTG_001,80
CCTGACATGTCGGAGCCGTG_002,171
CCTGACATGTCGGAGCCGTG_003,1
CCTGACATGTCGGAGCCGTG_004,60
CCTGACATGTCGGAGCCGTG_005,63
CCTGACATGTCGGAGCCGTG_006,79
CCTGACATGTCGGAGCCGTG_007,82
ACTTCTGATTGGCGACTCAG_001,188
ACTTCTGATTGGCGACTCAG_002,149
ACTTCTGATTGGCGACTCAG_003,17
ACTTCTGATTGGCGACTCAG_004,187
ACTTCTGATTGGCGACTCAG_005,177
ACTTCTGATTGGCGACTCAG_006,76
ACTTCTGATTGGCGACTCAG_007,157
ACTTCTGATTGGCGACTCAG_008,8
ACTTCTGATTGGCGACTCAG_009,134
TCTAGCGTTTAACTTCTTCG_001,9
TCTAGCGTTTAACTTCTTCG_002,129
TCTAGCGTTTAACTTCTTCG_003,3
TCTAGCGTTTAACTTCTTCG_004,182
ATGGAGTCAGAATCCGAAAG_001,16
ATGGAGTCAGAATCCGAAAG_002,185
ATGGAGTCAGAATCCGAAAG_003,127
ATGGAGTCAGAATCCGAAAG_004,144
CGACCTGGAACACACAGACG_001,138
CGACCTGGAACACACAGACG_002,7
CGACCTGGAACACACAGACG_003,169
CGACCTGGAACACACAGACG_004,88
CGACCTGGAACACACAGACG_005,195
GGGGAAGAAGAGTTATCGAA_001,13
GGGGAAGAAGAGTTATCGAA_002,178
GGGGAAGAAGAGTTATCGAA_003,183
GGGGAAGAAGAGTTATCGAA_004,75
GGGGAAGAAGAGTTATCGAA_005,21
GGGGAAGAAGAGTTATCGAA_006,77
GGGGAAGAAGAGTTATCGAA_007,56
GGGGAAGAAGAGTTATCGAA_008,58
GGGGAAGAAGAGTTATCGAA_009,149
GGGGAAGAAGAGTTATCGAA_010,35
ATAATAACTTATGCATACAC_001,82
ATAATAACTTATGCATACAC_002,154
ATAATAACTTATGCATACAC_003,66
ATAATAACTTATGCATACAC_004,24
AATTGGTGTGTTGATATACA_001,35
AATTGGTGTGTTGATATACA_002,36
GAATGTCAATCATTAAAGCA_001,129
GAATGTCAATCATTAAAGCA_002,21
GAATGTCAATCATTAAAGCA_003,3
TCATGTTCATTGCGTCAAAG_001,199
TCATGTTCATTGCGTCAAAG_002,94
TCATGTTCATTGCGTCAAAG_003,94
TCATGTTCATTGCGTCAAAG_004,20
TCATGTTCATTGCGTCAAAG_005,148
TCATGTTCATTGCGTCAAAG_006,104
TCATGTTCATTGCGTCAAAG_007,70
TCATGTTCATTGCGTCAAAG_008,157
TCATGTTCATTGCGTCAAAG_009,192
TCATGTTCATTGCGTCAAAG_010,47
TCATGTTCATTGCGTCAAAG_011,11
CAGCTACCTCAGCAAACCCA_001,21
CAGCTACCTCAGCAAACCCA_002,194
CAGCTACCTCAGCAAACCCA_003,65
CAGCTACCTCAGCAAACCCA_004,28
CAGCTACCTCAGCAAACCCA_005,78
CAGCTACCTCAGCAAACCCA_006,40
CAGCTACCTCAGCAAACCCA_007,9
CAGCTACCTCAGCAAACCCA_008,185
CAGCTACCTCAGCAAACCCA_009,0
CAGCTACCTCAGCAAACCCA_010,199
CAGCTACCTCAGCAAACCCA_011,58
CAGCTACCTCAGCAAACCCA_012,40
GATTTGGAAAAACCGCTATG_001,142
GATTTGGAAAAACCGCTATG_002,170
GATTTGGAAAAACCGCTATG_003,41
GATTTGGAAAAACCGCTATG_004,112
GATTTGGAAAAACCGCTATG_005,133
GATTTGGAAAAACCGCTATG_006,146
AACTACCTTTCTACGGACGT_001,129
AACTACCTTTCTACGGACGT_002,191
AACTACCTTTCTACGGACGT_003,174
ACAAAGGAGCTATTACTAGG_001,119
ACAAAGGAGCTATTACTAGG_002,16
CTGTAACCAAGCAAGTGCCG_001,13
CTGTAACCAAGCAAGTGCCG_002,110
CTGTAACCAAGCAAGTGCCG_003,146
CTGTAACCAAGCAAGTGCCG_004,41
CGCCACGAGAGAGACCAGCT_001,73
CGCCACGAGAGAGACCAGCT_002,172
CGCCACGAGAGAGACCAGCT_003,172
CGCCACGAGAGAGACCAGCT_004,23
CGCCACGAGAGAGACCAGCT_005,137
CGCCACGAGAGAGACCAGCT_006,43
CGCCACGAGAGAGACCAGCT_007,197
CGCCACGAGAGAGACCAGCT_008,113
CGCCACGAGAGAGACCAGCT_009,182
CGCCACGAGAGAGACCAGCT_010,13
CGCCACGAGAGAGACCAGCT_011,45
CGCCACGAGAGAGACCAGCT_012,113
CGCCACGAGAGAGACCAGCT_013,17
CGCCACGAGAGAGACCAGCT_014,178
CGCCACGAGAGAGACCAGCT_015,63
CGCCACGAGAGAGACCAGCT_016,166
CGCCACGAGAGAGACCAGCT_017,9
GTAGTGCGAGGCGCTGAGGG_001,105
GTAGTGCGAGGCGCTGAGGG_002,41
GTAGTGCGAGGCGCTGAGGG_003,172
GTAGTGCGAGGCGCTGAGGG_004,48
GTAGTGCGAGGCGCTGAGGG_005,52
GTAGTGCGAGGCGCTGAGGG_006,49
AGGTCCTACCTTGCTAACCA_001,44
AGGTCCTACCTTGCTAACCA_002,139
AGGTCCTACCTTGCTAACCA_003,122
AGGTCCTACCTTGCTAACCA_004,119
AGGTCCTACCTTGCTAACCA_005,43
ACAGGTCGTTCTGATAGTGA_001,175
ACAGGTCGTTCTGATAGTGA_002,197
ACAGGTCGTTCTGATAGTGA_003,43
GTTGAGCTTGAAGGAACCGT_001,15
GTTGAGCTTGAAGGAACCGT_002,147
GTTGAGCTTGAAGGAACCGT_003,9
GTTGAGCTTGAAGGAACCGT_004,67
GTTGAGCTTGAAGGAACCGT_005,141
GTTGAGCTTGAAGGAACCGT_006,72
GTTGAGCTTGAAGGAACCGT_007,22
GTTGAGCTTGAAGGAACCGT_008,168
GTTGAGCTTGAAGGAACCGT_009,147
GTTGAGCTTGAAGGAACCGT_010,96
GTTGAGCTTGAAGGAACCGT_011,165
GTTGAGCTTGAAGGAACCGT_012,39
AGTCCACCACCATGGATCGG_001,94
AGTCCACCACCATGGATCGG_002,49
AGTCCACCACCATGGATCGG_003,150
AGTCCACCACCATGGATCGG_004,118
AGTCCACCACCATGGATCGG_005,142
AGTCCACCACCATGGATCGG_006,3
AGTCCACCACCATGGATCGG_007,199
AGTCCACCACCATGGATCGG_008,2
AGTCCACCACCATGGATCGG_009,158
AGTCCACCACCATGGATCGG_010,190
AGTCCACCACCATGGATCGG_011,98
AGTCCACCACCATGGATCGG_012,195
AGTCCACCACCATGGATCGG_013,8
AGTCCACCACCATGGATCGG_014,70
AGTCCACCACCATGGATCGG_015,35
AGTCCACCACCATGGATCGG_016,42
AGTCCACCACCATGGATCGG_017,181
AGTCCACCACCATGGATCGG_018,37
AGTCCACCACCATGGATCGG_019,145
AGTCCACCACCATGGATCGG_020,106
AGTCCACCACCATGGATCGG_021,124
AGTCCACCACCATGGATCGG_022,77
TAGGTCACATCCAATCAGCG_001,135
TAGGTCACATCCAATCAGCG_002,154
TAGGTCACATCCAATCAGCG_003,158
TAGGTCACATCCAATCAGCG_004,47
TAGGTCACATCCAATCAGCG_005,144
TAGGTCACATCCAATCAGCG_006,28
TAGGTCACATCCAATCAGCG_007,2
TAGGTCACATCCAATCAGCG_008,88
AGAAAACCATCCAAGCAGCG_001,105
AGAAAACCATCCAAGCAGCG_002,65
AGAAAACCATCCAAGCAGCG_003,158
AGAAAACCATCCAAGCAGCG_004,102
TCAGTAACACTGGACTGGAT_001,131
TCAGTAACACTGGACTGGAT_002,118
TCAGTAACACTGGACTGGAT_003,149
TCAGTAACACTGGACTGGAT_004,76
TCAGTAACACTGGACTGGAT_005,94
TCAGTAACACTGGACTGGAT_006,96
TCAGTAACACTGGACTGGAT_007,108
TCAGTAACACTGGACTGGAT_008,142
TCAGTAACACTGGACTGGAT_009,56
GGACCAAGCATCTCGCAGGG_001,168
GGACCAAGCATCTCGCAGGG_002,160
GGACCAAGCATCTCGCAGGG_003,182
GGACCAAGCATCTCGCAGGG_004,99
GGACCAAGCATCTCGCAGGG_005,19
GGACCAAGCATCTCGCAGGG_006,157
GGACCAAGCATCTCGCAGGG_007,68
TGTAGTGCAGAACAATGAGC_001,8
TGTAGTGCAGAACAATGAGC_002,117
GCCAAGACTGAGTGGTTGGA_001,173
AACCAAAATGACATCTCGGG_001,53
AACCAAAATGACATCTCGGG_002,120
AACCAAAATGACATCTCGGG_003,36
AACCAAAATGACATCTCGGG_004,44
AACCAAAATGACATCTCGGG_005,105
AACCAAAATGACATCTCGGG_006,34
AACCAAAATGACATCTCGGG_007,158
AACCAAAATGACATCTCGGG_008,155
AACCAAAATGACATCTCGGG_009,122
AACCAAAATGACATCTCGGG_010,25
AACCAAAATGACATCTCGGG_011,107
AACCAAAATGACATCTCGGG_012,198
AACCAAAATGACATCTCGGG_013,41
AACCAAAATGACATCTCGGG_014,177
AACCAAAATGACATCTCGGG_015,46
AACCAAAATGACATCTCGGG_016,107
AACCAAAATGACATCTCGGG_017,1
AACCAAAATGACATCTCGGG_018,127
AACCAAAATGACATCTCGGG_019,142
AACCAAAATGACATCTCGGG_020,138
TTGCAGCTCCAGAGTACCGT_001,43
TTGCAGCTCCAGAGTACCGT_002,73
TTGCAGCTCCAGAGTACCGT_003,154
TTGCAGCTCCAGAGTACCGT_004,195
TTGCAGCTCCAGAGTACCGT_005,19
TTGCAGCTCCAGAGTACCGT_006,154
TTGCAGCTCCAGAGTACCGT_007,38
TTGCAGCTCCAGAGTACCGT_008,145
TTGCAGCTCCAGAGTACCGT_009,58
TTGCAGCTCCAGAGTACCGT_010,141
TTGCAGCTCCAGAGTACCGT_011,9
TTGCAGCTCCAGAGTACCGT_012,155
TTGCAGCTCCAGAGTACCGT_013,113
TTGCAGCTCCAGAGTACCGT_014,193
TTGCAGCTCCAGAGTACCGT_015,150
TTGCAGCTCCAGAGTACCGT_016,1
TTGCAGCTCCAGAGTACCGT_017,17
TTGCAGCTCCAGAGTACCGT_018,127
TTGCAGCTCCAGAGTACCGT_019,13
TTGCAGCTCCAGAGTACCGT_020,198
TTGCAGCTCCAGAGTACCGT_021,103
TTGCAGCTCCAGAGTACCGT_022,175
TTGCAGCTCCAGAGTACCGT_023,63
TGTTCTCCTCAGGACTACGC_001,83
TGTTCTCCTCAGGACTACGC_002,116
TGTTCTCCTCAGGACTACGC_003,21
AAATGAAAGAGTACACGTCA_001,28
AAATGAAAGAGTACACGTCA_002,88
AAATGAAAGAGTACACGTCA_003,119
AAATGAAAGAGTACACGTCA_004,64
AAATGAAAGAGTACACGTCA_005,61
AAATGAAAGAGTACACGTCA_006,107
AAATGAAAGAGTACACGTCA_007,63
AAATGAAAGAGTACACGTCA_008,27
AAATGAAAGAGTACACGTCA_009,15
AAATGAAAGAGTACACGTCA_010,174
AAATGAAAGAGTACACGTCA_011,62
AAATGAAAGAGTACACGTCA_012,41
AAATGAAAGAGTACACGTCA_013,63
AAATGAAAGAGTACACGTCA_014,145
TAAAGCTGAAGCCAAAGCGA_001,118
TAAAGCTGAAGCCAAAGCGA_002,75
TAAAGCTGAAGCCAAAGCGA_003,103
ATGGGGGGCATAGACTTCGC_001,164
ATGGGGGGCATAGACTTCGC_002,141
ATGGGGGGCATAGACTTCGC_003,137
ATGGGGGGCATAGACTTCGC_004,52
ATGGGGGGCATAGACTTCGC_005,86
ATGGGGGGCATAGACTTCGC_006,172
ATGGGGGGCATAGACTTCGC_007,106
ATGGGGGGCATAGACTTCGC_008,150
ATGGGGGGCATAGACTTCGC_009,30
GAGGCCCCACGTGTGCCCGG_001,44
GAGGCCCCACGTGTGCCCGG_002,11
GAGGCCCCACGTGTGCCCGG_003,30
GAGGCCCCACGTGTGCCCGG_004,68
GAGGCCCCACGTGTGCCCGG_005,2
GAGGCCCCACGTGTGCCCGG_006,161
GAGGCCCCACGTGTGCCCGG_007,7
GAGGCCCCACGTGTGCCCGG_008,105
GAGGCCCCACGTGTGCCCGG_009,7
GAGGCCCCACGTGTGCCCGG_010,76
TCCAGGGGTGATCAGAACGC_001,123
TCCAGGGGTGATCAGAACGC_002,85
TCCAGGGGTGATCAGAACGC_003,85
TCCAGGGGTGATCAGAACGC_004,169
TCCAGGGGTGATCAGAACGC_005,165
TCCAGGGGTGATCAGAACGC_006,165
TCCAGGGGTGATCAGAACGC_007,137
TCCAGGGGTGATCAGAACGC_008,144
GGCGGACCGAGACAATCGAG_001,58
GGCGGACCGAGACAATCGAG_002,69
GGCGGACCGAGACAATCGAG_003,118
GGCGGACCGAGACAATCGAG_004,23
GGCGGACCGAGACAATCGAG_005,61
GGCGGACCGAGACAATCGAG_006,196
GGCGGACCGAGACAATCGAG_007,86
GGCGGACCGAGACAATCGAG_008,162
GGCGGACCGAGACAATCGAG_009,183
GGAATCAGAGGAATCAGAAG_001,38
CTGGAGCAATAATTATGCGG_001,118
CTGGAGCAATAATTATGCGG_002,118
CTGGAGCAATAATTATGCGG_003,126
CTGGAGCAATAATTATGCGG_004,76
CTGGAGCAATAATTATGCGG_005,157
ACCTCATTAAATTCTCCAGG_001,11
ACCTCATTAAATTCTCCAGG_002,145
ACCTCATTAAATTCTCCAGG_003,23
ACCTCATTAAATTCTCCAGG_004,76
ACCTCATTAAATTCTCCAGG_005,122
GCCAACGCTGTTCAGCAGGA_001,60
GCCAACGCTGTTCAGCAGGA_002,41
GCCAACGCTGTTCAGCAGGA_003,169
GCCAACGCTGTTCAGCAGGA_004,24
GCCAACGCTGTTCAGCAGGA_005,47
GCCAACGCTGTTCAGCAGGA_006,70
GCCAACGCTGTTCAGCAGGA_007,15
GCCAACGCTGTTCAGCAGGA_008,38
GCCAACGCTGTTCAGCAGGA_009,41
GCCAACGCTGTTCAGCAGGA_010,3
GCCAACGCTGTTCAGCAGGA_011,4
GCCAACGCTGTTCAGCAGGA_012,90
GCCAACGCTGTTCAGCAGGA_013,107
GCCAACGCTGTTCAGCAGGA_014,47
AAGAAGATGCCGATACACGT_001,199
AAGAAGATGCCGATACACGT_002,54
AAGAAGATGCCGATACACGT_003,32
AAGAAGATGCCGATACACGT_004,26
AAGAAGATGCCGATACACGT_005,105
AAGAAGATGCCGATACACGT_006,15
AAGAAGATGCCGATACACGT_007,170
AAGAAGATGCCGATACACGT_008,197
AAGAAGATGCCGATACACGT_009,115
AAGAAGATGCCGATACACGT_010,104
AAGAAGATGCCGATACACGT_011,34
AAGAAGATGCCGATACACGT_012,44
AAGAAGATGCCGATACACGT_013,39
AAGAAGATGCCGATACACGT_014,168
AAGAAGATGCCGATACACGT_015,63
AAGAAGATGCCGATACACGT_016,17
AAGAAGATGCCGATACACGT_017,164
AGTAGCCCCCAAAATAAGAG_001,130
AGTAGCCCCCAAAATAAGAG_002,64
AGTAGCCCCCAAAATAAGAG_003,148
AGTAGCCCCCAAAATAAGAG_004,40
AGTAGCCCCCAAAATAAGAG_005,167
AGTAGCCCCCAAAATAAGAG_006,0
GCTGAGCGAGAGCCCCACGA_001,27
GCTGAGCGAGAGCCCCACGA_002,185
GCTGAGCGAGAGCCCCACGA_003,149
GCTGAGCGAGAGCCCCACGA_004,48
GCTGGTAGGGTCCATAACCA_001,113
GCTGGTAGGGTCCATAACCA_002,115
GCTGGTAGGGTCCATAACCA_003,58
GCTGGTAGGGTCCATAACCA_004,34
GCTGGTAGGGTCCATAACCA_005,65
GCTGGTAGGGTCCATAACCA_006,186
GCTGGTAGGGTCCATAACCA_007,162
GCTGGTAGGGTCCATAACCA_008,137
GCTGGTAGGGTCCATAACCA_009,165
GCTGGTAGGGTCCATAACCA_010,48
GCTGGTAGGGTCCATAACCA_011,152
GCTGGTAGGGTCCATAACCA_012,167
GCTGGTAGGGTCCATAACCA_013,9
AAGATGAAGAATGCCCACAA_001,158
AAGATGAAGAATGCCCACAA_002,181
AAGATGAAGAATGCCCACAA_003,22
AAGATGAAGAATGCCCACAA_004,176
AAGATGAAGAATGCCCACAA_005,60
AAGATGAAGAATGCCCACAA_006,45
AAGATGAAGAATGCCCACAA_007,81
AAGATGAAGAATGCCCACAA_008,92
AAGATGAAGAATGCCCACAA_009,168
AAGATGAAGAATGCCCACAA_010,16
AAGATGAAGAATGCCCACAA_011,167
AAGATGAAGAATGCCCACAA_012,167
AAGATGAAGAATGCCCACAA_013,103
AAGATGAAGAATGCCCACAA_014,165
AAGATGAAGAATGCCCACAA_015,175
AAGATGAAGAATGCCCACAA_016,57
GGAGCAGAAGAGCATGCGGT_001,195
GGAGCAGAAGAGCATGCGGT_002,191
GGAGCAGAAGAGCATGCGGT_003,130
GGAGCAGAAGAGCATGCGGT_004,106
GGAGCAGAAGAGCATGCGGT_005,174
GGAGCAGAAGAGCATGCGGT_006,64
GGAGCAGAAGAGCATGCGGT_007,188
GGAGCAGAAGAGCATGCGGT_008,10
GGAGCAGAAGAGCATGCGGT_009,154
GGAGCAGAAGAGCATGCGGT_010,154
GGAGCAGAAGAGCATGCGGT_011,120
GGAGCAGAAGAGCATGCGGT_012,128
GGAGCAGAAGAGCATGCGGT_013,135
GGAGCAGAAGAGCATGCGGT_014,61
GGAGCAGAAGAGCATGCGGT_015,118
GGAGCAGAAGAGCATGCGGT_016,118
GGAGCAGAAGAGCATGCGGT_017,175
GGAGCAGAAGAGCATGCGGT_018,149
GGAGCAGAAGAGCATGCGGT_019,83
GGAGCAGAAGAGCATGCGGT_020,48
GGAGCAGAAGAGCATGCGGT_021,17
GGAGCAGAAGAGCATGCGGT_022,43
GGAGCAGAAGAGCATGCGGT_023,45
GGAGCAGAAGAGCATGCGGT_024,47
GGAGCAGAAGAGCATGCGGT_025,70
GGAGCAGAAGAGCATGCGGT_026,34
GGAGCAGAAGAGCATGCGGT_027,16
CCTGGGTTCCACAGATAAAG_001,80
CCTGGGTTCCACAGATAAAG_002,70
CCTGGGTTCCACAGATAAAG_003,178
CCTGGGTTCCACAGATAAAG_004,87
CCTGGGTTCCACAGATAAAG_005,87
CCTGGGTTCCACAGATAAAG_006,82
CCTGGGTTCCACAGATAAAG_007,184
CCTGGGTTCCACAGATAAAG_008,70
CCTGGGTTCCACAGATAAAG_009,3
AAATGCTGATAAATCTTCCA_001,103
AAATGCTGATAAATCTTCCA_002,76
GAAGATATGATAAGTTCTGG_001,106
GAAGATATGATAAGTTCTGG_002,49
GAAGATATGATAAGTTCTGG_003,115
TACTCCCACTAATATTTGCG_001,188
TACTCCCACTAATATTTGCG_002,192
TACTCCCACTAATATTTGCG_003,129
CATGGTCGTTCGCACACACA_001,29
CATGGTCGTTCGCACACACA_002,182
CATGGTCGTTCGCACACACA_003,48
CATGGTCGTTCGCACACACA_004,58
CATGGTCGTTCGCACACACA_005,155
CATGGTCGTTCGCACACACA_006,24
CATGGTCGTTCGCACACACA_007,161
CATGGTCGTTCGCACACACA_008,161
CATGGTCGTTCGCACACACA_009,84
CATGGTCGTTCGCACACACA_010,55
CATGGTCGTTCGCACACACA_011,106
CATGGTCGTTCGCACACACA_012,199
CATGGTCGTTCGCACACACA_013,70
CATGGTCGTTCGCACACACA_014,79
CATGGTCGTTCGCACACACA_015,27
CATGGTCGTTCGCACACACA_016,198
ATGCTGATGACAATTTACAT_001,151
ATGCTGATGACAATTTACAT_002,103
ATGCTGATGACAATTTACAT_003,35
ATGCTGATGACAATTTACAT_004,29
ATGCTGATGACAATTTACAT_005,79
ATGCTGATGACAATTTACAT_006,28
AGAGATTCAAGCTCAGCAAG_001,0
AGAGATTCAAGCTCAGCAAG_002,64
AGAGATTCAAGCTCAGCAAG_003,59
AGAGATTCAAGCTCAGCAAG_004,64
AGAGATTCAAGCTCAGCAAG_005,6
AGAGATTCAAGCTCAGCAAG_006,139
AGAGATTCAAGCTCAGCAAG_007,141
AGAGATTCAAGCTCAGCAAG_008,156
AGAGATTCAAGCTCAGCAAG_009,174
AGAGATTCAAGCTCAGCAAG_010,121
AGAGATTCAAGCTCAGCAAG_011,154
AGAGATTCAAGCTCAGCAAG_012,51
AGAGATTCAAGCTCAGCAAG_013,108
GCCAAGAAGCACAACAAAAA_001,85
GCCAAGAAGCACAACAAAAA_002,17
GCCAAGAAGCACAACAAAAA_003,109
GCCAAGAAGCACAACAAAAA_004,109
GCCAAGAAGCACAACAAAAA_005,147
GCCAAGAAGCACAACAAAAA_006,146
GCCAAGAAGCACAACAAAAA_007,47
GCCAAGAAGCACAACAAAAA_008,13
GCCCGAGGATAGAATCTACC_001,41
GCCCGAGGATAGAATCTACC_002,55
GCCCGAGGATAGAATCTACC_003,34
GCCCGAGGATAGAATCTACC_004,66
TTGGGCCAGAGAGCAAACAT_001,18
TTGGGCCAGAGAGCAAACAT_002,60
TTGGGCCAGAGAGCAAACAT_003,58
TTGGGCCAGAGAGCAAACAT_004,16
TTGGGCCAGAGAGCAAACAT_005,67
TTGGGCCAGAGAGCAAACAT_006,140
TTGGGCCAGAGAGCAAACAT_007,170
TTGGGCCAGAGAGCAAACAT_008,53
TTGGGCCAGAGAGCAAACAT_009,128
TTGGGCCAGAGAGCAAACAT_010,85
TTGGGCCAGAGAGCAAACAT_011,138
TTGGGCCAGAGAGCAAACAT_012,58
TTGGGCCAGAGAGCAAACAT_013,124
TTGGGCCAGAGAGCAAACAT_014,109
TCAGGCCTTACCTTTCAGGC_001,34
TCAGGCCTTACCTTTCAGGC_002,136
TCAGGCCTTACCTTTCAGGC_003,66
TCAGGCCTTACCTTTCAGGC_004,83
TCAGGCCTTACCTTTCAGGC_005,151
TCAGGCCTTACCTTTCAGGC_006,86
TCAGGCCTTACCTTTCAGGC_007,170
TCAGGCCTTACCTTTCAGGC_008,90
TCAGGCCTTACCTTTCAGGC_009,23
TCAGGCCTTACCTTTCAGGC_010,135
TCAGGCCTTACCTTTCAGGC_011,105
TCAGGCCTTACCTTTCAGGC_012,185
TCAGGCCTTACCTTTCAGGC_013,16
TCAGGCCTTACCTTTCAGGC_014,169
TCAGGCCTTACCTTTCAGGC_015,182
TCAGGCCTTACCTTTCAGGC_016,127
TCAGGCCTTACCTTTCAGGC_017,162
TCAGGCCTTACCTTTCAGGC_018,188
TCAGGCCTTACCTTTCAGGC_019,16
TCTGGAGGCCCTTAGAGTGG_001,37
TCTGGAGGCCCTTAGAGTGG_002,148
GATCTCGTAGAACACACAGC_001,17
GATCTCGTAGAACACACAGC_002,54
GATCTCGTAGAACACACAGC_003,88
GATCTCGTAGAACACACAGC_004,147
GATCTCGTAGAACACACAGC_005,135
GATCTCGTAGAACACACAGC_006,125
GATCTCGTAGAACACACAGC_007,119
GATCTCGTAGAACACACAGC_008,141
GATCTCGTAGAACACACAGC_009,137
GATCTGACTAGATTCTCAAG_001,127
GATCTGACTAGATTCTCAAG_002,119
GATCTGACTAGATTCTCAAG_003,43
GATCTGACTAGATTCTCAAG_004,90
GCCGATGAGAGGCACATCGA_001,101
GCCGATGAGAGGCACATCGA_002,72
GCCGATGAGAGGCACATCGA_003,97
GCCGATGAGAGGCACATCGA_004,70
GCCGATGAGAGGCACATCGA_005,96
GCCGATGAGAGGCACATCGA_006,42
GCCGATGAGAGGCACATCGA_007,13
GCCGATGAGAGGCACATCGA_008,75
GCCGATGAGAGGCACATCGA_009,13
GCCGATGAGAGGCACATCGA_010,116
GCCGATGAGAGGCACATCGA_011,26
GCCGATGAGAGGCACATCGA_012,152
GCCGATGAGAGGCACATCGA_013,121
GCCGATGAGAGGCACATCGA_014,63
GCCGATGAGAGGCACATCGA_015,32
GCCGATGAGAGGCACATCGA_016,177
GCCGATGAGAGGCACATCGA_017,142
GCCGATGAGAGGCACATCGA_018,49
GCCGATGAGAGGCACATCGA_019,185
CCAGAGAACGGACATCACGA_001,127
CCAGAGAACGGACATCACGA_002,49
CCAGAGAACGGACATCACGA_003,1
CCAGAGAACGGACATCACGA_004,192
CCAGAGAACGGACATCACGA_005,169
CCAGAGAACGGACATCACGA_006,172
CCAGAGAACGGACATCACGA_007,150
CAAGAGTCGCAGTGGTTTCG_001,199
CAAGAGTCGCAGTGGTTTCG_002,107
CAAGAGTCGCAGTGGTTTCG_003,101
CAAGAGTCGCAGTGGTTTCG_004,137
CAAGAGTCGCAGTGGTTTCG_005,81
CAAGAGTCGCAGTGGTTTCG_006,169
CAAGAGTCGCAGTGGTTTCG_007,45
CAAGAGTCGCAGTGGTTTCG_008,36
CAAGAGTCGCAGTGGTTTCG_009,120
CAAGAGTCGCAGTGGTTTCG_010,120
CAAGAGTCGCAGTGGTTTCG_011,29
CAAGAGTCGCAGTGGTTTCG_012,83
CTGCGGAGGTCCATGGACCA_001,158
CTGCGGAGGTCCATGGACCA_002,82
CTGCGGAGGTCCATGGACCA_003,54
CTGCGGAGGTCCATGGACCA_004,130
GCGGACTCCTGCAAGTGCGA_001,77
GCGGACTCCTGCAAGTGCGA_002,118
GCGGACTCCTGCAAGTGCGA_003,105
GCGGACTCCTGCAAGTGCGA_004,182
GCGGACTCCTGCAAGTGCGA_005,105
GCGGACTCCTGCAAGTGCGA_006,64
GCGGACTCCTGCAAGTGCGA_007,16
GCGGACTCCTGCAAGTGCGA_008,48
GCGGACTCCTGCAAGTGCGA_009,89
GCGGACTCCTGCAAGTGCGA_010,58
GCGGACTCCTGCAAGTGCGA_011,102
GCGGACTCCTGCAAGTGCGA_012,156
GCGGACTCCTGCAAGTGCGA_013,129
GCGGACTCCTGCAAGTGCGA_014,158
GCGGACTCCTGCAAGTGCGA_015,185
GCGGACTCCTGCAAGTGCGA_016,191
GCGGACTCCTGCAAGTGCGA_017,83
GCGGACTCCTGCAAGTGCGA_018,78
GCGGACTCCTGCAAGTGCGA_019,191
GCGGACTCCTGCAAGTGCGA_020,28
GCGGACTCCTGCAAGTGCGA_021,199
GCGGACTCCTGCAAGTGCGA_022,75
GGAGTACAACAACTGTCATG_001,34
GGAGTACAACAACTGTCATG_002,172
GGAGTACAACAACTGTCATG_003,19
GGAGTACAACAACTGTCATG_004,16
GGAGTACAACAACTGTCATG_005,170
GGAGTACAACAACTGTCATG_006,107
GGAGTACAACAACTGTCATG_007,2
GGAGTACAACAACTGTCATG_008,43
GGAGTACAACAACTGTCATG_009,106
GGAGTACAACAACTGTCATG_010,94
TGCGGACCACAATGTGCTCG_001,198
TGCGGACCACAATGTGCTCG_002,147
TGCGGACCACAATGTGCTCG_003,57
TGCGGACCACAATGTGCTCG_004,23
TGCGGACCACAATGTGCTCG_005,135
TGCGGACCACAATGTGCTCG_006,12
TGCGGACCACAATGTGCTCG_007,103
TGCGGACCACAATGTGCTCG_008,103
TGCGGACCACAATGTGCTCG_009,97
GCTGGAGGCAAACTCCACCC_001,62
GCTGGAGGCAAACTCCACCC_002,121
GCTGGAGGCAAACTCCACCC_003,12
GCTGGAGGCAAACTCCACCC_004,19
AAAGCCAAATTATGTGTACA_001,89
AAAGCCAAATTATGTGTACA_002,106
AAAGCCAAATTATGTGTACA_003,149
AAAGCCAAATTATGTGTACA_004,63
TTGCATCAGGAAGTCACACA_001,118
TTGCATCAGGAAGTCACACA_002,198
TTGCATCAGGAAGTCACACA_003,67
TTGCATCAGGAAGTCACACA_004,61
TTGCATCAGGAAGTCACACA_005,150
TTGCATCAGGAAGTCACACA_006,62
TTGCATCAGGAAGTCACACA_007,145
ATGACAAAGATCCCATATGG_001,162
GGCAGAGCGCGGTCAGCACG_001,184
GGCAGAGCGCGGTCAGCACG_002,127
GGCAGAGCGCGGTCAGCACG_003,129
GGCAGAGCGCGGTCAGCACG_004,11
GGCAGAGCGCGGTCAGCACG_005,144
GGCAGAGCGCGGTCAGCACG_006,166
GGCAGAGCGCGGTCAGCACG_007,28
GGCAGAGCGCGGTCAGCACG_008,107
GGCAGAGCGCGGTCAGCACG_009,62
GGCAGAGCGCGGTCAGCACG_010,28
GGCAGAGCGCGGTCAGCACG_011,140
GGCAGAGCGCGGTCAGCACG_012,157
GGCAGAGCGCGGTCAGCACG_013,168
GGCAGAGCGCGGTCAGCACG_014,177
GGCAGAGCGCGGTCAGCACG_015,91
AAATATTGACCCGATAACCA_001,138
AAATATTGACCCGATAACCA_002,68
AAATATTGACCCGATAACCA_003,96
AAATATTGACCCGATAACCA_004,94
AAATATTGACCCGATAACCA_005,48
AAATATTGACCCGATAACCA_006,27
AAATATTGACCCGATAACCA_007,6
CCTGGAAAGGGTGTACCGAG_001,115
CCTGGAAAGGGTGTACCGAG_002,72
CCTGGAAAGGGTGTACCGAG_003,54
CCTGGAAAGGGTGTACCGAG_004,39
CCTGGAAAGGGTGTACCGAG_005,123
CCTGGAAAGGGTGTACCGAG_006,160
CCTGGAAAGGGTGTACCGAG_007,70
CCTGGAAAGGGTGTACCGAG_008,160
CCTGGAAAGGGTGTACCGAG_009,161
CCTGGAAAGGGTGTACCGAG_010,140
CCTGGAAAGGGTGTACCGAG_011,1
CCTGGAAAGGGTGTACCGAG_012,52
CCTGGAAAGGGTGTACCGAG_013,56
CCTGGAAAGGGTGTACCGAG_014,15
CCTGGAAAGGGTGTACCGAG_015,100
CCTGGAAAGGGTGTACCGAG_016,17
CCTGGAAAGGGTGTACCGAG_017,58
CCTGGAAAGGGTGTACCGAG_018,77
CCTGGAAAGGGTGTACCGAG_019,37
CCTGGAAAGGGTGTACCGAG_020,175
CCTGGAAAGGGTGTACCGAG_021,61
CCTGGAAAGGGTGTACCGAG_022,16
GCGCTACTTCGGCGGCACCG_001,29
GCGCTACTTCGGCGGCACCG_002,199
GCGCTACTTCGGCGGCACCG_003,187
GCGCTACTTCGGCGGCACCG_004,53
GCGCTACTTCGGCGGCACCG_005,11
GCGCTACTTCGGCGGCACCG_006,40
TGTTCCTGTGTGCGCAAGAG_001,4
TGTTCCTGTGTGCGCAAGAG_002,75
TGTTCCTGTGTGCGCAAGAG_003,103
TGTTCCTGTGTGCGCAAGAG_004,13
TGTTCCTGTGTGCGCAAGAG_005,141
TGTTCCTGTGTGCGCAAGAG_006,15
TGTTCCTGTGTGCGCAAGAG_007,148
CTCCAGCGCCGAGTTTATGG_001,72
AATCAAGAACTTATCTACGA_001,162
AATCAAGAACTTATCTACGA_002,149
AATCAAGAACTTATCTACGA_003,16
AATCAAGAACTTATCTACGA_004,94
AATCAAGAACTTATCTACGA_005,78
AATCAAGAACTTATCTACGA_006,53
ATTGTAAGTAAATTGAGCGG_001,144
CACCTGGACTATTACCACGG_001,126
CACCTGGACTATTACCACGG_002,160
CACCTGGACTATTACCACGG_003,78
CACCTGGACTATTACCACGG_004,163
CACCTGGACTATTACCACGG_005,138
CACCTGGACTATTACCACGG_006,109
GCAGAAGTCACACTCGTTTG_001,2
GCAGAAGTCACACTCGTTTG_002,184
GCAGAAGTCACACTCGTTTG_003,17
GCAGAAGTCACACTCGTTTG_004,197
GCAGAAGTCACACTCGTTTG_005,192
GCAGAAGTCACACTCGTTTG_006,109
TCAGATAAGACTGATCCAAG_001,170
TCAGATAAGACTGATCCAAG_002,102
TCAGATAAGACTGATCCAAG_003,22
TCAGATAAGACTGATCCAAG_004,77
TCAGATAAGACTGATCCAAG_005,113
TCAGATAAGACTGATCCAAG_006,189
TCAGATAAGACTGATCCAAG_007,60
TCAGATAAGACTGATCCAAG_008,77
TCAGATAAGACTGATCCAAG_009,138
TGGGTATACGTGAAGCGAGG_001,141
TGTGAATTGCCTGTACAACT_001,168
TGTGAATTGCCTGTACAACT_002,137
TGTGAATTGCCTGTACAACT_003,192
TGTGAATTGCCTGTACAACT_004,60
TGTGAATTGCCTGTACAACT_005,43
TGTGAATTGCCTGTACAACT_006,76
TGTGAATTGCCTGTACAACT_007,19
TGTGAATTGCCTGTACAACT_008,59
TGTGAATTGCCTGTACAACT_009,65
TGTGAATTGCCTGTACAACT_010,102
TGTGAATTGCCTGTACAACT_011,98
TTTCTCCTTACCGATACACG_001,51
TTTCTCCTTACCGATACACG_002,151
GGTAGTAGGCGTGCATATGG_001,131
GGTAGTAGGCGTGCATATGG_002,85
GGTAGTAGGCGTGCATATGG_003,117
GGTAGTAGGCGTGCATATGG_004,126
GGTAGTAGGCGTGCATATGG_005,23
GTTCATCAGAAAGTACATGT_001,163
GTTCATCAGAAAGTACATGT_002,170
GCAGACCCTCGAGATGCTAG_001,114
GCAGACCCTCGAGATGCTAG_002,70
GCAGACCCTCGAGATGCTAG_003,9
GCAGACCCTCGAGATGCTAG_004,41
GCAGACCCTCGAGATGCTAG_005,181
GCAGACCCTCGAGATGCTAG_006,107
GCAGACCCTCGAGATGCTAG_007,135
GCAGACCCTCGAGATGCTAG_008,193
GCAGACCCTCGAGATGCTAG_009,21
GCAGACCCTCGAGATGCTAG_010,26
GCAGACCCTCGAGATGCTAG_011,140
GCAGACCCTCGAGATGCTAG_012,52
GCAGACCCTCGAGATGCTAG_013,197
GCAGACCCTCGAGATGCTAG_014,50
GCAGACCCTCGAGATGCTAG_015,189
GCAGACCCTCGAGATGCTAG_016,13
GCAGACCCTCGAGATGCTAG_017,9
GCAGACCCTCGAGATGCTAG_018,168
GCAGACCCTCGAGATGCTAG_019,53
GCAGACCCTCGAGATGCTAG_020,55
GCAGACCCTCGAGATGCTAG_021,50
GCAGACCCTCGAGATGCTAG_022,9
GCAGACCCTCGAGATGCTAG_023,2
GCAGACCCTCGAGATGCTAG_024,19
GCAGACCCTCGAGATGCTAG_025,172
GCAGACCCTCGAGATGCTAG_026,33
GCAGACCCTCGAGATGCTAG_027,83
GCAGACCCTCGAGATGCTAG_028,160
GCAGACCCTCGAGATGCTAG_029,49
GCAGACCCTCGAGATGCTAG_030,75
GCAGACCCTCGAGATGCTAG_031,34
GCAGACCCTCGAGATGCTAG_032,153
GCAGACCCTCGAGATGCTAG_033,121
GCAGACCCTCGAGATGCTAG_034,103
GCAGACCCTCGAGATGCTAG_035,23
GCAGACCCTCGAGATGCTAG_036,119
GCAGACCCTCGAGATGCTAG_037,125
GCAGACCCTCGAGATGCTAG_038,108
TAAGAAGGCGAAGACATGAA_001,149
TAAGAAGGCGAAGACATGAA_002,188
TAAGAAGGCGAAGACATGAA_003,76
TAAGAAGGCGAAGACATGAA_004,29
TAAGAAGGCGAAGACATGAA_005,181
TAAGAAGGCGAAGACATGAA_006,149
TAAGAAGGCGAAGACATGAA_007,151
TAAGAAGGCGAAGACATGAA_008,141
TAAGAAGGCGAAGACATGAA_009,88
TAAGAAGGCGAAGACATGAA_010,199
TAAGAAGGCGAAGACATGAA_011,116
TAAGAAGGCGAAGACATGAA_012,198
TAAGAAGGCGAAGACATGAA_013,91
TAAGAAGGCGAAGACATGAA_014,94
TAAGAAGGCGAAGACATGAA_015,175
CTAAGATGAGGAGTACACGT_001,145
CTAAGATGAGGAGTACACGT_002,169
CTAAGATGAGGAGTACACGT_003,121
CTAAGATGAGGAGTACACGT_004,106
CTAAGATGAGGAGTACACGT_005,198
CTAAGATGAGGAGTACACGT_006,50
CTAAGATGAGGAGTACACGT_007,137
CTAAGATGAGGAGTACACGT_008,142
CTAAGATGAGGAGTACACGT_009,127
CTAAGATGAGGAGTACACGT_010,94
CTAAGATGAGGAGTACACGT_011,175
CTAAGATGAGGAGTACACGT_012,72
CTAAGATGAGGAGTACACGT_013,126
CTAAGATGAGGAGTACACGT_014,117
CTAAGATGAGGAGTACACGT_015,140
CTAAGATGAGGAGTACACGT_016,33
CTAAGATGAGGAGTACACGT_017,158
CTAAGATGAGGAGTACACGT_018,106
CTAAGATGAGGAGTACACGT_019,41
CTAAGATGAGGAGTACACGT_020,88
CTAAGATGAGGAGTACACGT_021,198
CTAAGATGAGGAGTACACGT_022,112
CTAAGATGAGGAGTACACGT_023,107
CTAAGATGAGGAGTACACGT_024,13
CTAAGATGAGGAGTACACGT_025,38
CTAAGATGAGGAGTACACGT_026,82
CTAAGATGAGGAGTACACGT_027,113
CTAAGATGAGGAGTACACGT_028,105
CTAAGATGAGGAGTACACGT_029,199
CTAAGATGAGGAGTACACGT_030,13
CTAAGATGAGGAGTACACGT_031,47
CTAAGATGAGGAGTACACGT_032,47
CTAAGATGAGGAGTACACGT_033,138
CTAAGATGAGGAGTACACGT_034,34
CTAAGATGAGGAGTACACGT_035,91
AGACTCTTACCGTCGTGGAG_001,144
AGACTCTTACCGTCGTGGAG_002,198
AGACTCTTACCGTCGTGGAG_003,118
AGACTCTTACCGTCGTGGAG_004,67
AGACTCTTACCGTCGTGGAG_005,82
AGACTCTTACCGTCGTGGAG_006,97
AGACTCTTACCGTCGTGGAG_007,97
ACTCGCATCCCAGTGTACGA_001,60
ACTCGCATCCCAGTGTACGA_002,40
ACTCGCATCCCAGTGTACGA_003,27
ACTCGCATCCCAGTGTACGA_004,198
ACTCGCATCCCAGTGTACGA_005,123
ACTCGCATCCCAGTGTACGA_006,1
ACTCGCATCCCAGTGTACGA_007,186
ACTCGCATCCCAGTGTACGA_008,159
ACTCGCATCCCAGTGTACGA_009,8
ACTCGCATCCCAGTGTACGA_010,7
ACTCGCATCCCAGTGTACGA_011,159
ACTCGCATCCCAGTGTACGA_012,163
ACTCGCATCCCAGTGTACGA_013,51
ACTCGCATCCCAGTGTACGA_014,62
ACTCGCATCCCAGTGTACGA_015,6
ACTCGCATCCCAGTGTACGA_016,6
ACTCGCATCCCAGTGTACGA_017,132
GGTTAAAGCAGCTTATATCA_001,137
ATGTGTGTAGATCGTGGGCG_001,50
ATGTGTGTAGATCGTGGGCG_002,0
ATGTGTGTAGATCGTGGGCG_003,142
AGAGCTTCCGGTAGAAGTCA_001,75
AGAGCTTCCGGTAGAAGTCA_002,141
GTAGCCAAAATCCACCTCCG_001,191
GTAGCCAAAATCCACCTCCG_002,146
GTAGCCAAAATCCACCTCCG_003,130
GTAGCCAAAATCCACCTCCG_004,78
GTAGCCAAAATCCACCTCCG_005,177
GTAGCCAAAATCCACCTCCG_006,127
GTAGCCAAAATCCACCTCCG_007,20
GTAGCCAAAATCCACCTCCG_008,189
GTAGCCAAAATCCACCTCCG_009,25
GTAGCCAAAATCCACCTCCG_010,6
GTAGCCAAAATCCACCTCCG_011,76
GTAGCCAAAATCCACCTCCG_012,190
GTAGCCAAAATCCACCTCCG_013,49
GTAGCCAAAATCCACCTCCG_014,142
GTAGCCAAAATCCACCTCCG_015,39
GTAGCCAAAATCCACCTCCG_016,76
GTAGCCAAAATCCACCTCCG_017,43
GTAGCCAAAATCCACCTCCG_018,160
GTAGCCAAAATCCACCTCCG_019,78
CCACAGCTCCTGAACCCACG_001,58
CCACAGCTCCTGAACCCACG_002,13
CCACAGCTCCTGAACCCACG_003,162
CCACAGCTCCTGAACCCACG_004,56
CCACAGCTCCTGAACCCACG_005,69
CCACAGCTCCTGAACCCACG_006,167
CCACAGCTCCTGAACCCACG_007,162
CCACAGCTCCTGAACCCACG_008,81
CCACAGCTCCTGAACCCACG_009,191
CTGGGCAAGCCCAAGCCTGA_001,194
CTGGGCAAGCCCAAGCCTGA_002,12
CTGGGCAAGCCCAAGCCTGA_003,48
CTGGGCAAGCCCAAGCCTGA_004,107
CTGGGCAAGCCCAAGCCTGA_005,101
CTGGGCAAGCCCAAGCCTGA_006,92
CTGGGCAAGCCCAAGCCTGA_007,29
CTGGGCAAGCCCAAGCCTGA_008,152
CTGGGCAAGCCCAAGCCTGA_009,120
CTGGGCAAGCCCAAGCCTGA_010,25
CTGGGCAAGCCCAAGCCTGA_011,29
CTGGGCAAGCCCAAGCCTGA_012,162
CTGGGCAAGCCCAAGCCTGA_013,128
GACCTGAGCACGCCGTAGGG_001,147
GACCTGAGCACGCCGTAGGG_002,47
GACCTGAGCACGCCGTAGGG_003,135
GACCTGAGCACGCCGTAGGG_004,125
GACCTGAGCACGCCGTAGGG_005,190
GACCTGAGCACGCCGTAGGG_006,121
GACCTGAGCACGCCGTAGGG_007,148
GACCTGAGCACGCCGTAGGG_008,98
GACCTGAGCACGCCGTAGGG_009,76
GACCTGAGCACGCCGTAGGG_010,162
GACCTGAGCACGCCGTAGGG_011,78
GACCTGAGCACGCCGTAGGG_012,13
GCAGCCTTCTTAAGGAGCTG_001,89
GCAGCCTTCTTAAGGAGCTG_002,47
TCACAAAGGAATCCACCTTG_001,5
TCACAAAGGAATCCACCTTG_002,32
TCACAAAGGAATCCACCTTG_003,151
TCACAAAGGAATCCACCTTG_004,137
TCACAAAGGAATCCACCTTG_005,17
TCACAAAGGAATCCACCTTG_006,60
TCACAAAGGAATCCACCTTG_007,142
TCTGGATGGGCTCCATAACG_001,78
TCTGGATGGGCTCCATAACG_002,19
TCTGGATGGGCTCCATAACG_003,147
TCTGGATGGGCTCCATAACG_004,103
TCTGGATGGGCTCCATAACG_005,2
TCTGGATGGGCTCCATAACG_006,166
TCTGGATGGGCTCCATAACG_007,68
CAGGAGCTCGCCCGTCAGCG_001,15
CAGGAGCTCGCCCGTCAGCG_002,151
CAGGAGCTCGCCCGTCAGCG_003,198
CAGGAGCTCGCCCGTCAGCG_004,82
CAGGAGCTCGCCCGTCAGCG_005,194
CAGGAGCTCGCCCGTCAGCG_006,25
CAGGAGCTCGCCCGTCAGCG_007,147
GAGCTCCTGCATGACCCGAT_001,102
GAGCTCCTGCATGACCCGAT_002,127
GAGCTCCTGCATGACCCGAT_003,151
GAGCTCCTGCATGACCCGAT_004,156
GAGCTCCTGCATGACCCGAT_005,85
GAGCTCCTGCATGACCCGAT_006,160
GAGCTCCTGCATGACCCGAT_007,166
GAGCTCCTGCATGACCCGAT_008,152
GAGCTCCTGCATGACCCGAT_009,56
GAGCTCCTGCATGACCCGAT_010,52
GAGCTCCTGCATGACCCGAT_011,39
GAGCTCCTGCATGACCCGAT_012,76
GAGCTCCTGCATGACCCGAT_013,3
GAGCTCCTGCATGACCCGAT_014,82
GAGCTCCTGCATGACCCGAT_015,58
AACAGCTTTAGGCTTAGGCA_001,4
AACAGCTTTAGGCTTAGGCA_002,108
AACAGCTTTAGGCTTAGGCA_003,178
AACAGCTTTAGGCTTAGGCA_004,107
AACAGCTTTAGGCTTAGGCA_005,114
AACAGCTTTAGGCTTAGGCA_006,130
AACAGCTTTAGGCTTAGGCA_007,35
AACAGCTTTAGGCTTAGGCA_008,112
AACAGCTTTAGGCTTAGGCA_009,101
AACAGCTTTAGGCTTAGGCA_010,186
AACAGCTTTAGGCTTAGGCA_011,36
AACAGCTTTAGGCTTAGGCA_012,9
AACAGCTTTAGGCTTAGGCA_013,28
AACAGCTTTAGGCTTAGGCA_014,188
AACAGCTTTAGGCTTAGGCA_015,137
AACAGCTTTAGGCTTAGGCA_016,167
AACAGCTTTAGGCTTAGGCA_017,124
CCTGTAGTCAGTCTCCGAGA_001,181
CCTGTAGTCAGTCTCCGAGA_002,128
CCTGTAGTCAGTCTCCGAGA_003,82
CAGTGGGACGCCCAGCAGCG_001,68
CAGTGGGACGCCCAGCAGCG_002,199
CAGTGGGACGCCCAGCAGCG_003,127
CAGTGGGACGCCCAGCAGCG_004,172
CAGTGGGACGCCCAGCAGCG_005,141
CAGTGGGACGCCCAGCAGCG_006,58
CAGTGGGACGCCCAGCAGCG_007,108
CAGTGGGACGCCCAGCAGCG_008,108
CAGTGGGACGCCCAGCAGCG_009,20
CAGTGGGACGCCCAGCAGCG_010,170
CAGTGGGACGCCCAGCAGCG_011,20
CAGTGGGACGCCCAGCAGCG_012,115
CAGTGGGACGCCCAGCAGCG_013,106
CAGTGGGACGCCCAGCAGCG_014,112
CAGTGGGACGCCCAGCAGCG_015,22
CAGTGGGACGCCCAGCAGCG_016,94
CAGTGGGACGCCCAGCAGCG_017,95
CAGTGGGACGCCCAGCAGCG_018,119
CAGTGGGACGCCCAGCAGCG_019,195
CAGTGGGACGCCCAGCAGCG_020,28
CAGTGGGACGCCCAGCAGCG_021,6
CAGTGGGACGCCCAGCAGCG_022,3
CAGTGGGACGCCCAGCAGCG_023,188
CAGTGGGACGCCCAGCAGCG_024,42
CAGTGGGACGCCCAGCAGCG_025,99
ACTGCCTTACATCCGTGATG_001,140
AGTTCTCGCACCAGACGCCG_001,27
AGTTCTCGCACCAGACGCCG_002,134
AGTTCTCGCACCAGACGCCG_003,118
AGTTCTCGCACCAGACGCCG_004,54
AGTTCTCGCACCAGACGCCG_005,28
AGTTCTCGCACCAGACGCCG_006,169
AGTTCTCGCACCAGACGCCG_007,70
AGTTCTCGCACCAGACGCCG_008,134
AGTTCTCGCACCAGACGCCG_009,81
AGTTCTCGCACCAGACGCCG_010,59
AGTTCTCGCACCAGACGCCG_011,40
AGTTCTCGCACCAGACGCCG_012,45
AGTTCTCGCACCAGACGCCG_013,183
AGTTCTCGCACCAGACGCCG_014,81
AGTTCTCGCACCAGACGCCG_015,81
AGTTCTCGCACCAGACGCCG_016,117
AGTTCTCGCACCAGACGCCG_017,127
CCAGCACCCCAATCTCCTCG_001,126
CCAGCACCCCAATCTCCTCG_002,158
CCAGCACCCCAATCTCCTCG_003,128
CCAGCACCCCAATCTCCTCG_004,78
CCAGCACCCCAATCTCCTCG_005,121
CCAGCACCCCAATCTCCTCG_006,55
CCAGCACCCCAATCTCCTCG_007,56
CCAGCACCCCAATCTCCTCG_008,112
CCAGCACCCCAATCTCCTCG_009,96
CCAGCACCCCAATCTCCTCG_010,26
CCAGCACCCCAATCTCCTCG_011,116
CCAGCACCCCAATCTCCTCG_012,168
CCAGCACCCCAATCTCCTCG_013,99
CCAGCACCCCAATCTCCTCG_014,64
CCCCAAAACTCGAGTCCGCG_001,150
CCCCAAAACTCGAGTCCGCG_002,13
CCCCAAAACTCGAGTCCGCG_003,65
CCCCAAAACTCGAGTCCGCG_004,175
CCCCAAAACTCGAGTCCGCG_005,60
CCCCAAAACTCGAGTCCGCG_006,61
CCCCAAAACTCGAGTCCGCG_007,56
CCCCAAAACTCGAGTCCGCG_008,161
CCCCAAAACTCGAGTCCGCG_009,137
CCCCAAAACTCGAGTCCGCG_010,20
CCCCAAAACTCGAGTCCGCG_011,86
CGTGATCACCAGGATCATCA_001,49
CGTGATCACCAGGATCATCA_002,8
CGTGATCACCAGGATCATCA_003,52
GACGCGTTATATATACTAGG_001,158
GACGCGTTATATATACTAGG_002,61
GTGGAGACCGGGGGTCACGT_001,145
GTGGAGACCGGGGGTCACGT_002,151
TACTCTCAAATCTGTTCTGG_001,96
TACTCTCAAATCTGTTCTGG_002,191
TACTCTCAAATCTGTTCTGG_003,158
TACTCTCAAATCTGTTCTGG_004,82
TACTCTCAAATCTGTTCTGG_005,115
TACTCTCAAATCTGTTCTGG_006,163
TACTCTCAAATCTGTTCTGG_007,41
TACTCTCAAATCTGTTCTGG_008,134
TACTCTCAAATCTGTTCTGG_009,4
TACTCTCAAATCTGTTCTGG_010,61
TACTCTCAAATCTGTTCTGG_011,138
TGCTCAGGGAGGGTCCATGG_001,165
TGCTCAGGGAGGGTCCATGG_002,29
TGCTCAGGGAGGGTCCATGG_003,154
TGCTCAGGGAGGGTCCATGG_004,68
TGCTCAGGGAGGGTCCATGG_005,12
TGCTCAGGGAGGGTCCATGG_006,9
TGCTCAGGGAGGGTCCATGG_007,121
TGCTCAGGGAGGGTCCATGG_008,174
TGCTCAGGGAGGGTCCATGG_009,131
TGCTCAGGGAGGGTCCATGG_010,70
TGCTCAGGGAGGGTCCATGG_011,184
TGCTCAGGGAGGGTCCATGG_012,56
TGCTCAGGGAGGGTCCATGG_013,199
TGCTCAGGGAGGGTCCATGG_014,174
TGCTCAGGGAGGGTCCATGG_015,148
TGCTCAGGGAGGGTCCATGG_016,94
TGCTCAGGGAGGGTCCATGG_017,15
TGCTCAGGGAGGGTCCATGG_018,12
GAAGGATTCCCGGTGCAGAG_001,29
GAAGGATTCCCGGTGCAGAG_002,138
GAAGGATTCCCGGTGCAGAG_003,172
GAAGGATTCCCGGTGCAGAG_004,134
GAAGGATTCCCGGTGCAGAG_005,181
GAAGGATTCCCGGTGCAGAG_006,117
GAAGGATTCCCGGTGCAGAG_007,195
GAAGGATTCCCGGTGCAGAG_008,2
GAAGGATTCCCGGTGCAGAG_009,2
GAAGGATTCCCGGTGCAGAG_010,29
GAAGGATTCCCGGTGCAGAG_011,30
GAAGGATTCCCGGTGCAGAG_012,172
TCTCCTCCCCCAACACTGCA_001,94
TCTCCTCCCCCAACACTGCA_002,157
TCTCCTCCCCCAACACTGCA_003,82
TCTCCTCCCCCAACACTGCA_004,122
TCTCCTCCCCCAACACTGCA_005,129
TCTCCTCCCCCAACACTGCA_006,9
TCTCCTCCCCCAACACTGCA_007,86
TCTCCTCCCCCAACACTGCA_008,103
TCTCCTCCCCCAACACTGCA_009,30
TCTCCTCCCCCAACACTGCA_010,74
TCTCCTCCCCCAACACTGCA_011,155
TCTCCTCCCCCAACACTGCA_012,86
TCTCCTCCCCCAACACTGCA_013,95
TCTCCTCCCCCAACACTGCA_014,34
TCTCCTCCCCCAACACTGCA_015,42
TCTCCTCCCCCAACACTGCA_016,13
TCTCCTCCCCCAACACTGCA_017,81
TCTCCTCCCCCAACACTGCA_018,50
TCTCCTCCCCCAACACTGCA_019,3
TCTCCTCCCCCAACACTGCA_020,144
TCTCCTCCCCCAACACTGCA_021,150
TCTCCTCCCCCAACACTGCA_022,168
TCTCCTCCCCCAACACTGCA_023,63
TCTCCTCCCCCAACACTGCA_024,63
TCTCCTCCCCCAACACTGCA_025,87
TCTCCTCCCCCAACACTGCA_026,180
TCTCCTCCCCCAACACTGCA_027,180
TCTCCTCCCCCAACACTGCA_028,142
TCTCCTCCCCCAACACTGCA_029,168
TCTCCTCCCCCAACACTGCA_030,35
TCTCCTCCCCCAACACTGCA_031,197
CACAAGCACTCGCCACCAAG_001,188
CACAAGCACTCGCCACCAAG_002,107
CACAAGCACTCGCCACCAAG_003,2
CACAAGCACTCGCCACCAAG_004,46
CACAAGCACTCGCCACCAAG_005,29
CACAAGCACTCGCCACCAAG_006,2
CACAAGCACTCGCCACCAAG_007,153
AGGTACCATATCGAAGAACG_001,176
AGGTACCATATCGAAGAACG_002,140
AGGTACCATATCGAAGAACG_003,155
AGGTACCATATCGAAGAACG_004,94
AGGTACCATATCGAAGAACG_005,84
AGGTACCATATCGAAGAACG_006,153
AGGTACCATATCGAAGAACG_007,38
AGGTACCATATCGAAGAACG_008,188
AGGTACCATATCGAAGAACG_009,175
AGGTACCATATCGAAGAACG_010,28
TGAGCCCTGAGACCGTGGGT_001,91
TGAGCCCTGAGACCGTGGGT_002,170
TGAGCCCTGAGACCGTGGGT_003,93
TGAGCCCTGAGACCGTGGGT_004,173
TGAGCCCTGAGACCGTGGGT_005,158
TGAGCCCTGAGACCGTGGGT_006,49
TGAGCCCTGAGACCGTGGGT_007,15
TGAGCCCTGAGACCGTGGGT_008,28
TGAGCCCTGAGACCGTGGGT_009,145
TGAGCCCTGAGACCGTGGGT_010,100
TGAGCCCTGAGACCGTGGGT_011,57
TGAGCCCTGAGACCGTGGGT_012,24
GCAGGTACGGAAGAATCGCG_001,44
GCAGGTACGGAAGAATCGCG_002,104
GCAGGTACGGAAGAATCGCG_003,58
GCAGGTACGGAAGAATCGCG_004,29
GCAGGTACGGAAGAATCGCG_005,127
GCAGGTACGGAAGAATCGCG_006,27
GCAGGTACGGAAGAATCGCG_007,119
GCAGGTACGGAAGAATCGCG_008,184
TGGAGTTTGAATGGTCCGTG_001,130
TGGAGTTTGAATGGTCCGTG_002,193
TGGAGTTTGAATGGTCCGTG_003,127
TGGAGTTTGAATGGTCCGTG_004,17
TGGAGTTTGAATGGTCCGTG_005,17
TGGAGTTTGAATGGTCCGTG_006,27
CACGTGGTCTGTAGCGACAG_001,134
CACGTGGTCTGTAGCGACAG_002,37
CACGTGGTCTGTAGCGACAG_003,179
CACGTGGTCTGTAGCGACAG_004,78
CACGTGGTCTGTAGCGACAG_005,127
CACGTGGTCTGTAGCGACAG_006,40
CACGTGGTCTGTAGCGACAG_007,172
CACGTGGTCTGTAGCGACAG_008,2
CACGTGGTCTGTAGCGACAG_009,6
CACGTGGTCTGTAGCGACAG_010,80
CACGTGGTCTGTAGCGACAG_011,35
CACGTGGTCTGTAGCGACAG_012,148
CACGTGGTCTGTAGCGACAG_013,113
CACGTGGTCTGTAGCGACAG_014,81
CACGTGGTCTGTAGCGACAG_015,46
CACGTGGTCTGTAGCGACAG_016,137
CACGTGGTCTGTAGCGACAG_017,182
CACGTGGTCTGTAGCGACAG_018,92
CACGTGGTCTGTAGCGACAG_019,127
CACGTGGTCTGTAGCGACAG_020,50
CACGTGGTCTGTAGCGACAG_021,76
CACGTGGTCTGTAGCGACAG_022,189
CACGTGGTCTGTAGCGACAG_023,184
CACGTGGTCTGTAGCGACAG_024,45
CACGTGGTCTGTAGCGACAG_025,1
CACGTGGTCTGTAGCGACAG_026,49
CACGTGGTCTGTAGCGACAG_027,12
CACGTGGTCTGTAGCGACAG_028,46
CACGTGGTCTGTAGCGACAG_029,191
CACGTGGTCTGTAGCGACAG_030,182
CACGTGGTCTGTAGCGACAG_031,43
GCTGTGGGCGTTCTTTACGC_001,184
ACATGACCCAGCCAAATGCG_001,184
ACATGACCCAGCCAAATGCG_002,19
ACATGACCCAGCCAAATGCG_003,143
ACATGACCCAGCCAAATGCG_004,53
ACATGACCCAGCCAAATGCG_005,126
ACATGACCCAGCCAAATGCG_006,68
ACATGACCCAGCCAAATGCG_007,91
ACATGACCCAGCCAAATGCG_008,123
ACATGACCCAGCCAAATGCG_009,116
GGATACGACTGGCCACACAA_001,7
GGATACGACTGGCCACACAA_002,72
GGATACGACTGGCCACACAA_003,162
GGATACGACTGGCCACACAA_004,119
GGATACGACTGGCCACACAA_005,69
GGATACGACTGGCCACACAA_006,46
GGATACGACTGGCCACACAA_007,177
GGATACGACTGGCCACACAA_008,104
GGATACGACTGGCCACACAA_009,89
GGATACGACTGGCCACACAA_010,124
GGATACGACTGGCCACACAA_011,115
AGTTTGACACTATGGCACAA_001,142
AGTTTGACACTATGGCACAA_002,159
AGTTTGACACTATGGCACAA_003,63
AGTTTGACACTATGGCACAA_004,29
AGTTTGACACTATGGCACAA_005,78
AGTTTGACACTATGGCACAA_006,163
AGTTTGACACTATGGCACAA_007,20
AGTTTGACACTATGGCACAA_008,3
AGTTTGACACTATGGCACAA_009,39
GATTGTACATGAAACGTCGG_001,6
GATTGTACATGAAACGTCGG_002,155
GATTGTACATGAAACGTCGG_003,181
GATTGTACATGAAACGTCGG_004,98
GATTGTACATGAAACGTCGG_005,102
GATTGTACATGAAACGTCGG_006,50
GATTGTACATGAAACGTCGG_007,38
GATTGTACATGAAACGTCGG_008,140
GATTGTACATGAAACGTCGG_009,162
GATTGTACATGAAACGTCGG_010,20
GATTGTACATGAAACGTCGG_011,186
GATTGTACATGAAACGTCGG_012,95
GATTGTACATGAAACGTCGG_013,0
GATTGTACATGAAACGTCGG_014,29
GATTGTACATGAAACGTCGG_015,124
GATTGTACATGAAACGTCGG_016,63
GATTGTACATGAAACGTCGG_017,199
GATTGTACATGAAACGTCGG_018,77
ATTGTTTCTCACTTCATACC_001,6
ATTGTTTCTCACTTCATACC_002,35
ATTGTTTCTCACTTCATACC_003,124
CTACTCGCACCTGAACATCG_001,157
CTACTCGCACCTGAACATCG_002,137
CTACTCGCACCTGAACATCG_003,43
CTACTCGCACCTGAACATCG_004,77
CTACTCGCACCTGAACATCG_005,95
CTACTCGCACCTGAACATCG_006,73
CTACTCGCACCTGAACATCG_007,32
CTACTCGCACCTGAACATCG_008,122
CTACTCGCACCTGAACATCG_009,121
CTACTCGCACCTGAACATCG_010,33
CTACTCGCACCTGAACATCG_011,168
CTACTCGCACCTGAACATCG_012,180
CTACTCGCACCTGAACATCG_013,197
TGGAGATTATGATATCAAGG_001,61
CAGACACAGTCTGATCTCCA_001,13
CAGACACAGTCTGATCTCCA_002,67
CTGAACAAGGACTCTTAACG_001,114
CTGAACAAGGACTCTTAACG_002,113
CTGAACAAGGACTCTTAACG_003,108
CTGAACAAGGACTCTTAACG_004,6
CTGAACAAGGACTCTTAACG_005,25
CTGAACAAGGACTCTTAACG_006,172
CTGAACAAGGACTCTTAACG_007,185
GACGGGAGCCTCGATCGACG_001,78
GACGGGAGCCTCGATCGACG_002,116
GACGGGAGCCTCGATCGACG_003,26
GACGGGAGCCTCGATCGACG_004,172
GACGGGAGCCTCGATCGACG_005,154
GACGGGAGCCTCGATCGACG_006,141
GACGGGAGCCTCGATCGACG_007,184
GACGGGAGCCTCGATCGACG_008,178
GACGGGAGCCTCGATCGACG_009,196
GACGGGAGCCTCGATCGACG_010,36
GACGGGAGCCTCGATCGACG_011,64
GACGGGAGCCTCGATCGACG_012,28
GACGGGAGCCTCGATCGACG_013,121
GACGGGAGCCTCGATCGACG_014,191
GACGGGAGCCTCGATCGACG_015,49
GACGGGAGCCTCGATCGACG_016,13
GACGGGAGCCTCGATCGACG_017,158
GACGGGAGCCTCGATCGACG_018,16
GACGGGAGCCTCGATCGACG_019,170
GACGGGAGCCTCGATCGACG_020,2
GACGGGAGCCTCGATCGACG_021,36
GACGGGAGCCTCGATCGACG_022,17
GCAATGCAATCGGCCTTCAT_001,182
GCAATGCAATCGGCCTTCAT_002,42
GCAATGCAATCGGCCTTCAT_003,178
GCAATGCAATCGGCCTTCAT_004,89
GCAATGCAATCGGCCTTCAT_005,61
GCAATGCAATCGGCCTTCAT_006,75
GCAATGCAATCGGCCTTCAT_007,32
GCAATGCAATCGGCCTTCAT_008,12
GCAATGCAATCGGCCTTCAT_009,192
GCAATGCAATCGGCCTTCAT_010,3
GCAATGCAATCGGCCTTCAT_011,38
TGTATGGTTCATCTCTACCT_001,159
TGTATGGTTCATCTCTACCT_002,146
TGTATGGTTCATCTCTACCT_003,34
TGTATGGTTCATCTCTACCT_004,61
TGTATGGTTCATCTCTACCT_005,8
TGTATGGTTCATCTCTACCT_006,179
TGTATGGTTCATCTCTACCT_007,56
TGTATGGTTCATCTCTACCT_008,188
CCACTGCACGGCGCACAAGG_001,12
CCACTGCACGGCGCACAAGG_002,121
CCACTGCACGGCGCACAAGG_003,15
CCACTGCACGGCGCACAAGG_004,134
CCACTGCACGGCGCACAAGG_005,105
CCACTGCACGGCGCACAAGG_006,191
CCACTGCACGGCGCACAAGG_007,23
CCACTGCACGGCGCACAAGG_008,184
CCACTGCACGGCGCACAAGG_009,120
CCACTGCACGGCGCACAAGG_010,134
CCACTGCACGGCGCACAAGG_011,142
CCACTGCACGGCGCACAAGG_012,82
CCACTGCACGGCGCACAAGG_013,162
CCACTGCACGGCGCACAAGG_014,15
CCACTGCACGGCGCACAAGG_015,82
CCACTGCACGGCGCACAAGG_016,199
CCACTGCACGGCGCACAAGG_017,199
CCACTGCACGGCGCACAAGG_018,96
CCACTGCACGGCGCACAAGG_019,62
CCACTGCACGGCGCACAAGG_020,130
CAGGGGGCCTGGCCACAGGA_001,77
CAGGGGGCCTGGCCACAGGA_002,188
CAGGGGGCCTGGCCACAGGA_003,23
CAGGGGGCCTGGCCACAGGA_004,88
CAGGGGGCCTGGCCACAGGA_005,147
CAGGGGGCCTGGCCACAGGA_006,63
CAGGGGGCCTGGCCACAGGA_007,58
CAGGGGGCCTGGCCACAGGA_008,62
CAGGGGGCCTGGCCACAGGA_009,67
CAGGGGGCCTGGCCACAGGA_010,96
CAGGGGGCCTGGCCACAGGA_011,80
CAGGGGGCCTGGCCACAGGA_012,42
CAGGGGGCCTGGCCACAGGA_013,74
CAGGGGGCCTGGCCACAGGA_014,185
CAGGGGGCCTGGCCACAGGA_015,44
CAGGGGGCCTGGCCACAGGA_016,33
CAGGGGGCCTGGCCACAGGA_017,81
CAGGGGGCCTGGCCACAGGA_018,3
GGTTGAGAAAGACGTCCCAG_001,84
GGTTGAGAAAGACGTCCCAG_002,115
GGTTGAGAAAGACGTCCCAG_003,87
GGTTGAGAAAGACGTCCCAG_004,102
GGTTGAGAAAGACGTCCCAG_005,0
GGTTGAGAAAGACGTCCCAG_006,168
GGTTGAGAAAGACGTCCCAG_007,17
GGTTGAGAAAGACGTCCCAG_008,0
GGTTGAGAAAGACGTCCCAG_009,69
GCCCAATGCAGTAGTCAGAG_001,46
GCCCAATGCAGTAGTCAGAG_002,16
GCCCAATGCAGTAGTCAGAG_003,177
TGTGCTTGAAGAAGACACAA_001,176
TGTGCTTGAAGAAGACACAA_002,179
TGTGCTTGAAGAAGACACAA_003,120
TGTGCTTGAAGAAGACACAA_004,77
ACACTTGCAGAAAAGAGCCG_001,11
ACACTTGCAGAAAAGAGCCG_002,172
ACACTTGCAGAAAAGAGCCG_003,147
ACACTTGCAGAAAAGAGCCG_004,11
ACACTTGCAGAAAAGAGCCG_005,165
ACACTTGCAGAAAAGAGCCG_006,178
ACACTTGCAGAAAAGAGCCG_007,113
ACACTTGCAGAAAAGAGCCG_008,35
ACACTTGCAGAAAAGAGCCG_009,48
ACACTTGCAGAAAAGAGCCG_010,28
CAGCTCCGTCGAATTGACAC_001,170
CAGCTCCGTCGAATTGACAC_002,49
CAGCTCCGTCGAATTGACAC_003,78
CAGCTCCGTCGAATTGACAC_004,13
CAGCTCCGTCGAATTGACAC_005,17
CAGCTCCGTCGAATTGACAC_006,199
CAGCTCCGTCGAATTGACAC_007,91
CAGCTCCGTCGAATTGACAC_008,149
CAGCTCCGTCGAATTGACAC_009,164
CAGCTCCGTCGAATTGACAC_010,23
CAGCTCCGTCGAATTGACAC_011,23
CAGCTCCGTCGAATTGACAC_012,6
CAGCTCCGTCGAATTGACAC_013,8
CAGCTCCGTCGAATTGACAC_014,152
CAGCTCCGTCGAATTGACAC_015,50
CAGCTCCGTCGAATTGACAC_016,162
CAGCTCCGTCGAATTGACAC_017,104
GATGCCGCTGCAGAGGCTAT_001,182
GATGCCGCTGCAGAGGCTAT_002,108
GATGCCGCTGCAGAGGCTAT_003,170
GATGCCGCTGCAGAGGCTAT_004,163
GATGCCGCTGCAGAGGCTAT_005,93
GATGCCGCTGCAGAGGCTAT_006,177
GATGCCGCTGCAGAGGCTAT_007,74
GATGCCGCTGCAGAGGCTAT_008,46
GATGCCGCTGCAGAGGCTAT_009,182
GATGCCGCTGCAGAGGCTAT_010,41
GATGCCGCTGCAGAGGCTAT_011,76
GATGCCGCTGCAGAGGCTAT_012,34
GATGCCGCTGCAGAGGCTAT_013,141
GATGCCGCTGCAGAGGCTAT_014,43
GATGCCGCTGCAGAGGCTAT_015,116
GATGCCGCTGCAGAGGCTAT_016,84
GATGCCGCTGCAGAGGCTAT_017,154
GATGCCGCTGCAGAGGCTAT_018,179
GATGCCGCTGCAGAGGCTAT_019,80
TGAAGTTGGTCATGAGTGCA_001,84
TGAAGTTGGTCATGAGTGCA_002,129
TGAAGTTGGTCATGAGTGCA_003,42
TGAAGTTGGTCATGAGTGCA_004,188
TGAAGTTGGTCATGAGTGCA_005,94
TGAAGTTGGTCATGAGTGCA_006,41
TGAAGTTGGTCATGAGTGCA_007,177
TGAAGTTGGTCATGAGTGCA_008,15
TGAAGTTGGTCATGAGTGCA_009,42
TGAAGTTGGTCATGAGTGCA_010,145
TGAAGTTGGTCATGAGTGCA_011,78
TGAAGTTGGTCATGAGTGCA_012,163
TGAAGTTGGTCATGAGTGCA_013,42
TGAAGTTGGTCATGAGTGCA_014,174
TGAAGTTGGTCATGAGTGCA_015,140
TGAAGTTGGTCATGAGTGCA_016,11
TGAAGTTGGTCATGAGTGCA_017,124
TGAAGTTGGTCATGAGTGCA_018,149
TGAAGTTGGTCATGAGTGCA_019,50
TGAAGTTGGTCATGAGTGCA_020,150
TGAAGTTGGTCATGAGTGCA_021,70
TGAAGTTGGTCATGAGTGCA_022,63
TGAAGTTGGTCATGAGTGCA_023,19
TGAAGTTGGTCATGAGTGCA_024,198
TGAAGTTGGTCATGAGTGCA_025,100
TGAAGTTGGTCATGAGTGCA_026,58
TGAAGTTGGTCATGAGTGCA_027,12
TGAAGTTGGTCATGAGTGCA_028,175
TGAAGTTGGTCATGAGTGCA_029,115
TGAAGTTGGTCATGAGTGCA_030,196
TGAAGTTGGTCATGAGTGCA_031,163
TGAAGTTGGTCATGAGTGCA_032,142
GGTGACGTTGAACAAGCGCA_001,140
GGTGACGTTGAACAAGCGCA_002,138
GGTGACGTTGAACAAGCGCA_003,90
GCATTGACGGAATCTGTGCA_001,60
GCATTGACGGAATCTGTGCA_002,112
GCATTGACGGAATCTGTGCA_003,144
GCATTGACGGAATCTGTGCA_004,119
GCATTGACGGAATCTGTGCA_005,45
GCATTGACGGAATCTGTGCA_006,4
GCATTGACGGAATCTGTGCA_007,2
GCATTGACGGAATCTGTGCA_008,19
GCATTGACGGAATCTGTGCA_009,158
GCATTGACGGAATCTGTGCA_010,128
GCATTGACGGAATCTGTGCA_011,98
GCATTGACGGAATCTGTGCA_012,99
GCATTGACGGAATCTGTGCA_013,158
GCATTGACGGAATCTGTGCA_014,103
GCATTGACGGAATCTGTGCA_015,63
GCATTGACGGAATCTGTGCA_016,6
GCATTGACGGAATCTGTGCA_017,6
GCATTGACGGAATCTGTGCA_018,106
GCATTGACGGAATCTGTGCA_019,149
GCATTGACGGAATCTGTGCA_020,178
GCATTGACGGAATCTGTGCA_021,172
GGTACTGAGCCATAACAGAG_001,160
GGTACTGAGCCATAACAGAG_002,198
GGTACTGAGCCATAACAGAG_003,12
GGTACTGAGCCATAACAGAG_004,110
GGTACTGAGCCATAACAGAG_005,138
GGTACTGAGCCATAACAGAG_006,198
GGTACTGAGCCATAACAGAG_007,15
GGTACTGAGCCATAACAGAG_008,4
GGTACTGAGCCATAACAGAG_009,2
GGTACTGAGCCATAACAGAG_010,170
GGTACTGAGCCATAACAGAG_011,25
GGAAGTAAGACTGGTAGTCG_001,70
GGAAGTAAGACTGGTAGTCG_002,122
GGAAGTAAGACTGGTAGTCG_003,15
GGAAGTAAGACTGGTAGTCG_004,75
GGAAGTAAGACTGGTAGTCG_005,84
GGAAGTAAGACTGGTAGTCG_006,101
GGAAGTAAGACTGGTAGTCG_007,157
GGAAGTAAGACTGGTAGTCG_008,63
GGAAGTAAGACTGGTAGTCG_009,172
GGAAGTAAGACTGGTAGTCG_010,48
GGGCTCCGAGCCATCGATGG_001,143
GGGCTCCGAGCCATCGATGG_002,143
GGGCTCCGAGCCATCGATGG_003,132
GGGCTCCGAGCCATCGATGG_004,29
GGGCTCCGAGCCATCGATGG_005,52
GGGCTCCGAGCCATCGATGG_006,185
GGGCTCCGAGCCATCGATGG_007,158
GGGCTCCGAGCCATCGATGG_008,168
GGGCTCCGAGCCATCGATGG_009,32
GGGCTCCGAGCCATCGATGG_010,151
GGGCTCCGAGCCATCGATGG_011,148
GGGCTCCGAGCCATCGATGG_012,148
GGGCTCCGAGCCATCGATGG_013,33
GGGCTCCGAGCCATCGATGG_014,118
GGGCTCCGAGCCATCGATGG_015,107
GGGCTCCGAGCCATCGATGG_016,19
GGGCTCCGAGCCATCGATGG_017,41
GGGCTCCGAGCCATCGATGG_018,47
GGGCTCCGAGCCATCGATGG_019,190
GGGCTCCGAGCCATCGATGG_020,61
GGGCTCCGAGCCATCGATGG_021,191
ATTGATGCACTTGAGGCAGA_001,166
ATTGATGCACTTGAGGCAGA_002,9
ATTGATGCACTTGAGGCAGA_003,86
ATTGATGCACTTGAGGCAGA_004,188
CAAAGGTCGGACTACAATCG_001,88
CAAAGGTCGGACTACAATCG_002,56
CAAAGGTCGGACTACAATCG_003,42
CAAAGGTCGGACTACAATCG_004,191
CAAAGGTCGGACTACAATCG_005,172
CAAAGGTCGGACTACAATCG_006,159
CAAAGGTCGGACTACAATCG_007,86
CAAAGGTCGGACTACAATCG_008,40
CAAAGGTCGGACTACAATCG_009,166
CAAAGGTCGGACTACAATCG_010,60
CAACAGTGAGACCAGTGATG_001,131
CAACAGTGAGACCAGTGATG_002,66
CAACAGTGAGACCAGTGATG_003,155
CAACAGTGAGACCAGTGATG_004,183
CAACAGTGAGACCAGTGATG_005,9
CAACAGTGAGACCAGTGATG_006,162
CAACAGTGAGACCAGTGATG_007,59
CAACAGTGAGACCAGTGATG_008,174
CAACAGTGAGACCAGTGATG_009,60
CAACAGTGAGACCAGTGATG_010,153
TAACCTCCGGAGCATAGAGT_001,183
TAACCTCCGGAGCATAGAGT_002,183
TAACCTCCGGAGCATAGAGT_003,147
TAACCTCCGGAGCATAGAGT_004,78
TAACCTCCGGAGCATAGAGT_005,175
TAACCTCCGGAGCATAGAGT_006,77
TAACCTCCGGAGCATAGAGT_007,49
TAACCTCCGGAGCATAGAGT_008,75
TAACCTCCGGAGCATAGAGT_009,162
TAACCTCCGGAGCATAGAGT_010,24
TAACCTCCGGAGCATAGAGT_011,105
TAACCTCCGGAGCATAGAGT_012,117
TAACCTCCGGAGCATAGAGT_013,144
TAACCTCCGGAGCATAGAGT_014,8
TAACCTCCGGAGCATAGAGT_015,38
TAACCTCCGGAGCATAGAGT_016,77
TAACCTCCGGAGCATAGAGT_017,102
CCCACCTGCACATAGCACCA_001,194
CCCACCTGCACATAGCACCA_002,182
CCCACCTGCACATAGCACCA_003,151
TTGAGCGATGTGTTACAAGC_001,62
TTGAGCGATGTGTTACAAGC_002,154
TTGAGCGATGTGTTACAAGC_003,76
TTGAGCGATGTGTTACAAGC_004,17
GAACAAGTAGTTCATATACA_001,112
GAACAAGTAGTTCATATACA_002,113
GAACAAGTAGTTCATATACA_003,4
GAACAAGTAGTTCATATACA_004,19
GAAGCGCAGAAAGTCAAACT_001,8
GAAGCGCAGAAAGTCAAACT_002,15
GGGGCCGATACCCCGAACGA_001,169
GGGGCCGATACCCCGAACGA_002,175
GGGGCCGATACCCCGAACGA_003,103
CTATACCTACAAGATACATG_001,197
CTATACCTACAAGATACATG_002,9
CTATACCTACAAGATACATG_003,147
AGGTCCAGGACGAGTGCAGC_001,85
AGGTCCAGGACGAGTGCAGC_002,81
AGGTCCAGGACGAGTGCAGC_003,157
AGGTCCAGGACGAGTGCAGC_004,50
AGGTCCAGGACGAGTGCAGC_005,113
AGGTCCAGGACGAGTGCAGC_006,134
AGGTCCAGGACGAGTGCAGC_007,171
AGGTCCAGGACGAGTGCAGC_008,104
AGGTCCAGGACGAGTGCAGC_009,162
AGGTCCAGGACGAGTGCAGC_010,146
AGGTCCAGGACGAGTGCAGC_011,77
AGGTCCAGGACGAGTGCAGC_012,40
AGGTCCAGGACGAGTGCAGC_013,105
AGGTCCAGGACGAGTGCAGC_014,117
AGGTCCAGGACGAGTGCAGC_015,5
AGGTCCAGGACGAGTGCAGC_016,67
AGGTCCAGGACGAGTGCAGC_017,16
AGGTCCAGGACGAGTGCAGC_018,96
AGGTCCAGGACGAGTGCAGC_019,87
AGGTCCAGGACGAGTGCAGC_020,9
AGGTCCAGGACGAGTGCAGC_021,102
AGGTCCAGGACGAGTGCAGC_022,160
AGGTCCAGGACGAGTGCAGC_023,113
AGGTCCAGGACGAGTGCAGC_024,5
AGGTCCAGGACGAGTGCAGC_025,48
AGGTCCAGGACGAGTGCAGC_026,178
AGGTCCAGGACGAGTGCAGC_027,108
AGGTCCAGGACGAGTGCAGC_028,113
AGGTCCAGGACGAGTGCAGC_029,48
AGGTCCAGGACGAGTGCAGC_030,93
AGGTCCAGGACGAGTGCAGC_031,171
AGGTCCAGGACGAGTGCAGC_032,75
AGGTCCAGGACGAGTGCAGC_033,83
AGGTCCAGGACGAGTGCAGC_034,56
AGGTCCAGGACGAGTGCAGC_035,74
AGGTCCAGGACGAGTGCAGC_036,63
AGGTCCAGGACGAGTGCAGC_037,157
AGGTCCAGGACGAGTGCAGC_038,176
AGGTCCAGGACGAGTGCAGC_039,28
AGGTCCAGGACGAGTGCAGC_040,175
AGGTCCAGGACGAGTGCAGC_041,39
AGGTCCAGGACGAGTGCAGC_042,43
AGGTCCAGGACGAGTGCAGC_043,138
AGGTCCAGGACGAGTGCAGC_044,152
AGGTCCAGGACGAGTGCAGC_045,49
AGGTCCAGGACGAGTGCAGC_046,17
AGGTCCAGGACGAGTGCAGC_047,138
AGGTCCAGGACGAGTGCAGC_048,177
AGGTCCAGGACGAGTGCAGC_049,50
CCAGCTGCAAAACCAGAAGG_001,44
CCAGCTGCAAAACCAGAAGG_002,72
CCAGCTGCAAAACCAGAAGG_003,101
CCAGCTGCAAAACCAGAAGG_004,46
CCAGCTGCAAAACCAGAAGG_005,133
CCAGCTGCAAAACCAGAAGG_006,10
CCAGCTGCAAAACCAGAAGG_007,94
CTATATATTATGCAAAACTG_001,162
CTATATATTATGCAAAACTG_002,190
CTATATATTATGCAAAACTG_003,1
CTATATATTATGCAAAACTG_004,47
GCATCTCCTCTAAAGCCATG_001,2
GCATCTCCTCTAAAGCCATG_002,15
GCATCTCCTCTAAAGCCATG_003,141
GCATCTCCTCTAAAGCCATG_004,147
AGGAGAAGCTCCACTACACA_001,32
AGGAGAAGCTCCACTACACA_002,96
AGGAGAAGCTCCACTACACA_003,6
AGGAGAAGCTCCACTACACA_004,60
AGGAGAAGCTCCACTACACA_005,6
AGGAGAAGCTCCACTACACA_006,161
AGGAGAAGCTCCACTACACA_007,198
AGGAGAAGCTCCACTACACA_008,48
AGGAGAAGCTCCACTACACA_009,107
AGGAGAAGCTCCACTACACA_010,70
AGGAGAAGCTCCACTACACA_011,36
AGGAGAAGCTCCACTACACA_012,12
AGGAGAAGCTCCACTACACA_013,50
AGGAGAAGCTCCACTACACA_014,172
CCTCCTCATAGTGGCTCCTA_001,105
CCTCCTCATAGTGGCTCCTA_002,151
CCTCCTCATAGTGGCTCCTA_003,103
CCTCCTCATAGTGGCTCCTA_004,24
CCTCCTCATAGTGGCTCCTA_005,109
CCTCCTCATAGTGGCTCCTA_006,109
CCTCCTCATAGTGGCTCCTA_007,168
CCTCCTCATAGTGGCTCCTA_008,134
CCTCCTCATAGTGGCTCCTA_009,53
CCTCCTCATAGTGGCTCCTA_010,50
CCTCCTCATAGTGGCTCCTA_011,142
CCTCCTCATAGTGGCTCCTA_012,52
CCTCCTCATAGTGGCTCCTA_013,68
CCTCCTCATAGTGGCTCCTA_014,76
CCTCCTCATAGTGGCTCCTA_015,147
CCTCCTCATAGTGGCTCCTA_016,183
CCTCCTCATAGTGGCTCCTA_017,56
CCTCCTCATAGTGGCTCCTA_018,179
CCTCCTCATAGTGGCTCCTA_019,39
CCTCCTCATAGTGGCTCCTA_020,35
CCTCCTCATAGTGGCTCCTA_021,123
CCTCCTCATAGTGGCTCCTA_022,13
CCTCCTCATAGTGGCTCCTA_023,35
GGAGTACATGGCCACCAGTG_001,19
GGAGTACATGGCCACCAGTG_002,174
GGAGTACATGGCCACCAGTG_003,31
GGAGTACATGGCCACCAGTG_004,158
GGAGTACATGGCCACCAGTG_005,17
GGAGTACATGGCCACCAGTG_006,9
GGAGTACATGGCCACCAGTG_007,191
CTAATTCCGTGTTACGAGAG_001,41
CTAATTCCGTGTTACGAGAG_002,41
CTAATTCCGTGTTACGAGAG_003,116
CTAATTCCGTGTTACGAGAG_004,106
CTAATTCCGTGTTACGAGAG_005,63
GAGACAGAGTTGAACTCCCG_001,114
GAGACAGAGTTGAACTCCCG_002,78
GAGACAGAGTTGAACTCCCG_003,191
GAGACAGAGTTGAACTCCCG_004,155
GAGACAGAGTTGAACTCCCG_005,9
GAGACAGAGTTGAACTCCCG_006,137
ACTGACCGACTGCCTTCTCG_001,147
ACTGACCGACTGCCTTCTCG_002,23
ACTGACCGACTGCCTTCTCG_003,171
ACTGACCGACTGCCTTCTCG_004,155
ACTGACCGACTGCCTTCTCG_005,109
ACTGACCGACTGCCTTCTCG_006,191
CCTGCCTAAAGCCGACAGAC_001,182
CCTGCCTAAAGCCGACAGAC_002,184
CCTGCCTAAAGCCGACAGAC_003,49
CCTGCCTAAAGCCGACAGAC_004,55
CCTGCCTAAAGCCGACAGAC_005,61
CCTGCCTAAAGCCGACAGAC_006,57
CCTGCCTAAAGCCGACAGAC_007,30
CCTGCCTAAAGCCGACAGAC_008,140
CCTGCCTAAAGCCGACAGAC_009,171
CCTGCCTAAAGCCGACAGAC_010,12
CCTGCCTAAAGCCGACAGAC_011,62
CCTGCCTAAAGCCGACAGAC_012,34
CCTGCCTAAAGCCGACAGAC_013,112
TAGATTACATTCAAATACAT_001,0
TAGATTACATTCAAATACAT_002,70
TAGATTACATTCAAATACAT_003,78
TAGATTACATTCAAATACAT_004,89
CCAGCTTGCCAAAACGCACG_001,6
CCAGCTTGCCAAAACGCACG_002,140
CCAGCTTGCCAAAACGCACG_003,76
CCAGCTTGCCAAAACGCACG_004,195
CCAGCTTGCCAAAACGCACG_005,45
CCAGCTTGCCAAAACGCACG_006,40
CCAGCTTGCCAAAACGCACG_007,44
CCAGCTTGCCAAAACGCACG_008,167
CCAGCTTGCCAAAACGCACG_009,16
CCAGCTTGCCAAAACGCACG_010,158
CCAGCTTGCCAAAACGCACG_011,173
CCAGCTTGCCAAAACGCACG_012,89
CCAGCTTGCCAAAACGCACG_013,10
CCAGCTTGCCAAAACGCACG_014,65
GGATAAAAGCAGTTTCAGAG_001,139
GGATAAAAGCAGTTTCAGAG_002,88
GGATAAAAGCAGTTTCAGAG_003,117
GGATAAAAGCAGTTTCAGAG_004,84
ATTAGCCGATCGTTACCTCA_001,188
ATTAGCCGATCGTTACCTCA_002,13
ATTAGCCGATCGTTACCTCA_003,49
ATTAGCCGATCGTTACCTCA_004,117
ATTAGCCGATCGTTACCTCA_005,148
ATTAGCCGATCGTTACCTCA_006,142
GCTAACAATGGACACCCAGA_001,66
GCTAACAATGGACACCCAGA_002,14
GCTAACAATGGACACCCAGA_003,82
CCTCCAAGTGAGATGATACG_001,148
CCTCCAAGTGAGATGATACG_002,27
CCTCCAAGTGAGATGATACG_003,147
CCTCCAAGTGAGATGATACG_004,19
CCTCCAAGTGAGATGATACG_005,78
TGATATAGCGTGAAACAAGT_001,27
AGCTGTTCAAAAGATTGAGG_001,57
AGCTGTTCAAAAGATTGAGG_002,34
AGCTGTTCAAAAGATTGAGG_003,86
AGCTGTTCAAAAGATTGAGG_004,159
CCCGATCCTGTTGAACAGGG_001,80
CCCGATCCTGTTGAACAGGG_002,29
CCCGATCCTGTTGAACAGGG_003,9
CCCGATCCTGTTGAACAGGG_004,58
CCCGATCCTGTTGAACAGGG_005,68
CCCGATCCTGTTGAACAGGG_006,81
CCCGATCCTGTTGAACAGGG_007,20
ACAGAGTAGAACGTGTACGC_001,140
ACAGAGTAGAACGTGTACGC_002,55
ACAGAGTAGAACGTGTACGC_003,38
ACAGAGTAGAACGTGTACGC_004,160
ACAGAGTAGAACGTGTACGC_005,178
ACAGAGTAGAACGTGTACGC_006,127
TCCAGCTCAAGCGTTTCGGT_001,118
TCCAGCTCAAGCGTTTCGGT_002,27
TCCAGCTCAAGCGTTTCGGT_003,188
TCCAGCTCAAGCGTTTCGGT_004,145
TCCAGCTCAAGCGTTTCGGT_005,105
TCCAGCTCAAGCGTTTCGGT_006,184
TCCAGCTCAAGCGTTTCGGT_007,12
TCCAGCTCAAGCGTTTCGGT_008,182
TTGGCACGCCTAAAACTCGT_001,176
TTGGCACGCCTAAAACTCGT_002,162
TTGGCACGCCTAAAACTCGT_003,11
TTGGCACGCCTAAAACTCGT_004,136
TTGGCACGCCTAAAACTCGT_005,53
TTGGCACGCCTAAAACTCGT_006,16
TTGGCACGCCTAAAACTCGT_007,44
CCATGTACCAGATCTACCCA_001,82
CCATGTACCAGATCTACCCA_002,31
CCATGTACCAGATCTACCCA_003,166
TGACTCTGGACGGAGCACTC_001,8
TGACTCTGGACGGAGCACTC_002,168
TGACTCTGGACGGAGCACTC_003,158
TGACTCTGGACGGAGCACTC_004,34
TGACTCTGGACGGAGCACTC_005,33
TGACTCTGGACGGAGCACTC_006,62
TGACTCTGGACGGAGCACTC_007,107
TGACTCTGGACGGAGCACTC_008,138
TGACTCTGGACGGAGCACTC_009,144
TGACTCTGGACGGAGCACTC_010,163
TGACTCTGGACGGAGCACTC_011,162
TGACTCTGGACGGAGCACTC_012,60
TGACTCTGGACGGAGCACTC_013,82
TGACTCTGGACGGAGCACTC_014,184
TGACTCTGGACGGAGCACTC_015,2
TGACTCTGGACGGAGCACTC_016,12
TGACTCTGGACGGAGCACTC_017,67
TGACTCTGGACGGAGCACTC_018,17
TGACTCTGGACGGAGCACTC_019,135
TGACTCTGGACGGAGCACTC_020,177
TGACTCTGGACGGAGCACTC_021,142
TGACTCTGGACGGAGCACTC_022,96
TGACTCTGGACGGAGCACTC_023,177
TGACTCTGGACGGAGCACTC_024,164
TGACTCTGGACGGAGCACTC_025,148
CAGCAATGCAGGTCATAGTG_001,103
CAGCAATGCAGGTCATAGTG_002,63
CAGCAATGCAGGTCATAGTG_003,77
CAGCAATGCAGGTCATAGTG_004,170
CAGCAATGCAGGTCATAGTG_005,176
CAGCAATGCAGGTCATAGTG_006,164
CAGCAATGCAGGTCATAGTG_007,49
CAGCAATGCAGGTCATAGTG_008,98
CAGCAATGCAGGTCATAGTG_009,69
CAGCAATGCAGGTCATAGTG_010,169
CAGCAATGCAGGTCATAGTG_011,81
CAGCAATGCAGGTCATAGTG_012,184
CAGCAATGCAGGTCATAGTG_013,6
CAGCAATGCAGGTCATAGTG_014,15
CAGCAATGCAGGTCATAGTG_015,174
GAGGAGGCTGATGCAACCCA_001,115
GAGGAGGCTGATGCAACCCA_002,68
TGCACACAAAGACTGCCAGG_001,198
TGCACACAAAGACTGCCAGG_002,16
TGCACACAAAGACTGCCAGG_003,118
CAACACCCCTCAAATGAATC_001,22
CAACACCCCTCAAATGAATC_002,193
CAACACCCCTCAAATGAATC_003,107
CAACACCCCTCAAATGAATC_004,188
CAACACCCCTCAAATGAATC_005,149
CAACACCCCTCAAATGAATC_006,2
CAACACCCCTCAAATGAATC_007,55
CAACACCCCTCAAATGAATC_008,148
TTATAAAATGAGCATGTACG_001,98
CAATGTGATCAGCGCCTTAG_001,21
CAATGTGATCAGCGCCTTAG_002,177
CAATGTGATCAGCGCCTTAG_003,155
CAATGTGATCAGCGCCTTAG_004,116
CAATGTGATCAGCGCCTTAG_005,73
GTCTGCTTCACGACATACAA_001,45
GTCTGCTTCACGACATACAA_002,127
GTCTGCTTCACGACATACAA_003,168
GTCTGCTTCACGACATACAA_004,183
GTCTGCTTCACGACATACAA_005,115
GTCTGCTTCACGACATACAA_006,130
GTCTGCTTCACGACATACAA_007,75
GTCTGCTTCACGACATACAA_008,33
GTCTGCTTCACGACATACAA_009,194
GTCTGCTTCACGACATACAA_010,198
GTCTGCTTCACGACATACAA_011,177
GTCTGCTTCACGACATACAA_012,3
GTCTGCTTCACGACATACAA_013,76
GTCTGCTTCACGACATACAA_014,115
AATTATTACATCTCACAGGA_001,187
AATTATTACATCTCACAGGA_002,85
GGCTAGCCGGAAGGACCCCG_001,154
GGCTAGCCGGAAGGACCCCG_002,73
GGCTAGCCGGAAGGACCCCG_003,158
GGCTAGCCGGAAGGACCCCG_004,187
GGCTAGCCGGAAGGACCCCG_005,78
GGCTAGCCGGAAGGACCCCG_006,119
GGCTAGCCGGAAGGACCCCG_007,104
GGCTAGCCGGAAGGACCCCG_008,174
GGCTAGCCGGAAGGACCCCG_009,150
GGCTAGCCGGAAGGACCCCG_010,9
CACATGGATGTTACTAAGTG_001,148
CACATGGATGTTACTAAGTG_002,58
CACATGGATGTTACTAAGTG_003,116
CACATGGATGTTACTAAGTG_004,98
CACATGGATGTTACTAAGTG_005,68
CACATGGATGTTACTAAGTG_006,80
GCGTCTGGGATATGACACCC_001,199
ACGCCATCGTCCAGTATGAG_001,60
ACGCCATCGTCCAGTATGAG_002,83
ACGCCATCGTCCAGTATGAG_003,63
ACGCCATCGTCCAGTATGAG_004,148
ACGCCATCGTCCAGTATGAG_005,121
ACGCCATCGTCCAGTATGAG_006,51
ACGCCATCGTCCAGTATGAG_007,6
CGGGAATAATGATACCAGCG_001,130
CGGGAATAATGATACCAGCG_002,144
GGAAAGTGTTGGACTGACAA_001,24
GGAAAGTGTTGGACTGACAA_002,9
GGAAAGTGTTGGACTGACAA_003,193
GGAAAGTGTTGGACTGACAA_004,33
GGAAAGTGTTGGACTGACAA_005,188
GGAAAGTGTTGGACTGACAA_006,126
GGAAAGTGTTGGACTGACAA_007,81
GGAAAGTGTTGGACTGACAA_008,137
GGAAAGTGTTGGACTGACAA_009,30
GGAAAGTGTTGGACTGACAA_010,60
TTCCAACGGCACAAACTCAA_001,176
TTCCAACGGCACAAACTCAA_002,116
TTCCAACGGCACAAACTCAA_003,105
TTCCAACGGCACAAACTCAA_004,33
TTCCAACGGCACAAACTCAA_005,53
TTCCAACGGCACAAACTCAA_006,43
TTCCAACGGCACAAACTCAA_007,91
TTCCAACGGCACAAACTCAA_008,145
TTCCAACGGCACAAACTCAA_009,157
TTCCAACGGCACAAACTCAA_010,1
TTCCAACGGCACAAACTCAA_011,1
CCATCTCATCCGAAACAGCG_001,4
CCATCTCATCCGAAACAGCG_002,169
CCATCTCATCCGAAACAGCG_003,58
CCATCTCATCCGAAACAGCG_004,147
CCATCTCATCCGAAACAGCG_005,174
GCTACTGTACCTTATAAAGG_001,42
GCTACTGTACCTTATAAAGG_002,160
GCTACTGTACCTTATAAAGG_003,65
GCTACTGTACCTTATAAAGG_004,37
AGAGGTCAGATGGCCTACAG_001,129
AGAGGTCAGATGGCCTACAG_002,8
AGAGGTCAGATGGCCTACAG_003,63
AGAGGTCAGATGGCCTACAG_004,106
AGAGGTCAGATGGCCTACAG_005,2
AGAGGTCAGATGGCCTACAG_006,165
AGAGGTCAGATGGCCTACAG_007,34
AGAGGTCAGATGGCCTACAG_008,1
AGAGGTCAGATGGCCTACAG_009,102
AGAGGTCAGATGGCCTACAG_010,119
AGAGGTCAGATGGCCTACAG_011,115
AGAGGTCAGATGGCCTACAG_012,141
AGAGGTCAGATGGCCTACAG_013,169
AGAGGTCAGATGGCCTACAG_014,91
AGAGGTCAGATGGCCTACAG_015,145
AGAGGTCAGATGGCCTACAG_016,116
AGAGGTCAGATGGCCTACAG_017,175
AGAGGTCAGATGGCCTACAG_018,170
AGAGGTCAGATGGCCTACAG_019,184
AGAGGTCAGATGGCCTACAG_020,184
AGAGGTCAGATGGCCTACAG_021,34
AGAGGTCAGATGGCCTACAG_022,127
TGACACATGTGGATTGACAA_001,69
TGACACATGTGGATTGACAA_002,170
TGACACATGTGGATTGACAA_003,60
TGACACATGTGGATTGACAA_004,69
AATGCTTCGGATAAGATCAT_001,73
AATGCTTCGGATAAGATCAT_002,24
AATGCTTCGGATAAGATCAT_003,50
AATGCTTCGGATAAGATCAT_004,34
AATGCTTCGGATAAGATCAT_005,15
AATGCTTCGGATAAGATCAT_006,179
AATGCTTCGGATAAGATCAT_007,62
AATGCTTCGGATAAGATCAT_008,94
AATGCTTCGGATAAGATCAT_009,62
AATGCTTCGGATAAGATCAT_010,160
AATGCTTCGGATAAGATCAT_011,107
AATGCTTCGGATAAGATCAT_012,152
AATGCTTCGGATAAGATCAT_013,191
AATGCTTCGGATAAGATCAT_014,61
AATGCTTCGGATAAGATCAT_015,61
AATGCTTCGGATAAGATCAT_016,71
TCTTGTTGATGCGGATGACG_001,184
ATATTTCCCGTCACCAACGA_001,144
ATATTTCCCGTCACCAACGA_002,184
ATATTTCCCGTCACCAACGA_003,1
ATATTTCCCGTCACCAACGA_004,21
ATATTTCCCGTCACCAACGA_005,146
ATATTTCCCGTCACCAACGA_006,193
ATATTTCCCGTCACCAACGA_007,32
ATATTTCCCGTCACCAACGA_008,50
ATATTTCCCGTCACCAACGA_009,103
ATATTTCCCGTCACCAACGA_010,35
ATATTTCCCGTCACCAACGA_011,8
ATATTTCCCGTCACCAACGA_012,29
ATATTTCCCGTCACCAACGA_013,61
ATATTTCCCGTCACCAACGA_014,130
ATATTTCCCGTCACCAACGA_015,8
ATATTTCCCGTCACCAACGA_016,63
ATATTTCCCGTCACCAACGA_017,175
ATATTTCCCGTCACCAACGA_018,30
ATATTTCCCGTCACCAACGA_019,168
ATATTTCCCGTCACCAACGA_020,181
GCTGCAGGCAGACCACCGTG_001,12
GCTGCAGGCAGACCACCGTG_002,53
GCTGCAGGCAGACCACCGTG_003,12
GCTGCAGGCAGACCACCGTG_004,175
GCTGCAGGCAGACCACCGTG_005,144
GCTGCAGGCAGACCACCGTG_006,60
GCTGCAGGCAGACCACCGTG_007,105
TGGAACTACAACCCTCTTTG_001,183
TGGAACTACAACCCTCTTTG_002,70
TGGAACTACAACCCTCTTTG_003,23
TGGAACTACAACCCTCTTTG_004,58
TGGAACTACAACCCTCTTTG_005,193
TGGAACTACAACCCTCTTTG_006,154
GAATCCGCAAGATAGACCAG_001,185
GAATCCGCAAGATAGACCAG_002,185
GAATCCGCAAGATAGACCAG_003,185
GAATCCGCAAGATAGACCAG_004,175
GAATCCGCAAGATAGACCAG_005,26
GAATCCGCAAGATAGACCAG_006,141
TCGACTCTCAAAGCAATACC_001,37
TCGACTCTCAAAGCAATACC_002,34
TCGACTCTCAAAGCAATACC_003,107
TCGACTCTCAAAGCAATACC_004,141
ATGTGACCCATCCACGTATG_001,25
ATGTGACCCATCCACGTATG_002,147
ATGTGACCCATCCACGTATG_003,43
ATGTGACCCATCCACGTATG_004,147
ATGTGACCCATCCACGTATG_005,133
ATGTGACCCATCCACGTATG_006,9
ATGTGACCCATCCACGTATG_007,60
ATGTGACCCATCCACGTATG_008,120
ATGTGACCCATCCACGTATG_009,150
ATGTGACCCATCCACGTATG_010,84
GCTGAATATCAGTCACGTGC_001,190
CGATGCGGTCCAATATGTCA_001,107
CGATGCGGTCCAATATGTCA_002,110
CGATGCGGTCCAATATGTCA_003,91
CGATGCGGTCCAATATGTCA_004,41
CGATGCGGTCCAATATGTCA_005,199
CGATGCGGTCCAATATGTCA_006,171
CGATGCGGTCCAATATGTCA_007,103
CGATGCGGTCCAATATGTCA_008,8
CGATGCGGTCCAATATGTCA_009,57
CGATGCGGTCCAATATGTCA_010,140
CTTCATTGAAAACAACATCG_001,130
CTTCATTGAAAACAACATCG_002,30
CTTCATTGAAAACAACATCG_003,160
CTTCATTGAAAACAACATCG_004,22
CTTCATTGAAAACAACATCG_005,16
CTTCATTGAAAACAACATCG_006,19
TCATTTGGACGTACTGACTT_001,99
TCATTTGGACGTACTGACTT_002,146
TCATTTGGACGTACTGACTT_003,172
TCATTTGGACGTACTGACTT_004,176
TCATTTGGACGTACTGACTT_005,63
TCATTTGGACGTACTGACTT_006,43
TCATTTGGACGTACTGACTT_007,120
TCATTTGGACGTACTGACTT_008,11
TCATTTGGACGTACTGACTT_009,35
TCATTTGGACGTACTGACTT_010,177
TCATTTGGACGTACTGACTT_011,93
TCATTTGGACGTACTGACTT_012,149
TCATTTGGACGTACTGACTT_013,172
CCGCACCGAGAAGGCCACCG_001,136
CCGCACCGAGAAGGCCACCG_002,42
TGGGACCTCTAGGTGAAAGG_001,42
TGGGACCTCTAGGTGAAAGG_002,129
TGGGACCTCTAGGTGAAAGG_003,150
TGGGACCTCTAGGTGAAAGG_004,42
TGGGACCTCTAGGTGAAAGG_005,156
TGGGACCTCTAGGTGAAAGG_006,171
TGGGACCTCTAGGTGAAAGG_007,3
TGGGACCTCTAGGTGAAAGG_008,169
AGTGGGCTCGGCCAAGCCTG_001,101
AGTGGGCTCGGCCAAGCCTG_002,94
AGTGGGCTCGGCCAAGCCTG_003,170
AGTGGGCTCGGCCAAGCCTG_004,29
AGTGGGCTCGGCCAAGCCTG_005,81
AGTGGGCTCGGCCAAGCCTG_006,15
AGTGGGCTCGGCCAAGCCTG_007,92
AGTGGGCTCGGCCAAGCCTG_008,32
AGTGGGCTCGGCCAAGCCTG_009,111
AGTGGGCTCGGCCAAGCCTG_010,112
AGTGGGCTCGGCCAAGCCTG_011,69
AGTGGGCTCGGCCAAGCCTG_012,33
AGTGGGCTCGGCCAAGCCTG_013,8
AGTGGGCTCGGCCAAGCCTG_014,190
AGTGGGCTCGGCCAAGCCTG_015,34
AGTGGGCTCGGCCAAGCCTG_016,117
AGTGGGCTCGGCCAAGCCTG_017,162
AGTGGGCTCGGCCAAGCCTG_018,141
AGTGGGCTCGGCCAAGCCTG_019,75
AGTGGGCTCGGCCAAGCCTG_020,42
AGTGGGCTCGGCCAAGCCTG_021,187
AGTGGGCTCGGCCAAGCCTG_022,102
AGTGGGCTCGGCCAAGCCTG_023,192
AGTGGGCTCGGCCAAGCCTG_024,82
AGTGGGCTCGGCCAAGCCTG_025,175
AGTGGGCTCGGCCAAGCCTG_026,143
AGTGGGCTCGGCCAAGCCTG_027,76
CAGTTCCGACCACCAATGGG_001,37
CAGTTCCGACCACCAATGGG_002,60
CAGTTCCGACCACCAATGGG_003,178
CAGTTCCGACCACCAATGGG_004,82
CAGTTCCGACCACCAATGGG_005,53
CAGTTCCGACCACCAATGGG_006,15
CAGTTCCGACCACCAATGGG_007,11
CAGTTCCGACCACCAATGGG_008,57
CAGTTCCGACCACCAATGGG_009,73
CAGTTCCGACCACCAATGGG_010,50
CAGTTCCGACCACCAATGGG_011,111
CAGTTCCGACCACCAATGGG_012,37
CAGTTCCGACCACCAATGGG_013,18
CAGTTCCGACCACCAATGGG_014,177
CAGTTCCGACCACCAATGGG_015,30
CAGTTCCGACCACCAATGGG_016,1
CAGTTCCGACCACCAATGGG_017,50
CAGTTCCGACCACCAATGGG_018,75
CAGTTCCGACCACCAATGGG_019,149
CAGTTCCGACCACCAATGGG_020,48
CAGTTCCGACCACCAATGGG_021,172
CAGTTCCGACCACCAATGGG_022,169
CAGTTCCGACCACCAATGGG_023,76
CAGTTCCGACCACCAATGGG_024,126
CAGTTCCGACCACCAATGGG_025,105
CAGTTCCGACCACCAATGGG_026,19
CAGTTCCGACCACCAATGGG_027,114
CAGTTCCGACCACCAATGGG_028,190
CAGTTCCGACCACCAATGGG_029,129
CGCATGCTTCAGCCCGTACG_001,132
CGCATGCTTCAGCCCGTACG_002,58
CGCATGCTTCAGCCCGTACG_003,194
CGCATGCTTCAGCCCGTACG_004,31
CGCATGCTTCAGCCCGTACG_005,145
CGCATGCTTCAGCCCGTACG_006,107
CGCATGCTTCAGCCCGTACG_007,181
CGCATGCTTCAGCCCGTACG_008,48
CGCATGCTTCAGCCCGTACG_009,88
CGCATGCTTCAGCCCGTACG_010,69
CGCATGCTTCAGCCCGTACG_011,157
AGCACACATGCCTGTCCGGG_001,149
AGCACACATGCCTGTCCGGG_002,82
AGCACACATGCCTGTCCGGG_003,75
AGCACACATGCCTGTCCGGG_004,118
AGCACACATGCCTGTCCGGG_005,84
AGCACACATGCCTGTCCGGG_006,183
GAGGTACGCAAGGCACAGTG_001,153
GAGGTACGCAAGGCACAGTG_002,35
GAGGTACGCAAGGCACAGTG_003,117
GAGGTACGCAAGGCACAGTG_004,125
GAGGTACGCAAGGCACAGTG_005,185
GAGGTACGCAAGGCACAGTG_006,41
GAGGTACGCAAGGCACAGTG_007,88
GAGGTACGCAAGGCACAGTG_008,97
GAGGTACGCAAGGCACAGTG_009,8
GAGGTACGCAAGGCACAGTG_010,129
GAGGTACGCAAGGCACAGTG_011,26
GAGGTACGCAAGGCACAGTG_012,107
GAGGTACGCAAGGCACAGTG_013,11
GAGGTACGCAAGGCACAGTG_014,49
GAGGTACGCAAGGCACAGTG_015,20
GAGGTACGCAAGGCACAGTG_016,113
GAGGTACGCAAGGCACAGTG_017,74
AGCGATGGACGCGTACAGGG_001,126
AGCGATGGACGCGTACAGGG_002,189
AGCGATGGACGCGTACAGGG_003,77
AGCGATGGACGCGTACAGGG_004,148
AGCGATGGACGCGTACAGGG_005,134
AGCGATGGACGCGTACAGGG_006,157
AGCGATGGACGCGTACAGGG_007,2
AGCGATGGACGCGTACAGGG_008,29
AGCGATGGACGCGTACAGGG_009,133
CGGGACATTGCATTGATCTG_001,141
CGTACTCCAGGAATTCGCAC_001,40
CGTACTCCAGGAATTCGCAC_002,27
CGTACTCCAGGAATTCGCAC_003,45
CGTACTCCAGGAATTCGCAC_004,78
CGTACTCCAGGAATTCGCAC_005,184
CGTACTCCAGGAATTCGCAC_006,12
GTTGACAGGAAATTTCGGAA_001,113
GTTGACAGGAAATTTCGGAA_002,141
GTTGACAGGAAATTTCGGAA_003,4
GTTGACAGGAAATTTCGGAA_004,106
GTGTATTCTGTTGGCAGCTG_001,174
GTGTATTCTGTTGGCAGCTG_002,104
GTGTATTCTGTTGGCAGCTG_003,172
TCCTCCACGAGAAGTCCAAG_001,82
TCCTCCACGAGAAGTCCAAG_002,50
TCCTCCACGAGAAGTCCAAG_003,159
TCCTCCACGAGAAGTCCAAG_004,132
TCCTCCACGAGAAGTCCAAG_005,16
TCCTCCACGAGAAGTCCAAG_006,69
TCCTCCACGAGAAGTCCAAG_007,8
TCCTCCACGAGAAGTCCAAG_008,50
AGGTGCTCATGTGACTATCA_001,59
AGGTGCTCATGTGACTATCA_002,12
AGGTGCTCATGTGACTATCA_003,48
AGGTGCTCATGTGACTATCA_004,150
AGGTGCTCATGTGACTATCA_005,148
AGGTGCTCATGTGACTATCA_006,151
AGGTGCTCATGTGACTATCA_007,94
GAACCACCAACTGATAATCA_001,194
GAACCACCAACTGATAATCA_002,144
CAACGAGGCCATACAATCTG_001,137
CAACGAGGCCATACAATCTG_002,48
CAACGAGGCCATACAATCTG_003,51
CAACGAGGCCATACAATCTG_004,35
CAACGAGGCCATACAATCTG_005,111
CAACGAGGCCATACAATCTG_006,114
CAACGAGGCCATACAATCTG_007,62
CAACGAGGCCATACAATCTG_008,40
CAACGAGGCCATACAATCTG_009,156
CAACGAGGCCATACAATCTG_010,13
CAACGAGGCCATACAATCTG_011,69
CAACGAGGCCATACAATCTG_012,5
CAACGAGGCCATACAATCTG_013,184
CAACGAGGCCATACAATCTG_014,198
CAACGAGGCCATACAATCTG_015,188
CAACGAGGCCATACAATCTG_016,63
CAACGAGGCCATACAATCTG_017,106
CAGGCACTCAACGTCCCAAG_001,41
CAGGCACTCAACGTCCCAAG_002,105
CAGGCACTCAACGTCCCAAG_003,91
CAGGCACTCAACGTCCCAAG_004,33
CAGGCACTCAACGTCCCAAG_005,49
CAGGCACTCAACGTCCCAAG_006,197
CAGGCACTCAACGTCCCAAG_007,113
CAGGCACTCAACGTCCCAAG_008,188
CAGGCACTCAACGTCCCAAG_009,104
CAGGCACTCAACGTCCCAAG_010,119
CAGGCACTCAACGTCCCAAG_011,53
AGTGAGCACTGTAGTGACAG_001,160
AGTGAGCACTGTAGTGACAG_002,87
AGTGAGCACTGTAGTGACAG_003,110
AGTGAGCACTGTAGTGACAG_004,115
AGTGAGCACTGTAGTGACAG_005,105
AGTGAGCACTGTAGTGACAG_006,15
AGTGAGCACTGTAGTGACAG_007,158
AGTGAGCACTGTAGTGACAG_008,162
AGTGAGCACTGTAGTGACAG_009,48
AGTGAGCACTGTAGTGACAG_010,163
AGTGAGCACTGTAGTGACAG_011,178
AGTGAGCACTGTAGTGACAG_012,88
AGTGAGCACTGTAGTGACAG_013,29
AGTGAGCACTGTAGTGACAG_014,17
AGTGAGCACTGTAGTGACAG_015,81
AGTGAGCACTGTAGTGACAG_016,106
AGTGAGCACTGTAGTGACAG_017,127
AGTGAGCACTGTAGTGACAG_018,130
AGTGAGCACTGTAGTGACAG_019,69
AGTGAGCACTGTAGTGACAG_020,116
GTTCGTTGATACCTGGGCCA_001,78
GTTCGTTGATACCTGGGCCA_002,169
GTTCGTTGATACCTGGGCCA_003,109
GTTCGTTGATACCTGGGCCA_004,109
TACCTCTATGACACAGAACG_001,169
TACCTCTATGACACAGAACG_002,9
TACCTCTATGACACAGAACG_003,45
TACCTCTATGACACAGAACG_004,129
AGCGCTGGGTAAATATCATG_001,72
AGCGCTGGGTAAATATCATG_002,76
AAGAAACCATCGAAGCAGAA_001,15
AAGAAACCATCGAAGCAGAA_002,157
AAGAAACCATCGAAGCAGAA_003,16
AAGAAACCATCGAAGCAGAA_004,77
AAGAAACCATCGAAGCAGAA_005,137
AAGAAACCATCGAAGCAGAA_006,177
AAGAAACCATCGAAGCAGAA_007,149
AAGAAACCATCGAAGCAGAA_008,122
AAGAAACCATCGAAGCAGAA_009,117
AAGAAACCATCGAAGCAGAA_010,14
CACACACGATGGCGCCAGAG_001,27
GCAGTCCATAGGACCAGTGC_001,30
GCAGTCCATAGGACCAGTGC_002,53
GCAGTCCATAGGACCAGTGC_003,158
GCAGTCCATAGGACCAGTGC_004,82
GCAGTCCATAGGACCAGTGC_005,38
GCAGTCCATAGGACCAGTGC_006,156
GCAGTCCATAGGACCAGTGC_007,38
GCAGTCCATAGGACCAGTGC_008,183
GCAGTCCATAGGACCAGTGC_009,97
GCAGTCCATAGGACCAGTGC_010,17
GCAGTCCATAGGACCAGTGC_011,86
GCAGTCCATAGGACCAGTGC_012,123
GCAGTCCATAGGACCAGTGC_013,188
GCAGTCCATAGGACCAGTGC_014,137
GCAGTCCATAGGACCAGTGC_015,178
TTTCAGCAGCTGATAACCGG_001,43
TTTCAGCAGCTGATAACCGG_002,174
TTTCAGCAGCTGATAACCGG_003,22
TTTCAGCAGCTGATAACCGG_004,145
TTTCAGCAGCTGATAACCGG_005,177
GGACAGACCTTCATGTACAG_001,105
GGACAGACCTTCATGTACAG_002,29
GGACAGACCTTCATGTACAG_003,62
GGACAGACCTTCATGTACAG_004,50
GGACAGACCTTCATGTACAG_005,120
GGACAGACCTTCATGTACAG_006,88
GGACAGACCTTCATGTACAG_007,174
GGACAGACCTTCATGTACAG_008,48
GGACAGACCTTCATGTACAG_009,10
TCCAGTCAGTAAGATACCAG_001,148
TCCAGTCAGTAAGATACCAG_002,118
TCCAGTCAGTAAGATACCAG_003,26
TCCAGTCAGTAAGATACCAG_004,61
TCCAGTCAGTAAGATACCAG_005,120
TCCAGTCAGTAAGATACCAG_006,104
TCCAGTCAGTAAGATACCAG_007,174
TCCAGTCAGTAAGATACCAG_008,81
TCCAGTCAGTAAGATACCAG_009,59
TCCAGTCAGTAAGATACCAG_010,169
TCCAGTCAGTAAGATACCAG_011,191
TCCAGTCAGTAAGATACCAG_012,121
TCCAGTCAGTAAGATACCAG_013,115
TCCAGTCAGTAAGATACCAG_014,56
TCCAGTCAGTAAGATACCAG_015,157
AGTTCCGATAACCTTACCGT_001,102
AGTTCCGATAACCTTACCGT_002,85
GTATCCTATCATGTACAGCA_001,112
GTATCCTATCATGTACAGCA_002,78
GTATCCTATCATGTACAGCA_003,60
GTATCCTATCATGTACAGCA_004,153
GTATCCTATCATGTACAGCA_005,128
GTATCCTATCATGTACAGCA_006,19
GTATCCTATCATGTACAGCA_007,181
GTATCCTATCATGTACAGCA_008,141
GTATCCTATCATGTACAGCA_009,88
GTATCCTATCATGTACAGCA_010,110
GTATCCTATCATGTACAGCA_011,26
GTATCCTATCATGTACAGCA_012,4
GTATCCTATCATGTACAGCA_013,28
GTATCCTATCATGTACAGCA_014,158
GTATCCTATCATGTACAGCA_015,197
GTATCCTATCATGTACAGCA_016,83
GTATCCTATCATGTACAGCA_017,114
GTATCCTATCATGTACAGCA_018,56
GTATCCTATCATGTACAGCA_019,199
GTATCCTATCATGTACAGCA_020,162
GTATCCTATCATGTACAGCA_021,77
GTATCCTATCATGTACAGCA_022,4
GTATCCTATCATGTACAGCA_023,183
GTATCCTATCATGTACAGCA_024,81
GTATCCTATCATGTACAGCA_025,106
GTATCCTATCATGTACAGCA_026,88
GTATCCTATCATGTACAGCA_027,104
GGAGACCCCATACCGCCGGG_001,80
GGAGACCCCATACCGCCGGG_002,60
GGAGACCCCATACCGCCGGG_003,30
GGAGACCCCATACCGCCGGG_004,136
GGAGACCCCATACCGCCGGG_005,132
GGAGACCCCATACCGCCGGG_006,12
GGAGACCCCATACCGCCGGG_007,163
GGAGACCCCATACCGCCGGG_008,105
GGAGACCCCATACCGCCGGG_009,83
GGAGACCCCATACCGCCGGG_010,68
GGAGACCCCATACCGCCGGG_011,51
GGAGACCCCATACCGCCGGG_012,18
GGAGACCCCATACCGCCGGG_013,61
GGAGACCCCATACCGCCGGG_014,98
GGAGACCCCATACCGCCGGG_015,151
GGAGACCCCATACCGCCGGG_016,149
GGAGACCCCATACCGCCGGG_017,29
GGAGACCCCATACCGCCGGG_018,8
GGAGACCCCATACCGCCGGG_019,38
GGAGACCCCATACCGCCGGG_020,121
GGAGACCCCATACCGCCGGG_021,144
GGAGACCCCATACCGCCGGG_022,128
GGAGACCCCATACCGCCGGG_023,24
AGACAGAGATCAAACACTCA_001,151
AGACAGAGATCAAACACTCA_002,17
AGACAGAGATCAAACACTCA_003,17
AGACAGAGATCAAACACTCA_004,161
AGACAGAGATCAAACACTCA_005,2
AGACAGAGATCAAACACTCA_006,1
AGACAGAGATCAAACACTCA_007,57
AGACAGAGATCAAACACTCA_008,137
AGACAGAGATCAAACACTCA_009,162
AGACAGAGATCAAACACTCA_010,116
AGACAGAGATCAAACACTCA_011,44
AGACAGAGATCAAACACTCA_012,40
AGAAGCTGCTCGGTTAGCTA_001,88
AGAAGCTGCTCGGTTAGCTA_002,110
AGAAGCTGCTCGGTTAGCTA_003,9
TGTGATAGCGCCATAGTAAG_001,8
TGTGATAGCGCCATAGTAAG_002,105
TGTGATAGCGCCATAGTAAG_003,168
TAAAACAGACTGGATCTTCG_001,133
TAAAACAGACTGGATCTTCG_002,152
TAAAACAGACTGGATCTTCG_003,127
TAAAACAGACTGGATCTTCG_004,113
TAAAACAGACTGGATCTTCG_005,16
TAAAACAGACTGGATCTTCG_006,121
TAAAACAGACTGGATCTTCG_007,68
TGGTGGCTCTCCAAGGAACG_001,88
TGGTGGCTCTCCAAGGAACG_002,122
TGGTGGCTCTCCAAGGAACG_003,70
TGGTGGCTCTCCAAGGAACG_004,172
TGGTGGCTCTCCAAGGAACG_005,6
TGGTGGCTCTCCAAGGAACG_006,9
TGGTGGCTCTCCAAGGAACG_007,76
TGGTGGCTCTCCAAGGAACG_008,168
TTCTGTCACCACATCTGTCA_001,82
TTCTGTCACCACATCTGTCA_002,13
TTCTGTCACCACATCTGTCA_003,4
TTCTGTCACCACATCTGTCA_004,74
TTCTGTCACCACATCTGTCA_005,154
GACGGTGGTGCCCAAATCGG_001,43
GACGGTGGTGCCCAAATCGG_002,74
GACGGTGGTGCCCAAATCGG_003,5
GACGGTGGTGCCCAAATCGG_004,12
GACGGTGGTGCCCAAATCGG_005,25
AGAATATAGAGAATGACACC_001,32
GTGGTGAGATAAACTGCGAG_001,56
GTGGTGAGATAAACTGCGAG_002,49
GTGGTGAGATAAACTGCGAG_003,94
GTGGTGAGATAAACTGCGAG_004,47
GTGGTGAGATAAACTGCGAG_005,197
GTGGTGAGATAAACTGCGAG_006,78
GTGGTGAGATAAACTGCGAG_007,82
GTGGTGAGATAAACTGCGAG_008,60
GTGGTGAGATAAACTGCGAG_009,26
GTGGTGAGATAAACTGCGAG_010,26
GTGGTGAGATAAACTGCGAG_011,19
TGGCATGTTGAGCTGCACGT_001,52
TGGCATGTTGAGCTGCACGT_002,76
TGGCATGTTGAGCTGCACGT_003,29
TGGCATGTTGAGCTGCACGT_004,162
TGGCATGTTGAGCTGCACGT_005,114
TGGCATGTTGAGCTGCACGT_006,164
TGGCATGTTGAGCTGCACGT_007,169
TGGCATGTTGAGCTGCACGT_008,78
TGGCATGTTGAGCTGCACGT_009,42
TGGCATGTTGAGCTGCACGT_010,115
CGCGTGCATCTGCCGAAGGC_001,9
CGCGTGCATCTGCCGAAGGC_002,130
CGCGTGCATCTGCCGAAGGC_003,49
CGCGTGCATCTGCCGAAGGC_004,169
CGCGTGCATCTGCCGAAGGC_005,158
CGCGTGCATCTGCCGAAGGC_006,38
CGCGTGCATCTGCCGAAGGC_007,19
CGCGTGCATCTGCCGAAGGC_008,19
CGCGTGCATCTGCCGAAGGC_009,158
CGCGTGCATCTGCCGAAGGC_010,154
CGCGTGCATCTGCCGAAGGC_011,177
CGCGTGCATCTGCCGAAGGC_012,96
CAGCAGAACTGCATTGCACT_001,149
CAGCAGAACTGCATTGCACT_002,130
CAGCAGAACTGCATTGCACT_003,40
CAGCAGAACTGCATTGCACT_004,12
CAGCAGAACTGCATTGCACT_005,146
CAGCAGAACTGCATTGCACT_006,39
CAGCAGAACTGCATTGCACT_007,57
CTCGGCGATGTACCAGGTCA_001,60
CTCGGCGATGTACCAGGTCA_002,170
CTCGGCGATGTACCAGGTCA_003,144
CTCGGCGATGTACCAGGTCA_004,14
CTCGGCGATGTACCAGGTCA_005,97
CTCGGCGATGTACCAGGTCA_006,137
CTCGGCGATGTACCAGGTCA_007,10
ACGAATGTTTGCAGTAGTTA_001,104
ACGAATGTTTGCAGTAGTTA_002,3
ACGAATGTTTGCAGTAGTTA_003,2
ACGAATGTTTGCAGTAGTTA_004,48
ACGAATGTTTGCAGTAGTTA_005,0
AGAACACAATCGCAATCCAG_001,2
AGAACACAATCGCAATCCAG_002,12
AGAACACAATCGCAATCCAG_003,103
AGAACACAATCGCAATCCAG_004,160
AGAACACAATCGCAATCCAG_005,57
AGAACACAATCGCAATCCAG_006,22
AGAACACAATCGCAATCCAG_007,165
AGAACACAATCGCAATCCAG_008,99
AGAACACAATCGCAATCCAG_009,50
AGAACACAATCGCAATCCAG_010,197
AGAACACAATCGCAATCCAG_011,129
TGGATGCGCTCGCGTTCCCG_001,53
TGGATGCGCTCGCGTTCCCG_002,176
TGGATGCGCTCGCGTTCCCG_003,163
TGGATGCGCTCGCGTTCCCG_004,160
TGGATGCGCTCGCGTTCCCG_005,154
TGGATGCGCTCGCGTTCCCG_006,193
TGGATGCGCTCGCGTTCCCG_007,94
TGGATGCGCTCGCGTTCCCG_008,16
TGGATGCGCTCGCGTTCCCG_009,11
TGGATGCGCTCGCGTTCCCG_010,48
TGGATGCGCTCGCGTTCCCG_011,50
TGGATGCGCTCGCGTTCCCG_012,93
TGGATGCGCTCGCGTTCCCG_013,130
TGGATGCGCTCGCGTTCCCG_014,113
TGGATGCGCTCGCGTTCCCG_015,62
TGGATGCGCTCGCGTTCCCG_016,46
TGGATGCGCTCGCGTTCCCG_017,92
TGGATGCGCTCGCGTTCCCG_018,129
TGGATGCGCTCGCGTTCCCG_019,131
TGGATGCGCTCGCGTTCCCG_020,88
TGGATGCGCTCGCGTTCCCG_021,172
TGGATGCGCTCGCGTTCCCG_022,94
TGGATGCGCTCGCGTTCCCG_023,9
CCTGCCGCGACACCGAGGTG_001,170
CCTGCCGCGACACCGAGGTG_002,137
CCTGCCGCGACACCGAGGTG_003,45
CCTGCCGCGACACCGAGGTG_004,80
CCTGCCGCGACACCGAGGTG_005,108
CCTGCCGCGACACCGAGGTG_006,45
CCTGCCGCGACACCGAGGTG_007,103
CCTGCCGCGACACCGAGGTG_008,152
CCTGCCGCGACACCGAGGTG_009,11
CCTGCCGCGACACCGAGGTG_010,26
CCTGCCGCGACACCGAGGTG_011,6
CCTGCCGCGACACCGAGGTG_012,20
CCTGCCGCGACACCGAGGTG_013,106
AATCTTTGTTGTCCACCGAG_001,127
AATCTTTGTTGTCCACCGAG_002,8
AATCTTTGTTGTCCACCGAG_003,138
AATCTTTGTTGTCCACCGAG_004,4
AATCTTTGTTGTCCACCGAG_005,57
AATCTTTGTTGTCCACCGAG_006,85
AATCTTTGTTGTCCACCGAG_007,95
AATCTTTGTTGTCCACCGAG_008,197
AATCTTTGTTGTCCACCGAG_009,158
AATCTTTGTTGTCCACCGAG_010,155
CAAGTCAGTTGACGACGTTG_001,160
CAAGTCAGTTGACGACGTTG_002,46
CAAGTCAGTTGACGACGTTG_003,10
CACAACTCACAACTACGACC_001,97
CACAACTCACAACTACGACC_002,8
CACAACTCACAACTACGACC_003,104
CACAACTCACAACTACGACC_004,46
CACAACTCACAACTACGACC_005,39
CACAACTCACAACTACGACC_006,138
CACAACTCACAACTACGACC_007,82
CTCCCAAGGAGTCTGCAAGT_001,149
CTCCCAAGGAGTCTGCAAGT_002,170
CTCCCAAGGAGTCTGCAAGT_003,50
CTCCCAAGGAGTCTGCAAGT_004,8
CTCCCAAGGAGTCTGCAAGT_005,145
CTCCCAAGGAGTCTGCAAGT_006,48
CTCCCAAGGAGTCTGCAAGT_007,149
CTCCCAAGGAGTCTGCAAGT_008,15
CTCCCAAGGAGTCTGCAAGT_009,130
CTCCCAAGGAGTCTGCAAGT_010,2
GGAGCCGCGGAACAGCACGA_001,25
GGAGCCGCGGAACAGCACGA_002,83
GGAGCCGCGGAACAGCACGA_003,198
GGAGCCGCGGAACAGCACGA_004,195
GGAGCCGCGGAACAGCACGA_005,80
GGAGCCGCGGAACAGCACGA_006,28
GGAGCCGCGGAACAGCACGA_007,16
GGAGCCGCGGAACAGCACGA_008,24
GGAGCCGCGGAACAGCACGA_009,76
GGAGCCGCGGAACAGCACGA_010,31
GGAGCCGCGGAACAGCACGA_011,139
GGAGCCGCGGAACAGCACGA_012,158
GGAGCCGCGGAACAGCACGA_013,83
GGAGCCGCGGAACAGCACGA_014,162
GGAGCCGCGGAACAGCACGA_015,50
GGAGCCGCGGAACAGCACGA_016,63
GGAGCCGCGGAACAGCACGA_017,175
GGAGCCGCGGAACAGCACGA_018,20
GGAGCCGCGGAACAGCACGA_019,119
GGAGCCGCGGAACAGCACGA_020,89
GGAGCCGCGGAACAGCACGA_021,182
GGATATTTCTCCCAATGATC_001,110
GGATATTTCTCCCAATGATC_002,103
GGATATTTCTCCCAATGATC_003,23
GGATATTTCTCCCAATGATC_004,140
GGATATTTCTCCCAATGATC_005,41
GGATATTTCTCCCAATGATC_006,126
GGCCCTGCTCGTCTGCCTAG_001,121
GGCCCTGCTCGTCTGCCTAG_002,183
GGCCCTGCTCGTCTGCCTAG_003,162
GGCCCTGCTCGTCTGCCTAG_004,32
GGCCCTGCTCGTCTGCCTAG_005,53
GGCCCTGCTCGTCTGCCTAG_006,9
GGCCCTGCTCGTCTGCCTAG_007,177
GGCCCTGCTCGTCTGCCTAG_008,148
GGCCCTGCTCGTCTGCCTAG_009,154
GGCCCTGCTCGTCTGCCTAG_010,162
GGCCCTGCTCGTCTGCCTAG_011,12
TACGTGTGGCAGTTCCAAGG_001,49
TACGTGTGGCAGTTCCAAGG_002,28
TACGTGTGGCAGTTCCAAGG_003,41
TACGTGTGGCAGTTCCAAGG_004,60
TACGTGTGGCAGTTCCAAGG_005,115
TACGTGTGGCAGTTCCAAGG_006,124
TATGCCAACACCCTTCTCGG_001,65
TATGCCAACACCCTTCTCGG_002,145
TATGCCAACACCCTTCTCGG_003,194
TATGCCAACACCCTTCTCGG_004,94
TATGCCAACACCCTTCTCGG_005,158
TATGCCAACACCCTTCTCGG_006,1
TATGCCAACACCCTTCTCGG_007,79
CGTCTAAAGGTGGTTCACAA_001,149
CGTCTAAAGGTGGTTCACAA_002,107
CGTCTAAAGGTGGTTCACAA_003,31
CGTCTAAAGGTGGTTCACAA_004,28
CGTCTAAAGGTGGTTCACAA_005,145
CGTCTAAAGGTGGTTCACAA_006,67
CGTCTAAAGGTGGTTCACAA_007,170
CGTCTAAAGGTGGTTCACAA_008,134
CGTCTAAAGGTGGTTCACAA_009,83
CGTCTAAAGGTGGTTCACAA_010,43
CGTCTAAAGGTGGTTCACAA_011,41
CGTCTAAAGGTGGTTCACAA_012,41
CGTCTAAAGGTGGTTCACAA_013,127
CGTCTAAAGGTGGTTCACAA_014,126
CGTCTAAAGGTGGTTCACAA_015,162
CGTCTAAAGGTGGTTCACAA_016,168
CGTCTAAAGGTGGTTCACAA_017,177
AGTCCACACTCACCCAAGCG_001,130
AGTCCACACTCACCCAAGCG_002,124
AGTCCACACTCACCCAAGCG_003,89
AGTCCACACTCACCCAAGCG_004,125
GGATGAAGCAGACGGCCTCG_001,118
GGATGAAGCAGACGGCCTCG_002,116
GGATGAAGCAGACGGCCTCG_003,41
GGATGAAGCAGACGGCCTCG_004,12
GGATGAAGCAGACGGCCTCG_005,1
GGATGAAGCAGACGGCCTCG_006,174
GGATGAAGCAGACGGCCTCG_007,141
GGATGAAGCAGACGGCCTCG_008,163
GGATGAAGCAGACGGCCTCG_009,151
GGATGAAGCAGACGGCCTCG_010,56
GGATGAAGCAGACGGCCTCG_011,113
GGATGAAGCAGACGGCCTCG_012,137
GGATGAAGCAGACGGCCTCG_013,9
GGATGAAGCAGACGGCCTCG_014,33
GGATGAAGCAGACGGCCTCG_015,8
GGATGAAGCAGACGGCCTCG_016,138
GGATGAAGCAGACGGCCTCG_017,193
GGATGAAGCAGACGGCCTCG_018,176
GGATGAAGCAGACGGCCTCG_019,195
GGATGAAGCAGACGGCCTCG_020,176
GGATGAAGCAGACGGCCTCG_021,107
GGATGAAGCAGACGGCCTCG_022,98
GGATGAAGCAGACGGCCTCG_023,29
GGATGAAGCAGACGGCCTCG_024,58
GGATGAAGCAGACGGCCTCG_025,29
GGATGAAGCAGACGGCCTCG_026,1
GGATGAAGCAGACGGCCTCG_027,76
GGATGAAGCAGACGGCCTCG_028,173
GGATGAAGCAGACGGCCTCG_029,66
ACACATAGTAGACCTTACAA_001,60
ACACATAGTAGACCTTACAA_002,25
ACACATAGTAGACCTTACAA_003,176
ACACATAGTAGACCTTACAA_004,120
ACACATAGTAGACCTTACAA_005,113
ACACATAGTAGACCTTACAA_006,90
AAAGATGATGACGTTGCGAA_001,2
AAAGATGATGACGTTGCGAA_002,161
ATTGGTTATAGAGCTCCAAG_001,88
ATTGGTTATAGAGCTCCAAG_002,165
ATTGGTTATAGAGCTCCAAG_003,130
ATTGGTTATAGAGCTCCAAG_004,119
ATTGGTTATAGAGCTCCAAG_005,6
ATTGGTTATAGAGCTCCAAG_006,162
ATTGGTTATAGAGCTCCAAG_007,103
ATTGGTTATAGAGCTCCAAG_008,190
ATTGGTTATAGAGCTCCAAG_009,6
ATTGGTTATAGAGCTCCAAG_010,155
ATTGGTTATAGAGCTCCAAG_011,96
ATTGGTTATAGAGCTCCAAG_012,145
ATTGGTTATAGAGCTCCAAG_013,88
ATTGGTTATAGAGCTCCAAG_014,19
ATTGGTTATAGAGCTCCAAG_015,193
CAGCAGCCTGAACGAGAACG_001,130
CAGCAGCCTGAACGAGAACG_002,166
CAGCAGCCTGAACGAGAACG_003,124
CAGCAGCCTGAACGAGAACG_004,50
CAGCAGCCTGAACGAGAACG_005,176
CAGCAGCCTGAACGAGAACG_006,44
CAGCAGCCTGAACGAGAACG_007,68
CAGCAGCCTGAACGAGAACG_008,2
CAGCAGCCTGAACGAGAACG_009,183
TCCCTTCTAGGACCGGACCA_001,27
TCCCTTCTAGGACCGGACCA_002,139
TCCCTTCTAGGACCGGACCA_003,126
TCCCTTCTAGGACCGGACCA_004,36
TCCCTTCTAGGACCGGACCA_005,28
TCCCTTCTAGGACCGGACCA_006,192
TCCCTTCTAGGACCGGACCA_007,181
TCCCTTCTAGGACCGGACCA_008,76
TCCCTTCTAGGACCGGACCA_009,151
TCCCTTCTAGGACCGGACCA_010,15
TCCCTTCTAGGACCGGACCA_011,43
TCCCTTCTAGGACCGGACCA_012,83
TCCCTTCTAGGACCGGACCA_013,178
TCCCTTCTAGGACCGGACCA_014,43
TCCCTTCTAGGACCGGACCA_015,137
TCCCTTCTAGGACCGGACCA_016,198
TCCCTTCTAGGACCGGACCA_017,77
TCCCTTCTAGGACCGGACCA_018,29
TCCCTTCTAGGACCGGACCA_019,114
TCCCTTCTAGGACCGGACCA_020,114
TCCCTTCTAGGACCGGACCA_021,197
GAAAGGTCATCACAGGACTG_001,130
GAAAGGTCATCACAGGACTG_002,8
GAAAGGTCATCACAGGACTG_003,158
GAAAGGTCATCACAGGACTG_004,185
GAAAGGTCATCACAGGACTG_005,65
GAAAGGTCATCACAGGACTG_006,196
GAAAGGTCATCACAGGACTG_007,160
GAAAGGTCATCACAGGACTG_008,32
GAAAGGTCATCACAGGACTG_009,169
GAAAGGTCATCACAGGACTG_010,144
GAAAGGTCATCACAGGACTG_011,4
GAAAGGTCATCACAGGACTG_012,171
GAAAGGTCATCACAGGACTG_013,118
GATAGCGCAAGTGAACTCCT_001,159
GATAGCGCAAGTGAACTCCT_002,182
GATAGCGCAAGTGAACTCCT_003,179
GATAGCGCAAGTGAACTCCT_004,48
GATAGCGCAAGTGAACTCCT_005,105
GATAGCGCAAGTGAACTCCT_006,48
GATAGCGCAAGTGAACTCCT_007,2
GATAGCGCAAGTGAACTCCT_008,160
GATAGCGCAAGTGAACTCCT_009,139
GATAGCGCAAGTGAACTCCT_010,73
GATAGCGCAAGTGAACTCCT_011,190
GATAGCGCAAGTGAACTCCT_012,3
GATAGCGCAAGTGAACTCCT_013,181
GGGAAAGAACATCGTCTGCG_001,105
GGGAAAGAACATCGTCTGCG_002,13
GGGAAAGAACATCGTCTGCG_003,31
GGGAAAGAACATCGTCTGCG_004,86
GGGAAAGAACATCGTCTGCG_005,41
GGGAAAGAACATCGTCTGCG_006,111
GGGAAAGAACATCGTCTGCG_007,45
GGGAAAGAACATCGTCTGCG_008,149
GGGAAAGAACATCGTCTGCG_009,82
GGGAAAGAACATCGTCTGCG_010,24
GGGAAAGAACATCGTCTGCG_011,68
GGGAAAGAACATCGTCTGCG_012,104
GGGAAAGAACATCGTCTGCG_013,159
GGGAAAGAACATCGTCTGCG_014,108
AAGAATGGATTCCCTCAAGT_001,81
AAGAATGGATTCCCTCAAGT_002,84
AGAACAAGGCCAGCCCCGCG_001,124
AGAACAAGGCCAGCCCCGCG_002,141
AGAACAAGGCCAGCCCCGCG_003,50
AGAACAAGGCCAGCCCCGCG_004,123
AGAACAAGGCCAGCCCCGCG_005,179
AGAACAAGGCCAGCCCCGCG_006,100
AGAACAAGGCCAGCCCCGCG_007,147
AGAACAAGGCCAGCCCCGCG_008,62
AGAACAAGGCCAGCCCCGCG_009,22
AGAACAAGGCCAGCCCCGCG_010,173
TTGAAAGATCTGGGACGCTG_001,60
TTGAAAGATCTGGGACGCTG_002,147
TTGAAAGATCTGGGACGCTG_003,144
TTGAAAGATCTGGGACGCTG_004,85
TTGAAAGATCTGGGACGCTG_005,80
TTGAAAGATCTGGGACGCTG_006,15
TTGAAAGATCTGGGACGCTG_007,156
TTGAAAGATCTGGGACGCTG_008,116
TTGAAAGATCTGGGACGCTG_009,44
TTGAAAGATCTGGGACGCTG_010,40
TTGAAAGATCTGGGACGCTG_011,49
TTGAAAGATCTGGGACGCTG_012,179
TTGAAAGATCTGGGACGCTG_013,180
TTGAAAGATCTGGGACGCTG_014,140
TTGAAAGATCTGGGACGCTG_015,199
TTGAAAGATCTGGGACGCTG_016,112
TTGAAAGATCTGGGACGCTG_017,75
TTGAAAGATCTGGGACGCTG_018,83
TTGAAAGATCTGGGACGCTG_019,140
TTGAAAGATCTGGGACGCTG_020,175
TTGAAAGATCTGGGACGCTG_021,146
TTGAAAGATCTGGGACGCTG_022,127
TTGAAAGATCTGGGACGCTG_023,51
TTGAAAGATCTGGGACGCTG_024,85
TTGAAAGATCTGGGACGCTG_025,42
TTGAAAGATCTGGGACGCTG_026,160
TTGAAAGATCTGGGACGCTG_027,9
TTGAAAGATCTGGGACGCTG_028,176
TTGAAAGATCTGGGACGCTG_029,170
AACTCTGAAAAGATTGGGAA_001,166
AACTCTGAAAAGATTGGGAA_002,182
AACTCTGAAAAGATTGGGAA_003,106
AACTCTGAAAAGATTGGGAA_004,136
AACTCTGAAAAGATTGGGAA_005,142
AACTCTGAAAAGATTGGGAA_006,47
ACACGCTCACCATAGGCGCG_001,68
ACACGCTCACCATAGGCGCG_002,172
ACACGCTCACCATAGGCGCG_003,2
ACACGCTCACCATAGGCGCG_004,62
ACACGCTCACCATAGGCGCG_005,55
ACACGCTCACCATAGGCGCG_006,190
ACACGCTCACCATAGGCGCG_007,43
ACACGCTCACCATAGGCGCG_008,189
ACACGCTCACCATAGGCGCG_009,104
ACACGCTCACCATAGGCGCG_010,55
ACACGCTCACCATAGGCGCG_011,15
ACACGCTCACCATAGGCGCG_012,28
ACACGCTCACCATAGGCGCG_013,166
ACACGCTCACCATAGGCGCG_014,17
ACACGCTCACCATAGGCGCG_015,28
ACACGCTCACCATAGGCGCG_016,114
ACACGCTCACCATAGGCGCG_017,98
ACACGCTCACCATAGGCGCG_018,78
ACACGCTCACCATAGGCGCG_019,33
ACACGCTCACCATAGGCGCG_020,120
ACACGCTCACCATAGGCGCG_021,40
ACACGCTCACCATAGGCGCG_022,9
ACACGCTCACCATAGGCGCG_023,95
ACACGCTCACCATAGGCGCG_024,132
ACACGCTCACCATAGGCGCG_025,17
ACACGCTCACCATAGGCGCG_026,195
ACACGCTCACCATAGGCGCG_027,192
ACACGCTCACCATAGGCGCG_028,168
ACACGCTCACCATAGGCGCG_029,83
ACACGCTCACCATAGGCGCG_030,162
ACACGCTCACCATAGGCGCG_031,19
ACACGCTCACCATAGGCGCG_032,65
ACACGCTCACCATAGGCGCG_033,69
ACACGCTCACCATAGGCGCG_034,85
ACACGCTCACCATAGGCGCG_035,104
ACACGCTCACCATAGGCGCG_036,6
ACACGCTCACCATAGGCGCG_037,6
ACACGCTCACCATAGGCGCG_038,108
ACACGCTCACCATAGGCGCG_039,15
ACACGCTCACCATAGGCGCG_040,0
ACACGCTCACCATAGGCGCG_041,40
ACACGCTCACCATAGGCGCG_042,7
ACACGCTCACCATAGGCGCG_043,197
ACACGCTCACCATAGGCGCG_044,52
CCAGTCCGACGTCATGATCG_001,105
CCAGTCCGACGTCATGATCG_002,94
CCAGTCCGACGTCATGATCG_003,163
CCAGTCCGACGTCATGATCG_004,19
CCAGTCCGACGTCATGATCG_005,4
CCAGTCCGACGTCATGATCG_006,127
CCAGTCCGACGTCATGATCG_007,128
CCAGTCCGACGTCATGATCG_008,29
CCAGTCCGACGTCATGATCG_009,17
CCAGTCCGACGTCATGATCG_010,54
CCAGTCCGACGTCATGATCG_011,192
CCAGTCCGACGTCATGATCG_012,94
CCAGTCCGACGTCATGATCG_013,40
ACCCTGAGCGCGGACACCGT_001,50
ACCCTGAGCGCGGACACCGT_002,42
ACCCTGAGCGCGGACACCGT_003,48
ACCCTGAGCGCGGACACCGT_004,77
ACCCTGAGCGCGGACACCGT_005,158
ACCCTGAGCGCGGACACCGT_006,76
ACCCTGAGCGCGGACACCGT_007,23
ACCCTGAGCGCGGACACCGT_008,160
ACCCTGAGCGCGGACACCGT_009,159
ACCCTGAGCGCGGACACCGT_010,137
ACCCTGAGCGCGGACACCGT_011,188
ACCCTGAGCGCGGACACCGT_012,17
ACCCTGAGCGCGGACACCGT_013,160
ACCCTGAGCGCGGACACCGT_014,1
ACCCTGAGCGCGGACACCGT_015,190
ACCCTGAGCGCGGACACCGT_016,113
ACCCTGAGCGCGGACACCGT_017,112
ACCCTGAGCGCGGACACCGT_018,157
ACCCTGAGCGCGGACACCGT_019,65
ACCCTGAGCGCGGACACCGT_020,93
ACCCTGAGCGCGGACACCGT_021,3
ACCCTGAGCGCGGACACCGT_022,118
ACCCTGAGCGCGGACACCGT_023,102
ACCCTGAGCGCGGACACCGT_024,111
ACCCTGAGCGCGGACACCGT_025,101
ACCCTGAGCGCGGACACCGT_026,172
ACCCTGAGCGCGGACACCGT_027,28
ACCCTGAGCGCGGACACCGT_028,29
ACCCTGAGCGCGGACACCGT_029,83
ACCCTGAGCGCGGACACCGT_030,48
ACCCTGAGCGCGGACACCGT_031,88
ACCCTGAGCGCGGACACCGT_032,35
ACCCTGAGCGCGGACACCGT_033,137
ACCCTGAGCGCGGACACCGT_034,83
GGCACGCACCTTGCTCTGAG_001,190
TTCCACGTTGAGGACACCCA_001,105
TTCCACGTTGAGGACACCCA_002,29
TTCCACGTTGAGGACACCCA_003,137
TTCCACGTTGAGGACACCCA_004,7
TTCCACGTTGAGGACACCCA_005,188
TTCCACGTTGAGGACACCCA_006,61
TTCCACGTTGAGGACACCCA_007,128
TTCCACGTTGAGGACACCCA_008,9
TTCCACGTTGAGGACACCCA_009,52
TTCCACGTTGAGGACACCCA_010,112
TTCCACGTTGAGGACACCCA_011,15
TTCCACGTTGAGGACACCCA_012,20
TTCCACGTTGAGGACACCCA_013,63
TTCCACGTTGAGGACACCCA_014,158
TTCCACGTTGAGGACACCCA_015,147
TTCCACGTTGAGGACACCCA_016,88
TTCCACGTTGAGGACACCCA_017,76
TTCCACGTTGAGGACACCCA_018,84
TTCCACGTTGAGGACACCCA_019,3
TTCCACGTTGAGGACACCCA_020,51
TTCCACGTTGAGGACACCCA_021,163
TTCCACGTTGAGGACACCCA_022,61
TTCCACGTTGAGGACACCCA_023,132
TTCCACGTTGAGGACACCCA_024,79
TTCCACGTTGAGGACACCCA_025,130
GTCGGAGCGAGACATGGCGT_001,12
GTCGGAGCGAGACATGGCGT_002,78
GTCGGAGCGAGACATGGCGT_003,169
GTCGGAGCGAGACATGGCGT_004,115
GTCGGAGCGAGACATGGCGT_005,54
GTCGGAGCGAGACATGGCGT_006,157
GTCGGAGCGAGACATGGCGT_007,138
GTCGGAGCGAGACATGGCGT_008,77
GTCGGAGCGAGACATGGCGT_009,29
GTCGGAGCGAGACATGGCGT_010,156
GTCGGAGCGAGACATGGCGT_011,114
GTCGGAGCGAGACATGGCGT_012,78
GTCGGAGCGAGACATGGCGT_013,149
GTCGGAGCGAGACATGGCGT_014,182
GTCGGAGCGAGACATGGCGT_015,68
GTCGGAGCGAGACATGGCGT_016,181
GTCGGAGCGAGACATGGCGT_017,172
GTCGGAGCGAGACATGGCGT_018,121
GTCGGAGCGAGACATGGCGT_019,147
GTCGGAGCGAGACATGGCGT_020,1
GTCGGAGCGAGACATGGCGT_021,25
GTCGGAGCGAGACATGGCGT_022,121
GTCGGAGCGAGACATGGCGT_023,105
GTCGGAGCGAGACATGGCGT_024,149
GTCGGAGCGAGACATGGCGT_025,129
GTCGGAGCGAGACATGGCGT_026,197
GTCGGAGCGAGACATGGCGT_027,15
GTCGGAGCGAGACATGGCGT_028,15
GTCGGAGCGAGACATGGCGT_029,171
GGACTGATGACATCAACAGT_001,189
GGACTGATGACATCAACAGT_002,128
GGACTGATGACATCAACAGT_003,128
GGACTGATGACATCAACAGT_004,189
GGACTGATGACATCAACAGT_005,24
GGACTGATGACATCAACAGT_006,198
GGACTGATGACATCAACAGT_007,155
GGACTGATGACATCAACAGT_008,23
GGACTGATGACATCAACAGT_009,64
GGACTGATGACATCAACAGT_010,118
GGACTGATGACATCAACAGT_011,7
AGCGGAAGACTAGAATCAAG_001,52
AGCGGAAGACTAGAATCAAG_002,15
AGCGGAAGACTAGAATCAAG_003,158
AGCGGAAGACTAGAATCAAG_004,41
AGCGGAAGACTAGAATCAAG_005,197
AGCGGAAGACTAGAATCAAG_006,58
AGCGGAAGACTAGAATCAAG_007,165
AGGTAGTGGAACCACCAATG_001,68
AGGTAGTGGAACCACCAATG_002,127
AGGTAGTGGAACCACCAATG_003,193
AGGTAGTGGAACCACCAATG_004,93
AGGTAGTGGAACCACCAATG_005,83
AGGTAGTGGAACCACCAATG_006,174
AGGTAGTGGAACCACCAATG_007,13
AGGTAGTGGAACCACCAATG_008,150
AGGTAGTGGAACCACCAATG_009,56
AGGTAGTGGAACCACCAATG_010,194
AGGTAGTGGAACCACCAATG_011,121
AGGTAGTGGAACCACCAATG_012,178
AGGTAGTGGAACCACCAATG_013,80
AGGTAGTGGAACCACCAATG_014,178
AGGTAGTGGAACCACCAATG_015,22
AGGTAGTGGAACCACCAATG_016,35
GTGGAAGGGCTCCACCAACT_001,78
GTGGAAGGGCTCCACCAACT_002,107
GTGGAAGGGCTCCACCAACT_003,191
GTGGAAGGGCTCCACCAACT_004,166
GTGGAAGGGCTCCACCAACT_005,62
GTGGAAGGGCTCCACCAACT_006,48
GTGGAAGGGCTCCACCAACT_007,92
GTGGAAGGGCTCCACCAACT_008,141
GTGGAAGGGCTCCACCAACT_009,82
GTGGAAGGGCTCCACCAACT_010,43
GTGGAAGGGCTCCACCAACT_011,28
GTGGAAGGGCTCCACCAACT_012,177
GTGGAAGGGCTCCACCAACT_013,5
GTGGAAGGGCTCCACCAACT_014,101
GTGGAAGGGCTCCACCAACT_015,144
GTGGAAGGGCTCCACCAACT_016,115
GTGGAAGGGCTCCACCAACT_017,162
GTGGAAGGGCTCCACCAACT_018,72
GTGGAAGGGCTCCACCAACT_019,118
GTGGAAGGGCTCCACCAACT_020,168
GTGGAAGGGCTCCACCAACT_021,160
GTGGAAGGGCTCCACCAACT_022,30
GTGGAAGGGCTCCACCAACT_023,126
AGGTAGCCTTGTCACTACAA_001,117
AGGTAGCCTTGTCACTACAA_002,103
AGGTAGCCTTGTCACTACAA_003,68
AGGTAGCCTTGTCACTACAA_004,0
AGGTAGCCTTGTCACTACAA_005,192
AGGTAGCCTTGTCACTACAA_006,68
AGGTAGCCTTGTCACTACAA_007,33
AGGTAGCCTTGTCACTACAA_008,9
AGGTAGCCTTGTCACTACAA_009,9
AGGTAGCCTTGTCACTACAA_010,178
AGGTAGCCTTGTCACTACAA_011,108
ACTCACAAAACTCTCACAGG_001,15
ACTCACAAAACTCTCACAGG_002,72
ACTCACAAAACTCTCACAGG_003,8
ACTCACAAAACTCTCACAGG_004,189
ACTCACAAAACTCTCACAGG_005,128
ACTCACAAAACTCTCACAGG_006,113
ACTCACAAAACTCTCACAGG_007,9
ACTCACAAAACTCTCACAGG_008,158
ACTCACAAAACTCTCACAGG_009,16
ACTCACAAAACTCTCACAGG_010,190
ACTCACAAAACTCTCACAGG_011,115
ACTCACAAAACTCTCACAGG_012,192
ACTCACAAAACTCTCACAGG_013,80
ACTCACAAAACTCTCACAGG_014,47
AGTTGTTAGAAAAAAAGCCG_001,76
AGTTGTTAGAAAAAAAGCCG_002,157
ATCCTGGTTTCCTCTGCAAG_001,187
ATCCTGGTTTCCTCTGCAAG_002,160
ATCCTGGTTTCCTCTGCAAG_003,159
ATCCTGGTTTCCTCTGCAAG_004,144
ATCCTGGTTTCCTCTGCAAG_005,68
ATCCTGGTTTCCTCTGCAAG_006,189
ATCCTGGTTTCCTCTGCAAG_007,150
ATCCTGGTTTCCTCTGCAAG_008,117
TGAAGGCGACCCCTTCTACG_001,132
TGAAGGCGACCCCTTCTACG_002,137
TGAAGGCGACCCCTTCTACG_003,44
CGTGCCGTCATGGAAACAAG_001,198
CGTGCCGTCATGGAAACAAG_002,129
CGTGCCGTCATGGAAACAAG_003,81
CGTGCCGTCATGGAAACAAG_004,84
CGTGCCGTCATGGAAACAAG_005,55
CGTGCCGTCATGGAAACAAG_006,78
CGTGCCGTCATGGAAACAAG_007,150
CGTGCCGTCATGGAAACAAG_008,81
CGTGCCGTCATGGAAACAAG_009,132
CGTGCCGTCATGGAAACAAG_010,73
CGTGCCGTCATGGAAACAAG_011,19
CGTGCCGTCATGGAAACAAG_012,152
CGTGCCGTCATGGAAACAAG_013,180
CGTGCCGTCATGGAAACAAG_014,50
TGGCTGTATGGTGACAAGAG_001,53
TGGCTGTATGGTGACAAGAG_002,54
TGGCTGTATGGTGACAAGAG_003,139
TGGCTGTATGGTGACAAGAG_004,130
TGGCTGTATGGTGACAAGAG_005,29
TGGCTGTATGGTGACAAGAG_006,153
TGGCTGTATGGTGACAAGAG_007,121
TGGCTGTATGGTGACAAGAG_008,38
TGGCTGTATGGTGACAAGAG_009,3
TGGCTGTATGGTGACAAGAG_010,139
TGGCTGTATGGTGACAAGAG_011,82
TGGCTGTATGGTGACAAGAG_012,155
AAATTCGAGGAATGATACCG_001,139
AAATTCGAGGAATGATACCG_002,160
AAATTCGAGGAATGATACCG_003,185
AAATTCGAGGAATGATACCG_004,135
AAATTCGAGGAATGATACCG_005,78
AAATTCGAGGAATGATACCG_006,20
AAAACTGGTTGGTATTGAGA_001,4
AAAGAAGTCAAGGAGTTACG_001,78
AAAGAAGTCAAGGAGTTACG_002,150
AAAGAAGTCAAGGAGTTACG_003,72
AAAGAAGTCAAGGAGTTACG_004,162
AAGCAGTATGAGGATAGTAG_001,179
AAGCAGTATGAGGATAGTAG_002,65
AAGCAGTATGAGGATAGTAG_003,151
AAGCAGTATGAGGATAGTAG_004,5
AAGCAGTATGAGGATAGTAG_005,43
AAGCAGTATGAGGATAGTAG_006,60
ACATAGTGTGATGGACACCT_001,9
ACATAGTGTGATGGACACCT_002,121
ACATAGTGTGATGGACACCT_003,132
ACATAGTGTGATGGACACCT_004,115
ACATAGTGTGATGGACACCT_005,158
ACATAGTGTGATGGACACCT_006,149
ATCCTACCGACGAACTAGAG_001,106
ATCCTACCGACGAACTAGAG_002,63
ATCCTACCGACGAACTAGAG_003,40
ATCCTACCGACGAACTAGAG_004,146
ATCCTACCGACGAACTAGAG_005,175
ATCCTACCGACGAACTAGAG_006,153
ATCCTACCGACGAACTAGAG_007,165
CATATCCGTTCTCTACCACG_001,138
ACCACACAATCAAAGCGGAA_001,172
ACCACACAATCAAAGCGGAA_002,8
ACCACACAATCAAAGCGGAA_003,165
ACCACACAATCAAAGCGGAA_004,83
ACCACACAATCAAAGCGGAA_005,107
CCAGCGCCCGAGCGTACCTG_001,10
CCAGCGCCCGAGCGTACCTG_002,77
CCAGCGCCCGAGCGTACCTG_003,0
CCAGCGCCCGAGCGTACCTG_004,50
CCAGCGCCCGAGCGTACCTG_005,60
CCAGCGCCCGAGCGTACCTG_006,169
CCAGCGCCCGAGCGTACCTG_007,50
CCAGCGCCCGAGCGTACCTG_008,8
CCAGCGCCCGAGCGTACCTG_009,120
CCAGCGCCCGAGCGTACCTG_010,38
CCAGCGCCCGAGCGTACCTG_011,61
CCAGCGCCCGAGCGTACCTG_012,147
CCAGCGCCCGAGCGTACCTG_013,177
CCAGCGCCCGAGCGTACCTG_014,127
CCAGCGCCCGAGCGTACCTG_015,172
CCAGCGCCCGAGCGTACCTG_016,51
CCAGCGCCCGAGCGTACCTG_017,29
CCAGCGCCCGAGCGTACCTG_018,15
CCAGCGCCCGAGCGTACCTG_019,70
CCAGCGCCCGAGCGTACCTG_020,191
ACGTCGTACAGGCGCTTGGA_001,175
ACGTCGTACAGGCGCTTGGA_002,191
ACGTCGTACAGGCGCTTGGA_003,99
ACGTCGTACAGGCGCTTGGA_004,42
ACGTCGTACAGGCGCTTGGA_005,90
ACGTCGTACAGGCGCTTGGA_006,20
ACGTCGTACAGGCGCTTGGA_007,26
ACGTCGTACAGGCGCTTGGA_008,42
ACGTCGTACAGGCGCTTGGA_009,183
ACGTCGTACAGGCGCTTGGA_010,17
ACGTCGTACAGGCGCTTGGA_011,88
GTCCTCGGCCCTCCAGCCAG_001,4
GTCCTCGGCCCTCCAGCCAG_002,42
GTCCTCGGCCCTCCAGCCAG_003,107
GTCCTCGGCCCTCCAGCCAG_004,36
GTCCTCGGCCCTCCAGCCAG_005,43
GTCCTCGGCCCTCCAGCCAG_006,27
GTCCTCGGCCCTCCAGCCAG_007,91
GTCCTCGGCCCTCCAGCCAG_008,12
GTCCTCGGCCCTCCAGCCAG_009,68
CAGCGATGTGGCTTGCCTCG_001,147
CAGCGATGTGGCTTGCCTCG_002,113
CAGCGATGTGGCTTGCCTCG_003,23
CAGCGATGTGGCTTGCCTCG_004,41
TCCAGCAACATCAAGCAGCT_001,65
TCCAGCAACATCAAGCAGCT_002,146
TCCAGCAACATCAAGCAGCT_003,146
TCCAGCAACATCAAGCAGCT_004,16
TCCAGCAACATCAAGCAGCT_005,28
TCCAGCAACATCAAGCAGCT_006,33
TCCAGCAACATCAAGCAGCT_007,184
TCCAGCAACATCAAGCAGCT_008,175
GGATGAAGAAATCCGGCCCG_001,181
GGATGAAGAAATCCGGCCCG_002,102
GGATGAAGAAATCCGGCCCG_003,77
GGATGAAGAAATCCGGCCCG_004,148
GGATGAAGAAATCCGGCCCG_005,195
GGATGAAGAAATCCGGCCCG_006,121
GGATGAAGAAATCCGGCCCG_007,108
GGATGAAGAAATCCGGCCCG_008,145
GGATGAAGAAATCCGGCCCG_009,51
GGATGAAGAAATCCGGCCCG_010,15
GGATGAAGAAATCCGGCCCG_011,158
GGATGAAGAAATCCGGCCCG_012,58
GGATGAAGAAATCCGGCCCG_013,168
AAATCAACTTGCCCGAGTCG_001,61
AAATCAACTTGCCCGAGTCG_002,166
AAATCAACTTGCCCGAGTCG_003,162
CCAGCACCGAGTAGCACACG_001,136
AAGATTTCATGAGACAAGCT_001,10
AAGATTTCATGAGACAAGCT_002,197
AAGATTTCATGAGACAAGCT_003,83
AAGATTTCATGAGACAAGCT_004,194
AAGATTTCATGAGACAAGCT_005,185
AAGATTTCATGAGACAAGCT_006,174
ATGTGTGATGCAAACTATGC_001,169
ATGTGTGATGCAAACTATGC_002,172
ATGTGTGATGCAAACTATGC_003,141
ATGTGTGATGCAAACTATGC_004,160
ATGTGTGATGCAAACTATGC_005,24
ATGTGTGATGCAAACTATGC_006,137
AGCCCGATGTCTGCGCCACG_001,42
AGCCCGATGTCTGCGCCACG_002,28
AGCCCGATGTCTGCGCCACG_003,55
AGCCCGATGTCTGCGCCACG_004,60
AGCCCGATGTCTGCGCCACG_005,104
AGCCCGATGTCTGCGCCACG_006,1
AGCCCGATGTCTGCGCCACG_007,150
AGCCCGATGTCTGCGCCACG_008,52
AGCCCGATGTCTGCGCCACG_009,44
AGCCCGATGTCTGCGCCACG_010,115
AGCCCGATGTCTGCGCCACG_011,50
AGCCCGATGTCTGCGCCACG_012,162
AGCCCGATGTCTGCGCCACG_013,62
AGCCCGATGTCTGCGCCACG_014,172
AGCCCGATGTCTGCGCCACG_015,76
AGCCCGATGTCTGCGCCACG_016,151
AGCCCGATGTCTGCGCCACG_017,168
GAGAAGCTAATGCTGGCCGT_001,85
GAGAAGCTAATGCTGGCCGT_002,193
GAGAAGCTAATGCTGGCCGT_003,61
GAGAAGCTAATGCTGGCCGT_004,88
TGGATGCATAGATCTATGCT_001,193
TGGATGCATAGATCTATGCT_002,169
GTAGGTTGTGCATGTTCACG_001,83
GTAGGTTGTGCATGTTCACG_002,94
GTAGGTTGTGCATGTTCACG_003,140
GAAAATGGGGATAAACACCC_001,149
CCCACGCAGCAGACGACGTG_001,121
CCCACGCAGCAGACGACGTG_002,158
CCCACGCAGCAGACGACGTG_003,158
CCCACGCAGCAGACGACGTG_004,70
CCCACGCAGCAGACGACGTG_005,8
CCCACGCAGCAGACGACGTG_006,127
CCCACGCAGCAGACGACGTG_007,197
CCCACGCAGCAGACGACGTG_008,143
CCCACGCAGCAGACGACGTG_009,7
CCCACGCAGCAGACGACGTG_010,33
CCCACGCAGCAGACGACGTG_011,33
CCCACGCAGCAGACGACGTG_012,33
CCCACGCAGCAGACGACGTG_013,166
CCCACGCAGCAGACGACGTG_014,78
CCCACGCAGCAGACGACGTG_015,115
CCCACGCAGCAGACGACGTG_016,64
CCCACGCAGCAGACGACGTG_017,52
AGATAACAGGGTCTAACCTG_001,117
AGATAACAGGGTCTAACCTG_002,70
AGATAACAGGGTCTAACCTG_003,35
AGATAACAGGGTCTAACCTG_004,52
AGATAACAGGGTCTAACCTG_005,30
AGATAACAGGGTCTAACCTG_006,168
ATAGAGGCAGCGATAAAGCC_001,116
ATAGAGGCAGCGATAAAGCC_002,39
ATCATCCAATCGCAGATGGA_001,134
ATCATCCAATCGCAGATGGA_002,19
ATCATCCAATCGCAGATGGA_003,110
ATCATCCAATCGCAGATGGA_004,130
ATCATCCAATCGCAGATGGA_005,62
TCTAGGCCGATACAAAGCAG_001,12
TCTAGGCCGATACAAAGCAG_002,22
TCTAGGCCGATACAAAGCAG_003,127
TCTAGGCCGATACAAAGCAG_004,10
TCTAGGCCGATACAAAGCAG_005,106
TCTAGGCCGATACAAAGCAG_006,63
TGAGTTGCATTGTGAACGAG_001,94
TGAGTTGCATTGTGAACGAG_002,151
TGAGTTGCATTGTGAACGAG_003,117
TGAGTTGCATTGTGAACGAG_004,111
TGAGTTGCATTGTGAACGAG_005,130
TGAGTTGCATTGTGAACGAG_006,50
CATGAACGCCAAGCACCACA_001,176
CATGAACGCCAAGCACCACA_002,134
CATGAACGCCAAGCACCACA_003,62
CATGAACGCCAAGCACCACA_004,27
CATGAACGCCAAGCACCACA_005,137
CATGAACGCCAAGCACCACA_006,108
CATGAACGCCAAGCACCACA_007,82
CATGAACGCCAAGCACCACA_008,197
CATGAACGCCAAGCACCACA_009,15
CATGAACGCCAAGCACCACA_010,127
CATGAACGCCAAGCACCACA_011,78
CATGAACGCCAAGCACCACA_012,156
CATGAACGCCAAGCACCACA_013,55
CATGAACGCCAAGCACCACA_014,1
CATGAACGCCAAGCACCACA_015,43
CATGAACGCCAAGCACCACA_016,39
GTACCATAGACTGGTCTCGG_001,120
GTACCATAGACTGGTCTCGG_002,24
GTACCATAGACTGGTCTCGG_003,134
ACTGCCTGGGCCAACCATCG_001,62
ACTGCCTGGGCCAACCATCG_002,162
ACTGCCTGGGCCAACCATCG_003,162
CAGGGAACTTCCATTCCACA_001,94
CAGGGAACTTCCATTCCACA_002,61
CAGGGAACTTCCATTCCACA_003,48
GTTCCGCATTGGGGACCTCG_001,77
GTTCCGCATTGGGGACCTCG_002,28
GTTCCGCATTGGGGACCTCG_003,12
GTTCCGCATTGGGGACCTCG_004,19
GTTCCGCATTGGGGACCTCG_005,148
GTTCCGCATTGGGGACCTCG_006,38
GTTCCGCATTGGGGACCTCG_007,89
GTTCCGCATTGGGGACCTCG_008,22
GTTCCGCATTGGGGACCTCG_009,19
GATATAGTTTAGGCTGCTGC_001,92
GATATAGTTTAGGCTGCTGC_002,55
GATATAGTTTAGGCTGCTGC_003,40
GATATAGTTTAGGCTGCTGC_004,150
GATATAGTTTAGGCTGCTGC_005,148
GATATAGTTTAGGCTGCTGC_006,175
GATATAGTTTAGGCTGCTGC_007,80
GATATAGTTTAGGCTGCTGC_008,27
GATATAGTTTAGGCTGCTGC_009,124
TGGCGTGGGTTGCGTTGTGT_001,48
TGGCGTGGGTTGCGTTGTGT_002,16
TGGCGTGGGTTGCGTTGTGT_003,181
TGGCGTGGGTTGCGTTGTGT_004,48
TGGCGTGGGTTGCGTTGTGT_005,55
TGGCGTGGGTTGCGTTGTGT_006,67
TGGCGTGGGTTGCGTTGTGT_007,188
TGGCGTGGGTTGCGTTGTGT_008,2
TGGCGTGGGTTGCGTTGTGT_009,115
TGGCGTGGGTTGCGTTGTGT_010,48
TGGCGTGGGTTGCGTTGTGT_011,32
TGGCGTGGGTTGCGTTGTGT_012,147
TGGCGTGGGTTGCGTTGTGT_013,115
TGGCGTGGGTTGCGTTGTGT_014,66
TGGCGTGGGTTGCGTTGTGT_015,127
TGGCGTGGGTTGCGTTGTGT_016,46
TGGCGTGGGTTGCGTTGTGT_017,166
GCCACCAATGACCAGCCCAA_001,12
GCCACCAATGACCAGCCCAA_002,15
GCCACCAATGACCAGCCCAA_003,50
GCCACCAATGACCAGCCCAA_004,145
GCCACCAATGACCAGCCCAA_005,80
GCCACCAATGACCAGCCCAA_006,72
GCCACCAATGACCAGCCCAA_007,53
GCCACCAATGACCAGCCCAA_008,110
GCCACCAATGACCAGCCCAA_009,62
GCCACCAATGACCAGCCCAA_010,37
GCCACCAATGACCAGCCCAA_011,176
GCCACCAATGACCAGCCCAA_012,5
GCCACCAATGACCAGCCCAA_013,94
GCCACCAATGACCAGCCCAA_014,105
GCCACCAATGACCAGCCCAA_015,162
GCCACCAATGACCAGCCCAA_016,150
GCCACCAATGACCAGCCCAA_017,119
GCCACCAATGACCAGCCCAA_018,114
GCCACCAATGACCAGCCCAA_019,68
GCCACCAATGACCAGCCCAA_020,28
GCCACCAATGACCAGCCCAA_021,30
GCCACCAATGACCAGCCCAA_022,58
TGTCCGTGCACGAAAGTCGG_001,66
TGTCCGTGCACGAAAGTCGG_002,194
TGTCCGTGCACGAAAGTCGG_003,192
TGTCCGTGCACGAAAGTCGG_004,149
TGTCCGTGCACGAAAGTCGG_005,172
TGTCCGTGCACGAAAGTCGG_006,154
TGTCCGTGCACGAAAGTCGG_007,190
TGTCCGTGCACGAAAGTCGG_008,147
TGTCCGTGCACGAAAGTCGG_009,141
TGTCCGTGCACGAAAGTCGG_010,56
TGTCCGTGCACGAAAGTCGG_011,77
TGTCCGTGCACGAAAGTCGG_012,174
TGTCCGTGCACGAAAGTCGG_013,138
GTATGTATGTAACTGCTCTG_001,48
GTATGTATGTAACTGCTCTG_002,88
GTATGTATGTAACTGCTCTG_003,34
GTATGTATGTAACTGCTCTG_004,26
GTATGTATGTAACTGCTCTG_005,70
GTATGTATGTAACTGCTCTG_006,6
GCTACTTACAGGCCATTGTG_001,188
GCTACTTACAGGCCATTGTG_002,24
GCTACTTACAGGCCATTGTG_003,113
GCTACTTACAGGCCATTGTG_004,97
GCTACTTACAGGCCATTGTG_005,188
GCTACTTACAGGCCATTGTG_006,104
GCTACTTACAGGCCATTGTG_007,42
GCTACTTACAGGCCATTGTG_008,108
GTGCGTTTGCATTAGAACGT_001,9
GTGCGTTTGCATTAGAACGT_002,175
GTGCGTTTGCATTAGAACGT_003,96
GTGCGTTTGCATTAGAACGT_004,67
GTGCGTTTGCATTAGAACGT_005,97
CCCTGCCCTCGATTTCCCGG_001,148
CCCTGCCCTCGATTTCCCGG_002,19
CCCTGCCCTCGATTTCCCGG_003,51
CCCTGCCCTCGATTTCCCGG_004,93
CCCTGCCCTCGATTTCCCGG_005,191
CCCTGCCCTCGATTTCCCGG_006,194
CCCTGCCCTCGATTTCCCGG_007,52
CCCTGCCCTCGATTTCCCGG_008,43
CCCTGCCCTCGATTTCCCGG_009,146
CCCTGCCCTCGATTTCCCGG_010,169
CCCTGCCCTCGATTTCCCGG_011,14
CCCTGCCCTCGATTTCCCGG_012,38
TAACATCCCACAACAAGGAA_001,183
TAACATCCCACAACAAGGAA_002,116
TAACATCCCACAACAAGGAA_003,114
TAACATCCCACAACAAGGAA_004,196
TAACATCCCACAACAAGGAA_005,193
TAACATCCCACAACAAGGAA_006,169
TAACATCCCACAACAAGGAA_007,60
TAACATCCCACAACAAGGAA_008,2
TAACATCCCACAACAAGGAA_009,51
TAACATCCCACAACAAGGAA_010,48
TAACATCCCACAACAAGGAA_011,2
TAACATCCCACAACAAGGAA_012,175
TAACATCCCACAACAAGGAA_013,137
TAACATCCCACAACAAGGAA_014,58
TAACATCCCACAACAAGGAA_015,4
TAACATCCCACAACAAGGAA_016,124
TAACATCCCACAACAAGGAA_017,169
TAACATCCCACAACAAGGAA_018,79
TAACATCCCACAACAAGGAA_019,83
TAACATCCCACAACAAGGAA_020,17
TAACATCCCACAACAAGGAA_021,48
TAACATCCCACAACAAGGAA_022,106
TAACATCCCACAACAAGGAA_023,142
TAACATCCCACAACAAGGAA_024,97
TAACATCCCACAACAAGGAA_025,128
TAACATCCCACAACAAGGAA_026,78
TCACACCTTATATCAGCACT_001,95
TCACACCTTATATCAGCACT_002,82
TCACACCTTATATCAGCACT_003,162
TCACACCTTATATCAGCACT_004,185
TCACACCTTATATCAGCACT_005,4
TCACACCTTATATCAGCACT_006,63
AGCTAAGTGTAGCCCATCTG_001,128
AGCTAAGTGTAGCCCATCTG_002,194
AGCTAAGTGTAGCCCATCTG_003,135
ATGGACATGAGTGATGGCTG_001,169
ATGGACATGAGTGATGGCTG_002,127
ATGGACATGAGTGATGGCTG_003,94
ATGGACATGAGTGATGGCTG_004,64
ATGGACATGAGTGATGGCTG_005,184
ATGGACATGAGTGATGGCTG_006,105
ATGGACATGAGTGATGGCTG_007,69
ATGGACATGAGTGATGGCTG_008,172
ATGGACATGAGTGATGGCTG_009,58
ATGGACATGAGTGATGGCTG_010,191
ATGGACATGAGTGATGGCTG_011,65
ATGGACATGAGTGATGGCTG_012,169
ATGGACATGAGTGATGGCTG_013,75
ATGGACATGAGTGATGGCTG_014,36
ATGGACATGAGTGATGGCTG_015,68
ATGGACATGAGTGATGGCTG_016,36
ATGGACATGAGTGATGGCTG_017,33
ATGGACATGAGTGATGGCTG_018,28
ATGGACATGAGTGATGGCTG_019,40
ATGGACATGAGTGATGGCTG_020,2
ATGGACATGAGTGATGGCTG_021,47
ATGGACATGAGTGATGGCTG_022,77
ATGGACATGAGTGATGGCTG_023,0
ATGGACATGAGTGATGGCTG_024,131
ATGGACATGAGTGATGGCTG_025,62
ATGGACATGAGTGATGGCTG_026,94
ATGGACATGAGTGATGGCTG_027,191
ATGGACATGAGTGATGGCTG_028,41
ATGGACATGAGTGATGGCTG_029,140
ATGGACATGAGTGATGGCTG_030,185
ATGGACATGAGTGATGGCTG_031,128
GCCCCGCACATGGTCCTGCG_001,41
GCCCCGCACATGGTCCTGCG_002,127
GCCCCGCACATGGTCCTGCG_003,138
GCCCCGCACATGGTCCTGCG_004,58
GCCCCGCACATGGTCCTGCG_005,149
GCCCCGCACATGGTCCTGCG_006,13
GCCCCGCACATGGTCCTGCG_007,32
GCCCCGCACATGGTCCTGCG_008,77
GCCCCGCACATGGTCCTGCG_009,77
GCCCCGCACATGGTCCTGCG_010,61
GCCCCGCACATGGTCCTGCG_011,100
GCCCCGCACATGGTCCTGCG_012,150
TCTTCACATACACCCGAGAG_001,55
TCTTCACATACACCCGAGAG_002,199
TCTTCACATACACCCGAGAG_003,52
TGTGAATGCAGCCGGCATTT_001,17
TGTGAATGCAGCCGGCATTT_002,83
TGTGGGCACGTAGACTGGCG_001,5
TGTGGGCACGTAGACTGGCG_002,80
TGTGGGCACGTAGACTGGCG_003,127
TGTGGGCACGTAGACTGGCG_004,12
TGTGGGCACGTAGACTGGCG_005,104
TGTGGGCACGTAGACTGGCG_006,33
TGTGGGCACGTAGACTGGCG_007,163
TGTGGGCACGTAGACTGGCG_008,118
TGTGGGCACGTAGACTGGCG_009,101
TGTGGGCACGTAGACTGGCG_010,43
TGTGGGCACGTAGACTGGCG_011,160
TGTGGGCACGTAGACTGGCG_012,106
TGTGGGCACGTAGACTGGCG_013,9
TGTGGGCACGTAGACTGGCG_014,9
TGTGGGCACGTAGACTGGCG_015,168
TGTGGGCACGTAGACTGGCG_016,132
TGTGGGCACGTAGACTGGCG_017,63
TGTGGGCACGTAGACTGGCG_018,88
TTGGATGAGTCCAATGCCCT_001,113
TTGGATGAGTCCAATGCCCT_002,53
TTGGATGAGTCCAATGCCCT_003,154
TTGGATGAGTCCAATGCCCT_004,146
TTGGATGAGTCCAATGCCCT_005,69
TTGGATGAGTCCAATGCCCT_006,83
TTGGATGAGTCCAATGCCCT_007,153
TTGGATGAGTCCAATGCCCT_008,152
TTGGATGAGTCCAATGCCCT_009,172
TTGGATGAGTCCAATGCCCT_010,43
TTGGATGAGTCCAATGCCCT_011,119
TTGGATGAGTCCAATGCCCT_012,172
CCAGGCTGGTCATATCCGTG_001,148
CCAGGCTGGTCATATCCGTG_002,71
CCAGGCTGGTCATATCCGTG_003,16
CCAGGCTGGTCATATCCGTG_004,59
CCAGGCTGGTCATATCCGTG_005,176
CCAGGCTGGTCATATCCGTG_006,175
GACCAGAGACTGGACGTGAA_001,9
GACCAGAGACTGGACGTGAA_002,141
GACCAGAGACTGGACGTGAA_003,185
GACCAGAGACTGGACGTGAA_004,182
GACCAGAGACTGGACGTGAA_005,54
GACCAGAGACTGGACGTGAA_006,125
GACCAGAGACTGGACGTGAA_007,162
GACCAGAGACTGGACGTGAA_008,186
GACCAGAGACTGGACGTGAA_009,25
GACCAGAGACTGGACGTGAA_010,175
GACCAGAGACTGGACGTGAA_011,170
GACCAGAGACTGGACGTGAA_012,15
GACCAGAGACTGGACGTGAA_013,18
GACCAGAGACTGGACGTGAA_014,40
GACCAGAGACTGGACGTGAA_015,166
GACCAGAGACTGGACGTGAA_016,141
GACCAGAGACTGGACGTGAA_017,142
GACCAGAGACTGGACGTGAA_018,3
GACCAGAGACTGGACGTGAA_019,180
GACCAGAGACTGGACGTGAA_020,61
GACCAGAGACTGGACGTGAA_021,48
GACCAGAGACTGGACGTGAA_022,52
GACCAGAGACTGGACGTGAA_023,168
GACCAGAGACTGGACGTGAA_024,63
GACCAGAGACTGGACGTGAA_025,145
GACCAGAGACTGGACGTGAA_026,179
GACCAGAGACTGGACGTGAA_027,63
GACCAGAGACTGGACGTGAA_028,169
GGACAAGACCAACAGCTATG_001,184
GGACAAGACCAACAGCTATG_002,105
GGACAAGACCAACAGCTATG_003,71
GGACAAGACCAACAGCTATG_004,47
GGACAAGACCAACAGCTATG_005,108
GGACAAGACCAACAGCTATG_006,167
GGACAAGACCAACAGCTATG_007,163
GGACAAGACCAACAGCTATG_008,56
GGACAAGACCAACAGCTATG_009,90
GGACAAGACCAACAGCTATG_010,47
GGACAAGACCAACAGCTATG_011,73
GGACAAGACCAACAGCTATG_012,136
GGACAAGACCAACAGCTATG_013,62
AGAGTAAGCGTAAATTTGAG_001,45
ACATCCAAGACAAAGAACTG_001,119
ACATCCAAGACAAAGAACTG_002,172
ACATCCAAGACAAAGAACTG_003,53
ACATCCAAGACAAAGAACTG_004,185
ACATCCAAGACAAAGAACTG_005,104
ACATCCAAGACAAAGAACTG_006,51
ACATCCAAGACAAAGAACTG_007,41
ACATCCAAGACAAAGAACTG_008,12
ACATCCAAGACAAAGAACTG_009,165
ACATCCAAGACAAAGAACTG_010,19
ACATCCAAGACAAAGAACTG_011,168
TGGGCACTTACCATAGGAGG_001,187
TGGGCACTTACCATAGGAGG_002,151
TGGGCACTTACCATAGGAGG_003,160
TGGGCACTTACCATAGGAGG_004,56
GGATACTTAGCATGTAGGTG_001,1
GGATACTTAGCATGTAGGTG_002,77
GGATACTTAGCATGTAGGTG_003,139
GGATACTTAGCATGTAGGTG_004,117
CTAGGGAGCTATTATTAGCA_001,149
TAGCTCTGCGCATCACAGAG_001,47
TAGCTCTGCGCATCACAGAG_002,105
TAGCTCTGCGCATCACAGAG_003,1
TAGCTCTGCGCATCACAGAG_004,41
TAGCTCTGCGCATCACAGAG_005,177
TAGCTCTGCGCATCACAGAG_006,9
TAGCTCTGCGCATCACAGAG_007,29
TAGCTCTGCGCATCACAGAG_008,138
TAGCTCTGCGCATCACAGAG_009,144
AGAAAGACACAAGTTCCCAA_001,170
AGAAAGACACAAGTTCCCAA_002,3
AGAAAGACACAAGTTCCCAA_003,168
AGAAAGACACAAGTTCCCAA_004,149
AGAAAGACACAAGTTCCCAA_005,183
AGTCAGATGCAGACGCAGTG_001,132
AGTCAGATGCAGACGCAGTG_002,49
AGTCAGATGCAGACGCAGTG_003,9
AGTCAGATGCAGACGCAGTG_004,177
AGTCAGATGCAGACGCAGTG_005,169
AGTCAGATGCAGACGCAGTG_006,69
AGTCAGATGCAGACGCAGTG_007,185
AGTCAGATGCAGACGCAGTG_008,163
AGTCAGATGCAGACGCAGTG_009,58
AGTCAGATGCAGACGCAGTG_010,22
AGTCAGATGCAGACGCAGTG_011,66
AGTCAGATGCAGACGCAGTG_012,15
AGTCAGATGCAGACGCAGTG_013,76
AGTCAGATGCAGACGCAGTG_014,35
ATCCTCCACCGTTCGCTCTG_001,18
ATCCTCCACCGTTCGCTCTG_002,147
ATCCTCCACCGTTCGCTCTG_003,115
ATCCTCCACCGTTCGCTCTG_004,81
ATCCTCCACCGTTCGCTCTG_005,115
ATCCTCCACCGTTCGCTCTG_006,157
ATCCTCCACCGTTCGCTCTG_007,149
ATCCTCCACCGTTCGCTCTG_008,191
ATCCTCCACCGTTCGCTCTG_009,132
ATCCTCCACCGTTCGCTCTG_010,15
ATCCTCCACCGTTCGCTCTG_011,63
ATCCTCCACCGTTCGCTCTG_012,150
ATCCTCCACCGTTCGCTCTG_013,185
ATCCTCCACCGTTCGCTCTG_014,50
ATCCTCCACCGTTCGCTCTG_015,77
ATCCTCCACCGTTCGCTCTG_016,78
ATCCTCCACCGTTCGCTCTG_017,69
ATCCTCCACCGTTCGCTCTG_018,105
ATCCTCCACCGTTCGCTCTG_019,72
ATCCTCCACCGTTCGCTCTG_020,40
ATCCTCCACCGTTCGCTCTG_021,52
ATCCTCCACCGTTCGCTCTG_022,63
ATCCTCCACCGTTCGCTCTG_023,43
ATCCTCCACCGTTCGCTCTG_024,38
ATCCTCCACCGTTCGCTCTG_025,135
ATCCTCCACCGTTCGCTCTG_026,41
ATCCTCCACCGTTCGCTCTG_027,60
ATCCTCCACCGTTCGCTCTG_028,107
ATCCTCCACCGTTCGCTCTG_029,15
ATCCTCCACCGTTCGCTCTG_030,21
ATCCTCCACCGTTCGCTCTG_031,116
ATCCTCCACCGTTCGCTCTG_032,85
ATCCTCCACCGTTCGCTCTG_033,17
ATCCTCCACCGTTCGCTCTG_034,105
ATCCTCCACCGTTCGCTCTG_035,190
ATCCTCCACCGTTCGCTCTG_036,60
ATCCTCCACCGTTCGCTCTG_037,104
ATCCTCCACCGTTCGCTCTG_038,72
ATCCTCCACCGTTCGCTCTG_039,60
ATCCTCCACCGTTCGCTCTG_040,146
ATCCTCCACCGTTCGCTCTG_041,11
ATCCTCCACCGTTCGCTCTG_042,56
ATCCTCCACCGTTCGCTCTG_043,113
ATCCTCCACCGTTCGCTCTG_044,175
ATCCTCCACCGTTCGCTCTG_045,61
ATCCTCCACCGTTCGCTCTG_046,19
ATCCTCCACCGTTCGCTCTG_047,100
CACCTTCAGCATGTCAAGGT_001,42
CACCTTCAGCATGTCAAGGT_002,154
CACCTTCAGCATGTCAAGGT_003,150
CACCTTCAGCATGTCAAGGT_004,93
CACCTTCAGCATGTCAAGGT_005,83
CACCTTCAGCATGTCAAGGT_006,150
CACCTTCAGCATGTCAAGGT_007,138
CTGATGGAACAGTACAAGGT_001,103
CTGATGGAACAGTACAAGGT_002,60
CTGATGGAACAGTACAAGGT_003,100
CTGATGGAACAGTACAAGGT_004,98
CTGATGGAACAGTACAAGGT_005,128
CTGATGGAACAGTACAAGGT_006,3
CTGATGGAACAGTACAAGGT_007,187
TCAGCGTGTAGCCGACCGAA_001,34
TCAGCGTGTAGCCGACCGAA_002,37
TCAGCGTGTAGCCGACCGAA_003,113
TCAGCGTGTAGCCGACCGAA_004,82
ACCTGAACCATTTCTCAGTG_001,121
ACCTGAACCATTTCTCAGTG_002,54
ACCTGAACCATTTCTCAGTG_003,114
ACCTGAACCATTTCTCAGTG_004,175
ACCTGAACCATTTCTCAGTG_005,81
ACCTGAACCATTTCTCAGTG_006,74
ACCTGAACCATTTCTCAGTG_007,95
ACCTGAACCATTTCTCAGTG_008,35
ACCTGAACCATTTCTCAGTG_009,189
ACCTGAACCATTTCTCAGTG_010,188
ACCTGAACCATTTCTCAGTG_011,49
ACCTGAACCATTTCTCAGTG_012,46
TGAACATGACGACGCCCAGG_001,43
TGAACATGACGACGCCCAGG_002,65
TGAACATGACGACGCCCAGG_003,184
TGAACATGACGACGCCCAGG_004,150
TGAACATGACGACGCCCAGG_005,121
CTTCGGGCCTGAATCCAGCG_001,158
CTTCGGGCCTGAATCCAGCG_002,162
CTTCGGGCCTGAATCCAGCG_003,166
CTTCGGGCCTGAATCCAGCG_004,38
CTTCGGGCCTGAATCCAGCG_005,69
CTTCGGGCCTGAATCCAGCG_006,169
CTTCGGGCCTGAATCCAGCG_007,19
CTTCGGGCCTGAATCCAGCG_008,88
CTTCGGGCCTGAATCCAGCG_009,145
CTTCGGGCCTGAATCCAGCG_010,177
CTTCGGGCCTGAATCCAGCG_011,78
CTTCGGGCCTGAATCCAGCG_012,188
CTTCGGGCCTGAATCCAGCG_013,46
CTTCGGGCCTGAATCCAGCG_014,57
CTTCGGGCCTGAATCCAGCG_015,130
CTTCGGGCCTGAATCCAGCG_016,144
CTTCGGGCCTGAATCCAGCG_017,19
CTTCGGGCCTGAATCCAGCG_018,106
CTTCGGGCCTGAATCCAGCG_019,46
TGACTGTCATCCCAACCGCC_001,178
TGACTGTCATCCCAACCGCC_002,168
TGACTGTCATCCCAACCGCC_003,5
TGACTGTCATCCCAACCGCC_004,112
TGACTGTCATCCCAACCGCC_005,162
TGACTGTCATCCCAACCGCC_006,103
TGACTGTCATCCCAACCGCC_007,88
TGACTGTCATCCCAACCGCC_008,137
TGACTGTCATCCCAACCGCC_009,147
TGACTGTCATCCCAACCGCC_010,57
TGACTGTCATCCCAACCGCC_011,52
TGACTGTCATCCCAACCGCC_012,141
TGACTGTCATCCCAACCGCC_013,147
TGACTGTCATCCCAACCGCC_014,89
TGACTGTCATCCCAACCGCC_015,138
TGACTGTCATCCCAACCGCC_016,142
TGATGAGTAGTCAGTCTCCG_001,199
TGATGAGTAGTCAGTCTCCG_002,176
TGATGAGTAGTCAGTCTCCG_003,168
TGATGAGTAGTCAGTCTCCG_004,25
TGATGAGTAGTCAGTCTCCG_005,5
TGATGAGTAGTCAGTCTCCG_006,192
TGATGAGTAGTCAGTCTCCG_007,146
TGATGAGTAGTCAGTCTCCG_008,170
GAAGTCACTCTCATGCAATG_001,3
CGGGCATCATTGGTTGCTGG_001,62
CGGGCATCATTGGTTGCTGG_002,19
CGGGCATCATTGGTTGCTGG_003,6
CGGGCATCATTGGTTGCTGG_004,128
CGGGCATCATTGGTTGCTGG_005,175
CGGGCATCATTGGTTGCTGG_006,172
CGGGCATCATTGGTTGCTGG_007,126
CGGGCATCATTGGTTGCTGG_008,175
CGGGCATCATTGGTTGCTGG_009,175
TAAAGAACGATTAAGTCAGG_001,63
TAAAGAACGATTAAGTCAGG_002,170
TAAAGAACGATTAAGTCAGG_003,33
TAAAGAACGATTAAGTCAGG_004,169
TAAAGAACGATTAAGTCAGG_005,135
TTGGCTGTAAACTGGACATG_001,52
TTGGCTGTAAACTGGACATG_002,154
TTGGCTGTAAACTGGACATG_003,14
TTGGCTGTAAACTGGACATG_004,104
TTGGCTGTAAACTGGACATG_005,42
TTGGCTGTAAACTGGACATG_006,94
TTGGCTGTAAACTGGACATG_007,199
TTGGCTGTAAACTGGACATG_008,81
TTGGCTGTAAACTGGACATG_009,8
TTGGCTGTAAACTGGACATG_010,145
TTGGCTGTAAACTGGACATG_011,24
TTGGCTGTAAACTGGACATG_012,140
TTGGCTGTAAACTGGACATG_013,83
TTGGCTGTAAACTGGACATG_014,43
TTGGCTGTAAACTGGACATG_015,50
TTGGCTGTAAACTGGACATG_016,5
TTGGCTGTAAACTGGACATG_017,191
TTGGCTGTAAACTGGACATG_018,16
TTGGCTGTAAACTGGACATG_019,199
TTGGCTGTAAACTGGACATG_020,48
TTGGCTGTAAACTGGACATG_021,98
TTGGCTGTAAACTGGACATG_022,76
TTGGCTGTAAACTGGACATG_023,184
TTGGCTGTAAACTGGACATG_024,177
TTGGCTGTAAACTGGACATG_025,105
TTGGCTGTAAACTGGACATG_026,94
TTGGCTGTAAACTGGACATG_027,173
TTGGCTGTAAACTGGACATG_028,10
TTGGCTGTAAACTGGACATG_029,174
TTGGCTGTAAACTGGACATG_030,168
TTGGCTGTAAACTGGACATG_031,13
TTGGCTGTAAACTGGACATG_032,22
TTGGCTGTAAACTGGACATG_033,90
TTGGCTGTAAACTGGACATG_034,13
TTAATGCTAGGGCAATAAGG_001,175
TTAATGCTAGGGCAATAAGG_002,32
TTAATGCTAGGGCAATAAGG_003,93
TTAATGCTAGGGCAATAAGG_004,2
TTAATGCTAGGGCAATAAGG_005,151
ACTGCTATCCTGAATAGACA_001,88
ACTGCTATCCTGAATAGACA_002,142
ACTGCTATCCTGAATAGACA_003,16
ACTGCTATCCTGAATAGACA_004,132
ACTGCTATCCTGAATAGACA_005,141
ACTGCTATCCTGAATAGACA_006,161
ACTGCTATCCTGAATAGACA_007,56
ACTGCTATCCTGAATAGACA_008,81
ACTGCTATCCTGAATAGACA_009,134
CCAGAGCCGTAGTCAAAGGG_001,15
CCAGAGCCGTAGTCAAAGGG_002,2
CCAGAGCCGTAGTCAAAGGG_003,138
CCAGAGCCGTAGTCAAAGGG_004,15
CGTACGCCAGGTGCACGACG_001,54
CGTACGCCAGGTGCACGACG_002,53
CGTACGCCAGGTGCACGACG_003,116
CGTACGCCAGGTGCACGACG_004,166
CGTACGCCAGGTGCACGACG_005,159
CGTACGCCAGGTGCACGACG_006,52
CGTACGCCAGGTGCACGACG_007,46
CGTACGCCAGGTGCACGACG_008,66
CGTACGCCAGGTGCACGACG_009,116
CGTACGCCAGGTGCACGACG_010,177
CGTACGCCAGGTGCACGACG_011,97
CGTACGCCAGGTGCACGACG_012,100
CGTACGCCAGGTGCACGACG_013,137
CGTACGCCAGGTGCACGACG_014,15
CGTACGCCAGGTGCACGACG_015,189
AAATTGGCGGTAAACCAGAT_001,44
AAATTGGCGGTAAACCAGAT_002,73
AAATTGGCGGTAAACCAGAT_003,163
AAATTGGCGGTAAACCAGAT_004,140
AAATTGGCGGTAAACCAGAT_005,121
AAATTGGCGGTAAACCAGAT_006,42
AAATTGGCGGTAAACCAGAT_007,132
AAATTGGCGGTAAACCAGAT_008,48
AAATTGGCGGTAAACCAGAT_009,185
AAATTGGCGGTAAACCAGAT_010,199
AAATTGGCGGTAAACCAGAT_011,199
AAATTGGCGGTAAACCAGAT_012,70
AAATTGGCGGTAAACCAGAT_013,169
AAATTGGCGGTAAACCAGAT_014,68
AAATTGGCGGTAAACCAGAT_015,21
AAATTGGCGGTAAACCAGAT_016,13
AAATTGGCGGTAAACCAGAT_017,165
ATATTGCTCCAGGACAATGA_001,184
ATATTGCTCCAGGACAATGA_002,191
ATATTGCTCCAGGACAATGA_003,118
ATATTGCTCCAGGACAATGA_004,118
ATATTGCTCCAGGACAATGA_005,39
GGTACTTCATTGCTTCAATG_001,138
GGTACTTCATTGCTTCAATG_002,17
GGTACTTCATTGCTTCAATG_003,60
GGTACTTCATTGCTTCAATG_004,118
GGTACTTCATTGCTTCAATG_005,137
GGTACTTCATTGCTTCAATG_006,147
GGTACTTCATTGCTTCAATG_007,199
GGTACTTCATTGCTTCAATG_008,146
GGTACTTCATTGCTTCAATG_009,31
GGTACTTCATTGCTTCAATG_010,69
GGTACTTCATTGCTTCAATG_011,80
GGTACTTCATTGCTTCAATG_012,190
AAATCGTGATAGAATTCCAG_001,73
AAATCGTGATAGAATTCCAG_002,113
AAATCGTGATAGAATTCCAG_003,75
AAATCGTGATAGAATTCCAG_004,56
AAATCGTGATAGAATTCCAG_005,115
ACACCTAGGCTATTCAAATG_001,166
ACTCACTTTACTGACTCTTG_001,106
ACTCACTTTACTGACTCTTG_002,43
ACTCACTTTACTGACTCTTG_003,142
ACTCACTTTACTGACTCTTG_004,0
CAAAATACACAGTGAACACA_001,156
CAAAATACACAGTGAACACA_002,117
CAAAATACACAGTGAACACA_003,166
CAAAATACACAGTGAACACA_004,63
CTGTTGCCTTCATAGATAAG_001,175
CTGTTGCCTTCATAGATAAG_002,196
CACCAACTGAGTATATTGGT_001,34
CACCAACTGAGTATATTGGT_002,160
CACCAACTGAGTATATTGGT_003,43
CACCAACTGAGTATATTGGT_004,151
GGCTAGACAGGGACATACCA_001,81
GGCTAGACAGGGACATACCA_002,162
GGCTAGACAGGGACATACCA_003,5
GGCTAGACAGGGACATACCA_004,51
GGCTAGACAGGGACATACCA_005,74
GGCTAGACAGGGACATACCA_006,115
GGCTAGACAGGGACATACCA_007,170
GGCTAGACAGGGACATACCA_008,121
GGCTAGACAGGGACATACCA_009,148
GGCTAGACAGGGACATACCA_010,76
GGCTAGACAGGGACATACCA_011,44
GGCTAGACAGGGACATACCA_012,184
GGCTAGACAGGGACATACCA_013,75
GGCTAGACAGGGACATACCA_014,9
GGCTAGACAGGGACATACCA_015,148
GGCTAGACAGGGACATACCA_016,94
GGCTAGACAGGGACATACCA_017,15
GGCTAGACAGGGACATACCA_018,161
GGCTAGACAGGGACATACCA_019,153
CAGATGCGATGTTCTTGCGG_001,134
CAGATGCGATGTTCTTGCGG_002,107
CAGATGCGATGTTCTTGCGG_003,156
CACGTGACTAATCCGAAACA_001,117
CACGTGACTAATCCGAAACA_002,37
TGGCTCCAGATGTTGGTCAG_001,82
TGGCTCCAGATGTTGGTCAG_002,3
TGGCTCCAGATGTTGGTCAG_003,3
TGGCTCCAGATGTTGGTCAG_004,45
TGGCTCCAGATGTTGGTCAG_005,144
TGGCTCCAGATGTTGGTCAG_006,95
TGGCTCCAGATGTTGGTCAG_007,95
TGGCTCCAGATGTTGGTCAG_008,68
TGGCTCCAGATGTTGGTCAG_009,0
TGGCTCCAGATGTTGGTCAG_010,55
TGGCTCCAGATGTTGGTCAG_011,53
TGGCTCCAGATGTTGGTCAG_012,80
TGGCTCCAGATGTTGGTCAG_013,36
TGGCTCCAGATGTTGGTCAG_014,197
TGGCTCCAGATGTTGGTCAG_015,197
TGGCTCCAGATGTTGGTCAG_016,153
TGGCTCCAGATGTTGGTCAG_017,39
TGGCTCCAGATGTTGGTCAG_018,36
TGGCTCCAGATGTTGGTCAG_019,65
TGGCTCCAGATGTTGGTCAG_020,118
TGGCTCCAGATGTTGGTCAG_021,10
GGTAGCAAAACAGTGTACCC_001,147
GGTAGCAAAACAGTGTACCC_002,4
GGTAGCAAAACAGTGTACCC_003,114
AGTGGACCGTCTGCACACGC_001,119
AGTGGACCGTCTGCACACGC_002,74
AGTGGACCGTCTGCACACGC_003,27
AGTGGACCGTCTGCACACGC_004,88
AGTGGACCGTCTGCACACGC_005,187
AGTGGACCGTCTGCACACGC_006,123
AGTGGACCGTCTGCACACGC_007,29
AGTGGACCGTCTGCACACGC_008,140
AGTGGACCGTCTGCACACGC_009,195
AGTGGACCGTCTGCACACGC_010,120
AGTGGACCGTCTGCACACGC_011,33
AGTGGACCGTCTGCACACGC_012,98
AGTGGACCGTCTGCACACGC_013,1
AGTGGACCGTCTGCACACGC_014,29
AGTGGACCGTCTGCACACGC_015,188
AGTGGACCGTCTGCACACGC_016,47
AGTGGACCGTCTGCACACGC_017,97
AGTGGACCGTCTGCACACGC_018,150
AGTGGACCGTCTGCACACGC_019,144
TGTGATATACAACGAACAGA_001,79
TGTGATATACAACGAACAGA_002,88
TGTGATATACAACGAACAGA_003,176
TGTGATATACAACGAACAGA_004,199
TGTGATATACAACGAACAGA_005,137
CTGTACGAGTATGCGCGCGA_001,49
CTGTACGAGTATGCGCGCGA_002,70
CTGTACGAGTATGCGCGCGA_003,117
CTGTACGAGTATGCGCGCGA_004,39
CTGTACGAGTATGCGCGCGA_005,161
CTGTACGAGTATGCGCGCGA_006,147
CTGTACGAGTATGCGCGCGA_007,46
CTGTACGAGTATGCGCGCGA_008,134
CTGTACGAGTATGCGCGCGA_009,77
CTGTACGAGTATGCGCGCGA_010,13
CTGTACGAGTATGCGCGCGA_011,128
CTGTACGAGTATGCGCGCGA_012,15
CTGTACGAGTATGCGCGCGA_013,85
CTGTACGAGTATGCGCGCGA_014,160
CTGTACGAGTATGCGCGCGA_015,75
CTGTACGAGTATGCGCGCGA_016,165
CTGTACGAGTATGCGCGCGA_017,41
CTGTACGAGTATGCGCGCGA_018,41
CTGTACGAGTATGCGCGCGA_019,68
CTGTACGAGTATGCGCGCGA_020,106
CTGTACGAGTATGCGCGCGA_021,48
CTGTACGAGTATGCGCGCGA_022,27
CTGTACGAGTATGCGCGCGA_023,13
CTGTACGAGTATGCGCGCGA_024,10
CTGTACGAGTATGCGCGCGA_025,18
CTGCTCTACTTGTCACTGGG_001,129
CTGCTCTACTTGTCACTGGG_002,54
CTGCTCTACTTGTCACTGGG_003,58
CTGCTCTACTTGTCACTGGG_004,0
TATTCAGTCTAAAAGCAGCA_001,37
TATTCAGTCTAAAAGCAGCA_002,88
TATTCAGTCTAAAAGCAGCA_003,12
TATTCAGTCTAAAAGCAGCA_004,149
TATTCAGTCTAAAAGCAGCA_005,78
AAGATGACAAAGCCTTCGTA_001,70
AAGATGACAAAGCCTTCGTA_002,83
AAGATGACAAAGCCTTCGTA_003,129
AAGATGACAAAGCCTTCGTA_004,117
AAGATGACAAAGCCTTCGTA_005,190
ATGACTGTGGTTGACAACCA_001,26
ATGACTGTGGTTGACAACCA_002,158
ATGACTGTGGTTGACAACCA_003,185
ATGACTGTGGTTGACAACCA_004,46
ATGACTGTGGTTGACAACCA_005,6
ATGACTGTGGTTGACAACCA_006,111
ATGACTGTGGTTGACAACCA_007,50
ATGACTGTGGTTGACAACCA_008,48
ATGACTGTGGTTGACAACCA_009,42
ATGACTGTGGTTGACAACCA_010,8
ATGACTGTGGTTGACAACCA_011,189
CCAGTGGCTTTGGACAACAT_001,50
CCAGTGGCTTTGGACAACAT_002,117
CCAGTGGCTTTGGACAACAT_003,121
CCAGTGGCTTTGGACAACAT_004,191
CCAGTGGCTTTGGACAACAT_005,112
CCAGTGGCTTTGGACAACAT_006,33
CCAGTGGCTTTGGACAACAT_007,184
CCAGTGGCTTTGGACAACAT_008,120
CCAGTGGCTTTGGACAACAT_009,78
CCAGTGGCTTTGGACAACAT_010,64
CCAGTGGCTTTGGACAACAT_011,64
CCAGTGGCTTTGGACAACAT_012,185
CCAGTGGCTTTGGACAACAT_013,19
CCAGTGGCTTTGGACAACAT_014,50
CCAGTGGCTTTGGACAACAT_015,194
CTGGTGCACAGTTTCACCGA_001,74
CTGGTGCACAGTTTCACCGA_002,96
GATGACAAGAAAAAAAACAG_001,110
GATGACAAGAAAAAAAACAG_002,138
GATGACAAGAAAAAAAACAG_003,29
GATGACAAGAAAAAAAACAG_004,23
GATGACAAGAAAAAAAACAG_005,95
GATGACAAGAAAAAAAACAG_006,2
GATGACAAGAAAAAAAACAG_007,150
GATGACAAGAAAAAAAACAG_008,50
GATGACAAGAAAAAAAACAG_009,147
GATGACAAGAAAAAAAACAG_010,58
GATGACAAGAAAAAAAACAG_011,157
GATGACAAGAAAAAAAACAG_012,191
GATGACAAGAAAAAAAACAG_013,13
GATGACAAGAAAAAAAACAG_014,0
GATGACAAGAAAAAAAACAG_015,158
GATGACAAGAAAAAAAACAG_016,147
GATGACAAGAAAAAAAACAG_017,168
GATGACAAGAAAAAAAACAG_018,47
GATGACAAGAAAAAAAACAG_019,108
GATGACAAGAAAAAAAACAG_020,33
GATGACAAGAAAAAAAACAG_021,95
GATGACAAGAAAAAAAACAG_022,184
GATGACAAGAAAAAAAACAG_023,115
GATGACAAGAAAAAAAACAG_024,149
GATGACAAGAAAAAAAACAG_025,147
GATGACAAGAAAAAAAACAG_026,133
GATGACAAGAAAAAAAACAG_027,17
GATGACAAGAAAAAAAACAG_028,102
GATGACAAGAAAAAAAACAG_029,175
GATGACAAGAAAAAAAACAG_030,50
GATGACAAGAAAAAAAACAG_031,193
GATGACAAGAAAAAAAACAG_032,128
GATGACAAGAAAAAAAACAG_033,112
GATGACAAGAAAAAAAACAG_034,46
GATGACAAGAAAAAAAACAG_035,181
GATGACAAGAAAAAAAACAG_036,113
GATGACAAGAAAAAAAACAG_037,24
GATGACAAGAAAAAAAACAG_038,23
GATGACAAGAAAAAAAACAG_039,17
GATGACAAGAAAAAAAACAG_040,26
GATGACAAGAAAAAAAACAG_041,176
GATGACAAGAAAAAAAACAG_042,187
GATGACAAGAAAAAAAACAG_043,122
GATGACAAGAAAAAAAACAG_044,88
GATGACAAGAAAAAAAACAG_045,10
GATGACAAGAAAAAAAACAG_046,109
GATGACAAGAAAAAAAACAG_047,136
GATGACAAGAAAAAAAACAG_048,32
GATGACAAGAAAAAAAACAG_049,114
GATGACAAGAAAAAAAACAG_050,20
GATGACAAGAAAAAAAACAG_051,28
GATGACAAGAAAAAAAACAG_052,30
GATGACAAGAAAAAAAACAG_053,63
GATGACAAGAAAAAAAACAG_054,187
GATGACAAGAAAAAAAACAG_055,180
GATGACAAGAAAAAAAACAG_056,149
GATGACAAGAAAAAAAACAG_057,31
GATGACAAGAAAAAAAACAG_058,57
GATGACAAGAAAAAAAACAG_059,35
GATGACAAGAAAAAAAACAG_060,34
GATGACAAGAAAAAAAACAG_061,147
GATGACAAGAAAAAAAACAG_062,166
GATGACAAGAAAAAAAACAG_063,63
TCTACCGGGAGTTGGCTCGG_001,164
TCTACCGGGAGTTGGCTCGG_002,177
TCTACCGGGAGTTGGCTCGG_003,101
TCTACCGGGAGTTGGCTCGG_004,127
TCTACCGGGAGTTGGCTCGG_005,138
TCTACCGGGAGTTGGCTCGG_006,98
TCTACCGGGAGTTGGCTCGG_007,30
TCTACCGGGAGTTGGCTCGG_008,118
TCTACCGGGAGTTGGCTCGG_009,92
TCTACCGGGAGTTGGCTCGG_010,0
TCTACCGGGAGTTGGCTCGG_011,56
TCTACCGGGAGTTGGCTCGG_012,85
TCTACCGGGAGTTGGCTCGG_013,177
TCTACCGGGAGTTGGCTCGG_014,24
TCTACCGGGAGTTGGCTCGG_015,63
TCTACCGGGAGTTGGCTCGG_016,64
TCTACCGGGAGTTGGCTCGG_017,193
TCTACCGGGAGTTGGCTCGG_018,103
TCTACCGGGAGTTGGCTCGG_019,162
TCTACCGGGAGTTGGCTCGG_020,6
TCTACCGGGAGTTGGCTCGG_021,86
TCTACCGGGAGTTGGCTCGG_022,138
TCTACCGGGAGTTGGCTCGG_023,23
TCTACCGGGAGTTGGCTCGG_024,62
TCTACCGGGAGTTGGCTCGG_025,35
TCTACCGGGAGTTGGCTCGG_026,8
TCTACCGGGAGTTGGCTCGG_027,196
TGTCCAGTGGAAAGGTAACG_001,166
TGTCCAGTGGAAAGGTAACG_002,134
TGTCCAGTGGAAAGGTAACG_003,77
AGAGGAAGCGGGGATCCGCG_001,146
AGAGGAAGCGGGGATCCGCG_002,140
AGAGGAAGCGGGGATCCGCG_003,150
AGAGGAAGCGGGGATCCGCG_004,29
AGAGGAAGCGGGGATCCGCG_005,148
AGAGGAAGCGGGGATCCGCG_006,58
AGAGGAAGCGGGGATCCGCG_007,175
AGAGGAAGCGGGGATCCGCG_008,46
AGAGGAAGCGGGGATCCGCG_009,8
AGAGGAAGCGGGGATCCGCG_010,184
AGAGGAAGCGGGGATCCGCG_011,137
AGAGGAAGCGGGGATCCGCG_012,148
ATTGATGTAAAACTGTGACA_001,70
ATTGATGTAAAACTGTGACA_002,153
ATTGATGTAAAACTGTGACA_003,48
ATTGATGTAAAACTGTGACA_004,57
ATTGATGTAAAACTGTGACA_005,127
ATTGATGTAAAACTGTGACA_006,176
GTCGGCCACAAACTTGTCGG_001,1
GTCGGCCACAAACTTGTCGG_002,6
GTCGGCCACAAACTTGTCGG_003,9
GTCGGCCACAAACTTGTCGG_004,150
GTCGGCCACAAACTTGTCGG_005,187
GTCGGCCACAAACTTGTCGG_006,58
GTCGGCCACAAACTTGTCGG_007,141
GTCGGCCACAAACTTGTCGG_008,140
GTCGGCCACAAACTTGTCGG_009,88
TCCCATAGGTTCTCAACAGG_001,68
TCCCATAGGTTCTCAACAGG_002,50
TCCCATAGGTTCTCAACAGG_003,81
TCCCATAGGTTCTCAACAGG_004,14
TCCCATAGGTTCTCAACAGG_005,180
CCACATCGATCACGTACTTG_001,65
CCACATCGATCACGTACTTG_002,120
CCACATCGATCACGTACTTG_003,78
CCACATCGATCACGTACTTG_004,116
CCTGGTACAAGACATAATGG_001,114
CCTGGTACAAGACATAATGG_002,105
CCTGGTACAAGACATAATGG_003,199
CCTGGTACAAGACATAATGG_004,52
GCTTTGAAGAGAGTAAGACC_001,198
GCTTTGAAGAGAGTAAGACC_002,181
GCTTTGAAGAGAGTAAGACC_003,55
GCTTTGAAGAGAGTAAGACC_004,145
GCTTTGAAGAGAGTAAGACC_005,34
GCTTTGAAGAGAGTAAGACC_006,81
GCTTTGAAGAGAGTAAGACC_007,48
GCTTTGAAGAGAGTAAGACC_008,48
TCGGGCCTATAATTGGGCCT_001,85
TCGGGCCTATAATTGGGCCT_002,115
TCGGGCCTATAATTGGGCCT_003,16
AGTCATCGTCAGGACTACAA_001,127
AGTCATCGTCAGGACTACAA_002,140
AGTCATCGTCAGGACTACAA_003,46
AGTCATCGTCAGGACTACAA_004,100
AGTCATCGTCAGGACTACAA_005,93
AGTCATCGTCAGGACTACAA_006,198
AGTCATCGTCAGGACTACAA_007,125
AGTCATCGTCAGGACTACAA_008,48
AGTCATCGTCAGGACTACAA_009,44
GGCCCATCGACAGAGTGCCA_001,169
GGCCCATCGACAGAGTGCCA_002,18
GGCCCATCGACAGAGTGCCA_003,106
GGCCCATCGACAGAGTGCCA_004,7
GGCCCATCGACAGAGTGCCA_005,7
GGCCCATCGACAGAGTGCCA_006,158
TAGTTTACATGCATTATCCA_001,10
TAGTTTACATGCATTATCCA_002,70
TAGTTTACATGCATTATCCA_003,25
TAGACGACCTACCTGCGCTG_001,27
TAGACGACCTACCTGCGCTG_002,113
TAGACGACCTACCTGCGCTG_003,163
TAGACGACCTACCTGCGCTG_004,76
TAGACGACCTACCTGCGCTG_005,110
TAGACGACCTACCTGCGCTG_006,133
TAGACGACCTACCTGCGCTG_007,60
TAGACGACCTACCTGCGCTG_008,186
TAGACGACCTACCTGCGCTG_009,42
TAGACGACCTACCTGCGCTG_010,142
TAGACGACCTACCTGCGCTG_011,173
TAGACGACCTACCTGCGCTG_012,70
TGGACTGGTTGTGGCCCTGG_001,113
TGGACTGGTTGTGGCCCTGG_002,22
TGGACTGGTTGTGGCCCTGG_003,89
TGGACTGGTTGTGGCCCTGG_004,43
TGGACTGGTTGTGGCCCTGG_005,38
TGGACTGGTTGTGGCCCTGG_006,118
GGGATGTATCCACCCCCAGG_001,146
GGGATGTATCCACCCCCAGG_002,5
GGGATGTATCCACCCCCAGG_003,81
GGGATGTATCCACCCCCAGG_004,61
GGGATGTATCCACCCCCAGG_005,199
GGGATGTATCCACCCCCAGG_006,19
GGGATGTATCCACCCCCAGG_007,81
ATCACCAACCTCCGGCCCGT_001,76
ATCACCAACCTCCGGCCCGT_002,122
ATCACCAACCTCCGGCCCGT_003,51
ATCACCAACCTCCGGCCCGT_004,170
ATCACCAACCTCCGGCCCGT_005,105
ATCACCAACCTCCGGCCCGT_006,184
ATCACCAACCTCCGGCCCGT_007,170
ATCACCAACCTCCGGCCCGT_008,122
ATCACCAACCTCCGGCCCGT_009,138
ATCACCAACCTCCGGCCCGT_010,174
ATCACCAACCTCCGGCCCGT_011,68
ATCACCAACCTCCGGCCCGT_012,176
ATCACCAACCTCCGGCCCGT_013,13
ATCACCAACCTCCGGCCCGT_014,37
ATCACCAACCTCCGGCCCGT_015,91
ATCACCAACCTCCGGCCCGT_016,170
ATCACCAACCTCCGGCCCGT_017,61
ATCACCAACCTCCGGCCCGT_018,70
ATCACCAACCTCCGGCCCGT_019,151
ATCACCAACCTCCGGCCCGT_020,136
ATCACCAACCTCCGGCCCGT_021,105
ATCACCAACCTCCGGCCCGT_022,169
ATCACCAACCTCCGGCCCGT_023,77
ATCACCAACCTCCGGCCCGT_024,168
ATCACCAACCTCCGGCCCGT_025,40
ATCACCAACCTCCGGCCCGT_026,74
ATCACCAACCTCCGGCCCGT_027,112
ATCACCAACCTCCGGCCCGT_028,24
ATCACCAACCTCCGGCCCGT_029,129
ATCACCAACCTCCGGCCCGT_030,164
ATCACCAACCTCCGGCCCGT_031,1
ATCACCAACCTCCGGCCCGT_032,191
ATCACCAACCTCCGGCCCGT_033,50
ATCACCAACCTCCGGCCCGT_034,188
ATCACCAACCTCCGGCCCGT_035,188
ATCACCAACCTCCGGCCCGT_036,157
ATCACCAACCTCCGGCCCGT_037,160
ATCACCAACCTCCGGCCCGT_038,147
ATCACCAACCTCCGGCCCGT_039,27
AATTTCAAACCAGTGAGCCT_001,14
AATTTCAAACCAGTGAGCCT_002,129
AATTTCAAACCAGTGAGCCT_003,6
AATTTCAAACCAGTGAGCCT_004,35
AATTTCAAACCAGTGAGCCT_005,88
AATTTCAAACCAGTGAGCCT_006,2
TTCAGGTAGAGCATAGCTTG_001,144
TTCAGGTAGAGCATAGCTTG_002,118
TTCAGGTAGAGCATAGCTTG_003,81
TTCAGGTAGAGCATAGCTTG_004,162
TTCAGGTAGAGCATAGCTTG_005,62
TTCAGGTAGAGCATAGCTTG_006,33
CACAGAAGTCCATCCCCACG_001,163
CACAGAAGTCCATCCCCACG_002,139
CACAGAAGTCCATCCCCACG_003,55
CACAGAAGTCCATCCCCACG_004,101
CACAGAAGTCCATCCCCACG_005,11
CACAGAAGTCCATCCCCACG_006,127
CACAGAAGTCCATCCCCACG_007,118
CAGGCGTCCCTCCATCAGAG_001,1
CAGGCGTCCCTCCATCAGAG_002,76
CAGGCGTCCCTCCATCAGAG_003,32
CAGGCGTCCCTCCATCAGAG_004,181
CAGGCGTCCCTCCATCAGAG_005,102
CAGGCGTCCCTCCATCAGAG_006,83
CAGGCGTCCCTCCATCAGAG_007,131
CAGGCGTCCCTCCATCAGAG_008,124
CAGGCGTCCCTCCATCAGAG_009,13
AATGTACAAAAACTCTGCGA_001,83
AATGTACAAAAACTCTGCGA_002,83
AATGTACAAAAACTCTGCGA_003,19
AATGTACAAAAACTCTGCGA_004,177
AATGTACAAAAACTCTGCGA_005,194
AATGTACAAAAACTCTGCGA_006,34
AATGTACAAAAACTCTGCGA_007,44
AATGTACAAAAACTCTGCGA_008,101
ATAACTCATTACATACGGGG_001,155
ACTGATGCATCGGCCACAAG_001,77
ACTGATGCATCGGCCACAAG_002,76
ACTGATGCATCGGCCACAAG_003,156
ACTGATGCATCGGCCACAAG_004,147
ACTGATGCATCGGCCACAAG_005,17
ACTGATGCATCGGCCACAAG_006,71
ACTGATGCATCGGCCACAAG_007,75
ACTGATGCATCGGCCACAAG_008,16
ACTGATGCATCGGCCACAAG_009,113
ACTGATGCATCGGCCACAAG_010,112
ACTGATGCATCGGCCACAAG_011,8
ACTGATGCATCGGCCACAAG_012,24
ACTGATGCATCGGCCACAAG_013,102
ACTGATGCATCGGCCACAAG_014,198
ACTGATGCATCGGCCACAAG_015,63
ACTGATGCATCGGCCACAAG_016,39
ACTGATGCATCGGCCACAAG_017,15
ACTGATGCATCGGCCACAAG_018,111
CAGCTAATGAACTTGTGTCT_001,88
CAGCTAATGAACTTGTGTCT_002,198
TTCACAGGGCTGTATCACAT_001,127
TTCACAGGGCTGTATCACAT_002,148
TTCACAGGGCTGTATCACAT_003,102
TTCACAGGGCTGTATCACAT_004,130
TTCACAGGGCTGTATCACAT_005,20
CCAGGGTGGAAATTGCACAG_001,62
CCAGGGTGGAAATTGCACAG_002,49
CCAGGGTGGAAATTGCACAG_003,34
CCAGGGTGGAAATTGCACAG_004,91
CCAGGGTGGAAATTGCACAG_005,120
CCAGGGTGGAAATTGCACAG_006,70
CCAGGGTGGAAATTGCACAG_007,94
CCAGGGTGGAAATTGCACAG_008,169
CCAGGGTGGAAATTGCACAG_009,28
CCAGGGTGGAAATTGCACAG_010,118
CCAGGGTGGAAATTGCACAG_011,65
CCAGGGTGGAAATTGCACAG_012,160
CCAGGGTGGAAATTGCACAG_013,29
CCAGGGTGGAAATTGCACAG_014,160
CCAGGGTGGAAATTGCACAG_015,37
CCAGGGTGGAAATTGCACAG_016,34
CCAGGGTGGAAATTGCACAG_017,41
CCAGGGTGGAAATTGCACAG_018,68
ATGTGGTAAGCAAAGTGGTG_001,76
ATGTGGTAAGCAAAGTGGTG_002,50
ATGTGGTAAGCAAAGTGGTG_003,82
ATGTGGTAAGCAAAGTGGTG_004,169
ATGTGGTAAGCAAAGTGGTG_005,148
ATGTGGTAAGCAAAGTGGTG_006,110
ATGTGGTAAGCAAAGTGGTG_007,195
ATGTGGTAAGCAAAGTGGTG_008,162
ATGTGGTAAGCAAAGTGGTG_009,35
ATGTGGTAAGCAAAGTGGTG_010,171
ATGTGGTAAGCAAAGTGGTG_011,76
ATGTGGTAAGCAAAGTGGTG_012,182
ATGTGGTAAGCAAAGTGGTG_013,156
ATGTGGTAAGCAAAGTGGTG_014,106
ATGTGGTAAGCAAAGTGGTG_015,80
GCTGGGGGACAACATAGAAG_001,182
GCTGGGGGACAACATAGAAG_002,115
GCTGGGGGACAACATAGAAG_003,56
GCTGGGGGACAACATAGAAG_004,48
GCTGGGGGACAACATAGAAG_005,61
GCTGGGGGACAACATAGAAG_006,83
GCTGGGGGACAACATAGAAG_007,198
GCTGGGGGACAACATAGAAG_008,100
TGGAGGCATTCCTACTTACG_001,149
ACCTATAGCTACTGGATATG_001,73
ACCTATAGCTACTGGATATG_002,31
ACCTATAGCTACTGGATATG_003,1
ACCTATAGCTACTGGATATG_004,37
ACCTATAGCTACTGGATATG_005,188
ACCTATAGCTACTGGATATG_006,100
ACCTATAGCTACTGGATATG_007,61
ACCTATAGCTACTGGATATG_008,56
AGTGGCCTAGTTCTAAACTA_001,103
GCTCCTTGCAAAAAGGCCAG_001,178
GCTCCTTGCAAAAAGGCCAG_002,161
GCTCCTTGCAAAAAGGCCAG_003,105
GCTCCTTGCAAAAAGGCCAG_004,161
GCTCCTTGCAAAAAGGCCAG_005,141
GCTCCTTGCAAAAAGGCCAG_006,190
GCTCCTTGCAAAAAGGCCAG_007,91
GCTCCTTGCAAAAAGGCCAG_008,89
GCTCCTTGCAAAAAGGCCAG_009,50
GCTCCTTGCAAAAAGGCCAG_010,61
GCTCCTTGCAAAAAGGCCAG_011,62
GCTCCTTGCAAAAAGGCCAG_012,141
GCTCCTTGCAAAAAGGCCAG_013,88
GCTCCTTGCAAAAAGGCCAG_014,91
GCTCCTTGCAAAAAGGCCAG_015,94
CAGGCGCGTATGCCCGACAG_001,174
CAGGCGCGTATGCCCGACAG_002,41
CAGGCGCGTATGCCCGACAG_003,93
CAGGCGCGTATGCCCGACAG_004,169
CAGGCGCGTATGCCCGACAG_005,192
CAGGCGCGTATGCCCGACAG_006,146
AGTACGCTTGCCCATACTAG_001,88
AGTACGCTTGCCCATACTAG_002,70
CCTACCTGATGACACGAGTG_001,174
CCTACCTGATGACACGAGTG_002,147
CCTACCTGATGACACGAGTG_003,113
CCTACCTGATGACACGAGTG_004,106
GAACAAGGGAGTGCTCCCAA_001,170
GAACAAGGGAGTGCTCCCAA_002,62
GAACAAGGGAGTGCTCCCAA_003,121
GAACAAGGGAGTGCTCCCAA_004,85
GAACAAGGGAGTGCTCCCAA_005,158
GAACAAGGGAGTGCTCCCAA_006,45
GAACAAGGGAGTGCTCCCAA_007,184
GAACAAGGGAGTGCTCCCAA_008,183
GAACAAGGGAGTGCTCCCAA_009,9
GAACAAGGGAGTGCTCCCAA_010,120
GAACAAGGGAGTGCTCCCAA_011,106
GAACAAGGGAGTGCTCCCAA_012,80
GAACAAGGGAGTGCTCCCAA_013,30
GAACAAGGGAGTGCTCCCAA_014,134
GAACAAGGGAGTGCTCCCAA_015,141
TGCAGTCGCGCTGAGCGTCA_001,5
TGCAGTCGCGCTGAGCGTCA_002,112
TGCAGTCGCGCTGAGCGTCA_003,115
TGCAGTCGCGCTGAGCGTCA_004,170
TGCAGTCGCGCTGAGCGTCA_005,48
TGCAGTCGCGCTGAGCGTCA_006,78
TGCAGTCGCGCTGAGCGTCA_007,63
TGCAGTCGCGCTGAGCGTCA_008,60
TGCAGTCGCGCTGAGCGTCA_009,167
TGCAGTCGCGCTGAGCGTCA_010,167
TGCAGTCGCGCTGAGCGTCA_011,134
TGCAGTCGCGCTGAGCGTCA_012,15
TGCAGTCGCGCTGAGCGTCA_013,128
TGCAGTCGCGCTGAGCGTCA_014,170
TGCAGTCGCGCTGAGCGTCA_015,117
TGCAGTCGCGCTGAGCGTCA_016,30
TGCAGTCGCGCTGAGCGTCA_017,76
TGCAGTCGCGCTGAGCGTCA_018,140
TGCAGTCGCGCTGAGCGTCA_019,34
TGCAGTCGCGCTGAGCGTCA_020,130
TGCAGTCGCGCTGAGCGTCA_021,107
TGCAGTCGCGCTGAGCGTCA_022,117
TGCAGTCGCGCTGAGCGTCA_023,94
TGCAGTCGCGCTGAGCGTCA_024,5
TGCAGTCGCGCTGAGCGTCA_025,68
TGCAGTCGCGCTGAGCGTCA_026,162
TGCAGTCGCGCTGAGCGTCA_027,131
TGCAGTCGCGCTGAGCGTCA_028,145
TGCAGTCGCGCTGAGCGTCA_029,82
TGCAGTCGCGCTGAGCGTCA_030,167
TGCAGTCGCGCTGAGCGTCA_031,63
TGCAGTCGCGCTGAGCGTCA_032,27
TGCAGTCGCGCTGAGCGTCA_033,199
TGCAGTCGCGCTGAGCGTCA_034,2
TGCAGTCGCGCTGAGCGTCA_035,6
TGCAGTCGCGCTGAGCGTCA_036,49
TGCAGTCGCGCTGAGCGTCA_037,118
TGCAGTCGCGCTGAGCGTCA_038,175
TGCAGTCGCGCTGAGCGTCA_039,177
TGCAGTCGCGCTGAGCGTCA_040,174
GGAGAGCTGCGTGGACACTA_001,22
GGAGAGCTGCGTGGACACTA_002,82
GGAGAGCTGCGTGGACACTA_003,191
GGAGAGCTGCGTGGACACTA_004,193
GGAGAGCTGCGTGGACACTA_005,4
GGAGAGCTGCGTGGACACTA_006,185
GGAGAGCTGCGTGGACACTA_007,68
GGAGAGCTGCGTGGACACTA_008,93
GGAGAGCTGCGTGGACACTA_009,166
GGAGAGCTGCGTGGACACTA_010,41
GGAGAGCTGCGTGGACACTA_011,113
GCCCAGCGTCTACCGCAACG_001,3
GCCCAGCGTCTACCGCAACG_002,5
GCCCAGCGTCTACCGCAACG_003,126
GCCCAGCGTCTACCGCAACG_004,121
GCCCAGCGTCTACCGCAACG_005,147
TTGACAAACAGTCATCACAA_001,151
TTGACAAACAGTCATCACAA_002,15
TTGACAAACAGTCATCACAA_003,88
TTGACAAACAGTCATCACAA_004,161
TTGACAAACAGTCATCACAA_005,40
TTGACAAACAGTCATCACAA_006,166
TTGACAAACAGTCATCACAA_007,34
AATGCCCTGACTACCTCGAG_001,124
AATGCCCTGACTACCTCGAG_002,82
AATGCCCTGACTACCTCGAG_003,98
AATGCCCTGACTACCTCGAG_004,65
AATGCCCTGACTACCTCGAG_005,55
AATGCCCTGACTACCTCGAG_006,118
AATGCCCTGACTACCTCGAG_007,105
AATGCCCTGACTACCTCGAG_008,78
AATGCCCTGACTACCTCGAG_009,171
AATGCCCTGACTACCTCGAG_010,191
AATGCCCTGACTACCTCGAG_011,34
AATGCCCTGACTACCTCGAG_012,49
AATGCCCTGACTACCTCGAG_013,142
AATGCCCTGACTACCTCGAG_014,136
AATGCCCTGACTACCTCGAG_015,127
AATGCCCTGACTACCTCGAG_016,121
AATGCCCTGACTACCTCGAG_017,144
AATGCCCTGACTACCTCGAG_018,52
AATGCCCTGACTACCTCGAG_019,160
GGAATACCATCTCATGGTCA_001,86
GGAATACCATCTCATGGTCA_002,136
GGTCAGCCTATGGTTTGCAG_001,179
GGTCAGCCTATGGTTTGCAG_002,174
GGTCAGCCTATGGTTTGCAG_003,57
GGTCAGCCTATGGTTTGCAG_004,81
GGTCAGCCTATGGTTTGCAG_005,184
GGTCAGCCTATGGTTTGCAG_006,94
GGTCAGCCTATGGTTTGCAG_007,102
GGTCAGCCTATGGTTTGCAG_008,19
GGTCAGCCTATGGTTTGCAG_009,146
TCATGATCTCTCGTTCACTG_001,114
GCAGAAGGATCAGACCACCA_001,84
GCAGAAGGATCAGACCACCA_002,113
GCAGAAGGATCAGACCACCA_003,145
GCAGAAGGATCAGACCACCA_004,137
GCAGAAGGATCAGACCACCA_005,171
GCAGAAGGATCAGACCACCA_006,196
TGAGTTTAGCACAGGACCTG_001,63
TGAGTTTAGCACAGGACCTG_002,28
TGAGTTTAGCACAGGACCTG_003,93
TGAGTTTAGCACAGGACCTG_004,171
TGAGTTTAGCACAGGACCTG_005,26
TGAGTTTAGCACAGGACCTG_006,26
TGAGTTTAGCACAGGACCTG_007,26
TGAGTTTAGCACAGGACCTG_008,151
TGAGTTTAGCACAGGACCTG_009,17
TGAGTTTAGCACAGGACCTG_010,88
TGAGTTTAGCACAGGACCTG_011,63
TGAGTTTAGCACAGGACCTG_012,56
TGAGTTTAGCACAGGACCTG_013,68
TGAGTTTAGCACAGGACCTG_014,5
TGAGTTTAGCACAGGACCTG_015,86
TTTCAAGAGAGTACCATTGG_001,160
TTTCAAGAGAGTACCATTGG_002,102
TTTCAAGAGAGTACCATTGG_003,58
TTTCAAGAGAGTACCATTGG_004,24
TTTCAAGAGAGTACCATTGG_005,96
TTTCAAGAGAGTACCATTGG_006,2
TTTCAAGAGAGTACCATTGG_007,196
ACCACTATCACTGTCAATGT_001,2
ACCACTATCACTGTCAATGT_002,16
AAGCTGCAGCAAGTTAGCAG_001,116
AAGCTGCAGCAAGTTAGCAG_002,146
AAGCTGCAGCAAGTTAGCAG_003,16
AAGCTGCAGCAAGTTAGCAG_004,82
AAGCTGCAGCAAGTTAGCAG_005,118
AAGCTGCAGCAAGTTAGCAG_006,115
AAGCTGCAGCAAGTTAGCAG_007,34
AAGCTGCAGCAAGTTAGCAG_008,26
AAGCTGCAGCAAGTTAGCAG_009,118
GCGAAGCTGCATATGCACGA_001,84
GCGAAGCTGCATATGCACGA_002,50
GCGAAGCTGCATATGCACGA_003,88
GCGAAGCTGCATATGCACGA_004,40
GCGAAGCTGCATATGCACGA_005,102
TACAGCATAAAATAAGTACG_001,42
TACAGCATAAAATAAGTACG_002,172
GAATTCTCTTATGTGTACGA_001,110
GAATTCTCTTATGTGTACGA_002,142
GGTCATGACTGCTATTCAAG_001,181
CACGAGAAAACCGAACCAGC_001,23
CACGAGAAAACCGAACCAGC_002,103
CACGAGAAAACCGAACCAGC_003,120
CACGAGAAAACCGAACCAGC_004,99
CACGAGAAAACCGAACCAGC_005,188
CCGAAGCGGGCAGTTCGCCG_001,144
CCGAAGCGGGCAGTTCGCCG_002,23
CCGAAGCGGGCAGTTCGCCG_003,141
CCGAAGCGGGCAGTTCGCCG_004,197
CCGAAGCGGGCAGTTCGCCG_005,155
CCGAAGCGGGCAGTTCGCCG_006,147
CCGAAGCGGGCAGTTCGCCG_007,68
CCGAAGCGGGCAGTTCGCCG_008,172
CCGAAGCGGGCAGTTCGCCG_009,140
CCGAAGCGGGCAGTTCGCCG_010,124
CCGAAGCGGGCAGTTCGCCG_011,167
CCTTGGCATCGGCTACCACG_001,172
CCTTGGCATCGGCTACCACG_002,37
CCTTGGCATCGGCTACCACG_003,134
CCTTGGCATCGGCTACCACG_004,136
CCTTGGCATCGGCTACCACG_005,108
CCTTGGCATCGGCTACCACG_006,161
CCTTGGCATCGGCTACCACG_007,111
CCTTGGCATCGGCTACCACG_008,84
CCTTGGCATCGGCTACCACG_009,22
CCTTGGCATCGGCTACCACG_010,169
CCTTGGCATCGGCTACCACG_011,37
GTCTTCAACACGTTGCAGGG_001,147
GTCTTCAACACGTTGCAGGG_002,50
GTCTTCAACACGTTGCAGGG_003,26
GTCTTCAACACGTTGCAGGG_004,175
GTCTTCAACACGTTGCAGGG_005,77
GTCTTCAACACGTTGCAGGG_006,62
TCTACCAGCTGATTCTCCGG_001,24
AAAACTGTCCATAGTGACCG_001,41
AAAACTGTCCATAGTGACCG_002,153
AAAACTGTCCATAGTGACCG_003,37
AAAACTGTCCATAGTGACCG_004,164
AAAACTGTCCATAGTGACCG_005,164
TGATGACCAAAGCAGTGACA_001,23
TGATGACCAAAGCAGTGACA_002,21
TGATGACCAAAGCAGTGACA_003,176
TGATGACCAAAGCAGTGACA_004,145
TGATGACCAAAGCAGTGACA_005,33
TGATGACCAAAGCAGTGACA_006,156
TGATGACCAAAGCAGTGACA_007,184
TGATGACCAAAGCAGTGACA_008,35
TGATGACCAAAGCAGTGACA_009,68
TGATGACCAAAGCAGTGACA_010,10
TGATGACCAAAGCAGTGACA_011,39
TGATGACCAAAGCAGTGACA_012,168
CAGTTTGGGACGGAGAAAGT_001,143
CAGTTTGGGACGGAGAAAGT_002,16
CAGTTTGGGACGGAGAAAGT_003,196
CTATAGATGGCATCAACCAG_001,88
CTATAGATGGCATCAACCAG_002,150
CTATAGATGGCATCAACCAG_003,155
CTATAGATGGCATCAACCAG_004,185
CTATAGATGGCATCAACCAG_005,64
CTATAGATGGCATCAACCAG_006,135
CTATAGATGGCATCAACCAG_007,156
CTATAGATGGCATCAACCAG_008,120
CTATAGATGGCATCAACCAG_009,157
CTATAGATGGCATCAACCAG_010,94
CTATAGATGGCATCAACCAG_011,116
GCTAAGCCTGTAGGTTAACA_001,65
GCTAAGCCTGTAGGTTAACA_002,8
GCTAAGCCTGTAGGTTAACA_003,40
GCTAAGCCTGTAGGTTAACA_004,177
GCTAAGCCTGTAGGTTAACA_005,177
GCTAAGCCTGTAGGTTAACA_006,144
GCTAAGCCTGTAGGTTAACA_007,40
GCTAAGCCTGTAGGTTAACA_008,198
GCTCAAGTTCGACGTGAAGA_001,161
GCTCAAGTTCGACGTGAAGA_002,166
GCTCAAGTTCGACGTGAAGA_003,60
GCTCAAGTTCGACGTGAAGA_004,1
GCTCAAGTTCGACGTGAAGA_005,182
GCTCAAGTTCGACGTGAAGA_006,191
GCTCAAGTTCGACGTGAAGA_007,116
GGCACACCAGGGTCAGAAGG_001,161
GGCACACCAGGGTCAGAAGG_002,6
GGCACACCAGGGTCAGAAGG_003,32
GGCACACCAGGGTCAGAAGG_004,115
GGCACACCAGGGTCAGAAGG_005,189
GGCACACCAGGGTCAGAAGG_006,172
GGCACACCAGGGTCAGAAGG_007,195
GGCACACCAGGGTCAGAAGG_008,2
GGCACACCAGGGTCAGAAGG_009,48
GGCACACCAGGGTCAGAAGG_010,13
GGCACACCAGGGTCAGAAGG_011,158
GGCACACCAGGGTCAGAAGG_012,40
GGCACACCAGGGTCAGAAGG_013,112
GGCACACCAGGGTCAGAAGG_014,146
GGCACACCAGGGTCAGAAGG_015,155
GCACCGCGTGCAACCCCACA_001,103
GCACCGCGTGCAACCCCACA_002,152
GCACCGCGTGCAACCCCACA_003,198
ACATGTCTAATCACAAATGG_001,69
ACATGTCTAATCACAAATGG_002,94
ACATGTCTAATCACAAATGG_003,171
ACATGTCTAATCACAAATGG_004,83
CCCGCCCGCTGACTGCACAT_001,1
CCCGCCCGCTGACTGCACAT_002,5
CCCGCCCGCTGACTGCACAT_003,48
CCCGCCCGCTGACTGCACAT_004,41
CCCGCCCGCTGACTGCACAT_005,50
CCCGCCCGCTGACTGCACAT_006,92
CCCGCCCGCTGACTGCACAT_007,129
CCCGCCCGCTGACTGCACAT_008,107
CCCGCCCGCTGACTGCACAT_009,187
CCCGCCCGCTGACTGCACAT_010,61
CCCGCCCGCTGACTGCACAT_011,42
CCCGCCCGCTGACTGCACAT_012,53
CCCGCCCGCTGACTGCACAT_013,189
CCCGCCCGCTGACTGCACAT_014,106
CCCGCCCGCTGACTGCACAT_015,147
ATAAATACTGTGGTGCAGAT_001,149
ATAAATACTGTGGTGCAGAT_002,175
ATAAATACTGTGGTGCAGAT_003,78
ATAAATACTGTGGTGCAGAT_004,163
ATAAATACTGTGGTGCAGAT_005,68
ATAAATACTGTGGTGCAGAT_006,137
ATAAATACTGTGGTGCAGAT_007,141
ATAAATACTGTGGTGCAGAT_008,58
ATAAATACTGTGGTGCAGAT_009,14
ATAAATACTGTGGTGCAGAT_010,2
ATAAATACTGTGGTGCAGAT_011,68
ATAAATACTGTGGTGCAGAT_012,52
ATAAATACTGTGGTGCAGAT_013,81
ATAAATACTGTGGTGCAGAT_014,199
AAGAGGTAGTGGATCTCTCG_001,28
AAGAGGTAGTGGATCTCTCG_002,80
AGGGCACCGCGATCCCAGTG_001,121
AGGGCACCGCGATCCCAGTG_002,40
AGGGCACCGCGATCCCAGTG_003,138
AGGGCACCGCGATCCCAGTG_004,13
AGGGCACCGCGATCCCAGTG_005,102
AGGGCACCGCGATCCCAGTG_006,162
AGGGCACCGCGATCCCAGTG_007,185
AGGGCACCGCGATCCCAGTG_008,146
AGGGCACCGCGATCCCAGTG_009,192
AGGGCACCGCGATCCCAGTG_010,160
AGGGCACCGCGATCCCAGTG_011,161
AGGGCACCGCGATCCCAGTG_012,92
AGGGCACCGCGATCCCAGTG_013,84
AGGGCACCGCGATCCCAGTG_014,118
AGGGCACCGCGATCCCAGTG_015,170
AGGGCACCGCGATCCCAGTG_016,138
AGGGCACCGCGATCCCAGTG_017,138
AGGGCACCGCGATCCCAGTG_018,96
AGGGCACCGCGATCCCAGTG_019,18
TAGATCCCCAAGTGTTCCCA_001,177
TAGATCCCCAAGTGTTCCCA_002,137
TAGATCCCCAAGTGTTCCCA_003,159
TAGATCCCCAAGTGTTCCCA_004,113
TAGATCCCCAAGTGTTCCCA_005,137
TAGATCCCCAAGTGTTCCCA_006,57
TAGATCCCCAAGTGTTCCCA_007,51
TAGATCCCCAAGTGTTCCCA_008,15
TAGATCCCCAAGTGTTCCCA_009,16
TAGATCCCCAAGTGTTCCCA_010,65
TAGATCCCCAAGTGTTCCCA_011,23
TAGATCCCCAAGTGTTCCCA_012,58
TAGATCCCCAAGTGTTCCCA_013,94
TAGATCCCCAAGTGTTCCCA_014,110
TAGATCCCCAAGTGTTCCCA_015,141
TAGATCCCCAAGTGTTCCCA_016,138
TAGATCCCCAAGTGTTCCCA_017,39
TAGATCCCCAAGTGTTCCCA_018,27
TAGATCCCCAAGTGTTCCCA_019,18
TAGATCCCCAAGTGTTCCCA_020,145
TAGATCCCCAAGTGTTCCCA_021,88
TAGATCCCCAAGTGTTCCCA_022,144
TAGATCCCCAAGTGTTCCCA_023,56
TAGATCCCCAAGTGTTCCCA_024,88
TAGATCCCCAAGTGTTCCCA_025,148
TAGATCCCCAAGTGTTCCCA_026,57
TAGATCCCCAAGTGTTCCCA_027,17
CCCGGCCCCCAATCCGCCAG_001,146
CCCGGCCCCCAATCCGCCAG_002,0
CCCGGCCCCCAATCCGCCAG_003,47
CCCGGCCCCCAATCCGCCAG_004,6
CCCGGCCCCCAATCCGCCAG_005,10
CCCGGCCCCCAATCCGCCAG_006,116
CCCGGCCCCCAATCCGCCAG_007,177
CCCGGCCCCCAATCCGCCAG_008,125
CCCGGCCCCCAATCCGCCAG_009,108
CCCGGCCCCCAATCCGCCAG_010,88
CCCGGCCCCCAATCCGCCAG_011,148
CCCGGCCCCCAATCCGCCAG_012,181
CCCGGCCCCCAATCCGCCAG_013,148
CCCGGCCCCCAATCCGCCAG_014,71
CCCGGCCCCCAATCCGCCAG_015,157
CCCGGCCCCCAATCCGCCAG_016,150
CCCGGCCCCCAATCCGCCAG_017,148
CCCGGCCCCCAATCCGCCAG_018,121
CCCGGCCCCCAATCCGCCAG_019,156
CCCGGCCCCCAATCCGCCAG_020,146
CCCGGCCCCCAATCCGCCAG_021,70
CCCGGCCCCCAATCCGCCAG_022,145
CCCGGCCCCCAATCCGCCAG_023,147
CCCGGCCCCCAATCCGCCAG_024,110
CCCGGCCCCCAATCCGCCAG_025,171
CCCGGCCCCCAATCCGCCAG_026,128
CCCGGCCCCCAATCCGCCAG_027,2
CCCGGCCCCCAATCCGCCAG_028,182
CCCGGCCCCCAATCCGCCAG_029,156
CCCGGCCCCCAATCCGCCAG_030,194
CCCGGCCCCCAATCCGCCAG_031,174
CCCGGCCCCCAATCCGCCAG_032,59
CCCGGCCCCCAATCCGCCAG_033,161
CCCGGCCCCCAATCCGCCAG_034,123
CCCGGCCCCCAATCCGCCAG_035,48
CCCGGCCCCCAATCCGCCAG_036,169
CCCGGCCCCCAATCCGCCAG_037,170
CCCGGCCCCCAATCCGCCAG_038,193
CCCGGCCCCCAATCCGCCAG_039,60
CCCGGCCCCCAATCCGCCAG_040,88
CCCGGCCCCCAATCCGCCAG_041,20
CCCGGCCCCCAATCCGCCAG_042,20
CCCGGCCCCCAATCCGCCAG_043,99
CCCGGCCCCCAATCCGCCAG_044,62
CCCGGCCCCCAATCCGCCAG_045,127
CCCGGCCCCCAATCCGCCAG_046,32
CCCGGCCCCCAATCCGCCAG_047,88
CCCGGCCCCCAATCCGCCAG_048,40
CCCGGCCCCCAATCCGCCAG_049,40
CCCGGCCCCCAATCCGCCAG_050,92
CCCGGCCCCCAATCCGCCAG_051,33
CCCGGCCCCCAATCCGCCAG_052,63
CCCGGCCCCCAATCCGCCAG_053,181
CCCGGCCCCCAATCCGCCAG_054,14
CCCGGCCCCCAATCCGCCAG_055,123
CCCGGCCCCCAATCCGCCAG_056,178
CCCGGCCCCCAATCCGCCAG_057,137
CCCGGCCCCCAATCCGCCAG_058,1
CCCGGCCCCCAATCCGCCAG_059,150
CCCGGCCCCCAATCCGCCAG_060,188
CCCGGCCCCCAATCCGCCAG_061,60
CCCGGCCCCCAATCCGCCAG_062,30
CCCGGCCCCCAATCCGCCAG_063,82
CCCGGCCCCCAATCCGCCAG_064,95
CCCGGCCCCCAATCCGCCAG_065,34
CCCGGCCCCCAATCCGCCAG_066,138
CCCGGCCCCCAATCCGCCAG_067,175
CCCGGCCCCCAATCCGCCAG_068,179
CCCGGCCCCCAATCCGCCAG_069,57
CCCGGCCCCCAATCCGCCAG_070,183
CCCGGCCCCCAATCCGCCAG_071,0
CCCGGCCCCCAATCCGCCAG_072,168
CCCGGCCCCCAATCCGCCAG_073,9
GATGGTCCCTCACCAAATAG_001,170
GATGGTCCCTCACCAAATAG_002,43
GATGGTCCCTCACCAAATAG_003,118
GATGGTCCCTCACCAAATAG_004,40
GATGGTCCCTCACCAAATAG_005,176
GATGGTCCCTCACCAAATAG_006,24
GATGGTCCCTCACCAAATAG_007,177
GATGGTCCCTCACCAAATAG_008,12
GATGGTCCCTCACCAAATAG_009,22
GATGGTCCCTCACCAAATAG_010,197
GATGGTCCCTCACCAAATAG_011,160
GATGGTCCCTCACCAAATAG_012,30
GATGGTCCCTCACCAAATAG_013,171
GATGGTCCCTCACCAAATAG_014,124
GGTTCTCGTGCAGCAAAAGA_001,118
GGTTCTCGTGCAGCAAAAGA_002,42
GGTTCTCGTGCAGCAAAAGA_003,43
AGTATGTCTACCTTCGGCAG_001,162
AGTATGTCTACCTTCGGCAG_002,61
AGTATGTCTACCTTCGGCAG_003,150
AGTATGTCTACCTTCGGCAG_004,88
AGTATGTCTACCTTCGGCAG_005,48
AGTATGTCTACCTTCGGCAG_006,169
AGTATGTCTACCTTCGGCAG_007,190
AGTATGTCTACCTTCGGCAG_008,67
AGTATGTCTACCTTCGGCAG_009,19
AGTATGTCTACCTTCGGCAG_010,72
AAGAAATGGTGGTGTATGGG_001,35
AAGAAATGGTGGTGTATGGG_002,149
AAGAAATGGTGGTGTATGGG_003,161
AAGAAATGGTGGTGTATGGG_004,44
AAGAAATGGTGGTGTATGGG_005,62
AAGAAATGGTGGTGTATGGG_006,35
AAGAAATGGTGGTGTATGGG_007,150
AAGAAATGGTGGTGTATGGG_008,7
AAGAAATGGTGGTGTATGGG_009,104
AAGAAATGGTGGTGTATGGG_010,50
AAGAAATGGTGGTGTATGGG_011,168
AAGAAATGGTGGTGTATGGG_012,127
AAGAAATGGTGGTGTATGGG_013,29
AAGAAATGGTGGTGTATGGG_014,140
AAGAAATGGTGGTGTATGGG_015,141
AAGAAATGGTGGTGTATGGG_016,13
AAGAAATGGTGGTGTATGGG_017,21
AAGAAATGGTGGTGTATGGG_018,31
AAGAAATGGTGGTGTATGGG_019,40
AAGAAATGGTGGTGTATGGG_020,166
AAGAAATGGTGGTGTATGGG_021,149
CTGTGTTGGCTGCATCGAAG_001,182
CTGTGTTGGCTGCATCGAAG_002,70
CTGTGTTGGCTGCATCGAAG_003,146
CTGTGTTGGCTGCATCGAAG_004,144
CTGTGTTGGCTGCATCGAAG_005,157
CTGTGTTGGCTGCATCGAAG_006,115
GATGTTACTTCAATATCCTG_001,185
CTGTGTCAGACACCCAGCAT_001,83
CTGTGTCAGACACCCAGCAT_002,137
CTGTGTCAGACACCCAGCAT_003,45
CTGTGTCAGACACCCAGCAT_004,154
CTGTGTCAGACACCCAGCAT_005,176
CTGTGTCAGACACCCAGCAT_006,77
CTGTGTCAGACACCCAGCAT_007,116
CTGTGTCAGACACCCAGCAT_008,48
CTGTGTCAGACACCCAGCAT_009,59
CTGTGTCAGACACCCAGCAT_010,141
CTGTGTCAGACACCCAGCAT_011,58
CTGTGTCAGACACCCAGCAT_012,36
CTGTGTCAGACACCCAGCAT_013,85
CTGTGTCAGACACCCAGCAT_014,12
CTGTGTCAGACACCCAGCAT_015,139
CTGTGTCAGACACCCAGCAT_016,64
CTGTGTCAGACACCCAGCAT_017,78
CTGTGTCAGACACCCAGCAT_018,107
CTGTGTCAGACACCCAGCAT_019,0
CTGTGTCAGACACCCAGCAT_020,6
CTGTGTCAGACACCCAGCAT_021,106
CTGTGTCAGACACCCAGCAT_022,180
CTGTGTCAGACACCCAGCAT_023,119
CTGTGTCAGACACCCAGCAT_024,81
CTGTGTCAGACACCCAGCAT_025,81
CTGTGTCAGACACCCAGCAT_026,21
CTGTGTCAGACACCCAGCAT_027,170
CTGTGTCAGACACCCAGCAT_028,60
CTGTGTCAGACACCCAGCAT_029,127
CTGTGTCAGACACCCAGCAT_030,174
CTGTGTCAGACACCCAGCAT_031,83
CTGTGTCAGACACCCAGCAT_032,9
CTGTGTCAGACACCCAGCAT_033,107
CTGTGTCAGACACCCAGCAT_034,49
CTGTGTCAGACACCCAGCAT_035,126
CTGTGTCAGACACCCAGCAT_036,103
CTGTGTCAGACACCCAGCAT_037,134
GGGCCCCAGGTGGATACAGG_001,101
GGGCCCCAGGTGGATACAGG_002,29
GGGCCCCAGGTGGATACAGG_003,162
GGGCCCCAGGTGGATACAGG_004,82
GGGCCCCAGGTGGATACAGG_005,0
GGGCCCCAGGTGGATACAGG_006,188
GGGCCCCAGGTGGATACAGG_007,12
GGGCCCCAGGTGGATACAGG_008,65
GGGCCCCAGGTGGATACAGG_009,158
GGGCCCCAGGTGGATACAGG_010,113
GGGCCCCAGGTGGATACAGG_011,16
CCGTACCCATAATATATGCA_001,77
CCGTACCCATAATATATGCA_002,199
CCGTACCCATAATATATGCA_003,57
GTTGTAACTGAGAAGCGGAA_001,162
GTTGTAACTGAGAAGCGGAA_002,88
GTTGTAACTGAGAAGCGGAA_003,145
GTTGTAACTGAGAAGCGGAA_004,112
GTAGCGAGAGACATCCATGT_001,69
GTAGCGAGAGACATCCATGT_002,149
GTAGCGAGAGACATCCATGT_003,52
GTAGCGAGAGACATCCATGT_004,198
GTAGCGAGAGACATCCATGT_005,152
CTCACCTGAGAAATTCCGTG_001,37
CTCACCTGAGAAATTCCGTG_002,58
CTCACCTGAGAAATTCCGTG_003,47
CTCACCTGAGAAATTCCGTG_004,32
CTCACCTGAGAAATTCCGTG_005,166
CTCACCTGAGAAATTCCGTG_006,114
CTCACCTGAGAAATTCCGTG_007,48
CCGGCACTCACAGTACACGA_001,48
CCGGCACTCACAGTACACGA_002,77
CCGGCACTCACAGTACACGA_003,194
CCGGCACTCACAGTACACGA_004,83
CCGGCACTCACAGTACACGA_005,146
CCGGCACTCACAGTACACGA_006,188
CCGGCACTCACAGTACACGA_007,88
CCGGCACTCACAGTACACGA_008,3
CCGGCACTCACAGTACACGA_009,143
GGGGTGAAAAAAAGTCTTGG_001,70
GGGGTGAAAAAAAGTCTTGG_002,107
GGGGTGAAAAAAAGTCTTGG_003,110
GGGGTGAAAAAAAGTCTTGG_004,102
GGGGTGAAAAAAAGTCTTGG_005,38
GGGGTGAAAAAAAGTCTTGG_006,46
TCTGGCTTGACACGACCGTT_001,1
TCTGGCTTGACACGACCGTT_002,114
TCTGGCTTGACACGACCGTT_003,105
TCTGGCTTGACACGACCGTT_004,111
TCTGGCTTGACACGACCGTT_005,191
TCTGGCTTGACACGACCGTT_006,160
TCTGGCTTGACACGACCGTT_007,61
TCTGGCTTGACACGACCGTT_008,9
TCTGGCTTGACACGACCGTT_009,88
TCTGGCTTGACACGACCGTT_010,77
TCTGGCTTGACACGACCGTT_011,57
TCTGGCTTGACACGACCGTT_012,193
TCTGGCTTGACACGACCGTT_013,168
TCTGGCTTGACACGACCGTT_014,78
TCTGGCTTGACACGACCGTT_015,101
TCTGGCTTGACACGACCGTT_016,15
TCTGGCTTGACACGACCGTT_017,130
TCTGGCTTGACACGACCGTT_018,124
TGGGGCAACTGATCCAAAGG_001,169
TGGGGCAACTGATCCAAAGG_002,191
TGTTTGCGAGTAAACCCCAA_001,118
TGTTTGCGAGTAAACCCCAA_002,34
TGTTTGCGAGTAAACCCCAA_003,144
TGTTTGCGAGTAAACCCCAA_004,17
TGTTTGCGAGTAAACCCCAA_005,118
TGTTTGCGAGTAAACCCCAA_006,128
GCAGTTTGGACTGAAGCACG_001,112
GCAGTTTGGACTGAAGCACG_002,11
GCAGTTTGGACTGAAGCACG_003,82
GCAGTTTGGACTGAAGCACG_004,26
GCAGTTTGGACTGAAGCACG_005,34
GCAGTTTGGACTGAAGCACG_006,82
GCAGTTTGGACTGAAGCACG_007,119
GCAGTTTGGACTGAAGCACG_008,70
GCAGTTTGGACTGAAGCACG_009,130
GCAGTTTGGACTGAAGCACG_010,76
GCAGTTTGGACTGAAGCACG_011,3
GCAGTTTGGACTGAAGCACG_012,91
GCAGTTTGGACTGAAGCACG_013,104
GCTGTTGGCAAAGGGCGACA_001,23
GCTGTTGGCAAAGGGCGACA_002,142
GCTGTTGGCAAAGGGCGACA_003,19
GCTGTTGGCAAAGGGCGACA_004,150
GCTGTTGGCAAAGGGCGACA_005,127
GCTGTTGGCAAAGGGCGACA_006,191
GCTGTTGGCAAAGGGCGACA_007,13
GCTGTTGGCAAAGGGCGACA_008,156
GCTGTTGGCAAAGGGCGACA_009,50
GCTGTTGGCAAAGGGCGACA_010,2
GCTGTTGGCAAAGGGCGACA_011,166
GCTGTTGGCAAAGGGCGACA_012,142
GCTGTTGGCAAAGGGCGACA_013,85
GCTGTTGGCAAAGGGCGACA_014,44
GCTGTTGGCAAAGGGCGACA_015,88
GCTGTTGGCAAAGGGCGACA_016,16
GCTGTTGGCAAAGGGCGACA_017,137
GCTGTTGGCAAAGGGCGACA_018,60
GCTGTTGGCAAAGGGCGACA_019,28
GCTGTTGGCAAAGGGCGACA_020,20
GCTGTTGGCAAAGGGCGACA_021,68
GCTGTTGGCAAAGGGCGACA_022,82
GCTGTTGGCAAAGGGCGACA_023,175
GCTGTTGGCAAAGGGCGACA_024,150
GCTGTTGGCAAAGGGCGACA_025,83
GCTGTTGGCAAAGGGCGACA_026,95
GCTGTTGGCAAAGGGCGACA_027,105
GCTGTTGGCAAAGGGCGACA_028,157
GCTGTTGGCAAAGGGCGACA_029,168
GCTGTTGGCAAAGGGCGACA_030,142
GCTGTTGGCAAAGGGCGACA_031,81
GCTGTTGGCAAAGGGCGACA_032,115
GCTGTTGGCAAAGGGCGACA_033,164
GCTGTTGGCAAAGGGCGACA_034,68
CCTGCTCGACCTATCCACCG_001,49
CCTGCTCGACCTATCCACCG_002,147
CCTGCTCGACCTATCCACCG_003,183
CCTGCTCGACCTATCCACCG_004,111
CCTGCTCGACCTATCCACCG_005,160
CCTGCTCGACCTATCCACCG_006,88
CCTGCTCGACCTATCCACCG_007,52
CCTGCTCGACCTATCCACCG_008,12
CCTGCTCGACCTATCCACCG_009,53
CCTGCTCGACCTATCCACCG_010,198
CCTGCTCGACCTATCCACCG_011,77
CCTGCTCGACCTATCCACCG_012,77
CCTGCTCGACCTATCCACCG_013,177
CCTGCTCGACCTATCCACCG_014,0
CCTGCTCGACCTATCCACCG_015,170
GGAGTTCCATACCACCGGAC_001,167
GGAGTTCCATACCACCGGAC_002,94
GGAGTTCCATACCACCGGAC_003,173
TCTATGTTGCTCCCATGGCG_001,147
TCTATGTTGCTCCCATGGCG_002,78
TCTATGTTGCTCCCATGGCG_003,70
TCTATGTTGCTCCCATGGCG_004,108
CAACCCCATCAACATCGTTG_001,11
CAACCCCATCAACATCGTTG_002,23
CAACCCCATCAACATCGTTG_003,155
CAACCCCATCAACATCGTTG_004,153
CAACCCCATCAACATCGTTG_005,176
TGAGCCCGAGAGTCTCGGCG_001,118
TGAGCCCGAGAGTCTCGGCG_002,75
TGAGCCCGAGAGTCTCGGCG_003,1
TGAGCCCGAGAGTCTCGGCG_004,63
TGAGCCCGAGAGTCTCGGCG_005,126
TGAGCCCGAGAGTCTCGGCG_006,73
TGAGCCCGAGAGTCTCGGCG_007,92
TGAGCCCGAGAGTCTCGGCG_008,31
TGAGCCCGAGAGTCTCGGCG_009,8
TGAGCCCGAGAGTCTCGGCG_010,98
TGAGCCCGAGAGTCTCGGCG_011,7
TGAGCCCGAGAGTCTCGGCG_012,2
TGAGCCCGAGAGTCTCGGCG_013,123
TGAGCCCGAGAGTCTCGGCG_014,16
TGAGCCCGAGAGTCTCGGCG_015,139
TGAGCCCGAGAGTCTCGGCG_016,168
TGAGCCCGAGAGTCTCGGCG_017,75
GGCCCTGCTCCATGACACGG_001,168
GGCCCTGCTCCATGACACGG_002,11
GGCCCTGCTCCATGACACGG_003,121
GGCCCTGCTCCATGACACGG_004,61
GGCCCTGCTCCATGACACGG_005,94
GGCCCTGCTCCATGACACGG_006,28
GGCCCTGCTCCATGACACGG_007,159
GGCCCTGCTCCATGACACGG_008,55
GGCCCTGCTCCATGACACGG_009,52
TATAGGGCTTCAGTCCAGTG_001,171
TATAGGGCTTCAGTCCAGTG_002,128
TATAGGGCTTCAGTCCAGTG_003,12
TATAGGGCTTCAGTCCAGTG_004,84
TATAGGGCTTCAGTCCAGTG_005,49
TATAGGGCTTCAGTCCAGTG_006,192
TATAGGGCTTCAGTCCAGTG_007,76
GCTGCAACTCAAAGCCACGC_001,116
GCTGCAACTCAAAGCCACGC_002,41
GCTGCAACTCAAAGCCACGC_003,80
GCTGCAACTCAAAGCCACGC_004,182
GCTGCAACTCAAAGCCACGC_005,78
GCTGCAACTCAAAGCCACGC_006,12
GCTGCAACTCAAAGCCACGC_007,6
GGAAGTGCTCTCTGGCGTGG_001,116
GGAAGTGCTCTCTGGCGTGG_002,31
GAAGCGGAGCCTTAGCCGGG_001,121
GAAGCGGAGCCTTAGCCGGG_002,105
GAAGCGGAGCCTTAGCCGGG_003,169
GAAGCGGAGCCTTAGCCGGG_004,48
GAAGCGGAGCCTTAGCCGGG_005,49
GAAGCGGAGCCTTAGCCGGG_006,147
GAAGCGGAGCCTTAGCCGGG_007,172
GAAGCGGAGCCTTAGCCGGG_008,9
GAAGCGGAGCCTTAGCCGGG_009,70
GAAGCGGAGCCTTAGCCGGG_010,10
GAAGCGGAGCCTTAGCCGGG_011,177
GAAGCGGAGCCTTAGCCGGG_012,185
GAAGCGGAGCCTTAGCCGGG_013,63
GAAGCGGAGCCTTAGCCGGG_014,10
GAAGCGGAGCCTTAGCCGGG_015,118
GAAGCGGAGCCTTAGCCGGG_016,166
GAAGCGGAGCCTTAGCCGGG_017,121
TGGATGTTAAAATCACCACC_001,106
TGGATGTTAAAATCACCACC_002,13
TGGATGTTAAAATCACCACC_003,97
TGGATGTTAAAATCACCACC_004,94
TGGATGTTAAAATCACCACC_005,70
TGGATGTTAAAATCACCACC_006,169
TGGATGTTAAAATCACCACC_007,150
TGGATGTTAAAATCACCACC_008,88
GGGCATCTATCTTACCACCC_001,170
TAAATGAATGGCAGAATACG_001,168
TAAATGAATGGCAGAATACG_002,168
CATTAGCAAAATATCCATCA_001,63
CATTAGCAAAATATCCATCA_002,165
CCAAGTGCTCGTCCAACTCG_001,16
CCAAGTGCTCGTCCAACTCG_002,174
CCAAGTGCTCGTCCAACTCG_003,4
CCAAGTGCTCGTCCAACTCG_004,4
CCAAGTGCTCGTCCAACTCG_005,166
CCAAGTGCTCGTCCAACTCG_006,106
CCAAGTGCTCGTCCAACTCG_007,60
CCAAGTGCTCGTCCAACTCG_008,127
CCAAGTGCTCGTCCAACTCG_009,156
CCAAGTGCTCGTCCAACTCG_010,172
CCAAGTGCTCGTCCAACTCG_011,132
CCAAGTGCTCGTCCAACTCG_012,88
CCAAGTGCTCGTCCAACTCG_013,36
CCAAGTGCTCGTCCAACTCG_014,166
GGAACCGCCGGACGTCACGG_001,17
GGAACCGCCGGACGTCACGG_002,137
GGAACCGCCGGACGTCACGG_003,35
GGAACCGCCGGACGTCACGG_004,16
GGAACCGCCGGACGTCACGG_005,95
GGAACCGCCGGACGTCACGG_006,98
GGAACCGCCGGACGTCACGG_007,120
GGAACCGCCGGACGTCACGG_008,15
GGAACCGCCGGACGTCACGG_009,70
GGAACCGCCGGACGTCACGG_010,33
GGAACCGCCGGACGTCACGG_011,125
GGAACCGCCGGACGTCACGG_012,14
AAAGAGTTAATATTTGACGG_001,78
AAAGAGTTAATATTTGACGG_002,65
TACACAAATCTGGTTCTCAA_001,15
TACACAAATCTGGTTCTCAA_002,70
TACACAAATCTGGTTCTCAA_003,145
TACACAAATCTGGTTCTCAA_004,46
TACACAAATCTGGTTCTCAA_005,183
TACACAAATCTGGTTCTCAA_006,165
TACACAAATCTGGTTCTCAA_007,103
TACACAAATCTGGTTCTCAA_008,45
TACACAAATCTGGTTCTCAA_009,126
TACACAAATCTGGTTCTCAA_010,102
TTCAAGTCCCTTCTTCAGAG_001,17
TTCAAGTCCCTTCTTCAGAG_002,82
TTCAAGTCCCTTCTTCAGAG_003,2
TTCAAGTCCCTTCTTCAGAG_004,30
TTCAAGTCCCTTCTTCAGAG_005,66
TTCAAGTCCCTTCTTCAGAG_006,179
GGCCTCAAGACCTCTGTTCA_001,140
GGCCTCAAGACCTCTGTTCA_002,127
GGCCTCAAGACCTCTGTTCA_003,188
GGCCTCAAGACCTCTGTTCA_004,27
GGCCTCAAGACCTCTGTTCA_005,190
GGCCTCAAGACCTCTGTTCA_006,52
GGCCTCAAGACCTCTGTTCA_007,84
GGCCTCAAGACCTCTGTTCA_008,165
GGCCTCAAGACCTCTGTTCA_009,150
GGCCTCAAGACCTCTGTTCA_010,19
CATGGTTACCTCCGGCGCCG_001,162
CATGGTTACCTCCGGCGCCG_002,29
CATGGTTACCTCCGGCGCCG_003,12
CATGGTTACCTCCGGCGCCG_004,155
CATGGTTACCTCCGGCGCCG_005,12
CATGGTTACCTCCGGCGCCG_006,98
CATGGTTACCTCCGGCGCCG_007,62
CCGGTGCTGCTACCGCAATG_001,146
CCGGTGCTGCTACCGCAATG_002,175
CCGGTGCTGCTACCGCAATG_003,34
CCGGTGCTGCTACCGCAATG_004,58
CCGGTGCTGCTACCGCAATG_005,154
CCGGTGCTGCTACCGCAATG_006,93
CCGGTGCTGCTACCGCAATG_007,53
CCGGTGCTGCTACCGCAATG_008,119
CCGGTGCTGCTACCGCAATG_009,7
CCGGTGCTGCTACCGCAATG_010,53
CCGGTGCTGCTACCGCAATG_011,63
CCGGTGCTGCTACCGCAATG_012,106
CCGGTGCTGCTACCGCAATG_013,8
CCGGTGCTGCTACCGCAATG_014,199
CCGGTGCTGCTACCGCAATG_015,135
CCGGTGCTGCTACCGCAATG_016,13
CCGGTGCTGCTACCGCAATG_017,3
ACAACGAACATCATCCACAA_001,94
ACAACGAACATCATCCACAA_002,161
ACAACGAACATCATCCACAA_003,21
ACAACGAACATCATCCACAA_004,94
ACAACGAACATCATCCACAA_005,170
ACAACGAACATCATCCACAA_006,160
GTCACCTGTGCCACATACTG_001,157
GTCACCTGTGCCACATACTG_002,198
GTCACCTGTGCCACATACTG_003,103
GTCACCTGTGCCACATACTG_004,38
GTCACCTGTGCCACATACTG_005,51
AGAACATCCGTGCCACCGAG_001,109
AGAACATCCGTGCCACCGAG_002,124
AGAACATCCGTGCCACCGAG_003,147
AGAACATCCGTGCCACCGAG_004,146
AGACGCGCGCTTAACTCCGG_001,34
AGACGCGCGCTTAACTCCGG_002,43
AGACGCGCGCTTAACTCCGG_003,174
AGACGCGCGCTTAACTCCGG_004,14
AGACGCGCGCTTAACTCCGG_005,150
AGACGCGCGCTTAACTCCGG_006,0
TGGGATGCGCTCCAGCACAG_001,121
TGGGATGCGCTCCAGCACAG_002,158
TGGGATGCGCTCCAGCACAG_003,108
TGGGATGCGCTCCAGCACAG_004,88
TGGGATGCGCTCCAGCACAG_005,58
TGGGATGCGCTCCAGCACAG_006,116
TGGGATGCGCTCCAGCACAG_007,7
TGGGATGCGCTCCAGCACAG_008,50
TGGGATGCGCTCCAGCACAG_009,62
TGGGATGCGCTCCAGCACAG_010,92
TGGGATGCGCTCCAGCACAG_011,175
TGGGATGCGCTCCAGCACAG_012,26
TTGGCCAGAAGCCAAACTTG_001,163
TTGGCCAGAAGCCAAACTTG_002,70
TTGGCCAGAAGCCAAACTTG_003,170
TTGGCCAGAAGCCAAACTTG_004,17
AGAACAGATGGAAAGCCACA_001,34
AGAACAGATGGAAAGCCACA_002,34
AGAACAGATGGAAAGCCACA_003,149
AGAACAGATGGAAAGCCACA_004,2
AGAACAGATGGAAAGCCACA_005,155
AGAACAGATGGAAAGCCACA_006,46
AGAACAGATGGAAAGCCACA_007,127
AGAACAGATGGAAAGCCACA_008,106
AGAACAGATGGAAAGCCACA_009,148
AGAACAGATGGAAAGCCACA_010,169
AGAACAGATGGAAAGCCACA_011,60
AGAACAGATGGAAAGCCACA_012,135
AGAACAGATGGAAAGCCACA_013,52
AGAACAGATGGAAAGCCACA_014,121
AGAACAGATGGAAAGCCACA_015,147
ACTATCTAAACCTAGACACC_001,134
ACTATCTAAACCTAGACACC_002,196
ACTATCTAAACCTAGACACC_003,130
ACTATCTAAACCTAGACACC_004,43
ACTATCTAAACCTAGACACC_005,198
ACTATCTAAACCTAGACACC_006,105
CAAGCAGTACTATAAGCACC_001,72
AAGATCTTTGCGTCCAAACG_001,11
AAGATCTTTGCGTCCAAACG_002,188
AAGATCTTTGCGTCCAAACG_003,182
AAGATCTTTGCGTCCAAACG_004,9
AAGATCTTTGCGTCCAAACG_005,8
AAGATCTTTGCGTCCAAACG_006,192
AAGATCTTTGCGTCCAAACG_007,192
AAGATCTTTGCGTCCAAACG_008,188
AAGATCTTTGCGTCCAAACG_009,137
AAGTCACCAGTGCCAACTCA_001,142
AAGTCACCAGTGCCAACTCA_002,177
AAGTCACCAGTGCCAACTCA_003,78
AAGTCACCAGTGCCAACTCA_004,29
AAGTCACCAGTGCCAACTCA_005,140
AAGTCACCAGTGCCAACTCA_006,41
AAGTCACCAGTGCCAACTCA_007,141
AAGTCACCAGTGCCAACTCA_008,2
AAGTCACCAGTGCCAACTCA_009,55
AAGTCACCAGTGCCAACTCA_010,3
AAGTCACCAGTGCCAACTCA_011,63
AAGTCACCAGTGCCAACTCA_012,26
AAGTCACCAGTGCCAACTCA_013,26
AAGTCACCAGTGCCAACTCA_014,55
AAGTCACCAGTGCCAACTCA_015,105
AAGTCACCAGTGCCAACTCA_016,72
AAGTCACCAGTGCCAACTCA_017,72
AAGTCACCAGTGCCAACTCA_018,34
AAGTCACCAGTGCCAACTCA_019,103
AAGTCACCAGTGCCAACTCA_020,63
AAGTCACCAGTGCCAACTCA_021,94
AAGTCACCAGTGCCAACTCA_022,45
AAGTCACCAGTGCCAACTCA_023,150
GTGTAGCATTCACACCACCC_001,98
GTGTAGCATTCACACCACCC_002,94
GTGTAGCATTCACACCACCC_003,13
GTGTAGCATTCACACCACCC_004,81
AGTACTGCGCGACAATATCC_001,0
AGTACTGCGCGACAATATCC_002,3
GTGGTCATAGTAACCACGAA_001,145
GTGGTCATAGTAACCACGAA_002,108
GTGGTCATAGTAACCACGAA_003,121
GTGGTCATAGTAACCACGAA_004,197
GTGGTCATAGTAACCACGAA_005,24
GTGGTCATAGTAACCACGAA_006,144
GTGGTCATAGTAACCACGAA_007,115
TGTACCTGCATACATGTACG_001,184
TGTACCTGCATACATGTACG_002,5
TGTACCTGCATACATGTACG_003,140
TGTACCTGCATACATGTACG_004,184
ACCCCCACATTGCTAGTGTG_001,119
ACCCCCACATTGCTAGTGTG_002,172
ACCCCCACATTGCTAGTGTG_003,145
ACCCCCACATTGCTAGTGTG_004,35
ACCCCCACATTGCTAGTGTG_005,9
ACCCCCACATTGCTAGTGTG_006,13
ACCCCCACATTGCTAGTGTG_007,9
ACCCCCACATTGCTAGTGTG_008,187
ACCCCCACATTGCTAGTGTG_009,122
ACCCCCACATTGCTAGTGTG_010,145
ACCCCCACATTGCTAGTGTG_011,15
ACCCCCACATTGCTAGTGTG_012,63
ACCCCCACATTGCTAGTGTG_013,31
ACCCCCACATTGCTAGTGTG_014,115
ACCCCCACATTGCTAGTGTG_015,137
TGCGGACACAGAAGGAACAG_001,9
TGCGGACACAGAAGGAACAG_002,198
TGCGGACACAGAAGGAACAG_003,158
TGCGGACACAGAAGGAACAG_004,179
TGCGGACACAGAAGGAACAG_005,130
TGCGGACACAGAAGGAACAG_006,40
TGCGGACACAGAAGGAACAG_007,107
TGCGGACACAGAAGGAACAG_008,105
GGATGAGCTCAAGCGACAGG_001,140
GGATGAGCTCAAGCGACAGG_002,165
GGATGAGCTCAAGCGACAGG_003,168
GGATGAGCTCAAGCGACAGG_004,175
GGATGAGCTCAAGCGACAGG_005,42
GGATGAGCTCAAGCGACAGG_006,144
GGATGAGCTCAAGCGACAGG_007,185
GGATGAGCTCAAGCGACAGG_008,136
GGATGAGCTCAAGCGACAGG_009,91
GGATGAGCTCAAGCGACAGG_010,78
GGATGAGCTCAAGCGACAGG_011,194
GGATGAGCTCAAGCGACAGG_012,96
GGATGAGCTCAAGCGACAGG_013,144
GGATGAGCTCAAGCGACAGG_014,68
GGATGAGCTCAAGCGACAGG_015,98
GGATGAGCTCAAGCGACAGG_016,121
GGATGAGCTCAAGCGACAGG_017,173
GGCCACAAAAACTCGCTAAG_001,145
GGCCACAAAAACTCGCTAAG_002,17
GGCCACAAAAACTCGCTAAG_003,88
GGCCACAAAAACTCGCTAAG_004,82
GGCCACAAAAACTCGCTAAG_005,38
GGCCACAAAAACTCGCTAAG_006,130
GGCCACAAAAACTCGCTAAG_007,38
GGCCACAAAAACTCGCTAAG_008,38
GGCCACAAAAACTCGCTAAG_009,93
GGCCACAAAAACTCGCTAAG_010,190
GGCCACAAAAACTCGCTAAG_011,48
GGCCACAAAAACTCGCTAAG_012,41
GGCCACAAAAACTCGCTAAG_013,117
GGCCACAAAAACTCGCTAAG_014,37
GGCCACAAAAACTCGCTAAG_015,71
GGCCACAAAAACTCGCTAAG_016,175
GGCCACAAAAACTCGCTAAG_017,45
GGCCACAAAAACTCGCTAAG_018,5
GGCCACAAAAACTCGCTAAG_019,138
GGCCACAAAAACTCGCTAAG_020,84
TGTGTCAGACAGCTTACTGG_001,138
TGTGTCAGACAGCTTACTGG_002,96
TGTGTCAGACAGCTTACTGG_003,177
TGTGTCAGACAGCTTACTGG_004,160
TGTGTCAGACAGCTTACTGG_005,120
TGTGTCAGACAGCTTACTGG_006,78
TGTGTCAGACAGCTTACTGG_007,119
TGTGTCAGACAGCTTACTGG_008,158
TGTGTCAGACAGCTTACTGG_009,116
AAAACATCACAAGGAGACAC_001,185
ATAATCTCCCGGAGCCGGAA_001,17
ATAATCTCCCGGAGCCGGAA_002,61
ATAATCTCCCGGAGCCGGAA_003,189
ATAATCTCCCGGAGCCGGAA_004,133
ATAATCTCCCGGAGCCGGAA_005,40
ATAATCTCCCGGAGCCGGAA_006,157
ATAATCTCCCGGAGCCGGAA_007,88
ATAATCTCCCGGAGCCGGAA_008,31
ATAATCTCCCGGAGCCGGAA_009,84
ATAATCTCCCGGAGCCGGAA_010,74
ATAATCTCCCGGAGCCGGAA_011,121
ATAATCTCCCGGAGCCGGAA_012,101
ATAATCTCCCGGAGCCGGAA_013,129
ATAATCTCCCGGAGCCGGAA_014,134
ATAATCTCCCGGAGCCGGAA_015,60
ATAATCTCCCGGAGCCGGAA_016,45
ATAATCTCCCGGAGCCGGAA_017,144
ATAATCTCCCGGAGCCGGAA_018,60
ATAATCTCCCGGAGCCGGAA_019,90
ATAATCTCCCGGAGCCGGAA_020,146
GGCGTCGTAGATCACGACGT_001,115
GGCGTCGTAGATCACGACGT_002,39
GGCGTCGTAGATCACGACGT_003,6
GGCGTCGTAGATCACGACGT_004,6
GGCGTCGTAGATCACGACGT_005,163
GGCGTCGTAGATCACGACGT_006,92
GGCGTCGTAGATCACGACGT_007,78
GGCGTCGTAGATCACGACGT_008,28
GGCGTCGTAGATCACGACGT_009,170
TTCTTCAGTATACTCCACCC_001,106
GGTGTTTCAATGATAATGCA_001,179
CGGTGGTGGCCACTCACCTG_001,166
CGGTGGTGGCCACTCACCTG_002,23
CGGTGGTGGCCACTCACCTG_003,74
CGGTGGTGGCCACTCACCTG_004,20
CGGTGGTGGCCACTCACCTG_005,160
CGGTGGTGGCCACTCACCTG_006,23
ACTACACCTTGAGCCTGATG_001,159
ACTACACCTTGAGCCTGATG_002,159
CCAGGAGATGCGTCGCCGCG_001,48
CCAGGAGATGCGTCGCCGCG_002,84
CCAGGAGATGCGTCGCCGCG_003,47
AACAACTTCAGTCTGACTCA_001,121
AACAACTTCAGTCTGACTCA_002,182
AACAACTTCAGTCTGACTCA_003,78
AACAACTTCAGTCTGACTCA_004,179
AACAACTTCAGTCTGACTCA_005,121
AACAACTTCAGTCTGACTCA_006,161
AACAACTTCAGTCTGACTCA_007,102
AACAACTTCAGTCTGACTCA_008,190
ATATAGATTTATGTGGTCCA_001,199
ATATAGATTTATGTGGTCCA_002,174
ATATAGATTTATGTGGTCCA_003,108
ATATAGATTTATGTGGTCCA_004,118
ATATAGATTTATGTGGTCCA_005,3
GATGCTAATAGATGGCGAGG_001,117
GATGCTAATAGATGGCGAGG_002,155
GATGCTAATAGATGGCGAGG_003,120
TGTGGATTTGGCTCTTGCTA_001,81
TGTGGATTTGGCTCTTGCTA_002,5
TGTGGATTTGGCTCTTGCTA_003,148
TGTGGATTTGGCTCTTGCTA_004,148
TGTGGATTTGGCTCTTGCTA_005,62
TGTGGATTTGGCTCTTGCTA_006,170
TGTGGATTTGGCTCTTGCTA_007,169
GCTGGGTGGAATGCTCCCAA_001,12
GCTGGGTGGAATGCTCCCAA_002,10
GCTGGGTGGAATGCTCCCAA_003,111
GCTGGGTGGAATGCTCCCAA_004,15
GCTGGGTGGAATGCTCCCAA_005,34
GCTGGGTGGAATGCTCCCAA_006,126
GCTGGGTGGAATGCTCCCAA_007,126
GCTGGGTGGAATGCTCCCAA_008,98
GCTGGGTGGAATGCTCCCAA_009,133
GCTGGGTGGAATGCTCCCAA_010,77
GCTGGGTGGAATGCTCCCAA_011,132
GCTGGGTGGAATGCTCCCAA_012,127
GCTGGGTGGAATGCTCCCAA_013,105
GCTGGGTGGAATGCTCCCAA_014,3
GCTGGGTGGAATGCTCCCAA_015,101
GCTGGGTGGAATGCTCCCAA_016,96
GCTGGGTGGAATGCTCCCAA_017,32
GCTGGGTGGAATGCTCCCAA_018,186
GCTGCGAGAGCTTAGACTGC_001,15
GCTGCGAGAGCTTAGACTGC_002,198
GCTGCGAGAGCTTAGACTGC_003,82
GCTGCGAGAGCTTAGACTGC_004,49
GCTGCGAGAGCTTAGACTGC_005,57
CCCCAGATCCGAGTTGTTGG_001,121
CCCCAGATCCGAGTTGTTGG_002,34
CCCCAGATCCGAGTTGTTGG_003,116
CCCCAGATCCGAGTTGTTGG_004,113
CCCCAGATCCGAGTTGTTGG_005,89
CCCCAGATCCGAGTTGTTGG_006,56
CCCCAGATCCGAGTTGTTGG_007,146
AGTTTATTGAGTTCACATGT_001,43
AGTTTATTGAGTTCACATGT_002,22
AGTTTATTGAGTTCACATGT_003,65
GTAATTATTAAACTCCGGGA_001,56
GTAATTATTAAACTCCGGGA_002,160
GTAATTATTAAACTCCGGGA_003,159
CCAGATAGGCCAGGCCATCG_001,11
CCAGATAGGCCAGGCCATCG_002,16
CCAGATAGGCCAGGCCATCG_003,98
CCAGATAGGCCAGGCCATCG_004,37
CCAGATAGGCCAGGCCATCG_005,172
CCAGATAGGCCAGGCCATCG_006,199
CCAGATAGGCCAGGCCATCG_007,87
CCAGATAGGCCAGGCCATCG_008,32
CTTCATTGCAGGCACCGAGA_001,150
CTTCATTGCAGGCACCGAGA_002,18
CTTCATTGCAGGCACCGAGA_003,188
CTTCATTGCAGGCACCGAGA_004,48
CTTCATTGCAGGCACCGAGA_005,48
CTTCATTGCAGGCACCGAGA_006,145
CTTCATTGCAGGCACCGAGA_007,191
CTTCATTGCAGGCACCGAGA_008,82
CTTCATTGCAGGCACCGAGA_009,94
CTTCATTGCAGGCACCGAGA_010,94
CTTCATTGCAGGCACCGAGA_011,146
CTTCATTGCAGGCACCGAGA_012,27
CTTCATTGCAGGCACCGAGA_013,149
CTTCATTGCAGGCACCGAGA_014,1
CTTCATTGCAGGCACCGAGA_015,48
GAATTCAAACAGTAACTACA_001,150
GAATTCAAACAGTAACTACA_002,116
GAATTCAAACAGTAACTACA_003,175
GAATTCAAACAGTAACTACA_004,191
GAATTCAAACAGTAACTACA_005,2
GAATTCAAACAGTAACTACA_006,25
TATTCGTAAGCATTATGGGG_001,147
TATTCGTAAGCATTATGGGG_002,198
TATTCGTAAGCATTATGGGG_003,141
CCAAAACATCAAATCTGTGT_001,175
CCAAAACATCAAATCTGTGT_002,128
CTCCGAGTGGAGCCCCCGTG_001,137
CTCCGAGTGGAGCCCCCGTG_002,19
CTCCGAGTGGAGCCCCCGTG_003,30
CTCCGAGTGGAGCCCCCGTG_004,9
CTCCGAGTGGAGCCCCCGTG_005,30
CTCCGAGTGGAGCCCCCGTG_006,62
CTCCGAGTGGAGCCCCCGTG_007,20
CTCCGAGTGGAGCCCCCGTG_008,198
CTCCGAGTGGAGCCCCCGTG_009,78
CTCCGAGTGGAGCCCCCGTG_010,191
CTCCGAGTGGAGCCCCCGTG_011,63
GAAGCACTCAGGAAGACCCA_001,178
GAAGCACTCAGGAAGACCCA_002,27
GAAGCACTCAGGAAGACCCA_003,75
GAAGCACTCAGGAAGACCCA_004,119
GAAGCACTCAGGAAGACCCA_005,168
GAAGCACTCAGGAAGACCCA_006,135
GAAGCACTCAGGAAGACCCA_007,100
GAAGCACTCAGGAAGACCCA_008,176
GAAGCACTCAGGAAGACCCA_009,170
GCCTCTACACCTGATAACCG_001,137
GCCTCTACACCTGATAACCG_002,12
GCCTCTACACCTGATAACCG_003,23
GCCTCTACACCTGATAACCG_004,126
GCCTCTACACCTGATAACCG_005,148
GCCTCTACACCTGATAACCG_006,190
GCCTCTACACCTGATAACCG_007,66
GCCTCTACACCTGATAACCG_008,198
GCCTCTACACCTGATAACCG_009,94
GCCTCTACACCTGATAACCG_010,188
GCCTCTACACCTGATAACCG_011,152
GCCTCTACACCTGATAACCG_012,29
GCCTCTACACCTGATAACCG_013,172
TTATTTCGAGAGTCAAAATG_001,21
TTATTTCGAGAGTCAAAATG_002,8
TTATTTCGAGAGTCAAAATG_003,15
TTATTTCGAGAGTCAAAATG_004,115
TTCCCCAGAACATAAGTCAG_001,22
TTCCCCAGAACATAAGTCAG_002,70
TTCCCCAGAACATAAGTCAG_003,181
TTCCCCAGAACATAAGTCAG_004,103
TTCCCCAGAACATAAGTCAG_005,83
TTCCCCAGAACATAAGTCAG_006,9
TTCCCCAGAACATAAGTCAG_007,115
TTCCCCAGAACATAAGTCAG_008,150
TTCCCCAGAACATAAGTCAG_009,19
TTCCCCAGAACATAAGTCAG_010,41
TTCCCCAGAACATAAGTCAG_011,43
TTCCCCAGAACATAAGTCAG_012,150
TTCCCCAGAACATAAGTCAG_013,162
TTCCCCAGAACATAAGTCAG_014,94
TTCCCCAGAACATAAGTCAG_015,175
TTCCCCAGAACATAAGTCAG_016,110
TTCCCCAGAACATAAGTCAG_017,77
TTCCCCAGAACATAAGTCAG_018,94
TTCCCCAGAACATAAGTCAG_019,69
TTCCCCAGAACATAAGTCAG_020,172
TTCCCCAGAACATAAGTCAG_021,136
TTCCCCAGAACATAAGTCAG_022,117
TTCCCCAGAACATAAGTCAG_023,2
TTCCCCAGAACATAAGTCAG_024,19
TTCCCCAGAACATAAGTCAG_025,19
TTCCCCAGAACATAAGTCAG_026,175
TTCCCCAGAACATAAGTCAG_027,189
TTCCCCAGAACATAAGTCAG_028,108
TTCCCCAGAACATAAGTCAG_029,20
AATTGGTTAGAGAAGCAGCA_001,19
AATTGGTTAGAGAAGCAGCA_002,3
AATTGGTTAGAGAAGCAGCA_003,150
CAACCAGTTGCAGCATACGA_001,92
CAACCAGTTGCAGCATACGA_002,174
CAACCAGTTGCAGCATACGA_003,152
CAACCAGTTGCAGCATACGA_004,127
CAACCAGTTGCAGCATACGA_005,188
CAACCAGTTGCAGCATACGA_006,181
CAACCAGTTGCAGCATACGA_007,58
GCTGAAGAGGTAGCCCACAT_001,161
GCTGAAGAGGTAGCCCACAT_002,144
GCTGAAGAGGTAGCCCACAT_003,196
GCTGAAGAGGTAGCCCACAT_004,102
GTTCTTCAGGAATCTCGTTG_001,41
GTTCTTCAGGAATCTCGTTG_002,171
TACCTGTGTCAGAGCCACGG_001,150
TACCTGTGTCAGAGCCACGG_002,116
TACCTGTGTCAGAGCCACGG_003,198
TACCTGTGTCAGAGCCACGG_004,9
TACCTGTGTCAGAGCCACGG_005,144
TACCTGTGTCAGAGCCACGG_006,61
TACCTGTGTCAGAGCCACGG_007,155
TACCTGTGTCAGAGCCACGG_008,3
TACCTGTGTCAGAGCCACGG_009,40
TACCTGTGTCAGAGCCACGG_010,4
TACCTGTGTCAGAGCCACGG_011,199
TACCTGTGTCAGAGCCACGG_012,168
TACCTGTGTCAGAGCCACGG_013,83
TCCAACCGCCGTAGACAGGA_001,198
TCCAACCGCCGTAGACAGGA_002,12
TCCAACCGCCGTAGACAGGA_003,103
TCCAACCGCCGTAGACAGGA_004,18
TCCAACCGCCGTAGACAGGA_005,81
CCTGGTGCTATCTCAGAGCA_001,73
CCTGGTGCTATCTCAGAGCA_002,166
CCTGGTGCTATCTCAGAGCA_003,141
CCTGGTGCTATCTCAGAGCA_004,152
CCTGGTGCTATCTCAGAGCA_005,158
CCTGGTGCTATCTCAGAGCA_006,158
CCTGGTGCTATCTCAGAGCA_007,146
CCTGGTGCTATCTCAGAGCA_008,148
CCTGGTGCTATCTCAGAGCA_009,63
CCTGGTGCTATCTCAGAGCA_010,28
CCTGGTGCTATCTCAGAGCA_011,43
CCTGGTGCTATCTCAGAGCA_012,174
TTATATAAAGCAGTGCCAGG_001,115
AGTGGTCAGAATCTCCCCAC_001,124
AGTGGTCAGAATCTCCCCAC_002,178
AGTGGTCAGAATCTCCCCAC_003,138
AGTGGTCAGAATCTCCCCAC_004,51
AGTGGTCAGAATCTCCCCAC_005,17
AGTGGTCAGAATCTCCCCAC_006,188
AGTGGTCAGAATCTCCCCAC_007,166
AGTGGTCAGAATCTCCCCAC_008,84
AGTGGTCAGAATCTCCCCAC_009,28
AGTGGTCAGAATCTCCCCAC_010,124
AGTGGTCAGAATCTCCCCAC_011,94
AGTGGTCAGAATCTCCCCAC_012,188
CTTCCTCTGAGCTACAGAGC_001,78
CTTCCTCTGAGCTACAGAGC_002,160
CTTCCTCTGAGCTACAGAGC_003,19
CTTCCTCTGAGCTACAGAGC_004,58
CTTCCTCTGAGCTACAGAGC_005,139
CTTCCTCTGAGCTACAGAGC_006,152
CTTCCTCTGAGCTACAGAGC_007,177
CTTCCTCTGAGCTACAGAGC_008,69
CTTCCTCTGAGCTACAGAGC_009,174
CTTCCTCTGAGCTACAGAGC_010,121
CTTCCTCTGAGCTACAGAGC_011,50
AATTACACAAGACAGATCTG_001,63
AATTACACAAGACAGATCTG_002,33
AATTACACAAGACAGATCTG_003,168
AATTACACAAGACAGATCTG_004,140
AATTACACAAGACAGATCTG_005,128
AATTACACAAGACAGATCTG_006,81
AATTACACAAGACAGATCTG_007,169
AATTACACAAGACAGATCTG_008,170
AATTACACAAGACAGATCTG_009,42
GAGTTGCCGAGATCTCTGCG_001,7
GAGTTGCCGAGATCTCTGCG_002,100
GAGTTGCCGAGATCTCTGCG_003,49
GAGTTGCCGAGATCTCTGCG_004,137
GAGTTGCCGAGATCTCTGCG_005,116
GAGTTGCCGAGATCTCTGCG_006,159
GAGTTGCCGAGATCTCTGCG_007,144
GAGTTGCCGAGATCTCTGCG_008,188
GAGTTGCCGAGATCTCTGCG_009,149
GAGTTGCCGAGATCTCTGCG_010,175
GAGTTGCCGAGATCTCTGCG_011,192
GAGTTGCCGAGATCTCTGCG_012,136
GAGTTGCCGAGATCTCTGCG_013,60
GAGTTGCCGAGATCTCTGCG_014,76
GAGTTGCCGAGATCTCTGCG_015,144
GAGTTGCCGAGATCTCTGCG_016,183
CCCTCGACTCCCACTCCCCG_001,140
CCCTCGACTCCCACTCCCCG_002,72
CCCTCGACTCCCACTCCCCG_003,103
CCCTCGACTCCCACTCCCCG_004,58
CCCTCGACTCCCACTCCCCG_005,177
CCCTCGACTCCCACTCCCCG_006,156
CCCTCGACTCCCACTCCCCG_007,94
CCCTCGACTCCCACTCCCCG_008,78
CCCTCGACTCCCACTCCCCG_009,13
CCCTCGACTCCCACTCCCCG_010,56
CCCTCGACTCCCACTCCCCG_011,191
CCCTCGACTCCCACTCCCCG_012,168
CCCTCGACTCCCACTCCCCG_013,199
CCCTCGACTCCCACTCCCCG_014,21
CCCTCGACTCCCACTCCCCG_015,161
CCCTCGACTCCCACTCCCCG_016,153
CCCTCGACTCCCACTCCCCG_017,69
CCCTCGACTCCCACTCCCCG_018,160
CCCTCGACTCCCACTCCCCG_019,184
CCCTCGACTCCCACTCCCCG_020,170
CCCTCGACTCCCACTCCCCG_021,142
CCCTCGACTCCCACTCCCCG_022,144
CCCTCGACTCCCACTCCCCG_023,162
GGGTAGTGGCATTTGGACAG_001,173
GGGTAGTGGCATTTGGACAG_002,18
GGGTAGTGGCATTTGGACAG_003,199
GGGTAGTGGCATTTGGACAG_004,116
GGGTAGTGGCATTTGGACAG_005,120
GGGTAGTGGCATTTGGACAG_006,199
GGGTAGTGGCATTTGGACAG_007,122
GGGTAGTGGCATTTGGACAG_008,83
GGGTAGTGGCATTTGGACAG_009,45
GGGTAGTGGCATTTGGACAG_010,198
GGGTAGTGGCATTTGGACAG_011,79
GGGTAGTGGCATTTGGACAG_012,13
TAACAAACACTGAGTTATTG_001,19
TAACAAACACTGAGTTATTG_002,144
TAACAAACACTGAGTTATTG_003,147
TAACAAACACTGAGTTATTG_004,105
GGTCTGGTGACGACCGATGG_001,49
GGTCTGGTGACGACCGATGG_002,161
GGTCTGGTGACGACCGATGG_003,127
GGTCTGGTGACGACCGATGG_004,184
GGTCTGGTGACGACCGATGG_005,68
GGTCTGGTGACGACCGATGG_006,22
GGTCTGGTGACGACCGATGG_007,62
GGTCTGGTGACGACCGATGG_008,167
GGTCTGGTGACGACCGATGG_009,77
GGTCTGGTGACGACCGATGG_010,115
GGTCTGGTGACGACCGATGG_011,162
TCCAGTGTGAGTTCGTTCAT_001,69
TCCAGTGTGAGTTCGTTCAT_002,165
TCCAGTGTGAGTTCGTTCAT_003,146
TCCAGTGTGAGTTCGTTCAT_004,29
TCCAGTGTGAGTTCGTTCAT_005,29
TCCAGTGTGAGTTCGTTCAT_006,57
TCCAGTGTGAGTTCGTTCAT_007,170
TCCAGTGTGAGTTCGTTCAT_008,1
TCCAGTGTGAGTTCGTTCAT_009,147
TCCAGTGTGAGTTCGTTCAT_010,130
TCCAGTGTGAGTTCGTTCAT_011,82
TCCAGTGTGAGTTCGTTCAT_012,147
TCCAGTGTGAGTTCGTTCAT_013,6
TCCAGTGTGAGTTCGTTCAT_014,0
TCCAGTGTGAGTTCGTTCAT_015,138
TCCAGTGTGAGTTCGTTCAT_016,105
TCCAGTGTGAGTTCGTTCAT_017,11
TCCAGTGTGAGTTCGTTCAT_018,165
TCCAGTGTGAGTTCGTTCAT_019,124
TCCAGTGTGAGTTCGTTCAT_020,191
AAGCCTGGTGTGGTATACGA_001,158
AAGCCTGGTGTGGTATACGA_002,115
AAGCCTGGTGTGGTATACGA_003,188
AAGCCTGGTGTGGTATACGA_004,96
AAGCCTGGTGTGGTATACGA_005,169
AAGCCTGGTGTGGTATACGA_006,34
AAGCCTGGTGTGGTATACGA_007,147
AAGCCTGGTGTGGTATACGA_008,9
AAGCCTGGTGTGGTATACGA_009,50
AAGCCTGGTGTGGTATACGA_010,41
AAGCCTGGTGTGGTATACGA_011,20
AAGCCTGGTGTGGTATACGA_012,190
AAGCCTGGTGTGGTATACGA_013,53
AAGCCTGGTGTGGTATACGA_014,81
AAGCCTGGTGTGGTATACGA_015,65
AAGCCTGGTGTGGTATACGA_016,178
AAGCCTGGTGTGGTATACGA_017,47
TAGGAAATCGACCGACCAGG_001,2
TAGGAAATCGACCGACCAGG_002,36
TAGGAAATCGACCGACCAGG_003,6
TAGGAAATCGACCGACCAGG_004,168
TAGGAAATCGACCGACCAGG_005,74
TAGGAAATCGACCGACCAGG_006,148
TCTTTACAGTTGATCCAGGA_001,162
TCTTTACAGTTGATCCAGGA_002,181
TCTTTACAGTTGATCCAGGA_003,30
TCTTTACAGTTGATCCAGGA_004,178
TCTTTACAGTTGATCCAGGA_005,178
AACTCGGGTGTACTTACAGG_001,175
AACTCGGGTGTACTTACAGG_002,89
AACTCGGGTGTACTTACAGG_003,8
AACTCGGGTGTACTTACAGG_004,199
AACTCGGGTGTACTTACAGG_005,194
AACTCGGGTGTACTTACAGG_006,43
AACTCGGGTGTACTTACAGG_007,183
AACTCGGGTGTACTTACAGG_008,198
AACTCGGGTGTACTTACAGG_009,154
AACTCGGGTGTACTTACAGG_010,110
AACTCGGGTGTACTTACAGG_011,38
AACTCGGGTGTACTTACAGG_012,27
AACTCGGGTGTACTTACAGG_013,183
AACTCGGGTGTACTTACAGG_014,170
CCACACGGTCACGATAGCGA_001,179
CCACACGGTCACGATAGCGA_002,31
CCACACGGTCACGATAGCGA_003,7
CCACACGGTCACGATAGCGA_004,169
CCACACGGTCACGATAGCGA_005,92
CCACACGGTCACGATAGCGA_006,103
CCACACGGTCACGATAGCGA_007,9
CCACACGGTCACGATAGCGA_008,3
GACCGCCGAAGTGCTACAGA_001,163
GACCGCCGAAGTGCTACAGA_002,58
GACCGCCGAAGTGCTACAGA_003,23
GACCGCCGAAGTGCTACAGA_004,49
GACCGCCGAAGTGCTACAGA_005,152
GACCGCCGAAGTGCTACAGA_006,69
GACCGCCGAAGTGCTACAGA_007,99
GACCGCCGAAGTGCTACAGA_008,74
GACCGCCGAAGTGCTACAGA_009,46
GACCGCCGAAGTGCTACAGA_010,52
GACCGCCGAAGTGCTACAGA_011,118
GACCGCCGAAGTGCTACAGA_012,64
GACCGCCGAAGTGCTACAGA_013,69
GACCGCCGAAGTGCTACAGA_014,96
TGGTAAGGGCCTGAGCCATG_001,49
TGGTAAGGGCCTGAGCCATG_002,47
AAGAGATACTCCTATAAGTG_001,80
AAGATGCTTCAGGCAACAGG_001,150
AAGATGCTTCAGGCAACAGG_002,183
AAGATGCTTCAGGCAACAGG_003,193
AAGATGCTTCAGGCAACAGG_004,137
AAGATGCTTCAGGCAACAGG_005,58
AAGATGCTTCAGGCAACAGG_006,121
AAGATGCTTCAGGCAACAGG_007,86
AAGATGCTTCAGGCAACAGG_008,98
AAGATGCTTCAGGCAACAGG_009,16
AAGATGCTTCAGGCAACAGG_010,70
ATTAAACGGTTATGGCGAGA_001,148
ATTAAACGGTTATGGCGAGA_002,45
CACCAATCTTACTGACATCG_001,155
CACCAATCTTACTGACATCG_002,57
CACCAATCTTACTGACATCG_003,24
CATGAGCGAAAGCTACACGC_001,12
CATGAGCGAAAGCTACACGC_002,115
CATGAGCGAAAGCTACACGC_003,79
CATGAGCGAAAGCTACACGC_004,79
CATGAGCGAAAGCTACACGC_005,66
CATGAGCGAAAGCTACACGC_006,148
CATGAGCGAAAGCTACACGC_007,94
CATGAGCGAAAGCTACACGC_008,159
CATGAGCGAAAGCTACACGC_009,149
CATGAGCGAAAGCTACACGC_010,59
CATGAGCGAAAGCTACACGC_011,137
CATGAGCGAAAGCTACACGC_012,77
CATGAGCGAAAGCTACACGC_013,89
CATGAGCGAAAGCTACACGC_014,56
CATGAGCGAAAGCTACACGC_015,103
CATGAGCGAAAGCTACACGC_016,184
CATGAGCGAAAGCTACACGC_017,77
CATGAGCGAAAGCTACACGC_018,145
CATGAGCGAAAGCTACACGC_019,154
CATGAGCGAAAGCTACACGC_020,43
CATGAGCGAAAGCTACACGC_021,188
CATGAGCGAAAGCTACACGC_022,76
CATGAGCGAAAGCTACACGC_023,175
CATGAGCGAAAGCTACACGC_024,149
CATGAGCGAAAGCTACACGC_025,147
GACGACCATTACAACCGGCA_001,5
GACGACCATTACAACCGGCA_002,121
GACGACCATTACAACCGGCA_003,160
GACGACCATTACAACCGGCA_004,79
GACGACCATTACAACCGGCA_005,6
GACGACCATTACAACCGGCA_006,171
GACGACCATTACAACCGGCA_007,198
CCAACTTCATAACGGGAAAG_001,60
CCAACTTCATAACGGGAAAG_002,83
CCAACTTCATAACGGGAAAG_003,13
TTGATGTTCACAGTTCCTCC_001,105
TTGATGTTCACAGTTCCTCC_002,58
TTGATGTTCACAGTTCCTCC_003,176
TTGATGTTCACAGTTCCTCC_004,188
TTGATGTTCACAGTTCCTCC_005,88
TTGATGTTCACAGTTCCTCC_006,142
TTGATGTTCACAGTTCCTCC_007,70
ACCAGTTAATAGCACCAGGT_001,109
ACCAGTTAATAGCACCAGGT_002,69
ACCAGTTAATAGCACCAGGT_003,177
ACCAGTTAATAGCACCAGGT_004,186
ACCAGTTAATAGCACCAGGT_005,199
ACCAGTTAATAGCACCAGGT_006,146
ACCAGTTAATAGCACCAGGT_007,146
AGTCGTGTCTGAGTTAGCAG_001,157
AGTCGTGTCTGAGTTAGCAG_002,137
AGTCGTGTCTGAGTTAGCAG_003,162
AGTCGTGTCTGAGTTAGCAG_004,65
AGTCGTGTCTGAGTTAGCAG_005,84
AGTCGTGTCTGAGTTAGCAG_006,170
AGTCGTGTCTGAGTTAGCAG_007,156
AGTCGTGTCTGAGTTAGCAG_008,163
AGTCGTGTCTGAGTTAGCAG_009,30
AGTCGTGTCTGAGTTAGCAG_010,127
AGTCGTGTCTGAGTTAGCAG_011,70
AGTCGTGTCTGAGTTAGCAG_012,48
AGTCGTGTCTGAGTTAGCAG_013,31
AGTCGTGTCTGAGTTAGCAG_014,66
AGTCGTGTCTGAGTTAGCAG_015,81
AGTCGTGTCTGAGTTAGCAG_016,37
AGTCGTGTCTGAGTTAGCAG_017,45
AGTCGTGTCTGAGTTAGCAG_018,167
CTCAGGGTCCCCGTACAGGT_001,134
CTCAGGGTCCCCGTACAGGT_002,171
CTCAGGGTCCCCGTACAGGT_003,48
CTCAGGGTCCCCGTACAGGT_004,172
CTCAGGGTCCCCGTACAGGT_005,164
CTCAGGGTCCCCGTACAGGT_006,63
CTCAGGGTCCCCGTACAGGT_007,28
CTCAGGGTCCCCGTACAGGT_008,143
CTCAGGGTCCCCGTACAGGT_009,140
CTCAGGGTCCCCGTACAGGT_010,194
CTCAGGGTCCCCGTACAGGT_011,169
CTCAGGGTCCCCGTACAGGT_012,169
CTCAGGGTCCCCGTACAGGT_013,61
CTCAGGGTCCCCGTACAGGT_014,73
GAACTCGAATATGGCCAGCG_001,139
GAACTCGAATATGGCCAGCG_002,32
GAACTCGAATATGGCCAGCG_003,0
GAACTCGAATATGGCCAGCG_004,158
GAACTCGAATATGGCCAGCG_005,132
GAACTCGAATATGGCCAGCG_006,195
GAACTCGAATATGGCCAGCG_007,2
TGGCGGCACATTCGGGCTGA_001,105
TGGCGGCACATTCGGGCTGA_002,181
TGGCGGCACATTCGGGCTGA_003,133
TGGCGGCACATTCGGGCTGA_004,45
TGGCGGCACATTCGGGCTGA_005,188
TGGCGGCACATTCGGGCTGA_006,46
TGGCGGCACATTCGGGCTGA_007,107
TGGCGGCACATTCGGGCTGA_008,31
TGGCGGCACATTCGGGCTGA_009,198
CAGCCATCAAGACCAAAGGT_001,94
CAGCCATCAAGACCAAAGGT_002,49
CAGCCATCAAGACCAAAGGT_003,42
CAGCCATCAAGACCAAAGGT_004,131
CAGCCATCAAGACCAAAGGT_005,81
CAGCCATCAAGACCAAAGGT_006,71
CAGCCATCAAGACCAAAGGT_007,30
CAGCCATCAAGACCAAAGGT_008,149
CAGCCATCAAGACCAAAGGT_009,108
CAGCCATCAAGACCAAAGGT_010,82
CAGCCATCAAGACCAAAGGT_011,190
CAGCCATCAAGACCAAAGGT_012,165
CAGCCATCAAGACCAAAGGT_013,75
CAGCCATCAAGACCAAAGGT_014,106
CAGCCATCAAGACCAAAGGT_015,160
CAGCCATCAAGACCAAAGGT_016,152
CAGCCATCAAGACCAAAGGT_017,49
CAGCCATCAAGACCAAAGGT_018,147
CAGCCATCAAGACCAAAGGT_019,180
TCAGCGTATCGACCCGACTC_001,93
TCAGCGTATCGACCCGACTC_002,36
TGCCAATCACACTCCCTGTG_001,160
TGCCAATCACACTCCCTGTG_002,137
TGCCAATCACACTCCCTGTG_003,74
TGCCAATCACACTCCCTGTG_004,67
GCGTCATTCAGCCGAAAAGG_001,92
GCGTCATTCAGCCGAAAAGG_002,172
GCGTCATTCAGCCGAAAAGG_003,175
GCGTCATTCAGCCGAAAAGG_004,68
GCGTCATTCAGCCGAAAAGG_005,186
GCGTCATTCAGCCGAAAAGG_006,85
GCGTCATTCAGCCGAAAAGG_007,121
GCGTCATTCAGCCGAAAAGG_008,0
GCGTCATTCAGCCGAAAAGG_009,5
GCGTCATTCAGCCGAAAAGG_010,28
GGACGGTGGTGAAACCCGCG_001,134
GGACGGTGGTGAAACCCGCG_002,13
GGACGGTGGTGAAACCCGCG_003,128
GGACGGTGGTGAAACCCGCG_004,134
GGACGGTGGTGAAACCCGCG_005,141
GGACGGTGGTGAAACCCGCG_006,82
GGACGGTGGTGAAACCCGCG_007,30
GGACGGTGGTGAAACCCGCG_008,108
GGACGGTGGTGAAACCCGCG_009,41
GGACGGTGGTGAAACCCGCG_010,58
GGACGGTGGTGAAACCCGCG_011,121
GGACGGTGGTGAAACCCGCG_012,198
GGACGGTGGTGAAACCCGCG_013,63
GGACGGTGGTGAAACCCGCG_014,197
GGACGGTGGTGAAACCCGCG_015,148
GGACGGTGGTGAAACCCGCG_016,48
GGACGGTGGTGAAACCCGCG_017,185
CAACCAGAGAAATATGTAGT_001,45
CAACCAGAGAAATATGTAGT_002,6
CAACCAGAGAAATATGTAGT_003,34
CAACCAGAGAAATATGTAGT_004,81
CAACCAGAGAAATATGTAGT_005,138
CAACCAGAGAAATATGTAGT_006,113
CAGGGAGAATAAATCCCCAG_001,112
CAGGGAGAATAAATCCCCAG_002,105
CAGGGAGAATAAATCCCCAG_003,115
CAGGGAGAATAAATCCCCAG_004,133
TCGCGTGCAAGTCCACCCTG_001,174
TCGCGTGCAAGTCCACCCTG_002,98
TCGCGTGCAAGTCCACCCTG_003,69
TCGCGTGCAAGTCCACCCTG_004,96
TCGCGTGCAAGTCCACCCTG_005,1
TCGCGTGCAAGTCCACCCTG_006,146
TCGCGTGCAAGTCCACCCTG_007,16
TCGCGTGCAAGTCCACCCTG_008,26
TCGCGTGCAAGTCCACCCTG_009,149
TCGCGTGCAAGTCCACCCTG_010,74
TCGCGTGCAAGTCCACCCTG_011,191
TCGCGTGCAAGTCCACCCTG_012,179
TGTTGAAGGGTGTACACATG_001,86
TGTTGAAGGGTGTACACATG_002,70
TGTTGAAGGGTGTACACATG_003,30
AGCACACAGGCTGAGCGCTG_001,58
AGCACACAGGCTGAGCGCTG_002,138
AGCACACAGGCTGAGCGCTG_003,0
AGCACACAGGCTGAGCGCTG_004,28
AGCACACAGGCTGAGCGCTG_005,148
AGCACACAGGCTGAGCGCTG_006,170
AGCACACAGGCTGAGCGCTG_007,73
AGCACACAGGCTGAGCGCTG_008,79
AGCACACAGGCTGAGCGCTG_009,126
AGCACACAGGCTGAGCGCTG_010,81
AGCACACAGGCTGAGCGCTG_011,145
AGCACACAGGCTGAGCGCTG_012,81
AGCACACAGGCTGAGCGCTG_013,25
AGCACACAGGCTGAGCGCTG_014,35
AGCACACAGGCTGAGCGCTG_015,179
AGCACACAGGCTGAGCGCTG_016,38
AGCACACAGGCTGAGCGCTG_017,105
AGCACACAGGCTGAGCGCTG_018,180
AGCACACAGGCTGAGCGCTG_019,35
AGCACACAGGCTGAGCGCTG_020,158
AGCACACAGGCTGAGCGCTG_021,48
AGCACACAGGCTGAGCGCTG_022,53
AGCACACAGGCTGAGCGCTG_023,55
AGCACACAGGCTGAGCGCTG_024,127
AGCACACAGGCTGAGCGCTG_025,12
AGCACACAGGCTGAGCGCTG_026,142
AGCACACAGGCTGAGCGCTG_027,20
AGCACACAGGCTGAGCGCTG_028,52
AGCACACAGGCTGAGCGCTG_029,104
AACAGCAATGGCGAACTCCG_001,191
AACAGCAATGGCGAACTCCG_002,105
AACAGCAATGGCGAACTCCG_003,69
AACAGCAATGGCGAACTCCG_004,62
AACAGCAATGGCGAACTCCG_005,158
AACAGCAATGGCGAACTCCG_006,152
GCCAGGGTTAGTGAAGCTAG_001,62
GCCAGGGTTAGTGAAGCTAG_002,127
GCCAGGGTTAGTGAAGCTAG_003,161
GCCAGGGTTAGTGAAGCTAG_004,161
GCCAGGGTTAGTGAAGCTAG_005,175
GCCAGGGTTAGTGAAGCTAG_006,49
GCCAGGGTTAGTGAAGCTAG_007,166
GCCAGGGTTAGTGAAGCTAG_008,120
GCCAGGGTTAGTGAAGCTAG_009,182
GCCAGGGTTAGTGAAGCTAG_010,1
GCCAGGGTTAGTGAAGCTAG_011,175
GCCAGGGTTAGTGAAGCTAG_012,73
GCCAGGGTTAGTGAAGCTAG_013,116
GCCAGGGTTAGTGAAGCTAG_014,182
GCCAGGGTTAGTGAAGCTAG_015,141
GCCAGGGTTAGTGAAGCTAG_016,23
GCCAGGGTTAGTGAAGCTAG_017,32
GCCAGGGTTAGTGAAGCTAG_018,8
GCCAGGGTTAGTGAAGCTAG_019,150
GCCAGGGTTAGTGAAGCTAG_020,27
GCCAGGGTTAGTGAAGCTAG_021,75
GCCAGGGTTAGTGAAGCTAG_022,113
GCCAGGGTTAGTGAAGCTAG_023,56
GCCAGGGTTAGTGAAGCTAG_024,19
ACTGCATTGACCCTTACAAG_001,50
ACTGCATTGACCCTTACAAG_002,190
ACTGCATTGACCCTTACAAG_003,41
ACTGCATTGACCCTTACAAG_004,129
ACTGCATTGACCCTTACAAG_005,188
GCAGATCAAAAGACATCCGG_001,76
GCAGATCAAAAGACATCCGG_002,188
GCAGATCAAAAGACATCCGG_003,63
GCAGATCAAAAGACATCCGG_004,19
GCAGATCAAAAGACATCCGG_005,191
GCAGATCAAAAGACATCCGG_006,77
GCAGATCAAAAGACATCCGG_007,144
GAAGGCGTAGACTTATCTGA_001,181
GAAGGCGTAGACTTATCTGA_002,76
GAAGGCGTAGACTTATCTGA_003,100
GAAGGCGTAGACTTATCTGA_004,94
GAAGGCGTAGACTTATCTGA_005,104
GAAGGCGTAGACTTATCTGA_006,64
GAAGGCGTAGACTTATCTGA_007,8
GAAGGCGTAGACTTATCTGA_008,88
TATACAGTTGACACACCTCA_001,163
TATACAGTTGACACACCTCA_002,8
TATACAGTTGACACACCTCA_003,77
TATACAGTTGACACACCTCA_004,195
TATACAGTTGACACACCTCA_005,138
TATACAGTTGACACACCTCA_006,158
TATACAGTTGACACACCTCA_007,80
AAGTCTTTGGACATAGCACC_001,58
AAGTCTTTGGACATAGCACC_002,4
AAGTCTTTGGACATAGCACC_003,56
TACCGCTGTATCACTTGTGA_001,63
TACCGCTGTATCACTTGTGA_002,54
TACCGCTGTATCACTTGTGA_003,137
GACTGTCAGAAGCTATCTGG_001,53
GACTGTCAGAAGCTATCTGG_002,150
GACTGTCAGAAGCTATCTGG_003,83
GACTGTCAGAAGCTATCTGG_004,1
GACTGTCAGAAGCTATCTGG_005,1
GACTGTCAGAAGCTATCTGG_006,33
GACTGTCAGAAGCTATCTGG_007,123
GACTGTCAGAAGCTATCTGG_008,13
GACTGTCAGAAGCTATCTGG_009,132
GACTGTCAGAAGCTATCTGG_010,77
GACTGTCAGAAGCTATCTGG_011,180
GACTGTCAGAAGCTATCTGG_012,173
GACTGTCAGAAGCTATCTGG_013,80
GACTGTCAGAAGCTATCTGG_014,52
GACTGTCAGAAGCTATCTGG_015,49
GACTGTCAGAAGCTATCTGG_016,175
TTGTATGGGTTGTGTAGATG_001,6
TTGTATGGGTTGTGTAGATG_002,85
TTGTATGGGTTGTGTAGATG_003,191
TTGTATGGGTTGTGTAGATG_004,100
TTGTATGGGTTGTGTAGATG_005,80
TTGTATGGGTTGTGTAGATG_006,129
TTGTATGGGTTGTGTAGATG_007,82
TTGTATGGGTTGTGTAGATG_008,179
TTGTATGGGTTGTGTAGATG_009,92
TTGTATGGGTTGTGTAGATG_010,123
TTGTATGGGTTGTGTAGATG_011,128
TTGTATGGGTTGTGTAGATG_012,194
TTGTATGGGTTGTGTAGATG_013,109
TTGTATGGGTTGTGTAGATG_014,20
TTGTATGGGTTGTGTAGATG_015,77
TTGTATGGGTTGTGTAGATG_016,2
GGACTCCAGGTATAACACAT_001,78
GGACTCCAGGTATAACACAT_002,16
GGACTCCAGGTATAACACAT_003,41
GGACTCCAGGTATAACACAT_004,121
GGACTCCAGGTATAACACAT_005,124
AAGGCAAGGACTCTTTCAAG_001,65
AAGGCAAGGACTCTTTCAAG_002,108
AAGGCAAGGACTCTTTCAAG_003,191
AAGGTCCCTGTACATTCACA_001,62
AAGGTCCCTGTACATTCACA_002,92
AAGGTCCCTGTACATTCACA_003,43
AAGGTCCCTGTACATTCACA_004,29
AAGGTCCCTGTACATTCACA_005,33
AAGGTCCCTGTACATTCACA_006,169
AAGGTCCCTGTACATTCACA_007,41
AAGGTCCCTGTACATTCACA_008,89
AAGGTCCCTGTACATTCACA_009,146
AAGGTCCCTGTACATTCACA_010,19
AAGGTCCCTGTACATTCACA_011,105
AAGGTCCCTGTACATTCACA_012,78
AAGGTCCCTGTACATTCACA_013,162
AAGGTCCCTGTACATTCACA_014,49
AAGGTCCCTGTACATTCACA_015,152
AAGGTCCCTGTACATTCACA_016,123
CGCCCAGGAATAGTTAGGAG_001,182
CGCCCAGGAATAGTTAGGAG_002,197
CGCCCAGGAATAGTTAGGAG_003,48
CGCCCAGGAATAGTTAGGAG_004,104
CGCCCAGGAATAGTTAGGAG_005,177
CGCCCAGGAATAGTTAGGAG_006,181
CGCCCAGGAATAGTTAGGAG_007,56
CGCCCAGGAATAGTTAGGAG_008,115
AAGGTTTCGCGAGCGTCTAG_001,4
AAGGTTTCGCGAGCGTCTAG_002,16
AAGGTTTCGCGAGCGTCTAG_003,84
AAGGTTTCGCGAGCGTCTAG_004,14
AAGGTTTCGCGAGCGTCTAG_005,22
AAGGTTTCGCGAGCGTCTAG_006,97
AAGGTTTCGCGAGCGTCTAG_007,74
TCTATCTGCTATCCATCGCA_001,158
TACAGGGCAGAAACCGAGCG_001,77
TACAGGGCAGAAACCGAGCG_002,172
TACAGGGCAGAAACCGAGCG_003,77
TACAGGGCAGAAACCGAGCG_004,129
TACAGGGCAGAAACCGAGCG_005,29
TACAGGGCAGAAACCGAGCG_006,27
TACAGGGCAGAAACCGAGCG_007,195
TACAGGGCAGAAACCGAGCG_008,90
TACAGGGCAGAAACCGAGCG_009,13
TACAGGGCAGAAACCGAGCG_010,64
GCAGGGTGACTGTACGGATG_001,156
GCAGGGTGACTGTACGGATG_002,105
GCAGGGTGACTGTACGGATG_003,103
GCAGGGTGACTGTACGGATG_004,158
GCAGGGTGACTGTACGGATG_005,128
GCAGGGTGACTGTACGGATG_006,192
GCAGGGTGACTGTACGGATG_007,105
AAATAACAGACCTCAAAGTG_001,76
AAATAACAGACCTCAAAGTG_002,9
AAATAACAGACCTCAAAGTG_003,122
AAATAACAGACCTCAAAGTG_004,78
AAATAACAGACCTCAAAGTG_005,1
AAATAACAGACCTCAAAGTG_006,41
AAATAACAGACCTCAAAGTG_007,114
AGGGGTGGAAACTTGGAACT_001,130
AGGGGTGGAAACTTGGAACT_002,53
AGGGGTGGAAACTTGGAACT_003,23
AGGGGTGGAAACTTGGAACT_004,187
GGTCCGAATATGCATCTTCA_001,30
GGTCCGAATATGCATCTTCA_002,162
GGTCCGAATATGCATCTTCA_003,68
GGTCCGAATATGCATCTTCA_004,31
GGTCCGAATATGCATCTTCA_005,126
GAAAAGTCTAGGTTCCTCAA_001,42
GAAAAGTCTAGGTTCCTCAA_002,117
GAAAAGTCTAGGTTCCTCAA_003,52
GAAAAGTCTAGGTTCCTCAA_004,77
GAAAAGTCTAGGTTCCTCAA_005,169
GAAAAGTCTAGGTTCCTCAA_006,62
GAAAAGTCTAGGTTCCTCAA_007,57
AGGAGGGAAATAGTCGTGCA_001,23
AGGAGGGAAATAGTCGTGCA_002,8
AGGAGGGAAATAGTCGTGCA_003,190
AGGAGGGAAATAGTCGTGCA_004,184
AGGAGGGAAATAGTCGTGCA_005,48
AGGAGGGAAATAGTCGTGCA_006,104
AGGAGGGAAATAGTCGTGCA_007,199
AGGAGGGAAATAGTCGTGCA_008,84
AGGAGGGAAATAGTCGTGCA_009,131
AGGAGGGAAATAGTCGTGCA_010,81
AGGAGGGAAATAGTCGTGCA_011,124
AGGAGGGAAATAGTCGTGCA_012,10
AGGAGGGAAATAGTCGTGCA_013,13
TCACCATCCTTAAAACCGGG_001,192
TCACCATCCTTAAAACCGGG_002,7
TCACCATCCTTAAAACCGGG_003,183
TCACCATCCTTAAAACCGGG_004,147
TCACTCGCAGACCCAATGAG_001,53
TCACTCGCAGACCCAATGAG_002,43
TCACTCGCAGACCCAATGAG_003,168
TCACTCGCAGACCCAATGAG_004,137
TCACTCGCAGACCCAATGAG_005,150
TCACTCGCAGACCCAATGAG_006,23
TCACTCGCAGACCCAATGAG_007,15
TCACTCGCAGACCCAATGAG_008,69
CGGGCAGGTTCAACAACCCG_001,102
CGGGCAGGTTCAACAACCCG_002,50
CGGGCAGGTTCAACAACCCG_003,34
GAGAGCAACTTCGTACAGGT_001,88
GAGAGCAACTTCGTACAGGT_002,157
GAGAGCAACTTCGTACAGGT_003,197
GAGAGCAACTTCGTACAGGT_004,78
GAGAGCAACTTCGTACAGGT_005,165
GAGAGCAACTTCGTACAGGT_006,191
GGTCCCAAAAGGAGTCAACA_001,175
GGTCCCAAAAGGAGTCAACA_002,148
GGTCCCAAAAGGAGTCAACA_003,75
GGTCCCAAAAGGAGTCAACA_004,27
TACAGACTCTCAGCCTACAG_001,52
TACAGACTCTCAGCCTACAG_002,23
TACAGACTCTCAGCCTACAG_003,129
GGGTCAGGCAGTCCGCATAG_001,142
GGGTCAGGCAGTCCGCATAG_002,181
GGGTCAGGCAGTCCGCATAG_003,115
GGGTCAGGCAGTCCGCATAG_004,98
GGGTCAGGCAGTCCGCATAG_005,130
GGGTCAGGCAGTCCGCATAG_006,19
GGGTCAGGCAGTCCGCATAG_007,150
GGGTCAGGCAGTCCGCATAG_008,150
GGGTCAGGCAGTCCGCATAG_009,145
GGGTCAGGCAGTCCGCATAG_010,130
GGGTCAGGCAGTCCGCATAG_011,20
GGGTCAGGCAGTCCGCATAG_012,120
GGGTCAGGCAGTCCGCATAG_013,144
GGGTCAGGCAGTCCGCATAG_014,182
GGGTCAGGCAGTCCGCATAG_015,144
GGGTCAGGCAGTCCGCATAG_016,149
GGGTCAGGCAGTCCGCATAG_017,63
CTCAACTCACCGCGGCAGAC_001,107
CTCAACTCACCGCGGCAGAC_002,70
CTCAACTCACCGCGGCAGAC_003,88
CTCAACTCACCGCGGCAGAC_004,63
CTCAACTCACCGCGGCAGAC_005,98
CTCAACTCACCGCGGCAGAC_006,15
CTCAACTCACCGCGGCAGAC_007,68
CTCAACTCACCGCGGCAGAC_008,8
CTCAACTCACCGCGGCAGAC_009,86
CTCAACTCACCGCGGCAGAC_010,56
CTCAACTCACCGCGGCAGAC_011,147
CTCAACTCACCGCGGCAGAC_012,162
CTCAACTCACCGCGGCAGAC_013,98
CTCAACTCACCGCGGCAGAC_014,188
CTCAACTCACCGCGGCAGAC_015,145
CTCAACTCACCGCGGCAGAC_016,68
CTCAACTCACCGCGGCAGAC_017,49
CTCAACTCACCGCGGCAGAC_018,78
CTCAACTCACCGCGGCAGAC_019,190
CTCAACTCACCGCGGCAGAC_020,76
CTCAACTCACCGCGGCAGAC_021,69
CTCAACTCACCGCGGCAGAC_022,60
CTCAACTCACCGCGGCAGAC_023,108
CTCAACTCACCGCGGCAGAC_024,196
CTCAACTCACCGCGGCAGAC_025,6
CTCAACTCACCGCGGCAGAC_026,80
CTCAACTCACCGCGGCAGAC_027,147
CTCAACTCACCGCGGCAGAC_028,168
CTCAACTCACCGCGGCAGAC_029,175
CTCAACTCACCGCGGCAGAC_030,175
CTCAACTCACCGCGGCAGAC_031,63
CTCAACTCACCGCGGCAGAC_032,177
GCACCTCTCGCAGACGCGCA_001,104
GCACCTCTCGCAGACGCGCA_002,105
GCACCTCTCGCAGACGCGCA_003,149
GCACCTCTCGCAGACGCGCA_004,176
GCACCTCTCGCAGACGCGCA_005,188
GCACCTCTCGCAGACGCGCA_006,107
GCACCTCTCGCAGACGCGCA_007,130
GCACCTCTCGCAGACGCGCA_008,62
GCACCTCTCGCAGACGCGCA_009,34
GCACCTCTCGCAGACGCGCA_010,68
GCACCTCTCGCAGACGCGCA_011,15
GCACCTCTCGCAGACGCGCA_012,111
GCACCTCTCGCAGACGCGCA_013,70
GCACCTCTCGCAGACGCGCA_014,36
GCACCTCTCGCAGACGCGCA_015,94
GCACCTCTCGCAGACGCGCA_016,76
GCACCTCTCGCAGACGCGCA_017,41
GCACCTCTCGCAGACGCGCA_018,137
GCACCTCTCGCAGACGCGCA_019,178
GCACCTCTCGCAGACGCGCA_020,108
GCACCTCTCGCAGACGCGCA_021,113
GCACCTCTCGCAGACGCGCA_022,169
GCACCTCTCGCAGACGCGCA_023,19
GCACCTCTCGCAGACGCGCA_024,125
GCACCTCTCGCAGACGCGCA_025,174
GCACCTCTCGCAGACGCGCA_026,138
GCACCTCTCGCAGACGCGCA_027,3
GCACCTCTCGCAGACGCGCA_028,148
GCACCTCTCGCAGACGCGCA_029,187
GCACCTCTCGCAGACGCGCA_030,140
GCACCTCTCGCAGACGCGCA_031,166
GCACCTCTCGCAGACGCGCA_032,99
GCACCTCTCGCAGACGCGCA_033,45
GCACCTCTCGCAGACGCGCA_034,144
GCAGCCTGCTATGACCTACT_001,75
GCAGCCTGCTATGACCTACT_002,183
GCAGCCTGCTATGACCTACT_003,180
TCAGATTCCGCAAGGGTCCA_001,56
TCAGATTCCGCAAGGGTCCA_002,26
TCAGATTCCGCAAGGGTCCA_003,22
TCAGATTCCGCAAGGGTCCA_004,174
TCAGATTCCGCAAGGGTCCA_005,174
TCAGATTCCGCAAGGGTCCA_006,124
TCAGATTCCGCAAGGGTCCA_007,15
TCAGATTCCGCAAGGGTCCA_008,60
TCAGATTCCGCAAGGGTCCA_009,107
TCAGATTCCGCAAGGGTCCA_010,42
TCAGATTCCGCAAGGGTCCA_011,48
TCAGATTCCGCAAGGGTCCA_012,188
TCAGATTCCGCAAGGGTCCA_013,184
TCAGATTCCGCAAGGGTCCA_014,134
TCAGATTCCGCAAGGGTCCA_015,63
TCAGATTCCGCAAGGGTCCA_016,63
TCAGATTCCGCAAGGGTCCA_017,63
TCAGATTCCGCAAGGGTCCA_018,58
ATTCCTACAACAATGACATG_001,13
ATTCCTACAACAATGACATG_002,44
ATTCCTACAACAATGACATG_003,152
GCAGGAATTCCACACGCTCG_001,8
GCAGGAATTCCACACGCTCG_002,107
GCAGGAATTCCACACGCTCG_003,124
GCAGGAATTCCACACGCTCG_004,1
GATGGGAGCTTACAAATGGG_001,62
GATGGGAGCTTACAAATGGG_002,84
GATGGGAGCTTACAAATGGG_003,124
GATGGGAGCTTACAAATGGG_004,70
GATGGGAGCTTACAAATGGG_005,159
GATGGGAGCTTACAAATGGG_006,194
GATGGGAGCTTACAAATGGG_007,173
GATGGGAGCTTACAAATGGG_008,39
GATGGGAGCTTACAAATGGG_009,41
CACCAATAAGAATCATAGGG_001,112
CACCAATAAGAATCATAGGG_002,49
CACCAATAAGAATCATAGGG_003,81
CACCAATAAGAATCATAGGG_004,162
CACCAATAAGAATCATAGGG_005,130
CACCAATAAGAATCATAGGG_006,116
CACCAATAAGAATCATAGGG_007,170
CACCAATAAGAATCATAGGG_008,192
CACCAATAAGAATCATAGGG_009,15
CACCAATAAGAATCATAGGG_010,14
CACCAATAAGAATCATAGGG_011,83
CACCAATAAGAATCATAGGG_012,10
CACCAATAAGAATCATAGGG_013,184
CACCAATAAGAATCATAGGG_014,77
AGAAAGGAGTTACCAGTCCG_001,1
AGAAAGGAGTTACCAGTCCG_002,150
AGAAAGGAGTTACCAGTCCG_003,26
AGAAAGGAGTTACCAGTCCG_004,84
AGAAAGGAGTTACCAGTCCG_005,4
AGAAAGGAGTTACCAGTCCG_006,185
AGAAAGGAGTTACCAGTCCG_007,185
AGAAAGGAGTTACCAGTCCG_008,114
AGAAAGGAGTTACCAGTCCG_009,100
AGAAAGGAGTTACCAGTCCG_010,148
AGAAAGGAGTTACCAGTCCG_011,147
AGAAAGGAGTTACCAGTCCG_012,115
AGAAAGGAGTTACCAGTCCG_013,15
AGAAAGGAGTTACCAGTCCG_014,121
AGAAAGGAGTTACCAGTCCG_015,124
AGAAAGGAGTTACCAGTCCG_016,152
TGTGGTAAAAGGTCATAGCA_001,88
TGTGGTAAAAGGTCATAGCA_002,76
TGTGGTAAAAGGTCATAGCA_003,0
TGTGGTAAAAGGTCATAGCA_004,196
TGTGGTAAAAGGTCATAGCA_005,97
TGTGGTAAAAGGTCATAGCA_006,11
TGTGGTAAAAGGTCATAGCA_007,105
TGTGGTAAAAGGTCATAGCA_008,125
TGTGGTAAAAGGTCATAGCA_009,91
TGTGGTAAAAGGTCATAGCA_010,41
TGTGGTAAAAGGTCATAGCA_011,176
TGAATATACTTGCCTGACCA_001,84
TGAATATACTTGCCTGACCA_002,50
TGAATATACTTGCCTGACCA_003,15
CCAGAGGTACATTACCAGAG_001,35
CCAGAGGTACATTACCAGAG_002,74
CCAGAGGTACATTACCAGAG_003,94
CCAGAGGTACATTACCAGAG_004,88
AATGCCTTGAGACAGCTACA_001,32
AATGCCTTGAGACAGCTACA_002,70
AATGCCTTGAGACAGCTACA_003,198
AATGCCTTGAGACAGCTACA_004,155
AATGCCTTGAGACAGCTACA_005,66
AATGCCTTGAGACAGCTACA_006,118
AATGCCTTGAGACAGCTACA_007,79
AATGCCTTGAGACAGCTACA_008,22
AATGCCTTGAGACAGCTACA_009,182
TCCCTGAACAGGATTATGAG_001,49
TCCCTGAACAGGATTATGAG_002,154
TCCCTGAACAGGATTATGAG_003,176
TCCCTGAACAGGATTATGAG_004,70
TCCCTGAACAGGATTATGAG_005,168
TCCCTGAACAGGATTATGAG_006,6
TCCCTGAACAGGATTATGAG_007,105
TCCCTGAACAGGATTATGAG_008,7
ACCCAACCGAAATAAATTCA_001,158
ACCCAACCGAAATAAATTCA_002,38
ACCCAACCGAAATAAATTCA_003,5
ACCCAACCGAAATAAATTCA_004,197
AATCTCTAGACAATGTATCG_001,144
AATCTCTAGACAATGTATCG_002,62
AATCTCTAGACAATGTATCG_003,28
AATCTCTAGACAATGTATCG_004,130
AATCTCTAGACAATGTATCG_005,68
AATCTCTAGACAATGTATCG_006,84
AATCTCTAGACAATGTATCG_007,27
AATCTCTAGACAATGTATCG_008,58
AATCTCTAGACAATGTATCG_009,177
GTGCTGTCGAGTCTGCACGG_001,78
GTGCTGTCGAGTCTGCACGG_002,184
GTGCTGTCGAGTCTGCACGG_003,39
GTGCTGTCGAGTCTGCACGG_004,54
GTGCTGTCGAGTCTGCACGG_005,54
GTGCTGTCGAGTCTGCACGG_006,91
GTGCTGTCGAGTCTGCACGG_007,50
GTGCTGTCGAGTCTGCACGG_008,180
ACTCACCGGTTGAAATACGA_001,104
ACTCACCGGTTGAAATACGA_002,69
ACTCACCGGTTGAAATACGA_003,87
ACTCACCGGTTGAAATACGA_004,87
ACTCACCGGTTGAAATACGA_005,81
ACTCACCGGTTGAAATACGA_006,9
ACTCACCGGTTGAAATACGA_007,169
ACTCACCGGTTGAAATACGA_008,197
ACTCACCGGTTGAAATACGA_009,77
ACTCACCGGTTGAAATACGA_010,160
ACTCACCGGTTGAAATACGA_011,117
ACTCACCGGTTGAAATACGA_012,32
ACTCACCGGTTGAAATACGA_013,144
ACTCACCGGTTGAAATACGA_014,94
ACTCACCGGTTGAAATACGA_015,106
ACTCACCGGTTGAAATACGA_016,152
ACTCACCGGTTGAAATACGA_017,12
ACTCACCGGTTGAAATACGA_018,48
CTGTGTGCCTTACCAGACCA_001,85
CTGTGTGCCTTACCAGACCA_002,123
CTGTGTGCCTTACCAGACCA_003,123
CTGTGTGCCTTACCAGACCA_004,48
CTGTGTGCCTTACCAGACCA_005,182
CTGTGTGCCTTACCAGACCA_006,193
CTGTGTGCCTTACCAGACCA_007,35
CTGTGTGCCTTACCAGACCA_008,17
CTGTGTGCCTTACCAGACCA_009,24
CTGTGTGCCTTACCAGACCA_010,40
CTGTGTGCCTTACCAGACCA_011,59
CTGTGTGCCTTACCAGACCA_012,148
CTGTGTGCCTTACCAGACCA_013,0
CTGTGTGCCTTACCAGACCA_014,9
CTGTGTGCCTTACCAGACCA_015,162
CTGTGTGCCTTACCAGACCA_016,2
CTGTGTGCCTTACCAGACCA_017,96
CTGTGTGCCTTACCAGACCA_018,53
CTGTGTGCCTTACCAGACCA_019,199
CTGTGTGCCTTACCAGACCA_020,63
CTGTGTGCCTTACCAGACCA_021,121
CTGTGTGCCTTACCAGACCA_022,81
CTGTGTGCCTTACCAGACCA_023,0
CTGTGTGCCTTACCAGACCA_024,129
GTGGCCCATGAGACAGCGCG_001,137
GTGGCCCATGAGACAGCGCG_002,146
GTGGCCCATGAGACAGCGCG_003,31
GTGGCCCATGAGACAGCGCG_004,193
GTGGCCCATGAGACAGCGCG_005,15
GTGGCCCATGAGACAGCGCG_006,44
GTGGCCCATGAGACAGCGCG_007,137
GTGGCCCATGAGACAGCGCG_008,141
GTGGCCCATGAGACAGCGCG_009,63
GTGGCCCATGAGACAGCGCG_010,98
GTGGCCCATGAGACAGCGCG_011,108
GTGGCCCATGAGACAGCGCG_012,11
GTGGCCCATGAGACAGCGCG_013,160
GTGGCCCATGAGACAGCGCG_014,80
GTGGCCCATGAGACAGCGCG_015,161
GTGGCCCATGAGACAGCGCG_016,120
GTGGCCCATGAGACAGCGCG_017,150
GTGGCCCATGAGACAGCGCG_018,197
GTGGCCCATGAGACAGCGCG_019,111
GATTATGTGGAGGAGAATCG_001,171
GATTATGTGGAGGAGAATCG_002,20
TTCTCTAGACTAGTCCCCCT_001,134
TTCTCTAGACTAGTCCCCCT_002,170
TTCTCTAGACTAGTCCCCCT_003,1
TTCTCTAGACTAGTCCCCCT_004,181
TTCTCTAGACTAGTCCCCCT_005,105
TTCTCTAGACTAGTCCCCCT_006,191
TTCTCTAGACTAGTCCCCCT_007,169
TTCTCTAGACTAGTCCCCCT_008,48
TTCTCTAGACTAGTCCCCCT_009,58
TTCTCTAGACTAGTCCCCCT_010,192
TTCTCTAGACTAGTCCCCCT_011,185
TTCTCTAGACTAGTCCCCCT_012,177
TTCTCTAGACTAGTCCCCCT_013,175
TTCTCTAGACTAGTCCCCCT_014,175
TTCTCTAGACTAGTCCCCCT_015,116
CAGCAAGCGCCGTGACAGCG_001,170
CAGCAAGCGCCGTGACAGCG_002,58
CAGCAAGCGCCGTGACAGCG_003,172
CAGCAAGCGCCGTGACAGCG_004,191
CAGCAAGCGCCGTGACAGCG_005,169
CAGCAAGCGCCGTGACAGCG_006,117
CAGCAAGCGCCGTGACAGCG_007,16
CAGCAAGCGCCGTGACAGCG_008,120
CAGCAAGCGCCGTGACAGCG_009,192
CAGCAAGCGCCGTGACAGCG_010,150
CAGCAAGCGCCGTGACAGCG_011,177
CAGCAAGCGCCGTGACAGCG_012,175
CAGCAAGCGCCGTGACAGCG_013,171
CAGCAAGCGCCGTGACAGCG_014,105
CAGCAAGCGCCGTGACAGCG_015,156
CAGCAAGCGCCGTGACAGCG_016,26
CAGCAAGCGCCGTGACAGCG_017,139
CAGCAAGCGCCGTGACAGCG_018,72
CAGCAAGCGCCGTGACAGCG_019,10
ACCTAGGTCTCAGGGCACGG_001,25
ACCTAGGTCTCAGGGCACGG_002,97
ACCTAGGTCTCAGGGCACGG_003,100
ACCTAGGTCTCAGGGCACGG_004,91
ACCTAGGTCTCAGGGCACGG_005,68
ACCTAGGTCTCAGGGCACGG_006,109
ACCTAGGTCTCAGGGCACGG_007,42
ACCTAGGTCTCAGGGCACGG_008,194
ACCTAGGTCTCAGGGCACGG_009,141
GTTTAGTTAAATTAGCTCTG_001,102
GTTTAGTTAAATTAGCTCTG_002,9
GTTTAGTTAAATTAGCTCTG_003,48
GTTTAGTTAAATTAGCTCTG_004,157
CAAGGCTAATGTGCTGACTG_001,48
CAAGGCTAATGTGCTGACTG_002,121
CAAGGCTAATGTGCTGACTG_003,88
GCCTGCCAGGAGGCTAACTA_001,43
GCCTGCCAGGAGGCTAACTA_002,81
GCCTGCCAGGAGGCTAACTA_003,184
GCCTGCCAGGAGGCTAACTA_004,48
GCCTGCCAGGAGGCTAACTA_005,132
GCCTGCCAGGAGGCTAACTA_006,102
GCCTGCCAGGAGGCTAACTA_007,106
GCCTGCCAGGAGGCTAACTA_008,17
GCCTGCCAGGAGGCTAACTA_009,76
GCCTGCCAGGAGGCTAACTA_010,81
GCCTGCCAGGAGGCTAACTA_011,149
GCCTGCCAGGAGGCTAACTA_012,103
GCCTGCCAGGAGGCTAACTA_013,46
GCCTGCCAGGAGGCTAACTA_014,95
GCCTGCCAGGAGGCTAACTA_015,13
GCCTGCCAGGAGGCTAACTA_016,175
GCCTGCCAGGAGGCTAACTA_017,41
GCCTGCCAGGAGGCTAACTA_018,175
TGACTGGTCTCTATGTTGAC_001,65
CAGAGCACGATGATGCTGAG_001,61
CAGAGCACGATGATGCTGAG_002,1
CAGAGCACGATGATGCTGAG_003,29
CAGAGCACGATGATGCTGAG_004,50
CAGAGCACGATGATGCTGAG_005,2
CAGAGCACGATGATGCTGAG_006,98
CAGAGCACGATGATGCTGAG_007,81
CAGAGCACGATGATGCTGAG_008,175
CAGAGCACGATGATGCTGAG_009,61
CAGAGCACGATGATGCTGAG_010,129
CAGAGCACGATGATGCTGAG_011,113
CAGAGCACGATGATGCTGAG_012,113
CAGAGCACGATGATGCTGAG_013,133
CAGAGCACGATGATGCTGAG_014,62
CAGAGCACGATGATGCTGAG_015,142
GGGGCTCAGCTTGGTCGACA_001,35
GGGGCTCAGCTTGGTCGACA_002,174
GGGGCTCAGCTTGGTCGACA_003,169
GGGGCTCAGCTTGGTCGACA_004,62
GGGGCTCAGCTTGGTCGACA_005,186
GGGGCTCAGCTTGGTCGACA_006,11
GGGGCTCAGCTTGGTCGACA_007,188
AGTCCACCGCATCACAGCGG_001,104
AGTCCACCGCATCACAGCGG_002,102
AGTCCACCGCATCACAGCGG_003,82
TGGTACCCACGGGCGCACGG_001,188
TGGTACCCACGGGCGCACGG_002,77
TGGTACCCACGGGCGCACGG_003,50
TGGTACCCACGGGCGCACGG_004,16
TGGTACCCACGGGCGCACGG_005,48
TGGTACCCACGGGCGCACGG_006,156
TGGTACCCACGGGCGCACGG_007,44
TGGTACCCACGGGCGCACGG_008,133
TGGTACCCACGGGCGCACGG_009,199
TGGTACCCACGGGCGCACGG_010,111
TGGTACCCACGGGCGCACGG_011,147
TGGTACCCACGGGCGCACGG_012,123
TGGTACCCACGGGCGCACGG_013,28
AGTCGCGGTACACCGGCTCA_001,160
AGTCGCGGTACACCGGCTCA_002,105
AGTCGCGGTACACCGGCTCA_003,29
AGTCGCGGTACACCGGCTCA_004,34
AGTCGCGGTACACCGGCTCA_005,147
AGTCGCGGTACACCGGCTCA_006,150
AGTCGCGGTACACCGGCTCA_007,117
AGTCGCGGTACACCGGCTCA_008,192
AGTCGCGGTACACCGGCTCA_009,63
AGTCGCGGTACACCGGCTCA_010,134
AGTCGCGGTACACCGGCTCA_011,150
AGTCGCGGTACACCGGCTCA_012,152
AGTCGCGGTACACCGGCTCA_013,175
CATAGGAAGGAAAATCACCT_001,199
CATAGGAAGGAAAATCACCT_002,44
CATAGGAAGGAAAATCACCT_003,194
CATAGGAAGGAAAATCACCT_004,50
CATAGGAAGGAAAATCACCT_005,166
CATAGGAAGGAAAATCACCT_006,61
CATAGGAAGGAAAATCACCT_007,37
CATAGGAAGGAAAATCACCT_008,113
CATAGGAAGGAAAATCACCT_009,61
CATAGGAAGGAAAATCACCT_010,65
CATAGGAAGGAAAATCACCT_011,94
CATAGGAAGGAAAATCACCT_012,76
CATAGGAAGGAAAATCACCT_013,152
CATAGGAAGGAAAATCACCT_014,34
GCTTACTTGTTCTACAGTAG_001,92
GCTTACTTGTTCTACAGTAG_002,126
GCTTACTTGTTCTACAGTAG_003,126
GAGATAAAGGTACTGAACCG_001,197
TCGATTGCATCACCACAGGT_001,193
TCGATTGCATCACCACAGGT_002,67
TCGATTGCATCACCACAGGT_003,50
TCGATTGCATCACCACAGGT_004,50
TCGATTGCATCACCACAGGT_005,43
TCGATTGCATCACCACAGGT_006,2
TCGATTGCATCACCACAGGT_007,175
TCGATTGCATCACCACAGGT_008,156
TCGATTGCATCACCACAGGT_009,10
AGGCGTAGAAAAAACCATCA_001,148
AGGCGTAGAAAAAACCATCA_002,54
AGGCGTAGAAAAAACCATCA_003,90
AGGCGTAGAAAAAACCATCA_004,84
AGGCGTAGAAAAAACCATCA_005,143
AGGCGTAGAAAAAACCATCA_006,73
AGGCGTAGAAAAAACCATCA_007,162
AGGCGTAGAAAAAACCATCA_008,185
AGGCGTAGAAAAAACCATCA_009,190
AGGCGTAGAAAAAACCATCA_010,24
AGGCGTAGAAAAAACCATCA_011,147
AGGCGTAGAAAAAACCATCA_012,184
AGGCGTAGAAAAAACCATCA_013,94
AGGCGTAGAAAAAACCATCA_014,108
AGGCGTAGAAAAAACCATCA_015,43
AGGCGTAGAAAAAACCATCA_016,40
AGGCGTAGAAAAAACCATCA_017,30
ATAGGTGTAACTACGTCACT_001,43
ATAGGTGTAACTACGTCACT_002,147
ATAGGTGTAACTACGTCACT_003,148
GGTCTTGCATAAGTGTTCGT_001,146
GGTCTTGCATAAGTGTTCGT_002,176
GGTCTTGCATAAGTGTTCGT_003,193
GGTCTTGCATAAGTGTTCGT_004,106
GGTCTTGCATAAGTGTTCGT_005,16
CTCATGCAAACAGAACGCCC_001,91
CAGTGTCCCGCAGACAGGCG_001,83
CAGTGTCCCGCAGACAGGCG_002,172
CAGTGTCCCGCAGACAGGCG_003,114
CAGTGTCCCGCAGACAGGCG_004,146
CAGTGTCCCGCAGACAGGCG_005,54
CAGTGTCCCGCAGACAGGCG_006,76
CAGTGTCCCGCAGACAGGCG_007,82
TAGCGGCCAGCCGTGAAGTG_001,176
TAGCGGCCAGCCGTGAAGTG_002,127
TAGCGGCCAGCCGTGAAGTG_003,186
TAGCGGCCAGCCGTGAAGTG_004,98
TAGCGGCCAGCCGTGAAGTG_005,73
TAGCGGCCAGCCGTGAAGTG_006,172
TAGCGGCCAGCCGTGAAGTG_007,126
GTGGTCCACTCCCGTAACTG_001,184
GTGGTCCACTCCCGTAACTG_002,147
GTGGTCCACTCCCGTAACTG_003,134
GTGGTCCACTCCCGTAACTG_004,103
GTGGTCCACTCCCGTAACTG_005,60
GTGGTCCACTCCCGTAACTG_006,143
GTGGTCCACTCCCGTAACTG_007,199
GTGGTCCACTCCCGTAACTG_008,175
GTGGTCCACTCCCGTAACTG_009,122
GTGGTCCACTCCCGTAACTG_010,96
GTGGTCCACTCCCGTAACTG_011,38
GTGGTCCACTCCCGTAACTG_012,183
GTGGTCCACTCCCGTAACTG_013,81
GTGGTCCACTCCCGTAACTG_014,105
GTGGTCCACTCCCGTAACTG_015,78
GTGGTCCACTCCCGTAACTG_016,155
GTGGTCCACTCCCGTAACTG_017,98
GTGGTCCACTCCCGTAACTG_018,83
GTGGTCCACTCCCGTAACTG_019,175
GTGGTCCACTCCCGTAACTG_020,9
GTGAAGAAACTCGACGATGT_001,151
GTGAAGAAACTCGACGATGT_002,121
GTGAAGAAACTCGACGATGT_003,43
GTGAAGAAACTCGACGATGT_004,130
GTGAAGAAACTCGACGATGT_005,146
GTGAAGAAACTCGACGATGT_006,88
GTGAAGAAACTCGACGATGT_007,59
GTGAAGAAACTCGACGATGT_008,17
GTGAAGAAACTCGACGATGT_009,56
GTGAAGAAACTCGACGATGT_010,175
GTGAAGAAACTCGACGATGT_011,148
GTGAAGAAACTCGACGATGT_012,106
GTGAAGAAACTCGACGATGT_013,142
GTGAAGAAACTCGACGATGT_014,138
GTGAAGAAACTCGACGATGT_015,63
GTGAAGAAACTCGACGATGT_016,138
GTGAAGAAACTCGACGATGT_017,116
GTGAAGAAACTCGACGATGT_018,144
GTGAAGAAACTCGACGATGT_019,13
AGATGAGGGACCCTAAGTCT_001,11
AGATGAGGGACCCTAAGTCT_002,60
AGATGAGGGACCCTAAGTCT_003,191
AGATGAGGGACCCTAAGTCT_004,194
GCAGGTGCCACTTACCACAA_001,144
GCAGGTGCCACTTACCACAA_002,125
GCAGGTGCCACTTACCACAA_003,7
GCAGGTGCCACTTACCACAA_004,55
GCAGGTGCCACTTACCACAA_005,150
GCAGGTGCCACTTACCACAA_006,52
AGTGGGTTGACCCTGAAAGG_001,118
AGTGGGTTGACCCTGAAAGG_002,172
AGTGGGTTGACCCTGAAAGG_003,152
ACCCTTTACCTTAGTCACAA_001,27
ACCCTTTACCTTAGTCACAA_002,45
ACCCTTTACCTTAGTCACAA_003,198
ACCCTTTACCTTAGTCACAA_004,121
ACCCTTTACCTTAGTCACAA_005,17
ACCCTTTACCTTAGTCACAA_006,8
ACCCTTTACCTTAGTCACAA_007,82
ACCCTTTACCTTAGTCACAA_008,17
ACCCTTTACCTTAGTCACAA_009,158
ACCCTTTACCTTAGTCACAA_010,145
ACCCTTTACCTTAGTCACAA_011,184
ACCCTTTACCTTAGTCACAA_012,121
ACCCTTTACCTTAGTCACAA_013,175
ACCCTTTACCTTAGTCACAA_014,168
ACCCTTTACCTTAGTCACAA_015,145
ACCCTTTACCTTAGTCACAA_016,29
ACCCTTTACCTTAGTCACAA_017,162
ACCCTTTACCTTAGTCACAA_018,42
ACCCTTTACCTTAGTCACAA_019,98
ACCCTTTACCTTAGTCACAA_020,105
ACCCTTTACCTTAGTCACAA_021,185
ACCCTTTACCTTAGTCACAA_022,129
ACCCTTTACCTTAGTCACAA_023,107
ACCCTTTACCTTAGTCACAA_024,2
ACCCTTTACCTTAGTCACAA_025,149
ACCCTTTACCTTAGTCACAA_026,191
GGAGGGGTGATGGTACAAGG_001,197
GGAGGGGTGATGGTACAAGG_002,78
GGAGGGGTGATGGTACAAGG_003,52
GGAGGGGTGATGGTACAAGG_004,93
GGAGGGGTGATGGTACAAGG_005,41
GGAGGGGTGATGGTACAAGG_006,119
GGAGGGGTGATGGTACAAGG_007,192
GGAGGGGTGATGGTACAAGG_008,139
GGAGGGGTGATGGTACAAGG_009,6
GGAGGGGTGATGGTACAAGG_010,148
GGAGGGGTGATGGTACAAGG_011,9
GGAGGGGTGATGGTACAAGG_012,49
GGAGGGGTGATGGTACAAGG_013,97
TCCAAGTTACTTGACGGTGG_001,104
TCCAAGTTACTTGACGGTGG_002,77
TCCAAGTTACTTGACGGTGG_003,198
AAGCAACTACCTGTTTCTTG_001,12
AAGCAACTACCTGTTTCTTG_002,74
GCTGCCGCCAAACGCACACG_001,5
GCTGCCGCCAAACGCACACG_002,9
GCTGCCGCCAAACGCACACG_003,61
GCTGCCGCCAAACGCACACG_004,133
GCTGCCGCCAAACGCACACG_005,197
GCTGCCGCCAAACGCACACG_006,16
GCTGCCGCCAAACGCACACG_007,7
GCTGCCGCCAAACGCACACG_008,18
GCTGCCGCCAAACGCACACG_009,53
GCTGCCGCCAAACGCACACG_010,42
GCTGCCGCCAAACGCACACG_011,154
GCTGCCGCCAAACGCACACG_012,198
GCTGCCGCCAAACGCACACG_013,32
GCTGCCGCCAAACGCACACG_014,44
GCTGCCGCCAAACGCACACG_015,3
GCTGCCGCCAAACGCACACG_016,197
GCTGCCGCCAAACGCACACG_017,106
GCTGCCGCCAAACGCACACG_018,56
GCTGCCGCCAAACGCACACG_019,13
GCTGCCGCCAAACGCACACG_020,12
GCTGCCGCCAAACGCACACG_021,191
GCTGCCGCCAAACGCACACG_022,38
GCTGCCGCCAAACGCACACG_023,158
GCTGCCGCCAAACGCACACG_024,3
GAGTCACGGGAGCCGGTAAG_001,145
GAGTCACGGGAGCCGGTAAG_002,62
GAGTCACGGGAGCCGGTAAG_003,43
GAGTCACGGGAGCCGGTAAG_004,14
GAGTCACGGGAGCCGGTAAG_005,63
GAGTCACGGGAGCCGGTAAG_006,161
GAGTCACGGGAGCCGGTAAG_007,47
GAGTCACGGGAGCCGGTAAG_008,158
GAGTCACGGGAGCCGGTAAG_009,169
GAGTCACGGGAGCCGGTAAG_010,21
GAGTCACGGGAGCCGGTAAG_011,58
GAGTCACGGGAGCCGGTAAG_012,95
GAGTCACGGGAGCCGGTAAG_013,141
GAGTCACGGGAGCCGGTAAG_014,25
GAGTCACGGGAGCCGGTAAG_015,29
GAGTCACGGGAGCCGGTAAG_016,141
GAGTCACGGGAGCCGGTAAG_017,149
GAGTCACGGGAGCCGGTAAG_018,128
GAGTCACGGGAGCCGGTAAG_019,57
GAGTCACGGGAGCCGGTAAG_020,138
GAGTCACGGGAGCCGGTAAG_021,106
GCTGAGCGACATCGGCGTGG_001,159
GCTGAGCGACATCGGCGTGG_002,24
GCTGAGCGACATCGGCGTGG_003,145
GCTGAGCGACATCGGCGTGG_004,53
GCTGAGCGACATCGGCGTGG_005,70
GCTGAGCGACATCGGCGTGG_006,42
GCTGAGCGACATCGGCGTGG_007,12
GCTGAGCGACATCGGCGTGG_008,123
GCTGAGCGACATCGGCGTGG_009,28
GCTGAGCGACATCGGCGTGG_010,44
AAAAGTCAGTAATCATCTTG_001,169
AAAAGTCAGTAATCATCTTG_002,48
AAAAGTCAGTAATCATCTTG_003,96
TTCCAGAGTCCATAGATCAG_001,177
GCTCTACTGAGTCTACTGGC_001,146
GCTCTACTGAGTCTACTGGC_002,2
GTACACAGTAGAATTCATGG_001,170
GTACACAGTAGAATTCATGG_002,185
GTACACAGTAGAATTCATGG_003,56
GTACACAGTAGAATTCATGG_004,29
GTACACAGTAGAATTCATGG_005,191
AGGAAGTTCGAACTGACAGT_001,134
AGGAAGTTCGAACTGACAGT_002,116
AGGAAGTTCGAACTGACAGT_003,20
AGGAAGTTCGAACTGACAGT_004,16
AGGAAGTTCGAACTGACAGT_005,138
AGGAAGTTCGAACTGACAGT_006,175
ATGGGGTCAAAGTACAACTG_001,188
ATGGGGTCAAAGTACAACTG_002,70
ATGGGGTCAAAGTACAACTG_003,101
ATGGGGTCAAAGTACAACTG_004,145
ATGGGGTCAAAGTACAACTG_005,65
ATGGGGTCAAAGTACAACTG_006,48
ATGGGGTCAAAGTACAACTG_007,117
ATGGGGTCAAAGTACAACTG_008,106
ATGGGGTCAAAGTACAACTG_009,40
ATGGGGTCAAAGTACAACTG_010,69
ATGGGGTCAAAGTACAACTG_011,148
CATCAGCACCGACTACCCGC_001,163
CATCAGCACCGACTACCCGC_002,81
CATCAGCACCGACTACCCGC_003,72
CATCAGCACCGACTACCCGC_004,147
CATCAGCACCGACTACCCGC_005,15
CATCAGCACCGACTACCCGC_006,124
CATCAGCACCGACTACCCGC_007,35
CATCAGCACCGACTACCCGC_008,71
CATCAGCACCGACTACCCGC_009,70
CATCAGCACCGACTACCCGC_010,62
CACTGTACTGGGCTCTTTGG_001,12
CACTGTACTGGGCTCTTTGG_002,175
CACTGTACTGGGCTCTTTGG_003,194
CACTGTACTGGGCTCTTTGG_004,33
CTGGTTGCGAACTTCCGAAG_001,103
CTGGTTGCGAACTTCCGAAG_002,170
CTGGTTGCGAACTTCCGAAG_003,106
CTGGTTGCGAACTTCCGAAG_004,50
AAGATCGGGTACAGCAACAA_001,169
AAGATCGGGTACAGCAACAA_002,37
AAGATCGGGTACAGCAACAA_003,133
AAGATCGGGTACAGCAACAA_004,147
AAGATCGGGTACAGCAACAA_005,1
AAGATCGGGTACAGCAACAA_006,142
AAGATCGGGTACAGCAACAA_007,92
AAGATCGGGTACAGCAACAA_008,6
AAGATCGGGTACAGCAACAA_009,56
AAGATCGGGTACAGCAACAA_010,169
AAGATCGGGTACAGCAACAA_011,44
AAGATCGGGTACAGCAACAA_012,199
AAGATCGGGTACAGCAACAA_013,120
AAGATCGGGTACAGCAACAA_014,124
AAGATCGGGTACAGCAACAA_015,16
AGACCCCAAAAACTGCAGCG_001,160
AGACCCCAAAAACTGCAGCG_002,70
AGACCCCAAAAACTGCAGCG_003,178
AGACCCCAAAAACTGCAGCG_004,137
AGACCCCAAAAACTGCAGCG_005,157
AGACCCCAAAAACTGCAGCG_006,94
AGACCCCAAAAACTGCAGCG_007,181
AGACCCCAAAAACTGCAGCG_008,69
AGACCCCAAAAACTGCAGCG_009,132
AGACCCCAAAAACTGCAGCG_010,92
AGACCCCAAAAACTGCAGCG_011,11
AGACCCCAAAAACTGCAGCG_012,98
AGACCCCAAAAACTGCAGCG_013,38
AGACCCCAAAAACTGCAGCG_014,86
AGACCCCAAAAACTGCAGCG_015,141
AGACCCCAAAAACTGCAGCG_016,145
AGACCCCAAAAACTGCAGCG_017,147
AGACCCCAAAAACTGCAGCG_018,147
AGACCCCAAAAACTGCAGCG_019,36
AGACCCCAAAAACTGCAGCG_020,35
AGACCCCAAAAACTGCAGCG_021,167
AGACCCCAAAAACTGCAGCG_022,167
AGACCCCAAAAACTGCAGCG_023,169
AGACCCCAAAAACTGCAGCG_024,150
AGACCCCAAAAACTGCAGCG_025,129
AGACCCCAAAAACTGCAGCG_026,58
AGACCCCAAAAACTGCAGCG_027,50
AGACCCCAAAAACTGCAGCG_028,42
AGACCCCAAAAACTGCAGCG_029,5
AGACCCCAAAAACTGCAGCG_030,59
AGACCCCAAAAACTGCAGCG_031,159
AGACCCCAAAAACTGCAGCG_032,61
AGACCCCAAAAACTGCAGCG_033,155
AGACCCCAAAAACTGCAGCG_034,149
AGACCCCAAAAACTGCAGCG_035,144
AGACCCCAAAAACTGCAGCG_036,89
AGACCCCAAAAACTGCAGCG_037,35
GAAATAGAAGAACAAACACT_001,137
GAAATAGAAGAACAAACACT_002,102
GAAATAGAAGAACAAACACT_003,134
GAAATAGAAGAACAAACACT_004,102
GAAATAGAAGAACAAACACT_005,113
GAAATAGAAGAACAAACACT_006,78
GAAATAGAAGAACAAACACT_007,170
GAAATAGAAGAACAAACACT_008,10
GAAATAGAAGAACAAACACT_009,115
GAAATAGAAGAACAAACACT_010,28
GAAATAGAAGAACAAACACT_011,88
GAAATAGAAGAACAAACACT_012,94
ACCGCCCCATAGCGCCTCAG_001,106
ACCGCCCCATAGCGCCTCAG_002,167
ACCGCCCCATAGCGCCTCAG_003,167
ACCGCCCCATAGCGCCTCAG_004,181
ACCGCCCCATAGCGCCTCAG_005,106
ACCGCCCCATAGCGCCTCAG_006,124
ACCGCCCCATAGCGCCTCAG_007,156
ACCGCCCCATAGCGCCTCAG_008,115
ACCGCCCCATAGCGCCTCAG_009,50
ACCGCCCCATAGCGCCTCAG_010,41
ACCGCCCCATAGCGCCTCAG_011,199
ACCGCCCCATAGCGCCTCAG_012,144
ACCGCCCCATAGCGCCTCAG_013,11
ACCGCCCCATAGCGCCTCAG_014,35
ACCGCCCCATAGCGCCTCAG_015,130
ACCGCCCCATAGCGCCTCAG_016,6
ACCGCCCCATAGCGCCTCAG_017,81
ACCGCCCCATAGCGCCTCAG_018,2
ACCGCCCCATAGCGCCTCAG_019,106
ACCGCCCCATAGCGCCTCAG_020,191
ACCGCCCCATAGCGCCTCAG_021,151
AGAACGAGGAACACTGCCCG_001,21
AGAACGAGGAACACTGCCCG_002,26
AGAACGAGGAACACTGCCCG_003,130
AGAACGAGGAACACTGCCCG_004,73
AGAACGAGGAACACTGCCCG_005,148
AGAACGAGGAACACTGCCCG_006,4
AGAACGAGGAACACTGCCCG_007,80
AGAACGAGGAACACTGCCCG_008,26
AGAACGAGGAACACTGCCCG_009,46
AGAACGAGGAACACTGCCCG_010,105
AGAACGAGGAACACTGCCCG_011,58
AGAACGAGGAACACTGCCCG_012,199
AGAACGAGGAACACTGCCCG_013,72
AGAACGAGGAACACTGCCCG_014,127
AGAACGAGGAACACTGCCCG_015,169
AGAACGAGGAACACTGCCCG_016,49
AGAACGAGGAACACTGCCCG_017,50
AGAACGAGGAACACTGCCCG_018,103
AGAACGAGGAACACTGCCCG_019,49
AGAACGAGGAACACTGCCCG_020,103
AGAACGAGGAACACTGCCCG_021,81
AGAACGAGGAACACTGCCCG_022,144
AGAACGAGGAACACTGCCCG_023,57
AGAACGAGGAACACTGCCCG_024,191
AGAACGAGGAACACTGCCCG_025,45
AGAACGAGGAACACTGCCCG_026,75
AGAACGAGGAACACTGCCCG_027,1
AGAACGAGGAACACTGCCCG_028,104
AGAACGAGGAACACTGCCCG_029,168
AGAACGAGGAACACTGCCCG_030,41
AGAACGAGGAACACTGCCCG_031,5
AGAACGAGGAACACTGCCCG_032,108
AGAACGAGGAACACTGCCCG_033,178
AGAACGAGGAACACTGCCCG_034,115
AGAACGAGGAACACTGCCCG_035,169
AGAACGAGGAACACTGCCCG_036,131
AGAACGAGGAACACTGCCCG_037,21
AGAACGAGGAACACTGCCCG_038,35
AGAACGAGGAACACTGCCCG_039,93
AGAACGAGGAACACTGCCCG_040,62
AGAACGAGGAACACTGCCCG_041,178
AGAACGAGGAACACTGCCCG_042,136
AGAACGAGGAACACTGCCCG_043,47
AGAACGAGGAACACTGCCCG_044,63
AGAACGAGGAACACTGCCCG_045,165
TGAGAACTCATACCAGATGG_001,146
TGAGAACTCATACCAGATGG_002,160
TGAGAACTCATACCAGATGG_003,10
TGAGAACTCATACCAGATGG_004,3
TGAGAACTCATACCAGATGG_005,0
TGAGAACTCATACCAGATGG_006,175
AAACGAACAAAATCAAACAT_001,123
AAACGAACAAAATCAAACAT_002,130
AAACGAACAAAATCAAACAT_003,145
AAACGAACAAAATCAAACAT_004,83
AAACGAACAAAATCAAACAT_005,91
AAAATCCACTCAGTAGGCCA_001,28
AAAATCCACTCAGTAGGCCA_002,177
AAAATCCACTCAGTAGGCCA_003,106
AAAATCCACTCAGTAGGCCA_004,156
AAAATCCACTCAGTAGGCCA_005,115
AAAATCCACTCAGTAGGCCA_006,105
AAAATCCACTCAGTAGGCCA_007,1
AAAATCCACTCAGTAGGCCA_008,114
AAAATCCACTCAGTAGGCCA_009,9
AAAATCCACTCAGTAGGCCA_010,125
AAAATCCACTCAGTAGGCCA_011,43
GACAGGGCAGAGCTTCTCGG_001,40
GACAGGGCAGAGCTTCTCGG_002,113
GACAGGGCAGAGCTTCTCGG_003,138
GACAGGGCAGAGCTTCTCGG_004,116
GACAGGGCAGAGCTTCTCGG_005,105
GACAGGGCAGAGCTTCTCGG_006,44
GACAGGGCAGAGCTTCTCGG_007,77
GACAGGGCAGAGCTTCTCGG_008,128
GACAGGGCAGAGCTTCTCGG_009,102
GACAGGGCAGAGCTTCTCGG_010,125
GACAGGGCAGAGCTTCTCGG_011,164
GACAGGGCAGAGCTTCTCGG_012,164
TGACACCTTCATTAATAACG_001,67
AGGAGACAAACAACTTATAA_001,125
AGGAGACAAACAACTTATAA_002,2
TGCTGCAGTTATATGTGATG_001,41
TGCTGCAGTTATATGTGATG_002,147
TGCTGCAGTTATATGTGATG_003,104
TGCTGCAGTTATATGTGATG_004,149
TGCTGCAGTTATATGTGATG_005,56
TGCTGCAGTTATATGTGATG_006,78
TGCTGCAGTTATATGTGATG_007,174
TGCTGCAGTTATATGTGATG_008,191
CAGGAGCTGATACACAACGT_001,42
CAGGAGCTGATACACAACGT_002,58
CAGGAGCTGATACACAACGT_003,143
GCAGGTGTGAGGATTCGTGG_001,183
GCAGGTGTGAGGATTCGTGG_002,12
GCAGGTGTGAGGATTCGTGG_003,78
GCAGGTGTGAGGATTCGTGG_004,78
GCAGGTGTGAGGATTCGTGG_005,149
GCAGGTGTGAGGATTCGTGG_006,19
GCAGGTGTGAGGATTCGTGG_007,170
GCAGGTGTGAGGATTCGTGG_008,73
GCAGGTGTGAGGATTCGTGG_009,86
GCAGGTGTGAGGATTCGTGG_010,51
GCAGGTGTGAGGATTCGTGG_011,121
GCAGGTGTGAGGATTCGTGG_012,76
GCAGGTGTGAGGATTCGTGG_013,115
GCAGGTGTGAGGATTCGTGG_014,63
CCTATGGGAAGGAAACCTCG_001,191
CCTATGGGAAGGAAACCTCG_002,130
CCTATGGGAAGGAAACCTCG_003,53
CCTATGGGAAGGAAACCTCG_004,13
CCTATGGGAAGGAAACCTCG_005,157
CCTATGGGAAGGAAACCTCG_006,157
CCTATGGGAAGGAAACCTCG_007,155
GGAGCTCCTCGATTTCACCT_001,127
GGAGCTCCTCGATTTCACCT_002,169
GGAGCTCCTCGATTTCACCT_003,142
GGAGCTCCTCGATTTCACCT_004,113
GGAGCTCCTCGATTTCACCT_005,165
GGAGCTCCTCGATTTCACCT_006,125
GGAGCTCCTCGATTTCACCT_007,116
GGAGCTCCTCGATTTCACCT_008,74
GGAGCTCCTCGATTTCACCT_009,140
GGAGCTCCTCGATTTCACCT_010,115
GGAGCTCCTCGATTTCACCT_011,66
GGAGCTCCTCGATTTCACCT_012,69
GGAGCTCCTCGATTTCACCT_013,89
GGAGCTCCTCGATTTCACCT_014,28
GGAGCTCCTCGATTTCACCT_015,75
GGAGCTCCTCGATTTCACCT_016,50
CACCTGCATAGCAGTGCAGG_001,77
CACCTGCATAGCAGTGCAGG_002,181
CACCTGCATAGCAGTGCAGG_003,71
GCCCGTGGGTGTGCAGAGTG_001,112
GCCCGTGGGTGTGCAGAGTG_002,55
GCCCGTGGGTGTGCAGAGTG_003,75
GCCCGTGGGTGTGCAGAGTG_004,60
GCCCGTGGGTGTGCAGAGTG_005,113
GCCCGTGGGTGTGCAGAGTG_006,129
GCCCGTGGGTGTGCAGAGTG_007,19
GCCCGTGGGTGTGCAGAGTG_008,195
GCCCGTGGGTGTGCAGAGTG_009,92
GCCCGTGGGTGTGCAGAGTG_010,144
GCCCGTGGGTGTGCAGAGTG_011,74
GCCCGTGGGTGTGCAGAGTG_012,139
GCCCGTGGGTGTGCAGAGTG_013,71
GCCCGTGGGTGTGCAGAGTG_014,56
GCCCGTGGGTGTGCAGAGTG_015,198
GCCCGTGGGTGTGCAGAGTG_016,57
ATCTACAGCAACGTGATCAA_001,27
ATCTACAGCAACGTGATCAA_002,80
ATCTACAGCAACGTGATCAA_003,22
ATCTACAGCAACGTGATCAA_004,88
ATCTACAGCAACGTGATCAA_005,106
ATCTACAGCAACGTGATCAA_006,60
ATCTACAGCAACGTGATCAA_007,77
ATCTACAGCAACGTGATCAA_008,184
ATCTACAGCAACGTGATCAA_009,39
ATCTACAGCAACGTGATCAA_010,163
ATCTACAGCAACGTGATCAA_011,41
ATCTACAGCAACGTGATCAA_012,196
ATCTACAGCAACGTGATCAA_013,46
ATCTACAGCAACGTGATCAA_014,115
ATCTACAGCAACGTGATCAA_015,199
ATCTACAGCAACGTGATCAA_016,58
ATCTACAGCAACGTGATCAA_017,17
ATCTACAGCAACGTGATCAA_018,198
ATCTACAGCAACGTGATCAA_019,8
GCTCCGGATATGGTGTACTT_001,48
GCTCCGGATATGGTGTACTT_002,1
GCTCCGGATATGGTGTACTT_003,46
GCTCCGGATATGGTGTACTT_004,125
GTCCGTGTTTACACTCCTGT_001,85
GTCCGTGTTTACACTCCTGT_002,183
GTCCGTGTTTACACTCCTGT_003,122
GTCCGTGTTTACACTCCTGT_004,110
GTCCGTGTTTACACTCCTGT_005,94
TCACGTACCTATCGGCAAAG_001,145
TCACGTACCTATCGGCAAAG_002,137
TCACGTACCTATCGGCAAAG_003,97
TCACGTACCTATCGGCAAAG_004,36
TCACGTACCTATCGGCAAAG_005,16
GCAGCAAGTTCATACAATAC_001,0
CCATAAGATTCCCAGTGACA_001,122
TGCACACACGAAGTAGCTGT_001,5
TGCACACACGAAGTAGCTGT_002,185
TGCACACACGAAGTAGCTGT_003,6
GTTTGCTGCGTATTAAAGGG_001,123
GTTTGCTGCGTATTAAAGGG_002,149
GTTTGCTGCGTATTAAAGGG_003,185
CGGCCTCCAGGCCTAGTCCG_001,182
CGGCCTCCAGGCCTAGTCCG_002,172
CGGCCTCCAGGCCTAGTCCG_003,102
CGGCCTCCAGGCCTAGTCCG_004,69
CGGCCTCCAGGCCTAGTCCG_005,150
CGGCCTCCAGGCCTAGTCCG_006,171
CGGCCTCCAGGCCTAGTCCG_007,1
CGGCCTCCAGGCCTAGTCCG_008,154
CGGCCTCCAGGCCTAGTCCG_009,92
CGGCCTCCAGGCCTAGTCCG_010,35
CGGCCTCCAGGCCTAGTCCG_011,73
CGGCCTCCAGGCCTAGTCCG_012,107
CGGCCTCCAGGCCTAGTCCG_013,53
CGGCCTCCAGGCCTAGTCCG_014,15
CGGCCTCCAGGCCTAGTCCG_015,6
CGGCCTCCAGGCCTAGTCCG_016,132
CGGCCTCCAGGCCTAGTCCG_017,69
CGGCCTCCAGGCCTAGTCCG_018,10
CGGCCTCCAGGCCTAGTCCG_019,104
CGGCCTCCAGGCCTAGTCCG_020,127
CGGCCTCCAGGCCTAGTCCG_021,94
CGGCCTCCAGGCCTAGTCCG_022,52
CGGCCTCCAGGCCTAGTCCG_023,78
CGGCCTCCAGGCCTAGTCCG_024,111
CGGCCTCCAGGCCTAGTCCG_025,125
CGGCCTCCAGGCCTAGTCCG_026,28
GACAGCAGGTGCATGGCATG_001,114
GACAGCAGGTGCATGGCATG_002,68
GACAGCAGGTGCATGGCATG_003,35
GACAGCAGGTGCATGGCATG_004,182
GACAGCAGGTGCATGGCATG_005,119
GACAGCAGGTGCATGGCATG_006,94
GACAGCAGGTGCATGGCATG_007,1
GACAGCAGGTGCATGGCATG_008,78
GACAGCAGGTGCATGGCATG_009,182
GACAGCAGGTGCATGGCATG_010,124
GACAGCAGGTGCATGGCATG_011,40
GACAGCAGGTGCATGGCATG_012,121
GCTGGGAAGTCTTCGACGTG_001,69
GCTGGGAAGTCTTCGACGTG_002,158
GCTGGGAAGTCTTCGACGTG_003,121
GCTGGGAAGTCTTCGACGTG_004,127
CAGGTGGCATCATTGAGCCA_001,116
CCAGTTGTGCAAAGAAAGTG_001,49
CCAGTTGTGCAAAGAAAGTG_002,183
CCAGTTGTGCAAAGAAAGTG_003,49
CCAGTTGTGCAAAGAAAGTG_004,8
CCAGTTGTGCAAAGAAAGTG_005,118
CCAGTTGTGCAAAGAAAGTG_006,143
CCAGTTGTGCAAAGAAAGTG_007,181
CCAGTTGTGCAAAGAAAGTG_008,118
CCAGTTGTGCAAAGAAAGTG_009,58
CCAGTTGTGCAAAGAAAGTG_010,48
CCAGTTGTGCAAAGAAAGTG_011,41
CCAGTTGTGCAAAGAAAGTG_012,58
CCAGTTGTGCAAAGAAAGTG_013,106
CCAGTTGTGCAAAGAAAGTG_014,115
CCAGTTGTGCAAAGAAAGTG_015,101
CCAGTTGTGCAAAGAAAGTG_016,13
CCAGTTGTGCAAAGAAAGTG_017,46
CCAGTTGTGCAAAGAAAGTG_018,33
CCAGTTGTGCAAAGAAAGTG_019,112
CCAGTTGTGCAAAGAAAGTG_020,112
CCAGTTGTGCAAAGAAAGTG_021,52
CCAGTTGTGCAAAGAAAGTG_022,12
GCTTAGAGCACGAGCCACCA_001,185
GCTTAGAGCACGAGCCACCA_002,157
GCTTAGAGCACGAGCCACCA_003,7
GCTTAGAGCACGAGCCACCA_004,35
GCTTAGAGCACGAGCCACCA_005,147
GCTTAGAGCACGAGCCACCA_006,105
GCTTAGAGCACGAGCCACCA_007,126
GCTTAGAGCACGAGCCACCA_008,120
CCGCAAGATCTCGGGCACCA_001,94
CCGCAAGATCTCGGGCACCA_002,57
CCGCAAGATCTCGGGCACCA_003,102
CCGCAAGATCTCGGGCACCA_004,168
CCGCAAGATCTCGGGCACCA_005,35
CCGCAAGATCTCGGGCACCA_006,103
CCGCAAGATCTCGGGCACCA_007,158
CCGCAAGATCTCGGGCACCA_008,198
CCGCAAGATCTCGGGCACCA_009,152
CCGCAAGATCTCGGGCACCA_010,46
CCGCAAGATCTCGGGCACCA_011,198
GAGACAAGAGGACCTTGCCC_001,171
TCTACAAGGACGTGACGGTG_001,99
TCTACAAGGACGTGACGGTG_002,73
TCTACAAGGACGTGACGGTG_003,25
TCTACAAGGACGTGACGGTG_004,24
TCTACAAGGACGTGACGGTG_005,21
TCTACAAGGACGTGACGGTG_006,196
TCTACAAGGACGTGACGGTG_007,178
TCTACAAGGACGTGACGGTG_008,162
TCTACAAGGACGTGACGGTG_009,162
TTGAAACCCTTGCCGCAGCG_001,81
TTGAAACCCTTGCCGCAGCG_002,168
TTGAAACCCTTGCCGCAGCG_003,74
TTGAAACCCTTGCCGCAGCG_004,130
TTGAAACCCTTGCCGCAGCG_005,105
TTGAAACCCTTGCCGCAGCG_006,145
TTGAAACCCTTGCCGCAGCG_007,59
TTGAAACCCTTGCCGCAGCG_008,152
TTGAAACCCTTGCCGCAGCG_009,72
TTGAAACCCTTGCCGCAGCG_010,34
TTGAAACCCTTGCCGCAGCG_011,188
TTGAAACCCTTGCCGCAGCG_012,144
TTGAAACCCTTGCCGCAGCG_013,117
TTGAAACCCTTGCCGCAGCG_014,2
TTGAAACCCTTGCCGCAGCG_015,150
TTGAAACCCTTGCCGCAGCG_016,81
TTGAAACCCTTGCCGCAGCG_017,16
TTGAAACCCTTGCCGCAGCG_018,87
TTGAAACCCTTGCCGCAGCG_019,79
TTGAAACCCTTGCCGCAGCG_020,1
TTGAAACCCTTGCCGCAGCG_021,38
TTGAAACCCTTGCCGCAGCG_022,172
TTGAAACCCTTGCCGCAGCG_023,119
TTGAAACCCTTGCCGCAGCG_024,64
TTGAAACCCTTGCCGCAGCG_025,147
TTGAAACCCTTGCCGCAGCG_026,63
TTGAAACCCTTGCCGCAGCG_027,172
TTGAAACCCTTGCCGCAGCG_028,86
TTGAAACCCTTGCCGCAGCG_029,99
GGCCTGAGTCCAGATCCACG_001,26
GGCCTGAGTCCAGATCCACG_002,142
GGCCTGAGTCCAGATCCACG_003,72
GGCCTGAGTCCAGATCCACG_004,106
GGCCTGAGTCCAGATCCACG_005,111
GGCCTGAGTCCAGATCCACG_006,119
GGCCTGAGTCCAGATCCACG_007,119
GGCCTGAGTCCAGATCCACG_008,152
CAGTGTCCCGAGCGCTTCGA_001,117
CAGTGTCCCGAGCGCTTCGA_002,2
CAGTGTCCCGAGCGCTTCGA_003,15
CAGTGTCCCGAGCGCTTCGA_004,169
CAGTGTCCCGAGCGCTTCGA_005,78
CAGTGTCCCGAGCGCTTCGA_006,169
CAGTGTCCCGAGCGCTTCGA_007,162
ACTACGGACAGACGGTTCCG_001,2
ACTACGGACAGACGGTTCCG_002,6
ACTACGGACAGACGGTTCCG_003,117
ACTACGGACAGACGGTTCCG_004,48
ACTACGGACAGACGGTTCCG_005,198
ACTACGGACAGACGGTTCCG_006,33
ACTACGGACAGACGGTTCCG_007,184
ACTACGGACAGACGGTTCCG_008,2
TATGGTCCGGAGTTATATGC_001,57
CTATCCACAAAAGATTCCAG_001,130
CTATCCACAAAAGATTCCAG_002,61
CTATCCACAAAAGATTCCAG_003,47
CTATCCACAAAAGATTCCAG_004,3
CTATCCACAAAAGATTCCAG_005,7
CTATCCACAAAAGATTCCAG_006,155
GCCGTCGCACACGAACACGG_001,17
GCCGTCGCACACGAACACGG_002,96
GCCGTCGCACACGAACACGG_003,47
GCCGTCGCACACGAACACGG_004,155
GCCGTCGCACACGAACACGG_005,91
GCCGTCGCACACGAACACGG_006,161
GCCGTCGCACACGAACACGG_007,86
GCCGTCGCACACGAACACGG_008,137
GCCGTCGCACACGAACACGG_009,137
GCCGTCGCACACGAACACGG_010,172
GCCGTCGCACACGAACACGG_011,15
GCCGTCGCACACGAACACGG_012,19
GCCGTCGCACACGAACACGG_013,89
GCCGTCGCACACGAACACGG_014,80
GCCGTCGCACACGAACACGG_015,19
GCCGTCGCACACGAACACGG_016,119
GCCGTCGCACACGAACACGG_017,144
GCCGTCGCACACGAACACGG_018,170
GCCGTCGCACACGAACACGG_019,9
GTTGGCCATAGATGGACATG_001,63
GTTGGCCATAGATGGACATG_002,90
GTTGGCCATAGATGGACATG_003,156
GTTGGCCATAGATGGACATG_004,130
GTTGGCCATAGATGGACATG_005,69
GTTGGCCATAGATGGACATG_006,50
GTTGGCCATAGATGGACATG_007,57
GTTGGCCATAGATGGACATG_008,137
GTTGGCCATAGATGGACATG_009,34
GTTGGCCATAGATGGACATG_010,8
GTTGGCCATAGATGGACATG_011,136
GTTGGCCATAGATGGACATG_012,110
GTTGGCCATAGATGGACATG_013,108
GTTGGCCATAGATGGACATG_014,34
GTTGGCCATAGATGGACATG_015,175
GTTGGCCATAGATGGACATG_016,160
GTTGGCCATAGATGGACATG_017,44
AGCCGTTGCATGTCTGACTG_001,148
AGCCGTTGCATGTCTGACTG_002,58
AGCCGTTGCATGTCTGACTG_003,61
AGCCGTTGCATGTCTGACTG_004,3
AGCCGTTGCATGTCTGACTG_005,181
AGCCGTTGCATGTCTGACTG_006,145
CACCGCCTCATGCACTGTGT_001,163
CACCGCCTCATGCACTGTGT_002,194
CACCGCCTCATGCACTGTGT_003,4
CACCGCCTCATGCACTGTGT_004,127
CACCGCCTCATGCACTGTGT_005,61
CACCGCCTCATGCACTGTGT_006,58
CACCGCCTCATGCACTGTGT_007,57
CACCGCCTCATGCACTGTGT_008,17
CACCGCCTCATGCACTGTGT_009,40
CACCGCCTCATGCACTGTGT_010,113
CACCGCCTCATGCACTGTGT_011,62
CACCGCCTCATGCACTGTGT_012,151
CACCGCCTCATGCACTGTGT_013,54
CACCGCCTCATGCACTGTGT_014,127
CACCGCCTCATGCACTGTGT_015,1
CACCGCCTCATGCACTGTGT_016,29
CACCGCCTCATGCACTGTGT_017,98
CACCGCCTCATGCACTGTGT_018,58
CACCGCCTCATGCACTGTGT_019,92
CACCGCCTCATGCACTGTGT_020,184
CACCGCCTCATGCACTGTGT_021,184
CACCGCCTCATGCACTGTGT_022,147
CACCGCCTCATGCACTGTGT_023,161
CACCGCCTCATGCACTGTGT_024,161
TAAAACTTTACAGCACAACT_001,138
TAAAACTTTACAGCACAACT_002,11
TAAAACTTTACAGCACAACT_003,182
TAAAACTTTACAGCACAACT_004,174
GACTGCAAGAGCAGTTCCAT_001,178
GACTGCAAGAGCAGTTCCAT_002,50
GACTGCAAGAGCAGTTCCAT_003,59
GACTGCAAGAGCAGTTCCAT_004,191
GACTGCAAGAGCAGTTCCAT_005,60
GACTGCAAGAGCAGTTCCAT_006,62
GACTGCAAGAGCAGTTCCAT_007,88
GACTGCAAGAGCAGTTCCAT_008,17
GACTGCAAGAGCAGTTCCAT_009,169
GACTGCAAGAGCAGTTCCAT_010,169
GACTGCAAGAGCAGTTCCAT_011,127
GACTGCAAGAGCAGTTCCAT_012,121
GACTGCAAGAGCAGTTCCAT_013,40
GACTGCAAGAGCAGTTCCAT_014,102
GACTGCAAGAGCAGTTCCAT_015,150
GACTGCAAGAGCAGTTCCAT_016,165
GGTACCGGCCCTATTTGATG_001,58
GGTACCGGCCCTATTTGATG_002,12
GGTACCGGCCCTATTTGATG_003,145
GGTACCGGCCCTATTTGATG_004,190
GGTACCGGCCCTATTTGATG_005,140
GGTACCGGCCCTATTTGATG_006,25
CAGCACGCACCGTTGGCACA_001,29
CAGCACGCACCGTTGGCACA_002,184
CAGCACGCACCGTTGGCACA_003,132
CAGCACGCACCGTTGGCACA_004,126
CAGCACGCACCGTTGGCACA_005,88
CAGCACGCACCGTTGGCACA_006,194
CAGCACGCACCGTTGGCACA_007,36
CAGCACGCACCGTTGGCACA_008,160
CAGCACGCACCGTTGGCACA_009,94
CAGCACGCACCGTTGGCACA_010,93
CAGCACGCACCGTTGGCACA_011,178
CAGCACGCACCGTTGGCACA_012,174
CAGCACGCACCGTTGGCACA_013,88
CAGCACGCACCGTTGGCACA_014,55
CAGCACGCACCGTTGGCACA_015,114
CAGCACGCACCGTTGGCACA_016,15
CAGCACGCACCGTTGGCACA_017,65
CAGCACGCACCGTTGGCACA_018,26
CAGCACGCACCGTTGGCACA_019,95
CAGCACGCACCGTTGGCACA_020,56
CAGCACGCACCGTTGGCACA_021,43
CAGCACGCACCGTTGGCACA_022,121
CAGCACGCACCGTTGGCACA_023,157
CAGCACGCACCGTTGGCACA_024,180
ATGGAACAGCATACAATATG_001,62
ATGGAACAGCATACAATATG_002,82
ATGGAACAGCATACAATATG_003,35
ATGGAACAGCATACAATATG_004,162
ATGGAACAGCATACAATATG_005,66
ATGGAACAGCATACAATATG_006,18
GTGTAAAAGGATCATTGGAC_001,170
GTGTAAAAGGATCATTGGAC_002,125
GTGTAAAAGGATCATTGGAC_003,100
GTGTAAAAGGATCATTGGAC_004,167
GTGTAAAAGGATCATTGGAC_005,167
TTCGAATTCACCACTCAGAA_001,137
AGGTACTCCACAGTTGATGA_001,152
AAGTAGACCGTACTCTGAAA_001,156
AAGTAGACCGTACTCTGAAA_002,35
AAGTAGACCGTACTCTGAAA_003,182
AAGTAGACCGTACTCTGAAA_004,43
AAGTAGACCGTACTCTGAAA_005,126
ACATGACCAGAGCGACCAAG_001,170
ACATGACCAGAGCGACCAAG_002,7
ACATGACCAGAGCGACCAAG_003,113
ACATGACCAGAGCGACCAAG_004,78
ACATGACCAGAGCGACCAAG_005,74
ACATGACCAGAGCGACCAAG_006,108
ACATGACCAGAGCGACCAAG_007,16
ACATGACCAGAGCGACCAAG_008,17
ACATGACCAGAGCGACCAAG_009,117
ACATGACCAGAGCGACCAAG_010,118
ACATGACCAGAGCGACCAAG_011,53
ACATGACCAGAGCGACCAAG_012,190
ACATGACCAGAGCGACCAAG_013,170
ACATGACCAGAGCGACCAAG_014,149
ACATGACCAGAGCGACCAAG_015,10
ACATGACCAGAGCGACCAAG_016,94
ACATGACCAGAGCGACCAAG_017,174
ACATGACCAGAGCGACCAAG_018,15
ACATGACCAGAGCGACCAAG_019,84
CACTATTGACTCCAACCAGG_001,29
CACTATTGACTCCAACCAGG_002,105
CACTATTGACTCCAACCAGG_003,12
CACTATTGACTCCAACCAGG_004,49
CACTATTGACTCCAACCAGG_005,97
CACTATTGACTCCAACCAGG_006,121
CACTATTGACTCCAACCAGG_007,25
CACTATTGACTCCAACCAGG_008,182
CACTATTGACTCCAACCAGG_009,147
CTTGCTGACTAGTAACTCCC_001,92
CATTCAGGGACGGTTAAAGA_001,28
TCAGTCACTAGATGTAAACC_001,145
ATCGGCTGTTCTGAGTACGA_001,156
ATCGGCTGTTCTGAGTACGA_002,21
ATCGGCTGTTCTGAGTACGA_003,14
ATCGGCTGTTCTGAGTACGA_004,72
ATCGGCTGTTCTGAGTACGA_005,148
ATCGGCTGTTCTGAGTACGA_006,25
ATCGGCTGTTCTGAGTACGA_007,187
ATCGGCTGTTCTGAGTACGA_008,4
ATCGGCTGTTCTGAGTACGA_009,102
ATCGGCTGTTCTGAGTACGA_010,28
ATCGGCTGTTCTGAGTACGA_011,165
GAGATGTTAATTGTATTGGA_001,2
GAGATGTTAATTGTATTGGA_002,91
TAAACTTGGACCACAACAGG_001,146
TAAACTTGGACCACAACAGG_002,110
GGGGTGCACGGATCTCACTG_001,107
GGGGTGCACGGATCTCACTG_002,161
GGGGTGCACGGATCTCACTG_003,96
GGGGTGCACGGATCTCACTG_004,177
GGGGTGCACGGATCTCACTG_005,119
GGGGTGCACGGATCTCACTG_006,146
GGGGTGCACGGATCTCACTG_007,8
GGGGTGCACGGATCTCACTG_008,22
GGGGTGCACGGATCTCACTG_009,113
GGGGTGCACGGATCTCACTG_010,158
GGGGTGCACGGATCTCACTG_011,22
GGGGTGCACGGATCTCACTG_012,79
GGGGTGCACGGATCTCACTG_013,115
GGGGTGCACGGATCTCACTG_014,137
GGGGTGCACGGATCTCACTG_015,127
GGGGTGCACGGATCTCACTG_016,172
GGGGTGCACGGATCTCACTG_017,47
GGGGTGCACGGATCTCACTG_018,6
GGGGTGCACGGATCTCACTG_019,127
GGGGTGCACGGATCTCACTG_020,73
GGGGTGCACGGATCTCACTG_021,138
GGGGTGCACGGATCTCACTG_022,188
GGGGTGCACGGATCTCACTG_023,172
GAGGAGTTAAAGCATAAACC_001,171
GAGGAGTTAAAGCATAAACC_002,183
GAGGAGTTAAAGCATAAACC_003,12
GAGGAGTTAAAGCATAAACC_004,154
GAGGAGTTAAAGCATAAACC_005,84
GAGGAGTTAAAGCATAAACC_006,178
GAGGAGTTAAAGCATAAACC_007,55
TACTCGGATAAACTCCAGCA_001,192
TACTCGGATAAACTCCAGCA_002,12
TACTCGGATAAACTCCAGCA_003,147
TACTCGGATAAACTCCAGCA_004,99
GGTACACCGAGTCCGCGGGG_001,58
GGTACACCGAGTCCGCGGGG_002,149
GGTACACCGAGTCCGCGGGG_003,105
GGTACACCGAGTCCGCGGGG_004,60
GGTACACCGAGTCCGCGGGG_005,67
GGTACACCGAGTCCGCGGGG_006,148
GGTACACCGAGTCCGCGGGG_007,81
GGTACACCGAGTCCGCGGGG_008,38
GGTACACCGAGTCCGCGGGG_009,22
GGTACACCGAGTCCGCGGGG_010,57
GGTACACCGAGTCCGCGGGG_011,115
GGTACACCGAGTCCGCGGGG_012,9
GGTACACCGAGTCCGCGGGG_013,62
GGTACACCGAGTCCGCGGGG_014,66
GGTACACCGAGTCCGCGGGG_015,63
CCTGGAGCTTGCCGGCAACG_001,68
CCTGGAGCTTGCCGGCAACG_002,149
CCTGGAGCTTGCCGGCAACG_003,116
CCTGGAGCTTGCCGGCAACG_004,40
CCTGGAGCTTGCCGGCAACG_005,40
CCTGGAGCTTGCCGGCAACG_006,38
CCTGGAGCTTGCCGGCAACG_007,65
CCTGGAGCTTGCCGGCAACG_008,150
CCTGGAGCTTGCCGGCAACG_009,112
CCTGGAGCTTGCCGGCAACG_010,182
CCTGGAGCTTGCCGGCAACG_011,149
CCTGGAGCTTGCCGGCAACG_012,28
CCTGGAGCTTGCCGGCAACG_013,155
CCTGGAGCTTGCCGGCAACG_014,32
CCTGGAGCTTGCCGGCAACG_015,16
CAGGTCACAATGCTCAACAA_001,141
CAGGTCACAATGCTCAACAA_002,80
CAGGTCACAATGCTCAACAA_003,34
CAGGTCACAATGCTCAACAA_004,0
CAGGTCACAATGCTCAACAA_005,90
CAGGTCACAATGCTCAACAA_006,147
CAGGTCACAATGCTCAACAA_007,94
CAGGTCACAATGCTCAACAA_008,169
CAGGTCACAATGCTCAACAA_009,129
CAGGTCACAATGCTCAACAA_010,140
CAGGTCACAATGCTCAACAA_011,1
CAGGTCACAATGCTCAACAA_012,108
CAGGTCACAATGCTCAACAA_013,195
CAGGTCACAATGCTCAACAA_014,47
CAGGTCACAATGCTCAACAA_015,29
CAGGTCACAATGCTCAACAA_016,67
CAGGTCACAATGCTCAACAA_017,90
ATCACCATGAAAATATCAGA_001,147
ATCACCATGAAAATATCAGA_002,138
CCTACTTACAAAGGAGACAA_001,141
CCTACTTACAAAGGAGACAA_002,10
CCTACTTACAAAGGAGACAA_003,170
CCTACTTACAAAGGAGACAA_004,63
CCTACTTACAAAGGAGACAA_005,65
CCTACTTACAAAGGAGACAA_006,68
CCTACTTACAAAGGAGACAA_007,35
CCTGTACAACGAGCACACGG_001,70
CCTGTACAACGAGCACACGG_002,68
CCTGTACAACGAGCACACGG_003,189
CCTGTACAACGAGCACACGG_004,176
CCTGTACAACGAGCACACGG_005,88
CCTGTACAACGAGCACACGG_006,70
CCTGTACAACGAGCACACGG_007,75
CCTGTACAACGAGCACACGG_008,142
CCTGTACAACGAGCACACGG_009,119
CCTGTACAACGAGCACACGG_010,165
CTCAATCTCACTCCTCAGCG_001,137
CTCAATCTCACTCCTCAGCG_002,39
CTCAATCTCACTCCTCAGCG_003,159
CTCAATCTCACTCCTCAGCG_004,198
CACAGCCTTTACTCACGCAG_001,105
CACAGCCTTTACTCACGCAG_002,156
CACAGCCTTTACTCACGCAG_003,130
CACAGCCTTTACTCACGCAG_004,175
GAGTGCGAGGAGTCCAAGCG_001,73
GAGTGCGAGGAGTCCAAGCG_002,83
GAGTGCGAGGAGTCCAAGCG_003,72
GAGTGCGAGGAGTCCAAGCG_004,72
GAGTGCGAGGAGTCCAAGCG_005,2
GAGTGCGAGGAGTCCAAGCG_006,162
GAGTGCGAGGAGTCCAAGCG_007,14
GAGTGCGAGGAGTCCAAGCG_008,138
GAGTGCGAGGAGTCCAAGCG_009,68
CTTCAAGTTTGTCGTCGTCG_001,46
CTTCAAGTTTGTCGTCGTCG_002,94
CTTCAAGTTTGTCGTCGTCG_003,77
CTTCAAGTTTGTCGTCGTCG_004,133
CTTCAAGTTTGTCGTCGTCG_005,133
CTTCAAGTTTGTCGTCGTCG_006,6
CTTCAAGTTTGTCGTCGTCG_007,40
CTTCAAGTTTGTCGTCGTCG_008,86
CCTACCTGGAACCGTCAAGG_001,103
CCTACCTGGAACCGTCAAGG_002,62
CCTACCTGGAACCGTCAAGG_003,63
CCTACCTGGAACCGTCAAGG_004,29
CCTACCTGGAACCGTCAAGG_005,182
CCTACCTGGAACCGTCAAGG_006,189
CCTACCTGGAACCGTCAAGG_007,70
CCTACCTGGAACCGTCAAGG_008,37
CCTACCTGGAACCGTCAAGG_009,37
CCTACCTGGAACCGTCAAGG_010,49
CCTACCTGGAACCGTCAAGG_011,25
CCTACCTGGAACCGTCAAGG_012,26
CCTACCTGGAACCGTCAAGG_013,197
CCTACCTGGAACCGTCAAGG_014,152
CCTACCTGGAACCGTCAAGG_015,49
CCTACCTGGAACCGTCAAGG_016,113
CCTACCTGGAACCGTCAAGG_017,175
CCTACCTGGAACCGTCAAGG_018,160
CCTACCTGGAACCGTCAAGG_019,35
CCTACCTGGAACCGTCAAGG_020,27
CCTACCTGGAACCGTCAAGG_021,60
CCTACCTGGAACCGTCAAGG_022,172
CCTACCTGGAACCGTCAAGG_023,137
CCTACCTGGAACCGTCAAGG_024,38
ACAAGCCATCTCTAAACTGT_001,92
ACAAGCCATCTCTAAACTGT_002,34
ACAAGCCATCTCTAAACTGT_003,142
ACAAGCCATCTCTAAACTGT_004,63
ACAAGCCATCTCTAAACTGT_005,52
ACAAGCCATCTCTAAACTGT_006,69
ACCCTCATGACTAAACTACA_001,41
ACCCTCATGACTAAACTACA_002,58
ACCCTCATGACTAAACTACA_003,176
ACCCTCATGACTAAACTACA_004,13
ACCCTCATGACTAAACTACA_005,132
ACCCTCATGACTAAACTACA_006,26
ACCCTCATGACTAAACTACA_007,45
ACCCTCATGACTAAACTACA_008,71
ACCCTCATGACTAAACTACA_009,104
ACCCTCATGACTAAACTACA_010,26
ACCCTCATGACTAAACTACA_011,82
ACCCTCATGACTAAACTACA_012,156
CATCAACTCCAACCACACTT_001,108
CATCAACTCCAACCACACTT_002,115
CATCAACTCCAACCACACTT_003,164
CCAGTAACCAAACTGTGTGT_001,96
CCAGTAACCAAACTGTGTGT_002,165
CCAGTAACCAAACTGTGTGT_003,115
CGCTTTGTGTCCATGAACCG_001,29
CGCTTTGTGTCCATGAACCG_002,91
CGCTTTGTGTCCATGAACCG_003,182
CGCTTTGTGTCCATGAACCG_004,130
CGCTTTGTGTCCATGAACCG_005,130
CGCTTTGTGTCCATGAACCG_006,60
CGCTTTGTGTCCATGAACCG_007,175
CGCTTTGTGTCCATGAACCG_008,43
CGCTTTGTGTCCATGAACCG_009,115
AGAGTCGTGCATAAGCCTGG_001,26
AGAGTCGTGCATAAGCCTGG_002,1
AGAGTCGTGCATAAGCCTGG_003,156
AGAGTCGTGCATAAGCCTGG_004,9
AGAGTCGTGCATAAGCCTGG_005,150
AGAGTCGTGCATAAGCCTGG_006,85
AGAGTCGTGCATAAGCCTGG_007,50
AGAGTCGTGCATAAGCCTGG_008,26
AGAGTCGTGCATAAGCCTGG_009,185
AGAGTCGTGCATAAGCCTGG_010,14
AGAGTCGTGCATAAGCCTGG_011,7
AGAGTCGTGCATAAGCCTGG_012,192
AGAGTCGTGCATAAGCCTGG_013,33
AGAGTCGTGCATAAGCCTGG_014,177
AGAGTCGTGCATAAGCCTGG_015,191
CATTTGCCGAAAGATGGAGA_001,56
CATTTGCCGAAAGATGGAGA_002,126
CATTTGCCGAAAGATGGAGA_003,162
CATTTGCCGAAAGATGGAGA_004,116
CATTTGCCGAAAGATGGAGA_005,181
CATTTGCCGAAAGATGGAGA_006,29
CATTTGCCGAAAGATGGAGA_007,96
CATTTGCCGAAAGATGGAGA_008,22
CATTTGCCGAAAGATGGAGA_009,66
CATTTGCCGAAAGATGGAGA_010,35
CATTTGCCGAAAGATGGAGA_011,144
CATTTGCCGAAAGATGGAGA_012,153
CATTTGCCGAAAGATGGAGA_013,114
CATTTGCCGAAAGATGGAGA_014,118
CATTTGCCGAAAGATGGAGA_015,142
CTCGATCAGGATGTCACGGG_001,126
CTCGATCAGGATGTCACGGG_002,84
CTCGATCAGGATGTCACGGG_003,67
CTCGATCAGGATGTCACGGG_004,88
CTCGATCAGGATGTCACGGG_005,34
CTCGATCAGGATGTCACGGG_006,106
CTCGATCAGGATGTCACGGG_007,181
CTCGATCAGGATGTCACGGG_008,72
CTCGATCAGGATGTCACGGG_009,72
CTCGATCAGGATGTCACGGG_010,62
CTCGATCAGGATGTCACGGG_011,16
CTCGATCAGGATGTCACGGG_012,11
CTCGATCAGGATGTCACGGG_013,187
CTCGATCAGGATGTCACGGG_014,104
CTCGATCAGGATGTCACGGG_015,146
CTCGATCAGGATGTCACGGG_016,17
CTCGATCAGGATGTCACGGG_017,184
CTCGATCAGGATGTCACGGG_018,29
CTCGATCAGGATGTCACGGG_019,9
CTCGATCAGGATGTCACGGG_020,151
CTCGATCAGGATGTCACGGG_021,142
CTGAGCACGAATACTACGAG_001,60
CTGAGCACGAATACTACGAG_002,194
CTGAGCACGAATACTACGAG_003,74
CTGAGCACGAATACTACGAG_004,142
AACTCCCCAGACATGCTCGG_001,88
AACTCCCCAGACATGCTCGG_002,49
AACTCCCCAGACATGCTCGG_003,88
AACTCCCCAGACATGCTCGG_004,78
AACTCCCCAGACATGCTCGG_005,41
AACTCCCCAGACATGCTCGG_006,80
AACTCCCCAGACATGCTCGG_007,198
AACTCCCCAGACATGCTCGG_008,40
AACTCCCCAGACATGCTCGG_009,190
AACTCCCCAGACATGCTCGG_010,152
AACTCCCCAGACATGCTCGG_011,63
AACTCCCCAGACATGCTCGG_012,58
AACTCCCCAGACATGCTCGG_013,78
AACTCCCCAGACATGCTCGG_014,63
ATGCAGAAGTAGGTCTCGTG_001,65
ATGCAGAAGTAGGTCTCGTG_002,175
ATGCAGAAGTAGGTCTCGTG_003,64
ATGCAGAAGTAGGTCTCGTG_004,83
ATGCAGAAGTAGGTCTCGTG_005,58
ATGCAGAAGTAGGTCTCGTG_006,159
ATGCAGAAGTAGGTCTCGTG_007,39
ATGCAGAAGTAGGTCTCGTG_008,88
ATGCAGAAGTAGGTCTCGTG_009,1
ATGCAGAAGTAGGTCTCGTG_010,169
ATGCAGAAGTAGGTCTCGTG_011,151
GACATGGTCTGGATAGTTGG_001,137
GACATGGTCTGGATAGTTGG_002,38
GGGGAGAGTTCGACTCCACG_001,29
GGGGAGAGTTCGACTCCACG_002,19
GGGGAGAGTTCGACTCCACG_003,146
GGGGAGAGTTCGACTCCACG_004,193
GGGGAGAGTTCGACTCCACG_005,77
GGGGAGAGTTCGACTCCACG_006,115
GGGGAGAGTTCGACTCCACG_007,62
GGGGAGAGTTCGACTCCACG_008,8
GGGGAGAGTTCGACTCCACG_009,23
GGGGAGAGTTCGACTCCACG_010,15
GGGGAGAGTTCGACTCCACG_011,43
GGGGAGAGTTCGACTCCACG_012,187
GGGGAGAGTTCGACTCCACG_013,98
GGGGAGAGTTCGACTCCACG_014,99
GGGGAGAGTTCGACTCCACG_015,144
GGGGAGAGTTCGACTCCACG_016,60
GGGGAGAGTTCGACTCCACG_017,127
GGTGGTTGACTGTATCCATG_001,69
GGTGGTTGACTGTATCCATG_002,56
GGTGGTTGACTGTATCCATG_003,36
GGTGGTTGACTGTATCCATG_004,144
GGTGGTTGACTGTATCCATG_005,118
ACGGGCACAACTTCATCATG_001,152
ACGGGCACAACTTCATCATG_002,49
ACGGGCACAACTTCATCATG_003,138
ACGGGCACAACTTCATCATG_004,56
ACGGGCACAACTTCATCATG_005,190
ACGGGCACAACTTCATCATG_006,63
TAAACTCACAAGTTAGACGG_001,178
TAAACTCACAAGTTAGACGG_002,43
TAAACTCACAAGTTAGACGG_003,88
TAAACTCACAAGTTAGACGG_004,31
TAAACTCACAAGTTAGACGG_005,169
TAAACTCACAAGTTAGACGG_006,94
TAAACTCACAAGTTAGACGG_007,140
TAAACTCACAAGTTAGACGG_008,187
TAAACTCACAAGTTAGACGG_009,31
CAGCTGTGCAAATCATCTTG_001,168
CAGGACAACCAGGCACCGTG_001,81
CAGGACAACCAGGCACCGTG_002,43
CAGGACAACCAGGCACCGTG_003,76
CAGGACAACCAGGCACCGTG_004,81
CAGGACAACCAGGCACCGTG_005,58
CAGGACAACCAGGCACCGTG_006,62
CAGGACAACCAGGCACCGTG_007,96
CAGGACAACCAGGCACCGTG_008,151
CAGGACAACCAGGCACCGTG_009,150
CAGGACAACCAGGCACCGTG_010,160
CAGGACAACCAGGCACCGTG_011,115
CAGGACAACCAGGCACCGTG_012,114
CAGGACAACCAGGCACCGTG_013,171
CAGGACAACCAGGCACCGTG_014,174
CAGGACAACCAGGCACCGTG_015,40
CAGGACAACCAGGCACCGTG_016,134
CAGGACAACCAGGCACCGTG_017,130
CAGGACAACCAGGCACCGTG_018,168
CAGGACAACCAGGCACCGTG_019,107
CAGGACAACCAGGCACCGTG_020,83
CAGGACAACCAGGCACCGTG_021,40
CAAGAAATAGCTAATAACTG_001,19
TCCCAAGGATGTATAGGCCA_001,140
TGCTCAGGCAGAAAAGTCCG_001,134
TGCTCAGGCAGAAAAGTCCG_002,191
TGCTCAGGCAGAAAAGTCCG_003,32
TGCTCAGGCAGAAAAGTCCG_004,170
TGCTCAGGCAGAAAAGTCCG_005,174
TGCTCAGGCAGAAAAGTCCG_006,194
TGCTCAGGCAGAAAAGTCCG_007,100
TGCTCAGGCAGAAAAGTCCG_008,127
TGCTCAGGCAGAAAAGTCCG_009,150
TGCTCAGGCAGAAAAGTCCG_010,146
TGCTCAGGCAGAAAAGTCCG_011,58
TGCTCAGGCAGAAAAGTCCG_012,16
TGCTCAGGCAGAAAAGTCCG_013,148
TGCTCAGGCAGAAAAGTCCG_014,127
TGCTCAGGCAGAAAAGTCCG_015,89
TGCTCAGGCAGAAAAGTCCG_016,0
TGGGTGTTAGCCAAAGACAC_001,72
TGGGTGTTAGCCAAAGACAC_002,184
TGGGTGTTAGCCAAAGACAC_003,2
TGGGTGTTAGCCAAAGACAC_004,194
TGGGTGTTAGCCAAAGACAC_005,24
TGGGTGTTAGCCAAAGACAC_006,112
TGGGTGTTAGCCAAAGACAC_007,43
TGGGTGTTAGCCAAAGACAC_008,166
TCGGCGACGCAGGAACCACC_001,15
TCGGCGACGCAGGAACCACC_002,5
TCGGCGACGCAGGAACCACC_003,57
TCGGCGACGCAGGAACCACC_004,64
AGATATGCACCCAATGTCCA_001,186
AGATATGCACCCAATGTCCA_002,170
AGATATGCACCCAATGTCCA_003,156
AGATATGCACCCAATGTCCA_004,106
AGATATGCACCCAATGTCCA_005,176
TGCCTTTGGCAGATATATGG_001,48
TGCCTTTGGCAGATATATGG_002,192
TGCCTTTGGCAGATATATGG_003,192
TGCCTTTGGCAGATATATGG_004,113
TGCCTTTGGCAGATATATGG_005,198
AAGATCTGCTCTGAGTTCGT_001,42
AAGATCTGCTCTGAGTTCGT_002,57
AAGATCTGCTCTGAGTTCGT_003,4
AAGATCTGCTCTGAGTTCGT_004,49
AAGATCTGCTCTGAGTTCGT_005,37
AAGATCTGCTCTGAGTTCGT_006,53
AAGATCTGCTCTGAGTTCGT_007,8
AAGATCTGCTCTGAGTTCGT_008,83
AAGATCTGCTCTGAGTTCGT_009,94
AAGATCTGCTCTGAGTTCGT_010,149
AAGATCTGCTCTGAGTTCGT_011,62
AAGATCTGCTCTGAGTTCGT_012,178
AATGGGTGGAAGTTGATACA_001,88
AATGGGTGGAAGTTGATACA_002,167
AATGGGTGGAAGTTGATACA_003,145
AATGGGTGGAAGTTGATACA_004,146
AATGGGTGGAAGTTGATACA_005,12
AATGGGTGGAAGTTGATACA_006,199
AATGGGTGGAAGTTGATACA_007,83
AATGGGTGGAAGTTGATACA_008,154
AATGGGTGGAAGTTGATACA_009,141
AATGGGTGGAAGTTGATACA_010,162
AATGGGTGGAAGTTGATACA_011,186
CTTGATTAGGAGGATTCATG_001,197
CTTGATTAGGAGGATTCATG_002,51
CTTGATTAGGAGGATTCATG_003,29
CTTGATTAGGAGGATTCATG_004,113
CTTGATTAGGAGGATTCATG_005,9
CTTGATTAGGAGGATTCATG_006,61
CTTGATTAGGAGGATTCATG_007,62
CTTGATTAGGAGGATTCATG_008,109
CAGCCTGAGGAGCAACAGCA_001,33
CAGCCTGAGGAGCAACAGCA_002,175
CAGCCTGAGGAGCAACAGCA_003,19
CAGCCTGAGGAGCAACAGCA_004,182
CAGCCTGAGGAGCAACAGCA_005,15
CAGCCTGAGGAGCAACAGCA_006,70
CAGCCTGAGGAGCAACAGCA_007,17
CAGCCTGAGGAGCAACAGCA_008,79
CAGCCTGAGGAGCAACAGCA_009,168
CAGCCTGAGGAGCAACAGCA_010,124
TTCTTGTGTTCGATGCACAC_001,52
TTCTTGTGTTCGATGCACAC_002,133
TTCTTGTGTTCGATGCACAC_003,43
ACAGTCAGGAATTAATTATG_001,126
ACAGTCAGGAATTAATTATG_002,39
ACAGTCAGGAATTAATTATG_003,104
ACAGTCAGGAATTAATTATG_004,115
ACAGTCAGGAATTAATTATG_005,10
ACGGACAGAGAAGCGCATCG_001,5
ACGGACAGAGAAGCGCATCG_002,137
ACGGACAGAGAAGCGCATCG_003,169
ACGGACAGAGAAGCGCATCG_004,16
ACGGACAGAGAAGCGCATCG_005,161
ACGGACAGAGAAGCGCATCG_006,43
ACGGACAGAGAAGCGCATCG_007,68
ACGGACAGAGAAGCGCATCG_008,155
ACGGACAGAGAAGCGCATCG_009,155
ACGGACAGAGAAGCGCATCG_010,16
ACGGACAGAGAAGCGCATCG_011,73
ACGGACAGAGAAGCGCATCG_012,49
ACGGACAGAGAAGCGCATCG_013,72
ACGGACAGAGAAGCGCATCG_014,158
ACGGACAGAGAAGCGCATCG_015,169
ACGGACAGAGAAGCGCATCG_016,74
ACGGACAGAGAAGCGCATCG_017,108
ACGGACAGAGAAGCGCATCG_018,83
ACGGACAGAGAAGCGCATCG_019,138
ACGGACAGAGAAGCGCATCG_020,34
ACGGACAGAGAAGCGCATCG_021,180
ACGGACAGAGAAGCGCATCG_022,56
ACGGACAGAGAAGCGCATCG_023,17
GCACAGCCAGAGGAAGCTGG_001,23
GCACAGCCAGAGGAAGCTGG_002,24
GCACAGCCAGAGGAAGCTGG_003,32
GCACAGCCAGAGGAAGCTGG_004,21
GCACAGCCAGAGGAAGCTGG_005,78
GCACAGCCAGAGGAAGCTGG_006,162
GCACAGCCAGAGGAAGCTGG_007,96
GCACAGCCAGAGGAAGCTGG_008,141
GCACAGCCAGAGGAAGCTGG_009,183
GCACAGCCAGAGGAAGCTGG_010,41
GCACAGCCAGAGGAAGCTGG_011,145
GCACAGCCAGAGGAAGCTGG_012,1
GCACAGCCAGAGGAAGCTGG_013,1
GCACAGCCAGAGGAAGCTGG_014,127
GCACAGCCAGAGGAAGCTGG_015,127
GCACAGCCAGAGGAAGCTGG_016,47
GCACAGCCAGAGGAAGCTGG_017,172
GCACAGCCAGAGGAAGCTGG_018,35
GCACAGCCAGAGGAAGCTGG_019,121
GCACAGCCAGAGGAAGCTGG_020,142
GCACAGCCAGAGGAAGCTGG_021,182
GCACAGCCAGAGGAAGCTGG_022,145
GCACAGCCAGAGGAAGCTGG_023,63
GCACAGCCAGAGGAAGCTGG_024,168
GCACAGCCAGAGGAAGCTGG_025,102
GCACAGCCAGAGGAAGCTGG_026,138
GCACAGCCAGAGGAAGCTGG_027,15
GCACAGCCAGAGGAAGCTGG_028,63
AGACAGAATGTTTGAGACAA_001,82
AGACAGAATGTTTGAGACAA_002,12
AGACAGAATGTTTGAGACAA_003,186
AGACAGAATGTTTGAGACAA_004,120
AGACAGAATGTTTGAGACAA_005,36
AGACAGAATGTTTGAGACAA_006,180
GGCGTGACGTAAGTCCGCCG_001,116
GGCGTGACGTAAGTCCGCCG_002,172
GGCGTGACGTAAGTCCGCCG_003,92
GGCGTGACGTAAGTCCGCCG_004,42
GTCCGCGGAGGGTTCAACTG_001,38
GTCCGCGGAGGGTTCAACTG_002,77
GTCCGCGGAGGGTTCAACTG_003,141
GTCCGCGGAGGGTTCAACTG_004,77
GTCCGCGGAGGGTTCAACTG_005,137
GTCCGCGGAGGGTTCAACTG_006,62
GTCCGCGGAGGGTTCAACTG_007,78
GTCCGCGGAGGGTTCAACTG_008,171
GTCCGCGGAGGGTTCAACTG_009,147
GTCCGCGGAGGGTTCAACTG_010,85
GTCCGCGGAGGGTTCAACTG_011,107
GTCCGCGGAGGGTTCAACTG_012,6
GTCCGCGGAGGGTTCAACTG_013,58
GTCCGCGGAGGGTTCAACTG_014,27
GTCCGCGGAGGGTTCAACTG_015,48
GTCCGCGGAGGGTTCAACTG_016,28
GTCCGCGGAGGGTTCAACTG_017,56
GTCCGCGGAGGGTTCAACTG_018,129
GTCCGCGGAGGGTTCAACTG_019,18
GTCCGCGGAGGGTTCAACTG_020,153
GTCCGCGGAGGGTTCAACTG_021,27
GTCCGCGGAGGGTTCAACTG_022,147
GTCCGCGGAGGGTTCAACTG_023,167
TAGTTTAATGGATCGAGAAG_001,53
TAGTTTAATGGATCGAGAAG_002,197
CTCCTGGTAACCATTGCCAT_001,107
CTCCTGGTAACCATTGCCAT_002,132
CTCCTGGTAACCATTGCCAT_003,2
CTCCTGGTAACCATTGCCAT_004,1
CTCCTGGTAACCATTGCCAT_005,150
CTCCTGGTAACCATTGCCAT_006,62
CTCCTGGTAACCATTGCCAT_007,153
CTCCTGGTAACCATTGCCAT_008,68
CTCCTGGTAACCATTGCCAT_009,188
CTCCTGGTAACCATTGCCAT_010,117
CTCCTGGTAACCATTGCCAT_011,76
CTCCTGGTAACCATTGCCAT_012,82
CTCCTGGTAACCATTGCCAT_013,170
GGTGGAAGGCCATGACCGGA_001,160
GGTGGAAGGCCATGACCGGA_002,29
GGTGGAAGGCCATGACCGGA_003,115
GGTGGAAGGCCATGACCGGA_004,116
CCTCACCAACACGGTGACTG_001,102
CCTCACCAACACGGTGACTG_002,118
CCTCACCAACACGGTGACTG_003,105
CCTCACCAACACGGTGACTG_004,41
CCTCACCAACACGGTGACTG_005,19
CCTCACCAACACGGTGACTG_006,58
CCTCACCAACACGGTGACTG_007,1
CCTCACCAACACGGTGACTG_008,144
CCTCACCAACACGGTGACTG_009,64
CCTCACCAACACGGTGACTG_010,39
CCTCACCAACACGGTGACTG_011,186
CCTCACCAACACGGTGACTG_012,189
CCTCACCAACACGGTGACTG_013,144
CCTCACCAACACGGTGACTG_014,113
CCTCACCAACACGGTGACTG_015,6
CCTCACCAACACGGTGACTG_016,6
CCTCACCAACACGGTGACTG_017,5
CCTCACCAACACGGTGACTG_018,46
CCTCACCAACACGGTGACTG_019,31
CCTCACCAACACGGTGACTG_020,67
CCTCACCAACACGGTGACTG_021,29
CCTCACCAACACGGTGACTG_022,77
CCTCACCAACACGGTGACTG_023,156
CCTCACCAACACGGTGACTG_024,85
CCTCACCAACACGGTGACTG_025,189
CCTCACCAACACGGTGACTG_026,174
CCTCACCAACACGGTGACTG_027,193
CCTCACCAACACGGTGACTG_028,193
CCTCACCAACACGGTGACTG_029,107
CCTCACCAACACGGTGACTG_030,94
CCTCACCAACACGGTGACTG_031,2
CCTCACCAACACGGTGACTG_032,42
CCTCACCAACACGGTGACTG_033,77
CCTCACCAACACGGTGACTG_034,118
CCTCACCAACACGGTGACTG_035,77
CCTCACCAACACGGTGACTG_036,157
CCTCACCAACACGGTGACTG_037,55
CCTCACCAACACGGTGACTG_038,77
CCTCACCAACACGGTGACTG_039,58
CCTCACCAACACGGTGACTG_040,37
CCTCACCAACACGGTGACTG_041,72
CCTCACCAACACGGTGACTG_042,3
CCTCACCAACACGGTGACTG_043,199
CCTCACCAACACGGTGACTG_044,184
CCTCACCAACACGGTGACTG_045,35
TGATGATCAAAACTACAGGG_001,32
TGATGATCAAAACTACAGGG_002,102
TGATGATCAAAACTACAGGG_003,149
TGATGATCAAAACTACAGGG_004,9
TGATGATCAAAACTACAGGG_005,136
AAAATTCCTGGTTACCGTTG_001,107
AAAATTCCTGGTTACCGTTG_002,108
AAAATTCCTGGTTACCGTTG_003,132
ACTGCTCAACAAGTTCAGGT_001,142
ACTGCTCAACAAGTTCAGGT_002,188
ACTGCTCAACAAGTTCAGGT_003,170
ACTGCTCAACAAGTTCAGGT_004,90
ACTGCTCAACAAGTTCAGGT_005,6
ACTGCTCAACAAGTTCAGGT_006,125
ACTGCTCAACAAGTTCAGGT_007,161
ACTGCTCAACAAGTTCAGGT_008,15
ACTGCTCAACAAGTTCAGGT_009,125
ACTGCTCAACAAGTTCAGGT_010,113
ACTGCTCAACAAGTTCAGGT_011,185
ACTGCTCAACAAGTTCAGGT_012,142
ACTGCTCAACAAGTTCAGGT_013,39
ACTGCTCAACAAGTTCAGGT_014,193
GAGCTGCCCGCCTACACGGA_001,97
GAGCTGCCCGCCTACACGGA_002,55
GAGCTGCCCGCCTACACGGA_003,165
GAGCTGCCCGCCTACACGGA_004,1
GAGCTGCCCGCCTACACGGA_005,105
GAGCTGCCCGCCTACACGGA_006,121
GAGCTGCCCGCCTACACGGA_007,112
GAGCTGCCCGCCTACACGGA_008,149
GAGCTGCCCGCCTACACGGA_009,104
GAGCTGCCCGCCTACACGGA_010,61
GAGCTGCCCGCCTACACGGA_011,169
GAGCTGCCCGCCTACACGGA_012,121
GAGCTGCCCGCCTACACGGA_013,70
GAGCTGCCCGCCTACACGGA_014,177
GAGCTGCCCGCCTACACGGA_015,73
GAGCTGCCCGCCTACACGGA_016,32
GAGCTGCCCGCCTACACGGA_017,125
GAGCTGCCCGCCTACACGGA_018,188
GAGCTGCCCGCCTACACGGA_019,108
GAGCTGCCCGCCTACACGGA_020,116
GAGCTGCCCGCCTACACGGA_021,43
GAGCTGCCCGCCTACACGGA_022,133
GAGCTGCCCGCCTACACGGA_023,198
GAGCTGCCCGCCTACACGGA_024,78
GAGCTGCCCGCCTACACGGA_025,63
GGATAGCTTCACAGCTGACT_001,115
GGATAGCTTCACAGCTGACT_002,76
GGATAGCTTCACAGCTGACT_003,121
GGATAGCTTCACAGCTGACT_004,127
GGATAGCTTCACAGCTGACT_005,140
GGATAGCTTCACAGCTGACT_006,176
GGATAGCTTCACAGCTGACT_007,113
GGATAGCTTCACAGCTGACT_008,74
GGATAGCTTCACAGCTGACT_009,30
AGCACAACCTCAAGATTCAG_001,88
AGCACAACCTCAAGATTCAG_002,169
AGCACAACCTCAAGATTCAG_003,77
AGCACAACCTCAAGATTCAG_004,8
AGCACAACCTCAAGATTCAG_005,50
AGCACAACCTCAAGATTCAG_006,194
AGCACAACCTCAAGATTCAG_007,36
AGCACAACCTCAAGATTCAG_008,173
AGCACAACCTCAAGATTCAG_009,173
AGCACAACCTCAAGATTCAG_010,81
AGCACAACCTCAAGATTCAG_011,150
AGCACAACCTCAAGATTCAG_012,29
AGCACAACCTCAAGATTCAG_013,127
AGCACAACCTCAAGATTCAG_014,63
AGCACAACCTCAAGATTCAG_015,127
AGCACAACCTCAAGATTCAG_016,2
AGCACAACCTCAAGATTCAG_017,15
AGCACAACCTCAAGATTCAG_018,29
AGCACAACCTCAAGATTCAG_019,41
AGCACAACCTCAAGATTCAG_020,175
AGCACAACCTCAAGATTCAG_021,50
AGCACAACCTCAAGATTCAG_022,12
AGCACAACCTCAAGATTCAG_023,150
AGCACAACCTCAAGATTCAG_024,114
AGCACAACCTCAAGATTCAG_025,145
AGCACAACCTCAAGATTCAG_026,137
AGCACAACCTCAAGATTCAG_027,94
AGCACAACCTCAAGATTCAG_028,180
AGCACAACCTCAAGATTCAG_029,144
AGAAGAATCCACTAACATGG_001,31
AGAAGAATCCACTAACATGG_002,37
AGAAGAATCCACTAACATGG_003,132
AGAAGAATCCACTAACATGG_004,88
AGAAGAATCCACTAACATGG_005,128
AGAAGAATCCACTAACATGG_006,75
AGAAGAATCCACTAACATGG_007,74
AGAAGAATCCACTAACATGG_008,56
AGAAGAATCCACTAACATGG_009,163
AGCCATAATATAGTCTACTG_001,40
CGTTGGCAAATTGCACCTCG_001,2
CGTTGGCAAATTGCACCTCG_002,21
GGCCGGCCGAGAAGACACCC_001,111
GTTGGATGACATAATGGCGG_001,62
GTTGGATGACATAATGGCGG_002,144
GTTGGATGACATAATGGCGG_003,42
CGCTTTCAAGAGGAGTCGCG_001,118
CGCTTTCAAGAGGAGTCGCG_002,166
CGCTTTCAAGAGGAGTCGCG_003,120
CGCTTTCAAGAGGAGTCGCG_004,49
CGCTTTCAAGAGGAGTCGCG_005,5
CGCTTTCAAGAGGAGTCGCG_006,105
CGCTTTCAAGAGGAGTCGCG_007,69
CGCTTTCAAGAGGAGTCGCG_008,108
TGGGGGTTCCGATTAGACTG_001,133
TGGGGGTTCCGATTAGACTG_002,198
TGGGGGTTCCGATTAGACTG_003,121
TGGGGGTTCCGATTAGACTG_004,174
TGGGGGTTCCGATTAGACTG_005,24
GTTGGCCTGCAGGGACTCCG_001,6
GTTGGCCTGCAGGGACTCCG_002,156
GTTGGCCTGCAGGGACTCCG_003,171
GTTGGCCTGCAGGGACTCCG_004,143
GTTGGCCTGCAGGGACTCCG_005,2
GTTGGCCTGCAGGGACTCCG_006,49
GTTGGCCTGCAGGGACTCCG_007,168
GTTGGCCTGCAGGGACTCCG_008,166
GTTGGCCTGCAGGGACTCCG_009,188
GTTGGCCTGCAGGGACTCCG_010,56
GTTGGCCTGCAGGGACTCCG_011,115
GTTGGCCTGCAGGGACTCCG_012,24
GTTGGCCTGCAGGGACTCCG_013,125
GTTGGCCTGCAGGGACTCCG_014,62
GTTGGCCTGCAGGGACTCCG_015,188
GTTGGCCTGCAGGGACTCCG_016,81
GTTGGCCTGCAGGGACTCCG_017,113
GTTGGCCTGCAGGGACTCCG_018,184
GTTGGCCTGCAGGGACTCCG_019,136
GTTGGCCTGCAGGGACTCCG_020,54
GTTGGCCTGCAGGGACTCCG_021,107
GTTGGCCTGCAGGGACTCCG_022,162
CCTCACTCCCCACCTTCATG_001,47
CCTCACTCCCCACCTTCATG_002,11
CCTCACTCCCCACCTTCATG_003,147
CCTCACTCCCCACCTTCATG_004,98
CCTCACTCCCCACCTTCATG_005,148
CCTCACTCCCCACCTTCATG_006,142
CCTCACTCCCCACCTTCATG_007,104
CCTCACTCCCCACCTTCATG_008,12
CCTCACTCCCCACCTTCATG_009,12
CCTCACTCCCCACCTTCATG_010,135
CCTCACTCCCCACCTTCATG_011,58
CCTCACTCCCCACCTTCATG_012,175
CCTCACTCCCCACCTTCATG_013,58
CCTCACTCCCCACCTTCATG_014,19
CCTCACTCCCCACCTTCATG_015,143
CCTCACTCCCCACCTTCATG_016,141
CCTCACTCCCCACCTTCATG_017,150
CCTCACTCCCCACCTTCATG_018,91
CCTCACTCCCCACCTTCATG_019,129
CCTCACTCCCCACCTTCATG_020,22
CCTCACTCCCCACCTTCATG_021,13
CCTCACTCCCCACCTTCATG_022,188
CCTCACTCCCCACCTTCATG_023,82
CCTCACTCCCCACCTTCATG_024,125
CCTCACTCCCCACCTTCATG_025,189
CCTCACTCCCCACCTTCATG_026,66
CCTCACTCCCCACCTTCATG_027,121
CCTCACTCCCCACCTTCATG_028,118
CCTCACTCCCCACCTTCATG_029,166
CCTCACTCCCCACCTTCATG_030,88
CCTCACTCCCCACCTTCATG_031,170
CCTCACTCCCCACCTTCATG_032,83
CCTCACTCCCCACCTTCATG_033,145
CCTCACTCCCCACCTTCATG_034,149
CCTCACTCCCCACCTTCATG_035,85
CCTCACTCCCCACCTTCATG_036,49
CCTCACTCCCCACCTTCATG_037,191
CCTCACTCCCCACCTTCATG_038,193
CCTCACTCCCCACCTTCATG_039,29
CCTCACTCCCCACCTTCATG_040,4
CCTCACTCCCCACCTTCATG_041,180
CCTCACTCCCCACCTTCATG_042,71
CCTCACTCCCCACCTTCATG_043,188
CCTCACTCCCCACCTTCATG_044,175
CCTCACTCCCCACCTTCATG_045,103
CCTCACTCCCCACCTTCATG_046,184
CCTCACTCCCCACCTTCATG_047,141
CCTCACTCCCCACCTTCATG_048,50
CCTCACTCCCCACCTTCATG_049,2
CCTCACTCCCCACCTTCATG_050,80
CCTCACTCCCCACCTTCATG_051,199
CCTCACTCCCCACCTTCATG_052,147
CCTCACTCCCCACCTTCATG_053,179
CCTCACTCCCCACCTTCATG_054,37
CCTCACTCCCCACCTTCATG_055,104
CCTCACTCCCCACCTTCATG_056,108
CCTCACTCCCCACCTTCATG_057,47
CCTCACTCCCCACCTTCATG_058,90
CCTCACTCCCCACCTTCATG_059,23
CCTCACTCCCCACCTTCATG_060,77
CCTCACTCCCCACCTTCATG_061,148
CCTCACTCCCCACCTTCATG_062,168
CCTCACTCCCCACCTTCATG_063,80
CCTCACTCCCCACCTTCATG_064,180
CCTCACTCCCCACCTTCATG_065,47
CCTCACTCCCCACCTTCATG_066,88
CCTCACTCCCCACCTTCATG_067,77
CCTCACTCCCCACCTTCATG_068,156
CCTCACTCCCCACCTTCATG_069,160
CCTCACTCCCCACCTTCATG_070,168
CCTCACTCCCCACCTTCATG_071,144
CCTCACTCCCCACCTTCATG_072,3
CCTCACTCCCCACCTTCATG_073,127
CCTCACTCCCCACCTTCATG_074,116
CCTCACTCCCCACCTTCATG_075,77
CCTCACTCCCCACCTTCATG_076,188
CCTCACTCCCCACCTTCATG_077,199
CCTCACTCCCCACCTTCATG_078,145
CCTCACTCCCCACCTTCATG_079,196
CCTCACTCCCCACCTTCATG_080,58
CCTCACTCCCCACCTTCATG_081,64
CCTCACTCCCCACCTTCATG_082,46
CCTCACTCCCCACCTTCATG_083,3
CCTCACTCCCCACCTTCATG_084,195
CCTCACTCCCCACCTTCATG_085,185
CCTCACTCCCCACCTTCATG_086,94
CCTCACTCCCCACCTTCATG_087,78
AATTTCAAGATATTTGTGAG_001,2
ACCTGTACCAATCCAGCCCG_001,56
ACCTGTACCAATCCAGCCCG_002,141
ACCTGTACCAATCCAGCCCG_003,42
ACCTGTACCAATCCAGCCCG_004,125
ACCTGTACCAATCCAGCCCG_005,77
ACCTGTACCAATCCAGCCCG_006,28
ACCTGTACCAATCCAGCCCG_007,145
ACCTGTACCAATCCAGCCCG_008,175
ACAGTGTGTCAGTGTAAAGA_001,169
ACAGTGTGTCAGTGTAAAGA_002,83
ACAGTGTGTCAGTGTAAAGA_003,147
ACAGTGTGTCAGTGTAAAGA_004,75
ACAGTGTGTCAGTGTAAAGA_005,161
ACAGTGTGTCAGTGTAAAGA_006,161
ACAGTGTGTCAGTGTAAAGA_007,168
ACAGTGTGTCAGTGTAAAGA_008,166
ACAGTGTGTCAGTGTAAAGA_009,168
ACAGTGTGTCAGTGTAAAGA_010,63
ACGTAAGGGCTTACCCGCGA_001,47
ACGTAAGGGCTTACCCGCGA_002,8
ACGTAAGGGCTTACCCGCGA_003,1
ACGTAAGGGCTTACCCGCGA_004,174
ACGTAAGGGCTTACCCGCGA_005,82
ACGTAAGGGCTTACCCGCGA_006,139
ACGTAAGGGCTTACCCGCGA_007,29
ACGTAAGGGCTTACCCGCGA_008,134
ACGTAAGGGCTTACCCGCGA_009,175
ACGTAAGGGCTTACCCGCGA_010,26
ACGTAAGGGCTTACCCGCGA_011,22
ACGTAAGGGCTTACCCGCGA_012,6
ACGTAAGGGCTTACCCGCGA_013,47
AGATGGCGGTGTAGTGCATG_001,43
AGATGGCGGTGTAGTGCATG_002,49
AGATGGCGGTGTAGTGCATG_003,175
AGATGGCGGTGTAGTGCATG_004,105
AGATGGCGGTGTAGTGCATG_005,139
AGATGGCGGTGTAGTGCATG_006,170
AGATGGCGGTGTAGTGCATG_007,62
AGATGGCGGTGTAGTGCATG_008,75
AGATGGCGGTGTAGTGCATG_009,83
AGATGGCGGTGTAGTGCATG_010,47
AGATGGCGGTGTAGTGCATG_011,95
AGATGGCGGTGTAGTGCATG_012,181
AGATGGCGGTGTAGTGCATG_013,107
AGATGGCGGTGTAGTGCATG_014,48
AGATGGCGGTGTAGTGCATG_015,31
AGATGGCGGTGTAGTGCATG_016,17
AGATGGCGGTGTAGTGCATG_017,62
AGATGGCGGTGTAGTGCATG_018,164
AGATGGCGGTGTAGTGCATG_019,164
AGATGGCGGTGTAGTGCATG_020,124
AGATGGCGGTGTAGTGCATG_021,47
GGGGACACGTTACCTGCCCG_001,96
GGGGACACGTTACCTGCCCG_002,17
GGGGACACGTTACCTGCCCG_003,120
GGGGACACGTTACCTGCCCG_004,120
GGGGACACGTTACCTGCCCG_005,42
GGGGACACGTTACCTGCCCG_006,127
GGGGACACGTTACCTGCCCG_007,59
GGGGACACGTTACCTGCCCG_008,88
GGGGACACGTTACCTGCCCG_009,103
GGGGACACGTTACCTGCCCG_010,77
AACCATCCGAAACTATGCTC_001,162
AACCATCCGAAACTATGCTC_002,29
AACCATCCGAAACTATGCTC_003,6
AACCATCCGAAACTATGCTC_004,80
AACCATCCGAAACTATGCTC_005,55
AACCATCCGAAACTATGCTC_006,161
AACCATCCGAAACTATGCTC_007,44
AACCATCCGAAACTATGCTC_008,126
ACGCATGCTTCCCAAAGCGT_001,47
ACGCATGCTTCCCAAAGCGT_002,87
ACGCATGCTTCCCAAAGCGT_003,129
ACGCATGCTTCCCAAAGCGT_004,58
ACGCATGCTTCCCAAAGCGT_005,83
ACGCATGCTTCCCAAAGCGT_006,191
ACGCATGCTTCCCAAAGCGT_007,83
ACGCATGCTTCCCAAAGCGT_008,8
ACGCATGCTTCCCAAAGCGT_009,47
ACGCATGCTTCCCAAAGCGT_010,9
ACGCATGCTTCCCAAAGCGT_011,185
ACGCATGCTTCCCAAAGCGT_012,57
ACGCATGCTTCCCAAAGCGT_013,67
ACGCATGCTTCCCAAAGCGT_014,159
ACGCATGCTTCCCAAAGCGT_015,16
ACGCATGCTTCCCAAAGCGT_016,42
ACGCATGCTTCCCAAAGCGT_017,129
ACGCATGCTTCCCAAAGCGT_018,160
ACGCATGCTTCCCAAAGCGT_019,150
ACGCATGCTTCCCAAAGCGT_020,139
ACGCATGCTTCCCAAAGCGT_021,33
ACGCATGCTTCCCAAAGCGT_022,198
ACGCATGCTTCCCAAAGCGT_023,156
ACGCATGCTTCCCAAAGCGT_024,124
ACGCATGCTTCCCAAAGCGT_025,28
CCAGTCAATATCCAGCACAG_001,55
CCGGCCGGTCTCCCAAACCG_001,162
CCGGCCGGTCTCCCAAACCG_002,27
CCGGCCGGTCTCCCAAACCG_003,126
CCGGCCGGTCTCCCAAACCG_004,93
AGAAACTTACTGGTCGGGAC_001,107
AGAAACTTACTGGTCGGGAC_002,88
AGAAACTTACTGGTCGGGAC_003,16
AGAAACTTACTGGTCGGGAC_004,108
AGAAACTTACTGGTCGGGAC_005,108
AGAAACTTACTGGTCGGGAC_006,61
AGAAACTTACTGGTCGGGAC_007,1
AGAAACTTACTGGTCGGGAC_008,159
AGAAACTTACTGGTCGGGAC_009,32
AGAAACTTACTGGTCGGGAC_010,125
AGAAACTTACTGGTCGGGAC_011,199
AGAAACTTACTGGTCGGGAC_012,15
AGAAACTTACTGGTCGGGAC_013,170
AGAAACTTACTGGTCGGGAC_014,122
GACTAAGACTAGCTCCAGCA_001,41
GACTAAGACTAGCTCCAGCA_002,177
GACTAAGACTAGCTCCAGCA_003,166
GACTAAGACTAGCTCCAGCA_004,4
GACTAAGACTAGCTCCAGCA_005,88
GACTAAGACTAGCTCCAGCA_006,88
GACTAAGACTAGCTCCAGCA_007,105
GACTAAGACTAGCTCCAGCA_008,91
GACTAAGACTAGCTCCAGCA_009,78
GACTAAGACTAGCTCCAGCA_010,176
GACTAAGACTAGCTCCAGCA_011,124
GACTAAGACTAGCTCCAGCA_012,88
GGTGATGGCCTGGACAACCA_001,177
GGTGATGGCCTGGACAACCA_002,197
GGTGATGGCCTGGACAACCA_003,80
GGTGATGGCCTGGACAACCA_004,84
GGTGATGGCCTGGACAACCA_005,136
GGTGATGGCCTGGACAACCA_006,61
GCAGCCTCCCTGAGCAACAC_001,96
GCAGCCTCCCTGAGCAACAC_002,172
GCAGCCTCCCTGAGCAACAC_003,6
GCAGCCTCCCTGAGCAACAC_004,199
GCAGCCTCCCTGAGCAACAC_005,54
GCAGCCTCCCTGAGCAACAC_006,78
GCAGCCTCCCTGAGCAACAC_007,162
GCAGCCTCCCTGAGCAACAC_008,121
GCAGCCTCCCTGAGCAACAC_009,118
GCAGCCTCCCTGAGCAACAC_010,189
GCAGCCTCCCTGAGCAACAC_011,148
GCAGCCTCCCTGAGCAACAC_012,188
GCAGCCTCCCTGAGCAACAC_013,42
GCAGCCTCCCTGAGCAACAC_014,76
GCAGCCTCCCTGAGCAACAC_015,77
GCAGCCTCCCTGAGCAACAC_016,104
GCAGCCTCCCTGAGCAACAC_017,28
GCAGCCTCCCTGAGCAACAC_018,165
GCAGCCTCCCTGAGCAACAC_019,103
TACCAGGCTGTGCACCAATG_001,96
TACCAGGCTGTGCACCAATG_002,148
TACCAGGCTGTGCACCAATG_003,67
TACCAGGCTGTGCACCAATG_004,157
TACCAGGCTGTGCACCAATG_005,171
ATATGACGATCAGTGACGAG_001,6
ATATGACGATCAGTGACGAG_002,146
ATATGACGATCAGTGACGAG_003,55
CAAGAGGCAGTGTCCGATCG_001,199
CAAGAGGCAGTGTCCGATCG_002,116
CAAGAGGCAGTGTCCGATCG_003,148
GAACCTTAGCCGGCCGATCG_001,49
GAACCTTAGCCGGCCGATCG_002,162
GAACCTTAGCCGGCCGATCG_003,144
GAACCTTAGCCGGCCGATCG_004,127
GAACCTTAGCCGGCCGATCG_005,80
GAACCTTAGCCGGCCGATCG_006,61
GAACCTTAGCCGGCCGATCG_007,107
GAACCTTAGCCGGCCGATCG_008,72
GAACCTTAGCCGGCCGATCG_009,88
GAACCTTAGCCGGCCGATCG_010,117
GAACCTTAGCCGGCCGATCG_011,177
GAACCTTAGCCGGCCGATCG_012,17
GAACCTTAGCCGGCCGATCG_013,82
GAACCTTAGCCGGCCGATCG_014,26
GAACCTTAGCCGGCCGATCG_015,5
GAACCTTAGCCGGCCGATCG_016,165
GAACCTTAGCCGGCCGATCG_017,24
GAACCTTAGCCGGCCGATCG_018,31
GAACCTTAGCCGGCCGATCG_019,144
GAACCTTAGCCGGCCGATCG_020,173
GAACCTTAGCCGGCCGATCG_021,173
GAACCTTAGCCGGCCGATCG_022,130
GAACCTTAGCCGGCCGATCG_023,104
GAACCTTAGCCGGCCGATCG_024,55
GATGTCAAATTAAATCTTGG_001,38
GATGTCAAATTAAATCTTGG_002,53
GATGTCAAATTAAATCTTGG_003,120
GATGTCAAATTAAATCTTGG_004,119
GATGTCAAATTAAATCTTGG_005,118
GATGTCAAATTAAATCTTGG_006,66
GATGTCAAATTAAATCTTGG_007,22
GATGTCAAATTAAATCTTGG_008,192
GATGTCAAATTAAATCTTGG_009,8
GATGTCAAATTAAATCTTGG_010,182
GATGTCAAATTAAATCTTGG_011,174
GATGTCAAATTAAATCTTGG_012,147
GATTCAAGTTCATTAATCAG_001,193
GATTCAAGTTCATTAATCAG_002,198
GATTCAAGTTCATTAATCAG_003,127
GATTCAAGTTCATTAATCAG_004,38
GATTCAAGTTCATTAATCAG_005,17
GATTCAAGTTCATTAATCAG_006,105
GATTCAAGTTCATTAATCAG_007,146
GATTCAAGTTCATTAATCAG_008,148
GATTCAAGTTCATTAATCAG_009,19
GATTCAAGTTCATTAATCAG_010,62
GATTCAAGTTCATTAATCAG_011,185
CGTTACCCAGAATATCACGG_001,140
CGTTACCCAGAATATCACGG_002,48
CGTTACCCAGAATATCACGG_003,194
CGTTACCCAGAATATCACGG_004,113
CGTTACCCAGAATATCACGG_005,105
CGTTACCCAGAATATCACGG_006,10
CGTTACCCAGAATATCACGG_007,150
CGTTACCCAGAATATCACGG_008,150
CGTTACCCAGAATATCACGG_009,16
CGTTACCCAGAATATCACGG_010,82
CGTTACCCAGAATATCACGG_011,104
GAGAAAAAGCATAAGGACTG_001,5
GAGAAAAAGCATAAGGACTG_002,82
GAGAAAAAGCATAAGGACTG_003,117
GAGAAAAAGCATAAGGACTG_004,67
GAGAAAAAGCATAAGGACTG_005,98
GAGAAAAAGCATAAGGACTG_006,16
GAGAAAAAGCATAAGGACTG_007,103
GAGAAAAAGCATAAGGACTG_008,49
GAGAAAAAGCATAAGGACTG_009,78
GAGAAAAAGCATAAGGACTG_010,106
AACCATCACCTTACATCATG_001,159
AACCATCACCTTACATCATG_002,15
AACCATCACCTTACATCATG_003,188
AACCATCACCTTACATCATG_004,194
AACCATCACCTTACATCATG_005,147
AACCATCACCTTACATCATG_006,56
AACCATCACCTTACATCATG_007,35
AACCATCACCTTACATCATG_008,148
AACCATCACCTTACATCATG_009,165
GCCCTGTGAGACACCGCCCG_001,26
GCCCTGTGAGACACCGCCCG_002,69
GCCCTGTGAGACACCGCCCG_003,61
GCCCTGTGAGACACCGCCCG_004,33
GCCCTGTGAGACACCGCCCG_005,197
GCCCTGTGAGACACCGCCCG_006,42
GCCCTGTGAGACACCGCCCG_007,137
GCCCTGTGAGACACCGCCCG_008,132
GCCCTGTGAGACACCGCCCG_009,75
GCCCTGTGAGACACCGCCCG_010,84
GCCCTGTGAGACACCGCCCG_011,175
GCCCTGTGAGACACCGCCCG_012,94
GCCCTGTGAGACACCGCCCG_013,19
CCATTGACTACGGATTCCAG_001,171
CCATTGACTACGGATTCCAG_002,8
CCATTGACTACGGATTCCAG_003,42
CCATTGACTACGGATTCCAG_004,52
CCATTGACTACGGATTCCAG_005,94
CCATTGACTACGGATTCCAG_006,122
CCATTGACTACGGATTCCAG_007,179
CCATTGACTACGGATTCCAG_008,83
CCATTGACTACGGATTCCAG_009,197
GCTCTGGGCCCACCCAACAC_001,119
GCTCTGGGCCCACCCAACAC_002,182
GCTCTGGGCCCACCCAACAC_003,88
GCTCTGGGCCCACCCAACAC_004,32
GCTCTGGGCCCACCCAACAC_005,30
GCTCTGGGCCCACCCAACAC_006,194
GCTCTGGGCCCACCCAACAC_007,107
GCTCTGGGCCCACCCAACAC_008,115
GCTCTGGGCCCACCCAACAC_009,93
GCTCTGGGCCCACCCAACAC_010,102
GCTCTGGGCCCACCCAACAC_011,187
GCTCTGGGCCCACCCAACAC_012,117
GCTCTGGGCCCACCCAACAC_013,55
GCTCTGGGCCCACCCAACAC_014,10
TCAGCATTGCTTGTCCTGAG_001,27
CAGCTCGATGACTTCCATGT_001,140
CAGCTCGATGACTTCCATGT_002,81
CAGCTCGATGACTTCCATGT_003,19
CAGCTCGATGACTTCCATGT_004,108
CAGCTCGATGACTTCCATGT_005,160
CAGCTCGATGACTTCCATGT_006,6
CAGCTCGATGACTTCCATGT_007,188
CAGCTCGATGACTTCCATGT_008,79
AATCCGGAATTTCGCACCAG_001,25
AATCCGGAATTTCGCACCAG_002,38
AATCCGGAATTTCGCACCAG_003,43
AGAGTCTAACTTCACACCTC_001,27
AGAGTCTAACTTCACACCTC_002,168
AGAGTCTAACTTCACACCTC_003,29
AGAGTCTAACTTCACACCTC_004,37
AGAGTCTAACTTCACACCTC_005,176
AGAGTCTAACTTCACACCTC_006,194
AGAGTCTAACTTCACACCTC_007,195
AGAGTCTAACTTCACACCTC_008,125
AGAGTCTAACTTCACACCTC_009,96
AGAGTCTAACTTCACACCTC_010,30
AGAGTCTAACTTCACACCTC_011,158
AGAGTCTAACTTCACACCTC_012,46
AGAGTCTAACTTCACACCTC_013,68
AGAGTCTAACTTCACACCTC_014,174
AGAGTCTAACTTCACACCTC_015,88
AGAGTCTAACTTCACACCTC_016,61
AGAGTCTAACTTCACACCTC_017,0
AGAGTCTAACTTCACACCTC_018,190
AGAGTCTAACTTCACACCTC_019,0
GTGGTCTTTGGATCGGAAGT_001,28
GTGGTCTTTGGATCGGAAGT_002,32
GTGGTCTTTGGATCGGAAGT_003,83
GTGGTCTTTGGATCGGAAGT_004,133
GTGGTCTTTGGATCGGAAGT_005,192
GTGGTCTTTGGATCGGAAGT_006,22
GTGGTCTTTGGATCGGAAGT_007,78
GTGGTCTTTGGATCGGAAGT_008,162
GTGGTCTTTGGATCGGAAGT_009,81
GTGGTCTTTGGATCGGAAGT_010,78
GTGGTCTTTGGATCGGAAGT_011,38
GTGGTCTTTGGATCGGAAGT_012,120
GTGGTCTTTGGATCGGAAGT_013,175
GTGGTCTTTGGATCGGAAGT_014,107
GTGGTCTTTGGATCGGAAGT_015,181
GTGGTCTTTGGATCGGAAGT_016,108
GTGGTCTTTGGATCGGAAGT_017,1
GTGGTCTTTGGATCGGAAGT_018,199
GTGGTCTTTGGATCGGAAGT_019,10
GTGGTCTTTGGATCGGAAGT_020,41
GTGGTCTTTGGATCGGAAGT_021,110
AAAACAAGAAATTGGCACCT_001,162
AAAACAAGAAATTGGCACCT_002,115
AAAACAAGAAATTGGCACCT_003,41
AAAACAAGAAATTGGCACCT_004,36
AAAACAAGAAATTGGCACCT_005,115
AAAACAAGAAATTGGCACCT_006,148
AAAACAAGAAATTGGCACCT_007,35
AAAACAAGAAATTGGCACCT_008,48
AAAACAAGAAATTGGCACCT_009,96
AAAACAAGAAATTGGCACCT_010,90
AGAGAGCAACACCACATCAG_001,184
AGAGAGCAACACCACATCAG_002,127
AGAGAGCAACACCACATCAG_003,129
AGAGAGCAACACCACATCAG_004,199
AGAGAGCAACACCACATCAG_005,157
AGAGAGCAACACCACATCAG_006,58
AGAGAGCAACACCACATCAG_007,81
AGAGAGCAACACCACATCAG_008,94
AGAGAGCAACACCACATCAG_009,19
AGAGAGCAACACCACATCAG_010,62
AGAGAGCAACACCACATCAG_011,153
ATGTTAGATACATTGGCTCC_001,63
ATGTTAGATACATTGGCTCC_002,1
ATGTTAGATACATTGGCTCC_003,150
ATGTTAGATACATTGGCTCC_004,132
ATGTTAGATACATTGGCTCC_005,124
ATGTTAGATACATTGGCTCC_006,56
ATGTTAGATACATTGGCTCC_007,98
ATGTTAGATACATTGGCTCC_008,90
CACTGCGAATTGAGACTGCG_001,15
CACTGCGAATTGAGACTGCG_002,177
CACTGCGAATTGAGACTGCG_003,124
CACTGCGAATTGAGACTGCG_004,102
CACTGCGAATTGAGACTGCG_005,9
CACTGCGAATTGAGACTGCG_006,1
CACTGCGAATTGAGACTGCG_007,90
CACTGCGAATTGAGACTGCG_008,198
CACTGCGAATTGAGACTGCG_009,33
CACTGCGAATTGAGACTGCG_010,83
CACTGCGAATTGAGACTGCG_011,115
CACTGCGAATTGAGACTGCG_012,17
CACTGCGAATTGAGACTGCG_013,185
CACTGCGAATTGAGACTGCG_014,58
CACTGCGAATTGAGACTGCG_015,2
CACTGCGAATTGAGACTGCG_016,30
CACTGCGAATTGAGACTGCG_017,28
CACTGCGAATTGAGACTGCG_018,161
CACTGCGAATTGAGACTGCG_019,83
CACTGCGAATTGAGACTGCG_020,129
CACTGCGAATTGAGACTGCG_021,196
CACTGCGAATTGAGACTGCG_022,161
CACTGCGAATTGAGACTGCG_023,110
CACTGCGAATTGAGACTGCG_024,4
CACTGCGAATTGAGACTGCG_025,148
CACTGCGAATTGAGACTGCG_026,76
CACTGCGAATTGAGACTGCG_027,158
CACTGCGAATTGAGACTGCG_028,50
CACTGCGAATTGAGACTGCG_029,168
CACTGCGAATTGAGACTGCG_030,177
CACTGCGAATTGAGACTGCG_031,91
CACTGCGAATTGAGACTGCG_032,195
CACTGCGAATTGAGACTGCG_033,101
CACTGCGAATTGAGACTGCG_034,63
CACTGCGAATTGAGACTGCG_035,83
CACTGCGAATTGAGACTGCG_036,104
CACTGCGAATTGAGACTGCG_037,42
CACTGCGAATTGAGACTGCG_038,113
CACTGCGAATTGAGACTGCG_039,28
CACTGCGAATTGAGACTGCG_040,108
GCAATATGGAGCGAAGCTGT_001,159
AGGCGACTGCTCATTCTGGG_001,115
AGGCGACTGCTCATTCTGGG_002,144
AGGCGACTGCTCATTCTGGG_003,174
AGGCGACTGCTCATTCTGGG_004,73
AGGCGACTGCTCATTCTGGG_005,77
AGGCGACTGCTCATTCTGGG_006,141
AGGCGACTGCTCATTCTGGG_007,149
AGGCGACTGCTCATTCTGGG_008,82
AGGCGACTGCTCATTCTGGG_009,182
AGGCGACTGCTCATTCTGGG_010,49
AGGCGACTGCTCATTCTGGG_011,88
AGGCGACTGCTCATTCTGGG_012,76
AGGCGACTGCTCATTCTGGG_013,185
AGGCGACTGCTCATTCTGGG_014,63
AGGCGACTGCTCATTCTGGG_015,176
AAGTCCACTTGACCATCACC_001,75
AAGTCCACTTGACCATCACC_002,149
AAGTCCACTTGACCATCACC_003,2
AAGTCCACTTGACCATCACC_004,75
AAGTCCACTTGACCATCACC_005,99
GGTCAAACATACCATACTCT_001,18
GGTCAAACATACCATACTCT_002,134
GGTCAAACATACCATACTCT_003,70
GGTCAAACATACCATACTCT_004,50
GGAGGCTCAGCTGTACAAGG_001,18
GGAGGCTCAGCTGTACAAGG_002,144
TACAAACTCTTCACGGACCA_001,28
TACAAACTCTTCACGGACCA_002,168
TACAAACTCTTCACGGACCA_003,76
TACAAACTCTTCACGGACCA_004,188
TTCAAATAGACCAAGTAAGG_001,192
TTCAAATAGACCAAGTAAGG_002,88
AGCTGGTGACCATGTCGGTG_001,191
AGCTGGTGACCATGTCGGTG_002,149
AGCTGGTGACCATGTCGGTG_003,181
AGCTGGTGACCATGTCGGTG_004,125
AGCTGGTGACCATGTCGGTG_005,146
AGCTGGTGACCATGTCGGTG_006,129
CATGCGCTCATGGAACACAA_001,137
CATGCGCTCATGGAACACAA_002,70
ACAATGAATTAGCTACAGGG_001,118
ACAATGAATTAGCTACAGGG_002,0
ACAATGAATTAGCTACAGGG_003,82
ACAATGAATTAGCTACAGGG_004,175
ACAATGAATTAGCTACAGGG_005,78
ACAATGAATTAGCTACAGGG_006,177
ACAATGAATTAGCTACAGGG_007,58
ACAATGAATTAGCTACAGGG_008,196
ACAATGAATTAGCTACAGGG_009,45
ACAATGAATTAGCTACAGGG_010,40
ACAATGAATTAGCTACAGGG_011,6
ACAATGAATTAGCTACAGGG_012,188
ACAATGAATTAGCTACAGGG_013,2
ACAATGAATTAGCTACAGGG_014,124
ACAATGAATTAGCTACAGGG_015,121
ACAATGAATTAGCTACAGGG_016,46
GGCTGGCCCTACCATGATCG_001,66
GGCTGGCCCTACCATGATCG_002,103
GGCTGGCCCTACCATGATCG_003,2
GGCTGGCCCTACCATGATCG_004,53
GGCTGGCCCTACCATGATCG_005,97
GGCTGGCCCTACCATGATCG_006,171
GGCTGGCCCTACCATGATCG_007,106
GGCTGGCCCTACCATGATCG_008,144
GGCTGGCCCTACCATGATCG_009,148
GGCTGGCCCTACCATGATCG_010,83
GGCTGGCCCTACCATGATCG_011,130
GGCTGGCCCTACCATGATCG_012,29
GAATGGACGTTGTCAACACA_001,172
GAATGGACGTTGTCAACACA_002,134
GAATGGACGTTGTCAACACA_003,177
GAATGGACGTTGTCAACACA_004,77
GAATGGACGTTGTCAACACA_005,101
GAATGGACGTTGTCAACACA_006,190
GAATGGACGTTGTCAACACA_007,29
GAATGGACGTTGTCAACACA_008,146
GAATGGACGTTGTCAACACA_009,146
GAATGGACGTTGTCAACACA_010,162
GAATGGACGTTGTCAACACA_011,187
GAATGGACGTTGTCAACACA_012,87
GAATGGACGTTGTCAACACA_013,12
GAATGGACGTTGTCAACACA_014,191
GAATGGACGTTGTCAACACA_015,174
GAATGGACGTTGTCAACACA_016,147
GAATGGACGTTGTCAACACA_017,3
GAATGGACGTTGTCAACACA_018,48
GAATGGACGTTGTCAACACA_019,30
GAATGGACGTTGTCAACACA_020,148
GAATGGACGTTGTCAACACA_021,47
GAATGGACGTTGTCAACACA_022,66
GAATGGACGTTGTCAACACA_023,7
GAATGGACGTTGTCAACACA_024,98
GAATGGACGTTGTCAACACA_025,139
AGAAGGCGCCGTAAGAGCCG_001,137
AGAAGGCGCCGTAAGAGCCG_002,15
AGAAGGCGCCGTAAGAGCCG_003,84
AGAAGGCGCCGTAAGAGCCG_004,32
AGAAGGCGCCGTAAGAGCCG_005,172
AGAAGGCGCCGTAAGAGCCG_006,0
AGAAGGCGCCGTAAGAGCCG_007,160
AGAAGGCGCCGTAAGAGCCG_008,177
AGAAGGCGCCGTAAGAGCCG_009,45
AGAAGGCGCCGTAAGAGCCG_010,31
AGAAGGCGCCGTAAGAGCCG_011,40
AGAAGGCGCCGTAAGAGCCG_012,139
AGAAGGCGCCGTAAGAGCCG_013,187
AGAAGGCGCCGTAAGAGCCG_014,34
AGAAGGCGCCGTAAGAGCCG_015,102
AGAAGGCGCCGTAAGAGCCG_016,185
AGGTGTTCCCTAAATTAACA_001,107
AGGTGTTCCCTAAATTAACA_002,17
AGGTGTTCCCTAAATTAACA_003,1
AGGTGTTCCCTAAATTAACA_004,61
AGGTGTTCCCTAAATTAACA_005,146
AGGTGTTCCCTAAATTAACA_006,193
AGGTGTTCCCTAAATTAACA_007,13
AGGTGTTCCCTAAATTAACA_008,199
AGGTGTTCCCTAAATTAACA_009,51
AGGTGTTCCCTAAATTAACA_010,10
AGGTGTTCCCTAAATTAACA_011,164
ACAATGGAATCCTTGGATGC_001,50
ACAATGGAATCCTTGGATGC_002,116
ACAATGGAATCCTTGGATGC_003,0
ACAATGGAATCCTTGGATGC_004,138
ACAATGGAATCCTTGGATGC_005,49
ACAATGGAATCCTTGGATGC_006,1
ACAATGGAATCCTTGGATGC_007,176
ACAATGGAATCCTTGGATGC_008,29
ACAATGGAATCCTTGGATGC_009,13
ACAATGGAATCCTTGGATGC_010,48
ACAATGGAATCCTTGGATGC_011,180
ACAATGGAATCCTTGGATGC_012,110
ACAATGGAATCCTTGGATGC_013,87
ACAATGGAATCCTTGGATGC_014,49
ACAATGGAATCCTTGGATGC_015,184
TCATCTCGGACGGGCGCTCG_001,58
TCATCTCGGACGGGCGCTCG_002,176
TCATCTCGGACGGGCGCTCG_003,144
TCATCTCGGACGGGCGCTCG_004,63
TCATCTCGGACGGGCGCTCG_005,19
TCATCTCGGACGGGCGCTCG_006,133
TGATGGTGGTGTTGCCTACG_001,77
TGATGGTGGTGTTGCCTACG_002,108
TGATGGTGGTGTTGCCTACG_003,140
TGATGGTGGTGTTGCCTACG_004,181
TGATGGTGGTGTTGCCTACG_005,98
TGATGGTGGTGTTGCCTACG_006,52
TGATGGTGGTGTTGCCTACG_007,108
TGATGGTGGTGTTGCCTACG_008,63
TGATGGTGGTGTTGCCTACG_009,6
ATGTGCACTACTGCACGCTG_001,126
ATGTGCACTACTGCACGCTG_002,49
ATGTGCACTACTGCACGCTG_003,123
ATGTGCACTACTGCACGCTG_004,86
ATGTGCACTACTGCACGCTG_005,5
ATGTGCACTACTGCACGCTG_006,169
TACACCCCCATATCGAGTCA_001,23
TACACCCCCATATCGAGTCA_002,60
TACACCCCCATATCGAGTCA_003,170
TACACCCCCATATCGAGTCA_004,114
TACACCCCCATATCGAGTCA_005,141
TACACCCCCATATCGAGTCA_006,156
CCTGGCTTGGGAGATGCTAG_001,121
CCTGGCTTGGGAGATGCTAG_002,17
CCTGGCTTGGGAGATGCTAG_003,41
CCTGGCTTGGGAGATGCTAG_004,134
CCTGGCTTGGGAGATGCTAG_005,40
CCTGGCTTGGGAGATGCTAG_006,88
CCTGGCTTGGGAGATGCTAG_007,138
CCTGGCTTGGGAGATGCTAG_008,169
CCTGGCTTGGGAGATGCTAG_009,19
CCTGGCTTGGGAGATGCTAG_010,94
CCTGGCTTGGGAGATGCTAG_011,12
CCTGGCTTGGGAGATGCTAG_012,117
CCTGGCTTGGGAGATGCTAG_013,15
CCTGGCTTGGGAGATGCTAG_014,75
CCTGGCTTGGGAGATGCTAG_015,42
CCTGGCTTGGGAGATGCTAG_016,68
CCTGGCTTGGGAGATGCTAG_017,61
CCTGGCTTGGGAGATGCTAG_018,184
CCTGGCTTGGGAGATGCTAG_019,140
CCTGGCTTGGGAGATGCTAG_020,199
CCTGGCTTGGGAGATGCTAG_021,12
CCTGGCTTGGGAGATGCTAG_022,124
CCTGGCTTGGGAGATGCTAG_023,62
CCTGGCTTGGGAGATGCTAG_024,8
CCTGGCTTGGGAGATGCTAG_025,81
CCTGGCTTGGGAGATGCTAG_026,159
CCTGGCTTGGGAGATGCTAG_027,177
CCTGGCTTGGGAGATGCTAG_028,139
CCTGGCTTGGGAGATGCTAG_029,184
CCTGGCTTGGGAGATGCTAG_030,125
CCTGGCTTGGGAGATGCTAG_031,111
CCTGGCTTGGGAGATGCTAG_032,183
CCTGGCTTGGGAGATGCTAG_033,123
CCTGGCTTGGGAGATGCTAG_034,126
CCTGGCTTGGGAGATGCTAG_035,10
CCTGGCTTGGGAGATGCTAG_036,56
CCTGGCTTGGGAGATGCTAG_037,27
CCTGGCTTGGGAGATGCTAG_038,198
CCTGGCTTGGGAGATGCTAG_039,9
CCTGGCTTGGGAGATGCTAG_040,134
CCTGGCTTGGGAGATGCTAG_041,115
CCTGGCTTGGGAGATGCTAG_042,9
CCTGGCTTGGGAGATGCTAG_043,26
CCTGGCTTGGGAGATGCTAG_044,90
CCTGGCTTGGGAGATGCTAG_045,177
GAGCCCGTGCAAAAAGACGA_001,115
GAGCCCGTGCAAAAAGACGA_002,143
GAGCCCGTGCAAAAAGACGA_003,134
GAGCCCGTGCAAAAAGACGA_004,48
GAGCCCGTGCAAAAAGACGA_005,174
GAGCCCGTGCAAAAAGACGA_006,132
GAGCCCGTGCAAAAAGACGA_007,33
GAGCCCGTGCAAAAAGACGA_008,43
GAGCCCGTGCAAAAAGACGA_009,41
GAGCCCGTGCAAAAAGACGA_010,174
GAGCCCGTGCAAAAAGACGA_011,72
GAGCCCGTGCAAAAAGACGA_012,91
GAGCCCGTGCAAAAAGACGA_013,176
GAGCCCGTGCAAAAAGACGA_014,58
GAGCCCGTGCAAAAAGACGA_015,197
GAGCCCGTGCAAAAAGACGA_016,127
GAGCCCGTGCAAAAAGACGA_017,11
GAGCCCGTGCAAAAAGACGA_018,4
GAGCCCGTGCAAAAAGACGA_019,127
GAGCCCGTGCAAAAAGACGA_020,152
GAGCCCGTGCAAAAAGACGA_021,184
GAGCCCGTGCAAAAAGACGA_022,130
TTGCGGAAACTGCCAGACAG_001,133
TTGCGGAAACTGCCAGACAG_002,1
TTGCGGAAACTGCCAGACAG_003,72
TTGCGGAAACTGCCAGACAG_004,183
TTGCGGAAACTGCCAGACAG_005,107
TTGCGGAAACTGCCAGACAG_006,40
TTGCGGAAACTGCCAGACAG_007,8
TTGCGGAAACTGCCAGACAG_008,177
TTGCGGAAACTGCCAGACAG_009,194
TTGCGGAAACTGCCAGACAG_010,96
TTGCGGAAACTGCCAGACAG_011,141
TTGCGGAAACTGCCAGACAG_012,118
TTGCGGAAACTGCCAGACAG_013,78
TTGCGGAAACTGCCAGACAG_014,158
TTGCGGAAACTGCCAGACAG_015,78
TTGCGGAAACTGCCAGACAG_016,74
TTGCGGAAACTGCCAGACAG_017,52
TTGCGGAAACTGCCAGACAG_018,59
TTGCGGAAACTGCCAGACAG_019,74
TTGCGGAAACTGCCAGACAG_020,17
TTGCGGAAACTGCCAGACAG_021,184
TTGCGGAAACTGCCAGACAG_022,62
TTGCGGAAACTGCCAGACAG_023,176
TTGCGGAAACTGCCAGACAG_024,107
TTGCGGAAACTGCCAGACAG_025,63
TTGCGGAAACTGCCAGACAG_026,49
TTGCGGAAACTGCCAGACAG_027,140
TTGCGGAAACTGCCAGACAG_028,97
TTGCGGAAACTGCCAGACAG_029,162
CACCGCGGCAGTGGACACGT_001,158
CACCGCGGCAGTGGACACGT_002,60
CACCGCGGCAGTGGACACGT_003,32
CACCGCGGCAGTGGACACGT_004,62
CACCGCGGCAGTGGACACGT_005,41
CACCGCGGCAGTGGACACGT_006,113
CACCGCGGCAGTGGACACGT_007,102
CACCGCGGCAGTGGACACGT_008,101
CACCGCGGCAGTGGACACGT_009,32
CACCGCGGCAGTGGACACGT_010,51
CACCGCGGCAGTGGACACGT_011,150
CACCGCGGCAGTGGACACGT_012,50
CACCGCGGCAGTGGACACGT_013,141
CACCGCGGCAGTGGACACGT_014,182
CACCGCGGCAGTGGACACGT_015,69
CACCGCGGCAGTGGACACGT_016,119
CACCGCGGCAGTGGACACGT_017,22
CACCGCGGCAGTGGACACGT_018,50
CACCGCGGCAGTGGACACGT_019,67
CACCGCGGCAGTGGACACGT_020,127
CACCGCGGCAGTGGACACGT_021,75
CACCGCGGCAGTGGACACGT_022,113
CACCGCGGCAGTGGACACGT_023,42
CACCGCGGCAGTGGACACGT_024,190
CACCGCGGCAGTGGACACGT_025,89
CACCGCGGCAGTGGACACGT_026,191
CACCGCGGCAGTGGACACGT_027,70
GAAGCCTGTTCCCTACAAAG_001,61
GAAGCCTGTTCCCTACAAAG_002,119
GAAGCCTGTTCCCTACAAAG_003,61
GAAGCCTGTTCCCTACAAAG_004,82
GAAGCCTGTTCCCTACAAAG_005,12
GAAGCCTGTTCCCTACAAAG_006,149
GAAGCCTGTTCCCTACAAAG_007,66
GAAGCCTGTTCCCTACAAAG_008,9
GAAGCCTGTTCCCTACAAAG_009,199
TCCAGGATCAGTTCAAACCG_001,9
TCCAGGATCAGTTCAAACCG_002,91
TCCAGGATCAGTTCAAACCG_003,198
TCCAGGATCAGTTCAAACCG_004,51
TCCAGGATCAGTTCAAACCG_005,41
TCCAGGATCAGTTCAAACCG_006,161
TACAGCTGTGGAGGCTTCGG_001,124
TACAGCTGTGGAGGCTTCGG_002,19
TTGTTTCTGTAGCCATACTG_001,157
TTGTTTCTGTAGCCATACTG_002,29
TTGTTTCTGTAGCCATACTG_003,15
CTGGGTAGAAATCCGTCACG_001,176
CTGGGTAGAAATCCGTCACG_002,176
CTGGGTAGAAATCCGTCACG_003,55
CTGGGTAGAAATCCGTCACG_004,60
CTGGGTAGAAATCCGTCACG_005,48
CTGGGTAGAAATCCGTCACG_006,49
CTGGGTAGAAATCCGTCACG_007,76
CTGGGTAGAAATCCGTCACG_008,189
CTGGGTAGAAATCCGTCACG_009,2
CTGGGTAGAAATCCGTCACG_010,105
CTGGGTAGAAATCCGTCACG_011,56
CTGGGTAGAAATCCGTCACG_012,94
CTGGGTAGAAATCCGTCACG_013,147
CTGGGTAGAAATCCGTCACG_014,81
GGCGAGTGTTCCGGATGGCG_001,146
GGCGAGTGTTCCGGATGGCG_002,5
GGCGAGTGTTCCGGATGGCG_003,102
GGCGAGTGTTCCGGATGGCG_004,34
GGCGAGTGTTCCGGATGGCG_005,18
ATGGATAAACTATCAAAACA_001,134
ATGGATAAACTATCAAAACA_002,160
ATGGATAAACTATCAAAACA_003,148
ATGGATAAACTATCAAAACA_004,47
ATGGATAAACTATCAAAACA_005,111
TGGGACTAATATGAGTTACG_001,41
TGGGACTAATATGAGTTACG_002,110
TGGGACTAATATGAGTTACG_003,178
AAGGCCGCCTGGGGTAAGGT_001,182
AAGGCCGCCTGGGGTAAGGT_002,176
AAGGCCGCCTGGGGTAAGGT_003,104
AAGGCCGCCTGGGGTAAGGT_004,178
AAGGCCGCCTGGGGTAAGGT_005,124
AAGGCCGCCTGGGGTAAGGT_006,107
AAGGCCGCCTGGGGTAAGGT_007,174
AAGGCCGCCTGGGGTAAGGT_008,180
AAGGCCGCCTGGGGTAAGGT_009,7
AGTGCCGAGTACACGGACTG_001,9
AGTGCCGAGTACACGGACTG_002,88
AGTGCCGAGTACACGGACTG_003,159
AGTGCCGAGTACACGGACTG_004,146
AGTGCCGAGTACACGGACTG_005,65
AGTGCCGAGTACACGGACTG_006,156
TGGATAATGGAAGTTAGCAA_001,94
TGGATAATGGAAGTTAGCAA_002,162
TGGATAATGGAAGTTAGCAA_003,158
TGGATAATGGAAGTTAGCAA_004,140
TGGATAATGGAAGTTAGCAA_005,22
TGGATAATGGAAGTTAGCAA_006,198
TGGATAATGGAAGTTAGCAA_007,184
TGGATAATGGAAGTTAGCAA_008,116
TGGATAATGGAAGTTAGCAA_009,87
TGGATAATGGAAGTTAGCAA_010,187
TGGATAATGGAAGTTAGCAA_011,31
AAAAGGTATCGTGTATTAGC_001,79
AAAAGGTATCGTGTATTAGC_002,52
AAAAGGTATCGTGTATTAGC_003,16
AAAAGGTATCGTGTATTAGC_004,49
AAAAGGTATCGTGTATTAGC_005,117
AAAAGGTATCGTGTATTAGC_006,128
GCTGCTTATTTCGGCTGTGA_001,95
GCTGCTTATTTCGGCTGTGA_002,127
GCTGCTTATTTCGGCTGTGA_003,29
GCTGCTTATTTCGGCTGTGA_004,171
AAATGGTCTTCGTGAATAGG_001,84
AAATGGTCTTCGTGAATAGG_002,16
GGAATCCTTCTGGTACACGA_001,120
GGAATCCTTCTGGTACACGA_002,34
ACCTTACGGGACAAAGCCAG_001,188
ACCTTACGGGACAAAGCCAG_002,141
ACCTTACGGGACAAAGCCAG_003,130
ACCTTACGGGACAAAGCCAG_004,63
ACCTTACGGGACAAAGCCAG_005,192
ACCTTACGGGACAAAGCCAG_006,55
ACCTTACGGGACAAAGCCAG_007,160
ACCTTACGGGACAAAGCCAG_008,169
ACCTTACGGGACAAAGCCAG_009,105
GCCGCCCAAGTTCCCTCGCG_001,62
GCCGCCCAAGTTCCCTCGCG_002,47
GCCGCCCAAGTTCCCTCGCG_003,141
GCCGCCCAAGTTCCCTCGCG_004,132
GCCGCCCAAGTTCCCTCGCG_005,9
GCCGCCCAAGTTCCCTCGCG_006,81
GCCGCCCAAGTTCCCTCGCG_007,77
GCCGCCCAAGTTCCCTCGCG_008,1
GCCGCCCAAGTTCCCTCGCG_009,184
GCCGCCCAAGTTCCCTCGCG_010,179
GCCGCCCAAGTTCCCTCGCG_011,52
GCCGCCCAAGTTCCCTCGCG_012,31
GCCGCCCAAGTTCCCTCGCG_013,1
GCCGCCCAAGTTCCCTCGCG_014,184
GCCGCCCAAGTTCCCTCGCG_015,121
GCCGCCCAAGTTCCCTCGCG_016,83
GCCGCCCAAGTTCCCTCGCG_017,134
GCCGCCCAAGTTCCCTCGCG_018,174
GCCGCCCAAGTTCCCTCGCG_019,132
GCCGCCCAAGTTCCCTCGCG_020,6
GCCGCCCAAGTTCCCTCGCG_021,26
GCCGCCCAAGTTCCCTCGCG_022,15
GCCGCCCAAGTTCCCTCGCG_023,70
GCCGCCCAAGTTCCCTCGCG_024,182
GCCGCCCAAGTTCCCTCGCG_025,130
GCCGCCCAAGTTCCCTCGCG_026,56
GCCGCCCAAGTTCCCTCGCG_027,111
GCCGCCCAAGTTCCCTCGCG_028,6
GCCGCCCAAGTTCCCTCGCG_029,188
GCCGCCCAAGTTCCCTCGCG_030,188
GCCGCCCAAGTTCCCTCGCG_031,130
CAACACCAATGTCAATGAGA_001,64
CAACACCAATGTCAATGAGA_002,150
CAACACCAATGTCAATGAGA_003,141
CAACACCAATGTCAATGAGA_004,50
CAACACCAATGTCAATGAGA_005,67
CAACACCAATGTCAATGAGA_006,17
CAACACCAATGTCAATGAGA_007,132
CAACACCAATGTCAATGAGA_008,54
CAACACCAATGTCAATGAGA_009,108
TTGAGCAGAACGGGCCCTCG_001,42
TTGAGCAGAACGGGCCCTCG_002,136
TTGAGCAGAACGGGCCCTCG_003,175
TTGAGCAGAACGGGCCCTCG_004,42
TTGAGCAGAACGGGCCCTCG_005,11
TTGAGCAGAACGGGCCCTCG_006,177
TTGAGCAGAACGGGCCCTCG_007,176
TTGAGCAGAACGGGCCCTCG_008,60
TTGAGCAGAACGGGCCCTCG_009,180
TTGAGCAGAACGGGCCCTCG_010,17
TTGAGCAGAACGGGCCCTCG_011,48
TTGAGCAGAACGGGCCCTCG_012,28
TTGAGCAGAACGGGCCCTCG_013,19
TTGAGCAGAACGGGCCCTCG_014,169
TTGAGCAGAACGGGCCCTCG_015,112
TTGAGCAGAACGGGCCCTCG_016,52
TGTCAATATGAACAATGTTG_001,23
TGTCAATATGAACAATGTTG_002,94
TGTCAATATGAACAATGTTG_003,106
TGTCAATATGAACAATGTTG_004,110
CCATTGAGTCATATGAAGGT_001,94
TCCTGCTGCGCGTTGTAGGG_001,172
TCCTGCTGCGCGTTGTAGGG_002,158
TCCTGCTGCGCGTTGTAGGG_003,118
TCCTGCTGCGCGTTGTAGGG_004,25
TCCTGCTGCGCGTTGTAGGG_005,19
TCCTGCTGCGCGTTGTAGGG_006,193
TCCTGCTGCGCGTTGTAGGG_007,151
TCCTGCTGCGCGTTGTAGGG_008,140
TCCTGCTGCGCGTTGTAGGG_009,191
TCCTGCTGCGCGTTGTAGGG_010,49
TCCTGCTGCGCGTTGTAGGG_011,28
CAGCCAGAAGTTTACTAGAG_001,149
CAGCCAGAAGTTTACTAGAG_002,88
CAGCCAGAAGTTTACTAGAG_003,38
CAGCCAGAAGTTTACTAGAG_004,78
CAGCCAGAAGTTTACTAGAG_005,52
CAGCCAGAAGTTTACTAGAG_006,68
ACTTACGAGAGTTCTGAGCA_001,174
ACTTACGAGAGTTCTGAGCA_002,175
ACTTACGAGAGTTCTGAGCA_003,191
ACTTACGAGAGTTCTGAGCA_004,199
ACTTACGAGAGTTCTGAGCA_005,109
ACTTACGAGAGTTCTGAGCA_006,109
ACTTACGAGAGTTCTGAGCA_007,184
ACTTACGAGAGTTCTGAGCA_008,191
ACTTACGAGAGTTCTGAGCA_009,148
CAATTGATAGAGCAATTTCC_001,77
CAATTGATAGAGCAATTTCC_002,83
CAATTGATAGAGCAATTTCC_003,69
CAATTGATAGAGCAATTTCC_004,92
CAATTGATAGAGCAATTTCC_005,132
CAATTGATAGAGCAATTTCC_006,196
CAATTGATAGAGCAATTTCC_007,146
CAATTGATAGAGCAATTTCC_008,142
CAATTGATAGAGCAATTTCC_009,34
CCTGTTGAAGGCGTGATGAG_001,12
CCTGTTGAAGGCGTGATGAG_002,160
CCTGTTGAAGGCGTGATGAG_003,89
CCTGTTGAAGGCGTGATGAG_004,17
CCTGTTGAAGGCGTGATGAG_005,195
CCTGTTGAAGGCGTGATGAG_006,184
CCTGTTGAAGGCGTGATGAG_007,52
CCTGTTGAAGGCGTGATGAG_008,183
CCTGTTGAAGGCGTGATGAG_009,147
CCTGTTGAAGGCGTGATGAG_010,17
CCTGTTGAAGGCGTGATGAG_011,168
GCGGCGCACATAGTTGCTAG_001,61
AGAGGAAGAACGTGCCCCCG_001,158
AGAGGAAGAACGTGCCCCCG_002,41
AGAGGAAGAACGTGCCCCCG_003,76
AGAGGAAGAACGTGCCCCCG_004,17
AGAGGAAGAACGTGCCCCCG_005,103
AGAGGAAGAACGTGCCCCCG_006,112
AGAGGAAGAACGTGCCCCCG_007,127
AGAGGAAGAACGTGCCCCCG_008,161
AGAGGAAGAACGTGCCCCCG_009,116
AGAGGAAGAACGTGCCCCCG_010,116
AGAGGAAGAACGTGCCCCCG_011,26
AGAGGAAGAACGTGCCCCCG_012,26
AGAGGAAGAACGTGCCCCCG_013,83
AGAGGAAGAACGTGCCCCCG_014,146
AGAGGAAGAACGTGCCCCCG_015,194
AGAGGAAGAACGTGCCCCCG_016,49
AGAGGAAGAACGTGCCCCCG_017,5
AGAGGAAGAACGTGCCCCCG_018,153
AGAGGAAGAACGTGCCCCCG_019,100
AGAGGAAGAACGTGCCCCCG_020,29
AGAGGAAGAACGTGCCCCCG_021,197
AGAGGAAGAACGTGCCCCCG_022,121
AGAGGAAGAACGTGCCCCCG_023,11
AGAGGAAGAACGTGCCCCCG_024,60
AGAGGAAGAACGTGCCCCCG_025,42
CGAGTGCAAGTTTGACTACG_001,193
CGAGTGCAAGTTTGACTACG_002,47
CGAGTGCAAGTTTGACTACG_003,68
CGAGTGCAAGTTTGACTACG_004,68
CGAGTGCAAGTTTGACTACG_005,73
CGAGTGCAAGTTTGACTACG_006,20
CGAGTGCAAGTTTGACTACG_007,197
CGAGTGCAAGTTTGACTACG_008,15
CGAGTGCAAGTTTGACTACG_009,109
CGAGTGCAAGTTTGACTACG_010,65
CGAGTGCAAGTTTGACTACG_011,98
CGAGTGCAAGTTTGACTACG_012,145
TGTGGCGTACCAGTCACTGA_001,103
TGTGGCGTACCAGTCACTGA_002,33
TGTGGCGTACCAGTCACTGA_003,125
TGTGGCGTACCAGTCACTGA_004,184
TGTGGCGTACCAGTCACTGA_005,103
GCTACGGTAATAACTCAGTG_001,184
GCTACGGTAATAACTCAGTG_002,9
GCTACGGTAATAACTCAGTG_003,169
GCTACGGTAATAACTCAGTG_004,161
GCTACGGTAATAACTCAGTG_005,87
GCTACGGTAATAACTCAGTG_006,5
GCTACGGTAATAACTCAGTG_007,96
GCTACGGTAATAACTCAGTG_008,11
GCTACGGTAATAACTCAGTG_009,79
GCTACGGTAATAACTCAGTG_010,140
GCTACGGTAATAACTCAGTG_011,26
GCTACGGTAATAACTCAGTG_012,43
GCTACGGTAATAACTCAGTG_013,102
GCTACGGTAATAACTCAGTG_014,88
GTTTCCCATTAAACACTACC_001,50
GTTTCCCATTAAACACTACC_002,12
GTTTCCCATTAAACACTACC_003,61
AGGTATCCTACCCTGTGGAG_001,106
AGGTATCCTACCCTGTGGAG_002,158
AGGTATCCTACCCTGTGGAG_003,107
AGGTATCCTACCCTGTGGAG_004,123
AGGTATCCTACCCTGTGGAG_005,154
AGGTATCCTACCCTGTGGAG_006,94
AGGTATCCTACCCTGTGGAG_007,120
CCGGAACGTCTTAGACAGTG_001,189
GCTATGCCTGTACCTAACCA_001,174
GCTATGCCTGTACCTAACCA_002,145
GCTATGCCTGTACCTAACCA_003,77
GGGGAGAATCAGGCCAACGA_001,57
GGGGAGAATCAGGCCAACGA_002,77
GGGGAGAATCAGGCCAACGA_003,2
GGGGAGAATCAGGCCAACGA_004,140
GGGGAGAATCAGGCCAACGA_005,11
GGGGAGAATCAGGCCAACGA_006,51
GGGGAGAATCAGGCCAACGA_007,9
GGGGAGAATCAGGCCAACGA_008,131
GGGGAGAATCAGGCCAACGA_009,84
GGGGAGAATCAGGCCAACGA_010,77
GGGGAGAATCAGGCCAACGA_011,142
GGGGAGAATCAGGCCAACGA_012,43
GGGGAGAATCAGGCCAACGA_013,74
GGGGAGAATCAGGCCAACGA_014,42
GGGGAGAATCAGGCCAACGA_015,70
CTCACCGATACACCAAAGCA_001,34
AATTGACTCTACGTCCATAG_001,176
AATTGACTCTACGTCCATAG_002,53
CGAGCCATAGAGGTACCGCA_001,102
CGAGCCATAGAGGTACCGCA_002,76
CGAGCCATAGAGGTACCGCA_003,156
CGAGCCATAGAGGTACCGCA_004,151
CGAGCCATAGAGGTACCGCA_005,89
CGAGCCATAGAGGTACCGCA_006,115
CGAGCCATAGAGGTACCGCA_007,53
CGAGCCATAGAGGTACCGCA_008,199
GATGAATAATCAACTGTAGT_001,3
GTTTCATCCAGGATCGAGCA_001,11
GTTTCATCCAGGATCGAGCA_002,101
GTTTCATCCAGGATCGAGCA_003,58
ATTCAGTGTGCCACCTACAG_001,39
ATTCAGTGTGCCACCTACAG_002,83
ATTCAGTGTGCCACCTACAG_003,43
ATTCAGTGTGCCACCTACAG_004,171
ATTCAGTGTGCCACCTACAG_005,131
ATTCAGTGTGCCACCTACAG_006,53
ATTCAGTGTGCCACCTACAG_007,178
ATTCAGTGTGCCACCTACAG_008,178
ATTCAGTGTGCCACCTACAG_009,53
ATTCAGTGTGCCACCTACAG_010,81
ATTCAGTGTGCCACCTACAG_011,160
ATTCAGTGTGCCACCTACAG_012,141
ATTCAGTGTGCCACCTACAG_013,83
GACAAGACTAGCCGCAAAGG_001,26
GACAAGACTAGCCGCAAAGG_002,13
GACAAGACTAGCCGCAAAGG_003,22
GACAAGACTAGCCGCAAAGG_004,186
GACAAGACTAGCCGCAAAGG_005,25
GACAAGACTAGCCGCAAAGG_006,0
GAGGTGACAGCCTTCTACCG_001,90
GAGGTGACAGCCTTCTACCG_002,98
GAGGTGACAGCCTTCTACCG_003,60
GAGGTGACAGCCTTCTACCG_004,185
GAGGTGACAGCCTTCTACCG_005,118
GAGGTGACAGCCTTCTACCG_006,84
GAGGTGACAGCCTTCTACCG_007,76
GAGGTGACAGCCTTCTACCG_008,23
GAGGTGACAGCCTTCTACCG_009,142
TATCTAGTAGCAAAGTACTG_001,53
TATCTAGTAGCAAAGTACTG_002,154
TATCTAGTAGCAAAGTACTG_003,40
TATCTAGTAGCAAAGTACTG_004,134
TATCTAGTAGCAAAGTACTG_005,186
TATCTAGTAGCAAAGTACTG_006,1
TATCTAGTAGCAAAGTACTG_007,76
TATCTAGTAGCAAAGTACTG_008,170
TATCTAGTAGCAAAGTACTG_009,105
TATCTAGTAGCAAAGTACTG_010,127
AGGGCGATACCACACCTCCG_001,16
ACCTGATCGCAACAAATAGT_001,87
ACCTGATCGCAACAAATAGT_002,98
CTTATGGAACGTGATACAGA_001,189
CTTATGGAACGTGATACAGA_002,8
CTTATGGAACGTGATACAGA_003,77
CTTATGGAACGTGATACAGA_004,170
GAAAACAACGCCTTACCAAG_001,8
GAAAACAACGCCTTACCAAG_002,8
GAAAACAACGCCTTACCAAG_003,116
GAAAACAACGCCTTACCAAG_004,21
GAAAACAACGCCTTACCAAG_005,40
GAAAACAACGCCTTACCAAG_006,106
GAAAACAACGCCTTACCAAG_007,119
GAAAACAACGCCTTACCAAG_008,106
GAAAACAACGCCTTACCAAG_009,176
GGTGATTCTCTGGCAAAGCG_001,188
GGTGATTCTCTGGCAAAGCG_002,134
GGTGATTCTCTGGCAAAGCG_003,94
GGTGATTCTCTGGCAAAGCG_004,60
GGTGATTCTCTGGCAAAGCG_005,19
GGTGATTCTCTGGCAAAGCG_006,19
TGCCTGGAGTGGCTCAGCCT_001,19
TGCCTGGAGTGGCTCAGCCT_002,87
TAGGAGTAAATCCTCCACTG_001,149
TAGGAGTAAATCCTCCACTG_002,160
TAGGAGTAAATCCTCCACTG_003,44
TAGGAGTAAATCCTCCACTG_004,150
TAGGAGTAAATCCTCCACTG_005,158
TAGGAGTAAATCCTCCACTG_006,15
TAGGAGTAAATCCTCCACTG_007,132
CATGTATGTGGCTATCCAGG_001,69
CATGTATGTGGCTATCCAGG_002,156
CATGTATGTGGCTATCCAGG_003,2
CATGTATGTGGCTATCCAGG_004,121
CATGTATGTGGCTATCCAGG_005,131
CATGTATGTGGCTATCCAGG_006,97
CATGTATGTGGCTATCCAGG_007,184
CATGTATGTGGCTATCCAGG_008,144
CTGGTCCCAGACAGTCTAAG_001,171
CTGGTCCCAGACAGTCTAAG_002,112
CTGGTCCCAGACAGTCTAAG_003,48
CTGGTCCCAGACAGTCTAAG_004,14
CTGGTCCCAGACAGTCTAAG_005,29
CTGGTCCCAGACAGTCTAAG_006,52
CTGGTCCCAGACAGTCTAAG_007,116
CTGGTCCCAGACAGTCTAAG_008,75
CTGGTCCCAGACAGTCTAAG_009,108
CTGGTCCCAGACAGTCTAAG_010,130
CTGGTCCCAGACAGTCTAAG_011,162
CTGGTCCCAGACAGTCTAAG_012,176
CTGGTCCCAGACAGTCTAAG_013,72
CTGGTCCCAGACAGTCTAAG_014,156
CTGGTCCCAGACAGTCTAAG_015,190
CTGGTCCCAGACAGTCTAAG_016,199
CTGGTCCCAGACAGTCTAAG_017,134
CTGGTCCCAGACAGTCTAAG_018,77
CTGGTCCCAGACAGTCTAAG_019,189
CTGGTCCCAGACAGTCTAAG_020,29
CTGGTCCCAGACAGTCTAAG_021,91
CTGGTCCCAGACAGTCTAAG_022,17
CTGGTCCCAGACAGTCTAAG_023,184
CTGGTCCCAGACAGTCTAAG_024,191
CTGGTCCCAGACAGTCTAAG_025,10
CTGGTCCCAGACAGTCTAAG_026,55
CTGGTCCCAGACAGTCTAAG_027,68
CTGGTCCCAGACAGTCTAAG_028,94
CTGGTCCCAGACAGTCTAAG_029,61
GAGGACTTTCTGGCGCACAG_001,134
GAGGACTTTCTGGCGCACAG_002,58
GAGGACTTTCTGGCGCACAG_003,46
GAGGACTTTCTGGCGCACAG_004,162
GAGGACTTTCTGGCGCACAG_005,78
GAGGACTTTCTGGCGCACAG_006,157
GAGGACTTTCTGGCGCACAG_007,150
GAGGACTTTCTGGCGCACAG_008,192
GAGGACTTTCTGGCGCACAG_009,42
GAGGACTTTCTGGCGCACAG_010,81
GAGGACTTTCTGGCGCACAG_011,169
GAGGACTTTCTGGCGCACAG_012,129
GAGGACTTTCTGGCGCACAG_013,56
GAGGACTTTCTGGCGCACAG_014,62
GAGGACTTTCTGGCGCACAG_015,94
GAGGACTTTCTGGCGCACAG_016,19
GAGGACTTTCTGGCGCACAG_017,137
GAGGACTTTCTGGCGCACAG_018,151
GAGGACTTTCTGGCGCACAG_019,19
GAGGACTTTCTGGCGCACAG_020,30
AGTCTTCACTATCACTCGAG_001,113
GCGGAATGAACACGAGGTAG_001,198
GCGGAATGAACACGAGGTAG_002,34
GCGGAATGAACACGAGGTAG_003,172
GCGGAATGAACACGAGGTAG_004,171
GCGGAATGAACACGAGGTAG_005,138
GCGGAATGAACACGAGGTAG_006,147
GCGGAATGAACACGAGGTAG_007,8
GCGGAATGAACACGAGGTAG_008,89
GCGGAATGAACACGAGGTAG_009,38
GCGGAATGAACACGAGGTAG_010,192
GCGGAATGAACACGAGGTAG_011,197
GCGGAATGAACACGAGGTAG_012,197
GCGGAATGAACACGAGGTAG_013,191
GCGGAATGAACACGAGGTAG_014,108
GCGGAATGAACACGAGGTAG_015,58
GCGGAATGAACACGAGGTAG_016,88
TCTTACCTTGAGCAATGCCA_001,48
TCTTACCTTGAGCAATGCCA_002,8
TCTTACCTTGAGCAATGCCA_003,82
TCTTACCTTGAGCAATGCCA_004,15
TCTTACCTTGAGCAATGCCA_005,129
TGCTTCATCAAGCTGCCTAA_001,98
TGCTTCATCAAGCTGCCTAA_002,8
TGCTTCATCAAGCTGCCTAA_003,168
TGCTTCATCAAGCTGCCTAA_004,199
TGCTTCATCAAGCTGCCTAA_005,40
TGCTTCATCAAGCTGCCTAA_006,94
TGCTTCATCAAGCTGCCTAA_007,49
TGCTTCATCAAGCTGCCTAA_008,35
TGCTTCATCAAGCTGCCTAA_009,180
TGCTTCATCAAGCTGCCTAA_010,157
TGCTTCATCAAGCTGCCTAA_011,157
TGCTTCATCAAGCTGCCTAA_012,140
CAGTCCAAGTACATCGGCAC_001,43
CAGTCCAAGTACATCGGCAC_002,8
CAGTCCAAGTACATCGGCAC_003,169
CAGTCCAAGTACATCGGCAC_004,48
CAGTCCAAGTACATCGGCAC_005,51
CAGTCCAAGTACATCGGCAC_006,139
CAGTCCAAGTACATCGGCAC_007,29
CAGTCCAAGTACATCGGCAC_008,138
CAGTCCAAGTACATCGGCAC_009,32
CAGTCCAAGTACATCGGCAC_010,185
CAGTCCAAGTACATCGGCAC_011,126
CAGTCCAAGTACATCGGCAC_012,18
CAGTCCAAGTACATCGGCAC_013,26
CAGTCCAAGTACATCGGCAC_014,175
CAGTCCAAGTACATCGGCAC_015,138
CAGTCCAAGTACATCGGCAC_016,34
CAGTCCAAGTACATCGGCAC_017,139
CAGTCCAAGTACATCGGCAC_018,102
CAGTCCAAGTACATCGGCAC_019,162
CAGTCCAAGTACATCGGCAC_020,169
CAGTCCAAGTACATCGGCAC_021,26
CAGTCCAAGTACATCGGCAC_022,4
CAGTCCAAGTACATCGGCAC_023,117
CAGTCCAAGTACATCGGCAC_024,109
CAGTCCAAGTACATCGGCAC_025,109
CAGTCCAAGTACATCGGCAC_026,15
CAGTCCAAGTACATCGGCAC_027,3
GATAAAGGGCCGAAAAACAC_001,80
GATAAAGGGCCGAAAAACAC_002,161
GATGTTGGCAGAATTGTGAT_001,58
GATGTTGGCAGAATTGTGAT_002,85
GATGTTGGCAGAATTGTGAT_003,40
GATGTTGGCAGAATTGTGAT_004,5
GATGTTGGCAGAATTGTGAT_005,20
GATGTTGGCAGAATTGTGAT_006,145
GATGTTGGCAGAATTGTGAT_007,22
GATGTTGGCAGAATTGTGAT_008,116
GATGTTGGCAGAATTGTGAT_009,47
CGGGGTGGTGTAGACAACGT_001,19
CGGGGTGGTGTAGACAACGT_002,15
CGGGGTGGTGTAGACAACGT_003,76
CGGGGTGGTGTAGACAACGT_004,180
CGGGGTGGTGTAGACAACGT_005,28
CGGGGTGGTGTAGACAACGT_006,159
CGGGGTGGTGTAGACAACGT_007,7
CGGGGTGGTGTAGACAACGT_008,138
CGGGGTGGTGTAGACAACGT_009,17
CGGGGTGGTGTAGACAACGT_010,141
CGGGGTGGTGTAGACAACGT_011,32
CGGGGTGGTGTAGACAACGT_012,192
CGGGGTGGTGTAGACAACGT_013,197
CGGGGTGGTGTAGACAACGT_014,5
CGGGGTGGTGTAGACAACGT_015,8
CGGGGTGGTGTAGACAACGT_016,2
CGGGGTGGTGTAGACAACGT_017,86
CGGGGTGGTGTAGACAACGT_018,121
CGGGGTGGTGTAGACAACGT_019,125
CGGGGTGGTGTAGACAACGT_020,36
CGGGGTGGTGTAGACAACGT_021,53
CGGGGTGGTGTAGACAACGT_022,75
CGGGGTGGTGTAGACAACGT_023,172
CGGGGTGGTGTAGACAACGT_024,185
CGGGGTGGTGTAGACAACGT_025,182
CGGGGTGGTGTAGACAACGT_026,151
CGGGGTGGTGTAGACAACGT_027,168
CGGGGTGGTGTAGACAACGT_028,140
CGGGGTGGTGTAGACAACGT_029,29
TTTGCTGTCCAACAAATCTG_001,106
TTTGCTGTCCAACAAATCTG_002,153
TTTGCTGTCCAACAAATCTG_003,19
TTTGCTGTCCAACAAATCTG_004,54
CTCACCTGAGTCCTCTACTG_001,106
CTCACCTGAGTCCTCTACTG_002,3
CTCACCTGAGTCCTCTACTG_003,118
CTCACCTGAGTCCTCTACTG_004,146
CTCACCTGAGTCCTCTACTG_005,17
CTCACCTGAGTCCTCTACTG_006,140
CTCACCTGAGTCCTCTACTG_007,81
CTCACCTGAGTCCTCTACTG_008,150
CTCACCTGAGTCCTCTACTG_009,188
CTCACCTGAGTCCTCTACTG_010,13
CTCACCTGAGTCCTCTACTG_011,2
GGAAGCGGTCCTATAGTGCG_001,78
AGTGGCGTAAGAAAATGCAT_001,34
AGTGGCGTAAGAAAATGCAT_002,8
AGTGGCGTAAGAAAATGCAT_003,32
AGTGGCGTAAGAAAATGCAT_004,119
AGTGGCGTAAGAAAATGCAT_005,71
AGTGGCGTAAGAAAATGCAT_006,46
AGTGGCGTAAGAAAATGCAT_007,150
AGTGGCGTAAGAAAATGCAT_008,36
AGTGGCGTAAGAAAATGCAT_009,196
AGTGGCGTAAGAAAATGCAT_010,148
AGTGGCGTAAGAAAATGCAT_011,127
AGTGGCGTAAGAAAATGCAT_012,29
AGTGGCGTAAGAAAATGCAT_013,157
AGTGGCGTAAGAAAATGCAT_014,162
ACTGTAGACAGGTGATACAA_001,78
ACTGTAGACAGGTGATACAA_002,45
ACTGTAGACAGGTGATACAA_003,133
TGTGTGTCCAGAACTAGAGA_001,172
ACAACCCTACCAATTAACAT_001,97
TCAGGATCAAAATCCAGTCG_001,154
TCAGGATCAAAATCCAGTCG_002,13
GAATCTACTTTAAAAACATG_001,117
GAATCTACTTTAAAAACATG_002,29
GAATCTACTTTAAAAACATG_003,170
ACCTCTTGTAGTGATTCTCG_001,121
ACCTCTTGTAGTGATTCTCG_002,127
ACCTCTTGTAGTGATTCTCG_003,160
ACCTCTTGTAGTGATTCTCG_004,131
ATCCGAAAGTGCTCTCCACA_001,95
ATCCGAAAGTGCTCTCCACA_002,11
ATCCGAAAGTGCTCTCCACA_003,129
ATCCGAAAGTGCTCTCCACA_004,193
ATCCGAAAGTGCTCTCCACA_005,182
ATCCGAAAGTGCTCTCCACA_006,188
ATCCGAAAGTGCTCTCCACA_007,13
TGAACGAGCGCACAGCCCGA_001,102
TGAACGAGCGCACAGCCCGA_002,152
TGAACGAGCGCACAGCCCGA_003,110
TGAACGAGCGCACAGCCCGA_004,158
TGAACGAGCGCACAGCCCGA_005,26
TGAACGAGCGCACAGCCCGA_006,137
CGTTACCCAGACACTCTACT_001,37
CGTTACCCAGACACTCTACT_002,68
CGTTACCCAGACACTCTACT_003,28
CGTTACCCAGACACTCTACT_004,86
CGTTACCCAGACACTCTACT_005,67
CGTTACCCAGACACTCTACT_006,105
CGTTACCCAGACACTCTACT_007,103
CGTTACCCAGACACTCTACT_008,161
CGTTACCCAGACACTCTACT_009,125
CGTTACCCAGACACTCTACT_010,115
CGTTACCCAGACACTCTACT_011,62
CGTTACCCAGACACTCTACT_012,198
CGTTACCCAGACACTCTACT_013,16
CGTTACCCAGACACTCTACT_014,105
CGTTACCCAGACACTCTACT_015,67
CGTTACCCAGACACTCTACT_016,158
CGTTACCCAGACACTCTACT_017,29
AGCCCCCGCTCGCATTAAGG_001,169
AGCCCCCGCTCGCATTAAGG_002,81
AGCCCCCGCTCGCATTAAGG_003,65
AGCCCCCGCTCGCATTAAGG_004,74
AGCCCCCGCTCGCATTAAGG_005,110
AGCCCCCGCTCGCATTAAGG_006,50
AGCCCCCGCTCGCATTAAGG_007,177
AGCCCCCGCTCGCATTAAGG_008,147
CTCCGAGGCAGACTCGATGT_001,97
CTCCGAGGCAGACTCGATGT_002,100
CTCCGAGGCAGACTCGATGT_003,182
CTCCGAGGCAGACTCGATGT_004,8
CTCCGAGGCAGACTCGATGT_005,154
CTCCGAGGCAGACTCGATGT_006,169
CTCCGAGGCAGACTCGATGT_007,76
AGAAACAGTTCCCACAGCAG_001,85
AGCTGGACACACAACAGCTG_001,71
AGCTGGACACACAACAGCTG_002,107
AGCTGGACACACAACAGCTG_003,84
AGCTGGACACACAACAGCTG_004,43
AGCTGGACACACAACAGCTG_005,175
AGCTGGACACACAACAGCTG_006,134
AGCTGGACACACAACAGCTG_007,116
AGCTGGACACACAACAGCTG_008,168
CATACCAATAATGCAGAGTG_001,74
GGTGTCTGTGTAAATCACCG_001,194
GGTGTCTGTGTAAATCACCG_002,105
GGTGTCTGTGTAAATCACCG_003,104
GGTGTCTGTGTAAATCACCG_004,1
GGTGTCTGTGTAAATCACCG_005,50
GGTGTCTGTGTAAATCACCG_006,10
GGTGTCTGTGTAAATCACCG_007,138
TGGAGAAAATCTTTCCAGAG_001,96
TGGAGAAAATCTTTCCAGAG_002,198
TGGAGAAAATCTTTCCAGAG_003,160
TGGAGAAAATCTTTCCAGAG_004,102
TGGAGAAAATCTTTCCAGAG_005,60
TGGAGAAAATCTTTCCAGAG_006,162
GTTACCAGCTCCGGCCGCCT_001,127
GTTACCAGCTCCGGCCGCCT_002,188
GTTACCAGCTCCGGCCGCCT_003,165
GTTACCAGCTCCGGCCGCCT_004,5
GTAGACGACGAACAGCACCG_001,58
GTAGACGACGAACAGCACCG_002,65
GTAGACGACGAACAGCACCG_003,40
GTAGACGACGAACAGCACCG_004,30
GTAGACGACGAACAGCACCG_005,115
GTAGACGACGAACAGCACCG_006,37
GTAGACGACGAACAGCACCG_007,8
GTAGACGACGAACAGCACCG_008,15
GTAGACGACGAACAGCACCG_009,168
GTAGACGACGAACAGCACCG_010,69
GTAGACGACGAACAGCACCG_011,1
GTAGACGACGAACAGCACCG_012,67
GTAGACGACGAACAGCACCG_013,198
GTAGACGACGAACAGCACCG_014,78
TGATCCAGACCAGTTGTCAA_001,176
TGATCCAGACCAGTTGTCAA_002,76
TGATCCAGACCAGTTGTCAA_003,111
TGATCCAGACCAGTTGTCAA_004,149
TGATCCAGACCAGTTGTCAA_005,50
TGATCCAGACCAGTTGTCAA_006,57
TGATCCAGACCAGTTGTCAA_007,37
TGATCCAGACCAGTTGTCAA_008,121
TGATCCAGACCAGTTGTCAA_009,55
TGATCCAGACCAGTTGTCAA_010,105
TGATCCAGACCAGTTGTCAA_011,12
TGATCCAGACCAGTTGTCAA_012,98
TGATCCAGACCAGTTGTCAA_013,77
TGATCCAGACCAGTTGTCAA_014,184
TGATCCAGACCAGTTGTCAA_015,130
TGATCCAGACCAGTTGTCAA_016,137
TGATCCAGACCAGTTGTCAA_017,5
TGATCCAGACCAGTTGTCAA_018,23
TGATCCAGACCAGTTGTCAA_019,105
TGATCCAGACCAGTTGTCAA_020,2
TGATCCAGACCAGTTGTCAA_021,56
TGATCCAGACCAGTTGTCAA_022,184
TGATCCAGACCAGTTGTCAA_023,58
TGATCCAGACCAGTTGTCAA_024,49
TGATCCAGACCAGTTGTCAA_025,68
TGATCCAGACCAGTTGTCAA_026,39
TGATCCAGACCAGTTGTCAA_027,69
TGCCCGAAAGTCGAGATCAG_001,187
TGCCCGAAAGTCGAGATCAG_002,58
TGCCCGAAAGTCGAGATCAG_003,152
TGCCCGAAAGTCGAGATCAG_004,41
TGCCCGAAAGTCGAGATCAG_005,137
TGCCCGAAAGTCGAGATCAG_006,58
TGCCCGAAAGTCGAGATCAG_007,162
TGCCCGAAAGTCGAGATCAG_008,69
TGCCCGAAAGTCGAGATCAG_009,164
TGCCCGAAAGTCGAGATCAG_010,164
TGCCCGAAAGTCGAGATCAG_011,163
TGCCCGAAAGTCGAGATCAG_012,65
TGCCCGAAAGTCGAGATCAG_013,147
TGCCCGAAAGTCGAGATCAG_014,92
TGCCCGAAAGTCGAGATCAG_015,198
TGCCCGAAAGTCGAGATCAG_016,30
TGCCCGAAAGTCGAGATCAG_017,144
TGCCCGAAAGTCGAGATCAG_018,137
TGCCCGAAAGTCGAGATCAG_019,72
TGCCCGAAAGTCGAGATCAG_020,72
TGCCCGAAAGTCGAGATCAG_021,102
TGCCCGAAAGTCGAGATCAG_022,68
TGCCCGAAAGTCGAGATCAG_023,142
TGCCCGAAAGTCGAGATCAG_024,191
TGCCCGAAAGTCGAGATCAG_025,175
TGCCCGAAAGTCGAGATCAG_026,25
TGCCCGAAAGTCGAGATCAG_027,49
TGCCCGAAAGTCGAGATCAG_028,77
TGCCCGAAAGTCGAGATCAG_029,24
TGCCCGAAAGTCGAGATCAG_030,119
AGACACCAGTGCATTCACTG_001,54
AGACACCAGTGCATTCACTG_002,37
AGACACCAGTGCATTCACTG_003,188
AGACACCAGTGCATTCACTG_004,133
AGACACCAGTGCATTCACTG_005,41
AGACACCAGTGCATTCACTG_006,102
AGACACCAGTGCATTCACTG_007,8
AGACACCAGTGCATTCACTG_008,195
AGACACCAGTGCATTCACTG_009,171
AGACACCAGTGCATTCACTG_010,23
AGACACCAGTGCATTCACTG_011,94
AGACACCAGTGCATTCACTG_012,43
CAGCAGCGCCCACACCGCGT_001,148
CAGCAGCGCCCACACCGCGT_002,114
CAGCAGCGCCCACACCGCGT_003,114
CAGCAGCGCCCACACCGCGT_004,146
CAGCAGCGCCCACACCGCGT_005,169
CAGCAGCGCCCACACCGCGT_006,20
CAGCAGCGCCCACACCGCGT_007,158
CAGCAGCGCCCACACCGCGT_008,81
CAGCAGCGCCCACACCGCGT_009,130
CAGCAGCGCCCACACCGCGT_010,127
CAGCAGCGCCCACACCGCGT_011,82
CAGCAGCGCCCACACCGCGT_012,184
CAGCAGCGCCCACACCGCGT_013,184
CAGCAGCGCCCACACCGCGT_014,39
CAGCAGCGCCCACACCGCGT_015,11
CAGCAGCGCCCACACCGCGT_016,81
CAGCAGCGCCCACACCGCGT_017,88
CAAACCATGGAGATAAACAT_001,65
GACCATCCCTCATTTCTGCG_001,58
GACCATCCCTCATTTCTGCG_002,137
GACCATCCCTCATTTCTGCG_003,94
GACCATCCCTCATTTCTGCG_004,150
GACCATCCCTCATTTCTGCG_005,166
GACCATCCCTCATTTCTGCG_006,68
GACCATCCCTCATTTCTGCG_007,169
GACCATCCCTCATTTCTGCG_008,81
GACCATCCCTCATTTCTGCG_009,161
GACCATCCCTCATTTCTGCG_010,67
GACCATCCCTCATTTCTGCG_011,168
GACCATCCCTCATTTCTGCG_012,88
GACCATCCCTCATTTCTGCG_013,158
GACCATCCCTCATTTCTGCG_014,142
GACCATCCCTCATTTCTGCG_015,67
GACCATCCCTCATTTCTGCG_016,188
GACCATCCCTCATTTCTGCG_017,63
GACCATCCCTCATTTCTGCG_018,29
GACCATCCCTCATTTCTGCG_019,30
GACCATCCCTCATTTCTGCG_020,121
GACCATCCCTCATTTCTGCG_021,113
GACCATCCCTCATTTCTGCG_022,35
GACCATCCCTCATTTCTGCG_023,80
GACCATCCCTCATTTCTGCG_024,8
GACCATCCCTCATTTCTGCG_025,62
GACCATCCCTCATTTCTGCG_026,198
GACCATCCCTCATTTCTGCG_027,138
GACCATCCCTCATTTCTGCG_028,76
GACCATCCCTCATTTCTGCG_029,160
GACCATCCCTCATTTCTGCG_030,197
TCACCCCTAAGTACCGCAGG_001,4
TCACCCCTAAGTACCGCAGG_002,190
AGGAGCTGAAGGGAATGTGG_001,129
AGGAGCTGAAGGGAATGTGG_002,63
AGGAGCTGAAGGGAATGTGG_003,114
AGGAGCTGAAGGGAATGTGG_004,114
AGGAGCTGAAGGGAATGTGG_005,5
AGGAGCTGAAGGGAATGTGG_006,168
AGGAGCTGAAGGGAATGTGG_007,43
AGGAGCTGAAGGGAATGTGG_008,144
AGGAGCTGAAGGGAATGTGG_009,15
AGGAGCTGAAGGGAATGTGG_010,185
AGGAGCTGAAGGGAATGTGG_011,76
AGGAGCTGAAGGGAATGTGG_012,65
AGGAGCTGAAGGGAATGTGG_013,50
AGGAGCTGAAGGGAATGTGG_014,140
AGGAGCTGAAGGGAATGTGG_015,139
AGGAGCTGAAGGGAATGTGG_016,52
AGGAGCTGAAGGGAATGTGG_017,9
AGGAGCTGAAGGGAATGTGG_018,176
AGGAGCTGAAGGGAATGTGG_019,168
AAATCTTAGAGTTTCCCGCA_001,157
AAATCTTAGAGTTTCCCGCA_002,159
AAATCTTAGAGTTTCCCGCA_003,16
CACGAAACAGATCTTCATGA_001,46
CACGAAACAGATCTTCATGA_002,117
CACGAAACAGATCTTCATGA_003,97
TGCTCTAGCTGTGGCAAGCG_001,122
TGCTCTAGCTGTGGCAAGCG_002,160
TGCTCTAGCTGTGGCAAGCG_003,8
TGCTCTAGCTGTGGCAAGCG_004,88
TGCTCTAGCTGTGGCAAGCG_005,112
TGCTCTAGCTGTGGCAAGCG_006,130
TGCTCTAGCTGTGGCAAGCG_007,68
TGCTCTAGCTGTGGCAAGCG_008,172
TGCTCTAGCTGTGGCAAGCG_009,148
TGCTCTAGCTGTGGCAAGCG_010,193
TGCTCTAGCTGTGGCAAGCG_011,62
TGCTCTAGCTGTGGCAAGCG_012,1
TGCTCTAGCTGTGGCAAGCG_013,105
TGCTCTAGCTGTGGCAAGCG_014,62
TGCTCTAGCTGTGGCAAGCG_015,30
TGCTCTAGCTGTGGCAAGCG_016,49
TGCTCTAGCTGTGGCAAGCG_017,172
TGCTCTAGCTGTGGCAAGCG_018,156
TGCTCTAGCTGTGGCAAGCG_019,67
TGCTCTAGCTGTGGCAAGCG_020,184
TGCTCTAGCTGTGGCAAGCG_021,191
TGCTCTAGCTGTGGCAAGCG_022,61
TGCTCTAGCTGTGGCAAGCG_023,57
TGCTCTAGCTGTGGCAAGCG_024,14
TGCTCTAGCTGTGGCAAGCG_025,174
TGCTCTAGCTGTGGCAAGCG_026,199
TGCTCTAGCTGTGGCAAGCG_027,138
ATGTACGCAGTAGCCAGTCC_001,154
ATGTACGCAGTAGCCAGTCC_002,62
ATGTACGCAGTAGCCAGTCC_003,19
ATGTACGCAGTAGCCAGTCC_004,62
ATGTACGCAGTAGCCAGTCC_005,177
ATGTACGCAGTAGCCAGTCC_006,108
ATGTACGCAGTAGCCAGTCC_007,145
ATGTACGCAGTAGCCAGTCC_008,133
ATGTACGCAGTAGCCAGTCC_009,24
ATGTACGCAGTAGCCAGTCC_010,164
ATGTACGCAGTAGCCAGTCC_011,158
ATCACGTGGCAAATTGTGAG_001,116
ATCACGTGGCAAATTGTGAG_002,188
ATCACGTGGCAAATTGTGAG_003,175
GTATTTCCACAAGGATCACA_001,141
GTATTTCCACAAGGATCACA_002,55
AAGCCAAACAAGCTTCCGAA_001,69
AAGCCAAACAAGCTTCCGAA_002,34
AAGCCAAACAAGCTTCCGAA_003,81
AAGCCAAACAAGCTTCCGAA_004,25
AAGCCAAACAAGCTTCCGAA_005,148
AAGCCAAACAAGCTTCCGAA_006,111
AAGCCAAACAAGCTTCCGAA_007,156
AAGCCAAACAAGCTTCCGAA_008,9
AAGCCAAACAAGCTTCCGAA_009,196
AAGCCAAACAAGCTTCCGAA_010,58
AAGCCAAACAAGCTTCCGAA_011,70
CGTTAGGTACCTGTGCGAAG_001,168
CTGGTAACTGAAATGTTCAT_001,77
CTGGTAACTGAAATGTTCAT_002,81
CTGGTAACTGAAATGTTCAT_003,97
CTGGTAACTGAAATGTTCAT_004,192
CTGGTAACTGAAATGTTCAT_005,128
CTGGTAACTGAAATGTTCAT_006,149
CTGGTAACTGAAATGTTCAT_007,149
CTGGTAACTGAAATGTTCAT_008,184
CTGGTAACTGAAATGTTCAT_009,147
GTATAATGTGCATCACCCGT_001,145
GTATAATGTGCATCACCCGT_002,16
GTATAATGTGCATCACCCGT_003,184
GTATAATGTGCATCACCCGT_004,161
GTATAATGTGCATCACCCGT_005,102
GTATAATGTGCATCACCCGT_006,29
GTATAATGTGCATCACCCGT_007,172
GTATAATGTGCATCACCCGT_008,132
GTATAATGTGCATCACCCGT_009,68
GTATAATGTGCATCACCCGT_010,180
GTATAATGTGCATCACCCGT_011,38
GTATAATGTGCATCACCCGT_012,58
GTATAATGTGCATCACCCGT_013,188
GTATAATGTGCATCACCCGT_014,137
GTATAATGTGCATCACCCGT_015,177
GTATAATGTGCATCACCCGT_016,118
GTATAATGTGCATCACCCGT_017,114
CTCTCAGATGGACACCCGAA_001,135
CTCTCAGATGGACACCCGAA_002,20
CTCTCAGATGGACACCCGAA_003,126
CTCTCAGATGGACACCCGAA_004,23
CTCTCAGATGGACACCCGAA_005,156
CTCTCAGATGGACACCCGAA_006,62
CTCTCAGATGGACACCCGAA_007,72
CTCTCAGATGGACACCCGAA_008,94
CTCTCAGATGGACACCCGAA_009,86
CTCTCAGATGGACACCCGAA_010,192
CTCTCAGATGGACACCCGAA_011,78
CTCTCAGATGGACACCCGAA_012,50
CTCTCAGATGGACACCCGAA_013,129
CTCTCAGATGGACACCCGAA_014,162
CTCTCAGATGGACACCCGAA_015,25
CTCTCAGATGGACACCCGAA_016,124
CTCTCAGATGGACACCCGAA_017,35
TATGAGAAGTTCTCTCCCGC_001,36
TATGAGAAGTTCTCTCCCGC_002,178
TATGAGAAGTTCTCTCCCGC_003,142
TATGAGAAGTTCTCTCCCGC_004,38
TATGAGAAGTTCTCTCCCGC_005,104
TATGAGAAGTTCTCTCCCGC_006,9
TGCATACATGAATATTCTAG_001,16
TGCATACATGAATATTCTAG_002,174
AAGATCACTTCGAAAAACCT_001,183
AAGATCACTTCGAAAAACCT_002,174
AAGATCACTTCGAAAAACCT_003,61
ACTTCGGGGTCACATATGTG_001,133
ACTTCGGGGTCACATATGTG_002,130
ACTTCGGGGTCACATATGTG_003,77
ACTTCGGGGTCACATATGTG_004,141
ACTTCGGGGTCACATATGTG_005,10
ACTTCGGGGTCACATATGTG_006,57
ACTTCGGGGTCACATATGTG_007,1
ACTTCGGGGTCACATATGTG_008,117
CGTAGGAACAGACGATGCGA_001,10
CGTAGGAACAGACGATGCGA_002,141
CGTAGGAACAGACGATGCGA_003,86
CGTAGGAACAGACGATGCGA_004,13
CGTAGGAACAGACGATGCGA_005,43
CGTAGGAACAGACGATGCGA_006,16
CGTAGGAACAGACGATGCGA_007,43
CGTAGGAACAGACGATGCGA_008,141
CGTAGGAACAGACGATGCGA_009,133
CGTAGGAACAGACGATGCGA_010,44
CGTAGGAACAGACGATGCGA_011,45
ATAACCAGAGAGATAGAAGG_001,153
ATAACCAGAGAGATAGAAGG_002,166
ATAACCAGAGAGATAGAAGG_003,56
ATAACCAGAGAGATAGAAGG_004,38
ATAACCAGAGAGATAGAAGG_005,87
ATAACCAGAGAGATAGAAGG_006,87
ATAACCAGAGAGATAGAAGG_007,65
ATAACCAGAGAGATAGAAGG_008,188
ATAACCAGAGAGATAGAAGG_009,175
GGATGGAAGCCAGTACAACC_001,62
GGATGGAAGCCAGTACAACC_002,94
GGATGGAAGCCAGTACAACC_003,118
GGATGGAAGCCAGTACAACC_004,158
GGATGGAAGCCAGTACAACC_005,48
GGATGGAAGCCAGTACAACC_006,105
GGATGGAAGCCAGTACAACC_007,9
GGATGGAAGCCAGTACAACC_008,129
GGATGGAAGCCAGTACAACC_009,147
GGATGGAAGCCAGTACAACC_010,58
GGATGGAAGCCAGTACAACC_011,16
GGATGGAAGCCAGTACAACC_012,121
GGATGGAAGCCAGTACAACC_013,88
GGATGGAAGCCAGTACAACC_014,91
GGATGGAAGCCAGTACAACC_015,186
GGATGGAAGCCAGTACAACC_016,52
GGATGGAAGCCAGTACAACC_017,136
GGATTTCACAGCCCAAATGG_001,178
GGATTTCACAGCCCAAATGG_002,189
GGATTTCACAGCCCAAATGG_003,74
GGATTTCACAGCCCAAATGG_004,129
GGATTTCACAGCCCAAATGG_005,181
TGATACAAGACTAAGCACAA_001,135
TGATACAAGACTAAGCACAA_002,97
TGATACAAGACTAAGCACAA_003,102
TGATACAAGACTAAGCACAA_004,188
TGATACAAGACTAAGCACAA_005,122
TGATACAAGACTAAGCACAA_006,115
TGATACAAGACTAAGCACAA_007,1
TGATACAAGACTAAGCACAA_008,147
CGAATGCAATCAGATGCTAG_001,24
CGAATGCAATCAGATGCTAG_002,21
CGAATGCAATCAGATGCTAG_003,15
CGAATGCAATCAGATGCTAG_004,169
CGAATGCAATCAGATGCTAG_005,145
CGAATGCAATCAGATGCTAG_006,140
CGAATGCAATCAGATGCTAG_007,6
CGAATGCAATCAGATGCTAG_008,120
CGAATGCAATCAGATGCTAG_009,34
CGAATGCAATCAGATGCTAG_010,184
CGAATGCAATCAGATGCTAG_011,144
CGAATGCAATCAGATGCTAG_012,81
CGAATGCAATCAGATGCTAG_013,36
CGAATGCAATCAGATGCTAG_014,130
CGAATGCAATCAGATGCTAG_015,97
CGAATGCAATCAGATGCTAG_016,160
CGAATGCAATCAGATGCTAG_017,43
CGAATGCAATCAGATGCTAG_018,160
CGAATGCAATCAGATGCTAG_019,106
GGTTCCGTCTGCTCTGACCA_001,58
GGTTCCGTCTGCTCTGACCA_002,185
GGTTCCGTCTGCTCTGACCA_003,84
GGTTCCGTCTGCTCTGACCA_004,114
GGTTCCGTCTGCTCTGACCA_005,184
GGTTCCGTCTGCTCTGACCA_006,94
GGTTCCGTCTGCTCTGACCA_007,162
GGTTCCGTCTGCTCTGACCA_008,146
GGTTCCGTCTGCTCTGACCA_009,73
GGTTCCGTCTGCTCTGACCA_010,6
GGTTCCGTCTGCTCTGACCA_011,182
GGTTCCGTCTGCTCTGACCA_012,90
TGTACAGGCTACGCTCGTCC_001,175
CCAGGATCTCTACCTCTACA_001,47
CCAGGATCTCTACCTCTACA_002,150
CCAGGATCTCTACCTCTACA_003,117
CCAGGATCTCTACCTCTACA_004,82
CCAGGATCTCTACCTCTACA_005,83
CCAGGATCTCTACCTCTACA_006,162
CCAGGATCTCTACCTCTACA_007,45
CCAGGATCTCTACCTCTACA_008,77
CCAGGATCTCTACCTCTACA_009,58
AGAGGGGCAGACACAAACTT_001,171
AGAGGGGCAGACACAAACTT_002,68
AGAGGGGCAGACACAAACTT_003,22
AGAGGGGCAGACACAAACTT_004,70
AGAGGGGCAGACACAAACTT_005,152
AGAGGGGCAGACACAAACTT_006,150
AGAGGGGCAGACACAAACTT_007,147
AGAGGGGCAGACACAAACTT_008,29
AGAGGGGCAGACACAAACTT_009,69
GCAAATGAGCACATTCTCGT_001,166
AGCACCCAAAGGGAGATCTG_001,44
AGCACCCAAAGGGAGATCTG_002,18
AGCACCCAAAGGGAGATCTG_003,139
AGCACCCAAAGGGAGATCTG_004,179
AGCACCCAAAGGGAGATCTG_005,104
AGCACCCAAAGGGAGATCTG_006,107
AGCACCCAAAGGGAGATCTG_007,125
AGCACCCAAAGGGAGATCTG_008,62
AGCACCCAAAGGGAGATCTG_009,173
AGCACCCAAAGGGAGATCTG_010,160
AGCACCCAAAGGGAGATCTG_011,91
AGCACCCAAAGGGAGATCTG_012,141
AGCACCCAAAGGGAGATCTG_013,114
AGCACCCAAAGGGAGATCTG_014,165
AGCACCCAAAGGGAGATCTG_015,110
AGCACCCAAAGGGAGATCTG_016,156
AGCACCCAAAGGGAGATCTG_017,79
AGCACCCAAAGGGAGATCTG_018,169
AGCACCCAAAGGGAGATCTG_019,74
AGCACCCAAAGGGAGATCTG_020,107
AGCACCCAAAGGGAGATCTG_021,166
AGCACCCAAAGGGAGATCTG_022,23
AGCACCCAAAGGGAGATCTG_023,24
AGCACCCAAAGGGAGATCTG_024,54
AGCACCCAAAGGGAGATCTG_025,125
AGCACCCAAAGGGAGATCTG_026,149
AGCACCCAAAGGGAGATCTG_027,175
AGCACCCAAAGGGAGATCTG_028,106
AACAGATCCTCCACAATCAG_001,106
AACAGATCCTCCACAATCAG_002,137
CTCTCGCTTCCGGCACACTG_001,76
CTCTCGCTTCCGGCACACTG_002,75
CTCTCGCTTCCGGCACACTG_003,0
CTCTCGCTTCCGGCACACTG_004,180
GTATCTTTACGATCAAGCAG_001,106
GTATCTTTACGATCAAGCAG_002,146
GTATCTTTACGATCAAGCAG_003,8
GTATCTTTACGATCAAGCAG_004,4
GTATCTTTACGATCAAGCAG_005,4
GTATCTTTACGATCAAGCAG_006,94
GTATCTTTACGATCAAGCAG_007,151
GTATCTTTACGATCAAGCAG_008,102
GTATCTTTACGATCAAGCAG_009,175
GTATCTTTACGATCAAGCAG_010,170
GTATCTTTACGATCAAGCAG_011,138
GTATCTTTACGATCAAGCAG_012,174
AACTGTCAGGAGCATACAAG_001,162
AACTGTCAGGAGCATACAAG_002,165
AACTGTCAGGAGCATACAAG_003,48
AACTGTCAGGAGCATACAAG_004,123
AACTGTCAGGAGCATACAAG_005,151
AACTGTCAGGAGCATACAAG_006,85
AACTGTCAGGAGCATACAAG_007,31
AACTGTCAGGAGCATACAAG_008,115
AACTGTCAGGAGCATACAAG_009,147
AACTGTCAGGAGCATACAAG_010,57
AACTGTCAGGAGCATACAAG_011,188
AACTGTCAGGAGCATACAAG_012,40
AACTGTCAGGAGCATACAAG_013,169
AACTGTCAGGAGCATACAAG_014,16
AACTGTCAGGAGCATACAAG_015,94
AACTGTCAGGAGCATACAAG_016,182
AACTGTCAGGAGCATACAAG_017,49
TCCAGCGCCACGCCAGGTGT_001,42
TCCAGCGCCACGCCAGGTGT_002,26
TGTTGGAGGTGTTTACCACC_001,148
TGTTGGAGGTGTTTACCACC_002,61
TGTTGGAGGTGTTTACCACC_003,150
TGTTGGAGGTGTTTACCACC_004,62
TGTTGGAGGTGTTTACCACC_005,160
TGTTGGAGGTGTTTACCACC_006,46
TGTTGGAGGTGTTTACCACC_007,13
TGTTGGAGGTGTTTACCACC_008,40
TGTTGGAGGTGTTTACCACC_009,78
CTGCACAAAGCTGACGCCCA_001,15
CTGCACAAAGCTGACGCCCA_002,150
CTGCACAAAGCTGACGCCCA_003,160
CTGCACAAAGCTGACGCCCA_004,144
CTGCACAAAGCTGACGCCCA_005,42
CTGCACAAAGCTGACGCCCA_006,83
CTGCACAAAGCTGACGCCCA_007,78
CTGCACAAAGCTGACGCCCA_008,130
CTGCACAAAGCTGACGCCCA_009,137
CTGCACAAAGCTGACGCCCA_010,12
CTGCACAAAGCTGACGCCCA_011,84
CTGCACAAAGCTGACGCCCA_012,67
CTGCACAAAGCTGACGCCCA_013,137
CTGCACAAAGCTGACGCCCA_014,17
CTGCACAAAGCTGACGCCCA_015,47
CTGCACAAAGCTGACGCCCA_016,196
CTGCACAAAGCTGACGCCCA_017,80
CTGCACAAAGCTGACGCCCA_018,169
CTGCACAAAGCTGACGCCCA_019,156
CTGCACAAAGCTGACGCCCA_020,2
CTGCACAAAGCTGACGCCCA_021,96
CTGCACAAAGCTGACGCCCA_022,184
CTGCACAAAGCTGACGCCCA_023,21
CCAGATCTCAAGCTTCAGAG_001,2
CCAGATCTCAAGCTTCAGAG_002,198
CCAGATCTCAAGCTTCAGAG_003,194
CCAGATCTCAAGCTTCAGAG_004,87
CCAGATCTCAAGCTTCAGAG_005,156
CCAGATCTCAAGCTTCAGAG_006,141
CCAGATCTCAAGCTTCAGAG_007,125
CCAGATCTCAAGCTTCAGAG_008,39
CCAGATCTCAAGCTTCAGAG_009,33
CCAGATCTCAAGCTTCAGAG_010,49
CCAGATCTCAAGCTTCAGAG_011,35
CCAGATCTCAAGCTTCAGAG_012,36
CCAGATCTCAAGCTTCAGAG_013,108
GGCCCTGGGCTCACCTCACG_001,27
GGCCCTGGGCTCACCTCACG_002,27
GGCCCTGGGCTCACCTCACG_003,169
GGCCCTGGGCTCACCTCACG_004,97
GGCCCTGGGCTCACCTCACG_005,57
GGCCCTGGGCTCACCTCACG_006,69
GGCCCTGGGCTCACCTCACG_007,182
GGCCCTGGGCTCACCTCACG_008,157
GGCCCTGGGCTCACCTCACG_009,2
GGCCCTGGGCTCACCTCACG_010,127
GGCCCTGGGCTCACCTCACG_011,59
GGCCCTGGGCTCACCTCACG_012,31
GGCCCTGGGCTCACCTCACG_013,96
GGCCCTGGGCTCACCTCACG_014,17
GGCCCTGGGCTCACCTCACG_015,174
GGCCCTGGGCTCACCTCACG_016,177
GGCCCTGGGCTCACCTCACG_017,15
GGCCCTGGGCTCACCTCACG_018,2
GGCCCTGGGCTCACCTCACG_019,41
GGCCCTGGGCTCACCTCACG_020,26
GGCCCTGGGCTCACCTCACG_021,178
GGCCCTGGGCTCACCTCACG_022,146
GGCCCTGGGCTCACCTCACG_023,127
GGCCCTGGGCTCACCTCACG_024,32
GGCCCTGGGCTCACCTCACG_025,92
GGCCCTGGGCTCACCTCACG_026,39
GGCCCTGGGCTCACCTCACG_027,2
GGCCCTGGGCTCACCTCACG_028,119
GGCCCTGGGCTCACCTCACG_029,102
GGCCCTGGGCTCACCTCACG_030,162
AGAATGCCAATACAAGCAGT_001,41
AGAATGCCAATACAAGCAGT_002,104
CGCCAGGTTACTCAACACGA_001,56
CGCCAGGTTACTCAACACGA_002,84
CGCCAGGTTACTCAACACGA_003,29
CGCCAGGTTACTCAACACGA_004,139
CGCCAGGTTACTCAACACGA_005,42
CGCCAGGTTACTCAACACGA_006,184
CGCCAGGTTACTCAACACGA_007,108
CGCCAGGTTACTCAACACGA_008,196
CGCCAGGTTACTCAACACGA_009,10
CGCCAGGTTACTCAACACGA_010,124
CGCCAGGTTACTCAACACGA_011,46
CAGACTGAGATGACATAACC_001,87
CAGACTGAGATGACATAACC_002,28
CAGACTGAGATGACATAACC_003,40
CAGACTGAGATGACATAACC_004,187
AAACCCACCTTGCGTACAAG_001,83
AAACCCACCTTGCGTACAAG_002,191
AAACCCACCTTGCGTACAAG_003,30
AAACCCACCTTGCGTACAAG_004,137
AAACCCACCTTGCGTACAAG_005,23
AAACCCACCTTGCGTACAAG_006,89
AAACCCACCTTGCGTACAAG_007,41
AAACCCACCTTGCGTACAAG_008,160
AAACCCACCTTGCGTACAAG_009,123
AAGGTGGACCCAGGTAACAA_001,49
AAGGTGGACCCAGGTAACAA_002,189
AAGGTGGACCCAGGTAACAA_003,148
AAGGTGGACCCAGGTAACAA_004,147
AAGGTGGACCCAGGTAACAA_005,177
AAGGTGGACCCAGGTAACAA_006,77
AAGGTGGACCCAGGTAACAA_007,171
TCTGATGCTCGGGCATAACG_001,105
TCTGATGCTCGGGCATAACG_002,29
TCTGATGCTCGGGCATAACG_003,92
TCTGATGCTCGGGCATAACG_004,162
TCTGATGCTCGGGCATAACG_005,179
TCTGATGCTCGGGCATAACG_006,70
TCTGATGCTCGGGCATAACG_007,65
TCTGATGCTCGGGCATAACG_008,54
TCTGATGCTCGGGCATAACG_009,42
TCTGATGCTCGGGCATAACG_010,15
CCTCCCAGTTCTTCACACGA_001,140
CCTCCCAGTTCTTCACACGA_002,108
CCTCCCAGTTCTTCACACGA_003,160
ACTGGGGACTGTGACAATGG_001,11
ACTGGGGACTGTGACAATGG_002,194
ACTGGGGACTGTGACAATGG_003,105
ACTGGGGACTGTGACAATGG_004,91
ACTGGGGACTGTGACAATGG_005,150
ACTGGGGACTGTGACAATGG_006,122
ACTGGGGACTGTGACAATGG_007,11
ACTGGGGACTGTGACAATGG_008,81
ACTGGGGACTGTGACAATGG_009,81
ACTGGGGACTGTGACAATGG_010,138
AGGACACAACGACAGATGGT_001,144
AGGACACAACGACAGATGGT_002,169
AGGACACAACGACAGATGGT_003,41
AGGACACAACGACAGATGGT_004,127
AGGACACAACGACAGATGGT_005,151
AGGACACAACGACAGATGGT_006,141
AGGACACAACGACAGATGGT_007,106
AGGACACAACGACAGATGGT_008,108
AGGACACAACGACAGATGGT_009,6
AGGACACAACGACAGATGGT_010,156
AGGACACAACGACAGATGGT_011,70
AGGACACAACGACAGATGGT_012,8
AGGACACAACGACAGATGGT_013,198
AGGACACAACGACAGATGGT_014,158
AGGACACAACGACAGATGGT_015,83
AGGACACAACGACAGATGGT_016,80
AGGACACAACGACAGATGGT_017,0
AGGACACAACGACAGATGGT_018,136
AGGACACAACGACAGATGGT_019,63
AGGGGGGCTTCGAAAACCAG_001,197
AGGGGGGCTTCGAAAACCAG_002,76
AGGGGGGCTTCGAAAACCAG_003,78
AGGGGGGCTTCGAAAACCAG_004,141
AGGGGGGCTTCGAAAACCAG_005,136
AGGGGGGCTTCGAAAACCAG_006,101
AGGGGGGCTTCGAAAACCAG_007,138
AGGGGGGCTTCGAAAACCAG_008,19
AGGGGGGCTTCGAAAACCAG_009,14
AGGGGGGCTTCGAAAACCAG_010,180
CCATCGGTTGATCCCGACTG_001,48
CCATCGGTTGATCCCGACTG_002,69
ACTGCAGGGCGGGCCCCGTG_001,105
ACTGCAGGGCGGGCCCCGTG_002,198
ACTGCAGGGCGGGCCCCGTG_003,28
AATGAATTTACCCATCACTG_001,67
AATGAATTTACCCATCACTG_002,40
AATGAATTTACCCATCACTG_003,58
AATGAATTTACCCATCACTG_004,15
AATGAATTTACCCATCACTG_005,142
AATGAATTTACCCATCACTG_006,162
AATGAATTTACCCATCACTG_007,157
AATGAATTTACCCATCACTG_008,99
ACCCGGGCGTCCCTTACCAG_001,30
ACCCGGGCGTCCCTTACCAG_002,15
ACCCGGGCGTCCCTTACCAG_003,61
ACCCGGGCGTCCCTTACCAG_004,115
ACCCGGGCGTCCCTTACCAG_005,1
ACCCGGGCGTCCCTTACCAG_006,139
ACCCGGGCGTCCCTTACCAG_007,32
ACCCGGGCGTCCCTTACCAG_008,163
ACCCGGGCGTCCCTTACCAG_009,48
ACCCGGGCGTCCCTTACCAG_010,198
ACCCGGGCGTCCCTTACCAG_011,195
ACCCGGGCGTCCCTTACCAG_012,67
ACCCGGGCGTCCCTTACCAG_013,88
ACCCGGGCGTCCCTTACCAG_014,185
ACCCGGGCGTCCCTTACCAG_015,60
CATCACAAACAAAGTTAACA_001,19
CATCACAAACAAAGTTAACA_002,116
CATCACAAACAAAGTTAACA_003,182
CATCACAAACAAAGTTAACA_004,9
AATATTCAGAGGAGCCCGCG_001,15
AGCCCACAATATTGTCAAAG_001,197
AGCCCACAATATTGTCAAAG_002,145
TCCAGAGCCAGGCTGTACCA_001,199
TCCAGAGCCAGGCTGTACCA_002,168
TCCAGAGCCAGGCTGTACCA_003,155
TCCAGAGCCAGGCTGTACCA_004,122
TCCAGAGCCAGGCTGTACCA_005,81
TTGCTGCCGTCAGACAGAGC_001,53
TTGCTGCCGTCAGACAGAGC_002,130
TTGCTGCCGTCAGACAGAGC_003,75
TTGCTGCCGTCAGACAGAGC_004,141
TTGCTGCCGTCAGACAGAGC_005,45
TTGCTGCCGTCAGACAGAGC_006,12
TTGCTGCCGTCAGACAGAGC_007,127
TTGCTGCCGTCAGACAGAGC_008,156
TTGCTGCCGTCAGACAGAGC_009,21
TTGCTGCCGTCAGACAGAGC_010,65
TTGCTGCCGTCAGACAGAGC_011,48
TTGCTGCCGTCAGACAGAGC_012,65
TTGCTGCCGTCAGACAGAGC_013,67
TTGCTGCCGTCAGACAGAGC_014,6
ATAAATACATTCGTGCCAAG_001,128
ATAAATACATTCGTGCCAAG_002,47
ATAAATACATTCGTGCCAAG_003,36
ATAAATACATTCGTGCCAAG_004,194
ATAAATACATTCGTGCCAAG_005,122
ATAAATACATTCGTGCCAAG_006,155
ATAAATACATTCGTGCCAAG_007,199
TTTGGCCCCCTTCATAACTG_001,51
TTTGGCCCCCTTCATAACTG_002,105
TTTGGCCCCCTTCATAACTG_003,16
TTTGGCCCCCTTCATAACTG_004,130
TTTGGCCCCCTTCATAACTG_005,53
TTTGGCCCCCTTCATAACTG_006,48
TTTGGCCCCCTTCATAACTG_007,41
TTTGGCCCCCTTCATAACTG_008,104
TTTGGCCCCCTTCATAACTG_009,190
TTTGGCCCCCTTCATAACTG_010,70
TTTGGCCCCCTTCATAACTG_011,134
TTTGGCCCCCTTCATAACTG_012,99
TTTGGCCCCCTTCATAACTG_013,167
TTTGGCCCCCTTCATAACTG_014,88
TTTGGCCCCCTTCATAACTG_015,199
TTTGGCCCCCTTCATAACTG_016,127
TTTGGCCCCCTTCATAACTG_017,147
TTTGGCCCCCTTCATAACTG_018,9
TTTGGCCCCCTTCATAACTG_019,17
TTTGGCCCCCTTCATAACTG_020,173
TTTGGCCCCCTTCATAACTG_021,197
TTTGGCCCCCTTCATAACTG_022,157
TTTGGCCCCCTTCATAACTG_023,140
TTTGGCCCCCTTCATAACTG_024,145
TTTGGCCCCCTTCATAACTG_025,132
TTTGGCCCCCTTCATAACTG_026,17
TTTGGCCCCCTTCATAACTG_027,23
TTTGGCCCCCTTCATAACTG_028,196
TTTGGCCCCCTTCATAACTG_029,6
TTTGGCCCCCTTCATAACTG_030,56
TTTGGCCCCCTTCATAACTG_031,182
TTTGGCCCCCTTCATAACTG_032,1
TTTGGCCCCCTTCATAACTG_033,137
TTTGGCCCCCTTCATAACTG_034,8
AGTGTATAGAGTAGCCGACC_001,45
AGTGTATAGAGTAGCCGACC_002,169
AGTGTATAGAGTAGCCGACC_003,161
AGTGTATAGAGTAGCCGACC_004,107
AGTGTATAGAGTAGCCGACC_005,70
AGTGTATAGAGTAGCCGACC_006,133
AGTGTATAGAGTAGCCGACC_007,133
AGTGTATAGAGTAGCCGACC_008,28
AGTCGGGGTTGTAGTCGATG_001,35
AGTCGGGGTTGTAGTCGATG_002,121
AATCCACAACTTACTCACTG_001,187
AATCCACAACTTACTCACTG_002,5
AATCCACAACTTACTCACTG_003,151
AATCCACAACTTACTCACTG_004,102
AATCCACAACTTACTCACTG_005,23
AATCCACAACTTACTCACTG_006,14
AATCCACAACTTACTCACTG_007,149
AATCCACAACTTACTCACTG_008,43
AATCCACAACTTACTCACTG_009,134
AATCCACAACTTACTCACTG_010,137
AATCCACAACTTACTCACTG_011,118
AATCCACAACTTACTCACTG_012,152
AATCCACAACTTACTCACTG_013,82
AATCCACAACTTACTCACTG_014,24
AATCCACAACTTACTCACTG_015,134
AATCCACAACTTACTCACTG_016,78
AATCCACAACTTACTCACTG_017,18
AATCCACAACTTACTCACTG_018,6
AATCCACAACTTACTCACTG_019,137
AATCCACAACTTACTCACTG_020,83
AATCCACAACTTACTCACTG_021,29
AATCCACAACTTACTCACTG_022,3
AATCCACAACTTACTCACTG_023,6
AATCCACAACTTACTCACTG_024,160
GGTCGAAGAAGAACTCGTCG_001,121
GGTCGAAGAAGAACTCGTCG_002,132
GGTCGAAGAAGAACTCGTCG_003,42
GGTCGAAGAAGAACTCGTCG_004,34
GGTCGAAGAAGAACTCGTCG_005,51
GGTCGAAGAAGAACTCGTCG_006,76
GGTCGAAGAAGAACTCGTCG_007,57
GGTCGAAGAAGAACTCGTCG_008,76
GGTCGAAGAAGAACTCGTCG_009,62
GGTCGAAGAAGAACTCGTCG_010,152
GGTCGAAGAAGAACTCGTCG_011,146
TCCCGGCTTGCCAGTCAGTG_001,8
TCCCGGCTTGCCAGTCAGTG_002,160
TCCCGGCTTGCCAGTCAGTG_003,137
TCCCGGCTTGCCAGTCAGTG_004,45
TCCCGGCTTGCCAGTCAGTG_005,81
TCCCGGCTTGCCAGTCAGTG_006,134
TCCCGGCTTGCCAGTCAGTG_007,151
TCCCGGCTTGCCAGTCAGTG_008,56
TGAAGACAATGTTGTCCACA_001,114
TGAAGACAATGTTGTCCACA_002,11
TGAAGACAATGTTGTCCACA_003,135
GTATCATCGGACCCACACCA_001,127
GTATCATCGGACCCACACCA_002,24
GTATCATCGGACCCACACCA_003,183
GTATCATCGGACCCACACCA_004,51
GTATCATCGGACCCACACCA_005,164
GTATCATCGGACCCACACCA_006,196
GTATCATCGGACCCACACCA_007,80
GTATCATCGGACCCACACCA_008,141
GTATCATCGGACCCACACCA_009,12
GTATCATCGGACCCACACCA_010,145
GTATCATCGGACCCACACCA_011,145
GTATCATCGGACCCACACCA_012,184
GTATCATCGGACCCACACCA_013,11
GTATCATCGGACCCACACCA_014,133
GTATCATCGGACCCACACCA_015,74
GTATCATCGGACCCACACCA_016,195
GTATCATCGGACCCACACCA_017,130
GTATCATCGGACCCACACCA_018,98
GTATCATCGGACCCACACCA_019,19
GTATCATCGGACCCACACCA_020,78
GTATCATCGGACCCACACCA_021,41
GTATCATCGGACCCACACCA_022,88
GTATCATCGGACCCACACCA_023,183
GTATCATCGGACCCACACCA_024,58
GTATCATCGGACCCACACCA_025,168
GTATCATCGGACCCACACCA_026,50
GTATCATCGGACCCACACCA_027,197
GTATCATCGGACCCACACCA_028,1
GTATCATCGGACCCACACCA_029,96
GTATCATCGGACCCACACCA_030,72
GTATCATCGGACCCACACCA_031,78
GTATCATCGGACCCACACCA_032,163
GTATCATCGGACCCACACCA_033,129
GTATCATCGGACCCACACCA_034,108
GTATCATCGGACCCACACCA_035,166
GTATCATCGGACCCACACCA_036,106
GTATCATCGGACCCACACCA_037,40
GTATCATCGGACCCACACCA_038,179
GTATCATCGGACCCACACCA_039,57
GTATCATCGGACCCACACCA_040,63
AGTTATCCAAAACACCAGTG_001,127
AGTTATCCAAAACACCAGTG_002,27
AGTTATCCAAAACACCAGTG_003,13
AGTTATCCAAAACACCAGTG_004,150
AGTTATCCAAAACACCAGTG_005,11
AGTTATCCAAAACACCAGTG_006,144
AGTTATCCAAAACACCAGTG_007,121
AGTTATCCAAAACACCAGTG_008,137
AGTTATCCAAAACACCAGTG_009,156
AGTTATCCAAAACACCAGTG_010,62
AGTTATCCAAAACACCAGTG_011,18
AGTTATCCAAAACACCAGTG_012,17
AGTTATCCAAAACACCAGTG_013,11
AGTTATCCAAAACACCAGTG_014,157
AGTTATCCAAAACACCAGTG_015,103
AGTTATCCAAAACACCAGTG_016,15
AGTTATCCAAAACACCAGTG_017,191
AGTTATCCAAAACACCAGTG_018,17
AGTTATCCAAAACACCAGTG_019,118
AGTTATCCAAAACACCAGTG_020,127
AGTTATCCAAAACACCAGTG_021,10
AGTTATCCAAAACACCAGTG_022,196
TCGGGGCTTTCATAGCAGCT_001,193
TCGGGGCTTTCATAGCAGCT_002,184
TCGGGGCTTTCATAGCAGCT_003,188
TCGGGGCTTTCATAGCAGCT_004,33
TCGGGGCTTTCATAGCAGCT_005,45
TCGGGGCTTTCATAGCAGCT_006,35
TCGGGGCTTTCATAGCAGCT_007,185
GAAAACCTCACTGTCAATGG_001,184
GAAAACCTCACTGTCAATGG_002,47
GGCCAGCCTCACCACACCGT_001,47
GGCCAGCCTCACCACACCGT_002,137
GGCCAGCCTCACCACACCGT_003,45
GGCCAGCCTCACCACACCGT_004,178
GGCCAGCCTCACCACACCGT_005,146
GGCCAGCCTCACCACACCGT_006,138
GGCCAGCCTCACCACACCGT_007,9
GGCCAGCCTCACCACACCGT_008,98
GGCCAGCCTCACCACACCGT_009,17
GGCCAGCCTCACCACACCGT_010,110
GGCCAGCCTCACCACACCGT_011,124
GGCCAGCCTCACCACACCGT_012,96
GGCCAGCCTCACCACACCGT_013,148
GGCCAGCCTCACCACACCGT_014,165
GGCCAGCCTCACCACACCGT_015,183
GGCCAGCCTCACCACACCGT_016,175
GGCCAGCCTCACCACACCGT_017,45
GGCCAGCCTCACCACACCGT_018,67
GGCCAGCCTCACCACACCGT_019,177
GGCCAGCCTCACCACACCGT_020,60
GGCCAGCCTCACCACACCGT_021,56
GGCCAGCCTCACCACACCGT_022,46
GGCCAGCCTCACCACACCGT_023,153
GGCCAGCCTCACCACACCGT_024,138
GGCCAGCCTCACCACACCGT_025,1
GGCCAGCCTCACCACACCGT_026,188
ACACAAGAGAGTCTATACAA_001,46
ACACAAGAGAGTCTATACAA_002,165
CTGAGCCAATGTTTCTACCG_001,152
CTGAGCCAATGTTTCTACCG_002,61
CTGAGCCAATGTTTCTACCG_003,26
CTGAGCCAATGTTTCTACCG_004,9
CTGAGCCAATGTTTCTACCG_005,150
ACAAGTAGATAAGTTGCTTG_001,166
ACAAGTAGATAAGTTGCTTG_002,16
ACAAGTAGATAAGTTGCTTG_003,58
ACAAGTAGATAAGTTGCTTG_004,66
ACAAGTAGATAAGTTGCTTG_005,148
ACAAGTAGATAAGTTGCTTG_006,38
ACAAGTAGATAAGTTGCTTG_007,153
ACAAGTAGATAAGTTGCTTG_008,169
ACAAGTAGATAAGTTGCTTG_009,183
ACAAGTAGATAAGTTGCTTG_010,130
ACAAGTAGATAAGTTGCTTG_011,13
GGAAGACCTGCGTATCCGAG_001,51
CTCTTGCCACATCCCACAGG_001,154
CTCTTGCCACATCCCACAGG_002,90
CTCTTGCCACATCCCACAGG_003,152
CTCTTGCCACATCCCACAGG_004,175
CTCTTGCCACATCCCACAGG_005,197
CTCTTGCCACATCCCACAGG_006,58
CTCTTGCCACATCCCACAGG_007,94
CTCTTGCCACATCCCACAGG_008,94
CTCTTGCCACATCCCACAGG_009,174
CTCTTGCCACATCCCACAGG_010,188
CTCTTGCCACATCCCACAGG_011,94
CTCTTGCCACATCCCACAGG_012,144
CTTGTTGAGCTCTATCTGCG_001,83
CTTGTTGAGCTCTATCTGCG_002,115
CGCCGTTCCGAGATACTTGA_001,145
CGCCGTTCCGAGATACTTGA_002,50
CGCCGTTCCGAGATACTTGA_003,102
CGCCGTTCCGAGATACTTGA_004,98
CGCCGTTCCGAGATACTTGA_005,185
CGCCGTTCCGAGATACTTGA_006,150
CGCCGTTCCGAGATACTTGA_007,172
CGCCGTTCCGAGATACTTGA_008,38
CGCCGTTCCGAGATACTTGA_009,147
CGCCGTTCCGAGATACTTGA_010,48
CGCCGTTCCGAGATACTTGA_011,193
CGCCGTTCCGAGATACTTGA_012,160
CGCCGTTCCGAGATACTTGA_013,140
CGCCGTTCCGAGATACTTGA_014,145
CGCCGTTCCGAGATACTTGA_015,28
CGCCGTTCCGAGATACTTGA_016,77
CGCCGTTCCGAGATACTTGA_017,145
CGCCGTTCCGAGATACTTGA_018,158
CGCCGTTCCGAGATACTTGA_019,130
CAGTGGGTACTTCGATGTGA_001,117
CAGTGGGTACTTCGATGTGA_002,102
CAGTGGGTACTTCGATGTGA_003,17
ATATTTAATTTATGGCCAAG_001,12
ATATTTAATTTATGGCCAAG_002,17
ATATTTAATTTATGGCCAAG_003,102
ATATTTAATTTATGGCCAAG_004,27
ATATTTAATTTATGGCCAAG_005,88
ATATTTAATTTATGGCCAAG_006,60
ATATTTAATTTATGGCCAAG_007,98
ATATTTAATTTATGGCCAAG_008,114
ATATTTAATTTATGGCCAAG_009,74
GATGCGGATCTTGGCACACG_001,125
GATGCGGATCTTGGCACACG_002,25
GATGCGGATCTTGGCACACG_003,55
GATGCGGATCTTGGCACACG_004,108
GATGCGGATCTTGGCACACG_005,50
GATGCGGATCTTGGCACACG_006,44
GATGCGGATCTTGGCACACG_007,135
GATGCGGATCTTGGCACACG_008,49
GAGGCAGCCTGCGTTTGAAG_001,125
GAGGCAGCCTGCGTTTGAAG_002,28
GAGGCAGCCTGCGTTTGAAG_003,193
GAGGCAGCCTGCGTTTGAAG_004,57
GAGGCAGCCTGCGTTTGAAG_005,77
GGAAGCAGATCACTTACCCG_001,60
GGAAGCAGATCACTTACCCG_002,176
CACGCAGCAGGCATACATCA_001,162
CACGCAGCAGGCATACATCA_002,139
CACGCAGCAGGCATACATCA_003,25
CACGCAGCAGGCATACATCA_004,122
CACGCAGCAGGCATACATCA_005,123
CACGCAGCAGGCATACATCA_006,45
CACGCAGCAGGCATACATCA_007,68
CACGCAGCAGGCATACATCA_008,66
CGAGGAATTACTGCTGCGAT_001,117
CGAGGAATTACTGCTGCGAT_002,148
CGAGGAATTACTGCTGCGAT_003,108
CGAGGAATTACTGCTGCGAT_004,176
TGTCCTTCCAAAATCCCGGG_001,78
TGTCCTTCCAAAATCCCGGG_002,53
TGTCCTTCCAAAATCCCGGG_003,4
TGTCCTTCCAAAATCCCGGG_004,69
TGTCCTTCCAAAATCCCGGG_005,82
TGTCCTTCCAAAATCCCGGG_006,90
AGTCTTGGAATATTCGCACA_001,77
AGTCTTGGAATATTCGCACA_002,117
AGTCTTGGAATATTCGCACA_003,174
AGTCTTGGAATATTCGCACA_004,63
GATGAGGCTTAAAACGAAGT_001,184
GATGAGGCTTAAAACGAAGT_002,145
GATGAGGCTTAAAACGAAGT_003,29
GATGAGGCTTAAAACGAAGT_004,146
GATGAGGCTTAAAACGAAGT_005,88
TTACCCTCAAAACATTAATG_001,172
TTACCCTCAAAACATTAATG_002,9
TTACCCTCAAAACATTAATG_003,22
AAAGCGTGAAAAGAGAACAT_001,169
AAAGCGTGAAAAGAGAACAT_002,77
AAAGCGTGAAAAGAGAACAT_003,72
AAAGCGTGAAAAGAGAACAT_004,101
AAAGCGTGAAAAGAGAACAT_005,88
AAAGCGTGAAAAGAGAACAT_006,88
AAAGCGTGAAAAGAGAACAT_007,141
AAAGCGTGAAAAGAGAACAT_008,96
AAAGCGTGAAAAGAGAACAT_009,103
AAAGCGTGAAAAGAGAACAT_010,197
AAAGCGTGAAAAGAGAACAT_011,81
CCCTTTAGACAGCCATGGAG_001,1
CCCTTTAGACAGCCATGGAG_002,133
TATATCCATTTACAGTCCCA_001,152
TATATCCATTTACAGTCCCA_002,26
AGTCTCCAGAGATTATCAGT_001,82
AGTCTCCAGAGATTATCAGT_002,30
AGTCTCCAGAGATTATCAGT_003,68
AGTCTCCAGAGATTATCAGT_004,160
AGTCTCCAGAGATTATCAGT_005,50
AGTCTCCAGAGATTATCAGT_006,162
TCCTGTCGATGAATGCGTTG_001,145
TCCTGTCGATGAATGCGTTG_002,108
TCCTGTCGATGAATGCGTTG_003,138
TCCTGTCGATGAATGCGTTG_004,16
TCCTGTCGATGAATGCGTTG_005,10
TCCTGTCGATGAATGCGTTG_006,70
AATGATCAGTTCTAGAAGAG_001,140
AATGATCAGTTCTAGAAGAG_002,199
AATGATCAGTTCTAGAAGAG_003,81
AATGATCAGTTCTAGAAGAG_004,156
AATGATCAGTTCTAGAAGAG_005,28
AATGATCAGTTCTAGAAGAG_006,77
AATGATCAGTTCTAGAAGAG_007,138
AATGATCAGTTCTAGAAGAG_008,184
AATGATCAGTTCTAGAAGAG_009,184
GGTCCAGGAGCACTCGACCG_001,161
GGCTAGAAACTCCAGGACGA_001,132
GGCTAGAAACTCCAGGACGA_002,156
GGCTAGAAACTCCAGGACGA_003,26
GGCTAGAAACTCCAGGACGA_004,5
GGCTAGAAACTCCAGGACGA_005,142
GGCTAGAAACTCCAGGACGA_006,6
CAGATGATACAGTACCTCCA_001,2
CAGATGATACAGTACCTCCA_002,15
TGATATACCAGACCTTTCAC_001,41
TGATATACCAGACCTTTCAC_002,43
TGATATACCAGACCTTTCAC_003,168
TGATATACCAGACCTTTCAC_004,11
TGATATACCAGACCTTTCAC_005,115
GGCATCAGGTCAGAGCAATG_001,109
GGCATCAGGTCAGAGCAATG_002,198
GGCATCAGGTCAGAGCAATG_003,68
GGCATCAGGTCAGAGCAATG_004,48
GGCATCAGGTCAGAGCAATG_005,184
GGCATCAGGTCAGAGCAATG_006,183
GGCATCAGGTCAGAGCAATG_007,172
GGCATCAGGTCAGAGCAATG_008,84
GGCATCAGGTCAGAGCAATG_009,119
GGCATCAGGTCAGAGCAATG_010,21
GGCATCAGGTCAGAGCAATG_011,36
GGCATCAGGTCAGAGCAATG_012,137
GGCATCAGGTCAGAGCAATG_013,22
GGCATCAGGTCAGAGCAATG_014,150
GGCATCAGGTCAGAGCAATG_015,16
GGCATCAGGTCAGAGCAATG_016,127
GGCATCAGGTCAGAGCAATG_017,11
GGCATCAGGTCAGAGCAATG_018,29
GGCATCAGGTCAGAGCAATG_019,83
CCCCCGCACGGAGTACAGTG_001,171
CCCCCGCACGGAGTACAGTG_002,102
CCCCCGCACGGAGTACAGTG_003,156
CCCCCGCACGGAGTACAGTG_004,52
CCCCCGCACGGAGTACAGTG_005,44
CCCCCGCACGGAGTACAGTG_006,8
CCCCCGCACGGAGTACAGTG_007,50
CCCCCGCACGGAGTACAGTG_008,130
CCCCCGCACGGAGTACAGTG_009,178
CCCCCGCACGGAGTACAGTG_010,147
CCCCCGCACGGAGTACAGTG_011,33
CCCCCGCACGGAGTACAGTG_012,37
CCCCCGCACGGAGTACAGTG_013,12
CCCCCGCACGGAGTACAGTG_014,88
CCCCCGCACGGAGTACAGTG_015,92
TGCTCAACAATCCGGGCAAG_001,77
GCCGGCGGGACCGTAGCCCG_001,123
GCCGGCGGGACCGTAGCCCG_002,77
GCCGGCGGGACCGTAGCCCG_003,145
GCCGGCGGGACCGTAGCCCG_004,173
GCCGGCGGGACCGTAGCCCG_005,165
GCCGGCGGGACCGTAGCCCG_006,105
GCCGGCGGGACCGTAGCCCG_007,93
GCCGGCGGGACCGTAGCCCG_008,125
GCCGGCGGGACCGTAGCCCG_009,47
GCCGGCGGGACCGTAGCCCG_010,179
GCCGGCGGGACCGTAGCCCG_011,124
CGCGCGCAGCTCTAAGAGCG_001,37
CGCGCGCAGCTCTAAGAGCG_002,28
CGCGCGCAGCTCTAAGAGCG_003,54
CGCGCGCAGCTCTAAGAGCG_004,147
CGCGCGCAGCTCTAAGAGCG_005,117
CGCGCGCAGCTCTAAGAGCG_006,72
GTTGCGGTTGGAGTGCAGCG_001,49
GTTGCGGTTGGAGTGCAGCG_002,80
GTTGCGGTTGGAGTGCAGCG_003,125
GTTGCGGTTGGAGTGCAGCG_004,74
GTTGCGGTTGGAGTGCAGCG_005,50
GTTGCGGTTGGAGTGCAGCG_006,114
GTTGCGGTTGGAGTGCAGCG_007,159
GTTGCGGTTGGAGTGCAGCG_008,62
GTTGCGGTTGGAGTGCAGCG_009,138
GTTGCGGTTGGAGTGCAGCG_010,8
GTTGCGGTTGGAGTGCAGCG_011,62
GTTGCGGTTGGAGTGCAGCG_012,107
GTTGCGGTTGGAGTGCAGCG_013,162
GTTGCGGTTGGAGTGCAGCG_014,140
GTTGCGGTTGGAGTGCAGCG_015,179
GTTGCGGTTGGAGTGCAGCG_016,12
GTTGCGGTTGGAGTGCAGCG_017,134
GTTGCGGTTGGAGTGCAGCG_018,192
GTTGCGGTTGGAGTGCAGCG_019,36
GTTGCGGTTGGAGTGCAGCG_020,121
GTTGCGGTTGGAGTGCAGCG_021,9
GTTGCGGTTGGAGTGCAGCG_022,77
GTTGCGGTTGGAGTGCAGCG_023,34
GTTGCGGTTGGAGTGCAGCG_024,10
GTTGCGGTTGGAGTGCAGCG_025,45
GTTGCGGTTGGAGTGCAGCG_026,35
GTTGCGGTTGGAGTGCAGCG_027,147
GTTGCGGTTGGAGTGCAGCG_028,116
GTTGCGGTTGGAGTGCAGCG_029,40
GTTGCGGTTGGAGTGCAGCG_030,160
GTTGCGGTTGGAGTGCAGCG_031,61
GTTGCGGTTGGAGTGCAGCG_032,9
GTTGCGGTTGGAGTGCAGCG_033,37
GTTGCGGTTGGAGTGCAGCG_034,77
GTTGCGGTTGGAGTGCAGCG_035,42
GTTGCGGTTGGAGTGCAGCG_036,157
GTTGCGGTTGGAGTGCAGCG_037,63
GTTGCGGTTGGAGTGCAGCG_038,14
GTTGCGGTTGGAGTGCAGCG_039,98
AACATAAAAGTGGTAGAACG_001,15
AACATAAAAGTGGTAGAACG_002,129
AACATAAAAGTGGTAGAACG_003,102
CCTGTCGAACTAAGTATCCA_001,166
CCTGTCGAACTAAGTATCCA_002,104
CCTGTCGAACTAAGTATCCA_003,58
CCTGTCGAACTAAGTATCCA_004,136
CCTGTCGAACTAAGTATCCA_005,106
CCTGTCGAACTAAGTATCCA_006,105
CCTGTCGAACTAAGTATCCA_007,30
CCTGTCGAACTAAGTATCCA_008,127
CCTGTCGAACTAAGTATCCA_009,121
GTCCGTGCTGTCATGTCATG_001,7
GTCCGTGCTGTCATGTCATG_002,57
GTCCGTGCTGTCATGTCATG_003,82
GTCCGTGCTGTCATGTCATG_004,53
GTCCGTGCTGTCATGTCATG_005,70
GTCCGTGCTGTCATGTCATG_006,9
GTCCGTGCTGTCATGTCATG_007,174
GTCCGTGCTGTCATGTCATG_008,30
GTCCGTGCTGTCATGTCATG_009,17
GTCCGTGCTGTCATGTCATG_010,160
GTCCGTGCTGTCATGTCATG_011,137
GTCCGTGCTGTCATGTCATG_012,132
GTCCGTGCTGTCATGTCATG_013,163
GTCCGTGCTGTCATGTCATG_014,43
GTCCGTGCTGTCATGTCATG_015,69
GTCCGTGCTGTCATGTCATG_016,111
GTCCGTGCTGTCATGTCATG_017,58
GTCCGTGCTGTCATGTCATG_018,164
GTCCGTGCTGTCATGTCATG_019,164
GTCCGTGCTGTCATGTCATG_020,64
TTGCAAAACTAAGGGCCGCA_001,48
TTGCAAAACTAAGGGCCGCA_002,75
TTGCAAAACTAAGGGCCGCA_003,48
TTGCAAAACTAAGGGCCGCA_004,68
TTGCAAAACTAAGGGCCGCA_005,17
TTGCAAAACTAAGGGCCGCA_006,60
GGAAACCCGAAAATCAGCCA_001,166
GGAAACCCGAAAATCAGCCA_002,62
GGAAACCCGAAAATCAGCCA_003,47
GGAAACCCGAAAATCAGCCA_004,174
GGAAACCCGAAAATCAGCCA_005,18
GGAAACCCGAAAATCAGCCA_006,1
GGAAACCCGAAAATCAGCCA_007,128
GGAAACCCGAAAATCAGCCA_008,106
TGTGCTCAATCCTGCCATCG_001,123
TGTGCTCAATCCTGCCATCG_002,34
TGTGCTCAATCCTGCCATCG_003,81
TGTGCTCAATCCTGCCATCG_004,176
TGTGCTCAATCCTGCCATCG_005,34
GCTGCCGGAGCAGTCACACA_001,154
GCTGCCGGAGCAGTCACACA_002,104
GCTGCCGGAGCAGTCACACA_003,28
GCTGCCGGAGCAGTCACACA_004,17
GCTGCCGGAGCAGTCACACA_005,8
GCTGCCGGAGCAGTCACACA_006,182
GCTGCCGGAGCAGTCACACA_007,61
GCTGCCGGAGCAGTCACACA_008,90
GCTGCCGGAGCAGTCACACA_009,2
GCTGCCGGAGCAGTCACACA_010,145
GCTGCCGGAGCAGTCACACA_011,168
GTGGTGAAGAGTAACCAATG_001,174
GTGGTGAAGAGTAACCAATG_002,142
GTGGTGAAGAGTAACCAATG_003,9
GTGGTGAAGAGTAACCAATG_004,24
GTGGTGAAGAGTAACCAATG_005,176
ATTCCAGAACACATAGGGGT_001,49
ATTCCAGAACACATAGGGGT_002,135
ATTCCAGAACACATAGGGGT_003,68
ATTCCAGAACACATAGGGGT_004,190
ATTCCAGAACACATAGGGGT_005,135
TTCCACATACTGCACCTGAG_001,0
TTCCACATACTGCACCTGAG_002,106
TTCCACATACTGCACCTGAG_003,30
TTCCACATACTGCACCTGAG_004,59
TTCCACATACTGCACCTGAG_005,162
TTCCACATACTGCACCTGAG_006,192
TTCCACATACTGCACCTGAG_007,149
TTCCACATACTGCACCTGAG_008,169
TTCCACATACTGCACCTGAG_009,73
TTCCACATACTGCACCTGAG_010,14
CAGGTATCAGTACCCCACAA_001,49
CAGGTATCAGTACCCCACAA_002,169
CAGGTATCAGTACCCCACAA_003,174
CAGGTATCAGTACCCCACAA_004,159
CAGGTATCAGTACCCCACAA_005,29
GGTGGCCCCAGGAAGCATCG_001,172
GGTGGCCCCAGGAAGCATCG_002,125
GGTGGCCCCAGGAAGCATCG_003,144
GGTGGCCCCAGGAAGCATCG_004,127
GGTGGCCCCAGGAAGCATCG_005,29
GGTGGCCCCAGGAAGCATCG_006,42
GGTGGCCCCAGGAAGCATCG_007,172
GGTGGCCCCAGGAAGCATCG_008,171
GGTGGCCCCAGGAAGCATCG_009,145
GGTGGCCCCAGGAAGCATCG_010,82
GGTGGCCCCAGGAAGCATCG_011,190
GGTGGCCCCAGGAAGCATCG_012,16
GGTGGCCCCAGGAAGCATCG_013,123
GGTGGCCCCAGGAAGCATCG_014,71
GGTGGCCCCAGGAAGCATCG_015,108
GGTGGCCCCAGGAAGCATCG_016,190
GGTGGCCCCAGGAAGCATCG_017,93
GGTGGCCCCAGGAAGCATCG_018,65
GGTGGCCCCAGGAAGCATCG_019,74
GGTGGCCCCAGGAAGCATCG_020,127
GGTGGCCCCAGGAAGCATCG_021,129
GGTGGCCCCAGGAAGCATCG_022,76
GGTGGCCCCAGGAAGCATCG_023,141
GGTGGCCCCAGGAAGCATCG_024,105
GGTGGCCCCAGGAAGCATCG_025,169
GGTGGCCCCAGGAAGCATCG_026,54
GGTGGCCCCAGGAAGCATCG_027,54
GGTGGCCCCAGGAAGCATCG_028,75
GGTGGCCCCAGGAAGCATCG_029,70
GGTGGCCCCAGGAAGCATCG_030,136
GGTGGCCCCAGGAAGCATCG_031,29
CAACTGCTCGAAGCTAGAGA_001,73
CAACTGCTCGAAGCTAGAGA_002,6
CAACTGCTCGAAGCTAGAGA_003,60
CAACTGCTCGAAGCTAGAGA_004,56
CAACTGCTCGAAGCTAGAGA_005,80
CAACTGCTCGAAGCTAGAGA_006,67
CAACTGCTCGAAGCTAGAGA_007,40
CAACTGCTCGAAGCTAGAGA_008,106
CAACTGCTCGAAGCTAGAGA_009,88
CAACTGCTCGAAGCTAGAGA_010,115
CAACTGCTCGAAGCTAGAGA_011,48
CAACTGCTCGAAGCTAGAGA_012,41
CAACTGCTCGAAGCTAGAGA_013,175
CAACTGCTCGAAGCTAGAGA_014,88
CAACTGCTCGAAGCTAGAGA_015,115
CAACTGCTCGAAGCTAGAGA_016,104
CAACTGCTCGAAGCTAGAGA_017,96
CAACTGCTCGAAGCTAGAGA_018,182
CAACTGCTCGAAGCTAGAGA_019,82
CAACTGCTCGAAGCTAGAGA_020,12
CAACTGCTCGAAGCTAGAGA_021,88
CAACTGCTCGAAGCTAGAGA_022,145
CAACTGCTCGAAGCTAGAGA_023,102
CAACTGCTCGAAGCTAGAGA_024,168
CAACTGCTCGAAGCTAGAGA_025,142
CAACTGCTCGAAGCTAGAGA_026,118
CAACTGCTCGAAGCTAGAGA_027,138
CAACTGCTCGAAGCTAGAGA_028,158
CAACTGCTCGAAGCTAGAGA_029,118
CAACTGCTCGAAGCTAGAGA_030,61
CAACTGCTCGAAGCTAGAGA_031,19
CAACTGCTCGAAGCTAGAGA_032,184
CAACTGCTCGAAGCTAGAGA_033,106
CAGAGGAAAGCATGCATCGC_001,94
CAGAGGAAAGCATGCATCGC_002,177
CATCACAAATCGGATCCTCA_001,170
CATCACAAATCGGATCCTCA_002,87
CATCACAAATCGGATCCTCA_003,80
CATCACAAATCGGATCCTCA_004,44
CATCACAAATCGGATCCTCA_005,98
CATCACAAATCGGATCCTCA_006,116
CATCACAAATCGGATCCTCA_007,3
AGGCCGGGGTTCGAGCACTG_001,172
AGGCCGGGGTTCGAGCACTG_002,23
AGGCCGGGGTTCGAGCACTG_003,57
AGGCCGGGGTTCGAGCACTG_004,63
AGGCCGGGGTTCGAGCACTG_005,40
AGGCCGGGGTTCGAGCACTG_006,43
AGGCCGGGGTTCGAGCACTG_007,120
AGGCCGGGGTTCGAGCACTG_008,114
AGGCCGGGGTTCGAGCACTG_009,185
AGGCCGGGGTTCGAGCACTG_010,66
AGGCCGGGGTTCGAGCACTG_011,168
AGGCCGGGGTTCGAGCACTG_012,47
AGGCCGGGGTTCGAGCACTG_013,146
CATACGATTGAAAATCAATG_001,88
CATACGATTGAAAATCAATG_002,122
AGCAGAATGAACAATGCAGA_001,175
AGCAGAATGAACAATGCAGA_002,69
AGCAGAATGAACAATGCAGA_003,88
AGCAGAATGAACAATGCAGA_004,160
AGCAGAATGAACAATGCAGA_005,8
AGCAGAATGAACAATGCAGA_006,118
AGCAGAATGAACAATGCAGA_007,40
AGCAGAATGAACAATGCAGA_008,173
AGCAGAATGAACAATGCAGA_009,7
AGCAGAATGAACAATGCAGA_010,43
CTCCACTACTCCAATGCACG_001,84
CTCCACTACTCCAATGCACG_002,188
CTCCACTACTCCAATGCACG_003,173
CTCCACTACTCCAATGCACG_004,137
CTCCACTACTCCAATGCACG_005,45
GCATGAGCCAACCAGGCACA_001,128
GCATGAGCCAACCAGGCACA_002,75
GCATGAGCCAACCAGGCACA_003,110
GCATGAGCCAACCAGGCACA_004,113
GCATGAGCCAACCAGGCACA_005,67
GCATGAGCCAACCAGGCACA_006,147
GCGGCCCCGGGCCTCAATCG_001,84
GCGGCCCCGGGCCTCAATCG_002,2
GCGGCCCCGGGCCTCAATCG_003,82
GCGGCCCCGGGCCTCAATCG_004,11
GCGGCCCCGGGCCTCAATCG_005,106
GCGGCCCCGGGCCTCAATCG_006,77
GCGGCCCCGGGCCTCAATCG_007,103
GCGGCCCCGGGCCTCAATCG_008,46
GCGGCCCCGGGCCTCAATCG_009,48
CCGCGTAGGGAGAGAAGTAG_001,2
CCGCGTAGGGAGAGAAGTAG_002,199
CCGCGTAGGGAGAGAAGTAG_003,68
CCGCGTAGGGAGAGAAGTAG_004,52
CCGCGTAGGGAGAGAAGTAG_005,41
CCGCGTAGGGAGAGAAGTAG_006,198
CCGCGTAGGGAGAGAAGTAG_007,105
CCGCGTAGGGAGAGAAGTAG_008,61
CCGCGTAGGGAGAGAAGTAG_009,150
CCGCGTAGGGAGAGAAGTAG_010,123
GGTCCCAGGTGTAAGAATCG_001,28
GGTCCCAGGTGTAAGAATCG_002,23
GGTCCCAGGTGTAAGAATCG_003,134
GGTCCCAGGTGTAAGAATCG_004,114
GGTCCCAGGTGTAAGAATCG_005,114
GGTCCCAGGTGTAAGAATCG_006,137
GGTCCCAGGTGTAAGAATCG_007,140
GGTCCCAGGTGTAAGAATCG_008,101
GGTCCCAGGTGTAAGAATCG_009,159
GGTCCCAGGTGTAAGAATCG_010,10
GCAAACCGCTCTGTATACAA_001,96
GCAAACCGCTCTGTATACAA_002,111
GCAAACCGCTCTGTATACAA_003,187
CGACATGAAGAGCTTTACTG_001,78
CGACATGAAGAGCTTTACTG_002,4
CGACATGAAGAGCTTTACTG_003,25
CGACATGAAGAGCTTTACTG_004,77
CGACATGAAGAGCTTTACTG_005,70
CGACATGAAGAGCTTTACTG_006,127
CGACATGAAGAGCTTTACTG_007,25
CGACATGAAGAGCTTTACTG_008,23
CGACATGAAGAGCTTTACTG_009,57
CGACATGAAGAGCTTTACTG_010,50
CGACATGAAGAGCTTTACTG_011,137
CGACATGAAGAGCTTTACTG_012,138
CGACATGAAGAGCTTTACTG_013,12
CGACATGAAGAGCTTTACTG_014,89
GATGCAATTCGACAGCTAGG_001,98
GATGCAATTCGACAGCTAGG_002,32
GATGCAATTCGACAGCTAGG_003,133
GATGCAATTCGACAGCTAGG_004,173
GATGCAATTCGACAGCTAGG_005,115
GATGCAATTCGACAGCTAGG_006,8
GATGCAATTCGACAGCTAGG_007,179
GATGCAATTCGACAGCTAGG_008,162
GATGCAATTCGACAGCTAGG_009,106
CTGCCATTGACTGAGTTCAG_001,172
CTGCCATTGACTGAGTTCAG_002,189
CTGCCATTGACTGAGTTCAG_003,118
CTGCCATTGACTGAGTTCAG_004,153
GACAAAAGCGAATTTCTGGC_001,126
GATGAACCAGGTCATAGAGT_001,3
GCAAGCCGGACTAAGGACCG_001,94
GCAAGCCGGACTAAGGACCG_002,76
GCAAGCCGGACTAAGGACCG_003,169
GAATAAGCCACTGGACCGGG_001,11
GAATAAGCCACTGGACCGGG_002,129
GAATAAGCCACTGGACCGGG_003,153
GAATAAGCCACTGGACCGGG_004,29
GAATAAGCCACTGGACCGGG_005,154
GAATAAGCCACTGGACCGGG_006,84
GAATAAGCCACTGGACCGGG_007,160
GAATAAGCCACTGGACCGGG_008,103
GAATAAGCCACTGGACCGGG_009,168
GAATAAGCCACTGGACCGGG_010,158
GAATAAGCCACTGGACCGGG_011,29
GAATAAGCCACTGGACCGGG_012,3
CATGGTTAACACAATAAGGA_001,138
CATGGTTAACACAATAAGGA_002,172
CATGGTTAACACAATAAGGA_003,183
CATGGTTAACACAATAAGGA_004,58
CATGGTTAACACAATAAGGA_005,197
CATGGTTAACACAATAAGGA_006,118
CATGGTTAACACAATAAGGA_007,156
TATCCTTCGAAGGAAGCCTG_001,175
TATCCTTCGAAGGAAGCCTG_002,34
TATCCTTCGAAGGAAGCCTG_003,40
TATCCTTCGAAGGAAGCCTG_004,43
TATCCTTCGAAGGAAGCCTG_005,160
TATCCTTCGAAGGAAGCCTG_006,23
TATCCTTCGAAGGAAGCCTG_007,121
TATCCTTCGAAGGAAGCCTG_008,176
TATCCTTCGAAGGAAGCCTG_009,176
TATCCTTCGAAGGAAGCCTG_010,112
CTTACCAGAGATGATGCCGA_001,25
CTTACCAGAGATGATGCCGA_002,80
CTTACCAGAGATGATGCCGA_003,161
CTTACCAGAGATGATGCCGA_004,19
CTTACCAGAGATGATGCCGA_005,41
CTTACCAGAGATGATGCCGA_006,41
CTTACCAGAGATGATGCCGA_007,103
CTTACCAGAGATGATGCCGA_008,115
CTTACCAGAGATGATGCCGA_009,48
GGGCCAGGAGATGACAACCG_001,8
AGAAGCGCAGCTCCGCATGG_001,96
AGAAGCGCAGCTCCGCATGG_002,144
AGAAGCGCAGCTCCGCATGG_003,141
AGAAGCGCAGCTCCGCATGG_004,76
TGGTCTTGGTGGTTTCGCCG_001,76
TGGTCTTGGTGGTTTCGCCG_002,127
TGGTCTTGGTGGTTTCGCCG_003,168
TGGTCTTGGTGGTTTCGCCG_004,13
TGGTCTTGGTGGTTTCGCCG_005,134
TGGTCTTGGTGGTTTCGCCG_006,163
CACCTGTGTAGGTAAAACTC_001,15
CACCTGTGTAGGTAAAACTC_002,160
CACCTGTGTAGGTAAAACTC_003,150
GTTGTATGTTACCTTTCACA_001,169
GTTGTATGTTACCTTTCACA_002,139
GTTGTATGTTACCTTTCACA_003,179
GTTGTATGTTACCTTTCACA_004,141
GTTGTATGTTACCTTTCACA_005,61
GTTGTATGTTACCTTTCACA_006,167
GTTGTATGTTACCTTTCACA_007,199
ACTTACTCTGACGAAGCTCG_001,23
ACTTACTCTGACGAAGCTCG_002,169
ACTTACTCTGACGAAGCTCG_003,2
ACTTACTCTGACGAAGCTCG_004,170
ACTTACTCTGACGAAGCTCG_005,85
ACTTACTCTGACGAAGCTCG_006,127
ACTTACTCTGACGAAGCTCG_007,103
GAGTAGCGCGAGCACAGCTA_001,62
GAGTAGCGCGAGCACAGCTA_002,174
GAGTAGCGCGAGCACAGCTA_003,28
GAGTAGCGCGAGCACAGCTA_004,161
GAGTAGCGCGAGCACAGCTA_005,98
GAGTAGCGCGAGCACAGCTA_006,72
GAGTAGCGCGAGCACAGCTA_007,105
GAGTAGCGCGAGCACAGCTA_008,20
GAGTAGCGCGAGCACAGCTA_009,20
GGGAGAGAGACCATCCGTCC_001,96
GGGAGAGAGACCATCCGTCC_002,97
GGGAGAGAGACCATCCGTCC_003,27
GGGAGAGAGACCATCCGTCC_004,3
GGGAGAGAGACCATCCGTCC_005,69
GGGAGAGAGACCATCCGTCC_006,61
GGGAGAGAGACCATCCGTCC_007,68
GGGAGAGAGACCATCCGTCC_008,179
GGGAGAGAGACCATCCGTCC_009,141
GGGAGAGAGACCATCCGTCC_010,162
GGGAGAGAGACCATCCGTCC_011,15
GGGAGAGAGACCATCCGTCC_012,6
GGGAGAGAGACCATCCGTCC_013,45
AGTAAACCCTAGTACCTTGG_001,94
AGTAAACCCTAGTACCTTGG_002,41
AGTAAACCCTAGTACCTTGG_003,93
AGTAAACCCTAGTACCTTGG_004,40
AGTAAACCCTAGTACCTTGG_005,149
AAAGGACAAAGCTGGTACCG_001,144
AAAGGACAAAGCTGGTACCG_002,178
AAAGGACAAAGCTGGTACCG_003,127
AAAGGACAAAGCTGGTACCG_004,127
AAAGGACAAAGCTGGTACCG_005,70
AAAGGACAAAGCTGGTACCG_006,120
AAAGGACAAAGCTGGTACCG_007,83
AAAGGACAAAGCTGGTACCG_008,23
AAAGGACAAAGCTGGTACCG_009,186
AAAGGACAAAGCTGGTACCG_010,97
AAAGGACAAAGCTGGTACCG_011,150
AAAGGACAAAGCTGGTACCG_012,82
AAAGGACAAAGCTGGTACCG_013,34
AAAGGACAAAGCTGGTACCG_014,58
ATTACTGCGGGAATGAGACA_001,75
ATTACTGCGGGAATGAGACA_002,23
ATTACTGCGGGAATGAGACA_003,151
ATTACTGCGGGAATGAGACA_004,44
ATTACTGCGGGAATGAGACA_005,198
ATTACTGCGGGAATGAGACA_006,160
ATTACTGCGGGAATGAGACA_007,138
ATTACTGCGGGAATGAGACA_008,106
ATGAATCATCAGGGGACTCG_001,16
ATGAATCATCAGGGGACTCG_002,67
ATGAATCATCAGGGGACTCG_003,62
ATGAATCATCAGGGGACTCG_004,184
ATGAATCATCAGGGGACTCG_005,199
ATGAATCATCAGGGGACTCG_006,81
ATGAATCATCAGGGGACTCG_007,78
ATGAATCATCAGGGGACTCG_008,88
ATGAATCATCAGGGGACTCG_009,115
ATGAATCATCAGGGGACTCG_010,58
ATGAATCATCAGGGGACTCG_011,62
ATGAATCATCAGGGGACTCG_012,177
ATGAATCATCAGGGGACTCG_013,117
ATGAATCATCAGGGGACTCG_014,105
ATGAATCATCAGGGGACTCG_015,141
ATGAATCATCAGGGGACTCG_016,22
ATGAATCATCAGGGGACTCG_017,152
ATGAATCATCAGGGGACTCG_018,156
CCTCGGCGTCCATATAGCAG_001,12
CCTCGGCGTCCATATAGCAG_002,63
CCTCGGCGTCCATATAGCAG_003,48
CCTCGGCGTCCATATAGCAG_004,183
CTGCAGCACACACATGCCGA_001,182
CTGCAGCACACACATGCCGA_002,72
CTGCAGCACACACATGCCGA_003,6
CTGCAGCACACACATGCCGA_004,169
CTGCAGCACACACATGCCGA_005,89
CTGCAGCACACACATGCCGA_006,178
CTGCAGCACACACATGCCGA_007,157
CTGCAGCACACACATGCCGA_008,171
CTGCAGCACACACATGCCGA_009,127
CTGCAGCACACACATGCCGA_010,19
CTGCAGCACACACATGCCGA_011,102
CTGCAGCACACACATGCCGA_012,39
CTGCAGCACACACATGCCGA_013,170
AAGTGGTGATCAGTATCCGG_001,58
AAGTGGTGATCAGTATCCGG_002,31
AAGTGGTGATCAGTATCCGG_003,30
AAGTGGTGATCAGTATCCGG_004,194
AAGTGGTGATCAGTATCCGG_005,169
TCTTCACACAACGTACTGGG_001,53
TCTTCACACAACGTACTGGG_002,187
ATATCAGCGAAACTCATTGG_001,160
ATATCAGCGAAACTCATTGG_002,184
ATATCAGCGAAACTCATTGG_003,132
ATATCAGCGAAACTCATTGG_004,183
CTTACCCCAAAGGGAACACA_001,130
CTTACCCCAAAGGGAACACA_002,45
CTTACCCCAAAGGGAACACA_003,42
CTTACCCCAAAGGGAACACA_004,77
CTTACCCCAAAGGGAACACA_005,184
CTTACCCCAAAGGGAACACA_006,14
AACGTGCCAGTAGATCATGA_001,49
AACGTGCCAGTAGATCATGA_002,11
AACGTGCCAGTAGATCATGA_003,162
AACGTGCCAGTAGATCATGA_004,121
AACGTGCCAGTAGATCATGA_005,101
AACGTGCCAGTAGATCATGA_006,24
AACGTGCCAGTAGATCATGA_007,198
AACGTGCCAGTAGATCATGA_008,199
TTATGGCTGGAACTTCAACA_001,22
TTATGGCTGGAACTTCAACA_002,9
TTATGGCTGGAACTTCAACA_003,103
TTATGGCTGGAACTTCAACA_004,72
TTATGGCTGGAACTTCAACA_005,147
TTATGGCTGGAACTTCAACA_006,80
CTTACTCTTTACCCCTGTCA_001,193
CTTACTCTTTACCCCTGTCA_002,143
CTTACTCTTTACCCCTGTCA_003,18
GCGCCATCACTGGTTCACAG_001,56
GCGCCATCACTGGTTCACAG_002,130
GCGCCATCACTGGTTCACAG_003,88
GCGCCATCACTGGTTCACAG_004,113
GCGCCATCACTGGTTCACAG_005,118
GCGCCATCACTGGTTCACAG_006,124
GCGCCATCACTGGTTCACAG_007,55
GCGCCATCACTGGTTCACAG_008,83
GCGCCATCACTGGTTCACAG_009,192
GCGCCATCACTGGTTCACAG_010,51
GCGCCATCACTGGTTCACAG_011,93
GCGCCATCACTGGTTCACAG_012,175
GCGCCATCACTGGTTCACAG_013,34
GCGCCATCACTGGTTCACAG_014,41
GCGCCATCACTGGTTCACAG_015,19
GCGCCATCACTGGTTCACAG_016,166
GCGCCATCACTGGTTCACAG_017,24
GCGCCATCACTGGTTCACAG_018,162
GCGCCATCACTGGTTCACAG_019,105
GCGCCATCACTGGTTCACAG_020,48
GCGCCATCACTGGTTCACAG_021,188
GCGCCATCACTGGTTCACAG_022,122
GCGCCATCACTGGTTCACAG_023,118
GCGCCATCACTGGTTCACAG_024,115
GCGCCATCACTGGTTCACAG_025,69
GCGCCATCACTGGTTCACAG_026,77
GCGCCATCACTGGTTCACAG_027,15
GCGCCATCACTGGTTCACAG_028,161
GCGCCATCACTGGTTCACAG_029,96
GCGCCATCACTGGTTCACAG_030,0
GCGCCATCACTGGTTCACAG_031,168
GCGCCATCACTGGTTCACAG_032,94
TACCAACCAACAACCATCTC_001,64
TTACCTACCACACGAGTCGC_001,150
TTACCTACCACACGAGTCGC_002,67
TTACCTACCACACGAGTCGC_003,178
TTACCTACCACACGAGTCGC_004,69
TTACCTACCACACGAGTCGC_005,152
TTACCTACCACACGAGTCGC_006,60
TTACCTACCACACGAGTCGC_007,108
TTACCTACCACACGAGTCGC_008,53
TTACCTACCACACGAGTCGC_009,186
AGTTCGCCATAGGTGAAGAT_001,88
AGTTCGCCATAGGTGAAGAT_002,159
AGTTCGCCATAGGTGAAGAT_003,62
AGTTCGCCATAGGTGAAGAT_004,132
AGTTCGCCATAGGTGAAGAT_005,28
AGTTCGCCATAGGTGAAGAT_006,116
AGTTCGCCATAGGTGAAGAT_007,77
AGTTCGCCATAGGTGAAGAT_008,70
AGTTCGCCATAGGTGAAGAT_009,105
AGTTCGCCATAGGTGAAGAT_010,66
AACGTCCATATTGTATGAGA_001,49
AACGTCCATATTGTATGAGA_002,9
AACGTCCATATTGTATGAGA_003,77
AACGTCCATATTGTATGAGA_004,49
AACGTCCATATTGTATGAGA_005,138
CGTAGTTGTCATCGTCCACG_001,140
CGTAGTTGTCATCGTCCACG_002,77
CGTAGTTGTCATCGTCCACG_003,110
GTCCTACCCCAGAGCCGTCG_001,198
GTCCTACCCCAGAGCCGTCG_002,4
GTCCTACCCCAGAGCCGTCG_003,105
GTCCTACCCCAGAGCCGTCG_004,41
GTCCTACCCCAGAGCCGTCG_005,94
GTCCTACCCCAGAGCCGTCG_006,141
GTCCTACCCCAGAGCCGTCG_007,123
GTCCTACCCCAGAGCCGTCG_008,71
GTCCTACCCCAGAGCCGTCG_009,71
GTCCTACCCCAGAGCCGTCG_010,20
GTCCTACCCCAGAGCCGTCG_011,147
GTCCTACCCCAGAGCCGTCG_012,136
GTCCTACCCCAGAGCCGTCG_013,104
GATGGTCATGAGGCCGAAGG_001,84
GATGGTCATGAGGCCGAAGG_002,51
CACCTATGACATTACCTGTG_001,19
TGGGCGAACTGTGCGCACCG_001,145
TGGGCGAACTGTGCGCACCG_002,41
TGGGCGAACTGTGCGCACCG_003,107
TGGGCGAACTGTGCGCACCG_004,84
TGGGCGAACTGTGCGCACCG_005,113
TGGGCGAACTGTGCGCACCG_006,184
TGGGCGAACTGTGCGCACCG_007,129
TGGGCGAACTGTGCGCACCG_008,16
TGGGCGAACTGTGCGCACCG_009,169
TGGGCGAACTGTGCGCACCG_010,54
TGGGCGAACTGTGCGCACCG_011,78
TGGGCGAACTGTGCGCACCG_012,194
AATCATCTTGCATGTCACTG_001,75
AATCATCTTGCATGTCACTG_002,27
AATCATCTTGCATGTCACTG_003,162
AATCATCTTGCATGTCACTG_004,168
AATCATCTTGCATGTCACTG_005,193
AATCATCTTGCATGTCACTG_006,11
AATCATCTTGCATGTCACTG_007,147
AATCATCTTGCATGTCACTG_008,197
AATCATCTTGCATGTCACTG_009,174
AATCATCTTGCATGTCACTG_010,138
CAAGGACACTCACATTTGCA_001,88
CAAGGACACTCACATTTGCA_002,36
CAAGGACACTCACATTTGCA_003,0
CAAGGACACTCACATTTGCA_004,153
CAAGGACACTCACATTTGCA_005,189
GCGGCGGCGAACCCAGAGCG_001,104
GCGGCGGCGAACCCAGAGCG_002,191
GCGGCGGCGAACCCAGAGCG_003,16
GCGGCGGCGAACCCAGAGCG_004,184
GCGGCGGCGAACCCAGAGCG_005,141
GCGGCGGCGAACCCAGAGCG_006,12
GCGGCGGCGAACCCAGAGCG_007,36
GCGGCGGCGAACCCAGAGCG_008,182
GCGGCGGCGAACCCAGAGCG_009,107
GCGGCGGCGAACCCAGAGCG_010,112
GCGGCGGCGAACCCAGAGCG_011,149
GCGGCGGCGAACCCAGAGCG_012,175
GCGGCGGCGAACCCAGAGCG_013,8
GCGGCGGCGAACCCAGAGCG_014,55
GCGGCGGCGAACCCAGAGCG_015,147
GCGGCGGCGAACCCAGAGCG_016,148
GCGGCGGCGAACCCAGAGCG_017,101
GCGGCGGCGAACCCAGAGCG_018,30
GCGGCGGCGAACCCAGAGCG_019,83
GCGGCGGCGAACCCAGAGCG_020,9
GCGGCGGCGAACCCAGAGCG_021,198
GCGGCGGCGAACCCAGAGCG_022,29
GCGGCGGCGAACCCAGAGCG_023,180
GCGGCGGCGAACCCAGAGCG_024,34
GCGGCGGCGAACCCAGAGCG_025,175
GCGGCGGCGAACCCAGAGCG_026,107
TGCGGCTAGACGACACACTG_001,42
TGCGGCTAGACGACACACTG_002,94
TGCGGCTAGACGACACACTG_003,85
TGCGGCTAGACGACACACTG_004,21
TGCGGCTAGACGACACACTG_005,93
TGCGGCTAGACGACACACTG_006,126
TGCGGCTAGACGACACACTG_007,111
TGCGGCTAGACGACACACTG_008,81
TGCGGCTAGACGACACACTG_009,112
GTAGAACCGACCTTTGTCGG_001,111
GTAGAACCGACCTTTGTCGG_002,82
GTAGAACCGACCTTTGTCGG_003,58
GTAGAACCGACCTTTGTCGG_004,33
GTAGAACCGACCTTTGTCGG_005,110
GTAGAACCGACCTTTGTCGG_006,197
GTAGAACCGACCTTTGTCGG_007,184
GTAGAACCGACCTTTGTCGG_008,153
GTAGAACCGACCTTTGTCGG_009,2
GTAGAACCGACCTTTGTCGG_010,177
CCGGCGCCAGGTCTGCGAAG_001,27
CCGGCGCCAGGTCTGCGAAG_002,129
CCGGCGCCAGGTCTGCGAAG_003,48
CCGGCGCCAGGTCTGCGAAG_004,191
CCGGCGCCAGGTCTGCGAAG_005,184
CCGGCGCCAGGTCTGCGAAG_006,179
CCGGCGCCAGGTCTGCGAAG_007,63
CCGGCGCCAGGTCTGCGAAG_008,165
CTCTGGACACGCATAATGGG_001,100
CTCTGGACACGCATAATGGG_002,166
CTCTGGACACGCATAATGGG_003,103
GTCTCCCATGTGCATCGGTG_001,171
GTCTCCCATGTGCATCGGTG_002,122
GTCTCCCATGTGCATCGGTG_003,73
GTCTCCCATGTGCATCGGTG_004,136
GTCTCCCATGTGCATCGGTG_005,188
GTCTCCCATGTGCATCGGTG_006,149
CTATCATAAGAATGTGAACG_001,165
CTATCATAAGAATGTGAACG_002,165
TGAGGACTACCATCTGACCG_001,160
TGAGGACTACCATCTGACCG_002,80
TGAGGACTACCATCTGACCG_003,115
TGAGGACTACCATCTGACCG_004,2
TGAGGACTACCATCTGACCG_005,162
TGAGGACTACCATCTGACCG_006,19
TGAGGACTACCATCTGACCG_007,118
TGAGGACTACCATCTGACCG_008,16
TGAGGACTACCATCTGACCG_009,145
TGAGGACTACCATCTGACCG_010,180
ACAGTCCAATTGTTGAGAGA_001,182
ACAGTCCAATTGTTGAGAGA_002,76
ACAGTCCAATTGTTGAGAGA_003,6
AAGCTTGGGAAGTACCAGGC_001,94
AAGCTTGGGAAGTACCAGGC_002,50
AAGCTTGGGAAGTACCAGGC_003,150
AAGCTTGGGAAGTACCAGGC_004,160
AAGCTTGGGAAGTACCAGGC_005,53
AAGCTTGGGAAGTACCAGGC_006,105
AAGCTTGGGAAGTACCAGGC_007,76
AAGCTTGGGAAGTACCAGGC_008,111
AAGCTTGGGAAGTACCAGGC_009,127
AAGCTTGGGAAGTACCAGGC_010,76
AAGCTTGGGAAGTACCAGGC_011,9
AAGCTTGGGAAGTACCAGGC_012,58
AAGCTTGGGAAGTACCAGGC_013,56
AAGCTTGGGAAGTACCAGGC_014,34
AAGCTTGGGAAGTACCAGGC_015,154
AAGCTTGGGAAGTACCAGGC_016,145
AAGCTTGGGAAGTACCAGGC_017,176
AAGCTTGGGAAGTACCAGGC_018,199
AAGCTTGGGAAGTACCAGGC_019,156
AGTTCGAAGACTCCGGCAGT_001,62
AGTTCGAAGACTCCGGCAGT_002,115
AGTTCGAAGACTCCGGCAGT_003,145
AGTTCGAAGACTCCGGCAGT_004,13
AGTTCGAAGACTCCGGCAGT_005,27
AGTTCGAAGACTCCGGCAGT_006,104
TCATTAATAAGACAAACTAC_001,116
TCATTAATAAGACAAACTAC_002,169
TGTAGTCGATGACGCGCTGT_001,23
TGTAGTCGATGACGCGCTGT_002,194
TGTAGTCGATGACGCGCTGT_003,155
TGTAGTCGATGACGCGCTGT_004,104
TGTAGTCGATGACGCGCTGT_005,68
TGTAGTCGATGACGCGCTGT_006,139
TGTAGTCGATGACGCGCTGT_007,142
AAAGTATCTTGACTATCACA_001,172
AAAGTATCTTGACTATCACA_002,88
AAAGTATCTTGACTATCACA_003,176
AAAGTATCTTGACTATCACA_004,23
AAAGTATCTTGACTATCACA_005,116
AAAGTATCTTGACTATCACA_006,149
AAAGTATCTTGACTATCACA_007,168
AAAGTATCTTGACTATCACA_008,145
GTGGACGCAATGAATAAGCA_001,40
GTGGACGCAATGAATAAGCA_002,119
GTGGACGCAATGAATAAGCA_003,102
GTGGACGCAATGAATAAGCA_004,192
GTGGACGCAATGAATAAGCA_005,35
TCTGGTACCACGGGTCTACG_001,65
TCTGGTACCACGGGTCTACG_002,19
TCTGGTACCACGGGTCTACG_003,6
GCTGGAAGGATTCTTGTCTG_001,147
CCTTGTCCTCGTCTGCACCA_001,43
CCTTGTCCTCGTCTGCACCA_002,49
CCTTGTCCTCGTCTGCACCA_003,121
CCTTGTCCTCGTCTGCACCA_004,166
CCTTGTCCTCGTCTGCACCA_005,49
CCTTGTCCTCGTCTGCACCA_006,80
CCTTGTCCTCGTCTGCACCA_007,36
CCTTGTCCTCGTCTGCACCA_008,161
CCTTGTCCTCGTCTGCACCA_009,114
CCTTGTCCTCGTCTGCACCA_010,114
CCTTGTCCTCGTCTGCACCA_011,169
CCTTGTCCTCGTCTGCACCA_012,150
CCTTGTCCTCGTCTGCACCA_013,149
CCTTGTCCTCGTCTGCACCA_014,157
CCTTGTCCTCGTCTGCACCA_015,156
CCTTGTCCTCGTCTGCACCA_016,47
CCTTGTCCTCGTCTGCACCA_017,16
CCTTGTCCTCGTCTGCACCA_018,188
CATGCGGCGGGAACACAACG_001,162
CTGTTACTATAACACCTACC_001,28
ACACGCTCAGAAACAAGTAG_001,106
ACACGCTCAGAAACAAGTAG_002,138
ACACGCTCAGAAACAAGTAG_003,68
ACACGCTCAGAAACAAGTAG_004,60
ACACGCTCAGAAACAAGTAG_005,139
ACACGCTCAGAAACAAGTAG_006,37
ACACGCTCAGAAACAAGTAG_007,29
ACACGCTCAGAAACAAGTAG_008,143
ACACGCTCAGAAACAAGTAG_009,143
ACACGCTCAGAAACAAGTAG_010,24
ACACGCTCAGAAACAAGTAG_011,81
ACACGCTCAGAAACAAGTAG_012,188
ACACGCTCAGAAACAAGTAG_013,183
ACACGCTCAGAAACAAGTAG_014,78
ACACGCTCAGAAACAAGTAG_015,110
ACACGCTCAGAAACAAGTAG_016,40
CGCCTGCCCAAAGAAACCCC_001,92
CGCCTGCCCAAAGAAACCCC_002,145
TTCCTGTGGACCGAATGGCT_001,127
TTCCTGTGGACCGAATGGCT_002,141
TTCCTGTGGACCGAATGGCT_003,121
TTCCTGTGGACCGAATGGCT_004,130
TTCCTGTGGACCGAATGGCT_005,123
TTCCTGTGGACCGAATGGCT_006,158
TTCCTGTGGACCGAATGGCT_007,160
TTCCTGTGGACCGAATGGCT_008,102
TTCCTGTGGACCGAATGGCT_009,51
TTCCTGTGGACCGAATGGCT_010,101
TTCCTGTGGACCGAATGGCT_011,5
TTCCTGTGGACCGAATGGCT_012,2
TTCCTGTGGACCGAATGGCT_013,72
TTCCTGTGGACCGAATGGCT_014,82
TTCCTGTGGACCGAATGGCT_015,62
TTCCTGTGGACCGAATGGCT_016,112
TTCCTGTGGACCGAATGGCT_017,77
TTCCTGTGGACCGAATGGCT_018,170
TTCCTGTGGACCGAATGGCT_019,8
TTCCTGTGGACCGAATGGCT_020,88
TTCCTGTGGACCGAATGGCT_021,76
TTCCTGTGGACCGAATGGCT_022,28
TTCCTGTGGACCGAATGGCT_023,145
TTCCTGTGGACCGAATGGCT_024,1
TTCCTGTGGACCGAATGGCT_025,175
TTCCTGTGGACCGAATGGCT_026,1
AAGCCCAGGAACGCTCGAAG_001,106
AAGCCCAGGAACGCTCGAAG_002,104
AAGCCCAGGAACGCTCGAAG_003,82
AAGCCCAGGAACGCTCGAAG_004,43
AAGCCCAGGAACGCTCGAAG_005,8
AAGCCCAGGAACGCTCGAAG_006,32
AAGCCCAGGAACGCTCGAAG_007,139
AAGCCCAGGAACGCTCGAAG_008,80
AAGCCCAGGAACGCTCGAAG_009,6
AAGCCCAGGAACGCTCGAAG_010,158
AAGCCCAGGAACGCTCGAAG_011,148
AAGCCCAGGAACGCTCGAAG_012,77
AAGCCCAGGAACGCTCGAAG_013,128
AAGCCCAGGAACGCTCGAAG_014,45
AAGCCCAGGAACGCTCGAAG_015,152
AAGCCCAGGAACGCTCGAAG_016,80
AAGCCCAGGAACGCTCGAAG_017,94
AAGCCCAGGAACGCTCGAAG_018,77
AAGCCCAGGAACGCTCGAAG_019,141
AAGCCCAGGAACGCTCGAAG_020,67
AAGCCCAGGAACGCTCGAAG_021,138
AAGCCCAGGAACGCTCGAAG_022,41
AAGCCCAGGAACGCTCGAAG_023,97
AAGCCCAGGAACGCTCGAAG_024,5
AAGCCCAGGAACGCTCGAAG_025,137
AAGCCCAGGAACGCTCGAAG_026,29
AAGCCCAGGAACGCTCGAAG_027,157
AAGCCCAGGAACGCTCGAAG_028,28
AAGCCCAGGAACGCTCGAAG_029,18
AAGCCCAGGAACGCTCGAAG_030,18
AAGCCCAGGAACGCTCGAAG_031,169
GGAGCACTTGAAATGCTCTG_001,83
GGAGCACTTGAAATGCTCTG_002,198
GGAGCACTTGAAATGCTCTG_003,60
GGAGCACTTGAAATGCTCTG_004,30
GGAGCACTTGAAATGCTCTG_005,32
GGAGCACTTGAAATGCTCTG_006,53
AGGGGTGAATGGCATATCAG_001,57
AGGGGTGAATGGCATATCAG_002,168
AGGGGTGAATGGCATATCAG_003,47
AGGGGTGAATGGCATATCAG_004,5
AGGGGTGAATGGCATATCAG_005,89
AGGGGTGAATGGCATATCAG_006,39
CCATCCCTGGAACAGAACCG_001,105
CCATCCCTGGAACAGAACCG_002,98
CCATCCCTGGAACAGAACCG_003,0
CCATCCCTGGAACAGAACCG_004,112
CCATCCCTGGAACAGAACCG_005,82
CCATCCCTGGAACAGAACCG_006,147
CCATCCCTGGAACAGAACCG_007,198
CCATCCCTGGAACAGAACCG_008,40
CCATCCCTGGAACAGAACCG_009,40
CCATCCCTGGAACAGAACCG_010,31
CCATCCCTGGAACAGAACCG_011,122
CCATCCCTGGAACAGAACCG_012,65
CCATCCCTGGAACAGAACCG_013,197
CCATCCCTGGAACAGAACCG_014,61
CCATCCCTGGAACAGAACCG_015,56
CCATCCCTGGAACAGAACCG_016,14
TCGGAATGCAGTCTAACCAA_001,70
CAACACCCCGCGTTATGCTA_001,188
CAACACCCCGCGTTATGCTA_002,184
CAACACCCCGCGTTATGCTA_003,61
CAACACCCCGCGTTATGCTA_004,72
CAACACCCCGCGTTATGCTA_005,124
CAACACCCCGCGTTATGCTA_006,81
CAACACCCCGCGTTATGCTA_007,103
CAACACCCCGCGTTATGCTA_008,36
CAACACCCCGCGTTATGCTA_009,194
CAACACCCCGCGTTATGCTA_010,30
CAACACCCCGCGTTATGCTA_011,128
CAACACCCCGCGTTATGCTA_012,182
CAACACCCCGCGTTATGCTA_013,15
CAACACCCCGCGTTATGCTA_014,125
CAACACCCCGCGTTATGCTA_015,49
CAACACCCCGCGTTATGCTA_016,119
CAACACCCCGCGTTATGCTA_017,119
CAACACCCCGCGTTATGCTA_018,141
CAACACCCCGCGTTATGCTA_019,160
CAACACCCCGCGTTATGCTA_020,157
CAACACCCCGCGTTATGCTA_021,56
CAACACCCCGCGTTATGCTA_022,177
CAACACCCCGCGTTATGCTA_023,102
CCAAGGTGTCAACGACAATG_001,130
CCAAGGTGTCAACGACAATG_002,83
CCAAGGTGTCAACGACAATG_003,76
CCAAGGTGTCAACGACAATG_004,141
GATTGGCCGAGGGATGAGTG_001,150
GATTGGCCGAGGGATGAGTG_002,141
GATTGGCCGAGGGATGAGTG_003,115
GATTGGCCGAGGGATGAGTG_004,38
GATTGGCCGAGGGATGAGTG_005,130
GATTGGCCGAGGGATGAGTG_006,192
GATTGGCCGAGGGATGAGTG_007,117
GATTGGCCGAGGGATGAGTG_008,184
GAAGGCTGTCGAGATTTACG_001,102
GAAGGCTGTCGAGATTTACG_002,82
GAAGGCTGTCGAGATTTACG_003,162
GAAGGCTGTCGAGATTTACG_004,62
GAAGGCTGTCGAGATTTACG_005,157
GAAGGCTGTCGAGATTTACG_006,170
ATTGTGTAACAGTCAACATG_001,94
ATTGTGTAACAGTCAACATG_002,48
ATTGTGTAACAGTCAACATG_003,188
ATTGTGTAACAGTCAACATG_004,149
ATTGTGTAACAGTCAACATG_005,8
ATTGTGTAACAGTCAACATG_006,184
ATTGTGTAACAGTCAACATG_007,187
ATTGTGTAACAGTCAACATG_008,63
ATTGTGTAACAGTCAACATG_009,49
ATTGTGTAACAGTCAACATG_010,38
CCTGGTCATAACCATCATGG_001,55
CCTGGTCATAACCATCATGG_002,148
TTCAGGCCGATGCCTGACGG_001,69
TTCAGGCCGATGCCTGACGG_002,169
TTCAGGCCGATGCCTGACGG_003,42
TTCAGGCCGATGCCTGACGG_004,42
TTCAGGCCGATGCCTGACGG_005,188
TTCAGGCCGATGCCTGACGG_006,1
TTCAGGCCGATGCCTGACGG_007,160
TTCAGGCCGATGCCTGACGG_008,151
TTCAGGCCGATGCCTGACGG_009,70
TGGCGAACAGATTCTCGCCG_001,27
TGGCGAACAGATTCTCGCCG_002,40
TGGCGAACAGATTCTCGCCG_003,163
GGCCGTGACGGTCATCACGT_001,70
GGCCGTGACGGTCATCACGT_002,62
GGCCGTGACGGTCATCACGT_003,166
GGCCGTGACGGTCATCACGT_004,63
GGCCGTGACGGTCATCACGT_005,164
ACTGTAGGGCCAATAGCCAG_001,160
ACTGTAGGGCCAATAGCCAG_002,53
ACTGTAGGGCCAATAGCCAG_003,160
ACTGTAGGGCCAATAGCCAG_004,62
ACTGTAGGGCCAATAGCCAG_005,22
ACTGTAGGGCCAATAGCCAG_006,53
ACTGTAGGGCCAATAGCCAG_007,12
ACTGTAGGGCCAATAGCCAG_008,141
ACTGTAGGGCCAATAGCCAG_009,170
ACTGTAGGGCCAATAGCCAG_010,67
ACTGTAGGGCCAATAGCCAG_011,187
ACTGTAGGGCCAATAGCCAG_012,53
ACTGTAGGGCCAATAGCCAG_013,31
ACTGTAGGGCCAATAGCCAG_014,88
ACTGTAGGGCCAATAGCCAG_015,17
ACTGTAGGGCCAATAGCCAG_016,23
ACTGTAGGGCCAATAGCCAG_017,160
ACTGTAGGGCCAATAGCCAG_018,0
ACTGTAGGGCCAATAGCCAG_019,33
ACTGTAGGGCCAATAGCCAG_020,84
ACTGTAGGGCCAATAGCCAG_021,156
ACTGTAGGGCCAATAGCCAG_022,58
ACTGTAGGGCCAATAGCCAG_023,9
ACTGTAGGGCCAATAGCCAG_024,38
ACTGTAGGGCCAATAGCCAG_025,98
ACTGTAGGGCCAATAGCCAG_026,58
ACTGTAGGGCCAATAGCCAG_027,51
ACTGTAGGGCCAATAGCCAG_028,151
ACTGTAGGGCCAATAGCCAG_029,149
ACTGTAGGGCCAATAGCCAG_030,154
TCGGCCGCATGGACCAAGGT_001,130
TCGGCCGCATGGACCAAGGT_002,164
TCGGCCGCATGGACCAAGGT_003,164
GCGTGATGAATGAGTGTGAA_001,162
GCGTGATGAATGAGTGTGAA_002,150
GCGTGATGAATGAGTGTGAA_003,149
GCGTGATGAATGAGTGTGAA_004,148
GCGTGATGAATGAGTGTGAA_005,9
GCGTGATGAATGAGTGTGAA_006,50
GCGTGATGAATGAGTGTGAA_007,44
GCGTGATGAATGAGTGTGAA_008,185
GCGTGATGAATGAGTGTGAA_009,127
GCGTGATGAATGAGTGTGAA_010,134
GCGTGATGAATGAGTGTGAA_011,148
GCGTGATGAATGAGTGTGAA_012,198
GCGTGATGAATGAGTGTGAA_013,52
GCGTGATGAATGAGTGTGAA_014,42
GCGTGATGAATGAGTGTGAA_015,55
GCGTGATGAATGAGTGTGAA_016,147
GCGTGATGAATGAGTGTGAA_017,49
GCGTGATGAATGAGTGTGAA_018,191
CCTTTGGTGATGTAAAGAGG_001,115
CCTTTGGTGATGTAAAGAGG_002,93
GTTCTTCCTTTAGACTCCCG_001,168
CACTCGTAGGTCCATGTCGG_001,196
CACTCGTAGGTCCATGTCGG_002,88
CACTCGTAGGTCCATGTCGG_003,183
ACAGTGCGCTGGCAGTCAAG_001,184
ACAGTGCGCTGGCAGTCAAG_002,50
ACAGTGCGCTGGCAGTCAAG_003,144
ACAGTGCGCTGGCAGTCAAG_004,83
ACAGTGCGCTGGCAGTCAAG_005,37
GCAGCTAGGCTCTGATACAA_001,117
GCAGCTAGGCTCTGATACAA_002,108
GCAGCTAGGCTCTGATACAA_003,2
GCAGCTAGGCTCTGATACAA_004,110
GCAGCTAGGCTCTGATACAA_005,147
GCAGCTAGGCTCTGATACAA_006,15
GCAGCTAGGCTCTGATACAA_007,64
GCAGCTAGGCTCTGATACAA_008,21
GCAGCTAGGCTCTGATACAA_009,103
GCAGCTAGGCTCTGATACAA_010,18
GCAGCTAGGCTCTGATACAA_011,149
GCAGCTAGGCTCTGATACAA_012,41
GCAGCTAGGCTCTGATACAA_013,133
GCAGCTAGGCTCTGATACAA_014,175
GCAGCTAGGCTCTGATACAA_015,160
GCAGCTAGGCTCTGATACAA_016,126
GGATATTGAGTAAACCCGAT_001,163
GGATATTGAGTAAACCCGAT_002,147
GGATATTGAGTAAACCCGAT_003,97
GGATATTGAGTAAACCCGAT_004,149
GGATATTGAGTAAACCCGAT_005,62
GGATATTGAGTAAACCCGAT_006,42
GGATATTGAGTAAACCCGAT_007,1
GGATATTGAGTAAACCCGAT_008,72
GCATAGCATTGGTAACACAC_001,154
GCATAGCATTGGTAACACAC_002,84
GCATAGCATTGGTAACACAC_003,77
GCATAGCATTGGTAACACAC_004,174
GCATAGCATTGGTAACACAC_005,150
GCATAGCATTGGTAACACAC_006,103
GCATAGCATTGGTAACACAC_007,144
GCATAGCATTGGTAACACAC_008,35
AGGGGGCCACAGTATGCCAA_001,36
AGGGGGCCACAGTATGCCAA_002,17
AGGGGGCCACAGTATGCCAA_003,105
AGGGGGCCACAGTATGCCAA_004,172
AGGGGGCCACAGTATGCCAA_005,17
AGGGGGCCACAGTATGCCAA_006,24
AGGGGGCCACAGTATGCCAA_007,148
AGGGGGCCACAGTATGCCAA_008,47
AGGGGGCCACAGTATGCCAA_009,47
AGGGGGCCACAGTATGCCAA_010,108
AGGGGGCCACAGTATGCCAA_011,80
AGGGGGCCACAGTATGCCAA_012,108
AGGGGGCCACAGTATGCCAA_013,156
AGGGGGCCACAGTATGCCAA_014,189
AGGGGGCCACAGTATGCCAA_015,59
AGGGGGCCACAGTATGCCAA_016,1
AGGGGGCCACAGTATGCCAA_017,88
AGGGGGCCACAGTATGCCAA_018,18
AGGGGGCCACAGTATGCCAA_019,33
AGGGGGCCACAGTATGCCAA_020,77
AGGGGGCCACAGTATGCCAA_021,116
AGGGGGCCACAGTATGCCAA_022,188
AGGGGGCCACAGTATGCCAA_023,19
AGGGGGCCACAGTATGCCAA_024,81
AGGGGGCCACAGTATGCCAA_025,172
AGGGGGCCACAGTATGCCAA_026,96
AGGGGGCCACAGTATGCCAA_027,56
AGGGGGCCACAGTATGCCAA_028,48
CGCACGCGCATACGCCGTAG_001,117
CGCACGCGCATACGCCGTAG_002,73
CGCACGCGCATACGCCGTAG_003,103
CGCACGCGCATACGCCGTAG_004,157
CGCACGCGCATACGCCGTAG_005,84
CGCACGCGCATACGCCGTAG_006,82
GGCCGTGGATCCAGTTGTCG_001,157
GGCCGTGGATCCAGTTGTCG_002,53
GGCCGTGGATCCAGTTGTCG_003,68
GGCCGTGGATCCAGTTGTCG_004,87
GGCCGTGGATCCAGTTGTCG_005,11
GGCCGTGGATCCAGTTGTCG_006,19
CTCACCCTTTAACTCATCAG_001,181
CTCACCCTTTAACTCATCAG_002,198
CTCACCCTTTAACTCATCAG_003,100
CTCACCCTTTAACTCATCAG_004,2
CTCACCCTTTAACTCATCAG_005,94
CTCACCCTTTAACTCATCAG_006,131
CTCACCCTTTAACTCATCAG_007,184
TAAGACAAAGACATTCCCAG_001,9
TAAGACAAAGACATTCCCAG_002,32
TAAGACAAAGACATTCCCAG_003,162
TAAGACAAAGACATTCCCAG_004,116
TAAGACAAAGACATTCCCAG_005,169
TAAGACAAAGACATTCCCAG_006,168
TAAGACAAAGACATTCCCAG_007,15
TAAGACAAAGACATTCCCAG_008,122
TAAGACAAAGACATTCCCAG_009,116
TAAGACAAAGACATTCCCAG_010,88
TAAGACAAAGACATTCCCAG_011,91
TAAGACAAAGACATTCCCAG_012,60
TAAGACAAAGACATTCCCAG_013,2
TAAGACAAAGACATTCCCAG_014,4
TCAGCTAGCTCAGTTCAAGG_001,188
TCAGCTAGCTCAGTTCAAGG_002,168
TCAGCTAGCTCAGTTCAAGG_003,134
TCAGCTAGCTCAGTTCAAGG_004,111
AGAGCGAGGCCACGCACCAG_001,2
AGAGCGAGGCCACGCACCAG_002,115
AGAGCGAGGCCACGCACCAG_003,37
AGAGCGAGGCCACGCACCAG_004,102
AGAGCGAGGCCACGCACCAG_005,8
AGAGCGAGGCCACGCACCAG_006,127
AGAGCGAGGCCACGCACCAG_007,5
AGAGCGAGGCCACGCACCAG_008,116
AGAGCGAGGCCACGCACCAG_009,149
AGAGCGAGGCCACGCACCAG_010,77
AGAGCGAGGCCACGCACCAG_011,144
AGAGCGAGGCCACGCACCAG_012,129
AGAGCGAGGCCACGCACCAG_013,154
AGAGCGAGGCCACGCACCAG_014,32
AGAGCGAGGCCACGCACCAG_015,188
AGAGCGAGGCCACGCACCAG_016,188
AGAGCGAGGCCACGCACCAG_017,1
AGAGCGAGGCCACGCACCAG_018,147
AGAGCGAGGCCACGCACCAG_019,147
AGAGCGAGGCCACGCACCAG_020,198
AGAGCGAGGCCACGCACCAG_021,35
AGAGCGAGGCCACGCACCAG_022,140
AGAGCGAGGCCACGCACCAG_023,183
AGAGCGAGGCCACGCACCAG_024,186
AGAGCGAGGCCACGCACCAG_025,139
AGAGCGAGGCCACGCACCAG_026,113
AGAGCGAGGCCACGCACCAG_027,160
AGAGCGAGGCCACGCACCAG_028,184
AGAGCGAGGCCACGCACCAG_029,90
AGAGCGAGGCCACGCACCAG_030,149
AGAGCGAGGCCACGCACCAG_031,144
AGAGCGAGGCCACGCACCAG_032,57
AGAGCGAGGCCACGCACCAG_033,34
AGAGCGAGGCCACGCACCAG_034,144
AGAGCGAGGCCACGCACCAG_035,108
AACAGAATCCATGCTAACGT_001,38
AACAGAATCCATGCTAACGT_002,68
AACAGAATCCATGCTAACGT_003,111
AACAGAATCCATGCTAACGT_004,150
AACAGAATCCATGCTAACGT_005,112
AACAGAATCCATGCTAACGT_006,169
AACAGAATCCATGCTAACGT_007,32
AACAGAATCCATGCTAACGT_008,80
AACAGAATCCATGCTAACGT_009,172
AACAGAATCCATGCTAACGT_010,43
AACAGAATCCATGCTAACGT_011,185
CGGCAGATGTAGTGTCATCG_001,194
CGGCAGATGTAGTGTCATCG_002,14
CGGCAGATGTAGTGTCATCG_003,127
CGGCAGATGTAGTGTCATCG_004,48
TGTTAGCAACTATAAGTACA_001,11
TGTTAGCAACTATAAGTACA_002,10
AAAGGCAAACCGCTTCCGAG_001,191
AAAGGCAAACCGCTTCCGAG_002,12
AAAGGCAAACCGCTTCCGAG_003,108
AAAGGCAAACCGCTTCCGAG_004,148
AAAGGCAAACCGCTTCCGAG_005,182
AAAGGCAAACCGCTTCCGAG_006,167
AAAGGCAAACCGCTTCCGAG_007,56
AAAGGCAAACCGCTTCCGAG_008,94
AAAGGCAAACCGCTTCCGAG_009,190
AAAGGCAAACCGCTTCCGAG_010,198
AAAGGCAAACCGCTTCCGAG_011,36
AAAGGCAAACCGCTTCCGAG_012,36
AAAGGCAAACCGCTTCCGAG_013,74
AAAGGCAAACCGCTTCCGAG_014,125
AAAGGCAAACCGCTTCCGAG_015,46
AAAGGCAAACCGCTTCCGAG_016,141
AAAGGCAAACCGCTTCCGAG_017,96
AAAGGCAAACCGCTTCCGAG_018,182
AAAGGCAAACCGCTTCCGAG_019,174
AAAGGCAAACCGCTTCCGAG_020,0
AAAGGCAAACCGCTTCCGAG_021,116
AAAGGCAAACCGCTTCCGAG_022,86
AAAGGCAAACCGCTTCCGAG_023,1
AAAGGCAAACCGCTTCCGAG_024,142
AAAGGCAAACCGCTTCCGAG_025,158
AAAGGCAAACCGCTTCCGAG_026,170
AAAGGCAAACCGCTTCCGAG_027,34
AAAGGCAAACCGCTTCCGAG_028,2
AAAGGCAAACCGCTTCCGAG_029,191
AAAGGCAAACCGCTTCCGAG_030,124
AAAGGCAAACCGCTTCCGAG_031,147
AAAGGCAAACCGCTTCCGAG_032,91
AAAGGCAAACCGCTTCCGAG_033,156
AAAGGCAAACCGCTTCCGAG_034,106
AAAGGCAAACCGCTTCCGAG_035,77
AAAGGCAAACCGCTTCCGAG_036,88
AAAGGCAAACCGCTTCCGAG_037,138
AAAGGCAAACCGCTTCCGAG_038,184
AAAGGCAAACCGCTTCCGAG_039,168
AAAGGCAAACCGCTTCCGAG_040,162
AAAGGCAAACCGCTTCCGAG_041,170
AAAGGCAAACCGCTTCCGAG_042,184
AAAGGCAAACCGCTTCCGAG_043,48
AAAGGCAAACCGCTTCCGAG_044,123
TGGCCAGGTTTGTGGAACAG_001,118
TGGCCAGGTTTGTGGAACAG_002,41
TGGCCAGGTTTGTGGAACAG_003,102
TGGCCAGGTTTGTGGAACAG_004,37
TGGCCAGGTTTGTGGAACAG_005,121
ATTAACATAGGTAAACTCAA_001,118
ATTAACATAGGTAAACTCAA_002,14
ATTAACATAGGTAAACTCAA_003,60
ATTAACATAGGTAAACTCAA_004,7
ACAGATCTGAGCAATATACC_001,88
ACAGATCTGAGCAATATACC_002,176
ACAGATCTGAGCAATATACC_003,70
ACAGATCTGAGCAATATACC_004,24
GCAAACATTCCATAGGCGAT_001,19
GCAAACATTCCATAGGCGAT_002,62
GCAAACATTCCATAGGCGAT_003,131
GGAAGAACAGGTTACTCGCG_001,61
GGAAGAACAGGTTACTCGCG_002,60
GGAAGAACAGGTTACTCGCG_003,197
GGAAGAACAGGTTACTCGCG_004,147
GGAAGAACAGGTTACTCGCG_005,179
GGCCGAGCCCACTCAATGAA_001,98
GGCCGAGCCCACTCAATGAA_002,98
GGCCGAGCCCACTCAATGAA_003,199
GGCCGAGCCCACTCAATGAA_004,77
GGCCGAGCCCACTCAATGAA_005,44
GGCCGAGCCCACTCAATGAA_006,45
GGCCGAGCCCACTCAATGAA_007,93
GGCCGAGCCCACTCAATGAA_008,123
GGCCGAGCCCACTCAATGAA_009,82
GGCCGAGCCCACTCAATGAA_010,88
GGCCGAGCCCACTCAATGAA_011,119
GGCCGAGCCCACTCAATGAA_012,60
GGCCGAGCCCACTCAATGAA_013,194
GGCCGAGCCCACTCAATGAA_014,144
GGCCGAGCCCACTCAATGAA_015,137
GGCCGAGCCCACTCAATGAA_016,180
TGTACCTGTTGAACATTGAG_001,50
TGTACCTGTTGAACATTGAG_002,144
TGTACCTGTTGAACATTGAG_003,171
TGTACCTGTTGAACATTGAG_004,11
TGTACCTGTTGAACATTGAG_005,189
TGTACCTGTTGAACATTGAG_006,127
GGTCGGGCCCATACAGCCAG_001,38
GGTCGGGCCCATACAGCCAG_002,78
GGTCGGGCCCATACAGCCAG_003,119
GGTCGGGCCCATACAGCCAG_004,58
GGTCGGGCCCATACAGCCAG_005,149
GGTCGGGCCCATACAGCCAG_006,137
GGTCGGGCCCATACAGCCAG_007,127
GGTCGGGCCCATACAGCCAG_008,116
GGTCGGGCCCATACAGCCAG_009,117
GGTCGGGCCCATACAGCCAG_010,80
GGTCGGGCCCATACAGCCAG_011,34
GGTCGGGCCCATACAGCCAG_012,187
GGTCGGGCCCATACAGCCAG_013,110
GGTCGGGCCCATACAGCCAG_014,188
GGTCGGGCCCATACAGCCAG_015,76
GGTCGGGCCCATACAGCCAG_016,55
GGTCGGGCCCATACAGCCAG_017,150
GGTCGGGCCCATACAGCCAG_018,116
GGTCGGGCCCATACAGCCAG_019,169
GGTCGGGCCCATACAGCCAG_020,63
GGTCGGGCCCATACAGCCAG_021,126
GGTCTGCTTGAGGACACCGG_001,50
GGTCTGCTTGAGGACACCGG_002,64
GGTCTGCTTGAGGACACCGG_003,177
GGTCTGCTTGAGGACACCGG_004,80
GGTCTGCTTGAGGACACCGG_005,11
GGTCTGCTTGAGGACACCGG_006,151
GGTCTGCTTGAGGACACCGG_007,166
GGTCTGCTTGAGGACACCGG_008,1
GGTCTGCTTGAGGACACCGG_009,88
GGTCTGCTTGAGGACACCGG_010,121
GGTCTGCTTGAGGACACCGG_011,138
GGTCTGCTTGAGGACACCGG_012,161
GGTCTGCTTGAGGACACCGG_013,167
GGTCTGCTTGAGGACACCGG_014,2
GGTCTGCTTGAGGACACCGG_015,169
GGTCTGCTTGAGGACACCGG_016,107
GGTCTGCTTGAGGACACCGG_017,28
GGTCTGCTTGAGGACACCGG_018,46
GGTCTGCTTGAGGACACCGG_019,70
GGTCTGCTTGAGGACACCGG_020,90
GGTCTGCTTGAGGACACCGG_021,180
GGTCTGCTTGAGGACACCGG_022,49
GGTCTGCTTGAGGACACCGG_023,48
GGTCTGCTTGAGGACACCGG_024,118
GGTCTGCTTGAGGACACCGG_025,152
GGTCTGCTTGAGGACACCGG_026,198
GGTCTGCTTGAGGACACCGG_027,61
GGTCTGCTTGAGGACACCGG_028,139
GCGGCTCAAAAGTAATTCGG_001,155
GCGGCTCAAAAGTAATTCGG_002,52
GCGGCTCAAAAGTAATTCGG_003,168
GCGGCTCAAAAGTAATTCGG_004,61
GCGGCTCAAAAGTAATTCGG_005,119
GCGGCTCAAAAGTAATTCGG_006,83
GCGGCTCAAAAGTAATTCGG_007,166
GCGGCTCAAAAGTAATTCGG_008,86
GCGGCTCAAAAGTAATTCGG_009,169
GCGGCTCAAAAGTAATTCGG_010,9
GCGGCTCAAAAGTAATTCGG_011,102
GCGGCTCAAAAGTAATTCGG_012,104
GCGGCTCAAAAGTAATTCGG_013,23
TGACACTTACAAGATGGACA_001,99
TGACACTTACAAGATGGACA_002,16
TGACACTTACAAGATGGACA_003,174
TGACACTTACAAGATGGACA_004,155
TGACACTTACAAGATGGACA_005,70
TGACACTTACAAGATGGACA_006,8
TGACACTTACAAGATGGACA_007,90
TGACACTTACAAGATGGACA_008,106
TGACACTTACAAGATGGACA_009,53
CAGTGCTTGCAGACACTGCA_001,41
CAGTGCTTGCAGACACTGCA_002,2
CAGTGCTTGCAGACACTGCA_003,98
CAGTGCTTGCAGACACTGCA_004,63
GCTTACCCCATTCTGTACAG_001,190
GCTTACCCCATTCTGTACAG_002,176
GCTTACCCCATTCTGTACAG_003,162
GCTTACCCCATTCTGTACAG_004,14
GCTTACCCCATTCTGTACAG_005,49
GCTTACCCCATTCTGTACAG_006,172
GCTTACCCCATTCTGTACAG_007,60
GCTTACCCCATTCTGTACAG_008,196
GCTTACCCCATTCTGTACAG_009,92
GGAGAGACCAATGTATGTCG_001,18
GGAGAGACCAATGTATGTCG_002,129
ACGCCACCCCCACTCTACGT_001,108
ACGCCACCCCCACTCTACGT_002,12
ACGCCACCCCCACTCTACGT_003,185
ACGCCACCCCCACTCTACGT_004,8
ACGCCACCCCCACTCTACGT_005,103
ACGCCACCCCCACTCTACGT_006,92
ACGCCACCCCCACTCTACGT_007,148
ACGCCACCCCCACTCTACGT_008,108
ACGCCACCCCCACTCTACGT_009,92
ACGCCACCCCCACTCTACGT_010,156
ACGCCACCCCCACTCTACGT_011,72
ACGCCACCCCCACTCTACGT_012,191
ACGCCACCCCCACTCTACGT_013,71
ACGCCACCCCCACTCTACGT_014,48
ACGCCACCCCCACTCTACGT_015,177
ACGCCACCCCCACTCTACGT_016,121
ACGCCACCCCCACTCTACGT_017,15
ACGCCACCCCCACTCTACGT_018,113
ACGCCACCCCCACTCTACGT_019,124
ACGCCACCCCCACTCTACGT_020,66
ACGCCACCCCCACTCTACGT_021,181
ACGCCACCCCCACTCTACGT_022,54
ACGCCACCCCCACTCTACGT_023,24
ACGCCACCCCCACTCTACGT_024,154
ACGCCACCCCCACTCTACGT_025,29
ACGCCACCCCCACTCTACGT_026,169
ACGCCACCCCCACTCTACGT_027,49
ACGCCACCCCCACTCTACGT_028,10
ACGCCACCCCCACTCTACGT_029,33
ACGCCACCCCCACTCTACGT_030,188
ACGCCACCCCCACTCTACGT_031,37
ACGCCACCCCCACTCTACGT_032,182
ACGCCACCCCCACTCTACGT_033,39
ACGCCACCCCCACTCTACGT_034,121
ACGCCACCCCCACTCTACGT_035,3
ACGCCACCCCCACTCTACGT_036,9
ACGCCACCCCCACTCTACGT_037,186
ACGCCACCCCCACTCTACGT_038,166
CTGAAGAAGGTCTCTATGGA_001,28
CTGAAGAAGGTCTCTATGGA_002,150
AGAGAGCACTAGACTAAAGG_001,145
AGAGAGCACTAGACTAAAGG_002,160
AGAGAGCACTAGACTAAAGG_003,15
AGAGAGCACTAGACTAAAGG_004,103
AGAGAGCACTAGACTAAAGG_005,9
AGAGAGCACTAGACTAAAGG_006,164
AGAGAGCACTAGACTAAAGG_007,164
AGAGAGCACTAGACTAAAGG_008,116
AGAGAGCACTAGACTAAAGG_009,162
AGAGAGCACTAGACTAAAGG_010,59
AGAGAGCACTAGACTAAAGG_011,29
AGAGAGCACTAGACTAAAGG_012,13
TGACATCCAGGATCGAATCC_001,28
TGACATCCAGGATCGAATCC_002,28
TGACATCCAGGATCGAATCC_003,169
TGACATCCAGGATCGAATCC_004,136
TGACATCCAGGATCGAATCC_005,121
TGACATCCAGGATCGAATCC_006,117
TGACATCCAGGATCGAATCC_007,185
GTTGACCTGCTATCGCCCAG_001,178
GTTGACCTGCTATCGCCCAG_002,48
GTTGACCTGCTATCGCCCAG_003,64
GCAACTGAAGCCCTACACGA_001,132
GCAACTGAAGCCCTACACGA_002,113
GCAACTGAAGCCCTACACGA_003,44
GCAACTGAAGCCCTACACGA_004,95
GCAACTGAAGCCCTACACGA_005,5
GCAACTGAAGCCCTACACGA_006,49
AGCTGGACTCTGTAGAAATC_001,159
AGCTGGACTCTGTAGAAATC_002,119
AGCTGGACTCTGTAGAAATC_003,114
AGCTGGACTCTGTAGAAATC_004,12
AGCTGGACTCTGTAGAAATC_005,48
AGCTGGACTCTGTAGAAATC_006,169
AGCTGGACTCTGTAGAAATC_007,71
AGCTGGACTCTGTAGAAATC_008,94
AGCTGGACTCTGTAGAAATC_009,46
AGCTGGACTCTGTAGAAATC_010,160
GATGATCTTAAAGCTATAGG_001,178
GATGATCTTAAAGCTATAGG_002,69
GATGATCTTAAAGCTATAGG_003,16
GATGATCTTAAAGCTATAGG_004,15
GATGATCTTAAAGCTATAGG_005,23
GATGATCTTAAAGCTATAGG_006,177
GATGATCTTAAAGCTATAGG_007,177
GATGATCTTAAAGCTATAGG_008,177
GATGATCTTAAAGCTATAGG_009,168
GATGATCTTAAAGCTATAGG_010,1
ATCTCAGGAACCGTAGACTG_001,148
ATCTCAGGAACCGTAGACTG_002,29
ATCTCAGGAACCGTAGACTG_003,159
ATCTCAGGAACCGTAGACTG_004,150
ATCTCAGGAACCGTAGACTG_005,81
ATCTCAGGAACCGTAGACTG_006,154
ATCTCAGGAACCGTAGACTG_007,149
ATCTCAGGAACCGTAGACTG_008,105
ATCTCAGGAACCGTAGACTG_009,70
ATCTCAGGAACCGTAGACTG_010,77
ATCTCAGGAACCGTAGACTG_011,18
CGCTGATCAAAATCGACTCA_001,172
CGCTGATCAAAATCGACTCA_002,65
CGCTGATCAAAATCGACTCA_003,29
CGCTGATCAAAATCGACTCA_004,199
CGCTGATCAAAATCGACTCA_005,60
GCTGTCCATAAGGCAAGACG_001,83
GCTGTCCATAAGGCAAGACG_002,83
GCTGTCCATAAGGCAAGACG_003,75
GCTGTCCATAAGGCAAGACG_004,174
GCTGTCCATAAGGCAAGACG_005,67
GCTGTCCATAAGGCAAGACG_006,103
GCTGTCCATAAGGCAAGACG_007,40
AAATAAGCAACCCTTCTGTG_001,176
AAATAAGCAACCCTTCTGTG_002,17
AAATAAGCAACCCTTCTGTG_003,54
AAATAAGCAACCCTTCTGTG_004,40
AAATAAGCAACCCTTCTGTG_005,146
AAATAAGCAACCCTTCTGTG_006,10
AAATAAGCAACCCTTCTGTG_007,56
AAATAAGCAACCCTTCTGTG_008,141
GCGACGGGCGCATCTACGTG_001,44
GCGACGGGCGCATCTACGTG_002,125
GCGACGGGCGCATCTACGTG_003,26
GCGACGGGCGCATCTACGTG_004,45
CAGGCACAGCGCCGGCTCGT_001,88
CAGGCACAGCGCCGGCTCGT_002,121
CAGGCACAGCGCCGGCTCGT_003,160
CAGGCACAGCGCCGGCTCGT_004,67
CAGGCACAGCGCCGGCTCGT_005,69
CAGGCACAGCGCCGGCTCGT_006,43
CAGGCACAGCGCCGGCTCGT_007,82
CAGGCACAGCGCCGGCTCGT_008,178
CAGGCACAGCGCCGGCTCGT_009,90
CAGGCACAGCGCCGGCTCGT_010,127
CAGGCACAGCGCCGGCTCGT_011,68
CAGGCACAGCGCCGGCTCGT_012,56
CAGGCACAGCGCCGGCTCGT_013,79
CAGGCACAGCGCCGGCTCGT_014,91
CAGGCACAGCGCCGGCTCGT_015,167
CAGGCACAGCGCCGGCTCGT_016,4
CAGGCACAGCGCCGGCTCGT_017,146
CAGGCACAGCGCCGGCTCGT_018,76
CAGGCACAGCGCCGGCTCGT_019,85
CAGGCACAGCGCCGGCTCGT_020,51
CAGGCACAGCGCCGGCTCGT_021,22
CAGGCACAGCGCCGGCTCGT_022,94
CAGGCACAGCGCCGGCTCGT_023,24
CAGGCACAGCGCCGGCTCGT_024,123
CAGGCACAGCGCCGGCTCGT_025,176
CAGGCACAGCGCCGGCTCGT_026,193
CAGGCACAGCGCCGGCTCGT_027,138
CAGGCACAGCGCCGGCTCGT_028,106
CAGGCACAGCGCCGGCTCGT_029,145
CAGGCACAGCGCCGGCTCGT_030,60
CAGGCACAGCGCCGGCTCGT_031,102
CAGGCACAGCGCCGGCTCGT_032,102
CAGGCACAGCGCCGGCTCGT_033,105
CAGGCACAGCGCCGGCTCGT_034,197
CAAGCCAGTTGCATAATGAG_001,1
CAAGCCAGTTGCATAATGAG_002,78
CAAGCCAGTTGCATAATGAG_003,77
CAAGCCAGTTGCATAATGAG_004,77
CAAGCCAGTTGCATAATGAG_005,17
CAAGCCAGTTGCATAATGAG_006,168
CAAGCCAGTTGCATAATGAG_007,61
CAAGCCAGTTGCATAATGAG_008,88
CAAGCCAGTTGCATAATGAG_009,163
CAAGCCAGTTGCATAATGAG_010,77
CAAGCCAGTTGCATAATGAG_011,137
CAAGCCAGTTGCATAATGAG_012,40
CAAGCCAGTTGCATAATGAG_013,57
CAAGCCAGTTGCATAATGAG_014,58
CAAGCCAGTTGCATAATGAG_015,81
CAAGCCAGTTGCATAATGAG_016,72
CAAGCCAGTTGCATAATGAG_017,170
CAAGCCAGTTGCATAATGAG_018,105
CAAGCCAGTTGCATAATGAG_019,10
CAAGCCAGTTGCATAATGAG_020,0
CAAGCCAGTTGCATAATGAG_021,111
CAAGCCAGTTGCATAATGAG_022,58
CAAGCCAGTTGCATAATGAG_023,198
TGCCGAACTTCACTACATGG_001,188
TGCCGAACTTCACTACATGG_002,102
TGCCGAACTTCACTACATGG_003,0
TGCCGAACTTCACTACATGG_004,186
TGCCGAACTTCACTACATGG_005,97
TGCCGAACTTCACTACATGG_006,53
TGCCGAACTTCACTACATGG_007,83
TGCCGAACTTCACTACATGG_008,185
TGCCGAACTTCACTACATGG_009,169
TGCCGAACTTCACTACATGG_010,14
TGCCGAACTTCACTACATGG_011,129
TGCCGAACTTCACTACATGG_012,61
TGCCGAACTTCACTACATGG_013,68
TGCCGAACTTCACTACATGG_014,73
TGCCGAACTTCACTACATGG_015,67
TGCCGAACTTCACTACATGG_016,184
TGCCGAACTTCACTACATGG_017,96
TGCCGAACTTCACTACATGG_018,174
TGCCGAACTTCACTACATGG_019,169
TGCCGAACTTCACTACATGG_020,142
TGCCGAACTTCACTACATGG_021,182
TGCCGAACTTCACTACATGG_022,143
TGCCGAACTTCACTACATGG_023,143
TGCCGAACTTCACTACATGG_024,135
CAGAGACACCTCGACATCGG_001,176
CAGAGACACCTCGACATCGG_002,61
CAGAGACACCTCGACATCGG_003,50
CAGAGACACCTCGACATCGG_004,58
CAGAGACACCTCGACATCGG_005,30
CAGAGACACCTCGACATCGG_006,9
CAGAGACACCTCGACATCGG_007,16
CAGAGACACCTCGACATCGG_008,175
CAGAGACACCTCGACATCGG_009,29
CAGAGACACCTCGACATCGG_010,58
CAGAGACACCTCGACATCGG_011,106
CAGAGACACCTCGACATCGG_012,158
CAGAGACACCTCGACATCGG_013,80
CAGAGACACCTCGACATCGG_014,42
TCACCCGAGAGCAGATTGCG_001,101
TCACCCGAGAGCAGATTGCG_002,130
TCACCCGAGAGCAGATTGCG_003,29
ATTTATGTGGTGCATTGGCA_001,84
ATTTATGTGGTGCATTGGCA_002,105
ATTTATGTGGTGCATTGGCA_003,112
ATTTATGTGGTGCATTGGCA_004,150
TGGAAAAACTGGTGGATACG_001,175
TGGAAAAACTGGTGGATACG_002,81
TGGAAAAACTGGTGGATACG_003,94
TGGAAAAACTGGTGGATACG_004,34
TCCGGTCCCAGGATGCAGGG_001,81
TCCGGTCCCAGGATGCAGGG_002,170
TCCGGTCCCAGGATGCAGGG_003,78
TCCGGTCCCAGGATGCAGGG_004,1
TCCGGTCCCAGGATGCAGGG_005,181
TCCGGTCCCAGGATGCAGGG_006,154
TCCGGTCCCAGGATGCAGGG_007,32
TCCGGTCCCAGGATGCAGGG_008,132
TCCGGTCCCAGGATGCAGGG_009,53
TCCGGTCCCAGGATGCAGGG_010,144
TCCGGTCCCAGGATGCAGGG_011,105
TCCGGTCCCAGGATGCAGGG_012,16
TCCGGTCCCAGGATGCAGGG_013,82
TCCGGTCCCAGGATGCAGGG_014,170
TCCGGTCCCAGGATGCAGGG_015,137
TCCGGTCCCAGGATGCAGGG_016,86
TCCGGTCCCAGGATGCAGGG_017,59
TCCGGTCCCAGGATGCAGGG_018,174
TCCGGTCCCAGGATGCAGGG_019,9
TCCGGTCCCAGGATGCAGGG_020,107
TCCGGTCCCAGGATGCAGGG_021,12
TCCGGTCCCAGGATGCAGGG_022,149
TCCGGTCCCAGGATGCAGGG_023,34
TCCGGTCCCAGGATGCAGGG_024,15
TCCGGTCCCAGGATGCAGGG_025,111
TCCGGTCCCAGGATGCAGGG_026,127
TCCGGTCCCAGGATGCAGGG_027,192
TCCGGTCCCAGGATGCAGGG_028,145
TCCGGTCCCAGGATGCAGGG_029,162
TCCGGTCCCAGGATGCAGGG_030,6
TCCGGTCCCAGGATGCAGGG_031,89
TCCGGTCCCAGGATGCAGGG_032,44
TCCGGTCCCAGGATGCAGGG_033,94
TCCGGTCCCAGGATGCAGGG_034,49
TCCGGTCCCAGGATGCAGGG_035,1
TCCGGTCCCAGGATGCAGGG_036,188
TCCGGTCCCAGGATGCAGGG_037,41
TCCGGTCCCAGGATGCAGGG_038,122
TCCGGTCCCAGGATGCAGGG_039,19
TCCGGTCCCAGGATGCAGGG_040,19
TCCGGTCCCAGGATGCAGGG_041,55
TCCGGTCCCAGGATGCAGGG_042,19
TCCGGTCCCAGGATGCAGGG_043,81
TCCGGTCCCAGGATGCAGGG_044,94
TCCGGTCCCAGGATGCAGGG_045,115
TCCGGTCCCAGGATGCAGGG_046,10
TCCGGTCCCAGGATGCAGGG_047,35
AGGTCCATGGAATTGTACGG_001,191
AGGTCCATGGAATTGTACGG_002,17
AGGTCCATGGAATTGTACGG_003,119
AGGTCCATGGAATTGTACGG_004,112
AGGTCCATGGAATTGTACGG_005,104
AGGTCCATGGAATTGTACGG_006,36
AGGTCCATGGAATTGTACGG_007,38
AGGTCCATGGAATTGTACGG_008,145
AGGTCCATGGAATTGTACGG_009,119
AGGTCCATGGAATTGTACGG_010,160
AGTCTTTGGGGTTCCAACCG_001,58
AGTCTTTGGGGTTCCAACCG_002,155
AGTCTTTGGGGTTCCAACCG_003,151
AGTCTTTGGGGTTCCAACCG_004,113
AGTCTTTGGGGTTCCAACCG_005,75
AGTCTTTGGGGTTCCAACCG_006,45
AGTCTTTGGGGTTCCAACCG_007,94
AGTCTTTGGGGTTCCAACCG_008,199
AGTCTTTGGGGTTCCAACCG_009,116
AGTCTTTGGGGTTCCAACCG_010,144
AGATTCTACAGATGAACCCA_001,186
AGATTCTACAGATGAACCCA_002,166
AGATTCTACAGATGAACCCA_003,166
AGATTCTACAGATGAACCCA_004,14
AGATTCTACAGATGAACCCA_005,110
AGATTCTACAGATGAACCCA_006,127
AGATTCTACAGATGAACCCA_007,127
AGATTCTACAGATGAACCCA_008,199
AGATTCTACAGATGAACCCA_009,43
AGATTCTACAGATGAACCCA_010,48
AGATTCTACAGATGAACCCA_011,188
ACTCTCCCATCAATTGAATG_001,0
ACTCTCCCATCAATTGAATG_002,159
ACTCTCCCATCAATTGAATG_003,184
ACTCTCCCATCAATTGAATG_004,107
ACTCTCCCATCAATTGAATG_005,57
ACTCTCCCATCAATTGAATG_006,91
ACTCTCCCATCAATTGAATG_007,75
ACTCTCCCATCAATTGAATG_008,62
ACTCTCCCATCAATTGAATG_009,166
ACTCTCCCATCAATTGAATG_010,12
ACTCTCCCATCAATTGAATG_011,199
ACTCTCCCATCAATTGAATG_012,63
ACTCTCCCATCAATTGAATG_013,80
ACTCTCCCATCAATTGAATG_014,80
ACTCTCCCATCAATTGAATG_015,6
ATTAAGTAGAGAAGTCTCCC_001,49
GACGTATTAAGATATCTCGA_001,108
GACGTATTAAGATATCTCGA_002,154
AGATGCCTCCAAGAAAGATG_001,183
AGATGCCTCCAAGAAAGATG_002,160
AGATGCCTCCAAGAAAGATG_003,12
AGATGCCTCCAAGAAAGATG_004,60
AGATGCCTCCAAGAAAGATG_005,78
AGATGCCTCCAAGAAAGATG_006,1
AGATGCCTCCAAGAAAGATG_007,82
AGATGCCTCCAAGAAAGATG_008,184
AGATGCCTCCAAGAAAGATG_009,29
AGATGCCTCCAAGAAAGATG_010,63
TCCATTGAAATGGGCCCTCG_001,181
TCCATTGAAATGGGCCCTCG_002,38
TCCATTGAAATGGGCCCTCG_003,49
TCCATTGAAATGGGCCCTCG_004,197
TCCATTGAAATGGGCCCTCG_005,15
TCCATTGAAATGGGCCCTCG_006,113
TCCATTGAAATGGGCCCTCG_007,152
TCCATTGAAATGGGCCCTCG_008,1
GAGGTGATGTAAGACATCAG_001,106
GAGGTGATGTAAGACATCAG_002,197
GAGGTGATGTAAGACATCAG_003,162
GAGGTGATGTAAGACATCAG_004,83
GAGGTGATGTAAGACATCAG_005,171
GAGGTGATGTAAGACATCAG_006,155
GAGGTGATGTAAGACATCAG_007,11
GAGGTGATGTAAGACATCAG_008,175
GAGGTGATGTAAGACATCAG_009,147
GAGGTGATGTAAGACATCAG_010,72
GAGGTGATGTAAGACATCAG_011,72
GAGGTGATGTAAGACATCAG_012,4
GAGGTGATGTAAGACATCAG_013,160
GAGGTGATGTAAGACATCAG_014,106
GAGGTGATGTAAGACATCAG_015,184
GCATTCTTCTCAGTAGAGCT_001,15
GCATTCTTCTCAGTAGAGCT_002,150
GGACACCGCCCCAAGATACG_001,189
GGACACCGCCCCAAGATACG_002,132
GGACACCGCCCCAAGATACG_003,70
GGACACCGCCCCAAGATACG_004,4
GGACACCGCCCCAAGATACG_005,1
GGACACCGCCCCAAGATACG_006,2
GGACACCGCCCCAAGATACG_007,10
CGATGCCCGTCTATGGCCCG_001,183
CGATGCCCGTCTATGGCCCG_002,191
CGATGCCCGTCTATGGCCCG_003,67
CGATGCCCGTCTATGGCCCG_004,192
CGATGCCCGTCTATGGCCCG_005,149
CGATGCCCGTCTATGGCCCG_006,197
CGATGCCCGTCTATGGCCCG_007,174
CGATGCCCGTCTATGGCCCG_008,146
CGATGCCCGTCTATGGCCCG_009,20
CGATGCCCGTCTATGGCCCG_010,61
CGATGCCCGTCTATGGCCCG_011,80
CGATGCCCGTCTATGGCCCG_012,160
CGATGCCCGTCTATGGCCCG_013,199
CGATGCCCGTCTATGGCCCG_014,79
TGTGAAACAGATGTCAGCAA_001,108
TGTGAAACAGATGTCAGCAA_002,150
TGTGAAACAGATGTCAGCAA_003,177
TGTGAAACAGATGTCAGCAA_004,130
TGTGAAACAGATGTCAGCAA_005,19
TGTGAAACAGATGTCAGCAA_006,43
TGTGAAACAGATGTCAGCAA_007,126
TGTGAAACAGATGTCAGCAA_008,27
TGTGAAACAGATGTCAGCAA_009,39
TCTCTGTGCCATGCTTGTAG_001,32
CAGCGCCACGTTATAGCCCG_001,81
CAGCGCCACGTTATAGCCCG_002,166
TTCAAATCTAAAGCACTCCA_001,123
TTCAAATCTAAAGCACTCCA_002,3
TTCAAATCTAAAGCACTCCA_003,0
TTCAAATCTAAAGCACTCCA_004,8
GCAATCACGCCGGCACCAGG_001,18
GCAATCACGCCGGCACCAGG_002,62
GCAATCACGCCGGCACCAGG_003,178
GCAATCACGCCGGCACCAGG_004,75
GCAATCACGCCGGCACCAGG_005,120
GCAATCACGCCGGCACCAGG_006,59
GCAATCACGCCGGCACCAGG_007,58
GCAATCACGCCGGCACCAGG_008,42
GCAATCACGCCGGCACCAGG_009,128
GCAATCACGCCGGCACCAGG_010,10
GCAATCACGCCGGCACCAGG_011,34
TTACCTATAGCACTTAACAA_001,124
TTACCTATAGCACTTAACAA_002,178
TTACCTATAGCACTTAACAA_003,178
ACTCTGCCACATGATAGCAA_001,29
ACTCTGCCACATGATAGCAA_002,89
ACTCTGCCACATGATAGCAA_003,15
GTGATAGCTGCTACAAACTG_001,12
GTGATAGCTGCTACAAACTG_002,86
GTGATAGCTGCTACAAACTG_003,174
GTGATAGCTGCTACAAACTG_004,188
GTGATAGCTGCTACAAACTG_005,48
GTGATAGCTGCTACAAACTG_006,37
GGACCTCGACACCCAGTCGG_001,182
GGACCTCGACACCCAGTCGG_002,77
GGACCTCGACACCCAGTCGG_003,170
GGACCTCGACACCCAGTCGG_004,58
GGACCTCGACACCCAGTCGG_005,89
GGACCTCGACACCCAGTCGG_006,53
GGACCTCGACACCCAGTCGG_007,35
GGACCTCGACACCCAGTCGG_008,160
GGACCTCGACACCCAGTCGG_009,48
GGACCTCGACACCCAGTCGG_010,160
GGACCTCGACACCCAGTCGG_011,127
GGACCTCGACACCCAGTCGG_012,150
GGACCTCGACACCCAGTCGG_013,12
GGACCTCGACACCCAGTCGG_014,19
GGACCTCGACACCCAGTCGG_015,2
GGACCTCGACACCCAGTCGG_016,67
GGACCTCGACACCCAGTCGG_017,116
GGACCTCGACACCCAGTCGG_018,73
GGACCTCGACACCCAGTCGG_019,50
GGACCTCGACACCCAGTCGG_020,83
GGACCTCGACACCCAGTCGG_021,107
GAAACTCCAGTTCTGAATCC_001,116
GAAACTCCAGTTCTGAATCC_002,187
GAAACTCCAGTTCTGAATCC_003,156
ACTACCCAGACGTGTATGCG_001,175
ACTACCCAGACGTGTATGCG_002,98
ACTACCCAGACGTGTATGCG_003,169
ACTACCCAGACGTGTATGCG_004,199
CAAGGAGGAGAACTACGACC_001,153
CTTACTCTCTGTCAATCACA_001,130
CTTACTCTCTGTCAATCACA_002,27
AGATCAGTAGGATGTAAACA_001,127
AGATCAGTAGGATGTAAACA_002,159
AGATCAGTAGGATGTAAACA_003,116
AGATCAGTAGGATGTAAACA_004,167
AGATCAGTAGGATGTAAACA_005,144
AGATCAGTAGGATGTAAACA_006,130
CAAGCAGCCGGGCTTTCCAG_001,22
CAAGCAGCCGGGCTTTCCAG_002,12
CAAGCAGCCGGGCTTTCCAG_003,194
CAAGCAGCCGGGCTTTCCAG_004,2
CAAGCAGCCGGGCTTTCCAG_005,63
GAATGCCGTCAAGACCAAAG_001,21
GAATGCCGTCAAGACCAAAG_002,42
GAATGCCGTCAAGACCAAAG_003,80
GAATGCCGTCAAGACCAAAG_004,84
GGCCAACGGATCCATCTCTG_001,40
GGCCAACGGATCCATCTCTG_002,163
GGCCAACGGATCCATCTCTG_003,37
AGCCTTCCGGACCCAACTGT_001,163
AGCCTTCCGGACCCAACTGT_002,136
AGCCTTCCGGACCCAACTGT_003,169
AGCCTTCCGGACCCAACTGT_004,169
AGCCTTCCGGACCCAACTGT_005,101
AGCCTTCCGGACCCAACTGT_006,69
AGCCTTCCGGACCCAACTGT_007,169
AGCCTTCCGGACCCAACTGT_008,184
AGCCTTCCGGACCCAACTGT_009,24
AGCCTTCCGGACCCAACTGT_010,25
AGCCTTCCGGACCCAACTGT_011,161
AGCCTTCCGGACCCAACTGT_012,35
AGCCTTCCGGACCCAACTGT_013,180
AGCCTTCCGGACCCAACTGT_014,134
AGGGTGTTGCAGATGACATG_001,186
AGGGTGTTGCAGATGACATG_002,72
AGGGTGTTGCAGATGACATG_003,168
AGGGTGTTGCAGATGACATG_004,43
AGGGTGTTGCAGATGACATG_005,49
AGGGTGTTGCAGATGACATG_006,154
AGGGTGTTGCAGATGACATG_007,45
AGGGTGTTGCAGATGACATG_008,107
AGGGTGTTGCAGATGACATG_009,18
AGGGTGTTGCAGATGACATG_010,104
AGGGTGTTGCAGATGACATG_011,145
AGGGTGTTGCAGATGACATG_012,127
AGGGTGTTGCAGATGACATG_013,147
AGGGTGTTGCAGATGACATG_014,82
AGGGTGTTGCAGATGACATG_015,82
AGGGTGTTGCAGATGACATG_016,172
AGGGTGTTGCAGATGACATG_017,2
AGGGTGTTGCAGATGACATG_018,2
AGGGTGTTGCAGATGACATG_019,170
AGGGTGTTGCAGATGACATG_020,63
AGGGTGTTGCAGATGACATG_021,8
AGGGTGTTGCAGATGACATG_022,168
AGGGTGTTGCAGATGACATG_023,153
AGGGTGTTGCAGATGACATG_024,60
CAGACACAGTCATGGTACTT_001,192
CAGACACAGTCATGGTACTT_002,181
CAGACACAGTCATGGTACTT_003,105
CAGACACAGTCATGGTACTT_004,166
CAGACACAGTCATGGTACTT_005,166
CAGACACAGTCATGGTACTT_006,128
CAGACACAGTCATGGTACTT_007,155
CAGACACAGTCATGGTACTT_008,162
CAGACACAGTCATGGTACTT_009,86
CAGACACAGTCATGGTACTT_010,38
CAGACACAGTCATGGTACTT_011,55
CATTCAATACGTAGACAAGG_001,137
CATTCAATACGTAGACAAGG_002,174
CATTCAATACGTAGACAAGG_003,138
CATTCAATACGTAGACAAGG_004,50
AGTTGTACCTGTCGTCGCAC_001,17
AGTTGTACCTGTCGTCGCAC_002,167
AGTTGTACCTGTCGTCGCAC_003,6
AGTTGTACCTGTCGTCGCAC_004,80
AGTTGTACCTGTCGTCGCAC_005,6
AGTTGTACCTGTCGTCGCAC_006,141
AGTTGTACCTGTCGTCGCAC_007,158
AGTTGTACCTGTCGTCGCAC_008,163
AGTTGTACCTGTCGTCGCAC_009,56
AGTTGTACCTGTCGTCGCAC_010,80
AGTTGTACCTGTCGTCGCAC_011,72
AGTTGTACCTGTCGTCGCAC_012,41
AGTTGTACCTGTCGTCGCAC_013,114
AGTTGTACCTGTCGTCGCAC_014,114
CCAGAATTACTTTGCCGATG_001,27
CCAGAATTACTTTGCCGATG_002,9
GCCAACCTTCAAGTGTGTGT_001,169
GCCAACCTTCAAGTGTGTGT_002,180
GCTTCACTGTTTGAAAACCT_001,27
GCTTCACTGTTTGAAAACCT_002,106
GCTTCACTGTTTGAAAACCT_003,68
GCTTCACTGTTTGAAAACCT_004,48
GCTTCACTGTTTGAAAACCT_005,62
GCTTCACTGTTTGAAAACCT_006,117
GCTTCACTGTTTGAAAACCT_007,144
ACTTACCTGCTACACCAGTA_001,78
ACTTACCTGCTACACCAGTA_002,119
ACTTACCTGCTACACCAGTA_003,8
ACTTACCTGCTACACCAGTA_004,108
ACTTACCTGCTACACCAGTA_005,27
ACTTACCTGCTACACCAGTA_006,145
ACTTACCTGCTACACCAGTA_007,145
ACTTACCTGCTACACCAGTA_008,172
ACTTACCTGCTACACCAGTA_009,136
ACTTACCTGCTACACCAGTA_010,70
ACTTACCTGCTACACCAGTA_011,62
ACTTACCTGCTACACCAGTA_012,118
GCGGGACAGCATGGTCACGT_001,28
GCGGGACAGCATGGTCACGT_002,96
GCGGGACAGCATGGTCACGT_003,66
GCGGGACAGCATGGTCACGT_004,5
GCGGGACAGCATGGTCACGT_005,149
GCGGGACAGCATGGTCACGT_006,182
GCGGGACAGCATGGTCACGT_007,0
GGAATTGGCATGCCTCCTCG_001,1
GGAATTGGCATGCCTCCTCG_002,158
GGAATTGGCATGCCTCCTCG_003,22
GGAATTGGCATGCCTCCTCG_004,119
GGAATTGGCATGCCTCCTCG_005,7
GGAATTGGCATGCCTCCTCG_006,29
GGAATTGGCATGCCTCCTCG_007,27
GGAATTGGCATGCCTCCTCG_008,16
GGAATTGGCATGCCTCCTCG_009,115
GGAATTGGCATGCCTCCTCG_010,100
GGAATTGGCATGCCTCCTCG_011,30
GGAATTGGCATGCCTCCTCG_012,198
GGAATTGGCATGCCTCCTCG_013,149
GGAATTGGCATGCCTCCTCG_014,117
GGAATTGGCATGCCTCCTCG_015,81
GGAATTGGCATGCCTCCTCG_016,172
GGAATTGGCATGCCTCCTCG_017,183
GGAATTGGCATGCCTCCTCG_018,13
GGAATTGGCATGCCTCCTCG_019,138
GGAATTGGCATGCCTCCTCG_020,39
GGGCGCACCCAGTGACACGA_001,31
GGGCGCACCCAGTGACACGA_002,66
GGGCGCACCCAGTGACACGA_003,89
GGGCGCACCCAGTGACACGA_004,177
GGGCGCACCCAGTGACACGA_005,148
GGGCGCACCCAGTGACACGA_006,120
GGGCGCACCCAGTGACACGA_007,165
GGGCGCACCCAGTGACACGA_008,153
GGGCGCACCCAGTGACACGA_009,86
GGGCGCACCCAGTGACACGA_010,116
GGGCGCACCCAGTGACACGA_011,9
GGGCGCACCCAGTGACACGA_012,148
GGGCGCACCCAGTGACACGA_013,40
GGGCGCACCCAGTGACACGA_014,26
GGGCGCACCCAGTGACACGA_015,34
GGGCGCACCCAGTGACACGA_016,181
GGGCGCACCCAGTGACACGA_017,93
GGGCGCACCCAGTGACACGA_018,127
GGGCGCACCCAGTGACACGA_019,68
GGGCGCACCCAGTGACACGA_020,170
GGGCGCACCCAGTGACACGA_021,184
GGGCGCACCCAGTGACACGA_022,17
GGGCGCACCCAGTGACACGA_023,7
GGGCGCACCCAGTGACACGA_024,52
GGGCGCACCCAGTGACACGA_025,34
GGGCGCACCCAGTGACACGA_026,77
GGGCGCACCCAGTGACACGA_027,45
GGGCGCACCCAGTGACACGA_028,4
GGGGGCGTCTAGCAGCTCAG_001,150
GGGGGCGTCTAGCAGCTCAG_002,63
GGGGGCGTCTAGCAGCTCAG_003,32
GGGGGCGTCTAGCAGCTCAG_004,108
TGAATGCCAGACCAGATTCG_001,189
TGAATGCCAGACCAGATTCG_002,188
TGAATGCCAGACCAGATTCG_003,27
TGAATGCCAGACCAGATTCG_004,105
TGAATGCCAGACCAGATTCG_005,150
TGGAGGCACTATGGGTTCAC_001,106
TGGAGGCACTATGGGTTCAC_002,127
TGGAGGCACTATGGGTTCAC_003,197
TGGAGGCACTATGGGTTCAC_004,95
TGGAGGCACTATGGGTTCAC_005,124
TGGAGGCACTATGGGTTCAC_006,104
TGGAGGCACTATGGGTTCAC_007,197
TGGAGGCACTATGGGTTCAC_008,1
TGGAGGCACTATGGGTTCAC_009,65
TGGAGGCACTATGGGTTCAC_010,119
TCTTACCTACTGCTTAGACG_001,184
TCTTACCTACTGCTTAGACG_002,147
TCTTACCTACTGCTTAGACG_003,170
TCTTACCTACTGCTTAGACG_004,147
TCTTACCTACTGCTTAGACG_005,18
TGTCTGCTGAGCCAACAACC_001,170
TGTCTGCTGAGCCAACAACC_002,57
TGTCTGCTGAGCCAACAACC_003,106
TGTCTGCTGAGCCAACAACC_004,183
TGTCTGCTGAGCCAACAACC_005,32
TGTCTGCTGAGCCAACAACC_006,152
TGTCTGCTGAGCCAACAACC_007,39
AAAGAAATGTCTGTACATGT_001,32
AAAGAAATGTCTGTACATGT_002,81
TGTGCAGGTAGATCGTTGGC_001,129
TGTGCAGGTAGATCGTTGGC_002,191
TGTGCAGGTAGATCGTTGGC_003,174
TGTGCAGGTAGATCGTTGGC_004,1
TGTGCAGGTAGATCGTTGGC_005,175
TGTGCAGGTAGATCGTTGGC_006,147
TCCCACCAAAACAATACACT_001,36
TCCCACCAAAACAATACACT_002,12
TCCCACCAAAACAATACACT_003,50
TCCCACCAAAACAATACACT_004,189
TCCCACCAAAACAATACACT_005,139
TCCCACCAAAACAATACACT_006,68
TCCCACCAAAACAATACACT_007,61
TCCCACCAAAACAATACACT_008,152
TCCCACCAAAACAATACACT_009,121
TCCCACCAAAACAATACACT_010,171
TCCCACCAAAACAATACACT_011,102
TCCCACCAAAACAATACACT_012,95
TCCCACCAAAACAATACACT_013,44
TCCCACCAAAACAATACACT_014,80
TCCCACCAAAACAATACACT_015,116
TCCCACCAAAACAATACACT_016,120
TCCCACCAAAACAATACACT_017,81
TCCCACCAAAACAATACACT_018,138
TCCCACCAAAACAATACACT_019,100
TCCCACCAAAACAATACACT_020,197
TCCCACCAAAACAATACACT_021,1
CAGGATATCCCCGACGTACG_001,17
CAGGATATCCCCGACGTACG_002,166
CAGGATATCCCCGACGTACG_003,116
CAGGATATCCCCGACGTACG_004,6
CAGTTGGCCACGGAACCCAC_001,96
CAGTTGGCCACGGAACCCAC_002,96
CAGTTGGCCACGGAACCCAC_003,43
CAGTTGGCCACGGAACCCAC_004,111
CAGTTGGCCACGGAACCCAC_005,2
CAGTTGGCCACGGAACCCAC_006,92
CAGTTGGCCACGGAACCCAC_007,132
CAGTTGGCCACGGAACCCAC_008,113
CAGTTGGCCACGGAACCCAC_009,70
CAGTTGGCCACGGAACCCAC_010,198
CAGTTGGCCACGGAACCCAC_011,37
CAGTTGGCCACGGAACCCAC_012,149
CAGTTGGCCACGGAACCCAC_013,157
CAGTTGGCCACGGAACCCAC_014,26
CAGTTGGCCACGGAACCCAC_015,52
CAGTTGGCCACGGAACCCAC_016,90
CAGTTGGCCACGGAACCCAC_017,168
CAGTTGGCCACGGAACCCAC_018,178
CAGTTGGCCACGGAACCCAC_019,10
CAGTTGGCCACGGAACCCAC_020,127
CAGTTGGCCACGGAACCCAC_021,127
CAGTTGGCCACGGAACCCAC_022,62
CAGTTGGCCACGGAACCCAC_023,1
CAGTTGGCCACGGAACCCAC_024,21
GAGGATGACTCAGAGCAGGT_001,92
GAGGATGACTCAGAGCAGGT_002,139
GAGGATGACTCAGAGCAGGT_003,149
GAGGATGACTCAGAGCAGGT_004,172
GAGGATGACTCAGAGCAGGT_005,178
GAGGATGACTCAGAGCAGGT_006,172
GAGGATGACTCAGAGCAGGT_007,144
GAGGATGACTCAGAGCAGGT_008,145
GAGGATGACTCAGAGCAGGT_009,88
GAGGATGACTCAGAGCAGGT_010,124
GAGGATGACTCAGAGCAGGT_011,182
GAGGATGACTCAGAGCAGGT_012,177
GAGGATGACTCAGAGCAGGT_013,94
GAGGATGACTCAGAGCAGGT_014,168
GAGGATGACTCAGAGCAGGT_015,62
GAGGATGACTCAGAGCAGGT_016,136
GAGGATGACTCAGAGCAGGT_017,127
GAGGATGACTCAGAGCAGGT_018,185
GAGGATGACTCAGAGCAGGT_019,63
GCTGGCCCGCTATGGCGGGG_001,53
GCTGGCCCGCTATGGCGGGG_002,9
GCTGGCCCGCTATGGCGGGG_003,157
GCTGGCCCGCTATGGCGGGG_004,58
GCTGAGTGACACCTATGTCA_001,115
GCTGAGTGACACCTATGTCA_002,16
TATTCGTTTATGCAGCTCCG_001,30
TATTCGTTTATGCAGCTCCG_002,98
TATTCGTTTATGCAGCTCCG_003,91
TATTCGTTTATGCAGCTCCG_004,110
TATTCGTTTATGCAGCTCCG_005,169
TATTCGTTTATGCAGCTCCG_006,184
TATTCGTTTATGCAGCTCCG_007,50
TATTCGTTTATGCAGCTCCG_008,152
TATTCGTTTATGCAGCTCCG_009,152
TATTCGTTTATGCAGCTCCG_010,28
TATTCGTTTATGCAGCTCCG_011,48
TATTCGTTTATGCAGCTCCG_012,40
TATTCGTTTATGCAGCTCCG_013,48
TATTCGTTTATGCAGCTCCG_014,179
TATTCGTTTATGCAGCTCCG_015,136
TTTGCTAACAGCTCCAAATG_001,65
TTTGCTAACAGCTCCAAATG_002,74
TTTGCTAACAGCTCCAAATG_003,94
TTTGCTAACAGCTCCAAATG_004,168
TTTGCTAACAGCTCCAAATG_005,146
ACAACGTGCTCATGAGCCCA_001,177
ACAACGTGCTCATGAGCCCA_002,34
ACAACGTGCTCATGAGCCCA_003,107
ACAACGTGCTCATGAGCCCA_004,154
ACAACGTGCTCATGAGCCCA_005,81
ACAACGTGCTCATGAGCCCA_006,170
ACAACGTGCTCATGAGCCCA_007,50
ACAACGTGCTCATGAGCCCA_008,197
ACAACGTGCTCATGAGCCCA_009,183
ACAACGTGCTCATGAGCCCA_010,148
ACAACGTGCTCATGAGCCCA_011,18
ACAACGTGCTCATGAGCCCA_012,55
ACAACGTGCTCATGAGCCCA_013,177
ACAACGTGCTCATGAGCCCA_014,102
ACAACGTGCTCATGAGCCCA_015,12
ACAACGTGCTCATGAGCCCA_016,114
GAATGAAGTGCAGATGAATG_001,105
GAATGAAGTGCAGATGAATG_002,34
GAATGAAGTGCAGATGAATG_003,166
GAATGAAGTGCAGATGAATG_004,152
GAATGAAGTGCAGATGAATG_005,185
GAATGAAGTGCAGATGAATG_006,170
GAATGAAGTGCAGATGAATG_007,44
GAATGAAGTGCAGATGAATG_008,38
GAATGAAGTGCAGATGAATG_009,58
GAATGAAGTGCAGATGAATG_010,83
GAATGAAGTGCAGATGAATG_011,156
GGAGAGCGAGTACATCAGTG_001,78
GGAGAGCGAGTACATCAGTG_002,103
GGAGAGCGAGTACATCAGTG_003,107
GGAGAGCGAGTACATCAGTG_004,113
GGAGAGCGAGTACATCAGTG_005,49
GGAGAGCGAGTACATCAGTG_006,198
GGAGAGCGAGTACATCAGTG_007,76
GGAGAGCGAGTACATCAGTG_008,38
GGAGAGCGAGTACATCAGTG_009,50
GGAGAGCGAGTACATCAGTG_010,58
GGAGAGCGAGTACATCAGTG_011,127
AAACACAACTGTATTAGTAG_001,15
GAAGCAGCATCCTTACAGGT_001,158
GAAGCAGCATCCTTACAGGT_002,45
GGGTCATGCCATGCTCTGTG_001,137
GGGTCATGCCATGCTCTGTG_002,62
GGGTCATGCCATGCTCTGTG_003,149
GGGTCATGCCATGCTCTGTG_004,70
GGGTCATGCCATGCTCTGTG_005,0
GGGTCATGCCATGCTCTGTG_006,101
GGGTCATGCCATGCTCTGTG_007,83
GGGTCATGCCATGCTCTGTG_008,11
GGGTCATGCCATGCTCTGTG_009,198
GGGTCATGCCATGCTCTGTG_010,175
GGGTCATGCCATGCTCTGTG_011,102
GGGTCATGCCATGCTCTGTG_012,15
GGGTCATGCCATGCTCTGTG_013,116
ACGTCCCAGCAGGCAACACA_001,56
ACGTCCCAGCAGGCAACACA_002,47
ACGTCCCAGCAGGCAACACA_003,134
ACGTCCCAGCAGGCAACACA_004,150
ACGTCCCAGCAGGCAACACA_005,107
ACGTCCCAGCAGGCAACACA_006,91
ACGTCCCAGCAGGCAACACA_007,195
ACGTCCCAGCAGGCAACACA_008,27
ACGTCCCAGCAGGCAACACA_009,56
ACGTCCCAGCAGGCAACACA_010,168
ACGTCCCAGCAGGCAACACA_011,44
ACGTCCCAGCAGGCAACACA_012,41
ACGTCCCAGCAGGCAACACA_013,197
ACGTCCCAGCAGGCAACACA_014,153
ACGTCCCAGCAGGCAACACA_015,101
ACGTCCCAGCAGGCAACACA_016,96
ACGTCCCAGCAGGCAACACA_017,130
ACGTCCCAGCAGGCAACACA_018,112
ACGTCCCAGCAGGCAACACA_019,52
ACGTCCCAGCAGGCAACACA_020,190
ACGTCCCAGCAGGCAACACA_021,88
ACGTCCCAGCAGGCAACACA_022,88
ACGTCCCAGCAGGCAACACA_023,88
ACGTCCCAGCAGGCAACACA_024,188
ATTGGGGAGAAACTGTTCCA_001,112
ATTGGGGAGAAACTGTTCCA_002,157
ATTGGGGAGAAACTGTTCCA_003,51
ATTGGGGAGAAACTGTTCCA_004,169
ATTGGGGAGAAACTGTTCCA_005,62
ATTGGGGAGAAACTGTTCCA_006,89
ATTGGAAAGCCTGGTCCCAA_001,53
ATTGGAAAGCCTGGTCCCAA_002,8
ATTGGAAAGCCTGGTCCCAA_003,150
ATTGGAAAGCCTGGTCCCAA_004,12
ATTGGAAAGCCTGGTCCCAA_005,15
ATTGGAAAGCCTGGTCCCAA_006,75
ATTGGAAAGCCTGGTCCCAA_007,124
ATTGGAAAGCCTGGTCCCAA_008,181
ATTGGAAAGCCTGGTCCCAA_009,0
ATTGGAAAGCCTGGTCCCAA_010,160
ATTGGAAAGCCTGGTCCCAA_011,50
ATTGGAAAGCCTGGTCCCAA_012,161
ATTGGAAAGCCTGGTCCCAA_013,176
ATTGGAAAGCCTGGTCCCAA_014,96
ATTGGAAAGCCTGGTCCCAA_015,8
ATTGGAAAGCCTGGTCCCAA_016,22
ATTGGAAAGCCTGGTCCCAA_017,151
ATTGGAAAGCCTGGTCCCAA_018,149
ATTGGAAAGCCTGGTCCCAA_019,62
ATTGGAAAGCCTGGTCCCAA_020,26
ATTGGAAAGCCTGGTCCCAA_021,150
ATTGGAAAGCCTGGTCCCAA_022,181
ATTGGAAAGCCTGGTCCCAA_023,58
ATTGGAAAGCCTGGTCCCAA_024,94
ATTGGAAAGCCTGGTCCCAA_025,77
ATTGGAAAGCCTGGTCCCAA_026,122
ATTGGAAAGCCTGGTCCCAA_027,2
ATTGGAAAGCCTGGTCCCAA_028,162
ATTGGAAAGCCTGGTCCCAA_029,57
ATTGGAAAGCCTGGTCCCAA_030,162
ATTGGAAAGCCTGGTCCCAA_031,104
ATTGGAAAGCCTGGTCCCAA_032,147
ACAGCAGGAACAGAAGCGGG_001,95
ACAGCAGGAACAGAAGCGGG_002,17
ACAGCAGGAACAGAAGCGGG_003,150
ACAGCAGGAACAGAAGCGGG_004,114
ACAGCAGGAACAGAAGCGGG_005,168
ACAGCAGGAACAGAAGCGGG_006,116
ACAGCAGGAACAGAAGCGGG_007,191
ACAGCAGGAACAGAAGCGGG_008,62
ACAGCAGGAACAGAAGCGGG_009,148
ACAGCAGGAACAGAAGCGGG_010,48
ACAGCAGGAACAGAAGCGGG_011,87
ACAGCAGGAACAGAAGCGGG_012,48
ACAGCAGGAACAGAAGCGGG_013,134
ACAGCAGGAACAGAAGCGGG_014,140
ACAGCAGGAACAGAAGCGGG_015,41
ACAGCAGGAACAGAAGCGGG_016,74
ACAGCAGGAACAGAAGCGGG_017,94
ACAGCAGGAACAGAAGCGGG_018,124
ACAGCAGGAACAGAAGCGGG_019,156
ACAGCAGGAACAGAAGCGGG_020,76
ACAGCAGGAACAGAAGCGGG_021,148
ACAGCAGGAACAGAAGCGGG_022,57
ACAGCAGGAACAGAAGCGGG_023,19
ACAGCAGGAACAGAAGCGGG_024,84
ACAGCAGGAACAGAAGCGGG_025,70
ACAGCAGGAACAGAAGCGGG_026,123
ACAGCAGGAACAGAAGCGGG_027,148
CCCAGACACGCAGCACTGTG_001,73
CCCAGACACGCAGCACTGTG_002,11
CCCAGACACGCAGCACTGTG_003,6
CCCAGACACGCAGCACTGTG_004,144
CCCAGACACGCAGCACTGTG_005,69
CCCAGACACGCAGCACTGTG_006,119
CCCAGACACGCAGCACTGTG_007,185
CCCAGACACGCAGCACTGTG_008,44
CCCAGACACGCAGCACTGTG_009,37
CCCAGACACGCAGCACTGTG_010,111
CCCAGACACGCAGCACTGTG_011,142
CCCAGACACGCAGCACTGTG_012,9
CCCAGACACGCAGCACTGTG_013,35
CCCAGACACGCAGCACTGTG_014,20
ATCCCGCGTACCTGGCAAGG_001,162
ATCCCGCGTACCTGGCAAGG_002,166
ATCCCGCGTACCTGGCAAGG_003,198
ATCCCGCGTACCTGGCAAGG_004,41
ATCCCGCGTACCTGGCAAGG_005,88
ATCCCGCGTACCTGGCAAGG_006,20
ATCCCGCGTACCTGGCAAGG_007,175
TTGAATCAAAGTATGGACAC_001,41
TTGAATCAAAGTATGGACAC_002,127
GCACGTGGACGCAGTTACGC_001,191
GCACGTGGACGCAGTTACGC_002,39
GCACGTGGACGCAGTTACGC_003,199
GCACGTGGACGCAGTTACGC_004,77
GCACGTGGACGCAGTTACGC_005,111
GCACGTGGACGCAGTTACGC_006,81
GCACGTGGACGCAGTTACGC_007,94
GCACGTGGACGCAGTTACGC_008,29
GCACGTGGACGCAGTTACGC_009,102
GCACGTGGACGCAGTTACGC_010,12
GCACGTGGACGCAGTTACGC_011,51
GCACGTGGACGCAGTTACGC_012,50
GCACGTGGACGCAGTTACGC_013,113
GCACGTGGACGCAGTTACGC_014,26
GCACGTGGACGCAGTTACGC_015,61
GCACGTGGACGCAGTTACGC_016,140
GCACGTGGACGCAGTTACGC_017,1
GCACGTGGACGCAGTTACGC_018,69
GCACGTGGACGCAGTTACGC_019,122
GCACGTGGACGCAGTTACGC_020,105
GCACGTGGACGCAGTTACGC_021,106
GCACGTGGACGCAGTTACGC_022,63
GCACGTGGACGCAGTTACGC_023,182
GCACGTGGACGCAGTTACGC_024,98
GCACGTGGACGCAGTTACGC_025,176
GCACGTGGACGCAGTTACGC_026,169
GCACGTGGACGCAGTTACGC_027,174
GCACGTGGACGCAGTTACGC_028,83
GCACGTGGACGCAGTTACGC_029,107
GCACGTGGACGCAGTTACGC_030,10
GCACGTGGACGCAGTTACGC_031,108
GCACGTGGACGCAGTTACGC_032,91
AAGAGTCTTCCAAACCAGTG_001,71
AAGAGTCTTCCAAACCAGTG_002,56
AAGAGTCTTCCAAACCAGTG_003,29
AAGAGTCTTCCAAACCAGTG_004,184
AAGAGTCTTCCAAACCAGTG_005,59
AAGAGTCTTCCAAACCAGTG_006,67
AAGAGTCTTCCAAACCAGTG_007,88
AAGAGTCTTCCAAACCAGTG_008,136
ACTAGGGCGTACTTTGCACA_001,177
ACTAGGGCGTACTTTGCACA_002,141
ACTAGGGCGTACTTTGCACA_003,170
GCTCTGTGCCAAGTATAGCA_001,5
GCTCTGTGCCAAGTATAGCA_002,166
GCTCTGTGCCAAGTATAGCA_003,51
GCTCTGTGCCAAGTATAGCA_004,144
GCTCTGTGCCAAGTATAGCA_005,1
GCTCTGTGCCAAGTATAGCA_006,57
AGCAGGTATTTCCCATATTC_001,157
AGCAGGTATTTCCCATATTC_002,157
AGCAGGTATTTCCCATATTC_003,122
AGCAGGTATTTCCCATATTC_004,20
AGCAGGTATTTCCCATATTC_005,105
AGCAGGTATTTCCCATATTC_006,176
AGGGATGGCTGGAGGAACCA_001,172
AGGGATGGCTGGAGGAACCA_002,136
AGGGATGGCTGGAGGAACCA_003,137
AGGGATGGCTGGAGGAACCA_004,1
AGGGATGGCTGGAGGAACCA_005,175
AGGGATGGCTGGAGGAACCA_006,50
AGGGATGGCTGGAGGAACCA_007,50
AGGGATGGCTGGAGGAACCA_008,169
AGGGATGGCTGGAGGAACCA_009,13
AGGGATGGCTGGAGGAACCA_010,192
AGGGATGGCTGGAGGAACCA_011,132
AGGGATGGCTGGAGGAACCA_012,76
AGGGATGGCTGGAGGAACCA_013,118
AGGGATGGCTGGAGGAACCA_014,38
AGGGATGGCTGGAGGAACCA_015,104
AGGGATGGCTGGAGGAACCA_016,188
AGGGATGGCTGGAGGAACCA_017,18
AGGGATGGCTGGAGGAACCA_018,164
AGGGATGGCTGGAGGAACCA_019,56
AGGGATGGCTGGAGGAACCA_020,104
GACACCATGTGGCCACAAAG_001,194
GACACCATGTGGCCACAAAG_002,53
GACACCATGTGGCCACAAAG_003,80
GACACCATGTGGCCACAAAG_004,199
AGGACGCCAGGATCCGACTG_001,79
AGGACGCCAGGATCCGACTG_002,53
AGGACGCCAGGATCCGACTG_003,134
AGGACGCCAGGATCCGACTG_004,183
AGGACGCCAGGATCCGACTG_005,144
AGGACGCCAGGATCCGACTG_006,172
AGGACGCCAGGATCCGACTG_007,78
AGGACGCCAGGATCCGACTG_008,137
AGGACGCCAGGATCCGACTG_009,197
AGGACGCCAGGATCCGACTG_010,162
AGGACGCCAGGATCCGACTG_011,193
ATTTATCAGAACTAAACCGT_001,175
ATTTATCAGAACTAAACCGT_002,168
ATTTATCAGAACTAAACCGT_003,121
ATTTATCAGAACTAAACCGT_004,22
AAGTCAAAGAACAAGAAGAC_001,42
AAGTCAAAGAACAAGAAGAC_002,8
AAGTCAAAGAACAAGAAGAC_003,102
AAGTCAAAGAACAAGAAGAC_004,4
GTGGCAAGACTATAAGCCTG_001,172
GTGGCAAGACTATAAGCCTG_002,6
GTGGCAAGACTATAAGCCTG_003,48
GTGGCAAGACTATAAGCCTG_004,162
GTGGCAAGACTATAAGCCTG_005,19
TGTATACACACAGCCTGCAA_001,68
TGTATACACACAGCCTGCAA_002,119
TGTATACACACAGCCTGCAA_003,12
TGTATACACACAGCCTGCAA_004,151
TGTATACACACAGCCTGCAA_005,189
TGTATACACACAGCCTGCAA_006,174
TGTATACACACAGCCTGCAA_007,69
TGTATACACACAGCCTGCAA_008,143
ACATGTAAGGCCAAAAAGCA_001,124
CTATCCAGTACATGGTATGG_001,45
CTATCCAGTACATGGTATGG_002,25
CTATCCAGTACATGGTATGG_003,82
CTATCCAGTACATGGTATGG_004,31
CTATCCAGTACATGGTATGG_005,19
GCTGAATGGAGTGCTAACCC_001,112
GGGTAGAGGAACTGGCCGCG_001,145
GGGTAGAGGAACTGGCCGCG_002,65
GGGTAGAGGAACTGGCCGCG_003,189
GGGTAGAGGAACTGGCCGCG_004,45
GTAGGAGGCATACATCAGCG_001,194
GTAGGAGGCATACATCAGCG_002,169
TGGAGCGCATCCACTCGCTG_001,149
TGGAGCGCATCCACTCGCTG_002,77
TGGAGCGCATCCACTCGCTG_003,151
TGGAGCGCATCCACTCGCTG_004,88
TGGAGCGCATCCACTCGCTG_005,75
TGGAGCGCATCCACTCGCTG_006,6
GTGTTGATGCACTACCCCCG_001,98
GTGTTGATGCACTACCCCCG_002,24
GTGTTGATGCACTACCCCCG_003,73
GTGTTGATGCACTACCCCCG_004,198
GTGTTGATGCACTACCCCCG_005,22
GTGTTGATGCACTACCCCCG_006,169
GTGTTGATGCACTACCCCCG_007,88
GTGTTGATGCACTACCCCCG_008,147
GTGTTGATGCACTACCCCCG_009,146
GTGTTGATGCACTACCCCCG_010,131
GTGTTGATGCACTACCCCCG_011,1
GTGTTGATGCACTACCCCCG_012,19
GTGTTGATGCACTACCCCCG_013,152
GTGTTGATGCACTACCCCCG_014,38
GTGTTGATGCACTACCCCCG_015,147
TGGGTATGGTGGTGCCAGAG_001,19
TGGGTATGGTGGTGCCAGAG_002,196
TGGGTATGGTGGTGCCAGAG_003,173
TTCCAGAAGATTTAACTACG_001,65
TTCCAGAAGATTTAACTACG_002,140
TTCCAGAAGATTTAACTACG_003,177
TTCCAGAAGATTTAACTACG_004,188
TTCCAGAAGATTTAACTACG_005,178
TGTTACTGGCTGACTCAACG_001,17
TGTTACTGGCTGACTCAACG_002,53
TGTTACTGGCTGACTCAACG_003,14
TGTTACTGGCTGACTCAACG_004,160
TGTTACTGGCTGACTCAACG_005,82
TGTTACTGGCTGACTCAACG_006,92
TGTTACTGGCTGACTCAACG_007,20
TGTTACTGGCTGACTCAACG_008,127
CCTGTGAGGGCTGGATGACG_001,95
CCTGTGAGGGCTGGATGACG_002,115
CCTGTGAGGGCTGGATGACG_003,128
CCTGTGAGGGCTGGATGACG_004,198
CCTGTGAGGGCTGGATGACG_005,68
CCTGTGAGGGCTGGATGACG_006,156
CCTGTGAGGGCTGGATGACG_007,152
AAGGGGCTGAAGTTTGCAGG_001,49
AAGGGGCTGAAGTTTGCAGG_002,32
AAGGGGCTGAAGTTTGCAGG_003,132
AAGGGGCTGAAGTTTGCAGG_004,117
AAGGGGCTGAAGTTTGCAGG_005,134
AAGGGGCTGAAGTTTGCAGG_006,156
AAGGGGCTGAAGTTTGCAGG_007,185
AAGGGGCTGAAGTTTGCAGG_008,128
AAGGGGCTGAAGTTTGCAGG_009,75
AAGGGGCTGAAGTTTGCAGG_010,197
AAGGGGCTGAAGTTTGCAGG_011,178
AAGGGGCTGAAGTTTGCAGG_012,47
AAGGGGCTGAAGTTTGCAGG_013,191
AAGGGGCTGAAGTTTGCAGG_014,2
AAGGGGCTGAAGTTTGCAGG_015,51
AAGGGGCTGAAGTTTGCAGG_016,124
AAGGGGCTGAAGTTTGCAGG_017,191
AAGGGGCTGAAGTTTGCAGG_018,122
GTTGCTGAGAAAACCTTGTG_001,1
GTTGCTGAGAAAACCTTGTG_002,151
GTTGCTGAGAAAACCTTGTG_003,189
GTTGCTGAGAAAACCTTGTG_004,168
GTTGCTGAGAAAACCTTGTG_005,8
CCAAAACTTCACCTGGACGA_001,3
CCAAAACTTCACCTGGACGA_002,52
CCAAAACTTCACCTGGACGA_003,171
GGAGGTGAACCCTGTGCGCA_001,118
GGAGGTGAACCCTGTGCGCA_002,172
GGAGGTGAACCCTGTGCGCA_003,175
GGAGGTGAACCCTGTGCGCA_004,149
GGAGGTGAACCCTGTGCGCA_005,27
AACAAAGAATCTCCTTGACA_001,66
AACAAAGAATCTCCTTGACA_002,117
AACAAAGAATCTCCTTGACA_003,55
AACAAAGAATCTCCTTGACA_004,123
AACAAAGAATCTCCTTGACA_005,161
AACAAAGAATCTCCTTGACA_006,108
TCTGGAGTTGACTATTACGA_001,148
TCTGGAGTTGACTATTACGA_002,15
TCTGGAGTTGACTATTACGA_003,166
TCTGGAGTTGACTATTACGA_004,36
TCTGGAGTTGACTATTACGA_005,197
TCTGGAGTTGACTATTACGA_006,77
TCTGGAGTTGACTATTACGA_007,199
TCTGGAGTTGACTATTACGA_008,63
TAGCTAAATATTTAGCACAG_001,1
TAGCTAAATATTTAGCACAG_002,153
TAGCTAAATATTTAGCACAG_003,160
CATAGCCGGGCAGAGCATCG_001,1
CATAGCCGGGCAGAGCATCG_002,195
CATAGCCGGGCAGAGCATCG_003,137
CATAGCCGGGCAGAGCATCG_004,2
CATAGCCGGGCAGAGCATCG_005,54
CATAGCCGGGCAGAGCATCG_006,54
CATAGCCGGGCAGAGCATCG_007,149
CATAGCCGGGCAGAGCATCG_008,61
CATAGCCGGGCAGAGCATCG_009,147
CATAGCCGGGCAGAGCATCG_010,60
CATAGCCGGGCAGAGCATCG_011,17
CATAGCCGGGCAGAGCATCG_012,123
ACTGAACAAAGGCCATGTAG_001,80
ACTGAACAAAGGCCATGTAG_002,56
ACTGAACAAAGGCCATGTAG_003,77
ACTGAACAAAGGCCATGTAG_004,62
ACTGAACAAAGGCCATGTAG_005,124
ACTGAACAAAGGCCATGTAG_006,85
ACTGAACAAAGGCCATGTAG_007,55
ACTGAACAAAGGCCATGTAG_008,82
ACTGAACAAAGGCCATGTAG_009,161
ACTGAACAAAGGCCATGTAG_010,113
ACTGAACAAAGGCCATGTAG_011,116
ACTGAACAAAGGCCATGTAG_012,121
ACTGAACAAAGGCCATGTAG_013,12
ACTGAACAAAGGCCATGTAG_014,118
GGAGAGATGGGACACTAACA_001,24
GGAGAGATGGGACACTAACA_002,81
GGAGAGATGGGACACTAACA_003,180
GGAGAGATGGGACACTAACA_004,102
ATGATCAGAAAGAGCCGTAG_001,141
ATGATCAGAAAGAGCCGTAG_002,130
ATGATCAGAAAGAGCCGTAG_003,4
GGGTCACGTTCACATTGCCG_001,106
GGGTCACGTTCACATTGCCG_002,94
GGGTCACGTTCACATTGCCG_003,158
GGGTCACGTTCACATTGCCG_004,30
GGACACGTGAAGCGTCCTAG_001,141
GGACACGTGAAGCGTCCTAG_002,76
GGACACGTGAAGCGTCCTAG_003,103
GGACACGTGAAGCGTCCTAG_004,91
TTCTCTCCTAACCGCAAGCA_001,38
TTCTCTCCTAACCGCAAGCA_002,158
TTCTCTCCTAACCGCAAGCA_003,147
TTCTCTCCTAACCGCAAGCA_004,199
TTCTCTCCTAACCGCAAGCA_005,107
TTCTCTCCTAACCGCAAGCA_006,16
TTCTCTCCTAACCGCAAGCA_007,28
GTCCTTCGGAGATATCTACC_001,100
GTCCTTCGGAGATATCTACC_002,77
GTCCTTCGGAGATATCTACC_003,105
GACCGACAACAAGACAGGAG_001,35
GACCGACAACAAGACAGGAG_002,160
GACCGACAACAAGACAGGAG_003,2
GACCGACAACAAGACAGGAG_004,99
GACCGACAACAAGACAGGAG_005,1
GACCGACAACAAGACAGGAG_006,51
GACCGACAACAAGACAGGAG_007,121
GACCGACAACAAGACAGGAG_008,98
GACCGACAACAAGACAGGAG_009,34
GACCGACAACAAGACAGGAG_010,82
GACCGACAACAAGACAGGAG_011,156
GACCGACAACAAGACAGGAG_012,169
GACCGACAACAAGACAGGAG_013,13
GACCGACAACAAGACAGGAG_014,68
GACCGACAACAAGACAGGAG_015,137
GACCGACAACAAGACAGGAG_016,177
GACCGACAACAAGACAGGAG_017,146
GACCGACAACAAGACAGGAG_018,1
GACCGACAACAAGACAGGAG_019,47
GACCGACAACAAGACAGGAG_020,6
GACCGACAACAAGACAGGAG_021,114
GACCGACAACAAGACAGGAG_022,143
TGTATGCTAGCCATTAAAGA_001,19
TGTATGCTAGCCATTAAAGA_002,77
TGTATGCTAGCCATTAAAGA_003,145
TGTATGCTAGCCATTAAAGA_004,179
TGTATGCTAGCCATTAAAGA_005,4
TGTATGCTAGCCATTAAAGA_006,88
TGTATGCTAGCCATTAAAGA_007,52
TTTATTCTCCAGACACACTG_001,102
TTTATTCTCCAGACACACTG_002,148
TTTATTCTCCAGACACACTG_003,127
TTTATTCTCCAGACACACTG_004,188
TTTATTCTCCAGACACACTG_005,78
TTTATTCTCCAGACACACTG_006,3
TTTATTCTCCAGACACACTG_007,90
TTTATTCTCCAGACACACTG_008,126
TTTATTCTCCAGACACACTG_009,176
AAGTAATGTAAGCATCCAGA_001,177
AAGTAATGTAAGCATCCAGA_002,137
AAGTAATGTAAGCATCCAGA_003,147
AAGTAATGTAAGCATCCAGA_004,53
AAGTAATGTAAGCATCCAGA_005,169
AAGTAATGTAAGCATCCAGA_006,166
AAGTAATGTAAGCATCCAGA_007,23
AAGTAATGTAAGCATCCAGA_008,160
GAATGTGCGGGACGTAGTGG_001,28
GAATGTGCGGGACGTAGTGG_002,49
GAATGTGCGGGACGTAGTGG_003,127
GAATGTGCGGGACGTAGTGG_004,9
GAATGTGCGGGACGTAGTGG_005,65
GAATGTGCGGGACGTAGTGG_006,2
GAATGTGCGGGACGTAGTGG_007,28
GAATGTGCGGGACGTAGTGG_008,82
GAATTCGAAAGTGATCACTG_001,148
GAATTCGAAAGTGATCACTG_002,185
GAATTCGAAAGTGATCACTG_003,94
GAATTCGAAAGTGATCACTG_004,133
GAATTCGAAAGTGATCACTG_005,150
ACTACAAGCGGACTGTGAAG_001,118
ACTACAAGCGGACTGTGAAG_002,170
ACTACAAGCGGACTGTGAAG_003,12
ACTACAAGCGGACTGTGAAG_004,116
ACTACAAGCGGACTGTGAAG_005,146
ACTACAAGCGGACTGTGAAG_006,82
ACTACAAGCGGACTGTGAAG_007,169
ACTACAAGCGGACTGTGAAG_008,183
ACTACAAGCGGACTGTGAAG_009,17
ACTACAAGCGGACTGTGAAG_010,93
ACTACAAGCGGACTGTGAAG_011,22
ACTACAAGCGGACTGTGAAG_012,150
ACTACAAGCGGACTGTGAAG_013,160
ACTACAAGCGGACTGTGAAG_014,6
ACTACAAGCGGACTGTGAAG_015,80
ACTACAAGCGGACTGTGAAG_016,105
ACTACAAGCGGACTGTGAAG_017,17
ACTACAAGCGGACTGTGAAG_018,137
CAGACACGTGTGACTGTAGT_001,50
CAGACACGTGTGACTGTAGT_002,147
CAGACACGTGTGACTGTAGT_003,2
CAGACACGTGTGACTGTAGT_004,68
CAGACACGTGTGACTGTAGT_005,40
CTCCTGGCGAGAGTACGAGG_001,41
CTCCTGGCGAGAGTACGAGG_002,96
CTCCTGGCGAGAGTACGAGG_003,145
CTCCTGGCGAGAGTACGAGG_004,198
CTCCTGGCGAGAGTACGAGG_005,133
CTCCTGGCGAGAGTACGAGG_006,29
CTCCTGGCGAGAGTACGAGG_007,194
CTCCTGGCGAGAGTACGAGG_008,3
CTCCTGGCGAGAGTACGAGG_009,15
CTCCTGGCGAGAGTACGAGG_010,22
CTCCTGGCGAGAGTACGAGG_011,191
CTCCTGGCGAGAGTACGAGG_012,159
CTCCTGGCGAGAGTACGAGG_013,109
CTCCTGGCGAGAGTACGAGG_014,78
CTCCTGGCGAGAGTACGAGG_015,155
CTCCTGGCGAGAGTACGAGG_016,164
CTCCTGGCGAGAGTACGAGG_017,198
CTCCTGGCGAGAGTACGAGG_018,124
GGATAAATCCAGTGTCGTTG_001,43
AGGACGGACAATTAACGACC_001,146
AGGACGGACAATTAACGACC_002,150
AGGACGGACAATTAACGACC_003,1
AGGACGGACAATTAACGACC_004,147
AGGACGGACAATTAACGACC_005,150
AGGACGGACAATTAACGACC_006,19
AGGACGGACAATTAACGACC_007,37
AGGACGGACAATTAACGACC_008,149
CGGGACCTCTCGTCCCACTC_001,94
CGGGACCTCTCGTCCCACTC_002,94
CGGGACCTCTCGTCCCACTC_003,94
TAGGCTGCAAGCATGTTGTG_001,183
TAGGCTGCAAGCATGTTGTG_002,172
TAGGCTGCAAGCATGTTGTG_003,143
TAGGCTGCAAGCATGTTGTG_004,169
GCATACTCGAGTTTCCGGCC_001,195
GCATACTCGAGTTTCCGGCC_002,20
GCATACTCGAGTTTCCGGCC_003,197
GCATACTCGAGTTTCCGGCC_004,170
GCATACTCGAGTTTCCGGCC_005,174
TATGTGTAGTAAGGACAGAG_001,188
TATGTGTAGTAAGGACAGAG_002,168
AGCCGCTACTGGTGTAATGA_001,182
CCATTGGGCAGCCCGAAGAG_001,78
CCATTGGGCAGCCCGAAGAG_002,86
CCATTGGGCAGCCCGAAGAG_003,26
CCATTGGGCAGCCCGAAGAG_004,21
CCATTGGGCAGCCCGAAGAG_005,145
CCATTGGGCAGCCCGAAGAG_006,166
CCATTGGGCAGCCCGAAGAG_007,175
CCATTGGGCAGCCCGAAGAG_008,140
CCATTGGGCAGCCCGAAGAG_009,148
CCATTGGGCAGCCCGAAGAG_010,145
CCATTGGGCAGCCCGAAGAG_011,61
CCATTGGGCAGCCCGAAGAG_012,180
CCATTGGGCAGCCCGAAGAG_013,105
CCATTGGGCAGCCCGAAGAG_014,9
CCATTGGGCAGCCCGAAGAG_015,68
CCATTGGGCAGCCCGAAGAG_016,59
CCATTGGGCAGCCCGAAGAG_017,141
CCATTGGGCAGCCCGAAGAG_018,1
CCATTGGGCAGCCCGAAGAG_019,141
CCATTGGGCAGCCCGAAGAG_020,3
CCATTGGGCAGCCCGAAGAG_021,78
CCATTGGGCAGCCCGAAGAG_022,1
CCATTGGGCAGCCCGAAGAG_023,3
CCATTGGGCAGCCCGAAGAG_024,43
CCATTGGGCAGCCCGAAGAG_025,39
CTCCAAGCGCCGTTCCCGAG_001,169
CTCCAAGCGCCGTTCCCGAG_002,197
CTCCAAGCGCCGTTCCCGAG_003,182
CTCCAAGCGCCGTTCCCGAG_004,94
CTCCAAGCGCCGTTCCCGAG_005,177
CTCCAAGCGCCGTTCCCGAG_006,86
CTCCAAGCGCCGTTCCCGAG_007,6
CTCCAAGCGCCGTTCCCGAG_008,102
CTCCTCCTACAGATACAAAC_001,38
CTCCTCCTACAGATACAAAC_002,81
CTCCTCCTACAGATACAAAC_003,188
CTCCTCCTACAGATACAAAC_004,39
CTCCTCCTACAGATACAAAC_005,142
CTCCTCCTACAGATACAAAC_006,142
CTCCTCCTACAGATACAAAC_007,63
GGAGGAGCGGATCCGTCGCG_001,63
GGAGGAGCGGATCCGTCGCG_002,34
GGAGGAGCGGATCCGTCGCG_003,6
GGAGGAGCGGATCCGTCGCG_004,102
GGAGGAGCGGATCCGTCGCG_005,163
GGAGGAGCGGATCCGTCGCG_006,124
GGAGGAGCGGATCCGTCGCG_007,80
CCGAGGCGGTCGCTGATCTG_001,197
CCGAGGCGGTCGCTGATCTG_002,170
CCGAGGCGGTCGCTGATCTG_003,114
CCGAGGCGGTCGCTGATCTG_004,152
CCGAGGCGGTCGCTGATCTG_005,31
CCGAGGCGGTCGCTGATCTG_006,87
CCGAGGCGGTCGCTGATCTG_007,87
CCGAGGCGGTCGCTGATCTG_008,105
CCGAGGCGGTCGCTGATCTG_009,194
CCGAGGCGGTCGCTGATCTG_010,193
CCGAGGCGGTCGCTGATCTG_011,44
CCGAGGCGGTCGCTGATCTG_012,81
CCGAGGCGGTCGCTGATCTG_013,197
CCGAGGCGGTCGCTGATCTG_014,1
ACCAGGGCTACTGTAGACCC_001,118
TCATGTACCTGTCCTAGCAG_001,150
TCATGTACCTGTCCTAGCAG_002,59
TCATGTACCTGTCCTAGCAG_003,44
TCATGTACCTGTCCTAGCAG_004,82
AATCTTAACAACTTACCAAG_001,108
AATCTTAACAACTTACCAAG_002,1
AATCTTAACAACTTACCAAG_003,127
AGTTAGTGAGTCAGTGTTTG_001,81
AGTTAGTGAGTCAGTGTTTG_002,1
AGTTAGTGAGTCAGTGTTTG_003,62
AGTTAGTGAGTCAGTGTTTG_004,54
AGTTAGTGAGTCAGTGTTTG_005,29
AGTTAGTGAGTCAGTGTTTG_006,158
AGTTAGTGAGTCAGTGTTTG_007,61
AGTTAGTGAGTCAGTGTTTG_008,50
AGTTAGTGAGTCAGTGTTTG_009,17
AGTTAGTGAGTCAGTGTTTG_010,185
AGTTAGTGAGTCAGTGTTTG_011,16
AGTTAGTGAGTCAGTGTTTG_012,127
AGTTAGTGAGTCAGTGTTTG_013,170
AGTATCTACCCAATCAGACA_001,117
AGTATCTACCCAATCAGACA_002,176
AGTATCTACCCAATCAGACA_003,36
AGTATCTACCCAATCAGACA_004,47
AGTATCTACCCAATCAGACA_005,52
AGTATCTACCCAATCAGACA_006,149
AGTATCTACCCAATCAGACA_007,117
AGTATCTACCCAATCAGACA_008,90
ACCAACACCGAGTATGACGA_001,191
ACCAACACCGAGTATGACGA_002,36
ACCAACACCGAGTATGACGA_003,30
ACCAACACCGAGTATGACGA_004,84
ACCAACACCGAGTATGACGA_005,33
ACCAACACCGAGTATGACGA_006,70
ACCAACACCGAGTATGACGA_007,184
ACCAACACCGAGTATGACGA_008,6
ACCAACACCGAGTATGACGA_009,46
ACCAACACCGAGTATGACGA_010,57
ACCAACACCGAGTATGACGA_011,61
GGAAATTCACGTAGGCCACA_001,128
GGAAATTCACGTAGGCCACA_002,119
GGAAATTCACGTAGGCCACA_003,73
GGAAATTCACGTAGGCCACA_004,34
GGAAATTCACGTAGGCCACA_005,198
GGAAATTCACGTAGGCCACA_006,63
GGAAATTCACGTAGGCCACA_007,142
GGAAATTCACGTAGGCCACA_008,129
GAGCTTGATGTGACCCATGG_001,61
GAGCTTGATGTGACCCATGG_002,120
GAGCTTGATGTGACCCATGG_003,149
GAGCTTGATGTGACCCATGG_004,159
GAGCTTGATGTGACCCATGG_005,150
GAGCTTGATGTGACCCATGG_006,195
GAGCTTGATGTGACCCATGG_007,41
GAGCTTGATGTGACCCATGG_008,28
GAGCTTGATGTGACCCATGG_009,19
GAGCTTGATGTGACCCATGG_010,188
GAGCTTGATGTGACCCATGG_011,8
GAGCTTGATGTGACCCATGG_012,56
GTACCGGCAATGTTGACAGT_001,188
GTACCGGCAATGTTGACAGT_002,134
GTACCGGCAATGTTGACAGT_003,94
GTACCGGCAATGTTGACAGT_004,184
GTACCGGCAATGTTGACAGT_005,78
GTACCGGCAATGTTGACAGT_006,192
GTACCGGCAATGTTGACAGT_007,194
GTACCGGCAATGTTGACAGT_008,110
GTACCGGCAATGTTGACAGT_009,185
GTACCGGCAATGTTGACAGT_010,105
GTACCGGCAATGTTGACAGT_011,62
GTACCGGCAATGTTGACAGT_012,166
GTACCGGCAATGTTGACAGT_013,106
GTACCGGCAATGTTGACAGT_014,182
GTACCGGCAATGTTGACAGT_015,153
GTACCGGCAATGTTGACAGT_016,120
GTACCGGCAATGTTGACAGT_017,158
CGGTGGGGATGTACTCTCCG_001,53
CGGTGGGGATGTACTCTCCG_002,186
CGGTGGGGATGTACTCTCCG_003,102
CGGTGGGGATGTACTCTCCG_004,72
CGGTGGGGATGTACTCTCCG_005,30
CGGTGGGGATGTACTCTCCG_006,133
CGGTGGGGATGTACTCTCCG_007,109
CGGTGGGGATGTACTCTCCG_008,103
CGGTGGGGATGTACTCTCCG_009,5
CGGTGGGGATGTACTCTCCG_010,52
AAGATACAAATCGAGCAATG_001,116
AAGATACAAATCGAGCAATG_002,70
AAGATACAAATCGAGCAATG_003,115
GGCTGGTTGACGACTCCTGA_001,192
GGCTGGTTGACGACTCCTGA_002,61
GGCTGGTTGACGACTCCTGA_003,37
GGCTGGTTGACGACTCCTGA_004,35
GGCTGGTTGACGACTCCTGA_005,76
GGCTGGTTGACGACTCCTGA_006,184
GGCTGGTTGACGACTCCTGA_007,115
GGCTGGTTGACGACTCCTGA_008,147
GGCTGGTTGACGACTCCTGA_009,87
GGCTGGTTGACGACTCCTGA_010,194
GGCTGGTTGACGACTCCTGA_011,138
GGCTGGTTGACGACTCCTGA_012,154
GGCTGGTTGACGACTCCTGA_013,11
GGCTGGTTGACGACTCCTGA_014,146
GGCTGGTTGACGACTCCTGA_015,51
GGCTGGTTGACGACTCCTGA_016,197
GGCTGGTTGACGACTCCTGA_017,53
GGCTGGTTGACGACTCCTGA_018,9
GGCTGGTTGACGACTCCTGA_019,121
GGCTGGTTGACGACTCCTGA_020,174
GGCTGGTTGACGACTCCTGA_021,36
GGCTGGTTGACGACTCCTGA_022,120
GGCTGGTTGACGACTCCTGA_023,58
GGCTGGTTGACGACTCCTGA_024,35
GGCTGGTTGACGACTCCTGA_025,69
GGCTGGTTGACGACTCCTGA_026,70
GGCTGGTTGACGACTCCTGA_027,96
GGCTGGTTGACGACTCCTGA_028,95
GGCTGGTTGACGACTCCTGA_029,181
GGCTGGTTGACGACTCCTGA_030,82
GGCTGGTTGACGACTCCTGA_031,75
GGCTGGTTGACGACTCCTGA_032,12
GGCTGGTTGACGACTCCTGA_033,76
GGCTGGTTGACGACTCCTGA_034,183
GGCTGGTTGACGACTCCTGA_035,60
GGCTGGTTGACGACTCCTGA_036,94
GGCTGGTTGACGACTCCTGA_037,98
GGCTGGTTGACGACTCCTGA_038,76
GGCTGGTTGACGACTCCTGA_039,58
GGCTGGTTGACGACTCCTGA_040,183
GGCTGGTTGACGACTCCTGA_041,184
GGCTGGTTGACGACTCCTGA_042,141
GGCTGGTTGACGACTCCTGA_043,188
GGCTGGTTGACGACTCCTGA_044,94
GGCTGGTTGACGACTCCTGA_045,37
GGCTGGTTGACGACTCCTGA_046,141
GGCTGGTTGACGACTCCTGA_047,51
GGCTGGTTGACGACTCCTGA_048,34
GGCTGGTTGACGACTCCTGA_049,168
GGCTGGTTGACGACTCCTGA_050,138
GGCTGGTTGACGACTCCTGA_051,169
GGCTGGTTGACGACTCCTGA_052,171
GGCTGGTTGACGACTCCTGA_053,158
GGCTGGTTGACGACTCCTGA_054,150
GGCTGGTTGACGACTCCTGA_055,144
GGCTGGTTGACGACTCCTGA_056,116
GGCTGGTTGACGACTCCTGA_057,42
GGCTGGTTGACGACTCCTGA_058,16
GGCTGGTTGACGACTCCTGA_059,67
GGCTGGTTGACGACTCCTGA_060,164
GGCTGGTTGACGACTCCTGA_061,188
GGCTGGTTGACGACTCCTGA_062,94
GGCTGGTTGACGACTCCTGA_063,48
GGCTGGTTGACGACTCCTGA_064,138
GGCTGGTTGACGACTCCTGA_065,3
GGCTGGTTGACGACTCCTGA_066,170
GGCTGGTTGACGACTCCTGA_067,70
GGCTGGTTGACGACTCCTGA_068,106
GGCTGGTTGACGACTCCTGA_069,196
GGCTGGTTGACGACTCCTGA_070,97
GGCTGGTTGACGACTCCTGA_071,66
GGCTGGTTGACGACTCCTGA_072,56
GGCTGGTTGACGACTCCTGA_073,152
GGCTGGTTGACGACTCCTGA_074,135
GGCTGGTTGACGACTCCTGA_075,10
GGCTGGTTGACGACTCCTGA_076,115
TAAGTCTGGAGACTGCTGTG_001,42
TAAGTCTGGAGACTGCTGTG_002,150
TAAGTCTGGAGACTGCTGTG_003,54
TAAGTCTGGAGACTGCTGTG_004,171
TAAGTCTGGAGACTGCTGTG_005,58
TAAGTCTGGAGACTGCTGTG_006,77
TAAGTCTGGAGACTGCTGTG_007,192
TAAGTCTGGAGACTGCTGTG_008,113
TAAGTCTGGAGACTGCTGTG_009,147
TAAGTCTGGAGACTGCTGTG_010,155
TAAGTCTGGAGACTGCTGTG_011,1
TAAGTCTGGAGACTGCTGTG_012,10
TAAGTCTGGAGACTGCTGTG_013,19
TAAGTCTGGAGACTGCTGTG_014,105
TGGAGAACGTATTTCAGTGT_001,30
TGGAGAACGTATTTCAGTGT_002,50
ATTGTTCTTACCATTTGCCA_001,149
ATTGTTCTTACCATTTGCCA_002,105
ATTGTTCTTACCATTTGCCA_003,42
ATTGTTCTTACCATTTGCCA_004,50
AATAAAAGGATACTAAACGA_001,182
ACAGGTGCTTGACCAAAGAG_001,116
ACAGGTGCTTGACCAAAGAG_002,188
ACAGGTGCTTGACCAAAGAG_003,98
ACAGGTGCTTGACCAAAGAG_004,60
ACAGGTGCTTGACCAAAGAG_005,197
ACAGGTGCTTGACCAAAGAG_006,34
ACAGGTGCTTGACCAAAGAG_007,38
GGAATAGCAGAAATCGACGA_001,168
GGAATAGCAGAAATCGACGA_002,48
GGAATAGCAGAAATCGACGA_003,105
GGAATAGCAGAAATCGACGA_004,1
GGAATAGCAGAAATCGACGA_005,89
TGGACAATCAAACATAGTGA_001,95
TGGACAATCAAACATAGTGA_002,172
TGGACAATCAAACATAGTGA_003,19
TGGACAATCAAACATAGTGA_004,65
TGGATGCAGTAGACTACCCG_001,6
TGGATGCAGTAGACTACCCG_002,48
TGGATGCAGTAGACTACCCG_003,0
TGGATGCAGTAGACTACCCG_004,6
TGGATGCAGTAGACTACCCG_005,181
TGGATGCAGTAGACTACCCG_006,14
TGGATGCAGTAGACTACCCG_007,166
TGGATGCAGTAGACTACCCG_008,0
TGGATGCAGTAGACTACCCG_009,68
TGGATGCAGTAGACTACCCG_010,153
TGGATGCAGTAGACTACCCG_011,133
TGGATGCAGTAGACTACCCG_012,150
TGGATGCAGTAGACTACCCG_013,58
TGGATGCAGTAGACTACCCG_014,68
TGGATGCAGTAGACTACCCG_015,192
TGGATGCAGTAGACTACCCG_016,43
TGGATGCAGTAGACTACCCG_017,98
TGGATGCAGTAGACTACCCG_018,49
TGGATGCAGTAGACTACCCG_019,13
AGAATTCCTGCAATTCAGTG_001,190
AGAATTCCTGCAATTCAGTG_002,62
AGAATTCCTGCAATTCAGTG_003,38
GGAGCCACCCCTCGTCCCGG_001,184
GGAGCCACCCCTCGTCCCGG_002,6
GGAGCCACCCCTCGTCCCGG_003,168
GGAGCCACCCCTCGTCCCGG_004,162
GGAGCCACCCCTCGTCCCGG_005,72
GGAGCCACCCCTCGTCCCGG_006,137
GGAGCCACCCCTCGTCCCGG_007,37
GGAGCCACCCCTCGTCCCGG_008,98
GGAGCCACCCCTCGTCCCGG_009,104
GGAGCCACCCCTCGTCCCGG_010,121
GGAGCCACCCCTCGTCCCGG_011,3
GGAGCCACCCCTCGTCCCGG_012,188
GGAGCCACCCCTCGTCCCGG_013,112
GGAGCCACCCCTCGTCCCGG_014,197
GGAGCCACCCCTCGTCCCGG_015,48
GGAGCCACCCCTCGTCCCGG_016,105
GGAGCCACCCCTCGTCCCGG_017,46
GGAGCCACCCCTCGTCCCGG_018,1
GGAGCCACCCCTCGTCCCGG_019,100
GGAGCCACCCCTCGTCCCGG_020,102
GGAGCCACCCCTCGTCCCGG_021,6
GGAGCCACCCCTCGTCCCGG_022,137
GGAGCCACCCCTCGTCCCGG_023,197
GGAGCCACCCCTCGTCCCGG_024,34
GGAGCCACCCCTCGTCCCGG_025,12
AGATAATCTAAAATGCCCTG_001,113
AGATAATCTAAAATGCCCTG_002,34
AGATAATCTAAAATGCCCTG_003,175
AGATAATCTAAAATGCCCTG_004,38
AGATAATCTAAAATGCCCTG_005,116
AGATAATCTAAAATGCCCTG_006,176
AGATAATCTAAAATGCCCTG_007,49
AGATAATCTAAAATGCCCTG_008,20
AGATAATCTAAAATGCCCTG_009,166
AGATAATCTAAAATGCCCTG_010,196
AGATAATCTAAAATGCCCTG_011,127
AGATAATCTAAAATGCCCTG_012,115
AGATAATCTAAAATGCCCTG_013,40
AGATAATCTAAAATGCCCTG_014,166
AGATAATCTAAAATGCCCTG_015,148
AGATAATCTAAAATGCCCTG_016,86
AGATAATCTAAAATGCCCTG_017,23
AGATAATCTAAAATGCCCTG_018,172
AGATAATCTAAAATGCCCTG_019,43
AGATAATCTAAAATGCCCTG_020,178
AGATAATCTAAAATGCCCTG_021,121
AGATAATCTAAAATGCCCTG_022,28
AGATAATCTAAAATGCCCTG_023,20
AGATAATCTAAAATGCCCTG_024,39
AGATAATCTAAAATGCCCTG_025,63
AGATAATCTAAAATGCCCTG_026,124
AGATAATCTAAAATGCCCTG_027,94
AGATAATCTAAAATGCCCTG_028,37
AGATAATCTAAAATGCCCTG_029,0
AGATAATCTAAAATGCCCTG_030,28
AGATAATCTAAAATGCCCTG_031,28
AGATAATCTAAAATGCCCTG_032,184
AGATAATCTAAAATGCCCTG_033,0
AGATAATCTAAAATGCCCTG_034,144
AGATAATCTAAAATGCCCTG_035,12
AGATAATCTAAAATGCCCTG_036,111
AGATAATCTAAAATGCCCTG_037,26
AGATAATCTAAAATGCCCTG_038,49
AGATAATCTAAAATGCCCTG_039,82
AGATAATCTAAAATGCCCTG_040,92
AGATAATCTAAAATGCCCTG_041,86
GTAGATGTGTTATTAAACTG_001,65
GTAGATGTGTTATTAAACTG_002,154
GTAGATGTGTTATTAAACTG_003,130
GTAGATGTGTTATTAAACTG_004,149
GTAGATGTGTTATTAAACTG_005,178
TCACAGAAAAAATCACTCTG_001,140
TCACAGAAAAAATCACTCTG_002,28
TCACAGAAAAAATCACTCTG_003,95
TCACAGAAAAAATCACTCTG_004,153
TCACAGAAAAAATCACTCTG_005,126
TCACAGAAAAAATCACTCTG_006,130
TCACAGAAAAAATCACTCTG_007,50
TCACAGAAAAAATCACTCTG_008,168
TCACAGAAAAAATCACTCTG_009,49
TCACAGAAAAAATCACTCTG_010,152
TCACAGAAAAAATCACTCTG_011,91
TCACAGAAAAAATCACTCTG_012,62
TCACAGAAAAAATCACTCTG_013,112
TCACAGAAAAAATCACTCTG_014,116
TCACAGAAAAAATCACTCTG_015,54
TCACAGAAAAAATCACTCTG_016,146
TCACAGAAAAAATCACTCTG_017,93
TCACAGAAAAAATCACTCTG_018,47
TCACAGAAAAAATCACTCTG_019,145
TCACAGAAAAAATCACTCTG_020,186
TCACAGAAAAAATCACTCTG_021,8
TCACAGAAAAAATCACTCTG_022,35
TCACAGAAAAAATCACTCTG_023,29
TCACAGAAAAAATCACTCTG_024,77
TCACAGAAAAAATCACTCTG_025,112
TCACAGAAAAAATCACTCTG_026,12
AGGTTTCCTTCAAACAACTG_001,96
AGGTTTCCTTCAAACAACTG_002,138
AGGTTTCCTTCAAACAACTG_003,115
AGGTTTCCTTCAAACAACTG_004,13
AGGTTTCCTTCAAACAACTG_005,130
AGGTTTCCTTCAAACAACTG_006,121
AGGTTTCCTTCAAACAACTG_007,121
AGGTTTCCTTCAAACAACTG_008,169
GGTTCCCACACAGAGTGAGG_001,9
GGTTCCCACACAGAGTGAGG_002,17
GGTTCCCACACAGAGTGAGG_003,142
ACATTGGATGTGGCCCGCTG_001,162
ACATTGGATGTGGCCCGCTG_002,54
ACATTGGATGTGGCCCGCTG_003,85
ACATTGGATGTGGCCCGCTG_004,14
ACATTGGATGTGGCCCGCTG_005,9
ACATTGGATGTGGCCCGCTG_006,139
ACATTGGATGTGGCCCGCTG_007,24
ACATTGGATGTGGCCCGCTG_008,153
GGGTGGGCACGCTTACGACG_001,2
GGGTGGGCACGCTTACGACG_002,154
GGGTGGGCACGCTTACGACG_003,70
GGGTGGGCACGCTTACGACG_004,160
GGGTGGGCACGCTTACGACG_005,128
GGGTGGGCACGCTTACGACG_006,160
GGGTGGGCACGCTTACGACG_007,57
AGCCATAAACAGAACGGAGA_001,77
AGCCATAAACAGAACGGAGA_002,184
AGCCATAAACAGAACGGAGA_003,169
AGCCATAAACAGAACGGAGA_004,105
AGCCATAAACAGAACGGAGA_005,60
AGCCATAAACAGAACGGAGA_006,48
AGCCATAAACAGAACGGAGA_007,105
AGCCATAAACAGAACGGAGA_008,15
AGCCATAAACAGAACGGAGA_009,158
AGCCATAAACAGAACGGAGA_010,33
AGCCATAAACAGAACGGAGA_011,115
AGCCATAAACAGAACGGAGA_012,121
AGCCATAAACAGAACGGAGA_013,5
AGCCATAAACAGAACGGAGA_014,127
AGGATGCGGGTGTGATCGCG_001,122
AGGATGCGGGTGTGATCGCG_002,179
AGGATGCGGGTGTGATCGCG_003,146
AGGATGCGGGTGTGATCGCG_004,182
AGGATGCGGGTGTGATCGCG_005,23
AGGATGCGGGTGTGATCGCG_006,178
AGGATGCGGGTGTGATCGCG_007,58
AGAGTACAGCATACAGACGA_001,118
AGAGTACAGCATACAGACGA_002,154
AGAGTACAGCATACAGACGA_003,127
AGAGTACAGCATACAGACGA_004,12
AGAGTACAGCATACAGACGA_005,53
AGAGTACAGCATACAGACGA_006,183
AGAGTACAGCATACAGACGA_007,88
AGAGTACAGCATACAGACGA_008,117
AGAGTACAGCATACAGACGA_009,8
AGAGTACAGCATACAGACGA_010,94
AGAGTACAGCATACAGACGA_011,142
AGAGTACAGCATACAGACGA_012,43
AGAGTACAGCATACAGACGA_013,40
AGAGTACAGCATACAGACGA_014,168
AGAGTACAGCATACAGACGA_015,12
CGACCCATGGATGTGAACCC_001,148
TGTAGTCCACCGAATCGCCG_001,102
TGTAGTCCACCGAATCGCCG_002,129
TGTAGTCCACCGAATCGCCG_003,121
TGTAGTCCACCGAATCGCCG_004,172
TGTAGTCCACCGAATCGCCG_005,78
TGTAGTCCACCGAATCGCCG_006,43
TGTAGTCCACCGAATCGCCG_007,118
TGTAGTCCACCGAATCGCCG_008,119
TGTAGTCCACCGAATCGCCG_009,96
TGTAGTCCACCGAATCGCCG_010,156
TGTAGTCCACCGAATCGCCG_011,27
TGTAGTCCACCGAATCGCCG_012,161
TGTAGTCCACCGAATCGCCG_013,127
TGTAGTCCACCGAATCGCCG_014,169
TGTAGTCCACCGAATCGCCG_015,51
TGTAGTCCACCGAATCGCCG_016,171
TGTAGTCCACCGAATCGCCG_017,168
TGTAGTCCACCGAATCGCCG_018,33
TGTAGTCCACCGAATCGCCG_019,191
AAGGTACACTAAGATGAAGA_001,75
AAGGTACACTAAGATGAAGA_002,34
CCCTGCGGAGGAGACCGGCG_001,151
CCCTGCGGAGGAGACCGGCG_002,69
CCCTGCGGAGGAGACCGGCG_003,62
CCCTGCGGAGGAGACCGGCG_004,91
TGAGATCCAGCGTGTCCGCG_001,189
TGAGATCCAGCGTGTCCGCG_002,171
TGAGATCCAGCGTGTCCGCG_003,106
TGAGATCCAGCGTGTCCGCG_004,127
TGAGATCCAGCGTGTCCGCG_005,118
TGAGATCCAGCGTGTCCGCG_006,177
TGAGATCCAGCGTGTCCGCG_007,132
TGAGATCCAGCGTGTCCGCG_008,100
TGAGATCCAGCGTGTCCGCG_009,125
TGAGATCCAGCGTGTCCGCG_010,193
TGAGATCCAGCGTGTCCGCG_011,60
TGAGATCCAGCGTGTCCGCG_012,107
TGAGATCCAGCGTGTCCGCG_013,127
TGAGATCCAGCGTGTCCGCG_014,88
TGAGATCCAGCGTGTCCGCG_015,116
TGAGATCCAGCGTGTCCGCG_016,33
TGAGATCCAGCGTGTCCGCG_017,169
TGAGATCCAGCGTGTCCGCG_018,168
TGAGATCCAGCGTGTCCGCG_019,72
TGAGATCCAGCGTGTCCGCG_020,49
TGAGATCCAGCGTGTCCGCG_021,85
TGAGATCCAGCGTGTCCGCG_022,79
TGAGATCCAGCGTGTCCGCG_023,48
TGAGATCCAGCGTGTCCGCG_024,29
TGAGATCCAGCGTGTCCGCG_025,9
TGAGATCCAGCGTGTCCGCG_026,141
TGAGATCCAGCGTGTCCGCG_027,125
TGAGATCCAGCGTGTCCGCG_028,197
TGAGATCCAGCGTGTCCGCG_029,127
TGAGATCCAGCGTGTCCGCG_030,56
TGAGATCCAGCGTGTCCGCG_031,8
TGAGATCCAGCGTGTCCGCG_032,1
TGAGATCCAGCGTGTCCGCG_033,8
TGAGATCCAGCGTGTCCGCG_034,11
TGAGATCCAGCGTGTCCGCG_035,56
TGAGATCCAGCGTGTCCGCG_036,56
TGAGATCCAGCGTGTCCGCG_037,46
TGAGATCCAGCGTGTCCGCG_038,91
TGAGATCCAGCGTGTCCGCG_039,106
GCCCTCGAGAAAGCGCACGC_001,170
GCCCTCGAGAAAGCGCACGC_002,88
GCCCTCGAGAAAGCGCACGC_003,24
GCCCTCGAGAAAGCGCACGC_004,7
GCCCTCGAGAAAGCGCACGC_005,24
GCCCTCGAGAAAGCGCACGC_006,102
GCCCTCGAGAAAGCGCACGC_007,115
GCCCTCGAGAAAGCGCACGC_008,153
GCCCTCGAGAAAGCGCACGC_009,25
GCCCTCGAGAAAGCGCACGC_010,84
GCCCTCGAGAAAGCGCACGC_011,121
GCCCTCGAGAAAGCGCACGC_012,41
GCCCTCGAGAAAGCGCACGC_013,52
GCCCTCGAGAAAGCGCACGC_014,113
GCCCTCGAGAAAGCGCACGC_015,134
GCCCTCGAGAAAGCGCACGC_016,48
GCCCTCGAGAAAGCGCACGC_017,115
GCCCTCGAGAAAGCGCACGC_018,160
GCCCTCGAGAAAGCGCACGC_019,151
GCCCTCGAGAAAGCGCACGC_020,160
GCCCTCGAGAAAGCGCACGC_021,132
GCCCTCGAGAAAGCGCACGC_022,72
GCCCTCGAGAAAGCGCACGC_023,169
GCCCTCGAGAAAGCGCACGC_024,89
TGTGGCGGATCTGTGTACGC_001,169
TGTGGCGGATCTGTGTACGC_002,48
TGTGGCGGATCTGTGTACGC_003,12
TGTGGCGGATCTGTGTACGC_004,12
TGTGGCGGATCTGTGTACGC_005,85
CTGTGCCTACGACTATCTGG_001,169
CTGTGCCTACGACTATCTGG_002,60
CCATACACTTGGCTATTTCG_001,130
CCATACACTTGGCTATTTCG_002,157
GTGCGGCTGTGTGTAGAAGC_001,22
GTGCGGCTGTGTGTAGAAGC_002,169
GTGCGGCTGTGTGTAGAAGC_003,199
GTGCGGCTGTGTGTAGAAGC_004,169
GTGCGGCTGTGTGTAGAAGC_005,51
GTGCGGCTGTGTGTAGAAGC_006,104
CATGAAGAAACGCAGTGTGT_001,157
CATGAAGAAACGCAGTGTGT_002,128
CATGAAGAAACGCAGTGTGT_003,5
CATGAAGAAACGCAGTGTGT_004,1
CATGAAGAAACGCAGTGTGT_005,184
CATGAAGAAACGCAGTGTGT_006,42
CATGAAGAAACGCAGTGTGT_007,16
CATGAAGAAACGCAGTGTGT_008,181
TATGAAGTCATCAACATACG_001,34
TATGAAGTCATCAACATACG_002,52
ACATTACCCACCAACATGGG_001,19
ACATTACCCACCAACATGGG_002,159
ACATTACCCACCAACATGGG_003,105
ACATTACCCACCAACATGGG_004,127
ACATTACCCACCAACATGGG_005,41
ACATTACCCACCAACATGGG_006,140
ACATTACCCACCAACATGGG_007,88
ACATTACCCACCAACATGGG_008,92
ACATTACCCACCAACATGGG_009,127
ACATTACCCACCAACATGGG_010,86
ACATTACCCACCAACATGGG_011,151
ACATTACCCACCAACATGGG_012,107
ACATTACCCACCAACATGGG_013,20
ACATTACCCACCAACATGGG_014,42
ACATTACCCACCAACATGGG_015,44
ACATTACCCACCAACATGGG_016,13
ACATTACCCACCAACATGGG_017,149
ACATTACCCACCAACATGGG_018,10
ACATTACCCACCAACATGGG_019,136
ACATTACCCACCAACATGGG_020,144
ACATTACCCACCAACATGGG_021,126
AGGAAATACACAGTACGCCT_001,102
AGGAAATACACAGTACGCCT_002,94
AGGAAATACACAGTACGCCT_003,83
AGGAAATACACAGTACGCCT_004,19
AGGAAATACACAGTACGCCT_005,15
AGGAAATACACAGTACGCCT_006,4
AGGAAATACACAGTACGCCT_007,28
AGGAAATACACAGTACGCCT_008,183
AGGAAATACACAGTACGCCT_009,183
AGGAAATACACAGTACGCCT_010,28
AGGAAATACACAGTACGCCT_011,168
AGGAAATACACAGTACGCCT_012,115
AGGAAATACACAGTACGCCT_013,113
AGTCTCAGTCCATTTCGTGA_001,44
AGTCTCAGTCCATTTCGTGA_002,54
AGTCTCAGTCCATTTCGTGA_003,7
CTTCGTCCCTCGCACCAGCG_001,176
CTTCGTCCCTCGCACCAGCG_002,114
CTTCGTCCCTCGCACCAGCG_003,189
CTTCGTCCCTCGCACCAGCG_004,150
CTTCGTCCCTCGCACCAGCG_005,70
CTTCGTCCCTCGCACCAGCG_006,19
CTTCGTCCCTCGCACCAGCG_007,29
CTTCGTCCCTCGCACCAGCG_008,18
CTTCGTCCCTCGCACCAGCG_009,94
GAGCAGTTTCATGAACGAAG_001,60
GAGCAGTTTCATGAACGAAG_002,166
GAGCAGTTTCATGAACGAAG_003,115
GAGCAGTTTCATGAACGAAG_004,193
GAGCAGTTTCATGAACGAAG_005,2
GAGCAGTTTCATGAACGAAG_006,61
GAGCAGTTTCATGAACGAAG_007,130
GAGCAGTTTCATGAACGAAG_008,167
GAGCAGTTTCATGAACGAAG_009,130
GAGCAGTTTCATGAACGAAG_010,105
GAGCAGTTTCATGAACGAAG_011,96
GAGCAGTTTCATGAACGAAG_012,158
GAGCAGTTTCATGAACGAAG_013,8
GAGCAGTTTCATGAACGAAG_014,138
GAGCAGTTTCATGAACGAAG_015,72
GAGCAGTTTCATGAACGAAG_016,64
GAGCAGTTTCATGAACGAAG_017,118
AACTTATAGAAAACATGACC_001,127
AACTTATAGAAAACATGACC_002,35
AACTTATAGAAAACATGACC_003,42
AACTTATAGAAAACATGACC_004,191
AACTTATAGAAAACATGACC_005,34
AACTTATAGAAAACATGACC_006,138
AACTTATAGAAAACATGACC_007,159
AACTTATAGAAAACATGACC_008,145
AACTTATAGAAAACATGACC_009,30
AAATGTCTACAAAGGAGAGG_001,34
AAATGTCTACAAAGGAGAGG_002,144
AGTTACGGGCAGTGGAACAG_001,32
AGTTACGGGCAGTGGAACAG_002,136
AGTTACGGGCAGTGGAACAG_003,76
AGTTACGGGCAGTGGAACAG_004,35
AGTTACGGGCAGTGGAACAG_005,147
AGTTACGGGCAGTGGAACAG_006,178
AGTTACGGGCAGTGGAACAG_007,48
AGTTACGGGCAGTGGAACAG_008,137
AGTTACGGGCAGTGGAACAG_009,127
AGTTACGGGCAGTGGAACAG_010,159
AGTTACGGGCAGTGGAACAG_011,53
AGTTACGGGCAGTGGAACAG_012,175
AGTTACGGGCAGTGGAACAG_013,48
AGTTACGGGCAGTGGAACAG_014,76
AGTTACGGGCAGTGGAACAG_015,69
AGTTACGGGCAGTGGAACAG_016,76
AGTTACGGGCAGTGGAACAG_017,192
AGTTACGGGCAGTGGAACAG_018,50
AGTTACGGGCAGTGGAACAG_019,113
AGTTACGGGCAGTGGAACAG_020,123
AGTTACGGGCAGTGGAACAG_021,184
AGTTACGGGCAGTGGAACAG_022,17
AGTTACGGGCAGTGGAACAG_023,56
AGTTACGGGCAGTGGAACAG_024,56
AGTTACGGGCAGTGGAACAG_025,27
AGTTACGGGCAGTGGAACAG_026,140
AGTTACGGGCAGTGGAACAG_027,81
AGTTACGGGCAGTGGAACAG_028,155
CCATCACATCTACCACACAG_001,74
GTGGAAGCTTTGGTAGCTCG_001,174
GTGGAAGCTTTGGTAGCTCG_002,15
GTGGAAGCTTTGGTAGCTCG_003,5
GTGGAAGCTTTGGTAGCTCG_004,88
ATCCAGTCCAAGTTGAAGGT_001,145
ATCCAGTCCAAGTTGAAGGT_002,170
ATCCAGTCCAAGTTGAAGGT_003,178
ATCCAGTCCAAGTTGAAGGT_004,108
ATCCAGTCCAAGTTGAAGGT_005,69
ATCCAGTCCAAGTTGAAGGT_006,29
ATCCAGTCCAAGTTGAAGGT_007,166
TCGGGGAGACATTAGTCACC_001,144
TCGGGGAGACATTAGTCACC_002,145
TCGGGGAGACATTAGTCACC_003,16
TCGGGGAGACATTAGTCACC_004,160
TCGGGGAGACATTAGTCACC_005,44
GGTGCGGGACAGCGATCCTG_001,5
GGTGCGGGACAGCGATCCTG_002,188
GGTGCGGGACAGCGATCCTG_003,182
GGTGCGGGACAGCGATCCTG_004,126
GGTGCGGGACAGCGATCCTG_005,16
GGTGCGGGACAGCGATCCTG_006,188
GGTGCGGGACAGCGATCCTG_007,179
GGTGCGGGACAGCGATCCTG_008,147
GGTGCGGGACAGCGATCCTG_009,184
GGTGCGGGACAGCGATCCTG_010,127
GGTGCGGGACAGCGATCCTG_011,88
GGTGCGGGACAGCGATCCTG_012,107
GGTGCGGGACAGCGATCCTG_013,24
GGTGCGGGACAGCGATCCTG_014,76
GGTGCGGGACAGCGATCCTG_015,192
GGTGCGGGACAGCGATCCTG_016,198
GGTGCGGGACAGCGATCCTG_017,17
GGTGCGGGACAGCGATCCTG_018,29
GGTGCGGGACAGCGATCCTG_019,9
GGTGCGGGACAGCGATCCTG_020,158
GGTGCGGGACAGCGATCCTG_021,59
GGTGCGGGACAGCGATCCTG_022,67
GGTGCGGGACAGCGATCCTG_023,3
GGTGCGGGACAGCGATCCTG_024,60
TTTATACTTCAAGCATTGCA_001,181
TTTATACTTCAAGCATTGCA_002,151
TTTATACTTCAAGCATTGCA_003,77
TTTATACTTCAAGCATTGCA_004,102
TTTATACTTCAAGCATTGCA_005,81
TTTATACTTCAAGCATTGCA_006,161
TTTATACTTCAAGCATTGCA_007,108
TTTATACTTCAAGCATTGCA_008,29
TTTATACTTCAAGCATTGCA_009,24
TTTATACTTCAAGCATTGCA_010,104
TTTATACTTCAAGCATTGCA_011,147
TTTATACTTCAAGCATTGCA_012,103
TTTATACTTCAAGCATTGCA_013,108
TTTATACTTCAAGCATTGCA_014,47
GGGGTGTCGCCGCTACCGGT_001,90
GGGGTGTCGCCGCTACCGGT_002,13
CAGGGACCACAGCCGCACAT_001,162
CAGGGACCACAGCCGCACAT_002,38
CAGGGACCACAGCCGCACAT_003,122
CAGGGACCACAGCCGCACAT_004,193
CAGGGACCACAGCCGCACAT_005,4
CAGGGACCACAGCCGCACAT_006,145
CAGGGACCACAGCCGCACAT_007,50
CAGGGACCACAGCCGCACAT_008,145
CAGGGACCACAGCCGCACAT_009,161
CAGGGACCACAGCCGCACAT_010,166
CAGGGACCACAGCCGCACAT_011,111
CAGGGACCACAGCCGCACAT_012,178
CGGGATGTAGACGTAATAGG_001,15
CGGGATGTAGACGTAATAGG_002,99
CGGGATGTAGACGTAATAGG_003,121
CGGGATGTAGACGTAATAGG_004,106
CGGGATGTAGACGTAATAGG_005,171
CGGGATGTAGACGTAATAGG_006,10
CGGGATGTAGACGTAATAGG_007,38
CGGGATGTAGACGTAATAGG_008,108
CGGGATGTAGACGTAATAGG_009,108
CGGGATGTAGACGTAATAGG_010,49
GAACAATGGGAAGTTAGACA_001,33
GAACAATGGGAAGTTAGACA_002,22
GAACAATGGGAAGTTAGACA_003,115
GAACAATGGGAAGTTAGACA_004,42
GAACAATGGGAAGTTAGACA_005,169
GAACAATGGGAAGTTAGACA_006,107
GAACAATGGGAAGTTAGACA_007,169
GAACAATGGGAAGTTAGACA_008,1
GAACAATGGGAAGTTAGACA_009,103
GAACAATGGGAAGTTAGACA_010,70
GAACAATGGGAAGTTAGACA_011,163
GAACAATGGGAAGTTAGACA_012,116
GAACAATGGGAAGTTAGACA_013,26
GAACAATGGGAAGTTAGACA_014,147
GAACAATGGGAAGTTAGACA_015,78
GAACAATGGGAAGTTAGACA_016,115
GAGATCTTGAGCAAAAAACA_001,130
GAGATCTTGAGCAAAAAACA_002,198
GAGATCTTGAGCAAAAAACA_003,70
TCCTAGACTTGAACCAGACC_001,4
TCCTAGACTTGAACCAGACC_002,152
TCCTAGACTTGAACCAGACC_003,124
TCCTAGACTTGAACCAGACC_004,10
TCCTAGACTTGAACCAGACC_005,126
TCCTAGACTTGAACCAGACC_006,136
TCCTAGACTTGAACCAGACC_007,126
TCTTCCCCCAGAGTTCAAGG_001,133
TCTTCCCCCAGAGTTCAAGG_002,14
TCTTCCCCCAGAGTTCAAGG_003,99
ACTTCGTGTATTTGCCCACA_001,114
ACTTCGTGTATTTGCCCACA_002,183
CACCTGTGATCCATCCCACG_001,32
CACCTGTGATCCATCCCACG_002,101
CACCTGTGATCCATCCCACG_003,40
CACCTGTGATCCATCCCACG_004,44
CACCTGTGATCCATCCCACG_005,155
CACCTGTGATCCATCCCACG_006,18
GTCAGGAAAATCTGTCCCGT_001,77
GTCAGGAAAATCTGTCCCGT_002,149
GTCAGGAAAATCTGTCCCGT_003,16
GTCAGGAAAATCTGTCCCGT_004,34
GTCAGGAAAATCTGTCCCGT_005,45
GTCAGGAAAATCTGTCCCGT_006,140
GTCAGGAAAATCTGTCCCGT_007,63
GTCAGGAAAATCTGTCCCGT_008,129
GTCAGGAAAATCTGTCCCGT_009,67
AGTACCTGAATGCTTACTCT_001,85
AGTACCTGAATGCTTACTCT_002,160
AGTACCTGAATGCTTACTCT_003,137
AGTACCTGAATGCTTACTCT_004,43
AGTACCTGAATGCTTACTCT_005,188
AGTACCTGAATGCTTACTCT_006,144
AGTACCTGAATGCTTACTCT_007,132
AGTACCTGAATGCTTACTCT_008,32
AGTACCTGAATGCTTACTCT_009,62
AGTACCTGAATGCTTACTCT_010,90
AGTACCTGAATGCTTACTCT_011,56
CATGACTTGGCAAAACGCTG_001,62
CATGACTTGGCAAAACGCTG_002,106
CATGACTTGGCAAAACGCTG_003,96
CATGACTTGGCAAAACGCTG_004,66
CATGACTTGGCAAAACGCTG_005,35
CATGACTTGGCAAAACGCTG_006,10
CATGACTTGGCAAAACGCTG_007,182
CATGACTTGGCAAAACGCTG_008,146
CATGACTTGGCAAAACGCTG_009,16
CATGACTTGGCAAAACGCTG_010,184
CATGACTTGGCAAAACGCTG_011,88
CATGACTTGGCAAAACGCTG_012,116
CATGACTTGGCAAAACGCTG_013,182
CATGACTTGGCAAAACGCTG_014,38
CATGACTTGGCAAAACGCTG_015,169
CATGACTTGGCAAAACGCTG_016,81
CATGACTTGGCAAAACGCTG_017,104
CATGACTTGGCAAAACGCTG_018,9
CATGACTTGGCAAAACGCTG_019,2
CATGACTTGGCAAAACGCTG_020,137
GATTACACCCAGATCAACGT_001,88
GATTACACCCAGATCAACGT_002,65
GATTACACCCAGATCAACGT_003,154
GATTACACCCAGATCAACGT_004,145
GATTACACCCAGATCAACGT_005,23
GATTACACCCAGATCAACGT_006,185
AATTTGGCCCAAATACACTG_001,29
AATTTGGCCCAAATACACTG_002,112
AATTTGGCCCAAATACACTG_003,17
AATTTGGCCCAAATACACTG_004,34
AATTTGGCCCAAATACACTG_005,85
AATTTGGCCCAAATACACTG_006,150
AATTTGGCCCAAATACACTG_007,136
AATTTGGCCCAAATACACTG_008,34
AATTTGGCCCAAATACACTG_009,86
TAGGGTATCCCGAATGTGGT_001,50
TAGGGTATCCCGAATGTGGT_002,194
TAGGGTATCCCGAATGTGGT_003,134
TAGGGTATCCCGAATGTGGT_004,56
ATGTCAACATAGCAAGCACC_001,152
ATGTCAACATAGCAAGCACC_002,94
ATGTCAACATAGCAAGCACC_003,126
ATGTCAACATAGCAAGCACC_004,121
ATGTCAACATAGCAAGCACC_005,127
ATGTCAACATAGCAAGCACC_006,17
ATGTCAACATAGCAAGCACC_007,179
ATGTCAACATAGCAAGCACC_008,144
ATGTCAACATAGCAAGCACC_009,56
ATGTCAACATAGCAAGCACC_010,61
ATGTCAACATAGCAAGCACC_011,81
ATGTCAACATAGCAAGCACC_012,171
ATGTCAACATAGCAAGCACC_013,148
ATGTCAACATAGCAAGCACC_014,64
ATGTCAACATAGCAAGCACC_015,141
ATGTCAACATAGCAAGCACC_016,25
ACGTCACCTATGTTCTGCGG_001,82
ACGTCACCTATGTTCTGCGG_002,162
ATGCTATTTAGCAACTACCC_001,130
ATGCTATTTAGCAACTACCC_002,188
CCGGGTCGAAGGCTTCATAG_001,172
CCGGGTCGAAGGCTTCATAG_002,134
CCGGGTCGAAGGCTTCATAG_003,84
CCGGGTCGAAGGCTTCATAG_004,119
CCGGGTCGAAGGCTTCATAG_005,132
CCGGGTCGAAGGCTTCATAG_006,41
CCGGGTCGAAGGCTTCATAG_007,199
CCGGGTCGAAGGCTTCATAG_008,83
GAGAGTGTATATGGTAGGGA_001,65
GTGTGGCTGAAAGACAGCGG_001,51
GTGTGGCTGAAAGACAGCGG_002,94
GTGTGGCTGAAAGACAGCGG_003,43
GTGTGGCTGAAAGACAGCGG_004,50
GTGTGGCTGAAAGACAGCGG_005,16
GTGTGGCTGAAAGACAGCGG_006,91
GTGTGGCTGAAAGACAGCGG_007,134
GTGTGGCTGAAAGACAGCGG_008,170
GTGTGGCTGAAAGACAGCGG_009,58
GTGTGGCTGAAAGACAGCGG_010,152
ACATAGGAAGCATTGATGAG_001,77
ACATAGGAAGCATTGATGAG_002,131
ACATAGGAAGCATTGATGAG_003,2
ACATAGGAAGCATTGATGAG_004,105
ACATAGGAAGCATTGATGAG_005,81
ACATAGGAAGCATTGATGAG_006,176
ACATAGGAAGCATTGATGAG_007,77
ACATAGGAAGCATTGATGAG_008,62
ACATAGGAAGCATTGATGAG_009,170
CCCGAAATACCGGACAACGT_001,32
CCCGAAATACCGGACAACGT_002,26
CCCGAAATACCGGACAACGT_003,188
GGCCGGGCCCCTCCGGCCCG_001,88
GGCCGGGCCCCTCCGGCCCG_002,170
GGCCGGGCCCCTCCGGCCCG_003,152
GGCCGGGCCCCTCCGGCCCG_004,68
TGGCTGGACTCTTCATGACA_001,12
TGGCTGGACTCTTCATGACA_002,197
TGGCTGGACTCTTCATGACA_003,18
TGGCTGGACTCTTCATGACA_004,142
TGGCTGGACTCTTCATGACA_005,108
TGGCTGGACTCTTCATGACA_006,3
TGGCTGGACTCTTCATGACA_007,30
TGGCTGGACTCTTCATGACA_008,83
TGGCTGGACTCTTCATGACA_009,71
TGGCTGGACTCTTCATGACA_010,180
TGGCTGGACTCTTCATGACA_011,108
TGGCTGGACTCTTCATGACA_012,191
TGGCTGGACTCTTCATGACA_013,106
CAAACGTGCATTCCTCGGAG_001,94
CAAACGTGCATTCCTCGGAG_002,103
CAAACGTGCATTCCTCGGAG_003,17
CAAACGTGCATTCCTCGGAG_004,14
CAAACGTGCATTCCTCGGAG_005,117
CAAACGTGCATTCCTCGGAG_006,27
CCACCCAGTTCCAAACACCT_001,158
CCACCCAGTTCCAAACACCT_002,141
CCACCCAGTTCCAAACACCT_003,31
CCACCCAGTTCCAAACACCT_004,163
CCACCCAGTTCCAAACACCT_005,149
CCACCCAGTTCCAAACACCT_006,134
CCACCCAGTTCCAAACACCT_007,177
CCACCCAGTTCCAAACACCT_008,176
CCACCCAGTTCCAAACACCT_009,114
CCACCCAGTTCCAAACACCT_010,106
CCACCCAGTTCCAAACACCT_011,162
CCACCCAGTTCCAAACACCT_012,115
ATCAGCACAGAAATCCCAGG_001,199
ATCAGCACAGAAATCCCAGG_002,138
ATCAGCACAGAAATCCCAGG_003,127
ATCAGCACAGAAATCCCAGG_004,13
ATCAGCACAGAAATCCCAGG_005,1
ATCAGCACAGAAATCCCAGG_006,104
ATCAGCACAGAAATCCCAGG_007,81
ATCAGCACAGAAATCCCAGG_008,149
CGCACCCGACAGGACGTAGT_001,55
CGCACCCGACAGGACGTAGT_002,9
CGCACCCGACAGGACGTAGT_003,184
CGCACCCGACAGGACGTAGT_004,22
CGCACCCGACAGGACGTAGT_005,70
GAACATCGTGTGGATGACTC_001,57
GAACATCGTGTGGATGACTC_002,81
GCAACTTACAGCGGCCTACG_001,15
GCAACTTACAGCGGCCTACG_002,17
GCAACTTACAGCGGCCTACG_003,197
GCAACTTACAGCGGCCTACG_004,147
GCAACTTACAGCGGCCTACG_005,19
GCAACTTACAGCGGCCTACG_006,141
CTGGTACATCACATGTGCAG_001,179
CTGGTACATCACATGTGCAG_002,183
CTGGTACATCACATGTGCAG_003,130
GATCAATCAAGGAATTGACG_001,15
ATGGTGAACTCATCGTCCTG_001,188
ATGGTGAACTCATCGTCCTG_002,134
ATGGTGAACTCATCGTCCTG_003,90
ATGGTGAACTCATCGTCCTG_004,52
ATGGTGAACTCATCGTCCTG_005,161
ATGGTGAACTCATCGTCCTG_006,152
ATGGTGAACTCATCGTCCTG_007,145
ATGGTGAACTCATCGTCCTG_008,127
AAGCGCAGGATACACTGATA_001,2
AAGCGCAGGATACACTGATA_002,158
AAGCGCAGGATACACTGATA_003,30
AAGCGCAGGATACACTGATA_004,68
AAGCGCAGGATACACTGATA_005,191
AAAAATCAAGGAGGTTACCG_001,194
AAAAATCAAGGAGGTTACCG_002,129
AAAAATCAAGGAGGTTACCG_003,179
AAAAATCAAGGAGGTTACCG_004,33
AAAAATCAAGGAGGTTACCG_005,188
AAAAATCAAGGAGGTTACCG_006,88
AAAAATCAAGGAGGTTACCG_007,79
AAAAATCAAGGAGGTTACCG_008,126
CTGAGCGTGGATGAACAGAG_001,62
CTGAGCGTGGATGAACAGAG_002,107
CTGAGCGTGGATGAACAGAG_003,108
CTGAGCGTGGATGAACAGAG_004,5
CTGAGCGTGGATGAACAGAG_005,86
CTGAGCGTGGATGAACAGAG_006,1
CTGAGCGTGGATGAACAGAG_007,34
CTGAGCGTGGATGAACAGAG_008,177
CTGAGCGTGGATGAACAGAG_009,170
CTGAGCGTGGATGAACAGAG_010,159
CTGAGCGTGGATGAACAGAG_011,21
CTGAGCGTGGATGAACAGAG_012,188
CTGAGCGTGGATGAACAGAG_013,185
CTGAGCGTGGATGAACAGAG_014,39
TGTTTCAGCTAATCTCTCGG_001,135
TCTGAAAGACAGGTCCACTG_001,18
TCTGAAAGACAGGTCCACTG_002,34
TCTGAAAGACAGGTCCACTG_003,115
TCTGAAAGACAGGTCCACTG_004,157
TCTGAAAGACAGGTCCACTG_005,102
TCTGAAAGACAGGTCCACTG_006,83
GAAGTCGCCAGTCACACCAC_001,118
GAAGTCGCCAGTCACACCAC_002,148
GAAGTCGCCAGTCACACCAC_003,83
GAAGTCGCCAGTCACACCAC_004,32
GAAGTCGCCAGTCACACCAC_005,170
GAAGTCGCCAGTCACACCAC_006,42
GAAGTCGCCAGTCACACCAC_007,54
GAAGTCGCCAGTCACACCAC_008,189
GAAGTCGCCAGTCACACCAC_009,33
GAAGTCGCCAGTCACACCAC_010,16
GAAGTCGCCAGTCACACCAC_011,199
GAAGTCGCCAGTCACACCAC_012,116
GAAGTCGCCAGTCACACCAC_013,33
GAAGTCGCCAGTCACACCAC_014,161
GAAGTCGCCAGTCACACCAC_015,130
GAAGTCGCCAGTCACACCAC_016,108
GAAGTCGCCAGTCACACCAC_017,40
GAAGTCGCCAGTCACACCAC_018,50
GAAGTCGCCAGTCACACCAC_019,55
GGGACAAACCGTTCTCACTG_001,84
GGGACAAACCGTTCTCACTG_002,91
GGGACAAACCGTTCTCACTG_003,186
GGGACAAACCGTTCTCACTG_004,54
GGGACAAACCGTTCTCACTG_005,132
GGGACAAACCGTTCTCACTG_006,122
GGGACAAACCGTTCTCACTG_007,81
GGGACAAACCGTTCTCACTG_008,78
GGGACAAACCGTTCTCACTG_009,147
GGGACAAACCGTTCTCACTG_010,162
GGGACAAACCGTTCTCACTG_011,144
GGGACAAACCGTTCTCACTG_012,19
GGGACAAACCGTTCTCACTG_013,28
GGTGATTGGCACAATACGTG_001,134
GGTGATTGGCACAATACGTG_002,175
GGTGATTGGCACAATACGTG_003,159
GGTGATTGGCACAATACGTG_004,64
GGTGATTGGCACAATACGTG_005,178
GGTGATTGGCACAATACGTG_006,36
GGTGATTGGCACAATACGTG_007,7
GGTGATTGGCACAATACGTG_008,112
GGTGATTGGCACAATACGTG_009,174
GGTGATTGGCACAATACGTG_010,130
GGTGATTGGCACAATACGTG_011,56
GGTGATTGGCACAATACGTG_012,194
GGTGATTGGCACAATACGTG_013,10
GGTGATTGGCACAATACGTG_014,111
GGTGATTGGCACAATACGTG_015,185
GTGAAGTGGCCAAACCGGGG_001,150
GTGAAGTGGCCAAACCGGGG_002,72
GTGAAGTGGCCAAACCGGGG_003,142
GTGAAGTGGCCAAACCGGGG_004,128
GTGAAGTGGCCAAACCGGGG_005,190
GTGAAGTGGCCAAACCGGGG_006,146
GTGAAGTGGCCAAACCGGGG_007,89
GTGAAGTGGCCAAACCGGGG_008,140
GTGAAGTGGCCAAACCGGGG_009,141
GTGAAGTGGCCAAACCGGGG_010,134
GTGAAGTGGCCAAACCGGGG_011,180
GTGAAGTGGCCAAACCGGGG_012,132
GTGAAGTGGCCAAACCGGGG_013,171
GTGAAGTGGCCAAACCGGGG_014,175
GTGAAGTGGCCAAACCGGGG_015,169
TAGGCTTCCATTAACACTGA_001,94
TAGGCTTCCATTAACACTGA_002,4
TAATGTATGAGGGGGTTTAG_001,98
TAATGTATGAGGGGGTTTAG_002,101
TAATGTATGAGGGGGTTTAG_003,62
TAATGTATGAGGGGGTTTAG_004,168
TAATGTATGAGGGGGTTTAG_005,146
TAATGTATGAGGGGGTTTAG_006,98
TAATGTATGAGGGGGTTTAG_007,137
TAATGTATGAGGGGGTTTAG_008,92
TCGCAAACGACGAGAGACAG_001,15
TCGCAAACGACGAGAGACAG_002,137
TCGCAAACGACGAGAGACAG_003,159
TCGCAAACGACGAGAGACAG_004,48
TCGCAAACGACGAGAGACAG_005,9
TCGCAAACGACGAGAGACAG_006,68
TCGCAAACGACGAGAGACAG_007,174
TCGCAAACGACGAGAGACAG_008,158
TCGCAAACGACGAGAGACAG_009,137
TCGCAAACGACGAGAGACAG_010,121
TCGCAAACGACGAGAGACAG_011,12
TCGCAAACGACGAGAGACAG_012,49
CTCTGTGTCCCCAGTCATCG_001,78
CTCTGTGTCCCCAGTCATCG_002,178
CTCTGTGTCCCCAGTCATCG_003,178
CTCTGTGTCCCCAGTCATCG_004,188
CTCTGTGTCCCCAGTCATCG_005,32
CTCTGTGTCCCCAGTCATCG_006,97
CTCTGTGTCCCCAGTCATCG_007,80
CTCTGTGTCCCCAGTCATCG_008,94
CTCTGTGTCCCCAGTCATCG_009,149
CTCTGTGTCCCCAGTCATCG_010,185
CTCTGTGTCCCCAGTCATCG_011,184
CTCTGTGTCCCCAGTCATCG_012,145
CTCTGTGTCCCCAGTCATCG_013,15
CTCTGTGTCCCCAGTCATCG_014,191
CTCTGTGTCCCCAGTCATCG_015,26
CTCTGTGTCCCCAGTCATCG_016,98
CTCTGTGTCCCCAGTCATCG_017,147
CTCTGTGTCCCCAGTCATCG_018,83
CTCTGTGTCCCCAGTCATCG_019,182
CTCTGTGTCCCCAGTCATCG_020,58
CTCTGTGTCCCCAGTCATCG_021,65
CTCTGTGTCCCCAGTCATCG_022,150
CTCTGTGTCCCCAGTCATCG_023,81
CTCTGTGTCCCCAGTCATCG_024,170
CTCTGTGTCCCCAGTCATCG_025,104
CTCTGTGTCCCCAGTCATCG_026,162
CTCTGTGTCCCCAGTCATCG_027,6
CTCTGTGTCCCCAGTCATCG_028,6
CTCTGTGTCCCCAGTCATCG_029,174
CTCTGTGTCCCCAGTCATCG_030,141
CTCTGTGTCCCCAGTCATCG_031,150
AGTCATAACTGAGTGAATCG_001,50
AGTCATAACTGAGTGAATCG_002,163
AGTCATAACTGAGTGAATCG_003,184
AGTCATAACTGAGTGAATCG_004,62
AGTCATAACTGAGTGAATCG_005,89
CCATGAGCAAACACTTCGGG_001,19
CCATGAGCAAACACTTCGGG_002,52
CCATGAGCAAACACTTCGGG_003,132
CCATGAGCAAACACTTCGGG_004,40
CCATGAGCAAACACTTCGGG_005,48
CCATGAGCAAACACTTCGGG_006,117
CCATGAGCAAACACTTCGGG_007,52
CCATGAGCAAACACTTCGGG_008,42
CCATGAGCAAACACTTCGGG_009,108
CCATGAGCAAACACTTCGGG_010,145
CCATGAGCAAACACTTCGGG_011,106
CCATGAGCAAACACTTCGGG_012,78
CCATGAGCAAACACTTCGGG_013,107
TCAGGCGGGTATAGTCATTG_001,128
AGGATGAGATGGATGAACTA_001,104
AGGATGAGATGGATGAACTA_002,13
AGGATGAGATGGATGAACTA_003,155
AGGATGAGATGGATGAACTA_004,177
AGGATGAGATGGATGAACTA_005,197
AGGATGAGATGGATGAACTA_006,29
AGGATGAGATGGATGAACTA_007,21
AGGATGAGATGGATGAACTA_008,83
AGGATGAGATGGATGAACTA_009,134
AGGATGAGATGGATGAACTA_010,36
AGGATGAGATGGATGAACTA_011,145
AGGATGAGATGGATGAACTA_012,176
AGGATGAGATGGATGAACTA_013,199
GAAGCGCTCTTACGTTGTAT_001,107
CTGTGCCCAGGAGTTGCCCG_001,127
CTGTGCCCAGGAGTTGCCCG_002,48
CTGTGCCCAGGAGTTGCCCG_003,15
CTGTGCCCAGGAGTTGCCCG_004,41
CTGTGCCCAGGAGTTGCCCG_005,98
CTGTGCCCAGGAGTTGCCCG_006,9
CTGTGCCCAGGAGTTGCCCG_007,169
CTGTGCCCAGGAGTTGCCCG_008,83
CTGTGCCCAGGAGTTGCCCG_009,118
CTGTGCCCAGGAGTTGCCCG_010,181
CTGTGCCCAGGAGTTGCCCG_011,169
CTGTGCCCAGGAGTTGCCCG_012,19
CTGTGCCCAGGAGTTGCCCG_013,44
CTGTGCCCAGGAGTTGCCCG_014,43
CTGTGCCCAGGAGTTGCCCG_015,162
CTGTGCCCAGGAGTTGCCCG_016,174
CTGTGCCCAGGAGTTGCCCG_017,85
CTGTGCCCAGGAGTTGCCCG_018,78
CTGTGCCCAGGAGTTGCCCG_019,21
CTGTGCCCAGGAGTTGCCCG_020,66
CTGTGCCCAGGAGTTGCCCG_021,66
CTGTGCCCAGGAGTTGCCCG_022,88
CTGTGCCCAGGAGTTGCCCG_023,41
CTGTGCCCAGGAGTTGCCCG_024,177
CTGTGCCCAGGAGTTGCCCG_025,15
CTGTGCCCAGGAGTTGCCCG_026,123
CTGTGCCCAGGAGTTGCCCG_027,13
CTGTGCCCAGGAGTTGCCCG_028,56
CTGTGCCCAGGAGTTGCCCG_029,40
CTGTGCCCAGGAGTTGCCCG_030,16
CTGTGCCCAGGAGTTGCCCG_031,115
CTGTGCCCAGGAGTTGCCCG_032,84
CTGTGCCCAGGAGTTGCCCG_033,84
CTGTGCCCAGGAGTTGCCCG_034,3
CTGTGCCCAGGAGTTGCCCG_035,107
CTGTGCCCAGGAGTTGCCCG_036,173
CTGTGCCCAGGAGTTGCCCG_037,30
CTGTGCCCAGGAGTTGCCCG_038,174
CTGTGCCCAGGAGTTGCCCG_039,63
CTGTGCCCAGGAGTTGCCCG_040,63
CTGTGCCCAGGAGTTGCCCG_041,4
CTGTGCCCAGGAGTTGCCCG_042,2
GGGAGTATGTCGTAACGCTG_001,121
GGGAGTATGTCGTAACGCTG_002,187
GGGAGTATGTCGTAACGCTG_003,198
GGGAGTATGTCGTAACGCTG_004,114
GGGAGTATGTCGTAACGCTG_005,57
CCGAACCGGACGACATCCTG_001,41
CCGAACCGGACGACATCCTG_002,171
CCGAACCGGACGACATCCTG_003,186
CCGAACCGGACGACATCCTG_004,187
CCGAACCGGACGACATCCTG_005,32
CCGAACCGGACGACATCCTG_006,50
CCGAACCGGACGACATCCTG_007,26
CCGAACCGGACGACATCCTG_008,103
CCGAACCGGACGACATCCTG_009,128
CCGAACCGGACGACATCCTG_010,81
CCGAACCGGACGACATCCTG_011,46
CCGAACCGGACGACATCCTG_012,97
CCGAACCGGACGACATCCTG_013,149
CCGAACCGGACGACATCCTG_014,31
CCGAACCGGACGACATCCTG_015,29
CCGAACCGGACGACATCCTG_016,135
CCGAACCGGACGACATCCTG_017,97
CCGAACCGGACGACATCCTG_018,178
CCGAACCGGACGACATCCTG_019,153
CCGAACCGGACGACATCCTG_020,131
ACATGATGCTGAATCCCAGA_001,111
ACATGATGCTGAATCCCAGA_002,142
ACATGATGCTGAATCCCAGA_003,102
ACATGATGCTGAATCCCAGA_004,4
GCACTCACCTTCGTACTCGG_001,178
GCACTCACCTTCGTACTCGG_002,196
GCACTCACCTTCGTACTCGG_003,78
GCACTCACCTTCGTACTCGG_004,105
GCACTCACCTTCGTACTCGG_005,139
GCACTCACCTTCGTACTCGG_006,132
GCACTCACCTTCGTACTCGG_007,49
GCACTCACCTTCGTACTCGG_008,49
GCACTCACCTTCGTACTCGG_009,166
GCACTCACCTTCGTACTCGG_010,5
GCACTCACCTTCGTACTCGG_011,113
GCACTCACCTTCGTACTCGG_012,60
GCACTCACCTTCGTACTCGG_013,5
GCACTCACCTTCGTACTCGG_014,150
GCACTCACCTTCGTACTCGG_015,49
GCACTCACCTTCGTACTCGG_016,101
GCACTCACCTTCGTACTCGG_017,195
GCACTCACCTTCGTACTCGG_018,183
GCACTCACCTTCGTACTCGG_019,145
GCACTCACCTTCGTACTCGG_020,100
GCACTCACCTTCGTACTCGG_021,125
GCACTCACCTTCGTACTCGG_022,62
GCACTCACCTTCGTACTCGG_023,187
GCACTCACCTTCGTACTCGG_024,182
GCACTCACCTTCGTACTCGG_025,97
GCACTCACCTTCGTACTCGG_026,115
GCACTCACCTTCGTACTCGG_027,26
GCACTCACCTTCGTACTCGG_028,76
GCACTCACCTTCGTACTCGG_029,68
GCACTCACCTTCGTACTCGG_030,169
GCACTCACCTTCGTACTCGG_031,27
GTTCAACAAACTTCGAGTTG_001,160
GTTCAACAAACTTCGAGTTG_002,26
GTTCAACAAACTTCGAGTTG_003,121
GTTCAACAAACTTCGAGTTG_004,78
GTTCAACAAACTTCGAGTTG_005,197
GTTCAACAAACTTCGAGTTG_006,110
AGCTGAATTCCGGATATACA_001,60
AGCTGAATTCCGGATATACA_002,81
AGCTGAATTCCGGATATACA_003,117
AGCTGAATTCCGGATATACA_004,190
AGCTGAATTCCGGATATACA_005,12
AGCTGAATTCCGGATATACA_006,152
CAGCGCCTGTCCATCTCCAA_001,48
CAGCGCCTGTCCATCTCCAA_002,71
CAGCGCCTGTCCATCTCCAA_003,82
CAGCGCCTGTCCATCTCCAA_004,160
CAGCGCCTGTCCATCTCCAA_005,155
CAGCGCCTGTCCATCTCCAA_006,147
CAGCGCCTGTCCATCTCCAA_007,90
CAGCGCCTGTCCATCTCCAA_008,150
CAGCGCCTGTCCATCTCCAA_009,2
CAGCGCCTGTCCATCTCCAA_010,94
CAGCGCCTGTCCATCTCCAA_011,20
CAGCGCCTGTCCATCTCCAA_012,199
CAGCGCCTGTCCATCTCCAA_013,69
CAGCGCCTGTCCATCTCCAA_014,149
CAGCGCCTGTCCATCTCCAA_015,168
CAGCGCCTGTCCATCTCCAA_016,168
GGGGTGTTAAAGTTAGGACG_001,142
GGGGTGTTAAAGTTAGGACG_002,142
GGGGTGTTAAAGTTAGGACG_003,164
GGGGTGTTAAAGTTAGGACG_004,48
GGGGTGTTAAAGTTAGGACG_005,121
CAGAAGGACGCACGCGCCGA_001,106
CAGAAGGACGCACGCGCCGA_002,141
CAGAAGGACGCACGCGCCGA_003,149
CAGAAGGACGCACGCGCCGA_004,192
CAGAAGGACGCACGCGCCGA_005,150
CAGAAGGACGCACGCGCCGA_006,184
CAGAAGGACGCACGCGCCGA_007,199
CAGAAGGACGCACGCGCCGA_008,81
TACTACGTCATAGCCTGTCG_001,198
AGCTCCGTCGACGAACGCTC_001,2
AGCTCCGTCGACGAACGCTC_002,64
AGCTCCGTCGACGAACGCTC_003,56
AGCTCCGTCGACGAACGCTC_004,34
AGCTCCGTCGACGAACGCTC_005,43
AGCTCCGTCGACGAACGCTC_006,144
AGCTCCGTCGACGAACGCTC_007,56
AGCTCCGTCGACGAACGCTC_008,105
AGCTCCGTCGACGAACGCTC_009,77
AGCTCCGTCGACGAACGCTC_010,198
AGCTCCGTCGACGAACGCTC_011,45
AGCTCCGTCGACGAACGCTC_012,129
AGCTCCGTCGACGAACGCTC_013,169
AGCTCCGTCGACGAACGCTC_014,152
AGCTCCGTCGACGAACGCTC_015,81
AGCTCCGTCGACGAACGCTC_016,30
AGCTCCGTCGACGAACGCTC_017,6
AGCTCCGTCGACGAACGCTC_018,82
AGCTCCGTCGACGAACGCTC_019,82
AGCTCCGTCGACGAACGCTC_020,23
AGCTCCGTCGACGAACGCTC_021,144
AGCTCCGTCGACGAACGCTC_022,57
AGCTCCGTCGACGAACGCTC_023,10
AGCTCCGTCGACGAACGCTC_024,150
AGCTCCGTCGACGAACGCTC_025,15
AGCTCCGTCGACGAACGCTC_026,166
AGCTCCGTCGACGAACGCTC_027,65
AGCTCCGTCGACGAACGCTC_028,28
AGCTCCGTCGACGAACGCTC_029,8
GGTATTCCGAAGTCCTCCGC_001,150
GGTATTCCGAAGTCCTCCGC_002,198
GGTATTCCGAAGTCCTCCGC_003,75
GGTATTCCGAAGTCCTCCGC_004,118
GGTATTCCGAAGTCCTCCGC_005,176
GGTATTCCGAAGTCCTCCGC_006,6
GGTATTCCGAAGTCCTCCGC_007,6
GGTATTCCGAAGTCCTCCGC_008,163
GGTATTCCGAAGTCCTCCGC_009,26
GGTATTCCGAAGTCCTCCGC_010,26
GGTATTCCGAAGTCCTCCGC_011,66
GGTATTCCGAAGTCCTCCGC_012,17
GGTATTCCGAAGTCCTCCGC_013,20
CTATGTGGCAGATATCGAGG_001,1
CTATGTGGCAGATATCGAGG_002,177
GGAGCAAGTAACAATCTCCA_001,105
GGAGCAAGTAACAATCTCCA_002,38
GGAGCAAGTAACAATCTCCA_003,123
GGAGCAAGTAACAATCTCCA_004,96
GGAGCAAGTAACAATCTCCA_005,140
GGAGCAAGTAACAATCTCCA_006,17
GGAGCAAGTAACAATCTCCA_007,69
GGAGCAAGTAACAATCTCCA_008,103
AGGCCCTGAAGAAAATTCGG_001,16
AGGCCCTGAAGAAAATTCGG_002,53
AGGCCCTGAAGAAAATTCGG_003,111
AGGCCCTGAAGAAAATTCGG_004,144
AGGCCCTGAAGAAAATTCGG_005,99
AGGCCCTGAAGAAAATTCGG_006,48
AGGCCCTGAAGAAAATTCGG_007,94
AGGCCCTGAAGAAAATTCGG_008,116
AGGCCCTGAAGAAAATTCGG_009,72
AGGCCCTGAAGAAAATTCGG_010,50
AGGCCCTGAAGAAAATTCGG_011,2
AGGCCCTGAAGAAAATTCGG_012,88
AGGCCCTGAAGAAAATTCGG_013,59
AGGCCCTGAAGAAAATTCGG_014,199
CATCTGATCTATAAATGCGG_001,141
CATCTGATCTATAAATGCGG_002,158
CTCCTGACGGCAGATTGCTG_001,51
CTCCTGACGGCAGATTGCTG_002,101
CTCCTGACGGCAGATTGCTG_003,32
CTCCTGACGGCAGATTGCTG_004,102
CTCCTGACGGCAGATTGCTG_005,130
CTCCTGACGGCAGATTGCTG_006,136
CTCCTGACGGCAGATTGCTG_007,38
CTCCTGACGGCAGATTGCTG_008,127
CTCCTGACGGCAGATTGCTG_009,198
CTCCTGACGGCAGATTGCTG_010,64
CTCCTGACGGCAGATTGCTG_011,124
CTCCTGACGGCAGATTGCTG_012,180
GTTTACAGTGCCAGTAAAGG_001,158
GTTTACAGTGCCAGTAAAGG_002,118
GTTTACAGTGCCAGTAAAGG_003,120
GTTTACAGTGCCAGTAAAGG_004,28
GTTTACAGTGCCAGTAAAGG_005,52
CCCCTCGACAGCGGTCAAGT_001,62
CCCCTCGACAGCGGTCAAGT_002,127
CCCCTCGACAGCGGTCAAGT_003,121
CCCCTCGACAGCGGTCAAGT_004,184
CCCCTCGACAGCGGTCAAGT_005,152
CCCCTCGACAGCGGTCAAGT_006,56
CCCCTCGACAGCGGTCAAGT_007,127
CCCCTCGACAGCGGTCAAGT_008,97
CCCCTCGACAGCGGTCAAGT_009,42
CCCCTCGACAGCGGTCAAGT_010,185
CCCCTCGACAGCGGTCAAGT_011,160
CCCCTCGACAGCGGTCAAGT_012,2
CCCCTCGACAGCGGTCAAGT_013,49
CCCCTCGACAGCGGTCAAGT_014,147
CCCCTCGACAGCGGTCAAGT_015,34
CCCCTCGACAGCGGTCAAGT_016,140
CCCCTCGACAGCGGTCAAGT_017,99
CCCCTCGACAGCGGTCAAGT_018,14
CCCCTCGACAGCGGTCAAGT_019,4
CCCCTCGACAGCGGTCAAGT_020,176
CCCCTCGACAGCGGTCAAGT_021,81
CCCCTCGACAGCGGTCAAGT_022,144
CCCCTCGACAGCGGTCAAGT_023,144
CCCCTCGACAGCGGTCAAGT_024,177
AGGCCGCGTACCTTTGTGGT_001,58
AGGCCGCGTACCTTTGTGGT_002,54
AGGCCGCGTACCTTTGTGGT_003,36
AGGCCGCGTACCTTTGTGGT_004,66
AGGCCGCGTACCTTTGTGGT_005,113
AGGCCGCGTACCTTTGTGGT_006,113
AGGCCGCGTACCTTTGTGGT_007,67
AGGCCGCGTACCTTTGTGGT_008,38
AGGCCGCGTACCTTTGTGGT_009,10
AGGCCGCGTACCTTTGTGGT_010,169
AGGCCGCGTACCTTTGTGGT_011,169
AGGCCGCGTACCTTTGTGGT_012,175
AGGCCGCGTACCTTTGTGGT_013,144
CAGTCAAAGGATGACCATCA_001,95
GACAATATGTTTGGACCGCG_001,115
GACAATATGTTTGGACCGCG_002,150
GACAATATGTTTGGACCGCG_003,45
GACAATATGTTTGGACCGCG_004,101
GGGTATCATTGCCGACGCGG_001,17
GGGTATCATTGCCGACGCGG_002,0
GGGTATCATTGCCGACGCGG_003,107
GGGTATCATTGCCGACGCGG_004,6
GGGTATCATTGCCGACGCGG_005,70
GGGTATCATTGCCGACGCGG_006,29
GGGTATCATTGCCGACGCGG_007,6
GGGTATCATTGCCGACGCGG_008,36
GGGTATCATTGCCGACGCGG_009,198
GGGTATCATTGCCGACGCGG_010,152
GGGTATCATTGCCGACGCGG_011,152
GGGTATCATTGCCGACGCGG_012,116
AGCAAGAGTCCGTCCAACAA_001,62
AGCAAGAGTCCGTCCAACAA_002,196
AGCAAGAGTCCGTCCAACAA_003,111
AGCAAGAGTCCGTCCAACAA_004,196
AGCAAGAGTCCGTCCAACAA_005,172
AGCAAGAGTCCGTCCAACAA_006,48
AGCAAGAGTCCGTCCAACAA_007,127
AGCAAGAGTCCGTCCAACAA_008,186
AGCAAGAGTCCGTCCAACAA_009,146
AGCAAGAGTCCGTCCAACAA_010,72
AGCAAGAGTCCGTCCAACAA_011,114
AGCAAGAGTCCGTCCAACAA_012,170
GTAAAACTCAGTGATCACCA_001,194
GTGGTCGGGGAGTTTCTCCG_001,8
GTGGTCGGGGAGTTTCTCCG_002,157
CGCCGTGTACAGAATTACCC_001,2
CGCCGTGTACAGAATTACCC_002,48
TGGATCTCCCCATACCACTG_001,150
TGGATCTCCCCATACCACTG_002,12
TGGATCTCCCCATACCACTG_003,69
TGGATCTCCCCATACCACTG_004,89
TGGATCTCCCCATACCACTG_005,127
TGGATCTCCCCATACCACTG_006,58
TGGATCTCCCCATACCACTG_007,135
TGGATCTCCCCATACCACTG_008,54
TGGATCTCCCCATACCACTG_009,172
TGGATCTCCCCATACCACTG_010,170
TGGATCTCCCCATACCACTG_011,77
TGGATCTCCCCATACCACTG_012,144
TGGATCTCCCCATACCACTG_013,147
TGGATCTCCCCATACCACTG_014,134
TGGATCTCCCCATACCACTG_015,81
TGGATCTCCCCATACCACTG_016,137
TGGATCTCCCCATACCACTG_017,184
AGAATTCGGGAAATGTCGCA_001,2
AGAATTCGGGAAATGTCGCA_002,57
AGAATTCGGGAAATGTCGCA_003,158
AGAATTCGGGAAATGTCGCA_004,35
AGAATTCGGGAAATGTCGCA_005,76
AGAATTCGGGAAATGTCGCA_006,92
TGCCCCCAGGAGCCTCTCAG_001,107
TGCCCCCAGGAGCCTCTCAG_002,194
TGCCCCCAGGAGCCTCTCAG_003,69
TGCCCCCAGGAGCCTCTCAG_004,19
TGCCCCCAGGAGCCTCTCAG_005,18
TGCCCCCAGGAGCCTCTCAG_006,115
TGCCCCCAGGAGCCTCTCAG_007,5
TGCCCCCAGGAGCCTCTCAG_008,172
TGCCCCCAGGAGCCTCTCAG_009,40
TGCCCCCAGGAGCCTCTCAG_010,113
TGCCCCCAGGAGCCTCTCAG_011,175
TGCCCCCAGGAGCCTCTCAG_012,188
TGCCCCCAGGAGCCTCTCAG_013,169
TGCCCCCAGGAGCCTCTCAG_014,187
TGCCCCCAGGAGCCTCTCAG_015,160
TGCCCCCAGGAGCCTCTCAG_016,168
TGCCCCCAGGAGCCTCTCAG_017,160
TGCCCCCAGGAGCCTCTCAG_018,13
TGCCCCCAGGAGCCTCTCAG_019,88
TGCCCCCAGGAGCCTCTCAG_020,147
TGCCCCCAGGAGCCTCTCAG_021,57
TGCCCCCAGGAGCCTCTCAG_022,88
TGCCCCCAGGAGCCTCTCAG_023,29
TGCCCCCAGGAGCCTCTCAG_024,75
TGCCCCCAGGAGCCTCTCAG_025,111
TGCCCCCAGGAGCCTCTCAG_026,80
TGCCCCCAGGAGCCTCTCAG_027,97
TGCCCCCAGGAGCCTCTCAG_028,27
TGCCCCCAGGAGCCTCTCAG_029,119
TGCCCCCAGGAGCCTCTCAG_030,10
TGCCCCCAGGAGCCTCTCAG_031,197
TGCCCCCAGGAGCCTCTCAG_032,162
TGCCCCCAGGAGCCTCTCAG_033,23
ATCTTGTTATGACAGCGAGG_001,182
ATCTTGTTATGACAGCGAGG_002,145
ATCTTGTTATGACAGCGAGG_003,137
ATCTTGTTATGACAGCGAGG_004,9
ATCTTGTTATGACAGCGAGG_005,169
ATCTTGTTATGACAGCGAGG_006,184
ATCTTGTTATGACAGCGAGG_007,78
AATATGAAGGAAACTTGACT_001,129
TGGTGCCTCCAGAATAGAGG_001,44
TGGTGCCTCCAGAATAGAGG_002,40
TGGTGCCTCCAGAATAGAGG_003,119
TGGTGCCTCCAGAATAGAGG_004,133
TGGTGCCTCCAGAATAGAGG_005,88
TGGTGCCTCCAGAATAGAGG_006,127
TGGTGCCTCCAGAATAGAGG_007,183
TGGTGCCTCCAGAATAGAGG_008,102
TGGTGCCTCCAGAATAGAGG_009,103
TGGTGCCTCCAGAATAGAGG_010,56
TGGTGCCTCCAGAATAGAGG_011,8
TGGTGCCTCCAGAATAGAGG_012,78
TGGTGCCTCCAGAATAGAGG_013,9
TGGTGCCTCCAGAATAGAGG_014,177
TGGTGCCTCCAGAATAGAGG_015,147
CTCACCTTGCCGACTCACAG_001,111
CTCACCTTGCCGACTCACAG_002,18
CTCACCTTGCCGACTCACAG_003,198
CTCACCTTGCCGACTCACAG_004,147
CTCACCTTGCCGACTCACAG_005,51
CTCACCTTGCCGACTCACAG_006,83
CTCACCTTGCCGACTCACAG_007,76
CTCACCTTGCCGACTCACAG_008,157
CTCACCTTGCCGACTCACAG_009,146
CTCACCTTGCCGACTCACAG_010,102
CTCACCTTGCCGACTCACAG_011,32
CTCACCTTGCCGACTCACAG_012,144
CTCACCTTGCCGACTCACAG_013,103
CTCACCTTGCCGACTCACAG_014,67
CTCACCTTGCCGACTCACAG_015,197
CTCACCTTGCCGACTCACAG_016,117
CTCACCTTGCCGACTCACAG_017,119
CTCACCTTGCCGACTCACAG_018,96
CTCACCTTGCCGACTCACAG_019,98
CTCACCTTGCCGACTCACAG_020,25
CTCACCTTGCCGACTCACAG_021,67
CTCACCTTGCCGACTCACAG_022,105
CTCACCTTGCCGACTCACAG_023,27
CTCACCTTGCCGACTCACAG_024,176
CTCACCTTGCCGACTCACAG_025,96
ATAAGAAATTATAAACGCGA_001,124
GCAAAAAGCTTTATGCCGCC_001,124
GCAAAAAGCTTTATGCCGCC_002,169
GCAAAAAGCTTTATGCCGCC_003,106
GCAAAAAGCTTTATGCCGCC_004,63
TGGATGCAATAAGTGCAGAA_001,76
TGGATGCAATAAGTGCAGAA_002,139
TGGATGCAATAAGTGCAGAA_003,139
TGGATGCAATAAGTGCAGAA_004,81
TGGATGCAATAAGTGCAGAA_005,38
TGGATGCAATAAGTGCAGAA_006,144
AGGCAAAAATTCAACTGGAT_001,146
AGGCAAAAATTCAACTGGAT_002,110
AGGCAAAAATTCAACTGGAT_003,77
AGGCAAAAATTCAACTGGAT_004,61
AGGCAAAAATTCAACTGGAT_005,183
AGGCAAAAATTCAACTGGAT_006,157
AGGCAAAAATTCAACTGGAT_007,115
AGGCAAAAATTCAACTGGAT_008,102
AGTGTGTTGAATTCCTGGAC_001,145
AGTGTGTTGAATTCCTGGAC_002,112
AGTGTGTTGAATTCCTGGAC_003,11
AGTGTGTTGAATTCCTGGAC_004,11
AGTGTGTTGAATTCCTGGAC_005,11
AGTGTGTTGAATTCCTGGAC_006,106
AGTGTGTTGAATTCCTGGAC_007,105
AGTGTGTTGAATTCCTGGAC_008,10
AGTGTGTTGAATTCCTGGAC_009,180
AGTGTGTTGAATTCCTGGAC_010,50
CAGCCTCAGAGTGAGCAATG_001,78
CAGCCTCAGAGTGAGCAATG_002,35
CAGCCTCAGAGTGAGCAATG_003,13
CAGCCTCAGAGTGAGCAATG_004,41
CAGCCTCAGAGTGAGCAATG_005,116
CAGCCTCAGAGTGAGCAATG_006,162
CAGCCTCAGAGTGAGCAATG_007,154
CAGCCTCAGAGTGAGCAATG_008,3
ATCTCTGCAGACTATATTGG_001,80
GGGCGTAGTCAACGAAAGTG_001,41
GGGCGTAGTCAACGAAAGTG_002,75
GGGCGTAGTCAACGAAAGTG_003,75
GGGCGTAGTCAACGAAAGTG_004,124
GGGCGTAGTCAACGAAAGTG_005,175
GGGCGTAGTCAACGAAAGTG_006,169
GGGCGTAGTCAACGAAAGTG_007,139
GGGCGTAGTCAACGAAAGTG_008,16
GGGCGTAGTCAACGAAAGTG_009,130
GGGCGTAGTCAACGAAAGTG_010,150
GGGCGTAGTCAACGAAAGTG_011,106
GGGCGTAGTCAACGAAAGTG_012,141
GGGCGTAGTCAACGAAAGTG_013,162
ACTGCTGCTGTCTTCTAAAT_001,98
ACTGCTGCTGTCTTCTAAAT_002,61
ACTGCTGCTGTCTTCTAAAT_003,181
ACTGCTGCTGTCTTCTAAAT_004,11
ACTGCTGCTGTCTTCTAAAT_005,36
ACTGCTGCTGTCTTCTAAAT_006,188
AGGAATCAAGAACCCAGTCT_001,76
AGGAATCAAGAACCCAGTCT_002,105
AGGAATCAAGAACCCAGTCT_003,68
AGGAATCAAGAACCCAGTCT_004,176
AGGAATCAAGAACCCAGTCT_005,29
AGGAATCAAGAACCCAGTCT_006,175
AGGAATCAAGAACCCAGTCT_007,1
AGGAATCAAGAACCCAGTCT_008,130
AGGAATCAAGAACCCAGTCT_009,166
GAAACATGGACAAATTTGTG_001,195
GAAACATGGACAAATTTGTG_002,135
GAAACATGGACAAATTTGTG_003,181
GAAACATGGACAAATTTGTG_004,69
GAAACATGGACAAATTTGTG_005,180
GACCGTCTTCTTAAGTCCCA_001,4
GACCGTCTTCTTAAGTCCCA_002,78
GACCGTCTTCTTAAGTCCCA_003,136
GACCGTCTTCTTAAGTCCCA_004,16
GACCGTCTTCTTAAGTCCCA_005,31
GACCGTCTTCTTAAGTCCCA_006,198
GACCGTCTTCTTAAGTCCCA_007,150
GACCGTCTTCTTAAGTCCCA_008,88
GACCGTCTTCTTAAGTCCCA_009,38
GACCGTCTTCTTAAGTCCCA_010,172
GACCGTCTTCTTAAGTCCCA_011,22
GGCATTGACTAAACGTGCTG_001,176
GGCATTGACTAAACGTGCTG_002,77
GGCATTGACTAAACGTGCTG_003,34
GGCATTGACTAAACGTGCTG_004,115
GGCATTGACTAAACGTGCTG_005,48
GGCATTGACTAAACGTGCTG_006,43
GGCATTGACTAAACGTGCTG_007,142
GGCATTGACTAAACGTGCTG_008,58
GGCATTGACTAAACGTGCTG_009,155
GGCATTGACTAAACGTGCTG_010,30
GGCATTGACTAAACGTGCTG_011,80
GGCATTGACTAAACGTGCTG_012,177
GGCATTGACTAAACGTGCTG_013,168
GGCATTGACTAAACGTGCTG_014,124
GGCATTGACTAAACGTGCTG_015,28
GACATCAATGAGTGCCTCCG_001,52
GACATCAATGAGTGCCTCCG_002,180
GACATCAATGAGTGCCTCCG_003,130
GACATCAATGAGTGCCTCCG_004,188
GACATCAATGAGTGCCTCCG_005,23
GACATCAATGAGTGCCTCCG_006,181
GACATCAATGAGTGCCTCCG_007,170
GACATCAATGAGTGCCTCCG_008,177
GACATCAATGAGTGCCTCCG_009,1
GACATCAATGAGTGCCTCCG_010,150
GACATCAATGAGTGCCTCCG_011,49
GACATCAATGAGTGCCTCCG_012,40
GACATCAATGAGTGCCTCCG_013,9
GACATCAATGAGTGCCTCCG_014,60
GACATCAATGAGTGCCTCCG_015,107
GACATCAATGAGTGCCTCCG_016,62
GACATCAATGAGTGCCTCCG_017,159
GACATCAATGAGTGCCTCCG_018,115
GACATCAATGAGTGCCTCCG_019,115
GACATCAATGAGTGCCTCCG_020,137
GACATCAATGAGTGCCTCCG_021,199
GACATCAATGAGTGCCTCCG_022,90
GACATCAATGAGTGCCTCCG_023,174
GACATCAATGAGTGCCTCCG_024,191
GACTGACCCATGTGAAACCA_001,14
GACTGACCCATGTGAAACCA_002,87
GACTGACCCATGTGAAACCA_003,87
GACTGACCCATGTGAAACCA_004,185
GACTGACCCATGTGAAACCA_005,141
GACTGACCCATGTGAAACCA_006,48
GAGGACGCCCTATCATGGAG_001,8
GAGGACGCCCTATCATGGAG_002,130
GAGGACGCCCTATCATGGAG_003,17
GAGGACGCCCTATCATGGAG_004,45
GAGGACGCCCTATCATGGAG_005,148
GAGGACGCCCTATCATGGAG_006,156
GAGGACGCCCTATCATGGAG_007,159
GAGGACGCCCTATCATGGAG_008,77
TACTAGGAATGAGTCTACTC_001,60
TACTAGGAATGAGTCTACTC_002,82
TACTAGGAATGAGTCTACTC_003,132
TACTAGGAATGAGTCTACTC_004,161
CTGCAGGCCGAGTCGCACCA_001,41
CTGCAGGCCGAGTCGCACCA_002,199
CTGCAGGCCGAGTCGCACCA_003,181
CTGCAGGCCGAGTCGCACCA_004,2
CTGCAGGCCGAGTCGCACCA_005,64
CTGCAGGCCGAGTCGCACCA_006,42
CTGCAGGCCGAGTCGCACCA_007,129
CTGCAGGCCGAGTCGCACCA_008,58
CTGCAGGCCGAGTCGCACCA_009,134
CTGCAGGCCGAGTCGCACCA_010,78
CTGCAGGCCGAGTCGCACCA_011,85
CTGCAGGCCGAGTCGCACCA_012,107
CTGCAGGCCGAGTCGCACCA_013,190
CTGCAGGCCGAGTCGCACCA_014,92
CTGCAGGCCGAGTCGCACCA_015,17
CTGCAGGCCGAGTCGCACCA_016,156
CTGCAGGCCGAGTCGCACCA_017,112
CTGCAGGCCGAGTCGCACCA_018,22
CTGCAGGCCGAGTCGCACCA_019,146
CTGCAGGCCGAGTCGCACCA_020,176
CTGCAGGCCGAGTCGCACCA_021,170
CTGCAGGCCGAGTCGCACCA_022,175
CTGCAGGCCGAGTCGCACCA_023,32
CTGCAGGCCGAGTCGCACCA_024,176
CTGCAGGCCGAGTCGCACCA_025,146
CTGCAGGCCGAGTCGCACCA_026,43
CTGCAGGCCGAGTCGCACCA_027,35
CTGCAGGCCGAGTCGCACCA_028,91
CTGCAGGCCGAGTCGCACCA_029,95
CTGCAGGCCGAGTCGCACCA_030,176
CTGCAGGCCGAGTCGCACCA_031,74
CTGCAGGCCGAGTCGCACCA_032,158
CTGCAGGCCGAGTCGCACCA_033,188
CTGCAGGCCGAGTCGCACCA_034,1
CTGCAGGCCGAGTCGCACCA_035,29
CTGCAGGCCGAGTCGCACCA_036,108
CTGCAGGCCGAGTCGCACCA_037,50
CTGCAGGCCGAGTCGCACCA_038,176
CTGCAGGCCGAGTCGCACCA_039,28
CTGCAGGCCGAGTCGCACCA_040,107
CTGCAGGCCGAGTCGCACCA_041,92
AAGGAATCAATGCCAAGTTG_001,122
AAGGAATCAATGCCAAGTTG_002,139
AAGGAATCAATGCCAAGTTG_003,105
AAGGAATCAATGCCAAGTTG_004,176
AAGGAATCAATGCCAAGTTG_005,76
AAGGAATCAATGCCAAGTTG_006,155
AAGGAATCAATGCCAAGTTG_007,67
AAGGAATCAATGCCAAGTTG_008,69
AAGGAATCAATGCCAAGTTG_009,74
AAGGAATCAATGCCAAGTTG_010,49
AAGGAATCAATGCCAAGTTG_011,41
AAGGAATCAATGCCAAGTTG_012,38
AAGGAATCAATGCCAAGTTG_013,170
AAGGAATCAATGCCAAGTTG_014,170
AAGGAATCAATGCCAAGTTG_015,163
AAGGAATCAATGCCAAGTTG_016,27
AAGGAATCAATGCCAAGTTG_017,198
AAGGAATCAATGCCAAGTTG_018,23
CAAGTCGGGTATGAAGGAGC_001,121
CAAGTCGGGTATGAAGGAGC_002,94
CAAGTCGGGTATGAAGGAGC_003,172
CAAGTCGGGTATGAAGGAGC_004,31
CAAGTCGGGTATGAAGGAGC_005,198
CAAGTCGGGTATGAAGGAGC_006,156
CAAGTCGGGTATGAAGGAGC_007,125
CAAGTCGGGTATGAAGGAGC_008,188
GCTGGGGGAATACAATCGAG_001,41
GCTGGGGGAATACAATCGAG_002,74
GCTGGGGGAATACAATCGAG_003,170
GCTGGGGGAATACAATCGAG_004,105
GCTGGGGGAATACAATCGAG_005,125
GCTGGGGGAATACAATCGAG_006,63
GCTGGGGGAATACAATCGAG_007,62
TGTAAAAGTGATTATAACTG_001,169
GCAATTCACAATGAACTCGG_001,176
GCAATTCACAATGAACTCGG_002,94
GCAATTCACAATGAACTCGG_003,155
GCAATTCACAATGAACTCGG_004,88
GCAATTCACAATGAACTCGG_005,94
GCAATTCACAATGAACTCGG_006,10
GCAATTCACAATGAACTCGG_007,96
AGCACAGAGTACAAAGTCAT_001,130
AGCACAGAGTACAAAGTCAT_002,170
AGCACAGAGTACAAAGTCAT_003,50
AGCACAGAGTACAAAGTCAT_004,20
AGCACAGAGTACAAAGTCAT_005,151
AGCACAGAGTACAAAGTCAT_006,28
AGCACAGAGTACAAAGTCAT_007,91
AGCACAGAGTACAAAGTCAT_008,15
AGCACAGAGTACAAAGTCAT_009,54
AGCACAGAGTACAAAGTCAT_010,138
AGCACAGAGTACAAAGTCAT_011,39
AGCACAGAGTACAAAGTCAT_012,124
AGCACAGAGTACAAAGTCAT_013,43
AGCACAGAGTACAAAGTCAT_014,107
AGCACAGAGTACAAAGTCAT_015,170
AGCACAGAGTACAAAGTCAT_016,66
AGCACAGAGTACAAAGTCAT_017,39
AGCACAGAGTACAAAGTCAT_018,117
TACACATGGAACCTCGCTCA_001,45
TACACATGGAACCTCGCTCA_002,81
TACACATGGAACCTCGCTCA_003,78
TACACATGGAACCTCGCTCA_004,139
TACACATGGAACCTCGCTCA_005,107
AGTGAGATGAGTATACCACA_001,115
TACCCACAGTACGGCTGGCA_001,166
TACCCACAGTACGGCTGGCA_002,161
TACCCACAGTACGGCTGGCA_003,98
TACCCACAGTACGGCTGGCA_004,49
GTAGGGGATGTGATCAACCT_001,78
GTAGGGGATGTGATCAACCT_002,48
GTAGGGGATGTGATCAACCT_003,77
CCCGCAGCGCGCGCCCGCCG_001,107
CCCGCAGCGCGCGCCCGCCG_002,68
CCCGCAGCGCGCGCCCGCCG_003,118
CCCGCAGCGCGCGCCCGCCG_004,105
CCCGCAGCGCGCGCCCGCCG_005,77
CCCGCAGCGCGCGCCCGCCG_006,45
CCCGCAGCGCGCGCCCGCCG_007,136
CCCGCAGCGCGCGCCCGCCG_008,49
CCCGCAGCGCGCGCCCGCCG_009,49
CCCGCAGCGCGCGCCCGCCG_010,8
CCCGCAGCGCGCGCCCGCCG_011,98
CCCGCAGCGCGCGCCCGCCG_012,16
CCCGCAGCGCGCGCCCGCCG_013,144
CCCGCAGCGCGCGCCCGCCG_014,146
CCCGCAGCGCGCGCCCGCCG_015,118
CCCGCAGCGCGCGCCCGCCG_016,8
CCCGCAGCGCGCGCCCGCCG_017,155
CCCGCAGCGCGCGCCCGCCG_018,91
CCCGCAGCGCGCGCCCGCCG_019,198
CCCGCAGCGCGCGCCCGCCG_020,142
CCCGCAGCGCGCGCCCGCCG_021,70
CGTCCAGAAGAACGGCCCCT_001,199
CGTCCAGAAGAACGGCCCCT_002,172
CGTCCAGAAGAACGGCCCCT_003,148
CGTCCAGAAGAACGGCCCCT_004,129
CGTCCAGAAGAACGGCCCCT_005,115
CGTCCAGAAGAACGGCCCCT_006,8
CGTCCAGAAGAACGGCCCCT_007,68
CGTCCAGAAGAACGGCCCCT_008,184
CGTCCAGAAGAACGGCCCCT_009,184
CGTCCAGAAGAACGGCCCCT_010,13
CGTCCAGAAGAACGGCCCCT_011,81
CGTCCAGAAGAACGGCCCCT_012,61
CGTCCAGAAGAACGGCCCCT_013,198
CGTCCAGAAGAACGGCCCCT_014,107
CGTCCAGAAGAACGGCCCCT_015,154
CGTCCAGAAGAACGGCCCCT_016,9
CGTCCAGAAGAACGGCCCCT_017,78
CGTCCAGAAGAACGGCCCCT_018,170
CGTCCAGAAGAACGGCCCCT_019,175
CGTCCAGAAGAACGGCCCCT_020,137
CGTCCAGAAGAACGGCCCCT_021,19
CGTCCAGAAGAACGGCCCCT_022,182
CGTCCAGAAGAACGGCCCCT_023,114
CGTCCAGAAGAACGGCCCCT_024,69
CGTCCAGAAGAACGGCCCCT_025,150
CGTCCAGAAGAACGGCCCCT_026,60
CGTCCAGAAGAACGGCCCCT_027,195
CGTCCAGAAGAACGGCCCCT_028,9
CGTCCAGAAGAACGGCCCCT_029,46
CGTCCAGAAGAACGGCCCCT_030,40
CGTCCAGAAGAACGGCCCCT_031,28
CGTCCAGAAGAACGGCCCCT_032,68
CGTCCAGAAGAACGGCCCCT_033,81
CGTCCAGAAGAACGGCCCCT_034,176
CGTCCAGAAGAACGGCCCCT_035,6
CGTCCAGAAGAACGGCCCCT_036,146
CGTCCAGAAGAACGGCCCCT_037,70
CGTCCAGAAGAACGGCCCCT_038,26
CGTCCAGAAGAACGGCCCCT_039,49
CGTCCAGAAGAACGGCCCCT_040,56
CGTCCAGAAGAACGGCCCCT_041,138
CGTCCAGAAGAACGGCCCCT_042,57
CGTCCAGAAGAACGGCCCCT_043,184
CGTCCAGAAGAACGGCCCCT_044,46
CGTCCAGAAGAACGGCCCCT_045,127
CGTCCAGAAGAACGGCCCCT_046,144
ATAATCGTACTGACAGCACT_001,107
ATAATCGTACTGACAGCACT_002,150
ATAATCGTACTGACAGCACT_003,158
ATCACGTACATAGTCAACAA_001,183
ATCACGTACATAGTCAACAA_002,181
ATCACGTACATAGTCAACAA_003,42
GGAAGCAAATCATGCCACTG_001,18
GGAAGCAAATCATGCCACTG_002,130
GGAAGCAAATCATGCCACTG_003,94
GGAAGCAAATCATGCCACTG_004,105
GGAAGCAAATCATGCCACTG_005,148
GGAAGCAAATCATGCCACTG_006,134
GGAAGCAAATCATGCCACTG_007,36
GGAAGCAAATCATGCCACTG_008,9
GGAAGCAAATCATGCCACTG_009,175
GGAAGCAAATCATGCCACTG_010,70
GGAAGCAAATCATGCCACTG_011,97
GGAAGCAAATCATGCCACTG_012,38
GGAAGCAAATCATGCCACTG_013,15
GGAAGCAAATCATGCCACTG_014,85
GGAAGCAAATCATGCCACTG_015,165
GGAAGCAAATCATGCCACTG_016,127
GGAAGCAAATCATGCCACTG_017,105
GGAAGCAAATCATGCCACTG_018,53
GGAAGCAAATCATGCCACTG_019,13
GGAAGCAAATCATGCCACTG_020,76
GGAAGCAAATCATGCCACTG_021,6
GGAAGCAAATCATGCCACTG_022,60
GGAAGCAAATCATGCCACTG_023,184
GGAAGCAAATCATGCCACTG_024,62
GGAAGCAAATCATGCCACTG_025,116
GGAAGCAAATCATGCCACTG_026,37
GGAAGCAAATCATGCCACTG_027,127
GGAAGCAAATCATGCCACTG_028,169
GGAAGCAAATCATGCCACTG_029,148
GGAAGCAAATCATGCCACTG_030,144
GGAAGCAAATCATGCCACTG_031,40
GGAAGCAAATCATGCCACTG_032,150
GGAAGCAAATCATGCCACTG_033,138
GGAAGCAAATCATGCCACTG_034,10
GGAAGCAAATCATGCCACTG_035,52
TCATGAAGCAGATATGTGAG_001,152
TCATGAAGCAGATATGTGAG_002,31
TCATGAAGCAGATATGTGAG_003,147
TCATGAAGCAGATATGTGAG_004,163
TCATGAAGCAGATATGTGAG_005,169
TCATGAAGCAGATATGTGAG_006,58
TCATGAAGCAGATATGTGAG_007,62
TCATGAAGCAGATATGTGAG_008,10
TCATGAAGCAGATATGTGAG_009,160
TGTCACCCCAGATAGCGACG_001,12
TGTCACCCCAGATAGCGACG_002,56
TGTCACCCCAGATAGCGACG_003,56
GCGAGTAGGTGACGTCCGAG_001,168
GCGAGTAGGTGACGTCCGAG_002,114
GCGAGTAGGTGACGTCCGAG_003,130
GCGAGTAGGTGACGTCCGAG_004,176
GCGAGTAGGTGACGTCCGAG_005,82
GCGAGTAGGTGACGTCCGAG_006,181
GCGAGTAGGTGACGTCCGAG_007,77
GCGAGTAGGTGACGTCCGAG_008,34
GCGAGTAGGTGACGTCCGAG_009,19
GCGAGTAGGTGACGTCCGAG_010,63
GCGAGTAGGTGACGTCCGAG_011,91
GCGAGTAGGTGACGTCCGAG_012,198
GCGAGTAGGTGACGTCCGAG_013,16
GCGAGTAGGTGACGTCCGAG_014,77
GCGAGTAGGTGACGTCCGAG_015,66
GCGAGTAGGTGACGTCCGAG_016,178
GCGAGTAGGTGACGTCCGAG_017,178
GGTGAACATCCGCTACATCG_001,46
GGTGAACATCCGCTACATCG_002,47
GGTGAACATCCGCTACATCG_003,87
GGTGAACATCCGCTACATCG_004,103
GGTGAACATCCGCTACATCG_005,174
GGTGAACATCCGCTACATCG_006,93
GGTGAACATCCGCTACATCG_007,119
GGTGAACATCCGCTACATCG_008,22
GGTGAACATCCGCTACATCG_009,34
CCGCTCTCACCGGACGCTCG_001,59
CCGCTCTCACCGGACGCTCG_002,114
CCGCTCTCACCGGACGCTCG_003,106
CCGCTCTCACCGGACGCTCG_004,58
CCGCTCTCACCGGACGCTCG_005,72
CCGCTCTCACCGGACGCTCG_006,66
CCGCTCTCACCGGACGCTCG_007,174
CCGCTCTCACCGGACGCTCG_008,163
CCGCTCTCACCGGACGCTCG_009,13
CCGCTCTCACCGGACGCTCG_010,180
CCGCTCTCACCGGACGCTCG_011,134
GTAGAACCAGTTCTCATCGT_001,35
GTAATGTTGGTGTATCCATG_001,12
GTAATGTTGGTGTATCCATG_002,193
GTAATGTTGGTGTATCCATG_003,69
GTAATGTTGGTGTATCCATG_004,13
GTAATGTTGGTGTATCCATG_005,194
GTAATGTTGGTGTATCCATG_006,182
GTAATGTTGGTGTATCCATG_007,10
AGTAAACACATCTCTCACCG_001,88
AGTAAACACATCTCTCACCG_002,128
ACATGCTAACTCGATATGCT_001,199
ACATGCTAACTCGATATGCT_002,89
ACATGCTAACTCGATATGCT_003,60
ACATGCTAACTCGATATGCT_004,130
ACATGCTAACTCGATATGCT_005,61
ACATGCTAACTCGATATGCT_006,26
ACATGCTAACTCGATATGCT_007,19
ACATGCTAACTCGATATGCT_008,143
ACATGCTAACTCGATATGCT_009,150
ACATGCTAACTCGATATGCT_010,150
ACATGCTAACTCGATATGCT_011,124
ACATGCTAACTCGATATGCT_012,139
CAGGTGGCACCCAAAGATGC_001,166
CAGGTGGCACCCAAAGATGC_002,19
CAGGTGGCACCCAAAGATGC_003,28
CAGGTGGCACCCAAAGATGC_004,1
CAGGTGGCACCCAAAGATGC_005,136
CAGGTGGCACCCAAAGATGC_006,163
CAGGTGGCACCCAAAGATGC_007,132
CTGATGCCTGGAAGACGTCA_001,4
CTGATGCCTGGAAGACGTCA_002,2
CTGATGCCTGGAAGACGTCA_003,49
CTGATGCCTGGAAGACGTCA_004,5
CTGATGCCTGGAAGACGTCA_005,85
GCAAGATCAGGAACACCCGT_001,147
GCAAGATCAGGAACACCCGT_002,43
GCAAGATCAGGAACACCCGT_003,132
GCAAGATCAGGAACACCCGT_004,22
GCAAGATCAGGAACACCCGT_005,138
GCAAGATCAGGAACACCCGT_006,33
CTAATCGGTCTGCGATATTG_001,123
CTAATCGGTCTGCGATATTG_002,105
CTAATCGGTCTGCGATATTG_003,8
CTAATCGGTCTGCGATATTG_004,108
CTAATCGGTCTGCGATATTG_005,22
CTAATCGGTCTGCGATATTG_006,40
TGACACAACAGTCAACGAGC_001,103
TGACACAACAGTCAACGAGC_002,38
TGACACAACAGTCAACGAGC_003,69
TGACACAACAGTCAACGAGC_004,45
TGACACAACAGTCAACGAGC_005,177
TGACACAACAGTCAACGAGC_006,8
TGACACAACAGTCAACGAGC_007,88
TGACACAACAGTCAACGAGC_008,119
GAACAGCTATATGTCTACGA_001,172
AAGTTGGCCAGGCTCACACG_001,16
AAGTTGGCCAGGCTCACACG_002,120
AAGTTGGCCAGGCTCACACG_003,125
AAGTTGGCCAGGCTCACACG_004,18
AAGTTGGCCAGGCTCACACG_005,196
AAGTTGGCCAGGCTCACACG_006,197
AAGTTGGCCAGGCTCACACG_007,37
AAGTTGGCCAGGCTCACACG_008,106
AAGTTGGCCAGGCTCACACG_009,158
AAGTTGGCCAGGCTCACACG_010,76
AAGTTGGCCAGGCTCACACG_011,142
AAGTTGGCCAGGCTCACACG_012,170
AAGTTGGCCAGGCTCACACG_013,43
AAGTTGGCCAGGCTCACACG_014,0
AAGTTGGCCAGGCTCACACG_015,160
AAGTTGGCCAGGCTCACACG_016,159
AAGTTGGCCAGGCTCACACG_017,156
AAGTTGGCCAGGCTCACACG_018,40
AAGTTGGCCAGGCTCACACG_019,62
AAGTTGGCCAGGCTCACACG_020,63
AAGTTGGCCAGGCTCACACG_021,58
AAGTTGGCCAGGCTCACACG_022,30
GCATGAGCAATTCCATGTTG_001,49
GCATGAGCAATTCCATGTTG_002,188
GCATGAGCAATTCCATGTTG_003,90
CTGCCCACCTAAGCTTACTG_001,165
CTGCCCACCTAAGCTTACTG_002,159
CTGCCCACCTAAGCTTACTG_003,96
CTGCCCACCTAAGCTTACTG_004,187
CTGCCCACCTAAGCTTACTG_005,65
CTGCCCACCTAAGCTTACTG_006,103
CTGCCCACCTAAGCTTACTG_007,86
CTGCCCACCTAAGCTTACTG_008,115
CTGCCCACCTAAGCTTACTG_009,120
CTGCCCACCTAAGCTTACTG_010,39
CTGCCCACCTAAGCTTACTG_011,103
TGTGATATGCCACGTCAGAA_001,56
TGTGATATGCCACGTCAGAA_002,8
TGTGATATGCCACGTCAGAA_003,61
TGTGATATGCCACGTCAGAA_004,121
TGTGATATGCCACGTCAGAA_005,17
TGTGATATGCCACGTCAGAA_006,105
TGTGATATGCCACGTCAGAA_007,142
TGTGATATGCCACGTCAGAA_008,106
CCTGTTGACCATACCCGCTG_001,42
CCTGTTGACCATACCCGCTG_002,191
CCTGTTGACCATACCCGCTG_003,61
CCTGTTGACCATACCCGCTG_004,111
CCTGTTGACCATACCCGCTG_005,94
CCTGTTGACCATACCCGCTG_006,158
CCTGTTGACCATACCCGCTG_007,11
CCTGTTGACCATACCCGCTG_008,145
ATTTGGAGTTGCATCTCATG_001,61
ATTTGGAGTTGCATCTCATG_002,9
ATTTGGAGTTGCATCTCATG_003,56
ATTTGGAGTTGCATCTCATG_004,34
GTGGCTAGAGAACATCGATG_001,146
GTGGCTAGAGAACATCGATG_002,191
GTGGCTAGAGAACATCGATG_003,78
GTGGCTAGAGAACATCGATG_004,196
GTGGCTAGAGAACATCGATG_005,105
GTGGCTAGAGAACATCGATG_006,141
GTGGCTAGAGAACATCGATG_007,12
CAAGGGTGACAGTTTAATGG_001,178
CAAGGGTGACAGTTTAATGG_002,178
CAAGGGTGACAGTTTAATGG_003,126
CAAGGGTGACAGTTTAATGG_004,91
CAAGGGTGACAGTTTAATGG_005,152
CAAGGGTGACAGTTTAATGG_006,2
CAAGGGTGACAGTTTAATGG_007,187
TGGCAGAATCTTCGTCCGCA_001,169
TGGCAGAATCTTCGTCCGCA_002,41
TGGCAGAATCTTCGTCCGCA_003,41
TGGCAGAATCTTCGTCCGCA_004,3
TGGCAGAATCTTCGTCCGCA_005,40
GCGAGCGCGTACCTTGCAGG_001,35
GCGAGCGCGTACCTTGCAGG_002,49
GCGAGCGCGTACCTTGCAGG_003,137
GCGAGCGCGTACCTTGCAGG_004,1
GCGAGCGCGTACCTTGCAGG_005,17
GCGAGCGCGTACCTTGCAGG_006,77
GCGAGCGCGTACCTTGCAGG_007,19
CAATGACATCTTCACAAACG_001,57
CAATGACATCTTCACAAACG_002,30
CACGTATCAACATCTCAGAA_001,103
CACGTATCAACATCTCAGAA_002,27
CACGTATCAACATCTCAGAA_003,29
CACGTATCAACATCTCAGAA_004,24
ATGATTGTGTTGAGCAACAT_001,88
ATGATTGTGTTGAGCAACAT_002,50
ATGATTGTGTTGAGCAACAT_003,175
ATGATTGTGTTGAGCAACAT_004,41
ATGATTGTGTTGAGCAACAT_005,11
ATGATTGTGTTGAGCAACAT_006,59
ATGATTGTGTTGAGCAACAT_007,144
ATGATTGTGTTGAGCAACAT_008,62
ATGATTGTGTTGAGCAACAT_009,180
TGTGCTATAGGGAATCGGGG_001,130
TGTGCTATAGGGAATCGGGG_002,4
TGTGCTATAGGGAATCGGGG_003,169
TGTGCTATAGGGAATCGGGG_004,147
ATAGAAGTGTGACCGCTGGG_001,129
ATAGAAGTGTGACCGCTGGG_002,94
ATAGAAGTGTGACCGCTGGG_003,83
ATAGAAGTGTGACCGCTGGG_004,29
ATAGAAGTGTGACCGCTGGG_005,40
ATAGAAGTGTGACCGCTGGG_006,18
ATAGAAGTGTGACCGCTGGG_007,8
ATAGAAGTGTGACCGCTGGG_008,2
ATAGAAGTGTGACCGCTGGG_009,130
ATAGAAGTGTGACCGCTGGG_010,17
ATAGAAGTGTGACCGCTGGG_011,50
ATAGAAGTGTGACCGCTGGG_012,35
ATAGAAGTGTGACCGCTGGG_013,15
ATAGAAGTGTGACCGCTGGG_014,130
ATAGAAGTGTGACCGCTGGG_015,182
ATAGAAGTGTGACCGCTGGG_016,141
ATAGAAGTGTGACCGCTGGG_017,106
ATAGAAGTGTGACCGCTGGG_018,17
ATAGAAGTGTGACCGCTGGG_019,191
ATAGAAGTGTGACCGCTGGG_020,70
ATAGAAGTGTGACCGCTGGG_021,140
ATAGAAGTGTGACCGCTGGG_022,149
ATAGAAGTGTGACCGCTGGG_023,2
ATAGAAGTGTGACCGCTGGG_024,129
ATAGAAGTGTGACCGCTGGG_025,97
ATAGAAGTGTGACCGCTGGG_026,150
ATAGAAGTGTGACCGCTGGG_027,156
ATAGAAGTGTGACCGCTGGG_028,148
ATAGAAGTGTGACCGCTGGG_029,8
ATAGAAGTGTGACCGCTGGG_030,134
ATAGAAGTGTGACCGCTGGG_031,65
TCAGTTGGAAGCTCAAGTTA_001,48
TCAGTTGGAAGCTCAAGTTA_002,70
TCAGTTGGAAGCTCAAGTTA_003,158
TCAGTTGGAAGCTCAAGTTA_004,124
GTTCGGTACAGCGTAGACGG_001,127
GTTCGGTACAGCGTAGACGG_002,63
GTTCGGTACAGCGTAGACGG_003,25
GTTCGGTACAGCGTAGACGG_004,15
GTTCGGTACAGCGTAGACGG_005,145
GTTCGGTACAGCGTAGACGG_006,58
ATGGGATGGAGCATTGAGGT_001,102
ATGGGATGGAGCATTGAGGT_002,48
ATGGGATGGAGCATTGAGGT_003,86
ATGGGATGGAGCATTGAGGT_004,86
ATGGGATGGAGCATTGAGGT_005,186
ATGGGATGGAGCATTGAGGT_006,21
ATGGGATGGAGCATTGAGGT_007,102
ATGGGATGGAGCATTGAGGT_008,27
ATGGGATGGAGCATTGAGGT_009,177
CTCACCCTGCAGATATTCCG_001,153
CTCACCCTGCAGATATTCCG_002,96
CTCACCCTGCAGATATTCCG_003,92
CTCACCCTGCAGATATTCCG_004,193
CTCACCCTGCAGATATTCCG_005,74
CTCACCCTGCAGATATTCCG_006,156
CTCACCCTGCAGATATTCCG_007,81
CTCACCCTGCAGATATTCCG_008,184
CTCACCCTGCAGATATTCCG_009,25
CTCACCCTGCAGATATTCCG_010,84
GCTGTGAAGCCAAGATGCAG_001,67
GCTGTGAAGCCAAGATGCAG_002,134
GCTGTGAAGCCAAGATGCAG_003,16
GCTGTGAAGCCAAGATGCAG_004,60
GCTGTGAAGCCAAGATGCAG_005,196
GCTGTGAAGCCAAGATGCAG_006,52
GCTGTGAAGCCAAGATGCAG_007,160
GCTGTGAAGCCAAGATGCAG_008,168
GCTGTGAAGCCAAGATGCAG_009,168
GCCCGTGTGAATGCCCTCGG_001,78
GCCCGTGTGAATGCCCTCGG_002,54
GCCCGTGTGAATGCCCTCGG_003,160
GCCCGTGTGAATGCCCTCGG_004,107
GCCCGTGTGAATGCCCTCGG_005,107
TGATGGCTTGCGCTCAAACA_001,130
TGATGGCTTGCGCTCAAACA_002,125
TGATGGCTTGCGCTCAAACA_003,41
CCGAGGACTCACCAGCACCG_001,134
CCGAGGACTCACCAGCACCG_002,28
CCGAGGACTCACCAGCACCG_003,95
CCGAGGACTCACCAGCACCG_004,54
CCGAGGACTCACCAGCACCG_005,174
AAGACAAAATGGAGTAACGT_001,112
AAGACAAAATGGAGTAACGT_002,63
AAGACAAAATGGAGTAACGT_003,87
AAGACAAAATGGAGTAACGT_004,122
AAGACAAAATGGAGTAACGT_005,181
CCAGGACCAACGTGTAGACA_001,58
CCAGGACCAACGTGTAGACA_002,138
CCAGGACCAACGTGTAGACA_003,61
CCAGGACCAACGTGTAGACA_004,22
CCAGGACCAACGTGTAGACA_005,69
CCAGGACCAACGTGTAGACA_006,82
CCAGGACCAACGTGTAGACA_007,66
CCAGGACCAACGTGTAGACA_008,78
CCAGGACCAACGTGTAGACA_009,9
CCAGGACCAACGTGTAGACA_010,79
CCAGGACCAACGTGTAGACA_011,137
CCAGGACCAACGTGTAGACA_012,177
CCAGGACCAACGTGTAGACA_013,82
CCAGGACCAACGTGTAGACA_014,106
CCAGGACCAACGTGTAGACA_015,130
CCAGGACCAACGTGTAGACA_016,102
TTGTTGTTGCTGGAATGGCC_001,199
TTGTTGTTGCTGGAATGGCC_002,191
TTGTTGTTGCTGGAATGGCC_003,137
TTGTTGTTGCTGGAATGGCC_004,9
CGGCACAATTACTGAATGTG_001,62
CGGCACAATTACTGAATGTG_002,49
CCCACACATGCGAGTGACAG_001,98
CCCACACATGCGAGTGACAG_002,48
CCCACACATGCGAGTGACAG_003,90
CCCACACATGCGAGTGACAG_004,5
CCCACACATGCGAGTGACAG_005,168
CCCACACATGCGAGTGACAG_006,197
CCCACACATGCGAGTGACAG_007,166
CCCACACATGCGAGTGACAG_008,83
CCCACACATGCGAGTGACAG_009,158
CCCACACATGCGAGTGACAG_010,3
CCCACACATGCGAGTGACAG_011,66
CTGGCCCCGGGGATCCGAAG_001,85
CTGGCCCCGGGGATCCGAAG_002,53
CTGGCCCCGGGGATCCGAAG_003,188
CTGGCCCCGGGGATCCGAAG_004,148
CTGGCCCCGGGGATCCGAAG_005,122
CTGGCCCCGGGGATCCGAAG_006,119
CTGGCCCCGGGGATCCGAAG_007,68
CTGGCCCCGGGGATCCGAAG_008,56
CTGGCCCCGGGGATCCGAAG_009,136
CTGGCCCCGGGGATCCGAAG_010,41
CTGGCCCCGGGGATCCGAAG_011,136
CTGGCCCCGGGGATCCGAAG_012,56
CTGGCCCCGGGGATCCGAAG_013,174
AAGTTTGATACACACCAACC_001,7
AAGTTTGATACACACCAACC_002,75
AAGTTTGATACACACCAACC_003,17
AAGTTTGATACACACCAACC_004,70
AAGTTTGATACACACCAACC_005,96
AAGTTTGATACACACCAACC_006,197
GTAACATAGGCTTAAAACGG_001,154
GTAACATAGGCTTAAAACGG_002,197
GTAACATAGGCTTAAAACGG_003,103
GTAACATAGGCTTAAAACGG_004,187
GTAACATAGGCTTAAAACGG_005,55
GTAACATAGGCTTAAAACGG_006,79
GTAACATAGGCTTAAAACGG_007,188
GTAACATAGGCTTAAAACGG_008,156
GTAACATAGGCTTAAAACGG_009,121
GAGATTCCGAGACTATCTGG_001,60
GAGATTCCGAGACTATCTGG_002,154
GAGATTCCGAGACTATCTGG_003,78
GAGATTCCGAGACTATCTGG_004,103
GAGATTCCGAGACTATCTGG_005,127
GAGATTCCGAGACTATCTGG_006,53
GAGATTCCGAGACTATCTGG_007,25
GAGATTCCGAGACTATCTGG_008,124
GAGATTCCGAGACTATCTGG_009,118
AAGCGACCGGATCTGCCCAA_001,146
AAGCGACCGGATCTGCCCAA_002,50
AAGCGACCGGATCTGCCCAA_003,125
TTGTGGAAAAGTGCTGGTGT_001,49
TTGTGGAAAAGTGCTGGTGT_002,50
TTGTGGAAAAGTGCTGGTGT_003,29
TTGTGGAAAAGTGCTGGTGT_004,9
TTGTGGAAAAGTGCTGGTGT_005,0
TTGTGGAAAAGTGCTGGTGT_006,131
TTGTGGAAAAGTGCTGGTGT_007,12
TTGTGGAAAAGTGCTGGTGT_008,141
TTGTGGAAAAGTGCTGGTGT_009,149
TTGTGGAAAAGTGCTGGTGT_010,2
TTGTGGAAAAGTGCTGGTGT_011,118
TTGTGGAAAAGTGCTGGTGT_012,116
TTGTGGAAAAGTGCTGGTGT_013,105
TTGTGGAAAAGTGCTGGTGT_014,115
TTGTGGAAAAGTGCTGGTGT_015,2
TTGTGGAAAAGTGCTGGTGT_016,175
AACTGCGCCAAACCGTATGT_001,35
AACTGCGCCAAACCGTATGT_002,69
AACTGCGCCAAACCGTATGT_003,81
AACTGCGCCAAACCGTATGT_004,101
AACTGCGCCAAACCGTATGT_005,18
AACTGCGCCAAACCGTATGT_006,58
AACTGCGCCAAACCGTATGT_007,102
AACTGCGCCAAACCGTATGT_008,102
AACTGCGCCAAACCGTATGT_009,76
AACTGCGCCAAACCGTATGT_010,162
AACTGCGCCAAACCGTATGT_011,105
AACTGCGCCAAACCGTATGT_012,16
AACTGCGCCAAACCGTATGT_013,82
AACTGCGCCAAACCGTATGT_014,175
AACTGCGCCAAACCGTATGT_015,169
AACTGCGCCAAACCGTATGT_016,116
AACTGCGCCAAACCGTATGT_017,60
AACTGCGCCAAACCGTATGT_018,145
AACTGCGCCAAACCGTATGT_019,61
AACTGCGCCAAACCGTATGT_020,52
TGAGCCAGGCTAGCACAGGT_001,49
TGAGCCAGGCTAGCACAGGT_002,28
ATGCGAGACACAATGTGTCA_001,69
GGCTAAACCAGACCTGACCT_001,11
GGCTAAACCAGACCTGACCT_002,185
GGCTAAACCAGACCTGACCT_003,160
GGCTAAACCAGACCTGACCT_004,48
GGCTAAACCAGACCTGACCT_005,167
GGCTAAACCAGACCTGACCT_006,23
GGCTAAACCAGACCTGACCT_007,116
GGCTAAACCAGACCTGACCT_008,28
GGCTAAACCAGACCTGACCT_009,194
GCCCGCAATGTAGTTCCGAG_001,105
GCCCGCAATGTAGTTCCGAG_002,42
GCCCGCAATGTAGTTCCGAG_003,178
GCACAACGAGTTGTCCAATG_001,137
GCACAACGAGTTGTCCAATG_002,150
GCACAACGAGTTGTCCAATG_003,20
GCACAACGAGTTGTCCAATG_004,62
GCACAACGAGTTGTCCAATG_005,118
GCACAACGAGTTGTCCAATG_006,88
GCACAACGAGTTGTCCAATG_007,83
GCACAACGAGTTGTCCAATG_008,15
GCACAACGAGTTGTCCAATG_009,15
GCACAACGAGTTGTCCAATG_010,199
GCACAACGAGTTGTCCAATG_011,63
AATTTAAGGAGGTTCCTGAG_001,51
AATTTAAGGAGGTTCCTGAG_002,50
AATTTAAGGAGGTTCCTGAG_003,157
AATTTAAGGAGGTTCCTGAG_004,25
AATTTAAGGAGGTTCCTGAG_005,98
AATTTAAGGAGGTTCCTGAG_006,190
AATTTAAGGAGGTTCCTGAG_007,22
AATTTAAGGAGGTTCCTGAG_008,64
AATTTAAGGAGGTTCCTGAG_009,50
AATTTAAGGAGGTTCCTGAG_010,62
AATTTAAGGAGGTTCCTGAG_011,187
AATTTAAGGAGGTTCCTGAG_012,23
AATTTAAGGAGGTTCCTGAG_013,55
CCCCACCCCACAACCCAATG_001,158
CCCCACCCCACAACCCAATG_002,107
CCCCACCCCACAACCCAATG_003,168
CCCCACCCCACAACCCAATG_004,130
CCCCACCCCACAACCCAATG_005,41
CCCCACCCCACAACCCAATG_006,27
CCCCACCCCACAACCCAATG_007,98
CCCCACCCCACAACCCAATG_008,27
CCCCACCCCACAACCCAATG_009,55
CCCCACCCCACAACCCAATG_010,137
CCCCACCCCACAACCCAATG_011,112
CCCCACCCCACAACCCAATG_012,110
CCCCACCCCACAACCCAATG_013,121
CCCCACCCCACAACCCAATG_014,157
CCCCACCCCACAACCCAATG_015,63
CCCCACCCCACAACCCAATG_016,9
CCCCACCCCACAACCCAATG_017,158
CCCCACCCCACAACCCAATG_018,89
GCATGGCGTAACTCCCAACA_001,185
GCATGGCGTAACTCCCAACA_002,113
AGCCATTGGCTCAACAACCA_001,149
AGCCATTGGCTCAACAACCA_002,37
AGCCATTGGCTCAACAACCA_003,172
AGCCATTGGCTCAACAACCA_004,127
AGCCATTGGCTCAACAACCA_005,102
AGCCATTGGCTCAACAACCA_006,159
AGCCATTGGCTCAACAACCA_007,95
AGCCATTGGCTCAACAACCA_008,158
AGCCATTGGCTCAACAACCA_009,9
AGCCATTGGCTCAACAACCA_010,165
AGCCATTGGCTCAACAACCA_011,162
AGCCATTGGCTCAACAACCA_012,31
AGCCATTGGCTCAACAACCA_013,61
GTTCTTAGAGCCATCCACGA_001,5
GTTCTTAGAGCCATCCACGA_002,141
GTTCTTAGAGCCATCCACGA_003,148
GTTCTTAGAGCCATCCACGA_004,1
GTTCTTAGAGCCATCCACGA_005,38
GTTCTTAGAGCCATCCACGA_006,83
GTTCTTAGAGCCATCCACGA_007,62
GTTCTTAGAGCCATCCACGA_008,86
GTTCTTAGAGCCATCCACGA_009,38
GTTCTTAGAGCCATCCACGA_010,191
GTTCTTAGAGCCATCCACGA_011,199
GTTCTTAGAGCCATCCACGA_012,37
GTTCTTAGAGCCATCCACGA_013,50
GTTCTTAGAGCCATCCACGA_014,35
TCAAGATTGATCCACCCCGA_001,41
TCAAGATTGATCCACCCCGA_002,177
TCAAGATTGATCCACCCCGA_003,149
TCAAGATTGATCCACCCCGA_004,88
TCAAGATTGATCCACCCCGA_005,102
TCAAGATTGATCCACCCCGA_006,58
TCAAGATTGATCCACCCCGA_007,158
TCAAGATTGATCCACCCCGA_008,61
TCAAGATTGATCCACCCCGA_009,148
TCAAGATTGATCCACCCCGA_010,101
TCAAGATTGATCCACCCCGA_011,149
TCAAGATTGATCCACCCCGA_012,173
AGCCCCGAGACACATCTTGC_001,152
AGCCCCGAGACACATCTTGC_002,114
AGCCCCGAGACACATCTTGC_003,139
AGCCCCGAGACACATCTTGC_004,34
AGCCCCGAGACACATCTTGC_005,113
AGCCCCGAGACACATCTTGC_006,66
AGCCCCGAGACACATCTTGC_007,63
AGCCCCGAGACACATCTTGC_008,168
AGCTTCATAGACATCTACAC_001,72
AGCTTCATAGACATCTACAC_002,140
AGCTTCATAGACATCTACAC_003,102
AGCTTCATAGACATCTACAC_004,61
AGCTTCATAGACATCTACAC_005,127
AGCTTCATAGACATCTACAC_006,94
AGCTTCATAGACATCTACAC_007,141
AGCTTCATAGACATCTACAC_008,148
AGCTTCATAGACATCTACAC_009,160
CCTTAGGTTATCCTACCTTG_001,31
CCTTAGGTTATCCTACCTTG_002,133
GGAGCTGGTCATCATAGCTG_001,58
AATCATACCTTCAGAAACAA_001,102
AATCATACCTTCAGAAACAA_002,169
AATCATACCTTCAGAAACAA_003,95
AATCATACCTTCAGAAACAA_004,129
AATCATACCTTCAGAAACAA_005,69
GTGTTCGAGGACGAGCGCAA_001,41
GTGTTCGAGGACGAGCGCAA_002,29
GTGTTCGAGGACGAGCGCAA_003,4
GTGTTCGAGGACGAGCGCAA_004,145
GTGTTCGAGGACGAGCGCAA_005,94
GTGTTCGAGGACGAGCGCAA_006,52
GTGTTCGAGGACGAGCGCAA_007,56
GTGTTCGAGGACGAGCGCAA_008,159
GTGTTCGAGGACGAGCGCAA_009,171
GTGTTCGAGGACGAGCGCAA_010,53
GTGTTCGAGGACGAGCGCAA_011,5
GTGTTCGAGGACGAGCGCAA_012,7
GTGTTCGAGGACGAGCGCAA_013,168
GTGTTCGAGGACGAGCGCAA_014,15
GTGTTCGAGGACGAGCGCAA_015,194
GTGTTCGAGGACGAGCGCAA_016,113
GTGTTCGAGGACGAGCGCAA_017,160
GTGTTCGAGGACGAGCGCAA_018,188
GTGTTCGAGGACGAGCGCAA_019,29
GTGTTCGAGGACGAGCGCAA_020,108
GTGTTCGAGGACGAGCGCAA_021,113
GTGTTCGAGGACGAGCGCAA_022,116
GTGTTCGAGGACGAGCGCAA_023,26
GTGTTCGAGGACGAGCGCAA_024,26
GTGTTCGAGGACGAGCGCAA_025,129
GTGTTCGAGGACGAGCGCAA_026,94
GTGTTCGAGGACGAGCGCAA_027,39
GTGTTCGAGGACGAGCGCAA_028,5
GTGTTCGAGGACGAGCGCAA_029,120
GTGTTCGAGGACGAGCGCAA_030,78
GTGTTCGAGGACGAGCGCAA_031,19
GTGTTCGAGGACGAGCGCAA_032,115
GTGTTCGAGGACGAGCGCAA_033,140
GTGTTCGAGGACGAGCGCAA_034,198
GTGTTCGAGGACGAGCGCAA_035,52
GTGTTCGAGGACGAGCGCAA_036,176
GTGTTCGAGGACGAGCGCAA_037,76
GTGTTCGAGGACGAGCGCAA_038,184
GTGTTCGAGGACGAGCGCAA_039,69
GTGTTCGAGGACGAGCGCAA_040,190
GTGTTCGAGGACGAGCGCAA_041,190
GTGTTCGAGGACGAGCGCAA_042,83
GTGTTCGAGGACGAGCGCAA_043,194
GTGTTCGAGGACGAGCGCAA_044,86
GTGTTCGAGGACGAGCGCAA_045,78
GTGTTCGAGGACGAGCGCAA_046,116
GTGTTCGAGGACGAGCGCAA_047,166
GTGTTCGAGGACGAGCGCAA_048,8
GTGTTCGAGGACGAGCGCAA_049,106
GTGTTCGAGGACGAGCGCAA_050,183
ACTGCATCACATCCAACTGA_001,123
ACTGCATCACATCCAACTGA_002,158
ACTGCATCACATCCAACTGA_003,158
CAAATAAAGAAGCTATCCTG_001,107
CAAATAAAGAAGCTATCCTG_002,24
CAAATAAAGAAGCTATCCTG_003,65
CAAATAAAGAAGCTATCCTG_004,183
CAAATAAAGAAGCTATCCTG_005,96
CAAATAAAGAAGCTATCCTG_006,113
CAAATAAAGAAGCTATCCTG_007,2
CAAATAAAGAAGCTATCCTG_008,44
CAAATAAAGAAGCTATCCTG_009,199
CAAATAAAGAAGCTATCCTG_010,48
CAAATAAAGAAGCTATCCTG_011,150
CAAATAAAGAAGCTATCCTG_012,102
CAAATAAAGAAGCTATCCTG_013,152
CAAATAAAGAAGCTATCCTG_014,86
CAAATAAAGAAGCTATCCTG_015,168
CAAATAAAGAAGCTATCCTG_016,41
TGTGCCTATTTCAGGTGCAT_001,192
TGTGCCTATTTCAGGTGCAT_002,81
TGTGCCTATTTCAGGTGCAT_003,160
TGTGCCTATTTCAGGTGCAT_004,62
TGTGCCTATTTCAGGTGCAT_005,106
TCCAGGACGAGATCCTCCAA_001,197
TTATAACAGAGTTCCCAAAA_001,111
TTATAACAGAGTTCCCAAAA_002,37
TTATAACAGAGTTCCCAAAA_003,183
TTATAACAGAGTTCCCAAAA_004,65
TTATAACAGAGTTCCCAAAA_005,63
TTATAACAGAGTTCCCAAAA_006,168
ATCATCATTCAGACCTTCGA_001,184
ATCATCATTCAGACCTTCGA_002,169
ATCATCATTCAGACCTTCGA_003,36
ATCATCATTCAGACCTTCGA_004,108
ATCATCATTCAGACCTTCGA_005,176
ATCATCATTCAGACCTTCGA_006,169
ATCATCATTCAGACCTTCGA_007,134
ATCATCATTCAGACCTTCGA_008,41
ATCATCATTCAGACCTTCGA_009,193
ATCATCATTCAGACCTTCGA_010,119
GATTGATTAGCCCCGAACTG_001,133
GATTGATTAGCCCCGAACTG_002,83
GATTGATTAGCCCCGAACTG_003,38
GATTGATTAGCCCCGAACTG_004,68
GATTGATTAGCCCCGAACTG_005,168
ACGGATACCAGCCTCTTCCG_001,111
ACGGATACCAGCCTCTTCCG_002,176
ACGGATACCAGCCTCTTCCG_003,126
ACGGATACCAGCCTCTTCCG_004,166
ACGGATACCAGCCTCTTCCG_005,170
ACGGATACCAGCCTCTTCCG_006,164
ACGGATACCAGCCTCTTCCG_007,164
ACGGATACCAGCCTCTTCCG_008,66
ACGGATACCAGCCTCTTCCG_009,146
TTTAATGAGTCAGGCCCGTG_001,135
TTTAATGAGTCAGGCCCGTG_002,111
TTTAATGAGTCAGGCCCGTG_003,160
TTTAATGAGTCAGGCCCGTG_004,94
TTTAATGAGTCAGGCCCGTG_005,24
TTTAATGAGTCAGGCCCGTG_006,161
TTTAATGAGTCAGGCCCGTG_007,77
TTTAATGAGTCAGGCCCGTG_008,13
TTTAATGAGTCAGGCCCGTG_009,172
TTTAATGAGTCAGGCCCGTG_010,170
TTTAATGAGTCAGGCCCGTG_011,166
TTTAATGAGTCAGGCCCGTG_012,1
TTTAATGAGTCAGGCCCGTG_013,29
TTTAATGAGTCAGGCCCGTG_014,12
TTTAATGAGTCAGGCCCGTG_015,141
TTTAATGAGTCAGGCCCGTG_016,136
TTTAATGAGTCAGGCCCGTG_017,111
CAAGGAGGTAACCAGTCCCA_001,152
CAAGGAGGTAACCAGTCCCA_002,183
CAAGGAGGTAACCAGTCCCA_003,90
CAAGGAGGTAACCAGTCCCA_004,74
CAAGGAGGTAACCAGTCCCA_005,151
CAAGGAGGTAACCAGTCCCA_006,134
GCACTCAAGCCATATGCAGA_001,107
GCACTCAAGCCATATGCAGA_002,154
GCACTCAAGCCATATGCAGA_003,196
GCACTCAAGCCATATGCAGA_004,158
GCACTCAAGCCATATGCAGA_005,55
GCACTCAAGCCATATGCAGA_006,199
GCACTCAAGCCATATGCAGA_007,188
GCACTCAAGCCATATGCAGA_008,48
GCACTCAAGCCATATGCAGA_009,75
GCACTCAAGCCATATGCAGA_010,15
GCACTCAAGCCATATGCAGA_011,127
GCACTCAAGCCATATGCAGA_012,60
GCACTCAAGCCATATGCAGA_013,107
GCACTCAAGCCATATGCAGA_014,60
GCACTCAAGCCATATGCAGA_015,141
GCACTCAAGCCATATGCAGA_016,49
GCACTCAAGCCATATGCAGA_017,152
TGGCACTGTAGCGAGACTGG_001,55
TGGCACTGTAGCGAGACTGG_002,1
TGGCACTGTAGCGAGACTGG_003,104
TGGCACTGTAGCGAGACTGG_004,9
TGGCACTGTAGCGAGACTGG_005,177
TGGCACTGTAGCGAGACTGG_006,48
TGGCACTGTAGCGAGACTGG_007,36
TGGCACTGTAGCGAGACTGG_008,6
TGGCACTGTAGCGAGACTGG_009,48
TGGCACTGTAGCGAGACTGG_010,156
ACCGAGCTCTCCTGTACCCG_001,53
ACCGAGCTCTCCTGTACCCG_002,113
ACCGAGCTCTCCTGTACCCG_003,114
ACCGAGCTCTCCTGTACCCG_004,14
ACCGAGCTCTCCTGTACCCG_005,4
ACCGAGCTCTCCTGTACCCG_006,160
ACCGAGCTCTCCTGTACCCG_007,51
ACCGAGCTCTCCTGTACCCG_008,2
ACCGAGCTCTCCTGTACCCG_009,78
GACTACTTCTCAGAGCACCT_001,78
GACTACTTCTCAGAGCACCT_002,3
GACTACTTCTCAGAGCACCT_003,180
GACTACTTCTCAGAGCACCT_004,33
GACTACTTCTCAGAGCACCT_005,108
GACTACTTCTCAGAGCACCT_006,161
GACTACTTCTCAGAGCACCT_007,199
GACTACTTCTCAGAGCACCT_008,76
GACTACTTCTCAGAGCACCT_009,76
GACTACTTCTCAGAGCACCT_010,173
GACTACTTCTCAGAGCACCT_011,94
GACTACTTCTCAGAGCACCT_012,29
GACTACTTCTCAGAGCACCT_013,17
GACTACTTCTCAGAGCACCT_014,120
GACTACTTCTCAGAGCACCT_015,103
GCTGAACTCCTTCAATCCTG_001,133
GCTGAACTCCTTCAATCCTG_002,126
TGTCAGTGTAAGTATTCCCA_001,9
TGTCAGTGTAAGTATTCCCA_002,196
TGTCAGTGTAAGTATTCCCA_003,122
AAAGTCAACTTACCCAAAAG_001,23
AAAGTCAACTTACCCAAAAG_002,172
GACCAGACGGTGCTCCACGA_001,6
GACCAGACGGTGCTCCACGA_002,178
GACCAGACGGTGCTCCACGA_003,161
GACCAGACGGTGCTCCACGA_004,36
GACCAGACGGTGCTCCACGA_005,32
GACCAGACGGTGCTCCACGA_006,55
GACCAGACGGTGCTCCACGA_007,105
GACCAGACGGTGCTCCACGA_008,65
GACCAGACGGTGCTCCACGA_009,151
GACCAGACGGTGCTCCACGA_010,62
GACCAGACGGTGCTCCACGA_011,160
GACCAGACGGTGCTCCACGA_012,162
GACCAGACGGTGCTCCACGA_013,151
GACCAGACGGTGCTCCACGA_014,157
GACCAGACGGTGCTCCACGA_015,41
GACCAGACGGTGCTCCACGA_016,199
GACCAGACGGTGCTCCACGA_017,130
GACCAGACGGTGCTCCACGA_018,78
GACCAGACGGTGCTCCACGA_019,165
GACCAGACGGTGCTCCACGA_020,9
GACCAGACGGTGCTCCACGA_021,105
GACCAGACGGTGCTCCACGA_022,82
GACCAGACGGTGCTCCACGA_023,0
GACCAGACGGTGCTCCACGA_024,49
GACCAGACGGTGCTCCACGA_025,26
GACCAGACGGTGCTCCACGA_026,49
GACCAGACGGTGCTCCACGA_027,152
CACAGCCAATCAACACTCGG_001,78
CACAGCCAATCAACACTCGG_002,4
CACAGCCAATCAACACTCGG_003,128
CACAGCCAATCAACACTCGG_004,73
CACAGCCAATCAACACTCGG_005,165
CACAGCCAATCAACACTCGG_006,38
CACAGCCAATCAACACTCGG_007,48
CACAGCCAATCAACACTCGG_008,199
CACAGCCAATCAACACTCGG_009,176
CACAGCCAATCAACACTCGG_010,168
CACAGCCAATCAACACTCGG_011,175
CACAGCCAATCAACACTCGG_012,144
CACAGCCAATCAACACTCGG_013,130
CACAGCCAATCAACACTCGG_014,137
CACAGCCAATCAACACTCGG_015,157
CACAGCCAATCAACACTCGG_016,46
CACAGCCAATCAACACTCGG_017,0
CACAGCCAATCAACACTCGG_018,121
CACAGCCAATCAACACTCGG_019,130
CACAGCCAATCAACACTCGG_020,2
CACAGCCAATCAACACTCGG_021,12
CACAGCCAATCAACACTCGG_022,78
CACAGCCAATCAACACTCGG_023,115
CACAGCCAATCAACACTCGG_024,147
CACAGCCAATCAACACTCGG_025,149
CACAGCCAATCAACACTCGG_026,172
CACAGCCAATCAACACTCGG_027,15
CACAGCCAATCAACACTCGG_028,33
GTGGAAAGAATCTGGAAACG_001,49
TCGGTCTTCACCCCAAATCG_001,199
TCGGTCTTCACCCCAAATCG_002,197
TCGGTCTTCACCCCAAATCG_003,170
TCGGTCTTCACCCCAAATCG_004,148
TCGGTCTTCACCCCAAATCG_005,82
TCGGTCTTCACCCCAAATCG_006,62
TCGGTCTTCACCCCAAATCG_007,79
TCGGTCTTCACCCCAAATCG_008,90
TCATTAGTGAAACCCTTGGG_001,72
TCATTAGTGAAACCCTTGGG_002,122
CGTCTGCATGCAGTCATCTG_001,181
CGTCTGCATGCAGTCATCTG_002,170
CGTCTGCATGCAGTCATCTG_003,125
CGTCTGCATGCAGTCATCTG_004,49
CAATATCTTGATCGCCAGCT_001,70
CAATATCTTGATCGCCAGCT_002,134
CAATATCTTGATCGCCAGCT_003,16
TCCTAAAAGATGGTAGACGT_001,175
TCCTAAAAGATGGTAGACGT_002,85
TCCTAAAAGATGGTAGACGT_003,156
TCCTAAAAGATGGTAGACGT_004,158
TCGGACTGAAATAAGCGGAG_001,179
TCGGACTGAAATAAGCGGAG_002,42
TCGGACTGAAATAAGCGGAG_003,156
TCGGACTGAAATAAGCGGAG_004,93
TCGGACTGAAATAAGCGGAG_005,4
CGAAGAACTGGTCAAAGAGG_001,42
CGAAGAACTGGTCAAAGAGG_002,109
CACCTGGGGCAGACGACGAG_001,106
CACCTGGGGCAGACGACGAG_002,174
CACCTGGGGCAGACGACGAG_003,157
CACCTGGGGCAGACGACGAG_004,49
CACCTGGGGCAGACGACGAG_005,176
CACCTGGGGCAGACGACGAG_006,181
CACCTGGGGCAGACGACGAG_007,104
CACCTGGGGCAGACGACGAG_008,34
CACCTGGGGCAGACGACGAG_009,166
CACCTGGGGCAGACGACGAG_010,92
CACCTGGGGCAGACGACGAG_011,43
CACCTGGGGCAGACGACGAG_012,197
CACCTGGGGCAGACGACGAG_013,94
CACCTGGGGCAGACGACGAG_014,59
CACCTGGGGCAGACGACGAG_015,69
CACCTGGGGCAGACGACGAG_016,69
CACCTGGGGCAGACGACGAG_017,129
CACCTGGGGCAGACGACGAG_018,177
CACCTGGGGCAGACGACGAG_019,59
CACCTGGGGCAGACGACGAG_020,31
CACCTGGGGCAGACGACGAG_021,19
CACCTGGGGCAGACGACGAG_022,2
CACCTGGGGCAGACGACGAG_023,82
CACCTGGGGCAGACGACGAG_024,69
CACCTGGGGCAGACGACGAG_025,156
CACCTGGGGCAGACGACGAG_026,9
CACCTGGGGCAGACGACGAG_027,27
CACCTGGGGCAGACGACGAG_028,149
CACCTGGGGCAGACGACGAG_029,6
CACCTGGGGCAGACGACGAG_030,91
CACCTGGGGCAGACGACGAG_031,58
CACCTGGGGCAGACGACGAG_032,70
CACCTGGGGCAGACGACGAG_033,161
CACCTGGGGCAGACGACGAG_034,74
CACCTGGGGCAGACGACGAG_035,21
CACCTGGGGCAGACGACGAG_036,129
CACCTGGGGCAGACGACGAG_037,43
CACCTGGGGCAGACGACGAG_038,70
CACCTGGGGCAGACGACGAG_039,17
CACCTGGGGCAGACGACGAG_040,138
CACCTGGGGCAGACGACGAG_041,199
CACCTGGGGCAGACGACGAG_042,13
TTTGTCTTCTAGGATCAACT_001,134
TTTGTCTTCTAGGATCAACT_002,29
TTTGTCTTCTAGGATCAACT_003,87
TTTGTCTTCTAGGATCAACT_004,199
TTTGTCTTCTAGGATCAACT_005,191
CTGCCCCTAGCATACCATTG_001,136
CTGCCCCTAGCATACCATTG_002,84
GATGAACTCCGGGAGCCGGT_001,176
GATGAACTCCGGGAGCCGGT_002,17
GATGAACTCCGGGAGCCGGT_003,127
GATGAACTCCGGGAGCCGGT_004,91
GATGAACTCCGGGAGCCGGT_005,146
GGAAAAAGAGAGAGCCATCG_001,146
GGAAAAAGAGAGAGCCATCG_002,60
GGAAAAAGAGAGAGCCATCG_003,116
GATCCGTCCATCATTCATGA_001,115
GATCCGTCCATCATTCATGA_002,151
AGACCCATGATCCCATACTT_001,65
AGACCCATGATCCCATACTT_002,24
AGACCCATGATCCCATACTT_003,32
AGACCCATGATCCCATACTT_004,70
CTGCCTCCTACTACGCGCCG_001,60
CTGCCTCCTACTACGCGCCG_002,177
CTGCCTCCTACTACGCGCCG_003,174
CTGCCTCCTACTACGCGCCG_004,79
CTGCCTCCTACTACGCGCCG_005,60
ATGGGTTACAAATTGCTGCA_001,72
ATGGGTTACAAATTGCTGCA_002,17
ATGGGTTACAAATTGCTGCA_003,185
ATGGGTTACAAATTGCTGCA_004,191
ATGGGTTACAAATTGCTGCA_005,111
ATGGGTTACAAATTGCTGCA_006,158
AGGACGAGTACTACCGCGGT_001,97
AGGACGAGTACTACCGCGGT_002,55
AGGACGAGTACTACCGCGGT_003,144
AGGACGAGTACTACCGCGGT_004,1
GACATGTTTCACAAATACAC_001,176
GACATGTTTCACAAATACAC_002,137
GACATGTTTCACAAATACAC_003,86
GACATGTTTCACAAATACAC_004,168
TCTGTACAAGCAGTGTGCAT_001,130
TCTGTACAAGCAGTGTGCAT_002,20
TCTGTACAAGCAGTGTGCAT_003,95
TCTGTACAAGCAGTGTGCAT_004,45
TCTGTACAAGCAGTGTGCAT_005,15
TCTGTACAAGCAGTGTGCAT_006,41
TCTGTACAAGCAGTGTGCAT_007,186
TCTGTACAAGCAGTGTGCAT_008,19
TCTGTACAAGCAGTGTGCAT_009,19
TCTGTACAAGCAGTGTGCAT_010,23
TCTGTACAAGCAGTGTGCAT_011,28
TCTGTACAAGCAGTGTGCAT_012,191
TGCCACAAAGTTCCCTGATG_001,142
TGCCACAAAGTTCCCTGATG_002,144
TGCCACAAAGTTCCCTGATG_003,155
TGCCACAAAGTTCCCTGATG_004,20
TGCCACAAAGTTCCCTGATG_005,40
TGCCACAAAGTTCCCTGATG_006,56
TGCCACAAAGTTCCCTGATG_007,82
TGCCACAAAGTTCCCTGATG_008,172
TGCCACAAAGTTCCCTGATG_009,103
TGCCACAAAGTTCCCTGATG_010,47
TGCCACAAAGTTCCCTGATG_011,56
TGCCACAAAGTTCCCTGATG_012,88
GGCTGTCACACAAGTCGATG_001,172
GGCTGTCACACAAGTCGATG_002,118
GGCTGTCACACAAGTCGATG_003,41
GGCTGTCACACAAGTCGATG_004,12
TCAGAGATACTCACTGAACA_001,102
TCAGAGATACTCACTGAACA_002,142
TAGCCATGTGCAATCTCGGG_001,118
TAGCCATGTGCAATCTCGGG_002,50
TAGCCATGTGCAATCTCGGG_003,162
TAGCCATGTGCAATCTCGGG_004,34
ATTCTTCGAGATAAACCAAG_001,48
ATTCTTCGAGATAAACCAAG_002,16
TGCCGAGCAGGACATCCGAG_001,90
TGCCGAGCAGGACATCCGAG_002,80
TGCCGAGCAGGACATCCGAG_003,105
TGCCGAGCAGGACATCCGAG_004,170
TGCCGAGCAGGACATCCGAG_005,24
TGCCGAGCAGGACATCCGAG_006,127
TGCCGAGCAGGACATCCGAG_007,82
TGCCGAGCAGGACATCCGAG_008,102
TGCCGAGCAGGACATCCGAG_009,132
TGCCGAGCAGGACATCCGAG_010,153
TGCCGAGCAGGACATCCGAG_011,48
TGCCGAGCAGGACATCCGAG_012,16
TGCCGAGCAGGACATCCGAG_013,70
TGCCGAGCAGGACATCCGAG_014,130
TGCCGAGCAGGACATCCGAG_015,38
TGCCGAGCAGGACATCCGAG_016,170
TGCCGAGCAGGACATCCGAG_017,173
TGCCGAGCAGGACATCCGAG_018,129
TGCCGAGCAGGACATCCGAG_019,102
TGCCGAGCAGGACATCCGAG_020,102
TGCCGAGCAGGACATCCGAG_021,184
TGCCGAGCAGGACATCCGAG_022,182
TGCCGAGCAGGACATCCGAG_023,176
TGCCGAGCAGGACATCCGAG_024,32
TGCCGAGCAGGACATCCGAG_025,38
TGCCGAGCAGGACATCCGAG_026,82
TGCCGAGCAGGACATCCGAG_027,162
TGCCGAGCAGGACATCCGAG_028,80
TGCCGAGCAGGACATCCGAG_029,38
TGCCGAGCAGGACATCCGAG_030,9
TGCCGAGCAGGACATCCGAG_031,57
TGCCGAGCAGGACATCCGAG_032,150
TGCCGAGCAGGACATCCGAG_033,67
TGCCGAGCAGGACATCCGAG_034,199
TGCCGAGCAGGACATCCGAG_035,64
CTTATGAGATCACGTATGTG_001,104
CTTATGAGATCACGTATGTG_002,83
AGGCCCACGTAGAACATAGA_001,192
AGGCCCACGTAGAACATAGA_002,198
AGGCCCACGTAGAACATAGA_003,32
AGGCCCACGTAGAACATAGA_004,133
AGGCCCACGTAGAACATAGA_005,77
AGGCCCACGTAGAACATAGA_006,50
AGGCCCACGTAGAACATAGA_007,105
AGGCCCACGTAGAACATAGA_008,131
AGGCCCACGTAGAACATAGA_009,115
AGGCCCACGTAGAACATAGA_010,8
AGGCCCACGTAGAACATAGA_011,9
AGGCCCACGTAGAACATAGA_012,168
AGGCCCACGTAGAACATAGA_013,162
AGGCCCACGTAGAACATAGA_014,124
AGGCCCACGTAGAACATAGA_015,26
AGGCCCACGTAGAACATAGA_016,2
GGCCACGTTCCAGAAATCAA_001,5
GGCCACGTTCCAGAAATCAA_002,88
GGCCACGTTCCAGAAATCAA_003,102
GGCCACGTTCCAGAAATCAA_004,132
GGCCACGTTCCAGAAATCAA_005,55
GGCCACGTTCCAGAAATCAA_006,40
GGCCACGTTCCAGAAATCAA_007,82
GGCCACGTTCCAGAAATCAA_008,97
TTGTACATGAAATTGGACAT_001,37
TTGTACATGAAATTGGACAT_002,37
TTGTACATGAAATTGGACAT_003,66
TTGTACATGAAATTGGACAT_004,48
TGACTTTATAAAGAACCAAG_001,194
TGACTTTATAAAGAACCAAG_002,92
TATCATCTTGGGTTATGCTA_001,50
TATCATCTTGGGTTATGCTA_002,137
TATCATCTTGGGTTATGCTA_003,117
TATCATCTTGGGTTATGCTA_004,88
TATCATCTTGGGTTATGCTA_005,130
TATCATCTTGGGTTATGCTA_006,80
TATCATCTTGGGTTATGCTA_007,30
TATCATCTTGGGTTATGCTA_008,120
TATCATCTTGGGTTATGCTA_009,22
TATCATCTTGGGTTATGCTA_010,2
TATCATCTTGGGTTATGCTA_011,2
GATGCTCGTGGAACGACTAG_001,137
AAGCTGACAACCCAAATACA_001,56
AAGCTGACAACCCAAATACA_002,68
AAGCTGACAACCCAAATACA_003,67
AAGCTGACAACCCAAATACA_004,41
AAGCTGACAACCCAAATACA_005,177
AAGCTGACAACCCAAATACA_006,154
AAGCTGACAACCCAAATACA_007,195
AAGCTGACAACCCAAATACA_008,146
AAGCTGACAACCCAAATACA_009,121
AAGCTGACAACCCAAATACA_010,168
AAGCTGACAACCCAAATACA_011,148
AAGCTGACAACCCAAATACA_012,94
AAGCTGACAACCCAAATACA_013,9
AAGCTGACAACCCAAATACA_014,2
AAGCTGACAACCCAAATACA_015,184
AAGCTGACAACCCAAATACA_016,170
AAATGGAACAGCAGTGGTCA_001,185
AAATGGAACAGCAGTGGTCA_002,127
AAATGGAACAGCAGTGGTCA_003,183
AAATGGAACAGCAGTGGTCA_004,192
AAATGGAACAGCAGTGGTCA_005,86
CAGAGTGCTACGATGAACTG_001,159
CAGAGTGCTACGATGAACTG_002,50
CAGAGTGCTACGATGAACTG_003,43
CAGAGTGCTACGATGAACTG_004,16
CAGAGTGCTACGATGAACTG_005,48
CAGAGTGCTACGATGAACTG_006,36
CAGAGTGCTACGATGAACTG_007,36
CAGAGTGCTACGATGAACTG_008,102
CAGAGTGCTACGATGAACTG_009,163
CGTATGTGCCCTCGTCAGAT_001,70
CGTATGTGCCCTCGTCAGAT_002,22
CGTATGTGCCCTCGTCAGAT_003,130
CGTATGTGCCCTCGTCAGAT_004,185
CGTATGTGCCCTCGTCAGAT_005,133
CGTATGTGCCCTCGTCAGAT_006,72
CGTATGTGCCCTCGTCAGAT_007,42
CGTATGTGCCCTCGTCAGAT_008,98
CGTATGTGCCCTCGTCAGAT_009,19
CGTATGTGCCCTCGTCAGAT_010,10
CGTATGTGCCCTCGTCAGAT_011,88
CGTATGTGCCCTCGTCAGAT_012,168
CGTATGTGCCCTCGTCAGAT_013,19
CGTATGTGCCCTCGTCAGAT_014,77
CGTATGTGCCCTCGTCAGAT_015,128
CGTATGTGCCCTCGTCAGAT_016,96
GATGTGTTCTTTGAACCAGA_001,162
GATGTGTTCTTTGAACCAGA_002,67
GATGTGTTCTTTGAACCAGA_003,58
GATGTGTTCTTTGAACCAGA_004,8
GATGTGTTCTTTGAACCAGA_005,145
GATGTGTTCTTTGAACCAGA_006,61
GATGTGTTCTTTGAACCAGA_007,113
GATGTGTTCTTTGAACCAGA_008,198
GGTGCTGCCCATGACACTGA_001,90
GGTGCTGCCCATGACACTGA_002,149
GGTGCTGCCCATGACACTGA_003,105
GGTGCTGCCCATGACACTGA_004,139
GGTGCTGCCCATGACACTGA_005,145
GGTGCTGCCCATGACACTGA_006,60
GGTGCTGCCCATGACACTGA_007,177
GGTGCTGCCCATGACACTGA_008,166
GGTGCTGCCCATGACACTGA_009,69
GGTGCTGCCCATGACACTGA_010,122
GGTGCTGCCCATGACACTGA_011,26
GGTGCTGCCCATGACACTGA_012,133
GGTGCTGCCCATGACACTGA_013,12
GGTGCTGCCCATGACACTGA_014,188
GGTGCTGCCCATGACACTGA_015,27
GGTGCGGCGGGAGTCAGTGG_001,150
GGTGCGGCGGGAGTCAGTGG_002,153
GGTGCGGCGGGAGTCAGTGG_003,98
GGTGCGGCGGGAGTCAGTGG_004,181
GGTGCGGCGGGAGTCAGTGG_005,40
GGTGCGGCGGGAGTCAGTGG_006,109
GGTGCGGCGGGAGTCAGTGG_007,106
GGTGCGGCGGGAGTCAGTGG_008,111
GGCACCCAGATTGCGCGGAG_001,166
GGCACCCAGATTGCGCGGAG_002,141
GGCACCCAGATTGCGCGGAG_003,120
GGCACCCAGATTGCGCGGAG_004,162
GGCACCCAGATTGCGCGGAG_005,91
GGCACCCAGATTGCGCGGAG_006,72
GGCACCCAGATTGCGCGGAG_007,28
GGCACCCAGATTGCGCGGAG_008,117
GGCACCCAGATTGCGCGGAG_009,127
GGCACCCAGATTGCGCGGAG_010,158
GGCACCCAGATTGCGCGGAG_011,28
CTTGGTAAAATTCGCAATCC_001,139
CTTGGTAAAATTCGCAATCC_002,184
CTTGGTAAAATTCGCAATCC_003,93
CTTGGTAAAATTCGCAATCC_004,136
CTTGGTAAAATTCGCAATCC_005,93
CTTGGTAAAATTCGCAATCC_006,98
CTTGGTAAAATTCGCAATCC_007,88
CTTGGTAAAATTCGCAATCC_008,56
CTTGGTAAAATTCGCAATCC_009,10
CTTGGTAAAATTCGCAATCC_010,68
CTTGGTAAAATTCGCAATCC_011,112
CTTGGTAAAATTCGCAATCC_012,56
CTTGGTAAAATTCGCAATCC_013,178
CTTGGTAAAATTCGCAATCC_014,6
TGAGCAGATCAGCCGCATCA_001,172
TGAGCAGATCAGCCGCATCA_002,70
TGAGCAGATCAGCCGCATCA_003,134
TGAGCAGATCAGCCGCATCA_004,128
TGAGCAGATCAGCCGCATCA_005,193
TGAGCAGATCAGCCGCATCA_006,68
TGCTGGCTACTGCTACACCA_001,56
TGCTGGCTACTGCTACACCA_002,192
TGCTGGCTACTGCTACACCA_003,60
TGCTGGCTACTGCTACACCA_004,119
TGCTGGCTACTGCTACACCA_005,157
TGCTGGCTACTGCTACACCA_006,158
TGCTGGCTACTGCTACACCA_007,9
TGCTGGCTACTGCTACACCA_008,143
TGCTGGCTACTGCTACACCA_009,160
TGCTGGCTACTGCTACACCA_010,151
TAAATGACAGTTTATATGAC_001,101
TAAATGACAGTTTATATGAC_002,199
TAAATGACAGTTTATATGAC_003,74
TAAATGACAGTTTATATGAC_004,112
TAAATGACAGTTTATATGAC_005,30
ACATACCTGGATGAGATAGT_001,152
ACATACCTGGATGAGATAGT_002,182
ACATACCTGGATGAGATAGT_003,146
ACATACCTGGATGAGATAGT_004,190
ACATACCTGGATGAGATAGT_005,174
ACATACCTGGATGAGATAGT_006,169
ACATACCTGGATGAGATAGT_007,12
ACATACCTGGATGAGATAGT_008,180
ACATACCTGGATGAGATAGT_009,136
ACATACCTGGATGAGATAGT_010,90
ACATACCTGGATGAGATAGT_011,96
ACATACCTGGATGAGATAGT_012,164
ACATACCTGGATGAGATAGT_013,164
AAATACTAAATCTAAATCGA_001,136
ATTTGAGCCAGAGTCACGAT_001,170
ATTTGAGCCAGAGTCACGAT_002,12
ATTTGAGCCAGAGTCACGAT_003,81
ATTTGAGCCAGAGTCACGAT_004,94
ATTTGAGCCAGAGTCACGAT_005,15
ATTTGAGCCAGAGTCACGAT_006,102
ATTTGAGCCAGAGTCACGAT_007,184
ATTTGAGCCAGAGTCACGAT_008,169
ATTTGAGCCAGAGTCACGAT_009,169
ATTTGAGCCAGAGTCACGAT_010,61
ATTTGAGCCAGAGTCACGAT_011,140
ATTTGAGCCAGAGTCACGAT_012,76
ATAATTCGGAAGGATTATCT_001,127
ATAATTCGGAAGGATTATCT_002,17
ATAATTCGGAAGGATTATCT_003,175
ATAATTCGGAAGGATTATCT_004,70
ATAATTCGGAAGGATTATCT_005,176
ATAATTCGGAAGGATTATCT_006,112
ATAATTCGGAAGGATTATCT_007,72
ATAATTCGGAAGGATTATCT_008,17
ATAATTCGGAAGGATTATCT_009,50
CGATAGTACGTACCAGGCGT_001,193
CGATAGTACGTACCAGGCGT_002,17
CGATAGTACGTACCAGGCGT_003,77
CGATAGTACGTACCAGGCGT_004,1
CGATAGTACGTACCAGGCGT_005,11
CGATAGTACGTACCAGGCGT_006,103
CAGTAACCACTCTTAATGAG_001,176
CAGTAACCACTCTTAATGAG_002,169
CAGTAACCACTCTTAATGAG_003,123
ATAATGACAGTCCAACACAA_001,80
ATAATGACAGTCCAACACAA_002,110
ATAATGACAGTCCAACACAA_003,57
ATAATGACAGTCCAACACAA_004,188
ATAATGACAGTCCAACACAA_005,190
ATAATGACAGTCCAACACAA_006,48
AAGCCAAAATGGCTCATAGG_001,1
AAGCCAAAATGGCTCATAGG_002,149
AAGCCAAAATGGCTCATAGG_003,3
AAGCCAAAATGGCTCATAGG_004,95
AAGCCAAAATGGCTCATAGG_005,134
AAGCCAAAATGGCTCATAGG_006,110
AAGCCAAAATGGCTCATAGG_007,67
AAGCCAAAATGGCTCATAGG_008,27
AAGCCAAAATGGCTCATAGG_009,71
AAGCCAAAATGGCTCATAGG_010,61
AAGCCAAAATGGCTCATAGG_011,12
AAGCCAAAATGGCTCATAGG_012,196
AAGCCAAAATGGCTCATAGG_013,168
CAATCTCTCCCACTGACCTA_001,18
CAATCTCTCCCACTGACCTA_002,8
CAATCTCTCCCACTGACCTA_003,48
CAATCTCTCCCACTGACCTA_004,25
CAATCTCTCCCACTGACCTA_005,24
CAATCTCTCCCACTGACCTA_006,198
CAATCTCTCCCACTGACCTA_007,199
CAATCTCTCCCACTGACCTA_008,61
CAATCTCTCCCACTGACCTA_009,31
CAATCTCTCCCACTGACCTA_010,24
CAATCTCTCCCACTGACCTA_011,103
CAATCTCTCCCACTGACCTA_012,46
CAATCTCTCCCACTGACCTA_013,197
CAATCTCTCCCACTGACCTA_014,49
CAATCTCTCCCACTGACCTA_015,43
CAATCTCTCCCACTGACCTA_016,118
CAATCTCTCCCACTGACCTA_017,163
CAATCTCTCCCACTGACCTA_018,151
CAATCTCTCCCACTGACCTA_019,77
CAATCTCTCCCACTGACCTA_020,16
CAATCTCTCCCACTGACCTA_021,16
CAATCTCTCCCACTGACCTA_022,62
GATGTATCTACTCATCAACA_001,10
GATGTATCTACTCATCAACA_002,22
GGAGGATGAGCTACGCCGAG_001,28
GGAGGATGAGCTACGCCGAG_002,185
GGAGGATGAGCTACGCCGAG_003,153
GGAGGATGAGCTACGCCGAG_004,63
GGAGGATGAGCTACGCCGAG_005,78
GGAGGATGAGCTACGCCGAG_006,149
GGAGGATGAGCTACGCCGAG_007,6
GGAGGATGAGCTACGCCGAG_008,94
GGAGGATGAGCTACGCCGAG_009,150
GGAGGATGAGCTACGCCGAG_010,1
TCCAGACACTCGATGCCAAG_001,93
TCCAGACACTCGATGCCAAG_002,169
TCCAGACACTCGATGCCAAG_003,182
GGGTCAAGTTTGATATCCGG_001,161
GGGTCAAGTTTGATATCCGG_002,183
GGGTCAAGTTTGATATCCGG_003,183
GGGTCAAGTTTGATATCCGG_004,34
AGCATTGTAAAGATGTATCG_001,119
AGCATTGTAAAGATGTATCG_002,174
AGCATTGTAAAGATGTATCG_003,94
AGTTCGATATTCAGATTCAG_001,145
ATGAATGAGCCAATTTGTTG_001,105
ATGAATGAGCCAATTTGTTG_002,162
ATGAATGAGCCAATTTGTTG_003,20
ATGAATGAGCCAATTTGTTG_004,31
TTTACAACGACCGTAACGTT_001,130
TTTACAACGACCGTAACGTT_002,127
TTTACAACGACCGTAACGTT_003,28
GGCTTCGTGCTATGTCCACG_001,83
GGCTTCGTGCTATGTCCACG_002,42
GGCTTCGTGCTATGTCCACG_003,190
GGCTTCGTGCTATGTCCACG_004,198
GGCTTCGTGCTATGTCCACG_005,166
GGCTTCGTGCTATGTCCACG_006,91
GGCTTCGTGCTATGTCCACG_007,94
TCTGGAAGCCCAAGCCAAGG_001,172
TCTGGAAGCCCAAGCCAAGG_002,64
TCTGGAAGCCCAAGCCAAGG_003,80
GCAAACAGTCTTCCGCAGGA_001,115
GCAAACAGTCTTCCGCAGGA_002,3
GCAAACAGTCTTCCGCAGGA_003,160
GCAAACAGTCTTCCGCAGGA_004,63
CTCACTGAGCCTAAGCTCGG_001,3
CTCACTGAGCCTAAGCTCGG_002,88
CTCACTGAGCCTAAGCTCGG_003,146
CTCACTGAGCCTAAGCTCGG_004,16
CTCACTGAGCCTAAGCTCGG_005,62
CTCACTGAGCCTAAGCTCGG_006,127
CTCACTGAGCCTAAGCTCGG_007,166
CTCACTGAGCCTAAGCTCGG_008,47
CTCACTGAGCCTAAGCTCGG_009,168
CTCACTGAGCCTAAGCTCGG_010,188
TCACACCAAAGTCCTCAGAT_001,29
TCACACCAAAGTCCTCAGAT_002,197
TCACACCAAAGTCCTCAGAT_003,54
TCACACCAAAGTCCTCAGAT_004,32
TCACACCAAAGTCCTCAGAT_005,60
TCACACCAAAGTCCTCAGAT_006,110
TCACACCAAAGTCCTCAGAT_007,35
ACATCCTCGACTACGCGCAA_001,130
ACATCCTCGACTACGCGCAA_002,199
ACATCCTCGACTACGCGCAA_003,170
ACATCCTCGACTACGCGCAA_004,69
ACATCCTCGACTACGCGCAA_005,123
ACATCCTCGACTACGCGCAA_006,66
ACATCCTCGACTACGCGCAA_007,162
ACATCCTCGACTACGCGCAA_008,50
ACATCCTCGACTACGCGCAA_009,78
ACATCCTCGACTACGCGCAA_010,173
ACATCCTCGACTACGCGCAA_011,41
ACATCCTCGACTACGCGCAA_012,175
ACATCCTCGACTACGCGCAA_013,175
ACATCCTCGACTACGCGCAA_014,42
ACATCCTCGACTACGCGCAA_015,15
ACATCCTCGACTACGCGCAA_016,124
ACATCCTCGACTACGCGCAA_017,179
ACATCCTCGACTACGCGCAA_018,152
ACATCCTCGACTACGCGCAA_019,27
TCACCTTTCGTCAGAGTCCG_001,166
TCACCTTTCGTCAGAGTCCG_002,53
TCACCTTTCGTCAGAGTCCG_003,103
TCACCTTTCGTCAGAGTCCG_004,115
TCACCTTTCGTCAGAGTCCG_005,162
TCACCTTTCGTCAGAGTCCG_006,41
TCACCTTTCGTCAGAGTCCG_007,70
TCACCTTTCGTCAGAGTCCG_008,199
TCACCTTTCGTCAGAGTCCG_009,70
TCACCTTTCGTCAGAGTCCG_010,7
TCACCTTTCGTCAGAGTCCG_011,169
TCACCTTTCGTCAGAGTCCG_012,160
TCACCTTTCGTCAGAGTCCG_013,104
TCACCTTTCGTCAGAGTCCG_014,169
TCACCTTTCGTCAGAGTCCG_015,25
TCACCTTTCGTCAGAGTCCG_016,199
TCACCTTTCGTCAGAGTCCG_017,130
TCACCTTTCGTCAGAGTCCG_018,191
CTAAGGCTCCCCCTAAAGAG_001,14
CTAAGGCTCCCCCTAAAGAG_002,96
CTAAGGCTCCCCCTAAAGAG_003,104
CTAAGGCTCCCCCTAAAGAG_004,191
CTAAGGCTCCCCCTAAAGAG_005,23
CTAAGGCTCCCCCTAAAGAG_006,60
CTAAGGCTCCCCCTAAAGAG_007,180
CTAAGGCTCCCCCTAAAGAG_008,63
CTAAGGCTCCCCCTAAAGAG_009,102
CTAAGGCTCCCCCTAAAGAG_010,35
CCGGCGCCACTACAGCGAGG_001,122
CCGGCGCCACTACAGCGAGG_002,106
CCGGCGCCACTACAGCGAGG_003,128
CCGGCGCCACTACAGCGAGG_004,22
CGTATTCGACTCTCAACGCG_001,107
AGGCCTCTGGAGGTTCAGCG_001,140
AGGCCTCTGGAGGTTCAGCG_002,169
AGGCCTCTGGAGGTTCAGCG_003,43
AGGCCTCTGGAGGTTCAGCG_004,3
AGGCCTCTGGAGGTTCAGCG_005,155
AGGCCTCTGGAGGTTCAGCG_006,169
AGGCCTCTGGAGGTTCAGCG_007,28
AGGCCTCTGGAGGTTCAGCG_008,106
AGGCCTCTGGAGGTTCAGCG_009,145
AGGCCTCTGGAGGTTCAGCG_010,108
AGGCCTCTGGAGGTTCAGCG_011,168
AGGCCTCTGGAGGTTCAGCG_012,108
AGGCCTCTGGAGGTTCAGCG_013,50
AGGCCTCTGGAGGTTCAGCG_014,149
AGGCCTCTGGAGGTTCAGCG_015,40
AGGCCTCTGGAGGTTCAGCG_016,112
AGGCCTCTGGAGGTTCAGCG_017,133
AGGCCTCTGGAGGTTCAGCG_018,115
AGGCCTCTGGAGGTTCAGCG_019,39
AGGCCTCTGGAGGTTCAGCG_020,178
AGGCCTCTGGAGGTTCAGCG_021,108
AGGCCTCTGGAGGTTCAGCG_022,74
AGAAATTAAGAACGACACTT_001,126
AGAAATTAAGAACGACACTT_002,53
AGAAATTAAGAACGACACTT_003,78
AGAAATTAAGAACGACACTT_004,193
AGAAATTAAGAACGACACTT_005,187
AGAAATTAAGAACGACACTT_006,22
AGAAATTAAGAACGACACTT_007,107
AGAAATTAAGAACGACACTT_008,97
AGAAATTAAGAACGACACTT_009,46
AGAAATTAAGAACGACACTT_010,46
AGAAATTAAGAACGACACTT_011,63
AGAAATTAAGAACGACACTT_012,63
AGAAATTAAGAACGACACTT_013,198
AGAAATTAAGAACGACACTT_014,2
CAACAACAGCTGGAGTAACT_001,2
CAACAACAGCTGGAGTAACT_002,138
CAACAACAGCTGGAGTAACT_003,75
CAACAACAGCTGGAGTAACT_004,176
CAACAACAGCTGGAGTAACT_005,163
CAACAACAGCTGGAGTAACT_006,115
CAACAACAGCTGGAGTAACT_007,185
CAACAACAGCTGGAGTAACT_008,153
CTCACTGCCCCGGATAACTG_001,77
CTCACTGCCCCGGATAACTG_002,49
CTCACTGCCCCGGATAACTG_003,76
CTCACTGCCCCGGATAACTG_004,141
CTCACTGCCCCGGATAACTG_005,67
CTCACTGCCCCGGATAACTG_006,13
GAAGAAGCTCGAAACTGGAA_001,77
GAAGAAGCTCGAAACTGGAA_002,169
GAAGAAGCTCGAAACTGGAA_003,58
GAAGAAGCTCGAAACTGGAA_004,132
GAAGAAGCTCGAAACTGGAA_005,158
GAAGAAGCTCGAAACTGGAA_006,139
GAAGAAGCTCGAAACTGGAA_007,154
GTGTATAAGTCTTCATAGGA_001,96
ACAAAATGAATACAAAGCTG_001,51
ACAAAATGAATACAAAGCTG_002,77
ACAAAATGAATACAAAGCTG_003,191
ACAAAATGAATACAAAGCTG_004,183
AGAGCTTCACCTTCTACCGG_001,66
GCCTACGCCCAGCATCACTG_001,188
GCCTACGCCCAGCATCACTG_002,60
GCCTACGCCCAGCATCACTG_003,157
GCCTACGCCCAGCATCACTG_004,121
GCCTACGCCCAGCATCACTG_005,145
GCCTACGCCCAGCATCACTG_006,130
GCCTACGCCCAGCATCACTG_007,62
GCCTACGCCCAGCATCACTG_008,190
GCCTACGCCCAGCATCACTG_009,83
GCCTACGCCCAGCATCACTG_010,7
GCCTACGCCCAGCATCACTG_011,193
GCCTACGCCCAGCATCACTG_012,188
GCCTACGCCCAGCATCACTG_013,0
GCCTACGCCCAGCATCACTG_014,174
CACGCCAACCCCAGTCCCGG_001,24
CACGCCAACCCCAGTCCCGG_002,172
CACGCCAACCCCAGTCCCGG_003,171
CACGCCAACCCCAGTCCCGG_004,151
CACGCCAACCCCAGTCCCGG_005,77
CACGCCAACCCCAGTCCCGG_006,8
CACGCCAACCCCAGTCCCGG_007,188
CACGCCAACCCCAGTCCCGG_008,145
CACGCCAACCCCAGTCCCGG_009,30
CACGCCAACCCCAGTCCCGG_010,188
CACGCCAACCCCAGTCCCGG_011,188
CACGCCAACCCCAGTCCCGG_012,124
CACGCCAACCCCAGTCCCGG_013,67
CACGCCAACCCCAGTCCCGG_014,58
CACGCCAACCCCAGTCCCGG_015,77
CACGCCAACCCCAGTCCCGG_016,108
CACGCCAACCCCAGTCCCGG_017,197
CACGCCAACCCCAGTCCCGG_018,125
CACGCCAACCCCAGTCCCGG_019,169
CACGCCAACCCCAGTCCCGG_020,199
CACGCCAACCCCAGTCCCGG_021,145
CACGCCAACCCCAGTCCCGG_022,115
CACGCCAACCCCAGTCCCGG_023,106
CACGCCAACCCCAGTCCCGG_024,41
CACGCCAACCCCAGTCCCGG_025,147
CACGCCAACCCCAGTCCCGG_026,128
CACGCCAACCCCAGTCCCGG_027,132
CACGCCAACCCCAGTCCCGG_028,177
CCAGGTGATACTCAAAAGGA_001,170
CCAGGTGATACTCAAAAGGA_002,159
CCAGGTGATACTCAAAAGGA_003,107
TCGATGCCGTAGCCACGTAC_001,172
TCGATGCCGTAGCCACGTAC_002,16
TCGATGCCGTAGCCACGTAC_003,185
CGTGGAAGACGTCCCCCGCG_001,157
CGTGGAAGACGTCCCCCGCG_002,177
CGTGGAAGACGTCCCCCGCG_003,127
CGTGGAAGACGTCCCCCGCG_004,4
CGTGGAAGACGTCCCCCGCG_005,141
AGTTGGAGAGAGCTCGGACG_001,147
AGTTGGAGAGAGCTCGGACG_002,83
AGTTGGAGAGAGCTCGGACG_003,38
AGTTGGAGAGAGCTCGGACG_004,83
CTGGCCGAGTCGGCGGCCTG_001,169
CTGGCCGAGTCGGCGGCCTG_002,83
CTGGCCGAGTCGGCGGCCTG_003,128
CTGGCCGAGTCGGCGGCCTG_004,25
CTGGCCGAGTCGGCGGCCTG_005,145
CTGGCCGAGTCGGCGGCCTG_006,145
CTGGCCGAGTCGGCGGCCTG_007,192
CTGGCCGAGTCGGCGGCCTG_008,53
CTGGCCGAGTCGGCGGCCTG_009,156
CTGGCCGAGTCGGCGGCCTG_010,160
CTGGCCGAGTCGGCGGCCTG_011,183
CTGGCCGAGTCGGCGGCCTG_012,70
CTGGCCGAGTCGGCGGCCTG_013,26
CTGGCCGAGTCGGCGGCCTG_014,149
CTGGCCGAGTCGGCGGCCTG_015,127
CTGGCCGAGTCGGCGGCCTG_016,68
CTGGCCGAGTCGGCGGCCTG_017,43
CTGGCCGAGTCGGCGGCCTG_018,115
CTGGCCGAGTCGGCGGCCTG_019,77
CTGGCCGAGTCGGCGGCCTG_020,116
CTGGCCGAGTCGGCGGCCTG_021,145
CTGGCCGAGTCGGCGGCCTG_022,69
CTGGCCGAGTCGGCGGCCTG_023,47
CTGGCCGAGTCGGCGGCCTG_024,21
CTGGCCGAGTCGGCGGCCTG_025,140
CTGGCCGAGTCGGCGGCCTG_026,126
CTGGCCGAGTCGGCGGCCTG_027,43
CTGGCCGAGTCGGCGGCCTG_028,52
GGAGTAACTGATTTACACAA_001,115
GGAGTAACTGATTTACACAA_002,188
GGAGTAACTGATTTACACAA_003,50
ATAGCTTACCGAAAGAGTGG_001,162
ATAGCTTACCGAAAGAGTGG_002,186
ATAGCTTACCGAAAGAGTGG_003,68
ATAGCTTACCGAAAGAGTGG_004,53
GAGAATGTAGATGTTGGTGA_001,88
GAGAATGTAGATGTTGGTGA_002,83
GAGAATGTAGATGTTGGTGA_003,123
TAAGCTTCTCATTAGAAGTG_001,193
TCAGTGGAGAATATAAATTG_001,114
TCAGTGGAGAATATAAATTG_002,149
TCAGTGGAGAATATAAATTG_003,51
TCAGTGGAGAATATAAATTG_004,19
GGATCGCATCAACAACGACC_001,113
GTCCCCAAGGACAGCACGGT_001,76
GTCCCCAAGGACAGCACGGT_002,38
GTCCCCAAGGACAGCACGGT_003,40
GTCCCCAAGGACAGCACGGT_004,41
GTCCCCAAGGACAGCACGGT_005,124
GTCCCCAAGGACAGCACGGT_006,69
GTCCCCAAGGACAGCACGGT_007,163
GTCCCCAAGGACAGCACGGT_008,124
GTCCCCAAGGACAGCACGGT_009,56
GTCCCCAAGGACAGCACGGT_010,83
GTCCCCAAGGACAGCACGGT_011,84
GTCCCCAAGGACAGCACGGT_012,19
CATTCTTGGCCAAAATCTAG_001,83
CATTCTTGGCCAAAATCTAG_002,72
CATTCTTGGCCAAAATCTAG_003,158
CATTCTTGGCCAAAATCTAG_004,31
AAAGGCATAGAACATGGACG_001,61
AAAGGCATAGAACATGGACG_002,107
TGAAGGTCTGAGCATGCTTG_001,140
TGAAGGTCTGAGCATGCTTG_002,111
TGAAGGTCTGAGCATGCTTG_003,153
TGAAGGTCTGAGCATGCTTG_004,156
TGAAGGTCTGAGCATGCTTG_005,115
TGAAGGTCTGAGCATGCTTG_006,106
TGAAGGTCTGAGCATGCTTG_007,41
TGAAGGTCTGAGCATGCTTG_008,20
TGAAGGTCTGAGCATGCTTG_009,172
TGAAGGTCTGAGCATGCTTG_010,127
TGAAGGTCTGAGCATGCTTG_011,2
TGAAGGTCTGAGCATGCTTG_012,151
TGAAGGTCTGAGCATGCTTG_013,115
TGAAGGTCTGAGCATGCTTG_014,166
TGAAGGTCTGAGCATGCTTG_015,68
TGAAGGTCTGAGCATGCTTG_016,172
TGAAGGTCTGAGCATGCTTG_017,69
TGAAGGTCTGAGCATGCTTG_018,49
CACGCGCCCCTCGAAGCCCG_001,161
CACGCGCCCCTCGAAGCCCG_002,15
CACGCGCCCCTCGAAGCCCG_003,82
CACGCGCCCCTCGAAGCCCG_004,95
CACGCGCCCCTCGAAGCCCG_005,195
CACGCGCCCCTCGAAGCCCG_006,120
CACGCGCCCCTCGAAGCCCG_007,27
CACGCGCCCCTCGAAGCCCG_008,63
CACGCGCCCCTCGAAGCCCG_009,184
TGCTGCCCAGTGTGTTGCAA_001,138
TGCTGCCCAGTGTGTTGCAA_002,49
TGCTGCCCAGTGTGTTGCAA_003,112
TGCTGCCCAGTGTGTTGCAA_004,40
TGCTGCCCAGTGTGTTGCAA_005,91
TGCTGCCCAGTGTGTTGCAA_006,99
TGCTGCCCAGTGTGTTGCAA_007,39
TGCTGCCCAGTGTGTTGCAA_008,79
TGCTGCCCAGTGTGTTGCAA_009,14
TGCTGCCCAGTGTGTTGCAA_010,174
TGAGCATTCGTAGCCCAGCA_001,115
TGAGCATTCGTAGCCCAGCA_002,138
TGAGCATTCGTAGCCCAGCA_003,102
TGAGCATTCGTAGCCCAGCA_004,149
TGAGCATTCGTAGCCCAGCA_005,82
TGAGCATTCGTAGCCCAGCA_006,11
TGAGCATTCGTAGCCCAGCA_007,61
TGAGCATTCGTAGCCCAGCA_008,102
TGAGCATTCGTAGCCCAGCA_009,119
TGAGCATTCGTAGCCCAGCA_010,15
TGAGCATTCGTAGCCCAGCA_011,29
TGAGCATTCGTAGCCCAGCA_012,198
TGAGCATTCGTAGCCCAGCA_013,44
TGAGCATTCGTAGCCCAGCA_014,15
TGAGCATTCGTAGCCCAGCA_015,167
TGAGCATTCGTAGCCCAGCA_016,167
TGAGCATTCGTAGCCCAGCA_017,50
TGAGCATTCGTAGCCCAGCA_018,43
TGGACTGGAACACGGTCCAG_001,84
TGGACTGGAACACGGTCCAG_002,148
TGGACTGGAACACGGTCCAG_003,174
TGGACTGGAACACGGTCCAG_004,30
TGGACTGGAACACGGTCCAG_005,197
TGGACTGGAACACGGTCCAG_006,190
TGGACTGGAACACGGTCCAG_007,50
TGGACTGGAACACGGTCCAG_008,153
TGGACTGGAACACGGTCCAG_009,180
TGGACTGGAACACGGTCCAG_010,70
TGGACTGGAACACGGTCCAG_011,10
CAGAAAAGGAAGGACACAGG_001,115
CAGAAAAGGAAGGACACAGG_002,160
CAGAAAAGGAAGGACACAGG_003,149
CAGAAAAGGAAGGACACAGG_004,119
CAGAAAAGGAAGGACACAGG_005,148
CAGAAAAGGAAGGACACAGG_006,155
CAGAAAAGGAAGGACACAGG_007,88
CAGAAAAGGAAGGACACAGG_008,152
CAGAAAAGGAAGGACACAGG_009,198
CAGAAAAGGAAGGACACAGG_010,47
CAGAAAAGGAAGGACACAGG_011,68
CAGAAAAGGAAGGACACAGG_012,117
CAGAAAAGGAAGGACACAGG_013,77
CAGAAAAGGAAGGACACAGG_014,23
CCCGCAGGACTCCGTCAACG_001,36
CCCGCAGGACTCCGTCAACG_002,121
CCCGCAGGACTCCGTCAACG_003,8
CCCGCAGGACTCCGTCAACG_004,100
CCCGCAGGACTCCGTCAACG_005,144
CCCGCAGGACTCCGTCAACG_006,119
CCCGCAGGACTCCGTCAACG_007,119
CCCGCAGGACTCCGTCAACG_008,17
CCCGCAGGACTCCGTCAACG_009,16
CCCGCAGGACTCCGTCAACG_010,95
CCCGCAGGACTCCGTCAACG_011,174
AGTCACTCGATTGGCGATGT_001,169
AGTCACTCGATTGGCGATGT_002,127
AGTCACTCGATTGGCGATGT_003,58
TCACAAATAATAGCAACCAG_001,50
TCACAAATAATAGCAACCAG_002,119
TCACAAATAATAGCAACCAG_003,43
AATCATAATCAAAGCCATTG_001,195
AATCATAATCAAAGCCATTG_002,139
AATCATAATCAAAGCCATTG_003,145
AATCATAATCAAAGCCATTG_004,68
AATCATAATCAAAGCCATTG_005,17
AATCATAATCAAAGCCATTG_006,199
AATCATAATCAAAGCCATTG_007,72
AATCATAATCAAAGCCATTG_008,85
AATCATAATCAAAGCCATTG_009,111
AATCATAATCAAAGCCATTG_010,115
AATCATAATCAAAGCCATTG_011,29
AATCATAATCAAAGCCATTG_012,39
AATCATAATCAAAGCCATTG_013,166
AATCATAATCAAAGCCATTG_014,34
AATCATAATCAAAGCCATTG_015,63
AATCATAATCAAAGCCATTG_016,138
AATCATAATCAAAGCCATTG_017,147
AATCATAATCAAAGCCATTG_018,25
AATCATAATCAAAGCCATTG_019,30
GCTGTCCGCACCGTTCTCAG_001,15
GCTGTCCGCACCGTTCTCAG_002,68
GCTGTCCGCACCGTTCTCAG_003,40
GCTGTCCGCACCGTTCTCAG_004,161
GCTGTCCGCACCGTTCTCAG_005,40
GCTGTCCGCACCGTTCTCAG_006,94
GCTGTCCGCACCGTTCTCAG_007,12
GCTGTCCGCACCGTTCTCAG_008,124
AGCAGTGGAACACATGTTTG_001,126
AGCAGTGGAACACATGTTTG_002,24
AGCAGTGGAACACATGTTTG_003,15
AGCAGTGGAACACATGTTTG_004,30
AGCAGTGGAACACATGTTTG_005,174
AGCAGTGGAACACATGTTTG_006,169
AGCAGTGGAACACATGTTTG_007,103
AGCAGTGGAACACATGTTTG_008,22
AGCAGTGGAACACATGTTTG_009,192
AGCAGTGGAACACATGTTTG_010,3
AGCAGTGGAACACATGTTTG_011,138
AGCAGTGGAACACATGTTTG_012,147
AGCAGTGGAACACATGTTTG_013,46
AGCAGTGGAACACATGTTTG_014,171
AGTGTTACCAGCAAAAAGAC_001,161
AGTGTTACCAGCAAAAAGAC_002,181
AGTGTTACCAGCAAAAAGAC_003,137
AGTGTTACCAGCAAAAAGAC_004,30
AGTGTTACCAGCAAAAAGAC_005,58
AGTGTTACCAGCAAAAAGAC_006,134
AGTGTTACCAGCAAAAAGAC_007,65
AGTGTTACCAGCAAAAAGAC_008,107
AGTGTTACCAGCAAAAAGAC_009,178
ATCATCTCGGATCGCCACGG_001,113
ATCATCTCGGATCGCCACGG_002,151
ATCATCTCGGATCGCCACGG_003,157
ATCATCTCGGATCGCCACGG_004,170
ATCATCTCGGATCGCCACGG_005,121
ATCATCTCGGATCGCCACGG_006,199
ATCATCTCGGATCGCCACGG_007,175
ATCATCTCGGATCGCCACGG_008,78
ATCATCTCGGATCGCCACGG_009,86
ATCATCTCGGATCGCCACGG_010,16
ATCATCTCGGATCGCCACGG_011,169
ATCATCTCGGATCGCCACGG_012,173
ATCATCTCGGATCGCCACGG_013,173
ATCATCTCGGATCGCCACGG_014,138
ATCATCTCGGATCGCCACGG_015,133
ATCATCTCGGATCGCCACGG_016,82
ATCATCTCGGATCGCCACGG_017,166
ATCATCTCGGATCGCCACGG_018,2
ATCATCTCGGATCGCCACGG_019,60
ATCATCTCGGATCGCCACGG_020,68
ATCATCTCGGATCGCCACGG_021,69
ATCATCTCGGATCGCCACGG_022,157
ATCATCTCGGATCGCCACGG_023,157
ATCATCTCGGATCGCCACGG_024,16
ATCATCTCGGATCGCCACGG_025,169
GATATTTATCAATCTCACAG_001,81
GATATTTATCAATCTCACAG_002,168
AGAGCAAACTATCCACGCCT_001,164
AGAGCAAACTATCCACGCCT_002,164
AGAGCAAACTATCCACGCCT_003,191
AGAGCAAACTATCCACGCCT_004,199
AGAGCAAACTATCCACGCCT_005,123
AGAGCAAACTATCCACGCCT_006,131
AGAGCAAACTATCCACGCCT_007,127
AGAGCAAACTATCCACGCCT_008,150
AGAGCAAACTATCCACGCCT_009,163
AGAGCAAACTATCCACGCCT_010,12
GATGCCAGTTATCAGCATCG_001,3
GATGCCAGTTATCAGCATCG_002,184
AGGTCACGGAACAGGAATGG_001,127
AGGTCACGGAACAGGAATGG_002,174
ACTATATTGACAGTTCACTA_001,72
ACTATATTGACAGTTCACTA_002,45
ACTATATTGACAGTTCACTA_003,25
ACTATATTGACAGTTCACTA_004,48
ACTATATTGACAGTTCACTA_005,19
ACTATATTGACAGTTCACTA_006,162
ACTATATTGACAGTTCACTA_007,161
ACTATATTGACAGTTCACTA_008,50
ACTATATTGACAGTTCACTA_009,56
ACTATATTGACAGTTCACTA_010,170
ACTATATTGACAGTTCACTA_011,35
ACTATATTGACAGTTCACTA_012,141
ACTATATTGACAGTTCACTA_013,21
ACTATATTGACAGTTCACTA_014,61
ACTATATTGACAGTTCACTA_015,69
GTTGGAGTAGAACCTAGACC_001,1
CTGGACTAACATGTTCAATG_001,192
CTGGACTAACATGTTCAATG_002,24
CTGGACTAACATGTTCAATG_003,194
CTGGACTAACATGTTCAATG_004,83
CTGGACTAACATGTTCAATG_005,33
CTGGACTAACATGTTCAATG_006,170
ATGTGTCGCCAAGAAATGGA_001,12
ATGTGTCGCCAAGAAATGGA_002,16
ATGTGTCGCCAAGAAATGGA_003,115
ATGTGTCGCCAAGAAATGGA_004,17
ATGTGTCGCCAAGAAATGGA_005,113
ATGTGTCGCCAAGAAATGGA_006,170
ATGTGTCGCCAAGAAATGGA_007,38
ATGTGTCGCCAAGAAATGGA_008,92
ATGTGTCGCCAAGAAATGGA_009,115
ATGTGTCGCCAAGAAATGGA_010,15
ATATGTTTATCGGAGAATAT_001,58
ATATGTTTATCGGAGAATAT_002,63
ATATGTTTATCGGAGAATAT_003,49
ACAATACAACTGGGAGACTG_001,77
ACAATACAACTGGGAGACTG_002,115
ACAATACAACTGGGAGACTG_003,157
ACAATACAACTGGGAGACTG_004,160
ACAATACAACTGGGAGACTG_005,88
ACAATACAACTGGGAGACTG_006,50
ACAATACAACTGGGAGACTG_007,128
ACAATACAACTGGGAGACTG_008,70
ACAATACAACTGGGAGACTG_009,121
CACATGGCTGCTCGTTGTGT_001,4
CACATGGCTGCTCGTTGTGT_002,60
CACATGGCTGCTCGTTGTGT_003,119
CACATGGCTGCTCGTTGTGT_004,137
CACATGGCTGCTCGTTGTGT_005,177
CACATGGCTGCTCGTTGTGT_006,68
CACATGGCTGCTCGTTGTGT_007,72
CACATGGCTGCTCGTTGTGT_008,102
CACATGGCTGCTCGTTGTGT_009,49
CACATGGCTGCTCGTTGTGT_010,138
CACATGGCTGCTCGTTGTGT_011,139
CACATGGCTGCTCGTTGTGT_012,195
CACATGGCTGCTCGTTGTGT_013,162
CACATGGCTGCTCGTTGTGT_014,102
CACATGGCTGCTCGTTGTGT_015,19
CACATGGCTGCTCGTTGTGT_016,121
CACATGGCTGCTCGTTGTGT_017,61
GTACCACTCCATTCTCAACG_001,128
CACAGGCAGGTCAGTTTCAC_001,100
CACAGGCAGGTCAGTTTCAC_002,101
CACAGGCAGGTCAGTTTCAC_003,55
TACCACAAATGTACCCACAA_001,107
TACCACAAATGTACCCACAA_002,149
TACCACAAATGTACCCACAA_003,35
TACCACAAATGTACCCACAA_004,181
TACCACAAATGTACCCACAA_005,81
TACCACAAATGTACCCACAA_006,147
TACCACAAATGTACCCACAA_007,33
TACCACAAATGTACCCACAA_008,13
TACCACAAATGTACCCACAA_009,60
TACCACAAATGTACCCACAA_010,89
TACCACAAATGTACCCACAA_011,89
TACCACAAATGTACCCACAA_012,38
TACCACAAATGTACCCACAA_013,116
TACCACAAATGTACCCACAA_014,29
TAGCTGGACACTGACTTGTG_001,19
TAGCTGGACACTGACTTGTG_002,178
TAGCTGGACACTGACTTGTG_003,31
AATAGAGACCAATCGGAACA_001,141
AATAGAGACCAATCGGAACA_002,102
AATAGAGACCAATCGGAACA_003,113
AATAGAGACCAATCGGAACA_004,30
AATAGAGACCAATCGGAACA_005,69
AATAGAGACCAATCGGAACA_006,17
AACCTCCCCGAGCTAACCGA_001,152
AACCTCCCCGAGCTAACCGA_002,138
AACCTCCCCGAGCTAACCGA_003,142
AACCTCCCCGAGCTAACCGA_004,102
AACCTCCCCGAGCTAACCGA_005,170
AACCTCCCCGAGCTAACCGA_006,154
AACCTCCCCGAGCTAACCGA_007,178
AACCTCCCCGAGCTAACCGA_008,154
AACCTCCCCGAGCTAACCGA_009,121
AACCTCCCCGAGCTAACCGA_010,123
AACCTCCCCGAGCTAACCGA_011,70
AACCTCCCCGAGCTAACCGA_012,194
AACCTCCCCGAGCTAACCGA_013,53
AACCTCCCCGAGCTAACCGA_014,63
AACCTCCCCGAGCTAACCGA_015,76
AACCTCCCCGAGCTAACCGA_016,168
AACCTCCCCGAGCTAACCGA_017,40
AACCTCCCCGAGCTAACCGA_018,64
AACCTCCCCGAGCTAACCGA_019,168
AACCTCCCCGAGCTAACCGA_020,12
AACCTCCCCGAGCTAACCGA_021,16
AACCTCCCCGAGCTAACCGA_022,184
AACCTCCCCGAGCTAACCGA_023,1
AACCTCCCCGAGCTAACCGA_024,38
AACCTCCCCGAGCTAACCGA_025,71
AACCTCCCCGAGCTAACCGA_026,185
AACCTCCCCGAGCTAACCGA_027,48
AACCTCCCCGAGCTAACCGA_028,88
AACCTCCCCGAGCTAACCGA_029,0
AACCTCCCCGAGCTAACCGA_030,61
AACCTCCCCGAGCTAACCGA_031,156
AACCTCCCCGAGCTAACCGA_032,65
AACCTCCCCGAGCTAACCGA_033,46
AACCTCCCCGAGCTAACCGA_034,142
AACCTCCCCGAGCTAACCGA_035,26
AACCTCCCCGAGCTAACCGA_036,6
AACCTCCCCGAGCTAACCGA_037,176
AACCTCCCCGAGCTAACCGA_038,62
AACCTCCCCGAGCTAACCGA_039,198
AACCTCCCCGAGCTAACCGA_040,63
AACCTCCCCGAGCTAACCGA_041,79
AACCTCCCCGAGCTAACCGA_042,134
AACCTCCCCGAGCTAACCGA_043,165
AACCTCCCCGAGCTAACCGA_044,88
AACCTCCCCGAGCTAACCGA_045,160
AACCTCCCCGAGCTAACCGA_046,177
AACCTCCCCGAGCTAACCGA_047,1
AACCTCCCCGAGCTAACCGA_048,19
AACCTCCCCGAGCTAACCGA_049,94
AACCTCCCCGAGCTAACCGA_050,15
AACCTCCCCGAGCTAACCGA_051,76
AACCTCCCCGAGCTAACCGA_052,146
AACCTCCCCGAGCTAACCGA_053,126
AACCTCCCCGAGCTAACCGA_054,181
AACCTCCCCGAGCTAACCGA_055,97
AACCTCCCCGAGCTAACCGA_056,160
AACCTCCCCGAGCTAACCGA_057,42
AACCTCCCCGAGCTAACCGA_058,104
AACCTCCCCGAGCTAACCGA_059,68
AACCTCCCCGAGCTAACCGA_060,57
AACCTCCCCGAGCTAACCGA_061,182
AACCTCCCCGAGCTAACCGA_062,72
AACCTCCCCGAGCTAACCGA_063,153
CACAAGTCCTCACTGCCCGA_001,21
CACAAGTCCTCACTGCCCGA_002,24
CACAAGTCCTCACTGCCCGA_003,130
CACAAGTCCTCACTGCCCGA_004,48
CACAAGTCCTCACTGCCCGA_005,107
CACAAGTCCTCACTGCCCGA_006,103
CACAAGTCCTCACTGCCCGA_007,158
CACAAGTCCTCACTGCCCGA_008,50
CACAAGTCCTCACTGCCCGA_009,169
CACAAGTCCTCACTGCCCGA_010,82
CACAAGTCCTCACTGCCCGA_011,105
CACAAGTCCTCACTGCCCGA_012,51
CACAAGTCCTCACTGCCCGA_013,122
CACAAGTCCTCACTGCCCGA_014,115
CACAAGTCCTCACTGCCCGA_015,144
CACAAGTCCTCACTGCCCGA_016,29
CACAAGTCCTCACTGCCCGA_017,107
CACAAGTCCTCACTGCCCGA_018,49
CACAAGTCCTCACTGCCCGA_019,20
CACAAGTCCTCACTGCCCGA_020,91
CACAAGTCCTCACTGCCCGA_021,46
ACTCCAAGAATTATGTACTG_001,45
ACTCCAAGAATTATGTACTG_002,157
ACTCCAAGAATTATGTACTG_003,149
ACTCCAAGAATTATGTACTG_004,146
ACTCCAAGAATTATGTACTG_005,33
ACTCCAAGAATTATGTACTG_006,197
ACTCCAAGAATTATGTACTG_007,178
ACTCCAAGAATTATGTACTG_008,23
ACTCCAAGAATTATGTACTG_009,92
ACTCCAAGAATTATGTACTG_010,102
ACTCCAAGAATTATGTACTG_011,117
ACTCCAAGAATTATGTACTG_012,56
ATCGTCCGAACCAAGAAACA_001,171
ATCGTCCGAACCAAGAAACA_002,147
ATCGTCCGAACCAAGAAACA_003,166
ATCGTCCGAACCAAGAAACA_004,29
ATCGTCCGAACCAAGAAACA_005,1
ATCGTCCGAACCAAGAAACA_006,57
ATCGTCCGAACCAAGAAACA_007,31
ATCGTCCGAACCAAGAAACA_008,98
ATGTGATTGAATAGGGAACA_001,182
TGTCAACAACAACCTCACTG_001,57
TGTCAACAACAACCTCACTG_002,28
TGTCAACAACAACCTCACTG_003,167
TGTCAACAACAACCTCACTG_004,165
TGTCAACAACAACCTCACTG_005,55
TGTCAACAACAACCTCACTG_006,76
TGTCAACAACAACCTCACTG_007,108
TGTCAACAACAACCTCACTG_008,172
TGTCAACAACAACCTCACTG_009,1
TGTCAACAACAACCTCACTG_010,60
TGTCAACAACAACCTCACTG_011,159
TGTCAACAACAACCTCACTG_012,156
TGTCAACAACAACCTCACTG_013,58
TGTCAACAACAACCTCACTG_014,108
TGTCAACAACAACCTCACTG_015,24
TGTCAACAACAACCTCACTG_016,149
ACTGTGCCGCCATCACCCAG_001,158
ACTGTGCCGCCATCACCCAG_002,155
ACTGTGCCGCCATCACCCAG_003,7
ACTGTGCCGCCATCACCCAG_004,147
ACTGTGCCGCCATCACCCAG_005,72
ACTGTGCCGCCATCACCCAG_006,100
ACTGTGCCGCCATCACCCAG_007,152
ACTGTGCCGCCATCACCCAG_008,15
ACTGTGCCGCCATCACCCAG_009,52
ACTGTGCCGCCATCACCCAG_010,81
ACTGTGCCGCCATCACCCAG_011,106
ACTGTGCCGCCATCACCCAG_012,3
ACTGTGCCGCCATCACCCAG_013,180
GAGCAGTATAGTCGCCTGAG_001,43
GAGCAGTATAGTCGCCTGAG_002,174
AGCCTGTATGGACAGGGTCA_001,103
AGCCTGTATGGACAGGGTCA_002,41
AGCCTGTATGGACAGGGTCA_003,15
AGCCTGTATGGACAGGGTCA_004,76
AGCCTGTATGGACAGGGTCA_005,145
AGCCTGTATGGACAGGGTCA_006,162
AGCCTGTATGGACAGGGTCA_007,174
AGCCTGTATGGACAGGGTCA_008,4
AGCCTGTATGGACAGGGTCA_009,175
AGCCTGTATGGACAGGGTCA_010,184
AGCCTGTATGGACAGGGTCA_011,103
AGCCTGTATGGACAGGGTCA_012,60
AGCCTGTATGGACAGGGTCA_013,12
AGCCTGTATGGACAGGGTCA_014,42
AGCCTGTATGGACAGGGTCA_015,150
AGCCTGTATGGACAGGGTCA_016,0
AGCCTGTATGGACAGGGTCA_017,108
CCTCAACACACCTAACAGCG_001,34
CCTCAACACACCTAACAGCG_002,115
CCTCAACACACCTAACAGCG_003,97
CCTCAACACACCTAACAGCG_004,97
CCTCAACACACCTAACAGCG_005,168
CCTCAACACACCTAACAGCG_006,148
CCTCAACACACCTAACAGCG_007,98
CCTCAACACACCTAACAGCG_008,145
CCTCAACACACCTAACAGCG_009,10
ATAGGAACTGGAATCAGGCA_001,23
ATAGGAACTGGAATCAGGCA_002,2
ATAGGAACTGGAATCAGGCA_003,15
ATAGGAACTGGAATCAGGCA_004,73
ATAGGAACTGGAATCAGGCA_005,147
ATAGGAACTGGAATCAGGCA_006,146
ATAGGAACTGGAATCAGGCA_007,185
ATAGGAACTGGAATCAGGCA_008,124
ATAGGAACTGGAATCAGGCA_009,20
ATAGGAACTGGAATCAGGCA_010,145
ATAGGAACTGGAATCAGGCA_011,130
GAGACTCTGTACATGTGCGT_001,119
GAGACTCTGTACATGTGCGT_002,34
GAGACTCTGTACATGTGCGT_003,50
GAGACTCTGTACATGTGCGT_004,177
GAGACTCTGTACATGTGCGT_005,181
GAGACTCTGTACATGTGCGT_006,26
CCTAGGAACAGTACGATTTG_001,14
CCTAGGAACAGTACGATTTG_002,131
CCTAGGAACAGTACGATTTG_003,132
GACGGTAACGGACGTAATCA_001,172
GACGGTAACGGACGTAATCA_002,71
TAATCACATTGCTTAACCGG_001,149
TAATCACATTGCTTAACCGG_002,23
TAATCACATTGCTTAACCGG_003,186
TAATCACATTGCTTAACCGG_004,78
GGCGATGGGCTCGTCCGCGG_001,129
GGCGATGGGCTCGTCCGCGG_002,188
GGCGATGGGCTCGTCCGCGG_003,170
GGCGATGGGCTCGTCCGCGG_004,181
GGCGATGGGCTCGTCCGCGG_005,157
GGCGATGGGCTCGTCCGCGG_006,175
GGCGATGGGCTCGTCCGCGG_007,110
GGCGATGGGCTCGTCCGCGG_008,190
GGCGATGGGCTCGTCCGCGG_009,74
GGCGATGGGCTCGTCCGCGG_010,95
GGCGATGGGCTCGTCCGCGG_011,80
GGCGATGGGCTCGTCCGCGG_012,135
GGCGATGGGCTCGTCCGCGG_013,199
GGCGATGGGCTCGTCCGCGG_014,92
GGCGATGGGCTCGTCCGCGG_015,92
GGCGATGGGCTCGTCCGCGG_016,118
GGCGATGGGCTCGTCCGCGG_017,69
GGCGATGGGCTCGTCCGCGG_018,104
GGCGATGGGCTCGTCCGCGG_019,76
GGCGATGGGCTCGTCCGCGG_020,25
GGCGATGGGCTCGTCCGCGG_021,138
GGCGATGGGCTCGTCCGCGG_022,146
GGCGATGGGCTCGTCCGCGG_023,163
GGCGATGGGCTCGTCCGCGG_024,72
GGCGATGGGCTCGTCCGCGG_025,55
GGCGATGGGCTCGTCCGCGG_026,184
GGCGATGGGCTCGTCCGCGG_027,147
GGCGATGGGCTCGTCCGCGG_028,6
GGCGATGGGCTCGTCCGCGG_029,48
GGCGATGGGCTCGTCCGCGG_030,190
GGCGATGGGCTCGTCCGCGG_031,190
GGCGATGGGCTCGTCCGCGG_032,139
GGCGATGGGCTCGTCCGCGG_033,45
GGCGATGGGCTCGTCCGCGG_034,94
GGCGATGGGCTCGTCCGCGG_035,115
GGCGATGGGCTCGTCCGCGG_036,40
GGCGATGGGCTCGTCCGCGG_037,48
GGCGATGGGCTCGTCCGCGG_038,12
GGCGATGGGCTCGTCCGCGG_039,184
GGCGATGGGCTCGTCCGCGG_040,91
AGAGCATATAGACCACCTAG_001,123
AGAGCATATAGACCACCTAG_002,106
TGCTGTGGCCATGAAAACTG_001,165
TGCTGTGGCCATGAAAACTG_002,170
TGCTGTGGCCATGAAAACTG_003,50
TGCTGTGGCCATGAAAACTG_004,160
TGCTGTGGCCATGAAAACTG_005,176
TGCTGTGGCCATGAAAACTG_006,127
TGCTGTGGCCATGAAAACTG_007,9
TGCTGTGGCCATGAAAACTG_008,158
TGCTGTGGCCATGAAAACTG_009,16
TGCTGTGGCCATGAAAACTG_010,96
TGCTGTGGCCATGAAAACTG_011,58
TGCTGTGGCCATGAAAACTG_012,199
TGCTGTGGCCATGAAAACTG_013,70
TGCTGTGGCCATGAAAACTG_014,80
TGCTGTGGCCATGAAAACTG_015,1
GGCCGGGTTCTAGAGTGCCA_001,29
GGCCGGGTTCTAGAGTGCCA_002,106
GGCCGGGTTCTAGAGTGCCA_003,142
GGCCGGGTTCTAGAGTGCCA_004,50
GGCCGGGTTCTAGAGTGCCA_005,141
GGCCGGGTTCTAGAGTGCCA_006,2
GGCCGGGTTCTAGAGTGCCA_007,188
GGCCGGGTTCTAGAGTGCCA_008,63
GGCCGGGTTCTAGAGTGCCA_009,78
AGGGACTTGACCTTGTGAAG_001,63
AGGGACTTGACCTTGTGAAG_002,141
AGGGACTTGACCTTGTGAAG_003,112
AGGGACTTGACCTTGTGAAG_004,137
AGGGACTTGACCTTGTGAAG_005,197
AGGGACTTGACCTTGTGAAG_006,196
AGGGACTTGACCTTGTGAAG_007,138
AGGGACTTGACCTTGTGAAG_008,57
CCTACATGCAGACTAGCAGG_001,131
CCTACATGCAGACTAGCAGG_002,113
CCTACATGCAGACTAGCAGG_003,48
GCATAATCCTCCAAGATTGG_001,159
GCATAATCCTCCAAGATTGG_002,26
GCATAATCCTCCAAGATTGG_003,178
GCATAATCCTCCAAGATTGG_004,1
GCATAATCCTCCAAGATTGG_005,168
GCATAATCCTCCAAGATTGG_006,144
GCATAATCCTCCAAGATTGG_007,19
GCATAATCCTCCAAGATTGG_008,75
TAGGCTGACATGATGTGTGT_001,170
TAGGCTGACATGATGTGTGT_002,158
TAGGCTGACATGATGTGTGT_003,15
TAGGCTGACATGATGTGTGT_004,149
TAGGCTGACATGATGTGTGT_005,169
TAGGCTGACATGATGTGTGT_006,95
TAGGCTGACATGATGTGTGT_007,141
TAGGCTGACATGATGTGTGT_008,108
TAGGCTGACATGATGTGTGT_009,49
TAGGCTGACATGATGTGTGT_010,83
AGATGGTTCTCGGACGTTTG_001,17
AGATGGTTCTCGGACGTTTG_002,5
AGATGGTTCTCGGACGTTTG_003,192
AGATGGTTCTCGGACGTTTG_004,148
AGATGGTTCTCGGACGTTTG_005,96
TGGGGCGCTTCATCCGGACT_001,153
TGGGGCGCTTCATCCGGACT_002,105
TGGGGCGCTTCATCCGGACT_003,130
TGGGGCGCTTCATCCGGACT_004,144
TGGGGCGCTTCATCCGGACT_005,7
TGGGGCGCTTCATCCGGACT_006,103
TGGGGCGCTTCATCCGGACT_007,62
TGGGGCGCTTCATCCGGACT_008,153
TGGGGCGCTTCATCCGGACT_009,52
TGGGGCGCTTCATCCGGACT_010,84
TGGATTTATCTACGGGTACG_001,127
TGGATTTATCTACGGGTACG_002,60
TGGATTTATCTACGGGTACG_003,141
TGGATTTATCTACGGGTACG_004,17
TGGATTTATCTACGGGTACG_005,150
TGGATTTATCTACGGGTACG_006,62
TGGATTTATCTACGGGTACG_007,112
TGGATTTATCTACGGGTACG_008,9
TGGATTTATCTACGGGTACG_009,12
TGTATTCATCACCACTAGTA_001,48
TGTATTCATCACCACTAGTA_002,20
TGTATTCATCACCACTAGTA_003,127
TGTATTCATCACCACTAGTA_004,1
TGTATTCATCACCACTAGTA_005,170
AGCATCAAAGCCCAGTTCTG_001,139
AGCATCAAAGCCCAGTTCTG_002,67
AGCATCAAAGCCCAGTTCTG_003,44
AGCATCAAAGCCCAGTTCTG_004,188
AGCATCAAAGCCCAGTTCTG_005,103
AGCATCAAAGCCCAGTTCTG_006,76
AGCATCAAAGCCCAGTTCTG_007,82
GAGATCTGGAAGAAATATGG_001,42
GAGATCTGGAAGAAATATGG_002,93
AGCTGACTTTCGACCCACAG_001,189
AGCTGACTTTCGACCCACAG_002,101
AGCTGACTTTCGACCCACAG_003,88
AGCTGACTTTCGACCCACAG_004,70
AGCTGACTTTCGACCCACAG_005,12
AGCTGACTTTCGACCCACAG_006,149
AGCTGACTTTCGACCCACAG_007,170
AGCTGACTTTCGACCCACAG_008,124
AGCTGACTTTCGACCCACAG_009,38
AGCTGACTTTCGACCCACAG_010,108
AGCTGACTTTCGACCCACAG_011,191
AGCTGACTTTCGACCCACAG_012,156
AGCTGACTTTCGACCCACAG_013,50
AGCTGACTTTCGACCCACAG_014,82
AGCTGACTTTCGACCCACAG_015,177
AGCTGACTTTCGACCCACAG_016,159
AGCTGACTTTCGACCCACAG_017,114
AGCTGACTTTCGACCCACAG_018,133
AGCTGACTTTCGACCCACAG_019,153
AGCTGACTTTCGACCCACAG_020,147
AGCTGACTTTCGACCCACAG_021,163
AGCTGACTTTCGACCCACAG_022,149
AGCTGACTTTCGACCCACAG_023,42
CTCATCAACTCACTCCGTGG_001,27
AGAGAGGCAGTAATAACGCA_001,68
AGAGAGGCAGTAATAACGCA_002,103
AGAGAGGCAGTAATAACGCA_003,122
AGAGAGGCAGTAATAACGCA_004,92
GGAGTGTCCCATGAGATTGG_001,66
GGAGTGTCCCATGAGATTGG_002,58
GGAGTGTCCCATGAGATTGG_003,166
GGAGTGTCCCATGAGATTGG_004,186
GGAGTGTCCCATGAGATTGG_005,192
GGAGTGTCCCATGAGATTGG_006,9
GGAGTGTCCCATGAGATTGG_007,58
GGAGTGTCCCATGAGATTGG_008,193
GGAGTGTCCCATGAGATTGG_009,174
GGAGTGTCCCATGAGATTGG_010,102
GGAGTGTCCCATGAGATTGG_011,121
GGAGTGTCCCATGAGATTGG_012,166
GCTGTGCCGGTGGGATCATG_001,113
GCTGTGCCGGTGGGATCATG_002,147
GCTGTGCCGGTGGGATCATG_003,67
GCTGTGCCGGTGGGATCATG_004,155
GCTGTGCCGGTGGGATCATG_005,122
GCTGTGCCGGTGGGATCATG_006,193
TGCCGGAGGAGTGGTCGCAG_001,53
TGCCGGAGGAGTGGTCGCAG_002,138
TGCCGGAGGAGTGGTCGCAG_003,158
TGCCGGAGGAGTGGTCGCAG_004,70
TGCCGGAGGAGTGGTCGCAG_005,83
TGCCGGAGGAGTGGTCGCAG_006,16
TGGTTCGCGTGCTGCCTCCG_001,17
TGGTTCGCGTGCTGCCTCCG_002,115
TGGTTCGCGTGCTGCCTCCG_003,33
TGGTTCGCGTGCTGCCTCCG_004,52
TGGTTCGCGTGCTGCCTCCG_005,108
TGGTTCGCGTGCTGCCTCCG_006,35
TGGTTCGCGTGCTGCCTCCG_007,185
TGGTTCGCGTGCTGCCTCCG_008,35
TGGTTCGCGTGCTGCCTCCG_009,102
TGGTTCGCGTGCTGCCTCCG_010,69
TGGTTCGCGTGCTGCCTCCG_011,61
TGGTTCGCGTGCTGCCTCCG_012,160
TGGTTCGCGTGCTGCCTCCG_013,144
TCCTCACACCTTATAGGACA_001,17
CAGGCCAATCATGCCCAACA_001,127
CAGGCCAATCATGCCCAACA_002,130
GATACATCTTGTTTGAAGGG_001,36
GATACATCTTGTTTGAAGGG_002,65
GAAGACCTCCAACTTGACCA_001,24
GAAGACCTCCAACTTGACCA_002,102
GGAGGCTCGCGACGACAATG_001,127
GGAGGCTCGCGACGACAATG_002,96
GGAGGCTCGCGACGACAATG_003,49
GGAGGCTCGCGACGACAATG_004,38
GGAGGCTCGCGACGACAATG_005,178
GGAGGCTCGCGACGACAATG_006,88
GGAGGCTCGCGACGACAATG_007,108
GGAGGCTCGCGACGACAATG_008,103
GGAGGCTCGCGACGACAATG_009,175
GGAGGCTCGCGACGACAATG_010,1
GGAGGCTCGCGACGACAATG_011,171
GGAGGCTCGCGACGACAATG_012,77
GGAGGCTCGCGACGACAATG_013,176
GGAGGCTCGCGACGACAATG_014,65
GGAGGCTCGCGACGACAATG_015,41
GGAGGCTCGCGACGACAATG_016,13
GGAGGCTCGCGACGACAATG_017,191
GGAGGCTCGCGACGACAATG_018,3
GGAGGCTCGCGACGACAATG_019,181
CAGAGGGCCAAGATCAGTCA_001,37
CAGAGGGCCAAGATCAGTCA_002,88
CAGAGGGCCAAGATCAGTCA_003,58
CAGAGGGCCAAGATCAGTCA_004,17
CAGAGGGCCAAGATCAGTCA_005,15
TGACACTCAGAATCACCATG_001,152
TGACACTCAGAATCACCATG_002,113
TGACACTCAGAATCACCATG_003,77
TGACACTCAGAATCACCATG_004,41
TGACACTCAGAATCACCATG_005,89
TGACACTCAGAATCACCATG_006,29
TGACACTCAGAATCACCATG_007,170
TGACACTCAGAATCACCATG_008,41
TGACACTCAGAATCACCATG_009,11
AAACAACCCATATGGGTGTG_001,179
AAACAACCCATATGGGTGTG_002,169
AAACAACCCATATGGGTGTG_003,48
AAACAACCCATATGGGTGTG_004,141
AAACAACCCATATGGGTGTG_005,1
AAACAACCCATATGGGTGTG_006,147
AAACAACCCATATGGGTGTG_007,104
GGATCAGCAGAATTACACAC_001,61
GGATCAGCAGAATTACACAC_002,114
GGATCAGCAGAATTACACAC_003,162
GGATCAGCAGAATTACACAC_004,130
GGATCAGCAGAATTACACAC_005,150
GGATCAGCAGAATTACACAC_006,96
TCCCAGCTGGAATATTTGTG_001,122
TCCCAGCTGGAATATTTGTG_002,181
TCCCAGCTGGAATATTTGTG_003,172
TCCCAGCTGGAATATTTGTG_004,23
TCCCAGCTGGAATATTTGTG_005,1
TCCCAGCTGGAATATTTGTG_006,6
GTGCAGAAGACCAGACTCCA_001,180
GTGCAGAAGACCAGACTCCA_002,17
GTGCAGAAGACCAGACTCCA_003,146
GTGCAGAAGACCAGACTCCA_004,149
GTGCAGAAGACCAGACTCCA_005,137
GTGCAGAAGACCAGACTCCA_006,9
GTGCAGAAGACCAGACTCCA_007,55
GTGCAGAAGACCAGACTCCA_008,133
GTGCAGAAGACCAGACTCCA_009,9
GTGCAGAAGACCAGACTCCA_010,51
GTGCAGAAGACCAGACTCCA_011,60
GTGCAGAAGACCAGACTCCA_012,7
GTGCAGAAGACCAGACTCCA_013,106
GTGCAGAAGACCAGACTCCA_014,31
GTGCAGAAGACCAGACTCCA_015,104
GTGCAGAAGACCAGACTCCA_016,165
GTGCAGAAGACCAGACTCCA_017,93
GTGCAGAAGACCAGACTCCA_018,22
GTGCAGAAGACCAGACTCCA_019,177
GTGCAGAAGACCAGACTCCA_020,175
GTGCAGAAGACCAGACTCCA_021,77
GTGCAGAAGACCAGACTCCA_022,83
GTGCAGAAGACCAGACTCCA_023,192
GTGCAGAAGACCAGACTCCA_024,82
GTGCAGAAGACCAGACTCCA_025,128
GTGCAGAAGACCAGACTCCA_026,84
GTGCAGAAGACCAGACTCCA_027,37
GTGCAGAAGACCAGACTCCA_028,64
GTGCAGAAGACCAGACTCCA_029,171
GTGCAGAAGACCAGACTCCA_030,149
GTGCAGAAGACCAGACTCCA_031,61
GTGCAGAAGACCAGACTCCA_032,83
GTGCAGAAGACCAGACTCCA_033,112
GTGCAGAAGACCAGACTCCA_034,77
GTGCAGAAGACCAGACTCCA_035,60
GTGCAGAAGACCAGACTCCA_036,127
GTGCAGAAGACCAGACTCCA_037,127
GTGCAGAAGACCAGACTCCA_038,106
GTGCAGAAGACCAGACTCCA_039,37
GTGCAGAAGACCAGACTCCA_040,144
GTGCAGAAGACCAGACTCCA_041,190
GTGCAGAAGACCAGACTCCA_042,1
GTGCAGAAGACCAGACTCCA_043,1
GTGCAGAAGACCAGACTCCA_044,153
GTGCAGAAGACCAGACTCCA_045,79
GTGCAGAAGACCAGACTCCA_046,150
GTGCAGAAGACCAGACTCCA_047,64
GTGCAGAAGACCAGACTCCA_048,20
GTGCAGAAGACCAGACTCCA_049,156
GTGCAGAAGACCAGACTCCA_050,55
GTGCAGAAGACCAGACTCCA_051,157
GTGCAGAAGACCAGACTCCA_052,112
GTGCAGAAGACCAGACTCCA_053,178
GTGCAGAAGACCAGACTCCA_054,108
GTGCAGAAGACCAGACTCCA_055,110
GTGCAGAAGACCAGACTCCA_056,108
GTGCAGAAGACCAGACTCCA_057,108
GTGCAGAAGACCAGACTCCA_058,29
GTGCAGAAGACCAGACTCCA_059,48
GTGCAGAAGACCAGACTCCA_060,48
GTGCAGAAGACCAGACTCCA_061,94
GTGCAGAAGACCAGACTCCA_062,188
GTGCAGAAGACCAGACTCCA_063,152
GTGCAGAAGACCAGACTCCA_064,6
GTGCAGAAGACCAGACTCCA_065,39
GTGCAGAAGACCAGACTCCA_066,90
GTGCAGAAGACCAGACTCCA_067,160
GTGCAGAAGACCAGACTCCA_068,48
CGGTGAGCCACACGAAGGAA_001,138
CGGTGAGCCACACGAAGGAA_002,150
CGGTGAGCCACACGAAGGAA_003,181
CGGTGAGCCACACGAAGGAA_004,197
CGGTGAGCCACACGAAGGAA_005,43
CGGTGAGCCACACGAAGGAA_006,77
CGGTGAGCCACACGAAGGAA_007,16
CGGTGAGCCACACGAAGGAA_008,166
CGGTGAGCCACACGAAGGAA_009,162
CGGTGAGCCACACGAAGGAA_010,43
CGGTGAGCCACACGAAGGAA_011,123
CGGTGAGCCACACGAAGGAA_012,8
CGGTGAGCCACACGAAGGAA_013,82
CGGTGAGCCACACGAAGGAA_014,33
CGGTGAGCCACACGAAGGAA_015,8
CGGTGAGCCACACGAAGGAA_016,135
CGGTGAGCCACACGAAGGAA_017,61
CGGTGAGCCACACGAAGGAA_018,170
CGGTGAGCCACACGAAGGAA_019,166
CGGTGAGCCACACGAAGGAA_020,82
CGGTGAGCCACACGAAGGAA_021,88
CGGTGAGCCACACGAAGGAA_022,62
CGGTGAGCCACACGAAGGAA_023,21
CGGTGAGCCACACGAAGGAA_024,83
CGGTGAGCCACACGAAGGAA_025,38
CGGTGAGCCACACGAAGGAA_026,75
CGGTGAGCCACACGAAGGAA_027,56
CGGTGAGCCACACGAAGGAA_028,158
CGGTGAGCCACACGAAGGAA_029,160
CGGTGAGCCACACGAAGGAA_030,184
CGGTGAGCCACACGAAGGAA_031,152
CGGTGAGCCACACGAAGGAA_032,151
CGGTGAGCCACACGAAGGAA_033,49
CGGTGAGCCACACGAAGGAA_034,3
CGGTGAGCCACACGAAGGAA_035,61
CGGTGAGCCACACGAAGGAA_036,126
TCCCTGGCACGATTTCAATG_001,120
TCCCTGGCACGATTTCAATG_002,121
TCCCTGGCACGATTTCAATG_003,135
TCCCTGGCACGATTTCAATG_004,111
TCCCTGGCACGATTTCAATG_005,41
TCCCTGGCACGATTTCAATG_006,23
TCCCTGGCACGATTTCAATG_007,47
TCCCTGGCACGATTTCAATG_008,31
TCCCTGGCACGATTTCAATG_009,6
GCCAGAGATCCCATGCATCG_001,27
GCCAGAGATCCCATGCATCG_002,169
GCCAGAGATCCCATGCATCG_003,127
GCCAGAGATCCCATGCATCG_004,192
GTCCTGAAGGTAGATGCAGT_001,151
GTCCTGAAGGTAGATGCAGT_002,183
GTCCTGAAGGTAGATGCAGT_003,48
GTCCTGAAGGTAGATGCAGT_004,113
GTCCTGAAGGTAGATGCAGT_005,116
GTCCTGAAGGTAGATGCAGT_006,184
GTCCTGAAGGTAGATGCAGT_007,42
GTCCTGAAGGTAGATGCAGT_008,88
GTCCTGAAGGTAGATGCAGT_009,183
GTCCTGAAGGTAGATGCAGT_010,42
GTCCTGAAGGTAGATGCAGT_011,78
GTCCTGAAGGTAGATGCAGT_012,71
GTCCTGAAGGTAGATGCAGT_013,118
GTCCTGAAGGTAGATGCAGT_014,118
GTCCTGAAGGTAGATGCAGT_015,134
GTCCTGAAGGTAGATGCAGT_016,192
GTCCTGAAGGTAGATGCAGT_017,96
GTCCTGAAGGTAGATGCAGT_018,21
GTCCTGAAGGTAGATGCAGT_019,92
GTCCTGAAGGTAGATGCAGT_020,49
GTCCTGAAGGTAGATGCAGT_021,93
GTCCTGAAGGTAGATGCAGT_022,1
GTCCTGAAGGTAGATGCAGT_023,125
GTCCTGAAGGTAGATGCAGT_024,155
GTCCTGAAGGTAGATGCAGT_025,184
GTCCTGAAGGTAGATGCAGT_026,50
GTCCTGAAGGTAGATGCAGT_027,14
GTCCTGAAGGTAGATGCAGT_028,66
GTCCTGAAGGTAGATGCAGT_029,66
GTCCTGAAGGTAGATGCAGT_030,94
GTCCTGAAGGTAGATGCAGT_031,28
GTCCTGAAGGTAGATGCAGT_032,37
GTCCTGAAGGTAGATGCAGT_033,34
TTCACTGGTTTCAGCAAAGA_001,140
TTCACTGGTTTCAGCAAAGA_002,145
TTCACTGGTTTCAGCAAAGA_003,184
TTCACTGGTTTCAGCAAAGA_004,78
TTCACTGGTTTCAGCAAAGA_005,71
TTCACTGGTTTCAGCAAAGA_006,121
TTCACTGGTTTCAGCAAAGA_007,127
TTCACTGGTTTCAGCAAAGA_008,199
TTCACTGGTTTCAGCAAAGA_009,127
TTCACTGGTTTCAGCAAAGA_010,0
TTCACTGGTTTCAGCAAAGA_011,178
TTCACTGGTTTCAGCAAAGA_012,170
TTCACTGGTTTCAGCAAAGA_013,23
TTCACTGGTTTCAGCAAAGA_014,53
TTCACTGGTTTCAGCAAAGA_015,45
TTCACTGGTTTCAGCAAAGA_016,88
TTCACTGGTTTCAGCAAAGA_017,158
AGTCACAGCCTGATTTGTCA_001,15
AGTCACAGCCTGATTTGTCA_002,163
AGTCACAGCCTGATTTGTCA_003,57
AGTCACAGCCTGATTTGTCA_004,159
AGTCACAGCCTGATTTGTCA_005,45
AGTCACAGCCTGATTTGTCA_006,121
AGTCACAGCCTGATTTGTCA_007,8
AGTCACAGCCTGATTTGTCA_008,159
AGTCACAGCCTGATTTGTCA_009,82
AGTCACAGCCTGATTTGTCA_010,146
TGTAGAAAGTTTATCCACCC_001,188
TAATGAGAGCAACGACCGTG_001,161
TAATGAGAGCAACGACCGTG_002,117
TAATGAGAGCAACGACCGTG_003,141
TAATGAGAGCAACGACCGTG_004,121
TAATGAGAGCAACGACCGTG_005,92
TAATGAGAGCAACGACCGTG_006,106
TAATGAGAGCAACGACCGTG_007,136
AGAAGGCTTTCTGGATCCCG_001,162
AGAAGGCTTTCTGGATCCCG_002,159
AGAAGGCTTTCTGGATCCCG_003,171
AGAAGGCTTTCTGGATCCCG_004,112
AGAAGGCTTTCTGGATCCCG_005,7
AGAAGGCTTTCTGGATCCCG_006,125
AGAAGGCTTTCTGGATCCCG_007,69
GCTACTGGTGCGGCGTGGGG_001,169
GCTACTGGTGCGGCGTGGGG_002,23
GCTACTGGTGCGGCGTGGGG_003,1
GCTACTGGTGCGGCGTGGGG_004,162
GCTACTGGTGCGGCGTGGGG_005,19
GCTACTGGTGCGGCGTGGGG_006,121
GCTACTGGTGCGGCGTGGGG_007,151
GCTACTGGTGCGGCGTGGGG_008,124
CCAGCAGAAGACTATTGATG_001,40
GGGCCTGGAACTGCCCACTG_001,165
GGGCCTGGAACTGCCCACTG_002,176
GGGCCTGGAACTGCCCACTG_003,138
GGGCCTGGAACTGCCCACTG_004,62
GGGCCTGGAACTGCCCACTG_005,5
GGGCCTGGAACTGCCCACTG_006,6
GGGCCTGGAACTGCCCACTG_007,130
GGGCCTGGAACTGCCCACTG_008,146
GGGCCTGGAACTGCCCACTG_009,170
GGGCCTGGAACTGCCCACTG_010,50
GGGCCTGGAACTGCCCACTG_011,112
GGGCCTGGAACTGCCCACTG_012,170
GGGCCTGGAACTGCCCACTG_013,63
GTGGACTACTTCGTCAACGG_001,95
GTGGACTACTTCGTCAACGG_002,35
GTGGACTACTTCGTCAACGG_003,124
GTGGACTACTTCGTCAACGG_004,76
GTGGACTACTTCGTCAACGG_005,21
GTGGACTACTTCGTCAACGG_006,150
GTGGACTACTTCGTCAACGG_007,23
GTGGACTACTTCGTCAACGG_008,128
TCTGCCTATATACACGGTGT_001,8
TCTGCCTATATACACGGTGT_002,134
TCTGCCTATATACACGGTGT_003,148
ACAGCATCGACTGCACGTTG_001,70
ACAGCATCGACTGCACGTTG_002,128
ACAGCATCGACTGCACGTTG_003,119
ACAGCATCGACTGCACGTTG_004,33
ACAGCATCGACTGCACGTTG_005,98
ACAGCATCGACTGCACGTTG_006,65
ACAGCATCGACTGCACGTTG_007,17
ACAGCATCGACTGCACGTTG_008,28
ACAGCATCGACTGCACGTTG_009,136
ACAGCATCGACTGCACGTTG_010,196
ACAGCATCGACTGCACGTTG_011,9
ACCGAGAAGAGTCCACGTGG_001,80
ACCGAGAAGAGTCCACGTGG_002,150
ACCGAGAAGAGTCCACGTGG_003,162
ACCGAGAAGAGTCCACGTGG_004,161
ACCGAGAAGAGTCCACGTGG_005,97
ACCGAGAAGAGTCCACGTGG_006,163
ACCGAGAAGAGTCCACGTGG_007,5
ACCGAGAAGAGTCCACGTGG_008,9
ACCGAGAAGAGTCCACGTGG_009,41
ACCGAGAAGAGTCCACGTGG_010,145
ACCGAGAAGAGTCCACGTGG_011,144
ATATCTCTGAAACTTGCCAG_001,118
ATATCTCTGAAACTTGCCAG_002,137
ATATCTCTGAAACTTGCCAG_003,135
ATATCTCTGAAACTTGCCAG_004,116
ATATCTCTGAAACTTGCCAG_005,149
ATATCTCTGAAACTTGCCAG_006,63
ATATCTCTGAAACTTGCCAG_007,47
ATATCTCTGAAACTTGCCAG_008,19
ATATCTCTGAAACTTGCCAG_009,43
ATATCTCTGAAACTTGCCAG_010,198
ATATCTCTGAAACTTGCCAG_011,126
GGTAGCAGAGTACTGCGACG_001,69
GGTAGCAGAGTACTGCGACG_002,68
GGTAGCAGAGTACTGCGACG_003,39
GGTGGTGATGAAGCAGCCGA_001,35
GGTGGTGATGAAGCAGCCGA_002,116
GGTGGTGATGAAGCAGCCGA_003,105
GGTGGTGATGAAGCAGCCGA_004,45
GGTGGTGATGAAGCAGCCGA_005,22
GGTGGTGATGAAGCAGCCGA_006,61
GGTGGTGATGAAGCAGCCGA_007,141
GGTGGTGATGAAGCAGCCGA_008,71
GGTGGTGATGAAGCAGCCGA_009,150
GGTGGTGATGAAGCAGCCGA_010,156
GGTGGTGATGAAGCAGCCGA_011,125
GGTGGTGATGAAGCAGCCGA_012,127
GGTGGTGATGAAGCAGCCGA_013,46
GGTGGTGATGAAGCAGCCGA_014,79
GGTGGTGATGAAGCAGCCGA_015,126
ACTTAGCCAGGGCGCCATCG_001,176
ACTTAGCCAGGGCGCCATCG_002,170
ACTTAGCCAGGGCGCCATCG_003,70
ACTTAGCCAGGGCGCCATCG_004,21
ACTTAGCCAGGGCGCCATCG_005,60
ACTTAGCCAGGGCGCCATCG_006,145
ACTTAGCCAGGGCGCCATCG_007,185
ACTTAGCCAGGGCGCCATCG_008,65
ACTTAGCCAGGGCGCCATCG_009,8
ACTTAGCCAGGGCGCCATCG_010,189
ACTTAGCCAGGGCGCCATCG_011,162
ACTTAGCCAGGGCGCCATCG_012,116
ACCTACCGAAAACCTGTCCT_001,26
ACCTACCGAAAACCTGTCCT_002,32
ACCTACCGAAAACCTGTCCT_003,19
ACCTACCGAAAACCTGTCCT_004,117
ACCTACCGAAAACCTGTCCT_005,78
ACCTACCGAAAACCTGTCCT_006,49
ACCTACCGAAAACCTGTCCT_007,11
ACCTACCGAAAACCTGTCCT_008,127
ACCTACCGAAAACCTGTCCT_009,48
ACCTACCGAAAACCTGTCCT_010,13
ACCTACCGAAAACCTGTCCT_011,13
GAGGGTAGAGACCCTCACTG_001,3
GAGGGTAGAGACCCTCACTG_002,166
GAGGGTAGAGACCCTCACTG_003,150
GAGGGTAGAGACCCTCACTG_004,83
GAGGGTAGAGACCCTCACTG_005,62
GAGGGTAGAGACCCTCACTG_006,68
GAGGGTAGAGACCCTCACTG_007,68
GAGGGTAGAGACCCTCACTG_008,11
GAGGGTAGAGACCCTCACTG_009,171
GAGGGTAGAGACCCTCACTG_010,92
GAGGGTAGAGACCCTCACTG_011,38
GAGGGTAGAGACCCTCACTG_012,63
GAGGGTAGAGACCCTCACTG_013,155
GAGGGTAGAGACCCTCACTG_014,11
GAGGGTAGAGACCCTCACTG_015,70
GAGGGTAGAGACCCTCACTG_016,36
GAGGGTAGAGACCCTCACTG_017,24
GAGGGTAGAGACCCTCACTG_018,127
GAGGGTAGAGACCCTCACTG_019,170
GAGGGTAGAGACCCTCACTG_020,70
GAGGGTAGAGACCCTCACTG_021,198
GAGGGTAGAGACCCTCACTG_022,28
GAGGGTAGAGACCCTCACTG_023,149
GAGGGTAGAGACCCTCACTG_024,106
GAGGGTAGAGACCCTCACTG_025,114
TGGAGACTATTAATAGCGGG_001,107
TGGAGACTATTAATAGCGGG_002,119
AGTAATTTGTAAGCGTTGCA_001,83
AGTAATTTGTAAGCGTTGCA_002,191
AGTAATTTGTAAGCGTTGCA_003,82
AGTAATTTGTAAGCGTTGCA_004,117
AGTAATTTGTAAGCGTTGCA_005,149
AGTAATTTGTAAGCGTTGCA_006,124
CTACGAGGACAACAGCACTT_001,48
CTACGAGGACAACAGCACTT_002,19
CTACGAGGACAACAGCACTT_003,16
CTACGAGGACAACAGCACTT_004,50
CTACGAGGACAACAGCACTT_005,49
CTACGAGGACAACAGCACTT_006,144
CTACGAGGACAACAGCACTT_007,92
CTACGAGGACAACAGCACTT_008,21
CTACGAGGACAACAGCACTT_009,141
CTACGAGGACAACAGCACTT_010,41
CTACGAGGACAACAGCACTT_011,197
CTACGAGGACAACAGCACTT_012,168
CTACGAGGACAACAGCACTT_013,177
CTACGAGGACAACAGCACTT_014,2
CTACGAGGACAACAGCACTT_015,145
CTACGAGGACAACAGCACTT_016,145
CTACGAGGACAACAGCACTT_017,81
CTACGAGGACAACAGCACTT_018,55
CTACGAGGACAACAGCACTT_019,38
CTACGAGGACAACAGCACTT_020,162
CTACGAGGACAACAGCACTT_021,176
CTACGAGGACAACAGCACTT_022,2
CTACGAGGACAACAGCACTT_023,130
CTACGAGGACAACAGCACTT_024,91
CTACGAGGACAACAGCACTT_025,8
CTACGAGGACAACAGCACTT_026,75
CTACGAGGACAACAGCACTT_027,166
CTACGAGGACAACAGCACTT_028,146
CTGTAAATCCTACCCTACCG_001,178
GCTGCGGGGACAGGTTCAAG_001,94
GCTGCGGGGACAGGTTCAAG_002,105
GCTGCGGGGACAGGTTCAAG_003,144
GCTGCGGGGACAGGTTCAAG_004,88
GCTGCGGGGACAGGTTCAAG_005,141
GCTGCGGGGACAGGTTCAAG_006,76
GCTGCGGGGACAGGTTCAAG_007,149
GCTGCGGGGACAGGTTCAAG_008,40
GCTGCGGGGACAGGTTCAAG_009,61
GCTGCGGGGACAGGTTCAAG_010,133
GCTGCGGGGACAGGTTCAAG_011,62
GCTGCGGGGACAGGTTCAAG_012,106
GCTGCGGGGACAGGTTCAAG_013,168
GCTGCGGGGACAGGTTCAAG_014,180
AATGAGTAGTGACGTCACCA_001,84
AATGAGTAGTGACGTCACCA_002,157
AATGAGTAGTGACGTCACCA_003,44
AATGAGTAGTGACGTCACCA_004,32
AATGAGTAGTGACGTCACCA_005,124
AATGAGTAGTGACGTCACCA_006,96
AATGAGTAGTGACGTCACCA_007,53
AATGAGTAGTGACGTCACCA_008,188
AATGAGTAGTGACGTCACCA_009,56
AATGAGTAGTGACGTCACCA_010,30
AATGAGTAGTGACGTCACCA_011,117
AATGAGTAGTGACGTCACCA_012,99
AATGAGTAGTGACGTCACCA_013,77
AATGAGTAGTGACGTCACCA_014,180
AATGAGTAGTGACGTCACCA_015,172
AATGAGTAGTGACGTCACCA_016,1
AATGAGTAGTGACGTCACCA_017,99
AATGAGTAGTGACGTCACCA_018,187
AATGAGTAGTGACGTCACCA_019,198
AATGAGTAGTGACGTCACCA_020,1
CGAACTCATGCGCCGCCACG_001,18
CGAACTCATGCGCCGCCACG_002,29
CGAACTCATGCGCCGCCACG_003,30
CGAACTCATGCGCCGCCACG_004,155
CGAACTCATGCGCCGCCACG_005,76
CGAACTCATGCGCCGCCACG_006,76
CGAACTCATGCGCCGCCACG_007,68
CGAACTCATGCGCCGCCACG_008,15
CGAACTCATGCGCCGCCACG_009,80
CGAACTCATGCGCCGCCACG_010,26
CGAACTCATGCGCCGCCACG_011,116
CGAACTCATGCGCCGCCACG_012,81
CGAACTCATGCGCCGCCACG_013,10
CGAACTCATGCGCCGCCACG_014,56
CGAACTCATGCGCCGCCACG_015,168
GCACTGCTACATCTTGAACC_001,108
TGTCCGAGCCCTGAGATTCG_001,159
TGTCCGAGCCCTGAGATTCG_002,170
TGTCCGAGCCCTGAGATTCG_003,126
TGTCCGAGCCCTGAGATTCG_004,8
TGTCCGAGCCCTGAGATTCG_005,171
CTGGTCTGTAGACAAAGCTG_001,29
CTGGTCTGTAGACAAAGCTG_002,8
CTGGTCTGTAGACAAAGCTG_003,16
CTGGTCTGTAGACAAAGCTG_004,56
CTGGTCTGTAGACAAAGCTG_005,93
CTGGTCTGTAGACAAAGCTG_006,62
CTGGTCTGTAGACAAAGCTG_007,16
CTGGTCTGTAGACAAAGCTG_008,162
CTGGTCTGTAGACAAAGCTG_009,162
CTGGTCTGTAGACAAAGCTG_010,30
CTGGTCTGTAGACAAAGCTG_011,57
TTCTCTTCCTCACAGCACAG_001,4
TTCTCTTCCTCACAGCACAG_002,127
TTCTCTTCCTCACAGCACAG_003,52
TTCTCTTCCTCACAGCACAG_004,44
TTCTCTTCCTCACAGCACAG_005,63
TTCTCTTCCTCACAGCACAG_006,106
TTCTCTTCCTCACAGCACAG_007,70
TTCTCTTCCTCACAGCACAG_008,78
AGATCACTTACCTTCTCAGG_001,134
AGATCACTTACCTTCTCAGG_002,43
AGATCACTTACCTTCTCAGG_003,148
AGATCACTTACCTTCTCAGG_004,13
AGATCACTTACCTTCTCAGG_005,22
AGATCACTTACCTTCTCAGG_006,110
AGATCACTTACCTTCTCAGG_007,60
AGATCACTTACCTTCTCAGG_008,148
ATAGGACAAGTACGATCATG_001,127
ATAGGACAAGTACGATCATG_002,18
CAGGAGTAGTTGAAGATATG_001,31
CAGGAGTAGTTGAAGATATG_002,67
CAGGAGTAGTTGAAGATATG_003,169
CAGGAGTAGTTGAAGATATG_004,40
CAGGAGTAGTTGAAGATATG_005,55
CCGCAGCCTCTCGCAGAACA_001,119
CCGCAGCCTCTCGCAGAACA_002,104
CCGCAGCCTCTCGCAGAACA_003,19
CCGCAGCCTCTCGCAGAACA_004,199
CCGCAGCCTCTCGCAGAACA_005,145
CCGCAGCCTCTCGCAGAACA_006,105
CCGCAGCCTCTCGCAGAACA_007,169
CCGCAGCCTCTCGCAGAACA_008,123
CCGCAGCCTCTCGCAGAACA_009,13
CCGCAGCCTCTCGCAGAACA_010,44
CCGCAGCCTCTCGCAGAACA_011,29
CTGCTGTTTGAGGTACTCAC_001,105
CTGCTGTTTGAGGTACTCAC_002,50
CTGCTGTTTGAGGTACTCAC_003,169
CTGCTGTTTGAGGTACTCAC_004,69
CTGCTGTTTGAGGTACTCAC_005,83
CTGCTGTTTGAGGTACTCAC_006,171
CTGCTGTTTGAGGTACTCAC_007,8
CTGCTGTTTGAGGTACTCAC_008,78
CTGCTGTTTGAGGTACTCAC_009,94
CTGCTGTTTGAGGTACTCAC_010,26
CTGCTGTTTGAGGTACTCAC_011,160
CTGCTGTTTGAGGTACTCAC_012,191
CTGCTGTTTGAGGTACTCAC_013,162
CTGCTGTTTGAGGTACTCAC_014,138
AGTTACGGGTGCTCTTGCGT_001,170
AGTTACGGGTGCTCTTGCGT_002,171
AGTTACGGGTGCTCTTGCGT_003,113
AGTTACGGGTGCTCTTGCGT_004,11
AGTTACGGGTGCTCTTGCGT_005,81
AGTTACGGGTGCTCTTGCGT_006,103
AGTTACGGGTGCTCTTGCGT_007,93
AGTTACGGGTGCTCTTGCGT_008,9
AGTTACGGGTGCTCTTGCGT_009,15
AGTTACGGGTGCTCTTGCGT_010,141
AGTTACGGGTGCTCTTGCGT_011,188
AGTTACGGGTGCTCTTGCGT_012,152
AGTTACGGGTGCTCTTGCGT_013,9
AGTTACGGGTGCTCTTGCGT_014,141
AGTTACGGGTGCTCTTGCGT_015,118
AGTTACGGGTGCTCTTGCGT_016,170
GAAGAAGGTAGTGCTAGATG_001,34
GAAGAAGGTAGTGCTAGATG_002,159
GAAGAAGGTAGTGCTAGATG_003,150
GAAGAAGGTAGTGCTAGATG_004,174
GAAGAAGGTAGTGCTAGATG_005,127
GAAGGTCTCGAAGAAAACTT_001,116
GAAGGTCTCGAAGAAAACTT_002,15
GAAGGTCTCGAAGAAAACTT_003,108
GAAGGTCTCGAAGAAAACTT_004,47
GAAGGTCTCGAAGAAAACTT_005,56
GAAGGTCTCGAAGAAAACTT_006,102
GAAGGTCTCGAAGAAAACTT_007,119
GAAGGTCTCGAAGAAAACTT_008,108
GAAGGTCTCGAAGAAAACTT_009,155
GAAGGTCTCGAAGAAAACTT_010,149
GATCGCCTGTCTCCAGACCG_001,62
GATCGCCTGTCTCCAGACCG_002,72
GATCGCCTGTCTCCAGACCG_003,154
GATCGCCTGTCTCCAGACCG_004,172
GATCGCCTGTCTCCAGACCG_005,174
GATCGCCTGTCTCCAGACCG_006,75
GATCGCCTGTCTCCAGACCG_007,194
GATCGCCTGTCTCCAGACCG_008,78
GATCGCCTGTCTCCAGACCG_009,23
GATCGCCTGTCTCCAGACCG_010,15
GATCGCCTGTCTCCAGACCG_011,169
GATCGCCTGTCTCCAGACCG_012,68
GATCGCCTGTCTCCAGACCG_013,168
GATCGCCTGTCTCCAGACCG_014,34
GATCGCCTGTCTCCAGACCG_015,162
GATCGCCTGTCTCCAGACCG_016,191
GATCGCCTGTCTCCAGACCG_017,78
GATCGCCTGTCTCCAGACCG_018,120
GATCGCCTGTCTCCAGACCG_019,12
GATCGCCTGTCTCCAGACCG_020,158
GATCGCCTGTCTCCAGACCG_021,40
GATCGCCTGTCTCCAGACCG_022,88
GATCGCCTGTCTCCAGACCG_023,15
GATCGCCTGTCTCCAGACCG_024,190
GATCGCCTGTCTCCAGACCG_025,81
GATCGCCTGTCTCCAGACCG_026,184
GATCGCCTGTCTCCAGACCG_027,28
GATCGCCTGTCTCCAGACCG_028,174
GATCGCCTGTCTCCAGACCG_029,191
GATCGCCTGTCTCCAGACCG_030,137
AGTAGGCATGGGTAACACTG_001,9
AGTAGGCATGGGTAACACTG_002,176
AGTAGGCATGGGTAACACTG_003,90
AGTAGGCATGGGTAACACTG_004,98
AGTAGGCATGGGTAACACTG_005,163
AGTAGGCATGGGTAACACTG_006,183
AGTAGGCATGGGTAACACTG_007,13
AGTAGGCATGGGTAACACTG_008,198
AGTAGGCATGGGTAACACTG_009,162
AGTAGGCATGGGTAACACTG_010,199
AGTAGGCATGGGTAACACTG_011,132
AGTAGGCATGGGTAACACTG_012,197
AGTAGGCATGGGTAACACTG_013,12
GGGGGCTCTAACCTCTTTAG_001,179
GGGGTGTTAAAGTTAGCTTG_001,139
GGGGTGTTAAAGTTAGCTTG_002,121
ACAGTACCAGAGGTGCTAAG_001,188
ACAGTACCAGAGGTGCTAAG_002,78
ACAGTACCAGAGGTGCTAAG_003,176
ACAGTACCAGAGGTGCTAAG_004,138
ACAGTACCAGAGGTGCTAAG_005,112
ACAGTACCAGAGGTGCTAAG_006,146
ACAGTACCAGAGGTGCTAAG_007,196
ATGGGAGATTTGTGAATCCG_001,161
ATGGGAGATTTGTGAATCCG_002,187
ATGGGAGATTTGTGAATCCG_003,59
ATGGGAGATTTGTGAATCCG_004,62
ATGGGAGATTTGTGAATCCG_005,135
ATGGGAGATTTGTGAATCCG_006,75
ATGGGAGATTTGTGAATCCG_007,84
ATGGGAGATTTGTGAATCCG_008,125
ATGGGAGATTTGTGAATCCG_009,22
ATGGGAGATTTGTGAATCCG_010,71
ATGGGAGATTTGTGAATCCG_011,182
ATGGGAGATTTGTGAATCCG_012,29
ATGGGAGATTTGTGAATCCG_013,49
ATGGGAGATTTGTGAATCCG_014,137
ATGGGAGATTTGTGAATCCG_015,165
ATGGGAGATTTGTGAATCCG_016,82
ATGGGAGATTTGTGAATCCG_017,98
ATGGGAGATTTGTGAATCCG_018,120
ATGGGAGATTTGTGAATCCG_019,46
CAACATCCTCTATAAATTTG_001,31
CAACATCCTCTATAAATTTG_002,158
CAACATCCTCTATAAATTTG_003,22
CAACATCCTCTATAAATTTG_004,169
ACAAACCTCAGCCCTAACGG_001,180
ACAAACCTCAGCCCTAACGG_002,169
ACAAACCTCAGCCCTAACGG_003,147
ACAAACCTCAGCCCTAACGG_004,29
ACAAACCTCAGCCCTAACGG_005,24
ACAAACCTCAGCCCTAACGG_006,107
ACAAACCTCAGCCCTAACGG_007,64
GGTGGTTATCAACTCACAGG_001,2
GGTGGTTATCAACTCACAGG_002,146
GGTGGTTATCAACTCACAGG_003,177
GGTGGTTATCAACTCACAGG_004,117
GGTGGTTATCAACTCACAGG_005,114
GTTTCAGCCAAACCTCAACA_001,106
GTTTCAGCCAAACCTCAACA_002,177
GTTTCAGCCAAACCTCAACA_003,141
GTTTCAGCCAAACCTCAACA_004,104
GTTTCAGCCAAACCTCAACA_005,26
GTTTCAGCCAAACCTCAACA_006,62
GTTTCAGCCAAACCTCAACA_007,194
GTTTCAGCCAAACCTCAACA_008,116
GTTTCAGCCAAACCTCAACA_009,198
GTTTCAGCCAAACCTCAACA_010,5
GTTTCAGCCAAACCTCAACA_011,26
GTTTCAGCCAAACCTCAACA_012,108
GTTTCAGCCAAACCTCAACA_013,168
GTTTCAGCCAAACCTCAACA_014,99
GTTTCAGCCAAACCTCAACA_015,6
GTTTCAGCCAAACCTCAACA_016,166
GTTTCAGCCAAACCTCAACA_017,106
GTTTCAGCCAAACCTCAACA_018,156
TACCTGAGTGAATTCCACGT_001,32
TACCTGAGTGAATTCCACGT_002,117
TACCTGAGTGAATTCCACGT_003,30
TACCTGAGTGAATTCCACGT_004,61
TACCTGAGTGAATTCCACGT_005,13
TACCTGAGTGAATTCCACGT_006,69
TACCTGAGTGAATTCCACGT_007,163
GGTGCGCAAATCCCTGCAAG_001,70
GGTGCGCAAATCCCTGCAAG_002,105
GGTGCGCAAATCCCTGCAAG_003,199
GGTGCGCAAATCCCTGCAAG_004,65
GGTGCGCAAATCCCTGCAAG_005,103
GGTGCGCAAATCCCTGCAAG_006,178
GGTGCGCAAATCCCTGCAAG_007,170
GGTGCGCAAATCCCTGCAAG_008,102
GGTGCGCAAATCCCTGCAAG_009,101
TCTGAGAAGGATCAGCATAG_001,88
TCTGAGAAGGATCAGCATAG_002,65
TCTGAGAAGGATCAGCATAG_003,45
TCTGAGAAGGATCAGCATAG_004,105
TCTGAGAAGGATCAGCATAG_005,169
TCTGAGAAGGATCAGCATAG_006,52
TGATCCAGCAACATACACGT_001,58
TGATCCAGCAACATACACGT_002,61
TGATCCAGCAACATACACGT_003,32
TGATCCAGCAACATACACGT_004,157
TGATCCAGCAACATACACGT_005,16
TGATCCAGCAACATACACGT_006,156
TGATCCAGCAACATACACGT_007,57
TGATCCAGCAACATACACGT_008,119
TGATCCAGCAACATACACGT_009,19
TGATCCAGCAACATACACGT_010,94
TGATCCAGCAACATACACGT_011,183
TGATCCAGCAACATACACGT_012,168
TGATCCAGCAACATACACGT_013,190
TGATCCAGCAACATACACGT_014,158
TGATCCAGCAACATACACGT_015,39
TGATCCAGCAACATACACGT_016,170
TGCAGTGACCAACCATAGGT_001,83
TGCAGTGACCAACCATAGGT_002,43
TGCAGTGACCAACCATAGGT_003,137
TGCAGTGACCAACCATAGGT_004,185
TGCAGTGACCAACCATAGGT_005,59
TGCAGTGACCAACCATAGGT_006,82
ACGGAGCCAGCTATATCCAG_001,63
ACGGAGCCAGCTATATCCAG_002,76
ACGGAGCCAGCTATATCCAG_003,27
TGGTCAACCTGTAGTTCCGT_001,81
TGGTCAACCTGTAGTTCCGT_002,177
TGGTCAACCTGTAGTTCCGT_003,160
TGTCTCCTAGTGGGACACAG_001,2
TGTCTCCTAGTGGGACACAG_002,15
TGTCTCCTAGTGGGACACAG_003,75
TGTCTCCTAGTGGGACACAG_004,76
TGTCTCCTAGTGGGACACAG_005,72
TGTCTCCTAGTGGGACACAG_006,169
TGTCTCCTAGTGGGACACAG_007,147
TGTCTCCTAGTGGGACACAG_008,13
TGTCTCCTAGTGGGACACAG_009,115
TGTCTCCTAGTGGGACACAG_010,87
TGTCTCCTAGTGGGACACAG_011,121
TGTCTCCTAGTGGGACACAG_012,168
TGTCTCCTAGTGGGACACAG_013,153
TGTCTCCTAGTGGGACACAG_014,34
TGTCTCCTAGTGGGACACAG_015,34
TGTCTCCTAGTGGGACACAG_016,153
TGTCTCCTAGTGGGACACAG_017,77
TGTTGATGCATATCACCAGA_001,186
TTACCTGCTAGGAGATGTGG_001,88
TTACCTGCTAGGAGATGTGG_002,41
GAGTGAGTGTCCATTCCAAG_001,10
GAGTGAGTGTCCATTCCAAG_002,156
GAGTGAGTGTCCATTCCAAG_003,22
GAGTGAGTGTCCATTCCAAG_004,147
GAGTGAGTGTCCATTCCAAG_005,170
GAGTGAGTGTCCATTCCAAG_006,169
GAGTGAGTGTCCATTCCAAG_007,142
GCCCAGCTCCAGACACCGAG_001,88
GCCCAGCTCCAGACACCGAG_002,105
GCCCAGCTCCAGACACCGAG_003,162
GCCCAGCTCCAGACACCGAG_004,97
GCCCAGCTCCAGACACCGAG_005,157
GCCCAGCTCCAGACACCGAG_006,162
GCCCAGCTCCAGACACCGAG_007,141
GCCCAGCTCCAGACACCGAG_008,83
GCCCAGCTCCAGACACCGAG_009,74
GCCCAGCTCCAGACACCGAG_010,46
GCCCAGCTCCAGACACCGAG_011,14
GCCCAGCTCCAGACACCGAG_012,137
GCCCAGCTCCAGACACCGAG_013,169
GCCCAGCTCCAGACACCGAG_014,28
GCCCAGCTCCAGACACCGAG_015,105
CAGTTTAGCATGATACAACC_001,170
GGAAGGCAAGAGACCGTTTG_001,130
GGAAGGCAAGAGACCGTTTG_002,166
GGAAGGCAAGAGACCGTTTG_003,16
GGAAGGCAAGAGACCGTTTG_004,175
GGAAGGCAAGAGACCGTTTG_005,137
CAGCTCATGATAAACCACCA_001,81
CAGCTCATGATAAACCACCA_002,17
CAGCTCATGATAAACCACCA_003,49
GCAGTCCGCATGAAGCCTTG_001,5
GCAGTCCGCATGAAGCCTTG_002,61
GCAGTCCGCATGAAGCCTTG_003,103
GCAGTCCGCATGAAGCCTTG_004,95
GCAGTCCGCATGAAGCCTTG_005,149
GCAGTCCGCATGAAGCCTTG_006,158
GCAGTCCGCATGAAGCCTTG_007,166
GCAGTCCGCATGAAGCCTTG_008,156
GCAGTCCGCATGAAGCCTTG_009,195
GCAGTCCGCATGAAGCCTTG_010,74
GCAGTCCGCATGAAGCCTTG_011,130
GCAGTCCGCATGAAGCCTTG_012,41
GCAGTCCGCATGAAGCCTTG_013,122
GCAGTCCGCATGAAGCCTTG_014,33
GCAGTCCGCATGAAGCCTTG_015,40
GCAGTCCGCATGAAGCCTTG_016,190
GCAGTCCGCATGAAGCCTTG_017,128
GCAGTCCGCATGAAGCCTTG_018,47
GCAGTCCGCATGAAGCCTTG_019,75
GCAGTCCGCATGAAGCCTTG_020,12
GCAGTCCGCATGAAGCCTTG_021,185
GCAGTCCGCATGAAGCCTTG_022,26
GCAGTCCGCATGAAGCCTTG_023,58
GCAGTCCGCATGAAGCCTTG_024,60
GCAGTCCGCATGAAGCCTTG_025,152
GCAGTCCGCATGAAGCCTTG_026,122
GCAGTCCGCATGAAGCCTTG_027,143
GAAGAGCAGGAATCTTCAGA_001,151
GAAGAGCAGGAATCTTCAGA_002,51
ACGACTTGAGCATATACTTG_001,57
ACGACTTGAGCATATACTTG_002,66
CACACTTACCCATGAAGGTG_001,56
CACACTTACCCATGAAGGTG_002,96
CACACTTACCCATGAAGGTG_003,74
CATGAACCGAATCCTAGATG_001,110
CATGAACCGAATCCTAGATG_002,134
CATGAACCGAATCCTAGATG_003,172
CATGAACCGAATCCTAGATG_004,61
CATGAACCGAATCCTAGATG_005,194
CATGAACCGAATCCTAGATG_006,19
CATGAACCGAATCCTAGATG_007,98
TGATGGACCTATACACCACA_001,76
TGATGGACCTATACACCACA_002,157
TGATGGACCTATACACCACA_003,157
TGATGGACCTATACACCACA_004,116
TGATGGACCTATACACCACA_005,0
TGATGGACCTATACACCACA_006,141
TGATGGACCTATACACCACA_007,141
TGATGGACCTATACACCACA_008,117
TGATGGACCTATACACCACA_009,50
TGATGGACCTATACACCACA_010,65
TGATGGACCTATACACCACA_011,170
TGATGGACCTATACACCACA_012,191
TGATGGACCTATACACCACA_013,138
TGATGGACCTATACACCACA_014,157
GTTAACATCTGATACGACAA_001,198
GTTAACATCTGATACGACAA_002,11
GTTAACATCTGATACGACAA_003,40
GTTAACATCTGATACGACAA_004,191
GTTAACATCTGATACGACAA_005,60
GTTAACATCTGATACGACAA_006,52
GTTAACATCTGATACGACAA_007,28
TCACGAAACACATCCACCTG_001,162
TCACGAAACACATCCACCTG_002,41
TCACGAAACACATCCACCTG_003,53
TCACGAAACACATCCACCTG_004,145
TCACGAAACACATCCACCTG_005,172
TCACGAAACACATCCACCTG_006,103
TCACGAAACACATCCACCTG_007,198
TCACGAAACACATCCACCTG_008,175
TCACGAAACACATCCACCTG_009,127
TCACGAAACACATCCACCTG_010,175
TCCTGACCACCCACTCCACG_001,163
TCCTGACCACCCACTCCACG_002,118
TCCTGACCACCCACTCCACG_003,78
TCCTGACCACCCACTCCACG_004,52
TCCTGACCACCCACTCCACG_005,76
TCCTGACCACCCACTCCACG_006,48
TCCTGACCACCCACTCCACG_007,57
TCCTGACCACCCACTCCACG_008,75
TCCTGACCACCCACTCCACG_009,78
TCCTGACCACCCACTCCACG_010,175
TCCTGACCACCCACTCCACG_011,62
TCCTGACCACCCACTCCACG_012,145
TCCTGACCACCCACTCCACG_013,47
TCCTGACCACCCACTCCACG_014,166
TCCTGACCACCCACTCCACG_015,189
TCCTGACCACCCACTCCACG_016,186
TCCTGACCACCCACTCCACG_017,47
TCCTGACCACCCACTCCACG_018,134
TCCTGACCACCCACTCCACG_019,20
TCCTGACCACCCACTCCACG_020,124
TCCTGACCACCCACTCCACG_021,16
TCCTGACCACCCACTCCACG_022,116
TCCTGACCACCCACTCCACG_023,184
TCCTGACCACCCACTCCACG_024,110
TCCTGACCACCCACTCCACG_025,117
TCCTGACCACCCACTCCACG_026,176
TCCTGACCACCCACTCCACG_027,138
TCCTGACCACCCACTCCACG_028,61
TCCTGACCACCCACTCCACG_029,87
TCCTGACCACCCACTCCACG_030,67
TCCTGACCACCCACTCCACG_031,119
TCCTGACCACCCACTCCACG_032,8
TCCTGACCACCCACTCCACG_033,180
TCCTGACCACCCACTCCACG_034,119
TCCTGACCACCCACTCCACG_035,98
TCCTGACCACCCACTCCACG_036,106
TCCTGACCACCCACTCCACG_037,15
TCCTGACCACCCACTCCACG_038,38
TCCTGACCACCCACTCCACG_039,98
TCCTGACCACCCACTCCACG_040,4
TCCTGACCACCCACTCCACG_041,16
TCCTGACCACCCACTCCACG_042,117
TCCTGACCACCCACTCCACG_043,25
TCCTGACCACCCACTCCACG_044,111
TCCTGACCACCCACTCCACG_045,46
TCCTGACCACCCACTCCACG_046,3
TCCTGACCACCCACTCCACG_047,26
TCCTGACCACCCACTCCACG_048,147
TCCTGACCACCCACTCCACG_049,27
TCCTGACCACCCACTCCACG_050,113
TCCTGACCACCCACTCCACG_051,141
TCCTGACCACCCACTCCACG_052,177
TCCTGACCACCCACTCCACG_053,162
TCCTGACCACCCACTCCACG_054,131
TCCTGACCACCCACTCCACG_055,13
TCCTGACCACCCACTCCACG_056,90
TCCTGACCACCCACTCCACG_057,34
TCCTGACCACCCACTCCACG_058,105
TCCTGACCACCCACTCCACG_059,160
TCCTGACCACCCACTCCACG_060,130
TCCTGACCACCCACTCCACG_061,35
TCCTGACCACCCACTCCACG_062,172
TCCTGACCACCCACTCCACG_063,119
TCCTGACCACCCACTCCACG_064,12
TCCTGACCACCCACTCCACG_065,180
TCCTGACCACCCACTCCACG_066,37
TCCTGACCACCCACTCCACG_067,69
TCCTGACCACCCACTCCACG_068,48
TCCTGACCACCCACTCCACG_069,138
TCCTGACCACCCACTCCACG_070,144
TCCTGACCACCCACTCCACG_071,66
TCCTGACCACCCACTCCACG_072,74
TCCTGACCACCCACTCCACG_073,13
TCCTGACCACCCACTCCACG_074,172
TCCTGACCACCCACTCCACG_075,10
TCCTGACCACCCACTCCACG_076,10
TCCTGACCACCCACTCCACG_077,49
TCCTGACCACCCACTCCACG_078,4
TCCTGACCACCCACTCCACG_079,27
TCCTGACCACCCACTCCACG_080,109
TCCTGACCACCCACTCCACG_081,74
TCCTGACCACCCACTCCACG_082,65
TCCTGACCACCCACTCCACG_083,106
TCCTGACCACCCACTCCACG_084,47
TCCTGACCACCCACTCCACG_085,61
TCCTGACCACCCACTCCACG_086,144
TCCTGACCACCCACTCCACG_087,123
TCCTGACCACCCACTCCACG_088,56
TCCTGACCACCCACTCCACG_089,95
TCCTGACCACCCACTCCACG_090,184
TCCTGACCACCCACTCCACG_091,30
ACGAGCGCGCCGAGTTCGAG_001,75
ACGAGCGCGCCGAGTTCGAG_002,116
ACGAGCGCGCCGAGTTCGAG_003,15
ACGAGCGCGCCGAGTTCGAG_004,15
GTGTGGACTTACAATAACCG_001,38
GTGTGGACTTACAATAACCG_002,168
GTGTGGACTTACAATAACCG_003,79
TGTTCGCCGACGAGGCCTTG_001,88
TGTTCGCCGACGAGGCCTTG_002,182
TGTTCGCCGACGAGGCCTTG_003,174
TGTTCGCCGACGAGGCCTTG_004,171
TGTTCGCCGACGAGGCCTTG_005,163
TGTTCGCCGACGAGGCCTTG_006,79
TGTTCGCCGACGAGGCCTTG_007,3
TGTTCGCCGACGAGGCCTTG_008,173
ACGGCCTAATACACTGACGC_001,123
ACGGCCTAATACACTGACGC_002,88
ACGGCCTAATACACTGACGC_003,173
ACGGCCTAATACACTGACGC_004,20
ACGGCCTAATACACTGACGC_005,196
ACGGCCTAATACACTGACGC_006,36
ACGGCCTAATACACTGACGC_007,77
ACGGCCTAATACACTGACGC_008,95
ACGGCCTAATACACTGACGC_009,175
ACGGCCTAATACACTGACGC_010,53
ACGGCCTAATACACTGACGC_011,89
ATTTGAGCGTATTCTCTACG_001,194
ATTTGAGCGTATTCTCTACG_002,161
AAGGCCCGGCTCAACAGTCA_001,134
AAGGCCCGGCTCAACAGTCA_002,1
AAGGCCCGGCTCAACAGTCA_003,77
AAGGCCCGGCTCAACAGTCA_004,132
AAGGCCCGGCTCAACAGTCA_005,118
AAGGCCCGGCTCAACAGTCA_006,33
AAGGCCCGGCTCAACAGTCA_007,0
AAGGCCCGGCTCAACAGTCA_008,191
AAGGCCCGGCTCAACAGTCA_009,16
AAGGCCCGGCTCAACAGTCA_010,12
AAGGCCCGGCTCAACAGTCA_011,152
AAGGCCCGGCTCAACAGTCA_012,174
AAGGCCCGGCTCAACAGTCA_013,119
AAGGCCCGGCTCAACAGTCA_014,192
AAGGCCCGGCTCAACAGTCA_015,94
AAGGCCCGGCTCAACAGTCA_016,54
AAGGCCCGGCTCAACAGTCA_017,58
AAGGCCCGGCTCAACAGTCA_018,115
AAGGCCCGGCTCAACAGTCA_019,76
AAGGCCCGGCTCAACAGTCA_020,174
AAGGCCCGGCTCAACAGTCA_021,30
AAGGCCCGGCTCAACAGTCA_022,113
AAGGCCCGGCTCAACAGTCA_023,2
AAGGCCCGGCTCAACAGTCA_024,122
TGGGAAATGGAGTAAAACAA_001,193
TGGGAAATGGAGTAAAACAA_002,14
TCATGAGGAAGCAGTAATCG_001,83
TCATGAGGAAGCAGTAATCG_002,179
TCATGAGGAAGCAGTAATCG_003,176
TCATGAGGAAGCAGTAATCG_004,199
TCATGAGGAAGCAGTAATCG_005,127
TCATGAGGAAGCAGTAATCG_006,48
TCATGAGGAAGCAGTAATCG_007,131
TCATGAGGAAGCAGTAATCG_008,113
GGGAAGCTATTTCTTCCGCG_001,50
GGGAAGCTATTTCTTCCGCG_002,47
ATTGTGCGGGCATTGGAAGT_001,162
ATTGTGCGGGCATTGGAAGT_002,111
ATTGTGCGGGCATTGGAAGT_003,29
ATTGTGCGGGCATTGGAAGT_004,142
ATTGTGCGGGCATTGGAAGT_005,79
ATTGTGCGGGCATTGGAAGT_006,130
ATTGTGCGGGCATTGGAAGT_007,6
ATTGTGCGGGCATTGGAAGT_008,188
ATTGTGCGGGCATTGGAAGT_009,107
ATTGTGCGGGCATTGGAAGT_010,139
ATTGTGCGGGCATTGGAAGT_011,169
ATTGTGCGGGCATTGGAAGT_012,41
ATTGTGCGGGCATTGGAAGT_013,158
GGCCCTGGGGAGATTGTGAA_001,107
GGCCCTGGGGAGATTGTGAA_002,21
GGCCCTGGGGAGATTGTGAA_003,32
GGCCCTGGGGAGATTGTGAA_004,136
CATTGCGGATCGCTAGCTGC_001,42
CATTGCGGATCGCTAGCTGC_002,153
CATTGCGGATCGCTAGCTGC_003,19
CATTGCGGATCGCTAGCTGC_004,40
CATTGCGGATCGCTAGCTGC_005,11
CATTGCGGATCGCTAGCTGC_006,81
CATTGCGGATCGCTAGCTGC_007,175
CATTGCGGATCGCTAGCTGC_008,118
CATTGCGGATCGCTAGCTGC_009,66
CATTGCGGATCGCTAGCTGC_010,171
CATGGCAGTGTTTCATGACG_001,145
CATGGCAGTGTTTCATGACG_002,51
CATGGCAGTGTTTCATGACG_003,54
CATGGCAGTGTTTCATGACG_004,130
CATGGCAGTGTTTCATGACG_005,58
ACCAACCACATAGTCTGTGT_001,50
ACCAACCACATAGTCTGTGT_002,5
ACCAACCACATAGTCTGTGT_003,77
ACCAACCACATAGTCTGTGT_004,8
ACCAACCACATAGTCTGTGT_005,34
ACTAGACCAGCACAAGGTGT_001,47
ACTAGACCAGCACAAGGTGT_002,32
ACTAGACCAGCACAAGGTGT_003,19
ACTAGACCAGCACAAGGTGT_004,100
ACTAGACCAGCACAAGGTGT_005,32
ACTAGACCAGCACAAGGTGT_006,113
ACTAGACCAGCACAAGGTGT_007,85
ACTAGACCAGCACAAGGTGT_008,93
ACTAGACCAGCACAAGGTGT_009,134
ACTAGACCAGCACAAGGTGT_010,148
ACTAGACCAGCACAAGGTGT_011,137
ACTAGACCAGCACAAGGTGT_012,84
ACTAGACCAGCACAAGGTGT_013,157
ACTAGACCAGCACAAGGTGT_014,147
ACTAGACCAGCACAAGGTGT_015,63
ACTAGACCAGCACAAGGTGT_016,6
ACTAGACCAGCACAAGGTGT_017,2
ACTAGACCAGCACAAGGTGT_018,9
ACTAGACCAGCACAAGGTGT_019,28
GACATGCACGGTGTCCACGC_001,170
GACATGCACGGTGTCCACGC_002,115
GACATGCACGGTGTCCACGC_003,163
GACATGCACGGTGTCCACGC_004,1
GACATGCACGGTGTCCACGC_005,145
GACATGCACGGTGTCCACGC_006,169
GACATGCACGGTGTCCACGC_007,73
GACATGCACGGTGTCCACGC_008,49
GACATGCACGGTGTCCACGC_009,114
GACATGCACGGTGTCCACGC_010,51
GACATGCACGGTGTCCACGC_011,148
GACATGCACGGTGTCCACGC_012,60
GACATGCACGGTGTCCACGC_013,8
GACATGCACGGTGTCCACGC_014,110
GACATGCACGGTGTCCACGC_015,94
GACATGCACGGTGTCCACGC_016,144
GACATGCACGGTGTCCACGC_017,180
GACATGCACGGTGTCCACGC_018,137
GACATGCACGGTGTCCACGC_019,160
GACATGCACGGTGTCCACGC_020,9
GACATGCACGGTGTCCACGC_021,176
GACATGCACGGTGTCCACGC_022,8
GACATGCACGGTGTCCACGC_023,68
GACATGCACGGTGTCCACGC_024,135
GACATGCACGGTGTCCACGC_025,144
GACATGCACGGTGTCCACGC_026,70
AGTTGACAAGAGCCAACCTG_001,53
AGTTGACAAGAGCCAACCTG_002,121
AGTTGACAAGAGCCAACCTG_003,121
AGTTGACAAGAGCCAACCTG_004,50
AGTTGACAAGAGCCAACCTG_005,185
AGTTGACAAGAGCCAACCTG_006,83
AGTTGACAAGAGCCAACCTG_007,52
AGTTGACAAGAGCCAACCTG_008,56
AGTTGACAAGAGCCAACCTG_009,184
AGTTGACAAGAGCCAACCTG_010,28
AGTTGACAAGAGCCAACCTG_011,82
AGTTGACAAGAGCCAACCTG_012,8
AGTTGACAAGAGCCAACCTG_013,86
AGTTGACAAGAGCCAACCTG_014,107
AGTTGACAAGAGCCAACCTG_015,123
AGTTGACAAGAGCCAACCTG_016,187
AGTTGACAAGAGCCAACCTG_017,173
AGTTGACAAGAGCCAACCTG_018,68
AGTTGACAAGAGCCAACCTG_019,58
AGTTGACAAGAGCCAACCTG_020,147
AGTTGACAAGAGCCAACCTG_021,148
AGTTGACAAGAGCCAACCTG_022,88
AGTTGACAAGAGCCAACCTG_023,88
GGACGGGAGGCACATCGCAG_001,116
GGACGGGAGGCACATCGCAG_002,2
GGACGGGAGGCACATCGCAG_003,15
GGACGGGAGGCACATCGCAG_004,59
GGACGGGAGGCACATCGCAG_005,64
GGACGGGAGGCACATCGCAG_006,29
GGACGGGAGGCACATCGCAG_007,9
GGACGGGAGGCACATCGCAG_008,137
GGACGGGAGGCACATCGCAG_009,86
GGACGGGAGGCACATCGCAG_010,88
GGACGGGAGGCACATCGCAG_011,103
GGACGGGAGGCACATCGCAG_012,96
GGACGGGAGGCACATCGCAG_013,158
GGACGGGAGGCACATCGCAG_014,63
GGACGGGAGGCACATCGCAG_015,19
GGACGGGAGGCACATCGCAG_016,100
GGACGGGAGGCACATCGCAG_017,108
GGACGGGAGGCACATCGCAG_018,7
GGACGGGAGGCACATCGCAG_019,152
GGACGGGAGGCACATCGCAG_020,62
CAGATGTCCTAGTCTGCCGC_001,66
CAGATGTCCTAGTCTGCCGC_002,63
CAGATGTCCTAGTCTGCCGC_003,146
CAGATGTCCTAGTCTGCCGC_004,184
CAGATGTCCTAGTCTGCCGC_005,68
CAGATGTCCTAGTCTGCCGC_006,148
CAGATGTCCTAGTCTGCCGC_007,4
CAGATGTCCTAGTCTGCCGC_008,17
CAGATGTCCTAGTCTGCCGC_009,81
CAGATGTCCTAGTCTGCCGC_010,48
CAGATGTCCTAGTCTGCCGC_011,80
CAGATGTCCTAGTCTGCCGC_012,122
CAGATGTCCTAGTCTGCCGC_013,99
CAGATGTCCTAGTCTGCCGC_014,145
CAGATGTCCTAGTCTGCCGC_015,88
AAAAAGCTTTCTGCTAGGGG_001,75
AAGAACTACGTACGTGTAGT_001,174
GGTAGATGCTGCCTTCCGAG_001,69
GGTAGATGCTGCCTTCCGAG_002,126
GGTAGATGCTGCCTTCCGAG_003,37
GGAGAGAACCGACACATCGA_001,95
GGAGAGAACCGACACATCGA_002,170
GGAGAGAACCGACACATCGA_003,89
GGAGAGAACCGACACATCGA_004,157
GGAGAGAACCGACACATCGA_005,42
GGAGAGAACCGACACATCGA_006,77
GGAGAGAACCGACACATCGA_007,152
GGAGAGAACCGACACATCGA_008,192
GGAGAGAACCGACACATCGA_009,75
GGAGAGAACCGACACATCGA_010,134
GGAGAGAACCGACACATCGA_011,115
GGAGAGAACCGACACATCGA_012,46
GGAGAGAACCGACACATCGA_013,144
GGAGAGAACCGACACATCGA_014,145
GGAGAGAACCGACACATCGA_015,19
GGAGAGAACCGACACATCGA_016,193
GGAGAGAACCGACACATCGA_017,41
ACACGGGCCTCAGATGAGAG_001,68
ACACGGGCCTCAGATGAGAG_002,160
ACACGGGCCTCAGATGAGAG_003,179
ACACGGGCCTCAGATGAGAG_004,127
ACACGGGCCTCAGATGAGAG_005,34
ACACGGGCCTCAGATGAGAG_006,115
ACACGGGCCTCAGATGAGAG_007,159
AATTACATGAGTACTGACAG_001,62
AATTACATGAGTACTGACAG_002,11
AATTACATGAGTACTGACAG_003,191
AATTACATGAGTACTGACAG_004,57
AATTACATGAGTACTGACAG_005,104
AATTACATGAGTACTGACAG_006,187
AATTACATGAGTACTGACAG_007,184
AATTACATGAGTACTGACAG_008,107
AATTACATGAGTACTGACAG_009,29
AATTACATGAGTACTGACAG_010,52
GTTCATCCAATCACAGTGCA_001,14
GTTCATCCAATCACAGTGCA_002,40
GTTCATCCAATCACAGTGCA_003,97
GTTCATCCAATCACAGTGCA_004,64
GTTCATCCAATCACAGTGCA_005,18
GTTCATCCAATCACAGTGCA_006,111
GTTCATCCAATCACAGTGCA_007,147
GTTCATCCAATCACAGTGCA_008,50
GTTCATCCAATCACAGTGCA_009,122
GTTCATCCAATCACAGTGCA_010,171
GTTCATCCAATCACAGTGCA_011,171
GTTCATCCAATCACAGTGCA_012,116
GTTCATCCAATCACAGTGCA_013,10
GTTCATCCAATCACAGTGCA_014,96
GTTCATCCAATCACAGTGCA_015,190
GTTCATCCAATCACAGTGCA_016,165
TCCGGCAGGGGCTAGTAGTG_001,43
TCCGGCAGGGGCTAGTAGTG_002,138
TCCGGCAGGGGCTAGTAGTG_003,12
TCCGGCAGGGGCTAGTAGTG_004,53
TCCGGCAGGGGCTAGTAGTG_005,6
TCCGGCAGGGGCTAGTAGTG_006,199
TCCGGCAGGGGCTAGTAGTG_007,1
CTGATCCAGGATGAATCCCG_001,194
CTGATCCAGGATGAATCCCG_002,189
CTGATCCAGGATGAATCCCG_003,125
CTGATCCAGGATGAATCCCG_004,157
CTGATCCAGGATGAATCCCG_005,121
CTGATCCAGGATGAATCCCG_006,169
CTGATCCAGGATGAATCCCG_007,14
CTGATCCAGGATGAATCCCG_008,190
CTGATCCAGGATGAATCCCG_009,187
CTGATCCAGGATGAATCCCG_010,154
CTGATCCAGGATGAATCCCG_011,173
AAACTGACATCGGAAGCAAG_001,80
AAACTGACATCGGAAGCAAG_002,117
AAACTGACATCGGAAGCAAG_003,76
AAACTGACATCGGAAGCAAG_004,185
AAACTGACATCGGAAGCAAG_005,86
AAACTGACATCGGAAGCAAG_006,140
AAACTGACATCGGAAGCAAG_007,67
AAACTGACATCGGAAGCAAG_008,176
AAACTGACATCGGAAGCAAG_009,129
AAACTGACATCGGAAGCAAG_010,65
AAACTGACATCGGAAGCAAG_011,145
AAACTGACATCGGAAGCAAG_012,9
AAACTGACATCGGAAGCAAG_013,169
AAACTGACATCGGAAGCAAG_014,2
AAACTGACATCGGAAGCAAG_015,149
AAACTGACATCGGAAGCAAG_016,94
TTCTTTGGAAGACGAATGGG_001,42
TTCTTTGGAAGACGAATGGG_002,1
TTCTTTGGAAGACGAATGGG_003,72
TTCTTTGGAAGACGAATGGG_004,149
TTCTTTGGAAGACGAATGGG_005,178
TTCTTTGGAAGACGAATGGG_006,54
TTCTTTGGAAGACGAATGGG_007,81
TTCTTTGGAAGACGAATGGG_008,60
TTCTTTGGAAGACGAATGGG_009,140
TTCTTTGGAAGACGAATGGG_010,111
TTCTTTGGAAGACGAATGGG_011,142
TTCTTTGGAAGACGAATGGG_012,46
CATGAAGCTGCATGACCGCG_001,100
CATGAAGCTGCATGACCGCG_002,65
CATGAAGCTGCATGACCGCG_003,138
CATGAAGCTGCATGACCGCG_004,188
CATGAAGCTGCATGACCGCG_005,78
CAAGAACTTGTTAACCTCCG_001,77
CAAGAACTTGTTAACCTCCG_002,193
CAAGAACTTGTTAACCTCCG_003,62
CAAGAACTTGTTAACCTCCG_004,58
CAAGAACTTGTTAACCTCCG_005,3
CAAGAACTTGTTAACCTCCG_006,85
CAAGAACTTGTTAACCTCCG_007,163
CAAGAACTTGTTAACCTCCG_008,15
CAAGAACTTGTTAACCTCCG_009,70
GGCATCGAATAGCCCAAGGA_001,195
GGCATCGAATAGCCCAAGGA_002,2
GGCATCGAATAGCCCAAGGA_003,140
GGCATCGAATAGCCCAAGGA_004,112
GGCATCGAATAGCCCAAGGA_005,137
GGCATCGAATAGCCCAAGGA_006,117
GGCATCGAATAGCCCAAGGA_007,87
GGCATCGAATAGCCCAAGGA_008,184
GGCATCGAATAGCCCAAGGA_009,184
TGGTTGTTGCCGAGTGTGGG_001,132
TGGTTGTTGCCGAGTGTGGG_002,5
TGGTTGTTGCCGAGTGTGGG_003,54
TGGTTGTTGCCGAGTGTGGG_004,163
TGGTTGTTGCCGAGTGTGGG_005,163
TGGTTGTTGCCGAGTGTGGG_006,146
TGGTTGTTGCCGAGTGTGGG_007,175
TGGTTGTTGCCGAGTGTGGG_008,40
TGGTTGTTGCCGAGTGTGGG_009,198
TGGTTGTTGCCGAGTGTGGG_010,77
TGGTTGTTGCCGAGTGTGGG_011,154
TGGTTGTTGCCGAGTGTGGG_012,174
TGGTTGTTGCCGAGTGTGGG_013,91
TGGTTGTTGCCGAGTGTGGG_014,82
TGGTTGTTGCCGAGTGTGGG_015,142
TGGTTGTTGCCGAGTGTGGG_016,96
TGGTTGTTGCCGAGTGTGGG_017,24
TGGTTGTTGCCGAGTGTGGG_018,63
TGGTTGTTGCCGAGTGTGGG_019,47
TGGTTGTTGCCGAGTGTGGG_020,10
TGGTTGTTGCCGAGTGTGGG_021,9
TCATAATTAACACACATCAG_001,105
TCATAATTAACACACATCAG_002,20
TCATAATTAACACACATCAG_003,34
TCATAATTAACACACATCAG_004,195
TCATAATTAACACACATCAG_005,54
TCATAATTAACACACATCAG_006,40
TCATAATTAACACACATCAG_007,29
TCATAATTAACACACATCAG_008,72
TCATAATTAACACACATCAG_009,194
TCATAATTAACACACATCAG_010,40
TGGCCACCGACTTTCTCCAG_001,182
TGGCCACCGACTTTCTCCAG_002,122
TGGCCACCGACTTTCTCCAG_003,154
TGGGAACGGCTCGTCAGAGG_001,69
TGGGAACGGCTCGTCAGAGG_002,30
TGGGAACGGCTCGTCAGAGG_003,170
TGGGAACGGCTCGTCAGAGG_004,97
TGGGAACGGCTCGTCAGAGG_005,168
TGGGAACGGCTCGTCAGAGG_006,102
TGGGAACGGCTCGTCAGAGG_007,147
TGGGAACGGCTCGTCAGAGG_008,125
TGGGAACGGCTCGTCAGAGG_009,182
TGGCCATTCTAGTGATCCAA_001,26
TGGCCATTCTAGTGATCCAA_002,176
TGGCCATTCTAGTGATCCAA_003,0
TGGCCATTCTAGTGATCCAA_004,33
GAGGGGACAGGATCATGGCT_001,124
GAGGGGACAGGATCATGGCT_002,44
GAGGGGACAGGATCATGGCT_003,82
GAGGGGACAGGATCATGGCT_004,52
GAGGGGACAGGATCATGGCT_005,29
TGAGAAAGCTGGACCTATAT_001,29
TGAGAAAGCTGGACCTATAT_002,17
TGAGAAAGCTGGACCTATAT_003,183
TGAGAAAGCTGGACCTATAT_004,15
TGAGAAAGCTGGACCTATAT_005,49
TGAGAAAGCTGGACCTATAT_006,169
TGAGAAAGCTGGACCTATAT_007,149
TGAGAAAGCTGGACCTATAT_008,137
TGAGAAAGCTGGACCTATAT_009,56
TGAGAAAGCTGGACCTATAT_010,97
TGAGAAAGCTGGACCTATAT_011,162
TGAGAAAGCTGGACCTATAT_012,132
TGAGAAAGCTGGACCTATAT_013,163
TGAGAAAGCTGGACCTATAT_014,71
TGAGAAAGCTGGACCTATAT_015,100
TGAGAAAGCTGGACCTATAT_016,80
TGAGAAAGCTGGACCTATAT_017,196
GGGCACTAAGTTTCCTAGCG_001,166
GGGCACTAAGTTTCCTAGCG_002,150
GGGCACTAAGTTTCCTAGCG_003,159
GGGCACTAAGTTTCCTAGCG_004,139
GGGCACTAAGTTTCCTAGCG_005,81
GGGCACTAAGTTTCCTAGCG_006,108
GGGCACTAAGTTTCCTAGCG_007,108
CCCAGGAATAGCTGTCACTC_001,102
CCCAGGAATAGCTGTCACTC_002,184
CCCAGGAATAGCTGTCACTC_003,43
CCCAGGAATAGCTGTCACTC_004,157
CCCAGGAATAGCTGTCACTC_005,199
CCCAGGAATAGCTGTCACTC_006,15
TGCAAAGGATACCCCTGATG_001,2
AGCCGGTGATGGTCCCACGC_001,43
AGCCGGTGATGGTCCCACGC_002,136
AGCCGGTGATGGTCCCACGC_003,152
AGCCGGTGATGGTCCCACGC_004,7
AGCCGGTGATGGTCCCACGC_005,41
AGCCGGTGATGGTCCCACGC_006,161
AGCCGGTGATGGTCCCACGC_007,41
AGCCGGTGATGGTCCCACGC_008,64
AGCCGGTGATGGTCCCACGC_009,8
AGCCGGTGATGGTCCCACGC_010,186
AGCCGGTGATGGTCCCACGC_011,9
AGCCGGTGATGGTCCCACGC_012,23
AGCCGGTGATGGTCCCACGC_013,112
AGCCGGTGATGGTCCCACGC_014,197
AGCCGGTGATGGTCCCACGC_015,150
AGCCGGTGATGGTCCCACGC_016,155
AGCCGGTGATGGTCCCACGC_017,162
AGCCGGTGATGGTCCCACGC_018,146
AGCCGGTGATGGTCCCACGC_019,182
AGCCGGTGATGGTCCCACGC_020,28
AGCCGGTGATGGTCCCACGC_021,178
CCTGGACATAGTCCTTGACA_001,1
CCTGGACATAGTCCTTGACA_002,144
GTCCAGGAGCCTAATGACGC_001,78
GTCCAGGAGCCTAATGACGC_002,188
GTCCAGGAGCCTAATGACGC_003,38
GTCCAGGAGCCTAATGACGC_004,50
GTCCAGGAGCCTAATGACGC_005,4
GTCCAGGAGCCTAATGACGC_006,34
GTCCAGGAGCCTAATGACGC_007,78
GTCCAGGAGCCTAATGACGC_008,147
GTCCAGGAGCCTAATGACGC_009,160
GTCCAGGAGCCTAATGACGC_010,149
GTCCAGGAGCCTAATGACGC_011,172
GTCCAGGAGCCTAATGACGC_012,141
GTCCAGGAGCCTAATGACGC_013,36
GTCCAGGAGCCTAATGACGC_014,48
GTCCAGGAGCCTAATGACGC_015,59
GTCCAGGAGCCTAATGACGC_016,134
GTCCAGGAGCCTAATGACGC_017,192
GTCGAGGACAGCGAGCCTGG_001,8
GTCGAGGACAGCGAGCCTGG_002,106
GTCGAGGACAGCGAGCCTGG_003,198
GTCGAGGACAGCGAGCCTGG_004,198
GTCGAGGACAGCGAGCCTGG_005,79
GTCGAGGACAGCGAGCCTGG_006,192
GTCGAGGACAGCGAGCCTGG_007,139
GTCGAGGACAGCGAGCCTGG_008,154
GTCGAGGACAGCGAGCCTGG_009,101
GTCGAGGACAGCGAGCCTGG_010,75
GTCGAGGACAGCGAGCCTGG_011,137
TGATCGAAAGAAAGTCACAG_001,147
TGATCGAAAGAAAGTCACAG_002,142
TGATCGAAAGAAAGTCACAG_003,1
TGATCGAAAGAAAGTCACAG_004,17
TGATCGAAAGAAAGTCACAG_005,76
TGATCGAAAGAAAGTCACAG_006,62
TGATCGAAAGAAAGTCACAG_007,26
TGATCGAAAGAAAGTCACAG_008,147
TGATCGAAAGAAAGTCACAG_009,111
TGATCGAAAGAAAGTCACAG_010,169
TGATCGAAAGAAAGTCACAG_011,113
TGATCGAAAGAAAGTCACAG_012,14
TGATCGAAAGAAAGTCACAG_013,35
TGATCGAAAGAAAGTCACAG_014,37
AATGGGGCCAAACACAAGGG_001,129
AATGGGGCCAAACACAAGGG_002,127
AATGGGGCCAAACACAAGGG_003,190
AATGGGGCCAAACACAAGGG_004,76
AATGGGGCCAAACACAAGGG_005,158
AATGGGGCCAAACACAAGGG_006,178
AATGGGGCCAAACACAAGGG_007,188
AATGGGGCCAAACACAAGGG_008,87
AATGGGGCCAAACACAAGGG_009,74
AATGGGGCCAAACACAAGGG_010,147
AATGGGGCCAAACACAAGGG_011,83
AATGGGGCCAAACACAAGGG_012,5
AATGGGGCCAAACACAAGGG_013,82
AATGGGGCCAAACACAAGGG_014,70
AATGGGGCCAAACACAAGGG_015,17
AATGGGGCCAAACACAAGGG_016,121
AATGGGGCCAAACACAAGGG_017,182
AATGGGGCCAAACACAAGGG_018,29
AATGGGGCCAAACACAAGGG_019,43
AATGGGGCCAAACACAAGGG_020,74
AATGGGGCCAAACACAAGGG_021,2
AATGGGGCCAAACACAAGGG_022,190
AATGGGGCCAAACACAAGGG_023,76
AATGGGGCCAAACACAAGGG_024,183
GGCATCCGCGTAACCATCTG_001,149
GGCATCCGCGTAACCATCTG_002,160
GGCATCCGCGTAACCATCTG_003,113
GGCATCCGCGTAACCATCTG_004,160
GGCATCCGCGTAACCATCTG_005,127
GGCATCCGCGTAACCATCTG_006,83
GGCATCCGCGTAACCATCTG_007,132
GGCATCCGCGTAACCATCTG_008,149
GGCATCCGCGTAACCATCTG_009,5
GGCATCCGCGTAACCATCTG_010,165
GGCATCCGCGTAACCATCTG_011,17
GGCATCCGCGTAACCATCTG_012,191
GGCATCCGCGTAACCATCTG_013,86
GGCATCCGCGTAACCATCTG_014,8
GGCATCCGCGTAACCATCTG_015,175
GGCATCCGCGTAACCATCTG_016,184
GGCATCCGCGTAACCATCTG_017,180
GGCATCCGCGTAACCATCTG_018,80
ACACACAGTCTTACCAGCCA_001,155
ACACACAGTCTTACCAGCCA_002,188
ACACACAGTCTTACCAGCCA_003,85
ACACACAGTCTTACCAGCCA_004,6
ACACACAGTCTTACCAGCCA_005,146
ACACACAGTCTTACCAGCCA_006,73
ACACACAGTCTTACCAGCCA_007,45
ACACACAGTCTTACCAGCCA_008,83
ACACACAGTCTTACCAGCCA_009,178
ACACACAGTCTTACCAGCCA_010,199
ACACACAGTCTTACCAGCCA_011,158
ACACACAGTCTTACCAGCCA_012,29
ACACACAGTCTTACCAGCCA_013,37
ACACACAGTCTTACCAGCCA_014,60
ACACACAGTCTTACCAGCCA_015,162
ACACACAGTCTTACCAGCCA_016,17
ACACACAGTCTTACCAGCCA_017,137
ACACACAGTCTTACCAGCCA_018,147
ACACACAGTCTTACCAGCCA_019,15
GACACCGTTGGGATGAACTA_001,113
GACACCGTTGGGATGAACTA_002,149
GACACCGTTGGGATGAACTA_003,88
GACACCGTTGGGATGAACTA_004,82
GACACCGTTGGGATGAACTA_005,121
GACACCGTTGGGATGAACTA_006,156
GACACCGTTGGGATGAACTA_007,146
GACACCGTTGGGATGAACTA_008,184
GACACCGTTGGGATGAACTA_009,24
GACACCGTTGGGATGAACTA_010,80
GACACCGTTGGGATGAACTA_011,45
GACACCGTTGGGATGAACTA_012,54
GACACCGTTGGGATGAACTA_013,139
GACACCGTTGGGATGAACTA_014,94
GACACCGTTGGGATGAACTA_015,138
GACACCGTTGGGATGAACTA_016,94
GACACCGTTGGGATGAACTA_017,66
GACACCGTTGGGATGAACTA_018,197
GTCGCCATGGGAAGAGCGGT_001,43
GTCGCCATGGGAAGAGCGGT_002,194
GTCGCCATGGGAAGAGCGGT_003,194
GTCGCCATGGGAAGAGCGGT_004,73
GTCGCCATGGGAAGAGCGGT_005,191
GTCGCCATGGGAAGAGCGGT_006,54
GTCGCCATGGGAAGAGCGGT_007,147
GTCGCCATGGGAAGAGCGGT_008,132
GTCGCCATGGGAAGAGCGGT_009,182
GTCGCCATGGGAAGAGCGGT_010,78
GTCGCCATGGGAAGAGCGGT_011,184
GTCGCCATGGGAAGAGCGGT_012,81
GTCGCCATGGGAAGAGCGGT_013,102
GTCGCCATGGGAAGAGCGGT_014,138
GTCGCCATGGGAAGAGCGGT_015,11
GTCGCCATGGGAAGAGCGGT_016,48
GTCGCCATGGGAAGAGCGGT_017,149
AAATATGCTGCATAGACTAC_001,75
AAATATGCTGCATAGACTAC_002,187
AAATATGCTGCATAGACTAC_003,144
AAATATGCTGCATAGACTAC_004,127
ATTTGATACGACGATAGCTG_001,140
TCCACAGTCAGGTTATACCA_001,48
TCCACAGTCAGGTTATACCA_002,60
TCCACAGTCAGGTTATACCA_003,166
TCCACAGTCAGGTTATACCA_004,19
TCCACAGTCAGGTTATACCA_005,94
TCCACAGTCAGGTTATACCA_006,127
TCCACAGTCAGGTTATACCA_007,48
CACTTACAGAGTCATGGGTG_001,72
CACTTACAGAGTCATGGGTG_002,118
CACTTACAGAGTCATGGGTG_003,62
CACTTACAGAGTCATGGGTG_004,148
CACTTACAGAGTCATGGGTG_005,107
AAATAGTTGCAACAAAAGAG_001,19
AAATAGTTGCAACAAAAGAG_002,12
AAATAGTTGCAACAAAAGAG_003,63
CCTGGACAACAATCACCACA_001,50
CCTGGACAACAATCACCACA_002,105
CCTGGACAACAATCACCACA_003,121
CCTGGACAACAATCACCACA_004,62
CCTGGACAACAATCACCACA_005,16
CCTGGACAACAATCACCACA_006,81
CCTGGACAACAATCACCACA_007,44
CCTGGACAACAATCACCACA_008,81
CCTGGACAACAATCACCACA_009,125
CCTGGACAACAATCACCACA_010,199
TCCGGTTCAAGGAGAAACAT_001,129
TCCGGTTCAAGGAGAAACAT_002,17
TCCGGTTCAAGGAGAAACAT_003,7
TCCGGTTCAAGGAGAAACAT_004,50
TCCGGTTCAAGGAGAAACAT_005,72
TCCGGTTCAAGGAGAAACAT_006,33
GGATTTGTCGCTTGCCACAC_001,9
GGATTTGTCGCTTGCCACAC_002,119
GGATTTGTCGCTTGCCACAC_003,4
GGATTTGTCGCTTGCCACAC_004,175
GGATTTGTCGCTTGCCACAC_005,160
GGATTTGTCGCTTGCCACAC_006,193
GGATTTGTCGCTTGCCACAC_007,129
GGATTTGTCGCTTGCCACAC_008,54
CTGCGCGACTTCCCGGCCTG_001,5
CTGCGCGACTTCCCGGCCTG_002,164
CTGCGCGACTTCCCGGCCTG_003,188
ATGAGCACGTTGTAACGCAG_001,31
ATGAGCACGTTGTAACGCAG_002,77
ATGAGCACGTTGTAACGCAG_003,144
ATGAGCACGTTGTAACGCAG_004,67
ATGAGCACGTTGTAACGCAG_005,127
ATGAGCACGTTGTAACGCAG_006,156
ATGAGCACGTTGTAACGCAG_007,156
ATGAGCACGTTGTAACGCAG_008,176
ATGAGCACGTTGTAACGCAG_009,70
ATGAGCACGTTGTAACGCAG_010,182
ATGAGCACGTTGTAACGCAG_011,105
ATGAGCACGTTGTAACGCAG_012,115
ATGAGCACGTTGTAACGCAG_013,108
AACCCGCATGAGCATTTGGG_001,2
AACCCGCATGAGCATTTGGG_002,43
AACCCGCATGAGCATTTGGG_003,1
AACCCGCATGAGCATTTGGG_004,41
AACCCGCATGAGCATTTGGG_005,87
AACCCGCATGAGCATTTGGG_006,160
AACCCGCATGAGCATTTGGG_007,161
AACCCGCATGAGCATTTGGG_008,8
AACCCGCATGAGCATTTGGG_009,173
AACCCGCATGAGCATTTGGG_010,173
AACCCGCATGAGCATTTGGG_011,62
AACCCGCATGAGCATTTGGG_012,70
AACCCGCATGAGCATTTGGG_013,37
GATGCTGCTCTCGAATAAGT_001,10
GATGCTGCTCTCGAATAAGT_002,175
AGCATCTAATAACTACGGGA_001,147
AGCATCTAATAACTACGGGA_002,88
AGCATCTAATAACTACGGGA_003,105
AGCATCTAATAACTACGGGA_004,189
AGCATCTAATAACTACGGGA_005,56
CCTGGGAAGCGAAGAAGAGG_001,94
CCTGGGAAGCGAAGAAGAGG_002,120
CCTGGGAAGCGAAGAAGAGG_003,35
CCTGGGAAGCGAAGAAGAGG_004,41
CCTGGGAAGCGAAGAAGAGG_005,140
CCTGGGAAGCGAAGAAGAGG_006,172
CCTGGGAAGCGAAGAAGAGG_007,76
CCTGGGAAGCGAAGAAGAGG_008,61
CCTGGGAAGCGAAGAAGAGG_009,59
GACGTGGTAGTTTATTACTG_001,137
GACGTGGTAGTTTATTACTG_002,75
GACGTGGTAGTTTATTACTG_003,104
GACGTGGTAGTTTATTACTG_004,174
GACGTGGTAGTTTATTACTG_005,178
GACGTGGTAGTTTATTACTG_006,80
TGTACCCAACGATTTGCAGA_001,8
TGTACCCAACGATTTGCAGA_002,153
TGTACCCAACGATTTGCAGA_003,1
GAAAACATGGGGTTTCGAGT_001,49
GAAAACATGGGGTTTCGAGT_002,170
GAAAACATGGGGTTTCGAGT_003,19
GAAAACATGGGGTTTCGAGT_004,35
GAAAACATGGGGTTTCGAGT_005,102
AATGAATCCAAACACAACTG_001,78
AATGAATCCAAACACAACTG_002,56
AATGAATCCAAACACAACTG_003,48
AATGAATCCAAACACAACTG_004,1
AATGAATCCAAACACAACTG_005,76
AGAGGTGGCACAACAATATG_001,62
AGAGGTGGCACAACAATATG_002,107
AGAGGTGGCACAACAATATG_003,35
AGAGGTGGCACAACAATATG_004,69
AGAGGTGGCACAACAATATG_005,167
AGAGGTGGCACAACAATATG_006,77
AGAGGTGGCACAACAATATG_007,104
AGAGGTGGCACAACAATATG_008,162
AGAGGTGGCACAACAATATG_009,115
AGAGGTGGCACAACAATATG_010,54
CCAGGGTCTGCACGTCAGTG_001,49
CCAGGGTCTGCACGTCAGTG_002,122
CCAGGGTCTGCACGTCAGTG_003,121
CCAGGGTCTGCACGTCAGTG_004,183
CCAGGGTCTGCACGTCAGTG_005,47
CCAGGGTCTGCACGTCAGTG_006,91
CCAGGGTCTGCACGTCAGTG_007,68
CCAGGGTCTGCACGTCAGTG_008,98
CCAGGGTCTGCACGTCAGTG_009,183
CCAGGGTCTGCACGTCAGTG_010,4
CCAGGGTCTGCACGTCAGTG_011,49
CCAGGGTCTGCACGTCAGTG_012,183
CCAGGGTCTGCACGTCAGTG_013,43
CCAGGGTCTGCACGTCAGTG_014,149
CCAGGGTCTGCACGTCAGTG_015,63
CCAGGGTCTGCACGTCAGTG_016,113
TCATACAGGTCATCGCTGAA_001,188
TCATACAGGTCATCGCTGAA_002,76
TCATACAGGTCATCGCTGAA_003,10
TCATACAGGTCATCGCTGAA_004,113
TCATACAGGTCATCGCTGAA_005,11
TCATACAGGTCATCGCTGAA_006,11
TCATACAGGTCATCGCTGAA_007,4
TCATACAGGTCATCGCTGAA_008,165
TCATACAGGTCATCGCTGAA_009,97
ACACCTGCAGTATCCACCTA_001,184
ACACCTGCAGTATCCACCTA_002,28
ACACCTGCAGTATCCACCTA_003,122
ACAGAATATCAAGCTACACA_001,15
ACAGAATATCAAGCTACACA_002,84
AGGGCGCGGACGAGTCAAAG_001,152
AGGGCGCGGACGAGTCAAAG_002,106
AGGGCGCGGACGAGTCAAAG_003,156
AGGGCGCGGACGAGTCAAAG_004,115
AGGGCGCGGACGAGTCAAAG_005,174
CAAGCGTGAGAAACTCCTAG_001,51
CAAGCGTGAGAAACTCCTAG_002,146
CAAGCGTGAGAAACTCCTAG_003,179
CAAGCGTGAGAAACTCCTAG_004,73
CAAGCGTGAGAAACTCCTAG_005,31
CAAGCGTGAGAAACTCCTAG_006,159
CAAGCGTGAGAAACTCCTAG_007,187
TGCCAGACAACAGAATAGGG_001,182
TGCCAGACAACAGAATAGGG_002,86
TGCCAGACAACAGAATAGGG_003,0
TGCCAGACAACAGAATAGGG_004,105
TGCCAGACAACAGAATAGGG_005,17
TGCCAGACAACAGAATAGGG_006,199
TGCCAGACAACAGAATAGGG_007,145
TGCCAGACAACAGAATAGGG_008,150
TGCCAGACAACAGAATAGGG_009,19
TGCCAGACAACAGAATAGGG_010,102
TGCCAGACAACAGAATAGGG_011,165
TGCCAGACAACAGAATAGGG_012,68
TGCCAGACAACAGAATAGGG_013,115
TGCCAGACAACAGAATAGGG_014,115
CAGAAGTGGACATCAGTGTG_001,56
CAGAAGTGGACATCAGTGTG_002,96
CAGAAGTGGACATCAGTGTG_003,127
CAGAAGTGGACATCAGTGTG_004,94
CAGAAGTGGACATCAGTGTG_005,197
CAGAAGTGGACATCAGTGTG_006,184
CAGAAGTGGACATCAGTGTG_007,79
CAGAAGTGGACATCAGTGTG_008,26
TTAAACACATTACTAAGCTG_001,81
TTAAACACATTACTAAGCTG_002,77
CACAGTGTGGGAGCAATGCG_001,12
CACAGTGTGGGAGCAATGCG_002,60
CACAGTGTGGGAGCAATGCG_003,46
CACAGTGTGGGAGCAATGCG_004,150
TAACTAAAGAGCAAAATCCT_001,68
TAACTAAAGAGCAAAATCCT_002,55
TAACTAAAGAGCAAAATCCT_003,76
TAACTAAAGAGCAAAATCCT_004,57
TAACTAAAGAGCAAAATCCT_005,125
TAACTAAAGAGCAAAATCCT_006,164
TAACTAAAGAGCAAAATCCT_007,164
GACCAGTGTCCATGGAACGG_001,88
GACCAGTGTCCATGGAACGG_002,172
GACCAGTGTCCATGGAACGG_003,118
GACCAGTGTCCATGGAACGG_004,62
GACCAGTGTCCATGGAACGG_005,163
TGTTCTGTGACAGACACCCA_001,102
TGTTCTGTGACAGACACCCA_002,48
TGTTCTGTGACAGACACCCA_003,118
TGTTCTGTGACAGACACCCA_004,102
TGTTCTGTGACAGACACCCA_005,64
TGTTCTGTGACAGACACCCA_006,82
TGTTCTGTGACAGACACCCA_007,187
TGTTCTGTGACAGACACCCA_008,34
TGTTCTGTGACAGACACCCA_009,49
GTAGTCCCTACAATGGCACA_001,157
GTAGTCCCTACAATGGCACA_002,0
GTAGTCCCTACAATGGCACA_003,1
GTAGTCCCTACAATGGCACA_004,16
GTAGTCCCTACAATGGCACA_005,65
GTAGTCCCTACAATGGCACA_006,78
GTAGTCCCTACAATGGCACA_007,187
GTAGTCCCTACAATGGCACA_008,141
GTAGTCCCTACAATGGCACA_009,39
GTAGTCCCTACAATGGCACA_010,88
GTAGTCCCTACAATGGCACA_011,190
GTAGTCCCTACAATGGCACA_012,83
GTAGTCCCTACAATGGCACA_013,9
GTAGTCCCTACAATGGCACA_014,3
GTAGTCCCTACAATGGCACA_015,125
GTAGTCCCTACAATGGCACA_016,108
GTAGTCCCTACAATGGCACA_017,8
GTAGTCCCTACAATGGCACA_018,13
GTAGTCCCTACAATGGCACA_019,31
GTAGTCCCTACAATGGCACA_020,61
GTAGTCCCTACAATGGCACA_021,168
GTAGTCCCTACAATGGCACA_022,60
GTAGTCCCTACAATGGCACA_023,144
GTAGTCCCTACAATGGCACA_024,33
GCAAACAGTGTGATGAACTG_001,97
GCAAACAGTGTGATGAACTG_002,81
GCAAACAGTGTGATGAACTG_003,118
GCAAACAGTGTGATGAACTG_004,191
GCAAACAGTGTGATGAACTG_005,6
GCAAACAGTGTGATGAACTG_006,72
GCAAACAGTGTGATGAACTG_007,52
GCAAACAGTGTGATGAACTG_008,102
GCAAACAGTGTGATGAACTG_009,81
GCAAACAGTGTGATGAACTG_010,199
GCAAACAGTGTGATGAACTG_011,105
GCAAACAGTGTGATGAACTG_012,19
GCAAACAGTGTGATGAACTG_013,2
GCAAACAGTGTGATGAACTG_014,134
GCAAACAGTGTGATGAACTG_015,70
GCAAACAGTGTGATGAACTG_016,50
GCAAACAGTGTGATGAACTG_017,144
GCAAACAGTGTGATGAACTG_018,149
GCAAACAGTGTGATGAACTG_019,188
GCAAACAGTGTGATGAACTG_020,63
GCAAACAGTGTGATGAACTG_021,152
GCAAACAGTGTGATGAACTG_022,150
GCAAACAGTGTGATGAACTG_023,125
GCAAACAGTGTGATGAACTG_024,0
GCAAACAGTGTGATGAACTG_025,161
GCAAACAGTGTGATGAACTG_026,108
GCAAACAGTGTGATGAACTG_027,148
GCAAACAGTGTGATGAACTG_028,198
GCAAACAGTGTGATGAACTG_029,92
ATGTAAGGGTGGTAGACGGA_001,119
GAAGCCGCTGATGCTTGACA_001,169
GAAGCCGCTGATGCTTGACA_002,160
GAAGCCGCTGATGCTTGACA_003,160
GAAGCCGCTGATGCTTGACA_004,183
GAAGCCGCTGATGCTTGACA_005,155
GAAGCCGCTGATGCTTGACA_006,126
GAAGCCGCTGATGCTTGACA_007,165
GAAGCCGCTGATGCTTGACA_008,66
GGACTCATGATGATCACGTG_001,15
GGACTCATGATGATCACGTG_002,192
GGACTCATGATGATCACGTG_003,82
GGACTCATGATGATCACGTG_004,141
GGACTCATGATGATCACGTG_005,48
GGACTCATGATGATCACGTG_006,50
GGACTCATGATGATCACGTG_007,23
GGACTCATGATGATCACGTG_008,137
GGACTCATGATGATCACGTG_009,86
GGACTCATGATGATCACGTG_010,187
GCATGGTGAAAACTATAGTG_001,119
GCATGGTGAAAACTATAGTG_002,46
GCATGGTGAAAACTATAGTG_003,29
GCATGGTGAAAACTATAGTG_004,16
GCATGGTGAAAACTATAGTG_005,55
GCATGGTGAAAACTATAGTG_006,197
GCATGGTGAAAACTATAGTG_007,71
GCATGGTGAAAACTATAGTG_008,183
GCATGGTGAAAACTATAGTG_009,98
GCATGGTGAAAACTATAGTG_010,30
GCATGGTGAAAACTATAGTG_011,61
GCATGGTGAAAACTATAGTG_012,74
GCATGGTGAAAACTATAGTG_013,174
GCATGGTGAAAACTATAGTG_014,13
GCATGGTGAAAACTATAGTG_015,88
GCATGGTGAAAACTATAGTG_016,44
GCATGGTGAAAACTATAGTG_017,169
GCATGGTGAAAACTATAGTG_018,127
GCATGGTGAAAACTATAGTG_019,136
GCATGGTGAAAACTATAGTG_020,183
GCATGGTGAAAACTATAGTG_021,158
TGTCGGCTCGCTATGCCATG_001,97
TGTCGGCTCGCTATGCCATG_002,198
TGTCGGCTCGCTATGCCATG_003,168
TGTCGGCTCGCTATGCCATG_004,80
TGTCGGCTCGCTATGCCATG_005,36
TGTCGGCTCGCTATGCCATG_006,118
TGTCGGCTCGCTATGCCATG_007,107
TGTCGGCTCGCTATGCCATG_008,140
TGTCGGCTCGCTATGCCATG_009,4
TGTCGGCTCGCTATGCCATG_010,87
TGTCGGCTCGCTATGCCATG_011,6
TGTCGGCTCGCTATGCCATG_012,83
TGTCGGCTCGCTATGCCATG_013,127
TGTCGGCTCGCTATGCCATG_014,29
TGTCGGCTCGCTATGCCATG_015,104
TGTCGGCTCGCTATGCCATG_016,51
TGTCGGCTCGCTATGCCATG_017,140
TGTCGGCTCGCTATGCCATG_018,29
TGTCGGCTCGCTATGCCATG_019,74
TGTCGGCTCGCTATGCCATG_020,98
TGTCGGCTCGCTATGCCATG_021,184
TGTCGGCTCGCTATGCCATG_022,70
TGTCGGCTCGCTATGCCATG_023,52
GCCACATTAGAGGACAACAC_001,166
GCCACATTAGAGGACAACAC_002,191
GCCACATTAGAGGACAACAC_003,77
GCCACATTAGAGGACAACAC_004,99
AGGTAGACGACCCTGACTTG_001,128
AGGTAGACGACCCTGACTTG_002,68
AGGTAGACGACCCTGACTTG_003,35
AGGTAGACGACCCTGACTTG_004,41
AGGTAGACGACCCTGACTTG_005,83
AGGTAGACGACCCTGACTTG_006,66
AGGTAGACGACCCTGACTTG_007,139
AGGTAGACGACCCTGACTTG_008,85
AGGTAGACGACCCTGACTTG_009,41
AGGTAGACGACCCTGACTTG_010,148
AGGTAGACGACCCTGACTTG_011,57
AGGTAGACGACCCTGACTTG_012,87
AGGTAGACGACCCTGACTTG_013,58
AGGTAGACGACCCTGACTTG_014,34
AGGTAGACGACCCTGACTTG_015,13
TTAGGGGTAAACAATATCTC_001,1
TTAGGGGTAAACAATATCTC_002,72
TTAGGGGTAAACAATATCTC_003,158
TTAGGGGTAAACAATATCTC_004,157
TTAGGGGTAAACAATATCTC_005,160
TTAGGGGTAAACAATATCTC_006,189
TTAGGGGTAAACAATATCTC_007,187
TTAGGGGTAAACAATATCTC_008,40
AGAATGCAGATCATCCTACG_001,48
AGAATGCAGATCATCCTACG_002,12
TGTCCGATGATGACAAGGCG_001,147
TGTCCGATGATGACAAGGCG_002,5
TGTCCGATGATGACAAGGCG_003,191
TGTCCGATGATGACAAGGCG_004,102
TGTCCGATGATGACAAGGCG_005,63
TGTCCGATGATGACAAGGCG_006,146
TGTCCGATGATGACAAGGCG_007,91
TGTCCGATGATGACAAGGCG_008,55
TGTCCGATGATGACAAGGCG_009,141
TGTCCGATGATGACAAGGCG_010,142
TGTCCGATGATGACAAGGCG_011,17
TGTCCGATGATGACAAGGCG_012,116
TGTCCGATGATGACAAGGCG_013,47
TGTCCGATGATGACAAGGCG_014,69
CCTTAAGTGCCAAAATTGAA_001,1
CCTTAAGTGCCAAAATTGAA_002,128
CCTTAAGTGCCAAAATTGAA_003,41
CCTTAAGTGCCAAAATTGAA_004,70
CCTTAAGTGCCAAAATTGAA_005,105
CCTTAAGTGCCAAAATTGAA_006,50
CCTTAAGTGCCAAAATTGAA_007,168
CCTTAAGTGCCAAAATTGAA_008,48
AGTCTCAATGGATAAGGACA_001,53
AGTCTCAATGGATAAGGACA_002,80
AGTCTCAATGGATAAGGACA_003,47
AGTCTCAATGGATAAGGACA_004,105
GAAGGTATGACCTGTCTCTG_001,1
GAAGGTATGACCTGTCTCTG_002,106
GAAGGTATGACCTGTCTCTG_003,8
GAAGGTATGACCTGTCTCTG_004,8
GAAGGTATGACCTGTCTCTG_005,48
GAAGGTATGACCTGTCTCTG_006,129
GACCTTCGACCAGCTCACCC_001,61
GACCTTCGACCAGCTCACCC_002,146
GACCTTCGACCAGCTCACCC_003,199
GGTAAAGGTTTAGGAAAGGG_001,2
GGTAAAGGTTTAGGAAAGGG_002,58
GGTAAAGGTTTAGGAAAGGG_003,45
GGTAAAGGTTTAGGAAAGGG_004,97
CGTGCAGAGAACCTTTAACG_001,174
TACTCACAATCTTCACACTC_001,88
TACTCACAATCTTCACACTC_002,149
TACTCACAATCTTCACACTC_003,115
TTACAGACGCCCTTGAACAC_001,183
TTACAGACGCCCTTGAACAC_002,157
TTACAGACGCCCTTGAACAC_003,152
TTACAGACGCCCTTGAACAC_004,58
TTACAGACGCCCTTGAACAC_005,0
TTACAGACGCCCTTGAACAC_006,105
TTACAGACGCCCTTGAACAC_007,141
TTACAGACGCCCTTGAACAC_008,42
TTACAGACGCCCTTGAACAC_009,45
TTACAGACGCCCTTGAACAC_010,136
TTACAGACGCCCTTGAACAC_011,75
TTACAGACGCCCTTGAACAC_012,158
TTACAGACGCCCTTGAACAC_013,81
TTACAGACGCCCTTGAACAC_014,170
TTACAGACGCCCTTGAACAC_015,70
TTACAGACGCCCTTGAACAC_016,92
TTACAGACGCCCTTGAACAC_017,17
TTACAGACGCCCTTGAACAC_018,84
TTACAGACGCCCTTGAACAC_019,155
TTACAGACGCCCTTGAACAC_020,162
TTACAGACGCCCTTGAACAC_021,152
TTACAGACGCCCTTGAACAC_022,188
TTACAGACGCCCTTGAACAC_023,136
TTACAGACGCCCTTGAACAC_024,149
TTACAGACGCCCTTGAACAC_025,175
TTACAGACGCCCTTGAACAC_026,88
GGCTGCTCAAGACATTCGTG_001,197
GGCTGCTCAAGACATTCGTG_002,1
GGCTGCTCAAGACATTCGTG_003,163
GGCTGCTCAAGACATTCGTG_004,86
GGCTGCTCAAGACATTCGTG_005,159
GGCTGCTCAAGACATTCGTG_006,145
GGCTGCTCAAGACATTCGTG_007,179
GGCTGCTCAAGACATTCGTG_008,94
GGCTGCTCAAGACATTCGTG_009,185
GGCTGCTCAAGACATTCGTG_010,37
CAATTTCAGCCGATCCTGTG_001,120
CAATTTCAGCCGATCCTGTG_002,1
CAATTTCAGCCGATCCTGTG_003,72
CAATTTCAGCCGATCCTGTG_004,33
CAATTTCAGCCGATCCTGTG_005,133
CAATTTCAGCCGATCCTGTG_006,132
CAATTTCAGCCGATCCTGTG_007,73
CAATTTCAGCCGATCCTGTG_008,121
CAATTTCAGCCGATCCTGTG_009,198
CAATTTCAGCCGATCCTGTG_010,28
CAATTTCAGCCGATCCTGTG_011,29
CAATTTCAGCCGATCCTGTG_012,149
AGCTGCTGTGAGCCCCCCTG_001,47
AGCTGCTGTGAGCCCCCCTG_002,80
AGCTGCTGTGAGCCCCCCTG_003,61
AGCTGCTGTGAGCCCCCCTG_004,50
AGCTGCTGTGAGCCCCCCTG_005,105
AGCTGCTGTGAGCCCCCCTG_006,54
AGCTGCTGTGAGCCCCCCTG_007,186
AGCTGCTGTGAGCCCCCCTG_008,154
AGCTGCTGTGAGCCCCCCTG_009,2
AGCTGCTGTGAGCCCCCCTG_010,62
AGCTGCTGTGAGCCCCCCTG_011,119
AGCTGCTGTGAGCCCCCCTG_012,137
AGCTGCTGTGAGCCCCCCTG_013,84
AGCTGCTGTGAGCCCCCCTG_014,92
AGCTGCTGTGAGCCCCCCTG_015,159
AGCTGCTGTGAGCCCCCCTG_016,93
AGCTGCTGTGAGCCCCCCTG_017,92
AGCTGCTGTGAGCCCCCCTG_018,77
AGCTGCTGTGAGCCCCCCTG_019,174
AGCTGCTGTGAGCCCCCCTG_020,179
AGCTGCTGTGAGCCCCCCTG_021,98
AGCTGCTGTGAGCCCCCCTG_022,26
AGCTGCTGTGAGCCCCCCTG_023,105
AGCTGCTGTGAGCCCCCCTG_024,76
AGCTGCTGTGAGCCCCCCTG_025,158
AGCTGCTGTGAGCCCCCCTG_026,163
AGCTGCTGTGAGCCCCCCTG_027,193
AGCTGCTGTGAGCCCCCCTG_028,80
AGCTGCTGTGAGCCCCCCTG_029,6
AGCTGCTGTGAGCCCCCCTG_030,188
AGCTGCTGTGAGCCCCCCTG_031,127
GAGGAGACAAAATAGAACCG_001,12
GAGGAGACAAAATAGAACCG_002,141
GAGGAGACAAAATAGAACCG_003,7
GCCACACCCAAGGACCGAGA_001,15
GCCACACCCAAGGACCGAGA_002,72
GCCACACCCAAGGACCGAGA_003,65
GCCACACCCAAGGACCGAGA_004,60
GCCACACCCAAGGACCGAGA_005,140
GCCACACCCAAGGACCGAGA_006,41
GCCACACCCAAGGACCGAGA_007,81
GCCACACCCAAGGACCGAGA_008,77
GCCACACCCAAGGACCGAGA_009,9
GCCACACCCAAGGACCGAGA_010,16
GCCACACCCAAGGACCGAGA_011,140
GCCACACCCAAGGACCGAGA_012,106
GCCACACCCAAGGACCGAGA_013,70
GCCACACCCAAGGACCGAGA_014,196
GCCACACCCAAGGACCGAGA_015,52
GCCACACCCAAGGACCGAGA_016,59
GCCACACCCAAGGACCGAGA_017,131
GCCACACCCAAGGACCGAGA_018,68
GCCACACCCAAGGACCGAGA_019,45
GGCGTTCCTGGCATACCCAG_001,15
GGCGTTCCTGGCATACCCAG_002,65
GGCGTTCCTGGCATACCCAG_003,43
GGCGTTCCTGGCATACCCAG_004,100
GGCGTTCCTGGCATACCCAG_005,159
GGCGTTCCTGGCATACCCAG_006,184
GGCGTTCCTGGCATACCCAG_007,91
GGCGTTCCTGGCATACCCAG_008,40
GATCCGAGATCCGGGCAACG_001,140
GATCCGAGATCCGGGCAACG_002,68
AAGAAGCCAGAAGATACTGC_001,156
AAGAAGCCAGAAGATACTGC_002,91
AAGAAGCCAGAAGATACTGC_003,29
AAGAAGCCAGAAGATACTGC_004,101
AAGAAGCCAGAAGATACTGC_005,187
CTTAATAATCAGCCACCGGG_001,72
CTTAATAATCAGCCACCGGG_002,150
CTTAATAATCAGCCACCGGG_003,41
CTTAATAATCAGCCACCGGG_004,46
AGGACTCGCCATCACTCATG_001,17
AGGACTCGCCATCACTCATG_002,101
AGGACTCGCCATCACTCATG_003,95
AGGACTCGCCATCACTCATG_004,142
AGGACTCGCCATCACTCATG_005,94
AGGACTCGCCATCACTCATG_006,12
AGGACTCGCCATCACTCATG_007,158
AGGACTCGCCATCACTCATG_008,43
AGGACTCGCCATCACTCATG_009,3
AGGACTCGCCATCACTCATG_010,98
AGGACTCGCCATCACTCATG_011,70
AGGACTCGCCATCACTCATG_012,74
AGGACTCGCCATCACTCATG_013,114
AGGACTCGCCATCACTCATG_014,106
AGGACTCGCCATCACTCATG_015,40
AGGACTCGCCATCACTCATG_016,50
GCGTCAACACAGCGACCTGA_001,131
GCGTCAACACAGCGACCTGA_002,133
GCGTCAACACAGCGACCTGA_003,159
GCGTCAACACAGCGACCTGA_004,88
GCGTCAACACAGCGACCTGA_005,2
GCGTCAACACAGCGACCTGA_006,178
GCGTCAACACAGCGACCTGA_007,191
GCGTCAACACAGCGACCTGA_008,152
GCGTCAACACAGCGACCTGA_009,66
GCGTCAACACAGCGACCTGA_010,49
GCGTCAACACAGCGACCTGA_011,119
GCGTCAACACAGCGACCTGA_012,80
GCGTCAACACAGCGACCTGA_013,179
CAGAGACTGTTCAAAACCTG_001,197
CAGAGACTGTTCAAAACCTG_002,180
CAGAGACTGTTCAAAACCTG_003,8
CAGAGACTGTTCAAAACCTG_004,172
CAGAGACTGTTCAAAACCTG_005,94
CAGAGACTGTTCAAAACCTG_006,149
CAGAGACTGTTCAAAACCTG_007,175
CAGAGACTGTTCAAAACCTG_008,21
CCACGGCGTAGGAGACCACG_001,124
CCACGGCGTAGGAGACCACG_002,118
CCACGGCGTAGGAGACCACG_003,22
CCACGGCGTAGGAGACCACG_004,199
CCACGGCGTAGGAGACCACG_005,59
CCACGGCGTAGGAGACCACG_006,32
CCACGGCGTAGGAGACCACG_007,25
CCACGGCGTAGGAGACCACG_008,80
CCACGGCGTAGGAGACCACG_009,184
CACCACCCATATGGCAACGG_001,144
CACCACCCATATGGCAACGG_002,157
CACCACCCATATGGCAACGG_003,6
CACCACCCATATGGCAACGG_004,133
CACCACCCATATGGCAACGG_005,93
CACCACCCATATGGCAACGG_006,138
CACCACCCATATGGCAACGG_007,138
CTGGAGCTACCTCACCACAA_001,165
CTGGAGCTACCTCACCACAA_002,163
CTGGAGCTACCTCACCACAA_003,49
CTGGAGCTACCTCACCACAA_004,152
CTGGAGCTACCTCACCACAA_005,68
CTGGAGCTACCTCACCACAA_006,46
CTGGAGCTACCTCACCACAA_007,42
CTGGAGCTACCTCACCACAA_008,182
CTGGAGCTACCTCACCACAA_009,35
CTGGAGCTACCTCACCACAA_010,2
CTGGAGCTACCTCACCACAA_011,33
CTGGAGCTACCTCACCACAA_012,168
CTGGAGCTACCTCACCACAA_013,2
CTGGAGCTACCTCACCACAA_014,184
CTGGAGCTACCTCACCACAA_015,127
CTGGAGCTACCTCACCACAA_016,167
CTGGAGCTACCTCACCACAA_017,0
CTGGAGCTACCTCACCACAA_018,39
CTGGAGCTACCTCACCACAA_019,34
CTGGAGCTACCTCACCACAA_020,103
ATGACAATACATATACAGCA_001,184
TAGCAAAAAGGAAGTAGACC_001,149
GCGCGGTGGCGAAAACATCG_001,148
GCGCGGTGGCGAAAACATCG_002,70
GCGCGGTGGCGAAAACATCG_003,116
GCGCGGTGGCGAAAACATCG_004,188
GCGCGGTGGCGAAAACATCG_005,34
GCAGTCGTACCAGAGATTCA_001,0
GCAGTCGTACCAGAGATTCA_002,147
GCAGTCGTACCAGAGATTCA_003,129
GCAGTCGTACCAGAGATTCA_004,43
AGCACCTAGACACTCAGAGT_001,191
AGCACCTAGACACTCAGAGT_002,30
AGCACCTAGACACTCAGAGT_003,111
AGCACCTAGACACTCAGAGT_004,144
AGCACCTAGACACTCAGAGT_005,175
AGCACCTAGACACTCAGAGT_006,174
AGCACCTAGACACTCAGAGT_007,68
CTGTTGTTAAGGCTACTGCG_001,146
CTGTTGTTAAGGCTACTGCG_002,150
CTGTTGTTAAGGCTACTGCG_003,91
CTGTTGTTAAGGCTACTGCG_004,147
CTGTTGTTAAGGCTACTGCG_005,144
CTGTTGTTAAGGCTACTGCG_006,144
CTGTTGTTAAGGCTACTGCG_007,22
CTGTTGTTAAGGCTACTGCG_008,174
CTGTTGTTAAGGCTACTGCG_009,126
CTGTTGTTAAGGCTACTGCG_010,94
CTGTTGTTAAGGCTACTGCG_011,103
CTGTTGTTAAGGCTACTGCG_012,174
CTGTTGTTAAGGCTACTGCG_013,104
CTGTTGTTAAGGCTACTGCG_014,91
CTGTTGTTAAGGCTACTGCG_015,47
CTGTTGTTAAGGCTACTGCG_016,17
CTGTTGTTAAGGCTACTGCG_017,199
CTGTTGTTAAGGCTACTGCG_018,77
CTGTTGTTAAGGCTACTGCG_019,187
CTGTTGTTAAGGCTACTGCG_020,83
CTGTTGTTAAGGCTACTGCG_021,125
CTGTTGTTAAGGCTACTGCG_022,45
CTGTTGTTAAGGCTACTGCG_023,199
CTGTTGTTAAGGCTACTGCG_024,17
CTGTTGTTAAGGCTACTGCG_025,6
CTGTTGTTAAGGCTACTGCG_026,112
CTGTTGTTAAGGCTACTGCG_027,78
CTGTTGTTAAGGCTACTGCG_028,126
GAGATCAAATCGGAGCAACG_001,8
GAGATCAAATCGGAGCAACG_002,94
GAGATCAAATCGGAGCAACG_003,162
GAGATCAAATCGGAGCAACG_004,19
GAGATCAAATCGGAGCAACG_005,10
GAGATCAAATCGGAGCAACG_006,176
GAGATCAAATCGGAGCAACG_007,19
AGCTCCATGACTTCATGCAG_001,138
AGCTCCATGACTTCATGCAG_002,102
AGCTCCATGACTTCATGCAG_003,141
AGCTCCATGACTTCATGCAG_004,162
AGCTCCATGACTTCATGCAG_005,126
AGCTCCATGACTTCATGCAG_006,66
AGCTCCATGACTTCATGCAG_007,33
AGCTCCATGACTTCATGCAG_008,198
AGCTCCATGACTTCATGCAG_009,37
TGCTTCCTCCCAGTATTATG_001,160
TGCTTCCTCCCAGTATTATG_002,144
TGCTTCCTCCCAGTATTATG_003,1
TGCTTCCTCCCAGTATTATG_004,133
TGCTTCCTCCCAGTATTATG_005,91
TGCTTCCTCCCAGTATTATG_006,15
TGCTTCCTCCCAGTATTATG_007,94
TGCTTCCTCCCAGTATTATG_008,108
TGCTTCCTCCCAGTATTATG_009,36
TTTATACTTTCAGTGTTTAG_001,63
TTTATACTTTCAGTGTTTAG_002,115
TTTATACTTTCAGTGTTTAG_003,31
TTTATACTTTCAGTGTTTAG_004,31
TTTATACTTTCAGTGTTTAG_005,4
TTTATACTTTCAGTGTTTAG_006,15
GAGCTGGCGGCCCCTCAGTG_001,119
GAGCTGGCGGCCCCTCAGTG_002,83
GAGCTGGCGGCCCCTCAGTG_003,152
GAGCTGGCGGCCCCTCAGTG_004,169
GAGCTGGCGGCCCCTCAGTG_005,8
GAGCTGGCGGCCCCTCAGTG_006,177
GAGCTGGCGGCCCCTCAGTG_007,104
GAGCTGGCGGCCCCTCAGTG_008,37
GAGCTGGCGGCCCCTCAGTG_009,137
GAGCTGGCGGCCCCTCAGTG_010,179
GAGCTGGCGGCCCCTCAGTG_011,98
GAGCTGGCGGCCCCTCAGTG_012,178
GAGCTGGCGGCCCCTCAGTG_013,37
GAGCTGGCGGCCCCTCAGTG_014,34
GTCCCCTATGATCACCAACG_001,161
GTCCCCTATGATCACCAACG_002,188
GTCCCCTATGATCACCAACG_003,63
ACCTATGATGGGATGCTGAG_001,40
ACCTATGATGGGATGCTGAG_002,62
AGGAGCATAGGTACGAACCA_001,48
AGGAGCATAGGTACGAACCA_002,52
AGGAGCATAGGTACGAACCA_003,46
AGGAGCATAGGTACGAACCA_004,121
AGGAGCATAGGTACGAACCA_005,8
AGGAGCATAGGTACGAACCA_006,10
ACAGCCACTGAGTGGTTAGT_001,88
ACAGCCACTGAGTGGTTAGT_002,12
ACAGCCACTGAGTGGTTAGT_003,49
ACAGCCACTGAGTGGTTAGT_004,199
ACAGCCACTGAGTGGTTAGT_005,84
ACAGCCACTGAGTGGTTAGT_006,78
ACAGCCACTGAGTGGTTAGT_007,129
ACAGCCACTGAGTGGTTAGT_008,85
ACAGCCACTGAGTGGTTAGT_009,155
ACAGCCACTGAGTGGTTAGT_010,91
ACAGCCACTGAGTGGTTAGT_011,6
ACAGCCACTGAGTGGTTAGT_012,64
ACAGCCACTGAGTGGTTAGT_013,103
ACAGCCACTGAGTGGTTAGT_014,113
ACAGCCACTGAGTGGTTAGT_015,169
ACAGCCACTGAGTGGTTAGT_016,132
CCGAGGTGGTCGGAGTCGCA_001,66
CCGAGGTGGTCGGAGTCGCA_002,66
CCGAGGTGGTCGGAGTCGCA_003,15
CCGAGGTGGTCGGAGTCGCA_004,121
CCGAGGTGGTCGGAGTCGCA_005,87
CCGAGGTGGTCGGAGTCGCA_006,3
CCGAGGTGGTCGGAGTCGCA_007,58
CCGAGGTGGTCGGAGTCGCA_008,165
CCGAGGTGGTCGGAGTCGCA_009,134
CCGAGGTGGTCGGAGTCGCA_010,101
CCGAGGTGGTCGGAGTCGCA_011,98
CCGAGGTGGTCGGAGTCGCA_012,155
CCGAGGTGGTCGGAGTCGCA_013,111
CCGAGGTGGTCGGAGTCGCA_014,148
CCGAGGTGGTCGGAGTCGCA_015,160
CCGAGGTGGTCGGAGTCGCA_016,160
CCGAGGTGGTCGGAGTCGCA_017,182
CCGAGGTGGTCGGAGTCGCA_018,95
CCGAGGTGGTCGGAGTCGCA_019,139
CCGAGGTGGTCGGAGTCGCA_020,163
CCGAGGTGGTCGGAGTCGCA_021,114
CCGAGGTGGTCGGAGTCGCA_022,114
CCGAGGTGGTCGGAGTCGCA_023,12
CCGAGGTGGTCGGAGTCGCA_024,19
CCGAGGTGGTCGGAGTCGCA_025,166
CCGAGGTGGTCGGAGTCGCA_026,152
GACCAAGAACAGGACAAACA_001,75
GACCAAGAACAGGACAAACA_002,196
GACCAAGAACAGGACAAACA_003,5
GACCAAGAACAGGACAAACA_004,48
GACCAAGAACAGGACAAACA_005,158
GACCAAGAACAGGACAAACA_006,158
GACCAAGAACAGGACAAACA_007,114
GACCAAGAACAGGACAAACA_008,48
GACCAAGAACAGGACAAACA_009,27
GACCAAGAACAGGACAAACA_010,66
GACCAAGAACAGGACAAACA_011,141
AGAGCCAACCAACTCTTCCG_001,184
AGAGCCAACCAACTCTTCCG_002,55
AGAGCCAACCAACTCTTCCG_003,147
AGAGCCAACCAACTCTTCCG_004,150
AGAGCCAACCAACTCTTCCG_005,14
AGAGCCAACCAACTCTTCCG_006,15
AGAGCCAACCAACTCTTCCG_007,76
AGAGCCAACCAACTCTTCCG_008,20
AGAGCCAACCAACTCTTCCG_009,127
AGAGCCAACCAACTCTTCCG_010,147
AGAGCCAACCAACTCTTCCG_011,56
AGAGCCAACCAACTCTTCCG_012,199
AGAGCCAACCAACTCTTCCG_013,41
AGAGCCAACCAACTCTTCCG_014,102
AGAGCCAACCAACTCTTCCG_015,133
AGAGCCAACCAACTCTTCCG_016,49
AGAGCCAACCAACTCTTCCG_017,103
ACTCAACAGCGAAGGAATGG_001,109
ACTCAACAGCGAAGGAATGG_002,182
ACTCAACAGCGAAGGAATGG_003,50
AAGTTGAAAATAATCAGACA_001,106
AAGTTGAAAATAATCAGACA_002,183
AAGTTGAAAATAATCAGACA_003,96
GTTGAACCTGTTGCTTGTCG_001,83
GTTGAACCTGTTGCTTGTCG_002,82
GTTGAACCTGTTGCTTGTCG_003,130
GTTGAACCTGTTGCTTGTCG_004,62
GTTGAACCTGTTGCTTGTCG_005,177
GTTGAACCTGTTGCTTGTCG_006,5
GTTGAACCTGTTGCTTGTCG_007,88
GTTGAACCTGTTGCTTGTCG_008,150
CAGACCTAGCTCCGCTCCCA_001,194
CAGACCTAGCTCCGCTCCCA_002,122
CAGACCTAGCTCCGCTCCCA_003,55
CAGACCTAGCTCCGCTCCCA_004,160
CAGACCTAGCTCCGCTCCCA_005,197
CAGACCTAGCTCCGCTCCCA_006,29
CAGACCTAGCTCCGCTCCCA_007,198
CAGACCTAGCTCCGCTCCCA_008,82
CAGACCTAGCTCCGCTCCCA_009,49
CAGACCTAGCTCCGCTCCCA_010,157
CAGACCTAGCTCCGCTCCCA_011,30
CAGACCTAGCTCCGCTCCCA_012,1
CAGACCTAGCTCCGCTCCCA_013,88
CAGACCTAGCTCCGCTCCCA_014,25
CAGACCTAGCTCCGCTCCCA_015,193
CAGACCTAGCTCCGCTCCCA_016,117
CAGACCTAGCTCCGCTCCCA_017,170
CAGACCTAGCTCCGCTCCCA_018,149
CAGACCTAGCTCCGCTCCCA_019,56
CAGACCTAGCTCCGCTCCCA_020,121
CAGACCTAGCTCCGCTCCCA_021,87
CAGACCTAGCTCCGCTCCCA_022,48
CAGACCTAGCTCCGCTCCCA_023,127
CAGACCTAGCTCCGCTCCCA_024,141
CAGACCTAGCTCCGCTCCCA_025,109
CAGACCTAGCTCCGCTCCCA_026,56
CAGACCTAGCTCCGCTCCCA_027,147
CAGACCTAGCTCCGCTCCCA_028,56
CAGACCTAGCTCCGCTCCCA_029,58
CAGACCTAGCTCCGCTCCCA_030,10
CAGACCTAGCTCCGCTCCCA_031,174
CAGACCTAGCTCCGCTCCCA_032,136
CAGACCTAGCTCCGCTCCCA_033,52
CAGACCTAGCTCCGCTCCCA_034,67
CAGACCTAGCTCCGCTCCCA_035,105
CAGACCTAGCTCCGCTCCCA_036,153
CAGACCTAGCTCCGCTCCCA_037,38
GAAAGTTGGCGACATCATAG_001,45
GAAAGTTGGCGACATCATAG_002,40
GAAAGTTGGCGACATCATAG_003,71
TCATGAGGTAATATACGATG_001,3
TCATGAGGTAATATACGATG_002,148
TCATGAGGTAATATACGATG_003,39
TCATGAGGTAATATACGATG_004,197
CATGTACAAAGCAAACGTCT_001,94
CATGTACAAAGCAAACGTCT_002,94
CATGTACAAAGCAAACGTCT_003,56
CATGTACAAAGCAAACGTCT_004,60
AGCCACGATTTCTCGGCGAA_001,58
AGCCACGATTTCTCGGCGAA_002,121
AGCCACGATTTCTCGGCGAA_003,94
AGCCACGATTTCTCGGCGAA_004,130
AGCCACGATTTCTCGGCGAA_005,166
AGCCACGATTTCTCGGCGAA_006,188
AGCCACGATTTCTCGGCGAA_007,35
AAAGTGATGTCAGGATACAG_001,54
AAAGTGATGTCAGGATACAG_002,194
AAAGTGATGTCAGGATACAG_003,0
AAAGTGATGTCAGGATACAG_004,47
AAAGTGATGTCAGGATACAG_005,108
AAAGTGATGTCAGGATACAG_006,60
AAAGTGATGTCAGGATACAG_007,11
AAAGTGATGTCAGGATACAG_008,134
AAAGTGATGTCAGGATACAG_009,93
AAAGTGATGTCAGGATACAG_010,61
AAAGTGATGTCAGGATACAG_011,57
AAAGTGATGTCAGGATACAG_012,91
AAAGTGATGTCAGGATACAG_013,148
CAAATGCATAATGTGATGGG_001,16
CAAATGCATAATGTGATGGG_002,19
CATGGCACTTGTATGAGTCA_001,116
CATGGCACTTGTATGAGTCA_002,0
CATGGCACTTGTATGAGTCA_003,11
CATGGCACTTGTATGAGTCA_004,127
CATGGCACTTGTATGAGTCA_005,57
CATGGCACTTGTATGAGTCA_006,102
CATGGCACTTGTATGAGTCA_007,12
CATGGCACTTGTATGAGTCA_008,52
AGGTCGCTCATGCTGCGCGA_001,80
AGGTCGCTCATGCTGCGCGA_002,133
TCCTGGAAGAGATTGGTTCG_001,35
TCCTGGAAGAGATTGGTTCG_002,42
TCCTGGAAGAGATTGGTTCG_003,141
TCCTGGAAGAGATTGGTTCG_004,140
TCCTGGAAGAGATTGGTTCG_005,103
TCCTGGAAGAGATTGGTTCG_006,47
TCCTGGAAGAGATTGGTTCG_007,39
TCCTGGAAGAGATTGGTTCG_008,39
TCCTGGAAGAGATTGGTTCG_009,84
TCCTGGAAGAGATTGGTTCG_010,89
CATGCTATGTCAAAGAAGCG_001,78
CATGCTATGTCAAAGAAGCG_002,77
CATGCTATGTCAAAGAAGCG_003,84
CATGCTATGTCAAAGAAGCG_004,15
CATGCTATGTCAAAGAAGCG_005,29
CATGCTATGTCAAAGAAGCG_006,21
CATGCTATGTCAAAGAAGCG_007,31
CATGCTATGTCAAAGAAGCG_008,43
CATGCTATGTCAAAGAAGCG_009,122
CATGCTATGTCAAAGAAGCG_010,52
GCACCTCCTACTCAACACCT_001,184
GCACCTCCTACTCAACACCT_002,1
GCACCTCCTACTCAACACCT_003,59
GCACCTCCTACTCAACACCT_004,136
GCACCTCCTACTCAACACCT_005,48
GCACCTCCTACTCAACACCT_006,23
GCACCTCCTACTCAACACCT_007,178
GCACCTCCTACTCAACACCT_008,122
GCACCTCCTACTCAACACCT_009,53
GCACCTCCTACTCAACACCT_010,54
GCACCTCCTACTCAACACCT_011,145
GCACCTCCTACTCAACACCT_012,184
GCACCTCCTACTCAACACCT_013,192
GCACCTCCTACTCAACACCT_014,185
GCACCTCCTACTCAACACCT_015,94
GCACCTCCTACTCAACACCT_016,114
GCACCTCCTACTCAACACCT_017,1
GCACCTCCTACTCAACACCT_018,159
GCACCTCCTACTCAACACCT_019,171
CTCAGAGATGAGCACTACGA_001,31
CTCAGAGATGAGCACTACGA_002,43
ATAGCCTCAAAGTCGGACAG_001,25
ATAGCCTCAAAGTCGGACAG_002,51
ATAGCCTCAAAGTCGGACAG_003,170
ATAGCCTCAAAGTCGGACAG_004,195
ATAGCCTCAAAGTCGGACAG_005,144
ATAGCCTCAAAGTCGGACAG_006,98
ATAGCCTCAAAGTCGGACAG_007,83
ATAGCCTCAAAGTCGGACAG_008,77
ATAGCCTCAAAGTCGGACAG_009,69
ATAGCCTCAAAGTCGGACAG_010,92
ATAGCCTCAAAGTCGGACAG_011,107
ATAGCCTCAAAGTCGGACAG_012,82
ATAGCCTCAAAGTCGGACAG_013,187
ATAGCCTCAAAGTCGGACAG_014,88
ATAGCCTCAAAGTCGGACAG_015,95
ATAGCCTCAAAGTCGGACAG_016,76
ATAGCCTCAAAGTCGGACAG_017,153
ATAGCCTCAAAGTCGGACAG_018,150
ATAGCCTCAAAGTCGGACAG_019,12
ATAGCCTCAAAGTCGGACAG_020,160
ATAGCCTCAAAGTCGGACAG_021,150
ATAGCCTCAAAGTCGGACAG_022,4
ATAGCCTCAAAGTCGGACAG_023,15
ATAGCCTCAAAGTCGGACAG_024,148
ATAGCCTCAAAGTCGGACAG_025,50
ATAGCCTCAAAGTCGGACAG_026,107
ATAGCCTCAAAGTCGGACAG_027,190
ATAGCCTCAAAGTCGGACAG_028,98
ATAGCCTCAAAGTCGGACAG_029,175
ATAGCCTCAAAGTCGGACAG_030,80
ATAGCCTCAAAGTCGGACAG_031,111
ATAGCCTCAAAGTCGGACAG_032,1
ATAGCCTCAAAGTCGGACAG_033,37
ACTGTTGGGTCAATCTTAGG_001,154
ACTGTTGGGTCAATCTTAGG_002,154
ACTGTTGGGTCAATCTTAGG_003,55
CAAGATGGCACACATGCAGA_001,197
CAAGATGGCACACATGCAGA_002,95
CAAGATGGCACACATGCAGA_003,104
CAAGATGGCACACATGCAGA_004,56
CAAGATGGCACACATGCAGA_005,26
CAAGATGGCACACATGCAGA_006,84
CAAGATGGCACACATGCAGA_007,27
CAAGATGGCACACATGCAGA_008,174
CAAGATGGCACACATGCAGA_009,76
CAAGATGGCACACATGCAGA_010,172
CAAGATGGCACACATGCAGA_011,24
CAAGATGGCACACATGCAGA_012,162
CAAGATGGCACACATGCAGA_013,147
CAAGATGGCACACATGCAGA_014,72
CAAGATGGCACACATGCAGA_015,158
CAAGATGGCACACATGCAGA_016,98
CAAGATGGCACACATGCAGA_017,174
CAAGATGGCACACATGCAGA_018,28
CAAGATGGCACACATGCAGA_019,78
CTCGCTGAGGAACGACGCCG_001,83
CTCGCTGAGGAACGACGCCG_002,48
CTCGCTGAGGAACGACGCCG_003,17
CTCGCTGAGGAACGACGCCG_004,94
CTCGCTGAGGAACGACGCCG_005,68
CTCGCTGAGGAACGACGCCG_006,124
CTCGCTGAGGAACGACGCCG_007,58
CTCGCTGAGGAACGACGCCG_008,30
CTCGCTGAGGAACGACGCCG_009,199
CTCGCTGAGGAACGACGCCG_010,31
CTCGCTGAGGAACGACGCCG_011,147
CTCGCTGAGGAACGACGCCG_012,138
CTCGCTGAGGAACGACGCCG_013,101
CTCGCTGAGGAACGACGCCG_014,75
CTCGCTGAGGAACGACGCCG_015,156
GGAGCCCGTCACGAACTGCA_001,121
GGAGCCCGTCACGAACTGCA_002,54
GGAGCCCGTCACGAACTGCA_003,2
GGAGCCCGTCACGAACTGCA_004,10
GGAGCCCGTCACGAACTGCA_005,193
GGAGCCCGTCACGAACTGCA_006,150
GGAGCCCGTCACGAACTGCA_007,17
GGAGCCCGTCACGAACTGCA_008,72
GGAGCCCGTCACGAACTGCA_009,14
GGAGCCCGTCACGAACTGCA_010,192
GGAGCCCGTCACGAACTGCA_011,68
GGAGCCCGTCACGAACTGCA_012,94
GGAGCCCGTCACGAACTGCA_013,82
GGAGCCCGTCACGAACTGCA_014,76
GGAGCCCGTCACGAACTGCA_015,22
GGAGCCCGTCACGAACTGCA_016,147
GGAGCCCGTCACGAACTGCA_017,174
GGAGCCCGTCACGAACTGCA_018,83
GGAGCCCGTCACGAACTGCA_019,76
GGAGCCCGTCACGAACTGCA_020,152
GGAGCCCGTCACGAACTGCA_021,153
GGAGCCCGTCACGAACTGCA_022,94
GGAGCCCGTCACGAACTGCA_023,49
GGAGCCCGTCACGAACTGCA_024,165
GGAAGAGGATCACCTAGCCC_001,138
CTGGAGTTACGCTTGTACAG_001,195
CTGGAGTTACGCTTGTACAG_002,94
CTGGAGTTACGCTTGTACAG_003,93
CTGGAGTTACGCTTGTACAG_004,8
CTGGAGTTACGCTTGTACAG_005,31
CTGGAGTTACGCTTGTACAG_006,51
CTGGAGTTACGCTTGTACAG_007,74
CTGGAGTTACGCTTGTACAG_008,91
CTGGAGTTACGCTTGTACAG_009,94
CTGGAGTTACGCTTGTACAG_010,23
CTGGAGTTACGCTTGTACAG_011,84
CTGGAGTTACGCTTGTACAG_012,81
CTGGAGTTACGCTTGTACAG_013,165
GAGAATACGTCCTCCACATG_001,91
GAGAATACGTCCTCCACATG_002,108
GAGAATACGTCCTCCACATG_003,101
GAGAATACGTCCTCCACATG_004,88
GAGAATACGTCCTCCACATG_005,178
GAGAATACGTCCTCCACATG_006,47
GAGAATACGTCCTCCACATG_007,76
GCACGGCGATGATGCATCGG_001,60
GCACGGCGATGATGCATCGG_002,185
AGGAGATGTCCCAAACAGGA_001,9
AGGAGATGTCCCAAACAGGA_002,174
AGGAGATGTCCCAAACAGGA_003,85
AGGAGATGTCCCAAACAGGA_004,169
AGGAGATGTCCCAAACAGGA_005,42
AGGAGATGTCCCAAACAGGA_006,140
AGGAGATGTCCCAAACAGGA_007,197
AGGAGATGTCCCAAACAGGA_008,50
AGGAGATGTCCCAAACAGGA_009,66
AGGAGATGTCCCAAACAGGA_010,115
AGGAGATGTCCCAAACAGGA_011,157
AGGAGATGTCCCAAACAGGA_012,58
AGGAGATGTCCCAAACAGGA_013,63
AGAGGCGAGTGATTTGACTG_001,161
AGAGGCGAGTGATTTGACTG_002,62
AGAGGCGAGTGATTTGACTG_003,164
AGAGGCGAGTGATTTGACTG_004,77
AGAGGCGAGTGATTTGACTG_005,64
AGAGGCGAGTGATTTGACTG_006,112
AGAGGCGAGTGATTTGACTG_007,16
AGAGGCGAGTGATTTGACTG_008,149
AGAGGCGAGTGATTTGACTG_009,112
AGAGGCGAGTGATTTGACTG_010,9
AGAGGCGAGTGATTTGACTG_011,61
AGAGGCGAGTGATTTGACTG_012,173
AGAGGCGAGTGATTTGACTG_013,117
AGAGGCGAGTGATTTGACTG_014,198
AGAGGCGAGTGATTTGACTG_015,155
AGAGGCGAGTGATTTGACTG_016,57
AGAGGCGAGTGATTTGACTG_017,127
AGAGGCGAGTGATTTGACTG_018,175
AGAGGCGAGTGATTTGACTG_019,130
AGAGGCGAGTGATTTGACTG_020,81
GCTGGCAGATTCTAGTAACT_001,12
GCTGGCAGATTCTAGTAACT_002,49
GCTGGCAGATTCTAGTAACT_003,80
GCTGGCAGATTCTAGTAACT_004,148
GCTGGCAGATTCTAGTAACT_005,180
TTCATCGGTAGAACAAGCAT_001,101
TTCATCGGTAGAACAAGCAT_002,198
TTCATCGGTAGAACAAGCAT_003,127
TTCATCGGTAGAACAAGCAT_004,21
TTCATCGGTAGAACAAGCAT_005,60
TTCATCGGTAGAACAAGCAT_006,88
TTCATCGGTAGAACAAGCAT_007,184
TTCATCGGTAGAACAAGCAT_008,170
TTCATCGGTAGAACAAGCAT_009,186
TTCATCGGTAGAACAAGCAT_010,28
TTCATCGGTAGAACAAGCAT_011,169
TTCATCGGTAGAACAAGCAT_012,198
TTCATCGGTAGAACAAGCAT_013,47
TTCATCGGTAGAACAAGCAT_014,175
TTCATCGGTAGAACAAGCAT_015,138
TTCATCGGTAGAACAAGCAT_016,168
TTCATCGGTAGAACAAGCAT_017,142
TTCATCGGTAGAACAAGCAT_018,8
TTCATCGGTAGAACAAGCAT_019,188
AATGGTCGACATGCCAACTT_001,140
AATGGTCGACATGCCAACTT_002,61
AATGGTCGACATGCCAACTT_003,60
AATGGTCGACATGCCAACTT_004,146
AATGGTCGACATGCCAACTT_005,127
AATGGTCGACATGCCAACTT_006,105
AATGGTCGACATGCCAACTT_007,103
AATGGTCGACATGCCAACTT_008,141
AATGGTCGACATGCCAACTT_009,15
AATGGTCGACATGCCAACTT_010,163
AATGGTCGACATGCCAACTT_011,27
AATGGTCGACATGCCAACTT_012,11
AATGGTCGACATGCCAACTT_013,185
AATGGTCGACATGCCAACTT_014,94
AATGGTCGACATGCCAACTT_015,19
AATGGTCGACATGCCAACTT_016,81
AATGGTCGACATGCCAACTT_017,13
AATGGTCGACATGCCAACTT_018,192
AATGGTCGACATGCCAACTT_019,186
AATGGTCGACATGCCAACTT_020,170
AATGGTCGACATGCCAACTT_021,106
AATGGTCGACATGCCAACTT_022,158
AATGGTCGACATGCCAACTT_023,184
AATGGTCGACATGCCAACTT_024,9
AATGGTCGACATGCCAACTT_025,128
CAAACAGACGTATTACTGGA_001,185
TCGTGGATTTGGGTCCGATG_001,166
TCGTGGATTTGGGTCCGATG_002,121
TCGTGGATTTGGGTCCGATG_003,4
TCGTGGATTTGGGTCCGATG_004,159
TCGTGGATTTGGGTCCGATG_005,130
GGCCGCGGGTGCAATGAGAG_001,166
GGCCGCGGGTGCAATGAGAG_002,15
GGCCGCGGGTGCAATGAGAG_003,182
GGCCGCGGGTGCAATGAGAG_004,129
GGCCGCGGGTGCAATGAGAG_005,193
GGCCGCGGGTGCAATGAGAG_006,121
GGCCGCGGGTGCAATGAGAG_007,104
GGCCGCGGGTGCAATGAGAG_008,158
GGCCGCGGGTGCAATGAGAG_009,89
GGCCGCGGGTGCAATGAGAG_010,138
CAACATCCACCTGCGCACCT_001,115
CAACATCCACCTGCGCACCT_002,147
CAACATCCACCTGCGCACCT_003,70
CAACATCCACCTGCGCACCT_004,127
CAACATCCACCTGCGCACCT_005,199
CAACATCCACCTGCGCACCT_006,191
CAACATCCACCTGCGCACCT_007,126
CAACATCCACCTGCGCACCT_008,63
CAACATCCACCTGCGCACCT_009,47
CAACATCCACCTGCGCACCT_010,68
CAACATCCACCTGCGCACCT_011,149
CAACATCCACCTGCGCACCT_012,199
CAACATCCACCTGCGCACCT_013,177
CAACATCCACCTGCGCACCT_014,183
CAACATCCACCTGCGCACCT_015,92
CAACATCCACCTGCGCACCT_016,60
CAACATCCACCTGCGCACCT_017,25
CAACATCCACCTGCGCACCT_018,24
CAACATCCACCTGCGCACCT_019,8
CAACATCCACCTGCGCACCT_020,23
CAACATCCACCTGCGCACCT_021,2
CAACATCCACCTGCGCACCT_022,191
CAACATCCACCTGCGCACCT_023,174
CAACATCCACCTGCGCACCT_024,102
CAACATCCACCTGCGCACCT_025,48
CAACATCCACCTGCGCACCT_026,83
ACATGTAGGAGTTGTCATCA_001,33
ACATGTAGGAGTTGTCATCA_002,116
ACATGTAGGAGTTGTCATCA_003,24
ACATGTAGGAGTTGTCATCA_004,78
ACATGTAGGAGTTGTCATCA_005,199
AGGCAGAAACAATTACAGAG_001,78
AGGCAGAAACAATTACAGAG_002,50
AGGCAGAAACAATTACAGAG_003,113
AGGCAGAAACAATTACAGAG_004,113
AGGCAGAAACAATTACAGAG_005,114
AGGCAGAAACAATTACAGAG_006,148
AGGCAGAAACAATTACAGAG_007,125
AGGCAGAAACAATTACAGAG_008,143
AGGCAGAAACAATTACAGAG_009,179
AGGCAGAAACAATTACAGAG_010,170
AGGCAGAAACAATTACAGAG_011,186
AGGCAGAAACAATTACAGAG_012,108
AGGCAGAAACAATTACAGAG_013,33
AGGCAGAAACAATTACAGAG_014,44
ATGGGTCCTGTTGTCAACCT_001,154
ATGGGTCCTGTTGTCAACCT_002,59
ATGGGTCCTGTTGTCAACCT_003,107
ATGGGTCCTGTTGTCAACCT_004,175
ATGGGTCCTGTTGTCAACCT_005,81
ATGGGTCCTGTTGTCAACCT_006,158
ATGGGTCCTGTTGTCAACCT_007,4
ATGGGTCCTGTTGTCAACCT_008,198
ATGGGTCCTGTTGTCAACCT_009,48
ATGGGTCCTGTTGTCAACCT_010,160
ATGGGTCCTGTTGTCAACCT_011,116
ATGGGTCCTGTTGTCAACCT_012,162
ATGGGTCCTGTTGTCAACCT_013,92
ATGGGTCCTGTTGTCAACCT_014,168
CAGAGCTTACTCATCCATAG_001,112
CAGAGCTTACTCATCCATAG_002,43
CAGAGCTTACTCATCCATAG_003,129
GGGGTGCGTACATGGCCACG_001,96
GGGGTGCGTACATGGCCACG_002,191
GGGGTGCGTACATGGCCACG_003,79
GGGGTGCGTACATGGCCACG_004,194
GGGGTGCGTACATGGCCACG_005,112
GGGGTGCGTACATGGCCACG_006,27
GGGGTGCGTACATGGCCACG_007,61
GGGGTGCGTACATGGCCACG_008,148
GGGGTGCGTACATGGCCACG_009,148
GGGGTGCGTACATGGCCACG_010,146
GGGGTGCGTACATGGCCACG_011,39
GGGGTGCGTACATGGCCACG_012,198
GGTGACTCCTGCACCTGCGC_001,93
GGTGACTCCTGCACCTGCGC_002,154
GGTGACTCCTGCACCTGCGC_003,162
GGTGACTCCTGCACCTGCGC_004,168
GGTGACTCCTGCACCTGCGC_005,32
GGTGACTCCTGCACCTGCGC_006,166
GGTGACTCCTGCACCTGCGC_007,104
GGTGACTCCTGCACCTGCGC_008,88
GGTGACTCCTGCACCTGCGC_009,138
GGTGACTCCTGCACCTGCGC_010,94
GGTGACTCCTGCACCTGCGC_011,30
CTTGTGGGGCGACTCCATGG_001,118
CTTGTGGGGCGACTCCATGG_002,88
CTTGTGGGGCGACTCCATGG_003,116
CTTGTGGGGCGACTCCATGG_004,5
CTTGTGGGGCGACTCCATGG_005,38
CTTGTGGGGCGACTCCATGG_006,151
CTTGTGGGGCGACTCCATGG_007,182
CTTGTGGGGCGACTCCATGG_008,9
CTTGTGGGGCGACTCCATGG_009,145
CTTGTGGGGCGACTCCATGG_010,15
CTTGTGGGGCGACTCCATGG_011,136
CTTGTGGGGCGACTCCATGG_012,48
GATGACTACATGAAGTCACT_001,141
GATGACTACATGAAGTCACT_002,30
GATGACTACATGAAGTCACT_003,128
GATGACTACATGAAGTCACT_004,30
GATGACTACATGAAGTCACT_005,98
GATGACTACATGAAGTCACT_006,9
GATGACTACATGAAGTCACT_007,117
AAGGGCTGTAAATGACGGGA_001,70
AAGGGCTGTAAATGACGGGA_002,166
AAGGGCTGTAAATGACGGGA_003,198
AAGGGCTGTAAATGACGGGA_004,164
AAGGGCTGTAAATGACGGGA_005,17
AAGGGCTGTAAATGACGGGA_006,158
AAGGGCTGTAAATGACGGGA_007,94
AAGGGCTGTAAATGACGGGA_008,5
AAGGGCTGTAAATGACGGGA_009,44
AAGGGCTGTAAATGACGGGA_010,163
AAGGGCTGTAAATGACGGGA_011,104
AAGGGCTGTAAATGACGGGA_012,73
AAGGGCTGTAAATGACGGGA_013,39
AAGGGCTGTAAATGACGGGA_014,140
AAGGGCTGTAAATGACGGGA_015,67
AAGGGCTGTAAATGACGGGA_016,170
AAGGGCTGTAAATGACGGGA_017,33
AAGGGCTGTAAATGACGGGA_018,188
AAGGGCTGTAAATGACGGGA_019,61
AAGGGCTGTAAATGACGGGA_020,118
GATGAGCGAGCGGTGCATGG_001,170
GATGAGCGAGCGGTGCATGG_002,160
GATGAGCGAGCGGTGCATGG_003,75
GATGAGCGAGCGGTGCATGG_004,175
GATGAGCGAGCGGTGCATGG_005,121
GATGAGCGAGCGGTGCATGG_006,26
GATGAGCGAGCGGTGCATGG_007,67
GATGAGCGAGCGGTGCATGG_008,157
GATGAGCGAGCGGTGCATGG_009,174
GATGAGCGAGCGGTGCATGG_010,58
ACCTCAAGCGGATCTAAAGG_001,50
ACCTCAAGCGGATCTAAAGG_002,167
ACCTCAAGCGGATCTAAAGG_003,105
ACCTCAAGCGGATCTAAAGG_004,58
ACCTCAAGCGGATCTAAAGG_005,42
ACCTCAAGCGGATCTAAAGG_006,26
ACCTCAAGCGGATCTAAAGG_007,183
ACCTCAAGCGGATCTAAAGG_008,17
ACCTCAAGCGGATCTAAAGG_009,145
TGCCAGCTGCGACATTGCCG_001,48
TGCCAGCTGCGACATTGCCG_002,104
TGCCAGCTGCGACATTGCCG_003,168
TGCCAGCTGCGACATTGCCG_004,169
TGCCAGCTGCGACATTGCCG_005,8
TGCCAGCTGCGACATTGCCG_006,157
TGCCAGCTGCGACATTGCCG_007,49
TGCCAGCTGCGACATTGCCG_008,22
TGCCAGCTGCGACATTGCCG_009,66
TGCCAGCTGCGACATTGCCG_010,15
CAACAAAGCAGACTACCCAG_001,169
CAACAAAGCAGACTACCCAG_002,13
CAACAAAGCAGACTACCCAG_003,71
CAACAAAGCAGACTACCCAG_004,181
TGTCTTCCTTCCTGCAACAA_001,175
TGTCTTCCTTCCTGCAACAA_002,14
TGTCTTCCTTCCTGCAACAA_003,60
TGTCTTCCTTCCTGCAACAA_004,42
TGTCTTCCTTCCTGCAACAA_005,48
TGTCTTCCTTCCTGCAACAA_006,28
TGTCTTCCTTCCTGCAACAA_007,142
TGTCTTCCTTCCTGCAACAA_008,142
AAACTCCTCAGAGTACGCCG_001,50
AAACTCCTCAGAGTACGCCG_002,116
AAACTCCTCAGAGTACGCCG_003,105
AAACTCCTCAGAGTACGCCG_004,176
AAACTCCTCAGAGTACGCCG_005,149
AAACTCCTCAGAGTACGCCG_006,194
AAACTCCTCAGAGTACGCCG_007,151
AAACTCCTCAGAGTACGCCG_008,106
AAACTCCTCAGAGTACGCCG_009,129
AAACTCCTCAGAGTACGCCG_010,48
AAACTCCTCAGAGTACGCCG_011,0
AAACTCCTCAGAGTACGCCG_012,163
AAACTCCTCAGAGTACGCCG_013,120
AAACTCCTCAGAGTACGCCG_014,65
AAACTCCTCAGAGTACGCCG_015,159
AAACTCCTCAGAGTACGCCG_016,45
AAACTCCTCAGAGTACGCCG_017,83
AAACTCCTCAGAGTACGCCG_018,115
AAACTCCTCAGAGTACGCCG_019,36
AAACTCCTCAGAGTACGCCG_020,93
AAACTCCTCAGAGTACGCCG_021,86
AAACTCCTCAGAGTACGCCG_022,156
AAACTCCTCAGAGTACGCCG_023,181
AAACTCCTCAGAGTACGCCG_024,68
AAACTCCTCAGAGTACGCCG_025,96
AAACTCCTCAGAGTACGCCG_026,74
AAACTCCTCAGAGTACGCCG_027,30
AAACTCCTCAGAGTACGCCG_028,99
AAACTCCTCAGAGTACGCCG_029,48
AAACTCCTCAGAGTACGCCG_030,34
AAACTCCTCAGAGTACGCCG_031,61
AAACTCCTCAGAGTACGCCG_032,121
AAACTCCTCAGAGTACGCCG_033,63
AAACTCCTCAGAGTACGCCG_034,68
AAACTCCTCAGAGTACGCCG_035,178
AAACTCCTCAGAGTACGCCG_036,108
TCAGGGATCCTCTTATGCAG_001,185
TCAGGGATCCTCTTATGCAG_002,50
TCAGGGATCCTCTTATGCAG_003,115
GAGCCATAACGAGTCGTCCA_001,8
GAGCCATAACGAGTCGTCCA_002,199
GCCATGGACACTAGTACTGT_001,149
GCCATGGACACTAGTACTGT_002,27
GCCATGGACACTAGTACTGT_003,49
GCCATGGACACTAGTACTGT_004,141
AGAAGATGAACCTACCCTTG_001,175
AGAAGATGAACCTACCCTTG_002,77
AGAAGATGAACCTACCCTTG_003,47
AGAAGATGAACCTACCCTTG_004,100
AGAAGATGAACCTACCCTTG_005,76
AGAAGATGAACCTACCCTTG_006,82
AGAAGATGAACCTACCCTTG_007,188
AGAAGATGAACCTACCCTTG_008,175
AGAAGATGAACCTACCCTTG_009,94
AGAAGATGAACCTACCCTTG_010,146
AGAAGATGAACCTACCCTTG_011,38
AGAAGATGAACCTACCCTTG_012,104
AAAGCATACGCATATCAACT_001,44
GATTGACCTGAACTCAACTA_001,130
GATTGACCTGAACTCAACTA_002,154
GATTGACCTGAACTCAACTA_003,41
GATTGACCTGAACTCAACTA_004,139
GATTGACCTGAACTCAACTA_005,86
GATTGACCTGAACTCAACTA_006,145
GATTGACCTGAACTCAACTA_007,33
GATTGACCTGAACTCAACTA_008,17
GATTGACCTGAACTCAACTA_009,150
GATTGACCTGAACTCAACTA_010,41
GATTGACCTGAACTCAACTA_011,169
GATTGACCTGAACTCAACTA_012,2
GATTGACCTGAACTCAACTA_013,194
GATTGACCTGAACTCAACTA_014,140
GATTGACCTGAACTCAACTA_015,75
GATTGACCTGAACTCAACTA_016,168
GATTGACCTGAACTCAACTA_017,150
TAAGTTATGGATGACTGACA_001,111
TAAGTTATGGATGACTGACA_002,25
TAAGTTATGGATGACTGACA_003,102
TAAGTTATGGATGACTGACA_004,121
TAAGTTATGGATGACTGACA_005,28
TAAGTTATGGATGACTGACA_006,190
AAATGATACTAAATCCAGAG_001,23
CCGTATGGGACCGATACTCG_001,19
CCGTATGGGACCGATACTCG_002,119
CCGTATGGGACCGATACTCG_003,139
CCGTATGGGACCGATACTCG_004,67
CCGTATGGGACCGATACTCG_005,40
CCGTATGGGACCGATACTCG_006,146
CCGTATGGGACCGATACTCG_007,0
CCGTATGGGACCGATACTCG_008,40
CCGTATGGGACCGATACTCG_009,124
CCGTATGGGACCGATACTCG_010,77
CCGTATGGGACCGATACTCG_011,168
ACCCACAGGGAAATAAAAGG_001,36
ACCCACAGGGAAATAAAAGG_002,191
ACCCACAGGGAAATAAAAGG_003,162
ACCCACAGGGAAATAAAAGG_004,184
ACCCACAGGGAAATAAAAGG_005,19
CTCTCCTCGGATGAACAAGG_001,94
CTCTCCTCGGATGAACAAGG_002,51
CTCTCCTCGGATGAACAAGG_003,21
CTCTCCTCGGATGAACAAGG_004,77
CTCTCCTCGGATGAACAAGG_005,124
CTCTCCTCGGATGAACAAGG_006,157
CTCTCCTCGGATGAACAAGG_007,166
CTCTCCTCGGATGAACAAGG_008,22
CTACAGGGCCGAGTACGAAG_001,45
CTACAGGGCCGAGTACGAAG_002,181
CTACAGGGCCGAGTACGAAG_003,34
CTACAGGGCCGAGTACGAAG_004,9
CTACAGGGCCGAGTACGAAG_005,94
CTACAGGGCCGAGTACGAAG_006,50
ATAGAGAAAATTACTCAGAG_001,56
ATAGAGAAAATTACTCAGAG_002,16
ATAGAGAAAATTACTCAGAG_003,170
ATAGAGAAAATTACTCAGAG_004,175
ATAGAGAAAATTACTCAGAG_005,30
ATGACTCGGACTGAACAAGA_001,92
ATGACTCGGACTGAACAAGA_002,58
ATGACTCGGACTGAACAAGA_003,82
ATGACTCGGACTGAACAAGA_004,63
ATGACTCGGACTGAACAAGA_005,144
ATGACTCGGACTGAACAAGA_006,38
ATGACTCGGACTGAACAAGA_007,196
ATGACTCGGACTGAACAAGA_008,150
ATGACTCGGACTGAACAAGA_009,127
ATGACTCGGACTGAACAAGA_010,158
ATGACTCGGACTGAACAAGA_011,26
ATGACTCGGACTGAACAAGA_012,172
ATGACTCGGACTGAACAAGA_013,181
ATGACTCGGACTGAACAAGA_014,121
ATGACTCGGACTGAACAAGA_015,53
ATGACTCGGACTGAACAAGA_016,87
ATGACTCGGACTGAACAAGA_017,9
ATGACTCGGACTGAACAAGA_018,134
ATGACTCGGACTGAACAAGA_019,34
ATGACTCGGACTGAACAAGA_020,36
ATGACTCGGACTGAACAAGA_021,39
ATGACTCGGACTGAACAAGA_022,135
ATGACTCGGACTGAACAAGA_023,16
GACAGATTGATTTCCCGCTG_001,129
GACAGATTGATTTCCCGCTG_002,88
GACAGATTGATTTCCCGCTG_003,97
GACAGATTGATTTCCCGCTG_004,49
GACAGATTGATTTCCCGCTG_005,168
GACAGATTGATTTCCCGCTG_006,122
GACAGATTGATTTCCCGCTG_007,54
GACAGATTGATTTCCCGCTG_008,57
GACAGATTGATTTCCCGCTG_009,52
GACAGATTGATTTCCCGCTG_010,59
GACAGATTGATTTCCCGCTG_011,52
GACAGATTGATTTCCCGCTG_012,85
GACAGATTGATTTCCCGCTG_013,197
GACAGATTGATTTCCCGCTG_014,145
GACAGATTGATTTCCCGCTG_015,113
GACAGATTGATTTCCCGCTG_016,42
GACAGATTGATTTCCCGCTG_017,179
AGCTGGAGGTCTCAGGACGT_001,68
AGCTGGAGGTCTCAGGACGT_002,57
AGCTGGAGGTCTCAGGACGT_003,150
AGCTGGAGGTCTCAGGACGT_004,46
AGCTGGAGGTCTCAGGACGT_005,53
AGCTGGAGGTCTCAGGACGT_006,162
AGCTGGAGGTCTCAGGACGT_007,72
AGCTGGAGGTCTCAGGACGT_008,158
AGCTGGAGGTCTCAGGACGT_009,43
AGCTGGAGGTCTCAGGACGT_010,157
AGCTGGAGGTCTCAGGACGT_011,188
AGCTGGAGGTCTCAGGACGT_012,174
CAGCAGGTAGGAGACATCCG_001,9
CAGCAGGTAGGAGACATCCG_002,112
CAGCAGGTAGGAGACATCCG_003,48
CAGCAGGTAGGAGACATCCG_004,114
CAGCAGGTAGGAGACATCCG_005,112
CAGCAGGTAGGAGACATCCG_006,81
CAGCAGGTAGGAGACATCCG_007,199
CAGCAGGTAGGAGACATCCG_008,41
CAGCAGGTAGGAGACATCCG_009,161
CAGCAGGTAGGAGACATCCG_010,146
CAGCAGGTAGGAGACATCCG_011,56
CAGCAGGTAGGAGACATCCG_012,125
CAGCAGGTAGGAGACATCCG_013,162
CAGCAGGTAGGAGACATCCG_014,56
CAGCAGGTAGGAGACATCCG_015,82
CAGCAGGTAGGAGACATCCG_016,89
CAGCAGGTAGGAGACATCCG_017,26
CAGCAGGTAGGAGACATCCG_018,56
CAGCAGGTAGGAGACATCCG_019,189
CAGCAGGTAGGAGACATCCG_020,98
CAGCAGGTAGGAGACATCCG_021,118
CAGCAGGTAGGAGACATCCG_022,94
CAGCAGGTAGGAGACATCCG_023,68
CAGCAGGTAGGAGACATCCG_024,175
CAGCAGGTAGGAGACATCCG_025,149
CAGCAGGTAGGAGACATCCG_026,94
CAGCAGGTAGGAGACATCCG_027,196
CAGCAGGTAGGAGACATCCG_028,147
CAGCAGGTAGGAGACATCCG_029,183
CAGCAGGTAGGAGACATCCG_030,78
CAGCAGGTAGGAGACATCCG_031,43
CAGCAGGTAGGAGACATCCG_032,15
CAGCAGGTAGGAGACATCCG_033,198
CAGCAGGTAGGAGACATCCG_034,66
CAGCAGGTAGGAGACATCCG_035,12
CAGCAGGTAGGAGACATCCG_036,41
CAGCAGGTAGGAGACATCCG_037,144
GTAGAGTCCTCAGACCACGA_001,130
GTAGAGTCCTCAGACCACGA_002,60
GTAGAGTCCTCAGACCACGA_003,107
GTAGAGTCCTCAGACCACGA_004,52
GTAGAGTCCTCAGACCACGA_005,150
GTAGAGTCCTCAGACCACGA_006,48
GTAGAGTCCTCAGACCACGA_007,22
GTAGAGTCCTCAGACCACGA_008,131
GTAGAGTCCTCAGACCACGA_009,91
GTAGAGTCCTCAGACCACGA_010,12
GTAGAGTCCTCAGACCACGA_011,54
GTAGAGTCCTCAGACCACGA_012,149
GTAGAGTCCTCAGACCACGA_013,30
GTAGAGTCCTCAGACCACGA_014,60
GTAGAGTCCTCAGACCACGA_015,94
GTAGAGTCCTCAGACCACGA_016,42
GTAGAGTCCTCAGACCACGA_017,87
GTAGAGTCCTCAGACCACGA_018,52
GTAGAGTCCTCAGACCACGA_019,146
GTAGAGTCCTCAGACCACGA_020,140
GTAGAGTCCTCAGACCACGA_021,37
GTAGAGTCCTCAGACCACGA_022,90
GTAGAGTCCTCAGACCACGA_023,115
TCTGGCTACCAAGCATCTCA_001,121
GGACGCCCTGGACCTAAGGT_001,133
GGACGCCCTGGACCTAAGGT_002,109
GGACGCCCTGGACCTAAGGT_003,12
GGACGCCCTGGACCTAAGGT_004,29
GGACGCCCTGGACCTAAGGT_005,39
GGACGCCCTGGACCTAAGGT_006,198
GGACGCCCTGGACCTAAGGT_007,76
GGACGCCCTGGACCTAAGGT_008,181
GGACGCCCTGGACCTAAGGT_009,28
GGACGCCCTGGACCTAAGGT_010,36
GGACGCCCTGGACCTAAGGT_011,16
GGACGCCCTGGACCTAAGGT_012,12
GGTCTGGGTACGAACTACCG_001,116
GGTCTGGGTACGAACTACCG_002,128
GGTCTGGGTACGAACTACCG_003,62
GGTCTGGGTACGAACTACCG_004,175
GGTCTGGGTACGAACTACCG_005,94
GGTCTGGGTACGAACTACCG_006,16
GGTCTGGGTACGAACTACCG_007,81
AAGAGAACTGTACCATACAC_001,152
AAGAGAACTGTACCATACAC_002,168
AAGAGAACTGTACCATACAC_003,101
AAGAGAACTGTACCATACAC_004,173
AAGAGAACTGTACCATACAC_005,154
AAGAGAACTGTACCATACAC_006,95
CACAGCTGTCTTCTCGCAGT_001,98
CACAGCTGTCTTCTCGCAGT_002,19
CACAGCTGTCTTCTCGCAGT_003,157
CCTGAATGTGCACTACATTG_001,177
CCTGAATGTGCACTACATTG_002,39
AGCTGTGGATGTCCAACAAG_001,29
AGCTGTGGATGTCCAACAAG_002,72
AGCTGTGGATGTCCAACAAG_003,186
AGCTGTGGATGTCCAACAAG_004,172
AGCTGTGGATGTCCAACAAG_005,144
AGCTGTGGATGTCCAACAAG_006,22
AGCTGTGGATGTCCAACAAG_007,81
AGCTGTGGATGTCCAACAAG_008,92
AGCTGTGGATGTCCAACAAG_009,137
AGCTGTGGATGTCCAACAAG_010,180
AGCTGTGGATGTCCAACAAG_011,104
AGCTGTGGATGTCCAACAAG_012,15
AGCTGTGGATGTCCAACAAG_013,146
CAGGGACACCCGTTCCCAGA_001,32
CAGGGACACCCGTTCCCAGA_002,39
CAGGGACACCCGTTCCCAGA_003,172
ACAGCTGAGATTGCCAGAAG_001,160
ACAGCTGAGATTGCCAGAAG_002,126
ACAGCTGAGATTGCCAGAAG_003,147
ACAGCTGAGATTGCCAGAAG_004,176
ACAGCTGAGATTGCCAGAAG_005,11
ACAGCTGAGATTGCCAGAAG_006,50
ACAGCTGAGATTGCCAGAAG_007,112
ACAGCTGAGATTGCCAGAAG_008,107
ACAGCTGAGATTGCCAGAAG_009,12
ACAGCTGAGATTGCCAGAAG_010,77
ACAGCTGAGATTGCCAGAAG_011,123
CTCATAGGTCCAAAGAGGAC_001,26
CTCATAGGTCCAAAGAGGAC_002,30
CTCATAGGTCCAAAGAGGAC_003,87
CTCATAGGTCCAAAGAGGAC_004,162
TTGTCTGGTAGAGAGCAGCT_001,169
TTGTCTGGTAGAGAGCAGCT_002,20
TTGTCTGGTAGAGAGCAGCT_003,29
TTGTCTGGTAGAGAGCAGCT_004,187
TTGTCTGGTAGAGAGCAGCT_005,140
TTGTCTGGTAGAGAGCAGCT_006,82
GGACAAAGAAGAACATATGC_001,137
GGACAAAGAAGAACATATGC_002,197
TCAATACGCACCACCGCGTG_001,15
TCAATACGCACCACCGCGTG_002,148
GGATCAGGTACAACTCCACT_001,184
GGATCAGGTACAACTCCACT_002,14
GGATCAGGTACAACTCCACT_003,51
GGATCAGGTACAACTCCACT_004,66
GGATCAGGTACAACTCCACT_005,121
ACCTGGGATGAAACTAACTG_001,73
ACCTGGGATGAAACTAACTG_002,81
ACCTGGGATGAAACTAACTG_003,88
ACCTGGGATGAAACTAACTG_004,157
ACCTGGGATGAAACTAACTG_005,146
ACCTGGGATGAAACTAACTG_006,150
ACCTGGGATGAAACTAACTG_007,87
ACCTGGGATGAAACTAACTG_008,132
ACCTGGGATGAAACTAACTG_009,14
ACCTGGGATGAAACTAACTG_010,174
ACCTGGGATGAAACTAACTG_011,58
ACCTGGGATGAAACTAACTG_012,45
ACCTGGGATGAAACTAACTG_013,9
ACCTGGGATGAAACTAACTG_014,33
ACCTGGGATGAAACTAACTG_015,189
ACCTGGGATGAAACTAACTG_016,171
ACCTGGGATGAAACTAACTG_017,28
ACCTGGGATGAAACTAACTG_018,115
ACCTGGGATGAAACTAACTG_019,66
ACCTGGGATGAAACTAACTG_020,138
TTTGCCGCAGGTATTCGGGG_001,181
TTTGCCGCAGGTATTCGGGG_002,134
TTTGCCGCAGGTATTCGGGG_003,18
TTTGCCGCAGGTATTCGGGG_004,1
TTTGCCGCAGGTATTCGGGG_005,50
TTTGCCGCAGGTATTCGGGG_006,77
TGAGGCGCGTCACCTCGATG_001,48
TGAGGCGCGTCACCTCGATG_002,169
TGAGGCGCGTCACCTCGATG_003,119
TGAGGCGCGTCACCTCGATG_004,147
TGAGGCGCGTCACCTCGATG_005,88
TGAGGCGCGTCACCTCGATG_006,2
TGAGGCGCGTCACCTCGATG_007,146
GCATGTTTGAACGTTCTCCG_001,51
GCATGTTTGAACGTTCTCCG_002,150
GCATGTTTGAACGTTCTCCG_003,6
GCATGTTTGAACGTTCTCCG_004,107
GCATGTTTGAACGTTCTCCG_005,36
GCATGTTTGAACGTTCTCCG_006,42
GCATGTTTGAACGTTCTCCG_007,82
GCATGTTTGAACGTTCTCCG_008,144
GCATGTTTGAACGTTCTCCG_009,35
GCATGTTTGAACGTTCTCCG_010,68
GCATGTTTGAACGTTCTCCG_011,88
TGATCAGATGTGGCTGCCAG_001,49
TGATCAGATGTGGCTGCCAG_002,2
TGATCAGATGTGGCTGCCAG_003,150
TGATCAGATGTGGCTGCCAG_004,183
TGATCAGATGTGGCTGCCAG_005,62
TGATCAGATGTGGCTGCCAG_006,192
TGATCAGATGTGGCTGCCAG_007,74
TGATCAGATGTGGCTGCCAG_008,15
TGATCAGATGTGGCTGCCAG_009,145
TGATCAGATGTGGCTGCCAG_010,147
TGATCAGATGTGGCTGCCAG_011,10
TGATCAGATGTGGCTGCCAG_012,154
TGATCAGATGTGGCTGCCAG_013,103
TGATCAGATGTGGCTGCCAG_014,175
TGATCAGATGTGGCTGCCAG_015,96
TGATCAGATGTGGCTGCCAG_016,106
TGATCAGATGTGGCTGCCAG_017,6
TGATCAGATGTGGCTGCCAG_018,178
TTGCCTTAAAAGCTTTGCAT_001,149
TTGCCTTAAAAGCTTTGCAT_002,118
TTGCCTTAAAAGCTTTGCAT_003,88
TTGCCTTAAAAGCTTTGCAT_004,105
TTGCCTTAAAAGCTTTGCAT_005,169
TTGCCTTAAAAGCTTTGCAT_006,171
TTGCCTTAAAAGCTTTGCAT_007,34
TTGCCTTAAAAGCTTTGCAT_008,162
AGTTACAAGGAATACACTAG_001,61
AGTTACAAGGAATACACTAG_002,2
AGTTACAAGGAATACACTAG_003,188
AGTTACAAGGAATACACTAG_004,165
AGTTACAAGGAATACACTAG_005,2
AGTTACAAGGAATACACTAG_006,81
AGTTACAAGGAATACACTAG_007,154
AGTTACAAGGAATACACTAG_008,53
CAGGGGTGACATGTACCTGT_001,2
CAGGGGTGACATGTACCTGT_002,29
CAGGGGTGACATGTACCTGT_003,1
CAGGGGTGACATGTACCTGT_004,119
CAGGGGTGACATGTACCTGT_005,83
CAGGGGTGACATGTACCTGT_006,29
CAGGGGTGACATGTACCTGT_007,44
CAGGGGTGACATGTACCTGT_008,130
CAGGGGTGACATGTACCTGT_009,68
CAGGGGTGACATGTACCTGT_010,197
CAGGGGTGACATGTACCTGT_011,29
TGGAATTCAAGCAATTGGTA_001,156
ACAATGCAGTAGCAAACCTC_001,196
ACAATGCAGTAGCAAACCTC_002,80
ACAATGCAGTAGCAAACCTC_003,127
ACAATGCAGTAGCAAACCTC_004,9
ACAATGCAGTAGCAAACCTC_005,145
ACAATGCAGTAGCAAACCTC_006,25
ACAATGCAGTAGCAAACCTC_007,160
ACAATGCAGTAGCAAACCTC_008,9
ACAATGCAGTAGCAAACCTC_009,17
ACAATGCAGTAGCAAACCTC_010,190
ACAATGCAGTAGCAAACCTC_011,160
ACAATGCAGTAGCAAACCTC_012,82
ACAATGCAGTAGCAAACCTC_013,113
ACAATGCAGTAGCAAACCTC_014,137
ACAATGCAGTAGCAAACCTC_015,180
ACAATGCAGTAGCAAACCTC_016,63
ACAATGCAGTAGCAAACCTC_017,19
ACAATGCAGTAGCAAACCTC_018,191
ACAATGCAGTAGCAAACCTC_019,191
ACAATGCAGTAGCAAACCTC_020,124
ACAATGCAGTAGCAAACCTC_021,29
ACAATGCAGTAGCAAACCTC_022,140
ACTGAATACAGCCCAACCCA_001,199
ACTGAATACAGCCCAACCCA_002,85
ACTGAATACAGCCCAACCCA_003,41
ACTGAATACAGCCCAACCCA_004,50
ACTGAATACAGCCCAACCCA_005,40
ACTGAATACAGCCCAACCCA_006,171
ACTGAATACAGCCCAACCCA_007,164
ACTGAATACAGCCCAACCCA_008,41
ACTGAATACAGCCCAACCCA_009,178
ACTGAATACAGCCCAACCCA_010,176
TGGGACAGGTCACCACGACC_001,15
TGGGACAGGTCACCACGACC_002,35
TGGGACAGGTCACCACGACC_003,83
TGGGACAGGTCACCACGACC_004,177
TGGGACAGGTCACCACGACC_005,16
TGGGACAGGTCACCACGACC_006,73
TGGGACAGGTCACCACGACC_007,132
TGGGACAGGTCACCACGACC_008,105
TGGGACAGGTCACCACGACC_009,78
TGGGACAGGTCACCACGACC_010,11
TGGGACAGGTCACCACGACC_011,125
TGGGACAGGTCACCACGACC_012,140
TGGGACAGGTCACCACGACC_013,160
TGGGACAGGTCACCACGACC_014,31
TGGGACAGGTCACCACGACC_015,106
GTTCATATCCTCCATAGTGA_001,55
GTTCATATCCTCCATAGTGA_002,36
GTTCATATCCTCCATAGTGA_003,25
GTTCATATCCTCCATAGTGA_004,60
GTTCATATCCTCCATAGTGA_005,141
GGAGTGGAAGGAGAAACCCT_001,138
GGAGTGGAAGGAGAAACCCT_002,38
GGAGTGGAAGGAGAAACCCT_003,179
GGAGTGGAAGGAGAAACCCT_004,52
GGAGTGGAAGGAGAAACCCT_005,129
GGAGTGGAAGGAGAAACCCT_006,30
GGAGTGGAAGGAGAAACCCT_007,106
GGAGTGGAAGGAGAAACCCT_008,175
CCGAAGTCAATGTTAATCTG_001,62
CCGAAGTCAATGTTAATCTG_002,48
CCGAAGTCAATGTTAATCTG_003,148
CCGAAGTCAATGTTAATCTG_004,141
CCGAAGTCAATGTTAATCTG_005,24
CCGAAGTCAATGTTAATCTG_006,58
CCGAAGTCAATGTTAATCTG_007,192
CCGAAGTCAATGTTAATCTG_008,162
CCGAAGTCAATGTTAATCTG_009,169
CCGAAGTCAATGTTAATCTG_010,123
CCGAAGTCAATGTTAATCTG_011,40
CCGAAGTCAATGTTAATCTG_012,186
CCGAAGTCAATGTTAATCTG_013,24
CCGAAGTCAATGTTAATCTG_014,177
CCGAAGTCAATGTTAATCTG_015,63
CCGAAGTCAATGTTAATCTG_016,135
CCGAAGTCAATGTTAATCTG_017,83
CCGAAGTCAATGTTAATCTG_018,43
CCGAAGTCAATGTTAATCTG_019,141
TGGGGGCAATTTAGCAACAG_001,49
TGGGGGCAATTTAGCAACAG_002,41
TGGGGGCAATTTAGCAACAG_003,8
ACGACCGTACTGCTGCACGC_001,67
ACGACCGTACTGCTGCACGC_002,166
ACGACCGTACTGCTGCACGC_003,132
ACGACCGTACTGCTGCACGC_004,124
ACGACCGTACTGCTGCACGC_005,116
ACGACCGTACTGCTGCACGC_006,42
GTGCCTTAAATTTGGCAAGT_001,76
GTGCCTTAAATTTGGCAAGT_002,68
GTGCCTTAAATTTGGCAAGT_003,50
GTGCCTTAAATTTGGCAAGT_004,58
GTGCCTTAAATTTGGCAAGT_005,0
TCTGAAGAAGCTAAGGATTG_001,123
TCTGAAGAAGCTAAGGATTG_002,134
TCTGAAGAAGCTAAGGATTG_003,40
TCTGAAGAAGCTAAGGATTG_004,78
TCTGAAGAAGCTAAGGATTG_005,178
TCTGAAGAAGCTAAGGATTG_006,83
TCTGAAGAAGCTAAGGATTG_007,82
AAGGTCAAATTTGACGACGC_001,56
AAGGTCAAATTTGACGACGC_002,17
AAGGTCAAATTTGACGACGC_003,17
AAGGTCAAATTTGACGACGC_004,188
AAGGTCAAATTTGACGACGC_005,185
AAGGTCAAATTTGACGACGC_006,169
AAGGTCAAATTTGACGACGC_007,15
AAGGTCAAATTTGACGACGC_008,29
AAGGTCAAATTTGACGACGC_009,9
AAGGTCAAATTTGACGACGC_010,88
AAGGTCAAATTTGACGACGC_011,70
AAGGTCAAATTTGACGACGC_012,184
AAGGTCAAATTTGACGACGC_013,197
TCTGGGAACTCATTCCCATG_001,198
TCTGGGAACTCATTCCCATG_002,82
TCTGGGAACTCATTCCCATG_003,58
TCTGGGAACTCATTCCCATG_004,79
TCTGGGAACTCATTCCCATG_005,91
TCTGGGAACTCATTCCCATG_006,175
TCTGGGAACTCATTCCCATG_007,56
TCTGGGAACTCATTCCCATG_008,13
TCTGGGAACTCATTCCCATG_009,144
TCTGGGAACTCATTCCCATG_010,3
TCTGGGAACTCATTCCCATG_011,183
GAGACTGACCTGATCGCACA_001,170
GAGACTGACCTGATCGCACA_002,168
GAGACTGACCTGATCGCACA_003,184
GAGACTGACCTGATCGCACA_004,74
GAGACTGACCTGATCGCACA_005,104
GAGACTGACCTGATCGCACA_006,133
GAGACTGACCTGATCGCACA_007,149
GAGACTGACCTGATCGCACA_008,77
GAGACTGACCTGATCGCACA_009,148
GAGACTGACCTGATCGCACA_010,78
GAGACTGACCTGATCGCACA_011,38
GAGACTGACCTGATCGCACA_012,58
GAGACTGACCTGATCGCACA_013,48
GAGACTGACCTGATCGCACA_014,17
GAGACTGACCTGATCGCACA_015,167
GAGACTGACCTGATCGCACA_016,88
GAGACTGACCTGATCGCACA_017,177
GAGACTGACCTGATCGCACA_018,92
GAGACTGACCTGATCGCACA_019,144
GAGACTGACCTGATCGCACA_020,150
GAGACTGACCTGATCGCACA_021,112
TCGAGCATTTATAAACATCG_001,97
TCGAGCATTTATAAACATCG_002,78
TCGAGCATTTATAAACATCG_003,191
TCGAGCATTTATAAACATCG_004,29
TCGAGCATTTATAAACATCG_005,175
TCGAGCATTTATAAACATCG_006,2
TCGAGCATTTATAAACATCG_007,84
TCGAGCATTTATAAACATCG_008,66
GACTACTGTGAGAGTATCCG_001,4
GACTACTGTGAGAGTATCCG_002,154
GACTACTGTGAGAGTATCCG_003,60
AGGAACTAGGCTCCAACACG_001,2
AGGAACTAGGCTCCAACACG_002,169
AGGAACTAGGCTCCAACACG_003,139
AGGAACTAGGCTCCAACACG_004,85
AGGAACTAGGCTCCAACACG_005,1
AGGAACTAGGCTCCAACACG_006,44
AGGAACTAGGCTCCAACACG_007,141
AGGAACTAGGCTCCAACACG_008,19
AGGAACTAGGCTCCAACACG_009,165
AGGAACTAGGCTCCAACACG_010,29
AGGAACTAGGCTCCAACACG_011,29
AGGAACTAGGCTCCAACACG_012,116
AGGAACTAGGCTCCAACACG_013,104
AGGAACTAGGCTCCAACACG_014,93
AGGAACTAGGCTCCAACACG_015,168
AGGAACTAGGCTCCAACACG_016,116
AGGAACTAGGCTCCAACACG_017,34
AGGAACTAGGCTCCAACACG_018,3
GATTACATCCACAGTACCCA_001,192
GATTACATCCACAGTACCCA_002,103
GATTACATCCACAGTACCCA_003,184
GATTACATCCACAGTACCCA_004,182
CCAGTCCCACAGATCTGTAG_001,124
CCAGTCCCACAGATCTGTAG_002,32
TGAACTTGTCCAAATTGGTG_001,120
CATGGACCAGGCCATAACGG_001,197
CATGGACCAGGCCATAACGG_002,105
CATGGACCAGGCCATAACGG_003,177
CATGGACCAGGCCATAACGG_004,119
GTTCCCAGTCTCGATCCCGG_001,41
GTTCCCAGTCTCGATCCCGG_002,12
GTTCCCAGTCTCGATCCCGG_003,172
GTTCCCAGTCTCGATCCCGG_004,96
GTTCCCAGTCTCGATCCCGG_005,165
GTTCCCAGTCTCGATCCCGG_006,19
GTTCCCAGTCTCGATCCCGG_007,172
GTTCCCAGTCTCGATCCCGG_008,139
GTTCCCAGTCTCGATCCCGG_009,180
GTTCCCAGTCTCGATCCCGG_010,84
AATGCCAAAAAGTGGCGCGT_001,48
AATGCCAAAAAGTGGCGCGT_002,16
AATGCCAAAAAGTGGCGCGT_003,184
AATGCCAAAAAGTGGCGCGT_004,1
AATGCCAAAAAGTGGCGCGT_005,73
AATGCCAAAAAGTGGCGCGT_006,67
AATGCCAAAAAGTGGCGCGT_007,94
AATGCCAAAAAGTGGCGCGT_008,81
AATGCCAAAAAGTGGCGCGT_009,137
AATGCCAAAAAGTGGCGCGT_010,47
AATGCCAAAAAGTGGCGCGT_011,6
AATGCCAAAAAGTGGCGCGT_012,177
AATGCCAAAAAGTGGCGCGT_013,82
AATGCCAAAAAGTGGCGCGT_014,15
AATGCCAAAAAGTGGCGCGT_015,12
GAAGAATGAGTATAAAGGAT_001,48
GAAGAATGAGTATAAAGGAT_002,193
GTCCTGCAATGACCTGACAC_001,4
GTCCTGCAATGACCTGACAC_002,166
GTCCTGCAATGACCTGACAC_003,198
GTCCTGCAATGACCTGACAC_004,129
GTCCTGCAATGACCTGACAC_005,158
GTCCTGCAATGACCTGACAC_006,30
GTCCTGCAATGACCTGACAC_007,178
GTCCTGCAATGACCTGACAC_008,49
GTCCTGCAATGACCTGACAC_009,104
GTCCTGCAATGACCTGACAC_010,138
CTGTTGCTATATAAACCCGC_001,24
CTGTTGCTATATAAACCCGC_002,9
CTGTTGCTATATAAACCCGC_003,199
CTGTTGCTATATAAACCCGC_004,154
CTGTTGCTATATAAACCCGC_005,23
CTGTTGCTATATAAACCCGC_006,133
CTGTTGCTATATAAACCCGC_007,72
CTGTTGCTATATAAACCCGC_008,140
AAGCCACACAGGTTGGACAA_001,9
AAGCCACACAGGTTGGACAA_002,188
AAGCCACACAGGTTGGACAA_003,168
AAGCCACACAGGTTGGACAA_004,152
AAGCCACACAGGTTGGACAA_005,1
AAGCCACACAGGTTGGACAA_006,12
AAGCCACACAGGTTGGACAA_007,49
AAGCCACACAGGTTGGACAA_008,157
AAGCCACACAGGTTGGACAA_009,137
AAGCCACACAGGTTGGACAA_010,11
AAGCCACACAGGTTGGACAA_011,140
AAGCCACACAGGTTGGACAA_012,19
AAGCCACACAGGTTGGACAA_013,65
AAGCCACACAGGTTGGACAA_014,132
AAGCCACACAGGTTGGACAA_015,176
AAGCCACACAGGTTGGACAA_016,8
AAGCCACACAGGTTGGACAA_017,76
AAGCCACACAGGTTGGACAA_018,161
AAGCCACACAGGTTGGACAA_019,191
AAGCCACACAGGTTGGACAA_020,88
AAGCCACACAGGTTGGACAA_021,41
AAGCCACACAGGTTGGACAA_022,60
AAGCCACACAGGTTGGACAA_023,106
AAGCCACACAGGTTGGACAA_024,198
AAGCCACACAGGTTGGACAA_025,72
AAGCCACACAGGTTGGACAA_026,98
AAGCCACACAGGTTGGACAA_027,198
AAGCCACACAGGTTGGACAA_028,126
AAGCCACACAGGTTGGACAA_029,191
AAGCCACACAGGTTGGACAA_030,65
CCAATCTCAGGCCCGAACCC_001,45
CCAATCTCAGGCCCGAACCC_002,150
CCAATCTCAGGCCCGAACCC_003,190
CCAATCTCAGGCCCGAACCC_004,186
CCAATCTCAGGCCCGAACCC_005,134
CCAATCTCAGGCCCGAACCC_006,147
CCAATCTCAGGCCCGAACCC_007,98
CCAATCTCAGGCCCGAACCC_008,77
CCAATCTCAGGCCCGAACCC_009,5
GCAGGCTCTGTTTAGCACCC_001,176
TAATCATCCAACAGACCCGG_001,41
TAATCATCCAACAGACCCGG_002,134
TAATCATCCAACAGACCCGG_003,198
TAATCATCCAACAGACCCGG_004,23
TAATCATCCAACAGACCCGG_005,62
TAATCATCCAACAGACCCGG_006,66
TAATCATCCAACAGACCCGG_007,96
TAATCATCCAACAGACCCGG_008,70
TAATCATCCAACAGACCCGG_009,74
TAATCATCCAACAGACCCGG_010,10
TAATCATCCAACAGACCCGG_011,56
TAATCATCCAACAGACCCGG_012,178
TAATCATCCAACAGACCCGG_013,162
TGACATTGGTGATACTGTAG_001,141
TGACATTGGTGATACTGTAG_002,30
CGAGCCATTTAAGATCCCGG_001,144
CGAGCCATTTAAGATCCCGG_002,125
CGAGCCATTTAAGATCCCGG_003,105
CGAGCCATTTAAGATCCCGG_004,133
CGAGCCATTTAAGATCCCGG_005,143
CGAGCCATTTAAGATCCCGG_006,22
CGAGCCATTTAAGATCCCGG_007,56
CGAGCCATTTAAGATCCCGG_008,142
CGATGTCCGAACAGCCTGAG_001,82
CGATGTCCGAACAGCCTGAG_002,192
CGATGTCCGAACAGCCTGAG_003,60
CGATGTCCGAACAGCCTGAG_004,182
CGATGTCCGAACAGCCTGAG_005,41
CGATGTCCGAACAGCCTGAG_006,76
CGATGTCCGAACAGCCTGAG_007,78
CGATGTCCGAACAGCCTGAG_008,191
CGATGTCCGAACAGCCTGAG_009,33
CGATGTCCGAACAGCCTGAG_010,18
CGATGTCCGAACAGCCTGAG_011,112
CGATGTCCGAACAGCCTGAG_012,150
CGATGTCCGAACAGCCTGAG_013,91
CGATGTCCGAACAGCCTGAG_014,175
CGATGTCCGAACAGCCTGAG_015,175
CGATGTCCGAACAGCCTGAG_016,160
CGATGTCCGAACAGCCTGAG_017,150
CGATGTCCGAACAGCCTGAG_018,81
CGATGTCCGAACAGCCTGAG_019,149
CGATGTCCGAACAGCCTGAG_020,10
CGATGTCCGAACAGCCTGAG_021,115
CGATGTCCGAACAGCCTGAG_022,176
CGATGTCCGAACAGCCTGAG_023,152
CGATGTCCGAACAGCCTGAG_024,175
CGATGTCCGAACAGCCTGAG_025,43
CGATGTCCGAACAGCCTGAG_026,49
CGATGTCCGAACAGCCTGAG_027,44
CGATGTCCGAACAGCCTGAG_028,177
GAGGTCATGGATGGGCGTGG_001,196
GAGGTCATGGATGGGCGTGG_002,160
GAGGTCATGGATGGGCGTGG_003,60
GAGGTCATGGATGGGCGTGG_004,193
TCCTCAAGTGCACACAGCCG_001,108
TCCTCAAGTGCACACAGCCG_002,11
TCCTCAAGTGCACACAGCCG_003,100
TCCTCAAGTGCACACAGCCG_004,36
TGGAAGACTTCGCGGGCCAC_001,73
TGGAAGACTTCGCGGGCCAC_002,182
TGGAAGACTTCGCGGGCCAC_003,170
TGGAAGACTTCGCGGGCCAC_004,160
TGGAAGACTTCGCGGGCCAC_005,78
TGGAAGACTTCGCGGGCCAC_006,61
TGGAAGACTTCGCGGGCCAC_007,4
TGGAAGACTTCGCGGGCCAC_008,81
TGGAAGACTTCGCGGGCCAC_009,117
TGGAAGACTTCGCGGGCCAC_010,162
TGGAAGACTTCGCGGGCCAC_011,25
TGGAAGACTTCGCGGGCCAC_012,169
TGGAAGACTTCGCGGGCCAC_013,91
TGGAAGACTTCGCGGGCCAC_014,65
TGGAAGACTTCGCGGGCCAC_015,149
TGGAAGACTTCGCGGGCCAC_016,134
TGGAAGACTTCGCGGGCCAC_017,0
TGGAAGACTTCGCGGGCCAC_018,150
TGGAAGACTTCGCGGGCCAC_019,48
TGGAAGACTTCGCGGGCCAC_020,182
TGGAAGACTTCGCGGGCCAC_021,157
TGGAAGACTTCGCGGGCCAC_022,78
TGGAAGACTTCGCGGGCCAC_023,127
TGGAAGACTTCGCGGGCCAC_024,51
CAAACTGGGATTTACCCAAG_001,81
CAAACTGGGATTTACCCAAG_002,58
CAAACTGGGATTTACCCAAG_003,167
TTGTATGAATGACCCCACGA_001,121
TTGTATGAATGACCCCACGA_002,152
TTGTATGAATGACCCCACGA_003,43
TTGTATGAATGACCCCACGA_004,101
TTGTATGAATGACCCCACGA_005,36
TTGTATGAATGACCCCACGA_006,22
TTGTATGAATGACCCCACGA_007,158
TTGTATGAATGACCCCACGA_008,155
TTGTATGAATGACCCCACGA_009,94
TTGTATGAATGACCCCACGA_010,182
TTGTATGAATGACCCCACGA_011,117
TTGTATGAATGACCCCACGA_012,168
TTGTATGAATGACCCCACGA_013,62
GCATGAGCGAGTCTCTAGCA_001,36
GCATGAGCGAGTCTCTAGCA_002,66
GCATGAGCGAGTCTCTAGCA_003,33
GCATGAGCGAGTCTCTAGCA_004,48
GCATGAGCGAGTCTCTAGCA_005,13
GCATGAGCGAGTCTCTAGCA_006,66
GCATGAGCGAGTCTCTAGCA_007,127
GCATGAGCGAGTCTCTAGCA_008,164
GCATGAGCGAGTCTCTAGCA_009,24
ATACACCCAGACAAATGTTG_001,82
ATACACCCAGACAAATGTTG_002,151
ATACACCCAGACAAATGTTG_003,15
ATACACCCAGACAAATGTTG_004,64
ATACACCCAGACAAATGTTG_005,24
ATACACCCAGACAAATGTTG_006,110
ATACACCCAGACAAATGTTG_007,198
ATACACCCAGACAAATGTTG_008,77
AAAACCAGAAGCGTACCCAG_001,127
AAAACCAGAAGCGTACCCAG_002,17
AAAACCAGAAGCGTACCCAG_003,40
AAAACCAGAAGCGTACCCAG_004,14
AAAACCAGAAGCGTACCCAG_005,43
AAAACCAGAAGCGTACCCAG_006,101
AAAACCAGAAGCGTACCCAG_007,20
AAAACCAGAAGCGTACCCAG_008,99
AAAACCAGAAGCGTACCCAG_009,17
AAAACCAGAAGCGTACCCAG_010,169
AAAACCAGAAGCGTACCCAG_011,184
AAAACCAGAAGCGTACCCAG_012,147
AAAACCAGAAGCGTACCCAG_013,0
AAAACCAGAAGCGTACCCAG_014,93
AAAACCAGAAGCGTACCCAG_015,131
AAAACCAGAAGCGTACCCAG_016,174
AAAACCAGAAGCGTACCCAG_017,62
AAAACCAGAAGCGTACCCAG_018,166
AAAACCAGAAGCGTACCCAG_019,81
AAAACCAGAAGCGTACCCAG_020,44
AAAACCAGAAGCGTACCCAG_021,169
AAAACCAGAAGCGTACCCAG_022,65
AAAACCAGAAGCGTACCCAG_023,112
AAAACCAGAAGCGTACCCAG_024,141
AAAACCAGAAGCGTACCCAG_025,141
GATCAATGTAATGAACCGTG_001,198
TGCTGGTGGATCTCTATGCA_001,178
TGCTGGTGGATCTCTATGCA_002,50
TGCTGGTGGATCTCTATGCA_003,162
TTCCTCAAGCCATGGACCAA_001,144
TTCCTCAAGCCATGGACCAA_002,74
TTCCTCAAGCCATGGACCAA_003,111
TTCCTCAAGCCATGGACCAA_004,102
TTCCTCAAGCCATGGACCAA_005,4
TTCCTCAAGCCATGGACCAA_006,68
TTCCTCAAGCCATGGACCAA_007,52
TTCCTCAAGCCATGGACCAA_008,52
TTCCTCAAGCCATGGACCAA_009,129
ATCTTGGAACCTCTCTAACA_001,182
ATCTTGGAACCTCTCTAACA_002,149
AGACACCTTTACCTGAAGCT_001,48
AGACACCTTTACCTGAAGCT_002,53
AGACACCTTTACCTGAAGCT_003,12
AGACACCTTTACCTGAAGCT_004,166
AGACACCTTTACCTGAAGCT_005,77
AGACACCTTTACCTGAAGCT_006,150
CCATCATTCACACGAACTGG_001,113
CCATCATTCACACGAACTGG_002,82
ACGCAGCCCAGGCATGACTG_001,118
ACGCAGCCCAGGCATGACTG_002,160
ACGCAGCCCAGGCATGACTG_003,81
ACGCAGCCCAGGCATGACTG_004,126
ACGCAGCCCAGGCATGACTG_005,34
ACGCAGCCCAGGCATGACTG_006,94
ACGCAGCCCAGGCATGACTG_007,192
ACGCAGCCCAGGCATGACTG_008,53
ACGCAGCCCAGGCATGACTG_009,165
ACGCAGCCCAGGCATGACTG_010,194
ACGCAGCCCAGGCATGACTG_011,32
ACGCAGCCCAGGCATGACTG_012,78
ACGCAGCCCAGGCATGACTG_013,78
ACGCAGCCCAGGCATGACTG_014,198
ACGCAGCCCAGGCATGACTG_015,66
ACGCAGCCCAGGCATGACTG_016,82
ACGCAGCCCAGGCATGACTG_017,186
CTTCAGCAAACAGGCCACTG_001,77
CTTCAGCAAACAGGCCACTG_002,56
CTTCAGCAAACAGGCCACTG_003,38
CTTCAGCAAACAGGCCACTG_004,63
CTTCAGCAAACAGGCCACTG_005,1
CTTCAGCAAACAGGCCACTG_006,179
CTTCAGCAAACAGGCCACTG_007,76
CTTCAGCAAACAGGCCACTG_008,172
CTTCAGCAAACAGGCCACTG_009,153
CTTCAGCAAACAGGCCACTG_010,70
CTTCAGCAAACAGGCCACTG_011,34
CTTCAGCAAACAGGCCACTG_012,199
CTTCAGCAAACAGGCCACTG_013,102
CTTCAGCAAACAGGCCACTG_014,168
CTTCAGCAAACAGGCCACTG_015,111
CTTCAGCAAACAGGCCACTG_016,161
CTTCAGCAAACAGGCCACTG_017,148
CTTCAGCAAACAGGCCACTG_018,149
CTTCAGCAAACAGGCCACTG_019,76
CTTCAGCAAACAGGCCACTG_020,196
CTTCAGCAAACAGGCCACTG_021,61
CTTCAGCAAACAGGCCACTG_022,196
CTTCAGCAAACAGGCCACTG_023,119
CTTCAGCAAACAGGCCACTG_024,40
CTTCAGCAAACAGGCCACTG_025,26
CTTCAGCAAACAGGCCACTG_026,48
CTTCAGCAAACAGGCCACTG_027,130
CTTCAGCAAACAGGCCACTG_028,99
CTTCAGCAAACAGGCCACTG_029,39
CTTCAGCAAACAGGCCACTG_030,62
CTTCAGCAAACAGGCCACTG_031,142
CTTCAGCAAACAGGCCACTG_032,191
CTTCAGCAAACAGGCCACTG_033,198
CTTCAGCAAACAGGCCACTG_034,48
AGTTCGTGAAGTCTGTGAGG_001,67
AGTTCGTGAAGTCTGTGAGG_002,174
AGTTCGTGAAGTCTGTGAGG_003,105
AGTTCGTGAAGTCTGTGAGG_004,129
AGTTCGTGAAGTCTGTGAGG_005,198
AGTTCGTGAAGTCTGTGAGG_006,110
GCGGAGGATCTTAACGGACT_001,36
GCGGAGGATCTTAACGGACT_002,56
GCGGAGGATCTTAACGGACT_003,142
GCGGAGGATCTTAACGGACT_004,56
ATGCTCATTCAATGAGAGGG_001,23
ATGCTCATTCAATGAGAGGG_002,34
ATGCTCATTCAATGAGAGGG_003,101
ATGCTCATTCAATGAGAGGG_004,36
ATGCTCATTCAATGAGAGGG_005,36
ATGCTCATTCAATGAGAGGG_006,139
ATGCTCATTCAATGAGAGGG_007,16
ATGCTCATTCAATGAGAGGG_008,169
ATGCTCATTCAATGAGAGGG_009,117
ATGCTCATTCAATGAGAGGG_010,114
ATGCTCATTCAATGAGAGGG_011,60
ATGCTCATTCAATGAGAGGG_012,20
CTGGTACTGACTCTACCCGC_001,62
CTGGTACTGACTCTACCCGC_002,40
CATCCCAGATGCCGTCCCGG_001,122
CATCCCAGATGCCGTCCCGG_002,183
CATCCCAGATGCCGTCCCGG_003,172
CATCCCAGATGCCGTCCCGG_004,49
CATCCCAGATGCCGTCCCGG_005,103
CATCCCAGATGCCGTCCCGG_006,54
CATCCCAGATGCCGTCCCGG_007,154
CATCCCAGATGCCGTCCCGG_008,147
CATCCCAGATGCCGTCCCGG_009,12
CATCCCAGATGCCGTCCCGG_010,166
CATCCCAGATGCCGTCCCGG_011,72
CATCCCAGATGCCGTCCCGG_012,72
CATCCCAGATGCCGTCCCGG_013,66
CATCCCAGATGCCGTCCCGG_014,27
CCGGTGCCCTGACCACGCAG_001,17
CCGGTGCCCTGACCACGCAG_002,134
CCGGTGCCCTGACCACGCAG_003,134
CCGGTGCCCTGACCACGCAG_004,177
CCGGTGCCCTGACCACGCAG_005,110
CCGGTGCCCTGACCACGCAG_006,163
CCGGTGCCCTGACCACGCAG_007,168
CCGGTGCCCTGACCACGCAG_008,63
CCGGTGCCCTGACCACGCAG_009,2
ATGTAACAAAGATCATCGAA_001,140
ATGTAACAAAGATCATCGAA_002,188
ATGTAACAAAGATCATCGAA_003,22
ATGTAACAAAGATCATCGAA_004,52
ATGTAACAAAGATCATCGAA_005,62
ATGTAACAAAGATCATCGAA_006,177
ATGTAACAAAGATCATCGAA_007,168
AAGAGTTCAGCCATGTACCA_001,181
AAGAGTTCAGCCATGTACCA_002,184
AAGAGTTCAGCCATGTACCA_003,169
AAGAGTTCAGCCATGTACCA_004,112
AAGAGTTCAGCCATGTACCA_005,26
AAGAGTTCAGCCATGTACCA_006,113
AAGAGTTCAGCCATGTACCA_007,1
GTCCCAGATGAGCGACATCG_001,76
GTCCCAGATGAGCGACATCG_002,104
GTCCCAGATGAGCGACATCG_003,70
GTCCCAGATGAGCGACATCG_004,71
GTCCCAGATGAGCGACATCG_005,74
GTGGGCCGGTAGTAGAAGGA_001,62
GTGGGCCGGTAGTAGAAGGA_002,9
GTGGGCCGGTAGTAGAAGGA_003,13
GTGGGCCGGTAGTAGAAGGA_004,34
GTGGGCCGGTAGTAGAAGGA_005,19
GTGGGCCGGTAGTAGAAGGA_006,130
GTGGGCCGGTAGTAGAAGGA_007,16
GTGGGCCGGTAGTAGAAGGA_008,157
GTGGGCCGGTAGTAGAAGGA_009,80
GTGGGCCGGTAGTAGAAGGA_010,160
GTGGGCCGGTAGTAGAAGGA_011,127
GTGGGCCGGTAGTAGAAGGA_012,175
GTGGGCCGGTAGTAGAAGGA_013,67
GTGGGCCGGTAGTAGAAGGA_014,38
GTGGGCCGGTAGTAGAAGGA_015,168
GTGGGCCGGTAGTAGAAGGA_016,59
GTGGGCCGGTAGTAGAAGGA_017,61
GTGGGCCGGTAGTAGAAGGA_018,46
GTGGGCCGGTAGTAGAAGGA_019,152
GTGGGCCGGTAGTAGAAGGA_020,142
TGCTCGAAGTGACCGAACTG_001,161
TGCTCGAAGTGACCGAACTG_002,0
TGCTCGAAGTGACCGAACTG_003,118
TGCTCGAAGTGACCGAACTG_004,149
TGCTCGAAGTGACCGAACTG_005,65
TGCTCGAAGTGACCGAACTG_006,146
TGCTCGAAGTGACCGAACTG_007,136
TGCTCGAAGTGACCGAACTG_008,81
TGCTCGAAGTGACCGAACTG_009,83
TGCTCGAAGTGACCGAACTG_010,154
TGCTCGAAGTGACCGAACTG_011,147
TGCTCGAAGTGACCGAACTG_012,113
TGCTCGAAGTGACCGAACTG_013,17
TGCTCGAAGTGACCGAACTG_014,139
TGCTCGAAGTGACCGAACTG_015,142
TGCTCGAAGTGACCGAACTG_016,123
TGCTCGAAGTGACCGAACTG_017,57
GCGCGCAGAAGTCCTTACTC_001,43
GCGCGCAGAAGTCCTTACTC_002,103
GCGCGCAGAAGTCCTTACTC_003,98
GCGCGCAGAAGTCCTTACTC_004,13
GCGCGCAGAAGTCCTTACTC_005,74
GCGCGCAGAAGTCCTTACTC_006,95
GCGCGCAGAAGTCCTTACTC_007,13
GCGCGCAGAAGTCCTTACTC_008,23
GCGCGCAGAAGTCCTTACTC_009,196
GCGCGCAGAAGTCCTTACTC_010,97
GCGCGCAGAAGTCCTTACTC_011,105
GCGCGCAGAAGTCCTTACTC_012,63
GCGCGCAGAAGTCCTTACTC_013,145
GCGCGCAGAAGTCCTTACTC_014,197
ACTTACAGAAGTCACTTGGT_001,188
ACTTACAGAAGTCACTTGGT_002,49
ACTTACAGAAGTCACTTGGT_003,34
ACTTACAGAAGTCACTTGGT_004,195
ACTTACAGAAGTCACTTGGT_005,195
CAAGATGAGGAGACACTCGT_001,8
CAAGATGAGGAGACACTCGT_002,194
CAAGATGAGGAGACACTCGT_003,147
CAAGATGAGGAGACACTCGT_004,105
CAAGATGAGGAGACACTCGT_005,138
CAAGATGAGGAGACACTCGT_006,106
CAAGATGAGGAGACACTCGT_007,0
CAAGATGAGGAGACACTCGT_008,143
CAAGATGAGGAGACACTCGT_009,40
CAAGATGAGGAGACACTCGT_010,123
GGAGAGGTTGGAAATCATGG_001,175
GGAGAGGTTGGAAATCATGG_002,148
GGAGAGGTTGGAAATCATGG_003,8
AGAACTGGACATCAAGTCAG_001,83
AGAACTGGACATCAAGTCAG_002,170
AGAACTGGACATCAAGTCAG_003,191
AGAACTGGACATCAAGTCAG_004,1
AGAACTGGACATCAAGTCAG_005,12
AGAACTGGACATCAAGTCAG_006,103
AGAACTGGACATCAAGTCAG_007,86
AGAACTGGACATCAAGTCAG_008,29
AGAACTGGACATCAAGTCAG_009,158
AGAACTGGACATCAAGTCAG_010,110
AGAACTGGACATCAAGTCAG_011,160
AGAACTGGACATCAAGTCAG_012,175
AGAACTGGACATCAAGTCAG_013,34
AGAACTGGACATCAAGTCAG_014,60
CGCGCCAGGCATCAACCGAG_001,61
CGCGCCAGGCATCAACCGAG_002,77
CGCGCCAGGCATCAACCGAG_003,64
CGCGCCAGGCATCAACCGAG_004,187
CGCGCCAGGCATCAACCGAG_005,139
CGCGCCAGGCATCAACCGAG_006,141
CGCGCCAGGCATCAACCGAG_007,120
CGCGCCAGGCATCAACCGAG_008,192
CGCGCCAGGCATCAACCGAG_009,17
CGCGCCAGGCATCAACCGAG_010,58
CGCGCCAGGCATCAACCGAG_011,175
ACCTACGTGTACTCACCAAG_001,83
CCATGCAGCTGAATGACAAG_001,38
CCATGCAGCTGAATGACAAG_002,11
CCATGCAGCTGAATGACAAG_003,21
CCATGCAGCTGAATGACAAG_004,72
CAAGGCACATCGGTAGAGAG_001,198
CAAGGCACATCGGTAGAGAG_002,7
CAAGGCACATCGGTAGAGAG_003,28
CAAGGCACATCGGTAGAGAG_004,118
CAAGGCACATCGGTAGAGAG_005,112
CAAGGCACATCGGTAGAGAG_006,114
CAAGGCACATCGGTAGAGAG_007,61
CAAGGCACATCGGTAGAGAG_008,26
CAAGGCACATCGGTAGAGAG_009,47
CAAGGCACATCGGTAGAGAG_010,28
CAAGGCACATCGGTAGAGAG_011,88
CCACCGAGCTCTGGACGCTG_001,127
CCACCGAGCTCTGGACGCTG_002,28
CCACCGAGCTCTGGACGCTG_003,164
CCACCGAGCTCTGGACGCTG_004,15
CCACCGAGCTCTGGACGCTG_005,111
CCACCGAGCTCTGGACGCTG_006,138
CCACCGAGCTCTGGACGCTG_007,49
CCACCGAGCTCTGGACGCTG_008,150
CCACCGAGCTCTGGACGCTG_009,121
CCACCGAGCTCTGGACGCTG_010,76
CCACCGAGCTCTGGACGCTG_011,146
CCACCGAGCTCTGGACGCTG_012,48
CCACCGAGCTCTGGACGCTG_013,17
CCACCGAGCTCTGGACGCTG_014,66
CCACCGAGCTCTGGACGCTG_015,75
CCACCGAGCTCTGGACGCTG_016,173
CCACCGAGCTCTGGACGCTG_017,103
CCACCGAGCTCTGGACGCTG_018,88
CCACCGAGCTCTGGACGCTG_019,76
CCACCGAGCTCTGGACGCTG_020,24
CCACCGAGCTCTGGACGCTG_021,144
CCACCGAGCTCTGGACGCTG_022,142
CCACCGAGCTCTGGACGCTG_023,23
CCACCGAGCTCTGGACGCTG_024,40
CCACCGAGCTCTGGACGCTG_025,144
CCACCGAGCTCTGGACGCTG_026,97
CCACCGAGCTCTGGACGCTG_027,32
CCACCGAGCTCTGGACGCTG_028,76
CCACCGAGCTCTGGACGCTG_029,136
CCACCGAGCTCTGGACGCTG_030,151
CCACCGAGCTCTGGACGCTG_031,15
CCACCGAGCTCTGGACGCTG_032,168
CCACCGAGCTCTGGACGCTG_033,23
CCACCGAGCTCTGGACGCTG_034,23
CACGCCCAGTACCTTCGAAG_001,113
CACGCCCAGTACCTTCGAAG_002,29
CACGCCCAGTACCTTCGAAG_003,1
CACGCCCAGTACCTTCGAAG_004,8
CACGCCCAGTACCTTCGAAG_005,159
CACGCCCAGTACCTTCGAAG_006,76
CACGCCCAGTACCTTCGAAG_007,115
CACGCCCAGTACCTTCGAAG_008,153
TTTGTCAATTCGTTCTGAAG_001,12
TTTGTCAATTCGTTCTGAAG_002,31
CAAAAACCGGTCTCACAAGG_001,110
CAAAAACCGGTCTCACAAGG_002,78
CAAAAACCGGTCTCACAAGG_003,17
GGGTACCCCTCACTCCACTC_001,76
GGGTACCCCTCACTCCACTC_002,168
GGGTACCCCTCACTCCACTC_003,147
GGGTACCCCTCACTCCACTC_004,169
GGGTACCCCTCACTCCACTC_005,19
GGGTACCCCTCACTCCACTC_006,64
GGGTACCCCTCACTCCACTC_007,51
GGGTACCCCTCACTCCACTC_008,6
GGGTACCCCTCACTCCACTC_009,19
GGGTACCCCTCACTCCACTC_010,178
GGGTACCCCTCACTCCACTC_011,178
GGGTACCCCTCACTCCACTC_012,124
GGGTACCCCTCACTCCACTC_013,104
GGGTACCCCTCACTCCACTC_014,0
GGGTACCCCTCACTCCACTC_015,91
ACGGAAAGACCTCGCTATTC_001,12
ACGGAAAGACCTCGCTATTC_002,136
ACGGAAAGACCTCGCTATTC_003,130
ACGGAAAGACCTCGCTATTC_004,102
ACGGAAAGACCTCGCTATTC_005,16
ACGGAAAGACCTCGCTATTC_006,144
ACGGAAAGACCTCGCTATTC_007,108
ACGGAAAGACCTCGCTATTC_008,121
ACGGAAAGACCTCGCTATTC_009,141
ACGGAAAGACCTCGCTATTC_010,141
ACGGAAAGACCTCGCTATTC_011,141
ACGGAAAGACCTCGCTATTC_012,197
ACGGAAAGACCTCGCTATTC_013,197
ACGGAAAGACCTCGCTATTC_014,99
CATCGTGTCCACGCTCAGCG_001,127
CATCGTGTCCACGCTCAGCG_002,152
CATCGTGTCCACGCTCAGCG_003,62
CATCGTGTCCACGCTCAGCG_004,167
CATCGTGTCCACGCTCAGCG_005,64
CATCGTGTCCACGCTCAGCG_006,83
CATCGTGTCCACGCTCAGCG_007,10
CATCGTGTCCACGCTCAGCG_008,161
CATCGTGTCCACGCTCAGCG_009,192
CATCGTGTCCACGCTCAGCG_010,119
CATCGTGTCCACGCTCAGCG_011,8
CATCGTGTCCACGCTCAGCG_012,192
CATCGTGTCCACGCTCAGCG_013,165
CATCGTGTCCACGCTCAGCG_014,194
CATCGTGTCCACGCTCAGCG_015,184
AGATGTTGTCCTGACACTTG_001,14
AGATGTTGTCCTGACACTTG_002,158
AGATGTTGTCCTGACACTTG_003,192
AGATGTTGTCCTGACACTTG_004,146
AGATGTTGTCCTGACACTTG_005,8
AGATGTTGTCCTGACACTTG_006,155
AGATGTTGTCCTGACACTTG_007,91
AGATGTTGTCCTGACACTTG_008,78
AGATGTTGTCCTGACACTTG_009,46
AGATGTTGTCCTGACACTTG_010,63
AGATGTTGTCCTGACACTTG_011,168
AGATATTCACCATTATAGGT_001,192
AGATATTCACCATTATAGGT_002,124
AGATATTCACCATTATAGGT_003,49
AGATATTCACCATTATAGGT_004,2
CCGTTGTACAACCATCCAGC_001,130
CCGTTGTACAACCATCCAGC_002,127
CCTGACAACTGAGACCAGCA_001,40
CCTGACAACTGAGACCAGCA_002,147
CCTGACAACTGAGACCAGCA_003,8
CCTGACAACTGAGACCAGCA_004,54
CCTGACAACTGAGACCAGCA_005,54
CCTGACAACTGAGACCAGCA_006,53
CCTGACAACTGAGACCAGCA_007,136
CCTGACAACTGAGACCAGCA_008,40
AAGGTCCAAGAAGACGATGT_001,101
AAGGTCCAAGAAGACGATGT_002,34
AAGGTCCAAGAAGACGATGT_003,43
AAGGTCCAAGAAGACGATGT_004,162
AAGGTCCAAGAAGACGATGT_005,19
AAGGTCCAAGAAGACGATGT_006,197
AAGGTCCAAGAAGACGATGT_007,3
AGGAGTTTGTACGGGCGCTG_001,14
AGGAGTTTGTACGGGCGCTG_002,169
AGGAGTTTGTACGGGCGCTG_003,121
AGGAGTTTGTACGGGCGCTG_004,70
AGGAGTTTGTACGGGCGCTG_005,70
AGGAGTTTGTACGGGCGCTG_006,172
AGGAGTTTGTACGGGCGCTG_007,30
AGGAGTTTGTACGGGCGCTG_008,157
AGGAGTTTGTACGGGCGCTG_009,59
AGGAGTTTGTACGGGCGCTG_010,57
AGGAGTTTGTACGGGCGCTG_011,12
AGGAGTTTGTACGGGCGCTG_012,45
AGGAGTTTGTACGGGCGCTG_013,88
AGGAGTTTGTACGGGCGCTG_014,154
AGGAGTTTGTACGGGCGCTG_015,52
AGGAGTTTGTACGGGCGCTG_016,21
AGGAGTTTGTACGGGCGCTG_017,191
AGGAGTTTGTACGGGCGCTG_018,171
AGGAGTTTGTACGGGCGCTG_019,139
AGGAGTTTGTACGGGCGCTG_020,108
AGGAGTTTGTACGGGCGCTG_021,94
AGGAGTTTGTACGGGCGCTG_022,87
AGGAGTTTGTACGGGCGCTG_023,129
AGGAGTTTGTACGGGCGCTG_024,127
AGGAGTTTGTACGGGCGCTG_025,41
AGGAGTTTGTACGGGCGCTG_026,158
AGGAGTTTGTACGGGCGCTG_027,162
AGGAGTTTGTACGGGCGCTG_028,1
AGGAGTTTGTACGGGCGCTG_029,112
AGGAGTTTGTACGGGCGCTG_030,45
AGGAGTTTGTACGGGCGCTG_031,12
AGGAGTTTGTACGGGCGCTG_032,184
AGGAGTTTGTACGGGCGCTG_033,40
AGGAGTTTGTACGGGCGCTG_034,62
AGGAGTTTGTACGGGCGCTG_035,87
AGGAGTTTGTACGGGCGCTG_036,82
AGGAGTTTGTACGGGCGCTG_037,4
AGGAGTTTGTACGGGCGCTG_038,78
AGGAGTTTGTACGGGCGCTG_039,53
AGGAGTTTGTACGGGCGCTG_040,137
AGGAGTTTGTACGGGCGCTG_041,72
AGGAGTTTGTACGGGCGCTG_042,178
AGGAGTTTGTACGGGCGCTG_043,89
AGGAGTTTGTACGGGCGCTG_044,118
AGGAGTTTGTACGGGCGCTG_045,137
AGGAGTTTGTACGGGCGCTG_046,147
GTCACCAATGAGCGGCATGG_001,70
GTCACCAATGAGCGGCATGG_002,80
GTCACCAATGAGCGGCATGG_003,118
GTCACCAATGAGCGGCATGG_004,62
GTCACCAATGAGCGGCATGG_005,150
GTCACCAATGAGCGGCATGG_006,147
GTCACCAATGAGCGGCATGG_007,115
GTCACCAATGAGCGGCATGG_008,6
GTCACCAATGAGCGGCATGG_009,198
GTCACCAATGAGCGGCATGG_010,147
GTCACCAATGAGCGGCATGG_011,166
GTCACCAATGAGCGGCATGG_012,103
GTCACCAATGAGCGGCATGG_013,91
AAGGATCCTAAATTGCAGCA_001,60
AAGGATCCTAAATTGCAGCA_002,74
AAGGATCCTAAATTGCAGCA_003,170
AAGGATCCTAAATTGCAGCA_004,25
AAGGATCCTAAATTGCAGCA_005,160
AAGGATCCTAAATTGCAGCA_006,6
AAGGATCCTAAATTGCAGCA_007,78
AAGGATCCTAAATTGCAGCA_008,56
AAGGATCCTAAATTGCAGCA_009,94
AAGGATCCTAAATTGCAGCA_010,106
AAGGATCCTAAATTGCAGCA_011,77
AAGGATCCTAAATTGCAGCA_012,184
AAGGATCCTAAATTGCAGCA_013,107
AAGGATCCTAAATTGCAGCA_014,39
AAGGATCCTAAATTGCAGCA_015,184
AAGGATCCTAAATTGCAGCA_016,88
TTACTTGAAACTGTTACAGT_001,160
TTACTTGAAACTGTTACAGT_002,152
TTACTTGAAACTGTTACAGT_003,54
TTACTTGAAACTGTTACAGT_004,49
TTACTTGAAACTGTTACAGT_005,2
GTAACATACAAATACTACGT_001,98
CTCACCTGCTACGACAGTCG_001,18
CTCACCTGCTACGACAGTCG_002,162
CTCACCTGCTACGACAGTCG_003,63
CTCACCTGCTACGACAGTCG_004,168
CTCACCTGCTACGACAGTCG_005,2
CTCACCTGCTACGACAGTCG_006,188
AAATTCATATGTCCCTCGTG_001,40
GCAAATCTGCGCAATTGCAA_001,53
GCAAATCTGCGCAATTGCAA_002,160
GCAAATCTGCGCAATTGCAA_003,198
GCAAATCTGCGCAATTGCAA_004,133
CCGGGGACACTTACATGGCG_001,121
CCGGGGACACTTACATGGCG_002,183
CCGGGGACACTTACATGGCG_003,70
CCGGGGACACTTACATGGCG_004,190
CCGGGGACACTTACATGGCG_005,10
CCGGGGACACTTACATGGCG_006,188
CAGCAGCCAGTAGACGACCA_001,11
CAGCAGCCAGTAGACGACCA_002,105
CAGCAGCCAGTAGACGACCA_003,120
CAGCAGCCAGTAGACGACCA_004,106
CAGCAGCCAGTAGACGACCA_005,142
CAGCAGCCAGTAGACGACCA_006,117
CAGCAGCCAGTAGACGACCA_007,13
CAGCAGCCAGTAGACGACCA_008,190
CAGCAGCCAGTAGACGACCA_009,141
CAGCAGCCAGTAGACGACCA_010,46
CAGCAGCCAGTAGACGACCA_011,126
CAGCAGCCAGTAGACGACCA_012,86
CAGCAGCCAGTAGACGACCA_013,34
CAGCAGCCAGTAGACGACCA_014,4
CAGCAGCCAGTAGACGACCA_015,150
CAGCAGCCAGTAGACGACCA_016,62
CAGCAGCCAGTAGACGACCA_017,191
CAGCAGCCAGTAGACGACCA_018,103
CAGCAGCCAGTAGACGACCA_019,130
CAGCAGCCAGTAGACGACCA_020,136
TGCGATGTTCCAAACAGCCC_001,167
TGCGATGTTCCAAACAGCCC_002,171
TGCGATGTTCCAAACAGCCC_003,183
GGCCATCAGTACTTCCTGAG_001,162
GGCCATCAGTACTTCCTGAG_002,175
GGCCATCAGTACTTCCTGAG_003,94
GGCCATCAGTACTTCCTGAG_004,175
GGCCATCAGTACTTCCTGAG_005,175
GGCCATCAGTACTTCCTGAG_006,89
GGCCATCAGTACTTCCTGAG_007,115
GGCCATCAGTACTTCCTGAG_008,191
GGCCATCAGTACTTCCTGAG_009,145
GGCCATCAGTACTTCCTGAG_010,13
AGGCCTCAAAGATAATAGGT_001,59
AGGCCTCAAAGATAATAGGT_002,48
AGGCCTCAAAGATAATAGGT_003,83
AGGCCTCAAAGATAATAGGT_004,43
AGGCCTCAAAGATAATAGGT_005,127
GAAGTCGCTAGAGTCCCAGC_001,17
GAAGTCGCTAGAGTCCCAGC_002,153
GAAGTCGCTAGAGTCCCAGC_003,126
GAAGTCGCTAGAGTCCCAGC_004,0
GAAGTCGCTAGAGTCCCAGC_005,47
GAAGTCGCTAGAGTCCCAGC_006,97
GAAGTCGCTAGAGTCCCAGC_007,102
GAAGTCGCTAGAGTCCCAGC_008,143
GAAGTCGCTAGAGTCCCAGC_009,44
GAAGTCGCTAGAGTCCCAGC_010,34
GAAGTCGCTAGAGTCCCAGC_011,151
GAAGTCGCTAGAGTCCCAGC_012,181
GAAGTCGCTAGAGTCCCAGC_013,2
GAAGTCGCTAGAGTCCCAGC_014,190
GAAGTCGCTAGAGTCCCAGC_015,51
GAAGTCGCTAGAGTCCCAGC_016,38
GAAGTCGCTAGAGTCCCAGC_017,8
GAAGTCGCTAGAGTCCCAGC_018,169
GAAGTCGCTAGAGTCCCAGC_019,144
GAAGTCGCTAGAGTCCCAGC_020,47
GAAGTCGCTAGAGTCCCAGC_021,163
GAAGTCGCTAGAGTCCCAGC_022,147
GAAGTCGCTAGAGTCCCAGC_023,40
GAAGTCGCTAGAGTCCCAGC_024,19
GAAGTCGCTAGAGTCCCAGC_025,15
GAAGTCGCTAGAGTCCCAGC_026,4
GAAGTCGCTAGAGTCCCAGC_027,7
GAAGTCGCTAGAGTCCCAGC_028,137
GAAGTCGCTAGAGTCCCAGC_029,146
GAAGTCGCTAGAGTCCCAGC_030,89
GAAGTCGCTAGAGTCCCAGC_031,157
AGGCTCAGGATATTAGGGGC_001,137
AGGCTCAGGATATTAGGGGC_002,75
AGGCTCAGGATATTAGGGGC_003,170
AGGCTCAGGATATTAGGGGC_004,62
AGGCTCAGGATATTAGGGGC_005,25
AGGCTCAGGATATTAGGGGC_006,40
AGGCTCAGGATATTAGGGGC_007,198
AGGCTCAGGATATTAGGGGC_008,56
AGGCTCAGGATATTAGGGGC_009,138
AGGCTCAGGATATTAGGGGC_010,175
AAACTTAAATGTGAGCATCC_001,198
AAACTTAAATGTGAGCATCC_002,87
AAACTTAAATGTGAGCATCC_003,71
CCCCACAGTCTAACACCCGA_001,158
CCCCACAGTCTAACACCCGA_002,174
CCCCACAGTCTAACACCCGA_003,42
ATGCTGGGGAAAGTCTAGCA_001,1
ATGCTGGGGAAAGTCTAGCA_002,141
ATGCTGGGGAAAGTCTAGCA_003,198
ATGCTGGGGAAAGTCTAGCA_004,96
ATGCTGGGGAAAGTCTAGCA_005,177
ATGCTGGGGAAAGTCTAGCA_006,160
ATGCTGGGGAAAGTCTAGCA_007,108
ATGCTGGGGAAAGTCTAGCA_008,178
ATGCTGGGGAAAGTCTAGCA_009,30
ATGCTGGGGAAAGTCTAGCA_010,162
ATGCTGGGGAAAGTCTAGCA_011,75
ATGCTGGGGAAAGTCTAGCA_012,158
ATGCTGGGGAAAGTCTAGCA_013,102
ATGCTGGGGAAAGTCTAGCA_014,140
ATGCTGGGGAAAGTCTAGCA_015,192
ATGCTGGGGAAAGTCTAGCA_016,170
ATGCTGGGGAAAGTCTAGCA_017,169
ATGCTGGGGAAAGTCTAGCA_018,70
ATGCTGGGGAAAGTCTAGCA_019,68
ATGCTGGGGAAAGTCTAGCA_020,137
ATGCTGGGGAAAGTCTAGCA_021,153
ATGCTGGGGAAAGTCTAGCA_022,83
ATGCTGGGGAAAGTCTAGCA_023,168
ATGCTGGGGAAAGTCTAGCA_024,138
CCGGCCAAGTCAGGGCCCAG_001,15
CCGGCCAAGTCAGGGCCCAG_002,87
CCGGCCAAGTCAGGGCCCAG_003,87
CCGGCCAAGTCAGGGCCCAG_004,100
CCGGCCAAGTCAGGGCCCAG_005,154
CCGGCCAAGTCAGGGCCCAG_006,159
CCGGCCAAGTCAGGGCCCAG_007,114
CCGGCCAAGTCAGGGCCCAG_008,103
CCGGCCAAGTCAGGGCCCAG_009,88
CCGGCCAAGTCAGGGCCCAG_010,122
CCGGCCAAGTCAGGGCCCAG_011,24
CCGGCCAAGTCAGGGCCCAG_012,101
CCGGCCAAGTCAGGGCCCAG_013,120
CCGGCCAAGTCAGGGCCCAG_014,65
CCGGCCAAGTCAGGGCCCAG_015,101
CCGGCCAAGTCAGGGCCCAG_016,27
CCGGCCAAGTCAGGGCCCAG_017,153
CCGGCCAAGTCAGGGCCCAG_018,28
CCGGCCAAGTCAGGGCCCAG_019,97
CCGGCCAAGTCAGGGCCCAG_020,108
TAATATTACCCACCTATGGG_001,73
TAATATTACCCACCTATGGG_002,78
TAATATTACCCACCTATGGG_003,84
TAATATTACCCACCTATGGG_004,68
TGCCACCACGAAACTTAAGG_001,74
TGCCACCACGAAACTTAAGG_002,114
TGCCACCACGAAACTTAAGG_003,62
TGCCACCACGAAACTTAAGG_004,127
TGCCACCACGAAACTTAAGG_005,28
TGCCACCACGAAACTTAAGG_006,83
TGCCACCACGAAACTTAAGG_007,175
TGCCACCACGAAACTTAAGG_008,1
TGCCACCACGAAACTTAAGG_009,192
TGCCACCACGAAACTTAAGG_010,34
TGCCACCACGAAACTTAAGG_011,24
TGCCACCACGAAACTTAAGG_012,72
TGCCACCACGAAACTTAAGG_013,88
TGCCACCACGAAACTTAAGG_014,69
TGCCACCACGAAACTTAAGG_015,28
TGCCACCACGAAACTTAAGG_016,88
TGCCACCACGAAACTTAAGG_017,76
TGCCACCACGAAACTTAAGG_018,72
GAATTACAGAAATATTAGAG_001,46
GAATTACAGAAATATTAGAG_002,47
CAGCAGCACAAACACTGTCG_001,170
CAGCAGCACAAACACTGTCG_002,157
CAGCAGCACAAACACTGTCG_003,175
CAGCAGCACAAACACTGTCG_004,83
CAGCAGCACAAACACTGTCG_005,52
CAGCAGCACAAACACTGTCG_006,66
CAGCAGCACAAACACTGTCG_007,133
CAGCAGCACAAACACTGTCG_008,68
CAGCAGCACAAACACTGTCG_009,172
CAGCAGCACAAACACTGTCG_010,16
CAGCAGCACAAACACTGTCG_011,91
CAGCAGCACAAACACTGTCG_012,12
CAGCAGCACAAACACTGTCG_013,141
CGGCCGCAATGTTCAGAGGG_001,87
CGGCCGCAATGTTCAGAGGG_002,173
CGGCCGCAATGTTCAGAGGG_003,58
CGGCCGCAATGTTCAGAGGG_004,6
GAGTGTGTGGTGATCACGGG_001,117
GAGTGTGTGGTGATCACGGG_002,105
GAGTGTGTGGTGATCACGGG_003,115
GAGTGTGTGGTGATCACGGG_004,145
GAGTGTGTGGTGATCACGGG_005,40
GAGTGTGTGGTGATCACGGG_006,144
GAGTGTGTGGTGATCACGGG_007,174
GAGTGTGTGGTGATCACGGG_008,153
GAGTGTGTGGTGATCACGGG_009,59
GAGTGTGTGGTGATCACGGG_010,130
GAGTGTGTGGTGATCACGGG_011,19
GAGTGTGTGGTGATCACGGG_012,75
GAGTGTGTGGTGATCACGGG_013,168
GAGTGTGTGGTGATCACGGG_014,125
GAGTGTGTGGTGATCACGGG_015,148
GAGTGTGTGGTGATCACGGG_016,36
GAGTGTGTGGTGATCACGGG_017,64
GAGTGTGTGGTGATCACGGG_018,17
GAGTGTGTGGTGATCACGGG_019,126
TGGGGGACATCCAGGAACCT_001,107
TGGGGGACATCCAGGAACCT_002,76
TGGGGGACATCCAGGAACCT_003,141
TGGGGGACATCCAGGAACCT_004,127
TGGGGGACATCCAGGAACCT_005,108
TGGGGGACATCCAGGAACCT_006,128
TGGGGGACATCCAGGAACCT_007,149
TGGGGGACATCCAGGAACCT_008,30
TGGGGGACATCCAGGAACCT_009,66
TGGGGGACATCCAGGAACCT_010,122
TGGGGGACATCCAGGAACCT_011,68
CAGAGCTGCAGAAATCAGGA_001,102
CAGAGCTGCAGAAATCAGGA_002,5
CAGAGCTGCAGAAATCAGGA_003,58
CAGAGCTGCAGAAATCAGGA_004,135
CAGAGCTGCAGAAATCAGGA_005,16
CAGAGCTGCAGAAATCAGGA_006,10
GAGGAGCCCAAGGGACCGCG_001,124
GAGGAGCCCAAGGGACCGCG_002,116
GAGGAGCCCAAGGGACCGCG_003,113
GAGGAGCCCAAGGGACCGCG_004,12
GAGGAGCCCAAGGGACCGCG_005,13
GAGGAGCCCAAGGGACCGCG_006,172
GAGGAGCCCAAGGGACCGCG_007,109
GGAGTGAGTTACCTTCCATG_001,28
GGAGTGAGTTACCTTCCATG_002,60
GGAGTGAGTTACCTTCCATG_003,119
GGAGTGAGTTACCTTCCATG_004,126
GGAGTGAGTTACCTTCCATG_005,86
GGAGTGAGTTACCTTCCATG_006,177
GGAGTGAGTTACCTTCCATG_007,48
GGAGTGAGTTACCTTCCATG_008,115
GCACTCGGAGTTATATATGC_001,142
GCACTCGGAGTTATATATGC_002,63
GCACTCGGAGTTATATATGC_003,25
GCACTCGGAGTTATATATGC_004,169
GCACTCGGAGTTATATATGC_005,27
GCACTCGGAGTTATATATGC_006,8
TCCACACAGATGTTGCACCA_001,132
TCCACACAGATGTTGCACCA_002,118
TGCAGTCAGACTCAGAACTT_001,146
TGCAGTCAGACTCAGAACTT_002,191
TGCAGTCAGACTCAGAACTT_003,41
TGCAGTCAGACTCAGAACTT_004,19
TGCAGTCAGACTCAGAACTT_005,40
TGCAGTCAGACTCAGAACTT_006,102
TGCAGTCAGACTCAGAACTT_007,51
TGCAGTCAGACTCAGAACTT_008,29
TGCAGTCAGACTCAGAACTT_009,98
TGCAGTCAGACTCAGAACTT_010,135
TGCAGTCAGACTCAGAACTT_011,127
TGCAGTCAGACTCAGAACTT_012,11
TGCAGTCAGACTCAGAACTT_013,62
TGCAGTCAGACTCAGAACTT_014,60
TGCAGTCAGACTCAGAACTT_015,109
TGCAGTCAGACTCAGAACTT_016,110
TGCAGTCAGACTCAGAACTT_017,189
TGCAGTCAGACTCAGAACTT_018,27
TGCAGTCAGACTCAGAACTT_019,151
TTCCACCAAAGTTTCCACCA_001,135
TTCCACCAAAGTTTCCACCA_002,15
TTCCACCAAAGTTTCCACCA_003,175
TTCCACCAAAGTTTCCACCA_004,8
TTCCACCAAAGTTTCCACCA_005,107
TTCCACCAAAGTTTCCACCA_006,1
TTCCACCAAAGTTTCCACCA_007,176
TTCCACCAAAGTTTCCACCA_008,158
TTCCACCAAAGTTTCCACCA_009,176
TTCCACCAAAGTTTCCACCA_010,146
TTCCACCAAAGTTTCCACCA_011,94
TTCCACCAAAGTTTCCACCA_012,91
TTCCACCAAAGTTTCCACCA_013,81
TTCCACCAAAGTTTCCACCA_014,15
TTCCACCAAAGTTTCCACCA_015,128
TTCCACCAAAGTTTCCACCA_016,110
TTCCACCAAAGTTTCCACCA_017,154
TTCCACCAAAGTTTCCACCA_018,122
GCCAGGATGACGGTTCACAG_001,94
GCCAGGATGACGGTTCACAG_002,4
GCCAGGATGACGGTTCACAG_003,199
GCCAGGATGACGGTTCACAG_004,174
GCCAGGATGACGGTTCACAG_005,198
GCCAGGATGACGGTTCACAG_006,102
TCCCCGTACAGCCATCTCGG_001,153
TCCCCGTACAGCCATCTCGG_002,14
ATTCAGCTGTGCGACCGGGA_001,101
ATTCAGCTGTGCGACCGGGA_002,27
ATTCAGCTGTGCGACCGGGA_003,147
ATTCAGCTGTGCGACCGGGA_004,104
ATTCAGCTGTGCGACCGGGA_005,62
ATTCAGCTGTGCGACCGGGA_006,163
ATTCAGCTGTGCGACCGGGA_007,6
ATTCAGCTGTGCGACCGGGA_008,11
ATTCAGCTGTGCGACCGGGA_009,117
ATTCAGCTGTGCGACCGGGA_010,151
ATTCAGCTGTGCGACCGGGA_011,12
ATTCAGCTGTGCGACCGGGA_012,113
ATTCAGCTGTGCGACCGGGA_013,121
ATTCAGCTGTGCGACCGGGA_014,177
ATTCAGCTGTGCGACCGGGA_015,145
ATTCAGCTGTGCGACCGGGA_016,121
ATTCAGCTGTGCGACCGGGA_017,53
ATTCAGCTGTGCGACCGGGA_018,187
ATTCAGCTGTGCGACCGGGA_019,79
ATTCAGCTGTGCGACCGGGA_020,196
ATTCAGCTGTGCGACCGGGA_021,182
ATTCAGCTGTGCGACCGGGA_022,152
ATTCAGCTGTGCGACCGGGA_023,127
ATTCAGCTGTGCGACCGGGA_024,107
ATTCAGCTGTGCGACCGGGA_025,172
ATTCAGCTGTGCGACCGGGA_026,90
ATTCAGCTGTGCGACCGGGA_027,89
ATTCAGCTGTGCGACCGGGA_028,181
ATTCAGCTGTGCGACCGGGA_029,8
ATTCAGCTGTGCGACCGGGA_030,101
ATTCAGCTGTGCGACCGGGA_031,79
ATTCAGCTGTGCGACCGGGA_032,52
ATTCAGCTGTGCGACCGGGA_033,98
ATTCAGCTGTGCGACCGGGA_034,27
ATTCAGCTGTGCGACCGGGA_035,144
ATTCAGCTGTGCGACCGGGA_036,12
ATTCAGCTGTGCGACCGGGA_037,19
ATTCAGCTGTGCGACCGGGA_038,176
ATTCAGCTGTGCGACCGGGA_039,62
CATCTACTTTAACCCCAGCG_001,50
CATCTACTTTAACCCCAGCG_002,47
CATCTACTTTAACCCCAGCG_003,108
CATCTACTTTAACCCCAGCG_004,108
CATCTACTTTAACCCCAGCG_005,182
CATCTACTTTAACCCCAGCG_006,171
CATCTACTTTAACCCCAGCG_007,74
CTGGATCAAGGACAAATACG_001,84
CTGGATCAAGGACAAATACG_002,75
CTGGATCAAGGACAAATACG_003,47
CTGGATCAAGGACAAATACG_004,116
CTGGATCAAGGACAAATACG_005,106
GACCTCATAGACATTTGGGA_001,144
GACCTCATAGACATTTGGGA_002,94
GACCTCATAGACATTTGGGA_003,127
GACCTCATAGACATTTGGGA_004,137
GACCTCATAGACATTTGGGA_005,156
GACCTCATAGACATTTGGGA_006,50
GACCTCATAGACATTTGGGA_007,27
GACCTCATAGACATTTGGGA_008,159
GACCTCATAGACATTTGGGA_009,69
GACCTCATAGACATTTGGGA_010,179
GACCTCATAGACATTTGGGA_011,4
GACCTCATAGACATTTGGGA_012,179
GACCTCATAGACATTTGGGA_013,92
GACCTCATAGACATTTGGGA_014,104
GACCTCATAGACATTTGGGA_015,90
AGATTCTGAGTGCGTTGAGG_001,178
AGATTCTGAGTGCGTTGAGG_002,77
AGATTCTGAGTGCGTTGAGG_003,162
AGATTCTGAGTGCGTTGAGG_004,42
AGATTCTGAGTGCGTTGAGG_005,61
AGATTCTGAGTGCGTTGAGG_006,8
AGATTCTGAGTGCGTTGAGG_007,117
AGATTCTGAGTGCGTTGAGG_008,167
AGATTCTGAGTGCGTTGAGG_009,57
AGATTCTGAGTGCGTTGAGG_010,136
AGATTCTGAGTGCGTTGAGG_011,136
AGATTCTGAGTGCGTTGAGG_012,146
AGATTCTGAGTGCGTTGAGG_013,151
CTTACTGTATATAAACACCA_001,185
GGGACTCAAGATTGGAGACA_001,157
GGGACTCAAGATTGGAGACA_002,147
GGGACTCAAGATTGGAGACA_003,163
GGGACTCAAGATTGGAGACA_004,123
GGGACTCAAGATTGGAGACA_005,131
GGGACTCAAGATTGGAGACA_006,0
GGGACTCAAGATTGGAGACA_007,50
GTCCCCTTGGTCATCCACCG_001,169
GTCCCCTTGGTCATCCACCG_002,133
GTCCCCTTGGTCATCCACCG_003,82
GTCCCCTTGGTCATCCACCG_004,117
GTCCCCTTGGTCATCCACCG_005,98
GTCCCCTTGGTCATCCACCG_006,178
CCTCTCCAGGCAAATTGCTG_001,91
CCTCTCCAGGCAAATTGCTG_002,132
CCTCTCCAGGCAAATTGCTG_003,4
CCTCTCCAGGCAAATTGCTG_004,17
CCTCTCCAGGCAAATTGCTG_005,113
CCTCTCCAGGCAAATTGCTG_006,196
CCTCTCCAGGCAAATTGCTG_007,26
CCTCTCCAGGCAAATTGCTG_008,147
CCTCTCCAGGCAAATTGCTG_009,68
CCTCTCCAGGCAAATTGCTG_010,34
CCTCTCCAGGCAAATTGCTG_011,158
CCTCTCCAGGCAAATTGCTG_012,12
CCTCTCCAGGCAAATTGCTG_013,148
CCTCTCCAGGCAAATTGCTG_014,34
CCTCTCCAGGCAAATTGCTG_015,191
CCTCTCCAGGCAAATTGCTG_016,1
GAACAAACCAGAATTGCAGA_001,170
GAACAAACCAGAATTGCAGA_002,77
GAACAAACCAGAATTGCAGA_003,9
GAACAAACCAGAATTGCAGA_004,184
GAACAAACCAGAATTGCAGA_005,16
GAACAAACCAGAATTGCAGA_006,141
TTTGGGTAATCAATCAGTGG_001,84
TTTGGGTAATCAATCAGTGG_002,149
TTTGGGTAATCAATCAGTGG_003,1
TTTGGGTAATCAATCAGTGG_004,140
GGGTGAAGTCGCGCCGCTTG_001,188
GGGTGAAGTCGCGCCGCTTG_002,150
GGGTGAAGTCGCGCCGCTTG_003,92
GGGTGAAGTCGCGCCGCTTG_004,29
GGGTGAAGTCGCGCCGCTTG_005,105
GGGTGAAGTCGCGCCGCTTG_006,48
GGGTGAAGTCGCGCCGCTTG_007,169
GGGTGAAGTCGCGCCGCTTG_008,176
GGGTGAAGTCGCGCCGCTTG_009,63
GGGTGAAGTCGCGCCGCTTG_010,49
GGGTGAAGTCGCGCCGCTTG_011,66
GGGTGAAGTCGCGCCGCTTG_012,125
GGGTGAAGTCGCGCCGCTTG_013,77
GGGTGAAGTCGCGCCGCTTG_014,87
GGGTGAAGTCGCGCCGCTTG_015,157
GGGTGAAGTCGCGCCGCTTG_016,165
GGGTGAAGTCGCGCCGCTTG_017,70
GGGTGAAGTCGCGCCGCTTG_018,50
GGGTGAAGTCGCGCCGCTTG_019,17
GGGTGAAGTCGCGCCGCTTG_020,19
GGGTGAAGTCGCGCCGCTTG_021,98
GGGTGAAGTCGCGCCGCTTG_022,29
GGGTGAAGTCGCGCCGCTTG_023,68
GGGTGAAGTCGCGCCGCTTG_024,110
GGGTGAAGTCGCGCCGCTTG_025,58
GGGTGAAGTCGCGCCGCTTG_026,178
GGGTGAAGTCGCGCCGCTTG_027,185
TCTCCTTACCCGAACAGTAA_001,76
TTAGCCCCCATGTACTACAG_001,96
TTAGCCCCCATGTACTACAG_002,80
TTAGCCCCCATGTACTACAG_003,157
TTAGCCCCCATGTACTACAG_004,27
ATTAGCTTTAGTGTACAGGG_001,12
ATTAGCTTTAGTGTACAGGG_002,12
ATTAGCTTTAGTGTACAGGG_003,78
ATTAGCTTTAGTGTACAGGG_004,98
ATTAGCTTTAGTGTACAGGG_005,184
ATTAGCTTTAGTGTACAGGG_006,9
ATTAGCTTTAGTGTACAGGG_007,136
ATTAGCTTTAGTGTACAGGG_008,119
TCTGCCACAGCACCAAAGTG_001,115
TCTGCCACAGCACCAAAGTG_002,150
TCTGCCACAGCACCAAAGTG_003,96
TCTGCCACAGCACCAAAGTG_004,42
TCTGCCACAGCACCAAAGTG_005,88
TCTGCCACAGCACCAAAGTG_006,137
TCTGCCACAGCACCAAAGTG_007,147
TCTGCCACAGCACCAAAGTG_008,156
TCTGCCACAGCACCAAAGTG_009,72
TCTGCCACAGCACCAAAGTG_010,72
TACAGGACTGTAGAAATACC_001,198
TGTACGCCATAGGGTCCATG_001,116
TGTACGCCATAGGGTCCATG_002,0
TGTACGCCATAGGGTCCATG_003,126
TGTACGCCATAGGGTCCATG_004,123
TGTACGCCATAGGGTCCATG_005,135
TGTACGCCATAGGGTCCATG_006,150
TGTACGCCATAGGGTCCATG_007,1
TGTACGCCATAGGGTCCATG_008,20
TGTACGCCATAGGGTCCATG_009,38
TGTACGCCATAGGGTCCATG_010,94
TGTACGCCATAGGGTCCATG_011,57
TGTACGCCATAGGGTCCATG_012,156
TGTACGCCATAGGGTCCATG_013,90
TGTACGCCATAGGGTCCATG_014,116
AAGCCTACTCAACTGCTGGA_001,31
AAGCCTACTCAACTGCTGGA_002,27
AAGCCTACTCAACTGCTGGA_003,12
AAGCCTACTCAACTGCTGGA_004,28
AAGCCTACTCAACTGCTGGA_005,88
AAGCCTACTCAACTGCTGGA_006,106
AAGCCTACTCAACTGCTGGA_007,49
AAGCCTACTCAACTGCTGGA_008,158
AAGCCTACTCAACTGCTGGA_009,45
AAGCCTACTCAACTGCTGGA_010,193
AAGCCTACTCAACTGCTGGA_011,58
AAGCCTACTCAACTGCTGGA_012,19
AAGCCTACTCAACTGCTGGA_013,88
AAGCCTACTCAACTGCTGGA_014,2
AAGCCTACTCAACTGCTGGA_015,158
AAGCCTACTCAACTGCTGGA_016,20
AAGCCTACTCAACTGCTGGA_017,76
AAGCCTACTCAACTGCTGGA_018,107
AAGCCTACTCAACTGCTGGA_019,12
AAGCCTACTCAACTGCTGGA_020,158
AAGCCTACTCAACTGCTGGA_021,183
AAGCCTACTCAACTGCTGGA_022,98
AAGCCTACTCAACTGCTGGA_023,163
AAGCCTACTCAACTGCTGGA_024,162
AAGCCTACTCAACTGCTGGA_025,122
AAGCCTACTCAACTGCTGGA_026,145
AAGCCTACTCAACTGCTGGA_027,190
AAGCCTACTCAACTGCTGGA_028,64
AAGCCTACTCAACTGCTGGA_029,111
AAGCCTACTCAACTGCTGGA_030,47
AAGCCTACTCAACTGCTGGA_031,177
AAGCCTACTCAACTGCTGGA_032,136
AAGCCTACTCAACTGCTGGA_033,1
CTCCGGGCGGAAACCCTCAC_001,152
CTCCGGGCGGAAACCCTCAC_002,69
CTCCGGGCGGAAACCCTCAC_003,175
CTCCGGGCGGAAACCCTCAC_004,127
CTCCGGGCGGAAACCCTCAC_005,45
CTCCGGGCGGAAACCCTCAC_006,147
CTCCGGGCGGAAACCCTCAC_007,137
CTCCGGGCGGAAACCCTCAC_008,9
CTCCGGGCGGAAACCCTCAC_009,26
CTCCGGGCGGAAACCCTCAC_010,104
CTCCGGGCGGAAACCCTCAC_011,77
CTCCGGGCGGAAACCCTCAC_012,84
CTCCGGGCGGAAACCCTCAC_013,37
CTCCGGGCGGAAACCCTCAC_014,140
CTCCGGGCGGAAACCCTCAC_015,28
CTCCGGGCGGAAACCCTCAC_016,91
AGAGAAGCTTTGACTCACAG_001,94
AGAGAAGCTTTGACTCACAG_002,169
AGAGAAGCTTTGACTCACAG_003,145
AGAGAAGCTTTGACTCACAG_004,53
AGAGAAGCTTTGACTCACAG_005,125
AGAGAAGCTTTGACTCACAG_006,108
AGAGAAGCTTTGACTCACAG_007,140
AGAGAAGCTTTGACTCACAG_008,58
CAGAATAGATGGTCAAGAGT_001,22
CAGAATAGATGGTCAAGAGT_002,40
CAGAATAGATGGTCAAGAGT_003,117
CAGAATAGATGGTCAAGAGT_004,105
CAGAATAGATGGTCAAGAGT_005,105
CAGAATAGATGGTCAAGAGT_006,49
AGTCCCCCATCAGAATCCAT_001,55
AGTCCCCCATCAGAATCCAT_002,52
AGTCCCCCATCAGAATCCAT_003,16
AGTCCCCCATCAGAATCCAT_004,154
AGTCCCCCATCAGAATCCAT_005,157
AGTCCCCCATCAGAATCCAT_006,129
AGTCCCCCATCAGAATCCAT_007,110
AGTCCCCCATCAGAATCCAT_008,115
AGTCCCCCATCAGAATCCAT_009,48
AGTCCCCCATCAGAATCCAT_010,16
AGTCCCCCATCAGAATCCAT_011,62
AGTCCCCCATCAGAATCCAT_012,7
AGTCCCCCATCAGAATCCAT_013,113
AGTCCCCCATCAGAATCCAT_014,107
AGTCCCCCATCAGAATCCAT_015,77
AGTCCCCCATCAGAATCCAT_016,182
TAATACCTGGCATTGAGCAT_001,64
TAATACCTGGCATTGAGCAT_002,43
TAATACCTGGCATTGAGCAT_003,175
TAATACCTGGCATTGAGCAT_004,30
TAATACCTGGCATTGAGCAT_005,21
TAATACCTGGCATTGAGCAT_006,33
TAATACCTGGCATTGAGCAT_007,120
TAATACCTGGCATTGAGCAT_008,65
TAATACCTGGCATTGAGCAT_009,30
TAATACCTGGCATTGAGCAT_010,76
TAATACCTGGCATTGAGCAT_011,77
TAATACCTGGCATTGAGCAT_012,9
TAATACCTGGCATTGAGCAT_013,170
TAATACCTGGCATTGAGCAT_014,16
CACCTATAAAGTACTCTCGC_001,28
CACCTATAAAGTACTCTCGC_002,148
CACCTATAAAGTACTCTCGC_003,25
CACCTATAAAGTACTCTCGC_004,124
CACCTATAAAGTACTCTCGC_005,193
TCTGAAGGACATTCTACACC_001,75
TGTTACCCAGAACTACAAAG_001,186
TGTTACCCAGAACTACAAAG_002,46
TGTTACCCAGAACTACAAAG_003,20
ACTCTGATACAATCAATGAA_001,149
ACTCTGATACAATCAATGAA_002,48
ACTCTGATACAATCAATGAA_003,14
ACTCTGATACAATCAATGAA_004,60
ACTCTGATACAATCAATGAA_005,22
ACTCTGATACAATCAATGAA_006,38
AGCTGAAAATATACGTATTC_001,135
AGCTGAAAATATACGTATTC_002,141
AGCTGAAAATATACGTATTC_003,56
AGTCAGGGCGCACAAACCCC_001,77
AGTCAGGGCGCACAAACCCC_002,15
TGTGGCTGATCAAAGAAAGA_001,62
TGTGGCTGATCAAAGAAAGA_002,58
TGTGGCTGATCAAAGAAAGA_003,17
TGTGGCTGATCAAAGAAAGA_004,37
CGCTTGTAGCTTCATCCGGG_001,41
CGCTTGTAGCTTCATCCGGG_002,175
CGCTTGTAGCTTCATCCGGG_003,61
CGCTTGTAGCTTCATCCGGG_004,196
CGCTTGTAGCTTCATCCGGG_005,121
CGCTTGTAGCTTCATCCGGG_006,110
CGCTTGTAGCTTCATCCGGG_007,1
CATGCTTTATGCCAGAACTG_001,148
CATGCTTTATGCCAGAACTG_002,82
CATGCTTTATGCCAGAACTG_003,119
CATGCTTTATGCCAGAACTG_004,119
CATGCTTTATGCCAGAACTG_005,159
CATGCTTTATGCCAGAACTG_006,187
CATGCTTTATGCCAGAACTG_007,146
CATGCTTTATGCCAGAACTG_008,6
CATGCTTTATGCCAGAACTG_009,63
CATGCTTTATGCCAGAACTG_010,161
CATGCTTTATGCCAGAACTG_011,175
CATGCTTTATGCCAGAACTG_012,29
CATGCTTTATGCCAGAACTG_013,34
CATGCTTTATGCCAGAACTG_014,148
CCGTAAGGATCATCTCAATG_001,122
AAATCGAGGAGTTCTAGCTG_001,30
AAATCGAGGAGTTCTAGCTG_002,165
AAATCGAGGAGTTCTAGCTG_003,121
AAATCGAGGAGTTCTAGCTG_004,72
AAATCGAGGAGTTCTAGCTG_005,65
AAATCGAGGAGTTCTAGCTG_006,86
AAATCGAGGAGTTCTAGCTG_007,158
AAATCGAGGAGTTCTAGCTG_008,103
AAATCGAGGAGTTCTAGCTG_009,151
AAATCGAGGAGTTCTAGCTG_010,146
GATGACACAGACACATCGCT_001,185
GATGACACAGACACATCGCT_002,155
GATGACACAGACACATCGCT_003,179
GATGACACAGACACATCGCT_004,116
GATGACACAGACACATCGCT_005,190
GATGACACAGACACATCGCT_006,48
GATGACACAGACACATCGCT_007,56
GATGACACAGACACATCGCT_008,145
GATGACACAGACACATCGCT_009,56
GATGACACAGACACATCGCT_010,56
GATGACACAGACACATCGCT_011,46
GATGACACAGACACATCGCT_012,176
GATGACACAGACACATCGCT_013,69
AACCGATCCAGTTCCTACAA_001,54
AACCGATCCAGTTCCTACAA_002,157
AACCGATCCAGTTCCTACAA_003,127
AACCGATCCAGTTCCTACAA_004,69
AACCGATCCAGTTCCTACAA_005,137
AACCGATCCAGTTCCTACAA_006,158
AACCGATCCAGTTCCTACAA_007,138
AACCGATCCAGTTCCTACAA_008,166
AATGTATTAGAAGTCCTGAT_001,85
AATGTATTAGAAGTCCTGAT_002,175
AATGTATTAGAAGTCCTGAT_003,5
AATGTATTAGAAGTCCTGAT_004,73
AATGTATTAGAAGTCCTGAT_005,49
AATGTATTAGAAGTCCTGAT_006,152
AATGTATTAGAAGTCCTGAT_007,34
AATGTATTAGAAGTCCTGAT_008,117
AATGTATTAGAAGTCCTGAT_009,29
AATGTATTAGAAGTCCTGAT_010,2
AATGTATTAGAAGTCCTGAT_011,196
AATGTATTAGAAGTCCTGAT_012,77
AATGTATTAGAAGTCCTGAT_013,2
AATGTATTAGAAGTCCTGAT_014,4
TGTGTTCAGCAGTTGTCAGA_001,142
TGTGTTCAGCAGTTGTCAGA_002,39
TGTGTTCAGCAGTTGTCAGA_003,197
TGTGTTCAGCAGTTGTCAGA_004,100
TGTGTTCAGCAGTTGTCAGA_005,179
AGCACCCCAGTGACAGATCG_001,115
AGCACCCCAGTGACAGATCG_002,13
AGCACCCCAGTGACAGATCG_003,85
AGCACCCCAGTGACAGATCG_004,174
AGCACCCCAGTGACAGATCG_005,40
AGCACCCCAGTGACAGATCG_006,122
AGCACCCCAGTGACAGATCG_007,155
AGCACCCCAGTGACAGATCG_008,78
AGCACCCCAGTGACAGATCG_009,56
CCCCGCACTTGACGCCAACG_001,7
CCCCGCACTTGACGCCAACG_002,47
CCCCGCACTTGACGCCAACG_003,8
CCCCGCACTTGACGCCAACG_004,110
TACCGGAGCTAATAAAACCT_001,28
TACCGGAGCTAATAAAACCT_002,44
TACCGGAGCTAATAAAACCT_003,98
TACCGGAGCTAATAAAACCT_004,94
TACCGGAGCTAATAAAACCT_005,199
TACCGGAGCTAATAAAACCT_006,174
GAGGTGCTCACGGACACGCG_001,159
GAGGTGCTCACGGACACGCG_002,138
GAGGTGCTCACGGACACGCG_003,9
GAGGTGCTCACGGACACGCG_004,184
GAGGTGCTCACGGACACGCG_005,105
GAGGTGCTCACGGACACGCG_006,98
GAGGTGCTCACGGACACGCG_007,29
GAGGTGCTCACGGACACGCG_008,162
GAGGTGCTCACGGACACGCG_009,152
GAGGTGCTCACGGACACGCG_010,38
GAGGTGCTCACGGACACGCG_011,23
GAGGTGCTCACGGACACGCG_012,138
GAGGTGCTCACGGACACGCG_013,68
GAGGTGCTCACGGACACGCG_014,71
GAGGTGCTCACGGACACGCG_015,10
GAGGTGCTCACGGACACGCG_016,137
TCCCAGAAAAGGCCTTCATG_001,41
TCCCAGAAAAGGCCTTCATG_002,50
TCCCAGAAAAGGCCTTCATG_003,158
TCCCAGAAAAGGCCTTCATG_004,89
TCCCAGAAAAGGCCTTCATG_005,2
ATACAAAACTCCCCACAGGG_001,172
ATACAAAACTCCCCACAGGG_002,67
ATACAAAACTCCCCACAGGG_003,12
ATACAAAACTCCCCACAGGG_004,106
ATACAAAACTCCCCACAGGG_005,180
CCTACAAGCACAGCTACATG_001,116
CCTACAAGCACAGCTACATG_002,88
GAAGCGATCGCTGATCAATG_001,121
GAAGCGATCGCTGATCAATG_002,118
GAAGCGATCGCTGATCAATG_003,77
GAAGCGATCGCTGATCAATG_004,107
GAAGCGATCGCTGATCAATG_005,151
GAAGCGATCGCTGATCAATG_006,47
GAAGCGATCGCTGATCAATG_007,56
GAAGCGATCGCTGATCAATG_008,149
GAAGCGATCGCTGATCAATG_009,19
AAGTAGCCTCTGGTTCACAA_001,62
AAGTAGCCTCTGGTTCACAA_002,62
AAGTAGCCTCTGGTTCACAA_003,71
AAGTAGCCTCTGGTTCACAA_004,55
AAGTAGCCTCTGGTTCACAA_005,157
AAGTAGCCTCTGGTTCACAA_006,191
AAGTAGCCTCTGGTTCACAA_007,131
AAGTAGCCTCTGGTTCACAA_008,145
GATGGGAACCTGATCAGTGG_001,27
GATGGGAACCTGATCAGTGG_002,152
GATGGGAACCTGATCAGTGG_003,83
GATGGGAACCTGATCAGTGG_004,3
GATGGGAACCTGATCAGTGG_005,91
GATGGGAACCTGATCAGTGG_006,176
GATGGGAACCTGATCAGTGG_007,63
GATGGGAACCTGATCAGTGG_008,48
GATGGGAACCTGATCAGTGG_009,197
GATGGGAACCTGATCAGTGG_010,101
GATGGGAACCTGATCAGTGG_011,49
GATGGGAACCTGATCAGTGG_012,136
GCACATTCTACTCACCAATG_001,14
GCACATTCTACTCACCAATG_002,177
GCACATTCTACTCACCAATG_003,163
GGGCGCACCTTCCCCAAGCG_001,45
GGGCGCACCTTCCCCAAGCG_002,148
GGGCGCACCTTCCCCAAGCG_003,31
GGGCGCACCTTCCCCAAGCG_004,14
GGGCGCACCTTCCCCAAGCG_005,101
GGGCGCACCTTCCCCAAGCG_006,94
GGGCGCACCTTCCCCAAGCG_007,188
GGGCGCACCTTCCCCAAGCG_008,136
GGGCGCACCTTCCCCAAGCG_009,117
GGGCGCACCTTCCCCAAGCG_010,98
GGGCGCACCTTCCCCAAGCG_011,21
GGAAACCCAGGAGAGCATCG_001,63
GGAAACCCAGGAGAGCATCG_002,63
GGAAACCCAGGAGAGCATCG_003,4
GGAAACCCAGGAGAGCATCG_004,71
GGAAACCCAGGAGAGCATCG_005,81
GGAAACCCAGGAGAGCATCG_006,149
GGAAACCCAGGAGAGCATCG_007,60
GGAAACCCAGGAGAGCATCG_008,3
GGAAACCCAGGAGAGCATCG_009,116
TAACTGGGACCATCACACGA_001,29
TAACTGGGACCATCACACGA_002,92
TAACTGGGACCATCACACGA_003,68
TAACTGGGACCATCACACGA_004,15
TAACTGGGACCATCACACGA_005,25
TAACTGGGACCATCACACGA_006,157
TAACTGGGACCATCACACGA_007,191
TAACTGGGACCATCACACGA_008,89
CAGTATCCAAACGGGCTCTG_001,169
CAGTATCCAAACGGGCTCTG_002,160
CAGTATCCAAACGGGCTCTG_003,188
CAGTATCCAAACGGGCTCTG_004,188
CAGTATCCAAACGGGCTCTG_005,4
CAGTATCCAAACGGGCTCTG_006,75
CAGTATCCAAACGGGCTCTG_007,108
CAGTATCCAAACGGGCTCTG_008,128
CAGTATCCAAACGGGCTCTG_009,50
CAGTATCCAAACGGGCTCTG_010,175
CAGTATCCAAACGGGCTCTG_011,43
CAGTATCCAAACGGGCTCTG_012,184
CAGTATCCAAACGGGCTCTG_013,52
CAGTATCCAAACGGGCTCTG_014,166
CAGTATCCAAACGGGCTCTG_015,121
CAGTATCCAAACGGGCTCTG_016,162
CAGTATCCAAACGGGCTCTG_017,57
CAGTATCCAAACGGGCTCTG_018,175
CAGTATCCAAACGGGCTCTG_019,28
CAGTATCCAAACGGGCTCTG_020,33
CTGGAAGCGCCAGCCGATGG_001,88
CTGGAAGCGCCAGCCGATGG_002,75
CTGGAAGCGCCAGCCGATGG_003,174
CTGGAAGCGCCAGCCGATGG_004,14
CTGGAAGCGCCAGCCGATGG_005,199
CTGGAAGCGCCAGCCGATGG_006,111
CTGGAAGCGCCAGCCGATGG_007,10
CTGGAAGCGCCAGCCGATGG_008,49
CTGGAAGCGCCAGCCGATGG_009,56
CTGGAAGCGCCAGCCGATGG_010,185
CTGGAAGCGCCAGCCGATGG_011,188
CTGGAAGCGCCAGCCGATGG_012,58
CTGGAAGCGCCAGCCGATGG_013,160
CTGGAAGCGCCAGCCGATGG_014,162
CTGGAAGCGCCAGCCGATGG_015,88
CTTATGCTACCGCAATGACA_001,194
CTTATGCTACCGCAATGACA_002,15
CTTATGCTACCGCAATGACA_003,34
CTTATGCTACCGCAATGACA_004,172
CTTATGCTACCGCAATGACA_005,134
CTTATGCTACCGCAATGACA_006,90
CTTATGCTACCGCAATGACA_007,91
TAGAAGACCTTACCTTGCTG_001,192
TAGAAGACCTTACCTTGCTG_002,84
TAGAAGACCTTACCTTGCTG_003,150
TAGAAGACCTTACCTTGCTG_004,10
TAGAAGACCTTACCTTGCTG_005,105
AAAGCCCGGACCGACAAACA_001,175
AAAGCCCGGACCGACAAACA_002,19
AAAGCCCGGACCGACAAACA_003,21
AAAGCCCGGACCGACAAACA_004,157
AAAGCCCGGACCGACAAACA_005,117
AAAGCCCGGACCGACAAACA_006,19
AAAGCCCGGACCGACAAACA_007,108
AAAGCCCGGACCGACAAACA_008,196
TCAGATGCTTCAAGAAGTAG_001,125
TCAGATGCTTCAAGAAGTAG_002,161
TCAGATGCTTCAAGAAGTAG_003,47
CGGGACACGCCCAGCCAGCG_001,85
CGGGACACGCCCAGCCAGCG_002,21
CGGGACACGCCCAGCCAGCG_003,191
CGGGACACGCCCAGCCAGCG_004,116
CGGGACACGCCCAGCCAGCG_005,152
CGGGACACGCCCAGCCAGCG_006,55
CGGGACACGCCCAGCCAGCG_007,94
CGGGACACGCCCAGCCAGCG_008,120
CGGGACACGCCCAGCCAGCG_009,176
CGGGACACGCCCAGCCAGCG_010,151
TCTAAGTTGTAACAAAAGCT_001,48
TCTAAGTTGTAACAAAAGCT_002,147
TCTAAGTTGTAACAAAAGCT_003,72
TCTAAGTTGTAACAAAAGCT_004,171
TCTAAGTTGTAACAAAAGCT_005,165
GGCGCTCACCCAAGCAACTG_001,84
GGCGCTCACCCAAGCAACTG_002,71
GGCGCTCACCCAAGCAACTG_003,159
GGCGCTCACCCAAGCAACTG_004,37
GGCGCTCACCCAAGCAACTG_005,37
GGCGCTCACCCAAGCAACTG_006,152
GGCGCTCACCCAAGCAACTG_007,198
GGCGCTCACCCAAGCAACTG_008,169
GGCGCTCACCCAAGCAACTG_009,168
GGCGCTCACCCAAGCAACTG_010,169
GGCGCTCACCCAAGCAACTG_011,79
GGCGCTCACCCAAGCAACTG_012,56
TGTGCTTTCTTCTATTGCGG_001,190
TGTGCTTTCTTCTATTGCGG_002,48
TGTGCTTTCTTCTATTGCGG_003,127
TGTGCTTTCTTCTATTGCGG_004,165
TGTGCTTTCTTCTATTGCGG_005,159
TGTGCTTTCTTCTATTGCGG_006,50
CCGAAGTTGTACCATCAATG_001,77
CCGAAGTTGTACCATCAATG_002,162
CCGAAGTTGTACCATCAATG_003,94
CCGAAGTTGTACCATCAATG_004,123
CCGAAGTTGTACCATCAATG_005,110
CCGAAGTTGTACCATCAATG_006,176
CCGAAGTTGTACCATCAATG_007,193
CCGAAGTTGTACCATCAATG_008,111
CCGAAGTTGTACCATCAATG_009,138
TGCCAGAGAATGTTGAATCA_001,107
TGCCAGAGAATGTTGAATCA_002,198
TGCCAGAGAATGTTGAATCA_003,17
TGCCAGAGAATGTTGAATCA_004,49
TGCCAGAGAATGTTGAATCA_005,198
TGCCAGAGAATGTTGAATCA_006,1
TGCCAGAGAATGTTGAATCA_007,117
TGCCAGAGAATGTTGAATCA_008,162
TGCCAGAGAATGTTGAATCA_009,6
TGCCAGAGAATGTTGAATCA_010,78
TGTGGGCACCCTCGACCGTG_001,108
TGTGGGCACCCTCGACCGTG_002,47
TGTGGGCACCCTCGACCGTG_003,171
TGTGGGCACCCTCGACCGTG_004,133
TGTGGGCACCCTCGACCGTG_005,94
TGTGGGCACCCTCGACCGTG_006,141
TGTGGGCACCCTCGACCGTG_007,119
TGTGGGCACCCTCGACCGTG_008,126
TGTGGGCACCCTCGACCGTG_009,160
TGTGGGCACCCTCGACCGTG_010,25
TGTGGGCACCCTCGACCGTG_011,97
TGTGGGCACCCTCGACCGTG_012,31
TGTGGGCACCCTCGACCGTG_013,20
TTATTAAAGCAAGATCCCCC_001,163
TTATTAAAGCAAGATCCCCC_002,15
TTATTAAAGCAAGATCCCCC_003,138
TTATTAAAGCAAGATCCCCC_004,165
AGCAGATTCGGCGGATCATG_001,65
AGCAGATTCGGCGGATCATG_002,17
AGCAGATTCGGCGGATCATG_003,29
AGCAGATTCGGCGGATCATG_004,8
AGCAGATTCGGCGGATCATG_005,138
GAACCCGGACCTGCACAACG_001,151
GAACCCGGACCTGCACAACG_002,189
GAACCCGGACCTGCACAACG_003,105
GAACCCGGACCTGCACAACG_004,150
GAACCCGGACCTGCACAACG_005,17
GAACCCGGACCTGCACAACG_006,153
GAACCCGGACCTGCACAACG_007,82
GAACCCGGACCTGCACAACG_008,106
GAACCCGGACCTGCACAACG_009,63
GAACCCGGACCTGCACAACG_010,127
GAACCCGGACCTGCACAACG_011,81
GAACCCGGACCTGCACAACG_012,184
GAACCCGGACCTGCACAACG_013,68
GAACCCGGACCTGCACAACG_014,1
GAACCCGGACCTGCACAACG_015,80
GAACCCGGACCTGCACAACG_016,80
GAACCCGGACCTGCACAACG_017,77
GAACCCGGACCTGCACAACG_018,125
GAACCCGGACCTGCACAACG_019,158
ATAGATGGGATATGATGCAT_001,4
CGAGGCACAGGTGATCACGG_001,184
CGAGGCACAGGTGATCACGG_002,33
CGAGGCACAGGTGATCACGG_003,193
CGAGGCACAGGTGATCACGG_004,158
CGAGGCACAGGTGATCACGG_005,113
GTTCCTTGCCCTTTATCGAG_001,170
GTTCCTTGCCCTTTATCGAG_002,106
GTTCCTTGCCCTTTATCGAG_003,31
GTTCCTTGCCCTTTATCGAG_004,103
GTTCCTTGCCCTTTATCGAG_005,103
GTTCCTTGCCCTTTATCGAG_006,52
GTTCCTTGCCCTTTATCGAG_007,147
GTTCCTTGCCCTTTATCGAG_008,104
GTTCCTTGCCCTTTATCGAG_009,127
GTTCCTTGCCCTTTATCGAG_010,102
GTTCCTTGCCCTTTATCGAG_011,133
GTTCCTTGCCCTTTATCGAG_012,36
GAGCAAGAGGTCTAATACTG_001,169
GAGCAAGAGGTCTAATACTG_002,30
GAGCAAGAGGTCTAATACTG_003,44
GAGCAAGAGGTCTAATACTG_004,181
GAGCAAGAGGTCTAATACTG_005,82
GAGCAAGAGGTCTAATACTG_006,22
GAGCAAGAGGTCTAATACTG_007,66
TGCTCATCTCGGATGGCTCG_001,4
TGGATGCGGCTGCTAGCGGA_001,108
TGGATGCGGCTGCTAGCGGA_002,171
TGGATGCGGCTGCTAGCGGA_003,48
TGGATGCGGCTGCTAGCGGA_004,115
TGGATGCGGCTGCTAGCGGA_005,49
TGGATGCGGCTGCTAGCGGA_006,192
TGGATGCGGCTGCTAGCGGA_007,192
TCTGGAGCAGTCCATCGCAG_001,29
TCTGGAGCAGTCCATCGCAG_002,15
TCTGGAGCAGTCCATCGCAG_003,177
TCTGGAGCAGTCCATCGCAG_004,1
TCTGGAGCAGTCCATCGCAG_005,68
TCTGGAGCAGTCCATCGCAG_006,111
TCTGGAGCAGTCCATCGCAG_007,82
AGCTTCCCCCAGGACAGTGA_001,77
AGCTTCCCCCAGGACAGTGA_002,167
AGCTTCCCCCAGGACAGTGA_003,170
AGCTTCCCCCAGGACAGTGA_004,127
AGCTTCCCCCAGGACAGTGA_005,12
AGCTTCCCCCAGGACAGTGA_006,8
AGCTTCCCCCAGGACAGTGA_007,130
AGCTTCCCCCAGGACAGTGA_008,198
AGCTTCCCCCAGGACAGTGA_009,58
AGCTTCCCCCAGGACAGTGA_010,38
AGCTTCCCCCAGGACAGTGA_011,144
AGCTTCCCCCAGGACAGTGA_012,146
AGCTTCCCCCAGGACAGTGA_013,148
AGCTTCCCCCAGGACAGTGA_014,147
AGCTTCCCCCAGGACAGTGA_015,12
AGCTTCCCCCAGGACAGTGA_016,42
AGCTTCCCCCAGGACAGTGA_017,107
AGCTTCCCCCAGGACAGTGA_018,107
AGCTTCCCCCAGGACAGTGA_019,38
CCCCAGTTTGACGCATTGCA_001,52
CCCCAGTTTGACGCATTGCA_002,168
CCCCAGTTTGACGCATTGCA_003,158
CCCCAGTTTGACGCATTGCA_004,50
CCCCAGTTTGACGCATTGCA_005,101
CCCCAGTTTGACGCATTGCA_006,166
CCCCAGTTTGACGCATTGCA_007,159
CCCCAGTTTGACGCATTGCA_008,1
CAGACTCCTATAATGGTCCT_001,2
CAGACTCCTATAATGGTCCT_002,90
CAGACTCCTATAATGGTCCT_003,99
CATTCCCCAGCAGCCCACCG_001,25
CATTCCCCAGCAGCCCACCG_002,12
CATTCCCCAGCAGCCCACCG_003,127
CATTCCCCAGCAGCCCACCG_004,165
CATTCCCCAGCAGCCCACCG_005,9
CATTCCCCAGCAGCCCACCG_006,40
CATTCCCCAGCAGCCCACCG_007,146
CATTCCCCAGCAGCCCACCG_008,62
CATTCCCCAGCAGCCCACCG_009,135
CATTCCCCAGCAGCCCACCG_010,95
CATTCCCCAGCAGCCCACCG_011,199
CATTCCCCAGCAGCCCACCG_012,113
CATTCCCCAGCAGCCCACCG_013,1
CATTCCCCAGCAGCCCACCG_014,93
CATTCCCCAGCAGCCCACCG_015,112
CATTCCCCAGCAGCCCACCG_016,185
CATTCCCCAGCAGCCCACCG_017,155
CATTCCCCAGCAGCCCACCG_018,40
CATTCCCCAGCAGCCCACCG_019,130
CATTCCCCAGCAGCCCACCG_020,118
CATTCCCCAGCAGCCCACCG_021,36
CATTCCCCAGCAGCCCACCG_022,80
CATTCCCCAGCAGCCCACCG_023,17
CATTCCCCAGCAGCCCACCG_024,29
CATTCCCCAGCAGCCCACCG_025,166
CATTCCCCAGCAGCCCACCG_026,137
CATTCCCCAGCAGCCCACCG_027,150
CATTCCCCAGCAGCCCACCG_028,136
CATTCCCCAGCAGCCCACCG_029,102
CATTCCCCAGCAGCCCACCG_030,145
CATTCCCCAGCAGCCCACCG_031,15
CATTCCCCAGCAGCCCACCG_032,36
TCAAAGGGGAATCGTTTAGG_001,157
TCAAAGGGGAATCGTTTAGG_002,74
TCAAAGGGGAATCGTTTAGG_003,127
TCAAAGGGGAATCGTTTAGG_004,9
TCAAAGGGGAATCGTTTAGG_005,176
TCAAAGGGGAATCGTTTAGG_006,77
GGCATCAACACCTATAAGGT_001,35
GGCATCAACACCTATAAGGT_002,80
GGCATCAACACCTATAAGGT_003,122
GGCATCAACACCTATAAGGT_004,114
GGCATCAACACCTATAAGGT_005,35
GGCATCAACACCTATAAGGT_006,105
GGCATCAACACCTATAAGGT_007,80
GGCATCAACACCTATAAGGT_008,121
GGCATCAACACCTATAAGGT_009,150
CTGTGTCCGTGACGGCAGCA_001,196
CTGTGTCCGTGACGGCAGCA_002,36
CTGTGTCCGTGACGGCAGCA_003,94
CTGTGTCCGTGACGGCAGCA_004,171
CTGTGTCCGTGACGGCAGCA_005,76
CTGTGTCCGTGACGGCAGCA_006,93
CTGTGTCCGTGACGGCAGCA_007,13
CTGTGTCCGTGACGGCAGCA_008,76
CTGTGTCCGTGACGGCAGCA_009,76
CTGTGTCCGTGACGGCAGCA_010,63
CTGTGTCCGTGACGGCAGCA_011,199
CTGTGTCCGTGACGGCAGCA_012,146
CTGTGTCCGTGACGGCAGCA_013,170
GGGGCAACTCCCAATAACTG_001,169
GGGGCAACTCCCAATAACTG_002,49
GGGGCAACTCCCAATAACTG_003,70
GGGGCAACTCCCAATAACTG_004,138
GGGGCAACTCCCAATAACTG_005,3
GGGGCAACTCCCAATAACTG_006,24
GGGGCAACTCCCAATAACTG_007,62
GGGGCAACTCCCAATAACTG_008,197
GGGGCAACTCCCAATAACTG_009,185
GGGGCAACTCCCAATAACTG_010,158
GGGGCAACTCCCAATAACTG_011,119
GGGGCAACTCCCAATAACTG_012,199
GGGGCAACTCCCAATAACTG_013,199
GGGGCAACTCCCAATAACTG_014,141
GGGGCAACTCCCAATAACTG_015,91
GGGGCAACTCCCAATAACTG_016,13
GGGGCAACTCCCAATAACTG_017,27
GGGGCAACTCCCAATAACTG_018,76
GGGGCAACTCCCAATAACTG_019,81
GGGGCAACTCCCAATAACTG_020,138
GGGGCAACTCCCAATAACTG_021,11
GGGGCAACTCCCAATAACTG_022,76
GGGGCAACTCCCAATAACTG_023,67
GGGGCAACTCCCAATAACTG_024,76
GGGGCAACTCCCAATAACTG_025,102
GGGGCAACTCCCAATAACTG_026,50
GGGGCAACTCCCAATAACTG_027,57
GGGGCAACTCCCAATAACTG_028,91
GGGGCAACTCCCAATAACTG_029,108
AAGACCCTTTCAGACATGCA_001,145
AAGACCCTTTCAGACATGCA_002,178
AAGACCCTTTCAGACATGCA_003,178
AAGACCCTTTCAGACATGCA_004,169
AAGACCCTTTCAGACATGCA_005,126
AAGACCCTTTCAGACATGCA_006,156
AAGACCCTTTCAGACATGCA_007,16
AAGACCCTTTCAGACATGCA_008,166
AAGACCCTTTCAGACATGCA_009,111
AAGACCCTTTCAGACATGCA_010,56
AATGTCTTACCACATTGAGT_001,104
AATGTCTTACCACATTGAGT_002,117
AATGTCTTACCACATTGAGT_003,35
ATTGGATCATCAGATCATGA_001,11
ATTGGATCATCAGATCATGA_002,159
ATTGGATCATCAGATCATGA_003,23
AGGGAACTGGGATAAGACAG_001,29
ACTCAGTATCAGCATTCAAG_001,27
ACTCAGTATCAGCATTCAAG_002,118
ACTCAGTATCAGCATTCAAG_003,63
TGACAAACGCAACGACTGTG_001,151
TGACAAACGCAACGACTGTG_002,102
GTTGAGGCCCACATCATGGT_001,6
GTTGAGGCCCACATCATGGT_002,83
GTTGAGGCCCACATCATGGT_003,127
GTTGAGGCCCACATCATGGT_004,96
GTTGAGGCCCACATCATGGT_005,158
GTTGAGGCCCACATCATGGT_006,185
GTTGAGGCCCACATCATGGT_007,27
GTTGAGGCCCACATCATGGT_008,122
GTTGAGGCCCACATCATGGT_009,163
GTTGAGGCCCACATCATGGT_010,162
GTTGAGGCCCACATCATGGT_011,163
GTTGAGGCCCACATCATGGT_012,51
GTTGAGGCCCACATCATGGT_013,46
GTTGAGGCCCACATCATGGT_014,80
GTTGAGGCCCACATCATGGT_015,125
GTTGAGGCCCACATCATGGT_016,151
GTTGAGGCCCACATCATGGT_017,14
GTTGAGGCCCACATCATGGT_018,1
GTTGAGGCCCACATCATGGT_019,169
GTTGAGGCCCACATCATGGT_020,68
GTTGAGGCCCACATCATGGT_021,146
GTTGAGGCCCACATCATGGT_022,196
GTTGAGGCCCACATCATGGT_023,88
TGGAAAAGGCGTGATACACA_001,88
TGGAAAAGGCGTGATACACA_002,149
TGGAAAAGGCGTGATACACA_003,115
TGGAAAAGGCGTGATACACA_004,151
TGGAAAAGGCGTGATACACA_005,62
TGGAAAAGGCGTGATACACA_006,56
TGGAAAAGGCGTGATACACA_007,88
TGGAAAAGGCGTGATACACA_008,188
TGGAAAAGGCGTGATACACA_009,37
TGGAAAAGGCGTGATACACA_010,15
TGGAAAAGGCGTGATACACA_011,59
TCAAATGCAGCATCCAACCA_001,50
TCAAATGCAGCATCCAACCA_002,52
TCAAATGCAGCATCCAACCA_003,52
TCAAATGCAGCATCCAACCA_004,147
CTATGCTCTAGCAGTCAGTG_001,142
CTATGCTCTAGCAGTCAGTG_002,2
CTATGCTCTAGCAGTCAGTG_003,142
CTATGCTCTAGCAGTCAGTG_004,144
CTATGCTCTAGCAGTCAGTG_005,10
CTATGCTCTAGCAGTCAGTG_006,155
CTATGCTCTAGCAGTCAGTG_007,144
CTATGCTCTAGCAGTCAGTG_008,2
CTATGCTCTAGCAGTCAGTG_009,192
CTATGCTCTAGCAGTCAGTG_010,1
CTATGCTCTAGCAGTCAGTG_011,49
CTATGCTCTAGCAGTCAGTG_012,144
CTATGCTCTAGCAGTCAGTG_013,136
CTATGCTCTAGCAGTCAGTG_014,162
AAGCCGCCTGACACCATGGG_001,105
AAGCCGCCTGACACCATGGG_002,82
AAGCCGCCTGACACCATGGG_003,118
AAGCCGCCTGACACCATGGG_004,33
AAGCCGCCTGACACCATGGG_005,113
AAGCCGCCTGACACCATGGG_006,198
AAGCCGCCTGACACCATGGG_007,92
AAGCCGCCTGACACCATGGG_008,57
AAGCCGCCTGACACCATGGG_009,127
AAGCCGCCTGACACCATGGG_010,165
AAGCCGCCTGACACCATGGG_011,80
GCTCCTCAAATACGAAGCAG_001,172
GCTCCTCAAATACGAAGCAG_002,136
GCTCCTCAAATACGAAGCAG_003,6
GCTCCTCAAATACGAAGCAG_004,47
GCTCCTCAAATACGAAGCAG_005,82
GCTCCTCAAATACGAAGCAG_006,108
GCTCCTCAAATACGAAGCAG_007,108
GCTCCTCAAATACGAAGCAG_008,108
GCTCCTCAAATACGAAGCAG_009,48
GCTCCTCAAATACGAAGCAG_010,38
GCTCCTCAAATACGAAGCAG_011,45
GCTCCTCAAATACGAAGCAG_012,134
GGCACTGAGACCTACTCCGA_001,76
GGCACTGAGACCTACTCCGA_002,41
GGCACTGAGACCTACTCCGA_003,166
GGCACTGAGACCTACTCCGA_004,166
GGCACTGAGACCTACTCCGA_005,121
GGCACTGAGACCTACTCCGA_006,94
GGCACTGAGACCTACTCCGA_007,15
GGCACTGAGACCTACTCCGA_008,151
GGCACTGAGACCTACTCCGA_009,28
GGCACTGAGACCTACTCCGA_010,199
GGCACTGAGACCTACTCCGA_011,89
GGCACTGAGACCTACTCCGA_012,120
GGCACTGAGACCTACTCCGA_013,104
GGCACTGAGACCTACTCCGA_014,11
GGCACTGAGACCTACTCCGA_015,31
GGCACTGAGACCTACTCCGA_016,88
GGCACTGAGACCTACTCCGA_017,147
GGCACTGAGACCTACTCCGA_018,56
GGCACTGAGACCTACTCCGA_019,120
GGCACTGAGACCTACTCCGA_020,124
GGCACTGAGACCTACTCCGA_021,27
GGCACTGAGACCTACTCCGA_022,174
GGCACTGAGACCTACTCCGA_023,58
GGTGTGTGCGAGTGCCAAGG_001,151
GGTGTGTGCGAGTGCCAAGG_002,182
GGTGTGTGCGAGTGCCAAGG_003,110
GGTGTGTGCGAGTGCCAAGG_004,40
GGTGTGTGCGAGTGCCAAGG_005,140
AAGCTTATTCCGGAGCAAAT_001,12
AAGCTTATTCCGGAGCAAAT_002,166
AAGCTTATTCCGGAGCAAAT_003,157
AAGCTTATTCCGGAGCAAAT_004,186
AAGCTTATTCCGGAGCAAAT_005,10
AAGCTTATTCCGGAGCAAAT_006,19
AAGCTTATTCCGGAGCAAAT_007,78
AAGCTTATTCCGGAGCAAAT_008,17
AAGCTTATTCCGGAGCAAAT_009,45
AAGCTTATTCCGGAGCAAAT_010,118
AAGCTTATTCCGGAGCAAAT_011,144
AAGCTTATTCCGGAGCAAAT_012,147
AAGCTTATTCCGGAGCAAAT_013,142
AAGCTTATTCCGGAGCAAAT_014,166
AAGCTTATTCCGGAGCAAAT_015,77
AAGCTTATTCCGGAGCAAAT_016,19
AAGCTTATTCCGGAGCAAAT_017,49
AAGCTTATTCCGGAGCAAAT_018,138
AAGCTTATTCCGGAGCAAAT_019,197
AAGCTTATTCCGGAGCAAAT_020,37
GTTCACCCATAAATCCCGGC_001,156
GTTCACCCATAAATCCCGGC_002,64
GTTCACCCATAAATCCCGGC_003,3
GTTCACCCATAAATCCCGGC_004,123
GTTCACCCATAAATCCCGGC_005,39
GTTCACCCATAAATCCCGGC_006,3
AGGACAAGGATCCTCACCGG_001,181
AGGACAAGGATCCTCACCGG_002,2
AGGACAAGGATCCTCACCGG_003,69
AGGACAAGGATCCTCACCGG_004,17
AGGACAAGGATCCTCACCGG_005,19
AGGACAAGGATCCTCACCGG_006,149
AGGACAAGGATCCTCACCGG_007,121
AGGACAAGGATCCTCACCGG_008,9
AGGACAAGGATCCTCACCGG_009,162
AGGACAAGGATCCTCACCGG_010,29
AGGGGAAACGATCCCAGTGT_001,46
AGGGGAAACGATCCCAGTGT_002,197
AGGGGAAACGATCCCAGTGT_003,57
AGGGGAAACGATCCCAGTGT_004,42
ATGGAGCCCGGGATATGCAG_001,1
ATGGAGCCCGGGATATGCAG_002,58
ATGGAGCCCGGGATATGCAG_003,127
ATGGAGCCCGGGATATGCAG_004,51
TGCAGAGCGTGGGAAAACAC_001,158
TGCAGAGCGTGGGAAAACAC_002,88
TGCAGAGCGTGGGAAAACAC_003,49
TGCAGAGCGTGGGAAAACAC_004,2
TGCAGAGCGTGGGAAAACAC_005,186
TGCAGAGCGTGGGAAAACAC_006,147
TGCAGAGCGTGGGAAAACAC_007,33
TGCAGAGCGTGGGAAAACAC_008,33
CCAGTCTCAGACCCCGTGTG_001,21
CCAGTCTCAGACCCCGTGTG_002,56
CCAGTCTCAGACCCCGTGTG_003,29
CCAGTCTCAGACCCCGTGTG_004,172
CCAGTCTCAGACCCCGTGTG_005,105
CCAGTCTCAGACCCCGTGTG_006,184
CGCCCTGGATAAGATGCATG_001,77
CGCCCTGGATAAGATGCATG_002,62
CGCCCTGGATAAGATGCATG_003,170
CGCCCTGGATAAGATGCATG_004,24
CGCCCTGGATAAGATGCATG_005,78
CGCCCTGGATAAGATGCATG_006,82
CGCCCTGGATAAGATGCATG_007,177
GAAGACATTCACTATCACAG_001,137
GAAGACATTCACTATCACAG_002,127
ATAAACAACAACTGCCACAG_001,147
ATAAACAACAACTGCCACAG_002,112
ATAAACAACAACTGCCACAG_003,176
ATAAACAACAACTGCCACAG_004,13
ATAAACAACAACTGCCACAG_005,128
ATAAACAACAACTGCCACAG_006,199
ATAAACAACAACTGCCACAG_007,153
ATAAACAACAACTGCCACAG_008,147
ATAAACAACAACTGCCACAG_009,103
ATAAACAACAACTGCCACAG_010,52
ATAAACAACAACTGCCACAG_011,168
ATAAACAACAACTGCCACAG_012,148
ATAAACAACAACTGCCACAG_013,77
ATAAACAACAACTGCCACAG_014,149
ATAAACAACAACTGCCACAG_015,57
ATAAACAACAACTGCCACAG_016,65
ATAAACAACAACTGCCACAG_017,33
ATAAACAACAACTGCCACAG_018,184
ATAAACAACAACTGCCACAG_019,82
ATAAACAACAACTGCCACAG_020,199
ATAAACAACAACTGCCACAG_021,27
ATAAACAACAACTGCCACAG_022,78
CTCTAAAGGAGATTGTTGAA_001,147
CTCTAAAGGAGATTGTTGAA_002,138
AGACAGACCGGCCATCAGTG_001,27
AGACAGACCGGCCATCAGTG_002,49
AGACAGACCGGCCATCAGTG_003,164
AGACAGACCGGCCATCAGTG_004,19
AGACAGACCGGCCATCAGTG_005,68
AGACAGACCGGCCATCAGTG_006,105
AGACAGACCGGCCATCAGTG_007,87
AGACAGACCGGCCATCAGTG_008,87
AGACAGACCGGCCATCAGTG_009,31
AGACAGACCGGCCATCAGTG_010,117
AGACAGACCGGCCATCAGTG_011,36
AGACAGACCGGCCATCAGTG_012,8
AGACAGACCGGCCATCAGTG_013,36
AGACAGACCGGCCATCAGTG_014,111
AGACAGACCGGCCATCAGTG_015,168
AGACAGACCGGCCATCAGTG_016,161
AGACAGACCGGCCATCAGTG_017,43
TACAGTGCAAAATACGTGCA_001,147
TACAGTGCAAAATACGTGCA_002,188
TACAGTGCAAAATACGTGCA_003,163
TACAGTGCAAAATACGTGCA_004,129
TACAGTGCAAAATACGTGCA_005,42
TACAGTGCAAAATACGTGCA_006,29
AGCTGTTCACTAACCCTGCA_001,102
AGCTGTTCACTAACCCTGCA_002,146
AGCTGTTCACTAACCCTGCA_003,119
AGCTGTTCACTAACCCTGCA_004,41
AGCTGTTCACTAACCCTGCA_005,6
AGCTGTTCACTAACCCTGCA_006,34
AGCTGTTCACTAACCCTGCA_007,186
AGCTGTTCACTAACCCTGCA_008,19
AGCTGTTCACTAACCCTGCA_009,88
AGCTGTTCACTAACCCTGCA_010,78
AGCTGTTCACTAACCCTGCA_011,149
AGCTGTTCACTAACCCTGCA_012,119
AGCTGTTCACTAACCCTGCA_013,175
AGCTGTTCACTAACCCTGCA_014,26
AGCTGTTCACTAACCCTGCA_015,83
AGCTGTTCACTAACCCTGCA_016,173
AGCTGTTCACTAACCCTGCA_017,160
AGCTGTTCACTAACCCTGCA_018,49
AGCTGTTCACTAACCCTGCA_019,44
AGCTGTTCACTAACCCTGCA_020,0
AGCTGTTCACTAACCCTGCA_021,153
AGCTGTTCACTAACCCTGCA_022,183
AGCTGTTCACTAACCCTGCA_023,126
AGCTGTTCACTAACCCTGCA_024,4
AGCTGTTCACTAACCCTGCA_025,150
AGCTGTTCACTAACCCTGCA_026,137
AGCTGTTCACTAACCCTGCA_027,82
AGCTGTTCACTAACCCTGCA_028,43
AGCTGTTCACTAACCCTGCA_029,28
AGCTGTTCACTAACCCTGCA_030,115
AGCTGTTCACTAACCCTGCA_031,191
AGCTGTTCACTAACCCTGCA_032,191
AGCTGTTCACTAACCCTGCA_033,28
AGCTGTTCACTAACCCTGCA_034,126
AGCTGTTCACTAACCCTGCA_035,34
AGCTGTTCACTAACCCTGCA_036,127
GGTGTGGAGCGAGACCTGCG_001,32
GGTGTGGAGCGAGACCTGCG_002,17
GGTGTGGAGCGAGACCTGCG_003,14
GGTGTGGAGCGAGACCTGCG_004,88
GGTGTGGAGCGAGACCTGCG_005,7
GGTGTGGAGCGAGACCTGCG_006,9
GGTGTGGAGCGAGACCTGCG_007,174
GGTGTGGAGCGAGACCTGCG_008,56
GGTGTGGAGCGAGACCTGCG_009,120
GGTGTGGAGCGAGACCTGCG_010,169
GGTGTGGAGCGAGACCTGCG_011,67
GGTGTGGAGCGAGACCTGCG_012,82
GGTGTGGAGCGAGACCTGCG_013,36
GGTGTGGAGCGAGACCTGCG_014,147
GGTGTGGAGCGAGACCTGCG_015,80
GGTGTGGAGCGAGACCTGCG_016,156
GGTGTGGAGCGAGACCTGCG_017,16
GGTGTGGAGCGAGACCTGCG_018,189
GGTGTGGAGCGAGACCTGCG_019,112
GGTGTGGAGCGAGACCTGCG_020,75
GGTGTGGAGCGAGACCTGCG_021,75
GGTGTGGAGCGAGACCTGCG_022,197
GGTGTGGAGCGAGACCTGCG_023,48
GGTGTGGAGCGAGACCTGCG_024,160
GGTGTGGAGCGAGACCTGCG_025,170
GGTGTGGAGCGAGACCTGCG_026,146
GGTGTGGAGCGAGACCTGCG_027,53
GGTGTGGAGCGAGACCTGCG_028,169
GGTGTGGAGCGAGACCTGCG_029,122
GGTGTGGAGCGAGACCTGCG_030,65
GGTGTGGAGCGAGACCTGCG_031,34
GGTGTGGAGCGAGACCTGCG_032,22
GGTGTGGAGCGAGACCTGCG_033,106
GGTGTGGAGCGAGACCTGCG_034,72
GGTGTGGAGCGAGACCTGCG_035,72
GGTGTGGAGCGAGACCTGCG_036,147
GGTGTGGAGCGAGACCTGCG_037,138
GGTGTGGAGCGAGACCTGCG_038,61
GGTGTGGAGCGAGACCTGCG_039,120
GGTGTGGAGCGAGACCTGCG_040,130
GGTGTGGAGCGAGACCTGCG_041,179
GGTGTGGAGCGAGACCTGCG_042,34
GGTGTGGAGCGAGACCTGCG_043,118
GGTGTGGAGCGAGACCTGCG_044,166
GGTGTGGAGCGAGACCTGCG_045,142
GGTGTGGAGCGAGACCTGCG_046,160
GGTGTGGAGCGAGACCTGCG_047,188
GGTGTGGAGCGAGACCTGCG_048,90
GGTGTGGAGCGAGACCTGCG_049,181
AACAGCTACTTGTTGGTAGG_001,150
AACAGCTACTTGTTGGTAGG_002,80
AACAGCTACTTGTTGGTAGG_003,6
AACAGCTACTTGTTGGTAGG_004,127
AACAGCTACTTGTTGGTAGG_005,147
AACAGCTACTTGTTGGTAGG_006,197
AACAGCTACTTGTTGGTAGG_007,182
AACAGCTACTTGTTGGTAGG_008,198
AACAGCTACTTGTTGGTAGG_009,53
AACAGCTACTTGTTGGTAGG_010,167
AACAGCTACTTGTTGGTAGG_011,103
AACAGCTACTTGTTGGTAGG_012,110
AACAGCTACTTGTTGGTAGG_013,150
CACACCCAGCAGCAGAAGCA_001,197
CACACCCAGCAGCAGAAGCA_002,56
CACACCCAGCAGCAGAAGCA_003,162
CACACCCAGCAGCAGAAGCA_004,141
CACACCCAGCAGCAGAAGCA_005,128
CACACCCAGCAGCAGAAGCA_006,147
CACACCCAGCAGCAGAAGCA_007,104
TAAGCACAGTGAAACCAGGT_001,45
TAAGCACAGTGAAACCAGGT_002,48
TAAGCACAGTGAAACCAGGT_003,94
TAAGCACAGTGAAACCAGGT_004,29
TAAGCACAGTGAAACCAGGT_005,151
TAAGCACAGTGAAACCAGGT_006,181
TAAGCACAGTGAAACCAGGT_007,76
TAAGCACAGTGAAACCAGGT_008,117
TAAGCACAGTGAAACCAGGT_009,106
TAAGCACAGTGAAACCAGGT_010,4
TAAGCACAGTGAAACCAGGT_011,19
TAAGCACAGTGAAACCAGGT_012,48
TAAGCACAGTGAAACCAGGT_013,116
TAAGCACAGTGAAACCAGGT_014,191
TAAGCACAGTGAAACCAGGT_015,148
TAAGCACAGTGAAACCAGGT_016,104
TAAGCACAGTGAAACCAGGT_017,134
TAAGCACAGTGAAACCAGGT_018,34
TAAGCACAGTGAAACCAGGT_019,177
TAAGCACAGTGAAACCAGGT_020,83
TAAGCACAGTGAAACCAGGT_021,106
TAAGCACAGTGAAACCAGGT_022,187
TAAGCACAGTGAAACCAGGT_023,61
TAAGCACAGTGAAACCAGGT_024,146
TAAGCACAGTGAAACCAGGT_025,17
TAAGCACAGTGAAACCAGGT_026,180
TCTTGAACAAACACTATCGG_001,2
CTGCCCATACCACTTTCCCG_001,121
CTGCCCATACCACTTTCCCG_002,121
CTGCCCATACCACTTTCCCG_003,118
CTGCCCATACCACTTTCCCG_004,19
CTGCCCATACCACTTTCCCG_005,51
CTGCCCATACCACTTTCCCG_006,54
CTGCCCATACCACTTTCCCG_007,58
CTGCCCATACCACTTTCCCG_008,15
CTGCCCATACCACTTTCCCG_009,75
CTGCCCATACCACTTTCCCG_010,123
CTGCCCATACCACTTTCCCG_011,160
CTGCCCATACCACTTTCCCG_012,182
CTGCCCATACCACTTTCCCG_013,26
CTGCCCATACCACTTTCCCG_014,50
CTGCCCATACCACTTTCCCG_015,46
CTGCCCATACCACTTTCCCG_016,9
CTGCCCATACCACTTTCCCG_017,81
CTGCCCATACCACTTTCCCG_018,80
CTGCCCATACCACTTTCCCG_019,64
CTGCCCATACCACTTTCCCG_020,174
CTGCCCATACCACTTTCCCG_021,70
CTGCCCATACCACTTTCCCG_022,40
ATTGGTGAAGTTATAACAGC_001,113
ATTGGTGAAGTTATAACAGC_002,42
CTTTGCCGACCCCTCCAGAG_001,166
CTTTGCCGACCCCTCCAGAG_002,161
CTTTGCCGACCCCTCCAGAG_003,161
CTTTGCCGACCCCTCCAGAG_004,1
CTTTGCCGACCCCTCCAGAG_005,50
CTTTGCCGACCCCTCCAGAG_006,43
CTTTGCCGACCCCTCCAGAG_007,127
CTTTGCCGACCCCTCCAGAG_008,54
CTTTGCCGACCCCTCCAGAG_009,49
CTTTGCCGACCCCTCCAGAG_010,77
CTTTGCCGACCCCTCCAGAG_011,88
CTTTGCCGACCCCTCCAGAG_012,40
CTTTGCCGACCCCTCCAGAG_013,90
CTTTGCCGACCCCTCCAGAG_014,150
CTTTGCCGACCCCTCCAGAG_015,76
CTTTGCCGACCCCTCCAGAG_016,100
CTTTGCCGACCCCTCCAGAG_017,188
CTTTGCCGACCCCTCCAGAG_018,179
CTTTGCCGACCCCTCCAGAG_019,14
CTTTGCCGACCCCTCCAGAG_020,56
CTTTGCCGACCCCTCCAGAG_021,188
CTTTGCCGACCCCTCCAGAG_022,197
CTTTGCCGACCCCTCCAGAG_023,173
CTTTGCCGACCCCTCCAGAG_024,22
CTTTGCCGACCCCTCCAGAG_025,23
CTTTGCCGACCCCTCCAGAG_026,38
CTTTGCCGACCCCTCCAGAG_027,125
CTTTGCCGACCCCTCCAGAG_028,180
CTTTGCCGACCCCTCCAGAG_029,185
CTTTGCCGACCCCTCCAGAG_030,178
CTTTGCCGACCCCTCCAGAG_031,130
CTTTGCCGACCCCTCCAGAG_032,114
CTTTGCCGACCCCTCCAGAG_033,113
CTTTGCCGACCCCTCCAGAG_034,57
CTTTGCCGACCCCTCCAGAG_035,121
CTTTGCCGACCCCTCCAGAG_036,132
CTTTGCCGACCCCTCCAGAG_037,7
CTTTGCCGACCCCTCCAGAG_038,13
CTTTGCCGACCCCTCCAGAG_039,61
CTTTGCCGACCCCTCCAGAG_040,188
CTTTGCCGACCCCTCCAGAG_041,43
CTTTGCCGACCCCTCCAGAG_042,166
CTTTGCCGACCCCTCCAGAG_043,152
CTTTGCCGACCCCTCCAGAG_044,79
CTTTGCCGACCCCTCCAGAG_045,199
CTTTGCCGACCCCTCCAGAG_046,78
TCAGAAAGTGTGTGACCCCG_001,198
TCAGAAAGTGTGTGACCCCG_002,48
GAGCAGCGGCTGTACAAGGT_001,147
GAGCAGCGGCTGTACAAGGT_002,83
GAGCAGCGGCTGTACAAGGT_003,114
GAGCAGCGGCTGTACAAGGT_004,171
GAGCAGCGGCTGTACAAGGT_005,155
GAGCAGCGGCTGTACAAGGT_006,32
GAGCAGCGGCTGTACAAGGT_007,54
GCCATCCTATCCCAGCCTCG_001,159
GCCATCCTATCCCAGCCTCG_002,68
GCCATCCTATCCCAGCCTCG_003,0
GCCATCCTATCCCAGCCTCG_004,174
TGCCGACATCCAGTCCTCGT_001,141
TGCCGACATCCAGTCCTCGT_002,177
GGGCAACTGATCCAAAACGT_001,178
GGGCAACTGATCCAAAACGT_002,178
CACTACGGCAGCTACTACGG_001,154
CACTACGGCAGCTACTACGG_002,142
CACTACGGCAGCTACTACGG_003,191
CACTACGGCAGCTACTACGG_004,40
CACTACGGCAGCTACTACGG_005,178
CACTACGGCAGCTACTACGG_006,136
CACTACGGCAGCTACTACGG_007,17
CACTACGGCAGCTACTACGG_008,69
CACTACGGCAGCTACTACGG_009,170
GAATGACAACCTTCTGAATG_001,44
GAATGACAACCTTCTGAATG_002,76
GAATGACAACCTTCTGAATG_003,2
GAATGACAACCTTCTGAATG_004,159
GAATGACAACCTTCTGAATG_005,172
ACCCTCCAATAAAAACCCAA_001,149
ACCCTCCAATAAAAACCCAA_002,13
ACCCTCCAATAAAAACCCAA_003,182
ACCCTCCAATAAAAACCCAA_004,116
ACCCTCCAATAAAAACCCAA_005,125
ACCCTCCAATAAAAACCCAA_006,121
ACCCTCCAATAAAAACCCAA_007,179
ACCCTCCAATAAAAACCCAA_008,2
ACCCTCCAATAAAAACCCAA_009,135
ACCCTCCAATAAAAACCCAA_010,64
ACCCTCCAATAAAAACCCAA_011,43
ACCCTCCAATAAAAACCCAA_012,85
CGAGAAGGCCTTGTCACAGT_001,53
CGAGAAGGCCTTGTCACAGT_002,56
CTAGGATCAGAGCCCCCCAG_001,183
CTAGGATCAGAGCCCCCCAG_002,76
CTAGGATCAGAGCCCCCCAG_003,140
CTAGGATCAGAGCCCCCCAG_004,199
CTAGGATCAGAGCCCCCCAG_005,147
CTAGGATCAGAGCCCCCCAG_006,168
CTAGGATCAGAGCCCCCCAG_007,156
CTAGGATCAGAGCCCCCCAG_008,184
CTAGGATCAGAGCCCCCCAG_009,158
CTAGGATCAGAGCCCCCCAG_010,158
CTAGGATCAGAGCCCCCCAG_011,170
CTAGGATCAGAGCCCCCCAG_012,90
CTAGGATCAGAGCCCCCCAG_013,57
CTAGGATCAGAGCCCCCCAG_014,56
GCTGCAGAGCCTCAGGAGAG_001,82
GCTGCAGAGCCTCAGGAGAG_002,58
GCTGCAGAGCCTCAGGAGAG_003,106
GCTGCAGAGCCTCAGGAGAG_004,63
GCTGCAGAGCCTCAGGAGAG_005,43
GCTGCAGAGCCTCAGGAGAG_006,124
GCTGCAGAGCCTCAGGAGAG_007,174
GCTGCAGAGCCTCAGGAGAG_008,57
GCTGCAGAGCCTCAGGAGAG_009,109
GCTGCAGAGCCTCAGGAGAG_010,42
GCTGCAGAGCCTCAGGAGAG_011,34
GTCAGATGATCATCCCCAGT_001,62
GTCAGATGATCATCCCCAGT_002,19
GTCAGATGATCATCCCCAGT_003,129
GTCAGATGATCATCCCCAGT_004,99
GTCAGATGATCATCCCCAGT_005,149
GTCAGATGATCATCCCCAGT_006,46
AAAATCAAATGACATGCCAG_001,77
AAAATCAAATGACATGCCAG_002,124
AAAATCAAATGACATGCCAG_003,80
GCTGAATGGGACGATCGTAG_001,178
GCTGAATGGGACGATCGTAG_002,25
TAGGTGGGAGGACGGCAGCA_001,88
TAGGTGGGAGGACGGCAGCA_002,151
TAGGTGGGAGGACGGCAGCA_003,192
TAGGTGGGAGGACGGCAGCA_004,103
TAGGTGGGAGGACGGCAGCA_005,30
TAGGTGGGAGGACGGCAGCA_006,30
TAGGTGGGAGGACGGCAGCA_007,98
TAGGTGGGAGGACGGCAGCA_008,38
TAGGTGGGAGGACGGCAGCA_009,162
TAGGTGGGAGGACGGCAGCA_010,78
TAGGTGGGAGGACGGCAGCA_011,169
TAGGTGGGAGGACGGCAGCA_012,142
TAGGTGGGAGGACGGCAGCA_013,177
TAGGTGGGAGGACGGCAGCA_014,158
TAGGTGGGAGGACGGCAGCA_015,40
TAGGTGGGAGGACGGCAGCA_016,103
TAGGTGGGAGGACGGCAGCA_017,69
GGTATTTCCCACTAGCACCG_001,82
GGTATTTCCCACTAGCACCG_002,156
GGTATTTCCCACTAGCACCG_003,5
GGTATTTCCCACTAGCACCG_004,25
GGTATTTCCCACTAGCACCG_005,68
GGTATTTCCCACTAGCACCG_006,98
GGTATTTCCCACTAGCACCG_007,81
GGTATTTCCCACTAGCACCG_008,11
GGTATTTCCCACTAGCACCG_009,141
GGTATTTCCCACTAGCACCG_010,134
CTGGAAATAAGGTTGCAGCT_001,32
CTGGAAATAAGGTTGCAGCT_002,169
CTGGAAATAAGGTTGCAGCT_003,102
CTGGAAATAAGGTTGCAGCT_004,137
CTGGAAATAAGGTTGCAGCT_005,118
GACTGGTGATGAATACAATG_001,137
GACTGGTGATGAATACAATG_002,113
GTGAACGAAGATAAGTGGAG_001,148
GTGAACGAAGATAAGTGGAG_002,129
GTGAACGAAGATAAGTGGAG_003,139
GTGAACGAAGATAAGTGGAG_004,49
GTGAACGAAGATAAGTGGAG_005,118
GTGAACGAAGATAAGTGGAG_006,78
GTGAACGAAGATAAGTGGAG_007,127
GTGAACGAAGATAAGTGGAG_008,41
GTGAACGAAGATAAGTGGAG_009,140
GTGAACGAAGATAAGTGGAG_010,77
GTGAACGAAGATAAGTGGAG_011,46
CTGCAGAGATCCATCCCAAG_001,94
CTGCAGAGATCCATCCCAAG_002,49
CTGCAGAGATCCATCCCAAG_003,16
CTGCAGAGATCCATCCCAAG_004,20
GGCAGCATTTCCTTAATCCG_001,8
GGCAGCATTTCCTTAATCCG_002,52
GGCAGCATTTCCTTAATCCG_003,68
GGCAGCATTTCCTTAATCCG_004,115
GGCAGCATTTCCTTAATCCG_005,188
TGACGTGGAGTGCACTATGG_001,107
TGACGTGGAGTGCACTATGG_002,118
TGACGTGGAGTGCACTATGG_003,21
TGACGTGGAGTGCACTATGG_004,69
TGACGTGGAGTGCACTATGG_005,156
TGACGTGGAGTGCACTATGG_006,5
TGACGTGGAGTGCACTATGG_007,191
TATGGCTGTTACTGCGGCAT_001,5
TATGGCTGTTACTGCGGCAT_002,176
TATGGCTGTTACTGCGGCAT_003,1
TATGGCTGTTACTGCGGCAT_004,176
TATGGCTGTTACTGCGGCAT_005,65
TATGGCTGTTACTGCGGCAT_006,78
TATGGCTGTTACTGCGGCAT_007,12
TATGGCTGTTACTGCGGCAT_008,137
TATGGCTGTTACTGCGGCAT_009,19
TATGGCTGTTACTGCGGCAT_010,19
TATGGCTGTTACTGCGGCAT_011,173
GCTTTGCGTACACCCTTGAA_001,198
GCTTTGCGTACACCCTTGAA_002,184
GCTTTGCGTACACCCTTGAA_003,18
GCTTTGCGTACACCCTTGAA_004,163
GTTGTACTCACATGGAAAAC_001,198
CCTTAGACTGGTCATTACCA_001,82
CCTTAGACTGGTCATTACCA_002,166
CCTTAGACTGGTCATTACCA_003,149
CCTTAGACTGGTCATTACCA_004,159
CCTTAGACTGGTCATTACCA_005,69
CCTTAGACTGGTCATTACCA_006,112
CCTTAGACTGGTCATTACCA_007,20
CGGCATCGCGGCCAACTCGG_001,151
CGGCATCGCGGCCAACTCGG_002,114
CGGCATCGCGGCCAACTCGG_003,198
CGGCATCGCGGCCAACTCGG_004,162
CGGCATCGCGGCCAACTCGG_005,147
CGGCATCGCGGCCAACTCGG_006,141
CGGCATCGCGGCCAACTCGG_007,77
CGGCATCGCGGCCAACTCGG_008,157
CGGCATCGCGGCCAACTCGG_009,97
CGGCATCGCGGCCAACTCGG_010,49
CGGCATCGCGGCCAACTCGG_011,35
CTCGACATGTCAAACCAGAG_001,184
CTCGACATGTCAAACCAGAG_002,16
CTCGACATGTCAAACCAGAG_003,91
CTCGACATGTCAAACCAGAG_004,66
CTCGACATGTCAAACCAGAG_005,111
CTCGACATGTCAAACCAGAG_006,168
CTCGACATGTCAAACCAGAG_007,15
AATGAGCCCTACGAGAAGGA_001,88
AATGAGCCCTACGAGAAGGA_002,150
AATGAGCCCTACGAGAAGGA_003,50
AATGAGCCCTACGAGAAGGA_004,160
AATGAGCCCTACGAGAAGGA_005,144
AATGAGCCCTACGAGAAGGA_006,143
AATGAGCCCTACGAGAAGGA_007,163
GTAGTTCAGTAAAACACATC_001,140
GTAGTTCAGTAAAACACATC_002,59
GTAGTTCAGTAAAACACATC_003,160
GTAGTTCAGTAAAACACATC_004,140
GGATTGGGTAAATACAGCCA_001,186
GGATTGGGTAAATACAGCCA_002,145
TGGTGGGCGTCTGAGACACG_001,38
TGGTGGGCGTCTGAGACACG_002,26
TGGTGGGCGTCTGAGACACG_003,102
TGGTGGGCGTCTGAGACACG_004,113
TGGTGGGCGTCTGAGACACG_005,41
TGGTGGGCGTCTGAGACACG_006,82
TGGTGGGCGTCTGAGACACG_007,173
TGGTGGGCGTCTGAGACACG_008,107
CTATACATAACACCACTACC_001,161
CTATACATAACACCACTACC_002,84
CTATACATAACACCACTACC_003,34
CTATACATAACACCACTACC_004,56
CTATACATAACACCACTACC_005,66
CTATACATAACACCACTACC_006,95
CTATACATAACACCACTACC_007,46
TTCATCATCGGTGTGTACTG_001,49
TTCATCATCGGTGTGTACTG_002,50
TTCATCATCGGTGTGTACTG_003,138
TTCATCATCGGTGTGTACTG_004,176
TTCATCATCGGTGTGTACTG_005,132
TTCATCATCGGTGTGTACTG_006,68
TTCATCATCGGTGTGTACTG_007,105
TTCATCATCGGTGTGTACTG_008,197
TTCATCATCGGTGTGTACTG_009,56
TTCATCATCGGTGTGTACTG_010,82
TTCATCATCGGTGTGTACTG_011,117
TTCATCATCGGTGTGTACTG_012,134
TTCATCATCGGTGTGTACTG_013,188
TTCATCATCGGTGTGTACTG_014,166
TTCATCATCGGTGTGTACTG_015,48
TTCATCATCGGTGTGTACTG_016,10
TTCATCATCGGTGTGTACTG_017,142
TTCATCATCGGTGTGTACTG_018,0
TTCATCATCGGTGTGTACTG_019,122
TTCATCATCGGTGTGTACTG_020,70
AGGAATCTGTCAACCGACAG_001,15
AGGAATCTGTCAACCGACAG_002,29
AGGAATCTGTCAACCGACAG_003,120
AGGAATCTGTCAACCGACAG_004,138
AGGAATCTGTCAACCGACAG_005,10
ATGGGCCCCGAATGTAACAG_001,49
ATGGGCCCCGAATGTAACAG_002,80
ATGGGCCCCGAATGTAACAG_003,157
ATGGGCCCCGAATGTAACAG_004,78
ATGGGCCCCGAATGTAACAG_005,166
ATGGGCCCCGAATGTAACAG_006,24
ATGGGCCCCGAATGTAACAG_007,15
ATGGGCCCCGAATGTAACAG_008,29
ATGGGCCCCGAATGTAACAG_009,146
ATGGGCCCCGAATGTAACAG_010,121
ATGGGCCCCGAATGTAACAG_011,116
ATGGGCCCCGAATGTAACAG_012,88
ATGGGCCCCGAATGTAACAG_013,78
ATGGGCCCCGAATGTAACAG_014,9
ATGGGCCCCGAATGTAACAG_015,147
ATGGGCCCCGAATGTAACAG_016,29
ATGGGCCCCGAATGTAACAG_017,68
ATGGGCCCCGAATGTAACAG_018,198
ATGGGCCCCGAATGTAACAG_019,57
ATGGGCCCCGAATGTAACAG_020,66
ATGGGCCCCGAATGTAACAG_021,162
ATGGGCCCCGAATGTAACAG_022,126
ATGGGCCCCGAATGTAACAG_023,86
TGGCCTTCGAGAACAAGGCG_001,93
TGGCCTTCGAGAACAAGGCG_002,182
TGGCCTTCGAGAACAAGGCG_003,15
TGGCCTTCGAGAACAAGGCG_004,74
TGGCCTTCGAGAACAAGGCG_005,82
TGGCCTTCGAGAACAAGGCG_006,92
TGGCCTTCGAGAACAAGGCG_007,111
TGGCCTTCGAGAACAAGGCG_008,192
TGGCCTTCGAGAACAAGGCG_009,197
TGGCCTTCGAGAACAAGGCG_010,41
TGGCCTTCGAGAACAAGGCG_011,103
TGGCCTTCGAGAACAAGGCG_012,78
TGGCCTTCGAGAACAAGGCG_013,127
TGGCCTTCGAGAACAAGGCG_014,7
TGGCCTTCGAGAACAAGGCG_015,184
TGGCCTTCGAGAACAAGGCG_016,62
CCTCCCACCCCCAATATGCG_001,5
CCTCCCACCCCCAATATGCG_002,23
CCTCCCACCCCCAATATGCG_003,181
CCTCCCACCCCCAATATGCG_004,62
CCTCCCACCCCCAATATGCG_005,128
CCTCCCACCCCCAATATGCG_006,52
CCTCCCACCCCCAATATGCG_007,78
CCTCCCACCCCCAATATGCG_008,137
CCTCCCACCCCCAATATGCG_009,40
CCTCCCACCCCCAATATGCG_010,39
CCTCCCACCCCCAATATGCG_011,74
GAGATATCAGATTCCTACAC_001,94
GAGATATCAGATTCCTACAC_002,138
GGCCACTCTTCAGAGTCAGT_001,88
TGTAACGGATCCATAAGTCT_001,73
TGTAACGGATCCATAAGTCT_002,198
TGTAACGGATCCATAAGTCT_003,35
TGTAACGGATCCATAAGTCT_004,146
TGTAACGGATCCATAAGTCT_005,91
TGTAACGGATCCATAAGTCT_006,194
TGTAACGGATCCATAAGTCT_007,183
TGTAACGGATCCATAAGTCT_008,35
TGTAACGGATCCATAAGTCT_009,94
TGTAACGGATCCATAAGTCT_010,85
TGTAACGGATCCATAAGTCT_011,85
TGTAACGGATCCATAAGTCT_012,36
TGTAACGGATCCATAAGTCT_013,17
AAATATCTGACAATATACAT_001,83
AAATATCTGACAATATACAT_002,177
AAATATCTGACAATATACAT_003,83
GCTCTGCGCATGCGGTCTCG_001,6
GCTCTGCGCATGCGGTCTCG_002,72
GCTCTGCGCATGCGGTCTCG_003,41
GCTCTGCGCATGCGGTCTCG_004,182
GCTCTGCGCATGCGGTCTCG_005,181
GCTCTGCGCATGCGGTCTCG_006,92
GCTCTGCGCATGCGGTCTCG_007,41
GCTCTGCGCATGCGGTCTCG_008,60
GCTCTGCGCATGCGGTCTCG_009,102
GCTCTGCGCATGCGGTCTCG_010,58
GCTCTGCGCATGCGGTCTCG_011,103
GATCAACCGCAACGCCCGTG_001,189
GATCAACCGCAACGCCCGTG_002,51
GATCAACCGCAACGCCCGTG_003,166
GATCAACCGCAACGCCCGTG_004,107
GATCAACCGCAACGCCCGTG_005,95
GATCAACCGCAACGCCCGTG_006,173
GATCAACCGCAACGCCCGTG_007,60
GATCAACCGCAACGCCCGTG_008,16
GATCAACCGCAACGCCCGTG_009,16
GATCAACCGCAACGCCCGTG_010,107
GATCAACCGCAACGCCCGTG_011,125
GATCAACCGCAACGCCCGTG_012,105
GATCAACCGCAACGCCCGTG_013,198
GATCAACCGCAACGCCCGTG_014,133
GATCAACCGCAACGCCCGTG_015,187
GATCAACCGCAACGCCCGTG_016,31
GATCAACCGCAACGCCCGTG_017,38
GATCAACCGCAACGCCCGTG_018,169
GATCAACCGCAACGCCCGTG_019,85
GATCAACCGCAACGCCCGTG_020,43
GATCAACCGCAACGCCCGTG_021,116
GATCAACCGCAACGCCCGTG_022,70
GATCAACCGCAACGCCCGTG_023,190
GATCAACCGCAACGCCCGTG_024,55
GATCAACCGCAACGCCCGTG_025,145
GATCAACCGCAACGCCCGTG_026,174
GATCAACCGCAACGCCCGTG_027,3
TGGTACAAATTGGATAAGCG_001,17
TGGTACAAATTGGATAAGCG_002,94
TGGTACAAATTGGATAAGCG_003,174
TGGTACAAATTGGATAAGCG_004,107
TGGTACAAATTGGATAAGCG_005,199
TGGTACAAATTGGATAAGCG_006,149
TGTATCGACAACAGTCAACG_001,58
TGTATCGACAACAGTCAACG_002,150
TGTATCGACAACAGTCAACG_003,139
TGTATCGACAACAGTCAACG_004,186
TGTATCGACAACAGTCAACG_005,40
GAGACACTGACCTGGCTCTG_001,73
GAGACACTGACCTGGCTCTG_002,64
GAGACACTGACCTGGCTCTG_003,55
GAGACACTGACCTGGCTCTG_004,29
GAGACACTGACCTGGCTCTG_005,159
CATTAAAATAGAACATCCAC_001,62
CATTAAAATAGAACATCCAC_002,125
CATTAAAATAGAACATCCAC_003,147
CATTAAAATAGAACATCCAC_004,62
CATTAAAATAGAACATCCAC_005,29
CATTAAAATAGAACATCCAC_006,15
CATTAAAATAGAACATCCAC_007,176
CATTAAAATAGAACATCCAC_008,48
AAGTCAGCTCGATGCCCATG_001,117
AAGTCAGCTCGATGCCCATG_002,4
AAGTCAGCTCGATGCCCATG_003,137
AAGTCAGCTCGATGCCCATG_004,139
AAGTCAGCTCGATGCCCATG_005,139
AAGTCAGCTCGATGCCCATG_006,91
AAGTCAGCTCGATGCCCATG_007,158
AAGTCAGCTCGATGCCCATG_008,119
AAGTCAGCTCGATGCCCATG_009,1
AAGTCAGCTCGATGCCCATG_010,137
AAGTCAGCTCGATGCCCATG_011,119
TGTCTGTGGGATATAAACGC_001,148
TGTCTGTGGGATATAAACGC_002,185
TGTCTGTGGGATATAAACGC_003,173
GCTACAGCTCCGACAGCCCT_001,197
GCTACAGCTCCGACAGCCCT_002,99
TTCATGTTGGTCTAAACCAA_001,117
TTCATGTTGGTCTAAACCAA_002,68
TTCATGTTGGTCTAAACCAA_003,162
TTCATGTTGGTCTAAACCAA_004,144
TGCAGATCACCGACACGACG_001,17
TGCAGATCACCGACACGACG_002,170
TGCAGATCACCGACACGACG_003,156
TGCAGATCACCGACACGACG_004,148
TGCAGATCACCGACACGACG_005,30
TGCAGATCACCGACACGACG_006,17
TGCAGATCACCGACACGACG_007,27
TGCAGATCACCGACACGACG_008,10
TGCAGATCACCGACACGACG_009,6
CCACCTGAATGCGAATCTTG_001,36
CCACCTGAATGCGAATCTTG_002,6
CCACCTGAATGCGAATCTTG_003,124
CCACCTGAATGCGAATCTTG_004,111
TGGAACTGCCCATGCCTTGG_001,134
TGGAACTGCCCATGCCTTGG_002,52
TGGAACTGCCCATGCCTTGG_003,80
TGGAACTGCCCATGCCTTGG_004,78
TGGAACTGCCCATGCCTTGG_005,179
TGGAACTGCCCATGCCTTGG_006,74
TGGAACTGCCCATGCCTTGG_007,175
TGGAACTGCCCATGCCTTGG_008,38
TGGAACTGCCCATGCCTTGG_009,144
TGGAACTGCCCATGCCTTGG_010,48
TGGAACTGCCCATGCCTTGG_011,43
TGGAACTGCCCATGCCTTGG_012,127
TGGAACTGCCCATGCCTTGG_013,39
TGGAACTGCCCATGCCTTGG_014,102
CATTCATCTTTAGGCGACAA_001,132
CATTCATCTTTAGGCGACAA_002,120
ACAAAAGCAGAAATAACACG_001,130
ACAAAAGCAGAAATAACACG_002,183
AATCTCATCTCGGGACAGAG_001,169
AATCTCATCTCGGGACAGAG_002,76
AATCTCATCTCGGGACAGAG_003,91
AATCTCATCTCGGGACAGAG_004,154
AATCTCATCTCGGGACAGAG_005,41
AATCTCATCTCGGGACAGAG_006,106
AATCTCATCTCGGGACAGAG_007,28
GCTAACCCAGATTGACCTTG_001,81
GCTAACCCAGATTGACCTTG_002,146
GCTAACCCAGATTGACCTTG_003,134
GCTAACCCAGATTGACCTTG_004,160
GCTAACCCAGATTGACCTTG_005,28
GCTAACCCAGATTGACCTTG_006,26
GCTAACCCAGATTGACCTTG_007,78
GCTAACCCAGATTGACCTTG_008,9
GCTAACCCAGATTGACCTTG_009,40
GCTAACCCAGATTGACCTTG_010,197
GCTAACCCAGATTGACCTTG_011,50
GCTAACCCAGATTGACCTTG_012,90
GCTAACCCAGATTGACCTTG_013,103
GCTAACCCAGATTGACCTTG_014,16
GCTAACCCAGATTGACCTTG_015,81
GCTAACCCAGATTGACCTTG_016,137
GCTAACCCAGATTGACCTTG_017,36
GCTAACCCAGATTGACCTTG_018,150
GCTAACCCAGATTGACCTTG_019,115
GCTAACCCAGATTGACCTTG_020,70
GCTAACCCAGATTGACCTTG_021,147
GCTAACCCAGATTGACCTTG_022,180
GCTAACCCAGATTGACCTTG_023,84
GCTAACCCAGATTGACCTTG_024,88
GCTAACCCAGATTGACCTTG_025,57
GCTAACCCAGATTGACCTTG_026,104
GCTAACCCAGATTGACCTTG_027,30
GCGGAGCCAAGATGCGAATG_001,77
GCGGAGCCAAGATGCGAATG_002,115
GCGGAGCCAAGATGCGAATG_003,20
GCGGAGCCAAGATGCGAATG_004,17
GCGGAGCCAAGATGCGAATG_005,117
GCGGAGCCAAGATGCGAATG_006,97
GCGGAGCCAAGATGCGAATG_007,199
ATCCTGTCAGAGCTTAACTG_001,102
ATCCTGTCAGAGCTTAACTG_002,49
ATCCTGTCAGAGCTTAACTG_003,132
ATCCTGTCAGAGCTTAACTG_004,148
ATCCTGTCAGAGCTTAACTG_005,40
ATCCTGTCAGAGCTTAACTG_006,157
ATCCTGTCAGAGCTTAACTG_007,61
ATCCTGTCAGAGCTTAACTG_008,187
ATCCTGTCAGAGCTTAACTG_009,50
ATCCTGTCAGAGCTTAACTG_010,106
ATCCTGTCAGAGCTTAACTG_011,127
ATCCTGTCAGAGCTTAACTG_012,76
ATCCTGTCAGAGCTTAACTG_013,182
ATCCTGTCAGAGCTTAACTG_014,175
ATCCTGTCAGAGCTTAACTG_015,1
ATCCTGTCAGAGCTTAACTG_016,33
ATCCTGTCAGAGCTTAACTG_017,58
ATCCTGTCAGAGCTTAACTG_018,78
ATCCTGTCAGAGCTTAACTG_019,134
ATCCTGTCAGAGCTTAACTG_020,148
ATCCTGTCAGAGCTTAACTG_021,169
ATCCTGTCAGAGCTTAACTG_022,2
ATCCTGTCAGAGCTTAACTG_023,7
ATCCTGTCAGAGCTTAACTG_024,115
ATCCTGTCAGAGCTTAACTG_025,188
ATCCTGTCAGAGCTTAACTG_026,119
ATCCTGTCAGAGCTTAACTG_027,37
ATCCTGTCAGAGCTTAACTG_028,182
ATCCTGTCAGAGCTTAACTG_029,73
ATCCTGTCAGAGCTTAACTG_030,43
ATCCTGTCAGAGCTTAACTG_031,83
ATCCTGTCAGAGCTTAACTG_032,9
ATCCTGTCAGAGCTTAACTG_033,46
ATCCTGTCAGAGCTTAACTG_034,48
ATCCTGTCAGAGCTTAACTG_035,147
CTCACCAGGTCAGATCCAGG_001,149
CTCACCAGGTCAGATCCAGG_002,127
AAAGGTTTCTCTCTAGTGTG_001,181
AAAGGTTTCTCTCTAGTGTG_002,170
AAAGGTTTCTCTCTAGTGTG_003,16
AAAGGTTTCTCTCTAGTGTG_004,102
AAAGGTTTCTCTCTAGTGTG_005,103
AAAGGTTTCTCTCTAGTGTG_006,127
AAAGGTTTCTCTCTAGTGTG_007,182
AAAGGTTTCTCTCTAGTGTG_008,27
AAAGGTTTCTCTCTAGTGTG_009,158
AAAGGTTTCTCTCTAGTGTG_010,148
AAAGGTTTCTCTCTAGTGTG_011,160
AAAGGTTTCTCTCTAGTGTG_012,161
AAAGGTTTCTCTCTAGTGTG_013,199
AAAGGTTTCTCTCTAGTGTG_014,42
AAAGGTTTCTCTCTAGTGTG_015,17
AAAGGTTTCTCTCTAGTGTG_016,175
AAAGGTTTCTCTCTAGTGTG_017,61
AAAGGTTTCTCTCTAGTGTG_018,63
GGAGGTGGACAGCTATGACT_001,29
GGAGGTGGACAGCTATGACT_002,194
GGAGGTGGACAGCTATGACT_003,134
GGAGGTGGACAGCTATGACT_004,196
GGAAAGGAAGAATAAGACGT_001,102
GGAAAGGAAGAATAAGACGT_002,181
GGAAAGGAAGAATAAGACGT_003,146
GGAAAGGAAGAATAAGACGT_004,58
GGAAAGGAAGAATAAGACGT_005,58
GGAAAGGAAGAATAAGACGT_006,169
GGAAAGGAAGAATAAGACGT_007,187
GGAAAGGAAGAATAAGACGT_008,41
GGAAAGGAAGAATAAGACGT_009,48
GGAAAGGAAGAATAAGACGT_010,92
CGTGCGGGACCTACCAGCTG_001,153
CGTGCGGGACCTACCAGCTG_002,22
CGTGCGGGACCTACCAGCTG_003,87
CGTGCGGGACCTACCAGCTG_004,87
CGTGCGGGACCTACCAGCTG_005,191
CGTGCGGGACCTACCAGCTG_006,181
CGTGCGGGACCTACCAGCTG_007,63
CGTGCGGGACCTACCAGCTG_008,91
CGTGCGGGACCTACCAGCTG_009,37
CGTGCGGGACCTACCAGCTG_010,154
CGTGCGGGACCTACCAGCTG_011,98
CGTGCGGGACCTACCAGCTG_012,19
CGTGCGGGACCTACCAGCTG_013,6
CGTGCGGGACCTACCAGCTG_014,94
CGTGCGGGACCTACCAGCTG_015,126
CGTGCGGGACCTACCAGCTG_016,168
CGTGCGGGACCTACCAGCTG_017,1
TCACCGCAGCTAAAACACTC_001,103
TCACCGCAGCTAAAACACTC_002,128
TCACCGCAGCTAAAACACTC_003,152
TCACCGCAGCTAAAACACTC_004,130
TCACCGCAGCTAAAACACTC_005,35
TCACCGCAGCTAAAACACTC_006,76
TCACCGCAGCTAAAACACTC_007,115
TCACCGCAGCTAAAACACTC_008,122
TCACCGCAGCTAAAACACTC_009,31
TCACCGCAGCTAAAACACTC_010,39
TCACCGCAGCTAAAACACTC_011,157
CTATCTTATGGATGATACGG_001,78
CTATCTTATGGATGATACGG_002,183
CTATCTTATGGATGATACGG_003,118
CTATCTTATGGATGATACGG_004,145
CTATCTTATGGATGATACGG_005,176
CTATCTTATGGATGATACGG_006,40
CTATCTTATGGATGATACGG_007,61
TTCCCGAGTTCCAAACAGAC_001,105
TTCCCGAGTTCCAAACAGAC_002,38
TTCCCGAGTTCCAAACAGAC_003,9
TTCCCGAGTTCCAAACAGAC_004,169
TTCCCGAGTTCCAAACAGAC_005,70
TTCCCGAGTTCCAAACAGAC_006,49
TTCCCGAGTTCCAAACAGAC_007,113
TTCCCGAGTTCCAAACAGAC_008,174
TTCCCGAGTTCCAAACAGAC_009,98
TTCCCGAGTTCCAAACAGAC_010,28
TTCCCGAGTTCCAAACAGAC_011,72
TTCCCGAGTTCCAAACAGAC_012,91
TTCCCGAGTTCCAAACAGAC_013,29
TTCCCGAGTTCCAAACAGAC_014,13
TTCCCGAGTTCCAAACAGAC_015,77
TTCCCGAGTTCCAAACAGAC_016,18
GCAGTAAAAGCTTTAACAGG_001,71
GCAGTAAAAGCTTTAACAGG_002,148
GCAGTAAAAGCTTTAACAGG_003,60
ATTGGAGTATTGCAGCAATG_001,117
ATTGGAGTATTGCAGCAATG_002,88
ATTGGAGTATTGCAGCAATG_003,66
TGCACAGAACTATCGTACCA_001,49
TGCACAGAACTATCGTACCA_002,76
TGCACAGAACTATCGTACCA_003,25
TGCACAGAACTATCGTACCA_004,49
TGCACAGAACTATCGTACCA_005,96
TGCACAGAACTATCGTACCA_006,49
TGCACAGAACTATCGTACCA_007,77
TGCACAGAACTATCGTACCA_008,13
CACCTACCTAAGAACCATCC_001,65
CACCTACCTAAGAACCATCC_002,105
CACCTACCTAAGAACCATCC_003,127
CACCTACCTAAGAACCATCC_004,105
CACCTACCTAAGAACCATCC_005,94
CACCTACCTAAGAACCATCC_006,97
CACCTACCTAAGAACCATCC_007,9
CACCTACCTAAGAACCATCC_008,84
CACCTACCTAAGAACCATCC_009,66
CACCTACCTAAGAACCATCC_010,13
CACCTACCTAAGAACCATCC_011,11
CACCTACCTAAGAACCATCC_012,115
CACCTACCTAAGAACCATCC_013,160
GCCCAGGGTTGATAAGCTCG_001,62
GCCCAGGGTTGATAAGCTCG_002,179
GCCCAGGGTTGATAAGCTCG_003,159
GCCCAGGGTTGATAAGCTCG_004,58
GCCCAGGGTTGATAAGCTCG_005,165
GCCCAGGGTTGATAAGCTCG_006,188
GCCCAGGGTTGATAAGCTCG_007,96
GCCCAGGGTTGATAAGCTCG_008,95
GCCCAGGGTTGATAAGCTCG_009,29
GCCCAGGGTTGATAAGCTCG_010,84
GCCCAGGGTTGATAAGCTCG_011,198
TGGTGAAAGGATGTCACATT_001,188
TGGTGAAAGGATGTCACATT_002,129
TGGTGAAAGGATGTCACATT_003,5
TGGTGAAAGGATGTCACATT_004,134
TGGTGAAAGGATGTCACATT_005,148
TGGTGAAAGGATGTCACATT_006,86
TGGTGAAAGGATGTCACATT_007,162
TGGTGAAAGGATGTCACATT_008,162
TGGTGAAAGGATGTCACATT_009,177
TGGTGAAAGGATGTCACATT_010,163
TGGTGAAAGGATGTCACATT_011,65
TGGTGAAAGGATGTCACATT_012,146
TGGTGAAAGGATGTCACATT_013,54
TGGTGAAAGGATGTCACATT_014,0
TGGTGAAAGGATGTCACATT_015,60
TGGTGAAAGGATGTCACATT_016,130
TGGTGAAAGGATGTCACATT_017,170
ACATTAACATCAGCTTCCAC_001,53
ACATTAACATCAGCTTCCAC_002,150
ACATTAACATCAGCTTCCAC_003,168
ACATTAACATCAGCTTCCAC_004,42
ACATTAACATCAGCTTCCAC_005,7
ACATTAACATCAGCTTCCAC_006,106
TCTTCTTTGCCAAGTCATTG_001,17
TCTTCTTTGCCAAGTCATTG_002,88
TCTTCTTTGCCAAGTCATTG_003,60
TCTTCTTTGCCAAGTCATTG_004,178
TCTTCTTTGCCAAGTCATTG_005,72
TCTTCTTTGCCAAGTCATTG_006,169
TCTTCTTTGCCAAGTCATTG_007,78
TCTTCTTTGCCAAGTCATTG_008,162
TCTTCTTTGCCAAGTCATTG_009,49
TCTTCTTTGCCAAGTCATTG_010,46
TCTTCTTTGCCAAGTCATTG_011,125
TCTTCTTTGCCAAGTCATTG_012,117
TCTTCTTTGCCAAGTCATTG_013,34
TCTTCTTTGCCAAGTCATTG_014,14
TCTTCTTTGCCAAGTCATTG_015,23
TCTTCTTTGCCAAGTCATTG_016,90
TCTTCTTTGCCAAGTCATTG_017,142
TCTTCTTTGCCAAGTCATTG_018,0
ACTGCAGCATCATTGTGGAA_001,197
ACTGCAGCATCATTGTGGAA_002,98
ACTGCAGCATCATTGTGGAA_003,116
ACTGCAGCATCATTGTGGAA_004,38
ACTGCAGCATCATTGTGGAA_005,168
ACTGCAGCATCATTGTGGAA_006,139
ACAGAATAGAACAAGCTGAC_001,172
ACAGAATAGAACAAGCTGAC_002,111
ACCACACAAATAACAGCCAG_001,174
ACCACACAAATAACAGCCAG_002,15
ACCACACAAATAACAGCCAG_003,158
ACCACACAAATAACAGCCAG_004,116
ACCACACAAATAACAGCCAG_005,5
ACCACACAAATAACAGCCAG_006,5
ACCACACAAATAACAGCCAG_007,178
ACCACACAAATAACAGCCAG_008,115
ACCACACAAATAACAGCCAG_009,162
ACCACACAAATAACAGCCAG_010,48
ACCACACAAATAACAGCCAG_011,180
CAGCCCCAGTGGACCCCACA_001,133
CAGCCCCAGTGGACCCCACA_002,15
CAGCCCCAGTGGACCCCACA_003,150
CAGCCCCAGTGGACCCCACA_004,82
CAGCCCCAGTGGACCCCACA_005,34
CAGCCCCAGTGGACCCCACA_006,24
CAGCCCCAGTGGACCCCACA_007,166
CAGCCCCAGTGGACCCCACA_008,84
CAGCCCCAGTGGACCCCACA_009,77
CAGCCCCAGTGGACCCCACA_010,116
CAGCCCCAGTGGACCCCACA_011,18
CAGCCCCAGTGGACCCCACA_012,144
CAGCCCCAGTGGACCCCACA_013,194
CAGCCCCAGTGGACCCCACA_014,21
CAGCCCCAGTGGACCCCACA_015,186
CAGCCCCAGTGGACCCCACA_016,107
CAGCCCCAGTGGACCCCACA_017,129
CAGCCCCAGTGGACCCCACA_018,160
CAGCCCCAGTGGACCCCACA_019,81
CAGCCCCAGTGGACCCCACA_020,49
CAGCCCCAGTGGACCCCACA_021,78
CAGCCCCAGTGGACCCCACA_022,82
CAGCCCCAGTGGACCCCACA_023,77
CAGCCCCAGTGGACCCCACA_024,48
CAGCCCCAGTGGACCCCACA_025,40
CAGCCCCAGTGGACCCCACA_026,40
CAGCCCCAGTGGACCCCACA_027,26
CAGCCCCAGTGGACCCCACA_028,84
CAGCCCCAGTGGACCCCACA_029,63
CAGCCCCAGTGGACCCCACA_030,138
CAGCCCCAGTGGACCCCACA_031,82
CAGCCCCAGTGGACCCCACA_032,62
CAGCCCCAGTGGACCCCACA_033,81
CAGCCCCAGTGGACCCCACA_034,137
CAGCCCCAGTGGACCCCACA_035,65
CAGCCCCAGTGGACCCCACA_036,47
CAGCCCCAGTGGACCCCACA_037,36
CAGCCCCAGTGGACCCCACA_038,9
CAGCCCCAGTGGACCCCACA_039,150
CAGCCCCAGTGGACCCCACA_040,63
CAGCCCCAGTGGACCCCACA_041,2
CAGCCCCAGTGGACCCCACA_042,10
CAGCCCCAGTGGACCCCACA_043,137
CAGCCCCAGTGGACCCCACA_044,48
CAGCCCCAGTGGACCCCACA_045,188
CAGCCCCAGTGGACCCCACA_046,160
CAGCCCCAGTGGACCCCACA_047,138
CCACGCAGGCGATTCCAGGG_001,110
CCACGCAGGCGATTCCAGGG_002,60
CCACGCAGGCGATTCCAGGG_003,158
CCACGCAGGCGATTCCAGGG_004,168
CCACGCAGGCGATTCCAGGG_005,94
CCACGCAGGCGATTCCAGGG_006,54
CCACGCAGGCGATTCCAGGG_007,16
CCACGCAGGCGATTCCAGGG_008,123
CCACGCAGGCGATTCCAGGG_009,173
CCACGCAGGCGATTCCAGGG_010,162
CCACGCAGGCGATTCCAGGG_011,62
CCACGCAGGCGATTCCAGGG_012,128
CCACGCAGGCGATTCCAGGG_013,171
CCACGCAGGCGATTCCAGGG_014,121
CCACGCAGGCGATTCCAGGG_015,127
CCACGCAGGCGATTCCAGGG_016,191
CCACGCAGGCGATTCCAGGG_017,169
CCACGCAGGCGATTCCAGGG_018,42
CCACGCAGGCGATTCCAGGG_019,116
CCACGCAGGCGATTCCAGGG_020,145
CCACGCAGGCGATTCCAGGG_021,177
CCACGCAGGCGATTCCAGGG_022,132
CCACGCAGGCGATTCCAGGG_023,91
CCACGCAGGCGATTCCAGGG_024,197
CCACGCAGGCGATTCCAGGG_025,10
CCACGCAGGCGATTCCAGGG_026,191
CCACGCAGGCGATTCCAGGG_027,199
CCACGCAGGCGATTCCAGGG_028,10
CCACGCAGGCGATTCCAGGG_029,33
CCACGCAGGCGATTCCAGGG_030,183
GGAAGACAACATGCGCCACG_001,141
GGAAGACAACATGCGCCACG_002,46
GGAAGACAACATGCGCCACG_003,177
GGAAGACAACATGCGCCACG_004,32
GGAAGACAACATGCGCCACG_005,83
TGAGGCACAAGATAGCATCA_001,169
TGAGGCACAAGATAGCATCA_002,14
TGAGGCACAAGATAGCATCA_003,169
TGAGGCACAAGATAGCATCA_004,160
TGAGGCACAAGATAGCATCA_005,94
TGAGGCACAAGATAGCATCA_006,172
TGAGGCACAAGATAGCATCA_007,33
TGAGGCACAAGATAGCATCA_008,155
TTGCCAGTACCTGTACTTCG_001,157
TTGCCAGTACCTGTACTTCG_002,6
TTGCCAGTACCTGTACTTCG_003,189
GGATGAAGACCCGTGCTCGG_001,12
GGATGAAGACCCGTGCTCGG_002,77
GGATGAAGACCCGTGCTCGG_003,58
GGATGAAGACCCGTGCTCGG_004,70
GGATGAAGACCCGTGCTCGG_005,13
GGATGAAGACCCGTGCTCGG_006,145
GGATGAAGACCCGTGCTCGG_007,8
GGATGAAGACCCGTGCTCGG_008,183
GGATGAAGACCCGTGCTCGG_009,112
GGATGAAGACCCGTGCTCGG_010,57
AGCCTTGACAGCGTCCACAG_001,171
AGCCTTGACAGCGTCCACAG_002,107
AGCCTTGACAGCGTCCACAG_003,107
AGCCTTGACAGCGTCCACAG_004,175
AGCCTTGACAGCGTCCACAG_005,70
AGCCTTGACAGCGTCCACAG_006,97
AGCCTTGACAGCGTCCACAG_007,139
AGCCTTGACAGCGTCCACAG_008,64
AGCCTTGACAGCGTCCACAG_009,151
AGCCTTGACAGCGTCCACAG_010,86
AGCCTTGACAGCGTCCACAG_011,141
AGCCTTGACAGCGTCCACAG_012,141
AGCCTTGACAGCGTCCACAG_013,49
AGCCTTGACAGCGTCCACAG_014,15
AGCCTTGACAGCGTCCACAG_015,106
AGCCTTGACAGCGTCCACAG_016,83
AATGCGTTATCAGATGGTCA_001,150
AATGCGTTATCAGATGGTCA_002,96
AATGCGTTATCAGATGGTCA_003,168
AGCCCCGCACCACTTGACCC_001,179
AGCCCCGCACCACTTGACCC_002,0
AGCCCCGCACCACTTGACCC_003,78
AGCAGCGCGTCCACTAGGGA_001,105
AGCAGCGCGTCCACTAGGGA_002,114
AGCAGCGCGTCCACTAGGGA_003,150
AGCAGCGCGTCCACTAGGGA_004,125
AGCAGCGCGTCCACTAGGGA_005,125
AGCAGCGCGTCCACTAGGGA_006,195
AGCAGCGCGTCCACTAGGGA_007,151
AGCAGCGCGTCCACTAGGGA_008,106
AGCAGCGCGTCCACTAGGGA_009,166
GGACAAGGCACAATCCCTTG_001,158
GGACAAGGCACAATCCCTTG_002,112
GGACAAGGCACAATCCCTTG_003,20
GGACAAGGCACAATCCCTTG_004,76
GGACAAGGCACAATCCCTTG_005,176
CGGGTCCTCGAACTCAACGA_001,153
CGGGTCCTCGAACTCAACGA_002,14
CGGGTCCTCGAACTCAACGA_003,68
CGGGTCCTCGAACTCAACGA_004,38
CGGGTCCTCGAACTCAACGA_005,5
CGGGTCCTCGAACTCAACGA_006,61
CGGGTCCTCGAACTCAACGA_007,18
CGGGTCCTCGAACTCAACGA_008,44
CGGGTCCTCGAACTCAACGA_009,96
CGGGTCCTCGAACTCAACGA_010,10
CGGGTCCTCGAACTCAACGA_011,115
CGGGTCCTCGAACTCAACGA_012,104
CCACAATCTTGGGGACTGAG_001,134
CCACAATCTTGGGGACTGAG_002,29
CCACAATCTTGGGGACTGAG_003,47
CCACAATCTTGGGGACTGAG_004,77
CCACAATCTTGGGGACTGAG_005,88
CCACAATCTTGGGGACTGAG_006,131
CCACAATCTTGGGGACTGAG_007,115
CCACAATCTTGGGGACTGAG_008,17
CATGTCTGTTCTGTCCCGGG_001,81
CATGTCTGTTCTGTCCCGGG_002,168
CATGTCTGTTCTGTCCCGGG_003,147
CATGTCTGTTCTGTCCCGGG_004,151
CATGTCTGTTCTGTCCCGGG_005,52
CATGTCTGTTCTGTCCCGGG_006,113
CATGTCTGTTCTGTCCCGGG_007,56
CATGTCTGTTCTGTCCCGGG_008,1
CATGTCTGTTCTGTCCCGGG_009,46
AATTGTGGAACCAAGTCTAC_001,87
GAGGTGACACAATAGCAATG_001,77
GAGGTGACACAATAGCAATG_002,108
GAGGTGACACAATAGCAATG_003,147
GAGGTGACACAATAGCAATG_004,21
GAGGTGACACAATAGCAATG_005,31
GAGGTGACACAATAGCAATG_006,198
GAGGTGACACAATAGCAATG_007,171
GAGGTGACACAATAGCAATG_008,153
GAGGTGACACAATAGCAATG_009,165
GAGGTGACACAATAGCAATG_010,138
TCCACGCCCCTGATGCGTCG_001,144
TCCACGCCCCTGATGCGTCG_002,177
TCCACGCCCCTGATGCGTCG_003,48
TCCACGCCCCTGATGCGTCG_004,177
TCCACGCCCCTGATGCGTCG_005,157
TCCACGCCCCTGATGCGTCG_006,140
TCCACGCCCCTGATGCGTCG_007,57
TCCACGCCCCTGATGCGTCG_008,27
TCCACGCCCCTGATGCGTCG_009,58
AAAGCTTAACCATGTTGCAG_001,117
AAAGCTTAACCATGTTGCAG_002,125
AAAGCTTAACCATGTTGCAG_003,36
AAAGCTTAACCATGTTGCAG_004,36
AAAGCTTAACCATGTTGCAG_005,141
AGGAGCTGATGGATACCACA_001,81
AGGAGCTGATGGATACCACA_002,159
AGGAGCTGATGGATACCACA_003,67
AGGAGCTGATGGATACCACA_004,175
AGGAGCTGATGGATACCACA_005,108
AGGAGCTGATGGATACCACA_006,166
AGGAGCTGATGGATACCACA_007,130
TCAACTATACTTGGTCCACC_001,102
TCAACTATACTTGGTCCACC_002,20
CTACAAGTACGAGCAGAACA_001,191
CTACAAGTACGAGCAGAACA_002,65
CTACAAGTACGAGCAGAACA_003,169
GAGGTACTCCATCAGCGTCA_001,183
GAGGTACTCCATCAGCGTCA_002,175
GAGGTACTCCATCAGCGTCA_003,120
GAGGTACTCCATCAGCGTCA_004,12
GAGGTACTCCATCAGCGTCA_005,181
GAGGTACTCCATCAGCGTCA_006,119
GAGGTACTCCATCAGCGTCA_007,76
GAGGTACTCCATCAGCGTCA_008,147
AGCACTTTGACTTGAATCTG_001,134
AGCACTTTGACTTGAATCTG_002,154
AGCACTTTGACTTGAATCTG_003,20
AGCACTTTGACTTGAATCTG_004,82
ACCTGCTGCGCGCCGGCTGG_001,149
ACCTGCTGCGCGCCGGCTGG_002,156
ACCTGCTGCGCGCCGGCTGG_003,199
ACCTGCTGCGCGCCGGCTGG_004,157
ACCTGCTGCGCGCCGGCTGG_005,105
ACCTGCTGCGCGCCGGCTGG_006,26
ACCTGCTGCGCGCCGGCTGG_007,49
CACCCCAAGAGCAACCGAGA_001,106
CACCCCAAGAGCAACCGAGA_002,199
CACCCCAAGAGCAACCGAGA_003,129
CACCCCAAGAGCAACCGAGA_004,162
CACCCCAAGAGCAACCGAGA_005,108
CACCCCAAGAGCAACCGAGA_006,150
CACCCCAAGAGCAACCGAGA_007,56
CACCCCAAGAGCAACCGAGA_008,160
CACCCCAAGAGCAACCGAGA_009,18
CACCCCAAGAGCAACCGAGA_010,184
CACCCCAAGAGCAACCGAGA_011,199
CACCCCAAGAGCAACCGAGA_012,76
CACCCCAAGAGCAACCGAGA_013,37
CACCCCAAGAGCAACCGAGA_014,148
CACCCCAAGAGCAACCGAGA_015,120
CACCCCAAGAGCAACCGAGA_016,198
CACCCCAAGAGCAACCGAGA_017,68
CACCCCAAGAGCAACCGAGA_018,8
CACCCCAAGAGCAACCGAGA_019,70
CACCCCAAGAGCAACCGAGA_020,151
CACCCCAAGAGCAACCGAGA_021,36
CACCCCAAGAGCAACCGAGA_022,185
CACCCCAAGAGCAACCGAGA_023,171
CACCCCAAGAGCAACCGAGA_024,88
CACCCCAAGAGCAACCGAGA_025,177
CACCCCAAGAGCAACCGAGA_026,143
CACCCCAAGAGCAACCGAGA_027,143
CACCCCAAGAGCAACCGAGA_028,28
CACCCCAAGAGCAACCGAGA_029,102
CACCCCAAGAGCAACCGAGA_030,188
CACCCCAAGAGCAACCGAGA_031,49
CACCCCAAGAGCAACCGAGA_032,63
CACCCCAAGAGCAACCGAGA_033,88
CACCCCAAGAGCAACCGAGA_034,180
CACCCCAAGAGCAACCGAGA_035,94
CACCCCAAGAGCAACCGAGA_036,103
CACCCCAAGAGCAACCGAGA_037,182
CACCCCAAGAGCAACCGAGA_038,157
CACCCCAAGAGCAACCGAGA_039,147
CACCCCAAGAGCAACCGAGA_040,33
CACTGCACCAGCAGTCCTAG_001,83
CACTGCACCAGCAGTCCTAG_002,12
CACTGCACCAGCAGTCCTAG_003,96
CACTGCACCAGCAGTCCTAG_004,174
CACTGCACCAGCAGTCCTAG_005,158
CACTGCACCAGCAGTCCTAG_006,199
CACTGCACCAGCAGTCCTAG_007,5
CACTGCACCAGCAGTCCTAG_008,180
CACTGCACCAGCAGTCCTAG_009,148
CACTGCACCAGCAGTCCTAG_010,146
GAAGTCATCGTTCATCAGTG_001,61
GAAGTCATCGTTCATCAGTG_002,79
GAAGTCATCGTTCATCAGTG_003,198
GAAGTCATCGTTCATCAGTG_004,113
GAAGTCATCGTTCATCAGTG_005,16
GAAGTCATCGTTCATCAGTG_006,158
GAAGTCATCGTTCATCAGTG_007,175
GAAGTCATCGTTCATCAGTG_008,94
ACCTGGTGTGGACCCACGCG_001,32
ACCTGGTGTGGACCCACGCG_002,171
ACCTGGTGTGGACCCACGCG_003,8
ACCTGGTGTGGACCCACGCG_004,84
ACCTGGTGTGGACCCACGCG_005,93
ACCTGGTGTGGACCCACGCG_006,18
ACCTGGTGTGGACCCACGCG_007,112
ACCTGGTGTGGACCCACGCG_008,48
ACCTGGTGTGGACCCACGCG_009,126
ACCTGGTGTGGACCCACGCG_010,108
ACCTGGTGTGGACCCACGCG_011,178
ACCTGGTGTGGACCCACGCG_012,87
ACCTGGTGTGGACCCACGCG_013,0
ACCTGGTGTGGACCCACGCG_014,88
ACCTGGTGTGGACCCACGCG_015,22
ACCTGGTGTGGACCCACGCG_016,162
ACCTGGTGTGGACCCACGCG_017,77
ACCTGGTGTGGACCCACGCG_018,98
ACCTGGTGTGGACCCACGCG_019,10
ACCTGGTGTGGACCCACGCG_020,86
ACCTGGTGTGGACCCACGCG_021,86
CCTTTCAACTGATTACCCCG_001,34
CCTTTCAACTGATTACCCCG_002,198
CCTTTCAACTGATTACCCCG_003,60
CCTTTCAACTGATTACCCCG_004,162
CCTTTCAACTGATTACCCCG_005,82
GCCTGACCTATAAAGGTCGC_001,188
GCCTGACCTATAAAGGTCGC_002,177
GCCTGACCTATAAAGGTCGC_003,130
GCCTGACCTATAAAGGTCGC_004,103
GCCTGACCTATAAAGGTCGC_005,41
GCCTGACCTATAAAGGTCGC_006,187
GCCTGACCTATAAAGGTCGC_007,127
GCCTGACCTATAAAGGTCGC_008,182
GCCTGACCTATAAAGGTCGC_009,46
GCCTGACCTATAAAGGTCGC_010,120
GCCTGACCTATAAAGGTCGC_011,39
TCAGGCCACAGACAAGCGGA_001,80
TCAGGCCACAGACAAGCGGA_002,161
TCAGGCCACAGACAAGCGGA_003,161
TCAGGCCACAGACAAGCGGA_004,119
TCAGGCCACAGACAAGCGGA_005,2
TCAGGCCACAGACAAGCGGA_006,149
TCAGGCCACAGACAAGCGGA_007,163
TCAGGCCACAGACAAGCGGA_008,78
TCAGGCCACAGACAAGCGGA_009,77
TCAGGCCACAGACAAGCGGA_010,62
TCAGGCCACAGACAAGCGGA_011,67
ACTTGAGCCCTATCCAACTC_001,68
ACTTGAGCCCTATCCAACTC_002,147
ACTTGAGCCCTATCCAACTC_003,100
ACTTGAGCCCTATCCAACTC_004,1
ACTTGAGCCCTATCCAACTC_005,65
ACTTGAGCCCTATCCAACTC_006,118
GCAAGGCCGCGATCTCGACG_001,8
GCAAGGCCGCGATCTCGACG_002,27
GCAAGGCCGCGATCTCGACG_003,141
GCAAGGCCGCGATCTCGACG_004,84
GCAAGGCCGCGATCTCGACG_005,43
GCAAGGCCGCGATCTCGACG_006,122
GCAAGGCCGCGATCTCGACG_007,184
GCAAGGCCGCGATCTCGACG_008,160
GCAAGGCCGCGATCTCGACG_009,13
GGCTCACTTGTTGCAAGATG_001,191
TGGTGGTACCTGAGAAAACG_001,97
TGGTGGTACCTGAGAAAACG_002,22
TGGTGGTACCTGAGAAAACG_003,15
TGGTGGTACCTGAGAAAACG_004,122
TGGTGGTACCTGAGAAAACG_005,105
TGGTGGTACCTGAGAAAACG_006,70
TGGTGGTACCTGAGAAAACG_007,147
TGGTGGTACCTGAGAAAACG_008,119
TGGTGGTACCTGAGAAAACG_009,168
TGGTGGTACCTGAGAAAACG_010,160
TGGTGGTACCTGAGAAAACG_011,17
TGGTGGTACCTGAGAAAACG_012,67
TACCACACACACATCTGTCG_001,39
TACCACACACACATCTGTCG_002,138
TACCACACACACATCTGTCG_003,77
TACCACACACACATCTGTCG_004,131
TGTTCTAAGAGATCTGAAAG_001,9
TGTTCTAAGAGATCTGAAAG_002,112
TGTTCTAAGAGATCTGAAAG_003,133
TGTTCTAAGAGATCTGAAAG_004,199
TGTTCTAAGAGATCTGAAAG_005,78
TGTTCTAAGAGATCTGAAAG_006,120
CGCACTTACTCGGAGCTCGG_001,8
CGCACTTACTCGGAGCTCGG_002,3
CGCACTTACTCGGAGCTCGG_003,149
CGCACTTACTCGGAGCTCGG_004,67
CGCACTTACTCGGAGCTCGG_005,155
CGCACTTACTCGGAGCTCGG_006,169
CGCACTTACTCGGAGCTCGG_007,41
CGCACTTACTCGGAGCTCGG_008,50
CGCACTTACTCGGAGCTCGG_009,9
CGCACTTACTCGGAGCTCGG_010,156
CGCACTTACTCGGAGCTCGG_011,76
CGCACTTACTCGGAGCTCGG_012,84
CGCACTTACTCGGAGCTCGG_013,94
CGCACTTACTCGGAGCTCGG_014,171
CGCACTTACTCGGAGCTCGG_015,58
CGCACTTACTCGGAGCTCGG_016,41
CGCACTTACTCGGAGCTCGG_017,65
CGCACTTACTCGGAGCTCGG_018,137
CGCACTTACTCGGAGCTCGG_019,158
CGCACTTACTCGGAGCTCGG_020,144
CGCACTTACTCGGAGCTCGG_021,172
CGCACTTACTCGGAGCTCGG_022,182
CTCGTTCATCTTGCACAACG_001,176
CTCGTTCATCTTGCACAACG_002,118
CTCGTTCATCTTGCACAACG_003,30
CTCGTTCATCTTGCACAACG_004,35
CTCGTTCATCTTGCACAACG_005,40
CTCGTTCATCTTGCACAACG_006,160
CTCGTTCATCTTGCACAACG_007,82
CTCGTTCATCTTGCACAACG_008,1
CTCGTTCATCTTGCACAACG_009,146
GGGTAGGCAAGCGAGGATAG_001,75
GGGTAGGCAAGCGAGGATAG_002,79
GGGTAGGCAAGCGAGGATAG_003,127
GGGTAGGCAAGCGAGGATAG_004,8
GGGTAGGCAAGCGAGGATAG_005,151
GGGTAGGCAAGCGAGGATAG_006,56
GGGTAGGCAAGCGAGGATAG_007,61
GGGTAGGCAAGCGAGGATAG_008,15
GGGTAGGCAAGCGAGGATAG_009,43
GGGTAGGCAAGCGAGGATAG_010,160
GGGTAGGCAAGCGAGGATAG_011,12
GGGTAGGCAAGCGAGGATAG_012,83
GGGTAGGCAAGCGAGGATAG_013,149
GGGTAGGCAAGCGAGGATAG_014,117
GGGTAGGCAAGCGAGGATAG_015,124
GGGTAGGCAAGCGAGGATAG_016,20
GGGTAGGCAAGCGAGGATAG_017,184
GGGTAGGCAAGCGAGGATAG_018,160
GGGTAGGCAAGCGAGGATAG_019,83
GGGTAGGCAAGCGAGGATAG_020,198
GGGTAGGCAAGCGAGGATAG_021,124
GGGTAGGCAAGCGAGGATAG_022,1
GGGTAGGCAAGCGAGGATAG_023,188
CACCATGGGGACCTACATTG_001,169
CACCATGGGGACCTACATTG_002,38
CACCATGGGGACCTACATTG_003,134
CACCATGGGGACCTACATTG_004,138
CACCATGGGGACCTACATTG_005,77
CACCATGGGGACCTACATTG_006,160
CACCATGGGGACCTACATTG_007,82
CACCATGGGGACCTACATTG_008,31
CACCATGGGGACCTACATTG_009,184
CACCATGGGGACCTACATTG_010,75
CACCATGGGGACCTACATTG_011,75
CACCATGGGGACCTACATTG_012,117
CACCATGGGGACCTACATTG_013,51
CACCATGGGGACCTACATTG_014,159
CACCATGGGGACCTACATTG_015,162
CACCATGGGGACCTACATTG_016,120
CACCATGGGGACCTACATTG_017,96
CACCATGGGGACCTACATTG_018,184
CACCATGGGGACCTACATTG_019,149
CACCATGGGGACCTACATTG_020,161
CACCATGGGGACCTACATTG_021,7
CACCATGGGGACCTACATTG_022,159
CACCATGGGGACCTACATTG_023,25
CACCATGGGGACCTACATTG_024,160
CACCATGGGGACCTACATTG_025,32
CACCATGGGGACCTACATTG_026,172
CACCATGGGGACCTACATTG_027,186
CACCATGGGGACCTACATTG_028,43
CACCATGGGGACCTACATTG_029,118
CACCATGGGGACCTACATTG_030,17
CACCATGGGGACCTACATTG_031,199
CACCATGGGGACCTACATTG_032,199
CACCATGGGGACCTACATTG_033,191
CACCATGGGGACCTACATTG_034,190
CACCATGGGGACCTACATTG_035,115
CACCATGGGGACCTACATTG_036,52
CACCATGGGGACCTACATTG_037,28
CACCATGGGGACCTACATTG_038,175
CACCATGGGGACCTACATTG_039,81
CACCATGGGGACCTACATTG_040,121
ATCCTCAAACTGCCAGATAG_001,15
ATCCTCAAACTGCCAGATAG_002,34
ATCCTCAAACTGCCAGATAG_003,181
ATCCTCAAACTGCCAGATAG_004,105
ATCCTCAAACTGCCAGATAG_005,127
ATCCTCAAACTGCCAGATAG_006,148
ATCCTCAAACTGCCAGATAG_007,28
ATCCTCAAACTGCCAGATAG_008,159
ATCCTCAAACTGCCAGATAG_009,5
ATGACTTGGTGCAACGCACA_001,160
ATGACTTGGTGCAACGCACA_002,36
ATGACTTGGTGCAACGCACA_003,151
ATGACTTGGTGCAACGCACA_004,151
ATGACTTGGTGCAACGCACA_005,48
ATGACTTGGTGCAACGCACA_006,172
ATGACTTGGTGCAACGCACA_007,119
ATGACTTGGTGCAACGCACA_008,29
ATGACTTGGTGCAACGCACA_009,58
ATGACTTGGTGCAACGCACA_010,48
ATGACTTGGTGCAACGCACA_011,151
ATGACTTGGTGCAACGCACA_012,175
ATGACTTGGTGCAACGCACA_013,172
ATGACTTGGTGCAACGCACA_014,151
ATGACTTGGTGCAACGCACA_015,112
ATGACTTGGTGCAACGCACA_016,182
ATGACTTGGTGCAACGCACA_017,14
ATGACTTGGTGCAACGCACA_018,17
ATGACTTGGTGCAACGCACA_019,105
ATGACTTGGTGCAACGCACA_020,198
ATGACTTGGTGCAACGCACA_021,134
ATGACTTGGTGCAACGCACA_022,66
ATGACTTGGTGCAACGCACA_023,115
ATGACTTGGTGCAACGCACA_024,78
ATGACTTGGTGCAACGCACA_025,173
ATGACTTGGTGCAACGCACA_026,37
ATGACTTGGTGCAACGCACA_027,172
ATGACTTGGTGCAACGCACA_028,0
ATGACTTGGTGCAACGCACA_029,19
ATGACTTGGTGCAACGCACA_030,31
ATGACTTGGTGCAACGCACA_031,65
CGCCTGGCACAGGGTATACA_001,60
CGCCTGGCACAGGGTATACA_002,127
CGCCTGGCACAGGGTATACA_003,134
CGCCTGGCACAGGGTATACA_004,44
CGCCTGGCACAGGGTATACA_005,145
CGCCTGGCACAGGGTATACA_006,6
CGCCTGGCACAGGGTATACA_007,48
CGCCTGGCACAGGGTATACA_008,126
CGCCTGGCACAGGGTATACA_009,147
CGCCTGGCACAGGGTATACA_010,75
CGCCTGGCACAGGGTATACA_011,71
GATCTAACTCCTTTCCGAGG_001,14
GATCTAACTCCTTTCCGAGG_002,78
GATCTAACTCCTTTCCGAGG_003,126
TACCTGCGAAGGTAACTGCC_001,49
TACCTGCGAAGGTAACTGCC_002,134
TACCTGCGAAGGTAACTGCC_003,70
TACCTGCGAAGGTAACTGCC_004,199
TGCTTCTAGATCAACTACGG_001,62
TGCTTCTAGATCAACTACGG_002,114
TGCTTCTAGATCAACTACGG_003,37
TGCTTCTAGATCAACTACGG_004,90
TGCTTCTAGATCAACTACGG_005,173
TGCTTCTAGATCAACTACGG_006,173
TGCTTCTAGATCAACTACGG_007,146
TGCTTCTAGATCAACTACGG_008,81
TGCTTCTAGATCAACTACGG_009,137
TGCTTCTAGATCAACTACGG_010,63
TGCTTCTAGATCAACTACGG_011,190
TGCTTCTAGATCAACTACGG_012,69
TGCTTCTAGATCAACTACGG_013,80
TGCTTCTAGATCAACTACGG_014,108
TGCTTCTAGATCAACTACGG_015,4
CAGAGGCCGACGATTCAAGC_001,68
CAGAGGCCGACGATTCAAGC_002,78
CAGAGGCCGACGATTCAAGC_003,49
CAGAGGCCGACGATTCAAGC_004,72
CAGAGGCCGACGATTCAAGC_005,13
CAGAGGCCGACGATTCAAGC_006,77
CAGAGGCCGACGATTCAAGC_007,29
CAGAGGCCGACGATTCAAGC_008,103
CAGAGGCCGACGATTCAAGC_009,127
GCAGGACTCACCAACCATGA_001,36
GCAGGACTCACCAACCATGA_002,8
GCAGGACTCACCAACCATGA_003,109
GCAGGACTCACCAACCATGA_004,102
GCAGGACTCACCAACCATGA_005,133
GCAGGACTCACCAACCATGA_006,82
GCAGGACTCACCAACCATGA_007,42
GCAGGACTCACCAACCATGA_008,110
GCAGGACTCACCAACCATGA_009,160
GCAGGACTCACCAACCATGA_010,160
GCAGGACTCACCAACCATGA_011,34
GCAGGACTCACCAACCATGA_012,53
GCAGGACTCACCAACCATGA_013,92
GCAGGACTCACCAACCATGA_014,188
GCAGGACTCACCAACCATGA_015,8
GCAGGACTCACCAACCATGA_016,107
GCAGGACTCACCAACCATGA_017,80
CCTTTCCAAGCCATTTGTCA_001,112
CCTTTCCAAGCCATTTGTCA_002,63
CCTTTCCAAGCCATTTGTCA_003,87
CCTTTCCAAGCCATTTGTCA_004,159
CCTTTCCAAGCCATTTGTCA_005,112
CCTTTCCAAGCCATTTGTCA_006,38
CAACCCCAGAAACAGAGATC_001,127
CAACCCCAGAAACAGAGATC_002,44
CAACCCCAGAAACAGAGATC_003,48
CAACCCCAGAAACAGAGATC_004,102
CAACCCCAGAAACAGAGATC_005,138
CAACCCCAGAAACAGAGATC_006,138
CAACCCCAGAAACAGAGATC_007,39
TCACCACACAGGCAAACACG_001,106
TCACCACACAGGCAAACACG_002,83
CATGGAGAGGTCAATCCGCA_001,190
CATGGAGAGGTCAATCCGCA_002,48
CATGGAGAGGTCAATCCGCA_003,148
CATGGAGAGGTCAATCCGCA_004,121
CATGGAGAGGTCAATCCGCA_005,193
CATGGAGAGGTCAATCCGCA_006,65
CATGGAGAGGTCAATCCGCA_007,127
CATGGAGAGGTCAATCCGCA_008,36
CATGGAGAGGTCAATCCGCA_009,35
CATGGAGAGGTCAATCCGCA_010,128
CATGGAGAGGTCAATCCGCA_011,46
CATGGAGAGGTCAATCCGCA_012,115
CATGGAGAGGTCAATCCGCA_013,106
GAGTAGATGTCCAGGGCTCG_001,130
GAGTAGATGTCCAGGGCTCG_002,42
GAGTAGATGTCCAGGGCTCG_003,60
GAGTAGATGTCCAGGGCTCG_004,138
GAGTAGATGTCCAGGGCTCG_005,48
GTTGGATGTTGTTTCCTACG_001,150
GTTGGATGTTGTTTCCTACG_002,17
GTTGGATGTTGTTTCCTACG_003,105
GTTTACCAACGATTATAACC_001,47
AGTGCAAAGTTGAGTCACCC_001,66
AGTGCAAAGTTGAGTCACCC_002,27
AGTGCAAAGTTGAGTCACCC_003,66
CGGTGGCACAGCTAAACCAG_001,91
CGGTGGCACAGCTAAACCAG_002,4
CGGTGGCACAGCTAAACCAG_003,29
CGGTGGCACAGCTAAACCAG_004,174
CGGTGGCACAGCTAAACCAG_005,187
CTTCCACGGAGAACTTAGCG_001,166
CTTCCACGGAGAACTTAGCG_002,118
CTTCCACGGAGAACTTAGCG_003,182
CTTCCACGGAGAACTTAGCG_004,8
CTTCCACGGAGAACTTAGCG_005,177
CTTCCACGGAGAACTTAGCG_006,160
CTTCCACGGAGAACTTAGCG_007,62
CTTCCACGGAGAACTTAGCG_008,102
TAACTTAGGATGTCTAAGCA_001,11
TAACTTAGGATGTCTAAGCA_002,71
TAACTTAGGATGTCTAAGCA_003,35
TAACTTAGGATGTCTAAGCA_004,186
TAACTTAGGATGTCTAAGCA_005,127
TAACTTAGGATGTCTAAGCA_006,48
TAACTTAGGATGTCTAAGCA_007,145
TAACTTAGGATGTCTAAGCA_008,74
TGGAAAGTATCTCCGTCATA_001,4
AGTCATCATTGATCTAGATG_001,85
AGTCATCATTGATCTAGATG_002,20
AGTCATCATTGATCTAGATG_003,60
AGTCATCATTGATCTAGATG_004,139
AGTCATCATTGATCTAGATG_005,190
AGTCATCATTGATCTAGATG_006,17
CCAGGTTAATAACTGCAACC_001,144
GTCCAGCAGATCATACGCCA_001,50
GTCCAGCAGATCATACGCCA_002,144
GTCCAGCAGATCATACGCCA_003,151
GTCCAGCAGATCATACGCCA_004,113
GTCCAGCAGATCATACGCCA_005,6
GTCCAGCAGATCATACGCCA_006,6
GTCCAGCAGATCATACGCCA_007,172
GTCCAGCAGATCATACGCCA_008,88
GTCCAGCAGATCATACGCCA_009,124
ACTTCGGAGATCCACCGGAG_001,8
ACTTCGGAGATCCACCGGAG_002,141
ACTTCGGAGATCCACCGGAG_003,39
ACTTCGGAGATCCACCGGAG_004,84
ACTTCGGAGATCCACCGGAG_005,81
ACTTCGGAGATCCACCGGAG_006,123
ACTTCGGAGATCCACCGGAG_007,41
ACTTCGGAGATCCACCGGAG_008,117
ACTTCGGAGATCCACCGGAG_009,137
ACTTCGGAGATCCACCGGAG_010,9
ACTTCGGAGATCCACCGGAG_011,108
ACTTCGGAGATCCACCGGAG_012,174
ACTTCGGAGATCCACCGGAG_013,42
ACTTCGGAGATCCACCGGAG_014,8
ACTTCGGAGATCCACCGGAG_015,70
ACTTCGGAGATCCACCGGAG_016,183
ACTTCGGAGATCCACCGGAG_017,6
ACTTCGGAGATCCACCGGAG_018,80
GAGCGAATCCCAGACCAGCT_001,119
GAGCGAATCCCAGACCAGCT_002,198
GAGCGAATCCCAGACCAGCT_003,108
GAGCGAATCCCAGACCAGCT_004,145
GAGCGAATCCCAGACCAGCT_005,16
GAGCGAATCCCAGACCAGCT_006,81
GAGCGAATCCCAGACCAGCT_007,13
GAGCGAATCCCAGACCAGCT_008,80
GAGCGAATCCCAGACCAGCT_009,80
GAGCGAATCCCAGACCAGCT_010,187
GAGCGAATCCCAGACCAGCT_011,146
GAGCGAATCCCAGACCAGCT_012,1
GAGCGAATCCCAGACCAGCT_013,95
GAGCGAATCCCAGACCAGCT_014,193
GAGCGAATCCCAGACCAGCT_015,61
GAGCGAATCCCAGACCAGCT_016,86
CCAGGAACCCATAAAAAACT_001,137
ACTGACTCCTCAGACCCCAT_001,8
ACTGACTCCTCAGACCCCAT_002,26
ACTGACTCCTCAGACCCCAT_003,82
ACTGACTCCTCAGACCCCAT_004,170
ACTGACTCCTCAGACCCCAT_005,141
ACTGACTCCTCAGACCCCAT_006,52
TACCTGACAATGAAACCGGG_001,84
TACCTGACAATGAAACCGGG_002,177
TACCTGACAATGAAACCGGG_003,76
TACCTGACAATGAAACCGGG_004,9
TACCTGACAATGAAACCGGG_005,8
TACCTGACAATGAAACCGGG_006,132
AAGGCAGAGAGTGAGGACGG_001,37
AAGGCAGAGAGTGAGGACGG_002,197
AAGGCAGAGAGTGAGGACGG_003,149
AAGGCAGAGAGTGAGGACGG_004,126
AAGGCAGAGAGTGAGGACGG_005,12
AAGGCAGAGAGTGAGGACGG_006,177
AAGGCAGAGAGTGAGGACGG_007,13
AAGGCAGAGAGTGAGGACGG_008,119
AAGGCAGAGAGTGAGGACGG_009,96
AAGGCAGAGAGTGAGGACGG_010,88
TCAAAGAAGCAGTATCGGCA_001,143
TCAAAGAAGCAGTATCGGCA_002,113
TCAAAGAAGCAGTATCGGCA_003,24
TCAAAGAAGCAGTATCGGCA_004,41
TCAAAGAAGCAGTATCGGCA_005,1
TCAAAGAAGCAGTATCGGCA_006,182
TCAAAGAAGCAGTATCGGCA_007,134
TCAAAGAAGCAGTATCGGCA_008,176
TCAAAGAAGCAGTATCGGCA_009,117
TCAAAGAAGCAGTATCGGCA_010,167
TCAAAGAAGCAGTATCGGCA_011,43
TCAAAGAAGCAGTATCGGCA_012,175
TCAAAGAAGCAGTATCGGCA_013,63
TCAAAGAAGCAGTATCGGCA_014,171
TCAAAGAAGCAGTATCGGCA_015,176
TCAAAGAAGCAGTATCGGCA_016,117
TCAAAGAAGCAGTATCGGCA_017,7
GAAGCCCTGAACAAACAGTG_001,14
GAAGCCCTGAACAAACAGTG_002,52
GAAGCCCTGAACAAACAGTG_003,128
GAAGCCCTGAACAAACAGTG_004,98
GAAGCCCTGAACAAACAGTG_005,1
GAAGCCCTGAACAAACAGTG_006,141
GAAGCCCTGAACAAACAGTG_007,119
GAAGCCCTGAACAAACAGTG_008,62
GAAGCCCTGAACAAACAGTG_009,128
GAAGCCCTGAACAAACAGTG_010,63
ATTGCCATGGTAGCTCACAA_001,175
ATTGCCATGGTAGCTCACAA_002,1
ATTGCCATGGTAGCTCACAA_003,105
ATTGCCATGGTAGCTCACAA_004,98
ATTGCCATGGTAGCTCACAA_005,41
ATTGCCATGGTAGCTCACAA_006,23
ATTGCCATGGTAGCTCACAA_007,161
ATTGCCATGGTAGCTCACAA_008,71
ATTGCCATGGTAGCTCACAA_009,33
ATTGCCATGGTAGCTCACAA_010,3
ATTGCCATGGTAGCTCACAA_011,108
CCCCTGAATTCTGACACACA_001,78
CCCCTGAATTCTGACACACA_002,144
CCCCTGAATTCTGACACACA_003,75
CCCCTGAATTCTGACACACA_004,143
CCCCTGAATTCTGACACACA_005,143
CGTCATGCCTAAGTATTATG_001,28
CGTCATGCCTAAGTATTATG_002,134
CGTCATGCCTAAGTATTATG_003,93
CTGACCTATAGGCCATCACA_001,58
CTGACCTATAGGCCATCACA_002,137
CTGACCTATAGGCCATCACA_003,2
CTGACCTATAGGCCATCACA_004,2
GATGACCAGAATAATAGACT_001,185
GATGACCAGAATAATAGACT_002,135
GGCTCGTTAATTGACCTCTG_001,114
GGCTCGTTAATTGACCTCTG_002,114
GGCTCGTTAATTGACCTCTG_003,77
GGCTCGTTAATTGACCTCTG_004,169
GGCTCGTTAATTGACCTCTG_005,15
GGCTCGTTAATTGACCTCTG_006,127
GGCTCGTTAATTGACCTCTG_007,23
GGCTCGTTAATTGACCTCTG_008,34
GGCTCGTTAATTGACCTCTG_009,124
GGCTCGTTAATTGACCTCTG_010,104
CCAGTGTCCGTTGATCAGGA_001,48
CCAGTGTCCGTTGATCAGGA_002,41
CCAGTGTCCGTTGATCAGGA_003,127
CCAGTGTCCGTTGATCAGGA_004,97
CCAGTGTCCGTTGATCAGGA_005,97
CCAGTGTCCGTTGATCAGGA_006,116
CCAGTGTCCGTTGATCAGGA_007,181
CCAGTGTCCGTTGATCAGGA_008,198
CCAGTGTCCGTTGATCAGGA_009,150
CCAGTGTCCGTTGATCAGGA_010,8
CCAGTGTCCGTTGATCAGGA_011,166
CCAGTGTCCGTTGATCAGGA_012,144
CCAGTGTCCGTTGATCAGGA_013,174
CCAGTGTCCGTTGATCAGGA_014,159
CCAGTGTCCGTTGATCAGGA_015,39
CCAGTGTCCGTTGATCAGGA_016,111
CCAGTGTCCGTTGATCAGGA_017,52
CCAGTGTCCGTTGATCAGGA_018,128
CCAGTGTCCGTTGATCAGGA_019,55
CCAGTGTCCGTTGATCAGGA_020,54
CCAGTGTCCGTTGATCAGGA_021,50
CCAGTGTCCGTTGATCAGGA_022,104
CCAGTGTCCGTTGATCAGGA_023,47
CCAGTGTCCGTTGATCAGGA_024,16
CCAGTGTCCGTTGATCAGGA_025,144
CCTATTCACCAAGCTAAAGG_001,81
CCTATTCACCAAGCTAAAGG_002,43
CCTATTCACCAAGCTAAAGG_003,29
CCTATTCACCAAGCTAAAGG_004,64
AAGGGAACTAACTCATCGAT_001,84
AAGGGAACTAACTCATCGAT_002,115
AAGGGAACTAACTCATCGAT_003,157
AAGGGAACTAACTCATCGAT_004,132
AAGGGAACTAACTCATCGAT_005,94
AAGGGAACTAACTCATCGAT_006,68
AAGGGAACTAACTCATCGAT_007,148
AAGGGAACTAACTCATCGAT_008,133
AAGGGAACTAACTCATCGAT_009,99
AAGGGAACTAACTCATCGAT_010,170
AAGGGAACTAACTCATCGAT_011,15
AAGGGAACTAACTCATCGAT_012,127
AAGGGAACTAACTCATCGAT_013,100
CGCTGGTTCTAAACCCCCGG_001,131
CGCTGGTTCTAAACCCCCGG_002,135
CGCTGGTTCTAAACCCCCGG_003,5
CGCTGGTTCTAAACCCCCGG_004,27
GTTATCCCCCCCATTAGTGG_001,48
GTTATCCCCCCCATTAGTGG_002,48
GTTATCCCCCCCATTAGTGG_003,11
GTTATCCCCCCCATTAGTGG_004,37
GTTATCCCCCCCATTAGTGG_005,6
GTTATCCCCCCCATTAGTGG_006,190
GTTATCCCCCCCATTAGTGG_007,58
GTTATCCCCCCCATTAGTGG_008,147
GTTATCCCCCCCATTAGTGG_009,174
GTTATCCCCCCCATTAGTGG_010,36
GAAAAACTTATGCACCACCA_001,149
GAAAAACTTATGCACCACCA_002,131
TGCAGTTTACCTGTACGGCG_001,5
TGCAGTTTACCTGTACGGCG_002,16
TGCAGTTTACCTGTACGGCG_003,24
TGCAGTTTACCTGTACGGCG_004,158
TGCAGTTTACCTGTACGGCG_005,147
TGCAGTTTACCTGTACGGCG_006,115
TGCAGTTTACCTGTACGGCG_007,1
TGCAGTTTACCTGTACGGCG_008,37
TGGCGCAGAAGATTTCCGAG_001,149
TGGCGCAGAAGATTTCCGAG_002,10
TGGCGCAGAAGATTTCCGAG_003,127
TGGCGCAGAAGATTTCCGAG_004,78
TGGCGCAGAAGATTTCCGAG_005,129
TGGCGCAGAAGATTTCCGAG_006,140
TGGCGCAGAAGATTTCCGAG_007,88
TGGCGCAGAAGATTTCCGAG_008,148
TGGCGCAGAAGATTTCCGAG_009,155
TGGCGCAGAAGATTTCCGAG_010,40
TGGCGCAGAAGATTTCCGAG_011,92
TGGCGCAGAAGATTTCCGAG_012,25
TGGCGCAGAAGATTTCCGAG_013,135
TGGCGCAGAAGATTTCCGAG_014,12
TGGCGCAGAAGATTTCCGAG_015,29
TGGCGCAGAAGATTTCCGAG_016,15
TGGCGCAGAAGATTTCCGAG_017,150
TGGCGCAGAAGATTTCCGAG_018,160
TGGCGCAGAAGATTTCCGAG_019,16
TGGCGCAGAAGATTTCCGAG_020,66
TGGCGCAGAAGATTTCCGAG_021,166
TGGCGCAGAAGATTTCCGAG_022,81
ACCTGCCATACGAAGCATCA_001,49
ACCTGCCATACGAAGCATCA_002,188
ACCTGCCATACGAAGCATCA_003,155
ACCTGCCATACGAAGCATCA_004,52
ACCTGCCATACGAAGCATCA_005,115
CAACTCCAGTTCACAAACTG_001,199
CAACTCCAGTTCACAAACTG_002,199
CAACTCCAGTTCACAAACTG_003,17
CAACTCCAGTTCACAAACTG_004,73
CAACTCCAGTTCACAAACTG_005,98
CAACTCCAGTTCACAAACTG_006,34
CAACTCCAGTTCACAAACTG_007,152
CAACTCCAGTTCACAAACTG_008,152
CAACTCCAGTTCACAAACTG_009,165
CAACTCCAGTTCACAAACTG_010,137
GGAAACCTAATTGCATATGG_001,171
GGAAACCTAATTGCATATGG_002,49
GGAAACCTAATTGCATATGG_003,114
GGAAACCTAATTGCATATGG_004,121
GGAAACCTAATTGCATATGG_005,126
GGAAACCTAATTGCATATGG_006,105
GGAAACCTAATTGCATATGG_007,15
GGAAACCTAATTGCATATGG_008,36
GGAAACCTAATTGCATATGG_009,63
GGAAACCTAATTGCATATGG_010,105
GGAAACCTAATTGCATATGG_011,76
GGAAACCTAATTGCATATGG_012,35
GGTTCCTTGAAATAAAGTGC_001,107
GGTTCCTTGAAATAAAGTGC_002,110
GGTTCCTTGAAATAAAGTGC_003,105
GGTTCCTTGAAATAAAGTGC_004,76
GGTTCCTTGAAATAAAGTGC_005,129
GGTTCCTTGAAATAAAGTGC_006,118
GGTTCCTTGAAATAAAGTGC_007,114
GGTTCCTTGAAATAAAGTGC_008,111
GGTTCCTTGAAATAAAGTGC_009,148
GGTTCCTTGAAATAAAGTGC_010,145
GGTTCCTTGAAATAAAGTGC_011,83
GGTTCCTTGAAATAAAGTGC_012,56
ACTCTGGCTTTACTCCTGGG_001,37
ACTCTGGCTTTACTCCTGGG_002,10
ACTCTGGCTTTACTCCTGGG_003,73
ACTCTGGCTTTACTCCTGGG_004,188
ACTCTGGCTTTACTCCTGGG_005,188
ACTCTGGCTTTACTCCTGGG_006,150
ACTCTGGCTTTACTCCTGGG_007,152
ACTCTGGCTTTACTCCTGGG_008,151
ACTCTGGCTTTACTCCTGGG_009,144
ACTCTGGCTTTACTCCTGGG_010,127
AGGCATGAGTGAGCTACAGT_001,162
AGGCATGAGTGAGCTACAGT_002,181
AGGCATGAGTGAGCTACAGT_003,121
AGGCATGAGTGAGCTACAGT_004,144
AGGCATGAGTGAGCTACAGT_005,51
AGGCATGAGTGAGCTACAGT_006,80
AGGCATGAGTGAGCTACAGT_007,63
AGGCATGAGTGAGCTACAGT_008,16
AGGCATGAGTGAGCTACAGT_009,24
AGGCATGAGTGAGCTACAGT_010,182
AGGCATGAGTGAGCTACAGT_011,193
AGGCATGAGTGAGCTACAGT_012,24
AGGCATGAGTGAGCTACAGT_013,123
AGGCATGAGTGAGCTACAGT_014,175
AGGCATGAGTGAGCTACAGT_015,4
AGGCATGAGTGAGCTACAGT_016,159
AGGCATGAGTGAGCTACAGT_017,112
AGGCATGAGTGAGCTACAGT_018,94
AGGCATGAGTGAGCTACAGT_019,159
AGGCATGAGTGAGCTACAGT_020,82
AGGCATGAGTGAGCTACAGT_021,127
AGGCATGAGTGAGCTACAGT_022,60
AGGCATGAGTGAGCTACAGT_023,144
AGGCATGAGTGAGCTACAGT_024,65
AGGCATGAGTGAGCTACAGT_025,63
AGGCATGAGTGAGCTACAGT_026,1
AGGCATGAGTGAGCTACAGT_027,10
AGGCATGAGTGAGCTACAGT_028,62
AGGCATGAGTGAGCTACAGT_029,132
AGGCATGAGTGAGCTACAGT_030,147
AGGCATGAGTGAGCTACAGT_031,108
AGGCATGAGTGAGCTACAGT_032,129
AGGTGCCAACACCCATCCAG_001,123
AGGTGCCAACACCCATCCAG_002,118
AGGTGCCAACACCCATCCAG_003,154
AGGTGCCAACACCCATCCAG_004,48
AGGTGCCAACACCCATCCAG_005,81
AGGTGCCAACACCCATCCAG_006,79
AGGTGCCAACACCCATCCAG_007,170
AGGTGCCAACACCCATCCAG_008,160
AGGTGCCAACACCCATCCAG_009,29
AGGTGCCAACACCCATCCAG_010,158
AGGTGCCAACACCCATCCAG_011,163
AGGTGCCAACACCCATCCAG_012,148
AGGTGCCAACACCCATCCAG_013,190
AGGTGCCAACACCCATCCAG_014,1
AGGTGCCAACACCCATCCAG_015,157
AGGTGCCAACACCCATCCAG_016,170
AGGTGCCAACACCCATCCAG_017,145
AGGTGCCAACACCCATCCAG_018,100
AGGTGCCAACACCCATCCAG_019,195
CCGCTTCTACATTATCCAAG_001,181
CCGCTTCTACATTATCCAAG_002,178
TGAAACATGTCAAGAGCCGA_001,58
TGAAACATGTCAAGAGCCGA_002,35
AGGAGCATTACACCCCTGTG_001,78
AGGAGCATTACACCCCTGTG_002,27
AGGAGCATTACACCCCTGTG_003,188
AGGAGCATTACACCCCTGTG_004,29
AGGAGCATTACACCCCTGTG_005,11
AGGAGCATTACACCCCTGTG_006,8
AGGAGCATTACACCCCTGTG_007,26
AGGAGCATTACACCCCTGTG_008,28
AGGAGCATTACACCCCTGTG_009,170
AGGAGCATTACACCCCTGTG_010,197
AGGAGCATTACACCCCTGTG_011,152
AGGAGCATTACACCCCTGTG_012,168
AGTGATATCCACGACCAGTG_001,105
AGTGATATCCACGACCAGTG_002,197
GGAAACACAACATCACCCAG_001,115
GGAAACACAACATCACCCAG_002,185
GGAAACACAACATCACCCAG_003,110
GGAAACACAACATCACCCAG_004,165
GGAAACACAACATCACCCAG_005,179
GGAAACACAACATCACCCAG_006,124
GGAAACACAACATCACCCAG_007,161
ATAAACTTGTTTCTGCACAT_001,60
ATAAACTTGTTTCTGCACAT_002,185
ATAAACTTGTTTCTGCACAT_003,188
ATAAACTTGTTTCTGCACAT_004,57
ATAAACTTGTTTCTGCACAT_005,117
ATAAACTTGTTTCTGCACAT_006,56
ATAAACTTGTTTCTGCACAT_007,83
ATAAACTTGTTTCTGCACAT_008,96
ATAAACTTGTTTCTGCACAT_009,168
ATAAACTTGTTTCTGCACAT_010,50
ATAAACTTGTTTCTGCACAT_011,94
ATAAACTTGTTTCTGCACAT_012,1
ATAAACTTGTTTCTGCACAT_013,184
ATAAACTTGTTTCTGCACAT_014,141
ATAAACTTGTTTCTGCACAT_015,9
ATAAACTTGTTTCTGCACAT_016,115
ATAAACTTGTTTCTGCACAT_017,144
ATAAACTTGTTTCTGCACAT_018,192
GGGAAAACATCTGAACTCGA_001,169
GGGAAAACATCTGAACTCGA_002,88
GGGAAAACATCTGAACTCGA_003,96
GGGAAAACATCTGAACTCGA_004,149
GGGAAAACATCTGAACTCGA_005,50
GGGAAAACATCTGAACTCGA_006,21
GGGAAAACATCTGAACTCGA_007,149
GGGAAAACATCTGAACTCGA_008,133
GGGAAAACATCTGAACTCGA_009,127
GGGAAAACATCTGAACTCGA_010,127
GGGAAAACATCTGAACTCGA_011,162
GGGAAAACATCTGAACTCGA_012,141
GGGAAAACATCTGAACTCGA_013,8
GGGAAAACATCTGAACTCGA_014,152
GGGAAAACATCTGAACTCGA_015,66
GGGAAAACATCTGAACTCGA_016,52
GGGAAAACATCTGAACTCGA_017,83
GGGTTATGCAGTGTCTGTCG_001,145
GGGTTATGCAGTGTCTGTCG_002,14
GGGTTATGCAGTGTCTGTCG_003,39
GTGCACATGTCACTAACGTG_001,134
GTGCACATGTCACTAACGTG_002,163
GTGCACATGTCACTAACGTG_003,181
GTGCACATGTCACTAACGTG_004,134
GTGCACATGTCACTAACGTG_005,19
GTGCACATGTCACTAACGTG_006,58
GTGCACATGTCACTAACGTG_007,52
GTGCACATGTCACTAACGTG_008,25
GTGCACATGTCACTAACGTG_009,141
GTGCACATGTCACTAACGTG_010,185
TTGGTGCGCAGGACAGAGTG_001,96
TTGGTGCGCAGGACAGAGTG_002,8
TTGGTGCGCAGGACAGAGTG_003,191
TTGGTGCGCAGGACAGAGTG_004,147
TTGGTGCGCAGGACAGAGTG_005,125
TTGGTGCGCAGGACAGAGTG_006,61
TTGGTGCGCAGGACAGAGTG_007,69
TTGGTGCGCAGGACAGAGTG_008,153
TTGGTGCGCAGGACAGAGTG_009,186
TTGGTGCGCAGGACAGAGTG_010,102
TTGGTGCGCAGGACAGAGTG_011,118
TTGGTGCGCAGGACAGAGTG_012,69
TTGGTGCGCAGGACAGAGTG_013,166
TTGGTGCGCAGGACAGAGTG_014,105
TTGGTGCGCAGGACAGAGTG_015,107
TTGGTGCGCAGGACAGAGTG_016,83
TTGGTGCGCAGGACAGAGTG_017,140
TTGGTGCGCAGGACAGAGTG_018,84
TTGGTGCGCAGGACAGAGTG_019,166
TTGGTGCGCAGGACAGAGTG_020,86
TTGGTGCGCAGGACAGAGTG_021,67
TTGGTGCGCAGGACAGAGTG_022,68
TTGGTGCGCAGGACAGAGTG_023,57
TTGGTGCGCAGGACAGAGTG_024,77
TTGGTGCGCAGGACAGAGTG_025,172
TTGGTGCGCAGGACAGAGTG_026,191
TTGGTGCGCAGGACAGAGTG_027,146
TTGGTGCGCAGGACAGAGTG_028,125
TTGGTGCGCAGGACAGAGTG_029,72
TTGGTGCGCAGGACAGAGTG_030,32
TTGGTGCGCAGGACAGAGTG_031,2
TTGGTGCGCAGGACAGAGTG_032,175
TTGGTGCGCAGGACAGAGTG_033,82
TTGGTGCGCAGGACAGAGTG_034,57
TTGGTGCGCAGGACAGAGTG_035,136
TTGGTGCGCAGGACAGAGTG_036,153
TTGGTGCGCAGGACAGAGTG_037,165
TTGGTGCGCAGGACAGAGTG_038,189
TTGGTGCGCAGGACAGAGTG_039,11
TTGGTGCGCAGGACAGAGTG_040,60
TTGGTGCGCAGGACAGAGTG_041,138
TTGGTGCGCAGGACAGAGTG_042,10
CTTACTCTTTCGATCCCCCT_001,10
CTTACTCTTTCGATCCCCCT_002,51
CTTACTCTTTCGATCCCCCT_003,105
CTTACTCTTTCGATCCCCCT_004,188
CTTACTCTTTCGATCCCCCT_005,141
CCGTCAGGGCTGCACCATGG_001,60
CCGTCAGGGCTGCACCATGG_002,188
CCGTCAGGGCTGCACCATGG_003,46
CCGTCAGGGCTGCACCATGG_004,70
CCGTCAGGGCTGCACCATGG_005,192
CCGTCAGGGCTGCACCATGG_006,185
CCGTCAGGGCTGCACCATGG_007,2
CCGTCAGGGCTGCACCATGG_008,158
CCGTCAGGGCTGCACCATGG_009,182
CCGTCAGGGCTGCACCATGG_010,165
CCGTCAGGGCTGCACCATGG_011,41
CCGTCAGGGCTGCACCATGG_012,174
CCGTCAGGGCTGCACCATGG_013,130
CCGTCAGGGCTGCACCATGG_014,131
GGCGACAGAAGCAAGTGCTG_001,146
GGCGACAGAAGCAAGTGCTG_002,60
GGCGACAGAAGCAAGTGCTG_003,96
GGCGACAGAAGCAAGTGCTG_004,61
GGCGACAGAAGCAAGTGCTG_005,38
GGCGACAGAAGCAAGTGCTG_006,63
GGCGACAGAAGCAAGTGCTG_007,59
GGCGACAGAAGCAAGTGCTG_008,148
GGCGACAGAAGCAAGTGCTG_009,91
GGCGACAGAAGCAAGTGCTG_010,120
GGCGACAGAAGCAAGTGCTG_011,76
GGCGACAGAAGCAAGTGCTG_012,30
GGCGACAGAAGCAAGTGCTG_013,82
GGCGACAGAAGCAAGTGCTG_014,137
GGCGACAGAAGCAAGTGCTG_015,77
GGCGACAGAAGCAAGTGCTG_016,41
GGCGACAGAAGCAAGTGCTG_017,162
GGCGACAGAAGCAAGTGCTG_018,3
GGCGACAGAAGCAAGTGCTG_019,160
GGGTGGGTGAAATCAAGGCT_001,48
GGGTGGGTGAAATCAAGGCT_002,119
GGGTGGGTGAAATCAAGGCT_003,8
GGGTGGGTGAAATCAAGGCT_004,30
GGGTGGGTGAAATCAAGGCT_005,27
GGGTGGGTGAAATCAAGGCT_006,14
GGGTGGGTGAAATCAAGGCT_007,48
GGGTGGGTGAAATCAAGGCT_008,38
GGGTGGGTGAAATCAAGGCT_009,144
GGGTGGGTGAAATCAAGGCT_010,44
GGGTGGGTGAAATCAAGGCT_011,100
GGGTGGGTGAAATCAAGGCT_012,172
GGGTGGGTGAAATCAAGGCT_013,97
GGGTGGGTGAAATCAAGGCT_014,38
CAGCGGTCCAGAAGGCCGGG_001,48
CAGCGGTCCAGAAGGCCGGG_002,181
CAGCGGTCCAGAAGGCCGGG_003,94
CAGCGGTCCAGAAGGCCGGG_004,130
CAGCGGTCCAGAAGGCCGGG_005,162
CAGCGGTCCAGAAGGCCGGG_006,107
CAGCGGTCCAGAAGGCCGGG_007,132
CAGCGGTCCAGAAGGCCGGG_008,185
CAGCGGTCCAGAAGGCCGGG_009,160
CAGCGGTCCAGAAGGCCGGG_010,94
CAGCGGTCCAGAAGGCCGGG_011,174
CAGCGGTCCAGAAGGCCGGG_012,129
CAGCGGTCCAGAAGGCCGGG_013,85
CAGCGGTCCAGAAGGCCGGG_014,139
CAGCGGTCCAGAAGGCCGGG_015,3
CAGCGGTCCAGAAGGCCGGG_016,39
CAGTAGCGATCGAATGTCAA_001,188
CAGTAGCGATCGAATGTCAA_002,81
CAGTAGCGATCGAATGTCAA_003,80
CAGTAGCGATCGAATGTCAA_004,98
CAGTAGCGATCGAATGTCAA_005,114
CAGTAGCGATCGAATGTCAA_006,172
CAGTAGCGATCGAATGTCAA_007,130
CAGTAGCGATCGAATGTCAA_008,151
CAGTAGCGATCGAATGTCAA_009,179
CAGTAGCGATCGAATGTCAA_010,182
CAGTAGCGATCGAATGTCAA_011,196
CAGTAGCGATCGAATGTCAA_012,117
CAGTAGCGATCGAATGTCAA_013,139
CAGTAGCGATCGAATGTCAA_014,178
CAGTAGCGATCGAATGTCAA_015,40
CAGTAGCGATCGAATGTCAA_016,35
CAGTAGCGATCGAATGTCAA_017,46
CAGTAGCGATCGAATGTCAA_018,127
CAGTAGCGATCGAATGTCAA_019,152
CAGTAGCGATCGAATGTCAA_020,105
CAGTAGCGATCGAATGTCAA_021,77
CAGTAGCGATCGAATGTCAA_022,136
CAGTAGCGATCGAATGTCAA_023,170
CAGTAGCGATCGAATGTCAA_024,60
CAGTAGCGATCGAATGTCAA_025,36
AGATAAGATACATCAGCACA_001,127
AGATAAGATACATCAGCACA_002,175
AGATAAGATACATCAGCACA_003,8
AGATAAGATACATCAGCACA_004,105
CACCGGCAGCAACAGAACGG_001,173
CACCGGCAGCAACAGAACGG_002,192
CACCGGCAGCAACAGAACGG_003,96
CACCGGCAGCAACAGAACGG_004,194
CACCGGCAGCAACAGAACGG_005,48
CACCGGCAGCAACAGAACGG_006,127
CACCGGCAGCAACAGAACGG_007,7
CACCGGCAGCAACAGAACGG_008,99
CACCGGCAGCAACAGAACGG_009,106
CACCGGCAGCAACAGAACGG_010,69
CACCGGCAGCAACAGAACGG_011,157
CACCGGCAGCAACAGAACGG_012,0
CACCGGCAGCAACAGAACGG_013,106
CACCGGCAGCAACAGAACGG_014,144
CACCGGCAGCAACAGAACGG_015,6
CCAGGACAAAGTTATAGTGA_001,147
CCAGGACAAAGTTATAGTGA_002,156
TGATCCGTGTCAATAATGAT_001,178
ACTCTCGGCCTCATTATGAG_001,107
ACTCTCGGCCTCATTATGAG_002,162
ACTCTCGGCCTCATTATGAG_003,125
ACTCTCGGCCTCATTATGAG_004,2
ACTCTCGGCCTCATTATGAG_005,53
ACTCTCGGCCTCATTATGAG_006,29
CTGCAAGCGATTGACCCTTG_001,50
CTGCAAGCGATTGACCCTTG_002,126
CTGCAAGCGATTGACCCTTG_003,144
CTGCAAGCGATTGACCCTTG_004,88
CTGCAAGCGATTGACCCTTG_005,6
CTGCAAGCGATTGACCCTTG_006,63
CTGCAAGCGATTGACCCTTG_007,9
CTGCAAGCGATTGACCCTTG_008,36
CTGCAAGCGATTGACCCTTG_009,194
CTGCAAGCGATTGACCCTTG_010,60
CTGCAAGCGATTGACCCTTG_011,94
CTGCAAGCGATTGACCCTTG_012,34
CTGCAAGCGATTGACCCTTG_013,148
CTGCAAGCGATTGACCCTTG_014,159
CTGCAAGCGATTGACCCTTG_015,172
CTGCAAGCGATTGACCCTTG_016,116
CTGCAAGCGATTGACCCTTG_017,76
TGACGCGTCATGCCTTACGT_001,31
ATGATCGTGGAAGATCTACA_001,36
ATGATCGTGGAAGATCTACA_002,142
ATGATCGTGGAAGATCTACA_003,155
ATGATCGTGGAAGATCTACA_004,176
ATGATCGTGGAAGATCTACA_005,12
ATGATCGTGGAAGATCTACA_006,65
GAACCAGGCGAATGTGACCG_001,19
GAACCAGGCGAATGTGACCG_002,94
GAACCAGGCGAATGTGACCG_003,130
GAACCAGGCGAATGTGACCG_004,55
GAACCAGGCGAATGTGACCG_005,2
GAACCAGGCGAATGTGACCG_006,176
GAACCAGGCGAATGTGACCG_007,60
GAACCAGGCGAATGTGACCG_008,187
GAACCAGGCGAATGTGACCG_009,114
GAACCAGGCGAATGTGACCG_010,115
GAACCAGGCGAATGTGACCG_011,58
GAACCAGGCGAATGTGACCG_012,190
ACGTTGTGGACGTTTACCAG_001,169
ACGTTGTGGACGTTTACCAG_002,85
ACGTTGTGGACGTTTACCAG_003,148
ACGTTGTGGACGTTTACCAG_004,112
ACGTTGTGGACGTTTACCAG_005,136
ACGTTGTGGACGTTTACCAG_006,75
ACGTTGTGGACGTTTACCAG_007,6
ATTGGACTCAAAACAACCCG_001,9
ATTGGACTCAAAACAACCCG_002,104
ATTGGACTCAAAACAACCCG_003,115
ATTGGACTCAAAACAACCCG_004,197
ATTGGACTCAAAACAACCCG_005,77
ATTGGACTCAAAACAACCCG_006,130
ATTGGACTCAAAACAACCCG_007,175
ATTGGACTCAAAACAACCCG_008,81
ATTGGACTCAAAACAACCCG_009,64
GGATTGGAGTCATGGAGTGT_001,170
GGATTGGAGTCATGGAGTGT_002,191
GGATTGGAGTCATGGAGTGT_003,33
GGATTGGAGTCATGGAGTGT_004,28
GGATTGGAGTCATGGAGTGT_005,198
GGATTGGAGTCATGGAGTGT_006,22
GGATTGGAGTCATGGAGTGT_007,47
GGATTGGAGTCATGGAGTGT_008,104
GGATTGGAGTCATGGAGTGT_009,95
GGATTGGAGTCATGGAGTGT_010,83
GGATTGGAGTCATGGAGTGT_011,150
GGATTGGAGTCATGGAGTGT_012,144
GGATTGGAGTCATGGAGTGT_013,196
GGATTGGAGTCATGGAGTGT_014,26
GGATTGGAGTCATGGAGTGT_015,116
GGATTGGAGTCATGGAGTGT_016,130
GGATTGGAGTCATGGAGTGT_017,57
GGATTGGAGTCATGGAGTGT_018,39
GGATTGGAGTCATGGAGTGT_019,63
GGATTGGAGTCATGGAGTGT_020,55
GGATTGGAGTCATGGAGTGT_021,15
GGATTGGAGTCATGGAGTGT_022,124
GGATTGGAGTCATGGAGTGT_023,180
GGATTGGAGTCATGGAGTGT_024,60
GGATTGGAGTCATGGAGTGT_025,32
GGGTGTTGCAGGTATCACGA_001,182
GGGTGTTGCAGGTATCACGA_002,2
GGGTGTTGCAGGTATCACGA_003,65
GGGTGTTGCAGGTATCACGA_004,96
TAGGACTACTCACTTGAGTG_001,43
TAGGACTACTCACTTGAGTG_002,130
TAGGACTACTCACTTGAGTG_003,128
TAGGACTACTCACTTGAGTG_004,41
TAGGACTACTCACTTGAGTG_005,176
TAGGACTACTCACTTGAGTG_006,55
TAGGACTACTCACTTGAGTG_007,119
TAGGACTACTCACTTGAGTG_008,137
AAGCCCCACAAAGATGCGGG_001,6
AAGCCCCACAAAGATGCGGG_002,50
AAGCCCCACAAAGATGCGGG_003,127
AAGCCCCACAAAGATGCGGG_004,184
AAGCCCCACAAAGATGCGGG_005,102
AAGCCCCACAAAGATGCGGG_006,176
AAGCCCCACAAAGATGCGGG_007,125
AAGCCCCACAAAGATGCGGG_008,149
AAGCCCCACAAAGATGCGGG_009,149
AAGCCCCACAAAGATGCGGG_010,2
AAGCCCCACAAAGATGCGGG_011,121
AAGCCCCACAAAGATGCGGG_012,102
AAGCCCCACAAAGATGCGGG_013,163
AAGCCCCACAAAGATGCGGG_014,76
AAGCCCCACAAAGATGCGGG_015,38
AAGCCCCACAAAGATGCGGG_016,90
AAGCCCCACAAAGATGCGGG_017,177
TCAACCTGGTCACCCGGCAG_001,55
GAAGCTGGCACTCCTAGAGG_001,121
TCGCGCTGGTCATCCATGAC_001,94
TCGCGCTGGTCATCCATGAC_002,77
TCGCGCTGGTCATCCATGAC_003,179
TTCACATTATGACCAACACC_001,16
TTGTGATAACAGCCACCGAG_001,68
TTGTGATAACAGCCACCGAG_002,88
TTGTGATAACAGCCACCGAG_003,144
TTGTGATAACAGCCACCGAG_004,15
TTGTGATAACAGCCACCGAG_005,16
TTGTGATAACAGCCACCGAG_006,56
TTGTGATAACAGCCACCGAG_007,83
TTGTGATAACAGCCACCGAG_008,120
TTGTGATAACAGCCACCGAG_009,130
TTGTGATAACAGCCACCGAG_010,168
GATGACCAGTCAACTGTCTG_001,133
GATGACCAGTCAACTGTCTG_002,106
GATGACCAGTCAACTGTCTG_003,42
GATGACCAGTCAACTGTCTG_004,113
GATGACCAGTCAACTGTCTG_005,92
GATGACCAGTCAACTGTCTG_006,187
GATGACCAGTCAACTGTCTG_007,25
GATGACCAGTCAACTGTCTG_008,184
GATGACCAGTCAACTGTCTG_009,113
GATGACCAGTCAACTGTCTG_010,102
GATGACCAGTCAACTGTCTG_011,138
GATGACCAGTCAACTGTCTG_012,107
GATGACCAGTCAACTGTCTG_013,191
GATGACCAGTCAACTGTCTG_014,48
GATGACCAGTCAACTGTCTG_015,125
GATGACCAGTCAACTGTCTG_016,180
GATGACCAGTCAACTGTCTG_017,66
GATGACCAGTCAACTGTCTG_018,120
AAAGCGACGTAGGCATACTT_001,119
AAAGCGACGTAGGCATACTT_002,127
AAAGCGACGTAGGCATACTT_003,124
AAAGCGACGTAGGCATACTT_004,188
AAAGCGACGTAGGCATACTT_005,14
AAAGCGACGTAGGCATACTT_006,78
AAAGCGACGTAGGCATACTT_007,12
AAAGCGACGTAGGCATACTT_008,171
AAAGCGACGTAGGCATACTT_009,14
AAAGCGACGTAGGCATACTT_010,87
AAAGCGACGTAGGCATACTT_011,94
AAAGCGACGTAGGCATACTT_012,104
AAAGCGACGTAGGCATACTT_013,161
AAAGCGACGTAGGCATACTT_014,49
AAAGCGACGTAGGCATACTT_015,3
AAAGCGACGTAGGCATACTT_016,69
AAAGCGACGTAGGCATACTT_017,61
AAAGCGACGTAGGCATACTT_018,45
AAAGCGACGTAGGCATACTT_019,35
AAAGCGACGTAGGCATACTT_020,177
AAAGCGACGTAGGCATACTT_021,98
AAAGCGACGTAGGCATACTT_022,33
AAAGCGACGTAGGCATACTT_023,6
AAAGCGACGTAGGCATACTT_024,41
AAAGCGACGTAGGCATACTT_025,72
AAAGCGACGTAGGCATACTT_026,158
AAAGCGACGTAGGCATACTT_027,165
AAAGCGACGTAGGCATACTT_028,78
AAAGCGACGTAGGCATACTT_029,192
AAAGCGACGTAGGCATACTT_030,84
AAAGCGACGTAGGCATACTT_031,153
AAAGCGACGTAGGCATACTT_032,149
AAAGCGACGTAGGCATACTT_033,56
AAAGCGACGTAGGCATACTT_034,20
AGCTGGTGAAGCGGTGTATG_001,127
AGCTGGTGAAGCGGTGTATG_002,38
AGCTGGTGAAGCGGTGTATG_003,59
AGCTGGTGAAGCGGTGTATG_004,127
AGCTGGTGAAGCGGTGTATG_005,46
CACCCCCCCACCATGGTCCA_001,105
CACCCCCCCACCATGGTCCA_002,33
CACCCCCCCACCATGGTCCA_003,177
CACCCCCCCACCATGGTCCA_004,77
CACCCCCCCACCATGGTCCA_005,199
CACCCCCCCACCATGGTCCA_006,48
CGACATATTTGAGCGCATCG_001,157
CGACATATTTGAGCGCATCG_002,104
GGGGTCCTCGAAGCGCACGA_001,7
GGGGTCCTCGAAGCGCACGA_002,32
GGGGTCCTCGAAGCGCACGA_003,58
GGGGTCCTCGAAGCGCACGA_004,88
GGGGTCCTCGAAGCGCACGA_005,178
CAAGTTATTTCACTTGAGTC_001,198
CAAGTTATTTCACTTGAGTC_002,27
CAAGTTATTTCACTTGAGTC_003,177
CAAGTTATTTCACTTGAGTC_004,104
CAAGTTATTTCACTTGAGTC_005,49
CAAGTTATTTCACTTGAGTC_006,28
CAAGTTATTTCACTTGAGTC_007,39
CAAGTTATTTCACTTGAGTC_008,138
CAAGTTATTTCACTTGAGTC_009,63
GCTGATCGAGGAGGGCTACG_001,53
GCTGATCGAGGAGGGCTACG_002,65
GCTGATCGAGGAGGGCTACG_003,156
GCTGATCGAGGAGGGCTACG_004,17
GCTGATCGAGGAGGGCTACG_005,22
GCTGATCGAGGAGGGCTACG_006,49
GCTGATCGAGGAGGGCTACG_007,76
GCTGATCGAGGAGGGCTACG_008,75
GCTGATCGAGGAGGGCTACG_009,117
GCTGATCGAGGAGGGCTACG_010,117
GCTGATCGAGGAGGGCTACG_011,63
GTTAACGAGTTGATTGACTA_001,148
GTTAACGAGTTGATTGACTA_002,94
GTTAACGAGTTGATTGACTA_003,52
TGACGTGTTAAAAGCACTTG_001,138
TGACGTGTTAAAAGCACTTG_002,124
TGACGTGTTAAAAGCACTTG_003,62
TGACGTGTTAAAAGCACTTG_004,81
TGACGTGTTAAAAGCACTTG_005,178
TGTGCGGCACAATAAAGCCA_001,23
TGTGCGGCACAATAAAGCCA_002,177
TGTGCGGCACAATAAAGCCA_003,194
TGTGCGGCACAATAAAGCCA_004,188
GAATGCCCTCGGTAACACAG_001,47
GAATGCCCTCGGTAACACAG_002,7
GAATGCCCTCGGTAACACAG_003,138
GAATGCCCTCGGTAACACAG_004,60
GAATGCCCTCGGTAACACAG_005,54
GAATGCCCTCGGTAACACAG_006,190
GAATGCCCTCGGTAACACAG_007,78
GAATGCCCTCGGTAACACAG_008,159
GAATGCCCTCGGTAACACAG_009,76
GAATGCCCTCGGTAACACAG_010,82
GAATGCCCTCGGTAACACAG_011,17
GAATGCCCTCGGTAACACAG_012,38
GAATGCCCTCGGTAACACAG_013,137
GAATGCCCTCGGTAACACAG_014,37
GAATGCCCTCGGTAACACAG_015,192
GAATGCCCTCGGTAACACAG_016,150
GAATGCCCTCGGTAACACAG_017,154
GAATGCCCTCGGTAACACAG_018,88
GAATGCCCTCGGTAACACAG_019,102
GAATGCCCTCGGTAACACAG_020,186
GAATGCCCTCGGTAACACAG_021,137
GAATGCCCTCGGTAACACAG_022,138
GAATGCCCTCGGTAACACAG_023,39
GAATGCCCTCGGTAACACAG_024,88
GAATGCCCTCGGTAACACAG_025,23
GAATGCCCTCGGTAACACAG_026,27
GAATGCCCTCGGTAACACAG_027,63
GAATGCCCTCGGTAACACAG_028,90
TACCTTCAATCGGTCAATGC_001,60
TACCTTCAATCGGTCAATGC_002,127
TACCTTCAATCGGTCAATGC_003,55
TACCTTCAATCGGTCAATGC_004,29
TACCTTCAATCGGTCAATGC_005,127
TACCTTCAATCGGTCAATGC_006,129
TACCTTCAATCGGTCAATGC_007,114
TACCTTCAATCGGTCAATGC_008,114
GCACAAACTCAAGTGCACAA_001,32
GCACAAACTCAAGTGCACAA_002,156
GCACAAACTCAAGTGCACAA_003,55
GCACAAACTCAAGTGCACAA_004,176
GCACAAACTCAAGTGCACAA_005,1
GCACAAACTCAAGTGCACAA_006,120
GCACAAACTCAAGTGCACAA_007,184
CAGCGTGCGGTGATAGTCCG_001,164
CAGCGTGCGGTGATAGTCCG_002,164
CAGCGTGCGGTGATAGTCCG_003,197
CAGCGTGCGGTGATAGTCCG_004,75
CGCGTACAGTAGACCCACGC_001,164
CGCGTACAGTAGACCCACGC_002,198
CTCACCGGCTCGCCCAGCCC_001,188
CTCACCGGCTCGCCCAGCCC_002,190
CTCACCGGCTCGCCCAGCCC_003,121
CTCACCGGCTCGCCCAGCCC_004,144
TGTTGGGTCACACATGACAA_001,130
TGTTGGGTCACACATGACAA_002,167
TGTTGGGTCACACATGACAA_003,146
TGTTGGGTCACACATGACAA_004,94
TGTTGGGTCACACATGACAA_005,192
TGTTGGGTCACACATGACAA_006,76
TGTTGGGTCACACATGACAA_007,58
TGTTGGGTCACACATGACAA_008,102
TGTTGGGTCACACATGACAA_009,140
TGTTGGGTCACACATGACAA_010,159
TGTTGGGTCACACATGACAA_011,123
TGTTGGGTCACACATGACAA_012,76
TGTTGGGTCACACATGACAA_013,169
TGTTGGGTCACACATGACAA_014,51
TGTTGGGTCACACATGACAA_015,151
TGTTGGGTCACACATGACAA_016,152
TGTTGGGTCACACATGACAA_017,35
TGTTGGGTCACACATGACAA_018,65
TGTTGGGTCACACATGACAA_019,184
TGTTGGGTCACACATGACAA_020,92
TGTTGGGTCACACATGACAA_021,98
TGTTGGGTCACACATGACAA_022,175
TGTTGGGTCACACATGACAA_023,34
ATGTATGTCGTAACCTATGT_001,74
ATGTATGTCGTAACCTATGT_002,30
ATGTATGTCGTAACCTATGT_003,151
ATGTATGTCGTAACCTATGT_004,15
ATGTATGTCGTAACCTATGT_005,36
TGTGACCGTCTACGACAAGC_001,188
TGTGACCGTCTACGACAAGC_002,16
TGTGACCGTCTACGACAAGC_003,79
TTTAGTTATAGGATCATCGG_001,157
TTTAGTTATAGGATCATCGG_002,71
TTTAGTTATAGGATCATCGG_003,33
TTTAGTTATAGGATCATCGG_004,177
TTTAGTTATAGGATCATCGG_005,145
TTTAGTTATAGGATCATCGG_006,105
TTTAGTTATAGGATCATCGG_007,77
TTTAGTTATAGGATCATCGG_008,58
TTTAGTTATAGGATCATCGG_009,3
GAGTTCTAGAAGTTCCCATG_001,30
GAGTTCTAGAAGTTCCCATG_002,157
GAGTTCTAGAAGTTCCCATG_003,61
GAGTTCTAGAAGTTCCCATG_004,6
GAGTTCTAGAAGTTCCCATG_005,65
GAGTTCTAGAAGTTCCCATG_006,181
GAGTTCTAGAAGTTCCCATG_007,170
GAGTTCTAGAAGTTCCCATG_008,98
TGTCTCCCGACGGACCTCCG_001,181
TGTCTCCCGACGGACCTCCG_002,40
TGTCTCCCGACGGACCTCCG_003,86
TGTCTCCCGACGGACCTCCG_004,105
TGTCTCCCGACGGACCTCCG_005,19
TGTCTCCCGACGGACCTCCG_006,196
TGTCTCCCGACGGACCTCCG_007,198
TGTCTCCCGACGGACCTCCG_008,81
TGTCTCCCGACGGACCTCCG_009,141
TGTCTCCCGACGGACCTCCG_010,58
TGTCTCCCGACGGACCTCCG_011,42
TGTCTCCCGACGGACCTCCG_012,19
TGTCTCCCGACGGACCTCCG_013,172
TGTCTCCCGACGGACCTCCG_014,158
TGTCTCCCGACGGACCTCCG_015,151
TGTCTCCCGACGGACCTCCG_016,83
TGTCTCCCGACGGACCTCCG_017,49
TGTCTCCCGACGGACCTCCG_018,159
TGTCTCCCGACGGACCTCCG_019,161
TGTCTCCCGACGGACCTCCG_020,126
TGTCTCCCGACGGACCTCCG_021,148
TGTCTCCCGACGGACCTCCG_022,50
TGTCTCCCGACGGACCTCCG_023,137
TGTCTCCCGACGGACCTCCG_024,124
TGTCTCCCGACGGACCTCCG_025,83
TGTCTCCCGACGGACCTCCG_026,40
TGTCTCCCGACGGACCTCCG_027,182
TGTCTCCCGACGGACCTCCG_028,62
TGTCTCCCGACGGACCTCCG_029,38
TGTCTCCCGACGGACCTCCG_030,158
TGTCTCCCGACGGACCTCCG_031,112
TGTCTCCCGACGGACCTCCG_032,38
TGTCTCCCGACGGACCTCCG_033,176
TGTCTCCCGACGGACCTCCG_034,177
TGTCTCCCGACGGACCTCCG_035,94
TGTCTCCCGACGGACCTCCG_036,130
TGTCTCCCGACGGACCTCCG_037,17
TGTCTCCCGACGGACCTCCG_038,193
TGTCTCCCGACGGACCTCCG_039,27
TGTCTCCCGACGGACCTCCG_040,27
TGTCTCCCGACGGACCTCCG_041,82
TGTCTCCCGACGGACCTCCG_042,137
TGTCTCCCGACGGACCTCCG_043,80
TGTCTCCCGACGGACCTCCG_044,83
TGTCTCCCGACGGACCTCCG_045,15
TGTCTCCCGACGGACCTCCG_046,188
CCACATCAGGAATGAGAGCG_001,73
CCACATCAGGAATGAGAGCG_002,83
CCACATCAGGAATGAGAGCG_003,81
CCACATCAGGAATGAGAGCG_004,183
CCACATCAGGAATGAGAGCG_005,76
AACTGCTGTGCCCAGTTACG_001,92
AACTGCTGTGCCCAGTTACG_002,76
AACTGCTGTGCCCAGTTACG_003,141
AACTGCTGTGCCCAGTTACG_004,186
AACTGCTGTGCCCAGTTACG_005,43
AACTGCTGTGCCCAGTTACG_006,130
AACTGCTGTGCCCAGTTACG_007,184
AACTGCTGTGCCCAGTTACG_008,58
CCAGATTACCTTCAGCATTG_001,130
CCAGATTACCTTCAGCATTG_002,185
CCAGATTACCTTCAGCATTG_003,77
CCAGATTACCTTCAGCATTG_004,72
CCAGATTACCTTCAGCATTG_005,2
CCAGATTACCTTCAGCATTG_006,5
CCAGATTACCTTCAGCATTG_007,176
CCAGATTACCTTCAGCATTG_008,136
CCAGATTACCTTCAGCATTG_009,130
AACGCAGTCATCACTAACGG_001,104
AACGCAGTCATCACTAACGG_002,178
AACGCAGTCATCACTAACGG_003,1
AACGCAGTCATCACTAACGG_004,59
AACGCAGTCATCACTAACGG_005,57
AACGCAGTCATCACTAACGG_006,29
AACGCAGTCATCACTAACGG_007,159
AACGCAGTCATCACTAACGG_008,56
AACGCAGTCATCACTAACGG_009,94
AACGCAGTCATCACTAACGG_010,150
AACGCAGTCATCACTAACGG_011,81
AACGCAGTCATCACTAACGG_012,135
AACGCAGTCATCACTAACGG_013,135
AACGCAGTCATCACTAACGG_014,178
AACGCAGTCATCACTAACGG_015,44
AACGCAGTCATCACTAACGG_016,1
AACGCAGTCATCACTAACGG_017,48
AACGCAGTCATCACTAACGG_018,100
AACGCAGTCATCACTAACGG_019,26
AACGCAGTCATCACTAACGG_020,19
AACGCAGTCATCACTAACGG_021,70
AACGCAGTCATCACTAACGG_022,160
AACGCAGTCATCACTAACGG_023,50
AGAAGACTGACAGTTTAGGG_001,47
AGAAGACTGACAGTTTAGGG_002,118
AGAAGACTGACAGTTTAGGG_003,62
AGAAGACTGACAGTTTAGGG_004,43
AGAAGACTGACAGTTTAGGG_005,166
CCCAGAGCGATGAATGACAT_001,137
CCCAGAGCGATGAATGACAT_002,48
CCCAGAGCGATGAATGACAT_003,97
CCCAGAGCGATGAATGACAT_004,119
CCCAGAGCGATGAATGACAT_005,2
CCCAGAGCGATGAATGACAT_006,84
CCCAGAGCGATGAATGACAT_007,45
CCCAGAGCGATGAATGACAT_008,106
CCCAGAGCGATGAATGACAT_009,179
CCCAGAGCGATGAATGACAT_010,67
GTCAAACTCTTCAGGCCGAG_001,77
CAACAGAGAGAAGATGACTC_001,175
CAACAGAGAGAAGATGACTC_002,113
CAACAGAGAGAAGATGACTC_003,183
CTTGATCGCGTCTTTCACGT_001,94
GTAAAAGTTCTCAACTGCAC_001,150
GTAAAAGTTCTCAACTGCAC_002,186
GTAAAAGTTCTCAACTGCAC_003,137
GTAAAAGTTCTCAACTGCAC_004,196
GTAAAAGTTCTCAACTGCAC_005,34
GTAAAAGTTCTCAACTGCAC_006,127
GCTTCCCATAACTCGTCGAA_001,174
GCTTCCCATAACTCGTCGAA_002,50
GCTTCCCATAACTCGTCGAA_003,65
GCTTCCCATAACTCGTCGAA_004,57
GCTTCCCATAACTCGTCGAA_005,88
GCTTCCCATAACTCGTCGAA_006,17
GCTTCCCATAACTCGTCGAA_007,198
GCTTCCCATAACTCGTCGAA_008,169
GCTTCCCATAACTCGTCGAA_009,86
GCTTCCCATAACTCGTCGAA_010,34
TCGTCAAGACACACTGACCA_001,77
TCGTCAAGACACACTGACCA_002,63
TCGTCAAGACACACTGACCA_003,63
TCGTCAAGACACACTGACCA_004,137
TCGTCAAGACACACTGACCA_005,144
TCGTCAAGACACACTGACCA_006,126
TCGTCAAGACACACTGACCA_007,82
TCGTCAAGACACACTGACCA_008,127
TCGTCAAGACACACTGACCA_009,162
TCGTCAAGACACACTGACCA_010,160
TCGTCAAGACACACTGACCA_011,194
TCGTCAAGACACACTGACCA_012,174
TCGTCAAGACACACTGACCA_013,40
TCGTCAAGACACACTGACCA_014,54
TCGTCAAGACACACTGACCA_015,123
TCGTCAAGACACACTGACCA_016,170
AGAGGCGGTGGAGAAGGGAG_001,151
AGAGGCGGTGGAGAAGGGAG_002,53
AGAGGCGGTGGAGAAGGGAG_003,87
CTTGATGATTCAAAATGCTG_001,59
CTTGATGATTCAAAATGCTG_002,89
CTTGATGATTCAAAATGCTG_003,199
CTTGATGATTCAAAATGCTG_004,19
CTTGATGATTCAAAATGCTG_005,51
CTTGATGATTCAAAATGCTG_006,20
CTTGATGATTCAAAATGCTG_007,133
TGACAGTGGTACAACAGCGG_001,113
TGACAGTGGTACAACAGCGG_002,35
TGACAGTGGTACAACAGCGG_003,35
AGAACCCCATCCTTAGCCAG_001,148
AGAACCCCATCCTTAGCCAG_002,83
AGAACCCCATCCTTAGCCAG_003,171
AGAACCCCATCCTTAGCCAG_004,81
AGAACCCCATCCTTAGCCAG_005,118
GAGCGAAAGGTTGTGGCGCA_001,60
GAGCGAAAGGTTGTGGCGCA_002,121
GAGCGAAAGGTTGTGGCGCA_003,49
GAGCGAAAGGTTGTGGCGCA_004,129
GAGCGAAAGGTTGTGGCGCA_005,86
GAGCGAAAGGTTGTGGCGCA_006,72
GAGCGAAAGGTTGTGGCGCA_007,56
GAGCGAAAGGTTGTGGCGCA_008,68
GAGCGAAAGGTTGTGGCGCA_009,96
GAGCGAAAGGTTGTGGCGCA_010,195
GAGCGAAAGGTTGTGGCGCA_011,132
GAGCGAAAGGTTGTGGCGCA_012,69
GAGCGAAAGGTTGTGGCGCA_013,151
GAGCGAAAGGTTGTGGCGCA_014,24
GAGCGAAAGGTTGTGGCGCA_015,137
GAGCGAAAGGTTGTGGCGCA_016,81
GAGCGAAAGGTTGTGGCGCA_017,101
GAGCGAAAGGTTGTGGCGCA_018,168
GAGCGAAAGGTTGTGGCGCA_019,13
GAGCGAAAGGTTGTGGCGCA_020,162
GAGCGAAAGGTTGTGGCGCA_021,59
GAGCGAAAGGTTGTGGCGCA_022,172
GAGCGAAAGGTTGTGGCGCA_023,146
GAGCGAAAGGTTGTGGCGCA_024,54
GAGCGAAAGGTTGTGGCGCA_025,174
GAGCGAAAGGTTGTGGCGCA_026,134
GAGCGAAAGGTTGTGGCGCA_027,8
GAGCGAAAGGTTGTGGCGCA_028,51
GAGCGAAAGGTTGTGGCGCA_029,90
GAGCGAAAGGTTGTGGCGCA_030,58
GAGCGAAAGGTTGTGGCGCA_031,18
GAGCGAAAGGTTGTGGCGCA_032,27
GAGCGAAAGGTTGTGGCGCA_033,29
GAGCGAAAGGTTGTGGCGCA_034,113
TAGGTCTAATGACTTGGCAA_001,184
TAGGTCTAATGACTTGGCAA_002,88
TAGGTCTAATGACTTGGCAA_003,189
TAGGTCTAATGACTTGGCAA_004,3
TAGGTCTAATGACTTGGCAA_005,36
AGACAGTGCCCGCAGTACCA_001,75
AGACAGTGCCCGCAGTACCA_002,94
AGACAGTGCCCGCAGTACCA_003,176
AGACAGTGCCCGCAGTACCA_004,194
AGACAGTGCCCGCAGTACCA_005,151
AGACAGTGCCCGCAGTACCA_006,154
AGACAGTGCCCGCAGTACCA_007,57
AGACAGTGCCCGCAGTACCA_008,98
AGACAGTGCCCGCAGTACCA_009,6
AGACAGTGCCCGCAGTACCA_010,8
AGACAGTGCCCGCAGTACCA_011,10
AGACAGTGCCCGCAGTACCA_012,49
AGACAGTGCCCGCAGTACCA_013,123
AGACAGTGCCCGCAGTACCA_014,75
AGACAGTGCCCGCAGTACCA_015,122
AGACAGTGCCCGCAGTACCA_016,29
AGACAGTGCCCGCAGTACCA_017,105
AGACAGTGCCCGCAGTACCA_018,170
AGACAGTGCCCGCAGTACCA_019,1
AGACAGTGCCCGCAGTACCA_020,168
AGACAGTGCCCGCAGTACCA_021,110
AGACAGTGCCCGCAGTACCA_022,9
AGACAGTGCCCGCAGTACCA_023,59
AGACAGTGCCCGCAGTACCA_024,147
AGACAGTGCCCGCAGTACCA_025,1
AGACAGTGCCCGCAGTACCA_026,170
AGACAGTGCCCGCAGTACCA_027,118
AGACAGTGCCCGCAGTACCA_028,13
AGACAGTGCCCGCAGTACCA_029,178
AGACAGTGCCCGCAGTACCA_030,88
AGACAGTGCCCGCAGTACCA_031,28
AGACAGTGCCCGCAGTACCA_032,126
AGACAGTGCCCGCAGTACCA_033,36
AGACAGTGCCCGCAGTACCA_034,47
AGACAGTGCCCGCAGTACCA_035,66
AGACAGTGCCCGCAGTACCA_036,10
AGACAGTGCCCGCAGTACCA_037,32
AGACAGTGCCCGCAGTACCA_038,179
AGACAGTGCCCGCAGTACCA_039,98
TCTCATTCCAGGGGGACGCA_001,134
TCTCATTCCAGGGGGACGCA_002,105
TCTCATTCCAGGGGGACGCA_003,2
CACTTCTCAGCACAATACAA_001,122
CACTTCTCAGCACAATACAA_002,139
CACTTCTCAGCACAATACAA_003,113
CACTTCTCAGCACAATACAA_004,105
CACTTCTCAGCACAATACAA_005,185
CACTTCTCAGCACAATACAA_006,50
CACTTCTCAGCACAATACAA_007,166
CACTTCTCAGCACAATACAA_008,175
CACTTCTCAGCACAATACAA_009,105
CACTTCTCAGCACAATACAA_010,196
CACTTCTCAGCACAATACAA_011,127
CACTTCTCAGCACAATACAA_012,24
CACTTCTCAGCACAATACAA_013,198
CACTTCTCAGCACAATACAA_014,115
CACTTCTCAGCACAATACAA_015,48
CACTTCTCAGCACAATACAA_016,153
CACTTCTCAGCACAATACAA_017,168
CACTTCTCAGCACAATACAA_018,125
CACTTCTCAGCACAATACAA_019,6
CACTTCTCAGCACAATACAA_020,43
CACTTCTCAGCACAATACAA_021,106
CACTTCTCAGCACAATACAA_022,0
CACTTCTCAGCACAATACAA_023,29
CAATACAGTTACCTATGAGT_001,94
CAATACAGTTACCTATGAGT_002,52
CAGCGAACGGAAGACCCCGG_001,0
CAGCGAACGGAAGACCCCGG_002,41
CAGCGAACGGAAGACCCCGG_003,181
CAGCGAACGGAAGACCCCGG_004,11
CAGCGAACGGAAGACCCCGG_005,102
CAGCGAACGGAAGACCCCGG_006,124
CAGCGAACGGAAGACCCCGG_007,81
CAGCGAACGGAAGACCCCGG_008,175
CAGCGAACGGAAGACCCCGG_009,148
CAGCGAACGGAAGACCCCGG_010,113
CAGCGAACGGAAGACCCCGG_011,17
CAGCGAACGGAAGACCCCGG_012,140
CAGCGAACGGAAGACCCCGG_013,76
CAGCGAACGGAAGACCCCGG_014,12
CAGCGAACGGAAGACCCCGG_015,33
CAGCGAACGGAAGACCCCGG_016,139
CAGCGAACGGAAGACCCCGG_017,140
CAGCGAACGGAAGACCCCGG_018,63
CAGCGAACGGAAGACCCCGG_019,188
CAGCGAACGGAAGACCCCGG_020,179
CAGCGAACGGAAGACCCCGG_021,124
CAGCGAACGGAAGACCCCGG_022,45
CTCCTTAAGACTCTGCATGC_001,61
CTCCTTAAGACTCTGCATGC_002,98
CTCCTTAAGACTCTGCATGC_003,83
GGTTCCACTGCAGCTGAGAA_001,109
GGTTCCACTGCAGCTGAGAA_002,24
GGTTCCACTGCAGCTGAGAA_003,198
GGTTCCACTGCAGCTGAGAA_004,159
GGTTCCACTGCAGCTGAGAA_005,17
GGTTCCACTGCAGCTGAGAA_006,168
GGTTCCACTGCAGCTGAGAA_007,121
GGTTCCACTGCAGCTGAGAA_008,9
GGTTCCACTGCAGCTGAGAA_009,24
GGTTCCACTGCAGCTGAGAA_010,125
GGTTCCACTGCAGCTGAGAA_011,157
GGTTCCACTGCAGCTGAGAA_012,157
GGTTCCACTGCAGCTGAGAA_013,151
GGTTCCACTGCAGCTGAGAA_014,38
GGTTCCACTGCAGCTGAGAA_015,169
GGTTCCACTGCAGCTGAGAA_016,4
GGTTCCACTGCAGCTGAGAA_017,144
GGTTCCACTGCAGCTGAGAA_018,168
GGTTCCACTGCAGCTGAGAA_019,50
GGTTCCACTGCAGCTGAGAA_020,56
GGTTCCACTGCAGCTGAGAA_021,148
GGTTCCACTGCAGCTGAGAA_022,33
GGTTCCACTGCAGCTGAGAA_023,1
GGTTCCACTGCAGCTGAGAA_024,147
GGTTCCACTGCAGCTGAGAA_025,48
GGTTCCACTGCAGCTGAGAA_026,94
GGTTCCACTGCAGCTGAGAA_027,114
GGTTCCACTGCAGCTGAGAA_028,59
GGTTCCACTGCAGCTGAGAA_029,42
GGTTCCACTGCAGCTGAGAA_030,18
GGTTCCACTGCAGCTGAGAA_031,150
GGTTCCACTGCAGCTGAGAA_032,15
GGTTCCACTGCAGCTGAGAA_033,157
GGTTCCACTGCAGCTGAGAA_034,27
GGTTCCACTGCAGCTGAGAA_035,106
GGTTCCACTGCAGCTGAGAA_036,138
GGTTCCACTGCAGCTGAGAA_037,3
GGTTCCACTGCAGCTGAGAA_038,88
CCTGCGGCCAGATATTCCAG_001,88
CCTGCGGCCAGATATTCCAG_002,2
CCTGCGGCCAGATATTCCAG_003,145
TCCTTTATATTGTCGGTGTG_001,71
TCCTTTATATTGTCGGTGTG_002,125
TCCTTTATATTGTCGGTGTG_003,34
CATTGCCTGGAAATCCCACG_001,57
CATTGCCTGGAAATCCCACG_002,25
CATTGCCTGGAAATCCCACG_003,85
CAGTGCAGGTCGTAATCTGA_001,64
CAGTGCAGGTCGTAATCTGA_002,28
CAGTGCAGGTCGTAATCTGA_003,54
CAGTGCAGGTCGTAATCTGA_004,157
CAGTGCAGGTCGTAATCTGA_005,59
CAGTGCAGGTCGTAATCTGA_006,131
CAGTGCAGGTCGTAATCTGA_007,149
CAGTGCAGGTCGTAATCTGA_008,104
CAGTGCAGGTCGTAATCTGA_009,22
CAGTGCAGGTCGTAATCTGA_010,136
CAGTGCAGGTCGTAATCTGA_011,136
CAGTGCAGGTCGTAATCTGA_012,46
CAGTGCAGGTCGTAATCTGA_013,160
CAGACGTTCTGAAACTGTGG_001,161
CAGACGTTCTGAAACTGTGG_002,174
GACAGCGGCGGATCAGGACA_001,33
GACAGCGGCGGATCAGGACA_002,137
GACAGCGGCGGATCAGGACA_003,69
GACAGCGGCGGATCAGGACA_004,41
GACAGCGGCGGATCAGGACA_005,29
GACAGCGGCGGATCAGGACA_006,18
GACAGCGGCGGATCAGGACA_007,34
GACAAGAAGAAGAAGGACGC_001,30
GACAAGAAGAAGAAGGACGC_002,58
GACAAGAAGAAGAAGGACGC_003,0
GACAAGAAGAAGAAGGACGC_004,181
GACAAGAAGAAGAAGGACGC_005,80
GACAAGAAGAAGAAGGACGC_006,6
GACAAGAAGAAGAAGGACGC_007,157
GACAAGAAGAAGAAGGACGC_008,137
GACAAGAAGAAGAAGGACGC_009,16
GACAAGAAGAAGAAGGACGC_010,65
GACAAGAAGAAGAAGGACGC_011,170
GACAAGAAGAAGAAGGACGC_012,182
GACAAGAAGAAGAAGGACGC_013,47
GACAAGAAGAAGAAGGACGC_014,119
GACAAGAAGAAGAAGGACGC_015,176
GACAAGAAGAAGAAGGACGC_016,189
GACAAGAAGAAGAAGGACGC_017,60
GGTCTGCCCATAGGTTGCAG_001,113
GGTCTGCCCATAGGTTGCAG_002,188
GGTCTGCCCATAGGTTGCAG_003,172
GGTCTGCCCATAGGTTGCAG_004,94
GGTCTGCCCATAGGTTGCAG_005,91
GGTCTGCCCATAGGTTGCAG_006,155
CAACTTCAAGCCCATCAGAG_001,1
CAACTTCAAGCCCATCAGAG_002,115
CAACTTCAAGCCCATCAGAG_003,63
CAACTTCAAGCCCATCAGAG_004,2
CAACTTCAAGCCCATCAGAG_005,68
CAACTTCAAGCCCATCAGAG_006,121
CAACTTCAAGCCCATCAGAG_007,130
CAACTTCAAGCCCATCAGAG_008,121
CAACTTCAAGCCCATCAGAG_009,14
CAACTTCAAGCCCATCAGAG_010,0
CAACTTCAAGCCCATCAGAG_011,121
CAACTTCAAGCCCATCAGAG_012,55
CAACTTCAAGCCCATCAGAG_013,121
CAACTTCAAGCCCATCAGAG_014,121
CCTGGTGAACAATGCCGCCG_001,63
CCTGGTGAACAATGCCGCCG_002,63
CCTGGTGAACAATGCCGCCG_003,102
CCTGGTGAACAATGCCGCCG_004,137
CCTGGTGAACAATGCCGCCG_005,157
CCTGGTGAACAATGCCGCCG_006,144
CCTGGTGAACAATGCCGCCG_007,174
CCTGGTGAACAATGCCGCCG_008,170
CCTGGTGAACAATGCCGCCG_009,40
CAGAATAAGAAACATTCCCA_001,162
CAGAATAAGAAACATTCCCA_002,107
CAGAATAAGAAACATTCCCA_003,176
CAGAATAAGAAACATTCCCA_004,146
CAGAATAAGAAACATTCCCA_005,127
CAGAATAAGAAACATTCCCA_006,35
CAGAATAAGAAACATTCCCA_007,174
CAGAATAAGAAACATTCCCA_008,94
CAGAATAAGAAACATTCCCA_009,67
CAGAATAAGAAACATTCCCA_010,7
CAGAATAAGAAACATTCCCA_011,108
CAGAATAAGAAACATTCCCA_012,165
TTACCAATTGCAAAGACATG_001,191
TTACCAATTGCAAAGACATG_002,189
TTACCAATTGCAAAGACATG_003,35
TTACCAATTGCAAAGACATG_004,139
TTACCAATTGCAAAGACATG_005,48
TTACCAATTGCAAAGACATG_006,23
TTACCAATTGCAAAGACATG_007,15
TTACCAATTGCAAAGACATG_008,81
TTACCAATTGCAAAGACATG_009,2
TTACCAATTGCAAAGACATG_010,10
TTACCAATTGCAAAGACATG_011,10
AAGCCGCGGATACCTCCGAG_001,122
AAGCCGCGGATACCTCCGAG_002,21
AAGCCGCGGATACCTCCGAG_003,80
AAGCCGCGGATACCTCCGAG_004,47
AAGCCGCGGATACCTCCGAG_005,38
AAGCCGCGGATACCTCCGAG_006,87
AAGCCGCGGATACCTCCGAG_007,195
AAGCCGCGGATACCTCCGAG_008,183
AAGCCGCGGATACCTCCGAG_009,142
AAGCCGCGGATACCTCCGAG_010,196
AAGCCGCGGATACCTCCGAG_011,177
AAGCCGCGGATACCTCCGAG_012,50
AAGCCGCGGATACCTCCGAG_013,76
AAGCCGCGGATACCTCCGAG_014,122
AAGCCGCGGATACCTCCGAG_015,166
AAGCCGCGGATACCTCCGAG_016,34
AAGCCGCGGATACCTCCGAG_017,20
AAGCCGCGGATACCTCCGAG_018,105
AAGCCGCGGATACCTCCGAG_019,72
AAGCCGCGGATACCTCCGAG_020,62
AAGCCGCGGATACCTCCGAG_021,194
AAGCCGCGGATACCTCCGAG_022,142
AAGCCGCGGATACCTCCGAG_023,40
AAGCCGCGGATACCTCCGAG_024,34
GCCACCAGGAAGGTGAACAC_001,68
CTCGACCTCTAAAGGAACCT_001,91
CTCGACCTCTAAAGGAACCT_002,106
CTCGACCTCTAAAGGAACCT_003,19
CTAGACCAGGAATCTCACCG_001,152
CTAGACCAGGAATCTCACCG_002,57
CTAGACCAGGAATCTCACCG_003,153
CTAGACCAGGAATCTCACCG_004,44
CTAGACCAGGAATCTCACCG_005,171
CTAGACCAGGAATCTCACCG_006,25
CTAGACCAGGAATCTCACCG_007,25
CTAGACCAGGAATCTCACCG_008,3
CCACACACAGGTCCTCGCAG_001,48
CCACACACAGGTCCTCGCAG_002,15
CCACACACAGGTCCTCGCAG_003,29
CCACACACAGGTCCTCGCAG_004,161
CCACACACAGGTCCTCGCAG_005,160
CCACACACAGGTCCTCGCAG_006,184
CCACACACAGGTCCTCGCAG_007,171
CCACACACAGGTCCTCGCAG_008,62
CCACACACAGGTCCTCGCAG_009,88
CCACACACAGGTCCTCGCAG_010,168
CCACACACAGGTCCTCGCAG_011,44
CCACACACAGGTCCTCGCAG_012,198
CCACACACAGGTCCTCGCAG_013,184
CCACACACAGGTCCTCGCAG_014,105
CCACACACAGGTCCTCGCAG_015,83
CCACACACAGGTCCTCGCAG_016,199
CCACACACAGGTCCTCGCAG_017,177
ACTTTGATGTCATAAAGGGC_001,196
ACTTTGATGTCATAAAGGGC_002,88
TCTGGGAGAATAAGTTCCGC_001,105
CCGGAGCTGGAAAGTAACTG_001,65
CCGGAGCTGGAAAGTAACTG_002,97
CCGGAGCTGGAAAGTAACTG_003,135
CCGGAGCTGGAAAGTAACTG_004,60
CCGGAGCTGGAAAGTAACTG_005,94
CCGGAGCTGGAAAGTAACTG_006,182
CCGGAGCTGGAAAGTAACTG_007,20
CCGGAGCTGGAAAGTAACTG_008,195
CCGGAGCTGGAAAGTAACTG_009,170
CCGGAGCTGGAAAGTAACTG_010,124
TCCCATTACAGGCTCAGTCG_001,122
TCCCATTACAGGCTCAGTCG_002,107
CAGATTGAGGAAATTCTGCA_001,152
CAGATTGAGGAAATTCTGCA_002,49
CAGATTGAGGAAATTCTGCA_003,97
CAGATTGAGGAAATTCTGCA_004,108
CAGATTGAGGAAATTCTGCA_005,13
CAGATTGAGGAAATTCTGCA_006,88
CAGATTGAGGAAATTCTGCA_007,2
CAGATTGAGGAAATTCTGCA_008,9
CTGGAGACCGACCTTTACCG_001,48
CTGGAGACCGACCTTTACCG_002,130
CTGGAGACCGACCTTTACCG_003,50
CTGGAGACCGACCTTTACCG_004,150
CTGGAGACCGACCTTTACCG_005,88
CCTGGAAAAACAACATACGG_001,32
CCTGGAAAAACAACATACGG_002,105
CCTGGAAAAACAACATACGG_003,15
CCTGGAAAAACAACATACGG_004,89
CCTGGAAAAACAACATACGG_005,100
CCTGGAAAAACAACATACGG_006,82
CCTGGAAAAACAACATACGG_007,84
CCTGGAAAAACAACATACGG_008,85
CCTGGAAAAACAACATACGG_009,13
CCTGGAAAAACAACATACGG_010,33
CCTGGAAAAACAACATACGG_011,194
CCAGTCATCACTGGTAGCAA_001,53
CCAGTCATCACTGGTAGCAA_002,149
CCAGTCATCACTGGTAGCAA_003,81
CCAGTCATCACTGGTAGCAA_004,21
CCAGTCATCACTGGTAGCAA_005,198
CCAGTCATCACTGGTAGCAA_006,144
CCAGTCATCACTGGTAGCAA_007,150
CCAGTCATCACTGGTAGCAA_008,50
CCAGTCATCACTGGTAGCAA_009,169
GTGGGCATACCTTACACCTG_001,56
GTGGGCATACCTTACACCTG_002,137
GTGGGCATACCTTACACCTG_003,178
GTGGGCATACCTTACACCTG_004,177
GTGGGCATACCTTACACCTG_005,118
GTGGGCATACCTTACACCTG_006,63
GTGGGCATACCTTACACCTG_007,36
GTGGGCATACCTTACACCTG_008,114
CTGGGACTGGCACCTACCTG_001,102
CTGGGACTGGCACCTACCTG_002,154
CTGGGACTGGCACCTACCTG_003,146
CTGGGACTGGCACCTACCTG_004,88
CTGGGACTGGCACCTACCTG_005,147
CTGGGACTGGCACCTACCTG_006,175
ACGCGTGCTGGTGATACCCG_001,40
ACGCGTGCTGGTGATACCCG_002,63
ACGCGTGCTGGTGATACCCG_003,168
ACGCGTGCTGGTGATACCCG_004,185
ACGCGTGCTGGTGATACCCG_005,119
ACGCGTGCTGGTGATACCCG_006,95
ACGCGTGCTGGTGATACCCG_007,145
ACGCGTGCTGGTGATACCCG_008,198
ACGCGTGCTGGTGATACCCG_009,120
ACGCGTGCTGGTGATACCCG_010,41
ACGCGTGCTGGTGATACCCG_011,129
ACGCGTGCTGGTGATACCCG_012,69
ACGCGTGCTGGTGATACCCG_013,145
ACGCGTGCTGGTGATACCCG_014,84
GCTGGTATTGCCAGACATCG_001,97
GCTGGTATTGCCAGACATCG_002,55
GTGACGGTGGCAGACAGCGT_001,157
GTGACGGTGGCAGACAGCGT_002,115
GTGACGGTGGCAGACAGCGT_003,168
GTGACGGTGGCAGACAGCGT_004,179
GTGACGGTGGCAGACAGCGT_005,22
GTGACGGTGGCAGACAGCGT_006,35
GTGACGGTGGCAGACAGCGT_007,199
GTGACGGTGGCAGACAGCGT_008,158
GTGACGGTGGCAGACAGCGT_009,110
CTCCTGAAGGAACTTAGCCA_001,183
CTCCTGAAGGAACTTAGCCA_002,60
CTCCTGAAGGAACTTAGCCA_003,174
CTCCTGAAGGAACTTAGCCA_004,169
CTCCTGAAGGAACTTAGCCA_005,183
CTCCTGAAGGAACTTAGCCA_006,86
AGTATGATGACTCTATAGAC_001,197
AGTATGATGACTCTATAGAC_002,157
AGTATGATGACTCTATAGAC_003,193
AGTATGATGACTCTATAGAC_004,61
AGAGAACATGGATCTTCCAC_001,153
CGAATCCGGAGATCCTGAGG_001,171
CGAATCCGGAGATCCTGAGG_002,98
CGAATCCGGAGATCCTGAGG_003,127
CGAATCCGGAGATCCTGAGG_004,160
CGAATCCGGAGATCCTGAGG_005,48
CGAATCCGGAGATCCTGAGG_006,15
CGAATCCGGAGATCCTGAGG_007,136
CGAATCCGGAGATCCTGAGG_008,161
CGAATCCGGAGATCCTGAGG_009,182
CGAATCCGGAGATCCTGAGG_010,157
CTTCTCATCAACTTGTACCA_001,118
CTTCTCATCAACTTGTACCA_002,104
CTTCTCATCAACTTGTACCA_003,1
CTTCTCATCAACTTGTACCA_004,58
CTTCTCATCAACTTGTACCA_005,18
CTTCTCATCAACTTGTACCA_006,154
CTTCTCATCAACTTGTACCA_007,127
CTTCTCATCAACTTGTACCA_008,168
GCCCGGGTCGTACACCTCGA_001,57
GCCCGGGTCGTACACCTCGA_002,113
AGTGAATGTTCATCCCAATG_001,68
CAGTACAACATCCATGTCTG_001,113
CAGTACAACATCCATGTCTG_002,78
CAGTACAACATCCATGTCTG_003,115
CAGTACAACATCCATGTCTG_004,137
CAGTACAACATCCATGTCTG_005,80
CAGTACAACATCCATGTCTG_006,178
CAGTACAACATCCATGTCTG_007,72
CGTCATCACCATCGAAACGG_001,69
CGTCATCACCATCGAAACGG_002,4
CGTCATCACCATCGAAACGG_003,76
CGTCATCACCATCGAAACGG_004,191
CGTCATCACCATCGAAACGG_005,141
CGTCATCACCATCGAAACGG_006,16
CGTCATCACCATCGAAACGG_007,70
TGGCCGTGGATAAAGACATG_001,20
TGGCCGTGGATAAAGACATG_002,72
TGGCCGTGGATAAAGACATG_003,117
TGGCCGTGGATAAAGACATG_004,166
TGGCCGTGGATAAAGACATG_005,28
TGGCCGTGGATAAAGACATG_006,68
TGGCCGTGGATAAAGACATG_007,137
TGGCCGTGGATAAAGACATG_008,91
TTGATGTCAAAAGTTAAGAG_001,121
TTGATGTCAAAAGTTAAGAG_002,191
TTGATGTCAAAAGTTAAGAG_003,77
TTGATGTCAAAAGTTAAGAG_004,15
TTGATGTCAAAAGTTAAGAG_005,81
TTGATGTCAAAAGTTAAGAG_006,1
TTGATGTCAAAAGTTAAGAG_007,9
TTGATGTCAAAAGTTAAGAG_008,65
TTAGTCCGTACCTCGAGAGG_001,49
TTAGTCCGTACCTCGAGAGG_002,129
TTAGTCCGTACCTCGAGAGG_003,43
TTAGTCCGTACCTCGAGAGG_004,77
ACAAGCCTCTGTATGATAGG_001,136
ACAAGCCTCTGTATGATAGG_002,198
ACAAGCCTCTGTATGATAGG_003,76
ACAAGCCTCTGTATGATAGG_004,31
TAGTTGTGAGAGACATTCTG_001,157
TAGTTGTGAGAGACATTCTG_002,157
TAGTTGTGAGAGACATTCTG_003,175
TAGTTGTGAGAGACATTCTG_004,16
TAGTTGTGAGAGACATTCTG_005,160
TAGTTGTGAGAGACATTCTG_006,69
TAGTTGTGAGAGACATTCTG_007,60
TAGTTGTGAGAGACATTCTG_008,24
TAGTTGTGAGAGACATTCTG_009,130
TAGTTGTGAGAGACATTCTG_010,177
TAGTTGTGAGAGACATTCTG_011,62
TAGTTGTGAGAGACATTCTG_012,98
TAGTTGTGAGAGACATTCTG_013,33
TAGTTGTGAGAGACATTCTG_014,177
TAGTTGTGAGAGACATTCTG_015,110
TAGTTGTGAGAGACATTCTG_016,4
TAGTTGTGAGAGACATTCTG_017,127
TAGTTGTGAGAGACATTCTG_018,44
TAGTTGTGAGAGACATTCTG_019,174
TAGTTGTGAGAGACATTCTG_020,10
TAGTTGTGAGAGACATTCTG_021,3
TAGTTGTGAGAGACATTCTG_022,52
AGAGCTGTTGGGAATACTCG_001,85
AGAGCTGTTGGGAATACTCG_002,8
AGAGCTGTTGGGAATACTCG_003,75
CGGAGGTGCGTGCGTCCTCG_001,188
CGGAGGTGCGTGCGTCCTCG_002,184
CGGAGGTGCGTGCGTCCTCG_003,109
CGGAGGTGCGTGCGTCCTCG_004,88
CGGAGGTGCGTGCGTCCTCG_005,43
CGGAGGTGCGTGCGTCCTCG_006,15
CGGAGGTGCGTGCGTCCTCG_007,138
CTGCACCATAGAAACGTGTG_001,133
CTGCACCATAGAAACGTGTG_002,32
CTGCACCATAGAAACGTGTG_003,12
CTGCACCATAGAAACGTGTG_004,76
CTTATCTGCTACAAGGAAGG_001,94
CTTATCTGCTACAAGGAAGG_002,128
CTTATCTGCTACAAGGAAGG_003,177
TCAATGAGGAGCAGTACTGT_001,101
TCAATGAGGAGCAGTACTGT_002,121
TCAATGAGGAGCAGTACTGT_003,37
TCAATGAGGAGCAGTACTGT_004,147
TCAATGAGGAGCAGTACTGT_005,104
TCAATGAGGAGCAGTACTGT_006,80
TCAATGAGGAGCAGTACTGT_007,68
TCAATGAGGAGCAGTACTGT_008,115
CTGAAGATCAAAATAATGCT_001,182
CTCCTCGAGCACCCTGACGG_001,142
CTCCTCGAGCACCCTGACGG_002,34
CTCCTCGAGCACCCTGACGG_003,72
CTCCTCGAGCACCCTGACGG_004,72
CTCCTCGAGCACCCTGACGG_005,40
CTCCTCGAGCACCCTGACGG_006,72
CTCCTCGAGCACCCTGACGG_007,140
CTCCTCGAGCACCCTGACGG_008,78
CTCCTCGAGCACCCTGACGG_009,37
TCTTGCTGGTCAGGCAAAGG_001,49
TCTTGCTGGTCAGGCAAAGG_002,138
TCTTGCTGGTCAGGCAAAGG_003,94
TCTTGCTGGTCAGGCAAAGG_004,49
TCTTGCTGGTCAGGCAAAGG_005,137
TCTTGCTGGTCAGGCAAAGG_006,22
TCTTGCTGGTCAGGCAAAGG_007,168
ATATTCAATTAGGTTACCGG_001,51
ATATTCAATTAGGTTACCGG_002,163
ATATTCAATTAGGTTACCGG_003,9
ATATTCAATTAGGTTACCGG_004,94
ATATTCAATTAGGTTACCGG_005,32
ATATTCAATTAGGTTACCGG_006,156
ATATTCAATTAGGTTACCGG_007,166
ATATTCAATTAGGTTACCGG_008,137
AATACTAACAGAGTATGGCG_001,23
AATACTAACAGAGTATGGCG_002,50
AATACTAACAGAGTATGGCG_003,175
AATACTAACAGAGTATGGCG_004,167
GACTCTCGGATTATAGCATC_001,96
GACTCTCGGATTATAGCATC_002,70
GACTCTCGGATTATAGCATC_003,17
GACTCTCGGATTATAGCATC_004,132
GGAGAAGGCTGGTGACGGAC_001,150
GGAGAAGGCTGGTGACGGAC_002,198
GGAGAAGGCTGGTGACGGAC_003,50
GGAGAAGGCTGGTGACGGAC_004,103
GGAGAAGGCTGGTGACGGAC_005,91
GGAGAAGGCTGGTGACGGAC_006,137
GGAGAAGGCTGGTGACGGAC_007,19
GGAGAAGGCTGGTGACGGAC_008,143
ATGGAGATCCAGCTGAACGG_001,162
ATGGAGATCCAGCTGAACGG_002,118
ATGGAGATCCAGCTGAACGG_003,41
ATGGAGATCCAGCTGAACGG_004,39
ATGGAGATCCAGCTGAACGG_005,85
ATGGAGATCCAGCTGAACGG_006,14
ATGGAGATCCAGCTGAACGG_007,28
ATGGAGATCCAGCTGAACGG_008,169
ATGGAGATCCAGCTGAACGG_009,146
ATGGAGATCCAGCTGAACGG_010,5
ATGGAGATCCAGCTGAACGG_011,185
ATGGAGATCCAGCTGAACGG_012,163
ATGGAGATCCAGCTGAACGG_013,188
ATGGAGATCCAGCTGAACGG_014,184
ATGGAGATCCAGCTGAACGG_015,177
TCACAGCAGTAACAAGGGAC_001,17
TCACAGCAGTAACAAGGGAC_002,53
TCACAGCAGTAACAAGGGAC_003,91
TCACAGCAGTAACAAGGGAC_004,160
TCACAGCAGTAACAAGGGAC_005,161
TCACAGCAGTAACAAGGGAC_006,145
TCACAGCAGTAACAAGGGAC_007,40
TCACAGCAGTAACAAGGGAC_008,10
AACTAGCCCGAGCAGCTTCG_001,156
AACTAGCCCGAGCAGCTTCG_002,150
AACTAGCCCGAGCAGCTTCG_003,60
AACTAGCCCGAGCAGCTTCG_004,169
AACTAGCCCGAGCAGCTTCG_005,191
AACTAGCCCGAGCAGCTTCG_006,5
AACTAGCCCGAGCAGCTTCG_007,56
AACTAGCCCGAGCAGCTTCG_008,116
AACTAGCCCGAGCAGCTTCG_009,81
AACTAGCCCGAGCAGCTTCG_010,34
AACTAGCCCGAGCAGCTTCG_011,158
AACTAGCCCGAGCAGCTTCG_012,115
AACTAGCCCGAGCAGCTTCG_013,194
AACTAGCCCGAGCAGCTTCG_014,68
AACTAGCCCGAGCAGCTTCG_015,35
AACTAGCCCGAGCAGCTTCG_016,123
AACTAGCCCGAGCAGCTTCG_017,174
AACTAGCCCGAGCAGCTTCG_018,78
AACTAGCCCGAGCAGCTTCG_019,26
AACTAGCCCGAGCAGCTTCG_020,2
AACTAGCCCGAGCAGCTTCG_021,65
AACTAGCCCGAGCAGCTTCG_022,152
AACTAGCCCGAGCAGCTTCG_023,176
AACTAGCCCGAGCAGCTTCG_024,54
ATCCATCCCAGCAGGACACG_001,121
ATCCATCCCAGCAGGACACG_002,26
ATCCATCCCAGCAGGACACG_003,26
ATCCATCCCAGCAGGACACG_004,32
ATCCATCCCAGCAGGACACG_005,77
ATCCATCCCAGCAGGACACG_006,76
ATCCATCCCAGCAGGACACG_007,62
ATCCATCCCAGCAGGACACG_008,140
ATCCATCCCAGCAGGACACG_009,172
ATCCATCCCAGCAGGACACG_010,172
ATCCATCCCAGCAGGACACG_011,12
ATCCATCCCAGCAGGACACG_012,191
ATCCATCCCAGCAGGACACG_013,69
TCTGGGTTCAAACGTATACA_001,123
TCTGGGTTCAAACGTATACA_002,69
TCTGGGTTCAAACGTATACA_003,155
TCTGGGTTCAAACGTATACA_004,87
TCTGGGTTCAAACGTATACA_005,36
TCTGGGTTCAAACGTATACA_006,35
TCTGGGTTCAAACGTATACA_007,48
TCTGGGTTCAAACGTATACA_008,144
TCTGGGTTCAAACGTATACA_009,155
TCTGGGTTCAAACGTATACA_010,123
TCTGGGTTCAAACGTATACA_011,158
TCTGGGTTCAAACGTATACA_012,146
TCTGGGTTCAAACGTATACA_013,49
TCTGGGTTCAAACGTATACA_014,199
TCTGGGTTCAAACGTATACA_015,81
TCTGGGTTCAAACGTATACA_016,59
ACACTCACTCGGGATATGCG_001,191
ACACTCACTCGGGATATGCG_002,98
ACACTCACTCGGGATATGCG_003,11
ACACTCACTCGGGATATGCG_004,32
ACACTCACTCGGGATATGCG_005,163
ACACTCACTCGGGATATGCG_006,60
ACACTCACTCGGGATATGCG_007,170
ACACTCACTCGGGATATGCG_008,70
ACACTCACTCGGGATATGCG_009,159
ACACTCACTCGGGATATGCG_010,57
ACACTCACTCGGGATATGCG_011,33
ACACTCACTCGGGATATGCG_012,68
ACACTCACTCGGGATATGCG_013,121
ACACTCACTCGGGATATGCG_014,75
ACACTCACTCGGGATATGCG_015,43
ACACTCACTCGGGATATGCG_016,34
ACACTCACTCGGGATATGCG_017,46
GGCACTGAAGACTGTAGTTG_001,83
GGCACTGAAGACTGTAGTTG_002,19
GGCACTGAAGACTGTAGTTG_003,125
GGCACTGAAGACTGTAGTTG_004,125
GGCACTGAAGACTGTAGTTG_005,185
GGCACTGAAGACTGTAGTTG_006,34
GGCACTGAAGACTGTAGTTG_007,137
GGCACTGAAGACTGTAGTTG_008,40
CTACCAGCAGTGCATAAACG_001,184
CTACCAGCAGTGCATAAACG_002,103
CTACCAGCAGTGCATAAACG_003,149
CTACCAGCAGTGCATAAACG_004,30
CTACCAGCAGTGCATAAACG_005,81
CTACCAGCAGTGCATAAACG_006,198
GTAGAGATTGATGCTCACAT_001,129
GTAGAGATTGATGCTCACAT_002,185
CAAGCTCCCTGAGTACACCA_001,175
CAAGCTCCCTGAGTACACCA_002,65
CAAGCTCCCTGAGTACACCA_003,194
CAAGCTCCCTGAGTACACCA_004,186
CAAGCTCCCTGAGTACACCA_005,160
CAAGCTCCCTGAGTACACCA_006,92
CAAGCTCCCTGAGTACACCA_007,40
CAAGCTCCCTGAGTACACCA_008,45
CTGTTTGTAGTAAAAGCTGG_001,128
CTGTTTGTAGTAAAAGCTGG_002,105
CTGTTTGTAGTAAAAGCTGG_003,58
CTGTTTGTAGTAAAAGCTGG_004,69
CTGTTTGTAGTAAAAGCTGG_005,132
CATCCTGAGAGGTAACGGGT_001,173
CATCCTGAGAGGTAACGGGT_002,169
CATCCTGAGAGGTAACGGGT_003,158
CATCCTGAGAGGTAACGGGT_004,32
CATCCTGAGAGGTAACGGGT_005,86
CATCCTGAGAGGTAACGGGT_006,22
CATCCTGAGAGGTAACGGGT_007,16
CATCCTGAGAGGTAACGGGT_008,110
CATCCTGAGAGGTAACGGGT_009,57
CATCCTGAGAGGTAACGGGT_010,70
CTAGGATCTGAGCACTTCTG_001,41
CTAGGATCTGAGCACTTCTG_002,65
CTAGGATCTGAGCACTTCTG_003,58
CTAGGATCTGAGCACTTCTG_004,109
CTAGGATCTGAGCACTTCTG_005,199
CTAGGATCTGAGCACTTCTG_006,178
CTAGGATCTGAGCACTTCTG_007,132
CTAGGATCTGAGCACTTCTG_008,30
CTAGGATCTGAGCACTTCTG_009,89
CTAGGATCTGAGCACTTCTG_010,91
CTAGGATCTGAGCACTTCTG_011,15
CTAGGATCTGAGCACTTCTG_012,85
CTAGGATCTGAGCACTTCTG_013,137
GGGACGCCCAGCGATACAAG_001,70
GGGACGCCCAGCGATACAAG_002,199
GGGACGCCCAGCGATACAAG_003,199
GGGACGCCCAGCGATACAAG_004,26
GGGACGCCCAGCGATACAAG_005,42
GGGACGCCCAGCGATACAAG_006,27
GGGACGCCCAGCGATACAAG_007,157
GGGACGCCCAGCGATACAAG_008,15
GGGACGCCCAGCGATACAAG_009,190
GGGACGCCCAGCGATACAAG_010,168
GGGACGCCCAGCGATACAAG_011,7
GGGACGCCCAGCGATACAAG_012,81
GGGACGCCCAGCGATACAAG_013,147
GGGACGCCCAGCGATACAAG_014,173
GGGACGCCCAGCGATACAAG_015,126
GGGACGCCCAGCGATACAAG_016,33
GATGTATCAACCTAGTGCTG_001,12
GATGTATCAACCTAGTGCTG_002,55
GATGTATCAACCTAGTGCTG_003,9
GATGTATCAACCTAGTGCTG_004,120
ACGAGAAAAGGTGCCCAACG_001,41
ACGAGAAAAGGTGCCCAACG_002,189
ACGAGAAAAGGTGCCCAACG_003,115
ACGAGAAAAGGTGCCCAACG_004,1
ACGAGAAAAGGTGCCCAACG_005,2
ACGAGAAAAGGTGCCCAACG_006,52
ACGAGAAAAGGTGCCCAACG_007,17
ACGAGAAAAGGTGCCCAACG_008,190
ACGAGAAAAGGTGCCCAACG_009,138
ACGAGAAAAGGTGCCCAACG_010,152
ACGAGAAAAGGTGCCCAACG_011,140
GCCACCGGAAATACACAGGT_001,88
GCCACCGGAAATACACAGGT_002,105
GCCACCGGAAATACACAGGT_003,44
GCCACCGGAAATACACAGGT_004,120
GCCACCGGAAATACACAGGT_005,42
GCCACCGGAAATACACAGGT_006,112
GCCACCGGAAATACACAGGT_007,34
GCCACCGGAAATACACAGGT_008,103
GCCACCGGAAATACACAGGT_009,76
GCCACCGGAAATACACAGGT_010,131
GATGCGTACCCGAGTGACAT_001,139
GATGCGTACCCGAGTGACAT_002,14
GATGCGTACCCGAGTGACAT_003,5
GATGCGTACCCGAGTGACAT_004,21
GATGCGTACCCGAGTGACAT_005,129
ATCTGGGGACGCATCCACAG_001,176
ATCTGGGGACGCATCCACAG_002,81
ATCTGGGGACGCATCCACAG_003,121
ATCTGGGGACGCATCCACAG_004,119
ATCTGGGGACGCATCCACAG_005,146
ATCTGGGGACGCATCCACAG_006,193
ATCTGGGGACGCATCCACAG_007,170
ATCTGGGGACGCATCCACAG_008,169
ATCTGGGGACGCATCCACAG_009,9
ATCTGGGGACGCATCCACAG_010,50
ATCTGGGGACGCATCCACAG_011,58
ATCTGGGGACGCATCCACAG_012,168
ATCTGGGGACGCATCCACAG_013,40
ATCTGGGGACGCATCCACAG_014,138
ATCTGGGGACGCATCCACAG_015,190
ATCTGGGGACGCATCCACAG_016,68
GCACATGGCAGACACTATCG_001,170
GCACATGGCAGACACTATCG_002,176
GCACATGGCAGACACTATCG_003,33
CAGGAATCCCAGGTAGACGA_001,101
CAGGAATCCCAGGTAGACGA_002,187
CAGGAATCCCAGGTAGACGA_003,30
CAGGAATCCCAGGTAGACGA_004,9
CAGGAATCCCAGGTAGACGA_005,60
CAGGAATCCCAGGTAGACGA_006,60
CAGGAATCCCAGGTAGACGA_007,37
ACGGACTTGATCCCTTTCAG_001,144
ACGGACTTGATCCCTTTCAG_002,8
ACGGACTTGATCCCTTTCAG_003,107
ACGGACTTGATCCCTTTCAG_004,150
ACGGACTTGATCCCTTTCAG_005,106
ACGGACTTGATCCCTTTCAG_006,40
ACGGACTTGATCCCTTTCAG_007,81
ACGGACTTGATCCCTTTCAG_008,4
ACGGACTTGATCCCTTTCAG_009,122
ACGGACTTGATCCCTTTCAG_010,105
ACGGACTTGATCCCTTTCAG_011,105
ACGGACTTGATCCCTTTCAG_012,162
ACGGACTTGATCCCTTTCAG_013,68
ACGGACTTGATCCCTTTCAG_014,166
AAAGAGGAGGCAATAAGACG_001,8
AAAGAGGAGGCAATAAGACG_002,184
AAAGAGGAGGCAATAAGACG_003,81
AAAGAGGAGGCAATAAGACG_004,8
AAAGAGGAGGCAATAAGACG_005,1
AAAGAGGAGGCAATAAGACG_006,29
AAAGAGGAGGCAATAAGACG_007,160
AAAGAGGAGGCAATAAGACG_008,68
AAAGAGGAGGCAATAAGACG_009,56
GGAGGAAGAGGGGAACGAGG_001,48
GGTGTGATACTCCAACAGGA_001,20
GGTGTGATACTCCAACAGGA_002,138
GGTGTGATACTCCAACAGGA_003,85
GGTGTGATACTCCAACAGGA_004,182
GGTGTGATACTCCAACAGGA_005,37
TGCGCGCGACCACGTACACG_001,116
TGCGCGCGACCACGTACACG_002,67
AACAGTCTCAAATAACTAGG_001,186
AACAGTCTCAAATAACTAGG_002,155
AGCACCGGTTAATTACGAGT_001,127
AGCACCGGTTAATTACGAGT_002,197
AGCACCGGTTAATTACGAGT_003,162
AGCACCGGTTAATTACGAGT_004,134
AGCACCGGTTAATTACGAGT_005,29
AGCACCGGTTAATTACGAGT_006,73
AGCACCGGTTAATTACGAGT_007,70
CCTCAGCAGCTGCATAACCA_001,80
CCTCAGCAGCTGCATAACCA_002,64
CCTCAGCAGCTGCATAACCA_003,195
CCTCAGCAGCTGCATAACCA_004,105
CCTCAGCAGCTGCATAACCA_005,199
CCTCAGCAGCTGCATAACCA_006,58
CCTCAGCAGCTGCATAACCA_007,66
CCTCAGCAGCTGCATAACCA_008,15
CCTCAGCAGCTGCATAACCA_009,76
CCTCAGCAGCTGCATAACCA_010,169
CCTCAGCAGCTGCATAACCA_011,34
CCTCAGCAGCTGCATAACCA_012,108
CCTCAGCAGCTGCATAACCA_013,169
CCTCAGCAGCTGCATAACCA_014,150
CCTCAGCAGCTGCATAACCA_015,94
CCTCAGCAGCTGCATAACCA_016,145
CCTCAGCAGCTGCATAACCA_017,181
CCTCAGCAGCTGCATAACCA_018,159
CCTCAGCAGCTGCATAACCA_019,158
CCTCAGCAGCTGCATAACCA_020,60
CGTGGGACGAGCCGATGTCG_001,96
CGTGGGACGAGCCGATGTCG_002,95
CGTGGGACGAGCCGATGTCG_003,75
CGTGGGACGAGCCGATGTCG_004,85
CGTGGGACGAGCCGATGTCG_005,158
CGTGGGACGAGCCGATGTCG_006,106
CGTGGGACGAGCCGATGTCG_007,146
CGTGGGACGAGCCGATGTCG_008,114
GAGTTGAGCGTGAAGTAGCT_001,35
GAGTTGAGCGTGAAGTAGCT_002,105
GAGTTGAGCGTGAAGTAGCT_003,94
GAGTTGAGCGTGAAGTAGCT_004,166
GAGTTGAGCGTGAAGTAGCT_005,122
GAGTTGAGCGTGAAGTAGCT_006,157
GAGTTGAGCGTGAAGTAGCT_007,83
GAGTTGAGCGTGAAGTAGCT_008,40
GAGTTGAGCGTGAAGTAGCT_009,175
GAGTTGAGCGTGAAGTAGCT_010,156
GAGTTGAGCGTGAAGTAGCT_011,78
GAGTTGAGCGTGAAGTAGCT_012,198
GAGTTGAGCGTGAAGTAGCT_013,58
GAGTTGAGCGTGAAGTAGCT_014,3
GAGTTGAGCGTGAAGTAGCT_015,44
GAGTTGAGCGTGAAGTAGCT_016,88
GAGTTGAGCGTGAAGTAGCT_017,0
GAGTTGAGCGTGAAGTAGCT_018,190
GAGTTGAGCGTGAAGTAGCT_019,47
AGAGCTGTTTGACAAAGTGG_001,195
CTATCAGACTGATAACAAGA_001,63
GTTGTTAGATCATATACTGC_001,45
ATCACACATCATGTAAAGGA_001,58
ATCACACATCATGTAAAGGA_002,8
ATCACACATCATGTAAAGGA_003,115
ATCACACATCATGTAAAGGA_004,76
ATCACACATCATGTAAAGGA_005,142
ATCACACATCATGTAAAGGA_006,38
ATCACACATCATGTAAAGGA_007,83
TATGCAGATCAGAGAAACCT_001,102
TATGCAGATCAGAGAAACCT_002,79
TATGCAGATCAGAGAAACCT_003,79
TATGCAGATCAGAGAAACCT_004,136
TATGCAGATCAGAGAAACCT_005,8
TATGCAGATCAGAGAAACCT_006,71
TATGCAGATCAGAGAAACCT_007,53
GGGTTAACATTAGACACCAA_001,83
GGGTTAACATTAGACACCAA_002,69
CACGTGGGCGAGCTTAAACG_001,176
CACGTGGGCGAGCTTAAACG_002,177
CACGTGGGCGAGCTTAAACG_003,52
ATTGGACTGTCACGTCCCAA_001,107
ATTGGACTGTCACGTCCCAA_002,167
ATTGGACTGTCACGTCCCAA_003,167
ATTGGACTGTCACGTCCCAA_004,170
ATTGGACTGTCACGTCCCAA_005,35
ATTGGACTGTCACGTCCCAA_006,46
ATTGGACTGTCACGTCCCAA_007,147
ATTGGACTGTCACGTCCCAA_008,134
ATTGGACTGTCACGTCCCAA_009,110
TTGGAGCCCACGTAAAAGGG_001,19
TTGGAGCCCACGTAAAAGGG_002,78
TTGGAGCCCACGTAAAAGGG_003,54
TTGGAGCCCACGTAAAAGGG_004,189
TTGGAGCCCACGTAAAAGGG_005,2
TTGGAGCCCACGTAAAAGGG_006,94
TTGGAGCCCACGTAAAAGGG_007,185
TTGGAGCCCACGTAAAAGGG_008,116
TTGGAGCCCACGTAAAAGGG_009,102
TTGGAGCCCACGTAAAAGGG_010,115
TTGGAGCCCACGTAAAAGGG_011,106
TTGGAGCCCACGTAAAAGGG_012,199
TTGGAGCCCACGTAAAAGGG_013,127
TTGGAGCCCACGTAAAAGGG_014,121
TTGGAGCCCACGTAAAAGGG_015,127
TTGGAGCCCACGTAAAAGGG_016,97
TTGGAGCCCACGTAAAAGGG_017,6
TTGGAGCCCACGTAAAAGGG_018,174
TTGGAGCCCACGTAAAAGGG_019,102
TTGGAGCCCACGTAAAAGGG_020,37
TTGGAGCCCACGTAAAAGGG_021,1
TTGGAGCCCACGTAAAAGGG_022,9
TTGGAGCCCACGTAAAAGGG_023,66
TTGGAGCCCACGTAAAAGGG_024,44
TTGGAGCCCACGTAAAAGGG_025,16
TTGGAGCCCACGTAAAAGGG_026,106
TTGGAGCCCACGTAAAAGGG_027,168
TTGGAGCCCACGTAAAAGGG_028,17
TTGGAGCCCACGTAAAAGGG_029,182
ATCCACTATTGGGTACTCCG_001,75
ATCCACTATTGGGTACTCCG_002,146
ATCCACTATTGGGTACTCCG_003,171
ATCCACTATTGGGTACTCCG_004,190
ATCCACTATTGGGTACTCCG_005,60
ACCGGCAGGAGTAGTACTCG_001,196
ACCGGCAGGAGTAGTACTCG_002,20
ACCGGCAGGAGTAGTACTCG_003,170
ACCGGCAGGAGTAGTACTCG_004,50
ACCGGCAGGAGTAGTACTCG_005,52
ACCGGCAGGAGTAGTACTCG_006,176
ACCGGCAGGAGTAGTACTCG_007,152
CAGCACTTAAATAATTGGGT_001,35
CAGCACTTAAATAATTGGGT_002,138
CAGCACTTAAATAATTGGGT_003,48
CAGCACTTAAATAATTGGGT_004,172
CAGCACTTAAATAATTGGGT_005,36
CAGCACTTAAATAATTGGGT_006,6
CAGCACTTAAATAATTGGGT_007,57
CAGCACTTAAATAATTGGGT_008,133
GCTACTACCACGACCACTGG_001,78
GCTACTACCACGACCACTGG_002,92
GCTACTACCACGACCACTGG_003,106
GCTACTACCACGACCACTGG_004,184
GCTACTACCACGACCACTGG_005,113
GCTACTACCACGACCACTGG_006,34
GCTACTACCACGACCACTGG_007,68
GCTACTACCACGACCACTGG_008,178
GCTACTACCACGACCACTGG_009,108
GCTACTACCACGACCACTGG_010,159
GCTACTACCACGACCACTGG_011,153
GCTACTACCACGACCACTGG_012,139
GCTACTACCACGACCACTGG_013,23
GCTACTACCACGACCACTGG_014,58
GCTACTACCACGACCACTGG_015,15
GCTACTACCACGACCACTGG_016,90
GCTACTACCACGACCACTGG_017,66
GCTACTACCACGACCACTGG_018,87
GCTACTACCACGACCACTGG_019,127
GCTACTACCACGACCACTGG_020,3
GCTACTACCACGACCACTGG_021,116
GGCATGGACATCATGAACCG_001,108
GGCATGGACATCATGAACCG_002,97
GGCATGGACATCATGAACCG_003,19
GGCATGGACATCATGAACCG_004,19
GACTATTCACAGGAGGACTG_001,3
GACTATTCACAGGAGGACTG_002,55
GACTATTCACAGGAGGACTG_003,83
GACTATTCACAGGAGGACTG_004,144
GACTATTCACAGGAGGACTG_005,148
GACTATTCACAGGAGGACTG_006,43
GACTATTCACAGGAGGACTG_007,59
GACTATTCACAGGAGGACTG_008,40
GACTATTCACAGGAGGACTG_009,153
CCGTTAATGACTTTGCCACG_001,185
CCGTTAATGACTTTGCCACG_002,175
CCGTTAATGACTTTGCCACG_003,160
CCGTTAATGACTTTGCCACG_004,141
CCGTTAATGACTTTGCCACG_005,147
CCGTTAATGACTTTGCCACG_006,69
CCGTTAATGACTTTGCCACG_007,103
CCGTTAATGACTTTGCCACG_008,110
CCGTTAATGACTTTGCCACG_009,44
CCGTTAATGACTTTGCCACG_010,109
CCGTTAATGACTTTGCCACG_011,84
CCGTTAATGACTTTGCCACG_012,90
CCGTTAATGACTTTGCCACG_013,137
CTTACTGAGGCACTGCTCCA_001,153
CTTACTGAGGCACTGCTCCA_002,104
CTTACTGAGGCACTGCTCCA_003,133
CTTACTGAGGCACTGCTCCA_004,57
CTTACTGAGGCACTGCTCCA_005,188
CTTACTGAGGCACTGCTCCA_006,7
CTTACTGAGGCACTGCTCCA_007,162
CTTACTGAGGCACTGCTCCA_008,1
CTTACTGAGGCACTGCTCCA_009,126
CTTACTGAGGCACTGCTCCA_010,147
CTTACTGAGGCACTGCTCCA_011,177
CTTACTGAGGCACTGCTCCA_012,175
CTTACTGAGGCACTGCTCCA_013,49
CTTACTGAGGCACTGCTCCA_014,177
CTTACTGAGGCACTGCTCCA_015,170
CTTACTGAGGCACTGCTCCA_016,1
CTTACTGAGGCACTGCTCCA_017,150
CTTACTGAGGCACTGCTCCA_018,83
CTTACTGAGGCACTGCTCCA_019,66
CTTACTGAGGCACTGCTCCA_020,47
CTTACTGAGGCACTGCTCCA_021,197
GGAAGAAGAAGAAACTGCCG_001,28
GGAAGAAGAAGAAACTGCCG_002,129
GGAAGAAGAAGAAACTGCCG_003,6
GGAAGAAGAAGAAACTGCCG_004,185
GGAAGAAGAAGAAACTGCCG_005,69
GATGACACATCAGACCAGCG_001,102
GATGACACATCAGACCAGCG_002,116
GATGACACATCAGACCAGCG_003,189
GATGACACATCAGACCAGCG_004,102
GATGACACATCAGACCAGCG_005,149
GATGACACATCAGACCAGCG_006,110
GATGACACATCAGACCAGCG_007,34
GATGACACATCAGACCAGCG_008,61
GATGACACATCAGACCAGCG_009,1
GATGACACATCAGACCAGCG_010,61
GATGACACATCAGACCAGCG_011,67
GATGACACATCAGACCAGCG_012,192
GATGACACATCAGACCAGCG_013,158
GATGACACATCAGACCAGCG_014,120
GATGACACATCAGACCAGCG_015,134
GATGACACATCAGACCAGCG_016,121
GATGACACATCAGACCAGCG_017,42
GATGACACATCAGACCAGCG_018,61
GATGACACATCAGACCAGCG_019,27
GATGACACATCAGACCAGCG_020,84
GATGACACATCAGACCAGCG_021,20
GATGAGAAGAAACCATTCAA_001,190
TTCTCCCGCCTACAGCGCGT_001,147
TTCTCCCGCCTACAGCGCGT_002,82
TTCTCCCGCCTACAGCGCGT_003,139
TTCTCCCGCCTACAGCGCGT_004,188
TTCTCCCGCCTACAGCGCGT_005,84
TTCTCCCGCCTACAGCGCGT_006,137
TTCTCCCGCCTACAGCGCGT_007,48
TTCTCCCGCCTACAGCGCGT_008,54
TTCTCCCGCCTACAGCGCGT_009,50
TGAGGAGTACAAGCACCGCA_001,66
TGAGGAGTACAAGCACCGCA_002,82
TGAGGAGTACAAGCACCGCA_003,118
TGAGGAGTACAAGCACCGCA_004,52
TGAGGAGTACAAGCACCGCA_005,67
TGAGGAGTACAAGCACCGCA_006,38
TGAGGAGTACAAGCACCGCA_007,183
TGAGGAGTACAAGCACCGCA_008,82
CAAAAAGAAAGTGACGCATG_001,191
CAAAAAGAAAGTGACGCATG_002,58
CAAAAAGAAAGTGACGCATG_003,118
CAAAAAGAAAGTGACGCATG_004,138
CATTTCAGGAGGCTGTACAT_001,106
CATTTCAGGAGGCTGTACAT_002,96
CATTTCAGGAGGCTGTACAT_003,78
CATTTCAGGAGGCTGTACAT_004,183
CATTTCAGGAGGCTGTACAT_005,56
CATTTCAGGAGGCTGTACAT_006,94
CATTTCAGGAGGCTGTACAT_007,110
CATTTCAGGAGGCTGTACAT_008,166
CATTTCAGGAGGCTGTACAT_009,138
CATTTCAGGAGGCTGTACAT_010,97
CATTTCAGGAGGCTGTACAT_011,61
CATTTCAGGAGGCTGTACAT_012,58
CATTTCAGGAGGCTGTACAT_013,72
CATTTCAGGAGGCTGTACAT_014,63
ACCTTTCCAGAACACACAAG_001,106
CAAGTACAGCGGGATCGACG_001,84
CAAGTACAGCGGGATCGACG_002,29
CAAGTACAGCGGGATCGACG_003,27
CAAGTACAGCGGGATCGACG_004,191
CAAGTACAGCGGGATCGACG_005,179
CTGGACCTGCCCATCCACGC_001,12
CTGGACCTGCCCATCCACGC_002,146
CTGGACCTGCCCATCCACGC_003,183
CTGGACCTGCCCATCCACGC_004,175
CTGGACCTGCCCATCCACGC_005,16
CTGGACCTGCCCATCCACGC_006,131
CTGGACCTGCCCATCCACGC_007,149
CTGGACCTGCCCATCCACGC_008,149
CTGGACCTGCCCATCCACGC_009,161
CTGGACCTGCCCATCCACGC_010,83
CTGGACCTGCCCATCCACGC_011,125
CTGGACCTGCCCATCCACGC_012,28
CTGGACCTGCCCATCCACGC_013,68
CTGGACCTGCCCATCCACGC_014,19
CTGGACCTGCCCATCCACGC_015,19
CTGGACCTGCCCATCCACGC_016,150
CTGGACCTGCCCATCCACGC_017,20
CTGGACCTGCCCATCCACGC_018,61
CTGGACCTGCCCATCCACGC_019,138
CTGGACCTGCCCATCCACGC_020,84
CTGGACCTGCCCATCCACGC_021,4
CTGGACCTGCCCATCCACGC_022,63
CTGGACCTGCCCATCCACGC_023,105
CTGGACCTGCCCATCCACGC_024,148
CTGGACCTGCCCATCCACGC_025,142
CTGGACCTGCCCATCCACGC_026,35
CTGGACCTGCCCATCCACGC_027,13
CTGGACCTGCCCATCCACGC_028,15
CTGGACCTGCCCATCCACGC_029,173
CTGGACCTGCCCATCCACGC_030,57
GCGGCCACCCTATTCCTACT_001,166
GCGGCCACCCTATTCCTACT_002,27
GCGGCCACCCTATTCCTACT_003,182
GCGGCCACCCTATTCCTACT_004,98
GCGGCCACCCTATTCCTACT_005,199
GCGGCCACCCTATTCCTACT_006,77
GCGGCCACCCTATTCCTACT_007,43
GCGGCCACCCTATTCCTACT_008,49
GCGGCCACCCTATTCCTACT_009,104
GCGGCCACCCTATTCCTACT_010,146
GCGGCCACCCTATTCCTACT_011,117
GCGGCCACCCTATTCCTACT_012,177
GCGGCCACCCTATTCCTACT_013,169
GCGGCCACCCTATTCCTACT_014,85
GCGGCCACCCTATTCCTACT_015,147
GCGGCCACCCTATTCCTACT_016,121
GCGGCCACCCTATTCCTACT_017,127
GCGGCCACCCTATTCCTACT_018,146
GCGGCCACCCTATTCCTACT_019,18
ACAGGTTATTGGTCAACACA_001,170
ACAGGTTATTGGTCAACACA_002,181
ACAGGTTATTGGTCAACACA_003,156
ACAGGTTATTGGTCAACACA_004,88
ACAGGTTATTGGTCAACACA_005,150
ACAGGTTATTGGTCAACACA_006,72
ACAGGTTATTGGTCAACACA_007,28
TGGACTCAAGCGTAAGAGCG_001,42
TGGACTCAAGCGTAAGAGCG_002,12
TGGACTCAAGCGTAAGAGCG_003,197
TGGACTCAAGCGTAAGAGCG_004,195
TGGACTCAAGCGTAAGAGCG_005,128
TGGACTCAAGCGTAAGAGCG_006,21
TGGACTCAAGCGTAAGAGCG_007,170
TGGACTCAAGCGTAAGAGCG_008,125
TGGACTCAAGCGTAAGAGCG_009,174
TGGACTCAAGCGTAAGAGCG_010,93
TGGACTCAAGCGTAAGAGCG_011,193
TGGACTCAAGCGTAAGAGCG_012,65
TGGACTCAAGCGTAAGAGCG_013,150
TGGACTCAAGCGTAAGAGCG_014,94
TGGACTCAAGCGTAAGAGCG_015,157
TGGACTCAAGCGTAAGAGCG_016,4
TGGACTCAAGCGTAAGAGCG_017,50
TGGACTCAAGCGTAAGAGCG_018,11
TGGACTCAAGCGTAAGAGCG_019,63
TGGACTCAAGCGTAAGAGCG_020,48
TGGACTCAAGCGTAAGAGCG_021,19
TGGACTCAAGCGTAAGAGCG_022,77
TGGACTCAAGCGTAAGAGCG_023,82
TGGACTCAAGCGTAAGAGCG_024,185
TGGACTCAAGCGTAAGAGCG_025,199
TGGACTCAAGCGTAAGAGCG_026,48
TGGACTCAAGCGTAAGAGCG_027,78
TGGACTCAAGCGTAAGAGCG_028,94
TGGACTCAAGCGTAAGAGCG_029,56
TGGACTCAAGCGTAAGAGCG_030,119
TGGACTCAAGCGTAAGAGCG_031,63
AGCCATGACACAGAGCCAAG_001,29
AGCCATGACACAGAGCCAAG_002,16
AGCCATGACACAGAGCCAAG_003,184
AGCCATGACACAGAGCCAAG_004,65
AGCCATGACACAGAGCCAAG_005,33
CCTCACCTGGTGTTCCTAAG_001,84
CCTCACCTGGTGTTCCTAAG_002,145
CCTCACCTGGTGTTCCTAAG_003,13
CCTCACCTGGTGTTCCTAAG_004,140
CCTCACCTGGTGTTCCTAAG_005,133
CCTCACCTGGTGTTCCTAAG_006,82
CCTCACCTGGTGTTCCTAAG_007,40
CCTCACCTGGTGTTCCTAAG_008,9
CCTCACCTGGTGTTCCTAAG_009,167
AACTGGATGACCTCTACTCG_001,160
AACTGGATGACCTCTACTCG_002,85
AACTGGATGACCTCTACTCG_003,154
AACTGGATGACCTCTACTCG_004,36
AACTGGATGACCTCTACTCG_005,145
AACTGGATGACCTCTACTCG_006,156
AACTGGATGACCTCTACTCG_007,129
AACTGGATGACCTCTACTCG_008,185
AACTGGATGACCTCTACTCG_009,47
AACTGGATGACCTCTACTCG_010,158
AAGGAATACTTACTGACTCA_001,56
AAGGAATACTTACTGACTCA_002,15
AAGGAATACTTACTGACTCA_003,143
AACTTACCTACAAACAACGC_001,2
AACTTACCTACAAACAACGC_002,145
ATCCATAATAATCACTACAC_001,89
GAAGACGCTGAACAAATGTG_001,54
GAAGACGCTGAACAAATGTG_002,54
GAAGACGCTGAACAAATGTG_003,155
GAAGACGCTGAACAAATGTG_004,48
GAAGACGCTGAACAAATGTG_005,179
GAAGACGCTGAACAAATGTG_006,115
GAAGACGCTGAACAAATGTG_007,69
GAAGACGCTGAACAAATGTG_008,75
GATGTCGTGCCCGTAGATGG_001,121
TAGTTGGAGCTCTCTTGATG_001,192
TAGTTGGAGCTCTCTTGATG_002,131
CCTTACCCTATACGACCTGG_001,70
CCTTACCCTATACGACCTGG_002,11
CCTTACCCTATACGACCTGG_003,57
CCTTACCCTATACGACCTGG_004,158
CCTTACCCTATACGACCTGG_005,177
CCTTACCCTATACGACCTGG_006,13
CCTTACCCTATACGACCTGG_007,68
TGTTGTCAAGAAATCTGATG_001,115
AGATTCACTTCCAACAACCA_001,35
AGATTCACTTCCAACAACCA_002,9
AGATTCACTTCCAACAACCA_003,61
AGATTCACTTCCAACAACCA_004,71
AGATTCACTTCCAACAACCA_005,30
AGATTCACTTCCAACAACCA_006,74
AGATTCACTTCCAACAACCA_007,74
AGATTCACTTCCAACAACCA_008,142
AGATTCACTTCCAACAACCA_009,176
AGATTCACTTCCAACAACCA_010,69
AGATTCACTTCCAACAACCA_011,177
GAGGACAAGCGCCATTCACA_001,24
GAGGACAAGCGCCATTCACA_002,93
GAGGACAAGCGCCATTCACA_003,194
GAGGACAAGCGCCATTCACA_004,88
GAGGACAAGCGCCATTCACA_005,41
GAGGACAAGCGCCATTCACA_006,28
GAGGACAAGCGCCATTCACA_007,17
GAGGACAAGCGCCATTCACA_008,49
GAGGACAAGCGCCATTCACA_009,126
CCGCGACTGGCGTACCAGGC_001,176
CCGCGACTGGCGTACCAGGC_002,41
CCGCGACTGGCGTACCAGGC_003,106
CCGCGACTGGCGTACCAGGC_004,170
CCGCGACTGGCGTACCAGGC_005,163
CAGGCCGAGTCTAAAGACCA_001,197
CAGGCCGAGTCTAAAGACCA_002,29
CAGGCCGAGTCTAAAGACCA_003,166
CAGGCCGAGTCTAAAGACCA_004,40
CAGGCCGAGTCTAAAGACCA_005,69
CAGGCCGAGTCTAAAGACCA_006,7
CAGGCCGAGTCTAAAGACCA_007,31
CAGGCCGAGTCTAAAGACCA_008,24
CAGGCCGAGTCTAAAGACCA_009,144
CAGGCCGAGTCTAAAGACCA_010,55
CAGGCCGAGTCTAAAGACCA_011,81
CAGGCCGAGTCTAAAGACCA_012,150
CAGGCCGAGTCTAAAGACCA_013,119
CAGGCCGAGTCTAAAGACCA_014,188
CAGGCCGAGTCTAAAGACCA_015,31
CAGGCCGAGTCTAAAGACCA_016,49
CAGGCCGAGTCTAAAGACCA_017,136
CAGGCCGAGTCTAAAGACCA_018,144
CAGGCCGAGTCTAAAGACCA_019,41
CAGGCCGAGTCTAAAGACCA_020,106
GAGGTGTCTCACCATCAGCC_001,186
GAGGTGTCTCACCATCAGCC_002,9
GAGGTGTCTCACCATCAGCC_003,172
GAGGTGTCTCACCATCAGCC_004,184
GAGGTGTCTCACCATCAGCC_005,147
GAGGTGTCTCACCATCAGCC_006,16
GAGGTGTCTCACCATCAGCC_007,43
GAGGTGTCTCACCATCAGCC_008,62
GAGGTGTCTCACCATCAGCC_009,70
GAGGTGTCTCACCATCAGCC_010,83
GAGGTGTCTCACCATCAGCC_011,198
GAGGTGTCTCACCATCAGCC_012,58
GAGGTGTCTCACCATCAGCC_013,91
GAGGTGTCTCACCATCAGCC_014,43
GAGGTGTCTCACCATCAGCC_015,152
GTTTGTAGCTACCTCCATCG_001,60
GTTTGTAGCTACCTCCATCG_002,63
GTTTGTAGCTACCTCCATCG_003,39
GTTTGTAGCTACCTCCATCG_004,184
TCCCACTGACGAGAACCCGG_001,184
TCCCACTGACGAGAACCCGG_002,169
TCCCACTGACGAGAACCCGG_003,34
TCCCACTGACGAGAACCCGG_004,134
TCCCACTGACGAGAACCCGG_005,31
TCCCACTGACGAGAACCCGG_006,121
TCCCACTGACGAGAACCCGG_007,153
TCCCACTGACGAGAACCCGG_008,199
TCCCACTGACGAGAACCCGG_009,186
TCCCACTGACGAGAACCCGG_010,169
TCCCACTGACGAGAACCCGG_011,192
TCCCACTGACGAGAACCCGG_012,158
TCCCACTGACGAGAACCCGG_013,94
TCCCACTGACGAGAACCCGG_014,150
TCCCACTGACGAGAACCCGG_015,194
TCCCACTGACGAGAACCCGG_016,48
TCCCACTGACGAGAACCCGG_017,123
TCCCACTGACGAGAACCCGG_018,88
TCCCACTGACGAGAACCCGG_019,169
ATGGGAAATCCACATATATG_001,165
CTTCACCTGTATATGGACCA_001,114
CTTCACCTGTATATGGACCA_002,88
CTTCACCTGTATATGGACCA_003,87
TTCCCAGGATTAAAAAGCGA_001,27
TTCCCAGGATTAAAAAGCGA_002,146
TTCCCAGGATTAAAAAGCGA_003,50
TTCCCAGGATTAAAAAGCGA_004,105
TCCACCTTGGCTGACAGCTA_001,96
TCCACCTTGGCTGACAGCTA_002,127
TCCACCTTGGCTGACAGCTA_003,152
TCCACCTTGGCTGACAGCTA_004,52
TCCACCTTGGCTGACAGCTA_005,104
TGTCATATGAGCCAGTGACA_001,78
TGTCATATGAGCCAGTGACA_002,158
TGTCATATGAGCCAGTGACA_003,60
TGTCATATGAGCCAGTGACA_004,153
TTTAAACCTAGTGGTCGCAG_001,6
TTTAAACCTAGTGGTCGCAG_002,156
TTTAAACCTAGTGGTCGCAG_003,156
TTTAAACCTAGTGGTCGCAG_004,188
TTTAAACCTAGTGGTCGCAG_005,148
TTTAAACCTAGTGGTCGCAG_006,181
TTTAAACCTAGTGGTCGCAG_007,115
TTTAAACCTAGTGGTCGCAG_008,130
TTTAAACCTAGTGGTCGCAG_009,49
GAGGAGTACCTTGCCAGCCT_001,67
GAGGAGTACCTTGCCAGCCT_002,116
GAGGAGTACCTTGCCAGCCT_003,72
GAGGAGTACCTTGCCAGCCT_004,44
GAGGAGTACCTTGCCAGCCT_005,140
GAGGAGTACCTTGCCAGCCT_006,76
GAGGAGTACCTTGCCAGCCT_007,157
GAGGAGTACCTTGCCAGCCT_008,66
GAGGAGTACCTTGCCAGCCT_009,16
GAGGAGTACCTTGCCAGCCT_010,19
GAGGAGTACCTTGCCAGCCT_011,88
GAGGAGTACCTTGCCAGCCT_012,106
GAGGAGTACCTTGCCAGCCT_013,168
GCACCTCTCTTCATGGATCG_001,10
GCACCTCTCTTCATGGATCG_002,61
GCACCTCTCTTCATGGATCG_003,160
GCACCTCTCTTCATGGATCG_004,197
GCACCTCTCTTCATGGATCG_005,5
GCACCTCTCTTCATGGATCG_006,58
GCACCTCTCTTCATGGATCG_007,148
GCACCTCTCTTCATGGATCG_008,148
GCACCTCTCTTCATGGATCG_009,2
GCACCTCTCTTCATGGATCG_010,8
GCACCTCTCTTCATGGATCG_011,185
GCACCTCTCTTCATGGATCG_012,151
GCACCTCTCTTCATGGATCG_013,91
GCACCTCTCTTCATGGATCG_014,175
GCACCTCTCTTCATGGATCG_015,45
GCACCTCTCTTCATGGATCG_016,41
GCACCTCTCTTCATGGATCG_017,76
GCACCTCTCTTCATGGATCG_018,176
GCACCTCTCTTCATGGATCG_019,190
GCACCTCTCTTCATGGATCG_020,178
GCACCTCTCTTCATGGATCG_021,34
GCACCTCTCTTCATGGATCG_022,115
GCACCTCTCTTCATGGATCG_023,0
GCACCTCTCTTCATGGATCG_024,29
GCACCTCTCTTCATGGATCG_025,48
GCACCTCTCTTCATGGATCG_026,176
TAAACATGAATGAGATTGTG_001,169
TAAACATGAATGAGATTGTG_002,115
TAAACATGAATGAGATTGTG_003,106
TAAACATGAATGAGATTGTG_004,12
TAAACATGAATGAGATTGTG_005,184
TAAACATGAATGAGATTGTG_006,49
TAAACATGAATGAGATTGTG_007,78
TAAACATGAATGAGATTGTG_008,77
TAAACATGAATGAGATTGTG_009,84
TAAACATGAATGAGATTGTG_010,56
TAAACATGAATGAGATTGTG_011,32
TAAACATGAATGAGATTGTG_012,45
TAAACATGAATGAGATTGTG_013,16
TAAACATGAATGAGATTGTG_014,121
TAAACATGAATGAGATTGTG_015,183
TAAACATGAATGAGATTGTG_016,128
TAAACATGAATGAGATTGTG_017,19
TAAACATGAATGAGATTGTG_018,144
TAAACATGAATGAGATTGTG_019,148
TAAACATGAATGAGATTGTG_020,174
TAAACATGAATGAGATTGTG_021,5
GGCCCGGGCAGCGCCTTACG_001,121
GGCCCGGGCAGCGCCTTACG_002,138
GGCCCGGGCAGCGCCTTACG_003,5
GGCCCGGGCAGCGCCTTACG_004,7
GGCCCGGGCAGCGCCTTACG_005,35
CAGCATTCCATCATTCCGAG_001,35
CAGCATTCCATCATTCCGAG_002,93
CAGCATTCCATCATTCCGAG_003,197
TACCCAGAGGTAAGCCCATG_001,94
TACCCAGAGGTAAGCCCATG_002,157
TACCCAGAGGTAAGCCCATG_003,23
TACCCAGAGGTAAGCCCATG_004,23
TACCCAGAGGTAAGCCCATG_005,102
TACCCAGAGGTAAGCCCATG_006,147
TACCCAGAGGTAAGCCCATG_007,2
TACCCAGAGGTAAGCCCATG_008,174
TACCCAGAGGTAAGCCCATG_009,69
TACCCAGAGGTAAGCCCATG_010,122
TACCCAGAGGTAAGCCCATG_011,56
TACCCAGAGGTAAGCCCATG_012,118
TACCCAGAGGTAAGCCCATG_013,77
TACCCAGAGGTAAGCCCATG_014,175
TACCCAGAGGTAAGCCCATG_015,53
TACCCAGAGGTAAGCCCATG_016,94
TACCCAGAGGTAAGCCCATG_017,121
ATTACCTGATGTGTAGTAAG_001,117
ATTACCTGATGTGTAGTAAG_002,102
ATTACCTGATGTGTAGTAAG_003,75
GGTGGTCCGCTTTCTCCGGT_001,159
GGTGGTCCGCTTTCTCCGGT_002,11
GGTGGTCCGCTTTCTCCGGT_003,34
GGTGGTCCGCTTTCTCCGGT_004,140
GGTGGTCCGCTTTCTCCGGT_005,20
GCCTACGGTAAAACCTGACC_001,158
GCCTACGGTAAAACCTGACC_002,19
GCCTACGGTAAAACCTGACC_003,15
GCCTACGGTAAAACCTGACC_004,183
TAGATTTGCTGTGTCATCGC_001,57
TAGATTTGCTGTGTCATCGC_002,86
TCGTAAACACACGACCAAGT_001,40
TCGTAAACACACGACCAAGT_002,44
TCGTAAACACACGACCAAGT_003,75
TCGTAAACACACGACCAAGT_004,120
TCGTAAACACACGACCAAGT_005,16
TCGTAAACACACGACCAAGT_006,147
TCGTAAACACACGACCAAGT_007,148
TCGTAAACACACGACCAAGT_008,60
TCGTAAACACACGACCAAGT_009,137
ACAGCGGACTCGGTCCAGAG_001,111
ACAGCGGACTCGGTCCAGAG_002,68
ACAGCGGACTCGGTCCAGAG_003,12
ACAGCGGACTCGGTCCAGAG_004,89
ACAGCGGACTCGGTCCAGAG_005,113
ACAGCGGACTCGGTCCAGAG_006,23
ACAGCGGACTCGGTCCAGAG_007,147
ACAGCGGACTCGGTCCAGAG_008,139
ACAGCGGACTCGGTCCAGAG_009,169
ACAGCGGACTCGGTCCAGAG_010,188
ACAGCGGACTCGGTCCAGAG_011,15
ACAGCGGACTCGGTCCAGAG_012,26
ACAGCGGACTCGGTCCAGAG_013,76
ACAGCGGACTCGGTCCAGAG_014,73
ACAGCGGACTCGGTCCAGAG_015,170
ACAGCGGACTCGGTCCAGAG_016,16
ACAGCGGACTCGGTCCAGAG_017,191
ACAGCGGACTCGGTCCAGAG_018,178
ACAGCGGACTCGGTCCAGAG_019,20
GAAAGAAAGACTCCCGAATG_001,0
TGGTGCGGCCCATTAGTCGA_001,177
TGGTGCGGCCCATTAGTCGA_002,133
TGGTGCGGCCCATTAGTCGA_003,137
TGGTGCGGCCCATTAGTCGA_004,106
TGGTGCGGCCCATTAGTCGA_005,72
TGGTGCGGCCCATTAGTCGA_006,56
TGGTGCGGCCCATTAGTCGA_007,77
TGGTGCGGCCCATTAGTCGA_008,42
TGGTGCGGCCCATTAGTCGA_009,36
TGGTGCGGCCCATTAGTCGA_010,149
TGGTGCGGCCCATTAGTCGA_011,169
TGGTGCGGCCCATTAGTCGA_012,70
TGGTGCGGCCCATTAGTCGA_013,148
TGGTGCGGCCCATTAGTCGA_014,175
TGGTGCGGCCCATTAGTCGA_015,191
TGGTGCGGCCCATTAGTCGA_016,142
TGGTGCGGCCCATTAGTCGA_017,42
TGGTGCGGCCCATTAGTCGA_018,56
TGGTGCGGCCCATTAGTCGA_019,194
TGGTGCGGCCCATTAGTCGA_020,129
TGGTGCGGCCCATTAGTCGA_021,86
TGGTGCGGCCCATTAGTCGA_022,23
TGGTGCGGCCCATTAGTCGA_023,162
TGGTGCGGCCCATTAGTCGA_024,1
TGGTGCGGCCCATTAGTCGA_025,168
TGGTGCGGCCCATTAGTCGA_026,52
CCAAATCTCCTGGTAAACTT_001,8
CCAAATCTCCTGGTAAACTT_002,171
GGATCATTGCTCCCAAACTG_001,82
ACTAGAGCCGGATCTCTGTG_001,27
ACTAGAGCCGGATCTCTGTG_002,175
ACTAGAGCCGGATCTCTGTG_003,85
ACTAGAGCCGGATCTCTGTG_004,119
ACTAGAGCCGGATCTCTGTG_005,78
TGTAGTCTCCGGAGTCAAGG_001,9
TGTAGTCTCCGGAGTCAAGG_002,198
TGTAGTCTCCGGAGTCAAGG_003,174
TGTAGTCTCCGGAGTCAAGG_004,5
TGTAGTCTCCGGAGTCAAGG_005,40
ACCTGTCAGATGAAACGCCA_001,150
ACCTGTCAGATGAAACGCCA_002,143
ACCTGTCAGATGAAACGCCA_003,39
ATGAGACAATGGAACGACAA_001,167
ATGAGACAATGGAACGACAA_002,169
ATGAGACAATGGAACGACAA_003,198
ATGAGACAATGGAACGACAA_004,67
ATGAGACAATGGAACGACAA_005,94
ATGAGACAATGGAACGACAA_006,192
ATGAGACAATGGAACGACAA_007,140
ATGAGACAATGGAACGACAA_008,117
ATGAGACAATGGAACGACAA_009,160
AGAGCTACGAGTATGTCTAC_001,6
TAAGCATGAGAGGCCAGTGT_001,173
TAAGCATGAGAGGCCAGTGT_002,173
TAAGCATGAGAGGCCAGTGT_003,56
TAAGCATGAGAGGCCAGTGT_004,149
TAAGCATGAGAGGCCAGTGT_005,149
TAAGCATGAGAGGCCAGTGT_006,12
AGGTGGCACTAAGCTCGGTG_001,85
AGGTGGCACTAAGCTCGGTG_002,181
AGGTGGCACTAAGCTCGGTG_003,185
AGGTGGCACTAAGCTCGGTG_004,50
AGGTGGCACTAAGCTCGGTG_005,119
GCCACTACCACCAAATGACG_001,148
GCCACTACCACCAAATGACG_002,152
GCCACTACCACCAAATGACG_003,163
GCCACTACCACCAAATGACG_004,69
GCCACTACCACCAAATGACG_005,12
GCCACTACCACCAAATGACG_006,76
GCCACTACCACCAAATGACG_007,140
GCCACTACCACCAAATGACG_008,67
GCCACTACCACCAAATGACG_009,192
GCCACTACCACCAAATGACG_010,76
GCCACTACCACCAAATGACG_011,33
GCCACTACCACCAAATGACG_012,96
GCCACTACCACCAAATGACG_013,60
GCCACTACCACCAAATGACG_014,123
GCCACTACCACCAAATGACG_015,45
GCCACTACCACCAAATGACG_016,94
GCCACTACCACCAAATGACG_017,27
GCCACTACCACCAAATGACG_018,30
GCCACTACCACCAAATGACG_019,21
GCCACTACCACCAAATGACG_020,65
GCCACTACCACCAAATGACG_021,118
GCCACTACCACCAAATGACG_022,168
GCCACTACCACCAAATGACG_023,27
GCCACTACCACCAAATGACG_024,168
GGACGTTAAGAAAATAATGG_001,130
GGACGTTAAGAAAATAATGG_002,168
GGACGTTAAGAAAATAATGG_003,34
GGACGTTAAGAAAATAATGG_004,146
GGACGTTAAGAAAATAATGG_005,184
GGACGTTAAGAAAATAATGG_006,69
GGACGTTAAGAAAATAATGG_007,77
TCTGTTGGTGTAATTGACGA_001,164
TCTGTTGGTGTAATTGACGA_002,54
GGTGGCTGCCAATGCTACCA_001,145
GGTGGCTGCCAATGCTACCA_002,45
GGTGGCTGCCAATGCTACCA_003,127
GGTGGCTGCCAATGCTACCA_004,117
GGTGGCTGCCAATGCTACCA_005,29
GGTGGCTGCCAATGCTACCA_006,108
GGTGGCTGCCAATGCTACCA_007,162
GGTGGCTGCCAATGCTACCA_008,48
GGTGGCTGCCAATGCTACCA_009,98
GGTGGCTGCCAATGCTACCA_010,101
GGTGGCTGCCAATGCTACCA_011,8
GGTGGCTGCCAATGCTACCA_012,62
GGTGGCTGCCAATGCTACCA_013,45
GGCCGGCTGAGCATGAACGT_001,15
GGCCGGCTGAGCATGAACGT_002,184
GGCCGGCTGAGCATGAACGT_003,157
GGCCGGCTGAGCATGAACGT_004,105
GGCCGGCTGAGCATGAACGT_005,176
GGCCGGCTGAGCATGAACGT_006,36
GGCCGGCTGAGCATGAACGT_007,187
GGCCGGCTGAGCATGAACGT_008,83
GGCCGGCTGAGCATGAACGT_009,153
GGCCGGCTGAGCATGAACGT_010,49
GGCCGGCTGAGCATGAACGT_011,90
GGCCGGCTGAGCATGAACGT_012,165
GGCCGGCTGAGCATGAACGT_013,121
GGCCGGCTGAGCATGAACGT_014,121
TGGGTGTTCGTGAATGCGGG_001,160
TGGGTGTTCGTGAATGCGGG_002,73
TGGGTGTTCGTGAATGCGGG_003,127
TGGGTGTTCGTGAATGCGGG_004,8
TGGGTGTTCGTGAATGCGGG_005,3
TGGGTGTTCGTGAATGCGGG_006,29
TGGGTGTTCGTGAATGCGGG_007,48
TGGGTGTTCGTGAATGCGGG_008,24
TGGGTGTTCGTGAATGCGGG_009,16
TGGGTGTTCGTGAATGCGGG_010,149
TGGGTGTTCGTGAATGCGGG_011,78
TGGGTGTTCGTGAATGCGGG_012,29
TGGGTGTTCGTGAATGCGGG_013,4
GCTTTGGCGACTGGTCCCAG_001,149
GCTTTGGCGACTGGTCCCAG_002,172
GCTTTGGCGACTGGTCCCAG_003,118
GCTTTGGCGACTGGTCCCAG_004,152
GCTTTGGCGACTGGTCCCAG_005,22
GCTTTGGCGACTGGTCCCAG_006,100
GCTTTGGCGACTGGTCCCAG_007,193
GCTTTGGCGACTGGTCCCAG_008,103
GCTTTGGCGACTGGTCCCAG_009,197
GCTTTGGCGACTGGTCCCAG_010,17
GCTTTGGCGACTGGTCCCAG_011,82
GCTTTGGCGACTGGTCCCAG_012,68
GCTTTGGCGACTGGTCCCAG_013,175
GCTTTGGCGACTGGTCCCAG_014,124
GCTTTGGCGACTGGTCCCAG_015,57
GCTTTGGCGACTGGTCCCAG_016,118
GCTTTGGCGACTGGTCCCAG_017,19
AAATATATTTGATTACTGCA_001,2
AAATATATTTGATTACTGCA_002,1
AAATATATTTGATTACTGCA_003,160
AAATATATTTGATTACTGCA_004,46
CTACCAAGTAGACACACTCA_001,172
CTACCAAGTAGACACACTCA_002,76
CTACCAAGTAGACACACTCA_003,117
CCAGCCAGCGAAATCCAGTG_001,16
CCAGCCAGCGAAATCCAGTG_002,46
CCAGCCAGCGAAATCCAGTG_003,84
CCAGCCAGCGAAATCCAGTG_004,129
CCAGCCAGCGAAATCCAGTG_005,27
CCAGCCAGCGAAATCCAGTG_006,137
CCAGCCAGCGAAATCCAGTG_007,165
CGGTGCTCGGGCTACCCGGG_001,146
CGGTGCTCGGGCTACCCGGG_002,77
CGGTGCTCGGGCTACCCGGG_003,139
CGGTGCTCGGGCTACCCGGG_004,6
CGGTGCTCGGGCTACCCGGG_005,41
CGGTGCTCGGGCTACCCGGG_006,145
CGGTGCTCGGGCTACCCGGG_007,115
CGGTGCTCGGGCTACCCGGG_008,28
CGGTGCTCGGGCTACCCGGG_009,46
CGGTGCTCGGGCTACCCGGG_010,57
ATGGACATACCGCTGTTCCG_001,129
ATGGACATACCGCTGTTCCG_002,15
ATGGACATACCGCTGTTCCG_003,19
ATGGACATACCGCTGTTCCG_004,147
ATGGACATACCGCTGTTCCG_005,160
ATGGACATACCGCTGTTCCG_006,126
ATGGACATACCGCTGTTCCG_007,39
ATGGACATACCGCTGTTCCG_008,10
ATGGACATACCGCTGTTCCG_009,161
ATGGACATACCGCTGTTCCG_010,70
ATGGACATACCGCTGTTCCG_011,19
ATGGACATACCGCTGTTCCG_012,56
TGATGTCTGAAGAGGAGTGG_001,107
TGATGTCTGAAGAGGAGTGG_002,105
TGATGTCTGAAGAGGAGTGG_003,138
TGATGTCTGAAGAGGAGTGG_004,69
TGATGTCTGAAGAGGAGTGG_005,65
TGATGTCTGAAGAGGAGTGG_006,13
TGATGTCTGAAGAGGAGTGG_007,16
TGATGTCTGAAGAGGAGTGG_008,145
TGATGTCTGAAGAGGAGTGG_009,52
TGATGTCTGAAGAGGAGTGG_010,190
TGATGTCTGAAGAGGAGTGG_011,188
TGATGTCTGAAGAGGAGTGG_012,24
TGATGTCTGAAGAGGAGTGG_013,79
TGATGTCTGAAGAGGAGTGG_014,10
CCTCAAACTAGCAACTGTAC_001,70
CCTCAAACTAGCAACTGTAC_002,162
TGTACGCCCGGCATTACGCG_001,191
TGTACGCCCGGCATTACGCG_002,20
TGTACGCCCGGCATTACGCG_003,195
TGTACGCCCGGCATTACGCG_004,1
TGTACGCCCGGCATTACGCG_005,128
TGTACGCCCGGCATTACGCG_006,168
TGTACGCCCGGCATTACGCG_007,77
TGTACGCCCGGCATTACGCG_008,27
TGTACGCCCGGCATTACGCG_009,60
TGTACGCCCGGCATTACGCG_010,193
ACCACCAAAGCTGTAGCCCA_001,193
ACCACCAAAGCTGTAGCCCA_002,14
ACCACCAAAGCTGTAGCCCA_003,94
ACCACCAAAGCTGTAGCCCA_004,152
ACCACCAAAGCTGTAGCCCA_005,185
ACCACCAAAGCTGTAGCCCA_006,154
ACCACCAAAGCTGTAGCCCA_007,92
ACCACCAAAGCTGTAGCCCA_008,61
ACCACCAAAGCTGTAGCCCA_009,134
ACCACCAAAGCTGTAGCCCA_010,42
ACCACCAAAGCTGTAGCCCA_011,137
ACCACCAAAGCTGTAGCCCA_012,107
ACCACCAAAGCTGTAGCCCA_013,104
ACCACCAAAGCTGTAGCCCA_014,172
ACCACCAAAGCTGTAGCCCA_015,96
ACCACCAAAGCTGTAGCCCA_016,95
ACCACCAAAGCTGTAGCCCA_017,91
ACCACCAAAGCTGTAGCCCA_018,181
ACCACCAAAGCTGTAGCCCA_019,11
ACCACCAAAGCTGTAGCCCA_020,172
ACCACCAAAGCTGTAGCCCA_021,63
ACCACCAAAGCTGTAGCCCA_022,129
ACCACCAAAGCTGTAGCCCA_023,123
ACCACCAAAGCTGTAGCCCA_024,50
ACCACCAAAGCTGTAGCCCA_025,16
ACCACCAAAGCTGTAGCCCA_026,63
ACCACCAAAGCTGTAGCCCA_027,142
CACTGTACTGGGTTCTTTGG_001,161
CACTGTACTGGGTTCTTTGG_002,87
CACTGTACTGGGTTCTTTGG_003,28
CACTGTACTGGGTTCTTTGG_004,66
GGTTTATACTGAGTACACCT_001,59
GGTTTATACTGAGTACACCT_002,65
GGTTTATACTGAGTACACCT_003,159
GGTTTATACTGAGTACACCT_004,8
GGTTTATACTGAGTACACCT_005,185
CTGCCATTCAACTTACCCAA_001,144
CTGCCATTCAACTTACCCAA_002,122
CTGCCATTCAACTTACCCAA_003,29
CTGCCATTCAACTTACCCAA_004,105
GCGGGCCCGCCAGTTCCCCG_001,126
GCGGGCCCGCCAGTTCCCCG_002,199
GCGGGCCCGCCAGTTCCCCG_003,137
GCGGGCCCGCCAGTTCCCCG_004,125
GCGGGCCCGCCAGTTCCCCG_005,149
GCGGGCCCGCCAGTTCCCCG_006,169
GCGGGCCCGCCAGTTCCCCG_007,175
GCGGGCCCGCCAGTTCCCCG_008,1
GCGGGCCCGCCAGTTCCCCG_009,162
GCGGGCCCGCCAGTTCCCCG_010,15
GCGGGCCCGCCAGTTCCCCG_011,50
GCGGGCCCGCCAGTTCCCCG_012,50
GCGGGCCCGCCAGTTCCCCG_013,62
GCGGGCCCGCCAGTTCCCCG_014,135
GCGGGCCCGCCAGTTCCCCG_015,190
GCGGGCCCGCCAGTTCCCCG_016,160
GCGGGCCCGCCAGTTCCCCG_017,162
GCGGGCCCGCCAGTTCCCCG_018,68
GCGGGCCCGCCAGTTCCCCG_019,68
GCGGGCCCGCCAGTTCCCCG_020,65
GCGGGCCCGCCAGTTCCCCG_021,134
GCGGGCCCGCCAGTTCCCCG_022,146
GCGGGCCCGCCAGTTCCCCG_023,157
GCGGGCCCGCCAGTTCCCCG_024,138
GCGGGCCCGCCAGTTCCCCG_025,138
GCGGGCCCGCCAGTTCCCCG_026,152
GCGGGCCCGCCAGTTCCCCG_027,144
GCGGGCCCGCCAGTTCCCCG_028,168
GCGGGCCCGCCAGTTCCCCG_029,198
GCGGGCCCGCCAGTTCCCCG_030,3
GCGGGCCCGCCAGTTCCCCG_031,137
GCGGGCCCGCCAGTTCCCCG_032,144
TCCTTCCAAGGACAGCGCAA_001,140
TCCTTCCAAGGACAGCGCAA_002,151
TCCTTCCAAGGACAGCGCAA_003,133
TCCTTCCAAGGACAGCGCAA_004,8
TCCTTCCAAGGACAGCGCAA_005,12
GGTGTCACCACCGCTTACCA_001,130
GGTGTCACCACCGCTTACCA_002,176
GGTGTCACCACCGCTTACCA_003,129
GGTGTCACCACCGCTTACCA_004,58
GGTGTCACCACCGCTTACCA_005,1
GGTGTCACCACCGCTTACCA_006,115
GGTGTCACCACCGCTTACCA_007,117
GGTGTCACCACCGCTTACCA_008,68
GGTGTCACCACCGCTTACCA_009,29
GGTGTCACCACCGCTTACCA_010,77
GGTGTCACCACCGCTTACCA_011,154
GGTGTCACCACCGCTTACCA_012,24
GGTGTCACCACCGCTTACCA_013,159
GGTGTCACCACCGCTTACCA_014,56
GGTGTCACCACCGCTTACCA_015,99
GGTGTCACCACCGCTTACCA_016,81
GGTGTCACCACCGCTTACCA_017,175
GGTGTCACCACCGCTTACCA_018,63
GGTGTCACCACCGCTTACCA_019,152
GGTGTCACCACCGCTTACCA_020,81
GGTGTCACCACCGCTTACCA_021,147
GGTGTCACCACCGCTTACCA_022,160
GGTGTCACCACCGCTTACCA_023,20
CACCTGAACAGGCTCCACTG_001,174
CACCTGAACAGGCTCCACTG_002,29
CACCTGAACAGGCTCCACTG_003,48
CACCTGAACAGGCTCCACTG_004,76
CACCTGAACAGGCTCCACTG_005,12
CACCTGAACAGGCTCCACTG_006,159
CACCTGAACAGGCTCCACTG_007,130
CACCTGAACAGGCTCCACTG_008,146
CACCTGAACAGGCTCCACTG_009,188
CACCTGAACAGGCTCCACTG_010,43
CACCTGAACAGGCTCCACTG_011,15
CACCTGAACAGGCTCCACTG_012,169
CACCTGAACAGGCTCCACTG_013,49
CACCTGAACAGGCTCCACTG_014,41
CACCTGAACAGGCTCCACTG_015,169
CACCTGAACAGGCTCCACTG_016,162
CACCTGAACAGGCTCCACTG_017,176
CACCTGAACAGGCTCCACTG_018,30
CACCTGAACAGGCTCCACTG_019,20
CACCTGAACAGGCTCCACTG_020,9
CACCTGAACAGGCTCCACTG_021,48
CACCTGAACAGGCTCCACTG_022,157
CACCTGAACAGGCTCCACTG_023,191
CACCTGAACAGGCTCCACTG_024,119
CACCTGAACAGGCTCCACTG_025,4
CACCTGAACAGGCTCCACTG_026,4
CACCTGAACAGGCTCCACTG_027,114
CACCTGAACAGGCTCCACTG_028,127
CACCTGAACAGGCTCCACTG_029,33
CACCTGAACAGGCTCCACTG_030,28
CACCTGAACAGGCTCCACTG_031,43
CACCTGAACAGGCTCCACTG_032,34
CACCTGAACAGGCTCCACTG_033,6
CACCTGAACAGGCTCCACTG_034,46
CACCTGAACAGGCTCCACTG_035,104
TCCGCTGCATCTCTCTAACG_001,132
CAGGGGCCTTCGGATCACCA_001,48
CAGGGGCCTTCGGATCACCA_002,132
CAGGGGCCTTCGGATCACCA_003,141
CTGTCCATGGTACCGTAAGG_001,113
CTGTCCATGGTACCGTAAGG_002,42
GAATCTTTACCCTATAGACG_001,48
GAATCTTTACCCTATAGACG_002,69
GACCCGCCGTAAAACACTGG_001,163
GACCCGCCGTAAAACACTGG_002,176
GACCCGCCGTAAAACACTGG_003,129
GACCCGCCGTAAAACACTGG_004,158
GACCCGCCGTAAAACACTGG_005,8
GACCCGCCGTAAAACACTGG_006,137
GACCCGCCGTAAAACACTGG_007,48
GACCCGCCGTAAAACACTGG_008,94
GACCCGCCGTAAAACACTGG_009,175
GACCCGCCGTAAAACACTGG_010,81
GACCCGCCGTAAAACACTGG_011,34
GACCCGCCGTAAAACACTGG_012,41
GACCCGCCGTAAAACACTGG_013,111
GACCCGCCGTAAAACACTGG_014,15
GACCCGCCGTAAAACACTGG_015,39
GACCCGCCGTAAAACACTGG_016,52
GACCCGCCGTAAAACACTGG_017,14
ACCAGTTAAAGACCCTGCAG_001,81
ACCAGTTAAAGACCCTGCAG_002,174
ACCAGTTAAAGACCCTGCAG_003,69
ACCAGTTAAAGACCCTGCAG_004,5
ACCAGTTAAAGACCCTGCAG_005,182
ACCAGTTAAAGACCCTGCAG_006,114
ACCAGTTAAAGACCCTGCAG_007,178
ACCAGTTAAAGACCCTGCAG_008,69
ACCAGTTAAAGACCCTGCAG_009,135
CACCTTAAAGTCCTCCAGCA_001,183
CACCTTAAAGTCCTCCAGCA_002,117
CACCTTAAAGTCCTCCAGCA_003,40
CACCTTAAAGTCCTCCAGCA_004,49
CACCTTAAAGTCCTCCAGCA_005,48
CACCTTAAAGTCCTCCAGCA_006,12
CACCTTAAAGTCCTCCAGCA_007,68
CACCTTAAAGTCCTCCAGCA_008,51
CACCTTAAAGTCCTCCAGCA_009,193
CACCTTAAAGTCCTCCAGCA_010,42
CCATTAAACTGGACAAACTG_001,48
CCATTAAACTGGACAAACTG_002,44
CCATTAAACTGGACAAACTG_003,44
CCATTAAACTGGACAAACTG_004,185
CCATTAAACTGGACAAACTG_005,94
CCATTAAACTGGACAAACTG_006,148
CCATTAAACTGGACAAACTG_007,142
CCATTAAACTGGACAAACTG_008,181
CCATTAAACTGGACAAACTG_009,182
CCATTAAACTGGACAAACTG_010,74
CCATTAAACTGGACAAACTG_011,6
CCATTAAACTGGACAAACTG_012,98
CCATTAAACTGGACAAACTG_013,197
CCATTAAACTGGACAAACTG_014,27
CCATTAAACTGGACAAACTG_015,195
CCATTAAACTGGACAAACTG_016,144
CCATTAAACTGGACAAACTG_017,33
CCATTAAACTGGACAAACTG_018,188
CCATTAAACTGGACAAACTG_019,183
CCATTAAACTGGACAAACTG_020,38
CTACAAAGACCACGTCACTG_001,55
CTACAAAGACCACGTCACTG_002,53
CTACAAAGACCACGTCACTG_003,41
CTACAAAGACCACGTCACTG_004,43
CTACAAAGACCACGTCACTG_005,125
CTACAAAGACCACGTCACTG_006,191
CTACAAAGACCACGTCACTG_007,60
CTACAAAGACCACGTCACTG_008,89
CTACAAAGACCACGTCACTG_009,83
CTACAAAGACCACGTCACTG_010,95
CTACAAAGACCACGTCACTG_011,127
CTACAAAGACCACGTCACTG_012,60
CTACAAAGACCACGTCACTG_013,22
CTACAAAGACCACGTCACTG_014,173
CTACAAAGACCACGTCACTG_015,10
ACTACGATGATAGACTAGAG_001,122
ACTACGATGATAGACTAGAG_002,2
ACTACGATGATAGACTAGAG_003,190
ACTACGATGATAGACTAGAG_004,115
ACTACGATGATAGACTAGAG_005,147
ACTACGATGATAGACTAGAG_006,94
ACTACGATGATAGACTAGAG_007,76
ACTACGATGATAGACTAGAG_008,135
ACTACGATGATAGACTAGAG_009,47
ACTACGATGATAGACTAGAG_010,168
ACTACGATGATAGACTAGAG_011,43
ACTGATGAGAACCACCTGTG_001,184
ACTGATGAGAACCACCTGTG_002,102
ACTGATGAGAACCACCTGTG_003,76
ACTGATGAGAACCACCTGTG_004,117
ACTGATGAGAACCACCTGTG_005,116
ACTGATGAGAACCACCTGTG_006,150
GCTTCTTGCTCCAATCAACA_001,78
GCTTCTTGCTCCAATCAACA_002,63
GCTTCTTGCTCCAATCAACA_003,105
GCTTCTTGCTCCAATCAACA_004,161
GCTTCTTGCTCCAATCAACA_005,21
GCTTCTTGCTCCAATCAACA_006,78
GCTTCTTGCTCCAATCAACA_007,137
GCTTCTTGCTCCAATCAACA_008,18
GTTGTTTATCTGCTTCTTCG_001,124
CTGGCCCATTCCCTACGCGA_001,160
CTGGCCCATTCCCTACGCGA_002,50
CTGGCCCATTCCCTACGCGA_003,116
CTGGCCCATTCCCTACGCGA_004,82
CTGGCCCATTCCCTACGCGA_005,119
CTGGCCCATTCCCTACGCGA_006,168
CTGGCCCATTCCCTACGCGA_007,55
CTGGCCCATTCCCTACGCGA_008,48
CTGGCCCATTCCCTACGCGA_009,146
CTGGCCCATTCCCTACGCGA_010,61
CTGGCCCATTCCCTACGCGA_011,17
CTGGCCCATTCCCTACGCGA_012,88
GTCCTCCTATGAGCTTATCG_001,105
GTCCTCCTATGAGCTTATCG_002,188
GTCCTCCTATGAGCTTATCG_003,144
GTCCTCCTATGAGCTTATCG_004,169
GTCCTCCTATGAGCTTATCG_005,176
GTCCTCCTATGAGCTTATCG_006,182
GTCCTCCTATGAGCTTATCG_007,27
GTCCTCCTATGAGCTTATCG_008,37
GTCCTCCTATGAGCTTATCG_009,61
GTCCTCCTATGAGCTTATCG_010,47
GTCCTCCTATGAGCTTATCG_011,9
TCATCTGCTACTAATGTCGG_001,108
TCATCTGCTACTAATGTCGG_002,27
TCATCTGCTACTAATGTCGG_003,102
TCATCTGCTACTAATGTCGG_004,89
CCCGGACTTCTGGAACCGCG_001,78
CCCGGACTTCTGGAACCGCG_002,63
CCCGGACTTCTGGAACCGCG_003,57
CCCGGACTTCTGGAACCGCG_004,60
CCCGGACTTCTGGAACCGCG_005,9
GCCGAAGCAACTTACCATGT_001,56
GCCGAAGCAACTTACCATGT_002,98
GCCGAAGCAACTTACCATGT_003,189
GCCGAAGCAACTTACCATGT_004,144
GCCGAAGCAACTTACCATGT_005,40
GCCGAAGCAACTTACCATGT_006,36
ATTGGAGCCAGCTGTAAACA_001,84
CCTGCACACAACCTTCCCAG_001,145
CCTGCACACAACCTTCCCAG_002,15
CCTGCACACAACCTTCCCAG_003,131
CCTGCACACAACCTTCCCAG_004,4
CCTGCACACAACCTTCCCAG_005,36
CCTGCACACAACCTTCCCAG_006,160
CCTGCACACAACCTTCCCAG_007,41
CCTGCACACAACCTTCCCAG_008,24
CCTGCACACAACCTTCCCAG_009,155
CCTGCACACAACCTTCCCAG_010,17
CCTGCACACAACCTTCCCAG_011,58
CCTGCACACAACCTTCCCAG_012,104
GATGGACGGCACATATACAT_001,153
GATGGACGGCACATATACAT_002,92
GATGGACGGCACATATACAT_003,158
GATGGACGGCACATATACAT_004,8
GATGGACGGCACATATACAT_005,147
GAACGTTATGAATTAAGCCA_001,145
GAACGTTATGAATTAAGCCA_002,82
ATGGCCTGGTTACCTCAATG_001,62
ATGGCCTGGTTACCTCAATG_002,102
ATGGCCTGGTTACCTCAATG_003,53
ATGGCCTGGTTACCTCAATG_004,6
ATGGCCTGGTTACCTCAATG_005,158
ATGGCCTGGTTACCTCAATG_006,174
ATGGCCTGGTTACCTCAATG_007,36
ATGGCCTGGTTACCTCAATG_008,15
ATGGCCTGGTTACCTCAATG_009,46
ATGGCCTGGTTACCTCAATG_010,168
ATGGCCTGGTTACCTCAATG_011,180
GAGGGGCTGAAGAAGCTGAT_001,134
GAGGGGCTGAAGAAGCTGAT_002,117
GAGGGGCTGAAGAAGCTGAT_003,121
GAGGGGCTGAAGAAGCTGAT_004,129
GAGGGGCTGAAGAAGCTGAT_005,166
GAGGGGCTGAAGAAGCTGAT_006,5
GAGGGGCTGAAGAAGCTGAT_007,134
GAGGGGCTGAAGAAGCTGAT_008,63
GAGGGGCTGAAGAAGCTGAT_009,83
GAGGGGCTGAAGAAGCTGAT_010,99
GAGGGGCTGAAGAAGCTGAT_011,88
TTCAATCAAGGTCTCAACCA_001,122
TTCAATCAAGGTCTCAACCA_002,184
TTCAATCAAGGTCTCAACCA_003,6
TTCAATCAAGGTCTCAACCA_004,80
TTCAATCAAGGTCTCAACCA_005,36
TTCAATCAAGGTCTCAACCA_006,56
TTCAATCAAGGTCTCAACCA_007,156
TTCAATCAAGGTCTCAACCA_008,119
TTCAATCAAGGTCTCAACCA_009,81
TTCAATCAAGGTCTCAACCA_010,81
TTCAATCAAGGTCTCAACCA_011,184
TTCAATCAAGGTCTCAACCA_012,52
TTCAATCAAGGTCTCAACCA_013,170
TTCAATCAAGGTCTCAACCA_014,12
AAAACGGGCTTATCATTGTG_001,184
AAAACGGGCTTATCATTGTG_002,145
AAAACGGGCTTATCATTGTG_003,175
AAAACGGGCTTATCATTGTG_004,166
AAAACGGGCTTATCATTGTG_005,174
AAAACGGGCTTATCATTGTG_006,174
TCGAATGCACAACCTCAACT_001,130
TCGAATGCACAACCTCAACT_002,5
TCGAATGCACAACCTCAACT_003,19
TCGAATGCACAACCTCAACT_004,80
TCGAATGCACAACCTCAACT_005,161
TCGAATGCACAACCTCAACT_006,81
TCGAATGCACAACCTCAACT_007,113
TCGAATGCACAACCTCAACT_008,58
TCGAATGCACAACCTCAACT_009,2
TCGAATGCACAACCTCAACT_010,158
TCGAATGCACAACCTCAACT_011,6
TGGAGGAGAAGCATAAGGGG_001,188
TGGAGGAGAAGCATAAGGGG_002,62
TGGAGGAGAAGCATAAGGGG_003,1
TGGAGGAGAAGCATAAGGGG_004,155
TCCACTGGCAAACCCACTAG_001,184
TCCACTGGCAAACCCACTAG_002,144
TGATACCAGCCCCATTCCAA_001,48
TGATACCAGCCCCATTCCAA_002,83
TGATACCAGCCCCATTCCAA_003,122
TGATACCAGCCCCATTCCAA_004,2
TGATACCAGCCCCATTCCAA_005,89
TGATACCAGCCCCATTCCAA_006,148
TGATACCAGCCCCATTCCAA_007,157
GTACACCAAATAAACCAAGC_001,43
GTACACCAAATAAACCAAGC_002,83
GTACACCAAATAAACCAAGC_003,116
GTACACCAAATAAACCAAGC_004,81
GGGCAGCCTGGAGACCGTTG_001,25
GGGCAGCCTGGAGACCGTTG_002,68
GGGCAGCCTGGAGACCGTTG_003,100
GGGCAGCCTGGAGACCGTTG_004,199
GGGCAGCCTGGAGACCGTTG_005,41
GGGCAGCCTGGAGACCGTTG_006,198
GGGCAGCCTGGAGACCGTTG_007,62
GGGCAGCCTGGAGACCGTTG_008,182
GGGCAGCCTGGAGACCGTTG_009,43
GGGCAGCCTGGAGACCGTTG_010,194
GGGCAGCCTGGAGACCGTTG_011,93
GGGCAGCCTGGAGACCGTTG_012,6
GGGCAGCCTGGAGACCGTTG_013,48
GGGCAGCCTGGAGACCGTTG_014,34
GGGCAGCCTGGAGACCGTTG_015,2
GGGCAGCCTGGAGACCGTTG_016,82
GGGCAGCCTGGAGACCGTTG_017,130
GGGCAGCCTGGAGACCGTTG_018,141
GGGCAGCCTGGAGACCGTTG_019,33
GGGCAGCCTGGAGACCGTTG_020,44
GGGCAGCCTGGAGACCGTTG_021,77
GGGCAGCCTGGAGACCGTTG_022,94
GGGCAGCCTGGAGACCGTTG_023,79
GGGCAGCCTGGAGACCGTTG_024,120
GGGCAGCCTGGAGACCGTTG_025,34
GCAGAAGCTGCCCAGCACGC_001,127
GCAGAAGCTGCCCAGCACGC_002,169
GCAGAAGCTGCCCAGCACGC_003,73
GCAGAAGCTGCCCAGCACGC_004,7
GCAGAAGCTGCCCAGCACGC_005,96
GCAGAAGCTGCCCAGCACGC_006,50
GCAGAAGCTGCCCAGCACGC_007,157
GCAGAAGCTGCCCAGCACGC_008,189
GCAGAAGCTGCCCAGCACGC_009,119
GCAGAAGCTGCCCAGCACGC_010,174
GCAGAAGCTGCCCAGCACGC_011,37
GCAGAAGCTGCCCAGCACGC_012,43
GCAGAAGCTGCCCAGCACGC_013,62
GCAGAAGCTGCCCAGCACGC_014,28
TGTGAAGGCATTACTTCTAG_001,188
TGGAACTGTGAATAGCTCCA_001,105
ACAGGTAGTGATGAGAATTG_001,25
ACAGGTAGTGATGAGAATTG_002,184
ACAGGTAGTGATGAGAATTG_003,22
CCAGGACGAACCATTCCCCC_001,101
GCAACTTCCTGAATTCGGAA_001,82
GCAACTTCCTGAATTCGGAA_002,52
GCAACTTCCTGAATTCGGAA_003,183
GCAACTTCCTGAATTCGGAA_004,125
GCAACTTCCTGAATTCGGAA_005,150
GCAACTTCCTGAATTCGGAA_006,34
GCAACTTCCTGAATTCGGAA_007,136
GCAACTTCCTGAATTCGGAA_008,130
GCAACTTCCTGAATTCGGAA_009,134
CGTCCGCACCAACTTGAGTG_001,166
CGTCCGCACCAACTTGAGTG_002,0
CGTCCGCACCAACTTGAGTG_003,69
CGTCCGCACCAACTTGAGTG_004,169
CGTCCGCACCAACTTGAGTG_005,26
CGTCCGCACCAACTTGAGTG_006,81
CGTCCGCACCAACTTGAGTG_007,6
CGTCCGCACCAACTTGAGTG_008,36
CGTCCGCACCAACTTGAGTG_009,172
CGTCCGCACCAACTTGAGTG_010,127
CGTCCGCACCAACTTGAGTG_011,26
CGTCCGCACCAACTTGAGTG_012,77
CGTCCGCACCAACTTGAGTG_013,148
CGTCCGCACCAACTTGAGTG_014,56
CGTCCGCACCAACTTGAGTG_015,156
CGTCCGCACCAACTTGAGTG_016,68
CGTCCGCACCAACTTGAGTG_017,124
CGTCCGCACCAACTTGAGTG_018,66
CGTCCGCACCAACTTGAGTG_019,126
TCCACTAAGATGAAGAAGGG_001,180
TCCACTAAGATGAAGAAGGG_002,4
TCCACTAAGATGAAGAAGGG_003,174
TCCACTAAGATGAAGAAGGG_004,113
TCCACTAAGATGAAGAAGGG_005,144
TCCACTAAGATGAAGAAGGG_006,47
TCCACTAAGATGAAGAAGGG_007,161
TCCACTAAGATGAAGAAGGG_008,105
ATTTCATCAAAGGATTCATC_001,159
ATTTCATCAAAGGATTCATC_002,31
ATTTCATCAAAGGATTCATC_003,191
ATTTCATCAAAGGATTCATC_004,176
ATTTCATCAAAGGATTCATC_005,88
TGAGGCTGAGAAGGGCCAGT_001,134
TGAGGCTGAGAAGGGCCAGT_002,56
TGAGGCTGAGAAGGGCCAGT_003,131
TGAGGCTGAGAAGGGCCAGT_004,98
TGAGGCTGAGAAGGGCCAGT_005,90
TGAGGCTGAGAAGGGCCAGT_006,49
TGAGGCTGAGAAGGGCCAGT_007,128
TGAGGCTGAGAAGGGCCAGT_008,23
TGAGGCTGAGAAGGGCCAGT_009,192
TGAGGCTGAGAAGGGCCAGT_010,26
TGAGGCTGAGAAGGGCCAGT_011,23
TGAGGCTGAGAAGGGCCAGT_012,56
TGAGGCTGAGAAGGGCCAGT_013,86
TGAGGCTGAGAAGGGCCAGT_014,27
TGAGGCTGAGAAGGGCCAGT_015,174
TGAGGCTGAGAAGGGCCAGT_016,150
TGAGGCTGAGAAGGGCCAGT_017,40
TGAGGCTGAGAAGGGCCAGT_018,129
GTGTACCTGAAGTCGCACCA_001,87
GTGTACCTGAAGTCGCACCA_002,59
GTGTACCTGAAGTCGCACCA_003,124
GTGTACCTGAAGTCGCACCA_004,194
GTGTACCTGAAGTCGCACCA_005,78
GTGTACCTGAAGTCGCACCA_006,1
GTGTACCTGAAGTCGCACCA_007,157
GTGTACCTGAAGTCGCACCA_008,107
GTGTACCTGAAGTCGCACCA_009,184
GTGTACCTGAAGTCGCACCA_010,53
GTGTACCTGAAGTCGCACCA_011,78
GTGTACCTGAAGTCGCACCA_012,137
GTGTACCTGAAGTCGCACCA_013,183
GTGTACCTGAAGTCGCACCA_014,177
GTGTACCTGAAGTCGCACCA_015,68
GTGTACCTGAAGTCGCACCA_016,169
GTGTACCTGAAGTCGCACCA_017,65
GTGTACCTGAAGTCGCACCA_018,114
GTGTACCTGAAGTCGCACCA_019,10
GTGTACCTGAAGTCGCACCA_020,53
GTGTACCTGAAGTCGCACCA_021,53
ACATATGATGTTGTGCCTGG_001,24
ACATATGATGTTGTGCCTGG_002,24
ACATATGATGTTGTGCCTGG_003,54
ACATATGATGTTGTGCCTGG_004,24
ACATATGATGTTGTGCCTGG_005,120
ACATATGATGTTGTGCCTGG_006,198
ACATATGATGTTGTGCCTGG_007,43
ACGCACAGTACTAGGTCAGG_001,11
ACGCACAGTACTAGGTCAGG_002,147
AGGAGGAACTTGCTAAGGTG_001,8
AGGAGGAACTTGCTAAGGTG_002,198
AGGAGGAACTTGCTAAGGTG_003,25
AGGAGGAACTTGCTAAGGTG_004,16
AGGAGGAACTTGCTAAGGTG_005,29
AGGAGGAACTTGCTAAGGTG_006,35
AGGAGGAACTTGCTAAGGTG_007,48
AGGAGGAACTTGCTAAGGTG_008,90
AGGAGGAACTTGCTAAGGTG_009,107
AGGAGGAACTTGCTAAGGTG_010,49
ATCTTCCTTCGAATGTGGGA_001,8
ATCTTCCTTCGAATGTGGGA_002,100
ATCTTCCTTCGAATGTGGGA_003,193
ATCTTCCTTCGAATGTGGGA_004,176
ATCTTCCTTCGAATGTGGGA_005,2
ATCTTCCTTCGAATGTGGGA_006,199
TGGTAGGCCATACCTTCGAA_001,81
TGGTAGGCCATACCTTCGAA_002,96
TGGTAGGCCATACCTTCGAA_003,3
TGGTAGGCCATACCTTCGAA_004,195
TGGTAGGCCATACCTTCGAA_005,162
TGGTAGGCCATACCTTCGAA_006,25
TGGTAGGCCATACCTTCGAA_007,103
TGGTAGGCCATACCTTCGAA_008,199
TGGTAGGCCATACCTTCGAA_009,41
TGGTAGGCCATACCTTCGAA_010,122
TGGTAGGCCATACCTTCGAA_011,177
TGGTAGGCCATACCTTCGAA_012,2
TGGTAGGCCATACCTTCGAA_013,105
TGGTAGGCCATACCTTCGAA_014,161
TGGTAGGCCATACCTTCGAA_015,124
TGGTAGGCCATACCTTCGAA_016,155
AGAACTACAGTATGTATACG_001,19
AGAACTACAGTATGTATACG_002,43
GAGGTCCATACCCCACATTG_001,137
GGTGACCAGCTTATTCATCG_001,150
GGTGACCAGCTTATTCATCG_002,16
GGTGACCAGCTTATTCATCG_003,156
TTCACCTTAAAGCTCTGGTA_001,129
TTCACCTTAAAGCTCTGGTA_002,187
TTCACCTTAAAGCTCTGGTA_003,110
TGACTGTCAGCATCCCCCTG_001,81
TGACTGTCAGCATCCCCCTG_002,53
TGACTGTCAGCATCCCCCTG_003,34
TGACTGTCAGCATCCCCCTG_004,147
TGACTGTCAGCATCCCCCTG_005,150
TGACTGTCAGCATCCCCCTG_006,87
TGACTGTCAGCATCCCCCTG_007,88
TGACTGTCAGCATCCCCCTG_008,170
TGACTGTCAGCATCCCCCTG_009,84
TGACTGTCAGCATCCCCCTG_010,77
TGACTGTCAGCATCCCCCTG_011,10
TGACTGTCAGCATCCCCCTG_012,157
AGAGCCTCACAGGTGCACCG_001,175
AGAGCCTCACAGGTGCACCG_002,20
AGAGCCTCACAGGTGCACCG_003,121
AGAGCCTCACAGGTGCACCG_004,9
AGAGCCTCACAGGTGCACCG_005,30
AGAGCCTCACAGGTGCACCG_006,16
AGAGCCTCACAGGTGCACCG_007,94
AGAGCCTCACAGGTGCACCG_008,3
AGAGCCTCACAGGTGCACCG_009,50
AGAGCCTCACAGGTGCACCG_010,184
TGGTTCATCATGATCAACCT_001,64
TGGTTCATCATGATCAACCT_002,85
TGGTTCATCATGATCAACCT_003,83
TGGTTCATCATGATCAACCT_004,161
TGGTTCATCATGATCAACCT_005,142
TGGTTCATCATGATCAACCT_006,34
TGGTTCATCATGATCAACCT_007,44
AGGTTAAAGGATGAAGCAAG_001,93
AGGTTAAAGGATGAAGCAAG_002,127
AGGTTAAAGGATGAAGCAAG_003,8
AGGTTAAAGGATGAAGCAAG_004,87
AGGTTAAAGGATGAAGCAAG_005,36
AGGTTAAAGGATGAAGCAAG_006,64
AGGTTAAAGGATGAAGCAAG_007,51
CATGAATAAACAAAAGTGCG_001,175
CATGAATAAACAAAAGTGCG_002,45
CATGAATAAACAAAAGTGCG_003,105
CATGAATAAACAAAAGTGCG_004,98
CATGAATAAACAAAAGTGCG_005,52
TGGCTCACGTCCATCCCTTG_001,38
TGGCTCACGTCCATCCCTTG_002,81
TGGCTCACGTCCATCCCTTG_003,145
TGGCTCACGTCCATCCCTTG_004,189
TGGCTCACGTCCATCCCTTG_005,145
TGGCTCACGTCCATCCCTTG_006,58
TGGCTCACGTCCATCCCTTG_007,78
TGGCTCACGTCCATCCCTTG_008,88
TGGCTCACGTCCATCCCTTG_009,63
TGGCTCACGTCCATCCCTTG_010,188
AAAAACCTGAGAGTCAATGC_001,70
AAAAACCTGAGAGTCAATGC_002,168
AAAAACCTGAGAGTCAATGC_003,9
AAAAACCTGAGAGTCAATGC_004,149
AAAAACCTGAGAGTCAATGC_005,42
AAAAACCTGAGAGTCAATGC_006,105
AAAAACCTGAGAGTCAATGC_007,140
AAAAACCTGAGAGTCAATGC_008,141
AAAAACCTGAGAGTCAATGC_009,147
AAAAACCTGAGAGTCAATGC_010,81
AAAAACCTGAGAGTCAATGC_011,12
AAAAACCTGAGAGTCAATGC_012,122
AAAAACCTGAGAGTCAATGC_013,122
AAAAACCTGAGAGTCAATGC_014,48
GAGCACGAAGAGCGCCACCA_001,186
GAGCACGAAGAGCGCCACCA_002,151
GAGCACGAAGAGCGCCACCA_003,180
GAGCACGAAGAGCGCCACCA_004,83
GAGCACGAAGAGCGCCACCA_005,158
GAGCACGAAGAGCGCCACCA_006,91
GAGCACGAAGAGCGCCACCA_007,43
GAGCACGAAGAGCGCCACCA_008,98
GAGCACGAAGAGCGCCACCA_009,75
GAGCACGAAGAGCGCCACCA_010,52
GAGCACGAAGAGCGCCACCA_011,84
GAGCACGAAGAGCGCCACCA_012,9
GAGCACGAAGAGCGCCACCA_013,176
GAGCACGAAGAGCGCCACCA_014,10
GAGCACGAAGAGCGCCACCA_015,46
CCATTCCCGGACCTTATCAG_001,154
CCATTCCCGGACCTTATCAG_002,173
CCATTCCCGGACCTTATCAG_003,115
CCATTCCCGGACCTTATCAG_004,88
CCATTCCCGGACCTTATCAG_005,94
GACTGGTATGAATTCAGGTG_001,133
GACTGGTATGAATTCAGGTG_002,8
GACTGGTATGAATTCAGGTG_003,10
GACTGGTATGAATTCAGGTG_004,52
GACTGGTATGAATTCAGGTG_005,40
GACTGGTATGAATTCAGGTG_006,180
TTACAAAAATCCCCGCACGC_001,3
TTACAAAAATCCCCGCACGC_002,77
TTACAAAAATCCCCGCACGC_003,84
TTACAAAAATCCCCGCACGC_004,35
TTACAAAAATCCCCGCACGC_005,178
TTACAAAAATCCCCGCACGC_006,191
TTACAAAAATCCCCGCACGC_007,77
TTACAAAAATCCCCGCACGC_008,189
TTACAAAAATCCCCGCACGC_009,19
TTACAAAAATCCCCGCACGC_010,120
TTACAAAAATCCCCGCACGC_011,52
TTACAAAAATCCCCGCACGC_012,52
TTACAAAAATCCCCGCACGC_013,135
TTACAAAAATCCCCGCACGC_014,135
TTACAAAAATCCCCGCACGC_015,102
TTACAAAAATCCCCGCACGC_016,188
TTACAAAAATCCCCGCACGC_017,61
TTACAAAAATCCCCGCACGC_018,61
TTCATGACTAGAACCAGTAA_001,189
TTCATGACTAGAACCAGTAA_002,48
TTCATGACTAGAACCAGTAA_003,8
TTCATGACTAGAACCAGTAA_004,151
TTCATGACTAGAACCAGTAA_005,99
TGACATGGTAATCGTTGACA_001,20
TCAAGAAAATCTGCGTAGGT_001,90
TCAAGAAAATCTGCGTAGGT_002,36
TCAACTAGAGCTGCGGCGCG_001,115
TCAACTAGAGCTGCGGCGCG_002,154
TCAACTAGAGCTGCGGCGCG_003,113
TCAACTAGAGCTGCGGCGCG_004,150
TCAACTAGAGCTGCGGCGCG_005,80
TCAACTAGAGCTGCGGCGCG_006,188
TCAACTAGAGCTGCGGCGCG_007,104
TCAACTAGAGCTGCGGCGCG_008,162
TCAACTAGAGCTGCGGCGCG_009,170
TCAACTAGAGCTGCGGCGCG_010,70
TCAACTAGAGCTGCGGCGCG_011,97
CTGGGATACGGGATGAGCAG_001,148
CTGGGATACGGGATGAGCAG_002,178
CTGGGATACGGGATGAGCAG_003,160
CCAGCAGATCCGACAACGTG_001,120
CCAGCAGATCCGACAACGTG_002,149
CCAGCAGATCCGACAACGTG_003,110
CCAGCAGATCCGACAACGTG_004,15
CCAGCAGATCCGACAACGTG_005,199
CCAGCAGATCCGACAACGTG_006,82
CCAGCAGATCCGACAACGTG_007,83
CCAGCAGATCCGACAACGTG_008,9
CCAGCAGATCCGACAACGTG_009,134
CCAGCAGATCCGACAACGTG_010,176
CCAGCAGATCCGACAACGTG_011,98
CCAGCAGATCCGACAACGTG_012,172
CCAGCAGATCCGACAACGTG_013,95
CCAGCAGATCCGACAACGTG_014,1
CCAGCAGATCCGACAACGTG_015,58
CCAGCAGATCCGACAACGTG_016,60
CCAGCAGATCCGACAACGTG_017,1
CCAGCAGATCCGACAACGTG_018,160
CCAGCAGATCCGACAACGTG_019,174
CCAGCAGATCCGACAACGTG_020,17
CCAGCAGATCCGACAACGTG_021,16
CCAGCAGATCCGACAACGTG_022,63
CCAGCAGATCCGACAACGTG_023,149
CTTCCAGCTCCTTGACGTTG_001,181
CTTCCAGCTCCTTGACGTTG_002,102
CTTCCAGCTCCTTGACGTTG_003,183
CTTCCAGCTCCTTGACGTTG_004,70
CTTCCAGCTCCTTGACGTTG_005,113
CTTCCAGCTCCTTGACGTTG_006,68
CTTCCAGCTCCTTGACGTTG_007,98
CTTCCAGCTCCTTGACGTTG_008,40
CTTCCAGCTCCTTGACGTTG_009,82
CTTCCAGCTCCTTGACGTTG_010,82
CTTCCAGCTCCTTGACGTTG_011,113
CTTCCAGCTCCTTGACGTTG_012,25
CTTCCAGCTCCTTGACGTTG_013,138
CTTCCAGCTCCTTGACGTTG_014,145
CTTCCAGCTCCTTGACGTTG_015,2
CTTCCAGCTCCTTGACGTTG_016,48
CTTCCAGCTCCTTGACGTTG_017,187
CTTCCAGCTCCTTGACGTTG_018,148
CTTCCAGCTCCTTGACGTTG_019,62
TCGTCCTGAGAGAAACACAT_001,100
TCGTCCTGAGAGAAACACAT_002,84
TCGTCCTGAGAGAAACACAT_003,105
TCGTCCTGAGAGAAACACAT_004,127
TCGTCCTGAGAGAAACACAT_005,119
TCGTCCTGAGAGAAACACAT_006,43
TCGTCCTGAGAGAAACACAT_007,142
TCGTCCTGAGAGAAACACAT_008,48
TCGTCCTGAGAGAAACACAT_009,78
TCGTCCTGAGAGAAACACAT_010,115
TCGTCCTGAGAGAAACACAT_011,56
TCGTCCTGAGAGAAACACAT_012,79
TCGTCCTGAGAGAAACACAT_013,98
TCGTCCTGAGAGAAACACAT_014,17
TCGTCCTGAGAGAAACACAT_015,128
TCGTCCTGAGAGAAACACAT_016,136
TCGTCCTGAGAGAAACACAT_017,102
TCGTCCTGAGAGAAACACAT_018,103
TCGTCCTGAGAGAAACACAT_019,168
ATTATCGGAGTGAAGGATGG_001,105
ATTATCGGAGTGAAGGATGG_002,41
ATTATCGGAGTGAAGGATGG_003,194
ATTATCGGAGTGAAGGATGG_004,108
ATTATCGGAGTGAAGGATGG_005,7
ATTATCGGAGTGAAGGATGG_006,1
ATTATCGGAGTGAAGGATGG_007,119
ATTATCGGAGTGAAGGATGG_008,170
ATTATCGGAGTGAAGGATGG_009,9
ATTATCGGAGTGAAGGATGG_010,30
ATTATCGGAGTGAAGGATGG_011,195
ATTATCGGAGTGAAGGATGG_012,69
ATTATCGGAGTGAAGGATGG_013,0
ATTATCGGAGTGAAGGATGG_014,149
ATTATCGGAGTGAAGGATGG_015,108
ATTATCGGAGTGAAGGATGG_016,13
ATTATCGGAGTGAAGGATGG_017,0
ATTATCGGAGTGAAGGATGG_018,33
ATTATCGGAGTGAAGGATGG_019,88
ATTATCGGAGTGAAGGATGG_020,114
ATTATCGGAGTGAAGGATGG_021,171
ATTATCGGAGTGAAGGATGG_022,13
TCTGGCGGTAGCGCTTGACT_001,198
TCTGGCGGTAGCGCTTGACT_002,69
TCTGGCGGTAGCGCTTGACT_003,154
TCTGGCGGTAGCGCTTGACT_004,188
TCTGGCGGTAGCGCTTGACT_005,153
TCTGGCGGTAGCGCTTGACT_006,141
TCTGGCGGTAGCGCTTGACT_007,65
TCTGGCGGTAGCGCTTGACT_008,10
TCTGGCGGTAGCGCTTGACT_009,64
CATGCCAGTTCACAGCAGTG_001,99
CATGCCAGTTCACAGCAGTG_002,116
CATGCCAGTTCACAGCAGTG_003,146
CATGCCAGTTCACAGCAGTG_004,48
CATGCCAGTTCACAGCAGTG_005,134
CATGCCAGTTCACAGCAGTG_006,23
CATGCCAGTTCACAGCAGTG_007,131
CATGCCAGTTCACAGCAGTG_008,152
CATGCCAGTTCACAGCAGTG_009,144
CATGCCAGTTCACAGCAGTG_010,150
CATGCCAGTTCACAGCAGTG_011,104
CATGCCAGTTCACAGCAGTG_012,33
CATGCCAGTTCACAGCAGTG_013,121
CCTCCTTCCTCGCGTTCCGG_001,120
CCTCCTTCCTCGCGTTCCGG_002,16
CCTCCTTCCTCGCGTTCCGG_003,158
CCTCCTTCCTCGCGTTCCGG_004,133
CCTCCTTCCTCGCGTTCCGG_005,102
CCTCCTTCCTCGCGTTCCGG_006,110
CCTCCTTCCTCGCGTTCCGG_007,140
CCTCCTTCCTCGCGTTCCGG_008,192
CCTCCTTCCTCGCGTTCCGG_009,158
CCTCCTTCCTCGCGTTCCGG_010,34
CCTCCTTCCTCGCGTTCCGG_011,110
CCTCCTTCCTCGCGTTCCGG_012,121
CCTCCTTCCTCGCGTTCCGG_013,147
CCTCCTTCCTCGCGTTCCGG_014,144
ACACCGGTGAGGTATATCGG_001,42
GATGACGTAGACCCTCAACA_001,172
GATGACGTAGACCCTCAACA_002,20
GATGACGTAGACCCTCAACA_003,71
GATGACGTAGACCCTCAACA_004,113
GATGACGTAGACCCTCAACA_005,20
GATGACGTAGACCCTCAACA_006,7
GATGACGTAGACCCTCAACA_007,168
GATGACGTAGACCCTCAACA_008,70
CATTGCGATCAAACCAGATG_001,148
CATTGCGATCAAACCAGATG_002,132
CATTGCGATCAAACCAGATG_003,123
CATTGCGATCAAACCAGATG_004,89
CATTGCGATCAAACCAGATG_005,113
CATTGCGATCAAACCAGATG_006,23
GCTACTCTTTGATTATGACA_001,70
GCTACTCTTTGATTATGACA_002,168
GCTACTCTTTGATTATGACA_003,77
GCTACTCTTTGATTATGACA_004,19
GCTACTCTTTGATTATGACA_005,106
GCTACTCTTTGATTATGACA_006,77
TCTTCGACTTCATCACGGAA_001,45
TCTTCGACTTCATCACGGAA_002,154
TCTTCGACTTCATCACGGAA_003,171
TCTTCGACTTCATCACGGAA_004,184
TCTTCGACTTCATCACGGAA_005,65
TCTTCGACTTCATCACGGAA_006,146
TCTTCGACTTCATCACGGAA_007,188
TCTTCGACTTCATCACGGAA_008,172
TCTTCGACTTCATCACGGAA_009,74
TCTTCGACTTCATCACGGAA_010,146
TCTTCGACTTCATCACGGAA_011,107
TCTTCGACTTCATCACGGAA_012,76
TCTTCGACTTCATCACGGAA_013,155
TCTTCGACTTCATCACGGAA_014,67
TCTTCGACTTCATCACGGAA_015,105
CTGAGTCCCCCCATTCCATG_001,28
CTGAGTCCCCCCATTCCATG_002,180
CTGAGTCCCCCCATTCCATG_003,158
CTGAGTCCCCCCATTCCATG_004,145
CTGAGTCCCCCCATTCCATG_005,172
CTGAGTCCCCCCATTCCATG_006,136
CTGAGTCCCCCCATTCCATG_007,134
CTGAGTCCCCCCATTCCATG_008,192
CTGAGTCCCCCCATTCCATG_009,140
CTGAGTCCCCCCATTCCATG_010,62
CTGAGTCCCCCCATTCCATG_011,134
CTGAGTCCCCCCATTCCATG_012,70
CTGAGTCCCCCCATTCCATG_013,97
CTGAGTCCCCCCATTCCATG_014,150
CTGAGTCCCCCCATTCCATG_015,45
CTGAGTCCCCCCATTCCATG_016,151
CTGAGTCCCCCCATTCCATG_017,158
CTGAGTCCCCCCATTCCATG_018,155
CTGAGTCCCCCCATTCCATG_019,96
CTGAGTCCCCCCATTCCATG_020,152
CTGAGTCCCCCCATTCCATG_021,172
CTGAGTCCCCCCATTCCATG_022,94
CTGAGTCCCCCCATTCCATG_023,30
CTGAGTCCCCCCATTCCATG_024,22
CTGAGTCCCCCCATTCCATG_025,5
CTGAGTCCCCCCATTCCATG_026,19
CTGAGTCCCCCCATTCCATG_027,127
CTGAGTCCCCCCATTCCATG_028,65
CTGAGTCCCCCCATTCCATG_029,15
CTGAGTCCCCCCATTCCATG_030,104
CTGAGTCCCCCCATTCCATG_031,16
CTGAGTCCCCCCATTCCATG_032,136
CTGAGTCCCCCCATTCCATG_033,41
CTGAGTCCCCCCATTCCATG_034,181
CTGAGTCCCCCCATTCCATG_035,144
CTGAGTCCCCCCATTCCATG_036,73
CTGAGTCCCCCCATTCCATG_037,3
CTGAGTCCCCCCATTCCATG_038,9
CTGAGTCCCCCCATTCCATG_039,37
CTGAGTCCCCCCATTCCATG_040,151
CTGAGTCCCCCCATTCCATG_041,190
CTGAGTCCCCCCATTCCATG_042,123
CTGAGTCCCCCCATTCCATG_043,77
CTGAGTCCCCCCATTCCATG_044,149
CTGAGTCCCCCCATTCCATG_045,186
CTGAGTCCCCCCATTCCATG_046,158
CTGAGTCCCCCCATTCCATG_047,197
CGTTCAGGGCATAATCGCCG_001,84
CGTTCAGGGCATAATCGCCG_002,17
CGTTCAGGGCATAATCGCCG_003,9
CGTTCAGGGCATAATCGCCG_004,174
CGTTCAGGGCATAATCGCCG_005,15
CGTTCAGGGCATAATCGCCG_006,106
CGTTCAGGGCATAATCGCCG_007,10
CCACAAAGAGGGAATACTCA_001,17
CCACAAAGAGGGAATACTCA_002,1
CCACAAAGAGGGAATACTCA_003,106
GCAGTTAGTCCCAAAATGCG_001,171
TGGTGGACAACCCGCACTCG_001,120
TGGTGGACAACCCGCACTCG_002,144
TGGTGGACAACCCGCACTCG_003,137
TGGTGGACAACCCGCACTCG_004,171
TGGTGGACAACCCGCACTCG_005,77
TGGTGGACAACCCGCACTCG_006,103
TGGTGGACAACCCGCACTCG_007,191
TGGTGGACAACCCGCACTCG_008,42
TGGTGGACAACCCGCACTCG_009,61
TGGTGGACAACCCGCACTCG_010,113
TGGTGGACAACCCGCACTCG_011,52
TGGTGGACAACCCGCACTCG_012,133
TGGTGGACAACCCGCACTCG_013,191
TAATAAGCAGCCCCCCCAGA_001,69
TAATAAGCAGCCCCCCCAGA_002,144
TAATAAGCAGCCCCCCCAGA_003,168
TCCCTTACTTTCCACGACTG_001,81
TCCCTTACTTTCCACGACTG_002,105
TCCCTTACTTTCCACGACTG_003,95
TCCCTTACTTTCCACGACTG_004,40
TCCCTTACTTTCCACGACTG_005,63
TCCCTTACTTTCCACGACTG_006,19
TCCCTTACTTTCCACGACTG_007,165
TCCCTTACTTTCCACGACTG_008,28
TCCCTTACTTTCCACGACTG_009,88
TTCCTAGAGTTGGCAGACGC_001,62
TTCCTAGAGTTGGCAGACGC_002,29
TTCCTAGAGTTGGCAGACGC_003,51
TTCCTAGAGTTGGCAGACGC_004,150
TTCCTAGAGTTGGCAGACGC_005,13
TTCCTAGAGTTGGCAGACGC_006,199
TTCCTAGAGTTGGCAGACGC_007,116
TTCCTAGAGTTGGCAGACGC_008,154
TTCCTAGAGTTGGCAGACGC_009,122
TTCCTAGAGTTGGCAGACGC_010,45
TTCCTAGAGTTGGCAGACGC_011,69
TTCCTAGAGTTGGCAGACGC_012,133
TTCCTAGAGTTGGCAGACGC_013,69
TTCCTAGAGTTGGCAGACGC_014,124
TTCCTAGAGTTGGCAGACGC_015,162
TTCCTAGAGTTGGCAGACGC_016,29
TTCCTAGAGTTGGCAGACGC_017,144
TTCCTAGAGTTGGCAGACGC_018,78
TTCCTAGAGTTGGCAGACGC_019,9
TTCCTAGAGTTGGCAGACGC_020,82
TTCCTAGAGTTGGCAGACGC_021,93
TTCCTAGAGTTGGCAGACGC_022,155
TTCCTAGAGTTGGCAGACGC_023,62
TTCCTAGAGTTGGCAGACGC_024,168
TTCCTAGAGTTGGCAGACGC_025,160
TTCCTAGAGTTGGCAGACGC_026,190
TTCCTAGAGTTGGCAGACGC_027,44
ACCTCGCGCCGGTTCCAGCG_001,15
ACCTCGCGCCGGTTCCAGCG_002,46
ACCTCGCGCCGGTTCCAGCG_003,198
ACCTCGCGCCGGTTCCAGCG_004,29
ACCTCGCGCCGGTTCCAGCG_005,127
ACCTCGCGCCGGTTCCAGCG_006,147
CGGGGAGCTGCCATACACGG_001,130
CGGGGAGCTGCCATACACGG_002,41
CGGGGAGCTGCCATACACGG_003,75
CGGGGAGCTGCCATACACGG_004,161
CGGGGAGCTGCCATACACGG_005,180
CGGGGAGCTGCCATACACGG_006,112
CCTGCGGCGACATCCCACGG_001,96
CCTGCGGCGACATCCCACGG_002,19
CCTGCGGCGACATCCCACGG_003,146
CCTGCGGCGACATCCCACGG_004,182
CCTGCGGCGACATCCCACGG_005,94
CCTGCGGCGACATCCCACGG_006,192
CCTGCGGCGACATCCCACGG_007,48
ATTGTCGCAGAAGATATCCG_001,122
ATTGTCGCAGAAGATATCCG_002,17
ATTGTCGCAGAAGATATCCG_003,48
ATTGTCGCAGAAGATATCCG_004,104
ATTGTCGCAGAAGATATCCG_005,7
ATTGTCGCAGAAGATATCCG_006,94
ATTGTCGCAGAAGATATCCG_007,50
ATTGTCGCAGAAGATATCCG_008,8
ATTGTCGCAGAAGATATCCG_009,175
GAAGCCCAGCCCGAGAAGAG_001,170
GAAGCCCAGCCCGAGAAGAG_002,163
GAAGCCCAGCCCGAGAAGAG_003,29
GAAGCCCAGCCCGAGAAGAG_004,41
GAAGCCCAGCCCGAGAAGAG_005,130
GAAGCCCAGCCCGAGAAGAG_006,9
GAAGCCCAGCCCGAGAAGAG_007,61
GAAGCCCAGCCCGAGAAGAG_008,81
GAAGCCCAGCCCGAGAAGAG_009,120
GAAGCCCAGCCCGAGAAGAG_010,172
GAAGCCCAGCCCGAGAAGAG_011,31
GAAGCCCAGCCCGAGAAGAG_012,81
GAAGCCCAGCCCGAGAAGAG_013,77
GAAGCCCAGCCCGAGAAGAG_014,82
GAAGCCCAGCCCGAGAAGAG_015,10
GAAGCCCAGCCCGAGAAGAG_016,188
ACCAACCAGGAACAAATCCG_001,15
ACCAACCAGGAACAAATCCG_002,134
ACCAACCAGGAACAAATCCG_003,62
ACCAACCAGGAACAAATCCG_004,31
ACCAACCAGGAACAAATCCG_005,14
ACCAACCAGGAACAAATCCG_006,56
ACCAACCAGGAACAAATCCG_007,88
ACCAACCAGGAACAAATCCG_008,130
GAAGTTTGCCCGTGCCCACG_001,192
GAAGTTTGCCCGTGCCCACG_002,1
GAAGTTTGCCCGTGCCCACG_003,77
GAAGTTTGCCCGTGCCCACG_004,62
GAAGTTTGCCCGTGCCCACG_005,132
GAAGTTTGCCCGTGCCCACG_006,171
GAAGTTTGCCCGTGCCCACG_007,166
GAAGTTTGCCCGTGCCCACG_008,83
GAAGTTTGCCCGTGCCCACG_009,178
GAAGTTTGCCCGTGCCCACG_010,80
GAAGTTTGCCCGTGCCCACG_011,129
GAAGTTTGCCCGTGCCCACG_012,89
GAAGTTTGCCCGTGCCCACG_013,11
GAAGTTTGCCCGTGCCCACG_014,12
GAAGTTTGCCCGTGCCCACG_015,166
GAAGTTTGCCCGTGCCCACG_016,103
GAAGTTTGCCCGTGCCCACG_017,78
GAAGTTTGCCCGTGCCCACG_018,83
GAAGTTTGCCCGTGCCCACG_019,170
GAAGTTTGCCCGTGCCCACG_020,11
GAAGTTTGCCCGTGCCCACG_021,127
GAAGTTTGCCCGTGCCCACG_022,88
GAAGTTTGCCCGTGCCCACG_023,12
GAAGTTTGCCCGTGCCCACG_024,60
GAAGTTTGCCCGTGCCCACG_025,9
GAAGTTTGCCCGTGCCCACG_026,0
GAAGTTTGCCCGTGCCCACG_027,161
GAAGTTTGCCCGTGCCCACG_028,37
GAAGTTTGCCCGTGCCCACG_029,95
CTTGGGGTACCGGCCCACGG_001,119
CTTGGGGTACCGGCCCACGG_002,183
CTTGGGGTACCGGCCCACGG_003,57
CTTGGGGTACCGGCCCACGG_004,30
CTTGGGGTACCGGCCCACGG_005,169
CTTGGGGTACCGGCCCACGG_006,128
CTTGGGGTACCGGCCCACGG_007,180
CTTGGGGTACCGGCCCACGG_008,49
CTTGGGGTACCGGCCCACGG_009,15
GGCGGAGCTGCCAGACACGG_001,139
GGCGGAGCTGCCAGACACGG_002,70
GGCGGAGCTGCCAGACACGG_003,29
GGCGGAGCTGCCAGACACGG_004,118
GGCGGAGCTGCCAGACACGG_005,94
GGCGGAGCTGCCAGACACGG_006,120
GGCGGAGCTGCCAGACACGG_007,77
GGCGGAGCTGCCAGACACGG_008,108
GGCGGAGCTGCCAGACACGG_009,169
GGCGGAGCTGCCAGACACGG_010,144
GGCGGAGCTGCCAGACACGG_011,28
GGCGGAGCTGCCAGACACGG_012,58
GGCGGAGCTGCCAGACACGG_013,120
GGCGGAGCTGCCAGACACGG_014,61
GGCGGAGCTGCCAGACACGG_015,60
GGCGGAGCTGCCAGACACGG_016,6
GGCGGAGCTGCCAGACACGG_017,37
GGCGGAGCTGCCAGACACGG_018,147
GGTCTGAAGCTATGGCCCGT_001,152
GGTCTGAAGCTATGGCCCGT_002,188
GGTCTGAAGCTATGGCCCGT_003,158
GGTCTGAAGCTATGGCCCGT_004,23
GGTCTGAAGCTATGGCCCGT_005,16
GGTCTGAAGCTATGGCCCGT_006,172
GGTCTGAAGCTATGGCCCGT_007,170
GGTCTGAAGCTATGGCCCGT_008,88
GGTCTGAAGCTATGGCCCGT_009,90
GGTCTGAAGCTATGGCCCGT_010,39
GGTCTGAAGCTATGGCCCGT_011,101
GGTCTGAAGCTATGGCCCGT_012,52
GGTCTGAAGCTATGGCCCGT_013,56
GGTCTGAAGCTATGGCCCGT_014,145
GGTCTGAAGCTATGGCCCGT_015,58
GGTCTGAAGCTATGGCCCGT_016,151
GGTCTGAAGCTATGGCCCGT_017,127
GCTGGTGATATGGACCTGAG_001,104
GCTGGTGATATGGACCTGAG_002,102
GCTGGTGATATGGACCTGAG_003,82
GCTGGTGATATGGACCTGAG_004,132
GCTGGTGATATGGACCTGAG_005,150
GCTGGTGATATGGACCTGAG_006,172
GCTGGTGATATGGACCTGAG_007,98
GCTGGTGATATGGACCTGAG_008,179
TTTGCTATGAAACTTTGCCG_001,50
TTTGCTATGAAACTTTGCCG_002,62
TTTGCTATGAAACTTTGCCG_003,35
TTTGCTATGAAACTTTGCCG_004,42
TTTGCTATGAAACTTTGCCG_005,175
ATATACCATCGCTGTAAAGG_001,177
ATATACCATCGCTGTAAAGG_002,177
ATATACCATCGCTGTAAAGG_003,83
GATATCGGTTTGGTACCACA_001,197
GATATCGGTTTGGTACCACA_002,68
GATATCGGTTTGGTACCACA_003,106
GATATCGGTTTGGTACCACA_004,119
GATATCGGTTTGGTACCACA_005,77
GATATCGGTTTGGTACCACA_006,118
GATATCGGTTTGGTACCACA_007,72
GATATCGGTTTGGTACCACA_008,119
GATATCGGTTTGGTACCACA_009,63
GATATCGGTTTGGTACCACA_010,10
GATATCGGTTTGGTACCACA_011,130
GGAGGTCATTGAGTGAGCCA_001,66
GGAGGTCATTGAGTGAGCCA_002,1
GGAGGTCATTGAGTGAGCCA_003,162
GGAGGTCATTGAGTGAGCCA_004,57
GGAGGTCATTGAGTGAGCCA_005,45
GGAGGTCATTGAGTGAGCCA_006,42
GGAGGTCATTGAGTGAGCCA_007,171
GGAGGTCATTGAGTGAGCCA_008,127
GGAGGTCATTGAGTGAGCCA_009,86
TCTTGGGGGACAGCTAACCC_001,124
GATTGACATAGAGGTAACTG_001,80
GATTGACATAGAGGTAACTG_002,66
GATTGACATAGAGGTAACTG_003,154
GATTGACATAGAGGTAACTG_004,141
GATTGACATAGAGGTAACTG_005,60
GATTGACATAGAGGTAACTG_006,43
TGAGTCTGTCAGAGTCATCG_001,61
TGAGTCTGTCAGAGTCATCG_002,76
TGAGTCTGTCAGAGTCATCG_003,25
TGAGTCTGTCAGAGTCATCG_004,84
TGAGTCTGTCAGAGTCATCG_005,116
TGAGTCTGTCAGAGTCATCG_006,141
TGAGTCTGTCAGAGTCATCG_007,9
TGAGTCTGTCAGAGTCATCG_008,158
TGAGTCTGTCAGAGTCATCG_009,56
TGAGTCTGTCAGAGTCATCG_010,68
TGAGTCTGTCAGAGTCATCG_011,60
TGAGTCTGTCAGAGTCATCG_012,197
TGAGTCTGTCAGAGTCATCG_013,68
TGAGTCTGTCAGAGTCATCG_014,5
TGAGTCTGTCAGAGTCATCG_015,177
TGAGTCTGTCAGAGTCATCG_016,107
TGAGTCTGTCAGAGTCATCG_017,169
GGGCATCGTCCTAGAAACGG_001,170
GGGCATCGTCCTAGAAACGG_002,82
TGGCCACCTTAGCGCCGGTG_001,148
TGGCCACCTTAGCGCCGGTG_002,70
TGGCCACCTTAGCGCCGGTG_003,58
TTATGGGCTACGTGGTAGTG_001,134
TTATGGGCTACGTGGTAGTG_002,60
TTATGGGCTACGTGGTAGTG_003,76
TTATGGGCTACGTGGTAGTG_004,169
TTATGGGCTACGTGGTAGTG_005,127
TTATGGGCTACGTGGTAGTG_006,165
GGGCACAAGTTTGCACACAG_001,92
GGGCACAAGTTTGCACACAG_002,30
GGGCACAAGTTTGCACACAG_003,158
GGGCACAAGTTTGCACACAG_004,147
GGGCACAAGTTTGCACACAG_005,174
GGGCACAAGTTTGCACACAG_006,28
GGGCACAAGTTTGCACACAG_007,193
GGGCACAAGTTTGCACACAG_008,71
GGGCACAAGTTTGCACACAG_009,66
GGGCACAAGTTTGCACACAG_010,75
GGGCACAAGTTTGCACACAG_011,148
GGGCACAAGTTTGCACACAG_012,198
GGGCACAAGTTTGCACACAG_013,62
GGGCACAAGTTTGCACACAG_014,16
GGGCACAAGTTTGCACACAG_015,50
GGGCACAAGTTTGCACACAG_016,192
GGGCACAAGTTTGCACACAG_017,155
GGGCACAAGTTTGCACACAG_018,94
GGGCACAAGTTTGCACACAG_019,121
GGGCACAAGTTTGCACACAG_020,88
GGGCACAAGTTTGCACACAG_021,76
GGGCACAAGTTTGCACACAG_022,2
CTGTGAGCCTATGATTGGGC_001,188
CTGTGAGCCTATGATTGGGC_002,84
CTGTGAGCCTATGATTGGGC_003,127
CTGTGAGCCTATGATTGGGC_004,76
CTGTGAGCCTATGATTGGGC_005,43
CTGTGAGCCTATGATTGGGC_006,152
TGGGCAGAGCTTGAAATAAG_001,103
TGGGCAGAGCTTGAAATAAG_002,58
TGGGCAGAGCTTGAAATAAG_003,98
TGGGCAGAGCTTGAAATAAG_004,41
TGGGCAGAGCTTGAAATAAG_005,4
TGGGCAGAGCTTGAAATAAG_006,142
TGGGCAGAGCTTGAAATAAG_007,188
GTCTACACAGGACACCGACG_001,105
GTCTACACAGGACACCGACG_002,58
GTCTACACAGGACACCGACG_003,10
GTCTACACAGGACACCGACG_004,158
GTCTACACAGGACACCGACG_005,114
GTCTACACAGGACACCGACG_006,123
GCGGATGGTCAGAGGAACTG_001,96
GCGGATGGTCAGAGGAACTG_002,160
GCGGATGGTCAGAGGAACTG_003,57
GCGGATGGTCAGAGGAACTG_004,124
GCGGATGGTCAGAGGAACTG_005,40
GCGGATGGTCAGAGGAACTG_006,18
CTACTTACCGAAGAACAGTA_001,11
CTACTTACCGAAGAACAGTA_002,13
CTACTTACCGAAGAACAGTA_003,130
CTACTTACCGAAGAACAGTA_004,23
CTACTTACCGAAGAACAGTA_005,103
CTACTTACCGAAGAACAGTA_006,17
CTACTTACCGAAGAACAGTA_007,102
CTACTTACCGAAGAACAGTA_008,33
CTACTTACCGAAGAACAGTA_009,113
CTACTTACCGAAGAACAGTA_010,178
CTACTTACCGAAGAACAGTA_011,81
CTACTTACCGAAGAACAGTA_012,124
CTACTTACCGAAGAACAGTA_013,48
CTACTTACCGAAGAACAGTA_014,98
CTACTTACCGAAGAACAGTA_015,65
CTACTTACCGAAGAACAGTA_016,48
CTACTTACCGAAGAACAGTA_017,99
CTACTTACCGAAGAACAGTA_018,13
CTACTTACCGAAGAACAGTA_019,115
CTACTTACCGAAGAACAGTA_020,81
CTTGGCAGCTCACATGGAAC_001,27
CTTGGCAGCTCACATGGAAC_002,197
CTTGGCAGCTCACATGGAAC_003,45
CTTGGCAGCTCACATGGAAC_004,19
CTTGGCAGCTCACATGGAAC_005,2
CTTGGCAGCTCACATGGAAC_006,147
CTTGGCAGCTCACATGGAAC_007,13
CTTGGCAGCTCACATGGAAC_008,65
CTTGGCAGCTCACATGGAAC_009,141
CTTGGCAGCTCACATGGAAC_010,17
CTTGGCAGCTCACATGGAAC_011,17
CTTGGCAGCTCACATGGAAC_012,198
CTTGGCAGCTCACATGGAAC_013,102
CAAGCCAGACTCCATCACTG_001,181
CAAGCCAGACTCCATCACTG_002,37
CAAGCCAGACTCCATCACTG_003,134
CAAGCCAGACTCCATCACTG_004,107
CAAGCCAGACTCCATCACTG_005,102
CAAGCCAGACTCCATCACTG_006,50
CAAGCCAGACTCCATCACTG_007,120
CAAGCCAGACTCCATCACTG_008,41
CAAGCCAGACTCCATCACTG_009,175
CAAGCCAGACTCCATCACTG_010,105
CAAGCCAGACTCCATCACTG_011,117
CAAGCCAGACTCCATCACTG_012,5
TGTCGCCCACCCAGTAGGGC_001,40
TGTCGCCCACCCAGTAGGGC_002,114
TGTCGCCCACCCAGTAGGGC_003,106
TGTCGCCCACCCAGTAGGGC_004,133
TGTCGCCCACCCAGTAGGGC_005,19
TGCCCTGTCCTTCACCCTGG_001,120
TGCCCTGTCCTTCACCCTGG_002,115
TGCCCTGTCCTTCACCCTGG_003,49
TGCCCTGTCCTTCACCCTGG_004,149
TGCCCTGTCCTTCACCCTGG_005,106
TGCCCTGTCCTTCACCCTGG_006,64
TGCCCTGTCCTTCACCCTGG_007,146
TGCCCTGTCCTTCACCCTGG_008,134
TGCCCTGTCCTTCACCCTGG_009,157
TGCCCTGTCCTTCACCCTGG_010,157
TGCCCTGTCCTTCACCCTGG_011,141
TGCCCTGTCCTTCACCCTGG_012,19
TGCCCTGTCCTTCACCCTGG_013,137
TGCCCTGTCCTTCACCCTGG_014,29
CTCCCAAACTGACCTCTAGG_001,77
CTCCCAAACTGACCTCTAGG_002,198
CTCCCAAACTGACCTCTAGG_003,66
CATCCGAAGTCATAAACAGA_001,105
CATCCGAAGTCATAAACAGA_002,155
CATCCGAAGTCATAAACAGA_003,14
CATCCGAAGTCATAAACAGA_004,109
CATCCGAAGTCATAAACAGA_005,94
ATCTGGATCCAATATTAGTA_001,163
ATCTGGATCCAATATTAGTA_002,160
ATCTGGATCCAATATTAGTA_003,16
ATCTGGATCCAATATTAGTA_004,146
ATCTGGATCCAATATTAGTA_005,189
ATCTGGATCCAATATTAGTA_006,81
ATCTGGATCCAATATTAGTA_007,108
GGCCCAGCATGCAGACACGT_001,106
GGCCCAGCATGCAGACACGT_002,56
GGCCCAGCATGCAGACACGT_003,176
GGCCCAGCATGCAGACACGT_004,116
GGCCCAGCATGCAGACACGT_005,167
GGCCCAGCATGCAGACACGT_006,197
GGCCCAGCATGCAGACACGT_007,1
GGCCCAGCATGCAGACACGT_008,82
GCCATGGAGTGGGCACTACG_001,12
GCCATGGAGTGGGCACTACG_002,184
GCCATGGAGTGGGCACTACG_003,69
GCCATGGAGTGGGCACTACG_004,62
GCCATGGAGTGGGCACTACG_005,169
GCCATGGAGTGGGCACTACG_006,178
GCCATGGAGTGGGCACTACG_007,107
TCTGCTATGACCCTTACTCG_001,145
TCTGCTATGACCCTTACTCG_002,127
TCTGCTATGACCCTTACTCG_003,175
TCTGCTATGACCCTTACTCG_004,49
TCTGCTATGACCCTTACTCG_005,158
AAGTTGGCACACCACCTACA_001,194
AAGTTGGCACACCACCTACA_002,182
AAGTTGGCACACCACCTACA_003,50
AAGTTGGCACACCACCTACA_004,185
AAGTTGGCACACCACCTACA_005,177
AAGTTGGCACACCACCTACA_006,70
AAGTTGGCACACCACCTACA_007,147
AAGTTGGCACACCACCTACA_008,52
AAGTTGGCACACCACCTACA_009,106
AAGTTGGCACACCACCTACA_010,18
AAGTTGGCACACCACCTACA_011,106
AAGTTGGCACACCACCTACA_012,128
AAGTTGGCACACCACCTACA_013,165
AAGTTGGCACACCACCTACA_014,70
AAGTTGGCACACCACCTACA_015,63
AAGTTGGCACACCACCTACA_016,191
AAGTTGGCACACCACCTACA_017,52
GGAATCTACAGGAAACGAGA_001,27
GGAATCTACAGGAAACGAGA_002,15
ATTCGGCAGTGGTTATCGCG_001,176
ATTCGGCAGTGGTTATCGCG_002,148
ATTCGGCAGTGGTTATCGCG_003,1
ATTCGGCAGTGGTTATCGCG_004,148
ATTCGGCAGTGGTTATCGCG_005,1
ATTCGGCAGTGGTTATCGCG_006,65
ATTCGGCAGTGGTTATCGCG_007,185
ATTCGGCAGTGGTTATCGCG_008,82
ATTCGGCAGTGGTTATCGCG_009,56
ATTCGGCAGTGGTTATCGCG_010,183
ATTCGGCAGTGGTTATCGCG_011,181
ATTCGGCAGTGGTTATCGCG_012,175
ATTCGGCAGTGGTTATCGCG_013,149
ATTCGGCAGTGGTTATCGCG_014,58
GGAGCGCATACAGCTCCCAT_001,176
GGAGCGCATACAGCTCCCAT_002,56
GGAGCGCATACAGCTCCCAT_003,168
TCGCCCACGACACGTTGCGT_001,52
TCGCCCACGACACGTTGCGT_002,192
TCGCCCACGACACGTTGCGT_003,140
TCGCCCACGACACGTTGCGT_004,197
TCGCCCACGACACGTTGCGT_005,166
GGAAATGTTGTTGTAGCCCT_001,178
GGAAATGTTGTTGTAGCCCT_002,45
GGAAATGTTGTTGTAGCCCT_003,65
GGAAATGTTGTTGTAGCCCT_004,194
GGAAATGTTGTTGTAGCCCT_005,41
GGAAATGTTGTTGTAGCCCT_006,83
GGAAATGTTGTTGTAGCCCT_007,117
GGAAATGTTGTTGTAGCCCT_008,19
GGAAATGTTGTTGTAGCCCT_009,48
CTGGTACAAAGGACAACTGA_001,129
CTGGTACAAAGGACAACTGA_002,130
CTGGTACAAAGGACAACTGA_003,39
CTGGTACAAAGGACAACTGA_004,191
CTGGTACAAAGGACAACTGA_005,117
AAAGACAGGCTAAAATACAG_001,18
AAAGACAGGCTAAAATACAG_002,105
AAAGACAGGCTAAAATACAG_003,105
AAAGACAGGCTAAAATACAG_004,152
AAAGACAGGCTAAAATACAG_005,41
AAAGACAGGCTAAAATACAG_006,140
AAAGACAGGCTAAAATACAG_007,176
AAAGACAGGCTAAAATACAG_008,108
AAAGACAGGCTAAAATACAG_009,108
AAAGACAGGCTAAAATACAG_010,152
AAAGACAGGCTAAAATACAG_011,153
GTTGCAGCCTCGGAAAATTG_001,142
GTTGCAGCCTCGGAAAATTG_002,4
GTTGCAGCCTCGGAAAATTG_003,14
GTTGCAGCCTCGGAAAATTG_004,8
GTTGCAGCCTCGGAAAATTG_005,36
GTTGCAGCCTCGGAAAATTG_006,6
GCCTGCTGTGAACCTGAAGG_001,80
GCCTGCTGTGAACCTGAAGG_002,47
GCCTGCTGTGAACCTGAAGG_003,166
GCCTGCTGTGAACCTGAAGG_004,5
GCCTGCTGTGAACCTGAAGG_005,18
GCCTGCTGTGAACCTGAAGG_006,50
GCCTGCTGTGAACCTGAAGG_007,38
CTGAGTAATACATCCCCGAA_001,68
CTGAGTAATACATCCCCGAA_002,3
TTGACGATAGGTACCACACA_001,15
TTGACGATAGGTACCACACA_002,44
TTGACGATAGGTACCACACA_003,195
AGATCGTGGAGTGGAAACCA_001,63
AGATCGTGGAGTGGAAACCA_002,62
AGATCGTGGAGTGGAAACCA_003,11
AGATCGTGGAGTGGAAACCA_004,89
AGATCGTGGAGTGGAAACCA_005,123
AGATCGTGGAGTGGAAACCA_006,76
AGATCGTGGAGTGGAAACCA_007,151
AGATCGTGGAGTGGAAACCA_008,188
AGATCGTGGAGTGGAAACCA_009,111
AGATCGTGGAGTGGAAACCA_010,182
AGATCGTGGAGTGGAAACCA_011,6
AGATCGTGGAGTGGAAACCA_012,96
AGATCGTGGAGTGGAAACCA_013,34
AGATCGTGGAGTGGAAACCA_014,26
AGATCGTGGAGTGGAAACCA_015,84
AGATCGTGGAGTGGAAACCA_016,146
AGATCGTGGAGTGGAAACCA_017,3
AGATCGTGGAGTGGAAACCA_018,9
AGATCGTGGAGTGGAAACCA_019,70
AGATCGTGGAGTGGAAACCA_020,118
CCACCTGGGCAACAACGATG_001,106
CCACCTGGGCAACAACGATG_002,27
CCACCTGGGCAACAACGATG_003,103
CCACCTGGGCAACAACGATG_004,105
CCACCTGGGCAACAACGATG_005,61
CCAGCCAAGAATCCAGCCCC_001,154
CCAGCCAAGAATCCAGCCCC_002,82
CCAGCCAAGAATCCAGCCCC_003,77
CCAGCCAAGAATCCAGCCCC_004,113
ACACGGCTGAATCGAGCAGG_001,170
ACACGGCTGAATCGAGCAGG_002,137
ACACGGCTGAATCGAGCAGG_003,12
ACACGGCTGAATCGAGCAGG_004,12
ACACGGCTGAATCGAGCAGG_005,19
ACACGGCTGAATCGAGCAGG_006,198
ACACGGCTGAATCGAGCAGG_007,41
TGAAGTTAGAAGCAGCTGGG_001,60
TGAAGTTAGAAGCAGCTGGG_002,157
TGAAGTTAGAAGCAGCTGGG_003,169
TGAAGTTAGAAGCAGCTGGG_004,154
TGAAGTTAGAAGCAGCTGGG_005,49
TGAAGTTAGAAGCAGCTGGG_006,82
TGAAGTTAGAAGCAGCTGGG_007,38
TGAAGTTAGAAGCAGCTGGG_008,34
TGAAGTTAGAAGCAGCTGGG_009,80
TGAAGTTAGAAGCAGCTGGG_010,40
TGAAGTTAGAAGCAGCTGGG_011,159
TGAAGTTAGAAGCAGCTGGG_012,50
TGAAGTTAGAAGCAGCTGGG_013,198
TGAAGTTAGAAGCAGCTGGG_014,82
TGAAGTTAGAAGCAGCTGGG_015,113
TGAAGTTAGAAGCAGCTGGG_016,116
TGAAGTTAGAAGCAGCTGGG_017,134
TGAAGTTAGAAGCAGCTGGG_018,18
TGAAGTTAGAAGCAGCTGGG_019,142
TGAAGTTAGAAGCAGCTGGG_020,159
TGAAGTTAGAAGCAGCTGGG_021,150
TGAAGTTAGAAGCAGCTGGG_022,180
TGAAGTTAGAAGCAGCTGGG_023,37
TGAAGTTAGAAGCAGCTGGG_024,106
GCTGAGAGGTAGTAACGGAG_001,141
GTGGCGAGCTACGAGAACGA_001,41
GTGGCGAGCTACGAGAACGA_002,176
GTGGCGAGCTACGAGAACGA_003,38
GTGGCGAGCTACGAGAACGA_004,82
GTGGCGAGCTACGAGAACGA_005,88
GTGGCGAGCTACGAGAACGA_006,195
GTGGCGAGCTACGAGAACGA_007,195
GTGGCGAGCTACGAGAACGA_008,37
GTGGCGAGCTACGAGAACGA_009,123
GTGGCGAGCTACGAGAACGA_010,176
GTGGCGAGCTACGAGAACGA_011,184
GTGGCGAGCTACGAGAACGA_012,58
GTGGCGAGCTACGAGAACGA_013,1
GTGGCGAGCTACGAGAACGA_014,3
GTGGCGAGCTACGAGAACGA_015,39
AAGCAGCAGAGACACGCTCT_001,2
AAGCAGCAGAGACACGCTCT_002,125
AAGCAGCAGAGACACGCTCT_003,15
AAGCAGCAGAGACACGCTCT_004,150
AAGCAGCAGAGACACGCTCT_005,113
AAGCAGCAGAGACACGCTCT_006,174
AAGCAGCAGAGACACGCTCT_007,132
GGAAGACACCCCGTCAACGA_001,88
GGAAGACACCCCGTCAACGA_002,70
GGAAGACACCCCGTCAACGA_003,76
GGAAGACACCCCGTCAACGA_004,149
GGAAGACACCCCGTCAACGA_005,172
GGAAGACACCCCGTCAACGA_006,1
GGAAGACACCCCGTCAACGA_007,13
GGAAGACACCCCGTCAACGA_008,37
GGAAGACACCCCGTCAACGA_009,197
GGAAGACACCCCGTCAACGA_010,107
GGAAGACACCCCGTCAACGA_011,116
GGAAGACACCCCGTCAACGA_012,150
GGAAGACACCCCGTCAACGA_013,187
GGAAGACACCCCGTCAACGA_014,7
GGAAGACACCCCGTCAACGA_015,93
GGAAGACACCCCGTCAACGA_016,127
GGAAGACACCCCGTCAACGA_017,41
GGAAGACACCCCGTCAACGA_018,111
GGAAGACACCCCGTCAACGA_019,3
GGAAGACACCCCGTCAACGA_020,5
GGAAGACACCCCGTCAACGA_021,198
GGAAGACACCCCGTCAACGA_022,88
GGAAGACACCCCGTCAACGA_023,18
TGGAACTGTCCTGGATTGTG_001,169
TGGAACTGTCCTGGATTGTG_002,29
TGGAACTGTCCTGGATTGTG_003,45
TGGAACTGTCCTGGATTGTG_004,178
TGGAACTGTCCTGGATTGTG_005,178
TGGAACTGTCCTGGATTGTG_006,48
TGGAACTGTCCTGGATTGTG_007,188
TGGAACTGTCCTGGATTGTG_008,112
TGGAACTGTCCTGGATTGTG_009,120
TGGAACTGTCCTGGATTGTG_010,15
TGGAACTGTCCTGGATTGTG_011,93
TGGAACTGTCCTGGATTGTG_012,64
TGGAACTGTCCTGGATTGTG_013,62
TGGAACTGTCCTGGATTGTG_014,110
TGGAACTGTCCTGGATTGTG_015,199
TATAATCGTAATCCAGGCGG_001,12
TATAATCGTAATCCAGGCGG_002,87
TATAATCGTAATCCAGGCGG_003,184
ACTACAGGCGCACGGTACAG_001,100
ACTACAGGCGCACGGTACAG_002,172
ACTACAGGCGCACGGTACAG_003,45
ACTACAGGCGCACGGTACAG_004,96
ACTACAGGCGCACGGTACAG_005,144
ACTACAGGCGCACGGTACAG_006,181
ACTACAGGCGCACGGTACAG_007,113
ACTACAGGCGCACGGTACAG_008,111
ACTACAGGCGCACGGTACAG_009,88
ACTACAGGCGCACGGTACAG_010,21
ACTACAGGCGCACGGTACAG_011,68
ACTACAGGCGCACGGTACAG_012,128
ACTACAGGCGCACGGTACAG_013,133
ACTACAGGCGCACGGTACAG_014,109
ACTACAGGCGCACGGTACAG_015,109
ACTACAGGCGCACGGTACAG_016,31
ACTACAGGCGCACGGTACAG_017,147
ACTACAGGCGCACGGTACAG_018,50
ACTACAGGCGCACGGTACAG_019,193
ACTACAGGCGCACGGTACAG_020,57
ACTACAGGCGCACGGTACAG_021,134
ACTACAGGCGCACGGTACAG_022,40
ACTACAGGCGCACGGTACAG_023,103
ACTACAGGCGCACGGTACAG_024,94
ACTACAGGCGCACGGTACAG_025,112
ACTACAGGCGCACGGTACAG_026,29
ACTACAGGCGCACGGTACAG_027,48
CAAGACTCTCTGGATACTTG_001,75
CAAGACTCTCTGGATACTTG_002,89
CAAGACTCTCTGGATACTTG_003,172
GCCCACTTCAAGCACCAATG_001,190
GCCCACTTCAAGCACCAATG_002,160
GCCCACTTCAAGCACCAATG_003,9
GCCCACTTCAAGCACCAATG_004,97
GCCCACTTCAAGCACCAATG_005,88
TCAGCGGAGACAGATCAATG_001,152
TCAGCGGAGACAGATCAATG_002,17
TCAGCGGAGACAGATCAATG_003,172
TCAGCGGAGACAGATCAATG_004,76
TCAGCGGAGACAGATCAATG_005,184
TCAGCGGAGACAGATCAATG_006,168
TCAGCGGAGACAGATCAATG_007,158
TCAGCGGAGACAGATCAATG_008,140
GTCACAGATGAATTGACATG_001,184
GTCACAGATGAATTGACATG_002,169
GTCACAGATGAATTGACATG_003,147
GTCACAGATGAATTGACATG_004,169
TGATGGTGTAAAGAATCACT_001,8
AACCTCCGGTCATGACAACG_001,69
AACCTCCGGTCATGACAACG_002,98
AACCTCCGGTCATGACAACG_003,65
AACCTCCGGTCATGACAACG_004,76
AACCTCCGGTCATGACAACG_005,15
AACCTCCGGTCATGACAACG_006,57
AACCTCCGGTCATGACAACG_007,32
AACCTCCGGTCATGACAACG_008,120
AACCTCCGGTCATGACAACG_009,184
AACCTCCGGTCATGACAACG_010,43
AACCTCCGGTCATGACAACG_011,172
AACCTCCGGTCATGACAACG_012,166
ACGCACGTTCAAGTGTGACA_001,116
ACGCACGTTCAAGTGTGACA_002,162
ACGCACGTTCAAGTGTGACA_003,85
ACGCACGTTCAAGTGTGACA_004,85
ACGCACGTTCAAGTGTGACA_005,105
ACGCACGTTCAAGTGTGACA_006,54
ACGCACGTTCAAGTGTGACA_007,16
ACGCACGTTCAAGTGTGACA_008,42
ACGCACGTTCAAGTGTGACA_009,78
ACGCACGTTCAAGTGTGACA_010,62
ACGCACGTTCAAGTGTGACA_011,183
ACGCACGTTCAAGTGTGACA_012,66
ACGCACGTTCAAGTGTGACA_013,172
ACGCACGTTCAAGTGTGACA_014,134
ACGCACGTTCAAGTGTGACA_015,56
ACGCACGTTCAAGTGTGACA_016,168
ACGCACGTTCAAGTGTGACA_017,8
ACGCACGTTCAAGTGTGACA_018,141
ACGCACGTTCAAGTGTGACA_019,162
ACGCACGTTCAAGTGTGACA_020,146
ACGCACGTTCAAGTGTGACA_021,146
ACGCACGTTCAAGTGTGACA_022,14
ACGCACGTTCAAGTGTGACA_023,63
ACGCACGTTCAAGTGTGACA_024,103
ACGCACGTTCAAGTGTGACA_025,134
ACGCACGTTCAAGTGTGACA_026,35
ACGCACGTTCAAGTGTGACA_027,178
ACGCACGTTCAAGTGTGACA_028,126
ACGCACGTTCAAGTGTGACA_029,96
ACGCACGTTCAAGTGTGACA_030,158
ACGCACGTTCAAGTGTGACA_031,26
ACGCACGTTCAAGTGTGACA_032,182
ACGCACGTTCAAGTGTGACA_033,127
ACGCACGTTCAAGTGTGACA_034,127
ACGCACGTTCAAGTGTGACA_035,133
ACGCACGTTCAAGTGTGACA_036,175
ACGCACGTTCAAGTGTGACA_037,165
ACGCACGTTCAAGTGTGACA_038,10
GTTGCCACCAGATTTCTGAG_001,160
GTTGCCACCAGATTTCTGAG_002,12
GTTGCCACCAGATTTCTGAG_003,161
GTTGCCACCAGATTTCTGAG_004,77
GTTGCCACCAGATTTCTGAG_005,102
GTTGCCACCAGATTTCTGAG_006,191
GTTGCCACCAGATTTCTGAG_007,18
GTTGCCACCAGATTTCTGAG_008,39
GTTGCCACCAGATTTCTGAG_009,162
CCTGCCCAGATCTCTACCAG_001,121
CCTGCCCAGATCTCTACCAG_002,184
CCTGCCCAGATCTCTACCAG_003,184
CCTGCCCAGATCTCTACCAG_004,163
CCTGCCCAGATCTCTACCAG_005,192
CCTGCCCAGATCTCTACCAG_006,163
CCTGCCCAGATCTCTACCAG_007,121
CCTGCCCAGATCTCTACCAG_008,144
CCTGCCCAGATCTCTACCAG_009,43
CCTGCCCAGATCTCTACCAG_010,152
CCTGCCCAGATCTCTACCAG_011,163
CCTGCCCAGATCTCTACCAG_012,130
CCTGCCCAGATCTCTACCAG_013,61
CCTGCCCAGATCTCTACCAG_014,177
CCTGCCCAGATCTCTACCAG_015,4
CCTGCCCAGATCTCTACCAG_016,29
GAAGGACATGAAGAACGTCG_001,95
GAAGGACATGAAGAACGTCG_002,154
GAAGGACATGAAGAACGTCG_003,197
GAAGGACATGAAGAACGTCG_004,136
GAAGGACATGAAGAACGTCG_005,47
GAAGGACATGAAGAACGTCG_006,196
GAAGGACATGAAGAACGTCG_007,97
GAAGGACATGAAGAACGTCG_008,36
GAAGGACATGAAGAACGTCG_009,199
GAAGGACATGAAGAACGTCG_010,92
GAAGGACATGAAGAACGTCG_011,36
GAAGGACATGAAGAACGTCG_012,12
GAAGGACATGAAGAACGTCG_013,124
GAAGGACATGAAGAACGTCG_014,121
GAAGGACATGAAGAACGTCG_015,3
GTTTGGCCGTAGCGATCCGG_001,48
GTTTGGCCGTAGCGATCCGG_002,48
GTTTGGCCGTAGCGATCCGG_003,82
GTTTGGCCGTAGCGATCCGG_004,70
GTTTGGCCGTAGCGATCCGG_005,77
GTTTGGCCGTAGCGATCCGG_006,37
GTTTGGCCGTAGCGATCCGG_007,78
GTTTGGCCGTAGCGATCCGG_008,77
GTTTGGCCGTAGCGATCCGG_009,80
TGCTCCTGTTACCTTCATTG_001,105
AGGTGAAGGCCAGAAACGGA_001,8
AGGTGAAGGCCAGAAACGGA_002,58
AGGTGAAGGCCAGAAACGGA_003,155
AGGTGAAGGCCAGAAACGGA_004,198
AGGTGAAGGCCAGAAACGGA_005,152
CCCGCGCACTCACCGATCCG_001,78
CCCGCGCACTCACCGATCCG_002,29
CCCGCGCACTCACCGATCCG_003,113
CCCGCGCACTCACCGATCCG_004,58
CCCGCGCACTCACCGATCCG_005,169
CCCGCGCACTCACCGATCCG_006,145
CCCGCGCACTCACCGATCCG_007,43
CCCGCGCACTCACCGATCCG_008,96
CCCGCGCACTCACCGATCCG_009,56
CCCGCGCACTCACCGATCCG_010,61
CCCGCGCACTCACCGATCCG_011,120
CCCGCGCACTCACCGATCCG_012,17
CCCGCGCACTCACCGATCCG_013,176
CCCGCGCACTCACCGATCCG_014,187
CCCGCGCACTCACCGATCCG_015,116
TGTCCACACCCAAAAAGGCA_001,102
TGTCCACACCCAAAAAGGCA_002,15
TGTCCACACCCAAAAAGGCA_003,115
CCTCCGGGGTAACTGGCGCG_001,68
CCTCCGGGGTAACTGGCGCG_002,176
CCTCCGGGGTAACTGGCGCG_003,51
CCTCCGGGGTAACTGGCGCG_004,46
CCTCCGGGGTAACTGGCGCG_005,134
CCTCCGGGGTAACTGGCGCG_006,118
CCTCCGGGGTAACTGGCGCG_007,7
CCTCCGGGGTAACTGGCGCG_008,7
CCTCCGGGGTAACTGGCGCG_009,147
CCTCCGGGGTAACTGGCGCG_010,163
CCTCCGGGGTAACTGGCGCG_011,132
CCTCCGGGGTAACTGGCGCG_012,43
CCTCCGGGGTAACTGGCGCG_013,131
CCTCCGGGGTAACTGGCGCG_014,118
CCTCCGGGGTAACTGGCGCG_015,57
CCTCCGGGGTAACTGGCGCG_016,184
CCTCCGGGGTAACTGGCGCG_017,61
CCTCCGGGGTAACTGGCGCG_018,72
CCTCCGGGGTAACTGGCGCG_019,185
CCTCCGGGGTAACTGGCGCG_020,84
CCTCCGGGGTAACTGGCGCG_021,56
CCTCCGGGGTAACTGGCGCG_022,81
CCTCCGGGGTAACTGGCGCG_023,28
CCTCCGGGGTAACTGGCGCG_024,139
CCTCCGGGGTAACTGGCGCG_025,70
CCTCCGGGGTAACTGGCGCG_026,102
CCTCCGGGGTAACTGGCGCG_027,145
CCTCCGGGGTAACTGGCGCG_028,78
CCTCCGGGGTAACTGGCGCG_029,162
CCTCCGGGGTAACTGGCGCG_030,104
CCTCCGGGGTAACTGGCGCG_031,78
CCTCCGGGGTAACTGGCGCG_032,123
GGAGACCAGAGCTCACCGAT_001,47
GGAGACCAGAGCTCACCGAT_002,83
GGAGACCAGAGCTCACCGAT_003,58
GGAGACCAGAGCTCACCGAT_004,84
TATTGACGGCAAAAAAGTGA_001,95
TATTGACGGCAAAAAAGTGA_002,122
CGCACTGGAAGACTTCCATG_001,169
CGCACTGGAAGACTTCCATG_002,184
CGCACTGGAAGACTTCCATG_003,55
CGCACTGGAAGACTTCCATG_004,15
CGCACTGGAAGACTTCCATG_005,80
CGCACTGGAAGACTTCCATG_006,58
CGCACTGGAAGACTTCCATG_007,175
CGCACTGGAAGACTTCCATG_008,77
CGCACTGGAAGACTTCCATG_009,48
CGCACTGGAAGACTTCCATG_010,43
CGCACTGGAAGACTTCCATG_011,78
CGCACTGGAAGACTTCCATG_012,133
CGCACTGGAAGACTTCCATG_013,37
CGCACTGGAAGACTTCCATG_014,96
CGCACTGGAAGACTTCCATG_015,31
CGCACTGGAAGACTTCCATG_016,44
CGCACTGGAAGACTTCCATG_017,157
ATTCGATGCAATCTCAACAG_001,157
ATTCGATGCAATCTCAACAG_002,168
ATTCGATGCAATCTCAACAG_003,173
ATTCGATGCAATCTCAACAG_004,158
ATTCGATGCAATCTCAACAG_005,150
ATTCGATGCAATCTCAACAG_006,62
ATTCGATGCAATCTCAACAG_007,18
AATTCAATCTAAATGCTCCA_001,176
AATTCAATCTAAATGCTCCA_002,173
AATTCAATCTAAATGCTCCA_003,150
AATTCAATCTAAATGCTCCA_004,43
AATTCAATCTAAATGCTCCA_005,143
AATTCAATCTAAATGCTCCA_006,45
AATTCAATCTAAATGCTCCA_007,29
AATTCAATCTAAATGCTCCA_008,176
AATTCAATCTAAATGCTCCA_009,10
AATGCCGATTAACTTACCAG_001,72
AATGCCGATTAACTTACCAG_002,134
AATGCCGATTAACTTACCAG_003,139
AATGCCGATTAACTTACCAG_004,53
AATGCCGATTAACTTACCAG_005,101
AATGCCGATTAACTTACCAG_006,126
TGTCAGGATGCCGATCCCAG_001,92
TGTCAGGATGCCGATCCCAG_002,0
TGTCAGGATGCCGATCCCAG_003,106
GAAGCTGAACCGCATTGGAG_001,66
GAAGCTGAACCGCATTGGAG_002,152
GAAGCTGAACCGCATTGGAG_003,167
GAAGCTGAACCGCATTGGAG_004,137
GAAGCTGAACCGCATTGGAG_005,117
GAAGCTGAACCGCATTGGAG_006,78
GAAGCTGAACCGCATTGGAG_007,149
GCGACCCAGCCAATCCACAA_001,68
GCGACCCAGCCAATCCACAA_002,58
GCGACCCAGCCAATCCACAA_003,51
GCGACCCAGCCAATCCACAA_004,8
GCGACCCAGCCAATCCACAA_005,68
GCGACCCAGCCAATCCACAA_006,194
GCGACCCAGCCAATCCACAA_007,42
GCGACCCAGCCAATCCACAA_008,170
GCGACCCAGCCAATCCACAA_009,9
GCGACCCAGCCAATCCACAA_010,66
CCGATGACCAAGGACCCTGG_001,147
CCGATGACCAAGGACCCTGG_002,149
CCGATGACCAAGGACCCTGG_003,63
CCGATGACCAAGGACCCTGG_004,150
CCGATGACCAAGGACCCTGG_005,31
AGCTTGGCTCCAAAGCATCC_001,35
AGCTTGGCTCCAAAGCATCC_002,162
AGCTTGGCTCCAAAGCATCC_003,147
AGCTTGGCTCCAAAGCATCC_004,194
AGCTTGGCTCCAAAGCATCC_005,42
AGCTTGGCTCCAAAGCATCC_006,107
AGCTTGGCTCCAAAGCATCC_007,21
AGCTTGGCTCCAAAGCATCC_008,91
AGCTTGGCTCCAAAGCATCC_009,94
AGCTTGGCTCCAAAGCATCC_010,142
AGCTTGGCTCCAAAGCATCC_011,133
AGCTTGGCTCCAAAGCATCC_012,124
TGACGGAATGATTAACAGGG_001,46
TGACGGAATGATTAACAGGG_002,57
TGACGGAATGATTAACAGGG_003,42
TGACGGAATGATTAACAGGG_004,112
TGACGGAATGATTAACAGGG_005,157
TGACGGAATGATTAACAGGG_006,156
TGACGGAATGATTAACAGGG_007,135
TGACGGAATGATTAACAGGG_008,30
TGACGGAATGATTAACAGGG_009,168
TGACGGAATGATTAACAGGG_010,94
TGACGGAATGATTAACAGGG_011,11
TGACGGAATGATTAACAGGG_012,48
TGACGGAATGATTAACAGGG_013,60
TGACGGAATGATTAACAGGG_014,49
TGACGGAATGATTAACAGGG_015,137
TGACGGAATGATTAACAGGG_016,68
TGACGGAATGATTAACAGGG_017,136
TGACGGAATGATTAACAGGG_018,27
TGACGGAATGATTAACAGGG_019,20
CAAGTGAGCATAAGCGATGT_001,70
CAAGTGAGCATAAGCGATGT_002,137
CAAGTGAGCATAAGCGATGT_003,2
CAAGTGAGCATAAGCGATGT_004,158
CAAGTGAGCATAAGCGATGT_005,47
CAAGTGAGCATAAGCGATGT_006,133
CAAGTGAGCATAAGCGATGT_007,62
CAAGTGAGCATAAGCGATGT_008,197
CAAGTGAGCATAAGCGATGT_009,75
CAAGTGAGCATAAGCGATGT_010,1
CAAGTGAGCATAAGCGATGT_011,4
CAAGTGAGCATAAGCGATGT_012,190
CAAGTGAGCATAAGCGATGT_013,171
CAAGTGAGCATAAGCGATGT_014,34
CAAGTGAGCATAAGCGATGT_015,53
CAAGTGAGCATAAGCGATGT_016,88
CAAGTGAGCATAAGCGATGT_017,120
CAAGTGAGCATAAGCGATGT_018,29
CAAGTGAGCATAAGCGATGT_019,198
CAAGTGAGCATAAGCGATGT_020,75
CAAGTGAGCATAAGCGATGT_021,124
TGTGTCCAATGATAACTACA_001,178
TGTGTCCAATGATAACTACA_002,88
TGTGTCCAATGATAACTACA_003,60
TGTGTCCAATGATAACTACA_004,88
TGTGTCCAATGATAACTACA_005,48
TGTGTCCAATGATAACTACA_006,11
TGTGTCCAATGATAACTACA_007,144
TGTGTCCAATGATAACTACA_008,35
TGTGTCCAATGATAACTACA_009,28
TGTGTCCAATGATAACTACA_010,95
TCCCAGGGTCCGGCGCGTAG_001,115
TCCCAGGGTCCGGCGCGTAG_002,166
TCCCAGGGTCCGGCGCGTAG_003,150
TCCCAGGGTCCGGCGCGTAG_004,3
TCCCAGGGTCCGGCGCGTAG_005,168
TCCCAGGGTCCGGCGCGTAG_006,136
TACTGTTATAGTCCAGACCC_001,98
GAGCTACATCCAGCGTAATG_001,193
CAGTTCTGAACAGTTCACAA_001,32
CAGTTCTGAACAGTTCACAA_002,64
CAGTTCTGAACAGTTCACAA_003,63
CAGTTCTGAACAGTTCACAA_004,163
AAGTGTGCTCAAGAGCGCCG_001,53
AAGTGTGCTCAAGAGCGCCG_002,134
AAGTGTGCTCAAGAGCGCCG_003,137
AAGTGTGCTCAAGAGCGCCG_004,175
AAGTGTGCTCAAGAGCGCCG_005,94
AAGTGTGCTCAAGAGCGCCG_006,102
AAGTGTGCTCAAGAGCGCCG_007,81
AAGTGTGCTCAAGAGCGCCG_008,94
AAGTGTGCTCAAGAGCGCCG_009,23
AAGTGTGCTCAAGAGCGCCG_010,101
AAGTGTGCTCAAGAGCGCCG_011,55
AAGTGTGCTCAAGAGCGCCG_012,68
AAGTGTGCTCAAGAGCGCCG_013,69
CATAGCGGTCAACAGCCGTG_001,68
CATAGCGGTCAACAGCCGTG_002,44
CATAGCGGTCAACAGCCGTG_003,176
GACACGTCAGATACCCAGTG_001,157
GACACGTCAGATACCCAGTG_002,134
GACACGTCAGATACCCAGTG_003,74
GACACGTCAGATACCCAGTG_004,155
GACACGTCAGATACCCAGTG_005,18
GACACGTCAGATACCCAGTG_006,197
GACACGTCAGATACCCAGTG_007,78
GACACGTCAGATACCCAGTG_008,46
AGACTGAGAAGAGCCGTGTG_001,50
AGACTGAGAAGAGCCGTGTG_002,72
AGACTGAGAAGAGCCGTGTG_003,57
AGACTGAGAAGAGCCGTGTG_004,4
AGACTGAGAAGAGCCGTGTG_005,17
AGACTGAGAAGAGCCGTGTG_006,77
AGACTGAGAAGAGCCGTGTG_007,172
AGACTGAGAAGAGCCGTGTG_008,82
AGACTGAGAAGAGCCGTGTG_009,3
AGACTGAGAAGAGCCGTGTG_010,139
AGACTGAGAAGAGCCGTGTG_011,124
AGACTGAGAAGAGCCGTGTG_012,49
AGACTGAGAAGAGCCGTGTG_013,115
AGACTGAGAAGAGCCGTGTG_014,148
AGACTGAGAAGAGCCGTGTG_015,115
AGACTGAGAAGAGCCGTGTG_016,45
AGACTGAGAAGAGCCGTGTG_017,72
AGACTGAGAAGAGCCGTGTG_018,50
AGACTGAGAAGAGCCGTGTG_019,114
AGACTGAGAAGAGCCGTGTG_020,188
AGACTGAGAAGAGCCGTGTG_021,115
CCAGAGATGGTGTACACTCG_001,140
CCAGAGATGGTGTACACTCG_002,106
GTACATCGGCTACAAACCCG_001,183
GTACATCGGCTACAAACCCG_002,69
GTACATCGGCTACAAACCCG_003,157
GTACATCGGCTACAAACCCG_004,13
ATGGTGGCCATATAACCCTG_001,168
ATGGTGGCCATATAACCCTG_002,86
ATGGTGGCCATATAACCCTG_003,111
CGACGCGGAGAAGCCTGAGG_001,192
CAGGCAATTCCCAGTAACAA_001,43
CAGGCAATTCCCAGTAACAA_002,121
CAGGCAATTCCCAGTAACAA_003,86
CAGGCAATTCCCAGTAACAA_004,124
CAGGCAATTCCCAGTAACAA_005,107
CAGGCAATTCCCAGTAACAA_006,83
CAGGCAATTCCCAGTAACAA_007,185
CAGGCAATTCCCAGTAACAA_008,174
CAGGCAATTCCCAGTAACAA_009,75
CAGGCAATTCCCAGTAACAA_010,117
CAGGCAATTCCCAGTAACAA_011,55
TGAGTTTGACTCGCCCCACG_001,188
TGAGTTTGACTCGCCCCACG_002,77
TGAGTTTGACTCGCCCCACG_003,38
TGAGTTTGACTCGCCCCACG_004,188
TGAGTTTGACTCGCCCCACG_005,9
TGAGTTTGACTCGCCCCACG_006,45
TGAGTTTGACTCGCCCCACG_007,64
TGAGTTTGACTCGCCCCACG_008,64
TGAGTTTGACTCGCCCCACG_009,82
TGAGTTTGACTCGCCCCACG_010,147
TGAGTTTGACTCGCCCCACG_011,153
TGAGTTTGACTCGCCCCACG_012,172
TGAGTTTGACTCGCCCCACG_013,54
TGAGTTTGACTCGCCCCACG_014,187
TGAGTTTGACTCGCCCCACG_015,90
TGAGTTTGACTCGCCCCACG_016,15
TGAGTTTGACTCGCCCCACG_017,147
TGGACTCGAAGCGCACATCG_001,134
TGGACTCGAAGCGCACATCG_002,150
TGGACTCGAAGCGCACATCG_003,33
TGGACTCGAAGCGCACATCG_004,38
TGGACTCGAAGCGCACATCG_005,141
TGGACTCGAAGCGCACATCG_006,104
TGGACTCGAAGCGCACATCG_007,137
TGGACTCGAAGCGCACATCG_008,138
TGGACTCGAAGCGCACATCG_009,68
TGGACTCGAAGCGCACATCG_010,1
TGGACTCGAAGCGCACATCG_011,166
TGGACTCGAAGCGCACATCG_012,57
CAACCCTCGCTACCGCACCG_001,11
CAACCCTCGCTACCGCACCG_002,132
GTCCTCGGTAAACATAACTC_001,43
GTCCTCGGTAAACATAACTC_002,141
GTCCTCGGTAAACATAACTC_003,80
CCAGCTATACACCTGTACCC_001,124
TGGTGGCAATACAGTCCTGT_001,28
TGGTGGCAATACAGTCCTGT_002,18
TGGTGGCAATACAGTCCTGT_003,168
GCAGAAGCGAGTAGACATCG_001,62
GCAGAAGCGAGTAGACATCG_002,100
GCAGAAGCGAGTAGACATCG_003,166
GCAGAAGCGAGTAGACATCG_004,136
GCAGAAGCGAGTAGACATCG_005,60
GCAGAAGCGAGTAGACATCG_006,13
GCAGAAGCGAGTAGACATCG_007,199
GCAGAAGCGAGTAGACATCG_008,56
GCAGAAGCGAGTAGACATCG_009,138
GCAGAAGCGAGTAGACATCG_010,126
GCAGTACTACTGAGTTTTTC_001,126
GCAGTACTACTGAGTTTTTC_002,19
ATGATGACATCATAGTGCAG_001,185
AGCTCTTCCAGAGCTCCGGG_001,82
AGCTCTTCCAGAGCTCCGGG_002,133
AGCTCTTCCAGAGCTCCGGG_003,83
AGCTCTTCCAGAGCTCCGGG_004,69
AGCTCTTCCAGAGCTCCGGG_005,42
CTGGCCTAGAAGGTCCCGTG_001,195
CTGGCCTAGAAGGTCCCGTG_002,58
CTGGCCTAGAAGGTCCCGTG_003,127
CTGGCCTAGAAGGTCCCGTG_004,122
CTGGCCTAGAAGGTCCCGTG_005,62
CTGGCCTAGAAGGTCCCGTG_006,171
CTGGCCTAGAAGGTCCCGTG_007,48
CTGGCCTAGAAGGTCCCGTG_008,19
CTGGCCTAGAAGGTCCCGTG_009,182
CTGGCCTAGAAGGTCCCGTG_010,147
CTGGCCTAGAAGGTCCCGTG_011,148
CTGGCCTAGAAGGTCCCGTG_012,82
CTGGCCTAGAAGGTCCCGTG_013,37
CTGGCCTAGAAGGTCCCGTG_014,52
CTGGCCTAGAAGGTCCCGTG_015,145
CTGGCCTAGAAGGTCCCGTG_016,147
CTGGCCTAGAAGGTCCCGTG_017,102
CTGGCCTAGAAGGTCCCGTG_018,15
CTGGCCTAGAAGGTCCCGTG_019,8
CTGGCCTAGAAGGTCCCGTG_020,190
CTGGCCTAGAAGGTCCCGTG_021,93
CTGGCCTAGAAGGTCCCGTG_022,61
CTGGCCTAGAAGGTCCCGTG_023,177
GAGCCGGGGATACAGAGTAA_001,116
GAGCCGGGGATACAGAGTAA_002,134
GAGCCGGGGATACAGAGTAA_003,127
GAGCCGGGGATACAGAGTAA_004,73
GAGCCGGGGATACAGAGTAA_005,21
GAGCCGGGGATACAGAGTAA_006,22
GAGCCGGGGATACAGAGTAA_007,88
GAGCCGGGGATACAGAGTAA_008,69
GCTTCTCACAGTAAGATGCA_001,48
GCTTCTCACAGTAAGATGCA_002,137
GCTTCTCACAGTAAGATGCA_003,94
GCTTCTCACAGTAAGATGCA_004,12
GCTTCTCACAGTAAGATGCA_005,36
GCTTCTCACAGTAAGATGCA_006,100
GCTTCTCACAGTAAGATGCA_007,127
GCTTCTCACAGTAAGATGCA_008,88
GCTTCTCACAGTAAGATGCA_009,188
GCTTCTCACAGTAAGATGCA_010,61
GTGTCATCGATGTTGACACT_001,78
GTGTCATCGATGTTGACACT_002,1
GTGTCATCGATGTTGACACT_003,169
GTGTCATCGATGTTGACACT_004,68
TAGAGTTGCTGAATGTGCAT_001,106
TAGAGTTGCTGAATGTGCAT_002,114
TAGAGTTGCTGAATGTGCAT_003,83
TAGAGTTGCTGAATGTGCAT_004,29
TAGAGTTGCTGAATGTGCAT_005,14
TAGAGTTGCTGAATGTGCAT_006,183
TAGAGTTGCTGAATGTGCAT_007,4
TAGAGTTGCTGAATGTGCAT_008,105
TAGAGTTGCTGAATGTGCAT_009,29
TAGAGTTGCTGAATGTGCAT_010,151
TAGAGTTGCTGAATGTGCAT_011,8
TAGAGTTGCTGAATGTGCAT_012,38
TAGAGTTGCTGAATGTGCAT_013,119
TAGAGTTGCTGAATGTGCAT_014,134
TAGAGTTGCTGAATGTGCAT_015,188
TAGAGTTGCTGAATGTGCAT_016,19
TAGAGTTGCTGAATGTGCAT_017,106
TAGAGTTGCTGAATGTGCAT_018,117
TAAGAGTGCCAGCTACAAGG_001,171
TAAGAGTGCCAGCTACAAGG_002,189
TAAGAGTGCCAGCTACAAGG_003,116
TAAGAGTGCCAGCTACAAGG_004,157
TAAGAGTGCCAGCTACAAGG_005,184
TAAGAGTGCCAGCTACAAGG_006,88
TCTTAGACAGGAATCGCCCG_001,150
TCTTAGACAGGAATCGCCCG_002,105
TCTTAGACAGGAATCGCCCG_003,114
TCTTAGACAGGAATCGCCCG_004,182
TCTTAGACAGGAATCGCCCG_005,145
TCTTAGACAGGAATCGCCCG_006,97
TCTTAGACAGGAATCGCCCG_007,114
TCTTAGACAGGAATCGCCCG_008,175
GCAACAGCAAAGGACCACTG_001,10
GCAACAGCAAAGGACCACTG_002,15
GCAACAGCAAAGGACCACTG_003,118
GCAACAGCAAAGGACCACTG_004,85
GCAACAGCAAAGGACCACTG_005,96
GCAACAGCAAAGGACCACTG_006,188
GCAACAGCAAAGGACCACTG_007,70
GCAACAGCAAAGGACCACTG_008,44
GCAACAGCAAAGGACCACTG_009,1
GCAACAGCAAAGGACCACTG_010,86
GCAACAGCAAAGGACCACTG_011,129
GCAACAGCAAAGGACCACTG_012,13
GCAACAGCAAAGGACCACTG_013,107
GCAACAGCAAAGGACCACTG_014,82
GCAACAGCAAAGGACCACTG_015,128
GCAACAGCAAAGGACCACTG_016,101
GCAACAGCAAAGGACCACTG_017,123
GCAACAGCAAAGGACCACTG_018,88
GCAACAGCAAAGGACCACTG_019,199
GCAACAGCAAAGGACCACTG_020,137
GCAACAGCAAAGGACCACTG_021,124
GCAACAGCAAAGGACCACTG_022,97
GCAACAGCAAAGGACCACTG_023,77
GCAACAGCAAAGGACCACTG_024,61
GCAACAGCAAAGGACCACTG_025,178
GCAACAGCAAAGGACCACTG_026,188
GCAACAGCAAAGGACCACTG_027,144
GCAACAGCAAAGGACCACTG_028,46
GCAACAGCAAAGGACCACTG_029,8
GCTATAAGCGTTATGCAATG_001,174
GCTATAAGCGTTATGCAATG_002,199
GCTATAAGCGTTATGCAATG_003,177
GGTGGATGAACATTTCAGCA_001,168
GGTGGATGAACATTTCAGCA_002,62
GGTGGATGAACATTTCAGCA_003,2
GGTGGATGAACATTTCAGCA_004,134
GGTGGATGAACATTTCAGCA_005,15
TACCTAGGAATGAATGAGCG_001,121
TACCTAGGAATGAATGAGCG_002,158
TACCTAGGAATGAATGAGCG_003,136
TACCTAGGAATGAATGAGCG_004,82
TACCTAGGAATGAATGAGCG_005,175
TACCTAGGAATGAATGAGCG_006,185
TACCTAGGAATGAATGAGCG_007,21
TACCTAGGAATGAATGAGCG_008,61
AAGCACGCAATAAAGACAAG_001,0
AAGCACGCAATAAAGACAAG_002,76
AAGCACGCAATAAAGACAAG_003,195
AAGCACGCAATAAAGACAAG_004,150
AGGAGAAGCCCAATATGCTG_001,92
AGGAGAAGCCCAATATGCTG_002,198
AGGAGAAGCCCAATATGCTG_003,94
AGGAGAAGCCCAATATGCTG_004,32
AGGAGAAGCCCAATATGCTG_005,12
AGGAGAAGCCCAATATGCTG_006,29
AGGAGAAGCCCAATATGCTG_007,51
AGGAGAAGCCCAATATGCTG_008,23
AGGAGAAGCCCAATATGCTG_009,58
AGGAGAAGCCCAATATGCTG_010,1
AGGAGAAGCCCAATATGCTG_011,46
AGGAGAAGCCCAATATGCTG_012,41
AGGAGAAGCCCAATATGCTG_013,63
TCCGAGGGTCCGACAAACTG_001,115
TCCGAGGGTCCGACAAACTG_002,1
TCCGAGGGTCCGACAAACTG_003,99
TCCGAGGGTCCGACAAACTG_004,183
TCCGAGGGTCCGACAAACTG_005,132
TCCGAGGGTCCGACAAACTG_006,54
TCCGAGGGTCCGACAAACTG_007,169
TCCGAGGGTCCGACAAACTG_008,94
TCCGAGGGTCCGACAAACTG_009,48
TCCGAGGGTCCGACAAACTG_010,57
TCCGAGGGTCCGACAAACTG_011,14
TCCGAGGGTCCGACAAACTG_012,97
TCCGAGGGTCCGACAAACTG_013,48
TCCGAGGGTCCGACAAACTG_014,45
TCCGAGGGTCCGACAAACTG_015,103
TCCGAGGGTCCGACAAACTG_016,60
TCCGAGGGTCCGACAAACTG_017,156
TCCGAGGGTCCGACAAACTG_018,55
TCCGAGGGTCCGACAAACTG_019,33
TCCGAGGGTCCGACAAACTG_020,155
TCCGAGGGTCCGACAAACTG_021,158
TCCGAGGGTCCGACAAACTG_022,42
TCCGAGGGTCCGACAAACTG_023,132
TCCGAGGGTCCGACAAACTG_024,41
TCCGAGGGTCCGACAAACTG_025,41
TCCGAGGGTCCGACAAACTG_026,31
TCCGAGGGTCCGACAAACTG_027,1
TCCGAGGGTCCGACAAACTG_028,13
TCCGAGGGTCCGACAAACTG_029,175
TCCGAGGGTCCGACAAACTG_030,52
TCCGAGGGTCCGACAAACTG_031,136
TCCGAGGGTCCGACAAACTG_032,24
TCATCCGCCGAAAGTCATGT_001,112
TCATCCGCCGAAAGTCATGT_002,98
TCATCCGCCGAAAGTCATGT_003,108
TCATCCGCCGAAAGTCATGT_004,117
TCATCCGCCGAAAGTCATGT_005,183
TCATCCGCCGAAAGTCATGT_006,82
TCATCCGCCGAAAGTCATGT_007,5
TCATCCGCCGAAAGTCATGT_008,166
TCATCCGCCGAAAGTCATGT_009,188
AGGTGCCCAGCATCTCATAG_001,49
AGGTGCCCAGCATCTCATAG_002,154
AGGTGCCCAGCATCTCATAG_003,121
AGGTGCCCAGCATCTCATAG_004,36
AGGTGCCCAGCATCTCATAG_005,126
AGGTGCCCAGCATCTCATAG_006,35
AGGTGCCCAGCATCTCATAG_007,101
AGGTGCCCAGCATCTCATAG_008,183
AGGTGCCCAGCATCTCATAG_009,130
AGGTGCCCAGCATCTCATAG_010,83
GATACAGTCTTTAACCACAG_001,88
GATACAGTCTTTAACCACAG_002,42
GATACAGTCTTTAACCACAG_003,194
CCTTAGAACCCTGAAACAAG_001,48
CCTTAGAACCCTGAAACAAG_002,28
CCTTAGAACCCTGAAACAAG_003,120
TGGAGGTCGGCGCCACAGTG_001,149
TGGAGGTCGGCGCCACAGTG_002,107
TGGAGGTCGGCGCCACAGTG_003,19
TGGAGGTCGGCGCCACAGTG_004,50
TGGAGGTCGGCGCCACAGTG_005,147
TGGAGGTCGGCGCCACAGTG_006,132
TGGAGGTCGGCGCCACAGTG_007,104
TGGAGGTCGGCGCCACAGTG_008,48
TGGAGGTCGGCGCCACAGTG_009,77
TGGAGGTCGGCGCCACAGTG_010,162
TGGAGGTCGGCGCCACAGTG_011,178
TGGAGGTCGGCGCCACAGTG_012,135
TGGAGGTCGGCGCCACAGTG_013,98
TGGAGGTCGGCGCCACAGTG_014,23
TGGAGGTCGGCGCCACAGTG_015,40
TGGAGGTCGGCGCCACAGTG_016,172
TGGAGGTCGGCGCCACAGTG_017,133
TGGAGGTCGGCGCCACAGTG_018,105
TGGAGGTCGGCGCCACAGTG_019,91
TGGAGGTCGGCGCCACAGTG_020,26
TGGAGGTCGGCGCCACAGTG_021,103
TGGAGGTCGGCGCCACAGTG_022,50
TGGAGGTCGGCGCCACAGTG_023,97
TGGAGGTCGGCGCCACAGTG_024,36
TGGAGGTCGGCGCCACAGTG_025,31
TGGAGGTCGGCGCCACAGTG_026,92
TGGAGGTCGGCGCCACAGTG_027,59
TGGAGGTCGGCGCCACAGTG_028,83
TGGAGGTCGGCGCCACAGTG_029,50
TGGAGGTCGGCGCCACAGTG_030,97
TGGAGGTCGGCGCCACAGTG_031,92
TGGAGGTCGGCGCCACAGTG_032,138
TGGAGGTCGGCGCCACAGTG_033,104
TGGAGGTCGGCGCCACAGTG_034,176
TGGAGGTCGGCGCCACAGTG_035,147
TGGAGGTCGGCGCCACAGTG_036,109
TGGAGGTCGGCGCCACAGTG_037,37
TGGAGGTCGGCGCCACAGTG_038,40
TGGAGGTCGGCGCCACAGTG_039,145
TGGAGGTCGGCGCCACAGTG_040,106
TGGAGGTCGGCGCCACAGTG_041,63
TGGAGGTCGGCGCCACAGTG_042,114
TGGAGGTCGGCGCCACAGTG_043,102
TGGAGGTCGGCGCCACAGTG_044,105
TGGAGGTCGGCGCCACAGTG_045,29
TGGAGGTCGGCGCCACAGTG_046,191
TGGAGGTCGGCGCCACAGTG_047,144
TGGAGGTCGGCGCCACAGTG_048,61
TGGAGGTCGGCGCCACAGTG_049,124
TGGAGGTCGGCGCCACAGTG_050,57
TGGAGGTCGGCGCCACAGTG_051,63
TGGAGGTCGGCGCCACAGTG_052,79
TGGAGGTCGGCGCCACAGTG_053,104
TGGAGGTCGGCGCCACAGTG_054,197
TGGAGGTCGGCGCCACAGTG_055,1
ACGGGCGGCAAGTACCCGGT_001,198
ACGGGCGGCAAGTACCCGGT_002,47
ACGGGCGGCAAGTACCCGGT_003,119
ACGGGCGGCAAGTACCCGGT_004,12
ACGGGCGGCAAGTACCCGGT_005,39
ACGGGCGGCAAGTACCCGGT_006,142
ACGGGCGGCAAGTACCCGGT_007,151
ACGGGCGGCAAGTACCCGGT_008,61
ACGGGCGGCAAGTACCCGGT_009,8
ACGGGCGGCAAGTACCCGGT_010,57
ACGGGCGGCAAGTACCCGGT_011,175
ACGGGCGGCAAGTACCCGGT_012,175
ACGGGCGGCAAGTACCCGGT_013,169
ACGGGCGGCAAGTACCCGGT_014,103
ACGGGCGGCAAGTACCCGGT_015,129
ACGGGCGGCAAGTACCCGGT_016,89
ACGGGCGGCAAGTACCCGGT_017,34
ACGGGCGGCAAGTACCCGGT_018,82
ACGGGCGGCAAGTACCCGGT_019,30
ACGGGCGGCAAGTACCCGGT_020,62
ACGGGCGGCAAGTACCCGGT_021,82
ACGGGCGGCAAGTACCCGGT_022,148
ACGGGCGGCAAGTACCCGGT_023,197
ACGGGCGGCAAGTACCCGGT_024,2
ACGGGCGGCAAGTACCCGGT_025,97
ACGGGCGGCAAGTACCCGGT_026,77
ACGGGCGGCAAGTACCCGGT_027,162
ACGGGCGGCAAGTACCCGGT_028,177
ACGGGCGGCAAGTACCCGGT_029,32
ACGGGCGGCAAGTACCCGGT_030,48
ACGGGCGGCAAGTACCCGGT_031,172
ACGGGCGGCAAGTACCCGGT_032,26
ACGGGCGGCAAGTACCCGGT_033,32
ACGGGCGGCAAGTACCCGGT_034,58
ACGGGCGGCAAGTACCCGGT_035,39
ACGGGCGGCAAGTACCCGGT_036,17
ACGGGCGGCAAGTACCCGGT_037,180
ACGGGCGGCAAGTACCCGGT_038,144
ACGGGCGGCAAGTACCCGGT_039,14
ACGGGCGGCAAGTACCCGGT_040,37
TGGTGGCGCAGGAACCGCCG_001,130
TGGTGGCGCAGGAACCGCCG_002,76
TGGTGGCGCAGGAACCGCCG_003,47
TGGTGGCGCAGGAACCGCCG_004,157
TGGTGGCGCAGGAACCGCCG_005,54
TGGTGGCGCAGGAACCGCCG_006,31
TGGTGGCGCAGGAACCGCCG_007,14
TGGTGGCGCAGGAACCGCCG_008,14
TGGTGGCGCAGGAACCGCCG_009,76
TGGTGGCGCAGGAACCGCCG_010,49
TGGTGGCGCAGGAACCGCCG_011,176
TGAAGTCGGGCATCTTAGGC_001,5
TGAAGTCGGGCATCTTAGGC_002,16
TGAAGTCGGGCATCTTAGGC_003,10
GCGAAAGCACGTAAACCGCG_001,59
GGCGAAGAGCAGCGTCAGGT_001,7
GGCGAAGAGCAGCGTCAGGT_002,172
GGCGAAGAGCAGCGTCAGGT_003,53
GGCGAAGAGCAGCGTCAGGT_004,54
GGCGAAGAGCAGCGTCAGGT_005,127
GGCGAAGAGCAGCGTCAGGT_006,101
GGCGAAGAGCAGCGTCAGGT_007,7
GGCGAAGAGCAGCGTCAGGT_008,198
GGCGAAGAGCAGCGTCAGGT_009,178
GGCGAAGAGCAGCGTCAGGT_010,166
GGCGAAGAGCAGCGTCAGGT_011,34
GGCGAAGAGCAGCGTCAGGT_012,68
GGCGAAGAGCAGCGTCAGGT_013,57
GGCGAAGAGCAGCGTCAGGT_014,61
GGCGAAGAGCAGCGTCAGGT_015,81
GGCGAAGAGCAGCGTCAGGT_016,94
GGCGAAGAGCAGCGTCAGGT_017,115
GGCGAAGAGCAGCGTCAGGT_018,76
GGCGAAGAGCAGCGTCAGGT_019,185
GGCGAAGAGCAGCGTCAGGT_020,133
GGCGAAGAGCAGCGTCAGGT_021,28
GGCGAAGAGCAGCGTCAGGT_022,162
GGCGAAGAGCAGCGTCAGGT_023,5
GGCGAAGAGCAGCGTCAGGT_024,26
GGCGAAGAGCAGCGTCAGGT_025,188
GGCGAAGAGCAGCGTCAGGT_026,52
GGCGAAGAGCAGCGTCAGGT_027,31
GGCGAAGAGCAGCGTCAGGT_028,38
GGCGAAGAGCAGCGTCAGGT_029,150
GGCGAAGAGCAGCGTCAGGT_030,91
GGCGAAGAGCAGCGTCAGGT_031,48
GGCGAAGAGCAGCGTCAGGT_032,119
AGACAACACCAAGTTTACGA_001,118
AGACAACACCAAGTTTACGA_002,73
AGACAACACCAAGTTTACGA_003,199
AGACAACACCAAGTTTACGA_004,17
AGACAACACCAAGTTTACGA_005,152
AGACAACACCAAGTTTACGA_006,190
AGACAACACCAAGTTTACGA_007,96
TTCAACAAGAGCTTTAGCGT_001,146
TTCAACAAGAGCTTTAGCGT_002,121
TTCAACAAGAGCTTTAGCGT_003,197
TTCAACAAGAGCTTTAGCGT_004,112
TTCAACAAGAGCTTTAGCGT_005,196
TTCAACAAGAGCTTTAGCGT_006,8
TTCAACAAGAGCTTTAGCGT_007,52
TTCAACAAGAGCTTTAGCGT_008,80
ATGACATTGTCTCCACAGAA_001,58
ATGACATTGTCTCCACAGAA_002,115
ATGACATTGTCTCCACAGAA_003,73
ATGACATTGTCTCCACAGAA_004,75
ATGACATTGTCTCCACAGAA_005,81
ATGTTAAGGCTCGACAAGCA_001,6
ATGTTAAGGCTCGACAAGCA_002,183
ATGTTAAGGCTCGACAAGCA_003,58
ATGTTAAGGCTCGACAAGCA_004,127
ATGTTAAGGCTCGACAAGCA_005,27
ATGTTAAGGCTCGACAAGCA_006,87
ATGTTAAGGCTCGACAAGCA_007,41
ATGTTAAGGCTCGACAAGCA_008,4
ATGTTAAGGCTCGACAAGCA_009,11
TCCGCAACTGATCGTAGGTG_001,80
TCCGCAACTGATCGTAGGTG_002,119
TCCGCAACTGATCGTAGGTG_003,88
CCCACAAGGGAACTTCACTG_001,23
CCCACAAGGGAACTTCACTG_002,147
CCCACAAGGGAACTTCACTG_003,188
CCCACAAGGGAACTTCACTG_004,18
CCCACAAGGGAACTTCACTG_005,12
CCCACAAGGGAACTTCACTG_006,2
CCCACAAGGGAACTTCACTG_007,50
CCCACAAGGGAACTTCACTG_008,172
CCCACAAGGGAACTTCACTG_009,88
CCCACAAGGGAACTTCACTG_010,48
CCCACAAGGGAACTTCACTG_011,127
CCCACAAGGGAACTTCACTG_012,176
CCCACAAGGGAACTTCACTG_013,178
CCCACAAGGGAACTTCACTG_014,6
CCCACAAGGGAACTTCACTG_015,11
CCCACAAGGGAACTTCACTG_016,19
CCCACAAGGGAACTTCACTG_017,130
CCCACAAGGGAACTTCACTG_018,27
CCCACAAGGGAACTTCACTG_019,137
CCCACAAGGGAACTTCACTG_020,48
CTAGGGAGTGAAATTCCTGT_001,144
CTAGGGAGTGAAATTCCTGT_002,62
GGCCTATTAAGCCCTGATGC_001,96
GGCCTATTAAGCCCTGATGC_002,12
AGGGGGTGATCAAGTACATG_001,42
AGGGGGTGATCAAGTACATG_002,81
AGGGGGTGATCAAGTACATG_003,121
AGGGGGTGATCAAGTACATG_004,56
AGGGGGTGATCAAGTACATG_005,21
AGGGGGTGATCAAGTACATG_006,50
AGGGGGTGATCAAGTACATG_007,145
AGGGGGTGATCAAGTACATG_008,179
AGGGGGTGATCAAGTACATG_009,137
AGGGGGTGATCAAGTACATG_010,104
AGAGAAGCAGCGGTACTGTG_001,134
AGAGAAGCAGCGGTACTGTG_002,11
AGAGAAGCAGCGGTACTGTG_003,107
AGAGAAGCAGCGGTACTGTG_004,30
AGAGAAGCAGCGGTACTGTG_005,193
AGAGAAGCAGCGGTACTGTG_006,7
AGAGAAGCAGCGGTACTGTG_007,176
AGAGAAGCAGCGGTACTGTG_008,16
AGAGAAGCAGCGGTACTGTG_009,198
AGAGAAGCAGCGGTACTGTG_010,70
AGAGAAGCAGCGGTACTGTG_011,41
AGAGAAGCAGCGGTACTGTG_012,97
AGAGAAGCAGCGGTACTGTG_013,125
AGAGAAGCAGCGGTACTGTG_014,60
AGAGAAGCAGCGGTACTGTG_015,124
AGAGAAGCAGCGGTACTGTG_016,1
ATATCCTTTACAACCCACGC_001,135
ATATCCTTTACAACCCACGC_002,81
ATATCCTTTACAACCCACGC_003,174
ATATCCTTTACAACCCACGC_004,41
ATATCCTTTACAACCCACGC_005,61
ATATCCTTTACAACCCACGC_006,191
ATATCCTTTACAACCCACGC_007,94
ATATCCTTTACAACCCACGC_008,88
ATATCCTTTACAACCCACGC_009,1
ATATCCTTTACAACCCACGC_010,76
ATATCCTTTACAACCCACGC_011,4
ATATCCTTTACAACCCACGC_012,169
ATATCCTTTACAACCCACGC_013,37
ATATCCTTTACAACCCACGC_014,127
ATATCCTTTACAACCCACGC_015,19
ATATCCTTTACAACCCACGC_016,77
TCTGATGTAGAGGTGTGTAA_001,122
TCTGATGTAGAGGTGTGTAA_002,43
TCTGATGTAGAGGTGTGTAA_003,104
TCTGATGTAGAGGTGTGTAA_004,158
TCTGATGTAGAGGTGTGTAA_005,42
TCTGATGTAGAGGTGTGTAA_006,197
TCTGATGTAGAGGTGTGTAA_007,45
TCTGATGTAGAGGTGTGTAA_008,82
TCTGATGTAGAGGTGTGTAA_009,96
TCTGATGTAGAGGTGTGTAA_010,96
TCTGATGTAGAGGTGTGTAA_011,4
GAGCCAGAATTAGTAATGGT_001,84
GAGCCAGAATTAGTAATGGT_002,152
GAGCCAGAATTAGTAATGGT_003,7
GAGCCAGAATTAGTAATGGT_004,171
GAGCCAGAATTAGTAATGGT_005,91
GAGCCAGAATTAGTAATGGT_006,161
GAGCCAGAATTAGTAATGGT_007,195
TCCCACGAAAGGCAGAGACA_001,154
TCCCACGAAAGGCAGAGACA_002,181
TCCCACGAAAGGCAGAGACA_003,199
TCCCACGAAAGGCAGAGACA_004,146
TCCCACGAAAGGCAGAGACA_005,34
TCCCACGAAAGGCAGAGACA_006,180
TCCCACGAAAGGCAGAGACA_007,134
TCCCACGAAAGGCAGAGACA_008,48
TCCCACGAAAGGCAGAGACA_009,44
TCCCACGAAAGGCAGAGACA_010,150
TCCCACGAAAGGCAGAGACA_011,125
TCCCACGAAAGGCAGAGACA_012,105
TCCCACGAAAGGCAGAGACA_013,63
GTAATAACCAGAGAGCCGAG_001,134
GTAATAACCAGAGAGCCGAG_002,78
GTAATAACCAGAGAGCCGAG_003,120
AGCCAGCCGAGACCTGCCGT_001,23
AGCCAGCCGAGACCTGCCGT_002,131
AGCCAGCCGAGACCTGCCGT_003,45
AGCCAGCCGAGACCTGCCGT_004,124
AGCCAGCCGAGACCTGCCGT_005,117
AGCCAGCCGAGACCTGCCGT_006,17
AGCCAGCCGAGACCTGCCGT_007,151
AGCCAGCCGAGACCTGCCGT_008,94
AGCCAGCCGAGACCTGCCGT_009,80
AGCCAGCCGAGACCTGCCGT_010,144
AGCCAGCCGAGACCTGCCGT_011,18
AGCCAGCCGAGACCTGCCGT_012,60
GAATCAAACAGACATACCAA_001,198
GAATCAAACAGACATACCAA_002,29
GAATCAAACAGACATACCAA_003,35
TGCCGCTCAGTGTCGCAGAG_001,182
TGCCGCTCAGTGTCGCAGAG_002,62
TGCCGCTCAGTGTCGCAGAG_003,70
TGCCGCTCAGTGTCGCAGAG_004,48
TGCCGCTCAGTGTCGCAGAG_005,45
TGCCGCTCAGTGTCGCAGAG_006,169
TGCCGCTCAGTGTCGCAGAG_007,169
TGCCGCTCAGTGTCGCAGAG_008,155
TGCCGCTCAGTGTCGCAGAG_009,66
TGCCGCTCAGTGTCGCAGAG_010,100
TGCCGCTCAGTGTCGCAGAG_011,106
TGCCGCTCAGTGTCGCAGAG_012,120
TGCCGCTCAGTGTCGCAGAG_013,101
TGCCGCTCAGTGTCGCAGAG_014,182
TGCCGCTCAGTGTCGCAGAG_015,188
TGCCGCTCAGTGTCGCAGAG_016,151
TGCCGCTCAGTGTCGCAGAG_017,92
TGCCGCTCAGTGTCGCAGAG_018,50
TGCCGCTCAGTGTCGCAGAG_019,185
TGCCGCTCAGTGTCGCAGAG_020,146
TGCCGCTCAGTGTCGCAGAG_021,183
TGCCGCTCAGTGTCGCAGAG_022,178
TGCCGCTCAGTGTCGCAGAG_023,50
TGCCGCTCAGTGTCGCAGAG_024,154
TGCCGCTCAGTGTCGCAGAG_025,122
TGCCGCTCAGTGTCGCAGAG_026,128
TGCCGCTCAGTGTCGCAGAG_027,40
TGCCGCTCAGTGTCGCAGAG_028,63
TGCCGCTCAGTGTCGCAGAG_029,63
TGCCGCTCAGTGTCGCAGAG_030,19
TGCCGCTCAGTGTCGCAGAG_031,138
TGCCGCTCAGTGTCGCAGAG_032,10
TGCCGCTCAGTGTCGCAGAG_033,78
TGCCGCTCAGTGTCGCAGAG_034,188
TGCCGCTCAGTGTCGCAGAG_035,49
TGCCGCTCAGTGTCGCAGAG_036,123
TGCCGCTCAGTGTCGCAGAG_037,100
TGCCGCTCAGTGTCGCAGAG_038,76
CTCCGTGTAGTACATCTCCA_001,15
CTCCGTGTAGTACATCTCCA_002,169
CTCCGTGTAGTACATCTCCA_003,39
CTCCGTGTAGTACATCTCCA_004,178
CTCCGTGTAGTACATCTCCA_005,116
CTCCGTGTAGTACATCTCCA_006,196
CTCCGTGTAGTACATCTCCA_007,61
CTCCGTGTAGTACATCTCCA_008,58
CTCCGTGTAGTACATCTCCA_009,199
CTCCGTGTAGTACATCTCCA_010,21
CTCCGTGTAGTACATCTCCA_011,191
CTCCGTGTAGTACATCTCCA_012,13
CTCCGTGTAGTACATCTCCA_013,45
CTCCGTGTAGTACATCTCCA_014,35
CTCCGTGTAGTACATCTCCA_015,80
CTCCGTGTAGTACATCTCCA_016,185
CTCCGTGTAGTACATCTCCA_017,60
CTCCGTGTAGTACATCTCCA_018,106
CTCCGTGTAGTACATCTCCA_019,103
CTCCGTGTAGTACATCTCCA_020,19
GCTACCTCATCCAGAGCACA_001,180
GCTACCTCATCCAGAGCACA_002,179
GCTACCTCATCCAGAGCACA_003,1
GCTACCTCATCCAGAGCACA_004,16
GCTACCTCATCCAGAGCACA_005,91
TCTGGGGCAGCAGCAGCGGG_001,188
TCTGGGGCAGCAGCAGCGGG_002,55
TCTGGGGCAGCAGCAGCGGG_003,17
TCTGGGGCAGCAGCAGCGGG_004,161
GAATCACAACATACCTGGTG_001,94
AGAACTATGAGATTGCAGAG_001,196
AGAACTATGAGATTGCAGAG_002,60
AGAACTATGAGATTGCAGAG_003,175
AGAACTATGAGATTGCAGAG_004,171
AATTTCATGCCAAGTCACCT_001,187
AATTTCATGCCAAGTCACCT_002,17
AATTTCATGCCAAGTCACCT_003,62
AATTTCATGCCAAGTCACCT_004,103
AATTTCATGCCAAGTCACCT_005,107
CACAGCGCCATCCTCAAGCG_001,11
CACAGCGCCATCCTCAAGCG_002,60
CACAGCGCCATCCTCAAGCG_003,174
CACAGCGCCATCCTCAAGCG_004,8
CACAGCGCCATCCTCAAGCG_005,134
CCTTCAAACAGTTCAAGCCC_001,86
CCTTCAAACAGTTCAAGCCC_002,16
CCTTCAAACAGTTCAAGCCC_003,34
CGCGCGCAGAGGGTGCACCA_001,121
CGCGCGCAGAGGGTGCACCA_002,105
CGCGCGCAGAGGGTGCACCA_003,76
CGCGCGCAGAGGGTGCACCA_004,118
CGCGCGCAGAGGGTGCACCA_005,188
CGCGCGCAGAGGGTGCACCA_006,92
CGCGCGCAGAGGGTGCACCA_007,160
CGCGCGCAGAGGGTGCACCA_008,184
CGCGCGCAGAGGGTGCACCA_009,22
CGCGCGCAGAGGGTGCACCA_010,17
CGCGCGCAGAGGGTGCACCA_011,198
CGCGCGCAGAGGGTGCACCA_012,168
CGCGCGCAGAGGGTGCACCA_013,48
CGCGCGCAGAGGGTGCACCA_014,168
CTTTAGACGACTATCTTCCA_001,74
TGGATACTATTCCAGACACA_001,32
TAGGCTCTCGGACTCTAACA_001,133
TAGGCTCTCGGACTCTAACA_002,147
TAGGCTCTCGGACTCTAACA_003,2
TAGGCTCTCGGACTCTAACA_004,52
TAGGCTCTCGGACTCTAACA_005,19
TAGGCTCTCGGACTCTAACA_006,60
AAGACTCCCACTAGTCAAAG_001,48
AAGACTCCCACTAGTCAAAG_002,103
AAGACTCCCACTAGTCAAAG_003,95
AAGACTCCCACTAGTCAAAG_004,98
AAGACTCCCACTAGTCAAAG_005,154
TTCTTGATCAGAGAAATGAG_001,63
TTCTTGATCAGAGAAATGAG_002,124
TACTAAGATAGCGAAGCCAA_001,10
TACTAAGATAGCGAAGCCAA_002,141
TACTAAGATAGCGAAGCCAA_003,170
TACTAAGATAGCGAAGCCAA_004,82
TACTAAGATAGCGAAGCCAA_005,29
TACTAAGATAGCGAAGCCAA_006,58
TACTAAGATAGCGAAGCCAA_007,77
TACTAAGATAGCGAAGCCAA_008,62
TACTAAGATAGCGAAGCCAA_009,114
AAATTGGTGAAACACTACAC_001,153
AAATTGGTGAAACACTACAC_002,77
AAATTGGTGAAACACTACAC_003,76
AAATTGGTGAAACACTACAC_004,68
AAATTGGTGAAACACTACAC_005,60
AAATTGGTGAAACACTACAC_006,22
AGGCGGGATCAGTCGCGTCG_001,168
AGGCGGGATCAGTCGCGTCG_002,141
AGGCGGGATCAGTCGCGTCG_003,137
TCCCACCAGAAGTGCCAATG_001,62
TCCCACCAGAAGTGCCAATG_002,134
TCCCACCAGAAGTGCCAATG_003,94
TCCCACCAGAAGTGCCAATG_004,162
GGAATTCAACCCCTTCTCAG_001,2
GGAATTCAACCCCTTCTCAG_002,102
GGAATTCAACCCCTTCTCAG_003,60
GGAATTCAACCCCTTCTCAG_004,101
GGAATTCAACCCCTTCTCAG_005,99
CGAAGTGACAGTGTGACCCC_001,54
CGAAGTGACAGTGTGACCCC_002,48
AGGCTCCATAACCGAACACC_001,94
CAGGTACCATGCGCTCGCAG_001,45
CAGGTACCATGCGCTCGCAG_002,102
CAGGTACCATGCGCTCGCAG_003,108
CAGGTACCATGCGCTCGCAG_004,104
CAGGTACCATGCGCTCGCAG_005,53
CAGGTACCATGCGCTCGCAG_006,176
CAGGTACCATGCGCTCGCAG_007,108
CAGGTACCATGCGCTCGCAG_008,199
CAGGTACCATGCGCTCGCAG_009,98
CAGGTACCATGCGCTCGCAG_010,144
CATCTTGTATAGCGATCTGA_001,60
CATCTTGTATAGCGATCTGA_002,73
GATGGCCTTTGATAGATACA_001,124
GATGGCCTTTGATAGATACA_002,68
GATGGCCTTTGATAGATACA_003,46
GGTTTACAAAAGATACTGCA_001,102
GGTTTACAAAAGATACTGCA_002,19
GGTTTACAAAAGATACTGCA_003,137
ATCATCAGATAACAGCGAGA_001,175
ATCATCAGATAACAGCGAGA_002,117
ATCATCAGATAACAGCGAGA_003,124
ATCATCAGATAACAGCGAGA_004,41
ATCATCAGATAACAGCGAGA_005,182
CTACTCCCGGGCTTTCGGAG_001,88
CTACTCCCGGGCTTTCGGAG_002,169
CTACTCCCGGGCTTTCGGAG_003,8
ATACATTCAACAGTTGAACA_001,97
ATACATTCAACAGTTGAACA_002,149
ATACATTCAACAGTTGAACA_003,191
ATACATTCAACAGTTGAACA_004,125
ATACATTCAACAGTTGAACA_005,184
ATACATTCAACAGTTGAACA_006,23
ATACATTCAACAGTTGAACA_007,1
ATACATTCAACAGTTGAACA_008,57
ATACATTCAACAGTTGAACA_009,94
ATACATTCAACAGTTGAACA_010,57
ATACATTCAACAGTTGAACA_011,117
ATACATTCAACAGTTGAACA_012,11
AGGGAGACACCGGCGCCACG_001,41
AGGGAGACACCGGCGCCACG_002,50
AGGGAGACACCGGCGCCACG_003,75
AGGGAGACACCGGCGCCACG_004,118
AGGGAGACACCGGCGCCACG_005,8
AGGGAGACACCGGCGCCACG_006,122
AGGGAGACACCGGCGCCACG_007,188
AGGGAGACACCGGCGCCACG_008,17
AGGGAGACACCGGCGCCACG_009,146
AGGGAGACACCGGCGCCACG_010,32
AGGGAGACACCGGCGCCACG_011,184
AGGGAGACACCGGCGCCACG_012,146
AGGGAGACACCGGCGCCACG_013,30
AGGGAGACACCGGCGCCACG_014,154
AGGGAGACACCGGCGCCACG_015,191
AGGGAGACACCGGCGCCACG_016,161
AGGGAGACACCGGCGCCACG_017,174
AGGGAGACACCGGCGCCACG_018,70
AGGGAGACACCGGCGCCACG_019,12
AGGGAGACACCGGCGCCACG_020,190
AGGGAGACACCGGCGCCACG_021,25
AGGGAGACACCGGCGCCACG_022,17
AGGGAGACACCGGCGCCACG_023,67
AGGGAGACACCGGCGCCACG_024,88
AGGGAGACACCGGCGCCACG_025,59
AGGGAGACACCGGCGCCACG_026,102
AGGGAGACACCGGCGCCACG_027,2
AGGGAGACACCGGCGCCACG_028,126
AGGGAGACACCGGCGCCACG_029,78
AGGGAGACACCGGCGCCACG_030,74
AGGGAGACACCGGCGCCACG_031,161
GACTGGATGATGAAGTGCCG_001,24
GACTGGATGATGAAGTGCCG_002,83
GACTGGATGATGAAGTGCCG_003,86
GACTGGATGATGAAGTGCCG_004,72
GACTGGATGATGAAGTGCCG_005,101
GACTGGATGATGAAGTGCCG_006,93
GACTGGATGATGAAGTGCCG_007,42
GACTGGATGATGAAGTGCCG_008,38
GACTGGATGATGAAGTGCCG_009,144
GACTGGATGATGAAGTGCCG_010,144
GACTGGATGATGAAGTGCCG_011,150
GACTGGATGATGAAGTGCCG_012,186
GACTGGATGATGAAGTGCCG_013,150
GACTGGATGATGAAGTGCCG_014,12
GACTGGATGATGAAGTGCCG_015,155
GAGATGAACCCAACTATCAG_001,193
GAGATGAACCCAACTATCAG_002,76
GAGATGAACCCAACTATCAG_003,141
GAGATGAACCCAACTATCAG_004,172
GAGATGAACCCAACTATCAG_005,30
GAGATGAACCCAACTATCAG_006,130
GAGATGAACCCAACTATCAG_007,174
GAGATGAACCCAACTATCAG_008,91
GAGATGAACCCAACTATCAG_009,76
GAGATGAACCCAACTATCAG_010,46
GAGATGAACCCAACTATCAG_011,103
GAGATGAACCCAACTATCAG_012,180
GAGATGAACCCAACTATCAG_013,36
GCATAGTCATAGATTAACGC_001,27
GCATAGTCATAGATTAACGC_002,186
GCATAGTCATAGATTAACGC_003,0
CCGACTTCCACAGAACACAG_001,58
CCGACTTCCACAGAACACAG_002,94
CCGACTTCCACAGAACACAG_003,93
CCGACTTCCACAGAACACAG_004,18
CCGACTTCCACAGAACACAG_005,106
CCGACTTCCACAGAACACAG_006,43
CCGACTTCCACAGAACACAG_007,73
GCTTCTGAAGATTCCTCAAG_001,60
GCTTCTGAAGATTCCTCAAG_002,17
GCTTCTGAAGATTCCTCAAG_003,184
GCTTCTGAAGATTCCTCAAG_004,189
GCTTCTGAAGATTCCTCAAG_005,55
GCTTCTGAAGATTCCTCAAG_006,176
GGCCTACAAATCGGAACTGG_001,194
GGCCTACAAATCGGAACTGG_002,149
GGCCTACAAATCGGAACTGG_003,34
GGCCTACAAATCGGAACTGG_004,65
GGCCTACAAATCGGAACTGG_005,81
GGCCTACAAATCGGAACTGG_006,82
GGCCTACAAATCGGAACTGG_007,153
GGCCTACAAATCGGAACTGG_008,28
GGCCTACAAATCGGAACTGG_009,37
TGGGATTCTCCGTCACCGGG_001,140
TGGGATTCTCCGTCACCGGG_002,44
TGGGATTCTCCGTCACCGGG_003,120
TGGGATTCTCCGTCACCGGG_004,185
TGGGATTCTCCGTCACCGGG_005,24
TGGGATTCTCCGTCACCGGG_006,43
TGGGATTCTCCGTCACCGGG_007,31
TTCAATCACCTCACGGTAAG_001,102
TTCAATCACCTCACGGTAAG_002,29
TTCAATCACCTCACGGTAAG_003,80
TTCAATCACCTCACGGTAAG_004,23
TTCAATCACCTCACGGTAAG_005,115
TTCAATCACCTCACGGTAAG_006,38
TTCAATCACCTCACGGTAAG_007,72
TTCAATCACCTCACGGTAAG_008,59
TTCAATCACCTCACGGTAAG_009,55
TTCAATCACCTCACGGTAAG_010,33
TTCAATCACCTCACGGTAAG_011,115
TTCAATCACCTCACGGTAAG_012,68
TTCAATCACCTCACGGTAAG_013,56
TTCAATCACCTCACGGTAAG_014,49
TTCAATCACCTCACGGTAAG_015,102
TTCAATCACCTCACGGTAAG_016,193
TTCAATCACCTCACGGTAAG_017,105
TTCAATCACCTCACGGTAAG_018,105
TTCAATCACCTCACGGTAAG_019,33
TTCAATCACCTCACGGTAAG_020,150
CCAGAAGCTGGAGTTTACTG_001,181
CCAGAAGCTGGAGTTTACTG_002,182
CCAGAAGCTGGAGTTTACTG_003,162
CCAGAAGCTGGAGTTTACTG_004,138
CCAGAAGCTGGAGTTTACTG_005,77
CCAGAAGCTGGAGTTTACTG_006,77
CCAGAAGCTGGAGTTTACTG_007,102
CCAGAAGCTGGAGTTTACTG_008,18
CCAGAAGCTGGAGTTTACTG_009,120
CCAGAAGCTGGAGTTTACTG_010,36
CCAGAAGCTGGAGTTTACTG_011,78
GTGCGGGATTGAGTTTGACG_001,168
GTGCGGGATTGAGTTTGACG_002,34
GTGCGGGATTGAGTTTGACG_003,114
GTGCGGGATTGAGTTTGACG_004,68
GTGCGGGATTGAGTTTGACG_005,69
GTGCGGGATTGAGTTTGACG_006,89
ACTAAGACTCTATACCTGCC_001,130
ACTAAGACTCTATACCTGCC_002,98
ACTACTACAGATGCAAAGTA_001,183
ACTACTACAGATGCAAAGTA_002,40
ACTACTACAGATGCAAAGTA_003,180
ACTACTACAGATGCAAAGTA_004,104
ACTACTACAGATGCAAAGTA_005,9
CCCACGCAAGATCTCCACTG_001,44
CCCACGCAAGATCTCCACTG_002,78
CCCACGCAAGATCTCCACTG_003,1
CCCACGCAAGATCTCCACTG_004,147
CCCACGCAAGATCTCCACTG_005,12
CCCACGCAAGATCTCCACTG_006,138
AAGGAGAAGTGTGACGCCGG_001,183
AAGGAGAAGTGTGACGCCGG_002,15
AAGGAGAAGTGTGACGCCGG_003,11
AAGGAGAAGTGTGACGCCGG_004,188
AAGGAGAAGTGTGACGCCGG_005,148
AAGGAGAAGTGTGACGCCGG_006,169
AAGGAGAAGTGTGACGCCGG_007,185
AAGGAGAAGTGTGACGCCGG_008,3
AAGGAGAAGTGTGACGCCGG_009,122
AAGGAGAAGTGTGACGCCGG_010,187
AAGGAGAAGTGTGACGCCGG_011,96
AAGGAGAAGTGTGACGCCGG_012,161
AAGGAGAAGTGTGACGCCGG_013,82
AAGGAGAAGTGTGACGCCGG_014,16
AAGGAGAAGTGTGACGCCGG_015,113
AAGGAGAAGTGTGACGCCGG_016,9
AAGGAGAAGTGTGACGCCGG_017,86
AAGGAGAAGTGTGACGCCGG_018,160
AAGGAGAAGTGTGACGCCGG_019,169
AAGGAGAAGTGTGACGCCGG_020,158
AAGGAGAAGTGTGACGCCGG_021,82
AAGGAGAAGTGTGACGCCGG_022,5
AAGGAGAAGTGTGACGCCGG_023,118
AAGGAGAAGTGTGACGCCGG_024,116
AAGGAGAAGTGTGACGCCGG_025,141
AAGGAGAAGTGTGACGCCGG_026,60
AAGGAGAAGTGTGACGCCGG_027,145
AAGGAGAAGTGTGACGCCGG_028,1
AAGGAGAAGTGTGACGCCGG_029,175
AAGGAGAAGTGTGACGCCGG_030,19
AAGGAGAAGTGTGACGCCGG_031,182
AAGGAGAAGTGTGACGCCGG_032,178
AAGGAGAAGTGTGACGCCGG_033,38
AAGGAGAAGTGTGACGCCGG_034,129
AAGGAGAAGTGTGACGCCGG_035,146
AAGGAGAAGTGTGACGCCGG_036,117
AAGGAGAAGTGTGACGCCGG_037,176
AAGGAGAAGTGTGACGCCGG_038,110
AAGGAGAAGTGTGACGCCGG_039,49
AAGGAGAAGTGTGACGCCGG_040,35
AAGGAGAAGTGTGACGCCGG_041,147
AAGGAGAAGTGTGACGCCGG_042,146
AAGGAGAAGTGTGACGCCGG_043,155
AAGGAGAAGTGTGACGCCGG_044,39
AAGGAGAAGTGTGACGCCGG_045,106
AAGGAGAAGTGTGACGCCGG_046,61
AAGGAGAAGTGTGACGCCGG_047,168
CCGCCCTACATCTCTCAATG_001,105
CTCAGTCAGCACCAACACAT_001,42
CTCAGTCAGCACCAACACAT_002,58
CTCAGTCAGCACCAACACAT_003,160
CTCAGTCAGCACCAACACAT_004,78
CTCAGTCAGCACCAACACAT_005,75
CTCAGTCAGCACCAACACAT_006,68
CTCAGTCAGCACCAACACAT_007,130
CTCAGTCAGCACCAACACAT_008,108
CTCAGTCAGCACCAACACAT_009,80
CTCAGTCAGCACCAACACAT_010,196
CTCAGTCAGCACCAACACAT_011,60
CTCAGTCAGCACCAACACAT_012,16
CTCAGTCAGCACCAACACAT_013,180
CTCAGTCAGCACCAACACAT_014,32
CTCAGTCAGCACCAACACAT_015,156
CTCAGTCAGCACCAACACAT_016,12
CTCAGTCAGCACCAACACAT_017,45
CTCAGTCAGCACCAACACAT_018,44
CTCAGTCAGCACCAACACAT_019,168
CTCAGTCAGCACCAACACAT_020,35
CTCAGTCAGCACCAACACAT_021,142
CTCAGTCAGCACCAACACAT_022,52
CTCAGTCAGCACCAACACAT_023,124
CTCAGTCAGCACCAACACAT_024,5
CTCAGTCAGCACCAACACAT_025,46
CTCAGTCAGCACCAACACAT_026,20
CGGAGCTAACGGACTCCGCG_001,98
CGGAGCTAACGGACTCCGCG_002,150
CGGAGCTAACGGACTCCGCG_003,198
ACAGTGAAAATCTACCAGAG_001,127
CTGAGGGCGAGTTAGCATCT_001,105
CTGAGGGCGAGTTAGCATCT_002,162
CTGAGGGCGAGTTAGCATCT_003,17
CTGAGGGCGAGTTAGCATCT_004,132
CTGAGGGCGAGTTAGCATCT_005,152
CTGAGGGCGAGTTAGCATCT_006,138
CTGAGGGCGAGTTAGCATCT_007,121
GAGTTTAAGCCAAACAACCC_001,81
GCCCCGCTCGTCCTACCGCG_001,134
GCCCCGCTCGTCCTACCGCG_002,12
GCCCCGCTCGTCCTACCGCG_003,42
GCCCCGCTCGTCCTACCGCG_004,171
GCCCCGCTCGTCCTACCGCG_005,1
GCGGGCGCTAAGGACAAGCA_001,54
GCGGGCGCTAAGGACAAGCA_002,105
GCGGGCGCTAAGGACAAGCA_003,147
GCGGGCGCTAAGGACAAGCA_004,32
GCGGGCGCTAAGGACAAGCA_005,49
GCGGGCGCTAAGGACAAGCA_006,69
GCGGGCGCTAAGGACAAGCA_007,15
GCGGGCGCTAAGGACAAGCA_008,190
GCGGGCGCTAAGGACAAGCA_009,166
GCGGGCGCTAAGGACAAGCA_010,48
GCGGGCGCTAAGGACAAGCA_011,166
GCGGGCGCTAAGGACAAGCA_012,115
GCGGGCGCTAAGGACAAGCA_013,1
GCGGGCGCTAAGGACAAGCA_014,147
GCGGGCGCTAAGGACAAGCA_015,84
GCGGGCGCTAAGGACAAGCA_016,150
GCGGGCGCTAAGGACAAGCA_017,68
GCGGGCGCTAAGGACAAGCA_018,119
GCGGGCGCTAAGGACAAGCA_019,79
GCGGGCGCTAAGGACAAGCA_020,30
GCGGGCGCTAAGGACAAGCA_021,70
GCGGGCGCTAAGGACAAGCA_022,144
GGTGCTGCCAGATCCATCTA_001,169
GGTGCTGCCAGATCCATCTA_002,41
AATTTGGTTGCTCGTAAAAT_001,61
AATTTGGTTGCTCGTAAAAT_002,41
AATTTGGTTGCTCGTAAAAT_003,19
AATTTGGTTGCTCGTAAAAT_004,79
AATTTGGTTGCTCGTAAAAT_005,106
TCAATCACAGCATCCAAAGG_001,115
TCAATCACAGCATCCAAAGG_002,94
TCAATCACAGCATCCAAAGG_003,137
TCAATCACAGCATCCAAAGG_004,4
CTTAGAATTACCGATCTCGG_001,170
CTTAGAATTACCGATCTCGG_002,158
CTTAGAATTACCGATCTCGG_003,190
CTTAGAATTACCGATCTCGG_004,7
CTTAGAATTACCGATCTCGG_005,172
CTTAGAATTACCGATCTCGG_006,8
CTTAGAATTACCGATCTCGG_007,184
CTTAGAATTACCGATCTCGG_008,188
CTTAGATGGATTTGATCAGG_001,18
CTTAGATGGATTTGATCAGG_002,19
CTTAGATGGATTTGATCAGG_003,1
CTTAGATGGATTTGATCAGG_004,144
CTTAGATGGATTTGATCAGG_005,157
GGACGGAATATCCCGTGCGT_001,81
GTTGAGCGTTACAAACAGCA_001,11
GTTGAGCGTTACAAACAGCA_002,80
GTTGAGCGTTACAAACAGCA_003,6
GTTGAGCGTTACAAACAGCA_004,177
GTTGAGCGTTACAAACAGCA_005,59
GTTGAGCGTTACAAACAGCA_006,77
GTTGAGCGTTACAAACAGCA_007,181
GTTGAGCGTTACAAACAGCA_008,3
GTTGAGCGTTACAAACAGCA_009,168
GTTGAGCGTTACAAACAGCA_010,75
GTTGAGCGTTACAAACAGCA_011,165
GTTGAGCGTTACAAACAGCA_012,43
GTTGAGCGTTACAAACAGCA_013,172
GTTGAGCGTTACAAACAGCA_014,19
GTTGAGCGTTACAAACAGCA_015,172
GTTGAGCGTTACAAACAGCA_016,15
TTTGTACTCCAACCATGAAG_001,87
TTTGTACTCCAACCATGAAG_002,8
TTTGTACTCCAACCATGAAG_003,103
TTTGTACTCCAACCATGAAG_004,2
GGATAAAATGCAAAATGACC_001,191
CAGACAGCAACTCTGCTAGG_001,83
CAGACAGCAACTCTGCTAGG_002,187
CAGACAGCAACTCTGCTAGG_003,67
CAGACAGCAACTCTGCTAGG_004,174
CAGACAGCAACTCTGCTAGG_005,175
CAGACAGCAACTCTGCTAGG_006,182
CTGTCTTCCAGGTTACTGAG_001,58
CTGTCTTCCAGGTTACTGAG_002,146
CTGTCTTCCAGGTTACTGAG_003,169
CTGTCTTCCAGGTTACTGAG_004,177
CTGTCTTCCAGGTTACTGAG_005,40
CTGTCTTCCAGGTTACTGAG_006,70
GTACGACCCAAAGAATGAGG_001,176
GTACGACCCAAAGAATGAGG_002,139
GTACGACCCAAAGAATGAGG_003,77
GTACGACCCAAAGAATGAGG_004,72
GTACGACCCAAAGAATGAGG_005,35
GTACGACCCAAAGAATGAGG_006,133
GTACGACCCAAAGAATGAGG_007,105
GTACGACCCAAAGAATGAGG_008,134
GTACGACCCAAAGAATGAGG_009,181
GTACGACCCAAAGAATGAGG_010,154
GTACGACCCAAAGAATGAGG_011,130
GTACGACCCAAAGAATGAGG_012,116
GTACGACCCAAAGAATGAGG_013,16
CAGCACCAGGCTTTGATCGG_001,74
CAGCACCAGGCTTTGATCGG_002,62
CAGCACCAGGCTTTGATCGG_003,148
CAGCACCAGGCTTTGATCGG_004,158
CAGCACCAGGCTTTGATCGG_005,97
CAGCACCAGGCTTTGATCGG_006,52
CAGCACCAGGCTTTGATCGG_007,46
CAGCACCAGGCTTTGATCGG_008,184
CAGCACCAGGCTTTGATCGG_009,87
CAGCACCAGGCTTTGATCGG_010,87
GTCTGCACTTACGGGCACCA_001,15
GTCTGCACTTACGGGCACCA_002,32
GTCTGCACTTACGGGCACCA_003,194
GTCTGCACTTACGGGCACCA_004,7
GTCTGCACTTACGGGCACCA_005,156
GTCTGCACTTACGGGCACCA_006,193
GTCTGCACTTACGGGCACCA_007,70
GTCTGCACTTACGGGCACCA_008,104
GTCTGCACTTACGGGCACCA_009,90
CCCAAACACCTACCGGCATT_001,130
CCCAAACACCTACCGGCATT_002,138
CCCAAACACCTACCGGCATT_003,72
CCCAAACACCTACCGGCATT_004,63
CCCAAACACCTACCGGCATT_005,15
CCCAAACACCTACCGGCATT_006,94
CCCAAACACCTACCGGCATT_007,42
CCCAAACACCTACCGGCATT_008,92
CCCAAACACCTACCGGCATT_009,144
CCCAAACACCTACCGGCATT_010,43
CCCAAACACCTACCGGCATT_011,114
CCCAAACACCTACCGGCATT_012,114
CCCAAACACCTACCGGCATT_013,12
CCCAAACACCTACCGGCATT_014,1
CCCAAACACCTACCGGCATT_015,106
CCCAAACACCTACCGGCATT_016,189
TCAAACTTCCACTCCACACG_001,156
TCAAACTTCCACTCCACACG_002,162
TCAAACTTCCACTCCACACG_003,31
TCAAACTTCCACTCCACACG_004,155
TCAAACTTCCACTCCACACG_005,134
TCAAACTTCCACTCCACACG_006,50
TCAAACTTCCACTCCACACG_007,55
ATGAGCAGGAAGGCTCGGAC_001,101
ATGAGCAGGAAGGCTCGGAC_002,70
ATGAGCAGGAAGGCTCGGAC_003,34
ATGAGCAGGAAGGCTCGGAC_004,111
ATGAGCAGGAAGGCTCGGAC_005,5
ATGAGCAGGAAGGCTCGGAC_006,42
ATGAGCAGGAAGGCTCGGAC_007,64
ATGAGCAGGAAGGCTCGGAC_008,76
ATGAGCAGGAAGGCTCGGAC_009,94
ATGAGCAGGAAGGCTCGGAC_010,120
ATGAGCAGGAAGGCTCGGAC_011,84
ATGAGCAGGAAGGCTCGGAC_012,11
ATTTCCAAGAACAAGGACAC_001,5
ATTTCCAAGAACAAGGACAC_002,55
ATTTCCAAGAACAAGGACAC_003,4
ATTTCCAAGAACAAGGACAC_004,1
ATTTCCAAGAACAAGGACAC_005,88
ATTTCCAAGAACAAGGACAC_006,58
ATTTCCAAGAACAAGGACAC_007,60
ATTTCCAAGAACAAGGACAC_008,55
ATTTCCAAGAACAAGGACAC_009,14
ATTTCCAAGAACAAGGACAC_010,158
ATTTCCAAGAACAAGGACAC_011,174
ATTTCCAAGAACAAGGACAC_012,129
ATTTCCAAGAACAAGGACAC_013,111
ATTTCCAAGAACAAGGACAC_014,111
ATTTCCAAGAACAAGGACAC_015,73
ATTTCCAAGAACAAGGACAC_016,169
ATTTCCAAGAACAAGGACAC_017,67
ATTTCCAAGAACAAGGACAC_018,4
ATTTCCAAGAACAAGGACAC_019,50
ATTTCCAAGAACAAGGACAC_020,188
ATTTCCAAGAACAAGGACAC_021,186
ATTTCCAAGAACAAGGACAC_022,95
ATTTCCAAGAACAAGGACAC_023,160
ATTTCCAAGAACAAGGACAC_024,192
ATTTCCAAGAACAAGGACAC_025,148
ATTTCCAAGAACAAGGACAC_026,0
ATTTCCAAGAACAAGGACAC_027,78
ATTTCCAAGAACAAGGACAC_028,1
ATTTCCAAGAACAAGGACAC_029,81
ATTTCCAAGAACAAGGACAC_030,15
ATTTCCAAGAACAAGGACAC_031,2
ATTTCCAAGAACAAGGACAC_032,35
ATTTCCAAGAACAAGGACAC_033,69
ATTTCCAAGAACAAGGACAC_034,66
CGTGATGACCAAATTCGCTG_001,48
CGTGATGACCAAATTCGCTG_002,102
CGTGATGACCAAATTCGCTG_003,147
CGTGATGACCAAATTCGCTG_004,34
CGTGATGACCAAATTCGCTG_005,82
CGTGATGACCAAATTCGCTG_006,25
CGTGATGACCAAATTCGCTG_007,129
CGTGATGACCAAATTCGCTG_008,64
CGTGATGACCAAATTCGCTG_009,50
CTGAGCTGCCAGGTACACAC_001,139
CTGAGCTGCCAGGTACACAC_002,5
CTGAGCTGCCAGGTACACAC_003,138
CTGAGCTGCCAGGTACACAC_004,130
CTGAGCTGCCAGGTACACAC_005,123
CTGAGCTGCCAGGTACACAC_006,70
CTGAGCTGCCAGGTACACAC_007,18
CTGAGCTGCCAGGTACACAC_008,184
CTGAGCTGCCAGGTACACAC_009,34
CTGAGCTGCCAGGTACACAC_010,3
CGCACGGCGCGGGACTACTT_001,16
CGCACGGCGCGGGACTACTT_002,159
CGCACGGCGCGGGACTACTT_003,180
GAAGTCCAGAAAAATACACA_001,81
GAAGTCCAGAAAAATACACA_002,158
GAAGTCCAGAAAAATACACA_003,94
GAAGTCCAGAAAAATACACA_004,35
GAAGTCCAGAAAAATACACA_005,16
GAAGTCCAGAAAAATACACA_006,88
GAAGTCCAGAAAAATACACA_007,175
GAAGTCCAGAAAAATACACA_008,125
GAAGTCCAGAAAAATACACA_009,151
TATCCCGCCTCATTTACAGT_001,27
TATCCCGCCTCATTTACAGT_002,70
TATCCCGCCTCATTTACAGT_003,37
TATCCCGCCTCATTTACAGT_004,19
TATCCCGCCTCATTTACAGT_005,41
TATCCCGCCTCATTTACAGT_006,146
TATCCCGCCTCATTTACAGT_007,144
TATCCCGCCTCATTTACAGT_008,67
TATCCCGCCTCATTTACAGT_009,13
TATCCCGCCTCATTTACAGT_010,149
TATCCCGCCTCATTTACAGT_011,147
TATCCCGCCTCATTTACAGT_012,173
TATCCCGCCTCATTTACAGT_013,31
TATCCCGCCTCATTTACAGT_014,190
TATCCCGCCTCATTTACAGT_015,94
TATCCCGCCTCATTTACAGT_016,185
TATCCCGCCTCATTTACAGT_017,64
TATCCCGCCTCATTTACAGT_018,64
TATCCCGCCTCATTTACAGT_019,135
TGTCTCTTGACATTTAACAG_001,169
TGTCTCTTGACATTTAACAG_002,58
TGTCTCTTGACATTTAACAG_003,115
TGTCTCTTGACATTTAACAG_004,106
TGTCTCTTGACATTTAACAG_005,119
TTGGGGACCTAAGACACAGG_001,97
TTGGGGACCTAAGACACAGG_002,188
TTGGGGACCTAAGACACAGG_003,55
ACTGAAAGTTGTAAGCTGCG_001,19
ACTGAAAGTTGTAAGCTGCG_002,157
ACTGAAAGTTGTAAGCTGCG_003,121
ACTGAAAGTTGTAAGCTGCG_004,81
ACTGAAAGTTGTAAGCTGCG_005,134
ACTGAAAGTTGTAAGCTGCG_006,49
ACTGAAAGTTGTAAGCTGCG_007,175
ACTGAAAGTTGTAAGCTGCG_008,68
ACTGAAAGTTGTAAGCTGCG_009,69
ACTGAAAGTTGTAAGCTGCG_010,92
ACTGAAAGTTGTAAGCTGCG_011,176
ACTGAAAGTTGTAAGCTGCG_012,160
CCCTGCGGCTCCCAGGCTCG_001,188
CCCTGCGGCTCCCAGGCTCG_002,1
CCCTGCGGCTCCCAGGCTCG_003,48
CCCTGCGGCTCCCAGGCTCG_004,181
CCCTGCGGCTCCCAGGCTCG_005,197
CCCTGCGGCTCCCAGGCTCG_006,12
CCCTGCGGCTCCCAGGCTCG_007,70
CCCTGCGGCTCCCAGGCTCG_008,115
CCCTGCGGCTCCCAGGCTCG_009,166
CCCTGCGGCTCCCAGGCTCG_010,168
GGAGTGAATTGAGGCACTGG_001,0
GGAGTGAATTGAGGCACTGG_002,130
GGAGTGAATTGAGGCACTGG_003,106
GGAGTGAATTGAGGCACTGG_004,41
GGAGTGAATTGAGGCACTGG_005,125
GGAGTGAATTGAGGCACTGG_006,163
GGAGTGAATTGAGGCACTGG_007,145
GGAGTGAATTGAGGCACTGG_008,107
GGAGTGAATTGAGGCACTGG_009,70
CTCTCACCAGATTCCATCGT_001,78
CTCTCACCAGATTCCATCGT_002,188
CTCTCACCAGATTCCATCGT_003,0
CCGAGGAGGACTCAGATATC_001,102
CCGAGGAGGACTCAGATATC_002,8
CCGAGGAGGACTCAGATATC_003,41
CCGAGGAGGACTCAGATATC_004,105
CCGAGGAGGACTCAGATATC_005,48
CCGAGGAGGACTCAGATATC_006,138
CCGAGGAGGACTCAGATATC_007,178
CCGAGGAGGACTCAGATATC_008,8
AGCAGACGTCTAGAGCCACT_001,54
AGCAGACGTCTAGAGCCACT_002,129
AGCAGACGTCTAGAGCCACT_003,178
AGCAGACGTCTAGAGCCACT_004,163
AGCAGACGTCTAGAGCCACT_005,152
AGCAGACGTCTAGAGCCACT_006,152
AGCAGACGTCTAGAGCCACT_007,10
AGCAGACGTCTAGAGCCACT_008,106
GACAGTCAATCCTAGCACGG_001,199
GACAGTCAATCCTAGCACGG_002,165
GACAGTCAATCCTAGCACGG_003,137
GACAGTCAATCCTAGCACGG_004,106
GACAGTCAATCCTAGCACGG_005,15
GGTTCTACTTCACCCCTAAG_001,150
GGTTCTACTTCACCCCTAAG_002,158
GGTTCTACTTCACCCCTAAG_003,13
TGCAGGCACAGACATCAACG_001,172
TGCAGGCACAGACATCAACG_002,8
TGCAGGCACAGACATCAACG_003,32
TGCAGGCACAGACATCAACG_004,150
TGCAGGCACAGACATCAACG_005,49
TGCAGGCACAGACATCAACG_006,134
TGCAGGCACAGACATCAACG_007,75
TGCAGGCACAGACATCAACG_008,134
TGCAGGCACAGACATCAACG_009,39
TGCAGGCACAGACATCAACG_010,137
GTTGCGTCACAGAATACAGG_001,107
GTTGCGTCACAGAATACAGG_002,156
AGACAGTGGAGATCGACCTG_001,170
AGACAGTGGAGATCGACCTG_002,148
AGACAGTGGAGATCGACCTG_003,87
AGACAGTGGAGATCGACCTG_004,92
AGACAGTGGAGATCGACCTG_005,21
AGACAGTGGAGATCGACCTG_006,43
AGACAGTGGAGATCGACCTG_007,23
AGACAGTGGAGATCGACCTG_008,153
AGACAGTGGAGATCGACCTG_009,98
AGACAGTGGAGATCGACCTG_010,155
AGACAGTGGAGATCGACCTG_011,57
ATGTTGCGGAACTCAAAGTG_001,49
ATGTTGCGGAACTCAAAGTG_002,15
ATGTTGCGGAACTCAAAGTG_003,102
ATGTTGCGGAACTCAAAGTG_004,156
ATGTTGCGGAACTCAAAGTG_005,74
ATGTTGCGGAACTCAAAGTG_006,8
ATGTTGCGGAACTCAAAGTG_007,162
ATGTTGCGGAACTCAAAGTG_008,117
ATGTTGCGGAACTCAAAGTG_009,147
ATGTTGCGGAACTCAAAGTG_010,89
ATGTTGCGGAACTCAAAGTG_011,50
ATGTTGCGGAACTCAAAGTG_012,111
ATGTTGCGGAACTCAAAGTG_013,34
ATGTTGCGGAACTCAAAGTG_014,147
ATGTTGCGGAACTCAAAGTG_015,195
ATGTTGCGGAACTCAAAGTG_016,62
ATGTTGCGGAACTCAAAGTG_017,175
ATGTTGCGGAACTCAAAGTG_018,98
ATGTTGCGGAACTCAAAGTG_019,121
ATGTTGCGGAACTCAAAGTG_020,10
ATGTTGCGGAACTCAAAGTG_021,168
ATGTTGCGGAACTCAAAGTG_022,40
CTGCCACTGCAATACCAACG_001,115
CTGCCACTGCAATACCAACG_002,166
CTGCCACTGCAATACCAACG_003,81
CTGCCACTGCAATACCAACG_004,196
CTGCCACTGCAATACCAACG_005,10
CTGCCACTGCAATACCAACG_006,134
CTGCCACTGCAATACCAACG_007,188
CTGCCACTGCAATACCAACG_008,138
CTGCCACTGCAATACCAACG_009,169
CTGCCACTGCAATACCAACG_010,2
CTGCCACTGCAATACCAACG_011,184
CTGCCACTGCAATACCAACG_012,170
CTGCCACTGCAATACCAACG_013,127
GTTTGATCTGATCAGACGCA_001,186
GTTTGATCTGATCAGACGCA_002,114
GTTTGATCTGATCAGACGCA_003,72
AGACGTCTGGTTCAAAGAGT_001,197
CGGCGTTCAAGAGAGACTGG_001,4
CGGCGTTCAAGAGAGACTGG_002,32
CGGCGTTCAAGAGAGACTGG_003,8
CGGCGTTCAAGAGAGACTGG_004,5
CGGCGTTCAAGAGAGACTGG_005,140
CGGCGTTCAAGAGAGACTGG_006,170
CGGCGTTCAAGAGAGACTGG_007,139
CGGCGTTCAAGAGAGACTGG_008,152
CGGCGTTCAAGAGAGACTGG_009,98
CGGCGTTCAAGAGAGACTGG_010,58
CGGCGTTCAAGAGAGACTGG_011,2
CGGCGTTCAAGAGAGACTGG_012,2
CGGCGTTCAAGAGAGACTGG_013,49
CGGCGTTCAAGAGAGACTGG_014,26
CGGCGTTCAAGAGAGACTGG_015,30
CGGCGTTCAAGAGAGACTGG_016,162
CGGCGTTCAAGAGAGACTGG_017,160
CGGCGTTCAAGAGAGACTGG_018,13
CGGCGTTCAAGAGAGACTGG_019,126
CGGCGTTCAAGAGAGACTGG_020,165
CGGCGTTCAAGAGAGACTGG_021,94
CGGCGTTCAAGAGAGACTGG_022,130
CGGCGTTCAAGAGAGACTGG_023,116
CTATTACCTGGTCGGAACCC_001,144
GATCAAGATCACGTTCTAGG_001,185
GATCAAGATCACGTTCTAGG_002,67
GATCAAGATCACGTTCTAGG_003,61
GATCAAGATCACGTTCTAGG_004,48
GATCAAGATCACGTTCTAGG_005,88
GATCAAGATCACGTTCTAGG_006,188
TACATGAGTTGCTCTAGCCA_001,44
TACATGAGTTGCTCTAGCCA_002,76
TACATGAGTTGCTCTAGCCA_003,105
TACATGAGTTGCTCTAGCCA_004,127
TACATGAGTTGCTCTAGCCA_005,47
TACATGAGTTGCTCTAGCCA_006,178
TACATGAGTTGCTCTAGCCA_007,186
TACATGAGTTGCTCTAGCCA_008,127
TACATGAGTTGCTCTAGCCA_009,105
GCCTTCGGGGGCAGCTAGGT_001,91
GCCTTCGGGGGCAGCTAGGT_002,197
GCCTTCGGGGGCAGCTAGGT_003,142
GCCTTCGGGGGCAGCTAGGT_004,152
GCCTTCGGGGGCAGCTAGGT_005,146
GCCTTCGGGGGCAGCTAGGT_006,102
GCCTTCGGGGGCAGCTAGGT_007,193
GCCTTCGGGGGCAGCTAGGT_008,76
GCCTTCGGGGGCAGCTAGGT_009,172
GCCTTCGGGGGCAGCTAGGT_010,157
GCCTTCGGGGGCAGCTAGGT_011,127
GCCTTCGGGGGCAGCTAGGT_012,96
GCCTTCGGGGGCAGCTAGGT_013,155
GCCTTCGGGGGCAGCTAGGT_014,179
GCCTTCGGGGGCAGCTAGGT_015,128
GCCTTCGGGGGCAGCTAGGT_016,177
GCCTTCGGGGGCAGCTAGGT_017,13
GCCTTCGGGGGCAGCTAGGT_018,16
GCCTTCGGGGGCAGCTAGGT_019,94
GCCTTCGGGGGCAGCTAGGT_020,19
GCCTTCGGGGGCAGCTAGGT_021,48
GCCTTCGGGGGCAGCTAGGT_022,53
GCCTTCGGGGGCAGCTAGGT_023,12
GCCTTCGGGGGCAGCTAGGT_024,81
GCCTTCGGGGGCAGCTAGGT_025,6
GCCTTCGGGGGCAGCTAGGT_026,113
GCCTTCGGGGGCAGCTAGGT_027,162
GCCTTCGGGGGCAGCTAGGT_028,84
GCCTTCGGGGGCAGCTAGGT_029,171
GCCTTCGGGGGCAGCTAGGT_030,47
GCCTTCGGGGGCAGCTAGGT_031,125
GCCTTCGGGGGCAGCTAGGT_032,52
GCCTTCGGGGGCAGCTAGGT_033,148
AATGAAGAGTACAACCTCAG_001,157
AATGAAGAGTACAACCTCAG_002,147
AATGAAGAGTACAACCTCAG_003,137
AATGAAGAGTACAACCTCAG_004,137
AATGAAGAGTACAACCTCAG_005,88
AATGAAGAGTACAACCTCAG_006,130
AATGAAGAGTACAACCTCAG_007,181
AATGAAGAGTACAACCTCAG_008,166
AATGAAGAGTACAACCTCAG_009,84
AATGAAGAGTACAACCTCAG_010,49
AATGAAGAGTACAACCTCAG_011,8
AATGAAGAGTACAACCTCAG_012,159
AATGAAGAGTACAACCTCAG_013,107
AATGAAGAGTACAACCTCAG_014,127
AATGAAGAGTACAACCTCAG_015,199
AATGAAGAGTACAACCTCAG_016,139
AATGAAGAGTACAACCTCAG_017,194
AATGAAGAGTACAACCTCAG_018,67
AATGAAGAGTACAACCTCAG_019,155
AATGAAGAGTACAACCTCAG_020,142
AATGAAGAGTACAACCTCAG_021,76
AATGAAGAGTACAACCTCAG_022,94
AATGAAGAGTACAACCTCAG_023,75
ATTGATGTTCCTAGGTAGCG_001,72
ATTGATGTTCCTAGGTAGCG_002,38
ATTGATGTTCCTAGGTAGCG_003,74
ATTGATGTTCCTAGGTAGCG_004,86
ATTGATGTTCCTAGGTAGCG_005,41
ATTGATGTTCCTAGGTAGCG_006,92
ATTGATGTTCCTAGGTAGCG_007,135
ATTGATGTTCCTAGGTAGCG_008,2
ATTGATGTTCCTAGGTAGCG_009,147
ATTGATGTTCCTAGGTAGCG_010,60
ATTGATGTTCCTAGGTAGCG_011,150
ATTGATGTTCCTAGGTAGCG_012,30
ATTGATGTTCCTAGGTAGCG_013,148
ATTGATGTTCCTAGGTAGCG_014,85
ATTGATGTTCCTAGGTAGCG_015,47
ATTGATGTTCCTAGGTAGCG_016,22
ATTGATGTTCCTAGGTAGCG_017,121
ATTGATGTTCCTAGGTAGCG_018,68
ATTGATGTTCCTAGGTAGCG_019,28
ATTGATGTTCCTAGGTAGCG_020,162
ATTGATGTTCCTAGGTAGCG_021,91
CCACTCGCTCTCGAATCGCG_001,116
CCACTCGCTCTCGAATCGCG_002,6
CCACTCGCTCTCGAATCGCG_003,104
CCACTCGCTCTCGAATCGCG_004,13
CCACTCGCTCTCGAATCGCG_005,175
CCACTCGCTCTCGAATCGCG_006,42
CCACTCGCTCTCGAATCGCG_007,149
CCACTCGCTCTCGAATCGCG_008,5
CCACTCGCTCTCGAATCGCG_009,92
CCACTCGCTCTCGAATCGCG_010,85
CCACTCGCTCTCGAATCGCG_011,113
CCACTCGCTCTCGAATCGCG_012,149
CCACTCGCTCTCGAATCGCG_013,2
CCACTCGCTCTCGAATCGCG_014,9
CCACTCGCTCTCGAATCGCG_015,48
TGACAGTCTTCTCTCAAACT_001,23
TGACAGTCTTCTCTCAAACT_002,8
TGACAGTCTTCTCTCAAACT_003,115
TGACAGTCTTCTCTCAAACT_004,60
TGACAGTCTTCTCTCAAACT_005,157
TGACAGTCTTCTCTCAAACT_006,157
TGACAGTCTTCTCTCAAACT_007,4
TGACAGTCTTCTCTCAAACT_008,145
TGACAGTCTTCTCTCAAACT_009,2
TGACAGTCTTCTCTCAAACT_010,121
TGACAGTCTTCTCTCAAACT_011,168
ATCAAGCGGACACTCCTGCG_001,48
ATCAAGCGGACACTCCTGCG_002,198
ATCAAGCGGACACTCCTGCG_003,94
ATCAAGCGGACACTCCTGCG_004,130
ATCAAGCGGACACTCCTGCG_005,29
ATCAAGCGGACACTCCTGCG_006,43
ATCAAGCGGACACTCCTGCG_007,171
ATCAAGCGGACACTCCTGCG_008,157
ATCAAGCGGACACTCCTGCG_009,159
ATCAAGCGGACACTCCTGCG_010,33
ATCAAGCGGACACTCCTGCG_011,164
ATCAAGCGGACACTCCTGCG_012,164
ATCAAGCGGACACTCCTGCG_013,34
ATCAAGCGGACACTCCTGCG_014,182
ATCAAGCGGACACTCCTGCG_015,97
ATCAAGCGGACACTCCTGCG_016,26
ATCAAGCGGACACTCCTGCG_017,22
ATCAAGCGGACACTCCTGCG_018,163
CGGCAGCAGTACGTCCAGCG_001,127
CGGCAGCAGTACGTCCAGCG_002,8
CGGCAGCAGTACGTCCAGCG_003,19
GTCTTGAAGCGAGACTGGCG_001,93
GTCTTGAAGCGAGACTGGCG_002,79
GTCTTGAAGCGAGACTGGCG_003,51
GTCTTGAAGCGAGACTGGCG_004,113
GTCTTGAAGCGAGACTGGCG_005,52
GTCTTGAAGCGAGACTGGCG_006,57
GTCTTGAAGCGAGACTGGCG_007,144
GTCTTGAAGCGAGACTGGCG_008,199
GTCTTGAAGCGAGACTGGCG_009,183
GTCTTGAAGCGAGACTGGCG_010,83
GTCTTGAAGCGAGACTGGCG_011,175
TCATCGGCAATAGCAGTGTG_001,105
TCATCGGCAATAGCAGTGTG_002,94
TCATCGGCAATAGCAGTGTG_003,141
TCATCGGCAATAGCAGTGTG_004,169
TCATCGGCAATAGCAGTGTG_005,168
TCATCGGCAATAGCAGTGTG_006,176
TCATCGGCAATAGCAGTGTG_007,59
TCATCGGCAATAGCAGTGTG_008,146
TCATCGGCAATAGCAGTGTG_009,117
TCATCGGCAATAGCAGTGTG_010,45
TCATCGGCAATAGCAGTGTG_011,11
TCATCGGCAATAGCAGTGTG_012,121
TCATCGGCAATAGCAGTGTG_013,56
TCATCGGCAATAGCAGTGTG_014,12
TCATCGGCAATAGCAGTGTG_015,37
TCATCGGCAATAGCAGTGTG_016,127
TCATCGGCAATAGCAGTGTG_017,98
TCATCGGCAATAGCAGTGTG_018,6
TCATCGGCAATAGCAGTGTG_019,115
TCATCGGCAATAGCAGTGTG_020,124
TCATCGGCAATAGCAGTGTG_021,39
TCATCGGCAATAGCAGTGTG_022,46
TCATCGGCAATAGCAGTGTG_023,2
TCATCGGCAATAGCAGTGTG_024,29
TCATCGGCAATAGCAGTGTG_025,191
CATTGTGCACAAAATGAACA_001,68
CATTGTGCACAAAATGAACA_002,8
CATTGTGCACAAAATGAACA_003,145
CATTGTGCACAAAATGAACA_004,82
CATTGTGCACAAAATGAACA_005,185
CATTGTGCACAAAATGAACA_006,38
CATTGTGCACAAAATGAACA_007,180
CCGGGGACTCGGATCCCGCG_001,38
CCGGGGACTCGGATCCCGCG_002,31
CCGGGGACTCGGATCCCGCG_003,129
CCGGGGACTCGGATCCCGCG_004,48
GTGGGTAATTGATAATCCTG_001,19
GTGGGTAATTGATAATCCTG_002,58
GTGGGTAATTGATAATCCTG_003,177
GTGGGTAATTGATAATCCTG_004,160
GTGGGTAATTGATAATCCTG_005,190
GTGGGTAATTGATAATCCTG_006,155
GCAACTGGGGCACCTCAAAG_001,113
GCAACTGGGGCACCTCAAAG_002,156
GCAACTGGGGCACCTCAAAG_003,132
GCAACTGGGGCACCTCAAAG_004,104
GCAACTGGGGCACCTCAAAG_005,69
GCAACTGGGGCACCTCAAAG_006,6
GCAACTGGGGCACCTCAAAG_007,196
GCAACTGGGGCACCTCAAAG_008,96
AGTATAAAAAGGATCCAACT_001,60
CCACTACGTGACACCTGTGA_001,140
GACAGCGATCAAGACCAGTA_001,119
GACAGCGATCAAGACCAGTA_002,187
GACAGCGATCAAGACCAGTA_003,78
GACAGCGATCAAGACCAGTA_004,149
GACAGCGATCAAGACCAGTA_005,116
GACAGCGATCAAGACCAGTA_006,27
AGCACTACCTGCAGAGTAGT_001,27
AGCACTACCTGCAGAGTAGT_002,153
AGCACTACCTGCAGAGTAGT_003,18
AGCACTACCTGCAGAGTAGT_004,77
AGCACTACCTGCAGAGTAGT_005,162
AGCACTACCTGCAGAGTAGT_006,88
AGCACTACCTGCAGAGTAGT_007,111
AGCACTACCTGCAGAGTAGT_008,125
AGCACTACCTGCAGAGTAGT_009,159
AGCACTACCTGCAGAGTAGT_010,80
AGCACTACCTGCAGAGTAGT_011,107
AGCACTACCTGCAGAGTAGT_012,147
AGCACTACCTGCAGAGTAGT_013,2
AGCACTACCTGCAGAGTAGT_014,81
AGCACTACCTGCAGAGTAGT_015,184
AGCACTACCTGCAGAGTAGT_016,130
AGCACTACCTGCAGAGTAGT_017,158
AGCACTACCTGCAGAGTAGT_018,59
AGCACTACCTGCAGAGTAGT_019,113
AGCACTACCTGCAGAGTAGT_020,138
AGCACTACCTGCAGAGTAGT_021,126
AGCACTACCTGCAGAGTAGT_022,102
AGCACTACCTGCAGAGTAGT_023,78
GTCCAAAACATTCATCATTG_001,102
GTCCAAAACATTCATCATTG_002,166
GTCCAAAACATTCATCATTG_003,149
GTCCAAAACATTCATCATTG_004,132
GTCCAAAACATTCATCATTG_005,153
TGCTGATCCACAAGCCACAT_001,158
TGCTGATCCACAAGCCACAT_002,177
TGCTGATCCACAAGCCACAT_003,108
TGCTGATCCACAAGCCACAT_004,81
TGCTGATCCACAAGCCACAT_005,184
GTTCACTTACCCATATGGCA_001,36
GCTCGCCGCGAAGTGCATGG_001,50
GCTCGCCGCGAAGTGCATGG_002,55
GCTCGCCGCGAAGTGCATGG_003,115
GCTCGCCGCGAAGTGCATGG_004,151
GCTCGCCGCGAAGTGCATGG_005,18
GCTCGCCGCGAAGTGCATGG_006,24
GCTCGCCGCGAAGTGCATGG_007,19
GCTCGCCGCGAAGTGCATGG_008,150
GCTCGCCGCGAAGTGCATGG_009,174
GCTCGCCGCGAAGTGCATGG_010,88
GCTCGCCGCGAAGTGCATGG_011,179
GCTCGCCGCGAAGTGCATGG_012,80
GCTCGCCGCGAAGTGCATGG_013,103
GCTCGCCGCGAAGTGCATGG_014,37
GTTGAAGGACAAGGCGCCAG_001,48
GTTGAAGGACAAGGCGCCAG_002,22
GTTGAAGGACAAGGCGCCAG_003,22
GTTGAAGGACAAGGCGCCAG_004,62
GTTGAAGGACAAGGCGCCAG_005,68
GTTGAAGGACAAGGCGCCAG_006,75
GTTGAAGGACAAGGCGCCAG_007,159
GTTGAAGGACAAGGCGCCAG_008,2
GTTGAAGGACAAGGCGCCAG_009,51
GTTGAAGGACAAGGCGCCAG_010,17
GTTGAAGGACAAGGCGCCAG_011,163
GTTGAAGGACAAGGCGCCAG_012,115
GTTGAAGGACAAGGCGCCAG_013,53
GTTGAAGGACAAGGCGCCAG_014,90
GTTGAAGGACAAGGCGCCAG_015,53
GTTGAAGGACAAGGCGCCAG_016,30
GTTGAAGGACAAGGCGCCAG_017,196
GTTGAAGGACAAGGCGCCAG_018,185
GTTGAAGGACAAGGCGCCAG_019,176
AAGAAACGCGGCTGGCCCAA_001,191
AAGAAACGCGGCTGGCCCAA_002,147
AAGAAACGCGGCTGGCCCAA_003,146
AAGAAACGCGGCTGGCCCAA_004,198
AAGAAACGCGGCTGGCCCAA_005,15
AAGAAACGCGGCTGGCCCAA_006,2
AAGAAACGCGGCTGGCCCAA_007,38
AAGAAACGCGGCTGGCCCAA_008,183
AAGAAACGCGGCTGGCCCAA_009,161
AAGAAACGCGGCTGGCCCAA_010,116
AAGAAACGCGGCTGGCCCAA_011,17
AAGAAACGCGGCTGGCCCAA_012,43
AAGAAACGCGGCTGGCCCAA_013,97
AAGAAACGCGGCTGGCCCAA_014,145
AAGAAACGCGGCTGGCCCAA_015,138
AAGAAACGCGGCTGGCCCAA_016,107
AAGAAACGCGGCTGGCCCAA_017,2
AAGAAACGCGGCTGGCCCAA_018,148
AAGAAACGCGGCTGGCCCAA_019,60
AAGAAACGCGGCTGGCCCAA_020,80
AAGAAACGCGGCTGGCCCAA_021,80
AAGAAACGCGGCTGGCCCAA_022,78
AAGAAACGCGGCTGGCCCAA_023,191
AAGAAACGCGGCTGGCCCAA_024,61
AGTACCGGAGTACACTGGAA_001,9
AGTACCGGAGTACACTGGAA_002,81
AGTACCGGAGTACACTGGAA_003,81
AGTACCGGAGTACACTGGAA_004,94
AGTACCGGAGTACACTGGAA_005,187
AGTACCGGAGTACACTGGAA_006,33
AGTACCGGAGTACACTGGAA_007,136
AGTACCGGAGTACACTGGAA_008,138
TGGGGTGCCAAGGACCAGGA_001,89
TGGGGTGCCAAGGACCAGGA_002,39
TGGGGTGCCAAGGACCAGGA_003,49
TGGGGTGCCAAGGACCAGGA_004,180
TGGGGTGCCAAGGACCAGGA_005,28
GTGGCCGCCATAGCTATCGG_001,54
GTGGCCGCCATAGCTATCGG_002,95
CAACTACGCGGAGCGAGTGG_001,194
CAACTACGCGGAGCGAGTGG_002,170
ATAGCCAGCCTTAAACATGG_001,70
ATAGCCAGCCTTAAACATGG_002,192
ATAGCCAGCCTTAAACATGG_003,150
ATAGCCAGCCTTAAACATGG_004,196
ATAGCCAGCCTTAAACATGG_005,33
ATAGCCAGCCTTAAACATGG_006,198
ATAGCCAGCCTTAAACATGG_007,105
ATAGCCAGCCTTAAACATGG_008,140
ATAGCCAGCCTTAAACATGG_009,184
ATAGCCAGCCTTAAACATGG_010,83
ATAGCCAGCCTTAAACATGG_011,160
AAAATGAATGTCACCCAGAG_001,114
AAAATGAATGTCACCCAGAG_002,146
AAAATGAATGTCACCCAGAG_003,120
AAAATGAATGTCACCCAGAG_004,133
AAAATGAATGTCACCCAGAG_005,35
AAAATGAATGTCACCCAGAG_006,63
AAAATGAATGTCACCCAGAG_007,130
AAAATGAATGTCACCCAGAG_008,134
AAAATGAATGTCACCCAGAG_009,107
AAAATGAATGTCACCCAGAG_010,29
GAAGATGATACGCAACGGCT_001,178
GAAGATGATACGCAACGGCT_002,166
GAAGATGATACGCAACGGCT_003,186
GAAGATGATACGCAACGGCT_004,134
GAAGATGATACGCAACGGCT_005,157
GAAGATGATACGCAACGGCT_006,199
GAAGATGATACGCAACGGCT_007,168
GAAGATGATACGCAACGGCT_008,106
GAAGATGATACGCAACGGCT_009,113
GAAGATGATACGCAACGGCT_010,168
GAAGATGATACGCAACGGCT_011,61
GAAGATGATACGCAACGGCT_012,144
GAAGATGATACGCAACGGCT_013,55
GAAGATGATACGCAACGGCT_014,132
GAAGATGATACGCAACGGCT_015,32
GAAGATGATACGCAACGGCT_016,139
GAAGATGATACGCAACGGCT_017,158
GAAGATGATACGCAACGGCT_018,147
GAAGATGATACGCAACGGCT_019,28
GAAGATGATACGCAACGGCT_020,1
GAAGATGATACGCAACGGCT_021,89
TCCACGAGGGCCAACAAAAG_001,142
TCCACGAGGGCCAACAAAAG_002,185
TCCACGAGGGCCAACAAAAG_003,65
TCCACGAGGGCCAACAAAAG_004,154
TCCACGAGGGCCAACAAAAG_005,145
TCCACGAGGGCCAACAAAAG_006,27
TCCACGAGGGCCAACAAAAG_007,24
GATAGAAATAAATCCAATGG_001,150
GATAGAAATAAATCCAATGG_002,144
GATAGAAATAAATCCAATGG_003,7
ACCGTCGATGCTGTGCATTG_001,140
ACCGTCGATGCTGTGCATTG_002,166
ACCGTCGATGCTGTGCATTG_003,77
ACCGTCGATGCTGTGCATTG_004,113
ACCGTCGATGCTGTGCATTG_005,160
ACCGTCGATGCTGTGCATTG_006,123
ACCGTCGATGCTGTGCATTG_007,15
ATGTACAGTGCGCCACTCTG_001,127
ATGTACAGTGCGCCACTCTG_002,133
ATGTACAGTGCGCCACTCTG_003,48
ATGTACAGTGCGCCACTCTG_004,118
ATGTACAGTGCGCCACTCTG_005,137
ATGTACAGTGCGCCACTCTG_006,181
ATGTACAGTGCGCCACTCTG_007,32
ATGTACAGTGCGCCACTCTG_008,111
ATGTACAGTGCGCCACTCTG_009,73
ATGTACAGTGCGCCACTCTG_010,194
ATGTACAGTGCGCCACTCTG_011,77
ATGTACAGTGCGCCACTCTG_012,119
ATGTACAGTGCGCCACTCTG_013,117
ATGTACAGTGCGCCACTCTG_014,156
ATGTACAGTGCGCCACTCTG_015,172
ATGTACAGTGCGCCACTCTG_016,95
ATGTACAGTGCGCCACTCTG_017,120
ATGTACAGTGCGCCACTCTG_018,50
ATGTACAGTGCGCCACTCTG_019,198
ATGTACAGTGCGCCACTCTG_020,17
ATGTACAGTGCGCCACTCTG_021,96
ATGTACAGTGCGCCACTCTG_022,32
ATGTACAGTGCGCCACTCTG_023,194
ATGTACAGTGCGCCACTCTG_024,52
ATGTACAGTGCGCCACTCTG_025,139
ATGTACAGTGCGCCACTCTG_026,136
ATGTACAGTGCGCCACTCTG_027,52
ATGTACAGTGCGCCACTCTG_028,148
ATGTACAGTGCGCCACTCTG_029,145
ATGTACAGTGCGCCACTCTG_030,70
ATGTACAGTGCGCCACTCTG_031,84
ATGTACAGTGCGCCACTCTG_032,178
TATGCGTCGGGTAGAGAAGC_001,54
GGACAGATCACTATTTACAG_001,81
GGACAGATCACTATTTACAG_002,103
GGACAGATCACTATTTACAG_003,81
GCACGAAGTAGCCAGAGACC_001,191
GCACGAAGTAGCCAGAGACC_002,172
GCACGAAGTAGCCAGAGACC_003,177
GCACGAAGTAGCCAGAGACC_004,97
GCACGAAGTAGCCAGAGACC_005,134
GCACGAAGTAGCCAGAGACC_006,16
GCACGAAGTAGCCAGAGACC_007,143
GCACGAAGTAGCCAGAGACC_008,143
GCACGAAGTAGCCAGAGACC_009,56
GCACGAAGTAGCCAGAGACC_010,83
GCACGAAGTAGCCAGAGACC_011,176
GCACGAAGTAGCCAGAGACC_012,104
GCACGAAGTAGCCAGAGACC_013,161
GCACGAAGTAGCCAGAGACC_014,62
GCACGAAGTAGCCAGAGACC_015,153
GCACGAAGTAGCCAGAGACC_016,77
GCACGAAGTAGCCAGAGACC_017,176
GCACGAAGTAGCCAGAGACC_018,29
GGAAGTCCACCACCCACTTG_001,37
GGAAGTCCACCACCCACTTG_002,4
GGAAGTCCACCACCCACTTG_003,12
GGAAGTCCACCACCCACTTG_004,48
GGAAGTCCACCACCCACTTG_005,32
GGAAGTCCACCACCCACTTG_006,110
GGAAGTCCACCACCCACTTG_007,79
GGAAGTCCACCACCCACTTG_008,50
GGAAGTCCACCACCCACTTG_009,90
GGAAGTCCACCACCCACTTG_010,32
GGAAGTCCACCACCCACTTG_011,196
GGAAGTCCACCACCCACTTG_012,7
GGAAGTCCACCACCCACTTG_013,14
GGAAGTCCACCACCCACTTG_014,35
GGAAGTCCACCACCCACTTG_015,80
GGAAGTCCACCACCCACTTG_016,44
GGAAGTCCACCACCCACTTG_017,169
GGAAGTCCACCACCCACTTG_018,125
GGAAGTCCACCACCCACTTG_019,72
GGAAGTCCACCACCCACTTG_020,194
GGAAGTCCACCACCCACTTG_021,166
GGAAGTCCACCACCCACTTG_022,72
GGAAGTCCACCACCCACTTG_023,150
GGAAGTCCACCACCCACTTG_024,70
GGAAGTCCACCACCCACTTG_025,102
GGAAGTCCACCACCCACTTG_026,122
GGAAGTCCACCACCCACTTG_027,29
GGAAGTCCACCACCCACTTG_028,101
GGAAGTCCACCACCCACTTG_029,91
GGAAGTCCACCACCCACTTG_030,91
GGAAGTCCACCACCCACTTG_031,161
GGAAGTCCACCACCCACTTG_032,134
GGAAGTCCACCACCCACTTG_033,0
GGAAGTCCACCACCCACTTG_034,88
GGAAGTCCACCACCCACTTG_035,95
GGAAGTCCACCACCCACTTG_036,177
GGAAGTCCACCACCCACTTG_037,64
GGAAGTCCACCACCCACTTG_038,108
GGAAGTCCACCACCCACTTG_039,181
GGAAGTCCACCACCCACTTG_040,188
GGAAGTCCACCACCCACTTG_041,15
GGAAGTCCACCACCCACTTG_042,171
GGAAGTCCACCACCCACTTG_043,50
GGAAGTCCACCACCCACTTG_044,129
GGAAGTCCACCACCCACTTG_045,37
GGAAGTCCACCACCCACTTG_046,59
GGAAGTCCACCACCCACTTG_047,69
GGAAGTCCACCACCCACTTG_048,1
GGAAGTCCACCACCCACTTG_049,132
GGAAGTCCACCACCCACTTG_050,159
GGAAGTCCACCACCCACTTG_051,150
GGAAGTCCACCACCCACTTG_052,119
GGAAGTCCACCACCCACTTG_053,135
GGAAGTCCACCACCCACTTG_054,32
GGAAGTCCACCACCCACTTG_055,24
GGAAGTCCACCACCCACTTG_056,82
GGAAGTCCACCACCCACTTG_057,144
GGAAGTCCACCACCCACTTG_058,154
GGAAGTCCACCACCCACTTG_059,161
GGAAGTCCACCACCCACTTG_060,169
GGAAGTCCACCACCCACTTG_061,158
GGAAGTCCACCACCCACTTG_062,9
GGAAGTCCACCACCCACTTG_063,62
GGAAGTCCACCACCCACTTG_064,147
GGAAGTCCACCACCCACTTG_065,65
GGAAGTCCACCACCCACTTG_066,55
GGAAGTCCACCACCCACTTG_067,108
GGAAGTCCACCACCCACTTG_068,64
GGAAGTCCACCACCCACTTG_069,128
GGAAGTCCACCACCCACTTG_070,160
GGAAGTCCACCACCCACTTG_071,117
GGAAGTCCACCACCCACTTG_072,137
GGAAGTCCACCACCCACTTG_073,38
GGAAGTCCACCACCCACTTG_074,151
GGAAGTCCACCACCCACTTG_075,87
GGAAGTCCACCACCCACTTG_076,141
GGAAGTCCACCACCCACTTG_077,141
GGAAGTCCACCACCCACTTG_078,16
GGAAGTCCACCACCCACTTG_079,150
GGAAGTCCACCACCCACTTG_080,143
GGAAGTCCACCACCCACTTG_081,20
GGAAGTCCACCACCCACTTG_082,33
GGAAGTCCACCACCCACTTG_083,129
GGAAGTCCACCACCCACTTG_084,116
GGAAGTCCACCACCCACTTG_085,29
GGAAGTCCACCACCCACTTG_086,148
GGAAGTCCACCACCCACTTG_087,147
GGAAGTCCACCACCCACTTG_088,198
GGAAGTCCACCACCCACTTG_089,141
GGAAGTCCACCACCCACTTG_090,161
GGAAGTCCACCACCCACTTG_091,121
GGAAGTCCACCACCCACTTG_092,88
GGAAGTCCACCACCCACTTG_093,192
GGAAGTCCACCACCCACTTG_094,36
GGAAGTCCACCACCCACTTG_095,76
GGAAGTCCACCACCCACTTG_096,146
GGAAGTCCACCACCCACTTG_097,7
GGAAGTCCACCACCCACTTG_098,190
GGAAGTCCACCACCCACTTG_099,145
GGAAGTCCACCACCCACTTG_100,43
GGAAGTCCACCACCCACTTG_101,147
GGAAGTCCACCACCCACTTG_102,70
GGAAGTCCACCACCCACTTG_103,124
GGAAGTCCACCACCCACTTG_104,108
GGAAGTCCACCACCCACTTG_105,192
GGAAGTCCACCACCCACTTG_106,41
GGAAGTCCACCACCCACTTG_107,145
GGAAGTCCACCACCCACTTG_108,138
GGAAGTCCACCACCCACTTG_109,38
GGAAGTCCACCACCCACTTG_110,25
GGAAGTCCACCACCCACTTG_111,127
GGAAGTCCACCACCCACTTG_112,93
GGAAGTCCACCACCCACTTG_113,75
GGAAGTCCACCACCCACTTG_114,132
GGAAGTCCACCACCCACTTG_115,119
GGAAGTCCACCACCCACTTG_116,99
GGAAGTCCACCACCCACTTG_117,22
GGAAGTCCACCACCCACTTG_118,164
GGAAGTCCACCACCCACTTG_119,19
GGAAGTCCACCACCCACTTG_120,143
GGAAGTCCACCACCCACTTG_121,127
GGAAGTCCACCACCCACTTG_122,116
GGAAGTCCACCACCCACTTG_123,175
GGAAGTCCACCACCCACTTG_124,60
GGAAGTCCACCACCCACTTG_125,58
GGAAGTCCACCACCCACTTG_126,66
GGAAGTCCACCACCCACTTG_127,108
GGAAGTCCACCACCCACTTG_128,135
GGAAGTCCACCACCCACTTG_129,190
GGAAGTCCACCACCCACTTG_130,41
GGAAGTCCACCACCCACTTG_131,3
GGAAGTCCACCACCCACTTG_132,119
GGAAGTCCACCACCCACTTG_133,133
GGAAGTCCACCACCCACTTG_134,134
GGAAGTCCACCACCCACTTG_135,195
GGAAGTCCACCACCCACTTG_136,128
GGAAGTCCACCACCCACTTG_137,178
GGAAGTCCACCACCCACTTG_138,95
GGAAGTCCACCACCCACTTG_139,29
GGAAGTCCACCACCCACTTG_140,9
GGAAGTCCACCACCCACTTG_141,85
GGAAGTCCACCACCCACTTG_142,85
GGAAGTCCACCACCCACTTG_143,111
GGAAGTCCACCACCCACTTG_144,108
GGAAGTCCACCACCCACTTG_145,156
GGAAGTCCACCACCCACTTG_146,147
GGAAGTCCACCACCCACTTG_147,161
GGAAGTCCACCACCCACTTG_148,83
GGAAGTCCACCACCCACTTG_149,2
GGAAGTCCACCACCCACTTG_150,13
GGAAGTCCACCACCCACTTG_151,14
GGAAGTCCACCACCCACTTG_152,76
GGAAGTCCACCACCCACTTG_153,76
GGAAGTCCACCACCCACTTG_154,98
GGAAGTCCACCACCCACTTG_155,179
GGAAGTCCACCACCCACTTG_156,161
GGAAGTCCACCACCCACTTG_157,185
GGAAGTCCACCACCCACTTG_158,172
GGAAGTCCACCACCCACTTG_159,175
GGAAGTCCACCACCCACTTG_160,83
GGAAGTCCACCACCCACTTG_161,57
GGAAGTCCACCACCCACTTG_162,70
GGAAGTCCACCACCCACTTG_163,66
GGAAGTCCACCACCCACTTG_164,47
GGAAGTCCACCACCCACTTG_165,2
GGAAGTCCACCACCCACTTG_166,13
GGAAGTCCACCACCCACTTG_167,15
GGAAGTCCACCACCCACTTG_168,76
GGAAGTCCACCACCCACTTG_169,174
GGAAGTCCACCACCCACTTG_170,77
GGAAGTCCACCACCCACTTG_171,81
GGAAGTCCACCACCCACTTG_172,95
GGAAGTCCACCACCCACTTG_173,117
GGAAGTCCACCACCCACTTG_174,48
GGAAGTCCACCACCCACTTG_175,42
GGAAGTCCACCACCCACTTG_176,81
GGAAGTCCACCACCCACTTG_177,168
GGAAGTCCACCACCCACTTG_178,170
GGAAGTCCACCACCCACTTG_179,2
GGAAGTCCACCACCCACTTG_180,161
GGAAGTCCACCACCCACTTG_181,147
GGAAGTCCACCACCCACTTG_182,72
GGAAGTCCACCACCCACTTG_183,81
GGAAGTCCACCACCCACTTG_184,166
GGAAGTCCACCACCCACTTG_185,6
GGAAGTCCACCACCCACTTG_186,184
GGAAGTCCACCACCCACTTG_187,98
GGAAGTCCACCACCCACTTG_188,69
GGAAGTCCACCACCCACTTG_189,174
GGAAGTCCACCACCCACTTG_190,65
GGAAGTCCACCACCCACTTG_191,108
GGAAGTCCACCACCCACTTG_192,44
GGAAGTCCACCACCCACTTG_193,48
GGAAGTCCACCACCCACTTG_194,177
GGAAGTCCACCACCCACTTG_195,60
GGAAGTCCACCACCCACTTG_196,93
GGAAGTCCACCACCCACTTG_197,31
GGAAGTCCACCACCCACTTG_198,26
GGAAGTCCACCACCCACTTG_199,46
GGAAGTCCACCACCCACTTG_200,27
GGAAGTCCACCACCCACTTG_201,135
GGAAGTCCACCACCCACTTG_202,8
GGAAGTCCACCACCCACTTG_203,60
GGAAGTCCACCACCCACTTG_204,162
GGAAGTCCACCACCCACTTG_205,149
GGAAGTCCACCACCCACTTG_206,145
GGAAGTCCACCACCCACTTG_207,75
GGAAGTCCACCACCCACTTG_208,169
GGAAGTCCACCACCCACTTG_209,106
GGAAGTCCACCACCCACTTG_210,8
GGAAGTCCACCACCCACTTG_211,1
GGAAGTCCACCACCCACTTG_212,161
GGAAGTCCACCACCCACTTG_213,170
GGAAGTCCACCACCCACTTG_214,34
GGAAGTCCACCACCCACTTG_215,6
GGAAGTCCACCACCCACTTG_216,50
GGAAGTCCACCACCCACTTG_217,137
GGAAGTCCACCACCCACTTG_218,105
GGAAGTCCACCACCCACTTG_219,30
GGAAGTCCACCACCCACTTG_220,9
GGAAGTCCACCACCCACTTG_221,134
GGAAGTCCACCACCCACTTG_222,160
GGAAGTCCACCACCCACTTG_223,78
GGAAGTCCACCACCCACTTG_224,96
GGAAGTCCACCACCCACTTG_225,58
GGAAGTCCACCACCCACTTG_226,178
GGAAGTCCACCACCCACTTG_227,102
GGAAGTCCACCACCCACTTG_228,50
GGAAGTCCACCACCCACTTG_229,44
GGAAGTCCACCACCCACTTG_230,169
GGAAGTCCACCACCCACTTG_231,43
GGAAGTCCACCACCCACTTG_232,67
GGAAGTCCACCACCCACTTG_233,145
GGAAGTCCACCACCCACTTG_234,145
GGAAGTCCACCACCCACTTG_235,130
GGAAGTCCACCACCCACTTG_236,189
GGAAGTCCACCACCCACTTG_237,117
GGAAGTCCACCACCCACTTG_238,115
GGAAGTCCACCACCCACTTG_239,40
GGAAGTCCACCACCCACTTG_240,185
GGAAGTCCACCACCCACTTG_241,199
GGAAGTCCACCACCCACTTG_242,182
GGAAGTCCACCACCCACTTG_243,148
GGAAGTCCACCACCCACTTG_244,100
GGAAGTCCACCACCCACTTG_245,140
GGAAGTCCACCACCCACTTG_246,180
GGAAGTCCACCACCCACTTG_247,190
GGAAGTCCACCACCCACTTG_248,123
GGAAGTCCACCACCCACTTG_249,39
GGAAGTCCACCACCCACTTG_250,129
GGAAGTCCACCACCCACTTG_251,15
GGAAGTCCACCACCCACTTG_252,174
GGAAGTCCACCACCCACTTG_253,154
GGAAGTCCACCACCCACTTG_254,78
GGAAGTCCACCACCCACTTG_255,148
GGAAGTCCACCACCCACTTG_256,120
GGAAGTCCACCACCCACTTG_257,82
GGAAGTCCACCACCCACTTG_258,78
GGAAGTCCACCACCCACTTG_259,122
GGAAGTCCACCACCCACTTG_260,43
GGAAGTCCACCACCCACTTG_261,197
GGAAGTCCACCACCCACTTG_262,103
GGAAGTCCACCACCCACTTG_263,174
GGAAGTCCACCACCCACTTG_264,162
GGAAGTCCACCACCCACTTG_265,40
GGAAGTCCACCACCCACTTG_266,61
GGAAGTCCACCACCCACTTG_267,155
GGAAGTCCACCACCCACTTG_268,192
GGAAGTCCACCACCCACTTG_269,120
GGAAGTCCACCACCCACTTG_270,52
GGAAGTCCACCACCCACTTG_271,116
GGAAGTCCACCACCCACTTG_272,161
GGAAGTCCACCACCCACTTG_273,82
GGAAGTCCACCACCCACTTG_274,184
GGAAGTCCACCACCCACTTG_275,115
GGAAGTCCACCACCCACTTG_276,86
GGAAGTCCACCACCCACTTG_277,39
GGAAGTCCACCACCCACTTG_278,29
GGAAGTCCACCACCCACTTG_279,63
GGAAGTCCACCACCCACTTG_280,124
GGAAGTCCACCACCCACTTG_281,97
GGAAGTCCACCACCCACTTG_282,170
GGAAGTCCACCACCCACTTG_283,124
GGAAGTCCACCACCCACTTG_284,19
GGAAGTCCACCACCCACTTG_285,141
GGAAGTCCACCACCCACTTG_286,81
GGAAGTCCACCACCCACTTG_287,13
GGAAGTCCACCACCCACTTG_288,90
GGAAGTCCACCACCCACTTG_289,161
GGAAGTCCACCACCCACTTG_290,44
GGAAGTCCACCACCCACTTG_291,30
GGAAGTCCACCACCCACTTG_292,19
GGAAGTCCACCACCCACTTG_293,30
GGAAGTCCACCACCCACTTG_294,52
GGAAGTCCACCACCCACTTG_295,27
GGAAGTCCACCACCCACTTG_296,147
GGAAGTCCACCACCCACTTG_297,74
GGAAGTCCACCACCCACTTG_298,198
GGAAGTCCACCACCCACTTG_299,4
GGAAGTCCACCACCCACTTG_300,63
GGAAGTCCACCACCCACTTG_301,40
GGAAGTCCACCACCCACTTG_302,152
GGAAGTCCACCACCCACTTG_303,166
GGAAGTCCACCACCCACTTG_304,31
GGAAGTCCACCACCCACTTG_305,75
GGAAGTCCACCACCCACTTG_306,124
GGAAGTCCACCACCCACTTG_307,125
GGAAGTCCACCACCCACTTG_308,27
GGAAGTCCACCACCCACTTG_309,126
GGAAGTCCACCACCCACTTG_310,30
GGAAGTCCACCACCCACTTG_311,185
GGAAGTCCACCACCCACTTG_312,136
GGAAGTCCACCACCCACTTG_313,74
GGAAGTCCACCACCCACTTG_314,6
GGAAGTCCACCACCCACTTG_315,1
GGAAGTCCACCACCCACTTG_316,156
GGAAGTCCACCACCCACTTG_317,148
GGAAGTCCACCACCCACTTG_318,121
GGAAGTCCACCACCCACTTG_319,148
GGAAGTCCACCACCCACTTG_320,78
GGAAGTCCACCACCCACTTG_321,131
GGAAGTCCACCACCCACTTG_322,94
GGAAGTCCACCACCCACTTG_323,19
GGAAGTCCACCACCCACTTG_324,180
GGAAGTCCACCACCCACTTG_325,39
GGAAGTCCACCACCCACTTG_326,179
GGAAGTCCACCACCCACTTG_327,76
GGAAGTCCACCACCCACTTG_328,108
GGAAGTCCACCACCCACTTG_329,124
GGAAGTCCACCACCCACTTG_330,10
GGAAGTCCACCACCCACTTG_331,16
GGAAGTCCACCACCCACTTG_332,77
GGAAGTCCACCACCCACTTG_333,28
GGAAGTCCACCACCCACTTG_334,90
GGAAGTCCACCACCCACTTG_335,66
GGAAGTCCACCACCCACTTG_336,78
GGAAGTCCACCACCCACTTG_337,68
GGAAGTCCACCACCCACTTG_338,144
GGAAGTCCACCACCCACTTG_339,104
GGAAGTCCACCACCCACTTG_340,172
GGAAGTCCACCACCCACTTG_341,131
GGAAGTCCACCACCCACTTG_342,70
GGAAGTCCACCACCCACTTG_343,168
GGAAGTCCACCACCCACTTG_344,81
GGAAGTCCACCACCCACTTG_345,2
GGAAGTCCACCACCCACTTG_346,120
GGAAGTCCACCACCCACTTG_347,180
GGAAGTCCACCACCCACTTG_348,81
GGAAGTCCACCACCCACTTG_349,168
GGAAGTCCACCACCCACTTG_350,34
GGAAGTCCACCACCCACTTG_351,175
GGAAGTCCACCACCCACTTG_352,49
GGAAGTCCACCACCCACTTG_353,46
GGAAGTCCACCACCCACTTG_354,76
GGAAGTCCACCACCCACTTG_355,137
GGAAGTCCACCACCCACTTG_356,168
GGAAGTCCACCACCCACTTG_357,169
GGAAGTCCACCACCCACTTG_358,49
GGAAGTCCACCACCCACTTG_359,112
GGAAGTCCACCACCCACTTG_360,162
GGAAGTCCACCACCCACTTG_361,98
GGAAGTCCACCACCCACTTG_362,39
GGAAGTCCACCACCCACTTG_363,124
GGAAGTCCACCACCCACTTG_364,142
GGAAGTCCACCACCCACTTG_365,50
GGAAGTCCACCACCCACTTG_366,178
GGAAGTCCACCACCCACTTG_367,131
GGAAGTCCACCACCCACTTG_368,52
GGAAGTCCACCACCCACTTG_369,66
GGAAGTCCACCACCCACTTG_370,3
GGAAGTCCACCACCCACTTG_371,34
GGAAGTCCACCACCCACTTG_372,108
GGAAGTCCACCACCCACTTG_373,148
GGAAGTCCACCACCCACTTG_374,63
GGAAGTCCACCACCCACTTG_375,63
GGAAGTCCACCACCCACTTG_376,0
GGAAGTCCACCACCCACTTG_377,130
GGAAGTCCACCACCCACTTG_378,152
GGAAGTCCACCACCCACTTG_379,33
GGAAGTCCACCACCCACTTG_380,90
GGAAGTCCACCACCCACTTG_381,113
GGAAGTCCACCACCCACTTG_382,35
GGAAGTCCACCACCCACTTG_383,177
GGAAGTCCACCACCCACTTG_384,134
GGAAGTCCACCACCCACTTG_385,6
GGAAGTCCACCACCCACTTG_386,197
GGAAGTCCACCACCCACTTG_387,178
GGAAGTCCACCACCCACTTG_388,161
GGAAGTCCACCACCCACTTG_389,188
GGAAGTCCACCACCCACTTG_390,87
GGAAGTCCACCACCCACTTG_391,34
GGAAGTCCACCACCCACTTG_392,33
GGAAGTCCACCACCCACTTG_393,39
GGAAGTCCACCACCCACTTG_394,55
GGAAGTCCACCACCCACTTG_395,77
GGAAGTCCACCACCCACTTG_396,22
GGAAGTCCACCACCCACTTG_397,169
GGAAGTCCACCACCCACTTG_398,28
GGAAGTCCACCACCCACTTG_399,184
GGAAGTCCACCACCCACTTG_400,174
GGAAGTCCACCACCCACTTG_401,52
GGAAGTCCACCACCCACTTG_402,63
GGAAGTCCACCACCCACTTG_403,136
GGAAGTCCACCACCCACTTG_404,68
GGAAGTCCACCACCCACTTG_405,127
GGAAGTCCACCACCCACTTG_406,100
GGAAGTCCACCACCCACTTG_407,35
GGAAGTCCACCACCCACTTG_408,39
GGAAGTCCACCACCCACTTG_409,39
GGAAGTCCACCACCCACTTG_410,121
GGAAGTCCACCACCCACTTG_411,88
GGAAGTCCACCACCCACTTG_412,55
GGAAGTCCACCACCCACTTG_413,33
GGAAGTCCACCACCCACTTG_414,165
GGAAGTCCACCACCCACTTG_415,169
GGAAGTCCACCACCCACTTG_416,50
GGAAGTCCACCACCCACTTG_417,161
GGAAGTCCACCACCCACTTG_418,111
GGAAGTCCACCACCCACTTG_419,39
GGAAGTCCACCACCCACTTG_420,119
GGAAGTCCACCACCCACTTG_421,170
GGAAGTCCACCACCCACTTG_422,104
GGAAGTCCACCACCCACTTG_423,88
GGAAGTCCACCACCCACTTG_424,153
GGAAGTCCACCACCCACTTG_425,144
GGAAGTCCACCACCCACTTG_426,13
GGAAGTCCACCACCCACTTG_427,10
GGAAGTCCACCACCCACTTG_428,124
GGAAGTCCACCACCCACTTG_429,2
GGAAGTCCACCACCCACTTG_430,47
GGAAGTCCACCACCCACTTG_431,7
GGAAGTCCACCACCCACTTG_432,100
GGAAGTCCACCACCCACTTG_433,61
GGAAGTCCACCACCCACTTG_434,89
GGAAGTCCACCACCCACTTG_435,136
GGAAGTCCACCACCCACTTG_436,105
GGAAGTCCACCACCCACTTG_437,94
GGAAGTCCACCACCCACTTG_438,92
GGAAGTCCACCACCCACTTG_439,190
GGAAGTCCACCACCCACTTG_440,18
GGAAGTCCACCACCCACTTG_441,110
GGAAGTCCACCACCCACTTG_442,110
GGAAGTCCACCACCCACTTG_443,30
GGAAGTCCACCACCCACTTG_444,49
GGAAGTCCACCACCCACTTG_445,48
GGAAGTCCACCACCCACTTG_446,178
GGAAGTCCACCACCCACTTG_447,137
GGAAGTCCACCACCCACTTG_448,147
GGAAGTCCACCACCCACTTG_449,177
GGAAGTCCACCACCCACTTG_450,52
GGAAGTCCACCACCCACTTG_451,13
GGAAGTCCACCACCCACTTG_452,83
GGAAGTCCACCACCCACTTG_453,91
GGAAGTCCACCACCCACTTG_454,13
GGAAGTCCACCACCCACTTG_455,67
GGAAGTCCACCACCCACTTG_456,9
GGAAGTCCACCACCCACTTG_457,125
GGAAGTCCACCACCCACTTG_458,13
GGAAGTCCACCACCCACTTG_459,74
CAGCCAAGTTTGGGACAGAA_001,60
CAGCCAAGTTTGGGACAGAA_002,60
CAGCCAAGTTTGGGACAGAA_003,70
CAGCCAAGTTTGGGACAGAA_004,145
CAGCCAAGTTTGGGACAGAA_005,10
CAGCCAAGTTTGGGACAGAA_006,142
CAGCCAAGTTTGGGACAGAA_007,69
AGAGGATGGCCCTGTTGGCA_001,147
TCAATTCATCTACCAGAAGC_001,40
TCCCACCAGGGAGTGAACCG_001,69
TCCCACCAGGGAGTGAACCG_002,166
TCCCACCAGGGAGTGAACCG_003,83
TCCCACCAGGGAGTGAACCG_004,6
TCCCACCAGGGAGTGAACCG_005,61
TCCCACCAGGGAGTGAACCG_006,49
TCCCACCAGGGAGTGAACCG_007,0
GCTTTGGGAGTAGTACACTC_001,103
GCTTTGGGAGTAGTACACTC_002,12
GCTTTGGGAGTAGTACACTC_003,75
GCTTTGGGAGTAGTACACTC_004,137
GCTTTGGGAGTAGTACACTC_005,29
GCTTTGGGAGTAGTACACTC_006,22
GCTTTGGGAGTAGTACACTC_007,48
GCTTTGGGAGTAGTACACTC_008,14
GCTTTGGGAGTAGTACACTC_009,53
GCTTTGGGAGTAGTACACTC_010,83
ATTTGGCGACTGCTTCACAA_001,26
ATTTGGCGACTGCTTCACAA_002,10
ATTTGGCGACTGCTTCACAA_003,75
ATTTGGCGACTGCTTCACAA_004,14
ATTTGGCGACTGCTTCACAA_005,72
ATTTGGCGACTGCTTCACAA_006,148
ATTTGGCGACTGCTTCACAA_007,1
ATTTGGCGACTGCTTCACAA_008,144
ATTTGGCGACTGCTTCACAA_009,19
ATTTGGCGACTGCTTCACAA_010,158
ATTTGGCGACTGCTTCACAA_011,185
GAGGCAACAAGGCACGTCAG_001,69
GAGGCAACAAGGCACGTCAG_002,98
GAGGCAACAAGGCACGTCAG_003,141
GAGGCAACAAGGCACGTCAG_004,177
GAGGCAACAAGGCACGTCAG_005,130
GAGGCAACAAGGCACGTCAG_006,28
GAGGCAACAAGGCACGTCAG_007,52
GAGGCAACAAGGCACGTCAG_008,4
GAGGCAACAAGGCACGTCAG_009,121
GAGGCAACAAGGCACGTCAG_010,169
GAGGCAACAAGGCACGTCAG_011,64
GAGGCAACAAGGCACGTCAG_012,64
GAGGCAACAAGGCACGTCAG_013,91
GAGGCAACAAGGCACGTCAG_014,169
GAGGCAACAAGGCACGTCAG_015,150
GAGGCAACAAGGCACGTCAG_016,62
GAGGCAACAAGGCACGTCAG_017,150
GAGGCAACAAGGCACGTCAG_018,148
GAGGCAACAAGGCACGTCAG_019,119
GAGGCAACAAGGCACGTCAG_020,160
GAGGCAACAAGGCACGTCAG_021,81
GAGGCAACAAGGCACGTCAG_022,88
GAGGCAACAAGGCACGTCAG_023,1
GAGGCAACAAGGCACGTCAG_024,88
GAGGCAACAAGGCACGTCAG_025,146
GAGGCAACAAGGCACGTCAG_026,188
GAGGCAACAAGGCACGTCAG_027,13
GAGGCAACAAGGCACGTCAG_028,52
GAGGCAACAAGGCACGTCAG_029,130
CCTCGGGGAACGTATCACTG_001,129
CCTCGGGGAACGTATCACTG_002,15
CCTCGGGGAACGTATCACTG_003,150
CCTCGGGGAACGTATCACTG_004,158
CCTCGGGGAACGTATCACTG_005,149
CCTCGGGGAACGTATCACTG_006,59
CCTCGGGGAACGTATCACTG_007,1
CCTCGGGGAACGTATCACTG_008,114
CCTCGGGGAACGTATCACTG_009,18
CCTCGGGGAACGTATCACTG_010,122
CCTCGGGGAACGTATCACTG_011,145
CCTCGGGGAACGTATCACTG_012,121
CCTCGGGGAACGTATCACTG_013,192
CCTCGGGGAACGTATCACTG_014,0
CCTCGGGGAACGTATCACTG_015,15
CCTCGGGGAACGTATCACTG_016,82
CCTCGGGGAACGTATCACTG_017,138
CCTCGGGGAACGTATCACTG_018,141
GGCAAGCATTAAACGCAACA_001,162
GGCAAGCATTAAACGCAACA_002,12
GGCAAGCATTAAACGCAACA_003,23
GGCAAGCATTAAACGCAACA_004,87
GGCAAGCATTAAACGCAACA_005,69
GGCAAGCATTAAACGCAACA_006,8
GGCAAGCATTAAACGCAACA_007,143
ATGTTCCTGTACTCGTGCGC_001,42
ATGTTCCTGTACTCGTGCGC_002,153
ATCAGAGCGACAGTACATGG_001,88
ATCAGAGCGACAGTACATGG_002,188
ATCAGAGCGACAGTACATGG_003,147
ATCAGAGCGACAGTACATGG_004,68
ATCAGAGCGACAGTACATGG_005,183
ATCAGAGCGACAGTACATGG_006,1
ATCAGAGCGACAGTACATGG_007,147
ATCAGAGCGACAGTACATGG_008,69
ATCAGAGCGACAGTACATGG_009,74
ATCAGAGCGACAGTACATGG_010,182
ATCAGAGCGACAGTACATGG_011,146
ATCAGAGCGACAGTACATGG_012,26
ATCAGAGCGACAGTACATGG_013,74
ATCAGAGCGACAGTACATGG_014,75
ATTTACTTACAATCAGGTGT_001,23
ATTTACTTACAATCAGGTGT_002,104
ATTTACTTACAATCAGGTGT_003,175
GGCTATGACTATTCGCAGCA_001,38
GGCTATGACTATTCGCAGCA_002,183
TGTGCCGGACGTGTAGAACA_001,166
TGTGCCGGACGTGTAGAACA_002,155
TGTGCCGGACGTGTAGAACA_003,10
AGCAACGGCCTCAGGGCATG_001,55
AGCAACGGCCTCAGGGCATG_002,114
AGCAACGGCCTCAGGGCATG_003,126
AGCAACGGCCTCAGGGCATG_004,169
AGCAACGGCCTCAGGGCATG_005,145
AGCAACGGCCTCAGGGCATG_006,35
AGCAACGGCCTCAGGGCATG_007,48
AGCAACGGCCTCAGGGCATG_008,107
AGCAACGGCCTCAGGGCATG_009,158
AGGCAACTACCCAAAACCAT_001,144
AGGCAACTACCCAAAACCAT_002,73
CGAGCAGCCCGACGTCGGGT_001,105
CGAGCAGCCCGACGTCGGGT_002,30
CGAGCAGCCCGACGTCGGGT_003,52
CGAGCAGCCCGACGTCGGGT_004,98
CGAGCAGCCCGACGTCGGGT_005,90
CGAGCAGCCCGACGTCGGGT_006,169
CGAGCAGCCCGACGTCGGGT_007,108
CGAGCAGCCCGACGTCGGGT_008,124
CGAGCAGCCCGACGTCGGGT_009,142
GAAGCCCAAAGCCTTTGTTG_001,152
GAAGCCCAAAGCCTTTGTTG_002,62
GAAGCCCAAAGCCTTTGTTG_003,88
GAAGCCCAAAGCCTTTGTTG_004,185
GAAGCCCAAAGCCTTTGTTG_005,138
GAAGCCCAAAGCCTTTGTTG_006,50
GAAGCCCAAAGCCTTTGTTG_007,23
GAAGCCCAAAGCCTTTGTTG_008,23
GAAGCCCAAAGCCTTTGTTG_009,7
GAAGCCCAAAGCCTTTGTTG_010,10
GAAGCCCAAAGCCTTTGTTG_011,78
GCTGCCCACAGATCGAGGTG_001,80
GCTGCCCACAGATCGAGGTG_002,80
GCTGCCCACAGATCGAGGTG_003,169
GCTGCCCACAGATCGAGGTG_004,122
GCTGCCCACAGATCGAGGTG_005,32
GCTGCCCACAGATCGAGGTG_006,158
GCTGCCCACAGATCGAGGTG_007,175
GCTGCCCACAGATCGAGGTG_008,10
GCTGCCCACAGATCGAGGTG_009,129
GCTGCCCACAGATCGAGGTG_010,94
GCTGCCCACAGATCGAGGTG_011,35
GCTGCCCACAGATCGAGGTG_012,108
GCTGCCCACAGATCGAGGTG_013,168
GCTGCCCACAGATCGAGGTG_014,34
GCTGCCCACAGATCGAGGTG_015,191
GCTGCCCACAGATCGAGGTG_016,165
GCTGCCCACAGATCGAGGTG_017,152
GCTGCCCACAGATCGAGGTG_018,197
GCTGCCCACAGATCGAGGTG_019,100
GCTGCCCACAGATCGAGGTG_020,19
GCTGCCCACAGATCGAGGTG_021,168
GCTGCCCACAGATCGAGGTG_022,103
GCTGCCCACAGATCGAGGTG_023,164
GCTGCCCACAGATCGAGGTG_024,35
GCTGCCCACAGATCGAGGTG_025,172
TCGGTGCCATCAAATCATTA_001,157
TCGGTGCCATCAAATCATTA_002,0
TCGGTGCCATCAAATCATTA_003,144
TCGGTGCCATCAAATCATTA_004,31
TCGGTGCCATCAAATCATTA_005,92
TCGGTGCCATCAAATCATTA_006,120
GTTCAAGACTAGAATGTCAT_001,8
GTTCAAGACTAGAATGTCAT_002,13
GTTCAAGACTAGAATGTCAT_003,108
GTTCAAGACTAGAATGTCAT_004,121
GTTCAAGACTAGAATGTCAT_005,84
GTTCAAGACTAGAATGTCAT_006,152
GTTCAAGACTAGAATGTCAT_007,124
GTTCAAGACTAGAATGTCAT_008,150
GTTCAAGACTAGAATGTCAT_009,98
GTTCAAGACTAGAATGTCAT_010,115
GTTCAAGACTAGAATGTCAT_011,63
ACTATATTAGGGCGCTGGTG_001,69
ACTATATTAGGGCGCTGGTG_002,127
ACTATATTAGGGCGCTGGTG_003,184
ACTATATTAGGGCGCTGGTG_004,136
ACTATATTAGGGCGCTGGTG_005,103
CCCAACTGGTCAAAGCACAG_001,96
CCCAACTGGTCAAAGCACAG_002,49
CCCAACTGGTCAAAGCACAG_003,89
CCCAACTGGTCAAAGCACAG_004,143
CCCAACTGGTCAAAGCACAG_005,69
CCCAACTGGTCAAAGCACAG_006,128
CCCAACTGGTCAAAGCACAG_007,93
CCCAACTGGTCAAAGCACAG_008,105
TGGTATGCTTTGCTAAAGTG_001,163
TGGTATGCTTTGCTAAAGTG_002,172
TGGTATGCTTTGCTAAAGTG_003,12
TGGTATGCTTTGCTAAAGTG_004,9
TGGTATGCTTTGCTAAAGTG_005,3
TGGTATGCTTTGCTAAAGTG_006,177
TGGTATGCTTTGCTAAAGTG_007,148
TGGTATGCTTTGCTAAAGTG_008,158
CGTGACCGGGAGATGCCTGA_001,110
CGTGACCGGGAGATGCCTGA_002,141
CGTGACCGGGAGATGCCTGA_003,157
CGTGACCGGGAGATGCCTGA_004,8
CGTGACCGGGAGATGCCTGA_005,8
CGTGACCGGGAGATGCCTGA_006,32
CGTGACCGGGAGATGCCTGA_007,53
CGTGACCGGGAGATGCCTGA_008,194
CGTGACCGGGAGATGCCTGA_009,180
CGTGACCGGGAGATGCCTGA_010,144
TCACCTAGAGCAGCTAAAGG_001,118
TCACCTAGAGCAGCTAAAGG_002,178
TCACCTAGAGCAGCTAAAGG_003,71
TCACCTAGAGCAGCTAAAGG_004,42
TCACCTAGAGCAGCTAAAGG_005,150
TGGGATAAGAATAATGTGCT_001,88
TGGGATAAGAATAATGTGCT_002,29
TGGGATAAGAATAATGTGCT_003,87
TGGGATAAGAATAATGTGCT_004,115
TGGGATAAGAATAATGTGCT_005,78
TGGGATAAGAATAATGTGCT_006,157
TGGGATAAGAATAATGTGCT_007,41
TGGGATAAGAATAATGTGCT_008,58
GCGAACATCAAAGCCCTCGG_001,68
GCGAACATCAAAGCCCTCGG_002,127
GCGAACATCAAAGCCCTCGG_003,0
GCGAACATCAAAGCCCTCGG_004,162
GCGAACATCAAAGCCCTCGG_005,116
GCGAACATCAAAGCCCTCGG_006,101
GCGAACATCAAAGCCCTCGG_007,48
GCGAACATCAAAGCCCTCGG_008,141
GCGAACATCAAAGCCCTCGG_009,36
GCGAACATCAAAGCCCTCGG_010,80
GCGAACATCAAAGCCCTCGG_011,121
GCGAACATCAAAGCCCTCGG_012,184
GGTCACGACACAACATCCAG_001,116
GGTCACGACACAACATCCAG_002,105
GGTCACGACACAACATCCAG_003,99
GGTCACGACACAACATCCAG_004,6
GCATCACAAGTTTGCCATCG_001,71
GCATCACAAGTTTGCCATCG_002,115
GCATCACAAGTTTGCCATCG_003,126
GCATCACAAGTTTGCCATCG_004,185
GCATCACAAGTTTGCCATCG_005,185
GCATCACAAGTTTGCCATCG_006,101
GCATCACAAGTTTGCCATCG_007,54
GCATCACAAGTTTGCCATCG_008,13
GCATCACAAGTTTGCCATCG_009,80
GCATCACAAGTTTGCCATCG_010,41
GCATCACAAGTTTGCCATCG_011,175
GCATCACAAGTTTGCCATCG_012,142
GCATCACAAGTTTGCCATCG_013,43
GCATCACAAGTTTGCCATCG_014,180
TACTGACCATGCTCCCACGG_001,78
TACTGACCATGCTCCCACGG_002,17
TACTGACCATGCTCCCACGG_003,194
TACTGACCATGCTCCCACGG_004,195
ACTGGCCAGAGATCGCAGAG_001,115
ACTGGCCAGAGATCGCAGAG_002,23
ACTGGCCAGAGATCGCAGAG_003,30
ACTGGCCAGAGATCGCAGAG_004,118
ACTGGCCAGAGATCGCAGAG_005,158
ACTGGCCAGAGATCGCAGAG_006,81
ACTGGCCAGAGATCGCAGAG_007,175
ACTGGCCAGAGATCGCAGAG_008,94
ACTGGCCAGAGATCGCAGAG_009,6
ACTGGCCAGAGATCGCAGAG_010,6
ACTGGCCAGAGATCGCAGAG_011,127
ACTGGCCAGAGATCGCAGAG_012,29
ACTGGCCAGAGATCGCAGAG_013,188
ATATCCACATCATCGACCAA_001,176
ATATCCACATCATCGACCAA_002,63
ATATCCACATCATCGACCAA_003,105
ATATCCACATCATCGACCAA_004,94
ATATCCACATCATCGACCAA_005,107
ATATCCACATCATCGACCAA_006,158
ATATCCACATCATCGACCAA_007,22
ATATCCACATCATCGACCAA_008,36
ATATCCACATCATCGACCAA_009,168
AATCGAATAGCTGATCCCTG_001,168
AATCGAATAGCTGATCCCTG_002,115
AATCGAATAGCTGATCCCTG_003,121
AATCGAATAGCTGATCCCTG_004,37
AATCGAATAGCTGATCCCTG_005,120
AATCGAATAGCTGATCCCTG_006,137
AATCGAATAGCTGATCCCTG_007,129
AATCGAATAGCTGATCCCTG_008,130
AATCGAATAGCTGATCCCTG_009,10
AATCGAATAGCTGATCCCTG_010,166
TGCTCTGCCAGCATGTCCGG_001,16
TGCTCTGCCAGCATGTCCGG_002,78
TGCTCTGCCAGCATGTCCGG_003,88
TGCTCTGCCAGCATGTCCGG_004,55
TGCTCTGCCAGCATGTCCGG_005,41
TGCTCTGCCAGCATGTCCGG_006,156
TGCTCTGCCAGCATGTCCGG_007,26
TGCTCTGCCAGCATGTCCGG_008,37
TGCTCTGCCAGCATGTCCGG_009,27
TGCTCTGCCAGCATGTCCGG_010,74
TGCTCTGCCAGCATGTCCGG_011,129
TGCTCTGCCAGCATGTCCGG_012,147
TGCTCTGCCAGCATGTCCGG_013,39
TGCTCTGCCAGCATGTCCGG_014,130
TAGAGTTGAAGAATAAGTTG_001,34
TAGAGTTGAAGAATAAGTTG_002,188
TAGAGTTGAAGAATAAGTTG_003,94
TAGAGTTGAAGAATAAGTTG_004,147
TAGAGTTGAAGAATAAGTTG_005,1
TAGAGTTGAAGAATAAGTTG_006,57
CATGGGATACTTGCCTCCGC_001,134
CATGGGATACTTGCCTCCGC_002,18
GCAGCAGAGGAATATCACAT_001,29
GCAGCAGAGGAATATCACAT_002,142
GCAGCAGAGGAATATCACAT_003,80
GCAGCAGAGGAATATCACAT_004,105
CTTTATTATCCACATAGTGG_001,31
CTTTATTATCCACATAGTGG_002,162
CTTTATTATCCACATAGTGG_003,2
TGACCTGGTGCACGACACAG_001,44
TGACCTGGTGCACGACACAG_002,115
TGACCTGGTGCACGACACAG_003,147
TGACCTGGTGCACGACACAG_004,9
TGACCTGGTGCACGACACAG_005,137
TGACCTGGTGCACGACACAG_006,195
TGACCTGGTGCACGACACAG_007,108
TGACCTGGTGCACGACACAG_008,163
TGACCTGGTGCACGACACAG_009,92
TGACCTGGTGCACGACACAG_010,160
TGACCTGGTGCACGACACAG_011,108
TGACCTGGTGCACGACACAG_012,19
TGACCTGGTGCACGACACAG_013,170
TGACCTGGTGCACGACACAG_014,8
AGCGTAAGTATAGCTCACTG_001,154
AGCGTAAGTATAGCTCACTG_002,111
AGCGTAAGTATAGCTCACTG_003,1
AGCGTAAGTATAGCTCACTG_004,54
AGCGTAAGTATAGCTCACTG_005,174
AGCGTAAGTATAGCTCACTG_006,116
AGCGTAAGTATAGCTCACTG_007,116
AGCGTAAGTATAGCTCACTG_008,94
CCACATTCGTACCCGAACCT_001,127
CCACATTCGTACCCGAACCT_002,80
CCACATTCGTACCCGAACCT_003,108
CCACATTCGTACCCGAACCT_004,172
CCACATTCGTACCCGAACCT_005,169
CCACATTCGTACCCGAACCT_006,25
CCACATTCGTACCCGAACCT_007,192
CCACATTCGTACCCGAACCT_008,135
CCACATTCGTACCCGAACCT_009,184
CCACATTCGTACCCGAACCT_010,194
CCACATTCGTACCCGAACCT_011,142
CCACATTCGTACCCGAACCT_012,90
CCACATTCGTACCCGAACCT_013,108
GCGTCTACTGGTACCAGCAG_001,16
GCGTCTACTGGTACCAGCAG_002,83
GCGTCTACTGGTACCAGCAG_003,158
GCGTCTACTGGTACCAGCAG_004,52
GCGTCTACTGGTACCAGCAG_005,149
GCGTCTACTGGTACCAGCAG_006,91
GCGTCTACTGGTACCAGCAG_007,27
GCGTCTACTGGTACCAGCAG_008,27
GGCAGCTTCATCCGTGCTAG_001,52
GGCAGCTTCATCCGTGCTAG_002,41
GGCAGCTTCATCCGTGCTAG_003,12
GGCAGCTTCATCCGTGCTAG_004,130
GGCAGCTTCATCCGTGCTAG_005,27
GGCAGCTTCATCCGTGCTAG_006,89
GGCAGCTTCATCCGTGCTAG_007,68
GGCAGCTTCATCCGTGCTAG_008,167
GGCAGCTTCATCCGTGCTAG_009,41
GGCAGCTTCATCCGTGCTAG_010,165
AAAAACGGGTCACTATCCCA_001,70
AAAAACGGGTCACTATCCCA_002,192
AAAAACGGGTCACTATCCCA_003,34
AAAAACGGGTCACTATCCCA_004,166
AAAAACGGGTCACTATCCCA_005,43
AAAAACGGGTCACTATCCCA_006,103
AAAAACGGGTCACTATCCCA_007,33
AAAAACGGGTCACTATCCCA_008,134
AAAAACGGGTCACTATCCCA_009,1
AAAAACGGGTCACTATCCCA_010,148
AAAAACGGGTCACTATCCCA_011,86
AAAAACGGGTCACTATCCCA_012,155
ATCTCTAGATCCCATTAACG_001,94
ATCTCTAGATCCCATTAACG_002,99
ATCTCTAGATCCCATTAACG_003,3
AGGCATATGAGTTGTCCCAG_001,181
AGGCATATGAGTTGTCCCAG_002,80
AGGCATATGAGTTGTCCCAG_003,146
AGGCATATGAGTTGTCCCAG_004,179
TCCCGCACGGCACATCACTG_001,138
TCCCGCACGGCACATCACTG_002,77
TCCCGCACGGCACATCACTG_003,61
TCCCGCACGGCACATCACTG_004,123
TCCCGCACGGCACATCACTG_005,42
TCCCGCACGGCACATCACTG_006,42
TCCCGCACGGCACATCACTG_007,192
TCCCGCACGGCACATCACTG_008,93
TCCCGCACGGCACATCACTG_009,93
TCCCGCACGGCACATCACTG_010,174
TCCCGCACGGCACATCACTG_011,67
TCCCGCACGGCACATCACTG_012,92
TCCCGCACGGCACATCACTG_013,45
TCCCGCACGGCACATCACTG_014,129
TCCCGCACGGCACATCACTG_015,161
TCCCGCACGGCACATCACTG_016,36
TCCCGCACGGCACATCACTG_017,147
AAATGTTACTCTGTATGTGT_001,50
AAATGTTACTCTGTATGTGT_002,144
TTAATAGGGATCACATGCAG_001,88
TTAATAGGGATCACATGCAG_002,123
TTAATAGGGATCACATGCAG_003,111
TTAATAGGGATCACATGCAG_004,8
ACACGGAGCGAACTTTCTCA_001,172
ACACGGAGCGAACTTTCTCA_002,77
ACACGGAGCGAACTTTCTCA_003,148
ACACGGAGCGAACTTTCTCA_004,104
ACACGGAGCGAACTTTCTCA_005,7
ACACGGAGCGAACTTTCTCA_006,140
ACACGGAGCGAACTTTCTCA_007,1
ACACGGAGCGAACTTTCTCA_008,38
ACAGCAGGTACACGAACACC_001,155
ACAGCAGGTACACGAACACC_002,139
ACAGCAGGTACACGAACACC_003,40
ACAGCAGGTACACGAACACC_004,133
ACAGCAGGTACACGAACACC_005,5
ACAGCAGGTACACGAACACC_006,149
ACAGCAGGTACACGAACACC_007,199
ACAGCAGGTACACGAACACC_008,19
ACAGCAGGTACACGAACACC_009,49
ACAGCAGGTACACGAACACC_010,1
ACAGCAGGTACACGAACACC_011,154
ACAGCAGGTACACGAACACC_012,6
ACAGCAGGTACACGAACACC_013,108
ACAGCAGGTACACGAACACC_014,44
ACAGCAGGTACACGAACACC_015,96
ACAGCAGGTACACGAACACC_016,94
ACAGCAGGTACACGAACACC_017,49
ACAGCAGGTACACGAACACC_018,39
ACCCCCCTTCAGGATCCGTG_001,181
ACCCCCCTTCAGGATCCGTG_002,74
ACCCCCCTTCAGGATCCGTG_003,50
ACCCCCCTTCAGGATCCGTG_004,2
ACCCCCCTTCAGGATCCGTG_005,162
ACCCCCCTTCAGGATCCGTG_006,130
ACCCCCCTTCAGGATCCGTG_007,64
ACCCCCCTTCAGGATCCGTG_008,120
ACCCCCCTTCAGGATCCGTG_009,22
ACCCCCCTTCAGGATCCGTG_010,143
ACCCCCCTTCAGGATCCGTG_011,171
ACCCCCCTTCAGGATCCGTG_012,177
ACCCCCCTTCAGGATCCGTG_013,28
ACCCCCCTTCAGGATCCGTG_014,86
CCTCTTCTCTCGTAGCTACG_001,116
CCTCTTCTCTCGTAGCTACG_002,69
CCTCTTCTCTCGTAGCTACG_003,128
CAGAGTAGATGGCTACGGTG_001,58
CAGAGTAGATGGCTACGGTG_002,160
CAGAGTAGATGGCTACGGTG_003,162
CAGAGTAGATGGCTACGGTG_004,67
GCTCGCGAGAAAGATGGCAA_001,126
GCTCGCGAGAAAGATGGCAA_002,160
GCTCGCGAGAAAGATGGCAA_003,102
GCTCGCGAGAAAGATGGCAA_004,170
ACACTACATTGCTGGCACCA_001,83
AGGTACCCCCTGTACCGGCT_001,95
AGGTACCCCCTGTACCGGCT_002,8
AGGTACCCCCTGTACCGGCT_003,165
AGGTACCCCCTGTACCGGCT_004,54
AGGTACCCCCTGTACCGGCT_005,84
AGGTACCCCCTGTACCGGCT_006,88
AGGTACCCCCTGTACCGGCT_007,180
AGGTACCCCCTGTACCGGCT_008,70
AGGTACCCCCTGTACCGGCT_009,170
AAAGCGGTCACCTTCCACAT_001,41
AAAGCGGTCACCTTCCACAT_002,112
AAAGCGGTCACCTTCCACAT_003,98
AAAGCGGTCACCTTCCACAT_004,69
AAAGCGGTCACCTTCCACAT_005,137
AAAGCGGTCACCTTCCACAT_006,112
AAAGCGGTCACCTTCCACAT_007,121
AAAGCGGTCACCTTCCACAT_008,3
AAAGCGGTCACCTTCCACAT_009,66
AAAGCGGTCACCTTCCACAT_010,171
TTGAATCAGACGAAGTGGGG_001,158
TTGAATCAGACGAAGTGGGG_002,183
TTGAATCAGACGAAGTGGGG_003,160
TTGAATCAGACGAAGTGGGG_004,145
TTGAATCAGACGAAGTGGGG_005,70
TTGAATCAGACGAAGTGGGG_006,28
GTGCAGCTGAAGTTCACATG_001,86
GTGCAGCTGAAGTTCACATG_002,24
GTGCAGCTGAAGTTCACATG_003,70
GTGCAGCTGAAGTTCACATG_004,87
GTGCAGCTGAAGTTCACATG_005,77
GTGCAGCTGAAGTTCACATG_006,48
GTGCAGCTGAAGTTCACATG_007,26
GTGCAGCTGAAGTTCACATG_008,158
GTGCAGCTGAAGTTCACATG_009,40
GTGCAGCTGAAGTTCACATG_010,94
GTGCAGCTGAAGTTCACATG_011,94
GTGCAGCTGAAGTTCACATG_012,180
GTGCAGCTGAAGTTCACATG_013,41
GTGCAGCTGAAGTTCACATG_014,182
GTGCAGCTGAAGTTCACATG_015,9
CATGAAGCGAGTCTGCCGTG_001,11
CATGAAGCGAGTCTGCCGTG_002,121
CATGAAGCGAGTCTGCCGTG_003,181
CATGAAGCGAGTCTGCCGTG_004,120
CATGAAGCGAGTCTGCCGTG_005,180
CATGAAGCGAGTCTGCCGTG_006,137
CATGAAGCGAGTCTGCCGTG_007,168
CATGAAGCGAGTCTGCCGTG_008,133
CATGAAGCGAGTCTGCCGTG_009,90
CATGAAGCGAGTCTGCCGTG_010,108
CATGAAGCGAGTCTGCCGTG_011,126
AGTTACTCAGGAGCAACAAG_001,90
AGTTACTCAGGAGCAACAAG_002,5
AGTTACTCAGGAGCAACAAG_003,9
AGTTACTCAGGAGCAACAAG_004,69
AGTTACTCAGGAGCAACAAG_005,172
AGTTACTCAGGAGCAACAAG_006,2
AGTTACTCAGGAGCAACAAG_007,83
AGTTACTCAGGAGCAACAAG_008,94
AGTTATCCAGAACCAACAGC_001,86
AGTTATCCAGAACCAACAGC_002,4
AGTTATCCAGAACCAACAGC_003,49
TGGTGGAGGATTTAGCTCAG_001,85
TGGTGGAGGATTTAGCTCAG_002,163
TGGTGGAGGATTTAGCTCAG_003,188
TGGTGGAGGATTTAGCTCAG_004,82
TGGTGGAGGATTTAGCTCAG_005,191
TGGTGGAGGATTTAGCTCAG_006,184
TGGTGGAGGATTTAGCTCAG_007,115
TGGTGGAGGATTTAGCTCAG_008,130
TGGTGGAGGATTTAGCTCAG_009,36
TGGTGGAGGATTTAGCTCAG_010,6
TGGTGGAGGATTTAGCTCAG_011,106
TGGTGGAGGATTTAGCTCAG_012,64
AATAAAGGTTAATACAGCAG_001,27
AATAAAGGTTAATACAGCAG_002,113
ACGCCCTGCATGACCCGTCG_001,58
ACGCCCTGCATGACCCGTCG_002,97
ACGCCCTGCATGACCCGTCG_003,94
ACGCCCTGCATGACCCGTCG_004,69
ACGCCCTGCATGACCCGTCG_005,3
TTATCAGCGAATACATCATG_001,82
TTATCAGCGAATACATCATG_002,0
TTATCAGCGAATACATCATG_003,117
TATGTGGGACTAGTATTCCT_001,69
TATGTGGGACTAGTATTCCT_002,99
TATGTGGGACTAGTATTCCT_003,150
TATGTGGGACTAGTATTCCT_004,17
TATGTGGGACTAGTATTCCT_005,194
GGCAGTAGAACAGCTCGATG_001,76
GGCAGTAGAACAGCTCGATG_002,26
GGCAGTAGAACAGCTCGATG_003,156
GGCAGTAGAACAGCTCGATG_004,42
GGCAGTAGAACAGCTCGATG_005,174
GGCAGTAGAACAGCTCGATG_006,146
GGCAGTAGAACAGCTCGATG_007,20
GGCAGTAGAACAGCTCGATG_008,141
GGCAGTAGAACAGCTCGATG_009,152
GGCAGTAGAACAGCTCGATG_010,162
GGCAGTAGAACAGCTCGATG_011,191
GGCAGTAGAACAGCTCGATG_012,96
GGCAGTAGAACAGCTCGATG_013,17
GGCAGTAGAACAGCTCGATG_014,124
ACTGGGGATATAGAGGTCAG_001,17
ACTGGGGATATAGAGGTCAG_002,61
ACTGGGGATATAGAGGTCAG_003,185
ACTGGGGATATAGAGGTCAG_004,33
CAAAGAACTAGACTTCACCA_001,192
CAAAGAACTAGACTTCACCA_002,166
CAAAGAACTAGACTTCACCA_003,45
CAAAGAACTAGACTTCACCA_004,148
CACTGAACAATCGCACAAAG_001,127
CACTGAACAATCGCACAAAG_002,93
CACTGAACAATCGCACAAAG_003,199
CACTGAACAATCGCACAAAG_004,145
CACTGAACAATCGCACAAAG_005,169
CACTGAACAATCGCACAAAG_006,148
GGTGTCACCGCCCATCTCAA_001,130
GGTGTCACCGCCCATCTCAA_002,56
GGTGTCACCGCCCATCTCAA_003,117
GGTGTCACCGCCCATCTCAA_004,146
GGTGTCACCGCCCATCTCAA_005,174
GGTGTCACCGCCCATCTCAA_006,118
GGTGTCACCGCCCATCTCAA_007,136
GGTGTCACCGCCCATCTCAA_008,41
GGTGTCACCGCCCATCTCAA_009,172
GGTGTCACCGCCCATCTCAA_010,49
GGTGTCACCGCCCATCTCAA_011,65
GGTGTCACCGCCCATCTCAA_012,130
GGTGTCACCGCCCATCTCAA_013,116
GGTGTCACCGCCCATCTCAA_014,10
AGCCCAGGCCTCCATAGCCA_001,176
AGCCCAGGCCTCCATAGCCA_002,60
AGCCCAGGCCTCCATAGCCA_003,84
AGCCCAGGCCTCCATAGCCA_004,6
AGCCCAGGCCTCCATAGCCA_005,80
AGCCCAGGCCTCCATAGCCA_006,182
AGCCCAGGCCTCCATAGCCA_007,142
AGCCCAGGCCTCCATAGCCA_008,113
AGCCCAGGCCTCCATAGCCA_009,57
AGCCCAGGCCTCCATAGCCA_010,121
AGCCCAGGCCTCCATAGCCA_011,29
AGCCCAGGCCTCCATAGCCA_012,55
AGCCCAGGCCTCCATAGCCA_013,17
AGCCCAGGCCTCCATAGCCA_014,94
AGCCCAGGCCTCCATAGCCA_015,184
AGCCCAGGCCTCCATAGCCA_016,181
AGCCCAGGCCTCCATAGCCA_017,188
AGCCCAGGCCTCCATAGCCA_018,41
AGCCCAGGCCTCCATAGCCA_019,49
AGCCCAGGCCTCCATAGCCA_020,188
AGCCCAGGCCTCCATAGCCA_021,8
AGCCCAGGCCTCCATAGCCA_022,7
AGCCCAGGCCTCCATAGCCA_023,142
AGCCCAGGCCTCCATAGCCA_024,6
AGCCCAGGCCTCCATAGCCA_025,157
AGCCCAGGCCTCCATAGCCA_026,183
AGCCCAGGCCTCCATAGCCA_027,123
AGCCCAGGCCTCCATAGCCA_028,62
AGCCCAGGCCTCCATAGCCA_029,95
AGCCCAGGCCTCCATAGCCA_030,32
AGCCCAGGCCTCCATAGCCA_031,38
AGCCCAGGCCTCCATAGCCA_032,70
AGCCCAGGCCTCCATAGCCA_033,147
AGCCCAGGCCTCCATAGCCA_034,77
AGCCCAGGCCTCCATAGCCA_035,56
AGCCCAGGCCTCCATAGCCA_036,191
AGCCCAGGCCTCCATAGCCA_037,0
AGCCCAGGCCTCCATAGCCA_038,180
AGCCCAGGCCTCCATAGCCA_039,48
AGCCCAGGCCTCCATAGCCA_040,66
CAGGAACCAAATCATCACAG_001,194
CAGGAACCAAATCATCACAG_002,44
CAGGAACCAAATCATCACAG_003,174
CAGGAACCAAATCATCACAG_004,12
CAGGAACCAAATCATCACAG_005,61
CAGGAACCAAATCATCACAG_006,113
CAGGAACCAAATCATCACAG_007,142
GTGCTGGTACCAGGACCCGT_001,15
GTGCTGGTACCAGGACCCGT_002,48
GGGGACCGGATCCTGGACAT_001,154
GGGGACCGGATCCTGGACAT_002,125
GGGGACCGGATCCTGGACAT_003,193
GGGGACCGGATCCTGGACAT_004,108
GGGGACCGGATCCTGGACAT_005,37
GGGGACCGGATCCTGGACAT_006,88
GGGGACCGGATCCTGGACAT_007,199
GGGGACCGGATCCTGGACAT_008,182
GGAACCACTGCAGTCACGAG_001,20
GGAACCACTGCAGTCACGAG_002,49
GGAACCACTGCAGTCACGAG_003,96
GGAACCACTGCAGTCACGAG_004,32
GGAACCACTGCAGTCACGAG_005,95
GGAACCACTGCAGTCACGAG_006,175
GGAACCACTGCAGTCACGAG_007,149
GGAACCACTGCAGTCACGAG_008,121
GGAACCACTGCAGTCACGAG_009,189
GGAACCACTGCAGTCACGAG_010,82
GGAACCACTGCAGTCACGAG_011,53
GGAACCACTGCAGTCACGAG_012,177
GGAACCACTGCAGTCACGAG_013,56
GGAACCACTGCAGTCACGAG_014,81
GGAACCACTGCAGTCACGAG_015,63
GGAACCACTGCAGTCACGAG_016,63
GGAACCACTGCAGTCACGAG_017,24
GGAACCACTGCAGTCACGAG_018,33
TCAGTATGTCTGTCAGGACA_001,60
TCAGTATGTCTGTCAGGACA_002,187
CAGGGCCTGATCAAGATCCG_001,9
CAGGGCCTGATCAAGATCCG_002,191
CAGGGCCTGATCAAGATCCG_003,60
CAGGGCCTGATCAAGATCCG_004,28
CAGGGCCTGATCAAGATCCG_005,166
CAGGGCCTGATCAAGATCCG_006,125
CAGGGCCTGATCAAGATCCG_007,170
CAGGGCCTGATCAAGATCCG_008,59
CAGGGCCTGATCAAGATCCG_009,12
CAGGGCCTGATCAAGATCCG_010,134
CAGGGCCTGATCAAGATCCG_011,134
CAGGGCCTGATCAAGATCCG_012,161
CAGGGCCTGATCAAGATCCG_013,178
CAGGGCCTGATCAAGATCCG_014,9
CAGGGCCTGATCAAGATCCG_015,68
CAGGGCCTGATCAAGATCCG_016,92
CAGGGCCTGATCAAGATCCG_017,92
CAGGGCCTGATCAAGATCCG_018,135
CAGGGCCTGATCAAGATCCG_019,112
CAGGGCCTGATCAAGATCCG_020,6
AAGGCTGTTTGCGAAAATGG_001,49
AAGGCTGTTTGCGAAAATGG_002,7
AAGGCTGTTTGCGAAAATGG_003,2
AAGGCTGTTTGCGAAAATGG_004,105
AAGGCTGTTTGCGAAAATGG_005,8
AAGGCTGTTTGCGAAAATGG_006,147
AAGGCTGTTTGCGAAAATGG_007,63
AAGGCTGTTTGCGAAAATGG_008,199
AAGGCTGTTTGCGAAAATGG_009,172
AAGGCTGTTTGCGAAAATGG_010,48
CAGTACCCACCCATGGTAAG_001,168
CAGTACCCACCCATGGTAAG_002,113
CAGTACCCACCCATGGTAAG_003,158
CAGTACCCACCCATGGTAAG_004,70
CAGTACCCACCCATGGTAAG_005,176
CAGTACCCACCCATGGTAAG_006,88
CAGTACCCACCCATGGTAAG_007,171
CAGTACCCACCCATGGTAAG_008,182
CAGTACCCACCCATGGTAAG_009,5
CAGTACCCACCCATGGTAAG_010,26
CAGTACCCACCCATGGTAAG_011,112
CAGTACCCACCCATGGTAAG_012,117
CAGTACCCACCCATGGTAAG_013,144
CAGTACCCACCCATGGTAAG_014,174
CAGTACCCACCCATGGTAAG_015,12
CAGTACCCACCCATGGTAAG_016,77
CAGTACCCACCCATGGTAAG_017,41
CAGTACCCACCCATGGTAAG_018,146
CAGTACCCACCCATGGTAAG_019,84
CAGTACCCACCCATGGTAAG_020,34
CAGTACCCACCCATGGTAAG_021,87
CAGTACCCACCCATGGTAAG_022,185
CGTACCGCGCCGTCCCCGTG_001,130
CGTACCGCGCCGTCCCCGTG_002,20
CGTACCGCGCCGTCCCCGTG_003,103
CGTACCGCGCCGTCCCCGTG_004,134
CGTACCGCGCCGTCCCCGTG_005,28
CGTACCGCGCCGTCCCCGTG_006,137
CGTACCGCGCCGTCCCCGTG_007,63
CGTACCGCGCCGTCCCCGTG_008,3
CGTACCGCGCCGTCCCCGTG_009,138
CGTACCGCGCCGTCCCCGTG_010,50
GGAATCGATTTGAAGGAACA_001,8
GGAATCGATTTGAAGGAACA_002,8
GGAATCGATTTGAAGGAACA_003,29
GGAATCGATTTGAAGGAACA_004,155
GGCCCTGAGGAGGTGTTACA_001,16
GGCCCTGAGGAGGTGTTACA_002,83
GGCCCTGAGGAGGTGTTACA_003,56
GGCCCTGAGGAGGTGTTACA_004,5
GGCCCTGAGGAGGTGTTACA_005,182
GGCCCTGAGGAGGTGTTACA_006,44
GGCCCTGAGGAGGTGTTACA_007,149
GGCCCTGAGGAGGTGTTACA_008,127
GGCCCTGAGGAGGTGTTACA_009,184
GGCCCTGAGGAGGTGTTACA_010,49
GGCCCTGAGGAGGTGTTACA_011,58
GGCCCTGAGGAGGTGTTACA_012,170
GGCCCTGAGGAGGTGTTACA_013,68
ACAGCATTGAGAAATCGGGC_001,23
ACAGCATTGAGAAATCGGGC_002,23
ACAGCATTGAGAAATCGGGC_003,178
ACAGCATTGAGAAATCGGGC_004,76
ACAGCATTGAGAAATCGGGC_005,184
ACAGCATTGAGAAATCGGGC_006,195
ACAGCATTGAGAAATCGGGC_007,131
ACAGCATTGAGAAATCGGGC_008,166
ACAGCATTGAGAAATCGGGC_009,166
ACAGCATTGAGAAATCGGGC_010,40
ACAGCATTGAGAAATCGGGC_011,160
AAGCAAGCCAAAGCTTCAGA_001,54
AAGCAAGCCAAAGCTTCAGA_002,115
AAGCAAGCCAAAGCTTCAGA_003,83
AAGCAAGCCAAAGCTTCAGA_004,134
AAGCAAGCCAAAGCTTCAGA_005,157
AAGCAAGCCAAAGCTTCAGA_006,195
AAGCAAGCCAAAGCTTCAGA_007,192
AAGCAAGCCAAAGCTTCAGA_008,148
AAGCAAGCCAAAGCTTCAGA_009,34
AAGCAAGCCAAAGCTTCAGA_010,168
AAGCAAGCCAAAGCTTCAGA_011,144
TTGGAGACATACCAGACGCG_001,19
TTGGAGACATACCAGACGCG_002,148
TTTGCAAGAATCCGTCCTCG_001,54
TTTGCAAGAATCCGTCCTCG_002,102
TTTGCAAGAATCCGTCCTCG_003,102
TTTGCAAGAATCCGTCCTCG_004,183
TTTGCAAGAATCCGTCCTCG_005,183
TTTGCAAGAATCCGTCCTCG_006,83
TTTGCAAGAATCCGTCCTCG_007,15
TTTGCAAGAATCCGTCCTCG_008,113
TTTGCAAGAATCCGTCCTCG_009,22
TTTGCAAGAATCCGTCCTCG_010,77
TTTGCAAGAATCCGTCCTCG_011,82
TTTGCAAGAATCCGTCCTCG_012,127
TTTGCAAGAATCCGTCCTCG_013,4
TTTGCAAGAATCCGTCCTCG_014,197
TTTGCAAGAATCCGTCCTCG_015,199
TTTGCAAGAATCCGTCCTCG_016,43
TTTGCAAGAATCCGTCCTCG_017,94
TTTGCAAGAATCCGTCCTCG_018,49
TTTGCAAGAATCCGTCCTCG_019,77
TTTGCAAGAATCCGTCCTCG_020,62
TTTGCAAGAATCCGTCCTCG_021,10
TTTGCAAGAATCCGTCCTCG_022,162
CCTGAAACGAGTCTTAAGTG_001,168
CCTGAAACGAGTCTTAAGTG_002,191
CCTGAAACGAGTCTTAAGTG_003,78
CCTGAAACGAGTCTTAAGTG_004,31
CCTGAAACGAGTCTTAAGTG_005,140
CCTGAAACGAGTCTTAAGTG_006,74
CCTGAAACGAGTCTTAAGTG_007,48
CCTGAAACGAGTCTTAAGTG_008,184
CCTGAAACGAGTCTTAAGTG_009,13
CCTGAAACGAGTCTTAAGTG_010,142
CCTGAAACGAGTCTTAAGTG_011,34
ATGACGGAAATCGGGCTGAG_001,35
ATGACGGAAATCGGGCTGAG_002,118
ATGACGGAAATCGGGCTGAG_003,160
ATGACGGAAATCGGGCTGAG_004,64
ATGACGGAAATCGGGCTGAG_005,26
ATGACGGAAATCGGGCTGAG_006,36
ATGACGGAAATCGGGCTGAG_007,34
ATGACGGAAATCGGGCTGAG_008,118
ATGACGGAAATCGGGCTGAG_009,130
ATGACGGAAATCGGGCTGAG_010,48
ATGACGGAAATCGGGCTGAG_011,42
ATGACGGAAATCGGGCTGAG_012,127
ATGACGGAAATCGGGCTGAG_013,4
ATGACGGAAATCGGGCTGAG_014,10
ATGACGGAAATCGGGCTGAG_015,125
ATGACGGAAATCGGGCTGAG_016,183
ATGACGGAAATCGGGCTGAG_017,103
ATGACGGAAATCGGGCTGAG_018,113
ATGACGGAAATCGGGCTGAG_019,13
ATGACGGAAATCGGGCTGAG_020,22
ATGACGGAAATCGGGCTGAG_021,51
ATGACGGAAATCGGGCTGAG_022,195
ATGACGGAAATCGGGCTGAG_023,153
ATGACGGAAATCGGGCTGAG_024,130
ATGACGGAAATCGGGCTGAG_025,129
ATGACGGAAATCGGGCTGAG_026,91
ATGACGGAAATCGGGCTGAG_027,179
ATGACGGAAATCGGGCTGAG_028,43
ATGACGGAAATCGGGCTGAG_029,45
ATGACGGAAATCGGGCTGAG_030,154
ATGACGGAAATCGGGCTGAG_031,85
ATGACGGAAATCGGGCTGAG_032,29
ATGACGGAAATCGGGCTGAG_033,21
ATGACGGAAATCGGGCTGAG_034,163
ATGACGGAAATCGGGCTGAG_035,121
ATGACGGAAATCGGGCTGAG_036,108
ATGACGGAAATCGGGCTGAG_037,190
ATGACGGAAATCGGGCTGAG_038,39
ATGACGGAAATCGGGCTGAG_039,138
ATGACGGAAATCGGGCTGAG_040,196
CCACGGAGAGACAGAGCATG_001,182
CCACGGAGAGACAGAGCATG_002,15
CCACGGAGAGACAGAGCATG_003,165
CCACGGAGAGACAGAGCATG_004,77
CCACGGAGAGACAGAGCATG_005,4
CCACGGAGAGACAGAGCATG_006,145
CCACGGAGAGACAGAGCATG_007,34
CCACGGAGAGACAGAGCATG_008,141
CCACGGAGAGACAGAGCATG_009,98
CCACGGAGAGACAGAGCATG_010,76
CCACGGAGAGACAGAGCATG_011,66
CCACGGAGAGACAGAGCATG_012,188
CCACGGAGAGACAGAGCATG_013,0
CCACGGAGAGACAGAGCATG_014,45
CCACGGAGAGACAGAGCATG_015,81
CCACGGAGAGACAGAGCATG_016,168
CCACGGAGAGACAGAGCATG_017,48
CCACGGAGAGACAGAGCATG_018,28
CCACGGAGAGACAGAGCATG_019,174
GCTTTCCCATGCCTGAGCAA_001,49
GCTTTCCCATGCCTGAGCAA_002,79
GCTTTCCCATGCCTGAGCAA_003,186
GCTTTCCCATGCCTGAGCAA_004,150
GCTTTCCCATGCCTGAGCAA_005,197
GCTTTCCCATGCCTGAGCAA_006,162
GCTTTCCCATGCCTGAGCAA_007,63
TGTGGTAGAGAAACCCCAGC_001,5
TGTGGTAGAGAAACCCCAGC_002,127
TGTGGTAGAGAAACCCCAGC_003,65
TGTGGTAGAGAAACCCCAGC_004,176
TGTGGTAGAGAAACCCCAGC_005,58
TGTGGTAGAGAAACCCCAGC_006,137
TGTGGTAGAGAAACCCCAGC_007,10
TGTGGTAGAGAAACCCCAGC_008,106
GTCTTCAATAGAAGTCCGGG_001,115
GTCTTCAATAGAAGTCCGGG_002,192
GTCTTCAATAGAAGTCCGGG_003,82
GTCTTCAATAGAAGTCCGGG_004,190
CCGGCGAAGAAGCTCAAGAG_001,157
CCGGCGAAGAAGCTCAAGAG_002,141
CCGGCGAAGAAGCTCAAGAG_003,67
CCGGCGAAGAAGCTCAAGAG_004,78
CCGGCGAAGAAGCTCAAGAG_005,191
CCGGCGAAGAAGCTCAAGAG_006,101
CCGGCGAAGAAGCTCAAGAG_007,195
CCGGCGAAGAAGCTCAAGAG_008,78
CCGGCGAAGAAGCTCAAGAG_009,141
CCGGCGAAGAAGCTCAAGAG_010,30
CCGGCGAAGAAGCTCAAGAG_011,172
CCGGCGAAGAAGCTCAAGAG_012,114
CCGGCGAAGAAGCTCAAGAG_013,192
CCGGCGAAGAAGCTCAAGAG_014,165
CCGGCGAAGAAGCTCAAGAG_015,166
CCGGCGAAGAAGCTCAAGAG_016,68
CCGGCGAAGAAGCTCAAGAG_017,114
CCGGCGAAGAAGCTCAAGAG_018,81
CTTGTGTGGATATATGATTG_001,134
CTTGTGTGGATATATGATTG_002,53
CTTGTGTGGATATATGATTG_003,90
CTTGTGTGGATATATGATTG_004,10
CTTGTGTGGATATATGATTG_005,151
TCCCAAGATACTCCTATTTG_001,42
TGTTTCAAAGCATGTGACAG_001,149
TGTTTCAAAGCATGTGACAG_002,84
TGTTTCAAAGCATGTGACAG_003,33
CTGGGCAAGGACACAATGGG_001,8
CTGGGCAAGGACACAATGGG_002,58
CTGGGCAAGGACACAATGGG_003,33
CTGGGCAAGGACACAATGGG_004,1
CTGGGCAAGGACACAATGGG_005,72
CTGGGCAAGGACACAATGGG_006,188
CTGGGCAAGGACACAATGGG_007,149
CTGGGCAAGGACACAATGGG_008,16
CTGGGCAAGGACACAATGGG_009,40
CTGGGCAAGGACACAATGGG_010,121
CTGGGCAAGGACACAATGGG_011,150
CTGGGCAAGGACACAATGGG_012,158
CTGGGCAAGGACACAATGGG_013,98
CTGGGCAAGGACACAATGGG_014,0
CTGGGCAAGGACACAATGGG_015,163
CTGGGCAAGGACACAATGGG_016,82
CTGGGCAAGGACACAATGGG_017,49
CTGGGCAAGGACACAATGGG_018,127
CTGGGCAAGGACACAATGGG_019,177
CTGGGCAAGGACACAATGGG_020,174
CTGGGCAAGGACACAATGGG_021,91
CTGGGCAAGGACACAATGGG_022,46
CTGGGCAAGGACACAATGGG_023,0
CTGGGCAAGGACACAATGGG_024,137
CTGGGCAAGGACACAATGGG_025,27
CTGGGCAAGGACACAATGGG_026,78
CTGGGCAAGGACACAATGGG_027,55
CTGGGCAAGGACACAATGGG_028,162
CTGGGCAAGGACACAATGGG_029,0
CTGGGCAAGGACACAATGGG_030,140
CCACCAGTGACCAACACCCA_001,63
CCACCAGTGACCAACACCCA_002,45
CCACCAGTGACCAACACCCA_003,95
CCACCAGTGACCAACACCCA_004,1
CCACCAGTGACCAACACCCA_005,125
CCACCAGTGACCAACACCCA_006,159
CCACCAGTGACCAACACCCA_007,55
CCACCAGTGACCAACACCCA_008,119
CCACCAGTGACCAACACCCA_009,61
CCACCAGTGACCAACACCCA_010,65
CCACCAGTGACCAACACCCA_011,89
CCACCAGTGACCAACACCCA_012,92
CCACCAGTGACCAACACCCA_013,105
CCACCAGTGACCAACACCCA_014,150
CCACCAGTGACCAACACCCA_015,1
CCACCAGTGACCAACACCCA_016,27
CCACCAGTGACCAACACCCA_017,58
CCACCAGTGACCAACACCCA_018,196
CCACCAGTGACCAACACCCA_019,172
CCACCAGTGACCAACACCCA_020,8
CCACCAGTGACCAACACCCA_021,27
CCACCAGTGACCAACACCCA_022,107
CCACCAGTGACCAACACCCA_023,30
CCACCAGTGACCAACACCCA_024,136
CCACCAGTGACCAACACCCA_025,48
CCACCAGTGACCAACACCCA_026,172
CCACCAGTGACCAACACCCA_027,152
CCACCAGTGACCAACACCCA_028,173
CCACCAGTGACCAACACCCA_029,192
CCACCAGTGACCAACACCCA_030,67
ACACCTGATTCACACCCGAG_001,28
ACACCTGATTCACACCCGAG_002,92
ACACCTGATTCACACCCGAG_003,75
CTGATGCAGACAGTCAACGA_001,106
CTGATGCAGACAGTCAACGA_002,35
CAAGGATGGGGATTCAAGGA_001,181
AGGCACAACACAGTTCAAGG_001,153
AGGCACAACACAGTTCAAGG_002,49
AGGCACAACACAGTTCAAGG_003,198
AGGCACAACACAGTTCAAGG_004,58
AGGCACAACACAGTTCAAGG_005,15
AGGCACAACACAGTTCAAGG_006,1
AGGCACAACACAGTTCAAGG_007,98
AGGCACAACACAGTTCAAGG_008,15
AGGCACAACACAGTTCAAGG_009,62
AGGCACAACACAGTTCAAGG_010,115
AGGCACAACACAGTTCAAGG_011,174
AGGCACAACACAGTTCAAGG_012,88
AGGCACAACACAGTTCAAGG_013,82
AGGCACAACACAGTTCAAGG_014,147
AGGCACAACACAGTTCAAGG_015,156
AGGCACAACACAGTTCAAGG_016,163
AGGCACAACACAGTTCAAGG_017,77
AGGCACAACACAGTTCAAGG_018,108
AGGCACAACACAGTTCAAGG_019,158
AGGCACAACACAGTTCAAGG_020,102
AGGCACAACACAGTTCAAGG_021,49
AGGCACAACACAGTTCAAGG_022,185
AGGCACAACACAGTTCAAGG_023,190
AGGCACAACACAGTTCAAGG_024,181
AGGCACAACACAGTTCAAGG_025,145
AGGCACAACACAGTTCAAGG_026,149
AGGCACAACACAGTTCAAGG_027,94
AGGCACAACACAGTTCAAGG_028,123
AGGCACAACACAGTTCAAGG_029,150
AGGCACAACACAGTTCAAGG_030,138
AGGCACAACACAGTTCAAGG_031,136
AGGCACAACACAGTTCAAGG_032,124
AGGCACAACACAGTTCAAGG_033,34
AGGCACAACACAGTTCAAGG_034,126
AGGCACAACACAGTTCAAGG_035,123
AGTTCCACGCGCTGCACAAG_001,41
AGTTCCACGCGCTGCACAAG_002,155
AGTTCCACGCGCTGCACAAG_003,12
GGGAGCTATTGGTCACACGA_001,10
GGGAGCTATTGGTCACACGA_002,102
GGGAGCTATTGGTCACACGA_003,19
GGGAGCTATTGGTCACACGA_004,199
GGGAGCTATTGGTCACACGA_005,141
GGGAGCTATTGGTCACACGA_006,24
GGGAGCTATTGGTCACACGA_007,52
GGGAGCTATTGGTCACACGA_008,140
TCCTTCTGTAAAAGTTTCTA_001,9
CAGCAGGCCAAATTTCCGTG_001,69
CAGCAGGCCAAATTTCCGTG_002,149
CAGCAGGCCAAATTTCCGTG_003,77
CAGCAGGCCAAATTTCCGTG_004,13
CAGCAGGCCAAATTTCCGTG_005,12
CAGCAGGCCAAATTTCCGTG_006,94
GGCCGACAGCGATGCCGTGG_001,177
GGCCGACAGCGATGCCGTGG_002,165
GGCCGACAGCGATGCCGTGG_003,160
GGCCGACAGCGATGCCGTGG_004,145
GGCCGACAGCGATGCCGTGG_005,153
GGCCGACAGCGATGCCGTGG_006,67
GGCCCGCACTCATACCACTG_001,123
GGCCCGCACTCATACCACTG_002,157
GGCCCGCACTCATACCACTG_003,107
GGCCCGCACTCATACCACTG_004,1
GGCCCGCACTCATACCACTG_005,25
GGCCCGCACTCATACCACTG_006,82
TCTACCTCGACTTTGCGAGG_001,17
TCTACCTCGACTTTGCGAGG_002,58
TCTACCTCGACTTTGCGAGG_003,191
TCTACCTCGACTTTGCGAGG_004,83
TCTACCTCGACTTTGCGAGG_005,172
TCTACCTCGACTTTGCGAGG_006,146
TCTACCTCGACTTTGCGAGG_007,96
TCTACCTCGACTTTGCGAGG_008,95
TCTACCTCGACTTTGCGAGG_009,138
TCTACCTCGACTTTGCGAGG_010,63
TCTACCTCGACTTTGCGAGG_011,56
TCTACCTCGACTTTGCGAGG_012,28
TCTACCTCGACTTTGCGAGG_013,0
TCCTAGAGAAGATAGAAGAC_001,127
TCCTAGAGAAGATAGAAGAC_002,42
TCCTAGAGAAGATAGAAGAC_003,22
TCCTAGAGAAGATAGAAGAC_004,169
TCCTAGAGAAGATAGAAGAC_005,8
TCCTAGAGAAGATAGAAGAC_006,115
TCCTAGAGAAGATAGAAGAC_007,80
TCCTAGAGAAGATAGAAGAC_008,35
TCCTAGAGAAGATAGAAGAC_009,131
AGCGGCGAGAGGCTCCATTG_001,105
AGCGGCGAGAGGCTCCATTG_002,185
AGCGGCGAGAGGCTCCATTG_003,107
AGCGGCGAGAGGCTCCATTG_004,17
AGCGGCGAGAGGCTCCATTG_005,179
AGCGGCGAGAGGCTCCATTG_006,190
AGCGGCGAGAGGCTCCATTG_007,184
AGCGGCGAGAGGCTCCATTG_008,85
AGCGGCGAGAGGCTCCATTG_009,68
AGCGGCGAGAGGCTCCATTG_010,84
AGCGGCGAGAGGCTCCATTG_011,64
AGCGGCGAGAGGCTCCATTG_012,141
AGCGGCGAGAGGCTCCATTG_013,29
AGCGGCGAGAGGCTCCATTG_014,82
AGCGGCGAGAGGCTCCATTG_015,50
AGCGGCGAGAGGCTCCATTG_016,34
AGCGGCGAGAGGCTCCATTG_017,15
AGCGGCGAGAGGCTCCATTG_018,113
TGGGGACTTTGAGATCGTCG_001,36
TGGGGACTTTGAGATCGTCG_002,188
TGGGGACTTTGAGATCGTCG_003,34
TGGGGACTTTGAGATCGTCG_004,102
TGGGGACTTTGAGATCGTCG_005,93
TGGGGACTTTGAGATCGTCG_006,93
TGGGGACTTTGAGATCGTCG_007,52
TGGGGACTTTGAGATCGTCG_008,58
TGGGGACTTTGAGATCGTCG_009,74
TGGGGACTTTGAGATCGTCG_010,58
TGGGGACTTTGAGATCGTCG_011,63
TGGGGACTTTGAGATCGTCG_012,48
TGGGGACTTTGAGATCGTCG_013,82
TGGGGACTTTGAGATCGTCG_014,2
TGGGGACTTTGAGATCGTCG_015,179
TGGGGACTTTGAGATCGTCG_016,24
TGGGGACTTTGAGATCGTCG_017,142
TGGGGACTTTGAGATCGTCG_018,76
TTGGGGTTTACATTGTAACG_001,15
TTGGGGTTTACATTGTAACG_002,150
TTGGGGTTTACATTGTAACG_003,42
TTGGGGTTTACATTGTAACG_004,133
TTGGGGTTTACATTGTAACG_005,29
TTGGGGTTTACATTGTAACG_006,77
TTGGGGTTTACATTGTAACG_007,94
TTGGGGTTTACATTGTAACG_008,106
CCAATACAGAGGCAGAGTCC_001,49
CCAATACAGAGGCAGAGTCC_002,55
CCAATACAGAGGCAGAGTCC_003,23
CCAATACAGAGGCAGAGTCC_004,13
CCAATACAGAGGCAGAGTCC_005,134
CCAATACAGAGGCAGAGTCC_006,46
CCAATACAGAGGCAGAGTCC_007,67
CCAATACAGAGGCAGAGTCC_008,147
CCAATACAGAGGCAGAGTCC_009,77
AGAGTACCTGAACCAATGCT_001,107
AGAGTACCTGAACCAATGCT_002,103
AGAGTACCTGAACCAATGCT_003,168
AGAGTACCTGAACCAATGCT_004,15
TGAGCAGCGTTGGGCAATCT_001,130
TGAGCAGCGTTGGGCAATCT_002,91
TGAGCAGCGTTGGGCAATCT_003,145
TGAGCAGCGTTGGGCAATCT_004,160
TGAGCAGCGTTGGGCAATCT_005,140
TGAGCAGCGTTGGGCAATCT_006,1
TGAGCAGCGTTGGGCAATCT_007,83
TGAGCAGCGTTGGGCAATCT_008,111
TGAGCAGCGTTGGGCAATCT_009,137
TGAGCAGCGTTGGGCAATCT_010,40
TGAGCAGCGTTGGGCAATCT_011,147
GAAGAAAGTTCCCAATAGTG_001,32
GAAGAAAGTTCCCAATAGTG_002,130
GAAGAAAGTTCCCAATAGTG_003,149
GAAGAAAGTTCCCAATAGTG_004,19
GAAGAAAGTTCCCAATAGTG_005,106
GAAGAAAGTTCCCAATAGTG_006,54
GAAGAAAGTTCCCAATAGTG_007,193
GAAGAAAGTTCCCAATAGTG_008,147
TCAGCACCAAGCCAAGTACA_001,23
TCAGCACCAAGCCAAGTACA_002,115
TCAGCACCAAGCCAAGTACA_003,58
TCAGCACCAAGCCAAGTACA_004,95
TCAGCACCAAGCCAAGTACA_005,179
TTCACCATAATGACTTGAAT_001,70
GATGCATTCATCAAGACATG_001,26
GATGCATTCATCAAGACATG_002,62
GATGCATTCATCAAGACATG_003,172
GATGCATTCATCAAGACATG_004,81
GATGCATTCATCAAGACATG_005,146
GATGCATTCATCAAGACATG_006,60
GATGCATTCATCAAGACATG_007,175
GATGCATTCATCAAGACATG_008,34
GATGCATTCATCAAGACATG_009,19
GATGCATTCATCAAGACATG_010,188
GATGCATTCATCAAGACATG_011,75
GATGCATTCATCAAGACATG_012,13
GTGACAAGACCATTGGTGGA_001,136
GTGACAAGACCATTGGTGGA_002,163
GTGACAAGACCATTGGTGGA_003,98
GTGACAAGACCATTGGTGGA_004,73
GTGACAAGACCATTGGTGGA_005,84
GTGACAAGACCATTGGTGGA_006,97
GTGACAAGACCATTGGTGGA_007,109
GTGACAAGACCATTGGTGGA_008,63
GTGACAAGACCATTGGTGGA_009,63
GTGACAAGACCATTGGTGGA_010,143
GTGACAAGACCATTGGTGGA_011,161
GTGACAAGACCATTGGTGGA_012,82
GTGACAAGACCATTGGTGGA_013,1
GTGACAAGACCATTGGTGGA_014,1
TGGATCTCACAGAAGAACTG_001,34
TGGATCTCACAGAAGAACTG_002,175
TGGATCTCACAGAAGAACTG_003,160
TGGATCTCACAGAAGAACTG_004,40
TGGATCTCACAGAAGAACTG_005,116
TGGATCTCACAGAAGAACTG_006,98
TGGATCTCACAGAAGAACTG_007,169
TGGATCTCACAGAAGAACTG_008,128
TGGATCTCACAGAAGAACTG_009,170
TGGATCTCACAGAAGAACTG_010,148
TGGATCTCACAGAAGAACTG_011,34
TGGATCTCACAGAAGAACTG_012,5
TGGATCTCACAGAAGAACTG_013,166
TGGATCTCACAGAAGAACTG_014,168
CATTGAGAACACATTAGAGA_001,48
CTACGAAACGGACTACGCAA_001,20
CTACGAAACGGACTACGCAA_002,108
CTACGAAACGGACTACGCAA_003,137
CTACGAAACGGACTACGCAA_004,78
CTACGAAACGGACTACGCAA_005,48
CTACGAAACGGACTACGCAA_006,187
CTACGAAACGGACTACGCAA_007,70
CTACGAAACGGACTACGCAA_008,177
CTACGAAACGGACTACGCAA_009,150
CTACGAAACGGACTACGCAA_010,143
CTACGAAACGGACTACGCAA_011,98
CTACGAAACGGACTACGCAA_012,129
CTACGAAACGGACTACGCAA_013,42
CTACGAAACGGACTACGCAA_014,102
CTACGAAACGGACTACGCAA_015,23
CTACGAAACGGACTACGCAA_016,115
CTACGAAACGGACTACGCAA_017,49
CTACGAAACGGACTACGCAA_018,185
CTACGAAACGGACTACGCAA_019,113
CTACGAAACGGACTACGCAA_020,11
CTACGAAACGGACTACGCAA_021,177
CTACGAAACGGACTACGCAA_022,104
CTACGAAACGGACTACGCAA_023,6
CTACGAAACGGACTACGCAA_024,6
CTACGAAACGGACTACGCAA_025,191
CTACGAAACGGACTACGCAA_026,45
CTACGAAACGGACTACGCAA_027,23
CTACGAAACGGACTACGCAA_028,198
CTACGAAACGGACTACGCAA_029,165
CTACGAAACGGACTACGCAA_030,3
CTACGAAACGGACTACGCAA_031,188
CTACGAAACGGACTACGCAA_032,138
CTACGAAACGGACTACGCAA_033,19
CTACGAAACGGACTACGCAA_034,63
CTACGAAACGGACTACGCAA_035,168
CTACGAAACGGACTACGCAA_036,130
GGTGGAGATTGTCACTGATG_001,148
GGTGGAGATTGTCACTGATG_002,63
GGTGGAGATTGTCACTGATG_003,31
GGTGGAGATTGTCACTGATG_004,158
GGTGGAGATTGTCACTGATG_005,33
GGCCCGCACACGCAGCACGA_001,141
GGCCCGCACACGCAGCACGA_002,174
GGCCCGCACACGCAGCACGA_003,13
GGCCCGCACACGCAGCACGA_004,0
GGCCCGCACACGCAGCACGA_005,12
GGCCCGCACACGCAGCACGA_006,157
GGCCCGCACACGCAGCACGA_007,6
GGTTACTTGTACACAGCTGA_001,109
GGTTACTTGTACACAGCTGA_002,109
GGTTACTTGTACACAGCTGA_003,58
CAGAAGCAAGTCATGCATCG_001,159
CAGAAGCAAGTCATGCATCG_002,102
CAGAAGCAAGTCATGCATCG_003,189
CAGAAGCAAGTCATGCATCG_004,83
CAGAAGCAAGTCATGCATCG_005,151
CAGAAGCAAGTCATGCATCG_006,150
CAGAAGCAAGTCATGCATCG_007,68
CAGAAGCAAGTCATGCATCG_008,172
CAGAAGCAAGTCATGCATCG_009,33
CAGAAGCAAGTCATGCATCG_010,113
CAGAAGCAAGTCATGCATCG_011,48
CAGAAGCAAGTCATGCATCG_012,76
CAGAAGCAAGTCATGCATCG_013,115
CAGAAGCAAGTCATGCATCG_014,119
CAGAAGCAAGTCATGCATCG_015,77
CAGAAGCAAGTCATGCATCG_016,144
CAGAAGCAAGTCATGCATCG_017,79
AAGCTGTTTATCCATTCCAT_001,9
AAGCTGTTTATCCATTCCAT_002,94
AAGCTGTTTATCCATTCCAT_003,191
CCTGGAACATGCCGTACTCG_001,180
GTGTAAGGCTAAAGTAGACC_001,174
GTGTAAGGCTAAAGTAGACC_002,9
ATCCGGGTCAATAAACGGCG_001,119
ATCCGGGTCAATAAACGGCG_002,40
ATCCGGGTCAATAAACGGCG_003,154
ATCCGGGTCAATAAACGGCG_004,194
ATCCGGGTCAATAAACGGCG_005,41
ATCCGGGTCAATAAACGGCG_006,35
ATCCGGGTCAATAAACGGCG_007,174
ATCCGGGTCAATAAACGGCG_008,192
ATCCGGGTCAATAAACGGCG_009,107
ATCCGGGTCAATAAACGGCG_010,83
ATCCGGGTCAATAAACGGCG_011,158
ATCCGGGTCAATAAACGGCG_012,106
ATCCGGGTCAATAAACGGCG_013,115
ATCCGGGTCAATAAACGGCG_014,63
ATCCGGGTCAATAAACGGCG_015,63
ATCCGGGTCAATAAACGGCG_016,19
ATCCGGGTCAATAAACGGCG_017,199
CTGCTAGCAAGGCAAAGAGT_001,117
CTGCTAGCAAGGCAAAGAGT_002,117
CTGCTAGCAAGGCAAAGAGT_003,168
CTGCTAGCAAGGCAAAGAGT_004,103
TAGCCCATAATATCTTCACA_001,117
TGAAGACCAGTACTCCATCG_001,72
ACTCACCAGGCTTAATGCTG_001,172
ACTCACCAGGCTTAATGCTG_002,1
ACTCACCAGGCTTAATGCTG_003,78
ACTCACCAGGCTTAATGCTG_004,94
ACTCACCAGGCTTAATGCTG_005,141
ACTCACCAGGCTTAATGCTG_006,106
ACTCACCAGGCTTAATGCTG_007,68
ACTCACCAGGCTTAATGCTG_008,182
ACTCACCAGGCTTAATGCTG_009,76
ACTCACCAGGCTTAATGCTG_010,17
ACTCACCAGGCTTAATGCTG_011,94
ACTCACCAGGCTTAATGCTG_012,9
ACTCACCAGGCTTAATGCTG_013,171
ACTCACCAGGCTTAATGCTG_014,88
ACTCACCAGGCTTAATGCTG_015,57
ACTCACCAGGCTTAATGCTG_016,13
ACTCACCAGGCTTAATGCTG_017,44
ACTCACCAGGCTTAATGCTG_018,88
ACTCACCAGGCTTAATGCTG_019,74
ACTCACCAGGCTTAATGCTG_020,158
ACTCACCAGGCTTAATGCTG_021,190
ACTCACCAGGCTTAATGCTG_022,65
ACTCACCAGGCTTAATGCTG_023,1
ACTCACCAGGCTTAATGCTG_024,82
ACTCACCAGGCTTAATGCTG_025,122
ACTCACCAGGCTTAATGCTG_026,76
ACTCACCAGGCTTAATGCTG_027,76
ACTCACCAGGCTTAATGCTG_028,89
ACTCACCAGGCTTAATGCTG_029,121
ACTCACCAGGCTTAATGCTG_030,50
ACTCACCAGGCTTAATGCTG_031,17
ACTCACCAGGCTTAATGCTG_032,15
ACTCACCAGGCTTAATGCTG_033,81
ACTCACCAGGCTTAATGCTG_034,163
ACTCACCAGGCTTAATGCTG_035,20
ACTCACCAGGCTTAATGCTG_036,121
ACTCACCAGGCTTAATGCTG_037,169
ACTCACCAGGCTTAATGCTG_038,104
ACTCACCAGGCTTAATGCTG_039,49
ACTCACCAGGCTTAATGCTG_040,27
ACTCACCAGGCTTAATGCTG_041,27
GCCGCATCACCGAGTCCGCG_001,45
GCCGCATCACCGAGTCCGCG_002,120
GCCGCATCACCGAGTCCGCG_003,148
GCCGCATCACCGAGTCCGCG_004,5
GCCGCATCACCGAGTCCGCG_005,105
GCCGCATCACCGAGTCCGCG_006,138
GAAAAGTCTAGATCACAGTG_001,51
GAAAAGTCTAGATCACAGTG_002,1
GAAAAGTCTAGATCACAGTG_003,60
GAAAAGTCTAGATCACAGTG_004,5
GAAAAGTCTAGATCACAGTG_005,52
GGGTACTGGGCTGTACACGG_001,60
GGGTACTGGGCTGTACACGG_002,50
GGGTACTGGGCTGTACACGG_003,49
GGGTACTGGGCTGTACACGG_004,174
GGGTACTGGGCTGTACACGG_005,145
GGGTACTGGGCTGTACACGG_006,55
GGGTACTGGGCTGTACACGG_007,160
GGGTACTGGGCTGTACACGG_008,130
GGGTACTGGGCTGTACACGG_009,164
GCATCTCTTTCCGGTCACCG_001,121
GCATCTCTTTCCGGTCACCG_002,12
GCATCTCTTTCCGGTCACCG_003,113
GCATCTCTTTCCGGTCACCG_004,117
GCATCTCTTTCCGGTCACCG_005,30
GCATCTCTTTCCGGTCACCG_006,105
GCATCTCTTTCCGGTCACCG_007,181
GCATCTCTTTCCGGTCACCG_008,178
GCATCTCTTTCCGGTCACCG_009,2
GCATCTCTTTCCGGTCACCG_010,170
GCATCTCTTTCCGGTCACCG_011,185
GCATCTCTTTCCGGTCACCG_012,27
CCAACCGCATAATGCCCAGA_001,55
CCAACCGCATAATGCCCAGA_002,170
CCAACCGCATAATGCCCAGA_003,74
CCAACCGCATAATGCCCAGA_004,17
CCAACCGCATAATGCCCAGA_005,126
CCAACCGCATAATGCCCAGA_006,19
GGTGGTCGGAGATTCGTAGC_001,144
GGTGGTCGGAGATTCGTAGC_002,58
GGTGGTCGGAGATTCGTAGC_003,28
GGTGGTCGGAGATTCGTAGC_004,6
CTTTGATCAGAAAATCATAG_001,78
CTTTGATCAGAAAATCATAG_002,49
GCAACGTCATCTCGTACTCG_001,178
GCAACGTCATCTCGTACTCG_002,105
GCAACGTCATCTCGTACTCG_003,137
GCAACGTCATCTCGTACTCG_004,175
GCAACGTCATCTCGTACTCG_005,157
GCTCCACAGAAAAGCCTTTG_001,29
GCTCCACAGAAAAGCCTTTG_002,115
GCTCCACAGAAAAGCCTTTG_003,118
GCTCCACAGAAAAGCCTTTG_004,69
GCTCCACAGAAAAGCCTTTG_005,176
GCTCCACAGAAAAGCCTTTG_006,113
GCTCCACAGAAAAGCCTTTG_007,111
GCTCCACAGAAAAGCCTTTG_008,118
GCTCCACAGAAAAGCCTTTG_009,15
GCTCCACAGAAAAGCCTTTG_010,114
GCTCCACAGAAAAGCCTTTG_011,130
GCTCCACAGAAAAGCCTTTG_012,69
GCTCCACAGAAAAGCCTTTG_013,184
GCTCCACAGAAAAGCCTTTG_014,175
GCTCCACAGAAAAGCCTTTG_015,122
GCTCCACAGAAAAGCCTTTG_016,10
GCTCCACAGAAAAGCCTTTG_017,68
GCTCCACAGAAAAGCCTTTG_018,93
GCTCCACAGAAAAGCCTTTG_019,77
GCTCCACAGAAAAGCCTTTG_020,56
GCTCCACAGAAAAGCCTTTG_021,56
GCTCCACAGAAAAGCCTTTG_022,197
GCTCCACAGAAAAGCCTTTG_023,94
ACCAAGCCCTGTACCCACGA_001,42
ACCAAGCCCTGTACCCACGA_002,160
ACCAAGCCCTGTACCCACGA_003,0
ACCAAGCCCTGTACCCACGA_004,98
ACCAAGCCCTGTACCCACGA_005,172
ACCAAGCCCTGTACCCACGA_006,70
ACCAAGCCCTGTACCCACGA_007,60
ACCAAGCCCTGTACCCACGA_008,140
ACCAAGCCCTGTACCCACGA_009,172
ACCAAGCCCTGTACCCACGA_010,19
AGGAGCTTAACGGTCTGACT_001,1
AGGAGCTTAACGGTCTGACT_002,123
AGGAGCTTAACGGTCTGACT_003,96
AGGAGCTTAACGGTCTGACT_004,70
AGGAGCTTAACGGTCTGACT_005,154
AGGAGCTTAACGGTCTGACT_006,74
AGGAGCTTAACGGTCTGACT_007,124
AGGAGCTTAACGGTCTGACT_008,10
TGACATCCACCGGAGCCGTG_001,163
TGACATCCACCGGAGCCGTG_002,121
TGACATCCACCGGAGCCGTG_003,76
TGACATCCACCGGAGCCGTG_004,140
TGACATCCACCGGAGCCGTG_005,105
TGACATCCACCGGAGCCGTG_006,162
TGACATCCACCGGAGCCGTG_007,165
TGACATCCACCGGAGCCGTG_008,86
TGACATCCACCGGAGCCGTG_009,98
TGACATCCACCGGAGCCGTG_010,80
TGACATCCACCGGAGCCGTG_011,25
TGACATCCACCGGAGCCGTG_012,36
TGACATCCACCGGAGCCGTG_013,6
TGACATCCACCGGAGCCGTG_014,68
TGACATCCACCGGAGCCGTG_015,91
TGACATCCACCGGAGCCGTG_016,131
TGACATCCACCGGAGCCGTG_017,197
GGTATGGACGTGATACTACG_001,51
GCTGGACAGTGCGGATACGC_001,23
GCTGGACAGTGCGGATACGC_002,134
GCTGGACAGTGCGGATACGC_003,6
GCTGGACAGTGCGGATACGC_004,181
GCTGGACAGTGCGGATACGC_005,29
GCTGGACAGTGCGGATACGC_006,2
GCCAGTCGTGAATCGATACG_001,185
GCCAGTCGTGAATCGATACG_002,174
GCCAGTCGTGAATCGATACG_003,186
GCCAGTCGTGAATCGATACG_004,50
GCCAGTCGTGAATCGATACG_005,17
GCCAGTCGTGAATCGATACG_006,170
GCCAGTCGTGAATCGATACG_007,165
GCCAGTCGTGAATCGATACG_008,20
AGTTACTTCGATCACTGCAG_001,93
AGTTACTTCGATCACTGCAG_002,32
AGTTACTTCGATCACTGCAG_003,171
AGTTACTTCGATCACTGCAG_004,56
AGTTACTTCGATCACTGCAG_005,103
AGTTACTTCGATCACTGCAG_006,66
AATGCTGCGAAAGATATGAA_001,176
AATGCTGCGAAAGATATGAA_002,127
AATGCTGCGAAAGATATGAA_003,78
AATGCTGCGAAAGATATGAA_004,177
CCCAGAGGGCCAGGAACTCG_001,155
CCCAGAGGGCCAGGAACTCG_002,126
CCCAGAGGGCCAGGAACTCG_003,189
CCCAGAGGGCCAGGAACTCG_004,172
CCCAGAGGGCCAGGAACTCG_005,150
CCCAGAGGGCCAGGAACTCG_006,121
CCCAGAGGGCCAGGAACTCG_007,61
CCCAGAGGGCCAGGAACTCG_008,58
CCCAGAGGGCCAGGAACTCG_009,166
TCAATCGTGTGAATGGCCGG_001,146
TCAATCGTGTGAATGGCCGG_002,51
TCAATCGTGTGAATGGCCGG_003,92
TCAATCGTGTGAATGGCCGG_004,189
TCAATCGTGTGAATGGCCGG_005,8
TCAATCGTGTGAATGGCCGG_006,14
TCAATCGTGTGAATGGCCGG_007,102
TCAATCGTGTGAATGGCCGG_008,140
TCAATCGTGTGAATGGCCGG_009,58
TCAATCGTGTGAATGGCCGG_010,50
TCAATCGTGTGAATGGCCGG_011,98
TCAATCGTGTGAATGGCCGG_012,33
TCAATCGTGTGAATGGCCGG_013,157
TCAATCGTGTGAATGGCCGG_014,117
TCAATCGTGTGAATGGCCGG_015,65
TCAATCGTGTGAATGGCCGG_016,131
TCAATCGTGTGAATGGCCGG_017,131
TCAATCGTGTGAATGGCCGG_018,174
TCAATCGTGTGAATGGCCGG_019,2
TCAATCGTGTGAATGGCCGG_020,106
AAATGTCTACTGTGTTCACG_001,62
AAATGTCTACTGTGTTCACG_002,65
AAATGTCTACTGTGTTCACG_003,31
AAATGTCTACTGTGTTCACG_004,37
AAATGTCTACTGTGTTCACG_005,149
CCCAGAGCCTCAGTTTGTGC_001,107
CCCAGAGCCTCAGTTTGTGC_002,115
CCCAGAGCCTCAGTTTGTGC_003,36
CCCAGAGCCTCAGTTTGTGC_004,80
CCCAGAGCCTCAGTTTGTGC_005,28
CCCAGAGCCTCAGTTTGTGC_006,76
CCCAGAGCCTCAGTTTGTGC_007,0
GCGACCCATCGGCCTGACGT_001,147
GCGACCCATCGGCCTGACGT_002,106
GCGACCCATCGGCCTGACGT_003,145
GCGACCCATCGGCCTGACGT_004,69
GCGACCCATCGGCCTGACGT_005,9
GCGACCCATCGGCCTGACGT_006,194
GCGACCCATCGGCCTGACGT_007,84
GCGACCCATCGGCCTGACGT_008,1
GCGACCCATCGGCCTGACGT_009,150
GCGACCCATCGGCCTGACGT_010,85
GCGACCCATCGGCCTGACGT_011,9
GCTCTTAGTTCAGACCAAGT_001,22
GCTCTTAGTTCAGACCAAGT_002,68
AATTCCCTCAAATGACCGAA_001,154
AATTCCCTCAAATGACCGAA_002,181
AATTCCCTCAAATGACCGAA_003,163
AATTCCCTCAAATGACCGAA_004,130
AATTCCCTCAAATGACCGAA_005,76
AATTCCCTCAAATGACCGAA_006,106
AATTCCCTCAAATGACCGAA_007,77
AATTCCCTCAAATGACCGAA_008,63
AATTCCCTCAAATGACCGAA_009,147
AATTCCCTCAAATGACCGAA_010,94
AATTCCCTCAAATGACCGAA_011,76
AATTCCCTCAAATGACCGAA_012,45
AATAATGAAACGGATTCCCA_001,29
AATAATGAAACGGATTCCCA_002,172
AATAATGAAACGGATTCCCA_003,2
AATAATGAAACGGATTCCCA_004,180
AATAATGAAACGGATTCCCA_005,52
AATAATGAAACGGATTCCCA_006,49
AATAATGAAACGGATTCCCA_007,125
GATAAGTGGCCGGTGCCAGG_001,178
GATAAGTGGCCGGTGCCAGG_002,72
GATAAGTGGCCGGTGCCAGG_003,182
GATAAGTGGCCGGTGCCAGG_004,183
GATAAGTGGCCGGTGCCAGG_005,32
GATAAGTGGCCGGTGCCAGG_006,128
GATAAGTGGCCGGTGCCAGG_007,194
GATAAGTGGCCGGTGCCAGG_008,104
GATAAGTGGCCGGTGCCAGG_009,65
GATAAGTGGCCGGTGCCAGG_010,85
GATAAGTGGCCGGTGCCAGG_011,82
GATAAGTGGCCGGTGCCAGG_012,168
GATAAGTGGCCGGTGCCAGG_013,21
GATAAGTGGCCGGTGCCAGG_014,31
GATAAGTGGCCGGTGCCAGG_015,122
GATAAGTGGCCGGTGCCAGG_016,81
GATAAGTGGCCGGTGCCAGG_017,155
GATAAGTGGCCGGTGCCAGG_018,83
GATAAGTGGCCGGTGCCAGG_019,16
GATAAGTGGCCGGTGCCAGG_020,10
GATAAGTGGCCGGTGCCAGG_021,147
GATAAGTGGCCGGTGCCAGG_022,137
GCCCTGATGAGCCTTAGCAT_001,48
GCCCTGATGAGCCTTAGCAT_002,62
GCCCTGATGAGCCTTAGCAT_003,89
GCCCTGATGAGCCTTAGCAT_004,67
GCCCTGATGAGCCTTAGCAT_005,19
GCCCTGATGAGCCTTAGCAT_006,19
GCCCTGATGAGCCTTAGCAT_007,152
GCCCTGATGAGCCTTAGCAT_008,147
GCCCTGATGAGCCTTAGCAT_009,182
GCCCTGATGAGCCTTAGCAT_010,48
GCCCTGATGAGCCTTAGCAT_011,170
GCCCTGATGAGCCTTAGCAT_012,175
GCCCTGATGAGCCTTAGCAT_013,169
GCCCTGATGAGCCTTAGCAT_014,185
GCCCTGATGAGCCTTAGCAT_015,11
GCCCTGATGAGCCTTAGCAT_016,43
GGAACTTGCCTGCTTCGAGG_001,125
GGAACTTGCCTGCTTCGAGG_002,175
TGAAAACCCTGAGAACCAAG_001,106
TGAAAACCCTGAGAACCAAG_002,29
TGAAAACCCTGAGAACCAAG_003,115
TGAAAACCCTGAGAACCAAG_004,140
GTCCATGATGCTTACTCACA_001,170
GTCCATGATGCTTACTCACA_002,10
GTCCATGATGCTTACTCACA_003,141
GTCCATGATGCTTACTCACA_004,192
GTCCATGATGCTTACTCACA_005,145
GTCCATGATGCTTACTCACA_006,37
GTCCATGATGCTTACTCACA_007,32
GTCCATGATGCTTACTCACA_008,165
CTGACATCAAGCTGACCGTG_001,144
CTGACATCAAGCTGACCGTG_002,191
CTGACATCAAGCTGACCGTG_003,139
CTGACATCAAGCTGACCGTG_004,157
CTGACATCAAGCTGACCGTG_005,38
CTGACATCAAGCTGACCGTG_006,195
CTGACATCAAGCTGACCGTG_007,97
CTGACATCAAGCTGACCGTG_008,78
CTGACATCAAGCTGACCGTG_009,43
CTGACATCAAGCTGACCGTG_010,30
CTGACATCAAGCTGACCGTG_011,111
CTGACATCAAGCTGACCGTG_012,97
CTGACATCAAGCTGACCGTG_013,94
CTGACATCAAGCTGACCGTG_014,2
CTGACATCAAGCTGACCGTG_015,60
GGTGTGCACGCAAATCAGCG_001,168
GGTGTGCACGCAAATCAGCG_002,194
GGTGTGCACGCAAATCAGCG_003,50
ACATCAAACTTGCTAAGCGG_001,1
ACATCAAACTTGCTAAGCGG_002,173
ACATCAAACTTGCTAAGCGG_003,11
ACATCAAACTTGCTAAGCGG_004,178
ACATCAAACTTGCTAAGCGG_005,189
ACATCAAACTTGCTAAGCGG_006,156
CAGCTGGTGCACCGACAGTG_001,97
CAGCTGGTGCACCGACAGTG_002,1
CAGCTGGTGCACCGACAGTG_003,130
CAGCTGGTGCACCGACAGTG_004,2
CAGCTGGTGCACCGACAGTG_005,148
CAGCTGGTGCACCGACAGTG_006,116
CAGCTGGTGCACCGACAGTG_007,52
CAGCTGGTGCACCGACAGTG_008,17
CAGCTGGTGCACCGACAGTG_009,74
CAGCTGGTGCACCGACAGTG_010,62
CAGCTGGTGCACCGACAGTG_011,9
CAGCTGGTGCACCGACAGTG_012,98
CTCCGCAGACATAGTGACAC_001,150
CTCCGCAGACATAGTGACAC_002,81
CTCCGCAGACATAGTGACAC_003,35
CTCCGCAGACATAGTGACAC_004,172
CGGGGTGGCATCGCCTACCG_001,30
CGGGGTGGCATCGCCTACCG_002,23
CGGGGTGGCATCGCCTACCG_003,23
CGGGGTGGCATCGCCTACCG_004,155
CGGGGTGGCATCGCCTACCG_005,63
CGGGGTGGCATCGCCTACCG_006,2
CGGGGTGGCATCGCCTACCG_007,9
CGGGGTGGCATCGCCTACCG_008,128
CGGGGTGGCATCGCCTACCG_009,50
CGGGGTGGCATCGCCTACCG_010,94
CTCCTGGTCAAACAACCGGA_001,92
CTCCTGGTCAAACAACCGGA_002,37
CTCCTGGTCAAACAACCGGA_003,8
CTCCTGGTCAAACAACCGGA_004,22
CTCCTGGTCAAACAACCGGA_005,154
CTCCTGGTCAAACAACCGGA_006,40
CTCCTGGTCAAACAACCGGA_007,50
CTCCTGGTCAAACAACCGGA_008,126
CTCCTGGTCAAACAACCGGA_009,19
CTCCTGGTCAAACAACCGGA_010,34
CTCCTGGTCAAACAACCGGA_011,3
CTCCTGGTCAAACAACCGGA_012,137
CTCCTGGTCAAACAACCGGA_013,12
CTCCTGGTCAAACAACCGGA_014,31
CTCCTGGTCAAACAACCGGA_015,116
CTCCTGGTCAAACAACCGGA_016,136
CTCCTGGTCAAACAACCGGA_017,0
CTCCTGGTCAAACAACCGGA_018,7
TCCCAGGGTATAAATAGGTG_001,19
TCCCAGGGTATAAATAGGTG_002,148
TCCCAGGGTATAAATAGGTG_003,118
TCCCAGGGTATAAATAGGTG_004,45
ACAATTAGACGTCACAGCAA_001,36
ACAATTAGACGTCACAGCAA_002,4
ACAATTAGACGTCACAGCAA_003,170
ACAATTAGACGTCACAGCAA_004,185
ACAATTAGACGTCACAGCAA_005,160
ACAATTAGACGTCACAGCAA_006,190
ACAATTAGACGTCACAGCAA_007,61
ACAATTAGACGTCACAGCAA_008,118
ACAATTAGACGTCACAGCAA_009,121
ACAATTAGACGTCACAGCAA_010,153
GGGGTGAGTCTGCTCGATGG_001,70
GGGGTGAGTCTGCTCGATGG_002,166
GGGGTGAGTCTGCTCGATGG_003,5
GGGGTGAGTCTGCTCGATGG_004,66
ATTGTAATTTAATTGCGAGG_001,106
ATTGTAATTTAATTGCGAGG_002,44
ATTGTAATTTAATTGCGAGG_003,34
ATTGTAATTTAATTGCGAGG_004,105
ATTGTAATTTAATTGCGAGG_005,19
ATTGTAATTTAATTGCGAGG_006,169
ATTGTAATTTAATTGCGAGG_007,138
ATTGTAATTTAATTGCGAGG_008,130
TCAGCACAGTTAGGCCAACA_001,1
TCAGCACAGTTAGGCCAACA_002,115
TCAGCACAGTTAGGCCAACA_003,45
TCAGCACAGTTAGGCCAACA_004,187
TCAGCACAGTTAGGCCAACA_005,172
TCAGCACAGTTAGGCCAACA_006,163
TCAGCACAGTTAGGCCAACA_007,58
TCAGCACAGTTAGGCCAACA_008,159
TCAGCACAGTTAGGCCAACA_009,8
TCAGCACAGTTAGGCCAACA_010,191
CCAGAAAAAGAAAGATTACG_001,29
TAATGGTCAATACAGGCTCA_001,140
TAATGGTCAATACAGGCTCA_002,17
TAATGGTCAATACAGGCTCA_003,199
TAATGGTCAATACAGGCTCA_004,145
TAATGGTCAATACAGGCTCA_005,19
TAATGGTCAATACAGGCTCA_006,48
TGGAACTCCAGGAAGAGTGT_001,12
TGGAACTCCAGGAAGAGTGT_002,113
TGGAACTCCAGGAAGAGTGT_003,129
TGGAACTCCAGGAAGAGTGT_004,61
TGGAACTCCAGGAAGAGTGT_005,38
TGGAACTCCAGGAAGAGTGT_006,3
TGTCGGCTTGTTGTGAAGCC_001,131
ACACGGTACCTGATCCTACA_001,135
ACACGGTACCTGATCCTACA_002,195
ACACGGTACCTGATCCTACA_003,43
ACACGGTACCTGATCCTACA_004,197
ACACGGTACCTGATCCTACA_005,129
CACCGTCAGCTCCAGCACTT_001,105
CACCGTCAGCTCCAGCACTT_002,23
CACCGTCAGCTCCAGCACTT_003,160
CACCGTCAGCTCCAGCACTT_004,133
CACCGTCAGCTCCAGCACTT_005,127
CACCGTCAGCTCCAGCACTT_006,76
CACCGTCAGCTCCAGCACTT_007,169
CACCGTCAGCTCCAGCACTT_008,186
CACCGTCAGCTCCAGCACTT_009,141
CACCGTCAGCTCCAGCACTT_010,47
CACCGTCAGCTCCAGCACTT_011,172
CACCGTCAGCTCCAGCACTT_012,124
CACCGTCAGCTCCAGCACTT_013,49
CACCGTCAGCTCCAGCACTT_014,14
AGCTATAGGGAACTTTCTAG_001,192
AGCTATAGGGAACTTTCTAG_002,148
AGCTATAGGGAACTTTCTAG_003,121
AGCTATAGGGAACTTTCTAG_004,161
AGCTATAGGGAACTTTCTAG_005,65
GAGCTTGTGGACAAATGTAT_001,65
GAGCTTGTGGACAAATGTAT_002,65
GAGCTTGTGGACAAATGTAT_003,126
GCTGATTTGGAAGAACAGCG_001,177
GCTGATTTGGAAGAACAGCG_002,138
GCTGATTTGGAAGAACAGCG_003,41
GCTGATTTGGAAGAACAGCG_004,169
GGACCCGACTGATCTGAACG_001,182
GGACCCGACTGATCTGAACG_002,84
GGATCTGCCAACCATAGACA_001,146
GGATCTGCCAACCATAGACA_002,196
GGATCTGCCAACCATAGACA_003,76
GGTTCTGGGACGGTAGCAGG_001,165
GGTTCTGGGACGGTAGCAGG_002,158
GGTTCTGGGACGGTAGCAGG_003,131
GGTTCTGGGACGGTAGCAGG_004,131
GGTTCTGGGACGGTAGCAGG_005,168
GGTTCTGGGACGGTAGCAGG_006,127
GGTTCTGGGACGGTAGCAGG_007,2
GGTTCTGGGACGGTAGCAGG_008,77
GGTTCTGGGACGGTAGCAGG_009,94
GGTTCTGGGACGGTAGCAGG_010,119
GGTTCTGGGACGGTAGCAGG_011,28
GGTTCTGGGACGGTAGCAGG_012,31
GGTTCTGGGACGGTAGCAGG_013,155
GGTTCTGGGACGGTAGCAGG_014,45
GGTTCTGGGACGGTAGCAGG_015,197
GGTTCTGGGACGGTAGCAGG_016,192
GGTTCTGGGACGGTAGCAGG_017,169
GGTTCTGGGACGGTAGCAGG_018,165
GGTTCTGGGACGGTAGCAGG_019,188
GGTTCTGGGACGGTAGCAGG_020,19
GGTTCTGGGACGGTAGCAGG_021,109
GGTTCTGGGACGGTAGCAGG_022,177
GGTTCTGGGACGGTAGCAGG_023,118
GGTTCTGGGACGGTAGCAGG_024,171
GGTTCTGGGACGGTAGCAGG_025,159
GGTTCTGGGACGGTAGCAGG_026,29
GGTTCTGGGACGGTAGCAGG_027,157
GGTTCTGGGACGGTAGCAGG_028,154
GGTTCTGGGACGGTAGCAGG_029,141
GGTTCTGGGACGGTAGCAGG_030,122
GGTTCTGGGACGGTAGCAGG_031,193
GGTTCTGGGACGGTAGCAGG_032,39
GGTTCTGGGACGGTAGCAGG_033,24
GGTTCTGGGACGGTAGCAGG_034,31
GGTTCTGGGACGGTAGCAGG_035,130
TCATCCACATGGAACAACCC_001,22
TCGTCCACCTCTAAGTGACA_001,5
TCGTCCACCTCTAAGTGACA_002,121
TCGTCCACCTCTAAGTGACA_003,133
TCGTCCACCTCTAAGTGACA_004,151
TCGTCCACCTCTAAGTGACA_005,1
TCGTCCACCTCTAAGTGACA_006,103
TCGTCCACCTCTAAGTGACA_007,108
TCGTCCACCTCTAAGTGACA_008,58
TCGTCCACCTCTAAGTGACA_009,72
TCGTCCACCTCTAAGTGACA_010,169
TCGTCCACCTCTAAGTGACA_011,63
TCGTCCACCTCTAAGTGACA_012,77
TCGTCCACCTCTAAGTGACA_013,84
GCTACCGATCCTAGTCCCAC_001,76
GCTACCGATCCTAGTCCCAC_002,11
GCTACCGATCCTAGTCCCAC_003,81
GCTACCGATCCTAGTCCCAC_004,137
GCTACCGATCCTAGTCCCAC_005,166
GCTACCGATCCTAGTCCCAC_006,34
GCTACCGATCCTAGTCCCAC_007,1
GCTACCGATCCTAGTCCCAC_008,1
GCTACCGATCCTAGTCCCAC_009,52
TTCTCGGAGTATCGTAGCAA_001,94
CACACAAGTGTACTTACTGT_001,114
CACACAAGTGTACTTACTGT_002,198
GGTGTGTTCACAGAGCAGAT_001,175
GGTGTGTTCACAGAGCAGAT_002,65
GGTGTGTTCACAGAGCAGAT_003,102
GGTGTGTTCACAGAGCAGAT_004,63
GGTGTGTTCACAGAGCAGAT_005,87
GGTGTGTTCACAGAGCAGAT_006,120
GGTGTGTTCACAGAGCAGAT_007,58
GGTGTGTTCACAGAGCAGAT_008,123
GGTGTGTTCACAGAGCAGAT_009,150
GGTGTGTTCACAGAGCAGAT_010,41
GGTGTGTTCACAGAGCAGAT_011,61
GGTGTGTTCACAGAGCAGAT_012,16
GGTGTGTTCACAGAGCAGAT_013,76
GGTGTGTTCACAGAGCAGAT_014,2
GGTGTGTTCACAGAGCAGAT_015,124
GGTGTGTTCACAGAGCAGAT_016,126
TCACGCCGGGTGATGCACCG_001,169
TCACGCCGGGTGATGCACCG_002,76
TCACGCCGGGTGATGCACCG_003,82
TCACGCCGGGTGATGCACCG_004,156
GGGCGGTGCGGCGGTCCGAG_001,152
GGGCGGTGCGGCGGTCCGAG_002,166
GGGCGGTGCGGCGGTCCGAG_003,49
GGGCGGTGCGGCGGTCCGAG_004,80
GGGCGGTGCGGCGGTCCGAG_005,81
GGGCGGTGCGGCGGTCCGAG_006,77
GGGCGGTGCGGCGGTCCGAG_007,199
GGGCGGTGCGGCGGTCCGAG_008,180
GGGCGGTGCGGCGGTCCGAG_009,70
GGGCGGTGCGGCGGTCCGAG_010,79
GGGCGGTGCGGCGGTCCGAG_011,41
GGATGTACTCAATATCGCTG_001,169
GGATGTACTCAATATCGCTG_002,50
CAGGCTCTAAACCATAGCAG_001,141
CAGGCTCTAAACCATAGCAG_002,71
CAGGCTCTAAACCATAGCAG_003,30
ACACCTGAAGGAAATCGGAT_001,182
ACACCTGAAGGAAATCGGAT_002,29
ACACCTGAAGGAAATCGGAT_003,35
ACACCTGAAGGAAATCGGAT_004,94
ACACCTGAAGGAAATCGGAT_005,132
ACACCTGAAGGAAATCGGAT_006,160
ACACCTGAAGGAAATCGGAT_007,78
ACACCTGAAGGAAATCGGAT_008,31
ACACCTGAAGGAAATCGGAT_009,185
ACACCTGAAGGAAATCGGAT_010,131
ACACCTGAAGGAAATCGGAT_011,144
ACACCTGAAGGAAATCGGAT_012,39
AAGCCGTCAGAAATCAGCCA_001,58
AAGCCGTCAGAAATCAGCCA_002,105
AAGCCGTCAGAAATCAGCCA_003,110
AAGCCGTCAGAAATCAGCCA_004,199
AAGCCGTCAGAAATCAGCCA_005,118
AAGCCGTCAGAAATCAGCCA_006,58
AAGCCGTCAGAAATCAGCCA_007,75
AAGCCGTCAGAAATCAGCCA_008,47
AAGCCGTCAGAAATCAGCCA_009,69
AAGCCGTCAGAAATCAGCCA_010,190
AAGCCGTCAGAAATCAGCCA_011,108
AAGCCGTCAGAAATCAGCCA_012,178
AAGCCGTCAGAAATCAGCCA_013,53
AAGCCGTCAGAAATCAGCCA_014,169
AAGCCGTCAGAAATCAGCCA_015,149
AAGCCGTCAGAAATCAGCCA_016,179
AAGCCGTCAGAAATCAGCCA_017,155
AAGCCGTCAGAAATCAGCCA_018,120
AAGCCGTCAGAAATCAGCCA_019,51
AAGCCGTCAGAAATCAGCCA_020,88
AAGCCGTCAGAAATCAGCCA_021,55
AAGCCGTCAGAAATCAGCCA_022,35
GTTTAACATTGGTAGCCCAG_001,48
GTTTAACATTGGTAGCCCAG_002,115
GTTTAACATTGGTAGCCCAG_003,114
GTTTAACATTGGTAGCCCAG_004,116
TACGTCGCTGACGCCACTCG_001,198
TACGTCGCTGACGCCACTCG_002,80
TACGTCGCTGACGCCACTCG_003,155
TACGTCGCTGACGCCACTCG_004,98
TGATTGTGAAAATGGCTGGG_001,105
TGATTGTGAAAATGGCTGGG_002,4
TGATTGTGAAAATGGCTGGG_003,26
TGATTGTGAAAATGGCTGGG_004,127
TGATTGTGAAAATGGCTGGG_005,169
TGATTGTGAAAATGGCTGGG_006,2
TGATTGTGAAAATGGCTGGG_007,16
TGATTGTGAAAATGGCTGGG_008,70
TGATTGTGAAAATGGCTGGG_009,68
TGATTGTGAAAATGGCTGGG_010,156
TGATTGTGAAAATGGCTGGG_011,154
TGATTGTGAAAATGGCTGGG_012,12
TGATTGTGAAAATGGCTGGG_013,177
TGATTGTGAAAATGGCTGGG_014,62
TGATTGTGAAAATGGCTGGG_015,17
TGATTGTGAAAATGGCTGGG_016,127
TGATTGTGAAAATGGCTGGG_017,72
GTGCAGTAAAAGTAACCCCG_001,136
GTGCAGTAAAAGTAACCCCG_002,94
GTGCAGTAAAAGTAACCCCG_003,165
GTGCAGTAAAAGTAACCCCG_004,85
GAATCAAACCTCGCTACACG_001,169
GAATCAAACCTCGCTACACG_002,130
GAATCAAACCTCGCTACACG_003,38
GAATCAAACCTCGCTACACG_004,88
GAATCAAACCTCGCTACACG_005,181
GAATCAAACCTCGCTACACG_006,49
GAATCAAACCTCGCTACACG_007,177
GAATCAAACCTCGCTACACG_008,150
GAATCAAACCTCGCTACACG_009,18
GAATCAAACCTCGCTACACG_010,47
GAATCAAACCTCGCTACACG_011,161
GAATCAAACCTCGCTACACG_012,108
GAATCAAACCTCGCTACACG_013,172
GAATCAAACCTCGCTACACG_014,15
GAATCAAACCTCGCTACACG_015,119
GAATCAAACCTCGCTACACG_016,164
GAATCAAACCTCGCTACACG_017,81
GAATCAAACCTCGCTACACG_018,166
GAATCAAACCTCGCTACACG_019,174
GAATCAAACCTCGCTACACG_020,10
GAATCAAACCTCGCTACACG_021,82
GAATCAAACCTCGCTACACG_022,150
AAGGGACAGAACTACCTGAG_001,15
AAGGGACAGAACTACCTGAG_002,116
AAGGGACAGAACTACCTGAG_003,11
AAGGGACAGAACTACCTGAG_004,170
AAGGGACAGAACTACCTGAG_005,101
AAGGGACAGAACTACCTGAG_006,129
AAGGGACAGAACTACCTGAG_007,120
AAGGGACAGAACTACCTGAG_008,70
AAGGGACAGAACTACCTGAG_009,105
AAGGGACAGAACTACCTGAG_010,184
AAGGGACAGAACTACCTGAG_011,108
TAGTGGGAATGGTCGCGTAG_001,119
TAGTGGGAATGGTCGCGTAG_002,159
TAGTGGGAATGGTCGCGTAG_003,61
TAGTGGGAATGGTCGCGTAG_004,68
TAGTGGGAATGGTCGCGTAG_005,176
TAGTGGGAATGGTCGCGTAG_006,144
TAGTGGGAATGGTCGCGTAG_007,44
TAGTGGGAATGGTCGCGTAG_008,186
TAGTGGGAATGGTCGCGTAG_009,3
TAGTGGGAATGGTCGCGTAG_010,166
TAGTGGGAATGGTCGCGTAG_011,125
TAGTGGGAATGGTCGCGTAG_012,3
TAGTGGGAATGGTCGCGTAG_013,82
TAGTGGGAATGGTCGCGTAG_014,187
TAGTGGGAATGGTCGCGTAG_015,54
TAGTGGGAATGGTCGCGTAG_016,156
TAGTGGGAATGGTCGCGTAG_017,28
TAGTGGGAATGGTCGCGTAG_018,26
TAGTGGGAATGGTCGCGTAG_019,26
TAGTGGGAATGGTCGCGTAG_020,50
TAGTGGGAATGGTCGCGTAG_021,152
TAGTGGGAATGGTCGCGTAG_022,155
TAGTGGGAATGGTCGCGTAG_023,116
TAGTGGGAATGGTCGCGTAG_024,182
TAGTGGGAATGGTCGCGTAG_025,150
TAGTGGGAATGGTCGCGTAG_026,165
TAGTGGGAATGGTCGCGTAG_027,40
TAGTGGGAATGGTCGCGTAG_028,29
TAGTGGGAATGGTCGCGTAG_029,147
TAGTGGGAATGGTCGCGTAG_030,149
TAGTGGGAATGGTCGCGTAG_031,69
TAGTGGGAATGGTCGCGTAG_032,147
TAGTGGGAATGGTCGCGTAG_033,28
TAGTGGGAATGGTCGCGTAG_034,80
TAGTGGGAATGGTCGCGTAG_035,10
TAGTGGGAATGGTCGCGTAG_036,142
CCTGGGAATCCAGGAAAAGT_001,58
CCTGGGAATCCAGGAAAAGT_002,77
CCTGGGAATCCAGGAAAAGT_003,40
GAAATGGGACCAAAGTGGTG_001,124
GAAATGGGACCAAAGTGGTG_002,10
GAAATGGGACCAAAGTGGTG_003,70
GAAATGGGACCAAAGTGGTG_004,27
GAAATGGGACCAAAGTGGTG_005,38
GAAATGGGACCAAAGTGGTG_006,33
GAAATGGGACCAAAGTGGTG_007,16
GAAATGGGACCAAAGTGGTG_008,0
GAAATGGGACCAAAGTGGTG_009,180
AAAGGCTCACATATCAGTCA_001,105
AAAGGCTCACATATCAGTCA_002,31
AAAGGCTCACATATCAGTCA_003,41
ACCTGCCGGGAGTTACCCTG_001,139
ACCTGCCGGGAGTTACCCTG_002,5
ACCTGCCGGGAGTTACCCTG_003,100
ACCTGCCGGGAGTTACCCTG_004,182
ACCTGCCGGGAGTTACCCTG_005,176
ACCTGCCGGGAGTTACCCTG_006,193
ACCTGCCGGGAGTTACCCTG_007,106
ACCTGCCGGGAGTTACCCTG_008,135
ACCTGCCGGGAGTTACCCTG_009,6
ACCTGCCGGGAGTTACCCTG_010,166
ACCTGCCGGGAGTTACCCTG_011,137
ACCTGCCGGGAGTTACCCTG_012,176
ACCTGCCGGGAGTTACCCTG_013,103
ACCTGCCGGGAGTTACCCTG_014,84
ACCTGCCGGGAGTTACCCTG_015,43
ACCTGCCGGGAGTTACCCTG_016,105
ACCTGCCGGGAGTTACCCTG_017,29
ACCTGCCGGGAGTTACCCTG_018,190
ACCTGCCGGGAGTTACCCTG_019,41
ACCTGCCGGGAGTTACCCTG_020,48
ACCTGCCGGGAGTTACCCTG_021,41
ACCTGCCGGGAGTTACCCTG_022,65
ACCTGCCGGGAGTTACCCTG_023,12
ACCTGCCGGGAGTTACCCTG_024,68
ACCTGCCGGGAGTTACCCTG_025,145
ACCTGCCGGGAGTTACCCTG_026,32
ACCTGCCGGGAGTTACCCTG_027,197
ACCTGCCGGGAGTTACCCTG_028,175
ACCTGCCGGGAGTTACCCTG_029,198
ACCTGCCGGGAGTTACCCTG_030,9
ACCTGCCGGGAGTTACCCTG_031,121
ACCTGCCGGGAGTTACCCTG_032,160
ACCTGCCGGGAGTTACCCTG_033,138
ACCTGCCGGGAGTTACCCTG_034,161
ACCTGCCGGGAGTTACCCTG_035,98
ACCTGCCGGGAGTTACCCTG_036,192
ACCTGCCGGGAGTTACCCTG_037,159
ACCTGCCGGGAGTTACCCTG_038,194
CTTGGTCTGCTATAATACGG_001,155
CTTGGTCTGCTATAATACGG_002,155
ACAGAACCCTCAGCTTAGCA_001,199
ACAGAACCCTCAGCTTAGCA_002,28
ACAGAACCCTCAGCTTAGCA_003,7
ACAGAACCCTCAGCTTAGCA_004,157
ACAGAACCCTCAGCTTAGCA_005,146
ACAGAACCCTCAGCTTAGCA_006,194
ACAGAACCCTCAGCTTAGCA_007,92
ACAGAACCCTCAGCTTAGCA_008,127
ACAGAACCCTCAGCTTAGCA_009,140
ACAGAACCCTCAGCTTAGCA_010,36
ACAGAACCCTCAGCTTAGCA_011,185
ACAGAACCCTCAGCTTAGCA_012,62
ACAGAACCCTCAGCTTAGCA_013,58
ACAGAACCCTCAGCTTAGCA_014,57
ACAGAACCCTCAGCTTAGCA_015,197
ACAGAACCCTCAGCTTAGCA_016,127
ACAGAACCCTCAGCTTAGCA_017,145
ACAGAACCCTCAGCTTAGCA_018,116
ACAGAACCCTCAGCTTAGCA_019,78
ACAGAACCCTCAGCTTAGCA_020,43
ACAGAACCCTCAGCTTAGCA_021,46
GGCCCGAGGTCATCCAGAGT_001,127
GGCCCGAGGTCATCCAGAGT_002,147
GGCCCGAGGTCATCCAGAGT_003,186
GGCCCGAGGTCATCCAGAGT_004,160
GGCCCGAGGTCATCCAGAGT_005,115
GGCCCGAGGTCATCCAGAGT_006,32
GGCCCGAGGTCATCCAGAGT_007,143
GGCCCGAGGTCATCCAGAGT_008,157
GGCCCGAGGTCATCCAGAGT_009,33
GGCCCGAGGTCATCCAGAGT_010,151
GGCCCGAGGTCATCCAGAGT_011,115
GGCCCGAGGTCATCCAGAGT_012,124
GGTGGCTTCCCTCACAAGAA_001,162
GGTGGCTTCCCTCACAAGAA_002,130
GGTGGCTTCCCTCACAAGAA_003,76
GGTGGCTTCCCTCACAAGAA_004,105
GGTGGCTTCCCTCACAAGAA_005,50
TCAACAATGTGCTTTAGTGA_001,104
TCAACAATGTGCTTTAGTGA_002,177
TCAACAATGTGCTTTAGTGA_003,87
TCAACAATGTGCTTTAGTGA_004,162
TCTGCGCGGACTCATGCTGG_001,62
TCTGCGCGGACTCATGCTGG_002,38
TCTGCGCGGACTCATGCTGG_003,176
GCTACCTGTATCAATGGCTG_001,154
GCTACCTGTATCAATGGCTG_002,152
GCTACCTGTATCAATGGCTG_003,40
GCTACCTGTATCAATGGCTG_004,156
GCTACCTGTATCAATGGCTG_005,188
GCTACCTGTATCAATGGCTG_006,77
GCTACCTGTATCAATGGCTG_007,144
TAACATTATGACAGTTAAGC_001,138
GCCTAGACAGCACCGTAATG_001,152
GCCTAGACAGCACCGTAATG_002,186
GCCTAGACAGCACCGTAATG_003,142
GCCTAGACAGCACCGTAATG_004,126
GCCTAGACAGCACCGTAATG_005,87
GCCTAGACAGCACCGTAATG_006,147
GCCTAGACAGCACCGTAATG_007,137
GCCTAGACAGCACCGTAATG_008,2
GCCTAGACAGCACCGTAATG_009,97
GCCTAGACAGCACCGTAATG_010,83
GCCTAGACAGCACCGTAATG_011,40
GCCTAGACAGCACCGTAATG_012,113
GCCTAGACAGCACCGTAATG_013,137
GCCTAGACAGCACCGTAATG_014,119
GCCTAGACAGCACCGTAATG_015,77
GCCTAGACAGCACCGTAATG_016,45
GCCTAGACAGCACCGTAATG_017,198
GCCTAGACAGCACCGTAATG_018,198
GCCTAGACAGCACCGTAATG_019,12
GCCTAGACAGCACCGTAATG_020,16
ATAACGAAGGACGTAAGGCT_001,150
ATAACGAAGGACGTAAGGCT_002,169
ATAACGAAGGACGTAAGGCT_003,105
CAAGTTTCCAGACTTAACAG_001,115
CAAGTTTCCAGACTTAACAG_002,138
CAAGTTTCCAGACTTAACAG_003,198
CAAGTTTCCAGACTTAACAG_004,149
CAAGTTTCCAGACTTAACAG_005,70
CAAGTTTCCAGACTTAACAG_006,104
CAAGTTTCCAGACTTAACAG_007,7
CAAGTTTCCAGACTTAACAG_008,6
CAAGTTTCCAGACTTAACAG_009,116
CAAGTTTCCAGACTTAACAG_010,22
CAAGTTTCCAGACTTAACAG_011,153
CAAGTTTCCAGACTTAACAG_012,10
TGCCATGGAAGATGGGAATG_001,54
TGCCATGGAAGATGGGAATG_002,69
TGCCATGGAAGATGGGAATG_003,154
TGCCATGGAAGATGGGAATG_004,120
TGCCATGGAAGATGGGAATG_005,49
TGCCATGGAAGATGGGAATG_006,82
TGCCATGGAAGATGGGAATG_007,144
TGCCATGGAAGATGGGAATG_008,194
TGCCATGGAAGATGGGAATG_009,170
TGCCATGGAAGATGGGAATG_010,116
GAGGCGTTCGCCACGCACGG_001,150
GAGGCGTTCGCCACGCACGG_002,133
GAGGCGTTCGCCACGCACGG_003,186
AATCGCCTGAACTCTGTTGT_001,29
AATCGCCTGAACTCTGTTGT_002,51
AATCGCCTGAACTCTGTTGT_003,169
AATCGCCTGAACTCTGTTGT_004,50
AATCGCCTGAACTCTGTTGT_005,169
AATCGCCTGAACTCTGTTGT_006,174
AATCGCCTGAACTCTGTTGT_007,97
AATCGCCTGAACTCTGTTGT_008,135
AATCGCCTGAACTCTGTTGT_009,11
AATCGCCTGAACTCTGTTGT_010,127
AATCGCCTGAACTCTGTTGT_011,29
AATCGCCTGAACTCTGTTGT_012,17
AATCGCCTGAACTCTGTTGT_013,9
AATCGCCTGAACTCTGTTGT_014,60
AATCGCCTGAACTCTGTTGT_015,144
AATCGCCTGAACTCTGTTGT_016,41
AATCGCCTGAACTCTGTTGT_017,38
AATCGCCTGAACTCTGTTGT_018,40
AATCGCCTGAACTCTGTTGT_019,149
AATCGCCTGAACTCTGTTGT_020,50
AATCGCCTGAACTCTGTTGT_021,156
AATCGCCTGAACTCTGTTGT_022,94
AATCGCCTGAACTCTGTTGT_023,81
AATCGCCTGAACTCTGTTGT_024,49
AATCGCCTGAACTCTGTTGT_025,88
AATCGCCTGAACTCTGTTGT_026,48
GCTGTTGACGAACCCTAAGG_001,92
GCTGTTGACGAACCCTAAGG_002,31
GCTGTTGACGAACCCTAAGG_003,68
GCTGTTGACGAACCCTAAGG_004,166
GCTGTTGACGAACCCTAAGG_005,76
GCTGTTGACGAACCCTAAGG_006,172
CTGCTTCAAGGAGTCAAAGG_001,36
CTGCTTCAAGGAGTCAAAGG_002,108
CTGCTTCAAGGAGTCAAAGG_003,69
CTGCTTCAAGGAGTCAAAGG_004,71
CTGCTTCAAGGAGTCAAAGG_005,172
CTGCTTCAAGGAGTCAAAGG_006,153
CTGCTTCAAGGAGTCAAAGG_007,192
CTGCTTCAAGGAGTCAAAGG_008,65
CTGCTTCAAGGAGTCAAAGG_009,160
CTGCTTCAAGGAGTCAAAGG_010,47
CTGCTTCAAGGAGTCAAAGG_011,22
CTGCTTCAAGGAGTCAAAGG_012,36
CTGCTTCAAGGAGTCAAAGG_013,38
CTGCTTCAAGGAGTCAAAGG_014,186
CTGCTTCAAGGAGTCAAAGG_015,31
CTGCTTCAAGGAGTCAAAGG_016,9
CTGCTTCAAGGAGTCAAAGG_017,115
CTGCTTCAAGGAGTCAAAGG_018,114
CTGCTTCAAGGAGTCAAAGG_019,65
CTGCTTCAAGGAGTCAAAGG_020,191
CTGCTTCAAGGAGTCAAAGG_021,153
GTTGGCAAATACTCTTCGTG_001,153
GTTGGCAAATACTCTTCGTG_002,92
GTTGGCAAATACTCTTCGTG_003,22
GTTGGCAAATACTCTTCGTG_004,168
GTTGGCAAATACTCTTCGTG_005,47
GTTGGCAAATACTCTTCGTG_006,39
GTTGGCAAATACTCTTCGTG_007,149
AATTGTTCCCTACCTGAGTG_001,167
AATTGTTCCCTACCTGAGTG_002,167
AATTGTTCCCTACCTGAGTG_003,12
AATTGTTCCCTACCTGAGTG_004,189
AATTGTTCCCTACCTGAGTG_005,140
AATTGTTCCCTACCTGAGTG_006,51
AATTGTTCCCTACCTGAGTG_007,192
AATTGTTCCCTACCTGAGTG_008,162
AATTGTTCCCTACCTGAGTG_009,30
AATTGTTCCCTACCTGAGTG_010,198
AATTGTTCCCTACCTGAGTG_011,102
AATTGTTCCCTACCTGAGTG_012,134
AATTGTTCCCTACCTGAGTG_013,98
AATTGTTCCCTACCTGAGTG_014,74
AATTGTTCCCTACCTGAGTG_015,184
AATTGTTCCCTACCTGAGTG_016,5
AATTGTTCCCTACCTGAGTG_017,138
AATTGTTCCCTACCTGAGTG_018,106
AATTGTTCCCTACCTGAGTG_019,29
AGTGACACCGACAAATCAGA_001,177
AGTGACACCGACAAATCAGA_002,69
AGTGACACCGACAAATCAGA_003,151
AGTGACACCGACAAATCAGA_004,95
AGTGACACCGACAAATCAGA_005,177
AGTGACACCGACAAATCAGA_006,168
AGTGACACCGACAAATCAGA_007,104
AAAACCAAAAAAGAACTACG_001,198
AAAACCAAAAAAGAACTACG_002,76
AAAACCAAAAAAGAACTACG_003,98
AAAACCAAAAAAGAACTACG_004,127
AAAACCAAAAAAGAACTACG_005,185
AAAACCAAAAAAGAACTACG_006,76
AAAACCAAAAAAGAACTACG_007,176
AAAACCAAAAAAGAACTACG_008,137
AAAACCAAAAAAGAACTACG_009,2
AAAACCAAAAAAGAACTACG_010,166
AAAACCAAAAAAGAACTACG_011,33
AAAACCAAAAAAGAACTACG_012,125
AAAACCAAAAAAGAACTACG_013,6
AAAACCAAAAAAGAACTACG_014,196
CATGTAATTGTGAATCTCCA_001,8
CATGTAATTGTGAATCTCCA_002,96
CATGTAATTGTGAATCTCCA_003,56
CATGTAATTGTGAATCTCCA_004,106
CATGTAATTGTGAATCTCCA_005,199
GACCGTTGTAAATCAAAACT_001,77
GACCGTTGTAAATCAAAACT_002,40
GACCGTTGTAAATCAAAACT_003,95
GACCGTTGTAAATCAAAACT_004,127
GACCGTTGTAAATCAAAACT_005,170
GCACCACCAAATCATCCCCG_001,65
GCACCACCAAATCATCCCCG_002,102
GCACCACCAAATCATCCCCG_003,194
GCACCACCAAATCATCCCCG_004,122
GCACCACCAAATCATCCCCG_005,105
GCACCACCAAATCATCCCCG_006,68
GCACCACCAAATCATCCCCG_007,62
GCACCACCAAATCATCCCCG_008,196
GCACCACCAAATCATCCCCG_009,114
GCACCACCAAATCATCCCCG_010,177
GCACCACCAAATCATCCCCG_011,139
GCACCACCAAATCATCCCCG_012,168
GCACCACCAAATCATCCCCG_013,90
GCACCACCAAATCATCCCCG_014,66
GCACCACCAAATCATCCCCG_015,105
GCACCACCAAATCATCCCCG_016,188
AGGACTTCATCTCTAAGCGC_001,170
GGATGGTGCTTATATGACCA_001,102
GGATGGTGCTTATATGACCA_002,16
GGATGGTGCTTATATGACCA_003,190
TGCCGGTGACAAATTAACAG_001,0
TGCCGGTGACAAATTAACAG_002,105
TGCCGGTGACAAATTAACAG_003,76
GTTGAGTAAGGCATGAACTA_001,105
GTTGAGTAAGGCATGAACTA_002,104
GTTGAGTAAGGCATGAACTA_003,34
GTTGAGTAAGGCATGAACTA_004,170
GTTGAGTAAGGCATGAACTA_005,172
GTTGAGTAAGGCATGAACTA_006,7
GTTGAGTAAGGCATGAACTA_007,15
GTTGAGTAAGGCATGAACTA_008,187
GTTGAGTAAGGCATGAACTA_009,90
GTTGAGTAAGGCATGAACTA_010,171
AGAGCTCCAGGGCTTCGCGG_001,75
AGAGCTCCAGGGCTTCGCGG_002,156
AGAGCTCCAGGGCTTCGCGG_003,154
AGAGCTCCAGGGCTTCGCGG_004,72
AGAGCTCCAGGGCTTCGCGG_005,23
AGAGCTCCAGGGCTTCGCGG_006,144
AGAGCTCCAGGGCTTCGCGG_007,45
AGAGCTCCAGGGCTTCGCGG_008,98
AGAGCTCCAGGGCTTCGCGG_009,158
AGAGCTCCAGGGCTTCGCGG_010,63
AGAGCTCCAGGGCTTCGCGG_011,162
AGAGCTCCAGGGCTTCGCGG_012,140
AGAGCTCCAGGGCTTCGCGG_013,32
AGAGCTCCAGGGCTTCGCGG_014,121
AGAGCTCCAGGGCTTCGCGG_015,79
AGAGCTCCAGGGCTTCGCGG_016,134
AGAGCTCCAGGGCTTCGCGG_017,17
AGAGCTCCAGGGCTTCGCGG_018,130
AGAGCTCCAGGGCTTCGCGG_019,69
AGAGCTCCAGGGCTTCGCGG_020,194
AGAGCTCCAGGGCTTCGCGG_021,87
AGAGCTCCAGGGCTTCGCGG_022,197
AGAGCTCCAGGGCTTCGCGG_023,98
AGAGCTCCAGGGCTTCGCGG_024,139
AGAGCTCCAGGGCTTCGCGG_025,41
AGAGCTCCAGGGCTTCGCGG_026,39
AGAGCTCCAGGGCTTCGCGG_027,118
AGAGCTCCAGGGCTTCGCGG_028,88
GGAGTATCAGAAGCAACTCG_001,5
GGAGTATCAGAAGCAACTCG_002,149
GGAGTATCAGAAGCAACTCG_003,28
GGAGTATCAGAAGCAACTCG_004,2
GGAGTATCAGAAGCAACTCG_005,68
GGAGTATCAGAAGCAACTCG_006,57
GGAGTATCAGAAGCAACTCG_007,96
GGAGTATCAGAAGCAACTCG_008,40
GGAGTATCAGAAGCAACTCG_009,56
TGTGTCTCCAAAGAAGTCAG_001,15
TGTGTCTCCAAAGAAGTCAG_002,15
TGTGTCTCCAAAGAAGTCAG_003,154
TGTGTCTCCAAAGAAGTCAG_004,146
TGTGTCTCCAAAGAAGTCAG_005,169
TGTGTCTCCAAAGAAGTCAG_006,98
TGTGTCTCCAAAGAAGTCAG_007,61
TGTGTCTCCAAAGAAGTCAG_008,74
TGTGTCTCCAAAGAAGTCAG_009,50
TGTGTCTCCAAAGAAGTCAG_010,177
TGTGTCTCCAAAGAAGTCAG_011,82
TGTGTCTCCAAAGAAGTCAG_012,183
TGTGTCTCCAAAGAAGTCAG_013,145
TGTGTCTCCAAAGAAGTCAG_014,76
TGTGTCTCCAAAGAAGTCAG_015,8
TGTGTCTCCAAAGAAGTCAG_016,142
CAGCACAACACAGACACTGG_001,86
CAGCACAACACAGACACTGG_002,34
CAGCACAACACAGACACTGG_003,170
CAGCACAACACAGACACTGG_004,58
CAGCACAACACAGACACTGG_005,116
CAGCACAACACAGACACTGG_006,14
CAGCACAACACAGACACTGG_007,170
CAGCACAACACAGACACTGG_008,49
CAGCACAACACAGACACTGG_009,161
ACCAACGGAGCAAAGCCCCG_001,166
ACCAACGGAGCAAAGCCCCG_002,100
ACCAACGGAGCAAAGCCCCG_003,17
ACCAACGGAGCAAAGCCCCG_004,78
ACCAACGGAGCAAAGCCCCG_005,15
ACCAACGGAGCAAAGCCCCG_006,188
ACCAACGGAGCAAAGCCCCG_007,68
ACCAACGGAGCAAAGCCCCG_008,197
ACCAACGGAGCAAAGCCCCG_009,178
ACCAACGGAGCAAAGCCCCG_010,104
ACCAACGGAGCAAAGCCCCG_011,40
ACCAACGGAGCAAAGCCCCG_012,75
ACCAACGGAGCAAAGCCCCG_013,104
ACCAACGGAGCAAAGCCCCG_014,72
ACCAACGGAGCAAAGCCCCG_015,82
ACCAACGGAGCAAAGCCCCG_016,2
ACCAACGGAGCAAAGCCCCG_017,43
ACCAACGGAGCAAAGCCCCG_018,141
ACCAACGGAGCAAAGCCCCG_019,81
ACCAACGGAGCAAAGCCCCG_020,108
ACCAACGGAGCAAAGCCCCG_021,130
ACCAACGGAGCAAAGCCCCG_022,1
ACCAACGGAGCAAAGCCCCG_023,41
ACCAACGGAGCAAAGCCCCG_024,175
ACCAACGGAGCAAAGCCCCG_025,134
ACCAACGGAGCAAAGCCCCG_026,55
ACCAACGGAGCAAAGCCCCG_027,12
ACCAACGGAGCAAAGCCCCG_028,70
ACCAACGGAGCAAAGCCCCG_029,30
ACCAACGGAGCAAAGCCCCG_030,94
ACCAACGGAGCAAAGCCCCG_031,16
ACCAACGGAGCAAAGCCCCG_032,148
ACCAACGGAGCAAAGCCCCG_033,176
ACCAACGGAGCAAAGCCCCG_034,61
ACCAACGGAGCAAAGCCCCG_035,184
ACCAACGGAGCAAAGCCCCG_036,73
ACCAACGGAGCAAAGCCCCG_037,29
ACCAACGGAGCAAAGCCCCG_038,197
ACTGGACGTGAACTTGTTGG_001,171
ACTGGACGTGAACTTGTTGG_002,18
ACTGGACGTGAACTTGTTGG_003,125
ACTGGACGTGAACTTGTTGG_004,61
ACTGGACGTGAACTTGTTGG_005,178
ACTGGACGTGAACTTGTTGG_006,156
ACTGGACGTGAACTTGTTGG_007,88
CGGTAGCTGAGCGATCAGAG_001,166
CGGTAGCTGAGCGATCAGAG_002,166
CGGTAGCTGAGCGATCAGAG_003,16
CGGTAGCTGAGCGATCAGAG_004,156
CGGTAGCTGAGCGATCAGAG_005,40
CGGTAGCTGAGCGATCAGAG_006,96
CCCCGCACGGAGCCCACGGG_001,73
CCCCGCACGGAGCCCACGGG_002,169
CCCCGCACGGAGCCCACGGG_003,34
CCCCGCACGGAGCCCACGGG_004,152
CCCCGCACGGAGCCCACGGG_005,65
CCCCGCACGGAGCCCACGGG_006,127
CCCCGCACGGAGCCCACGGG_007,130
CCCCGCACGGAGCCCACGGG_008,198
CCCCGCACGGAGCCCACGGG_009,34
CCCCGCACGGAGCCCACGGG_010,60
CCCCGCACGGAGCCCACGGG_011,17
CCCCGCACGGAGCCCACGGG_012,184
CCCCGCACGGAGCCCACGGG_013,77
CCCCGCACGGAGCCCACGGG_014,114
CCCCGCACGGAGCCCACGGG_015,66
CCCCGCACGGAGCCCACGGG_016,145
CCCCGCACGGAGCCCACGGG_017,188
CCCCGCACGGAGCCCACGGG_018,23
CCCCGCACGGAGCCCACGGG_019,114
CCCCGCACGGAGCCCACGGG_020,19
CCCCGCACGGAGCCCACGGG_021,81
CCCCGCACGGAGCCCACGGG_022,35
CCCCGCACGGAGCCCACGGG_023,176
CCCCGCACGGAGCCCACGGG_024,99
CCCCGCACGGAGCCCACGGG_025,29
CCCCGCACGGAGCCCACGGG_026,128
CCCCGCACGGAGCCCACGGG_027,127
CCCCGCACGGAGCCCACGGG_028,88
CCCCGCACGGAGCCCACGGG_029,192
CCCCGCACGGAGCCCACGGG_030,88
CCCCGCACGGAGCCCACGGG_031,56
CCCCGCACGGAGCCCACGGG_032,165
CCCCGCACGGAGCCCACGGG_033,175
CCCCGCACGGAGCCCACGGG_034,9
CCCCGCACGGAGCCCACGGG_035,154
CCCCGCACGGAGCCCACGGG_036,112
CCCCGCACGGAGCCCACGGG_037,58
CCCCGCACGGAGCCCACGGG_038,60
CCCCGCACGGAGCCCACGGG_039,133
CCCCGCACGGAGCCCACGGG_040,88
CCCCGCACGGAGCCCACGGG_041,187
CCCCGCACGGAGCCCACGGG_042,91
CCCCGCACGGAGCCCACGGG_043,174
CCCCGCACGGAGCCCACGGG_044,192
CCCCGCACGGAGCCCACGGG_045,192
CCCCGCACGGAGCCCACGGG_046,147
CCCCGCACGGAGCCCACGGG_047,141
CCCCGCACGGAGCCCACGGG_048,142
CCCCGCACGGAGCCCACGGG_049,28
CCCCGCACGGAGCCCACGGG_050,162
CCCCGCACGGAGCCCACGGG_051,88
CCCCGCACGGAGCCCACGGG_052,195
CCCCGCACGGAGCCCACGGG_053,104
CCCCGCACGGAGCCCACGGG_054,17
CCCCGCACGGAGCCCACGGG_055,153
CCCCGCACGGAGCCCACGGG_056,65
CCCCGCACGGAGCCCACGGG_057,124
CCCCGCACGGAGCCCACGGG_058,57
CCCCGCACGGAGCCCACGGG_059,51
CCCCGCACGGAGCCCACGGG_060,45
CCCCGCACGGAGCCCACGGG_061,15
CCCCGCACGGAGCCCACGGG_062,171
CCCCGCACGGAGCCCACGGG_063,67
CCCCGCACGGAGCCCACGGG_064,15
CCCCGCACGGAGCCCACGGG_065,108
CCCCGCACGGAGCCCACGGG_066,179
CCCCGCACGGAGCCCACGGG_067,172
CCCCGCACGGAGCCCACGGG_068,172
CCCCGCACGGAGCCCACGGG_069,39
CCCCGCACGGAGCCCACGGG_070,184
CCCCGCACGGAGCCCACGGG_071,150
CCCCGCACGGAGCCCACGGG_072,50
CCCCGCACGGAGCCCACGGG_073,28
CCCCGCACGGAGCCCACGGG_074,156
CCCCGCACGGAGCCCACGGG_075,74
CCCCGCACGGAGCCCACGGG_076,56
CCCCGCACGGAGCCCACGGG_077,160
CCCCGCACGGAGCCCACGGG_078,169
CCCCGCACGGAGCCCACGGG_079,80
CCCCGCACGGAGCCCACGGG_080,18
AGCTAGGATACCCAGGACAC_001,41
AGCTAGGATACCCAGGACAC_002,32
AGCTAGGATACCCAGGACAC_003,70
AGCTAGGATACCCAGGACAC_004,137
AGCTAGGATACCCAGGACAC_005,24
AGCTAGGATACCCAGGACAC_006,23
GGAGGCGAAAGCCAACGGCG_001,12
GGAGGCGAAAGCCAACGGCG_002,184
GGAGGCGAAAGCCAACGGCG_003,90
GGAGGCGAAAGCCAACGGCG_004,9
GGAGGCGAAAGCCAACGGCG_005,174
CAAAATGCAGAATCAGGACG_001,96
CAAAATGCAGAATCAGGACG_002,56
CAAAATGCAGAATCAGGACG_003,44
CAAAATGCAGAATCAGGACG_004,68
CAAAATGCAGAATCAGGACG_005,105
CAAAATGCAGAATCAGGACG_006,120
CAAAATGCAGAATCAGGACG_007,19
CAAAATGCAGAATCAGGACG_008,63
CAAAATGCAGAATCAGGACG_009,130
TGCTGCAGCGGTATATGGAG_001,53
TGCTGCAGCGGTATATGGAG_002,29
TGCTGCAGCGGTATATGGAG_003,2
TGCTGCAGCGGTATATGGAG_004,134
TGCTGCAGCGGTATATGGAG_005,169
TGCTGCAGCGGTATATGGAG_006,77
TGCTGCAGCGGTATATGGAG_007,149
TGCTGCAGCGGTATATGGAG_008,181
CCGAGCAAATGAGTCCCGAC_001,17
CCGAGCAAATGAGTCCCGAC_002,8
CCGAGCAAATGAGTCCCGAC_003,2
CCGAGCAAATGAGTCCCGAC_004,77
CCGAGCAAATGAGTCCCGAC_005,104
CCGAGCAAATGAGTCCCGAC_006,138
TTGAAGTATCATCGGACCGA_001,23
ATGAAGTTGTACTGACTCCG_001,186
ATGAAGTTGTACTGACTCCG_002,96
ATGAAGTTGTACTGACTCCG_003,81
ATGAAGTTGTACTGACTCCG_004,94
ATGAAGTTGTACTGACTCCG_005,15
ATGAAGTTGTACTGACTCCG_006,11
ATGAAGTTGTACTGACTCCG_007,11
ATGAAGTTGTACTGACTCCG_008,113
AATTACACTTACAAATCCAA_001,70
AATTACACTTACAAATCCAA_002,83
AATTACACTTACAAATCCAA_003,158
AATTACACTTACAAATCCAA_004,19
AATTACACTTACAAATCCAA_005,63
CTGGCTTCGAGACAGCCAGA_001,20
CTGGCTTCGAGACAGCCAGA_002,57
CTGGCTTCGAGACAGCCAGA_003,53
CTGGCTTCGAGACAGCCAGA_004,103
CTGGCTTCGAGACAGCCAGA_005,19
CTGGCTTCGAGACAGCCAGA_006,199
CTGGCTTCGAGACAGCCAGA_007,105
CTGGCTTCGAGACAGCCAGA_008,19
CTGGCTTCGAGACAGCCAGA_009,158
CTGGCTTCGAGACAGCCAGA_010,130
CTGGCTTCGAGACAGCCAGA_011,81
CTGGCTTCGAGACAGCCAGA_012,168
CTGGCTTCGAGACAGCCAGA_013,150
CTGGCTTCGAGACAGCCAGA_014,8
CTGGCTTCGAGACAGCCAGA_015,60
CTGGCTTCGAGACAGCCAGA_016,150
CTGGCTTCGAGACAGCCAGA_017,162
CTGGCTTCGAGACAGCCAGA_018,81
CTGGCTTCGAGACAGCCAGA_019,17
CTGGCTTCGAGACAGCCAGA_020,169
CTGGCTTCGAGACAGCCAGA_021,199
CTGGCTTCGAGACAGCCAGA_022,34
CTGGCTTCGAGACAGCCAGA_023,82
CTGGCTTCGAGACAGCCAGA_024,81
CTGGCTTCGAGACAGCCAGA_025,60
CTGGCTTCGAGACAGCCAGA_026,46
CTGGCTTCGAGACAGCCAGA_027,170
CTGGCTTCGAGACAGCCAGA_028,155
CTGGCTTCGAGACAGCCAGA_029,155
GACTGATACCTTGTTCTCCG_001,150
GACTGATACCTTGTTCTCCG_002,30
GACTGATACCTTGTTCTCCG_003,56
GCGATGTTCGAGGAAACGCA_001,15
GCGATGTTCGAGGAAACGCA_002,162
GCGATGTTCGAGGAAACGCA_003,26
GCGATGTTCGAGGAAACGCA_004,162
GCGATGTTCGAGGAAACGCA_005,34
GCGATGTTCGAGGAAACGCA_006,121
GCGATGTTCGAGGAAACGCA_007,106
GCGATGTTCGAGGAAACGCA_008,45
GCGATGTTCGAGGAAACGCA_009,91
GCGATGTTCGAGGAAACGCA_010,86
TCCCAGAAAGGGTACAGGAG_001,170
TCCCAGAAAGGGTACAGGAG_002,172
TCCCAGAAAGGGTACAGGAG_003,116
TCCCAGAAAGGGTACAGGAG_004,98
TCCCAGAAAGGGTACAGGAG_005,69
CAACACGACACGCGGCAATG_001,119
CAACACGACACGCGGCAATG_002,172
CAACACGACACGCGGCAATG_003,72
CAACACGACACGCGGCAATG_004,20
CAACACGACACGCGGCAATG_005,130
CAACACGACACGCGGCAATG_006,127
CAACACGACACGCGGCAATG_007,118
CAACACGACACGCGGCAATG_008,115
CAACACGACACGCGGCAATG_009,6
CAACACGACACGCGGCAATG_010,80
CAACACGACACGCGGCAATG_011,113
CAACACGACACGCGGCAATG_012,9
CAACACGACACGCGGCAATG_013,98
CAACACGACACGCGGCAATG_014,85
CAACACGACACGCGGCAATG_015,67
CAACACGACACGCGGCAATG_016,70
CAACACGACACGCGGCAATG_017,47
CAACACGACACGCGGCAATG_018,28
CAACACGACACGCGGCAATG_019,199
CAACACGACACGCGGCAATG_020,64
CAACACGACACGCGGCAATG_021,72
CAACACGACACGCGGCAATG_022,41
CAACACGACACGCGGCAATG_023,116
CAACACGACACGCGGCAATG_024,88
GCTCCAATGGAGACTGTCGA_001,170
GCTCCAATGGAGACTGTCGA_002,130
GCTCCAATGGAGACTGTCGA_003,24
GCTCCAATGGAGACTGTCGA_004,132
GCTCCAATGGAGACTGTCGA_005,176
GGAGCTATGAACTTCCTGAT_001,70
GGAGCTATGAACTTCCTGAT_002,170
GGAGCTATGAACTTCCTGAT_003,56
AATACTGATGATCCATCAGG_001,82
AATACTGATGATCCATCAGG_002,191
GTCGCTGTGTCCCAGAACAT_001,106
GTCGCTGTGTCCCAGAACAT_002,127
GTCGCTGTGTCCCAGAACAT_003,162
TCATCACCAGATGTGTTGGT_001,94
TCATCACCAGATGTGTTGGT_002,128
TCATCACCAGATGTGTTGGT_003,23
AAATCTTGGAGGAGTCACCC_001,26
CCACGCAGCTGTCCATAGGG_001,191
CCACGCAGCTGTCCATAGGG_002,83
CCACGCAGCTGTCCATAGGG_003,159
CCACGCAGCTGTCCATAGGG_004,62
CCACGCAGCTGTCCATAGGG_005,175
CCACGCAGCTGTCCATAGGG_006,8
AGAGGCATTTGATACAATCC_001,153
AGGACACACGCGGTTCCAAG_001,48
AGGACACACGCGGTTCCAAG_002,169
AGGACACACGCGGTTCCAAG_003,137
AGGACACACGCGGTTCCAAG_004,160
AGGACACACGCGGTTCCAAG_005,168
AGGACACACGCGGTTCCAAG_006,47
AGGACACACGCGGTTCCAAG_007,93
AGGACACACGCGGTTCCAAG_008,121
AGGACACACGCGGTTCCAAG_009,48
AGTACATCCAGCATACGTAC_001,29
AGTACATCCAGCATACGTAC_002,35
ATAGTGCACGTGCCTAAATG_001,169
ATAGTGCACGTGCCTAAATG_002,142
ATAGTGCACGTGCCTAAATG_003,154
ATAGTGCACGTGCCTAAATG_004,148
ATAGTGCACGTGCCTAAATG_005,23
ATAGTGCACGTGCCTAAATG_006,50
ATAGTGCACGTGCCTAAATG_007,176
ATAGTGCACGTGCCTAAATG_008,177
ATAGTGCACGTGCCTAAATG_009,153
ATAGTGCACGTGCCTAAATG_010,48
ATAGTGCACGTGCCTAAATG_011,115
TGCCAAGCATGAACTCGACG_001,72
TGCCAAGCATGAACTCGACG_002,68
TGCCAAGCATGAACTCGACG_003,4
TGCCAAGCATGAACTCGACG_004,89
TGCCAAGCATGAACTCGACG_005,188
TGCCAAGCATGAACTCGACG_006,33
TGCCAAGCATGAACTCGACG_007,185
TGCCAAGCATGAACTCGACG_008,112
TGCCAAGCATGAACTCGACG_009,63
TGCCAAGCATGAACTCGACG_010,19
TGGGATTATCAAATGACAGG_001,62
TGGGATTATCAAATGACAGG_002,158
TGGGATTATCAAATGACAGG_003,16
TGGGATTATCAAATGACAGG_004,107
TGGGATTATCAAATGACAGG_005,115
AGATACCGAAGTAGGCGGCT_001,75
AGATACCGAAGTAGGCGGCT_002,72
AGATACCGAAGTAGGCGGCT_003,29
AACTACCCAAGAGATCACTC_001,49
AACTACCCAAGAGATCACTC_002,162
AACTACCCAAGAGATCACTC_003,19
AACTACCCAAGAGATCACTC_004,169
AACTACCCAAGAGATCACTC_005,33
AACTACCCAAGAGATCACTC_006,100
AACTACCCAAGAGATCACTC_007,20
AACTACCCAAGAGATCACTC_008,75
AACTACCCAAGAGATCACTC_009,122
AACTACCCAAGAGATCACTC_010,138
AACTACCCAAGAGATCACTC_011,25
AGGTCCAAAAAACTTGACCA_001,178
AGGTCCAAAAAACTTGACCA_002,178
AGGTCCAAAAAACTTGACCA_003,101
AGGTCCAAAAAACTTGACCA_004,80
AGGTCCAAAAAACTTGACCA_005,107
AGGTCCAAAAAACTTGACCA_006,172
AGGTCCAAAAAACTTGACCA_007,108
AGGTCCAAAAAACTTGACCA_008,166
AGGTCCAAAAAACTTGACCA_009,191
AGGTCCAAAAAACTTGACCA_010,108
AGGTCCAAAAAACTTGACCA_011,75
AGGTCCAAAAAACTTGACCA_012,47
AGGTCCAAAAAACTTGACCA_013,199
AGGTCCAAAAAACTTGACCA_014,134
AGGTCCAAAAAACTTGACCA_015,3
AGGTCCAAAAAACTTGACCA_016,177
AGGTCCAAAAAACTTGACCA_017,49
AGGTCCAAAAAACTTGACCA_018,183
AGGTCCAAAAAACTTGACCA_019,112
AGGTCCAAAAAACTTGACCA_020,34
AGGTCCAAAAAACTTGACCA_021,81
AGGTCCAAAAAACTTGACCA_022,8
ATTTGGTTGGCATACTACAG_001,47
ATTTGGTTGGCATACTACAG_002,60
ATTTGGTTGGCATACTACAG_003,150
ATTTGGTTGGCATACTACAG_004,49
ATTTGGTTGGCATACTACAG_005,199
ATTTGGTTGGCATACTACAG_006,34
ATTTGGTTGGCATACTACAG_007,168
ATTTGGTTGGCATACTACAG_008,50
ATTTGGTTGGCATACTACAG_009,162
ACAGCTGAACAAGAAGTCGG_001,162
ACAGCTGAACAAGAAGTCGG_002,8
ACAGCTGAACAAGAAGTCGG_003,150
ACAGCTGAACAAGAAGTCGG_004,70
ACAGCTGAACAAGAAGTCGG_005,77
ACAGCTGAACAAGAAGTCGG_006,41
ACAGCTGAACAAGAAGTCGG_007,60
ACAGCTGAACAAGAAGTCGG_008,30
ACAGCTGAACAAGAAGTCGG_009,113
ACAGCTGAACAAGAAGTCGG_010,176
ACAGCTGAACAAGAAGTCGG_011,47
ACAGCTGAACAAGAAGTCGG_012,8
ACAGCTGAACAAGAAGTCGG_013,33
ACAGCTGAACAAGAAGTCGG_014,29
ACAGCTGAACAAGAAGTCGG_015,25
ACAGCTGAACAAGAAGTCGG_016,158
ACAGCTGAACAAGAAGTCGG_017,118
ACAGCTGAACAAGAAGTCGG_018,94
ACAGCTGAACAAGAAGTCGG_019,13
ACAGCTGAACAAGAAGTCGG_020,91
ACAGCTGAACAAGAAGTCGG_021,184
ACAGCTGAACAAGAAGTCGG_022,55
CTTCAAGAACTAGTGCGCAG_001,53
GAGCAGCTGAGTTCATCCGA_001,56
GAGCAGCTGAGTTCATCCGA_002,55
GAGCAGCTGAGTTCATCCGA_003,127
GAGCAGCTGAGTTCATCCGA_004,147
GAGCAGCTGAGTTCATCCGA_005,165
GAGCAGCTGAGTTCATCCGA_006,61
GAGCAGCTGAGTTCATCCGA_007,69
GAGCAGCTGAGTTCATCCGA_008,120
GAGCAGCTGAGTTCATCCGA_009,196
GAGCAGCTGAGTTCATCCGA_010,62
GAGCAGCTGAGTTCATCCGA_011,159
GAGCAGCTGAGTTCATCCGA_012,33
GAGCAGCTGAGTTCATCCGA_013,151
GAAGCTCAAGTACAAGCACC_001,109
GAAGCTCAAGTACAAGCACC_002,109
GAAGCTCAAGTACAAGCACC_003,139
GAAGCTCAAGTACAAGCACC_004,72
GAAGCTCAAGTACAAGCACC_005,106
GAAGCTCAAGTACAAGCACC_006,27
GAAGCTCAAGTACAAGCACC_007,69
GAAGCTCAAGTACAAGCACC_008,115
GAAGCTCAAGTACAAGCACC_009,169
GAAGCTCAAGTACAAGCACC_010,199
GAAGCTCAAGTACAAGCACC_011,59
GAAGCTCAAGTACAAGCACC_012,70
GAAGCTCAAGTACAAGCACC_013,170
GAAGCTCAAGTACAAGCACC_014,180
GAAGCTCAAGTACAAGCACC_015,153
ATATCGTGTATAGAGGTGCT_001,169
ATATCGTGTATAGAGGTGCT_002,197
ATATCGTGTATAGAGGTGCT_003,190
ATATCGTGTATAGAGGTGCT_004,76
ATATCGTGTATAGAGGTGCT_005,175
ATATCGTGTATAGAGGTGCT_006,184
ATATCGTGTATAGAGGTGCT_007,182
ATATCGTGTATAGAGGTGCT_008,199
ATATCGTGTATAGAGGTGCT_009,178
ATATCGTGTATAGAGGTGCT_010,108
ATATCGTGTATAGAGGTGCT_011,1
ATATCGTGTATAGAGGTGCT_012,77
ATATCGTGTATAGAGGTGCT_013,17
ATATCGTGTATAGAGGTGCT_014,4
GATCACGCCAGGTCTTGGGA_001,3
GATCACGCCAGGTCTTGGGA_002,199
GATCACGCCAGGTCTTGGGA_003,149
GATCACGCCAGGTCTTGGGA_004,133
GATCACGCCAGGTCTTGGGA_005,184
GATCACGCCAGGTCTTGGGA_006,2
TCCAACACCGAGCCACTCTG_001,122
TCCAACACCGAGCCACTCTG_002,72
TCCAACACCGAGCCACTCTG_003,112
TCCAACACCGAGCCACTCTG_004,10
TCCAACACCGAGCCACTCTG_005,72
AGGTCTTCCGGCGCCCATCG_001,9
AGGTCTTCCGGCGCCCATCG_002,160
AGGTCTTCCGGCGCCCATCG_003,135
AGGTCTTCCGGCGCCCATCG_004,5
AGGTCTTCCGGCGCCCATCG_005,152
AGGTCTTCCGGCGCCCATCG_006,39
GAGCCGGTGTCCGTCGAGTG_001,172
GAGCCGGTGTCCGTCGAGTG_002,160
GAGCCGGTGTCCGTCGAGTG_003,2
GAGCCGGTGTCCGTCGAGTG_004,170
GAGCCGGTGTCCGTCGAGTG_005,116
GAGCCGGTGTCCGTCGAGTG_006,189
GAGCCGGTGTCCGTCGAGTG_007,152
GAGCCGGTGTCCGTCGAGTG_008,47
GAGCCGGTGTCCGTCGAGTG_009,121
GAGCCGGTGTCCGTCGAGTG_010,17
GAGCCGGTGTCCGTCGAGTG_011,158
GAGCTCCCGCCCACACACGG_001,11
GAGCTCCCGCCCACACACGG_002,199
GAGCTCCCGCCCACACACGG_003,113
GAGCTCCCGCCCACACACGG_004,112
GAGCTCCCGCCCACACACGG_005,15
GAGCTCCCGCCCACACACGG_006,140
GAGCTCCCGCCCACACACGG_007,47
GAGCTCCCGCCCACACACGG_008,31
GAGCTCCCGCCCACACACGG_009,55
GAGCTCCCGCCCACACACGG_010,188
GAGCTCCCGCCCACACACGG_011,94
GAGCTCCCGCCCACACACGG_012,86
GAGCTCCCGCCCACACACGG_013,117
GAGCTCCCGCCCACACACGG_014,158
GAGCTCCCGCCCACACACGG_015,184
GAGCTCCCGCCCACACACGG_016,135
GAGCTCCCGCCCACACACGG_017,81
GAGCTCCCGCCCACACACGG_018,139
GAGCTCCCGCCCACACACGG_019,14
GAGCTCCCGCCCACACACGG_020,70
GAGCTCCCGCCCACACACGG_021,148
GAGCTCCCGCCCACACACGG_022,95
GAGCTCCCGCCCACACACGG_023,3
GAGCTCCCGCCCACACACGG_024,142
GAGCTCCCGCCCACACACGG_025,193
GAGCTCCCGCCCACACACGG_026,54
GAGCTCCCGCCCACACACGG_027,188
GAGCTCCCGCCCACACACGG_028,149
GAGCTCCCGCCCACACACGG_029,144
GAGCTCCCGCCCACACACGG_030,74
GAGCTCCCGCCCACACACGG_031,9
GAGCTCCCGCCCACACACGG_032,191
GAGCTCCCGCCCACACACGG_033,37
GAGCTCCCGCCCACACACGG_034,43
GAGCTCCCGCCCACACACGG_035,95
AGAGGCCACGAACATGCAAG_001,51
AGAGGCCACGAACATGCAAG_002,137
AGAGGCCACGAACATGCAAG_003,160
AGAGGCCACGAACATGCAAG_004,196
AGAGGCCACGAACATGCAAG_005,80
AGAGGCCACGAACATGCAAG_006,12
AGAGGCCACGAACATGCAAG_007,8
AGAGGCCACGAACATGCAAG_008,143
AGAGGCCACGAACATGCAAG_009,141
AGAGGCCACGAACATGCAAG_010,60
AGAGGCCACGAACATGCAAG_011,141
AGAGGCCACGAACATGCAAG_012,129
AGAGGCCACGAACATGCAAG_013,13
AGAGGCCACGAACATGCAAG_014,44
AGAGGCCACGAACATGCAAG_015,170
AGAGGCCACGAACATGCAAG_016,102
AGAGGCCACGAACATGCAAG_017,145
AGAGGCCACGAACATGCAAG_018,156
AGAGGCCACGAACATGCAAG_019,105
AGAGGCCACGAACATGCAAG_020,158
AGAGGCCACGAACATGCAAG_021,41
AGAGGCCACGAACATGCAAG_022,63
AGAGGCCACGAACATGCAAG_023,56
AGAGGCCACGAACATGCAAG_024,138
AGAGGCCACGAACATGCAAG_025,170
TGAGGAGGCTGACATTCGTG_001,102
TGAGGAGGCTGACATTCGTG_002,191
TGAGGAGGCTGACATTCGTG_003,184
TGAGGAGGCTGACATTCGTG_004,174
TGAGGAGGCTGACATTCGTG_005,188
TGAGGAGGCTGACATTCGTG_006,1
TTTGTGTTGATGAATCCTGG_001,181
TTTGTGTTGATGAATCCTGG_002,107
TTTGTGTTGATGAATCCTGG_003,176
TTTGTGTTGATGAATCCTGG_004,51
TTTGTGTTGATGAATCCTGG_005,53
TTTGTGTTGATGAATCCTGG_006,109
TTTGTGTTGATGAATCCTGG_007,194
TTTGTGTTGATGAATCCTGG_008,26
TTTGTGTTGATGAATCCTGG_009,139
TTTGTGTTGATGAATCCTGG_010,181
TTTGTGTTGATGAATCCTGG_011,73
CTGATTGCCTGGGCAAGTGG_001,8
CTGATTGCCTGGGCAAGTGG_002,24
CTGATTGCCTGGGCAAGTGG_003,34
CTGATTGCCTGGGCAAGTGG_004,177
CTGATTGCCTGGGCAAGTGG_005,157
CTGATTGCCTGGGCAAGTGG_006,81
CTGATTGCCTGGGCAAGTGG_007,130
ACTAATTGTCATTCAAGAAG_001,150
ACTAATTGTCATTCAAGAAG_002,43
CCTCTGGAAGGACACTTCTG_001,14
CCTCTGGAAGGACACTTCTG_002,191
CCTCTGGAAGGACACTTCTG_003,60
CCTCTGGAAGGACACTTCTG_004,159
CCTCTGGAAGGACACTTCTG_005,104
CCTCTGGAAGGACACTTCTG_006,40
CCTCTGGAAGGACACTTCTG_007,15
CCTCTGGAAGGACACTTCTG_008,198
CCTCTGGAAGGACACTTCTG_009,184
CCTCTGGAAGGACACTTCTG_010,160
CCTCTGGAAGGACACTTCTG_011,196
CCTCTGGAAGGACACTTCTG_012,107
CCTCTGGAAGGACACTTCTG_013,116
CCTCTGGAAGGACACTTCTG_014,114
CCTCTGGAAGGACACTTCTG_015,158
CCTCTGGAAGGACACTTCTG_016,174
CCTCTGGAAGGACACTTCTG_017,1
CCTCTGGAAGGACACTTCTG_018,9
CCTCTGGAAGGACACTTCTG_019,41
CCTCTGGAAGGACACTTCTG_020,94
CCTCTGGAAGGACACTTCTG_021,48
CCTCTGGAAGGACACTTCTG_022,66
CCTCTGGAAGGACACTTCTG_023,166
CCTCTGGAAGGACACTTCTG_024,180
CCTCTGGAAGGACACTTCTG_025,188
CCTCTGGAAGGACACTTCTG_026,0
CCTCTGGAAGGACACTTCTG_027,124
CCTCTGGAAGGACACTTCTG_028,91
TATAGCTATTGTGTCTGTCA_001,19
TATAGCTATTGTGTCTGTCA_002,102
TATAGCTATTGTGTCTGTCA_003,48
GTTGGTCTGTGCCAAAGTCA_001,31
GTTGGTCTGTGCCAAAGTCA_002,82
GTTGGTCTGTGCCAAAGTCA_003,126
GTTGGTCTGTGCCAAAGTCA_004,182
GTTGGTCTGTGCCAAAGTCA_005,6
GTTGGTCTGTGCCAAAGTCA_006,161
GTTGGTCTGTGCCAAAGTCA_007,92
GTTGGTCTGTGCCAAAGTCA_008,33
GTTGGTCTGTGCCAAAGTCA_009,119
GTTGGTCTGTGCCAAAGTCA_010,56
GTTGGTCTGTGCCAAAGTCA_011,154
GTTGGTCTGTGCCAAAGTCA_012,60
GTTGGTCTGTGCCAAAGTCA_013,3
GTTGGTCTGTGCCAAAGTCA_014,119
GACGCCTCGGCACCCCCGTG_001,94
GACGCCTCGGCACCCCCGTG_002,76
GACGCCTCGGCACCCCCGTG_003,51
GACGCCTCGGCACCCCCGTG_004,130
GACGCCTCGGCACCCCCGTG_005,57
GACGCCTCGGCACCCCCGTG_006,13
GACGCCTCGGCACCCCCGTG_007,117
TTCCTGGTCATGCACTACAG_001,184
TTCCTGGTCATGCACTACAG_002,54
TTCCTGGTCATGCACTACAG_003,98
TTCCTGGTCATGCACTACAG_004,55
TTCCTGGTCATGCACTACAG_005,80
TTCCTGGTCATGCACTACAG_006,86
TTCCTGGTCATGCACTACAG_007,81
TTCCTGGTCATGCACTACAG_008,94
GGTTGCGGAAGAGCTGACGT_001,130
GGTTGCGGAAGAGCTGACGT_002,183
GGTTGCGGAAGAGCTGACGT_003,194
GGTTGCGGAAGAGCTGACGT_004,195
GGTTGCGGAAGAGCTGACGT_005,139
GGTTGCGGAAGAGCTGACGT_006,197
GGTTGCGGAAGAGCTGACGT_007,101
GGTTGCGGAAGAGCTGACGT_008,154
GGTTGCGGAAGAGCTGACGT_009,2
GGTTGCGGAAGAGCTGACGT_010,109
GGTTGCGGAAGAGCTGACGT_011,44
GGTTGCGGAAGAGCTGACGT_012,10
GGTTGCGGAAGAGCTGACGT_013,66
GGTTGCGGAAGAGCTGACGT_014,51
GGTTGCGGAAGAGCTGACGT_015,108
GGTTGCGGAAGAGCTGACGT_016,47
GGTTGCGGAAGAGCTGACGT_017,47
GGTTGCGGAAGAGCTGACGT_018,108
GGTTGCGGAAGAGCTGACGT_019,179
GGTTGCGGAAGAGCTGACGT_020,92
GGTTGCGGAAGAGCTGACGT_021,5
GGTTGCGGAAGAGCTGACGT_022,21
GGTTGCGGAAGAGCTGACGT_023,140
GGTTGCGGAAGAGCTGACGT_024,0
GGTTGCGGAAGAGCTGACGT_025,3
GGTTGCGGAAGAGCTGACGT_026,90
GGTTGCGGAAGAGCTGACGT_027,136
GGTTGCGGAAGAGCTGACGT_028,72
GGTTGCGGAAGAGCTGACGT_029,46
GGTTGCGGAAGAGCTGACGT_030,126
GAGGCTGAACAAGTACCGCG_001,2
GAGGCTGAACAAGTACCGCG_002,115
GAGGCTGAACAAGTACCGCG_003,153
GAGGCTGAACAAGTACCGCG_004,83
GAGGCTGAACAAGTACCGCG_005,28
GAGGCTGAACAAGTACCGCG_006,184
GAGGCTGAACAAGTACCGCG_007,54
GAGGCTGAACAAGTACCGCG_008,124
GAGGCTGAACAAGTACCGCG_009,142
GAGGCTGAACAAGTACCGCG_010,170
AGCACCCAACGAAGTTCAGG_001,19
AGCACCCAACGAAGTTCAGG_002,103
AGCACCCAACGAAGTTCAGG_003,169
AGCACCCAACGAAGTTCAGG_004,85
AGCACCCAACGAAGTTCAGG_005,163
AGCACCCAACGAAGTTCAGG_006,162
AGCACCCAACGAAGTTCAGG_007,105
AGCACCCAACGAAGTTCAGG_008,84
AGCACCCAACGAAGTTCAGG_009,115
AGCACCCAACGAAGTTCAGG_010,27
AGCACCCAACGAAGTTCAGG_011,50
AGCACCCAACGAAGTTCAGG_012,10
AGCACCCAACGAAGTTCAGG_013,40
ACATCTGAGGACCCGAAGTG_001,41
ACATCTGAGGACCCGAAGTG_002,53
ACATCTGAGGACCCGAAGTG_003,142
ACATCTGAGGACCCGAAGTG_004,142
ACATCTGAGGACCCGAAGTG_005,90
ACATCTGAGGACCCGAAGTG_006,158
ACATCTGAGGACCCGAAGTG_007,105
ACATCTGAGGACCCGAAGTG_008,77
ACATCTGAGGACCCGAAGTG_009,102
ACATCTGAGGACCCGAAGTG_010,90
ACATCTGAGGACCCGAAGTG_011,106
ACATCTGAGGACCCGAAGTG_012,34
ACATCTGAGGACCCGAAGTG_013,137
ACATCTGAGGACCCGAAGTG_014,170
ACATCTGAGGACCCGAAGTG_015,186
ACATCTGAGGACCCGAAGTG_016,76
GATAACAGTCTGAAGCTGCA_001,169
GATAACAGTCTGAAGCTGCA_002,175
GATAACAGTCTGAAGCTGCA_003,154
GATAACAGTCTGAAGCTGCA_004,88
GATAACAGTCTGAAGCTGCA_005,185
GATAACAGTCTGAAGCTGCA_006,36
GATAACAGTCTGAAGCTGCA_007,127
GATAACAGTCTGAAGCTGCA_008,41
GATAACAGTCTGAAGCTGCA_009,175
GATAACAGTCTGAAGCTGCA_010,58
GATAACAGTCTGAAGCTGCA_011,194
GATAACAGTCTGAAGCTGCA_012,53
GATAACAGTCTGAAGCTGCA_013,4
AGCGGCACGTTCCTTGAACG_001,94
AGCGGCACGTTCCTTGAACG_002,145
AGCGGCACGTTCCTTGAACG_003,93
AGCGGCACGTTCCTTGAACG_004,130
AGCGGCACGTTCCTTGAACG_005,28
CACAGCGGGCGAGTACACTG_001,9
CACAGCGGGCGAGTACACTG_002,146
CACAGCGGGCGAGTACACTG_003,135
CACAGCGGGCGAGTACACTG_004,54
CACAGCGGGCGAGTACACTG_005,53
CACAGCGGGCGAGTACACTG_006,13
CACAGCGGGCGAGTACACTG_007,81
CACAGCGGGCGAGTACACTG_008,126
CACAGCGGGCGAGTACACTG_009,22
CACAGCGGGCGAGTACACTG_010,133
CACAGCGGGCGAGTACACTG_011,35
CACAGCGGGCGAGTACACTG_012,62
CACAGCGGGCGAGTACACTG_013,11
CACAGCGGGCGAGTACACTG_014,12
CACAGCGGGCGAGTACACTG_015,88
CACAGCGGGCGAGTACACTG_016,8
CACAGCGGGCGAGTACACTG_017,118
CACAGCGGGCGAGTACACTG_018,10
CACAGCGGGCGAGTACACTG_019,34
CACAGCGGGCGAGTACACTG_020,62
CACAGCGGGCGAGTACACTG_021,19
CACAGCGGGCGAGTACACTG_022,9
CACAGCGGGCGAGTACACTG_023,79
AATGGTTCTGTCAAAAGCTG_001,137
AATGGTTCTGTCAAAAGCTG_002,169
AATGGTTCTGTCAAAAGCTG_003,183
AATGGTTCTGTCAAAAGCTG_004,69
AATGGTTCTGTCAAAAGCTG_005,75
AATGGTTCTGTCAAAAGCTG_006,41
AATGGTTCTGTCAAAAGCTG_007,157
GCGTCGAAGTAGGACGAGTG_001,31
GCGTCGAAGTAGGACGAGTG_002,48
GCGTCGAAGTAGGACGAGTG_003,55
GCGTCGAAGTAGGACGAGTG_004,168
GCGTCGAAGTAGGACGAGTG_005,77
GCGTCGAAGTAGGACGAGTG_006,68
GCGTCGAAGTAGGACGAGTG_007,151
GCGTCGAAGTAGGACGAGTG_008,78
GCGTCGAAGTAGGACGAGTG_009,155
GCGTCGAAGTAGGACGAGTG_010,29
GCGTCGAAGTAGGACGAGTG_011,197
GCGTCGAAGTAGGACGAGTG_012,58
GCGTCGAAGTAGGACGAGTG_013,65
GCGTCGAAGTAGGACGAGTG_014,158
GCGTCGAAGTAGGACGAGTG_015,129
GCGTCGAAGTAGGACGAGTG_016,154
GCGTCGAAGTAGGACGAGTG_017,50
GCGTCGAAGTAGGACGAGTG_018,138
GCGTCGAAGTAGGACGAGTG_019,106
GCGTCGAAGTAGGACGAGTG_020,174
TCGGCAAACCTGTCTAATTG_001,4
TCGGCAAACCTGTCTAATTG_002,178
GGCAAACCTCTCTTGGCGCA_001,53
GGTCATCTGTGACTGAGTCG_001,60
GGTCATCTGTGACTGAGTCG_002,158
GGTCATCTGTGACTGAGTCG_003,140
GGTCATCTGTGACTGAGTCG_004,127
GGTCATCTGTGACTGAGTCG_005,115
GGTCATCTGTGACTGAGTCG_006,8
GGTCATCTGTGACTGAGTCG_007,16
GGTCATCTGTGACTGAGTCG_008,43
GGTCATCTGTGACTGAGTCG_009,191
GGTCATCTGTGACTGAGTCG_010,78
GGTCATCTGTGACTGAGTCG_011,78
GAACAGAGAGAAATTTGAAG_001,199
GAACAGAGAGAAATTTGAAG_002,91
GAACAGAGAGAAATTTGAAG_003,190
GAACAGAGAGAAATTTGAAG_004,145
GCAAAGTAAACTACGACCAA_001,77
GCAAAGTAAACTACGACCAA_002,61
GCAAAGTAAACTACGACCAA_003,178
GCAAAGTAAACTACGACCAA_004,145
GCAAAGTAAACTACGACCAA_005,190
GCAAAGTAAACTACGACCAA_006,148
GCAAAGTAAACTACGACCAA_007,1
GCAAAGTAAACTACGACCAA_008,184
GCAAAGTAAACTACGACCAA_009,91
GCAAAGTAAACTACGACCAA_010,187
GCAAAGTAAACTACGACCAA_011,88
GCAAAGTAAACTACGACCAA_012,157
GCAAAGTAAACTACGACCAA_013,134
AGAACAAGACCCTAACCGAG_001,117
AGAACAAGACCCTAACCGAG_002,181
GCGAGCGGCACGAGTTTGCG_001,130
GCGAGCGGCACGAGTTTGCG_002,81
GCGAGCGGCACGAGTTTGCG_003,2
GCGAGCGGCACGAGTTTGCG_004,37
GCGAGCGGCACGAGTTTGCG_005,157
GCGAGCGGCACGAGTTTGCG_006,138
GCGAGCGGCACGAGTTTGCG_007,68
GCGAGCGGCACGAGTTTGCG_008,38
GCGAGCGGCACGAGTTTGCG_009,84
GCGAGCGGCACGAGTTTGCG_010,126
GCGAGCGGCACGAGTTTGCG_011,19
GCGAGCGGCACGAGTTTGCG_012,81
GCGAGCGGCACGAGTTTGCG_013,85
GCGAGCGGCACGAGTTTGCG_014,104
GCGAGCGGCACGAGTTTGCG_015,165
GCGAGCGGCACGAGTTTGCG_016,179
GCGAGCGGCACGAGTTTGCG_017,62
GCGAGCGGCACGAGTTTGCG_018,60
GCGAGCGGCACGAGTTTGCG_019,178
GCGAGCGGCACGAGTTTGCG_020,6
TCATGGGTGTAGGTGCGCAG_001,43
TCATGGGTGTAGGTGCGCAG_002,29
TCATGGGTGTAGGTGCGCAG_003,63
TCATGGGTGTAGGTGCGCAG_004,72
TCATGGGTGTAGGTGCGCAG_005,72
TCATGGGTGTAGGTGCGCAG_006,162
TCATGGGTGTAGGTGCGCAG_007,188
TCATGGGTGTAGGTGCGCAG_008,127
TCATGGGTGTAGGTGCGCAG_009,39
TCATGGGTGTAGGTGCGCAG_010,42
TCATGGGTGTAGGTGCGCAG_011,172
TCATGGGTGTAGGTGCGCAG_012,146
TCATGGGTGTAGGTGCGCAG_013,121
TCATGGGTGTAGGTGCGCAG_014,16
TCATGGGTGTAGGTGCGCAG_015,8
TCATGGGTGTAGGTGCGCAG_016,115
TCATGGGTGTAGGTGCGCAG_017,113
TCATGGGTGTAGGTGCGCAG_018,183
TCATGGGTGTAGGTGCGCAG_019,135
TCATGGGTGTAGGTGCGCAG_020,154
TCATGGGTGTAGGTGCGCAG_021,61
TCATGGGTGTAGGTGCGCAG_022,167
TCATGGGTGTAGGTGCGCAG_023,167
TCATGGGTGTAGGTGCGCAG_024,32
TCATGGGTGTAGGTGCGCAG_025,98
TCATGGGTGTAGGTGCGCAG_026,49
TCATGGGTGTAGGTGCGCAG_027,130
TCATGGGTGTAGGTGCGCAG_028,134
TCATGGGTGTAGGTGCGCAG_029,60
TCATGGGTGTAGGTGCGCAG_030,88
TCATGGGTGTAGGTGCGCAG_031,127
TCATGGGTGTAGGTGCGCAG_032,121
TCATGGGTGTAGGTGCGCAG_033,106
TCATGGGTGTAGGTGCGCAG_034,20
TCATGGGTGTAGGTGCGCAG_035,52
TAACAACGAATGCCCAAAGG_001,185
TAACAACGAATGCCCAAAGG_002,62
TAACAACGAATGCCCAAAGG_003,159
TAACAACGAATGCCCAAAGG_004,94
TAACAACGAATGCCCAAAGG_005,122
TAACAACGAATGCCCAAAGG_006,188
TAACAACGAATGCCCAAAGG_007,146
TAACAACGAATGCCCAAAGG_008,78
TAACAACGAATGCCCAAAGG_009,160
TAACAACGAATGCCCAAAGG_010,46
TAACAACGAATGCCCAAAGG_011,32
TAACAACGAATGCCCAAAGG_012,166
TAACAACGAATGCCCAAAGG_013,68
TAACAACGAATGCCCAAAGG_014,19
TTGGCCCTGTTGAGTCTATC_001,185
TTGGCCCTGTTGAGTCTATC_002,84
TTGGCCCTGTTGAGTCTATC_003,137
TTGGCCCTGTTGAGTCTATC_004,45
TTGGCCCTGTTGAGTCTATC_005,174
TTGGCCCTGTTGAGTCTATC_006,5
TTGGCCCTGTTGAGTCTATC_007,128
TTGGCCCTGTTGAGTCTATC_008,107
TTGGCCCTGTTGAGTCTATC_009,2
TTGGCCCTGTTGAGTCTATC_010,37
TTGGCCCTGTTGAGTCTATC_011,94
TTGTGATGCTCCTGCCTGCA_001,38
GTTGGAGACAAGGTACGGCA_001,88
GTTGGAGACAAGGTACGGCA_002,60
GTTGGAGACAAGGTACGGCA_003,105
GTTGGAGACAAGGTACGGCA_004,11
GAGAGTGGTCCAGTGTAATG_001,46
GAGAGTGGTCCAGTGTAATG_002,65
GAGAGTGGTCCAGTGTAATG_003,75
GAGAGTGGTCCAGTGTAATG_004,144
GAGAGTGGTCCAGTGTAATG_005,78
GAGAGTGGTCCAGTGTAATG_006,63
GAGAGTGGTCCAGTGTAATG_007,149
GAGAGTGGTCCAGTGTAATG_008,101
GAGAGTGGTCCAGTGTAATG_009,81
GAGAGTGGTCCAGTGTAATG_010,134
GAGAGTGGTCCAGTGTAATG_011,126
GAGAGTGGTCCAGTGTAATG_012,61
GAGAGTGGTCCAGTGTAATG_013,147
GAGAGTGGTCCAGTGTAATG_014,48
GAGAGTGGTCCAGTGTAATG_015,146
GAGAGTGGTCCAGTGTAATG_016,44
GAGAGTGGTCCAGTGTAATG_017,7
GAGAGTGGTCCAGTGTAATG_018,137
GAGAGTGGTCCAGTGTAATG_019,190
GAGAGTGGTCCAGTGTAATG_020,6
GAGAGTGGTCCAGTGTAATG_021,37
GAGAGTGGTCCAGTGTAATG_022,10
GAGAGTGGTCCAGTGTAATG_023,63
TGACGTTCTCGCTGGCATAG_001,3
TGACGTTCTCGCTGGCATAG_002,162
TGACGTTCTCGCTGGCATAG_003,76
TGACGTTCTCGCTGGCATAG_004,127
TGACGTTCTCGCTGGCATAG_005,86
TGACGTTCTCGCTGGCATAG_006,147
TGACGTTCTCGCTGGCATAG_007,171
TGACGTTCTCGCTGGCATAG_008,163
TGACGTTCTCGCTGGCATAG_009,122
TGACGTTCTCGCTGGCATAG_010,49
TGACGTTCTCGCTGGCATAG_011,15
TGACGTTCTCGCTGGCATAG_012,17
TGACGTTCTCGCTGGCATAG_013,76
TGACGTTCTCGCTGGCATAG_014,61
TGACGTTCTCGCTGGCATAG_015,57
TGCTAAGATTCGAAAGATCG_001,12
TGCTAAGATTCGAAAGATCG_002,144
TGCTAAGATTCGAAAGATCG_003,72
TGCTAAGATTCGAAAGATCG_004,151
TGCTAAGATTCGAAAGATCG_005,6
TGCTAAGATTCGAAAGATCG_006,83
TGCTAAGATTCGAAAGATCG_007,188
TGCTAAGATTCGAAAGATCG_008,2
TGCTAAGATTCGAAAGATCG_009,15
CTGTGAGCTCAAAGTCACTG_001,15
CTGTGAGCTCAAAGTCACTG_002,159
CTGTGAGCTCAAAGTCACTG_003,24
CTGTGAGCTCAAAGTCACTG_004,163
CTGTGAGCTCAAAGTCACTG_005,179
CTGTGAGCTCAAAGTCACTG_006,99
GGTCGTTGTGAGAGAGGCGG_001,70
GGTCGTTGTGAGAGAGGCGG_002,170
AATATCAGAGAAGTTACGAA_001,124
AATATCAGAGAAGTTACGAA_002,99
AATATCAGAGAAGTTACGAA_003,104
AATATCAGAGAAGTTACGAA_004,104
AATATCAGAGAAGTTACGAA_005,68
AATATCAGAGAAGTTACGAA_006,66
AATATCAGAGAAGTTACGAA_007,58
GGTGACTGATGCCAACTACG_001,198
GGTGACTGATGCCAACTACG_002,77
GGTGACTGATGCCAACTACG_003,150
GGTGACTGATGCCAACTACG_004,105
GGTGACTGATGCCAACTACG_005,87
GGTGACTGATGCCAACTACG_006,161
GGTGACTGATGCCAACTACG_007,158
GGTGACTGATGCCAACTACG_008,157
GGTGACTGATGCCAACTACG_009,129
GGTGACTGATGCCAACTACG_010,65
GGTGACTGATGCCAACTACG_011,134
GGTGACTGATGCCAACTACG_012,49
GGTGACTGATGCCAACTACG_013,70
GGTGACTGATGCCAACTACG_014,104
GGTGACTGATGCCAACTACG_015,92
GGTGACTGATGCCAACTACG_016,163
GGTGACTGATGCCAACTACG_017,34
GGTGACTGATGCCAACTACG_018,168
GGTGACTGATGCCAACTACG_019,8
GGTGACTGATGCCAACTACG_020,70
TTGAGTTACAGGGATAGCAG_001,160
TTGAGTTACAGGGATAGCAG_002,14
TTGAGTTACAGGGATAGCAG_003,0
TTGAGTTACAGGGATAGCAG_004,12
TTGAGTTACAGGGATAGCAG_005,116
TTGAGTTACAGGGATAGCAG_006,141
TTGAGTTACAGGGATAGCAG_007,44
TTGAGTTACAGGGATAGCAG_008,44
TTGAGTTACAGGGATAGCAG_009,41
TTGAGTTACAGGGATAGCAG_010,105
TTGAGTTACAGGGATAGCAG_011,175
TTGAGTTACAGGGATAGCAG_012,191
TTGAGTTACAGGGATAGCAG_013,196
TTGAGTTACAGGGATAGCAG_014,70
TTGAGTTACAGGGATAGCAG_015,188
TTGAGTTACAGGGATAGCAG_016,165
TTGAGTTACAGGGATAGCAG_017,37
TTGAGTTACAGGGATAGCAG_018,27
TTGAGTTACAGGGATAGCAG_019,74
TTGAGTTACAGGGATAGCAG_020,170
TTGAGTTACAGGGATAGCAG_021,148
TTGAGTTACAGGGATAGCAG_022,179
TTGAGTTACAGGGATAGCAG_023,103
TTGAGTTACAGGGATAGCAG_024,157
TTGAGTTACAGGGATAGCAG_025,102
TTGAGTTACAGGGATAGCAG_026,193
TTGAGTTACAGGGATAGCAG_027,96
TTGAGTTACAGGGATAGCAG_028,29
TTGAGTTACAGGGATAGCAG_029,44
TTGAGTTACAGGGATAGCAG_030,160
AAGGTAAGATCTGCTACTGA_001,113
AAGGTAAGATCTGCTACTGA_002,19
AGGAAAGTATAGAAAACTCG_001,127
AGGAAAGTATAGAAAACTCG_002,145
AGGAAAGTATAGAAAACTCG_003,38
AGGAAAGTATAGAAAACTCG_004,57
AGGAAAGTATAGAAAACTCG_005,127
AGGAAAGTATAGAAAACTCG_006,33
AGGAAAGTATAGAAAACTCG_007,152
CAGCCGACTTGGAATGACCT_001,158
CAGCCGACTTGGAATGACCT_002,127
CAGCCGACTTGGAATGACCT_003,80
CAGCCGACTTGGAATGACCT_004,170
CAGCCGACTTGGAATGACCT_005,125
CAGCCGACTTGGAATGACCT_006,2
CAGCCGACTTGGAATGACCT_007,81
CAGCCGACTTGGAATGACCT_008,149
CAGCCGACTTGGAATGACCT_009,88
CAGCCGACTTGGAATGACCT_010,145
CAGCCGACTTGGAATGACCT_011,25
CAGCCGACTTGGAATGACCT_012,94
CAGCCGACTTGGAATGACCT_013,184
CAGCCGACTTGGAATGACCT_014,28
CAGCCGACTTGGAATGACCT_015,10
CAGCCGACTTGGAATGACCT_016,180
CAGCCGACTTGGAATGACCT_017,33
CAGCCGACTTGGAATGACCT_018,33
AGATCCCTGCCGACTACCAG_001,15
AGATCCCTGCCGACTACCAG_002,15
AGATCCCTGCCGACTACCAG_003,81
AGATCCCTGCCGACTACCAG_004,53
AGATCCCTGCCGACTACCAG_005,1
AGATCCCTGCCGACTACCAG_006,78
AGATCCCTGCCGACTACCAG_007,65
AGATCCCTGCCGACTACCAG_008,8
AGATCCCTGCCGACTACCAG_009,184
AGATCCCTGCCGACTACCAG_010,8
AGATCCCTGCCGACTACCAG_011,105
AGATCCCTGCCGACTACCAG_012,47
AGATCCCTGCCGACTACCAG_013,76
AGATCCCTGCCGACTACCAG_014,113
AGATCCCTGCCGACTACCAG_015,153
AGATCCCTGCCGACTACCAG_016,153
AGATCCCTGCCGACTACCAG_017,66
AGATCCCTGCCGACTACCAG_018,75
AGATCCCTGCCGACTACCAG_019,181
AGATCCCTGCCGACTACCAG_020,75
AGATCCCTGCCGACTACCAG_021,86
AGATCCCTGCCGACTACCAG_022,92
AGATCCCTGCCGACTACCAG_023,92
AGATCCCTGCCGACTACCAG_024,150
AGATCCCTGCCGACTACCAG_025,134
AGATCCCTGCCGACTACCAG_026,110
AGATCCCTGCCGACTACCAG_027,158
AGATCCCTGCCGACTACCAG_028,184
AGATCCCTGCCGACTACCAG_029,1
AGATCCCTGCCGACTACCAG_030,84
AGATCCCTGCCGACTACCAG_031,41
AGATCCCTGCCGACTACCAG_032,169
AGATCCCTGCCGACTACCAG_033,61
AGATCCCTGCCGACTACCAG_034,98
AGATCCCTGCCGACTACCAG_035,9
AGATCCCTGCCGACTACCAG_036,144
AGATCCCTGCCGACTACCAG_037,42
AGATCCCTGCCGACTACCAG_038,198
AGATCCCTGCCGACTACCAG_039,66
AGATCCCTGCCGACTACCAG_040,173
AGATCCCTGCCGACTACCAG_041,2
AGATCCCTGCCGACTACCAG_042,175
AGATCCCTGCCGACTACCAG_043,34
AGATCCCTGCCGACTACCAG_044,1
AGATCCCTGCCGACTACCAG_045,19
GAGGAGAAGCTAACCCCCAG_001,130
GAGGAGAAGCTAACCCCCAG_002,108
GAGGAGAAGCTAACCCCCAG_003,76
GAGGAGAAGCTAACCCCCAG_004,133
GAGGAGAAGCTAACCCCCAG_005,8
GAGGAGAAGCTAACCCCCAG_006,82
GAGGAGAAGCTAACCCCCAG_007,47
GAGGAGAAGCTAACCCCCAG_008,94
GAGGAGAAGCTAACCCCCAG_009,9
GAGGAGAAGCTAACCCCCAG_010,24
GAGGAGAAGCTAACCCCCAG_011,127
GAGGAGAAGCTAACCCCCAG_012,22
GAGGAGAAGCTAACCCCCAG_013,126
GAGGAGAAGCTAACCCCCAG_014,68
GAGGAGAAGCTAACCCCCAG_015,88
GAGGAGAAGCTAACCCCCAG_016,108
GAGGAGAAGCTAACCCCCAG_017,150
GAGGAGAAGCTAACCCCCAG_018,141
GAGGAGAAGCTAACCCCCAG_019,81
GAGGAGAAGCTAACCCCCAG_020,21
GAGGAGAAGCTAACCCCCAG_021,19
GAGGAGAAGCTAACCCCCAG_022,88
GAGGAGAAGCTAACCCCCAG_023,22
AAAGGCAATACGTACCACTG_001,168
AAAGGCAATACGTACCACTG_002,15
AAAGGCAATACGTACCACTG_003,60
AAAGGCAATACGTACCACTG_004,29
AAAGGCAATACGTACCACTG_005,43
AAAGGCAATACGTACCACTG_006,190
AAAGGCAATACGTACCACTG_007,31
AAAGGCAATACGTACCACTG_008,169
AAAGGCAATACGTACCACTG_009,82
AAAGGCAATACGTACCACTG_010,13
AAAGGCAATACGTACCACTG_011,71
AAAGGCAATACGTACCACTG_012,85
AAAGGCAATACGTACCACTG_013,168
AAAGGCAATACGTACCACTG_014,149
AAAGGCAATACGTACCACTG_015,85
AAAGGCAATACGTACCACTG_016,113
AAAGGCAATACGTACCACTG_017,31
AAAGGCAATACGTACCACTG_018,129
AAAGGCAATACGTACCACTG_019,104
AAAGGCAATACGTACCACTG_020,104
ACTTCAGATCATATTCACAG_001,84
CCAGGTAGGAGTCCAAGACG_001,28
CCAGGTAGGAGTCCAAGACG_002,15
CCAGGTAGGAGTCCAAGACG_003,96
CCAGGTAGGAGTCCAAGACG_004,137
CCAGGTAGGAGTCCAAGACG_005,27
ACAGTCAATAATAAGGCGAA_001,12
ACAGTCAATAATAAGGCGAA_002,109
ACAGTCAATAATAAGGCGAA_003,108
CCCTGACCACCGGCCCAAAG_001,188
CCCTGACCACCGGCCCAAAG_002,163
CCCTGACCACCGGCCCAAAG_003,169
CCCTGACCACCGGCCCAAAG_004,170
CCCTGACCACCGGCCCAAAG_005,177
CCCTGACCACCGGCCCAAAG_006,145
CCCTGACCACCGGCCCAAAG_007,62
CCCTGACCACCGGCCCAAAG_008,50
CCCTGACCACCGGCCCAAAG_009,96
CCCTGACCACCGGCCCAAAG_010,58
CCCTGACCACCGGCCCAAAG_011,199
CCCTGACCACCGGCCCAAAG_012,18
CCCTGACCACCGGCCCAAAG_013,19
CCGGAGCACGGTCAAGCAAG_001,127
CCGGAGCACGGTCAAGCAAG_002,142
CCGGAGCACGGTCAAGCAAG_003,95
CCGGAGCACGGTCAAGCAAG_004,5
CCGGAGCACGGTCAAGCAAG_005,177
CCGGAGCACGGTCAAGCAAG_006,174
CCGGAGCACGGTCAAGCAAG_007,16
CCGGAGCACGGTCAAGCAAG_008,121
CCGGAGCACGGTCAAGCAAG_009,65
CTTACCCAGAGAGGTGCTGG_001,161
CTTACCCAGAGAGGTGCTGG_002,73
CTTACCCAGAGAGGTGCTGG_003,170
CTTACCCAGAGAGGTGCTGG_004,63
CTTACCCAGAGAGGTGCTGG_005,56
CTTACCCAGAGAGGTGCTGG_006,16
CTTACCCAGAGAGGTGCTGG_007,105
CTTACCCAGAGAGGTGCTGG_008,73
CTTACCCAGAGAGGTGCTGG_009,145
GATCACCGATTACAGAACCC_001,74
ACAGACAGCTCCTTACGGCC_001,60
GGCCTCGGTTCTTAGTGACA_001,82
GGCCTCGGTTCTTAGTGACA_002,16
GGCCTCGGTTCTTAGTGACA_003,194
GGCCTCGGTTCTTAGTGACA_004,102
GGCCTCGGTTCTTAGTGACA_005,76
AAAGACCAAGCTGACTTTCG_001,148
AGAGGCGGGAACTCTCATGG_001,169
AGAGGCGGGAACTCTCATGG_002,107
AGAGGCGGGAACTCTCATGG_003,67
AGAGGCGGGAACTCTCATGG_004,149
AGAGGCGGGAACTCTCATGG_005,22
AGAGGCGGGAACTCTCATGG_006,69
CTCAATCTTGTCATCACGTC_001,61
CTCAATCTTGTCATCACGTC_002,14
CTCAATCTTGTCATCACGTC_003,147
TTGTAATTAATCTGGGCCAG_001,101
TTGTAATTAATCTGGGCCAG_002,197
TTGTAATTAATCTGGGCCAG_003,113
TTGTAATTAATCTGGGCCAG_004,107
TGAGGATGAACCTGTCGTGT_001,41
TGAGGATGAACCTGTCGTGT_002,60
TGAGGATGAACCTGTCGTGT_003,136
TGAGGATGAACCTGTCGTGT_004,147
TGAGGATGAACCTGTCGTGT_005,12
TGAGGATGAACCTGTCGTGT_006,151
TGAGGATGAACCTGTCGTGT_007,19
TGAGGATGAACCTGTCGTGT_008,60
TGAGGATGAACCTGTCGTGT_009,138
TGAGGATGAACCTGTCGTGT_010,113
TGAGGATGAACCTGTCGTGT_011,2
TGAGGATGAACCTGTCGTGT_012,43
TGAGGATGAACCTGTCGTGT_013,62
TGAGGATGAACCTGTCGTGT_014,117
TGAGGATGAACCTGTCGTGT_015,100
TGAGGATGAACCTGTCGTGT_016,63
TGAGGATGAACCTGTCGTGT_017,103
TGAGGATGAACCTGTCGTGT_018,105
TGAGGATGAACCTGTCGTGT_019,57
GCCAGTGAAAGTCCCCCAAG_001,188
GCCAGTGAAAGTCCCCCAAG_002,137
GCCAGTGAAAGTCCCCCAAG_003,177
GCCAGTGAAAGTCCCCCAAG_004,156
GCCAGTGAAAGTCCCCCAAG_005,158
GCCAGTGAAAGTCCCCCAAG_006,194
GCCAGTGAAAGTCCCCCAAG_007,136
GCCAGTGAAAGTCCCCCAAG_008,98
GCCAGTGAAAGTCCCCCAAG_009,59
GCCAGTGAAAGTCCCCCAAG_010,152
GCCAGTGAAAGTCCCCCAAG_011,14
GCCAGTGAAAGTCCCCCAAG_012,15
GCCAGTGAAAGTCCCCCAAG_013,88
GCCAGTGAAAGTCCCCCAAG_014,130
GCCAGTGAAAGTCCCCCAAG_015,139
GCCAGTGAAAGTCCCCCAAG_016,45
GCCAGTGAAAGTCCCCCAAG_017,96
GCCAGTGAAAGTCCCCCAAG_018,102
GCCAGTGAAAGTCCCCCAAG_019,49
GCCAGTGAAAGTCCCCCAAG_020,158
GCCAGTGAAAGTCCCCCAAG_021,170
GCCAGTGAAAGTCCCCCAAG_022,63
GCCAGTGAAAGTCCCCCAAG_023,137
GCCAGTGAAAGTCCCCCAAG_024,147
GTCTCCTTGTAGTAACGCCT_001,108
GTCTCCTTGTAGTAACGCCT_002,170
GTCTCCTTGTAGTAACGCCT_003,70
GTCTCCTTGTAGTAACGCCT_004,64
AAGCGATAGTCGTGTACCAG_001,191
CATCTGGGTGAGGGATACCC_001,130
CTGTGCATAGTAAGTCATCT_001,175
CTGTGCATAGTAAGTCATCT_002,141
CTGTGCATAGTAAGTCATCT_003,52
CTGTGCATAGTAAGTCATCT_004,187
CTGTGCATAGTAAGTCATCT_005,69
GTTCGGTGCAGAATTTGTCT_001,28
GTTCGGTGCAGAATTTGTCT_002,48
GTTCGGTGCAGAATTTGTCT_003,69
GTTCGGTGCAGAATTTGTCT_004,4
CGAAGCGTACGTACATCGGG_001,36
AGTAATCGTCATCAGATCCT_001,62
AGTAATCGTCATCAGATCCT_002,34
AGTAATCGTCATCAGATCCT_003,116
AGTAATCGTCATCAGATCCT_004,190
AGTAATCGTCATCAGATCCT_005,15
AGTAATCGTCATCAGATCCT_006,178
AGTAATCGTCATCAGATCCT_007,73
AGTAATCGTCATCAGATCCT_008,41
AGTAATCGTCATCAGATCCT_009,128
AGTAATCGTCATCAGATCCT_010,133
AGTAATCGTCATCAGATCCT_011,83
AGTAATCGTCATCAGATCCT_012,138
AGTAATCGTCATCAGATCCT_013,79
GGGGCTAGTGTCGTTCCCTG_001,62
GGGGCTAGTGTCGTTCCCTG_002,66
GGGGCTAGTGTCGTTCCCTG_003,121
GGGGCTAGTGTCGTTCCCTG_004,188
GGGGCTAGTGTCGTTCCCTG_005,27
GGGGCTAGTGTCGTTCCCTG_006,116
GGGGCTAGTGTCGTTCCCTG_007,198
TACTGTAACCATGAAATCAT_001,142
TACTGTAACCATGAAATCAT_002,180
TACTGTAACCATGAAATCAT_003,22
TACTGTAACCATGAAATCAT_004,169
TACTGTAACCATGAAATCAT_005,1
TACTGTAACCATGAAATCAT_006,162
GCCCCACAAAAAACAGACTC_001,150
GCCCCACAAAAAACAGACTC_002,88
GCCCCACAAAAAACAGACTC_003,56
GCCCCACAAAAAACAGACTC_004,94
GCCCCACAAAAAACAGACTC_005,44
GCCCCACAAAAAACAGACTC_006,46
GCCCCACAAAAAACAGACTC_007,68
GCCCCACAAAAAACAGACTC_008,43
GCCCCACAAAAAACAGACTC_009,166
GCCCCACAAAAAACAGACTC_010,148
GCCCCACAAAAAACAGACTC_011,87
GCCCCACAAAAAACAGACTC_012,84
GCCCCACAAAAAACAGACTC_013,53
GCCCCACAAAAAACAGACTC_014,107
GCCCCACAAAAAACAGACTC_015,127
GCCCCACAAAAAACAGACTC_016,39
GCCCCACAAAAAACAGACTC_017,3
GGCCCGGGAGTATTACAGTG_001,2
GGCCCGGGAGTATTACAGTG_002,1
GGCCCGGGAGTATTACAGTG_003,36
GGCCCGGGAGTATTACAGTG_004,19
TTGACCGTGATGGTACCATG_001,121
TTGACCGTGATGGTACCATG_002,177
TGGAGACAAACTGTACAATG_001,150
TGGAGACAAACTGTACAATG_002,199
TGGAGACAAACTGTACAATG_003,139
TGGAGACAAACTGTACAATG_004,161
TGGAGACAAACTGTACAATG_005,1
TGGAGACAAACTGTACAATG_006,147
TGGAGACAAACTGTACAATG_007,137
TGGAGACAAACTGTACAATG_008,188
TGGAGACAAACTGTACAATG_009,115
GAGACACTTACTGACTGCCT_001,168
GAGACACTTACTGACTGCCT_002,49
GAGACACTTACTGACTGCCT_003,56
GAGACACTTACTGACTGCCT_004,5
GAGACACTTACTGACTGCCT_005,61
GAGACACTTACTGACTGCCT_006,82
GAGACACTTACTGACTGCCT_007,90
GAGACACTTACTGACTGCCT_008,163
GAGACACTTACTGACTGCCT_009,105
GAGACACTTACTGACTGCCT_010,144
GAGACACTTACTGACTGCCT_011,132
TCCTCACGGCTAGTTGCAGA_001,142
TCCTCACGGCTAGTTGCAGA_002,58
TCCTCACGGCTAGTTGCAGA_003,58
GGTGACTAAGGCTCAGAAGA_001,154
GGTGACTAAGGCTCAGAAGA_002,121
GGTGACTAAGGCTCAGAAGA_003,89
GGTGACTAAGGCTCAGAAGA_004,7
GGTGACTAAGGCTCAGAAGA_005,64
GGTGACTAAGGCTCAGAAGA_006,172
GGTGACTAAGGCTCAGAAGA_007,40
GGTGACTAAGGCTCAGAAGA_008,100
TAGAACTAGAATAGTGACCC_001,194
TTACCGCCATCTGTCCAGAT_001,190
TTACCGCCATCTGTCCAGAT_002,155
TTACCGCCATCTGTCCAGAT_003,30
TTACCGCCATCTGTCCAGAT_004,13
TTACCGCCATCTGTCCAGAT_005,61
TTACCGCCATCTGTCCAGAT_006,81
TTACCGCCATCTGTCCAGAT_007,106
TTACCGCCATCTGTCCAGAT_008,90
TTACCGCCATCTGTCCAGAT_009,144
TTACCGCCATCTGTCCAGAT_010,119
TTACCGCCATCTGTCCAGAT_011,127
TTACCGCCATCTGTCCAGAT_012,19
CGTGTGGCCCCACCATCAGG_001,45
CGTGTGGCCCCACCATCAGG_002,105
CGTGTGGCCCCACCATCAGG_003,29
CGTGTGGCCCCACCATCAGG_004,161
CGTGTGGCCCCACCATCAGG_005,13
CGTGTGGCCCCACCATCAGG_006,9
CGTGTGGCCCCACCATCAGG_007,160
CGTGTGGCCCCACCATCAGG_008,75
CGTGTGGCCCCACCATCAGG_009,193
CGTGTGGCCCCACCATCAGG_010,158
CGTGTGGCCCCACCATCAGG_011,7
CGTGTGGCCCCACCATCAGG_012,78
CGTGTGGCCCCACCATCAGG_013,78
CGTGTGGCCCCACCATCAGG_014,6
CGTGTGGCCCCACCATCAGG_015,166
CGTGTGGCCCCACCATCAGG_016,137
CGTGTGGCCCCACCATCAGG_017,77
CGTGTGGCCCCACCATCAGG_018,50
CGTGTGGCCCCACCATCAGG_019,10
CGTGTGGCCCCACCATCAGG_020,112
CGTGTGGCCCCACCATCAGG_021,155
CGTGTGGCCCCACCATCAGG_022,60
CGTGTGGCCCCACCATCAGG_023,3
CGTGTGGCCCCACCATCAGG_024,169
CGTGTGGCCCCACCATCAGG_025,155
CGTGTGGCCCCACCATCAGG_026,18
TCAGAGAGTTCACATAGGGG_001,48
TCAGAGAGTTCACATAGGGG_002,43
TCAGAGAGTTCACATAGGGG_003,46
TCAGAGAGTTCACATAGGGG_004,17
TCAGAGAGTTCACATAGGGG_005,76
TCAGAGAGTTCACATAGGGG_006,58
TCAGAGAGTTCACATAGGGG_007,17
TCAGAGAGTTCACATAGGGG_008,175
TCAGAGAGTTCACATAGGGG_009,145
TCAGAGAGTTCACATAGGGG_010,23
TCAGAGAGTTCACATAGGGG_011,19
TCAGAGAGTTCACATAGGGG_012,63
TCAGAGAGTTCACATAGGGG_013,131
CTGTTTGCATGGTAGCGAGT_001,191
CTGTTTGCATGGTAGCGAGT_002,159
CTGTTTGCATGGTAGCGAGT_003,170
CTGTTTGCATGGTAGCGAGT_004,160
CTGTTTGCATGGTAGCGAGT_005,62
CTGTTTGCATGGTAGCGAGT_006,87
CTGTTTGCATGGTAGCGAGT_007,12
CTGTTTGCATGGTAGCGAGT_008,69
CTGTTTGCATGGTAGCGAGT_009,136
GAAGCGGGCTAATTCCAAGA_001,130
GAAGCGGGCTAATTCCAAGA_002,58
GAAGCGGGCTAATTCCAAGA_003,169
GAAGCGGGCTAATTCCAAGA_004,147
GAAGCGGGCTAATTCCAAGA_005,102
GAAGCGGGCTAATTCCAAGA_006,44
GATAACCCAGCTCCTACCAG_001,173
GATAACCCAGCTCCTACCAG_002,134
GATAACCCAGCTCCTACCAG_003,132
GATAACCCAGCTCCTACCAG_004,30
GATAACCCAGCTCCTACCAG_005,162
GATAACCCAGCTCCTACCAG_006,23
GATAACCCAGCTCCTACCAG_007,149
GATAACCCAGCTCCTACCAG_008,1
GATAACCCAGCTCCTACCAG_009,165
GATAACCCAGCTCCTACCAG_010,138
GATAACCCAGCTCCTACCAG_011,106
TCAGGATTCTCAAGATACAG_001,194
TCAGGATTCTCAAGATACAG_002,29
TCAGGATTCTCAAGATACAG_003,66
TCTACGTCGCAAAACTGAAG_001,117
TCTACGTCGCAAAACTGAAG_002,68
TCTACGTCGCAAAACTGAAG_003,43
TCTACGTCGCAAAACTGAAG_004,68
TCTACGTCGCAAAACTGAAG_005,5
TCTACGTCGCAAAACTGAAG_006,83
TCTACGTCGCAAAACTGAAG_007,165
TCTACGTCGCAAAACTGAAG_008,144
TCTACGTCGCAAAACTGAAG_009,153
GCTTGTCGCAGCCTCGACGG_001,48
GCTTGTCGCAGCCTCGACGG_002,188
GCTTGTCGCAGCCTCGACGG_003,3
GCTTGTCGCAGCCTCGACGG_004,133
GCTTGTCGCAGCCTCGACGG_005,44
GCTTGTCGCAGCCTCGACGG_006,10
GCTTGTCGCAGCCTCGACGG_007,148
GCTTGTCGCAGCCTCGACGG_008,139
GCTTGTCGCAGCCTCGACGG_009,159
GCTTGTCGCAGCCTCGACGG_010,83
GCTTGTCGCAGCCTCGACGG_011,78
GCTTGTCGCAGCCTCGACGG_012,38
GCTTGTCGCAGCCTCGACGG_013,199
GCTTGTCGCAGCCTCGACGG_014,169
GCTTGTCGCAGCCTCGACGG_015,4
GCTTGTCGCAGCCTCGACGG_016,148
GCTTGTCGCAGCCTCGACGG_017,45
GCTTGTCGCAGCCTCGACGG_018,184
GCTTGTCGCAGCCTCGACGG_019,63
GCTTGTCGCAGCCTCGACGG_020,19
GCTTGTCGCAGCCTCGACGG_021,140
GCTTGTCGCAGCCTCGACGG_022,14
GCTTGTCGCAGCCTCGACGG_023,169
GCTTGTCGCAGCCTCGACGG_024,179
GCTTGTCGCAGCCTCGACGG_025,29
GCTTGTCGCAGCCTCGACGG_026,136
GCTTGTCGCAGCCTCGACGG_027,7
GCTTGTCGCAGCCTCGACGG_028,176
GCTTGTCGCAGCCTCGACGG_029,82
GCTTGTCGCAGCCTCGACGG_030,46
GCTTGTCGCAGCCTCGACGG_031,65
GCTTGTCGCAGCCTCGACGG_032,46
GCTTGTCGCAGCCTCGACGG_033,171
GCTTGTCGCAGCCTCGACGG_034,162
GCTTGTCGCAGCCTCGACGG_035,199
GCTTGTCGCAGCCTCGACGG_036,104
GCTTGTCGCAGCCTCGACGG_037,60
GCTTGTCGCAGCCTCGACGG_038,78
GCTTGTCGCAGCCTCGACGG_039,46
GCTTGTCGCAGCCTCGACGG_040,73
GCTTGTCGCAGCCTCGACGG_041,185
GCTTGTCGCAGCCTCGACGG_042,63
GCTTGTCGCAGCCTCGACGG_043,52
AGGAGCCTGCCAAAGAACCA_001,140
AGGAGCCTGCCAAAGAACCA_002,114
AGGAGCCTGCCAAAGAACCA_003,150
AGGAGCCTGCCAAAGAACCA_004,146
AGGAGCCTGCCAAAGAACCA_005,32
AGGAGCCTGCCAAAGAACCA_006,172
AGGAGCCTGCCAAAGAACCA_007,60
AGGAGCCTGCCAAAGAACCA_008,138
GGACTCTCTGATGCATGCAA_001,14
TGCTTGGTAGTACACCTCGC_001,8
TGCTTGGTAGTACACCTCGC_002,192
TGCTTGGTAGTACACCTCGC_003,158
TGCTTGGTAGTACACCTCGC_004,152
TGCTTGGTAGTACACCTCGC_005,152
TGCTTGGTAGTACACCTCGC_006,81
TGCTTGGTAGTACACCTCGC_007,27
TGCTTGGTAGTACACCTCGC_008,42
TGCTTGGTAGTACACCTCGC_009,123
TGCTTGGTAGTACACCTCGC_010,156
TGCTTGGTAGTACACCTCGC_011,78
TGCTTGGTAGTACACCTCGC_012,169
TGCTTGGTAGTACACCTCGC_013,40
TGCTTGGTAGTACACCTCGC_014,182
TGCTTGGTAGTACACCTCGC_015,23
TGCTTGGTAGTACACCTCGC_016,124
TGCTTGGTAGTACACCTCGC_017,197
ACCGCCACCAAGCAGCCAAG_001,33
ACCGCCACCAAGCAGCCAAG_002,198
ACCGCCACCAAGCAGCCAAG_003,158
ACCGCCACCAAGCAGCCAAG_004,110
ACCGCCACCAAGCAGCCAAG_005,187
ACCGCCACCAAGCAGCCAAG_006,12
ACCGCCACCAAGCAGCCAAG_007,191
GCAATTCCCTAGGACCCCAG_001,169
GCAATTCCCTAGGACCCCAG_002,48
GCAATTCCCTAGGACCCCAG_003,15
GCAATTCCCTAGGACCCCAG_004,146
GCAATTCCCTAGGACCCCAG_005,175
GCAATTCCCTAGGACCCCAG_006,32
GCAATTCCCTAGGACCCCAG_007,176
GCAATTCCCTAGGACCCCAG_008,147
GCAATTCCCTAGGACCCCAG_009,157
GCAATTCCCTAGGACCCCAG_010,173
GCAATTCCCTAGGACCCCAG_011,38
GCAATTCCCTAGGACCCCAG_012,25
GCAATTCCCTAGGACCCCAG_013,23
GCAATTCCCTAGGACCCCAG_014,162
GCAATTCCCTAGGACCCCAG_015,153
GCAATTCCCTAGGACCCCAG_016,39
ATCAACTGCCTTCCTAAACA_001,170
ATCAACTGCCTTCCTAAACA_002,118
CTCGCCGCCCGGGTTCTCCG_001,154
CTCGCCGCCCGGGTTCTCCG_002,49
CTCGCCGCCCGGGTTCTCCG_003,196
CTCGCCGCCCGGGTTCTCCG_004,115
CTCGCCGCCCGGGTTCTCCG_005,147
CTCGCCGCCCGGGTTCTCCG_006,17
CTCGCCGCCCGGGTTCTCCG_007,94
CTCGCCGCCCGGGTTCTCCG_008,50
CTCGCCGCCCGGGTTCTCCG_009,43
CTCGCCGCCCGGGTTCTCCG_010,45
CTCGCCGCCCGGGTTCTCCG_011,35
CTCGCCGCCCGGGTTCTCCG_012,53
CTCGCCGCCCGGGTTCTCCG_013,107
TGCCCCATGATGTGGCATCG_001,1
TGCCCCATGATGTGGCATCG_002,19
TGCCCCATGATGTGGCATCG_003,177
AGGTCGGGAACGCCTCATTG_001,168
AGGTCGGGAACGCCTCATTG_002,40
AGGTCGGGAACGCCTCATTG_003,105
AGGTCGGGAACGCCTCATTG_004,124
AGGTCGGGAACGCCTCATTG_005,152
AGGTCGGGAACGCCTCATTG_006,111
AGGTCGGGAACGCCTCATTG_007,105
AGGTCGGGAACGCCTCATTG_008,184
AGGTCGGGAACGCCTCATTG_009,58
AGGTCGGGAACGCCTCATTG_010,145
AGGTCGGGAACGCCTCATTG_011,117
AGGTCGGGAACGCCTCATTG_012,192
AGGTCGGGAACGCCTCATTG_013,188
AGGTCGGGAACGCCTCATTG_014,98
AGGTCGGGAACGCCTCATTG_015,167
AGGTCGGGAACGCCTCATTG_016,130
AGGTCGGGAACGCCTCATTG_017,102
AGGTCGGGAACGCCTCATTG_018,28
AGGTCGGGAACGCCTCATTG_019,192
AGGTCGGGAACGCCTCATTG_020,174
CAGATTGTGAAGTTTGCCCG_001,149
CAGATTGTGAAGTTTGCCCG_002,84
CAGATTGTGAAGTTTGCCCG_003,88
CAGATTGTGAAGTTTGCCCG_004,83
CAGATTGTGAAGTTTGCCCG_005,89
CAGATTGTGAAGTTTGCCCG_006,48
CAGATTGTGAAGTTTGCCCG_007,56
CAGATTGTGAAGTTTGCCCG_008,91
CAGATTGTGAAGTTTGCCCG_009,149
CAGATTGTGAAGTTTGCCCG_010,149
CAGATTGTGAAGTTTGCCCG_011,169
CAGATTGTGAAGTTTGCCCG_012,127
CAGATTGTGAAGTTTGCCCG_013,82
CAGATTGTGAAGTTTGCCCG_014,50
CAGATTGTGAAGTTTGCCCG_015,19
CAGATTGTGAAGTTTGCCCG_016,46
CAGATTGTGAAGTTTGCCCG_017,136
CAGATTGTGAAGTTTGCCCG_018,68
CAGATTGTGAAGTTTGCCCG_019,113
CAGATTGTGAAGTTTGCCCG_020,174
CATGAAAATCTTGTAAAGTG_001,43
CATGAAAATCTTGTAAAGTG_002,107
AAACCTGTAGAGACTAATGT_001,68
AAACCTGTAGAGACTAATGT_002,147
AAACCTGTAGAGACTAATGT_003,185
AAACCTGTAGAGACTAATGT_004,94
AAACCTGTAGAGACTAATGT_005,169
AAACCTGTAGAGACTAATGT_006,22
GAGTGATCATGTAAACCGCT_001,175
GAGTGATCATGTAAACCGCT_002,63
GAGTGATCATGTAAACCGCT_003,198
GAGTGATCATGTAAACCGCT_004,154
GAGTGATCATGTAAACCGCT_005,65
GTTGGCTCGTACTCGCAGAA_001,168
GTTGGCTCGTACTCGCAGAA_002,69
GTTGGCTCGTACTCGCAGAA_003,12
GCTAGAGTCACAAGTCCCAC_001,19
GCTAGAGTCACAAGTCCCAC_002,132
GCTAGAGTCACAAGTCCCAC_003,174
GCTAGAGTCACAAGTCCCAC_004,68
GCTAGAGTCACAAGTCCCAC_005,181
GCTAGAGTCACAAGTCCCAC_006,171
GCTAGAGTCACAAGTCCCAC_007,183
GGCATATTCTGCTAGCAGGG_001,136
GGCATATTCTGCTAGCAGGG_002,0
GGCATATTCTGCTAGCAGGG_003,183
GGCATATTCTGCTAGCAGGG_004,42
GGCATATTCTGCTAGCAGGG_005,191
GCAGTACCGGAAGCAGCGAA_001,114
GCAGTACCGGAAGCAGCGAA_002,150
GCAGTACCGGAAGCAGCGAA_003,189
GCAGTACCGGAAGCAGCGAA_004,123
GCAGTACCGGAAGCAGCGAA_005,105
GCAGTACCGGAAGCAGCGAA_006,160
GCAGTACCGGAAGCAGCGAA_007,190
GCAGTACCGGAAGCAGCGAA_008,149
GCAGTACCGGAAGCAGCGAA_009,115
GCAGTACCGGAAGCAGCGAA_010,66
GCAGTACCGGAAGCAGCGAA_011,169
GCAGTACCGGAAGCAGCGAA_012,136
GCAGTACCGGAAGCAGCGAA_013,121
GCAGTACCGGAAGCAGCGAA_014,147
GCAGTACCGGAAGCAGCGAA_015,20
GCAGTACCGGAAGCAGCGAA_016,75
GCAGTACCGGAAGCAGCGAA_017,128
GCAGTACCGGAAGCAGCGAA_018,10
GCAGTACCGGAAGCAGCGAA_019,49
GCAGTACCGGAAGCAGCGAA_020,163
GCAGTACCGGAAGCAGCGAA_021,137
GCAGTACCGGAAGCAGCGAA_022,41
GCAGTACCGGAAGCAGCGAA_023,80
GCAGTACCGGAAGCAGCGAA_024,191
GCAGTACCGGAAGCAGCGAA_025,36
GCAGTACCGGAAGCAGCGAA_026,97
GCAGTACCGGAAGCAGCGAA_027,57
GCAGTACCGGAAGCAGCGAA_028,5
GCAGTACCGGAAGCAGCGAA_029,118
GCAGTACCGGAAGCAGCGAA_030,175
GCAGTACCGGAAGCAGCGAA_031,178
GCAGTACCGGAAGCAGCGAA_032,16
GCAGTACCGGAAGCAGCGAA_033,16
GCAGTACCGGAAGCAGCGAA_034,45
GCAGTACCGGAAGCAGCGAA_035,148
GCAGTACCGGAAGCAGCGAA_036,83
GCAGTACCGGAAGCAGCGAA_037,92
AAATCCTTGTAGCAGATACG_001,127
AAATCCTTGTAGCAGATACG_002,2
AAATCCTTGTAGCAGATACG_003,41
AAATCCTTGTAGCAGATACG_004,37
AAATCCTTGTAGCAGATACG_005,62
AAATCCTTGTAGCAGATACG_006,61
AAATCCTTGTAGCAGATACG_007,192
AAATCCTTGTAGCAGATACG_008,68
AGCAGCGTGTTTGGTGCGTG_001,100
AGCAGCGTGTTTGGTGCGTG_002,150
AGCAGCGTGTTTGGTGCGTG_003,141
AGCAGCGTGTTTGGTGCGTG_004,68
AGCAGCGTGTTTGGTGCGTG_005,75
AGCAGCGTGTTTGGTGCGTG_006,74
AGCAGCGTGTTTGGTGCGTG_007,48
AGCAGCGTGTTTGGTGCGTG_008,184
AGCAGCGTGTTTGGTGCGTG_009,77
AGCAGCGTGTTTGGTGCGTG_010,175
AGCAGCGTGTTTGGTGCGTG_011,190
AGCAGCGTGTTTGGTGCGTG_012,35
AGCAGCGTGTTTGGTGCGTG_013,9
CGGTAGTATTAATCGCTGAC_001,44
CGGTAGTATTAATCGCTGAC_002,44
CGGTAGTATTAATCGCTGAC_003,102
CGGTAGTATTAATCGCTGAC_004,161
CGGTAGTATTAATCGCTGAC_005,41
CTCCCGGCAGGACAATACGG_001,196
CTCCCGGCAGGACAATACGG_002,5
CTCCCGGCAGGACAATACGG_003,94
CTCCCGGCAGGACAATACGG_004,17
CTCCCGGCAGGACAATACGG_005,158
CTCCCGGCAGGACAATACGG_006,56
CTCCCGGCAGGACAATACGG_007,183
CTCCCGGCAGGACAATACGG_008,163
CTCCCGGCAGGACAATACGG_009,105
CTCCCGGCAGGACAATACGG_010,197
CTCCCGGCAGGACAATACGG_011,147
CTCCCGGCAGGACAATACGG_012,38
CTCCCGGCAGGACAATACGG_013,174
CTCCCGGCAGGACAATACGG_014,174
GGCATCGCTGAATCGAGTGG_001,5
GGCATCGCTGAATCGAGTGG_002,151
GGCATCGCTGAATCGAGTGG_003,136
GGCATCGCTGAATCGAGTGG_004,199
GGCATCGCTGAATCGAGTGG_005,170
GGCGATACTCAGAGCAGAAG_001,48
GGCGATACTCAGAGCAGAAG_002,131
GGCGATACTCAGAGCAGAAG_003,70
GGCGATACTCAGAGCAGAAG_004,55
GGCGATACTCAGAGCAGAAG_005,20
GGCGATACTCAGAGCAGAAG_006,134
GGCGATACTCAGAGCAGAAG_007,185
GGCGATACTCAGAGCAGAAG_008,15
GGCGATACTCAGAGCAGAAG_009,93
GGCGATACTCAGAGCAGAAG_010,94
GGCGATACTCAGAGCAGAAG_011,133
GGCGATACTCAGAGCAGAAG_012,188
GGCGATACTCAGAGCAGAAG_013,19
GGCGATACTCAGAGCAGAAG_014,104
GGCGATACTCAGAGCAGAAG_015,52
GGCGATACTCAGAGCAGAAG_016,197
CCGGACTTGACGTGGAACTG_001,194
CCGGACTTGACGTGGAACTG_002,171
CCGGACTTGACGTGGAACTG_003,50
CCGGACTTGACGTGGAACTG_004,149
CCGGACTTGACGTGGAACTG_005,71
CCGGACTTGACGTGGAACTG_006,23
CCGGACTTGACGTGGAACTG_007,1
CCGGACTTGACGTGGAACTG_008,48
CCGGACTTGACGTGGAACTG_009,183
CCGGACTTGACGTGGAACTG_010,58
CCGGACTTGACGTGGAACTG_011,83
CCGGACTTGACGTGGAACTG_012,181
CCGGACTTGACGTGGAACTG_013,1
CCGGACTTGACGTGGAACTG_014,83
CCGGACTTGACGTGGAACTG_015,69
CCGGACTTGACGTGGAACTG_016,197
CCGGACTTGACGTGGAACTG_017,31
CCGGACTTGACGTGGAACTG_018,42
CCGGACTTGACGTGGAACTG_019,75
CCGGACTTGACGTGGAACTG_020,199
CCGGACTTGACGTGGAACTG_021,58
CCGGACTTGACGTGGAACTG_022,12
CCGGACTTGACGTGGAACTG_023,64
CCGGACTTGACGTGGAACTG_024,181
CCGGACTTGACGTGGAACTG_025,2
CCGGACTTGACGTGGAACTG_026,57
CCGGACTTGACGTGGAACTG_027,70
CCGGACTTGACGTGGAACTG_028,192
CCGGACTTGACGTGGAACTG_029,85
CCGGACTTGACGTGGAACTG_030,66
CCGGACTTGACGTGGAACTG_031,47
CCGGACTTGACGTGGAACTG_032,132
CCGGACTTGACGTGGAACTG_033,65
CCGGACTTGACGTGGAACTG_034,145
CCGGACTTGACGTGGAACTG_035,98
CCGGACTTGACGTGGAACTG_036,56
CCGGACTTGACGTGGAACTG_037,141
CCGGACTTGACGTGGAACTG_038,60
CCGGACTTGACGTGGAACTG_039,155
CCGGACTTGACGTGGAACTG_040,160
CCGGACTTGACGTGGAACTG_041,81
CCGGACTTGACGTGGAACTG_042,132
CCGGACTTGACGTGGAACTG_043,75
CCGGACTTGACGTGGAACTG_044,2
CCGGACTTGACGTGGAACTG_045,74
CCGGACTTGACGTGGAACTG_046,162
CCGGACTTGACGTGGAACTG_047,94
CCGGACTTGACGTGGAACTG_048,146
CCGGACTTGACGTGGAACTG_049,2
CCGGACTTGACGTGGAACTG_050,160
CCGGACTTGACGTGGAACTG_051,112
CCGGACTTGACGTGGAACTG_052,106
CCGGACTTGACGTGGAACTG_053,95
CCGGACTTGACGTGGAACTG_054,157
CCGGACTTGACGTGGAACTG_055,158
CCGGACTTGACGTGGAACTG_056,138
CCGGACTTGACGTGGAACTG_057,142
CCGGACTTGACGTGGAACTG_058,49
CCGGACTTGACGTGGAACTG_059,184
CCGGACTTGACGTGGAACTG_060,97
CCGGACTTGACGTGGAACTG_061,151
CCGGACTTGACGTGGAACTG_062,188
CCGGACTTGACGTGGAACTG_063,88
CCGGACTTGACGTGGAACTG_064,134
CCGGACTTGACGTGGAACTG_065,53
CCGGACTTGACGTGGAACTG_066,144
CCGGACTTGACGTGGAACTG_067,176
CCGGACTTGACGTGGAACTG_068,130
CCGGACTTGACGTGGAACTG_069,188
CCGGACTTGACGTGGAACTG_070,169
CCGGACTTGACGTGGAACTG_071,176
CCGGACTTGACGTGGAACTG_072,20
CCGGACTTGACGTGGAACTG_073,3
CCGGACTTGACGTGGAACTG_074,18
CCGGACTTGACGTGGAACTG_075,136
TAGGGCTTGATGTCTAGTAC_001,87
TAGGGCTTGATGTCTAGTAC_002,34
TAGGGCTTGATGTCTAGTAC_003,112
TAGGGCTTGATGTCTAGTAC_004,113
TAGGGCTTGATGTCTAGTAC_005,161
TAGGGCTTGATGTCTAGTAC_006,170
TAGGGCTTGATGTCTAGTAC_007,136
TAGGGCTTGATGTCTAGTAC_008,39
TATAACAAGAAATCTGATGT_001,199
TATAACAAGAAATCTGATGT_002,139
TATAACAAGAAATCTGATGT_003,194
ATTCGCATCTCGGCCATTCG_001,190
ATTCGCATCTCGGCCATTCG_002,120
ATTCGCATCTCGGCCATTCG_003,6
ATTCGCATCTCGGCCATTCG_004,155
ATTCGCATCTCGGCCATTCG_005,34
ATTCGCATCTCGGCCATTCG_006,68
ATTCGCATCTCGGCCATTCG_007,104
TGCCAATGGAACCCACCCAA_001,178
TGCCAATGGAACCCACCCAA_002,80
TGCCAATGGAACCCACCCAA_003,84
TGCCAATGGAACCCACCCAA_004,4
TGCCAATGGAACCCACCCAA_005,37
TGCCAATGGAACCCACCCAA_006,172
TGCCAATGGAACCCACCCAA_007,4
TGCCAATGGAACCCACCCAA_008,110
TGCCAATGGAACCCACCCAA_009,141
TGCCAATGGAACCCACCCAA_010,146
TGCCAATGGAACCCACCCAA_011,90
TGCCAATGGAACCCACCCAA_012,177
TGCCAATGGAACCCACCCAA_013,177
TGCCAATGGAACCCACCCAA_014,196
TGCCAATGGAACCCACCCAA_015,194
TGCCAATGGAACCCACCCAA_016,67
TGCCAATGGAACCCACCCAA_017,76
TGCCAATGGAACCCACCCAA_018,121
TGCCAATGGAACCCACCCAA_019,179
TGCCAATGGAACCCACCCAA_020,121
TGCCAATGGAACCCACCCAA_021,154
TGCCAATGGAACCCACCCAA_022,81
TGCCAATGGAACCCACCCAA_023,157
TGCCAATGGAACCCACCCAA_024,156
TGCCAATGGAACCCACCCAA_025,155
TGCCAATGGAACCCACCCAA_026,23
TGCCAATGGAACCCACCCAA_027,119
TGCCAATGGAACCCACCCAA_028,138
TGTTCCTAAAGCTAATCCCA_001,25
TGTTCCTAAAGCTAATCCCA_002,84
TGTTCCTAAAGCTAATCCCA_003,75
TGTTCCTAAAGCTAATCCCA_004,83
CGTAGAACTCCTAAAAGGCA_001,55
CGTAGAACTCCTAAAAGGCA_002,43
CGTAGAACTCCTAAAAGGCA_003,39
CGTAGAACTCCTAAAAGGCA_004,32
CGTAGAACTCCTAAAAGGCA_005,102
CGTAGAACTCCTAAAAGGCA_006,84
TGCAGCACTAAACCGAACTG_001,21
TGCAGCACTAAACCGAACTG_002,137
TGCAGCACTAAACCGAACTG_003,166
TGCAGCACTAAACCGAACTG_004,137
TGCAGCACTAAACCGAACTG_005,11
TGCAGCACTAAACCGAACTG_006,189
TGCAGCACTAAACCGAACTG_007,33
TGCAGCACTAAACCGAACTG_008,44
TGCAGCACTAAACCGAACTG_009,183
TGCAGCACTAAACCGAACTG_010,141
TGCAGCACTAAACCGAACTG_011,149
TGCAGCACTAAACCGAACTG_012,152
TGCAGCACTAAACCGAACTG_013,10
TGCAGCACTAAACCGAACTG_014,76
TGCAGCACTAAACCGAACTG_015,41
TGCAGCACTAAACCGAACTG_016,124
TGCAGCACTAAACCGAACTG_017,128
TGCAGCACTAAACCGAACTG_018,112
TGCAGCACTAAACCGAACTG_019,113
TGCAGCACTAAACCGAACTG_020,75
TGCAGCACTAAACCGAACTG_021,142
TGCAGCACTAAACCGAACTG_022,170
TGCAGCACTAAACCGAACTG_023,80
TGCAGCACTAAACCGAACTG_024,94
TGCAGCACTAAACCGAACTG_025,1
TGCAGCACTAAACCGAACTG_026,60
TGCAGCACTAAACCGAACTG_027,72
TGCAGCACTAAACCGAACTG_028,133
CGGTACCCCACACTGCTACT_001,38
CGGTACCCCACACTGCTACT_002,48
CGGTACCCCACACTGCTACT_003,160
CGGTACCCCACACTGCTACT_004,199
CGGTACCCCACACTGCTACT_005,34
CGGTACCCCACACTGCTACT_006,152
CGGTACCCCACACTGCTACT_007,85
CGGTACCCCACACTGCTACT_008,106
CGGTACCCCACACTGCTACT_009,153
CGGTACCCCACACTGCTACT_010,58
CGGTACCCCACACTGCTACT_011,78
CGGTACCCCACACTGCTACT_012,50
CGGTACCCCACACTGCTACT_013,144
CGGTACCCCACACTGCTACT_014,72
CGGTACCCCACACTGCTACT_015,98
CGGTACCCCACACTGCTACT_016,68
CGGTACCCCACACTGCTACT_017,12
CGGTACCCCACACTGCTACT_018,119
CGGTACCCCACACTGCTACT_019,60
CGGTACCCCACACTGCTACT_020,64
CGGTACCCCACACTGCTACT_021,132
CGGTACCCCACACTGCTACT_022,162
CGGTACCCCACACTGCTACT_023,94
CGGTACCCCACACTGCTACT_024,124
CGGTACCCCACACTGCTACT_025,32
CGGTACCCCACACTGCTACT_026,137
CGGTACCCCACACTGCTACT_027,137
CGGTACCCCACACTGCTACT_028,138
CGGTACCCCACACTGCTACT_029,175
CGGTACCCCACACTGCTACT_030,92
AGGTAACCTGTGTGTCCCCG_001,169
AGGTAACCTGTGTGTCCCCG_002,26
AGGTAACCTGTGTGTCCCCG_003,130
AGGTAACCTGTGTGTCCCCG_004,170
AGGTAACCTGTGTGTCCCCG_005,144
AGGTAACCTGTGTGTCCCCG_006,55
AGGTAACCTGTGTGTCCCCG_007,0
AGGTAACCTGTGTGTCCCCG_008,58
AGGTAACCTGTGTGTCCCCG_009,198
AGGTAACCTGTGTGTCCCCG_010,38
AGGTAACCTGTGTGTCCCCG_011,104
AGGTAACCTGTGTGTCCCCG_012,17
AGGTAACCTGTGTGTCCCCG_013,142
AGGTAACCTGTGTGTCCCCG_014,142
AGGTAACCTGTGTGTCCCCG_015,58
GCAGAAGCTCGAGAAAAACA_001,157
GCAGAAGCTCGAGAAAAACA_002,134
GCAGAAGCTCGAGAAAAACA_003,20
TGAGGGAAGTTAATGCGCCG_001,160
TGAGGGAAGTTAATGCGCCG_002,0
TGAGGGAAGTTAATGCGCCG_003,94
TGAGGGAAGTTAATGCGCCG_004,101
TGAGGGAAGTTAATGCGCCG_005,1
TGAGGGAAGTTAATGCGCCG_006,155
TGAGGGAAGTTAATGCGCCG_007,192
TGAGGGAAGTTAATGCGCCG_008,126
TGAGGGAAGTTAATGCGCCG_009,61
TGAGGGAAGTTAATGCGCCG_010,9
TGAGGGAAGTTAATGCGCCG_011,122
TGAGGGAAGTTAATGCGCCG_012,1
TGAGGGAAGTTAATGCGCCG_013,188
TGTCGATGAGAGCTTGACGG_001,60
TGTCGATGAGAGCTTGACGG_002,146
TGTCGATGAGAGCTTGACGG_003,115
TGTCGATGAGAGCTTGACGG_004,80
TGTCGATGAGAGCTTGACGG_005,129
TGTCGATGAGAGCTTGACGG_006,165
TGTCGATGAGAGCTTGACGG_007,144
TGTCGATGAGAGCTTGACGG_008,6
TGTCGATGAGAGCTTGACGG_009,161
TGTCGATGAGAGCTTGACGG_010,146
TGTCGATGAGAGCTTGACGG_011,17
TGTCGATGAGAGCTTGACGG_012,97
TGTCGATGAGAGCTTGACGG_013,77
TGTCGATGAGAGCTTGACGG_014,66
TGTCGATGAGAGCTTGACGG_015,104
TGTCGATGAGAGCTTGACGG_016,141
TGTCGATGAGAGCTTGACGG_017,95
TGTCGATGAGAGCTTGACGG_018,145
TGTCGATGAGAGCTTGACGG_019,27
TGTCGATGAGAGCTTGACGG_020,182
GAAGGAGACTTTGTAAGGCT_001,130
GAAGGAGACTTTGTAAGGCT_002,153
GAAGGAGACTTTGTAAGGCT_003,84
GAAGGAGACTTTGTAAGGCT_004,183
GAAGGAGACTTTGTAAGGCT_005,110
GAAGGAGACTTTGTAAGGCT_006,162
AGGCGTCAAGACCTCTGGCA_001,169
AGGCGTCAAGACCTCTGGCA_002,6
AGGCGTCAAGACCTCTGGCA_003,197
AGGCGTCAAGACCTCTGGCA_004,17
AGGCGTCAAGACCTCTGGCA_005,83
AGGCGTCAAGACCTCTGGCA_006,105
AGGCGTCAAGACCTCTGGCA_007,127
AGGCGTCAAGACCTCTGGCA_008,41
AGGCGTCAAGACCTCTGGCA_009,84
AGGCGTCAAGACCTCTGGCA_010,126
AGGCGTCAAGACCTCTGGCA_011,96
AGGCGTCAAGACCTCTGGCA_012,15
AGGCGTCAAGACCTCTGGCA_013,150
AGGCGTCAAGACCTCTGGCA_014,156
AGGCGTCAAGACCTCTGGCA_015,181
AGGCGTCAAGACCTCTGGCA_016,154
AGGCGTCAAGACCTCTGGCA_017,32
AGGCGTCAAGACCTCTGGCA_018,195
AGGCGTCAAGACCTCTGGCA_019,32
AGGCGTCAAGACCTCTGGCA_020,104
AGGCGTCAAGACCTCTGGCA_021,2
AGGCGTCAAGACCTCTGGCA_022,48
AGGCGTCAAGACCTCTGGCA_023,152
AGGCGTCAAGACCTCTGGCA_024,160
AGGCGTCAAGACCTCTGGCA_025,37
AGGCGTCAAGACCTCTGGCA_026,183
AGGCGTCAAGACCTCTGGCA_027,74
AGGCGTCAAGACCTCTGGCA_028,133
AGGCGTCAAGACCTCTGGCA_029,40
AGGCGTCAAGACCTCTGGCA_030,144
AGGCGTCAAGACCTCTGGCA_031,11
AGGCGTCAAGACCTCTGGCA_032,41
AGGCGTCAAGACCTCTGGCA_033,91
AGGCGTCAAGACCTCTGGCA_034,63
AGGCGTCAAGACCTCTGGCA_035,8
AGGCGTCAAGACCTCTGGCA_036,28
AGGCGTCAAGACCTCTGGCA_037,95
AGGCGTCAAGACCTCTGGCA_038,28
TTACTCCTATATATGAGGGG_001,77
TTACTCCTATATATGAGGGG_002,169
TTACTCCTATATATGAGGGG_003,22
GTTGCAGCAACTCTTCTGAG_001,62
GTTGCAGCAACTCTTCTGAG_002,163
GTTGCAGCAACTCTTCTGAG_003,169
GTTGCAGCAACTCTTCTGAG_004,180
GTTGCAGCAACTCTTCTGAG_005,63
TCCACGCACTTCATCCATCG_001,105
TCCACGCACTTCATCCATCG_002,163
TCCACGCACTTCATCCATCG_003,161
GAAATGGGTGCGAACAGACA_001,106
GAAATGGGTGCGAACAGACA_002,34
GAAATGGGTGCGAACAGACA_003,192
GAAATGGGTGCGAACAGACA_004,150
GAAATGGGTGCGAACAGACA_005,12
TCTGCTTTGATTGCATCCAG_001,191
TGAGGCACTGTATACGAGAG_001,98
TGAGGCACTGTATACGAGAG_002,69
TGAGGCACTGTATACGAGAG_003,48
TGAGGCACTGTATACGAGAG_004,114
TGAGGCACTGTATACGAGAG_005,19
TGAGGCACTGTATACGAGAG_006,90
TGAGGCACTGTATACGAGAG_007,8
GCAACATCAGAATACTATGG_001,8
GCAACATCAGAATACTATGG_002,103
GCAACATCAGAATACTATGG_003,70
GCAACATCAGAATACTATGG_004,16
GCAACATCAGAATACTATGG_005,166
GCAACATCAGAATACTATGG_006,166
GCAACATCAGAATACTATGG_007,33
GCAACATCAGAATACTATGG_008,168
GCAACATCAGAATACTATGG_009,126
CTGCTGCACATTGTATGCAC_001,83
CTGCTGCACATTGTATGCAC_002,0
ATCACCTTCAAAGTTAGCGT_001,29
ATCACCTTCAAAGTTAGCGT_002,125
ATCACCTTCAAAGTTAGCGT_003,22
ATCACCTTCAAAGTTAGCGT_004,94
ATCACCTTCAAAGTTAGCGT_005,146
ATCACCTTCAAAGTTAGCGT_006,145
ATCACCTTCAAAGTTAGCGT_007,172
ATCACCTTCAAAGTTAGCGT_008,69
ATCACCTTCAAAGTTAGCGT_009,61
ATCACCTTCAAAGTTAGCGT_010,148
ATCACCTTCAAAGTTAGCGT_011,141
ATCACCTTCAAAGTTAGCGT_012,185
ATCACCTTCAAAGTTAGCGT_013,47
ATCACCTTCAAAGTTAGCGT_014,76
ATCACCTTCAAAGTTAGCGT_015,189
ATCACCTTCAAAGTTAGCGT_016,106
ATCACCTTCAAAGTTAGCGT_017,98
ATCACCTTCAAAGTTAGCGT_018,190
ATCACCTTCAAAGTTAGCGT_019,177
AAGCGCCAGTAAAGCTCGTG_001,15
AAGCGCCAGTAAAGCTCGTG_002,191
AAGCGCCAGTAAAGCTCGTG_003,48
AAGCGCCAGTAAAGCTCGTG_004,13
AAGCGCCAGTAAAGCTCGTG_005,113
AAGCGCCAGTAAAGCTCGTG_006,97
AAGCGCCAGTAAAGCTCGTG_007,8
AAGCGCCAGTAAAGCTCGTG_008,58
AAGCGCCAGTAAAGCTCGTG_009,64
AAGCGCCAGTAAAGCTCGTG_010,198
AAGCGCCAGTAAAGCTCGTG_011,138
AAGCGCCAGTAAAGCTCGTG_012,9
AAGCGCCAGTAAAGCTCGTG_013,49
AAGCGCCAGTAAAGCTCGTG_014,179
AAGCGCCAGTAAAGCTCGTG_015,148
AAGCGCCAGTAAAGCTCGTG_016,36
AAGCGCCAGTAAAGCTCGTG_017,35
AAGCGCCAGTAAAGCTCGTG_018,175
AAGCGCCAGTAAAGCTCGTG_019,156
AAGCGCCAGTAAAGCTCGTG_020,156
AAGCGCCAGTAAAGCTCGTG_021,174
AAGCGCCAGTAAAGCTCGTG_022,88
AAGCGCCAGTAAAGCTCGTG_023,183
AAGCGCCAGTAAAGCTCGTG_024,91
AAGCGCCAGTAAAGCTCGTG_025,1
AAGCGCCAGTAAAGCTCGTG_026,123
AAGCGCCAGTAAAGCTCGTG_027,165
AAGCGCCAGTAAAGCTCGTG_028,104
AAGCGCCAGTAAAGCTCGTG_029,78
AAGCGCCAGTAAAGCTCGTG_030,2
AAGCGCCAGTAAAGCTCGTG_031,45
AAGCGCCAGTAAAGCTCGTG_032,121
AAGCGCCAGTAAAGCTCGTG_033,43
ACTCACACAACACCTTCCTG_001,32
ACTCACACAACACCTTCCTG_002,150
ACTCACACAACACCTTCCTG_003,173
ACTCACACAACACCTTCCTG_004,15
ACTCACACAACACCTTCCTG_005,62
ACTCACACAACACCTTCCTG_006,84
ACTCACACAACACCTTCCTG_007,44
ACTCACACAACACCTTCCTG_008,181
ACTCACACAACACCTTCCTG_009,126
ACTCACACAACACCTTCCTG_010,53
ACTCACACAACACCTTCCTG_011,177
ACTCACACAACACCTTCCTG_012,44
ACTCACACAACACCTTCCTG_013,87
ACTCACACAACACCTTCCTG_014,17
ACTCACACAACACCTTCCTG_015,135
ACTCACACAACACCTTCCTG_016,101
ACTCACACAACACCTTCCTG_017,48
ACTCACACAACACCTTCCTG_018,41
ACTCACACAACACCTTCCTG_019,94
ACTCACACAACACCTTCCTG_020,98
ACTCACACAACACCTTCCTG_021,95
ACTCACACAACACCTTCCTG_022,151
ACTCACACAACACCTTCCTG_023,66
ACTCACACAACACCTTCCTG_024,79
ACTCACACAACACCTTCCTG_025,89
ACTCACACAACACCTTCCTG_026,170
ACTCACACAACACCTTCCTG_027,91
ACTCACACAACACCTTCCTG_028,93
ACTCACACAACACCTTCCTG_029,39
TCTGGACGCACCACGACTCG_001,175
TCTGGACGCACCACGACTCG_002,53
TCTGGACGCACCACGACTCG_003,115
GCCGCTTATGCACAAGTACG_001,137
GCCGCTTATGCACAAGTACG_002,124
GCCGCTTATGCACAAGTACG_003,168
GCCGCTTATGCACAAGTACG_004,88
GCCGCTTATGCACAAGTACG_005,166
GCCGCTTATGCACAAGTACG_006,15
GCCGCTTATGCACAAGTACG_007,186
GCCGCTTATGCACAAGTACG_008,31
GCCGCTTATGCACAAGTACG_009,147
GCCGCTTATGCACAAGTACG_010,141
GCCGCTTATGCACAAGTACG_011,73
GCCGCTTATGCACAAGTACG_012,191
GCCGCTTATGCACAAGTACG_013,81
GCCGCTTATGCACAAGTACG_014,192
GCCGCTTATGCACAAGTACG_015,88
GCCGCTTATGCACAAGTACG_016,145
GCCGCTTATGCACAAGTACG_017,58
GCCGCTTATGCACAAGTACG_018,183
GCCGCTTATGCACAAGTACG_019,168
GCCGCTTATGCACAAGTACG_020,10
GCCGCTTATGCACAAGTACG_021,177
GCCGCTTATGCACAAGTACG_022,28
GCCGCTTATGCACAAGTACG_023,140
GCCGCTTATGCACAAGTACG_024,75
GCCGCTTATGCACAAGTACG_025,90
GCCGCTTATGCACAAGTACG_026,53
GCCGCTTATGCACAAGTACG_027,7
TGCAGCCCAACCAAGCCTCG_001,176
TGCAGCCCAACCAAGCCTCG_002,62
TGCAGCCCAACCAAGCCTCG_003,1
TGCAGCCCAACCAAGCCTCG_004,191
TGCAGCCCAACCAAGCCTCG_005,75
TGCAGCCCAACCAAGCCTCG_006,48
TGCAGCCCAACCAAGCCTCG_007,182
TGCAGCCCAACCAAGCCTCG_008,123
TGCAGCCCAACCAAGCCTCG_009,121
TGCAGCCCAACCAAGCCTCG_010,154
TGCAGCCCAACCAAGCCTCG_011,40
TGCAGCCCAACCAAGCCTCG_012,163
TGCAGCCCAACCAAGCCTCG_013,145
GCCTTCCAGTCCCAACGCCG_001,65
GCCTTCCAGTCCCAACGCCG_002,146
GCCTTCCAGTCCCAACGCCG_003,115
GCCTTCCAGTCCCAACGCCG_004,170
GCCTTCCAGTCCCAACGCCG_005,11
GCCTTCCAGTCCCAACGCCG_006,184
GCCTTCCAGTCCCAACGCCG_007,8
GCCTTCCAGTCCCAACGCCG_008,46
GCCTTCCAGTCCCAACGCCG_009,119
GCCTTCCAGTCCCAACGCCG_010,175
GCCTTCCAGTCCCAACGCCG_011,35
CAAGCAGTCGCAGCGGAACG_001,15
CAAGCAGTCGCAGCGGAACG_002,101
CAAGCAGTCGCAGCGGAACG_003,142
GTCCTATGAAGCATTGTCAG_001,32
GTCCTATGAAGCATTGTCAG_002,50
GTCCTATGAAGCATTGTCAG_003,49
GTCCTATGAAGCATTGTCAG_004,173
GTCCTATGAAGCATTGTCAG_005,188
GTCCTATGAAGCATTGTCAG_006,72
GTCCTATGAAGCATTGTCAG_007,76
GTCCTATGAAGCATTGTCAG_008,119
GTTGGGTTTCTCACACACGA_001,5
GTTGGGTTTCTCACACACGA_002,186
GTTGGGTTTCTCACACACGA_003,190
GATTCCTGTGGGATGGTCTG_001,192
GATTCCTGTGGGATGGTCTG_002,150
GATTCCTGTGGGATGGTCTG_003,115
GATTCCTGTGGGATGGTCTG_004,56
GATTCCTGTGGGATGGTCTG_005,103
GATTCCTGTGGGATGGTCTG_006,1
GATTCCTGTGGGATGGTCTG_007,50
GATTCCTGTGGGATGGTCTG_008,2
GATTCCTGTGGGATGGTCTG_009,82
GATTCCTGTGGGATGGTCTG_010,82
GATTCCTGTGGGATGGTCTG_011,187
GATTCCTGTGGGATGGTCTG_012,199
GATTCCTGTGGGATGGTCTG_013,133
GATTCCTGTGGGATGGTCTG_014,159
GATTCCTGTGGGATGGTCTG_015,165
GATTCCTGTGGGATGGTCTG_016,144
GATTCCTGTGGGATGGTCTG_017,152
GATTCCTGTGGGATGGTCTG_018,33
CCTCCTTTAGAGATCACGTG_001,62
CCTCCTTTAGAGATCACGTG_002,84
CCTCCTTTAGAGATCACGTG_003,69
CCTCCTTTAGAGATCACGTG_004,64
CCTCCTTTAGAGATCACGTG_005,81
CCTCCTTTAGAGATCACGTG_006,174
CCTCCTTTAGAGATCACGTG_007,19
CCTCCTTTAGAGATCACGTG_008,127
CCTCCTTTAGAGATCACGTG_009,96
CCTCCTTTAGAGATCACGTG_010,158
CCTCCTTTAGAGATCACGTG_011,120
CCTCCTTTAGAGATCACGTG_012,164
CCTCCTTTAGAGATCACGTG_013,164
CCTCCTTTAGAGATCACGTG_014,102
CCTCCTTTAGAGATCACGTG_015,49
TGACAGACTATGACGATGTG_001,57
TGACAGACTATGACGATGTG_002,145
TGACAGACTATGACGATGTG_003,65
TGACAGACTATGACGATGTG_004,42
TGACAGACTATGACGATGTG_005,146
TGACAGACTATGACGATGTG_006,179
TGACAGACTATGACGATGTG_007,115
TGACAGACTATGACGATGTG_008,79
TGACAGACTATGACGATGTG_009,151
CCGCGTGCACTGGATTGCGG_001,27
CCGCGTGCACTGGATTGCGG_002,186
CCGCGTGCACTGGATTGCGG_003,82
CCGCGTGCACTGGATTGCGG_004,54
CCGCGTGCACTGGATTGCGG_005,58
CCGCGTGCACTGGATTGCGG_006,1
CCGCGTGCACTGGATTGCGG_007,23
CCGCGTGCACTGGATTGCGG_008,35
CCGCGTGCACTGGATTGCGG_009,68
CCGCGTGCACTGGATTGCGG_010,40
CCGCGTGCACTGGATTGCGG_011,162
CCGCGTGCACTGGATTGCGG_012,5
CCGCGTGCACTGGATTGCGG_013,105
CCGCGTGCACTGGATTGCGG_014,170
CCGCGTGCACTGGATTGCGG_015,125
CCGCGTGCACTGGATTGCGG_016,103
CCGCGTGCACTGGATTGCGG_017,195
CCGCGTGCACTGGATTGCGG_018,182
CCGCGTGCACTGGATTGCGG_019,77
CCGCGTGCACTGGATTGCGG_020,103
CCGCGTGCACTGGATTGCGG_021,188
CCGCGTGCACTGGATTGCGG_022,19
GAAGGCTCCGATGCGAAGCG_001,60
GAAGGCTCCGATGCGAAGCG_002,136
GAAGGCTCCGATGCGAAGCG_003,8
GAAGGCTCCGATGCGAAGCG_004,168
GAAGGCTCCGATGCGAAGCG_005,142
GAAGGCTCCGATGCGAAGCG_006,32
ATACTAGTAGGGCTCCAATG_001,98
TGGAGTATGTACGTGCAGGA_001,133
TGGAGTATGTACGTGCAGGA_002,11
TGGAGTATGTACGTGCAGGA_003,48
TGGAGTATGTACGTGCAGGA_004,40
TGGAGTATGTACGTGCAGGA_005,172
TGGAGTATGTACGTGCAGGA_006,105
TGGAGTATGTACGTGCAGGA_007,4
TGGAGTATGTACGTGCAGGA_008,91
TGGAGTATGTACGTGCAGGA_009,184
TGGAGTATGTACGTGCAGGA_010,43
TGGAGTATGTACGTGCAGGA_011,158
TGGAGTATGTACGTGCAGGA_012,125
TGGAGTATGTACGTGCAGGA_013,88
TGGAGTATGTACGTGCAGGA_014,25
TGGAGTATGTACGTGCAGGA_015,20
TGGAGTATGTACGTGCAGGA_016,14
TGGAGTATGTACGTGCAGGA_017,124
GTACGAAGCTGAGCGCACGG_001,1
GTACGAAGCTGAGCGCACGG_002,162
GTACGAAGCTGAGCGCACGG_003,13
GTACGAAGCTGAGCGCACGG_004,34
GTACGAAGCTGAGCGCACGG_005,23
GTACGAAGCTGAGCGCACGG_006,77
GTACGAAGCTGAGCGCACGG_007,185
GTACGAAGCTGAGCGCACGG_008,15
GTACGAAGCTGAGCGCACGG_009,144
GTACGAAGCTGAGCGCACGG_010,64
GTACGAAGCTGAGCGCACGG_011,88
GTACGAAGCTGAGCGCACGG_012,62
GTACGAAGCTGAGCGCACGG_013,169
GTACGAAGCTGAGCGCACGG_014,1
GTACGAAGCTGAGCGCACGG_015,119
GTACGAAGCTGAGCGCACGG_016,19
GTACGAAGCTGAGCGCACGG_017,16
GTACGAAGCTGAGCGCACGG_018,139
TCACCTGCACACCTAAAGAG_001,188
TCACCTGCACACCTAAAGAG_002,134
TCACCTGCACACCTAAAGAG_003,94
TCACCTGCACACCTAAAGAG_004,78
TCACCTGCACACCTAAAGAG_005,94
TCACCTGCACACCTAAAGAG_006,46
TCACCTGCACACCTAAAGAG_007,152
TCACCTGCACACCTAAAGAG_008,105
TCACCTGCACACCTAAAGAG_009,1
TCACCTGCACACCTAAAGAG_010,168
CATCTCTATCATAATCGCTG_001,60
CATCTCTATCATAATCGCTG_002,158
GGTCTAGCAGAGTTGTGTCA_001,105
GGTCTAGCAGAGTTGTGTCA_002,25
GGTCTAGCAGAGTTGTGTCA_003,8
GGTCTAGCAGAGTTGTGTCA_004,169
GGTCTAGCAGAGTTGTGTCA_005,17
GGTCTAGCAGAGTTGTGTCA_006,52
GGTCTAGCAGAGTTGTGTCA_007,137
GGTCTAGCAGAGTTGTGTCA_008,162
CTCCGGCTACCACTATGGTG_001,23
CTCCGGCTACCACTATGGTG_002,115
CTCCGGCTACCACTATGGTG_003,34
CTAGCTCTAAGTGAACCACG_001,57
CTAGCTCTAAGTGAACCACG_002,107
CTAGCTCTAAGTGAACCACG_003,154
CTAGCTCTAAGTGAACCACG_004,162
CTAGCTCTAAGTGAACCACG_005,95
CTAGCTCTAAGTGAACCACG_006,78
CTAGCTCTAAGTGAACCACG_007,178
CTAGCTCTAAGTGAACCACG_008,151
CTAGCTCTAAGTGAACCACG_009,48
CTAAAGTTCTGCTTCTGTCG_001,71
CTAAAGTTCTGCTTCTGTCG_002,63
CACTGTCTGAAGGTTCATAG_001,42
CACTGTCTGAAGGTTCATAG_002,149
CACTGTCTGAAGGTTCATAG_003,81
CACTGTCTGAAGGTTCATAG_004,107
CACTGTCTGAAGGTTCATAG_005,93
CACTGTCTGAAGGTTCATAG_006,148
CACTGTCTGAAGGTTCATAG_007,88
CACTGTCTGAAGGTTCATAG_008,52
CACTGTCTGAAGGTTCATAG_009,137
CGCCGAGTACAACTTGACGC_001,64
CGCCGAGTACAACTTGACGC_002,162
CGCCGAGTACAACTTGACGC_003,106
CGCCGAGTACAACTTGACGC_004,79
CGCCGAGTACAACTTGACGC_005,136
CGCCGAGTACAACTTGACGC_006,70
CGCCGAGTACAACTTGACGC_007,136
ACTTTGGCCCAGTCAATCAA_001,138
ACTTTGGCCCAGTCAATCAA_002,152
ACTTTGGCCCAGTCAATCAA_003,29
ACTTTGGCCCAGTCAATCAA_004,76
ACTTTGGCCCAGTCAATCAA_005,76
ACTTTGGCCCAGTCAATCAA_006,199
ACTTTGGCCCAGTCAATCAA_007,2
ACTTTGGCCCAGTCAATCAA_008,29
ACTTTGGCCCAGTCAATCAA_009,148
ACTTTGGCCCAGTCAATCAA_010,35
ACTTTGGCCCAGTCAATCAA_011,50
CACCGTGCAAGTGGGCTGAG_001,58
CACCGTGCAAGTGGGCTGAG_002,49
CACCGTGCAAGTGGGCTGAG_003,127
CACCGTGCAAGTGGGCTGAG_004,143
CACCGTGCAAGTGGGCTGAG_005,143
CACCGTGCAAGTGGGCTGAG_006,130
CACCGTGCAAGTGGGCTGAG_007,150
CACCGTGCAAGTGGGCTGAG_008,86
CACCGTGCAAGTGGGCTGAG_009,12
CACCGTGCAAGTGGGCTGAG_010,12
CACCGTGCAAGTGGGCTGAG_011,148
CACCGTGCAAGTGGGCTGAG_012,177
CACCGTGCAAGTGGGCTGAG_013,41
CACCGTGCAAGTGGGCTGAG_014,178
CACCGTGCAAGTGGGCTGAG_015,111
CACCGTGCAAGTGGGCTGAG_016,108
CACCGTGCAAGTGGGCTGAG_017,121
CACCGTGCAAGTGGGCTGAG_018,81
CACCGTGCAAGTGGGCTGAG_019,70
CACCGTGCAAGTGGGCTGAG_020,177
CACCGTGCAAGTGGGCTGAG_021,122
CACCGTGCAAGTGGGCTGAG_022,72
CACCGTGCAAGTGGGCTGAG_023,90
CACCGTGCAAGTGGGCTGAG_024,102
CACCGTGCAAGTGGGCTGAG_025,6
CACCGTGCAAGTGGGCTGAG_026,28
CACCGTGCAAGTGGGCTGAG_027,9
CACCGTGCAAGTGGGCTGAG_028,175
CACCGTGCAAGTGGGCTGAG_029,91
CACCGTGCAAGTGGGCTGAG_030,169
CACCGTGCAAGTGGGCTGAG_031,146
CACCGTGCAAGTGGGCTGAG_032,178
CACCGTGCAAGTGGGCTGAG_033,48
CACCGTGCAAGTGGGCTGAG_034,94
CACCGTGCAAGTGGGCTGAG_035,184
CACCGTGCAAGTGGGCTGAG_036,2
CACCGTGCAAGTGGGCTGAG_037,10
CACCGTGCAAGTGGGCTGAG_038,165
CACCGTGCAAGTGGGCTGAG_039,169
CACCGTGCAAGTGGGCTGAG_040,193
CACCGTGCAAGTGGGCTGAG_041,32
CACCGTGCAAGTGGGCTGAG_042,78
CACCGTGCAAGTGGGCTGAG_043,162
CACCGTGCAAGTGGGCTGAG_044,78
TACAGGGTATAGTCCCCCAG_001,131
TACAGGGTATAGTCCCCCAG_002,89
TACAGGGTATAGTCCCCCAG_003,40
TACAGGGTATAGTCCCCCAG_004,157
CGCGAAGTAGTAGTCGCGGG_001,105
CGCGAAGTAGTAGTCGCGGG_002,107
GCTCTTGTTCCGACGCTCGG_001,60
GCTCTTGTTCCGACGCTCGG_002,181
GCTCTTGTTCCGACGCTCGG_003,21
GCTCTTGTTCCGACGCTCGG_004,194
GCTCTTGTTCCGACGCTCGG_005,139
GCTCTTGTTCCGACGCTCGG_006,148
GCTCTTGTTCCGACGCTCGG_007,175
TTATCAATTTCCCATGCGAG_001,129
TTATCAATTTCCCATGCGAG_002,199
TTATCAATTTCCCATGCGAG_003,126
AAAATGTCAGACAAGCTCAA_001,126
AAAATGTCAGACAAGCTCAA_002,67
AAAATGTCAGACAAGCTCAA_003,93
AAAATGTCAGACAAGCTCAA_004,13
AAAATGTCAGACAAGCTCAA_005,168
CCACACCACGCGGGCAGCCA_001,158
CCACACCACGCGGGCAGCCA_002,19
CCACACCACGCGGGCAGCCA_003,181
CCACACCACGCGGGCAGCCA_004,107
CCACACCACGCGGGCAGCCA_005,18
CCACACCACGCGGGCAGCCA_006,81
CCACACCACGCGGGCAGCCA_007,56
CCACACCACGCGGGCAGCCA_008,16
CCACACCACGCGGGCAGCCA_009,95
CCACACCACGCGGGCAGCCA_010,139
CCACACCACGCGGGCAGCCA_011,68
CCACACCACGCGGGCAGCCA_012,147
CCACACCACGCGGGCAGCCA_013,8
CCACACCACGCGGGCAGCCA_014,177
CCACACCACGCGGGCAGCCA_015,98
CCACACCACGCGGGCAGCCA_016,0
CCACACCACGCGGGCAGCCA_017,185
CCACACCACGCGGGCAGCCA_018,190
CCACACCACGCGGGCAGCCA_019,110
CCACACCACGCGGGCAGCCA_020,69
CCACACCACGCGGGCAGCCA_021,78
GTACCAATGAGTGCAAAGCG_001,9
GTACCAATGAGTGCAAAGCG_002,102
GTACCAATGAGTGCAAAGCG_003,6
GTACCAATGAGTGCAAAGCG_004,58
GTACCAATGAGTGCAAAGCG_005,70
GTACCAATGAGTGCAAAGCG_006,13
GTACCAATGAGTGCAAAGCG_007,3
GTACCAATGAGTGCAAAGCG_008,59
GTACCAATGAGTGCAAAGCG_009,84
GTACCAATGAGTGCAAAGCG_010,147
GTACCAATGAGTGCAAAGCG_011,28
GTACCAATGAGTGCAAAGCG_012,101
TGACTGTCATGCAATAGCGG_001,184
TGACTGTCATGCAATAGCGG_002,23
TGACTGTCATGCAATAGCGG_003,9
TGACTGTCATGCAATAGCGG_004,78
TGACTGTCATGCAATAGCGG_005,57
TGACTGTCATGCAATAGCGG_006,17
TGACTGTCATGCAATAGCGG_007,138
TGACTGTCATGCAATAGCGG_008,64
TGACTGTCATGCAATAGCGG_009,199
TGACTGTCATGCAATAGCGG_010,2
TGACTGTCATGCAATAGCGG_011,81
TGACTGTCATGCAATAGCGG_012,144
TGACTGTCATGCAATAGCGG_013,144
ATACCTTAGAGGCAATACAT_001,121
ATACCTTAGAGGCAATACAT_002,161
ATACCTTAGAGGCAATACAT_003,27
ATACCTTAGAGGCAATACAT_004,148
ATACCTTAGAGGCAATACAT_005,43
ATACCTTAGAGGCAATACAT_006,33
ATACCTTAGAGGCAATACAT_007,24
ATACCTTAGAGGCAATACAT_008,119
ATACCTTAGAGGCAATACAT_009,180
ATACCTTAGAGGCAATACAT_010,161
ATACCTTAGAGGCAATACAT_011,116
ATACCTTAGAGGCAATACAT_012,199
ATACCTTAGAGGCAATACAT_013,40
ATACCTTAGAGGCAATACAT_014,162
ATACCTTAGAGGCAATACAT_015,15
ATACCTTAGAGGCAATACAT_016,189
ATACCTTAGAGGCAATACAT_017,13
GATACAGAGATCACCAGCGG_001,121
GATACAGAGATCACCAGCGG_002,197
GATACAGAGATCACCAGCGG_003,186
GTGGGTTTCTATGTATCCTG_001,170
GTGGGTTTCTATGTATCCTG_002,158
GTGGGTTTCTATGTATCCTG_003,67
GTGGGTTTCTATGTATCCTG_004,9
GCGCGTCGCTCGTTTCCGTG_001,105
GCGCGTCGCTCGTTTCCGTG_002,169
GCGCGTCGCTCGTTTCCGTG_003,127
GCGCGTCGCTCGTTTCCGTG_004,15
GCGCGTCGCTCGTTTCCGTG_005,12
GCGCGTCGCTCGTTTCCGTG_006,31
GCGCGTCGCTCGTTTCCGTG_007,158
GCGCGTCGCTCGTTTCCGTG_008,166
GCGCGTCGCTCGTTTCCGTG_009,166
AAAGACTTCATGATCCAAGG_001,137
AAAGACTTCATGATCCAAGG_002,51
AAAGACTTCATGATCCAAGG_003,97
AAAGACTTCATGATCCAAGG_004,17
AAAGACTTCATGATCCAAGG_005,40
AAAGACTTCATGATCCAAGG_006,170
AAAGACTTCATGATCCAAGG_007,63
GCACCCAAATCTCCAAACCA_001,127
GCACCCAAATCTCCAAACCA_002,171
GCACCCAAATCTCCAAACCA_003,102
GCACCCAAATCTCCAAACCA_004,48
GCACCCAAATCTCCAAACCA_005,60
GCACCCAAATCTCCAAACCA_006,60
GCACCCAAATCTCCAAACCA_007,88
GCACCCAAATCTCCAAACCA_008,129
GCACCCAAATCTCCAAACCA_009,98
GCACCCAAATCTCCAAACCA_010,19
GCACCCAAATCTCCAAACCA_011,17
GCACCCAAATCTCCAAACCA_012,56
ACACAGCCACCCTATCAAAG_001,21
ACACAGCCACCCTATCAAAG_002,65
ACACAGCCACCCTATCAAAG_003,26
ACACAGCCACCCTATCAAAG_004,26
ACACAGCCACCCTATCAAAG_005,95
ACACAGCCACCCTATCAAAG_006,111
ACACAGCCACCCTATCAAAG_007,78
ACACAGCCACCCTATCAAAG_008,71
ATATTGGACCAAGTAGACTA_001,140
ATATTGGACCAAGTAGACTA_002,48
ATATTGGACCAAGTAGACTA_003,27
ATATTGGACCAAGTAGACTA_004,154
ATATTGGACCAAGTAGACTA_005,139
ATATTGGACCAAGTAGACTA_006,98
ATATTGGACCAAGTAGACTA_007,175
ATATTGGACCAAGTAGACTA_008,169
ATATTGGACCAAGTAGACTA_009,120
ATATTGGACCAAGTAGACTA_010,13
ATATTGGACCAAGTAGACTA_011,158
ATATTGGACCAAGTAGACTA_012,68
ATATTGGACCAAGTAGACTA_013,9
ATATTGGACCAAGTAGACTA_014,108
GCAGTCGTCGTAGCGCTGTG_001,7
GCAGTCGTCGTAGCGCTGTG_002,147
GCAGTCGTCGTAGCGCTGTG_003,184
GCAGTCGTCGTAGCGCTGTG_004,4
GCAGTCGTCGTAGCGCTGTG_005,10
GCAGTCGTCGTAGCGCTGTG_006,91
GCAGTCGTCGTAGCGCTGTG_007,76
GGGATGGCTCTGGGCACCGG_001,5
GGGATGGCTCTGGGCACCGG_002,163
GGGATGGCTCTGGGCACCGG_003,123
GGGATGGCTCTGGGCACCGG_004,33
GGGATGGCTCTGGGCACCGG_005,123
GGGATGGCTCTGGGCACCGG_006,140
GGGATGGCTCTGGGCACCGG_007,177
GTTTCTCAAACAAACCACTT_001,182
GTTTCTCAAACAAACCACTT_002,62
GTTTCTCAAACAAACCACTT_003,127
GTTTCTCAAACAAACCACTT_004,138
GTTTCTCAAACAAACCACTT_005,104
GTTTCTCAAACAAACCACTT_006,76
GTTTCTCAAACAAACCACTT_007,70
GTTTCTCAAACAAACCACTT_008,24
GTTTCTCAAACAAACCACTT_009,136
GTTTCTCAAACAAACCACTT_010,1
GTTTCTCAAACAAACCACTT_011,49
GTTTCTCAAACAAACCACTT_012,181
GTTTCTCAAACAAACCACTT_013,4
GTTTCTCAAACAAACCACTT_014,62
GTTTCTCAAACAAACCACTT_015,102
GTTTCTCAAACAAACCACTT_016,124
GTTTCTCAAACAAACCACTT_017,116
AACTGGCCAAGAACTCAAAG_001,194
AACTGGCCAAGAACTCAAAG_002,74
AACTGGCCAAGAACTCAAAG_003,74
AACTGGCCAAGAACTCAAAG_004,113
AACTGGCCAAGAACTCAAAG_005,62
AACTGGCCAAGAACTCAAAG_006,138
AACTGGCCAAGAACTCAAAG_007,176
AACTGGCCAAGAACTCAAAG_008,33
AACTGGCCAAGAACTCAAAG_009,140
AACTGGCCAAGAACTCAAAG_010,110
AACTGGCCAAGAACTCAAAG_011,88
AACTGGCCAAGAACTCAAAG_012,38
AACTGGCCAAGAACTCAAAG_013,83
AACTGGCCAAGAACTCAAAG_014,2
AACTGGCCAAGAACTCAAAG_015,195
AACTGGCCAAGAACTCAAAG_016,95
AACTGGCCAAGAACTCAAAG_017,28
AACTGGCCAAGAACTCAAAG_018,94
GATGTCAAGCGATGTGTTGG_001,92
GATGTCAAGCGATGTGTTGG_002,32
GATGTCAAGCGATGTGTTGG_003,114
GATGTCAAGCGATGTGTTGG_004,1
GATGTCAAGCGATGTGTTGG_005,65
GATGTCAAGCGATGTGTTGG_006,183
GATGTCAAGCGATGTGTTGG_007,43
GATGTCAAGCGATGTGTTGG_008,176
GATGTCAAGCGATGTGTTGG_009,121
GATGTCAAGCGATGTGTTGG_010,34
GATGTCAAGCGATGTGTTGG_011,138
GATGTCAAGCGATGTGTTGG_012,43
GATGTCAAGCGATGTGTTGG_013,198
GATGTCAAGCGATGTGTTGG_014,127
GATGTCAAGCGATGTGTTGG_015,57
GATGTCAAGCGATGTGTTGG_016,149
GATGTCAAGCGATGTGTTGG_017,177
TGTAAACACTGTCTGCAGTG_001,118
TGTAAACACTGTCTGCAGTG_002,168
TGTAAACACTGTCTGCAGTG_003,183
ATGGCCCTGGCGTAGCACGG_001,28
ATGGCCCTGGCGTAGCACGG_002,94
ATGGCCCTGGCGTAGCACGG_003,29
ATGGCCCTGGCGTAGCACGG_004,160
ATGGCCCTGGCGTAGCACGG_005,104
ATGGCCCTGGCGTAGCACGG_006,75
ATGGCCCTGGCGTAGCACGG_007,121
ATGGCCCTGGCGTAGCACGG_008,160
ATGGCCCTGGCGTAGCACGG_009,198
ATGGCCCTGGCGTAGCACGG_010,197
GGTGTTATCACTTAGCTCTG_001,8
GGTGTTATCACTTAGCTCTG_002,163
GGTGTTATCACTTAGCTCTG_003,76
GGTGTTATCACTTAGCTCTG_004,102
GGTGTTATCACTTAGCTCTG_005,63
GGTGTTATCACTTAGCTCTG_006,88
GGTGTTATCACTTAGCTCTG_007,14
GTCTCATCTGGGTACCCACG_001,79
GTCTCATCTGGGTACCCACG_002,44
AGAGTTCGGAAGTGCACCCG_001,103
AGAGTTCGGAAGTGCACCCG_002,27
AGAGTTCGGAAGTGCACCCG_003,49
AGAGTTCGGAAGTGCACCCG_004,8
AGAGTTCGGAAGTGCACCCG_005,36
AGAGTTCGGAAGTGCACCCG_006,64
AGAGTTCGGAAGTGCACCCG_007,20
AGAGTTCGGAAGTGCACCCG_008,83
AGAGTTCGGAAGTGCACCCG_009,116
AGAGTTCGGAAGTGCACCCG_010,112
AGAGTTCGGAAGTGCACCCG_011,158
AGAGTTCGGAAGTGCACCCG_012,96
AGAGTTCGGAAGTGCACCCG_013,166
AGAGTTCGGAAGTGCACCCG_014,169
AGAGTTCGGAAGTGCACCCG_015,10
AGAGTTCGGAAGTGCACCCG_016,60
AGAGTTCGGAAGTGCACCCG_017,53
AGAGTTCGGAAGTGCACCCG_018,53
AGAGTTCGGAAGTGCACCCG_019,117
AGAGTTCGGAAGTGCACCCG_020,145
AGAGTTCGGAAGTGCACCCG_021,83
AGAGTTCGGAAGTGCACCCG_022,194
AGAGTTCGGAAGTGCACCCG_023,55
AGAGTTCGGAAGTGCACCCG_024,109
AGAGTTCGGAAGTGCACCCG_025,100
AGAGTTCGGAAGTGCACCCG_026,194
AGAGTTCGGAAGTGCACCCG_027,78
AGAGTTCGGAAGTGCACCCG_028,179
AGAGTTCGGAAGTGCACCCG_029,36
AGAGTTCGGAAGTGCACCCG_030,191
AGAGTTCGGAAGTGCACCCG_031,60
AGAGTTCGGAAGTGCACCCG_032,152
AGAGTTCGGAAGTGCACCCG_033,171
AGAGTTCGGAAGTGCACCCG_034,48
CATCGTGGGGGTAATCAGAG_001,157
CATCGTGGGGGTAATCAGAG_002,29
CATCGTGGGGGTAATCAGAG_003,198
CATCGTGGGGGTAATCAGAG_004,10
CATCGTGGGGGTAATCAGAG_005,168
ACCTGCGCGAGCACTAAGGC_001,147
ACCTGCGCGAGCACTAAGGC_002,94
AGTAGCGGACGATCTGAATG_001,41
AGTAGCGGACGATCTGAATG_002,37
AGTAGCGGACGATCTGAATG_003,76
AGTAGCGGACGATCTGAATG_004,53
AGTAGCGGACGATCTGAATG_005,194
AGTAGCGGACGATCTGAATG_006,36
AGTAGCGGACGATCTGAATG_007,107
AGTAGCGGACGATCTGAATG_008,176
AGTAGCGGACGATCTGAATG_009,105
AGTAGCGGACGATCTGAATG_010,150
AGTAGCGGACGATCTGAATG_011,64
AGTAGCGGACGATCTGAATG_012,50
AGTAGCGGACGATCTGAATG_013,96
AGTAGCGGACGATCTGAATG_014,198
AGTAGCGGACGATCTGAATG_015,156
AGTAGCGGACGATCTGAATG_016,7
AGTAGCGGACGATCTGAATG_017,174
AGTAGCGGACGATCTGAATG_018,156
AGTAGCGGACGATCTGAATG_019,12
AGTAGCGGACGATCTGAATG_020,57
GCAGTCGTATCTATGTATCC_001,47
GCAGTCGTATCTATGTATCC_002,6
TGAAGGCAGCCCTATCTGAG_001,182
TGAAGGCAGCCCTATCTGAG_002,137
TGAAGGCAGCCCTATCTGAG_003,140
TGAAGGCAGCCCTATCTGAG_004,146
TGAAGGCAGCCCTATCTGAG_005,150
TGAAGGCAGCCCTATCTGAG_006,151
TGAAGGCAGCCCTATCTGAG_007,159
TGAAGGCAGCCCTATCTGAG_008,87
TGAAGGCAGCCCTATCTGAG_009,19
TGAAGGCAGCCCTATCTGAG_010,63
TGAAGGCAGCCCTATCTGAG_011,29
TGAAGGCAGCCCTATCTGAG_012,145
TGAAGGCAGCCCTATCTGAG_013,68
TGAAGGCAGCCCTATCTGAG_014,152
TGAAGGCAGCCCTATCTGAG_015,152
TGAAGGCAGCCCTATCTGAG_016,19
TGAAGGCAGCCCTATCTGAG_017,113
TGAAGGCAGCCCTATCTGAG_018,151
TGAAGGCAGCCCTATCTGAG_019,93
TGAAGGCAGCCCTATCTGAG_020,137
TGAAGGCAGCCCTATCTGAG_021,63
TGAAGGCAGCCCTATCTGAG_022,84
TGAAGGCAGCCCTATCTGAG_023,116
GTCCTTCCAGACTACCAAGG_001,62
GTCCTTCCAGACTACCAAGG_002,69
GTCCTTCCAGACTACCAAGG_003,51
GTCCTTCCAGACTACCAAGG_004,119
TTTGGAGGCTTCTTTATCCG_001,144
TTTGGAGGCTTCTTTATCCG_002,120
TTTGGAGGCTTCTTTATCCG_003,150
TTTGGAGGCTTCTTTATCCG_004,33
TTTGGAGGCTTCTTTATCCG_005,47
AGATATGGAACCCGTACACA_001,150
AGATATGGAACCCGTACACA_002,185
AGATATGGAACCCGTACACA_003,146
AGATATGGAACCCGTACACA_004,139
AGATATGGAACCCGTACACA_005,58
GGAAGAGAACAGGAGCTCTG_001,107
GGAAGAGAACAGGAGCTCTG_002,34
GGAAGAGAACAGGAGCTCTG_003,113
GGAAGAGAACAGGAGCTCTG_004,182
GGAAGAGAACAGGAGCTCTG_005,152
GGAAGAGAACAGGAGCTCTG_006,124
GGAAGAGAACAGGAGCTCTG_007,70
GGGTACCTTTAACAGCCAGA_001,81
GGGTACCTTTAACAGCCAGA_002,125
GGGTACCTTTAACAGCCAGA_003,190
GGGTACCTTTAACAGCCAGA_004,181
GGGTACCTTTAACAGCCAGA_005,188
GGGTACCTTTAACAGCCAGA_006,63
GGGTACCTTTAACAGCCAGA_007,61
GGGTACCTTTAACAGCCAGA_008,72
GGGTACCTTTAACAGCCAGA_009,72
GGGTACCTTTAACAGCCAGA_010,10
GTTGATACTGAAGTCCACAC_001,102
GTTGATACTGAAGTCCACAC_002,68
GTTGATACTGAAGTCCACAC_003,184
GTTGATACTGAAGTCCACAC_004,84
GTTGATACTGAAGTCCACAC_005,117
GTTGATACTGAAGTCCACAC_006,136
GTTGATACTGAAGTCCACAC_007,62
GTTGATACTGAAGTCCACAC_008,168
GTTGATACTGAAGTCCACAC_009,7
GTTGATACTGAAGTCCACAC_010,152
GTTGATACTGAAGTCCACAC_011,46
GTTGATACTGAAGTCCACAC_012,49
GTTGATACTGAAGTCCACAC_013,65
AGCACCCGTCGAGTCAGAGG_001,106
AGCACCCGTCGAGTCAGAGG_002,48
AGCACCCGTCGAGTCAGAGG_003,17
AGCACCCGTCGAGTCAGAGG_004,190
AGCACCCGTCGAGTCAGAGG_005,53
AGCACCCGTCGAGTCAGAGG_006,32
AGCACCCGTCGAGTCAGAGG_007,118
AGCACCCGTCGAGTCAGAGG_008,12
AGCACCCGTCGAGTCAGAGG_009,64
TCCTTCACAGTATTAAAGAC_001,168
TCCTTCACAGTATTAAAGAC_002,42
TCCTTCACAGTATTAAAGAC_003,127
TCCTTCACAGTATTAAAGAC_004,141
GGAAGTCGATGAGTCCGAGG_001,56
GGAAGTCGATGAGTCCGAGG_002,141
GGAAGTCGATGAGTCCGAGG_003,15
GGAAGTCGATGAGTCCGAGG_004,106
GGAAGTCGATGAGTCCGAGG_005,44
GGAAGTCGATGAGTCCGAGG_006,112
GGAAGTCGATGAGTCCGAGG_007,3
GGAAGTCGATGAGTCCGAGG_008,3
GGAAGTCGATGAGTCCGAGG_009,147
GGAAGTCGATGAGTCCGAGG_010,150
GGAAGTCGATGAGTCCGAGG_011,94
GGAAGTCGATGAGTCCGAGG_012,117
GGAAGTCGATGAGTCCGAGG_013,91
GGAAGTCGATGAGTCCGAGG_014,178
GCTCGCTTCTGAGAACCCTA_001,62
GCTCGCTTCTGAGAACCCTA_002,144
GCTCGCTTCTGAGAACCCTA_003,170
GCTCGCTTCTGAGAACCCTA_004,151
GCTCGCTTCTGAGAACCCTA_005,153
GCTCGCTTCTGAGAACCCTA_006,66
GCTCGCTTCTGAGAACCCTA_007,196
GATGCACCACGTGTCCAAGT_001,11
GATGCACCACGTGTCCAAGT_002,181
GATGCACCACGTGTCCAAGT_003,165
TCCATACATCAGAACTCTGT_001,2
TCCATACATCAGAACTCTGT_002,170
TCCATACATCAGAACTCTGT_003,72
TCCATACATCAGAACTCTGT_004,170
TCCATACATCAGAACTCTGT_005,152
GATTAAGTGCTGGAACGGCG_001,27
GATTAAGTGCTGGAACGGCG_002,48
GATTAAGTGCTGGAACGGCG_003,158
GATTAAGTGCTGGAACGGCG_004,5
GATTAAGTGCTGGAACGGCG_005,72
GATTAAGTGCTGGAACGGCG_006,124
GATTAAGTGCTGGAACGGCG_007,61
GATTAAGTGCTGGAACGGCG_008,102
GATTAAGTGCTGGAACGGCG_009,149
GATTAAGTGCTGGAACGGCG_010,91
GATTAAGTGCTGGAACGGCG_011,12
GATTAAGTGCTGGAACGGCG_012,171
GATTAAGTGCTGGAACGGCG_013,92
GATTAAGTGCTGGAACGGCG_014,186
GATTAAGTGCTGGAACGGCG_015,83
GATTAAGTGCTGGAACGGCG_016,159
GATTAAGTGCTGGAACGGCG_017,95
GATTAAGTGCTGGAACGGCG_018,35
GCAAGAAATCTGCTACACTT_001,48
GCAAGAAATCTGCTACACTT_002,168
TGCCCCAGACCGTGCCCATG_001,6
TGCCCCAGACCGTGCCCATG_002,61
TGCCCCAGACCGTGCCCATG_003,147
TGCCCCAGACCGTGCCCATG_004,2
TGCCCCAGACCGTGCCCATG_005,172
TGCCCCAGACCGTGCCCATG_006,162
TGCCCCAGACCGTGCCCATG_007,199
TGCCCCAGACCGTGCCCATG_008,149
TGCCCCAGACCGTGCCCATG_009,94
TGCCCCAGACCGTGCCCATG_010,147
TGCCCCAGACCGTGCCCATG_011,66
TGCCCCAGACCGTGCCCATG_012,13
CTTTGCTCACCTACCCCAAG_001,76
CTTTGCTCACCTACCCCAAG_002,48
CTTTGCTCACCTACCCCAAG_003,139
CTTTGCTCACCTACCCCAAG_004,162
CTTTGCTCACCTACCCCAAG_005,132
CTTTGCTCACCTACCCCAAG_006,44
CTTTGCTCACCTACCCCAAG_007,124
CTTTGCTCACCTACCCCAAG_008,119
CTTTGCTCACCTACCCCAAG_009,168
CTTTGCTCACCTACCCCAAG_010,78
CTTTGCTCACCTACCCCAAG_011,45
CTTTGCTCACCTACCCCAAG_012,150
CTTTGCTCACCTACCCCAAG_013,130
ATGCCTACCAATTACAACAG_001,88
ATGCCTACCAATTACAACAG_002,84
ATGCCTACCAATTACAACAG_003,48
ATGCCTACCAATTACAACAG_004,135
ATGCCTACCAATTACAACAG_005,135
ATGCCTACCAATTACAACAG_006,147
ATGCCTACCAATTACAACAG_007,54
GCAACTCCAGTTACGATCTG_001,70
GCAACTCCAGTTACGATCTG_002,29
GCAACTCCAGTTACGATCTG_003,82
GCAACTCCAGTTACGATCTG_004,150
GCAACTCCAGTTACGATCTG_005,113
GCAACTCCAGTTACGATCTG_006,159
GCAACTCCAGTTACGATCTG_007,24
GCAACTCCAGTTACGATCTG_008,197
GCAGCAAAGCACGTACGGAG_001,68
GCAGCAAAGCACGTACGGAG_002,70
GCAGCAAAGCACGTACGGAG_003,140
GCAGCAAAGCACGTACGGAG_004,12
GCAGCAAAGCACGTACGGAG_005,14
GCAGCAAAGCACGTACGGAG_006,58
GCAGCAAAGCACGTACGGAG_007,32
GCAGCAAAGCACGTACGGAG_008,8
AAATAGAGCGCCTCACCATG_001,150
AAATAGAGCGCCTCACCATG_002,178
AAATAGAGCGCCTCACCATG_003,158
AAATAGAGCGCCTCACCATG_004,4
AATTCCCTAGAAATCCTACT_001,41
AATTCCCTAGAAATCCTACT_002,199
AGATTTAAGGGCTGTCGAGG_001,161
AGATTTAAGGGCTGTCGAGG_002,88
AGATTTAAGGGCTGTCGAGG_003,113
AGATTTAAGGGCTGTCGAGG_004,127
AGATTTAAGGGCTGTCGAGG_005,182
AGATTTAAGGGCTGTCGAGG_006,161
AGATTTAAGGGCTGTCGAGG_007,122
AGATTTAAGGGCTGTCGAGG_008,88
AGATTTAAGGGCTGTCGAGG_009,2
AGATTTAAGGGCTGTCGAGG_010,19
AGATTTAAGGGCTGTCGAGG_011,189
AGATTTAAGGGCTGTCGAGG_012,189
AGATTTAAGGGCTGTCGAGG_013,45
AGATTTAAGGGCTGTCGAGG_014,116
AGATTTAAGGGCTGTCGAGG_015,15
AGATTTAAGGGCTGTCGAGG_016,45
AGATTTAAGGGCTGTCGAGG_017,149
AGATTTAAGGGCTGTCGAGG_018,134
AGATTTAAGGGCTGTCGAGG_019,160
AGATTTAAGGGCTGTCGAGG_020,55
AGATTTAAGGGCTGTCGAGG_021,107
AGATTTAAGGGCTGTCGAGG_022,15
AGATTTAAGGGCTGTCGAGG_023,82
AGATTTAAGGGCTGTCGAGG_024,29
GTGCTGGACACCGACTACGA_001,199
GTGCTGGACACCGACTACGA_002,133
GTGCTGGACACCGACTACGA_003,152
GTGCTGGACACCGACTACGA_004,85
GTGCTGGACACCGACTACGA_005,154
GTGCTGGACACCGACTACGA_006,49
GTGCTGGACACCGACTACGA_007,45
GTGCTGGACACCGACTACGA_008,165
GTGCTGGACACCGACTACGA_009,94
GTGCTGGACACCGACTACGA_010,28
GTGCTGGACACCGACTACGA_011,168
GTGCTGGACACCGACTACGA_012,56
GTGCTGGACACCGACTACGA_013,169
GTGCTGGACACCGACTACGA_014,190
GTGCTGGACACCGACTACGA_015,121
GTGCTGGACACCGACTACGA_016,187
GTGCTGGACACCGACTACGA_017,76
GTGCTGGACACCGACTACGA_018,91
GTGCTGGACACCGACTACGA_019,61
GTGCTGGACACCGACTACGA_020,56
GTGCTGGACACCGACTACGA_021,161
GTGCTGGACACCGACTACGA_022,132
GTGCTGGACACCGACTACGA_023,58
GTGCTGGACACCGACTACGA_024,160
GTGCTGGACACCGACTACGA_025,180
GTGCTGGACACCGACTACGA_026,94
GTGCTGGACACCGACTACGA_027,175
GTGCTGGACACCGACTACGA_028,45
GTGCTGGACACCGACTACGA_029,48
GTGCTGGACACCGACTACGA_030,168
GTGCTGGACACCGACTACGA_031,127
GTGCTGGACACCGACTACGA_032,41
GTGCTGGACACCGACTACGA_033,152
GTGCTGGACACCGACTACGA_034,102
GTGCTGGACACCGACTACGA_035,49
GTGCTGGACACCGACTACGA_036,166
GTGCTGGACACCGACTACGA_037,34
CCTGGAGTACTTACCAACAA_001,198
CCTGGAGTACTTACCAACAA_002,124
CCTGGAGTACTTACCAACAA_003,166
CCTGGAGTACTTACCAACAA_004,72
CCTGGAGTACTTACCAACAA_005,11
CCTGGAGTACTTACCAACAA_006,78
CCTGGAGTACTTACCAACAA_007,154
CCTGGAGTACTTACCAACAA_008,63
CCTGGAGTACTTACCAACAA_009,15
CCTGGAGTACTTACCAACAA_010,148
CCTGGAGTACTTACCAACAA_011,158
CCTGGAGTACTTACCAACAA_012,114
CCTGGAGTACTTACCAACAA_013,63
CCTGGAGTACTTACCAACAA_014,134
CAACTTATGAATTTGAACTG_001,198
CAACTTATGAATTTGAACTG_002,34
GCGACCTTCCTGAACCACAG_001,58
GCGACCTTCCTGAACCACAG_002,184
GCGACCTTCCTGAACCACAG_003,121
GCGACCTTCCTGAACCACAG_004,185
GCGACCTTCCTGAACCACAG_005,137
GCGACCTTCCTGAACCACAG_006,12
GCGACCTTCCTGAACCACAG_007,107
GCGACCTTCCTGAACCACAG_008,178
GTCCTGAAAGGCGAACACCG_001,8
GTCCTGAAAGGCGAACACCG_002,6
GTCCTGAAAGGCGAACACCG_003,119
GTCCTGAAAGGCGAACACCG_004,114
GTCCTGAAAGGCGAACACCG_005,116
GTCCTGAAAGGCGAACACCG_006,198
GTCCTGAAAGGCGAACACCG_007,28
GTCCTGAAAGGCGAACACCG_008,63
GTCCTGAAAGGCGAACACCG_009,57
GTCCTGAAAGGCGAACACCG_010,130
GTCCTGAAAGGCGAACACCG_011,149
GTCCTGAAAGGCGAACACCG_012,116
GTCCTGAAAGGCGAACACCG_013,162
GTCCTGAAAGGCGAACACCG_014,0
GTCCTGAAAGGCGAACACCG_015,149
GTCCTGAAAGGCGAACACCG_016,78
GTCCTGAAAGGCGAACACCG_017,158
GTCCTGAAAGGCGAACACCG_018,196
GTCCTGAAAGGCGAACACCG_019,174
GTCCTGAAAGGCGAACACCG_020,33
GTCCTGAAAGGCGAACACCG_021,107
GTCCTGAAAGGCGAACACCG_022,188
GTCCTGAAAGGCGAACACCG_023,60
GTCCTGAAAGGCGAACACCG_024,17
GTCCTGAAAGGCGAACACCG_025,62
GTCCTGAAAGGCGAACACCG_026,175
GTCCTGAAAGGCGAACACCG_027,148
GTCCTGAAAGGCGAACACCG_028,70
GTCCTGAAAGGCGAACACCG_029,121
GTCCTGAAAGGCGAACACCG_030,35
GTCCTGAAAGGCGAACACCG_031,161
GTCCTGAAAGGCGAACACCG_032,96
GTCCTGAAAGGCGAACACCG_033,48
GTCCTGAAAGGCGAACACCG_034,140
GTCCTGAAAGGCGAACACCG_035,1
GTCCTGAAAGGCGAACACCG_036,172
GTCCTGAAAGGCGAACACCG_037,41
GTCCTGAAAGGCGAACACCG_038,61
GTCCTGAAAGGCGAACACCG_039,16
GTCCTGAAAGGCGAACACCG_040,15
GTCCTGAAAGGCGAACACCG_041,63
GTCCTGAAAGGCGAACACCG_042,8
GTCCTGAAAGGCGAACACCG_043,41
TGGATTCGCGAAATAATGGG_001,73
TGGATTCGCGAAATAATGGG_002,181
TGGATTCGCGAAATAATGGG_003,56
TGGATTCGCGAAATAATGGG_004,197
TGGATTCGCGAAATAATGGG_005,158
TGGATTCGCGAAATAATGGG_006,75
TGGATTCGCGAAATAATGGG_007,159
TGGATTCGCGAAATAATGGG_008,72
TGGATTCGCGAAATAATGGG_009,72
TTGACTCTGGAGCAAAAAAC_001,158
TTGACTCTGGAGCAAAAAAC_002,19
TTGACTCTGGAGCAAAAAAC_003,18
TTGACTCTGGAGCAAAAAAC_004,38
TTGACTCTGGAGCAAAAAAC_005,41
TTGACTCTGGAGCAAAAAAC_006,124
ACTGCGGAAGATCTGTGCCA_001,6
ACTGCGGAAGATCTGTGCCA_002,161
ACTGCGGAAGATCTGTGCCA_003,98
ACTGCGGAAGATCTGTGCCA_004,147
ACTGCGGAAGATCTGTGCCA_005,174
ACTGCGGAAGATCTGTGCCA_006,98
ACTGCGGAAGATCTGTGCCA_007,83
ACTGCGGAAGATCTGTGCCA_008,147
ACTGCGGAAGATCTGTGCCA_009,72
ACTGCGGAAGATCTGTGCCA_010,77
ACTGCGGAAGATCTGTGCCA_011,94
ACTGCGGAAGATCTGTGCCA_012,99
ACTGCGGAAGATCTGTGCCA_013,166
ACTGCGGAAGATCTGTGCCA_014,133
ACTGCGGAAGATCTGTGCCA_015,15
ACTGCGGAAGATCTGTGCCA_016,72
ACTGCGGAAGATCTGTGCCA_017,27
ACTGCGGAAGATCTGTGCCA_018,184
ACTGCGGAAGATCTGTGCCA_019,68
ACTGCGGAAGATCTGTGCCA_020,105
ACTGCGGAAGATCTGTGCCA_021,75
ACTGCGGAAGATCTGTGCCA_022,43
ACTGCGGAAGATCTGTGCCA_023,114
ACTGCGGAAGATCTGTGCCA_024,176
ACTGCGGAAGATCTGTGCCA_025,132
ACTGCGGAAGATCTGTGCCA_026,115
ACTGCGGAAGATCTGTGCCA_027,197
ACTGCGGAAGATCTGTGCCA_028,157
ACTGCGGAAGATCTGTGCCA_029,168
ACTGCGGAAGATCTGTGCCA_030,22
GGCCTAAGATGCCCGACATG_001,58
AATGTATCAGACCCCCATGG_001,195
AATGTATCAGACCCCCATGG_002,197
AATGTATCAGACCCCCATGG_003,67
CCTGGATACTTCACCCAGTG_001,56
CCTGGATACTTCACCCAGTG_002,54
CCTGGATACTTCACCCAGTG_003,59
CCTGGATACTTCACCCAGTG_004,121
CCTGGATACTTCACCCAGTG_005,40
CCTGGATACTTCACCCAGTG_006,150
ACCAGTCAGACATCCCCACG_001,176
ACCAGTCAGACATCCCCACG_002,102
ACCAGTCAGACATCCCCACG_003,118
ACCAGTCAGACATCCCCACG_004,54
ACCAGTCAGACATCCCCACG_005,106
ACCAGTCAGACATCCCCACG_006,18
ACCAGTCAGACATCCCCACG_007,117
ACCAGTCAGACATCCCCACG_008,147
ACCAGTCAGACATCCCCACG_009,19
ACCAGTCAGACATCCCCACG_010,141
ACCAGTCAGACATCCCCACG_011,129
ACCAGTCAGACATCCCCACG_012,57
ACCAGTCAGACATCCCCACG_013,189
ACCAGTCAGACATCCCCACG_014,122
ACCAGTCAGACATCCCCACG_015,118
ACCAGTCAGACATCCCCACG_016,182
ACCAGTCAGACATCCCCACG_017,162
ACCAGTCAGACATCCCCACG_018,160
ACCAGTCAGACATCCCCACG_019,119
ACCAGTCAGACATCCCCACG_020,60
ACCAGTCAGACATCCCCACG_021,2
ACCTCGTCCGGAGCACTGTG_001,146
ACCTCGTCCGGAGCACTGTG_002,17
ACCTCGTCCGGAGCACTGTG_003,18
ACCTCGTCCGGAGCACTGTG_004,134
ACCTCGTCCGGAGCACTGTG_005,48
ACCTCGTCCGGAGCACTGTG_006,188
ACCTCGTCCGGAGCACTGTG_007,19
ACCTCGTCCGGAGCACTGTG_008,103
ACCTCGTCCGGAGCACTGTG_009,103
ACCTCGTCCGGAGCACTGTG_010,56
ACCTCGTCCGGAGCACTGTG_011,68
ACCTCGTCCGGAGCACTGTG_012,38
ACCTCGTCCGGAGCACTGTG_013,101
ACCTCGTCCGGAGCACTGTG_014,80
ACCTCGTCCGGAGCACTGTG_015,2
ACCTCGTCCGGAGCACTGTG_016,162
ACCTCGTCCGGAGCACTGTG_017,144
ACCTCGTCCGGAGCACTGTG_018,154
ACCTCGTCCGGAGCACTGTG_019,92
ACCTCGTCCGGAGCACTGTG_020,133
ACCTCGTCCGGAGCACTGTG_021,43
ACCTCGTCCGGAGCACTGTG_022,8
ACCTCGTCCGGAGCACTGTG_023,101
ACCTCGTCCGGAGCACTGTG_024,102
ACCTCGTCCGGAGCACTGTG_025,145
ACCTCGTCCGGAGCACTGTG_026,58
ACCTCGTCCGGAGCACTGTG_027,199
ACCTCGTCCGGAGCACTGTG_028,113
ACCTCGTCCGGAGCACTGTG_029,6
ACCTCGTCCGGAGCACTGTG_030,177
ACCTCGTCCGGAGCACTGTG_031,49
ACCTCGTCCGGAGCACTGTG_032,48
ACCTCGTCCGGAGCACTGTG_033,17
ACCTCGTCCGGAGCACTGTG_034,0
ACCTCGTCCGGAGCACTGTG_035,90
ACCTCGTCCGGAGCACTGTG_036,68
ACCTCGTCCGGAGCACTGTG_037,21
ACCTCGTCCGGAGCACTGTG_038,1
ACCTCGTCCGGAGCACTGTG_039,67
ACCTCGTCCGGAGCACTGTG_040,156
TGTCCCCATAGACGCTGAAG_001,94
TGTCCCCATAGACGCTGAAG_002,184
TGTCCCCATAGACGCTGAAG_003,166
TGTCCCCATAGACGCTGAAG_004,157
TGTCCCCATAGACGCTGAAG_005,120
TGTCCCCATAGACGCTGAAG_006,13
TGTCCCCATAGACGCTGAAG_007,115
TGTCCCCATAGACGCTGAAG_008,75
TGTCCCCATAGACGCTGAAG_009,145
TGTCCCCATAGACGCTGAAG_010,86
TGTCCCCATAGACGCTGAAG_011,60
TGTCCCCATAGACGCTGAAG_012,169
TGTCCCCATAGACGCTGAAG_013,163
TGTCCCCATAGACGCTGAAG_014,148
TGTCCCCATAGACGCTGAAG_015,149
TGTCCCCATAGACGCTGAAG_016,78
TGTCCCCATAGACGCTGAAG_017,31
TGTCCCCATAGACGCTGAAG_018,192
TGTCCCCATAGACGCTGAAG_019,1
TGTCCCCATAGACGCTGAAG_020,20
TGTCCCCATAGACGCTGAAG_021,174
TGTCCCCATAGACGCTGAAG_022,24
TGTCCCCATAGACGCTGAAG_023,169
TGTCCCCATAGACGCTGAAG_024,185
TGTCCCCATAGACGCTGAAG_025,95
TGTCCCCATAGACGCTGAAG_026,168
TGTCCCCATAGACGCTGAAG_027,68
TGTCCCCATAGACGCTGAAG_028,142
TGTCCCCATAGACGCTGAAG_029,48
GGACAACGTAGACTATATGT_001,83
GGATCTCAATCTCCGTGAGG_001,151
GGATCTCAATCTCCGTGAGG_002,159
GGATCTCAATCTCCGTGAGG_003,74
GGATCTCAATCTCCGTGAGG_004,188
GGATCTCAATCTCCGTGAGG_005,84
TAAAAGTGCGACATTCCCAT_001,34
TAAAAGTGCGACATTCCCAT_002,160
CAGGTAAGTGATCAGAGATG_001,182
CAGGTAAGTGATCAGAGATG_002,149
CAGGTAAGTGATCAGAGATG_003,2
CAGGTAAGTGATCAGAGATG_004,115
AACTAAGCGAGTCCATAAAG_001,49
AACTAAGCGAGTCCATAAAG_002,17
AACTAAGCGAGTCCATAAAG_003,44
AACTAAGCGAGTCCATAAAG_004,28
AACTAAGCGAGTCCATAAAG_005,178
AATGCCAGCACTTTCAGTCG_001,46
AATGCCAGCACTTTCAGTCG_002,137
CGCACGGGACGTGACAGTCA_001,112
CGCACGGGACGTGACAGTCA_002,38
CGCACGGGACGTGACAGTCA_003,94
CGCACGGGACGTGACAGTCA_004,160
CGCACGGGACGTGACAGTCA_005,184
ATGGCGCACATGACAACCAG_001,127
ATGGCGCACATGACAACCAG_002,114
ATGGCGCACATGACAACCAG_003,189
ATGGCGCACATGACAACCAG_004,118
ATGGCGCACATGACAACCAG_005,149
ATGGCGCACATGACAACCAG_006,173
ATGGCGCACATGACAACCAG_007,115
ATGGCGCACATGACAACCAG_008,25
ATGGCGCACATGACAACCAG_009,33
ATGGCGCACATGACAACCAG_010,50
ATGGCGCACATGACAACCAG_011,28
ATGGCGCACATGACAACCAG_012,103
ATGGCGCACATGACAACCAG_013,185
ATGGCGCACATGACAACCAG_014,119
ATGGCGCACATGACAACCAG_015,104
ATGGCGCACATGACAACCAG_016,124
ATGGCGCACATGACAACCAG_017,19
ATGGCGCACATGACAACCAG_018,162
ATGGCGCACATGACAACCAG_019,50
ATGGCGCACATGACAACCAG_020,188
ATGGCGCACATGACAACCAG_021,98
ATGGCGCACATGACAACCAG_022,82
ATGGCGCACATGACAACCAG_023,130
ATGGCGCACATGACAACCAG_024,95
GAAGGCGAGAGAATCATCAT_001,100
GAAGGCGAGAGAATCATCAT_002,150
GTTGCGGTTTCCTGTACCAA_001,188
GTTGCGGTTTCCTGTACCAA_002,70
GTTGCGGTTTCCTGTACCAA_003,119
GTTGCGGTTTCCTGTACCAA_004,191
GTTGCGGTTTCCTGTACCAA_005,196
GTTGCGGTTTCCTGTACCAA_006,134
GTTGCGGTTTCCTGTACCAA_007,166
GTTGCGGTTTCCTGTACCAA_008,108
GTTGCGGTTTCCTGTACCAA_009,137
GTTGCGGTTTCCTGTACCAA_010,191
CAGTAAACTTAATCTCTCGA_001,50
CAGTAAACTTAATCTCTCGA_002,156
CAGTAAACTTAATCTCTCGA_003,174
AGTAGTACAACACAGCAATG_001,28
AGTAGTACAACACAGCAATG_002,172
AGTAGTACAACACAGCAATG_003,45
AGTAGTACAACACAGCAATG_004,174
AGTAGTACAACACAGCAATG_005,150
AGTAGTACAACACAGCAATG_006,42
AGTAGTACAACACAGCAATG_007,170
AGTAGTACAACACAGCAATG_008,41
AGTAGTACAACACAGCAATG_009,141
AGTAGTACAACACAGCAATG_010,38
AGTAGTACAACACAGCAATG_011,144
AGTAGTACAACACAGCAATG_012,55
AGTAGTACAACACAGCAATG_013,13
AGTAGTACAACACAGCAATG_014,25
GTTTGACCTACGGACGCTGA_001,48
GTTTGACCTACGGACGCTGA_002,8
GTTTGACCTACGGACGCTGA_003,80
GTTTGACCTACGGACGCTGA_004,48
GTTTGACCTACGGACGCTGA_005,83
GTTTGACCTACGGACGCTGA_006,4
GTTTGACCTACGGACGCTGA_007,197
GTTTGACCTACGGACGCTGA_008,5
GTTTGACCTACGGACGCTGA_009,178
GTTTGACCTACGGACGCTGA_010,95
GTTTGACCTACGGACGCTGA_011,4
GTTTGACCTACGGACGCTGA_012,35
GTTTGACCTACGGACGCTGA_013,2
GTTTGACCTACGGACGCTGA_014,149
GTTTGACCTACGGACGCTGA_015,94
GTTTGACCTACGGACGCTGA_016,48
GTTTGACCTACGGACGCTGA_017,146
GTTTGACCTACGGACGCTGA_018,60
GTTTGACCTACGGACGCTGA_019,9
GTTTGACCTACGGACGCTGA_020,130
TGCTGACCCATACCGCCCAG_001,53
TGCTGACCCATACCGCCCAG_002,36
TGCTGACCCATACCGCCCAG_003,152
TGCTGACCCATACCGCCCAG_004,158
TGCTGACCCATACCGCCCAG_005,63
TGCTGACCCATACCGCCCAG_006,3
GTGGCAAAGGTGTAGTAGAG_001,82
GTGGCAAAGGTGTAGTAGAG_002,76
GGCGAACAGTCTGATTTATG_001,98
GGCGAACAGTCTGATTTATG_002,77
GGCGAACAGTCTGATTTATG_003,44
GGCGAACAGTCTGATTTATG_004,137
TGGTGACGATCTGTAGCACA_001,116
TGGTGACGATCTGTAGCACA_002,17
TGTCATCGCACTGTGCATAG_001,77
TGTCATCGCACTGTGCATAG_002,115
TGTCATCGCACTGTGCATAG_003,88
TGTCATCGCACTGTGCATAG_004,112
TGTCATCGCACTGTGCATAG_005,0
TATGACTTACGTGCAACTTT_001,102
TATGACTTACGTGCAACTTT_002,83
TATGACTTACGTGCAACTTT_003,58
TATGACTTACGTGCAACTTT_004,105
ATCACCGCGCTGTCCCACGG_001,16
ATCACCGCGCTGTCCCACGG_002,105
ATCACCGCGCTGTCCCACGG_003,152
ATCACCGCGCTGTCCCACGG_004,148
ATCACCGCGCTGTCCCACGG_005,167
ATCACCGCGCTGTCCCACGG_006,167
ATCACCGCGCTGTCCCACGG_007,127
ATCACCGCGCTGTCCCACGG_008,22
ATCACCGCGCTGTCCCACGG_009,144
ATCACCGCGCTGTCCCACGG_010,194
ATCACCGCGCTGTCCCACGG_011,102
ATCACCGCGCTGTCCCACGG_012,65
GGCACTCAAGCAAACCATGG_001,61
GGCACTCAAGCAAACCATGG_002,104
GGCACTCAAGCAAACCATGG_003,184
GGCACTCAAGCAAACCATGG_004,155
GGCACTCAAGCAAACCATGG_005,127
GGCACTCAAGCAAACCATGG_006,50
GGCACTCAAGCAAACCATGG_007,114
GGCACTCAAGCAAACCATGG_008,145
GGCACTCAAGCAAACCATGG_009,41
GGCACTCAAGCAAACCATGG_010,19
GGCACTCAAGCAAACCATGG_011,172
GGCACTCAAGCAAACCATGG_012,167
GGCACTCAAGCAAACCATGG_013,40
GGCCCATCCCCTACCAGCGA_001,98
GGCCCATCCCCTACCAGCGA_002,158
GGCCCATCCCCTACCAGCGA_003,141
GGCCCATCCCCTACCAGCGA_004,141
GGCCCATCCCCTACCAGCGA_005,124
GGCCCATCCCCTACCAGCGA_006,23
GGCCCATCCCCTACCAGCGA_007,78
GGAAATACCACCAGATGAAG_001,136
GGAAATACCACCAGATGAAG_002,49
GGAAATACCACCAGATGAAG_003,63
GGAAATACCACCAGATGAAG_004,62
AAAGATGTACAGCGTAACCA_001,51
AAAGATGTACAGCGTAACCA_002,42
AAAGATGTACAGCGTAACCA_003,61
AAAGATGTACAGCGTAACCA_004,95
AAAGATGTACAGCGTAACCA_005,40
AAAGATGTACAGCGTAACCA_006,182
AAAGATGTACAGCGTAACCA_007,164
AAAGATGTACAGCGTAACCA_008,164
AAAGATGTACAGCGTAACCA_009,176
AAAGATGTACAGCGTAACCA_010,144
AAAGATGTACAGCGTAACCA_011,169
AAAGATGTACAGCGTAACCA_012,38
AAAGATGTACAGCGTAACCA_013,52
GGTCGTTCAGGGAAACCCCA_001,160
GGTCGTTCAGGGAAACCCCA_002,102
GGTCGTTCAGGGAAACCCCA_003,60
GGTCGTTCAGGGAAACCCCA_004,145
GGTCGTTCAGGGAAACCCCA_005,56
GGTCGTTCAGGGAAACCCCA_006,115
GGTCGTTCAGGGAAACCCCA_007,98
GGTCGTTCAGGGAAACCCCA_008,27
GGTCGTTCAGGGAAACCCCA_009,98
GGTCGTTCAGGGAAACCCCA_010,199
GGTCGTTCAGGGAAACCCCA_011,63
GGTCGTTCAGGGAAACCCCA_012,97
GGTTTGAGACAGCACCAAGT_001,62
GGTTTGAGACAGCACCAAGT_002,116
GGTTTGAGACAGCACCAAGT_003,78
GGTTTGAGACAGCACCAAGT_004,80
GGTTTGAGACAGCACCAAGT_005,1
GGTTTGAGACAGCACCAAGT_006,142
GGTTTGAGACAGCACCAAGT_007,157
TGACCAGAGTGACCTTCTGT_001,24
TGACCAGAGTGACCTTCTGT_002,23
TGACCAGAGTGACCTTCTGT_003,189
TGACCAGAGTGACCTTCTGT_004,177
TGACCAGAGTGACCTTCTGT_005,174
TGACCAGAGTGACCTTCTGT_006,190
TGACCAGAGTGACCTTCTGT_007,169
TGACCAGAGTGACCTTCTGT_008,16
TGACCAGAGTGACCTTCTGT_009,57
TGACCAGAGTGACCTTCTGT_010,69
TGACCAGAGTGACCTTCTGT_011,130
TGACCAGAGTGACCTTCTGT_012,0
TGACCAGAGTGACCTTCTGT_013,178
TGACCAGAGTGACCTTCTGT_014,197
TGACCAGAGTGACCTTCTGT_015,166
TGACCAGAGTGACCTTCTGT_016,181
TGACCAGAGTGACCTTCTGT_017,127
TGACCAGAGTGACCTTCTGT_018,41
TGACCAGAGTGACCTTCTGT_019,166
TGACCAGAGTGACCTTCTGT_020,46
ACCAAACAGCGGAGCAAACG_001,175
ACCAAACAGCGGAGCAAACG_002,37
ACCAAACAGCGGAGCAAACG_003,103
ACCAAACAGCGGAGCAAACG_004,13
ACCAAACAGCGGAGCAAACG_005,162
ACCAAACAGCGGAGCAAACG_006,48
GGAGAGGTCTCGCCCCAGAG_001,115
GGAGAGGTCTCGCCCCAGAG_002,115
GGAGAGGTCTCGCCCCAGAG_003,142
GGAGAGGTCTCGCCCCAGAG_004,179
GGAGAGGTCTCGCCCCAGAG_005,23
GGAGAGGTCTCGCCCCAGAG_006,160
GGAGAGGTCTCGCCCCAGAG_007,198
GGAGAGGTCTCGCCCCAGAG_008,118
GGCACTCGATAAACCACTGT_001,152
GGCACTCGATAAACCACTGT_002,94
GGCACTCGATAAACCACTGT_003,8
GGCACTCGATAAACCACTGT_004,117
GGCACTCGATAAACCACTGT_005,9
GGCACTCGATAAACCACTGT_006,117
CCCTCGCCGAGCTATTGATG_001,114
CCCTCGCCGAGCTATTGATG_002,177
CCCTCGCCGAGCTATTGATG_003,198
CCCTCGCCGAGCTATTGATG_004,84
CCCTCGCCGAGCTATTGATG_005,9
CCCTCGCCGAGCTATTGATG_006,34
CCCTCGCCGAGCTATTGATG_007,147
CCCTCGCCGAGCTATTGATG_008,29
CCCTCGCCGAGCTATTGATG_009,103
CCCTCGCCGAGCTATTGATG_010,133
CCCTCGCCGAGCTATTGATG_011,78
CCCTCGCCGAGCTATTGATG_012,197
CCCTCGCCGAGCTATTGATG_013,158
CCCTCGCCGAGCTATTGATG_014,61
GCTATTAACTCCTGGCAAAG_001,77
GCTATTAACTCCTGGCAAAG_002,140
GCTATTAACTCCTGGCAAAG_003,106
GCTATTAACTCCTGGCAAAG_004,77
GCTATTAACTCCTGGCAAAG_005,50
GCTATTAACTCCTGGCAAAG_006,12
GCTATTAACTCCTGGCAAAG_007,130
GCTATTAACTCCTGGCAAAG_008,28
TTCCAACCAAGAGATGACAC_001,45
TTCCAACCAAGAGATGACAC_002,189
TTCCAACCAAGAGATGACAC_003,56
TTCCAACCAAGAGATGACAC_004,191
TTCCAACCAAGAGATGACAC_005,197
TTCCAACCAAGAGATGACAC_006,47
TTCCAACCAAGAGATGACAC_007,127
GGCTCACCTGAACACACTGC_001,50
GGCTCACCTGAACACACTGC_002,116
GGCTCACCTGAACACACTGC_003,48
CTTGTAGGACCTATAGAGGG_001,141
CTTGTAGGACCTATAGAGGG_002,72
CTTGTAGGACCTATAGAGGG_003,116
CTTGTAGGACCTATAGAGGG_004,50
CTTGTAGGACCTATAGAGGG_005,195
CTTGTAGGACCTATAGAGGG_006,86
CTTGTAGGACCTATAGAGGG_007,161
CCAGCCACACAAGAGATGTG_001,53
CCAGCCACACAAGAGATGTG_002,94
CCAGCCACACAAGAGATGTG_003,40
CCAGCCACACAAGAGATGTG_004,142
CCAGCCACACAAGAGATGTG_005,2
AGCCTCGAATCAGATGTCAA_001,15
AGCCTCGAATCAGATGTCAA_002,42
AGCCTCGAATCAGATGTCAA_003,177
AGCCTCGAATCAGATGTCAA_004,35
AGCCTCGAATCAGATGTCAA_005,93
AGCCTCGAATCAGATGTCAA_006,91
AGCCTCGAATCAGATGTCAA_007,173
AGCCTCGAATCAGATGTCAA_008,160
AGCCTCGAATCAGATGTCAA_009,66
AGCCTCGAATCAGATGTCAA_010,147
AGCCTCGAATCAGATGTCAA_011,165
AGCCTCGAATCAGATGTCAA_012,197
GTTCTCCATCCTCATCACCG_001,12
GTTCTCCATCCTCATCACCG_002,178
GTTCTCCATCCTCATCACCG_003,108
GTTCTCCATCCTCATCACCG_004,141
GTTCTCCATCCTCATCACCG_005,124
GTTCTCCATCCTCATCACCG_006,58
GTTCTCCATCCTCATCACCG_007,96
GTTCTCCATCCTCATCACCG_008,44
GTTCTCCATCCTCATCACCG_009,91
GTTCTCCATCCTCATCACCG_010,57
GAGTTTCAAGCGCCGCTTCC_001,137
GAGTTTCAAGCGCCGCTTCC_002,177
GAGTTTCAAGCGCCGCTTCC_003,38
AGATGAATGCATAATCGTAG_001,76
AGATGAATGCATAATCGTAG_002,87
TCCAGGAAGCACGCTCCCAG_001,21
TCCAGGAAGCACGCTCCCAG_002,91
TCCAGGAAGCACGCTCCCAG_003,158
TCCAGGAAGCACGCTCCCAG_004,58
TCCAGGAAGCACGCTCCCAG_005,91
TCCAGGAAGCACGCTCCCAG_006,30
TCCAGGAAGCACGCTCCCAG_007,93
TCCAGGAAGCACGCTCCCAG_008,100
TCCAGGAAGCACGCTCCCAG_009,101
TCCAGGAAGCACGCTCCCAG_010,84
TCCAGGAAGCACGCTCCCAG_011,38
TCCAGGAAGCACGCTCCCAG_012,155
TCCAGGAAGCACGCTCCCAG_013,185
TCCAGGAAGCACGCTCCCAG_014,65
TCCAGGAAGCACGCTCCCAG_015,86
TCCAGGAAGCACGCTCCCAG_016,85
TCCAGGAAGCACGCTCCCAG_017,98
TCCAGGAAGCACGCTCCCAG_018,153
TCCAGGAAGCACGCTCCCAG_019,102
TCCAGGAAGCACGCTCCCAG_020,6
TCCAGGAAGCACGCTCCCAG_021,2
TCCAGGAAGCACGCTCCCAG_022,94
TCCAGGAAGCACGCTCCCAG_023,174
TCCAGGAAGCACGCTCCCAG_024,141
GGTGTCCTGGTCGATCTCGG_001,118
GGTGTCCTGGTCGATCTCGG_002,182
GGTGTCCTGGTCGATCTCGG_003,187
GGTGTCCTGGTCGATCTCGG_004,168
GGTGTCCTGGTCGATCTCGG_005,51
GGTGTCCTGGTCGATCTCGG_006,172
GGTGTCCTGGTCGATCTCGG_007,102
GGTGTCCTGGTCGATCTCGG_008,9
GGTGTCCTGGTCGATCTCGG_009,129
CAAGGTCGCAAAGTATGCGG_001,104
CAAGGTCGCAAAGTATGCGG_002,75
CAAGGTCGCAAAGTATGCGG_003,57
CCCGAATGTCATAGATAATG_001,48
CCCGAATGTCATAGATAATG_002,38
GTCAAAATACTGGCACGTAA_001,182
GTCAAAATACTGGCACGTAA_002,19
GTCAAAATACTGGCACGTAA_003,41
GTCAAAATACTGGCACGTAA_004,81
GTCAAAATACTGGCACGTAA_005,105
GTCAAAATACTGGCACGTAA_006,169
GTCAAAATACTGGCACGTAA_007,62
GTCAAAATACTGGCACGTAA_008,191
GTCAAAATACTGGCACGTAA_009,1
TCAAAGACTTCATCTCGAGG_001,162
TCAAAGACTTCATCTCGAGG_002,131
TTTGTGTTGTCAAAACACTG_001,130
TTTGTGTTGTCAAAACACTG_002,160
TTTGTGTTGTCAAAACACTG_003,82
TTTGTGTTGTCAAAACACTG_004,2
TTTGTGTTGTCAAAACACTG_005,184
TTTGTGTTGTCAAAACACTG_006,182
TTTGTGTTGTCAAAACACTG_007,68
TTTGTGTTGTCAAAACACTG_008,0
TTTGTGTTGTCAAAACACTG_009,184
TTTGTGTTGTCAAAACACTG_010,58
TTTGTGTTGTCAAAACACTG_011,145
TTTGTGTTGTCAAAACACTG_012,167
TTTGTGTTGTCAAAACACTG_013,9
TTTGTGTTGTCAAAACACTG_014,146
TTTGTGTTGTCAAAACACTG_015,102
TATGTGGAAAAGCAACGACA_001,48
TATGTGGAAAAGCAACGACA_002,1
TATGTGGAAAAGCAACGACA_003,185
TATGTGGAAAAGCAACGACA_004,169
TATGTGGAAAAGCAACGACA_005,188
TATGTGGAAAAGCAACGACA_006,112
TATGTGGAAAAGCAACGACA_007,120
CTCCGCTCGCTCACCCGGGG_001,184
CTCCGCTCGCTCACCCGGGG_002,81
CTCCGCTCGCTCACCCGGGG_003,45
CTCCGCTCGCTCACCCGGGG_004,178
CTCCGCTCGCTCACCCGGGG_005,65
CTCCGCTCGCTCACCCGGGG_006,169
CTCCGCTCGCTCACCCGGGG_007,121
CTCCGCTCGCTCACCCGGGG_008,68
CTCCGCTCGCTCACCCGGGG_009,75
CTCCGCTCGCTCACCCGGGG_010,148
CTCCGCTCGCTCACCCGGGG_011,69
CTCCGCTCGCTCACCCGGGG_012,70
CTCCGCTCGCTCACCCGGGG_013,191
CTCCGCTCGCTCACCCGGGG_014,72
CTCCGCTCGCTCACCCGGGG_015,124
CGTGAACTTTGACGACTACG_001,49
CGTGAACTTTGACGACTACG_002,97
CGTGAACTTTGACGACTACG_003,108
CGTGAACTTTGACGACTACG_004,93
AACCCACAAGAAATTCACCA_001,152
AACCCACAAGAAATTCACCA_002,15
AACCCACAAGAAATTCACCA_003,154
AACCCACAAGAAATTCACCA_004,106
AACCCACAAGAAATTCACCA_005,36
AACCCACAAGAAATTCACCA_006,6
AACCCACAAGAAATTCACCA_007,111
AACCCACAAGAAATTCACCA_008,26
AACCCACAAGAAATTCACCA_009,14
AACCCACAAGAAATTCACCA_010,1
AACCCACAAGAAATTCACCA_011,58
AACCCACAAGAAATTCACCA_012,87
AACCCACAAGAAATTCACCA_013,149
AGTACAACAGATGAAGGCTC_001,127
AGTACAACAGATGAAGGCTC_002,20
AGTACAACAGATGAAGGCTC_003,189
AGTACAACAGATGAAGGCTC_004,117
AGTACAACAGATGAAGGCTC_005,32
AGTACAACAGATGAAGGCTC_006,141
AGTACAACAGATGAAGGCTC_007,89
AGTACAACAGATGAAGGCTC_008,63
AGTACAACAGATGAAGGCTC_009,61
AGTACAACAGATGAAGGCTC_010,78
AGTACAACAGATGAAGGCTC_011,58
AGTACAACAGATGAAGGCTC_012,12
AGTACAACAGATGAAGGCTC_013,148
AGTACAACAGATGAAGGCTC_014,74
AGTACAACAGATGAAGGCTC_015,136
AGTACCTGGTCACAAAAGTA_001,147
AGTACCTGGTCACAAAAGTA_002,147
AGTACCTGGTCACAAAAGTA_003,50
AGTACCTGGTCACAAAAGTA_004,11
AGTACCTGGTCACAAAAGTA_005,176
AGTACCTGGTCACAAAAGTA_006,52
AGTACCTGGTCACAAAAGTA_007,128
AGTACCTGGTCACAAAAGTA_008,188
AGTACCTGGTCACAAAAGTA_009,88
AGTACCTGGTCACAAAAGTA_010,9
AGTACCTGGTCACAAAAGTA_011,58
AGTACCTGGTCACAAAAGTA_012,60
AGTACCTGGTCACAAAAGTA_013,77
AGTACCTGGTCACAAAAGTA_014,33
AGTACCTGGTCACAAAAGTA_015,50
AGTACCTGGTCACAAAAGTA_016,46
GCTCTGGGAAGGAACAGCCG_001,150
GCTCTGGGAAGGAACAGCCG_002,68
GCTCTGGGAAGGAACAGCCG_003,40
GCTCTGGGAAGGAACAGCCG_004,80
AGTGATACTTTCTCTGAACC_001,198
AGTGATACTTTCTCTGAACC_002,162
CCTGATCCGCCGCTTCACCG_001,39
CCTGATCCGCCGCTTCACCG_002,37
CCTGATCCGCCGCTTCACCG_003,169
CCTGATCCGCCGCTTCACCG_004,85
CCTGATCCGCCGCTTCACCG_005,69
CCTGATCCGCCGCTTCACCG_006,183
CCTGATCCGCCGCTTCACCG_007,27
CCTGATCCGCCGCTTCACCG_008,119
CCTGATCCGCCGCTTCACCG_009,14
CCTGATCCGCCGCTTCACCG_010,32
CCTGATCCGCCGCTTCACCG_011,2
CCTGATCCGCCGCTTCACCG_012,175
CCTGATCCGCCGCTTCACCG_013,64
CCTGATCCGCCGCTTCACCG_014,15
CCTGATCCGCCGCTTCACCG_015,17
CCTGATCCGCCGCTTCACCG_016,19
CCTGATCCGCCGCTTCACCG_017,155
CCTGATCCGCCGCTTCACCG_018,75
CCTGATCCGCCGCTTCACCG_019,158
CCTGATCCGCCGCTTCACCG_020,160
CCTGATCCGCCGCTTCACCG_021,82
CCTGATCCGCCGCTTCACCG_022,52
CCTGATCCGCCGCTTCACCG_023,171
CCTGATCCGCCGCTTCACCG_024,50
CCTGATCCGCCGCTTCACCG_025,70
CCTGATCCGCCGCTTCACCG_026,154
CCTGATCCGCCGCTTCACCG_027,184
CCTGATCCGCCGCTTCACCG_028,199
CCTGATCCGCCGCTTCACCG_029,182
CCTGATCCGCCGCTTCACCG_030,116
CCTGATCCGCCGCTTCACCG_031,94
CCTGATCCGCCGCTTCACCG_032,60
CCTGATCCGCCGCTTCACCG_033,81
CCTGATCCGCCGCTTCACCG_034,42
CCTGATCCGCCGCTTCACCG_035,158
CCTGATCCGCCGCTTCACCG_036,20
CCTGATCCGCCGCTTCACCG_037,198
CCTGATCCGCCGCTTCACCG_038,76
CCTGATCCGCCGCTTCACCG_039,17
CCTGATCCGCCGCTTCACCG_040,138
CCTGATCCGCCGCTTCACCG_041,175
CCTGATCCGCCGCTTCACCG_042,66
CCTGATCCGCCGCTTCACCG_043,161
CCTGATCCGCCGCTTCACCG_044,106
CCTGATCCGCCGCTTCACCG_045,142
CCTGATCCGCCGCTTCACCG_046,57
CCTGATCCGCCGCTTCACCG_047,57
CCTGATCCGCCGCTTCACCG_048,170
CCTGATCCGCCGCTTCACCG_049,40
CCTGATCCGCCGCTTCACCG_050,0
CCTGATCCGCCGCTTCACCG_051,31
TCTTACCCACAATATAGATG_001,115
TGAGCAGCATGTAGCGCCAG_001,154
TGAGCAGCATGTAGCGCCAG_002,154
TGAGCAGCATGTAGCGCCAG_003,21
TGAGCAGCATGTAGCGCCAG_004,159
TGAGCAGCATGTAGCGCCAG_005,141
TGAGCAGCATGTAGCGCCAG_006,40
TGAGCAGCATGTAGCGCCAG_007,142
TGAGCAGCATGTAGCGCCAG_008,0
TGAGCAGCATGTAGCGCCAG_009,49
TGAGCAGCATGTAGCGCCAG_010,116
TGAGCAGCATGTAGCGCCAG_011,75
TGAGCAGCATGTAGCGCCAG_012,92
TGAGCAGCATGTAGCGCCAG_013,1
TGAGCAGCATGTAGCGCCAG_014,127
TGAGCAGCATGTAGCGCCAG_015,17
TGAGCAGCATGTAGCGCCAG_016,46
TGAGCAGCATGTAGCGCCAG_017,168
AATGTAGCAAAGACATTGAG_001,12
AATGTAGCAAAGACATTGAG_002,145
AATGTAGCAAAGACATTGAG_003,169
AATGTAGCAAAGACATTGAG_004,30
AATGTAGCAAAGACATTGAG_005,177
CGTTACCAAAATCATTCCCG_001,11
CGTTACCAAAATCATTCCCG_002,76
CGTTACCAAAATCATTCCCG_003,42
CGTTACCAAAATCATTCCCG_004,169
CGTTACCAAAATCATTCCCG_005,182
CGTTACCAAAATCATTCCCG_006,34
TAAACGCCGATTCCTGCTCG_001,107
TAAACGCCGATTCCTGCTCG_002,63
TAAACGCCGATTCCTGCTCG_003,118
CTCTCGCTGAGACAGCCTGT_001,19
CTCTCGCTGAGACAGCCTGT_002,27
CTCTCGCTGAGACAGCCTGT_003,61
CTCTCGCTGAGACAGCCTGT_004,0
AACTATATTGAAGAACGTTC_001,102
AGCTGCCCTCAGCTGCACTG_001,8
AGCTGCCCTCAGCTGCACTG_002,158
AGCTGCCCTCAGCTGCACTG_003,8
AGCTGCCCTCAGCTGCACTG_004,137
AGCTGCCCTCAGCTGCACTG_005,60
AGCTGCCCTCAGCTGCACTG_006,188
AGCTGCCCTCAGCTGCACTG_007,55
AGCTGCCCTCAGCTGCACTG_008,130
AGCTGCCCTCAGCTGCACTG_009,15
AGCTGCCCTCAGCTGCACTG_010,111
AGCTGCCCTCAGCTGCACTG_011,157
AGCTGCCCTCAGCTGCACTG_012,141
AGCTGCCCTCAGCTGCACTG_013,13
AGCTGCCCTCAGCTGCACTG_014,177
AGCTGCCCTCAGCTGCACTG_015,11
AGCTGCCCTCAGCTGCACTG_016,72
AGCTGCCCTCAGCTGCACTG_017,36
AGCTGCCCTCAGCTGCACTG_018,81
AGCTGCCCTCAGCTGCACTG_019,115
AGCTGCCCTCAGCTGCACTG_020,150
AGCTGCCCTCAGCTGCACTG_021,150
AGCTGCCCTCAGCTGCACTG_022,191
AGCTGCCCTCAGCTGCACTG_023,81
AGCTGCCCTCAGCTGCACTG_024,134
AGCTGCCCTCAGCTGCACTG_025,2
AGCTGCCCTCAGCTGCACTG_026,15
AGCTGCCCTCAGCTGCACTG_027,135
AGCTGCCCTCAGCTGCACTG_028,135
AGCTGCCCTCAGCTGCACTG_029,35
AGCTGCCCTCAGCTGCACTG_030,1
AGCTGCCCTCAGCTGCACTG_031,77
AGCTGCCCTCAGCTGCACTG_032,111
AGCTGCCCTCAGCTGCACTG_033,34
AGCTGCCCTCAGCTGCACTG_034,28
AGCTGCCCTCAGCTGCACTG_035,111
AGCTGCCCTCAGCTGCACTG_036,175
TCCCAAACCACTGTCGACAG_001,176
TCCCAAACCACTGTCGACAG_002,148
TCCCAAACCACTGTCGACAG_003,122
TCCCAAACCACTGTCGACAG_004,39
TCCCAAACCACTGTCGACAG_005,19
TCGTCATGGCCGACTCTGAG_001,74
TCGTCATGGCCGACTCTGAG_002,116
TCGTCATGGCCGACTCTGAG_003,50
TCGTCATGGCCGACTCTGAG_004,149
TCGTCATGGCCGACTCTGAG_005,147
TCGTCATGGCCGACTCTGAG_006,121
TCGTCATGGCCGACTCTGAG_007,19
TCGTCATGGCCGACTCTGAG_008,88
TCGTCATGGCCGACTCTGAG_009,16
TCGTCATGGCCGACTCTGAG_010,15
TCGTCATGGCCGACTCTGAG_011,82
TCGTCATGGCCGACTCTGAG_012,115
TCGTCATGGCCGACTCTGAG_013,70
TCGTCATGGCCGACTCTGAG_014,105
TCGTCATGGCCGACTCTGAG_015,29
TCGTCATGGCCGACTCTGAG_016,65
TCGTCATGGCCGACTCTGAG_017,42
TCGTCATGGCCGACTCTGAG_018,196
TCGTCATGGCCGACTCTGAG_019,169
TCGTCATGGCCGACTCTGAG_020,188
TCGTCATGGCCGACTCTGAG_021,142
AAGACGTCATTACTCTACGG_001,83
AAGACGTCATTACTCTACGG_002,198
AAGTTATTGACATCGCAGTG_001,6
AAGTTATTGACATCGCAGTG_002,31
AAGTTATTGACATCGCAGTG_003,91
AAGTTATTGACATCGCAGTG_004,14
AAGTTATTGACATCGCAGTG_005,81
AAGTTATTGACATCGCAGTG_006,170
AAGTTATTGACATCGCAGTG_007,194
AAGTTATTGACATCGCAGTG_008,107
AAGTTATTGACATCGCAGTG_009,193
AAGTTATTGACATCGCAGTG_010,41
AAGTTATTGACATCGCAGTG_011,82
AAGTTATTGACATCGCAGTG_012,50
AAGTTATTGACATCGCAGTG_013,156
AAGTTATTGACATCGCAGTG_014,160
AAGTTATTGACATCGCAGTG_015,191
ATAAAGATACAACTCATATG_001,70
ATAAAGATACAACTCATATG_002,160
ATAAAGATACAACTCATATG_003,120
ATAAAGATACAACTCATATG_004,162
ATAAAGATACAACTCATATG_005,135
ATAAAGATACAACTCATATG_006,16
GAAGTGCTCAGAGAGGTGGA_001,31
GAAGTGCTCAGAGAGGTGGA_002,56
GAAGTGCTCAGAGAGGTGGA_003,188
GAAGTGCTCAGAGAGGTGGA_004,173
GAAGTGCTCAGAGAGGTGGA_005,42
GAAGTGCTCAGAGAGGTGGA_006,48
GAAGTGCTCAGAGAGGTGGA_007,113
GAAGTGCTCAGAGAGGTGGA_008,33
GAAGTGCTCAGAGAGGTGGA_009,197
GAAGTGCTCAGAGAGGTGGA_010,181
GAAGTGCTCAGAGAGGTGGA_011,113
GAAGTGCTCAGAGAGGTGGA_012,126
GAAGTGCTCAGAGAGGTGGA_013,130
GAAGTGCTCAGAGAGGTGGA_014,131
GAAGTGCTCAGAGAGGTGGA_015,121
GAAGTGCTCAGAGAGGTGGA_016,175
GAAGTGCTCAGAGAGGTGGA_017,173
GAAGTGCTCAGAGAGGTGGA_018,166
GAAGTGCTCAGAGAGGTGGA_019,124
GTGGTACATGGCTGGCAGAG_001,41
GTGGTACATGGCTGGCAGAG_002,69
GTGGTACATGGCTGGCAGAG_003,134
GTGGTACATGGCTGGCAGAG_004,42
GTGGTACATGGCTGGCAGAG_005,48
GTGGTACATGGCTGGCAGAG_006,12
GTGGTACATGGCTGGCAGAG_007,147
GTGGTACATGGCTGGCAGAG_008,24
GTGGTACATGGCTGGCAGAG_009,94
GTGGTACATGGCTGGCAGAG_010,114
GTGGTACATGGCTGGCAGAG_011,147
GTGGTACATGGCTGGCAGAG_012,46
GTGGTACATGGCTGGCAGAG_013,173
GTGGTACATGGCTGGCAGAG_014,104
GTGGTACATGGCTGGCAGAG_015,182
GTGGTACATGGCTGGCAGAG_016,117
GCTGCAGGAATCACGCACAC_001,176
GCTGCAGGAATCACGCACAC_002,83
GCTGCAGGAATCACGCACAC_003,82
GCTGCAGGAATCACGCACAC_004,88
GCTGCAGGAATCACGCACAC_005,185
GCTGCAGGAATCACGCACAC_006,70
GCTGCAGGAATCACGCACAC_007,132
GCTGCAGGAATCACGCACAC_008,124
GCATGGTCCACAGAATCCAA_001,77
GCATGGTCCACAGAATCCAA_002,184
GCATGGTCCACAGAATCCAA_003,149
GCATGGTCCACAGAATCCAA_004,30
GCATGGTCCACAGAATCCAA_005,55
GCATGGTCCACAGAATCCAA_006,126
GCATGGTCCACAGAATCCAA_007,13
GCATGGTCCACAGAATCCAA_008,74
GCATGGTCCACAGAATCCAA_009,56
GCATGGTCCACAGAATCCAA_010,78
GGGCCCGGGATACCAGCGCG_001,10
GGGCCCGGGATACCAGCGCG_002,33
GGGCCCGGGATACCAGCGCG_003,78
GGGCCCGGGATACCAGCGCG_004,181
GGGCCCGGGATACCAGCGCG_005,169
GGGCCCGGGATACCAGCGCG_006,162
GGGCCCGGGATACCAGCGCG_007,121
GGGCCCGGGATACCAGCGCG_008,83
GGGCCCGGGATACCAGCGCG_009,114
GGGCCCGGGATACCAGCGCG_010,114
GGGCCCGGGATACCAGCGCG_011,39
GGGCCCGGGATACCAGCGCG_012,97
GGGCCCGGGATACCAGCGCG_013,153
GGGCCCGGGATACCAGCGCG_014,41
GGGCCCGGGATACCAGCGCG_015,9
GGGCCCGGGATACCAGCGCG_016,162
GGGCCCGGGATACCAGCGCG_017,81
GGGCCCGGGATACCAGCGCG_018,158
GGGCCCGGGATACCAGCGCG_019,151
GGGCCCGGGATACCAGCGCG_020,94
GGGCCCGGGATACCAGCGCG_021,130
GACTGAGCTGAATACATACG_001,45
GACTGAGCTGAATACATACG_002,170
GACTGAGCTGAATACATACG_003,146
GACTGAGCTGAATACATACG_004,54
GACTGAGCTGAATACATACG_005,1
GACTGAGCTGAATACATACG_006,175
GACTGAGCTGAATACATACG_007,142
GACTGAGCTGAATACATACG_008,141
GACTGAGCTGAATACATACG_009,37
GACTGAGCTGAATACATACG_010,141
GACTGAGCTGAATACATACG_011,129
GACTGAGCTGAATACATACG_012,13
GACTGAGCTGAATACATACG_013,69
GACTGAGCTGAATACATACG_014,153
GACTGAGCTGAATACATACG_015,15
GACTGAGCTGAATACATACG_016,160
GACTGAGCTGAATACATACG_017,56
GACTGAGCTGAATACATACG_018,107
CATACAGCACTGTCCCATCA_001,147
CATACAGCACTGTCCCATCA_002,147
CATACAGCACTGTCCCATCA_003,188
CATACAGCACTGTCCCATCA_004,112
CATACAGCACTGTCCCATCA_005,175
CATACAGCACTGTCCCATCA_006,158
CATACAGCACTGTCCCATCA_007,5
CATACAGCACTGTCCCATCA_008,78
AGCATGGACTAGCTGTGCAA_001,193
AGCATGGACTAGCTGTGCAA_002,119
AGCATGGACTAGCTGTGCAA_003,82
AGCATGGACTAGCTGTGCAA_004,189
AGCATGGACTAGCTGTGCAA_005,32
AGCATGGACTAGCTGTGCAA_006,146
AGCATGGACTAGCTGTGCAA_007,174
AGCATGGACTAGCTGTGCAA_008,99
AGCATGGACTAGCTGTGCAA_009,146
AGCATGGACTAGCTGTGCAA_010,41
AGCATGGACTAGCTGTGCAA_011,36
AGCATGGACTAGCTGTGCAA_012,6
AGCATGGACTAGCTGTGCAA_013,155
AGCATGGACTAGCTGTGCAA_014,158
AGCATGGACTAGCTGTGCAA_015,116
AGCATGGACTAGCTGTGCAA_016,158
AGCATGGACTAGCTGTGCAA_017,116
AGCATGGACTAGCTGTGCAA_018,102
AGCATGGACTAGCTGTGCAA_019,19
AGCATGGACTAGCTGTGCAA_020,84
AGCATGGACTAGCTGTGCAA_021,35
AGCATGGACTAGCTGTGCAA_022,142
AGCATGGACTAGCTGTGCAA_023,176
AGCATGGACTAGCTGTGCAA_024,9
AGCATGGACTAGCTGTGCAA_025,28
AGCATGGACTAGCTGTGCAA_026,33
AGCATGGACTAGCTGTGCAA_027,49
AGCATGGACTAGCTGTGCAA_028,71
GCACATACGGCATCTACTAA_001,32
GCACATACGGCATCTACTAA_002,109
GCACATACGGCATCTACTAA_003,15
GCACATACGGCATCTACTAA_004,94
GCACATACGGCATCTACTAA_005,138
GCACATACGGCATCTACTAA_006,169
GCACATACGGCATCTACTAA_007,158
GCACATACGGCATCTACTAA_008,3
GCACATACGGCATCTACTAA_009,165
GCACATACGGCATCTACTAA_010,89
GAAGTCATCAGATATCCTGG_001,37
GAAGTCATCAGATATCCTGG_002,23
GAAGTCATCAGATATCCTGG_003,36
GAAGTCATCAGATATCCTGG_004,147
GAAGTCATCAGATATCCTGG_005,158
GAAGTCATCAGATATCCTGG_006,177
GAAGTCATCAGATATCCTGG_007,17
GCAGGAATCTGGTCTAACCG_001,168
GCAGGAATCTGGTCTAACCG_002,178
GCAGGAATCTGGTCTAACCG_003,19
TTGTTATTGACTGCACCCAC_001,27
TTGTTATTGACTGCACCCAC_002,43
TTGTTATTGACTGCACCCAC_003,27
TTGTTATTGACTGCACCCAC_004,94
TTGTTATTGACTGCACCCAC_005,36
TCTGCGCGCGAACTAATTCG_001,1
TCTGCGCGCGAACTAATTCG_002,83
TCTGCGCGCGAACTAATTCG_003,137
TCTGCGCGCGAACTAATTCG_004,40
TCTGCGCGCGAACTAATTCG_005,172
TCTGCGCGCGAACTAATTCG_006,154
AGGCGGTACACAGACTCCGC_001,61
AGGCGGTACACAGACTCCGC_002,160
AGGCGGTACACAGACTCCGC_003,169
AGGCGGTACACAGACTCCGC_004,122
AGGCGGTACACAGACTCCGC_005,115
AGGCGGTACACAGACTCCGC_006,116
AGGCGGTACACAGACTCCGC_007,56
AGGCGGTACACAGACTCCGC_008,4
AGGCGGTACACAGACTCCGC_009,14
AGGCGGTACACAGACTCCGC_010,124
AGGCGGTACACAGACTCCGC_011,126
CGTGCAGGACGGGTTCCTTG_001,11
CGTGCAGGACGGGTTCCTTG_002,114
CGTGCAGGACGGGTTCCTTG_003,114
CGTGCAGGACGGGTTCCTTG_004,40
CGTGCAGGACGGGTTCCTTG_005,186
CGTGCAGGACGGGTTCCTTG_006,146
CGTGCAGGACGGGTTCCTTG_007,169
TGAGCGCGAAGGCGCGCACG_001,73
GTCTACAAGTCTGTACAGGC_001,35
GTCTACAAGTCTGTACAGGC_002,166
GTCTACAAGTCTGTACAGGC_003,178
GTCTACAAGTCTGTACAGGC_004,58
GTCTACAAGTCTGTACAGGC_005,162
GTCTACAAGTCTGTACAGGC_006,102
GTCTACAAGTCTGTACAGGC_007,56
GTTCTTTCACAGTCTACTCC_001,10
GTTCTTTCACAGTCTACTCC_002,29
GTTCTTTCACAGTCTACTCC_003,127
GTTCTTTCACAGTCTACTCC_004,40
GCGGGTGGGAACGACCTCCC_001,160
GCGGGTGGGAACGACCTCCC_002,11
GCGGGTGGGAACGACCTCCC_003,198
GCGGGTGGGAACGACCTCCC_004,170
GCGGGTGGGAACGACCTCCC_005,31
GCGGGTGGGAACGACCTCCC_006,94
GCGGGTGGGAACGACCTCCC_007,22
GCGGGTGGGAACGACCTCCC_008,88
GCGGGTGGGAACGACCTCCC_009,166
GCGGGTGGGAACGACCTCCC_010,57
GCGGGTGGGAACGACCTCCC_011,169
GCGGGTGGGAACGACCTCCC_012,182
GCGGGTGGGAACGACCTCCC_013,43
GCGGGTGGGAACGACCTCCC_014,170
GCGGGTGGGAACGACCTCCC_015,109
GCGGGTGGGAACGACCTCCC_016,199
GCGGGTGGGAACGACCTCCC_017,45
GCGGGTGGGAACGACCTCCC_018,134
TGGGCAGCCTGACTGCGGGG_001,169
TGGGCAGCCTGACTGCGGGG_002,184
TGGGCAGCCTGACTGCGGGG_003,67
TGGGCAGCCTGACTGCGGGG_004,181
TGGGCAGCCTGACTGCGGGG_005,51
TGGGCAGCCTGACTGCGGGG_006,119
GGTGCATGAGTTGAATGTCC_001,7
GGTGCATGAGTTGAATGTCC_002,178
GGTGCATGAGTTGAATGTCC_003,135
GGTGCATGAGTTGAATGTCC_004,94
GGTGCATGAGTTGAATGTCC_005,138
CCTCTGGGGCAGCAGCAGCG_001,149
CCTCTGGGGCAGCAGCAGCG_002,19
CCTCTGGGGCAGCAGCAGCG_003,53
CCTCTGGGGCAGCAGCAGCG_004,45
CCTCTGGGGCAGCAGCAGCG_005,129
CCTCTGGGGCAGCAGCAGCG_006,94
CCTCTGGGGCAGCAGCAGCG_007,198
CCTCTGGGGCAGCAGCAGCG_008,145
CCTCTGGGGCAGCAGCAGCG_009,12
CCTCTGGGGCAGCAGCAGCG_010,149
CCTCTGGGGCAGCAGCAGCG_011,7
CCTCTGGGGCAGCAGCAGCG_012,18
CCTCTGGGGCAGCAGCAGCG_013,138
CCTCTGGGGCAGCAGCAGCG_014,48
CCTCTGGGGCAGCAGCAGCG_015,137
CCTCTGGGGCAGCAGCAGCG_016,112
CCTCTGGGGCAGCAGCAGCG_017,69
CCTCTGGGGCAGCAGCAGCG_018,48
CCTCTGGGGCAGCAGCAGCG_019,178
CCTCTGGGGCAGCAGCAGCG_020,190
CCTCTGGGGCAGCAGCAGCG_021,177
CCTCTGGGGCAGCAGCAGCG_022,80
CCTCTGGGGCAGCAGCAGCG_023,198
CCTCTGGGGCAGCAGCAGCG_024,117
CCTCTGGGGCAGCAGCAGCG_025,138
CCTCTGGGGCAGCAGCAGCG_026,138
CCTCTGGGGCAGCAGCAGCG_027,191
CCTCTGGGGCAGCAGCAGCG_028,46
CCTCTGGGGCAGCAGCAGCG_029,152
CCTCTGGGGCAGCAGCAGCG_030,49
ACTCACGTGATGCAGAGAAC_001,138
ACTCACGTGATGCAGAGAAC_002,56
GCGCAGCTGCGGATCCAGAA_001,27
GCGCAGCTGCGGATCCAGAA_002,170
GCGCAGCTGCGGATCCAGAA_003,88
GCGCAGCTGCGGATCCAGAA_004,17
GCGCAGCTGCGGATCCAGAA_005,3
GCGCAGCTGCGGATCCAGAA_006,7
GCGCAGCTGCGGATCCAGAA_007,198
GCGCAGCTGCGGATCCAGAA_008,12
GCGCAGCTGCGGATCCAGAA_009,48
ACTCGCGGGGTGTATAGGCG_001,155
ACTCGCGGGGTGTATAGGCG_002,0
ACTCGCGGGGTGTATAGGCG_003,106
ACTCGCGGGGTGTATAGGCG_004,195
ACTCGCGGGGTGTATAGGCG_005,17
ACTCGCGGGGTGTATAGGCG_006,126
ACTCGCGGGGTGTATAGGCG_007,133
ACTCGCGGGGTGTATAGGCG_008,113
GCTGCTGCGAGATGCGACCG_001,164
GCTGCTGCGAGATGCGACCG_002,57
GCTGCTGCGAGATGCGACCG_003,6
GCTGCTGCGAGATGCGACCG_004,182
GCTGCTGCGAGATGCGACCG_005,117
GCTGCTGCGAGATGCGACCG_006,104
GCTGCTGCGAGATGCGACCG_007,58
GCTGCTGCGAGATGCGACCG_008,8
GCTGCTGCGAGATGCGACCG_009,121
GCTGCTGCGAGATGCGACCG_010,131
GCTGCTGCGAGATGCGACCG_011,101
GCTGCTGCGAGATGCGACCG_012,70
GCTGCTGCGAGATGCGACCG_013,177
GCTGCTGCGAGATGCGACCG_014,82
GCTGCTGCGAGATGCGACCG_015,88
GCTGCTGCGAGATGCGACCG_016,19
GCTGCTGCGAGATGCGACCG_017,148
GCTGCTGCGAGATGCGACCG_018,146
GCTGCTGCGAGATGCGACCG_019,61
GCTGCTGCGAGATGCGACCG_020,49
GCTGCTGCGAGATGCGACCG_021,98
GCTGCTGCGAGATGCGACCG_022,78
GCTGCTGCGAGATGCGACCG_023,162
TTACTCTTCTATGTTCCACC_001,193
TTACTCTTCTATGTTCCACC_002,141
TTACTCTTCTATGTTCCACC_003,141
TTACTCTTCTATGTTCCACC_004,190
TTACTCTTCTATGTTCCACC_005,63
TTACTCTTCTATGTTCCACC_006,192
TTACTCTTCTATGTTCCACC_007,51
ACAGTGTGTAACCACTCTCG_001,77
ATGCGTCACTGAGTTATGCT_001,59
ATGCGTCACTGAGTTATGCT_002,84
ATGCGTCACTGAGTTATGCT_003,68
CTGTAGGCTTTGAATACCAG_001,84
CTGTAGGCTTTGAATACCAG_002,9
CCTACTTATATCGAGTCCAG_001,171
CCTACTTATATCGAGTCCAG_002,5
CCTACTTATATCGAGTCCAG_003,105
CCTACTTATATCGAGTCCAG_004,105
CCTACTTATATCGAGTCCAG_005,113
CCTACTTATATCGAGTCCAG_006,106
CCTACTTATATCGAGTCCAG_007,94
CCTACTTATATCGAGTCCAG_008,56
CCTACTTATATCGAGTCCAG_009,199
CAGGTTTAGAACGAAAACGT_001,157
CAGGTTTAGAACGAAAACGT_002,107
CAGGTTTAGAACGAAAACGT_003,75
CAGGTTTAGAACGAAAACGT_004,161
CAGGTTTAGAACGAAAACGT_005,176
CAGGTTTAGAACGAAAACGT_006,130
GCAGCAGCAAGATAGGAACC_001,106
GCAGCAGCAAGATAGGAACC_002,15
GCAGCAGCAAGATAGGAACC_003,62
GCAGCAGCAAGATAGGAACC_004,72
GCAGCAGCAAGATAGGAACC_005,97
GGTTCCCAAGGACCTATATG_001,81
GGTTCCCAAGGACCTATATG_002,199
GGTTCCCAAGGACCTATATG_003,116
GGTTCCCAAGGACCTATATG_004,144
GGTTCCCAAGGACCTATATG_005,145
GCCACATAATCCCAAGTGAG_001,188
GCCACATAATCCCAAGTGAG_002,91
GCCACATAATCCCAAGTGAG_003,51
GGCAGTGAGAGACCATAACG_001,163
GGCAGTGAGAGACCATAACG_002,88
GGCAGTGAGAGACCATAACG_003,43
GGCAGTGAGAGACCATAACG_004,174
GGCAGTGAGAGACCATAACG_005,125
GGCAGTGAGAGACCATAACG_006,31
GGCAGTGAGAGACCATAACG_007,60
GGCAGTGAGAGACCATAACG_008,130
GGAAAAACTCACCGCCTCGT_001,178
GGAAAAACTCACCGCCTCGT_002,178
GGAAAAACTCACCGCCTCGT_003,19
GGAAAAACTCACCGCCTCGT_004,171
GGAAAAACTCACCGCCTCGT_005,126
GGAAAAACTCACCGCCTCGT_006,115
GGAAAAACTCACCGCCTCGT_007,44
GGAAAAACTCACCGCCTCGT_008,153
GGAAAAACTCACCGCCTCGT_009,148
AAGACTAAGTAGGACCATGT_001,63
AAGACTAAGTAGGACCATGT_002,138
AAGACTAAGTAGGACCATGT_003,156
TTCTGCTACCAGGAGGCTCA_001,109
TTCTGCTACCAGGAGGCTCA_002,107
TTCTGCTACCAGGAGGCTCA_003,93
TTCTGCTACCAGGAGGCTCA_004,168
TTCTGCTACCAGGAGGCTCA_005,105
TTCTGCTACCAGGAGGCTCA_006,175
TTCTGCTACCAGGAGGCTCA_007,174
TTCTGCTACCAGGAGGCTCA_008,41
TTACTGAGAAGCAACGCTTG_001,49
TTACTGAGAAGCAACGCTTG_002,64
TTACTGAGAAGCAACGCTTG_003,164
TTACTGAGAAGCAACGCTTG_004,164
TTACTGAGAAGCAACGCTTG_005,63
TTACTGAGAAGCAACGCTTG_006,169
TTACTGAGAAGCAACGCTTG_007,118
TTACTGAGAAGCAACGCTTG_008,148
TTACTGAGAAGCAACGCTTG_009,69
TTACTGAGAAGCAACGCTTG_010,43
TTACTGAGAAGCAACGCTTG_011,172
TTACTGAGAAGCAACGCTTG_012,125
TTACTGAGAAGCAACGCTTG_013,64
TTACTGAGAAGCAACGCTTG_014,146
TTACTGAGAAGCAACGCTTG_015,154
TTACTGAGAAGCAACGCTTG_016,188
TTACTGAGAAGCAACGCTTG_017,11
TTACTGAGAAGCAACGCTTG_018,65
TTACTGAGAAGCAACGCTTG_019,120
TTACTGAGAAGCAACGCTTG_020,184
TTACTGAGAAGCAACGCTTG_021,58
TTACTGAGAAGCAACGCTTG_022,28
TTACTGAGAAGCAACGCTTG_023,1
TTACTGAGAAGCAACGCTTG_024,169
TTACTGAGAAGCAACGCTTG_025,149
TTACTGAGAAGCAACGCTTG_026,188
TTACTGAGAAGCAACGCTTG_027,70
TTACTGAGAAGCAACGCTTG_028,58
TTACTGAGAAGCAACGCTTG_029,198
TTACTGAGAAGCAACGCTTG_030,151
TTACTGAGAAGCAACGCTTG_031,101
TTACTGAGAAGCAACGCTTG_032,118
CAAACCCAGAGTCAACACGG_001,147
CAAACCCAGAGTCAACACGG_002,163
CAAACCCAGAGTCAACACGG_003,147
CAAACCCAGAGTCAACACGG_004,6
CAAACCCAGAGTCAACACGG_005,172
CAAACCCAGAGTCAACACGG_006,191
CAAACCCAGAGTCAACACGG_007,189
CAAACCCAGAGTCAACACGG_008,42
CAAACCCAGAGTCAACACGG_009,146
CAAACCCAGAGTCAACACGG_010,199
CAAACCCAGAGTCAACACGG_011,41
CAAACCCAGAGTCAACACGG_012,130
CAAACCCAGAGTCAACACGG_013,192
CAAACCCAGAGTCAACACGG_014,199
CAAACCCAGAGTCAACACGG_015,158
CAAACCCAGAGTCAACACGG_016,40
CAAACCCAGAGTCAACACGG_017,73
CAAACCCAGAGTCAACACGG_018,54
CAAACCCAGAGTCAACACGG_019,94
CAAACCCAGAGTCAACACGG_020,74
CAAACCCAGAGTCAACACGG_021,197
CAAACCCAGAGTCAACACGG_022,194
CAAACCCAGAGTCAACACGG_023,48
CAAACCCAGAGTCAACACGG_024,165
CAAACCCAGAGTCAACACGG_025,81
CAAACCCAGAGTCAACACGG_026,191
CAAACCCAGAGTCAACACGG_027,70
CAAACCCAGAGTCAACACGG_028,102
CAAACCCAGAGTCAACACGG_029,8
CAAACCCAGAGTCAACACGG_030,127
CAAACCCAGAGTCAACACGG_031,46
CATTACAGCAGAAGTTCTGG_001,4
CATTACAGCAGAAGTTCTGG_002,13
CATTACAGCAGAAGTTCTGG_003,141
CATTACAGCAGAAGTTCTGG_004,121
CATTACAGCAGAAGTTCTGG_005,43
CATTACAGCAGAAGTTCTGG_006,50
CATTACAGCAGAAGTTCTGG_007,78
CATTACAGCAGAAGTTCTGG_008,169
CATTACAGCAGAAGTTCTGG_009,141
CATTACAGCAGAAGTTCTGG_010,33
GCCCCGCGCTAGCTCCAGCG_001,29
GCCCCGCGCTAGCTCCAGCG_002,176
GCCCCGCGCTAGCTCCAGCG_003,113
GCCCCGCGCTAGCTCCAGCG_004,132
GCCCCGCGCTAGCTCCAGCG_005,164
GCCCCGCGCTAGCTCCAGCG_006,164
GCCCCGCGCTAGCTCCAGCG_007,37
GCCCCGCGCTAGCTCCAGCG_008,160
GCCCCGCGCTAGCTCCAGCG_009,176
GCCCCGCGCTAGCTCCAGCG_010,130
GCCCCGCGCTAGCTCCAGCG_011,61
CACCATCGACAACCCCTACG_001,4
CACCATCGACAACCCCTACG_002,70
CACCATCGACAACCCCTACG_003,197
CACCATCGACAACCCCTACG_004,109
CACCATCGACAACCCCTACG_005,27
CACCATCGACAACCCCTACG_006,192
CACCATCGACAACCCCTACG_007,38
CACCATCGACAACCCCTACG_008,33
CACCATCGACAACCCCTACG_009,44
CACCATCGACAACCCCTACG_010,160
CACCATCGACAACCCCTACG_011,162
CACCATCGACAACCCCTACG_012,121
AATAACCACAATGATAGGCA_001,10
AATAACCACAATGATAGGCA_002,133
AATAACCACAATGATAGGCA_003,39
AATAACCACAATGATAGGCA_004,142
AATAACCACAATGATAGGCA_005,183
AATAACCACAATGATAGGCA_006,157
GCTGATCACAGGCCTGTTCG_001,78
GCTGATCACAGGCCTGTTCG_002,182
GCTGATCACAGGCCTGTTCG_003,77
GCTGATCACAGGCCTGTTCG_004,82
GCTGATCACAGGCCTGTTCG_005,133
GCTGATCACAGGCCTGTTCG_006,63
TTATCGTTCAAAATTCAGCG_001,13
CTCGGGCCCACGTGTAGATG_001,19
CTCGGGCCCACGTGTAGATG_002,121
CTCGGGCCCACGTGTAGATG_003,111
CTCGGGCCCACGTGTAGATG_004,9
CTCGGGCCCACGTGTAGATG_005,128
CTCGGGCCCACGTGTAGATG_006,9
CTCGGGCCCACGTGTAGATG_007,88
CTCGGGCCCACGTGTAGATG_008,103
CTCGGGCCCACGTGTAGATG_009,16
CTCGGGCCCACGTGTAGATG_010,119
CTCGGGCCCACGTGTAGATG_011,111
CTCGGGCCCACGTGTAGATG_012,0
CTCGGGCCCACGTGTAGATG_013,103
CTCGGGCCCACGTGTAGATG_014,188
CTCGGGCCCACGTGTAGATG_015,56
CTCGGGCCCACGTGTAGATG_016,152
CTCGGGCCCACGTGTAGATG_017,80
CTCGGGCCCACGTGTAGATG_018,170
CTCGGGCCCACGTGTAGATG_019,70
CTCGGGCCCACGTGTAGATG_020,171
CGCAGGAAACCAATTGCTGG_001,73
CGCAGGAAACCAATTGCTGG_002,176
CGCAGGAAACCAATTGCTGG_003,49
GCTGGCCAGTATGACTAACA_001,137
GCTGGCCAGTATGACTAACA_002,148
GCTGGCCAGTATGACTAACA_003,21
GCTGGCCAGTATGACTAACA_004,84
GCTGGCCAGTATGACTAACA_005,115
GCTGGCCAGTATGACTAACA_006,12
AGATGTGTATGATATTTGCT_001,168
AATCTCTGCACAAAGTGTTG_001,95
AATCTCTGCACAAAGTGTTG_002,59
AATCTCTGCACAAAGTGTTG_003,83
AATCTCTGCACAAAGTGTTG_004,81
AATCTCTGCACAAAGTGTTG_005,22
AATCTCTGCACAAAGTGTTG_006,157
AATCTCTGCACAAAGTGTTG_007,19
AATCTCTGCACAAAGTGTTG_008,166
AATCTCTGCACAAAGTGTTG_009,11
AATCTCTGCACAAAGTGTTG_010,141
AACTCCTCGATGGTCATGAG_001,41
AACTCCTCGATGGTCATGAG_002,15
AACTCCTCGATGGTCATGAG_003,174
AACTCCTCGATGGTCATGAG_004,146
AACTCCTCGATGGTCATGAG_005,7
AACTCCTCGATGGTCATGAG_006,98
AACTCCTCGATGGTCATGAG_007,117
AACTCCTCGATGGTCATGAG_008,69
AACTCCTCGATGGTCATGAG_009,5
AACTCCTCGATGGTCATGAG_010,147
AACTCCTCGATGGTCATGAG_011,129
AACTCCTCGATGGTCATGAG_012,114
AACTCCTCGATGGTCATGAG_013,134
AACTCCTCGATGGTCATGAG_014,33
AACTCCTCGATGGTCATGAG_015,64
AACTCCTCGATGGTCATGAG_016,77
AACTCCTCGATGGTCATGAG_017,63
AACTCCTCGATGGTCATGAG_018,63
AACTCCTCGATGGTCATGAG_019,86
AACTCCTCGATGGTCATGAG_020,65
AACTCCTCGATGGTCATGAG_021,146
AACTCCTCGATGGTCATGAG_022,199
AACTCCTCGATGGTCATGAG_023,64
AACTCCTCGATGGTCATGAG_024,153
AACTCCTCGATGGTCATGAG_025,141
AACTCCTCGATGGTCATGAG_026,136
AACTCCTCGATGGTCATGAG_027,149
AACTCCTCGATGGTCATGAG_028,15
GCCTCTTTGGTGTTGATGGG_001,64
GCCTCTTTGGTGTTGATGGG_002,100
GCCTCTTTGGTGTTGATGGG_003,159
GCCTCTTTGGTGTTGATGGG_004,95
GCCTCTTTGGTGTTGATGGG_005,71
GCCTCTTTGGTGTTGATGGG_006,163
GCCTCTTTGGTGTTGATGGG_007,182
GCCTCTTTGGTGTTGATGGG_008,139
GCCTCTTTGGTGTTGATGGG_009,59
GCCTCTTTGGTGTTGATGGG_010,60
GCCTCTTTGGTGTTGATGGG_011,132
GCCTCTTTGGTGTTGATGGG_012,196
GCCTCTTTGGTGTTGATGGG_013,163
GCCTCTTTGGTGTTGATGGG_014,174
GCCTCTTTGGTGTTGATGGG_015,55
GCCTCTTTGGTGTTGATGGG_016,68
GCCTCTTTGGTGTTGATGGG_017,52
GACACGAGAAAGAATGACCC_001,80
GACACGAGAAAGAATGACCC_002,50
TGATCATGGGAAACTGGTCA_001,134
TGATCATGGGAAACTGGTCA_002,94
GAGCTTGGGAAGATCTGTGT_001,48
GAGCTTGGGAAGATCTGTGT_002,105
GAGCTTGGGAAGATCTGTGT_003,127
GAGCTTGGGAAGATCTGTGT_004,175
GAGCTTGGGAAGATCTGTGT_005,19
GAGCTTGGGAAGATCTGTGT_006,81
CCGGGCATCCTCTAACCATG_001,162
CCGGGCATCCTCTAACCATG_002,63
GTCAACACATTGCTGTACAG_001,72
GTCAACACATTGCTGTACAG_002,81
GTCAACACATTGCTGTACAG_003,149
GTCAACACATTGCTGTACAG_004,169
GTCAACACATTGCTGTACAG_005,101
GTCAACACATTGCTGTACAG_006,169
GTCAACACATTGCTGTACAG_007,115
GTCAACACATTGCTGTACAG_008,66
GATGAAACGGAAGATGCGCG_001,133
GATGAAACGGAAGATGCGCG_002,84
GATGAAACGGAAGATGCGCG_003,72
GATGAAACGGAAGATGCGCG_004,2
TGTAAAAAGTGTGTGACTCT_001,176
TGTAAAAAGTGTGTGACTCT_002,114
TGTAAAAAGTGTGTGACTCT_003,34
TGTAAAAAGTGTGTGACTCT_004,67
TGTAAAAAGTGTGTGACTCT_005,11
TGTAAAAAGTGTGTGACTCT_006,17
TGTAAAAAGTGTGTGACTCT_007,116
TGTAAAAAGTGTGTGACTCT_008,72
TGTAAAAAGTGTGTGACTCT_009,133
TGTAAAAAGTGTGTGACTCT_010,65
TGTAAAAAGTGTGTGACTCT_011,67
GAAGGCGGCTGAGGACTATG_001,172
GAAGGCGGCTGAGGACTATG_002,185
GAAGGCGGCTGAGGACTATG_003,102
GAAGGCGGCTGAGGACTATG_004,142
GAAGGCGGCTGAGGACTATG_005,125
GAAGGCGGCTGAGGACTATG_006,90
ATATTTGTTCCAATCCCACA_001,102
ATATTTGTTCCAATCCCACA_002,76
ATATTTGTTCCAATCCCACA_003,97
ATATTTGTTCCAATCCCACA_004,82
ATATTTGTTCCAATCCCACA_005,37
CGTCGGCGCCTTGCTCCGTG_001,35
CGTCGGCGCCTTGCTCCGTG_002,29
AATGGTCGCACCTTCAAAGT_001,72
AATGGTCGCACCTTCAAAGT_002,148
AATGGTCGCACCTTCAAAGT_003,33
AATGGTCGCACCTTCAAAGT_004,40
AATGGTCGCACCTTCAAAGT_005,177
AATGGTCGCACCTTCAAAGT_006,28
CTTGATGAATCTTTGGCTCG_001,41
CTTGATGAATCTTTGGCTCG_002,134
CTTGATGAATCTTTGGCTCG_003,16
CTTGATGAATCTTTGGCTCG_004,189
CTTGATGAATCTTTGGCTCG_005,28
GCTAGACTGCTGGTAGCATG_001,136
GCTAGACTGCTGGTAGCATG_002,1
GCTAGACTGCTGGTAGCATG_003,9
GCTAGACTGCTGGTAGCATG_004,168
GCTAGACTGCTGGTAGCATG_005,81
TCCAGAGTACCCCAGAAACA_001,94
TCCAGAGTACCCCAGAAACA_002,91
TCCAGAGTACCCCAGAAACA_003,105
TAGTCACAGCCATACGACCA_001,63
AGCACTAACCACCGGGTAGA_001,132
AGCACTAACCACCGGGTAGA_002,6
AGCACTAACCACCGGGTAGA_003,105
AGCACTAACCACCGGGTAGA_004,147
AGCACTAACCACCGGGTAGA_005,105
AGCACTAACCACCGGGTAGA_006,137
AGCACTAACCACCGGGTAGA_007,63
AGCACTAACCACCGGGTAGA_008,155
AGCACTAACCACCGGGTAGA_009,67
AGCACTAACCACCGGGTAGA_010,144
AGCACTAACCACCGGGTAGA_011,93
AGCACTAACCACCGGGTAGA_012,74
AGCACTAACCACCGGGTAGA_013,148
AGCACTAACCACCGGGTAGA_014,62
AGCACTAACCACCGGGTAGA_015,176
AGCACTAACCACCGGGTAGA_016,160
AGCACTAACCACCGGGTAGA_017,42
AGCACTAACCACCGGGTAGA_018,37
AGCACTAACCACCGGGTAGA_019,37
AGCACTAACCACCGGGTAGA_020,197
AGCACTAACCACCGGGTAGA_021,67
CATCTCGCACATCTTCGGAG_001,77
CATCTCGCACATCTTCGGAG_002,80
CATCTCGCACATCTTCGGAG_003,177
CATCTCGCACATCTTCGGAG_004,141
CATCTCGCACATCTTCGGAG_005,94
CATCTCGCACATCTTCGGAG_006,117
CATCTCGCACATCTTCGGAG_007,128
CATCTCGCACATCTTCGGAG_008,148
ACTGAACAGTGAAGGCCCCT_001,96
ACTGAACAGTGAAGGCCCCT_002,191
ACTGAACAGTGAAGGCCCCT_003,127
ACTGAACAGTGAAGGCCCCT_004,38
ACTGAACAGTGAAGGCCCCT_005,41
ACTGAACAGTGAAGGCCCCT_006,134
ACTGAACAGTGAAGGCCCCT_007,24
ACTGAACAGTGAAGGCCCCT_008,93
ACTGAACAGTGAAGGCCCCT_009,106
ACTGAACAGTGAAGGCCCCT_010,161
ACTGAACAGTGAAGGCCCCT_011,34
ACTGAACAGTGAAGGCCCCT_012,89
ACTGAACAGTGAAGGCCCCT_013,174
ACTGAACAGTGAAGGCCCCT_014,111
ACTGAACAGTGAAGGCCCCT_015,100
ACTGAACAGTGAAGGCCCCT_016,138
ACTGAACAGTGAAGGCCCCT_017,28
CCAAGTCAGAATGAGACACT_001,0
CCAAGTCAGAATGAGACACT_002,116
GTGTTCCTGGGGGAGCAAAG_001,58
GTGTTCCTGGGGGAGCAAAG_002,53
GTGTTCCTGGGGGAGCAAAG_003,181
GTGTTCCTGGGGGAGCAAAG_004,96
GTGTTCCTGGGGGAGCAAAG_005,108
GTGTTCCTGGGGGAGCAAAG_006,125
GTGTTCCTGGGGGAGCAAAG_007,162
GTGTTCCTGGGGGAGCAAAG_008,106
GTGTTCCTGGGGGAGCAAAG_009,181
GTGTTCCTGGGGGAGCAAAG_010,113
GTGTTCCTGGGGGAGCAAAG_011,23
GTGTTCCTGGGGGAGCAAAG_012,85
GTGTTCCTGGGGGAGCAAAG_013,195
GTGTTCCTGGGGGAGCAAAG_014,36
GTGTTCCTGGGGGAGCAAAG_015,115
GTGTTCCTGGGGGAGCAAAG_016,48
GTGTTCCTGGGGGAGCAAAG_017,51
GTGTTCCTGGGGGAGCAAAG_018,135
GTGTTCCTGGGGGAGCAAAG_019,129
GTGTTCCTGGGGGAGCAAAG_020,24
GTGTTCCTGGGGGAGCAAAG_021,150
GTGTTCCTGGGGGAGCAAAG_022,41
GTGTTCCTGGGGGAGCAAAG_023,33
GTGTTCCTGGGGGAGCAAAG_024,80
GTGTTCCTGGGGGAGCAAAG_025,108
GGTCATAGAACACATCATGG_001,102
GGTCATAGAACACATCATGG_002,127
CAATTGGGTGTACTTCCGGA_001,142
CAATTGGGTGTACTTCCGGA_002,176
CAATTGGGTGTACTTCCGGA_003,176
CAATTGGGTGTACTTCCGGA_004,169
CAATTGGGTGTACTTCCGGA_005,2
CAATTGGGTGTACTTCCGGA_006,126
CAATTGGGTGTACTTCCGGA_007,113
CAATTGGGTGTACTTCCGGA_008,144
CAATTGGGTGTACTTCCGGA_009,198
CAATTGGGTGTACTTCCGGA_010,147
TGCTCGCAGTAGATGCTCAG_001,118
TGCTCGCAGTAGATGCTCAG_002,7
TGCTCGCAGTAGATGCTCAG_003,103
TGCTCGCAGTAGATGCTCAG_004,101
TGCTCGCAGTAGATGCTCAG_005,3
TGCTCGCAGTAGATGCTCAG_006,170
TGCTCGCAGTAGATGCTCAG_007,142
TGCTCGCAGTAGATGCTCAG_008,61
TGCTCGCAGTAGATGCTCAG_009,70
TGCTCGCAGTAGATGCTCAG_010,108
TGCTCGCAGTAGATGCTCAG_011,168
TGCTCGCAGTAGATGCTCAG_012,27
TGCTCGCAGTAGATGCTCAG_013,0
TGCTCGCAGTAGATGCTCAG_014,173
TTATATGTGGTCAGTTGTAA_001,169
TTATATGTGGTCAGTTGTAA_002,55
GCAACCAAGATAATGCTAGT_001,115
GCAACCAAGATAATGCTAGT_002,162
GCAACCAAGATAATGCTAGT_003,162
GCAACCAAGATAATGCTAGT_004,41
GCAACCAAGATAATGCTAGT_005,40
AATGTATATCAAAACACACG_001,96
GGATACGACATCCTTGCCAG_001,166
GGATACGACATCCTTGCCAG_002,58
GGATACGACATCCTTGCCAG_003,91
GGATACGACATCCTTGCCAG_004,69
GGATACGACATCCTTGCCAG_005,117
GGATACGACATCCTTGCCAG_006,11
GGATACGACATCCTTGCCAG_007,113
GGATACGACATCCTTGCCAG_008,151
GGATACGACATCCTTGCCAG_009,176
GGATACGACATCCTTGCCAG_010,69
GGATACGACATCCTTGCCAG_011,75
GGCCGCATCCCCGAGCACGT_001,181
GGCCGCATCCCCGAGCACGT_002,88
GGCCGCATCCCCGAGCACGT_003,63
GGCCGCATCCCCGAGCACGT_004,112
GGCCGCATCCCCGAGCACGT_005,131
TAAGGCTGGTACTTACCCCT_001,81
TAAGGCTGGTACTTACCCCT_002,188
TAAGGCTGGTACTTACCCCT_003,56
TAAGGCTGGTACTTACCCCT_004,75
TGAGGGTCTCGTTCCATGTG_001,23
TGAGGGTCTCGTTCCATGTG_002,83
TGAGGGTCTCGTTCCATGTG_003,148
TGAGGGTCTCGTTCCATGTG_004,145
TGAGGGTCTCGTTCCATGTG_005,127
TGAGGGTCTCGTTCCATGTG_006,172
TGAGGGTCTCGTTCCATGTG_007,9
TGAGGGTCTCGTTCCATGTG_008,58
TGAGGGTCTCGTTCCATGTG_009,47
TGAGGGTCTCGTTCCATGTG_010,116
TGAGGGTCTCGTTCCATGTG_011,65
TGAGGGTCTCGTTCCATGTG_012,31
CAAACCTAACTACAACAGTG_001,72
CAAACCTAACTACAACAGTG_002,72
CAAACCTAACTACAACAGTG_003,62
CAAACCTAACTACAACAGTG_004,101
CAAACCTAACTACAACAGTG_005,194
CAAACCTAACTACAACAGTG_006,110
CAAACCTAACTACAACAGTG_007,40
CAAACCTAACTACAACAGTG_008,188
CAAACCTAACTACAACAGTG_009,142
CAAACCTAACTACAACAGTG_010,172
CAAACCTAACTACAACAGTG_011,49
CAAACCTAACTACAACAGTG_012,152
CAAACCTAACTACAACAGTG_013,146
GATTGCAGGTGAGTACCCCG_001,5
GATTGCAGGTGAGTACCCCG_002,130
GATTGCAGGTGAGTACCCCG_003,57
GATTGCAGGTGAGTACCCCG_004,11
GATTGCAGGTGAGTACCCCG_005,146
GATTGCAGGTGAGTACCCCG_006,76
GATTGCAGGTGAGTACCCCG_007,183
GATTGCAGGTGAGTACCCCG_008,87
GATTGCAGGTGAGTACCCCG_009,57
GGGTGGTGTTCATGTGCACA_001,83
GGGTGGTGTTCATGTGCACA_002,15
GGGTGGTGTTCATGTGCACA_003,139
GGGTGGTGTTCATGTGCACA_004,105
GGGTGGTGTTCATGTGCACA_005,118
GGGTGGTGTTCATGTGCACA_006,117
GGGTGGTGTTCATGTGCACA_007,147
GGGTGGTGTTCATGTGCACA_008,147
GGGTGGTGTTCATGTGCACA_009,184
GGGTGGTGTTCATGTGCACA_010,69
GGGTGGTGTTCATGTGCACA_011,94
CCACTGAAGGGAACGTCCAG_001,15
CCACTGAAGGGAACGTCCAG_002,198
CCACTGAAGGGAACGTCCAG_003,97
CCACTGAAGGGAACGTCCAG_004,72
CCACTGAAGGGAACGTCCAG_005,33
CCACTGAAGGGAACGTCCAG_006,69
CCACTGAAGGGAACGTCCAG_007,96
CCACTGAAGGGAACGTCCAG_008,0
CCACTGAAGGGAACGTCCAG_009,108
CCACTGAAGGGAACGTCCAG_010,171
CCACTGAAGGGAACGTCCAG_011,136
CCACTGAAGGGAACGTCCAG_012,74
GGCGGTTGTCTGCACCCAGG_001,53
GGCGGTTGTCTGCACCCAGG_002,100
GGCGGTTGTCTGCACCCAGG_003,2
GGCGGTTGTCTGCACCCAGG_004,48
GGCGGTTGTCTGCACCCAGG_005,2
GGCGGTTGTCTGCACCCAGG_006,124
GGCGGTTGTCTGCACCCAGG_007,43
TCCAAATATGAGATTCCATG_001,154
TCCAAATATGAGATTCCATG_002,141
GAGTGCCGAGGTGTACACCG_001,96
GAGTGCCGAGGTGTACACCG_002,118
GAGTGCCGAGGTGTACACCG_003,140
GAGTGCCGAGGTGTACACCG_004,178
GAGTGCCGAGGTGTACACCG_005,112
GAGTGCCGAGGTGTACACCG_006,192
GAGTGCCGAGGTGTACACCG_007,181
GAGTGCCGAGGTGTACACCG_008,148
GAGTGCCGAGGTGTACACCG_009,170
GAGTGCCGAGGTGTACACCG_010,157
GAGTGCCGAGGTGTACACCG_011,1
GAGTGCCGAGGTGTACACCG_012,63
GAGTGCCGAGGTGTACACCG_013,119
GAGTGCCGAGGTGTACACCG_014,48
GAGTGCCGAGGTGTACACCG_015,60
GAGTGCCGAGGTGTACACCG_016,16
GAGTGCCGAGGTGTACACCG_017,192
GAGTGCCGAGGTGTACACCG_018,107
GAGTGCCGAGGTGTACACCG_019,190
GAGTGCCGAGGTGTACACCG_020,91
GATACAATCTCATGGATACG_001,142
GATACAATCTCATGGATACG_002,35
GATACAATCTCATGGATACG_003,9
GATACAATCTCATGGATACG_004,188
GCTGGTCGAGGTCCACGCCG_001,63
GCTGGTCGAGGTCCACGCCG_002,12
GCTGGTCGAGGTCCACGCCG_003,190
GCTGGTCGAGGTCCACGCCG_004,156
GCTGGTCGAGGTCCACGCCG_005,16
GCTGGTCGAGGTCCACGCCG_006,128
CGCCCTTGTAGAGCAGACCG_001,131
CGCCCTTGTAGAGCAGACCG_002,114
CGCCCTTGTAGAGCAGACCG_003,169
CGCCCTTGTAGAGCAGACCG_004,172
CGCCCTTGTAGAGCAGACCG_005,190
CGCCCTTGTAGAGCAGACCG_006,145
CGCCCTTGTAGAGCAGACCG_007,98
CGCCCTTGTAGAGCAGACCG_008,160
CGCCCTTGTAGAGCAGACCG_009,169
CGCCCTTGTAGAGCAGACCG_010,19
CGCCCTTGTAGAGCAGACCG_011,199
CGCCCTTGTAGAGCAGACCG_012,48
CGCCCTTGTAGAGCAGACCG_013,68
CGCCCTTGTAGAGCAGACCG_014,107
CGCCCTTGTAGAGCAGACCG_015,135
CGCCCTTGTAGAGCAGACCG_016,148
CGCCCTTGTAGAGCAGACCG_017,162
CGCCCTTGTAGAGCAGACCG_018,38
CGCCCTTGTAGAGCAGACCG_019,149
CGCCCTTGTAGAGCAGACCG_020,94
CGCCCTTGTAGAGCAGACCG_021,100
CGCCCTTGTAGAGCAGACCG_022,46
CGCCCTTGTAGAGCAGACCG_023,139
CGCCCTTGTAGAGCAGACCG_024,9
CGCCCTTGTAGAGCAGACCG_025,40
CGCCCTTGTAGAGCAGACCG_026,26
CGCCCTTGTAGAGCAGACCG_027,165
CGCCCTTGTAGAGCAGACCG_028,106
GTTTGATACCAGAGAGCGAT_001,198
GTTTGATACCAGAGAGCGAT_002,70
GTTTGATACCAGAGAGCGAT_003,40
TTACGTAAATTGCGCCTAGT_001,162
TTACGTAAATTGCGCCTAGT_002,38
TTACGTAAATTGCGCCTAGT_003,184
TTACGTAAATTGCGCCTAGT_004,94
TTACGTAAATTGCGCCTAGT_005,166
AGAGGAGCTGTGCGATAACA_001,179
AGAGGAGCTGTGCGATAACA_002,154
AGAGGAGCTGTGCGATAACA_003,112
AGAGGAGCTGTGCGATAACA_004,56
AGAGGAGCTGTGCGATAACA_005,69
GGATACTCACGTCTACCACG_001,56
GGATACTCACGTCTACCACG_002,63
GGATACTCACGTCTACCACG_003,4
CAAACCTCTCTAAAACCAGG_001,158
CATCGAGTTTGCAAACACAG_001,169
CATCGAGTTTGCAAACACAG_002,72
CATCGAGTTTGCAAACACAG_003,51
CATCGAGTTTGCAAACACAG_004,76
CATCGAGTTTGCAAACACAG_005,140
CATCGAGTTTGCAAACACAG_006,66
CATCGAGTTTGCAAACACAG_007,3
GTCACCAGGCTACCCTCTCG_001,12
GTCACCAGGCTACCCTCTCG_002,3
GTCACCAGGCTACCCTCTCG_003,29
GTCACCAGGCTACCCTCTCG_004,97
GTCACCAGGCTACCCTCTCG_005,62
GTCACCAGGCTACCCTCTCG_006,127
GTCACCAGGCTACCCTCTCG_007,185
GTCACCAGGCTACCCTCTCG_008,189
GTCACCAGGCTACCCTCTCG_009,19
GTCACCAGGCTACCCTCTCG_010,85
GTCACCAGGCTACCCTCTCG_011,117
GTCACCAGGCTACCCTCTCG_012,28
GTCACCAGGCTACCCTCTCG_013,19
GTCACCAGGCTACCCTCTCG_014,69
AGATGGTCCTGATACCAAGA_001,141
AGATGGTCCTGATACCAAGA_002,150
AGATGGTCCTGATACCAAGA_003,24
AGATGGTCCTGATACCAAGA_004,120
AGATGGTCCTGATACCAAGA_005,112
AGATGGTCCTGATACCAAGA_006,187
AGATGGTCCTGATACCAAGA_007,158
AGATGGTCCTGATACCAAGA_008,57
AGATGGTCCTGATACCAAGA_009,178
AGATGGTCCTGATACCAAGA_010,137
AGATGGTCCTGATACCAAGA_011,172
AGATGGTCCTGATACCAAGA_012,50
AGATGGTCCTGATACCAAGA_013,16
GATCCAGATAAGGATGTGCA_001,152
GATCCAGATAAGGATGTGCA_002,38
GATCCAGATAAGGATGTGCA_003,154
GATCCAGATAAGGATGTGCA_004,52
GATCCAGATAAGGATGTGCA_005,22
GATCCAGATAAGGATGTGCA_006,188
GATCCAGATAAGGATGTGCA_007,10
TGTTTCCATCCTCCCACGGA_001,95
TGTTTCCATCCTCCCACGGA_002,14
TGTTTCCATCCTCCCACGGA_003,166
TGTTTCCATCCTCCCACGGA_004,169
TGTTTCCATCCTCCCACGGA_005,94
TGTTTCCATCCTCCCACGGA_006,147
TGTTTCCATCCTCCCACGGA_007,64
TGTTTCCATCCTCCCACGGA_008,162
TGTTTCCATCCTCCCACGGA_009,104
TGTTTCCATCCTCCCACGGA_010,39
TGTTTCCATCCTCCCACGGA_011,162
TGTTTCCATCCTCCCACGGA_012,77
ATTCCCGACTGATAAATGGT_001,82
ATTCCCGACTGATAAATGGT_002,188
ATTCCCGACTGATAAATGGT_003,144
ATTCCCGACTGATAAATGGT_004,84
ATTCCCGACTGATAAATGGT_005,153
ATTCCCGACTGATAAATGGT_006,115
ATTCCCGACTGATAAATGGT_007,96
ATTCCCGACTGATAAATGGT_008,165
ATTCCCGACTGATAAATGGT_009,155
ATTCCCGACTGATAAATGGT_010,40
ATTCCCGACTGATAAATGGT_011,113
ATTCCCGACTGATAAATGGT_012,158
ATTCCCGACTGATAAATGGT_013,77
ATTCCCGACTGATAAATGGT_014,35
ATTCCCGACTGATAAATGGT_015,57
CATTACAGAATACTCCTCGT_001,94
CATTACAGAATACTCCTCGT_002,8
CATTACAGAATACTCCTCGT_003,50
GAAGACCAAAGATGGATACG_001,43
GAAGACCAAAGATGGATACG_002,174
GAAGACCAAAGATGGATACG_003,148
GAAGACCAAAGATGGATACG_004,22
GAAGACCAAAGATGGATACG_005,63
GAAGACCAAAGATGGATACG_006,175
CTTGTGGACATTGAAAAGCC_001,121
CTTGTGGACATTGAAAAGCC_002,181
CTTGTGGACATTGAAAAGCC_003,41
CTTGTGGACATTGAAAAGCC_004,178
CTTGTGGACATTGAAAAGCC_005,144
CTTGTGGACATTGAAAAGCC_006,81
TCTGGAGAAAAACTGGATGT_001,17
TCTGGAGAAAAACTGGATGT_002,9
TCTGGAGAAAAACTGGATGT_003,98
TCTGGAGAAAAACTGGATGT_004,168
TCTGGAGAAAAACTGGATGT_005,43
TCTGGAGAAAAACTGGATGT_006,31
TCTGGAGAAAAACTGGATGT_007,142
TCTGGAGAAAAACTGGATGT_008,42
TCTGGAGAAAAACTGGATGT_009,3
GAGGAGCCGATGAGAAGCGT_001,29
GAGGAGCCGATGAGAAGCGT_002,42
GAGGAGCCGATGAGAAGCGT_003,127
GAGGAGCCGATGAGAAGCGT_004,48
GCATGATGCTCTGACAGTAA_001,8
GCATGATGCTCTGACAGTAA_002,8
GCATGATGCTCTGACAGTAA_003,83
GCATGATGCTCTGACAGTAA_004,107
GCATGATGCTCTGACAGTAA_005,55
AAAAGCGCAAAGGCGTTGAA_001,177
AAAAGCGCAAAGGCGTTGAA_002,88
AAAAGCGCAAAGGCGTTGAA_003,158
AAAAGCGCAAAGGCGTTGAA_004,141
AAAAGCGCAAAGGCGTTGAA_005,16
AAAAGCGCAAAGGCGTTGAA_006,49
AAAAGCGCAAAGGCGTTGAA_007,168
AAAAGCGCAAAGGCGTTGAA_008,196
AAAAGCGCAAAGGCGTTGAA_009,81
AAAAGCGCAAAGGCGTTGAA_010,5
AAAAGCGCAAAGGCGTTGAA_011,140
AAAAGCGCAAAGGCGTTGAA_012,76
AAAAGCGCAAAGGCGTTGAA_013,196
AAAAGCGCAAAGGCGTTGAA_014,36
AAAAGCGCAAAGGCGTTGAA_015,174
AAAAGCGCAAAGGCGTTGAA_016,60
AAAAGCGCAAAGGCGTTGAA_017,75
AAAAGCGCAAAGGCGTTGAA_018,123
AAAAGCGCAAAGGCGTTGAA_019,40
AAAAGCGCAAAGGCGTTGAA_020,120
AAAAGCGCAAAGGCGTTGAA_021,178
AAAAGCGCAAAGGCGTTGAA_022,191
AAAAGCGCAAAGGCGTTGAA_023,54
TCCGACCCACCGCGGTCGCG_001,56
TCCGACCCACCGCGGTCGCG_002,95
TCCGACCCACCGCGGTCGCG_003,82
TCCGACCCACCGCGGTCGCG_004,48
TCCGACCCACCGCGGTCGCG_005,150
TCCGACCCACCGCGGTCGCG_006,151
TCCGACCCACCGCGGTCGCG_007,51
TCCGACCCACCGCGGTCGCG_008,181
TCCGACCCACCGCGGTCGCG_009,83
TCCGACCCACCGCGGTCGCG_010,147
TCCGACCCACCGCGGTCGCG_011,121
TCCGACCCACCGCGGTCGCG_012,102
TCCGACCCACCGCGGTCGCG_013,193
TCCGACCCACCGCGGTCGCG_014,94
TCCGACCCACCGCGGTCGCG_015,176
TCCGACCCACCGCGGTCGCG_016,39
TCCGACCCACCGCGGTCGCG_017,179
TCCGACCCACCGCGGTCGCG_018,63
TCCGACCCACCGCGGTCGCG_019,130
TCCGACCCACCGCGGTCGCG_020,56
TCCGACCCACCGCGGTCGCG_021,177
CGGCCCGGCGGAATCAGCGA_001,77
CGGCCCGGCGGAATCAGCGA_002,63
CGGCCCGGCGGAATCAGCGA_003,4
CGGCCCGGCGGAATCAGCGA_004,1
CGGCCCGGCGGAATCAGCGA_005,176
CGGCCCGGCGGAATCAGCGA_006,112
CGGCCCGGCGGAATCAGCGA_007,119
CGGCCCGGCGGAATCAGCGA_008,78
CGGCCCGGCGGAATCAGCGA_009,15
CGGCCCGGCGGAATCAGCGA_010,176
CGGCCCGGCGGAATCAGCGA_011,178
CGGCCCGGCGGAATCAGCGA_012,36
CGGCCCGGCGGAATCAGCGA_013,12
CGGCCCGGCGGAATCAGCGA_014,174
AATGGCGAGACTACCACCCA_001,24
AATGGCGAGACTACCACCCA_002,5
AATGGCGAGACTACCACCCA_003,136
AATGGCGAGACTACCACCCA_004,118
AATGGCGAGACTACCACCCA_005,116
AATGGCGAGACTACCACCCA_006,31
AATGGCGAGACTACCACCCA_007,118
AATGGCGAGACTACCACCCA_008,124
AATGGCGAGACTACCACCCA_009,4
AATGGCGAGACTACCACCCA_010,92
AATGGCGAGACTACCACCCA_011,93
AATGGCGAGACTACCACCCA_012,64
AATGGCGAGACTACCACCCA_013,14
AATGGCGAGACTACCACCCA_014,3
AATGGCGAGACTACCACCCA_015,42
AATGGCGAGACTACCACCCA_016,100
AATGGCGAGACTACCACCCA_017,99
AATGGCGAGACTACCACCCA_018,131
AATGGCGAGACTACCACCCA_019,83
GTTTAGCAAGGGTTGAAGAA_001,65
GTTTAGCAAGGGTTGAAGAA_002,141
GTTTAGCAAGGGTTGAAGAA_003,73
GTTTAGCAAGGGTTGAAGAA_004,72
GTTTAGCAAGGGTTGAAGAA_005,82
GTTTAGCAAGGGTTGAAGAA_006,1
GTTTAGCAAGGGTTGAAGAA_007,19
GTTTAGCAAGGGTTGAAGAA_008,137
GTTTAGCAAGGGTTGAAGAA_009,103
GTTTAGCAAGGGTTGAAGAA_010,158
GTTTAGCAAGGGTTGAAGAA_011,127
GTTTAGCAAGGGTTGAAGAA_012,12
GTTTAGCAAGGGTTGAAGAA_013,12
GTTTAGCAAGGGTTGAAGAA_014,94
GTTTAGCAAGGGTTGAAGAA_015,104
GTTTAGCAAGGGTTGAAGAA_016,126
GTTTAGCAAGGGTTGAAGAA_017,147
GTTTAGCAAGGGTTGAAGAA_018,156
GTTTAGCAAGGGTTGAAGAA_019,196
GTTTAGCAAGGGTTGAAGAA_020,1
GCAGTTTGAAACCCACAGCA_001,21
GCAGTTTGAAACCCACAGCA_002,131
GCAGTTTGAAACCCACAGCA_003,70
GCAGTTTGAAACCCACAGCA_004,140
GCAGTTTGAAACCCACAGCA_005,50
GCAGTTTGAAACCCACAGCA_006,141
GCAGTTTGAAACCCACAGCA_007,121
GCAGTTTGAAACCCACAGCA_008,74
GCAGTTTGAAACCCACAGCA_009,190
GCAGTTTGAAACCCACAGCA_010,16
GCAGTTTGAAACCCACAGCA_011,172
GCAGTTTGAAACCCACAGCA_012,2
GCAGTTTGAAACCCACAGCA_013,17
GCAGTTTGAAACCCACAGCA_014,185
GCAGTTTGAAACCCACAGCA_015,160
GCAGTTTGAAACCCACAGCA_016,107
GCAGTTTGAAACCCACAGCA_017,149
GCAGTTTGAAACCCACAGCA_018,10
GAGGTCAGGGTTAAAGCTCG_001,36
GAGGTCAGGGTTAAAGCTCG_002,199
GAGGTCAGGGTTAAAGCTCG_003,149
GAGGTCAGGGTTAAAGCTCG_004,154
GAGGTCAGGGTTAAAGCTCG_005,38
GAGGTCAGGGTTAAAGCTCG_006,171
GAGGTCAGGGTTAAAGCTCG_007,50
AGACCCACTCACCTGCAGAC_001,98
AGACCCACTCACCTGCAGAC_002,133
AGACCCACTCACCTGCAGAC_003,55
AGACCCACTCACCTGCAGAC_004,146
AGACCCACTCACCTGCAGAC_005,149
AGACCCACTCACCTGCAGAC_006,188
AGACCCACTCACCTGCAGAC_007,43
AGACCCACTCACCTGCAGAC_008,176
AGACCCACTCACCTGCAGAC_009,62
AGACCCACTCACCTGCAGAC_010,191
AGACCCACTCACCTGCAGAC_011,127
AGACCCACTCACCTGCAGAC_012,48
AGACCCACTCACCTGCAGAC_013,27
AGACCCACTCACCTGCAGAC_014,92
AGACCCACTCACCTGCAGAC_015,12
AGACCCACTCACCTGCAGAC_016,49
AGACCCACTCACCTGCAGAC_017,161
TGATCCAGATACTTTAGCAC_001,82
TGATCCAGATACTTTAGCAC_002,147
TGATCCAGATACTTTAGCAC_003,1
TGATCCAGATACTTTAGCAC_004,184
TGATCCAGATACTTTAGCAC_005,87
AACTATAAAACTGAACCCGT_001,2
AACTATAAAACTGAACCCGT_002,149
AACTATAAAACTGAACCCGT_003,188
AACTATAAAACTGAACCCGT_004,129
AACTATAAAACTGAACCCGT_005,190
AACTATAAAACTGAACCCGT_006,76
AACTATAAAACTGAACCCGT_007,29
AACTATAAAACTGAACCCGT_008,8
AACTATAAAACTGAACCCGT_009,135
AACTATAAAACTGAACCCGT_010,63
AACTATAAAACTGAACCCGT_011,177
ATCACAAGATTCAGACTCCG_001,158
ATCACAAGATTCAGACTCCG_002,193
ATCACAAGATTCAGACTCCG_003,42
ATCACAAGATTCAGACTCCG_004,86
ATCACAAGATTCAGACTCCG_005,91
ATCACAAGATTCAGACTCCG_006,142
ATCACAAGATTCAGACTCCG_007,118
ATCACAAGATTCAGACTCCG_008,51
ATCACAAGATTCAGACTCCG_009,142
ATCACAAGATTCAGACTCCG_010,27
CGGCCACGCGTACCCCGCAG_001,152
CGGCCACGCGTACCCCGCAG_002,94
CGGCCACGCGTACCCCGCAG_003,74
CGGCCACGCGTACCCCGCAG_004,80
CGGCCACGCGTACCCCGCAG_005,38
CGGCCACGCGTACCCCGCAG_006,152
CGGCCACGCGTACCCCGCAG_007,158
CGGCCACGCGTACCCCGCAG_008,9
CGGCCACGCGTACCCCGCAG_009,24
CGGCCACGCGTACCCCGCAG_010,30
CGGCCACGCGTACCCCGCAG_011,84
CGGCCACGCGTACCCCGCAG_012,32
CGGCCACGCGTACCCCGCAG_013,76
ACCCGAAAACAACCCTCCTG_001,184
ACCCGAAAACAACCCTCCTG_002,47
ACCCGAAAACAACCCTCCTG_003,141
ACCCGAAAACAACCCTCCTG_004,135
ACCCGAAAACAACCCTCCTG_005,1
ACCCGAAAACAACCCTCCTG_006,77
ACCCGAAAACAACCCTCCTG_007,93
ACCCGAAAACAACCCTCCTG_008,55
ACCCGAAAACAACCCTCCTG_009,50
ACCCGAAAACAACCCTCCTG_010,49
GAGTCGGAGGACTTCCCCTA_001,9
GAGTCGGAGGACTTCCCCTA_002,69
GAGTCGGAGGACTTCCCCTA_003,78
GAGTCGGAGGACTTCCCCTA_004,109
GAGTCGGAGGACTTCCCCTA_005,109
GAGTCGGAGGACTTCCCCTA_006,108
GAGTCGGAGGACTTCCCCTA_007,115
GAGTCGGAGGACTTCCCCTA_008,197
GAGTCGGAGGACTTCCCCTA_009,5
GAGTCGGAGGACTTCCCCTA_010,46
GAGTCGGAGGACTTCCCCTA_011,144
GAGTCGGAGGACTTCCCCTA_012,100
GAGTCGGAGGACTTCCCCTA_013,107
GAGTCGGAGGACTTCCCCTA_014,1
GAGTCGGAGGACTTCCCCTA_015,41
GAGTCGGAGGACTTCCCCTA_016,6
GAGTCGGAGGACTTCCCCTA_017,80
GAGTCGGAGGACTTCCCCTA_018,152
TTTCTTGATAGATGGACTAG_001,41
TTTCTTGATAGATGGACTAG_002,70
TTTCTTGATAGATGGACTAG_003,103
TTTCTTGATAGATGGACTAG_004,99
TTTCTTGATAGATGGACTAG_005,123
TTTCTTGATAGATGGACTAG_006,76
TTTCTTGATAGATGGACTAG_007,149
TTTCTTGATAGATGGACTAG_008,183
AGATCGAAACCGCGCCCCGG_001,15
AGATCGAAACCGCGCCCCGG_002,5
AGATCGAAACCGCGCCCCGG_003,156
AGATCGAAACCGCGCCCCGG_004,81
AGATCGAAACCGCGCCCCGG_005,50
AGATCGAAACCGCGCCCCGG_006,147
AGATCGAAACCGCGCCCCGG_007,103
AGATCGAAACCGCGCCCCGG_008,196
AGATCGAAACCGCGCCCCGG_009,60
AGATCGAAACCGCGCCCCGG_010,175
AGATCGAAACCGCGCCCCGG_011,162
AGATCGAAACCGCGCCCCGG_012,109
AGATCGAAACCGCGCCCCGG_013,33
AGATCGAAACCGCGCCCCGG_014,118
AGATCGAAACCGCGCCCCGG_015,119
AGATCGAAACCGCGCCCCGG_016,20
AGATCGAAACCGCGCCCCGG_017,60
AGATCGAAACCGCGCCCCGG_018,48
AGATCGAAACCGCGCCCCGG_019,186
AGATCGAAACCGCGCCCCGG_020,53
AGATCGAAACCGCGCCCCGG_021,34
AGATCGAAACCGCGCCCCGG_022,161
AGATCGAAACCGCGCCCCGG_023,128
AGATCGAAACCGCGCCCCGG_024,169
AGATCGAAACCGCGCCCCGG_025,135
AGATCGAAACCGCGCCCCGG_026,96
AGATCGAAACCGCGCCCCGG_027,161
AGATCGAAACCGCGCCCCGG_028,157
AGATCGAAACCGCGCCCCGG_029,191
GCTGCGCTATCTCAACGACG_001,26
CAGTGGCTCCATTCACCGCG_001,9
CAGTGGCTCCATTCACCGCG_002,107
CAGTGGCTCCATTCACCGCG_003,41
GGAGCATCTTAGTCTGGCAC_001,32
GGAGCATCTTAGTCTGGCAC_002,73
GGAGCATCTTAGTCTGGCAC_003,121
GGAGCATCTTAGTCTGGCAC_004,134
GGAGCATCTTAGTCTGGCAC_005,52
GGGTCCCTATCAAGCACTTG_001,102
GGGTCCCTATCAAGCACTTG_002,28
GGGTCCCTATCAAGCACTTG_003,2
GGGTCCCTATCAAGCACTTG_004,114
GGGTCCCTATCAAGCACTTG_005,54
GGGTCCCTATCAAGCACTTG_006,7
GGGTCCCTATCAAGCACTTG_007,192
GGGTCCCTATCAAGCACTTG_008,6
GGGTCCCTATCAAGCACTTG_009,168
GGGTCCCTATCAAGCACTTG_010,61
AATGACCCCATATTTGAGCG_001,146
AATGACCCCATATTTGAGCG_002,115
AATGACCCCATATTTGAGCG_003,177
AATGACCCCATATTTGAGCG_004,12
AGGGTGTCCCAATGAAAGAG_001,118
AGGGTGTCCCAATGAAAGAG_002,185
AGGGTGTCCCAATGAAAGAG_003,42
AGGGTGTCCCAATGAAAGAG_004,17
AGGGTGTCCCAATGAAAGAG_005,50
AGGGTGTCCCAATGAAAGAG_006,16
AGGGTGTCCCAATGAAAGAG_007,1
AGGGTGTCCCAATGAAAGAG_008,82
AGGGTGTCCCAATGAAAGAG_009,41
AGGGTGTCCCAATGAAAGAG_010,2
AGGGTGTCCCAATGAAAGAG_011,88
AGGGTGTCCCAATGAAAGAG_012,28
AGGGTGTCCCAATGAAAGAG_013,103
AGGGTGTCCCAATGAAAGAG_014,60
AGGGTGTCCCAATGAAAGAG_015,76
CAGGAGCCGATATAGAACTA_001,127
CAGGAGCCGATATAGAACTA_002,9
CAGGAGCCGATATAGAACTA_003,3
TGTGGTCGTTGTGAGAGAGG_001,187
TGTGGTCGTTGTGAGAGAGG_002,43
TGTGGTCGTTGTGAGAGAGG_003,44
TGTGGTCGTTGTGAGAGAGG_004,87
CTGGGAAGAAACCCACCCAG_001,77
CTGGGAAGAAACCCACCCAG_002,193
CTGGGAAGAAACCCACCCAG_003,15
CTGGGAAGAAACCCACCCAG_004,169
CTGGGAAGAAACCCACCCAG_005,50
CTGGGAAGAAACCCACCCAG_006,63
CTGGGAAGAAACCCACCCAG_007,190
CTGGGAAGAAACCCACCCAG_008,185
CTGGGAAGAAACCCACCCAG_009,112
CTGGGAAGAAACCCACCCAG_010,44
CTGGGAAGAAACCCACCCAG_011,46
CTGGGAAGAAACCCACCCAG_012,105
CTGGGAAGAAACCCACCCAG_013,149
CTGGGAAGAAACCCACCCAG_014,175
CTGGGAAGAAACCCACCCAG_015,6
CTGGGAAGAAACCCACCCAG_016,47
CTGGGAAGAAACCCACCCAG_017,119
CTGGGAAGAAACCCACCCAG_018,195
CTGGGAAGAAACCCACCCAG_019,8
CTGGGAAGAAACCCACCCAG_020,39
CTGGGAAGAAACCCACCCAG_021,172
CTGGGAAGAAACCCACCCAG_022,69
CTGGGAAGAAACCCACCCAG_023,119
CTGGGAAGAAACCCACCCAG_024,19
TGGCCACTGTGTGATCACTG_001,78
TGGCCACTGTGTGATCACTG_002,168
CTCCGGAGTAACATGTTCCG_001,73
CTCCGGAGTAACATGTTCCG_002,184
CTCCGGAGTAACATGTTCCG_003,1
CTCCGGAGTAACATGTTCCG_004,173
CTCCGGAGTAACATGTTCCG_005,42
CTCCGGAGTAACATGTTCCG_006,118
CTCCGGAGTAACATGTTCCG_007,40
TGGCTGTGACACTGACACTG_001,58
TGGCTGTGACACTGACACTG_002,155
TGGCTGTGACACTGACACTG_003,189
TGGCTGTGACACTGACACTG_004,160
TGGCTGTGACACTGACACTG_005,149
TGGCTGTGACACTGACACTG_006,87
TGGCTGTGACACTGACACTG_007,149
TGGCTGTGACACTGACACTG_008,38
TGGCTGTGACACTGACACTG_009,104
AAAGGAATTAGCTAAAAACA_001,176
AGGACGCGCAACACCTGCCG_001,11
AGGACGCGCAACACCTGCCG_002,175
AGGACGCGCAACACCTGCCG_003,150
AGGACGCGCAACACCTGCCG_004,152
AGGACGCGCAACACCTGCCG_005,50
AGGACGCGCAACACCTGCCG_006,82
AGGACGCGCAACACCTGCCG_007,127
AGGACGCGCAACACCTGCCG_008,9
AGGACGCGCAACACCTGCCG_009,127
AGGACGCGCAACACCTGCCG_010,102
AGGACGCGCAACACCTGCCG_011,163
AGGACGCGCAACACCTGCCG_012,163
AGGACGCGCAACACCTGCCG_013,51
AGGACGCGCAACACCTGCCG_014,132
AGGACGCGCAACACCTGCCG_015,95
AGGACGCGCAACACCTGCCG_016,29
AGGACGCGCAACACCTGCCG_017,48
AGGACGCGCAACACCTGCCG_018,170
AGGACGCGCAACACCTGCCG_019,185
AGGACGCGCAACACCTGCCG_020,10
AGGACGCGCAACACCTGCCG_021,0
AGGACGCGCAACACCTGCCG_022,105
AGGACGCGCAACACCTGCCG_023,110
AGGACGCGCAACACCTGCCG_024,190
AGGACGCGCAACACCTGCCG_025,94
AGGACGCGCAACACCTGCCG_026,40
AGGACGCGCAACACCTGCCG_027,165
AGGACGCGCAACACCTGCCG_028,174
AGGACGCGCAACACCTGCCG_029,69
AGGACGCGCAACACCTGCCG_030,148
AGGACGCGCAACACCTGCCG_031,175
AGGACGCGCAACACCTGCCG_032,61
AGGACGCGCAACACCTGCCG_033,20
AGGACGCGCAACACCTGCCG_034,146
AGGACGCGCAACACCTGCCG_035,69
AGGACGCGCAACACCTGCCG_036,44
AGGACGCGCAACACCTGCCG_037,192
AGGACGCGCAACACCTGCCG_038,144
AGGACGCGCAACACCTGCCG_039,127
AGGACGCGCAACACCTGCCG_040,88
AGGACGCGCAACACCTGCCG_041,143
AGGACGCGCAACACCTGCCG_042,143
AGGACGCGCAACACCTGCCG_043,170
AGGACGCGCAACACCTGCCG_044,182
AGGACGCGCAACACCTGCCG_045,187
AGGACGCGCAACACCTGCCG_046,156
AGGACGCGCAACACCTGCCG_047,103
AGGACGCGCAACACCTGCCG_048,84
AGGACGCGCAACACCTGCCG_049,1
AGGACGCGCAACACCTGCCG_050,51
AGGACGCGCAACACCTGCCG_051,28
AGGACGCGCAACACCTGCCG_052,62
GAAAGTGGTCTAGCAAAGTG_001,102
GAAAGTGGTCTAGCAAAGTG_002,127
GAAAGTGGTCTAGCAAAGTG_003,144
GAAAGTGGTCTAGCAAAGTG_004,9
GAAAGTGGTCTAGCAAAGTG_005,184
GAAAGTGGTCTAGCAAAGTG_006,28
GGCCCCAACGAGTGTGCCTG_001,80
GGCCCCAACGAGTGTGCCTG_002,80
GGCCCCAACGAGTGTGCCTG_003,162
GGCCCCAACGAGTGTGCCTG_004,152
GGCCCCAACGAGTGTGCCTG_005,105
GGCCCCAACGAGTGTGCCTG_006,102
GGCCCCAACGAGTGTGCCTG_007,38
GGCCCCAACGAGTGTGCCTG_008,38
GGCCCCAACGAGTGTGCCTG_009,92
GGCCCCAACGAGTGTGCCTG_010,127
GGCCCCAACGAGTGTGCCTG_011,160
GGCCCCAACGAGTGTGCCTG_012,107
GGCCCCAACGAGTGTGCCTG_013,160
GGCCCCAACGAGTGTGCCTG_014,94
GGCCCCAACGAGTGTGCCTG_015,147
GGCCCCAACGAGTGTGCCTG_016,136
GGCCCCAACGAGTGTGCCTG_017,111
GGCCCCAACGAGTGTGCCTG_018,106
GGCCCCAACGAGTGTGCCTG_019,77
GGCCCCAACGAGTGTGCCTG_020,188
GGCCCCAACGAGTGTGCCTG_021,115
GGCCCCAACGAGTGTGCCTG_022,149
GGCCCCAACGAGTGTGCCTG_023,69
AACAGCTTACCTGTCACGAA_001,148
AACAGCTTACCTGTCACGAA_002,134
AACAGCTTACCTGTCACGAA_003,178
AACAGCTTACCTGTCACGAA_004,146
AACAGCTTACCTGTCACGAA_005,23
AACAGCTTACCTGTCACGAA_006,58
AACAGCTTACCTGTCACGAA_007,118
GGCTGCCGCCGGCTATGATG_001,177
GTGCGAGGAGAAGACGAGCG_001,73
GTGCGAGGAGAAGACGAGCG_002,175
GTGCGAGGAGAAGACGAGCG_003,163
GTGCGAGGAGAAGACGAGCG_004,82
GTGCGAGGAGAAGACGAGCG_005,13
GTGCGAGGAGAAGACGAGCG_006,115
GTGCGAGGAGAAGACGAGCG_007,48
GTGCGAGGAGAAGACGAGCG_008,77
GTGCGAGGAGAAGACGAGCG_009,1
GTGCGAGGAGAAGACGAGCG_010,117
GTGCGAGGAGAAGACGAGCG_011,192
GTGCGAGGAGAAGACGAGCG_012,188
GTGCGAGGAGAAGACGAGCG_013,37
GTGCGAGGAGAAGACGAGCG_014,64
GTGCGAGGAGAAGACGAGCG_015,115
GTGCGAGGAGAAGACGAGCG_016,70
GTGCGAGGAGAAGACGAGCG_017,107
CGAAGACTTTGTAAAACTGT_001,161
CGAAGACTTTGTAAAACTGT_002,47
TATACCTGTCAGCACCACGC_001,185
TATACCTGTCAGCACCACGC_002,140
TATACCTGTCAGCACCACGC_003,98
TATACCTGTCAGCACCACGC_004,78
TATACCTGTCAGCACCACGC_005,63
TATACCTGTCAGCACCACGC_006,135
AACTGTATGCAGCAGATCAG_001,164
AACTGTATGCAGCAGATCAG_002,32
AACTGTATGCAGCAGATCAG_003,162
AACTGTATGCAGCAGATCAG_004,168
AACTGTATGCAGCAGATCAG_005,98
AACTGTATGCAGCAGATCAG_006,79
AACTGTATGCAGCAGATCAG_007,52
AACTGTATGCAGCAGATCAG_008,98
AGAAGCGAAATACCAAGCAA_001,45
AGAAGCGAAATACCAAGCAA_002,167
AGAAGCGAAATACCAAGCAA_003,167
AGAAGCGAAATACCAAGCAA_004,15
AGAAGCGAAATACCAAGCAA_005,23
AGAAGCGAAATACCAAGCAA_006,198
AGAAGCGAAATACCAAGCAA_007,157
AGAAGCGAAATACCAAGCAA_008,1
AGAAGCGAAATACCAAGCAA_009,13
AGAAGCGAAATACCAAGCAA_010,183
AGAAGCGAAATACCAAGCAA_011,165
GGGCGAATGGCAGCCCATCG_001,9
GGGCGAATGGCAGCCCATCG_002,48
GGGCGAATGGCAGCCCATCG_003,193
GGGCGAATGGCAGCCCATCG_004,85
GGGCGAATGGCAGCCCATCG_005,54
GGGCGAATGGCAGCCCATCG_006,199
GGGCGAATGGCAGCCCATCG_007,48
GGGCGAATGGCAGCCCATCG_008,176
GGGCGAATGGCAGCCCATCG_009,94
GGGCGAATGGCAGCCCATCG_010,141
GGGCGAATGGCAGCCCATCG_011,58
GGGCGAATGGCAGCCCATCG_012,50
GGGCGAATGGCAGCCCATCG_013,141
GGGCGAATGGCAGCCCATCG_014,60
GGGCGAATGGCAGCCCATCG_015,101
GGGCGAATGGCAGCCCATCG_016,84
GGGCGAATGGCAGCCCATCG_017,158
GGGCGAATGGCAGCCCATCG_018,185
GGGCGAATGGCAGCCCATCG_019,56
GGGCGAATGGCAGCCCATCG_020,11
GGGCGAATGGCAGCCCATCG_021,41
GGGCGAATGGCAGCCCATCG_022,58
GGGCGAATGGCAGCCCATCG_023,62
GGGCGAATGGCAGCCCATCG_024,53
GGGCGAATGGCAGCCCATCG_025,190
GGGCGAATGGCAGCCCATCG_026,141
GGGCGAATGGCAGCCCATCG_027,0
GGGCGAATGGCAGCCCATCG_028,168
GGGCGAATGGCAGCCCATCG_029,60
GGGCGAATGGCAGCCCATCG_030,181
GGGCGAATGGCAGCCCATCG_031,80
GGGCGAATGGCAGCCCATCG_032,40
GGGCGAATGGCAGCCCATCG_033,160
TTGAATCTGCATCTCAGACT_001,190
TTGAATCTGCATCTCAGACT_002,140
TTGAATCTGCATCTCAGACT_003,70
TTGAATCTGCATCTCAGACT_004,29
TTGAATCTGCATCTCAGACT_005,176
TTGAATCTGCATCTCAGACT_006,176
GTAGTCAAAGTTCTGATCAG_001,65
GTAGTCAAAGTTCTGATCAG_002,25
GTAGTCAAAGTTCTGATCAG_003,38
GTAGTCAAAGTTCTGATCAG_004,62
GTAGTCAAAGTTCTGATCAG_005,10
GTAGTCAAAGTTCTGATCAG_006,154
GTAGTCAAAGTTCTGATCAG_007,149
GTAGTCAAAGTTCTGATCAG_008,172
GTAGTCAAAGTTCTGATCAG_009,178
GGAATACCGCCACATCCCGG_001,182
GGAATACCGCCACATCCCGG_002,36
GGAATACCGCCACATCCCGG_003,147
GGAATACCGCCACATCCCGG_004,158
GGAATACCGCCACATCCCGG_005,69
GGAATACCGCCACATCCCGG_006,12
GGAATACCGCCACATCCCGG_007,104
GGAATACCGCCACATCCCGG_008,133
GGAATACCGCCACATCCCGG_009,158
GGAATACCGCCACATCCCGG_010,103
GGAATACCGCCACATCCCGG_011,15
GGAATACCGCCACATCCCGG_012,67
GGAATACCGCCACATCCCGG_013,76
GGAATACCGCCACATCCCGG_014,145
GGAATACCGCCACATCCCGG_015,45
GGAATACCGCCACATCCCGG_016,19
GGAATACCGCCACATCCCGG_017,75
GGAATACCGCCACATCCCGG_018,116
GGAATACCGCCACATCCCGG_019,77
GGAATACCGCCACATCCCGG_020,169
GGAATACCGCCACATCCCGG_021,170
GGAATACCGCCACATCCCGG_022,16
GGAATACCGCCACATCCCGG_023,12
GGAATACCGCCACATCCCGG_024,141
GGAATACCGCCACATCCCGG_025,28
GGAATACCGCCACATCCCGG_026,2
GGAATACCGCCACATCCCGG_027,161
GGAATACCGCCACATCCCGG_028,13
GGAATACCGCCACATCCCGG_029,44
GGAATACCGCCACATCCCGG_030,130
GGAATACCGCCACATCCCGG_031,29
GGAATACCGCCACATCCCGG_032,119
GGAATACCGCCACATCCCGG_033,45
GGAATACCGCCACATCCCGG_034,193
GGAATACCGCCACATCCCGG_035,159
GGAATACCGCCACATCCCGG_036,85
GGAATACCGCCACATCCCGG_037,102
GGAATACCGCCACATCCCGG_038,29
GGAATACCGCCACATCCCGG_039,138
GGAATACCGCCACATCCCGG_040,164
GGAATACCGCCACATCCCGG_041,173
GGAATACCGCCACATCCCGG_042,67
GGAATACCGCCACATCCCGG_043,192
GGAATACCGCCACATCCCGG_044,138
GGAATACCGCCACATCCCGG_045,106
GGAATACCGCCACATCCCGG_046,75
GGAATACCGCCACATCCCGG_047,124
GGAATACCGCCACATCCCGG_048,52
GGAATACCGCCACATCCCGG_049,174
GGAATACCGCCACATCCCGG_050,114
GGAATACCGCCACATCCCGG_051,63
GGAATACCGCCACATCCCGG_052,112
GGAATACCGCCACATCCCGG_053,168
GGAATACCGCCACATCCCGG_054,168
GGAATACCGCCACATCCCGG_055,56
GGAATACCGCCACATCCCGG_056,85
GGAATACCGCCACATCCCGG_057,78
GGAATACCGCCACATCCCGG_058,184
GGAATACCGCCACATCCCGG_059,36
CAGGCCGCGGACAAAGTTTG_001,176
CAGGCCGCGGACAAAGTTTG_002,149
CAGGCCGCGGACAAAGTTTG_003,49
CAGGCCGCGGACAAAGTTTG_004,107
CAGGCCGCGGACAAAGTTTG_005,60
CAGGCCGCGGACAAAGTTTG_006,115
CAGGCCGCGGACAAAGTTTG_007,172
CAGGCCGCGGACAAAGTTTG_008,40
GGAGAAAAACCGTTTAAGTG_001,166
GGAGAAAAACCGTTTAAGTG_002,177
GGAGAAAAACCGTTTAAGTG_003,121
GGAGAAAAACCGTTTAAGTG_004,26
AATGAGCTTAACCTCCGCGT_001,62
AATGAGCTTAACCTCCGCGT_002,146
AATGAGCTTAACCTCCGCGT_003,146
AATGAGCTTAACCTCCGCGT_004,19
TCATGTGGAGAAGTCAGCGT_001,130
TCATGTGGAGAAGTCAGCGT_002,83
TCATGTGGAGAAGTCAGCGT_003,175
TCATGTGGAGAAGTCAGCGT_004,183
TCATGTGGAGAAGTCAGCGT_005,75
TCATGTGGAGAAGTCAGCGT_006,76
TCATGTGGAGAAGTCAGCGT_007,41
TCATGTGGAGAAGTCAGCGT_008,188
TCATGTGGAGAAGTCAGCGT_009,50
TCATGTGGAGAAGTCAGCGT_010,151
TCATGTGGAGAAGTCAGCGT_011,170
TCATGTGGAGAAGTCAGCGT_012,15
AGAATGCGAGGGAAAGCGAG_001,147
AGAATGCGAGGGAAAGCGAG_002,135
AGAATGCGAGGGAAAGCGAG_003,135
AGAATGCGAGGGAAAGCGAG_004,42
AGAATGCGAGGGAAAGCGAG_005,44
AGAATGCGAGGGAAAGCGAG_006,82
AGAATGCGAGGGAAAGCGAG_007,122
AGAATGCGAGGGAAAGCGAG_008,183
AGAATGCGAGGGAAAGCGAG_009,128
TGACTCCGAGGAATCCATGG_001,77
TGACTCCGAGGAATCCATGG_002,156
TGACTCCGAGGAATCCATGG_003,28
TGACTCCGAGGAATCCATGG_004,184
CGATGAAGAACTGTACAAGG_001,58
CGATGAAGAACTGTACAAGG_002,78
CGATGAAGAACTGTACAAGG_003,56
CGATGAAGAACTGTACAAGG_004,49
CCACAAGCACCTAGACCATG_001,48
CCACAAGCACCTAGACCATG_002,117
CCACAAGCACCTAGACCATG_003,42
CCACAAGCACCTAGACCATG_004,192
CCACAAGCACCTAGACCATG_005,9
CCACAAGCACCTAGACCATG_006,96
CCACAAGCACCTAGACCATG_007,129
CCACAAGCACCTAGACCATG_008,90
CCACAAGCACCTAGACCATG_009,50
CCACAAGCACCTAGACCATG_010,177
CCACAAGCACCTAGACCATG_011,137
CCACAAGCACCTAGACCATG_012,10
CCACAAGCACCTAGACCATG_013,28
CCACAAGCACCTAGACCATG_014,121
CCTGGTGCGAGAAATAGCTC_001,111
CCTGGTGCGAGAAATAGCTC_002,62
CCTGGTGCGAGAAATAGCTC_003,40
TTGCTGAAGTAATCGATCAG_001,6
TTGCTGAAGTAATCGATCAG_002,145
TTGCTGAAGTAATCGATCAG_003,188
TTGCTGAAGTAATCGATCAG_004,175
TTGCTGAAGTAATCGATCAG_005,28
TTGCTGAAGTAATCGATCAG_006,2
GGTAGCATCGACCCTAACCG_001,48
GGTAGCATCGACCCTAACCG_002,184
GGTAGCATCGACCCTAACCG_003,145
GGTAGCATCGACCCTAACCG_004,62
GGTAGCATCGACCCTAACCG_005,118
GGTAGCATCGACCCTAACCG_006,115
GGTAGCATCGACCCTAACCG_007,44
GGTAGCATCGACCCTAACCG_008,96
GGTAGCATCGACCCTAACCG_009,194
GGTAGCATCGACCCTAACCG_010,145
GGTAGCATCGACCCTAACCG_011,69
GGTAGCATCGACCCTAACCG_012,115
GGTAGCATCGACCCTAACCG_013,63
GGTAGCATCGACCCTAACCG_014,5
GGTAGCATCGACCCTAACCG_015,180
CTTCTGAGTATGTCTAAAGG_001,75
CTTCTGAGTATGTCTAAAGG_002,162
TTGGCGCAGTAGGACGCGGG_001,188
TTGGCGCAGTAGGACGCGGG_002,80
TTGGCGCAGTAGGACGCGGG_003,178
TTGGCGCAGTAGGACGCGGG_004,22
TTGGCGCAGTAGGACGCGGG_005,29
TTGGCGCAGTAGGACGCGGG_006,188
TTGGCGCAGTAGGACGCGGG_007,58
CCCACAGGAGGAGGAGAACG_001,57
CCCACAGGAGGAGGAGAACG_002,175
CCCACAGGAGGAGGAGAACG_003,166
CCCACAGGAGGAGGAGAACG_004,104
CCCACAGGAGGAGGAGAACG_005,38
CCCACAGGAGGAGGAGAACG_006,16
CCCACAGGAGGAGGAGAACG_007,76
CCCACAGGAGGAGGAGAACG_008,45
CCCACAGGAGGAGGAGAACG_009,76
CCCACAGGAGGAGGAGAACG_010,172
CCCACAGGAGGAGGAGAACG_011,101
TGCTTCCCGGATCATTGGTG_001,82
TGCTTCCCGGATCATTGGTG_002,149
TGCTTCCCGGATCATTGGTG_003,62
TGCTTCCCGGATCATTGGTG_004,169
TGCTTCCCGGATCATTGGTG_005,145
TGCTTCCCGGATCATTGGTG_006,182
TGCTTCCCGGATCATTGGTG_007,11
TGCTTCCCGGATCATTGGTG_008,62
TGCTTCCCGGATCATTGGTG_009,88
TGCTTCCCGGATCATTGGTG_010,163
TGCTTCCCGGATCATTGGTG_011,27
TGCTTCCCGGATCATTGGTG_012,4
AGTGGGGGTTCGTATCACCC_001,160
AGTGGGGGTTCGTATCACCC_002,29
ATTGCCACACGGTGTACCAG_001,121
ATTGCCACACGGTGTACCAG_002,49
ATTGCCACACGGTGTACCAG_003,145
ATTGCCACACGGTGTACCAG_004,162
ATTGCCACACGGTGTACCAG_005,199
ATTGCCACACGGTGTACCAG_006,130
ATTGCCACACGGTGTACCAG_007,104
ATTGCCACACGGTGTACCAG_008,114
ATTGCCACACGGTGTACCAG_009,27
ATTGCCACACGGTGTACCAG_010,118
ATTGCCACACGGTGTACCAG_011,5
ATTGCCACACGGTGTACCAG_012,172
ATTGCCACACGGTGTACCAG_013,47
ATTGCCACACGGTGTACCAG_014,6
GCTAGTATGTTCAACACACC_001,162
GCTAGTATGTTCAACACACC_002,40
GCTAGTATGTTCAACACACC_003,30
GCTAGTATGTTCAACACACC_004,190
GCTAGTATGTTCAACACACC_005,56
GCTAGTATGTTCAACACACC_006,174
GCTAGTATGTTCAACACACC_007,158
GCTAGTATGTTCAACACACC_008,4
TACGTGTACCCGGACTACCG_001,51
TACGTGTACCCGGACTACCG_002,8
TACGTGTACCCGGACTACCG_003,134
TACGTGTACCCGGACTACCG_004,169
TACGTGTACCCGGACTACCG_005,57
TACGTGTACCCGGACTACCG_006,45
TACGTGTACCCGGACTACCG_007,50
TACGTGTACCCGGACTACCG_008,118
TACGTGTACCCGGACTACCG_009,93
TACGTGTACCCGGACTACCG_010,40
TACGTGTACCCGGACTACCG_011,156
TACGTGTACCCGGACTACCG_012,103
TACGTGTACCCGGACTACCG_013,48
TACGTGTACCCGGACTACCG_014,192
TACGTGTACCCGGACTACCG_015,58
TACGTGTACCCGGACTACCG_016,48
TACGTGTACCCGGACTACCG_017,153
TACGTGTACCCGGACTACCG_018,10
TACGTGTACCCGGACTACCG_019,145
TACGTGTACCCGGACTACCG_020,163
TACGTGTACCCGGACTACCG_021,146
TGGTTGCAGTCTAGCGACCA_001,76
TGGTTGCAGTCTAGCGACCA_002,17
TGGTTGCAGTCTAGCGACCA_003,185
TGGTTGCAGTCTAGCGACCA_004,170
TGGTTGCAGTCTAGCGACCA_005,105
TGGTTGCAGTCTAGCGACCA_006,43
TGGTTGCAGTCTAGCGACCA_007,184
TGGTTGCAGTCTAGCGACCA_008,183
TGGTTGCAGTCTAGCGACCA_009,136
GCAGGGAACTACACATGTCG_001,197
GATCAACAGCAGATGTACTT_001,60
GATCAACAGCAGATGTACTT_002,30
GATCAACAGCAGATGTACTT_003,94
GATCAACAGCAGATGTACTT_004,98
GATCAACAGCAGATGTACTT_005,10
GATCAACAGCAGATGTACTT_006,160
GATCAACAGCAGATGTACTT_007,60
GAGACCGTCCACTACAAGAG_001,102
GAGACCGTCCACTACAAGAG_002,49
GAGACCGTCCACTACAAGAG_003,1
GAGACCGTCCACTACAAGAG_004,196
GAGACCGTCCACTACAAGAG_005,4
GAGACCGTCCACTACAAGAG_006,144
GAGACCGTCCACTACAAGAG_007,159
GAGACCGTCCACTACAAGAG_008,32
GAGACCGTCCACTACAAGAG_009,160
GAGACCGTCCACTACAAGAG_010,50
GAGACCGTCCACTACAAGAG_011,70
GAGACCGTCCACTACAAGAG_012,170
GAGACCGTCCACTACAAGAG_013,43
GAGACCGTCCACTACAAGAG_014,105
GAGACCGTCCACTACAAGAG_015,29
GAGACCGTCCACTACAAGAG_016,127
GAGACCGTCCACTACAAGAG_017,50
GAGACCGTCCACTACAAGAG_018,73
GAGACCGTCCACTACAAGAG_019,46
GAGACCGTCCACTACAAGAG_020,144
GAGACCGTCCACTACAAGAG_021,39
GAGACCGTCCACTACAAGAG_022,112
GAGACCGTCCACTACAAGAG_023,31
AGACGTGTCCCTATGACATG_001,127
AGACGTGTCCCTATGACATG_002,184
GAGAACATTTGACTTAACTG_001,15
GAGAACATTTGACTTAACTG_002,5
GAGAACATTTGACTTAACTG_003,21
GAGAACATTTGACTTAACTG_004,182
GAGAACATTTGACTTAACTG_005,184
GAGAACATTTGACTTAACTG_006,81
TGACCGATAGATGATCCGAC_001,175
TGACCGATAGATGATCCGAC_002,197
TGACCGATAGATGATCCGAC_003,143
TGACCGATAGATGATCCGAC_004,143
TGACCGATAGATGATCCGAC_005,44
TGACCGATAGATGATCCGAC_006,183
TGACCGATAGATGATCCGAC_007,158
TGACCGATAGATGATCCGAC_008,1
TGACCGATAGATGATCCGAC_009,176
TGACCGATAGATGATCCGAC_010,68
TGACCGATAGATGATCCGAC_011,46
AGATGGGACTCCATGCTCGG_001,171
AGATGGGACTCCATGCTCGG_002,183
AGATGGGACTCCATGCTCGG_003,5
AGATGGGACTCCATGCTCGG_004,151
AGATGGGACTCCATGCTCGG_005,20
AGATGGGACTCCATGCTCGG_006,28
AGATGGGACTCCATGCTCGG_007,149
AGATGGGACTCCATGCTCGG_008,138
AGATGGGACTCCATGCTCGG_009,152
AGATGGGACTCCATGCTCGG_010,13
GCCCGCAGGTTACGCCAAGG_001,127
GCCCGCAGGTTACGCCAAGG_002,177
GCCCGCAGGTTACGCCAAGG_003,87
GCCCGCAGGTTACGCCAAGG_004,62
GCCCGCAGGTTACGCCAAGG_005,177
GCCCGCAGGTTACGCCAAGG_006,72
GCCCGCAGGTTACGCCAAGG_007,3
TCTCTGATCAAAGGAGTCGG_001,121
GGGTAATCCAGCGTAAACAC_001,47
GGGTAATCCAGCGTAAACAC_002,8
GGGTAATCCAGCGTAAACAC_003,19
GGGTAATCCAGCGTAAACAC_004,77
GTGGTACACGGTCCTCCCAC_001,118
GTGGTACACGGTCCTCCCAC_002,98
GTGGTACACGGTCCTCCCAC_003,88
GTGGTACACGGTCCTCCCAC_004,1
GTGGTACACGGTCCTCCCAC_005,58
GTGGTACACGGTCCTCCCAC_006,3
GTGGTACACGGTCCTCCCAC_007,94
ACGTCGAAAAGATGATACTC_001,139
ACGTCGAAAAGATGATACTC_002,133
ACGTCGAAAAGATGATACTC_003,44
ACGTCGAAAAGATGATACTC_004,126
ACGTCGAAAAGATGATACTC_005,93
ACGTCGAAAAGATGATACTC_006,95
ACGTCGAAAAGATGATACTC_007,191
ACGTCGAAAAGATGATACTC_008,7
ACGTCGAAAAGATGATACTC_009,67
ACGTCGAAAAGATGATACTC_010,105
ACGTCGAAAAGATGATACTC_011,172
ACGTCGAAAAGATGATACTC_012,190
ACGTCGAAAAGATGATACTC_013,155
ACGTCGAAAAGATGATACTC_014,98
ACGTCGAAAAGATGATACTC_015,64
ACGTCGAAAAGATGATACTC_016,157
ACGTCGAAAAGATGATACTC_017,113
ACGTCGAAAAGATGATACTC_018,141
ACGTCGAAAAGATGATACTC_019,168
ACGTCGAAAAGATGATACTC_020,107
TAGGCAATGGAGCATTAAAG_001,124
TAGGCAATGGAGCATTAAAG_002,17
TAGGCAATGGAGCATTAAAG_003,70
TAGGCAATGGAGCATTAAAG_004,129
TTCACTGTGTCACTGGACAA_001,114
TTCACTGTGTCACTGGACAA_002,65
CAAGACAAATAATTTCAACG_001,116
ACAGTGCACACCCTTGCGCT_001,164
ACAGTGCACACCCTTGCGCT_002,76
ACAGTGCACACCCTTGCGCT_003,75
ACAGTGCACACCCTTGCGCT_004,30
ACAGTGCACACCCTTGCGCT_005,20
ACAGTGCACACCCTTGCGCT_006,16
ACAGTGCACACCCTTGCGCT_007,177
ACAGTGCACACCCTTGCGCT_008,74
ACAGTGCACACCCTTGCGCT_009,78
ACAGTGCACACCCTTGCGCT_010,121
ACAGTGCACACCCTTGCGCT_011,88
CAAACCGGCACGGTCTGATC_001,142
CAAACCGGCACGGTCTGATC_002,71
CAAACCGGCACGGTCTGATC_003,88
CAAACCGGCACGGTCTGATC_004,91
CAAACCGGCACGGTCTGATC_005,189
CAAACCGGCACGGTCTGATC_006,102
CAAACCGGCACGGTCTGATC_007,145
GCGCTGAGTGCTCACCCGAG_001,142
GCGCTGAGTGCTCACCCGAG_002,195
GCGCTGAGTGCTCACCCGAG_003,126
GCGCTGAGTGCTCACCCGAG_004,32
GCGCTGAGTGCTCACCCGAG_005,116
GCGCTGAGTGCTCACCCGAG_006,6
GCGCTGAGTGCTCACCCGAG_007,159
GCGCTGAGTGCTCACCCGAG_008,176
GCGCTGAGTGCTCACCCGAG_009,194
GCGCTGAGTGCTCACCCGAG_010,54
GCGCTGAGTGCTCACCCGAG_011,115
GCGCTGAGTGCTCACCCGAG_012,181
GCGCTGAGTGCTCACCCGAG_013,43
GCGCTGAGTGCTCACCCGAG_014,7
GCGCTGAGTGCTCACCCGAG_015,7
AGCTCTTGGATCCTTAATCG_001,43
AGCTCTTGGATCCTTAATCG_002,42
AGCTCTTGGATCCTTAATCG_003,104
AGCTCTTGGATCCTTAATCG_004,48
AGCTCTTGGATCCTTAATCG_005,177
GTCAGGTAATAGTCGGACTC_001,43
GTCAGGTAATAGTCGGACTC_002,173
GTCAGGTAATAGTCGGACTC_003,50
GTCAGGTAATAGTCGGACTC_004,11
GTCAGGTAATAGTCGGACTC_005,76
GTCAGGTAATAGTCGGACTC_006,96
GTCAGGTAATAGTCGGACTC_007,29
GTCAGGTAATAGTCGGACTC_008,32
GTCAGGTAATAGTCGGACTC_009,159
GTCAGGTAATAGTCGGACTC_010,19
GTCAGGTAATAGTCGGACTC_011,56
GGTTTCGGGCCCGAGCACAT_001,45
GGTTTCGGGCCCGAGCACAT_002,176
GGTTTCGGGCCCGAGCACAT_003,11
GGTTTCGGGCCCGAGCACAT_004,60
GGTTTCGGGCCCGAGCACAT_005,147
GGTTTCGGGCCCGAGCACAT_006,146
AACTGGATTAATAAGCAACA_001,25
AACTGGATTAATAAGCAACA_002,17
AACTGGATTAATAAGCAACA_003,153
AACTGGATTAATAAGCAACA_004,140
AACTGGATTAATAAGCAACA_005,172
AACTGGATTAATAAGCAACA_006,127
ATAGATGTCCTCCTGCCAAG_001,184
ATAGATGTCCTCCTGCCAAG_002,171
ATAGATGTCCTCCTGCCAAG_003,9
ATAGATGTCCTCCTGCCAAG_004,83
ATAGATGTCCTCCTGCCAAG_005,44
ATAGATGTCCTCCTGCCAAG_006,115
ATAGATGTCCTCCTGCCAAG_007,48
ATAGATGTCCTCCTGCCAAG_008,83
ATAGATGTCCTCCTGCCAAG_009,60
ATAGATGTCCTCCTGCCAAG_010,186
ATAGATGTCCTCCTGCCAAG_011,199
ATAGATGTCCTCCTGCCAAG_012,199
ATAGATGTCCTCCTGCCAAG_013,30
ATAGATGTCCTCCTGCCAAG_014,156
ATAGATGTCCTCCTGCCAAG_015,16
ATAGATGTCCTCCTGCCAAG_016,172
ATTCCTTTCTTGGCAACTGG_001,188
ATTCCTTTCTTGGCAACTGG_002,159
ATTCCTTTCTTGGCAACTGG_003,154
ATTCCTTTCTTGGCAACTGG_004,115
ATTCCTTTCTTGGCAACTGG_005,174
ATTCCTTTCTTGGCAACTGG_006,83
ATTCCTTTCTTGGCAACTGG_007,171
ATTCCTTTCTTGGCAACTGG_008,149
ATTCCTTTCTTGGCAACTGG_009,147
CAAGGAGGCAAGAAACCTCA_001,113
CAAGGAGGCAAGAAACCTCA_002,22
CAAGGAGGCAAGAAACCTCA_003,114
CAAGGAGGCAAGAAACCTCA_004,61
CAAGGAGGCAAGAAACCTCA_005,115
CAAGGAGGCAAGAAACCTCA_006,143
CAAGGAGGCAAGAAACCTCA_007,23
CAAGGAGGCAAGAAACCTCA_008,23
CAAGGAGGCAAGAAACCTCA_009,136
CAAGGAGGCAAGAAACCTCA_010,27
CAAGGAGGCAAGAAACCTCA_011,162
TGCAGCCTACGCAGTCAAGG_001,48
TGCAGCCTACGCAGTCAAGG_002,54
TGCAGCCTACGCAGTCAAGG_003,42
TGCAGCCTACGCAGTCAAGG_004,132
TGCAGCCTACGCAGTCAAGG_005,161
CTGACAGAGAACGAGATCCG_001,70
CTGACAGAGAACGAGATCCG_002,176
CTGACAGAGAACGAGATCCG_003,40
CTGACAGAGAACGAGATCCG_004,140
CTGACAGAGAACGAGATCCG_005,88
CTGACAGAGAACGAGATCCG_006,112
CTGACAGAGAACGAGATCCG_007,190
CTGACAGAGAACGAGATCCG_008,69
CTGACAGAGAACGAGATCCG_009,78
CTGACAGAGAACGAGATCCG_010,43
CTGACAGAGAACGAGATCCG_011,177
CTGACAGAGAACGAGATCCG_012,159
CTGACAGAGAACGAGATCCG_013,169
CTGACAGAGAACGAGATCCG_014,88
CTGACAGAGAACGAGATCCG_015,150
CTGACAGAGAACGAGATCCG_016,78
CTGACAGAGAACGAGATCCG_017,166
CTGACAGAGAACGAGATCCG_018,26
CTGACAGAGAACGAGATCCG_019,118
CTGACAGAGAACGAGATCCG_020,147
CTGACAGAGAACGAGATCCG_021,43
CTGACAGAGAACGAGATCCG_022,26
CTGACAGAGAACGAGATCCG_023,183
GGGCACTTGAACATTCTCGT_001,129
GGGCACTTGAACATTCTCGT_002,195
GGGCACTTGAACATTCTCGT_003,12
GGGCACTTGAACATTCTCGT_004,17
GGGCACTTGAACATTCTCGT_005,146
GGGCACTTGAACATTCTCGT_006,199
GGGCACTTGAACATTCTCGT_007,31
GGGCACTTGAACATTCTCGT_008,134
GGGCACTTGAACATTCTCGT_009,133
GGGCACTTGAACATTCTCGT_010,145
GGGCACTTGAACATTCTCGT_011,118
GGGCACTTGAACATTCTCGT_012,14
GGGCACTTGAACATTCTCGT_013,97
GGGCACTTGAACATTCTCGT_014,140
GGGCACTTGAACATTCTCGT_015,196
GGGCACTTGAACATTCTCGT_016,18
GGGCACTTGAACATTCTCGT_017,127
GGGCACTTGAACATTCTCGT_018,61
GGGCACTTGAACATTCTCGT_019,27
GGGCACTTGAACATTCTCGT_020,63
GCGTGTCTGCTACAGCTAGG_001,58
GCGTGTCTGCTACAGCTAGG_002,170
GCGTGTCTGCTACAGCTAGG_003,158
GCGTGTCTGCTACAGCTAGG_004,158
GCGTGTCTGCTACAGCTAGG_005,115
GCGTGTCTGCTACAGCTAGG_006,59
GCGTGTCTGCTACAGCTAGG_007,118
GCGTGTCTGCTACAGCTAGG_008,151
GCGTGTCTGCTACAGCTAGG_009,16
GCGTGTCTGCTACAGCTAGG_010,184
GCGTGTCTGCTACAGCTAGG_011,130
GCGTGTCTGCTACAGCTAGG_012,112
GCGTGTCTGCTACAGCTAGG_013,116
GCGTGTCTGCTACAGCTAGG_014,29
AAATAATGGGAGCCCCCCAG_001,17
AAATAATGGGAGCCCCCCAG_002,12
AAATAATGGGAGCCCCCCAG_003,23
AAATAATGGGAGCCCCCCAG_004,197
AAATAATGGGAGCCCCCCAG_005,9
AAATAATGGGAGCCCCCCAG_006,121
AAATAATGGGAGCCCCCCAG_007,92
AAATAATGGGAGCCCCCCAG_008,195
AAATAATGGGAGCCCCCCAG_009,116
AAATAATGGGAGCCCCCCAG_010,81
AATCTTCTAGCGTAATCCAT_001,4
AATCTTCTAGCGTAATCCAT_002,119
AATCTTCTAGCGTAATCCAT_003,176
AATCTTCTAGCGTAATCCAT_004,184
AGAACAGGATGATGTTCAGT_001,160
AGAACAGGATGATGTTCAGT_002,40
AGAACAGGATGATGTTCAGT_003,13
CAACCAGTATATGCAACGAG_001,110
GAAGTGGCTCTTCACTAATA_001,27
GAAGTGGCTCTTCACTAATA_002,27
GAAGTGGCTCTTCACTAATA_003,160
GAAGTGGCTCTTCACTAATA_004,191
CCGGGGGTTGAAATGCAGGG_001,23
CCGGGGGTTGAAATGCAGGG_002,41
CCGGGGGTTGAAATGCAGGG_003,107
CCGGGGGTTGAAATGCAGGG_004,42
CCGGGGGTTGAAATGCAGGG_005,141
CCGGGGGTTGAAATGCAGGG_006,166
CCGGGGGTTGAAATGCAGGG_007,54
CCGGGGGTTGAAATGCAGGG_008,172
CCGGGGGTTGAAATGCAGGG_009,113
CCGGGGGTTGAAATGCAGGG_010,193
CCGGGGGTTGAAATGCAGGG_011,186
CCGGGGGTTGAAATGCAGGG_012,45
CCGGGGGTTGAAATGCAGGG_013,14
CCGGGGGTTGAAATGCAGGG_014,191
CCGGGGGTTGAAATGCAGGG_015,91
CCGGGGGTTGAAATGCAGGG_016,103
CCGGGGGTTGAAATGCAGGG_017,65
AGCAGAGCAAGATATCGAAG_001,127
AGCAGAGCAAGATATCGAAG_002,62
AGCAGAGCAAGATATCGAAG_003,57
AGCAGAGCAAGATATCGAAG_004,48
AGCAGAGCAAGATATCGAAG_005,56
AATTCTTGCACGCTCCAAGT_001,172
AATTCTTGCACGCTCCAAGT_002,179
AATTCTTGCACGCTCCAAGT_003,10
AATTCTTGCACGCTCCAAGT_004,126
GAGGGTGACGGTGATAAGAA_001,127
GAGGGTGACGGTGATAAGAA_002,41
GAGGGTGACGGTGATAAGAA_003,5
GAGGGTGACGGTGATAAGAA_004,113
GAGGGTGACGGTGATAAGAA_005,96
GAGGGTGACGGTGATAAGAA_006,134
GAGGGTGACGGTGATAAGAA_007,58
GAGGGTGACGGTGATAAGAA_008,6
GAGGGTGACGGTGATAAGAA_009,6
TAAACGTTATAAGCTGAACG_001,60
TAAACGTTATAAGCTGAACG_002,104
TAAACGTTATAAGCTGAACG_003,102
TAAACGTTATAAGCTGAACG_004,77
TAAACGTTATAAGCTGAACG_005,176
TAAACGTTATAAGCTGAACG_006,63
TAAACGTTATAAGCTGAACG_007,61
TAAACGTTATAAGCTGAACG_008,138
TAAACGTTATAAGCTGAACG_009,192
ACGCCCACTTATTGTCAGCG_001,81
ACGCCCACTTATTGTCAGCG_002,66
ACGCCCACTTATTGTCAGCG_003,119
AGAAGTGGAAGCCCTATCTG_001,151
AGAAGTGGAAGCCCTATCTG_002,192
AGAAGTGGAAGCCCTATCTG_003,149
AGAAGTGGAAGCCCTATCTG_004,86
AGAAGTGGAAGCCCTATCTG_005,52
CTATAGCATCCGCAGCATCG_001,61
CTATAGCATCCGCAGCATCG_002,148
CTATAGCATCCGCAGCATCG_003,50
TCAAATACCAGCGAGAGCTA_001,140
TCAAATACCAGCGAGAGCTA_002,82
TGCGTCAGTTAGATCGCCAG_001,133
TGCGTCAGTTAGATCGCCAG_002,73
TGCGTCAGTTAGATCGCCAG_003,191
TGCGTCAGTTAGATCGCCAG_004,199
TGCGTCAGTTAGATCGCCAG_005,114
TGCGTCAGTTAGATCGCCAG_006,184
TGCGTCAGTTAGATCGCCAG_007,187
TGCGTCAGTTAGATCGCCAG_008,51
TGCGTCAGTTAGATCGCCAG_009,27
TGCGTCAGTTAGATCGCCAG_010,66
TGCGTCAGTTAGATCGCCAG_011,12
TGCGTCAGTTAGATCGCCAG_012,158
TGCGTCAGTTAGATCGCCAG_013,115
TGCGTCAGTTAGATCGCCAG_014,184
TGCGTCAGTTAGATCGCCAG_015,57
CAGTCCCCAAGTTCAAACAG_001,72
CAGTCCCCAAGTTCAAACAG_002,14
CAGTCCCCAAGTTCAAACAG_003,3
CAGTCCCCAAGTTCAAACAG_004,35
CAGTCCCCAAGTTCAAACAG_005,160
CAGTCCCCAAGTTCAAACAG_006,123
CAGTCCCCAAGTTCAAACAG_007,49
CAGTCCCCAAGTTCAAACAG_008,105
CAGTCCCCAAGTTCAAACAG_009,81
CAGTCCCCAAGTTCAAACAG_010,54
CAGTCCCCAAGTTCAAACAG_011,191
CAGTCCCCAAGTTCAAACAG_012,90
CAGTCCCCAAGTTCAAACAG_013,168
CAGTCCCCAAGTTCAAACAG_014,182
CAGTCCCCAAGTTCAAACAG_015,174
CAGTCCCCAAGTTCAAACAG_016,68
CAGTCCCCAAGTTCAAACAG_017,177
GCCCCCCCCGACGCTCCAAG_001,137
GCCCCCCCCGACGCTCCAAG_002,172
GCCCCCCCCGACGCTCCAAG_003,111
GCCCCCCCCGACGCTCCAAG_004,122
GCCCCCCCCGACGCTCCAAG_005,113
GCCCCCCCCGACGCTCCAAG_006,178
GCCCCCCCCGACGCTCCAAG_007,94
GCCCCCCCCGACGCTCCAAG_008,88
GCCCCCCCCGACGCTCCAAG_009,64
GCCCCCCCCGACGCTCCAAG_010,141
GCCCCCCCCGACGCTCCAAG_011,103
GCCCCCCCCGACGCTCCAAG_012,156
GCCCCCCCCGACGCTCCAAG_013,157
GCCCCCCCCGACGCTCCAAG_014,127
GCCCCCCCCGACGCTCCAAG_015,150
GCCCCCCCCGACGCTCCAAG_016,121
GCCCCCCCCGACGCTCCAAG_017,48
GCCCCCCCCGACGCTCCAAG_018,98
GCCCCCCCCGACGCTCCAAG_019,8
GCCCCCCCCGACGCTCCAAG_020,48
GCCCCCCCCGACGCTCCAAG_021,72
GCCCCCCCCGACGCTCCAAG_022,114
GCCCCCCCCGACGCTCCAAG_023,175
GCCCCCCCCGACGCTCCAAG_024,19
GCCCCCCCCGACGCTCCAAG_025,48
GCCCCCCCCGACGCTCCAAG_026,105
GCCCCCCCCGACGCTCCAAG_027,199
GCCCCCCCCGACGCTCCAAG_028,65
GCCCCCCCCGACGCTCCAAG_029,12
GCCCCCCCCGACGCTCCAAG_030,56
GCCCCCCCCGACGCTCCAAG_031,141
GCCCCCCCCGACGCTCCAAG_032,62
GCCCCCCCCGACGCTCCAAG_033,34
GCCCCCCCCGACGCTCCAAG_034,193
GCCCCCCCCGACGCTCCAAG_035,188
GCCCCCCCCGACGCTCCAAG_036,56
GCCCCCCCCGACGCTCCAAG_037,29
GCCCCCCCCGACGCTCCAAG_038,48
GCCCCCCCCGACGCTCCAAG_039,184
GCCCCCCCCGACGCTCCAAG_040,181
GCCCCCCCCGACGCTCCAAG_041,146
GCCCCCCCCGACGCTCCAAG_042,56
GCCCCCCCCGACGCTCCAAG_043,197
ACGAGGTGGGTGTCGCGGCG_001,77
ACGAGGTGGGTGTCGCGGCG_002,8
ACGAGGTGGGTGTCGCGGCG_003,39
ACGAGGTGGGTGTCGCGGCG_004,147
TGCTACTCTGACCATAGACA_001,194
TGCTACTCTGACCATAGACA_002,63
TGCTACTCTGACCATAGACA_003,141
TGCTACTCTGACCATAGACA_004,102
AAAGATCAAGGTTAGCACTG_001,12
AAAGATCAAGGTTAGCACTG_002,72
AAAGATCAAGGTTAGCACTG_003,162
AAAGATCAAGGTTAGCACTG_004,147
AAAGATCAAGGTTAGCACTG_005,148
AAAGATCAAGGTTAGCACTG_006,175
AAAGATCAAGGTTAGCACTG_007,77
AAAGATCAAGGTTAGCACTG_008,26
AAAGATCAAGGTTAGCACTG_009,26
AAAGATCAAGGTTAGCACTG_010,17
GGTAGACTCGGACACTGCAG_001,8
GGTAGACTCGGACACTGCAG_002,147
GGTAGACTCGGACACTGCAG_003,50
GGTAGACTCGGACACTGCAG_004,162
GGTAGACTCGGACACTGCAG_005,84
GGTAGACTCGGACACTGCAG_006,8
GGTAGACTCGGACACTGCAG_007,116
GGTAGACTCGGACACTGCAG_008,34
GGTAGACTCGGACACTGCAG_009,65
GGTAGACTCGGACACTGCAG_010,187
GGTGAGACAAGCTGCTCAGT_001,127
GGTGAGACAAGCTGCTCAGT_002,17
GGTGAGACAAGCTGCTCAGT_003,51
GGTGAGACAAGCTGCTCAGT_004,101
GGTGAGACAAGCTGCTCAGT_005,169
GGTGAGACAAGCTGCTCAGT_006,148
GGTGAGACAAGCTGCTCAGT_007,37
GGTGAGACAAGCTGCTCAGT_008,103
CTACAAACGAGATCTCTATG_001,49
TCTTTGGGACGTTAGAACTG_001,141
TCTTTGGGACGTTAGAACTG_002,163
TCTTTGGGACGTTAGAACTG_003,29
TCTTTGGGACGTTAGAACTG_004,154
TCTTTGGGACGTTAGAACTG_005,101
TCTTTGGGACGTTAGAACTG_006,77
TCTTTGGGACGTTAGAACTG_007,76
TCTTTGGGACGTTAGAACTG_008,2
TCTTTGGGACGTTAGAACTG_009,34
TCTTTGGGACGTTAGAACTG_010,48
TCTTTGGGACGTTAGAACTG_011,118
TCTTTGGGACGTTAGAACTG_012,144
TCTTTGGGACGTTAGAACTG_013,35
GGAGGGCCGGATATCACCGT_001,147
GGAGGGCCGGATATCACCGT_002,175
GGAGGGCCGGATATCACCGT_003,25
GGAGGGCCGGATATCACCGT_004,47
GGAGGGCCGGATATCACCGT_005,167
GGAGGGCCGGATATCACCGT_006,36
GGAGGGCCGGATATCACCGT_007,142
GGAGGGCCGGATATCACCGT_008,35
GGAGGGCCGGATATCACCGT_009,174
GGCCAGGATGACCGTCAGTG_001,2
GGCCAGGATGACCGTCAGTG_002,50
GGCCAGGATGACCGTCAGTG_003,149
GGCCAGGATGACCGTCAGTG_004,68
GGCCAGGATGACCGTCAGTG_005,29
GGCCAGGATGACCGTCAGTG_006,72
GGCCAGGATGACCGTCAGTG_007,63
GGCCAGGATGACCGTCAGTG_008,169
GGCCAGGATGACCGTCAGTG_009,4
GGCCAGGATGACCGTCAGTG_010,50
GGCCAGGATGACCGTCAGTG_011,65
GGCCAGGATGACCGTCAGTG_012,133
GGCCAGGATGACCGTCAGTG_013,130
GGCCAGGATGACCGTCAGTG_014,170
GGCCAGGATGACCGTCAGTG_015,177
GGCCAGGATGACCGTCAGTG_016,36
GGCCAGGATGACCGTCAGTG_017,27
GGCCAGGATGACCGTCAGTG_018,199
GGCCAGGATGACCGTCAGTG_019,187
GGCCAGGATGACCGTCAGTG_020,169
GGCCAGGATGACCGTCAGTG_021,92
GGCCAGGATGACCGTCAGTG_022,26
GGCCAGGATGACCGTCAGTG_023,5
GGCCAGGATGACCGTCAGTG_024,115
GGCCAGGATGACCGTCAGTG_025,127
GGCCAGGATGACCGTCAGTG_026,156
GGCCAGGATGACCGTCAGTG_027,88
GGCCAGGATGACCGTCAGTG_028,145
GGCCAGGATGACCGTCAGTG_029,22
GGCCAGGATGACCGTCAGTG_030,91
TGACCTGATGGAGTACGCAA_001,1
TGACCTGATGGAGTACGCAA_002,140
TGACCTGATGGAGTACGCAA_003,53
TGACCTGATGGAGTACGCAA_004,94
TGACCTGATGGAGTACGCAA_005,181
TGACCTGATGGAGTACGCAA_006,170
TGACCTGATGGAGTACGCAA_007,46
TGACCTGATGGAGTACGCAA_008,88
TGACCTGATGGAGTACGCAA_009,157
TGACCTGATGGAGTACGCAA_010,158
TGACCTGATGGAGTACGCAA_011,16
TGACCTGATGGAGTACGCAA_012,171
TGACCTGATGGAGTACGCAA_013,102
TGACCTGATGGAGTACGCAA_014,7
TGACCTGATGGAGTACGCAA_015,68
TGACCTGATGGAGTACGCAA_016,84
TGACCTGATGGAGTACGCAA_017,10
TGACCTGATGGAGTACGCAA_018,82
TGACCTGATGGAGTACGCAA_019,58
TGTAAATGCTGTCTGCCACA_001,126
TGTAAATGCTGTCTGCCACA_002,68
TGTAAATGCTGTCTGCCACA_003,6
TGTAAATGCTGTCTGCCACA_004,118
AGCCACAGACCCAAGCATGT_001,49
AGCCACAGACCCAAGCATGT_002,41
AGCCACAGACCCAAGCATGT_003,22
AGCCACAGACCCAAGCATGT_004,174
AGCCACAGACCCAAGCATGT_005,56
AGCCACAGACCCAAGCATGT_006,170
AGCCACAGACCCAAGCATGT_007,158
AGCCACAGACCCAAGCATGT_008,17
AGCCACAGACCCAAGCATGT_009,31
AGCCACAGACCCAAGCATGT_010,29
AGCCACAGACCCAAGCATGT_011,124
AGCCACAGACCCAAGCATGT_012,0
AGCCACAGACCCAAGCATGT_013,105
AGCCACAGACCCAAGCATGT_014,19
AGCCACAGACCCAAGCATGT_015,19
AGCCACAGACCCAAGCATGT_016,48
AGCCACAGACCCAAGCATGT_017,13
AGCCACAGACCCAAGCATGT_018,26
GGTGGCTGGAGTACAGACGG_001,136
GGTGGCTGGAGTACAGACGG_002,183
GGTGGCTGGAGTACAGACGG_003,137
GGTGGCTGGAGTACAGACGG_004,93
GGTGGCTGGAGTACAGACGG_005,152
GGTGGCTGGAGTACAGACGG_006,131
AATTATCAAGAAGTTACAAG_001,45
AATTATCAAGAAGTTACAAG_002,190
AATTATCAAGAAGTTACAAG_003,63
ATTCCTTTAGTGAAGACGTG_001,83
ATTCCTTTAGTGAAGACGTG_002,48
ATTCCTTTAGTGAAGACGTG_003,16
ATTCCTTTAGTGAAGACGTG_004,146
ATTCCTTTAGTGAAGACGTG_005,115
ATTCCTTTAGTGAAGACGTG_006,57
ATTCCTTTAGTGAAGACGTG_007,115
ATTCCTTTAGTGAAGACGTG_008,42
ATTCCTTTAGTGAAGACGTG_009,88
ATTCCTTTAGTGAAGACGTG_010,150
ATTCCTTTAGTGAAGACGTG_011,59
TACCTGATAATATATTTGGG_001,19
TACCTGATAATATATTTGGG_002,106
TGCTTCAGAACAGAGACTCG_001,88
TGCTTCAGAACAGAGACTCG_002,181
TGCTTCAGAACAGAGACTCG_003,60
TGCTTCAGAACAGAGACTCG_004,171
TGCTTCAGAACAGAGACTCG_005,106
TGCTTCAGAACAGAGACTCG_006,188
TGCTTCAGAACAGAGACTCG_007,43
TGCTTCAGAACAGAGACTCG_008,187
TGCTTCAGAACAGAGACTCG_009,6
TGCTTCAGAACAGAGACTCG_010,107
TGCTTCAGAACAGAGACTCG_011,24
TGCTTCAGAACAGAGACTCG_012,160
TGCTTCAGAACAGAGACTCG_013,25
TGCTTCAGAACAGAGACTCG_014,168
TGCTTCAGAACAGAGACTCG_015,189
TGCTTCAGAACAGAGACTCG_016,172
TGCTTCAGAACAGAGACTCG_017,123
TTGAGCCATACATCCTCCAA_001,44
TTGAGCCATACATCCTCCAA_002,25
TTGAGCCATACATCCTCCAA_003,88
TTGAGCCATACATCCTCCAA_004,117
TTGAGCCATACATCCTCCAA_005,172
TTGAGCCATACATCCTCCAA_006,50
TTGAGCCATACATCCTCCAA_007,180
TCGGGCTCCGAGTAGCCAAG_001,144
TCGGGCTCCGAGTAGCCAAG_002,85
TCGGGCTCCGAGTAGCCAAG_003,134
TCGGGCTCCGAGTAGCCAAG_004,130
TCGGGCTCCGAGTAGCCAAG_005,2
TCGGGCTCCGAGTAGCCAAG_006,38
TCGGGCTCCGAGTAGCCAAG_007,51
TCGGGCTCCGAGTAGCCAAG_008,192
TCGGGCTCCGAGTAGCCAAG_009,123
TCGGGCTCCGAGTAGCCAAG_010,166
TCGGGCTCCGAGTAGCCAAG_011,190
TCGGGCTCCGAGTAGCCAAG_012,97
TCGGGCTCCGAGTAGCCAAG_013,97
TCGGGCTCCGAGTAGCCAAG_014,84
TCGGGCTCCGAGTAGCCAAG_015,197
TCGGGCTCCGAGTAGCCAAG_016,35
TCGGGCTCCGAGTAGCCAAG_017,29
TCGGGCTCCGAGTAGCCAAG_018,40
TCGGGCTCCGAGTAGCCAAG_019,76
TCGGGCTCCGAGTAGCCAAG_020,190
TCGGGCTCCGAGTAGCCAAG_021,56
TCGGGCTCCGAGTAGCCAAG_022,188
TCGGGCTCCGAGTAGCCAAG_023,36
GCTGAACAAGGTGTGAGGCA_001,98
GCTGAACAAGGTGTGAGGCA_002,48
GCTGAACAAGGTGTGAGGCA_003,88
GCTGAACAAGGTGTGAGGCA_004,94
TGATGGTGAAGAGCTAGCTG_001,85
TGATGGTGAAGAGCTAGCTG_002,93
TGATGGTGAAGAGCTAGCTG_003,1
TGATGGTGAAGAGCTAGCTG_004,85
TGATGGTGAAGAGCTAGCTG_005,25
TGATGGTGAAGAGCTAGCTG_006,78
AAGGGTGTCACCCTTAGCGG_001,160
AAGGGTGTCACCCTTAGCGG_002,137
GAAGCCGATGGATACATCCG_001,169
GAAGCCGATGGATACATCCG_002,78
GAAGCCGATGGATACATCCG_003,97
GAAGCCGATGGATACATCCG_004,117
GAAGCCGATGGATACATCCG_005,94
GAAGCCGATGGATACATCCG_006,27
GAAGCCGATGGATACATCCG_007,198
GAAGCCGATGGATACATCCG_008,105
GAAGCCGATGGATACATCCG_009,158
GAAGCCGATGGATACATCCG_010,177
GAAGCCGATGGATACATCCG_011,197
GAAGCCGATGGATACATCCG_012,153
GAAGCCGATGGATACATCCG_013,20
GAAGCCGATGGATACATCCG_014,147
GAAGCCGATGGATACATCCG_015,149
GCCTTTCAGCAATATGTGCG_001,115
GCCTTTCAGCAATATGTGCG_002,118
GCCTTTCAGCAATATGTGCG_003,134
GCCTTTCAGCAATATGTGCG_004,184
GCCTTTCAGCAATATGTGCG_005,81
GCCTTTCAGCAATATGTGCG_006,184
GCCTTTCAGCAATATGTGCG_007,149
GCCTTTCAGCAATATGTGCG_008,117
GCCTTTCAGCAATATGTGCG_009,38
GCCTTTCAGCAATATGTGCG_010,9
GCCTTTCAGCAATATGTGCG_011,188
GCCTTTCAGCAATATGTGCG_012,91
GCCTTTCAGCAATATGTGCG_013,169
GCCTTTCAGCAATATGTGCG_014,63
ATTTATAAACAGACCAAAGG_001,67
ATTTATAAACAGACCAAAGG_002,63
ATTTATAAACAGACCAAAGG_003,137
ATTTATAAACAGACCAAAGG_004,71
CCACGCCGAGTACCTCACTG_001,170
CCACGCCGAGTACCTCACTG_002,81
CCACGCCGAGTACCTCACTG_003,12
CCACGCCGAGTACCTCACTG_004,121
CCACGCCGAGTACCTCACTG_005,197
CCACGCCGAGTACCTCACTG_006,193
CCACGCCGAGTACCTCACTG_007,70
CCACGCCGAGTACCTCACTG_008,31
CCACGCCGAGTACCTCACTG_009,56
CCACGCCGAGTACCTCACTG_010,141
CCACGCCGAGTACCTCACTG_011,6
CCACGCCGAGTACCTCACTG_012,145
CCACGCCGAGTACCTCACTG_013,160
CCACGCCGAGTACCTCACTG_014,160
CCACGCCGAGTACCTCACTG_015,81
CCACGCCGAGTACCTCACTG_016,47
CCACGCCGAGTACCTCACTG_017,125
CCACGCCGAGTACCTCACTG_018,184
CCACGCCGAGTACCTCACTG_019,14
CCACGCCGAGTACCTCACTG_020,144
CCACGCCGAGTACCTCACTG_021,48
CCACGCCGAGTACCTCACTG_022,63
CCACGCCGAGTACCTCACTG_023,199
CCACGCCGAGTACCTCACTG_024,61
CCACGCCGAGTACCTCACTG_025,79
CCACGCCGAGTACCTCACTG_026,79
CCACGCCGAGTACCTCACTG_027,168
CCACGCCGAGTACCTCACTG_028,199
CCACGCCGAGTACCTCACTG_029,78
GAAACTCCATCACCCCAGTG_001,137
GAAACTCCATCACCCCAGTG_002,174
GAAACTCCATCACCCCAGTG_003,139
GAAACTCCATCACCCCAGTG_004,44
GAAACTCCATCACCCCAGTG_005,153
GAAACTCCATCACCCCAGTG_006,166
GAAACTCCATCACCCCAGTG_007,75
GAAACTCCATCACCCCAGTG_008,194
GAAACTCCATCACCCCAGTG_009,68
GAAACTCCATCACCCCAGTG_010,169
GAAACTCCATCACCCCAGTG_011,159
GAAACTCCATCACCCCAGTG_012,15
GAAACTCCATCACCCCAGTG_013,11
GAAACTCCATCACCCCAGTG_014,12
GAAACTCCATCACCCCAGTG_015,147
GAAACTCCATCACCCCAGTG_016,136
GTAGACGTTACCCAAGATGA_001,149
GTAGACGTTACCCAAGATGA_002,119
GTAGACGTTACCCAAGATGA_003,116
GTAGACGTTACCCAAGATGA_004,1
GTAGACGTTACCCAAGATGA_005,158
GTAGACGTTACCCAAGATGA_006,190
GTAGACGTTACCCAAGATGA_007,86
GTAGACGTTACCCAAGATGA_008,170
GTAGACGTTACCCAAGATGA_009,108
GTAGACGTTACCCAAGATGA_010,145
ACGCCTGCAGGCACTAAGTG_001,113
ACGCCTGCAGGCACTAAGTG_002,34
ACGCCTGCAGGCACTAAGTG_003,103
ACGCCTGCAGGCACTAAGTG_004,156
ACGCCTGCAGGCACTAAGTG_005,72
ACGCCTGCAGGCACTAAGTG_006,83
ACGCCTGCAGGCACTAAGTG_007,29
ACGCCTGCAGGCACTAAGTG_008,138
ACGCCTGCAGGCACTAAGTG_009,98
ACGCCTGCAGGCACTAAGTG_010,40
ACGCCTGCAGGCACTAAGTG_011,48
ACGCCTGCAGGCACTAAGTG_012,49
ACGCCTGCAGGCACTAAGTG_013,15
ACGCCTGCAGGCACTAAGTG_014,48
ACGCCTGCAGGCACTAAGTG_015,136
GCACGACCTAAACGACGCGC_001,149
CCTGATCATTAAATCTGCAG_001,138
CCTGATCATTAAATCTGCAG_002,67
CCTGATCATTAAATCTGCAG_003,91
GAGTACTACCAGATCTACCG_001,49
GAGTACTACCAGATCTACCG_002,61
GAGTACTACCAGATCTACCG_003,88
GAGTACTACCAGATCTACCG_004,42
GGTACCCGCAGTGATGACAC_001,15
GGTACCCGCAGTGATGACAC_002,66
CTTACCTGAACTAAAATCCG_001,88
CTTACCTGAACTAAAATCCG_002,1
CTTACCTGAACTAAAATCCG_003,77
CTTACCTGAACTAAAATCCG_004,128
CTTACCTGAACTAAAATCCG_005,61
CTTACCTGAACTAAAATCCG_006,51
CTTACCTGAACTAAAATCCG_007,170
TAGGCCAAAATATGATTCAG_001,162
TAGGCCAAAATATGATTCAG_002,17
TAGGCCAAAATATGATTCAG_003,141
TAGGCCAAAATATGATTCAG_004,73
TAGGCCAAAATATGATTCAG_005,27
TAGGCCAAAATATGATTCAG_006,157
TAGGCCAAAATATGATTCAG_007,16
TAGGCCAAAATATGATTCAG_008,192
TAGGCCAAAATATGATTCAG_009,28
TAGGCCAAAATATGATTCAG_010,169
TAGGCCAAAATATGATTCAG_011,176
TAGGCCAAAATATGATTCAG_012,29
TAGGCCAAAATATGATTCAG_013,102
TAGGCCAAAATATGATTCAG_014,31
TAGGCCAAAATATGATTCAG_015,88
TAGGCCAAAATATGATTCAG_016,19
TAGGCCAAAATATGATTCAG_017,94
TGGACTCTTTCTAACATGCT_001,181
TGGACTCTTTCTAACATGCT_002,50
TGGACTCTTTCTAACATGCT_003,176
TGGACTCTTTCTAACATGCT_004,192
TGGACTCTTTCTAACATGCT_005,5
TGGACTCTTTCTAACATGCT_006,189
TGGACTCTTTCTAACATGCT_007,11
TGGACTCTTTCTAACATGCT_008,132
TGGACTCTTTCTAACATGCT_009,17
TGGACTCTTTCTAACATGCT_010,127
TGGACTCTTTCTAACATGCT_011,7
TGGACTCTTTCTAACATGCT_012,48
TGGACTCTTTCTAACATGCT_013,105
TGGACTCTTTCTAACATGCT_014,0
TGGACTCTTTCTAACATGCT_015,166
TGGACTCTTTCTAACATGCT_016,56
ACGCGCATGCTCATGCACTG_001,58
ACGCGCATGCTCATGCACTG_002,198
ACGCGCATGCTCATGCACTG_003,125
ACGCGCATGCTCATGCACTG_004,55
ACGCGCATGCTCATGCACTG_005,82
ACGCGCATGCTCATGCACTG_006,168
ACGCGCATGCTCATGCACTG_007,128
ACGCGCATGCTCATGCACTG_008,93
ACGCGCATGCTCATGCACTG_009,72
ACGCGCATGCTCATGCACTG_010,137
ACGCGCATGCTCATGCACTG_011,146
ACGCGCATGCTCATGCACTG_012,44
ACGCGCATGCTCATGCACTG_013,148
ACGCGCATGCTCATGCACTG_014,65
ACGCGCATGCTCATGCACTG_015,156
ACGCGCATGCTCATGCACTG_016,107
ACGCGCATGCTCATGCACTG_017,17
ACGCGCATGCTCATGCACTG_018,182
ACGCGCATGCTCATGCACTG_019,15
ACGCGCATGCTCATGCACTG_020,170
ACGCGCATGCTCATGCACTG_021,1
ACGCGCATGCTCATGCACTG_022,177
ACGCGCATGCTCATGCACTG_023,50
ACGCGCATGCTCATGCACTG_024,9
TGTCATTAGCGTAACGATAT_001,83
TGTCATTAGCGTAACGATAT_002,68
TGTCATTAGCGTAACGATAT_003,197
TGTCATTAGCGTAACGATAT_004,174
TGTCATTAGCGTAACGATAT_005,148
TGTCATTAGCGTAACGATAT_006,18
ATTTGAGTGTAATGATCAGG_001,111
ATTTGAGTGTAATGATCAGG_002,194
ATTTGAGTGTAATGATCAGG_003,17
TTCCGGAATTAGAAGGACGT_001,106
TTCCGGAATTAGAAGGACGT_002,91
TTCCGGAATTAGAAGGACGT_003,115
TTCCGGAATTAGAAGGACGT_004,197
TTCCGGAATTAGAAGGACGT_005,134
TTCCGGAATTAGAAGGACGT_006,137
TTCCGGAATTAGAAGGACGT_007,138
TTCCGGAATTAGAAGGACGT_008,1
CCACAGATACATCCTTCGGG_001,176
CCACAGATACATCCTTCGGG_002,60
CCCGAAGCCAATGTACCTCG_001,29
CCCGAAGCCAATGTACCTCG_002,162
CCCGAAGCCAATGTACCTCG_003,192
CCCGAAGCCAATGTACCTCG_004,82
CCCGAAGCCAATGTACCTCG_005,148
CCCGAAGCCAATGTACCTCG_006,102
ACTACTTCAGAAACGCAAAG_001,63
ACTACTTCAGAAACGCAAAG_002,89
ACTACTTCAGAAACGCAAAG_003,191
ACTACTTCAGAAACGCAAAG_004,161
ACTACTTCAGAAACGCAAAG_005,69
ACTACTTCAGAAACGCAAAG_006,116
ACTACTTCAGAAACGCAAAG_007,61
ACTACTTCAGAAACGCAAAG_008,150
ACTACTTCAGAAACGCAAAG_009,141
ACTACTTCAGAAACGCAAAG_010,174
ACTACTTCAGAAACGCAAAG_011,19
ACTACTTCAGAAACGCAAAG_012,106
ACTACTTCAGAAACGCAAAG_013,39
ACTACTTCAGAAACGCAAAG_014,52
ACTACTTCAGAAACGCAAAG_015,144
GGACAGCAGCCATATCACGA_001,184
GGACAGCAGCCATATCACGA_002,15
GGACAGCAGCCATATCACGA_003,50
GGACAGCAGCCATATCACGA_004,18
GGACAGCAGCCATATCACGA_005,82
GGACAGCAGCCATATCACGA_006,7
GGACAGCAGCCATATCACGA_007,98
GGACAGCAGCCATATCACGA_008,102
ACTTACAGCAGACAACCTCG_001,108
ACTTACAGCAGACAACCTCG_002,50
TGGGCGTCATAACTTAGAGC_001,93
TGGGCGTCATAACTTAGAGC_002,29
TGGGCGTCATAACTTAGAGC_003,21
TGGGCGTCATAACTTAGAGC_004,149
TGGGCGTCATAACTTAGAGC_005,198
TGGGCGTCATAACTTAGAGC_006,29
TTGCAGACTGGAAATAGCAA_001,47
TTGCAGACTGGAAATAGCAA_002,187
TTGCAGACTGGAAATAGCAA_003,169
TTGCAGACTGGAAATAGCAA_004,166
TTGCAGACTGGAAATAGCAA_005,197
CAAATTTGTGGACGAGCAGG_001,83
CAAATTTGTGGACGAGCAGG_002,43
CAAATTTGTGGACGAGCAGG_003,45
CCCGACCTGGCCCCTCGCTG_001,88
CCCGACCTGGCCCCTCGCTG_002,169
CCCGACCTGGCCCCTCGCTG_003,44
CCCGACCTGGCCCCTCGCTG_004,147
CCCGACCTGGCCCCTCGCTG_005,157
CCCGACCTGGCCCCTCGCTG_006,51
CCCGACCTGGCCCCTCGCTG_007,94
CCCGACCTGGCCCCTCGCTG_008,34
CCCGACCTGGCCCCTCGCTG_009,171
CCCGACCTGGCCCCTCGCTG_010,2
CCCGACCTGGCCCCTCGCTG_011,6
CCCGACCTGGCCCCTCGCTG_012,115
CCCGACCTGGCCCCTCGCTG_013,12
CCCGACCTGGCCCCTCGCTG_014,149
CCCGACCTGGCCCCTCGCTG_015,94
CCCGACCTGGCCCCTCGCTG_016,139
CCCGACCTGGCCCCTCGCTG_017,168
CCCGACCTGGCCCCTCGCTG_018,181
CCCGACCTGGCCCCTCGCTG_019,127
CCCGACCTGGCCCCTCGCTG_020,68
CCCGACCTGGCCCCTCGCTG_021,44
CCCGACCTGGCCCCTCGCTG_022,77
CCCGACCTGGCCCCTCGCTG_023,197
CCCGACCTGGCCCCTCGCTG_024,36
CCCGACCTGGCCCCTCGCTG_025,80
CCCGACCTGGCCCCTCGCTG_026,62
CCCGACCTGGCCCCTCGCTG_027,4
CCCGACCTGGCCCCTCGCTG_028,129
CCCGACCTGGCCCCTCGCTG_029,8
CCCGACCTGGCCCCTCGCTG_030,40
CCCGACCTGGCCCCTCGCTG_031,172
CCCGACCTGGCCCCTCGCTG_032,192
CCCGACCTGGCCCCTCGCTG_033,105
CCCGACCTGGCCCCTCGCTG_034,29
CCCGACCTGGCCCCTCGCTG_035,42
CCCGACCTGGCCCCTCGCTG_036,22
CCCGACCTGGCCCCTCGCTG_037,157
CCCGACCTGGCCCCTCGCTG_038,94
CCCGACCTGGCCCCTCGCTG_039,62
CCCGACCTGGCCCCTCGCTG_040,183
CCCGACCTGGCCCCTCGCTG_041,12
CCCGACCTGGCCCCTCGCTG_042,65
CCCGACCTGGCCCCTCGCTG_043,146
CCCGACCTGGCCCCTCGCTG_044,0
CCCGACCTGGCCCCTCGCTG_045,107
CCCGACCTGGCCCCTCGCTG_046,197
CCCGACCTGGCCCCTCGCTG_047,151
CCCGACCTGGCCCCTCGCTG_048,184
CCCGACCTGGCCCCTCGCTG_049,149
CCCGACCTGGCCCCTCGCTG_050,184
CCCGACCTGGCCCCTCGCTG_051,76
CCCGACCTGGCCCCTCGCTG_052,118
CCCGACCTGGCCCCTCGCTG_053,63
CCCGACCTGGCCCCTCGCTG_054,19
CCCGACCTGGCCCCTCGCTG_055,19
CCCGACCTGGCCCCTCGCTG_056,174
CCCGACCTGGCCCCTCGCTG_057,3
CCCGACCTGGCCCCTCGCTG_058,66
CCCGACCTGGCCCCTCGCTG_059,0
CCCGACCTGGCCCCTCGCTG_060,144
CCCGACCTGGCCCCTCGCTG_061,84
CCGGTGGCCGTGGGTCCCTA_001,184
CCGGTGGCCGTGGGTCCCTA_002,19
CCGGTGGCCGTGGGTCCCTA_003,4
CCGGTGGCCGTGGGTCCCTA_004,8
CCGGTGGCCGTGGGTCCCTA_005,5
CCGGTGGCCGTGGGTCCCTA_006,26
CCGGTGGCCGTGGGTCCCTA_007,186
CCGGTGGCCGTGGGTCCCTA_008,2
ACTGTGCTTACCCTTATGCG_001,92
ACTGTGCTTACCCTTATGCG_002,150
ACTGTGCTTACCCTTATGCG_003,97
ACTGTGCTTACCCTTATGCG_004,135
ACTGTGCTTACCCTTATGCG_005,175
ACTGTGCTTACCCTTATGCG_006,156
ACTGTGCTTACCCTTATGCG_007,52
AAGGTGATGACACTTGACTC_001,8
AAGGTGATGACACTTGACTC_002,81
AAGGTGATGACACTTGACTC_003,101
AAGGTGATGACACTTGACTC_004,149
AAGGTGATGACACTTGACTC_005,8
AAGGTGATGACACTTGACTC_006,41
AAGGTGATGACACTTGACTC_007,113
AAGGTGATGACACTTGACTC_008,94
AAGGTGATGACACTTGACTC_009,28
AAGGTGATGACACTTGACTC_010,8
AAGGTGATGACACTTGACTC_011,116
AGTTCTTCATTGAATCAACA_001,137
AGTTCTTCATTGAATCAACA_002,172
AGTTCTTCATTGAATCAACA_003,123
AGTTCTTCATTGAATCAACA_004,53
CCTTCAACGACGTGTGCCAG_001,175
CCTTCAACGACGTGTGCCAG_002,29
CCTTCAACGACGTGTGCCAG_003,165
CCTTCAACGACGTGTGCCAG_004,78
CCTTCAACGACGTGTGCCAG_005,166
CCTTCAACGACGTGTGCCAG_006,177
CCTTCAACGACGTGTGCCAG_007,157
CCTTCAACGACGTGTGCCAG_008,116
CCTTCAACGACGTGTGCCAG_009,197
CCTTCAACGACGTGTGCCAG_010,15
CCTTCAACGACGTGTGCCAG_011,137
CCTTCAACGACGTGTGCCAG_012,48
CCTTCAACGACGTGTGCCAG_013,2
CCTTCAACGACGTGTGCCAG_014,52
CCTTCAACGACGTGTGCCAG_015,56
CCTTCAACGACGTGTGCCAG_016,5
CCTTCAACGACGTGTGCCAG_017,29
CCTTCAACGACGTGTGCCAG_018,10
GGAAGAGACTAACTCAGGAG_001,174
GGAAGAGACTAACTCAGGAG_002,158
GGAAGAGACTAACTCAGGAG_003,76
GGAAGAGACTAACTCAGGAG_004,17
GGAAGAGACTAACTCAGGAG_005,95
GGAAGAGACTAACTCAGGAG_006,92
GGAAGAGACTAACTCAGGAG_007,1
GGAAGAGACTAACTCAGGAG_008,124
GGAAGAGACTAACTCAGGAG_009,170
AATCCTCATGGTGCTATCCG_001,12
AATCCTCATGGTGCTATCCG_002,28
AATCCTCATGGTGCTATCCG_003,52
AATCCTCATGGTGCTATCCG_004,17
AATCCTCATGGTGCTATCCG_005,56
AATCCTCATGGTGCTATCCG_006,52
AATCCTCATGGTGCTATCCG_007,149
AATCCTCATGGTGCTATCCG_008,66
AATCCTCATGGTGCTATCCG_009,115
AATCCTCATGGTGCTATCCG_010,8
GTCACACGAGTTGAAGAAGG_001,198
GTCACACGAGTTGAAGAAGG_002,107
GTCACACGAGTTGAAGAAGG_003,80
GTCACACGAGTTGAAGAAGG_004,36
GTCACACGAGTTGAAGAAGG_005,27
GTCACACGAGTTGAAGAAGG_006,158
GTCACACGAGTTGAAGAAGG_007,22
AGTGGCCAGTGGCCAAGCAA_001,89
AGTGGCCAGTGGCCAAGCAA_002,188
AGTGGCCAGTGGCCAAGCAA_003,139
AGTGGCCAGTGGCCAAGCAA_004,60
AGTGGCCAGTGGCCAAGCAA_005,185
AGTGGCCAGTGGCCAAGCAA_006,29
CTGAGGACCTACTTTCAGTG_001,110
GCTCCAAGTTCACGGCGGTG_001,127
GCTCCAAGTTCACGGCGGTG_002,50
GCTCCAAGTTCACGGCGGTG_003,166
GCTCCAAGTTCACGGCGGTG_004,189
GCTCCAAGTTCACGGCGGTG_005,68
GCTCCAAGTTCACGGCGGTG_006,88
GCTCCAAGTTCACGGCGGTG_007,12
GCTCCAAGTTCACGGCGGTG_008,145
GCTCCAAGTTCACGGCGGTG_009,129
GCTCCAAGTTCACGGCGGTG_010,51
GCTCCAAGTTCACGGCGGTG_011,4
GCTCCAAGTTCACGGCGGTG_012,70
GCTCCAAGTTCACGGCGGTG_013,128
GCTCCAAGTTCACGGCGGTG_014,182
GCTCCAAGTTCACGGCGGTG_015,145
GCTCCAAGTTCACGGCGGTG_016,127
GCTCCAAGTTCACGGCGGTG_017,101
GCTCCAAGTTCACGGCGGTG_018,30
GCTCCAAGTTCACGGCGGTG_019,122
GCTCCAAGTTCACGGCGGTG_020,148
GCTCCAAGTTCACGGCGGTG_021,147
GCTCCAAGTTCACGGCGGTG_022,155
GCTCCAAGTTCACGGCGGTG_023,95
GCTCCAAGTTCACGGCGGTG_024,42
GCTCCAAGTTCACGGCGGTG_025,44
GCTCCAAGTTCACGGCGGTG_026,15
GCTCCAAGTTCACGGCGGTG_027,149
GCTCCAAGTTCACGGCGGTG_028,38
GCTCCAAGTTCACGGCGGTG_029,43
GCTCCAAGTTCACGGCGGTG_030,166
GCTCCAAGTTCACGGCGGTG_031,33
GCTCCAAGTTCACGGCGGTG_032,122
GCTCCAAGTTCACGGCGGTG_033,144
GCTCCAAGTTCACGGCGGTG_034,35
GCTCCAAGTTCACGGCGGTG_035,126
GCTCCAAGTTCACGGCGGTG_036,99
GCTCCAAGTTCACGGCGGTG_037,39
GCTCCAAGTTCACGGCGGTG_038,2
GCTCCAAGTTCACGGCGGTG_039,130
GCTCCAAGTTCACGGCGGTG_040,170
GCTCCAAGTTCACGGCGGTG_041,28
GCTCCAAGTTCACGGCGGTG_042,48
CATACGCGTAGCCCAAGGAG_001,74
CATACGCGTAGCCCAAGGAG_002,8
CATACGCGTAGCCCAAGGAG_003,192
CATACGCGTAGCCCAAGGAG_004,148
CTCACTCGATACTCCCCATG_001,24
ACCACGGAATCCCCAACTGT_001,69
ACCACGGAATCCCCAACTGT_002,76
ACCACGGAATCCCCAACTGT_003,115
ACCACGGAATCCCCAACTGT_004,148
ACCACGGAATCCCCAACTGT_005,140
ACCACGGAATCCCCAACTGT_006,193
ACCACGGAATCCCCAACTGT_007,101
ACCACGGAATCCCCAACTGT_008,137
ACCACGGAATCCCCAACTGT_009,93
ACCACGGAATCCCCAACTGT_010,175
ACCACGGAATCCCCAACTGT_011,144
ACCACGGAATCCCCAACTGT_012,48
AGGTCGTGATCTGTCCCGAG_001,63
AGGTCGTGATCTGTCCCGAG_002,183
AGGTCGTGATCTGTCCCGAG_003,63
AGGTCGTGATCTGTCCCGAG_004,94
AGGTCGTGATCTGTCCCGAG_005,41
AGGTCGTGATCTGTCCCGAG_006,197
AGGTCGTGATCTGTCCCGAG_007,126
AGGTCGTGATCTGTCCCGAG_008,116
CGTCACACACATGTACAAGA_001,33
CGTCACACACATGTACAAGA_002,69
CGTCACACACATGTACAAGA_003,108
CGTCACACACATGTACAAGA_004,108
CGTCACACACATGTACAAGA_005,98
CGTCACACACATGTACAAGA_006,121
CGTCACACACATGTACAAGA_007,49
CGTCACACACATGTACAAGA_008,63
CGTCACACACATGTACAAGA_009,50
CGTCACACACATGTACAAGA_010,29
CGTCACACACATGTACAAGA_011,19
GAAATCGCCAGGCAGTTCGG_001,105
GAAATCGCCAGGCAGTTCGG_002,188
GAAATCGCCAGGCAGTTCGG_003,78
GAAATCGCCAGGCAGTTCGG_004,52
GAAATCGCCAGGCAGTTCGG_005,47
GAAATCGCCAGGCAGTTCGG_006,4
GAAATCGCCAGGCAGTTCGG_007,114
GAAATCGCCAGGCAGTTCGG_008,166
TGTTGATGTTGCTCTCAGCG_001,160
TGTTGATGTTGCTCTCAGCG_002,142
TCGACGACGTCAGGACAGAG_001,4
TCGACGACGTCAGGACAGAG_002,20
TCGACGACGTCAGGACAGAG_003,193
TCGACGACGTCAGGACAGAG_004,108
TCGACGACGTCAGGACAGAG_005,125
TCGACGACGTCAGGACAGAG_006,168
TCGACGACGTCAGGACAGAG_007,10
TCGACGACGTCAGGACAGAG_008,38
TCGACGACGTCAGGACAGAG_009,183
TCGACGACGTCAGGACAGAG_010,20
TCGACGACGTCAGGACAGAG_011,14
TCGACGACGTCAGGACAGAG_012,136
TCGACGACGTCAGGACAGAG_013,172
TCGACGACGTCAGGACAGAG_014,124
TCGACGACGTCAGGACAGAG_015,135
TCGACGACGTCAGGACAGAG_016,34
ATTATCTCCAGAGCATCGCA_001,169
ATTATCTCCAGAGCATCGCA_002,191
ATTATCTCCAGAGCATCGCA_003,113
ATTATCTCCAGAGCATCGCA_004,140
ATTATCTCCAGAGCATCGCA_005,102
ATTATCTCCAGAGCATCGCA_006,198
ATTATCTCCAGAGCATCGCA_007,26
ATTATCTCCAGAGCATCGCA_008,56
ATTATCTCCAGAGCATCGCA_009,119
ATTATCTCCAGAGCATCGCA_010,187
ATTATCTCCAGAGCATCGCA_011,157
ATTATCTCCAGAGCATCGCA_012,35
ATTATCTCCAGAGCATCGCA_013,192
ATTATCTCCAGAGCATCGCA_014,121
ATTATCTCCAGAGCATCGCA_015,130
ATTATCTCCAGAGCATCGCA_016,90
ATTATCTCCAGAGCATCGCA_017,99
CTCAGACCAACCCTACGCCG_001,1
CTCAGACCAACCCTACGCCG_002,15
CTCAGACCAACCCTACGCCG_003,136
CTCAGACCAACCCTACGCCG_004,137
CTCAGACCAACCCTACGCCG_005,130
CTCAGACCAACCCTACGCCG_006,149
CTCAGACCAACCCTACGCCG_007,55
CTCAGACCAACCCTACGCCG_008,115
CTCAGACCAACCCTACGCCG_009,49
CTCAGACCAACCCTACGCCG_010,106
CTCAGACCAACCCTACGCCG_011,6
CTCAGACCAACCCTACGCCG_012,49
CTCAGACCAACCCTACGCCG_013,56
CTCAGACCAACCCTACGCCG_014,26
CTCAGACCAACCCTACGCCG_015,8
CTCAGACCAACCCTACGCCG_016,40
CTCAGACCAACCCTACGCCG_017,67
CTCAGACCAACCCTACGCCG_018,194
CTCAGACCAACCCTACGCCG_019,50
CTCAGACCAACCCTACGCCG_020,121
CTCAGACCAACCCTACGCCG_021,2
CTCAGACCAACCCTACGCCG_022,180
CTCAGACCAACCCTACGCCG_023,168
CTCAGACCAACCCTACGCCG_024,191
CTCAGACCAACCCTACGCCG_025,10
AATCCACAAGCTGTTACCAG_001,91
AATCCACAAGCTGTTACCAG_002,59
AATCCACAAGCTGTTACCAG_003,72
AATCCACAAGCTGTTACCAG_004,139
AATCCACAAGCTGTTACCAG_005,67
AATCCACAAGCTGTTACCAG_006,197
AATCCACAAGCTGTTACCAG_007,56
AATCCACAAGCTGTTACCAG_008,47
AATCCACAAGCTGTTACCAG_009,13
AATCCACAAGCTGTTACCAG_010,84
AATCCACAAGCTGTTACCAG_011,9
AATCCACAAGCTGTTACCAG_012,177
AGAGCCAAACGATACTCCGC_001,37
AGAGCCAAACGATACTCCGC_002,188
AGAGCCAAACGATACTCCGC_003,94
GTACCCGTACAGTCAAGTTG_001,43
GTACCCGTACAGTCAAGTTG_002,104
GTACCCGTACAGTCAAGTTG_003,198
GTACCCGTACAGTCAAGTTG_004,6
GTACCCGTACAGTCAAGTTG_005,56
GTACCCGTACAGTCAAGTTG_006,103
GAACTACTCTGCAAAAGATC_001,137
GAACTACTCTGCAAAAGATC_002,145
GAACTACTCTGCAAAAGATC_003,80
GAACTACTCTGCAAAAGATC_004,44
GAACTACTCTGCAAAAGATC_005,92
GAACTACTCTGCAAAAGATC_006,16
GAACTACTCTGCAAAAGATC_007,16
GAACTACTCTGCAAAAGATC_008,175
GAACTACTCTGCAAAAGATC_009,63
GAACTACTCTGCAAAAGATC_010,69
CTTTGATCAGATGTACCCCG_001,80
CTTTGATCAGATGTACCCCG_002,75
CTTTGATCAGATGTACCCCG_003,118
CTTTGATCAGATGTACCCCG_004,77
CTTTGATCAGATGTACCCCG_005,199
CTTTGATCAGATGTACCCCG_006,21
CTTTGATCAGATGTACCCCG_007,75
CTTTGATCAGATGTACCCCG_008,176
CTTTGATCAGATGTACCCCG_009,76
CTTTGATCAGATGTACCCCG_010,107
CTTTGATCAGATGTACCCCG_011,156
CTTTGATCAGATGTACCCCG_012,98
CTTTGATCAGATGTACCCCG_013,152
CTTTGATCAGATGTACCCCG_014,19
CTTTGATCAGATGTACCCCG_015,104
CTTTGATCAGATGTACCCCG_016,56
GAACATAAGAAAATTCATCC_001,154
GAACATAAGAAAATTCATCC_002,44
GAACATAAGAAAATTCATCC_003,78
GAACATAAGAAAATTCATCC_004,81
GAACATAAGAAAATTCATCC_005,48
GAACATAAGAAAATTCATCC_006,16
GAACATAAGAAAATTCATCC_007,184
GAACATAAGAAAATTCATCC_008,2
GAACATAAGAAAATTCATCC_009,1
TACAGAAGAAGCTACTATGG_001,176
TACAGAAGAAGCTACTATGG_002,39
TGCTGCTGATGACTTATCCG_001,102
TGCTGCTGATGACTTATCCG_002,144
TGCTGCTGATGACTTATCCG_003,29
TGCTGCTGATGACTTATCCG_004,76
TGCTGCTGATGACTTATCCG_005,62
TGCTGCTGATGACTTATCCG_006,65
TGCTGCTGATGACTTATCCG_007,113
TGCTGCTGATGACTTATCCG_008,129
GCTTCAAAAGTCACATGATG_001,130
GCTTCAAAAGTCACATGATG_002,104
GCTTCAAAAGTCACATGATG_003,168
GCTTCAAAAGTCACATGATG_004,163
GCTTCAAAAGTCACATGATG_005,184
GCTTCAAAAGTCACATGATG_006,109
GCTTCAAAAGTCACATGATG_007,66
TTCTGCGGGAGCATTCGCGG_001,58
TTCTGCGGGAGCATTCGCGG_002,63
TTCTGCGGGAGCATTCGCGG_003,5
TTCTGCGGGAGCATTCGCGG_004,175
TTCTGCGGGAGCATTCGCGG_005,19
TTCTGCGGGAGCATTCGCGG_006,29
TTCTGCGGGAGCATTCGCGG_007,150
TTCTGCGGGAGCATTCGCGG_008,58
TTCTGCGGGAGCATTCGCGG_009,56
TTCTGCGGGAGCATTCGCGG_010,107
TTCTGCGGGAGCATTCGCGG_011,107
TTCTGCGGGAGCATTCGCGG_012,150
TTCTGCGGGAGCATTCGCGG_013,63
TTCTGCGGGAGCATTCGCGG_014,128
TTCTGCGGGAGCATTCGCGG_015,94
TTCTGCGGGAGCATTCGCGG_016,137
TTCTGCGGGAGCATTCGCGG_017,8
TTCTGCGGGAGCATTCGCGG_018,165
TTCTGCGGGAGCATTCGCGG_019,60
TTCTGCGGGAGCATTCGCGG_020,19
TTCTGCGGGAGCATTCGCGG_021,152
TTCTGCGGGAGCATTCGCGG_022,166
TTCTGCGGGAGCATTCGCGG_023,184
TTCTGCGGGAGCATTCGCGG_024,1
TTCTGCGGGAGCATTCGCGG_025,124
TCAGGCTGCCTTACAACATG_001,199
TCAGGCTGCCTTACAACATG_002,199
TCAGGCTGCCTTACAACATG_003,96
TCAGGCTGCCTTACAACATG_004,80
TCAGGCTGCCTTACAACATG_005,62
TCAGGCTGCCTTACAACATG_006,98
TCAGGCTGCCTTACAACATG_007,149
TCAGGCTGCCTTACAACATG_008,119
GCAGTAAGAGCCAATCGTCG_001,115
GCAGTAAGAGCCAATCGTCG_002,124
GCAGTAAGAGCCAATCGTCG_003,133
ATGCTGTAAATATCCTCGTG_001,43
ATGCTGTAAATATCCTCGTG_002,69
TTTACGTGTGACACGCAGAA_001,65
TTTACGTGTGACACGCAGAA_002,177
TTTACGTGTGACACGCAGAA_003,32
TTTACGTGTGACACGCAGAA_004,181
TTTACGTGTGACACGCAGAA_005,50
TGACGCTCGTGACCTTCGCA_001,19
TGACGCTCGTGACCTTCGCA_002,65
TGACGCTCGTGACCTTCGCA_003,166
TGACGCTCGTGACCTTCGCA_004,72
TGACGCTCGTGACCTTCGCA_005,117
TGACGCTCGTGACCTTCGCA_006,9
TGACGCTCGTGACCTTCGCA_007,128
TGACGCTCGTGACCTTCGCA_008,127
TGACGCTCGTGACCTTCGCA_009,94
TGACGCTCGTGACCTTCGCA_010,115
TGACGCTCGTGACCTTCGCA_011,81
TGACGCTCGTGACCTTCGCA_012,65
TGACGCTCGTGACCTTCGCA_013,198
TGACGCTCGTGACCTTCGCA_014,98
TGACGCTCGTGACCTTCGCA_015,83
TGACGCTCGTGACCTTCGCA_016,169
TGACGCTCGTGACCTTCGCA_017,16
TGACGCTCGTGACCTTCGCA_018,70
TGACGCTCGTGACCTTCGCA_019,139
TGACGCTCGTGACCTTCGCA_020,84
TGACGCTCGTGACCTTCGCA_021,176
TGACGCTCGTGACCTTCGCA_022,167
TGACGCTCGTGACCTTCGCA_023,168
TGACGCTCGTGACCTTCGCA_024,126
TGACGCTCGTGACCTTCGCA_025,102
AACCACACAGGGCCAACCAG_001,186
AACCACACAGGGCCAACCAG_002,186
AACCACACAGGGCCAACCAG_003,61
AACCACACAGGGCCAACCAG_004,187
AACCACACAGGGCCAACCAG_005,132
AACCACACAGGGCCAACCAG_006,118
AACCACACAGGGCCAACCAG_007,68
AACCACACAGGGCCAACCAG_008,190
AACCACACAGGGCCAACCAG_009,46
AACCACACAGGGCCAACCAG_010,182
AACCACACAGGGCCAACCAG_011,157
AACCACACAGGGCCAACCAG_012,169
AACCACACAGGGCCAACCAG_013,50
AACCACACAGGGCCAACCAG_014,23
AACCACACAGGGCCAACCAG_015,168
AACCACACAGGGCCAACCAG_016,141
AACCACACAGGGCCAACCAG_017,20
ATACCGTTTGATCACATGGG_001,188
ATACCGTTTGATCACATGGG_002,106
ATACCGTTTGATCACATGGG_003,184
ATACCGTTTGATCACATGGG_004,38
ATACCGTTTGATCACATGGG_005,51
ATACCGTTTGATCACATGGG_006,144
ATACCGTTTGATCACATGGG_007,197
ATACCGTTTGATCACATGGG_008,63
ATACCGTTTGATCACATGGG_009,63
ATACCGTTTGATCACATGGG_010,58
CTTGGCAATGATCTTTACGT_001,130
CTTGGCAATGATCTTTACGT_002,188
CTTGGCAATGATCTTTACGT_003,22
CTTGGCAATGATCTTTACGT_004,130
GGACGCGCTGAGCCTCGCCG_001,119
GGACGCGCTGAGCCTCGCCG_002,48
GGACGCGCTGAGCCTCGCCG_003,2
GGACGCGCTGAGCCTCGCCG_004,77
GGACGCGCTGAGCCTCGCCG_005,191
GGACGCGCTGAGCCTCGCCG_006,166
GGACGCGCTGAGCCTCGCCG_007,121
GGACGCGCTGAGCCTCGCCG_008,88
GGACGCGCTGAGCCTCGCCG_009,198
GGACGCGCTGAGCCTCGCCG_010,22
ACAGCGCTGACGCAGATCCG_001,72
ACAGCGCTGACGCAGATCCG_002,72
ACAGCGCTGACGCAGATCCG_003,175
ACAGCGCTGACGCAGATCCG_004,56
ACAGCGCTGACGCAGATCCG_005,88
ACAGCGCTGACGCAGATCCG_006,27
ACAGCGCTGACGCAGATCCG_007,130
ACAGCGCTGACGCAGATCCG_008,127
ACAGCGCTGACGCAGATCCG_009,15
ACAGCGCTGACGCAGATCCG_010,62
ACAGCGCTGACGCAGATCCG_011,137
ACAGCGCTGACGCAGATCCG_012,81
ACAGCGCTGACGCAGATCCG_013,178
ACAGCGCTGACGCAGATCCG_014,114
ACAGCGCTGACGCAGATCCG_015,170
ACAGCGCTGACGCAGATCCG_016,6
ACAGCGCTGACGCAGATCCG_017,29
ACAGCGCTGACGCAGATCCG_018,81
ACAGCGCTGACGCAGATCCG_019,108
ACAGCGCTGACGCAGATCCG_020,49
ACAGCGCTGACGCAGATCCG_021,9
ACAGCGCTGACGCAGATCCG_022,137
ACAGCGCTGACGCAGATCCG_023,106
ACAGCGCTGACGCAGATCCG_024,99
ACAGCGCTGACGCAGATCCG_025,178
ACAGCGCTGACGCAGATCCG_026,178
ACAGCGCTGACGCAGATCCG_027,151
ACAGCGCTGACGCAGATCCG_028,180
AAGGCCATTCTAGCTGCAGT_001,119
AAGGCCATTCTAGCTGCAGT_002,141
CATGTGGTCGCAGTACGTAT_001,141
CATGTGGTCGCAGTACGTAT_002,58
CATGTGGTCGCAGTACGTAT_003,56
CATGTGGTCGCAGTACGTAT_004,61
CATGTGGTCGCAGTACGTAT_005,1
CATGTGGTCGCAGTACGTAT_006,89
CATGTGGTCGCAGTACGTAT_007,81
CATGTGGTCGCAGTACGTAT_008,79
CATGTGGTCGCAGTACGTAT_009,101
CATGTGGTCGCAGTACGTAT_010,188
GATACACCAAAACTCATGCT_001,162
GATACACCAAAACTCATGCT_002,181
GATACACCAAAACTCATGCT_003,159
GATACACCAAAACTCATGCT_004,52
GATACACCAAAACTCATGCT_005,2
GATACACCAAAACTCATGCT_006,144
GATACACCAAAACTCATGCT_007,72
GATACACCAAAACTCATGCT_008,66
GATACACCAAAACTCATGCT_009,165
GATACACCAAAACTCATGCT_010,72
GATACACCAAAACTCATGCT_011,138
GATACACCAAAACTCATGCT_012,77
TCAATGTGGCCAGTGGCAGT_001,53
TCAATGTGGCCAGTGGCAGT_002,51
TCAATGTGGCCAGTGGCAGT_003,114
TCAATGTGGCCAGTGGCAGT_004,162
TCAATGTGGCCAGTGGCAGT_005,88
TCAATGTGGCCAGTGGCAGT_006,94
TCAATGTGGCCAGTGGCAGT_007,168
TCAATGTGGCCAGTGGCAGT_008,16
TCAATGTGGCCAGTGGCAGT_009,53
TCAATGTGGCCAGTGGCAGT_010,42
CATGCTGAACTCTGTCAACC_001,151
CATGCTGAACTCTGTCAACC_002,172
TGGAAGGCACTCTGTGCCGA_001,107
TGGAAGGCACTCTGTGCCGA_002,166
TGGAAGGCACTCTGTGCCGA_003,107
TCACAGCTCTGCTAAAAAAC_001,127
CGCCGCTCTACAGTCCCACG_001,147
CGCCGCTCTACAGTCCCACG_002,92
CGCCGCTCTACAGTCCCACG_003,16
CGCCGCTCTACAGTCCCACG_004,154
CGCCGCTCTACAGTCCCACG_005,184
CGCCGCTCTACAGTCCCACG_006,40
CGCCGCTCTACAGTCCCACG_007,86
CGCCGCTCTACAGTCCCACG_008,0
CGCCGCTCTACAGTCCCACG_009,149
CGCCGCTCTACAGTCCCACG_010,79
CGCCGCTCTACAGTCCCACG_011,153
GTGGTCTATAGCATATTGCA_001,111
TACCTTCAAAGTTATGTACC_001,199
TACCTTCAAAGTTATGTACC_002,127
TACCTTCAAAGTTATGTACC_003,163
TACCTTCAAAGTTATGTACC_004,25
TACCTTCAAAGTTATGTACC_005,176
TACCTTCAAAGTTATGTACC_006,154
TACCTTCAAAGTTATGTACC_007,110
TACCTTCAAAGTTATGTACC_008,107
CTCCGACCACGGCAACCCAG_001,92
CTCCGACCACGGCAACCCAG_002,127
CTCCGACCACGGCAACCCAG_003,156
CTCCGACCACGGCAACCCAG_004,30
CTCCGACCACGGCAACCCAG_005,29
CTCCGACCACGGCAACCCAG_006,86
CTCCGACCACGGCAACCCAG_007,7
CTCCGACCACGGCAACCCAG_008,1
CTCCGACCACGGCAACCCAG_009,151
CTCCGACCACGGCAACCCAG_010,145
CTCCGACCACGGCAACCCAG_011,112
CTCCGACCACGGCAACCCAG_012,101
CTCCGACCACGGCAACCCAG_013,130
CTCCGACCACGGCAACCCAG_014,190
CTCCGACCACGGCAACCCAG_015,88
CTCCGACCACGGCAACCCAG_016,93
CTCCGACCACGGCAACCCAG_017,55
CTCCGACCACGGCAACCCAG_018,147
CTCCGACCACGGCAACCCAG_019,178
CTCCGACCACGGCAACCCAG_020,158
CTCCGACCACGGCAACCCAG_021,168
CTCCGACCACGGCAACCCAG_022,121
ATACATCAGAGATTGCATGT_001,113
ATACATCAGAGATTGCATGT_002,126
ATACATCAGAGATTGCATGT_003,188
ATACATCAGAGATTGCATGT_004,168
TCTCGTGGCAGGGCAGTCTG_001,16
TCTCGTGGCAGGGCAGTCTG_002,78
TCTCGTGGCAGGGCAGTCTG_003,187
TCTCGTGGCAGGGCAGTCTG_004,120
TCTCGTGGCAGGGCAGTCTG_005,185
TCTCGTGGCAGGGCAGTCTG_006,41
TTGATTATGTACAACTACAC_001,88
TAGCAGGAGACCTGCTGCGG_001,124
TAGCAGGAGACCTGCTGCGG_002,198
GTAGGAGCTGGGTTTACACA_001,96
GTAGGAGCTGGGTTTACACA_002,162
GTAGGAGCTGGGTTTACACA_003,113
GTAGGAGCTGGGTTTACACA_004,83
GTAGGAGCTGGGTTTACACA_005,166
GTAGGAGCTGGGTTTACACA_006,8
GTAGGAGCTGGGTTTACACA_007,194
GTAGGAGCTGGGTTTACACA_008,76
GTAGGAGCTGGGTTTACACA_009,176
GTAGGAGCTGGGTTTACACA_010,146
CAGAATGGGATCAACCACCC_001,160
CAGAATGGGATCAACCACCC_002,96
CAGAATGGGATCAACCACCC_003,115
CAGAATGGGATCAACCACCC_004,54
CAGAATGGGATCAACCACCC_005,137
CAGAATGGGATCAACCACCC_006,127
GAGGCCTACTACTACATGCT_001,53
GAGGCCTACTACTACATGCT_002,62
GAGGCCTACTACTACATGCT_003,168
GAGGCCTACTACTACATGCT_004,8
GAGGCCTACTACTACATGCT_005,49
GAGGCCTACTACTACATGCT_006,152
GAGGCCTACTACTACATGCT_007,68
GAGGCCTACTACTACATGCT_008,199
AGGGCTTCAATGGGTCAACG_001,170
AGGGCTTCAATGGGTCAACG_002,51
AGGGCTTCAATGGGTCAACG_003,29
AGGGCTTCAATGGGTCAACG_004,184
AGGGCTTCAATGGGTCAACG_005,158
AGGGCTTCAATGGGTCAACG_006,15
AGGGCTTCAATGGGTCAACG_007,77
AGGGCTTCAATGGGTCAACG_008,127
AGGGCTTCAATGGGTCAACG_009,20
AGGGCTTCAATGGGTCAACG_010,23
AGGGCTTCAATGGGTCAACG_011,88
AGGGCTTCAATGGGTCAACG_012,173
AGGGCTTCAATGGGTCAACG_013,173
AGGGCTTCAATGGGTCAACG_014,60
AGGGCTTCAATGGGTCAACG_015,82
AGGGCTTCAATGGGTCAACG_016,48
AGGGCTTCAATGGGTCAACG_017,103
AGGGCTTCAATGGGTCAACG_018,14
AGGGCTTCAATGGGTCAACG_019,77
AGGGCTTCAATGGGTCAACG_020,146
AGGGCTTCAATGGGTCAACG_021,69
AGGGCTTCAATGGGTCAACG_022,168
AGGGCTTCAATGGGTCAACG_023,41
AGGGCTTCAATGGGTCAACG_024,199
AGGGCTTCAATGGGTCAACG_025,158
AGGGCTTCAATGGGTCAACG_026,72
GAGCACGAGCAACACAGTCA_001,92
GAGCACGAGCAACACAGTCA_002,41
GAGCACGAGCAACACAGTCA_003,168
GAGCACGAGCAACACAGTCA_004,157
GAGCACGAGCAACACAGTCA_005,137
GAGCACGAGCAACACAGTCA_006,119
GAGCACGAGCAACACAGTCA_007,157
GAGCACGAGCAACACAGTCA_008,146
GAGCACGAGCAACACAGTCA_009,58
GAGCACGAGCAACACAGTCA_010,168
GAGCACGAGCAACACAGTCA_011,23
GAGCACGAGCAACACAGTCA_012,42
GAGCACGAGCAACACAGTCA_013,9
GAGCACGAGCAACACAGTCA_014,163
GAGCACGAGCAACACAGTCA_015,141
GAGCACGAGCAACACAGTCA_016,94
GAGCACGAGCAACACAGTCA_017,78
GAGCACGAGCAACACAGTCA_018,40
GAGCACGAGCAACACAGTCA_019,47
GAGCACGAGCAACACAGTCA_020,43
GAGCACGAGCAACACAGTCA_021,147
GAGCACGAGCAACACAGTCA_022,64
GAGCACGAGCAACACAGTCA_023,198
GAGCACGAGCAACACAGTCA_024,42
GAGCACGAGCAACACAGTCA_025,27
GAGCACGAGCAACACAGTCA_026,131
GAGCACGAGCAACACAGTCA_027,97
GAGCACGAGCAACACAGTCA_028,61
GAGCACGAGCAACACAGTCA_029,63
TCCAACGATGACGAAAACCT_001,15
TCCAACGATGACGAAAACCT_002,2
TCCAACGATGACGAAAACCT_003,119
TCCAACGATGACGAAAACCT_004,60
TCCAACGATGACGAAAACCT_005,42
TCCAACGATGACGAAAACCT_006,88
TCCAACGATGACGAAAACCT_007,45
TCCAACGATGACGAAAACCT_008,171
TCCAACGATGACGAAAACCT_009,25
CCAGTACAGAAATTCGCCTG_001,125
CCAGTACAGAAATTCGCCTG_002,12
CCAGTACAGAAATTCGCCTG_003,135
CCAGTACAGAAATTCGCCTG_004,43
CCAGTACAGAAATTCGCCTG_005,151
CCAGTACAGAAATTCGCCTG_006,86
CCAGTACAGAAATTCGCCTG_007,88
CCAGTACAGAAATTCGCCTG_008,98
CCAGTACAGAAATTCGCCTG_009,62
CCAGTACAGAAATTCGCCTG_010,29
CCAGTACAGAAATTCGCCTG_011,72
CCAGTACAGAAATTCGCCTG_012,144
CCAGTACAGAAATTCGCCTG_013,90
CCAGTACAGAAATTCGCCTG_014,68
CCAGTACAGAAATTCGCCTG_015,48
CCAGTACAGAAATTCGCCTG_016,118
CCAGTACAGAAATTCGCCTG_017,123
CCAGTACAGAAATTCGCCTG_018,52
TGCACTCTCAGATTTGACGC_001,146
TGCACTCTCAGATTTGACGC_002,86
TGCACTCTCAGATTTGACGC_003,172
TGCACTCTCAGATTTGACGC_004,142
TGCACTCTCAGATTTGACGC_005,82
TGCACTCTCAGATTTGACGC_006,68
TGCACTCTCAGATTTGACGC_007,174
TGCACTCTCAGATTTGACGC_008,166
GAAATTGCTCGGAACCGGGA_001,77
GAAATTGCTCGGAACCGGGA_002,176
GAAATTGCTCGGAACCGGGA_003,121
GAAATTGCTCGGAACCGGGA_004,160
GAAATTGCTCGGAACCGGGA_005,15
GAAATTGCTCGGAACCGGGA_006,81
GAAATTGCTCGGAACCGGGA_007,162
GAAATTGCTCGGAACCGGGA_008,115
GAAATTGCTCGGAACCGGGA_009,49
GAAATTGCTCGGAACCGGGA_010,5
GAAATTGCTCGGAACCGGGA_011,110
GAAATTGCTCGGAACCGGGA_012,76
GAAATTGCTCGGAACCGGGA_013,172
GAAATTGCTCGGAACCGGGA_014,168
GAAATTGCTCGGAACCGGGA_015,162
GCATGTCCTGTCATAAGCTC_001,28
GCATGTCCTGTCATAAGCTC_002,72
GCATGTCCTGTCATAAGCTC_003,80
GCATGTCCTGTCATAAGCTC_004,47
GCATGTCCTGTCATAAGCTC_005,93
GCATGTCCTGTCATAAGCTC_006,48
GCATGTCCTGTCATAAGCTC_007,191
GCATGTCCTGTCATAAGCTC_008,170
GCATGTCCTGTCATAAGCTC_009,169
GCATGTCCTGTCATAAGCTC_010,197
GCATGTCCTGTCATAAGCTC_011,29
GCATGTCCTGTCATAAGCTC_012,9
GCATGTCCTGTCATAAGCTC_013,168
GCATGTCCTGTCATAAGCTC_014,167
GCATGTCCTGTCATAAGCTC_015,151
AGTCCAAGGTGAAATAAGGA_001,70
CCCCAACAGCTGAAAATGTG_001,186
CCCCAACAGCTGAAAATGTG_002,152
CCCCAACAGCTGAAAATGTG_003,158
CCCCAACAGCTGAAAATGTG_004,61
CCCCAACAGCTGAAAATGTG_005,136
CCCCAACAGCTGAAAATGTG_006,161
CCCCAACAGCTGAAAATGTG_007,116
CCCCAACAGCTGAAAATGTG_008,19
AACTCTAGGAGACCTCCGGG_001,166
AACTCTAGGAGACCTCCGGG_002,49
AACTCTAGGAGACCTCCGGG_003,188
AACTCTAGGAGACCTCCGGG_004,116
AACTCTAGGAGACCTCCGGG_005,150
AACTCTAGGAGACCTCCGGG_006,62
AACTCTAGGAGACCTCCGGG_007,9
AACTCTAGGAGACCTCCGGG_008,9
AACTCTAGGAGACCTCCGGG_009,91
AACTCTAGGAGACCTCCGGG_010,115
AACTCTAGGAGACCTCCGGG_011,10
CCCATCGATCAGCAGAACTG_001,141
CCCATCGATCAGCAGAACTG_002,47
CCCATCGATCAGCAGAACTG_003,42
CCCATCGATCAGCAGAACTG_004,88
CCCATCGATCAGCAGAACTG_005,103
CCCATCGATCAGCAGAACTG_006,62
CCCATCGATCAGCAGAACTG_007,172
CCCATCGATCAGCAGAACTG_008,34
CCCATCGATCAGCAGAACTG_009,160
CCCATCGATCAGCAGAACTG_010,60
CCCATCGATCAGCAGAACTG_011,41
CCCATCGATCAGCAGAACTG_012,23
CCCATCGATCAGCAGAACTG_013,3
CCCATCGATCAGCAGAACTG_014,160
CTGTCAGACAACCACCGACA_001,191
CTGTCAGACAACCACCGACA_002,94
CTGTCAGACAACCACCGACA_003,43
CTGTCAGACAACCACCGACA_004,38
CTGTCAGACAACCACCGACA_005,176
CTGTCAGACAACCACCGACA_006,197
CTGTCAGACAACCACCGACA_007,91
CTGTCAGACAACCACCGACA_008,52
CTGTCAGACAACCACCGACA_009,76
CTGTCAGACAACCACCGACA_010,127
CTGCTGCGGCGCGCGGACAG_001,188
CTGCTGCGGCGCGCGGACAG_002,49
CTGCTGCGGCGCGCGGACAG_003,181
CTGCTGCGGCGCGCGGACAG_004,111
CTGCTGCGGCGCGCGGACAG_005,174
CTGCTGCGGCGCGCGGACAG_006,56
CTGCTGCGGCGCGCGGACAG_007,43
CTGCTGCGGCGCGCGGACAG_008,70
GGCATAAGTCCAATAACGAC_001,83
GTGCGTCAGAGATGGAGCGC_001,153
GTGCGTCAGAGATGGAGCGC_002,3
GTGCGTCAGAGATGGAGCGC_003,199
GTGCGTCAGAGATGGAGCGC_004,93
GTGCGTCAGAGATGGAGCGC_005,116
GTGCGTCAGAGATGGAGCGC_006,78
GTGCGTCAGAGATGGAGCGC_007,166
GTGCGTCAGAGATGGAGCGC_008,77
GTGCGTCAGAGATGGAGCGC_009,174
GTGCGTCAGAGATGGAGCGC_010,30
GTGCGTCAGAGATGGAGCGC_011,1
GTGCGTCAGAGATGGAGCGC_012,88
GTGCGTCAGAGATGGAGCGC_013,154
GTGCGTCAGAGATGGAGCGC_014,78
GTGCGTCAGAGATGGAGCGC_015,28
GTGCGTCAGAGATGGAGCGC_016,168
GTGCGTCAGAGATGGAGCGC_017,158
GTGCGTCAGAGATGGAGCGC_018,60
GTGCGTCAGAGATGGAGCGC_019,169
GTGCGTCAGAGATGGAGCGC_020,147
GTGCGTCAGAGATGGAGCGC_021,70
GTGCGTCAGAGATGGAGCGC_022,9
GTGCGTCAGAGATGGAGCGC_023,108
GTGCGTCAGAGATGGAGCGC_024,108
GTGCGTCAGAGATGGAGCGC_025,5
GTGCGTCAGAGATGGAGCGC_026,148
GTGCGTCAGAGATGGAGCGC_027,98
GTGCGTCAGAGATGGAGCGC_028,29
GTGCGTCAGAGATGGAGCGC_029,77
CAGTGTGGGGACCTGCACAA_001,47
CAGTGTGGGGACCTGCACAA_002,17
CAGTGTGGGGACCTGCACAA_003,2
CAGTGTGGGGACCTGCACAA_004,72
CAGTGTGGGGACCTGCACAA_005,41
CAGTGTGGGGACCTGCACAA_006,7
CAGTGTGGGGACCTGCACAA_007,53
CAGTGTGGGGACCTGCACAA_008,7
CAGTGTGGGGACCTGCACAA_009,179
CAGTGTGGGGACCTGCACAA_010,49
CAGTGTGGGGACCTGCACAA_011,145
CAGTGTGGGGACCTGCACAA_012,68
CAGTGTGGGGACCTGCACAA_013,106
CAGTGTGGGGACCTGCACAA_014,133
CAGTGTGGGGACCTGCACAA_015,7
CAGTGTGGGGACCTGCACAA_016,2
CAGTGTGGGGACCTGCACAA_017,19
CAGTGTGGGGACCTGCACAA_018,70
CAGTGTGGGGACCTGCACAA_019,32
CAGTGTGGGGACCTGCACAA_020,51
CAGTGTGGGGACCTGCACAA_021,140
CAGTGTGGGGACCTGCACAA_022,77
CAGTGTGGGGACCTGCACAA_023,77
CAGTGTGGGGACCTGCACAA_024,134
CAGTGTGGGGACCTGCACAA_025,119
CAGTGTGGGGACCTGCACAA_026,60
CAGTGTGGGGACCTGCACAA_027,41
CAGTGTGGGGACCTGCACAA_028,91
CAGTGTGGGGACCTGCACAA_029,72
CAGTGTGGGGACCTGCACAA_030,72
CAGTGTGGGGACCTGCACAA_031,191
CAGTGTGGGGACCTGCACAA_032,158
CAGTGTGGGGACCTGCACAA_033,15
CAGTGTGGGGACCTGCACAA_034,145
CAGTGTGGGGACCTGCACAA_035,71
CAGTGTGGGGACCTGCACAA_036,127
CAGTGTGGGGACCTGCACAA_037,127
CAGTGTGGGGACCTGCACAA_038,174
CAGTGTGGGGACCTGCACAA_039,117
CAGTGTGGGGACCTGCACAA_040,95
CAGTGTGGGGACCTGCACAA_041,81
CAGTGTGGGGACCTGCACAA_042,160
CAGTGTGGGGACCTGCACAA_043,58
CAGTGTGGGGACCTGCACAA_044,121
CAGTGTGGGGACCTGCACAA_045,124
CAGTGTGGGGACCTGCACAA_046,29
CAGTGTGGGGACCTGCACAA_047,186
CAGTGTGGGGACCTGCACAA_048,13
CAGTGTGGGGACCTGCACAA_049,184
CAGTGTGGGGACCTGCACAA_050,91
GTAAATGATATGCTTCATCA_001,38
ACTCACACTTGATAGCGTGG_001,23
ACTCACACTTGATAGCGTGG_002,23
CTGTACAATGTAGATGACCG_001,64
GCCTGGTTCAACGAGAGGGT_001,184
GCCTGGTTCAACGAGAGGGT_002,90
GCCTGGTTCAACGAGAGGGT_003,132
GCCTGGTTCAACGAGAGGGT_004,27
GCCTGGTTCAACGAGAGGGT_005,20
GCCTGGTTCAACGAGAGGGT_006,13
GCCTGGTTCAACGAGAGGGT_007,19
GGCATAAATATAATCCACTG_001,166
GGCATAAATATAATCCACTG_002,166
GGCATAAATATAATCCACTG_003,169
GGCATAAATATAATCCACTG_004,100
CCTGCAATATCAATCAACGG_001,29
TGGGGCAGGAAACATAGGAT_001,34
CCACGTACGTAGAGTCGTCG_001,9
CCACGTACGTAGAGTCGTCG_002,13
CCACGTACGTAGAGTCGTCG_003,181
AGGCCTTCATGATCACAGAC_001,174
AGGCCTTCATGATCACAGAC_002,55
AGGCCTTCATGATCACAGAC_003,63
AGGCCTTCATGATCACAGAC_004,1
AAGTTGGTGATCAGACCTGG_001,166
AAGTTGGTGATCAGACCTGG_002,88
AAGTTGGTGATCAGACCTGG_003,116
AAGTTGGTGATCAGACCTGG_004,116
AAGTTGGTGATCAGACCTGG_005,95
AAGTTGGTGATCAGACCTGG_006,95
AAGTTGGTGATCAGACCTGG_007,90
AGCCAGTCCTGTTTAAACCA_001,198
AGCCAGTCCTGTTTAAACCA_002,197
AGCCAGTCCTGTTTAAACCA_003,2
AGCCAGTCCTGTTTAAACCA_004,159
GCAGGTTGGTGAACACCGAG_001,22
GCAGGTTGGTGAACACCGAG_002,98
GCAGGTTGGTGAACACCGAG_003,169
GCAGGTTGGTGAACACCGAG_004,169
GCAGGTTGGTGAACACCGAG_005,70
GCAGGTTGGTGAACACCGAG_006,58
GCAGGTTGGTGAACACCGAG_007,63
GCAGGTTGGTGAACACCGAG_008,134
GCAGGTTGGTGAACACCGAG_009,133
GCAGGTTGGTGAACACCGAG_010,7
GCAGGTTGGTGAACACCGAG_011,34
GCAGGTTGGTGAACACCGAG_012,17
GCAGGTTGGTGAACACCGAG_013,127
GCAGGTTGGTGAACACCGAG_014,10
GCAGGTTGGTGAACACCGAG_015,102
GCAGGTTGGTGAACACCGAG_016,49
GCAGGTTGGTGAACACCGAG_017,9
GCAGGTTGGTGAACACCGAG_018,18
GCAGGTTGGTGAACACCGAG_019,121
GCAGGTTGGTGAACACCGAG_020,19
GCAGGTTGGTGAACACCGAG_021,31
GCAGGTTGGTGAACACCGAG_022,31
GCAGGTTGGTGAACACCGAG_023,195
GCAGGTTGGTGAACACCGAG_024,175
GCAGGTTGGTGAACACCGAG_025,143
GCAGGTTGGTGAACACCGAG_026,162
GCAGGTTGGTGAACACCGAG_027,197
GCAGGTTGGTGAACACCGAG_028,197
GCAGGTTGGTGAACACCGAG_029,178
GCAGGTTGGTGAACACCGAG_030,71
GCAGGTTGGTGAACACCGAG_031,10
GCAGGTTGGTGAACACCGAG_032,19
GCAGGTTGGTGAACACCGAG_033,48
GCAGGTTGGTGAACACCGAG_034,33
CTCCTCAAGTCCACAGACGT_001,80
CTCCTCAAGTCCACAGACGT_002,7
CTCCTCAAGTCCACAGACGT_003,117
CTCCTCAAGTCCACAGACGT_004,142
CTCCTCAAGTCCACAGACGT_005,33
CTCCTCAAGTCCACAGACGT_006,148
CTCCTCAAGTCCACAGACGT_007,197
CTCCTCAAGTCCACAGACGT_008,62
CTCCTCAAGTCCACAGACGT_009,14
CTCCTCAAGTCCACAGACGT_010,50
CTCCTCAAGTCCACAGACGT_011,149
CTCCTCAAGTCCACAGACGT_012,81
CTCCTCAAGTCCACAGACGT_013,50
CTCCTCAAGTCCACAGACGT_014,68
CTCCTCAAGTCCACAGACGT_015,70
CTCCTCAAGTCCACAGACGT_016,120
CTCCTCAAGTCCACAGACGT_017,75
GCACTCGGAGCTTCTACAGA_001,88
GCACTCGGAGCTTCTACAGA_002,148
GCACTCGGAGCTTCTACAGA_003,146
GCACTCGGAGCTTCTACAGA_004,105
GCAGGCGACAGGTCATTCCG_001,31
GCAGGCGACAGGTCATTCCG_002,104
CACACGCTAGTGGACCCCGA_001,168
CACACGCTAGTGGACCCCGA_002,106
CACACGCTAGTGGACCCCGA_003,127
CACACGCTAGTGGACCCCGA_004,12
CACACGCTAGTGGACCCCGA_005,21
CACACGCTAGTGGACCCCGA_006,197
CACACGCTAGTGGACCCCGA_007,172
CACACGCTAGTGGACCCCGA_008,33
CACACGCTAGTGGACCCCGA_009,152
CACACGCTAGTGGACCCCGA_010,41
CACACGCTAGTGGACCCCGA_011,137
CACACGCTAGTGGACCCCGA_012,152
CACACGCTAGTGGACCCCGA_013,3
CACACGCTAGTGGACCCCGA_014,27
CACACGCTAGTGGACCCCGA_015,48
CACACGCTAGTGGACCCCGA_016,175
CACACGCTAGTGGACCCCGA_017,56
CACACGCTAGTGGACCCCGA_018,132
CACACGCTAGTGGACCCCGA_019,147
CACACGCTAGTGGACCCCGA_020,10
AAACCCTGCAAAGAAAACGA_001,187
AAACCCTGCAAAGAAAACGA_002,92
AAACCCTGCAAAGAAAACGA_003,88
AAACCCTGCAAAGAAAACGA_004,102
AAACCCTGCAAAGAAAACGA_005,188
AAACCCTGCAAAGAAAACGA_006,127
AAACCCTGCAAAGAAAACGA_007,132
AAACCCTGCAAAGAAAACGA_008,159
GCAATGCGGTCGATGTACTC_001,1
GCAATGCGGTCGATGTACTC_002,58
GCAATGCGGTCGATGTACTC_003,105
GCAATGCGGTCGATGTACTC_004,156
GCAATGCGGTCGATGTACTC_005,37
GCAATGCGGTCGATGTACTC_006,195
GCAATGCGGTCGATGTACTC_007,46
GCAATGCGGTCGATGTACTC_008,56
GCAATGCGGTCGATGTACTC_009,154
GCAATGCGGTCGATGTACTC_010,134
GCAATGCGGTCGATGTACTC_011,189
AGTCGGGTGCGCATTGCGGG_001,145
AGTCGGGTGCGCATTGCGGG_002,62
AGTCGGGTGCGCATTGCGGG_003,130
AGTCGGGTGCGCATTGCGGG_004,26
AGTCGGGTGCGCATTGCGGG_005,17
AGTCGGGTGCGCATTGCGGG_006,199
AGTCGGGTGCGCATTGCGGG_007,118
AGTCGGGTGCGCATTGCGGG_008,114
AGTCGGGTGCGCATTGCGGG_009,127
AGTCGGGTGCGCATTGCGGG_010,149
AGTCGGGTGCGCATTGCGGG_011,111
AGTCGGGTGCGCATTGCGGG_012,27
AGTCGGGTGCGCATTGCGGG_013,136
CGTGGCGTGCAGGACTCGGG_001,147
CGTGGCGTGCAGGACTCGGG_002,118
CGTGGCGTGCAGGACTCGGG_003,112
CGTGGCGTGCAGGACTCGGG_004,121
CGTGGCGTGCAGGACTCGGG_005,185
CGTGGCGTGCAGGACTCGGG_006,94
ACGAGCACGAACACACGGTG_001,105
ACGAGCACGAACACACGGTG_002,118
ACGAGCACGAACACACGGTG_003,102
ACGAGCACGAACACACGGTG_004,8
ACGAGCACGAACACACGGTG_005,144
ACGAGCACGAACACACGGTG_006,113
ACGAGCACGAACACACGGTG_007,183
ACGAGCACGAACACACGGTG_008,14
ACGAGCACGAACACACGGTG_009,117
ACGAGCACGAACACACGGTG_010,2
ACGAGCACGAACACACGGTG_011,190
ACGAGCACGAACACACGGTG_012,145
ACGAGCACGAACACACGGTG_013,17
ACGAGCACGAACACACGGTG_014,104
ACGAGCACGAACACACGGTG_015,196
ACGAGCACGAACACACGGTG_016,154
ACGAGCACGAACACACGGTG_017,159
ACGAGCACGAACACACGGTG_018,197
ACGAGCACGAACACACGGTG_019,165
ACGAGCACGAACACACGGTG_020,137
ACGAGCACGAACACACGGTG_021,78
ACGAGCACGAACACACGGTG_022,107
ACGAGCACGAACACACGGTG_023,2
ACGAGCACGAACACACGGTG_024,121
ACGAGCACGAACACACGGTG_025,166
ACGAGCACGAACACACGGTG_026,117
AGAGCAAAGTTCTAACTGCG_001,5
AGAGCAAAGTTCTAACTGCG_002,62
AGAGCAAAGTTCTAACTGCG_003,85
AGAGCAAAGTTCTAACTGCG_004,34
ATGTGCACACACTACAGACC_001,127
ATGTGCACACACTACAGACC_002,97
AAGCAGCAGTCCTGAACTCG_001,80
AAGCAGCAGTCCTGAACTCG_002,191
AAGCAGCAGTCCTGAACTCG_003,136
AAGCAGCAGTCCTGAACTCG_004,84
AAGCAGCAGTCCTGAACTCG_005,66
AAGCAGCAGTCCTGAACTCG_006,34
AAGCAGCAGTCCTGAACTCG_007,184
AAGCAGCAGTCCTGAACTCG_008,117
AAGCAGCAGTCCTGAACTCG_009,29
AAGCAGCAGTCCTGAACTCG_010,53
AAGCAGCAGTCCTGAACTCG_011,66
AAGCAGCAGTCCTGAACTCG_012,2
AAGCAGCAGTCCTGAACTCG_013,78
TCACATGCGAACCCATACTG_001,1
TCACATGCGAACCCATACTG_002,9
TCACATGCGAACCCATACTG_003,96
AGAACCAGATCCAGAAGTCA_001,174
AGAACCAGATCCAGAAGTCA_002,88
AGAACCAGATCCAGAAGTCA_003,49
AGAACCAGATCCAGAAGTCA_004,97
AGAACCAGATCCAGAAGTCA_005,94
AGAACCAGATCCAGAAGTCA_006,34
AGAACCAGATCCAGAAGTCA_007,191
GAACCACCAGTGCTTCGTGG_001,169
GAACCACCAGTGCTTCGTGG_002,101
GAACCACCAGTGCTTCGTGG_003,121
GAACCACCAGTGCTTCGTGG_004,150
GAACCACCAGTGCTTCGTGG_005,146
GAACCACCAGTGCTTCGTGG_006,105
GAACCACCAGTGCTTCGTGG_007,172
GAACCACCAGTGCTTCGTGG_008,164
GCGATCAATTTGGTCACCAA_001,117
GCGATCAATTTGGTCACCAA_002,134
GCGATCAATTTGGTCACCAA_003,110
GCGATCAATTTGGTCACCAA_004,179
GCGATCAATTTGGTCACCAA_005,44
GCGATCAATTTGGTCACCAA_006,72
GCGGCGGGAAGGACACGGCG_001,13
GCGGCGGGAAGGACACGGCG_002,111
GCGGCGGGAAGGACACGGCG_003,62
GCGGCGGGAAGGACACGGCG_004,94
GCGGCGGGAAGGACACGGCG_005,150
GCGGCGGGAAGGACACGGCG_006,112
GCGGCGGGAAGGACACGGCG_007,126
GCGGCGGGAAGGACACGGCG_008,26
GCGGCGGGAAGGACACGGCG_009,64
GCGGCGGGAAGGACACGGCG_010,47
GCGGCGGGAAGGACACGGCG_011,150
GCGGCGGGAAGGACACGGCG_012,92
GCGGCGGGAAGGACACGGCG_013,8
GCGGCGGGAAGGACACGGCG_014,95
GCGGCGGGAAGGACACGGCG_015,33
GCGGCGGGAAGGACACGGCG_016,145
GCGGCGGGAAGGACACGGCG_017,29
GCGGCGGGAAGGACACGGCG_018,46
GCGGCGGGAAGGACACGGCG_019,42
GCGGCGGGAAGGACACGGCG_020,168
GCGGCGGGAAGGACACGGCG_021,15
GCGGCGGGAAGGACACGGCG_022,151
GCGGCGGGAAGGACACGGCG_023,72
GCGGCGGGAAGGACACGGCG_024,42
GCTGGAAGCCAGCATCGGGG_001,102
GCTGGAAGCCAGCATCGGGG_002,88
GCTGGAAGCCAGCATCGGGG_003,141
GCTGGAAGCCAGCATCGGGG_004,19
GCTGGAAGCCAGCATCGGGG_005,95
GCTGGAAGCCAGCATCGGGG_006,19
GCTGGAAGCCAGCATCGGGG_007,108
GCTGGAAGCCAGCATCGGGG_008,28
GCTGGAAGCCAGCATCGGGG_009,53
GCTTACCTGCATGTCCCCGG_001,145
GCTTACCTGCATGTCCCCGG_002,57
GCTTACCTGCATGTCCCCGG_003,156
GCTTACCTGCATGTCCCCGG_004,70
GGAGAGCATAGGGCTCTCTG_001,39
ACTGCTGTAATAGAGTTCGG_001,151
ACTGCTGTAATAGAGTTCGG_002,22
ACTGCTGTAATAGAGTTCGG_003,83
ACTGCTGTAATAGAGTTCGG_004,88
ACTGCTGTAATAGAGTTCGG_005,10
ACTGCTGTAATAGAGTTCGG_006,194
ATTTGCACCGACTGAGCAGG_001,129
ATTTGCACCGACTGAGCAGG_002,60
ATTTGCACCGACTGAGCAGG_003,35
ATTTGCACCGACTGAGCAGG_004,191
ATTTGCACCGACTGAGCAGG_005,23
ATTTGCACCGACTGAGCAGG_006,69
ATTTGCACCGACTGAGCAGG_007,58
ATTTGCACCGACTGAGCAGG_008,163
ATTTGCACCGACTGAGCAGG_009,54
ATTTGCACCGACTGAGCAGG_010,174
TCCACACCGACACCATCTGG_001,122
TCCACACCGACACCATCTGG_002,130
TCCACACCGACACCATCTGG_003,42
TCCACACCGACACCATCTGG_004,189
TCCACACCGACACCATCTGG_005,15
TCCACACCGACACCATCTGG_006,121
TCCACACCGACACCATCTGG_007,41
TCCACACCGACACCATCTGG_008,185
TCCACACCGACACCATCTGG_009,165
TCCACACCGACACCATCTGG_010,147
TCCACACCGACACCATCTGG_011,2
TCCACACCGACACCATCTGG_012,43
TCCACACCGACACCATCTGG_013,52
TCCACACCGACACCATCTGG_014,162
TCCACACCGACACCATCTGG_015,165
TCCACACCGACACCATCTGG_016,4
TCCACACCGACACCATCTGG_017,172
TCCACACCGACACCATCTGG_018,39
TCCACACCGACACCATCTGG_019,94
TCCACACCGACACCATCTGG_020,168
TCCACACCGACACCATCTGG_021,197
TCCACACCGACACCATCTGG_022,197
TCCACACCGACACCATCTGG_023,30
AGAGTGTAAGCACTCCACCT_001,88
AGAGTGTAAGCACTCCACCT_002,139
AGAGTGTAAGCACTCCACCT_003,77
AGAGTGTAAGCACTCCACCT_004,148
AGAGTGTAAGCACTCCACCT_005,160
AGAGTGTAAGCACTCCACCT_006,128
AGAGTGTAAGCACTCCACCT_007,83
AGAGTGTAAGCACTCCACCT_008,49
AGAGTGTAAGCACTCCACCT_009,63
AGAGTGTAAGCACTCCACCT_010,142
AGAGTGTAAGCACTCCACCT_011,121
AGAGTGTAAGCACTCCACCT_012,197
AACAGACGTTGCCTTACATG_001,15
AACAGACGTTGCCTTACATG_002,146
CCAGGCTCCTGCATCCTCAG_001,96
GGCCACATAGCGCTCCACGA_001,199
GGCCACATAGCGCTCCACGA_002,197
GGCCACATAGCGCTCCACGA_003,3
GGCCACATAGCGCTCCACGA_004,87
GGCCACATAGCGCTCCACGA_005,170
AGCGCTCTGGTTGCATCCCT_001,62
AGCGCTCTGGTTGCATCCCT_002,78
AGCGCTCTGGTTGCATCCCT_003,46
AGCGCTCTGGTTGCATCCCT_004,37
AGCGCTCTGGTTGCATCCCT_005,79
AGCGCTCTGGTTGCATCCCT_006,42
AGCGCTCTGGTTGCATCCCT_007,17
AGCGCTCTGGTTGCATCCCT_008,88
AGCGCTCTGGTTGCATCCCT_009,11
AGCGCTCTGGTTGCATCCCT_010,193
AGCGCTCTGGTTGCATCCCT_011,69
AGCGCTCTGGTTGCATCCCT_012,120
AGCGCTCTGGTTGCATCCCT_013,9
AGCGCTCTGGTTGCATCCCT_014,34
AGCGCTCTGGTTGCATCCCT_015,34
AGCGCTCTGGTTGCATCCCT_016,98
AGCGCTCTGGTTGCATCCCT_017,154
AGCGCTCTGGTTGCATCCCT_018,81
AGCGCTCTGGTTGCATCCCT_019,49
AGCGCTCTGGTTGCATCCCT_020,41
AGCGCTCTGGTTGCATCCCT_021,106
AGCGCTCTGGTTGCATCCCT_022,184
AGCGCTCTGGTTGCATCCCT_023,41
AGCGCTCTGGTTGCATCCCT_024,154
AGCGCTCTGGTTGCATCCCT_025,9
AGCGCTCTGGTTGCATCCCT_026,184
AGCGCTCTGGTTGCATCCCT_027,138
AGCGCTCTGGTTGCATCCCT_028,166
AGCGCTCTGGTTGCATCCCT_029,103
AGCGCTCTGGTTGCATCCCT_030,72
AGCGCTCTGGTTGCATCCCT_031,40
AGCGCTCTGGTTGCATCCCT_032,153
AGCGCTCTGGTTGCATCCCT_033,166
AGCGCTCTGGTTGCATCCCT_034,66
AGCGCTCTGGTTGCATCCCT_035,79
AGCGCTCTGGTTGCATCCCT_036,133
AGCGCTCTGGTTGCATCCCT_037,2
GCACCGGGTCTCAACTCGTG_001,112
GCACCGGGTCTCAACTCGTG_002,48
GCACCGGGTCTCAACTCGTG_003,190
GCACCGGGTCTCAACTCGTG_004,130
GCACCGGGTCTCAACTCGTG_005,168
GCACCGGGTCTCAACTCGTG_006,75
GCACCGGGTCTCAACTCGTG_007,102
GCACCGGGTCTCAACTCGTG_008,124
GCACCGGGTCTCAACTCGTG_009,172
GCACCGGGTCTCAACTCGTG_010,188
GCACCGGGTCTCAACTCGTG_011,188
TATGCTGTTAAGATTGTGGA_001,185
TATGCTGTTAAGATTGTGGA_002,50
TATGCTGTTAAGATTGTGGA_003,172
TATGCTGTTAAGATTGTGGA_004,133
TATGCTGTTAAGATTGTGGA_005,10
TATGCTGTTAAGATTGTGGA_006,50
TATGCTGTTAAGATTGTGGA_007,185
GCCTTGCCTGCAATATAACC_001,87
GCCTTGCCTGCAATATAACC_002,98
TAGGTGAGCACAAAATGCCG_001,32
TAGGTGAGCACAAAATGCCG_002,149
TAGGTGAGCACAAAATGCCG_003,15
TAGGTGAGCACAAAATGCCG_004,166
TAGGTGAGCACAAAATGCCG_005,149
TAGGTGAGCACAAAATGCCG_006,158
TAGGTGAGCACAAAATGCCG_007,107
TAGGTGAGCACAAAATGCCG_008,82
TAGGTGAGCACAAAATGCCG_009,107
TAGGTGAGCACAAAATGCCG_010,76
TAGGTGAGCACAAAATGCCG_011,175
TGAATCATCCACTCACACAG_001,176
AGGGGCGGGATGTCACTCCG_001,12
AGGGGCGGGATGTCACTCCG_002,91
AGGGGCGGGATGTCACTCCG_003,153
AGGGGCGGGATGTCACTCCG_004,174
AGGGGCGGGATGTCACTCCG_005,145
AGGGGCGGGATGTCACTCCG_006,28
AGGGGCGGGATGTCACTCCG_007,0
AGGGGCGGGATGTCACTCCG_008,45
AGGGGCGGGATGTCACTCCG_009,192
AGGGGCGGGATGTCACTCCG_010,2
AGGGGCGGGATGTCACTCCG_011,91
AGGGGCGGGATGTCACTCCG_012,3
AGGGGCGGGATGTCACTCCG_013,20
AGGGGCGGGATGTCACTCCG_014,149
AGGGGCGGGATGTCACTCCG_015,134
AGGGGCGGGATGTCACTCCG_016,27
AGGGGCGGGATGTCACTCCG_017,125
AGGGGCGGGATGTCACTCCG_018,169
AGGGGCGGGATGTCACTCCG_019,4
AGGGGCGGGATGTCACTCCG_020,126
AGGGGCGGGATGTCACTCCG_021,69
AGGGGCGGGATGTCACTCCG_022,28
TATCTTGGTCCTGTACCAGG_001,16
TATCTTGGTCCTGTACCAGG_002,77
TATCTTGGTCCTGTACCAGG_003,194
TATCTTGGTCCTGTACCAGG_004,105
TATCTTGGTCCTGTACCAGG_005,145
TATCTTGGTCCTGTACCAGG_006,19
TATCTTGGTCCTGTACCAGG_007,20
TATCTTGGTCCTGTACCAGG_008,15
TATCTTGGTCCTGTACCAGG_009,145
TATCTTGGTCCTGTACCAGG_010,51
TATCTTGGTCCTGTACCAGG_011,116
TATCTTGGTCCTGTACCAGG_012,138
TATCTTGGTCCTGTACCAGG_013,48
AATTCTACAGATCAGACCCA_001,34
AATTCTACAGATCAGACCCA_002,93
AATTCTACAGATCAGACCCA_003,4
AATTCTACAGATCAGACCCA_004,32
AATTCTACAGATCAGACCCA_005,57
AATTCTACAGATCAGACCCA_006,158
AATTCTACAGATCAGACCCA_007,37
GCTGGAAGTCGTAATCCCAG_001,140
GCTGGAAGTCGTAATCCCAG_002,145
GCTGGAAGTCGTAATCCCAG_003,197
GGAGAGGAACCCGTCCGGCA_001,96
GGAGAGGAACCCGTCCGGCA_002,113
GGAGAGGAACCCGTCCGGCA_003,77
GGAGAGGAACCCGTCCGGCA_004,72
GGAGAGGAACCCGTCCGGCA_005,160
GGAGAGGAACCCGTCCGGCA_006,98
GGAGAGGAACCCGTCCGGCA_007,155
GGAGAGGAACCCGTCCGGCA_008,169
GGAGAGGAACCCGTCCGGCA_009,68
GGAGAGGAACCCGTCCGGCA_010,170
GGAGAGGAACCCGTCCGGCA_011,108
GGAGAGGAACCCGTCCGGCA_012,108
GGAGAGGAACCCGTCCGGCA_013,152
GGAGAGGAACCCGTCCGGCA_014,142
GGAGAGGAACCCGTCCGGCA_015,67
GGAGAGGAACCCGTCCGGCA_016,186
GGAGAGGAACCCGTCCGGCA_017,10
GGAGAGGAACCCGTCCGGCA_018,23
GGAGAGGAACCCGTCCGGCA_019,23
GGAGAGGAACCCGTCCGGCA_020,130
GGAGAGGAACCCGTCCGGCA_021,152
GGAGAGGAACCCGTCCGGCA_022,79
GGAGAGGAACCCGTCCGGCA_023,43
GGAGAGGAACCCGTCCGGCA_024,58
AATCCTTGGAGCCCTAACAG_001,62
AATCCTTGGAGCCCTAACAG_002,126
AATCCTTGGAGCCCTAACAG_003,102
AATCCTTGGAGCCCTAACAG_004,159
TTTGTGAAAGGTTTATACAG_001,57
TTTGTGAAAGGTTTATACAG_002,48
CAACTTACCGTAAATCCTTG_001,172
CAACTTACCGTAAATCCTTG_002,156
CAACTTACCGTAAATCCTTG_003,101
CAACTTACCGTAAATCCTTG_004,99
CAACTTACCGTAAATCCTTG_005,131
CAACTTACCGTAAATCCTTG_006,131
CTGGTGCGGGTCAGTCCGTG_001,162
CTGGTGCGGGTCAGTCCGTG_002,130
CTGGTGCGGGTCAGTCCGTG_003,130
CTGGTGCGGGTCAGTCCGTG_004,176
CTGGTGCGGGTCAGTCCGTG_005,85
AATATGCTTGCGATTACAGT_001,193
AATATGCTTGCGATTACAGT_002,176
AATATGCTTGCGATTACAGT_003,176
AATATGCTTGCGATTACAGT_004,141
AATATGCTTGCGATTACAGT_005,3
AATATGCTTGCGATTACAGT_006,3
AATATGCTTGCGATTACAGT_007,115
AATATGCTTGCGATTACAGT_008,120
AATATGCTTGCGATTACAGT_009,92
AATATGCTTGCGATTACAGT_010,138
AATATGCTTGCGATTACAGT_011,190
AATATGCTTGCGATTACAGT_012,152
GAGTATCAGCTAAAAACACG_001,23
GAGTATCAGCTAAAAACACG_002,38
GAGTATCAGCTAAAAACACG_003,1
GAGTATCAGCTAAAAACACG_004,116
GAGTATCAGCTAAAAACACG_005,112
GAGTATCAGCTAAAAACACG_006,2
GAGTATCAGCTAAAAACACG_007,38
GAGTATCAGCTAAAAACACG_008,104
GAGTATCAGCTAAAAACACG_009,69
GAGTATCAGCTAAAAACACG_010,67
GAGTATCAGCTAAAAACACG_011,105
GAGTATCAGCTAAAAACACG_012,169
GAGTATCAGCTAAAAACACG_013,108
TCAGGATCAGGGTGTATGGC_001,2
TCAGGATCAGGGTGTATGGC_002,199
TCAGGATCAGGGTGTATGGC_003,172
TCAGGATCAGGGTGTATGGC_004,102
TCAGGATCAGGGTGTATGGC_005,183
TCAGGATCAGGGTGTATGGC_006,117
TCAGGATCAGGGTGTATGGC_007,81
TCAGGATCAGGGTGTATGGC_008,83
TCTTTGTCAACACTCTAGAA_001,10
TCTTTGTCAACACTCTAGAA_002,166
TCTTTGTCAACACTCTAGAA_003,79
TCTTTGTCAACACTCTAGAA_004,51
TCTTTGTCAACACTCTAGAA_005,108
GTTGTCCACAAGACAAATGA_001,6
GTTGTCCACAAGACAAATGA_002,68
GTTGTCCACAAGACAAATGA_003,178
GTTGTCCACAAGACAAATGA_004,80
GTTGTCCACAAGACAAATGA_005,161
GTTGTCCACAAGACAAATGA_006,145
GTTGTCCACAAGACAAATGA_007,148
GTTGTCCACAAGACAAATGA_008,116
GTTGTCCACAAGACAAATGA_009,44
GTTGTCCACAAGACAAATGA_010,148
AAACTTCTCAACATTGCAGA_001,12
AAACTTCTCAACATTGCAGA_002,105
AAACTTCTCAACATTGCAGA_003,37
AAACTTCTCAACATTGCAGA_004,78
AAACTTCTCAACATTGCAGA_005,156
AAACTTCTCAACATTGCAGA_006,153
AAACTTCTCAACATTGCAGA_007,41
AAACTTCTCAACATTGCAGA_008,119
AAACTTCTCAACATTGCAGA_009,185
AAACTTCTCAACATTGCAGA_010,111
AAACTTCTCAACATTGCAGA_011,102
GGTGGCGCAAACGAGTAGCA_001,67
GGTGGCGCAAACGAGTAGCA_002,16
GGTGGCGCAAACGAGTAGCA_003,149
GGTGGCGCAAACGAGTAGCA_004,10
GGTGGCGCAAACGAGTAGCA_005,185
GGTGGCGCAAACGAGTAGCA_006,67
GGTGGCGCAAACGAGTAGCA_007,83
GGTGGCGCAAACGAGTAGCA_008,172
GGTGGCGCAAACGAGTAGCA_009,9
GGTGGCGCAAACGAGTAGCA_010,168
GGTGGCGCAAACGAGTAGCA_011,188
GGTGGCGCAAACGAGTAGCA_012,9
GGTGGCGCAAACGAGTAGCA_013,169
GGTGGCGCAAACGAGTAGCA_014,76
GGTGGCGCAAACGAGTAGCA_015,172
GGTGGCGCAAACGAGTAGCA_016,145
GGTGGCGCAAACGAGTAGCA_017,159
GGTGGCGCAAACGAGTAGCA_018,149
GGTGGCGCAAACGAGTAGCA_019,19
GGTGGCGCAAACGAGTAGCA_020,149
GGTGGCGCAAACGAGTAGCA_021,184
GGTGGCGCAAACGAGTAGCA_022,168
GGTGGCGCAAACGAGTAGCA_023,182
GGTGGCGCAAACGAGTAGCA_024,70
GGTGGCGCAAACGAGTAGCA_025,29
GGTGGCGCAAACGAGTAGCA_026,77
GGTGGCGCAAACGAGTAGCA_027,51
GGTGGCGCAAACGAGTAGCA_028,125
GGTGGCGCAAACGAGTAGCA_029,170
GGTGGCGCAAACGAGTAGCA_030,66
GGTGGCGCAAACGAGTAGCA_031,37
GGTGGCGCAAACGAGTAGCA_032,126
GGTGGCGCAAACGAGTAGCA_033,77
GGTGGCGCAAACGAGTAGCA_034,9
GGTGGCGCAAACGAGTAGCA_035,88
GGTGGCGCAAACGAGTAGCA_036,50
ACGTTCATATTTGTTGCACG_001,194
GGATCTCATACTCAACATCG_001,65
GGATCTCATACTCAACATCG_002,83
TTGTTGAAGGTTGAGCTCTG_001,8
TTGTTGAAGGTTGAGCTCTG_002,11
TTGTTGAAGGTTGAGCTCTG_003,14
TTGTTGAAGGTTGAGCTCTG_004,194
TTGTTGAAGGTTGAGCTCTG_005,32
TTGTTGAAGGTTGAGCTCTG_006,137
TTGTTGAAGGTTGAGCTCTG_007,138
TTGTTGAAGGTTGAGCTCTG_008,196
CACCCGTGATCTCGAACACG_001,149
CACCCGTGATCTCGAACACG_002,82
CACCCGTGATCTCGAACACG_003,79
CACCCGTGATCTCGAACACG_004,83
CACCCGTGATCTCGAACACG_005,55
CACCCGTGATCTCGAACACG_006,25
GAGCCCAAAAGGCATGCGAC_001,36
GAGCCCAAAAGGCATGCGAC_002,156
GAGCCCAAAAGGCATGCGAC_003,103
GAGCCCAAAAGGCATGCGAC_004,88
GAGCCCAAAAGGCATGCGAC_005,168
GAGCCCAAAAGGCATGCGAC_006,115
GAGCCCAAAAGGCATGCGAC_007,78
GAGCCCAAAAGGCATGCGAC_008,176
GAGCCCAAAAGGCATGCGAC_009,8
GAGCCCAAAAGGCATGCGAC_010,42
TTGGAGAGACAGACCCGCGG_001,134
TTGGAGAGACAGACCCGCGG_002,130
TTGGAGAGACAGACCCGCGG_003,29
TTGGAGAGACAGACCCGCGG_004,198
TTGGAGAGACAGACCCGCGG_005,93
TTGGAGAGACAGACCCGCGG_006,184
TTGGAGAGACAGACCCGCGG_007,146
AGGAAGTCCGATTCTCCTGG_001,53
AGGAAGTCCGATTCTCCTGG_002,18
AGGAAGTCCGATTCTCCTGG_003,44
AGGAAGTCCGATTCTCCTGG_004,197
AGGAAGTCCGATTCTCCTGG_005,83
AGGAAGTCCGATTCTCCTGG_006,158
AGGAAGTCCGATTCTCCTGG_007,17
AGGAAGTCCGATTCTCCTGG_008,188
AGGAAGTCCGATTCTCCTGG_009,115
AGGAAGTCCGATTCTCCTGG_010,22
AGGAAGTCCGATTCTCCTGG_011,52
AAGCCCCAGTACCATCGACG_001,145
AAGCCCCAGTACCATCGACG_002,62
AAGCCCCAGTACCATCGACG_003,48
AAGCCCCAGTACCATCGACG_004,9
AAGCCCCAGTACCATCGACG_005,59
AAGCCCCAGTACCATCGACG_006,169
AAGCCCCAGTACCATCGACG_007,182
AAGCCCCAGTACCATCGACG_008,84
AAGCCCCAGTACCATCGACG_009,38
AAGCCCCAGTACCATCGACG_010,120
AAGCCCCAGTACCATCGACG_011,17
AAGCCCCAGTACCATCGACG_012,152
AAGCCCCAGTACCATCGACG_013,4
AAGCCCCAGTACCATCGACG_014,83
AAGCCCCAGTACCATCGACG_015,2
AAGCCCCAGTACCATCGACG_016,50
AAGCCCCAGTACCATCGACG_017,64
AAGCCCCAGTACCATCGACG_018,197
AAGCCCCAGTACCATCGACG_019,47
AAGCCCCAGTACCATCGACG_020,0
AAGCCCCAGTACCATCGACG_021,1
AAGCCCCAGTACCATCGACG_022,78
AAGCCCCAGTACCATCGACG_023,70
AAGCCCCAGTACCATCGACG_024,149
AAGCCCCAGTACCATCGACG_025,40
AAGCCCCAGTACCATCGACG_026,191
CAAGCTTAAACCCTTACCTG_001,25
CAAGCTTAAACCCTTACCTG_002,41
CAAGCTTAAACCCTTACCTG_003,168
CAAGCTTAAACCCTTACCTG_004,138
AACAGGCTTCCAGATATCTG_001,2
AACAGGCTTCCAGATATCTG_002,56
AACAGGCTTCCAGATATCTG_003,76
AACAGGCTTCCAGATATCTG_004,11
AGCCAGGACACGTGCAGGAC_001,146
AGCCAGGACACGTGCAGGAC_002,51
AGCCAGGACACGTGCAGGAC_003,14
AGCCAGGACACGTGCAGGAC_004,115
GTTCCTGGGCTCCTTCCTGG_001,162
TAGTTCCACTGACACCCGGG_001,158
TAGTTCCACTGACACCCGGG_002,141
TAGTTCCACTGACACCCGGG_003,82
TAGTTCCACTGACACCCGGG_004,3
TAGTTCCACTGACACCCGGG_005,87
TAGTTCCACTGACACCCGGG_006,56
TAGTTCCACTGACACCCGGG_007,57
AGAACAAGTCCTGGAATACG_001,138
AGAACAAGTCCTGGAATACG_002,34
AGAACAAGTCCTGGAATACG_003,160
AGAACAAGTCCTGGAATACG_004,154
AGAACAAGTCCTGGAATACG_005,50
AGAACAAGTCCTGGAATACG_006,77
AGAACAAGTCCTGGAATACG_007,12
AGAACAAGTCCTGGAATACG_008,130
AGAACAAGTCCTGGAATACG_009,121
AGAACAAGTCCTGGAATACG_010,176
GTGGCTCAGCTTTGATGTCG_001,5
GTGGCTCAGCTTTGATGTCG_002,179
GTGGCTCAGCTTTGATGTCG_003,6
GTGGCTCAGCTTTGATGTCG_004,174
GTGGCTCAGCTTTGATGTCG_005,5
GTGGCTCAGCTTTGATGTCG_006,6
GTGGCTCAGCTTTGATGTCG_007,130
GTGGCTCAGCTTTGATGTCG_008,94
GTGGCTCAGCTTTGATGTCG_009,27
GTGGCTCAGCTTTGATGTCG_010,52
GTGGCTCAGCTTTGATGTCG_011,111
GTGGCTCAGCTTTGATGTCG_012,48
GTGGCTCAGCTTTGATGTCG_013,57
GTGGCTCAGCTTTGATGTCG_014,166
GTGGCTCAGCTTTGATGTCG_015,183
GTGGCTCAGCTTTGATGTCG_016,77
CATACGGCGCACCCCAAACA_001,144
CATACGGCGCACCCCAAACA_002,96
CATACGGCGCACCCCAAACA_003,170
CATACGGCGCACCCCAAACA_004,1
CATACGGCGCACCCCAAACA_005,113
CATACGGCGCACCCCAAACA_006,62
GGGCGAGGACCTGAACGACT_001,132
GGGCGAGGACCTGAACGACT_002,158
GGGCGAGGACCTGAACGACT_003,19
GGGCGAGGACCTGAACGACT_004,15
GGGCGAGGACCTGAACGACT_005,76
GGGCGAGGACCTGAACGACT_006,199
GGGCGAGGACCTGAACGACT_007,43
GGGCGAGGACCTGAACGACT_008,121
TGTAGGTCGGAATGTTCCAG_001,155
TGTAGGTCGGAATGTTCCAG_002,188
ACTGGACCATGATTGCTCTG_001,145
ACTGGACCATGATTGCTCTG_002,47
ACTGGACCATGATTGCTCTG_003,161
ACTGGACCATGATTGCTCTG_004,149
ACTGGACCATGATTGCTCTG_005,169
ACTGGACCATGATTGCTCTG_006,168
TTGGGTCGCACGACCAGCGA_001,11
TTGGGTCGCACGACCAGCGA_002,58
TTGGGTCGCACGACCAGCGA_003,116
TTGGGTCGCACGACCAGCGA_004,32
CAGTATGTCACGCTCCACGA_001,175
CAGTATGTCACGCTCCACGA_002,49
CAGTATGTCACGCTCCACGA_003,197
CAGTATGTCACGCTCCACGA_004,77
CAGTATGTCACGCTCCACGA_005,1
CAGTATGTCACGCTCCACGA_006,94
GCTTACGTGTGCAAAACCGG_001,184
GCTTACGTGTGCAAAACCGG_002,43
GCTTACGTGTGCAAAACCGG_003,167
GCTTACGTGTGCAAAACCGG_004,191
GCTTACGTGTGCAAAACCGG_005,17
GCTTACGTGTGCAAAACCGG_006,107
GCTTACGTGTGCAAAACCGG_007,148
GCTTACGTGTGCAAAACCGG_008,29
GCTTACGTGTGCAAAACCGG_009,95
GCTTACGTGTGCAAAACCGG_010,19
GCTTACGTGTGCAAAACCGG_011,15
GCTTACGTGTGCAAAACCGG_012,19
GCTTACGTGTGCAAAACCGG_013,13
GCTTACGTGTGCAAAACCGG_014,116
AGCAAGATCTCAGTCAGAGT_001,41
AGCAAGATCTCAGTCAGAGT_002,150
AGCAAGATCTCAGTCAGAGT_003,149
AGCAAGATCTCAGTCAGAGT_004,9
AGCAAGATCTCAGTCAGAGT_005,175
AGCAAGATCTCAGTCAGAGT_006,94
AGCAAGATCTCAGTCAGAGT_007,139
AGCAGCATTCACCAGTGCTG_001,43
AGCAGCATTCACCAGTGCTG_002,161
AGCAGCATTCACCAGTGCTG_003,130
AGCAGCATTCACCAGTGCTG_004,111
AGCAGCATTCACCAGTGCTG_005,176
AGCAGCATTCACCAGTGCTG_006,162
AGCAGCATTCACCAGTGCTG_007,8
AGCAGCATTCACCAGTGCTG_008,12
GGATGGTTCGAACGAATCTG_001,5
GGATGGTTCGAACGAATCTG_002,84
GGATGGTTCGAACGAATCTG_003,150
GGATGGTTCGAACGAATCTG_004,155
GGATGGTTCGAACGAATCTG_005,102
GGATGGTTCGAACGAATCTG_006,147
GGATGGTTCGAACGAATCTG_007,140
GGATGGTTCGAACGAATCTG_008,91
CACACTCTTCGATATCCTGG_001,190
CCTCCGCAATGACATTCAAG_001,65
CCTCCGCAATGACATTCAAG_002,3
GTCTTGCAGGAATGACACCA_001,12
GTCTTGCAGGAATGACACCA_002,127
GTCTTGCAGGAATGACACCA_003,56
TAGCAGGTGGCGCCACACCG_001,29
TAGCAGGTGGCGCCACACCG_002,150
TAGCAGGTGGCGCCACACCG_003,62
TAGCAGGTGGCGCCACACCG_004,9
TAGCAGGTGGCGCCACACCG_005,32
TAGCAGGTGGCGCCACACCG_006,88
TAGCAGGTGGCGCCACACCG_007,146
TAGCAGGTGGCGCCACACCG_008,127
TAGCAGGTGGCGCCACACCG_009,189
TAGCAGGTGGCGCCACACCG_010,21
TAGCAGGTGGCGCCACACCG_011,150
TAGCAGGTGGCGCCACACCG_012,129
TAGCAGGTGGCGCCACACCG_013,147
TAGCAGGTGGCGCCACACCG_014,170
TAGCAGGTGGCGCCACACCG_015,27
TAGCAGGTGGCGCCACACCG_016,191
TGGCACCGGTTAGCGTAGAG_001,62
TGGCACCGGTTAGCGTAGAG_002,17
TGGCACCGGTTAGCGTAGAG_003,49
TGGCACCGGTTAGCGTAGAG_004,170
TGGCACCGGTTAGCGTAGAG_005,101
TGGCACCGGTTAGCGTAGAG_006,97
TGGCACCGGTTAGCGTAGAG_007,48
TGGCACCGGTTAGCGTAGAG_008,102
TGGCACCGGTTAGCGTAGAG_009,116
TGGCACCGGTTAGCGTAGAG_010,83
TGGCACCGGTTAGCGTAGAG_011,108
TGGCACCGGTTAGCGTAGAG_012,116
TGGCACCGGTTAGCGTAGAG_013,148
TGGCACCGGTTAGCGTAGAG_014,168
TGGCACCGGTTAGCGTAGAG_015,30
TGGCACCGGTTAGCGTAGAG_016,135
TGGCACCGGTTAGCGTAGAG_017,158
TGGCACCGGTTAGCGTAGAG_018,149
TGGCACCGGTTAGCGTAGAG_019,199
TGGCACCGGTTAGCGTAGAG_020,83
TGGCACCGGTTAGCGTAGAG_021,17
TGGCACCGGTTAGCGTAGAG_022,88
TGGCACCGGTTAGCGTAGAG_023,172
TGGCACCGGTTAGCGTAGAG_024,191
TGGCACCGGTTAGCGTAGAG_025,173
TGGCACCGGTTAGCGTAGAG_026,81
TGGCACCGGTTAGCGTAGAG_027,130
TGGCACCGGTTAGCGTAGAG_028,124
TGGCACCGGTTAGCGTAGAG_029,28
CTCTACATCGAGATCCCGGG_001,62
CTCTACATCGAGATCCCGGG_002,29
CTCTACATCGAGATCCCGGG_003,70
CTCTACATCGAGATCCCGGG_004,172
CTCTACATCGAGATCCCGGG_005,133
CTCTACATCGAGATCCCGGG_006,172
ACACGGACTGGTTCGCTCTG_001,144
ACACGGACTGGTTCGCTCTG_002,144
ACACGGACTGGTTCGCTCTG_003,25
ACACGGACTGGTTCGCTCTG_004,104
ACACGGACTGGTTCGCTCTG_005,185
ACACGGACTGGTTCGCTCTG_006,126
ACACGGACTGGTTCGCTCTG_007,79
ACACGGACTGGTTCGCTCTG_008,103
ACACGGACTGGTTCGCTCTG_009,187
ACACGGACTGGTTCGCTCTG_010,91
ACACGGACTGGTTCGCTCTG_011,104
ACACGGACTGGTTCGCTCTG_012,148
ACACGGACTGGTTCGCTCTG_013,168
ACACGGACTGGTTCGCTCTG_014,1
ACACGGACTGGTTCGCTCTG_015,108
ACACGGACTGGTTCGCTCTG_016,166
ACACGGACTGGTTCGCTCTG_017,62
ACACGGACTGGTTCGCTCTG_018,56
ACACGGACTGGTTCGCTCTG_019,144
ACACGGACTGGTTCGCTCTG_020,144
ACACGGACTGGTTCGCTCTG_021,84
ACACGGACTGGTTCGCTCTG_022,168
ACACGGACTGGTTCGCTCTG_023,40
ACACGGACTGGTTCGCTCTG_024,33
ACACGGACTGGTTCGCTCTG_025,76
ACACGGACTGGTTCGCTCTG_026,105
GTCAGTGAAAGACATTTGGT_001,193
GTCAGTGAAAGACATTTGGT_002,145
GTCAGTGAAAGACATTTGGT_003,2
GTCAGTGAAAGACATTTGGT_004,34
GTCAGTGAAAGACATTTGGT_005,196
GTCAGTGAAAGACATTTGGT_006,64
GTCAGTGAAAGACATTTGGT_007,95
GTCAGTGAAAGACATTTGGT_008,56
GTCAGTGAAAGACATTTGGT_009,34
GTCAGTGAAAGACATTTGGT_010,127
GTCAGTGAAAGACATTTGGT_011,19
GTCAGTGAAAGACATTTGGT_012,190
GTCAGTGAAAGACATTTGGT_013,9
GTCAGTGAAAGACATTTGGT_014,49
GTCAGTGAAAGACATTTGGT_015,170
GTCAGTGAAAGACATTTGGT_016,88
GTCAGTGAAAGACATTTGGT_017,151
GTCAGTGAAAGACATTTGGT_018,24
AAGACTCTAGTAGCCCATCG_001,11
AAGACTCTAGTAGCCCATCG_002,0
AAGACTCTAGTAGCCCATCG_003,84
GCCCCTGCTGCTGTATATCT_001,160
GCCCCTGCTGCTGTATATCT_002,41
GCCCCTGCTGCTGTATATCT_003,90
AGGTGTTCTGAACAAGTTCA_001,130
AGGTGTTCTGAACAAGTTCA_002,160
AGGTGTTCTGAACAAGTTCA_003,69
AGGTGTTCTGAACAAGTTCA_004,94
CAGCGGCATCAAACTCAACG_001,19
CAGCGGCATCAAACTCAACG_002,29
CAGCGGCATCAAACTCAACG_003,116
CAGCGGCATCAAACTCAACG_004,11
CAGCGGCATCAAACTCAACG_005,157
CAGCGGCATCAAACTCAACG_006,64
ACTAGACAGGAGCACCACGG_001,154
ACTAGACAGGAGCACCACGG_002,73
ACTAGACAGGAGCACCACGG_003,81
ACTAGACAGGAGCACCACGG_004,197
ACTAGACAGGAGCACCACGG_005,5
ACTAGACAGGAGCACCACGG_006,97
ACTAGACAGGAGCACCACGG_007,148
ACTAGACAGGAGCACCACGG_008,40
ACTAGACAGGAGCACCACGG_009,20
ACTAGACAGGAGCACCACGG_010,94
ACTAGACAGGAGCACCACGG_011,74
ACTAGACAGGAGCACCACGG_012,28
ACTAGACAGGAGCACCACGG_013,107
ACTAGACAGGAGCACCACGG_014,88
ACTAGACAGGAGCACCACGG_015,162
ACTAGACAGGAGCACCACGG_016,10
ACTAGACAGGAGCACCACGG_017,168
ACTAGACAGGAGCACCACGG_018,198
ACTAGACAGGAGCACCACGG_019,12
GCACGAAGTAGCCATAGACC_001,191
CCAACTCACATGAGTCAACG_001,36
CCAACTCACATGAGTCAACG_002,116
CCAACTCACATGAGTCAACG_003,65
CCAACTCACATGAGTCAACG_004,76
CCAACTCACATGAGTCAACG_005,16
CCAACTCACATGAGTCAACG_006,161
CCGCAGGGAACGTATTACCA_001,147
CCGCAGGGAACGTATTACCA_002,63
GGTGATTGTGAAGACAAGAA_001,169
GGTGATTGTGAAGACAAGAA_002,58
GGTGATTGTGAAGACAAGAA_003,127
GGTGATTGTGAAGACAAGAA_004,69
GGTGATTGTGAAGACAAGAA_005,84
GGTGATTGTGAAGACAAGAA_006,21
GGTGATTGTGAAGACAAGAA_007,19
GGTGATTGTGAAGACAAGAA_008,50
GGTGATTGTGAAGACAAGAA_009,1
GGTGATTGTGAAGACAAGAA_010,61
GGTGATTGTGAAGACAAGAA_011,44
GGTGATTGTGAAGACAAGAA_012,10
GGTGATTGTGAAGACAAGAA_013,30
GGTGATTGTGAAGACAAGAA_014,199
CCTGTGATAGGGTCACTCAG_001,133
CCTGTGATAGGGTCACTCAG_002,147
CCTGTGATAGGGTCACTCAG_003,1
CCTGTGATAGGGTCACTCAG_004,168
CCTGTGATAGGGTCACTCAG_005,38
CCTGTGATAGGGTCACTCAG_006,184
CCTGTGATAGGGTCACTCAG_007,188
CCTGTGATAGGGTCACTCAG_008,166
CCTGTGATAGGGTCACTCAG_009,85
CCTGTGATAGGGTCACTCAG_010,104
CCTGTGATAGGGTCACTCAG_011,9
CCTGTGATAGGGTCACTCAG_012,174
CCTGTGATAGGGTCACTCAG_013,122
CCTGTGATAGGGTCACTCAG_014,145
CCTGTGATAGGGTCACTCAG_015,159
GCCCAGAAATAAATAGAGGG_001,49
GCCCAGAAATAAATAGAGGG_002,148
GCCCAGAAATAAATAGAGGG_003,5
GCCCAGAAATAAATAGAGGG_004,159
GCCCAGAAATAAATAGAGGG_005,179
GCCCAGAAATAAATAGAGGG_006,196
GCCCAGAAATAAATAGAGGG_007,61
CGAGACCGTCACTGAGACAA_001,190
CGAGACCGTCACTGAGACAA_002,166
CGAGACCGTCACTGAGACAA_003,174
CGAGACCGTCACTGAGACAA_004,149
CGAGACCGTCACTGAGACAA_005,135
CGAGACCGTCACTGAGACAA_006,121
CGAGACCGTCACTGAGACAA_007,81
CGAGACCGTCACTGAGACAA_008,94
CGAGACCGTCACTGAGACAA_009,148
CGAGACCGTCACTGAGACAA_010,130
CGAGACCGTCACTGAGACAA_011,178
CGAGACCGTCACTGAGACAA_012,176
CGAGACCGTCACTGAGACAA_013,80
CGAGACCGTCACTGAGACAA_014,127
CGAGACCGTCACTGAGACAA_015,188
CTGTGGAGTGAGTTGTATTG_001,58
CTGTGGAGTGAGTTGTATTG_002,23
CTGTGGAGTGAGTTGTATTG_003,77
CTGTGGAGTGAGTTGTATTG_004,193
CTGTGGAGTGAGTTGTATTG_005,116
CTGTGGAGTGAGTTGTATTG_006,113
CTGTGGAGTGAGTTGTATTG_007,106
CTGTGGAGTGAGTTGTATTG_008,132
CTGTGGAGTGAGTTGTATTG_009,189
CTGTGGAGTGAGTTGTATTG_010,162
CTGTGGAGTGAGTTGTATTG_011,157
CTGTGGAGTGAGTTGTATTG_012,130
CTGTGGAGTGAGTTGTATTG_013,88
CTGTGGAGTGAGTTGTATTG_014,145
CTGTGGAGTGAGTTGTATTG_015,55
CTGTGGAGTGAGTTGTATTG_016,136
CTGTGGAGTGAGTTGTATTG_017,121
CTGTGGAGTGAGTTGTATTG_018,88
GGTCCCTCTCCTTACCCCGG_001,15
GGTCCCTCTCCTTACCCCGG_002,38
GGTCCCTCTCCTTACCCCGG_003,81
GGTCCCTCTCCTTACCCCGG_004,37
GGTCCCTCTCCTTACCCCGG_005,139
GTTCGCTTCGTAACGAGGAA_001,49
GTTCGCTTCGTAACGAGGAA_002,116
GTTCGCTTCGTAACGAGGAA_003,193
GTTCGCTTCGTAACGAGGAA_004,194
GTTCGCTTCGTAACGAGGAA_005,92
GTTCGCTTCGTAACGAGGAA_006,86
GTTCGCTTCGTAACGAGGAA_007,30
GTTCGCTTCGTAACGAGGAA_008,177
GTTCGCTTCGTAACGAGGAA_009,77
GTTCGCTTCGTAACGAGGAA_010,2
GTTCGCTTCGTAACGAGGAA_011,108
GTTCGCTTCGTAACGAGGAA_012,86
GTTCGCTTCGTAACGAGGAA_013,43
GTTCGCTTCGTAACGAGGAA_014,137
GTTCGCTTCGTAACGAGGAA_015,179
GTTCGCTTCGTAACGAGGAA_016,156
GTTCGCTTCGTAACGAGGAA_017,75
GTTCGCTTCGTAACGAGGAA_018,6
GTTCGCTTCGTAACGAGGAA_019,166
GTTCGCTTCGTAACGAGGAA_020,70
GTTCGCTTCGTAACGAGGAA_021,58
GTTCGCTTCGTAACGAGGAA_022,62
GTTCGCTTCGTAACGAGGAA_023,168
GTTGTCAGAACATTTCCGGT_001,132
GTTGTCAGAACATTTCCGGT_002,88
GTTGTCAGAACATTTCCGGT_003,1
GTTGTCAGAACATTTCCGGT_004,2
GTTGTCAGAACATTTCCGGT_005,13
GTTGTCAGAACATTTCCGGT_006,5
GTTGTCAGAACATTTCCGGT_007,186
GTTGTCAGAACATTTCCGGT_008,50
GTTGTCAGAACATTTCCGGT_009,94
GTTGTCAGAACATTTCCGGT_010,5
GTTGTCAGAACATTTCCGGT_011,197
GTTGTCAGAACATTTCCGGT_012,2
GTTGTCAGAACATTTCCGGT_013,43
GTTGTCAGAACATTTCCGGT_014,151
GTTGTCAGAACATTTCCGGT_015,82
CCTAGATAGTCTGGATCCCG_001,117
CCTAGATAGTCTGGATCCCG_002,149
CCTAGATAGTCTGGATCCCG_003,144
AAGTTGATGAACAGATTGAG_001,65
AAGTTGATGAACAGATTGAG_002,27
AAGTTGATGAACAGATTGAG_003,31
AAGTTGATGAACAGATTGAG_004,46
AAGTTGATGAACAGATTGAG_005,52
AAGTTGATGAACAGATTGAG_006,139
AAGTTGATGAACAGATTGAG_007,25
AAGTTGATGAACAGATTGAG_008,156
AAGTTGATGAACAGATTGAG_009,68
AAGTTGATGAACAGATTGAG_010,74
AAGTTGATGAACAGATTGAG_011,40
AAGTTGATGAACAGATTGAG_012,102
AAGTTGATGAACAGATTGAG_013,105
AAGTTGATGAACAGATTGAG_014,64
AAGTTGATGAACAGATTGAG_015,68
AAGTTGATGAACAGATTGAG_016,58
AAGTTGATGAACAGATTGAG_017,69
AAGTTGATGAACAGATTGAG_018,0
AAGTTGATGAACAGATTGAG_019,183
CATATGAAAATGTAGAGCGA_001,181
CATATGAAAATGTAGAGCGA_002,69
CATATGAAAATGTAGAGCGA_003,70
CATATGAAAATGTAGAGCGA_004,4
CATATGAAAATGTAGAGCGA_005,94
CATATGAAAATGTAGAGCGA_006,109
CATATGAAAATGTAGAGCGA_007,109
CATATGAAAATGTAGAGCGA_008,6
CATATGAAAATGTAGAGCGA_009,47
CATATGAAAATGTAGAGCGA_010,45
CATATGAAAATGTAGAGCGA_011,46
CATATGAAAATGTAGAGCGA_012,63
CCGCTCCGCAGTATGACCAG_001,89
CCGCTCCGCAGTATGACCAG_002,52
CCGCTCCGCAGTATGACCAG_003,167
CTGAGCCGACCGATGCAGAG_001,121
CTGAGCCGACCGATGCAGAG_002,161
CTGAGCCGACCGATGCAGAG_003,36
CTGAGCCGACCGATGCAGAG_004,19
CTGAGCCGACCGATGCAGAG_005,140
CTGAGCCGACCGATGCAGAG_006,138
CTGAGCCGACCGATGCAGAG_007,166
CTGAGCCGACCGATGCAGAG_008,124
CTGAGCCGACCGATGCAGAG_009,124
CTGAGCCGACCGATGCAGAG_010,147
TGGACAATGAAGACACTCTG_001,60
TGGACAATGAAGACACTCTG_002,60
TGGACAATGAAGACACTCTG_003,41
TGGACAATGAAGACACTCTG_004,96
TGGACAATGAAGACACTCTG_005,135
TGGACAATGAAGACACTCTG_006,142
TGGACAATGAAGACACTCTG_007,16
TGGACAATGAAGACACTCTG_008,42
TGGACAATGAAGACACTCTG_009,150
GACCCAGGAGACCTACACAG_001,148
GACCCAGGAGACCTACACAG_002,112
GACCCAGGAGACCTACACAG_003,159
GACCCAGGAGACCTACACAG_004,28
GACCCAGGAGACCTACACAG_005,2
GACCCAGGAGACCTACACAG_006,82
GACCCAGGAGACCTACACAG_007,105
GACCCAGGAGACCTACACAG_008,190
GACCCAGGAGACCTACACAG_009,46
GACCCAGGAGACCTACACAG_010,28
GACCCAGGAGACCTACACAG_011,103
GACCCAGGAGACCTACACAG_012,59
GACCCAGGAGACCTACACAG_013,81
GACCCAGGAGACCTACACAG_014,145
GACCCAGGAGACCTACACAG_015,6
GACCCAGGAGACCTACACAG_016,51
GACCCAGGAGACCTACACAG_017,62
GACCCAGGAGACCTACACAG_018,141
GACCCAGGAGACCTACACAG_019,65
GACCCAGGAGACCTACACAG_020,115
AGTCGCCAGTCAGTGTTGTG_001,172
AGTCGCCAGTCAGTGTTGTG_002,68
AGTCGCCAGTCAGTGTTGTG_003,56
AGTCGCCAGTCAGTGTTGTG_004,104
AGTCGCCAGTCAGTGTTGTG_005,177
AGTCGCCAGTCAGTGTTGTG_006,32
AGTCGCCAGTCAGTGTTGTG_007,11
AGTCGCCAGTCAGTGTTGTG_008,156
AGTCGCCAGTCAGTGTTGTG_009,33
AGTCGCCAGTCAGTGTTGTG_010,104
AGTCGCCAGTCAGTGTTGTG_011,34
AGTCGCCAGTCAGTGTTGTG_012,94
AGTCGCCAGTCAGTGTTGTG_013,50
AGTCGCCAGTCAGTGTTGTG_014,38
AGTCGCCAGTCAGTGTTGTG_015,175
AGTCGCCAGTCAGTGTTGTG_016,187
AGTCGCCAGTCAGTGTTGTG_017,78
AGTCGCCAGTCAGTGTTGTG_018,126
AGTCGCCAGTCAGTGTTGTG_019,169
AGTCGCCAGTCAGTGTTGTG_020,147
AGTCGCCAGTCAGTGTTGTG_021,63
AGTCGCCAGTCAGTGTTGTG_022,2
AGTCGCCAGTCAGTGTTGTG_023,12
AGTCGCCAGTCAGTGTTGTG_024,142
AGTCGCCAGTCAGTGTTGTG_025,144
AGTCGCCAGTCAGTGTTGTG_026,106
AGTCGCCAGTCAGTGTTGTG_027,56
AGTCGCCAGTCAGTGTTGTG_028,147
CACCTGCTTATAGTCGCACA_001,134
CACCTGCTTATAGTCGCACA_002,97
CACCTGCTTATAGTCGCACA_003,101
ACTGGAGGTGTTCCAGCCCG_001,175
ACTGGAGGTGTTCCAGCCCG_002,42
ACTGGAGGTGTTCCAGCCCG_003,80
ACTGGAGGTGTTCCAGCCCG_004,100
ACTGGAGGTGTTCCAGCCCG_005,50
ACTGGAGGTGTTCCAGCCCG_006,50
ACTGGAGGTGTTCCAGCCCG_007,42
ACTGGAGGTGTTCCAGCCCG_008,33
ACTGGAGGTGTTCCAGCCCG_009,13
ACTGGAGGTGTTCCAGCCCG_010,94
ACTGGAGGTGTTCCAGCCCG_011,5
ACTGGAGGTGTTCCAGCCCG_012,47
ACTGGAGGTGTTCCAGCCCG_013,178
ACTGGAGGTGTTCCAGCCCG_014,129
ACTGGAGGTGTTCCAGCCCG_015,183
ACTGGAGGTGTTCCAGCCCG_016,168
ACTGGAGGTGTTCCAGCCCG_017,169
ACTGGAGGTGTTCCAGCCCG_018,13
ACTGGAGGTGTTCCAGCCCG_019,198
ACTGGAGGTGTTCCAGCCCG_020,137
ACTGGAGGTGTTCCAGCCCG_021,169
ACTGGAGGTGTTCCAGCCCG_022,192
ACTGGAGGTGTTCCAGCCCG_023,140
ACTGGAGGTGTTCCAGCCCG_024,1
ACTGGAGGTGTTCCAGCCCG_025,1
ACTGGAGGTGTTCCAGCCCG_026,94
ACTGGAGGTGTTCCAGCCCG_027,98
ACTGGAGGTGTTCCAGCCCG_028,107
ACTGGAGGTGTTCCAGCCCG_029,105
ACTGGAGGTGTTCCAGCCCG_030,15
ACTGGAGGTGTTCCAGCCCG_031,65
ACTGGAGGTGTTCCAGCCCG_032,159
ACTGGAGGTGTTCCAGCCCG_033,96
ACTGGAGGTGTTCCAGCCCG_034,20
ACTGGAGGTGTTCCAGCCCG_035,113
CTCCTTCCCAGGAAAGAACA_001,94
CTCCTTCCCAGGAAAGAACA_002,106
CTCCTTCCCAGGAAAGAACA_003,63
CTCCTTCCCAGGAAAGAACA_004,122
CTCCTTCCCAGGAAAGAACA_005,43
ACATGGAGAAAGGACCCCAC_001,55
ACATGGAGAAAGGACCCCAC_002,106
ACATGGAGAAAGGACCCCAC_003,151
ACATGGAGAAAGGACCCCAC_004,37
ACATGGAGAAAGGACCCCAC_005,89
ACATGGAGAAAGGACCCCAC_006,150
ACATGGAGAAAGGACCCCAC_007,82
ACATGGAGAAAGGACCCCAC_008,197
ACATGGAGAAAGGACCCCAC_009,137
ACATGGAGAAAGGACCCCAC_010,1
ACATGGAGAAAGGACCCCAC_011,117
ACATGGAGAAAGGACCCCAC_012,15
ACATGGAGAAAGGACCCCAC_013,15
ACATGGAGAAAGGACCCCAC_014,152
ACATGGAGAAAGGACCCCAC_015,36
ACATGGAGAAAGGACCCCAC_016,123
AGGTCAAGAGTGTAAGAGGG_001,85
AGGTCAAGAGTGTAAGAGGG_002,153
AGGTCAAGAGTGTAAGAGGG_003,6
AGGTCAAGAGTGTAAGAGGG_004,91
AGGTCAAGAGTGTAAGAGGG_005,105
AGGTCAAGAGTGTAAGAGGG_006,141
AGGTCAAGAGTGTAAGAGGG_007,133
AGGTCAAGAGTGTAAGAGGG_008,48
AGGTCAAGAGTGTAAGAGGG_009,94
AGGTCAAGAGTGTAAGAGGG_010,103
AGGTCAAGAGTGTAAGAGGG_011,77
AGGTCAAGAGTGTAAGAGGG_012,115
AGGTCAAGAGTGTAAGAGGG_013,170
AGGTCAAGAGTGTAAGAGGG_014,118
AGGTCAAGAGTGTAAGAGGG_015,9
CATCCACGTGACCAGAGATG_001,176
CATCCACGTGACCAGAGATG_002,121
CATCCACGTGACCAGAGATG_003,1
GAACTGCCTTATGAATTACG_001,147
GAACTGCCTTATGAATTACG_002,199
GACTCCCCAGTAGAACTGGT_001,173
GACTCCCCAGTAGAACTGGT_002,142
GACTCCCCAGTAGAACTGGT_003,178
GACTCCCCAGTAGAACTGGT_004,95
GACTCCCCAGTAGAACTGGT_005,174
GACTCCCCAGTAGAACTGGT_006,92
GACTCCCCAGTAGAACTGGT_007,24
GACTCCCCAGTAGAACTGGT_008,163
GACTCCCCAGTAGAACTGGT_009,81
GACTCCCCAGTAGAACTGGT_010,97
GACTCCCCAGTAGAACTGGT_011,147
GACTCCCCAGTAGAACTGGT_012,97
GACTCCCCAGTAGAACTGGT_013,166
GACTCCCCAGTAGAACTGGT_014,199
GACTCCCCAGTAGAACTGGT_015,50
GACTCCCCAGTAGAACTGGT_016,174
GACTCCCCAGTAGAACTGGT_017,34
AGGCCCTCTACACAGAGACA_001,144
AGGCCCTCTACACAGAGACA_002,197
AGGCCCTCTACACAGAGACA_003,106
AGGCTGTCGCTGGAATCGGA_001,191
AGGCTGTCGCTGGAATCGGA_002,25
AGGCTGTCGCTGGAATCGGA_003,111
AGGCTGTCGCTGGAATCGGA_004,117
AGGCTGTCGCTGGAATCGGA_005,76
AGGCTGTCGCTGGAATCGGA_006,57
AGGCTGTCGCTGGAATCGGA_007,175
AGGCTGTCGCTGGAATCGGA_008,112
AGGCTGTCGCTGGAATCGGA_009,185
AGGCTGTCGCTGGAATCGGA_010,13
AGGCTGTCGCTGGAATCGGA_011,46
AGGCTGTCGCTGGAATCGGA_012,2
AGGCTGTCGCTGGAATCGGA_013,29
AGGCTGTCGCTGGAATCGGA_014,41
AGGCTGTCGCTGGAATCGGA_015,56
AGGCTGTCGCTGGAATCGGA_016,9
AGGCTGTCGCTGGAATCGGA_017,16
AGGCTGTCGCTGGAATCGGA_018,177
AGGCTGTCGCTGGAATCGGA_019,18
AGGCTGTCGCTGGAATCGGA_020,18
AGGCTGTCGCTGGAATCGGA_021,76
AGGCTGTCGCTGGAATCGGA_022,191
AGGCTGTCGCTGGAATCGGA_023,7
AGGCTGTCGCTGGAATCGGA_024,41
AGGCTGTCGCTGGAATCGGA_025,103
GGAAGCACAGTAGCACTCGT_001,86
GGAAGCACAGTAGCACTCGT_002,15
GGAAGCACAGTAGCACTCGT_003,150
GGAAGCACAGTAGCACTCGT_004,104
CATGGGCTGGAAACACGCGT_001,134
CATGGGCTGGAAACACGCGT_002,15
CATGGGCTGGAAACACGCGT_003,27
CATGGGCTGGAAACACGCGT_004,191
CATGGGCTGGAAACACGCGT_005,169
CATGGGCTGGAAACACGCGT_006,43
CATGGGCTGGAAACACGCGT_007,131
CATGGGCTGGAAACACGCGT_008,175
CATGGGCTGGAAACACGCGT_009,68
CATGGGCTGGAAACACGCGT_010,13
CATGGGCTGGAAACACGCGT_011,49
CATGGGCTGGAAACACGCGT_012,28
CATGGGCTGGAAACACGCGT_013,98
CATGGGCTGGAAACACGCGT_014,188
CATGGGCTGGAAACACGCGT_015,106
CATGGGCTGGAAACACGCGT_016,16
CATGGGCTGGAAACACGCGT_017,137
CATGGGCTGGAAACACGCGT_018,140
CATGGGCTGGAAACACGCGT_019,157
CATGGGCTGGAAACACGCGT_020,137
CATGGGCTGGAAACACGCGT_021,147
CATGGGCTGGAAACACGCGT_022,185
CATGGGCTGGAAACACGCGT_023,151
CATGGGCTGGAAACACGCGT_024,149
CATGGGCTGGAAACACGCGT_025,19
CATGGGCTGGAAACACGCGT_026,111
CATGGGCTGGAAACACGCGT_027,102
CATGGGCTGGAAACACGCGT_028,172
CATGGGCTGGAAACACGCGT_029,136
CATGGGCTGGAAACACGCGT_030,150
CATGGGCTGGAAACACGCGT_031,155
CATGGGCTGGAAACACGCGT_032,6
CATGGGCTGGAAACACGCGT_033,78
CATGGGCTGGAAACACGCGT_034,96
CATGACTGTCTCATAATCGG_001,134
CATGACTGTCTCATAATCGG_002,15
CGGACCTGCCTAGACCCGTG_001,9
CGGACCTGCCTAGACCCGTG_002,161
CGGACCTGCCTAGACCCGTG_003,175
CGGACCTGCCTAGACCCGTG_004,196
AGTGTTGCAACCAACACGAC_001,183
AGTGTTGCAACCAACACGAC_002,64
AGTGTTGCAACCAACACGAC_003,5
AGTGTTGCAACCAACACGAC_004,29
AGTGTTGCAACCAACACGAC_005,84
AGTGTTGCAACCAACACGAC_006,54
AGTGTTGCAACCAACACGAC_007,155
AGTGTTGCAACCAACACGAC_008,81
AGTGTTGCAACCAACACGAC_009,82
AGTGTTGCAACCAACACGAC_010,81
AGTGTTGCAACCAACACGAC_011,153
AGTGTTGCAACCAACACGAC_012,52
AGTGTTGCAACCAACACGAC_013,168
AGTGTTGCAACCAACACGAC_014,50
AGTGTTGCAACCAACACGAC_015,62
AGTGTTGCAACCAACACGAC_016,21
AGTGTTGCAACCAACACGAC_017,136
TGCGGAGACTAGTCACGCCC_001,78
TGCGGAGACTAGTCACGCCC_002,36
TGCGGAGACTAGTCACGCCC_003,104
TTCCATGGACTCTTACCGAA_001,32
TAGGAGGCCAAAAGACACGG_001,195
TAGGAGGCCAAAAGACACGG_002,1
TAGGAGGCCAAAAGACACGG_003,1
TAGGAGGCCAAAAGACACGG_004,65
TAGGAGGCCAAAAGACACGG_005,104
TAGGAGGCCAAAAGACACGG_006,134
TAGGAGGCCAAAAGACACGG_007,19
TAGGAGGCCAAAAGACACGG_008,168
TAGGAGGCCAAAAGACACGG_009,28
CCGCCACTATGAGAGCCGAA_001,95
CCGCCACTATGAGAGCCGAA_002,199
CCGCCACTATGAGAGCCGAA_003,63
CCGCCACTATGAGAGCCGAA_004,150
CCGCCACTATGAGAGCCGAA_005,168
CCGCCACTATGAGAGCCGAA_006,34
CCGCCACTATGAGAGCCGAA_007,59
CCGCCACTATGAGAGCCGAA_008,29
CCGCCACTATGAGAGCCGAA_009,119
GCTCCAGACGGACGCCCGCA_001,198
GCTCCAGACGGACGCCCGCA_002,76
GCTCCAGACGGACGCCCGCA_003,125
GATGACGACAAACCACAGCA_001,81
GATGACGACAAACCACAGCA_002,175
GATGACGACAAACCACAGCA_003,68
GATGACGACAAACCACAGCA_004,149
GATGACGACAAACCACAGCA_005,156
GATGACGACAAACCACAGCA_006,180
TCCCCGAGCGGGATCCGCCG_001,70
TCCCCGAGCGGGATCCGCCG_002,191
TCCCCGAGCGGGATCCGCCG_003,36
TCCCCGAGCGGGATCCGCCG_004,153
TCCCCGAGCGGGATCCGCCG_005,68
TCCCCGAGCGGGATCCGCCG_006,122
TCCCCGAGCGGGATCCGCCG_007,9
TCCCCGAGCGGGATCCGCCG_008,168
TCCCCGAGCGGGATCCGCCG_009,152
TCCCCGAGCGGGATCCGCCG_010,50
AGTTCCAATACCTACCACGA_001,161
AGTTCCAATACCTACCACGA_002,174
AGTTCCAATACCTACCACGA_003,2
AGTTCCAATACCTACCACGA_004,15
AGTTCCAATACCTACCACGA_005,160
AGTTCCAATACCTACCACGA_006,161
AGTTCCAATACCTACCACGA_007,172
TCTGAGCCACCCCATGACCG_001,167
TCTGAGCCACCCCATGACCG_002,36
TCTGAGCCACCCCATGACCG_003,175
TCTGAGCCACCCCATGACCG_004,116
TCTGAGCCACCCCATGACCG_005,93
TCTGAGCCACCCCATGACCG_006,91
TCTGAGCCACCCCATGACCG_007,100
TCTGAGCCACCCCATGACCG_008,134
TCTGAGCCACCCCATGACCG_009,16
TCTGAGCCACCCCATGACCG_010,83
TCTGAGCCACCCCATGACCG_011,121
TCTGAGCCACCCCATGACCG_012,187
TCTGAGCCACCCCATGACCG_013,177
TCTGAGCCACCCCATGACCG_014,64
TCTGAGCCACCCCATGACCG_015,198
TCTGAGCCACCCCATGACCG_016,147
TCTGAGCCACCCCATGACCG_017,78
TCTGAGCCACCCCATGACCG_018,76
TCTGAGCCACCCCATGACCG_019,16
TCTGAGCCACCCCATGACCG_020,179
TCTGAGCCACCCCATGACCG_021,46
TCTGAGCCACCCCATGACCG_022,170
TCTGAGCCACCCCATGACCG_023,63
TCTGAGCCACCCCATGACCG_024,94
TCTGAGCCACCCCATGACCG_025,9
TCTGAGCCACCCCATGACCG_026,123
TCTGAGCCACCCCATGACCG_027,55
TCTGAGCCACCCCATGACCG_028,190
TCTGAGCCACCCCATGACCG_029,166
TCTGAGCCACCCCATGACCG_030,166
TCTGAGCCACCCCATGACCG_031,138
TCTGAGCCACCCCATGACCG_032,172
TCTGAGCCACCCCATGACCG_033,168
TCTGAGCCACCCCATGACCG_034,6
TCTGAGCCACCCCATGACCG_035,136
TCTGAGCCACCCCATGACCG_036,10
TCTGAGCCACCCCATGACCG_037,104
TCTGAGCCACCCCATGACCG_038,153
TCTGAGCCACCCCATGACCG_039,131
AATGAACTTATGTGTACTAA_001,3
AATGAACTTATGTGTACTAA_002,97
AATGAACTTATGTGTACTAA_003,103
AATGAACTTATGTGTACTAA_004,128
GATGAGAATGAAGACATGCA_001,131
GATGAGAATGAAGACATGCA_002,61
GATGAGAATGAAGACATGCA_003,170
GATGAGAATGAAGACATGCA_004,111
GATGAGAATGAAGACATGCA_005,115
GATGAGAATGAAGACATGCA_006,105
GCAGAACCGAGGGTACATGC_001,149
GCAGAACCGAGGGTACATGC_002,97
GCAGAACCGAGGGTACATGC_003,16
GCAGAACCGAGGGTACATGC_004,149
GCAGAACCGAGGGTACATGC_005,49
GCAGAACCGAGGGTACATGC_006,75
GCAGAACCGAGGGTACATGC_007,36
GCAGAACCGAGGGTACATGC_008,178
GCAGAACCGAGGGTACATGC_009,88
GCAGAACCGAGGGTACATGC_010,115
GCAGAACCGAGGGTACATGC_011,74
ACTCACCATCAACACCCCAT_001,166
ACTCACCATCAACACCCCAT_002,4
ACTCACCATCAACACCCCAT_003,110
ACTCACCATCAACACCCCAT_004,155
ACTCACCATCAACACCCCAT_005,188
ACTCACCATCAACACCCCAT_006,155
ACTCACCATCAACACCCCAT_007,86
ACTCACCATCAACACCCCAT_008,110
ACTCACCATCAACACCCCAT_009,104
GTGTTTGCAGAAATTACACG_001,138
GTGTTTGCAGAAATTACACG_002,159
GTGTTTGCAGAAATTACACG_003,77
GATGCCATATATTCACTGGG_001,46
CGAGTCACGTAGTTGCGATG_001,192
CGAGTCACGTAGTTGCGATG_002,151
CGAGTCACGTAGTTGCGATG_003,134
CGAGTCACGTAGTTGCGATG_004,191
CAAACCAAAGTTATCGACAT_001,76
CAAACCAAAGTTATCGACAT_002,78
CAAACCAAAGTTATCGACAT_003,156
CAAACCAAAGTTATCGACAT_004,52
CAAACCAAAGTTATCGACAT_005,69
CAAACCAAAGTTATCGACAT_006,9
CAAACCAAAGTTATCGACAT_007,105
CAAACCAAAGTTATCGACAT_008,58
CAAACCAAAGTTATCGACAT_009,147
CAAACCAAAGTTATCGACAT_010,162
CAAACCAAAGTTATCGACAT_011,198
CAAACCAAAGTTATCGACAT_012,1
CAAACCAAAGTTATCGACAT_013,50
CAAACCAAAGTTATCGACAT_014,122
CAAACCAAAGTTATCGACAT_015,56
CAAACCAAAGTTATCGACAT_016,36
AGCCAATGAACAAGATCGAG_001,24
AGCCAATGAACAAGATCGAG_002,142
AGCCAATGAACAAGATCGAG_003,58
AGCCAATGAACAAGATCGAG_004,167
AGCCAATGAACAAGATCGAG_005,186
AGCCAATGAACAAGATCGAG_006,133
AGCCAATGAACAAGATCGAG_007,81
AGCCAATGAACAAGATCGAG_008,18
AGCCAATGAACAAGATCGAG_009,40
AGCCAATGAACAAGATCGAG_010,5
ATGATGTTTCTGGTCCCGCG_001,62
ATGATGTTTCTGGTCCCGCG_002,102
ATGATGTTTCTGGTCCCGCG_003,149
ATGATGTTTCTGGTCCCGCG_004,49
ATGATGTTTCTGGTCCCGCG_005,23
ACCTGCACGAAGCCCCAGAG_001,98
ACCTGCACGAAGCCCCAGAG_002,5
ACCTGCACGAAGCCCCAGAG_003,32
ACCTGCACGAAGCCCCAGAG_004,106
ACCTGCACGAAGCCCCAGAG_005,29
ACCTGCACGAAGCCCCAGAG_006,106
ACCTGCACGAAGCCCCAGAG_007,130
ACCTGCACGAAGCCCCAGAG_008,70
ACCTGCACGAAGCCCCAGAG_009,102
ACCTGCACGAAGCCCCAGAG_010,123
ACCTGCACGAAGCCCCAGAG_011,150
ACCTGCACGAAGCCCCAGAG_012,191
ACCTGCACGAAGCCCCAGAG_013,72
ACCTGCACGAAGCCCCAGAG_014,72
ACCTGCACGAAGCCCCAGAG_015,24
ACCTGCACGAAGCCCCAGAG_016,113
ACCTGCACGAAGCCCCAGAG_017,169
ACCTGCACGAAGCCCCAGAG_018,137
ACCTGCACGAAGCCCCAGAG_019,76
ACCTGCACGAAGCCCCAGAG_020,104
ACCTGCACGAAGCCCCAGAG_021,81
ACCTGCACGAAGCCCCAGAG_022,68
ACCTGCACGAAGCCCCAGAG_023,115
ACCTGCACGAAGCCCCAGAG_024,102
ACCTGCACGAAGCCCCAGAG_025,7
ACCTGCACGAAGCCCCAGAG_026,50
ACCTGCACGAAGCCCCAGAG_027,39
ACCTGCACGAAGCCCCAGAG_028,1
ACCTGCACGAAGCCCCAGAG_029,72
ACCTGCACGAAGCCCCAGAG_030,72
ACCTGCACGAAGCCCCAGAG_031,155
ACCTGCACGAAGCCCCAGAG_032,49
ACCTGCACGAAGCCCCAGAG_033,63
ACCTGCACGAAGCCCCAGAG_034,191
ACCTGCACGAAGCCCCAGAG_035,25
ACCTGCACGAAGCCCCAGAG_036,25
GCAGCAGGGGTTCATGAAGA_001,40
GCAGCAGGGGTTCATGAAGA_002,103
GCAGCAGGGGTTCATGAAGA_003,160
GCAGCAGGGGTTCATGAAGA_004,120
GCAGCAGGGGTTCATGAAGA_005,169
GTCCAGGGCCTTGTTAACGT_001,29
GTCCAGGGCCTTGTTAACGT_002,171
GTCCAGGGCCTTGTTAACGT_003,75
GTCCAGGGCCTTGTTAACGT_004,155
GTCCAGGGCCTTGTTAACGT_005,87
GTCCAGGGCCTTGTTAACGT_006,47
GTCCAGGGCCTTGTTAACGT_007,65
GTCCAGGGCCTTGTTAACGT_008,92
AGTTGCGAATGTGAGCTGGA_001,48
AGTTGCGAATGTGAGCTGGA_002,186
AGTTGCGAATGTGAGCTGGA_003,6
AGTTGCGAATGTGAGCTGGA_004,80
AGTTGCGAATGTGAGCTGGA_005,158
AGTTGCGAATGTGAGCTGGA_006,58
AGTTGCGAATGTGAGCTGGA_007,48
AGTTGCGAATGTGAGCTGGA_008,77
AGTTGCGAATGTGAGCTGGA_009,14
AGTTGCGAATGTGAGCTGGA_010,160
AGTTGCGAATGTGAGCTGGA_011,29
AGTTGCGAATGTGAGCTGGA_012,149
AGTTGCGAATGTGAGCTGGA_013,117
AGTTGCGAATGTGAGCTGGA_014,126
GAACGCGCTCTTCCACGCAG_001,118
GAACGCGCTCTTCCACGCAG_002,162
GAACGCGCTCTTCCACGCAG_003,23
GAACGCGCTCTTCCACGCAG_004,58
GAACGCGCTCTTCCACGCAG_005,127
GAACGCGCTCTTCCACGCAG_006,57
GAACGCGCTCTTCCACGCAG_007,32
GAACGCGCTCTTCCACGCAG_008,113
GAACGCGCTCTTCCACGCAG_009,53
GAACGCGCTCTTCCACGCAG_010,150
GAACGCGCTCTTCCACGCAG_011,22
GAACGCGCTCTTCCACGCAG_012,141
GAACGCGCTCTTCCACGCAG_013,11
GAACGCGCTCTTCCACGCAG_014,33
GAACGCGCTCTTCCACGCAG_015,44
GAACGCGCTCTTCCACGCAG_016,113
GAACGCGCTCTTCCACGCAG_017,126
GAACGCGCTCTTCCACGCAG_018,15
GAACGCGCTCTTCCACGCAG_019,125
GAACGCGCTCTTCCACGCAG_020,70
GAACGCGCTCTTCCACGCAG_021,11
GAACGCGCTCTTCCACGCAG_022,48
GAACGCGCTCTTCCACGCAG_023,63
GAACGCGCTCTTCCACGCAG_024,66
GAACGCGCTCTTCCACGCAG_025,33
GAACGCGCTCTTCCACGCAG_026,142
GAACGCGCTCTTCCACGCAG_027,70
GAACGCGCTCTTCCACGCAG_028,3
GAACGCGCTCTTCCACGCAG_029,144
GAACGCGCTCTTCCACGCAG_030,140
GCTGTGCAAGCTGAAAGGCG_001,199
GCTGTGCAAGCTGAAAGGCG_002,77
GCTGTGCAAGCTGAAAGGCG_003,169
GCTGTGCAAGCTGAAAGGCG_004,17
GCTGTGCAAGCTGAAAGGCG_005,75
GCTGTGCAAGCTGAAAGGCG_006,117
GCTGTGCAAGCTGAAAGGCG_007,81
GCTGTGCAAGCTGAAAGGCG_008,68
GCTGTGCAAGCTGAAAGGCG_009,193
GTTAGCACTTACCTTTGCAG_001,37
GTTAGCACTTACCTTTGCAG_002,176
GTTAGCACTTACCTTTGCAG_003,6
GTTAGCACTTACCTTTGCAG_004,146
TCCACCAGAACAGCACACCA_001,137
TCCACCAGAACAGCACACCA_002,88
TCCACCAGAACAGCACACCA_003,87
TCCACCAGAACAGCACACCA_004,152
TCCACCAGAACAGCACACCA_005,82
TCCACCAGAACAGCACACCA_006,128
TCCACCAGAACAGCACACCA_007,3
TCCACCAGAACAGCACACCA_008,153
TCCACCAGAACAGCACACCA_009,93
TCCACCAGAACAGCACACCA_010,60
TCCACCAGAACAGCACACCA_011,149
TCCACCAGAACAGCACACCA_012,67
TCCACCAGAACAGCACACCA_013,130
TCCACCAGAACAGCACACCA_014,62
TCCACCAGAACAGCACACCA_015,88
TCCACCAGAACAGCACACCA_016,67
ACTGGAATTTAGCTCCCAGT_001,83
ACTGGAATTTAGCTCCCAGT_002,51
ACTGGAATTTAGCTCCCAGT_003,139
CTGAGGGACACATAAACCGG_001,94
CTGAGGGACACATAAACCGG_002,88
CTGAGGGACACATAAACCGG_003,172
CTGAGGGACACATAAACCGG_004,0
CTGAGGGACACATAAACCGG_005,152
CTGAGGGACACATAAACCGG_006,145
CTGAGGGACACATAAACCGG_007,5
CTGAGGGACACATAAACCGG_008,140
CTGAGGGACACATAAACCGG_009,69
CTGAGGGACACATAAACCGG_010,158
CTGAGGGACACATAAACCGG_011,76
CTGAGGGACACATAAACCGG_012,127
CTGAGGGACACATAAACCGG_013,122
CTGAGGGACACATAAACCGG_014,162
CTGAGGGACACATAAACCGG_015,81
CTGAGGGACACATAAACCGG_016,130
CTGAGGGACACATAAACCGG_017,150
CTGAGGGACACATAAACCGG_018,88
CTGAGGGACACATAAACCGG_019,147
CTGAGGGACACATAAACCGG_020,82
CTGAGGGACACATAAACCGG_021,115
CTGAGGGACACATAAACCGG_022,81
CTGAGGGACACATAAACCGG_023,34
CTGAGGGACACATAAACCGG_024,49
CTGAGGGACACATAAACCGG_025,127
CTGAGGGACACATAAACCGG_026,130
CTGAGGGACACATAAACCGG_027,133
CTGAGGGACACATAAACCGG_028,152
CTGAGGGACACATAAACCGG_029,169
CTGAGGGACACATAAACCGG_030,59
CTGAGGGACACATAAACCGG_031,145
CTGAGGGACACATAAACCGG_032,47
CTGAGGGACACATAAACCGG_033,105
CTGAGGGACACATAAACCGG_034,1
CTGAGGGACACATAAACCGG_035,43
CTGAGGGACACATAAACCGG_036,197
CTGAGGGACACATAAACCGG_037,91
CTGAGGGACACATAAACCGG_038,108
TTGTGGACAAGGCTTCCGAG_001,15
TTGTGGACAAGGCTTCCGAG_002,58
TTGTGGACAAGGCTTCCGAG_003,184
TTGTGGACAAGGCTTCCGAG_004,9
TTGTGGACAAGGCTTCCGAG_005,117
TTGTGGACAAGGCTTCCGAG_006,38
TTGTGGACAAGGCTTCCGAG_007,182
TTGTGGACAAGGCTTCCGAG_008,154
TTGTGGACAAGGCTTCCGAG_009,136
TTGTGGACAAGGCTTCCGAG_010,3
TTGTGGACAAGGCTTCCGAG_011,87
GCTGGGAATAAATGTCCACC_001,23
GCTGGGAATAAATGTCCACC_002,182
GCTGGGAATAAATGTCCACC_003,5
GCTGGGAATAAATGTCCACC_004,27
ACCCTGAAGATATTTAGAGA_001,36
ACCCTGAAGATATTTAGAGA_002,126
ACTCTGTCTTCAGGAAAGCG_001,32
ACTCTGTCTTCAGGAAAGCG_002,11
ACTCTGTCTTCAGGAAAGCG_003,66
ACTCTGTCTTCAGGAAAGCG_004,83
ACTCTGTCTTCAGGAAAGCG_005,90
ACTCTGTCTTCAGGAAAGCG_006,188
ACTCTGTCTTCAGGAAAGCG_007,78
ACTCTGTCTTCAGGAAAGCG_008,22
CAAAAGATAAACATATCGTG_001,166
CAAAAGATAAACATATCGTG_002,166
CAAAAGATAAACATATCGTG_003,89
CAAAAGATAAACATATCGTG_004,112
CAAAAGATAAACATATCGTG_005,147
GACTCACCAAGACAGCTCGG_001,39
GACTCACCAAGACAGCTCGG_002,49
GACTCACCAAGACAGCTCGG_003,2
GACTCACCAAGACAGCTCGG_004,62
GACTCACCAAGACAGCTCGG_005,29
GACTCACCAAGACAGCTCGG_006,7
GACTCACCAAGACAGCTCGG_007,73
GACTCACCAAGACAGCTCGG_008,131
GACTCACCAAGACAGCTCGG_009,15
GACTCACCAAGACAGCTCGG_010,51
GACTCACCAAGACAGCTCGG_011,170
GACTCACCAAGACAGCTCGG_012,172
GACTCACCAAGACAGCTCGG_013,163
GACTCACCAAGACAGCTCGG_014,86
GACTCACCAAGACAGCTCGG_015,29
GACTCACCAAGACAGCTCGG_016,98
GACTCACCAAGACAGCTCGG_017,147
GACTCACCAAGACAGCTCGG_018,149
GACTCACCAAGACAGCTCGG_019,68
GACTCACCAAGACAGCTCGG_020,149
GACTCACCAAGACAGCTCGG_021,58
GACTCACCAAGACAGCTCGG_022,140
GACTCACCAAGACAGCTCGG_023,159
GACTCACCAAGACAGCTCGG_024,50
GACTCACCAAGACAGCTCGG_025,177
GACTCACCAAGACAGCTCGG_026,183
GACTCACCAAGACAGCTCGG_027,127
GACTCACCAAGACAGCTCGG_028,118
GACTCACCAAGACAGCTCGG_029,18
GACTCACCAAGACAGCTCGG_030,56
GACTCACCAAGACAGCTCGG_031,138
GACTCACCAAGACAGCTCGG_032,191
GACTCACCAAGACAGCTCGG_033,77
GACTCACCAAGACAGCTCGG_034,20
AAAATCTCTGAAATTTGGGG_001,116
AAAATCTCTGAAATTTGGGG_002,129
AAAATCTCTGAAATTTGGGG_003,15
AAAATCTCTGAAATTTGGGG_004,96
AAAATCTCTGAAATTTGGGG_005,60
AAAATCTCTGAAATTTGGGG_006,16
AAAATCTCTGAAATTTGGGG_007,180
AAAATCTCTGAAATTTGGGG_008,94
AAAATCTCTGAAATTTGGGG_009,117
GAAAAGGTCATGTTACAGAT_001,162
GAAAAGGTCATGTTACAGAT_002,1
GAAAAGGTCATGTTACAGAT_003,157
GAAAAGGTCATGTTACAGAT_004,185
GAAAAGGTCATGTTACAGAT_005,147
GAAAAGGTCATGTTACAGAT_006,198
GAAAAGGTCATGTTACAGAT_007,103
GAAAAGGTCATGTTACAGAT_008,94
GAAAAGGTCATGTTACAGAT_009,148
GATGTTCTAAGATTGAGTCA_001,83
GATGTTCTAAGATTGAGTCA_002,163
GATGTTCTAAGATTGAGTCA_003,28
GATGTTCTAAGATTGAGTCA_004,126
ATTGGAAACACATTTAGCAC_001,104
AGAGAAATTTCGTGAAACAT_001,78
AGAGAAATTTCGTGAAACAT_002,92
AGAGAAATTTCGTGAAACAT_003,65
AGAGAAATTTCGTGAAACAT_004,15
AGAGAAATTTCGTGAAACAT_005,116
ATTGTTCAGGGACAGATAGG_001,174
ATTGTTCAGGGACAGATAGG_002,103
ATTGTTCAGGGACAGATAGG_003,157
ATTGTTCAGGGACAGATAGG_004,148
ATTGTTCAGGGACAGATAGG_005,26
GGCAGCCTGCAGTAGAACCC_001,185
GGCAGCCTGCAGTAGAACCC_002,118
GAGCAGAAATTTGACCCGAT_001,197
GAGCAGAAATTTGACCCGAT_002,82
GAGCAGAAATTTGACCCGAT_003,115
GAGCAGAAATTTGACCCGAT_004,184
GAGCAGAAATTTGACCCGAT_005,96
GAGCAGAAATTTGACCCGAT_006,94
GAGCAGAAATTTGACCCGAT_007,3
GAGCAGAAATTTGACCCGAT_008,52
GAGCAGAAATTTGACCCGAT_009,106
GAGCAGAAATTTGACCCGAT_010,124
GAGCAGAAATTTGACCCGAT_011,56
AAAGAAAAGAAGGACCACTG_001,58
AAAGAAAAGAAGGACCACTG_002,11
AAAGAAAAGAAGGACCACTG_003,98
AAAGAAAAGAAGGACCACTG_004,125
AAAGAAAAGAAGGACCACTG_005,146
AAAGAAAAGAAGGACCACTG_006,99
AAAGAAAAGAAGGACCACTG_007,91
AAAGAAAAGAAGGACCACTG_008,6
AAAGAAAAGAAGGACCACTG_009,170
AAAGAAAAGAAGGACCACTG_010,15
AAAGAAAAGAAGGACCACTG_011,118
AAAGAAAAGAAGGACCACTG_012,171
AAAGAAAAGAAGGACCACTG_013,88
AAAGAAAAGAAGGACCACTG_014,157
AAAGAAAAGAAGGACCACTG_015,19
AAAGAAAAGAAGGACCACTG_016,27
AAAGAAAAGAAGGACCACTG_017,42
AAAGAAAAGAAGGACCACTG_018,84
AAAGAAAAGAAGGACCACTG_019,22
AAAGAAAAGAAGGACCACTG_020,105
AAAGAAAAGAAGGACCACTG_021,81
AAAGAAAAGAAGGACCACTG_022,1
AAAGAAAAGAAGGACCACTG_023,20
AAAGAAAAGAAGGACCACTG_024,191
AAAGAAAAGAAGGACCACTG_025,155
AAAGAAAAGAAGGACCACTG_026,73
AAAGAAAAGAAGGACCACTG_027,192
AAAGAAAAGAAGGACCACTG_028,194
AAAGAAAAGAAGGACCACTG_029,116
AAAGAAAAGAAGGACCACTG_030,30
AAAGAAAAGAAGGACCACTG_031,132
AAAGAAAAGAAGGACCACTG_032,127
AAAGAAAAGAAGGACCACTG_033,147
AAAGAAAAGAAGGACCACTG_034,48
AAAGAAAAGAAGGACCACTG_035,186
AAAGAAAAGAAGGACCACTG_036,98
AAAGAAAAGAAGGACCACTG_037,7
AAAGAAAAGAAGGACCACTG_038,133
AAAGAAAAGAAGGACCACTG_039,12
AAAGAAAAGAAGGACCACTG_040,12
AAAGAAAAGAAGGACCACTG_041,105
AAAGAAAAGAAGGACCACTG_042,188
AAAGAAAAGAAGGACCACTG_043,126
AAAGAAAAGAAGGACCACTG_044,188
AAAGAAAAGAAGGACCACTG_045,122
AAAGAAAAGAAGGACCACTG_046,118
AAAGAAAAGAAGGACCACTG_047,166
AAAGAAAAGAAGGACCACTG_048,48
AAAGAAAAGAAGGACCACTG_049,48
AAAGAAAAGAAGGACCACTG_050,6
AAAGAAAAGAAGGACCACTG_051,164
AAAGAAAAGAAGGACCACTG_052,141
AAAGAAAAGAAGGACCACTG_053,81
AAAGAAAAGAAGGACCACTG_054,8
AAAGAAAAGAAGGACCACTG_055,53
AAAGAAAAGAAGGACCACTG_056,24
AAAGAAAAGAAGGACCACTG_057,70
AAAGAAAAGAAGGACCACTG_058,10
AAAGAAAAGAAGGACCACTG_059,17
AAAGAAAAGAAGGACCACTG_060,68
AAAGAAAAGAAGGACCACTG_061,151
AAAGAAAAGAAGGACCACTG_062,151
AAAGAAAAGAAGGACCACTG_063,20
AAAGAAAAGAAGGACCACTG_064,89
AAAGAAAAGAAGGACCACTG_065,127
CCTGCGCAGAGCAGCCCGCG_001,9
CCTGCGCAGAGCAGCCCGCG_002,191
CTCGAGCAGTCGGCCTACAG_001,32
CTCGAGCAGTCGGCCTACAG_002,154
CTCGAGCAGTCGGCCTACAG_003,154
CTCGAGCAGTCGGCCTACAG_004,109
CTCGAGCAGTCGGCCTACAG_005,159
CTCGAGCAGTCGGCCTACAG_006,61
CTCGAGCAGTCGGCCTACAG_007,42
CTCGAGCAGTCGGCCTACAG_008,7
TATGCTTTCATGTCATATGG_001,9
TATGCTTTCATGTCATATGG_002,56
GTGCAAAGGCCCTTTATGGT_001,121
GTGCAAAGGCCCTTTATGGT_002,70
GTGCAAAGGCCCTTTATGGT_003,107
GTGCAAAGGCCCTTTATGGT_004,61
GTGCAAAGGCCCTTTATGGT_005,28
GTGCAAAGGCCCTTTATGGT_006,137
GTGCAAAGGCCCTTTATGGT_007,69
GATCTTCTGGATGTAGCCTG_001,112
GATCTTCTGGATGTAGCCTG_002,160
GATCTTCTGGATGTAGCCTG_003,41
GATCTTCTGGATGTAGCCTG_004,29
TGAACAGATTCCACTTGTGA_001,154
TGAACAGATTCCACTTGTGA_002,11
TGAACAGATTCCACTTGTGA_003,59
TGAACAGATTCCACTTGTGA_004,84
TGAACAGATTCCACTTGTGA_005,175
TGAACAGATTCCACTTGTGA_006,175
TGAACAGATTCCACTTGTGA_007,44
CTTACAACGAAGGTGGACGT_001,42
ACTCGACTACGGCGTCACCG_001,52
ACTCGACTACGGCGTCACCG_002,66
ACTCGACTACGGCGTCACCG_003,116
ACTCGACTACGGCGTCACCG_004,66
ACTCGACTACGGCGTCACCG_005,49
TCTGTTTCAAAGACAGCAAG_001,1
TCTGTTTCAAAGACAGCAAG_002,39
TCTGTTTCAAAGACAGCAAG_003,94
TCTGTTTCAAAGACAGCAAG_004,63
TAACACCAGTTTCAACACAG_001,160
TAACACCAGTTTCAACACAG_002,82
TAACACCAGTTTCAACACAG_003,70
TAACACCAGTTTCAACACAG_004,197
TAACACCAGTTTCAACACAG_005,136
TAACACCAGTTTCAACACAG_006,136
ATTTCTCTTGTGTTTAACAA_001,98
ATTTCTCTTGTGTTTAACAA_002,180
ATTTCTCTTGTGTTTAACAA_003,183
TTTGCTTCGCGATAGTCAGA_001,192
TTTGCTTCGCGATAGTCAGA_002,22
TTTGCTTCGCGATAGTCAGA_003,70
TTTGCTTCGCGATAGTCAGA_004,2
TTTGCTTCGCGATAGTCAGA_005,165
AACACGGACAGGCACAACCA_001,181
AACACGGACAGGCACAACCA_002,166
AACACGGACAGGCACAACCA_003,50
AACACGGACAGGCACAACCA_004,119
AACACGGACAGGCACAACCA_005,49
AACACGGACAGGCACAACCA_006,77
AACACGGACAGGCACAACCA_007,149
AACACGGACAGGCACAACCA_008,149
AACACGGACAGGCACAACCA_009,115
AACACGGACAGGCACAACCA_010,93
AACACGGACAGGCACAACCA_011,132
AACACGGACAGGCACAACCA_012,127
AACACGGACAGGCACAACCA_013,19
AACACGGACAGGCACAACCA_014,170
AACACGGACAGGCACAACCA_015,149
AACACGGACAGGCACAACCA_016,1
AACACGGACAGGCACAACCA_017,184
AACACGGACAGGCACAACCA_018,126
AACACGGACAGGCACAACCA_019,137
AACACGGACAGGCACAACCA_020,168
AACACGGACAGGCACAACCA_021,75
AACACGGACAGGCACAACCA_022,138
AACACGGACAGGCACAACCA_023,36
GGCGAAAGTCAGCTCCTCCG_001,78
GGCGAAAGTCAGCTCCTCCG_002,54
GGCGAAAGTCAGCTCCTCCG_003,96
GGCGAAAGTCAGCTCCTCCG_004,14
GGCGAAAGTCAGCTCCTCCG_005,48
GGCGAAAGTCAGCTCCTCCG_006,49
TCCAGGGAGGTCTTCAAAGG_001,36
TCCAGGGAGGTCTTCAAAGG_002,174
TCCAGGGAGGTCTTCAAAGG_003,40
TCCAGGGAGGTCTTCAAAGG_004,43
TCCAGGGAGGTCTTCAAAGG_005,48
TCCAGGGAGGTCTTCAAAGG_006,65
TCCAGGGAGGTCTTCAAAGG_007,50
TCCAGGGAGGTCTTCAAAGG_008,190
TCCAGGGAGGTCTTCAAAGG_009,65
TCCAGGGAGGTCTTCAAAGG_010,145
TCCAGGGAGGTCTTCAAAGG_011,147
TCCAGGGAGGTCTTCAAAGG_012,182
TCCAGGGAGGTCTTCAAAGG_013,198
TCCAGGGAGGTCTTCAAAGG_014,185
TCCAGGGAGGTCTTCAAAGG_015,2
TGTGATAGAAACTTTGAACA_001,162
TGTGATAGAAACTTTGAACA_002,188
TGTGATAGAAACTTTGAACA_003,130
CCACAGGAGCAGTGTCAACA_001,16
CCACAGGAGCAGTGTCAACA_002,155
CCACAGGAGCAGTGTCAACA_003,107
CCACAGGAGCAGTGTCAACA_004,15
CCACAGGAGCAGTGTCAACA_005,98
CCACAGGAGCAGTGTCAACA_006,117
CCACAGGAGCAGTGTCAACA_007,16
CCACAGGAGCAGTGTCAACA_008,130
GGCGAGTGTGCAAACACGCG_001,145
GGCGAGTGTGCAAACACGCG_002,27
GGCGAGTGTGCAAACACGCG_003,98
GGCGAGTGTGCAAACACGCG_004,170
GGCGAGTGTGCAAACACGCG_005,146
GGCGAGTGTGCAAACACGCG_006,53
GGCGAGTGTGCAAACACGCG_007,196
GGCGAGTGTGCAAACACGCG_008,173
GGCGAGTGTGCAAACACGCG_009,62
GGCGAGTGTGCAAACACGCG_010,130
GGCGAGTGTGCAAACACGCG_011,57
GGCGAGTGTGCAAACACGCG_012,6
GGCGAGTGTGCAAACACGCG_013,80
GGCGAGTGTGCAAACACGCG_014,31
GGCGAGTGTGCAAACACGCG_015,9
GGCGGCCAACTTCGACTTGG_001,105
GGCGGCCAACTTCGACTTGG_002,157
GGCGGCCAACTTCGACTTGG_003,172
GGCGGCCAACTTCGACTTGG_004,11
GGCGGCCAACTTCGACTTGG_005,148
GGCGGCCAACTTCGACTTGG_006,164
GTAGGAGCCACATTTCCCGA_001,45
GTAGGAGCCACATTTCCCGA_002,91
GTAGGAGCCACATTTCCCGA_003,174
AAGCCAAACTCAGCACAGGA_001,117
AAGCCAAACTCAGCACAGGA_002,150
AAGCCAAACTCAGCACAGGA_003,41
AAGCCAAACTCAGCACAGGA_004,78
AAGCCAAACTCAGCACAGGA_005,11
AAGCCAAACTCAGCACAGGA_006,105
AAGCCAAACTCAGCACAGGA_007,145
AAGCCAAACTCAGCACAGGA_008,62
AAGCCAAACTCAGCACAGGA_009,7
AAGCCAAACTCAGCACAGGA_010,181
AAGCCAAACTCAGCACAGGA_011,176
AAGCCAAACTCAGCACAGGA_012,132
AAGCCAAACTCAGCACAGGA_013,85
AAGCCAAACTCAGCACAGGA_014,162
AAGCCAAACTCAGCACAGGA_015,168
AAGCCAAACTCAGCACAGGA_016,95
AAGCCAAACTCAGCACAGGA_017,118
AAGCCAAACTCAGCACAGGA_018,86
AAGCCAAACTCAGCACAGGA_019,145
AAGCCAAACTCAGCACAGGA_020,31
AAGCCAAACTCAGCACAGGA_021,38
AAGCCAAACTCAGCACAGGA_022,144
AAGCCAAACTCAGCACAGGA_023,130
AAGCCAAACTCAGCACAGGA_024,1
AAGCCAAACTCAGCACAGGA_025,72
AAGCCAAACTCAGCACAGGA_026,198
AAGCCAAACTCAGCACAGGA_027,15
AAGCCAAACTCAGCACAGGA_028,115
AAGCCAAACTCAGCACAGGA_029,67
AAGCCAAACTCAGCACAGGA_030,130
AAGCCAAACTCAGCACAGGA_031,106
AAGCCAAACTCAGCACAGGA_032,35
AAGCCAAACTCAGCACAGGA_033,35
AAGCCAAACTCAGCACAGGA_034,168
AAGCCAAACTCAGCACAGGA_035,115
AAGCCAAACTCAGCACAGGA_036,120
CTCCCGCAGATGTTCATCGG_001,5
CTCCCGCAGATGTTCATCGG_002,96
CTCCCGCAGATGTTCATCGG_003,95
CTCCCGCAGATGTTCATCGG_004,190
CTCCCGCAGATGTTCATCGG_005,5
CTCCCGCAGATGTTCATCGG_006,102
CTCCCGCAGATGTTCATCGG_007,166
CTCCCGCAGATGTTCATCGG_008,69
AGGACGCAAACAGATTCGCG_001,186
AGGACGCAAACAGATTCGCG_002,9
AGGACGCAAACAGATTCGCG_003,169
AGGACGCAAACAGATTCGCG_004,47
AGGACGCAAACAGATTCGCG_005,108
AGGACGCAAACAGATTCGCG_006,81
AGGACGCAAACAGATTCGCG_007,147
AGGACGCAAACAGATTCGCG_008,144
AGGACGCAAACAGATTCGCG_009,14
GCCATTTCTTTAGTTCACGG_001,167
GCCATTTCTTTAGTTCACGG_002,23
GCCATTTCTTTAGTTCACGG_003,187
GCCATTTCTTTAGTTCACGG_004,170
GCCATTTCTTTAGTTCACGG_005,185
GCCATTTCTTTAGTTCACGG_006,180
AGGGCACAAGAACAGTGCAG_001,7
AGGGCACAAGAACAGTGCAG_002,7
AGGGCACAAGAACAGTGCAG_003,70
AGGGCACAAGAACAGTGCAG_004,167
AGGGCACAAGAACAGTGCAG_005,167
AGGGCACAAGAACAGTGCAG_006,141
AGGGCACAAGAACAGTGCAG_007,57
AGGGCACAAGAACAGTGCAG_008,154
AGGGCACAAGAACAGTGCAG_009,4
AGGGCACAAGAACAGTGCAG_010,78
AGGGCACAAGAACAGTGCAG_011,98
AGGGCACAAGAACAGTGCAG_012,76
AGGGCACAAGAACAGTGCAG_013,41
AGGGCACAAGAACAGTGCAG_014,58
AGGGCACAAGAACAGTGCAG_015,76
AGGGCACAAGAACAGTGCAG_016,115
AGGGCACAAGAACAGTGCAG_017,98
AGGGCACAAGAACAGTGCAG_018,9
AGGGCACAAGAACAGTGCAG_019,149
AGGGCACAAGAACAGTGCAG_020,187
AGGGCACAAGAACAGTGCAG_021,156
AGGGCACAAGAACAGTGCAG_022,175
AGGGCACAAGAACAGTGCAG_023,52
AGGGCACAAGAACAGTGCAG_024,108
AGGGCACAAGAACAGTGCAG_025,183
AGGGCACAAGAACAGTGCAG_026,192
AGGGCACAAGAACAGTGCAG_027,40
AGGGCACAAGAACAGTGCAG_028,42
AGGGCACAAGAACAGTGCAG_029,107
AGGGCACAAGAACAGTGCAG_030,171
AGGGCACAAGAACAGTGCAG_031,68
AGGGCACAAGAACAGTGCAG_032,199
AGGGCACAAGAACAGTGCAG_033,56
AGGGCACAAGAACAGTGCAG_034,146
AGGGCACAAGAACAGTGCAG_035,142
AGGGCACAAGAACAGTGCAG_036,142
AGGGCACAAGAACAGTGCAG_037,118
AGGGCACAAGAACAGTGCAG_038,170
AGGGCACAAGAACAGTGCAG_039,51
AGGGCACAAGAACAGTGCAG_040,22
AGGGCACAAGAACAGTGCAG_041,57
AGGGCACAAGAACAGTGCAG_042,152
AGGGCACAAGAACAGTGCAG_043,84
AGGGCACAAGAACAGTGCAG_044,185
GCCCTGGCCAGGAAAACCGA_001,137
GCCCTGGCCAGGAAAACCGA_002,25
GCCCTGGCCAGGAAAACCGA_003,176
GCCCTGGCCAGGAAAACCGA_004,70
GCCCTGGCCAGGAAAACCGA_005,111
GCCCTGGCCAGGAAAACCGA_006,162
GCCCTGGCCAGGAAAACCGA_007,42
GCCCTGGCCAGGAAAACCGA_008,15
GCCCTGGCCAGGAAAACCGA_009,127
GCCCTGGCCAGGAAAACCGA_010,158
GCCCTGGCCAGGAAAACCGA_011,162
GCCCTGGCCAGGAAAACCGA_012,75
GCCCTGGCCAGGAAAACCGA_013,144
GCCCTGGCCAGGAAAACCGA_014,8
GCCCTGGCCAGGAAAACCGA_015,20
GCCCTGGCCAGGAAAACCGA_016,162
GCCCTGGCCAGGAAAACCGA_017,148
GCCCTGGCCAGGAAAACCGA_018,92
GCCCTGGCCAGGAAAACCGA_019,7
GCCCTGGCCAGGAAAACCGA_020,188
GCCCTGGCCAGGAAAACCGA_021,175
GCCCTGGCCAGGAAAACCGA_022,81
GCCCTGGCCAGGAAAACCGA_023,82
GCCCTGGCCAGGAAAACCGA_024,190
GCCCTGGCCAGGAAAACCGA_025,127
GCCCTGGCCAGGAAAACCGA_026,137
GCCCTGGCCAGGAAAACCGA_027,136
GCCCTGGCCAGGAAAACCGA_028,40
GCCCTGGCCAGGAAAACCGA_029,153
GCCCTGGCCAGGAAAACCGA_030,142
GCCCTGGCCAGGAAAACCGA_031,3
GCCCTGGCCAGGAAAACCGA_032,198
GCCCTGGCCAGGAAAACCGA_033,98
GCCCTGGCCAGGAAAACCGA_034,188
GCCCTGGCCAGGAAAACCGA_035,105
CATCAGGAACGACAATCGAG_001,10
CATCAGGAACGACAATCGAG_002,106
CATCAGGAACGACAATCGAG_003,152
CATCAGGAACGACAATCGAG_004,172
CATCAGGAACGACAATCGAG_005,184
CATCAGGAACGACAATCGAG_006,172
CATCAGGAACGACAATCGAG_007,81
CATCAGGAACGACAATCGAG_008,173
CATCAGGAACGACAATCGAG_009,60
CATCAGGAACGACAATCGAG_010,16
CATCAGGAACGACAATCGAG_011,130
CATCAGGAACGACAATCGAG_012,2
CATCAGGAACGACAATCGAG_013,166
CATCAGGAACGACAATCGAG_014,128
CATCAGGAACGACAATCGAG_015,81
CATCAGGAACGACAATCGAG_016,26
TCAGGCTCTCTCAAATAGTG_001,126
TCAGGCTCTCTCAAATAGTG_002,0
TCAGGCTCTCTCAAATAGTG_003,170
TCAGGCTCTCTCAAATAGTG_004,177
TCAGGCTCTCTCAAATAGTG_005,191
TCAGGCTCTCTCAAATAGTG_006,72
TCAGGCTCTCTCAAATAGTG_007,95
AAAGACAAGCAGATCCACCC_001,178
AAAGACAAGCAGATCCACCC_002,60
AAAGACAAGCAGATCCACCC_003,80
AAAGACAAGCAGATCCACCC_004,85
AAAGACAAGCAGATCCACCC_005,184
AAAGACAAGCAGATCCACCC_006,10
AAAGACAAGCAGATCCACCC_007,106
AAAGACAAGCAGATCCACCC_008,50
GGGTCAGGCAGTCTGCATAG_001,55
GGGTCAGGCAGTCTGCATAG_002,9
GGGTCAGGCAGTCTGCATAG_003,56
GGGTCAGGCAGTCTGCATAG_004,162
CATACAGTGAAGTAGTTGCT_001,188
CATACAGTGAAGTAGTTGCT_002,77
CATACAGTGAAGTAGTTGCT_003,161
CATACAGTGAAGTAGTTGCT_004,65
CATACAGTGAAGTAGTTGCT_005,60
CATACAGTGAAGTAGTTGCT_006,141
CATACAGTGAAGTAGTTGCT_007,160
CATACAGTGAAGTAGTTGCT_008,8
CATACAGTGAAGTAGTTGCT_009,161
CATACAGTGAAGTAGTTGCT_010,28
CATACAGTGAAGTAGTTGCT_011,151
CTCTTGCTCGTCCTCGAACA_001,16
CTCTTGCTCGTCCTCGAACA_002,193
CTCTTGCTCGTCCTCGAACA_003,38
CTCTTGCTCGTCCTCGAACA_004,15
CTCTTGCTCGTCCTCGAACA_005,156
CTCTTGCTCGTCCTCGAACA_006,147
CTCTTGCTCGTCCTCGAACA_007,35
CTCTTGCTCGTCCTCGAACA_008,140
GACAACGGCTCAGACGAGCA_001,26
GACAACGGCTCAGACGAGCA_002,60
GACAACGGCTCAGACGAGCA_003,116
GACAACGGCTCAGACGAGCA_004,15
GACAACGGCTCAGACGAGCA_005,112
GACAACGGCTCAGACGAGCA_006,29
GACAACGGCTCAGACGAGCA_007,169
GACAACGGCTCAGACGAGCA_008,154
GACAACGGCTCAGACGAGCA_009,158
GACAACGGCTCAGACGAGCA_010,105
GACAACGGCTCAGACGAGCA_011,62
GACAACGGCTCAGACGAGCA_012,136
GACAACGGCTCAGACGAGCA_013,69
GACAACGGCTCAGACGAGCA_014,14
GACAACGGCTCAGACGAGCA_015,175
GACAACGGCTCAGACGAGCA_016,80
TGCTGAGCTGACCTACACTC_001,41
TGCTGAGCTGACCTACACTC_002,65
TGCTGAGCTGACCTACACTC_003,130
TGCTGAGCTGACCTACACTC_004,7
TGCTGAGCTGACCTACACTC_005,74
TGCTGAGCTGACCTACACTC_006,183
TGCTGAGCTGACCTACACTC_007,148
TGCTGAGCTGACCTACACTC_008,53
TGCTGAGCTGACCTACACTC_009,26
TGCTGAGCTGACCTACACTC_010,127
TGCTGAGCTGACCTACACTC_011,112
TGCTGAGCTGACCTACACTC_012,60
TGCTGAGCTGACCTACACTC_013,142
TGCTGAGCTGACCTACACTC_014,37
TGCTGAGCTGACCTACACTC_015,37
TGCTGAGCTGACCTACACTC_016,171
TGCTGAGCTGACCTACACTC_017,184
TTGCAGCCACTCCTGCAATA_001,168
TTGCAGCCACTCCTGCAATA_002,56
TTGCAGCCACTCCTGCAATA_003,6
TTGCAGCCACTCCTGCAATA_004,122
TTGCAGCCACTCCTGCAATA_005,38
TTGCAGCCACTCCTGCAATA_006,15
TTGCAGCCACTCCTGCAATA_007,43
TTGCAGCCACTCCTGCAATA_008,55
TTGCAGCCACTCCTGCAATA_009,92
TTGCAGCCACTCCTGCAATA_010,22
TTGCAGCCACTCCTGCAATA_011,17
TTGCAGCCACTCCTGCAATA_012,58
TTGCAGCCACTCCTGCAATA_013,130
TTGCAGCCACTCCTGCAATA_014,48
TTGCAGCCACTCCTGCAATA_015,10
TTGCAGCCACTCCTGCAATA_016,169
TTGCAGCCACTCCTGCAATA_017,43
TTGCAGCCACTCCTGCAATA_018,67
CGACGTCCACAACTACGTGA_001,157
CGACGTCCACAACTACGTGA_002,12
CGACGTCCACAACTACGTGA_003,58
CGACGTCCACAACTACGTGA_004,137
CGACGTCCACAACTACGTGA_005,142
CGACGTCCACAACTACGTGA_006,142
CGACGTCCACAACTACGTGA_007,75
CGACGTCCACAACTACGTGA_008,10
CGACGTCCACAACTACGTGA_009,105
CGACGTCCACAACTACGTGA_010,61
CGACGTCCACAACTACGTGA_011,77
CGACGTCCACAACTACGTGA_012,121
CGACGTCCACAACTACGTGA_013,40
CGACGTCCACAACTACGTGA_014,62
CGACGTCCACAACTACGTGA_015,8
CGACGTCCACAACTACGTGA_016,198
AGGGTTCAGACTAGGCAATG_001,70
AGGGTTCAGACTAGGCAATG_002,107
AGGGTTCAGACTAGGCAATG_003,75
AGGGTTCAGACTAGGCAATG_004,3
AGGGTTCAGACTAGGCAATG_005,161
AGGGTTCAGACTAGGCAATG_006,5
AGGGTTCAGACTAGGCAATG_007,112
AGGGTTCAGACTAGGCAATG_008,60
AGGGTTCAGACTAGGCAATG_009,185
AGGGTTCAGACTAGGCAATG_010,197
AGGGTTCAGACTAGGCAATG_011,194
AGGGTTCAGACTAGGCAATG_012,75
AGGGTTCAGACTAGGCAATG_013,98
AGGGTTCAGACTAGGCAATG_014,174
AGGGTTCAGACTAGGCAATG_015,98
AGGGTTCAGACTAGGCAATG_016,120
AGGGTTCAGACTAGGCAATG_017,150
AGGGTTCAGACTAGGCAATG_018,83
AGGGTTCAGACTAGGCAATG_019,88
AGGGTTCAGACTAGGCAATG_020,118
AGGGTTCAGACTAGGCAATG_021,163
AGGGTTCAGACTAGGCAATG_022,123
AGGGTTCAGACTAGGCAATG_023,192
AGGGTTCAGACTAGGCAATG_024,153
AGGGTTCAGACTAGGCAATG_025,61
AGGGTTCAGACTAGGCAATG_026,76
AGGGTTCAGACTAGGCAATG_027,188
AGGGTTCAGACTAGGCAATG_028,124
CCCATACACTACAAGCAGCT_001,198
CCCATACACTACAAGCAGCT_002,5
CCCATACACTACAAGCAGCT_003,78
CCCATACACTACAAGCAGCT_004,19
CTGGTGGAAAGGCTGCACGC_001,169
CTGGTGGAAAGGCTGCACGC_002,128
CTGGTGGAAAGGCTGCACGC_003,193
CTGGTGGAAAGGCTGCACGC_004,45
CTGGTGGAAAGGCTGCACGC_005,62
CTGGTGGAAAGGCTGCACGC_006,130
CTGGTGGAAAGGCTGCACGC_007,125
CTGGTGGAAAGGCTGCACGC_008,17
CTGGTGGAAAGGCTGCACGC_009,105
CTGGTGGAAAGGCTGCACGC_010,58
CTGGTGGAAAGGCTGCACGC_011,170
CTGGTGGAAAGGCTGCACGC_012,129
CTGGTGGAAAGGCTGCACGC_013,171
CTGGTGGAAAGGCTGCACGC_014,95
CTGGTGGAAAGGCTGCACGC_015,188
CTGGTGGAAAGGCTGCACGC_016,48
CTGGTGGAAAGGCTGCACGC_017,58
CTGGTGGAAAGGCTGCACGC_018,94
CTGGTGGAAAGGCTGCACGC_019,169
CTGGTGGAAAGGCTGCACGC_020,162
CTGGTGGAAAGGCTGCACGC_021,81
CTGGTGGAAAGGCTGCACGC_022,106
CTGGTGGAAAGGCTGCACGC_023,141
CTGGTGGAAAGGCTGCACGC_024,162
CTGGTGGAAAGGCTGCACGC_025,142
CTGGTGGAAAGGCTGCACGC_026,81
CTGGTGGAAAGGCTGCACGC_027,60
GTAATGGGCTTGACATCTCC_001,119
GTAATGGGCTTGACATCTCC_002,160
GTAATGGGCTTGACATCTCC_003,43
GTAATGGGCTTGACATCTCC_004,165
GTAATGGGCTTGACATCTCC_005,76
GTAATGGGCTTGACATCTCC_006,147
GTAATGGGCTTGACATCTCC_007,162
GTAATGGGCTTGACATCTCC_008,185
GTAATGGGCTTGACATCTCC_009,153
GTAATGGGCTTGACATCTCC_010,35
GTAATGGGCTTGACATCTCC_011,188
GTTAACAAATAGTTTAGCTG_001,147
GTTAACAAATAGTTTAGCTG_002,189
GTTAACAAATAGTTTAGCTG_003,185
GTTAACAAATAGTTTAGCTG_004,66
GTTAACAAATAGTTTAGCTG_005,124
GTTAACAAATAGTTTAGCTG_006,146
GTTAACAAATAGTTTAGCTG_007,197
GTTAACAAATAGTTTAGCTG_008,10
GTTAACAAATAGTTTAGCTG_009,12
GTTAACAAATAGTTTAGCTG_010,124
TCAGCAAGTGCCAGACCTCG_001,89
TCAGCAAGTGCCAGACCTCG_002,17
AGGATGTCAATGATGTTGAG_001,16
AGGATGTCAATGATGTTGAG_002,130
AGGATGTCAATGATGTTGAG_003,120
AGGATGTCAATGATGTTGAG_004,194
AGGATGTCAATGATGTTGAG_005,63
AGGATGTCAATGATGTTGAG_006,162
CTCACGTGACAACAGGATCG_001,159
CTCACGTGACAACAGGATCG_002,188
CTCACGTGACAACAGGATCG_003,97
CTCACGTGACAACAGGATCG_004,60
CTCACGTGACAACAGGATCG_005,48
CTCACGTGACAACAGGATCG_006,2
CTCACGTGACAACAGGATCG_007,2
ACTCATTGCGATCTATCGAG_001,118
ACTCATTGCGATCTATCGAG_002,194
ACTCATTGCGATCTATCGAG_003,6
AAGAATAAGTTATCTACGAT_001,135
AAGAATAAGTTATCTACGAT_002,9
TCCATGAATGAAGAATTCCT_001,9
TCCATGAATGAAGAATTCCT_002,131
TCCATGAATGAAGAATTCCT_003,42
TCCATGAATGAAGAATTCCT_004,70
TCCATGAATGAAGAATTCCT_005,138
TCCATGAATGAAGAATTCCT_006,53
TCCATGAATGAAGAATTCCT_007,10
TCCATGAATGAAGAATTCCT_008,3
CATAGTCTCCGGGACCAGCG_001,94
CATAGTCTCCGGGACCAGCG_002,77
CATAGTCTCCGGGACCAGCG_003,104
CATAGTCTCCGGGACCAGCG_004,154
CATAGTCTCCGGGACCAGCG_005,133
CATAGTCTCCGGGACCAGCG_006,199
CATAGTCTCCGGGACCAGCG_007,39
CATAGTCTCCGGGACCAGCG_008,193
CATAGTCTCCGGGACCAGCG_009,140
CATAGTCTCCGGGACCAGCG_010,82
CATAGTCTCCGGGACCAGCG_011,21
CATAGTCTCCGGGACCAGCG_012,23
CATAGTCTCCGGGACCAGCG_013,177
CATAGTCTCCGGGACCAGCG_014,7
CATAGTCTCCGGGACCAGCG_015,149
CATAGTCTCCGGGACCAGCG_016,22
CATAGTCTCCGGGACCAGCG_017,166
CATAGTCTCCGGGACCAGCG_018,40
CATAGTCTCCGGGACCAGCG_019,113
CATAGTCTCCGGGACCAGCG_020,130
CATAGTCTCCGGGACCAGCG_021,17
CATAGTCTCCGGGACCAGCG_022,58
GCTACACCTCCAGGATCGAG_001,44
GCTACACCTCCAGGATCGAG_002,72
CCTTGAGGAGGCGATTAATG_001,1
CCTTGAGGAGGCGATTAATG_002,142
CCTTGAGGAGGCGATTAATG_003,28
CCTTGAGGAGGCGATTAATG_004,83
TCCTGAAGGGACCAGGACTG_001,6
TCCTGAAGGGACCAGGACTG_002,127
TCCTGAAGGGACCAGGACTG_003,115
TCCTGAAGGGACCAGGACTG_004,24
TCCTGAAGGGACCAGGACTG_005,130
TTCCTAAGCGTGAAAAACAG_001,73
TTCCTAAGCGTGAAAAACAG_002,49
TTCCTAAGCGTGAAAAACAG_003,15
TGCGAAGCTCTAGCACCTCG_001,96
ATTGCACTCACACTGAGCAA_001,130
ATTGCACTCACACTGAGCAA_002,37
ATTGCACTCACACTGAGCAA_003,77
ATTGCACTCACACTGAGCAA_004,80
ATTGCACTCACACTGAGCAA_005,180
ATTGCACTCACACTGAGCAA_006,22
TGGCTTGATCAATGGCAAAG_001,121
TGGCTTGATCAATGGCAAAG_002,100
TGGCTTGATCAATGGCAAAG_003,162
TGGCTTGATCAATGGCAAAG_004,25
TGGCTTGATCAATGGCAAAG_005,175
GTAACATAGAAAGAACGTGC_001,132
GTAACATAGAAAGAACGTGC_002,12
GTAACATAGAAAGAACGTGC_003,174
GTAACATAGAAAGAACGTGC_004,177
GTAACATAGAAAGAACGTGC_005,36
GTAACATAGAAAGAACGTGC_006,28
GTAACATAGAAAGAACGTGC_007,188
GTAACATAGAAAGAACGTGC_008,15
GGCGCTTAGAAATTCCCACA_001,21
GGCGCTTAGAAATTCCCACA_002,12
GGCGCTTAGAAATTCCCACA_003,43
GGCGCTTAGAAATTCCCACA_004,168
GGCGCTTAGAAATTCCCACA_005,3
GGCGCTTAGAAATTCCCACA_006,15
TCGGACGGGCTCAAGTACGA_001,107
TCGGACGGGCTCAAGTACGA_002,169
TCGGACGGGCTCAAGTACGA_003,113
TCGGACGGGCTCAAGTACGA_004,77
TCGGACGGGCTCAAGTACGA_005,26
TCGGACGGGCTCAAGTACGA_006,161
TCGGACGGGCTCAAGTACGA_007,132
TCGGACGGGCTCAAGTACGA_008,107
TCGGACGGGCTCAAGTACGA_009,48
TCGGACGGGCTCAAGTACGA_010,183
TCGGACGGGCTCAAGTACGA_011,118
GACTTATTACCTGATCAGTG_001,158
GACTTATTACCTGATCAGTG_002,21
CTTCCCCTCATAATCAGCCA_001,149
CTATTAAATTAATAGTGGGA_001,156
CTATTAAATTAATAGTGGGA_002,50
CTATTAAATTAATAGTGGGA_003,106
CTATTAAATTAATAGTGGGA_004,34
CTATTAAATTAATAGTGGGA_005,175
CTATTAAATTAATAGTGGGA_006,17
CTATTAAATTAATAGTGGGA_007,137
GGACGACAGCAGCGATGTAG_001,127
GGACGACAGCAGCGATGTAG_002,139
GGACGACAGCAGCGATGTAG_003,146
GACTACGTGCCCTTTGAGGA_001,117
GACTACGTGCCCTTTGAGGA_002,91
GACTACGTGCCCTTTGAGGA_003,77
GACTACGTGCCCTTTGAGGA_004,144
GACTACGTGCCCTTTGAGGA_005,87
GACTACGTGCCCTTTGAGGA_006,154
GACTACGTGCCCTTTGAGGA_007,54
GACTACGTGCCCTTTGAGGA_008,77
GACTACGTGCCCTTTGAGGA_009,102
GACTACGTGCCCTTTGAGGA_010,82
GACTACGTGCCCTTTGAGGA_011,157
GACTACGTGCCCTTTGAGGA_012,162
GACTACGTGCCCTTTGAGGA_013,77
GACTACGTGCCCTTTGAGGA_014,108
GAGAAAGGATTTCGTTATAA_001,198
GAGAAAGGATTTCGTTATAA_002,196
GAGAAAGGATTTCGTTATAA_003,15
AAAACAGCATGATCCCTAAG_001,11
AAAACAGCATGATCCCTAAG_002,16
AAAACAGCATGATCCCTAAG_003,162
AAAACAGCATGATCCCTAAG_004,40
AAAACAGCATGATCCCTAAG_005,161
AAAACAGCATGATCCCTAAG_006,6
GGGGCTGACTTACCGCAGAG_001,92
GGGGCTGACTTACCGCAGAG_002,105
GGGGCTGACTTACCGCAGAG_003,78
GGGGCTGACTTACCGCAGAG_004,131
GGGGCTGACTTACCGCAGAG_005,11
GGGGCTGACTTACCGCAGAG_006,188
GGGGCTGACTTACCGCAGAG_007,66
GGGGCTGACTTACCGCAGAG_008,121
GGGGCTGACTTACCGCAGAG_009,123
GGGGCTGACTTACCGCAGAG_010,48
GGGGCTGACTTACCGCAGAG_011,176
GGGGCTGACTTACCGCAGAG_012,150
GGGGCTGACTTACCGCAGAG_013,150
GGGGCTGACTTACCGCAGAG_014,19
GGGGCTGACTTACCGCAGAG_015,144
GGGGCTGACTTACCGCAGAG_016,27
GGGGCTGACTTACCGCAGAG_017,48
GATGAAGTCCTCGTAAGAGG_001,104
GATGAAGTCCTCGTAAGAGG_002,137
GATGAAGTCCTCGTAAGAGG_003,131
AAATGGATCTATGTTCACAA_001,145
AAATGGATCTATGTTCACAA_002,27
AAATGGATCTATGTTCACAA_003,12
AAATGGATCTATGTTCACAA_004,155
AAATGGATCTATGTTCACAA_005,73
AAATGGATCTATGTTCACAA_006,142
AAATGGATCTATGTTCACAA_007,53
AGACACTCAGGAACAAGATG_001,18
AGACACTCAGGAACAAGATG_002,12
AGACACTCAGGAACAAGATG_003,105
AGACACTCAGGAACAAGATG_004,127
AGACACTCAGGAACAAGATG_005,47
AGACACTCAGGAACAAGATG_006,114
AGACACTCAGGAACAAGATG_007,128
AGACACTCAGGAACAAGATG_008,175
CAGTGCAATTTAGAGGTGCA_001,195
CAGTGCAATTTAGAGGTGCA_002,158
CAGTGCAATTTAGAGGTGCA_003,80
CAGTGCAATTTAGAGGTGCA_004,161
CAGTGCAATTTAGAGGTGCA_005,156
CAGTGCAATTTAGAGGTGCA_006,168
CAGTGCAATTTAGAGGTGCA_007,41
CAGTGCAATTTAGAGGTGCA_008,141
CAGTGCAATTTAGAGGTGCA_009,45
CAGTGCAATTTAGAGGTGCA_010,98
CAGTGCAATTTAGAGGTGCA_011,103
CAGTGCAATTTAGAGGTGCA_012,123
CAGTGCAATTTAGAGGTGCA_013,173
CAGTGCAATTTAGAGGTGCA_014,92
CAGTGCAATTTAGAGGTGCA_015,189
CAGTGCAATTTAGAGGTGCA_016,199
CAGTGCAATTTAGAGGTGCA_017,50
AGCTGAGCGGAGATCCTACA_001,12
AGCTGAGCGGAGATCCTACA_002,134
AGCTGAGCGGAGATCCTACA_003,166
AGCTGAGCGGAGATCCTACA_004,40
AGCTGAGCGGAGATCCTACA_005,17
AGCTGAGCGGAGATCCTACA_006,77
AGCTGAGCGGAGATCCTACA_007,177
AGCTGAGCGGAGATCCTACA_008,2
AGCTGAGCGGAGATCCTACA_009,199
AGCTGAGCGGAGATCCTACA_010,135
AGCTGAGCGGAGATCCTACA_011,30
AGCTGAGCGGAGATCCTACA_012,55
AGCTGAGCGGAGATCCTACA_013,97
AGCTGAGCGGAGATCCTACA_014,170
TGGGCTGGCCTATCAAAAGG_001,23
TGGGCTGGCCTATCAAAAGG_002,192
TGGGCTGGCCTATCAAAAGG_003,76
TGGGCTGGCCTATCAAAAGG_004,122
TGGGCTGGCCTATCAAAAGG_005,152
TGGGCTGGCCTATCAAAAGG_006,127
TGGGCTGGCCTATCAAAAGG_007,27
GTACCGCGTTATGTGGCGGG_001,85
GTAAAGGACTGATAGGCATC_001,52
GTAAAGGACTGATAGGCATC_002,70
GTAAAGGACTGATAGGCATC_003,145
GTAAAGGACTGATAGGCATC_004,37
GTAAAGGACTGATAGGCATC_005,77
GTAAAGGACTGATAGGCATC_006,117
GTAAAGGACTGATAGGCATC_007,76
GTAAAGGACTGATAGGCATC_008,58
GTAAAGGACTGATAGGCATC_009,197
GTAAAGGACTGATAGGCATC_010,64
GTAAAGGACTGATAGGCATC_011,85
GTAAAGGACTGATAGGCATC_012,36
GTAAAGGACTGATAGGCATC_013,129
GTAAAGGACTGATAGGCATC_014,174
GTAAAGGACTGATAGGCATC_015,3
GTAAAGGACTGATAGGCATC_016,1
GTAAAGGACTGATAGGCATC_017,114
GTAAAGGACTGATAGGCATC_018,79
GTAAAGGACTGATAGGCATC_019,34
GTAAAGGACTGATAGGCATC_020,40
GTAAAGGACTGATAGGCATC_021,160
TGCTGGTGAAGTCCCGAGAG_001,110
TGCTGGTGAAGTCCCGAGAG_002,168
TGCTGGTGAAGTCCCGAGAG_003,158
TGCTGGTGAAGTCCCGAGAG_004,156
TGCTGGTGAAGTCCCGAGAG_005,59
CTGTGCAGCGAGCCACACCA_001,15
CTGTGCAGCGAGCCACACCA_002,127
CTGTGCAGCGAGCCACACCA_003,26
CTGTGCAGCGAGCCACACCA_004,56
CTGTGCAGCGAGCCACACCA_005,181
CTGTGCAGCGAGCCACACCA_006,175
CTGTGCAGCGAGCCACACCA_007,144
CTGTGCAGCGAGCCACACCA_008,188
CTGTGCAGCGAGCCACACCA_009,94
CTGTGCAGCGAGCCACACCA_010,15
CTGTGCAGCGAGCCACACCA_011,154
CTGTGCAGCGAGCCACACCA_012,49
CTGTGCAGCGAGCCACACCA_013,49
CTGTGCAGCGAGCCACACCA_014,13
CTGTGCAGCGAGCCACACCA_015,13
TGCTGCACACTGGATACGGT_001,97
TGCTGCACACTGGATACGGT_002,178
TGCTGCACACTGGATACGGT_003,16
TGCTGCACACTGGATACGGT_004,78
TGCTGCACACTGGATACGGT_005,69
TGCTGCACACTGGATACGGT_006,42
AGGTGGTGGTCTTCCTCAAG_001,184
AGGTGGTGGTCTTCCTCAAG_002,115
AGGTGGTGGTCTTCCTCAAG_003,0
AGGTGGTGGTCTTCCTCAAG_004,1
AGGTGGTGGTCTTCCTCAAG_005,16
AGGTGGTGGTCTTCCTCAAG_006,40
AGGTGGTGGTCTTCCTCAAG_007,70
AGGTGGTGGTCTTCCTCAAG_008,15
ATGATGGGGGTGTTATCACA_001,118
ATGATGGGGGTGTTATCACA_002,118
ATGATGGGGGTGTTATCACA_003,49
ATGATGGGGGTGTTATCACA_004,170
ATGATGGGGGTGTTATCACA_005,162
ATGATGGGGGTGTTATCACA_006,94
ATGATGGGGGTGTTATCACA_007,69
ATGATGGGGGTGTTATCACA_008,36
ATGATGGGGGTGTTATCACA_009,119
ATGATGGGGGTGTTATCACA_010,81
ATGATGGGGGTGTTATCACA_011,29
ATGATGGGGGTGTTATCACA_012,37
ATGATGGGGGTGTTATCACA_013,94
ATGATGGGGGTGTTATCACA_014,15
ATGATGGGGGTGTTATCACA_015,155
ATGATGGGGGTGTTATCACA_016,126
ATGATGGGGGTGTTATCACA_017,138
ATGATGGGGGTGTTATCACA_018,188
ATGATGGGGGTGTTATCACA_019,48
ATGATGGGGGTGTTATCACA_020,123
ATGATGGGGGTGTTATCACA_021,191
CAAAATGTTCTAACTCCCCA_001,171
CAAAATGTTCTAACTCCCCA_002,95
CAAAATGTTCTAACTCCCCA_003,172
CAAAATGTTCTAACTCCCCA_004,2
CAAAATGTTCTAACTCCCCA_005,136
CAAAATGTTCTAACTCCCCA_006,174
ATTGCCACAAGCATACTGCA_001,52
ATTGCCACAAGCATACTGCA_002,5
ATTGCCACAAGCATACTGCA_003,190
ATTGCCACAAGCATACTGCA_004,50
ATTGCCACAAGCATACTGCA_005,26
ATTGCCACAAGCATACTGCA_006,49
ATTGCCACAAGCATACTGCA_007,17
ATTGCCACAAGCATACTGCA_008,197
ATTGCCACAAGCATACTGCA_009,43
ATTGCCACAAGCATACTGCA_010,63
ATTGCCACAAGCATACTGCA_011,142
ATTGCCACAAGCATACTGCA_012,94
CACGGTGCTTACGTACCTGG_001,23
CACGGTGCTTACGTACCTGG_002,54
CACGGTGCTTACGTACCTGG_003,54
CACGGTGCTTACGTACCTGG_004,119
CACGGTGCTTACGTACCTGG_005,41
CACGGTGCTTACGTACCTGG_006,23
CACGGTGCTTACGTACCTGG_007,95
CACGGTGCTTACGTACCTGG_008,176
CACGGTGCTTACGTACCTGG_009,193
CACGGTGCTTACGTACCTGG_010,188
CACGGTGCTTACGTACCTGG_011,83
CACGGTGCTTACGTACCTGG_012,38
CCACATAATCGCAGACCCAG_001,45
CCACATAATCGCAGACCCAG_002,192
CCACATAATCGCAGACCCAG_003,172
CCACATAATCGCAGACCCAG_004,70
CCACATAATCGCAGACCCAG_005,55
CCACATAATCGCAGACCCAG_006,174
CCACATAATCGCAGACCCAG_007,136
CGAGAAGGATGCTAAAGATG_001,124
GCCCCTTCAGAAGAGACAGG_001,31
GCCCCTTCAGAAGAGACAGG_002,135
GCCCCTTCAGAAGAGACAGG_003,129
GCCCCTTCAGAAGAGACAGG_004,108
GCCCCTTCAGAAGAGACAGG_005,47
GCCCCTTCAGAAGAGACAGG_006,125
GCCCCTTCAGAAGAGACAGG_007,168
GCTGCTGCTCCTGCTCCTGG_001,2
GCTGCTGCTCCTGCTCCTGG_002,26
GCTGCTGCTCCTGCTCCTGG_003,51
GCTGCTGCTCCTGCTCCTGG_004,158
GCTGCTGCTCCTGCTCCTGG_005,158
GCTGCTGCTCCTGCTCCTGG_006,34
GCTGCTGCTCCTGCTCCTGG_007,166
GCTGCTGCTCCTGCTCCTGG_008,34
GCTGCTGCTCCTGCTCCTGG_009,185
GCTGCTGCTCCTGCTCCTGG_010,105
CCACAGCTGGCTGGGAGCAG_001,98
CCACAGCTGGCTGGGAGCAG_002,165
CCACAGCTGGCTGGGAGCAG_003,12
CCACAGCTGGCTGGGAGCAG_004,20
CCACAGCTGGCTGGGAGCAG_005,42
CCACAGCTGGCTGGGAGCAG_006,80
CCACAGCTGGCTGGGAGCAG_007,139
CCACAGCTGGCTGGGAGCAG_008,32
CCACAGCTGGCTGGGAGCAG_009,132
CCACAGCTGGCTGGGAGCAG_010,102
CCACAGCTGGCTGGGAGCAG_011,62
CCACAGCTGGCTGGGAGCAG_012,48
CCACAGCTGGCTGGGAGCAG_013,127
CCACAGCTGGCTGGGAGCAG_014,100
CCACAGCTGGCTGGGAGCAG_015,5
CCACAGCTGGCTGGGAGCAG_016,121
CCACAGCTGGCTGGGAGCAG_017,67
CCACAGCTGGCTGGGAGCAG_018,22
CCACAGCTGGCTGGGAGCAG_019,118
CCACAGCTGGCTGGGAGCAG_020,14
CCACAGCTGGCTGGGAGCAG_021,44
CCACAGCTGGCTGGGAGCAG_022,5
CCACAGCTGGCTGGGAGCAG_023,198
CCACAGCTGGCTGGGAGCAG_024,177
CCACAGCTGGCTGGGAGCAG_025,133
CCACAGCTGGCTGGGAGCAG_026,155
CCACAGCTGGCTGGGAGCAG_027,88
CCACAGCTGGCTGGGAGCAG_028,194
GGAAGTAGAACTGCTGCCAG_001,169
GGAAGTAGAACTGCTGCCAG_002,93
GGAAGTAGAACTGCTGCCAG_003,80
GGAAGTAGAACTGCTGCCAG_004,43
GGAAGTAGAACTGCTGCCAG_005,132
GGAAGTAGAACTGCTGCCAG_006,114
GGAAGTAGAACTGCTGCCAG_007,114
GGAAGTAGAACTGCTGCCAG_008,53
GGAAGTAGAACTGCTGCCAG_009,32
GGAAGTAGAACTGCTGCCAG_010,57
GGAAGTAGAACTGCTGCCAG_011,177
GGTAAGGCAGAGGCTCCCTG_001,169
GGTAAGGCAGAGGCTCCCTG_002,62
GGTAAGGCAGAGGCTCCCTG_003,60
GGTAAGGCAGAGGCTCCCTG_004,139
GGTAAGGCAGAGGCTCCCTG_005,187
GGTAAGGCAGAGGCTCCCTG_006,77
GGTAAGGCAGAGGCTCCCTG_007,115
GGTAAGGCAGAGGCTCCCTG_008,107
GGTAAGGCAGAGGCTCCCTG_009,145
GGTAAGGCAGAGGCTCCCTG_010,169
GGTAAGGCAGAGGCTCCCTG_011,184
GGTAAGGCAGAGGCTCCCTG_012,172
GGTAAGGCAGAGGCTCCCTG_013,157
GGTAAGGCAGAGGCTCCCTG_014,166
GGTAAGGCAGAGGCTCCCTG_015,144
GGTAAGGCAGAGGCTCCCTG_016,46
TTTCTTGTAACTCAAATGGC_001,73
TTTCTTGTAACTCAAATGGC_002,64
TGTAAAGGACTCCATTCGGC_001,187
TGTAAAGGACTCCATTCGGC_002,129
TGTAAAGGACTCCATTCGGC_003,107
GCTTACCTGAGGGTCAAAGG_001,115
GCTTACCTGAGGGTCAAAGG_002,115
GCTTACCTGAGGGTCAAAGG_003,50
GCTTACCTGAGGGTCAAAGG_004,13
GCTTACCTGAGGGTCAAAGG_005,112
GCTTACCTGAGGGTCAAAGG_006,147
GCTTACCTGAGGGTCAAAGG_007,6
GCTTACCTGAGGGTCAAAGG_008,6
TGGTGGAAGAACCCCCAGGT_001,199
TGGTGGAAGAACCCCCAGGT_002,48
TGGTGGAAGAACCCCCAGGT_003,56
TGGTGGAAGAACCCCCAGGT_004,29
TGGTGGAAGAACCCCCAGGT_005,172
TGGTGGAAGAACCCCCAGGT_006,62
GACTGGAAAGTCTATTGTGA_001,43
GACTGGAAAGTCTATTGTGA_002,9
GCTTGCCAAGCAGATCAGGA_001,106
GCTTGCCAAGCAGATCAGGA_002,187
GCTTGCCAAGCAGATCAGGA_003,19
GCTTGCCAAGCAGATCAGGA_004,177
GCTTGCCAAGCAGATCAGGA_005,74
GCTTGCCAAGCAGATCAGGA_006,166
CATGGGGACAGGATATTATG_001,47
CATGGGGACAGGATATTATG_002,166
CATGGGGACAGGATATTATG_003,51
CATGGGGACAGGATATTATG_004,94
CATGGGGACAGGATATTATG_005,105
CATGGGGACAGGATATTATG_006,184
CATGGGGACAGGATATTATG_007,199
CATGGGGACAGGATATTATG_008,115
CATGGGGACAGGATATTATG_009,199
CAGCACCGTGGACGTTCACG_001,93
CAGCACCGTGGACGTTCACG_002,175
CAGCACCGTGGACGTTCACG_003,32
CAGCACCGTGGACGTTCACG_004,43
CAGCACCGTGGACGTTCACG_005,48
CAGCACCGTGGACGTTCACG_006,150
CAGCACCGTGGACGTTCACG_007,127
CAGCACCGTGGACGTTCACG_008,82
CAGCACCGTGGACGTTCACG_009,83
CAGCACCGTGGACGTTCACG_010,158
CAGCACCGTGGACGTTCACG_011,178
GACCCAGGTTCAGACTACTC_001,32
GACCCAGGTTCAGACTACTC_002,47
GACCCAGGTTCAGACTACTC_003,10
GACCCAGGTTCAGACTACTC_004,63
GACCCAGGTTCAGACTACTC_005,98
GACCCAGGTTCAGACTACTC_006,1
GACCCAGGTTCAGACTACTC_007,84
GACCCAGGTTCAGACTACTC_008,84
GACCCAGGTTCAGACTACTC_009,178
GACCCAGGTTCAGACTACTC_010,2
GACCCAGGTTCAGACTACTC_011,168
GACCCAGGTTCAGACTACTC_012,9
GACCCAGGTTCAGACTACTC_013,178
GACCCAGGTTCAGACTACTC_014,105
GACCCAGGTTCAGACTACTC_015,1
GACCCAGGTTCAGACTACTC_016,103
CCTGTACCCAAAGTGCTCCG_001,13
CCTGTACCCAAAGTGCTCCG_002,8
CCTGTACCCAAAGTGCTCCG_003,121
CCTGTACCCAAAGTGCTCCG_004,43
CCTGTACCCAAAGTGCTCCG_005,88
CCTGTACCCAAAGTGCTCCG_006,168
CCTGTACCCAAAGTGCTCCG_007,188
CCTGTACCCAAAGTGCTCCG_008,145
CCTGTACCCAAAGTGCTCCG_009,160
GCTGTAATTAATCATATGTG_001,126
GCTGTAATTAATCATATGTG_002,58
GCAATGGAACACCAATACTC_001,127
GCAATGGAACACCAATACTC_002,1
GCAATGGAACACCAATACTC_003,17
GCAATGGAACACCAATACTC_004,107
GCAATGGAACACCAATACTC_005,137
GCAATGGAACACCAATACTC_006,7
GCAATGGAACACCAATACTC_007,197
GCAATGGAACACCAATACTC_008,41
GCAATGGAACACCAATACTC_009,47
TGTGAGGTGCAATTACACAG_001,115
TGTGAGGTGCAATTACACAG_002,49
TGTGAGGTGCAATTACACAG_003,0
TGTGAGGTGCAATTACACAG_004,83
ACAGAAAGTCGTCAACAAGG_001,25
ACAGAAAGTCGTCAACAAGG_002,149
ACAGAAAGTCGTCAACAAGG_003,149
ACAGAAAGTCGTCAACAAGG_004,117
ACAGAAAGTCGTCAACAAGG_005,143
ACAGAAAGTCGTCAACAAGG_006,158
ACAGAAAGTCGTCAACAAGG_007,73
ACAGAAAGTCGTCAACAAGG_008,26
ACAGAAAGTCGTCAACAAGG_009,65
ACAGAAAGTCGTCAACAAGG_010,119
ACAGAAAGTCGTCAACAAGG_011,66
CTCACCCGCAGAGAACTCGG_001,53
CTCACCCGCAGAGAACTCGG_002,73
CTCACCCGCAGAGAACTCGG_003,176
CTCACCCGCAGAGAACTCGG_004,48
CTCACCCGCAGAGAACTCGG_005,10
CTCACCCGCAGAGAACTCGG_006,123
CTCACCCGCAGAGAACTCGG_007,113
CTCACCCGCAGAGAACTCGG_008,34
CTCACCCGCAGAGAACTCGG_009,172
CTCACCCGCAGAGAACTCGG_010,27
CTCACCCGCAGAGAACTCGG_011,62
CTCACCCGCAGAGAACTCGG_012,130
CTCACCCGCAGAGAACTCGG_013,156
CTCACCCGCAGAGAACTCGG_014,35
CTCACCCGCAGAGAACTCGG_015,29
CTCACCCGCAGAGAACTCGG_016,169
CTCACCCGCAGAGAACTCGG_017,2
CTCACCCGCAGAGAACTCGG_018,2
CTCACCCGCAGAGAACTCGG_019,44
CTCACCCGCAGAGAACTCGG_020,83
CTCACCCGCAGAGAACTCGG_021,158
CTCACCCGCAGAGAACTCGG_022,175
CTCACCCGCAGAGAACTCGG_023,175
CTCACCCGCAGAGAACTCGG_024,55
CTCACCCGCAGAGAACTCGG_025,196
CTCACCCGCAGAGAACTCGG_026,88
CTCACCCGCAGAGAACTCGG_027,16
CTCACCCGCAGAGAACTCGG_028,2
CTCACCCGCAGAGAACTCGG_029,82
CTCACCCGCAGAGAACTCGG_030,32
CTCACCCGCAGAGAACTCGG_031,163
CTCACCCGCAGAGAACTCGG_032,8
CTCACCCGCAGAGAACTCGG_033,29
CTCACCCGCAGAGAACTCGG_034,116
CTCACCCGCAGAGAACTCGG_035,10
CTCACCCGCAGAGAACTCGG_036,45
CTCACCCGCAGAGAACTCGG_037,48
CTCACCCGCAGAGAACTCGG_038,91
CTCACCCGCAGAGAACTCGG_039,165
CTCACCCGCAGAGAACTCGG_040,2
CTCACCCGCAGAGAACTCGG_041,2
CTCACCCGCAGAGAACTCGG_042,178
CAAGAAGCAAAGCATTACAG_001,105
CAAGAAGCAAAGCATTACAG_002,13
CAAGAAGCAAAGCATTACAG_003,70
CAAGAAGCAAAGCATTACAG_004,117
CAAGAAGCAAAGCATTACAG_005,68
CAAGAAGCAAAGCATTACAG_006,43
CAAGAAGCAAAGCATTACAG_007,188
CAAGAAGCAAAGCATTACAG_008,30
CAAGAAGCAAAGCATTACAG_009,51
CAAGAAGCAAAGCATTACAG_010,61
CAAGAAGCAAAGCATTACAG_011,80
CAAGAAGCAAAGCATTACAG_012,6
CAAGAAGCAAAGCATTACAG_013,199
CAAGAAGCAAAGCATTACAG_014,26
CAAGAAGCAAAGCATTACAG_015,94
CAAGAAGCAAAGCATTACAG_016,77
CAAGAAGCAAAGCATTACAG_017,104
CAAGAAGCAAAGCATTACAG_018,165
CAAGAAGCAAAGCATTACAG_019,142
CTCATAGATCGAGCGTACAA_001,29
CTCATAGATCGAGCGTACAA_002,50
CTCATAGATCGAGCGTACAA_003,141
GACCAGCTTAAAATGATGCG_001,48
GACCAGCTTAAAATGATGCG_002,191
GACCAGCTTAAAATGATGCG_003,20
GACCAGCTTAAAATGATGCG_004,22
GACCAGCTTAAAATGATGCG_005,118
GACCAGCTTAAAATGATGCG_006,94
GACCAGCTTAAAATGATGCG_007,85
GACCAGCTTAAAATGATGCG_008,106
GACCAGCTTAAAATGATGCG_009,154
GCCAGCCTCCAATTTCGCTG_001,183
GCCAGCCTCCAATTTCGCTG_002,119
GCCAGCCTCCAATTTCGCTG_003,147
GCCAGCCTCCAATTTCGCTG_004,193
GCCAGCCTCCAATTTCGCTG_005,170
GCCAGCCTCCAATTTCGCTG_006,77
GCCAGCCTCCAATTTCGCTG_007,15
GCCAGCCTCCAATTTCGCTG_008,60
GCCAGCCTCCAATTTCGCTG_009,143
GCCAGCCTCCAATTTCGCTG_010,79
GCCAGCCTCCAATTTCGCTG_011,127
GCCAGCCTCCAATTTCGCTG_012,130
GCCAGCCTCCAATTTCGCTG_013,60
GCCAGCCTCCAATTTCGCTG_014,70
GCCAGCCTCCAATTTCGCTG_015,23
GCCAGCCTCCAATTTCGCTG_016,43
GCCAGCCTCCAATTTCGCTG_017,199
GCCAGCCTCCAATTTCGCTG_018,8
GCCAGCCTCCAATTTCGCTG_019,81
GCCAGCCTCCAATTTCGCTG_020,107
GCCAGCCTCCAATTTCGCTG_021,77
GCCAGCCTCCAATTTCGCTG_022,17
GCCAGCCTCCAATTTCGCTG_023,182
GCCAGCCTCCAATTTCGCTG_024,34
GCCAGCCTCCAATTTCGCTG_025,168
GCCAGCCTCCAATTTCGCTG_026,56
GCCAGCCTCCAATTTCGCTG_027,128
GCCAGCCTCCAATTTCGCTG_028,83
AGAAAGAGAATGTTACCCCA_001,140
AGAAAGAGAATGTTACCCCA_002,15
AGAAAGAGAATGTTACCCCA_003,77
AGAAAGAGAATGTTACCCCA_004,106
AGAAAGAGAATGTTACCCCA_005,62
AGAAAGAGAATGTTACCCCA_006,11
CCAGCGGGAACCCCCCAGGG_001,49
CCAGCGGGAACCCCCCAGGG_002,124
CCAGCGGGAACCCCCCAGGG_003,199
CCAGCGGGAACCCCCCAGGG_004,193
CCAGCGGGAACCCCCCAGGG_005,105
CCAGCGGGAACCCCCCAGGG_006,54
CCAGCGGGAACCCCCCAGGG_007,9
CCAGCGGGAACCCCCCAGGG_008,137
CCAGCGGGAACCCCCCAGGG_009,77
CCAGCGGGAACCCCCCAGGG_010,170
CCAGCGGGAACCCCCCAGGG_011,199
CCAGCGGGAACCCCCCAGGG_012,164
CCAGCGGGAACCCCCCAGGG_013,57
AGCAAAAACTCCCAGCAGTG_001,135
AGCAAAAACTCCCAGCAGTG_002,102
AGCAAAAACTCCCAGCAGTG_003,94
AGCAAAAACTCCCAGCAGTG_004,12
AGCAAAAACTCCCAGCAGTG_005,16
AGCAAAAACTCCCAGCAGTG_006,8
AGCAAAAACTCCCAGCAGTG_007,83
AGCAAAAACTCCCAGCAGTG_008,16
AGCAAAAACTCCCAGCAGTG_009,190
AGCAAAAACTCCCAGCAGTG_010,144
AGCAAAAACTCCCAGCAGTG_011,21
AGCAAAAACTCCCAGCAGTG_012,84
AGCAAAAACTCCCAGCAGTG_013,34
AGCAAAAACTCCCAGCAGTG_014,58
AGCAAAAACTCCCAGCAGTG_015,124
AGCAAAAACTCCCAGCAGTG_016,77
CGTCCGCTGTTACTCAGCTG_001,96
CGTCCGCTGTTACTCAGCTG_002,81
CGTCCGCTGTTACTCAGCTG_003,58
CGTCCGCTGTTACTCAGCTG_004,176
GAAATACATTGGGGAACCCA_001,45
GAAATACATTGGGGAACCCA_002,80
GAAATACATTGGGGAACCCA_003,149
GAAATACATTGGGGAACCCA_004,23
GAAATACATTGGGGAACCCA_005,15
GAAATACATTGGGGAACCCA_006,64
GAAATACATTGGGGAACCCA_007,104
GAAATACATTGGGGAACCCA_008,28
GAAATACATTGGGGAACCCA_009,118
GAAATACATTGGGGAACCCA_010,75
AAAGGCAGGTATAGCAACTG_001,60
AAAGGCAGGTATAGCAACTG_002,82
AAAGGCAGGTATAGCAACTG_003,56
GGTTCGGTCAGTCCGTGAAG_001,84
GGTTCGGTCAGTCCGTGAAG_002,181
GGTTCGGTCAGTCCGTGAAG_003,126
GGTTCGGTCAGTCCGTGAAG_004,84
GGTTCGGTCAGTCCGTGAAG_005,79
GGTTCGGTCAGTCCGTGAAG_006,88
GGTTCGGTCAGTCCGTGAAG_007,82
GGTTCGGTCAGTCCGTGAAG_008,158
GGTTCGGTCAGTCCGTGAAG_009,28
GGTTCGGTCAGTCCGTGAAG_010,141
GGTTCGGTCAGTCCGTGAAG_011,130
GGTTCGGTCAGTCCGTGAAG_012,7
GGTTCGGTCAGTCCGTGAAG_013,185
GGTTCGGTCAGTCCGTGAAG_014,80
GGTTCGGTCAGTCCGTGAAG_015,36
TCACTTTACACTTGTAGTGT_001,117
TCACTTTACACTTGTAGTGT_002,156
TCACTTTACACTTGTAGTGT_003,23
GATGCTTAAGGACTACACAA_001,19
GATGCTTAAGGACTACACAA_002,189
GATGCTTAAGGACTACACAA_003,127
GATGCTTAAGGACTACACAA_004,113
GATGCTTAAGGACTACACAA_005,97
GATGCTTAAGGACTACACAA_006,175
GATGCTTAAGGACTACACAA_007,81
GATGCTTAAGGACTACACAA_008,14
GATGCTTAAGGACTACACAA_009,163
GATGCTTAAGGACTACACAA_010,26
GATGCTTAAGGACTACACAA_011,146
GATGCTTAAGGACTACACAA_012,197
GATGCTTAAGGACTACACAA_013,77
GATGCTTAAGGACTACACAA_014,88
GATGCTTAAGGACTACACAA_015,91
GAGTTACGTTAGAGAAGCCG_001,88
GAGTTACGTTAGAGAAGCCG_002,169
GAGTTACGTTAGAGAAGCCG_003,160
GAGTTACGTTAGAGAAGCCG_004,127
GAGTTACGTTAGAGAAGCCG_005,20
GAGTTACGTTAGAGAAGCCG_006,16
GAGTTACGTTAGAGAAGCCG_007,97
GAGTTACGTTAGAGAAGCCG_008,97
GAGTTACGTTAGAGAAGCCG_009,63
TGATATAAGATTTGACACCA_001,198
TGATATAAGATTTGACACCA_002,85
TGATATAAGATTTGACACCA_003,54
TGATATAAGATTTGACACCA_004,30
TGATATAAGATTTGACACCA_005,13
TGATATAAGATTTGACACCA_006,61
TGATATAAGATTTGACACCA_007,26
TGATATAAGATTTGACACCA_008,52
TGATATAAGATTTGACACCA_009,1
TGATATAAGATTTGACACCA_010,115
TGATATAAGATTTGACACCA_011,88
AGTGTTGACGAGCGTAAGTG_001,63
AGTGTTGACGAGCGTAAGTG_002,188
AGTGTTGACGAGCGTAAGTG_003,83
AGTGTTGACGAGCGTAAGTG_004,184
AGTGTTGACGAGCGTAAGTG_005,61
AGTGTTGACGAGCGTAAGTG_006,149
AGTGTTGACGAGCGTAAGTG_007,175
AGTGTTGACGAGCGTAAGTG_008,138
AGTGTTGACGAGCGTAAGTG_009,104
AATGATTTAGCGGAGCCCAG_001,162
AATGATTTAGCGGAGCCCAG_002,58
AATGATTTAGCGGAGCCCAG_003,152
AATGATTTAGCGGAGCCCAG_004,150
AATGATTTAGCGGAGCCCAG_005,114
AATGATTTAGCGGAGCCCAG_006,114
AATGATTTAGCGGAGCCCAG_007,176
AATGATTTAGCGGAGCCCAG_008,62
AATGATTTAGCGGAGCCCAG_009,197
AATGATTTAGCGGAGCCCAG_010,29
AATGATTTAGCGGAGCCCAG_011,89
AATGATTTAGCGGAGCCCAG_012,36
AATGATTTAGCGGAGCCCAG_013,80
AATGATTTAGCGGAGCCCAG_014,160
AATGATTTAGCGGAGCCCAG_015,176
AATGATTTAGCGGAGCCCAG_016,161
AATGATTTAGCGGAGCCCAG_017,6
AATGATTTAGCGGAGCCCAG_018,97
AATGATTTAGCGGAGCCCAG_019,34
GGAATTGAAGTCTATGGCAG_001,105
GGAATTGAAGTCTATGGCAG_002,178
GGAATTGAAGTCTATGGCAG_003,156
AGGAAGATGAATCATCACCC_001,45
GGGGAGTTGATGTTTCTCAC_001,185
GGGGAGTTGATGTTTCTCAC_002,115
GGGGAGTTGATGTTTCTCAC_003,142
GGGGAGTTGATGTTTCTCAC_004,70
TTGTAGCTGTTCCACCACAG_001,27
TTGTAGCTGTTCCACCACAG_002,77
TTGTAGCTGTTCCACCACAG_003,5
TTGTAGCTGTTCCACCACAG_004,188
TTGTAGCTGTTCCACCACAG_005,199
TTGTAGCTGTTCCACCACAG_006,13
TTGTAGCTGTTCCACCACAG_007,88
TTGTAGCTGTTCCACCACAG_008,35
TTGTAGCTGTTCCACCACAG_009,129
TTGTAGCTGTTCCACCACAG_010,44
TTGTAGCTGTTCCACCACAG_011,2
TTGTAGCTGTTCCACCACAG_012,175
TTGTAGCTGTTCCACCACAG_013,102
TTGTAGCTGTTCCACCACAG_014,17
TTGTAGCTGTTCCACCACAG_015,85
TTGTAGCTGTTCCACCACAG_016,162
TTGTAGCTGTTCCACCACAG_017,153
TTGTAGCTGTTCCACCACAG_018,160
TTGTCGACAAGAAATTCCCG_001,1
TTGTCGACAAGAAATTCCCG_002,144
TTGTCGACAAGAAATTCCCG_003,149
TTGTCGACAAGAAATTCCCG_004,25
TTGTCGACAAGAAATTCCCG_005,60
TTGTCGACAAGAAATTCCCG_006,191
TTGTCGACAAGAAATTCCCG_007,19
AGCATTCAGCACAAGCATGG_001,113
AGCATTCAGCACAAGCATGG_002,17
AGCATTCAGCACAAGCATGG_003,64
AGCATTCAGCACAAGCATGG_004,140
AGCATTCAGCACAAGCATGG_005,138
GCAGCTGCGAGAGGATACGT_001,42
GCAGCTGCGAGAGGATACGT_002,156
GCAGCTGCGAGAGGATACGT_003,30
GCCTACGAAGACCGCCTCTA_001,122
GCCTACGAAGACCGCCTCTA_002,47
GCCTACGAAGACCGCCTCTA_003,47
GCCTACGAAGACCGCCTCTA_004,0
GCCTACGAAGACCGCCTCTA_005,97
GCCTACGAAGACCGCCTCTA_006,133
GCCTACGAAGACCGCCTCTA_007,33
GCCTACGAAGACCGCCTCTA_008,78
GCCTACGAAGACCGCCTCTA_009,63
GCCTACGAAGACCGCCTCTA_010,146
GCCTACGAAGACCGCCTCTA_011,145
GCCTACGAAGACCGCCTCTA_012,141
GCCTACGAAGACCGCCTCTA_013,38
GCCTACGAAGACCGCCTCTA_014,55
GCCTACGAAGACCGCCTCTA_015,62
GCCTACGAAGACCGCCTCTA_016,81
GCCTACGAAGACCGCCTCTA_017,112
GCCTACGAAGACCGCCTCTA_018,110
GCCTACGAAGACCGCCTCTA_019,162
GCCTACGAAGACCGCCTCTA_020,135
GCCTACGAAGACCGCCTCTA_021,149
GCCTACGAAGACCGCCTCTA_022,72
GCCTACGAAGACCGCCTCTA_023,9
GCCTACGAAGACCGCCTCTA_024,94
GCCTACGAAGACCGCCTCTA_025,187
GCCTACGAAGACCGCCTCTA_026,16
GCCTACGAAGACCGCCTCTA_027,155
GCCTACGAAGACCGCCTCTA_028,1
GCCTACGAAGACCGCCTCTA_029,91
GCCTACGAAGACCGCCTCTA_030,187
GCCTACGAAGACCGCCTCTA_031,146
GCCTACGAAGACCGCCTCTA_032,146
GCCTACGAAGACCGCCTCTA_033,158
GCCTACGAAGACCGCCTCTA_034,35
GCCTACGAAGACCGCCTCTA_035,15
GCCTACGAAGACCGCCTCTA_036,137
GCCTACGAAGACCGCCTCTA_037,145
GCCTACGAAGACCGCCTCTA_038,50
GCCTACGAAGACCGCCTCTA_039,166
GCCTACGAAGACCGCCTCTA_040,138
GCCTACGAAGACCGCCTCTA_041,75
GCCTACGAAGACCGCCTCTA_042,175
GCCTACGAAGACCGCCTCTA_043,137
GCCTACGAAGACCGCCTCTA_044,23
GCCTACGAAGACCGCCTCTA_045,48
GCCTACGAAGACCGCCTCTA_046,90
GCCTACGAAGACCGCCTCTA_047,154
GCCTACGAAGACCGCCTCTA_048,112
GCCTACGAAGACCGCCTCTA_049,43
GCCTACGAAGACCGCCTCTA_050,151
GCCTACGAAGACCGCCTCTA_051,77
GCCTACGAAGACCGCCTCTA_052,11
GCCTACGAAGACCGCCTCTA_053,179
GCCTACGAAGACCGCCTCTA_054,3
GCCTACGAAGACCGCCTCTA_055,158
GTCCCGGAAGACGAGAGATG_001,97
GTCCCGGAAGACGAGAGATG_002,29
GTCCCGGAAGACGAGAGATG_003,24
GTCCCGGAAGACGAGAGATG_004,191
GTCCCGGAAGACGAGAGATG_005,170
GTCCCGGAAGACGAGAGATG_006,118
GTCCCGGAAGACGAGAGATG_007,174
GTCCCGGAAGACGAGAGATG_008,50
GTCCCGGAAGACGAGAGATG_009,32
GTCCCGGAAGACGAGAGATG_010,100
GTCCCGGAAGACGAGAGATG_011,77
GTCCCGGAAGACGAGAGATG_012,85
GTCCCGGAAGACGAGAGATG_013,49
GTCCCGGAAGACGAGAGATG_014,77
GTCCCGGAAGACGAGAGATG_015,43
GTCCCGGAAGACGAGAGATG_016,149
GTCCCGGAAGACGAGAGATG_017,55
GTCCCGGAAGACGAGAGATG_018,86
GTCCCGGAAGACGAGAGATG_019,115
GTCCCGGAAGACGAGAGATG_020,82
GTCCCGGAAGACGAGAGATG_021,19
GTCCCGGAAGACGAGAGATG_022,149
GTCCCGGAAGACGAGAGATG_023,58
GTCCCGGAAGACGAGAGATG_024,70
GTCCCGGAAGACGAGAGATG_025,10
GTCCCGGAAGACGAGAGATG_026,177
GTCCCGGAAGACGAGAGATG_027,174
GTCCCGGAAGACGAGAGATG_028,18
ATACAGGGTGGCAGTAACTG_001,169
ATACAGGGTGGCAGTAACTG_002,62
ATACAGGGTGGCAGTAACTG_003,140
ATACAGGGTGGCAGTAACTG_004,160
ATACAGGGTGGCAGTAACTG_005,104
ATTGCAGCATGACTTTCCCA_001,149
ATTGCAGCATGACTTTCCCA_002,88
ATTGCAGCATGACTTTCCCA_003,190
ATTGCAGCATGACTTTCCCA_004,149
ATTGCAGCATGACTTTCCCA_005,192
ATTGCAGCATGACTTTCCCA_006,65
ATTGCAGCATGACTTTCCCA_007,31
ATTGCAGCATGACTTTCCCA_008,29
ATTGCAGCATGACTTTCCCA_009,74
AAGGAGACAGACAACGTCTG_001,34
AAGGAGACAGACAACGTCTG_002,168
AAGGAGACAGACAACGTCTG_003,176
AAGGAGACAGACAACGTCTG_004,137
TCCAAAAACTGAGATATGTG_001,130
TCCAAAAACTGAGATATGTG_002,187
TCCAAAAACTGAGATATGTG_003,176
TCTACATCCCCATTGACGCA_001,105
GGGAACGCTATCCAAAAAGT_001,81
GGGAACGCTATCCAAAAAGT_002,132
GGGAACGCTATCCAAAAAGT_003,130
GGGAACGCTATCCAAAAAGT_004,127
GGGAACGCTATCCAAAAAGT_005,183
GGGAACGCTATCCAAAAAGT_006,184
GGGAACGCTATCCAAAAAGT_007,185
GGGAACGCTATCCAAAAAGT_008,153
GTAAATGTTGAGTACGGGAA_001,101
GTAAATGTTGAGTACGGGAA_002,134
GTAAATGTTGAGTACGGGAA_003,114
GTAAATGTTGAGTACGGGAA_004,191
AATGGAAGCTCCACTCAAGG_001,1
AATGGAAGCTCCACTCAAGG_002,152
AATGGAAGCTCCACTCAAGG_003,158
AATGGAAGCTCCACTCAAGG_004,27
AATGGAAGCTCCACTCAAGG_005,27
AATGGAAGCTCCACTCAAGG_006,77
AATGGAAGCTCCACTCAAGG_007,128
AGGACAGTATTCGCAAAGGG_001,151
AGGACAGTATTCGCAAAGGG_002,9
AGGACAGTATTCGCAAAGGG_003,2
AGGACAGTATTCGCAAAGGG_004,127
AGGACAGTATTCGCAAAGGG_005,174
AGGACAGTATTCGCAAAGGG_006,160
AGGACAGTATTCGCAAAGGG_007,190
AGGACAGTATTCGCAAAGGG_008,62
AGGACAGTATTCGCAAAGGG_009,117
AGGACAGTATTCGCAAAGGG_010,15
AGGACAGTATTCGCAAAGGG_011,127
AGGACAGTATTCGCAAAGGG_012,127
AGGACAGTATTCGCAAAGGG_013,73
AGGACAGTATTCGCAAAGGG_014,41
AGGACAGTATTCGCAAAGGG_015,126
AGGACAGTATTCGCAAAGGG_016,141
AGGACAGTATTCGCAAAGGG_017,58
AGGACAGTATTCGCAAAGGG_018,161
AGGACAGTATTCGCAAAGGG_019,72
AGGACAGTATTCGCAAAGGG_020,6
TTAAAGCTAAAAAATGACAC_001,121
TTAAAGCTAAAAAATGACAC_002,82
TTAAAGCTAAAAAATGACAC_003,157
TTAAAGCTAAAAAATGACAC_004,84
TTAAAGCTAAAAAATGACAC_005,65
TTAAAGCTAAAAAATGACAC_006,166
TTAAAGCTAAAAAATGACAC_007,43
TTAAAGCTAAAAAATGACAC_008,77
TTAAAGCTAAAAAATGACAC_009,145
TTAAAGCTAAAAAATGACAC_010,19
TTAAAGCTAAAAAATGACAC_011,55
CCGCTCTACTCACAGGATAG_001,6
CCGCTCTACTCACAGGATAG_002,196
CCGCTCTACTCACAGGATAG_003,98
CCGCTCTACTCACAGGATAG_004,2
CCGCTCTACTCACAGGATAG_005,187
CCGCTCTACTCACAGGATAG_006,11
CCGCTCTACTCACAGGATAG_007,157
CCGCTCTACTCACAGGATAG_008,77
CCGCTCTACTCACAGGATAG_009,94
AGCCACTGTCAAATTCCACG_001,75
GGATCCGTGTTGGATACACG_001,48
GGATCCGTGTTGGATACACG_002,9
GGGATGCCACAGACCAATCA_001,55
GGGATGCCACAGACCAATCA_002,69
GGGATGCCACAGACCAATCA_003,70
GGGATGCCACAGACCAATCA_004,58
GGGATGCCACAGACCAATCA_005,28
GGGATGCCACAGACCAATCA_006,117
GGGATGCCACAGACCAATCA_007,30
AAAGTTAAGCGTGAAATTTG_001,107
AAAGTTAAGCGTGAAATTTG_002,182
GCGCTCTCGACATAAATAGG_001,84
GCGCTCTCGACATAAATAGG_002,168
GCGCTCTCGACATAAATAGG_003,38
ATCATTAGAAATGAAGCTTC_001,140
ATCATTAGAAATGAAGCTTC_002,32
ATCATTAGAAATGAAGCTTC_003,50
ATCATTAGAAATGAAGCTTC_004,70
ATCATTAGAAATGAAGCTTC_005,88
ATCATTAGAAATGAAGCTTC_006,163
AGTCAATGTCACAAAAACCT_001,133
AGTCAATGTCACAAAAACCT_002,111
GAAATCGGAAGAGCTTAATG_001,98
GAAATCGGAAGAGCTTAATG_002,198
GCATGGTGCACCGGGCCAGG_001,41
GCATGGTGCACCGGGCCAGG_002,15
GCATGGTGCACCGGGCCAGG_003,69
GCATGGTGCACCGGGCCAGG_004,121
GCATGGTGCACCGGGCCAGG_005,144
GCATGGTGCACCGGGCCAGG_006,125
GCATGGTGCACCGGGCCAGG_007,15
GCATGGTGCACCGGGCCAGG_008,171
GCATGGTGCACCGGGCCAGG_009,92
GCATGGTGCACCGGGCCAGG_010,1
GCATGGTGCACCGGGCCAGG_011,86
GCATGGTGCACCGGGCCAGG_012,20
GCATGGTGCACCGGGCCAGG_013,45
GCATGGTGCACCGGGCCAGG_014,96
GCATGGTGCACCGGGCCAGG_015,6
GCAGTCACGAAAACCATCTG_001,96
GCAGTCACGAAAACCATCTG_002,62
GCAGTCACGAAAACCATCTG_003,19
AATATGGAAATAATGCCCGA_001,96
AATATGGAAATAATGCCCGA_002,91
AATATGGAAATAATGCCCGA_003,103
AATATGGAAATAATGCCCGA_004,154
AATATGGAAATAATGCCCGA_005,159
CCTGGCAAAACATTAGTGGT_001,62
CCTGGCAAAACATTAGTGGT_002,49
CCTGGCAAAACATTAGTGGT_003,5
CCTGGCAAAACATTAGTGGT_004,50
CCTGGCAAAACATTAGTGGT_005,174
CCTGGCAAAACATTAGTGGT_006,83
CCTGGCAAAACATTAGTGGT_007,188
CCTGGCAAAACATTAGTGGT_008,17
CCTGGCAAAACATTAGTGGT_009,91
GTCATCCTACCATCATATTG_001,11
GTCATCCTACCATCATATTG_002,40
GTCATCCTACCATCATATTG_003,50
ATGTGAGAAGAGTTCAGAGG_001,175
ATGTGAGAAGAGTTCAGAGG_002,8
ATGTGAGAAGAGTTCAGAGG_003,160
ATGTGAGAAGAGTTCAGAGG_004,29
ATGTGAGAAGAGTTCAGAGG_005,16
ATGTGAGAAGAGTTCAGAGG_006,57
ATGTGAGAAGAGTTCAGAGG_007,112
CCATAGAGACAGTTTCCCGT_001,185
CCATAGAGACAGTTTCCCGT_002,13
CCATAGAGACAGTTTCCCGT_003,197
CCATAGAGACAGTTTCCCGT_004,119
CCATAGAGACAGTTTCCCGT_005,180
GTAAGGCCCGCGTACGAGCT_001,70
GTAAGGCCCGCGTACGAGCT_002,114
GTAAGGCCCGCGTACGAGCT_003,114
GTAAGGCCCGCGTACGAGCT_004,60
GTAAGGCCCGCGTACGAGCT_005,107
GTAAGGCCCGCGTACGAGCT_006,40
GTAAGGCCCGCGTACGAGCT_007,188
GTAAGGCCCGCGTACGAGCT_008,78
GTAAGGCCCGCGTACGAGCT_009,60
GTAAGGCCCGCGTACGAGCT_010,196
GTAAGGCCCGCGTACGAGCT_011,58
GTAAGGCCCGCGTACGAGCT_012,41
GTAAGGCCCGCGTACGAGCT_013,50
GTAAGGCCCGCGTACGAGCT_014,50
GTAAGGCCCGCGTACGAGCT_015,117
GTAAGGCCCGCGTACGAGCT_016,84
GTAAGGCCCGCGTACGAGCT_017,50
GTAAGGCCCGCGTACGAGCT_018,127
GTAAGGCCCGCGTACGAGCT_019,13
GTAAGGCCCGCGTACGAGCT_020,145
GTAAGGCCCGCGTACGAGCT_021,60
GTAAGGCCCGCGTACGAGCT_022,36
GTAAGGCCCGCGTACGAGCT_023,44
GTAAGGCCCGCGTACGAGCT_024,107
GTAAGGCCCGCGTACGAGCT_025,76
GTAAGGCCCGCGTACGAGCT_026,161
GTAAGGCCCGCGTACGAGCT_027,188
GTAAGGCCCGCGTACGAGCT_028,1
GTAAGGCCCGCGTACGAGCT_029,61
GTAAGGCCCGCGTACGAGCT_030,9
GTAAGGCCCGCGTACGAGCT_031,50
GTAAGGCCCGCGTACGAGCT_032,113
GTAAGGCCCGCGTACGAGCT_033,102
GTAAGGCCCGCGTACGAGCT_034,145
GTAAGGCCCGCGTACGAGCT_035,23
GTAAGGCCCGCGTACGAGCT_036,40
GTAAGGCCCGCGTACGAGCT_037,170
GTAAGGCCCGCGTACGAGCT_038,19
GTAAGGCCCGCGTACGAGCT_039,124
GTAAGGCCCGCGTACGAGCT_040,19
GTAAGGCCCGCGTACGAGCT_041,123
GTAAGGCCCGCGTACGAGCT_042,20
ACTGAGGTCCAAGTAATGGG_001,84
ACTGAGGTCCAAGTAATGGG_002,75
ACTGAGGTCCAAGTAATGGG_003,166
ACTGAGGTCCAAGTAATGGG_004,94
CCAGCACGTCCGACAGCATG_001,185
CCAGCACGTCCGACAGCATG_002,118
GTCATGTGTTTAGAAAAACG_001,2
GTCATGTGTTTAGAAAAACG_002,19
GTCATGTGTTTAGAAAAACG_003,193
GTCATGTGTTTAGAAAAACG_004,67
GTCATGTGTTTAGAAAAACG_005,14
TTTGTTTCCACAAACATGTA_001,64
TTTGTTTCCACAAACATGTA_002,48
TTTGTTTCCACAAACATGTA_003,33
TTTGTTTCCACAAACATGTA_004,127
TTTGTTTCCACAAACATGTA_005,44
GGACCTGGAGAAGCAAAAGG_001,82
GGACCTGGAGAAGCAAAAGG_002,68
GGACCTGGAGAAGCAAAAGG_003,91
GGACCTGGAGAAGCAAAAGG_004,88
GGACCTGGAGAAGCAAAAGG_005,60
TGGGCAGAGACACGGCCGCA_001,47
TGGGCAGAGACACGGCCGCA_002,118
TGGGCAGAGACACGGCCGCA_003,58
TGGGCAGAGACACGGCCGCA_004,170
TGGGCAGAGACACGGCCGCA_005,97
TGGGCAGAGACACGGCCGCA_006,166
TGGGCAGAGACACGGCCGCA_007,154
TGGGCAGAGACACGGCCGCA_008,193
TGGGCAGAGACACGGCCGCA_009,161
TGGGCAGAGACACGGCCGCA_010,154
TGGGCAGAGACACGGCCGCA_011,70
TGGGCAGAGACACGGCCGCA_012,50
TGGGCAGAGACACGGCCGCA_013,121
TGGGCAGAGACACGGCCGCA_014,62
TGGGCAGAGACACGGCCGCA_015,144
TGGGCAGAGACACGGCCGCA_016,166
TGGGCAGAGACACGGCCGCA_017,53
TGGGCAGAGACACGGCCGCA_018,185
TGGGCAGAGACACGGCCGCA_019,188
TGGGCAGAGACACGGCCGCA_020,137
GGTAGTAAATGTCCAAAACA_001,185
GGTAGTAAATGTCCAAAACA_002,184
GCTGACCTTGAGATCACAGG_001,107
GCTGACCTTGAGATCACAGG_002,159
GCTGACCTTGAGATCACAGG_003,181
GCTGACCTTGAGATCACAGG_004,152
GCTGACCTTGAGATCACAGG_005,146
AGAAGAGTCACAGTTAGTAG_001,8
AGAAGAGTCACAGTTAGTAG_002,181
AGAAGAGTCACAGTTAGTAG_003,88
AGAAGAGTCACAGTTAGTAG_004,81
AGAAGAGTCACAGTTAGTAG_005,158
AGAAGAGTCACAGTTAGTAG_006,127
AGAAGAGTCACAGTTAGTAG_007,40
AGAAGAGTCACAGTTAGTAG_008,6
AGAAGAGTCACAGTTAGTAG_009,6
AGAAGAGTCACAGTTAGTAG_010,23
ATGAAATTGTAGATCCACAT_001,90
CCGTGCCCGGAGCTTCCTCG_001,86
CCGTGCCCGGAGCTTCCTCG_002,94
CCGTGCCCGGAGCTTCCTCG_003,147
CCGTGCCCGGAGCTTCCTCG_004,64
CCGTGCCCGGAGCTTCCTCG_005,161
CCGTGCCCGGAGCTTCCTCG_006,8
CCGTGCCCGGAGCTTCCTCG_007,155
CCGTGCCCGGAGCTTCCTCG_008,189
CCGTGCCCGGAGCTTCCTCG_009,98
CCGTGCCCGGAGCTTCCTCG_010,182
CCGTGCCCGGAGCTTCCTCG_011,150
CCGTGCCCGGAGCTTCCTCG_012,108
CCGTGCCCGGAGCTTCCTCG_013,161
CCGTGCCCGGAGCTTCCTCG_014,55
TGAGAGCCAGCATCACCTCG_001,115
TGAGAGCCAGCATCACCTCG_002,42
TGAGAGCCAGCATCACCTCG_003,76
TGAGAGCCAGCATCACCTCG_004,138
TGAGAGCCAGCATCACCTCG_005,82
TGAGAGCCAGCATCACCTCG_006,162
TGAGAGCCAGCATCACCTCG_007,92
TGAGAGCCAGCATCACCTCG_008,198
TGAGAGCCAGCATCACCTCG_009,53
TGAGAGCCAGCATCACCTCG_010,168
GAAACGCCGGACAGAACAGA_001,118
GAAACGCCGGACAGAACAGA_002,24
GAAACGCCGGACAGAACAGA_003,124
GAAACGCCGGACAGAACAGA_004,70
GAAACGCCGGACAGAACAGA_005,144
GAAACGCCGGACAGAACAGA_006,113
GAAACGCCGGACAGAACAGA_007,127
GAAACGCCGGACAGAACAGA_008,97
GGTCTGGCGAACCTCCGAGG_001,197
GGTCTGGCGAACCTCCGAGG_002,51
GGTCTGGCGAACCTCCGAGG_003,127
GGTCTGGCGAACCTCCGAGG_004,76
GGTCTGGCGAACCTCCGAGG_005,19
GGTCTGGCGAACCTCCGAGG_006,38
GGTCTGGCGAACCTCCGAGG_007,86
GGTCTGGCGAACCTCCGAGG_008,141
GGTCTGGCGAACCTCCGAGG_009,141
GGTCTGGCGAACCTCCGAGG_010,130
GGTCTGGCGAACCTCCGAGG_011,48
GGTCTGGCGAACCTCCGAGG_012,162
GGTCTGGCGAACCTCCGAGG_013,77
GGTCTGGCGAACCTCCGAGG_014,197
GGTCTGGCGAACCTCCGAGG_015,69
GGTCTGGCGAACCTCCGAGG_016,61
GGTCTGGCGAACCTCCGAGG_017,165
GGTCTGGCGAACCTCCGAGG_018,39
GGTCTGGCGAACCTCCGAGG_019,106
GGTCTGGCGAACCTCCGAGG_020,116
GGTCTGGCGAACCTCCGAGG_021,105
TGGTCACGTGCATTGCGGTG_001,157
TGGTCACGTGCATTGCGGTG_002,17
TGGTCACGTGCATTGCGGTG_003,31
TGGTCACGTGCATTGCGGTG_004,145
CAGAGCCACATAGACGGGGG_001,102
CAGAGCCACATAGACGGGGG_002,157
CAGAGCCACATAGACGGGGG_003,90
CAGAGCCACATAGACGGGGG_004,48
CAGAGCCACATAGACGGGGG_005,106
CAGAGCCACATAGACGGGGG_006,138
CAGAGCCACATAGACGGGGG_007,3
CAGAGCCACATAGACGGGGG_008,127
CAGAGCCACATAGACGGGGG_009,133
CAGAGCCACATAGACGGGGG_010,62
CAGAGCCACATAGACGGGGG_011,116
CAGAGCCACATAGACGGGGG_012,111
GGAGGGCTCGTTCGGCAGTG_001,88
GGAGGGCTCGTTCGGCAGTG_002,18
CCCGGCACCTACTCTGCGCG_001,164
CCCGGCACCTACTCTGCGCG_002,105
CCCGGCACCTACTCTGCGCG_003,9
CCCGGCACCTACTCTGCGCG_004,170
ACCTGCAACTGCGAACACTG_001,115
ACCTGCAACTGCGAACACTG_002,127
ACCTGCAACTGCGAACACTG_003,128
ACCTGCAACTGCGAACACTG_004,130
ACCTGCAACTGCGAACACTG_005,158
ACCTGCAACTGCGAACACTG_006,176
ACCTGCAACTGCGAACACTG_007,88
ACCTGCAACTGCGAACACTG_008,94
ACCTGCAACTGCGAACACTG_009,172
ACCTGCAACTGCGAACACTG_010,125
ACCTGCAACTGCGAACACTG_011,49
ACCTGCAACTGCGAACACTG_012,106
ACCTGCAACTGCGAACACTG_013,116
ACCTGCAACTGCGAACACTG_014,144
ACCTGCAACTGCGAACACTG_015,12
ACCTGCAACTGCGAACACTG_016,153
ACCTGCAACTGCGAACACTG_017,3
ACCTGCAACTGCGAACACTG_018,150
ACCTGCAACTGCGAACACTG_019,26
ACCTGCAACTGCGAACACTG_020,30
ACCTGCAACTGCGAACACTG_021,189
ACCTGCAACTGCGAACACTG_022,24
ACCTGCAACTGCGAACACTG_023,170
ACCTGCAACTGCGAACACTG_024,17
ACTACAGCTCACTACCACAC_001,111
ACTACAGCTCACTACCACAC_002,15
ACTACAGCTCACTACCACAC_003,151
ACTACAGCTCACTACCACAC_004,21
CTGAATCCCACACCCAATGA_001,134
CTGAATCCCACACCCAATGA_002,178
CTGAATCCCACACCCAATGA_003,131
CTGAATCCCACACCCAATGA_004,148
CTGAATCCCACACCCAATGA_005,83
CTGAATCCCACACCCAATGA_006,104
CTGAATCCCACACCCAATGA_007,75
CTGAATCCCACACCCAATGA_008,67
CTGAATCCCACACCCAATGA_009,177
CTGAATCCCACACCCAATGA_010,184
CTGAATCCCACACCCAATGA_011,27
CTGAATCCCACACCCAATGA_012,115
CTGAATCCCACACCCAATGA_013,130
CTGAATCCCACACCCAATGA_014,126
CTGAATCCCACACCCAATGA_015,176
CTGAATCCCACACCCAATGA_016,19
CTGAATCCCACACCCAATGA_017,105
CTGAATCCCACACCCAATGA_018,73
TAGGGAAGGATCTGTCATCT_001,127
TAGGGAAGGATCTGTCATCT_002,94
GAGGTGGAGAAAGGCCAGTA_001,184
GAGGTGGAGAAAGGCCAGTA_002,8
GAGGTGGAGAAAGGCCAGTA_003,93
GAGGTGGAGAAAGGCCAGTA_004,39
GAGGTGGAGAAAGGCCAGTA_005,61
GAGGTGGAGAAAGGCCAGTA_006,162
GAGGTGGAGAAAGGCCAGTA_007,163
GAGGTGGAGAAAGGCCAGTA_008,60
GAGGTGGAGAAAGGCCAGTA_009,17
GAGGTGGAGAAAGGCCAGTA_010,23
GAGGTGGAGAAAGGCCAGTA_011,105
GAGGTGGAGAAAGGCCAGTA_012,134
GAGGTGGAGAAAGGCCAGTA_013,144
GAGGTGGAGAAAGGCCAGTA_014,85
GAGGTGGAGAAAGGCCAGTA_015,136
GAGGTGGAGAAAGGCCAGTA_016,28
TCCAGCTTGAGTGAGAATGA_001,150
TCCAGCTTGAGTGAGAATGA_002,170
TCCAGCTTGAGTGAGAATGA_003,198
TCCAGCTTGAGTGAGAATGA_004,78
TCCAGCTTGAGTGAGAATGA_005,8
TCCAGCTTGAGTGAGAATGA_006,98
TCCAGCTTGAGTGAGAATGA_007,175
TCCAGCTTGAGTGAGAATGA_008,38
TCCAGCTTGAGTGAGAATGA_009,106
TCCAGCTTGAGTGAGAATGA_010,78
TCCGCAAGGCCATGGCCCGA_001,177
TCCGCAAGGCCATGGCCCGA_002,197
TCCGCAAGGCCATGGCCCGA_003,22
TCCGCAAGGCCATGGCCCGA_004,86
TCCGCAAGGCCATGGCCCGA_005,168
TCCGCAAGGCCATGGCCCGA_006,152
TCCGCAAGGCCATGGCCCGA_007,58
TCCGCAAGGCCATGGCCCGA_008,190
TCCGCAAGGCCATGGCCCGA_009,32
TCCGCAAGGCCATGGCCCGA_010,181
TCCGCAAGGCCATGGCCCGA_011,61
TCCGCAAGGCCATGGCCCGA_012,96
TCCGCAAGGCCATGGCCCGA_013,135
TCCGCAAGGCCATGGCCCGA_014,169
TCCGCAAGGCCATGGCCCGA_015,169
TCCGCAAGGCCATGGCCCGA_016,185
TCCGCAAGGCCATGGCCCGA_017,152
TCCGCAAGGCCATGGCCCGA_018,157
TCCGCAAGGCCATGGCCCGA_019,82
GGAGGTGACTCAATTAAACG_001,195
GGAGGTGACTCAATTAAACG_002,155
GGAGGTGACTCAATTAAACG_003,84
GGAGGTGACTCAATTAAACG_004,190
GGAGGTGACTCAATTAAACG_005,190
GGAGGTGACTCAATTAAACG_006,23
TGTGGCAATGAACTACGAAG_001,77
TGTGGCAATGAACTACGAAG_002,155
TGTGGCAATGAACTACGAAG_003,96
CATATTCGCAACCTAGCATG_001,175
CATATTCGCAACCTAGCATG_002,142
CATATTCGCAACCTAGCATG_003,105
CATATTCGCAACCTAGCATG_004,48
CATATTCGCAACCTAGCATG_005,80
CATATTCGCAACCTAGCATG_006,56
CATATTCGCAACCTAGCATG_007,0
CCATGCATCGGCTAATAGCC_001,49
CCATGCATCGGCTAATAGCC_002,40
CCATGCATCGGCTAATAGCC_003,2
CCATGCATCGGCTAATAGCC_004,76
CCATGCATCGGCTAATAGCC_005,180
AAAGAATGAGAACTTCGACA_001,171
AAAGAATGAGAACTTCGACA_002,189
AAAGAATGAGAACTTCGACA_003,94
AAAGAATGAGAACTTCGACA_004,168
CGGGGCTTTCAAATTCGAAG_001,130
CGGGGCTTTCAAATTCGAAG_002,32
TCTTCGAGACAGCCTGACGT_001,62
TCTTCGAGACAGCCTGACGT_002,27
TCTTCGAGACAGCCTGACGT_003,170
TCTTCGAGACAGCCTGACGT_004,130
TCTTCGAGACAGCCTGACGT_005,48
TCTTCGAGACAGCCTGACGT_006,51
TCTTCGAGACAGCCTGACGT_007,75
TCTTCGAGACAGCCTGACGT_008,117
TCTTCGAGACAGCCTGACGT_009,125
TCTTCGAGACAGCCTGACGT_010,111
TCTTCGAGACAGCCTGACGT_011,171
TCTTCGAGACAGCCTGACGT_012,144
TCTTCGAGACAGCCTGACGT_013,50
AGGCCTCCACCAACGACTCG_001,191
AGGCCTCCACCAACGACTCG_002,81
AGGCCTCCACCAACGACTCG_003,80
AGGCCTCCACCAACGACTCG_004,163
AGGCCTCCACCAACGACTCG_005,84
AGGCCTCCACCAACGACTCG_006,190
AGGCCTCCACCAACGACTCG_007,177
AGGCCTCCACCAACGACTCG_008,77
AGGCCTCCACCAACGACTCG_009,57
AGGCCTCCACCAACGACTCG_010,15
AGGCCTCCACCAACGACTCG_011,193
AGGCCTCCACCAACGACTCG_012,118
AGGCCTCCACCAACGACTCG_013,149
AGGCCTCCACCAACGACTCG_014,178
AGGCCTCCACCAACGACTCG_015,138
AGGCCTCCACCAACGACTCG_016,77
AGGCCTCCACCAACGACTCG_017,106
AGGCCTCCACCAACGACTCG_018,86
AGGCCTCCACCAACGACTCG_019,181
AGGCCTCCACCAACGACTCG_020,149
AGGCCTCCACCAACGACTCG_021,177
AGGCCTCCACCAACGACTCG_022,17
AGGCCTCCACCAACGACTCG_023,35
AGGCCTCCACCAACGACTCG_024,91
AGGCCTCCACCAACGACTCG_025,107
AGGCCTCCACCAACGACTCG_026,116
AGGCCTCCACCAACGACTCG_027,128
AGGCCTCCACCAACGACTCG_028,27
AGGCCTCCACCAACGACTCG_029,113
AGGCCTCCACCAACGACTCG_030,55
AGGCCTCCACCAACGACTCG_031,141
AGGCCTCCACCAACGACTCG_032,14
AGGCCTCCACCAACGACTCG_033,188
AGGCCTCCACCAACGACTCG_034,194
AGGCCTCCACCAACGACTCG_035,75
AGGCCTCCACCAACGACTCG_036,162
AGGCCTCCACCAACGACTCG_037,169
AGGCCTCCACCAACGACTCG_038,5
AGGCCTCCACCAACGACTCG_039,191
AGGCCTCCACCAACGACTCG_040,162
AGGCCTCCACCAACGACTCG_041,83
AGGCCTCCACCAACGACTCG_042,127
AGGCCTCCACCAACGACTCG_043,61
AGGCCTCCACCAACGACTCG_044,49
AGGCCTCCACCAACGACTCG_045,8
AGGCCTCCACCAACGACTCG_046,19
AGGCCTCCACCAACGACTCG_047,72
AGGCCTCCACCAACGACTCG_048,41
AGGCCTCCACCAACGACTCG_049,192
AGGCCTCCACCAACGACTCG_050,174
AGGCCTCCACCAACGACTCG_051,1
AGGCCTCCACCAACGACTCG_052,147
AGGCCTCCACCAACGACTCG_053,115
AGGCCTCCACCAACGACTCG_054,70
AGGCCTCCACCAACGACTCG_055,141
AGGCCTCCACCAACGACTCG_056,195
AGGCCTCCACCAACGACTCG_057,55
AGGCCTCCACCAACGACTCG_058,101
AGGCCTCCACCAACGACTCG_059,170
AGGCCTCCACCAACGACTCG_060,49
AGGCCTCCACCAACGACTCG_061,70
AGGCCTCCACCAACGACTCG_062,57
AGGCCTCCACCAACGACTCG_063,142
AGGCCTCCACCAACGACTCG_064,116
AGGCCTCCACCAACGACTCG_065,124
AGGCCTCCACCAACGACTCG_066,84
AGGCCTCCACCAACGACTCG_067,83
AGGCCTCCACCAACGACTCG_068,191
AGGCCTCCACCAACGACTCG_069,166
AGGCCTCCACCAACGACTCG_070,190
AGGCCTCCACCAACGACTCG_071,48
GCACGGAAGCCCATGAAGAT_001,36
GCACGGAAGCCCATGAAGAT_002,178
GCACGGAAGCCCATGAAGAT_003,169
GCACGGAAGCCCATGAAGAT_004,171
GCACGGAAGCCCATGAAGAT_005,73
GCACGGAAGCCCATGAAGAT_006,112
GCACGGAAGCCCATGAAGAT_007,137
GCACGGAAGCCCATGAAGAT_008,81
GCACGGAAGCCCATGAAGAT_009,132
TGTTACTCTTTGGTCCACCT_001,191
TGTTACTCTTTGGTCCACCT_002,5
TGTTACTCTTTGGTCCACCT_003,37
TGTTACTCTTTGGTCCACCT_004,101
TGTTACTCTTTGGTCCACCT_005,70
TGTTACTCTTTGGTCCACCT_006,113
TGTTACTCTTTGGTCCACCT_007,14
TGTTACTCTTTGGTCCACCT_008,194
TGTTACTCTTTGGTCCACCT_009,91
TGTTACTCTTTGGTCCACCT_010,42
TGTTACTCTTTGGTCCACCT_011,138
TACATCTTCTGGGTCCATAG_001,115
TACATCTTCTGGGTCCATAG_002,68
GGAGGCCCTGAAGGTACGCA_001,27
GGAGGCCCTGAAGGTACGCA_002,124
GGAGGCCCTGAAGGTACGCA_003,77
GGAGGCCCTGAAGGTACGCA_004,77
GGAGGCCCTGAAGGTACGCA_005,152
GGAGGCCCTGAAGGTACGCA_006,171
GGAGGCCCTGAAGGTACGCA_007,26
GGAGGCCCTGAAGGTACGCA_008,29
GGAGGCCCTGAAGGTACGCA_009,183
GGAGGCCCTGAAGGTACGCA_010,70
GGAGGCCCTGAAGGTACGCA_011,29
GGAGGCCCTGAAGGTACGCA_012,140
GGAGGCCCTGAAGGTACGCA_013,139
GGAGGCCCTGAAGGTACGCA_014,169
GGAGGCCCTGAAGGTACGCA_015,2
GGAGGCCCTGAAGGTACGCA_016,105
GGAGGCCCTGAAGGTACGCA_017,180
GGAGGCCCTGAAGGTACGCA_018,137
GGAGGCCCTGAAGGTACGCA_019,141
GGAGGCCCTGAAGGTACGCA_020,85
CCGTAGGACCCAACAGACTG_001,41
CCGTAGGACCCAACAGACTG_002,127
CCGTAGGACCCAACAGACTG_003,151
CCGTAGGACCCAACAGACTG_004,1
CCGTAGGACCCAACAGACTG_005,179
CCGTAGGACCCAACAGACTG_006,78
CCGTAGGACCCAACAGACTG_007,176
CCGCTTCTCCCGTCACAGCG_001,83
CCGCTTCTCCCGTCACAGCG_002,159
CCGCTTCTCCCGTCACAGCG_003,38
CCGCTTCTCCCGTCACAGCG_004,175
TGGTGAAGCCCTGCTCCAGG_001,9
TGGTGAAGCCCTGCTCCAGG_002,12
TGGTGAAGCCCTGCTCCAGG_003,1
TGGTGAAGCCCTGCTCCAGG_004,40
TGGTGAAGCCCTGCTCCAGG_005,81
TGGTGAAGCCCTGCTCCAGG_006,174
TGGTGAAGCCCTGCTCCAGG_007,34
GACGACGGGCTCTTTGCACG_001,41
GACGACGGGCTCTTTGCACG_002,172
GACGACGGGCTCTTTGCACG_003,34
GACGACGGGCTCTTTGCACG_004,149
GACGACGGGCTCTTTGCACG_005,1
GACGACGGGCTCTTTGCACG_006,10
GACGACGGGCTCTTTGCACG_007,28
TCGAACTCTTTATGACCATG_001,30
TCGAACTCTTTATGACCATG_002,155
TCGAACTCTTTATGACCATG_003,82
TCGAACTCTTTATGACCATG_004,138
GCACATACACCACAGACACG_001,14
GCACATACACCACAGACACG_002,120
GCACATACACCACAGACACG_003,145
GCACATACACCACAGACACG_004,62
GCACATACACCACAGACACG_005,115
GCACATACACCACAGACACG_006,19
GCACATACACCACAGACACG_007,78
GCACATACACCACAGACACG_008,96
GCACATACACCACAGACACG_009,72
GCACATACACCACAGACACG_010,156
GCACATACACCACAGACACG_011,113
GCACATACACCACAGACACG_012,64
GCACATACACCACAGACACG_013,150
GCACATACACCACAGACACG_014,148
GCACATACACCACAGACACG_015,75
GCACATACACCACAGACACG_016,23
GCACATACACCACAGACACG_017,110
GCACATACACCACAGACACG_018,16
GCACATACACCACAGACACG_019,68
GCACATACACCACAGACACG_020,144
GCACATACACCACAGACACG_021,165
GCACATACACCACAGACACG_022,68
GCACATACACCACAGACACG_023,11
GCACATACACCACAGACACG_024,176
GCACATACACCACAGACACG_025,166
GCACATACACCACAGACACG_026,191
GCACATACACCACAGACACG_027,86
GCACATACACCACAGACACG_028,74
TGTCGTGATCAGGTTCACTG_001,152
TGTCGTGATCAGGTTCACTG_002,152
TGTCGTGATCAGGTTCACTG_003,27
TGTCGTGATCAGGTTCACTG_004,130
TGTCGTGATCAGGTTCACTG_005,112
TGTCGTGATCAGGTTCACTG_006,49
TGTCGTGATCAGGTTCACTG_007,180
TGTCGTGATCAGGTTCACTG_008,78
TGTCGTGATCAGGTTCACTG_009,115
TGTCGTGATCAGGTTCACTG_010,134
TGTCGTGATCAGGTTCACTG_011,160
TGTCGTGATCAGGTTCACTG_012,130
TGTCGTGATCAGGTTCACTG_013,161
TGTCGTGATCAGGTTCACTG_014,49
TGTCGTGATCAGGTTCACTG_015,63
TGTCGTGATCAGGTTCACTG_016,199
TGTCGTGATCAGGTTCACTG_017,122
TGTCGTGATCAGGTTCACTG_018,78
GGAAGGCAGAACTTACTCCG_001,145
GGAAGGCAGAACTTACTCCG_002,133
GGAAGGCAGAACTTACTCCG_003,168
GGAAGGCAGAACTTACTCCG_004,6
GGAAGGCAGAACTTACTCCG_005,167
GTATATACAAATGACGATGA_001,174
GTATATACAAATGACGATGA_002,98
TTTATAGGAAGCGAGTTCAG_001,77
TTTATAGGAAGCGAGTTCAG_002,149
GCTCTTCCTACACTATGGCA_001,178
GCTCTTCCTACACTATGGCA_002,148
GCTCTTCCTACACTATGGCA_003,140
GCTCTTCCTACACTATGGCA_004,157
GCTCTTCCTACACTATGGCA_005,10
GCTCTTCCTACACTATGGCA_006,7
GCTCTTCCTACACTATGGCA_007,17
GCTCTTCCTACACTATGGCA_008,175
GCTCTTCCTACACTATGGCA_009,135
GCTCTTCCTACACTATGGCA_010,196
GCTCTTCCTACACTATGGCA_011,169
GCTCTTCCTACACTATGGCA_012,8
GCTCTTCCTACACTATGGCA_013,168
GCTCTTCCTACACTATGGCA_014,43
GCTCTTCCTACACTATGGCA_015,137
GCTCTTCCTACACTATGGCA_016,169
TGGGAAACCAACCTTTGCCA_001,64
TGGGAAACCAACCTTTGCCA_002,78
TGGGAAACCAACCTTTGCCA_003,94
TGGGAAACCAACCTTTGCCA_004,55
TGGGAAACCAACCTTTGCCA_005,115
TGGGAAACCAACCTTTGCCA_006,162
TGGGAAACCAACCTTTGCCA_007,1
TGGGAAACCAACCTTTGCCA_008,46
TGGGAAACCAACCTTTGCCA_009,47
TGGGAAACCAACCTTTGCCA_010,125
TGGGAAACCAACCTTTGCCA_011,83
TGGGAAACCAACCTTTGCCA_012,88
TGGGAAACCAACCTTTGCCA_013,116
TGGGAAACCAACCTTTGCCA_014,39
TGGGAAACCAACCTTTGCCA_015,98
CTGCTCTACCGTACCCAAGA_001,160
CTGCTCTACCGTACCCAAGA_002,88
CTGCTCTACCGTACCCAAGA_003,4
CTGCTCTACCGTACCCAAGA_004,140
CTGCTCTACCGTACCCAAGA_005,184
CTGCTCTACCGTACCCAAGA_006,5
CTGCTCTACCGTACCCAAGA_007,117
TTTGCAGGATTATTGGCCAA_001,197
TTTGCAGGATTATTGGCCAA_002,50
TTTGCAGGATTATTGGCCAA_003,141
TTTGCAGGATTATTGGCCAA_004,77
TTTGCAGGATTATTGGCCAA_005,169
TTTGCAGGATTATTGGCCAA_006,93
GTAGTCCAACAGAGTGTGCA_001,130
GTAGTCCAACAGAGTGTGCA_002,172
GTAGTCCAACAGAGTGTGCA_003,150
GTAGTCCAACAGAGTGTGCA_004,26
GTAGTCCAACAGAGTGTGCA_005,194
GTAGTCCAACAGAGTGTGCA_006,52
GTAGTCCAACAGAGTGTGCA_007,121
GTAGTCCAACAGAGTGTGCA_008,199
GTAGTCCAACAGAGTGTGCA_009,50
GTAGTCCAACAGAGTGTGCA_010,98
GTAGTCCAACAGAGTGTGCA_011,159
GTAGTCCAACAGAGTGTGCA_012,46
GTAGTCCAACAGAGTGTGCA_013,184
GTAGTCCAACAGAGTGTGCA_014,104
GTAGTCCAACAGAGTGTGCA_015,15
GTAGTCCAACAGAGTGTGCA_016,99
CATCATGAACCAGATCTACG_001,170
CATCATGAACCAGATCTACG_002,29
CATCATGAACCAGATCTACG_003,184
CATCATGAACCAGATCTACG_004,146
CATCATGAACCAGATCTACG_005,183
CATCATGAACCAGATCTACG_006,197
CATCATGAACCAGATCTACG_007,165
CATCATGAACCAGATCTACG_008,162
CATCATGAACCAGATCTACG_009,91
CATCATGAACCAGATCTACG_010,16
CCTCTATGAGGTGGTTCACG_001,172
CCTCTATGAGGTGGTTCACG_002,108
CCTCTATGAGGTGGTTCACG_003,179
CCTCTATGAGGTGGTTCACG_004,160
CCTCTATGAGGTGGTTCACG_005,78
CCTCTATGAGGTGGTTCACG_006,34
CCTCTATGAGGTGGTTCACG_007,8
CCTCTATGAGGTGGTTCACG_008,138
GTTGAACGCTGCTGGTTACG_001,56
GTTGAACGCTGCTGGTTACG_002,168
GTTGAACGCTGCTGGTTACG_003,82
GTTGAACGCTGCTGGTTACG_004,147
GTTGAACGCTGCTGGTTACG_005,133
GTTGAACGCTGCTGGTTACG_006,172
CTGGAACCGCACGAAGACGT_001,1
CTGGAACCGCACGAAGACGT_002,66
ACATATATCCCAGATTTCTG_001,190
ACAGTGGTGGACATTTCCTG_001,119
ACAGTGGTGGACATTTCCTG_002,172
ACAGTGGTGGACATTTCCTG_003,118
ACAGTGGTGGACATTTCCTG_004,191
ACAGTGGTGGACATTTCCTG_005,182
ACAGTGGTGGACATTTCCTG_006,164
ACAGTGGTGGACATTTCCTG_007,145
ACAGTGGTGGACATTTCCTG_008,78
ACAGTGGTGGACATTTCCTG_009,146
ACAGTGGTGGACATTTCCTG_010,8
ACAGTGGTGGACATTTCCTG_011,64
ACAGTGGTGGACATTTCCTG_012,97
ACAGTGGTGGACATTTCCTG_013,43
ACAGTGGTGGACATTTCCTG_014,156
ACAGTGGTGGACATTTCCTG_015,192
ACAGTGGTGGACATTTCCTG_016,172
ACAGTGGTGGACATTTCCTG_017,4
ACAGTGGTGGACATTTCCTG_018,58
ACAGTGGTGGACATTTCCTG_019,132
ACAGTGGTGGACATTTCCTG_020,192
ACAGTGGTGGACATTTCCTG_021,78
TGTCCGAAGTGTAACCACGC_001,189
TGTCCGAAGTGTAACCACGC_002,15
TGTCCGAAGTGTAACCACGC_003,19
GGTGCCCTATGTCAATGGCT_001,57
GGTGCCCTATGTCAATGGCT_002,24
GGTGCCCTATGTCAATGGCT_003,75
GGTGCCCTATGTCAATGGCT_004,107
GGTGCCCTATGTCAATGGCT_005,153
GGTGCCCTATGTCAATGGCT_006,102
GTTGGCGTGTCATTGCACAT_001,26
GTTGGCGTGTCATTGCACAT_002,19
GTTGGCGTGTCATTGCACAT_003,143
GTTGGCGTGTCATTGCACAT_004,60
GTTGGCGTGTCATTGCACAT_005,56
GTTGGCGTGTCATTGCACAT_006,168
AATGGTCTTAAAGTAGCGCA_001,57
AATGGTCTTAAAGTAGCGCA_002,107
AATGGTCTTAAAGTAGCGCA_003,139
AATGGTCTTAAAGTAGCGCA_004,197
AATGGTCTTAAAGTAGCGCA_005,86
TTCCACGGCCCAATCCACTG_001,15
TTCCACGGCCCAATCCACTG_002,158
TTCCACGGCCCAATCCACTG_003,134
TTCCACGGCCCAATCCACTG_004,197
TTCCACGGCCCAATCCACTG_005,47
TTCCACGGCCCAATCCACTG_006,125
TTCCACGGCCCAATCCACTG_007,70
TTCCACGGCCCAATCCACTG_008,88
TTCCACGGCCCAATCCACTG_009,12
TTCCACGGCCCAATCCACTG_010,169
TTCCACGGCCCAATCCACTG_011,130
TTCCACGGCCCAATCCACTG_012,48
TTCCACGGCCCAATCCACTG_013,159
TTCCACGGCCCAATCCACTG_014,89
TTCCACGGCCCAATCCACTG_015,41
TTCCACGGCCCAATCCACTG_016,109
TTCCACGGCCCAATCCACTG_017,77
TTCCACGGCCCAATCCACTG_018,2
TTCCACGGCCCAATCCACTG_019,188
TTCCACGGCCCAATCCACTG_020,44
TTCCACGGCCCAATCCACTG_021,73
TTCCACGGCCCAATCCACTG_022,183
TTCCACGGCCCAATCCACTG_023,198
TTCCACGGCCCAATCCACTG_024,180
TTCCACGGCCCAATCCACTG_025,76
TTCCACGGCCCAATCCACTG_026,180
TTCCACGGCCCAATCCACTG_027,70
TTCCACGGCCCAATCCACTG_028,27
AATGCACTGACGGATATGAG_001,10
AATGCACTGACGGATATGAG_002,99
TACCTTGCTGAAGTTGCGTG_001,29
TACCTTGCTGAAGTTGCGTG_002,133
TACCTTGCTGAAGTTGCGTG_003,53
TACCTTGCTGAAGTTGCGTG_004,127
TACCTTGCTGAAGTTGCGTG_005,95
TACCTTGCTGAAGTTGCGTG_006,105
TACCTTGCTGAAGTTGCGTG_007,6
TACCTTGCTGAAGTTGCGTG_008,12
TACCTTGCTGAAGTTGCGTG_009,124
TACCTTGCTGAAGTTGCGTG_010,69
CCTGGGTAATGGACTCATTG_001,129
CCTGGGTAATGGACTCATTG_002,177
CCTGGGTAATGGACTCATTG_003,58
CCTGGGTAATGGACTCATTG_004,94
CCTGGGTAATGGACTCATTG_005,78
CCTGGGTAATGGACTCATTG_006,184
CCTGGGTAATGGACTCATTG_007,56
CCTGGGTAATGGACTCATTG_008,78
CCTGGGTAATGGACTCATTG_009,168
CCTGGGTAATGGACTCATTG_010,28
CCTGGGTAATGGACTCATTG_011,17
CCTGGGTAATGGACTCATTG_012,148
CCTGGGTAATGGACTCATTG_013,0
GCTCGTAAGGTCCCTCAAAG_001,149
GCTCGTAAGGTCCCTCAAAG_002,162
GCTCGTAAGGTCCCTCAAAG_003,94
GCTCGTAAGGTCCCTCAAAG_004,177
GCTCGTAAGGTCCCTCAAAG_005,166
GCTCGTAAGGTCCCTCAAAG_006,105
GCTCGTAAGGTCCCTCAAAG_007,144
GCTCGTAAGGTCCCTCAAAG_008,142
GCTCGTAAGGTCCCTCAAAG_009,105
GCTCGTAAGGTCCCTCAAAG_010,34
GGTTAGTTAGATAATTGGTA_001,58
GGTTAGTTAGATAATTGGTA_002,45
GGTTAGTTAGATAATTGGTA_003,169
GGTTAGTTAGATAATTGGTA_004,24
GGTTAGTTAGATAATTGGTA_005,49
ACCCAGACTACATCCATGGG_001,42
ACCCAGACTACATCCATGGG_002,46
ACCCAGACTACATCCATGGG_003,26
AGGGAACGAAGGTGTTGCAC_001,163
AGGGAACGAAGGTGTTGCAC_002,166
AGGGAACGAAGGTGTTGCAC_003,34
AGGGAACGAAGGTGTTGCAC_004,121
AGGGAACGAAGGTGTTGCAC_005,19
AGGGAACGAAGGTGTTGCAC_006,77
AGGGAACGAAGGTGTTGCAC_007,116
AGGGAACGAAGGTGTTGCAC_008,88
AGGGAACGAAGGTGTTGCAC_009,85
AGGGAACGAAGGTGTTGCAC_010,53
AGGGAACGAAGGTGTTGCAC_011,171
AGGGAACGAAGGTGTTGCAC_012,28
AGGGAACGAAGGTGTTGCAC_013,132
GGATGGCGGCCCTACCTCCG_001,87
GGATGGCGGCCCTACCTCCG_002,92
GGATGGCGGCCCTACCTCCG_003,185
GGATGGCGGCCCTACCTCCG_004,27
GGATGGCGGCCCTACCTCCG_005,72
GGATGGCGGCCCTACCTCCG_006,40
GGATGGCGGCCCTACCTCCG_007,106
GGATGGCGGCCCTACCTCCG_008,46
GCTACAGAAGTGCTTCGAAG_001,160
GCTACAGAAGTGCTTCGAAG_002,44
GCTACAGAAGTGCTTCGAAG_003,119
GCTACAGAAGTGCTTCGAAG_004,194
GCTACAGAAGTGCTTCGAAG_005,111
GCTACAGAAGTGCTTCGAAG_006,96
GCTACAGAAGTGCTTCGAAG_007,96
GGAGGCCAAGCACATCGCTG_001,5
GGAGGCCAAGCACATCGCTG_002,175
GGAGGCCAAGCACATCGCTG_003,124
GGAGGCCAAGCACATCGCTG_004,134
GGAGGCCAAGCACATCGCTG_005,98
GGAGGCCAAGCACATCGCTG_006,83
GGAGGCCAAGCACATCGCTG_007,106
GGAGGCCAAGCACATCGCTG_008,179
GGAGGCCAAGCACATCGCTG_009,49
GGAGGCCAAGCACATCGCTG_010,50
GGAGGCCAAGCACATCGCTG_011,174
GGAGGCCAAGCACATCGCTG_012,106
GGAGGCCAAGCACATCGCTG_013,136
GGAGGCCAAGCACATCGCTG_014,153
GGAGGCCAAGCACATCGCTG_015,153
GTCCATGGCTCTTTAAGACC_001,106
GTCCATGGCTCTTTAAGACC_002,41
GTCCATGGCTCTTTAAGACC_003,129
GTCCATGGCTCTTTAAGACC_004,62
CCTGCAAAAACCTGTCAGGG_001,41
CCTGCAAAAACCTGTCAGGG_002,138
AGACGACCACCACGACACTG_001,78
AGACGACCACCACGACACTG_002,17
AGACGACCACCACGACACTG_003,37
AGACGACCACCACGACACTG_004,20
AGACGACCACCACGACACTG_005,16
AGACGACCACCACGACACTG_006,121
AGACGACCACCACGACACTG_007,166
AGACGACCACCACGACACTG_008,113
AGACGACCACCACGACACTG_009,60
AGACGACCACCACGACACTG_010,189
AGACGACCACCACGACACTG_011,110
AGACGACCACCACGACACTG_012,51
AGACGACCACCACGACACTG_013,129
AGACGACCACCACGACACTG_014,83
AGACGACCACCACGACACTG_015,1
AGACGACCACCACGACACTG_016,179
AGACGACCACCACGACACTG_017,127
AGACGACCACCACGACACTG_018,48
AGACGACCACCACGACACTG_019,190
AGACGACCACCACGACACTG_020,19
AGACGACCACCACGACACTG_021,126
AGACGACCACCACGACACTG_022,191
AGACGACCACCACGACACTG_023,23
AGACGACCACCACGACACTG_024,118
AGACGACCACCACGACACTG_025,119
AGACGACCACCACGACACTG_026,115
AGACGACCACCACGACACTG_027,36
AGACGACCACCACGACACTG_028,97
AGACGACCACCACGACACTG_029,108
AGACGACCACCACGACACTG_030,39
AGACGACCACCACGACACTG_031,125
AGACGACCACCACGACACTG_032,116
AAACAGGGATGTGTCTACAC_001,177
AAACAGGGATGTGTCTACAC_002,128
AAACAGGGATGTGTCTACAC_003,150
AAACAGGGATGTGTCTACAC_004,2
AAACAGGGATGTGTCTACAC_005,121
TTGGATGCGCTACACGCAGA_001,177
TTGGATGCGCTACACGCAGA_002,43
TTGGATGCGCTACACGCAGA_003,13
AATGGGGCTGCCAACCACGT_001,51
AATGGGGCTGCCAACCACGT_002,32
AATGGGGCTGCCAACCACGT_003,43
AATGGGGCTGCCAACCACGT_004,42
AATGGGGCTGCCAACCACGT_005,62
AATGGGGCTGCCAACCACGT_006,19
AATGGGGCTGCCAACCACGT_007,28
GTTGTATGCTGGGAATGACA_001,78
GTTGTATGCTGGGAATGACA_002,147
GTTGTATGCTGGGAATGACA_003,61
GTTGTATGCTGGGAATGACA_004,103
GTTGTATGCTGGGAATGACA_005,172
GTTGTATGCTGGGAATGACA_006,105
GTTGTATGCTGGGAATGACA_007,16
GTTGTATGCTGGGAATGACA_008,102
GGACTCCCATTAAAGTGCTG_001,163
GGACTCCCATTAAAGTGCTG_002,123
GGACTCCCATTAAAGTGCTG_003,32
GGACTCCCATTAAAGTGCTG_004,177
GGACTCCCATTAAAGTGCTG_005,58
GGACTCCCATTAAAGTGCTG_006,188
GGACTCCCATTAAAGTGCTG_007,160
GGACTCCCATTAAAGTGCTG_008,70
GGACTCCCATTAAAGTGCTG_009,102
GGACTCCCATTAAAGTGCTG_010,161
GGACTCCCATTAAAGTGCTG_011,74
GGACTCCCATTAAAGTGCTG_012,23
GGACTCCCATTAAAGTGCTG_013,120
ATATTCGGCGACTCCAGTGT_001,22
ATATTCGGCGACTCCAGTGT_002,13
ATATTCGGCGACTCCAGTGT_003,122
ATATTCGGCGACTCCAGTGT_004,161
AATCCATGTGAGCTTTACCA_001,23
AATCCATGTGAGCTTTACCA_002,151
AATCCATGTGAGCTTTACCA_003,4
AATCCATGTGAGCTTTACCA_004,177
AATCCATGTGAGCTTTACCA_005,114
AATCCATGTGAGCTTTACCA_006,3
AATCCATGTGAGCTTTACCA_007,117
AATCCATGTGAGCTTTACCA_008,4
AATCCATGTGAGCTTTACCA_009,1
AATCCATGTGAGCTTTACCA_010,67
AATCCATGTGAGCTTTACCA_011,36
AATCCATGTGAGCTTTACCA_012,164
AATCCATGTGAGCTTTACCA_013,168
AATCCATGTGAGCTTTACCA_014,169
AATCCATGTGAGCTTTACCA_015,7
AATCCATGTGAGCTTTACCA_016,78
AATCCATGTGAGCTTTACCA_017,121
AATCCATGTGAGCTTTACCA_018,188
AATCCATGTGAGCTTTACCA_019,15
AATCCATGTGAGCTTTACCA_020,10
GAGTCATTTCTGTTCCGCAC_001,133
GAGTCATTTCTGTTCCGCAC_002,94
GAGTCATTTCTGTTCCGCAC_003,46
GAGTCATTTCTGTTCCGCAC_004,108
GAGTCATTTCTGTTCCGCAC_005,145
GAGTCATTTCTGTTCCGCAC_006,34
GAGTCATTTCTGTTCCGCAC_007,197
GAGTCATTTCTGTTCCGCAC_008,150
ACTGGAGACAGGCTGGACTC_001,169
ACTGGAGACAGGCTGGACTC_002,177
ACTGGAGACAGGCTGGACTC_003,65
ACTGGAGACAGGCTGGACTC_004,11
ACTGGAGACAGGCTGGACTC_005,42
ACTGGAGACAGGCTGGACTC_006,61
ACTGGAGACAGGCTGGACTC_007,152
ACTGGAGACAGGCTGGACTC_008,175
ACTGGAGACAGGCTGGACTC_009,46
ACTGGAGACAGGCTGGACTC_010,122
TGATTACGGTTATTCTTATG_001,184
TGATTACGGTTATTCTTATG_002,193
TGATTACGGTTATTCTTATG_003,188
TGATTACGGTTATTCTTATG_004,82
TGATTACGGTTATTCTTATG_005,140
CTGCCATGTGAAGAACCCCA_001,53
CTGCCATGTGAAGAACCCCA_002,170
CTGCCATGTGAAGAACCCCA_003,146
CTGCCATGTGAAGAACCCCA_004,160
CTGCCATGTGAAGAACCCCA_005,92
CTGCCATGTGAAGAACCCCA_006,42
CTGCCATGTGAAGAACCCCA_007,176
CTGCCATGTGAAGAACCCCA_008,76
CTGCCATGTGAAGAACCCCA_009,107
CTGCCATGTGAAGAACCCCA_010,82
CTGCCATGTGAAGAACCCCA_011,158
CTGCCATGTGAAGAACCCCA_012,186
CTGCCATGTGAAGAACCCCA_013,142
CTGCCATGTGAAGAACCCCA_014,192
CTGCCATGTGAAGAACCCCA_015,146
CTGCCATGTGAAGAACCCCA_016,170
CTGCCATGTGAAGAACCCCA_017,41
TGATCGATAAGCTGCTCTAG_001,11
TGATCGATAAGCTGCTCTAG_002,11
TGATCGATAAGCTGCTCTAG_003,123
TGATCGATAAGCTGCTCTAG_004,158
TGATCGATAAGCTGCTCTAG_005,144
AGTCTTGGATCTTTCGCATG_001,2
AGTCTTGGATCTTTCGCATG_002,185
AGTCTTGGATCTTTCGCATG_003,34
AGTCTTGGATCTTTCGCATG_004,127
AGTCTTGGATCTTTCGCATG_005,178
CGCGCTGTACCCCGCGCATG_001,88
CGCGCTGTACCCCGCGCATG_002,76
CGCGCTGTACCCCGCGCATG_003,115
CGCGCTGTACCCCGCGCATG_004,48
AGTCTTATGTAAACTCAGAG_001,34
AGTCTTATGTAAACTCAGAG_002,7
AGTCTTATGTAAACTCAGAG_003,96
AGTCTTATGTAAACTCAGAG_004,88
AGTCTTATGTAAACTCAGAG_005,192
AGTCTTATGTAAACTCAGAG_006,186
AGTCTTATGTAAACTCAGAG_007,105
AGTCTTATGTAAACTCAGAG_008,50
AGTCTTATGTAAACTCAGAG_009,164
AGTCTTATGTAAACTCAGAG_010,184
AGTCTTATGTAAACTCAGAG_011,79
AGGAGTCCGAGTACACGCCG_001,69
AGGAGTCCGAGTACACGCCG_002,44
AGGAGTCCGAGTACACGCCG_003,99
AGGAGTCCGAGTACACGCCG_004,142
AGGAGTCCGAGTACACGCCG_005,95
AGGAGTCCGAGTACACGCCG_006,89
AGGAGTCCGAGTACACGCCG_007,138
AGGAGTCCGAGTACACGCCG_008,194
AGGAGTCCGAGTACACGCCG_009,87
AGGAGTCCGAGTACACGCCG_010,153
AGGAGTCCGAGTACACGCCG_011,197
AGGAGTCCGAGTACACGCCG_012,100
AGGAGTCCGAGTACACGCCG_013,116
AGGAGTCCGAGTACACGCCG_014,168
AGGAGTCCGAGTACACGCCG_015,24
AGGAGTCCGAGTACACGCCG_016,66
TGTAAATCTCCCAAGTCCAA_001,26
TGTAAATCTCCCAAGTCCAA_002,1
TGTAAATCTCCCAAGTCCAA_003,98
TGTAAATCTCCCAAGTCCAA_004,116
TGTAAATCTCCCAAGTCCAA_005,63
TGTAAATCTCCCAAGTCCAA_006,184
TGTAAATCTCCCAAGTCCAA_007,28
TGTAAATCTCCCAAGTCCAA_008,63
GGGGGCTCATGGCATCATCG_001,58
GGGGGCTCATGGCATCATCG_002,140
GGGGGCTCATGGCATCATCG_003,129
GGGGGCTCATGGCATCATCG_004,95
GGGGGCTCATGGCATCATCG_005,24
GGGGGCTCATGGCATCATCG_006,113
GGGGGCTCATGGCATCATCG_007,78
GGGGGCTCATGGCATCATCG_008,81
GGGGGCTCATGGCATCATCG_009,2
GGGGGCTCATGGCATCATCG_010,17
GGGGGCTCATGGCATCATCG_011,15
GGGGGCTCATGGCATCATCG_012,65
GGGGGCTCATGGCATCATCG_013,127
GGGGGCTCATGGCATCATCG_014,98
GGGGGCTCATGGCATCATCG_015,184
GGGGGCTCATGGCATCATCG_016,12
GGGGGCTCATGGCATCATCG_017,31
GGGGGCTCATGGCATCATCG_018,17
GGGGGCTCATGGCATCATCG_019,19
GGGGGCTCATGGCATCATCG_020,28
GGGGGCTCATGGCATCATCG_021,175
GGGGGCTCATGGCATCATCG_022,37
ACTTTCGGCAAACACACTAG_001,51
ACTTTCGGCAAACACACTAG_002,27
CGAGAGCGACCCCACCGAGT_001,0
CGAGAGCGACCCCACCGAGT_002,166
CGAGAGCGACCCCACCGAGT_003,169
CGAGAGCGACCCCACCGAGT_004,116
CGAGAGCGACCCCACCGAGT_005,180
CGAGAGCGACCCCACCGAGT_006,156
CGAGAGCGACCCCACCGAGT_007,68
CGAGAGCGACCCCACCGAGT_008,160
CGAGAGCGACCCCACCGAGT_009,78
CGAGAGCGACCCCACCGAGT_010,83
CGAGAGCGACCCCACCGAGT_011,53
CGAGAGCGACCCCACCGAGT_012,37
CGAGAGCGACCCCACCGAGT_013,27
CGAGAGCGACCCCACCGAGT_014,39
CGAGAGCGACCCCACCGAGT_015,68
AAGGCAGACATCAACACCCA_001,171
AAGGCAGACATCAACACCCA_002,16
AAGGCAGACATCAACACCCA_003,29
AAGGCAGACATCAACACCCA_004,86
AAGGCAGACATCAACACCCA_005,41
AAGGCAGACATCAACACCCA_006,56
AAGGCAGACATCAACACCCA_007,115
AAGGCAGACATCAACACCCA_008,139
AAGGCAGACATCAACACCCA_009,126
AAGGCAGACATCAACACCCA_010,41
AAGGCAGACATCAACACCCA_011,190
AAGGCAGACATCAACACCCA_012,3
TGCCCCCACGAAGCTCCGTG_001,176
TGCCCCCACGAAGCTCCGTG_002,61
TGCCCCCACGAAGCTCCGTG_003,191
TGCCCCCACGAAGCTCCGTG_004,191
TGCCCCCACGAAGCTCCGTG_005,150
TGCCCCCACGAAGCTCCGTG_006,46
TGCCCCCACGAAGCTCCGTG_007,16
TGCCCCCACGAAGCTCCGTG_008,156
TGCCCCCACGAAGCTCCGTG_009,108
TGCCCCCACGAAGCTCCGTG_010,17
TGCCCCCACGAAGCTCCGTG_011,97
TGCCCCCACGAAGCTCCGTG_012,48
TGCCCCCACGAAGCTCCGTG_013,69
TGCCCCCACGAAGCTCCGTG_014,12
TGCCCCCACGAAGCTCCGTG_015,69
TGCCCCCACGAAGCTCCGTG_016,129
TGCCCCCACGAAGCTCCGTG_017,146
TGCCCCCACGAAGCTCCGTG_018,19
TGCCCCCACGAAGCTCCGTG_019,149
TGCCCCCACGAAGCTCCGTG_020,133
TGCCCCCACGAAGCTCCGTG_021,119
TGCCCCCACGAAGCTCCGTG_022,185
TGCCCCCACGAAGCTCCGTG_023,193
TGCCCCCACGAAGCTCCGTG_024,193
TGCCCCCACGAAGCTCCGTG_025,198
TGCCCCCACGAAGCTCCGTG_026,126
AGCGTCCCTTCCATCAGGAG_001,138
AGCGTCCCTTCCATCAGGAG_002,166
AGCGTCCCTTCCATCAGGAG_003,171
AGCGTCCCTTCCATCAGGAG_004,83
AGCGTCCCTTCCATCAGGAG_005,184
AGCGTCCCTTCCATCAGGAG_006,19
AGCGTCCCTTCCATCAGGAG_007,19
AGCGTCCCTTCCATCAGGAG_008,127
AGAAAACAGAATGTGGACAA_001,124
AGCTACGTGGGATCATCCGA_001,140
AGTGTGGGCGAATAGGACAG_001,147
AGTGTGGGCGAATAGGACAG_002,9
AGTGTGGGCGAATAGGACAG_003,58
GAATGAGACAAATCATTCTC_001,151
GAATGAGACAAATCATTCTC_002,115
GAATGAGACAAATCATTCTC_003,127
GAATGAGACAAATCATTCTC_004,68
GAATGAGACAAATCATTCTC_005,199
GAATGAGACAAATCATTCTC_006,76
GAATGAGACAAATCATTCTC_007,82
GAATGAGACAAATCATTCTC_008,76
TTGGGTGGCTTATCAGTCAG_001,169
TTGGGTGGCTTATCAGTCAG_002,78
TTGGGTGGCTTATCAGTCAG_003,24
TTGGGTGGCTTATCAGTCAG_004,63
TTGGGTGGCTTATCAGTCAG_005,106
TTGGGTGGCTTATCAGTCAG_006,1
TTGGGTGGCTTATCAGTCAG_007,53
TTGGGTGGCTTATCAGTCAG_008,102
TTGGGTGGCTTATCAGTCAG_009,48
TTGGGTGGCTTATCAGTCAG_010,130
TTGGGTGGCTTATCAGTCAG_011,122
TTGGGTGGCTTATCAGTCAG_012,85
TTGGGTGGCTTATCAGTCAG_013,88
TTGGGTGGCTTATCAGTCAG_014,40
TTGGGTGGCTTATCAGTCAG_015,102
TTGGGTGGCTTATCAGTCAG_016,2
TTGGGTGGCTTATCAGTCAG_017,115
TTGGGTGGCTTATCAGTCAG_018,127
TTGGGTGGCTTATCAGTCAG_019,66
TTGGGTGGCTTATCAGTCAG_020,188
TTGGGTGGCTTATCAGTCAG_021,28
TTGGGTGGCTTATCAGTCAG_022,6
CTCCTCCCAGACAATAGCTG_001,13
CTCCTCCCAGACAATAGCTG_002,181
CTCCTCCCAGACAATAGCTG_003,27
CTCCTCCCAGACAATAGCTG_004,75
CTCCTCCCAGACAATAGCTG_005,71
CTCCTCCCAGACAATAGCTG_006,77
CTCCTCCCAGACAATAGCTG_007,141
CTCCTCCCAGACAATAGCTG_008,140
CTCCTCCCAGACAATAGCTG_009,15
CTCCTCCCAGACAATAGCTG_010,1
CTCCTCCCAGACAATAGCTG_011,162
CTCCTCCCAGACAATAGCTG_012,77
CTCCTCCCAGACAATAGCTG_013,106
CTCCTCCCAGACAATAGCTG_014,10
CACTTTGACGACACCAATCG_001,103
CACTTTGACGACACCAATCG_002,16
CACTTTGACGACACCAATCG_003,61
CACTTTGACGACACCAATCG_004,27
CACTTTGACGACACCAATCG_005,178
CACTTTGACGACACCAATCG_006,129
CACTTTGACGACACCAATCG_007,169
CACTTTGACGACACCAATCG_008,199
CACTTTGACGACACCAATCG_009,68
CACTTTGACGACACCAATCG_010,62
CACTTTGACGACACCAATCG_011,118
GTTCTGTTAAGCAGTCAACA_001,48
GTTCTGTTAAGCAGTCAACA_002,48
GTTCTGTTAAGCAGTCAACA_003,58
GTTCTGTTAAGCAGTCAACA_004,170
GTTCTGTTAAGCAGTCAACA_005,177
GTTCTGTTAAGCAGTCAACA_006,190
GTTCTGTTAAGCAGTCAACA_007,2
GTTCTGTTAAGCAGTCAACA_008,141
GTTCTGTTAAGCAGTCAACA_009,62
GTTCTGTTAAGCAGTCAACA_010,181
TTCACATCGTCGTTCACATG_001,190
TTCACATCGTCGTTCACATG_002,159
TTCACATCGTCGTTCACATG_003,187
TTCACATCGTCGTTCACATG_004,17
TTCACATCGTCGTTCACATG_005,141
TTCACATCGTCGTTCACATG_006,110
TTCACATCGTCGTTCACATG_007,192
CCATGACTTCTCATCACGGG_001,189
CCATGACTTCTCATCACGGG_002,175
CCATGACTTCTCATCACGGG_003,40
CCATGACTTCTCATCACGGG_004,183
ACAGTTCTCTGCATTCACGT_001,50
ACAGTTCTCTGCATTCACGT_002,78
ACAGTTCTCTGCATTCACGT_003,130
ACAGTTCTCTGCATTCACGT_004,157
ACAGTTCTCTGCATTCACGT_005,161
ACAGTTCTCTGCATTCACGT_006,114
ACAGTTCTCTGCATTCACGT_007,152
ACAGTTCTCTGCATTCACGT_008,8
ACAGTTCTCTGCATTCACGT_009,190
ACAGTTCTCTGCATTCACGT_010,41
ACAGTTCTCTGCATTCACGT_011,27
ACAGTTCTCTGCATTCACGT_012,121
ACAGTTCTCTGCATTCACGT_013,160
ACAGTTCTCTGCATTCACGT_014,34
ACAGTTCTCTGCATTCACGT_015,1
ACAGTTCTCTGCATTCACGT_016,63
GCAATGAAGATTCCCTTCAG_001,129
GCAATGAAGATTCCCTTCAG_002,116
GCAATGAAGATTCCCTTCAG_003,194
GCAATGAAGATTCCCTTCAG_004,25
GCAATGAAGATTCCCTTCAG_005,46
GCAATGAAGATTCCCTTCAG_006,124
CCAAGGTCACCTGTTAATGA_001,56
CCAAGGTCACCTGTTAATGA_002,68
CCAAGGTCACCTGTTAATGA_003,99
CCAAGGTCACCTGTTAATGA_004,170
CCAAGGTCACCTGTTAATGA_005,102
CACTGCACTCTCGCTAACTG_001,15
CACTGCACTCTCGCTAACTG_002,16
CACTGCACTCTCGCTAACTG_003,126
CACTGCACTCTCGCTAACTG_004,114
CACTGCACTCTCGCTAACTG_005,146
CACTGCACTCTCGCTAACTG_006,184
CACTGCACTCTCGCTAACTG_007,49
CACTGCACTCTCGCTAACTG_008,77
CACTGCACTCTCGCTAACTG_009,56
CACTGCACTCTCGCTAACTG_010,196
CACTGCACTCTCGCTAACTG_011,34
CACTGCACTCTCGCTAACTG_012,3
GTCCCTGGTGTGGAGCATGA_001,106
GTCCCTGGTGTGGAGCATGA_002,10
GTCCCTGGTGTGGAGCATGA_003,135
GTCCCTGGTGTGGAGCATGA_004,171
GTCCCTGGTGTGGAGCATGA_005,7
GTCCCTGGTGTGGAGCATGA_006,34
GTGTCACCCATACCTCACGC_001,166
GTGTCACCCATACCTCACGC_002,172
GTGTCACCCATACCTCACGC_003,136
GTGTCACCCATACCTCACGC_004,123
GTGTCACCCATACCTCACGC_005,83
GTGTCACCCATACCTCACGC_006,20
GTGTCACCCATACCTCACGC_007,171
TCTCCCAGAAGCATCACCTA_001,128
GGAGGGCCACGAACATGGAG_001,164
GGAGGGCCACGAACATGGAG_002,80
GGAGGGCCACGAACATGGAG_003,32
GGAGGGCCACGAACATGGAG_004,179
GGAGGGCCACGAACATGGAG_005,25
GGAGGGCCACGAACATGGAG_006,173
ATGTGTGATATCATCTATGC_001,16
ATGTGTGATATCATCTATGC_002,65
TTCCTTCGGGTTAAACACGT_001,151
TTCCTTCGGGTTAAACACGT_002,58
TTCCTTCGGGTTAAACACGT_003,76
TTCCTTCGGGTTAAACACGT_004,70
TTCCTTCGGGTTAAACACGT_005,41
TTCCTTCGGGTTAAACACGT_006,6
TTCCTTCGGGTTAAACACGT_007,158
TTCCTTCGGGTTAAACACGT_008,39
GGAGGCCTATGACTTCCCAG_001,78
GGAGGCCTATGACTTCCCAG_002,160
GGAGGCCTATGACTTCCCAG_003,8
GGAGGCCTATGACTTCCCAG_004,190
GGAGGCCTATGACTTCCCAG_005,38
GGAGGCCTATGACTTCCCAG_006,70
GGAGGCCTATGACTTCCCAG_007,17
GGAGGCCTATGACTTCCCAG_008,122
GGAGGCCTATGACTTCCCAG_009,122
GGAGGCCTATGACTTCCCAG_010,134
AAAGTTCCCAGCGCTTGTTG_001,181
AAAGTTCCCAGCGCTTGTTG_002,127
AAAGTTCCCAGCGCTTGTTG_003,50
AAAGTTCCCAGCGCTTGTTG_004,48
AAAGTTCCCAGCGCTTGTTG_005,127
AAAGTTCCCAGCGCTTGTTG_006,43
AAAGTTCCCAGCGCTTGTTG_007,162
AAAGTTCCCAGCGCTTGTTG_008,22
AAAGTTCCCAGCGCTTGTTG_009,43
AAAGTTCCCAGCGCTTGTTG_010,101
AAAGTTCCCAGCGCTTGTTG_011,33
AAAGTTCCCAGCGCTTGTTG_012,15
AAAGTTCCCAGCGCTTGTTG_013,69
GTTAAGCTGCCTCTCATACG_001,91
GTTAAGCTGCCTCTCATACG_002,198
GTTATTATTAGCTTTCCATG_001,62
GTTATTATTAGCTTTCCATG_002,157
GTTATTATTAGCTTTCCATG_003,17
TTGTAGCAACGAAGTAAACG_001,49
TTGTAGCAACGAAGTAAACG_002,40
TTGTAGCAACGAAGTAAACG_003,46
GGCAATACAGCCAAAAATGG_001,4
ACCTCCCCAGACCCTAGACA_001,172
ACCTCCCCAGACCCTAGACA_002,50
ACCTCCCCAGACCCTAGACA_003,149
ACCTCCCCAGACCCTAGACA_004,42
ACCTCCCCAGACCCTAGACA_005,34
ACCTCCCCAGACCCTAGACA_006,75
ACCTCCCCAGACCCTAGACA_007,9
ACCTCCCCAGACCCTAGACA_008,19
ACCTCCCCAGACCCTAGACA_009,29
ACCTCCCCAGACCCTAGACA_010,25
ACCTCCCCAGACCCTAGACA_011,48
ACCTCCCCAGACCCTAGACA_012,43
ACCTCCCCAGACCCTAGACA_013,176
ACCTCCCCAGACCCTAGACA_014,66
ACCTCCCCAGACCCTAGACA_015,63
ACCTCCCCAGACCCTAGACA_016,22
ACCTCCCCAGACCCTAGACA_017,66
CTTCCGGCAATTCTGCTACG_001,82
CTTCCGGCAATTCTGCTACG_002,150
CTTCCGGCAATTCTGCTACG_003,10
CTTCCGGCAATTCTGCTACG_004,4
CTTCCGGCAATTCTGCTACG_005,24
CTTCCGGCAATTCTGCTACG_006,40
CTTCCGGCAATTCTGCTACG_007,183
CTTCCGGCAATTCTGCTACG_008,197
CTTCCGGCAATTCTGCTACG_009,9
CTTCTCTGGACACTTCGATG_001,22
CTTCTCTGGACACTTCGATG_002,23
CTTCTCTGGACACTTCGATG_003,29
CTTCTCTGGACACTTCGATG_004,43
CTTCTCTGGACACTTCGATG_005,61
CTTCTCTGGACACTTCGATG_006,22
CTTCTCTGGACACTTCGATG_007,116
CTTCTCTGGACACTTCGATG_008,48
CTTCTCTGGACACTTCGATG_009,1
CTTCTCTGGACACTTCGATG_010,46
CTTCTCTGGACACTTCGATG_011,79
GTCGCAGCTGAACTCCACAG_001,184
GTCGCAGCTGAACTCCACAG_002,60
GTCGCAGCTGAACTCCACAG_003,41
GTCGCAGCTGAACTCCACAG_004,146
GTCGCAGCTGAACTCCACAG_005,115
GTCGCAGCTGAACTCCACAG_006,17
GTCGCAGCTGAACTCCACAG_007,177
GTCGCAGCTGAACTCCACAG_008,175
GTCGCAGCTGAACTCCACAG_009,108
GTCGCAGCTGAACTCCACAG_010,91
GTCGCAGCTGAACTCCACAG_011,21
GTCGCAGCTGAACTCCACAG_012,36
GTCGCAGCTGAACTCCACAG_013,84
GTCGCAGCTGAACTCCACAG_014,161
GTCGCAGCTGAACTCCACAG_015,94
GTCGCAGCTGAACTCCACAG_016,103
GTCGCAGCTGAACTCCACAG_017,120
GTCGCAGCTGAACTCCACAG_018,195
GTCGCAGCTGAACTCCACAG_019,21
GTCGCAGCTGAACTCCACAG_020,189
GTCGCAGCTGAACTCCACAG_021,44
GTCGCAGCTGAACTCCACAG_022,158
GTCGCAGCTGAACTCCACAG_023,94
GTCGCAGCTGAACTCCACAG_024,17
GTCGCAGCTGAACTCCACAG_025,26
GTCGCAGCTGAACTCCACAG_026,50
GTCGCAGCTGAACTCCACAG_027,120
GTCGCAGCTGAACTCCACAG_028,151
GTCGCAGCTGAACTCCACAG_029,129
GTCGCAGCTGAACTCCACAG_030,37
GTCGCAGCTGAACTCCACAG_031,162
GTCGCAGCTGAACTCCACAG_032,162
GTCGCAGCTGAACTCCACAG_033,166
GTCGCAGCTGAACTCCACAG_034,82
GTCGCAGCTGAACTCCACAG_035,117
GTCGCAGCTGAACTCCACAG_036,123
GTCGCAGCTGAACTCCACAG_037,32
GTCGCAGCTGAACTCCACAG_038,32
GTCGCAGCTGAACTCCACAG_039,163
GTCGCAGCTGAACTCCACAG_040,50
GTCGCAGCTGAACTCCACAG_041,43
GTCGCAGCTGAACTCCACAG_042,171
GTCGCAGCTGAACTCCACAG_043,88
GTCGCAGCTGAACTCCACAG_044,86
GTCGCAGCTGAACTCCACAG_045,7
GTCGCAGCTGAACTCCACAG_046,168
GTCGCAGCTGAACTCCACAG_047,78
GTCGCAGCTGAACTCCACAG_048,188
GTCGCAGCTGAACTCCACAG_049,108
GTCGCAGCTGAACTCCACAG_050,157
TGTGTCCCTGATAAACAAAG_001,56
TGTGTCCCTGATAAACAAAG_002,183
TGTGTCCCTGATAAACAAAG_003,52
TGTGTCCCTGATAAACAAAG_004,147
TGTGTCCCTGATAAACAAAG_005,101
TGTGTCCCTGATAAACAAAG_006,2
TGTGTCCCTGATAAACAAAG_007,117
TGTGTCCCTGATAAACAAAG_008,68
TGTGTCCCTGATAAACAAAG_009,199
TGTGTCCCTGATAAACAAAG_010,157
AGAGAAACATCAGATTCCAG_001,12
AGAGAAACATCAGATTCCAG_002,122
AGAGAAACATCAGATTCCAG_003,163
AGAGAAACATCAGATTCCAG_004,11
AGAGAAACATCAGATTCCAG_005,116
AGAGAAACATCAGATTCCAG_006,171
CCACACCATTACCTCGGGGA_001,53
CCACACCATTACCTCGGGGA_002,1
CCACACCATTACCTCGGGGA_003,83
CCACACCATTACCTCGGGGA_004,4
CCACACCATTACCTCGGGGA_005,25
GGTGGGCCCTCATGTCGCGA_001,171
GGTGGGCCCTCATGTCGCGA_002,60
GGTGGGCCCTCATGTCGCGA_003,13
GCCAGGACCACCAAAATTGG_001,150
GCCAGGACCACCAAAATTGG_002,96
GCCAGGACCACCAAAATTGG_003,149
GCCAGGACCACCAAAATTGG_004,19
GCCAGGACCACCAAAATTGG_005,104
GCCAGGACCACCAAAATTGG_006,174
GCCAGGACCACCAAAATTGG_007,178
GCCAGGACCACCAAAATTGG_008,194
GCCAGGACCACCAAAATTGG_009,193
GCCAGGACCACCAAAATTGG_010,197
GCCAGGACCACCAAAATTGG_011,170
GCCAGGACCACCAAAATTGG_012,59
GCCAGGACCACCAAAATTGG_013,40
GCCAGGACCACCAAAATTGG_014,107
GCCAGGACCACCAAAATTGG_015,47
GCCAGGACCACCAAAATTGG_016,13
TGGGACTGTAATGTGCAAAG_001,28
TGGGACTGTAATGTGCAAAG_002,94
TGGGACTGTAATGTGCAAAG_003,62
TGGGACTGTAATGTGCAAAG_004,1
TGGGACTGTAATGTGCAAAG_005,161
TGGGACTGTAATGTGCAAAG_006,34
TGGGACTGTAATGTGCAAAG_007,145
TGGGACTGTAATGTGCAAAG_008,19
AAAATGCAGGTGAAGACCCA_001,57
AAAATGCAGGTGAAGACCCA_002,165
AAAATGCAGGTGAAGACCCA_003,65
AAAATGCAGGTGAAGACCCA_004,181
AAAATGCAGGTGAAGACCCA_005,181
AAAATGCAGGTGAAGACCCA_006,21
AAAATGCAGGTGAAGACCCA_007,195
AAAATGCAGGTGAAGACCCA_008,96
AAAATGCAGGTGAAGACCCA_009,141
AAAATGCAGGTGAAGACCCA_010,165
AAAATGCAGGTGAAGACCCA_011,149
AAAATGCAGGTGAAGACCCA_012,168
AAAATGCAGGTGAAGACCCA_013,24
AAAATGCAGGTGAAGACCCA_014,121
AAAATGCAGGTGAAGACCCA_015,10
AAAATGCAGGTGAAGACCCA_016,72
AAAATGCAGGTGAAGACCCA_017,52
AAAATGCAGGTGAAGACCCA_018,19
TTGATGAAGCTGTCAGTGCA_001,134
TTGATGAAGCTGTCAGTGCA_002,8
TTGATGAAGCTGTCAGTGCA_003,169
TTGATGAAGCTGTCAGTGCA_004,9
TTGATGAAGCTGTCAGTGCA_005,127
TTGATGAAGCTGTCAGTGCA_006,68
TTGATGAAGCTGTCAGTGCA_007,144
TTGATGAAGCTGTCAGTGCA_008,58
CTTCCGAAATGCATATGTAT_001,158
CTTCCGAAATGCATATGTAT_002,106
GGAATAACCAAAGTCCACCA_001,163
GGAATAACCAAAGTCCACCA_002,170
GGAATAACCAAAGTCCACCA_003,159
GGAATAACCAAAGTCCACCA_004,148
GGAATAACCAAAGTCCACCA_005,138
GGAATAACCAAAGTCCACCA_006,59
CGAGATAACTGTATGCGACG_001,37
CGAGATAACTGTATGCGACG_002,84
CGAGATAACTGTATGCGACG_003,102
CGAGATAACTGTATGCGACG_004,158
CGAGATAACTGTATGCGACG_005,88
TGCTATATTTGGGATCGTCT_001,149
TGCTATATTTGGGATCGTCT_002,103
TGCTATATTTGGGATCGTCT_003,31
TGCTATATTTGGGATCGTCT_004,177
TGCTATATTTGGGATCGTCT_005,158
TGCTATATTTGGGATCGTCT_006,153
TGCTATATTTGGGATCGTCT_007,179
TGCTATATTTGGGATCGTCT_008,126
CAAGTGTCAAAACCAACCCA_001,105
CAAGTGTCAAAACCAACCCA_002,191
CAAGTGTCAAAACCAACCCA_003,181
CAAGTGTCAAAACCAACCCA_004,188
CAAGTGTCAAAACCAACCCA_005,119
CAAGTGTCAAAACCAACCCA_006,88
CAAGTGTCAAAACCAACCCA_007,15
CAAGTGTCAAAACCAACCCA_008,42
CAAGTGTCAAAACCAACCCA_009,1
CAAGTGTCAAAACCAACCCA_010,171
CAAGTGTCAAAACCAACCCA_011,71
CAAGTGTCAAAACCAACCCA_012,199
CAAGTGTCAAAACCAACCCA_013,75
CAAGTGTCAAAACCAACCCA_014,82
CAAGTGTCAAAACCAACCCA_015,6
CAAGTGTCAAAACCAACCCA_016,178
CAAGTGTCAAAACCAACCCA_017,54
GGTATGCTACCAGCTGTACG_001,96
GGTATGCTACCAGCTGTACG_002,2
GGTATGCTACCAGCTGTACG_003,154
GGTATGCTACCAGCTGTACG_004,1
GGTATGCTACCAGCTGTACG_005,158
GGTATGCTACCAGCTGTACG_006,130
GGTATGCTACCAGCTGTACG_007,9
GGTATGCTACCAGCTGTACG_008,1
GACAACTCACCTATCGCCGG_001,141
GACAACTCACCTATCGCCGG_002,141
GACAACTCACCTATCGCCGG_003,1
GACAACTCACCTATCGCCGG_004,41
GACAACTCACCTATCGCCGG_005,56
GACAACTCACCTATCGCCGG_006,36
GACAACTCACCTATCGCCGG_007,19
GACAACTCACCTATCGCCGG_008,86
GACAACTCACCTATCGCCGG_009,126
TTTCTTATAACTAGGCTCCG_001,15
TTTCTTATAACTAGGCTCCG_002,178
TTTCTTATAACTAGGCTCCG_003,29
TTTCTTATAACTAGGCTCCG_004,192
TTTCTTATAACTAGGCTCCG_005,123
TTTCTTATAACTAGGCTCCG_006,1
CTGTGTCTGGAGTCAAAGAA_001,158
CTGTGTCTGGAGTCAAAGAA_002,148
CTGTGTCTGGAGTCAAAGAA_003,140
CTGTGTCTGGAGTCAAAGAA_004,122
CTGTGTCTGGAGTCAAAGAA_005,113
CTGTGTCTGGAGTCAAAGAA_006,182
CTGTGTCTGGAGTCAAAGAA_007,81
CTGTGTCTGGAGTCAAAGAA_008,148
TAAACCTGTACCATTTCTGG_001,86
GGCATAGACAAAGTTGAAGG_001,129
GGCATAGACAAAGTTGAAGG_002,178
GGCATAGACAAAGTTGAAGG_003,178
GGCATAGACAAAGTTGAAGG_004,150
GGCATAGACAAAGTTGAAGG_005,105
GGTTGTGGCTCAGCAGCCAG_001,43
GGTTGTGGCTCAGCAGCCAG_002,176
GGTTGTGGCTCAGCAGCCAG_003,18
GGTTGTGGCTCAGCAGCCAG_004,149
GGTTGTGGCTCAGCAGCCAG_005,169
GGTTGTGGCTCAGCAGCCAG_006,190
GGTTGTGGCTCAGCAGCCAG_007,165
GGTTGTGGCTCAGCAGCCAG_008,101
GGTTGTGGCTCAGCAGCCAG_009,45
GGTTGTGGCTCAGCAGCCAG_010,113
GGTTGTGGCTCAGCAGCCAG_011,4
GGTTGTGGCTCAGCAGCCAG_012,3
CCTTTGGCCAAAATCCTCGA_001,29
CCTTTGGCCAAAATCCTCGA_002,46
CCTTTGGCCAAAATCCTCGA_003,78
TTACAACTACTCGCAAGAGA_001,77
TTACAACTACTCGCAAGAGA_002,174
TTACAACTACTCGCAAGAGA_003,62
CAACTGATCGTGGGACACGT_001,178
CAACTGATCGTGGGACACGT_002,115
CAACTGATCGTGGGACACGT_003,65
CAACTGATCGTGGGACACGT_004,11
CAACTGATCGTGGGACACGT_005,60
CAACTGATCGTGGGACACGT_006,97
CAACTGATCGTGGGACACGT_007,140
CAACTGATCGTGGGACACGT_008,10
CAACTGATCGTGGGACACGT_009,56
GATCCCCAGTCAGTACTATG_001,29
GATCCCCAGTCAGTACTATG_002,29
GATCCCCAGTCAGTACTATG_003,78
GATCCCCAGTCAGTACTATG_004,94
GATCCCCAGTCAGTACTATG_005,88
GATCCCCAGTCAGTACTATG_006,78
GATCCCCAGTCAGTACTATG_007,46
GATCCCCAGTCAGTACTATG_008,81
GATCCCCAGTCAGTACTATG_009,103
CAGGGTGAAGACGTATAACA_001,140
CAGGGTGAAGACGTATAACA_002,27
CAGGGTGAAGACGTATAACA_003,133
TTTCTGACAAGATGTCAGCG_001,197
TTTCTGACAAGATGTCAGCG_002,112
TTTCTGACAAGATGTCAGCG_003,45
TTTCTGACAAGATGTCAGCG_004,161
TTTCTGACAAGATGTCAGCG_005,56
TTTCTGACAAGATGTCAGCG_006,152
AAAGACATCCTAGTCTCCTG_001,36
AAAGACATCCTAGTCTCCTG_002,40
AAAGACATCCTAGTCTCCTG_003,191
ACGTAGGCCTTGCCGCACGT_001,78
ACGTAGGCCTTGCCGCACGT_002,58
ACGTAGGCCTTGCCGCACGT_003,158
ACGTAGGCCTTGCCGCACGT_004,182
ACGTAGGCCTTGCCGCACGT_005,173
ACGTAGGCCTTGCCGCACGT_006,151
ACGTAGGCCTTGCCGCACGT_007,158
ACGTAGGCCTTGCCGCACGT_008,29
ACGTAGGCCTTGCCGCACGT_009,198
ACGTAGGCCTTGCCGCACGT_010,44
ACGTAGGCCTTGCCGCACGT_011,88
ACGTAGGCCTTGCCGCACGT_012,135
ACGTAGGCCTTGCCGCACGT_013,94
ACGTAGGCCTTGCCGCACGT_014,108
ACGTAGGCCTTGCCGCACGT_015,31
ACGTAGGCCTTGCCGCACGT_016,187
ACGTAGGCCTTGCCGCACGT_017,41
ACGTAGGCCTTGCCGCACGT_018,16
ACGTAGGCCTTGCCGCACGT_019,146
ACGTAGGCCTTGCCGCACGT_020,28
ACGTAGGCCTTGCCGCACGT_021,186
AATTCTACAAATGATTCTAG_001,4
ACCATGGGGATGTGGTCCAT_001,63
ACCATGGGGATGTGGTCCAT_002,56
ACCATGGGGATGTGGTCCAT_003,160
ACCATGGGGATGTGGTCCAT_004,49
ACCATGGGGATGTGGTCCAT_005,44
ACCATGGGGATGTGGTCCAT_006,23
ACCATGGGGATGTGGTCCAT_007,81
ACCATGGGGATGTGGTCCAT_008,113
ACCATGGGGATGTGGTCCAT_009,166
ACCATGGGGATGTGGTCCAT_010,106
ACCATGGGGATGTGGTCCAT_011,126
CCAAGGAAAAAACTAACGAG_001,172
CCAAGGAAAAAACTAACGAG_002,60
CCAAGGAAAAAACTAACGAG_003,189
CCAAGGAAAAAACTAACGAG_004,81
CCAAGGAAAAAACTAACGAG_005,177
CCAAGGAAAAAACTAACGAG_006,50
CCAAGGAAAAAACTAACGAG_007,78
CCAAGGAAAAAACTAACGAG_008,168
GAGACCAGGTAACACCAACC_001,9
TCTAGCCAGTCCCCACACGG_001,28
TCTAGCCAGTCCCCACACGG_002,47
TCTAGCCAGTCCCCACACGG_003,50
TCTAGCCAGTCCCCACACGG_004,162
TCTAGCCAGTCCCCACACGG_005,85
TCTAGCCAGTCCCCACACGG_006,56
TCTAGCCAGTCCCCACACGG_007,140
CAGGCCTAGAAAGGGTCCGG_001,192
CAGGCCTAGAAAGGGTCCGG_002,174
CAGGCCTAGAAAGGGTCCGG_003,81
CAGGCCTAGAAAGGGTCCGG_004,108
CAGGCCTAGAAAGGGTCCGG_005,77
CAGGCCTAGAAAGGGTCCGG_006,53
CAGGCCTAGAAAGGGTCCGG_007,198
CAGGCCTAGAAAGGGTCCGG_008,84
CAGGCCTAGAAAGGGTCCGG_009,9
CAGGCCTAGAAAGGGTCCGG_010,56
CAGGCCTAGAAAGGGTCCGG_011,106
CAGGCCTAGAAAGGGTCCGG_012,75
CAGGCCTAGAAAGGGTCCGG_013,170
AACCCGGACTGGATCAACAC_001,184
AACCCGGACTGGATCAACAC_002,121
AACCCGGACTGGATCAACAC_003,48
AACCCGGACTGGATCAACAC_004,147
AACCCGGACTGGATCAACAC_005,81
AACCCGGACTGGATCAACAC_006,169
AACCCGGACTGGATCAACAC_007,158
AACCCGGACTGGATCAACAC_008,81
AACCCGGACTGGATCAACAC_009,50
AACCCGGACTGGATCAACAC_010,2
AACCCGGACTGGATCAACAC_011,12
AACCCGGACTGGATCAACAC_012,169
AACCCGGACTGGATCAACAC_013,20
AACCCGGACTGGATCAACAC_014,22
AACCCGGACTGGATCAACAC_015,184
AACCCGGACTGGATCAACAC_016,198
AACCCGGACTGGATCAACAC_017,88
AACCCGGACTGGATCAACAC_018,120
AACCCGGACTGGATCAACAC_019,38
AACCCGGACTGGATCAACAC_020,26
AACCCGGACTGGATCAACAC_021,147
AACCCGGACTGGATCAACAC_022,169
AACCCGGACTGGATCAACAC_023,165
AACCCGGACTGGATCAACAC_024,176
AACCCGGACTGGATCAACAC_025,32
AACCCGGACTGGATCAACAC_026,63
AACCCGGACTGGATCAACAC_027,147
AACCCGGACTGGATCAACAC_028,123
AACCCGGACTGGATCAACAC_029,15
AACCCGGACTGGATCAACAC_030,174
AGTGGTCAATTGCAAAACTT_001,62
AGTGGTCAATTGCAAAACTT_002,149
AGTGGTCAATTGCAAAACTT_003,105
AGTGGTCAATTGCAAAACTT_004,140
AGTGGTCAATTGCAAAACTT_005,129
AGTGGTCAATTGCAAAACTT_006,119
AGTGGTCAATTGCAAAACTT_007,61
AGTGGTCAATTGCAAAACTT_008,80
AGTGGTCAATTGCAAAACTT_009,121
AGTGGTCAATTGCAAAACTT_010,127
AGTGGTCAATTGCAAAACTT_011,41
AGTGGTCAATTGCAAAACTT_012,137
AGTGGTCAATTGCAAAACTT_013,33
AGTGGTCAATTGCAAAACTT_014,103
AGGATGCGGATATGACTCTG_001,176
AGGATGCGGATATGACTCTG_002,11
AGGATGCGGATATGACTCTG_003,184
AGGATGCGGATATGACTCTG_004,155
AGGATGCGGATATGACTCTG_005,105
AGGATGCGGATATGACTCTG_006,43
AGGATGCGGATATGACTCTG_007,47
CTTGAGTCCCATGACCAATG_001,15
CTTGAGTCCCATGACCAATG_002,161
CTTGAGTCCCATGACCAATG_003,183
CTTGAGTCCCATGACCAATG_004,192
CTTGAGTCCCATGACCAATG_005,81
CTTGAGTCCCATGACCAATG_006,127
TTACACAAGCAGAACCAGCT_001,75
TTACACAAGCAGAACCAGCT_002,116
TTACACAAGCAGAACCAGCT_003,35
TTACACAAGCAGAACCAGCT_004,187
TTACACAAGCAGAACCAGCT_005,44
TTACACAAGCAGAACCAGCT_006,84
TTACACAAGCAGAACCAGCT_007,120
TTACACAAGCAGAACCAGCT_008,44
TTACACAAGCAGAACCAGCT_009,84
TTACACAAGCAGAACCAGCT_010,124
TTACACAAGCAGAACCAGCT_011,94
TTACACAAGCAGAACCAGCT_012,118
TTACACAAGCAGAACCAGCT_013,126
TTACACAAGCAGAACCAGCT_014,94
TTACACAAGCAGAACCAGCT_015,137
TTACACAAGCAGAACCAGCT_016,166
TTACACAAGCAGAACCAGCT_017,49
TTACACAAGCAGAACCAGCT_018,63
TTACACAAGCAGAACCAGCT_019,149
CAAATGCCATCATGCCAAGG_001,160
CAAATGCCATCATGCCAAGG_002,28
CAAATGCCATCATGCCAAGG_003,106
CAAATGCCATCATGCCAAGG_004,197
GCCTTCTATGAGGACCTGAG_001,145
GCCTTCTATGAGGACCTGAG_002,88
GCCTTCTATGAGGACCTGAG_003,197
GCCTTCTATGAGGACCTGAG_004,145
GCCTTCTATGAGGACCTGAG_005,190
GCCTTCTATGAGGACCTGAG_006,82
GCCTTCTATGAGGACCTGAG_007,186
GCCTTCTATGAGGACCTGAG_008,88
GCCTTCTATGAGGACCTGAG_009,149
GCCTTCTATGAGGACCTGAG_010,105
GCCTTCTATGAGGACCTGAG_011,30
GCCTTCTATGAGGACCTGAG_012,198
GCCTTCTATGAGGACCTGAG_013,51
GCCTTCTATGAGGACCTGAG_014,192
GCCTTCTATGAGGACCTGAG_015,16
GCCTTCTATGAGGACCTGAG_016,19
GCCTTCTATGAGGACCTGAG_017,134
GCCTTCTATGAGGACCTGAG_018,85
GCCTTCTATGAGGACCTGAG_019,154
GCCTTCTATGAGGACCTGAG_020,168
GCCTTCTATGAGGACCTGAG_021,91
GCACGCAAATGGGGGCAAGG_001,47
GCACGCAAATGGGGGCAAGG_002,77
GCACGCAAATGGGGGCAAGG_003,23
GCACGCAAATGGGGGCAAGG_004,23
GCACGCAAATGGGGGCAAGG_005,76
GCACGCAAATGGGGGCAAGG_006,172
GCACGCAAATGGGGGCAAGG_007,103
GCACGCAAATGGGGGCAAGG_008,41
GCACGCAAATGGGGGCAAGG_009,169
GCACGCAAATGGGGGCAAGG_010,160
GCACGCAAATGGGGGCAAGG_011,75
GCACGCAAATGGGGGCAAGG_012,175
GCACGCAAATGGGGGCAAGG_013,23
GCACGCAAATGGGGGCAAGG_014,137
GCATCATTGGTCGCACATAG_001,163
GCATCATTGGTCGCACATAG_002,125
GCATCATTGGTCGCACATAG_003,45
TCTACTGCCAGGCCACGATG_001,20
TCTACTGCCAGGCCACGATG_002,1
TCTACTGCCAGGCCACGATG_003,34
TCTACTGCCAGGCCACGATG_004,145
TCTACTGCCAGGCCACGATG_005,62
TCTACTGCCAGGCCACGATG_006,73
TCTACTGCCAGGCCACGATG_007,167
CACGCCAAAACCCCTTAGGG_001,114
CACGCCAAAACCCCTTAGGG_002,102
CACGCCAAAACCCCTTAGGG_003,77
CACGCCAAAACCCCTTAGGG_004,149
CACGCCAAAACCCCTTAGGG_005,88
CACGCCAAAACCCCTTAGGG_006,116
GTTAAAAACCCCCAGTTCTG_001,29
GTTAAAAACCCCCAGTTCTG_002,115
GTTAAAAACCCCCAGTTCTG_003,40
GTTAAAAACCCCCAGTTCTG_004,116
GTTAAAAACCCCCAGTTCTG_005,91
GTTAAAAACCCCCAGTTCTG_006,77
GGATTGGGGACAATCCTGCG_001,52
GGATTGGGGACAATCCTGCG_002,52
GGATTGGGGACAATCCTGCG_003,170
GGATTGGGGACAATCCTGCG_004,188
GGATTGGGGACAATCCTGCG_005,169
GGATTGGGGACAATCCTGCG_006,185
GGATTGGGGACAATCCTGCG_007,153
GGATTGGGGACAATCCTGCG_008,60
GGATTGGGGACAATCCTGCG_009,0
GGATTGGGGACAATCCTGCG_010,149
GGATTGGGGACAATCCTGCG_011,6
GGATTGGGGACAATCCTGCG_012,85
GGATTGGGGACAATCCTGCG_013,83
GGATTGGGGACAATCCTGCG_014,105
GGATTGGGGACAATCCTGCG_015,15
GGATTGGGGACAATCCTGCG_016,70
GGTCTCATCCTGACGCGTCG_001,6
GGTCTCATCCTGACGCGTCG_002,156
GGTCTCATCCTGACGCGTCG_003,174
GGTCTCATCCTGACGCGTCG_004,151
ACCTCCCAGAGACCATCCCG_001,23
ACCTCCCAGAGACCATCCCG_002,9
ACCTCCCAGAGACCATCCCG_003,67
ACCTCCCAGAGACCATCCCG_004,119
ACCTCCCAGAGACCATCCCG_005,28
ACCTCCCAGAGACCATCCCG_006,136
ACCTCCCAGAGACCATCCCG_007,160
ACCTCCCAGAGACCATCCCG_008,169
ACCTCCCAGAGACCATCCCG_009,32
ACCTCCCAGAGACCATCCCG_010,149
ACCTCCCAGAGACCATCCCG_011,48
ACCTCCCAGAGACCATCCCG_012,194
ACCTCCCAGAGACCATCCCG_013,4
ACCTCCCAGAGACCATCCCG_014,188
ACCTCCCAGAGACCATCCCG_015,143
ACCTCCCAGAGACCATCCCG_016,168
ACCTCCCAGAGACCATCCCG_017,88
ACCTCCCAGAGACCATCCCG_018,190
ACCTCCCAGAGACCATCCCG_019,129
ACCTCCCAGAGACCATCCCG_020,75
ACCTCCCAGAGACCATCCCG_021,179
ACCTCCCAGAGACCATCCCG_022,15
ACCTCCCAGAGACCATCCCG_023,170
ACCTCCCAGAGACCATCCCG_024,2
ACCTCCCAGAGACCATCCCG_025,2
ACCTCCCAGAGACCATCCCG_026,166
ACCTCCCAGAGACCATCCCG_027,9
ACCTCCCAGAGACCATCCCG_028,139
ACCTCCCAGAGACCATCCCG_029,163
TGGTCTGACGAGATGTTGTG_001,106
TGGTCTGACGAGATGTTGTG_002,83
TGGTCTGACGAGATGTTGTG_003,169
TGGTCTGACGAGATGTTGTG_004,188
TGGTCTGACGAGATGTTGTG_005,106
TGGTCTGACGAGATGTTGTG_006,140
TGGTCTGACGAGATGTTGTG_007,176
TGGTCTGACGAGATGTTGTG_008,2
GTTCGGCAGCAACGTTGAGT_001,195
GTTCGGCAGCAACGTTGAGT_002,28
GTTCGGCAGCAACGTTGAGT_003,1
GTTCGGCAGCAACGTTGAGT_004,69
GTTCGGCAGCAACGTTGAGT_005,48
GTTCGGCAGCAACGTTGAGT_006,124
GTTCGGCAGCAACGTTGAGT_007,149
GTTCGGCAGCAACGTTGAGT_008,16
GTTCGGCAGCAACGTTGAGT_009,89
GTTCGGCAGCAACGTTGAGT_010,35
GTTCGGCAGCAACGTTGAGT_011,168
GTTCGGCAGCAACGTTGAGT_012,158
CAAGTCCACACAGTTCAACG_001,169
CAAGTCCACACAGTTCAACG_002,162
CAAGTCCACACAGTTCAACG_003,60
CAAGTCCACACAGTTCAACG_004,163
CAAGTCCACACAGTTCAACG_005,184
CAAGTCCACACAGTTCAACG_006,105
CAAGTCCACACAGTTCAACG_007,103
CAAGTCCACACAGTTCAACG_008,56
CAAGTCCACACAGTTCAACG_009,74
CAAGTCCACACAGTTCAACG_010,10
CAAGTCCACACAGTTCAACG_011,160
CAAACTATATGACCTCCCTG_001,116
CAAACTATATGACCTCCCTG_002,29
CCAGATCCACGAGCACGGCG_001,188
CCAGATCCACGAGCACGGCG_002,150
CCAGATCCACGAGCACGGCG_003,50
CCAGATCCACGAGCACGGCG_004,56
CCAGATCCACGAGCACGGCG_005,199
CCAGATCCACGAGCACGGCG_006,127
CCAGATCCACGAGCACGGCG_007,2
CCAGATCCACGAGCACGGCG_008,19
CCAGATCCACGAGCACGGCG_009,90
CCAGATCCACGAGCACGGCG_010,133
TCCATCCTGACGATCGACGA_001,113
TCCATCCTGACGATCGACGA_002,159
TCCATCCTGACGATCGACGA_003,11
TCCATCCTGACGATCGACGA_004,96
TCCATCCTGACGATCGACGA_005,177
TCCATCCTGACGATCGACGA_006,58
TCCATCCTGACGATCGACGA_007,155
TCCATCCTGACGATCGACGA_008,88
TCCATCCTGACGATCGACGA_009,177
TCCATCCTGACGATCGACGA_010,108
TCCATCCTGACGATCGACGA_011,80
TCCATCCTGACGATCGACGA_012,147
TCCATCCTGACGATCGACGA_013,139
TCCATCCTGACGATCGACGA_014,185
TCCATCCTGACGATCGACGA_015,162
TCCATCCTGACGATCGACGA_016,82
CTGTCAGTCATAGAGGAGAT_001,41
CTGTCAGTCATAGAGGAGAT_002,48
CTGTCAGTCATAGAGGAGAT_003,186
CTGTCAGTCATAGAGGAGAT_004,151
CTGTCAGTCATAGAGGAGAT_005,158
CTGTCAGTCATAGAGGAGAT_006,67
CTGTCAGTCATAGAGGAGAT_007,118
CTGTCAGTCATAGAGGAGAT_008,184
CTGTCAGTCATAGAGGAGAT_009,168
CTGTCAGTCATAGAGGAGAT_010,50
CTGTCAGTCATAGAGGAGAT_011,157
CTGTCAGTCATAGAGGAGAT_012,81
CTGTCAGTCATAGAGGAGAT_013,165
CTGTCAGTCATAGAGGAGAT_014,180
CTGTCAGTCATAGAGGAGAT_015,103
GCCTCGAAAGGTCAACACCC_001,130
GCCTCGAAAGGTCAACACCC_002,148
GGTGTGTCTGGAATATAACG_001,24
TCCCACGGATGGATAGGTCG_001,175
TCCCACGGATGGATAGGTCG_002,169
TCCCACGGATGGATAGGTCG_003,66
TCCCACGGATGGATAGGTCG_004,53
TCCCACGGATGGATAGGTCG_005,8
TCCCACGGATGGATAGGTCG_006,106
TCCCACGGATGGATAGGTCG_007,54
TCCCACGGATGGATAGGTCG_008,116
TGCAGCCTCCAAGTACACCA_001,43
TGCAGCCTCCAAGTACACCA_002,188
TGCAGCCTCCAAGTACACCA_003,183
TGCAGCCTCCAAGTACACCA_004,148
TGCAGCCTCCAAGTACACCA_005,10
TGCAGCCTCCAAGTACACCA_006,175
TGCAGCCTCCAAGTACACCA_007,160
TGCAGCCTCCAAGTACACCA_008,185
TGCAGCCTCCAAGTACACCA_009,86
TGCAGCCTCCAAGTACACCA_010,187
TGCAGCCTCCAAGTACACCA_011,111
TGCAGCCTCCAAGTACACCA_012,95
TGCAGCCTCCAAGTACACCA_013,32
TGCAGCCTCCAAGTACACCA_014,134
TGCAGCCTCCAAGTACACCA_015,48
TGCAGCCTCCAAGTACACCA_016,149
TGCAGCCTCCAAGTACACCA_017,153
TGCAGCCTCCAAGTACACCA_018,28
GTGGACGAAGGAGCCAGTTG_001,7
CAAGTTCTCTGGCATCGACG_001,176
CAAGTTCTCTGGCATCGACG_002,85
CAAGTTCTCTGGCATCGACG_003,78
CAAGTTCTCTGGCATCGACG_004,20
CAAGTTCTCTGGCATCGACG_005,108
CAAGTTCTCTGGCATCGACG_006,108
CAAGTTCTCTGGCATCGACG_007,182
CAAGTTCTCTGGCATCGACG_008,121
CAAGTTCTCTGGCATCGACG_009,44
CAAGTTCTCTGGCATCGACG_010,103
CAAGTTCTCTGGCATCGACG_011,139
CAAGTTCTCTGGCATCGACG_012,17
CTTCGAGGTCTACTCCCCGG_001,193
CTTCGAGGTCTACTCCCCGG_002,104
CTTCGAGGTCTACTCCCCGG_003,70
AGATGTATGTGTCTGAACCC_001,166
AGGATTCACCGACTGCCTGT_001,43
AGGATTCACCGACTGCCTGT_002,168
AGGATTCACCGACTGCCTGT_003,136
AAATGCTCAAAGAAGAGACT_001,87
CCCACAGATCCTTACCAACA_001,96
CCCACAGATCCTTACCAACA_002,119
CCCACAGATCCTTACCAACA_003,65
AAGACCATGTGTTAGGAACA_001,188
GGTTGGACGCGAGCGCTCAG_001,49
GGTTGGACGCGAGCGCTCAG_002,181
GGTTGGACGCGAGCGCTCAG_003,91
GGTTGGACGCGAGCGCTCAG_004,161
GGTTGGACGCGAGCGCTCAG_005,97
GGTTGGACGCGAGCGCTCAG_006,82
GGTTGGACGCGAGCGCTCAG_007,191
GGTTGGACGCGAGCGCTCAG_008,37
GGTTGGACGCGAGCGCTCAG_009,26
GGTTGGACGCGAGCGCTCAG_010,121
GGTTGGACGCGAGCGCTCAG_011,132
GGTTGGACGCGAGCGCTCAG_012,198
GGTTGGACGCGAGCGCTCAG_013,19
GGTTGGACGCGAGCGCTCAG_014,48
GGTTGGACGCGAGCGCTCAG_015,70
GGTTGGACGCGAGCGCTCAG_016,121
TAAAACCATCCCCAAAACCG_001,34
TAAAACCATCCCCAAAACCG_002,105
TAAAACCATCCCCAAAACCG_003,119
TAAAACCATCCCCAAAACCG_004,96
TAAAACCATCCCCAAAACCG_005,195
TAAAACCATCCCCAAAACCG_006,159
TAAAACCATCCCCAAAACCG_007,88
GGAGCCCTGTGACTCGAACG_001,58
GGAGCCCTGTGACTCGAACG_002,128
GGAGCCCTGTGACTCGAACG_003,173
GGAGCCCTGTGACTCGAACG_004,126
GAGAACTACCTAGTGCGATG_001,27
GAGAACTACCTAGTGCGATG_002,9
GAGAACTACCTAGTGCGATG_003,96
GAGAACTACCTAGTGCGATG_004,199
GAGAACTACCTAGTGCGATG_005,58
GAGAACTACCTAGTGCGATG_006,199
GAGAACTACCTAGTGCGATG_007,160
TAAGCTCGGAGTTTGGACGG_001,192
TAAGCTCGGAGTTTGGACGG_002,82
TAAGCTCGGAGTTTGGACGG_003,35
TAAGCTCGGAGTTTGGACGG_004,137
TAAGCTCGGAGTTTGGACGG_005,6
TAAGCTCGGAGTTTGGACGG_006,36
TAAGCTCGGAGTTTGGACGG_007,49
TAAGCTCGGAGTTTGGACGG_008,172
TAAGCTCGGAGTTTGGACGG_009,1
TAAGCTCGGAGTTTGGACGG_010,1
TTAAGACTGAAAACGCAACT_001,144
TTAAGACTGAAAACGCAACT_002,166
TTTACAAGGTGTCCCCGCGG_001,156
TTTACAAGGTGTCCCCGCGG_002,11
TTTACAAGGTGTCCCCGCGG_003,142
TTTACAAGGTGTCCCCGCGG_004,4
GGAGAAAACCACTTGTGTGT_001,2
GGAGAAAACCACTTGTGTGT_002,146
GTTGACAGGACGACGCGGGC_001,145
GTTGACAGGACGACGCGGGC_002,150
GTTGACAGGACGACGCGGGC_003,51
GTTGACAGGACGACGCGGGC_004,134
GTTGACAGGACGACGCGGGC_005,103
GTTGACAGGACGACGCGGGC_006,140
GTTGACAGGACGACGCGGGC_007,125
GTTGACAGGACGACGCGGGC_008,65
GATCTCCGAATCGCAGCGTG_001,105
GATCTCCGAATCGCAGCGTG_002,29
GATCTCCGAATCGCAGCGTG_003,15
GATCTCCGAATCGCAGCGTG_004,171
GATCTCCGAATCGCAGCGTG_005,198
GATCTCCGAATCGCAGCGTG_006,27
GATCTCCGAATCGCAGCGTG_007,80
GATCTCCGAATCGCAGCGTG_008,97
GATCTCCGAATCGCAGCGTG_009,81
GATCTCCGAATCGCAGCGTG_010,56
GATCTCCGAATCGCAGCGTG_011,67
GATCTCCGAATCGCAGCGTG_012,129
GATCTCCGAATCGCAGCGTG_013,133
GATCTCCGAATCGCAGCGTG_014,77
GATCTCCGAATCGCAGCGTG_015,132
GATCTCCGAATCGCAGCGTG_016,66
GATCTCCGAATCGCAGCGTG_017,33
AAAGGAGAACGTCTAACGAG_001,145
AAAGGAGAACGTCTAACGAG_002,62
AAAGGAGAACGTCTAACGAG_003,107
AAAGGAGAACGTCTAACGAG_004,80
AAAGGAGAACGTCTAACGAG_005,8
AAAGGAGAACGTCTAACGAG_006,62
TGTCTACAGATGCTGTACAC_001,113
TGTCTACAGATGCTGTACAC_002,72
TGTCTACAGATGCTGTACAC_003,72
TGTCTACAGATGCTGTACAC_004,23
TTGCAGGAGGAACCAGCCAG_001,188
TTGCAGGAGGAACCAGCCAG_002,61
TTGCAGGAGGAACCAGCCAG_003,177
TTGCAGGAGGAACCAGCCAG_004,57
TTGCAGGAGGAACCAGCCAG_005,88
TTGCAGGAGGAACCAGCCAG_006,38
TTGCAGGAGGAACCAGCCAG_007,147
TTGCAGGAGGAACCAGCCAG_008,40
TTGCAGGAGGAACCAGCCAG_009,89
TTGCAGGAGGAACCAGCCAG_010,193
TTGCAGGAGGAACCAGCCAG_011,158
TTGCAGGAGGAACCAGCCAG_012,70
TTGCAGGAGGAACCAGCCAG_013,166
TTGCAGGAGGAACCAGCCAG_014,142
TTGCAGGAGGAACCAGCCAG_015,108
GTCCACGGGCACGTCGAACG_001,54
GTCCACGGGCACGTCGAACG_002,79
GTCCACGGGCACGTCGAACG_003,196
GTCCACGGGCACGTCGAACG_004,107
GTCCACGGGCACGTCGAACG_005,150
GTCCACGGGCACGTCGAACG_006,188
GTCCACGGGCACGTCGAACG_007,70
GTCCACGGGCACGTCGAACG_008,131
TACTACAGAAACTACAATGG_001,101
AAGCCTGTGCGACGACTACG_001,189
AAGCCTGTGCGACGACTACG_002,13
AAGCCTGTGCGACGACTACG_003,2
AAGCCTGTGCGACGACTACG_004,59
AAGCCTGTGCGACGACTACG_005,47
AAGCCTGTGCGACGACTACG_006,12
AAGCCTGTGCGACGACTACG_007,133
AAGCCTGTGCGACGACTACG_008,154
AAGCCTGTGCGACGACTACG_009,152
AAGCCTGTGCGACGACTACG_010,115
AAGCCTGTGCGACGACTACG_011,115
AAGCCTGTGCGACGACTACG_012,49
AAGCCTGTGCGACGACTACG_013,71
AAGCCTGTGCGACGACTACG_014,2
AAGCCTGTGCGACGACTACG_015,113
AAGCCTGTGCGACGACTACG_016,145
AAGCCTGTGCGACGACTACG_017,75
AAGCCTGTGCGACGACTACG_018,9
AAGCCTGTGCGACGACTACG_019,131
AAGCCTGTGCGACGACTACG_020,119
AAGCCTGTGCGACGACTACG_021,80
AAGCCTGTGCGACGACTACG_022,34
AAGCCTGTGCGACGACTACG_023,146
AAGCCTGTGCGACGACTACG_024,72
AAGCCTGTGCGACGACTACG_025,72
AAGCCTGTGCGACGACTACG_026,160
AAGCCTGTGCGACGACTACG_027,62
AAGCCTGTGCGACGACTACG_028,38
AAGCCTGTGCGACGACTACG_029,189
AAGCCTGTGCGACGACTACG_030,128
AAGCCTGTGCGACGACTACG_031,149
AAGCCTGTGCGACGACTACG_032,168
AAGCCTGTGCGACGACTACG_033,140
AAGCCTGTGCGACGACTACG_034,158
AAGCCTGTGCGACGACTACG_035,18
AAGCCTGTGCGACGACTACG_036,180
AAGCCTGTGCGACGACTACG_037,138
AAGCCTGTGCGACGACTACG_038,191
AAGCCTGTGCGACGACTACG_039,118
CGTAGGCCAGCCCGACGTCG_001,105
CGTAGGCCAGCCCGACGTCG_002,60
CGTAGGCCAGCCCGACGTCG_003,128
CGTAGGCCAGCCCGACGTCG_004,170
CGTAGGCCAGCCCGACGTCG_005,82
CGTAGGCCAGCCCGACGTCG_006,65
CGTAGGCCAGCCCGACGTCG_007,98
CGTAGGCCAGCCCGACGTCG_008,149
CGTAGGCCAGCCCGACGTCG_009,78
CGTAGGCCAGCCCGACGTCG_010,116
CGTAGGCCAGCCCGACGTCG_011,192
CGTAGGCCAGCCCGACGTCG_012,88
CGTAGGCCAGCCCGACGTCG_013,188
CGTAGGCCAGCCCGACGTCG_014,97
CGTAGGCCAGCCCGACGTCG_015,121
CGTAGGCCAGCCCGACGTCG_016,78
CGTAGGCCAGCCCGACGTCG_017,75
CGTAGGCCAGCCCGACGTCG_018,60
CGTAGGCCAGCCCGACGTCG_019,15
CGTAGGCCAGCCCGACGTCG_020,99
CGTAGGCCAGCCCGACGTCG_021,177
CGTAGGCCAGCCCGACGTCG_022,78
CGTAGGCCAGCCCGACGTCG_023,106
CGTAGGCCAGCCCGACGTCG_024,185
CGTAGGCCAGCCCGACGTCG_025,50
CGTAGGCCAGCCCGACGTCG_026,188
CGTAGGCCAGCCCGACGTCG_027,103
CGTAGGCCAGCCCGACGTCG_028,6
CGTAGGCCAGCCCGACGTCG_029,56
CGTAGGCCAGCCCGACGTCG_030,46
CGTAGGCCAGCCCGACGTCG_031,1
CGTAGGCCAGCCCGACGTCG_032,106
CGTAGGCCAGCCCGACGTCG_033,106
AGGATATTCCTCGCTGAGAG_001,74
AGGATATTCCTCGCTGAGAG_002,177
AGGATATTCCTCGCTGAGAG_003,96
AGGATATTCCTCGCTGAGAG_004,196
TTCATACCTCAAGCGGACAT_001,177
TTCATACCTCAAGCGGACAT_002,139
TTCATACCTCAAGCGGACAT_003,166
TTCATACCTCAAGCGGACAT_004,155
TTCATACCTCAAGCGGACAT_005,32
TTCATACCTCAAGCGGACAT_006,16
GTACTCGTCGATGATCTCTG_001,190
GTACTCGTCGATGATCTCTG_002,8
GTACTCGTCGATGATCTCTG_003,8
GTACTCGTCGATGATCTCTG_004,98
GTACTCGTCGATGATCTCTG_005,62
GTACTCGTCGATGATCTCTG_006,164
GAGGAAACGCAAGATGTACG_001,181
GAGGAAACGCAAGATGTACG_002,94
GAGGAAACGCAAGATGTACG_003,146
GAGGAAACGCAAGATGTACG_004,120
GAGGAAACGCAAGATGTACG_005,159
GAGGAAACGCAAGATGTACG_006,88
GAGGAAACGCAAGATGTACG_007,24
GAGGAAACGCAAGATGTACG_008,23
GAGGAAACGCAAGATGTACG_009,187
GAGGAAACGCAAGATGTACG_010,46
GAGGAAACGCAAGATGTACG_011,138
GAGGAAACGCAAGATGTACG_012,19
ATTGCTCAAATAATGGAGCA_001,114
ATTGCTCAAATAATGGAGCA_002,197
CCTCTCCACCATCGTGACTG_001,198
CCTCTCCACCATCGTGACTG_002,127
CCTCTCCACCATCGTGACTG_003,94
CCTCTCCACCATCGTGACTG_004,48
CCTCTCCACCATCGTGACTG_005,36
CCTCTCCACCATCGTGACTG_006,70
CCTCTCCACCATCGTGACTG_007,192
CCTCTCCACCATCGTGACTG_008,39
CCTCTCCACCATCGTGACTG_009,91
CCTCTCCACCATCGTGACTG_010,148
AAGCAAAGTGCGCTCCAGTG_001,127
AAGCAAAGTGCGCTCCAGTG_002,156
AAGCAAAGTGCGCTCCAGTG_003,104
AAGCAAAGTGCGCTCCAGTG_004,19
AAGCAAACGGATCGTGCAAG_001,42
AAGCAAACGGATCGTGCAAG_002,194
AAGCAAACGGATCGTGCAAG_003,176
GGATGCCGTTTGTGCCAAAG_001,166
GGATGCCGTTTGTGCCAAAG_002,188
GGATGCCGTTTGTGCCAAAG_003,184
AATCTATGAAGAGAGACCTG_001,184
AATCTATGAAGAGAGACCTG_002,189
AATCTATGAAGAGAGACCTG_003,119
AATCTATGAAGAGAGACCTG_004,37
AATCTATGAAGAGAGACCTG_005,117
AATCTATGAAGAGAGACCTG_006,36
AATCTATGAAGAGAGACCTG_007,52
AATCTATGAAGAGAGACCTG_008,57
AATCTATGAAGAGAGACCTG_009,191
AATCTATGAAGAGAGACCTG_010,77
AATCTATGAAGAGAGACCTG_011,152
CCATACGAGCCCCTTCCCGA_001,178
CCATACGAGCCCCTTCCCGA_002,6
CCATACGAGCCCCTTCCCGA_003,58
CCATACGAGCCCCTTCCCGA_004,110
CCATACGAGCCCCTTCCCGA_005,82
CCATACGAGCCCCTTCCCGA_006,102
CCATACGAGCCCCTTCCCGA_007,144
CCATACGAGCCCCTTCCCGA_008,8
CCATACGAGCCCCTTCCCGA_009,47
CCATACGAGCCCCTTCCCGA_010,83
CCATACGAGCCCCTTCCCGA_011,160
CCATACGAGCCCCTTCCCGA_012,34
CCATACGAGCCCCTTCCCGA_013,72
CCATACGAGCCCCTTCCCGA_014,88
CCATACGAGCCCCTTCCCGA_015,60
CCATACGAGCCCCTTCCCGA_016,164
CCATACGAGCCCCTTCCCGA_017,164
CCATACGAGCCCCTTCCCGA_018,36
CCATACGAGCCCCTTCCCGA_019,5
CCATACGAGCCCCTTCCCGA_020,34
CCATACGAGCCCCTTCCCGA_021,15
CCATACGAGCCCCTTCCCGA_022,106
CCATACGAGCCCCTTCCCGA_023,70
CCATACGAGCCCCTTCCCGA_024,140
CCATACGAGCCCCTTCCCGA_025,120
CCATACGAGCCCCTTCCCGA_026,17
CCATACGAGCCCCTTCCCGA_027,65
CCATACGAGCCCCTTCCCGA_028,126
CCATACGAGCCCCTTCCCGA_029,115
CCATACGAGCCCCTTCCCGA_030,81
CCATACGAGCCCCTTCCCGA_031,91
CCATACGAGCCCCTTCCCGA_032,170
CCATACGAGCCCCTTCCCGA_033,86
CCATACGAGCCCCTTCCCGA_034,169
CCATACGAGCCCCTTCCCGA_035,190
CCATACGAGCCCCTTCCCGA_036,116
CCATACGAGCCCCTTCCCGA_037,43
CCATACGAGCCCCTTCCCGA_038,184
CCATACGAGCCCCTTCCCGA_039,16
CCATACGAGCCCCTTCCCGA_040,113
CCATACGAGCCCCTTCCCGA_041,191
CCATACGAGCCCCTTCCCGA_042,89
CCATACGAGCCCCTTCCCGA_043,185
CCATACGAGCCCCTTCCCGA_044,190
CCATACGAGCCCCTTCCCGA_045,158
CCATACGAGCCCCTTCCCGA_046,174
CCATACGAGCCCCTTCCCGA_047,118
CCATACGAGCCCCTTCCCGA_048,35
CCATACGAGCCCCTTCCCGA_049,2
CCATACGAGCCCCTTCCCGA_050,27
CCATACGAGCCCCTTCCCGA_051,15
CCATACGAGCCCCTTCCCGA_052,131
CCATACGAGCCCCTTCCCGA_053,126
CCATACGAGCCCCTTCCCGA_054,175
CCATACGAGCCCCTTCCCGA_055,64
TCATCTGGGACATCCTTACG_001,150
CCTTGAATTCAGGACTATAG_001,175
CCTTGAATTCAGGACTATAG_002,36
CCTTGAATTCAGGACTATAG_003,20
CCTTGAATTCAGGACTATAG_004,56
CCTTGAATTCAGGACTATAG_005,160
CCTTGAATTCAGGACTATAG_006,4
TGTCCAAGGATGGCGTACAC_001,68
TGTCCAAGGATGGCGTACAC_002,49
TGTCCAAGGATGGCGTACAC_003,182
TGTCCAAGGATGGCGTACAC_004,152
TGTCCAAGGATGGCGTACAC_005,65
TGTCCAAGGATGGCGTACAC_006,78
TGTCCAAGGATGGCGTACAC_007,42
TGTCCAAGGATGGCGTACAC_008,118
TGTCCAAGGATGGCGTACAC_009,160
TGTCCAAGGATGGCGTACAC_010,130
TGTCCAAGGATGGCGTACAC_011,159
TGTCCAAGGATGGCGTACAC_012,129
TGTCCAAGGATGGCGTACAC_013,150
TGTCCAAGGATGGCGTACAC_014,104
TGTCCAAGGATGGCGTACAC_015,149
TGTCCAAGGATGGCGTACAC_016,144
TGTCCAAGGATGGCGTACAC_017,35
TGTCCAAGGATGGCGTACAC_018,136
TGTCCAAGGATGGCGTACAC_019,180
TGTCCAAGGATGGCGTACAC_020,136
TGTCCAAGGATGGCGTACAC_021,28
GGTGACAGGCCTGATGACCA_001,144
GGTGACAGGCCTGATGACCA_002,150
GGTGACAGGCCTGATGACCA_003,138
GGTGACAGGCCTGATGACCA_004,1
GGTGACAGGCCTGATGACCA_005,15
GGTGACAGGCCTGATGACCA_006,179
GGTGACAGGCCTGATGACCA_007,106
GGTGACAGGCCTGATGACCA_008,138
GGTGACAGGCCTGATGACCA_009,21
GGTGACAGGCCTGATGACCA_010,88
GGTGACAGGCCTGATGACCA_011,94
GGTGACAGGCCTGATGACCA_012,188
GGTGACAGGCCTGATGACCA_013,137
GGTGACAGGCCTGATGACCA_014,94
GGTGACAGGCCTGATGACCA_015,94
TGAGCTAACAGAGCTAATCA_001,41
TGAGCTAACAGAGCTAATCA_002,41
TGAGCTAACAGAGCTAATCA_003,112
TGAGCTAACAGAGCTAATCA_004,29
TGAGCTAACAGAGCTAATCA_005,11
TGAGCTAACAGAGCTAATCA_006,50
TGAGCTAACAGAGCTAATCA_007,23
TGAGCTAACAGAGCTAATCA_008,52
TGAGCTAACAGAGCTAATCA_009,70
TGAGCTAACAGAGCTAATCA_010,135
TGGCGCTGATCACCCAGCAA_001,46
TGGCGCTGATCACCCAGCAA_002,58
GCGTACCAGTACGACGACGA_001,8
GCGTACCAGTACGACGACGA_002,162
GCGTACCAGTACGACGACGA_003,140
GCGTACCAGTACGACGACGA_004,137
GCGTACCAGTACGACGACGA_005,0
GCGTACCAGTACGACGACGA_006,129
GCGTACCAGTACGACGACGA_007,144
GTTTGTATCACAAAGAGACA_001,29
GTTTGTATCACAAAGAGACA_002,82
AGCCTTGTAATCCTCCCCCG_001,32
AGCCTTGTAATCCTCCCCCG_002,141
AGCCTTGTAATCCTCCCCCG_003,68
AGCCTTGTAATCCTCCCCCG_004,122
AGCCTTGTAATCCTCCCCCG_005,86
AGCCTTGTAATCCTCCCCCG_006,79
AGCCTTGTAATCCTCCCCCG_007,189
AGCCTTGTAATCCTCCCCCG_008,138
CCAATGATGCCTTATGGCAC_001,123
CCAATGATGCCTTATGGCAC_002,124
TAGGAGAATTTAAACGACGC_001,163
TAGGAGAATTTAAACGACGC_002,135
TAGGAGAATTTAAACGACGC_003,119
TAGGAGAATTTAAACGACGC_004,153
TAGGAGAATTTAAACGACGC_005,12
TAGGAGAATTTAAACGACGC_006,182
CGGCCTCGGCACACACGTTG_001,168
CGGCCTCGGCACACACGTTG_002,84
CGGCCTCGGCACACACGTTG_003,58
CGGCCTCGGCACACACGTTG_004,116
CGGCCTCGGCACACACGTTG_005,158
CGGCCTCGGCACACACGTTG_006,8
CGGCCTCGGCACACACGTTG_007,138
CGGCCTCGGCACACACGTTG_008,148
CGGCCTCGGCACACACGTTG_009,96
CGGCCTCGGCACACACGTTG_010,83
CGGCCTCGGCACACACGTTG_011,9
CGGCCTCGGCACACACGTTG_012,188
CGGCCTCGGCACACACGTTG_013,112
CGGCCTCGGCACACACGTTG_014,158
CGGCCTCGGCACACACGTTG_015,153
CGGCCTCGGCACACACGTTG_016,141
ATACAGAGTCCTCTGAGCAG_001,65
ATACAGAGTCCTCTGAGCAG_002,15
ATACAGAGTCCTCTGAGCAG_003,137
ATACAGAGTCCTCTGAGCAG_004,93
ATACAGAGTCCTCTGAGCAG_005,50
ATACAGAGTCCTCTGAGCAG_006,49
ATACAGAGTCCTCTGAGCAG_007,63
CTTGTGTTGAGACTTCGTGG_001,176
CTTGTGTTGAGACTTCGTGG_002,176
ACTTCTTATGACTTCTGGAG_001,162
ACTTCTTATGACTTCTGGAG_002,148
ACTTCTTATGACTTCTGGAG_003,100
ACTTCTTATGACTTCTGGAG_004,185
ACTTCTTATGACTTCTGGAG_005,136
CGGGAACACAGCTGTTCACG_001,38
CGGGAACACAGCTGTTCACG_002,0
AAGGTGTGCCCTGCACACAA_001,78
AAGGTGTGCCCTGCACACAA_002,146
AAGGTGTGCCCTGCACACAA_003,60
AAGGTGTGCCCTGCACACAA_004,67
AAGGTGTGCCCTGCACACAA_005,37
AAGGTGTGCCCTGCACACAA_006,16
AAGGTGTGCCCTGCACACAA_007,16
AAGGTGTGCCCTGCACACAA_008,13
AAGGTGTGCCCTGCACACAA_009,199
AAGGTGTGCCCTGCACACAA_010,41
AAGGTGTGCCCTGCACACAA_011,145
AAGGTGTGCCCTGCACACAA_012,174
AAGGTGTGCCCTGCACACAA_013,174
AAGGTGTGCCCTGCACACAA_014,191
AAGGTGTGCCCTGCACACAA_015,174
AAGGTGTGCCCTGCACACAA_016,118
AAGGTGTGCCCTGCACACAA_017,42
AAGGTGTGCCCTGCACACAA_018,180
AAGGTGTGCCCTGCACACAA_019,140
AAGGTGTGCCCTGCACACAA_020,82
AAGGTGTGCCCTGCACACAA_021,177
AAGGTGTGCCCTGCACACAA_022,19
GCATATTAAAGATCGCATAG_001,8
GACTACCCTGAGATCGCCGA_001,48
GACTACCCTGAGATCGCCGA_002,137
GACTACCCTGAGATCGCCGA_003,7
GACTACCCTGAGATCGCCGA_004,2
GACTACCCTGAGATCGCCGA_005,82
GACTACCCTGAGATCGCCGA_006,70
AAACGCCGGCTCAACTTCAG_001,118
AAACGCCGGCTCAACTTCAG_002,166
AAACGCCGGCTCAACTTCAG_003,139
AAACGCCGGCTCAACTTCAG_004,65
AAACGCCGGCTCAACTTCAG_005,179
AAACGCCGGCTCAACTTCAG_006,138
AAACGCCGGCTCAACTTCAG_007,34
AAACGCCGGCTCAACTTCAG_008,51
AAACGCCGGCTCAACTTCAG_009,198
AAACGCCGGCTCAACTTCAG_010,188
AAACGCCGGCTCAACTTCAG_011,125
AAACGCCGGCTCAACTTCAG_012,161
AAACGCCGGCTCAACTTCAG_013,178
AAACGCCGGCTCAACTTCAG_014,199
AAACGCCGGCTCAACTTCAG_015,169
AAACGCCGGCTCAACTTCAG_016,184
AAACGCCGGCTCAACTTCAG_017,116
AAACGCCGGCTCAACTTCAG_018,160
AAACGCCGGCTCAACTTCAG_019,130
AAACGCCGGCTCAACTTCAG_020,169
AAACGCCGGCTCAACTTCAG_021,145
AAACGCCGGCTCAACTTCAG_022,84
AAACGCCGGCTCAACTTCAG_023,160
AAACGCCGGCTCAACTTCAG_024,77
AAACGCCGGCTCAACTTCAG_025,82
AAACGCCGGCTCAACTTCAG_026,197
AAACGCCGGCTCAACTTCAG_027,190
AAACGCCGGCTCAACTTCAG_028,193
AAACGCCGGCTCAACTTCAG_029,138
AAACGCCGGCTCAACTTCAG_030,65
AAACGCCGGCTCAACTTCAG_031,41
AAACGCCGGCTCAACTTCAG_032,95
AAACGCCGGCTCAACTTCAG_033,5
AAACGCCGGCTCAACTTCAG_034,188
AAACGCCGGCTCAACTTCAG_035,81
AAACGCCGGCTCAACTTCAG_036,148
AAACGCCGGCTCAACTTCAG_037,66
AAACGCCGGCTCAACTTCAG_038,44
AAACGCCGGCTCAACTTCAG_039,105
AAACGCCGGCTCAACTTCAG_040,155
AAACGCCGGCTCAACTTCAG_041,19
AAACGCCGGCTCAACTTCAG_042,52
AAACGCCGGCTCAACTTCAG_043,169
GGAACTTTGATTGTGATACG_001,100
GGAACTTTGATTGTGATACG_002,105
GGAACTTTGATTGTGATACG_003,145
GGAACTTTGATTGTGATACG_004,103
TTCCACTGATCGATTCGCAA_001,35
TTCCACTGATCGATTCGCAA_002,116
TTCCACTGATCGATTCGCAA_003,180
TTCCACTGATCGATTCGCAA_004,152
TTCCACTGATCGATTCGCAA_005,7
TTCCACTGATCGATTCGCAA_006,132
TTCCACTGATCGATTCGCAA_007,81
TTCCACTGATCGATTCGCAA_008,15
TTCCACTGATCGATTCGCAA_009,77
TTCCACTGATCGATTCGCAA_010,77
TTCCACTGATCGATTCGCAA_011,126
TTCCACTGATCGATTCGCAA_012,27
TTCCACTGATCGATTCGCAA_013,52
TGTGTGTATAAGAGGAGCCG_001,53
TGTGTGTATAAGAGGAGCCG_002,23
TGTGTGTATAAGAGGAGCCG_003,125
TGTGTGTATAAGAGGAGCCG_004,127
TGTGTGTATAAGAGGAGCCG_005,11
TGTGTGTATAAGAGGAGCCG_006,106
TGTGTGTATAAGAGGAGCCG_007,14
TGTGTGTATAAGAGGAGCCG_008,160
TTCTACCGGGACAACAAGCA_001,182
TTCTACCGGGACAACAAGCA_002,77
TTCTACCGGGACAACAAGCA_003,57
TTCTACCGGGACAACAAGCA_004,160
TTCTACCGGGACAACAAGCA_005,70
TTCTACCGGGACAACAAGCA_006,101
TTCTACCGGGACAACAAGCA_007,10
TTCTACCGGGACAACAAGCA_008,172
TTCTACCGGGACAACAAGCA_009,110
TTCTACCGGGACAACAAGCA_010,141
TTCTACCGGGACAACAAGCA_011,49
TTCTACCGGGACAACAAGCA_012,41
TTCTACCGGGACAACAAGCA_013,56
TTCTACCGGGACAACAAGCA_014,127
TTCTACCGGGACAACAAGCA_015,46
TTCTACCGGGACAACAAGCA_016,145
TTCTACCGGGACAACAAGCA_017,182
TTCTACCGGGACAACAAGCA_018,35
TTCTACCGGGACAACAAGCA_019,26
TTCTACCGGGACAACAAGCA_020,17
TTCTACCGGGACAACAAGCA_021,8
TTCTACCGGGACAACAAGCA_022,52
TTCTACCGGGACAACAAGCA_023,163
TCTTGGCCTTGAGCAGACGA_001,0
TCTTGGCCTTGAGCAGACGA_002,168
TCTTGGCCTTGAGCAGACGA_003,19
TCTTGGCCTTGAGCAGACGA_004,75
TCTTGGCCTTGAGCAGACGA_005,184
TCTTGGCCTTGAGCAGACGA_006,127
TCTTGGCCTTGAGCAGACGA_007,175
TCTTGGCCTTGAGCAGACGA_008,115
TCTTGGCCTTGAGCAGACGA_009,62
TCTTGGCCTTGAGCAGACGA_010,162
TCTTGGCCTTGAGCAGACGA_011,63
TCTTGGCCTTGAGCAGACGA_012,151
TCTTGGCCTTGAGCAGACGA_013,188
CAACGACGGGTTAGTCACCG_001,70
CAACGACGGGTTAGTCACCG_002,179
CAACGACGGGTTAGTCACCG_003,149
CAACGACGGGTTAGTCACCG_004,34
CAACGACGGGTTAGTCACCG_005,176
CAACGACGGGTTAGTCACCG_006,8
CAACGACGGGTTAGTCACCG_007,186
CAACGACGGGTTAGTCACCG_008,88
CAACGACGGGTTAGTCACCG_009,38
CAACGACGGGTTAGTCACCG_010,50
CAACGACGGGTTAGTCACCG_011,137
CAACGACGGGTTAGTCACCG_012,162
CAACGACGGGTTAGTCACCG_013,121
CAACGACGGGTTAGTCACCG_014,72
CAACGACGGGTTAGTCACCG_015,194
CAACGACGGGTTAGTCACCG_016,101
CAACGACGGGTTAGTCACCG_017,94
CAACGACGGGTTAGTCACCG_018,15
CAACGACGGGTTAGTCACCG_019,61
CAACGACGGGTTAGTCACCG_020,140
CAACGACGGGTTAGTCACCG_021,191
CAACGACGGGTTAGTCACCG_022,62
CAACGACGGGTTAGTCACCG_023,130
CAACGACGGGTTAGTCACCG_024,191
CAACGACGGGTTAGTCACCG_025,49
TTCCATCCGCAGGAGCTACA_001,20
TTCCATCCGCAGGAGCTACA_002,165
TTCCATCCGCAGGAGCTACA_003,82
TTCCATCCGCAGGAGCTACA_004,84
TTCCATCCGCAGGAGCTACA_005,179
TTCCATCCGCAGGAGCTACA_006,49
TTCCATCCGCAGGAGCTACA_007,38
TTCCATCCGCAGGAGCTACA_008,76
TCTTCCCCAGACACAGCAAG_001,137
TCTTCCCCAGACACAGCAAG_002,152
TCTTCCCCAGACACAGCAAG_003,130
TCTTCCCCAGACACAGCAAG_004,59
TCTTCCCCAGACACAGCAAG_005,63
TCTTCCCCAGACACAGCAAG_006,150
TCTTCCCCAGACACAGCAAG_007,69
TCTTCCCCAGACACAGCAAG_008,102
TCTTCCCCAGACACAGCAAG_009,10
TGTATAGGCAGGTAGACGTG_001,56
TGTATAGGCAGGTAGACGTG_002,82
TGTATAGGCAGGTAGACGTG_003,82
TGTATAGGCAGGTAGACGTG_004,81
TGTATAGGCAGGTAGACGTG_005,80
TGTATAGGCAGGTAGACGTG_006,6
GGAGTCCCGACAAACCCTCG_001,191
GGAGTCCCGACAAACCCTCG_002,150
GGAGTCCCGACAAACCCTCG_003,21
GGAGTCCCGACAAACCCTCG_004,194
GGAGTCCCGACAAACCCTCG_005,12
GGAGTCCCGACAAACCCTCG_006,23
GGAGTCCCGACAAACCCTCG_007,21
GGAGTCCCGACAAACCCTCG_008,98
GGAGTCCCGACAAACCCTCG_009,61
GGAGTCCCGACAAACCCTCG_010,81
GGAGTCCCGACAAACCCTCG_011,2
GGAGTCCCGACAAACCCTCG_012,81
GGAGTCCCGACAAACCCTCG_013,104
GGAGTCCCGACAAACCCTCG_014,150
GGAGTCCCGACAAACCCTCG_015,151
GGAGTCCCGACAAACCCTCG_016,55
GGAGTCCCGACAAACCCTCG_017,105
GGAGTCCCGACAAACCCTCG_018,42
GGAGTCCCGACAAACCCTCG_019,169
GGAGTCCCGACAAACCCTCG_020,40
GGAGTCCCGACAAACCCTCG_021,34
GGAGTCCCGACAAACCCTCG_022,136
GGAGTCCCGACAAACCCTCG_023,183
GGAGTCCCGACAAACCCTCG_024,69
GGAGTCCCGACAAACCCTCG_025,121
GGAGTCCCGACAAACCCTCG_026,28
GGAGTCCCGACAAACCCTCG_027,67
TCCAAGGTTTCTCTTGTGAG_001,55
CGGAATCGCTATCGCCGGCG_001,27
CGGAATCGCTATCGCCGGCG_002,61
CGGAATCGCTATCGCCGGCG_003,21
CGGAATCGCTATCGCCGGCG_004,55
CGGAATCGCTATCGCCGGCG_005,124
CGGAATCGCTATCGCCGGCG_006,168
GTCCAGAACGACCTCCAATG_001,27
GTCCAGAACGACCTCCAATG_002,130
GTCCAGAACGACCTCCAATG_003,199
GTCCAGAACGACCTCCAATG_004,176
GTCCAGAACGACCTCCAATG_005,113
GTCCAGAACGACCTCCAATG_006,121
GTCCAGAACGACCTCCAATG_007,58
GTCCAGAACGACCTCCAATG_008,108
GTCCAGAACGACCTCCAATG_009,16
GTCCAGAACGACCTCCAATG_010,67
GTCCAGAACGACCTCCAATG_011,162
GTCCAGAACGACCTCCAATG_012,149
GTCCAGAACGACCTCCAATG_013,127
GTCCAGAACGACCTCCAATG_014,57
GTCCAGAACGACCTCCAATG_015,12
GTCCAGAACGACCTCCAATG_016,15
GTCCAGAACGACCTCCAATG_017,66
GTCCAGAACGACCTCCAATG_018,3
GTCCAGAACGACCTCCAATG_019,50
CCCCATTGGAGAAACCTGGT_001,59
CCCCATTGGAGAAACCTGGT_002,98
AGATCAACTCAGATGCACAA_001,198
AGATCAACTCAGATGCACAA_002,194
AGATCAACTCAGATGCACAA_003,157
AGATCAACTCAGATGCACAA_004,183
AGATCAACTCAGATGCACAA_005,126
AGATCAACTCAGATGCACAA_006,82
AGATCAACTCAGATGCACAA_007,137
AGATCAACTCAGATGCACAA_008,170
AGATCAACTCAGATGCACAA_009,48
AGATCAACTCAGATGCACAA_010,105
AGATCAACTCAGATGCACAA_011,6
AGATCAACTCAGATGCACAA_012,85
AGATCAACTCAGATGCACAA_013,114
AGATCAACTCAGATGCACAA_014,33
AGATCAACTCAGATGCACAA_015,45
AGATCAACTCAGATGCACAA_016,50
AGATCAACTCAGATGCACAA_017,117
AGATCAACTCAGATGCACAA_018,19
AGATCAACTCAGATGCACAA_019,97
AGATCAACTCAGATGCACAA_020,191
AGATCAACTCAGATGCACAA_021,63
AGATCAACTCAGATGCACAA_022,19
AGATCAACTCAGATGCACAA_023,19
AGATCAACTCAGATGCACAA_024,105
AGATCAACTCAGATGCACAA_025,149
AGATCAACTCAGATGCACAA_026,175
AGATCAACTCAGATGCACAA_027,138
GAAGTGCTCATGTACAAAGA_001,55
GAAGTGCTCATGTACAAAGA_002,122
GAAGTGCTCATGTACAAAGA_003,25
GAAGTGCTCATGTACAAAGA_004,25
GAAGTGCTCATGTACAAAGA_005,77
GAAGTGCTCATGTACAAAGA_006,28
GAAGTGCTCATGTACAAAGA_007,129
GAAGTGCTCATGTACAAAGA_008,127
GTTTGACGGGTCACAACCAG_001,136
GTTTGACGGGTCACAACCAG_002,172
GTTTGACGGGTCACAACCAG_003,30
GTTTGACGGGTCACAACCAG_004,41
GTTTGACGGGTCACAACCAG_005,49
GTTTGACGGGTCACAACCAG_006,184
GTTTGACGGGTCACAACCAG_007,81
GTTTGACGGGTCACAACCAG_008,13
GTTTGACGGGTCACAACCAG_009,146
GTTTGACGGGTCACAACCAG_010,25
GTTTGACGGGTCACAACCAG_011,151
CTGCGATCATCTCGTACAGG_001,29
CTTTGCTGTATACTTTCAGA_001,163
CAGCAAATGCTTCCCAGCAG_001,102
CAGCAAATGCTTCCCAGCAG_002,126
ACTTGCTGTATGTTGTGGAT_001,149
TAAAGTGTGAGTGTCTGTGC_001,169
TAAAGTGTGAGTGTCTGTGC_002,105
TAAAGTGTGAGTGTCTGTGC_003,70
TAAAGTGTGAGTGTCTGTGC_004,185
TAAAGTGTGAGTGTCTGTGC_005,11
TAAAGTGTGAGTGTCTGTGC_006,185
TAAAGTGTGAGTGTCTGTGC_007,55
TAAAGTGTGAGTGTCTGTGC_008,94
TAAAGTGTGAGTGTCTGTGC_009,48
TAAAGTGTGAGTGTCTGTGC_010,40
TAAAGTGTGAGTGTCTGTGC_011,135
TAAAGTGTGAGTGTCTGTGC_012,115
TAAAGTGTGAGTGTCTGTGC_013,36
TAAAGTGTGAGTGTCTGTGC_014,13
ATGAACCATGTAATCCGGCA_001,105
ATGAACCATGTAATCCGGCA_002,60
ATGAACCATGTAATCCGGCA_003,20
ATGAACCATGTAATCCGGCA_004,72
ATGAACCATGTAATCCGGCA_005,84
ATGAACCATGTAATCCGGCA_006,153
ATGAACCATGTAATCCGGCA_007,41
ATGAACCATGTAATCCGGCA_008,47
ATGAACCATGTAATCCGGCA_009,195
ATGAACCATGTAATCCGGCA_010,12
ATGAACCATGTAATCCGGCA_011,128
ATTCGACATCAGTTTCATCG_001,40
ATTCGACATCAGTTTCATCG_002,86
ATTCGACATCAGTTTCATCG_003,113
ATTCGACATCAGTTTCATCG_004,41
ATTCGACATCAGTTTCATCG_005,130
ATTCGACATCAGTTTCATCG_006,90
ATTCGACATCAGTTTCATCG_007,47
CGGGACACGCATCCCCAGCG_001,115
CGGGACACGCATCCCCAGCG_002,80
CGGGACACGCATCCCCAGCG_003,32
CGGGACACGCATCCCCAGCG_004,150
CGGGACACGCATCCCCAGCG_005,193
CGGGACACGCATCCCCAGCG_006,1
CGGGACACGCATCCCCAGCG_007,48
CGGGACACGCATCCCCAGCG_008,148
CGGGACACGCATCCCCAGCG_009,70
CGGGACACGCATCCCCAGCG_010,29
CGGGACACGCATCCCCAGCG_011,158
CGGGACACGCATCCCCAGCG_012,150
CGGGACACGCATCCCCAGCG_013,197
CGGGACACGCATCCCCAGCG_014,165
CGGGACACGCATCCCCAGCG_015,144
CGGGACACGCATCCCCAGCG_016,47
AGCAGCTTGCGCACGTCCAG_001,175
AGCAGCTTGCGCACGTCCAG_002,0
AGCAGCTTGCGCACGTCCAG_003,73
AGCAGCTTGCGCACGTCCAG_004,44
AGCAGCTTGCGCACGTCCAG_005,172
AGCAGCTTGCGCACGTCCAG_006,184
AGCAGCTTGCGCACGTCCAG_007,9
AGCAGCTTGCGCACGTCCAG_008,168
AGCAGCTTGCGCACGTCCAG_009,16
AGCAGCTTGCGCACGTCCAG_010,83
AGCAGCTTGCGCACGTCCAG_011,77
CCTGACCTGAAAGTAGACCT_001,167
CCTGACCTGAAAGTAGACCT_002,50
CCTGACCTGAAAGTAGACCT_003,171
CCTGACCTGAAAGTAGACCT_004,17
CCTGACCTGAAAGTAGACCT_005,116
CCTGACCTGAAAGTAGACCT_006,44
CCTGACCTGAAAGTAGACCT_007,98
CCTGACCTGAAAGTAGACCT_008,60
CCTGACCTGAAAGTAGACCT_009,156
CCTGACCTGAAAGTAGACCT_010,155
CCTGACCTGAAAGTAGACCT_011,74
CCTGACCTGAAAGTAGACCT_012,145
CCTGACCTGAAAGTAGACCT_013,61
CCTGACCTGAAAGTAGACCT_014,145
CCTGACCTGAAAGTAGACCT_015,41
CCTGACCTGAAAGTAGACCT_016,19
CCTGACCTGAAAGTAGACCT_017,150
CCTGACCTGAAAGTAGACCT_018,160
CCTGACCTGAAAGTAGACCT_019,171
CCTGACCTGAAAGTAGACCT_020,20
CCTGACCTGAAAGTAGACCT_021,42
CCTGACCTGAAAGTAGACCT_022,5
CTGTAGAAGTGATAGATAGG_001,69
CTGTAGAAGTGATAGATAGG_002,36
CTGTAGAAGTGATAGATAGG_003,128
ACTTTGTTTGAAAGTCCGAA_001,48
ACTTTGTTTGAAAGTCCGAA_002,1
ACTTTGTTTGAAAGTCCGAA_003,89
ACTTTGTTTGAAAGTCCGAA_004,0
ACTTTGTTTGAAAGTCCGAA_005,43
ACTTTGTTTGAAAGTCCGAA_006,136
ACTTTGTTTGAAAGTCCGAA_007,114
ACTTTGTTTGAAAGTCCGAA_008,29
TAAAAGGAGGAAGCTCACGG_001,94
TAAAAGGAGGAAGCTCACGG_002,27
TAAAAGGAGGAAGCTCACGG_003,140
TAAAAGGAGGAAGCTCACGG_004,68
TAAAAGGAGGAAGCTCACGG_005,68
TAAAAGGAGGAAGCTCACGG_006,120
TAAAAGGAGGAAGCTCACGG_007,36
TAAAAGGAGGAAGCTCACGG_008,196
TAAAAGGAGGAAGCTCACGG_009,139
TAAAAGGAGGAAGCTCACGG_010,48
TAAAAGGAGGAAGCTCACGG_011,91
TAAAAGGAGGAAGCTCACGG_012,197
TAAAAGGAGGAAGCTCACGG_013,150
TAAAAGGAGGAAGCTCACGG_014,156
TAAAAGGAGGAAGCTCACGG_015,174
TAAAAGGAGGAAGCTCACGG_016,115
TAGACTTGCCCACATCAGTG_001,23
TAGACTTGCCCACATCAGTG_002,170
TAGACTTGCCCACATCAGTG_003,195
TAGACTTGCCCACATCAGTG_004,3
TAGACTTGCCCACATCAGTG_005,3
TAGACTTGCCCACATCAGTG_006,168
ATAGAAGGCGGCGCCGATCA_001,32
ATAGAAGGCGGCGCCGATCA_002,175
ATAGAAGGCGGCGCCGATCA_003,35
ATAGAAGGCGGCGCCGATCA_004,0
ATAGAAGGCGGCGCCGATCA_005,112
ATAGAAGGCGGCGCCGATCA_006,115
ATAGAAGGCGGCGCCGATCA_007,98
ATAGAAGGCGGCGCCGATCA_008,75
TATTGTCCCAGGATCCAACG_001,77
TATTGTCCCAGGATCCAACG_002,153
AGCACACGTACGCCCCGCTG_001,160
AGCACACGTACGCCCCGCTG_002,175
AGCACACGTACGCCCCGCTG_003,68
AGCACACGTACGCCCCGCTG_004,83
AGCACACGTACGCCCCGCTG_005,38
AGCACACGTACGCCCCGCTG_006,50
GGGCTTCCCAGCTTGTCGTG_001,70
GGGCTTCCCAGCTTGTCGTG_002,62
GGGCTTCCCAGCTTGTCGTG_003,81
GGGCTTCCCAGCTTGTCGTG_004,188
GGGCTTCCCAGCTTGTCGTG_005,34
GGGCTTCCCAGCTTGTCGTG_006,2
GGGCTTCCCAGCTTGTCGTG_007,140
GGGCTTCCCAGCTTGTCGTG_008,49
GGGCTTCCCAGCTTGTCGTG_009,15
GGGCTTCCCAGCTTGTCGTG_010,165
GGGCTTCCCAGCTTGTCGTG_011,156
GGGCTTCCCAGCTTGTCGTG_012,145
GGGCTTCCCAGCTTGTCGTG_013,153
GGGCTTCCCAGCTTGTCGTG_014,19
GGGCTTCCCAGCTTGTCGTG_015,149
GGGCTTCCCAGCTTGTCGTG_016,67
GGGCTTCCCAGCTTGTCGTG_017,69
GGGCTTCCCAGCTTGTCGTG_018,197
GGGCTTCCCAGCTTGTCGTG_019,137
GGGCTTCCCAGCTTGTCGTG_020,1
GGGCTTCCCAGCTTGTCGTG_021,62
GGGCTTCCCAGCTTGTCGTG_022,169
GGGCTTCCCAGCTTGTCGTG_023,191
GGGCTTCCCAGCTTGTCGTG_024,68
GGGCTTCCCAGCTTGTCGTG_025,112
GGGCTTCCCAGCTTGTCGTG_026,196
GGGCTTCCCAGCTTGTCGTG_027,106
GGGCTTCCCAGCTTGTCGTG_028,161
AGCCTCCATACACCTACTCA_001,61
AGCCTCCATACACCTACTCA_002,20
CAGGATGTTTCGCATTAAGA_001,25
CTGAAGCTGTTAGTACTCGG_001,87
CTGAAGCTGTTAGTACTCGG_002,101
CTGAAGCTGTTAGTACTCGG_003,193
CTGAAGCTGTTAGTACTCGG_004,122
CTGAAGCTGTTAGTACTCGG_005,7
CTGAAGCTGTTAGTACTCGG_006,53
CTGAAGCTGTTAGTACTCGG_007,69
CTGAAGCTGTTAGTACTCGG_008,44
CTGAAGCTGTTAGTACTCGG_009,26
CTGAAGCTGTTAGTACTCGG_010,22
CTGAAGCTGTTAGTACTCGG_011,148
CTGAAGCTGTTAGTACTCGG_012,25
CTGAAGCTGTTAGTACTCGG_013,86
CTGAAGCTGTTAGTACTCGG_014,104
CTGAAGCTGTTAGTACTCGG_015,160
GTAGCGGCCCAGGTACACGT_001,77
GTAGCGGCCCAGGTACACGT_002,137
GTAGCGGCCCAGGTACACGT_003,102
GTAGCGGCCCAGGTACACGT_004,181
GTAGCGGCCCAGGTACACGT_005,184
GTAGCGGCCCAGGTACACGT_006,1
GTAGCGGCCCAGGTACACGT_007,137
GTAGCGGCCCAGGTACACGT_008,196
GTAGCGGCCCAGGTACACGT_009,186
GTAGCGGCCCAGGTACACGT_010,150
GTAGCGGCCCAGGTACACGT_011,5
GTAGCGGCCCAGGTACACGT_012,5
GTAGCGGCCCAGGTACACGT_013,94
GTAGCGGCCCAGGTACACGT_014,27
GCTCAGTGAAGCCATGAGCG_001,15
GCTCAGTGAAGCCATGAGCG_002,92
GCTCAGTGAAGCCATGAGCG_003,148
GCTCAGTGAAGCCATGAGCG_004,115
GCTCAGTGAAGCCATGAGCG_005,2
GCTCAGTGAAGCCATGAGCG_006,150
GCTCAGTGAAGCCATGAGCG_007,153
GCTCAGTGAAGCCATGAGCG_008,168
GCTCAGTGAAGCCATGAGCG_009,1
GCTCAGTGAAGCCATGAGCG_010,146
GCTCAGTGAAGCCATGAGCG_011,62
GCTCAGTGAAGCCATGAGCG_012,30
GCTCAGTGAAGCCATGAGCG_013,145
GCTCAGTGAAGCCATGAGCG_014,130
GCTCAGTGAAGCCATGAGCG_015,77
GCTCAGTGAAGCCATGAGCG_016,10
AGGGTGTAATTTGCTCCACG_001,157
AGGGTGTAATTTGCTCCACG_002,144
AGGGTGTAATTTGCTCCACG_003,9
AGGGTGTAATTTGCTCCACG_004,118
AGGGTGTAATTTGCTCCACG_005,198
AGGGTGTAATTTGCTCCACG_006,43
AGGGTGTAATTTGCTCCACG_007,121
AGGGTGTAATTTGCTCCACG_008,158
AGGGTGTAATTTGCTCCACG_009,2
AGGGTGTAATTTGCTCCACG_010,140
AGGGTGTAATTTGCTCCACG_011,146
AGGGTGTAATTTGCTCCACG_012,175
AGGGTGTAATTTGCTCCACG_013,144
AGGGTGTAATTTGCTCCACG_014,56
CGCAAGGTGAAAAGACTGCG_001,105
CGCAAGGTGAAAAGACTGCG_002,48
CGCAAGGTGAAAAGACTGCG_003,57
CGCAAGGTGAAAAGACTGCG_004,127
CGCAAGGTGAAAAGACTGCG_005,110
CGCAAGGTGAAAAGACTGCG_006,196
CGCAAGGTGAAAAGACTGCG_007,80
CGCAAGGTGAAAAGACTGCG_008,52
CGCAAGGTGAAAAGACTGCG_009,40
CGCAAGGTGAAAAGACTGCG_010,157
CGCAAGGTGAAAAGACTGCG_011,191
CGCAAGGTGAAAAGACTGCG_012,91
CGCAAGGTGAAAAGACTGCG_013,89
CGCAAGGTGAAAAGACTGCG_014,8
CGCAAGGTGAAAAGACTGCG_015,77
CGCAAGGTGAAAAGACTGCG_016,50
CGCAAGGTGAAAAGACTGCG_017,17
CGCAAGGTGAAAAGACTGCG_018,134
CGCAAGGTGAAAAGACTGCG_019,118
TCAGAAACCAAATTTGACTC_001,48
TCAGAAACCAAATTTGACTC_002,183
TCAGAAACCAAATTTGACTC_003,81
TCAGAAACCAAATTTGACTC_004,150
TCAGAAACCAAATTTGACTC_005,22
TCAGAAACCAAATTTGACTC_006,147
ATGTTGTGTTGGACCAAAAG_001,70
ATGTTGTGTTGGACCAAAAG_002,116
ATGTTGTGTTGGACCAAAAG_003,98
ATGTTGTGTTGGACCAAAAG_004,88
ATGTTGTGTTGGACCAAAAG_005,95
ATGTTGTGTTGGACCAAAAG_006,115
ATGTTGTGTTGGACCAAAAG_007,188
ATGTTGTGTTGGACCAAAAG_008,13
ATGTTGTGTTGGACCAAAAG_009,169
ATGTTGTGTTGGACCAAAAG_010,60
ATGTTGTGTTGGACCAAAAG_011,81
ATGTTGTGTTGGACCAAAAG_012,110
GGATTCGTGAGGTGATGATA_001,76
GGATTCGTGAGGTGATGATA_002,16
GGATTCGTGAGGTGATGATA_003,165
GGATTCGTGAGGTGATGATA_004,147
GGATTCGTGAGGTGATGATA_005,16
GGATTCGTGAGGTGATGATA_006,97
GGATTCGTGAGGTGATGATA_007,196
GGATTCGTGAGGTGATGATA_008,56
GGATTCGTGAGGTGATGATA_009,73
GGATTCGTGAGGTGATGATA_010,199
CATGTGGATGCGCTTTACTG_001,23
CATGTGGATGCGCTTTACTG_002,49
CCTACTACTGTAGCCAACAA_001,118
CCTACTACTGTAGCCAACAA_002,94
CCTACTACTGTAGCCAACAA_003,169
CCTACTACTGTAGCCAACAA_004,182
CCTACTACTGTAGCCAACAA_005,96
CCTACTACTGTAGCCAACAA_006,178
CCTACTACTGTAGCCAACAA_007,83
CCTACTACTGTAGCCAACAA_008,70
CCTACTACTGTAGCCAACAA_009,155
CCTACTACTGTAGCCAACAA_010,82
CCTACTACTGTAGCCAACAA_011,81
CCTACTACTGTAGCCAACAA_012,40
CCTACTACTGTAGCCAACAA_013,46
CCTACTACTGTAGCCAACAA_014,29
CCTACTACTGTAGCCAACAA_015,148
CCTACTACTGTAGCCAACAA_016,150
CCTACTACTGTAGCCAACAA_017,35
CCTACTACTGTAGCCAACAA_018,140
CCTACTACTGTAGCCAACAA_019,193
CCTACTACTGTAGCCAACAA_020,16
CCTACTACTGTAGCCAACAA_021,43
CCTACTACTGTAGCCAACAA_022,40
AGCTGCGCAAGTGTAACCAG_001,17
AGCTGCGCAAGTGTAACCAG_002,23
AGCTGCGCAAGTGTAACCAG_003,172
AGCTGCGCAAGTGTAACCAG_004,169
AGCTGCGCAAGTGTAACCAG_005,133
AGCTGCGCAAGTGTAACCAG_006,81
AGCTGCGCAAGTGTAACCAG_007,190
AGCTGCGCAAGTGTAACCAG_008,61
ATACGTTCGAGTAATACCGT_001,49
ATACGTTCGAGTAATACCGT_002,151
ATACGTTCGAGTAATACCGT_003,154
ATACGTTCGAGTAATACCGT_004,108
ATACGTTCGAGTAATACCGT_005,22
ATACGTTCGAGTAATACCGT_006,153
ATACGTTCGAGTAATACCGT_007,197
ATACGTTCGAGTAATACCGT_008,197
ATACGTTCGAGTAATACCGT_009,43
ATACGTTCGAGTAATACCGT_010,109
ATACGTTCGAGTAATACCGT_011,107
ATACGTTCGAGTAATACCGT_012,170
ATACGTTCGAGTAATACCGT_013,122
ATACGTTCGAGTAATACCGT_014,194
AAGCAAGAATGTCTTGCTCG_001,144
AAGCAAGAATGTCTTGCTCG_002,134
CTGACATGAATCGACTACAC_001,134
CTGACATGAATCGACTACAC_002,158
CTGACATGAATCGACTACAC_003,174
CTGACATGAATCGACTACAC_004,76
CTGACATGAATCGACTACAC_005,76
CTGACATGAATCGACTACAC_006,196
CTGACATGAATCGACTACAC_007,80
CTGACATGAATCGACTACAC_008,143
CTGACATGAATCGACTACAC_009,143
CTGACATGAATCGACTACAC_010,83
CTGACATGAATCGACTACAC_011,66
CTGACATGAATCGACTACAC_012,31
CTGACATGAATCGACTACAC_013,6
CTGACATGAATCGACTACAC_014,36
CTGACATGAATCGACTACAC_015,7
CTGACATGAATCGACTACAC_016,87
CTGACATGAATCGACTACAC_017,87
CTGACATGAATCGACTACAC_018,58
CTGACATGAATCGACTACAC_019,92
CTGACATGAATCGACTACAC_020,117
CTGACATGAATCGACTACAC_021,138
CTGACATGAATCGACTACAC_022,175
CTGACATGAATCGACTACAC_023,19
CTGACATGAATCGACTACAC_024,155
CTGACATGAATCGACTACAC_025,150
TTAGAGTATTCACATCCCAA_001,175
TTAGAGTATTCACATCCCAA_002,34
TTAGAGTATTCACATCCCAA_003,137
TTAGAGTATTCACATCCCAA_004,78
TTAGAGTATTCACATCCCAA_005,88
TTAGAGTATTCACATCCCAA_006,177
TTAGAGTATTCACATCCCAA_007,109
AGTATGAGACTCATAGGGTG_001,179
AGTATGAGACTCATAGGGTG_002,144
AGTATGAGACTCATAGGGTG_003,84
AGTATGAGACTCATAGGGTG_004,21
AGTATGAGACTCATAGGGTG_005,65
AGTATGAGACTCATAGGGTG_006,8
AGTATGAGACTCATAGGGTG_007,28
AGTATGAGACTCATAGGGTG_008,151
AGTATGAGACTCATAGGGTG_009,103
AGTATGAGACTCATAGGGTG_010,157
AGTATGAGACTCATAGGGTG_011,162
AGTATGAGACTCATAGGGTG_012,12
AGTATGAGACTCATAGGGTG_013,127
AGTATGAGACTCATAGGGTG_014,58
AGTATGAGACTCATAGGGTG_015,164
AGTATGAGACTCATAGGGTG_016,164
AGTATGAGACTCATAGGGTG_017,104
AGTATGAGACTCATAGGGTG_018,116
AGTATGAGACTCATAGGGTG_019,191
AGTATGAGACTCATAGGGTG_020,45
AGTATGAGACTCATAGGGTG_021,160
AGTATGAGACTCATAGGGTG_022,62
AGTATGAGACTCATAGGGTG_023,116
AGTATGAGACTCATAGGGTG_024,175
AGTATGAGACTCATAGGGTG_025,199
AGTATGAGACTCATAGGGTG_026,116
AGTATGAGACTCATAGGGTG_027,28
AGTATGAGACTCATAGGGTG_028,136
CGTGGCTGTATACCTTTCTG_001,23
CGTGGCTGTATACCTTTCTG_002,121
CGTGGCTGTATACCTTTCTG_003,61
CGTGGCTGTATACCTTTCTG_004,127
CGTGGCTGTATACCTTTCTG_005,17
TTTGGCGAAAAGCATTACCC_001,58
TTTGGCGAAAAGCATTACCC_002,109
CTGCCAGGACAGCACTACTG_001,68
CTGCCAGGACAGCACTACTG_002,41
CTGCCAGGACAGCACTACTG_003,64
CTGCCAGGACAGCACTACTG_004,139
CTGCCAGGACAGCACTACTG_005,67
CTGCCAGGACAGCACTACTG_006,9
CTGCCAGGACAGCACTACTG_007,192
CTGCCAGGACAGCACTACTG_008,127
CTGCCAGGACAGCACTACTG_009,162
CTGCCAGGACAGCACTACTG_010,114
CTGCCAGGACAGCACTACTG_011,115
CTGCCAGGACAGCACTACTG_012,165
CTGCCAGGACAGCACTACTG_013,68
CTGCCAGGACAGCACTACTG_014,37
CTGCCAGGACAGCACTACTG_015,168
TACTGCCAATACGAGCAACG_001,190
TACTGCCAATACGAGCAACG_002,91
TACTGCCAATACGAGCAACG_003,10
TACTGCCAATACGAGCAACG_004,10
AGGTCCAGAAAGGAGTACCG_001,88
AGGTCCAGAAAGGAGTACCG_002,76
AGGTCCAGAAAGGAGTACCG_003,160
AGGTCCAGAAAGGAGTACCG_004,188
AGGTCCAGAAAGGAGTACCG_005,44
AGGTCCAGAAAGGAGTACCG_006,55
AGGTCCAGAAAGGAGTACCG_007,62
AGGTCCAGAAAGGAGTACCG_008,48
AGGTCCAGAAAGGAGTACCG_009,174
AGGTCCAGAAAGGAGTACCG_010,185
AGGTCCAGAAAGGAGTACCG_011,67
AGGTCCAGAAAGGAGTACCG_012,159
AGGTCCAGAAAGGAGTACCG_013,147
AGGTCCAGAAAGGAGTACCG_014,50
AGGTCCAGAAAGGAGTACCG_015,131
AGGTCCAGAAAGGAGTACCG_016,102
AGGTCCAGAAAGGAGTACCG_017,12
AGGTCCAGAAAGGAGTACCG_018,57
AGGTCCAGAAAGGAGTACCG_019,76
AGGTCCAGAAAGGAGTACCG_020,103
AGGTCCAGAAAGGAGTACCG_021,129
AGGTCCAGAAAGGAGTACCG_022,162
AGGTCCAGAAAGGAGTACCG_023,39
AGGTCCAGAAAGGAGTACCG_024,120
AGGTCCAGAAAGGAGTACCG_025,123
AGGTCCAGAAAGGAGTACCG_026,168
AGGTCCAGAAAGGAGTACCG_027,124
AGGTCCAGAAAGGAGTACCG_028,150
TCGCATTCCACACCTCAAAG_001,91
TCGCATTCCACACCTCAAAG_002,149
TCGCATTCCACACCTCAAAG_003,115
TCGCATTCCACACCTCAAAG_004,49
TCGCATTCCACACCTCAAAG_005,116
CCAGGGCGAATTCTACTGCG_001,145
TTTGTCTACCATGATTGGCA_001,4
TTTGTCTACCATGATTGGCA_002,161
TTTGTCTACCATGATTGGCA_003,94
TTTGTCTACCATGATTGGCA_004,177
TTTGTCTACCATGATTGGCA_005,178
TTTGTCTACCATGATTGGCA_006,152
CGAGATGGAGTTCAATTGCG_001,190
CGAGATGGAGTTCAATTGCG_002,166
CGAGATGGAGTTCAATTGCG_003,117
CGAGATGGAGTTCAATTGCG_004,19
CGAGATGGAGTTCAATTGCG_005,131
TGGCACTCACCTATTCACCA_001,144
TGGCACTCACCTATTCACCA_002,159
TGGCACTCACCTATTCACCA_003,78
TGGCACTCACCTATTCACCA_004,19
GTCTCTGGCCAGCGTCCCCG_001,134
GTCTCTGGCCAGCGTCCCCG_002,196
GTCTCTGGCCAGCGTCCCCG_003,6
GTCTCTGGCCAGCGTCCCCG_004,130
GTCTCTGGCCAGCGTCCCCG_005,170
GTCTCTGGCCAGCGTCCCCG_006,99
GTCTCTGGCCAGCGTCCCCG_007,132
GTCTCTGGCCAGCGTCCCCG_008,55
GTCTCTGGCCAGCGTCCCCG_009,41
GTCTCTGGCCAGCGTCCCCG_010,127
GTCTCTGGCCAGCGTCCCCG_011,145
GTCTCTGGCCAGCGTCCCCG_012,65
GTCTCTGGCCAGCGTCCCCG_013,75
GTCTCTGGCCAGCGTCCCCG_014,83
GTCTCTGGCCAGCGTCCCCG_015,84
GTCTCTGGCCAGCGTCCCCG_016,15
GTCTCTGGCCAGCGTCCCCG_017,177
GTCTCTGGCCAGCGTCCCCG_018,94
GTCTCTGGCCAGCGTCCCCG_019,72
GTCTCTGGCCAGCGTCCCCG_020,72
GTCTCTGGCCAGCGTCCCCG_021,0
GTCTCTGGCCAGCGTCCCCG_022,139
GTCTCTGGCCAGCGTCCCCG_023,127
GTCTCTGGCCAGCGTCCCCG_024,0
GTCTCTGGCCAGCGTCCCCG_025,141
GTCTCTGGCCAGCGTCCCCG_026,105
GTCTCTGGCCAGCGTCCCCG_027,63
AGAAGGCAAAAGTAGTACAC_001,77
AGAAGGCAAAAGTAGTACAC_002,42
AGAAGGCAAAAGTAGTACAC_003,163
AGAAGGCAAAAGTAGTACAC_004,70
AGAAGGCAAAAGTAGTACAC_005,174
AGAAGGCAAAAGTAGTACAC_006,130
AGAAGGCAAAAGTAGTACAC_007,47
AGAAGGCAAAAGTAGTACAC_008,5
AGAAGGCAAAAGTAGTACAC_009,102
AGAAGGCAAAAGTAGTACAC_010,49
AGAAGGCAAAAGTAGTACAC_011,7
AGAAGGCAAAAGTAGTACAC_012,0
AGAAGGCAAAAGTAGTACAC_013,1
AGAAGGCAAAAGTAGTACAC_014,160
AGAAGGCAAAAGTAGTACAC_015,138
AGAAGGCAAAAGTAGTACAC_016,63
AGAAGGCAAAAGTAGTACAC_017,84
GCTGTCGGTGGATACTGAGG_001,75
GATCTTTGATGGCGACGACG_001,176
GATCTTTGATGGCGACGACG_002,8
ACTCTGAATTTGCCCACATG_001,165
ACTCTGAATTTGCCCACATG_002,56
ACTCTGAATTTGCCCACATG_003,12
ACTCTGAATTTGCCCACATG_004,4
ACTCTGAATTTGCCCACATG_005,161
ACTCTGAATTTGCCCACATG_006,183
ACTCTGAATTTGCCCACATG_007,153
ACTCTGAATTTGCCCACATG_008,79
ACTCTGAATTTGCCCACATG_009,131
ACTCTGAATTTGCCCACATG_010,94
ACTCTGAATTTGCCCACATG_011,62
ACTCTGAATTTGCCCACATG_012,174
ACTCTGAATTTGCCCACATG_013,184
ACTCTGAATTTGCCCACATG_014,56
ACTCTGAATTTGCCCACATG_015,130
AGTATTGAGCTCCACTGCAT_001,127
AGTATTGAGCTCCACTGCAT_002,172
AGTATTGAGCTCCACTGCAT_003,126
AGTATTGAGCTCCACTGCAT_004,107
AGTATTGAGCTCCACTGCAT_005,174
AGTATTGAGCTCCACTGCAT_006,107
AGTATTGAGCTCCACTGCAT_007,126
AGTATTGAGCTCCACTGCAT_008,126
AGTATTGAGCTCCACTGCAT_009,60
AGTATTGAGCTCCACTGCAT_010,196
AGTATTGAGCTCCACTGCAT_011,36
AGTATTGAGCTCCACTGCAT_012,106
AGTATTGAGCTCCACTGCAT_013,28
AGTATTGAGCTCCACTGCAT_014,6
AGTATTGAGCTCCACTGCAT_015,157
AGTATTGAGCTCCACTGCAT_016,191
AGTATTGAGCTCCACTGCAT_017,63
AGTATTGAGCTCCACTGCAT_018,106
AGTATTGAGCTCCACTGCAT_019,179
CCGCATGCATTCCGTCAGGG_001,156
CCGCATGCATTCCGTCAGGG_002,8
CCGCATGCATTCCGTCAGGG_003,108
CCGCATGCATTCCGTCAGGG_004,125
CCGCATGCATTCCGTCAGGG_005,188
CCGCATGCATTCCGTCAGGG_006,38
CCGCATGCATTCCGTCAGGG_007,15
CCGCATGCATTCCGTCAGGG_008,178
TCTTCCCTTTCACACTAACT_001,70
ACTCCTGGTTTCCAATAGTG_001,8
ACTCCTGGTTTCCAATAGTG_002,2
ACTCCTGGTTTCCAATAGTG_003,54
ACTCCTGGTTTCCAATAGTG_004,50
ACTCCTGGTTTCCAATAGTG_005,158
ACTCCTGGTTTCCAATAGTG_006,1
GGATATTTGAGGATATTCGG_001,56
GTTCTTTAAACTTAACGCCC_001,49
GTTCTTTAAACTTAACGCCC_002,50
TGAAAATGGTCCATCTTCAG_001,171
TGAAAATGGTCCATCTTCAG_002,163
ACCAAGGCGTCGAAATTCTG_001,145
ACCAAGGCGTCGAAATTCTG_002,17
ACCAAGGCGTCGAAATTCTG_003,42
ACCAAGGCGTCGAAATTCTG_004,5
ACCAAGGCGTCGAAATTCTG_005,148
ACCAAGGCGTCGAAATTCTG_006,184
ACCAAGGCGTCGAAATTCTG_007,191
ACCAAGGCGTCGAAATTCTG_008,35
ACCAAGGCGTCGAAATTCTG_009,152
CCGGGTCCAGCTTCGGCGCG_001,65
CCGGGTCCAGCTTCGGCGCG_002,197
CCGGGTCCAGCTTCGGCGCG_003,58
CCGGGTCCAGCTTCGGCGCG_004,40
CCGGGTCCAGCTTCGGCGCG_005,108
CCGGGTCCAGCTTCGGCGCG_006,3
TATGGCCCATCGAAAATTAG_001,125
CCTGCCCTTTAGGGTCCCAA_001,67
CCTGCCCTTTAGGGTCCCAA_002,172
CCTGCCCTTTAGGGTCCCAA_003,8
CCTGCCCTTTAGGGTCCCAA_004,132
CCTGCCCTTTAGGGTCCCAA_005,193
CCTGCCCTTTAGGGTCCCAA_006,149
CCTGCCCTTTAGGGTCCCAA_007,169
CCTGCCCTTTAGGGTCCCAA_008,83
CCTGCCCTTTAGGGTCCCAA_009,135
CCTGCCCTTTAGGGTCCCAA_010,112
CCTGCCCTTTAGGGTCCCAA_011,55
CCTGCCCTTTAGGGTCCCAA_012,184
CCTGCCCTTTAGGGTCCCAA_013,68
CCTGCCCTTTAGGGTCCCAA_014,37
CCTGCCCTTTAGGGTCCCAA_015,19
CCTGCCCTTTAGGGTCCCAA_016,12
CCTGCCCTTTAGGGTCCCAA_017,43
CCTGCCCTTTAGGGTCCCAA_018,118
CCTGCCCTTTAGGGTCCCAA_019,136
CCTGCCCTTTAGGGTCCCAA_020,35
CCTGCCCTTTAGGGTCCCAA_021,82
TAATAATGACAATCTTCTCA_001,52
TTTGGGAGGACGAACCACTG_001,198
TTTGGGAGGACGAACCACTG_002,151
TTTGGGAGGACGAACCACTG_003,19
TTTGGGAGGACGAACCACTG_004,102
TTTGGGAGGACGAACCACTG_005,107
TTTGGGAGGACGAACCACTG_006,48
TTTGGGAGGACGAACCACTG_007,26
TTTGGGAGGACGAACCACTG_008,92
TTTGGGAGGACGAACCACTG_009,149
TTTGGGAGGACGAACCACTG_010,155
TTTGGGAGGACGAACCACTG_011,100
TTTGGGAGGACGAACCACTG_012,7
TTTGGGAGGACGAACCACTG_013,86
TTTGGGAGGACGAACCACTG_014,127
TTTGGGAGGACGAACCACTG_015,2
TTTGGGAGGACGAACCACTG_016,29
TTTGGGAGGACGAACCACTG_017,81
TTTGGGAGGACGAACCACTG_018,145
GATGCGAGATCTCATAGGAA_001,19
GATGCGAGATCTCATAGGAA_002,17
GATGCGAGATCTCATAGGAA_003,146
GATGCGAGATCTCATAGGAA_004,59
GATGCGAGATCTCATAGGAA_005,21
GATGCGAGATCTCATAGGAA_006,116
GATGCGAGATCTCATAGGAA_007,4
GATGCGAGATCTCATAGGAA_008,117
GATGCGAGATCTCATAGGAA_009,151
ATCATGATTAAAGTGCGCGT_001,169
ATCATGATTAAAGTGCGCGT_002,8
ATCATGATTAAAGTGCGCGT_003,1
ATCATGATTAAAGTGCGCGT_004,170
ATCATGATTAAAGTGCGCGT_005,87
ATCATGATTAAAGTGCGCGT_006,139
ATCATGATTAAAGTGCGCGT_007,163
ATCATGATTAAAGTGCGCGT_008,128
ATCATGATTAAAGTGCGCGT_009,196
ATCATGATTAAAGTGCGCGT_010,32
ATCATGATTAAAGTGCGCGT_011,171
ATCATGATTAAAGTGCGCGT_012,68
ATCATGATTAAAGTGCGCGT_013,168
AGTCAGATGATTACTTATTG_001,157
AGTCAGATGATTACTTATTG_002,119
AGTCAGATGATTACTTATTG_003,87
AGTCAGATGATTACTTATTG_004,87
AGTCAGATGATTACTTATTG_005,120
AGTCAGATGATTACTTATTG_006,115
AGTCAGATGATTACTTATTG_007,179
AGTCAGATGATTACTTATTG_008,28
AGTCAGATGATTACTTATTG_009,166
AGTCAGATGATTACTTATTG_010,180
AGTCAGATGATTACTTATTG_011,19
AATAGTACTCACAAACTCCG_001,48
AATAGTACTCACAAACTCCG_002,113
AATAGTACTCACAAACTCCG_003,199
AATAGTACTCACAAACTCCG_004,138
AATAGTACTCACAAACTCCG_005,59
AATAGTACTCACAAACTCCG_006,102
AATAGTACTCACAAACTCCG_007,185
AATAGTACTCACAAACTCCG_008,159
AATAGTACTCACAAACTCCG_009,6
AATAGTACTCACAAACTCCG_010,102
AATAGTACTCACAAACTCCG_011,77
AATAGTACTCACAAACTCCG_012,13
AATAGTACTCACAAACTCCG_013,52
CAGAGGCTGCCAGAGCCTGG_001,182
CAGAGGCTGCCAGAGCCTGG_002,40
CAGAGGCTGCCAGAGCCTGG_003,170
CTAAGAGGACGAATAGCACC_001,172
CTAAGAGGACGAATAGCACC_002,96
CTAAGAGGACGAATAGCACC_003,83
CATCCTCGCTCGGGACTGTG_001,199
CATCCTCGCTCGGGACTGTG_002,130
CATCCTCGCTCGGGACTGTG_003,112
CATCCTCGCTCGGGACTGTG_004,141
CATCCTCGCTCGGGACTGTG_005,130
CATCCTCGCTCGGGACTGTG_006,29
CATCCTCGCTCGGGACTGTG_007,142
CATCCTCGCTCGGGACTGTG_008,160
CATCCTCGCTCGGGACTGTG_009,78
CATCCTCGCTCGGGACTGTG_010,142
CATCCTCGCTCGGGACTGTG_011,117
CATCCTCGCTCGGGACTGTG_012,8
CATCCTCGCTCGGGACTGTG_013,88
CATCCTCGCTCGGGACTGTG_014,45
CATCCTCGCTCGGGACTGTG_015,152
CATCCTCGCTCGGGACTGTG_016,144
CATCCTCGCTCGGGACTGTG_017,130
CATCCTCGCTCGGGACTGTG_018,67
CATCCTCGCTCGGGACTGTG_019,21
CATCCTCGCTCGGGACTGTG_020,168
CATCCTCGCTCGGGACTGTG_021,125
CATCCTCGCTCGGGACTGTG_022,111
CATCCTCGCTCGGGACTGTG_023,198
CATCCTCGCTCGGGACTGTG_024,49
CATCCTCGCTCGGGACTGTG_025,78
CATCCTCGCTCGGGACTGTG_026,23
CATCCTCGCTCGGGACTGTG_027,41
CATCCTCGCTCGGGACTGTG_028,179
CATCCTCGCTCGGGACTGTG_029,111
CATCCTCGCTCGGGACTGTG_030,69
CATCCTCGCTCGGGACTGTG_031,142
CATCCTCGCTCGGGACTGTG_032,19
CATCCTCGCTCGGGACTGTG_033,99
CATCCTCGCTCGGGACTGTG_034,88
CATCCTCGCTCGGGACTGTG_035,115
CATCCTCGCTCGGGACTGTG_036,149
CATCCTCGCTCGGGACTGTG_037,155
CATCCTCGCTCGGGACTGTG_038,120
CATCCTCGCTCGGGACTGTG_039,174
CATCCTCGCTCGGGACTGTG_040,175
CATCCTCGCTCGGGACTGTG_041,116
CATCCTCGCTCGGGACTGTG_042,41
CATCCTCGCTCGGGACTGTG_043,174
CATCCTCGCTCGGGACTGTG_044,3
CATCCTCGCTCGGGACTGTG_045,165
CATCCTCGCTCGGGACTGTG_046,196
CATCCTCGCTCGGGACTGTG_047,136
CATCCTCGCTCGGGACTGTG_048,126
TAGACATGGTCACTATGCGT_001,127
TAGACATGGTCACTATGCGT_002,57
TAGACATGGTCACTATGCGT_003,166
TAGACATGGTCACTATGCGT_004,185
TAGACATGGTCACTATGCGT_005,31
TAGACATGGTCACTATGCGT_006,112
TAGACATGGTCACTATGCGT_007,110
TAGACATGGTCACTATGCGT_008,33
TAGACATGGTCACTATGCGT_009,4
TAGACATGGTCACTATGCGT_010,107
AGGATGGATTGAGCAGCGGT_001,47
AGGATGGATTGAGCAGCGGT_002,70
AGGATGGATTGAGCAGCGGT_003,11
AGGATGGATTGAGCAGCGGT_004,62
AGGATGGATTGAGCAGCGGT_005,15
AGGATGGATTGAGCAGCGGT_006,65
AGGATGGATTGAGCAGCGGT_007,19
AGGATGGATTGAGCAGCGGT_008,47
AGGATGGATTGAGCAGCGGT_009,80
AGGATGGATTGAGCAGCGGT_010,27
AGGATGGATTGAGCAGCGGT_011,58
AGGATGGATTGAGCAGCGGT_012,141
AGGATGGATTGAGCAGCGGT_013,62
AGGATGGATTGAGCAGCGGT_014,6
AGGATGGATTGAGCAGCGGT_015,188
AGGATGGATTGAGCAGCGGT_016,138
AGGATGGATTGAGCAGCGGT_017,65
AGGATGGATTGAGCAGCGGT_018,123
AGGATGGATTGAGCAGCGGT_019,138
AGGATGGATTGAGCAGCGGT_020,44
AGGATGGATTGAGCAGCGGT_021,74
AGGATGGATTGAGCAGCGGT_022,47
AGGATGGATTGAGCAGCGGT_023,47
AGGATGGATTGAGCAGCGGT_024,8
AGGATGGATTGAGCAGCGGT_025,1
AGGATGGATTGAGCAGCGGT_026,19
AGGATGGATTGAGCAGCGGT_027,178
AGGATGGATTGAGCAGCGGT_028,170
AGGATGGATTGAGCAGCGGT_029,50
AGGATGGATTGAGCAGCGGT_030,191
AGGATGGATTGAGCAGCGGT_031,19
AGGATGGATTGAGCAGCGGT_032,81
AGGATGGATTGAGCAGCGGT_033,11
AGGATGGATTGAGCAGCGGT_034,94
AGGATGGATTGAGCAGCGGT_035,34
AGGATGGATTGAGCAGCGGT_036,95
AGGATGGATTGAGCAGCGGT_037,91
AGGATGGATTGAGCAGCGGT_038,125
AGGATGGATTGAGCAGCGGT_039,181
AGGATGGATTGAGCAGCGGT_040,161
AGGATGGATTGAGCAGCGGT_041,126
AGGATGGATTGAGCAGCGGT_042,58
AGGATGGATTGAGCAGCGGT_043,141
AGGATGGATTGAGCAGCGGT_044,180
AGGATGGATTGAGCAGCGGT_045,145
AGGATGGATTGAGCAGCGGT_046,136
AGGATGGATTGAGCAGCGGT_047,114
AGGATGGATTGAGCAGCGGT_048,39
AGGATGGATTGAGCAGCGGT_049,196
CCATCAAGAATGCGTATGAG_001,80
CCATCAAGAATGCGTATGAG_002,28
CCATCAAGAATGCGTATGAG_003,147
CCATCAAGAATGCGTATGAG_004,94
CCATCAAGAATGCGTATGAG_005,127
CCATCAAGAATGCGTATGAG_006,83
TCCCAATCCGAGCCCAAGGT_001,81
TCCCAATCCGAGCCCAAGGT_002,8
TCCCAATCCGAGCCCAAGGT_003,115
TCCCAATCCGAGCCCAAGGT_004,60
TCCCAATCCGAGCCCAAGGT_005,150
TCCCAATCCGAGCCCAAGGT_006,51
TCCCAATCCGAGCCCAAGGT_007,115
TCCCAATCCGAGCCCAAGGT_008,40
TCCCAATCCGAGCCCAAGGT_009,44
TCCCAATCCGAGCCCAAGGT_010,27
TCCCAATCCGAGCCCAAGGT_011,31
TCCCAATCCGAGCCCAAGGT_012,60
TCCCAATCCGAGCCCAAGGT_013,98
TCCCAATCCGAGCCCAAGGT_014,144
TCCCAATCCGAGCCCAAGGT_015,142
TCCCAATCCGAGCCCAAGGT_016,180
ATATAGCAAGCTGTTGCAAG_001,48
ATATAGCAAGCTGTTGCAAG_002,176
ATATAGCAAGCTGTTGCAAG_003,35
ATATAGCAAGCTGTTGCAAG_004,178
ATATAGCAAGCTGTTGCAAG_005,178
ATATAGCAAGCTGTTGCAAG_006,199
ATATAGCAAGCTGTTGCAAG_007,198
CTTGGCTGAACAGTTCTGCG_001,172
CTTGGCTGAACAGTTCTGCG_002,82
CTTGGCTGAACAGTTCTGCG_003,84
CTTGGCTGAACAGTTCTGCG_004,116
CTTGGCTGAACAGTTCTGCG_005,48
GAGGCTCTAAGGTTGTCCAC_001,130
GAGGCTCTAAGGTTGTCCAC_002,115
GAGGCTCTAAGGTTGTCCAC_003,181
GAGGCTCTAAGGTTGTCCAC_004,43
GAGGCTCTAAGGTTGTCCAC_005,199
GAGGCTCTAAGGTTGTCCAC_006,156
GAGGCTCTAAGGTTGTCCAC_007,187
GAGGCTCTAAGGTTGTCCAC_008,74
GAGGCTCTAAGGTTGTCCAC_009,130
GAGGCTCTAAGGTTGTCCAC_010,141
GAGGCTCTAAGGTTGTCCAC_011,170
GAGGCTCTAAGGTTGTCCAC_012,34
GAGGCTCTAAGGTTGTCCAC_013,64
GAGGCTCTAAGGTTGTCCAC_014,10
GAGGCTCTAAGGTTGTCCAC_015,28
AGAAATACCAGATAACGCCT_001,169
AGAAATACCAGATAACGCCT_002,75
AGAAATACCAGATAACGCCT_003,22
AGAAATACCAGATAACGCCT_004,3
AGAAATACCAGATAACGCCT_005,22
ACCCAATGCAGAAACTACAG_001,82
ACCCAATGCAGAAACTACAG_002,50
ACCCAATGCAGAAACTACAG_003,60
ACCCAATGCAGAAACTACAG_004,133
ACCCAATGCAGAAACTACAG_005,101
ACCCAATGCAGAAACTACAG_006,49
GCCTCTTACCTGAACCCACG_001,182
GCCTCTTACCTGAACCCACG_002,70
GCCTCTTACCTGAACCCACG_003,199
GCCTCTTACCTGAACCCACG_004,133
GCCTCTTACCTGAACCCACG_005,174
GCCTCTTACCTGAACCCACG_006,7
GCCTCTTACCTGAACCCACG_007,62
GCCTCTTACCTGAACCCACG_008,38
GCCTCTTACCTGAACCCACG_009,140
GCCTCTTACCTGAACCCACG_010,83
GCCTCTTACCTGAACCCACG_011,80
GCCTCTTACCTGAACCCACG_012,140
GCCTCTTACCTGAACCCACG_013,16
GCCTCTTACCTGAACCCACG_014,60
GCCTCTTACCTGAACCCACG_015,142
GCCTCTTACCTGAACCCACG_016,34
GCCTCTTACCTGAACCCACG_017,88
GCCTCTTACCTGAACCCACG_018,89
GCCTCTTACCTGAACCCACG_019,48
ACCTGTAGACTGTACTGACG_001,27
ACCTGTAGACTGTACTGACG_002,175
ACCTGTAGACTGTACTGACG_003,78
ACCTGTAGACTGTACTGACG_004,65
ACCTGTAGACTGTACTGACG_005,88
ACCTGTAGACTGTACTGACG_006,123
ACCTGTAGACTGTACTGACG_007,127
ACCTGTAGACTGTACTGACG_008,116
GCAGACTCTATTTGACAGAG_001,24
CAGAACTCCAGGGTAAGGTG_001,81
CAGAACTCCAGGGTAAGGTG_002,147
CAGAACTCCAGGGTAAGGTG_003,68
CAGAACTCCAGGGTAAGGTG_004,154
CAGAACTCCAGGGTAAGGTG_005,143
CAGAACTCCAGGGTAAGGTG_006,0
CAAGCGACTCCCATCCATTG_001,28
CAAGCGACTCCCATCCATTG_002,76
CAAGCGACTCCCATCCATTG_003,68
CAAGCGACTCCCATCCATTG_004,198
CAAGCGACTCCCATCCATTG_005,157
CAAGCGACTCCCATCCATTG_006,162
CAAGCGACTCCCATCCATTG_007,82
CAAGCGACTCCCATCCATTG_008,27
CAAGCGACTCCCATCCATTG_009,151
CAAGCGACTCCCATCCATTG_010,75
CAAGCGACTCCCATCCATTG_011,29
CTCCCATGAGGAAGTGCGAT_001,53
CTCCCATGAGGAAGTGCGAT_002,0
CTCCCATGAGGAAGTGCGAT_003,140
CTCCCATGAGGAAGTGCGAT_004,199
CTCCCATGAGGAAGTGCGAT_005,92
CTCCCATGAGGAAGTGCGAT_006,81
CTCCCATGAGGAAGTGCGAT_007,8
CTCCCATGAGGAAGTGCGAT_008,15
CTCCCATGAGGAAGTGCGAT_009,12
CTCCCATGAGGAAGTGCGAT_010,164
CTCCCATGAGGAAGTGCGAT_011,164
CTGCAGTGACAACGCCCAAG_001,63
CTGCAGTGACAACGCCCAAG_002,197
CTGCAGTGACAACGCCCAAG_003,193
CTGCAGTGACAACGCCCAAG_004,8
CTGCAGTGACAACGCCCAAG_005,45
CTGCAGTGACAACGCCCAAG_006,88
CTGCAGTGACAACGCCCAAG_007,183
CTGCAGTGACAACGCCCAAG_008,150
CTGCAGTGACAACGCCCAAG_009,138
CTGCAGTGACAACGCCCAAG_010,188
CTGCAGTGACAACGCCCAAG_011,149
CTGCAGTGACAACGCCCAAG_012,40
GAGCCAAGATGTTGTGAGCA_001,4
GAGCCAAGATGTTGTGAGCA_002,29
GAGCCAAGATGTTGTGAGCA_003,16
GAGCCAAGATGTTGTGAGCA_004,171
GAGCCAAGATGTTGTGAGCA_005,124
GAGCCAAGATGTTGTGAGCA_006,43
GAGCCAAGATGTTGTGAGCA_007,147
GAGCCAAGATGTTGTGAGCA_008,101
GAGCCAAGATGTTGTGAGCA_009,88
GAGCCAAGATGTTGTGAGCA_010,157
GGACGTCACGGGTCCAGATG_001,98
GGACGTCACGGGTCCAGATG_002,74
GGACGTCACGGGTCCAGATG_003,128
GGACGTCACGGGTCCAGATG_004,155
GGACGCCAAGAGCGAGCAGT_001,137
GGACGCCAAGAGCGAGCAGT_002,183
GGACGCCAAGAGCGAGCAGT_003,9
GGACGCCAAGAGCGAGCAGT_004,148
GGACGCCAAGAGCGAGCAGT_005,130
GGACGCCAAGAGCGAGCAGT_006,88
GGACGCCAAGAGCGAGCAGT_007,80
GGACGCCAAGAGCGAGCAGT_008,189
GGACGCCAAGAGCGAGCAGT_009,166
GGACGCCAAGAGCGAGCAGT_010,178
CCCACGATGAGTCCGACCGC_001,17
CCCACGATGAGTCCGACCGC_002,119
CCCACGATGAGTCCGACCGC_003,69
CCCACGATGAGTCCGACCGC_004,130
CCCACGATGAGTCCGACCGC_005,172
CCCACGATGAGTCCGACCGC_006,168
ACATCGCGACGCAGTCAACA_001,104
ACATCGCGACGCAGTCAACA_002,150
ACATCGCGACGCAGTCAACA_003,172
ACATCGCGACGCAGTCAACA_004,119
ACATCGCGACGCAGTCAACA_005,108
ACATCGCGACGCAGTCAACA_006,149
ACATCGCGACGCAGTCAACA_007,147
ACATCGCGACGCAGTCAACA_008,175
ACATCGCGACGCAGTCAACA_009,65
ACATCGCGACGCAGTCAACA_010,121
ACATCGCGACGCAGTCAACA_011,168
CAAGAGTTATGGCATGTACG_001,191
CAAGAGTTATGGCATGTACG_002,24
CAAGAGTTATGGCATGTACG_003,56
CAAGAGTTATGGCATGTACG_004,166
GGCATTCCGAGTCTTTGACA_001,178
GGCATTCCGAGTCTTTGACA_002,196
GGCATTCCGAGTCTTTGACA_003,122
GGCATTCCGAGTCTTTGACA_004,78
GGCATTCCGAGTCTTTGACA_005,36
ATCCAAGTTGCCAAGAAACG_001,171
ATCCAAGTTGCCAAGAAACG_002,63
ATCCAAGTTGCCAAGAAACG_003,151
ATCCAAGTTGCCAAGAAACG_004,60
ATCCAAGTTGCCAAGAAACG_005,198
ATCCAAGTTGCCAAGAAACG_006,131
GGCCTACAAGAACGTTGTGG_001,7
GGCCTACAAGAACGTTGTGG_002,69
GGCCTACAAGAACGTTGTGG_003,147
GGCCTACAAGAACGTTGTGG_004,3
GGGGAGTGATGAGCTACGTG_001,185
GGGGAGTGATGAGCTACGTG_002,72
GGGGAGTGATGAGCTACGTG_003,183
GGGGAGTGATGAGCTACGTG_004,11
GGGGAGTGATGAGCTACGTG_005,83
GGGGAGTGATGAGCTACGTG_006,50
GGGGAGTGATGAGCTACGTG_007,110
GGGGAGTGATGAGCTACGTG_008,98
GGGGAGTGATGAGCTACGTG_009,119
GGGGAGTGATGAGCTACGTG_010,168
GGGGAGTGATGAGCTACGTG_011,57
GGGGAGTGATGAGCTACGTG_012,81
GGGGAGTGATGAGCTACGTG_013,12
GGGGAGTGATGAGCTACGTG_014,179
GGGGAGTGATGAGCTACGTG_015,165
GGGGAGTGATGAGCTACGTG_016,79
GGGGAGTGATGAGCTACGTG_017,124
GGGGAGTGATGAGCTACGTG_018,11
GGGGAGTGATGAGCTACGTG_019,41
GGGGAGTGATGAGCTACGTG_020,157
GGGGAGTGATGAGCTACGTG_021,78
GGGGAGTGATGAGCTACGTG_022,55
GGGGAGTGATGAGCTACGTG_023,175
GGGGAGTGATGAGCTACGTG_024,170
GGGGAGTGATGAGCTACGTG_025,17
GTGTTTCCGCAGCGAGAGCG_001,84
GTGTTTCCGCAGCGAGAGCG_002,5
GTGTTTCCGCAGCGAGAGCG_003,0
GTGTTTCCGCAGCGAGAGCG_004,51
GTGTTTCCGCAGCGAGAGCG_005,69
GTGTTTCCGCAGCGAGAGCG_006,162
GTGTTTCCGCAGCGAGAGCG_007,144
GTGTTTCCGCAGCGAGAGCG_008,158
GTGTTTCCGCAGCGAGAGCG_009,42
GTGTTTCCGCAGCGAGAGCG_010,199
GTGTTTCCGCAGCGAGAGCG_011,191
GTGTTTCCGCAGCGAGAGCG_012,161
GTGTTTCCGCAGCGAGAGCG_013,9
GTGTTTCCGCAGCGAGAGCG_014,171
TACCTGCAAGAGGACTACAG_001,29
TACCTGCAAGAGGACTACAG_002,36
TACCTGCAAGAGGACTACAG_003,116
TACCTGCAAGAGGACTACAG_004,26
TACCTGCAAGAGGACTACAG_005,43
TACCTGCAAGAGGACTACAG_006,78
TACCTGCAAGAGGACTACAG_007,22
TACCTGCAAGAGGACTACAG_008,150
TACCTGCAAGAGGACTACAG_009,162
TACCTGCAAGAGGACTACAG_010,148
TACCTGCAAGAGGACTACAG_011,159
TACCTGCAAGAGGACTACAG_012,98
TACCTGCAAGAGGACTACAG_013,9
TACCTGCAAGAGGACTACAG_014,83
TACCTGCAAGAGGACTACAG_015,85
TACCTGCAAGAGGACTACAG_016,125
TACCTGCAAGAGGACTACAG_017,9
AATAGACCCATCTATCAGCT_001,48
AAGACCAGCACCGAGTACGA_001,122
AAGACCAGCACCGAGTACGA_002,103
AAGACCAGCACCGAGTACGA_003,84
AAGACCAGCACCGAGTACGA_004,63
AAGACCAGCACCGAGTACGA_005,169
AAGACCAGCACCGAGTACGA_006,74
AAGACCAGCACCGAGTACGA_007,149
AAGACCAGCACCGAGTACGA_008,149
AAGACCAGCACCGAGTACGA_009,59
AAGACCAGCACCGAGTACGA_010,139
AAGACCAGCACCGAGTACGA_011,1
AAGACCAGCACCGAGTACGA_012,147
AAGACCAGCACCGAGTACGA_013,93
AAGACCAGCACCGAGTACGA_014,93
AAGACCAGCACCGAGTACGA_015,19
AAGACCAGCACCGAGTACGA_016,133
AAGACCAGCACCGAGTACGA_017,28
AAGACCAGCACCGAGTACGA_018,27
AAGACCAGCACCGAGTACGA_019,173
AAGACCAGCACCGAGTACGA_020,3
AAGACCAGCACCGAGTACGA_021,39
AAGACCAGCACCGAGTACGA_022,35
GACCACGCACTCCAACCAGG_001,118
GACCACGCACTCCAACCAGG_002,196
GACCACGCACTCCAACCAGG_003,97
GACCACGCACTCCAACCAGG_004,98
GACCACGCACTCCAACCAGG_005,11
GACCACGCACTCCAACCAGG_006,117
GACCACGCACTCCAACCAGG_007,189
GACCACGCACTCCAACCAGG_008,185
GACCACGCACTCCAACCAGG_009,115
GACCACGCACTCCAACCAGG_010,166
GACCACGCACTCCAACCAGG_011,50
GACCACGCACTCCAACCAGG_012,92
GACCACGCACTCCAACCAGG_013,20
GACCACGCACTCCAACCAGG_014,165
GACCACGCACTCCAACCAGG_015,34
GACCACGCACTCCAACCAGG_016,104
GACCACGCACTCCAACCAGG_017,92
GACCACGCACTCCAACCAGG_018,121
GACCACGCACTCCAACCAGG_019,114
GACCACGCACTCCAACCAGG_020,14
GACCACGCACTCCAACCAGG_021,57
GACCACGCACTCCAACCAGG_022,148
GACCACGCACTCCAACCAGG_023,11
GACCACGCACTCCAACCAGG_024,167
GACCACGCACTCCAACCAGG_025,188
TCACCTCCGAACGAACACCT_001,177
TCACCTCCGAACGAACACCT_002,72
TCACCTCCGAACGAACACCT_003,115
TCACCTCCGAACGAACACCT_004,53
TCACCTCCGAACGAACACCT_005,187
TCACCTCCGAACGAACACCT_006,76
TCACCTCCGAACGAACACCT_007,48
TCACCTCCGAACGAACACCT_008,60
TCACCTCCGAACGAACACCT_009,2
TCACCTCCGAACGAACACCT_010,22
TCACCTCCGAACGAACACCT_011,147
TCACCTCCGAACGAACACCT_012,177
TCACCTCCGAACGAACACCT_013,158
TCACCTCCGAACGAACACCT_014,120
TCACCTCCGAACGAACACCT_015,69
TCACCTCCGAACGAACACCT_016,50
TCACCTCCGAACGAACACCT_017,36
TCACCTCCGAACGAACACCT_018,177
TCACCTCCGAACGAACACCT_019,57
TCACCTCCGAACGAACACCT_020,50
TCACCTCCGAACGAACACCT_021,118
TCACCTCCGAACGAACACCT_022,146
TCACCTCCGAACGAACACCT_023,84
TCACCTCCGAACGAACACCT_024,174
TCACCTCCGAACGAACACCT_025,198
TCACCTCCGAACGAACACCT_026,88
TCACCTCCGAACGAACACCT_027,186
TCACCTCCGAACGAACACCT_028,21
TCACCTCCGAACGAACACCT_029,41
TCACCTCCGAACGAACACCT_030,169
TCACCTCCGAACGAACACCT_031,1
TCACCTCCGAACGAACACCT_032,184
TCACCTCCGAACGAACACCT_033,2
TCACCTCCGAACGAACACCT_034,3
TCACCTCCGAACGAACACCT_035,1
TCACCTCCGAACGAACACCT_036,28
TCACCTCCGAACGAACACCT_037,60
TCACCTCCGAACGAACACCT_038,15
TCACCTCCGAACGAACACCT_039,148
TCACCTCCGAACGAACACCT_040,140
TCACCTCCGAACGAACACCT_041,74
TTTGAATCCACACACAAACA_001,10
TTTGAATCCACACACAAACA_002,131
TTTGAATCCACACACAAACA_003,177
TTTGAATCCACACACAAACA_004,9
TTTGAATCCACACACAAACA_005,137
TTTGAATCCACACACAAACA_006,147
GCTGAACACATGACACAAGA_001,105
GCTGAACACATGACACAAGA_002,24
GAAGGACAAAAGCTTTGAAG_001,43
TCAGAGAAGAAGGGTGTTTG_001,169
TCAGAGAAGAAGGGTGTTTG_002,6
TCAGAGAAGAAGGGTGTTTG_003,115
TCAGAGAAGAAGGGTGTTTG_004,72
TCAGAGAAGAAGGGTGTTTG_005,124
TCAGAGAAGAAGGGTGTTTG_006,81
TCAGAGAAGAAGGGTGTTTG_007,144
TCTACGTCATAGAATTCTCA_001,118
CCATCACAATGCCTACAGGA_001,110
CCATCACAATGCCTACAGGA_002,27
CCATCACAATGCCTACAGGA_003,197
CCATCACAATGCCTACAGGA_004,67
CCATCACAATGCCTACAGGA_005,105
CCATCACAATGCCTACAGGA_006,8
CCATCACAATGCCTACAGGA_007,84
CCATCACAATGCCTACAGGA_008,10
CCATCACAATGCCTACAGGA_009,130
CCATCACAATGCCTACAGGA_010,2
CCATCACAATGCCTACAGGA_011,48
ACTTGATGTCCAAATAATTG_001,40
ACTTGATGTCCAAATAATTG_002,169
CGGGAACTGAAGGCCAGCGC_001,198
CGGGAACTGAAGGCCAGCGC_002,98
CGGGAACTGAAGGCCAGCGC_003,195
CGGGAACTGAAGGCCAGCGC_004,174
CGGGAACTGAAGGCCAGCGC_005,70
CGGGAACTGAAGGCCAGCGC_006,52
CCACCCAGATTGCCACGTGG_001,141
CCACCCAGATTGCCACGTGG_002,49
CCACCCAGATTGCCACGTGG_003,50
CCACCCAGATTGCCACGTGG_004,104
CCACCCAGATTGCCACGTGG_005,107
CCACCCAGATTGCCACGTGG_006,123
CCACCCAGATTGCCACGTGG_007,188
CCACCCAGATTGCCACGTGG_008,51
CCACCCAGATTGCCACGTGG_009,13
CCACCCAGATTGCCACGTGG_010,75
CCACCCAGATTGCCACGTGG_011,34
CCACCCAGATTGCCACGTGG_012,19
CCACCCAGATTGCCACGTGG_013,63
CGATGTGGGACACCTTTATG_001,83
CGATGTGGGACACCTTTATG_002,94
CGATGTGGGACACCTTTATG_003,150
CGATGTGGGACACCTTTATG_004,83
CGATGTGGGACACCTTTATG_005,49
AGATTACGCCGCGATCCCCA_001,106
AGATTACGCCGCGATCCCCA_002,89
AGATTACGCCGCGATCCCCA_003,29
AGATTACGCCGCGATCCCCA_004,48
AGATTACGCCGCGATCCCCA_005,168
AGATTACGCCGCGATCCCCA_006,166
AGATTACGCCGCGATCCCCA_007,50
AGATTACGCCGCGATCCCCA_008,177
AGATTACGCCGCGATCCCCA_009,186
CATGTGGCCGTTGCCCACAG_001,15
CATGTGGCCGTTGCCCACAG_002,12
CATGTGGCCGTTGCCCACAG_003,91
CATGTGGCCGTTGCCCACAG_004,161
CATGTGGCCGTTGCCCACAG_005,70
CATGTGGCCGTTGCCCACAG_006,4
CATGTGGCCGTTGCCCACAG_007,169
CATGTGGCCGTTGCCCACAG_008,124
CATGTGGCCGTTGCCCACAG_009,8
GAAGACGTGCTGGCGTCACC_001,176
GAAGACGTGCTGGCGTCACC_002,146
GAAGACGTGCTGGCGTCACC_003,137
GAAGACGTGCTGGCGTCACC_004,188
GAAGACGTGCTGGCGTCACC_005,19
GAAGACGTGCTGGCGTCACC_006,16
GAAGACGTGCTGGCGTCACC_007,16
GAAGACGTGCTGGCGTCACC_008,121
GAAGACGTGCTGGCGTCACC_009,50
GAAGACGTGCTGGCGTCACC_010,11
GAAGACGTGCTGGCGTCACC_011,98
GAAGACGTGCTGGCGTCACC_012,94
GAAGACGTGCTGGCGTCACC_013,188
GAAGACGTGCTGGCGTCACC_014,17
GAAGACGTGCTGGCGTCACC_015,140
GAAGACGTGCTGGCGTCACC_016,4
GAAGACGTGCTGGCGTCACC_017,128
GAAGACGTGCTGGCGTCACC_018,169
GAAGACGTGCTGGCGTCACC_019,127
GAAGACGTGCTGGCGTCACC_020,171
GAAGACGTGCTGGCGTCACC_021,16
GAAGACGTGCTGGCGTCACC_022,190
GAAGACGTGCTGGCGTCACC_023,35
GAAGACGTGCTGGCGTCACC_024,27
GAAGACGTGCTGGCGTCACC_025,197
GAAGACGTGCTGGCGTCACC_026,149
GAAGACGTGCTGGCGTCACC_027,149
GAAGACGTGCTGGCGTCACC_028,48
GAAGACGTGCTGGCGTCACC_029,152
GAAGACGTGCTGGCGTCACC_030,1
AAACCTGGTAAAAATGCCCG_001,196
AAACCTGGTAAAAATGCCCG_002,137
AAACCTGGTAAAAATGCCCG_003,155
AAACCTGGTAAAAATGCCCG_004,137
AAACCTGGTAAAAATGCCCG_005,35
AAACCTGGTAAAAATGCCCG_006,134
CTAGCAAAAGTGACAACGCC_001,161
CTAGCAAAAGTGACAACGCC_002,157
TATGATGCCATCCAAACGAA_001,113
TATGATGCCATCCAAACGAA_002,172
TATGATGCCATCCAAACGAA_003,172
CTGCAGTGCCTCATTTGAGG_001,145
CTGCAGTGCCTCATTTGAGG_002,70
CTGCAGTGCCTCATTTGAGG_003,149
CTGCAGTGCCTCATTTGAGG_004,174
CTGCAGTGCCTCATTTGAGG_005,49
CTGCAGTGCCTCATTTGAGG_006,61
AGGTATGAGCAGAGCGAGTG_001,83
AGGTATGAGCAGAGCGAGTG_002,26
AGGTATGAGCAGAGCGAGTG_003,68
AGGTATGAGCAGAGCGAGTG_004,187
AGGTATGAGCAGAGCGAGTG_005,187
AGGTATGAGCAGAGCGAGTG_006,138
AGGTATGAGCAGAGCGAGTG_007,106
AGGTATGAGCAGAGCGAGTG_008,68
AGGTATGAGCAGAGCGAGTG_009,47
AGGTATGAGCAGAGCGAGTG_010,111
AGGTATGAGCAGAGCGAGTG_011,130
AGGTATGAGCAGAGCGAGTG_012,146
AGGTATGAGCAGAGCGAGTG_013,53
AGGTATGAGCAGAGCGAGTG_014,50
AGGTATGAGCAGAGCGAGTG_015,136
CCACTAAGTCAAACAACTCC_001,8
CCACTAAGTCAAACAACTCC_002,121
CCACTAAGTCAAACAACTCC_003,130
CCACTAAGTCAAACAACTCC_004,43
CCACTAAGTCAAACAACTCC_005,94
CCACTAAGTCAAACAACTCC_006,194
CCACTAAGTCAAACAACTCC_007,80
CCACTAAGTCAAACAACTCC_008,155
CCACTAAGTCAAACAACTCC_009,169
CCAGGGACACAAACTCATGG_001,170
CCAGGGACACAAACTCATGG_002,198
CCAGGGACACAAACTCATGG_003,29
CCAGGGACACAAACTCATGG_004,43
CCAGGGACACAAACTCATGG_005,191
CCAGGGACACAAACTCATGG_006,191
CCAGGGACACAAACTCATGG_007,49
CCAGGGACACAAACTCATGG_008,46
CCAGGGACACAAACTCATGG_009,41
CCAGGGACACAAACTCATGG_010,41
CCAGGGACACAAACTCATGG_011,4
CCAGGGACACAAACTCATGG_012,185
CCAGGGACACAAACTCATGG_013,174
CCAGGGACACAAACTCATGG_014,50
CCAGGGACACAAACTCATGG_015,143
CCAGGGACACAAACTCATGG_016,143
CCAGGGACACAAACTCATGG_017,143
GATTGCAGGTTATACTACCA_001,181
GATTGCAGGTTATACTACCA_002,78
ACAGTGGCTTTGGAGATGGA_001,62
ACAGTGGCTTTGGAGATGGA_002,70
ACAGTGGCTTTGGAGATGGA_003,100
ACAGTGGCTTTGGAGATGGA_004,188
ACAGTGGCTTTGGAGATGGA_005,117
TCTTCAAGAAGAAATACACG_001,23
TCTTCAAGAAGAAATACACG_002,160
TCTTCAAGAAGAAATACACG_003,19
ATGGATTGCCTCAATAGCTG_001,37
ATGGATTGCCTCAATAGCTG_002,91
ATGGATTGCCTCAATAGCTG_003,23
ATGGATTGCCTCAATAGCTG_004,116
ATGGATTGCCTCAATAGCTG_005,127
ATGGATTGCCTCAATAGCTG_006,127
ATGGATTGCCTCAATAGCTG_007,56
ATGGATTGCCTCAATAGCTG_008,166
ATGGATTGCCTCAATAGCTG_009,2
ATGGATTGCCTCAATAGCTG_010,137
ATGGATTGCCTCAATAGCTG_011,64
ATGGATTGCCTCAATAGCTG_012,161
AAATTTGACCTACCGAGGGT_001,108
AAATTTGACCTACCGAGGGT_002,40
AAATTTGACCTACCGAGGGT_003,155
GATTCTTTACTGGATTCGTG_001,5
GATTCTTTACTGGATTCGTG_002,88
GATTCTTTACTGGATTCGTG_003,6
GATTCTTTACTGGATTCGTG_004,146
GATTCTTTACTGGATTCGTG_005,80
GATTCTTTACTGGATTCGTG_006,80
GATTCTTTACTGGATTCGTG_007,19
GATTCTTTACTGGATTCGTG_008,29
GATTCTTTACTGGATTCGTG_009,88
GATTCTTTACTGGATTCGTG_010,145
GATTCTTTACTGGATTCGTG_011,78
GACATTCCACTGAACTAAGG_001,26
GACATTCCACTGAACTAAGG_002,149
GACATTCCACTGAACTAAGG_003,188
GACATTCCACTGAACTAAGG_004,22
GACATTCCACTGAACTAAGG_005,16
GACATTCCACTGAACTAAGG_006,19
GCTGAGGAGGAGGTACATGG_001,34
GCTGAGGAGGAGGTACATGG_002,151
GCTGAGGAGGAGGTACATGG_003,42
AGGAGGAGGAACCTTCCGAA_001,78
AGGAGGAGGAACCTTCCGAA_002,63
AGGAGGAGGAACCTTCCGAA_003,92
AGGAGGAGGAACCTTCCGAA_004,72
AGGAGGAGGAACCTTCCGAA_005,176
AGGAGGAGGAACCTTCCGAA_006,176
AGGAGGAGGAACCTTCCGAA_007,57
AGGAGGAGGAACCTTCCGAA_008,116
AGGAGGAGGAACCTTCCGAA_009,158
AGGAGGAGGAACCTTCCGAA_010,197
GATGTTATCATCACGCTAGT_001,17
TAAGCCCCTGAAGTATAAGG_001,105
TAAGCCCCTGAAGTATAAGG_002,169
TAAGCCCCTGAAGTATAAGG_003,8
TAAGCCCCTGAAGTATAAGG_004,15
TAAGCCCCTGAAGTATAAGG_005,188
TAAGCCCCTGAAGTATAAGG_006,26
TAAGCCCCTGAAGTATAAGG_007,63
TAAGCCCCTGAAGTATAAGG_008,106
AATATTAGAGAACACTAATG_001,82
AGGGTCGGTAAGCATGTAGG_001,145
AGGGTCGGTAAGCATGTAGG_002,27
AGGGTCGGTAAGCATGTAGG_003,78
AGGGTCGGTAAGCATGTAGG_004,160
AGGGTCGGTAAGCATGTAGG_005,155
AGGGTCGGTAAGCATGTAGG_006,127
AGGGTCGGTAAGCATGTAGG_007,2
AGGGTCGGTAAGCATGTAGG_008,29
AGGGTCGGTAAGCATGTAGG_009,146
AGGGTCGGTAAGCATGTAGG_010,18
AGGGTCGGTAAGCATGTAGG_011,23
AGGGTCGGTAAGCATGTAGG_012,178
AGGGTCGGTAAGCATGTAGG_013,183
AGGGTCGGTAAGCATGTAGG_014,144
AGGGTCGGTAAGCATGTAGG_015,72
AGGGTCGGTAAGCATGTAGG_016,72
GCTGTACCCAGCCTCCATCG_001,17
GCTGTACCCAGCCTCCATCG_002,176
GCTGTACCCAGCCTCCATCG_003,134
GCTGTACCCAGCCTCCATCG_004,179
GCTGTACCCAGCCTCCATCG_005,113
GCTGTACCCAGCCTCCATCG_006,1
GTTCTCTGGTGTACAACGAA_001,21
GTTCTCTGGTGTACAACGAA_002,9
GTTCTCTGGTGTACAACGAA_003,15
GTTCTCTGGTGTACAACGAA_004,197
GTTCTCTGGTGTACAACGAA_005,147
GTTCTCTGGTGTACAACGAA_006,56
ACATCTACCTCCGAGGACGA_001,169
ACATCTACCTCCGAGGACGA_002,141
ACATCTACCTCCGAGGACGA_003,141
ACATCTACCTCCGAGGACGA_004,188
ACATCTACCTCCGAGGACGA_005,28
ACATCTACCTCCGAGGACGA_006,12
ACATCTACCTCCGAGGACGA_007,138
AGGCAACTATGAACTAGCTG_001,182
AGGCAACTATGAACTAGCTG_002,58
AGGCAACTATGAACTAGCTG_003,177
AGGCAACTATGAACTAGCTG_004,16
AGGCAACTATGAACTAGCTG_005,27
AGGCAACTATGAACTAGCTG_006,29
AGGCAACTATGAACTAGCTG_007,81
AGGCAACTATGAACTAGCTG_008,57
AGGCAACTATGAACTAGCTG_009,32
AGGCAACTATGAACTAGCTG_010,197
AGGCAACTATGAACTAGCTG_011,38
AGGCAACTATGAACTAGCTG_012,8
AGGCAACTATGAACTAGCTG_013,157
AGGCAACTATGAACTAGCTG_014,190
AGGCAACTATGAACTAGCTG_015,190
AGGCAACTATGAACTAGCTG_016,45
AGGCAACTATGAACTAGCTG_017,149
AGGCAACTATGAACTAGCTG_018,149
GGTGGTGACAGACTATGCTG_001,17
GGTGGTGACAGACTATGCTG_002,176
GGTGGTGACAGACTATGCTG_003,191
GGTGGTGACAGACTATGCTG_004,191
GGTGGTGACAGACTATGCTG_005,29
GGTGGTGACAGACTATGCTG_006,160
GGTGGTGACAGACTATGCTG_007,57
GGTGGTGACAGACTATGCTG_008,162
GGTGGTGACAGACTATGCTG_009,54
GGTGGTGACAGACTATGCTG_010,65
GGTGGTGACAGACTATGCTG_011,78
GGTGGTGACAGACTATGCTG_012,184
GGTGGTGACAGACTATGCTG_013,139
GGTGGTGACAGACTATGCTG_014,25
GGTGGTGACAGACTATGCTG_015,124
GGTGGTGACAGACTATGCTG_016,10
GGTGGTGACAGACTATGCTG_017,117
GGTGGTGACAGACTATGCTG_018,60
GGTGGTGACAGACTATGCTG_019,196
GGTGGTGACAGACTATGCTG_020,28
GGTGGTGACAGACTATGCTG_021,81
GGTGGTGACAGACTATGCTG_022,124
GGTGGTGACAGACTATGCTG_023,89
CTCCCGCAGAGCACCCACGT_001,32
CTCCCGCAGAGCACCCACGT_002,36
CTCCCGCAGAGCACCCACGT_003,53
CTCCCGCAGAGCACCCACGT_004,138
CTCCCGCAGAGCACCCACGT_005,142
CTCCCGCAGAGCACCCACGT_006,68
CTCCCGCAGAGCACCCACGT_007,199
CTCCCGCAGAGCACCCACGT_008,174
TGGAACAGATCAACGTCCGA_001,19
TGGAACAGATCAACGTCCGA_002,182
TGGAACAGATCAACGTCCGA_003,33
TGGAACAGATCAACGTCCGA_004,174
TGGAACAGATCAACGTCCGA_005,94
TGGAACAGATCAACGTCCGA_006,170
TGGAACAGATCAACGTCCGA_007,50
TGGAACAGATCAACGTCCGA_008,169
TGGAACAGATCAACGTCCGA_009,171
TGGAACAGATCAACGTCCGA_010,19
TGGAACAGATCAACGTCCGA_011,38
TGGAACAGATCAACGTCCGA_012,98
TGGAACAGATCAACGTCCGA_013,174
TGGAACAGATCAACGTCCGA_014,187
TGGAACAGATCAACGTCCGA_015,155
CATGCGGGTAGTATGGACTG_001,139
CATGCGGGTAGTATGGACTG_002,177
CATGCGGGTAGTATGGACTG_003,177
CATGCGGGTAGTATGGACTG_004,199
CATGCGGGTAGTATGGACTG_005,146
CATGCGGGTAGTATGGACTG_006,34
CATGCGGGTAGTATGGACTG_007,15
CATGCGGGTAGTATGGACTG_008,48
CATGCGGGTAGTATGGACTG_009,163
CATGCGGGTAGTATGGACTG_010,124
CATGCGGGTAGTATGGACTG_011,22
GTTCATCCTCAATTTCGAGG_001,43
GTTCATCCTCAATTTCGAGG_002,19
TGAAGACTTCCATGAGTGAA_001,172
TGAAGACTTCCATGAGTGAA_002,5
TGAAGACTTCCATGAGTGAA_003,54
TGAAGACTTCCATGAGTGAA_004,71
TGAAGACTTCCATGAGTGAA_005,39
TGAAGACTTCCATGAGTGAA_006,83
TGAAGACTTCCATGAGTGAA_007,81
TGAAGACTTCCATGAGTGAA_008,59
TGAAGACTTCCATGAGTGAA_009,197
TGAAGACTTCCATGAGTGAA_010,185
TGAAGACTTCCATGAGTGAA_011,176
TGAAGACTTCCATGAGTGAA_012,176
TGAAGACTTCCATGAGTGAA_013,134
TGAAGACTTCCATGAGTGAA_014,10
TGAAGACTTCCATGAGTGAA_015,169
TGAAGACTTCCATGAGTGAA_016,116
ACCTGCATCACAAAGCGAGG_001,111
ACCTGCATCACAAAGCGAGG_002,43
ACCTGCATCACAAAGCGAGG_003,113
ACCTGCATCACAAAGCGAGG_004,55
ACCTGCATCACAAAGCGAGG_005,22
ACCTGCATCACAAAGCGAGG_006,198
AGAGCCTAGGTCTGGCGTCG_001,115
AGAGCCTAGGTCTGGCGTCG_002,155
CATTACACATCAAGGACTCA_001,22
AATCACGAAATGGCCAACGG_001,58
AATCACGAAATGGCCAACGG_002,144
AATCACGAAATGGCCAACGG_003,6
AATCACGAAATGGCCAACGG_004,24
AATCACGAAATGGCCAACGG_005,8
AATCACGAAATGGCCAACGG_006,81
AATCACGAAATGGCCAACGG_007,148
AATCACGAAATGGCCAACGG_008,158
AATCACGAAATGGCCAACGG_009,38
AATCACGAAATGGCCAACGG_010,83
AATCACGAAATGGCCAACGG_011,52
AATCACGAAATGGCCAACGG_012,83
AATCACGAAATGGCCAACGG_013,184
AATCACGAAATGGCCAACGG_014,151
AATCACGAAATGGCCAACGG_015,78
AATCACGAAATGGCCAACGG_016,58
AATCACGAAATGGCCAACGG_017,39
AATCACGAAATGGCCAACGG_018,1
AATCACGAAATGGCCAACGG_019,172
AATCACGAAATGGCCAACGG_020,144
AATCACGAAATGGCCAACGG_021,89
ATAAGTTCTTTGATCTTCTC_001,112
ATAAGTTCTTTGATCTTCTC_002,48
ATAAGTTCTTTGATCTTCTC_003,113
ATAAGTTCTTTGATCTTCTC_004,20
ATAAGTTCTTTGATCTTCTC_005,29
ATAAGTTCTTTGATCTTCTC_006,125
ATAAGTTCTTTGATCTTCTC_007,149
ATAAGTTCTTTGATCTTCTC_008,78
ATAAGTTCTTTGATCTTCTC_009,120
ATAAGTTCTTTGATCTTCTC_010,95
ATAAGTTCTTTGATCTTCTC_011,52
CCAGAGAAACCACTTCGACG_001,159
CCAGAGAAACCACTTCGACG_002,184
CCAGAGAAACCACTTCGACG_003,150
CCAGAGAAACCACTTCGACG_004,12
CCAGAGAAACCACTTCGACG_005,133
CCAGAGAAACCACTTCGACG_006,35
CCAGAGAAACCACTTCGACG_007,103
CCAGAGAAACCACTTCGACG_008,126
CCAGAGAAACCACTTCGACG_009,26
CCAGAGAAACCACTTCGACG_010,161
CCAGAGAAACCACTTCGACG_011,42
GAGGACATTAGGACTTCAGG_001,154
GAGGACATTAGGACTTCAGG_002,23
GAGGACATTAGGACTTCAGG_003,148
GAGGACATTAGGACTTCAGG_004,45
GAGGACATTAGGACTTCAGG_005,174
GAGGACATTAGGACTTCAGG_006,145
GAGGACATTAGGACTTCAGG_007,137
GAGGACATTAGGACTTCAGG_008,94
GAGGACATTAGGACTTCAGG_009,130
AGCTCCACAGTACACCACGT_001,181
ATGAACGTAGGCTCCCTGCA_001,55
ATGAACGTAGGCTCCCTGCA_002,34
ATGAACGTAGGCTCCCTGCA_003,26
ATGAACGTAGGCTCCCTGCA_004,26
ATGAACGTAGGCTCCCTGCA_005,34
ATGAACGTAGGCTCCCTGCA_006,178
ATGAACGTAGGCTCCCTGCA_007,158
ATGAACGTAGGCTCCCTGCA_008,178
ATGAACGTAGGCTCCCTGCA_009,169
ATGAACGTAGGCTCCCTGCA_010,198
ATGAACGTAGGCTCCCTGCA_011,5
ATGAACGTAGGCTCCCTGCA_012,51
ATGAACGTAGGCTCCCTGCA_013,16
ATGAACGTAGGCTCCCTGCA_014,37
GGGGAATCTTGACCCAAACA_001,115
GGGGAATCTTGACCCAAACA_002,127
GGGGAATCTTGACCCAAACA_003,17
AGCACAAATCCTACCAGCAC_001,23
AGCACAAATCCTACCAGCAC_002,169
AGCACAAATCCTACCAGCAC_003,96
AGCACAAATCCTACCAGCAC_004,163
AGCACAAATCCTACCAGCAC_005,7
AGCACAAATCCTACCAGCAC_006,57
AGCACAAATCCTACCAGCAC_007,122
AGCACAAATCCTACCAGCAC_008,90
AGCACAAATCCTACCAGCAC_009,118
AGCACAAATCCTACCAGCAC_010,104
AGCACAAATCCTACCAGCAC_011,31
ACATTGTCTGGCCTCACAGG_001,5
GCTCAACCCTACATCGCTGA_001,42
GCTCAACCCTACATCGCTGA_002,18
GCTCAACCCTACATCGCTGA_003,89
CTCATCAACAAGATGCAGGT_001,79
CCAAAATGAATGACTTCATG_001,157
CCAAAATGAATGACTTCATG_002,9
CCAAAATGAATGACTTCATG_003,22
TAATGATCACTGTTCCTATT_001,55
TAATGATCACTGTTCCTATT_002,83
AAGGTGTGAGGACTGCCTAA_001,148
AAGGTGTGAGGACTGCCTAA_002,85
AAGGTGTGAGGACTGCCTAA_003,184
ATGCAAACCCTTATACTATG_001,40
ATGCAAACCCTTATACTATG_002,184
ATGCAAACCCTTATACTATG_003,13
ATGCAAACCCTTATACTATG_004,100
ATGCAAACCCTTATACTATG_005,163
ATGCAAACCCTTATACTATG_006,63
ATGCAAACCCTTATACTATG_007,112
ACGACGATGAAAATACCTGC_001,78
ACGACGATGAAAATACCTGC_002,48
ACGACGATGAAAATACCTGC_003,17
GCTGCCAGCAAACTGCCACT_001,160
GCTGCCAGCAAACTGCCACT_002,106
GCTGCCAGCAAACTGCCACT_003,12
GCTGCCAGCAAACTGCCACT_004,154
GCTGCCAGCAAACTGCCACT_005,147
TCTTCGTATCTAGTGCTCTG_001,115
TCTTCGTATCTAGTGCTCTG_002,61
TCTTCGTATCTAGTGCTCTG_003,42
TCTTCGTATCTAGTGCTCTG_004,168
TGGGGCAAGACCAAGTACAA_001,113
TGGGGCAAGACCAAGTACAA_002,32
TGGGGCAAGACCAAGTACAA_003,54
TGGGGCAAGACCAAGTACAA_004,101
TGGGGCAAGACCAAGTACAA_005,190
TGGGGCAAGACCAAGTACAA_006,53
TGGGGCAAGACCAAGTACAA_007,191
TGGGGCAAGACCAAGTACAA_008,35
TGGGGCAAGACCAAGTACAA_009,58
TGGGGCAAGACCAAGTACAA_010,149
GTCTGCCATTACACAGCCTG_001,116
GTCTGCCATTACACAGCCTG_002,130
GTCTGCCATTACACAGCCTG_003,148
GTCTGCCATTACACAGCCTG_004,39
GTCTGCCATTACACAGCCTG_005,113
GTCTGCCATTACACAGCCTG_006,47
GTCTGCCATTACACAGCCTG_007,158
GTCTGCCATTACACAGCCTG_008,28
GTCTGCCATTACACAGCCTG_009,60
CATTCCAGGCAGAATCACCC_001,189
CATTCCAGGCAGAATCACCC_002,170
CATTCCAGGCAGAATCACCC_003,25
CATTCCAGGCAGAATCACCC_004,161
TGGCTGGCCTGGGATCCGTG_001,17
TGGCTGGCCTGGGATCCGTG_002,108
TGGCTGGCCTGGGATCCGTG_003,188
TGGCTGGCCTGGGATCCGTG_004,163
TGGCTGGCCTGGGATCCGTG_005,125
TGGCTGGCCTGGGATCCGTG_006,125
TGGCTGGCCTGGGATCCGTG_007,175
TGGCTGGCCTGGGATCCGTG_008,88
TGGCTGGCCTGGGATCCGTG_009,50
TGGCTGGCCTGGGATCCGTG_010,20
TGGCTGGCCTGGGATCCGTG_011,48
TGGCTGGCCTGGGATCCGTG_012,149
TGGCTGGCCTGGGATCCGTG_013,36
TGGCTGGCCTGGGATCCGTG_014,146
TGGCTGGCCTGGGATCCGTG_015,11
TGGCTGGCCTGGGATCCGTG_016,141
TGGCTGGCCTGGGATCCGTG_017,117
TGGCTGGCCTGGGATCCGTG_018,126
TGGCTGGCCTGGGATCCGTG_019,72
TGGCTGGCCTGGGATCCGTG_020,63
TGGCTGGCCTGGGATCCGTG_021,6
TGGCTGGCCTGGGATCCGTG_022,64
TGGCTGGCCTGGGATCCGTG_023,15
TGGCTGGCCTGGGATCCGTG_024,20
TGGCTGGCCTGGGATCCGTG_025,124
TGGCTGGCCTGGGATCCGTG_026,176
AATCCTCTCGATATTCGGGT_001,120
AATCCTCTCGATATTCGGGT_002,88
GCATTCCCAACTCCTTGATG_001,117
GCATTCCCAACTCCTTGATG_002,150
GCATTCCCAACTCCTTGATG_003,66
GCATTCCCAACTCCTTGATG_004,171
GCATTCCCAACTCCTTGATG_005,184
GCATTCCCAACTCCTTGATG_006,191
GCATTCCCAACTCCTTGATG_007,127
GCATTCCCAACTCCTTGATG_008,122
GCATTCCCAACTCCTTGATG_009,110
GCATTCCCAACTCCTTGATG_010,61
GCATTCCCAACTCCTTGATG_011,127
GCATTCCCAACTCCTTGATG_012,39
TGGGACTGAGAACAGACTCA_001,63
TGGGACTGAGAACAGACTCA_002,29
TGGGACTGAGAACAGACTCA_003,172
TGGGACTGAGAACAGACTCA_004,65
TGGGACTGAGAACAGACTCA_005,122
TGGGACTGAGAACAGACTCA_006,181
TGGGACTGAGAACAGACTCA_007,156
TGGGACTGAGAACAGACTCA_008,70
TGGGACTGAGAACAGACTCA_009,135
TGGGACTGAGAACAGACTCA_010,82
TGGGACTGAGAACAGACTCA_011,146
TGGGACTGAGAACAGACTCA_012,143
TGGGACTGAGAACAGACTCA_013,143
CCACCAGCACTGAATCATCC_001,105
CCACCAGCACTGAATCATCC_002,187
CCACCAGCACTGAATCATCC_003,53
CGCTCAAAGCCCTCGCGCAG_001,77
CGCTCAAAGCCCTCGCGCAG_002,105
CGCTCAAAGCCCTCGCGCAG_003,147
CGCTCAAAGCCCTCGCGCAG_004,147
CGCTCAAAGCCCTCGCGCAG_005,50
CGCTCAAAGCCCTCGCGCAG_006,189
CGCTCAAAGCCCTCGCGCAG_007,5
CGCTCAAAGCCCTCGCGCAG_008,197
CGCTCAAAGCCCTCGCGCAG_009,33
CGCTCAAAGCCCTCGCGCAG_010,140
CGCTCAAAGCCCTCGCGCAG_011,93
CGCTCAAAGCCCTCGCGCAG_012,152
CGCTCAAAGCCCTCGCGCAG_013,127
CGCTCAAAGCCCTCGCGCAG_014,140
CGCTCAAAGCCCTCGCGCAG_015,122
CGCTCAAAGCCCTCGCGCAG_016,72
CGCTCAAAGCCCTCGCGCAG_017,55
CGCTCAAAGCCCTCGCGCAG_018,64
CGCTCAAAGCCCTCGCGCAG_019,36
CGCTCAAAGCCCTCGCGCAG_020,83
CGCTCAAAGCCCTCGCGCAG_021,73
CGCTCAAAGCCCTCGCGCAG_022,137
CGCTCAAAGCCCTCGCGCAG_023,27
CGCTCAAAGCCCTCGCGCAG_024,16
CGCTCAAAGCCCTCGCGCAG_025,36
CGCTCAAAGCCCTCGCGCAG_026,31
CGCTCAAAGCCCTCGCGCAG_027,121
CGCTCAAAGCCCTCGCGCAG_028,48
GCGGCACGCGTGGAACCCCG_001,109
GCGGCACGCGTGGAACCCCG_002,94
GCGGCACGCGTGGAACCCCG_003,194
GCGGCACGCGTGGAACCCCG_004,83
GCGGCACGCGTGGAACCCCG_005,12
GCGGCACGCGTGGAACCCCG_006,153
GCGGCACGCGTGGAACCCCG_007,0
GCGGCACGCGTGGAACCCCG_008,158
GCGGCACGCGTGGAACCCCG_009,18
AAAATATGAAGGACTAACAA_001,140
TTAGGTCATTGCTAGAATCG_001,62
CCAGGCTGTGAACAAAGACC_001,81
CCAGGCTGTGAACAAAGACC_002,108
CCAGGCTGTGAACAAAGACC_003,154
CCAGGCTGTGAACAAAGACC_004,154
CCAGGCTGTGAACAAAGACC_005,135
CCAGGCTGTGAACAAAGACC_006,169
CCAGGCTGTGAACAAAGACC_007,77
CCAGGCTGTGAACAAAGACC_008,120
CCAGGCTGTGAACAAAGACC_009,198
CCAGGCTGTGAACAAAGACC_010,40
CCAGGCTGTGAACAAAGACC_011,188
GTGGAGCTGGGACATCGAGG_001,44
GTGGAGCTGGGACATCGAGG_002,44
GTGGAGCTGGGACATCGAGG_003,12
GGCGAGCAGAAGGGCCAGCG_001,184
GGCGAGCAGAAGGGCCAGCG_002,81
GGCGAGCAGAAGGGCCAGCG_003,59
GGCGAGCAGAAGGGCCAGCG_004,149
GGCGAGCAGAAGGGCCAGCG_005,149
GGCGAGCAGAAGGGCCAGCG_006,165
GGCGAGCAGAAGGGCCAGCG_007,198
GGCGAGCAGAAGGGCCAGCG_008,198
GGCGAGCAGAAGGGCCAGCG_009,12
GGCGAGCAGAAGGGCCAGCG_010,177
ACGCGCTGGACTATGCACAG_001,190
ACGCGCTGGACTATGCACAG_002,186
ACGCGCTGGACTATGCACAG_003,62
ACGCGCTGGACTATGCACAG_004,26
ACGCGCTGGACTATGCACAG_005,98
ACGCGCTGGACTATGCACAG_006,185
ACGCGCTGGACTATGCACAG_007,148
ACGCGCTGGACTATGCACAG_008,74
ACGCGCTGGACTATGCACAG_009,76
ACGCGCTGGACTATGCACAG_010,169
ACGCGCTGGACTATGCACAG_011,158
ACGCGCTGGACTATGCACAG_012,37
CCTAGGCCGAGGAACGTCAT_001,50
CCTAGGCCGAGGAACGTCAT_002,198
CCTAGGCCGAGGAACGTCAT_003,43
CCTAGGCCGAGGAACGTCAT_004,20
CCTAGGCCGAGGAACGTCAT_005,141
CCTAGGCCGAGGAACGTCAT_006,2
CCTAGGCCGAGGAACGTCAT_007,171
CCTAGGCCGAGGAACGTCAT_008,4
CCTAGGCCGAGGAACGTCAT_009,25
TACAGGCGCGAGTAATAGCG_001,64
AGGCTCCAGGAATGTCCGCG_001,74
AGGCTCCAGGAATGTCCGCG_002,77
AGGCTCCAGGAATGTCCGCG_003,78
AGGCTCCAGGAATGTCCGCG_004,41
AGGCTCCAGGAATGTCCGCG_005,105
AGGCTCCAGGAATGTCCGCG_006,77
AGGCTCCAGGAATGTCCGCG_007,199
AGGCTCCAGGAATGTCCGCG_008,42
AGGCTCCAGGAATGTCCGCG_009,119
AGGCTCCAGGAATGTCCGCG_010,162
AGGCTCCAGGAATGTCCGCG_011,106
AGGCTCCAGGAATGTCCGCG_012,160
AGGCTCCAGGAATGTCCGCG_013,1
AGGCTCCAGGAATGTCCGCG_014,190
AGGCTCCAGGAATGTCCGCG_015,145
AGGCTCCAGGAATGTCCGCG_016,196
AGGCTCCAGGAATGTCCGCG_017,140
AGGCTCCAGGAATGTCCGCG_018,134
AGGCTCCAGGAATGTCCGCG_019,26
AGGCTCCAGGAATGTCCGCG_020,107
AGGCTCCAGGAATGTCCGCG_021,94
AGGCTCCAGGAATGTCCGCG_022,116
AGGCTCCAGGAATGTCCGCG_023,18
AGGCTCCAGGAATGTCCGCG_024,175
AGGCTCCAGGAATGTCCGCG_025,131
AGGCTCCAGGAATGTCCGCG_026,180
TCAGCGTGTAGTCGTCCCGG_001,115
TCAGCGTGTAGTCGTCCCGG_002,89
TCAGCGTGTAGTCGTCCCGG_003,62
TCAGCGTGTAGTCGTCCCGG_004,23
TCAGCGTGTAGTCGTCCCGG_005,20
TCAGCGTGTAGTCGTCCCGG_006,13
TCAGCGTGTAGTCGTCCCGG_007,70
TCAGCGTGTAGTCGTCCCGG_008,192
TCAGCGTGTAGTCGTCCCGG_009,9
TCAGCGTGTAGTCGTCCCGG_010,144
TCAGCGTGTAGTCGTCCCGG_011,152
TCAGCGTGTAGTCGTCCCGG_012,152
TCAGCGTGTAGTCGTCCCGG_013,26
TTTATCATACAGTTGCGTGG_001,84
TTATCAGGGAATGACATCCA_001,118
TTATCAGGGAATGACATCCA_002,169
TTATCAGGGAATGACATCCA_003,121
TTATCAGGGAATGACATCCA_004,109
TTATCAGGGAATGACATCCA_005,105
TTATCAGGGAATGACATCCA_006,181
TTATCAGGGAATGACATCCA_007,80
GCCCGACGCTGGTCCGACCC_001,196
GCCCGACGCTGGTCCGACCC_002,30
TGATTATGGTCATTCTCGTC_001,88
TGATTATGGTCATTCTCGTC_002,36
TGATTATGGTCATTCTCGTC_003,8
AATGAGCACGAAGCTGCTGT_001,176
AATGAGCACGAAGCTGCTGT_002,3
AATGAGCACGAAGCTGCTGT_003,110
AATGAGCACGAAGCTGCTGT_004,7
AATGAGCACGAAGCTGCTGT_005,106
AATGAGCACGAAGCTGCTGT_006,1
AGATGCTGTAGCTATCACAT_001,15
AGATGCTGTAGCTATCACAT_002,136
AGATGCTGTAGCTATCACAT_003,42
AGATGCTGTAGCTATCACAT_004,172
AGATGCTGTAGCTATCACAT_005,41
AGATGCTGTAGCTATCACAT_006,1
AGATGCTGTAGCTATCACAT_007,144
AGATGCTGTAGCTATCACAT_008,92
AGATGCTGTAGCTATCACAT_009,94
AGATGCTGTAGCTATCACAT_010,91
AGATGCTGTAGCTATCACAT_011,28
AGATGCTGTAGCTATCACAT_012,39
AGATGCTGTAGCTATCACAT_013,25
AGATGCTGTAGCTATCACAT_014,154
AGATGCTGTAGCTATCACAT_015,69
AGATGCTGTAGCTATCACAT_016,149
AGATGCTGTAGCTATCACAT_017,68
AGCGGTCAAAGCGCCACTTG_001,157
AGCGGTCAAAGCGCCACTTG_002,114
AGCGGTCAAAGCGCCACTTG_003,144
AGCGGTCAAAGCGCCACTTG_004,113
AGCGGTCAAAGCGCCACTTG_005,190
AGCGGTCAAAGCGCCACTTG_006,51
AGCGGTCAAAGCGCCACTTG_007,68
AGCGGTCAAAGCGCCACTTG_008,1
AGCGGTCAAAGCGCCACTTG_009,170
AGCGGTCAAAGCGCCACTTG_010,59
AGCGGTCAAAGCGCCACTTG_011,61
AGCGGTCAAAGCGCCACTTG_012,114
AGCGGTCAAAGCGCCACTTG_013,146
AGCGGTCAAAGCGCCACTTG_014,24
AGCGGTCAAAGCGCCACTTG_015,153
AGCGGTCAAAGCGCCACTTG_016,170
AGCGGTCAAAGCGCCACTTG_017,121
AGCGGTCAAAGCGCCACTTG_018,1
AGCGGTCAAAGCGCCACTTG_019,61
AGCGGTCAAAGCGCCACTTG_020,17
AGCGGTCAAAGCGCCACTTG_021,50
AGCGGTCAAAGCGCCACTTG_022,144
AGCGGTCAAAGCGCCACTTG_023,163
AGCGGTCAAAGCGCCACTTG_024,130
AGCGGTCAAAGCGCCACTTG_025,49
CTGTCGGCCAACCCTATCAG_001,160
CTGTCGGCCAACCCTATCAG_002,1
CTGTCGGCCAACCCTATCAG_003,128
CTGTCGGCCAACCCTATCAG_004,2
CTGTCGGCCAACCCTATCAG_005,112
CTGTCGGCCAACCCTATCAG_006,188
CTGTCGGCCAACCCTATCAG_007,112
CTGTCGGCCAACCCTATCAG_008,186
CTGTCGGCCAACCCTATCAG_009,192
CTGTCGGCCAACCCTATCAG_010,174
CTGTCGGCCAACCCTATCAG_011,185
CTGTCGGCCAACCCTATCAG_012,15
CTGTCGGCCAACCCTATCAG_013,166
CTGTCGGCCAACCCTATCAG_014,115
CTGTCGGCCAACCCTATCAG_015,127
CTGTCGGCCAACCCTATCAG_016,169
CTGTCGGCCAACCCTATCAG_017,3
CTGTCGGCCAACCCTATCAG_018,168
CTGTCGGCCAACCCTATCAG_019,170
CTGTCGGCCAACCCTATCAG_020,46
CTGTCGGCCAACCCTATCAG_021,82
CTGTCGGCCAACCCTATCAG_022,63
CTGTCGGCCAACCCTATCAG_023,66
CTGTCGGCCAACCCTATCAG_024,137
CTGTCGGCCAACCCTATCAG_025,191
CTGTCGGCCAACCCTATCAG_026,8
CTGTCGGCCAACCCTATCAG_027,182
AATATGCTATTGTCCACTGG_001,144
ACCGTCTACGCCGAGACCGT_001,175
ACCGTCTACGCCGAGACCGT_002,130
ACCGTCTACGCCGAGACCGT_003,109
ACCGTCTACGCCGAGACCGT_004,111
ACCGTCTACGCCGAGACCGT_005,53
ACCGTCTACGCCGAGACCGT_006,158
ACCGTCTACGCCGAGACCGT_007,113
ACCGTCTACGCCGAGACCGT_008,94
ACCGTCTACGCCGAGACCGT_009,1
ACCGTCTACGCCGAGACCGT_010,81
ACCGTCTACGCCGAGACCGT_011,165
AGCGGCTTAAAAAGCCACCG_001,176
AGCGGCTTAAAAAGCCACCG_002,35
AGCGGCTTAAAAAGCCACCG_003,116
AGCGGCTTAAAAAGCCACCG_004,199
AGCGGCTTAAAAAGCCACCG_005,54
AGCGGCTTAAAAAGCCACCG_006,50
AGCGGCTTAAAAAGCCACCG_007,170
AGCGGCTTAAAAAGCCACCG_008,112
AGCGGCTTAAAAAGCCACCG_009,30
AGCGGCTTAAAAAGCCACCG_010,11
AGCGGCTTAAAAAGCCACCG_011,46
AGCGGCTTAAAAAGCCACCG_012,170
AGCGGCTTAAAAAGCCACCG_013,41
AGCGGCTTAAAAAGCCACCG_014,168
ACAGGTCCACGTCTGACCGG_001,103
ACAGGTCCACGTCTGACCGG_002,160
ACAGGTCCACGTCTGACCGG_003,108
ACAGGTCCACGTCTGACCGG_004,75
ACAGGTCCACGTCTGACCGG_005,83
ACAGGTCCACGTCTGACCGG_006,111
ACAGGTCCACGTCTGACCGG_007,48
ACAGGTCCACGTCTGACCGG_008,76
ACAGGTCCACGTCTGACCGG_009,190
ACAGGTCCACGTCTGACCGG_010,141
ACAGGTCCACGTCTGACCGG_011,73
ACAGGTCCACGTCTGACCGG_012,70
ACAGGTCCACGTCTGACCGG_013,75
ACAGGTCCACGTCTGACCGG_014,58
ACATAGTACCGCCGGCCCTG_001,146
ACATAGTACCGCCGGCCCTG_002,9
ACATAGTACCGCCGGCCCTG_003,10
ACATAGTACCGCCGGCCCTG_004,84
ACATAGTACCGCCGGCCCTG_005,170
ACATAGTACCGCCGGCCCTG_006,57
ACATAGTACCGCCGGCCCTG_007,41
ACATAGTACCGCCGGCCCTG_008,199
ACATAGTACCGCCGGCCCTG_009,112
ACATAGTACCGCCGGCCCTG_010,28
ACATAGTACCGCCGGCCCTG_011,9
ACATAGTACCGCCGGCCCTG_012,127
ACATAGTACCGCCGGCCCTG_013,177
ACATAGTACCGCCGGCCCTG_014,116
ACATAGTACCGCCGGCCCTG_015,87
ACATAGTACCGCCGGCCCTG_016,12
ACATAGTACCGCCGGCCCTG_017,48
ACATAGTACCGCCGGCCCTG_018,44
ACATAGTACCGCCGGCCCTG_019,112
ACATAGTACCGCCGGCCCTG_020,152
ACATAGTACCGCCGGCCCTG_021,198
ACATAGTACCGCCGGCCCTG_022,119
ACATAGTACCGCCGGCCCTG_023,51
ACATAGTACCGCCGGCCCTG_024,162
ACATAGTACCGCCGGCCCTG_025,192
ACATAGTACCGCCGGCCCTG_026,76
ACATAGTACCGCCGGCCCTG_027,120
ACATAGTACCGCCGGCCCTG_028,168
ACATAGTACCGCCGGCCCTG_029,151
ACATAGTACCGCCGGCCCTG_030,137
ACATAGTACCGCCGGCCCTG_031,11
ACATAGTACCGCCGGCCCTG_032,188
ACATAGTACCGCCGGCCCTG_033,97
ACATAGTACCGCCGGCCCTG_034,132
ACATAGTACCGCCGGCCCTG_035,153
ACATAGTACCGCCGGCCCTG_036,124
ACATAGTACCGCCGGCCCTG_037,63
ACATAGTACCGCCGGCCCTG_038,149
ACATAGTACCGCCGGCCCTG_039,16
TATTAAAATCCCGTGCACGG_001,158
TATTAAAATCCCGTGCACGG_002,177
TATTAAAATCCCGTGCACGG_003,3
TATTAAAATCCCGTGCACGG_004,60
TATTAAAATCCCGTGCACGG_005,127
TATTAAAATCCCGTGCACGG_006,28
TATTAAAATCCCGTGCACGG_007,12
TATTAAAATCCCGTGCACGG_008,165
AGAACCCAGACGCCAGCGGT_001,78
AGAACCCAGACGCCAGCGGT_002,12
AGAACCCAGACGCCAGCGGT_003,103
AGAACCCAGACGCCAGCGGT_004,2
AGAACCCAGACGCCAGCGGT_005,183
AGAACCCAGACGCCAGCGGT_006,8
AGAACCCAGACGCCAGCGGT_007,56
AGAACCCAGACGCCAGCGGT_008,88
AGAACCCAGACGCCAGCGGT_009,94
AGAACCCAGACGCCAGCGGT_010,141
AGAACCCAGACGCCAGCGGT_011,124
AGAACCCAGACGCCAGCGGT_012,122
AGAACCCAGACGCCAGCGGT_013,2
AGAACCCAGACGCCAGCGGT_014,132
AGAACCCAGACGCCAGCGGT_015,69
AGAACCCAGACGCCAGCGGT_016,77
AGAACCCAGACGCCAGCGGT_017,117
AGAACCCAGACGCCAGCGGT_018,107
AGAACCCAGACGCCAGCGGT_019,26
AGAACCCAGACGCCAGCGGT_020,156
AGAACCCAGACGCCAGCGGT_021,115
AGAACCCAGACGCCAGCGGT_022,37
AGAACCCAGACGCCAGCGGT_023,179
AGAACCCAGACGCCAGCGGT_024,151
AGAACCCAGACGCCAGCGGT_025,172
AGAACCCAGACGCCAGCGGT_026,105
AGAACCCAGACGCCAGCGGT_027,169
AGAACCCAGACGCCAGCGGT_028,149
AGAACCCAGACGCCAGCGGT_029,51
AGAACCCAGACGCCAGCGGT_030,187
AGAACCCAGACGCCAGCGGT_031,82
AGAACCCAGACGCCAGCGGT_032,22
AGAACCCAGACGCCAGCGGT_033,59
AGAACCCAGACGCCAGCGGT_034,146
AGAACCCAGACGCCAGCGGT_035,62
AGAACCCAGACGCCAGCGGT_036,174
AGAACCCAGACGCCAGCGGT_037,160
AGAACCCAGACGCCAGCGGT_038,107
AGAACCCAGACGCCAGCGGT_039,134
AGAACCCAGACGCCAGCGGT_040,127
AGAACCCAGACGCCAGCGGT_041,70
AGAACCCAGACGCCAGCGGT_042,5
AGAACCCAGACGCCAGCGGT_043,15
AGAACCCAGACGCCAGCGGT_044,11
AGAACCCAGACGCCAGCGGT_045,52
AGAACCCAGACGCCAGCGGT_046,10
AGAACCCAGACGCCAGCGGT_047,28
AGAACCCAGACGCCAGCGGT_048,108
AGAACCCAGACGCCAGCGGT_049,89
AGAACCCAGACGCCAGCGGT_050,28
TCTGGGGTCTGGATATCAGG_001,115
TCTGGGGTCTGGATATCAGG_002,170
TCTGGGGTCTGGATATCAGG_003,48
TCTGGGGTCTGGATATCAGG_004,169
TGCTGCGCTTGAATGTCCCG_001,22
TGCTGCGCTTGAATGTCCCG_002,122
TGCTGCGCTTGAATGTCCCG_003,61
TGCTGCGCTTGAATGTCCCG_004,20
TGCTGCGCTTGAATGTCCCG_005,65
TGCTGCGCTTGAATGTCCCG_006,137
TGCTGCGCTTGAATGTCCCG_007,148
TGCTGCGCTTGAATGTCCCG_008,31
TGCTGCGCTTGAATGTCCCG_009,2
TGCTGCGCTTGAATGTCCCG_010,39
TGCTGCGCTTGAATGTCCCG_011,121
GCCCGTATAGGGATACTGGG_001,115
GCCCGTATAGGGATACTGGG_002,155
GCCCGTATAGGGATACTGGG_003,166
GCCCGTATAGGGATACTGGG_004,188
GCCCGTATAGGGATACTGGG_005,48
CGGAGATGAAGCGGTCGCTA_001,48
CGGAGATGAAGCGGTCGCTA_002,169
CGGAGATGAAGCGGTCGCTA_003,162
CGGAGATGAAGCGGTCGCTA_004,67
CGGAGATGAAGCGGTCGCTA_005,62
CGGAGATGAAGCGGTCGCTA_006,2
CGGAGATGAAGCGGTCGCTA_007,127
CGGAGATGAAGCGGTCGCTA_008,104
CGGAGATGAAGCGGTCGCTA_009,117
CGGAGATGAAGCGGTCGCTA_010,84
CGGAGATGAAGCGGTCGCTA_011,48
CGGAGATGAAGCGGTCGCTA_012,122
CGGAGATGAAGCGGTCGCTA_013,48
CGGAGATGAAGCGGTCGCTA_014,55
CGGAGATGAAGCGGTCGCTA_015,51
CGGAGATGAAGCGGTCGCTA_016,177
CGGAGATGAAGCGGTCGCTA_017,177
CGGAGATGAAGCGGTCGCTA_018,56
CGGAGATGAAGCGGTCGCTA_019,0
CGGAGATGAAGCGGTCGCTA_020,83
CGGAGATGAAGCGGTCGCTA_021,8
CGGAGATGAAGCGGTCGCTA_022,156
CTACTCCATCTACGTGTACA_001,77
CTACTCCATCTACGTGTACA_002,36
CTACTCCATCTACGTGTACA_003,118
CTACTCCATCTACGTGTACA_004,103
CTACTCCATCTACGTGTACA_005,15
CTACTCCATCTACGTGTACA_006,197
CTACTCCATCTACGTGTACA_007,9
CTACTCCATCTACGTGTACA_008,86
TTTCAACAATGGAGAGTACG_001,181
TTTCAACAATGGAGAGTACG_002,56
TTTCAACAATGGAGAGTACG_003,107
TTTCAACAATGGAGAGTACG_004,182
TTTCAACAATGGAGAGTACG_005,88
TTTCAACAATGGAGAGTACG_006,1
TTTCAACAATGGAGAGTACG_007,133
TTTCAACAATGGAGAGTACG_008,176
TTTCAACAATGGAGAGTACG_009,11
TTTCAACAATGGAGAGTACG_010,115
TCTGCCCAGAAGCTTTGCGA_001,130
TCTGCCCAGAAGCTTTGCGA_002,160
TCTGCCCAGAAGCTTTGCGA_003,197
TCTGCCCAGAAGCTTTGCGA_004,119
TCTGCCCAGAAGCTTTGCGA_005,91
CAATGTTTGAACAAACTCGA_001,107
CAATGTTTGAACAAACTCGA_002,194
CAATGTTTGAACAAACTCGA_003,31
CAATGTTTGAACAAACTCGA_004,172
CAATGTTTGAACAAACTCGA_005,32
CAATGTTTGAACAAACTCGA_006,111
CAATGTTTGAACAAACTCGA_007,68
CAATGTTTGAACAAACTCGA_008,60
GATAATACATCCACAATGGG_001,82
GATAATACATCCACAATGGG_002,35
ATAAGCCAGATACAAGACCG_001,198
ATAAGCCAGATACAAGACCG_002,63
ATAAGCCAGATACAAGACCG_003,175
ATAAGCCAGATACAAGACCG_004,127
ATAAGCCAGATACAAGACCG_005,88
ATAAGCCAGATACAAGACCG_006,109
ATAAGCCAGATACAAGACCG_007,199
ATAAGCCAGATACAAGACCG_008,156
ATAAGCCAGATACAAGACCG_009,127
ATAAGCCAGATACAAGACCG_010,144
ATAAGCCAGATACAAGACCG_011,62
ATAAGCCAGATACAAGACCG_012,17
AGGACGGCTTAGACGTGATG_001,83
AGGACGGCTTAGACGTGATG_002,2
AGGACGGCTTAGACGTGATG_003,53
AGGACGGCTTAGACGTGATG_004,190
AGGACGGCTTAGACGTGATG_005,118
AGGACGGCTTAGACGTGATG_006,105
AGGACGGCTTAGACGTGATG_007,181
AGGACGGCTTAGACGTGATG_008,171
AGGACGGCTTAGACGTGATG_009,135
AGGACGGCTTAGACGTGATG_010,16
AGGACGGCTTAGACGTGATG_011,22
AGGACGGCTTAGACGTGATG_012,72
AGGACGGCTTAGACGTGATG_013,78
AGGACGGCTTAGACGTGATG_014,68
AGGACGGCTTAGACGTGATG_015,9
AGGACGGCTTAGACGTGATG_016,160
AGGACGGCTTAGACGTGATG_017,1
AGGACGGCTTAGACGTGATG_018,48
AGGACGGCTTAGACGTGATG_019,12
AGGACGGCTTAGACGTGATG_020,97
AGGACGGCTTAGACGTGATG_021,67
AGGACGGCTTAGACGTGATG_022,123
AGGACGGCTTAGACGTGATG_023,12
AGGACGGCTTAGACGTGATG_024,141
AGGACGGCTTAGACGTGATG_025,103
AGGACGGCTTAGACGTGATG_026,1
AGGACGGCTTAGACGTGATG_027,15
AGGACGGCTTAGACGTGATG_028,119
AGGACGGCTTAGACGTGATG_029,124
AGGACGGCTTAGACGTGATG_030,10
AGGACGGCTTAGACGTGATG_031,174
GCAGGTATTGGAAAAGACCC_001,171
GCAGGTATTGGAAAAGACCC_002,41
GCAGGTATTGGAAAAGACCC_003,152
GCGAGTACCAACTCTACAGC_001,62
GCGAGTACCAACTCTACAGC_002,127
GCGAGTACCAACTCTACAGC_003,16
GCGAGTACCAACTCTACAGC_004,188
GCGAGTACCAACTCTACAGC_005,85
GCGAGTACCAACTCTACAGC_006,107
GCGAGTACCAACTCTACAGC_007,145
GCGAGTACCAACTCTACAGC_008,102
GCGAGTACCAACTCTACAGC_009,48
GGGCTGCTTATCGGAGGCTG_001,151
GGGCTGCTTATCGGAGGCTG_002,23
GGGCTGCTTATCGGAGGCTG_003,78
GGGCTGCTTATCGGAGGCTG_004,27
GGGCTGCTTATCGGAGGCTG_005,149
GGGCTGCTTATCGGAGGCTG_006,145
GGGCTGCTTATCGGAGGCTG_007,179
GGGCTGCTTATCGGAGGCTG_008,14
GGGCTGCTTATCGGAGGCTG_009,42
GGGCTGCTTATCGGAGGCTG_010,141
GGGCTGCTTATCGGAGGCTG_011,56
GGGCTGCTTATCGGAGGCTG_012,187
GGGCTGCTTATCGGAGGCTG_013,29
GGGCTGCTTATCGGAGGCTG_014,148
GGGCTGCTTATCGGAGGCTG_015,21
GGGCTGCTTATCGGAGGCTG_016,160
GGGCTGCTTATCGGAGGCTG_017,78
GGGCTGCTTATCGGAGGCTG_018,199
GGGCTGCTTATCGGAGGCTG_019,88
GGGCTGCTTATCGGAGGCTG_020,82
GGGCTGCTTATCGGAGGCTG_021,80
GGGCTGCTTATCGGAGGCTG_022,178
GGGCTGCTTATCGGAGGCTG_023,140
GGGCTGCTTATCGGAGGCTG_024,58
GGGCTGCTTATCGGAGGCTG_025,90
GGGCTGCTTATCGGAGGCTG_026,124
GGGCTGCTTATCGGAGGCTG_027,100
GGGCTGCTTATCGGAGGCTG_028,138
GGGCTGCTTATCGGAGGCTG_029,47
TTCTAGCAGCCAGTAAATCG_001,63
TTCTAGCAGCCAGTAAATCG_002,10
AAATGATGATCAGCTCCTGT_001,91
AAATGATGATCAGCTCCTGT_002,5
AAATGATGATCAGCTCCTGT_003,15
TTAAGGAGCTGTGCACGACA_001,158
TTAAGGAGCTGTGCACGACA_002,174
TTAAGGAGCTGTGCACGACA_003,35
TTAAGGAGCTGTGCACGACA_004,81
TTAAGGAGCTGTGCACGACA_005,8
TTAAGGAGCTGTGCACGACA_006,23
TTAAGGAGCTGTGCACGACA_007,9
TTAAGGAGCTGTGCACGACA_008,124
CAATGCCGGAGAGCTAACCC_001,86
CAATGCCGGAGAGCTAACCC_002,55
GAAACAAGTAGCGGGCCTCG_001,185
TTGGACAATAACTTGCCCAG_001,191
TTGGACAATAACTTGCCCAG_002,81
TTGGACAATAACTTGCCCAG_003,20
TTGGACAATAACTTGCCCAG_004,69
TTGGACAATAACTTGCCCAG_005,177
TTGGACAATAACTTGCCCAG_006,41
TTGGACAATAACTTGCCCAG_007,138
GAGACTCTGGCAGAGTACAT_001,115
GAGACTCTGGCAGAGTACAT_002,170
GAGACTCTGGCAGAGTACAT_003,117
GAGACTCTGGCAGAGTACAT_004,185
GAGACTCTGGCAGAGTACAT_005,118
CAGTATAGGCACATTAGCAA_001,158
CAGTATAGGCACATTAGCAA_002,58
CAGTATAGGCACATTAGCAA_003,15
AAACTGTCATGTGTGATACC_001,48
AAACTGTCATGTGTGATACC_002,19
AAACTGTCATGTGTGATACC_003,194
AAACTGTCATGTGTGATACC_004,175
AAACTGTCATGTGTGATACC_005,175
AAACTGTCATGTGTGATACC_006,117
AAACTGTCATGTGTGATACC_007,122
AAACTGTCATGTGTGATACC_008,65
AAACTGTCATGTGTGATACC_009,94
AAACTGTCATGTGTGATACC_010,2
AAACTGTCATGTGTGATACC_011,112
AAACTGTCATGTGTGATACC_012,179
AAACTGTCATGTGTGATACC_013,35
GAGGGTGAGTGCGATCCCAA_001,114
GAGGGTGAGTGCGATCCCAA_002,154
GAGGGTGAGTGCGATCCCAA_003,160
GAGGGTGAGTGCGATCCCAA_004,9
GAGGGTGAGTGCGATCCCAA_005,17
GAGGGTGAGTGCGATCCCAA_006,111
GAGGGTGAGTGCGATCCCAA_007,59
GAGGGTGAGTGCGATCCCAA_008,81
GAGGGTGAGTGCGATCCCAA_009,107
GAGGGTGAGTGCGATCCCAA_010,75
GAGGGTGAGTGCGATCCCAA_011,197
GAGGGTGAGTGCGATCCCAA_012,9
GAGGGTGAGTGCGATCCCAA_013,77
GAGGGTGAGTGCGATCCCAA_014,176
GAGGGTGAGTGCGATCCCAA_015,152
GAGGGTGAGTGCGATCCCAA_016,62
GAGGGTGAGTGCGATCCCAA_017,172
GAGGGTGAGTGCGATCCCAA_018,112
GAGGGTGAGTGCGATCCCAA_019,102
GAGGGTGAGTGCGATCCCAA_020,101
GAGGGTGAGTGCGATCCCAA_021,44
GAGGGTGAGTGCGATCCCAA_022,131
GAGGGTGAGTGCGATCCCAA_023,144
GAGGGTGAGTGCGATCCCAA_024,1
GAGGGTGAGTGCGATCCCAA_025,130
GAGGGTGAGTGCGATCCCAA_026,101
GAGGGTGAGTGCGATCCCAA_027,67
GAGGGTGAGTGCGATCCCAA_028,15
GAGGGTGAGTGCGATCCCAA_029,181
GAGGGTGAGTGCGATCCCAA_030,164
GAGGGTGAGTGCGATCCCAA_031,77
GAGGGTGAGTGCGATCCCAA_032,77
GAGGGTGAGTGCGATCCCAA_033,3
GCAGTTCTGGAAGTAGCACG_001,68
GCAGTTCTGGAAGTAGCACG_002,26
GCAGTTCTGGAAGTAGCACG_003,112
GCAGTTCTGGAAGTAGCACG_004,78
GCAGTTCTGGAAGTAGCACG_005,154
GCAGTTCTGGAAGTAGCACG_006,48
ATGACAAGGCTTGATCACCA_001,22
ATGACAAGGCTTGATCACCA_002,18
ATGACAAGGCTTGATCACCA_003,113
ATGACAAGGCTTGATCACCA_004,196
ATGACAAGGCTTGATCACCA_005,123
ATGACAAGGCTTGATCACCA_006,116
ATGACAAGGCTTGATCACCA_007,147
ATGACAAGGCTTGATCACCA_008,184
ATGACAAGGCTTGATCACCA_009,132
ATGACAAGGCTTGATCACCA_010,117
ATGACAAGGCTTGATCACCA_011,138
ATGACAAGGCTTGATCACCA_012,12
ATGACAAGGCTTGATCACCA_013,92
ATGACAAGGCTTGATCACCA_014,110
ATGACAAGGCTTGATCACCA_015,158
ATGACAAGGCTTGATCACCA_016,94
ATGACAAGGCTTGATCACCA_017,198
ATGACAAGGCTTGATCACCA_018,9
ATGACAAGGCTTGATCACCA_019,172
ATGACAAGGCTTGATCACCA_020,87
ATGACAAGGCTTGATCACCA_021,38
ATGACAAGGCTTGATCACCA_022,108
ATGACAAGGCTTGATCACCA_023,94
ATGACAAGGCTTGATCACCA_024,28
ATGACAAGGCTTGATCACCA_025,188
ATGACAAGGCTTGATCACCA_026,187
ATGACAAGGCTTGATCACCA_027,42
ATGACAAGGCTTGATCACCA_028,23
TTTCGACCAGACGTCCTACG_001,177
TTTCGACCAGACGTCCTACG_002,133
TTTCGACCAGACGTCCTACG_003,19
TTTCGACCAGACGTCCTACG_004,12
TTTCGACCAGACGTCCTACG_005,76
TTTCGACCAGACGTCCTACG_006,44
TTTCGACCAGACGTCCTACG_007,48
GGCTGCCGTGAGGCCGAAAG_001,183
AAAGCAGGTCACGATAGCGC_001,38
AAAGCAGGTCACGATAGCGC_002,117
AAAGCAGGTCACGATAGCGC_003,101
AAAGCAGGTCACGATAGCGC_004,181
AAAGCAGGTCACGATAGCGC_005,35
GGTGAACCGTGATACTAAGA_001,113
GGTGAACCGTGATACTAAGA_002,33
GAGATCATGACCAAGGACGG_001,152
GAGATCATGACCAAGGACGG_002,44
GAGATCATGACCAAGGACGG_003,5
GAGATCATGACCAAGGACGG_004,68
GAGATCATGACCAAGGACGG_005,169
GAGATCATGACCAAGGACGG_006,139
GAGATCATGACCAAGGACGG_007,58
GAGATCATGACCAAGGACGG_008,62
CTGCAGAGAAAACTGAACTC_001,146
CTGCAGAGAAAACTGAACTC_002,176
CTGCAGAGAAAACTGAACTC_003,98
CTGCAGAGAAAACTGAACTC_004,29
CTGCAGAGAAAACTGAACTC_005,150
CTGCAGAGAAAACTGAACTC_006,117
CTGCAGAGAAAACTGAACTC_007,144
CTGCAGAGAAAACTGAACTC_008,172
CTGCAGAGAAAACTGAACTC_009,77
CTGCAGAGAAAACTGAACTC_010,134
CTGCAGAGAAAACTGAACTC_011,20
CTGCAGAGAAAACTGAACTC_012,68
CTTGGCTGGACCCATAAGGT_001,101
CTTGGCTGGACCCATAAGGT_002,70
CTTGGCTGGACCCATAAGGT_003,61
CTTGGCTGGACCCATAAGGT_004,180
CTTGGCTGGACCCATAAGGT_005,169
CTTGGCTGGACCCATAAGGT_006,59
CTTGGCTGGACCCATAAGGT_007,194
CTTGGCTGGACCCATAAGGT_008,145
CTTGGCTGGACCCATAAGGT_009,147
CTTGGCTGGACCCATAAGGT_010,144
CTTGGCTGGACCCATAAGGT_011,174
CTTGGCTGGACCCATAAGGT_012,137
CTTGGCTGGACCCATAAGGT_013,9
CTTGGCTGGACCCATAAGGT_014,121
CACTACATTGGACCACACAT_001,22
CACTACATTGGACCACACAT_002,88
CACTACATTGGACCACACAT_003,130
CACTACATTGGACCACACAT_004,188
CACTACATTGGACCACACAT_005,92
CACTACATTGGACCACACAT_006,102
CACTACATTGGACCACACAT_007,94
CACTACATTGGACCACACAT_008,33
CACTACATTGGACCACACAT_009,125
CACTACATTGGACCACACAT_010,142
CACTACATTGGACCACACAT_011,138
GTGATGCTTCTGCCTGTGCT_001,48
GTGATGCTTCTGCCTGTGCT_002,15
GTGATGCTTCTGCCTGTGCT_003,116
GTGATGCTTCTGCCTGTGCT_004,167
GTGATGCTTCTGCCTGTGCT_005,152
GTGATGCTTCTGCCTGTGCT_006,69
GTGATGCTTCTGCCTGTGCT_007,61
GTGATGCTTCTGCCTGTGCT_008,174
TTGGCAAGAACGGCACCCTG_001,140
TTGGCAAGAACGGCACCCTG_002,12
TTGGCAAGAACGGCACCCTG_003,42
TTGGCAAGAACGGCACCCTG_004,18
TTGGCAAGAACGGCACCCTG_005,170
TTGGCAAGAACGGCACCCTG_006,198
TTGGCAAGAACGGCACCCTG_007,172
TTGGCAAGAACGGCACCCTG_008,65
TTGGCAAGAACGGCACCCTG_009,42
TTGGCAAGAACGGCACCCTG_010,115
TTGGCAAGAACGGCACCCTG_011,67
TTGGCAAGAACGGCACCCTG_012,144
TTGGCAAGAACGGCACCCTG_013,129
TTGGCAAGAACGGCACCCTG_014,29
TTGGCAAGAACGGCACCCTG_015,156
TTGGCAAGAACGGCACCCTG_016,127
TTGGCAAGAACGGCACCCTG_017,117
TTGGCAAGAACGGCACCCTG_018,163
TTGGCAAGAACGGCACCCTG_019,160
TTGGCAAGAACGGCACCCTG_020,103
TTGGCAAGAACGGCACCCTG_021,55
TTGGCAAGAACGGCACCCTG_022,160
TTGGCAAGAACGGCACCCTG_023,96
TTGGCAAGAACGGCACCCTG_024,44
TTGGCAAGAACGGCACCCTG_025,5
TTGGCAAGAACGGCACCCTG_026,103
TTGGCAAGAACGGCACCCTG_027,9
TTGGCAAGAACGGCACCCTG_028,48
TTGGCAAGAACGGCACCCTG_029,131
TTGGCAAGAACGGCACCCTG_030,28
TTGGCAAGAACGGCACCCTG_031,35
TTGGCAAGAACGGCACCCTG_032,94
TTGGCAAGAACGGCACCCTG_033,176
TTGGCAAGAACGGCACCCTG_034,193
TTGGCAAGAACGGCACCCTG_035,9
TTGGCAAGAACGGCACCCTG_036,148
TTGGCAAGAACGGCACCCTG_037,61
TTGGCAAGAACGGCACCCTG_038,9
TTGGCAAGAACGGCACCCTG_039,115
TTGGCAAGAACGGCACCCTG_040,175
TTGGCAAGAACGGCACCCTG_041,62
AATTATTGTAAGTCAAGGCT_001,144
AATTATTGTAAGTCAAGGCT_002,144
AATTATTGTAAGTCAAGGCT_003,19
AATTATTGTAAGTCAAGGCT_004,176
AATTATTGTAAGTCAAGGCT_005,35
AATTATTGTAAGTCAAGGCT_006,40
AATTATTGTAAGTCAAGGCT_007,103
CAAGAAGGACAAGTACTCGC_001,94
ATAGGCACCTTAAGGGTCTC_001,15
ATAGGCACCTTAAGGGTCTC_002,149
ATAGGCACCTTAAGGGTCTC_003,92
ATAGGCACCTTAAGGGTCTC_004,106
ATAGGCACCTTAAGGGTCTC_005,49
ATAGGCACCTTAAGGGTCTC_006,124
ATAGGCACCTTAAGGGTCTC_007,175
ATAGGCACCTTAAGGGTCTC_008,145
ATAGGCACCTTAAGGGTCTC_009,53
ATAGGCACCTTAAGGGTCTC_010,60
ATAGGCACCTTAAGGGTCTC_011,72
ATAGGCACCTTAAGGGTCTC_012,53
ATAGGCACCTTAAGGGTCTC_013,165
CTTACATTCACAAATGAGAA_001,179
GGAAAGGGGCCTCGCTCGCA_001,47
GGAAAGGGGCCTCGCTCGCA_002,7
GGAAAGGGGCCTCGCTCGCA_003,54
GGAAAGGGGCCTCGCTCGCA_004,198
GGAAAGGGGCCTCGCTCGCA_005,17
GGAAAGGGGCCTCGCTCGCA_006,50
GGAAAGGGGCCTCGCTCGCA_007,71
GGAAAGGGGCCTCGCTCGCA_008,169
GGAAAGGGGCCTCGCTCGCA_009,10
GGAAAGGGGCCTCGCTCGCA_010,5
GGAAAGGGGCCTCGCTCGCA_011,52
GGAAAGGGGCCTCGCTCGCA_012,107
GGAAAGGGGCCTCGCTCGCA_013,54
GGAAAGGGGCCTCGCTCGCA_014,67
GGAAAGGGGCCTCGCTCGCA_015,34
GGAAAGGGGCCTCGCTCGCA_016,93
GGAAAGGGGCCTCGCTCGCA_017,17
GGAAAGGGGCCTCGCTCGCA_018,98
GGAAAGGGGCCTCGCTCGCA_019,168
GGAAAGGGGCCTCGCTCGCA_020,94
GGAAAGGGGCCTCGCTCGCA_021,158
GGAAAGGGGCCTCGCTCGCA_022,83
GGAAAGGGGCCTCGCTCGCA_023,140
GGAAAGGGGCCTCGCTCGCA_024,194
GGAAAGGGGCCTCGCTCGCA_025,121
GGAAAGGGGCCTCGCTCGCA_026,154
GGAAAGGGGCCTCGCTCGCA_027,17
GGAAAGGGGCCTCGCTCGCA_028,50
GGAAAGGGGCCTCGCTCGCA_029,148
GGAAAGGGGCCTCGCTCGCA_030,98
GGAAAGGGGCCTCGCTCGCA_031,30
GGAAAGGGGCCTCGCTCGCA_032,195
GGAAAGGGGCCTCGCTCGCA_033,188
GGAAAGGGGCCTCGCTCGCA_034,82
GGAAAGGGGCCTCGCTCGCA_035,198
GGAAAGGGGCCTCGCTCGCA_036,84
GGAAAGGGGCCTCGCTCGCA_037,146
GGAAAGGGGCCTCGCTCGCA_038,103
GGAAAGGGGCCTCGCTCGCA_039,127
GGAAAGGGGCCTCGCTCGCA_040,115
GGAAAGGGGCCTCGCTCGCA_041,180
GGAAAGGGGCCTCGCTCGCA_042,10
GGAAAGGGGCCTCGCTCGCA_043,49
GGAAAGGGGCCTCGCTCGCA_044,149
GGAAAGGGGCCTCGCTCGCA_045,105
GGAAAGGGGCCTCGCTCGCA_046,149
ACGGAGTCAACCGTTTCGGG_001,158
ACGGAGTCAACCGTTTCGGG_002,68
ACGGAGTCAACCGTTTCGGG_003,152
ACGGAGTCAACCGTTTCGGG_004,78
TGCTACCTTCGGGACCACCA_001,95
TGCTACCTTCGGGACCACCA_002,96
TGCTACCTTCGGGACCACCA_003,39
TGCTACCTTCGGGACCACCA_004,49
TGCTACCTTCGGGACCACCA_005,133
TGCTACCTTCGGGACCACCA_006,192
TGCTACCTTCGGGACCACCA_007,59
TGCTACCTTCGGGACCACCA_008,137
TGCTACCTTCGGGACCACCA_009,70
TGCTACCTTCGGGACCACCA_010,94
TGCTACCTTCGGGACCACCA_011,149
TGCTACCTTCGGGACCACCA_012,159
TGCTACCTTCGGGACCACCA_013,29
TGCTACCTTCGGGACCACCA_014,29
TGCTACCTTCGGGACCACCA_015,28
TGCTACCTTCGGGACCACCA_016,118
TGCTACCTTCGGGACCACCA_017,96
TGCTACCTTCGGGACCACCA_018,9
TGCTACCTTCGGGACCACCA_019,148
TGCTACCTTCGGGACCACCA_020,53
TGCTACCTTCGGGACCACCA_021,138
TGCTACCTTCGGGACCACCA_022,172
TGCTACCTTCGGGACCACCA_023,58
TGCTACCTTCGGGACCACCA_024,153
TGCTACCTTCGGGACCACCA_025,144
TGCTACCTTCGGGACCACCA_026,165
TGCTACCTTCGGGACCACCA_027,103
TGCTACCTTCGGGACCACCA_028,174
TGCTACCTTCGGGACCACCA_029,121
TGCTACCTTCGGGACCACCA_030,136
TGCTACCTTCGGGACCACCA_031,9
TGCTACCTTCGGGACCACCA_032,59
TGCTACCTTCGGGACCACCA_033,127
TGCTACCTTCGGGACCACCA_034,170
TGCTACCTTCGGGACCACCA_035,23
TGCTACCTTCGGGACCACCA_036,15
TGCTACCTTCGGGACCACCA_037,93
TGCTACCTTCGGGACCACCA_038,188
TGCTACCTTCGGGACCACCA_039,19
TGCTACCTTCGGGACCACCA_040,78
TGCTACCTTCGGGACCACCA_041,193
TGCTACCTTCGGGACCACCA_042,116
TGCTACCTTCGGGACCACCA_043,48
TGCTACCTTCGGGACCACCA_044,148
TGCTACCTTCGGGACCACCA_045,160
TGCTACCTTCGGGACCACCA_046,138
TGCTACCTTCGGGACCACCA_047,118
TGCTACCTTCGGGACCACCA_048,153
TGCTACCTTCGGGACCACCA_049,50
TGCTACCTTCGGGACCACCA_050,12
TGCTACCTTCGGGACCACCA_051,10
TGCTACCTTCGGGACCACCA_052,12
TGCTACCTTCGGGACCACCA_053,145
TGCTACCTTCGGGACCACCA_054,47
AGACCTCGAATACGTGACTG_001,137
AGACCTCGAATACGTGACTG_002,197
AGACCTCGAATACGTGACTG_003,83
AGACCTCGAATACGTGACTG_004,16
AGACCTCGAATACGTGACTG_005,15
AGACCTCGAATACGTGACTG_006,113
AGACCTCGAATACGTGACTG_007,58
AGACCTCGAATACGTGACTG_008,151
AGACCTCGAATACGTGACTG_009,82
AGACCTCGAATACGTGACTG_010,13
AGACCTCGAATACGTGACTG_011,147
ATCGGTACCTCTTCACATAT_001,61
ATCGGTACCTCTTCACATAT_002,83
ATCGGTACCTCTTCACATAT_003,50
ATCGGTACCTCTTCACATAT_004,94
ATCGGTACCTCTTCACATAT_005,29
ATCGGTACCTCTTCACATAT_006,168
ATCGGTACCTCTTCACATAT_007,48
ATCGGTACCTCTTCACATAT_008,161
ATCGGTACCTCTTCACATAT_009,82
ATCGGTACCTCTTCACATAT_010,160
ATCGGTACCTCTTCACATAT_011,36
ATCGGTACCTCTTCACATAT_012,17
ATCGGTACCTCTTCACATAT_013,198
ATCGGTACCTCTTCACATAT_014,42
ATCGGTACCTCTTCACATAT_015,160
ATCGGTACCTCTTCACATAT_016,90
ATCGGTACCTCTTCACATAT_017,78
ATCGGTACCTCTTCACATAT_018,9
ATCGGTACCTCTTCACATAT_019,34
ATCGGTACCTCTTCACATAT_020,147
ATCGGTACCTCTTCACATAT_021,39
ATCGGTACCTCTTCACATAT_022,39
ATCGGTACCTCTTCACATAT_023,56
ATCGGTACCTCTTCACATAT_024,188
ACAGTGTCCACTTCCCGAAG_001,62
ACAGTGTCCACTTCCCGAAG_002,160
ACAGTGTCCACTTCCCGAAG_003,160
ACAGTGTCCACTTCCCGAAG_004,111
ACAGTGTCCACTTCCCGAAG_005,72
ACAGTGTCCACTTCCCGAAG_006,141
TTCGGCCACTAAAAAGAACA_001,145
ACTGTGGCAATGATCTTGCG_001,40
ACTGTGGCAATGATCTTGCG_002,176
ACTGTGGCAATGATCTTGCG_003,134
CACAAATAAAGGATGGAGCG_001,68
CACAAATAAAGGATGGAGCG_002,151
CACAAATAAAGGATGGAGCG_003,70
CACAAATAAAGGATGGAGCG_004,155
CACAAATAAAGGATGGAGCG_005,26
CACAAATAAAGGATGGAGCG_006,77
CACAAATAAAGGATGGAGCG_007,145
CACAAATAAAGGATGGAGCG_008,21
CACAAATAAAGGATGGAGCG_009,146
CACAAATAAAGGATGGAGCG_010,57
CACAAATAAAGGATGGAGCG_011,116
CACAAATAAAGGATGGAGCG_012,65
CACAAATAAAGGATGGAGCG_013,50
CACAAATAAAGGATGGAGCG_014,80
CACAAATAAAGGATGGAGCG_015,21
CACAAATAAAGGATGGAGCG_016,75
CACAAATAAAGGATGGAGCG_017,75
CACAAATAAAGGATGGAGCG_018,88
CACAAATAAAGGATGGAGCG_019,46
CACAAATAAAGGATGGAGCG_020,152
CACAAATAAAGGATGGAGCG_021,152
TCGGGGCTTCAAATTCGACA_001,142
TCGGGGCTTCAAATTCGACA_002,26
TCGGGGCTTCAAATTCGACA_003,9
TCGGGGCTTCAAATTCGACA_004,62
TCGGGGCTTCAAATTCGACA_005,40
TCGGGGCTTCAAATTCGACA_006,30
TCGGGGCTTCAAATTCGACA_007,57
TCGGGGCTTCAAATTCGACA_008,45
TCGGGGCTTCAAATTCGACA_009,48
TCGGGGCTTCAAATTCGACA_010,116
TCGGGGCTTCAAATTCGACA_011,198
TCGGGGCTTCAAATTCGACA_012,166
CTCCAGAGCAGCACGCACAG_001,159
CTCCAGAGCAGCACGCACAG_002,129
CTCCAGAGCAGCACGCACAG_003,76
CTCCAGAGCAGCACGCACAG_004,180
CTCCAGAGCAGCACGCACAG_005,111
CTCCAGAGCAGCACGCACAG_006,142
CTCCAGAGCAGCACGCACAG_007,82
CTCCAGAGCAGCACGCACAG_008,107
CTCCAGAGCAGCACGCACAG_009,67
CTCCAGAGCAGCACGCACAG_010,94
CTCCAGAGCAGCACGCACAG_011,164
CTCCAGAGCAGCACGCACAG_012,6
CTCCAGAGCAGCACGCACAG_013,100
CTCCAGAGCAGCACGCACAG_014,1
CTCCAGAGCAGCACGCACAG_015,89
CTCCAGAGCAGCACGCACAG_016,148
CTCCAGAGCAGCACGCACAG_017,38
CTCCAGAGCAGCACGCACAG_018,163
CTCCAGAGCAGCACGCACAG_019,78
CTCCAGAGCAGCACGCACAG_020,78
CTCCAGAGCAGCACGCACAG_021,173
CTCCAGAGCAGCACGCACAG_022,81
CTCCAGAGCAGCACGCACAG_023,158
CTCCAGAGCAGCACGCACAG_024,172
CTCCAGAGCAGCACGCACAG_025,191
CTCCAGAGCAGCACGCACAG_026,44
CTCCAGAGCAGCACGCACAG_027,69
CTCCAGAGCAGCACGCACAG_028,155
CTCCAGAGCAGCACGCACAG_029,169
CTCCAGAGCAGCACGCACAG_030,50
CTCCAGAGCAGCACGCACAG_031,153
CTCCAGAGCAGCACGCACAG_032,122
CTCCAGAGCAGCACGCACAG_033,44
CTCCAGAGCAGCACGCACAG_034,40
CTCCAGAGCAGCACGCACAG_035,152
CTCCAGAGCAGCACGCACAG_036,105
CTCCAGAGCAGCACGCACAG_037,196
CTCCAGAGCAGCACGCACAG_038,10
CTCCAGAGCAGCACGCACAG_039,73
CTCCAGAGCAGCACGCACAG_040,104
GAGCGAGGCGGGCATAAGTG_001,4
GAGCGAGGCGGGCATAAGTG_002,141
GAGCGAGGCGGGCATAAGTG_003,6
GAGCGAGGCGGGCATAAGTG_004,82
GAGCGAGGCGGGCATAAGTG_005,107
GAGCGAGGCGGGCATAAGTG_006,36
GAGCGAGGCGGGCATAAGTG_007,32
GAGCGAGGCGGGCATAAGTG_008,138
GAGCGAGGCGGGCATAAGTG_009,137
GAGCGAGGCGGGCATAAGTG_010,70
GAGCGAGGCGGGCATAAGTG_011,38
GAGCGAGGCGGGCATAAGTG_012,24
GAGCGAGGCGGGCATAAGTG_013,88
GAGCGAGGCGGGCATAAGTG_014,181
GAGCGAGGCGGGCATAAGTG_015,20
GAGCGAGGCGGGCATAAGTG_016,189
GAGCGAGGCGGGCATAAGTG_017,36
GAGCGAGGCGGGCATAAGTG_018,86
GAGCGAGGCGGGCATAAGTG_019,34
GAGCGAGGCGGGCATAAGTG_020,168
GAGCGAGGCGGGCATAAGTG_021,2
GAGCGAGGCGGGCATAAGTG_022,18
GAGCGAGGCGGGCATAAGTG_023,43
CCGCGTCGAAGCGCTCGAAG_001,177
CCGCGTCGAAGCGCTCGAAG_002,43
CCGCGTCGAAGCGCTCGAAG_003,32
CCGCGTCGAAGCGCTCGAAG_004,15
CCGCGTCGAAGCGCTCGAAG_005,12
CCGCGTCGAAGCGCTCGAAG_006,108
CCGCGTCGAAGCGCTCGAAG_007,114
CCGCGTCGAAGCGCTCGAAG_008,90
CCGCGTCGAAGCGCTCGAAG_009,155
CCGCGTCGAAGCGCTCGAAG_010,107
CCGCGTCGAAGCGCTCGAAG_011,181
CCGCGTCGAAGCGCTCGAAG_012,43
CCGCGTCGAAGCGCTCGAAG_013,40
CCGCGTCGAAGCGCTCGAAG_014,168
GCTGAAATGAAGGAACGAGG_001,177
GCTGAAATGAAGGAACGAGG_002,94
TAGCAGCAAAGTTAGCCCAA_001,72
TAGCAGCAAAGTTAGCCCAA_002,193
TAGCAGCAAAGTTAGCCCAA_003,13
TAGCAGCAAAGTTAGCCCAA_004,69
TAGCAGCAAAGTTAGCCCAA_005,87
TAGCAGCAAAGTTAGCCCAA_006,14
ACCCCAGCGAGGGATGCCAA_001,96
ACCCCAGCGAGGGATGCCAA_002,136
ACCCCAGCGAGGGATGCCAA_003,177
ACCCCAGCGAGGGATGCCAA_004,58
ACCCCAGCGAGGGATGCCAA_005,58
ACCCCAGCGAGGGATGCCAA_006,12
ACCCCAGCGAGGGATGCCAA_007,162
ACCCCAGCGAGGGATGCCAA_008,48
ACCCCAGCGAGGGATGCCAA_009,69
ACCCCAGCGAGGGATGCCAA_010,18
ACCCCAGCGAGGGATGCCAA_011,188
ACCCCAGCGAGGGATGCCAA_012,103
ACCCCAGCGAGGGATGCCAA_013,108
ACCCCAGCGAGGGATGCCAA_014,100
ACCCCAGCGAGGGATGCCAA_015,58
ACCCCAGCGAGGGATGCCAA_016,113
ACCCCAGCGAGGGATGCCAA_017,189
ACCCCAGCGAGGGATGCCAA_018,152
ACCCCAGCGAGGGATGCCAA_019,175
ACCCCAGCGAGGGATGCCAA_020,188
ACCCCAGCGAGGGATGCCAA_021,131
ACCCCAGCGAGGGATGCCAA_022,60
ACCCCAGCGAGGGATGCCAA_023,33
AGAAATTGTGATAGGAACTG_001,1
AGAAATTGTGATAGGAACTG_002,170
TCCAAAAGGCGTTACCCCTG_001,113
TCCAAAAGGCGTTACCCCTG_002,56
GAGCTACGTGTCGGTACACG_001,48
GAGCTACGTGTCGGTACACG_002,8
GAGCTACGTGTCGGTACACG_003,118
GAGCTACGTGTCGGTACACG_004,156
GAGCTACGTGTCGGTACACG_005,170
GAGCTACGTGTCGGTACACG_006,23
GAGCTACGTGTCGGTACACG_007,159
GAGCTACGTGTCGGTACACG_008,171
GAGCTACGTGTCGGTACACG_009,169
GAGCTACGTGTCGGTACACG_010,40
GAGCTACGTGTCGGTACACG_011,56
AGGGCCTTTATACGCCACCA_001,62
AGGGCCTTTATACGCCACCA_002,68
AGGGCCTTTATACGCCACCA_003,136
AGGGCCTTTATACGCCACCA_004,134
AGGGCCTTTATACGCCACCA_005,95
AGGGCCTTTATACGCCACCA_006,171
AGGGCCTTTATACGCCACCA_007,107
AGGGCCTTTATACGCCACCA_008,146
AGGGCCTTTATACGCCACCA_009,106
AGGGCCTTTATACGCCACCA_010,77
AGGGCCTTTATACGCCACCA_011,148
AGGGCCTTTATACGCCACCA_012,105
AGGGCCTTTATACGCCACCA_013,168
AGGGCCTTTATACGCCACCA_014,2
AGGGCCTTTATACGCCACCA_015,170
AGGGCCTTTATACGCCACCA_016,57
AGGGCCTTTATACGCCACCA_017,146
AGGGCCTTTATACGCCACCA_018,41
AGGGCCTTTATACGCCACCA_019,197
AGGGCCTTTATACGCCACCA_020,34
AGGGCCTTTATACGCCACCA_021,34
AGGGCCTTTATACGCCACCA_022,15
AGGGCCTTTATACGCCACCA_023,161
GGAGCCATGCAGGAGACACG_001,199
GGAGCCATGCAGGAGACACG_002,156
GGAGCCATGCAGGAGACACG_003,87
GGAGCCATGCAGGAGACACG_004,175
CCAAGTCAAAGGGCACCAAG_001,52
CCAAGTCAAAGGGCACCAAG_002,111
CCAAGTCAAAGGGCACCAAG_003,25
CCAAGTCAAAGGGCACCAAG_004,94
CCAAGTCAAAGGGCACCAAG_005,181
CCAAGTCAAAGGGCACCAAG_006,56
CCAAGTCAAAGGGCACCAAG_007,197
CCAAGTCAAAGGGCACCAAG_008,28
CCAAGTCAAAGGGCACCAAG_009,162
CCAAGTCAAAGGGCACCAAG_010,27
CCAAGTCAAAGGGCACCAAG_011,124
GGCCTGAGCGTGTACCGATG_001,11
GGCCTGAGCGTGTACCGATG_002,81
GGCCTGAGCGTGTACCGATG_003,12
GGCCTGAGCGTGTACCGATG_004,91
GGCCTGAGCGTGTACCGATG_005,34
GGCCTGAGCGTGTACCGATG_006,97
GGCCTGAGCGTGTACCGATG_007,184
GGCCTGAGCGTGTACCGATG_008,199
GGCCTGAGCGTGTACCGATG_009,172
GGCCTGAGCGTGTACCGATG_010,170
GGGAAGAATGCACCCCCAGG_001,115
GGGAAGAATGCACCCCCAGG_002,29
GGGAAGAATGCACCCCCAGG_003,1
GGGAAGAATGCACCCCCAGG_004,103
GGGAAGAATGCACCCCCAGG_005,98
GGGAAGAATGCACCCCCAGG_006,51
GGGAAGAATGCACCCCCAGG_007,94
GGGAAGAATGCACCCCCAGG_008,65
GGGAAGAATGCACCCCCAGG_009,141
GGGAAGAATGCACCCCCAGG_010,137
GGGAAGAATGCACCCCCAGG_011,157
GGGGCAAGAATCGCACACTC_001,115
GGGGCAAGAATCGCACACTC_002,29
GGGGCAAGAATCGCACACTC_003,173
GGGGCAAGAATCGCACACTC_004,194
GGGGCAAGAATCGCACACTC_005,132
GGGGCAAGAATCGCACACTC_006,121
GGGGCAAGAATCGCACACTC_007,2
GGGGCAAGAATCGCACACTC_008,137
GGGGCAAGAATCGCACACTC_009,4
TTCTAGGAGCCACACTCAAG_001,112
TTCTAGGAGCCACACTCAAG_002,62
TTCTAGGAGCCACACTCAAG_003,26
TTCTAGGAGCCACACTCAAG_004,25
TTCTAGGAGCCACACTCAAG_005,69
TTCTAGGAGCCACACTCAAG_006,156
AGCACACACTAACATCACCG_001,159
AGCACACACTAACATCACCG_002,197
AGCACACACTAACATCACCG_003,36
AGCACACACTAACATCACCG_004,121
AGCACACACTAACATCACCG_005,106
CTTCCGTACAGCAATCGGCT_001,112
CTTCCGTACAGCAATCGGCT_002,53
CTTCCGTACAGCAATCGGCT_003,149
CTTCCGTACAGCAATCGGCT_004,177
CTTCCGTACAGCAATCGGCT_005,5
CTTCCGTACAGCAATCGGCT_006,105
CTTCCGTACAGCAATCGGCT_007,2
CTTCCGTACAGCAATCGGCT_008,199
CTTCCGTACAGCAATCGGCT_009,4
CTTCCGTACAGCAATCGGCT_010,50
CTTCCGTACAGCAATCGGCT_011,15
CAGTGAGAGAGCTTGTGCCG_001,181
CAGTGAGAGAGCTTGTGCCG_002,127
CAGTGAGAGAGCTTGTGCCG_003,1
CAGTGAGAGAGCTTGTGCCG_004,103
GCTTGAAACGGAGTTACAAG_001,36
GCTTGAAACGGAGTTACAAG_002,149
GCTTGAAACGGAGTTACAAG_003,178
GCTTGAAACGGAGTTACAAG_004,180
CCCCAGAACAAAGTCGTCCA_001,25
CCCCAGAACAAAGTCGTCCA_002,24
CCCCAGAACAAAGTCGTCCA_003,19
CCCCAGAACAAAGTCGTCCA_004,162
CCCCAGAACAAAGTCGTCCA_005,199
CCCCAGAACAAAGTCGTCCA_006,17
CCCCAGAACAAAGTCGTCCA_007,134
CCCCAGAACAAAGTCGTCCA_008,65
CCCCAGAACAAAGTCGTCCA_009,49
CCCCAGAACAAAGTCGTCCA_010,104
CCCCAGAACAAAGTCGTCCA_011,134
CCCCAGAACAAAGTCGTCCA_012,45
CCCCAGAACAAAGTCGTCCA_013,83
CCCCAGAACAAAGTCGTCCA_014,122
CCCCAGAACAAAGTCGTCCA_015,63
CCCCAGAACAAAGTCGTCCA_016,184
CCCCAGAACAAAGTCGTCCA_017,12
CCCCAGAACAAAGTCGTCCA_018,25
GAGTTAAAGAAGGAATGCGC_001,180
GAGTTAAAGAAGGAATGCGC_002,157
GAGTTAAAGAAGGAATGCGC_003,111
GGCCTCCCTGCGATTTGACG_001,62
GGCCTCCCTGCGATTTGACG_002,102
GGCCTCCCTGCGATTTGACG_003,166
GGCCTCCCTGCGATTTGACG_004,128
GGCCTCCCTGCGATTTGACG_005,185
GGCCTCCCTGCGATTTGACG_006,144
GGCCTCCCTGCGATTTGACG_007,134
GGCCTCCCTGCGATTTGACG_008,70
GGCCTCCCTGCGATTTGACG_009,2
GGCCTCCCTGCGATTTGACG_010,48
GGCCTCCCTGCGATTTGACG_011,86
GGCCTCCCTGCGATTTGACG_012,144
GGCCTCCCTGCGATTTGACG_013,49
GGCCTCCCTGCGATTTGACG_014,124
GGCCTCCCTGCGATTTGACG_015,150
GGCCTCCCTGCGATTTGACG_016,127
GGCCTCCCTGCGATTTGACG_017,48
GGCTTCCCAATCGTGCCCCG_001,127
GGCTTCCCAATCGTGCCCCG_002,63
GGCTTCCCAATCGTGCCCCG_003,168
GGCTTCCCAATCGTGCCCCG_004,111
GGCTTCCCAATCGTGCCCCG_005,9
TGAGCACAGCTACATCGCTG_001,62
TGAGCACAGCTACATCGCTG_002,50
TGAGCACAGCTACATCGCTG_003,98
TGAGCACAGCTACATCGCTG_004,177
TGAGCACAGCTACATCGCTG_005,114
TGAGCACAGCTACATCGCTG_006,95
TGAGCACAGCTACATCGCTG_007,81
TGAGCACAGCTACATCGCTG_008,10
TGAGCACAGCTACATCGCTG_009,31
CTTACCTGGATCCATTCATG_001,119
CTTACCTGGATCCATTCATG_002,2
CTTACCTGGATCCATTCATG_003,65
CTTACCTGGATCCATTCATG_004,138
CTTACCTGGATCCATTCATG_005,158
CTTACCTGGATCCATTCATG_006,40
GTGGAATGTTGTGTCACACC_001,190
GTGGAATGTTGTGTCACACC_002,132
GTGGAATGTTGTGTCACACC_003,148
GTGGAATGTTGTGTCACACC_004,146
GTGGAATGTTGTGTCACACC_005,178
GTGGAATGTTGTGTCACACC_006,122
GTGGAATGTTGTGTCACACC_007,105
GACCATTGTACGCTTGCGGG_001,81
GACCATTGTACGCTTGCGGG_002,8
GACCATTGTACGCTTGCGGG_003,97
GACCATTGTACGCTTGCGGG_004,34
CAGTCCCACTGAGTACCCGA_001,15
CAGTCCCACTGAGTACCCGA_002,136
CAGTCCCACTGAGTACCCGA_003,23
CAGTCCCACTGAGTACCCGA_004,56
CAGTCCCACTGAGTACCCGA_005,132
CAGTCCCACTGAGTACCCGA_006,165
CAGTCCCACTGAGTACCCGA_007,184
CAGTCCCACTGAGTACCCGA_008,172
CAGTCCCACTGAGTACCCGA_009,67
CAGTCCCACTGAGTACCCGA_010,129
CAGTCCCACTGAGTACCCGA_011,43
CAGTCCCACTGAGTACCCGA_012,9
CAGTCCCACTGAGTACCCGA_013,9
CAGTCCCACTGAGTACCCGA_014,58
CAGTCCCACTGAGTACCCGA_015,150
CAGTCCCACTGAGTACCCGA_016,111
CAGTCCCACTGAGTACCCGA_017,115
CAGTCCCACTGAGTACCCGA_018,105
CAGTCCCACTGAGTACCCGA_019,8
CAGTCCCACTGAGTACCCGA_020,67
CAGTCCCACTGAGTACCCGA_021,34
CAGTCCCACTGAGTACCCGA_022,118
CAGTCCCACTGAGTACCCGA_023,63
CAGTCCCACTGAGTACCCGA_024,3
CAGTCCCACTGAGTACCCGA_025,175
CAGTCCCACTGAGTACCCGA_026,79
CAGTCCCACTGAGTACCCGA_027,43
CAGTCCCACTGAGTACCCGA_028,184
CAGTCCCACTGAGTACCCGA_029,48
GTGGAAACATGTCCAGAGAG_001,48
GTGGAAACATGTCCAGAGAG_002,130
GTGGAAACATGTCCAGAGAG_003,96
GTGGAAACATGTCCAGAGAG_004,130
GTGGAAACATGTCCAGAGAG_005,10
GTGGAAACATGTCCAGAGAG_006,47
GTCCAGTCCCTGCTGCCAGG_001,185
GTCCAGTCCCTGCTGCCAGG_002,62
GCTGGAGAATGGGGAAGGTG_001,27
GCTGGAGAATGGGGAAGGTG_002,48
GCTGGAGAATGGGGAAGGTG_003,80
GCTGGAGAATGGGGAAGGTG_004,105
GCTGGAGAATGGGGAAGGTG_005,105
GCTGGAGAATGGGGAAGGTG_006,130
GCTGGAGAATGGGGAAGGTG_007,145
GCTGGAGAATGGGGAAGGTG_008,5
GCTGGAGAATGGGGAAGGTG_009,83
GCTGGAGAATGGGGAAGGTG_010,30
GCTGGAGAATGGGGAAGGTG_011,2
GCTGGAGAATGGGGAAGGTG_012,78
GCTGGAGAATGGGGAAGGTG_013,77
GCTGGAGAATGGGGAAGGTG_014,121
GCTGGAGAATGGGGAAGGTG_015,0
GCTGGAGAATGGGGAAGGTG_016,169
GCTGGAGAATGGGGAAGGTG_017,84
GCTGGAGAATGGGGAAGGTG_018,190
GCTGGAGAATGGGGAAGGTG_019,10
GGAGTGGAAGGAGCTCATCG_001,150
GGAGTGGAAGGAGCTCATCG_002,137
GGAGTGGAAGGAGCTCATCG_003,105
GGAGTGGAAGGAGCTCATCG_004,32
GGAGTGGAAGGAGCTCATCG_005,16
GGAGTGGAAGGAGCTCATCG_006,137
GGAGTGGAAGGAGCTCATCG_007,41
GGAGTGGAAGGAGCTCATCG_008,130
GGAGTGGAAGGAGCTCATCG_009,141
GGAGTGGAAGGAGCTCATCG_010,1
GGAGTGGAAGGAGCTCATCG_011,69
GGAGTGGAAGGAGCTCATCG_012,102
GGAGTGGAAGGAGCTCATCG_013,44
GGAGTGGAAGGAGCTCATCG_014,17
TGGAATTGAGCACTATGTGC_001,189
TGGAATTGAGCACTATGTGC_002,128
TGGAATTGAGCACTATGTGC_003,51
TGGAATTGAGCACTATGTGC_004,132
TGGAATTGAGCACTATGTGC_005,184
TGGAATTGAGCACTATGTGC_006,70
TGGAATTGAGCACTATGTGC_007,177
TGGAATTGAGCACTATGTGC_008,12
TGGAATTGAGCACTATGTGC_009,14
TGGAATTGAGCACTATGTGC_010,156
TGGAATTGAGCACTATGTGC_011,152
TGGAATTGAGCACTATGTGC_012,57
TCCCACACAGTTATTCACCC_001,52
TCCCACACAGTTATTCACCC_002,142
TTCATTCTGACAAATCACGA_001,135
TTCATTCTGACAAATCACGA_002,184
TTCATTCTGACAAATCACGA_003,145
TTCATTCTGACAAATCACGA_004,3
ACACTTACTATTACCGTCGA_001,194
ACACTTACTATTACCGTCGA_002,101
ACACTTACTATTACCGTCGA_003,112
GAGCACGTTAGGCATTAAGG_001,84
GAGCACGTTAGGCATTAAGG_002,194
GAGCACGTTAGGCATTAAGG_003,55
GAGCACGTTAGGCATTAAGG_004,137
GAGCACGTTAGGCATTAAGG_005,148
GAGCACGTTAGGCATTAAGG_006,41
GCGATGCCTCCAGAAGTACA_001,104
GCGATGCCTCCAGAAGTACA_002,135
GCGATGCCTCCAGAAGTACA_003,86
GCGATGCCTCCAGAAGTACA_004,169
GCGATGCCTCCAGAAGTACA_005,125
GCGATGCCTCCAGAAGTACA_006,35
GCGATGCCTCCAGAAGTACA_007,175
GCGATGCCTCCAGAAGTACA_008,177
GCGATGCCTCCAGAAGTACA_009,14
GCGATGCCTCCAGAAGTACA_010,43
GCGATGCCTCCAGAAGTACA_011,161
GCGATGCCTCCAGAAGTACA_012,135
GCGATGCCTCCAGAAGTACA_013,182
GCGATGCCTCCAGAAGTACA_014,47
GCGATGCCTCCAGAAGTACA_015,117
GCGATGCCTCCAGAAGTACA_016,56
GCGATGCCTCCAGAAGTACA_017,106
TGGACGACGTCTTTAAACAG_001,72
TGGACGACGTCTTTAAACAG_002,127
TGGACGACGTCTTTAAACAG_003,33
TGGACGACGTCTTTAAACAG_004,152
CCGCGCCCTTTCAGAAACAG_001,147
CCGCGCCCTTTCAGAAACAG_002,127
CCGCGCCCTTTCAGAAACAG_003,185
CCGCGCCCTTTCAGAAACAG_004,118
CCGCGCCCTTTCAGAAACAG_005,170
CCGCGCCCTTTCAGAAACAG_006,56
CCGCGCCCTTTCAGAAACAG_007,140
CCGCGCCCTTTCAGAAACAG_008,2
CCGCGCCCTTTCAGAAACAG_009,44
CCGCGCCCTTTCAGAAACAG_010,84
CCGCGCCCTTTCAGAAACAG_011,180
CCGCGCCCTTTCAGAAACAG_012,34
GGAAGTCTCTCCGGGAACGT_001,184
GGAAGTCTCTCCGGGAACGT_002,169
GGAAGTCTCTCCGGGAACGT_003,142
GGAAGTCTCTCCGGGAACGT_004,161
GGAAGTCTCTCCGGGAACGT_005,68
GGCGCGACCTACTTTCAGCG_001,53
GGCGCGACCTACTTTCAGCG_002,8
GGCGCGACCTACTTTCAGCG_003,14
GGCGCGACCTACTTTCAGCG_004,147
GGTGATTGGCGAGGACAACG_001,83
GGTGATTGGCGAGGACAACG_002,106
GGTGATTGGCGAGGACAACG_003,77
GGTGATTGGCGAGGACAACG_004,170
ATAGATAGCGTAGTGCAGAG_001,17
ATAGATAGCGTAGTGCAGAG_002,140
GATATAACTCAAAACTGTCA_001,102
GATATAACTCAAAACTGTCA_002,188
GATATAACTCAAAACTGTCA_003,15
GATATAACTCAAAACTGTCA_004,10
CCAGTTTAAAAAACATGAGG_001,76
CCAGTTTAAAAAACATGAGG_002,94
CCAGTTTAAAAAACATGAGG_003,14
CCAGTTTAAAAAACATGAGG_004,62
CCAGTTTAAAAAACATGAGG_005,178
CGCTGATGCAGGATACACAG_001,151
CGCTGATGCAGGATACACAG_002,184
CGCTGATGCAGGATACACAG_003,123
CGCTGATGCAGGATACACAG_004,177
CGCTGATGCAGGATACACAG_005,15
CGCTGATGCAGGATACACAG_006,130
CGCTGATGCAGGATACACAG_007,175
CGCTGATGCAGGATACACAG_008,101
CGCTGATGCAGGATACACAG_009,175
CGCTGATGCAGGATACACAG_010,81
CGCTGATGCAGGATACACAG_011,52
AATGGATAGTCAACATTTGG_001,194
AATGGATAGTCAACATTTGG_002,106
CGCCTGGGGAGTGATCATGT_001,127
CGCCTGGGGAGTGATCATGT_002,115
CGCCTGGGGAGTGATCATGT_003,9
CGCCTGGGGAGTGATCATGT_004,45
CGCCTGGGGAGTGATCATGT_005,53
CGCCTGGGGAGTGATCATGT_006,9
CGCCTGGGGAGTGATCATGT_007,3
CGCCTGGGGAGTGATCATGT_008,75
CGCCTGGGGAGTGATCATGT_009,145
CGCCTGGGGAGTGATCATGT_010,52
CGCCTGGGGAGTGATCATGT_011,103
CGCCTGGGGAGTGATCATGT_012,149
CGCCTGGGGAGTGATCATGT_013,24
CGCCTGGGGAGTGATCATGT_014,120
CGCCTGGGGAGTGATCATGT_015,128
CGCCTGGGGAGTGATCATGT_016,102
CGCCTGGGGAGTGATCATGT_017,199
CGCCTGGGGAGTGATCATGT_018,12
CGCCTGGGGAGTGATCATGT_019,92
CGCCTGGGGAGTGATCATGT_020,159
CGCCTGGGGAGTGATCATGT_021,150
CGCCTGGGGAGTGATCATGT_022,33
CGCCTGGGGAGTGATCATGT_023,147
CGCCTGGGGAGTGATCATGT_024,1
CGCCTGGGGAGTGATCATGT_025,14
CGCCTGGGGAGTGATCATGT_026,148
CGCCTGGGGAGTGATCATGT_027,115
CGCCTGGGGAGTGATCATGT_028,24
CGCCTGGGGAGTGATCATGT_029,35
CGCCTGGGGAGTGATCATGT_030,74
CGCCTGGGGAGTGATCATGT_031,37
CGCCTGGGGAGTGATCATGT_032,137
CGCCTGGGGAGTGATCATGT_033,12
CGCCTGGGGAGTGATCATGT_034,49
CGCCTGGGGAGTGATCATGT_035,188
CGCCTGGGGAGTGATCATGT_036,161
CGCCTGGGGAGTGATCATGT_037,152
CGCCTGGGGAGTGATCATGT_038,124
CGCCTGGGGAGTGATCATGT_039,168
CGCCTGGGGAGTGATCATGT_040,81
CGCCTGGGGAGTGATCATGT_041,19
CGCCTGGGGAGTGATCATGT_042,123
CGCCTGGGGAGTGATCATGT_043,40
CGCCTGGGGAGTGATCATGT_044,8
CGCCTGGGGAGTGATCATGT_045,40
CGCCTGGGGAGTGATCATGT_046,135
CGCCTGGGGAGTGATCATGT_047,95
CGCCTGGGGAGTGATCATGT_048,14
CGCCTGGGGAGTGATCATGT_049,95
CGCCTGGGGAGTGATCATGT_050,122
CGCCTGGGGAGTGATCATGT_051,7
CATGTACAACTTCGACCCCA_001,1
CATGTACAACTTCGACCCCA_002,160
CATGTACAACTTCGACCCCA_003,82
CATGTACAACTTCGACCCCA_004,181
CATGTACAACTTCGACCCCA_005,127
CATGTACAACTTCGACCCCA_006,126
CATGTACAACTTCGACCCCA_007,39
ACTAACCGTGGTCACTACAC_001,3
ACTAACCGTGGTCACTACAC_002,196
ACTAACCGTGGTCACTACAC_003,197
ACTAACCGTGGTCACTACAC_004,159
ACTAACCGTGGTCACTACAC_005,115
ACTAACCGTGGTCACTACAC_006,188
ACTAACCGTGGTCACTACAC_007,134
ACTAACCGTGGTCACTACAC_008,103
AAAGGATTTGACCAAACCTG_001,83
AAAGGATTTGACCAAACCTG_002,49
AAAGGATTTGACCAAACCTG_003,115
AAAGGATTTGACCAAACCTG_004,151
AAAGGATTTGACCAAACCTG_005,65
AAAGGATTTGACCAAACCTG_006,41
AAAGGATTTGACCAAACCTG_007,48
AAAGGATTTGACCAAACCTG_008,145
AAAGGATTTGACCAAACCTG_009,122
AAAGGATTTGACCAAACCTG_010,115
AAAGGATTTGACCAAACCTG_011,6
AAAGGATTTGACCAAACCTG_012,47
AAAGGATTTGACCAAACCTG_013,127
AAAGGATTTGACCAAACCTG_014,190
AAAGGATTTGACCAAACCTG_015,138
ACTACAGCCACGACAAACGG_001,41
ACTACAGCCACGACAAACGG_002,193
ACTACAGCCACGACAAACGG_003,195
ACTACAGCCACGACAAACGG_004,169
ACTACAGCCACGACAAACGG_005,142
ACTACAGCCACGACAAACGG_006,92
ACTACAGCCACGACAAACGG_007,102
ACTACAGCCACGACAAACGG_008,82
ACTACAGCCACGACAAACGG_009,182
ACTACAGCCACGACAAACGG_010,19
ACTACAGCCACGACAAACGG_011,102
ACTACAGCCACGACAAACGG_012,29
ACTACAGCCACGACAAACGG_013,159
ACTACAGCCACGACAAACGG_014,117
ACTACAGCCACGACAAACGG_015,29
ACTACAGCCACGACAAACGG_016,117
ACTACAGCCACGACAAACGG_017,76
ACTACAGCCACGACAAACGG_018,152
ACTACAGCCACGACAAACGG_019,141
ACTACAGCCACGACAAACGG_020,158
AGGAGGCAGAGGGCCAGCCC_001,49
AGGAGGCAGAGGGCCAGCCC_002,183
AGGAGGCAGAGGGCCAGCCC_003,161
AGGAGGCAGAGGGCCAGCCC_004,157
AGGAGGCAGAGGGCCAGCCC_005,188
AGGAGGCAGAGGGCCAGCCC_006,58
AGGAGGCAGAGGGCCAGCCC_007,33
AGGAGGCAGAGGGCCAGCCC_008,176
AGGAGGCAGAGGGCCAGCCC_009,103
AGGAGGCAGAGGGCCAGCCC_010,60
AGGAGGCAGAGGGCCAGCCC_011,150
GGAAAAGTTCAAGAAACCCG_001,112
GGAAAAGTTCAAGAAACCCG_002,160
GGAAAAGTTCAAGAAACCCG_003,147
GGAAAAGTTCAAGAAACCCG_004,116
GGAAAAGTTCAAGAAACCCG_005,12
GGAAAAGTTCAAGAAACCCG_006,169
GGAAAAGTTCAAGAAACCCG_007,9
GGAAAAGTTCAAGAAACCCG_008,50
AAGCTAGTAGACTCCAAGCA_001,116
AAGCTAGTAGACTCCAAGCA_002,19
AAGCTAGTAGACTCCAAGCA_003,106
AAGCTAGTAGACTCCAAGCA_004,93
AAGCTAGTAGACTCCAAGCA_005,168
AAGCTAGTAGACTCCAAGCA_006,63
AAGCTAGTAGACTCCAAGCA_007,144
AAGCTAGTAGACTCCAAGCA_008,2
AAGCTAGTAGACTCCAAGCA_009,48
AAGCTAGTAGACTCCAAGCA_010,78
AAGCTAGTAGACTCCAAGCA_011,79
AAGCTAGTAGACTCCAAGCA_012,117
AAGCTAGTAGACTCCAAGCA_013,82
AAGCTAGTAGACTCCAAGCA_014,160
AAGCTAGTAGACTCCAAGCA_015,149
AAGCTAGTAGACTCCAAGCA_016,60
AAGCTAGTAGACTCCAAGCA_017,74
AAGCTAGTAGACTCCAAGCA_018,105
AAGCTAGTAGACTCCAAGCA_019,124
GTCACCTACACGGACCGTTG_001,193
GTCACCTACACGGACCGTTG_002,6
GTCACCTACACGGACCGTTG_003,43
AGGGCCAGCGCTGTATTACA_001,80
AGGGCCAGCGCTGTATTACA_002,47
AGGGCCAGCGCTGTATTACA_003,50
CTCACTGTGAGGACACGACG_001,170
CTCACTGTGAGGACACGACG_002,51
CTCACTGTGAGGACACGACG_003,150
CTCACTGTGAGGACACGACG_004,42
CTCACTGTGAGGACACGACG_005,76
CTCACTGTGAGGACACGACG_006,158
CTCACTGTGAGGACACGACG_007,197
CTCACTGTGAGGACACGACG_008,107
CTCACTGTGAGGACACGACG_009,17
CTCACTGTGAGGACACGACG_010,181
CTCACTGTGAGGACACGACG_011,5
CTCACTGTGAGGACACGACG_012,62
CTCACTGTGAGGACACGACG_013,188
CTCACTGTGAGGACACGACG_014,127
CTCACTGTGAGGACACGACG_015,197
CTCACTGTGAGGACACGACG_016,32
CTGCAGGGAACCTCCACCAT_001,60
CTGCAGGGAACCTCCACCAT_002,152
CTGCAGGGAACCTCCACCAT_003,77
CTGCAGGGAACCTCCACCAT_004,58
CTGCAGGGAACCTCCACCAT_005,116
CTGCAGGGAACCTCCACCAT_006,170
CTGCAGGGAACCTCCACCAT_007,124
CTGCAGGGAACCTCCACCAT_008,33
CTGCAGGGAACCTCCACCAT_009,147
TCAGAGTTGATATTAATACT_001,138
TCAGAGTTGATATTAATACT_002,83
AATTATACTAAGACTCCTGG_001,53
AATTATACTAAGACTCCTGG_002,1
AATTATACTAAGACTCCTGG_003,116
AATTATACTAAGACTCCTGG_004,4
AATTATACTAAGACTCCTGG_005,88
AATTATACTAAGACTCCTGG_006,77
AATTATACTAAGACTCCTGG_007,3
CAATTTGAGACAAACATGAA_001,152
CAATTTGAGACAAACATGAA_002,144
CAATTTGAGACAAACATGAA_003,96
CAATTTGAGACAAACATGAA_004,58
CAATTTGAGACAAACATGAA_005,174
CAATTTGAGACAAACATGAA_006,151
CAATTTGAGACAAACATGAA_007,94
CAATTTGAGACAAACATGAA_008,88
AGGAAGATAGAGGAGGAACA_001,93
AGGAAGATAGAGGAGGAACA_002,7
AGGAAGATAGAGGAGGAACA_003,134
AGGAAGATAGAGGAGGAACA_004,51
ACAGACATACAAATTGTCCA_001,193
ACAGACATACAAATTGTCCA_002,110
ACAGACATACAAATTGTCCA_003,8
ACAGACATACAAATTGTCCA_004,178
ACAGACATACAAATTGTCCA_005,36
ACAGACATACAAATTGTCCA_006,188
ACAGCGGTAATAACACCCTA_001,77
ACAGCGGTAATAACACCCTA_002,106
ACAGCGGTAATAACACCCTA_003,115
ACAGCGGTAATAACACCCTA_004,180
ACAGCGGTAATAACACCCTA_005,90
ACAGCGGTAATAACACCCTA_006,140
ACAGCGGTAATAACACCCTA_007,1
TCTGTTAAGAGTCTTGAGCG_001,70
TCTGTTAAGAGTCTTGAGCG_002,70
TCTGTTAAGAGTCTTGAGCG_003,88
TCTGTTAAGAGTCTTGAGCG_004,148
CCTGAGAAGCATCTTCTGAA_001,23
CCTGAGAAGCATCTTCTGAA_002,170
CCTGAGAAGCATCTTCTGAA_003,2
CCTGAGAAGCATCTTCTGAA_004,76
CCTGAGAAGCATCTTCTGAA_005,47
CCTGAGAAGCATCTTCTGAA_006,14
CCTGAGAAGCATCTTCTGAA_007,158
CCTGAGAAGCATCTTCTGAA_008,19
CCTGAGAAGCATCTTCTGAA_009,176
CCTGAGAAGCATCTTCTGAA_010,146
CCTGAGAAGCATCTTCTGAA_011,21
CCTGAGAAGCATCTTCTGAA_012,176
CCTGAGAAGCATCTTCTGAA_013,176
CCTGAGAAGCATCTTCTGAA_014,19
CCTGAGAAGCATCTTCTGAA_015,19
CAGTAGCACGATCACGGTCA_001,92
CAGTAGCACGATCACGGTCA_002,170
CACCCTCGCCGAGCGCATAG_001,148
CACCCTCGCCGAGCGCATAG_002,6
CACCCTCGCCGAGCGCATAG_003,173
CACCCTCGCCGAGCGCATAG_004,19
CACCCTCGCCGAGCGCATAG_005,150
CACCCTCGCCGAGCGCATAG_006,99
GAAGCATGGTGCCTCCTGAA_001,1
GAAGCATGGTGCCTCCTGAA_002,184
GAAGCATGGTGCCTCCTGAA_003,112
GAAGCATGGTGCCTCCTGAA_004,83
GAAGCATGGTGCCTCCTGAA_005,58
AGACTGTCGTAGCAATGTAC_001,83
AGACTGTCGTAGCAATGTAC_002,176
AGACTGTCGTAGCAATGTAC_003,23
AGACTGTCGTAGCAATGTAC_004,168
AGACTGTCGTAGCAATGTAC_005,82
AGACTGTCGTAGCAATGTAC_006,198
AGACTGTCGTAGCAATGTAC_007,179
AGACTGTCGTAGCAATGTAC_008,172
AGACTGTCGTAGCAATGTAC_009,44
AGACTGTCGTAGCAATGTAC_010,168
AGACTGTCGTAGCAATGTAC_011,53
AGACTGTCGTAGCAATGTAC_012,180
AGACTGTCGTAGCAATGTAC_013,75
AGACTGTCGTAGCAATGTAC_014,81
AGACTGTCGTAGCAATGTAC_015,184
AGACTGTCGTAGCAATGTAC_016,34
AGACTGTCGTAGCAATGTAC_017,175
AGACTGTCGTAGCAATGTAC_018,68
AGACTGTCGTAGCAATGTAC_019,56
AGACTGTCGTAGCAATGTAC_020,152
AGAGCACAGCGAGGAAAGTG_001,121
AGAGCACAGCGAGGAAAGTG_002,41
AGAGCACAGCGAGGAAAGTG_003,9
AGAGCACAGCGAGGAAAGTG_004,157
AGAGCACAGCGAGGAAAGTG_005,0
AGAGCACAGCGAGGAAAGTG_006,196
AGAGCACAGCGAGGAAAGTG_007,141
AGAGCACAGCGAGGAAAGTG_008,162
AGAGCACAGCGAGGAAAGTG_009,77
AGAGCACAGCGAGGAAAGTG_010,75
AGAGCACAGCGAGGAAAGTG_011,150
AGAGCACAGCGAGGAAAGTG_012,5
AGAGCACAGCGAGGAAAGTG_013,8
AGAGCACAGCGAGGAAAGTG_014,50
AGAGCACAGCGAGGAAAGTG_015,78
AGAGCACAGCGAGGAAAGTG_016,190
AGAGCACAGCGAGGAAAGTG_017,15
AGAGCACAGCGAGGAAAGTG_018,6
AGAGCACAGCGAGGAAAGTG_019,89
AGAGCACAGCGAGGAAAGTG_020,173
AGAGCACAGCGAGGAAAGTG_021,173
AGAGCACAGCGAGGAAAGTG_022,1
AGAGCACAGCGAGGAAAGTG_023,3
AGAGCACAGCGAGGAAAGTG_024,95
AGAGCACAGCGAGGAAAGTG_025,46
GGTGTCGAATAAGCACTGAA_001,58
GGTGTCGAATAAGCACTGAA_002,169
GGTGTCGAATAAGCACTGAA_003,48
GGTGTCGAATAAGCACTGAA_004,127
GGTGTCGAATAAGCACTGAA_005,19
GGGCACTTGGGGGTGCACTT_001,116
GGGCACTTGGGGGTGCACTT_002,29
GGGCACTTGGGGGTGCACTT_003,103
GGGCACTTGGGGGTGCACTT_004,113
GGGCACTTGGGGGTGCACTT_005,172
GGGCACTTGGGGGTGCACTT_006,178
GGGCACTTGGGGGTGCACTT_007,122
GGGCACTTGGGGGTGCACTT_008,32
GGGCACTTGGGGGTGCACTT_009,73
GGGCACTTGGGGGTGCACTT_010,85
GGGCACTTGGGGGTGCACTT_011,49
GGGCACTTGGGGGTGCACTT_012,34
GGGCACTTGGGGGTGCACTT_013,167
ATCAATTGATAATCGGGCCG_001,27
ATCAATTGATAATCGGGCCG_002,84
ATCAATTGATAATCGGGCCG_003,12
ATCAATTGATAATCGGGCCG_004,193
ATCAATTGATAATCGGGCCG_005,174
ATCAATTGATAATCGGGCCG_006,171
ATCAATTGATAATCGGGCCG_007,111
ATCAATTGATAATCGGGCCG_008,160
ATCAATTGATAATCGGGCCG_009,121
ATCAATTGATAATCGGGCCG_010,107
ATCAATTGATAATCGGGCCG_011,52
ATCAATTGATAATCGGGCCG_012,147
ATCAATTGATAATCGGGCCG_013,63
ATCAATTGATAATCGGGCCG_014,35
ATCAATTGATAATCGGGCCG_015,90
ATCAATTGATAATCGGGCCG_016,166
ATCAATTGATAATCGGGCCG_017,191
ATCAATTGATAATCGGGCCG_018,114
CTTGGTTGCGAATTGCCAGG_001,160
CTTGGTTGCGAATTGCCAGG_002,190
CTTGGTTGCGAATTGCCAGG_003,62
CTTGGTTGCGAATTGCCAGG_004,82
CTTGGTTGCGAATTGCCAGG_005,66
CTTGGTTGCGAATTGCCAGG_006,110
CTTGGTTGCGAATTGCCAGG_007,11
CTTGGTTGCGAATTGCCAGG_008,148
CTTGGTTGCGAATTGCCAGG_009,72
CTTGGTTGCGAATTGCCAGG_010,69
ATAGCAGAGCACCAGAACTG_001,3
ATAGCAGAGCACCAGAACTG_002,100
ATAGCAGAGCACCAGAACTG_003,58
ATAGCAGAGCACCAGAACTG_004,141
ATAGCAGAGCACCAGAACTG_005,65
ATAGCAGAGCACCAGAACTG_006,193
ATAGCAGAGCACCAGAACTG_007,81
ATAGCAGAGCACCAGAACTG_008,91
ATAGCAGAGCACCAGAACTG_009,114
ATAGCAGAGCACCAGAACTG_010,15
ATAGCAGAGCACCAGAACTG_011,73
ATAGCAGAGCACCAGAACTG_012,191
ATAGCAGAGCACCAGAACTG_013,152
ATAGCAGAGCACCAGAACTG_014,0
ATAGCAGAGCACCAGAACTG_015,38
ATAACAACAGCAAACCCACA_001,17
ATAACAACAGCAAACCCACA_002,19
ATAACAACAGCAAACCCACA_003,47
ATAACAACAGCAAACCCACA_004,117
ATAACAACAGCAAACCCACA_005,118
ATAACAACAGCAAACCCACA_006,150
ATAACAACAGCAAACCCACA_007,174
ATAACAACAGCAAACCCACA_008,145
ATAACAACAGCAAACCCACA_009,146
ATAACAACAGCAAACCCACA_010,149
ATAACAACAGCAAACCCACA_011,101
ATAACAACAGCAAACCCACA_012,157
ATAACAACAGCAAACCCACA_013,91
ATAACAACAGCAAACCCACA_014,188
TTTCTCCCAACAATCACAGT_001,174
TTTCTCCCAACAATCACAGT_002,78
TTTCTCCCAACAATCACAGT_003,162
TTTCTCCCAACAATCACAGT_004,182
TTTCTCCCAACAATCACAGT_005,63
TTTCTCCCAACAATCACAGT_006,88
TTTCTCCCAACAATCACAGT_007,76
TTTCTCCCAACAATCACAGT_008,166
TTTCTCCCAACAATCACAGT_009,191
TTTCTCCCAACAATCACAGT_010,178
GTCCATCTTGAGGTAGACGC_001,149
GTCCATCTTGAGGTAGACGC_002,37
GTCCATCTTGAGGTAGACGC_003,120
GTCCATCTTGAGGTAGACGC_004,55
TGTCAGTGTGCCTCATACTG_001,144
TGTCAGTGTGCCTCATACTG_002,166
TGTCAGTGTGCCTCATACTG_003,51
TGTCAGTGTGCCTCATACTG_004,155
TGTCAGTGTGCCTCATACTG_005,67
TGTCAGTGTGCCTCATACTG_006,54
TGTCAGTGTGCCTCATACTG_007,198
TGTCAGTGTGCCTCATACTG_008,42
ACCCAACCAGAACCTCTCCG_001,4
ACCCAACCAGAACCTCTCCG_002,44
ACCCAACCAGAACCTCTCCG_003,148
ACCCAACCAGAACCTCTCCG_004,67
ACCCAACCAGAACCTCTCCG_005,19
ACCCAACCAGAACCTCTCCG_006,192
ACCCAACCAGAACCTCTCCG_007,3
TCTGGTAAGCCTTAGAGATG_001,134
TCTGGTAAGCCTTAGAGATG_002,12
TCTGGTAAGCCTTAGAGATG_003,108
TCTGGTAAGCCTTAGAGATG_004,187
CCCGAAACATGTTGCCAGTG_001,67
CCCGAAACATGTTGCCAGTG_002,4
GGCAAGTGCAACGTGCACCA_001,118
GGCAAGTGCAACGTGCACCA_002,173
GGCAAGTGCAACGTGCACCA_003,96
GGCAAGTGCAACGTGCACCA_004,28
GGCAAGTGCAACGTGCACCA_005,93
GGCAAGTGCAACGTGCACCA_006,86
GGCAAGTGCAACGTGCACCA_007,69
GGCAAGTGCAACGTGCACCA_008,166
GGCAAGTGCAACGTGCACCA_009,18
GGCAAGTGCAACGTGCACCA_010,43
GGCAAGTGCAACGTGCACCA_011,28
GGCAAGTGCAACGTGCACCA_012,2
GGCAAGTGCAACGTGCACCA_013,105
GGCAAGTGCAACGTGCACCA_014,66
ACGACAATGTCCATTATGGT_001,174
ACGACAATGTCCATTATGGT_002,66
ACGACAATGTCCATTATGGT_003,78
ACGACAATGTCCATTATGGT_004,170
ACGACAATGTCCATTATGGT_005,4
ACGACAATGTCCATTATGGT_006,29
ACGACAATGTCCATTATGGT_007,122
ACGACAATGTCCATTATGGT_008,98
ACGACAATGTCCATTATGGT_009,158
ACGACAATGTCCATTATGGT_010,0
ACGACAATGTCCATTATGGT_011,170
ACGACAATGTCCATTATGGT_012,144
GGTGCCGTACCGCTTGTGGA_001,102
GGTGCCGTACCGCTTGTGGA_002,44
GGTGCCGTACCGCTTGTGGA_003,145
GGTGCCGTACCGCTTGTGGA_004,105
GGTGCCGTACCGCTTGTGGA_005,20
GGTGCCGTACCGCTTGTGGA_006,48
GGTGCCGTACCGCTTGTGGA_007,151
GGTGCCGTACCGCTTGTGGA_008,126
GGTGCCGTACCGCTTGTGGA_009,172
GGTGCCGTACCGCTTGTGGA_010,158
GGTGCCGTACCGCTTGTGGA_011,176
GGTGCCGTACCGCTTGTGGA_012,149
GGTGCCGTACCGCTTGTGGA_013,24
GGTGCCGTACCGCTTGTGGA_014,20
GGTGCCGTACCGCTTGTGGA_015,127
GGTGCCGTACCGCTTGTGGA_016,144
GGTGCCGTACCGCTTGTGGA_017,105
GGTGCCGTACCGCTTGTGGA_018,39
TAGATGGCGTCTGATACCAC_001,25
TAGATGGCGTCTGATACCAC_002,32
TAGATGGCGTCTGATACCAC_003,0
TAGATGGCGTCTGATACCAC_004,172
TAGATGGCGTCTGATACCAC_005,77
TAGATGGCGTCTGATACCAC_006,40
TAGATGGCGTCTGATACCAC_007,168
TAGATGGCGTCTGATACCAC_008,106
TAGATGGCGTCTGATACCAC_009,28
TAGATGGCGTCTGATACCAC_010,101
TAGATGGCGTCTGATACCAC_011,10
TAGATGGCGTCTGATACCAC_012,168
TAGATGGCGTCTGATACCAC_013,41
TAGATGGCGTCTGATACCAC_014,199
TAGATGGCGTCTGATACCAC_015,5
TAGATGGCGTCTGATACCAC_016,86
TAGATGGCGTCTGATACCAC_017,33
TAGATGGCGTCTGATACCAC_018,62
TAGATGGCGTCTGATACCAC_019,191
CGAACAAGACGTACACTGAG_001,53
CGAACAAGACGTACACTGAG_002,83
CGAACAAGACGTACACTGAG_003,152
CGAACAAGACGTACACTGAG_004,102
CGAACAAGACGTACACTGAG_005,75
CGAACAAGACGTACACTGAG_006,12
CGAACAAGACGTACACTGAG_007,112
CGAACAAGACGTACACTGAG_008,116
CGAACAAGACGTACACTGAG_009,160
CGAACAAGACGTACACTGAG_010,8
CGAACAAGACGTACACTGAG_011,167
CGAACAAGACGTACACTGAG_012,186
CGAACAAGACGTACACTGAG_013,186
CGAACAAGACGTACACTGAG_014,167
CGAACAAGACGTACACTGAG_015,27
CGAACAAGACGTACACTGAG_016,43
CGAACAAGACGTACACTGAG_017,197
CGAACAAGACGTACACTGAG_018,22
CCTGAAGCCGCGCCGCCATG_001,32
CCTGAAGCCGCGCCGCCATG_002,127
CCTGAAGCCGCGCCGCCATG_003,44
CCTGAAGCCGCGCCGCCATG_004,94
ATATGTCTGTGCAATCAAGG_001,197
ATATGTCTGTGCAATCAAGG_002,42
ATATGTCTGTGCAATCAAGG_003,183
ATATGTCTGTGCAATCAAGG_004,199
CCTGCAGGATCTAGTAGAGT_001,36
CCTGCAGGATCTAGTAGAGT_002,175
CCTGCAGGATCTAGTAGAGT_003,7
CCTGCAGGATCTAGTAGAGT_004,56
AAGACAGCTCGGAATCGAGT_001,198
AAGACAGCTCGGAATCGAGT_002,181
ACCTTACAATAAGTTATATT_001,176
ACCTTACAATAAGTTATATT_002,28
ACCTTACAATAAGTTATATT_003,169
ACCTTACAATAAGTTATATT_004,139
ACCTTACAATAAGTTATATT_005,155
ACCTTACAATAAGTTATATT_006,85
ACCTTACAATAAGTTATATT_007,99
ACCTTACAATAAGTTATATT_008,184
ACCTTACAATAAGTTATATT_009,121
TCAATAGTAGCTCCTAAACG_001,152
GTAGGCGCGCCGCTCTCTAC_001,154
GTAGGCGCGCCGCTCTCTAC_002,171
GTAGGCGCGCCGCTCTCTAC_003,94
GTAGGCGCGCCGCTCTCTAC_004,48
GTAGGCGCGCCGCTCTCTAC_005,96
GTAGGCGCGCCGCTCTCTAC_006,65
GTAGGCGCGCCGCTCTCTAC_007,50
GTAGGCGCGCCGCTCTCTAC_008,123
GTAGGCGCGCCGCTCTCTAC_009,146
GTAGGCGCGCCGCTCTCTAC_010,92
GTAGGCGCGCCGCTCTCTAC_011,155
GTAGGCGCGCCGCTCTCTAC_012,29
GTAGGCGCGCCGCTCTCTAC_013,127
GTAGGCGCGCCGCTCTCTAC_014,168
GTAGGCGCGCCGCTCTCTAC_015,132
GTAGGCGCGCCGCTCTCTAC_016,20
GTAGGCGCGCCGCTCTCTAC_017,197
GTAGGCGCGCCGCTCTCTAC_018,199
GTAGGCGCGCCGCTCTCTAC_019,9
GTAGGCGCGCCGCTCTCTAC_020,115
GTAGGCGCGCCGCTCTCTAC_021,144
GTAGGCGCGCCGCTCTCTAC_022,188
GTAGGCGCGCCGCTCTCTAC_023,46
GTAGGCGCGCCGCTCTCTAC_024,144
GTAGGCGCGCCGCTCTCTAC_025,125
GTAGGCGCGCCGCTCTCTAC_026,124
GTAGGCGCGCCGCTCTCTAC_027,77
GTAGGCGCGCCGCTCTCTAC_028,96
GTAGGCGCGCCGCTCTCTAC_029,55
GTAGGCGCGCCGCTCTCTAC_030,118
CATCGAACTCTGCACCCCTG_001,84
CATCGAACTCTGCACCCCTG_002,138
CATCGAACTCTGCACCCCTG_003,68
CATCGAACTCTGCACCCCTG_004,33
CATCGAACTCTGCACCCCTG_005,169
CATCGAACTCTGCACCCCTG_006,191
CATCGAACTCTGCACCCCTG_007,16
TGAGAGCGCTGGAGAGCAGA_001,84
TGAGAGCGCTGGAGAGCAGA_002,62
TGAGAGCGCTGGAGAGCAGA_003,18
TGAGAGCGCTGGAGAGCAGA_004,95
TGAGAGCGCTGGAGAGCAGA_005,166
TGAGAGCGCTGGAGAGCAGA_006,178
TGAGAGCGCTGGAGAGCAGA_007,178
TGAGAGCGCTGGAGAGCAGA_008,61
TGAGAGCGCTGGAGAGCAGA_009,61
TGAGAGCGCTGGAGAGCAGA_010,50
TGAGAGCGCTGGAGAGCAGA_011,192
TGAGAGCGCTGGAGAGCAGA_012,13
TGAGAGCGCTGGAGAGCAGA_013,8
TGAGAGCGCTGGAGAGCAGA_014,78
TGAGAGCGCTGGAGAGCAGA_015,48
TGAGAGCGCTGGAGAGCAGA_016,84
TGAGAGCGCTGGAGAGCAGA_017,156
TGAGAGCGCTGGAGAGCAGA_018,33
TGAGAGCGCTGGAGAGCAGA_019,1
TGAGAGCGCTGGAGAGCAGA_020,119
TGAGAGCGCTGGAGAGCAGA_021,181
TGAGAGCGCTGGAGAGCAGA_022,57
TGAGAGCGCTGGAGAGCAGA_023,136
TGGAATTGACAACCGTTGAG_001,54
TGGAATTGACAACCGTTGAG_002,56
GGCTACTTACACCTTCAGCT_001,115
GGCTACTTACACCTTCAGCT_002,14
GGCTACTTACACCTTCAGCT_003,147
AGGAGATTACGATGAAACGC_001,21
AGGAGATTACGATGAAACGC_002,50
AGGAGATTACGATGAAACGC_003,53
CAGGCAGCCTCAACATATCG_001,7
CAGGCAGCCTCAACATATCG_002,172
CAGGCAGCCTCAACATATCG_003,162
GTGCCCAGGCAGACTTCGAG_001,2
GTGCCCAGGCAGACTTCGAG_002,25
GGTCACTGGCCAGCACCCCG_001,94
GGTCACTGGCCAGCACCCCG_002,2
GGTCACTGGCCAGCACCCCG_003,68
GGTCACTGGCCAGCACCCCG_004,20
GGTCACTGGCCAGCACCCCG_005,104
GGTCACTGGCCAGCACCCCG_006,25
TGAAATCGATGGTCTCCAGA_001,10
GCAAGAGATCACAGAGCAAC_001,5
GCAAGAGATCACAGAGCAAC_002,134
TCTGATTCCAGATATGATGA_001,188
ATATATGGACCGGCATACAG_001,6
ATATATGGACCGGCATACAG_002,17
ATATATGGACCGGCATACAG_003,122
ATATATGGACCGGCATACAG_004,127
ATATATGGACCGGCATACAG_005,70
ATATATGGACCGGCATACAG_006,169
ATATATGGACCGGCATACAG_007,148
ATATATGGACCGGCATACAG_008,160
ATATATGGACCGGCATACAG_009,174
ATATATGGACCGGCATACAG_010,77
ATATATGGACCGGCATACAG_011,191
ATATATGGACCGGCATACAG_012,48
ATATATGGACCGGCATACAG_013,159
ATATATGGACCGGCATACAG_014,10
GTCTAAAGGACGAAAAGATG_001,172
GCTGAGCGAAGAGGTGCCGT_001,154
GCTGAGCGAAGAGGTGCCGT_002,16
GCCCCTCTACAATCCCACTG_001,176
GCCCCTCTACAATCCCACTG_002,11
GCCCCTCTACAATCCCACTG_003,111
GCCCCTCTACAATCCCACTG_004,121
GCCCCTCTACAATCCCACTG_005,116
GCCCCTCTACAATCCCACTG_006,99
GCCCCTCTACAATCCCACTG_007,169
GCCCCTCTACAATCCCACTG_008,1
GCCCCTCTACAATCCCACTG_009,185
GCCCCTCTACAATCCCACTG_010,61
GCCCCTCTACAATCCCACTG_011,138
GCCCCTCTACAATCCCACTG_012,16
GCCCCTCTACAATCCCACTG_013,27
TGTGAGCGAGTCCCACAGTG_001,61
TGTGAGCGAGTCCCACAGTG_002,102
TGTGAGCGAGTCCCACAGTG_003,159
TGTGAGCGAGTCCCACAGTG_004,86
TGTGAGCGAGTCCCACAGTG_005,20
TGTGAGCGAGTCCCACAGTG_006,40
TGTGAGCGAGTCCCACAGTG_007,50
TGTGAGCGAGTCCCACAGTG_008,48
TGTGAGCGAGTCCCACAGTG_009,116
TGTGAGCGAGTCCCACAGTG_010,43
TGTGAGCGAGTCCCACAGTG_011,85
TGTGAGCGAGTCCCACAGTG_012,197
TGTGAGCGAGTCCCACAGTG_013,48
TGTGAGCGAGTCCCACAGTG_014,194
TGTGAGCGAGTCCCACAGTG_015,183
TGTGAGCGAGTCCCACAGTG_016,92
GTCTCTACCTCCAATACCCG_001,72
GTCTCTACCTCCAATACCCG_002,141
GTCTCTACCTCCAATACCCG_003,185
GTCTCTACCTCCAATACCCG_004,49
GTCTCTACCTCCAATACCCG_005,81
GTCTCTACCTCCAATACCCG_006,166
GTCTCTACCTCCAATACCCG_007,104
GTCTCTACCTCCAATACCCG_008,160
GTCTCTACCTCCAATACCCG_009,77
GTCTCTACCTCCAATACCCG_010,145
GTCTCTACCTCCAATACCCG_011,76
GTCTCTACCTCCAATACCCG_012,68
GTCTCTACCTCCAATACCCG_013,160
CCTCGAGCAGGATCACGGCG_001,5
CCTCGAGCAGGATCACGGCG_002,9
GAAGGCCATCTTGGGTACAG_001,30
GAAGGCCATCTTGGGTACAG_002,198
GAAGGCCATCTTGGGTACAG_003,76
GAAGGCCATCTTGGGTACAG_004,120
GAAGGCCATCTTGGGTACAG_005,116
GAAGGCCATCTTGGGTACAG_006,32
CAGCAGGCCATGGGTTACCA_001,88
CAGCAGGCCATGGGTTACCA_002,170
CAGCAGGCCATGGGTTACCA_003,8
CAGCAGGCCATGGGTTACCA_004,34
CAGCAGGCCATGGGTTACCA_005,166
CAGCAGGCCATGGGTTACCA_006,159
CAGCAGGCCATGGGTTACCA_007,177
CAGCAGGCCATGGGTTACCA_008,164
CAGCAGGCCATGGGTTACCA_009,100
CAGCAGGCCATGGGTTACCA_010,62
CAGCAGGCCATGGGTTACCA_011,48
CAGCAGGCCATGGGTTACCA_012,73
CAGCAGGCCATGGGTTACCA_013,184
CAGCAGGCCATGGGTTACCA_014,78
CAGCAGGCCATGGGTTACCA_015,169
CAGCAGGCCATGGGTTACCA_016,190
CAGCAGGCCATGGGTTACCA_017,8
CAGCAGGCCATGGGTTACCA_018,90
CAGCAGGCCATGGGTTACCA_019,45
CAGCAGGCCATGGGTTACCA_020,78
CAGCAGGCCATGGGTTACCA_021,3
CAGCAGGCCATGGGTTACCA_022,32
CAGCAGGCCATGGGTTACCA_023,188
CAGCAGGCCATGGGTTACCA_024,50
CAGCAGGCCATGGGTTACCA_025,70
CAGCAGGCCATGGGTTACCA_026,27
CAGCAGGCCATGGGTTACCA_027,102
GTTCACGCCAGAGAAAAACA_001,72
GTTCACGCCAGAGAAAAACA_002,83
GTTCACGCCAGAGAAAAACA_003,150
GTTCACGCCAGAGAAAAACA_004,50
GTTCACGCCAGAGAAAAACA_005,149
GTTCACGCCAGAGAAAAACA_006,88
GTTCACGCCAGAGAAAAACA_007,88
GTTCACGCCAGAGAAAAACA_008,63
GTTCACGCCAGAGAAAAACA_009,18
GTTCACGCCAGAGAAAAACA_010,134
CCTGGCAAAGATCATGTCCG_001,130
CCTGGCAAAGATCATGTCCG_002,158
CCTGGCAAAGATCATGTCCG_003,174
CCTGGCAAAGATCATGTCCG_004,169
CCTGGCAAAGATCATGTCCG_005,51
CCTGGCAAAGATCATGTCCG_006,155
CCTGGCAAAGATCATGTCCG_007,183
CCTGGCAAAGATCATGTCCG_008,92
CCTGGCAAAGATCATGTCCG_009,192
CCTGGCAAAGATCATGTCCG_010,55
CCTGGCAAAGATCATGTCCG_011,8
CCTGGCAAAGATCATGTCCG_012,165
CCTGGCAAAGATCATGTCCG_013,144
CCTGGCAAAGATCATGTCCG_014,24
CCTGGCAAAGATCATGTCCG_015,139
TAGGTCGAAGCTGTACACGG_001,163
TAGGTCGAAGCTGTACACGG_002,169
TAGGTCGAAGCTGTACACGG_003,151
TAGGTCGAAGCTGTACACGG_004,177
TAGGTCGAAGCTGTACACGG_005,177
TAGGTCGAAGCTGTACACGG_006,134
TAGGTCGAAGCTGTACACGG_007,58
TAGGTCGAAGCTGTACACGG_008,61
TAGGTCGAAGCTGTACACGG_009,184
TAGGTCGAAGCTGTACACGG_010,49
TAGGTCGAAGCTGTACACGG_011,186
TAGGTCGAAGCTGTACACGG_012,129
TAGGTCGAAGCTGTACACGG_013,134
TAGGTCGAAGCTGTACACGG_014,68
TAGGTCGAAGCTGTACACGG_015,66
TAGGTCGAAGCTGTACACGG_016,132
ATCAGACCAGTCATTATACC_001,24
ATCAGACCAGTCATTATACC_002,117
ATCAGACCAGTCATTATACC_003,56
GGACGATGGCGTGCATACCG_001,32
GGACGATGGCGTGCATACCG_002,169
TGGGGGAGACCTTTCTGACG_001,161
TGGGGGAGACCTTTCTGACG_002,50
TGGGGGAGACCTTTCTGACG_003,161
TGGGGGAGACCTTTCTGACG_004,28
TGGGGGAGACCTTTCTGACG_005,186
GATGAGTGAAATCTGCCGGA_001,66
CAGCTCTCTCAACACAGCAG_001,168
CAGCTCTCTCAACACAGCAG_002,20
CAGCTCTCTCAACACAGCAG_003,33
CAGCTCTCTCAACACAGCAG_004,155
CAGCTCTCTCAACACAGCAG_005,22
CAGCTCTCTCAACACAGCAG_006,187
CAGCTCTCTCAACACAGCAG_007,77
CAGCTCTCTCAACACAGCAG_008,183
CAGCTCTCTCAACACAGCAG_009,166
CAGCTCTCTCAACACAGCAG_010,29
CAGCTCTCTCAACACAGCAG_011,180
AAGGAGTCAGAGTTCCCCGT_001,1
AAGGAGTCAGAGTTCCCCGT_002,127
AAGGAGTCAGAGTTCCCCGT_003,183
AAGGAGTCAGAGTTCCCCGT_004,88
AAGGAGTCAGAGTTCCCCGT_005,148
AAGGAGTCAGAGTTCCCCGT_006,72
AAGGAGTCAGAGTTCCCCGT_007,88
AAGGAGTCAGAGTTCCCCGT_008,151
AAGGAGTCAGAGTTCCCCGT_009,172
CAGGACAGGATCGTTACAGC_001,149
CAGGACAGGATCGTTACAGC_002,35
CAGGACAGGATCGTTACAGC_003,162
CAGGACAGGATCGTTACAGC_004,148
CAGGACAGGATCGTTACAGC_005,159
CAGGACAGGATCGTTACAGC_006,108
CAGGACAGGATCGTTACAGC_007,184
CAGGACAGGATCGTTACAGC_008,106
CGTGATTAACTAAAAATGAG_001,167
CGTGATTAACTAAAAATGAG_002,129
GGCCAAAGTCGCGGTCGCAG_001,155
GGCCAAAGTCGCGGTCGCAG_002,56
GGCCAAAGTCGCGGTCGCAG_003,179
GGCCAAAGTCGCGGTCGCAG_004,96
GGTGCGCCACTGACACCCAC_001,9
GGTGCGCCACTGACACCCAC_002,161
GGTGCGCCACTGACACCCAC_003,97
GGTGCGCCACTGACACCCAC_004,129
GGTGCGCCACTGACACCCAC_005,139
GGTGCGCCACTGACACCCAC_006,163
GGTGCGCCACTGACACCCAC_007,151
GGTGCGCCACTGACACCCAC_008,78
GGTGCGCCACTGACACCCAC_009,103
GGTGCGCCACTGACACCCAC_010,9
GGTGCGCCACTGACACCCAC_011,46
GGTGCGCCACTGACACCCAC_012,160
GGTGCGCCACTGACACCCAC_013,105
GGTGCGCCACTGACACCCAC_014,168
GGTGCGCCACTGACACCCAC_015,38
GGTGCGCCACTGACACCCAC_016,147
GGTGCGCCACTGACACCCAC_017,81
GGTGCGCCACTGACACCCAC_018,68
GGTTTCAGATAAAATCTACG_001,184
GGTTTCAGATAAAATCTACG_002,36
GGTTTCAGATAAAATCTACG_003,97
GGTTTCAGATAAAATCTACG_004,171
GGTTTCAGATAAAATCTACG_005,82
GGTTTCAGATAAAATCTACG_006,115
GGTTTCAGATAAAATCTACG_007,113
CCCACCCAGGACTATGCTGT_001,22
CCCACCCAGGACTATGCTGT_002,119
CCCACCCAGGACTATGCTGT_003,164
CCCACCCAGGACTATGCTGT_004,38
CCCACCCAGGACTATGCTGT_005,84
CCCACCCAGGACTATGCTGT_006,94
CCCACCCAGGACTATGCTGT_007,32
CCCACCCAGGACTATGCTGT_008,15
CCCACCCAGGACTATGCTGT_009,57
CCCACCCAGGACTATGCTGT_010,180
GTCTAAGTTCTCACACAGAG_001,21
GTCTAAGTTCTCACACAGAG_002,129
GTTTGTGAGCCGTATCTCCG_001,13
GTTTGTGAGCCGTATCTCCG_002,62
GTTTGTGAGCCGTATCTCCG_003,145
GTTTGTGAGCCGTATCTCCG_004,17
GTTTGTGAGCCGTATCTCCG_005,144
GTTTGTGAGCCGTATCTCCG_006,58
GTTTGTGAGCCGTATCTCCG_007,176
GTTTGTGAGCCGTATCTCCG_008,91
GTTTGTGAGCCGTATCTCCG_009,80
GTTTGTGAGCCGTATCTCCG_010,115
AGTACCGCACCATCACTGGA_001,62
AGTACCGCACCATCACTGGA_002,134
AGTACCGCACCATCACTGGA_003,114
AGTACCGCACCATCACTGGA_004,19
AGTACCGCACCATCACTGGA_005,154
AGTACCGCACCATCACTGGA_006,28
AGTACCGCACCATCACTGGA_007,61
AGTACCGCACCATCACTGGA_008,126
AGTACCGCACCATCACTGGA_009,171
AGTACCGCACCATCACTGGA_010,94
AGTACCGCACCATCACTGGA_011,15
AGTACCGCACCATCACTGGA_012,78
AGTACCGCACCATCACTGGA_013,78
AGTACCGCACCATCACTGGA_014,62
AGTACCGCACCATCACTGGA_015,100
AGTACCGCACCATCACTGGA_016,135
AGTACCGCACCATCACTGGA_017,75
AGTACCGCACCATCACTGGA_018,127
AGTACCGCACCATCACTGGA_019,105
AGTACCGCACCATCACTGGA_020,55
AGTACCGCACCATCACTGGA_021,59
AGTACCGCACCATCACTGGA_022,101
AGTACCGCACCATCACTGGA_023,169
AGTACCGCACCATCACTGGA_024,11
AGTACCGCACCATCACTGGA_025,76
AGTACCGCACCATCACTGGA_026,2
AGTACCGCACCATCACTGGA_027,168
AGTACCGCACCATCACTGGA_028,150
AGTACCGCACCATCACTGGA_029,113
AGTACCGCACCATCACTGGA_030,23
AGTACCGCACCATCACTGGA_031,82
TAGAATTCGAGCTAGCAATG_001,147
TAGAATTCGAGCTAGCAATG_002,174
TTCTGGGAGACAACATTACT_001,126
TTCTGGGAGACAACATTACT_002,184
TTCTGGGAGACAACATTACT_003,159
AGAAATCATCATACTCCGAC_001,113
GGTGAGTCTAAGCATGCACC_001,29
GGTGAGTCTAAGCATGCACC_002,77
GGTGAGTCTAAGCATGCACC_003,115
GGTGAGTCTAAGCATGCACC_004,183
GGTGAGTCTAAGCATGCACC_005,127
GGTGAGTCTAAGCATGCACC_006,83
GGTGAGTCTAAGCATGCACC_007,121
GGTGAGTCTAAGCATGCACC_008,120
GGTGAGTCTAAGCATGCACC_009,156
GGTGAGTCTAAGCATGCACC_010,8
GGTGAGTCTAAGCATGCACC_011,94
GGTGAGTCTAAGCATGCACC_012,6
GGTGAGTCTAAGCATGCACC_013,0
GGTGAGTCTAAGCATGCACC_014,198
GGTGAGTCTAAGCATGCACC_015,2
GGTGAGTCTAAGCATGCACC_016,57
GTCTGCAGTTAACGTTGCCA_001,170
GTCTGCAGTTAACGTTGCCA_002,28
GTCTGCAGTTAACGTTGCCA_003,176
GTCTGCAGTTAACGTTGCCA_004,69
GTCTGCAGTTAACGTTGCCA_005,158
GTCTGCAGTTAACGTTGCCA_006,173
GTCTGCAGTTAACGTTGCCA_007,40
GTCTGCAGTTAACGTTGCCA_008,134
AAGTCTTAATAGGCATTGTG_001,130
AAGTCTTAATAGGCATTGTG_002,161
AAGTCTTAATAGGCATTGTG_003,127
AAGTCTTAATAGGCATTGTG_004,150
AAGTCTTAATAGGCATTGTG_005,58
AAGTCTTAATAGGCATTGTG_006,186
CATTGGCCGCTACACGCTGT_001,44
CATTGGCCGCTACACGCTGT_002,94
CATTGGCCGCTACACGCTGT_003,106
CATTGGCCGCTACACGCTGT_004,17
CATTGGCCGCTACACGCTGT_005,130
CATTGGCCGCTACACGCTGT_006,9
CATTGGCCGCTACACGCTGT_007,86
CATTGGCCGCTACACGCTGT_008,83
CATTGGCCGCTACACGCTGT_009,178
CATTGGCCGCTACACGCTGT_010,192
CATTGGCCGCTACACGCTGT_011,46
CATTGGCCGCTACACGCTGT_012,120
CATTGGCCGCTACACGCTGT_013,162
CATTGGCCGCTACACGCTGT_014,9
CATTGGCCGCTACACGCTGT_015,127
CATTGGCCGCTACACGCTGT_016,160
TGTCTACAATAACTTGACTG_001,27
TGTCTACAATAACTTGACTG_002,154
TGTCTACAATAACTTGACTG_003,30
TGTCTACAATAACTTGACTG_004,105
TGTCTACAATAACTTGACTG_005,82
TGTCTACAATAACTTGACTG_006,58
TGTCTACAATAACTTGACTG_007,39
TGTCTACAATAACTTGACTG_008,19
TTCTAGGGCCCAGTCCTATG_001,65
TTCTAGGGCCCAGTCCTATG_002,116
TTCTAGGGCCCAGTCCTATG_003,130
TTCTAGGGCCCAGTCCTATG_004,126
TTCTAGGGCCCAGTCCTATG_005,136
TTCTAGGGCCCAGTCCTATG_006,102
TTCTAGGGCCCAGTCCTATG_007,81
TTCTAGGGCCCAGTCCTATG_008,17
TTCTAGGGCCCAGTCCTATG_009,103
TTCTAGGGCCCAGTCCTATG_010,41
TTCTAGGGCCCAGTCCTATG_011,79
TTCTAGGGCCCAGTCCTATG_012,138
TTCTAGGGCCCAGTCCTATG_013,117
TTCTAGGGCCCAGTCCTATG_014,70
ACGTTGTGAACACTTCGGGG_001,127
ACGTTGTGAACACTTCGGGG_002,41
ACGTTGTGAACACTTCGGGG_003,70
ACGTTGTGAACACTTCGGGG_004,29
ACGTTGTGAACACTTCGGGG_005,61
ACGTTGTGAACACTTCGGGG_006,57
ACGTTGTGAACACTTCGGGG_007,67
ACGTTGTGAACACTTCGGGG_008,188
ACGTTGTGAACACTTCGGGG_009,20
ACGTTGTGAACACTTCGGGG_010,1
ACGTTGTGAACACTTCGGGG_011,18
ACGTTGTGAACACTTCGGGG_012,107
ACGTTGTGAACACTTCGGGG_013,75
ACGTTGTGAACACTTCGGGG_014,150
ACGTTGTGAACACTTCGGGG_015,113
ACGTTGTGAACACTTCGGGG_016,14
ACGTTGTGAACACTTCGGGG_017,153
ACGTTGTGAACACTTCGGGG_018,176
ACGTTGTGAACACTTCGGGG_019,78
ACGTTGTGAACACTTCGGGG_020,121
ACGTTGTGAACACTTCGGGG_021,180
ACGTTGTGAACACTTCGGGG_022,199
ACGTTGTGAACACTTCGGGG_023,63
ACGTTGTGAACACTTCGGGG_024,52
ACGTTGTGAACACTTCGGGG_025,166
GGAAAAGAGCTGTGGCAGGA_001,12
GGAAAAGAGCTGTGGCAGGA_002,130
GGAAAAGAGCTGTGGCAGGA_003,136
GGCCGCGATGAGGCACAGCG_001,102
GGCCGCGATGAGGCACAGCG_002,41
GGCCGCGATGAGGCACAGCG_003,60
GGCCGCGATGAGGCACAGCG_004,175
GGCCGCGATGAGGCACAGCG_005,191
GGCCGCGATGAGGCACAGCG_006,121
GGCCGCGATGAGGCACAGCG_007,140
GGCCGCGATGAGGCACAGCG_008,140
GGCCGCGATGAGGCACAGCG_009,41
GGCCGCGATGAGGCACAGCG_010,64
GGCCGCGATGAGGCACAGCG_011,28
GGCCGCGATGAGGCACAGCG_012,121
GGCCGCGATGAGGCACAGCG_013,84
GGCCGCGATGAGGCACAGCG_014,191
GGCCGCGATGAGGCACAGCG_015,155
CGAGGCTCTTTATGGACGCG_001,38
CGAGGCTCTTTATGGACGCG_002,36
CGAGGCTCTTTATGGACGCG_003,16
CGAGGCTCTTTATGGACGCG_004,19
CGAGGCTCTTTATGGACGCG_005,47
CGAGGCTCTTTATGGACGCG_006,12
CGAGGCTCTTTATGGACGCG_007,125
CGAGGCTCTTTATGGACGCG_008,127
CGAGGCTCTTTATGGACGCG_009,110
CGAGGCTCTTTATGGACGCG_010,175
CGAGGCTCTTTATGGACGCG_011,81
CGAGGCTCTTTATGGACGCG_012,17
CGAGGCTCTTTATGGACGCG_013,176
CGAGGCTCTTTATGGACGCG_014,140
CGAGGCTCTTTATGGACGCG_015,126
CGAGGCTCTTTATGGACGCG_016,126
CGAGGCTCTTTATGGACGCG_017,116
CGAGGCTCTTTATGGACGCG_018,146
CGAGGCTCTTTATGGACGCG_019,175
CGAGGCTCTTTATGGACGCG_020,187
CGAGGCTCTTTATGGACGCG_021,12
CGAGGCTCTTTATGGACGCG_022,182
CGAGGCTCTTTATGGACGCG_023,89
GAAGTCAGAAGTAAAAACCA_001,169
GAAGTCAGAAGTAAAAACCA_002,50
GAAGTCAGAAGTAAAAACCA_003,7
GAAGTCAGAAGTAAAAACCA_004,147
GAAGTCAGAAGTAAAAACCA_005,148
GAAGTCAGAAGTAAAAACCA_006,5
GAAGTCAGAAGTAAAAACCA_007,183
GAAGTCAGAAGTAAAAACCA_008,104
GAAGTCAGAAGTAAAAACCA_009,49
GAAGTCAGAAGTAAAAACCA_010,57
GAAGTCAGAAGTAAAAACCA_011,78
GAAGTCAGAAGTAAAAACCA_012,61
GCGGAGTTCGAGTCTGACAG_001,106
GCGGAGTTCGAGTCTGACAG_002,87
GCGGAGTTCGAGTCTGACAG_003,58
GCGGAGTTCGAGTCTGACAG_004,76
GCGGAGTTCGAGTCTGACAG_005,32
GCGGAGTTCGAGTCTGACAG_006,1
GCGGAGTTCGAGTCTGACAG_007,168
GCGGAGTTCGAGTCTGACAG_008,40
GCGGAGTTCGAGTCTGACAG_009,138
GCGGAGTTCGAGTCTGACAG_010,57
GCGGAGTTCGAGTCTGACAG_011,20
GCGGAGTTCGAGTCTGACAG_012,49
GTCTACTGTGGAGACACACA_001,162
CCAAAGAGAAATTGTGAGCG_001,12
CGGTCAAAGATGTAGCCAGT_001,145
CGGTCAAAGATGTAGCCAGT_002,132
CGGTCAAAGATGTAGCCAGT_003,80
CGGTCAAAGATGTAGCCAGT_004,41
CGGTCAAAGATGTAGCCAGT_005,121
CGGTCAAAGATGTAGCCAGT_006,116
CGGTCAAAGATGTAGCCAGT_007,65
CGGTCAAAGATGTAGCCAGT_008,198
CGGTCAAAGATGTAGCCAGT_009,162
CGGTCAAAGATGTAGCCAGT_010,186
CGGTCAAAGATGTAGCCAGT_011,8
CGGTCAAAGATGTAGCCAGT_012,5
CGGTCAAAGATGTAGCCAGT_013,185
CGGTCAAAGATGTAGCCAGT_014,76
CGGTCAAAGATGTAGCCAGT_015,48
CGGTCAAAGATGTAGCCAGT_016,194
CGGTCAAAGATGTAGCCAGT_017,197
AAAGCACACCCTTCAACACG_001,4
AAAGCACACCCTTCAACACG_002,88
AAAGCACACCCTTCAACACG_003,81
AAAGCACACCCTTCAACACG_004,138
AAAGCACACCCTTCAACACG_005,57
AAAGCACACCCTTCAACACG_006,25
AAAGCACACCCTTCAACACG_007,150
AAAGCACACCCTTCAACACG_008,107
AAAGCACACCCTTCAACACG_009,169
AAAGCACACCCTTCAACACG_010,83
AAAGCACACCCTTCAACACG_011,137
AAAGCACACCCTTCAACACG_012,105
AAAGCACACCCTTCAACACG_013,149
AAAGCACACCCTTCAACACG_014,123
AAAGCACACCCTTCAACACG_015,165
AAAGCACACCCTTCAACACG_016,155
AAAGCACACCCTTCAACACG_017,177
AAAGCACACCCTTCAACACG_018,126
AAAGCACACCCTTCAACACG_019,91
AAAGCACACCCTTCAACACG_020,138
AAAGCACACCCTTCAACACG_021,63
AAAGCACACCCTTCAACACG_022,40
AAAGCACACCCTTCAACACG_023,88
AAAGCACACCCTTCAACACG_024,0
AAAGCACACCCTTCAACACG_025,99
AAAGCACACCCTTCAACACG_026,165
CAACTCTGTAACCAAAGCCA_001,126
CAACTCTGTAACCAAAGCCA_002,29
CAACTCTGTAACCAAAGCCA_003,68
CAACTCTGTAACCAAAGCCA_004,174
CAACTCTGTAACCAAAGCCA_005,57
CAACTCTGTAACCAAAGCCA_006,127
CAACTCTGTAACCAAAGCCA_007,89
CAACTCTGTAACCAAAGCCA_008,89
GCAGGATGGGGAATTTAGCA_001,199
GCAGGATGGGGAATTTAGCA_002,127
GCAGGATGGGGAATTTAGCA_003,137
GCAGGATGGGGAATTTAGCA_004,68
GCAGGATGGGGAATTTAGCA_005,34
TGTGAGCAGCTTTGTGGACC_001,181
TGTGAGCAGCTTTGTGGACC_002,113
GCAGGAACAGAAATTTACCG_001,5
GCAGGAACAGAAATTTACCG_002,156
GCAGGAACAGAAATTTACCG_003,1
GCAGGAACAGAAATTTACCG_004,145
GCAGGAACAGAAATTTACCG_005,46
GCAGGAACAGAAATTTACCG_006,128
GCAGGAACAGAAATTTACCG_007,29
AAAGGAATTTGCTTGTTCCA_001,105
AAAGGAATTTGCTTGTTCCA_002,123
AAAGGAATTTGCTTGTTCCA_003,37
AAAGGAATTTGCTTGTTCCA_004,53
AAAGGAATTTGCTTGTTCCA_005,51
AAAGGAATTTGCTTGTTCCA_006,168
AAAGGAATTTGCTTGTTCCA_007,1
ACTGGTGAAGGATTCTATTG_001,113
ACTGGTGAAGGATTCTATTG_002,198
ACTGGTGAAGGATTCTATTG_003,68
ACTGGTGAAGGATTCTATTG_004,1
ACTGGTGAAGGATTCTATTG_005,41
ACTGGTGAAGGATTCTATTG_006,118
AGTAGGTGCTTCCCTCTTCG_001,5
AGTAGGTGCTTCCCTCTTCG_002,166
CACATAATGTTCAGGCATAG_001,138
CACATAATGTTCAGGCATAG_002,170
CACATAATGTTCAGGCATAG_003,157
CACATAATGTTCAGGCATAG_004,182
CACATAATGTTCAGGCATAG_005,34
CACATAATGTTCAGGCATAG_006,6
CACATAATGTTCAGGCATAG_007,161
CCTCAAAGAAGGTCACACCC_001,54
CCTCAAAGAAGGTCACACCC_002,19
CCTCAAAGAAGGTCACACCC_003,69
CCTCAAAGAAGGTCACACCC_004,62
CCTCAAAGAAGGTCACACCC_005,51
GACAATGACGAGGACCGTCT_001,42
GACAATGACGAGGACCGTCT_002,170
GACAATGACGAGGACCGTCT_003,82
GACAATGACGAGGACCGTCT_004,160
GACAATGACGAGGACCGTCT_005,39
GACAATGACGAGGACCGTCT_006,194
GACAATGACGAGGACCGTCT_007,181
GACAATGACGAGGACCGTCT_008,65
GACAATGACGAGGACCGTCT_009,130
GACAATGACGAGGACCGTCT_010,126
GACAATGACGAGGACCGTCT_011,192
GACAATGACGAGGACCGTCT_012,12
GACAATGACGAGGACCGTCT_013,125
GACAATGACGAGGACCGTCT_014,163
GACAATGACGAGGACCGTCT_015,48
GACAATGACGAGGACCGTCT_016,99
GACAATGACGAGGACCGTCT_017,88
GACAATGACGAGGACCGTCT_018,102
GACAATGACGAGGACCGTCT_019,78
GACAATGACGAGGACCGTCT_020,127
GACAATGACGAGGACCGTCT_021,13
GACAATGACGAGGACCGTCT_022,60
GACAATGACGAGGACCGTCT_023,5
GACAATGACGAGGACCGTCT_024,73
GACAATGACGAGGACCGTCT_025,72
GACAATGACGAGGACCGTCT_026,190
GACAATGACGAGGACCGTCT_027,111
GACAATGACGAGGACCGTCT_028,147
GACAATGACGAGGACCGTCT_029,148
GACAATGACGAGGACCGTCT_030,146
GACAATGACGAGGACCGTCT_031,28
GACAATGACGAGGACCGTCT_032,10
GACAATGACGAGGACCGTCT_033,144
GACAATGACGAGGACCGTCT_034,77
GACAATGACGAGGACCGTCT_035,15
GACAATGACGAGGACCGTCT_036,160
GATGGTAGTTAATGAGCTCA_001,58
GATGGTAGTTAATGAGCTCA_002,146
GATGGTAGTTAATGAGCTCA_003,16
GATGGTAGTTAATGAGCTCA_004,106
GATGGTAGTTAATGAGCTCA_005,199
GATGGTAGTTAATGAGCTCA_006,145
GATGGTAGTTAATGAGCTCA_007,17
GATGGTAGTTAATGAGCTCA_008,104
GCTCAGTCGACTTCTGATAG_001,150
GCTCAGTCGACTTCTGATAG_002,48
GCTCAGTCGACTTCTGATAG_003,28
GCTCAGTCGACTTCTGATAG_004,190
GCTCAGTCGACTTCTGATAG_005,32
GCTCAGTCGACTTCTGATAG_006,43
GCTGGTAGTTATAGACCCAG_001,181
GCTGGTAGTTATAGACCCAG_002,186
GCTGGTAGTTATAGACCCAG_003,58
GCTGGTAGTTATAGACCCAG_004,1
GCTGGTAGTTATAGACCCAG_005,145
GCTGGTAGTTATAGACCCAG_006,48
GCTGGTAGTTATAGACCCAG_007,49
GCTGGTAGTTATAGACCCAG_008,50
GCTGGTAGTTATAGACCCAG_009,156
GCTGGTAGTTATAGACCCAG_010,162
GGCTGTACTAACCCATGAGA_001,175
GGCTGTACTAACCCATGAGA_002,151
GGCTGTACTAACCCATGAGA_003,198
GGCTGTACTAACCCATGAGA_004,60
CCAGAACCAGCGATGACTAG_001,75
CCAGAACCAGCGATGACTAG_002,26
CCAGAACCAGCGATGACTAG_003,124
GGTGCCCCAGGTCACCACCG_001,179
GGTGCCCCAGGTCACCACCG_002,157
GGTGCCCCAGGTCACCACCG_003,190
GGTGCCCCAGGTCACCACCG_004,61
GTGGATTGGTAAAAGCACTG_001,49
GTGGATTGGTAAAAGCACTG_002,6
GTGGATTGGTAAAAGCACTG_003,198
GTGGATTGGTAAAAGCACTG_004,127
GTGGATTGGTAAAAGCACTG_005,94
GTGGATTGGTAAAAGCACTG_006,4
GTGGATTGGTAAAAGCACTG_007,107
GTGGATTGGTAAAAGCACTG_008,168
GTGGATTGGTAAAAGCACTG_009,115
GTGGATTGGTAAAAGCACTG_010,145
GTGGATTGGTAAAAGCACTG_011,169
GTGGATTGGTAAAAGCACTG_012,8
GTGGATTGGTAAAAGCACTG_013,40
GTGGATTGGTAAAAGCACTG_014,191
GTGGATTGGTAAAAGCACTG_015,130
GTGGATTGGTAAAAGCACTG_016,58
GTGGATTGGTAAAAGCACTG_017,192
GTGGATTGGTAAAAGCACTG_018,130
GTGGATTGGTAAAAGCACTG_019,95
GTGGATTGGTAAAAGCACTG_020,4
GTGGATTGGTAAAAGCACTG_021,198
GTGGATTGGTAAAAGCACTG_022,91
GTGGATTGGTAAAAGCACTG_023,96
GTGGATTGGTAAAAGCACTG_024,124
AAGACTGCCCTCATCCACGA_001,145
AAGACTGCCCTCATCCACGA_002,117
AAGACTGCCCTCATCCACGA_003,145
AAGACTGCCCTCATCCACGA_004,187
AAGACTGCCCTCATCCACGA_005,63
GATACCGGAGACCCCCCCAC_001,114
GATACCGGAGACCCCCCCAC_002,172
GATACCGGAGACCCCCCCAC_003,70
GATACCGGAGACCCCCCCAC_004,56
GATACCGGAGACCCCCCCAC_005,18
GATACCGGAGACCCCCCCAC_006,134
GATACCGGAGACCCCCCCAC_007,121
GATACCGGAGACCCCCCCAC_008,42
GATACCGGAGACCCCCCCAC_009,116
GATACCGGAGACCCCCCCAC_010,24
GATACCGGAGACCCCCCCAC_011,134
GATACCGGAGACCCCCCCAC_012,17
GATACCGGAGACCCCCCCAC_013,115
GATACCGGAGACCCCCCCAC_014,177
GATACCGGAGACCCCCCCAC_015,127
GATACCGGAGACCCCCCCAC_016,15
GATACCGGAGACCCCCCCAC_017,106
GATACCGGAGACCCCCCCAC_018,130
GATACCGGAGACCCCCCCAC_019,116
GATACCGGAGACCCCCCCAC_020,99
GATACCGGAGACCCCCCCAC_021,110
GATACCGGAGACCCCCCCAC_022,188
GATACCGGAGACCCCCCCAC_023,121
GATACCGGAGACCCCCCCAC_024,122
GATACCGGAGACCCCCCCAC_025,9
GATACCGGAGACCCCCCCAC_026,158
GATACCGGAGACCCCCCCAC_027,59
GATACCGGAGACCCCCCCAC_028,57
GATACCGGAGACCCCCCCAC_029,88
GATACCGGAGACCCCCCCAC_030,65
GATACCGGAGACCCCCCCAC_031,56
GATACCGGAGACCCCCCCAC_032,77
GATACCGGAGACCCCCCCAC_033,77
GATACCGGAGACCCCCCCAC_034,70
GATACCGGAGACCCCCCCAC_035,146
GATACCGGAGACCCCCCCAC_036,4
GATACCGGAGACCCCCCCAC_037,107
GATACCGGAGACCCCCCCAC_038,141
GATACCGGAGACCCCCCCAC_039,39
GATACCGGAGACCCCCCCAC_040,97
GATACCGGAGACCCCCCCAC_041,96
GATACCGGAGACCCCCCCAC_042,30
GATACCGGAGACCCCCCCAC_043,197
GATACCGGAGACCCCCCCAC_044,110
TATGTTCCACGATTCCGCAA_001,112
TATGTTCCACGATTCCGCAA_002,26
TATGTTCCACGATTCCGCAA_003,117
TATGTTCCACGATTCCGCAA_004,117
TATGTTCCACGATTCCGCAA_005,123
TATGTTCCACGATTCCGCAA_006,77
TATGTTCCACGATTCCGCAA_007,76
TATGTTCCACGATTCCGCAA_008,44
TATGTTCCACGATTCCGCAA_009,12
TATGTTCCACGATTCCGCAA_010,36
TATGTTCCACGATTCCGCAA_011,133
CAAGATACTTACGACAACTC_001,23
CGCTTCAGTCGCGAGACAGA_001,166
CGCTTCAGTCGCGAGACAGA_002,107
CGCTTCAGTCGCGAGACAGA_003,121
TGCCAGAAAATTGAGGCACG_001,62
TGCCAGAAAATTGAGGCACG_002,38
TGCCAGAAAATTGAGGCACG_003,170
TGCCAGAAAATTGAGGCACG_004,95
TGCCAGAAAATTGAGGCACG_005,116
GAAGCTTATTAATATAAACA_001,176
GAAGCTTATTAATATAAACA_002,39
GAAGCTTATTAATATAAACA_003,161
AGCAGACCCTGAGCTTCACG_001,127
AGCAGACCCTGAGCTTCACG_002,54
AGCAGACCCTGAGCTTCACG_003,9
AGCAGACCCTGAGCTTCACG_004,175
AGCAGACCCTGAGCTTCACG_005,91
AGCAGACCCTGAGCTTCACG_006,149
AGCAGACCCTGAGCTTCACG_007,77
AGCAGACCCTGAGCTTCACG_008,6
AGCAGACCCTGAGCTTCACG_009,164
AGCAGACCCTGAGCTTCACG_010,36
AGCAGACCCTGAGCTTCACG_011,182
AGCAGACCCTGAGCTTCACG_012,95
AGCAGACCCTGAGCTTCACG_013,192
AGCAGACCCTGAGCTTCACG_014,3
AGCAGACCCTGAGCTTCACG_015,188
AGCAGACCCTGAGCTTCACG_016,38
AGCAGACCCTGAGCTTCACG_017,186
AGCAGACCCTGAGCTTCACG_018,95
AGCAGACCCTGAGCTTCACG_019,85
CGAAATACTCTCTCAAACTC_001,17
GGAGTACACTAGTCCAGACT_001,58
GGAGTACACTAGTCCAGACT_002,184
CAATCCAGATGTTTGTGATG_001,182
CAATCCAGATGTTTGTGATG_002,103
GCGGCCTCTCACCTGCCGGG_001,141
GCGGCCTCTCACCTGCCGGG_002,75
AGCGAGGAGGAGGAAAAGTC_001,53
AGCGAGGAGGAGGAAAAGTC_002,145
AGCGAGGAGGAGGAAAAGTC_003,42
AGCGAGGAGGAGGAAAAGTC_004,23
AGCGAGGAGGAGGAAAAGTC_005,118
AGCGAGGAGGAGGAAAAGTC_006,81
AGCGAGGAGGAGGAAAAGTC_007,39
AGCGAGGAGGAGGAAAAGTC_008,58
AGCGAGGAGGAGGAAAAGTC_009,177
AGCGAGGAGGAGGAAAAGTC_010,9
AGCGAGGAGGAGGAAAAGTC_011,7
AGCGAGGAGGAGGAAAAGTC_012,138
AGCGAGGAGGAGGAAAAGTC_013,175
AGCGAGGAGGAGGAAAAGTC_014,30
AGCGAGGAGGAGGAAAAGTC_015,181
AGCGAGGAGGAGGAAAAGTC_016,22
AGCGAGGAGGAGGAAAAGTC_017,44
AGCGAGGAGGAGGAAAAGTC_018,184
AGCGAGGAGGAGGAAAAGTC_019,160
AGCGAGGAGGAGGAAAAGTC_020,26
AGCGAGGAGGAGGAAAAGTC_021,1
CATTTGGAAATGGAGCCGTA_001,47
CATTTGGAAATGGAGCCGTA_002,43
CATTTGGAAATGGAGCCGTA_003,34
CATTTGGAAATGGAGCCGTA_004,1
CATTTGGAAATGGAGCCGTA_005,97
CATTTGGAAATGGAGCCGTA_006,171
CATTTGGAAATGGAGCCGTA_007,104
CATTTGGAAATGGAGCCGTA_008,141
CATTTGGAAATGGAGCCGTA_009,170
CATTTGGAAATGGAGCCGTA_010,18
CATTTGGAAATGGAGCCGTA_011,177
CATTTGGAAATGGAGCCGTA_012,27
CATTTGGAAATGGAGCCGTA_013,63
CATTTGGAAATGGAGCCGTA_014,39
GTAGATGCGCCGCATCTCGG_001,7
GTAGATGCGCCGCATCTCGG_002,49
GTAGATGCGCCGCATCTCGG_003,160
GTAGATGCGCCGCATCTCGG_004,15
AGCACATGGATATTTGGGAA_001,159
AGCACATGGATATTTGGGAA_002,40
AGCACATGGATATTTGGGAA_003,185
AGCACATGGATATTTGGGAA_004,51
AGCACATGGATATTTGGGAA_005,24
AGCACATGGATATTTGGGAA_006,88
AGCACATGGATATTTGGGAA_007,105
AGCACATGGATATTTGGGAA_008,148
AGCACATGGATATTTGGGAA_009,188
AGCACATGGATATTTGGGAA_010,105
AGCACATGGATATTTGGGAA_011,131
AGCACATGGATATTTGGGAA_012,188
AGCACATGGATATTTGGGAA_013,144
AGGACCTCGGCATCTCGCAG_001,96
AGGACCTCGGCATCTCGCAG_002,134
AGGACCTCGGCATCTCGCAG_003,84
AGGACCTCGGCATCTCGCAG_004,63
AGGACCTCGGCATCTCGCAG_005,78
AGGACCTCGGCATCTCGCAG_006,155
AGGACCTCGGCATCTCGCAG_007,5
AGGACCTCGGCATCTCGCAG_008,141
AGGACCTCGGCATCTCGCAG_009,25
AGGACCTCGGCATCTCGCAG_010,187
AGGACCTCGGCATCTCGCAG_011,58
AGGACCTCGGCATCTCGCAG_012,30
AGGACCTCGGCATCTCGCAG_013,105
AGGACCTCGGCATCTCGCAG_014,3
AGGACCTCGGCATCTCGCAG_015,81
AGGACCTCGGCATCTCGCAG_016,26
AGGACCTCGGCATCTCGCAG_017,192
AGGACCTCGGCATCTCGCAG_018,141
AGGACCTCGGCATCTCGCAG_019,163
AGGACCTCGGCATCTCGCAG_020,42
AGGACCTCGGCATCTCGCAG_021,1
AAGAGCTTCTGAGCACATTG_001,111
AAGAGCTTCTGAGCACATTG_002,27
AAGAGCTTCTGAGCACATTG_003,9
AAGAGCTTCTGAGCACATTG_004,147
AAGAGCTTCTGAGCACATTG_005,38
AAGAGCTTCTGAGCACATTG_006,118
AAGAGCTTCTGAGCACATTG_007,86
AAGAGCTTCTGAGCACATTG_008,107
CACGTCGCTCCACATGCGGA_001,137
CACGTCGCTCCACATGCGGA_002,103
CACGTCGCTCCACATGCGGA_003,172
CACGTCGCTCCACATGCGGA_004,192
CACGTCGCTCCACATGCGGA_005,137
CACGTCGCTCCACATGCGGA_006,130
CACGTCGCTCCACATGCGGA_007,134
CACGTCGCTCCACATGCGGA_008,100
CACGTCGCTCCACATGCGGA_009,92
CACGTCGCTCCACATGCGGA_010,150
CACGTCGCTCCACATGCGGA_011,47
CACGTCGCTCCACATGCGGA_012,137
CACGTCGCTCCACATGCGGA_013,7
CACGTCGCTCCACATGCGGA_014,119
CACGTCGCTCCACATGCGGA_015,112
CACGTCGCTCCACATGCGGA_016,98
CACGTCGCTCCACATGCGGA_017,30
CACGTCGCTCCACATGCGGA_018,86
CACGTCGCTCCACATGCGGA_019,187
CACGTCGCTCCACATGCGGA_020,178
CACGTCGCTCCACATGCGGA_021,6
CACGTCGCTCCACATGCGGA_022,26
CACGTCGCTCCACATGCGGA_023,103
CACGTCGCTCCACATGCGGA_024,66
CACGTCGCTCCACATGCGGA_025,135
CACGTCGCTCCACATGCGGA_026,85
CACGTCGCTCCACATGCGGA_027,145
CACGTCGCTCCACATGCGGA_028,198
CACGTCGCTCCACATGCGGA_029,16
CACGTCGCTCCACATGCGGA_030,5
CACGTCGCTCCACATGCGGA_031,174
CACGTCGCTCCACATGCGGA_032,174
CACGTCGCTCCACATGCGGA_033,105
CACGTCGCTCCACATGCGGA_034,66
CACGTCGCTCCACATGCGGA_035,97
CACGTCGCTCCACATGCGGA_036,77
CACGTCGCTCCACATGCGGA_037,28
CACGTCGCTCCACATGCGGA_038,174
CACGTCGCTCCACATGCGGA_039,118
CTGGAGCGGAAGGATAAGAT_001,70
CTGGAGCGGAAGGATAAGAT_002,124
CTGGAGCGGAAGGATAAGAT_003,150
CTGGAGCGGAAGGATAAGAT_004,82
CTGGAGCGGAAGGATAAGAT_005,96
CTGGAGCGGAAGGATAAGAT_006,150
CTGGAGCGGAAGGATAAGAT_007,27
CTACAAAGGAGAGGTGACCA_001,160
CTACAAAGGAGAGGTGACCA_002,152
CTACAAAGGAGAGGTGACCA_003,5
CTACAAAGGAGAGGTGACCA_004,185
CTACAAAGGAGAGGTGACCA_005,88
CTACAAAGGAGAGGTGACCA_006,50
CTACAAAGGAGAGGTGACCA_007,183
CTACAAAGGAGAGGTGACCA_008,48
CTACAAAGGAGAGGTGACCA_009,114
CTACAAAGGAGAGGTGACCA_010,162
CTACAAAGGAGAGGTGACCA_011,50
CTACAAAGGAGAGGTGACCA_012,70
TGTAGAACGTTTGACCACAG_001,29
TGTAGAACGTTTGACCACAG_002,17
TGTAGAACGTTTGACCACAG_003,50
TGTAGAACGTTTGACCACAG_004,125
TGTAGAACGTTTGACCACAG_005,49
AGCCCCGGAGCAGATTGCAG_001,11
AGCCCCGGAGCAGATTGCAG_002,191
AGCCCCGGAGCAGATTGCAG_003,91
AGCCCCGGAGCAGATTGCAG_004,150
AGCCCCGGAGCAGATTGCAG_005,34
AGCCCCGGAGCAGATTGCAG_006,62
AGCCCCGGAGCAGATTGCAG_007,84
AGCCCCGGAGCAGATTGCAG_008,183
AGCCCCGGAGCAGATTGCAG_009,62
AGCCCCGGAGCAGATTGCAG_010,55
AGCCCCGGAGCAGATTGCAG_011,1
AGCCCCGGAGCAGATTGCAG_012,126
AGCCCCGGAGCAGATTGCAG_013,118
AGCCCCGGAGCAGATTGCAG_014,197
AGCCCCGGAGCAGATTGCAG_015,143
AGCCCCGGAGCAGATTGCAG_016,35
AGCCCCGGAGCAGATTGCAG_017,108
AGCCCCGGAGCAGATTGCAG_018,43
AGCCCCGGAGCAGATTGCAG_019,81
AGCCCCGGAGCAGATTGCAG_020,17
AGCCCCGGAGCAGATTGCAG_021,29
AGCCCCGGAGCAGATTGCAG_022,188
AGCCCCGGAGCAGATTGCAG_023,70
AGCCCCGGAGCAGATTGCAG_024,198
AGCCCCGGAGCAGATTGCAG_025,136
AGCCCCGGAGCAGATTGCAG_026,37
ACTGAAATCCTGAAAGGTGT_001,187
ACTGAAATCCTGAAAGGTGT_002,70
ACTGAAATCCTGAAAGGTGT_003,114
ACTGAAATCCTGAAAGGTGT_004,114
ACTGAAATCCTGAAAGGTGT_005,194
ACTGAAATCCTGAAAGGTGT_006,103
ACTGAAATCCTGAAAGGTGT_007,174
CCCACCTGCACTCCGTATCG_001,178
CCCACCTGCACTCCGTATCG_002,23
GAGCTATGGCTTAAGCCGAG_001,41
GAGCTATGGCTTAAGCCGAG_002,117
ATGGTTCCTGAGGTGGAGGC_001,8
ATGGTTCCTGAGGTGGAGGC_002,198
ATGGTTCCTGAGGTGGAGGC_003,53
ATGGTTCCTGAGGTGGAGGC_004,169
ATGGTTCCTGAGGTGGAGGC_005,68
ATGGTTCCTGAGGTGGAGGC_006,66
ATGGTTCCTGAGGTGGAGGC_007,140
ATGGTTCCTGAGGTGGAGGC_008,119
ATGGTTCCTGAGGTGGAGGC_009,77
ATGGTTCCTGAGGTGGAGGC_010,137
ATGGTTCCTGAGGTGGAGGC_011,58
ATGGTTCCTGAGGTGGAGGC_012,18
AACTGGTCCATGATGCCACA_001,33
AACTGGTCCATGATGCCACA_002,49
AACTGGTCCATGATGCCACA_003,14
AACTGGTCCATGATGCCACA_004,13
AACTGGTCCATGATGCCACA_005,142
AACTGGTCCATGATGCCACA_006,29
AACTGGTCCATGATGCCACA_007,113
TACGGACATTTGTACATGAG_001,181
TACGGACATTTGTACATGAG_002,189
TACGGACATTTGTACATGAG_003,104
TACGGACATTTGTACATGAG_004,63
TACGGACATTTGTACATGAG_005,19
TACGGACATTTGTACATGAG_006,76
TACGGACATTTGTACATGAG_007,159
TACGGACATTTGTACATGAG_008,177
TACGGACATTTGTACATGAG_009,72
TGGAGTAGGTCATGCCCCGG_001,172
TGGAGTAGGTCATGCCCCGG_002,154
TGGAGTAGGTCATGCCCCGG_003,115
TGGAGTAGGTCATGCCCCGG_004,58
TGGAGTAGGTCATGCCCCGG_005,145
TGGAGTAGGTCATGCCCCGG_006,186
TGGAGTAGGTCATGCCCCGG_007,183
TGGAGTAGGTCATGCCCCGG_008,40
TGGAGTAGGTCATGCCCCGG_009,42
TGGAGTAGGTCATGCCCCGG_010,40
TGGAGTAGGTCATGCCCCGG_011,16
TGGAGTAGGTCATGCCCCGG_012,198
TGGAGTAGGTCATGCCCCGG_013,34
TTAGGCATCCAACGCACTGG_001,103
TTAGGCATCCAACGCACTGG_002,52
TTAGGCATCCAACGCACTGG_003,144
GGTGCTGGATCACAGACTCG_001,96
GGTGCTGGATCACAGACTCG_002,197
GGTGCTGGATCACAGACTCG_003,43
CCACGATCATCATGTAGCGC_001,191
CCACGATCATCATGTAGCGC_002,106
AACGGATTGGTAAAATTCCG_001,148
AACGGATTGGTAAAATTCCG_002,155
AACGGATTGGTAAAATTCCG_003,115
AACGGATTGGTAAAATTCCG_004,115
AACGGATTGGTAAAATTCCG_005,152
AACGGATTGGTAAAATTCCG_006,162
AGCAGTGGTTTCAGCATCAG_001,105
AGCAGTGGTTTCAGCATCAG_002,169
AGCAGTGGTTTCAGCATCAG_003,20
AGCAGTGGTTTCAGCATCAG_004,133
AGCAGTGGTTTCAGCATCAG_005,148
AGCAGTGGTTTCAGCATCAG_006,162
AGCAGTGGTTTCAGCATCAG_007,146
AGCAGTGGTTTCAGCATCAG_008,146
AGCAGTGGTTTCAGCATCAG_009,50
AGCAGTGGTTTCAGCATCAG_010,140
AGCAGTGGTTTCAGCATCAG_011,108
AGCAGTGGTTTCAGCATCAG_012,144
AGCAGTGGTTTCAGCATCAG_013,52
GGATCAGCCACTTCTACGGA_001,102
GGATCAGCCACTTCTACGGA_002,60
GGATCAGCCACTTCTACGGA_003,17
GGATCAGCCACTTCTACGGA_004,20
GGATCAGCCACTTCTACGGA_005,185
GGATCAGCCACTTCTACGGA_006,62
GGATCAGCCACTTCTACGGA_007,14
GGATCAGCCACTTCTACGGA_008,49
GGATCAGCCACTTCTACGGA_009,46
GGTCGTACTATACTGCAAGG_001,142
GGTCGTACTATACTGCAAGG_002,129
GGTCGTACTATACTGCAAGG_003,129
GGTCGTACTATACTGCAAGG_004,149
GGTTGGACTACGCTATTACA_001,96
GGTTGGACTACGCTATTACA_002,117
GGTTGGACTACGCTATTACA_003,149
GGTTGGACTACGCTATTACA_004,35
GGTTGGACTACGCTATTACA_005,10
GTCCCTTCAAGATACGATTG_001,37
GTCCCTTCAAGATACGATTG_002,177
GTCCCTTCAAGATACGATTG_003,179
GTCCCTTCAAGATACGATTG_004,113
GTCCCTTCAAGATACGATTG_005,100
GTCCCTTCAAGATACGATTG_006,166
GTCCCTTCAAGATACGATTG_007,137
GTCCCTTCAAGATACGATTG_008,164
GTCCCTTCAAGATACGATTG_009,57
GTCCCTTCAAGATACGATTG_010,161
GTCCCTTCAAGATACGATTG_011,164
CTAATATTGATCCAACACGG_001,8
CTAATATTGATCCAACACGG_002,77
TAAGATCCCGCGTCCTCGAA_001,38
TAAGATCCCGCGTCCTCGAA_002,106
TAAGATCCCGCGTCCTCGAA_003,184
TAAGATCCCGCGTCCTCGAA_004,184
TAAGATCCCGCGTCCTCGAA_005,184
TAAGATCCCGCGTCCTCGAA_006,84
TAAGATCCCGCGTCCTCGAA_007,170
TAAGATCCCGCGTCCTCGAA_008,199
TAAGATCCCGCGTCCTCGAA_009,94
TAAGATCCCGCGTCCTCGAA_010,40
TAAGATCCCGCGTCCTCGAA_011,9
TAAGATCCCGCGTCCTCGAA_012,175
TAAGATCCCGCGTCCTCGAA_013,81
TAAGATCCCGCGTCCTCGAA_014,77
TAAGATCCCGCGTCCTCGAA_015,146
TAAGATCCCGCGTCCTCGAA_016,84
TAAGATCCCGCGTCCTCGAA_017,197
TAAGATCCCGCGTCCTCGAA_018,119
TAAGATCCCGCGTCCTCGAA_019,45
TAAGATCCCGCGTCCTCGAA_020,121
TAAGATCCCGCGTCCTCGAA_021,142
TAAGATCCCGCGTCCTCGAA_022,190
TGTTACACACCCGACAGACA_001,44
TGTTACACACCCGACAGACA_002,77
TGTTACACACCCGACAGACA_003,159
TGTTACACACCCGACAGACA_004,139
TGTTACACACCCGACAGACA_005,194
TGTTACACACCCGACAGACA_006,121
TGTTACACACCCGACAGACA_007,156
TGTTACACACCCGACAGACA_008,158
TGTTACACACCCGACAGACA_009,96
TGTTACACACCCGACAGACA_010,52
TGTTACACACCCGACAGACA_011,197
GCACAGGTGTTGGTTCACAA_001,191
GCACAGGTGTTGGTTCACAA_002,188
GCACAGGTGTTGGTTCACAA_003,94
GCACAGGTGTTGGTTCACAA_004,111
GCACAGGTGTTGGTTCACAA_005,94
GCACAGGTGTTGGTTCACAA_006,194
GCACAGGTGTTGGTTCACAA_007,11
GCACAGGTGTTGGTTCACAA_008,117
GCACAGGTGTTGGTTCACAA_009,36
GCACAGGTGTTGGTTCACAA_010,94
GCACAGGTGTTGGTTCACAA_011,61
GCACAGGTGTTGGTTCACAA_012,148
GCACAGGTGTTGGTTCACAA_013,43
GCACAGGTGTTGGTTCACAA_014,138
GCACAGGTGTTGGTTCACAA_015,138
GCACAGGTGTTGGTTCACAA_016,143
CCAAGTTCCAGAACCTCCGG_001,177
CCAAGTTCCAGAACCTCCGG_002,66
CCAAGTTCCAGAACCTCCGG_003,40
AAGTTCCTCTGAAGTTCGCA_001,56
AAGTTCCTCTGAAGTTCGCA_002,16
AAGTTCCTCTGAAGTTCGCA_003,45
AAGTTCCTCTGAAGTTCGCA_004,158
AAGTTCCTCTGAAGTTCGCA_005,109
AAGTTCCTCTGAAGTTCGCA_006,163
AAGTTCCTCTGAAGTTCGCA_007,168
AAGTTCCTCTGAAGTTCGCA_008,172
AAGTTCCTCTGAAGTTCGCA_009,192
AAGTTCCTCTGAAGTTCGCA_010,117
AAGTTCCTCTGAAGTTCGCA_011,77
AAGTTCCTCTGAAGTTCGCA_012,41
AAGTTCCTCTGAAGTTCGCA_013,134
AGCTATGGATAAAACGTCCA_001,70
AGCTATGGATAAAACGTCCA_002,8
AGCTATGGATAAAACGTCCA_003,6
AGCTATGGATAAAACGTCCA_004,103
AGCTATGGATAAAACGTCCA_005,140
CATCATGTACCTGCTCGCTG_001,84
CATCATGTACCTGCTCGCTG_002,147
CATCATGTACCTGCTCGCTG_003,175
CATCATGTACCTGCTCGCTG_004,176
CATCATGTACCTGCTCGCTG_005,113
CATCATGTACCTGCTCGCTG_006,76
CATCATGTACCTGCTCGCTG_007,140
CATCATGTACCTGCTCGCTG_008,121
CATCATGTACCTGCTCGCTG_009,58
CATCATGTACCTGCTCGCTG_010,109
CATCATGTACCTGCTCGCTG_011,194
CATCATGTACCTGCTCGCTG_012,71
CATCATGTACCTGCTCGCTG_013,194
CATCATGTACCTGCTCGCTG_014,56
CATCATGTACCTGCTCGCTG_015,137
CATCATGTACCTGCTCGCTG_016,92
CATCATGTACCTGCTCGCTG_017,85
CATCATGTACCTGCTCGCTG_018,1
CATCATGTACCTGCTCGCTG_019,77
CATCATGTACCTGCTCGCTG_020,154
CATCATGTACCTGCTCGCTG_021,72
CATCATGTACCTGCTCGCTG_022,170
CATCATGTACCTGCTCGCTG_023,77
CATCATGTACCTGCTCGCTG_024,7
GAAACAGCCAACAATAAAGG_001,105
GAAACAGCCAACAATAAAGG_002,75
GAAACAGCCAACAATAAAGG_003,48
GGGGAGCGAGTGATGTACGT_001,115
GGGGAGCGAGTGATGTACGT_002,48
GGGGAGCGAGTGATGTACGT_003,155
GGGGAGCGAGTGATGTACGT_004,174
GGGGAGCGAGTGATGTACGT_005,88
GGGGAGCGAGTGATGTACGT_006,83
GGGGAGCGAGTGATGTACGT_007,96
GGGGAGCGAGTGATGTACGT_008,6
GGGGAGCGAGTGATGTACGT_009,169
GCAGTGCAGAAAACCGACGA_001,177
GCAGTGCAGAAAACCGACGA_002,125
GCAGTGCAGAAAACCGACGA_003,36
GCAGTGCAGAAAACCGACGA_004,35
GCAGTGCAGAAAACCGACGA_005,102
ATATATCACCCGCTTCACCG_001,15
ATATATCACCCGCTTCACCG_002,95
ATATATCACCCGCTTCACCG_003,144
ATATATCACCCGCTTCACCG_004,17
ATATATCACCCGCTTCACCG_005,76
ATATATCACCCGCTTCACCG_006,184
ATATATCACCCGCTTCACCG_007,24
ATATATCACCCGCTTCACCG_008,49
ATATATCACCCGCTTCACCG_009,170
ATATATCACCCGCTTCACCG_010,175
ATATATCACCCGCTTCACCG_011,75
ATATATCACCCGCTTCACCG_012,81
ATATATCACCCGCTTCACCG_013,115
ATATATCACCCGCTTCACCG_014,198
AGCTAATTATCAGACACTGA_001,153
AGCTAATTATCAGACACTGA_002,156
CTGGATCGCCCGCAGAAATA_001,59
CTGGATCGCCCGCAGAAATA_002,168
CTGGATCGCCCGCAGAAATA_003,40
CTGGATCGCCCGCAGAAATA_004,32
CTGGATCGCCCGCAGAAATA_005,84
CTGGATCGCCCGCAGAAATA_006,129
CTGGATCGCCCGCAGAAATA_007,88
CTGGATCGCCCGCAGAAATA_008,46
CTGGATCGCCCGCAGAAATA_009,41
CTGGATCGCCCGCAGAAATA_010,143
CTGGATCGCCCGCAGAAATA_011,172
CTGGATCGCCCGCAGAAATA_012,83
CTGGATCGCCCGCAGAAATA_013,115
CTGGATCGCCCGCAGAAATA_014,49
CTGGATCGCCCGCAGAAATA_015,166
TCAGCCAAGCCAGAGAAGCA_001,132
TCAGCCAAGCCAGAGAAGCA_002,4
TCAGCCAAGCCAGAGAAGCA_003,84
TCAGCCAAGCCAGAGAAGCA_004,94
TCAGCCAAGCCAGAGAAGCA_005,117
TCAGCCAAGCCAGAGAAGCA_006,190
TCAGCCAAGCCAGAGAAGCA_007,169
TCAGCCAAGCCAGAGAAGCA_008,173
TCAGCCAAGCCAGAGAAGCA_009,32
TCAGCCAAGCCAGAGAAGCA_010,42
TCAGCCAAGCCAGAGAAGCA_011,144
TCAGCCAAGCCAGAGAAGCA_012,86
TCAGCCAAGCCAGAGAAGCA_013,6
TGCATGCGGGACGTCTTGCG_001,150
TGCATGCGGGACGTCTTGCG_002,168
TGCATGCGGGACGTCTTGCG_003,5
TGCATGCGGGACGTCTTGCG_004,64
TGCATGCGGGACGTCTTGCG_005,66
TGCATGCGGGACGTCTTGCG_006,134
TGCATGCGGGACGTCTTGCG_007,56
TGCATGCGGGACGTCTTGCG_008,21
TGCATGCGGGACGTCTTGCG_009,15
TGCATGCGGGACGTCTTGCG_010,0
TGCATGCGGGACGTCTTGCG_011,127
TGCATGCGGGACGTCTTGCG_012,188
TGCATGCGGGACGTCTTGCG_013,169
TGCATGCGGGACGTCTTGCG_014,190
TGCATGCGGGACGTCTTGCG_015,75
TGCATGCGGGACGTCTTGCG_016,194
TGCATGCGGGACGTCTTGCG_017,99
TGCATGCGGGACGTCTTGCG_018,180
TGCATGCGGGACGTCTTGCG_019,106
TGCATGCGGGACGTCTTGCG_020,3
AGGTGTTATCAGCCACGTAG_001,166
AGGTGTTATCAGCCACGTAG_002,81
AGGTGTTATCAGCCACGTAG_003,170
AGGTGTTATCAGCCACGTAG_004,101
AGGTGTTATCAGCCACGTAG_005,102
AGGTGTTATCAGCCACGTAG_006,120
AGGTGTTATCAGCCACGTAG_007,70
AGGTGTTATCAGCCACGTAG_008,63
GAGGGCAAAAGAGATCACTC_001,176
GAGGGCAAAAGAGATCACTC_002,196
GAGGGCAAAAGAGATCACTC_003,132
GAGGGCAAAAGAGATCACTC_004,196
GAGGGCAAAAGAGATCACTC_005,36
GAGGGCAAAAGAGATCACTC_006,33
GAGGGCAAAAGAGATCACTC_007,65
GAGGGCAAAAGAGATCACTC_008,82
GAGGGCAAAAGAGATCACTC_009,117
GAGGGCAAAAGAGATCACTC_010,17
GAGGGCAAAAGAGATCACTC_011,76
GAGGGCAAAAGAGATCACTC_012,49
GAGGGCAAAAGAGATCACTC_013,172
GAGGGCAAAAGAGATCACTC_014,105
GAGGGCAAAAGAGATCACTC_015,90
GAGGGCAAAAGAGATCACTC_016,31
CCTCGATCTCAGGGCTATGG_001,73
CCTCGATCTCAGGGCTATGG_002,122
CCTCGATCTCAGGGCTATGG_003,10
CCTCGATCTCAGGGCTATGG_004,21
CCTCGATCTCAGGGCTATGG_005,10
CCTCGATCTCAGGGCTATGG_006,27
CCTCGATCTCAGGGCTATGG_007,112
CCTCGATCTCAGGGCTATGG_008,30
CCTCGATCTCAGGGCTATGG_009,157
CCTCGATCTCAGGGCTATGG_010,198
CCTCGATCTCAGGGCTATGG_011,162
CCTCGATCTCAGGGCTATGG_012,144
CCTCGATCTCAGGGCTATGG_013,169
CCTCGATCTCAGGGCTATGG_014,34
CCTCGATCTCAGGGCTATGG_015,168
CCTCGATCTCAGGGCTATGG_016,174
CCTCGATCTCAGGGCTATGG_017,67
CCTCGATCTCAGGGCTATGG_018,84
TTTGATTGTCCAGAATTCTG_001,82
TTTGATTGTCCAGAATTCTG_002,41
TTTGATTGTCCAGAATTCTG_003,120
TTTGATTGTCCAGAATTCTG_004,190
TTTGATTGTCCAGAATTCTG_005,69
ATCACCATAAGATCATTGGT_001,146
ATCACCATAAGATCATTGGT_002,115
ATCACCATAAGATCATTGGT_003,19
ATCACCATAAGATCATTGGT_004,68
ATCACCATAAGATCATTGGT_005,56
ATCACCATAAGATCATTGGT_006,136
ATCACCATAAGATCATTGGT_007,154
ATCACCATAAGATCATTGGT_008,57
TATGCATGATAGTAAGACGA_001,178
ATTTCCTATAACTCCAATTG_001,152
ATTTCCTATAACTCCAATTG_002,161
AGGACGAGTCATTATAAGGG_001,55
AGGACGAGTCATTATAAGGG_002,148
AGGACGAGTCATTATAAGGG_003,169
AGGACGAGTCATTATAAGGG_004,115
AGGACGAGTCATTATAAGGG_005,83
AGGACGAGTCATTATAAGGG_006,27
AGGACGAGTCATTATAAGGG_007,162
AGGACGAGTCATTATAAGGG_008,148
AGGACGAGTCATTATAAGGG_009,160
AGGACGAGTCATTATAAGGG_010,46
AGGACGAGTCATTATAAGGG_011,174
TCGGCCATAGGAAATGGACA_001,78
TCGGCCATAGGAAATGGACA_002,194
TCGGCCATAGGAAATGGACA_003,78
TCGGCCATAGGAAATGGACA_004,114
TCGGCCATAGGAAATGGACA_005,157
TCGGCCATAGGAAATGGACA_006,7
TCGGCCATAGGAAATGGACA_007,95
TCGGCCATAGGAAATGGACA_008,27
TCGGCCATAGGAAATGGACA_009,169
TCGGCCATAGGAAATGGACA_010,61
TCGGCCATAGGAAATGGACA_011,88
TCGGCCATAGGAAATGGACA_012,32
TCGGCCATAGGAAATGGACA_013,188
TCGGCCATAGGAAATGGACA_014,98
CAGTGTTGAGCCCCTGCATG_001,99
CAGTGTTGAGCCCCTGCATG_002,129
CAGTGTTGAGCCCCTGCATG_003,68
CAGTGTTGAGCCCCTGCATG_004,44
CAGTGTTGAGCCCCTGCATG_005,107
CAGTGTTGAGCCCCTGCATG_006,37
CAGTGTTGAGCCCCTGCATG_007,88
CAGTGTTGAGCCCCTGCATG_008,108
CAGTGTTGAGCCCCTGCATG_009,96
CAGTGTTGAGCCCCTGCATG_010,182
CAGTGTTGAGCCCCTGCATG_011,190
CAGTGTTGAGCCCCTGCATG_012,120
CAGTGTTGAGCCCCTGCATG_013,146
CAGTGTTGAGCCCCTGCATG_014,17
CAGTGTTGAGCCCCTGCATG_015,81
CAGTGTTGAGCCCCTGCATG_016,62
CAGTGTTGAGCCCCTGCATG_017,140
CAAAATATAGTTGACCTCGT_001,94
CAAAATATAGTTGACCTCGT_002,78
CAAAATATAGTTGACCTCGT_003,188
GCTTGGTCGTTACCAGTCGG_001,178
GCTTGGTCGTTACCAGTCGG_002,119
GCTTGGTCGTTACCAGTCGG_003,127
GCTTGGTCGTTACCAGTCGG_004,191
GCTTGGTCGTTACCAGTCGG_005,84
GCTTGGTCGTTACCAGTCGG_006,43
GCTTGGTCGTTACCAGTCGG_007,16
GCTTGGTCGTTACCAGTCGG_008,169
GCTTGGTCGTTACCAGTCGG_009,198
GCTTGGTCGTTACCAGTCGG_010,137
GCTTGGTCGTTACCAGTCGG_011,43
GCTTGGTCGTTACCAGTCGG_012,81
GCTTGGTCGTTACCAGTCGG_013,177
GCTTGGTCGTTACCAGTCGG_014,87
GCTTGGTCGTTACCAGTCGG_015,77
GCTTGGTCGTTACCAGTCGG_016,157
GCTTGGTCGTTACCAGTCGG_017,81
GCTTGGTCGTTACCAGTCGG_018,27
GCTTGGTCGTTACCAGTCGG_019,106
GCTTGGTCGTTACCAGTCGG_020,50
AGCTCCATCGCCGCGATAAT_001,149
AGCTCCATCGCCGCGATAAT_002,171
AGCTCCATCGCCGCGATAAT_003,181
AGCTCCATCGCCGCGATAAT_004,105
AGCTCCATCGCCGCGATAAT_005,61
AGCTCCATCGCCGCGATAAT_006,158
AGCTCCATCGCCGCGATAAT_007,44
AGCTCCATCGCCGCGATAAT_008,87
AGCTCCATCGCCGCGATAAT_009,146
AGCTCCATCGCCGCGATAAT_010,57
AGCTCCATCGCCGCGATAAT_011,53
AGCTCCATCGCCGCGATAAT_012,185
AGCTCCATCGCCGCGATAAT_013,159
AGCTCCATCGCCGCGATAAT_014,159
AGCTCCATCGCCGCGATAAT_015,34
AGCTCCATCGCCGCGATAAT_016,3
AGCTCCATCGCCGCGATAAT_017,183
AGCTCCATCGCCGCGATAAT_018,5
AGCTCCATCGCCGCGATAAT_019,137
AGCTCCATCGCCGCGATAAT_020,126
AGCTCCATCGCCGCGATAAT_021,49
AGCTCCATCGCCGCGATAAT_022,186
AGCTCCATCGCCGCGATAAT_023,95
AGCTCCATCGCCGCGATAAT_024,35
AGCTCCATCGCCGCGATAAT_025,160
AGCTCCATCGCCGCGATAAT_026,52
AGCTCCATCGCCGCGATAAT_027,168
AGCTCCATCGCCGCGATAAT_028,181
AGCTCCATCGCCGCGATAAT_029,12
AGCTCCATCGCCGCGATAAT_030,136
AGCTCCATCGCCGCGATAAT_031,40
AGCTCCATCGCCGCGATAAT_032,94
AGCTCCATCGCCGCGATAAT_033,142
AGCTCCATCGCCGCGATAAT_034,31
AGCTCCATCGCCGCGATAAT_035,82
CAGAAACCCTCGGTCATAGG_001,66
CAGAAACCCTCGGTCATAGG_002,74
CAGAAACCCTCGGTCATAGG_003,122
CAGAAACCCTCGGTCATAGG_004,158
CAGAAACCCTCGGTCATAGG_005,130
CAGAAACCCTCGGTCATAGG_006,9
CAGAAACCCTCGGTCATAGG_007,57
CAGAAACCCTCGGTCATAGG_008,2
CAGAAACCCTCGGTCATAGG_009,199
CAGAAACCCTCGGTCATAGG_010,107
CAGAAACCCTCGGTCATAGG_011,53
CAGAAACCCTCGGTCATAGG_012,81
CAGAAACCCTCGGTCATAGG_013,92
CAGAAACCCTCGGTCATAGG_014,60
CAGAAACCCTCGGTCATAGG_015,12
CAGAAACCCTCGGTCATAGG_016,39
CAGAAACCCTCGGTCATAGG_017,66
CAGAAACCCTCGGTCATAGG_018,23
GTTGTGAGCGAAGGCCTCAG_001,107
GTTGTGAGCGAAGGCCTCAG_002,9
GTTGTGAGCGAAGGCCTCAG_003,130
GTTGTGAGCGAAGGCCTCAG_004,62
GTTGTGAGCGAAGGCCTCAG_005,191
GTTGTGAGCGAAGGCCTCAG_006,162
GTTGTGAGCGAAGGCCTCAG_007,15
GTTGTGAGCGAAGGCCTCAG_008,166
GTTGTGAGCGAAGGCCTCAG_009,105
GTTGTGAGCGAAGGCCTCAG_010,76
GTTGTGAGCGAAGGCCTCAG_011,17
GTTGTGAGCGAAGGCCTCAG_012,168
GTTGTGAGCGAAGGCCTCAG_013,147
GTTGTGAGCGAAGGCCTCAG_014,88
GTTGTGAGCGAAGGCCTCAG_015,112
GTTGTGAGCGAAGGCCTCAG_016,176
GTTGTGAGCGAAGGCCTCAG_017,52
GTTGTGAGCGAAGGCCTCAG_018,98
GTTGTGAGCGAAGGCCTCAG_019,171
GTTGTGAGCGAAGGCCTCAG_020,8
GTTGTGAGCGAAGGCCTCAG_021,9
GTTGTGAGCGAAGGCCTCAG_022,151
GTTGTGAGCGAAGGCCTCAG_023,163
GTTGTGAGCGAAGGCCTCAG_024,100
GTTGTGAGCGAAGGCCTCAG_025,137
GTTGTGAGCGAAGGCCTCAG_026,10
GGAAGATAATCACTCCGACG_001,173
GGAAGATAATCACTCCGACG_002,49
GGAAGATAATCACTCCGACG_003,130
GGAAGATAATCACTCCGACG_004,30
GGAAGATAATCACTCCGACG_005,16
GGAAGATAATCACTCCGACG_006,31
GGAAGATAATCACTCCGACG_007,24
GGAAGATAATCACTCCGACG_008,9
GGAAGATAATCACTCCGACG_009,63
TTTGTCAAGACCGGTCATGG_001,94
TTTGTCAAGACCGGTCATGG_002,184
TTTGTCAAGACCGGTCATGG_003,198
TTTGTCAAGACCGGTCATGG_004,56
TTTGTCAAGACCGGTCATGG_005,42
TTTGTCAAGACCGGTCATGG_006,108
TTTGTCAAGACCGGTCATGG_007,178
TTTGTCAAGACCGGTCATGG_008,148
TTTGTCAAGACCGGTCATGG_009,196
TTTGTCAAGACCGGTCATGG_010,41
TTTGTCAAGACCGGTCATGG_011,76
CTCCAGATATTCATGGGCTG_001,117
CTCCAGATATTCATGGGCTG_002,161
CTCCAGATATTCATGGGCTG_003,82
CTCCAGATATTCATGGGCTG_004,194
CTCCAGATATTCATGGGCTG_005,95
CGCAACTACATCCTACTGCT_001,6
GATGTATCTATCAGAGTGCA_001,56
GATGTATCTATCAGAGTGCA_002,22
GATGTATCTATCAGAGTGCA_003,120
GATGTATCTATCAGAGTGCA_004,98
GATGTATCTATCAGAGTGCA_005,4
GGCAAAGGACTCCTACATCA_001,105
GGCAAAGGACTCCTACATCA_002,92
GGCAAAGGACTCCTACATCA_003,147
GGCAAAGGACTCCTACATCA_004,148
GGCAAAGGACTCCTACATCA_005,17
GGCAAAGGACTCCTACATCA_006,174
GGCAAAGGACTCCTACATCA_007,73
GGCAAAGGACTCCTACATCA_008,165
CCTCAGAATTGATCACATCG_001,137
CCTCAGAATTGATCACATCG_002,176
CCTCAGAATTGATCACATCG_003,127
CCTCAGAATTGATCACATCG_004,171
CCTCAGAATTGATCACATCG_005,104
CATCACGGATGAACTCGGTG_001,48
CATCACGGATGAACTCGGTG_002,70
CATCACGGATGAACTCGGTG_003,15
CATCACGGATGAACTCGGTG_004,158
CATCACGGATGAACTCGGTG_005,51
CATCACGGATGAACTCGGTG_006,56
CATCACGGATGAACTCGGTG_007,172
CATCACGGATGAACTCGGTG_008,41
CATCACGGATGAACTCGGTG_009,190
CATCACGGATGAACTCGGTG_010,132
CATCACGGATGAACTCGGTG_011,126
CATCACGGATGAACTCGGTG_012,34
CATCACGGATGAACTCGGTG_013,107
CATCACGGATGAACTCGGTG_014,37
CATCACGGATGAACTCGGTG_015,168
CATCACGGATGAACTCGGTG_016,29
CATCACGGATGAACTCGGTG_017,22
CATCACGGATGAACTCGGTG_018,15
CATCACGGATGAACTCGGTG_019,122
CATCACGGATGAACTCGGTG_020,36
CATCACGGATGAACTCGGTG_021,36
CATCACGGATGAACTCGGTG_022,116
CATCACGGATGAACTCGGTG_023,17
CATCACGGATGAACTCGGTG_024,58
CATCACGGATGAACTCGGTG_025,13
CATCACGGATGAACTCGGTG_026,160
CATCACGGATGAACTCGGTG_027,11
CATCACGGATGAACTCGGTG_028,142
CATCACGGATGAACTCGGTG_029,144
CATCACGGATGAACTCGGTG_030,23
CATCACGGATGAACTCGGTG_031,23
CATCACGGATGAACTCGGTG_032,98
CATCACGGATGAACTCGGTG_033,63
CATCACGGATGAACTCGGTG_034,197
CATCACGGATGAACTCGGTG_035,8
GGATGTGAGCAGACTGACCC_001,199
GGATGTGAGCAGACTGACCC_002,129
GGTGCCTCGAGGAGGACACG_001,2
TGTGAATAATCCACTATTGG_001,21
CGGAAAGGATACAATATGTG_001,150
CGGAAAGGATACAATATGTG_002,46
CCTTTATCAGGGAGTACTTG_001,198
CCTTTATCAGGGAGTACTTG_002,149
CCTTTATCAGGGAGTACTTG_003,72
CCTTTATCAGGGAGTACTTG_004,169
CCTTTATCAGGGAGTACTTG_005,19
CCTTTATCAGGGAGTACTTG_006,94
CCTTTATCAGGGAGTACTTG_007,35
CCTTTATCAGGGAGTACTTG_008,80
CCTTTATCAGGGAGTACTTG_009,15
CCTTTATCAGGGAGTACTTG_010,178
TGGGAACGAGGGCGACGTGT_001,172
TGGGAACGAGGGCGACGTGT_002,169
TGGGAACGAGGGCGACGTGT_003,149
TGGGAACGAGGGCGACGTGT_004,115
TGTTTGTCTGCTAGTCCTCG_001,142
TGTTTGTCTGCTAGTCCTCG_002,154
TGTTTGTCTGCTAGTCCTCG_003,134
TGTTTGTCTGCTAGTCCTCG_004,17
TGTTTGTCTGCTAGTCCTCG_005,26
TGTTTGTCTGCTAGTCCTCG_006,19
TGTTTGTCTGCTAGTCCTCG_007,19
TGTTTGTCTGCTAGTCCTCG_008,37
TCTGCAAGAGGAAGCAGTGG_001,4
TCTGCAAGAGGAAGCAGTGG_002,116
TCTGCAAGAGGAAGCAGTGG_003,19
TCTGCAAGAGGAAGCAGTGG_004,2
TCTGCAAGAGGAAGCAGTGG_005,180
TCTGCAAGAGGAAGCAGTGG_006,14
TCTGCAAGAGGAAGCAGTGG_007,77
TCTGCAAGAGGAAGCAGTGG_008,85
TCTGCAAGAGGAAGCAGTGG_009,25
TCTGCAAGAGGAAGCAGTGG_010,26
TCTGCAAGAGGAAGCAGTGG_011,18
TCTGCAAGAGGAAGCAGTGG_012,130
TCTGCAAGAGGAAGCAGTGG_013,90
GATGCAATTATCTTACTCAG_001,166
CATGGATGAGTTTACCCAAG_001,169
CATGGATGAGTTTACCCAAG_002,88
CATGGATGAGTTTACCCAAG_003,82
CATGGATGAGTTTACCCAAG_004,147
CATGGATGAGTTTACCCAAG_005,88
CATGGATGAGTTTACCCAAG_006,169
GCCTGTACTAGAGAGACCGC_001,160
GCCTGTACTAGAGAGACCGC_002,121
GCCTGTACTAGAGAGACCGC_003,2
GCCTGTACTAGAGAGACCGC_004,103
GCCTGTACTAGAGAGACCGC_005,177
GCCTGTACTAGAGAGACCGC_006,57
GCCTGTACTAGAGAGACCGC_007,77
GCCTGTACTAGAGAGACCGC_008,35
GCCTGTACTAGAGAGACCGC_009,1
TGATAATGCAAGTTCCGGAG_001,97
TGATAATGCAAGTTCCGGAG_002,94
TGATAATGCAAGTTCCGGAG_003,183
TGATAATGCAAGTTCCGGAG_004,70
TGATAATGCAAGTTCCGGAG_005,190
TGATAATGCAAGTTCCGGAG_006,40
TGATAATGCAAGTTCCGGAG_007,161
TGATAATGCAAGTTCCGGAG_008,175
TGATAATGCAAGTTCCGGAG_009,175
TGAACTGTGATACTATGAAG_001,147
TGAACTGTGATACTATGAAG_002,94
CCTGCTCAACTACCTACAGC_001,179
CCTGCTCAACTACCTACAGC_002,60
CCTGCTCAACTACCTACAGC_003,175
AGGACTGCCTGATTGACAAG_001,17
AGGACTGCCTGATTGACAAG_002,29
AGGACTGCCTGATTGACAAG_003,58
AGGACTGCCTGATTGACAAG_004,177
AGGACTGCCTGATTGACAAG_005,48
AGGACTGCCTGATTGACAAG_006,34
AGGACTGCCTGATTGACAAG_007,5
AGGACTGCCTGATTGACAAG_008,183
AGGACTGCCTGATTGACAAG_009,56
AGGACTGCCTGATTGACAAG_010,106
AGGACTGCCTGATTGACAAG_011,88
AGGACTGCCTGATTGACAAG_012,58
AGGACTGCCTGATTGACAAG_013,58
AGGACTGCCTGATTGACAAG_014,54
AGGACTGCCTGATTGACAAG_015,114
AGGACTGCCTGATTGACAAG_016,191
AGGACTGCCTGATTGACAAG_017,128
GTTTCAGGTTGAACAAATCC_001,36
GTTTCAGGTTGAACAAATCC_002,153
GTTTCAGGTTGAACAAATCC_003,62
GAGCGCTTCTTCAACTACTG_001,158
GAGCGCTTCTTCAACTACTG_002,61
CTGTGGTTCACCTAACTCTG_001,28
CTGTGGTTCACCTAACTCTG_002,24
CTGTGGTTCACCTAACTCTG_003,69
CTGTGGTTCACCTAACTCTG_004,105
CTGTGGTTCACCTAACTCTG_005,76
CTGTGGTTCACCTAACTCTG_006,160
CTGTGGTTCACCTAACTCTG_007,158
CTGTGGTTCACCTAACTCTG_008,107
CTGTGGTTCACCTAACTCTG_009,58
CTGTGGTTCACCTAACTCTG_010,48
CTGTGGTTCACCTAACTCTG_011,184
CTGTGGTTCACCTAACTCTG_012,192
CTGTGGTTCACCTAACTCTG_013,135
CTGTGGTTCACCTAACTCTG_014,72
CTGTGGTTCACCTAACTCTG_015,128
CTGTGGTTCACCTAACTCTG_016,21
CTGTGGTTCACCTAACTCTG_017,61
CTGTGGTTCACCTAACTCTG_018,43
CTGTGGTTCACCTAACTCTG_019,82
CTGTGGTTCACCTAACTCTG_020,147
CTGTGGTTCACCTAACTCTG_021,44
CTGTGGTTCACCTAACTCTG_022,173
CTGTGGTTCACCTAACTCTG_023,173
CTGTGGTTCACCTAACTCTG_024,91
GGTCACCTGCAGTACCGCGT_001,169
GGTCACCTGCAGTACCGCGT_002,52
GGTCACCTGCAGTACCGCGT_003,127
GGTCACCTGCAGTACCGCGT_004,169
GGTCACCTGCAGTACCGCGT_005,169
GGTCACCTGCAGTACCGCGT_006,39
GGTCACCTGCAGTACCGCGT_007,3
TGGAAACGTTAACAATCCGG_001,41
AGATTTGAGGTAGATGTCGT_001,151
AGATTTGAGGTAGATGTCGT_002,9
AGATTTGAGGTAGATGTCGT_003,68
AGATTTGAGGTAGATGTCGT_004,58
AGATTTGAGGTAGATGTCGT_005,94
AGATTTGAGGTAGATGTCGT_006,199
ATCTTCCGATGACATAGGGG_001,137
ATCTTCCGATGACATAGGGG_002,12
ATCTTCCGATGACATAGGGG_003,80
ATCTTCCGATGACATAGGGG_004,197
ATCTTCCGATGACATAGGGG_005,188
ATCTTCCGATGACATAGGGG_006,97
ATCTTCCGATGACATAGGGG_007,192
ATCTTCCGATGACATAGGGG_008,60
ATCTTCCGATGACATAGGGG_009,92
ATCTTCCGATGACATAGGGG_010,182
ATCTTCCGATGACATAGGGG_011,5
ATCTTCCGATGACATAGGGG_012,137
ATCTTCCGATGACATAGGGG_013,157
ATCTTCCGATGACATAGGGG_014,148
ATCTTCCGATGACATAGGGG_015,129
ATCTTCCGATGACATAGGGG_016,162
ATCTTCCGATGACATAGGGG_017,22
ATCTTCCGATGACATAGGGG_018,157
ATCTTCCGATGACATAGGGG_019,162
ATCTGACAGAGAAAGGACTC_001,76
ATCTGACAGAGAAAGGACTC_002,156
ATCTGACAGAGAAAGGACTC_003,39
CCTCCGCAAATCAGACCTGG_001,118
CCTCCGCAAATCAGACCTGG_002,117
CCTCCGCAAATCAGACCTGG_003,174
CCTCCGCAAATCAGACCTGG_004,177
CCTCCGCAAATCAGACCTGG_005,36
CCTCCGCAAATCAGACCTGG_006,107
ACCCGCTACTGTGAGATACC_001,193
ACCCGCTACTGTGAGATACC_002,95
ACCCGCTACTGTGAGATACC_003,180
CACATACCTTACAGGCAAAG_001,193
CACATACCTTACAGGCAAAG_002,48
CACATACCTTACAGGCAAAG_003,2
CACATACCTTACAGGCAAAG_004,141
CACATACCTTACAGGCAAAG_005,160
CACATACCTTACAGGCAAAG_006,88
CACATACCTTACAGGCAAAG_007,10
CTGTTTGGATCTCCAGACAA_001,70
CTGTTTGGATCTCCAGACAA_002,140
CTGTTTGGATCTCCAGACAA_003,185
CTTCATCAACAATCACACTC_001,148
CTTCATCAACAATCACACTC_002,61
CTTCATCAACAATCACACTC_003,194
CTTCATCAACAATCACACTC_004,107
CTTCATCAACAATCACACTC_005,17
CTTCATCAACAATCACACTC_006,35
CTTCATCAACAATCACACTC_007,14
CTTCATCAACAATCACACTC_008,115
CTTCATCAACAATCACACTC_009,145
CTTCATCAACAATCACACTC_010,103
CTTCATCAACAATCACACTC_011,91
CTTCATCAACAATCACACTC_012,94
TAGCTTAGTCAGGTTCACGG_001,48
TAGCTTAGTCAGGTTCACGG_002,140
TAGCTTAGTCAGGTTCACGG_003,115
TAGCTTAGTCAGGTTCACGG_004,191
TAGCTTAGTCAGGTTCACGG_005,78
TAGCTTAGTCAGGTTCACGG_006,55
TAGCTTAGTCAGGTTCACGG_007,1
TAGCTTAGTCAGGTTCACGG_008,145
TAGCTTAGTCAGGTTCACGG_009,77
TAGCTTAGTCAGGTTCACGG_010,127
TAGCTTAGTCAGGTTCACGG_011,105
TAGCTTAGTCAGGTTCACGG_012,57
TAGCTTAGTCAGGTTCACGG_013,119
TCCATCTAGAACACATTGAG_001,7
TCCATCTAGAACACATTGAG_002,8
TCCATCTAGAACACATTGAG_003,105
TCCATCTAGAACACATTGAG_004,67
TCCATCTAGAACACATTGAG_005,74
TCCATCTAGAACACATTGAG_006,44
TCCATCTAGAACACATTGAG_007,14
TCCATCTAGAACACATTGAG_008,78
AAACCACAATGAATAAGAAG_001,55
AAACCACAATGAATAAGAAG_002,158
AAACCACAATGAATAAGAAG_003,102
TGACCTTGTTAGTCCGCCAG_001,16
TGACCTTGTTAGTCCGCCAG_002,130
TGACCTTGTTAGTCCGCCAG_003,199
TGACCTTGTTAGTCCGCCAG_004,110
TGACCTTGTTAGTCCGCCAG_005,166
TGACCTTGTTAGTCCGCCAG_006,142
TGACCTTGTTAGTCCGCCAG_007,105
TGACCTTGTTAGTCCGCCAG_008,150
TGACCTTGTTAGTCCGCCAG_009,37
TGACCTTGTTAGTCCGCCAG_010,189
TGACCTTGTTAGTCCGCCAG_011,162
TGACCTTGTTAGTCCGCCAG_012,184
TGACCTTGTTAGTCCGCCAG_013,13
TGACCTTGTTAGTCCGCCAG_014,113
TGACCTTGTTAGTCCGCCAG_015,106
TGACCTTGTTAGTCCGCCAG_016,179
TGACCTTGTTAGTCCGCCAG_017,178
TGACCTTGTTAGTCCGCCAG_018,140
TGACCTTGTTAGTCCGCCAG_019,16
TGACCTTGTTAGTCCGCCAG_020,1
TGACCTTGTTAGTCCGCCAG_021,150
TGACCTTGTTAGTCCGCCAG_022,108
CCCATTCCCCCAGTGAGCAG_001,12
CCCATTCCCCCAGTGAGCAG_002,183
CCCATTCCCCCAGTGAGCAG_003,144
CCCATTCCCCCAGTGAGCAG_004,19
CCCATTCCCCCAGTGAGCAG_005,22
CCCATTCCCCCAGTGAGCAG_006,168
CCCATTCCCCCAGTGAGCAG_007,120
CCCATTCCCCCAGTGAGCAG_008,179
CCCATTCCCCCAGTGAGCAG_009,194
CCCATTCCCCCAGTGAGCAG_010,13
CCCATTCCCCCAGTGAGCAG_011,145
CCCATTCCCCCAGTGAGCAG_012,43
CCCATTCCCCCAGTGAGCAG_013,127
CCCATTCCCCCAGTGAGCAG_014,170
CCCATTCCCCCAGTGAGCAG_015,70
CCCATTCCCCCAGTGAGCAG_016,27
CCCATTCCCCCAGTGAGCAG_017,6
CCCATTCCCCCAGTGAGCAG_018,170
CATGTTCAGGATGACCACAG_001,58
CATGTTCAGGATGACCACAG_002,28
CATGTTCAGGATGACCACAG_003,130
CATGTTCAGGATGACCACAG_004,32
CATGTTCAGGATGACCACAG_005,121
CATGTTCAGGATGACCACAG_006,130
CATGTTCAGGATGACCACAG_007,5
TAGCAATGGCACTTACGGCG_001,69
TAGCAATGGCACTTACGGCG_002,4
TAGCAATGGCACTTACGGCG_003,161
TAGCAATGGCACTTACGGCG_004,147
TAGCAATGGCACTTACGGCG_005,58
TGCAGTGACCTGAATCTCGT_001,23
TGCAGTGACCTGAATCTCGT_002,23
TGCAGTGACCTGAATCTCGT_003,169
TGCAGTGACCTGAATCTCGT_004,48
TGCAGTGACCTGAATCTCGT_005,197
TGCAGTGACCTGAATCTCGT_006,41
TGCAGTGACCTGAATCTCGT_007,97
TGCAGTGACCTGAATCTCGT_008,62
TGCAGTGACCTGAATCTCGT_009,176
TGCAGTGACCTGAATCTCGT_010,24
TGCAGTGACCTGAATCTCGT_011,88
TGCAGTGACCTGAATCTCGT_012,63
ACTGGCTAAACGCCTCAAGA_001,184
ACTGGCTAAACGCCTCAAGA_002,70
ACTGGCTAAACGCCTCAAGA_003,33
ACTGGCTAAACGCCTCAAGA_004,150
ACTGGCTAAACGCCTCAAGA_005,58
ACTGGCTAAACGCCTCAAGA_006,21
ACTGGCTAAACGCCTCAAGA_007,176
ACTGGCTAAACGCCTCAAGA_008,193
TGGCCACAGTCTAGACTCAA_001,188
CTCACGTACTGGATAGACTG_001,17
CTCACGTACTGGATAGACTG_002,111
CTCACGTACTGGATAGACTG_003,80
CTCACGTACTGGATAGACTG_004,180
TCAAGGAAGAGTGCAAACGC_001,43
TCAAGGAAGAGTGCAAACGC_002,1
TCAAGGAAGAGTGCAAACGC_003,40
TCAAGGAAGAGTGCAAACGC_004,88
TCAAGGAAGAGTGCAAACGC_005,19
TCAAGGAAGAGTGCAAACGC_006,1
TCAAGGAAGAGTGCAAACGC_007,49
ACACCAAAGCTGAATCATAG_001,196
ACACCAAAGCTGAATCATAG_002,10
ACACCAAAGCTGAATCATAG_003,48
ACACCAAAGCTGAATCATAG_004,153
ACACCAAAGCTGAATCATAG_005,180
GATCAGGATCCCTCCCGTCG_001,115
GATCAGGATCCCTCCCGTCG_002,40
GATCAGGATCCCTCCCGTCG_003,9
GATCAGGATCCCTCCCGTCG_004,174
GATCAGGATCCCTCCCGTCG_005,40
GATCAGGATCCCTCCCGTCG_006,23
GATCAGGATCCCTCCCGTCG_007,145
GATCAGGATCCCTCCCGTCG_008,102
GATCAGGATCCCTCCCGTCG_009,119
GATCAGGATCCCTCCCGTCG_010,6
GATCAGGATCCCTCCCGTCG_011,6
GATCAGGATCCCTCCCGTCG_012,136
GATCAGGATCCCTCCCGTCG_013,95
GATCAGGATCCCTCCCGTCG_014,29
GGACAGCGACTGCCACGCTG_001,83
GGACAGCGACTGCCACGCTG_002,83
GGACAGCGACTGCCACGCTG_003,122
GGACAGCGACTGCCACGCTG_004,49
GGACAGCGACTGCCACGCTG_005,162
GGACAGCGACTGCCACGCTG_006,32
GGACAGCGACTGCCACGCTG_007,17
GGACAGCGACTGCCACGCTG_008,123
GGACAGCGACTGCCACGCTG_009,117
GGACAGCGACTGCCACGCTG_010,174
GGACAGCGACTGCCACGCTG_011,82
GGACAGCGACTGCCACGCTG_012,94
GGACAGCGACTGCCACGCTG_013,33
GGACAGCGACTGCCACGCTG_014,175
GGACAGCGACTGCCACGCTG_015,45
ACTTGGCTTACAACTCAACA_001,138
ACTTGGCTTACAACTCAACA_002,77
ACTTGGCTTACAACTCAACA_003,44
ACTTGGCTTACAACTCAACA_004,74
ACTTGGCTTACAACTCAACA_005,24
ACTTGGCTTACAACTCAACA_006,69
CCTTCATAGATATGGCAGTG_001,62
CCTTCATAGATATGGCAGTG_002,194
CCTTCATAGATATGGCAGTG_003,194
CCTTCATAGATATGGCAGTG_004,179
CCTTCATAGATATGGCAGTG_005,37
CCTTCATAGATATGGCAGTG_006,167
GACGTTGGAGATCACCACAA_001,166
GACGTTGGAGATCACCACAA_002,160
GACGTTGGAGATCACCACAA_003,2
GACGTTGGAGATCACCACAA_004,70
GACGTTGGAGATCACCACAA_005,187
GACGTTGGAGATCACCACAA_006,65
GACGTTGGAGATCACCACAA_007,30
GACGTTGGAGATCACCACAA_008,141
GACGTTGGAGATCACCACAA_009,29
GACGTTGGAGATCACCACAA_010,84
GACGTTGGAGATCACCACAA_011,90
GACGTTGGAGATCACCACAA_012,166
GACGTTGGAGATCACCACAA_013,187
GACGTTGGAGATCACCACAA_014,193
GACGTTGGAGATCACCACAA_015,49
GACGTTGGAGATCACCACAA_016,72
GACGTTGGAGATCACCACAA_017,68
GACGTTGGAGATCACCACAA_018,184
GACGTTGGAGATCACCACAA_019,94
GACGTTGGAGATCACCACAA_020,80
GACGTTGGAGATCACCACAA_021,48
GACGTTGGAGATCACCACAA_022,117
GACGTTGGAGATCACCACAA_023,172
GACGTTGGAGATCACCACAA_024,71
GACGTTGGAGATCACCACAA_025,35
GACGTTGGAGATCACCACAA_026,2
GACGTTGGAGATCACCACAA_027,149
GACGTTGGAGATCACCACAA_028,68
GAGCGGGAACCTTCAACCAG_001,128
GAGCGGGAACCTTCAACCAG_002,2
GAGCGGGAACCTTCAACCAG_003,103
GAGCGGGAACCTTCAACCAG_004,23
GAGCGGGAACCTTCAACCAG_005,115
GAGCGGGAACCTTCAACCAG_006,156
GAGCGGGAACCTTCAACCAG_007,115
GAGCGGGAACCTTCAACCAG_008,9
GAGCGGGAACCTTCAACCAG_009,93
GAGCGGGAACCTTCAACCAG_010,29
GAGCGGGAACCTTCAACCAG_011,154
GAGCGGGAACCTTCAACCAG_012,50
GAGCGGGAACCTTCAACCAG_013,53
GAGCGGGAACCTTCAACCAG_014,93
GAGCGGGAACCTTCAACCAG_015,115
GAGCGGGAACCTTCAACCAG_016,41
GAGCGGGAACCTTCAACCAG_017,157
AACCTTAGGGAACCTCCACA_001,83
AACCTTAGGGAACCTCCACA_002,51
AACCTTAGGGAACCTCCACA_003,40
AACCTTAGGGAACCTCCACA_004,55
AACCTTAGGGAACCTCCACA_005,105
AACCTTAGGGAACCTCCACA_006,149
AACCTTAGGGAACCTCCACA_007,172
AACCTTAGGGAACCTCCACA_008,27
AACCTTAGGGAACCTCCACA_009,57
AACCTTAGGGAACCTCCACA_010,94
AACCTTAGGGAACCTCCACA_011,4
TTATATACCACATATAGACT_001,172
AGTTGACGCATATCACCAGG_001,8
GATCTGGGCATGAACCACCT_001,97
GATCTGGGCATGAACCACCT_002,63
GATCTGGGCATGAACCACCT_003,16
GATCTGGGCATGAACCACCT_004,17
GATCTGGGCATGAACCACCT_005,115
GATCTGGGCATGAACCACCT_006,47
GATCTGGGCATGAACCACCT_007,56
GATCTGGGCATGAACCACCT_008,12
GATCTGGGCATGAACCACCT_009,184
AGAACCAGACTAGAAACTGC_001,112
GGCTCGAGAATGGACACCCA_001,118
GGCTCGAGAATGGACACCCA_002,105
GGCTCGAGAATGGACACCCA_003,9
GGCTCGAGAATGGACACCCA_004,69
GGCTCGAGAATGGACACCCA_005,48
GGCTCGAGAATGGACACCCA_006,152
GGCTCGAGAATGGACACCCA_007,129
GGCTCGAGAATGGACACCCA_008,94
GGCTCGAGAATGGACACCCA_009,150
GGCTCGAGAATGGACACCCA_010,151
GGCTCGAGAATGGACACCCA_011,190
GGCTCGAGAATGGACACCCA_012,175
GGCTCGAGAATGGACACCCA_013,188
GGCTCGAGAATGGACACCCA_014,27
GGCTCGAGAATGGACACCCA_015,40
GGCTCGAGAATGGACACCCA_016,38
GGCTCGAGAATGGACACCCA_017,42
GGCTCGAGAATGGACACCCA_018,134
CTGCCGAACAGCGTTGGCTA_001,121
CTGCCGAACAGCGTTGGCTA_002,191
CTGCCGAACAGCGTTGGCTA_003,14
CTGCCGAACAGCGTTGGCTA_004,77
CTGCCGAACAGCGTTGGCTA_005,170
CTGCCGAACAGCGTTGGCTA_006,130
CTGCCGAACAGCGTTGGCTA_007,191
CTGCCGAACAGCGTTGGCTA_008,142
CTGCCGAACAGCGTTGGCTA_009,103
CTGCCGAACAGCGTTGGCTA_010,96
CTGCCGAACAGCGTTGGCTA_011,60
CTGCCGAACAGCGTTGGCTA_012,71
CTGCCGAACAGCGTTGGCTA_013,31
CTGCCGAACAGCGTTGGCTA_014,63
CTGCCGAACAGCGTTGGCTA_015,78
CTGCCGAACAGCGTTGGCTA_016,48
CTGCCGAACAGCGTTGGCTA_017,172
CTGCCGAACAGCGTTGGCTA_018,134
CTGCCGAACAGCGTTGGCTA_019,4
CTGCCGAACAGCGTTGGCTA_020,55
CTGCCGAACAGCGTTGGCTA_021,131
CTGCCGAACAGCGTTGGCTA_022,87
CTGCCGAACAGCGTTGGCTA_023,135
CTGCCGAACAGCGTTGGCTA_024,68
CTGCCGAACAGCGTTGGCTA_025,11
CTGCCGAACAGCGTTGGCTA_026,108
CTGCCGAACAGCGTTGGCTA_027,8
GCCCAGGTACCACACGGTGT_001,70
GCCCAGGTACCACACGGTGT_002,2
GCCCAGGTACCACACGGTGT_003,177
GCCCAGGTACCACACGGTGT_004,69
ACCTGTCACGTCTGGCACGT_001,94
ACCTGTCACGTCTGGCACGT_002,101
ACCTGTCACGTCTGGCACGT_003,50
ACCTGTCACGTCTGGCACGT_004,42
ACCTGTCACGTCTGGCACGT_005,26
ACCTGTCACGTCTGGCACGT_006,56
GTTACAGCTCAAGGAATACG_001,138
GTTACAGCTCAAGGAATACG_002,83
GTTACAGCTCAAGGAATACG_003,27
GTTACAGCTCAAGGAATACG_004,179
GTTACAGCTCAAGGAATACG_005,170
GTTACAGCTCAAGGAATACG_006,157
TCGGAACCAAACAAAAATGG_001,38
TCGGAACCAAACAAAAATGG_002,84
GATCACCTGCATGAACTCGG_001,170
GATCACCTGCATGAACTCGG_002,81
GATCACCTGCATGAACTCGG_003,76
GATCACCTGCATGAACTCGG_004,15
GATCACCTGCATGAACTCGG_005,62
GATCACCTGCATGAACTCGG_006,156
GATCACCTGCATGAACTCGG_007,119
GATCACCTGCATGAACTCGG_008,77
GATCACCTGCATGAACTCGG_009,35
GATCACCTGCATGAACTCGG_010,16
GATCACCTGCATGAACTCGG_011,169
GATCACCTGCATGAACTCGG_012,87
GATCACCTGCATGAACTCGG_013,87
GATCACCTGCATGAACTCGG_014,148
GATCACCTGCATGAACTCGG_015,172
GATCACCTGCATGAACTCGG_016,26
GATCACCTGCATGAACTCGG_017,49
GATCACCTGCATGAACTCGG_018,147
GATCACCTGCATGAACTCGG_019,199
GATCACCTGCATGAACTCGG_020,199
GATCACCTGCATGAACTCGG_021,50
GATCACCTGCATGAACTCGG_022,107
GATCACCTGCATGAACTCGG_023,160
GATCACCTGCATGAACTCGG_024,35
GATCACCTGCATGAACTCGG_025,152
GATCACCTGCATGAACTCGG_026,49
GATCACCTGCATGAACTCGG_027,184
GATCACCTGCATGAACTCGG_028,38
GATCACCTGCATGAACTCGG_029,43
GATCACCTGCATGAACTCGG_030,168
GATCACCTGCATGAACTCGG_031,152
GATCACCTGCATGAACTCGG_032,3
GATCACCTGCATGAACTCGG_033,6
GTTCATCTGGTGAAATGCCC_001,48
GTTCATCTGGTGAAATGCCC_002,50
AGTTGGTACATCACAAACAT_001,52
AAGATATGGACTTCCAAGCA_001,88
AAGATATGGACTTCCAAGCA_002,149
AAGATATGGACTTCCAAGCA_003,182
AAGATATGGACTTCCAAGCA_004,168
GGAAAGTACCCATATGATCG_001,55
GGAAAGTACCCATATGATCG_002,22
CACCTTATCGACAAGTCGCA_001,38
CACCTTATCGACAAGTCGCA_002,198
CACCTTATCGACAAGTCGCA_003,28
CACCTTATCGACAAGTCGCA_004,159
CACCTTATCGACAAGTCGCA_005,72
CACCTTATCGACAAGTCGCA_006,72
CACCTTATCGACAAGTCGCA_007,120
CACCTTATCGACAAGTCGCA_008,63
AAGAGGCATACAAGTGACAA_001,169
AAGAGGCATACAAGTGACAA_002,62
AAGAGGCATACAAGTGACAA_003,60
AAGAGGCATACAAGTGACAA_004,1
AAGAGGCATACAAGTGACAA_005,147
AAGAGGCATACAAGTGACAA_006,140
AAGAGGCATACAAGTGACAA_007,121
AAGAGGCATACAAGTGACAA_008,50
TTGGCTTGCACTGGACTACG_001,34
TTGGCTTGCACTGGACTACG_002,164
TTGGCTTGCACTGGACTACG_003,148
TTGGCTTGCACTGGACTACG_004,74
TTGGCTTGCACTGGACTACG_005,43
TTGGCTTGCACTGGACTACG_006,137
TTGGCTTGCACTGGACTACG_007,147
TTGGCTTGCACTGGACTACG_008,2
CAGTGCTGACGGCATGTACG_001,66
CAGTGCTGACGGCATGTACG_002,147
CAGTGCTGACGGCATGTACG_003,19
CAGTGCTGACGGCATGTACG_004,127
CAGTGCTGACGGCATGTACG_005,2
CAGTGCTGACGGCATGTACG_006,158
CAGTGCTGACGGCATGTACG_007,9
CAGTGCTGACGGCATGTACG_008,156
CAGTGCTGACGGCATGTACG_009,1
CAGTGCTGACGGCATGTACG_010,130
CAGTGCTGACGGCATGTACG_011,85
CAGTGCTGACGGCATGTACG_012,43
CAGTGCTGACGGCATGTACG_013,70
CAGTGCTGACGGCATGTACG_014,115
GCAGGCTGGACACTTCGTGG_001,83
GCAGGCTGGACACTTCGTGG_002,4
CCACAGCCCGAGTAGAACTG_001,36
CCACAGCCCGAGTAGAACTG_002,11
CCACAGCCCGAGTAGAACTG_003,170
CCACAGCCCGAGTAGAACTG_004,153
CCACAGCCCGAGTAGAACTG_005,53
CCACAGCCCGAGTAGAACTG_006,181
CCACAGCCCGAGTAGAACTG_007,94
CCACAGCCCGAGTAGAACTG_008,1
CCACAGCCCGAGTAGAACTG_009,185
CCACAGCCCGAGTAGAACTG_010,12
CCACAGCCCGAGTAGAACTG_011,98
CCACAGCCCGAGTAGAACTG_012,169
CCACAGCCCGAGTAGAACTG_013,106
CCACAGCCCGAGTAGAACTG_014,57
CCACAGCCCGAGTAGAACTG_015,29
CCACAGCCCGAGTAGAACTG_016,121
CCACAGCCCGAGTAGAACTG_017,121
CCACAGCCCGAGTAGAACTG_018,187
CCACAGCCCGAGTAGAACTG_019,112
CCACAGCCCGAGTAGAACTG_020,28
CCACAGCCCGAGTAGAACTG_021,102
CCACAGCCCGAGTAGAACTG_022,172
CCACAGCCCGAGTAGAACTG_023,127
CCACAGCCCGAGTAGAACTG_024,94
CCACAGCCCGAGTAGAACTG_025,197
AAACAGCAGTATCAGAACTG_001,152
AAACAGCAGTATCAGAACTG_002,29
AAACAGCAGTATCAGAACTG_003,192
AAACAGCAGTATCAGAACTG_004,0
AAACAGCAGTATCAGAACTG_005,176
AAACAGCAGTATCAGAACTG_006,140
ACCCCACCACCAATCTGCAG_001,134
ACCCCACCACCAATCTGCAG_002,78
ACCCCACCACCAATCTGCAG_003,198
ACCCCACCACCAATCTGCAG_004,58
ACCCCACCACCAATCTGCAG_005,76
ACCCCACCACCAATCTGCAG_006,102
ACCCCACCACCAATCTGCAG_007,52
ACCCCACCACCAATCTGCAG_008,122
ACCCCACCACCAATCTGCAG_009,127
ACCCCACCACCAATCTGCAG_010,104
ACCCCACCACCAATCTGCAG_011,43
ACCCCACCACCAATCTGCAG_012,103
ACCCCACCACCAATCTGCAG_013,4
ACCCCACCACCAATCTGCAG_014,77
ACCCCACCACCAATCTGCAG_015,18
ACCCCACCACCAATCTGCAG_016,182
CCAAGAACCCACATGAACGA_001,196
CCAAGAACCCACATGAACGA_002,196
CCAAGAACCCACATGAACGA_003,142
CCAAGAACCCACATGAACGA_004,115
CCAAGAACCCACATGAACGA_005,17
CCAAGAACCCACATGAACGA_006,132
CCAAGAACCCACATGAACGA_007,183
CCAAGAACCCACATGAACGA_008,148
CCAAGAACCCACATGAACGA_009,41
GGTCCATGGTGGATAAGCAG_001,149
GGTCCATGGTGGATAAGCAG_002,136
GGTCCATGGTGGATAAGCAG_003,165
CCGGTAGAACAATTCTACGC_001,34
CCGGTAGAACAATTCTACGC_002,76
GTGGAGTGTTGCAGGACGAG_001,1
GTGGAGTGTTGCAGGACGAG_002,146
GTGGAGTGTTGCAGGACGAG_003,70
GTGGAGTGTTGCAGGACGAG_004,127
GTGGAGTGTTGCAGGACGAG_005,70
GTGGAGTGTTGCAGGACGAG_006,73
GTGGAGTGTTGCAGGACGAG_007,194
GTGGAGTGTTGCAGGACGAG_008,136
GTGGAGTGTTGCAGGACGAG_009,158
GTGGAGTGTTGCAGGACGAG_010,148
GTGGAGTGTTGCAGGACGAG_011,98
GTGGAGTGTTGCAGGACGAG_012,5
GTGGAGTGTTGCAGGACGAG_013,86
GTGGAGTGTTGCAGGACGAG_014,17
GTGGAGTGTTGCAGGACGAG_015,130
GTGGAGTGTTGCAGGACGAG_016,102
GTGGAGTGTTGCAGGACGAG_017,58
GTGGAGTGTTGCAGGACGAG_018,77
GTGGAGTGTTGCAGGACGAG_019,58
GTAGTCGAAGTTCTGATCCG_001,162
GTAGTCGAAGTTCTGATCCG_002,60
GTAGTCGAAGTTCTGATCCG_003,69
GTAGTCGAAGTTCTGATCCG_004,123
GTAGTCGAAGTTCTGATCCG_005,62
GTAGTCGAAGTTCTGATCCG_006,138
ACCCAGCTGCTGAATGCCAG_001,105
ACCCAGCTGCTGAATGCCAG_002,62
ACCCAGCTGCTGAATGCCAG_003,70
ACCCAGCTGCTGAATGCCAG_004,8
ACCCAGCTGCTGAATGCCAG_005,39
ACCCAGCTGCTGAATGCCAG_006,152
ACCCAGCTGCTGAATGCCAG_007,196
ACCCAGCTGCTGAATGCCAG_008,104
ACCCAGCTGCTGAATGCCAG_009,157
CTTGTGTTGACTGACAGGGA_001,50
CTTGTGTTGACTGACAGGGA_002,116
CTTGTGTTGACTGACAGGGA_003,84
CTTGTGTTGACTGACAGGGA_004,60
CTTGTGTTGACTGACAGGGA_005,21
ATAGACAGCAACCGACGGGA_001,181
ATAGACAGCAACCGACGGGA_002,127
ATAGACAGCAACCGACGGGA_003,106
ATAGACAGCAACCGACGGGA_004,191
ATAGACAGCAACCGACGGGA_005,86
ATAGACAGCAACCGACGGGA_006,150
ATAGACAGCAACCGACGGGA_007,132
ATAGACAGCAACCGACGGGA_008,38
ATAGACAGCAACCGACGGGA_009,148
ATAGACAGCAACCGACGGGA_010,48
ATAGACAGCAACCGACGGGA_011,36
ATAGACAGCAACCGACGGGA_012,143
ATAGACAGCAACCGACGGGA_013,143
ATAGACAGCAACCGACGGGA_014,143
ATAGACAGCAACCGACGGGA_015,17
ATAGACAGCAACCGACGGGA_016,160
ATAGACAGCAACCGACGGGA_017,35
ATAGACAGCAACCGACGGGA_018,33
GCTGCAAAGTTCCCAGCAGG_001,183
GCTGCAAAGTTCCCAGCAGG_002,47
GCTGCAAAGTTCCCAGCAGG_003,196
GCTGCAAAGTTCCCAGCAGG_004,134
GCTGCAAAGTTCCCAGCAGG_005,42
GCTGCAAAGTTCCCAGCAGG_006,177
GCTGCAAAGTTCCCAGCAGG_007,13
GCTGCAAAGTTCCCAGCAGG_008,151
GCTGCAAAGTTCCCAGCAGG_009,133
GCTGCAAAGTTCCCAGCAGG_010,67
GCTGCAAAGTTCCCAGCAGG_011,195
GCTGCAAAGTTCCCAGCAGG_012,112
GCTGCAAAGTTCCCAGCAGG_013,160
GCTGCAAAGTTCCCAGCAGG_014,191
GCTGCAAAGTTCCCAGCAGG_015,102
GCTGCAAAGTTCCCAGCAGG_016,83
GCTGCAAAGTTCCCAGCAGG_017,83
GCTGCAAAGTTCCCAGCAGG_018,184
GCTGCAAAGTTCCCAGCAGG_019,9
GCTGCAAAGTTCCCAGCAGG_020,158
GCTGCAAAGTTCCCAGCAGG_021,34
GCTGCAAAGTTCCCAGCAGG_022,35
GCTGCAAAGTTCCCAGCAGG_023,149
TCGGACATGAGCGAACTAGG_001,145
TCGGACATGAGCGAACTAGG_002,141
TCGGACATGAGCGAACTAGG_003,107
TCGGACATGAGCGAACTAGG_004,137
TCGGACATGAGCGAACTAGG_005,99
TCGGACATGAGCGAACTAGG_006,44
TCGGACATGAGCGAACTAGG_007,120
TCGGACATGAGCGAACTAGG_008,102
TCGGACATGAGCGAACTAGG_009,197
TCGGACATGAGCGAACTAGG_010,135
TCGGACATGAGCGAACTAGG_011,31
TCGGACATGAGCGAACTAGG_012,163
TCGGACATGAGCGAACTAGG_013,93
TCGGACATGAGCGAACTAGG_014,185
TCGGACATGAGCGAACTAGG_015,107
TCGGACATGAGCGAACTAGG_016,167
TCGGACATGAGCGAACTAGG_017,95
TCGGACATGAGCGAACTAGG_018,29
TCGGACATGAGCGAACTAGG_019,56
TCGGACATGAGCGAACTAGG_020,18
TCGGACATGAGCGAACTAGG_021,88
TTACCAGCACATCATGAAGT_001,61
TTACCAGCACATCATGAAGT_002,107
TTACCAGCACATCATGAAGT_003,39
GCCAGCGGCAGAAAAACTCG_001,31
GCCAGCGGCAGAAAAACTCG_002,138
GCCAGCGGCAGAAAAACTCG_003,183
GCCAGCGGCAGAAAAACTCG_004,105
GCCAGCGGCAGAAAAACTCG_005,115
GCCAGCGGCAGAAAAACTCG_006,132
GCCAGCGGCAGAAAAACTCG_007,29
GCCAGCGGCAGAAAAACTCG_008,192
GCCAGCGGCAGAAAAACTCG_009,68
GCCAGCGGCAGAAAAACTCG_010,10
GCCAGCGGCAGAAAAACTCG_011,38
GATGACGTTCCCGTGCACAG_001,127
AAGTGTCAGAGCTGACAGAG_001,76
AAGTGTCAGAGCTGACAGAG_002,170
AAGTGTCAGAGCTGACAGAG_003,158
AAGTGTCAGAGCTGACAGAG_004,174
AAGTGTCAGAGCTGACAGAG_005,12
AAGTGTCAGAGCTGACAGAG_006,54
AAGTGTCAGAGCTGACAGAG_007,197
AAGTGTCAGAGCTGACAGAG_008,62
AAGTGTCAGAGCTGACAGAG_009,43
ACGGTGAAAAGAGCATCCCA_001,97
ACGGTGAAAAGAGCATCCCA_002,12
ACGGTGAAAAGAGCATCCCA_003,115
ACGGTGAAAAGAGCATCCCA_004,137
ACGGTGAAAAGAGCATCCCA_005,161
ACGGTGAAAAGAGCATCCCA_006,80
ACGGTGAAAAGAGCATCCCA_007,175
ACGGTGAAAAGAGCATCCCA_008,177
ACGGTGAAAAGAGCATCCCA_009,145
ACGGTGAAAAGAGCATCCCA_010,15
ACGGTGAAAAGAGCATCCCA_011,10
ACGGTGAAAAGAGCATCCCA_012,162
TCTACACCGGCTCTTACAGG_001,53
TCTACACCGGCTCTTACAGG_002,182
TCTACACCGGCTCTTACAGG_003,144
TGGGAAATGCCGTGTCAGTG_001,48
TGGGAAATGCCGTGTCAGTG_002,0
TGGGAAATGCCGTGTCAGTG_003,155
TGGGAAATGCCGTGTCAGTG_004,144
TGGGAAATGCCGTGTCAGTG_005,48
TGGGAAATGCCGTGTCAGTG_006,165
TGGGAAATGCCGTGTCAGTG_007,194
TGGGAAATGCCGTGTCAGTG_008,100
CAGCTACACAGCCGTCAACC_001,58
CAGCTACACAGCCGTCAACC_002,162
CAGCTACACAGCCGTCAACC_003,60
CAGCTACACAGCCGTCAACC_004,48
CAGCTACACAGCCGTCAACC_005,80
CAGCTACACAGCCGTCAACC_006,122
AAATGCAAGATAGTTGTGGT_001,78
AAATGCAAGATAGTTGTGGT_002,182
AAATGCAAGATAGTTGTGGT_003,13
AAATGCAAGATAGTTGTGGT_004,91
AAATGCAAGATAGTTGTGGT_005,12
AAATGCAAGATAGTTGTGGT_006,78
AAATGCAAGATAGTTGTGGT_007,182
AAATGCAAGATAGTTGTGGT_008,148
AAATGCAAGATAGTTGTGGT_009,105
AAATGCAAGATAGTTGTGGT_010,175
CCGAGGCAAGAGGCTCCGCG_001,77
CCGAGGCAAGAGGCTCCGCG_002,49
CCGAGGCAAGAGGCTCCGCG_003,60
CCGAGGCAAGAGGCTCCGCG_004,11
CCGAGGCAAGAGGCTCCGCG_005,120
CCGAGGCAAGAGGCTCCGCG_006,74
CCGAGGCAAGAGGCTCCGCG_007,114
CCGAGGCAAGAGGCTCCGCG_008,17
CCGAGGCAAGAGGCTCCGCG_009,158
CCGAGGCAAGAGGCTCCGCG_010,9
CCGAGGCAAGAGGCTCCGCG_011,70
GCGGTCCTCACCAACCCGCA_001,150
GCGGTCCTCACCAACCCGCA_002,48
GCGGTCCTCACCAACCCGCA_003,172
GCGGTCCTCACCAACCCGCA_004,172
GCGGTCCTCACCAACCCGCA_005,165
GCGGTCCTCACCAACCCGCA_006,184
GCGGTCCTCACCAACCCGCA_007,153
GCGGTCCTCACCAACCCGCA_008,166
GCGGTCCTCACCAACCCGCA_009,93
GCGGTCCTCACCAACCCGCA_010,93
GCGGTCCTCACCAACCCGCA_011,129
GCGGTCCTCACCAACCCGCA_012,182
GCGGTCCTCACCAACCCGCA_013,25
GCGGTCCTCACCAACCCGCA_014,197
GCGGTCCTCACCAACCCGCA_015,105
GCGGTCCTCACCAACCCGCA_016,151
GCGGTCCTCACCAACCCGCA_017,38
GCGGTCCTCACCAACCCGCA_018,190
GCGGTCCTCACCAACCCGCA_019,149
GCGGTCCTCACCAACCCGCA_020,9
GCGGTCCTCACCAACCCGCA_021,46
GCGGTCCTCACCAACCCGCA_022,9
GCGGTCCTCACCAACCCGCA_023,67
GCGGTCCTCACCAACCCGCA_024,114
GCGGTCCTCACCAACCCGCA_025,124
GCGGTCCTCACCAACCCGCA_026,189
GCGGTCCTCACCAACCCGCA_027,199
GCGGTCCTCACCAACCCGCA_028,84
TACACTTCTGAATCCTGCAA_001,123
CGGGTCGGGCGACTTACGTG_001,4
CGGGTCGGGCGACTTACGTG_002,81
CGGGTCGGGCGACTTACGTG_003,147
CGGGTCGGGCGACTTACGTG_004,29
AGGCGTGGTATTCAGCAACG_001,89
AGGCGTGGTATTCAGCAACG_002,95
AGGCGTGGTATTCAGCAACG_003,62
AGGCGTGGTATTCAGCAACG_004,123
AGGCGTGGTATTCAGCAACG_005,61
CCGGTTACACACCCTATGGG_001,106
CCGGTTACACACCCTATGGG_002,125
CCGGTTACACACCCTATGGG_003,53
CCGGTTACACACCCTATGGG_004,5
CCGGTTACACACCCTATGGG_005,5
CCGGTTACACACCCTATGGG_006,188
CCGGTTACACACCCTATGGG_007,129
GGTGGGCAGCGCGTACACGG_001,78
GGTGGGCAGCGCGTACACGG_002,160
GGTGGGCAGCGCGTACACGG_003,77
GGTGGGCAGCGCGTACACGG_004,130
TTATGTCTGCTAACAGACGC_001,1
TTATGTCTGCTAACAGACGC_002,41
TTATGTCTGCTAACAGACGC_003,94
TTCACTGCACACAAGATGGG_001,106
TTCACTGCACACAAGATGGG_002,88
TTCACTGCACACAAGATGGG_003,119
TTCACTGCACACAAGATGGG_004,70
TTCACTGCACACAAGATGGG_005,183
TTCACTGCACACAAGATGGG_006,41
TTCACTGCACACAAGATGGG_007,60
TTCACTGCACACAAGATGGG_008,70
TTCACTGCACACAAGATGGG_009,44
TTCACTGCACACAAGATGGG_010,192
TTCACTGCACACAAGATGGG_011,18
TTCACTGCACACAAGATGGG_012,174
TTCACTGCACACAAGATGGG_013,121
TTCACTGCACACAAGATGGG_014,59
TTCACTGCACACAAGATGGG_015,147
TTCACTGCACACAAGATGGG_016,38
TTCACTGCACACAAGATGGG_017,63
TTCACTGCACACAAGATGGG_018,38
TTCACTGCACACAAGATGGG_019,110
TTCACTGCACACAAGATGGG_020,149
TTCACTGCACACAAGATGGG_021,169
TTCACTGCACACAAGATGGG_022,152
TCACAGTTGCAGTCACACGG_001,130
TCACAGTTGCAGTCACACGG_002,150
TCACAGTTGCAGTCACACGG_003,83
TCACAGTTGCAGTCACACGG_004,142
TCACAGTTGCAGTCACACGG_005,60
TCACAGTTGCAGTCACACGG_006,1
TCACAGTTGCAGTCACACGG_007,119
TTCTTGAGGAGAATATTCGG_001,118
TTCTTGAGGAGAATATTCGG_002,115
TTCTTGAGGAGAATATTCGG_003,149
TTCTTGAGGAGAATATTCGG_004,40
TTCTTGAGGAGAATATTCGG_005,28
TTCTTGAGGAGAATATTCGG_006,140
TTCTTGAGGAGAATATTCGG_007,5
TTCTTGAGGAGAATATTCGG_008,177
GGGCCGCAGGAAGTTCGCGG_001,134
GGGCCGCAGGAAGTTCGCGG_002,177
GGGCCGCAGGAAGTTCGCGG_003,45
GGGCCGCAGGAAGTTCGCGG_004,77
GGGCCGCAGGAAGTTCGCGG_005,23
GGGCCGCAGGAAGTTCGCGG_006,170
GGGCCGCAGGAAGTTCGCGG_007,77
GGGCCGCAGGAAGTTCGCGG_008,48
GGGCCGCAGGAAGTTCGCGG_009,11
GGGCCGCAGGAAGTTCGCGG_010,62
GGGCCGCAGGAAGTTCGCGG_011,138
GGGCCGCAGGAAGTTCGCGG_012,137
GGGCCGCAGGAAGTTCGCGG_013,2
GGGCCGCAGGAAGTTCGCGG_014,30
GGGCCGCAGGAAGTTCGCGG_015,86
GGGCCGCAGGAAGTTCGCGG_016,86
GGGCCGCAGGAAGTTCGCGG_017,84
GGGCCGCAGGAAGTTCGCGG_018,177
GGGCCGCAGGAAGTTCGCGG_019,171
GGGCCGCAGGAAGTTCGCGG_020,54
GGGCCGCAGGAAGTTCGCGG_021,152
GGGCCGCAGGAAGTTCGCGG_022,58
GGGCCGCAGGAAGTTCGCGG_023,191
GGGCCGCAGGAAGTTCGCGG_024,36
GGGCCGCAGGAAGTTCGCGG_025,9
GGGCCGCAGGAAGTTCGCGG_026,165
GGGCCGCAGGAAGTTCGCGG_027,96
GGGCCGCAGGAAGTTCGCGG_028,173
GGGCCGCAGGAAGTTCGCGG_029,170
GGGCCGCAGGAAGTTCGCGG_030,90
ATCTGAGCACTTGTTCACGT_001,149
ATCTGAGCACTTGTTCACGT_002,175
ATCTGAGCACTTGTTCACGT_003,2
ATCTGAGCACTTGTTCACGT_004,51
ATCTGAGCACTTGTTCACGT_005,58
ATCTGAGCACTTGTTCACGT_006,102
ATCTGAGCACTTGTTCACGT_007,160
ATCTGAGCACTTGTTCACGT_008,177
ATCTGAGCACTTGTTCACGT_009,63
ATCTGAGCACTTGTTCACGT_010,94
ATCTGAGCACTTGTTCACGT_011,168
ATCTGAGCACTTGTTCACGT_012,116
AGATTGACGGAAGACAATGG_001,100
AGATTGACGGAAGACAATGG_002,88
AGATTGACGGAAGACAATGG_003,159
AGATTGACGGAAGACAATGG_004,108
AGATTGACGGAAGACAATGG_005,103
AGATTGACGGAAGACAATGG_006,147
AGATTGACGGAAGACAATGG_007,198
AGATTGACGGAAGACAATGG_008,142
AGATTGACGGAAGACAATGG_009,58
AGATTGACGGAAGACAATGG_010,63
AGATTGACGGAAGACAATGG_011,81
AGATTGACGGAAGACAATGG_012,83
AATAAGCCCAGGTATAGCTG_001,171
AATAAGCCCAGGTATAGCTG_002,186
AATAAGCCCAGGTATAGCTG_003,2
AATAAGCCCAGGTATAGCTG_004,88
AATAAGCCCAGGTATAGCTG_005,192
TTGCCGCTCCCCCTGCACCA_001,119
TTGCCGCTCCCCCTGCACCA_002,76
TTGCCGCTCCCCCTGCACCA_003,43
TTGCCGCTCCCCCTGCACCA_004,88
TTGCCGCTCCCCCTGCACCA_005,2
TTGCCGCTCCCCCTGCACCA_006,130
TTGCCGCTCCCCCTGCACCA_007,150
TTGCCGCTCCCCCTGCACCA_008,92
TTGCCGCTCCCCCTGCACCA_009,158
TTGCCGCTCCCCCTGCACCA_010,98
TTGCCGCTCCCCCTGCACCA_011,176
TTGCCGCTCCCCCTGCACCA_012,76
TTGCCGCTCCCCCTGCACCA_013,123
TTGCCGCTCCCCCTGCACCA_014,88
TTGCCGCTCCCCCTGCACCA_015,138
TTGCCGCTCCCCCTGCACCA_016,43
TCATTTGAAAGAGGTAGACA_001,118
TCATTTGAAAGAGGTAGACA_002,26
TCATTTGAAAGAGGTAGACA_003,83
TCATTTGAAAGAGGTAGACA_004,17
TCATTTGAAAGAGGTAGACA_005,160
TCATTTGAAAGAGGTAGACA_006,126
TCATTTGAAAGAGGTAGACA_007,83
TCATTTGAAAGAGGTAGACA_008,119
TCATTTGAAAGAGGTAGACA_009,119
TCATTTGAAAGAGGTAGACA_010,84
TCATTTGAAAGAGGTAGACA_011,66
TCATTTGAAAGAGGTAGACA_012,168
CATAGCTGCAACCATAGTCC_001,105
CATAGCTGCAACCATAGTCC_002,83
CATAGCTGCAACCATAGTCC_003,23
GAGCTGCTCCGAGACCACTT_001,41
GAGCTGCTCCGAGACCACTT_002,53
GAGCTGCTCCGAGACCACTT_003,147
GAGCTGCTCCGAGACCACTT_004,80
GAGCTGCTCCGAGACCACTT_005,187
GAGCTGCTCCGAGACCACTT_006,150
GAGCTGCTCCGAGACCACTT_007,169
GAGCTGCTCCGAGACCACTT_008,199
GAGCTGCTCCGAGACCACTT_009,163
GAGCTGCTCCGAGACCACTT_010,82
GAGCTGCTCCGAGACCACTT_011,175
GAGCTGCTCCGAGACCACTT_012,105
GAGCTGCTCCGAGACCACTT_013,83
TGAGGAGCGATACGACATTG_001,52
TCCCCAAATCAGAGGATCGT_001,150
TCCCCAAATCAGAGGATCGT_002,171
TCCCCAAATCAGAGGATCGT_003,73
TCCCCAAATCAGAGGATCGT_004,91
TCCCCAAATCAGAGGATCGT_005,130
AGAACCGCGTACACTTGATG_001,147
AGAACCGCGTACACTTGATG_002,170
AGAACCGCGTACACTTGATG_003,134
AGAACCGCGTACACTTGATG_004,16
AGAACCGCGTACACTTGATG_005,2
AGAACCGCGTACACTTGATG_006,127
AGAACCGCGTACACTTGATG_007,162
AGAACCGCGTACACTTGATG_008,91
TACCTTGGGAAAATGCACGT_001,141
TACCTTGGGAAAATGCACGT_002,140
TACCTTGGGAAAATGCACGT_003,125
TACCTTGGGAAAATGCACGT_004,137
TACCTTGGGAAAATGCACGT_005,184
TACCTTGGGAAAATGCACGT_006,158
TACCTTGGGAAAATGCACGT_007,119
TACCTTGGGAAAATGCACGT_008,19
TACCTTGGGAAAATGCACGT_009,35
TACCTTGGGAAAATGCACGT_010,9
TACCTTGGGAAAATGCACGT_011,12
TACCTTGGGAAAATGCACGT_012,168
TACCTTGGGAAAATGCACGT_013,42
TACCTTGGGAAAATGCACGT_014,67
TACCTTGGGAAAATGCACGT_015,193
TACCTTGGGAAAATGCACGT_016,1
TACCTTGGGAAAATGCACGT_017,11
TACCTTGGGAAAATGCACGT_018,63
TACCTTGGGAAAATGCACGT_019,51
TACCTTGGGAAAATGCACGT_020,140
TACCTTGGGAAAATGCACGT_021,198
TACCTTGGGAAAATGCACGT_022,166
AAAGGGTCATGCATACAAAG_001,107
AAAGGGTCATGCATACAAAG_002,26
ACTGGTCCTTATCACAGCCA_001,84
ACTGGTCCTTATCACAGCCA_002,84
ACTGGTCCTTATCACAGCCA_003,191
ACTGGTCCTTATCACAGCCA_004,145
ACTGGTCCTTATCACAGCCA_005,92
ACTGGTCCTTATCACAGCCA_006,103
CTGGGGGGAGAATTCCTGTG_001,65
CTGGGGGGAGAATTCCTGTG_002,162
CTGGGGGGAGAATTCCTGTG_003,50
CTGGGGGGAGAATTCCTGTG_004,105
CTGGGGGGAGAATTCCTGTG_005,166
CTGGGGGGAGAATTCCTGTG_006,166
CTGGGGGGAGAATTCCTGTG_007,175
CTGGGGGGAGAATTCCTGTG_008,61
CTGGGGGGAGAATTCCTGTG_009,187
CTGGGGGGAGAATTCCTGTG_010,29
CTGGGGGGAGAATTCCTGTG_011,33
CTGGGGGGAGAATTCCTGTG_012,69
CTGGGGGGAGAATTCCTGTG_013,148
CTGGGGGGAGAATTCCTGTG_014,197
CTGGGGGGAGAATTCCTGTG_015,69
CTGGGGGGAGAATTCCTGTG_016,147
CTGGGGGGAGAATTCCTGTG_017,58
CTGGGGGGAGAATTCCTGTG_018,128
CTGGGGGGAGAATTCCTGTG_019,149
CTGGGGGGAGAATTCCTGTG_020,48
CTGGGGGGAGAATTCCTGTG_021,174
CTGGGGGGAGAATTCCTGTG_022,177
ATTTATAAACACAGGGTCGC_001,32
ATTTATAAACACAGGGTCGC_002,130
ATTTATAAACACAGGGTCGC_003,174
ATTTATAAACACAGGGTCGC_004,172
ATTTATAAACACAGGGTCGC_005,146
ATTTATAAACACAGGGTCGC_006,190
ATTTATAAACACAGGGTCGC_007,48
ATTTATAAACACAGGGTCGC_008,182
ATTTATAAACACAGGGTCGC_009,150
ATTTATAAACACAGGGTCGC_010,139
ATTTATAAACACAGGGTCGC_011,184
ATTTATAAACACAGGGTCGC_012,63
ATTTATAAACACAGGGTCGC_013,114
ATTTATAAACACAGGGTCGC_014,114
ATTTATAAACACAGGGTCGC_015,102
ATTTATAAACACAGGGTCGC_016,132
ATTTATAAACACAGGGTCGC_017,61
ATTTATAAACACAGGGTCGC_018,25
ATTTATAAACACAGGGTCGC_019,11
ATTTATAAACACAGGGTCGC_020,121
ATTTATAAACACAGGGTCGC_021,48
AAGAGGAACGCCCCAAACCA_001,120
AAGAGGAACGCCCCAAACCA_002,105
AAGAGGAACGCCCCAAACCA_003,12
AAGAGGAACGCCCCAAACCA_004,106
AAGAGGAACGCCCCAAACCA_005,35
AAGAGGAACGCCCCAAACCA_006,141
AAGAGGAACGCCCCAAACCA_007,130
AAGAGGAACGCCCCAAACCA_008,50
AAGAGGAACGCCCCAAACCA_009,102
AAGAGGAACGCCCCAAACCA_010,14
AAGAGGAACGCCCCAAACCA_011,10
AAGAGGAACGCCCCAAACCA_012,10
AAGAGGAACGCCCCAAACCA_013,198
AAGAGGAACGCCCCAAACCA_014,127
GGATTTGATGTCTGAAGTCG_001,65
GGATTTGATGTCTGAAGTCG_002,49
GGATTTGATGTCTGAAGTCG_003,39
GGATTTGATGTCTGAAGTCG_004,169
GGATTTGATGTCTGAAGTCG_005,70
GGATTTGATGTCTGAAGTCG_006,97
GAGCCCTATGCCGACTACGG_001,47
GAGCCCTATGCCGACTACGG_002,62
GAGCCCTATGCCGACTACGG_003,160
GAGCCCTATGCCGACTACGG_004,14
GAGCCCTATGCCGACTACGG_005,49
GAGCCCTATGCCGACTACGG_006,149
GAGCCCTATGCCGACTACGG_007,12
GAGCCCTATGCCGACTACGG_008,197
GAGCCCTATGCCGACTACGG_009,113
GAGCCCTATGCCGACTACGG_010,124
GAGCCCTATGCCGACTACGG_011,49
GAGCCCTATGCCGACTACGG_012,10
TGGCAGGGAAAACCTACAGG_001,188
TGGCAGGGAAAACCTACAGG_002,7
TGGCAGGGAAAACCTACAGG_003,88
TGGCAGGGAAAACCTACAGG_004,49
TGGCAGGGAAAACCTACAGG_005,20
TGGCAGGGAAAACCTACAGG_006,159
TGGCAGGGAAAACCTACAGG_007,199
TGGCAGGGAAAACCTACAGG_008,199
TGGCAGGGAAAACCTACAGG_009,163
TGGCAGGGAAAACCTACAGG_010,133
TGGCAGGGAAAACCTACAGG_011,50
TGGCAGGGAAAACCTACAGG_012,134
TGGCAGGGAAAACCTACAGG_013,34
GGAGACCCTGCACTCCCATG_001,160
GGAGACCCTGCACTCCCATG_002,117
GGAGACCCTGCACTCCCATG_003,36
GGAGACCCTGCACTCCCATG_004,40
GGAGACCCTGCACTCCCATG_005,130
GGAGACCCTGCACTCCCATG_006,56
GGAGACCCTGCACTCCCATG_007,63
GGAGACCCTGCACTCCCATG_008,41
GGAGACCCTGCACTCCCATG_009,2
GGAGACCCTGCACTCCCATG_010,0
GGAGACCCTGCACTCCCATG_011,88
CATACCTGGATCGTTACAGG_001,18
CATACCTGGATCGTTACAGG_002,1
CATACCTGGATCGTTACAGG_003,191
CATACCTGGATCGTTACAGG_004,64
CATACCTGGATCGTTACAGG_005,121
CATACCTGGATCGTTACAGG_006,81
CATACCTGGATCGTTACAGG_007,113
CATACCTGGATCGTTACAGG_008,140
CATACCTGGATCGTTACAGG_009,112
CATACCTGGATCGTTACAGG_010,153
CATACCTGGATCGTTACAGG_011,115
CATACCTGGATCGTTACAGG_012,72
CATACCTGGATCGTTACAGG_013,179
CATACCTGGATCGTTACAGG_014,158
CATACCTGGATCGTTACAGG_015,52
CATACCTGGATCGTTACAGG_016,17
ATGCATACCTGAATGATGAA_001,98
ATGCATACCTGAATGATGAA_002,198
ATGCATACCTGAATGATGAA_003,23
ATGCATACCTGAATGATGAA_004,102
ATGCATACCTGAATGATGAA_005,102
ATGCATACCTGAATGATGAA_006,84
ATGCATACCTGAATGATGAA_007,34
ATGCATACCTGAATGATGAA_008,40
ATGCATACCTGAATGATGAA_009,148
ATTGATCCAAACACCCTACA_001,7
ATTGATCCAAACACCCTACA_002,43
ATTGATCCAAACACCCTACA_003,37
ATTGATCCAAACACCCTACA_004,150
ATTGATCCAAACACCCTACA_005,9
CATCTACGAGGAGACTCGCG_001,29
CATCTACGAGGAGACTCGCG_002,37
CATCTACGAGGAGACTCGCG_003,25
CATCTACGAGGAGACTCGCG_004,24
CATCTACGAGGAGACTCGCG_005,102
CATCTACGAGGAGACTCGCG_006,76
CATCTACGAGGAGACTCGCG_007,77
CATCTACGAGGAGACTCGCG_008,130
CATCTACGAGGAGACTCGCG_009,98
CATCTACGAGGAGACTCGCG_010,121
CATCTACGAGGAGACTCGCG_011,104
CATCTACGAGGAGACTCGCG_012,48
CATCTACGAGGAGACTCGCG_013,113
TAAATGTAACGCACTCCCTG_001,78
TAAATGTAACGCACTCCCTG_002,194
TAAATGTAACGCACTCCCTG_003,50
TAAATGTAACGCACTCCCTG_004,81
TAAATGTAACGCACTCCCTG_005,141
TAAATGTAACGCACTCCCTG_006,182
TAAATGTAACGCACTCCCTG_007,175
TAAATGTAACGCACTCCCTG_008,118
TAAATGTAACGCACTCCCTG_009,115
TAAATGTAACGCACTCCCTG_010,42
TAAATGTAACGCACTCCCTG_011,56
TAAATGTAACGCACTCCCTG_012,140
TAAATGTAACGCACTCCCTG_013,68
TAAATGTAACGCACTCCCTG_014,82
TAAATGTAACGCACTCCCTG_015,158
GGACGCTGGCCAGAGACAGG_001,94
GGACGCTGGCCAGAGACAGG_002,128
GGACGCTGGCCAGAGACAGG_003,38
GGACGCTGGCCAGAGACAGG_004,197
GGACGCTGGCCAGAGACAGG_005,38
GGACGCTGGCCAGAGACAGG_006,58
GGACGCTGGCCAGAGACAGG_007,131
GGACGCTGGCCAGAGACAGG_008,88
GGACGCTGGCCAGAGACAGG_009,141
GGACGCTGGCCAGAGACAGG_010,38
CAGCTGTCACCTATGATCAG_001,120
CAGCTGTCACCTATGATCAG_002,60
CAGCTGTCACCTATGATCAG_003,47
CAGCTGTCACCTATGATCAG_004,48
CAGCTGTCACCTATGATCAG_005,194
CAGCTGTCACCTATGATCAG_006,194
CAGCTGTCACCTATGATCAG_007,190
CAGCTGTCACCTATGATCAG_008,127
CAGCTGTCACCTATGATCAG_009,138
TAACTTCTTCGTTGACACAG_001,157
TAACTTCTTCGTTGACACAG_002,138
TAACTTCTTCGTTGACACAG_003,59
TAACTTCTTCGTTGACACAG_004,191
TAACTTCTTCGTTGACACAG_005,78
TAACTTCTTCGTTGACACAG_006,199
TAACTTCTTCGTTGACACAG_007,168
TAACTTCTTCGTTGACACAG_008,46
TAACTTCTTCGTTGACACAG_009,30
TAACTTCTTCGTTGACACAG_010,21
TAACTTCTTCGTTGACACAG_011,50
TAACTTCTTCGTTGACACAG_012,124
ATGTGGCACATTGACTACCG_001,53
ATGTGGCACATTGACTACCG_002,44
ATGTGGCACATTGACTACCG_003,135
ATGTGGCACATTGACTACCG_004,11
ATGTGGCACATTGACTACCG_005,39
ATGTGGCACATTGACTACCG_006,103
ATGTGGCACATTGACTACCG_007,191
ATGTGGCACATTGACTACCG_008,191
ATGTGGCACATTGACTACCG_009,36
ATGTGGCACATTGACTACCG_010,175
ATGTGGCACATTGACTACCG_011,65
CCAGCTGATAAATGAGAGCG_001,127
CCAGCTGATAAATGAGAGCG_002,33
CCAGCTGATAAATGAGAGCG_003,56
CCAGCTGATAAATGAGAGCG_004,69
CCAGCTGATAAATGAGAGCG_005,125
CCAGCTGATAAATGAGAGCG_006,116
CCAGCTGATAAATGAGAGCG_007,159
CCAGCTGATAAATGAGAGCG_008,50
CCAGCTGATAAATGAGAGCG_009,182
CCAGCTGATAAATGAGAGCG_010,76
CCAGCTGATAAATGAGAGCG_011,102
CCAGCTGATAAATGAGAGCG_012,12
CCAGCTGATAAATGAGAGCG_013,161
CCAGCTGATAAATGAGAGCG_014,177
GCAGAGCCTGGAGCTCGTTG_001,119
GCAGAGCCTGGAGCTCGTTG_002,66
TATGCATTCGGATGTGAACA_001,16
TATGCATTCGGATGTGAACA_002,169
TCACGGGCATGTGTCCGACG_001,128
TCACGGGCATGTGTCCGACG_002,48
TCACGGGCATGTGTCCGACG_003,161
TTACAAGTGTGTTGATGGCA_001,137
TTACAAGTGTGTTGATGGCA_002,169
TTACAAGTGTGTTGATGGCA_003,177
TTACAAGTGTGTTGATGGCA_004,4
TTACAAGTGTGTTGATGGCA_005,15
TTACAAGTGTGTTGATGGCA_006,80
TTACAAGTGTGTTGATGGCA_007,27
TTACAAGTGTGTTGATGGCA_008,133
TTACAAGTGTGTTGATGGCA_009,68
TTACAAGTGTGTTGATGGCA_010,58
TTACAAGTGTGTTGATGGCA_011,88
TTACAAGTGTGTTGATGGCA_012,2
TTACAAGTGTGTTGATGGCA_013,49
TTACAAGTGTGTTGATGGCA_014,29
CTTAATATGCAAGACTCTCA_001,122
CTTAATATGCAAGACTCTCA_002,77
CTTAATATGCAAGACTCTCA_003,33
CTTAATATGCAAGACTCTCA_004,130
GTAGAGCGCTAAGGGATGTG_001,17
GTAGAGCGCTAAGGGATGTG_002,127
GTAGAGCGCTAAGGGATGTG_003,177
GTAGAGCGCTAAGGGATGTG_004,50
GTAGAGCGCTAAGGGATGTG_005,132
GTAGAGCGCTAAGGGATGTG_006,154
GTAGAGCGCTAAGGGATGTG_007,154
GTAGAGCGCTAAGGGATGTG_008,1
GTAGAGCGCTAAGGGATGTG_009,137
GTAGAGCGCTAAGGGATGTG_010,121
GTAGAGCGCTAAGGGATGTG_011,162
GTAGAGCGCTAAGGGATGTG_012,9
GTAGAGCGCTAAGGGATGTG_013,83
GTAGAGCGCTAAGGGATGTG_014,81
GTAGAGCGCTAAGGGATGTG_015,37
GTAGAGCGCTAAGGGATGTG_016,115
GTAGAGCGCTAAGGGATGTG_017,88
GTAGAGCGCTAAGGGATGTG_018,121
GTAGAGCGCTAAGGGATGTG_019,192
GTAGAGCGCTAAGGGATGTG_020,150
GTAGAGCGCTAAGGGATGTG_021,88
GTAGAGCGCTAAGGGATGTG_022,100
GTAGAGCGCTAAGGGATGTG_023,121
TTTGAGCTTGCCATTCAGAG_001,29
TTTGAGCTTGCCATTCAGAG_002,78
ACAATGCGAGTGTCACACAA_001,14
ACAATGCGAGTGTCACACAA_002,1
ACAATGCGAGTGTCACACAA_003,145
ACAATGCGAGTGTCACACAA_004,178
ACAATGCGAGTGTCACACAA_005,6
ACAATGCGAGTGTCACACAA_006,23
ACAATGCGAGTGTCACACAA_007,178
ACAATGCGAGTGTCACACAA_008,74
ACAATGCGAGTGTCACACAA_009,35
ACAATGCGAGTGTCACACAA_010,39
ACAATGCGAGTGTCACACAA_011,70
ACAATGCGAGTGTCACACAA_012,68
ACAATGCGAGTGTCACACAA_013,156
ACAATGCGAGTGTCACACAA_014,63
ACAATGCGAGTGTCACACAA_015,73
ACAATGCGAGTGTCACACAA_016,7
ACAATGCGAGTGTCACACAA_017,69
ACAATGCGAGTGTCACACAA_018,124
ACAATGCGAGTGTCACACAA_019,73
ACAATGCGAGTGTCACACAA_020,130
ACAATGCGAGTGTCACACAA_021,81
ACAATGCGAGTGTCACACAA_022,198
TCCTGCTGGATCTTAATGGT_001,149
TCCTGCTGGATCTTAATGGT_002,101
TCCTGCTGGATCTTAATGGT_003,9
TCCTGCTGGATCTTAATGGT_004,26
TGAAGAGGTTAACTGTGCCG_001,152
TGAAGAGGTTAACTGTGCCG_002,197
TGAAGAGGTTAACTGTGCCG_003,18
TGAAGAGGTTAACTGTGCCG_004,137
GGTATCAAAGATATCAACAC_001,176
GGTATCAAAGATATCAACAC_002,130
CCAGATGGCAACAACCACAG_001,195
CCAGATGGCAACAACCACAG_002,40
CCAGATGGCAACAACCACAG_003,82
CCAGATGGCAACAACCACAG_004,15
CCAGATGGCAACAACCACAG_005,176
CCAGATGGCAACAACCACAG_006,152
CCAGATGGCAACAACCACAG_007,103
CCAGATGGCAACAACCACAG_008,141
CCAGATGGCAACAACCACAG_009,113
CCAGATGGCAACAACCACAG_010,49
CCAGATGGCAACAACCACAG_011,120
CCAGATGGCAACAACCACAG_012,28
CCAGATGGCAACAACCACAG_013,12
CCAGATGGCAACAACCACAG_014,150
CCAGATGGCAACAACCACAG_015,149
CCAGATGGCAACAACCACAG_016,163
CCAGATGGCAACAACCACAG_017,80
CCAGATGGCAACAACCACAG_018,101
CCAGATGGCAACAACCACAG_019,33
CCAGATGGCAACAACCACAG_020,101
CCAGATGGCAACAACCACAG_021,67
CCAGATGGCAACAACCACAG_022,65
CCAGATGGCAACAACCACAG_023,15
CCAGATGGCAACAACCACAG_024,33
CCAGATGGCAACAACCACAG_025,113
CCAGATGGCAACAACCACAG_026,8
CCAGATGGCAACAACCACAG_027,147
CCAGATGGCAACAACCACAG_028,158
CCAGATGGCAACAACCACAG_029,63
CCAGATGGCAACAACCACAG_030,58
CCAGATGGCAACAACCACAG_031,76
CCAGATGGCAACAACCACAG_032,147
CCAGATGGCAACAACCACAG_033,52
GCAGCGAACCCGATACACCG_001,41
GCAGCGAACCCGATACACCG_002,127
GCAGCGAACCCGATACACCG_003,88
GCAGCGAACCCGATACACCG_004,102
GCAGCGAACCCGATACACCG_005,162
GCAGCGAACCCGATACACCG_006,172
GCAGCGAACCCGATACACCG_007,172
GCAGCGAACCCGATACACCG_008,168
GCAGCGAACCCGATACACCG_009,72
GCAGCGAACCCGATACACCG_010,23
GCAGCGAACCCGATACACCG_011,29
GCAGCGAACCCGATACACCG_012,63
GCAGCGAACCCGATACACCG_013,105
GCAGCGAACCCGATACACCG_014,68
GCAGCGAACCCGATACACCG_015,62
GGGGGAGCAGTGTAGGGACA_001,69
GGGGGAGCAGTGTAGGGACA_002,112
GGGGGAGCAGTGTAGGGACA_003,176
GGGGGAGCAGTGTAGGGACA_004,102
GGGGGAGCAGTGTAGGGACA_005,90
GGGGGAGCAGTGTAGGGACA_006,174
GGGGGAGCAGTGTAGGGACA_007,58
GGGGGAGCAGTGTAGGGACA_008,59
GGGGGAGCAGTGTAGGGACA_009,2
GGGGGAGCAGTGTAGGGACA_010,115
GGGGGAGCAGTGTAGGGACA_011,94
CATGCTCTTCGAGAAGTGCG_001,8
CATGCTCTTCGAGAAGTGCG_002,40
CATGCTCTTCGAGAAGTGCG_003,19
CATGCTCTTCGAGAAGTGCG_004,10
CATGCTCTTCGAGAAGTGCG_005,14
CATGCTCTTCGAGAAGTGCG_006,148
CGCACGACTTGATGGCGTTG_001,68
CGCACGACTTGATGGCGTTG_002,30
CGCACGACTTGATGGCGTTG_003,176
CGCACGACTTGATGGCGTTG_004,28
CGCACGACTTGATGGCGTTG_005,126
AAGTGGAAACTGGATACCTC_001,58
AAGTGGAAACTGGATACCTC_002,113
AAGTGGAAACTGGATACCTC_003,82
AAGTGGAAACTGGATACCTC_004,107
AAGTGGAAACTGGATACCTC_005,36
AAGTGGAAACTGGATACCTC_006,110
AAGTGGAAACTGGATACCTC_007,145
AAGTGGAAACTGGATACCTC_008,175
AAGTGGAAACTGGATACCTC_009,125
AAGTGGAAACTGGATACCTC_010,49
AAGTGGAAACTGGATACCTC_011,169
AAGTGGAAACTGGATACCTC_012,52
AAGTGGAAACTGGATACCTC_013,27
AAGTGGAAACTGGATACCTC_014,77
AAGTGGAAACTGGATACCTC_015,151
AAGTGGAAACTGGATACCTC_016,133
AAGTGGAAACTGGATACCTC_017,115
CCGAGGAGCGCATGTCACAC_001,122
CCGAGGAGCGCATGTCACAC_002,81
CCGAGGAGCGCATGTCACAC_003,37
CCGAGGAGCGCATGTCACAC_004,84
CCGAGGAGCGCATGTCACAC_005,28
CCGAGGAGCGCATGTCACAC_006,40
CCGAGGAGCGCATGTCACAC_007,150
CCGAGGAGCGCATGTCACAC_008,62
CCGAGGAGCGCATGTCACAC_009,147
CCGAGGAGCGCATGTCACAC_010,82
CCGAGGAGCGCATGTCACAC_011,140
CCGAGGAGCGCATGTCACAC_012,52
CCGAGGAGCGCATGTCACAC_013,145
CCGAGGAGCGCATGTCACAC_014,197
CCGAGGAGCGCATGTCACAC_015,35
CCGAGGAGCGCATGTCACAC_016,47
CCGAGGAGCGCATGTCACAC_017,148
CCGAGGAGCGCATGTCACAC_018,1
CCGAGGAGCGCATGTCACAC_019,1
CTTTGACCAGATGAACGGAG_001,115
CTTTGACCAGATGAACGGAG_002,109
CTTTGACCAGATGAACGGAG_003,149
CTTTGACCAGATGAACGGAG_004,114
CTTTGACCAGATGAACGGAG_005,17
CTTTGACCAGATGAACGGAG_006,91
TCTACAAATCAACGCCGACA_001,78
TCTACAAATCAACGCCGACA_002,130
TCTACAAATCAACGCCGACA_003,184
TCTACAAATCAACGCCGACA_004,74
TCTACAAATCAACGCCGACA_005,55
TCTACAAATCAACGCCGACA_006,169
TCTACAAATCAACGCCGACA_007,138
GAAGTGCGCGTCATCCACGG_001,76
GAAGTGCGCGTCATCCACGG_002,65
GAAGTGCGCGTCATCCACGG_003,71
GAAGTGCGCGTCATCCACGG_004,188
GAAGTGCGCGTCATCCACGG_005,49
GAAGTGCGCGTCATCCACGG_006,192
GAAGTGCGCGTCATCCACGG_007,43
GAAGTGCGCGTCATCCACGG_008,174
GAAGTGCGCGTCATCCACGG_009,18
CTTCTGTGACGACAGTACCC_001,181
GGAAACAGTCCACCTGATGT_001,194
GGAAACAGTCCACCTGATGT_002,150
GGAAACAGTCCACCTGATGT_003,88
GGAAACAGTCCACCTGATGT_004,152
GGAAACAGTCCACCTGATGT_005,113
GGAAACAGTCCACCTGATGT_006,121
GGAAACAGTCCACCTGATGT_007,190
GGAAACAGTCCACCTGATGT_008,123
GGAAACAGTCCACCTGATGT_009,61
GGAAACAGTCCACCTGATGT_010,142
GGAAACAGTCCACCTGATGT_011,47
GGAAACAGTCCACCTGATGT_012,63
GGAAACAGTCCACCTGATGT_013,37
GGAAACAGTCCACCTGATGT_014,192
TAAATCTGCTGTCTTGCGCA_001,12
TAAATCTGCTGTCTTGCGCA_002,158
TAAATCTGCTGTCTTGCGCA_003,3
TCAAACGGGAGATCTCTGGT_001,161
TCAAACGGGAGATCTCTGGT_002,184
TCAAACGGGAGATCTCTGGT_003,105
TCAAACGGGAGATCTCTGGT_004,108
TGACAACATGACCTTTGAGG_001,17
TGGTGCTGTTGGTGCGACGC_001,62
TGGTGCTGTTGGTGCGACGC_002,165
TGGTGCTGTTGGTGCGACGC_003,81
TGGTGCTGTTGGTGCGACGC_004,42
TGGTGCTGTTGGTGCGACGC_005,156
TGGTGCTGTTGGTGCGACGC_006,198
TGGTGCTGTTGGTGCGACGC_007,176
TGGTGCTGTTGGTGCGACGC_008,176
TGGTGCTGTTGGTGCGACGC_009,137
TGGTGCTGTTGGTGCGACGC_010,197
TGGTGCTGTTGGTGCGACGC_011,48
TGGTGCTGTTGGTGCGACGC_012,78
TGGTGCTGTTGGTGCGACGC_013,127
TGGTGCTGTTGGTGCGACGC_014,149
TGGTGCTGTTGGTGCGACGC_015,106
TGGTGCTGTTGGTGCGACGC_016,25
CGGCGTCTAGCTCGGCGTGG_001,173
CGGCGTCTAGCTCGGCGTGG_002,76
CGGCGTCTAGCTCGGCGTGG_003,184
CGGCGTCTAGCTCGGCGTGG_004,182
CGGCGTCTAGCTCGGCGTGG_005,170
CGGCGTCTAGCTCGGCGTGG_006,142
CGGCGTCTAGCTCGGCGTGG_007,15
CGGCGTCTAGCTCGGCGTGG_008,188
CGGCGTCTAGCTCGGCGTGG_009,94
GTTATGACTTACACAGTGTG_001,43
GTTATGACTTACACAGTGTG_002,169
GTTATGACTTACACAGTGTG_003,108
GTTATGACTTACACAGTGTG_004,32
GTTATGACTTACACAGTGTG_005,65
GTTATGACTTACACAGTGTG_006,60
TCGCTTCAGGCCTGGAAACG_001,179
TCGCTTCAGGCCTGGAAACG_002,179
TCGCTTCAGGCCTGGAAACG_003,103
TCGCTTCAGGCCTGGAAACG_004,188
TCGCTTCAGGCCTGGAAACG_005,16
TCGCTTCAGGCCTGGAAACG_006,9
TCGCTTCAGGCCTGGAAACG_007,97
TCGCTTCAGGCCTGGAAACG_008,94
TCGCTTCAGGCCTGGAAACG_009,103
TCGCTTCAGGCCTGGAAACG_010,36
TCGCTTCAGGCCTGGAAACG_011,88
TCGCTTCAGGCCTGGAAACG_012,187
TCGCTTCAGGCCTGGAAACG_013,98
TCGCTTCAGGCCTGGAAACG_014,97
TCGCTTCAGGCCTGGAAACG_015,21
CGGGCCCTTCTCATACACGG_001,188
CGGGCCCTTCTCATACACGG_002,125
CGGGCCCTTCTCATACACGG_003,113
CGGGCCCTTCTCATACACGG_004,141
CGGGCCCTTCTCATACACGG_005,36
CGGGCCCTTCTCATACACGG_006,56
CGGGCCCTTCTCATACACGG_007,129
CGGGCCCTTCTCATACACGG_008,108
TGTGCTTCCATCAAATGGCA_001,155
TGTGCTTCCATCAAATGGCA_002,123
TGTGCTTCCATCAAATGGCA_003,53
TGTGCTTCCATCAAATGGCA_004,127
TGTGCTTCCATCAAATGGCA_005,137
TGTGCTTCCATCAAATGGCA_006,43
TGTGCTTCCATCAAATGGCA_007,6
TGTGCTTCCATCAAATGGCA_008,140
TGTGCTTCCATCAAATGGCA_009,199
TGTGCTTCCATCAAATGGCA_010,168
TGTGCTTCCATCAAATGGCA_011,1
TGTGCTTCCATCAAATGGCA_012,76
TGTGCTTCCATCAAATGGCA_013,146
TGTGCTTCCATCAAATGGCA_014,76
TGTGCTTCCATCAAATGGCA_015,178
TGTGCTTCCATCAAATGGCA_016,1
TGTGCTTCCATCAAATGGCA_017,195
TGTGCTTCCATCAAATGGCA_018,1
TGTGCTTCCATCAAATGGCA_019,175
TGTGCTTCCATCAAATGGCA_020,94
TGTGCTTCCATCAAATGGCA_021,14
TGTGCTTCCATCAAATGGCA_022,153
TGTGCTTCCATCAAATGGCA_023,97
TGTGCTTCCATCAAATGGCA_024,119
TGTGCTTCCATCAAATGGCA_025,19
TGTGCTTCCATCAAATGGCA_026,50
TTCATGTTCTCGCGTCAGGA_001,70
TTCATGTTCTCGCGTCAGGA_002,152
TTCATGTTCTCGCGTCAGGA_003,133
GAGATGAAGATGTTTCCAGC_001,147
GAGATGAAGATGTTTCCAGC_002,169
CAGGCGTCAAACAATTCCGG_001,117
CAGGCGTCAAACAATTCCGG_002,82
CAGGCGTCAAACAATTCCGG_003,35
CAGGCGTCAAACAATTCCGG_004,27
CAGGCGTCAAACAATTCCGG_005,128
CAGGCGTCAAACAATTCCGG_006,82
CAGGCGTCAAACAATTCCGG_007,125
CAGGCGTCAAACAATTCCGG_008,174
CAGGCGTCAAACAATTCCGG_009,29
CAGGCGTCAAACAATTCCGG_010,125
AGGCTGACCTCGACACAGAG_001,48
AGGCTGACCTCGACACAGAG_002,8
CACCTGCGACATGTAGCTCA_001,146
CACCTGCGACATGTAGCTCA_002,190
CACCTGCGACATGTAGCTCA_003,60
CACCTGCGACATGTAGCTCA_004,106
GACAGCGCATCCACACTCCA_001,7
GACAGCGCATCCACACTCCA_002,113
GACAGCGCATCCACACTCCA_003,61
GACAGCGCATCCACACTCCA_004,98
GACAGCGCATCCACACTCCA_005,147
GACAGCGCATCCACACTCCA_006,184
GACAGCGCATCCACACTCCA_007,141
GACAGCGCATCCACACTCCA_008,198
GACAGCGCATCCACACTCCA_009,34
TCAAGACCATCGACTTGGAG_001,181
TCAAGACCATCGACTTGGAG_002,35
TCAAGACCATCGACTTGGAG_003,40
TCAAGACCATCGACTTGGAG_004,63
TCAAGACCATCGACTTGGAG_005,22
TCAAGACCATCGACTTGGAG_006,198
TCAAGACCATCGACTTGGAG_007,44
TCAAGACCATCGACTTGGAG_008,72
TCAAGACCATCGACTTGGAG_009,72
CAGGTTCACTCACGCCAAGG_001,133
CAGGTTCACTCACGCCAAGG_002,41
CAGGTTCACTCACGCCAAGG_003,43
GTCTCCCACCGACGTGCTGT_001,6
GTCTCCCACCGACGTGCTGT_002,178
GTCTCCCACCGACGTGCTGT_003,184
GTCTCCCACCGACGTGCTGT_004,150
GTCTCCCACCGACGTGCTGT_005,166
GTCTCCCACCGACGTGCTGT_006,42
GTCTCCCACCGACGTGCTGT_007,69
GTCTCCCACCGACGTGCTGT_008,198
GTCTCCCACCGACGTGCTGT_009,180
GTCTCCCACCGACGTGCTGT_010,27
GTCTCCCACCGACGTGCTGT_011,106
GCCTGATTCGGAACACTCGG_001,171
GCCTGATTCGGAACACTCGG_002,88
GCCTGATTCGGAACACTCGG_003,17
GCCTGATTCGGAACACTCGG_004,102
GCCTGATTCGGAACACTCGG_005,50
GCCTGATTCGGAACACTCGG_006,147
GCCTGATTCGGAACACTCGG_007,160
GCCTGATTCGGAACACTCGG_008,170
GCCTGATTCGGAACACTCGG_009,116
GCCTGATTCGGAACACTCGG_010,91
GCCTGATTCGGAACACTCGG_011,162
GCCTGATTCGGAACACTCGG_012,17
GCCTGATTCGGAACACTCGG_013,103
GCCTGATTCGGAACACTCGG_014,62
GCCTGATTCGGAACACTCGG_015,46
TGACGTTAAATGCTGCACAC_001,117
TGACGTTAAATGCTGCACAC_002,62
TGACGTTAAATGCTGCACAC_003,158
TGACGTTAAATGCTGCACAC_004,130
TGACGTTAAATGCTGCACAC_005,149
TGACGTTAAATGCTGCACAC_006,182
TGACGTTAAATGCTGCACAC_007,125
TGACGTTAAATGCTGCACAC_008,41
TGACGTTAAATGCTGCACAC_009,93
TGACGTTAAATGCTGCACAC_010,77
TGACGTTAAATGCTGCACAC_011,193
TGACGTTAAATGCTGCACAC_012,41
TGACGTTAAATGCTGCACAC_013,158
TGACGTTAAATGCTGCACAC_014,184
TGACGTTAAATGCTGCACAC_015,184
ACACCACTCCCAGTCAACGG_001,157
ACACCACTCCCAGTCAACGG_002,10
ACACCACTCCCAGTCAACGG_003,136
ACACCACTCCCAGTCAACGG_004,106
ACACCACTCCCAGTCAACGG_005,150
ACACCACTCCCAGTCAACGG_006,118
ACACCACTCCCAGTCAACGG_007,96
ACACCACTCCCAGTCAACGG_008,4
ACACCACTCCCAGTCAACGG_009,192
ACACCACTCCCAGTCAACGG_010,70
ACACCACTCCCAGTCAACGG_011,62
ACACCACTCCCAGTCAACGG_012,174
ACACCACTCCCAGTCAACGG_013,32
ACACCACTCCCAGTCAACGG_014,113
ACACCACTCCCAGTCAACGG_015,117
ACACCACTCCCAGTCAACGG_016,45
ACACCACTCCCAGTCAACGG_017,3
ACACCACTCCCAGTCAACGG_018,58
ACACCACTCCCAGTCAACGG_019,100
ACACCACTCCCAGTCAACGG_020,198
ACACCACTCCCAGTCAACGG_021,104
CATCTCTCAGAAGTTTGGAG_001,39
CATCTCTCAGAAGTTTGGAG_002,105
CATCTCTCAGAAGTTTGGAG_003,97
CAGGTACATTATGACATGCA_001,161
ACTGCTGGGCTGCGAAAGGC_001,58
ACTGCTGGGCTGCGAAAGGC_002,112
ACTGCTGGGCTGCGAAAGGC_003,168
ACTGCTGGGCTGCGAAAGGC_004,50
ACTGCTGGGCTGCGAAAGGC_005,106
ACTGCTGGGCTGCGAAAGGC_006,165
ACTGCTGGGCTGCGAAAGGC_007,5
ACTGCTGGGCTGCGAAAGGC_008,165
ACTGCTGGGCTGCGAAAGGC_009,83
ACTGCTGGGCTGCGAAAGGC_010,83
ACTGCTGGGCTGCGAAAGGC_011,138
ACTGCTGGGCTGCGAAAGGC_012,56
ACTGCTGGGCTGCGAAAGGC_013,37
ACTGCTGGGCTGCGAAAGGC_014,42
ACTGCTGGGCTGCGAAAGGC_015,6
ACTGCTGGGCTGCGAAAGGC_016,83
ACTGCTGGGCTGCGAAAGGC_017,112
ACTGCTGGGCTGCGAAAGGC_018,112
ACTGCTGGGCTGCGAAAGGC_019,44
ACTGCTGGGCTGCGAAAGGC_020,163
ACTGCTGGGCTGCGAAAGGC_021,118
ACTGCTGGGCTGCGAAAGGC_022,112
ACTGCTGGGCTGCGAAAGGC_023,56
ACTGCTGGGCTGCGAAAGGC_024,108
ACTGCTGGGCTGCGAAAGGC_025,75
ACTGCTGGGCTGCGAAAGGC_026,142
ACTGCTGGGCTGCGAAAGGC_027,52
ACTGCTGGGCTGCGAAAGGC_028,32
CTTCACCAACAGCTACCGGA_001,150
CTTCACCAACAGCTACCGGA_002,70
CTTCACCAACAGCTACCGGA_003,55
CTTCACCAACAGCTACCGGA_004,158
CTTCACCAACAGCTACCGGA_005,134
CTTCACCAACAGCTACCGGA_006,36
CTTCACCAACAGCTACCGGA_007,177
CTTCACCAACAGCTACCGGA_008,78
CTTCACCAACAGCTACCGGA_009,56
CTTCACCAACAGCTACCGGA_010,113
CTTCACCAACAGCTACCGGA_011,107
AGGACGGGGACAAGTTCTGG_001,153
AGGACGGGGACAAGTTCTGG_002,0
AGGACGGGGACAAGTTCTGG_003,65
CCAACCTGAGAACACACCAG_001,127
CCAACCTGAGAACACACCAG_002,106
CCAACCTGAGAACACACCAG_003,191
CCAACCTGAGAACACACCAG_004,160
CCAACCTGAGAACACACCAG_005,117
CCAACCTGAGAACACACCAG_006,147
CCAACCTGAGAACACACCAG_007,65
CCAACCTGAGAACACACCAG_008,60
CCAACCTGAGAACACACCAG_009,81
CCAACCTGAGAACACACCAG_010,64
CCAACCTGAGAACACACCAG_011,137
CCAACCTGAGAACACACCAG_012,11
CCAACCTGAGAACACACCAG_013,196
CCAACCTGAGAACACACCAG_014,87
CCAACCTGAGAACACACCAG_015,183
CCAACCTGAGAACACACCAG_016,73
CCAACCTGAGAACACACCAG_017,119
CCAACCTGAGAACACACCAG_018,123
CCAACCTGAGAACACACCAG_019,3
TGTCTTGAGATCATCCGCTG_001,77
TGTCTTGAGATCATCCGCTG_002,169
TGTCTTGAGATCATCCGCTG_003,28
TGTCTTGAGATCATCCGCTG_004,170
TGTCTTGAGATCATCCGCTG_005,158
TGTCTTGAGATCATCCGCTG_006,162
TGTCTTGAGATCATCCGCTG_007,76
TGTCTTGAGATCATCCGCTG_008,183
TGTCTTGAGATCATCCGCTG_009,145
TGTCTTGAGATCATCCGCTG_010,87
TGTCTTGAGATCATCCGCTG_011,43
TGTCTTGAGATCATCCGCTG_012,107
TATCCTGGATGATTCGCCAA_001,78
TATCCTGGATGATTCGCCAA_002,9
TATCCTGGATGATTCGCCAA_003,54
TATCCTGGATGATTCGCCAA_004,140
TATCCTGGATGATTCGCCAA_005,76
TATCCTGGATGATTCGCCAA_006,65
TATCCTGGATGATTCGCCAA_007,126
TATCCTGGATGATTCGCCAA_008,132
TATCCTGGATGATTCGCCAA_009,125
GCCAGCCTCCCACCGCAAGG_001,188
GCCAGCCTCCCACCGCAAGG_002,10
GCCAGCCTCCCACCGCAAGG_003,49
GCCAGCCTCCCACCGCAAGG_004,105
GCCAGCCTCCCACCGCAAGG_005,148
GCCAGCCTCCCACCGCAAGG_006,183
GCCAGCCTCCCACCGCAAGG_007,193
GCCAGCCTCCCACCGCAAGG_008,181
GCCAGCCTCCCACCGCAAGG_009,41
GCCAGCCTCCCACCGCAAGG_010,68
GCCAGCCTCCCACCGCAAGG_011,3
GCCAGCCTCCCACCGCAAGG_012,119
GCCAGCCTCCCACCGCAAGG_013,2
GCCAGCCTCCCACCGCAAGG_014,162
GCCAGCCTCCCACCGCAAGG_015,11
GCCAGCCTCCCACCGCAAGG_016,150
GCCAGCCTCCCACCGCAAGG_017,48
GCCAGCCTCCCACCGCAAGG_018,34
GCCAGCCTCCCACCGCAAGG_019,112
GCCAGCCTCCCACCGCAAGG_020,63
GCCAGCCTCCCACCGCAAGG_021,188
GCCAGCCTCCCACCGCAAGG_022,117
GCCAGCCTCCCACCGCAAGG_023,57
GCCAGCCTCCCACCGCAAGG_024,130
GCCAGCCTCCCACCGCAAGG_025,81
GCCAGCCTCCCACCGCAAGG_026,148
GCCAGCCTCCCACCGCAAGG_027,48
GCCAGCCTCCCACCGCAAGG_028,62
GCCAGCCTCCCACCGCAAGG_029,170
GCCAGCCTCCCACCGCAAGG_030,102
GCCAGCCTCCCACCGCAAGG_031,70
GCCAGCCTCCCACCGCAAGG_032,106
GCCAGCCTCCCACCGCAAGG_033,60
GCCAGCCTCCCACCGCAAGG_034,76
AGAGCACAGCGATGAGCGCG_001,137
AGAGCACAGCGATGAGCGCG_002,94
AGAGCACAGCGATGAGCGCG_003,169
AGAGCACAGCGATGAGCGCG_004,87
AGAGCACAGCGATGAGCGCG_005,84
AGAGCACAGCGATGAGCGCG_006,124
AGAGCACAGCGATGAGCGCG_007,6
AGAGCACAGCGATGAGCGCG_008,33
AGAGCACAGCGATGAGCGCG_009,166
TTGGCAATATTTCATCTGAA_001,69
CATCACTAACGCCAGCCAGT_001,77
CATCACTAACGCCAGCCAGT_002,62
CATCACTAACGCCAGCCAGT_003,8
CATCACTAACGCCAGCCAGT_004,115
CATCACTAACGCCAGCCAGT_005,66
CATCACTAACGCCAGCCAGT_006,154
CATCACTAACGCCAGCCAGT_007,142
CATCACTAACGCCAGCCAGT_008,62
CATCACTAACGCCAGCCAGT_009,5
CATCACTAACGCCAGCCAGT_010,152
CATCACTAACGCCAGCCAGT_011,181
CATCACTAACGCCAGCCAGT_012,100
CATCACTAACGCCAGCCAGT_013,30
CATCACTAACGCCAGCCAGT_014,165
CATCACTAACGCCAGCCAGT_015,93
ACATTACGGAAATGTCAACG_001,137
ACATTACGGAAATGTCAACG_002,94
ACATTACGGAAATGTCAACG_003,175
ACATTACGGAAATGTCAACG_004,19
ACATTACGGAAATGTCAACG_005,192
ACATTACGGAAATGTCAACG_006,38
CAGATCACCAGTGATAAGGT_001,70
CAGATCACCAGTGATAAGGT_002,172
CAGATGTCCCGGGAGTTCCG_001,51
CAGATGTCCCGGGAGTTCCG_002,74
CAGATGTCCCGGGAGTTCCG_003,17
CAGATGTCCCGGGAGTTCCG_004,78
CAGATGTCCCGGGAGTTCCG_005,28
CAGATGTCCCGGGAGTTCCG_006,183
CAGTATTCACTAACATTCAA_001,54
CAGTATTCACTAACATTCAA_002,127
CAGTATTCACTAACATTCAA_003,192
CAGTATTCACTAACATTCAA_004,94
CAGTATTCACTAACATTCAA_005,10
CAGTATTCACTAACATTCAA_006,144
CAGTATTCACTAACATTCAA_007,175
CAGTATTCACTAACATTCAA_008,116
GACTCCTGACTATAGCCCTA_001,139
GACTCCTGACTATAGCCCTA_002,94
GACTCCTGACTATAGCCCTA_003,4
GACTCCTGACTATAGCCCTA_004,88
GACTCCTGACTATAGCCCTA_005,1
GACTCCTGACTATAGCCCTA_006,141
GACTCCTGACTATAGCCCTA_007,158
GACTCCTGACTATAGCCCTA_008,61
GACTCCTGACTATAGCCCTA_009,174
GACTCCTGACTATAGCCCTA_010,106
GACTCCTGACTATAGCCCTA_011,66
TCGATTTGTACAAGTCAGCG_001,20
TCGATTTGTACAAGTCAGCG_002,78
TCGATTTGTACAAGTCAGCG_003,184
TCGATTTGTACAAGTCAGCG_004,77
TCGATTTGTACAAGTCAGCG_005,177
TCGATTTGTACAAGTCAGCG_006,101
TCGATTTGTACAAGTCAGCG_007,86
TCGATTTGTACAAGTCAGCG_008,48
TCGATTTGTACAAGTCAGCG_009,90
TCGATTTGTACAAGTCAGCG_010,90
TCGATTTGTACAAGTCAGCG_011,147
CGGCTGGATCTAGACGGCAA_001,158
CGGCTGGATCTAGACGGCAA_002,57
CGGCTGGATCTAGACGGCAA_003,162
CGGCTGGATCTAGACGGCAA_004,6
CGGCTGGATCTAGACGGCAA_005,130
CGGCTGGATCTAGACGGCAA_006,55
CGGCTGGATCTAGACGGCAA_007,105
CGGCTGGATCTAGACGGCAA_008,76
CGGCTGGATCTAGACGGCAA_009,141
CGGCTGGATCTAGACGGCAA_010,63
CGGCTGGATCTAGACGGCAA_011,41
CGGCTGGATCTAGACGGCAA_012,133
CGGCTGGATCTAGACGGCAA_013,42
CGGCTGGATCTAGACGGCAA_014,57
CGGCTGGATCTAGACGGCAA_015,113
CGGCTGGATCTAGACGGCAA_016,11
CGGCTGGATCTAGACGGCAA_017,127
CGGCTGGATCTAGACGGCAA_018,12
CGGCTGGATCTAGACGGCAA_019,168
CGGCTGGATCTAGACGGCAA_020,39
CGGCTGGATCTAGACGGCAA_021,19
CGGCTGGATCTAGACGGCAA_022,63
CGTGTACAAGAACTGCAACG_001,103
CGTGTACAAGAACTGCAACG_002,149
CGTGTACAAGAACTGCAACG_003,29
CGTGTACAAGAACTGCAACG_004,42
CGTGTACAAGAACTGCAACG_005,148
CGTGTACAAGAACTGCAACG_006,52
CGTGTACAAGAACTGCAACG_007,178
AGCATGAAAGAACGTGAGCA_001,3
AGCATGAAAGAACGTGAGCA_002,105
AGCATGAAAGAACGTGAGCA_003,108
AGCATGAAAGAACGTGAGCA_004,166
AGCATGAAAGAACGTGAGCA_005,97
AGCATGAAAGAACGTGAGCA_006,63
AGGTGTTTGCCATTCCCGGT_001,189
AGGTGTTTGCCATTCCCGGT_002,112
AGGTGTTTGCCATTCCCGGT_003,133
AGGTGTTTGCCATTCCCGGT_004,144
AGGTGTTTGCCATTCCCGGT_005,144
AGGTGTTTGCCATTCCCGGT_006,169
AGGTGTTTGCCATTCCCGGT_007,130
AGGTGTTTGCCATTCCCGGT_008,127
GGCACTCCGAAAGACCTTAT_001,146
GGCACTCCGAAAGACCTTAT_002,94
GGCACTCCGAAAGACCTTAT_003,76
GGCACTCCGAAAGACCTTAT_004,146
GGCACTCCGAAAGACCTTAT_005,61
GGCACTCCGAAAGACCTTAT_006,147
GGCACTCCGAAAGACCTTAT_007,83
GGCACTCCGAAAGACCTTAT_008,68
GGCACTCCGAAAGACCTTAT_009,18
GGCACTCCGAAAGACCTTAT_010,60
GGCACTCCGAAAGACCTTAT_011,104
GGCACTCCGAAAGACCTTAT_012,166
GGCACTCCGAAAGACCTTAT_013,32
TTTGCAGCCAAGCCTGACCG_001,192
TTTGCAGCCAAGCCTGACCG_002,98
TTTGCAGCCAAGCCTGACCG_003,181
TTTGCAGCCAAGCCTGACCG_004,92
TTTGCAGCCAAGCCTGACCG_005,184
TTTGCAGCCAAGCCTGACCG_006,71
TTTGCAGCCAAGCCTGACCG_007,107
TTTGCAGCCAAGCCTGACCG_008,144
TTTGCAGCCAAGCCTGACCG_009,44
TTTGCAGCCAAGCCTGACCG_010,159
TTTGCAGCCAAGCCTGACCG_011,5
TTTGCAGCCAAGCCTGACCG_012,198
TTTGCAGCCAAGCCTGACCG_013,40
TTTGCAGCCAAGCCTGACCG_014,111
CATCTTTGTAGTAGGACGCG_001,68
CATCTTTGTAGTAGGACGCG_002,139
CATCTTTGTAGTAGGACGCG_003,48
CATCTTTGTAGTAGGACGCG_004,98
CATCTTTGTAGTAGGACGCG_005,166
CCTTTACAATCTCAGGATCG_001,172
GGCATATTAATGGTGAATTG_001,183
GGCATATTAATGGTGAATTG_002,188
GGCATATTAATGGTGAATTG_003,197
GGCATATTAATGGTGAATTG_004,69
GGCGACGGCTACCGTGCTCA_001,80
GGCGACGGCTACCGTGCTCA_002,190
GGCGACGGCTACCGTGCTCA_003,82
GGCGACGGCTACCGTGCTCA_004,176
TGCAGGTGGGCGCTACATCG_001,138
TGCAGGTGGGCGCTACATCG_002,19
TGCAGGTGGGCGCTACATCG_003,54
TGCAGGTGGGCGCTACATCG_004,182
TGCAGGTGGGCGCTACATCG_005,8
TGCAGGTGGGCGCTACATCG_006,163
TGCAGGTGGGCGCTACATCG_007,145
TGCAGGTGGGCGCTACATCG_008,48
TGCAGGTGGGCGCTACATCG_009,182
TGCAGGTGGGCGCTACATCG_010,66
TCTACACTAAAGCTTTCGGA_001,61
CAGCAAAGGATAGGTAGGCA_001,190
CAGCAAAGGATAGGTAGGCA_002,54
CAGCAAAGGATAGGTAGGCA_003,147
CAGCAAAGGATAGGTAGGCA_004,115
CAGCAAAGGATAGGTAGGCA_005,95
CAGCAAAGGATAGGTAGGCA_006,74
CAGCAAAGGATAGGTAGGCA_007,169
CAGCAAAGGATAGGTAGGCA_008,50
CAGCAAAGGATAGGTAGGCA_009,34
CAGCAAAGGATAGGTAGGCA_010,175
CAGCAAAGGATAGGTAGGCA_011,96
CAGCAAAGGATAGGTAGGCA_012,177
CAGCAAAGGATAGGTAGGCA_013,169
CAGCAAAGGATAGGTAGGCA_014,188
CAGCAAAGGATAGGTAGGCA_015,48
CAGCAAAGGATAGGTAGGCA_016,143
CAGCAAAGGATAGGTAGGCA_017,153
CTCCCTCCATAGGTCATCTG_001,173
GGTTTGTCCGTGATTCTTCG_001,191
GGTTTGTCCGTGATTCTTCG_002,134
GGTTTGTCCGTGATTCTTCG_003,95
GGTTTGTCCGTGATTCTTCG_004,191
GGTTTGTCCGTGATTCTTCG_005,16
GGTTTGTCCGTGATTCTTCG_006,155
CATATCCTTCCCAATAAACA_001,132
CATATCCTTCCCAATAAACA_002,127
CATATCCTTCCCAATAAACA_003,94
CATATCCTTCCCAATAAACA_004,58
CATATCCTTCCCAATAAACA_005,97
GAGTTCTCGTCAACAGCACA_001,20
GAGTTCTCGTCAACAGCACA_002,167
GAGTTCTCGTCAACAGCACA_003,94
GAGTTCTCGTCAACAGCACA_004,176
GAGTTCTCGTCAACAGCACA_005,127
GAGTTCTCGTCAACAGCACA_006,76
GAGTTCTCGTCAACAGCACA_007,60
GAGTTCTCGTCAACAGCACA_008,132
GAGTTCTCGTCAACAGCACA_009,170
GAGTTCTCGTCAACAGCACA_010,180
GAGTTCTCGTCAACAGCACA_011,98
GAGTTCTCGTCAACAGCACA_012,98
GAGTTCTCGTCAACAGCACA_013,168
GAGTTCTCGTCAACAGCACA_014,42
GAGTTCTCGTCAACAGCACA_015,38
GAGTTCTCGTCAACAGCACA_016,38
GAGTTCTCGTCAACAGCACA_017,27
GAGTTCTCGTCAACAGCACA_018,106
GAGTTCTCGTCAACAGCACA_019,68
GAGTTCTCGTCAACAGCACA_020,160
GAGTTCTCGTCAACAGCACA_021,162
GAGTTCTCGTCAACAGCACA_022,149
GAGTTCTCGTCAACAGCACA_023,177
GAGTTCTCGTCAACAGCACA_024,115
GAGTTCTCGTCAACAGCACA_025,30
GAGTTCTCGTCAACAGCACA_026,181
GAGTTCTCGTCAACAGCACA_027,67
GAGTTCTCGTCAACAGCACA_028,104
GAGTTCTCGTCAACAGCACA_029,197
GAGTTCTCGTCAACAGCACA_030,66
TTGACATAGTTGGCCCACCG_001,196
TTGACATAGTTGGCCCACCG_002,132
TTGACATAGTTGGCCCACCG_003,24
TTGACATAGTTGGCCCACCG_004,36
TTGACATAGTTGGCCCACCG_005,183
TTGACATAGTTGGCCCACCG_006,70
TTGACATAGTTGGCCCACCG_007,110
TTGACATAGTTGGCCCACCG_008,94
TTGACATAGTTGGCCCACCG_009,191
TTGACATAGTTGGCCCACCG_010,117
TTGACATAGTTGGCCCACCG_011,83
TTGACATAGTTGGCCCACCG_012,4
TTGACATAGTTGGCCCACCG_013,155
TTGACATAGTTGGCCCACCG_014,75
TTGACATAGTTGGCCCACCG_015,53
TTGACATAGTTGGCCCACCG_016,187
TTGACATAGTTGGCCCACCG_017,81
TTGACATAGTTGGCCCACCG_018,198
TTGACATAGTTGGCCCACCG_019,108
TTGACATAGTTGGCCCACCG_020,130
TTGACATAGTTGGCCCACCG_021,81
TTGACATAGTTGGCCCACCG_022,137
GTGAAGCCGGCATCGTAGTG_001,130
GTGAAGCCGGCATCGTAGTG_002,29
GTGAAGCCGGCATCGTAGTG_003,72
GTGAAGCCGGCATCGTAGTG_004,33
GTGAAGCCGGCATCGTAGTG_005,2
GTGAAGCCGGCATCGTAGTG_006,169
GTGAAGCCGGCATCGTAGTG_007,41
GTGAAGCCGGCATCGTAGTG_008,2
GTGAAGCCGGCATCGTAGTG_009,119
GTGAAGCCGGCATCGTAGTG_010,190
GTGAAGCCGGCATCGTAGTG_011,63
GTGAAGCCGGCATCGTAGTG_012,84
GTGAAGCCGGCATCGTAGTG_013,94
GTGAAGCCGGCATCGTAGTG_014,16
GTGAAGCCGGCATCGTAGTG_015,53
GTGAAGCCGGCATCGTAGTG_016,28
GTGAAGCCGGCATCGTAGTG_017,3
GTGAAGCCGGCATCGTAGTG_018,63
GTGAAGCCGGCATCGTAGTG_019,188
GTGAAGCCGGCATCGTAGTG_020,10
GTGAAGCCGGCATCGTAGTG_021,174
GTGAAGCCGGCATCGTAGTG_022,42
TGATTATAAAGTAGCCCAGA_001,115
TGATTATAAAGTAGCCCAGA_002,48
TGATTATAAAGTAGCCCAGA_003,4
TGATTATAAAGTAGCCCAGA_004,88
TGATTATAAAGTAGCCCAGA_005,108
TGATTATAAAGTAGCCCAGA_006,176
TGATTATAAAGTAGCCCAGA_007,18
TGATTATAAAGTAGCCCAGA_008,9
TGATTATAAAGTAGCCCAGA_009,38
TGATTATAAAGTAGCCCAGA_010,80
TGATTATAAAGTAGCCCAGA_011,111
TGATTATAAAGTAGCCCAGA_012,144
AGCTATGAGAATCGTTCGGA_001,78
AGCTATGAGAATCGTTCGGA_002,191
AGCTATGAGAATCGTTCGGA_003,105
AGCTATGAGAATCGTTCGGA_004,26
AGCTATGAGAATCGTTCGGA_005,70
AGCTATGAGAATCGTTCGGA_006,140
AGCTATGAGAATCGTTCGGA_007,13
AGCTATGAGAATCGTTCGGA_008,37
AGCTATGAGAATCGTTCGGA_009,81
AGCTATGAGAATCGTTCGGA_010,161
AGCTATGAGAATCGTTCGGA_011,194
AGCTATGAGAATCGTTCGGA_012,120
AGCTATGAGAATCGTTCGGA_013,183
AGCTATGAGAATCGTTCGGA_014,159
AGCTATGAGAATCGTTCGGA_015,166
AGCTATGAGAATCGTTCGGA_016,36
AGCTATGAGAATCGTTCGGA_017,142
AGCTATGAGAATCGTTCGGA_018,165
AGCTATGAGAATCGTTCGGA_019,63
CCCGCGAGTACTTGCCGCCG_001,149
CCCGCGAGTACTTGCCGCCG_002,78
CCCGCGAGTACTTGCCGCCG_003,2
CCCGCGAGTACTTGCCGCCG_004,97
CCCGCGAGTACTTGCCGCCG_005,12
CCCGCGAGTACTTGCCGCCG_006,29
CCCGCGAGTACTTGCCGCCG_007,106
CCCGCGAGTACTTGCCGCCG_008,105
CCCGCGAGTACTTGCCGCCG_009,76
CCCGCGAGTACTTGCCGCCG_010,187
GGTTCTTGACTATAGAGGCC_001,139
GGTTCTTGACTATAGAGGCC_002,19
GGTTCTTGACTATAGAGGCC_003,38
GGTTCTTGACTATAGAGGCC_004,6
GGTTCTTGACTATAGAGGCC_005,121
GGTTCTTGACTATAGAGGCC_006,83
GGTTCTTGACTATAGAGGCC_007,148
GGAGATCAGTTTGCAGCGAG_001,1
GGAGATCAGTTTGCAGCGAG_002,145
GGAGATCAGTTTGCAGCGAG_003,80
GGAGATCAGTTTGCAGCGAG_004,158
GGAGATCAGTTTGCAGCGAG_005,144
GGAGATCAGTTTGCAGCGAG_006,10
GGAGATCAGTTTGCAGCGAG_007,15
GGAGATCAGTTTGCAGCGAG_008,177
GGAGATCAGTTTGCAGCGAG_009,169
GGAGATCAGTTTGCAGCGAG_010,69
GGAGATCAGTTTGCAGCGAG_011,32
GGAGATCAGTTTGCAGCGAG_012,113
GGAGATCAGTTTGCAGCGAG_013,141
GGAGATCAGTTTGCAGCGAG_014,41
GGAGATCAGTTTGCAGCGAG_015,41
GGAGATCAGTTTGCAGCGAG_016,63
GGAGATCAGTTTGCAGCGAG_017,82
CAAGCAAACATGTTGAAAAG_001,198
CAAGCAAACATGTTGAAAAG_002,56
CAGAGGAGTCCACACCACAC_001,188
CAGAGGAGTCCACACCACAC_002,172
CAGAGGAGTCCACACCACAC_003,178
CAGAGGAGTCCACACCACAC_004,189
CAGAGGAGTCCACACCACAC_005,189
CAGAGGAGTCCACACCACAC_006,78
CAGAGGAGTCCACACCACAC_007,189
CAGAGGAGTCCACACCACAC_008,109
CAGAGGAGTCCACACCACAC_009,48
CAGAGGAGTCCACACCACAC_010,6
CAGAGGAGTCCACACCACAC_011,6
CAGAGGAGTCCACACCACAC_012,6
AAAAGAAGGACATCGCCGAG_001,0
AAAAGAAGGACATCGCCGAG_002,165
AAAAGAAGGACATCGCCGAG_003,42
AAAAGAAGGACATCGCCGAG_004,123
AAAAGAAGGACATCGCCGAG_005,157
AAAAGAAGGACATCGCCGAG_006,76
AAAAGAAGGACATCGCCGAG_007,144
AAAAGAAGGACATCGCCGAG_008,22
AAAAGAAGGACATCGCCGAG_009,101
AAAAGAAGGACATCGCCGAG_010,16
AAAAGAAGGACATCGCCGAG_011,191
AGAGGGTGTGTGCCTAGCTG_001,17
AGAGGGTGTGTGCCTAGCTG_002,105
AGAGGGTGTGTGCCTAGCTG_003,50
AGAGGGTGTGTGCCTAGCTG_004,191
AGAGGGTGTGTGCCTAGCTG_005,114
ATTGTCTACTTGAACTGACC_001,49
ATTGTCTACTTGAACTGACC_002,76
ATTGTCTACTTGAACTGACC_003,51
ATTGTCTACTTGAACTGACC_004,54
ATTGTCTACTTGAACTGACC_005,28
ATTGTCTACTTGAACTGACC_006,193
CATAACTGGGACTATTGGTG_001,82
CATAACTGGGACTATTGGTG_002,186
CCCTAAAAAGGGTTCTAAGA_001,198
CTGTGACAGAGCTTCCAGCG_001,52
CTGTGACAGAGCTTCCAGCG_002,43
CTGTGACAGAGCTTCCAGCG_003,134
CTGTGACAGAGCTTCCAGCG_004,115
CTGTGACAGAGCTTCCAGCG_005,60
GCTGCAAGATGGATGGCCGC_001,97
GCTGCAAGATGGATGGCCGC_002,9
GCTGCAAGATGGATGGCCGC_003,194
GCTGCAAGATGGATGGCCGC_004,184
GCTGCAAGATGGATGGCCGC_005,197
GCTGCAAGATGGATGGCCGC_006,58
GCTGCAAGATGGATGGCCGC_007,160
GCTGCAAGATGGATGGCCGC_008,130
GCTGCAAGATGGATGGCCGC_009,170
GCTGCAAGATGGATGGCCGC_010,58
GGCTTGGGGTTGATCATGGT_001,107
GGCTTGGGGTTGATCATGGT_002,57
GGCTTGGGGTTGATCATGGT_003,69
GGCTTGGGGTTGATCATGGT_004,105
GGCTTGGGGTTGATCATGGT_005,72
GGCTTGGGGTTGATCATGGT_006,158
GGCTTGGGGTTGATCATGGT_007,143
GGCTTGGGGTTGATCATGGT_008,197
GGCTTGGGGTTGATCATGGT_009,197
GGCTTGGGGTTGATCATGGT_010,141
GGCTTGGGGTTGATCATGGT_011,130
GGCTTGGGGTTGATCATGGT_012,45
GGCTTGGGGTTGATCATGGT_013,36
GGCTTGGGGTTGATCATGGT_014,6
GGCTTGGGGTTGATCATGGT_015,169
GGCTTGGGGTTGATCATGGT_016,68
GGCTTGGGGTTGATCATGGT_017,6
GGCTTGGGGTTGATCATGGT_018,80
GGCTTGGGGTTGATCATGGT_019,34
GGCTTGGGGTTGATCATGGT_020,158
GGCTTGGGGTTGATCATGGT_021,184
ACCAGCACCTCTACCCACGG_001,38
ACCAGCACCTCTACCCACGG_002,137
ACCAGCACCTCTACCCACGG_003,33
ACCAGCACCTCTACCCACGG_004,33
ACCAGCACCTCTACCCACGG_005,108
ACCAGCACCTCTACCCACGG_006,55
ACCAGCACCTCTACCCACGG_007,129
ACCAGCACCTCTACCCACGG_008,8
ACCAGCACCTCTACCCACGG_009,161
ACCAGCACCTCTACCCACGG_010,193
ACCAGCACCTCTACCCACGG_011,137
ACCAGCACCTCTACCCACGG_012,193
ACCAGCACCTCTACCCACGG_013,44
ACCAGCACCTCTACCCACGG_014,17
ACCAGCACCTCTACCCACGG_015,5
ACCAGCACCTCTACCCACGG_016,169
ACCAGCACCTCTACCCACGG_017,98
ACCAGCACCTCTACCCACGG_018,30
ACCAGCACCTCTACCCACGG_019,38
ACCAGCACCTCTACCCACGG_020,15
ACCAGCACCTCTACCCACGG_021,19
ACCAGCACCTCTACCCACGG_022,134
ACCAGCACCTCTACCCACGG_023,136
ACCAGCACCTCTACCCACGG_024,84
ACCAGCACCTCTACCCACGG_025,178
ACCAGCACCTCTACCCACGG_026,91
ACCAGCACCTCTACCCACGG_027,146
ACCAGCACCTCTACCCACGG_028,34
ACCAGCACCTCTACCCACGG_029,166
GGCTAAACCAGCAGACCCGT_001,165
GGCTAAACCAGCAGACCCGT_002,168
TCCACTATTTCGCTACACGG_001,76
TCCACTATTTCGCTACACGG_002,159
TCCACTATTTCGCTACACGG_003,172
TTGTTGCTAGGTAGCCTGAG_001,48
TTGTTGCTAGGTAGCCTGAG_002,146
TTGTTGCTAGGTAGCCTGAG_003,113
TTGTTGCTAGGTAGCCTGAG_004,45
TTGTTGCTAGGTAGCCTGAG_005,8
TTGTTGCTAGGTAGCCTGAG_006,169
TTGTTGCTAGGTAGCCTGAG_007,139
TTGTTGCTAGGTAGCCTGAG_008,192
TTGTTGCTAGGTAGCCTGAG_009,48
TTGTTGCTAGGTAGCCTGAG_010,130
TTGTTGCTAGGTAGCCTGAG_011,146
TTGTTGCTAGGTAGCCTGAG_012,82
TTGTTGCTAGGTAGCCTGAG_013,153
CAAAAGGAAGCTGCAGATCG_001,137
CAAAAGGAAGCTGCAGATCG_002,70
CAAAAGGAAGCTGCAGATCG_003,177
CAAAAGGAAGCTGCAGATCG_004,80
CAAAAGGAAGCTGCAGATCG_005,4
CAAAAGGAAGCTGCAGATCG_006,55
CAAAAGGAAGCTGCAGATCG_007,186
CAAAAGGAAGCTGCAGATCG_008,115
CAAAAGGAAGCTGCAGATCG_009,29
TTTCTATGCAGATGTTGGAG_001,185
TTTCTATGCAGATGTTGGAG_002,84
GTTACAATGGACTCACAAGA_001,154
GTTACAATGGACTCACAAGA_002,94
GTTACAATGGACTCACAAGA_003,120
GTTACAATGGACTCACAAGA_004,14
GTTACAATGGACTCACAAGA_005,130
GTTACAATGGACTCACAAGA_006,29
GTTACAATGGACTCACAAGA_007,196
GTTACAATGGACTCACAAGA_008,22
GTTACAATGGACTCACAAGA_009,47
GTTACAATGGACTCACAAGA_010,125
GTTACAATGGACTCACAAGA_011,82
GTTACAATGGACTCACAAGA_012,58
GTTACAATGGACTCACAAGA_013,104
GTTACAATGGACTCACAAGA_014,27
GTTACAATGGACTCACAAGA_015,2
GTTACAATGGACTCACAAGA_016,84
GTTACAATGGACTCACAAGA_017,178
GTTACAATGGACTCACAAGA_018,192
GTTACAATGGACTCACAAGA_019,83
CGGGGATGCCTACTCCAACT_001,111
GAATTACATAACATCAAACG_001,107
GAATTACATAACATCAAACG_002,169
TGGTTGTAAGGATCAGAGCG_001,69
TGGTTGTAAGGATCAGAGCG_002,50
TGGTTGTAAGGATCAGAGCG_003,69
TGGTTGTAAGGATCAGAGCG_004,194
TGGTTGTAAGGATCAGAGCG_005,94
TGGTTGTAAGGATCAGAGCG_006,148
TGGTTGTAAGGATCAGAGCG_007,163
TGGTTGTAAGGATCAGAGCG_008,39
ACGCAACGCAGGTCGCGGTA_001,18
ACGCAACGCAGGTCGCGGTA_002,134
ACGCAACGCAGGTCGCGGTA_003,17
ACGCAACGCAGGTCGCGGTA_004,148
ACGCAACGCAGGTCGCGGTA_005,90
ACGCAACGCAGGTCGCGGTA_006,98
ACGCAACGCAGGTCGCGGTA_007,156
ACGCAACGCAGGTCGCGGTA_008,69
ACGCAACGCAGGTCGCGGTA_009,22
ACGCAACGCAGGTCGCGGTA_010,34
ACGCAACGCAGGTCGCGGTA_011,188
ACGCAACGCAGGTCGCGGTA_012,144
ACGCAACGCAGGTCGCGGTA_013,11
CTGAAGGCTTTCACTCACAG_001,95
CTGAAGGCTTTCACTCACAG_002,42
CTGAAGGCTTTCACTCACAG_003,184
CTGAAGGCTTTCACTCACAG_004,50
CTGAAGGCTTTCACTCACAG_005,169
GAGTAGCAGCTCACATAACT_001,150
GAGTAGCAGCTCACATAACT_002,19
GAGTAGCAGCTCACATAACT_003,99
GAGTAGCAGCTCACATAACT_004,158
GAGTAGCAGCTCACATAACT_005,49
GAGTAGCAGCTCACATAACT_006,28
GAGTAGCAGCTCACATAACT_007,10
GAGTAGCAGCTCACATAACT_008,57
GAGTAGCAGCTCACATAACT_009,173
GAGTAGCAGCTCACATAACT_010,82
GAGTAGCAGCTCACATAACT_011,19
GGTGTATTAGGGATCATCTA_001,5
GGTGTATTAGGGATCATCTA_002,10
GCCAGCTCTCCAATCAACAG_001,116
GCCAGCTCTCCAATCAACAG_002,120
GCCAGCTCTCCAATCAACAG_003,166
AAAGGGCCAGATACCAGACG_001,26
AAAGGGCCAGATACCAGACG_002,34
AAAGGGCCAGATACCAGACG_003,70
AAAGGGCCAGATACCAGACG_004,78
CAGGGAAGACATACACCATG_001,20
CAGGGAAGACATACACCATG_002,110
CAGGGAAGACATACACCATG_003,83
CAGGGAAGACATACACCATG_004,75
CAGGGAAGACATACACCATG_005,147
CAGGGAAGACATACACCATG_006,62
CAGGGAAGACATACACCATG_007,81
GAAGAAGACTCCACAATCCA_001,29
GAAGAAGACTCCACAATCCA_002,60
GAAGAAGACTCCACAATCCA_003,58
GAAGAAGACTCCACAATCCA_004,58
GAAGAAGACTCCACAATCCA_005,141
GAAGAAGACTCCACAATCCA_006,170
GAAGAAGACTCCACAATCCA_007,70
GTGGAGTCGGATCCTCTTCG_001,160
GTGGAGTCGGATCCTCTTCG_002,120
GTGGAGTCGGATCCTCTTCG_003,88
GTGGAGTCGGATCCTCTTCG_004,1
GTGGAGTCGGATCCTCTTCG_005,61
GTGGAGTCGGATCCTCTTCG_006,184
GTGGAGTCGGATCCTCTTCG_007,69
GTGGAGTCGGATCCTCTTCG_008,8
GTGGAGTCGGATCCTCTTCG_009,149
ATCCCATTATCAGATCGGGG_001,157
GGCTATGGCTGTGGTTATCG_001,150
GGCTATGGCTGTGGTTATCG_002,187
GGCTATGGCTGTGGTTATCG_003,15
GGCTATGGCTGTGGTTATCG_004,19
GGCTATGGCTGTGGTTATCG_005,142
GGCTATGGCTGTGGTTATCG_006,92
GGCTATGGCTGTGGTTATCG_007,112
GGCTATGGCTGTGGTTATCG_008,177
GGCTATGGCTGTGGTTATCG_009,9
GGCTATGGCTGTGGTTATCG_010,50
GGCTATGGCTGTGGTTATCG_011,10
GGACTCTATCAGCACGTATG_001,88
GGACTCTATCAGCACGTATG_002,177
GGACTCTATCAGCACGTATG_003,2
GGACTCTATCAGCACGTATG_004,69
GGACTCTATCAGCACGTATG_005,98
GGACTCTATCAGCACGTATG_006,94
GGACTCTATCAGCACGTATG_007,61
GGACTCTATCAGCACGTATG_008,77
GGACTCTATCAGCACGTATG_009,46
GGACTCTATCAGCACGTATG_010,148
AATCTCCGTATGTTTCAGGT_001,49
AATCTCCGTATGTTTCAGGT_002,170
AATCTCCGTATGTTTCAGGT_003,185
GGACGCCCTGTATTACCGCG_001,82
GGACGCCCTGTATTACCGCG_002,115
GGACGCCCTGTATTACCGCG_003,174
GGACGCCCTGTATTACCGCG_004,150
GGACGCCCTGTATTACCGCG_005,146
GGACGCCCTGTATTACCGCG_006,187
ACTTCGCAGAGCAAGCGCAG_001,69
ACTTCGCAGAGCAAGCGCAG_002,174
ACTTCGCAGAGCAAGCGCAG_003,151
ACTTCGCAGAGCAAGCGCAG_004,121
ACTTCGCAGAGCAAGCGCAG_005,5
ACTTCGCAGAGCAAGCGCAG_006,56
ACTTCGCAGAGCAAGCGCAG_007,113
ACTTCGCAGAGCAAGCGCAG_008,166
ACTTCGCAGAGCAAGCGCAG_009,89
ACTTCGCAGAGCAAGCGCAG_010,123
ACTTCGCAGAGCAAGCGCAG_011,169
ACTTCGCAGAGCAAGCGCAG_012,75
ACTTCGCAGAGCAAGCGCAG_013,176
ACTTCGCAGAGCAAGCGCAG_014,138
ACTTCGCAGAGCAAGCGCAG_015,26
ACTTCGCAGAGCAAGCGCAG_016,134
ACTTCGCAGAGCAAGCGCAG_017,140
CCCGTGTGACATAAATACCC_001,170
AGCACCGGGTGATCCATGAG_001,157
AGCACCGGGTGATCCATGAG_002,23
AGCACCGGGTGATCCATGAG_003,58
AGCACCGGGTGATCCATGAG_004,146
AGCACCGGGTGATCCATGAG_005,25
AGCACCGGGTGATCCATGAG_006,177
AGCACCGGGTGATCCATGAG_007,175
AGCACCGGGTGATCCATGAG_008,184
AGCACCGGGTGATCCATGAG_009,176
AGCACCGGGTGATCCATGAG_010,16
AGCACCGGGTGATCCATGAG_011,145
AGCACCGGGTGATCCATGAG_012,177
AGCACCGGGTGATCCATGAG_013,53
AGCACCGGGTGATCCATGAG_014,171
AGCACCGGGTGATCCATGAG_015,149
AGCACCGGGTGATCCATGAG_016,84
AGCACCGGGTGATCCATGAG_017,184
AGCACCGGGTGATCCATGAG_018,91
AGCACCGGGTGATCCATGAG_019,176
AGCACCGGGTGATCCATGAG_020,158
AGCACCGGGTGATCCATGAG_021,170
AGCACCGGGTGATCCATGAG_022,46
AGCACCGGGTGATCCATGAG_023,168
AGCACCGGGTGATCCATGAG_024,42
AGCACCGGGTGATCCATGAG_025,94
GTGTGCAAGGAGCATGTGCA_001,75
GTGTGCAAGGAGCATGTGCA_002,159
GTGTGCAAGGAGCATGTGCA_003,49
GTGTGCAAGGAGCATGTGCA_004,114
GTGTGCAAGGAGCATGTGCA_005,96
GTGTGCAAGGAGCATGTGCA_006,175
GTGTGCAAGGAGCATGTGCA_007,106
GTGTGCAAGGAGCATGTGCA_008,175
GTGTGCAAGGAGCATGTGCA_009,103
GTGTGCAAGGAGCATGTGCA_010,17
GTGTGCAAGGAGCATGTGCA_011,2
GTGTGCAAGGAGCATGTGCA_012,191
GTGTGCAAGGAGCATGTGCA_013,88
GTGTGCAAGGAGCATGTGCA_014,182
GTGTGCAAGGAGCATGTGCA_015,146
GTGTGCAAGGAGCATGTGCA_016,151
GTGTGCAAGGAGCATGTGCA_017,1
GTGTGCAAGGAGCATGTGCA_018,115
GTGTGCAAGGAGCATGTGCA_019,84
GTGTGCAAGGAGCATGTGCA_020,96
GTGTGCAAGGAGCATGTGCA_021,197
GTGTGCAAGGAGCATGTGCA_022,65
GTGTGCAAGGAGCATGTGCA_023,69
GTGTGCAAGGAGCATGTGCA_024,187
GTGTGCAAGGAGCATGTGCA_025,156
GTGTGCAAGGAGCATGTGCA_026,113
GTGTGCAAGGAGCATGTGCA_027,169
GTGTGCAAGGAGCATGTGCA_028,12
GTGTGCAAGGAGCATGTGCA_029,61
GTGTGCAAGGAGCATGTGCA_030,185
GTGTGCAAGGAGCATGTGCA_031,1
GTGTGCAAGGAGCATGTGCA_032,56
GTGTGCAAGGAGCATGTGCA_033,192
GTGTGCAAGGAGCATGTGCA_034,145
GTGTGCAAGGAGCATGTGCA_035,44
GTGTGCAAGGAGCATGTGCA_036,115
GTGTGCAAGGAGCATGTGCA_037,78
GTGTGCAAGGAGCATGTGCA_038,184
GTGTGCAAGGAGCATGTGCA_039,67
GTGTGCAAGGAGCATGTGCA_040,44
GTGTGCAAGGAGCATGTGCA_041,72
GTGTGCAAGGAGCATGTGCA_042,105
GTGTGCAAGGAGCATGTGCA_043,28
GTGTGCAAGGAGCATGTGCA_044,78
GTGTGCAAGGAGCATGTGCA_045,191
GTGTGCAAGGAGCATGTGCA_046,107
GTGTGCAAGGAGCATGTGCA_047,105
GTGTGCAAGGAGCATGTGCA_048,147
GTGTGCAAGGAGCATGTGCA_049,102
GTGTGCAAGGAGCATGTGCA_050,52
GTGTGCAAGGAGCATGTGCA_051,175
GTGTGCAAGGAGCATGTGCA_052,56
GGCCATCGGAACTACCATGC_001,105
GGCCATCGGAACTACCATGC_002,188
GGCCATCGGAACTACCATGC_003,112
GGCCATCGGAACTACCATGC_004,112
GGCCATCGGAACTACCATGC_005,71
GGCCATCGGAACTACCATGC_006,37
GGCCATCGGAACTACCATGC_007,32
GGCCATCGGAACTACCATGC_008,199
GGCCATCGGAACTACCATGC_009,46
GGCCATCGGAACTACCATGC_010,29
GGCCATCGGAACTACCATGC_011,36
GGCCATCGGAACTACCATGC_012,155
GGCCATCGGAACTACCATGC_013,52
GGCCACCCCTCAGAGCTGGG_001,114
GGCCACCCCTCAGAGCTGGG_002,131
GGCCACCCCTCAGAGCTGGG_003,87
GGCCACCCCTCAGAGCTGGG_004,66
GGCCACCCCTCAGAGCTGGG_005,24
GGCCACCCCTCAGAGCTGGG_006,146
GGCCACCCCTCAGAGCTGGG_007,144
GGCCACCCCTCAGAGCTGGG_008,172
GGCCACCCCTCAGAGCTGGG_009,47
GGCCACCCCTCAGAGCTGGG_010,28
GGCCACCCCTCAGAGCTGGG_011,124
GGCCACCCCTCAGAGCTGGG_012,126
GGCCACCCCTCAGAGCTGGG_013,63
GGCCACCCCTCAGAGCTGGG_014,86
GGCCACCCCTCAGAGCTGGG_015,166
GGCCACCCCTCAGAGCTGGG_016,52
GGCCACCCCTCAGAGCTGGG_017,59
GGCCACCCCTCAGAGCTGGG_018,180
GGCCACCCCTCAGAGCTGGG_019,50
GGCCACCCCTCAGAGCTGGG_020,4
GGCCACCCCTCAGAGCTGGG_021,163
GGCCACCCCTCAGAGCTGGG_022,68
GGCCACCCCTCAGAGCTGGG_023,52
GGCCACCCCTCAGAGCTGGG_024,190
GGCCACCCCTCAGAGCTGGG_025,191
GGCCACCCCTCAGAGCTGGG_026,188
GGCCACCCCTCAGAGCTGGG_027,66
GGCCACCCCTCAGAGCTGGG_028,1
GGCCACCCCTCAGAGCTGGG_029,168
GGCCACCCCTCAGAGCTGGG_030,18
CTGCTCCCACTGGTTGACGC_001,177
CTGCTCCCACTGGTTGACGC_002,160
CTGCTCCCACTGGTTGACGC_003,76
CTGCTCCCACTGGTTGACGC_004,19
CTGCTCCCACTGGTTGACGC_005,199
CTGCTCCCACTGGTTGACGC_006,133
CTGCTCCCACTGGTTGACGC_007,188
CTGCTCCCACTGGTTGACGC_008,104
CTGCTCCCACTGGTTGACGC_009,97
CTGCTCCCACTGGTTGACGC_010,148
CTGCTCCCACTGGTTGACGC_011,41
CTGCTCCCACTGGTTGACGC_012,174
CTGCTCCCACTGGTTGACGC_013,86
CTGCTCCCACTGGTTGACGC_014,117
CTGCTCCCACTGGTTGACGC_015,16
CTGCTCCCACTGGTTGACGC_016,1
CTGCTCCCACTGGTTGACGC_017,48
CTGCTCCCACTGGTTGACGC_018,147
CTGCTCCCACTGGTTGACGC_019,105
CTGCTCCCACTGGTTGACGC_020,168
CTGCTCCCACTGGTTGACGC_021,46
CTGCTCCCACTGGTTGACGC_022,15
CTGCTCCCACTGGTTGACGC_023,144
CTGCTCCCACTGGTTGACGC_024,42
CTGCTCCCACTGGTTGACGC_025,163
CTGCTCCCACTGGTTGACGC_026,81
CTGCTCCCACTGGTTGACGC_027,91
CACACTTACTCTCCACGTCG_001,35
CACACTTACTCTCCACGTCG_002,142
AGATATTGGGCCCGAAGCAG_001,130
AGATATTGGGCCCGAAGCAG_002,43
AGATATTGGGCCCGAAGCAG_003,36
AGATATTGGGCCCGAAGCAG_004,196
AGATATTGGGCCCGAAGCAG_005,184
AGATATTGGGCCCGAAGCAG_006,199
AGATATTGGGCCCGAAGCAG_007,135
AGATATTGGGCCCGAAGCAG_008,155
AGATATTGGGCCCGAAGCAG_009,162
AGATATTGGGCCCGAAGCAG_010,183
AGATATTGGGCCCGAAGCAG_011,183
AGATATTGGGCCCGAAGCAG_012,127
AGATATTGGGCCCGAAGCAG_013,162
AGATATTGGGCCCGAAGCAG_014,171
AGATATTGGGCCCGAAGCAG_015,104
AGATATTGGGCCCGAAGCAG_016,53
AGATATTGGGCCCGAAGCAG_017,4
AGATATTGGGCCCGAAGCAG_018,138
AGATATTGGGCCCGAAGCAG_019,82
AGATATTGGGCCCGAAGCAG_020,42
AGATATTGGGCCCGAAGCAG_021,58
AGATATTGGGCCCGAAGCAG_022,182
AGATATTGGGCCCGAAGCAG_023,2
AGATATTGGGCCCGAAGCAG_024,70
AGATATTGGGCCCGAAGCAG_025,70
AGATATTGGGCCCGAAGCAG_026,52
AGATATTGGGCCCGAAGCAG_027,56
AGATATTGGGCCCGAAGCAG_028,48
AGATATTGGGCCCGAAGCAG_029,12
AGATATTGGGCCCGAAGCAG_030,17
AGATATTGGGCCCGAAGCAG_031,116
AGATATTGGGCCCGAAGCAG_032,34
CATGTACTAAACAGCCAATG_001,62
CATGTACTAAACAGCCAATG_002,105
CATGTACTAAACAGCCAATG_003,138
CATGTACTAAACAGCCAATG_004,39
TACAGGGCATGGATATACCA_001,72
TACAGGGCATGGATATACCA_002,55
TACAGGGCATGGATATACCA_003,184
TACAGGGCATGGATATACCA_004,147
TACAGGGCATGGATATACCA_005,128
TGCTTCGCAGAGCCTGCAAG_001,152
TGCTTCGCAGAGCCTGCAAG_002,138
TGCTTCGCAGAGCCTGCAAG_003,166
TGCTTCGCAGAGCCTGCAAG_004,129
TGCTTCGCAGAGCCTGCAAG_005,120
TGCTTCGCAGAGCCTGCAAG_006,129
TGCTTCGCAGAGCCTGCAAG_007,150
TGCTTCGCAGAGCCTGCAAG_008,94
TGCTTCGCAGAGCCTGCAAG_009,125
TGCTTCGCAGAGCCTGCAAG_010,68
TGCTTCGCAGAGCCTGCAAG_011,158
TGCTTCGCAGAGCCTGCAAG_012,23
TGCTTCGCAGAGCCTGCAAG_013,5
TGCTTCGCAGAGCCTGCAAG_014,44
TGCTTCGCAGAGCCTGCAAG_015,61
TGCTTCGCAGAGCCTGCAAG_016,5
TGCTTCGCAGAGCCTGCAAG_017,117
TGCTTCGCAGAGCCTGCAAG_018,101
TGCTTCGCAGAGCCTGCAAG_019,132
TGCTTCGCAGAGCCTGCAAG_020,91
TGCTTCGCAGAGCCTGCAAG_021,94
TGCTTCGCAGAGCCTGCAAG_022,17
TGCTTCGCAGAGCCTGCAAG_023,73
TGCTTCGCAGAGCCTGCAAG_024,64
TGCTTCGCAGAGCCTGCAAG_025,158
TGCTTCGCAGAGCCTGCAAG_026,17
TGCTTCGCAGAGCCTGCAAG_027,190
TGCTTCGCAGAGCCTGCAAG_028,70
TGCTTCGCAGAGCCTGCAAG_029,46
TTACAAGCTTCCCTGGACGT_001,188
TTACAAGCTTCCCTGGACGT_002,198
TTACAAGCTTCCCTGGACGT_003,6
TTACAAGCTTCCCTGGACGT_004,134
TTACAAGCTTCCCTGGACGT_005,13
TTACAAGCTTCCCTGGACGT_006,162
TTACAAGCTTCCCTGGACGT_007,131
TTACAAGCTTCCCTGGACGT_008,8
TTACAAGCTTCCCTGGACGT_009,160
TTACAAGCTTCCCTGGACGT_010,85
TTACAAGCTTCCCTGGACGT_011,109
TTACAAGCTTCCCTGGACGT_012,91
TTACAAGCTTCCCTGGACGT_013,148
TTACAAGCTTCCCTGGACGT_014,100
TTACAAGCTTCCCTGGACGT_015,28
TTACAAGCTTCCCTGGACGT_016,94
TTACAAGCTTCCCTGGACGT_017,56
TTACAAGCTTCCCTGGACGT_018,16
CCATCACCATCACCCCAGAG_001,60
CCATCACCATCACCCCAGAG_002,139
CCATCACCATCACCCCAGAG_003,172
CCATCACCATCACCCCAGAG_004,145
CCATCACCATCACCCCAGAG_005,29
CCATCACCATCACCCCAGAG_006,170
AGAGGAAGACTCGTTCTCAG_001,111
AGAGGAAGACTCGTTCTCAG_002,169
AGAGGAAGACTCGTTCTCAG_003,63
AGAGGAAGACTCGTTCTCAG_004,70
AGAGGAAGACTCGTTCTCAG_005,116
AGAGGAAGACTCGTTCTCAG_006,193
AGAGGAAGACTCGTTCTCAG_007,83
AGAGGAAGACTCGTTCTCAG_008,22
AGAGGAAGACTCGTTCTCAG_009,102
AGAGGAAGACTCGTTCTCAG_010,149
AGAGGAAGACTCGTTCTCAG_011,175
AGAGGAAGACTCGTTCTCAG_012,121
AGAGGAAGACTCGTTCTCAG_013,158
AGAGGAAGACTCGTTCTCAG_014,199
AGAGGAAGACTCGTTCTCAG_015,199
AGAGGAAGACTCGTTCTCAG_016,117
AGAGGAAGACTCGTTCTCAG_017,143
AGAGGAAGACTCGTTCTCAG_018,98
AGAGGAAGACTCGTTCTCAG_019,67
AGAGGAAGACTCGTTCTCAG_020,177
AGAGGAAGACTCGTTCTCAG_021,91
CACAGGGTCAGTGACCCTAG_001,126
CACAGGGTCAGTGACCCTAG_002,60
CACAGGGTCAGTGACCCTAG_003,70
CACAGGGTCAGTGACCCTAG_004,154
CACAGGGTCAGTGACCCTAG_005,160
GAGCAACAGCCACTCCACTG_001,64
GAGCAACAGCCACTCCACTG_002,97
GAGCAACAGCCACTCCACTG_003,5
GAGCAACAGCCACTCCACTG_004,183
GAGCAACAGCCACTCCACTG_005,133
GAGCAACAGCCACTCCACTG_006,137
GAGCAACAGCCACTCCACTG_007,84
GAGCAACAGCCACTCCACTG_008,80
GAGCAACAGCCACTCCACTG_009,185
GAGCAACAGCCACTCCACTG_010,194
GAGCAACAGCCACTCCACTG_011,88
GAGCAACAGCCACTCCACTG_012,51
GAGCAACAGCCACTCCACTG_013,106
GAGCAACAGCCACTCCACTG_014,86
GAGCAACAGCCACTCCACTG_015,163
GAGCAACAGCCACTCCACTG_016,145
GAGCAACAGCCACTCCACTG_017,147
GAGCAACAGCCACTCCACTG_018,96
GAGCAACAGCCACTCCACTG_019,22
GAGCAACAGCCACTCCACTG_020,23
GAGCAACAGCCACTCCACTG_021,40
GAGCAACAGCCACTCCACTG_022,17
GAGCAACAGCCACTCCACTG_023,158
GAGCAACAGCCACTCCACTG_024,154
GAGCAACAGCCACTCCACTG_025,135
GAGCAACAGCCACTCCACTG_026,161
GAGCAACAGCCACTCCACTG_027,63
GAGCAACAGCCACTCCACTG_028,68
GAGCAACAGCCACTCCACTG_029,77
GAGCAACAGCCACTCCACTG_030,63
ACTGCTCGTAAGTCCACCGG_001,115
ACTGCTCGTAAGTCCACCGG_002,126
ACTGCTCGTAAGTCCACCGG_003,85
ACTGCTCGTAAGTCCACCGG_004,48
ACTGCTCGTAAGTCCACCGG_005,179
ACTGCTCGTAAGTCCACCGG_006,56
ACTGCTCGTAAGTCCACCGG_007,124
CATGGGGGTTCCAAAGATGT_001,90
CATGGGGGTTCCAAAGATGT_002,6
CATGGGGGTTCCAAAGATGT_003,43
CATGGGGGTTCCAAAGATGT_004,40
GAGTGTGACTGAGCCTCCTG_001,188
AGCACTCGCACTGTTCCACG_001,63
AGCACTCGCACTGTTCCACG_002,169
AGCACTCGCACTGTTCCACG_003,57
AGCACTCGCACTGTTCCACG_004,148
AGCACTCGCACTGTTCCACG_005,91
AGCACTCGCACTGTTCCACG_006,135
AGCACTCGCACTGTTCCACG_007,88
AGCACTCGCACTGTTCCACG_008,45
AGCACTCGCACTGTTCCACG_009,35
AGCACTCGCACTGTTCCACG_010,105
AGCACTCGCACTGTTCCACG_011,117
AGCACTCGCACTGTTCCACG_012,0
AGCACTCGCACTGTTCCACG_013,19
AGCACTCGCACTGTTCCACG_014,77
AGCACTCGCACTGTTCCACG_015,198
AGCACTCGCACTGTTCCACG_016,3
AGCACTCGCACTGTTCCACG_017,56
ACGTGGACATGATGACGGCT_001,154
ACGTGGACATGATGACGGCT_002,113
ACGTGGACATGATGACGGCT_003,160
ACGTGGACATGATGACGGCT_004,41
ACGTGGACATGATGACGGCT_005,41
ACGTGGACATGATGACGGCT_006,143
ACGTGGACATGATGACGGCT_007,28
AGCTGTAAAAAGCCCAACAC_001,52
AGCTGTAAAAAGCCCAACAC_002,116
AGCTGTAAAAAGCCCAACAC_003,165
AGCTGTAAAAAGCCCAACAC_004,13
AGCTGTAAAAAGCCCAACAC_005,2
AGCTGTAAAAAGCCCAACAC_006,65
AGCTGTAAAAAGCCCAACAC_007,177
AGCTGTAAAAAGCCCAACAC_008,188
AGCTGTAAAAAGCCCAACAC_009,78
AGCTGTAAAAAGCCCAACAC_010,144
ATGAGCACGTGGTACCTGAG_001,130
ATGAGCACGTGGTACCTGAG_002,80
ATGAGCACGTGGTACCTGAG_003,32
ATGAGCACGTGGTACCTGAG_004,93
ATGAGCACGTGGTACCTGAG_005,52
ATGAGCACGTGGTACCTGAG_006,29
ATGAGCACGTGGTACCTGAG_007,3
ATGAGCACGTGGTACCTGAG_008,10
ATGAGCACGTGGTACCTGAG_009,42
TATATCCATCAGATATAACG_001,77
TATATCCATCAGATATAACG_002,48
AGATGTGGGATTGGAGAATG_001,142
AGATGTGGGATTGGAGAATG_002,106
AGATGTGGGATTGGAGAATG_003,15
AGATGTGGGATTGGAGAATG_004,191
AGATGTGGGATTGGAGAATG_005,86
AGATGTGGGATTGGAGAATG_006,86
AGATGTGGGATTGGAGAATG_007,94
AGATGTGGGATTGGAGAATG_008,144
AGATGTGGGATTGGAGAATG_009,85
TTAAAAAAGCCGTAGTCTCG_001,160
TTAAAAAAGCCGTAGTCTCG_002,162
TTAAAAAAGCCGTAGTCTCG_003,138
TGTCGGGCTTGACGTCCCGG_001,76
TGTCGGGCTTGACGTCCCGG_002,155
TGTCGGGCTTGACGTCCCGG_003,119
TGTCGGGCTTGACGTCCCGG_004,38
TGTCGGGCTTGACGTCCCGG_005,127
TGTCGGGCTTGACGTCCCGG_006,12
TGTCGGGCTTGACGTCCCGG_007,104
TGTCGGGCTTGACGTCCCGG_008,108
TGTCGGGCTTGACGTCCCGG_009,108
TGTCGGGCTTGACGTCCCGG_010,124
TGTCGGGCTTGACGTCCCGG_011,28
TGTCGGGCTTGACGTCCCGG_012,63
GGTGTCGAGTAAGGGATGAA_001,151
GGTGTCGAGTAAGGGATGAA_002,93
GGTGTCGAGTAAGGGATGAA_003,101
GGTGTCGAGTAAGGGATGAA_004,153
GGTGTCGAGTAAGGGATGAA_005,103
GGTGTCGAGTAAGGGATGAA_006,158
GGTGTCGAGTAAGGGATGAA_007,22
GGTGTCGAGTAAGGGATGAA_008,131
GGTGTCGAGTAAGGGATGAA_009,59
GGTGTCGAGTAAGGGATGAA_010,70
GGTGTCGAGTAAGGGATGAA_011,136
GGTGTCGAGTAAGGGATGAA_012,46
GGTGTCGAGTAAGGGATGAA_013,43
GGTGTCGAGTAAGGGATGAA_014,169
GCGCCTGAGTCGCCACGACG_001,105
GCGCCTGAGTCGCCACGACG_002,98
TTGGTGCACAGACCTTGGTG_001,168
TTGGTGCACAGACCTTGGTG_002,130
TTGGTGCACAGACCTTGGTG_003,149
TTGGTGCACAGACCTTGGTG_004,97
TTGGTGCACAGACCTTGGTG_005,31
TTGGTGCACAGACCTTGGTG_006,174
TTGGTGCACAGACCTTGGTG_007,197
TTGGTGCACAGACCTTGGTG_008,188
TTGGTGCACAGACCTTGGTG_009,149
TTGGTGCACAGACCTTGGTG_010,71
TTGGTGCACAGACCTTGGTG_011,199
TTGGTGCACAGACCTTGGTG_012,183
TTGGTGCACAGACCTTGGTG_013,33
TTGGTGCACAGACCTTGGTG_014,12
TTGGTGCACAGACCTTGGTG_015,104
TTGGTGCACAGACCTTGGTG_016,69
TTGGTGCACAGACCTTGGTG_017,56
AATGGGGAAAAAGAGCACAG_001,51
AATGGGGAAAAAGAGCACAG_002,65
AATGGGGAAAAAGAGCACAG_003,160
AATGGGGAAAAAGAGCACAG_004,60
AATGGGGAAAAAGAGCACAG_005,77
AATGGGGAAAAAGAGCACAG_006,77
AATGGGGAAAAAGAGCACAG_007,167
AATGGGGAAAAAGAGCACAG_008,139
AATGGGGAAAAAGAGCACAG_009,13
AATGGGGAAAAAGAGCACAG_010,72
AATGGGGAAAAAGAGCACAG_011,115
AATGGGGAAAAAGAGCACAG_012,44
AATGGGGAAAAAGAGCACAG_013,162
AATGGGGAAAAAGAGCACAG_014,29
AATGGGGAAAAAGAGCACAG_015,4
AATGGGGAAAAAGAGCACAG_016,28
AATGGGGAAAAAGAGCACAG_017,177
AATGGGGAAAAAGAGCACAG_018,19
AATGGGGAAAAAGAGCACAG_019,178
AATGGGGAAAAAGAGCACAG_020,111
AATGGGGAAAAAGAGCACAG_021,173
AATGGGGAAAAAGAGCACAG_022,45
AATGGGGAAAAAGAGCACAG_023,104
AATGGGGAAAAAGAGCACAG_024,190
AATGGGGAAAAAGAGCACAG_025,77
AATGGGGAAAAAGAGCACAG_026,173
AATGGGGAAAAAGAGCACAG_027,105
AATGGGGAAAAAGAGCACAG_028,177
AATGGGGAAAAAGAGCACAG_029,94
AATGGGGAAAAAGAGCACAG_030,32
AATGGGGAAAAAGAGCACAG_031,153
AATGGGGAAAAAGAGCACAG_032,15
AATGGGGAAAAAGAGCACAG_033,81
AATGGGGAAAAAGAGCACAG_034,139
AATGGGGAAAAAGAGCACAG_035,169
AATGGGGAAAAAGAGCACAG_036,35
AATGGGGAAAAAGAGCACAG_037,179
AATGGGGAAAAAGAGCACAG_038,37
AATGGGGAAAAAGAGCACAG_039,170
AATGGGGAAAAAGAGCACAG_040,162
AATGGGGAAAAAGAGCACAG_041,63
AATGGGGAAAAAGAGCACAG_042,160
TGGAGAATAAATCCCCTTGG_001,70
GCGAATTCGACGAGGTCAGG_001,121
GCGAATTCGACGAGGTCAGG_002,169
GCGAATTCGACGAGGTCAGG_003,62
GCGAATTCGACGAGGTCAGG_004,15
GCGAATTCGACGAGGTCAGG_005,45
GCGAATTCGACGAGGTCAGG_006,0
GCGAATTCGACGAGGTCAGG_007,168
GCGAATTCGACGAGGTCAGG_008,25
GCGAATTCGACGAGGTCAGG_009,58
GCGAATTCGACGAGGTCAGG_010,28
GCGAATTCGACGAGGTCAGG_011,114
CGGCAACATTCATGGCAACG_001,147
CGGCAACATTCATGGCAACG_002,181
CGGCAACATTCATGGCAACG_003,85
CGGCAACATTCATGGCAACG_004,97
CGGCAACATTCATGGCAACG_005,165
CGGCAACATTCATGGCAACG_006,177
ATGCAACAGAGAAAACAACA_001,198
ATGCAACAGAGAAAACAACA_002,137
ATGCAACAGAGAAAACAACA_003,57
ATGCAACAGAGAAAACAACA_004,106
GACAGACTGGAGCAAACGGT_001,27
GACAGACTGGAGCAAACGGT_002,20
GACAGACTGGAGCAAACGGT_003,28
GACAGACTGGAGCAAACGGT_004,129
ATGCTGAATTAGTGGCCCAA_001,151
ATGCTGAATTAGTGGCCCAA_002,191
ATGCTGAATTAGTGGCCCAA_003,17
ATGCTGAATTAGTGGCCCAA_004,8
CAGGACCCCCTGCAGCACGC_001,63
CAGGACCCCCTGCAGCACGC_002,30
CAGGACCCCCTGCAGCACGC_003,198
CAGGACCCCCTGCAGCACGC_004,28
CAGGACCCCCTGCAGCACGC_005,78
CAGGACCCCCTGCAGCACGC_006,58
CAGGACCCCCTGCAGCACGC_007,111
CAGGACCCCCTGCAGCACGC_008,127
CAGGACCCCCTGCAGCACGC_009,58
CAGGACCCCCTGCAGCACGC_010,180
CAGGACCCCCTGCAGCACGC_011,162
CAGGACCCCCTGCAGCACGC_012,37
TTGCCTATATCCTATACCGC_001,49
GACCACGTTGCCCCGCAGAG_001,130
GACCACGTTGCCCCGCAGAG_002,1
GACCACGTTGCCCCGCAGAG_003,161
GACCACGTTGCCCCGCAGAG_004,178
GACCACGTTGCCCCGCAGAG_005,29
GACCACGTTGCCCCGCAGAG_006,181
GACCACGTTGCCCCGCAGAG_007,121
GACCACGTTGCCCCGCAGAG_008,9
GACCACGTTGCCCCGCAGAG_009,158
GACCACGTTGCCCCGCAGAG_010,105
GACCACGTTGCCCCGCAGAG_011,88
GACCACGTTGCCCCGCAGAG_012,9
GACCACGTTGCCCCGCAGAG_013,82
GACCACGTTGCCCCGCAGAG_014,145
GACCACGTTGCCCCGCAGAG_015,134
GACCACGTTGCCCCGCAGAG_016,60
GACCACGTTGCCCCGCAGAG_017,29
GACCACGTTGCCCCGCAGAG_018,45
AGACCCGAGATGTTTATCAT_001,177
AGACCCGAGATGTTTATCAT_002,29
AGACCCGAGATGTTTATCAT_003,149
AGACCCGAGATGTTTATCAT_004,106
AGACCCGAGATGTTTATCAT_005,188
AGACCCGAGATGTTTATCAT_006,156
AGACCCGAGATGTTTATCAT_007,65
AGACCCGAGATGTTTATCAT_008,162
AGACCCGAGATGTTTATCAT_009,11
AGACCCGAGATGTTTATCAT_010,34
AGACCCGAGATGTTTATCAT_011,166
AGACCCGAGATGTTTATCAT_012,39
AGACCCGAGATGTTTATCAT_013,172
AGACCCGAGATGTTTATCAT_014,98
AGACCCGAGATGTTTATCAT_015,34
AGACCCGAGATGTTTATCAT_016,56
AGACCCGAGATGTTTATCAT_017,144
GATTAGAAGACTGTTTGACA_001,106
GATTAGAAGACTGTTTGACA_002,130
GATTAGAAGACTGTTTGACA_003,168
GATTAGAAGACTGTTTGACA_004,46
GATTAGAAGACTGTTTGACA_005,70
GATTAGAAGACTGTTTGACA_006,160
GATTAGAAGACTGTTTGACA_007,179
GATTAGAAGACTGTTTGACA_008,144
GATTAGAAGACTGTTTGACA_009,127
GATTAGAAGACTGTTTGACA_010,98
GATTAGAAGACTGTTTGACA_011,102
GACCGTTGGAGTTTAATGAG_001,19
GACCGTTGGAGTTTAATGAG_002,29
GACCGTTGGAGTTTAATGAG_003,0
GACCGTTGGAGTTTAATGAG_004,60
GACCGTTGGAGTTTAATGAG_005,58
GACCGTTGGAGTTTAATGAG_006,198
GACCGTTGGAGTTTAATGAG_007,17
GACCGTTGGAGTTTAATGAG_008,0
GACCGTTGGAGTTTAATGAG_009,142
TTTGGTATGATATAGTAAGT_001,193
GGTACGGAGAGCGATGGTGA_001,2
GGTACGGAGAGCGATGGTGA_002,33
GGACTTTAGCGCCGACTCGG_001,112
GGACTTTAGCGCCGACTCGG_002,197
GGACTTTAGCGCCGACTCGG_003,72
GGACTTTAGCGCCGACTCGG_004,116
GGACTTTAGCGCCGACTCGG_005,72
GGACTTTAGCGCCGACTCGG_006,178
GGACTTTAGCGCCGACTCGG_007,161
GGACTTTAGCGCCGACTCGG_008,29
GGACTTTAGCGCCGACTCGG_009,76
GGACTTTAGCGCCGACTCGG_010,12
GGACTTTAGCGCCGACTCGG_011,175
GGACTTTAGCGCCGACTCGG_012,121
GGACTTTAGCGCCGACTCGG_013,126
GGACTTTAGCGCCGACTCGG_014,109
GGACTTTAGCGCCGACTCGG_015,151
GGACTTTAGCGCCGACTCGG_016,19
GGACTTTAGCGCCGACTCGG_017,27
GGACTTTAGCGCCGACTCGG_018,156
GGACTTTAGCGCCGACTCGG_019,156
GGACTTTAGCGCCGACTCGG_020,8
GGACTTTAGCGCCGACTCGG_021,135
GGACTTTAGCGCCGACTCGG_022,49
GGACTTTAGCGCCGACTCGG_023,84
GGACTTTAGCGCCGACTCGG_024,175
GGACTTTAGCGCCGACTCGG_025,116
GGACTTTAGCGCCGACTCGG_026,48
GGACTTTAGCGCCGACTCGG_027,155
GGACTTTAGCGCCGACTCGG_028,107
GGACTTTAGCGCCGACTCGG_029,192
GGACTTTAGCGCCGACTCGG_030,191
GGACTTTAGCGCCGACTCGG_031,46
GGACTTTAGCGCCGACTCGG_032,134
GGACTTTAGCGCCGACTCGG_033,98
GGACTTTAGCGCCGACTCGG_034,86
GGACTTTAGCGCCGACTCGG_035,12
GGACTTTAGCGCCGACTCGG_036,13
GGACTTTAGCGCCGACTCGG_037,65
GGACTTTAGCGCCGACTCGG_038,191
GGACTTTAGCGCCGACTCGG_039,61
GGACTTTAGCGCCGACTCGG_040,127
GGACTTTAGCGCCGACTCGG_041,127
GGACTTTAGCGCCGACTCGG_042,18
GGACTTTAGCGCCGACTCGG_043,179
GGACTTTAGCGCCGACTCGG_044,164
GGACTTTAGCGCCGACTCGG_045,82
GGACTTTAGCGCCGACTCGG_046,103
GGACTTTAGCGCCGACTCGG_047,28
GGACTTTAGCGCCGACTCGG_048,156
GGACTTTAGCGCCGACTCGG_049,40
GGACTTTAGCGCCGACTCGG_050,156
GGACTTTAGCGCCGACTCGG_051,103
GGACTTTAGCGCCGACTCGG_052,41
GGACTTTAGCGCCGACTCGG_053,190
GGACTTTAGCGCCGACTCGG_054,121
GGACTTTAGCGCCGACTCGG_055,58
GGACTTTAGCGCCGACTCGG_056,61
GGACTTTAGCGCCGACTCGG_057,52
GGACTTTAGCGCCGACTCGG_058,198
GGACTTTAGCGCCGACTCGG_059,116
GGACTTTAGCGCCGACTCGG_060,58
GGACTTTAGCGCCGACTCGG_061,156
GGACTTTAGCGCCGACTCGG_062,122
GGACTTTAGCGCCGACTCGG_063,21
GGACTTTAGCGCCGACTCGG_064,149
GGACTTTAGCGCCGACTCGG_065,174
GGACTTTAGCGCCGACTCGG_066,117
GGACTTTAGCGCCGACTCGG_067,50
GGACTTTAGCGCCGACTCGG_068,67
GGACTTTAGCGCCGACTCGG_069,144
GGACTTTAGCGCCGACTCGG_070,77
GGACTTTAGCGCCGACTCGG_071,103
GGACTTTAGCGCCGACTCGG_072,158
CGAGGGCGAAGATCACCGAC_001,72
CGAGGGCGAAGATCACCGAC_002,162
CGAGGGCGAAGATCACCGAC_003,2
CGAGGGCGAAGATCACCGAC_004,78
CGAGGGCGAAGATCACCGAC_005,98
CGAGGGCGAAGATCACCGAC_006,114
CGAGGGCGAAGATCACCGAC_007,33
CGAGGGCGAAGATCACCGAC_008,141
CGAGGGCGAAGATCACCGAC_009,76
CGAGGGCGAAGATCACCGAC_010,127
CGAGGGCGAAGATCACCGAC_011,13
CGAGGGCGAAGATCACCGAC_012,8
CGAGGGCGAAGATCACCGAC_013,145
CGAGGGCGAAGATCACCGAC_014,138
CGAGGGCGAAGATCACCGAC_015,106
CGAGGGCGAAGATCACCGAC_016,180
CGAGGGCGAAGATCACCGAC_017,77
CGAGGGCGAAGATCACCGAC_018,176
AGAACGACCTCACCTCGATG_001,50
AGAACGACCTCACCTCGATG_002,160
AGAACGACCTCACCTCGATG_003,43
AGAACGACCTCACCTCGATG_004,33
AGAACGACCTCACCTCGATG_005,43
AGAACGACCTCACCTCGATG_006,130
AGAACGACCTCACCTCGATG_007,8
AGAACGACCTCACCTCGATG_008,28
AGAACGACCTCACCTCGATG_009,174
AGAACGACCTCACCTCGATG_010,17
AGAACGACCTCACCTCGATG_011,62
AGCAGAGCCTACGATGACTG_001,107
AGCAGAGCCTACGATGACTG_002,158
AGCAGAGCCTACGATGACTG_003,115
AGCAGAGCCTACGATGACTG_004,31
AGCAGAGCCTACGATGACTG_005,12
AGCAGAGCCTACGATGACTG_006,4
AGCAGAGCCTACGATGACTG_007,34
AGCAGAGCCTACGATGACTG_008,57
AGCAGAGCCTACGATGACTG_009,124
AGGAGGTCATTGAATACGCA_001,117
AGGAGGTCATTGAATACGCA_002,197
AGGAGGTCATTGAATACGCA_003,29
AGGAGGTCATTGAATACGCA_004,188
AGGAGGTCATTGAATACGCA_005,70
AGGAGGTCATTGAATACGCA_006,11
AGGAGGTCATTGAATACGCA_007,168
AGGAGGTCATTGAATACGCA_008,151
AGGAGGTCATTGAATACGCA_009,148
AGGAGGTCATTGAATACGCA_010,58
AGGAGGTCATTGAATACGCA_011,40
AGGAGGTCATTGAATACGCA_012,29
AGGAGGTCATTGAATACGCA_013,106
AGGAGGTCATTGAATACGCA_014,188
AGGAGGTCATTGAATACGCA_015,9
AGGAGGTCATTGAATACGCA_016,166
AGGAGGTCATTGAATACGCA_017,136
AGGAGGTCATTGAATACGCA_018,4
AGGAGGTCATTGAATACGCA_019,102
AGGAGGTCATTGAATACGCA_020,110
AGCACTGTCACACCAAGCTC_001,111
AGCACTGTCACACCAAGCTC_002,82
AGCACTGTCACACCAAGCTC_003,176
AGCACTGTCACACCAAGCTC_004,114
AGCACTGTCACACCAAGCTC_005,70
GATGATCCTAACCAATCCAG_001,173
GATGATCCTAACCAATCCAG_002,34
GATGATCCTAACCAATCCAG_003,140
GATGATCCTAACCAATCCAG_004,70
GATGATCCTAACCAATCCAG_005,179
GATGATCCTAACCAATCCAG_006,109
GATGATCCTAACCAATCCAG_007,0
TGGTCAAATAGAAATAGCTG_001,157
TGGTCAAATAGAAATAGCTG_002,52
TGGTCAAATAGAAATAGCTG_003,40
AACTCACATGTCCTCGTCGG_001,68
AACTCACATGTCCTCGTCGG_002,119
AACTCACATGTCCTCGTCGG_003,170
AACTCACATGTCCTCGTCGG_004,153
AACTCACATGTCCTCGTCGG_005,39
ATGCAGCTGGTGAGTCTCAT_001,24
ATGCAGCTGGTGAGTCTCAT_002,115
ATGCAGCTGGTGAGTCTCAT_003,50
ATGCAGCTGGTGAGTCTCAT_004,115
ATGCAGCTGGTGAGTCTCAT_005,12
ATGCAGCTGGTGAGTCTCAT_006,15
ATGCAGCTGGTGAGTCTCAT_007,188
ATGCAGCTGGTGAGTCTCAT_008,139
ATGCAGCTGGTGAGTCTCAT_009,122
ATGCAGCTGGTGAGTCTCAT_010,48
ATGCAGCTGGTGAGTCTCAT_011,15
ATGCAGCTGGTGAGTCTCAT_012,43
ATGCAGCTGGTGAGTCTCAT_013,38
ATGCAGCTGGTGAGTCTCAT_014,44
ATGCAGCTGGTGAGTCTCAT_015,58
ATGCAGCTGGTGAGTCTCAT_016,163
ATGCAGCTGGTGAGTCTCAT_017,112
ATGCAGCTGGTGAGTCTCAT_018,5
ATGCAGCTGGTGAGTCTCAT_019,89
ATGCAGCTGGTGAGTCTCAT_020,171
ATGCAGCTGGTGAGTCTCAT_021,23
ATGCAGCTGGTGAGTCTCAT_022,177
ATGCAGCTGGTGAGTCTCAT_023,35
ATGCAGCTGGTGAGTCTCAT_024,160
ATGCAGCTGGTGAGTCTCAT_025,169
ATGCAGCTGGTGAGTCTCAT_026,174
ATGCAGCTGGTGAGTCTCAT_027,144
ATGCAGCTGGTGAGTCTCAT_028,42
ATGCAGCTGGTGAGTCTCAT_029,15
CATTTGCCACATGGAGACTG_001,12
CATTTGCCACATGGAGACTG_002,17
CATTTGCCACATGGAGACTG_003,127
CATTTGCCACATGGAGACTG_004,188
CATTTGCCACATGGAGACTG_005,134
CATTTGCCACATGGAGACTG_006,64
GAGCTCGTAATCGTCAGGCA_001,1
GAGCTCGTAATCGTCAGGCA_002,197
GAGCTCGTAATCGTCAGGCA_003,184
CACACCGCTGTACCCGCAGA_001,78
CACACCGCTGTACCCGCAGA_002,184
CACACCGCTGTACCCGCAGA_003,100
CACACCGCTGTACCCGCAGA_004,174
CACACCGCTGTACCCGCAGA_005,144
CACACCGCTGTACCCGCAGA_006,113
CACACCGCTGTACCCGCAGA_007,152
CATCACCACAGACTGCCGGT_001,152
CATCACCACAGACTGCCGGT_002,12
CATCACCACAGACTGCCGGT_003,184
CATCACCACAGACTGCCGGT_004,77
CATCACCACAGACTGCCGGT_005,137
CATCACCACAGACTGCCGGT_006,132
TGGTGAGGCTTAAAGACCCA_001,54
TGGTGAGGCTTAAAGACCCA_002,158
TGGTGAGGCTTAAAGACCCA_003,5
TGGTGAGGCTTAAAGACCCA_004,26
TGGTGAGGCTTAAAGACCCA_005,26
TGGTGAGGCTTAAAGACCCA_006,69
TGGTGAGGCTTAAAGACCCA_007,175
TGGTGAGGCTTAAAGACCCA_008,116
TGGTGAGGCTTAAAGACCCA_009,162
TGGTGAGGCTTAAAGACCCA_010,46
TGGTGAGGCTTAAAGACCCA_011,111
TGGTGAGGCTTAAAGACCCA_012,128
TGGTGAGGCTTAAAGACCCA_013,113
TGGTGAGGCTTAAAGACCCA_014,188
GATCAGCACGTAAGCACACG_001,116
GATCAGCACGTAAGCACACG_002,126
GATCAGCACGTAAGCACACG_003,17
GATCAGCACGTAAGCACACG_004,48
GATCAGCACGTAAGCACACG_005,181
GATCAGCACGTAAGCACACG_006,92
GATCAGCACGTAAGCACACG_007,41
GATCAGCACGTAAGCACACG_008,4
GATCAGCACGTAAGCACACG_009,127
GATCAGCACGTAAGCACACG_010,174
GATCAGCACGTAAGCACACG_011,142
GATCAGCACGTAAGCACACG_012,188
GATCAGCACGTAAGCACACG_013,28
GATCAGCACGTAAGCACACG_014,12
GATCAGCACGTAAGCACACG_015,79
GATCAGCACGTAAGCACACG_016,126
CAACAAAATCGAGCAAGCTA_001,16
CAACAAAATCGAGCAAGCTA_002,160
CAACAAAATCGAGCAAGCTA_003,175
CAACAAAATCGAGCAAGCTA_004,144
CAACAAAATCGAGCAAGCTA_005,193
CAACAAAATCGAGCAAGCTA_006,9
CAACAAAATCGAGCAAGCTA_007,115
CAACAAAATCGAGCAAGCTA_008,175
CAACAAAATCGAGCAAGCTA_009,131
CAACAAAATCGAGCAAGCTA_010,13
CTGGCCTAGACGTAACCCTA_001,103
CTGGCCTAGACGTAACCCTA_002,140
CTGGCCTAGACGTAACCCTA_003,145
CTGGCCTAGACGTAACCCTA_004,88
CTGGCCTAGACGTAACCCTA_005,40
CTGGCCTAGACGTAACCCTA_006,31
CTGGCCTAGACGTAACCCTA_007,190
CTGGCCTAGACGTAACCCTA_008,159
GTCAGCCCCACCAATATGCA_001,147
GTCAGCCCCACCAATATGCA_002,102
GTCAGCCCCACCAATATGCA_003,198
GTCAGCCCCACCAATATGCA_004,28
GTCAGCCCCACCAATATGCA_005,191
GTCAGCCCCACCAATATGCA_006,58
GTCAGCCCCACCAATATGCA_007,5
GTCAGCCCCACCAATATGCA_008,29
GTCAGCCCCACCAATATGCA_009,33
GTCAGCCCCACCAATATGCA_010,22
GTCAGCCCCACCAATATGCA_011,77
GTCAGCCCCACCAATATGCA_012,166
GTCAGCCCCACCAATATGCA_013,166
GTCAGCCCCACCAATATGCA_014,17
AGCTATGGCTGTGGTCTTAG_001,84
AGCTATGGCTGTGGTCTTAG_002,166
AGCTATGGCTGTGGTCTTAG_003,192
AGCTATGGCTGTGGTCTTAG_004,104
AGCTATGGCTGTGGTCTTAG_005,166
AGCTATGGCTGTGGTCTTAG_006,56
AGCTATGGCTGTGGTCTTAG_007,197
CCGAACAGAGAAACTTGTAC_001,192
CCGAACAGAGAAACTTGTAC_002,188
CCGAACAGAGAAACTTGTAC_003,91
GCGAAGGCACAAATCCACGG_001,68
GCGAAGGCACAAATCCACGG_002,78
GCGAAGGCACAAATCCACGG_003,104
GCGAAGGCACAAATCCACGG_004,20
GCGAAGGCACAAATCCACGG_005,160
ACAGACACTGTCCCGCTGAG_001,169
AGAAAGGGATGTGTGTACAA_001,107
AGAAAGGGATGTGTGTACAA_002,54
AGAAAGGGATGTGTGTACAA_003,45
AGAAAGGGATGTGTGTACAA_004,15
AGAAAGGGATGTGTGTACAA_005,189
AGAAAGGGATGTGTGTACAA_006,21
AGAAAGGGATGTGTGTACAA_007,104
AGAAAGGGATGTGTGTACAA_008,23
AGAAAGGGATGTGTGTACAA_009,102
AGAAAGGGATGTGTGTACAA_010,0
GAAGAGAGTACAACTTCACT_001,147
GAAGAGAGTACAACTTCACT_002,78
GAAGAGAGTACAACTTCACT_003,52
GAAGAGAGTACAACTTCACT_004,123
GAAGAGAGTACAACTTCACT_005,6
GAAGAGAGTACAACTTCACT_006,45
GAAGAGAGTACAACTTCACT_007,27
GAAGAGAGTACAACTTCACT_008,1
AAGGGGCATCCATTTCAGGT_001,168
AAGGGGCATCCATTTCAGGT_002,132
AAGGGGCATCCATTTCAGGT_003,129
AATGTTCTCTTTCATCATCG_001,153
AATGTTCTCTTTCATCATCG_002,38
AATGTTCTCTTTCATCATCG_003,116
AATGTTCTCTTTCATCATCG_004,0
GGTCCCTTGGAATATTCGAG_001,35
GGTCCCTTGGAATATTCGAG_002,60
CAATTCTAATTCCAGTAACG_001,62
CAATTCTAATTCCAGTAACG_002,10
CAATTCTAATTCCAGTAACG_003,82
CTTCTACCCAGACCTTCTAG_001,10
CTTCTACCCAGACCTTCTAG_002,107
CTTCTACCCAGACCTTCTAG_003,43
CTTCTACCCAGACCTTCTAG_004,33
CTTCTACCCAGACCTTCTAG_005,38
CTTCTACCCAGACCTTCTAG_006,9
CTTCTACCCAGACCTTCTAG_007,139
CTTCTACCCAGACCTTCTAG_008,157
CTTCTACCCAGACCTTCTAG_009,124
TAAGGTCTTCCAATTCCGAA_001,161
TAAGGTCTTCCAATTCCGAA_002,116
TAAGGTCTTCCAATTCCGAA_003,21
TAAGGTCTTCCAATTCCGAA_004,196
TAAGGTCTTCCAATTCCGAA_005,135
TAAGGTCTTCCAATTCCGAA_006,197
TAAGGTCTTCCAATTCCGAA_007,184
TAAGGTCTTCCAATTCCGAA_008,13
TAAGGTCTTCCAATTCCGAA_009,75
CAGGACCATTATTCATTCTG_001,65
GGTGCCATGAAGAGGCACAT_001,46
GGTGCCATGAAGAGGCACAT_002,64
GGTGCCATGAAGAGGCACAT_003,13
CATTCTACAGTGATATGCGC_001,126
AAGGTGATGACTTTGCGTTG_001,87
AAGGTGATGACTTTGCGTTG_002,17
AAGGTGATGACTTTGCGTTG_003,41
AAGGTGATGACTTTGCGTTG_004,173
AAGGTGATGACTTTGCGTTG_005,175
AAGGTGATGACTTTGCGTTG_006,115
AAGGTGATGACTTTGCGTTG_007,137
GGAAAGCAAGACTCTCACGT_001,22
GGAAAGCAAGACTCTCACGT_002,169
GGAAAGCAAGACTCTCACGT_003,181
GGAAAGCAAGACTCTCACGT_004,107
GGAAAGCAAGACTCTCACGT_005,152
GGAAAGCAAGACTCTCACGT_006,37
GGAAAGCAAGACTCTCACGT_007,188
GGAAAGCAAGACTCTCACGT_008,81
GGAAAGCAAGACTCTCACGT_009,158
GGAAAGCAAGACTCTCACGT_010,88
GGAAAGCAAGACTCTCACGT_011,137
GCCTCCGCATAAGCTGACGA_001,28
GCCTCCGCATAAGCTGACGA_002,65
GCCTCCGCATAAGCTGACGA_003,129
GCCTCCGCATAAGCTGACGA_004,75
GCCTCCGCATAAGCTGACGA_005,92
GCCTCCGCATAAGCTGACGA_006,50
GCCTCCGCATAAGCTGACGA_007,177
GCCTCCGCATAAGCTGACGA_008,104
GCCTCCGCATAAGCTGACGA_009,174
GCCTCCGCATAAGCTGACGA_010,175
GCCTCCGCATAAGCTGACGA_011,150
GCCTCCGCATAAGCTGACGA_012,4
GCCTCCGCATAAGCTGACGA_013,159
GAAGCGTAAACGCAGCCGCA_001,76
GAAGCGTAAACGCAGCCGCA_002,60
GAAGCGTAAACGCAGCCGCA_003,22
GAAGCGTAAACGCAGCCGCA_004,148
GAAGCGTAAACGCAGCCGCA_005,16
GAAGCGTAAACGCAGCCGCA_006,170
GAAGCGTAAACGCAGCCGCA_007,194
GAAGCGTAAACGCAGCCGCA_008,166
GAAGCGTAAACGCAGCCGCA_009,29
GAAGCGTAAACGCAGCCGCA_010,88
GAAGCGTAAACGCAGCCGCA_011,84
GAAGCGTAAACGCAGCCGCA_012,134
GAAGCGTAAACGCAGCCGCA_013,5
GAAGCGTAAACGCAGCCGCA_014,115
GAAGCGTAAACGCAGCCGCA_015,90
CTCACCCACCGCATGCATCG_001,172
CTCACCCACCGCATGCATCG_002,197
CTCACCCACCGCATGCATCG_003,32
CTCACCCACCGCATGCATCG_004,180
CTCACCCACCGCATGCATCG_005,3
CTCACCCACCGCATGCATCG_006,104
TGTCCGAATCAAAACTTGTG_001,26
TGTCCGAATCAAAACTTGTG_002,135
TGTCCGAATCAAAACTTGTG_003,50
TGTCCGAATCAAAACTTGTG_004,76
TGTCCGAATCAAAACTTGTG_005,112
TGTCCGAATCAAAACTTGTG_006,137
TGTCCGAATCAAAACTTGTG_007,184
TGTCCGAATCAAAACTTGTG_008,94
TGTCCGAATCAAAACTTGTG_009,171
TGTCCGAATCAAAACTTGTG_010,3
TGTCCGAATCAAAACTTGTG_011,191
TGTCCGAATCAAAACTTGTG_012,169
TGTCCGAATCAAAACTTGTG_013,19
TTACCAGGCTCCAAGTGCAT_001,104
TTACCAGGCTCCAAGTGCAT_002,144
TTACCAGGCTCCAAGTGCAT_003,139
TTACCAGGCTCCAAGTGCAT_004,183
TTACCAGGCTCCAAGTGCAT_005,125
TTACCAGGCTCCAAGTGCAT_006,66
TTACCAGGCTCCAAGTGCAT_007,106
TTACCAGGCTCCAAGTGCAT_008,56
TTACCAGGCTCCAAGTGCAT_009,76
TTACCAGGCTCCAAGTGCAT_010,185
TTACCAGGCTCCAAGTGCAT_011,41
TTACCAGGCTCCAAGTGCAT_012,36
TTACCAGGCTCCAAGTGCAT_013,94
TTACCAGGCTCCAAGTGCAT_014,167
TTACCAGGCTCCAAGTGCAT_015,98
TTACCAGGCTCCAAGTGCAT_016,28
TTACCAGGCTCCAAGTGCAT_017,53
TTACCAGGCTCCAAGTGCAT_018,52
TTACCAGGCTCCAAGTGCAT_019,75
TTACCAGGCTCCAAGTGCAT_020,156
TTACCAGGCTCCAAGTGCAT_021,57
TTACCAGGCTCCAAGTGCAT_022,46
TTACCAGGCTCCAAGTGCAT_023,89
TTACCAGGCTCCAAGTGCAT_024,26
TTACCAGGCTCCAAGTGCAT_025,177
TTACCAGGCTCCAAGTGCAT_026,70
TTACCAGGCTCCAAGTGCAT_027,17
TTACCAGGCTCCAAGTGCAT_028,39
CCTCATCAACCAAGCCATCG_001,36
CCTCATCAACCAAGCCATCG_002,177
CCTCATCAACCAAGCCATCG_003,22
CCTCATCAACCAAGCCATCG_004,81
CCTCATCAACCAAGCCATCG_005,126
CCTCATCAACCAAGCCATCG_006,169
CCTCATCAACCAAGCCATCG_007,16
CCTCATCAACCAAGCCATCG_008,162
CCTCATCAACCAAGCCATCG_009,110
CCTCATCAACCAAGCCATCG_010,69
CCTCATCAACCAAGCCATCG_011,49
CCTCATCAACCAAGCCATCG_012,77
CCTCATCAACCAAGCCATCG_013,70
CCTCATCAACCAAGCCATCG_014,81
GGAGAGTGCACTAGACAGAC_001,40
GGAGAGTGCACTAGACAGAC_002,74
GGAGAGTGCACTAGACAGAC_003,0
AGTATTCAATGAGACTTGCC_001,120
AGTATTCAATGAGACTTGCC_002,80
AGTATTCAATGAGACTTGCC_003,160
AGTATTCAATGAGACTTGCC_004,48
AGTATTCAATGAGACTTGCC_005,85
AGTATTCAATGAGACTTGCC_006,108
AGTATTCAATGAGACTTGCC_007,35
AGTATTCAATGAGACTTGCC_008,37
CAAGCAAAATGATGACCCAA_001,77
CAAGCAAAATGATGACCCAA_002,77
CAAGCAAAATGATGACCCAA_003,17
CAAGCAAAATGATGACCCAA_004,63
CAAGCAAAATGATGACCCAA_005,162
CAAGCAAAATGATGACCCAA_006,145
CAAGCAAAATGATGACCCAA_007,44
CAAGCAAAATGATGACCCAA_008,9
CAAGCAAAATGATGACCCAA_009,31
CAAGCAAAATGATGACCCAA_010,16
CAAGCAAAATGATGACCCAA_011,94
CAAGCAAAATGATGACCCAA_012,17
CAAGCAAAATGATGACCCAA_013,164
CAAGCAAAATGATGACCCAA_014,164
CAAGCAAAATGATGACCCAA_015,84
CAAGCAAAATGATGACCCAA_016,1
CAAGCAAAATGATGACCCAA_017,25
CAAGCAAAATGATGACCCAA_018,98
CAAGCAAAATGATGACCCAA_019,11
CAAGCAAAATGATGACCCAA_020,94
CAAGCAAAATGATGACCCAA_021,104
CAAGCAAAATGATGACCCAA_022,3
GATGACTGCGATTGTCCCAG_001,64
GATGACTGCGATTGTCCCAG_002,58
GATGACTGCGATTGTCCCAG_003,154
GATGACTGCGATTGTCCCAG_004,48
GATGACTGCGATTGTCCCAG_005,185
GATGACTGCGATTGTCCCAG_006,152
GATGACTGCGATTGTCCCAG_007,131
GATGACTGCGATTGTCCCAG_008,178
ACTTCCATGCAAATGGCAGG_001,177
ACTTCCATGCAAATGGCAGG_002,92
ACTTCCATGCAAATGGCAGG_003,129
ACTTCCATGCAAATGGCAGG_004,169
ACTTCCATGCAAATGGCAGG_005,36
ACTTCCATGCAAATGGCAGG_006,80
ACTTCCATGCAAATGGCAGG_007,177
ACTTCCATGCAAATGGCAGG_008,169
ACTTCCATGCAAATGGCAGG_009,146
ACTTCCATGCAAATGGCAGG_010,146
ACTTCCATGCAAATGGCAGG_011,199
CTTGCGTTTCTTCTTGAGAA_001,58
CTTGCGTTTCTTCTTGAGAA_002,101
CTTGCGTTTCTTCTTGAGAA_003,175
CTTGCGTTTCTTCTTGAGAA_004,152
ATTCCTGGGATCAATATCTG_001,29
ATTCCTGGGATCAATATCTG_002,29
ATTCCTGGGATCAATATCTG_003,115
ATTCCTGGGATCAATATCTG_004,185
ATTCCTGGGATCAATATCTG_005,41
ATTCCTGGGATCAATATCTG_006,48
ATTCCTGGGATCAATATCTG_007,16
ATTCCTGGGATCAATATCTG_008,78
ATTCCTGGGATCAATATCTG_009,178
ATTCCTGGGATCAATATCTG_010,48
ATTCCTGGGATCAATATCTG_011,88
ATTCCTGGGATCAATATCTG_012,36
ATTCCTGGGATCAATATCTG_013,152
ATTCCTGGGATCAATATCTG_014,37
ATTCCTGGGATCAATATCTG_015,191
ATTCCTGGGATCAATATCTG_016,124
ATTCCTGGGATCAATATCTG_017,170
CGAGCTGGAGGGAACGCCAG_001,127
CGAGCTGGAGGGAACGCCAG_002,168
CGAGCTGGAGGGAACGCCAG_003,173
CGAGCTGGAGGGAACGCCAG_004,112
CGAGCTGGAGGGAACGCCAG_005,167
CGAGCTGGAGGGAACGCCAG_006,115
CGAGCTGGAGGGAACGCCAG_007,176
CGAGCTGGAGGGAACGCCAG_008,83
CGAGCTGGAGGGAACGCCAG_009,62
CGAGCTGGAGGGAACGCCAG_010,175
CGAGCTGGAGGGAACGCCAG_011,109
CGAGCTGGAGGGAACGCCAG_012,109
CGAGCTGGAGGGAACGCCAG_013,40
CGAGCTGGAGGGAACGCCAG_014,82
CGAGCTGGAGGGAACGCCAG_015,175
CGAGCTGGAGGGAACGCCAG_016,96
CGAGCTGGAGGGAACGCCAG_017,13
CGAGCTGGAGGGAACGCCAG_018,12
CGAGCTGGAGGGAACGCCAG_019,12
CGAGCTGGAGGGAACGCCAG_020,118
CGAGCTGGAGGGAACGCCAG_021,82
CGAGCTGGAGGGAACGCCAG_022,147
CGAGGTCTTCGGCGAGATCG_001,70
CGAGGTCTTCGGCGAGATCG_002,15
CGAGGTCTTCGGCGAGATCG_003,152
CGAGGTCTTCGGCGAGATCG_004,105
CGAGGTCTTCGGCGAGATCG_005,93
CGAGGTCTTCGGCGAGATCG_006,32
CGAGGTCTTCGGCGAGATCG_007,69
CGAGGTCTTCGGCGAGATCG_008,136
CGAGGTCTTCGGCGAGATCG_009,144
CGAGGTCTTCGGCGAGATCG_010,197
CGAGGTCTTCGGCGAGATCG_011,12
CGAGGTCTTCGGCGAGATCG_012,24
ACAAGAGTCGGAGACCACTG_001,102
ACAAGAGTCGGAGACCACTG_002,62
ACAAGAGTCGGAGACCACTG_003,51
ACAAGAGTCGGAGACCACTG_004,101
ACAAGAGTCGGAGACCACTG_005,161
ACAAGAGTCGGAGACCACTG_006,32
ACAAGAGTCGGAGACCACTG_007,94
ACAAGAGTCGGAGACCACTG_008,19
ACAAGAGTCGGAGACCACTG_009,149
ACAAGAGTCGGAGACCACTG_010,85
ACAAGAGTCGGAGACCACTG_011,29
ACAAGAGTCGGAGACCACTG_012,151
ACAAGAGTCGGAGACCACTG_013,141
ACAAGAGTCGGAGACCACTG_014,198
ACAAGAGTCGGAGACCACTG_015,83
ACAAGAGTCGGAGACCACTG_016,60
ACAAGAGTCGGAGACCACTG_017,138
ACAAGAGTCGGAGACCACTG_018,153
AGCACTAATCCTTTCCACTG_001,181
AGCACTAATCCTTTCCACTG_002,49
AGCACTAATCCTTTCCACTG_003,15
AGCACTAATCCTTTCCACTG_004,62
AGCACTAATCCTTTCCACTG_005,3
AGCACTAATCCTTTCCACTG_006,49
AGCACTAATCCTTTCCACTG_007,131
AGCACTAATCCTTTCCACTG_008,108
CAAGGAAGTTGTATATGGGA_001,127
CAAGGAAGTTGTATATGGGA_002,29
CAAGGAAGTTGTATATGGGA_003,87
CAAGGAAGTTGTATATGGGA_004,198
CAAGGAAGTTGTATATGGGA_005,150
CAAGGAAGTTGTATATGGGA_006,106
CGACGCACTCAAAAGCAGCG_001,78
CGACGCACTCAAAAGCAGCG_002,177
CGACGCACTCAAAAGCAGCG_003,17
CGACGCACTCAAAAGCAGCG_004,94
CGACGCACTCAAAAGCAGCG_005,171
CGACGCACTCAAAAGCAGCG_006,145
CGACGCACTCAAAAGCAGCG_007,29
CGACGCACTCAAAAGCAGCG_008,25
CGACGCACTCAAAAGCAGCG_009,190
CGACGCACTCAAAAGCAGCG_010,102
GAGCTGGTCAAGAACTGGTG_001,48
GAGCTGGTCAAGAACTGGTG_002,170
GAGCTGGTCAAGAACTGGTG_003,43
GAGCTGGTCAAGAACTGGTG_004,170
GAGCTGGTCAAGAACTGGTG_005,69
GAGCTGGTCAAGAACTGGTG_006,189
GAGCTGGTCAAGAACTGGTG_007,13
GAGCTGGTCAAGAACTGGTG_008,188
GAGCTGGTCAAGAACTGGTG_009,83
GAGCTGGTCAAGAACTGGTG_010,69
GAGCTGGTCAAGAACTGGTG_011,192
GAGCTGGTCAAGAACTGGTG_012,184
GAGCTGGTCAAGAACTGGTG_013,30
GAGCTGGTCAAGAACTGGTG_014,16
GAGCTGGTCAAGAACTGGTG_015,158
GAGCTGGTCAAGAACTGGTG_016,185
GAGCTGGTCAAGAACTGGTG_017,135
GAGCTGGTCAAGAACTGGTG_018,82
GAGCTGGTCAAGAACTGGTG_019,117
GAGCTGGTCAAGAACTGGTG_020,124
GAGCTGGTCAAGAACTGGTG_021,84
GAGCTGGTCAAGAACTGGTG_022,69
GAGCTGGTCAAGAACTGGTG_023,88
GAGCTGGTCAAGAACTGGTG_024,138
GAGCTGGTCAAGAACTGGTG_025,191
GAGCTGGTCAAGAACTGGTG_026,0
GAGCTGGTCAAGAACTGGTG_027,106
GAGCTGGTCAAGAACTGGTG_028,105
GAGCTGGTCAAGAACTGGTG_029,41
GAGCTGGTCAAGAACTGGTG_030,152
GAGCTGGTCAAGAACTGGTG_031,60
GAGCTGGTCAAGAACTGGTG_032,124
GAGCTGGTCAAGAACTGGTG_033,124
GAGCTGGTCAAGAACTGGTG_034,169
GAGCTGGTCAAGAACTGGTG_035,19
GAGCTGGTCAAGAACTGGTG_036,36
GAGCTGGTCAAGAACTGGTG_037,103
GAGCTGGTCAAGAACTGGTG_038,148
TAAAGTTGGAAACGGCCCCA_001,47
TAAAGTTGGAAACGGCCCCA_002,101
TAAAGTTGGAAACGGCCCCA_003,17
TAAAGTTGGAAACGGCCCCA_004,60
TAAAGTTGGAAACGGCCCCA_005,121
TAAAGTTGGAAACGGCCCCA_006,40
TAAAGTTGGAAACGGCCCCA_007,121
TAAAGTTGGAAACGGCCCCA_008,152
TAAAGTTGGAAACGGCCCCA_009,166
TAAAGTTGGAAACGGCCCCA_010,93
TAAAGTTGGAAACGGCCCCA_011,137
TAAAGTTGGAAACGGCCCCA_012,107
TAAAGTTGGAAACGGCCCCA_013,50
TAAAGTTGGAAACGGCCCCA_014,10
TAAAGTTGGAAACGGCCCCA_015,148
GAAGTCATCTCGTAACACTG_001,181
GAAGTCATCTCGTAACACTG_002,50
GAAGTCATCTCGTAACACTG_003,1
GAAGTCATCTCGTAACACTG_004,92
GAAGTCATCTCGTAACACTG_005,149
GAAGTCATCTCGTAACACTG_006,145
GAAGTCATCTCGTAACACTG_007,55
GAAGTCATCTCGTAACACTG_008,72
GAAGTCATCTCGTAACACTG_009,70
GAAGTCATCTCGTAACACTG_010,145
TGACGCTTGTCCCCAGAGCC_001,20
TGACGCTTGTCCCCAGAGCC_002,169
TGACGCTTGTCCCCAGAGCC_003,49
TGACGCTTGTCCCCAGAGCC_004,141
TGACGCTTGTCCCCAGAGCC_005,63
TGACGCTTGTCCCCAGAGCC_006,1
TGACGCTTGTCCCCAGAGCC_007,8
TGACGCTTGTCCCCAGAGCC_008,65
TGACGCTTGTCCCCAGAGCC_009,197
TGACGCTTGTCCCCAGAGCC_010,178
TGACGCTTGTCCCCAGAGCC_011,82
TGCAAAGAACTCATATGAGG_001,118
TGCAAAGAACTCATATGAGG_002,88
TGCAAAGAACTCATATGAGG_003,62
TGCAAAGAACTCATATGAGG_004,175
TGCAAAGAACTCATATGAGG_005,130
GCTGGCTAAATATGAATACA_001,199
TGGAGACAGCCTACAAACGA_001,130
TGGAGACAGCCTACAAACGA_002,60
TGGAGACAGCCTACAAACGA_003,2
TGGAGACAGCCTACAAACGA_004,78
TGGAGACAGCCTACAAACGA_005,14
TGGAGACAGCCTACAAACGA_006,140
TGGAGACAGCCTACAAACGA_007,149
TGGAGACAGCCTACAAACGA_008,24
TGGAGACAGCCTACAAACGA_009,54
TGGAGACAGCCTACAAACGA_010,48
TGGAGACAGCCTACAAACGA_011,15
TGGAGACAGCCTACAAACGA_012,146
TGGAGTCCAAAGGAACACCG_001,118
TGGAGTCCAAAGGAACACCG_002,119
TGGAGTCCAAAGGAACACCG_003,138
TGGAGTCCAAAGGAACACCG_004,77
TGGAGTCCAAAGGAACACCG_005,17
TGGAGTCCAAAGGAACACCG_006,24
TGGAGTCCAAAGGAACACCG_007,162
TGGAGTCCAAAGGAACACCG_008,118
TGGAGTCCAAAGGAACACCG_009,9
TGGAGTCCAAAGGAACACCG_010,147
TGGAGTCCAAAGGAACACCG_011,89
TGGAGTCCAAAGGAACACCG_012,41
TGGAGTCCAAAGGAACACCG_013,179
TGGAGTCCAAAGGAACACCG_014,199
TGGAGTCCAAAGGAACACCG_015,166
CATGTGTCTCGACATCCACG_001,35
CATGTGTCTCGACATCCACG_002,148
CATGTGTCTCGACATCCACG_003,34
CATGTGTCTCGACATCCACG_004,61
CATGTGTCTCGACATCCACG_005,150
CATGTGTCTCGACATCCACG_006,60
CATGTGTCTCGACATCCACG_007,86
GGTGATGTGAGTGACATGCG_001,18
GGTGATGTGAGTGACATGCG_002,15
GGTGATGTGAGTGACATGCG_003,12
GGTGATGTGAGTGACATGCG_004,137
GGTGATGTGAGTGACATGCG_005,172
GCCAGACGACGGCATCGACG_001,157
GCCAGACGACGGCATCGACG_002,19
GCCAGACGACGGCATCGACG_003,79
GCCAGACGACGGCATCGACG_004,158
CTTGGTCCAGTCGATGACCT_001,3
CTTGGTCCAGTCGATGACCT_002,175
CTTGGTCCAGTCGATGACCT_003,82
CTTGGTCCAGTCGATGACCT_004,67
CTTGGTCCAGTCGATGACCT_005,56
CTTGGTCCAGTCGATGACCT_006,102
CTTGGTCCAGTCGATGACCT_007,78
CTTGGTCCAGTCGATGACCT_008,56
CTTGGTCCAGTCGATGACCT_009,0
CTTGGTCCAGTCGATGACCT_010,124
CTTGGTCCAGTCGATGACCT_011,144
CTTGGTCCAGTCGATGACCT_012,81
GCAGACCATGCTACGAGTGA_001,84
GCAGACCATGCTACGAGTGA_002,159
GCAGACCATGCTACGAGTGA_003,192
GCAGACCATGCTACGAGTGA_004,129
GCAGACCATGCTACGAGTGA_005,88
GCAGACCATGCTACGAGTGA_006,53
GCAGACCATGCTACGAGTGA_007,102
GCAGACCATGCTACGAGTGA_008,136
GCAGACCATGCTACGAGTGA_009,35
GCAGACCATGCTACGAGTGA_010,28
AAAACACATCAGTATAACAT_001,79
AAAACACATCAGTATAACAT_002,160
AAAACACATCAGTATAACAT_003,171
AAAACACATCAGTATAACAT_004,49
AAAACACATCAGTATAACAT_005,171
AAAACACATCAGTATAACAT_006,55
GCAGCAGTCTCTGATCGACG_001,75
GCAGCAGTCTCTGATCGACG_002,81
GCAGCAGTCTCTGATCGACG_003,5
GAGCATCCGCAAGTGGCGAG_001,191
GAGCATCCGCAAGTGGCGAG_002,191
GAGCATCCGCAAGTGGCGAG_003,147
GAGCATCCGCAAGTGGCGAG_004,116
GAGCATCCGCAAGTGGCGAG_005,130
GAGCATCCGCAAGTGGCGAG_006,50
GAGCATCCGCAAGTGGCGAG_007,168
GAGCATCCGCAAGTGGCGAG_008,137
GAGCATCCGCAAGTGGCGAG_009,40
GAGCATCCGCAAGTGGCGAG_010,85
GAGCATCCGCAAGTGGCGAG_011,7
GAGCATCCGCAAGTGGCGAG_012,68
GAGCATCCGCAAGTGGCGAG_013,58
GAGCATCCGCAAGTGGCGAG_014,84
GAGCATCCGCAAGTGGCGAG_015,46
GAGCATCCGCAAGTGGCGAG_016,38
GAGCATCCGCAAGTGGCGAG_017,35
GAGCATCCGCAAGTGGCGAG_018,171
GAGCATCCGCAAGTGGCGAG_019,149
GAGCATCCGCAAGTGGCGAG_020,49
GAGCATCCGCAAGTGGCGAG_021,52
TCAGTAAGTTTGGAATGCTG_001,177
TCAGTAAGTTTGGAATGCTG_002,86
TCAGTAAGTTTGGAATGCTG_003,68
TCAGTAAGTTTGGAATGCTG_004,19
TGCCGTACGCATCCCCACAG_001,139
TGCCGTACGCATCCCCACAG_002,118
TGCCGTACGCATCCCCACAG_003,197
TGCCGTACGCATCCCCACAG_004,19
TGCCGTACGCATCCCCACAG_005,113
TGCCGTACGCATCCCCACAG_006,177
TGCCGTACGCATCCCCACAG_007,71
TGCCGTACGCATCCCCACAG_008,60
TGCCGTACGCATCCCCACAG_009,40
TGCCGTACGCATCCCCACAG_010,30
TGCCGTACGCATCCCCACAG_011,65
TGCCGTACGCATCCCCACAG_012,69
TGCCGTACGCATCCCCACAG_013,159
TGCCGTACGCATCCCCACAG_014,87
TGCCGTACGCATCCCCACAG_015,77
TGCCGTACGCATCCCCACAG_016,80
TGCCGTACGCATCCCCACAG_017,47
TGCCGTACGCATCCCCACAG_018,89
GCAGCTGAAATTCTACGTAG_001,197
GCAGCTGAAATTCTACGTAG_002,3
GCAGCTGAAATTCTACGTAG_003,115
TCCAAGTCTTGCATAAGATG_001,32
TCCAAGTCTTGCATAAGATG_002,35
TCCAAGTCTTGCATAAGATG_003,40
TCCAAGTCTTGCATAAGATG_004,168
TTTATCGGATCCCTCCTGGT_001,120
TTTATCGGATCCCTCCTGGT_002,75
TTTATCGGATCCCTCCTGGT_003,145
TTTATCGGATCCCTCCTGGT_004,20
TTTATCGGATCCCTCCTGGT_005,116
TTTATCGGATCCCTCCTGGT_006,152
TTTATCGGATCCCTCCTGGT_007,158
TTTATCGGATCCCTCCTGGT_008,198
TTTATCGGATCCCTCCTGGT_009,127
TTTATCGGATCCCTCCTGGT_010,152
TTTATCGGATCCCTCCTGGT_011,106
TCACTGTGGATGTGTAGCAA_001,20
TCACTGTGGATGTGTAGCAA_002,49
TCACTGTGGATGTGTAGCAA_003,78
TCACTGTGGATGTGTAGCAA_004,118
TCACTGTGGATGTGTAGCAA_005,166
TCACTGTGGATGTGTAGCAA_006,158
TCACTGTGGATGTGTAGCAA_007,119
TCACTGTGGATGTGTAGCAA_008,44
TCACTGTGGATGTGTAGCAA_009,88
TTTGCCCACAGGCTGCACGT_001,3
TTTGCCCACAGGCTGCACGT_002,133
TTTGCCCACAGGCTGCACGT_003,72
TTTGCCCACAGGCTGCACGT_004,65
TTTGCCCACAGGCTGCACGT_005,101
TTTGCCCACAGGCTGCACGT_006,52
TTTGCCCACAGGCTGCACGT_007,33
TTTGCCCACAGGCTGCACGT_008,81
TTTGCCCACAGGCTGCACGT_009,172
ACCGTGCAGACAGCTTGTAG_001,48
ACCGTGCAGACAGCTTGTAG_002,173
ACCGTGCAGACAGCTTGTAG_003,112
ACCGTGCAGACAGCTTGTAG_004,91
ACCGTGCAGACAGCTTGTAG_005,198
ACCGTGCAGACAGCTTGTAG_006,28
ACCGTGCAGACAGCTTGTAG_007,151
ACCGTGCAGACAGCTTGTAG_008,114
ACCGTGCAGACAGCTTGTAG_009,110
ACCGTGCAGACAGCTTGTAG_010,12
ACCGTGCAGACAGCTTGTAG_011,12
AGTAGCGCGCAGACCCGCTG_001,145
AGTAGCGCGCAGACCCGCTG_002,15
AGTAGCGCGCAGACCCGCTG_003,146
AGTAGCGCGCAGACCCGCTG_004,2
AGTAGCGCGCAGACCCGCTG_005,184
AGTAGCGCGCAGACCCGCTG_006,177
AGTAGCGCGCAGACCCGCTG_007,150
AGTAGCGCGCAGACCCGCTG_008,107
AGTAGCGCGCAGACCCGCTG_009,88
AGTAGCGCGCAGACCCGCTG_010,153
AGTAGCGCGCAGACCCGCTG_011,77
AGTAGCGCGCAGACCCGCTG_012,169
AGTAGCGCGCAGACCCGCTG_013,15
AGTAGCGCGCAGACCCGCTG_014,164
AGTAGCGCGCAGACCCGCTG_015,43
AGTAGCGCGCAGACCCGCTG_016,182
AGTAGCGCGCAGACCCGCTG_017,172
ACCTCAGAGCAACCACAGCT_001,156
ACCTCAGAGCAACCACAGCT_002,33
ACCTCAGAGCAACCACAGCT_003,57
ACCTCAGAGCAACCACAGCT_004,169
ACCTCAGAGCAACCACAGCT_005,81
ACCTCAGAGCAACCACAGCT_006,149
ACCTCAGAGCAACCACAGCT_007,69
ACCTCAGAGCAACCACAGCT_008,33
ACCTCAGAGCAACCACAGCT_009,33
ACCTCAGAGCAACCACAGCT_010,122
ACCTCAGAGCAACCACAGCT_011,14
ACCTCAGAGCAACCACAGCT_012,33
ACCTCAGAGCAACCACAGCT_013,58
ACCTCAGAGCAACCACAGCT_014,44
ACCTCAGAGCAACCACAGCT_015,77
ACCTCAGAGCAACCACAGCT_016,65
ACCTCAGAGCAACCACAGCT_017,77
ACCTCAGAGCAACCACAGCT_018,102
ACCTCAGAGCAACCACAGCT_019,137
ACCTCAGAGCAACCACAGCT_020,12
ACCTCAGAGCAACCACAGCT_021,134
ACCTCAGAGCAACCACAGCT_022,113
ACCTCAGAGCAACCACAGCT_023,110
ACCTCAGAGCAACCACAGCT_024,186
ACCTCAGAGCAACCACAGCT_025,63
ACCTCAGAGCAACCACAGCT_026,63
ACCTCAGAGCAACCACAGCT_027,142
ACCTCAGAGCAACCACAGCT_028,46
ACCTCAGAGCAACCACAGCT_029,83
GCATCTCAAACATCCACCCA_001,160
GCATCTCAAACATCCACCCA_002,162
GCATCTCAAACATCCACCCA_003,48
GCATCTCAAACATCCACCCA_004,190
GCATCTCAAACATCCACCCA_005,60
GCATCTCAAACATCCACCCA_006,104
GCATCTCAAACATCCACCCA_007,149
GCATCTCAAACATCCACCCA_008,118
GCATCTCAAACATCCACCCA_009,27
GCATCTCAAACATCCACCCA_010,126
TAGGGAGTGGAGAACGACGT_001,181
TAGGGAGTGGAGAACGACGT_002,20
TAGGGAGTGGAGAACGACGT_003,158
TAGGGAGTGGAGAACGACGT_004,177
TAGGGAGTGGAGAACGACGT_005,159
AGAATTGAAAGAATGCATGG_001,140
AGAATTGAAAGAATGCATGG_002,38
AGAATTGAAAGAATGCATGG_003,63
AGAATTGAAAGAATGCATGG_004,194
AGAATTGAAAGAATGCATGG_005,125
AGAATTGAAAGAATGCATGG_006,188
AGAATTGAAAGAATGCATGG_007,37
AGAATTGAAAGAATGCATGG_008,27
ATAAACAGGCTTCAGAGTGA_001,141
CCAGTTATTGAATATGCCAG_001,5
TGAAGAACTGGAAATAACAC_001,90
TGAAGAACTGGAAATAACAC_002,115
TGAAGAACTGGAAATAACAC_003,78
ATAGATCTGAAACATGGAGA_001,146
ATAGATCTGAAACATGGAGA_002,50
ATAGATCTGAAACATGGAGA_003,174
ATAGATCTGAAACATGGAGA_004,137
AAGGCCCCCAAATCAACTTG_001,6
AAGGCCCCCAAATCAACTTG_002,191
AAGGCCCCCAAATCAACTTG_003,40
AAGGCCCCCAAATCAACTTG_004,147
AAGGCCCCCAAATCAACTTG_005,117
AAGGCCCCCAAATCAACTTG_006,141
AAGGCCCCCAAATCAACTTG_007,22
AAGGCCCCCAAATCAACTTG_008,60
AAGGCCCCCAAATCAACTTG_009,150
AAGGCCCCCAAATCAACTTG_010,121
AAGGCCCCCAAATCAACTTG_011,56
AAGGCCCCCAAATCAACTTG_012,39
AAGGCCCCCAAATCAACTTG_013,63
AAGTCGGCGCTGACCAAACA_001,139
AAGTCGGCGCTGACCAAACA_002,151
AAGTCGGCGCTGACCAAACA_003,127
AAGTCGGCGCTGACCAAACA_004,160
AAGTCGGCGCTGACCAAACA_005,19
AAGTCGGCGCTGACCAAACA_006,48
AAGTCGGCGCTGACCAAACA_007,170
AAGTCGGCGCTGACCAAACA_008,65
AAGTCGGCGCTGACCAAACA_009,139
AAGTCGGCGCTGACCAAACA_010,193
AAGTCGGCGCTGACCAAACA_011,70
AAGTCGGCGCTGACCAAACA_012,172
AAGTCGGCGCTGACCAAACA_013,67
AAGTCGGCGCTGACCAAACA_014,84
AAGTCGGCGCTGACCAAACA_015,122
AAGTCGGCGCTGACCAAACA_016,69
AAGTCGGCGCTGACCAAACA_017,76
AAGTCGGCGCTGACCAAACA_018,77
AAGTCGGCGCTGACCAAACA_019,184
AAGTCGGCGCTGACCAAACA_020,117
AAGTCGGCGCTGACCAAACA_021,5
AAGTCGGCGCTGACCAAACA_022,34
AAGTCGGCGCTGACCAAACA_023,166
AAGTCGGCGCTGACCAAACA_024,118
AAGTCGGCGCTGACCAAACA_025,6
TGGGAAGCACGACTTCCATG_001,133
TGGGAAGCACGACTTCCATG_002,175
TGGGAAGCACGACTTCCATG_003,170
TGGGAAGCACGACTTCCATG_004,148
TGGGAAGCACGACTTCCATG_005,173
TGGGAAGCACGACTTCCATG_006,191
TGGGAAGCACGACTTCCATG_007,46
GCCAGTTGTATCGACATCAG_001,88
GCCAGTTGTATCGACATCAG_002,147
GCCAGTTGTATCGACATCAG_003,115
GCCAGTTGTATCGACATCAG_004,196
GCCAGTTGTATCGACATCAG_005,127
GCCAGTTGTATCGACATCAG_006,56
GCCAGTTGTATCGACATCAG_007,83
GCCAGTTGTATCGACATCAG_008,178
GCCAGTTGTATCGACATCAG_009,17
GCCAGTTGTATCGACATCAG_010,169
TCATCACGAAGACAGTACCG_001,145
TCATCACGAAGACAGTACCG_002,192
TCATCACGAAGACAGTACCG_003,182
TCATCACGAAGACAGTACCG_004,15
GCTCGCCCATCGACACGCTG_001,26
GCTCGCCCATCGACACGCTG_002,111
GCTCGCCCATCGACACGCTG_003,153
GCTCGCCCATCGACACGCTG_004,15
GCTCGCCCATCGACACGCTG_005,191
GCTCGCCCATCGACACGCTG_006,166
GCTCGCCCATCGACACGCTG_007,82
GCTCGCCCATCGACACGCTG_008,121
GCTCGCCCATCGACACGCTG_009,75
GCTCGCCCATCGACACGCTG_010,197
GCTCGCCCATCGACACGCTG_011,58
GCTCGCCCATCGACACGCTG_012,23
GCTCGCCCATCGACACGCTG_013,163
GCTCGCCCATCGACACGCTG_014,113
GCTCGCCCATCGACACGCTG_015,106
GCTCGCCCATCGACACGCTG_016,145
GCTCGCCCATCGACACGCTG_017,41
GCTCGCCCATCGACACGCTG_018,107
GCTCGCCCATCGACACGCTG_019,145
GCTCGCCCATCGACACGCTG_020,70
GCTCGCCCATCGACACGCTG_021,2
GCTCGCCCATCGACACGCTG_022,2
GCTCGCCCATCGACACGCTG_023,103
GCTCGCCCATCGACACGCTG_024,186
GCTCGCCCATCGACACGCTG_025,144
GCTCGCCCATCGACACGCTG_026,153
GCTCGCCCATCGACACGCTG_027,116
GCTCGCCCATCGACACGCTG_028,160
GCTCGCCCATCGACACGCTG_029,34
GCTCGCCCATCGACACGCTG_030,149
GCTCGCCCATCGACACGCTG_031,117
AGTAGTAATTCATCCGCCTG_001,43
AGTAGTAATTCATCCGCCTG_002,86
AGTAGTAATTCATCCGCCTG_003,68
AGTAGTAATTCATCCGCCTG_004,120
CCCGGGCCAAGAAATTCCAG_001,80
CCCGGGCCAAGAAATTCCAG_002,68
CCCGGGCCAAGAAATTCCAG_003,34
CCCGGGCCAAGAAATTCCAG_004,162
GAATACCAATCAATGCACGG_001,145
GAATACCAATCAATGCACGG_002,12
GAATACCAATCAATGCACGG_003,152
GAATACCAATCAATGCACGG_004,142
GAATACCAATCAATGCACGG_005,75
GAATACCAATCAATGCACGG_006,106
GAATACCAATCAATGCACGG_007,168
GAATACCAATCAATGCACGG_008,48
GAATACCAATCAATGCACGG_009,42
GAATACCAATCAATGCACGG_010,3
GAATACCAATCAATGCACGG_011,178
GAATACCAATCAATGCACGG_012,161
GAATACCAATCAATGCACGG_013,132
GAATACCAATCAATGCACGG_014,99
GAATACCAATCAATGCACGG_015,82
GAATACCAATCAATGCACGG_016,84
GAATACCAATCAATGCACGG_017,105
GAATACCAATCAATGCACGG_018,124
GAATACCAATCAATGCACGG_019,159
GAATACCAATCAATGCACGG_020,105
GAATACCAATCAATGCACGG_021,148
GAATACCAATCAATGCACGG_022,17
TCTACACAATGTATTTGACA_001,163
AGGTGATATTGATCACAGGG_001,107
CCCCACTTCCTGCATCACAC_001,2
CCCCACTTCCTGCATCACAC_002,105
CCCCACTTCCTGCATCACAC_003,64
CCCCACTTCCTGCATCACAC_004,127
CCCCACTTCCTGCATCACAC_005,116
CCCCACTTCCTGCATCACAC_006,16
CCCCACTTCCTGCATCACAC_007,41
GCGGCAGAAACCATGTGCAC_001,170
GCGGCAGAAACCATGTGCAC_002,94
GCGGCAGAAACCATGTGCAC_003,177
GCGGCAGAAACCATGTGCAC_004,72
GCGGCAGAAACCATGTGCAC_005,137
GCGGCAGAAACCATGTGCAC_006,82
GCGGCAGAAACCATGTGCAC_007,129
GCGGCAGAAACCATGTGCAC_008,33
GCGGCAGAAACCATGTGCAC_009,75
GCGGCAGAAACCATGTGCAC_010,198
GCGGCAGAAACCATGTGCAC_011,184
GCGGCAGAAACCATGTGCAC_012,149
GCGGCAGAAACCATGTGCAC_013,69
GCGGCAGAAACCATGTGCAC_014,193
GCGGCAGAAACCATGTGCAC_015,86
GCGGCAGAAACCATGTGCAC_016,164
GCGGCAGAAACCATGTGCAC_017,11
GCGGCAGAAACCATGTGCAC_018,70
GCGGCAGAAACCATGTGCAC_019,9
GCGGCAGAAACCATGTGCAC_020,137
GCGGCAGAAACCATGTGCAC_021,9
GCGGCAGAAACCATGTGCAC_022,130
GCGGCAGAAACCATGTGCAC_023,134
GCGGCAGAAACCATGTGCAC_024,137
GCGGCAGAAACCATGTGCAC_025,115
GCGGCAGAAACCATGTGCAC_026,143
GCGGCAGAAACCATGTGCAC_027,143
GCGGCAGAAACCATGTGCAC_028,76
GCGGCAGAAACCATGTGCAC_029,83
GCGGCAGAAACCATGTGCAC_030,28
GCGGCAGAAACCATGTGCAC_031,130
GCGGCAGAAACCATGTGCAC_032,170
GCGGCAGAAACCATGTGCAC_033,142
GCGGCAGAAACCATGTGCAC_034,77
GCGGCAGAAACCATGTGCAC_035,106
GCGGCAGAAACCATGTGCAC_036,49
GCGGCAGAAACCATGTGCAC_037,58
GCGGCAGAAACCATGTGCAC_038,0
GCGGCAGAAACCATGTGCAC_039,69
GAACTGGGAGAAACAACTTG_001,63
GAACTGGGAGAAACAACTTG_002,58
GAACTGGGAGAAACAACTTG_003,6
GAACTGGGAGAAACAACTTG_004,137
GAACTGGGAGAAACAACTTG_005,170
GAACTGGGAGAAACAACTTG_006,79
GAACTGGGAGAAACAACTTG_007,2
GAACTGGGAGAAACAACTTG_008,102
GAACTGGGAGAAACAACTTG_009,150
GAACTGGGAGAAACAACTTG_010,48
GAACTGGGAGAAACAACTTG_011,60
GAACTGGGAGAAACAACTTG_012,177
GAACTGGGAGAAACAACTTG_013,40
GAACTGGGAGAAACAACTTG_014,178
GAACTGGGAGAAACAACTTG_015,90
GAACTGGGAGAAACAACTTG_016,99
GCTGATCTACGATGCCGGTG_001,163
GCTGATCTACGATGCCGGTG_002,88
GCTGATCTACGATGCCGGTG_003,13
GCTGATCTACGATGCCGGTG_004,15
AAACATGACAGCTGCCCTAC_001,149
AAACATGACAGCTGCCCTAC_002,52
AAACATGACAGCTGCCCTAC_003,17
AAACATGACAGCTGCCCTAC_004,140
AAACATGACAGCTGCCCTAC_005,55
AAACATGACAGCTGCCCTAC_006,172
AAACATGACAGCTGCCCTAC_007,49
AAACATGACAGCTGCCCTAC_008,6
AAACATGACAGCTGCCCTAC_009,197
AAACATGACAGCTGCCCTAC_010,43
AAACATGACAGCTGCCCTAC_011,1
AAACATGACAGCTGCCCTAC_012,145
AAACATGACAGCTGCCCTAC_013,52
AGAATCCTTACCGCGACCGT_001,9
AGAATCCTTACCGCGACCGT_002,42
AGAATCCTTACCGCGACCGT_003,177
AGAATCCTTACCGCGACCGT_004,162
AGAATCCTTACCGCGACCGT_005,72
AGAATCCTTACCGCGACCGT_006,94
AGAATCCTTACCGCGACCGT_007,192
AGAATCCTTACCGCGACCGT_008,192
AGAATCCTTACCGCGACCGT_009,182
AGAATCCTTACCGCGACCGT_010,61
AGAATCCTTACCGCGACCGT_011,74
AGAATCCTTACCGCGACCGT_012,8
AGAATCCTTACCGCGACCGT_013,16
AGAATCCTTACCGCGACCGT_014,170
AGAATCCTTACCGCGACCGT_015,169
AGAATCCTTACCGCGACCGT_016,32
AGAATCCTTACCGCGACCGT_017,78
AGAATCCTTACCGCGACCGT_018,9
TTGTCTGCAGTAGATAGCAT_001,191
TTGTCTGCAGTAGATAGCAT_002,154
TTGTCTGCAGTAGATAGCAT_003,76
TTGTCTGCAGTAGATAGCAT_004,192
TTGTCTGCAGTAGATAGCAT_005,76
TTCCTATGACAGCTTGAGTG_001,65
TTCCTATGACAGCTTGAGTG_002,82
TTCCTATGACAGCTTGAGTG_003,169
GATTCCGTGCTGTTCCGGCG_001,1
GATTCCGTGCTGTTCCGGCG_002,52
GATTCCGTGCTGTTCCGGCG_003,162
GATTCCGTGCTGTTCCGGCG_004,48
ATTACCATTACTGTCCCTTG_001,195
ATTACCATTACTGTCCCTTG_002,9
ATTACCATTACTGTCCCTTG_003,23
GATATTCACTGTACGCGAGG_001,108
GATATTCACTGTACGCGAGG_002,12
GATATTCACTGTACGCGAGG_003,149
GATATTCACTGTACGCGAGG_004,56
AACTGATGAGACAATTGCAG_001,23
AACTGATGAGACAATTGCAG_002,15
AACTGATGAGACAATTGCAG_003,50
AACTGATGAGACAATTGCAG_004,103
AACTGATGAGACAATTGCAG_005,76
AACTGATGAGACAATTGCAG_006,119
AACTGATGAGACAATTGCAG_007,40
AACTGATGAGACAATTGCAG_008,168
AACTGATGAGACAATTGCAG_009,12
AACTGATGAGACAATTGCAG_010,56
AACTGATGAGACAATTGCAG_011,96
AACTGATGAGACAATTGCAG_012,129
AACTGATGAGACAATTGCAG_013,17
AACTGATGAGACAATTGCAG_014,149
AACTGATGAGACAATTGCAG_015,150
AACTGATGAGACAATTGCAG_016,63
AACTGATGAGACAATTGCAG_017,63
AACTGATGAGACAATTGCAG_018,8
AACTGATGAGACAATTGCAG_019,40
AACTGATGAGACAATTGCAG_020,149
GCCCTCTGGTGGTCACGATG_001,11
GCCCTCTGGTGGTCACGATG_002,38
TAACCCACCCAGTGCATAGG_001,193
TAACCCACCCAGTGCATAGG_002,58
TAACCCACCCAGTGCATAGG_003,169
TAACCCACCCAGTGCATAGG_004,17
TAACCCACCCAGTGCATAGG_005,74
TAACCCACCCAGTGCATAGG_006,130
TAACCCACCCAGTGCATAGG_007,51
TAACCCACCCAGTGCATAGG_008,77
TAACCCACCCAGTGCATAGG_009,76
TAACCCACCCAGTGCATAGG_010,185
TAACCCACCCAGTGCATAGG_011,4
TAACCCACCCAGTGCATAGG_012,69
TAACCCACCCAGTGCATAGG_013,39
TAACCCACCCAGTGCATAGG_014,3
TAACCCACCCAGTGCATAGG_015,91
TAACCCACCCAGTGCATAGG_016,177
AGCACATAAAAATAGTTTGG_001,175
AGCACATAAAAATAGTTTGG_002,59
AGCACATAAAAATAGTTTGG_003,9
CCAGAGTCATGACGCTCAGG_001,191
CCAGAGTCATGACGCTCAGG_002,103
CCAGAGTCATGACGCTCAGG_003,11
CCAGAGTCATGACGCTCAGG_004,34
CCAGAGTCATGACGCTCAGG_005,177
CCAGAGTCATGACGCTCAGG_006,38
TGACATAGATGAAGACGCAT_001,27
TGACATAGATGAAGACGCAT_002,153
TGACATAGATGAAGACGCAT_003,189
TGACATAGATGAAGACGCAT_004,5
TGACATAGATGAAGACGCAT_005,39
TGACATAGATGAAGACGCAT_006,29
GACCCCGAGCTTGGGTACGA_001,37
GACCCCGAGCTTGGGTACGA_002,49
GACCCCGAGCTTGGGTACGA_003,1
GACCCCGAGCTTGGGTACGA_004,198
GACCCCGAGCTTGGGTACGA_005,84
GACCCCGAGCTTGGGTACGA_006,77
GACCCCGAGCTTGGGTACGA_007,77
GACCCCGAGCTTGGGTACGA_008,139
GACCCCGAGCTTGGGTACGA_009,157
GTTTCCACTCATACTCGAAG_001,83
GTTTCCACTCATACTCGAAG_002,55
TTCCCTTAGCAGAATCCACG_001,111
TTCCCTTAGCAGAATCCACG_002,105
TTCCCTTAGCAGAATCCACG_003,113
TTCCCTTAGCAGAATCCACG_004,123
TTCCCTTAGCAGAATCCACG_005,113
TTCCCTTAGCAGAATCCACG_006,64
TTCCCTTAGCAGAATCCACG_007,10
TTCCCTTAGCAGAATCCACG_008,54
TTCCCTTAGCAGAATCCACG_009,60
GCTGCTCACGCCCCGCGCTG_001,1
GCTGCTCACGCCCCGCGCTG_002,96
GCTGCTCACGCCCCGCGCTG_003,72
GCTGCTCACGCCCCGCGCTG_004,53
GCTGCTCACGCCCCGCGCTG_005,89
GCTGCTCACGCCCCGCGCTG_006,147
GCTGCTCACGCCCCGCGCTG_007,117
GGAGGTGTGTGCCTAACCAG_001,88
GGAGGTGTGTGCCTAACCAG_002,188
GGAGGTGTGTGCCTAACCAG_003,78
GGAGGTGTGTGCCTAACCAG_004,150
GGAGGTGTGTGCCTAACCAG_005,15
GGAGGTGTGTGCCTAACCAG_006,16
GGAGGTGTGTGCCTAACCAG_007,188
GGAGGTGTGTGCCTAACCAG_008,169
GGAGGTGTGTGCCTAACCAG_009,97
GGAGGTGTGTGCCTAACCAG_010,57
GGAGGTGTGTGCCTAACCAG_011,148
GGAGGTGTGTGCCTAACCAG_012,50
GGAGGTGTGTGCCTAACCAG_013,36
GGAGGTGTGTGCCTAACCAG_014,156
GGAGGTGTGTGCCTAACCAG_015,106
GGAGGTGTGTGCCTAACCAG_016,19
GGAGGTGTGTGCCTAACCAG_017,9
GGAGGTGTGTGCCTAACCAG_018,189
GGAGGTGTGTGCCTAACCAG_019,152
GGAGGTGTGTGCCTAACCAG_020,28
GGAGGTGTGTGCCTAACCAG_021,193
GGAGGTGTGTGCCTAACCAG_022,124
GGAGGTGTGTGCCTAACCAG_023,69
GGAGGTGTGTGCCTAACCAG_024,70
GTTGTGTAAAGCCTATCAGG_001,84
GTTGTGTAAAGCCTATCAGG_002,116
GTTGTGTAAAGCCTATCAGG_003,15
GTTGTGTAAAGCCTATCAGG_004,105
GTTGTGTAAAGCCTATCAGG_005,141
GTTGTGTAAAGCCTATCAGG_006,158
GTTGTGTAAAGCCTATCAGG_007,91
GTTGTGTAAAGCCTATCAGG_008,122
GTTGTGTAAAGCCTATCAGG_009,77
GTTGTGTAAAGCCTATCAGG_010,94
GTTGTGTAAAGCCTATCAGG_011,149
GTTGTGTAAAGCCTATCAGG_012,198
GTTGTGTAAAGCCTATCAGG_013,4
GTTGTGTAAAGCCTATCAGG_014,170
AGGCCACCAAACTGGTTAAG_001,150
AGGCCACCAAACTGGTTAAG_002,13
AGGCCACCAAACTGGTTAAG_003,127
AGGCCACCAAACTGGTTAAG_004,127
AGGCCACCAAACTGGTTAAG_005,75
AGGCCACCAAACTGGTTAAG_006,41
AGGCCACCAAACTGGTTAAG_007,17
AGGCCACCAAACTGGTTAAG_008,150
AGGCCACCAAACTGGTTAAG_009,147
AGGCCACCAAACTGGTTAAG_010,128
AGGCCACCAAACTGGTTAAG_011,40
AGGCCACCAAACTGGTTAAG_012,168
AGGCCACCAAACTGGTTAAG_013,6
AGGCCACCAAACTGGTTAAG_014,4
AGGCCACCAAACTGGTTAAG_015,66
AGGCCACCAAACTGGTTAAG_016,69
AGGCCACCAAACTGGTTAAG_017,50
AGGCCACCAAACTGGTTAAG_018,50
AGGCCACCAAACTGGTTAAG_019,190
AGGCCACCAAACTGGTTAAG_020,0
AGGCCACCAAACTGGTTAAG_021,184
AGGCCACCAAACTGGTTAAG_022,48
AGGCCACCAAACTGGTTAAG_023,48
AGGCCACCAAACTGGTTAAG_024,63
AGGCCACCAAACTGGTTAAG_025,57
TTTGCTGTGAAAGCCCAAGT_001,88
TTTGCTGTGAAAGCCCAAGT_002,113
TTTGCTGTGAAAGCCCAAGT_003,119
TTTGCTGTGAAAGCCCAAGT_004,194
TTTGCTGTGAAAGCCCAAGT_005,103
TTTGCTGTGAAAGCCCAAGT_006,188
TTTGCTGTGAAAGCCCAAGT_007,131
TTTGCTGTGAAAGCCCAAGT_008,131
TTTGCTGTGAAAGCCCAAGT_009,75
TTTGCTGTGAAAGCCCAAGT_010,140
TTTGCTGTGAAAGCCCAAGT_011,176
TTTGCTGTGAAAGCCCAAGT_012,46
TTTGCTGTGAAAGCCCAAGT_013,130
TTTGCTGTGAAAGCCCAAGT_014,43
CATGGCGTTGGACATGAACA_001,137
CATGGCGTTGGACATGAACA_002,70
CATGGCGTTGGACATGAACA_003,184
CATGGCGTTGGACATGAACA_004,156
CATGGCGTTGGACATGAACA_005,28
CATGGCGTTGGACATGAACA_006,49
CATGGCGTTGGACATGAACA_007,87
CATGGCGTTGGACATGAACA_008,87
CATGGCGTTGGACATGAACA_009,14
GGCGTGCAGGAACATGAGCA_001,60
GGCGTGCAGGAACATGAGCA_002,63
GGCGTGCAGGAACATGAGCA_003,130
GGCGTGCAGGAACATGAGCA_004,34
GGCGTGCAGGAACATGAGCA_005,28
GGCGTGCAGGAACATGAGCA_006,139
GGCGTGCAGGAACATGAGCA_007,122
GGCGTGCAGGAACATGAGCA_008,133
GGCGTGCAGGAACATGAGCA_009,179
GGCGTGCAGGAACATGAGCA_010,67
GGCGTGCAGGAACATGAGCA_011,155
GGCGTGCAGGAACATGAGCA_012,118
GGCGTGCAGGAACATGAGCA_013,41
GTGGAGCACTTCTTTCGACA_001,94
GCAGTCCATCCCCTGGACGG_001,164
GCAGTCCATCCCCTGGACGG_002,134
GCAGTCCATCCCCTGGACGG_003,104
GCAGTCCATCCCCTGGACGG_004,45
GCAGTCCATCCCCTGGACGG_005,125
GCAGTCCATCCCCTGGACGG_006,105
CTGCTCTTGAAATTTCCGCA_001,197
CTGCTCTTGAAATTTCCGCA_002,41
CTGCTCTTGAAATTTCCGCA_003,199
CTGCTCTTGAAATTTCCGCA_004,138
CTGCTCTTGAAATTTCCGCA_005,191
CTGCTCTTGAAATTTCCGCA_006,166
CTGCTCTTGAAATTTCCGCA_007,27
CTGCTCTTGAAATTTCCGCA_008,62
CTGCTCTTGAAATTTCCGCA_009,42
CTGCTCTTGAAATTTCCGCA_010,98
CTGCTCTTGAAATTTCCGCA_011,3
CTGCTCTTGAAATTTCCGCA_012,69
CTGCTCTTGAAATTTCCGCA_013,72
CTGCTCTTGAAATTTCCGCA_014,76
CTGCTCTTGAAATTTCCGCA_015,1
CTGCTCTTGAAATTTCCGCA_016,177
CTGCTCTTGAAATTTCCGCA_017,63
CTGCTCTTGAAATTTCCGCA_018,88
CTGCTCTTGAAATTTCCGCA_019,106
CTGCTCTTGAAATTTCCGCA_020,81
CTGCTCTTGAAATTTCCGCA_021,34
ACTTCAACAATATGCAGTCG_001,184
ACTTCAACAATATGCAGTCG_002,127
ACTTCAACAATATGCAGTCG_003,30
TGTAAAAGTACACGCACCAT_001,23
TGTAAAAGTACACGCACCAT_002,100
TGTAAAAGTACACGCACCAT_003,141
TGTAAAAGTACACGCACCAT_004,88
TGTAAAAGTACACGCACCAT_005,94
TGTAAAAGTACACGCACCAT_006,193
TGTAAAAGTACACGCACCAT_007,37
TGTAAAAGTACACGCACCAT_008,144
TGTAAAAGTACACGCACCAT_009,124
GAAAAACATTCTCCCCCGGG_001,88
GAAAAACATTCTCCCCCGGG_002,184
GAAAAACATTCTCCCCCGGG_003,75
AGAGCAATCACTGTACCTGG_001,129
AGAGCAATCACTGTACCTGG_002,60
AGAGCAATCACTGTACCTGG_003,193
AGAGCAATCACTGTACCTGG_004,147
AGAGCAATCACTGTACCTGG_005,49
AGAGCAATCACTGTACCTGG_006,107
AGAGCAATCACTGTACCTGG_007,39
AGAGCAATCACTGTACCTGG_008,28
CCAAGTGTTCTTCATAACTG_001,171
CCAAGTGTTCTTCATAACTG_002,176
CCAAGTGTTCTTCATAACTG_003,160
GAAACTAACAAGAAAGAAGG_001,146
GAAACTAACAAGAAAGAAGG_002,146
GAAACTAACAAGAAAGAAGG_003,74
GAAACTAACAAGAAAGAAGG_004,102
GAAACTAACAAGAAAGAAGG_005,169
GAAACTAACAAGAAAGAAGG_006,115
GAAACTAACAAGAAAGAAGG_007,114
TGACATGTTAATTCCTACTG_001,62
TGACATGTTAATTCCTACTG_002,62
TGACATGTTAATTCCTACTG_003,188
TGACATGTTAATTCCTACTG_004,188
TGACATGTTAATTCCTACTG_005,64
TGACATGTTAATTCCTACTG_006,198
AGCTCATGCACGTTGCTAAG_001,63
AGCTCATGCACGTTGCTAAG_002,198
AGCTCATGCACGTTGCTAAG_003,142
AGCTCATGCACGTTGCTAAG_004,115
AGCTCATGCACGTTGCTAAG_005,49
AGCTCATGCACGTTGCTAAG_006,93
AGCTCATGCACGTTGCTAAG_007,129
AGCTCATGCACGTTGCTAAG_008,40
AGCTCATGCACGTTGCTAAG_009,29
AGCTCATGCACGTTGCTAAG_010,89
AGCTCATGCACGTTGCTAAG_011,158
AGCTCATGCACGTTGCTAAG_012,70
AGCTCATGCACGTTGCTAAG_013,66
AGCTCATGCACGTTGCTAAG_014,150
CATCGTCCTGGACAAGCTAG_001,177
CATCGTCCTGGACAAGCTAG_002,97
CATCGTCCTGGACAAGCTAG_003,166
CATCGTCCTGGACAAGCTAG_004,58
CATCGTCCTGGACAAGCTAG_005,28
CCAGGGCCGGAGCTACGACA_001,149
CCAGGGCCGGAGCTACGACA_002,13
CCAGGGCCGGAGCTACGACA_003,56
CCAGGGCCGGAGCTACGACA_004,177
CCAGGGCCGGAGCTACGACA_005,162
CCAGGGCCGGAGCTACGACA_006,155
CCAGGGCCGGAGCTACGACA_007,0
CCAGGGCCGGAGCTACGACA_008,107
CCAGGGCCGGAGCTACGACA_009,108
TGGTATTAGAGGATAGCAGG_001,101
TGGTATTAGAGGATAGCAGG_002,132
TGGTATTAGAGGATAGCAGG_003,110
TGGTATTAGAGGATAGCAGG_004,106
TGGTATTAGAGGATAGCAGG_005,185
TGGTATTAGAGGATAGCAGG_006,91
TGGTATTAGAGGATAGCAGG_007,36
TGGTATTAGAGGATAGCAGG_008,179
TGGTATTAGAGGATAGCAGG_009,17
GGTGCCACTGTCCCTCAAGG_001,76
ATTTAAGACCTCCTATGGCA_001,77
ATTTAAGACCTCCTATGGCA_002,88
ATTTAAGACCTCCTATGGCA_003,8
ATTTAAGACCTCCTATGGCA_004,82
ATTTAAGACCTCCTATGGCA_005,150
ATTTAAGACCTCCTATGGCA_006,39
ATTTAAGACCTCCTATGGCA_007,68
GCAGCGACAACTGTACAAGG_001,76
GCAGCGACAACTGTACAAGG_002,63
GCAGCGACAACTGTACAAGG_003,6
GCAGCGACAACTGTACAAGG_004,126
GACGGACGAAGAGATTGGGA_001,17
GACGGACGAAGAGATTGGGA_002,105
GACGGACGAAGAGATTGGGA_003,134
GACGGACGAAGAGATTGGGA_004,165
GACGGACGAAGAGATTGGGA_005,101
GACGGACGAAGAGATTGGGA_006,100
GACGGACGAAGAGATTGGGA_007,76
GACGGACGAAGAGATTGGGA_008,92
GACGGACGAAGAGATTGGGA_009,146
GACGGACGAAGAGATTGGGA_010,183
GACGGACGAAGAGATTGGGA_011,1
GACGGACGAAGAGATTGGGA_012,169
GACGGACGAAGAGATTGGGA_013,15
GCCAAAGACACTCTAGACAA_001,57
GCCAAAGACACTCTAGACAA_002,141
GCCAAAGACACTCTAGACAA_003,145
GCCAAAGACACTCTAGACAA_004,107
GCCAAAGACACTCTAGACAA_005,25
GCCAAAGACACTCTAGACAA_006,188
GGCGGGTCCTGTGAGAATAG_001,85
GGCGGGTCCTGTGAGAATAG_002,199
GGCGGGTCCTGTGAGAATAG_003,79
GGCGGGTCCTGTGAGAATAG_004,17
GGCGGGTCCTGTGAGAATAG_005,162
GGCGGGTCCTGTGAGAATAG_006,58
GGCGGGTCCTGTGAGAATAG_007,35
GGCGGGTCCTGTGAGAATAG_008,104
ATTGCTTATACATGAAAGAG_001,194
ATTGCTTATACATGAAAGAG_002,163
ATTGCTTATACATGAAAGAG_003,68
ATTGCTTATACATGAAAGAG_004,80
ATTGCTTATACATGAAAGAG_005,123
ATTGCTTATACATGAAAGAG_006,158
GTCTGGTACGACATGTTCCG_001,34
GTCTGGTACGACATGTTCCG_002,49
GTCTGGTACGACATGTTCCG_003,147
GTCTGGTACGACATGTTCCG_004,62
GTCTGGTACGACATGTTCCG_005,116
GTTTGTAGTGACGTTTGCAA_001,29
GTTTGTAGTGACGTTTGCAA_002,51
GTTTGTAGTGACGTTTGCAA_003,104
GTTTGTAGTGACGTTTGCAA_004,48
GTTTGTAGTGACGTTTGCAA_005,176
GTTTGTAGTGACGTTTGCAA_006,140
GTTTGTAGTGACGTTTGCAA_007,178
GTTTGTAGTGACGTTTGCAA_008,104
GTTTGTAGTGACGTTTGCAA_009,191
GTTTGTAGTGACGTTTGCAA_010,171
GTTTGTAGTGACGTTTGCAA_011,64
GTTTGTAGTGACGTTTGCAA_012,80
GTTTGTAGTGACGTTTGCAA_013,23
GTTTGTAGTGACGTTTGCAA_014,62
GTTTGTAGTGACGTTTGCAA_015,159
GTTTGTAGTGACGTTTGCAA_016,103
GTTTGTAGTGACGTTTGCAA_017,88
GTTTGTAGTGACGTTTGCAA_018,108
GTTTGTAGTGACGTTTGCAA_019,43
ACTAACGGGTTTGTTCGTGG_001,21
ACTAACGGGTTTGTTCGTGG_002,85
ACTAACGGGTTTGTTCGTGG_003,83
ACTAACGGGTTTGTTCGTGG_004,194
ACTAACGGGTTTGTTCGTGG_005,175
ACTAACGGGTTTGTTCGTGG_006,75
ACTAACGGGTTTGTTCGTGG_007,113
ACTAACGGGTTTGTTCGTGG_008,153
ACTAACGGGTTTGTTCGTGG_009,2
ACTAACGGGTTTGTTCGTGG_010,68
TCAGTCAGAGAGCCCTGCAC_001,60
TCAGTCAGAGAGCCCTGCAC_002,105
TCAGTCAGAGAGCCCTGCAC_003,143
TCAGTCAGAGAGCCCTGCAC_004,40
TCAGTCAGAGAGCCCTGCAC_005,27
CTATACCTGGCAACTCACAT_001,28
CTATACCTGGCAACTCACAT_002,63
CTATACCTGGCAACTCACAT_003,19
CTATACCTGGCAACTCACAT_004,61
CTATACCTGGCAACTCACAT_005,188
CTATACCTGGCAACTCACAT_006,43
CTATACCTGGCAACTCACAT_007,82
CTATACCTGGCAACTCACAT_008,198
CTATACCTGGCAACTCACAT_009,144
CTATACCTGGCAACTCACAT_010,25
CTATACCTGGCAACTCACAT_011,65
CTATACCTGGCAACTCACAT_012,137
CATCCACCCATCCTTCAAGA_001,168
CTGCGAGCCACCTACCGCGA_001,15
CTGCGAGCCACCTACCGCGA_002,181
CTGCGAGCCACCTACCGCGA_003,183
CTGCGAGCCACCTACCGCGA_004,166
CTGCGAGCCACCTACCGCGA_005,19
CTGCGAGCCACCTACCGCGA_006,181
CTGCGAGCCACCTACCGCGA_007,118
CTGCGAGCCACCTACCGCGA_008,155
CTGCGAGCCACCTACCGCGA_009,11
CTGCGAGCCACCTACCGCGA_010,180
CTGCGAGCCACCTACCGCGA_011,34
AAACACCAACAATACAAAGG_001,121
AAACACCAACAATACAAAGG_002,156
AAACACCAACAATACAAAGG_003,156
AAACACCAACAATACAAAGG_004,110
AAACACCAACAATACAAAGG_005,150
AAACACCAACAATACAAAGG_006,52
AAACACCAACAATACAAAGG_007,99
AAACACCAACAATACAAAGG_008,102
CTTTCTGCCTCCCGTCCAAG_001,174
CTTTCTGCCTCCCGTCCAAG_002,154
CTTTCTGCCTCCCGTCCAAG_003,105
CTTTCTGCCTCCCGTCCAAG_004,92
CTTTCTGCCTCCCGTCCAAG_005,191
CTTTCTGCCTCCCGTCCAAG_006,48
CTTTCTGCCTCCCGTCCAAG_007,1
CCAGCTAGACTCCTACTCCG_001,107
CCAGCTAGACTCCTACTCCG_002,148
CCAGCTAGACTCCTACTCCG_003,74
CTTCAACAAGAACCTGAACG_001,97
CTTCAACAAGAACCTGAACG_002,149
CTTCAACAAGAACCTGAACG_003,102
CTTCAACAAGAACCTGAACG_004,174
ATCTGAAACTAGTGATTGTG_001,168
GATGGTTGTAATGTCGACGA_001,195
GATGGTTGTAATGTCGACGA_002,70
GCCAGCTGACCATTATTGAG_001,199
GCCAGCTGACCATTATTGAG_002,105
TGCTTCAGGACGCCTCAGGT_001,133
TGCTTCAGGACGCCTCAGGT_002,84
TGCTTCAGGACGCCTCAGGT_003,32
TGCTTCAGGACGCCTCAGGT_004,127
TGCTTCAGGACGCCTCAGGT_005,129
TGCTTCAGGACGCCTCAGGT_006,131
TGCTTCAGGACGCCTCAGGT_007,68
TGCTTCAGGACGCCTCAGGT_008,17
TGCTTCAGGACGCCTCAGGT_009,113
GGTAGCGAAAACCGAACTTG_001,113
GGTAGCGAAAACCGAACTTG_002,102
GGTAGCGAAAACCGAACTTG_003,184
GGTAGCGAAAACCGAACTTG_004,34
GGTAGCGAAAACCGAACTTG_005,113
GGTAGCGAAAACCGAACTTG_006,184
GGTAGCGAAAACCGAACTTG_007,151
GGTAGCGAAAACCGAACTTG_008,40
GGTAGCGAAAACCGAACTTG_009,133
GGTAGCGAAAACCGAACTTG_010,56
GGTAGCGAAAACCGAACTTG_011,125
GGTAGCGAAAACCGAACTTG_012,32
GGTAGCGAAAACCGAACTTG_013,152
TGGCGGTTTCTGTCTATGTG_001,139
TGGCGGTTTCTGTCTATGTG_002,118
TGGCGGTTTCTGTCTATGTG_003,38
TGGCGGTTTCTGTCTATGTG_004,28
TGGCGGTTTCTGTCTATGTG_005,95
TGGCGGTTTCTGTCTATGTG_006,161
TGGCGGTTTCTGTCTATGTG_007,48
TGGCGGTTTCTGTCTATGTG_008,114
TGGCGGTTTCTGTCTATGTG_009,1
TGGCGGTTTCTGTCTATGTG_010,134
TGGCGGTTTCTGTCTATGTG_011,134
TGGCGGTTTCTGTCTATGTG_012,104
TGGCGGTTTCTGTCTATGTG_013,103
TGGCGGTTTCTGTCTATGTG_014,60
TGGCGGTTTCTGTCTATGTG_015,190
TGGCGGTTTCTGTCTATGTG_016,144
TGGCGGTTTCTGTCTATGTG_017,197
TGGCGGTTTCTGTCTATGTG_018,94
TGGCGGTTTCTGTCTATGTG_019,168
TGGCGGTTTCTGTCTATGTG_020,144
TGGCGGTTTCTGTCTATGTG_021,147
TGGCGGTTTCTGTCTATGTG_022,51
TGGCGGTTTCTGTCTATGTG_023,22
AGCTTTGTGACTAACCAGCG_001,145
AGCTTTGTGACTAACCAGCG_002,127
AGCTTTGTGACTAACCAGCG_003,50
AGCTTTGTGACTAACCAGCG_004,25
AGCTTTGTGACTAACCAGCG_005,158
AAAAGATTCTAGCAGCCAGG_001,28
AAAAGATTCTAGCAGCCAGG_002,168
AAAAGATTCTAGCAGCCAGG_003,12
AGGGCTGGGTGACTGGCCAA_001,97
AGGGCTGGGTGACTGGCCAA_002,62
AGGGCTGGGTGACTGGCCAA_003,102
AGGGCTGGGTGACTGGCCAA_004,119
AGGGCTGGGTGACTGGCCAA_005,16
AGGGCTGGGTGACTGGCCAA_006,31
AGGGCTGGGTGACTGGCCAA_007,65
AGGGCTGGGTGACTGGCCAA_008,105
AGGGCTGGGTGACTGGCCAA_009,5
AGGGCTGGGTGACTGGCCAA_010,191
AGGGCTGGGTGACTGGCCAA_011,27
ATGGACCATCAAACTAGCGG_001,53
ATGGACCATCAAACTAGCGG_002,153
CGTGCTCACTTGAACCACGA_001,155
CGTGCTCACTTGAACCACGA_002,66
CGTGCTCACTTGAACCACGA_003,107
CGTGCTCACTTGAACCACGA_004,113
GATGATGTCAATACAGCCTG_001,75
GATGATGTCAATACAGCCTG_002,48
GATGATGTCAATACAGCCTG_003,146
CTCTGGGGAACTGATCCCCG_001,35
CTCTGGGGAACTGATCCCCG_002,178
CTCTGGGGAACTGATCCCCG_003,36
CTCTGGGGAACTGATCCCCG_004,34
CTCTGGGGAACTGATCCCCG_005,53
CTCTGGGGAACTGATCCCCG_006,54
CTCTGGGGAACTGATCCCCG_007,141
CTCTGGGGAACTGATCCCCG_008,6
CTCTGGGGAACTGATCCCCG_009,73
CTCTGGGGAACTGATCCCCG_010,161
CTCTGGGGAACTGATCCCCG_011,36
CTCTGGGGAACTGATCCCCG_012,127
CTCTGGGGAACTGATCCCCG_013,170
CTCTGGGGAACTGATCCCCG_014,174
CTCTGGGGAACTGATCCCCG_015,176
CTCTGGGGAACTGATCCCCG_016,116
CTCTGGGGAACTGATCCCCG_017,10
CTCTGGGGAACTGATCCCCG_018,15
CTCTGGGGAACTGATCCCCG_019,88
CTCTGGGGAACTGATCCCCG_020,126
CTCTGGGGAACTGATCCCCG_021,156
CTCTGGGGAACTGATCCCCG_022,68
CTCTGGGGAACTGATCCCCG_023,9
CTCTGGGGAACTGATCCCCG_024,4
CTCTGGGGAACTGATCCCCG_025,63
CTCTGGGGAACTGATCCCCG_026,110
CTCAGCCTACAGTATGACAT_001,127
CTCAGCCTACAGTATGACAT_002,140
CTCAGCCTACAGTATGACAT_003,117
CTCAGCCTACAGTATGACAT_004,45
CTCAGCCTACAGTATGACAT_005,198
CTCAGCCTACAGTATGACAT_006,28
CTCAGCCTACAGTATGACAT_007,2
CTCAGCCTACAGTATGACAT_008,1
CTCAGCCTACAGTATGACAT_009,35
GGCCGCATCCTCGACAGTCG_001,129
GGCCGCATCCTCGACAGTCG_002,5
GGCCGCATCCTCGACAGTCG_003,54
GGCCGCATCCTCGACAGTCG_004,137
GGCCGCATCCTCGACAGTCG_005,13
GGCCGCATCCTCGACAGTCG_006,149
GGCCGCATCCTCGACAGTCG_007,27
GGCCGCATCCTCGACAGTCG_008,153
AGACAAGATTCTAAAGACAG_001,28
AGACAAGATTCTAAAGACAG_002,187
AGACAAGATTCTAAAGACAG_003,58
AGACAAGATTCTAAAGACAG_004,159
ATGATGCCACTGATCAAACC_001,125
ATGATGCCACTGATCAAACC_002,53
ATGATGCCACTGATCAAACC_003,194
ATGATGCCACTGATCAAACC_004,34
ATGATGCCACTGATCAAACC_005,146
ATGATGCCACTGATCAAACC_006,184
ATGATGCCACTGATCAAACC_007,34
CCAGAATCTGCATTAAAACG_001,166
CCAGAATCTGCATTAAAACG_002,5
CCAGAATCTGCATTAAAACG_003,78
CCAGAATCTGCATTAAAACG_004,193
CCAGAATCTGCATTAAAACG_005,63
ACTGGGCGGCTAGTCCGATG_001,88
ACTGGGCGGCTAGTCCGATG_002,145
ACTGGGCGGCTAGTCCGATG_003,66
ACTGGGCGGCTAGTCCGATG_004,82
ACTGGGCGGCTAGTCCGATG_005,156
ACTGGGCGGCTAGTCCGATG_006,55
AATGGTGTATTCGAGCACCT_001,164
AATGGTGTATTCGAGCACCT_002,45
AATGGTGTATTCGAGCACCT_003,38
AATGGTGTATTCGAGCACCT_004,80
AATGGTGTATTCGAGCACCT_005,28
AATGGTGTATTCGAGCACCT_006,13
AATGGTGTATTCGAGCACCT_007,90
AATGGTGTATTCGAGCACCT_008,123
ACCTACAATACCTCGCCCAC_001,147
ACCTACAATACCTCGCCCAC_002,150
ACCTACAATACCTCGCCCAC_003,81
ACCTACAATACCTCGCCCAC_004,162
ACCTACAATACCTCGCCCAC_005,58
TACTCACCTCTATCGTGTAA_001,94
TACTCGGTTGATGATCCCGA_001,96
TACTCGGTTGATGATCCCGA_002,76
TACTCGGTTGATGATCCCGA_003,62
AGCCAGGTCCACTCGCTCGG_001,130
AGCCAGGTCCACTCGCTCGG_002,35
AGCCAGGTCCACTCGCTCGG_003,137
AGCCAGGTCCACTCGCTCGG_004,114
AGCCAGGTCCACTCGCTCGG_005,48
AGCCAGGTCCACTCGCTCGG_006,129
AGCCAGGTCCACTCGCTCGG_007,12
AGCCAGGTCCACTCGCTCGG_008,88
AGCCAGGTCCACTCGCTCGG_009,40
AGCCAGGTCCACTCGCTCGG_010,147
GTGGGCGCCCTCCGCAAGGG_001,184
GTGGGCGCCCTCCGCAAGGG_002,88
GTGGGCGCCCTCCGCAAGGG_003,170
GTGGGCGCCCTCCGCAAGGG_004,96
GTGGGCGCCCTCCGCAAGGG_005,114
GTGGGCGCCCTCCGCAAGGG_006,141
GTGGGCGCCCTCCGCAAGGG_007,176
GTGGGCGCCCTCCGCAAGGG_008,111
GTGGGCGCCCTCCGCAAGGG_009,194
GTGGGCGCCCTCCGCAAGGG_010,85
GTGGGCGCCCTCCGCAAGGG_011,177
GTGGGCGCCCTCCGCAAGGG_012,113
GTGGGCGCCCTCCGCAAGGG_013,142
GTGGGCGCCCTCCGCAAGGG_014,165
GTGGGCGCCCTCCGCAAGGG_015,12
GTGGGCGCCCTCCGCAAGGG_016,11
GTGGGCGCCCTCCGCAAGGG_017,198
GCTTCGATGACACCCCTCTG_001,80
GCTTCGATGACACCCCTCTG_002,152
GCTTCGATGACACCCCTCTG_003,184
GCTTCGATGACACCCCTCTG_004,118
GCTTCGATGACACCCCTCTG_005,61
GACCCCAAGGCTAGCAACTG_001,20
GACCCCAAGGCTAGCAACTG_002,129
GACCCCAAGGCTAGCAACTG_003,142
GACCCCAAGGCTAGCAACTG_004,106
GACCCCAAGGCTAGCAACTG_005,51
GACCCCAAGGCTAGCAACTG_006,116
GACCCCAAGGCTAGCAACTG_007,144
GACCCCAAGGCTAGCAACTG_008,50
GACCCCAAGGCTAGCAACTG_009,177
GACCCCAAGGCTAGCAACTG_010,13
GACCCCAAGGCTAGCAACTG_011,14
GGACTATATACAACTCACAC_001,170
GGACTATATACAACTCACAC_002,160
CCAGCTGGGCAAGACCATTG_001,184
CCAGCTGGGCAAGACCATTG_002,138
CCAGCTGGGCAAGACCATTG_003,166
CCAGCTGGGCAAGACCATTG_004,115
CCAGCTGGGCAAGACCATTG_005,88
CCAGCTGGGCAAGACCATTG_006,43
CCAGCTGGGCAAGACCATTG_007,37
CCAGCTGGGCAAGACCATTG_008,138
CCAGCTGGGCAAGACCATTG_009,24
CCAGCTGGGCAAGACCATTG_010,50
CCAGCTGGGCAAGACCATTG_011,50
CCAGCTGGGCAAGACCATTG_012,104
CCAGCTGGGCAAGACCATTG_013,104
CCAGCTGGGCAAGACCATTG_014,17
CCAGCTGGGCAAGACCATTG_015,33
CCAGCTGGGCAAGACCATTG_016,7
CCAGCTGGGCAAGACCATTG_017,119
CCAGCTGGGCAAGACCATTG_018,174
CCAGCTGGGCAAGACCATTG_019,144
CCAGCTGGGCAAGACCATTG_020,32
CCAGCTGGGCAAGACCATTG_021,75
GGAGCCCACTCGGATTCCAG_001,59
GGAGCCCACTCGGATTCCAG_002,147
GGAGCCCACTCGGATTCCAG_003,26
GAAGTTATCAGTCGGCATCT_001,191
GAAGTTATCAGTCGGCATCT_002,85
GAAGTTATCAGTCGGCATCT_003,51
GAAGTTATCAGTCGGCATCT_004,162
GAAGTTATCAGTCGGCATCT_005,76
GAAGTTATCAGTCGGCATCT_006,197
GAAGTTATCAGTCGGCATCT_007,9
GAAGTTATCAGTCGGCATCT_008,120
GAAGTTATCAGTCGGCATCT_009,199
GAAGTTATCAGTCGGCATCT_010,160
GAAGTTATCAGTCGGCATCT_011,148
GAAGTTATCAGTCGGCATCT_012,88
GAAGTTATCAGTCGGCATCT_013,56
GAAGTTATCAGTCGGCATCT_014,34
GAAGTTATCAGTCGGCATCT_015,33
CCCCGAAAAGGACACCCGGA_001,102
CCCCGAAAAGGACACCCGGA_002,45
CCCCGAAAAGGACACCCGGA_003,19
CCCCGAAAAGGACACCCGGA_004,60
CCCCGAAAAGGACACCCGGA_005,198
CCCCGAAAAGGACACCCGGA_006,108
CCCCGAAAAGGACACCCGGA_007,185
CCCCGAAAAGGACACCCGGA_008,120
CCCCGAAAAGGACACCCGGA_009,162
CCCCGAAAAGGACACCCGGA_010,17
CCCCGAAAAGGACACCCGGA_011,99
CCCCGAAAAGGACACCCGGA_012,151
CCCCGAAAAGGACACCCGGA_013,56
CCCCGAAAAGGACACCCGGA_014,130
CCCCGAAAAGGACACCCGGA_015,49
CCCCGAAAAGGACACCCGGA_016,175
CCCCGAAAAGGACACCCGGA_017,118
CCCCGAAAAGGACACCCGGA_018,5
GACATACAGCCACCGGCTGG_001,98
GACATACAGCCACCGGCTGG_002,86
GACATACAGCCACCGGCTGG_003,188
GACATACAGCCACCGGCTGG_004,185
GACATACAGCCACCGGCTGG_005,35
GACATACAGCCACCGGCTGG_006,61
TATGACCATGAATAACCCAC_001,115
TATGACCATGAATAACCCAC_002,196
ATAACCACTGGTGTGAAACA_001,147
ATAACCACTGGTGTGAAACA_002,83
ATAACCACTGGTGTGAAACA_003,94
ATAACCACTGGTGTGAAACA_004,169
ATAACCACTGGTGTGAAACA_005,71
TTCCCAAGGAGCTTACCAAG_001,17
TTCCCAAGGAGCTTACCAAG_002,105
TTCCCAAGGAGCTTACCAAG_003,175
TTCCCAAGGAGCTTACCAAG_004,133
AAATGCAGACTCTCCCATCA_001,28
AAATGCAGACTCTCCCATCA_002,48
AAATGCAGACTCTCCCATCA_003,140
AAATGCAGACTCTCCCATCA_004,65
AAATGCAGACTCTCCCATCA_005,92
AAATGCAGACTCTCCCATCA_006,96
AAATGCAGACTCTCCCATCA_007,185
AAATGCAGACTCTCCCATCA_008,67
TGCGCGTGGGGTTCTTATGG_001,62
TGCGCGTGGGGTTCTTATGG_002,104
TGCGCGTGGGGTTCTTATGG_003,135
TGCGCGTGGGGTTCTTATGG_004,162
AGGAAGTGACTGGCTACCAG_001,137
AGGAAGTGACTGGCTACCAG_002,68
AGGAAGTGACTGGCTACCAG_003,93
AGGAAGTGACTGGCTACCAG_004,58
AGGAAGTGACTGGCTACCAG_005,172
AGGAAGTGACTGGCTACCAG_006,134
AGGAAGTGACTGGCTACCAG_007,137
GGTCTTTAACCAGAAGAGAG_001,27
GGTCTTTAACCAGAAGAGAG_002,176
GGTCTTTAACCAGAAGAGAG_003,140
GGTCTTTAACCAGAAGAGAG_004,198
GGTCTTTAACCAGAAGAGAG_005,9
GGTCTTTAACCAGAAGAGAG_006,15
GAGAGGCCCTGCCCGGCAGT_001,157
GAGAGGCCCTGCCCGGCAGT_002,124
GAGAGGCCCTGCCCGGCAGT_003,178
GAGAGGCCCTGCCCGGCAGT_004,100
GAGAGGCCCTGCCCGGCAGT_005,141
GAGAGGCCCTGCCCGGCAGT_006,142
GAGAGGCCCTGCCCGGCAGT_007,161
GAGAGGCCCTGCCCGGCAGT_008,141
GAGAGGCCCTGCCCGGCAGT_009,51
GAGAGGCCCTGCCCGGCAGT_010,60
GAGAGGCCCTGCCCGGCAGT_011,175
GAGAGGCCCTGCCCGGCAGT_012,31
GAGAGGCCCTGCCCGGCAGT_013,42
GAGAGGCCCTGCCCGGCAGT_014,16
GAGAGGCCCTGCCCGGCAGT_015,199
GAGAGGCCCTGCCCGGCAGT_016,80
GAGAGGCCCTGCCCGGCAGT_017,6
GAGAGGCCCTGCCCGGCAGT_018,22
GAGAGGCCCTGCCCGGCAGT_019,88
GAGAGGCCCTGCCCGGCAGT_020,94
GAGAGGCCCTGCCCGGCAGT_021,85
TAATCTAAGTCAAAATGGAG_001,160
TAATCTAAGTCAAAATGGAG_002,134
TAATCTAAGTCAAAATGGAG_003,78
TAATCTAAGTCAAAATGGAG_004,162
GGACATTATCAACCCGGACA_001,129
GGACATTATCAACCCGGACA_002,150
GGACATTATCAACCCGGACA_003,172
TCTGGCTTACAATGATGTCG_001,83
TATTGAAGTACTGTCTGTGC_001,91
ACATGAATGCAGAGGATTCG_001,88
ACATGAATGCAGAGGATTCG_002,126
ACATGAATGCAGAGGATTCG_003,106
ACATGAATGCAGAGGATTCG_004,188
ACATGAATGCAGAGGATTCG_005,9
ATTCACTCGGAAAATCTGTG_001,197
ATTCACTCGGAAAATCTGTG_002,127
ATTCACTCGGAAAATCTGTG_003,69
ATTCACTCGGAAAATCTGTG_004,62
ATTCACTCGGAAAATCTGTG_005,197
ATTCACTCGGAAAATCTGTG_006,95
ATTCACTCGGAAAATCTGTG_007,56
ATTCACTCGGAAAATCTGTG_008,179
ATTCACTCGGAAAATCTGTG_009,93
ATTCACTCGGAAAATCTGTG_010,149
ATTCACTCGGAAAATCTGTG_011,52
ATTCACTCGGAAAATCTGTG_012,69
ATTCACTCGGAAAATCTGTG_013,51
ATTCACTCGGAAAATCTGTG_014,141
ATTCACTCGGAAAATCTGTG_015,50
ATTCACTCGGAAAATCTGTG_016,119
ATTCACTCGGAAAATCTGTG_017,88
ATTCACTCGGAAAATCTGTG_018,134
ATTCACTCGGAAAATCTGTG_019,140
ATTCACTCGGAAAATCTGTG_020,176
ATTCACTCGGAAAATCTGTG_021,75
ATTCACTCGGAAAATCTGTG_022,68
ATTCACTCGGAAAATCTGTG_023,19
ATTCACTCGGAAAATCTGTG_024,126
ATTCACTCGGAAAATCTGTG_025,158
TCATGTATAACATACCTAAG_001,158
ATGTATAAACAGTAAGCGGT_001,134
ATTGACAGCCATAAGAGACA_001,97
ATTGACAGCCATAAGAGACA_002,9
ATTGACAGCCATAAGAGACA_003,58
ATTGACAGCCATAAGAGACA_004,130
ATTGACAGCCATAAGAGACA_005,105
ATTGACAGCCATAAGAGACA_006,170
TGGAAGGTAGGATTCGCTCC_001,150
TACATGTTCAGTGAGAGAGT_001,47
TACATGTTCAGTGAGAGAGT_002,183
ACTCACGTGCTCTGTCAGAG_001,45
ACTCACGTGCTCTGTCAGAG_002,49
ACTCACGTGCTCTGTCAGAG_003,151
ACTCACGTGCTCTGTCAGAG_004,105
ACTCACGTGCTCTGTCAGAG_005,66
ACTCACGTGCTCTGTCAGAG_006,115
ACTCACGTGCTCTGTCAGAG_007,147
CGTATCGTACACGCCGAAGT_001,198
CGTATCGTACACGCCGAAGT_002,144
CTCTGCACAAAACTGTACCA_001,119
CTCTGCACAAAACTGTACCA_002,167
CTCTGCACAAAACTGTACCA_003,108
CTCTGCACAAAACTGTACCA_004,83
CTCTGCACAAAACTGTACCA_005,153
CTCTGCACAAAACTGTACCA_006,94
CTCTGCACAAAACTGTACCA_007,124
CTCTGCACAAAACTGTACCA_008,129
CTCTGCACAAAACTGTACCA_009,49
CTCTGCACAAAACTGTACCA_010,48
CTCTGCACAAAACTGTACCA_011,119
CTCTGCACAAAACTGTACCA_012,103
GACCGAGTGCTCGGCCCACG_001,60
GACCGAGTGCTCGGCCCACG_002,62
GACCGAGTGCTCGGCCCACG_003,94
GACCGAGTGCTCGGCCCACG_004,57
GACCGAGTGCTCGGCCCACG_005,7
GACCGAGTGCTCGGCCCACG_006,59
GACCGAGTGCTCGGCCCACG_007,72
GACCGAGTGCTCGGCCCACG_008,82
GACCGAGTGCTCGGCCCACG_009,171
GACCGAGTGCTCGGCCCACG_010,153
GACCGAGTGCTCGGCCCACG_011,156
GACCGAGTGCTCGGCCCACG_012,5
GACCGAGTGCTCGGCCCACG_013,105
GACCGAGTGCTCGGCCCACG_014,186
GACCGAGTGCTCGGCCCACG_015,158
GACCGAGTGCTCGGCCCACG_016,50
GACCGAGTGCTCGGCCCACG_017,61
GACCGAGTGCTCGGCCCACG_018,94
GATGGTCATCACGGACCTGT_001,62
GATGGTCATCACGGACCTGT_002,19
GATGGTCATCACGGACCTGT_003,64
GATGGTCATCACGGACCTGT_004,188
GATGGTCATCACGGACCTGT_005,199
GATGGTCATCACGGACCTGT_006,137
GATGGTCATCACGGACCTGT_007,123
GATGGTCATCACGGACCTGT_008,94
GATGGTCATCACGGACCTGT_009,144
GATGGTCATCACGGACCTGT_010,6
GATGGTCATCACGGACCTGT_011,147
GATGGTCATCACGGACCTGT_012,168
ACCGTCCAGGACATCATCGA_001,169
ACCGTCCAGGACATCATCGA_002,151
ACCGTCCAGGACATCATCGA_003,148
ACCGTCCAGGACATCATCGA_004,60
ACCGTCCAGGACATCATCGA_005,83
ACCGTCCAGGACATCATCGA_006,32
ACCGTCCAGGACATCATCGA_007,141
ACCGTCCAGGACATCATCGA_008,169
ACCGTCCAGGACATCATCGA_009,45
ACCGTCCAGGACATCATCGA_010,61
ACCGTCCAGGACATCATCGA_011,91
ACCGTCCAGGACATCATCGA_012,0
ACCGTCCAGGACATCATCGA_013,61
CGGAGTGGGGTGGTACCGTG_001,181
CGGAGTGGGGTGGTACCGTG_002,27
CGGAGTGGGGTGGTACCGTG_003,144
CGGAGTGGGGTGGTACCGTG_004,117
CGGAGTGGGGTGGTACCGTG_005,117
CGGAGTGGGGTGGTACCGTG_006,28
CGGAGTGGGGTGGTACCGTG_007,26
CGGAGTGGGGTGGTACCGTG_008,15
CGGAGTGGGGTGGTACCGTG_009,182
CGGAGTGGGGTGGTACCGTG_010,162
CGGAGTGGGGTGGTACCGTG_011,144
CGGAGTGGGGTGGTACCGTG_012,160
CGGAGTGGGGTGGTACCGTG_013,68
CGGAGTGGGGTGGTACCGTG_014,163
CGGAGTGGGGTGGTACCGTG_015,88
CGGAGTGGGGTGGTACCGTG_016,71
CGGAGTGGGGTGGTACCGTG_017,62
CGGAGTGGGGTGGTACCGTG_018,2
CGGAGTGGGGTGGTACCGTG_019,34
CGGAGTGGGGTGGTACCGTG_020,188
CGGAGTGGGGTGGTACCGTG_021,10
CGGAGTGGGGTGGTACCGTG_022,35
GCTGTGATGTTCCCGTTCTG_001,58
GCTGTGATGTTCCCGTTCTG_002,72
GCTGTGATGTTCCCGTTCTG_003,129
GCTGTGATGTTCCCGTTCTG_004,65
GCTGTGATGTTCCCGTTCTG_005,84
GCTGTGATGTTCCCGTTCTG_006,15
GCTGTGATGTTCCCGTTCTG_007,6
GCTGTGATGTTCCCGTTCTG_008,142
GCTGTGATGTTCCCGTTCTG_009,104
GCTGTGATGTTCCCGTTCTG_010,18
GCTGTGATGTTCCCGTTCTG_011,28
GCTGTGATGTTCCCGTTCTG_012,112
GTGATCTCGATTTGATTGAA_001,170
GTGATCTCGATTTGATTGAA_002,191
GTGATCTCGATTTGATTGAA_003,146
GTGATCTCGATTTGATTGAA_004,81
GTGATCTCGATTTGATTGAA_005,73
GTGATCTCGATTTGATTGAA_006,18
GTTGTTATTCCACAGTTCGG_001,7
GTTGTTATTCCACAGTTCGG_002,154
GTTGTTATTCCACAGTTCGG_003,58
GTTGTTATTCCACAGTTCGG_004,25
GAGATGATAACTTAATTTGT_001,158
GAGATGATAACTTAATTTGT_002,73
GAGATGATAACTTAATTTGT_003,56
GAGATGATAACTTAATTTGT_004,103
GAGATGATAACTTAATTTGT_005,41
TCAGAATCAGGATAGGCCAG_001,22
TCAGAATCAGGATAGGCCAG_002,195
TCAGAATCAGGATAGGCCAG_003,7
TCAGAATCAGGATAGGCCAG_004,94
TCACAGATCGGGTGCTACCA_001,171
TCACAGATCGGGTGCTACCA_002,149
TCACAGATCGGGTGCTACCA_003,36
TCACAGATCGGGTGCTACCA_004,128
TCACAGATCGGGTGCTACCA_005,87
ATTTGAGCCAGTCGTAATCC_001,55
ATTTGAGCCAGTCGTAATCC_002,102
ATTTGAGCCAGTCGTAATCC_003,148
ATTTGAGCCAGTCGTAATCC_004,2
ATTTGAGCCAGTCGTAATCC_005,105
ATTTGAGCCAGTCGTAATCC_006,147
ATTTGAGCCAGTCGTAATCC_007,40
ATTTGAGCCAGTCGTAATCC_008,30
ATTTGAGCCAGTCGTAATCC_009,62
ATTTGAGCCAGTCGTAATCC_010,67
ATTTGAGCCAGTCGTAATCC_011,63
ATTTGAGCCAGTCGTAATCC_012,126
ATTTGAGCCAGTCGTAATCC_013,197
ATTTGAGCCAGTCGTAATCC_014,69
ATTTGAGCCAGTCGTAATCC_015,43
ATTTGAGCCAGTCGTAATCC_016,137
ATTTGAGCCAGTCGTAATCC_017,84
TGCAGTCGGATATGAAACAC_001,34
TGCAGTCGGATATGAAACAC_002,124
TGCAGTCGGATATGAAACAC_003,94
TGCAGTCGGATATGAAACAC_004,102
TGCAGTCGGATATGAAACAC_005,23
TTAAGTACTTGGCAACACAG_001,137
TTAAGTACTTGGCAACACAG_002,137
TTAAGTACTTGGCAACACAG_003,23
TTAAGTACTTGGCAACACAG_004,98
TTAAGTACTTGGCAACACAG_005,94
TTAAGTACTTGGCAACACAG_006,89
TTAAGTACTTGGCAACACAG_007,85
TTAAGTACTTGGCAACACAG_008,197
TTAAGTACTTGGCAACACAG_009,83
ATATCCAGCAAATCTATGAG_001,4
ATATCCAGCAAATCTATGAG_002,88
ATATCCAGCAAATCTATGAG_003,77
ATATCCAGCAAATCTATGAG_004,146
ATCCACGAGACAGACTCGAA_001,68
ATCCACGAGACAGACTCGAA_002,43
ATCCACGAGACAGACTCGAA_003,11
ATCCACGAGACAGACTCGAA_004,193
ATCCACGAGACAGACTCGAA_005,150
ATCCACGAGACAGACTCGAA_006,169
ATCCACGAGACAGACTCGAA_007,88
ATCCACGAGACAGACTCGAA_008,127
ATCCACGAGACAGACTCGAA_009,76
ATCCACGAGACAGACTCGAA_010,38
ATCCACGAGACAGACTCGAA_011,62
ATCCACGAGACAGACTCGAA_012,155
ATCCACGAGACAGACTCGAA_013,10
ATCCACGAGACAGACTCGAA_014,136
ATCCACGAGACAGACTCGAA_015,103
ATCCACGAGACAGACTCGAA_016,49
ATCCACGAGACAGACTCGAA_017,113
ATCCACGAGACAGACTCGAA_018,97
GGAAGTCCTATCCCAACCAT_001,117
CCCCACGGCCGAGACCGTCG_001,133
CCCCACGGCCGAGACCGTCG_002,96
CCCCACGGCCGAGACCGTCG_003,27
CCCCACGGCCGAGACCGTCG_004,159
CCCCACGGCCGAGACCGTCG_005,145
CCCCACGGCCGAGACCGTCG_006,102
CCCCACGGCCGAGACCGTCG_007,157
CCCCACGGCCGAGACCGTCG_008,147
CCCCACGGCCGAGACCGTCG_009,174
CCCCACGGCCGAGACCGTCG_010,185
CCCCACGGCCGAGACCGTCG_011,134
CCCCACGGCCGAGACCGTCG_012,197
CCCCACGGCCGAGACCGTCG_013,170
CCCCACGGCCGAGACCGTCG_014,187
CCCCACGGCCGAGACCGTCG_015,177
CCCCACGGCCGAGACCGTCG_016,78
CCCCACGGCCGAGACCGTCG_017,88
CCCCACGGCCGAGACCGTCG_018,144
CCCCACGGCCGAGACCGTCG_019,198
CCCCACGGCCGAGACCGTCG_020,8
CCCCACGGCCGAGACCGTCG_021,56
CCCCACGGCCGAGACCGTCG_022,146
CCCCACGGCCGAGACCGTCG_023,11
CCCCACGGCCGAGACCGTCG_024,147
CCCCACGGCCGAGACCGTCG_025,86
TGGGAGACTCACGTTTCCAA_001,127
TGGGAGACTCACGTTTCCAA_002,4
TGGGAGACTCACGTTTCCAA_003,123
TGGGAGACTCACGTTTCCAA_004,134
TGGGAGACTCACGTTTCCAA_005,182
TGGGAGACTCACGTTTCCAA_006,35
TGGGAGACTCACGTTTCCAA_007,70
TGGGAGACTCACGTTTCCAA_008,15
TGGGAGACTCACGTTTCCAA_009,145
TGGGAGACTCACGTTTCCAA_010,36
TGGGAGACTCACGTTTCCAA_011,120
ATAGGATGCTCCAACAACCA_001,140
ATAGGATGCTCCAACAACCA_002,70
ATAGGATGCTCCAACAACCA_003,116
ATAGGATGCTCCAACAACCA_004,159
ATAGGATGCTCCAACAACCA_005,67
ATAGGATGCTCCAACAACCA_006,168
ATAGGATGCTCCAACAACCA_007,28
TTCAGTTGCAAAGTCATACC_001,47
AGGCAGTGGCCACAAGAGCG_001,141
AGGCAGTGGCCACAAGAGCG_002,169
AGGCAGTGGCCACAAGAGCG_003,130
AGGCAGTGGCCACAAGAGCG_004,83
AGGCAGTGGCCACAAGAGCG_005,28
AGGCAGTGGCCACAAGAGCG_006,153
AGGCAGTGGCCACAAGAGCG_007,149
AGGCAGTGGCCACAAGAGCG_008,139
AGGCAGTGGCCACAAGAGCG_009,193
AGGCAGTGGCCACAAGAGCG_010,53
AGGCAGTGGCCACAAGAGCG_011,171
AGGCAGTGGCCACAAGAGCG_012,188
AGGCAGTGGCCACAAGAGCG_013,34
AGGCAGTGGCCACAAGAGCG_014,94
AGGCAGTGGCCACAAGAGCG_015,43
AGGCAGTGGCCACAAGAGCG_016,150
AGGCAGTGGCCACAAGAGCG_017,1
AGGCAGTGGCCACAAGAGCG_018,76
AGGCAGTGGCCACAAGAGCG_019,21
AGGCAGTGGCCACAAGAGCG_020,134
AGGCAGTGGCCACAAGAGCG_021,141
AGGCAGTGGCCACAAGAGCG_022,83
AGGCAGTGGCCACAAGAGCG_023,41
AGGCAGTGGCCACAAGAGCG_024,152
AGGCAGTGGCCACAAGAGCG_025,12
AGGCAGTGGCCACAAGAGCG_026,62
AGGCAGTGGCCACAAGAGCG_027,48
AGGCAGTGGCCACAAGAGCG_028,56
AGGCAGTGGCCACAAGAGCG_029,152
AGGCAGTGGCCACAAGAGCG_030,73
AGGCAGTGGCCACAAGAGCG_031,175
AGGCAGTGGCCACAAGAGCG_032,61
AGGCAGTGGCCACAAGAGCG_033,159
AGGCAGTGGCCACAAGAGCG_034,40
AGGCAGTGGCCACAAGAGCG_035,170
AGGCAGTGGCCACAAGAGCG_036,35
ACAACGCCGAGGTCCCCGCG_001,17
ACAACGCCGAGGTCCCCGCG_002,162
ACAACGCCGAGGTCCCCGCG_003,164
ACAACGCCGAGGTCCCCGCG_004,85
ACAACGCCGAGGTCCCCGCG_005,178
ACAACGCCGAGGTCCCCGCG_006,139
ACAACGCCGAGGTCCCCGCG_007,130
ACAACGCCGAGGTCCCCGCG_008,103
ACAACGCCGAGGTCCCCGCG_009,31
ACAACGCCGAGGTCCCCGCG_010,153
ACAACGCCGAGGTCCCCGCG_011,196
ACAACGCCGAGGTCCCCGCG_012,28
GGAGCATGTGAGTCTGACAG_001,68
GGAGCATGTGAGTCTGACAG_002,113
GGAGCATGTGAGTCTGACAG_003,121
GGAGCATGTGAGTCTGACAG_004,87
GGAGCATGTGAGTCTGACAG_005,127
GGAGCATGTGAGTCTGACAG_006,102
CAAACGAACAGAAACCGGTG_001,89
CAAACGAACAGAAACCGGTG_002,30
CAAACGAACAGAAACCGGTG_003,112
GTTCTCAAGTAAGCCAAGTG_001,188
GTTCTCAAGTAAGCCAAGTG_002,170
GTTCTCAAGTAAGCCAAGTG_003,177
GTTCTCAAGTAAGCCAAGTG_004,178
GTTCTCAAGTAAGCCAAGTG_005,161
CAGGGGATTGTAGGAATACG_001,158
CAGGGGATTGTAGGAATACG_002,119
CAGGGGATTGTAGGAATACG_003,41
CAGGGGATTGTAGGAATACG_004,138
CAGGGGATTGTAGGAATACG_005,63
CAGGGGATTGTAGGAATACG_006,146
CAGGGGATTGTAGGAATACG_007,48
CAGGGGATTGTAGGAATACG_008,198
CAGGGGATTGTAGGAATACG_009,172
CAGGGGATTGTAGGAATACG_010,172
CAGCACCAGCCATGTCGCGG_001,93
CAGCACCAGCCATGTCGCGG_002,106
CAGCACCAGCCATGTCGCGG_003,13
CAGCACCAGCCATGTCGCGG_004,94
CAGCACCAGCCATGTCGCGG_005,105
CAGCACCAGCCATGTCGCGG_006,192
CAGCACCAGCCATGTCGCGG_007,98
CAGCACCAGCCATGTCGCGG_008,88
CAGCACCAGCCATGTCGCGG_009,98
CAGCACCAGCCATGTCGCGG_010,142
CAGCACCAGCCATGTCGCGG_011,165
TATAGATGGCACCACCCGTG_001,62
TATAGATGGCACCACCCGTG_002,137
TATAGATGGCACCACCCGTG_003,61
TATAGATGGCACCACCCGTG_004,165
TATAGATGGCACCACCCGTG_005,196
TATAGATGGCACCACCCGTG_006,109
TATAGATGGCACCACCCGTG_007,175
TATAGATGGCACCACCCGTG_008,117
CAAGAACCCTGACAATAAGG_001,120
CAAGAACCCTGACAATAAGG_002,175
CAAGAACCCTGACAATAAGG_003,171
TGCGCGTGGACACCAAGTCG_001,40
TGCGCGTGGACACCAAGTCG_002,191
TGCGCGTGGACACCAAGTCG_003,102
TGCGCGTGGACACCAAGTCG_004,15
TGCGCGTGGACACCAAGTCG_005,48
TGCGCGTGGACACCAAGTCG_006,58
TGCGCGTGGACACCAAGTCG_007,35
TGCGCGTGGACACCAAGTCG_008,75
TGCGCGTGGACACCAAGTCG_009,127
TGCGCGTGGACACCAAGTCG_010,113
TGCGCGTGGACACCAAGTCG_011,19
TGCGCGTGGACACCAAGTCG_012,188
TGCGCGTGGACACCAAGTCG_013,94
TGCGCGTGGACACCAAGTCG_014,1
TGCGCGTGGACACCAAGTCG_015,5
TGCGCGTGGACACCAAGTCG_016,62
TGCGCGTGGACACCAAGTCG_017,160
CACACATCCAGAGGTAGTAG_001,41
CACACATCCAGAGGTAGTAG_002,176
CACACATCCAGAGGTAGTAG_003,20
CACACATCCAGAGGTAGTAG_004,15
CACACATCCAGAGGTAGTAG_005,169
GACATCACATCTGAGACCAG_001,56
GACATCACATCTGAGACCAG_002,15
GACATCACATCTGAGACCAG_003,48
CATGGCTGCGCCCTTGTCAG_001,134
CATGGCTGCGCCCTTGTCAG_002,134
CATGGCTGCGCCCTTGTCAG_003,106
CATGGCTGCGCCCTTGTCAG_004,80
CATGGCTGCGCCCTTGTCAG_005,120
CAAGAGCTTTGAGACAGCCG_001,172
CAAGAGCTTTGAGACAGCCG_002,134
CAAGAGCTTTGAGACAGCCG_003,147
CAAGAGCTTTGAGACAGCCG_004,39
CAAGAGCTTTGAGACAGCCG_005,198
AAGAAGCCAACGATGACCAA_001,10
AAGAAGCCAACGATGACCAA_002,16
AAGAAGCCAACGATGACCAA_003,13
AAGAAGCCAACGATGACCAA_004,105
AAGAAGCCAACGATGACCAA_005,6
AAGAAGCCAACGATGACCAA_006,146
AAGAAGCCAACGATGACCAA_007,138
AAGAAGCCAACGATGACCAA_008,127
AAGAAGCCAACGATGACCAA_009,189
CTGAAGTCCGGGAACCCGCG_001,34
CTGAAGTCCGGGAACCCGCG_002,32
CTGAAGTCCGGGAACCCGCG_003,127
CTGAAGTCCGGGAACCCGCG_004,127
CTGAAGTCCGGGAACCCGCG_005,76
CTGAAGTCCGGGAACCCGCG_006,57
CAGATACGATTGCCACTCTG_001,186
CAGATACGATTGCCACTCTG_002,15
CAGATACGATTGCCACTCTG_003,111
CAGCTCACATAGGAAACCCG_001,27
CAGCTCACATAGGAAACCCG_002,123
CAGCTCACATAGGAAACCCG_003,169
CAGCTCACATAGGAAACCCG_004,47
CAGCTCACATAGGAAACCCG_005,161
CAGCTCACATAGGAAACCCG_006,100
CAGCTCACATAGGAAACCCG_007,47
CAGCTCACATAGGAAACCCG_008,20
CAGCTCACATAGGAAACCCG_009,34
CAGCTCACATAGGAAACCCG_010,26
AAGGGGAGGCTTACCTCACT_001,177
AAGGGGAGGCTTACCTCACT_002,165
AAGGGGAGGCTTACCTCACT_003,169
AAGGGGAGGCTTACCTCACT_004,169
AAGGGGAGGCTTACCTCACT_005,199
AAGGGGAGGCTTACCTCACT_006,98
AAGGGGAGGCTTACCTCACT_007,161
AAGGGGAGGCTTACCTCACT_008,170
AAGGGGAGGCTTACCTCACT_009,3
AAGGGGAGGCTTACCTCACT_010,77
AAGGGGAGGCTTACCTCACT_011,63
AAGGGGAGGCTTACCTCACT_012,12
AGCGACAACAGAGTTAGCCT_001,171
AGCGACAACAGAGTTAGCCT_002,127
AGCGACAACAGAGTTAGCCT_003,104
AGCGACAACAGAGTTAGCCT_004,83
AGCGACAACAGAGTTAGCCT_005,2
AGCGACAACAGAGTTAGCCT_006,36
AGCGACAACAGAGTTAGCCT_007,125
AGCGACAACAGAGTTAGCCT_008,19
AGCGACAACAGAGTTAGCCT_009,82
AGCGACAACAGAGTTAGCCT_010,185
AGCGACAACAGAGTTAGCCT_011,34
AGCGACAACAGAGTTAGCCT_012,84
AGCGACAACAGAGTTAGCCT_013,152
AGCGACAACAGAGTTAGCCT_014,55
AGCGACAACAGAGTTAGCCT_015,191
AGCGACAACAGAGTTAGCCT_016,175
AGCGACAACAGAGTTAGCCT_017,49
GAAGCGTGAAAAGCAGGGTG_001,31
GAAGCGTGAAAAGCAGGGTG_002,9
GAAGCGTGAAAAGCAGGGTG_003,169
GAAGCGTGAAAAGCAGGGTG_004,105
GAAGCGTGAAAAGCAGGGTG_005,80
GAAGCGTGAAAAGCAGGGTG_006,12
GAAGCGTGAAAAGCAGGGTG_007,106
GAAGCGTGAAAAGCAGGGTG_008,99
GAAGCGTGAAAAGCAGGGTG_009,11
GAAGCGTGAAAAGCAGGGTG_010,180
GAAGCGTGAAAAGCAGGGTG_011,132
AGGGAGTAGAATCATCACCA_001,88
AGGGAGTAGAATCATCACCA_002,12
AGGGAGTAGAATCATCACCA_003,105
AGGGAGTAGAATCATCACCA_004,65
AGGGAGTAGAATCATCACCA_005,199
AGGGAGTAGAATCATCACCA_006,16
AGGGAGTAGAATCATCACCA_007,102
CAATAAAACTGATCGTAGGG_001,164
CAATAAAACTGATCGTAGGG_002,34
CAATAAAACTGATCGTAGGG_003,56
CAATAAAACTGATCGTAGGG_004,50
CAATAAAACTGATCGTAGGG_005,185
CAATAAAACTGATCGTAGGG_006,63
CAATAAAACTGATCGTAGGG_007,81
CAATAAAACTGATCGTAGGG_008,64
TCATAGCCTACTGTCTATCG_001,92
TCATAGCCTACTGTCTATCG_002,56
TCATAGCCTACTGTCTATCG_003,15
TCATAGCCTACTGTCTATCG_004,0
TCATAGCCTACTGTCTATCG_005,147
TGAGTCCCTCGATCCAGGTG_001,102
TGAGTCCCTCGATCCAGGTG_002,172
TGAGTCCCTCGATCCAGGTG_003,191
TGAGTCCCTCGATCCAGGTG_004,84
TGAGTCCCTCGATCCAGGTG_005,80
TGAGTCCCTCGATCCAGGTG_006,145
TGAGTCCCTCGATCCAGGTG_007,148
TGAGTCCCTCGATCCAGGTG_008,77
TGAGTCCCTCGATCCAGGTG_009,86
TGAGTCCCTCGATCCAGGTG_010,40
TGAGTCCCTCGATCCAGGTG_011,13
TGAGTCCCTCGATCCAGGTG_012,45
TGAGTCCCTCGATCCAGGTG_013,175
TGAGTCCCTCGATCCAGGTG_014,163
TGAGTCCCTCGATCCAGGTG_015,32
TGAGTCCCTCGATCCAGGTG_016,5
TGAGTCCCTCGATCCAGGTG_017,85
TGAGTCCCTCGATCCAGGTG_018,148
TGAGTCCCTCGATCCAGGTG_019,36
TGAGTCCCTCGATCCAGGTG_020,49
TGAGTCCCTCGATCCAGGTG_021,127
TGAGTCCCTCGATCCAGGTG_022,198
TGAGTCCCTCGATCCAGGTG_023,52
AAGGAGAGAAGGGCTACCCG_001,15
AAGGAGAGAAGGGCTACCCG_002,42
AAGGAGAGAAGGGCTACCCG_003,23
AAGGAGAGAAGGGCTACCCG_004,152
AAGGAGAGAAGGGCTACCCG_005,92
AAGGAGAGAAGGGCTACCCG_006,118
AAGGAGAGAAGGGCTACCCG_007,76
AAGGAGAGAAGGGCTACCCG_008,94
AAGGAGAGAAGGGCTACCCG_009,161
AAGGAGAGAAGGGCTACCCG_010,127
AAGGAGAGAAGGGCTACCCG_011,119
AAGGAGAGAAGGGCTACCCG_012,168
AAGGAGAGAAGGGCTACCCG_013,68
AAGGAGAGAAGGGCTACCCG_014,174
AAGGAGAGAAGGGCTACCCG_015,177
AAGGAGAGAAGGGCTACCCG_016,55
AAGGAGAGAAGGGCTACCCG_017,68
AAGGAGAGAAGGGCTACCCG_018,41
AAGGAGAGAAGGGCTACCCG_019,98
AAGGAGAGAAGGGCTACCCG_020,137
AAGGAGAGAAGGGCTACCCG_021,9
AAGGAGAGAAGGGCTACCCG_022,138
AAGGAGAGAAGGGCTACCCG_023,27
AAGGAGAGAAGGGCTACCCG_024,84
AAGGAGAGAAGGGCTACCCG_025,91
AAGGAGAGAAGGGCTACCCG_026,40
AAGGAGAGAAGGGCTACCCG_027,124
CGTCCCCTGTGATTCCAACG_001,197
CGTCCCCTGTGATTCCAACG_002,161
CGTCCCCTGTGATTCCAACG_003,105
CGTCCCCTGTGATTCCAACG_004,43
CGTCCCCTGTGATTCCAACG_005,28
GGAACTGCTGGAGGACGACG_001,42
GGAACTGCTGGAGGACGACG_002,68
GGAACTGCTGGAGGACGACG_003,199
GGAACTGCTGGAGGACGACG_004,9
GGAACTGCTGGAGGACGACG_005,113
GGAACTGCTGGAGGACGACG_006,85
GGAACTGCTGGAGGACGACG_007,94
GGAACTGCTGGAGGACGACG_008,146
GGAACTGCTGGAGGACGACG_009,17
GGAACTGCTGGAGGACGACG_010,113
GGAACTGCTGGAGGACGACG_011,176
GGAACTGCTGGAGGACGACG_012,78
GGAACTGCTGGAGGACGACG_013,168
GGAACTGCTGGAGGACGACG_014,88
GGAACTGCTGGAGGACGACG_015,17
GGAACTGCTGGAGGACGACG_016,33
GGAACTGCTGGAGGACGACG_017,44
GGAACTGCTGGAGGACGACG_018,146
GGAACTGCTGGAGGACGACG_019,58
GGAACTGCTGGAGGACGACG_020,111
GGAACTGCTGGAGGACGACG_021,185
TCACGTTATAGAAGTCCCGG_001,76
TCACGTTATAGAAGTCCCGG_002,149
TCACGTTATAGAAGTCCCGG_003,155
TCACGTTATAGAAGTCCCGG_004,183
TCACGTTATAGAAGTCCCGG_005,28
TCACGTTATAGAAGTCCCGG_006,2
TCACGTTATAGAAGTCCCGG_007,84
TCACGTTATAGAAGTCCCGG_008,124
TCACGTTATAGAAGTCCCGG_009,78
CGGGGGAGCACAACATCCCG_001,118
CGGGGGAGCACAACATCCCG_002,112
CGGGGGAGCACAACATCCCG_003,72
CGGGGGAGCACAACATCCCG_004,58
CGGGGGAGCACAACATCCCG_005,16
CGGGGGAGCACAACATCCCG_006,178
CGGGGGAGCACAACATCCCG_007,29
CGGGGGAGCACAACATCCCG_008,9
CGGGGGAGCACAACATCCCG_009,98
CGGGGGAGCACAACATCCCG_010,35
CGGGGGAGCACAACATCCCG_011,61
CGGGGGAGCACAACATCCCG_012,178
CGGGGGAGCACAACATCCCG_013,39
CGGGGGAGCACAACATCCCG_014,68
CGGGGGAGCACAACATCCCG_015,113
CGGGGGAGCACAACATCCCG_016,10
CGGGGGAGCACAACATCCCG_017,33
ACTTCCTACCAATCCGCTGA_001,48
ACTTCCTACCAATCCGCTGA_002,129
ACTTCCTACCAATCCGCTGA_003,30
ACTTCCTACCAATCCGCTGA_004,45
ACTTCCTACCAATCCGCTGA_005,197
ACTTCCTACCAATCCGCTGA_006,93
ACTTCCTACCAATCCGCTGA_007,83
ACTTCCTACCAATCCGCTGA_008,78
ACTTCCTACCAATCCGCTGA_009,163
ACTTCCTACCAATCCGCTGA_010,180
ACTTCCTACCAATCCGCTGA_011,42
ACTTCCTACCAATCCGCTGA_012,28
ACTTCCTACCAATCCGCTGA_013,116
ACTTCCTACCAATCCGCTGA_014,15
ACTTCCTACCAATCCGCTGA_015,116
ACTTCCTACCAATCCGCTGA_016,114
GAAGCACCCAATTTGCATGG_001,122
GAAGCACCCAATTTGCATGG_002,94
GAAGCACCCAATTTGCATGG_003,55
GAAGCACCCAATTTGCATGG_004,82
GAAGCACCCAATTTGCATGG_005,160
GAAGCACCCAATTTGCATGG_006,194
GAAGCACCCAATTTGCATGG_007,176
GAAGCACCCAATTTGCATGG_008,107
GAAGCACCCAATTTGCATGG_009,160
GAAGCACCCAATTTGCATGG_010,117
GAAGCACCCAATTTGCATGG_011,191
GAAGCACCCAATTTGCATGG_012,172
GAAGCACCCAATTTGCATGG_013,172
GAAGCACCCAATTTGCATGG_014,66
GAAGCACCCAATTTGCATGG_015,16
GAAGCACCCAATTTGCATGG_016,58
GAAGCACCCAATTTGCATGG_017,13
GATGACCAATAAACTGGACA_001,98
GATGACCAATAAACTGGACA_002,42
GATGACCAATAAACTGGACA_003,147
GATGACCAATAAACTGGACA_004,96
GATGACCAATAAACTGGACA_005,166
GATGACCAATAAACTGGACA_006,19
GATGACCAATAAACTGGACA_007,83
AGGCTTACACTTGACAACTG_001,29
AGGCTTACACTTGACAACTG_002,7
AGGCTTACACTTGACAACTG_003,5
AGGCTTACACTTGACAACTG_004,136
AGGCTTACACTTGACAACTG_005,145
AGGCTTACACTTGACAACTG_006,9
AGGCTTACACTTGACAACTG_007,147
AGGCTTACACTTGACAACTG_008,83
AGGCTTACACTTGACAACTG_009,137
AGGCTTACACTTGACAACTG_010,32
AGGCTTACACTTGACAACTG_011,35
AGTGCGCAGGTAGTTGACAG_001,76
AGTGCGCAGGTAGTTGACAG_002,127
AGTGCGCAGGTAGTTGACAG_003,147
AGTGCGCAGGTAGTTGACAG_004,108
AGTGCGCAGGTAGTTGACAG_005,140
AGTGCGCAGGTAGTTGACAG_006,2
AGTGCGCAGGTAGTTGACAG_007,108
AGTGCGCAGGTAGTTGACAG_008,9
AGTGCGCAGGTAGTTGACAG_009,28
AGTGCGCAGGTAGTTGACAG_010,157
AGTGCGCAGGTAGTTGACAG_011,9
AGTGCGCAGGTAGTTGACAG_012,194
AGTGCGCAGGTAGTTGACAG_013,129
AGTGCGCAGGTAGTTGACAG_014,84
AGTGCGCAGGTAGTTGACAG_015,127
AGTGCGCAGGTAGTTGACAG_016,164
AGTGCGCAGGTAGTTGACAG_017,8
AGTGCGCAGGTAGTTGACAG_018,177
AGTGCGCAGGTAGTTGACAG_019,102
AGTGCGCAGGTAGTTGACAG_020,106
AGTGCGCAGGTAGTTGACAG_021,35
AGCCAGGTTCCAGACGACGC_001,60
AGCCAGGTTCCAGACGACGC_002,42
AGCCAGGTTCCAGACGACGC_003,199
AGCCAGGTTCCAGACGACGC_004,58
AGCCAGGTTCCAGACGACGC_005,84
AGCCAGGTTCCAGACGACGC_006,153
AGCCAGGTTCCAGACGACGC_007,168
AGCCAGGTTCCAGACGACGC_008,121
AGCCAGGTTCCAGACGACGC_009,22
AGCCAGGTTCCAGACGACGC_010,154
AGCCAGGTTCCAGACGACGC_011,113
AGCCAGGTTCCAGACGACGC_012,132
AGCCAGGTTCCAGACGACGC_013,12
AGCCAGGTTCCAGACGACGC_014,0
AGCCAGGTTCCAGACGACGC_015,148
AGCCAGGTTCCAGACGACGC_016,99
AGCCAGGTTCCAGACGACGC_017,130
AGCCAGGTTCCAGACGACGC_018,176
AGCCAGGTTCCAGACGACGC_019,58
AGCCAGGTTCCAGACGACGC_020,21
AGCCAGGTTCCAGACGACGC_021,69
AGCCAGGTTCCAGACGACGC_022,177
AGCCAGGTTCCAGACGACGC_023,28
AGCCAGGTTCCAGACGACGC_024,10
AGCCAGGTTCCAGACGACGC_025,2
AGCCAGGTTCCAGACGACGC_026,56
AGCCAGGTTCCAGACGACGC_027,26
AGCCAGGTTCCAGACGACGC_028,13
CCACTTATTAGTCTAGCAGG_001,26
CCACTTATTAGTCTAGCAGG_002,144
CCACTTATTAGTCTAGCAGG_003,43
CCACTTATTAGTCTAGCAGG_004,147
CCACTTATTAGTCTAGCAGG_005,11
CCACTTATTAGTCTAGCAGG_006,32
CCACTTATTAGTCTAGCAGG_007,3
CCACTTATTAGTCTAGCAGG_008,15
CCACTTATTAGTCTAGCAGG_009,88
CCACATTAGCAAACGAAGAG_001,29
CTGCAATCGACACACCCTAG_001,181
CTGCAATCGACACACCCTAG_002,32
CTGCAATCGACACACCCTAG_003,186
CTGCAATCGACACACCCTAG_004,94
CTGCAATCGACACACCCTAG_005,99
CTGCAATCGACACACCCTAG_006,137
CTGCAATCGACACACCCTAG_007,85
CTGCAATCGACACACCCTAG_008,56
CTGCAATCGACACACCCTAG_009,199
CTGCAATCGACACACCCTAG_010,78
CTGCAATCGACACACCCTAG_011,30
CTGCAATCGACACACCCTAG_012,15
CTGCAATCGACACACCCTAG_013,100
TCCACCACGCCCGTGCACGG_001,162
TCCACCACGCCCGTGCACGG_002,147
TCCACCACGCCCGTGCACGG_003,158
TCCACCACGCCCGTGCACGG_004,76
TCCACCACGCCCGTGCACGG_005,146
TCCACCACGCCCGTGCACGG_006,12
TCCACCACGCCCGTGCACGG_007,70
TCCACCACGCCCGTGCACGG_008,35
TCCACCACGCCCGTGCACGG_009,155
TCCACCACGCCCGTGCACGG_010,88
TCCACCACGCCCGTGCACGG_011,62
TCCACCACGCCCGTGCACGG_012,28
TGTAGTCCACAATCACACCG_001,55
TGTAGTCCACAATCACACCG_002,70
TGTAGTCCACAATCACACCG_003,130
TGTAGTCCACAATCACACCG_004,144
TGTAGTCCACAATCACACCG_005,184
TGTAGTCCACAATCACACCG_006,149
TGTAGTCCACAATCACACCG_007,175
TGTAGTCCACAATCACACCG_008,121
TGTAGTCCACAATCACACCG_009,198
TGTAGTCCACAATCACACCG_010,145
TGTAGTCCACAATCACACCG_011,70
TGTAGTCCACAATCACACCG_012,179
TGTAGTCCACAATCACACCG_013,9
TGTAGTCCACAATCACACCG_014,199
TGTAGTCCACAATCACACCG_015,10
GCCCTTACCTTGACTGGACG_001,32
GCCCTTACCTTGACTGGACG_002,164
GCCCTTACCTTGACTGGACG_003,164
GCCCTTACCTTGACTGGACG_004,34
GCCCTTACCTTGACTGGACG_005,44
GCCCTTACCTTGACTGGACG_006,101
GCCCTTACCTTGACTGGACG_007,113
GCCCTTACCTTGACTGGACG_008,43
GCCCTTACCTTGACTGGACG_009,103
GCCCTTACCTTGACTGGACG_010,92
GCCCTTACCTTGACTGGACG_011,168
GCCCTTACCTTGACTGGACG_012,28
GCCCTTACCTTGACTGGACG_013,16
CTTAAAAAAGCCTATATCTG_001,73
CTTAAAAAAGCCTATATCTG_002,78
TAAGAATGGACTTACACGCT_001,40
TAAGAATGGACTTACACGCT_002,184
TAAGAATGGACTTACACGCT_003,188
TAAGAATGGACTTACACGCT_004,22
TAAGAATGGACTTACACGCT_005,107
TAAGAATGGACTTACACGCT_006,76
TAAGAATGGACTTACACGCT_007,36
TAAGAATGGACTTACACGCT_008,144
GTTGGTGAGCTCCGTCCAGT_001,8
GTTGGTGAGCTCCGTCCAGT_002,197
GTTGGTGAGCTCCGTCCAGT_003,144
GTTGGTGAGCTCCGTCCAGT_004,81
GTTGGTGAGCTCCGTCCAGT_005,38
GTTGGTGAGCTCCGTCCAGT_006,160
GTTGGTGAGCTCCGTCCAGT_007,183
GTTGGTGAGCTCCGTCCAGT_008,101
TGGAGTGGCTATCCTAGGCA_001,150
TGGAGTGGCTATCCTAGGCA_002,83
TGGAGTGGCTATCCTAGGCA_003,76
TGGAGTGGCTATCCTAGGCA_004,57
GGTAGCAGCGCAGGTATTTG_001,174
GGTAGCAGCGCAGGTATTTG_002,61
GGTAGCAGCGCAGGTATTTG_003,16
AAAGGTCAGCCAATGGTGTG_001,199
AAAGGTCAGCCAATGGTGTG_002,78
AAAGGTCAGCCAATGGTGTG_003,30
AAAGGTCAGCCAATGGTGTG_004,84
AAAGGTCAGCCAATGGTGTG_005,29
AAAGGTCAGCCAATGGTGTG_006,119
AAAGGTCAGCCAATGGTGTG_007,19
AAAGGTCAGCCAATGGTGTG_008,1
AAAGGTCAGCCAATGGTGTG_009,150
AAAGGTCAGCCAATGGTGTG_010,48
AAAGGTCAGCCAATGGTGTG_011,136
AAAGGTCAGCCAATGGTGTG_012,55
GAAAGCGCAAAATCGACGCA_001,55
GAAAGCGCAAAATCGACGCA_002,106
GAAAGCGCAAAATCGACGCA_003,49
GAAAGCGCAAAATCGACGCA_004,127
GAAAGCGCAAAATCGACGCA_005,1
GAAAGCGCAAAATCGACGCA_006,159
GAAAGCGCAAAATCGACGCA_007,48
GAAAGCGCAAAATCGACGCA_008,41
GAAAGCGCAAAATCGACGCA_009,178
GAAAGCGCAAAATCGACGCA_010,160
GAAAGCGCAAAATCGACGCA_011,46
GAAAGCGCAAAATCGACGCA_012,104
GAAAGCGCAAAATCGACGCA_013,35
GAAAGCGCAAAATCGACGCA_014,98
GAAAGCGCAAAATCGACGCA_015,124
GAAAGCGCAAAATCGACGCA_016,113
GAAAGCGCAAAATCGACGCA_017,166
GAAAGCGCAAAATCGACGCA_018,66
GAAAGCGCAAAATCGACGCA_019,123
GGAAGTCAGATGGGATTGAA_001,128
GGAAGTCAGATGGGATTGAA_002,161
GGAAGTCAGATGGGATTGAA_003,133
GGAAGTCAGATGGGATTGAA_004,105
GGAAGTCAGATGGGATTGAA_005,61
GGAAGTCAGATGGGATTGAA_006,106
GGAAGTCAGATGGGATTGAA_007,149
GGAAGTCAGATGGGATTGAA_008,9
TTACTGTTGTGCATCAACCA_001,31
TTACTGTTGTGCATCAACCA_002,163
TTACTGTTGTGCATCAACCA_003,50
TTACTGTTGTGCATCAACCA_004,161
TTACTGTTGTGCATCAACCA_005,96
TTACTGTTGTGCATCAACCA_006,17
TTACTGTTGTGCATCAACCA_007,158
TTACTGTTGTGCATCAACCA_008,118
TTACTGTTGTGCATCAACCA_009,94
TTACTGTTGTGCATCAACCA_010,5
TTACTGTTGTGCATCAACCA_011,198
TTACTGTTGTGCATCAACCA_012,48
TTACTGTTGTGCATCAACCA_013,106
GTGAAGTGGCTGGTACAACG_001,73
GTGAAGTGGCTGGTACAACG_002,165
GATATAATATCAAAAATGCG_001,147
GTTGACACTGAAAATGTCGT_001,83
GTTGACACTGAAAATGTCGT_002,36
GTTGACACTGAAAATGTCGT_003,60
GTTGACACTGAAAATGTCGT_004,136
GTTGACACTGAAAATGTCGT_005,86
GTTGACACTGAAAATGTCGT_006,98
GTTGACACTGAAAATGTCGT_007,154
GTTGACACTGAAAATGTCGT_008,154
GTTGACACTGAAAATGTCGT_009,147
GTTGACACTGAAAATGTCGT_010,10
GTTGACACTGAAAATGTCGT_011,40
CCAGACCCAAGCCCTGTACG_001,88
CCAGACCCAAGCCCTGTACG_002,14
CCAGACCCAAGCCCTGTACG_003,137
CCAGACCCAAGCCCTGTACG_004,119
CCAGACCCAAGCCCTGTACG_005,48
CCAGACCCAAGCCCTGTACG_006,88
CCAGACCCAAGCCCTGTACG_007,58
CCAGACCCAAGCCCTGTACG_008,158
CCAGACCCAAGCCCTGTACG_009,126
CCAGACCCAAGCCCTGTACG_010,105
CCAGACCCAAGCCCTGTACG_011,102
CCAGACCCAAGCCCTGTACG_012,150
CCAGACCCAAGCCCTGTACG_013,185
CCAGACCCAAGCCCTGTACG_014,184
CCAGACCCAAGCCCTGTACG_015,82
CCAGACCCAAGCCCTGTACG_016,98
CCAGACCCAAGCCCTGTACG_017,140
CCAGACCCAAGCCCTGTACG_018,125
CCAGACCCAAGCCCTGTACG_019,110
CCAGACCCAAGCCCTGTACG_020,86
CCAGACCCAAGCCCTGTACG_021,178
CGGAAGACGCGCCACGACGT_001,69
CGGAAGACGCGCCACGACGT_002,127
CGGAAGACGCGCCACGACGT_003,189
CGGAAGACGCGCCACGACGT_004,183
CGGAAGACGCGCCACGACGT_005,53
CGGAAGACGCGCCACGACGT_006,127
CGGAAGACGCGCCACGACGT_007,31
CGGAAGACGCGCCACGACGT_008,105
CGGAAGACGCGCCACGACGT_009,42
CGGAAGACGCGCCACGACGT_010,147
CGGAAGACGCGCCACGACGT_011,91
CGGAAGACGCGCCACGACGT_012,65
CGGAAGACGCGCCACGACGT_013,175
CGGAAGACGCGCCACGACGT_014,115
CGGAAGACGCGCCACGACGT_015,33
CGGAAGACGCGCCACGACGT_016,43
CGGAAGACGCGCCACGACGT_017,198
CGGAAGACGCGCCACGACGT_018,97
CGGAAGACGCGCCACGACGT_019,135
GAATTAAAGGATGTCAAACA_001,92
GAATTAAAGGATGTCAAACA_002,5
TCTGCCTACACTATTTACAT_001,156
TCTGCCTACACTATTTACAT_002,106
TCTGCCTACACTATTTACAT_003,180
TACTAAACCCAGATGCCGAA_001,141
ATAGCGATCAAAAAGGTCGG_001,48
ATAGCGATCAAAAAGGTCGG_002,79
ATAGCGATCAAAAAGGTCGG_003,58
ATAGCGATCAAAAAGGTCGG_004,4
ATAGCGATCAAAAAGGTCGG_005,146
ATAGCGATCAAAAAGGTCGG_006,156
ATAGCGATCAAAAAGGTCGG_007,177
ATAGCGATCAAAAAGGTCGG_008,41
ATAGCGATCAAAAAGGTCGG_009,165
ATAGCGATCAAAAAGGTCGG_010,1
ATAGCGATCAAAAAGGTCGG_011,148
ATAGCGATCAAAAAGGTCGG_012,198
ACTGAAGCCAAAGTACTTGG_001,97
ACTGAAGCCAAAGTACTTGG_002,151
ACTGAAGCCAAAGTACTTGG_003,150
ACTGAAGCCAAAGTACTTGG_004,51
ACTGAAGCCAAAGTACTTGG_005,12
ACTGAAGCCAAAGTACTTGG_006,45
ACTGAAGCCAAAGTACTTGG_007,188
ATTGGATAATGGGCTTCGCG_001,25
ATTGGATAATGGGCTTCGCG_002,25
ATTGGATAATGGGCTTCGCG_003,59
ATTGGATAATGGGCTTCGCG_004,1
ATTGGATAATGGGCTTCGCG_005,1
ATTGGATAATGGGCTTCGCG_006,69
ATTGGATAATGGGCTTCGCG_007,199
ATTGGATAATGGGCTTCGCG_008,175
ATTGGATAATGGGCTTCGCG_009,63
TTACTATGAATTCCGAGAGG_001,137
TTACTATGAATTCCGAGAGG_002,197
TTAGGATCGTTCAGTTGCCA_001,7
TTAGGATCGTTCAGTTGCCA_002,141
TTAGGATCGTTCAGTTGCCA_003,183
TTAGGATCGTTCAGTTGCCA_004,161
TTAGGATCGTTCAGTTGCCA_005,43
TTAGGATCGTTCAGTTGCCA_006,52
GCAGTGTGAACAGACAGGTG_001,40
GCAGTGTGAACAGACAGGTG_002,147
GCAGTGTGAACAGACAGGTG_003,74
GCAGTGTGAACAGACAGGTG_004,9
GCAGTGTGAACAGACAGGTG_005,77
GCAGTGTGAACAGACAGGTG_006,39
GCAGTGTGAACAGACAGGTG_007,2
GCAGTGTGAACAGACAGGTG_008,106
ACTCCTACGGCAAGACCTCG_001,161
ACTCCTACGGCAAGACCTCG_002,127
ACTCCTACGGCAAGACCTCG_003,151
ACTCCTACGGCAAGACCTCG_004,101
ACTCCTACGGCAAGACCTCG_005,147
ACTCCTACGGCAAGACCTCG_006,17
ACTCCTACGGCAAGACCTCG_007,23
ACTCCTACGGCAAGACCTCG_008,19
ACTCCTACGGCAAGACCTCG_009,73
ACTCCTACGGCAAGACCTCG_010,1
ACTCCTACGGCAAGACCTCG_011,144
ACTCCTACGGCAAGACCTCG_012,11
ACTCGCGCCCTGACTCCGTG_001,72
ACTCGCGCCCTGACTCCGTG_002,80
ACTCGCGCCCTGACTCCGTG_003,2
ACTCGCGCCCTGACTCCGTG_004,145
ACTCGCGCCCTGACTCCGTG_005,134
ACTCGCGCCCTGACTCCGTG_006,108
ACTCGCGCCCTGACTCCGTG_007,129
ACTCGCGCCCTGACTCCGTG_008,161
ACTCGCGCCCTGACTCCGTG_009,125
ACTCGCGCCCTGACTCCGTG_010,53
ACTCGCGCCCTGACTCCGTG_011,58
ACTCGCGCCCTGACTCCGTG_012,170
ACTCGCGCCCTGACTCCGTG_013,74
ACTCGCGCCCTGACTCCGTG_014,9
ACTCGCGCCCTGACTCCGTG_015,144
TCCAGAGTATCCAAGACAGG_001,6
TCCAGAGTATCCAAGACAGG_002,142
TTGTCTATTAGTGATCACTA_001,7
TTGTCTATTAGTGATCACTA_002,144
TTGTCTATTAGTGATCACTA_003,155
TTGTCTATTAGTGATCACTA_004,194
TTGTCTATTAGTGATCACTA_005,112
TTGTCTATTAGTGATCACTA_006,48
TTGTCATAGTCGATGCTCCG_001,4
TTGTCATAGTCGATGCTCCG_002,78
TTGTCATAGTCGATGCTCCG_003,106
TTGTCATAGTCGATGCTCCG_004,130
TTGTCATAGTCGATGCTCCG_005,83
CAAATATATCGAGAACCACG_001,178
GGAAAGACAGGTCTGCTGGG_001,140
GGAAAGACAGGTCTGCTGGG_002,78
GGAAAGACAGGTCTGCTGGG_003,61
GGAAAGACAGGTCTGCTGGG_004,75
GGAAAGACAGGTCTGCTGGG_005,188
GGAAAGACAGGTCTGCTGGG_006,63
GGAAAGACAGGTCTGCTGGG_007,121
AAGTGGGAGCCGTCACAGAA_001,57
AAGTGGGAGCCGTCACAGAA_002,56
AAGTGGGAGCCGTCACAGAA_003,84
AAGTGGGAGCCGTCACAGAA_004,26
AAGTGGGAGCCGTCACAGAA_005,64
AAGTGGGAGCCGTCACAGAA_006,80
AAGTGGGAGCCGTCACAGAA_007,48
AAGTGGGAGCCGTCACAGAA_008,68
AAGTGGGAGCCGTCACAGAA_009,44
AAGTGGGAGCCGTCACAGAA_010,97
AAGTGGGAGCCGTCACAGAA_011,138
AAGTGGGAGCCGTCACAGAA_012,8
AAGTGGGAGCCGTCACAGAA_013,138
AAGTGGGAGCCGTCACAGAA_014,53
AAGTGGGAGCCGTCACAGAA_015,9
AAGTGGGAGCCGTCACAGAA_016,0
AAGTGGGAGCCGTCACAGAA_017,102
AAGTGGGAGCCGTCACAGAA_018,105
TACTAGGCTCGTTAATCAGG_001,168
TACTAGGCTCGTTAATCAGG_002,47
TACTAGGCTCGTTAATCAGG_003,19
GATCAACCACTTGCACGCCG_001,163
CTTCCCATTATGCGAGAGAG_001,194
CTTCCCATTATGCGAGAGAG_002,185
CTTCCCATTATGCGAGAGAG_003,145
CTTCCCATTATGCGAGAGAG_004,46
GGCTGCATATCGAAAGACAT_001,188
GGCTGCATATCGAAAGACAT_002,9
GGCTGCATATCGAAAGACAT_003,137
GGCTGCATATCGAAAGACAT_004,49
GGCTGCATATCGAAAGACAT_005,146
GGCTGCATATCGAAAGACAT_006,152
GGCTGCATATCGAAAGACAT_007,56
GGCTGCATATCGAAAGACAT_008,142
GGCTGCATATCGAAAGACAT_009,56
ATCAGTTATTGCTCCTTCCC_001,25
TGGGGACTATGAAATTGACG_001,124
TGGGGACTATGAAATTGACG_002,94
TGGGGACTATGAAATTGACG_003,191
TGGGGACTATGAAATTGACG_004,70
ACAAGCCGTCTATTGCCCAC_001,6
ACATACACTGTCCCATTGAG_001,81
ACATACACTGTCCCATTGAG_002,149
ACATACACTGTCCCATTGAG_003,123
ACATACACTGTCCCATTGAG_004,185
ACATACACTGTCCCATTGAG_005,83
ACATACACTGTCCCATTGAG_006,103
ACATACACTGTCCCATTGAG_007,199
GCGATGGTGGCACGAACTGT_001,62
GCGATGGTGGCACGAACTGT_002,58
GCGATGGTGGCACGAACTGT_003,65
GCGATGGTGGCACGAACTGT_004,22
GCGATGGTGGCACGAACTGT_005,115
GCGATGGTGGCACGAACTGT_006,161
GCGATGGTGGCACGAACTGT_007,77
GCGATGGTGGCACGAACTGT_008,190
GCTTCTCTTACCAGTGGTGC_001,177
GCTTCTCTTACCAGTGGTGC_002,198
TCAATTCTCACTCACGACCA_001,105
TCAATTCTCACTCACGACCA_002,195
TCAATTCTCACTCACGACCA_003,41
TCAATTCTCACTCACGACCA_004,134
TCAATTCTCACTCACGACCA_005,102
TCAATTCTCACTCACGACCA_006,92
TCAATTCTCACTCACGACCA_007,106
TCAATTCTCACTCACGACCA_008,26
TCAATTCTCACTCACGACCA_009,3
TCAATTCTCACTCACGACCA_010,89
TCAATTCTCACTCACGACCA_011,36
TCAATTCTCACTCACGACCA_012,197
TCAATTCTCACTCACGACCA_013,94
TCAATTCTCACTCACGACCA_014,41
TCAATTCTCACTCACGACCA_015,22
TCAATTCTCACTCACGACCA_016,69
TCAATTCTCACTCACGACCA_017,0
TCAATTCTCACTCACGACCA_018,72
TCAATTCTCACTCACGACCA_019,42
TCAATTCTCACTCACGACCA_020,172
TCAATTCTCACTCACGACCA_021,169
TCAATTCTCACTCACGACCA_022,136
CCGCAGAGCTTCCCTTCGGG_001,116
CCGCAGAGCTTCCCTTCGGG_002,11
CCGCAGAGCTTCCCTTCGGG_003,150
CTCAGGCACTGTTACCTCGG_001,140
CTCAGGCACTGTTACCTCGG_002,32
CTCAGGCACTGTTACCTCGG_003,94
CTCAGGCACTGTTACCTCGG_004,48
CTCAGGCACTGTTACCTCGG_005,108
CTCAGGCACTGTTACCTCGG_006,198
GGTCTGATGTCCTATATGCG_001,127
GGTCTGATGTCCTATATGCG_002,41
GGTCTGATGTCCTATATGCG_003,58
GGTCTGATGTCCTATATGCG_004,80
GGTCTGATGTCCTATATGCG_005,80
GGTCTGATGTCCTATATGCG_006,139
TCACAGTCATGACTGACACC_001,155
TCACAGTCATGACTGACACC_002,62
TCACAGTCATGACTGACACC_003,169
TCACAGTCATGACTGACACC_004,81
TCACAGTCATGACTGACACC_005,77
TCACAGTCATGACTGACACC_006,180
TGTGGGAAAACCTTCAAACA_001,199
TGTGGGAAAACCTTCAAACA_002,148
TGTGGGAAAACCTTCAAACA_003,139
TGTGGGAAAACCTTCAAACA_004,175
TGTGGGAAAACCTTCAAACA_005,90
ACAGACTGTGCGAGTAGCGG_001,15
ACAGACTGTGCGAGTAGCGG_002,74
ACAGACTGTGCGAGTAGCGG_003,124
ACAGACTGTGCGAGTAGCGG_004,137
ACAGACTGTGCGAGTAGCGG_005,50
ACAGACTGTGCGAGTAGCGG_006,58
TCGCCGTCCCAAATGGTGCG_001,41
TCGCCGTCCCAAATGGTGCG_002,3
ACTGGTCAAAATCCAAAAAG_001,168
ACTGGTCAAAATCCAAAAAG_002,158
ACTGGTCAAAATCCAAAAAG_003,1
ACTGGTCAAAATCCAAAAAG_004,108
ACTGGTCAAAATCCAAAAAG_005,59
ACTGGTCAAAATCCAAAAAG_006,9
ACTGGTCAAAATCCAAAAAG_007,40
GCAATTGCCAGGTGTCACGT_001,19
GCAATTGCCAGGTGTCACGT_002,30
GCAATTGCCAGGTGTCACGT_003,149
GCAATTGCCAGGTGTCACGT_004,63
GCAATTGCCAGGTGTCACGT_005,88
GCAATTGCCAGGTGTCACGT_006,105
CATACGGACTACAAAAGATG_001,184
ACTGGTAAAGCTTGCCTGCG_001,129
ACTGGTAAAGCTTGCCTGCG_002,4
ACTGGTAAAGCTTGCCTGCG_003,163
ACTGGTAAAGCTTGCCTGCG_004,159
ACTGGTAAAGCTTGCCTGCG_005,159
ACTGGTAAAGCTTGCCTGCG_006,114
ACTGGTAAAGCTTGCCTGCG_007,119
ACTGGTAAAGCTTGCCTGCG_008,198
CCTGCACGAGACATTGCTGG_001,42
CCTGCACGAGACATTGCTGG_002,88
CCTGCACGAGACATTGCTGG_003,148
CCTGCACGAGACATTGCTGG_004,141
CCTGCACGAGACATTGCTGG_005,45
CCTGCACGAGACATTGCTGG_006,165
ATCAGGCCAGACATCCTGAG_001,41
ATCAGGCCAGACATCCTGAG_002,139
ATCAGGCCAGACATCCTGAG_003,125
ATCAGGCCAGACATCCTGAG_004,63
CGCCCGTTTATGTGGCTACC_001,60
CGCCCGTTTATGTGGCTACC_002,130
CGCCCGTTTATGTGGCTACC_003,150
CGCCCGTTTATGTGGCTACC_004,195
CGCCCGTTTATGTGGCTACC_005,58
CGCCCGTTTATGTGGCTACC_006,77
CGCCCGTTTATGTGGCTACC_007,177
CGCCCGTTTATGTGGCTACC_008,162
CGCCCGTTTATGTGGCTACC_009,80
CGCCCGTTTATGTGGCTACC_010,175
CGCCCGTTTATGTGGCTACC_011,189
CGCCCGTTTATGTGGCTACC_012,94
CTGGCAGTGTCAATGGACAC_001,48
CTGGCAGTGTCAATGGACAC_002,116
CTGGCAGTGTCAATGGACAC_003,109
CTGGCAGTGTCAATGGACAC_004,159
CTGGCAGTGTCAATGGACAC_005,172
CTGGCAGTGTCAATGGACAC_006,15
CTGGCAGTGTCAATGGACAC_007,87
CTGGCAGTGTCAATGGACAC_008,12
CTGGCAGTGTCAATGGACAC_009,88
CTGGCAGTGTCAATGGACAC_010,5
CTGGCAGTGTCAATGGACAC_011,41
CTGGCAGTGTCAATGGACAC_012,60
CTGGCAGTGTCAATGGACAC_013,127
GCACAGTCTTCCCGTGCATG_001,100
GCACAGTCTTCCCGTGCATG_002,96
GCACAGTCTTCCCGTGCATG_003,82
AGACATTGTAAAAGACCCTG_001,68
AGACATTGTAAAAGACCCTG_002,29
AGACATTGTAAAAGACCCTG_003,105
AGACATTGTAAAAGACCCTG_004,88
AGACATTGTAAAAGACCCTG_005,49
AGACATTGTAAAAGACCCTG_006,184
AGACATTGTAAAAGACCCTG_007,119
AGACATTGTAAAAGACCCTG_008,116
AGACATTGTAAAAGACCCTG_009,45
AGACATTGTAAAAGACCCTG_010,88
AGACATTGTAAAAGACCCTG_011,28
AGACATTGTAAAAGACCCTG_012,11
AGACATTGTAAAAGACCCTG_013,16
AGACATTGTAAAAGACCCTG_014,185
AGACATTGTAAAAGACCCTG_015,166
AGACATTGTAAAAGACCCTG_016,78
AGACATTGTAAAAGACCCTG_017,77
AGACATTGTAAAAGACCCTG_018,184
AGACATTGTAAAAGACCCTG_019,10
AGACATTGTAAAAGACCCTG_020,19
CCTTCAGCATGTAGTAGAAG_001,66
CCTTCAGCATGTAGTAGAAG_002,184
CCTTCAGCATGTAGTAGAAG_003,52
CCTTCAGCATGTAGTAGAAG_004,126
CCTTCAGCATGTAGTAGAAG_005,33
CCTTCAGCATGTAGTAGAAG_006,126
GGTGCCTTTGACGAGCACAT_001,193
GGTGCCTTTGACGAGCACAT_002,171
GGTGCCTTTGACGAGCACAT_003,104
GGTGCCTTTGACGAGCACAT_004,172
GGTGCCTTTGACGAGCACAT_005,111
GGTGCCTTTGACGAGCACAT_006,36
GGTGCCTTTGACGAGCACAT_007,47
GGTGCCTTTGACGAGCACAT_008,197
GGTGCCTTTGACGAGCACAT_009,88
GGTGCCTTTGACGAGCACAT_010,78
GGTGCCTTTGACGAGCACAT_011,165
GACGGGCACGAGGTTCCCTG_001,73
GACGGGCACGAGGTTCCCTG_002,94
GACGGGCACGAGGTTCCCTG_003,185
GACGGGCACGAGGTTCCCTG_004,130
GACGGGCACGAGGTTCCCTG_005,21
GACGGGCACGAGGTTCCCTG_006,58
GACGGGCACGAGGTTCCCTG_007,154
GACGGGCACGAGGTTCCCTG_008,69
GACGGGCACGAGGTTCCCTG_009,145
GACGGGCACGAGGTTCCCTG_010,0
GACGGGCACGAGGTTCCCTG_011,69
TGGAAACACACTGGAGGACA_001,121
TGGAAACACACTGGAGGACA_002,162
TGGAAACACACTGGAGGACA_003,94
TGGAAACACACTGGAGGACA_004,4
TGGAAACACACTGGAGGACA_005,123
TGGAAACACACTGGAGGACA_006,9
TTCCTGAGGCTGATCAAACA_001,127
TTCCTGAGGCTGATCAAACA_002,50
TTCCTGAGGCTGATCAAACA_003,58
TTCCTGAGGCTGATCAAACA_004,86
TTCCTGAGGCTGATCAAACA_005,149
TTCCTGAGGCTGATCAAACA_006,185
TTCCTGAGGCTGATCAAACA_007,12
TTCCTGAGGCTGATCAAACA_008,119
TTCCTGAGGCTGATCAAACA_009,199
TTCCTGAGGCTGATCAAACA_010,191
TTCCTGAGGCTGATCAAACA_011,171
TGTCCCACAAAATGTGGTAG_001,157
TGTCCCACAAAATGTGGTAG_002,138
TGTCCCACAAAATGTGGTAG_003,12
TGTCCCACAAAATGTGGTAG_004,56
TGTCCCACAAAATGTGGTAG_005,88
TGTCCCACAAAATGTGGTAG_006,162
TGTCCCACAAAATGTGGTAG_007,160
TGTCCCACAAAATGTGGTAG_008,3
TGTCCCACAAAATGTGGTAG_009,8
TGTCCCACAAAATGTGGTAG_010,171
TGTCCCACAAAATGTGGTAG_011,88
TGTCCCACAAAATGTGGTAG_012,49
TGTCCCACAAAATGTGGTAG_013,77
TGTCCCACAAAATGTGGTAG_014,137
TGTCCCACAAAATGTGGTAG_015,63
TGTCCCACAAAATGTGGTAG_016,68
TGCGATGTAGAAGACAGACT_001,118
TGCGATGTAGAAGACAGACT_002,144
TGCGATGTAGAAGACAGACT_003,105
ACCAGATCCCCATAGCCGGG_001,191
ACCAGATCCCCATAGCCGGG_002,141
ACCAGATCCCCATAGCCGGG_003,109
ACCAGATCCCCATAGCCGGG_004,17
ACCAGATCCCCATAGCCGGG_005,56
ACCAGATCCCCATAGCCGGG_006,151
ACCAGATCCCCATAGCCGGG_007,127
ACCAGATCCCCATAGCCGGG_008,169
ACCAGATCCCCATAGCCGGG_009,28
ACCAGATCCCCATAGCCGGG_010,126
ACCAGATCCCCATAGCCGGG_011,63
ACCAGATCCCCATAGCCGGG_012,84
GTCGTTGCAGCAAACGCCGA_001,92
GTCGTTGCAGCAAACGCCGA_002,18
GTCGTTGCAGCAAACGCCGA_003,87
GTCGTTGCAGCAAACGCCGA_004,166
GTCGTTGCAGCAAACGCCGA_005,60
CTACTTTAACACTCTATGTG_001,26
CTACTTTAACACTCTATGTG_002,50
CTACTTTAACACTCTATGTG_003,68
CTACTTTAACACTCTATGTG_004,128
CTACTTTAACACTCTATGTG_005,176
CTACTTTAACACTCTATGTG_006,133
CTACTTTAACACTCTATGTG_007,186
CTACTTTAACACTCTATGTG_008,36
CTACTTTAACACTCTATGTG_009,150
CTACTTTAACACTCTATGTG_010,171
AGTTTCTCACATGGTCATAG_001,118
AGTTTCTCACATGGTCATAG_002,90
AGTTTCTCACATGGTCATAG_003,195
AGTTTCTCACATGGTCATAG_004,40
AGTTTCTCACATGGTCATAG_005,70
GTCCAAGCTAAGTTTCACTA_001,44
GTCCAAGCTAAGTTTCACTA_002,80
GTCCAAGCTAAGTTTCACTA_003,113
GTCCAAGCTAAGTTTCACTA_004,111
GTCCAAGCTAAGTTTCACTA_005,74
GTCCAAGCTAAGTTTCACTA_006,89
GTCCAAGCTAAGTTTCACTA_007,108
GTCCAAGCTAAGTTTCACTA_008,103
TGACACATTGGCTGGGTGTT_001,160
TGACACATTGGCTGGGTGTT_002,11
TGACACATTGGCTGGGTGTT_003,35
TGACACATTGGCTGGGTGTT_004,11
TGACACATTGGCTGGGTGTT_005,70
TGACACATTGGCTGGGTGTT_006,198
TGACACATTGGCTGGGTGTT_007,20
TGACACATTGGCTGGGTGTT_008,27
TGACACATTGGCTGGGTGTT_009,9
TGACACATTGGCTGGGTGTT_010,19
TGACACATTGGCTGGGTGTT_011,192
TGACACATTGGCTGGGTGTT_012,113
TGACACATTGGCTGGGTGTT_013,98
TGACACATTGGCTGGGTGTT_014,45
TGACACATTGGCTGGGTGTT_015,162
TGACACATTGGCTGGGTGTT_016,151
TGACACATTGGCTGGGTGTT_017,54
TGACACATTGGCTGGGTGTT_018,178
TGACACATTGGCTGGGTGTT_019,159
TGACACATTGGCTGGGTGTT_020,156
TGACACATTGGCTGGGTGTT_021,178
TGACACATTGGCTGGGTGTT_022,108
TGACACATTGGCTGGGTGTT_023,168
TGACACATTGGCTGGGTGTT_024,40
TCTTCTAGGTATCAGCGGCA_001,174
TCTTCTAGGTATCAGCGGCA_002,68
TCTTCTAGGTATCAGCGGCA_003,29
TCTTCTAGGTATCAGCGGCA_004,49
TCTTCTAGGTATCAGCGGCA_005,113
TCTTCTAGGTATCAGCGGCA_006,119
CACAACTGTCTGATCCAGGT_001,160
CACAACTGTCTGATCCAGGT_002,58
CACAACTGTCTGATCCAGGT_003,72
CACAACTGTCTGATCCAGGT_004,144
CACAACTGTCTGATCCAGGT_005,153
CACAACTGTCTGATCCAGGT_006,68
CACAACTGTCTGATCCAGGT_007,184
CACAACTGTCTGATCCAGGT_008,105
CACAACTGTCTGATCCAGGT_009,197
CACAACTGTCTGATCCAGGT_010,126
CACAACTGTCTGATCCAGGT_011,159
CACAACTGTCTGATCCAGGT_012,153
CACAACTGTCTGATCCAGGT_013,41
CAGCCCATTGATAATTGGGA_001,19
CAGCCCATTGATAATTGGGA_002,78
CAGCCCATTGATAATTGGGA_003,41
CAGCCCATTGATAATTGGGA_004,60
CAGCCCATTGATAATTGGGA_005,16
CAGCCCATTGATAATTGGGA_006,34
CAGCCCATTGATAATTGGGA_007,81
CAGCCCATTGATAATTGGGA_008,168
CAGCCCATTGATAATTGGGA_009,147
CAGCCCATTGATAATTGGGA_010,167
CAGCCCATTGATAATTGGGA_011,145
CAGCCCATTGATAATTGGGA_012,88
CAGCCCATTGATAATTGGGA_013,130
CAGCCCATTGATAATTGGGA_014,160
GGGAGCGGCCTGAATCACCA_001,111
GGGAGCGGCCTGAATCACCA_002,151
GGGAGCGGCCTGAATCACCA_003,93
GGGAGCGGCCTGAATCACCA_004,74
GGGAGCGGCCTGAATCACCA_005,104
GGGAGCGGCCTGAATCACCA_006,26
GGGAGCGGCCTGAATCACCA_007,26
GCCCGACCGTTCCGACACCG_001,131
GCCCGACCGTTCCGACACCG_002,9
GCCCGACCGTTCCGACACCG_003,178
GCCCGACCGTTCCGACACCG_004,190
GCCCGACCGTTCCGACACCG_005,185
GCCCGACCGTTCCGACACCG_006,198
GCCCGACCGTTCCGACACCG_007,174
GCCCGACCGTTCCGACACCG_008,111
GCCCGACCGTTCCGACACCG_009,105
GCCCGACCGTTCCGACACCG_010,57
GCCCGACCGTTCCGACACCG_011,70
GCCCGACCGTTCCGACACCG_012,160
GCCCGACCGTTCCGACACCG_013,83
GCCCGACCGTTCCGACACCG_014,136
GCCCGACCGTTCCGACACCG_015,138
GCCCGACCGTTCCGACACCG_016,83
GCCCGACCGTTCCGACACCG_017,61
GCCCGACCGTTCCGACACCG_018,36
GCCCGACCGTTCCGACACCG_019,121
GCCCGACCGTTCCGACACCG_020,27
TCCGCAGCGACCCGACCAGT_001,6
TCCGCAGCGACCCGACCAGT_002,129
TCCGCAGCGACCCGACCAGT_003,67
TCCGCAGCGACCCGACCAGT_004,130
TCCGCAGCGACCCGACCAGT_005,148
TCCGCAGCGACCCGACCAGT_006,94
AGCATAGGATATGTCAACAA_001,69
AGCATAGGATATGTCAACAA_002,17
AGTCGCTGGCGTAGATCTGT_001,6
AGTCGCTGGCGTAGATCTGT_002,162
AGTCGCTGGCGTAGATCTGT_003,87
AGTCGCTGGCGTAGATCTGT_004,169
AGTCGCTGGCGTAGATCTGT_005,195
AGTCGCTGGCGTAGATCTGT_006,191
AGTCGCTGGCGTAGATCTGT_007,178
AGTCGCTGGCGTAGATCTGT_008,47
AGTCGCTGGCGTAGATCTGT_009,24
AGTCGCTGGCGTAGATCTGT_010,158
AGTCGCTGGCGTAGATCTGT_011,30
AGTCGCTGGCGTAGATCTGT_012,52
AGTCGCTGGCGTAGATCTGT_013,198
AGTCGCTGGCGTAGATCTGT_014,175
AGTCGCTGGCGTAGATCTGT_015,77
AGTCGCTGGCGTAGATCTGT_016,150
AGTCGCTGGCGTAGATCTGT_017,150
AGTCGCTGGCGTAGATCTGT_018,64
AGTCGCTGGCGTAGATCTGT_019,177
AGTCGCTGGCGTAGATCTGT_020,88
AGTCGCTGGCGTAGATCTGT_021,135
AGTCGCTGGCGTAGATCTGT_022,184
ATGTGCGGCGGATGAACAAG_001,158
ATGTGCGGCGGATGAACAAG_002,119
ATGTGCGGCGGATGAACAAG_003,134
ATGTGCGGCGGATGAACAAG_004,43
ATGTGCGGCGGATGAACAAG_005,173
ATGTGCGGCGGATGAACAAG_006,174
ATGTGCGGCGGATGAACAAG_007,138
ATGTGCGGCGGATGAACAAG_008,176
ATGTGCGGCGGATGAACAAG_009,142
ATGTGCGGCGGATGAACAAG_010,156
ATGTGCGGCGGATGAACAAG_011,17
ATGTGCGGCGGATGAACAAG_012,125
ATGTGCGGCGGATGAACAAG_013,81
ATGTGCGGCGGATGAACAAG_014,180
ATGTGCGGCGGATGAACAAG_015,77
ATGTGCGGCGGATGAACAAG_016,141
ATGTGCGGCGGATGAACAAG_017,141
ATGTGCGGCGGATGAACAAG_018,199
ATGTGCGGCGGATGAACAAG_019,198
ATGTGCGGCGGATGAACAAG_020,58
ATGTGCGGCGGATGAACAAG_021,78
ATGTGCGGCGGATGAACAAG_022,12
ATGTGCGGCGGATGAACAAG_023,82
ATGTGCGGCGGATGAACAAG_024,110
ATGTGCGGCGGATGAACAAG_025,8
ATGTGCGGCGGATGAACAAG_026,5
ATGTGCGGCGGATGAACAAG_027,3
ATGTGCGGCGGATGAACAAG_028,37
ATGTGCGGCGGATGAACAAG_029,19
ATGTGCGGCGGATGAACAAG_030,58
ATGTGCGGCGGATGAACAAG_031,44
ATGTGCGGCGGATGAACAAG_032,167
ATGTGCGGCGGATGAACAAG_033,167
CCTTTGTAGATGCCTTCGAG_001,158
CCTTTGTAGATGCCTTCGAG_002,150
CCTTTGTAGATGCCTTCGAG_003,166
CCTTTGTAGATGCCTTCGAG_004,89
CCTTTGTAGATGCCTTCGAG_005,86
CCTTTGTAGATGCCTTCGAG_006,43
TGGAAGTTATCGATGACCAC_001,142
TGGAAGTTATCGATGACCAC_002,94
TGGAAGTTATCGATGACCAC_003,116
TGGAAGTTATCGATGACCAC_004,119
TGGAAGTTATCGATGACCAC_005,191
TGGAAGTTATCGATGACCAC_006,42
TGGAAGTTATCGATGACCAC_007,197
TGGAAGTTATCGATGACCAC_008,134
TGGAAGTTATCGATGACCAC_009,57
TGGAAGTTATCGATGACCAC_010,28
TGGAGGCGGCCGATAACGTG_001,72
TGGAGGCGGCCGATAACGTG_002,107
TGGAGGCGGCCGATAACGTG_003,65
TGGAGGCGGCCGATAACGTG_004,60
TGGAGGCGGCCGATAACGTG_005,144
TGGAGGCGGCCGATAACGTG_006,1
TGGAGGCGGCCGATAACGTG_007,62
TGGAGGCGGCCGATAACGTG_008,135
TGGAGGCGGCCGATAACGTG_009,41
TGGAGGCGGCCGATAACGTG_010,78
TGGAGGCGGCCGATAACGTG_011,97
TGGAGGCGGCCGATAACGTG_012,40
TGGAGGCGGCCGATAACGTG_013,130
CAACGCGTCTGCTCTGAACG_001,170
CAACGCGTCTGCTCTGAACG_002,39
GCCCTGAGACCATGACCCAG_001,34
GCCCTGAGACCATGACCCAG_002,130
GCCCTGAGACCATGACCCAG_003,81
GCCCTGAGACCATGACCCAG_004,48
GCCCTGAGACCATGACCCAG_005,126
GCCCTGAGACCATGACCCAG_006,138
AGACACGGACAACTGTCGGT_001,166
AGACACGGACAACTGTCGGT_002,166
AGACACGGACAACTGTCGGT_003,156
AGACACGGACAACTGTCGGT_004,12
AGACACGGACAACTGTCGGT_005,113
AGACACGGACAACTGTCGGT_006,113
AGACACGGACAACTGTCGGT_007,175
AGACACGGACAACTGTCGGT_008,102
AGACACGGACAACTGTCGGT_009,61
AGACACGGACAACTGTCGGT_010,102
AGACACGGACAACTGTCGGT_011,124
GTTGATGAGCCAATGGAAGA_001,169
GTTGATGAGCCAATGGAAGA_002,22
GTTGATGAGCCAATGGAAGA_003,168
GTTGATGAGCCAATGGAAGA_004,156
GTTGATGAGCCAATGGAAGA_005,6
GTTGATGAGCCAATGGAAGA_006,198
GTTGATGAGCCAATGGAAGA_007,136
TCTACCATAGGCATATCAAG_001,170
TGCAGTTGACTTCAAGACGC_001,66
TGCAGTTGACTTCAAGACGC_002,55
TGCAGTTGACTTCAAGACGC_003,171
TGCAGTTGACTTCAAGACGC_004,87
TGCAGTTGACTTCAAGACGC_005,198
TGCAGTTGACTTCAAGACGC_006,112
TGCAGTTGACTTCAAGACGC_007,158
TGCAGTTGACTTCAAGACGC_008,1
TGCAGTTGACTTCAAGACGC_009,114
CCCCCATCAGCACACTCATG_001,62
CCCCCATCAGCACACTCATG_002,170
CCCCCATCAGCACACTCATG_003,175
CCCCCATCAGCACACTCATG_004,62
CCCCCATCAGCACACTCATG_005,149
CCCCCATCAGCACACTCATG_006,17
CCCCCATCAGCACACTCATG_007,148
TGGAGAGCTAGTCCAGATGG_001,4
TGGAGAGCTAGTCCAGATGG_002,12
TGGAGAGCTAGTCCAGATGG_003,174
CCCCTATGCAGACTACAATT_001,15
CCCCTATGCAGACTACAATT_002,75
CCCCTATGCAGACTACAATT_003,60
CCCCTATGCAGACTACAATT_004,191
CCCCTATGCAGACTACAATT_005,41
CCCCTATGCAGACTACAATT_006,198
CCCCTATGCAGACTACAATT_007,53
CCCCTATGCAGACTACAATT_008,50
CCCCTATGCAGACTACAATT_009,191
CTTGCCGTTCATGTCTCTGG_001,127
CCAGAGACTGCACCGCTACG_001,92
CCAGAGACTGCACCGCTACG_002,107
CCAGAGACTGCACCGCTACG_003,96
CCAGAGACTGCACCGCTACG_004,111
CCAGAGACTGCACCGCTACG_005,47
CCAGAGACTGCACCGCTACG_006,88
CCAGAGACTGCACCGCTACG_007,108
CCAGAGACTGCACCGCTACG_008,141
CCAGAGACTGCACCGCTACG_009,108
CCAGAGACTGCACCGCTACG_010,110
CCAGAGACTGCACCGCTACG_011,190
CCAGAGACTGCACCGCTACG_012,137
CCAGAGACTGCACCGCTACG_013,33
CCAGAGACTGCACCGCTACG_014,134
CCAGAGACTGCACCGCTACG_015,47
CCAGAGACTGCACCGCTACG_016,188
CCAGAGACTGCACCGCTACG_017,127
CCAGAGACTGCACCGCTACG_018,13
CCAGAGACTGCACCGCTACG_019,52
CCAGAGACTGCACCGCTACG_020,36
GCATGAAAGAGCAAGAATAG_001,71
GCATGAAAGAGCAAGAATAG_002,112
GCATGAAAGAGCAAGAATAG_003,69
GCATGAAAGAGCAAGAATAG_004,12
GCATGAAAGAGCAAGAATAG_005,105
GCATGAAAGAGCAAGAATAG_006,15
GCATGAAAGAGCAAGAATAG_007,2
GCATGAAAGAGCAAGAATAG_008,184
GCATGAAAGAGCAAGAATAG_009,62
GCATGAAAGAGCAAGAATAG_010,182
GCATGAAAGAGCAAGAATAG_011,192
GCATGAAAGAGCAAGAATAG_012,63
GCATGAAAGAGCAAGAATAG_013,81
GCATGAAAGAGCAAGAATAG_014,113
GCGGGCATGAACACAGACCG_001,104
GCGGGCATGAACACAGACCG_002,38
GCGGGCATGAACACAGACCG_003,157
GCGGGCATGAACACAGACCG_004,11
CAACGGGACACAGTATCGTG_001,22
CAACGGGACACAGTATCGTG_002,88
CAACGGGACACAGTATCGTG_003,156
CAACGGGACACAGTATCGTG_004,151
CAACGGGACACAGTATCGTG_005,192
CAACGGGACACAGTATCGTG_006,92
CAACGGGACACAGTATCGTG_007,38
CAACGGGACACAGTATCGTG_008,50
CAACGGGACACAGTATCGTG_009,169
CAACGGGACACAGTATCGTG_010,53
CAACGGGACACAGTATCGTG_011,106
CAACGGGACACAGTATCGTG_012,91
CAACGGGACACAGTATCGTG_013,146
CAACGGGACACAGTATCGTG_014,93
GCAGATATCAGACTAAACTG_001,146
GCAGATATCAGACTAAACTG_002,145
GCAGATATCAGACTAAACTG_003,99
GCAGATATCAGACTAAACTG_004,97
GCAGATATCAGACTAAACTG_005,177
CATGTATAACCAGTGTATGG_001,127
CATGTATAACCAGTGTATGG_002,48
CATGTATAACCAGTGTATGG_003,172
CATGTATAACCAGTGTATGG_004,129
CATGTATAACCAGTGTATGG_005,3
ATTACAGACGAAGACCATCA_001,98
ATTACAGACGAAGACCATCA_002,82
ATTACAGACGAAGACCATCA_003,183
ATTACAGACGAAGACCATCA_004,97
ATTACAGACGAAGACCATCA_005,161
ATTACAGACGAAGACCATCA_006,113
ATTACAGACGAAGACCATCA_007,63
ATTACAGACGAAGACCATCA_008,125
ATTACAGACGAAGACCATCA_009,160
ATTACAGACGAAGACCATCA_010,4
ATTACAGACGAAGACCATCA_011,69
ATTACAGACGAAGACCATCA_012,10
ATTACAGACGAAGACCATCA_013,63
ATTACAGACGAAGACCATCA_014,101
CTATCTGGACCTCATTCCCG_001,126
CTATCTGGACCTCATTCCCG_002,117
AAAGTCGGGACTATCGATGA_001,170
AAAGTCGGGACTATCGATGA_002,81
AAAGTCGGGACTATCGATGA_003,40
AAAGTCGGGACTATCGATGA_004,84
GGTGTGACGATGTAGTGCCA_001,137
GGTGTGACGATGTAGTGCCA_002,94
GGTGTGACGATGTAGTGCCA_003,17
GGTGTGACGATGTAGTGCCA_004,172
GGTGTGACGATGTAGTGCCA_005,81
GGTGTGACGATGTAGTGCCA_006,106
GGTGTGACGATGTAGTGCCA_007,34
AGTTTGTACTGAGCACCCAG_001,48
AGTTTGTACTGAGCACCCAG_002,1
AGTTTGTACTGAGCACCCAG_003,16
AGTTTGTACTGAGCACCCAG_004,64
AGTTTGTACTGAGCACCCAG_005,123
GCAGGGAGTCAGGACGATGT_001,12
GCAGGGAGTCAGGACGATGT_002,146
GCAGGGAGTCAGGACGATGT_003,135
GCAGGGAGTCAGGACGATGT_004,100
GCAGGGAGTCAGGACGATGT_005,180
TCTTTGCTAAGAAGTACCAG_001,125
TCTTTGCTAAGAAGTACCAG_002,149
TCTTTGCTAAGAAGTACCAG_003,82
TCTTTGCTAAGAAGTACCAG_004,149
TCTTTGCTAAGAAGTACCAG_005,94
TCTTTGCTAAGAAGTACCAG_006,50
TCTTTGCTAAGAAGTACCAG_007,64
TCTTTGCTAAGAAGTACCAG_008,9
TCTTTGCTAAGAAGTACCAG_009,59
TCTTTGCTAAGAAGTACCAG_010,113
GAAATACGCAATGGCCAGGG_001,1
GAAATACGCAATGGCCAGGG_002,150
GAAATACGCAATGGCCAGGG_003,103
GAAATACGCAATGGCCAGGG_004,160
GAAATACGCAATGGCCAGGG_005,82
GAAATACGCAATGGCCAGGG_006,41
GAAATACGCAATGGCCAGGG_007,76
GAAATACGCAATGGCCAGGG_008,169
GAAATACGCAATGGCCAGGG_009,96
GAAATACGCAATGGCCAGGG_010,4
CTGTGGGCATCGGACCAATG_001,17
CTGTGGGCATCGGACCAATG_002,97
CTGTGGGCATCGGACCAATG_003,169
CTGTGGGCATCGGACCAATG_004,139
CTGTGGGCATCGGACCAATG_005,32
CTGTGGGCATCGGACCAATG_006,115
CTGTGGGCATCGGACCAATG_007,68
CTGTGGGCATCGGACCAATG_008,99
CTGTGGGCATCGGACCAATG_009,54
CTGTGGGCATCGGACCAATG_010,29
CTGTGGGCATCGGACCAATG_011,33
CTGTGGGCATCGGACCAATG_012,144
CTGTGGGCATCGGACCAATG_013,15
CTGTGGGCATCGGACCAATG_014,94
ACCTTCTACAACATCAACCA_001,46
ACCTTCTACAACATCAACCA_002,3
ACCTTCTACAACATCAACCA_003,116
ACCTTCTACAACATCAACCA_004,102
ACCTTCTACAACATCAACCA_005,12
ACCTTCTACAACATCAACCA_006,93
ACCTTCTACAACATCAACCA_007,184
ACCTTCTACAACATCAACCA_008,169
ACCTTCTACAACATCAACCA_009,166
ACCTTCTACAACATCAACCA_010,106
ACCTTCTACAACATCAACCA_011,170
ACCTTCTACAACATCAACCA_012,6
ACCTTCTACAACATCAACCA_013,178
ACCTTCTACAACATCAACCA_014,50
GTGAGGAGTGACGGTGTCTG_001,155
GTGAGGAGTGACGGTGTCTG_002,109
GTGAGGAGTGACGGTGTCTG_003,72
GTGAGGAGTGACGGTGTCTG_004,17
GTGAGGAGTGACGGTGTCTG_005,169
GTGAGGAGTGACGGTGTCTG_006,34
GTGAGGAGTGACGGTGTCTG_007,104
GTGAGGAGTGACGGTGTCTG_008,170
GTGAGGAGTGACGGTGTCTG_009,84
GTGAGGAGTGACGGTGTCTG_010,32
GTGAGGAGTGACGGTGTCTG_011,45
GTGAGGAGTGACGGTGTCTG_012,198
GTGAGGAGTGACGGTGTCTG_013,115
GTGAGGAGTGACGGTGTCTG_014,80
GTGAGGAGTGACGGTGTCTG_015,11
GTGAGGAGTGACGGTGTCTG_016,170
GTGAGGAGTGACGGTGTCTG_017,15
GTGAGGAGTGACGGTGTCTG_018,19
GTGAGGAGTGACGGTGTCTG_019,160
GTGAGGAGTGACGGTGTCTG_020,154
GTGAGGAGTGACGGTGTCTG_021,102
TCTATGAGAGTGAAATCAAG_001,76
CTGCCCACCACACAGATCTG_001,63
CTGCCCACCACACAGATCTG_002,109
CTGCCCACCACACAGATCTG_003,64
CTGCCCACCACACAGATCTG_004,17
CTGCCCACCACACAGATCTG_005,82
CTGCCCACCACACAGATCTG_006,21
CTGCCCACCACACAGATCTG_007,163
CTGCCCACCACACAGATCTG_008,76
CTGCCCACCACACAGATCTG_009,23
CTGCCCACCACACAGATCTG_010,23
CTGCCCACCACACAGATCTG_011,122
CTGCCCACCACACAGATCTG_012,139
CTGCCCACCACACAGATCTG_013,136
CTGCCCACCACACAGATCTG_014,50
CTGCCCACCACACAGATCTG_015,175
CTGCCCACCACACAGATCTG_016,10
CTGCCCACCACACAGATCTG_017,130
CTGCCCACCACACAGATCTG_018,66
TGACATACCGTGATCAGCCG_001,176
TGACATACCGTGATCAGCCG_002,2
TGACATACCGTGATCAGCCG_003,11
TGACATACCGTGATCAGCCG_004,148
TGACATACCGTGATCAGCCG_005,11
TGACATACCGTGATCAGCCG_006,88
TGACATACCGTGATCAGCCG_007,60
TGACATACCGTGATCAGCCG_008,165
TCCGTGGTCTTCCACCAGAG_001,75
TCCGTGGTCTTCCACCAGAG_002,34
TCCGTGGTCTTCCACCAGAG_003,45
TTTCAGACTGTATCAAGCGT_001,77
TTTCAGACTGTATCAAGCGT_002,36
TTTCAGACTGTATCAAGCGT_003,168
TTTCAGACTGTATCAAGCGT_004,168
TTTCAGACTGTATCAAGCGT_005,110
TTTCAGACTGTATCAAGCGT_006,123
TTTCAGACTGTATCAAGCGT_007,127
TTTCAGACTGTATCAAGCGT_008,187
TTTCAGACTGTATCAAGCGT_009,69
TTTCAGACTGTATCAAGCGT_010,60
TACCCAAAATTGCTGTTGTG_001,146
TACCCAAAATTGCTGTTGTG_002,45
TACCCAAAATTGCTGTTGTG_003,16
TACCCAAAATTGCTGTTGTG_004,137
TACCCAAAATTGCTGTTGTG_005,61
TACCCAAAATTGCTGTTGTG_006,161
TACCCAAAATTGCTGTTGTG_007,6
TACCCAAAATTGCTGTTGTG_008,52
TACCCAAAATTGCTGTTGTG_009,98
TACCCAAAATTGCTGTTGTG_010,94
TACCCAAAATTGCTGTTGTG_011,173
TACCCAAAATTGCTGTTGTG_012,88
TACCCAAAATTGCTGTTGTG_013,35
TACCCAAAATTGCTGTTGTG_014,56
TACCCAAAATTGCTGTTGTG_015,12
TACCCAAAATTGCTGTTGTG_016,105
TACCCAAAATTGCTGTTGTG_017,125
TACCCAAAATTGCTGTTGTG_018,184
CATCGACCTCTAGAACCTTG_001,8
CATCGACCTCTAGAACCTTG_002,94
CAGGGTACAAAACCACTGGA_001,149
CAGGGTACAAAACCACTGGA_002,105
CAGGGTACAAAACCACTGGA_003,177
CAGGGTACAAAACCACTGGA_004,120
CAGGGTACAAAACCACTGGA_005,116
CAGGGTACAAAACCACTGGA_006,85
CAGGGTACAAAACCACTGGA_007,137
CAGGGTACAAAACCACTGGA_008,46
CAGGGTACAAAACCACTGGA_009,48
CAGGGTACAAAACCACTGGA_010,130
CAGGGTACAAAACCACTGGA_011,158
CAGGGTACAAAACCACTGGA_012,91
CAGGGTACAAAACCACTGGA_013,75
CAGGGTACAAAACCACTGGA_014,184
CAGGGTACAAAACCACTGGA_015,96
CAGGGTACAAAACCACTGGA_016,144
CAGGGTACAAAACCACTGGA_017,8
CAGGGTACAAAACCACTGGA_018,26
CAGGGTACAAAACCACTGGA_019,26
CAGGGTACAAAACCACTGGA_020,60
CAGGGTACAAAACCACTGGA_021,70
CAGGGTACAAAACCACTGGA_022,55
CAGGGTACAAAACCACTGGA_023,94
CAGGGTACAAAACCACTGGA_024,41
CAGGGTACAAAACCACTGGA_025,185
CAGGGTACAAAACCACTGGA_026,185
CAGGGTACAAAACCACTGGA_027,76
CAGGGTACAAAACCACTGGA_028,109
CAGGGTACAAAACCACTGGA_029,134
CAGGGTACAAAACCACTGGA_030,97
CAGGGTACAAAACCACTGGA_031,0
CAGGGTACAAAACCACTGGA_032,30
CAGGGTACAAAACCACTGGA_033,169
CAGGGTACAAAACCACTGGA_034,28
CAGGGTACAAAACCACTGGA_035,125
AGAAAAGAGAACTCGCATGA_001,178
AGAAAAGAGAACTCGCATGA_002,175
AGAAAAGAGAACTCGCATGA_003,35
AGAAAAGAGAACTCGCATGA_004,192
AGAAAAGAGAACTCGCATGA_005,130
TCCATCTCTCAAAGTACTAG_001,151
TCCATCTCTCAAAGTACTAG_002,56
TGAAAATCTTGAAAATTTGG_001,49
TGGACACCATCATGATGATG_001,85
TTTGGACCAATCGAATACAA_001,172
TTTGGACCAATCGAATACAA_002,23
TTTGGACCAATCGAATACAA_003,23
TTTGGACCAATCGAATACAA_004,1
TTTGGACCAATCGAATACAA_005,184
TTTGGACCAATCGAATACAA_006,175
TTTGGACCAATCGAATACAA_007,63
TTTGGACCAATCGAATACAA_008,105
ATGACACAATTGGTACTGCC_001,65
ATGACACAATTGGTACTGCC_002,153
ATGACACAATTGGTACTGCC_003,19
ATGACACAATTGGTACTGCC_004,184
TCTGATTGACTACCTGACAC_001,135
TCTGATTGACTACCTGACAC_002,48
TCTGATTGACTACCTGACAC_003,140
TCTGATTGACTACCTGACAC_004,43
AGGAATAGGTCTAAGGACGT_001,154
AGGAATAGGTCTAAGGACGT_002,82
AGGAATAGGTCTAAGGACGT_003,53
AGGAATAGGTCTAAGGACGT_004,77
AGGAATAGGTCTAAGGACGT_005,137
AGGAATAGGTCTAAGGACGT_006,15
TCCTTGCTCGATACTCAGTG_001,54
TCCTTGCTCGATACTCAGTG_002,183
TCCTTGCTCGATACTCAGTG_003,16
TCCTTGCTCGATACTCAGTG_004,105
TCCTTGCTCGATACTCAGTG_005,32
TCCTTGCTCGATACTCAGTG_006,15
TCCTTGCTCGATACTCAGTG_007,121
TCATCCGGGACAACTACGAG_001,159
TCATCCGGGACAACTACGAG_002,194
TCATCCGGGACAACTACGAG_003,158
TCATCCGGGACAACTACGAG_004,94
TCATCCGGGACAACTACGAG_005,78
TCATCCGGGACAACTACGAG_006,119
TCATCCGGGACAACTACGAG_007,60
TCATCCGGGACAACTACGAG_008,66
TCATCCGGGACAACTACGAG_009,12
TCATCCGGGACAACTACGAG_010,19
TCATCCGGGACAACTACGAG_011,33
TTGGATATTAATTAGACATG_001,29
TTGGATATTAATTAGACATG_002,47
TTGGATATTAATTAGACATG_003,150
TTGGATATTAATTAGACATG_004,150
TTGGATATTAATTAGACATG_005,134
TTGGATATTAATTAGACATG_006,16
CAATGCCGAATCCTAGAACG_001,113
GCTGGGATGTGCTATGTCGG_001,112
GCTGGGATGTGCTATGTCGG_002,62
GCTGGGATGTGCTATGTCGG_003,10
GCTGGGATGTGCTATGTCGG_004,137
GCTGGGATGTGCTATGTCGG_005,17
GCTGGGATGTGCTATGTCGG_006,2
GCTGGGATGTGCTATGTCGG_007,39
CAGAAATGGCCGGTATCCTG_001,43
CAGAAATGGCCGGTATCCTG_002,91
CAGAAATGGCCGGTATCCTG_003,171
CAGAAATGGCCGGTATCCTG_004,17
CAGAAATGGCCGGTATCCTG_005,76
CAGAAATGGCCGGTATCCTG_006,150
CAGAAATGGCCGGTATCCTG_007,68
GCTCAAGGCACACTACATCG_001,125
GCTCAAGGCACACTACATCG_002,102
GCTCAAGGCACACTACATCG_003,47
GCTCAAGGCACACTACATCG_004,110
CGATAGCGATTCCGAGCGAG_001,105
CGATAGCGATTCCGAGCGAG_002,101
ACCACTCACTTGGTTACACT_001,15
ACCACTCACTTGGTTACACT_002,58
ACCACTCACTTGGTTACACT_003,14
ACCACTCACTTGGTTACACT_004,12
ACCACTCACTTGGTTACACT_005,50
ACCACTCACTTGGTTACACT_006,88
ACCACTCACTTGGTTACACT_007,8
ACCACTCACTTGGTTACACT_008,29
ACTTTGTAGGTTATAAGCTG_001,88
ACTTTGTAGGTTATAAGCTG_002,35
ACTTTGTAGGTTATAAGCTG_003,81
ACTTTGTAGGTTATAAGCTG_004,81
ACTTTGTAGGTTATAAGCTG_005,146
ACTTTGTAGGTTATAAGCTG_006,146
ACTTTGTAGGTTATAAGCTG_007,152
CGCTGAAGTCATGAGCACAG_001,35
AAGTGATGAAACCTCTGCGA_001,52
AAGTGATGAAACCTCTGCGA_002,43
AAGTGATGAAACCTCTGCGA_003,100
AAGTGATGAAACCTCTGCGA_004,192
AAGTGATGAAACCTCTGCGA_005,158
AAGTGATGAAACCTCTGCGA_006,141
AAGTGATGAAACCTCTGCGA_007,175
AAGTGATGAAACCTCTGCGA_008,69
AAGTGATGAAACCTCTGCGA_009,71
AAGTGATGAAACCTCTGCGA_010,89
AAGTGATGAAACCTCTGCGA_011,185
AAGTGATGAAACCTCTGCGA_012,149
AAGTGATGAAACCTCTGCGA_013,56
AAGTGATGAAACCTCTGCGA_014,50
AAGTGATGAAACCTCTGCGA_015,198
AAGTGATGAAACCTCTGCGA_016,15
AAGTGATGAAACCTCTGCGA_017,9
AAGTGATGAAACCTCTGCGA_018,75
AAGTGATGAAACCTCTGCGA_019,138
AAGTGATGAAACCTCTGCGA_020,121
AAGTGATGAAACCTCTGCGA_021,186
ATCAAGTAGCTCGCACGCAG_001,181
ATCAAGTAGCTCGCACGCAG_002,155
ATCAAGTAGCTCGCACGCAG_003,67
ATCAAGTAGCTCGCACGCAG_004,40
ATCAAGTAGCTCGCACGCAG_005,114
ATCAAGTAGCTCGCACGCAG_006,77
ATCAAGTAGCTCGCACGCAG_007,42
ATCAAGTAGCTCGCACGCAG_008,114
ATCAAGTAGCTCGCACGCAG_009,58
ATCAAGTAGCTCGCACGCAG_010,74
ATCAAGTAGCTCGCACGCAG_011,114
TCATGACGAACCACCCGTGG_001,105
TCATGACGAACCACCCGTGG_002,164
TCATGACGAACCACCCGTGG_003,51
TCATGACGAACCACCCGTGG_004,56
TCATGACGAACCACCCGTGG_005,127
TCATGACGAACCACCCGTGG_006,116
TCATGACGAACCACCCGTGG_007,15
TCATGACGAACCACCCGTGG_008,41
TCATGACGAACCACCCGTGG_009,27
TCATGACGAACCACCCGTGG_010,182
TCATGACGAACCACCCGTGG_011,52
TCATGACGAACCACCCGTGG_012,48
TTGGGCATGACGAACGTCAG_001,98
TTGGGCATGACGAACGTCAG_002,197
TTGGGCATGACGAACGTCAG_003,169
TTGGGCATGACGAACGTCAG_004,29
TTGGGCATGACGAACGTCAG_005,42
TTGGGCATGACGAACGTCAG_006,140
TTGGGCATGACGAACGTCAG_007,192
TTGGGCATGACGAACGTCAG_008,142
TTGGGCATGACGAACGTCAG_009,138
TTGGGCATGACGAACGTCAG_010,162
TTGGGCATGACGAACGTCAG_011,27
TTGGGCATGACGAACGTCAG_012,106
TTGGGCATGACGAACGTCAG_013,39
TTGGGCATGACGAACGTCAG_014,136
TTGGGCATGACGAACGTCAG_015,142
TTGGGCATGACGAACGTCAG_016,60
TTGGGCATGACGAACGTCAG_017,115
CCGGTCCTATTACCTGCGCG_001,98
CCGGTCCTATTACCTGCGCG_002,156
CCGGTCCTATTACCTGCGCG_003,185
CCGGTCCTATTACCTGCGCG_004,121
CCGGTCCTATTACCTGCGCG_005,17
CCGGTCCTATTACCTGCGCG_006,160
CCGGTCCTATTACCTGCGCG_007,41
CCGGTCCTATTACCTGCGCG_008,16
CCGGTCCTATTACCTGCGCG_009,169
CCGGTCCTATTACCTGCGCG_010,68
CCGGTCCTATTACCTGCGCG_011,61
CATGGGAATGCAGGCAACAT_001,44
CATGGGAATGCAGGCAACAT_002,185
CATGGGAATGCAGGCAACAT_003,76
CATGGGAATGCAGGCAACAT_004,32
CATGGGAATGCAGGCAACAT_005,70
CATGGGAATGCAGGCAACAT_006,41
CATGGGAATGCAGGCAACAT_007,41
CATGGGAATGCAGGCAACAT_008,64
CATGGGAATGCAGGCAACAT_009,13
CATGGGAATGCAGGCAACAT_010,100
CATGGGAATGCAGGCAACAT_011,77
CATGGGAATGCAGGCAACAT_012,162
CATGGGAATGCAGGCAACAT_013,192
CATGGGAATGCAGGCAACAT_014,163
CATGGGAATGCAGGCAACAT_015,127
CATGGGAATGCAGGCAACAT_016,62
CATGGGAATGCAGGCAACAT_017,81
CATGGGAATGCAGGCAACAT_018,113
CATGGGAATGCAGGCAACAT_019,132
CATGGGAATGCAGGCAACAT_020,50
CATGGGAATGCAGGCAACAT_021,112
CATGGGAATGCAGGCAACAT_022,77
CATGGGAATGCAGGCAACAT_023,127
CATGGGAATGCAGGCAACAT_024,2
CATGGGAATGCAGGCAACAT_025,166
CATGGGAATGCAGGCAACAT_026,152
CATGGGAATGCAGGCAACAT_027,34
CATGGGAATGCAGGCAACAT_028,34
CATGGGAATGCAGGCAACAT_029,160
CATGGGAATGCAGGCAACAT_030,191
CATGGGAATGCAGGCAACAT_031,101
CATGGGAATGCAGGCAACAT_032,33
CCTGTGGCACTATTGATGCG_001,49
CCTGTGGCACTATTGATGCG_002,77
CCTGTGGCACTATTGATGCG_003,50
CCTGTGGCACTATTGATGCG_004,48
CCTGTGGCACTATTGATGCG_005,128
CCTGTGGCACTATTGATGCG_006,162
CCTGTGGCACTATTGATGCG_007,162
CCTGTGGCACTATTGATGCG_008,137
CCTGTGGCACTATTGATGCG_009,26
GAAAGTCCGCTACACGGAGA_001,112
GAAAGTCCGCTACACGGAGA_002,116
GAAAGTCCGCTACACGGAGA_003,12
GAAAGTCCGCTACACGGAGA_004,78
GAAAGTCCGCTACACGGAGA_005,76
GAAAGTCCGCTACACGGAGA_006,2
GAAAGTCCGCTACACGGAGA_007,4
GAAAGTCCGCTACACGGAGA_008,65
GAAAGTCCGCTACACGGAGA_009,147
GAAAGTCCGCTACACGGAGA_010,113
GAAAGTCCGCTACACGGAGA_011,113
GAAAGTCCGCTACACGGAGA_012,115
GAAAGTCCGCTACACGGAGA_013,112
GAAAGTCCGCTACACGGAGA_014,81
GAAAGTCCGCTACACGGAGA_015,146
GAAAGTCCGCTACACGGAGA_016,2
GAAAGTCCGCTACACGGAGA_017,77
GAAAGTCCGCTACACGGAGA_018,6
GAAAGTCCGCTACACGGAGA_019,147
GAAAGTCCGCTACACGGAGA_020,67
GAAAGTCCGCTACACGGAGA_021,168
GAAAGTCCGCTACACGGAGA_022,104
GAAAGTCCGCTACACGGAGA_023,33
TACCTGTCGCTGTACAAACA_001,170
TACCTGTCGCTGTACAAACA_002,134
TACCTGTCGCTGTACAAACA_003,61
TACCTGTCGCTGTACAAACA_004,27
CTCTTGGAGAGAAGGCCGCG_001,106
CTCTTGGAGAGAAGGCCGCG_002,143
CTCTTGGAGAGAAGGCCGCG_003,41
CTCTTGGAGAGAAGGCCGCG_004,88
CTCTTGGAGAGAAGGCCGCG_005,190
CTCTTGGAGAGAAGGCCGCG_006,148
CTCTTGGAGAGAAGGCCGCG_007,164
CTCTTGGAGAGAAGGCCGCG_008,49
CTCTTGGAGAGAAGGCCGCG_009,5
CTCTTGGAGAGAAGGCCGCG_010,40
CTCTTGGAGAGAAGGCCGCG_011,145
AGGACGCGTCCAGCACCCGC_001,177
AGGACGCGTCCAGCACCCGC_002,138
CTTCGAGAACTCAATCGGTG_001,24
CTTCGAGAACTCAATCGGTG_002,34
CTTCGAGAACTCAATCGGTG_003,61
CTTCGAGAACTCAATCGGTG_004,128
CTTCGAGAACTCAATCGGTG_005,127
CTTCGAGAACTCAATCGGTG_006,36
CTTCGAGAACTCAATCGGTG_007,161
CTTCGAGAACTCAATCGGTG_008,134
CTTCGAGAACTCAATCGGTG_009,112
GAGCTCTTCAATGTAGCGTA_001,126
GAGCTCTTCAATGTAGCGTA_002,163
GAGCTCTTCAATGTAGCGTA_003,159
GAGCTCTTCAATGTAGCGTA_004,105
GAGCTCTTCAATGTAGCGTA_005,160
GAGCTCTTCAATGTAGCGTA_006,70
GCGGAACCGAACCCTATCCG_001,8
GCGGAACCGAACCCTATCCG_002,17
GCGGAACCGAACCCTATCCG_003,103
GCGGAACCGAACCCTATCCG_004,63
ACTTCAAGTCTACCTGTCAA_001,184
ACTTCAAGTCTACCTGTCAA_002,120
ACTTCAAGTCTACCTGTCAA_003,181
ACTTCAAGTCTACCTGTCAA_004,31
ACTTCAAGTCTACCTGTCAA_005,133
ACTTCAAGTCTACCTGTCAA_006,185
ACTTCAAGTCTACCTGTCAA_007,185
TACCATATGGACTCAACAAG_001,105
TACCATATGGACTCAACAAG_002,57
TACCATATGGACTCAACAAG_003,34
TACCATATGGACTCAACAAG_004,149
AGGAATTGAACCCTTGAGCG_001,92
AGGAATTGAACCCTTGAGCG_002,71
AGGAATTGAACCCTTGAGCG_003,84
AGGAATTGAACCCTTGAGCG_004,147
AGGAATTGAACCCTTGAGCG_005,184
AGGAATTGAACCCTTGAGCG_006,150
AGGAATTGAACCCTTGAGCG_007,108
CTCCTATCGATCCTACAGAG_001,144
CTCCTATCGATCCTACAGAG_002,42
CTCCTATCGATCCTACAGAG_003,10
CTCCTATCGATCCTACAGAG_004,60
CTCCTATCGATCCTACAGAG_005,189
AAAATCCTGTAGCTGTGCAG_001,115
AAAATCCTGTAGCTGTGCAG_002,72
AAAATCCTGTAGCTGTGCAG_003,58
AAAATCCTGTAGCTGTGCAG_004,128
AAAATCCTGTAGCTGTGCAG_005,111
AAAATCCTGTAGCTGTGCAG_006,145
AAAATCCTGTAGCTGTGCAG_007,158
AAAATCCTGTAGCTGTGCAG_008,168
AAAATCCTGTAGCTGTGCAG_009,118
AAAATCCTGTAGCTGTGCAG_010,47
TTAACATGCTCCATCACATG_001,0
TTAACATGCTCCATCACATG_002,197
TTAACATGCTCCATCACATG_003,49
TTAACATGCTCCATCACATG_004,193
TTAACATGCTCCATCACATG_005,62
TTGTCATAGTCCATGCTCCG_001,27
TTGTCATAGTCCATGCTCCG_002,78
TTGTCATAGTCCATGCTCCG_003,68
TTGTCATAGTCCATGCTCCG_004,115
TTGTCATAGTCCATGCTCCG_005,104
TTGTCATAGTCCATGCTCCG_006,141
TTGTCATAGTCCATGCTCCG_007,44
TTGTCATAGTCCATGCTCCG_008,61
TTGTCATAGTCCATGCTCCG_009,29
TTGTCATAGTCCATGCTCCG_010,114
TTGTCATAGTCCATGCTCCG_011,157
TTGTCATAGTCCATGCTCCG_012,3
TTGTCATAGTCCATGCTCCG_013,141
TTGTCATAGTCCATGCTCCG_014,50
ACATAAGAAAATCCACACAG_001,135
ACATAAGAAAATCCACACAG_002,17
ACATAAGAAAATCCACACAG_003,73
ACATAAGAAAATCCACACAG_004,88
ACATAAGAAAATCCACACAG_005,177
ACATAAGAAAATCCACACAG_006,48
ACATAAGAAAATCCACACAG_007,76
ACATAAGAAAATCCACACAG_008,56
ACATAAGAAAATCCACACAG_009,25
ACATAAGAAAATCCACACAG_010,113
ACATAAGAAAATCCACACAG_011,2
ACATAAGAAAATCCACACAG_012,15
ACATAAGAAAATCCACACAG_013,130
ACATAAGAAAATCCACACAG_014,187
GCTCACATAGTCGCCCAAAG_001,36
GCTCACATAGTCGCCCAAAG_002,189
GCTCACATAGTCGCCCAAAG_003,94
GCTCACATAGTCGCCCAAAG_004,42
GCTCACATAGTCGCCCAAAG_005,198
GCTCACATAGTCGCCCAAAG_006,149
GCTCACATAGTCGCCCAAAG_007,49
GCTCACATAGTCGCCCAAAG_008,176
GCTCACATAGTCGCCCAAAG_009,88
GCTCACATAGTCGCCCAAAG_010,171
GCTCACATAGTCGCCCAAAG_011,168
GCTCACATAGTCGCCCAAAG_012,43
GCTCACATAGTCGCCCAAAG_013,11
GCTCACATAGTCGCCCAAAG_014,11
GCTCACATAGTCGCCCAAAG_015,87
GCTCACATAGTCGCCCAAAG_016,13
GCTCACATAGTCGCCCAAAG_017,144
GCTCACATAGTCGCCCAAAG_018,120
AGGAGGCCGACTACATCGAG_001,12
AGGAGGCCGACTACATCGAG_002,53
AGGAGGCCGACTACATCGAG_003,154
AGGAGGCCGACTACATCGAG_004,140
AGGAGGCCGACTACATCGAG_005,113
AGGAGGCCGACTACATCGAG_006,25
AGGAGGCCGACTACATCGAG_007,30
AGGAGGCCGACTACATCGAG_008,77
AGGAGGCCGACTACATCGAG_009,45
AGGAGGCCGACTACATCGAG_010,88
ATGGAGCCAAGCATTCCAGT_001,64
ATGGAGCCAAGCATTCCAGT_002,94
ATGGAGCCAAGCATTCCAGT_003,60
ATGGAGCCAAGCATTCCAGT_004,193
ATGGAGCCAAGCATTCCAGT_005,19
ATGGAGCCAAGCATTCCAGT_006,76
ATGGAGCCAAGCATTCCAGT_007,31
ATGGAGCCAAGCATTCCAGT_008,177
GGTGCTGCAGAGCGACACCA_001,60
GGTGCTGCAGAGCGACACCA_002,171
GGTGCTGCAGAGCGACACCA_003,9
GGTGCTGCAGAGCGACACCA_004,58
GGTGCTGCAGAGCGACACCA_005,115
ACACCTCTTTCAACTCCCGT_001,102
ACACCTCTTTCAACTCCCGT_002,130
ACACCTCTTTCAACTCCCGT_003,71
ACACCTCTTTCAACTCCCGT_004,171
ACACCTCTTTCAACTCCCGT_005,9
ACACCTCTTTCAACTCCCGT_006,1
ACACCTCTTTCAACTCCCGT_007,91
GGAGAGTCGTGTGTTGGGGA_001,108
GGAGAGTCGTGTGTTGGGGA_002,150
GGAGAGTCGTGTGTTGGGGA_003,188
GGAGAGTCGTGTGTTGGGGA_004,45
GGAGAGTCGTGTGTTGGGGA_005,68
GGAGAGTCGTGTGTTGGGGA_006,136
GGAGAGTCGTGTGTTGGGGA_007,110
GGAGAGTCGTGTGTTGGGGA_008,169
GGAGAGTCGTGTGTTGGGGA_009,176
GGAGAGTCGTGTGTTGGGGA_010,150
GGAGAGTCGTGTGTTGGGGA_011,24
GGAGAGTCGTGTGTTGGGGA_012,198
GGAGAGTCGTGTGTTGGGGA_013,42
GGAGAGTCGTGTGTTGGGGA_014,58
GGAGAGTCGTGTGTTGGGGA_015,178
CTGAGCTGGGTCCGTACAGT_001,172
CTGAGCTGGGTCCGTACAGT_002,14
CTGAGCTGGGTCCGTACAGT_003,130
CTGAGCTGGGTCCGTACAGT_004,197
CTGAGCTGGGTCCGTACAGT_005,47
CTGAGCTGGGTCCGTACAGT_006,15
CTGAGCTGGGTCCGTACAGT_007,128
CTGAGCTGGGTCCGTACAGT_008,166
CTGAGCTGGGTCCGTACAGT_009,5
CTGAGCTGGGTCCGTACAGT_010,136
CTGAGCTGGGTCCGTACAGT_011,49
CTGAGCTGGGTCCGTACAGT_012,142
ACCACCCCAGGACAATTCAG_001,85
ACCACCCCAGGACAATTCAG_002,49
ACCACCCCAGGACAATTCAG_003,17
ACCACCCCAGGACAATTCAG_004,101
ACCACCCCAGGACAATTCAG_005,33
ACCACCCCAGGACAATTCAG_006,116
ACCACCCCAGGACAATTCAG_007,54
ACCACCCCAGGACAATTCAG_008,139
ACCACCCCAGGACAATTCAG_009,30
ACCACCCCAGGACAATTCAG_010,5
ACCACCCCAGGACAATTCAG_011,37
ACCACCCCAGGACAATTCAG_012,104
ACCACCCCAGGACAATTCAG_013,141
ACCACCCCAGGACAATTCAG_014,141
ACCACCCCAGGACAATTCAG_015,87
ACCACCCCAGGACAATTCAG_016,3
ACCACCCCAGGACAATTCAG_017,22
ACCACCCCAGGACAATTCAG_018,23
ACCACCCCAGGACAATTCAG_019,60
ACCACCCCAGGACAATTCAG_020,76
ACCACCCCAGGACAATTCAG_021,34
ACCACCCCAGGACAATTCAG_022,58
ACCACCCCAGGACAATTCAG_023,113
ACCACCCCAGGACAATTCAG_024,25
ACCACCCCAGGACAATTCAG_025,58
ACCACCCCAGGACAATTCAG_026,196
ACCACCCCAGGACAATTCAG_027,15
ACCACCCCAGGACAATTCAG_028,34
ACCACCCCAGGACAATTCAG_029,17
ACCACCCCAGGACAATTCAG_030,9
ACCACCCCAGGACAATTCAG_031,65
ACCACCCCAGGACAATTCAG_032,38
ACCACCCCAGGACAATTCAG_033,162
ACCACCCCAGGACAATTCAG_034,160
GCCAGTGTGGATGTCGACGT_001,62
GCCAGTGTGGATGTCGACGT_002,149
GCCAGTGTGGATGTCGACGT_003,34
GCCAGTGTGGATGTCGACGT_004,9
GCCAGTGTGGATGTCGACGT_005,186
GCCAGTGTGGATGTCGACGT_006,28
GCCAGTGTGGATGTCGACGT_007,150
GCCAGTGTGGATGTCGACGT_008,20
GGATACCACCAAGAGTCCAT_001,101
GGATACCACCAAGAGTCCAT_002,132
GGATACCACCAAGAGTCCAT_003,57
GGATACCACCAAGAGTCCAT_004,101
CTCCTGGGGTCCCGAAGATG_001,26
CTCCTGGGGTCCCGAAGATG_002,94
CTCCTGGGGTCCCGAAGATG_003,20
CTCCTGGGGTCCCGAAGATG_004,162
CTCCTGGGGTCCCGAAGATG_005,170
CTCCTGGGGTCCCGAAGATG_006,23
CTCCTGGGGTCCCGAAGATG_007,50
CTCCTGGGGTCCCGAAGATG_008,147
CTCCTGGGGTCCCGAAGATG_009,178
CTCCTGGGGTCCCGAAGATG_010,184
CTCCTGGGGTCCCGAAGATG_011,50
CTCCTGGGGTCCCGAAGATG_012,192
CTCCTGGGGTCCCGAAGATG_013,190
CTCCTGGGGTCCCGAAGATG_014,183
CTCCTGGGGTCCCGAAGATG_015,11
ATCCGAAAAAAAGTGTGTGT_001,72
ATCCGAAAAAAAGTGTGTGT_002,140
ATCCGAAAAAAAGTGTGTGT_003,62
ATCCGAAAAAAAGTGTGTGT_004,118
ATCCGAAAAAAAGTGTGTGT_005,191
ATCCGAAAAAAAGTGTGTGT_006,141
ATCCGAAAAAAAGTGTGTGT_007,20
ATCCGAAAAAAAGTGTGTGT_008,125
ATCCGAAAAAAAGTGTGTGT_009,81
ATCCGAAAAAAAGTGTGTGT_010,61
ATCCGAAAAAAAGTGTGTGT_011,85
ATCCGAAAAAAAGTGTGTGT_012,78
ATCCGAAAAAAAGTGTGTGT_013,158
ATCCGAAAAAAAGTGTGTGT_014,58
ATCCGAAAAAAAGTGTGTGT_015,130
ATCCGAAAAAAAGTGTGTGT_016,115
ATCCGAAAAAAAGTGTGTGT_017,60
ATCCGAAAAAAAGTGTGTGT_018,136
ATCCGAAAAAAAGTGTGTGT_019,35
CCAGATGGGAGACAGAGCAT_001,130
CCAGATGGGAGACAGAGCAT_002,129
CCAGATGGGAGACAGAGCAT_003,197
CCAGATGGGAGACAGAGCAT_004,45
CCAGATGGGAGACAGAGCAT_005,174
CCAGATGGGAGACAGAGCAT_006,188
CCAGATGGGAGACAGAGCAT_007,133
CCAGATGGGAGACAGAGCAT_008,19
CCAGATGGGAGACAGAGCAT_009,2
CCAGATGGGAGACAGAGCAT_010,42
CCAGATGGGAGACAGAGCAT_011,50
CCAGATGGGAGACAGAGCAT_012,186
CCAGATGGGAGACAGAGCAT_013,195
CCAGATGGGAGACAGAGCAT_014,59
CCAGATGGGAGACAGAGCAT_015,138
CCAGATGGGAGACAGAGCAT_016,44
CCAGATGGGAGACAGAGCAT_017,184
TGAGCTGAGTCTCCTCGCGG_001,78
TGAGCTGAGTCTCCTCGCGG_002,108
TGAGCTGAGTCTCCTCGCGG_003,138
ACTTGGAAGCGTCGCCGTAG_001,62
ACTTGGAAGCGTCGCCGTAG_002,125
ACTTGGAAGCGTCGCCGTAG_003,6
ACTTGGAAGCGTCGCCGTAG_004,55
ACTTGGAAGCGTCGCCGTAG_005,156
ACTTGGAAGCGTCGCCGTAG_006,105
ACTTGGAAGCGTCGCCGTAG_007,29
ACTTGGAAGCGTCGCCGTAG_008,83
ACTTGGAAGCGTCGCCGTAG_009,42
ACTTGGAAGCGTCGCCGTAG_010,178
ACTTGGAAGCGTCGCCGTAG_011,115
ACTTGGAAGCGTCGCCGTAG_012,162
ACTTGGAAGCGTCGCCGTAG_013,132
ACTTGGAAGCGTCGCCGTAG_014,63
ACTTGGAAGCGTCGCCGTAG_015,178
CTCCCGGCCCAAAAATGCAG_001,24
CTCCCGGCCCAAAAATGCAG_002,12
CTCCCGGCCCAAAAATGCAG_003,41
CTCCCGGCCCAAAAATGCAG_004,48
CTCCCGGCCCAAAAATGCAG_005,37
CTCCCGGCCCAAAAATGCAG_006,128
CTCCCGGCCCAAAAATGCAG_007,42
CTCCCGGCCCAAAAATGCAG_008,0
CTCCCGGCCCAAAAATGCAG_009,160
CTCCCGGCCCAAAAATGCAG_010,111
CTCCCGGCCCAAAAATGCAG_011,48
CTCCCGGCCCAAAAATGCAG_012,81
CTCCCGGCCCAAAAATGCAG_013,41
CTCCCGGCCCAAAAATGCAG_014,34
CTCCCGGCCCAAAAATGCAG_015,58
CTCCCGGCCCAAAAATGCAG_016,98
CTCCCGGCCCAAAAATGCAG_017,162
CTCCCGGCCCAAAAATGCAG_018,148
CTCCCGGCCCAAAAATGCAG_019,80
CTCCCGGCCCAAAAATGCAG_020,102
CTCCCGGCCCAAAAATGCAG_021,136
GCTCTACTGGAGCGACGAGG_001,154
GCTCTACTGGAGCGACGAGG_002,162
GCTCTACTGGAGCGACGAGG_003,35
GCTCTACTGGAGCGACGAGG_004,42
GCTCTACTGGAGCGACGAGG_005,162
AAGTCGACATACTCTCGGCT_001,144
TTCCGATGACTCATCAAGTG_001,124
TTCCGATGACTCATCAAGTG_002,17
TTCCGATGACTCATCAAGTG_003,86
TTCCGATGACTCATCAAGTG_004,15
TTCCGATGACTCATCAAGTG_005,166
TTCCGATGACTCATCAAGTG_006,172
TTCCGATGACTCATCAAGTG_007,9
TTCCGATGACTCATCAAGTG_008,166
TTCCGATGACTCATCAAGTG_009,137
TTCCGATGACTCATCAAGTG_010,166
AGTCATACCTTGAAGCACAC_001,60
AGTCATACCTTGAAGCACAC_002,130
AGTCATACCTTGAAGCACAC_003,76
AGTCATACCTTGAAGCACAC_004,176
AGTCATACCTTGAAGCACAC_005,141
AGTCATACCTTGAAGCACAC_006,16
AGTCATACCTTGAAGCACAC_007,2
AGTCATACCTTGAAGCACAC_008,198
AGTCATACCTTGAAGCACAC_009,137
AGTCATACCTTGAAGCACAC_010,88
AGTCATACCTTGAAGCACAC_011,77
AGTCATACCTTGAAGCACAC_012,124
AGTCATACCTTGAAGCACAC_013,145
AGTCATACCTTGAAGCACAC_014,15
AGTCATACCTTGAAGCACAC_015,43
AGTCATACCTTGAAGCACAC_016,33
AGTCATACCTTGAAGCACAC_017,33
GACCCCCAAGACCGACGAGG_001,37
GACCCCCAAGACCGACGAGG_002,140
GACCCCCAAGACCGACGAGG_003,140
GACCCCCAAGACCGACGAGG_004,199
GACCCCCAAGACCGACGAGG_005,53
GACCCCCAAGACCGACGAGG_006,29
GACCCCCAAGACCGACGAGG_007,24
GACCCCCAAGACCGACGAGG_008,116
ACATCCTCCAGATCAGCAGT_001,76
ACATCCTCCAGATCAGCAGT_002,130
ACATCCTCCAGATCAGCAGT_003,29
ACATCCTCCAGATCAGCAGT_004,107
ACATCCTCCAGATCAGCAGT_005,44
ACATCCTCCAGATCAGCAGT_006,91
ACATCCTCCAGATCAGCAGT_007,71
ACATCCTCCAGATCAGCAGT_008,117
ACATCCTCCAGATCAGCAGT_009,98
ACATCCTCCAGATCAGCAGT_010,169
ACATCCTCCAGATCAGCAGT_011,23
ACATCCTCCAGATCAGCAGT_012,182
ACATCCTCCAGATCAGCAGT_013,23
ACATCCTCCAGATCAGCAGT_014,43
ACATCCTCCAGATCAGCAGT_015,116
ACATCCTCCAGATCAGCAGT_016,55
ACATCCTCCAGATCAGCAGT_017,170
ACATCCTCCAGATCAGCAGT_018,55
ACATCCTCCAGATCAGCAGT_019,131
GAGGTATTGCTTCTGGCTGA_001,76
GAGGTATTGCTTCTGGCTGA_002,5
GAGGTATTGCTTCTGGCTGA_003,81
GAGGTATTGCTTCTGGCTGA_004,187
GAGGTATTGCTTCTGGCTGA_005,90
TTACCTAACTGATCGGGACA_001,161
TTACCTAACTGATCGGGACA_002,138
TTACCTAACTGATCGGGACA_003,15
TTACCTAACTGATCGGGACA_004,136
TTACCTAACTGATCGGGACA_005,52
TTACCTAACTGATCGGGACA_006,68
TTACCTAACTGATCGGGACA_007,29
AGGTGCAGGAATGGACGCCG_001,115
AGGTGCAGGAATGGACGCCG_002,199
AGGTGCAGGAATGGACGCCG_003,199
AGGTGCAGGAATGGACGCCG_004,51
AGGTGCAGGAATGGACGCCG_005,77
AGGTGCAGGAATGGACGCCG_006,92
AGGTGCAGGAATGGACGCCG_007,17
AGGTGCAGGAATGGACGCCG_008,74
AGGTGCAGGAATGGACGCCG_009,44
AGGTGCAGGAATGGACGCCG_010,128
AGGTGCAGGAATGGACGCCG_011,14
AGGTGCAGGAATGGACGCCG_012,158
AGGTGCAGGAATGGACGCCG_013,11
AGGTGCAGGAATGGACGCCG_014,49
AGGTGCAGGAATGGACGCCG_015,48
AGGTGCAGGAATGGACGCCG_016,105
AGGTGCAGGAATGGACGCCG_017,110
AGGTGCAGGAATGGACGCCG_018,43
AGGTGCAGGAATGGACGCCG_019,115
CCTCAGTCGGGAATGCACAT_001,63
CCTCAGTCGGGAATGCACAT_002,105
CCTCAGTCGGGAATGCACAT_003,174
CCTCAGTCGGGAATGCACAT_004,137
CCTCAGTCGGGAATGCACAT_005,52
CCTCAGTCGGGAATGCACAT_006,48
CCTCAGTCGGGAATGCACAT_007,78
CCTCAGTCGGGAATGCACAT_008,94
CCTCAGTCGGGAATGCACAT_009,137
CCTCAGTCGGGAATGCACAT_010,84
CCTCAGTCGGGAATGCACAT_011,33
CCTCAGTCGGGAATGCACAT_012,169
CCTCAGTCGGGAATGCACAT_013,69
CCTCAGTCGGGAATGCACAT_014,144
CCTCAGTCGGGAATGCACAT_015,144
CCTCAGTCGGGAATGCACAT_016,96
CCTCAGTCGGGAATGCACAT_017,138
CCTCAGTCGGGAATGCACAT_018,174
TGGGAGCCAGGATAAGAAAG_001,177
TGGGAGCCAGGATAAGAAAG_002,168
AAAATGGTACCTGGCCACTT_001,162
ATAGCCAAGAATTATCCACA_001,51
ATAGCCAAGAATTATCCACA_002,132
ATAGCCAAGAATTATCCACA_003,9
ATAGCCAAGAATTATCCACA_004,175
ATAGCCAAGAATTATCCACA_005,177
ATAGCCAAGAATTATCCACA_006,107
ATAGCCAAGAATTATCCACA_007,118
ATAGCCAAGAATTATCCACA_008,148
GCTCCGTGATAAAGTCGAAG_001,188
GCTCCGTGATAAAGTCGAAG_002,129
TATCCATGCACAGAGAACGC_001,50
TATCCATGCACAGAGAACGC_002,154
TATCCATGCACAGAGAACGC_003,48
TATCCATGCACAGAGAACGC_004,158
GTCCCGAAGGCTCCTCACCG_001,149
GTCCCGAAGGCTCCTCACCG_002,184
GTCCCGAAGGCTCCTCACCG_003,64
GTCCCGAAGGCTCCTCACCG_004,62
GTCCCGAAGGCTCCTCACCG_005,190
TAGGGATGCCGACCCTACTG_001,39
TAGGGATGCCGACCCTACTG_002,82
TAGGGATGCCGACCCTACTG_003,58
TAGGGATGCCGACCCTACTG_004,117
ACTGGCGGCTGTATAAGTCG_001,82
TCATGAACACCAAAGTGACC_001,27
TCATGAACACCAAAGTGACC_002,43
TCATGAACACCAAAGTGACC_003,83
TCATGAACACCAAAGTGACC_004,95
TCATGAACACCAAAGTGACC_005,93
TCATGAACACCAAAGTGACC_006,44
TCATGAACACCAAAGTGACC_007,6
TCATGAACACCAAAGTGACC_008,190
TCATGAACACCAAAGTGACC_009,66
TCATGAACACCAAAGTGACC_010,136
TCATGAACACCAAAGTGACC_011,4
TCATGAACACCAAAGTGACC_012,192
AGGATCTTGGCATCCCCTCG_001,41
AGGATCTTGGCATCCCCTCG_002,163
AGGATCTTGGCATCCCCTCG_003,75
AGGATCTTGGCATCCCCTCG_004,166
AGGATCTTGGCATCCCCTCG_005,147
AGGATCTTGGCATCCCCTCG_006,62
AGGATCTTGGCATCCCCTCG_007,178
AGGATCTTGGCATCCCCTCG_008,6
TCATCTGATTGTGATATTGA_001,156
TCATCTGATTGTGATATTGA_002,59
GTACTATGTGGGCGACACCA_001,48
GTACTATGTGGGCGACACCA_002,38
GTACTATGTGGGCGACACCA_003,46
GTACTATGTGGGCGACACCA_004,90
GTACTATGTGGGCGACACCA_005,52
GTACTATGTGGGCGACACCA_006,133
GTACTATGTGGGCGACACCA_007,22
GTACTATGTGGGCGACACCA_008,71
GTACTATGTGGGCGACACCA_009,19
GTACTATGTGGGCGACACCA_010,162
AGTTTGCTCACAGAGTATCT_001,105
AGTTTGCTCACAGAGTATCT_002,147
AGTTTGCTCACAGAGTATCT_003,152
AGTTTGCTCACAGAGTATCT_004,160
AGTTTGCTCACAGAGTATCT_005,151
AGTTTGCTCACAGAGTATCT_006,198
AGCCAAGGAAGTATCGCCTG_001,85
AAGATCGCGGCAGAGATCAG_001,145
AAGATCGCGGCAGAGATCAG_002,178
AAGATCGCGGCAGAGATCAG_003,150
AAGATCGCGGCAGAGATCAG_004,84
AAGATCGCGGCAGAGATCAG_005,99
AAGATCGCGGCAGAGATCAG_006,108
AAGATCGCGGCAGAGATCAG_007,51
AAGATCGCGGCAGAGATCAG_008,32
AAGATCGCGGCAGAGATCAG_009,166
AAGATCGCGGCAGAGATCAG_010,176
AAGATCGCGGCAGAGATCAG_011,133
AAGATCGCGGCAGAGATCAG_012,107
AAGATCGCGGCAGAGATCAG_013,193
AAGATCGCGGCAGAGATCAG_014,41
AAGATCGCGGCAGAGATCAG_015,34
AAGATCGCGGCAGAGATCAG_016,34
AAGATCGCGGCAGAGATCAG_017,90
AAGATCGCGGCAGAGATCAG_018,76
AAGATCGCGGCAGAGATCAG_019,31
AAGATCGCGGCAGAGATCAG_020,41
AAGATCGCGGCAGAGATCAG_021,105
AAGATCGCGGCAGAGATCAG_022,16
AAGATCGCGGCAGAGATCAG_023,199
AAGATCGCGGCAGAGATCAG_024,39
AAGATCGCGGCAGAGATCAG_025,123
AAGATCGCGGCAGAGATCAG_026,142
AAGATCGCGGCAGAGATCAG_027,178
AAGATCGCGGCAGAGATCAG_028,168
AAGATCGCGGCAGAGATCAG_029,34
GCTGTCTGCCATCACCAATG_001,105
GCTGTCTGCCATCACCAATG_002,149
GCTGTCTGCCATCACCAATG_003,60
GCTGTCTGCCATCACCAATG_004,26
ACTAGAAGGAACAGTGCTTG_001,100
ACTAGAAGGAACAGTGCTTG_002,80
ACTAGAAGGAACAGTGCTTG_003,168
TAGGCAACAACTGTACAACT_001,156
TAGGCAACAACTGTACAACT_002,189
ACCTAGGGGGCTGTAGGATG_001,112
ACCTAGGGGGCTGTAGGATG_002,58
ACCTAGGGGGCTGTAGGATG_003,83
ACCTAGGGGGCTGTAGGATG_004,144
ACCTAGGGGGCTGTAGGATG_005,174
ACCTAGGGGGCTGTAGGATG_006,86
ACCTAGGGGGCTGTAGGATG_007,52
ACCTAGGGGGCTGTAGGATG_008,22
ACCTAGGGGGCTGTAGGATG_009,20
ACCTAGGGGGCTGTAGGATG_010,175
ACCTAGGGGGCTGTAGGATG_011,152
ACCTAGGGGGCTGTAGGATG_012,130
ACCTAGGGGGCTGTAGGATG_013,78
ACCTAGGGGGCTGTAGGATG_014,66
TGGAGCTCTCAACAGTTCAG_001,171
TGGAGCTCTCAACAGTTCAG_002,82
TGGAGCTCTCAACAGTTCAG_003,12
TGGAGCTCTCAACAGTTCAG_004,41
TGGAGCTCTCAACAGTTCAG_005,78
TGGAGCTCTCAACAGTTCAG_006,47
TGACTCACAGGACAAAGCTG_001,137
TGACTCACAGGACAAAGCTG_002,174
TGACTCACAGGACAAAGCTG_003,176
TGACTCACAGGACAAAGCTG_004,160
TGACTCACAGGACAAAGCTG_005,105
TGACTCACAGGACAAAGCTG_006,30
TGACTCACAGGACAAAGCTG_007,116
TGACTCACAGGACAAAGCTG_008,22
TGACTCACAGGACAAAGCTG_009,121
TGACTCACAGGACAAAGCTG_010,142
TGACTCACAGGACAAAGCTG_011,162
TGACTCACAGGACAAAGCTG_012,149
TGACTCACAGGACAAAGCTG_013,121
TGACTCACAGGACAAAGCTG_014,63
TGACTCACAGGACAAAGCTG_015,57
TGACTCACAGGACAAAGCTG_016,127
TGACTCACAGGACAAAGCTG_017,49
TGACTCACAGGACAAAGCTG_018,63
TGACTCACAGGACAAAGCTG_019,84
TGACTCACAGGACAAAGCTG_020,42
TGACTCACAGGACAAAGCTG_021,1
TGACTCACAGGACAAAGCTG_022,111
TGACTCACAGGACAAAGCTG_023,14
TGACTCACAGGACAAAGCTG_024,152
TGACTCACAGGACAAAGCTG_025,35
TGACTCACAGGACAAAGCTG_026,115
TGACTCACAGGACAAAGCTG_027,8
TGACTCACAGGACAAAGCTG_028,41
TGACTCACAGGACAAAGCTG_029,139
TGACTCACAGGACAAAGCTG_030,119
TGACTCACAGGACAAAGCTG_031,117
TGACTCACAGGACAAAGCTG_032,115
TGACTCACAGGACAAAGCTG_033,166
TGACTCACAGGACAAAGCTG_034,67
TGACTCACAGGACAAAGCTG_035,133
TGACTCACAGGACAAAGCTG_036,199
TGACTCACAGGACAAAGCTG_037,45
TGACTCACAGGACAAAGCTG_038,124
TGACTCACAGGACAAAGCTG_039,142
TGACTCACAGGACAAAGCTG_040,19
TGACTCACAGGACAAAGCTG_041,22
TGTTGACACGATCATCCACA_001,36
TGTTGACACGATCATCCACA_002,75
TGTTGACACGATCATCCACA_003,98
TGTTGACACGATCATCCACA_004,61
TTGGATCCTGAATCGTGTAG_001,185
ATAATGTTTACATGGCAGGG_001,172
ATAATGTTTACATGGCAGGG_002,34
ATGAAGACTGGCTCTCTACG_001,12
ATGAAGACTGGCTCTCTACG_002,110
ATGAAGACTGGCTCTCTACG_003,149
ATGAAGACTGGCTCTCTACG_004,170
ATGAAGACTGGCTCTCTACG_005,34
ATGAAGACTGGCTCTCTACG_006,103
ATGAAGACTGGCTCTCTACG_007,88
ATGAAGACTGGCTCTCTACG_008,168
CTGCTGCAAACGCTCAACCC_001,60
CTGCTGCAAACGCTCAACCC_002,111
CTGCTGCAAACGCTCAACCC_003,63
CTGCTGCAAACGCTCAACCC_004,144
CTGCTGCAAACGCTCAACCC_005,79
CGAACCCACTTACTTCATGG_001,19
CGAACCCACTTACTTCATGG_002,162
CGAACCCACTTACTTCATGG_003,104
CGAACCCACTTACTTCATGG_004,103
CGAACCCACTTACTTCATGG_005,19
CGAACCCACTTACTTCATGG_006,183
TGGAGAAGCCAAAATTACAG_001,101
TGGAGAAGCCAAAATTACAG_002,73
TGGAGAAGCCAAAATTACAG_003,62
TGGAGAAGCCAAAATTACAG_004,115
TGGAGAAGCCAAAATTACAG_005,176
AAGATGTAGTGGTCCCTCCT_001,133
AAGATGTAGTGGTCCCTCCT_002,192
AAGATGTAGTGGTCCCTCCT_003,162
AAGATGTAGTGGTCCCTCCT_004,14
AAGATGTAGTGGTCCCTCCT_005,148
AAGATGTAGTGGTCCCTCCT_006,144
AAGATGTAGTGGTCCCTCCT_007,180
AAGATGTAGTGGTCCCTCCT_008,191
AAGATGTAGTGGTCCCTCCT_009,188
AGATGAACAGCATATACTGA_001,176
AGATGAACAGCATATACTGA_002,191
AGATGAACAGCATATACTGA_003,145
AGATGAACAGCATATACTGA_004,106
CCGCACACAATCAGACGCTG_001,15
CCGCACACAATCAGACGCTG_002,147
CCGCACACAATCAGACGCTG_003,183
CCGCACACAATCAGACGCTG_004,107
CCGCACACAATCAGACGCTG_005,148
CCGCACACAATCAGACGCTG_006,89
CCGCACACAATCAGACGCTG_007,143
CCGCACACAATCAGACGCTG_008,71
CCGCACACAATCAGACGCTG_009,0
CCGCACACAATCAGACGCTG_010,25
CCGCACACAATCAGACGCTG_011,17
CCGCACACAATCAGACGCTG_012,79
CCGCACACAATCAGACGCTG_013,2
CCGCACACAATCAGACGCTG_014,133
CCGCACACAATCAGACGCTG_015,132
CCGCACACAATCAGACGCTG_016,78
CCGCACACAATCAGACGCTG_017,162
CCGCACACAATCAGACGCTG_018,149
CCGCACACAATCAGACGCTG_019,62
CCGCACACAATCAGACGCTG_020,187
GCTCCTGTGACTTCAAGTGT_001,188
GCTCCTGTGACTTCAAGTGT_002,185
GCTCCTGTGACTTCAAGTGT_003,143
GCTCCTGTGACTTCAAGTGT_004,25
GCATCTCCACCGACATGTGG_001,80
GCATCTCCACCGACATGTGG_002,182
GCATCTCCACCGACATGTGG_003,122
GCATCTCCACCGACATGTGG_004,176
GCATCTCCACCGACATGTGG_005,58
GCATCTCCACCGACATGTGG_006,82
GCATCTCCACCGACATGTGG_007,93
GCATCTCCACCGACATGTGG_008,108
GCATCTCCACCGACATGTGG_009,16
GCATCTCCACCGACATGTGG_010,61
GCATCTCCACCGACATGTGG_011,118
GCATCTCCACCGACATGTGG_012,110
GCATCTCCACCGACATGTGG_013,67
GCATCTCCACCGACATGTGG_014,126
GCATCTCCACCGACATGTGG_015,49
GCATCTCCACCGACATGTGG_016,45
GCATCTCCACCGACATGTGG_017,48
GCATCTCCACCGACATGTGG_018,59
GCATCTCCACCGACATGTGG_019,73
GCATCTCCACCGACATGTGG_020,30
GCATCTCCACCGACATGTGG_021,158
TTACTGGCTTGATCTCAATG_001,124
AGAGCTTGGGGCACAGCTGG_001,94
AGAGCTTGGGGCACAGCTGG_002,134
AGAGCTTGGGGCACAGCTGG_003,19
AGAGCTTGGGGCACAGCTGG_004,77
AGAGCTTGGGGCACAGCTGG_005,179
AGAGCTTGGGGCACAGCTGG_006,37
AGAGCTTGGGGCACAGCTGG_007,12
AGAGCTTGGGGCACAGCTGG_008,99
AGAGCTTGGGGCACAGCTGG_009,165
AGAGCTTGGGGCACAGCTGG_010,64
AGAGCTTGGGGCACAGCTGG_011,142
AGAGCTTGGGGCACAGCTGG_012,113
AAATCAGAGAAACCTGAACG_001,194
AAATCAGAGAAACCTGAACG_002,147
AAATCAGAGAAACCTGAACG_003,187
AAATCAGAGAAACCTGAACG_004,163
AAATCAGAGAAACCTGAACG_005,10
AAATCAGAGAAACCTGAACG_006,179
GAAAGACCGGAACACCTGGG_001,91
GAAAGACCGGAACACCTGGG_002,62
GAAAGACCGGAACACCTGGG_003,133
GAAAGACCGGAACACCTGGG_004,98
GAAAGACCGGAACACCTGGG_005,141
GAAAGACCGGAACACCTGGG_006,6
GAAAGACCGGAACACCTGGG_007,127
GAAAGACCGGAACACCTGGG_008,127
GAAAGACCGGAACACCTGGG_009,41
GAAAGACCGGAACACCTGGG_010,24
GAAAGACCGGAACACCTGGG_011,97
GGCCATGTTCACAAATGGGT_001,94
GGCCATGTTCACAAATGGGT_002,70
GGCCATGTTCACAAATGGGT_003,56
GGCCATGTTCACAAATGGGT_004,106
GGCCATGTTCACAAATGGGT_005,93
GGCCATGTTCACAAATGGGT_006,103
GGCCATGTTCACAAATGGGT_007,28
TGGACTGCGATGCGGGCACA_001,137
TGGACTGCGATGCGGGCACA_002,132
TGGACTGCGATGCGGGCACA_003,42
TGGACTGCGATGCGGGCACA_004,71
TGGACTGCGATGCGGGCACA_005,184
TGGACTGCGATGCGGGCACA_006,41
TGGACTGCGATGCGGGCACA_007,170
TGGACTGCGATGCGGGCACA_008,87
TGGACTGCGATGCGGGCACA_009,113
TGGACTGCGATGCGGGCACA_010,106
TTGGTGAGAGTCGATTTCTG_001,35
TTGGTGAGAGTCGATTTCTG_002,2
TTGGTGAGAGTCGATTTCTG_003,18
TTGGTGAGAGTCGATTTCTG_004,83
TGGTGGTGGTATAATGTAGG_001,188
TGGTGGTGGTATAATGTAGG_002,115
TGGTGGTGGTATAATGTAGG_003,120
AGGAGTCGGAAAGGAACTTG_001,132
AGGAGTCGGAAAGGAACTTG_002,183
AGGAGTCGGAAAGGAACTTG_003,1
AGGAGTCGGAAAGGAACTTG_004,0
AGGAGTCGGAAAGGAACTTG_005,50
ATTCCTCCCCCGATCAACGA_001,131
ATTCCTCCCCCGATCAACGA_002,29
ATTCCTCCCCCGATCAACGA_003,106
ATTCCTCCCCCGATCAACGA_004,152
ATTCCTCCCCCGATCAACGA_005,44
ATTCCTCCCCCGATCAACGA_006,131
ATTCCTCCCCCGATCAACGA_007,169
ATTCCTCCCCCGATCAACGA_008,6
ATTCCTCCCCCGATCAACGA_009,175
ATTCCTCCCCCGATCAACGA_010,139
ATTCCTCCCCCGATCAACGA_011,186
ATTCCTCCCCCGATCAACGA_012,134
ATTCCTCCCCCGATCAACGA_013,33
ATTCCTCCCCCGATCAACGA_014,192
ATTCCTCCCCCGATCAACGA_015,182
ATTCCTCCCCCGATCAACGA_016,75
ATTCCTCCCCCGATCAACGA_017,29
ATTCCTCCCCCGATCAACGA_018,49
ATTCCTCCCCCGATCAACGA_019,110
ATTCCTCCCCCGATCAACGA_020,174
ATTCCTCCCCCGATCAACGA_021,176
CTGGACAACACCCTTTAAAT_001,176
CTGGACAACACCCTTTAAAT_002,68
CGAGAACTTCGCCTTCGATG_001,123
CGAGAACTTCGCCTTCGATG_002,67
CGAGAACTTCGCCTTCGATG_003,117
CGAGAACTTCGCCTTCGATG_004,171
CGAGAACTTCGCCTTCGATG_005,9
GACTGCGTGAAGACCTCTGG_001,78
GACTGCGTGAAGACCTCTGG_002,136
GACTGCGTGAAGACCTCTGG_003,160
GACTGCGTGAAGACCTCTGG_004,85
GACTGCGTGAAGACCTCTGG_005,81
GACTGCGTGAAGACCTCTGG_006,124
CATGGCCAGATCGTTCCGTG_001,177
CATGGCCAGATCGTTCCGTG_002,2
CATGGCCAGATCGTTCCGTG_003,17
CATGGCCAGATCGTTCCGTG_004,168
CATGGCCAGATCGTTCCGTG_005,84
CATGGCCAGATCGTTCCGTG_006,30
CATGGCCAGATCGTTCCGTG_007,151
CATGGCCAGATCGTTCCGTG_008,62
CATGGCCAGATCGTTCCGTG_009,188
CATGGCCAGATCGTTCCGTG_010,175
CATGGCCAGATCGTTCCGTG_011,134
CATGGCCAGATCGTTCCGTG_012,32
CATGGCCAGATCGTTCCGTG_013,177
CATGGCCAGATCGTTCCGTG_014,149
CATGGCCAGATCGTTCCGTG_015,115
CAAATGTATATAATCCCAGT_001,146
CTGCTCGCAAGTCCACGGGT_001,116
CCGAAGGCCAGAGGCACGTG_001,21
CCGAAGGCCAGAGGCACGTG_002,58
CCGAAGGCCAGAGGCACGTG_003,112
CCGAAGGCCAGAGGCACGTG_004,129
CCGAAGGCCAGAGGCACGTG_005,12
CCGAAGGCCAGAGGCACGTG_006,183
TAAGATGCAACACTTAATAG_001,60
TAAGATGCAACACTTAATAG_002,190
TAAGATGCAACACTTAATAG_003,169
TAAGATGCAACACTTAATAG_004,170
CAGCATGCGCGAGGACCCCG_001,105
CAGCATGCGCGAGGACCCCG_002,62
CAGCATGCGCGAGGACCCCG_003,7
CAGCATGCGCGAGGACCCCG_004,12
CAGCATGCGCGAGGACCCCG_005,171
CAGCATGCGCGAGGACCCCG_006,62
CAGCATGCGCGAGGACCCCG_007,162
CAGCATGCGCGAGGACCCCG_008,76
CAGCATGCGCGAGGACCCCG_009,147
CAGCATGCGCGAGGACCCCG_010,72
CAGCATGCGCGAGGACCCCG_011,19
CAGCATGCGCGAGGACCCCG_012,42
CAGCATGCGCGAGGACCCCG_013,62
CAGCATGCGCGAGGACCCCG_014,138
CAGCATGCGCGAGGACCCCG_015,8
CAGCATGCGCGAGGACCCCG_016,143
CAGCATGCGCGAGGACCCCG_017,105
CAGCATGCGCGAGGACCCCG_018,121
CAGCATGCGCGAGGACCCCG_019,138
CAGCATGCGCGAGGACCCCG_020,78
CAGCATGCGCGAGGACCCCG_021,62
CAGCATGCGCGAGGACCCCG_022,160
CCTTGCGGATGGGCATGGAG_001,168
CCTTGCGGATGGGCATGGAG_002,128
CCTTGCGGATGGGCATGGAG_003,192
CCTTGCGGATGGGCATGGAG_004,13
CCTTGCGGATGGGCATGGAG_005,149
GTCGTGGACTTCGTACTGCT_001,29
GTCGTGGACTTCGTACTGCT_002,159
GTCGTGGACTTCGTACTGCT_003,108
GTCGTGGACTTCGTACTGCT_004,190
ACCAGTTCATGTAATTCGAA_001,17
ACCAGTTCATGTAATTCGAA_002,137
GTATGTTAAAGTAAGACACA_001,32
GTATGTTAAAGTAAGACACA_002,123
GGCTGTACCAGTTGTCTACG_001,169
GGCTGTACCAGTTGTCTACG_002,105
GGCTGTACCAGTTGTCTACG_003,150
GGCTGTACCAGTTGTCTACG_004,40
GGCTGTACCAGTTGTCTACG_005,72
GGCTGTACCAGTTGTCTACG_006,43
GGCTGTACCAGTTGTCTACG_007,118
GGCTGTACCAGTTGTCTACG_008,166
GGCTGTACCAGTTGTCTACG_009,152
GGCTGTACCAGTTGTCTACG_010,108
GGCTGTACCAGTTGTCTACG_011,174
GGCTGTACCAGTTGTCTACG_012,9
GGCTGTACCAGTTGTCTACG_013,191
GGCTGTACCAGTTGTCTACG_014,28
CTGCAAGAAGCTACCATCGT_001,5
CTGCAAGAAGCTACCATCGT_002,76
CTGCAAGAAGCTACCATCGT_003,11
CTGCAAGAAGCTACCATCGT_004,81
CTGCAAGAAGCTACCATCGT_005,162
CTGCAAGAAGCTACCATCGT_006,189
CTGCAAGAAGCTACCATCGT_007,139
CTGCAAGAAGCTACCATCGT_008,130
CTGCAAGAAGCTACCATCGT_009,164
CTGCAAGAAGCTACCATCGT_010,65
AGTCCCAAACTTGTTTGCTG_001,4
AGTCCCAAACTTGTTTGCTG_002,4
AGTCCCAAACTTGTTTGCTG_003,169
AGTCCCAAACTTGTTTGCTG_004,126
AGTCCCAAACTTGTTTGCTG_005,144
AGTCCCAAACTTGTTTGCTG_006,1
AGTCCCAAACTTGTTTGCTG_007,165
AGTCCCAAACTTGTTTGCTG_008,165
AGTCCCAAACTTGTTTGCTG_009,134
ACTTGTTTGGAAAGTTCTCT_001,113
ACTTGTTTGGAAAGTTCTCT_002,103
CTACCTATTAAGGATCACTG_001,62
CTACCTATTAAGGATCACTG_002,58
CTACCTATTAAGGATCACTG_003,157
CTACCTATTAAGGATCACTG_004,175
CTACCTATTAAGGATCACTG_005,101
CTACCTATTAAGGATCACTG_006,23
CTACCTATTAAGGATCACTG_007,39
GACAGTGGAAATGACTGACG_001,188
GACAGTGGAAATGACTGACG_002,142
GACAGTGGAAATGACTGACG_003,31
GACAGTGGAAATGACTGACG_004,60
GACAGTGGAAATGACTGACG_005,116
GACAGTGGAAATGACTGACG_006,138
GACAGTGGAAATGACTGACG_007,56
GCCAGCAAATGGCCTCACTG_001,79
GCCAGCAAATGGCCTCACTG_002,139
GCCAGCAAATGGCCTCACTG_003,186
GCCAGCAAATGGCCTCACTG_004,159
GCCAGCAAATGGCCTCACTG_005,50
GCCAGCAAATGGCCTCACTG_006,58
GCCAGCAAATGGCCTCACTG_007,103
GCCAGCAAATGGCCTCACTG_008,158
GCCAGCAAATGGCCTCACTG_009,48
GCCAGCAAATGGCCTCACTG_010,140
GCCAGCAAATGGCCTCACTG_011,173
GCCAGCAAATGGCCTCACTG_012,43
GCCAGCAAATGGCCTCACTG_013,159
GCCAGCAAATGGCCTCACTG_014,146
GCCAGCAAATGGCCTCACTG_015,48
GCCAGCAAATGGCCTCACTG_016,191
GCCAGCAAATGGCCTCACTG_017,41
GCCAGCAAATGGCCTCACTG_018,191
GCCAGCAAATGGCCTCACTG_019,120
GCCAGCAAATGGCCTCACTG_020,12
GCCAGCAAATGGCCTCACTG_021,172
GCCAGCAAATGGCCTCACTG_022,111
GCCAGCAAATGGCCTCACTG_023,158
GCCAGCAAATGGCCTCACTG_024,138
GCCAGCAAATGGCCTCACTG_025,17
GCCAGCAAATGGCCTCACTG_026,130
GCCAGCAAATGGCCTCACTG_027,158
GCCAGCAAATGGCCTCACTG_028,137
GCCAGCAAATGGCCTCACTG_029,37
GCCAGCAAATGGCCTCACTG_030,37
GCCAGCAAATGGCCTCACTG_031,137
GGATGGAAGGTGCCCCTGCG_001,115
GGATGGAAGGTGCCCCTGCG_002,49
GGATGGAAGGTGCCCCTGCG_003,113
GGATGGAAGGTGCCCCTGCG_004,165
GGATGGAAGGTGCCCCTGCG_005,127
GGATGGAAGGTGCCCCTGCG_006,139
GGCCGCACCGTTGACCAGCA_001,145
GGCCGCACCGTTGACCAGCA_002,125
GGCCGCACCGTTGACCAGCA_003,186
GGCCGCACCGTTGACCAGCA_004,169
GGCCGCACCGTTGACCAGCA_005,41
GGCCGCACCGTTGACCAGCA_006,107
GGCCGCACCGTTGACCAGCA_007,184
GGCCGCACCGTTGACCAGCA_008,184
GGCCGCACCGTTGACCAGCA_009,117
GGCCGCACCGTTGACCAGCA_010,50
GGCCGCACCGTTGACCAGCA_011,153
GGCCGCACCGTTGACCAGCA_012,63
GGCCGCACCGTTGACCAGCA_013,185
GGCCGCACCGTTGACCAGCA_014,146
GGCCGCACCGTTGACCAGCA_015,78
GGCCGCACCGTTGACCAGCA_016,10
GGCCGCACCGTTGACCAGCA_017,94
GGCCGCACCGTTGACCAGCA_018,168
GGCCGCACCGTTGACCAGCA_019,60
GGCCGCACCGTTGACCAGCA_020,74
GGCCGCACCGTTGACCAGCA_021,24
GGCCGCACCGTTGACCAGCA_022,184
GGCCGCACCGTTGACCAGCA_023,76
GGCCGCACCGTTGACCAGCA_024,19
GGCCGCACCGTTGACCAGCA_025,17
GGCCGCACCGTTGACCAGCA_026,197
GGCCGCACCGTTGACCAGCA_027,61
GGCCGCACCGTTGACCAGCA_028,12
GGCCGCACCGTTGACCAGCA_029,104
GGCCGCACCGTTGACCAGCA_030,95
GGCCGCACCGTTGACCAGCA_031,113
GGCCGCACCGTTGACCAGCA_032,22
GGCCGCACCGTTGACCAGCA_033,52
GGCCGCACCGTTGACCAGCA_034,3
GGCCGCACCGTTGACCAGCA_035,28
GGCCGCACCGTTGACCAGCA_036,41
GGCCGCACCGTTGACCAGCA_037,165
GGCCGCACCGTTGACCAGCA_038,88
TATCGTCCCAAAACGCAGGT_001,2
TATCGTCCCAAAACGCAGGT_002,112
TATCGTCCCAAAACGCAGGT_003,192
TATCGTCCCAAAACGCAGGT_004,127
TATCGTCCCAAAACGCAGGT_005,98
TATCGTCCCAAAACGCAGGT_006,111
TCTGCATCAGAGTCATATGC_001,36
AGCTGCTACTGGCTGTACGG_001,127
AGCTGCTACTGGCTGTACGG_002,48
AGCTGCTACTGGCTGTACGG_003,9
AGCTGCTACTGGCTGTACGG_004,163
AGCTGCTACTGGCTGTACGG_005,30
AGCTGCTACTGGCTGTACGG_006,23
AGCTGCTACTGGCTGTACGG_007,120
AGCTGCTACTGGCTGTACGG_008,150
AGCTGCTACTGGCTGTACGG_009,193
AGCTGCTACTGGCTGTACGG_010,121
AGCTGCTACTGGCTGTACGG_011,30
AGCTGCTACTGGCTGTACGG_012,172
AGCTGCTACTGGCTGTACGG_013,50
AGCTGCTACTGGCTGTACGG_014,23
AGCTGCTACTGGCTGTACGG_015,63
AGCTGCTACTGGCTGTACGG_016,134
AGCTGCTACTGGCTGTACGG_017,58
TGGCATGTGGCATAACGTGA_001,16
TGGCATGTGGCATAACGTGA_002,62
TGGCATGTGGCATAACGTGA_003,66
CAGCATGTGGACGTACAGCA_001,82
CAGCATGTGGACGTACAGCA_002,155
CAGCATGTGGACGTACAGCA_003,130
CAGCATGTGGACGTACAGCA_004,15
CAGCATGTGGACGTACAGCA_005,68
CAGCATGTGGACGTACAGCA_006,189
CAGCATGTGGACGTACAGCA_007,130
CAGCATGTGGACGTACAGCA_008,162
CAGCATGTGGACGTACAGCA_009,12
CAGCATGTGGACGTACAGCA_010,149
CAGCATGTGGACGTACAGCA_011,80
CAGCATGTGGACGTACAGCA_012,37
CAGCATGTGGACGTACAGCA_013,166
CAGCATGTGGACGTACAGCA_014,15
CAGCATGTGGACGTACAGCA_015,48
CAGCATGTGGACGTACAGCA_016,170
CAGCATGTGGACGTACAGCA_017,9
CAGCATGTGGACGTACAGCA_018,66
CAGCATGTGGACGTACAGCA_019,145
CAGCATGTGGACGTACAGCA_020,170
CAGCATGTGGACGTACAGCA_021,82
CAGCATGTGGACGTACAGCA_022,190
CAGCATGTGGACGTACAGCA_023,159
CAGCATGTGGACGTACAGCA_024,193
CAGCATGTGGACGTACAGCA_025,185
CAGCATGTGGACGTACAGCA_026,107
CAGCATGTGGACGTACAGCA_027,59
CAGCATGTGGACGTACAGCA_028,98
CAGCATGTGGACGTACAGCA_029,176
CAGCATGTGGACGTACAGCA_030,53
CAGCATGTGGACGTACAGCA_031,42
CAGCATGTGGACGTACAGCA_032,38
CAGCATGTGGACGTACAGCA_033,174
CAGCATGTGGACGTACAGCA_034,171
CAGCATGTGGACGTACAGCA_035,18
CAGCATGTGGACGTACAGCA_036,150
CAGCATGTGGACGTACAGCA_037,169
CAGCATGTGGACGTACAGCA_038,56
CAGCATGTGGACGTACAGCA_039,120
CAGCATGTGGACGTACAGCA_040,63
CAGCATGTGGACGTACAGCA_041,191
CAGCATGTGGACGTACAGCA_042,188
CAGCATGTGGACGTACAGCA_043,175
CAGCATGTGGACGTACAGCA_044,169
CAGCATGTGGACGTACAGCA_045,20
CAGCATGTGGACGTACAGCA_046,67
CAGCATGTGGACGTACAGCA_047,138
CAGCATGTGGACGTACAGCA_048,138
CAGCATGTGGACGTACAGCA_049,98
CAGCATGTGGACGTACAGCA_050,41
CAGCATGTGGACGTACAGCA_051,75
GCCAAGAGTGAGCGTTACAT_001,54
GCCAAGAGTGAGCGTTACAT_002,102
GCCAAGAGTGAGCGTTACAT_003,58
GCCAAGAGTGAGCGTTACAT_004,88
GCCAAGAGTGAGCGTTACAT_005,2
GCCAAGAGTGAGCGTTACAT_006,9
GCCAAGAGTGAGCGTTACAT_007,148
GCCAAGAGTGAGCGTTACAT_008,138
TGGGGTCATCACGCTCTACG_001,127
TGGGGTCATCACGCTCTACG_002,116
TGGGGTCATCACGCTCTACG_003,59
TGGGGTCATCACGCTCTACG_004,154
TGGGGTCATCACGCTCTACG_005,121
TGGGGTCATCACGCTCTACG_006,3
AAGAAATTGAACTTACCGCG_001,199
AAGAAATTGAACTTACCGCG_002,7
AAGAAATTGAACTTACCGCG_003,13
AAGAAATTGAACTTACCGCG_004,27
GGTCCAGCAGGTCTGTCACA_001,61
GGTCCAGCAGGTCTGTCACA_002,93
GGTCCAGCAGGTCTGTCACA_003,29
GGTCCAGCAGGTCTGTCACA_004,172
GGTCCAGCAGGTCTGTCACA_005,53
GGTCCAGCAGGTCTGTCACA_006,162
GGTCCAGCAGGTCTGTCACA_007,18
GGTCCAGCAGGTCTGTCACA_008,121
GGTCCAGCAGGTCTGTCACA_009,117
GGTCCAGCAGGTCTGTCACA_010,129
GGTCCAGCAGGTCTGTCACA_011,155
GGTCCAGCAGGTCTGTCACA_012,19
GGTCCAGCAGGTCTGTCACA_013,106
TGCCCATGGACAACTCTACG_001,173
TGCCCATGGACAACTCTACG_002,93
TGCCCATGGACAACTCTACG_003,119
TGCCCATGGACAACTCTACG_004,150
TTGCTGCTATCACACCTGGT_001,177
TCATCATGCAGAGTGAAATG_001,12
TCATCATGCAGAGTGAAATG_002,116
TCATCATGCAGAGTGAAATG_003,161
CCACACGACAGATTCACTGC_001,136
CCACACGACAGATTCACTGC_002,102
CCACACGACAGATTCACTGC_003,34
CCACACGACAGATTCACTGC_004,158
CCACACGACAGATTCACTGC_005,70
CCACACGACAGATTCACTGC_006,130
CCACACGACAGATTCACTGC_007,74
CCACACGACAGATTCACTGC_008,172
CCACACGACAGATTCACTGC_009,176
CCACACGACAGATTCACTGC_010,140
CCACACGACAGATTCACTGC_011,175
GCCTAGAGCCTTCCCCCGAG_001,83
GCCTAGAGCCTTCCCCCGAG_002,120
GCCTAGAGCCTTCCCCCGAG_003,130
GCCTAGAGCCTTCCCCCGAG_004,131
CTTCAAGCCCAAAACTTCAG_001,114
CTTCAAGCCCAAAACTTCAG_002,0
CTTCAAGCCCAAAACTTCAG_003,169
CTTCAAGCCCAAAACTTCAG_004,174
CTTCAAGCCCAAAACTTCAG_005,96
CTTCAAGCCCAAAACTTCAG_006,56
CTTCAAGCCCAAAACTTCAG_007,168
TTCTGGTCCCCATTGCCACC_001,41
TTCTGGTCCCCATTGCCACC_002,185
CAATTCCAATTGGAATGTCG_001,121
CAATTCCAATTGGAATGTCG_002,20
CAATTCCAATTGGAATGTCG_003,88
CAATTCCAATTGGAATGTCG_004,127
CAATTCCAATTGGAATGTCG_005,192
CAATTCCAATTGGAATGTCG_006,106
GAGTTCAGGCAAGTTATCCA_001,36
GAGTTCAGGCAAGTTATCCA_002,149
GAGTTCAGGCAAGTTATCCA_003,169
GAGTTCAGGCAAGTTATCCA_004,60
GAGTTCAGGCAAGTTATCCA_005,157
GAGTTCAGGCAAGTTATCCA_006,149
GAGTTCAGGCAAGTTATCCA_007,156
GAGTTCAGGCAAGTTATCCA_008,180
CCCAGTCTGCGTGTACACGA_001,51
CCCAGTCTGCGTGTACACGA_002,65
GTGGTCATTCATCAACTACC_001,17
GTGGTCATTCATCAACTACC_002,199
GTGGTCATTCATCAACTACC_003,190
GTGGTCATTCATCAACTACC_004,43
GTGGTCATTCATCAACTACC_005,115
GTGGTCATTCATCAACTACC_006,106
CTACGCGGTCATGAGAGCGG_001,149
CTACGCGGTCATGAGAGCGG_002,1
CTACGCGGTCATGAGAGCGG_003,9
CTACGCGGTCATGAGAGCGG_004,175
CTACGCGGTCATGAGAGCGG_005,96
CTACGCGGTCATGAGAGCGG_006,122
CTACGCGGTCATGAGAGCGG_007,68
GCTGTCGTGTTTAACAACCG_001,109
GCTGTCGTGTTTAACAACCG_002,109
GCTGTCGTGTTTAACAACCG_003,105
ATTCACACTTCGAGACTATG_001,51
ATTCACACTTCGAGACTATG_002,1
ATTCACACTTCGAGACTATG_003,65
ATTCACACTTCGAGACTATG_004,81
ATTCACACTTCGAGACTATG_005,69
ATTCACACTTCGAGACTATG_006,192
ATTCACACTTCGAGACTATG_007,170
ATTCACACTTCGAGACTATG_008,30
ATTCACACTTCGAGACTATG_009,32
ATTCACACTTCGAGACTATG_010,151
ATTCACACTTCGAGACTATG_011,116
ATTCACACTTCGAGACTATG_012,172
ATTCACACTTCGAGACTATG_013,107
ATTCACACTTCGAGACTATG_014,69
ATTCACACTTCGAGACTATG_015,161
ATTCACACTTCGAGACTATG_016,95
ATTCACACTTCGAGACTATG_017,69
ATTCACACTTCGAGACTATG_018,106
ATTCACACTTCGAGACTATG_019,105
ATTCACACTTCGAGACTATG_020,52
ATTCACACTTCGAGACTATG_021,49
ACACGTAGCTCGACAGCGCG_001,160
ACACGTAGCTCGACAGCGCG_002,40
ACACGTAGCTCGACAGCGCG_003,18
ACACGTAGCTCGACAGCGCG_004,84
ACACGTAGCTCGACAGCGCG_005,60
ACACGTAGCTCGACAGCGCG_006,172
ACACGTAGCTCGACAGCGCG_007,158
ACACGTAGCTCGACAGCGCG_008,156
ACACGTAGCTCGACAGCGCG_009,102
ACACGTAGCTCGACAGCGCG_010,76
ACACGTAGCTCGACAGCGCG_011,34
ACACGTAGCTCGACAGCGCG_012,58
ACACGTAGCTCGACAGCGCG_013,23
ACACGTAGCTCGACAGCGCG_014,103
ACACGTAGCTCGACAGCGCG_015,130
ACACGTAGCTCGACAGCGCG_016,137
ACACGTAGCTCGACAGCGCG_017,15
ACACGTAGCTCGACAGCGCG_018,107
ACACGTAGCTCGACAGCGCG_019,86
ACACGTAGCTCGACAGCGCG_020,184
ACACGTAGCTCGACAGCGCG_021,158
ACACGTAGCTCGACAGCGCG_022,2
ACACGTAGCTCGACAGCGCG_023,48
ACACGTAGCTCGACAGCGCG_024,78
ACACGTAGCTCGACAGCGCG_025,49
ACACGTAGCTCGACAGCGCG_026,160
ACACGTAGCTCGACAGCGCG_027,126
ACACGTAGCTCGACAGCGCG_028,77
ACACGTAGCTCGACAGCGCG_029,44
ACACGTAGCTCGACAGCGCG_030,160
ACACGTAGCTCGACAGCGCG_031,18
ACACGTAGCTCGACAGCGCG_032,76
ACACGTAGCTCGACAGCGCG_033,9
ACACGTAGCTCGACAGCGCG_034,73
ACACGTAGCTCGACAGCGCG_035,141
GGTCATGGACAGTGTAATTG_001,22
GGTCATGGACAGTGTAATTG_002,53
GGTCATGGACAGTGTAATTG_003,5
GGTCATGGACAGTGTAATTG_004,112
GGTCATGGACAGTGTAATTG_005,149
GGTCATGGACAGTGTAATTG_006,82
GGTCATGGACAGTGTAATTG_007,40
GGTCATGGACAGTGTAATTG_008,61
GGTCATGGACAGTGTAATTG_009,28
CTAAACCAGGGAATGGACAA_001,94
CTAAACCAGGGAATGGACAA_002,158
CTAAACCAGGGAATGGACAA_003,157
CTAAACCAGGGAATGGACAA_004,185
CTAAACCAGGGAATGGACAA_005,137
CTAAACCAGGGAATGGACAA_006,148
CTAAACCAGGGAATGGACAA_007,45
CTAAACCAGGGAATGGACAA_008,118
CTAAACCAGGGAATGGACAA_009,49
CTAAACCAGGGAATGGACAA_010,19
GCAGTGGCTTACTTCCAACG_001,190
GCAGTGGCTTACTTCCAACG_002,174
GCAGTGGCTTACTTCCAACG_003,141
GCAGTGGCTTACTTCCAACG_004,32
GCAGTGGCTTACTTCCAACG_005,77
GCAGTGGCTTACTTCCAACG_006,92
GCAGTGGCTTACTTCCAACG_007,76
GCAGTGGCTTACTTCCAACG_008,199
GCAGTGGCTTACTTCCAACG_009,129
GCAGTGGCTTACTTCCAACG_010,50
GCAGTGGCTTACTTCCAACG_011,121
GCAGTGGCTTACTTCCAACG_012,38
GCAGTGGCTTACTTCCAACG_013,17
GCAGTGGCTTACTTCCAACG_014,73
GCAGTGGCTTACTTCCAACG_015,2
GCAGTGGCTTACTTCCAACG_016,63
GCAGTGGCTTACTTCCAACG_017,142
GCAGTGGCTTACTTCCAACG_018,19
TGCGCCGCGTATCAACAGGG_001,1
TGCGCCGCGTATCAACAGGG_002,152
TGCGCCGCGTATCAACAGGG_003,150
TGCGCCGCGTATCAACAGGG_004,84
TGCGCCGCGTATCAACAGGG_005,17
TGCTAGCTGACCTTGGCGGT_001,129
TGCTAGCTGACCTTGGCGGT_002,176
TGCTAGCTGACCTTGGCGGT_003,180
TGCTAGCTGACCTTGGCGGT_004,53
TGCTAGCTGACCTTGGCGGT_005,147
TGCTAGCTGACCTTGGCGGT_006,111
TGCTAGCTGACCTTGGCGGT_007,199
TGTGAAGGGCTACATCTACG_001,56
TGTGAAGGGCTACATCTACG_002,36
TGTGAAGGGCTACATCTACG_003,83
CAAGACCTCAACTTTGGCCA_001,23
CAAGACCTCAACTTTGGCCA_002,166
CAAGACCTCAACTTTGGCCA_003,54
CAAGACCTCAACTTTGGCCA_004,45
CAAGACCTCAACTTTGGCCA_005,168
CAAGACCTCAACTTTGGCCA_006,40
CAAGACCTCAACTTTGGCCA_007,81
CAAGACCTCAACTTTGGCCA_008,88
CAAGACCTCAACTTTGGCCA_009,76
CAAGACCTCAACTTTGGCCA_010,31
CAAGACCTCAACTTTGGCCA_011,117
CAAGACCTCAACTTTGGCCA_012,127
CAAGACCTCAACTTTGGCCA_013,139
CAAGACCTCAACTTTGGCCA_014,4
CAAGACCTCAACTTTGGCCA_015,77
CAAGACCTCAACTTTGGCCA_016,80
CAAGACCTCAACTTTGGCCA_017,50
CAAGACCTCAACTTTGGCCA_018,160
CCACGGCTACACCCTGCCCG_001,183
CCACGGCTACACCCTGCCCG_002,118
CCACGGCTACACCCTGCCCG_003,0
CCACGGCTACACCCTGCCCG_004,146
CCACGGCTACACCCTGCCCG_005,155
CCACGGCTACACCCTGCCCG_006,26
CCACGGCTACACCCTGCCCG_007,38
CCACGGCTACACCCTGCCCG_008,50
CCACGGCTACACCCTGCCCG_009,58
CCACGGCTACACCCTGCCCG_010,73
CCACGGCTACACCCTGCCCG_011,166
CCACGGCTACACCCTGCCCG_012,175
GCAGTGTGCTCGATGAAGTG_001,177
GCTCTACTGTTCCAAAGACG_001,169
GCTCTACTGTTCCAAAGACG_002,81
GGACGGGCCTTACATCACAG_001,113
GGACGGGCCTTACATCACAG_002,169
CTGGGCTATGGCTATAGCTG_001,191
CTGGGCTATGGCTATAGCTG_002,145
GGTGACTGGCGTCCCACAGG_001,130
TTAACCTGGACAAGTACCGG_001,19
TTAACCTGGACAAGTACCGG_002,122
TTAACCTGGACAAGTACCGG_003,137
TTAACCTGGACAAGTACCGG_004,106
TTAACCTGGACAAGTACCGG_005,91
TTAACCTGGACAAGTACCGG_006,94
TTAACCTGGACAAGTACCGG_007,89
TTAACCTGGACAAGTACCGG_008,70
AGTGTGGTGAGGCTACCACC_001,116
AGTGTGGTGAGGCTACCACC_002,62
AGTGTGGTGAGGCTACCACC_003,63
AGTGTGGTGAGGCTACCACC_004,169
AGTGTGGTGAGGCTACCACC_005,76
AGTGTGGTGAGGCTACCACC_006,169
AGTGTGGTGAGGCTACCACC_007,88
AGTGTGGTGAGGCTACCACC_008,50
AGTGTGGTGAGGCTACCACC_009,52
AGTGTGGTGAGGCTACCACC_010,188
AGTGTGGTGAGGCTACCACC_011,184
AGTGTGGTGAGGCTACCACC_012,70
AGTGTGGTGAGGCTACCACC_013,40
AGTGTGGTGAGGCTACCACC_014,29
AGTGTGGTGAGGCTACCACC_015,79
AGTGTGGTGAGGCTACCACC_016,82
AGTGTGGTGAGGCTACCACC_017,10
CCTCACCGATCGTGTCCACG_001,139
CCTCACCGATCGTGTCCACG_002,147
CCTCACCGATCGTGTCCACG_003,140
CCTCACCGATCGTGTCCACG_004,20
CCTCACCGATCGTGTCCACG_005,168
CCTCACCGATCGTGTCCACG_006,140
CCTCACCGATCGTGTCCACG_007,144
CCTCACCGATCGTGTCCACG_008,50
CCTCACCGATCGTGTCCACG_009,94
CCTCACCGATCGTGTCCACG_010,155
CCTCACCGATCGTGTCCACG_011,158
CCTCACCGATCGTGTCCACG_012,12
CACATCCACCTCATCAGCGT_001,77
CACATCCACCTCATCAGCGT_002,134
CACATCCACCTCATCAGCGT_003,10
CACATCCACCTCATCAGCGT_004,100
CACATCCACCTCATCAGCGT_005,101
CACATCCACCTCATCAGCGT_006,166
CACATCCACCTCATCAGCGT_007,152
CACATCCACCTCATCAGCGT_008,25
CACATCCACCTCATCAGCGT_009,176
CACATCCACCTCATCAGCGT_010,113
CACATCCACCTCATCAGCGT_011,101
CACATCCACCTCATCAGCGT_012,81
CACATCCACCTCATCAGCGT_013,150
GATTGTATCTGATTACCAGA_001,130
GATTGTATCTGATTACCAGA_002,107
GATTGTATCTGATTACCAGA_003,114
GCGTCAAGTTCGTGGTGCTG_001,55
GCGTCAAGTTCGTGGTGCTG_002,49
GCGTCAAGTTCGTGGTGCTG_003,146
GCGTCAAGTTCGTGGTGCTG_004,5
GCGTCAAGTTCGTGGTGCTG_005,160
GCGTCAAGTTCGTGGTGCTG_006,173
GCGTCAAGTTCGTGGTGCTG_007,149
GCGTCAAGTTCGTGGTGCTG_008,8
GCGTCAAGTTCGTGGTGCTG_009,115
GCGTCAAGTTCGTGGTGCTG_010,121
GCGTCAAGTTCGTGGTGCTG_011,11
GCGTCAAGTTCGTGGTGCTG_012,50
GCGTCAAGTTCGTGGTGCTG_013,81
GCGTCAAGTTCGTGGTGCTG_014,165
GCGTCAAGTTCGTGGTGCTG_015,118
GCGTCAAGTTCGTGGTGCTG_016,83
GCGTCAAGTTCGTGGTGCTG_017,146
GCGTCAAGTTCGTGGTGCTG_018,80
GCGTCAAGTTCGTGGTGCTG_019,58
GCGTCAAGTTCGTGGTGCTG_020,118
GCGTCAAGTTCGTGGTGCTG_021,38
GCGTCAAGTTCGTGGTGCTG_022,139
GCGTCAAGTTCGTGGTGCTG_023,8
GCGTCAAGTTCGTGGTGCTG_024,60
GCGTCAAGTTCGTGGTGCTG_025,12
GCGTCAAGTTCGTGGTGCTG_026,155
GCGTCAAGTTCGTGGTGCTG_027,182
GCGTCAAGTTCGTGGTGCTG_028,26
GCGTCAAGTTCGTGGTGCTG_029,190
ATTAAATTCACAGAACCACG_001,77
ATTAAATTCACAGAACCACG_002,53
ATTAAATTCACAGAACCACG_003,194
ATTAAATTCACAGAACCACG_004,178
ATTAAATTCACAGAACCACG_005,199
ATTAAATTCACAGAACCACG_006,199
AAAGGACGATAAACAGATCG_001,0
AAAGGACGATAAACAGATCG_002,6
AAAGGACGATAAACAGATCG_003,38
AAAGGACGATAAACAGATCG_004,76
AAAGGACGATAAACAGATCG_005,52
AAAGGACGATAAACAGATCG_006,130
AAAGGACGATAAACAGATCG_007,168
AAAGGACGATAAACAGATCG_008,49
AAAGGACGATAAACAGATCG_009,194
AAAGGACGATAAACAGATCG_010,5
AAAGGACGATAAACAGATCG_011,8
AAAGGACGATAAACAGATCG_012,129
AAAGGACGATAAACAGATCG_013,141
GGAATCTGATATTATTCCTG_001,41
GGCATTGTACTGCATCCCGG_001,158
GGCATTGTACTGCATCCCGG_002,108
GGCATTGTACTGCATCCCGG_003,81
TTAGTGTATCTTCCCACAAG_001,77
AATTCCTAAGCCTATCCAGT_001,196
AATTCCTAAGCCTATCCAGT_002,86
AATTCCTAAGCCTATCCAGT_003,137
AATTCCTAAGCCTATCCAGT_004,170
AATTCCTAAGCCTATCCAGT_005,10
CACCCCGACCTCCGCGCGAG_001,9
CACCCCGACCTCCGCGCGAG_002,20
CACCCCGACCTCCGCGCGAG_003,174
CACCCCGACCTCCGCGCGAG_004,50
CACCCCGACCTCCGCGCGAG_005,103
CACCCCGACCTCCGCGCGAG_006,27
CACCCCGACCTCCGCGCGAG_007,101
CACCCCGACCTCCGCGCGAG_008,168
CACCCCGACCTCCGCGCGAG_009,78
CACCCCGACCTCCGCGCGAG_010,147
CACCCCGACCTCCGCGCGAG_011,82
CACCCCGACCTCCGCGCGAG_012,75
CACCCCGACCTCCGCGCGAG_013,136
CACCCCGACCTCCGCGCGAG_014,49
CACCCCGACCTCCGCGCGAG_015,40
CACCCCGACCTCCGCGCGAG_016,112
CACCCCGACCTCCGCGCGAG_017,5
CACCCCGACCTCCGCGCGAG_018,38
CACCCCGACCTCCGCGCGAG_019,186
CACCCCGACCTCCGCGCGAG_020,45
CACCCCGACCTCCGCGCGAG_021,137
CACCCCGACCTCCGCGCGAG_022,114
CACCCCGACCTCCGCGCGAG_023,114
CACCCCGACCTCCGCGCGAG_024,106
CACCCCGACCTCCGCGCGAG_025,14
CACCCCGACCTCCGCGCGAG_026,37
CACCCCGACCTCCGCGCGAG_027,66
CGACCAACACCACGCTGTGG_001,60
CGACCAACACCACGCTGTGG_002,38
CGACCAACACCACGCTGTGG_003,60
CGACCAACACCACGCTGTGG_004,86
CGACCAACACCACGCTGTGG_005,69
CGACCAACACCACGCTGTGG_006,77
CGACCAACACCACGCTGTGG_007,84
CGACCAACACCACGCTGTGG_008,175
CGACCAACACCACGCTGTGG_009,168
CGACCAACACCACGCTGTGG_010,198
CGACCAACACCACGCTGTGG_011,83
CGACCAACACCACGCTGTGG_012,147
GCCAAATTGGACGACCCTCG_001,127
GCCAAATTGGACGACCCTCG_002,70
GCCAAATTGGACGACCCTCG_003,68
GGTACAAACAGAGCAAACAC_001,94
GGTACAAACAGAGCAAACAC_002,149
GGTACAAACAGAGCAAACAC_003,162
GGTACAAACAGAGCAAACAC_004,46
GGTACAAACAGAGCAAACAC_005,20
GGTACAAACAGAGCAAACAC_006,29
GGTACAAACAGAGCAAACAC_007,15
TTCCATCAGTCCCACAGACA_001,182
TTCCATCAGTCCCACAGACA_002,130
TTCCATCAGTCCCACAGACA_003,191
TTCCATCAGTCCCACAGACA_004,196
TTCCATCAGTCCCACAGACA_005,82
TTCCATCAGTCCCACAGACA_006,166
TTCCATCAGTCCCACAGACA_007,45
TTCCATCAGTCCCACAGACA_008,175
TTCCATCAGTCCCACAGACA_009,188
TTCCATCAGTCCCACAGACA_010,160
TTCCATCAGTCCCACAGACA_011,62
TTCCATCAGTCCCACAGACA_012,120
TTCCATCAGTCCCACAGACA_013,170
TTCCATCAGTCCCACAGACA_014,70
TTCCATCAGTCCCACAGACA_015,187
TTCCATCAGTCCCACAGACA_016,10
TTCCATCAGTCCCACAGACA_017,49
TTCCATCAGTCCCACAGACA_018,124
TTCCATCAGTCCCACAGACA_019,88
TTCCATCAGTCCCACAGACA_020,72
TTCCATCAGTCCCACAGACA_021,28
TTCCATCAGTCCCACAGACA_022,176
ACACCACCTGAAGTGACTCG_001,108
ACACCACCTGAAGTGACTCG_002,12
ACACCACCTGAAGTGACTCG_003,174
AACAATTTCTGATAATTGTG_001,1
AACAATTTCTGATAATTGTG_002,163
CTGTGGCGGTTACTGCAATG_001,38
CTGTGGCGGTTACTGCAATG_002,70
CTGTGGCGGTTACTGCAATG_003,118
CTGTGGCGGTTACTGCAATG_004,126
CTGTGGCGGTTACTGCAATG_005,150
CTGTGGCGGTTACTGCAATG_006,58
CTGTGGCGGTTACTGCAATG_007,134
CTGTGGCGGTTACTGCAATG_008,43
CTGTGGCGGTTACTGCAATG_009,190
CTGTGGCGGTTACTGCAATG_010,15
CTGTGGCGGTTACTGCAATG_011,27
CTGTGGCGGTTACTGCAATG_012,160
CTGTGGCGGTTACTGCAATG_013,53
CTGTGGCGGTTACTGCAATG_014,76
CCTGGAAGCAAATTATCTGG_001,22
CTTCCTTTCTGGGAACGAGT_001,88
CTTCCTTTCTGGGAACGAGT_002,152
CTTCCTTTCTGGGAACGAGT_003,12
CTTCCTTTCTGGGAACGAGT_004,134
GATGTGGTCAAAGTCCGCTG_001,42
GATGTGGTCAAAGTCCGCTG_002,115
GATGTGGTCAAAGTCCGCTG_003,49
GATGTGGTCAAAGTCCGCTG_004,1
GATGTGGTCAAAGTCCGCTG_005,65
GATGTGGTCAAAGTCCGCTG_006,102
GATGTGGTCAAAGTCCGCTG_007,149
GATGTGGTCAAAGTCCGCTG_008,61
GATGTGGTCAAAGTCCGCTG_009,12
GATGTGGTCAAAGTCCGCTG_010,81
GATGTGGTCAAAGTCCGCTG_011,149
GATGTGGTCAAAGTCCGCTG_012,46
GATGTGGTCAAAGTCCGCTG_013,37
GATGTGGTCAAAGTCCGCTG_014,105
GCCGTGCCAAGTCCCCTCAG_001,108
GCCGTGCCAAGTCCCCTCAG_002,91
GCCGTGCCAAGTCCCCTCAG_003,185
GCCGTGCCAAGTCCCCTCAG_004,14
GCCGTGCCAAGTCCCCTCAG_005,73
GCCGTGCCAAGTCCCCTCAG_006,72
GCCGTGCCAAGTCCCCTCAG_007,72
GCCGTGCCAAGTCCCCTCAG_008,147
GGTCTGTGCCTTTGATAACC_001,65
GGTCTGTGCCTTTGATAACC_002,8
GGTCTGTGCCTTTGATAACC_003,198
TGACACCTATGCCCAAACAG_001,181
TGACACCTATGCCCAAACAG_002,126
TGACACCTATGCCCAAACAG_003,70
TGACACCTATGCCCAAACAG_004,171
TGACACCTATGCCCAAACAG_005,58
TGACACCTATGCCCAAACAG_006,26
TGACACCTATGCCCAAACAG_007,6
CTTGAACTACCACATAGTTG_001,104
GATATAAACAGTCTTCACTG_001,162
GATATAAACAGTCTTCACTG_002,70
GATATAAACAGTCTTCACTG_003,55
GATATAAACAGTCTTCACTG_004,176
GATATAAACAGTCTTCACTG_005,185
TGAATATCGGCTCCACAAAG_001,172
CCCCGTGCCCGCCTACCTCG_001,163
CCCCGTGCCCGCCTACCTCG_002,158
CCCCGTGCCCGCCTACCTCG_003,70
CCCCGTGCCCGCCTACCTCG_004,128
CCCCGTGCCCGCCTACCTCG_005,151
CCCCGTGCCCGCCTACCTCG_006,20
CCCCGTGCCCGCCTACCTCG_007,164
CCCCGTGCCCGCCTACCTCG_008,60
CCCCGTGCCCGCCTACCTCG_009,58
CCCCGTGCCCGCCTACCTCG_010,185
CCCCGTGCCCGCCTACCTCG_011,121
CCCCGTGCCCGCCTACCTCG_012,117
CCCCGTGCCCGCCTACCTCG_013,199
CCCCGTGCCCGCCTACCTCG_014,194
CCCCGTGCCCGCCTACCTCG_015,171
CCCCGTGCCCGCCTACCTCG_016,2
CCCCGTGCCCGCCTACCTCG_017,176
CCCCGTGCCCGCCTACCTCG_018,178
CCCCGTGCCCGCCTACCTCG_019,137
CCCCGTGCCCGCCTACCTCG_020,63
TCTAGGTGCTGCTACTCGCT_001,29
TCTAGGTGCTGCTACTCGCT_002,102
TCTAGGTGCTGCTACTCGCT_003,130
CAAGTATAAGGAGCGAGGGA_001,144
CAAGTATAAGGAGCGAGGGA_002,60
CAAGTATAAGGAGCGAGGGA_003,5
CAAGTATAAGGAGCGAGGGA_004,26
CAAGTATAAGGAGCGAGGGA_005,51
CAAGTATAAGGAGCGAGGGA_006,28
CAAGTATAAGGAGCGAGGGA_007,65
CAAGTATAAGGAGCGAGGGA_008,70
GAAAATAAGTCTCAGCTGAA_001,150
GAAAATAAGTCTCAGCTGAA_002,78
GAAAATAAGTCTCAGCTGAA_003,49
GAAAATAAGTCTCAGCTGAA_004,196
GAAAATAAGTCTCAGCTGAA_005,8
GAAAATAAGTCTCAGCTGAA_006,112
GAAAATAAGTCTCAGCTGAA_007,72
GAAAATAAGTCTCAGCTGAA_008,78
GAGCTGCGCCTGTACTACCG_001,118
GAGCTGCGCCTGTACTACCG_002,48
GAGCTGCGCCTGTACTACCG_003,57
GAGCTGCGCCTGTACTACCG_004,58
GAGCTGCGCCTGTACTACCG_005,196
GAGCTGCGCCTGTACTACCG_006,43
GAGCTGCGCCTGTACTACCG_007,1
GAGCTGCGCCTGTACTACCG_008,14
GAGCTGCGCCTGTACTACCG_009,42
GAGCTGCGCCTGTACTACCG_010,81
GAGCTGCGCCTGTACTACCG_011,162
GAGCTGCGCCTGTACTACCG_012,36
GAGCTGCGCCTGTACTACCG_013,132
GAGCTGCGCCTGTACTACCG_014,22
GAGCTGCGCCTGTACTACCG_015,122
GAGCTGCGCCTGTACTACCG_016,29
GAGCTGCGCCTGTACTACCG_017,62
GAGCTGCGCCTGTACTACCG_018,78
GAGCTGCGCCTGTACTACCG_019,184
GAGCTGCGCCTGTACTACCG_020,19
GAGCTGCGCCTGTACTACCG_021,180
GAGCTGCGCCTGTACTACCG_022,35
AAAGCCGTCCTGTCCGACAT_001,171
AAAGCCGTCCTGTCCGACAT_002,58
AAAGCCGTCCTGTCCGACAT_003,139
AAAGCCGTCCTGTCCGACAT_004,60
AAAGCCGTCCTGTCCGACAT_005,114
AAAGCCGTCCTGTCCGACAT_006,141
AAAGCCGTCCTGTCCGACAT_007,2
AAAGCCGTCCTGTCCGACAT_008,117
AAAGCCGTCCTGTCCGACAT_009,55
AAAGCCGTCCTGTCCGACAT_010,39
AAAGCCGTCCTGTCCGACAT_011,158
AAAGCCGTCCTGTCCGACAT_012,70
AAAGCCGTCCTGTCCGACAT_013,136
AAAGCCGTCCTGTCCGACAT_014,183
AAAGCCGTCCTGTCCGACAT_015,155
TAAGTCTCAGCGTAATCTCG_001,148
AATGCGAGTTAACGTGGACA_001,69
AATGCGAGTTAACGTGGACA_002,31
AATGCGAGTTAACGTGGACA_003,10
AATGCGAGTTAACGTGGACA_004,8
AATGCGAGTTAACGTGGACA_005,146
AATGCGAGTTAACGTGGACA_006,29
AATGCGAGTTAACGTGGACA_007,5
CTCATCGGCCAATCAGAGCA_001,22
CTCATCGGCCAATCAGAGCA_002,93
CTCATCGGCCAATCAGAGCA_003,180
CTCATCGGCCAATCAGAGCA_004,188
CTCATCGGCCAATCAGAGCA_005,161
CTCATCGGCCAATCAGAGCA_006,56
CTCATCGGCCAATCAGAGCA_007,76
CTCATCGGCCAATCAGAGCA_008,145
CTCATCGGCCAATCAGAGCA_009,127
CTCATCGGCCAATCAGAGCA_010,64
CTCATCGGCCAATCAGAGCA_011,4
CTCATCGGCCAATCAGAGCA_012,58
CTCATCGGCCAATCAGAGCA_013,45
CTCATCGGCCAATCAGAGCA_014,150
CTCATCGGCCAATCAGAGCA_015,148
CTCATCGGCCAATCAGAGCA_016,147
CTCATCGGCCAATCAGAGCA_017,33
CTCATCGGCCAATCAGAGCA_018,33
TGATCGAATACTATGAGGCA_001,183
TGATCGAATACTATGAGGCA_002,163
TGATCGAATACTATGAGGCA_003,34
TGATCGAATACTATGAGGCA_004,26
TGATCGAATACTATGAGGCA_005,115
TGATCGAATACTATGAGGCA_006,167
TGATCGAATACTATGAGGCA_007,40
TGATCGAATACTATGAGGCA_008,42
CAATGTTGGACAACTACCCA_001,170
CAATGTTGGACAACTACCCA_002,113
CAATGTTGGACAACTACCCA_003,145
CAATGTTGGACAACTACCCA_004,150
CAATGTTGGACAACTACCCA_005,127
CAATGTTGGACAACTACCCA_006,178
CAATGTTGGACAACTACCCA_007,162
CAATGTTGGACAACTACCCA_008,118
CAATGTTGGACAACTACCCA_009,74
CAATGTTGGACAACTACCCA_010,198
CAATGTTGGACAACTACCCA_011,20
CAATGTTGGACAACTACCCA_012,88
CAATGTTGGACAACTACCCA_013,76
GCTGGTTCTGAAGTCTGAAG_001,96
GCTGGTTCTGAAGTCTGAAG_002,10
GCTGGTTCTGAAGTCTGAAG_003,152
GCTGGTTCTGAAGTCTGAAG_004,69
GCTGGTTCTGAAGTCTGAAG_005,76
GCTGGTTCTGAAGTCTGAAG_006,169
GCTGGTTCTGAAGTCTGAAG_007,117
GCTGGTTCTGAAGTCTGAAG_008,184
GCTGGTTCTGAAGTCTGAAG_009,188
GCTGGTTCTGAAGTCTGAAG_010,95
GCTGGTTCTGAAGTCTGAAG_011,188
TGCACATTATCCGAATCGGT_001,132
TGCACATTATCCGAATCGGT_002,195
TGCACATTATCCGAATCGGT_003,150
TGCACATTATCCGAATCGGT_004,75
TGCACATTATCCGAATCGGT_005,89
TGCACATTATCCGAATCGGT_006,199
CAAACCCCAGGAAACAAGCT_001,105
CAAACCCCAGGAAACAAGCT_002,184
CAAACCCCAGGAAACAAGCT_003,164
CAAACCCCAGGAAACAAGCT_004,81
CAAACCCCAGGAAACAAGCT_005,161
CAAACCCCAGGAAACAAGCT_006,46
GGAGCTTTCAATGCTCTCGG_001,41
GGAGCTTTCAATGCTCTCGG_002,176
GGAGCTTTCAATGCTCTCGG_003,129
GGAGCTTTCAATGCTCTCGG_004,129
GGAGCTTTCAATGCTCTCGG_005,105
GGAGCTTTCAATGCTCTCGG_006,136
GGAGCTTTCAATGCTCTCGG_007,31
GGCACAGCCCAGGGGGCAAC_001,102
GGCACAGCCCAGGGGGCAAC_002,174
GGCACAGCCCAGGGGGCAAC_003,183
GGCACAGCCCAGGGGGCAAC_004,65
GGCACAGCCCAGGGGGCAAC_005,129
GGCACAGCCCAGGGGGCAAC_006,197
GGCACAGCCCAGGGGGCAAC_007,142
GGCACAGCCCAGGGGGCAAC_008,166
GGGGGCCCCCTCGGTCAGTG_001,167
GGGGGCCCCCTCGGTCAGTG_002,168
GGGGGCCCCCTCGGTCAGTG_003,108
GGGGGCCCCCTCGGTCAGTG_004,98
GGGGGCCCCCTCGGTCAGTG_005,2
GGGGGCCCCCTCGGTCAGTG_006,121
GGGGGCCCCCTCGGTCAGTG_007,188
GGGGGCCCCCTCGGTCAGTG_008,45
GGGGGCCCCCTCGGTCAGTG_009,147
GGGGGCCCCCTCGGTCAGTG_010,112
GGGGGCCCCCTCGGTCAGTG_011,11
GGGGGCCCCCTCGGTCAGTG_012,34
GGGGGCCCCCTCGGTCAGTG_013,175
GGGGGCCCCCTCGGTCAGTG_014,50
GGGGGCCCCCTCGGTCAGTG_015,186
GGGGGCCCCCTCGGTCAGTG_016,27
GGGGGCCCCCTCGGTCAGTG_017,94
GGGGGCCCCCTCGGTCAGTG_018,148
GGGGGCCCCCTCGGTCAGTG_019,81
GGGGGCCCCCTCGGTCAGTG_020,60
GGGGGCCCCCTCGGTCAGTG_021,60
GGGGGCCCCCTCGGTCAGTG_022,44
GGGGGCCCCCTCGGTCAGTG_023,60
GGGGGCCCCCTCGGTCAGTG_024,0
GGGGGCCCCCTCGGTCAGTG_025,82
GGGGGCCCCCTCGGTCAGTG_026,148
CACGGACGTGATTCCATCCG_001,96
CACGGACGTGATTCCATCCG_002,139
CACGGACGTGATTCCATCCG_003,130
CACGGACGTGATTCCATCCG_004,48
CACGGACGTGATTCCATCCG_005,35
CACGGACGTGATTCCATCCG_006,45
ACATCCTCAACCCTCTCCGA_001,78
ACATCCTCAACCCTCTCCGA_002,29
ACATCCTCAACCCTCTCCGA_003,5
ACATCCTCAACCCTCTCCGA_004,94
ACATCCTCAACCCTCTCCGA_005,80
ACATCCTCAACCCTCTCCGA_006,115
ACATCCTCAACCCTCTCCGA_007,126
ACATCCTCAACCCTCTCCGA_008,48
ACATCCTCAACCCTCTCCGA_009,94
ACATCCTCAACCCTCTCCGA_010,45
ACATCCTCAACCCTCTCCGA_011,135
ACATCCTCAACCCTCTCCGA_012,165
ACATCCTCAACCCTCTCCGA_013,120
TAGAACTGAGCGACAGCATG_001,166
TAGAACTGAGCGACAGCATG_002,142
TAGAACTGAGCGACAGCATG_003,92
TAGAACTGAGCGACAGCATG_004,148
TAGAACTGAGCGACAGCATG_005,4
TAGAACTGAGCGACAGCATG_006,15
TAGAACTGAGCGACAGCATG_007,44
TAGAACTGAGCGACAGCATG_008,47
TAGAACTGAGCGACAGCATG_009,88
TAGAACTGAGCGACAGCATG_010,58
TGTGAACCACTCAGCCACTG_001,179
TGTGAACCACTCAGCCACTG_002,0
TGTGAACCACTCAGCCACTG_003,17
TGTGAACCACTCAGCCACTG_004,25
TGTGAACCACTCAGCCACTG_005,177
TGTGAACCACTCAGCCACTG_006,58
TGTGAACCACTCAGCCACTG_007,140
TGTGAACCACTCAGCCACTG_008,61
TTCCGGATGTGCTGATAAAG_001,104
TTCCGGATGTGCTGATAAAG_002,40
TTCCGGATGTGCTGATAAAG_003,83
TTCCGGATGTGCTGATAAAG_004,160
TTCCGGATGTGCTGATAAAG_005,156
TTCCGGATGTGCTGATAAAG_006,159
TTCCGGATGTGCTGATAAAG_007,166
TTCCGGATGTGCTGATAAAG_008,146
TTCCGGATGTGCTGATAAAG_009,59
TTCCGGATGTGCTGATAAAG_010,142
TTCCGGATGTGCTGATAAAG_011,23
TTCCGGATGTGCTGATAAAG_012,23
TTCCGGATGTGCTGATAAAG_013,102
ATGCCCAAAACTGAACCGAA_001,1
ATGCCCAAAACTGAACCGAA_002,1
ATGCCCAAAACTGAACCGAA_003,43
ATGCCCAAAACTGAACCGAA_004,46
ATGCCCAAAACTGAACCGAA_005,168
ATGCCCAAAACTGAACCGAA_006,16
ATGCCCAAAACTGAACCGAA_007,76
ATGCCCAAAACTGAACCGAA_008,178
ATGCCCAAAACTGAACCGAA_009,96
ATGCCCAAAACTGAACCGAA_010,148
ATGCCCAAAACTGAACCGAA_011,84
ATGCCCAAAACTGAACCGAA_012,127
ATGCCCAAAACTGAACCGAA_013,48
ATGCCCAAAACTGAACCGAA_014,160
ATGCCCAAAACTGAACCGAA_015,141
AAACTGTAGTGCAGGGTCAG_001,51
AAACTGTAGTGCAGGGTCAG_002,154
AAACTGTAGTGCAGGGTCAG_003,29
AAACTGTAGTGCAGGGTCAG_004,25
AAACTGTAGTGCAGGGTCAG_005,30
AAACTGTAGTGCAGGGTCAG_006,62
AAACTGTAGTGCAGGGTCAG_007,17
AAACTGTAGTGCAGGGTCAG_008,153
AAACTGTAGTGCAGGGTCAG_009,150
AAACTGTAGTGCAGGGTCAG_010,68
AAACTGTAGTGCAGGGTCAG_011,21
AAACTGTAGTGCAGGGTCAG_012,72
AAACTGTAGTGCAGGGTCAG_013,72
AAACTGTAGTGCAGGGTCAG_014,2
AAACTGTAGTGCAGGGTCAG_015,127
AAACTGTAGTGCAGGGTCAG_016,75
AAACTGTAGTGCAGGGTCAG_017,105
AAACTGTAGTGCAGGGTCAG_018,68
AAACTGTAGTGCAGGGTCAG_019,89
AAACTGTAGTGCAGGGTCAG_020,27
AAACTGTAGTGCAGGGTCAG_021,78
AAACTGTAGTGCAGGGTCAG_022,58
AAACTGTAGTGCAGGGTCAG_023,150
AAACTGTAGTGCAGGGTCAG_024,49
AAACTGTAGTGCAGGGTCAG_025,70
AAACTGTAGTGCAGGGTCAG_026,65
AAACTGTAGTGCAGGGTCAG_027,190
AAACTGTAGTGCAGGGTCAG_028,0
AAACTGTAGTGCAGGGTCAG_029,177
AAACTGTAGTGCAGGGTCAG_030,48
AAACTGTAGTGCAGGGTCAG_031,3
CACCAGAAGTAATTTCAGGA_001,195
CACCAGAAGTAATTTCAGGA_002,78
CACCAGAAGTAATTTCAGGA_003,84
CACCAGAAGTAATTTCAGGA_004,138
CACCAGAAGTAATTTCAGGA_005,63
CGAACAGCCCCCCATAGTGG_001,174
CGAACAGCCCCCCATAGTGG_002,25
CGAACAGCCCCCCATAGTGG_003,116
CGAACAGCCCCCCATAGTGG_004,192
CGAACAGCCCCCCATAGTGG_005,151
TGGAAGCAGATCCGGCACTG_001,95
TGGAAGCAGATCCGGCACTG_002,56
TGGAAGCAGATCCGGCACTG_003,151
TGGAAGCAGATCCGGCACTG_004,187
TGGAAGCAGATCCGGCACTG_005,177
TGGAAGCAGATCCGGCACTG_006,49
TGGAAGCAGATCCGGCACTG_007,13
TGGAAGCAGATCCGGCACTG_008,23
TGGAAGCAGATCCGGCACTG_009,175
TGGAAGCAGATCCGGCACTG_010,60
TGGAAGCAGATCCGGCACTG_011,10
TGGAAGCAGATCCGGCACTG_012,103
GGACGGTCCATAGACACAGG_001,27
GGACGGTCCATAGACACAGG_002,111
GGACGGTCCATAGACACAGG_003,147
GGACGGTCCATAGACACAGG_004,56
GGACGGTCCATAGACACAGG_005,118
GGACGGTCCATAGACACAGG_006,163
GGACGGTCCATAGACACAGG_007,159
GGACGGTCCATAGACACAGG_008,171
GGACGGTCCATAGACACAGG_009,110
GGACGGTCCATAGACACAGG_010,67
GGACGGTCCATAGACACAGG_011,40
GGACGGTCCATAGACACAGG_012,132
GGACGGTCCATAGACACAGG_013,170
GGACGGTCCATAGACACAGG_014,56
GGACGGTCCATAGACACAGG_015,22
GGACGGTCCATAGACACAGG_016,161
GGACGGTCCATAGACACAGG_017,118
GGACGGTCCATAGACACAGG_018,18
GGACGGTCCATAGACACAGG_019,1
GGACGGTCCATAGACACAGG_020,3
GGACGGTCCATAGACACAGG_021,52
GGACGGTCCATAGACACAGG_022,52
GGTCTTCGTAGTGTCGCTCG_001,58
GGTCTTCGTAGTGTCGCTCG_002,127
CTCATCGTTGTCCTCCCCCG_001,127
CTCATCGTTGTCCTCCCCCG_002,114
CTCATCGTTGTCCTCCCCCG_003,62
CTCATCGTTGTCCTCCCCCG_004,116
CTCATCGTTGTCCTCCCCCG_005,126
CTCATCGTTGTCCTCCCCCG_006,126
CTCATCGTTGTCCTCCCCCG_007,134
CTCATCGTTGTCCTCCCCCG_008,41
CTCATCGTTGTCCTCCCCCG_009,68
CTCATCGTTGTCCTCCCCCG_010,169
CTCATCGTTGTCCTCCCCCG_011,6
CTCATCGTTGTCCTCCCCCG_012,82
CTCATCGTTGTCCTCCCCCG_013,144
CTCATCGTTGTCCTCCCCCG_014,68
CTCATCGTTGTCCTCCCCCG_015,8
CTCATCGTTGTCCTCCCCCG_016,183
CTCATCGTTGTCCTCCCCCG_017,20
CTCATCGTTGTCCTCCCCCG_018,148
CTCATCGTTGTCCTCCCCCG_019,81
CTCATCGTTGTCCTCCCCCG_020,176
TGGGATCTAAACGTCGATCA_001,94
TGGGATCTAAACGTCGATCA_002,176
TGGGATCTAAACGTCGATCA_003,108
TGGGATCTAAACGTCGATCA_004,44
TGGGATCTAAACGTCGATCA_005,139
TGGGATCTAAACGTCGATCA_006,118
TGGGATCTAAACGTCGATCA_007,128
TGGGATCTAAACGTCGATCA_008,17
TGGGATCTAAACGTCGATCA_009,116
AAGTACTCACGTCATGATGT_001,154
AAGTACTCACGTCATGATGT_002,162
GATGAGGCCCGAAACCGGTG_001,39
GATGAGGCCCGAAACCGGTG_002,17
GATGAGGCCCGAAACCGGTG_003,54
GATGAGGCCCGAAACCGGTG_004,107
GATGAGGCCCGAAACCGGTG_005,31
GATGAGGCCCGAAACCGGTG_006,147
GATGAGGCCCGAAACCGGTG_007,141
GATGAGGCCCGAAACCGGTG_008,101
GATGAGGCCCGAAACCGGTG_009,169
GATGAGGCCCGAAACCGGTG_010,10
GATGAGGCCCGAAACCGGTG_011,170
GATGAGGCCCGAAACCGGTG_012,9
GATGAGGCCCGAAACCGGTG_013,163
GCTGGACCTGCAACACAAGT_001,29
GCTGGACCTGCAACACAAGT_002,5
ATGCCTCCTCCACTATCAGT_001,96
ATGCCTCCTCCACTATCAGT_002,159
ATGCCTCCTCCACTATCAGT_003,58
ATGCCTCCTCCACTATCAGT_004,165
ATGCCTCCTCCACTATCAGT_005,113
ATGCCTCCTCCACTATCAGT_006,149
ATGCCTCCTCCACTATCAGT_007,173
ATGCCTCCTCCACTATCAGT_008,157
ATGCCTCCTCCACTATCAGT_009,58
ATGCCTCCTCCACTATCAGT_010,36
ATGCCTCCTCCACTATCAGT_011,69
ATGCCTCCTCCACTATCAGT_012,12
ATGCCTCCTCCACTATCAGT_013,33
ATGCCTCCTCCACTATCAGT_014,38
ATGCCTCCTCCACTATCAGT_015,121
ATGCCTCCTCCACTATCAGT_016,12
ATGCCTCCTCCACTATCAGT_017,1
ATGCCTCCTCCACTATCAGT_018,90
ATGCCTCCTCCACTATCAGT_019,132
TAGCAGTGATCCCAAGAGCC_001,77
TAGCAGTGATCCCAAGAGCC_002,31
AGTTGAATGCTTCCAAACAA_001,110
AGTTGAATGCTTCCAAACAA_002,121
TGTTCTATAGAGCCGCGGTG_001,163
TGTTCTATAGAGCCGCGGTG_002,158
TGTTCTATAGAGCCGCGGTG_003,160
TGTTCTATAGAGCCGCGGTG_004,115
TGTTCTATAGAGCCGCGGTG_005,88
TGTTCTATAGAGCCGCGGTG_006,134
TGTTCTATAGAGCCGCGGTG_007,41
TGTTCTATAGAGCCGCGGTG_008,161
TGTTCTATAGAGCCGCGGTG_009,134
TGTTCTATAGAGCCGCGGTG_010,146
TGTTCTATAGAGCCGCGGTG_011,86
TGTTCTATAGAGCCGCGGTG_012,169
TGTTCTATAGAGCCGCGGTG_013,140
TGTTCTATAGAGCCGCGGTG_014,25
TGTTCTATAGAGCCGCGGTG_015,61
TGTTCTATAGAGCCGCGGTG_016,88
TGTTCTATAGAGCCGCGGTG_017,177
TGTTCTATAGAGCCGCGGTG_018,155
TGTTCTATAGAGCCGCGGTG_019,151
TGTTCTATAGAGCCGCGGTG_020,72
AAGGTAGCGAGCGCGAGCCG_001,62
AAGGTAGCGAGCGCGAGCCG_002,58
AAGGTAGCGAGCGCGAGCCG_003,194
AAGGTAGCGAGCGCGAGCCG_004,105
AAGGTAGCGAGCGCGAGCCG_005,142
AAGGTAGCGAGCGCGAGCCG_006,63
AAGGTAGCGAGCGCGAGCCG_007,175
AAGGTAGCGAGCGCGAGCCG_008,16
AAGGTAGCGAGCGCGAGCCG_009,106
AAGGTAGCGAGCGCGAGCCG_010,112
AAGGTAGCGAGCGCGAGCCG_011,34
AAGGTAGCGAGCGCGAGCCG_012,162
AAGGTAGCGAGCGCGAGCCG_013,157
AAGGTAGCGAGCGCGAGCCG_014,157
AAGGTAGCGAGCGCGAGCCG_015,105
AAGGTAGCGAGCGCGAGCCG_016,34
AAGGTAGCGAGCGCGAGCCG_017,9
AAGGTAGCGAGCGCGAGCCG_018,117
AAGGTAGCGAGCGCGAGCCG_019,68
AAGGTAGCGAGCGCGAGCCG_020,46
AAGGTAGCGAGCGCGAGCCG_021,54
AAGGTAGCGAGCGCGAGCCG_022,34
AAGGTAGCGAGCGCGAGCCG_023,94
AAGGTAGCGAGCGCGAGCCG_024,165
AAGGTAGCGAGCGCGAGCCG_025,103
AAGGTAGCGAGCGCGAGCCG_026,23
AAGGTAGCGAGCGCGAGCCG_027,151
AAGGTAGCGAGCGCGAGCCG_028,80
AAGGTAGCGAGCGCGAGCCG_029,29
GGGCCGCCTTACCGTTGAGC_001,57
CTAAAGATGTAATATTCAAG_001,110
CTAAAGATGTAATATTCAAG_002,98
TATGGCTCTGGCTATGGAAC_001,103
TATGGCTCTGGCTATGGAAC_002,131
TATGGCTCTGGCTATGGAAC_003,199
TATGGCTCTGGCTATGGAAC_004,77
TATGGCTCTGGCTATGGAAC_005,137
TTGGTGATGGGCAGGGCTCA_001,185
TTGGTGATGGGCAGGGCTCA_002,105
TTGGTGATGGGCAGGGCTCA_003,33
TTGGTGATGGGCAGGGCTCA_004,88
TTGGTGATGGGCAGGGCTCA_005,105
TTGGTGATGGGCAGGGCTCA_006,3
TTGGTGATGGGCAGGGCTCA_007,56
TTGGTGATGGGCAGGGCTCA_008,39
TTGGTGATGGGCAGGGCTCA_009,125
TTGGTGATGGGCAGGGCTCA_010,161
TTGGTGATGGGCAGGGCTCA_011,166
TTGGTGATGGGCAGGGCTCA_012,131
TTGGTGATGGGCAGGGCTCA_013,97
TTGGTGATGGGCAGGGCTCA_014,65
TTGGTGATGGGCAGGGCTCA_015,110
TTGGTGATGGGCAGGGCTCA_016,83
TTGGTGATGGGCAGGGCTCA_017,16
TTGGTGATGGGCAGGGCTCA_018,138
TTGGTGATGGGCAGGGCTCA_019,118
TTGGTGATGGGCAGGGCTCA_020,130
TTGGTGATGGGCAGGGCTCA_021,155
TTGGTGATGGGCAGGGCTCA_022,106
TTGGTGATGGGCAGGGCTCA_023,53
GAACATGCCTCGGTTGCGGG_001,9
GAACATGCCTCGGTTGCGGG_002,196
GAACATGCCTCGGTTGCGGG_003,43
GAACATGCCTCGGTTGCGGG_004,83
GAACATGCCTCGGTTGCGGG_005,156
GAACATGCCTCGGTTGCGGG_006,5
GAACATGCCTCGGTTGCGGG_007,62
GAACATGCCTCGGTTGCGGG_008,140
GAACATGCCTCGGTTGCGGG_009,56
GAACATGCCTCGGTTGCGGG_010,133
GAACATGCCTCGGTTGCGGG_011,23
GAACATGCCTCGGTTGCGGG_012,36
GAACATGCCTCGGTTGCGGG_013,48
GAACATGCCTCGGTTGCGGG_014,191
GAACATGCCTCGGTTGCGGG_015,124
GAACATGCCTCGGTTGCGGG_016,106
GAACATGCCTCGGTTGCGGG_017,175
CACAGAAGAACGCCGCCGAG_001,33
CACAGAAGAACGCCGCCGAG_002,4
CACAGAAGAACGCCGCCGAG_003,66
CACAGAAGAACGCCGCCGAG_004,25
CACAGAAGAACGCCGCCGAG_005,190
CACAGAAGAACGCCGCCGAG_006,97
CACAGAAGAACGCCGCCGAG_007,118
CACAGAAGAACGCCGCCGAG_008,125
CGTGCCTAACGTACACGCCG_001,57
CGTGCCTAACGTACACGCCG_002,199
CGTGCCTAACGTACACGCCG_003,40
CGTGCCTAACGTACACGCCG_004,130
CGTGCCTAACGTACACGCCG_005,103
CGTGCCTAACGTACACGCCG_006,74
AGCTCCAGCATTAAGGCCAG_001,18
AGCTCCAGCATTAAGGCCAG_002,58
AGCTCCAGCATTAAGGCCAG_003,77
AGCTCCAGCATTAAGGCCAG_004,62
AGCTCCAGCATTAAGGCCAG_005,112
AGCTCCAGCATTAAGGCCAG_006,102
AGCTCCAGCATTAAGGCCAG_007,69
AGCTCCAGCATTAAGGCCAG_008,103
AGCTCCAGCATTAAGGCCAG_009,8
AGCTCCAGCATTAAGGCCAG_010,179
AAAAGATACTCACCATAGCA_001,166
AAAAGATACTCACCATAGCA_002,125
AAAAGATACTCACCATAGCA_003,115
AAAAGATACTCACCATAGCA_004,113
AAAAGATACTCACCATAGCA_005,76
AATCTGTGGCTTGTCGCACG_001,88
AATCTGTGGCTTGTCGCACG_002,160
AATCTGTGGCTTGTCGCACG_003,103
AATCTGTGGCTTGTCGCACG_004,32
AATCTGTGGCTTGTCGCACG_005,158
AATCTGTGGCTTGTCGCACG_006,39
AATCTGTGGCTTGTCGCACG_007,131
AATCTGTGGCTTGTCGCACG_008,53
AATCTGTGGCTTGTCGCACG_009,1
AATCTGTGGCTTGTCGCACG_010,181
AATCTGTGGCTTGTCGCACG_011,35
AATCTGTGGCTTGTCGCACG_012,13
AATCTGTGGCTTGTCGCACG_013,39
AATCTGTGGCTTGTCGCACG_014,142
AATCTGTGGCTTGTCGCACG_015,130
AATCTGTGGCTTGTCGCACG_016,100
AATCTGTGGCTTGTCGCACG_017,159
ATCCAGCTACGACTGGTACA_001,119
ATCCAGCTACGACTGGTACA_002,162
ATCCAGCTACGACTGGTACA_003,94
ATCCAGCTACGACTGGTACA_004,33
ATCCAGCTACGACTGGTACA_005,64
ATCCAGCTACGACTGGTACA_006,185
ATCCAGCTACGACTGGTACA_007,22
ATCCAGCTACGACTGGTACA_008,76
ATCCAGCTACGACTGGTACA_009,115
ATCCAGCTACGACTGGTACA_010,115
ATCCAGCTACGACTGGTACA_011,174
ATCCAGCTACGACTGGTACA_012,107
ATCCAGCTACGACTGGTACA_013,184
ATCCAGCTACGACTGGTACA_014,199
ATCCAGCTACGACTGGTACA_015,80
ATCCAGCTACGACTGGTACA_016,96
ATCCAGCTACGACTGGTACA_017,179
ATCCAGCTACGACTGGTACA_018,179
ATCCAGCTACGACTGGTACA_019,19
ATCCAGCTACGACTGGTACA_020,60
ATCCAGCTACGACTGGTACA_021,129
GCTTCACTGAATAGCCCTCG_001,8
GCTTCACTGAATAGCCCTCG_002,89
GCTTCACTGAATAGCCCTCG_003,22
TAGGGAGTGTCGTATAGCTG_001,128
TAGGGAGTGTCGTATAGCTG_002,115
TAGGGAGTGTCGTATAGCTG_003,14
TAGGGAGTGTCGTATAGCTG_004,198
TAGGGAGTGTCGTATAGCTG_005,55
TAGGGAGTGTCGTATAGCTG_006,134
TAGGGAGTGTCGTATAGCTG_007,146
TAGGGAGTGTCGTATAGCTG_008,95
TTCACTGCAATGTAATCCTG_001,104
ACTCAGTCCCCATTACAGAG_001,78
ACTCAGTCCCCATTACAGAG_002,94
ACTCAGTCCCCATTACAGAG_003,59
ACTCAGTCCCCATTACAGAG_004,46
ACTCAGTCCCCATTACAGAG_005,30
ACTCAGTCCCCATTACAGAG_006,37
ACTCAGTCCCCATTACAGAG_007,39
AGCTGAATCACTGATAACAA_001,154
AGCTGAATCACTGATAACAA_002,70
AGCTGAATCACTGATAACAA_003,69
AGCTGAATCACTGATAACAA_004,58
AGCTGAATCACTGATAACAA_005,107
AGCTGAATCACTGATAACAA_006,148
AGCTGAATCACTGATAACAA_007,88
CCTTCCCAGCAAACAAGAGG_001,104
CCTTCCCAGCAAACAAGAGG_002,134
CCTTCCCAGCAAACAAGAGG_003,1
CCTTCCCAGCAAACAAGAGG_004,169
CCTTCCCAGCAAACAAGAGG_005,55
CCTTCCCAGCAAACAAGAGG_006,44
CCTTCCCAGCAAACAAGAGG_007,96
CCTTCCCAGCAAACAAGAGG_008,105
CCTTCCCAGCAAACAAGAGG_009,174
CCTTCCCAGCAAACAAGAGG_010,168
CCTTCCCAGCAAACAAGAGG_011,78
CCTTCCCAGCAAACAAGAGG_012,48
CCTTCCCAGCAAACAAGAGG_013,81
CCTTCCCAGCAAACAAGAGG_014,27
CCTTCCCAGCAAACAAGAGG_015,192
GATCAACAATGACAACTGGT_001,12
GATCAACAATGACAACTGGT_002,58
GATCAACAATGACAACTGGT_003,84
GTGGGCGGCAGAAGTACAAG_001,165
GGTCCCCATCAAAAATCTGG_001,185
GGTCCCCATCAAAAATCTGG_002,161
GGTCCCCATCAAAAATCTGG_003,15
GGTCCCCATCAAAAATCTGG_004,117
GGTCCCCATCAAAAATCTGG_005,0
GGTCCCCATCAAAAATCTGG_006,121
GGTCCCCATCAAAAATCTGG_007,112
CCGGACCCTGCAGCGCGTAG_001,145
CCGGACCCTGCAGCGCGTAG_002,28
CCGGACCCTGCAGCGCGTAG_003,63
CCGGACCCTGCAGCGCGTAG_004,63
CCGGACCCTGCAGCGCGTAG_005,167
CCGGACCCTGCAGCGCGTAG_006,144
CCGGACCCTGCAGCGCGTAG_007,62
CCGGACCCTGCAGCGCGTAG_008,147
AGGTAGCGCGCAGAAAGCCA_001,142
GGAGGCTCGGGAAGGCCCAG_001,75
GGAGGCTCGGGAAGGCCCAG_002,119
GGAGGCTCGGGAAGGCCCAG_003,116
GGAGGCTCGGGAAGGCCCAG_004,7
GGAGGCTCGGGAAGGCCCAG_005,146
GGAGGCTCGGGAAGGCCCAG_006,52
GGAGGCTCGGGAAGGCCCAG_007,40
TATACGCAGACTTCAGATCC_001,147
GAGGACGTGTCCAGTTTGAG_001,50
GAGGACGTGTCCAGTTTGAG_002,24
GAGGACGTGTCCAGTTTGAG_003,88
GAGGACGTGTCCAGTTTGAG_004,162
GAGGACGTGTCCAGTTTGAG_005,0
GAGGACGTGTCCAGTTTGAG_006,140
CAGGAAACCGTAGCGCAGGG_001,157
CAGGAAACCGTAGCGCAGGG_002,103
CAGGAAACCGTAGCGCAGGG_003,57
CAGGAAACCGTAGCGCAGGG_004,31
CAGGAAACCGTAGCGCAGGG_005,81
CAGGAAACCGTAGCGCAGGG_006,138
CAGGAAACCGTAGCGCAGGG_007,8
CAGGAAACCGTAGCGCAGGG_008,103
CAGGAAACCGTAGCGCAGGG_009,148
CAGGAAACCGTAGCGCAGGG_010,9
CAGGAAACCGTAGCGCAGGG_011,43
CAGGAAACCGTAGCGCAGGG_012,102
CAGGAAACCGTAGCGCAGGG_013,9
CAGGAAACCGTAGCGCAGGG_014,98
CAGGAAACCGTAGCGCAGGG_015,47
CAGGAAACCGTAGCGCAGGG_016,175
CAGGAAACCGTAGCGCAGGG_017,141
CAGGAAACCGTAGCGCAGGG_018,30
CAGGAAACCGTAGCGCAGGG_019,40
CAGGAAACCGTAGCGCAGGG_020,12
CAGGAAACCGTAGCGCAGGG_021,1
CAGGAAACCGTAGCGCAGGG_022,22
CAAACACAACGGCGAGTCCC_001,63
CAAACACAACGGCGAGTCCC_002,63
CTGCAGATGGGAGTCCACAA_001,199
CTGCAGATGGGAGTCCACAA_002,157
CTGCAGATGGGAGTCCACAA_003,148
CTGCAGATGGGAGTCCACAA_004,93
CTGCAGATGGGAGTCCACAA_005,69
CTGCAGATGGGAGTCCACAA_006,165
CTGCAGATGGGAGTCCACAA_007,160
CTGCAGATGGGAGTCCACAA_008,95
CTGCAGATGGGAGTCCACAA_009,85
CTGCAGATGGGAGTCCACAA_010,81
CTGCAGATGGGAGTCCACAA_011,59
CTGCAGATGGGAGTCCACAA_012,160
CTGCAGATGGGAGTCCACAA_013,28
CTGCAGATGGGAGTCCACAA_014,121
CTGCAGATGGGAGTCCACAA_015,2
CTGCAGATGGGAGTCCACAA_016,46
CTGCAGATGGGAGTCCACAA_017,184
CTGCAGATGGGAGTCCACAA_018,27
CTGCAGATGGGAGTCCACAA_019,105
GAGGTGGCAACAAGTCGAGG_001,43
GAGGTGGCAACAAGTCGAGG_002,133
GAGGTGGCAACAAGTCGAGG_003,145
GAGGTGGCAACAAGTCGAGG_004,28
GAGGTGGCAACAAGTCGAGG_005,70
GAGGTGGCAACAAGTCGAGG_006,199
GAGGTGGCAACAAGTCGAGG_007,0
GAGGTGGCAACAAGTCGAGG_008,0
GAGGTGGCAACAAGTCGAGG_009,33
GCATCAAACATCCCTGTGGT_001,3
GCATCAAACATCCCTGTGGT_002,50
GCATCAAACATCCCTGTGGT_003,65
GCATCAAACATCCCTGTGGT_004,102
GCATCAAACATCCCTGTGGT_005,169
GCTGATAATGATGACAACAG_001,160
GCTGATAATGATGACAACAG_002,58
GGCTGGGCACAGCAACAACG_001,107
GGCTGGGCACAGCAACAACG_002,83
GGCTGGGCACAGCAACAACG_003,6
GGCTGGGCACAGCAACAACG_004,115
GGCTGGGCACAGCAACAACG_005,169
GGCTGGGCACAGCAACAACG_006,141
GGCTGGGCACAGCAACAACG_007,141
GGCTGGGCACAGCAACAACG_008,147
GGCTGGGCACAGCAACAACG_009,101
GGCTGGGCACAGCAACAACG_010,72
GGCTGGGCACAGCAACAACG_011,44
GGCTGGGCACAGCAACAACG_012,11
GGCTGGGCACAGCAACAACG_013,162
GGCTGGGCACAGCAACAACG_014,160
GGCTGGGCACAGCAACAACG_015,169
GGCTGGGCACAGCAACAACG_016,106
GGCTGGGCACAGCAACAACG_017,83
GGCTGGGCACAGCAACAACG_018,125
GGCTGGGCACAGCAACAACG_019,136
GGCTGGGCACAGCAACAACG_020,13
TTCATAGACAACGACCAGAG_001,176
TTCATAGACAACGACCAGAG_002,170
TTCATAGACAACGACCAGAG_003,16
TTCATAGACAACGACCAGAG_004,147
TTCATAGACAACGACCAGAG_005,52
TTCATAGACAACGACCAGAG_006,173
TTCATAGACAACGACCAGAG_007,45
TTCATAGACAACGACCAGAG_008,138
TTCATAGACAACGACCAGAG_009,138
TTCATAGACAACGACCAGAG_010,49
GTCATGCTCGCAGTAGCGGC_001,171
GTCATGCTCGCAGTAGCGGC_002,162
GTCATGCTCGCAGTAGCGGC_003,145
CTGCATGCCGACAAGGCGCG_001,48
CTGCATGCCGACAAGGCGCG_002,113
CTGCATGCCGACAAGGCGCG_003,69
CTGCATGCCGACAAGGCGCG_004,117
CTGCATGCCGACAAGGCGCG_005,140
CTGCATGCCGACAAGGCGCG_006,100
CTGCATGCCGACAAGGCGCG_007,100
CTGCATGCCGACAAGGCGCG_008,119
CTGCATGCCGACAAGGCGCG_009,146
CTGCATGCCGACAAGGCGCG_010,120
CTGCATGCCGACAAGGCGCG_011,113
CTGCATGCCGACAAGGCGCG_012,158
CTGCATGCCGACAAGGCGCG_013,65
CTGCATGCCGACAAGGCGCG_014,65
CTGCATGCCGACAAGGCGCG_015,53
CTGCATGCCGACAAGGCGCG_016,117
CTGCATGCCGACAAGGCGCG_017,145
CTGCATGCCGACAAGGCGCG_018,71
CTGCATGCCGACAAGGCGCG_019,88
CTGCATGCCGACAAGGCGCG_020,78
CTGCATGCCGACAAGGCGCG_021,19
CTGCATGCCGACAAGGCGCG_022,137
CTGCATGCCGACAAGGCGCG_023,62
CTGCATGCCGACAAGGCGCG_024,21
CTGTGGGTGCTGCGGCAACG_001,61
CTGTGGGTGCTGCGGCAACG_002,62
CTGTGGGTGCTGCGGCAACG_003,41
CTGTGGGTGCTGCGGCAACG_004,42
CTGTGGGTGCTGCGGCAACG_005,59
CTGTGGGTGCTGCGGCAACG_006,177
CTGTGGGTGCTGCGGCAACG_007,81
CTGTGGGTGCTGCGGCAACG_008,23
CTGTGGGTGCTGCGGCAACG_009,103
CTGTGGGTGCTGCGGCAACG_010,177
CTGTGGGTGCTGCGGCAACG_011,146
CTGTGGGTGCTGCGGCAACG_012,88
CTGTGGGTGCTGCGGCAACG_013,55
CTGTGGGTGCTGCGGCAACG_014,9
CTGTGGGTGCTGCGGCAACG_015,115
CTGTGGGTGCTGCGGCAACG_016,145
CTGTGGGTGCTGCGGCAACG_017,103
CTGTGGGTGCTGCGGCAACG_018,127
CTGTGGGTGCTGCGGCAACG_019,90
CTGTGGGTGCTGCGGCAACG_020,70
CTGTGGGTGCTGCGGCAACG_021,19
CAAAGCAGACATAAATACAC_001,49
CAAAGCAGACATAAATACAC_002,54
CAAAGCAGACATAAATACAC_003,158
CAAAGCAGACATAAATACAC_004,23
CAAAGCAGACATAAATACAC_005,163
CAAAGCAGACATAAATACAC_006,13
CAAAGCAGACATAAATACAC_007,81
CAAGACTTACACAATCTGAA_001,127
CAAGACTTACACAATCTGAA_002,141
CAAGACTTACACAATCTGAA_003,136
CAAGACTTACACAATCTGAA_004,27
CTGGTGCCAGAACTTCCGAG_001,55
CTGGTGCCAGAACTTCCGAG_002,80
CTGGTGCCAGAACTTCCGAG_003,94
CTGGTGCCAGAACTTCCGAG_004,41
CTGGTGCCAGAACTTCCGAG_005,69
CTGGTGCCAGAACTTCCGAG_006,160
CTGGTGCCAGAACTTCCGAG_007,145
CTGGTGCCAGAACTTCCGAG_008,145
CTGGTGCCAGAACTTCCGAG_009,135
CTGGTGCCAGAACTTCCGAG_010,192
CTGGTGCCAGAACTTCCGAG_011,148
CTGGTGCCAGAACTTCCGAG_012,158
CTGGTGCCAGAACTTCCGAG_013,105
CTGGTGCCAGAACTTCCGAG_014,180
CTGGTGCCAGAACTTCCGAG_015,121
CTGGTGCCAGAACTTCCGAG_016,111
CTGGTGCCAGAACTTCCGAG_017,87
CTGGTGCCAGAACTTCCGAG_018,148
CTGGTGCCAGAACTTCCGAG_019,98
CTGGTGCCAGAACTTCCGAG_020,151
CTGGTGCCAGAACTTCCGAG_021,144
CTGGTGCCAGAACTTCCGAG_022,33
CTGGTGCCAGAACTTCCGAG_023,43
CCAGCACGATGGCTGACTGG_001,78
GAGCAGGCTGAGCGATACGA_001,104
GAGCAGGCTGAGCGATACGA_002,88
GAGCAGGCTGAGCGATACGA_003,150
AGGAGGCCAGCACCACTCGG_001,192
AGGAGGCCAGCACCACTCGG_002,102
AGGAGGCCAGCACCACTCGG_003,146
AGGAGGCCAGCACCACTCGG_004,154
AGGAGGCCAGCACCACTCGG_005,167
AGGAGGCCAGCACCACTCGG_006,91
AGGAGGCCAGCACCACTCGG_007,129
AGGAGGCCAGCACCACTCGG_008,76
AGGAGGCCAGCACCACTCGG_009,117
AGGAGGCCAGCACCACTCGG_010,97
AGGAGGCCAGCACCACTCGG_011,19
AGGAGGCCAGCACCACTCGG_012,49
AGGAGGCCAGCACCACTCGG_013,100
AGGAGGCCAGCACCACTCGG_014,45
AGGAGGCCAGCACCACTCGG_015,144
AGGAGGCCAGCACCACTCGG_016,108
AGGAGGCCAGCACCACTCGG_017,170
AGGAGGCCAGCACCACTCGG_018,70
AGGAGGCCAGCACCACTCGG_019,124
AGGAGGCCAGCACCACTCGG_020,36
AGGAGGCCAGCACCACTCGG_021,17
AGGAGGCCAGCACCACTCGG_022,154
GATATGGCGAGGTTCTACAT_001,160
GATATGGCGAGGTTCTACAT_002,40
GATATGGCGAGGTTCTACAT_003,117
GATATGGCGAGGTTCTACAT_004,171
GATATGGCGAGGTTCTACAT_005,24
GATATGGCGAGGTTCTACAT_006,92
GATATGGCGAGGTTCTACAT_007,184
GATATGGCGAGGTTCTACAT_008,46
GATATGGCGAGGTTCTACAT_009,121
TGCAGCATCCCGAAGCATCG_001,0
TGCAGCATCCCGAAGCATCG_002,8
TGCAGCATCCCGAAGCATCG_003,134
TGCAGCATCCCGAAGCATCG_004,52
TGCAGCATCCCGAAGCATCG_005,22
TGCAGCATCCCGAAGCATCG_006,141
TGCAGCATCCCGAAGCATCG_007,48
TGCAGCATCCCGAAGCATCG_008,182
TGCAGCATCCCGAAGCATCG_009,56
GTAAAGAAGCCCGGTAAACG_001,168
GTAAAGAAGCCCGGTAAACG_002,162
GTAAAGAAGCCCGGTAAACG_003,191
GTAAAGAAGCCCGGTAAACG_004,95
GTAAAGAAGCCCGGTAAACG_005,65
GTAAAGAAGCCCGGTAAACG_006,170
GTAAAGAAGCCCGGTAAACG_007,129
TCCATGTACCCATCATCCGG_001,14
GGAGAAGTAATAAAGCCAGC_001,138
GGAGAAGTAATAAAGCCAGC_002,87
CTTCATTGAGACACGCAGGA_001,15
CTTCATTGAGACACGCAGGA_002,47
CTTCATTGAGACACGCAGGA_003,80
CTTCATTGAGACACGCAGGA_004,106
CTTCATTGAGACACGCAGGA_005,188
CTTCATTGAGACACGCAGGA_006,130
CTTCATTGAGACACGCAGGA_007,14
CTTCATTGAGACACGCAGGA_008,148
CTTCATTGAGACACGCAGGA_009,170
CTTCATTGAGACACGCAGGA_010,77
CTTCATTGAGACACGCAGGA_011,19
CTTCATTGAGACACGCAGGA_012,156
CTTCATTGAGACACGCAGGA_013,160
CTTCATTGAGACACGCAGGA_014,142
CTTCATTGAGACACGCAGGA_015,105
CTTCATTGAGACACGCAGGA_016,77
CTTCATTGAGACACGCAGGA_017,136
CTTCATTGAGACACGCAGGA_018,160
CTTCATTGAGACACGCAGGA_019,119
CTTCATTGAGACACGCAGGA_020,129
CTTCATTGAGACACGCAGGA_021,103
CTTCATTGAGACACGCAGGA_022,158
CTTCATTGAGACACGCAGGA_023,2
CTTCATTGAGACACGCAGGA_024,175
CTTCATTGAGACACGCAGGA_025,15
CTTCATTGAGACACGCAGGA_026,150
CTTCATTGAGACACGCAGGA_027,147
CTTCATTGAGACACGCAGGA_028,4
GCGGTATCCCTTGTATCAAG_001,168
GCGGTATCCCTTGTATCAAG_002,194
GCGGTATCCCTTGTATCAAG_003,178
GCGGTATCCCTTGTATCAAG_004,11
GCGGTATCCCTTGTATCAAG_005,190
GCGGTATCCCTTGTATCAAG_006,65
GCGGTATCCCTTGTATCAAG_007,58
GCGGTATCCCTTGTATCAAG_008,179
GCGGTATCCCTTGTATCAAG_009,18
AAGGCGCTCACTCTCCGTTG_001,11
AAGGCGCTCACTCTCCGTTG_002,61
GCTACGTGCAACTGACGTCG_001,13
GCTACGTGCAACTGACGTCG_002,185
GCTACGTGCAACTGACGTCG_003,179
GCTACGTGCAACTGACGTCG_004,80
TCATTGATGGAAGTTGAGGG_001,39
TCATTGATGGAAGTTGAGGG_002,21
TCATTGATGGAAGTTGAGGG_003,91
TCATTGATGGAAGTTGAGGG_004,56
TCATTGATGGAAGTTGAGGG_005,88
TCATTGATGGAAGTTGAGGG_006,74
TCATTGATGGAAGTTGAGGG_007,13
TCATTGATGGAAGTTGAGGG_008,87
ACAGGAGAATGAAACCCACC_001,53
ACAGGAGAATGAAACCCACC_002,77
ACAGGAGAATGAAACCCACC_003,77
ACTGAAACTTACACTAACTG_001,4
ACTGAAACTTACACTAACTG_002,79
ACTGAAACTTACACTAACTG_003,83
ACTGAAACTTACACTAACTG_004,168
ACTGAAACTTACACTAACTG_005,197
ACTGAAACTTACACTAACTG_006,144
ACTGAAACTTACACTAACTG_007,63
ACTGAAACTTACACTAACTG_008,81
ACTGAAACTTACACTAACTG_009,161
ACTGAAACTTACACTAACTG_010,187
AAGCATCCCCCAAATACTTG_001,134
AAGCATCCCCCAAATACTTG_002,1
AAGCATCCCCCAAATACTTG_003,2
AAGCATCCCCCAAATACTTG_004,181
AAGCATCCCCCAAATACTTG_005,70
AAGCATCCCCCAAATACTTG_006,143
AAGCATCCCCCAAATACTTG_007,57
AAGCATCCCCCAAATACTTG_008,82
AAGCATCCCCCAAATACTTG_009,120
AAGCATCCCCCAAATACTTG_010,37
AAGCATCCCCCAAATACTTG_011,54
AAGCATCCCCCAAATACTTG_012,81
AAGCATCCCCCAAATACTTG_013,12
AAGCATCCCCCAAATACTTG_014,145
AAGCATCCCCCAAATACTTG_015,32
AAGCATCCCCCAAATACTTG_016,36
AAGCATCCCCCAAATACTTG_017,191
AAGCATCCCCCAAATACTTG_018,170
AAGCATCCCCCAAATACTTG_019,108
AAGCATCCCCCAAATACTTG_020,38
AAGCATCCCCCAAATACTTG_021,131
AAGCATCCCCCAAATACTTG_022,183
AAGCATCCCCCAAATACTTG_023,142
AAGCATCCCCCAAATACTTG_024,170
AAGCATCCCCCAAATACTTG_025,68
AAGCATCCCCCAAATACTTG_026,191
AAGCATCCCCCAAATACTTG_027,58
AAGCATCCCCCAAATACTTG_028,77
AAGCATCCCCCAAATACTTG_029,0
AAGCATCCCCCAAATACTTG_030,19
AAGCATCCCCCAAATACTTG_031,57
AAGCATCCCCCAAATACTTG_032,2
TGGGGAGCATCGTCCACTTG_001,174
TGGGGAGCATCGTCCACTTG_002,176
AAGTGAGCATCGAGAGTGGT_001,144
AAGTGAGCATCGAGAGTGGT_002,149
AAGTGAGCATCGAGAGTGGT_003,188
AAGTGAGCATCGAGAGTGGT_004,57
AAGTGAGCATCGAGAGTGGT_005,60
AAGTGAGCATCGAGAGTGGT_006,54
AAGTGAGCATCGAGAGTGGT_007,90
AAGTGAGCATCGAGAGTGGT_008,77
AAGTGAGCATCGAGAGTGGT_009,90
AAGTGAGCATCGAGAGTGGT_010,33
AAGTGAGCATCGAGAGTGGT_011,104
AAGTGAGCATCGAGAGTGGT_012,147
AAGTGAGCATCGAGAGTGGT_013,72
AAGTGAGCATCGAGAGTGGT_014,148
AAGTGAGCATCGAGAGTGGT_015,117
AAGTGAGCATCGAGAGTGGT_016,62
AAGTGAGCATCGAGAGTGGT_017,48
ATCCCTTCCAGACAAACCCG_001,157
ATCCCTTCCAGACAAACCCG_002,82
ATCCCTTCCAGACAAACCCG_003,148
ATCCCTTCCAGACAAACCCG_004,103
ATCCCTTCCAGACAAACCCG_005,24
ATCCCTTCCAGACAAACCCG_006,88
GCCATAGGAGGCTCCTATGG_001,15
GCCATAGGAGGCTCCTATGG_002,158
GACTTCTAAGAGATTGTCAA_001,102
GACTTCTAAGAGATTGTCAA_002,127
GACTTCTAAGAGATTGTCAA_003,60
GACTTCTAAGAGATTGTCAA_004,181
GACTTCTAAGAGATTGTCAA_005,139
GACTTCTAAGAGATTGTCAA_006,121
GACTTCTAAGAGATTGTCAA_007,68
GACTTCTAAGAGATTGTCAA_008,25
GACTTCTAAGAGATTGTCAA_009,105
GACTTCTAAGAGATTGTCAA_010,140
GACTTCTAAGAGATTGTCAA_011,105
GACTTCTAAGAGATTGTCAA_012,172
GACTTCTAAGAGATTGTCAA_013,153
GACTTCTAAGAGATTGTCAA_014,51
TGAAGATGATTAATCAAGAG_001,42
TGAAGATGATTAATCAAGAG_002,158
TGAAGATGATTAATCAAGAG_003,16
GAAATACGACCCCACCATCG_001,137
GAAATACGACCCCACCATCG_002,88
GAAATACGACCCCACCATCG_003,180
GAAATACGACCCCACCATCG_004,160
GAAATACGACCCCACCATCG_005,171
GAAATACGACCCCACCATCG_006,198
GAAATACGACCCCACCATCG_007,130
GAAATACGACCCCACCATCG_008,49
GAAATACGACCCCACCATCG_009,34
GAAATACGACCCCACCATCG_010,169
GAAATACGACCCCACCATCG_011,76
GAAATACGACCCCACCATCG_012,62
GAAATACGACCCCACCATCG_013,141
GAAATACGACCCCACCATCG_014,176
GAAATACGACCCCACCATCG_015,48
GAAATACGACCCCACCATCG_016,145
GAAATACGACCCCACCATCG_017,90
GAAATACGACCCCACCATCG_018,72
GAAATACGACCCCACCATCG_019,58
CTGACCTCATTTCAATGTCG_001,191
CTGACCTCATTTCAATGTCG_002,119
CTGACCTCATTTCAATGTCG_003,137
TAATATTTGGAACAGCAAGG_001,10
TTAATTCGCCTAAGAGAACG_001,124
TTAATTCGCCTAAGAGAACG_002,77
TTAATTCGCCTAAGAGAACG_003,116
AAGTTACTCACCGTAGACTG_001,183
AAGTTACTCACCGTAGACTG_002,61
AAGTTACTCACCGTAGACTG_003,141
AAGTTACTCACCGTAGACTG_004,102
AAGTTACTCACCGTAGACTG_005,3
AAGTTACTCACCGTAGACTG_006,134
ACCCTGTCGAGCCCACAGTG_001,76
ACCCTGTCGAGCCCACAGTG_002,116
ACCCTGTCGAGCCCACAGTG_003,78
ACCCTGTCGAGCCCACAGTG_004,179
ACCCTGTCGAGCCCACAGTG_005,40
ACCCTGTCGAGCCCACAGTG_006,38
ACCCTGTCGAGCCCACAGTG_007,153
ACCCTGTCGAGCCCACAGTG_008,159
ACCCTGTCGAGCCCACAGTG_009,107
ACCCTGTCGAGCCCACAGTG_010,76
ACCCTGTCGAGCCCACAGTG_011,133
ACCCTGTCGAGCCCACAGTG_012,18
ATGAGGACAAAACCATCAGA_001,45
ATGAGGACAAAACCATCAGA_002,157
ATGAGGACAAAACCATCAGA_003,8
ATGAGGACAAAACCATCAGA_004,139
ATGAGGACAAAACCATCAGA_005,105
ATGAGGACAAAACCATCAGA_006,4
ATGAGGACAAAACCATCAGA_007,189
ATGAGGACAAAACCATCAGA_008,2
ATGAGGACAAAACCATCAGA_009,150
ATGAGGACAAAACCATCAGA_010,68
ATGAGGACAAAACCATCAGA_011,160
ATGAGGACAAAACCATCAGA_012,168
CAACAAGGTAGTCTTGTCCG_001,180
CAACAAGGTAGTCTTGTCCG_002,88
CAACAAGGTAGTCTTGTCCG_003,81
CAACAAGGTAGTCTTGTCCG_004,175
CAACAAGGTAGTCTTGTCCG_005,78
CAACAAGGTAGTCTTGTCCG_006,162
CAACAAGGTAGTCTTGTCCG_007,157
AGGTGCAGTTTGGAATAGTG_001,12
AGGTGCAGTTTGGAATAGTG_002,148
AGGTGCAGTTTGGAATAGTG_003,127
AGGTGCAGTTTGGAATAGTG_004,27
AGGTGCAGTTTGGAATAGTG_005,172
AGGTGCAGTTTGGAATAGTG_006,158
AGGTGCAGTTTGGAATAGTG_007,127
AGGTGCAGTTTGGAATAGTG_008,110
AGGTGCAGTTTGGAATAGTG_009,137
AGGTGCAGTTTGGAATAGTG_010,116
AGGTGCAGTTTGGAATAGTG_011,36
AGGTGCAGTTTGGAATAGTG_012,137
AGGTGCAGTTTGGAATAGTG_013,14
AGGTGCAGTTTGGAATAGTG_014,148
AGGTGCAGTTTGGAATAGTG_015,197
AGGTGCAGTTTGGAATAGTG_016,199
AGGTGCAGTTTGGAATAGTG_017,168
AGGTGCAGTTTGGAATAGTG_018,137
GAACAGCTTCTAAGATCGGC_001,53
GAACAGCTTCTAAGATCGGC_002,197
GAACAGCTTCTAAGATCGGC_003,144
GAACAGCTTCTAAGATCGGC_004,169
GAACAGCTTCTAAGATCGGC_005,134
GAACAGCTTCTAAGATCGGC_006,63
GAACAGCTTCTAAGATCGGC_007,167
GAACAGCTTCTAAGATCGGC_008,69
GAACAGCTTCTAAGATCGGC_009,168
GCACGAGCCCTTCTCCAGTG_001,191
GCACGAGCCCTTCTCCAGTG_002,174
GCACGAGCCCTTCTCCAGTG_003,191
GCACGAGCCCTTCTCCAGTG_004,82
GCACGAGCCCTTCTCCAGTG_005,167
GCACGAGCCCTTCTCCAGTG_006,142
GCACGAGCCCTTCTCCAGTG_007,185
GTTGACGCACGGCGTCCACG_001,96
GTTGACGCACGGCGTCCACG_002,169
GTTGACGCACGGCGTCCACG_003,56
GTTGACGCACGGCGTCCACG_004,102
GTTGACGCACGGCGTCCACG_005,9
GGTTGTGCGAAAGCATTGCA_001,158
GGTTGTGCGAAAGCATTGCA_002,47
GGTTGTGCGAAAGCATTGCA_003,11
GGTTGTGCGAAAGCATTGCA_004,51
GGTTGTGCGAAAGCATTGCA_005,147
GGTTGTGCGAAAGCATTGCA_006,177
GGTTGTGCGAAAGCATTGCA_007,181
GGTTGTGCGAAAGCATTGCA_008,105
GGTTGTGCGAAAGCATTGCA_009,19
GGTTGTGCGAAAGCATTGCA_010,19
GGTTGTGCGAAAGCATTGCA_011,94
GGTTGTGCGAAAGCATTGCA_012,97
GGTGACACTTGAACCAGATA_001,60
GGTGACACTTGAACCAGATA_002,141
GGTGACACTTGAACCAGATA_003,166
GGTGACACTTGAACCAGATA_004,179
GGTGACACTTGAACCAGATA_005,72
GGTGACACTTGAACCAGATA_006,156
GGTGACACTTGAACCAGATA_007,10
GGTGACACTTGAACCAGATA_008,144
GGTGACACTTGAACCAGATA_009,40
GGTGACACTTGAACCAGATA_010,34
GTCGCCCTTCCATGGGACAG_001,112
GTCGCCCTTCCATGGGACAG_002,167
GTCGCCCTTCCATGGGACAG_003,167
GTCGCCCTTCCATGGGACAG_004,73
GTCGCCCTTCCATGGGACAG_005,155
GTCGCCCTTCCATGGGACAG_006,40
GTCGCCCTTCCATGGGACAG_007,98
GTCGCCCTTCCATGGGACAG_008,41
GTCGCCCTTCCATGGGACAG_009,139
GTCGCCCTTCCATGGGACAG_010,189
GTCGCCCTTCCATGGGACAG_011,94
GTCGCCCTTCCATGGGACAG_012,107
GTCGCCCTTCCATGGGACAG_013,59
GTCGCCCTTCCATGGGACAG_014,9
GTCGCCCTTCCATGGGACAG_015,56
GTCGCCCTTCCATGGGACAG_016,22
GTCGCCCTTCCATGGGACAG_017,56
CCGATACAAGCACCCGTCTG_001,6
CCGATACAAGCACCCGTCTG_002,26
CCGATACAAGCACCCGTCTG_003,53
CCGATACAAGCACCCGTCTG_004,32
CCGATACAAGCACCCGTCTG_005,153
CCGATACAAGCACCCGTCTG_006,148
CCGATACAAGCACCCGTCTG_007,137
CCGATACAAGCACCCGTCTG_008,160
ATTTGGAATGATGACAAAGT_001,57
ATTTGGAATGATGACAAAGT_002,114
ATTTGGAATGATGACAAAGT_003,182
ATTTGGAATGATGACAAAGT_004,0
CAAGCTCAGAAATTACACTG_001,35
CAAGCTCAGAAATTACACTG_002,120
CAAGCTCAGAAATTACACTG_003,19
CAAGCTCAGAAATTACACTG_004,50
CAAGCTCAGAAATTACACTG_005,160
CAAGCTCAGAAATTACACTG_006,109
GCCAAAGAGACCATGAAAGC_001,102
GCCAAAGAGACCATGAAAGC_002,185
GCCAAAGAGACCATGAAAGC_003,2
GCCAAAGAGACCATGAAAGC_004,133
GCCAAAGAGACCATGAAAGC_005,11
GCCAAAGAGACCATGAAAGC_006,82
GCCAAAGAGACCATGAAAGC_007,22
GCCAAAGAGACCATGAAAGC_008,26
GCCAAAGAGACCATGAAAGC_009,146
GCCAAAGAGACCATGAAAGC_010,146
GCCAAAGAGACCATGAAAGC_011,116
GCCAAAGAGACCATGAAAGC_012,166
GCCAAAGAGACCATGAAAGC_013,126
AGTGGCAAAGAAGATTACAC_001,91
AGTGGCAAAGAAGATTACAC_002,26
AGTGGCAAAGAAGATTACAC_003,176
AGTGGCAAAGAAGATTACAC_004,65
AGTGGCAAAGAAGATTACAC_005,9
AGTGGCAAAGAAGATTACAC_006,118
AGTGGCAAAGAAGATTACAC_007,69
AGTGGCAAAGAAGATTACAC_008,74
AGTGGCAAAGAAGATTACAC_009,102
AGTGGCAAAGAAGATTACAC_010,16
AGTGGCAAAGAAGATTACAC_011,9
AGTGGCAAAGAAGATTACAC_012,34
AGTGGCAAAGAAGATTACAC_013,172
AGTGGCAAAGAAGATTACAC_014,52
AGTGGCAAAGAAGATTACAC_015,8
CAGTGATGGCCATTCCACCA_001,57
CAGTGATGGCCATTCCACCA_002,56
CAGTGATGGCCATTCCACCA_003,41
CAGTGATGGCCATTCCACCA_004,148
TAGTCAAGGTGGCCAACACA_001,24
TAGTCAAGGTGGCCAACACA_002,169
TAGTCAAGGTGGCCAACACA_003,45
TAGTCAAGGTGGCCAACACA_004,68
TAGTCAAGGTGGCCAACACA_005,80
TAGTCAAGGTGGCCAACACA_006,69
TAGTCAAGGTGGCCAACACA_007,148
TAGTCAAGGTGGCCAACACA_008,116
TAGTCAAGGTGGCCAACACA_009,16
TAGTCAAGGTGGCCAACACA_010,140
TAGTCAAGGTGGCCAACACA_011,171
TAGTCAAGGTGGCCAACACA_012,64
TAGTCAAGGTGGCCAACACA_013,115
TAGTCAAGGTGGCCAACACA_014,28
TAGTCAAGGTGGCCAACACA_015,56
TAGTCAAGGTGGCCAACACA_016,105
TAGTCAAGGTGGCCAACACA_017,63
TAGTCAAGGTGGCCAACACA_018,188
TAGTCAAGGTGGCCAACACA_019,45
TAGTCAAGGTGGCCAACACA_020,66
TAGTCAAGGTGGCCAACACA_021,56
TAGTCAAGGTGGCCAACACA_022,82
TCGATGTAGCCAGCAAACAG_001,105
TCGATGTAGCCAGCAAACAG_002,53
TCGATGTAGCCAGCAAACAG_003,83
TCGATGTAGCCAGCAAACAG_004,186
TCGATGTAGCCAGCAAACAG_005,61
TCGATGTAGCCAGCAAACAG_006,186
TCGATGTAGCCAGCAAACAG_007,193
TCGATGTAGCCAGCAAACAG_008,42
TCGATGTAGCCAGCAAACAG_009,174
TCGATGTAGCCAGCAAACAG_010,69
TCGATGTAGCCAGCAAACAG_011,199
TCGATGTAGCCAGCAAACAG_012,137
TCGATGTAGCCAGCAAACAG_013,49
ACATGTCCTGCAGTATCCTG_001,83
ACATGTCCTGCAGTATCCTG_002,77
ACATGTCCTGCAGTATCCTG_003,144
ACATGTCCTGCAGTATCCTG_004,27
ACATGTCCTGCAGTATCCTG_005,98
ACATGTCCTGCAGTATCCTG_006,26
ACATGTCCTGCAGTATCCTG_007,26
ACATGTCCTGCAGTATCCTG_008,169
ACATGTCCTGCAGTATCCTG_009,105
ACATGTCCTGCAGTATCCTG_010,13
ACATGTCCTGCAGTATCCTG_011,12
GCAATGATAACAGAGGTGGT_001,116
GCAATGATAACAGAGGTGGT_002,150
GCAATGATAACAGAGGTGGT_003,62
GCAATGATAACAGAGGTGGT_004,76
GCAATGATAACAGAGGTGGT_005,66
GCAATGATAACAGAGGTGGT_006,41
GCAATGATAACAGAGGTGGT_007,199
GCAATGATAACAGAGGTGGT_008,169
GCAATGATAACAGAGGTGGT_009,152
GCAATGATAACAGAGGTGGT_010,125
TACCCACGCGTATTCCATCT_001,30
TACCCACGCGTATTCCATCT_002,139
TACCCACGCGTATTCCATCT_003,22
TACCCACGCGTATTCCATCT_004,147
CCCCCACTCGGAAGGCAATG_001,115
CCCCCACTCGGAAGGCAATG_002,188
CCCCCACTCGGAAGGCAATG_003,49
CCCCCACTCGGAAGGCAATG_004,157
CCCCCACTCGGAAGGCAATG_005,162
CCCCCACTCGGAAGGCAATG_006,41
CCCCCACTCGGAAGGCAATG_007,103
TGATGGCGAAGGAGCCTACG_001,160
TGATGGCGAAGGAGCCTACG_002,70
TGATGGCGAAGGAGCCTACG_003,137
TGATGGCGAAGGAGCCTACG_004,88
TGATGGCGAAGGAGCCTACG_005,88
TGATGGCGAAGGAGCCTACG_006,98
TGATGGCGAAGGAGCCTACG_007,155
TGATGGCGAAGGAGCCTACG_008,23
TGATGGCGAAGGAGCCTACG_009,41
TGATGGCGAAGGAGCCTACG_010,28
TGTAGAACCACCGTGACTCG_001,136
TGTAGAACCACCGTGACTCG_002,168
TGTAGAACCACCGTGACTCG_003,9
TGTAGAACCACCGTGACTCG_004,175
TGTAGAACCACCGTGACTCG_005,116
TTCTACGCCTGCTTGGCCGG_001,32
TTCTACGCCTGCTTGGCCGG_002,198
TTCTACGCCTGCTTGGCCGG_003,28
TTCTACGCCTGCTTGGCCGG_004,9
TTCTACGCCTGCTTGGCCGG_005,6
TTCTACGCCTGCTTGGCCGG_006,162
CCCACACCGGAATAGTAAGG_001,100
CCCACACCGGAATAGTAAGG_002,77
CCCACACCGGAATAGTAAGG_003,111
CCCACACCGGAATAGTAAGG_004,165
CCCACACCGGAATAGTAAGG_005,175
CCCACACCGGAATAGTAAGG_006,62
TGACGAACACTACTACGGAG_001,97
TGACGAACACTACTACGGAG_002,86
TGACGAACACTACTACGGAG_003,19
TGACGAACACTACTACGGAG_004,147
TGACGAACACTACTACGGAG_005,99
AACACCACCGTACCTTCCCG_001,162
AACACCACCGTACCTTCCCG_002,198
AACACCACCGTACCTTCCCG_003,186
AACACCACCGTACCTTCCCG_004,88
AACACCACCGTACCTTCCCG_005,154
AACACCACCGTACCTTCCCG_006,177
AACACCACCGTACCTTCCCG_007,113
AACACCACCGTACCTTCCCG_008,29
ACCCCGATCATGGTACCAAG_001,176
ACCCCGATCATGGTACCAAG_002,33
ACCCCGATCATGGTACCAAG_003,51
ACCCCGATCATGGTACCAAG_004,15
CAACAGTAAACTCAATTTCT_001,51
CAACAGTAAACTCAATTTCT_002,125
CAACAGTAAACTCAATTTCT_003,103
CAACAGTAAACTCAATTTCT_004,61
CAACAGTAAACTCAATTTCT_005,174
CAACAGTAAACTCAATTTCT_006,16
CAACAGTAAACTCAATTTCT_007,50
CAACAGTAAACTCAATTTCT_008,57
CTATCTCTGCTACAAAAATG_001,8
CTATCTCTGCTACAAAAATG_002,188
CTATCTCTGCTACAAAAATG_003,28
GAGGGTACCGGTAGAACCCG_001,26
GAGGGTACCGGTAGAACCCG_002,104
GAGGGTACCGGTAGAACCCG_003,102
GAGGGTACCGGTAGAACCCG_004,13
GAGGGTACCGGTAGAACCCG_005,15
GAGGGTACCGGTAGAACCCG_006,132
GAGGGTACCGGTAGAACCCG_007,10
GAGGGTACCGGTAGAACCCG_008,94
GAGGGTACCGGTAGAACCCG_009,47
GAGGGTACCGGTAGAACCCG_010,5
GTTTCTGTGATGATCATACA_001,189
GTTTCTGTGATGATCATACA_002,49
GTTTCTGTGATGATCATACA_003,1
GTTTCTGTGATGATCATACA_004,144
ATTGTGCAGACAGATGACTG_001,9
ATTGTGCAGACAGATGACTG_002,199
ATTGTGCAGACAGATGACTG_003,76
ATTGTGCAGACAGATGACTG_004,41
ATTGTGCAGACAGATGACTG_005,43
ATTGTGCAGACAGATGACTG_006,107
ATTGTGCAGACAGATGACTG_007,141
ATTGTGCAGACAGATGACTG_008,149
ATTGTGCAGACAGATGACTG_009,25
ATTGTGCAGACAGATGACTG_010,31
ATTGTGCAGACAGATGACTG_011,47
CTGCTGTTAACCGATCCATG_001,82
CTGCTGTTAACCGATCCATG_002,176
CTGCTGTTAACCGATCCATG_003,3
CTGCTGTTAACCGATCCATG_004,118
CTGCTGTTAACCGATCCATG_005,139
CTGCTGTTAACCGATCCATG_006,42
CTGCTGTTAACCGATCCATG_007,62
CTGCTGTTAACCGATCCATG_008,77
CTGCTGTTAACCGATCCATG_009,180
CTGCTGTTAACCGATCCATG_010,192
CTGCTGTTAACCGATCCATG_011,127
CTGCTGTTAACCGATCCATG_012,69
CTGCTGTTAACCGATCCATG_013,74
CTGCTGTTAACCGATCCATG_014,167
CTGCTGTTAACCGATCCATG_015,192
CTGCTGTTAACCGATCCATG_016,155
CTGCTGTTAACCGATCCATG_017,127
CTGCTGTTAACCGATCCATG_018,57
CTGCTGTTAACCGATCCATG_019,112
CTGCTGTTAACCGATCCATG_020,6
CTGCTGTTAACCGATCCATG_021,50
CTGCTGTTAACCGATCCATG_022,5
CTGCTGTTAACCGATCCATG_023,94
CTGCTGTTAACCGATCCATG_024,158
CTGCTGTTAACCGATCCATG_025,67
CTGCTGTTAACCGATCCATG_026,11
CTGCTGTTAACCGATCCATG_027,177
CTGCTGTTAACCGATCCATG_028,74
CTGCTGTTAACCGATCCATG_029,104
CATCGGCGATGTGTGCAACT_001,78
CATCGGCGATGTGTGCAACT_002,143
CATCGGCGATGTGTGCAACT_003,183
CATCGGCGATGTGTGCAACT_004,166
CATCGGCGATGTGTGCAACT_005,155
CATCGGCGATGTGTGCAACT_006,124
TCTTCCAGTTCGGGTCATAG_001,102
TCTTCCAGTTCGGGTCATAG_002,94
TCTTCCAGTTCGGGTCATAG_003,130
TCTTCCAGTTCGGGTCATAG_004,72
TCTTCCAGTTCGGGTCATAG_005,48
TCTTCCAGTTCGGGTCATAG_006,113
TCTTCCAGTTCGGGTCATAG_007,194
TCTTCCAGTTCGGGTCATAG_008,62
TCTTCCAGTTCGGGTCATAG_009,58
CCACCCGCCACGCCCGAGCA_001,68
CCACCCGCCACGCCCGAGCA_002,31
CCACCCGCCACGCCCGAGCA_003,105
CCACCCGCCACGCCCGAGCA_004,169
CCACCCGCCACGCCCGAGCA_005,125
CCACCCGCCACGCCCGAGCA_006,95
CCACCCGCCACGCCCGAGCA_007,50
CCACCCGCCACGCCCGAGCA_008,12
CCACCCGCCACGCCCGAGCA_009,70
CCACCCGCCACGCCCGAGCA_010,29
CCACCCGCCACGCCCGAGCA_011,127
CCACCCGCCACGCCCGAGCA_012,106
CCACCCGCCACGCCCGAGCA_013,97
CCACCCGCCACGCCCGAGCA_014,97
TCATAAATGTAGTCCGGACA_001,190
TCATAAATGTAGTCCGGACA_002,162
TCATAAATGTAGTCCGGACA_003,14
TCATAAATGTAGTCCGGACA_004,31
TCATAAATGTAGTCCGGACA_005,34
TCATAAATGTAGTCCGGACA_006,135
GATACCTAAAGTGGAGTGGT_001,127
GATACCTAAAGTGGAGTGGT_002,84
GATACCTAAAGTGGAGTGGT_003,108
TAGTCTTGGAAGTTCTGAGG_001,58
GGACGGCTTCCTACCTAACA_001,61
GGACGGCTTCCTACCTAACA_002,8
GGACGGCTTCCTACCTAACA_003,16
GGACGGCTTCCTACCTAACA_004,19
GGACGGCTTCCTACCTAACA_005,153
GGACGGCTTCCTACCTAACA_006,1
AGGATGTGTCCACTGAACGT_001,52
AGGATGTGTCCACTGAACGT_002,9
AGGATGTGTCCACTGAACGT_003,157
AGGATGTGTCCACTGAACGT_004,184
AGGATGTGTCCACTGAACGT_005,146
AGGATGTGTCCACTGAACGT_006,88
AGGATGTGTCCACTGAACGT_007,102
AGGATGTGTCCACTGAACGT_008,148
AGGATGTGTCCACTGAACGT_009,16
AGGATGTGTCCACTGAACGT_010,149
AGGATGTGTCCACTGAACGT_011,15
AGGATGTGTCCACTGAACGT_012,185
AGGATGTGTCCACTGAACGT_013,179
AGGATGTGTCCACTGAACGT_014,134
AGGATGTGTCCACTGAACGT_015,102
AGGATGTGTCCACTGAACGT_016,48
AGGATGTGTCCACTGAACGT_017,33
AGGATGTGTCCACTGAACGT_018,149
AGGATGTGTCCACTGAACGT_019,120
AGGATGTGTCCACTGAACGT_020,107
AGTTCCTGCGCACCTATGCA_001,130
AGTTCCTGCGCACCTATGCA_002,96
AGTTCCTGCGCACCTATGCA_003,178
AGTTCCTGCGCACCTATGCA_004,97
AGTTCCTGCGCACCTATGCA_005,86
AGTTCCTGCGCACCTATGCA_006,7
AGTTCCTGCGCACCTATGCA_007,17
AGTTCCTGCGCACCTATGCA_008,9
AGTTCCTGCGCACCTATGCA_009,76
AGTTCCTGCGCACCTATGCA_010,116
AGTTCCTGCGCACCTATGCA_011,184
AGTTCCTGCGCACCTATGCA_012,148
AGTTCCTGCGCACCTATGCA_013,190
AGTTCCTGCGCACCTATGCA_014,74
AGTTCCTGCGCACCTATGCA_015,127
AGTTCCTGCGCACCTATGCA_016,128
AGTTCCTGCGCACCTATGCA_017,22
AGTTCCTGCGCACCTATGCA_018,119
AGTTCCTGCGCACCTATGCA_019,44
AGTTCCTGCGCACCTATGCA_020,18
AGTTCCTGCGCACCTATGCA_021,165
AGTTCCTGCGCACCTATGCA_022,57
AGTTCCTGCGCACCTATGCA_023,105
AGTTCCTGCGCACCTATGCA_024,96
GTATCCACCCCTACAACAGT_001,50
GTATCCACCCCTACAACAGT_002,48
GTATCCACCCCTACAACAGT_003,160
GTATCCACCCCTACAACAGT_004,30
GTATCCACCCCTACAACAGT_005,37
GTATCCACCCCTACAACAGT_006,191
GTATCCACCCCTACAACAGT_007,82
GTATCCACCCCTACAACAGT_008,142
GTATCCACCCCTACAACAGT_009,32
GTATCCACCCCTACAACAGT_010,144
GTATCCACCCCTACAACAGT_011,70
GTATCCACCCCTACAACAGT_012,41
GTATCCACCCCTACAACAGT_013,6
GTATCCACCCCTACAACAGT_014,93
GTATCCACCCCTACAACAGT_015,10
GTATCCACCCCTACAACAGT_016,18
TATACCTAGCTTCAGGACAT_001,168
TATACCTAGCTTCAGGACAT_002,94
TATACCTAGCTTCAGGACAT_003,166
CCAGACTCTCCGCTTCAAGG_001,199
CCAGACTCTCCGCTTCAAGG_002,77
CCAGACTCTCCGCTTCAAGG_003,113
CCAGACTCTCCGCTTCAAGG_004,83
CCAGACTCTCCGCTTCAAGG_005,10
CCAGACTCTCCGCTTCAAGG_006,180
CCAGACTCTCCGCTTCAAGG_007,49
AAGAACCCAATAGCATGAGT_001,121
AAGAACCCAATAGCATGAGT_002,151
AAGAACCCAATAGCATGAGT_003,23
AAGAACCCAATAGCATGAGT_004,118
AAGAACCCAATAGCATGAGT_005,25
AAGAACCCAATAGCATGAGT_006,29
AAGAACCCAATAGCATGAGT_007,117
ACTATAACAGAGGCTTGCGA_001,191
ATGAACACCTTTCCGGACAC_001,136
ATGAACACCTTTCCGGACAC_002,176
ATGAACACCTTTCCGGACAC_003,125
ATGAACACCTTTCCGGACAC_004,125
ATGAACACCTTTCCGGACAC_005,44
ATGAACACCTTTCCGGACAC_006,45
ATGAACACCTTTCCGGACAC_007,162
ATGAACACCTTTCCGGACAC_008,62
ATGAACACCTTTCCGGACAC_009,165
ATGAACACCTTTCCGGACAC_010,52
ATGAACACCTTTCCGGACAC_011,108
ATGAACACCTTTCCGGACAC_012,117
ATGAACACCTTTCCGGACAC_013,62
ATGAACACCTTTCCGGACAC_014,18
ATGAACACCTTTCCGGACAC_015,4
ATGAACACCTTTCCGGACAC_016,52
ATGAACACCTTTCCGGACAC_017,183
GGCCACAAAAGAAACTGGCA_001,130
GGCCACAAAAGAAACTGGCA_002,148
GGCCACAAAAGAAACTGGCA_003,10
GGCCACAAAAGAAACTGGCA_004,88
GGCCACAAAAGAAACTGGCA_005,147
GGCCACAAAAGAAACTGGCA_006,83
GGCCACAAAAGAAACTGGCA_007,60
GGCCACAAAAGAAACTGGCA_008,199
GGCCACAAAAGAAACTGGCA_009,174
GGCCACAAAAGAAACTGGCA_010,185
GGCCACAAAAGAAACTGGCA_011,89
GGCCACAAAAGAAACTGGCA_012,105
GGCCACAAAAGAAACTGGCA_013,185
GGCCACAAAAGAAACTGGCA_014,107
GGCCACAAAAGAAACTGGCA_015,179
GGCCACAAAAGAAACTGGCA_016,51
GAAGGAAGACTTCTATACCG_001,177
GAAGGAAGACTTCTATACCG_002,182
GAGGCCCGAGAGATGCCGTG_001,15
GAGGCCCGAGAGATGCCGTG_002,105
GAGGCCCGAGAGATGCCGTG_003,27
GAGGCCCGAGAGATGCCGTG_004,40
GAGGCCCGAGAGATGCCGTG_005,94
GAGGCCCGAGAGATGCCGTG_006,8
GAGGCCCGAGAGATGCCGTG_007,78
GAGGCCCGAGAGATGCCGTG_008,50
GAGGCCCGAGAGATGCCGTG_009,185
GAGGCCCGAGAGATGCCGTG_010,70
GAGGCCCGAGAGATGCCGTG_011,16
GAGGCCCGAGAGATGCCGTG_012,158
GAGGCCCGAGAGATGCCGTG_013,50
GAGGCCCGAGAGATGCCGTG_014,62
GAGGCCCGAGAGATGCCGTG_015,78
GGTCAATGATGTGCCCCGCG_001,152
GGTCAATGATGTGCCCCGCG_002,114
GGTCAATGATGTGCCCCGCG_003,177
GGTCAATGATGTGCCCCGCG_004,31
TGAACTATACAACTTTCATG_001,76
TGAACTATACAACTTTCATG_002,28
TGAACTATACAACTTTCATG_003,147
TGAAGATCTCAAAGTAGCTG_001,8
TGAAGATCTCAAAGTAGCTG_002,7
TGAAGATCTCAAAGTAGCTG_003,147
TGAAGATCTCAAAGTAGCTG_004,29
ATTCCTCCTTCATCTCAGTG_001,5
ATTCCTCCTTCATCTCAGTG_002,56
ATTCCTCCTTCATCTCAGTG_003,71
ATTCCTCCTTCATCTCAGTG_004,174
ATTCCTCCTTCATCTCAGTG_005,2
ATTCCTCCTTCATCTCAGTG_006,2
ATTCCTCCTTCATCTCAGTG_007,23
ATTCCTCCTTCATCTCAGTG_008,82
ATTCCTCCTTCATCTCAGTG_009,2
ATTCCTCCTTCATCTCAGTG_010,82
ATTCCTCCTTCATCTCAGTG_011,147
ATTCCTCCTTCATCTCAGTG_012,99
ATTCCTCCTTCATCTCAGTG_013,66
ATTCCTCCTTCATCTCAGTG_014,60
ATTCCTCCTTCATCTCAGTG_015,187
ATTCCTCCTTCATCTCAGTG_016,119
ATTCCTCCTTCATCTCAGTG_017,82
ATTCCTCCTTCATCTCAGTG_018,19
ATTCCTCCTTCATCTCAGTG_019,199
CGCCGGCACATAGGAGGGGT_001,142
CGCCGGCACATAGGAGGGGT_002,194
CGCCGGCACATAGGAGGGGT_003,29
CGCCGGCACATAGGAGGGGT_004,144
CGCCGGCACATAGGAGGGGT_005,74
CGCCGGCACATAGGAGGGGT_006,107
CGCCGGCACATAGGAGGGGT_007,177
CGCCGGCACATAGGAGGGGT_008,43
CGCCGGCACATAGGAGGGGT_009,99
CGCCGGCACATAGGAGGGGT_010,164
CGCCGGCACATAGGAGGGGT_011,43
CGCCGGCACATAGGAGGGGT_012,180
TGGACGACCCTACAGACACA_001,98
TGGACGACCCTACAGACACA_002,192
TGGACGACCCTACAGACACA_003,109
TGGACGACCCTACAGACACA_004,58
TGGACGACCCTACAGACACA_005,101
TGGACGACCCTACAGACACA_006,43
TGGACGACCCTACAGACACA_007,188
TGGACGACCCTACAGACACA_008,118
TGGACGACCCTACAGACACA_009,1
TGGACGACCCTACAGACACA_010,160
TGGACGACCCTACAGACACA_011,18
TGGACGACCCTACAGACACA_012,137
AAACTAACTTACCAAATACA_001,5
AAACTAACTTACCAAATACA_002,171
AAACTAACTTACCAAATACA_003,22
AAACTAACTTACCAAATACA_004,185
AAACTAACTTACCAAATACA_005,111
AAACTAACTTACCAAATACA_006,104
TGGATTGCCAAATGTTGGGT_001,48
TGGATTGCCAAATGTTGGGT_002,48
TGGATTGCCAAATGTTGGGT_003,162
TGGATTGCCAAATGTTGGGT_004,162
TGGATTGCCAAATGTTGGGT_005,183
TGGATTGCCAAATGTTGGGT_006,57
TGGATTGCCAAATGTTGGGT_007,173
TGGATTGCCAAATGTTGGGT_008,5
TGGATTGCCAAATGTTGGGT_009,66
TGGATTGCCAAATGTTGGGT_010,66
CAGTTGGAAAAGTACCAGCA_001,60
CAGTTGGAAAAGTACCAGCA_002,6
CAGTTGGAAAAGTACCAGCA_003,105
CAGTTGGAAAAGTACCAGCA_004,65
CAGTTGGAAAAGTACCAGCA_005,100
CAGTTGGAAAAGTACCAGCA_006,192
TGGGAATTCCTCGGCCGATT_001,114
TGGGAATTCCTCGGCCGATT_002,81
TGGGAATTCCTCGGCCGATT_003,19
TGGGAATTCCTCGGCCGATT_004,79
TGGGAATTCCTCGGCCGATT_005,137
TGGGAATTCCTCGGCCGATT_006,28
GCTTCTCTGAGAGATAGCCT_001,161
GCTTCTCTGAGAGATAGCCT_002,161
GCTTCTCTGAGAGATAGCCT_003,145
GCTTCTCTGAGAGATAGCCT_004,148
GCTTCTCTGAGAGATAGCCT_005,194
GCTTCTCTGAGAGATAGCCT_006,92
GCTTCTCTGAGAGATAGCCT_007,3
TCCGCAGAGACAAAGATCGT_001,146
TCCGCAGAGACAAAGATCGT_002,76
ACTAACCAGACCAACCCCTG_001,89
ACTAACCAGACCAACCCCTG_002,150
ACTAACCAGACCAACCCCTG_003,38
ACTAACCAGACCAACCCCTG_004,78
ACTAACCAGACCAACCCCTG_005,43
ACTAACCAGACCAACCCCTG_006,9
ACTAACCAGACCAACCCCTG_007,166
ACTAACCAGACCAACCCCTG_008,119
ACTAACCAGACCAACCCCTG_009,149
ACTAACCAGACCAACCCCTG_010,11
ACTAACCAGACCAACCCCTG_011,158
ACTAACCAGACCAACCCCTG_012,154
ACTAACCAGACCAACCCCTG_013,174
ACTAACCAGACCAACCCCTG_014,168
ACTAACCAGACCAACCCCTG_015,153
ACTAACCAGACCAACCCCTG_016,33
ACTAACCAGACCAACCCCTG_017,165
ACTAACCAGACCAACCCCTG_018,42
ACTAACCAGACCAACCCCTG_019,84
ACTAACCAGACCAACCCCTG_020,172
ACTAACCAGACCAACCCCTG_021,150
ACTAACCAGACCAACCCCTG_022,76
ACTAACCAGACCAACCCCTG_023,8
ACTAACCAGACCAACCCCTG_024,19
ACTAACCAGACCAACCCCTG_025,48
ACTAACCAGACCAACCCCTG_026,175
ACTAACCAGACCAACCCCTG_027,144
ACTAACCAGACCAACCCCTG_028,28
ACTAACCAGACCAACCCCTG_029,37
ACTAACCAGACCAACCCCTG_030,103
ACTAACCAGACCAACCCCTG_031,1
ACTAACCAGACCAACCCCTG_032,56
ACTAACCAGACCAACCCCTG_033,66
ACTAACCAGACCAACCCCTG_034,37
ACTAACCAGACCAACCCCTG_035,145
ACTAACCAGACCAACCCCTG_036,40
ACTAACCAGACCAACCCCTG_037,173
ACTAACCAGACCAACCCCTG_038,173
ACTAACCAGACCAACCCCTG_039,186
ACTAACCAGACCAACCCCTG_040,132
ACTAACCAGACCAACCCCTG_041,107
ACTAACCAGACCAACCCCTG_042,56
ACTAACCAGACCAACCCCTG_043,36
ACTAACCAGACCAACCCCTG_044,194
AGACCACAGAGTTAATGACT_001,144
AGACCACAGAGTTAATGACT_002,50
AGACCACAGAGTTAATGACT_003,172
AGACCACAGAGTTAATGACT_004,41
AGACCACAGAGTTAATGACT_005,104
AGACCACAGAGTTAATGACT_006,131
AGACCACAGAGTTAATGACT_007,17
AGACCACAGAGTTAATGACT_008,105
CGGCGCGCCAGTGTACCTGG_001,130
CGGCGCGCCAGTGTACCTGG_002,110
CGGCGCGCCAGTGTACCTGG_003,130
CGGCGCGCCAGTGTACCTGG_004,170
CGGCGCGCCAGTGTACCTGG_005,166
CGGCGCGCCAGTGTACCTGG_006,63
CGGCGCGCCAGTGTACCTGG_007,103
CGGCGCGCCAGTGTACCTGG_008,148
CGGCGCGCCAGTGTACCTGG_009,182
CGGCGCGCCAGTGTACCTGG_010,106
AGCCCAAGTGTATTAAGTAG_001,172
GGGCTCGGAAGTAGTCACTG_001,188
GGGCTCGGAAGTAGTCACTG_002,182
GGGCTCGGAAGTAGTCACTG_003,198
GGGCTCGGAAGTAGTCACTG_004,193
GGGCTCGGAAGTAGTCACTG_005,65
GGGCTCGGAAGTAGTCACTG_006,138
GGGCTCGGAAGTAGTCACTG_007,159
GGGCTCGGAAGTAGTCACTG_008,197
GGGCTCGGAAGTAGTCACTG_009,1
GGGCTCGGAAGTAGTCACTG_010,28
GGGCTCGGAAGTAGTCACTG_011,5
GGGCTCGGAAGTAGTCACTG_012,48
GGGCTCGGAAGTAGTCACTG_013,138
GGGCTCGGAAGTAGTCACTG_014,15
GGGCTCGGAAGTAGTCACTG_015,138
AATCTCCACTCGATCTCAGT_001,161
AATCTCCACTCGATCTCAGT_002,140
AATCTCCACTCGATCTCAGT_003,60
AATCTCCACTCGATCTCAGT_004,1
AATCTCCACTCGATCTCAGT_005,162
AATCTCCACTCGATCTCAGT_006,44
AATCTCCACTCGATCTCAGT_007,127
AATCTCCACTCGATCTCAGT_008,103
GTCTTCTCGACATGTGTGTG_001,108
GTCTTCTCGACATGTGTGTG_002,147
GTCTTCTCGACATGTGTGTG_003,17
GTCTTCTCGACATGTGTGTG_004,4
GTCTTCTCGACATGTGTGTG_005,196
GTCTTCTCGACATGTGTGTG_006,196
GTCTTCTCGACATGTGTGTG_007,15
GTCTTCTCGACATGTGTGTG_008,199
GTCTTCTCGACATGTGTGTG_009,138
GTCTTCTCGACATGTGTGTG_010,81
GTCTTCTCGACATGTGTGTG_011,56
GTCTTCTCGACATGTGTGTG_012,137
GTCTTCTCGACATGTGTGTG_013,175
GTCTTCTCGACATGTGTGTG_014,124
GTCTTCTCGACATGTGTGTG_015,35
GAATCAGGATTCCACTGACG_001,29
GAATCAGGATTCCACTGACG_002,56
GAATCAGGATTCCACTGACG_003,140
CCCACAGGAGGATTACGTGG_001,35
CCCACAGGAGGATTACGTGG_002,151
CCCACAGGAGGATTACGTGG_003,134
CCCACAGGAGGATTACGTGG_004,6
GAATCTCAATGAGCTACATG_001,191
GAATCTCAATGAGCTACATG_002,118
GAATCTCAATGAGCTACATG_003,104
GAATCTCAATGAGCTACATG_004,156
GAATCTCAATGAGCTACATG_005,148
TGCAAATTCGTACTCCGATG_001,150
TGCAAATTCGTACTCCGATG_002,85
TGCAAATTCGTACTCCGATG_003,63
AGTATCCACATGCCATTCTT_001,147
AGTATCCACATGCCATTCTT_002,63
AGTATCCACATGCCATTCTT_003,104
AGTATCCACATGCCATTCTT_004,169
AGTATCCACATGCCATTCTT_005,28
AGTATCCACATGCCATTCTT_006,10
GCGGAATCAGCAAACAACTT_001,76
CGTACACCGGGATGCGCGTG_001,61
CGTACACCGGGATGCGCGTG_002,84
CGTACACCGGGATGCGCGTG_003,118
TGGAAGGGGCGATCGCACAG_001,98
TGGAAGGGGCGATCGCACAG_002,43
TGGAAGGGGCGATCGCACAG_003,166
TGGAAGGGGCGATCGCACAG_004,138
CGCGGGCTAACAGTCCGCTG_001,106
CGCGGGCTAACAGTCCGCTG_002,56
AGACCCGGCCACGCTCAGTG_001,63
AGACCCGGCCACGCTCAGTG_002,115
AGACCCGGCCACGCTCAGTG_003,126
AGACCCGGCCACGCTCAGTG_004,127
AGACCCGGCCACGCTCAGTG_005,105
AGACCCGGCCACGCTCAGTG_006,4
AGACCCGGCCACGCTCAGTG_007,32
AGACCCGGCCACGCTCAGTG_008,105
AGACCCGGCCACGCTCAGTG_009,8
AGACCCGGCCACGCTCAGTG_010,56
AGACCCGGCCACGCTCAGTG_011,179
AGACCCGGCCACGCTCAGTG_012,169
AGACCCGGCCACGCTCAGTG_013,119
AGACCCGGCCACGCTCAGTG_014,113
AGACCCGGCCACGCTCAGTG_015,182
AGACCCGGCCACGCTCAGTG_016,186
AGACCCGGCCACGCTCAGTG_017,192
AGACCCGGCCACGCTCAGTG_018,70
AGACCCGGCCACGCTCAGTG_019,80
AGACCCGGCCACGCTCAGTG_020,17
AGACCCGGCCACGCTCAGTG_021,63
AGACCCGGCCACGCTCAGTG_022,131
AGACCCGGCCACGCTCAGTG_023,33
AGACCCGGCCACGCTCAGTG_024,14
GAGGACGACGACGACGTGGT_001,29
GAGGACGACGACGACGTGGT_002,83
GAGGACGACGACGACGTGGT_003,34
GAGGACGACGACGACGTGGT_004,188
GAGGACGACGACGACGTGGT_005,120
GAGGACGACGACGACGTGGT_006,160
GAGGACGACGACGACGTGGT_007,130
GAGGACGACGACGACGTGGT_008,17
GAGGACGACGACGACGTGGT_009,127
GAGGACGACGACGACGTGGT_010,149
GAGGACGACGACGACGTGGT_011,62
GAGGACGACGACGACGTGGT_012,64
GAGGACGACGACGACGTGGT_013,193
GAGGACGACGACGACGTGGT_014,147
GAGGACGACGACGACGTGGT_015,28
GAGGACGACGACGACGTGGT_016,69
TCACCATCTTCCACGCACTG_001,83
TCACCATCTTCCACGCACTG_002,3
TCACCATCTTCCACGCACTG_003,3
TCACCATCTTCCACGCACTG_004,28
TCACCATCTTCCACGCACTG_005,28
TCACCATCTTCCACGCACTG_006,3
TTATGAATGAAGAAAGGACG_001,116
TTATGAATGAAGAAAGGACG_002,65
TTATGAATGAAGAAAGGACG_003,165
TTATGAATGAAGAAAGGACG_004,48
TTATGAATGAAGAAAGGACG_005,166
TTATGAATGAAGAAAGGACG_006,56
TTGAGCTGAGCAAAGCTGAC_001,103
TTGAGCTGAGCAAAGCTGAC_002,102
TTGAGCTGAGCAAAGCTGAC_003,12
TTGAGCTGAGCAAAGCTGAC_004,148
TTGAGCTGAGCAAAGCTGAC_005,17
TTGAGCTGAGCAAAGCTGAC_006,127
TTGAGCTGAGCAAAGCTGAC_007,6
TTGAGCTGAGCAAAGCTGAC_008,129
TTGAGCTGAGCAAAGCTGAC_009,174
TTGAGCTGAGCAAAGCTGAC_010,166
TTGAGCTGAGCAAAGCTGAC_011,43
TTGAGCTGAGCAAAGCTGAC_012,23
TTGAGCTGAGCAAAGCTGAC_013,24
TTGAGCTGAGCAAAGCTGAC_014,68
TTGAGCTGAGCAAAGCTGAC_015,150
TTGAGCTGAGCAAAGCTGAC_016,48
TTGAGCTGAGCAAAGCTGAC_017,116
TTGAGCTGAGCAAAGCTGAC_018,86
TTGAGCTGAGCAAAGCTGAC_019,144
TTGAGCTGAGCAAAGCTGAC_020,161
TTGAGCTGAGCAAAGCTGAC_021,1
TTGAGCTGAGCAAAGCTGAC_022,198
TTGAGCTGAGCAAAGCTGAC_023,190
TTGAGCTGAGCAAAGCTGAC_024,94
TTGAGCTGAGCAAAGCTGAC_025,50
TTGAGCTGAGCAAAGCTGAC_026,184
TTGAGCTGAGCAAAGCTGAC_027,81
TTGAGCTGAGCAAAGCTGAC_028,145
TTGAGCTGAGCAAAGCTGAC_029,190
TTGAGCTGAGCAAAGCTGAC_030,31
TTGAGCTGAGCAAAGCTGAC_031,129
TTGAGCTGAGCAAAGCTGAC_032,169
TTGAGCTGAGCAAAGCTGAC_033,16
TTGAGCTGAGCAAAGCTGAC_034,81
TTGAGCTGAGCAAAGCTGAC_035,118
TTGAGCTGAGCAAAGCTGAC_036,107
TTGAGCTGAGCAAAGCTGAC_037,17
TTGAGCTGAGCAAAGCTGAC_038,72
TTGAGCTGAGCAAAGCTGAC_039,27
TTGAGCTGAGCAAAGCTGAC_040,178
TTGAGCTGAGCAAAGCTGAC_041,178
TTGAGCTGAGCAAAGCTGAC_042,106
TTGAGCTGAGCAAAGCTGAC_043,121
TTGAGCTGAGCAAAGCTGAC_044,42
ACACCTGGATGACCGCACGC_001,60
ACACCTGGATGACCGCACGC_002,58
ACACCTGGATGACCGCACGC_003,140
ACACCTGGATGACCGCACGC_004,28
ACACCTGGATGACCGCACGC_005,160
ACACCTGGATGACCGCACGC_006,105
ACACCTGGATGACCGCACGC_007,72
ACACCTGGATGACCGCACGC_008,29
ACACCTGGATGACCGCACGC_009,68
ACACCTGGATGACCGCACGC_010,68
ACACCTGGATGACCGCACGC_011,173
ACACCTGGATGACCGCACGC_012,173
ACACCTGGATGACCGCACGC_013,131
ACACCTGGATGACCGCACGC_014,44
ACACCTGGATGACCGCACGC_015,188
ACACCTGGATGACCGCACGC_016,51
ACACCTGGATGACCGCACGC_017,83
ACACCTGGATGACCGCACGC_018,190
ACACCTGGATGACCGCACGC_019,131
ACACCTGGATGACCGCACGC_020,81
ACACCTGGATGACCGCACGC_021,17
ACACCTGGATGACCGCACGC_022,108
ACACCTGGATGACCGCACGC_023,144
ACACCTGGATGACCGCACGC_024,6
ACACCTGGATGACCGCACGC_025,52
ACACCTGGATGACCGCACGC_026,58
ACACCTGGATGACCGCACGC_027,158
ACACCTGGATGACCGCACGC_028,14
ACACCTGGATGACCGCACGC_029,52
CAGCACCACCATTTCTAAGG_001,12
CAGCACCACCATTTCTAAGG_002,166
CAGCACCACCATTTCTAAGG_003,175
CAGCACCACCATTTCTAAGG_004,161
CAGCACCACCATTTCTAAGG_005,108
CAGCACCACCATTTCTAAGG_006,111
CAGCACCACCATTTCTAAGG_007,182
CCACCACAGATAGGTTCAGG_001,62
CCACCACAGATAGGTTCAGG_002,162
CCACCACAGATAGGTTCAGG_003,182
CCACCACAGATAGGTTCAGG_004,173
ACAAACACAAAAGAACCCCA_001,146
ACAAACACAAAAGAACCCCA_002,181
ACAAACACAAAAGAACCCCA_003,170
ACAAACACAAAAGAACCCCA_004,127
ACAAACACAAAAGAACCCCA_005,119
ACAAACACAAAAGAACCCCA_006,56
ACAAACACAAAAGAACCCCA_007,38
ACAAACACAAAAGAACCCCA_008,198
ACAAACACAAAAGAACCCCA_009,175
ACAAACACAAAAGAACCCCA_010,58
ACAAACACAAAAGAACCCCA_011,28
ACAAACACAAAAGAACCCCA_012,59
ACAAACACAAAAGAACCCCA_013,70
ACAAACACAAAAGAACCCCA_014,2
ACAAACACAAAAGAACCCCA_015,29
ACAAACACAAAAGAACCCCA_016,101
ACAAACACAAAAGAACCCCA_017,12
ACAAACACAAAAGAACCCCA_018,102
ACAAACACAAAAGAACCCCA_019,104
ACAAACACAAAAGAACCCCA_020,158
ACAAACACAAAAGAACCCCA_021,94
GCTTGCCAACCGTATTAAGG_001,129
GCTTGCCAACCGTATTAAGG_002,159
GCTTGCCAACCGTATTAAGG_003,119
GCTTGCCAACCGTATTAAGG_004,127
GCTTGCCAACCGTATTAAGG_005,50
GCTTGCCAACCGTATTAAGG_006,118
TGAGAGTAGACAGATAACAC_001,60
TGAGAGTAGACAGATAACAC_002,181
CAGCTTTGCCGGAATTAGAG_001,58
CAGCTTTGCCGGAATTAGAG_002,2
CAGCTTTGCCGGAATTAGAG_003,56
CAGCTTTGCCGGAATTAGAG_004,19
CAGCTTTGCCGGAATTAGAG_005,67
CTTTCTCCTACACGGCACCG_001,5
CTTTCTCCTACACGGCACCG_002,16
CTTTCTCCTACACGGCACCG_003,63
CTTTCTCCTACACGGCACCG_004,70
CTTTCTCCTACACGGCACCG_005,50
CTTTCTCCTACACGGCACCG_006,172
CTTTCTCCTACACGGCACCG_007,104
AATGGTGAACACAGAAATCG_001,136
GAGACACATTGAGCACGCGT_001,176
GAGACACATTGAGCACGCGT_002,154
GAGACACATTGAGCACGCGT_003,12
GAGACACATTGAGCACGCGT_004,67
GAGACACATTGAGCACGCGT_005,133
TCTTACTCAGACAAGACAGG_001,94
TCTTACTCAGACAAGACAGG_002,58
TCTTACTCAGACAAGACAGG_003,31
TCTTACTCAGACAAGACAGG_004,61
TCTTACTCAGACAAGACAGG_005,168
TCTTACTCAGACAAGACAGG_006,107
TCTTACTCAGACAAGACAGG_007,141
TCTTACTCAGACAAGACAGG_008,166
TCTTACTCAGACAAGACAGG_009,62
TCTTACTCAGACAAGACAGG_010,18
TCTTACTCAGACAAGACAGG_011,74
TCTTACTCAGACAAGACAGG_012,105
TCTTACTCAGACAAGACAGG_013,77
TCTTACTCAGACAAGACAGG_014,144
TCTTACTCAGACAAGACAGG_015,149
TCTTACTCAGACAAGACAGG_016,119
TCTTACTCAGACAAGACAGG_017,49
TCTTACTCAGACAAGACAGG_018,164
TCTTACTCAGACAAGACAGG_019,164
TCTTACTCAGACAAGACAGG_020,188
CAGATCTTGGGCTTGCCGTG_001,134
CAGATCTTGGGCTTGCCGTG_002,107
CAGATCTTGGGCTTGCCGTG_003,15
CAGATCTTGGGCTTGCCGTG_004,127
CAGATCTTGGGCTTGCCGTG_005,136
CAGATCTTGGGCTTGCCGTG_006,78
CAGATCTTGGGCTTGCCGTG_007,94
CAGATCTTGGGCTTGCCGTG_008,105
CAGATCTTGGGCTTGCCGTG_009,162
CAGATCTTGGGCTTGCCGTG_010,82
CAGATCTTGGGCTTGCCGTG_011,192
CAGATCTTGGGCTTGCCGTG_012,194
CAGATCTTGGGCTTGCCGTG_013,150
CAGATCTTGGGCTTGCCGTG_014,119
CAGATCTTGGGCTTGCCGTG_015,47
CAGATCTTGGGCTTGCCGTG_016,199
AAGACGACGCAAGTGGAACC_001,145
AAGACGACGCAAGTGGAACC_002,136
AAGACGACGCAAGTGGAACC_003,94
AAGACGACGCAAGTGGAACC_004,4
AAGACGACGCAAGTGGAACC_005,50
AACCGCAGTGAAGCCACATG_001,65
AACCGCAGTGAAGCCACATG_002,118
AACCGCAGTGAAGCCACATG_003,152
AACCGCAGTGAAGCCACATG_004,21
AACCGCAGTGAAGCCACATG_005,15
AACCGCAGTGAAGCCACATG_006,123
AACCGCAGTGAAGCCACATG_007,55
AACCGCAGTGAAGCCACATG_008,114
AACCGCAGTGAAGCCACATG_009,114
AACCGCAGTGAAGCCACATG_010,58
AACCGCAGTGAAGCCACATG_011,58
AACCGCAGTGAAGCCACATG_012,45
AACCGCAGTGAAGCCACATG_013,150
AACCGCAGTGAAGCCACATG_014,146
AACCGCAGTGAAGCCACATG_015,15
AACCGCAGTGAAGCCACATG_016,150
AACCGCAGTGAAGCCACATG_017,76
AACCGCAGTGAAGCCACATG_018,184
AACCGCAGTGAAGCCACATG_019,2
AACCGCAGTGAAGCCACATG_020,183
AACCGCAGTGAAGCCACATG_021,40
AACCGCAGTGAAGCCACATG_022,32
AACCGCAGTGAAGCCACATG_023,78
AACCGCAGTGAAGCCACATG_024,153
AACCGCAGTGAAGCCACATG_025,127
AACCGCAGTGAAGCCACATG_026,145
AACCGCAGTGAAGCCACATG_027,151
AACCGCAGTGAAGCCACATG_028,53
AACCGCAGTGAAGCCACATG_029,63
AACCGCAGTGAAGCCACATG_030,188
AACCGCAGTGAAGCCACATG_031,49
AACCGCAGTGAAGCCACATG_032,19
AACCGCAGTGAAGCCACATG_033,6
AACCGCAGTGAAGCCACATG_034,117
AACCGCAGTGAAGCCACATG_035,115
AACCGCAGTGAAGCCACATG_036,115
AACCGCAGTGAAGCCACATG_037,62
AACCGCAGTGAAGCCACATG_038,113
AACCGCAGTGAAGCCACATG_039,24
AACCGCAGTGAAGCCACATG_040,77
AACCGCAGTGAAGCCACATG_041,105
AACCGCAGTGAAGCCACATG_042,136
AACCGCAGTGAAGCCACATG_043,12
AACCGCAGTGAAGCCACATG_044,21
AACCGCAGTGAAGCCACATG_045,17
AACCGCAGTGAAGCCACATG_046,130
CTTTGAACTCGTTGACGCTG_001,96
CTTTGAACTCGTTGACGCTG_002,50
CTTTGAACTCGTTGACGCTG_003,166
CTTTGAACTCGTTGACGCTG_004,194
CTTTGAACTCGTTGACGCTG_005,19
CTTTGAACTCGTTGACGCTG_006,107
CACCTGTGATCCGTATGTGA_001,63
CACCTGTGATCCGTATGTGA_002,63
CACCTGTGATCCGTATGTGA_003,127
CACCTGTGATCCGTATGTGA_004,27
CACCTGTGATCCGTATGTGA_005,113
CACCTGTGATCCGTATGTGA_006,41
CACCTGTGATCCGTATGTGA_007,41
CACCTGTGATCCGTATGTGA_008,61
CACCTGTGATCCGTATGTGA_009,33
CACCTGTGATCCGTATGTGA_010,98
CACCTGTGATCCGTATGTGA_011,117
CACCTGTGATCCGTATGTGA_012,118
CACCTGTGATCCGTATGTGA_013,7
CACCTGTGATCCGTATGTGA_014,30
CACCTGTGATCCGTATGTGA_015,175
CACCTGTGATCCGTATGTGA_016,181
CACCTGTGATCCGTATGTGA_017,24
ATCCTGCCAATCCAACCACG_001,164
ATCCTGCCAATCCAACCACG_002,114
ATCCTGCCAATCCAACCACG_003,171
ATCCTGCCAATCCAACCACG_004,165
ATCCTGCCAATCCAACCACG_005,115
CACAGAAGAGCCGAGTAAGG_001,146
CACAGAAGAGCCGAGTAAGG_002,41
CACAGAAGAGCCGAGTAAGG_003,154
CACAGAAGAGCCGAGTAAGG_004,160
CACAGAAGAGCCGAGTAAGG_005,146
CACAGAAGAGCCGAGTAAGG_006,49
CACAGAAGAGCCGAGTAAGG_007,49
CACAGAAGAGCCGAGTAAGG_008,8
CACAGAAGAGCCGAGTAAGG_009,134
CACAGAAGAGCCGAGTAAGG_010,134
CACAGAAGAGCCGAGTAAGG_011,78
CACAGAAGAGCCGAGTAAGG_012,77
CACAGAAGAGCCGAGTAAGG_013,91
CACAGAAGAGCCGAGTAAGG_014,94
CACAGAAGAGCCGAGTAAGG_015,141
CACAGAAGAGCCGAGTAAGG_016,10
CACAGAAGAGCCGAGTAAGG_017,169
CACAGAAGAGCCGAGTAAGG_018,199
CACAGAAGAGCCGAGTAAGG_019,75
AGATTCACAAGACGGAACTG_001,48
AGATTCACAAGACGGAACTG_002,130
AGATTCACAAGACGGAACTG_003,158
AGATTCACAAGACGGAACTG_004,65
AGATTCACAAGACGGAACTG_005,121
AGATTCACAAGACGGAACTG_006,82
AGATTCACAAGACGGAACTG_007,20
AGATTCACAAGACGGAACTG_008,41
AGATTCACAAGACGGAACTG_009,84
AGATTCACAAGACGGAACTG_010,118
AGATTCACAAGACGGAACTG_011,141
AGATTCACAAGACGGAACTG_012,141
AGATTCACAAGACGGAACTG_013,137
AGATTCACAAGACGGAACTG_014,49
AGATTCACAAGACGGAACTG_015,5
AGATTCACAAGACGGAACTG_016,126
AGATTCACAAGACGGAACTG_017,45
AGATTCACAAGACGGAACTG_018,197
AGATTCACAAGACGGAACTG_019,43
AGATTCACAAGACGGAACTG_020,103
AGATTCACAAGACGGAACTG_021,62
AGATTCACAAGACGGAACTG_022,136
AGATTCACAAGACGGAACTG_023,56
AGATTCACAAGACGGAACTG_024,38
ATCTGCACGGATGACTTGAT_001,134
ATCTGCACGGATGACTTGAT_002,13
ATCTGCACGGATGACTTGAT_003,147
ATCTGCACGGATGACTTGAT_004,13
ATCTGCACGGATGACTTGAT_005,65
ATCTGCACGGATGACTTGAT_006,161
ATCTGCACGGATGACTTGAT_007,14
ATCTGCACGGATGACTTGAT_008,12
TCAAAGCATTCTGCAAAGCA_001,76
TCAAAGCATTCTGCAAAGCA_002,56
TCAAAGCATTCTGCAAAGCA_003,147
CCGCCAGCATAGCACAAGCC_001,112
GCAAGTCGTAAACATCGTCT_001,119
GCAAGTCGTAAACATCGTCT_002,88
GCAAGTCGTAAACATCGTCT_003,82
CTTGTTAATGCAGATGGCCA_001,24
CTTGTTAATGCAGATGGCCA_002,12
CTTGTTAATGCAGATGGCCA_003,6
CTTGTTAATGCAGATGGCCA_004,97
CTTGTTAATGCAGATGGCCA_005,84
CTTGTTAATGCAGATGGCCA_006,107
CTTGTTAATGCAGATGGCCA_007,91
CTTGTTAATGCAGATGGCCA_008,143
CTTGTTAATGCAGATGGCCA_009,15
CTTGTTAATGCAGATGGCCA_010,94
CTTGTTAATGCAGATGGCCA_011,70
CTTGTTAATGCAGATGGCCA_012,188
CTTGTTAATGCAGATGGCCA_013,144
CTTGTTAATGCAGATGGCCA_014,69
GACTTCTATAATGTATAGTG_001,56
GACTTCTATAATGTATAGTG_002,185
GAGTCGCAGAGTATCGAATG_001,113
GAGTCGCAGAGTATCGAATG_002,199
GAGTCGCAGAGTATCGAATG_003,152
GAGTCGCAGAGTATCGAATG_004,139
GAGTCGCAGAGTATCGAATG_005,179
GAGTCGCAGAGTATCGAATG_006,62
GAGTCGCAGAGTATCGAATG_007,190
GAGTCGCAGAGTATCGAATG_008,185
GAGTCGCAGAGTATCGAATG_009,27
GAGTCGCAGAGTATCGAATG_010,174
AGGCACAGGAGTTAACCAAG_001,6
AGGCACAGGAGTTAACCAAG_002,169
AGGCACAGGAGTTAACCAAG_003,106
AGGCACAGGAGTTAACCAAG_004,65
AGGCACAGGAGTTAACCAAG_005,160
AGGCACAGGAGTTAACCAAG_006,35
AGGCACAGGAGTTAACCAAG_007,27
AGGCACAGGAGTTAACCAAG_008,110
AGGCACAGGAGTTAACCAAG_009,193
AGGCACAGGAGTTAACCAAG_010,110
AGGCACAGGAGTTAACCAAG_011,48
AGGCACAGGAGTTAACCAAG_012,121
AGGCACAGGAGTTAACCAAG_013,13
AGGCACAGGAGTTAACCAAG_014,186
AGGCACAGGAGTTAACCAAG_015,45
AGGCACAGGAGTTAACCAAG_016,114
AGGCACAGGAGTTAACCAAG_017,194
AGGCACAGGAGTTAACCAAG_018,174
AGGCACAGGAGTTAACCAAG_019,55
AGGCACAGGAGTTAACCAAG_020,28
CCTGCCAGGCTGCGACAACG_001,124
CCTGCCAGGCTGCGACAACG_002,188
CCTGCCAGGCTGCGACAACG_003,48
CCTGCCAGGCTGCGACAACG_004,121
CCTGCCAGGCTGCGACAACG_005,83
CCTGCCAGGCTGCGACAACG_006,179
CCTGCCAGGCTGCGACAACG_007,58
CCTGCCAGGCTGCGACAACG_008,35
CCTGCCAGGCTGCGACAACG_009,52
CCTGCCAGGCTGCGACAACG_010,136
CCTGCCAGGCTGCGACAACG_011,145
CCTGCCAGGCTGCGACAACG_012,61
CTGGAGCCCACGATCTTCTG_001,142
CTGGAGCCCACGATCTTCTG_002,38
CTGGAGCCCACGATCTTCTG_003,177
CTGGAGCCCACGATCTTCTG_004,12
CTGGAGCCCACGATCTTCTG_005,58
CTGGAGCCCACGATCTTCTG_006,17
TCCAGTCACGCATGACAACC_001,9
TCCAGTCACGCATGACAACC_002,184
TCCAGTCACGCATGACAACC_003,12
TCCAGTCACGCATGACAACC_004,112
CCCTTTGCTCTCGTACCTGG_001,11
CCCTTTGCTCTCGTACCTGG_002,70
CCCTTTGCTCTCGTACCTGG_003,130
GGGTGCTGGGAAGACCAACG_001,150
GGGTGCTGGGAAGACCAACG_002,157
GTCGCTGACAGTCACGACGC_001,15
GTCGCTGACAGTCACGACGC_002,16
GTCGCTGACAGTCACGACGC_003,110
GTCGCTGACAGTCACGACGC_004,159
GTCGCTGACAGTCACGACGC_005,70
GTCGCTGACAGTCACGACGC_006,26
GTCGCTGACAGTCACGACGC_007,20
GTCGCTGACAGTCACGACGC_008,98
GTCGCTGACAGTCACGACGC_009,157
AGGAGTCAAGCAGACTGCTG_001,96
AGGAGTCAAGCAGACTGCTG_002,24
AGGAGTCAAGCAGACTGCTG_003,134
AGGAGTCAAGCAGACTGCTG_004,27
AGGAGTCAAGCAGACTGCTG_005,111
AGGAGTCAAGCAGACTGCTG_006,27
AGGAGTCAAGCAGACTGCTG_007,149
AGGAGTCAAGCAGACTGCTG_008,70
AGGAGTCAAGCAGACTGCTG_009,88
AGGAGTCAAGCAGACTGCTG_010,12
AGGAGTCAAGCAGACTGCTG_011,58
AGGAGTCAAGCAGACTGCTG_012,1
AGGAGTCAAGCAGACTGCTG_013,162
AGGAGTCAAGCAGACTGCTG_014,54
AGGAGTCAAGCAGACTGCTG_015,2
AGGAGTCAAGCAGACTGCTG_016,113
AGGAGTCAAGCAGACTGCTG_017,91
AGGAGTCAAGCAGACTGCTG_018,173
AGGAGTCAAGCAGACTGCTG_019,26
AGGAGTCAAGCAGACTGCTG_020,103
AGGAGTCAAGCAGACTGCTG_021,44
AGGAGTCAAGCAGACTGCTG_022,0
AGGAGTCAAGCAGACTGCTG_023,40
AGGAGTCAAGCAGACTGCTG_024,57
AGGAGTCAAGCAGACTGCTG_025,40
AGGAGTCAAGCAGACTGCTG_026,102
AGGAGTCAAGCAGACTGCTG_027,91
AGGAGTCAAGCAGACTGCTG_028,147
AGGAGTCAAGCAGACTGCTG_029,61
AGGAGTCAAGCAGACTGCTG_030,176
ATGTGCGGGTATACCCGGAG_001,143
ATGTGCGGGTATACCCGGAG_002,198
ATGTGCGGGTATACCCGGAG_003,105
GCGCTTTGCCAGAACTAAAG_001,25
GCGCTTTGCCAGAACTAAAG_002,113
GCGCTTTGCCAGAACTAAAG_003,148
GCGCTTTGCCAGAACTAAAG_004,98
GCGCTTTGCCAGAACTAAAG_005,105
GCGCTTTGCCAGAACTAAAG_006,100
GCGCTTTGCCAGAACTAAAG_007,106
AGGGAGAACGCTTGAGACCA_001,20
AGGGAGAACGCTTGAGACCA_002,162
AGGGAGAACGCTTGAGACCA_003,133
AGGGAGAACGCTTGAGACCA_004,137
AGGGAGAACGCTTGAGACCA_005,17
AGGGAGAACGCTTGAGACCA_006,165
AGGGAGAACGCTTGAGACCA_007,94
AGGGAGAACGCTTGAGACCA_008,77
AGGGAGAACGCTTGAGACCA_009,193
AGGGAGAACGCTTGAGACCA_010,50
AGGGAGAACGCTTGAGACCA_011,147
AGGGAGAACGCTTGAGACCA_012,96
AGGGAGAACGCTTGAGACCA_013,90
AGGGAGAACGCTTGAGACCA_014,78
AGGGAGAACGCTTGAGACCA_015,22
AGGGAGAACGCTTGAGACCA_016,103
AGGGAGAACGCTTGAGACCA_017,192
AGGGAGAACGCTTGAGACCA_018,93
AGGGAGAACGCTTGAGACCA_019,87
AGGGAGAACGCTTGAGACCA_020,87
AGGGAGAACGCTTGAGACCA_021,60
AGGGAGAACGCTTGAGACCA_022,11
AGGGAGAACGCTTGAGACCA_023,17
AGGGAGAACGCTTGAGACCA_024,84
AGGGAGAACGCTTGAGACCA_025,16
AGGGAGAACGCTTGAGACCA_026,8
AGGGAGAACGCTTGAGACCA_027,138
AGGGAGAACGCTTGAGACCA_028,126
AGGGAGAACGCTTGAGACCA_029,158
AGGGAGAACGCTTGAGACCA_030,142
AGGGAGAACGCTTGAGACCA_031,52
GAGATGGCAGCTACTCGACG_001,121
GAGATGGCAGCTACTCGACG_002,127
GAGATGGCAGCTACTCGACG_003,15
GAGATGGCAGCTACTCGACG_004,154
GAGATGGCAGCTACTCGACG_005,134
GAGATGGCAGCTACTCGACG_006,105
GAGATGGCAGCTACTCGACG_007,58
GAGATGGCAGCTACTCGACG_008,41
GAGATGGCAGCTACTCGACG_009,54
GAGATGGCAGCTACTCGACG_010,168
CAAAAGTAAAAATGCCTGCG_001,199
CAAAAGTAAAAATGCCTGCG_002,144
CAAAAGTAAAAATGCCTGCG_003,12
CAAAAGTAAAAATGCCTGCG_004,88
CAAAAGTAAAAATGCCTGCG_005,184
CAAAAGTAAAAATGCCTGCG_006,2
CAAAAGTAAAAATGCCTGCG_007,186
CAAAAGTAAAAATGCCTGCG_008,196
CAAAAGTAAAAATGCCTGCG_009,163
CAAAAGTAAAAATGCCTGCG_010,167
CAAAAGTAAAAATGCCTGCG_011,150
TACCGGTTCTGAGCATAGGA_001,38
TACCGGTTCTGAGCATAGGA_002,151
TACCGGTTCTGAGCATAGGA_003,7
TACCGGTTCTGAGCATAGGA_004,60
TACCGGTTCTGAGCATAGGA_005,162
TACCGGTTCTGAGCATAGGA_006,174
TACCGGTTCTGAGCATAGGA_007,7
TACCGGTTCTGAGCATAGGA_008,103
ACAAAGCACACACATCAGGT_001,192
ACCAGCAAAGGTGATTGCAG_001,58
ACCAGCAAAGGTGATTGCAG_002,172
ACCAGCAAAGGTGATTGCAG_003,137
ACCAGCAAAGGTGATTGCAG_004,89
ACCAGCAAAGGTGATTGCAG_005,155
ACCAGCAAAGGTGATTGCAG_006,9
ACCAGCAAAGGTGATTGCAG_007,182
ACCAGCAAAGGTGATTGCAG_008,15
ACCAGCAAAGGTGATTGCAG_009,25
ACCAGCAAAGGTGATTGCAG_010,69
ACCAGCAAAGGTGATTGCAG_011,152
ACCAGCAAAGGTGATTGCAG_012,32
ACCAGCAAAGGTGATTGCAG_013,62
ACCAGCAAAGGTGATTGCAG_014,69
ACCAGCAAAGGTGATTGCAG_015,141
ACCAGCAAAGGTGATTGCAG_016,170
ACCAGCAAAGGTGATTGCAG_017,96
ACCAGCAAAGGTGATTGCAG_018,130
ATGTGACAATCCACTTGAGA_001,100
ATGTGACAATCCACTTGAGA_002,30
ATGTGACAATCCACTTGAGA_003,33
ATGTGACAATCCACTTGAGA_004,133
ATGTGACAATCCACTTGAGA_005,48
CATCTCAACGTAGAAATCGG_001,41
CATCTCAACGTAGAAATCGG_002,198
CATCTCAACGTAGAAATCGG_003,10
CATCTCAACGTAGAAATCGG_004,58
CATCTCAACGTAGAAATCGG_005,191
CATCTCAACGTAGAAATCGG_006,98
CATCTCAACGTAGAAATCGG_007,62
CATCTCAACGTAGAAATCGG_008,72
CATCTCAACGTAGAAATCGG_009,50
CATCTCAACGTAGAAATCGG_010,81
CATCTCAACGTAGAAATCGG_011,183
CATCTCAACGTAGAAATCGG_012,84
CATCTCAACGTAGAAATCGG_013,88
CATCTCAACGTAGAAATCGG_014,103
CATCTCAACGTAGAAATCGG_015,63
CATCTCAACGTAGAAATCGG_016,50
CATCTCAACGTAGAAATCGG_017,148
GCCCCCGCGGCACATCCCCG_001,175
GCCCCCGCGGCACATCCCCG_002,101
GCCCCCGCGGCACATCCCCG_003,106
GCCCCCGCGGCACATCCCCG_004,154
GCCCCCGCGGCACATCCCCG_005,6
GCCCCCGCGGCACATCCCCG_006,105
GCCCCCGCGGCACATCCCCG_007,147
GCCCCCGCGGCACATCCCCG_008,9
GCCCCCGCGGCACATCCCCG_009,88
GCCCCCGCGGCACATCCCCG_010,102
GCCCCCGCGGCACATCCCCG_011,99
GCCCCCGCGGCACATCCCCG_012,62
GCCCCCGCGGCACATCCCCG_013,94
GCCCCCGCGGCACATCCCCG_014,175
GCCCCCGCGGCACATCCCCG_015,106
GCCCCCGCGGCACATCCCCG_016,44
GCCCCCGCGGCACATCCCCG_017,83
GCCCCCGCGGCACATCCCCG_018,9
GCCCCCGCGGCACATCCCCG_019,44
GCCCCCGCGGCACATCCCCG_020,193
GCCCCCGCGGCACATCCCCG_021,17
GCCCCCGCGGCACATCCCCG_022,190
GCCCCCGCGGCACATCCCCG_023,35
GCCCCCGCGGCACATCCCCG_024,55
GCCCCCGCGGCACATCCCCG_025,101
GCCCCCGCGGCACATCCCCG_026,96
GCCCCCGCGGCACATCCCCG_027,8
GCCCCCGCGGCACATCCCCG_028,184
GCCCCCGCGGCACATCCCCG_029,177
GCCCCCGCGGCACATCCCCG_030,145
GCCCCCGCGGCACATCCCCG_031,142
GCCCCCGCGGCACATCCCCG_032,142
GCCCCCGCGGCACATCCCCG_033,0
GCCCCCGCGGCACATCCCCG_034,28
GCCCCCGCGGCACATCCCCG_035,117
GCCCCCGCGGCACATCCCCG_036,61
GTCACCCAGTGATGCCCGAG_001,95
GTCACCCAGTGATGCCCGAG_002,17
GTCACCCAGTGATGCCCGAG_003,50
GTCACCCAGTGATGCCCGAG_004,130
GTCACCCAGTGATGCCCGAG_005,177
GTCACCCAGTGATGCCCGAG_006,160
GTCACCCAGTGATGCCCGAG_007,174
GTCACCCAGTGATGCCCGAG_008,137
GTCACCCAGTGATGCCCGAG_009,41
GTCACCCAGTGATGCCCGAG_010,43
GTCACCCAGTGATGCCCGAG_011,30
GTCACCCAGTGATGCCCGAG_012,120
GTCACCCAGTGATGCCCGAG_013,111
GTCACCCAGTGATGCCCGAG_014,118
GTCACCCAGTGATGCCCGAG_015,91
GTCACCCAGTGATGCCCGAG_016,56
GTCACCCAGTGATGCCCGAG_017,79
TCCTGAATGTGGGATACTAT_001,28
TCCTGAATGTGGGATACTAT_002,78
TCCTGAATGTGGGATACTAT_003,22
TCCTGAATGTGGGATACTAT_004,137
TCCTGAATGTGGGATACTAT_005,114
AGCTTTGCCTGCATCAACGG_001,6
AGCTTTGCCTGCATCAACGG_002,82
AGCTTTGCCTGCATCAACGG_003,52
AGCTTTGCCTGCATCAACGG_004,80
GGCAGCTACAGAGCTCGCGG_001,118
GGCAGCTACAGAGCTCGCGG_002,95
GGCAGCTACAGAGCTCGCGG_003,110
GGCAGCTACAGAGCTCGCGG_004,127
CTGATCGAGAATATAGACCC_001,25
GAGGGAACGGAAGTGCAGCA_001,5
GAGGGAACGGAAGTGCAGCA_002,8
GAGGGAACGGAAGTGCAGCA_003,183
GAGGGAACGGAAGTGCAGCA_004,35
GAGGGAACGGAAGTGCAGCA_005,121
GAGGGAACGGAAGTGCAGCA_006,92
GAGGGAACGGAAGTGCAGCA_007,137
GAGGGAACGGAAGTGCAGCA_008,166
GAGGGAACGGAAGTGCAGCA_009,51
GAGGGAACGGAAGTGCAGCA_010,98
GAGGGAACGGAAGTGCAGCA_011,4
CCTGCCCCCCAGGTGATCGG_001,8
CCTGCCCCCCAGGTGATCGG_002,11
CCTGCCCCCCAGGTGATCGG_003,184
CCTGCCCCCCAGGTGATCGG_004,177
CCTGCCCCCCAGGTGATCGG_005,172
CCTGCCCCCCAGGTGATCGG_006,69
CCTGCCCCCCAGGTGATCGG_007,69
CCTGCCCCCCAGGTGATCGG_008,16
CCTGCCCCCCAGGTGATCGG_009,0
CCTGCCCCCCAGGTGATCGG_010,118
CCTGCCCCCCAGGTGATCGG_011,126
CCTGCCCCCCAGGTGATCGG_012,48
CCTGCCCCCCAGGTGATCGG_013,162
CCTGCCCCCCAGGTGATCGG_014,175
CCTGCCCCCCAGGTGATCGG_015,175
CCTGCCCCCCAGGTGATCGG_016,83
CCTGCCCCCCAGGTGATCGG_017,97
CCTGCCCCCCAGGTGATCGG_018,80
CCTGCCCCCCAGGTGATCGG_019,184
CCTGCCCCCCAGGTGATCGG_020,40
CCTGCCCCCCAGGTGATCGG_021,110
CCTGCCCCCCAGGTGATCGG_022,148
CCTGCCCCCCAGGTGATCGG_023,190
CCTGCCCCCCAGGTGATCGG_024,184
CCTGCCCCCCAGGTGATCGG_025,61
CCTGCCCCCCAGGTGATCGG_026,69
CCTGCCCCCCAGGTGATCGG_027,76
CCTGCCCCCCAGGTGATCGG_028,48
CCTGCCCCCCAGGTGATCGG_029,155
CCTGCCCCCCAGGTGATCGG_030,96
CCTGCCCCCCAGGTGATCGG_031,88
CCTGCCCCCCAGGTGATCGG_032,145
CCTGCCCCCCAGGTGATCGG_033,19
CCTGCCCCCCAGGTGATCGG_034,80
CCTGCCCCCCAGGTGATCGG_035,94
CCTGCCCCCCAGGTGATCGG_036,76
CCTGCCCCCCAGGTGATCGG_037,45
CCTGCCCCCCAGGTGATCGG_038,81
CCTGCCCCCCAGGTGATCGG_039,76
CCTGCCCCCCAGGTGATCGG_040,150
CCTGCCCCCCAGGTGATCGG_041,121
CCTGCCCCCCAGGTGATCGG_042,167
CCTGCCCCCCAGGTGATCGG_043,146
CCTGCCCCCCAGGTGATCGG_044,95
CCTGCCCCCCAGGTGATCGG_045,50
CCTGCCCCCCAGGTGATCGG_046,150
CCTGCCCCCCAGGTGATCGG_047,18
CCTGCCCCCCAGGTGATCGG_048,168
CCTGCCCCCCAGGTGATCGG_049,74
CCTGCCCCCCAGGTGATCGG_050,190
CCTGCCCCCCAGGTGATCGG_051,76
CCTGCCCCCCAGGTGATCGG_052,199
CCTGCCCCCCAGGTGATCGG_053,199
CCTGCCCCCCAGGTGATCGG_054,194
CCTGCCCCCCAGGTGATCGG_055,165
CCTGCCCCCCAGGTGATCGG_056,105
CCTGCCCCCCAGGTGATCGG_057,170
CCTGCCCCCCAGGTGATCGG_058,40
CCTGCCCCCCAGGTGATCGG_059,63
CCTGCCCCCCAGGTGATCGG_060,108
CCTGCCCCCCAGGTGATCGG_061,158
GCACACGGACACGACCGACA_001,195
GCACACGGACACGACCGACA_002,127
GCACACGGACACGACCGACA_003,170
GCACACGGACACGACCGACA_004,56
GCACACGGACACGACCGACA_005,140
GCACACGGACACGACCGACA_006,71
GCACACGGACACGACCGACA_007,121
GCACACGGACACGACCGACA_008,98
GCACACGGACACGACCGACA_009,175
GCACACGGACACGACCGACA_010,127
GCACACGGACACGACCGACA_011,29
GCACACGGACACGACCGACA_012,105
GCACACGGACACGACCGACA_013,191
GCACACGGACACGACCGACA_014,21
GCACACGGACACGACCGACA_015,0
TGTTGTAAGGTAGACACGCC_001,54
TGTTGTAAGGTAGACACGCC_002,43
GAGACAGGCTGGACTCAGGT_001,150
GAGACAGGCTGGACTCAGGT_002,144
GAGACAGGCTGGACTCAGGT_003,74
GAGACAGGCTGGACTCAGGT_004,42
GAGACAGGCTGGACTCAGGT_005,6
GAGACAGGCTGGACTCAGGT_006,149
GAGACAGGCTGGACTCAGGT_007,103
GAGACAGGCTGGACTCAGGT_008,49
GAGACAGGCTGGACTCAGGT_009,57
GAGACAGGCTGGACTCAGGT_010,28
GAGACAGGCTGGACTCAGGT_011,27
GAGACAGGCTGGACTCAGGT_012,0
GAGACAGGCTGGACTCAGGT_013,169
GAGACAGGCTGGACTCAGGT_014,144
GAGACAGGCTGGACTCAGGT_015,111
GAGACAGGCTGGACTCAGGT_016,121
GAGACAGGCTGGACTCAGGT_017,76
GAGACAGGCTGGACTCAGGT_018,17
GAGACAGGCTGGACTCAGGT_019,176
GAGACAGGCTGGACTCAGGT_020,15
GAGACAGGCTGGACTCAGGT_021,67
GATCTCCTGTCTAGAGCAAG_001,21
GATCTCCTGTCTAGAGCAAG_002,137
CCAGAGCTCGCTTTACCCCG_001,28
AACCTTTACTTTCATCACGT_001,78
AACCTTTACTTTCATCACGT_002,69
AACCTTTACTTTCATCACGT_003,160
AACCTTTACTTTCATCACGT_004,184
CTTCGTGCCCCCAATCGGGG_001,150
CTTCGTGCCCCCAATCGGGG_002,9
CTTCGTGCCCCCAATCGGGG_003,8
CTTCGTGCCCCCAATCGGGG_004,41
CTTCGTGCCCCCAATCGGGG_005,35
GGGAAAAGCTTCAGTCAACG_001,1
GGGAAAAGCTTCAGTCAACG_002,81
GGGAAAAGCTTCAGTCAACG_003,30
GGGAAAAGCTTCAGTCAACG_004,130
GGGAAAAGCTTCAGTCAACG_005,151
GGGAAAAGCTTCAGTCAACG_006,63
GAGTACAGCGATTCCTCATG_001,69
GAGTACAGCGATTCCTCATG_002,27
GAGTACAGCGATTCCTCATG_003,166
GAGTACAGCGATTCCTCATG_004,77
GAGTACAGCGATTCCTCATG_005,84
GAGTACAGCGATTCCTCATG_006,99
GAGTACAGCGATTCCTCATG_007,103
GAGTACAGCGATTCCTCATG_008,81
GAGTACAGCGATTCCTCATG_009,63
GAGTACAGCGATTCCTCATG_010,192
GAGTACAGCGATTCCTCATG_011,127
GAGTACAGCGATTCCTCATG_012,75
GAGTACAGCGATTCCTCATG_013,15
GAGTACAGCGATTCCTCATG_014,19
GAGTACAGCGATTCCTCATG_015,80
GAGTACAGCGATTCCTCATG_016,8
AAGACGCTCTCGCTGCACGG_001,26
AAGACGCTCTCGCTGCACGG_002,88
AAGACGCTCTCGCTGCACGG_003,82
AAGACGCTCTCGCTGCACGG_004,6
AAGACGCTCTCGCTGCACGG_005,178
AAGACGCTCTCGCTGCACGG_006,162
AAGACGCTCTCGCTGCACGG_007,78
AAGACGCTCTCGCTGCACGG_008,113
AAGACGCTCTCGCTGCACGG_009,161
AAGACGCTCTCGCTGCACGG_010,140
AAGACGCTCTCGCTGCACGG_011,41
AAGACGCTCTCGCTGCACGG_012,127
AAGACGCTCTCGCTGCACGG_013,52
AAGACGCTCTCGCTGCACGG_014,7
AAGACGCTCTCGCTGCACGG_015,56
AAGGAGTATTTCTACACCAG_001,125
AAGGAGTATTTCTACACCAG_002,127
AAGGAGTATTTCTACACCAG_003,1
AAGGAGTATTTCTACACCAG_004,169
GAAGACTATGGTCAGAGTCG_001,137
AGCTTGATCCTCCAAAAGTG_001,78
AGCTTGATCCTCCAAAAGTG_002,32
AGCTTGATCCTCCAAAAGTG_003,149
AGCTTGATCCTCCAAAAGTG_004,68
AGCTTGATCCTCCAAAAGTG_005,176
AGCTTGATCCTCCAAAAGTG_006,19
AGCTTGATCCTCCAAAAGTG_007,1
AGCTTGATCCTCCAAAAGTG_008,52
AGCTTGATCCTCCAAAAGTG_009,49
AGCTTGATCCTCCAAAAGTG_010,81
AGCTTGATCCTCCAAAAGTG_011,129
AATGCAGAGAAAGCTATCTG_001,41
AATGCAGAGAAAGCTATCTG_002,146
AATGCAGAGAAAGCTATCTG_003,33
AATGCAGAGAAAGCTATCTG_004,140
AATGCAGAGAAAGCTATCTG_005,81
AATGCAGAGAAAGCTATCTG_006,185
AATGCAGAGAAAGCTATCTG_007,103
AATGCAGAGAAAGCTATCTG_008,24
AATGCAGAGAAAGCTATCTG_009,146
AATGCAGAGAAAGCTATCTG_010,61
AATGCAGAGAAAGCTATCTG_011,177
AATGCAGAGAAAGCTATCTG_012,199
AATGCAGAGAAAGCTATCTG_013,67
AATGCAGAGAAAGCTATCTG_014,148
AATGCAGAGAAAGCTATCTG_015,126
CTGGGGTGCCATAATGACAG_001,172
CTGGGGTGCCATAATGACAG_002,184
TTACTGCCAGAATCATGATG_001,60
TGGTATTCACAAAAGAGCTG_001,51
TGGTATTCACAAAAGAGCTG_002,53
TGGTATTCACAAAAGAGCTG_003,91
TGGTATTCACAAAAGAGCTG_004,119
TGGTATTCACAAAAGAGCTG_005,32
TGGTATTCACAAAAGAGCTG_006,34
TGGTATTCACAAAAGAGCTG_007,78
TGGTATTCACAAAAGAGCTG_008,70
TGGTATTCACAAAAGAGCTG_009,150
TGGTATTCACAAAAGAGCTG_010,191
TGGTATTCACAAAAGAGCTG_011,106
CATCCGAACTCTGAGCCGAG_001,105
CATCCGAACTCTGAGCCGAG_002,15
CATCCGAACTCTGAGCCGAG_003,127
CATCCGAACTCTGAGCCGAG_004,133
CATCCGAACTCTGAGCCGAG_005,141
CATCCGAACTCTGAGCCGAG_006,192
CATCCGAACTCTGAGCCGAG_007,181
CATCCGAACTCTGAGCCGAG_008,169
CATCCGAACTCTGAGCCGAG_009,88
CATCCGAACTCTGAGCCGAG_010,150
CATCCGAACTCTGAGCCGAG_011,175
CATCCGAACTCTGAGCCGAG_012,76
CATCCGAACTCTGAGCCGAG_013,99
CATCCGAACTCTGAGCCGAG_014,20
CATCCGAACTCTGAGCCGAG_015,147
CATCCGAACTCTGAGCCGAG_016,94
CATCCGAACTCTGAGCCGAG_017,136
CATCCGAACTCTGAGCCGAG_018,174
CATCCGAACTCTGAGCCGAG_019,46
CATCCGAACTCTGAGCCGAG_020,126
CATCCGAACTCTGAGCCGAG_021,62
CATCCGAACTCTGAGCCGAG_022,70
CATCCGAACTCTGAGCCGAG_023,147
TGTCCCTAAGGCGATCTGGA_001,102
TGTCCCTAAGGCGATCTGGA_002,3
ATTGTGGAGAATCCATGTAT_001,148
ATTGTGGAGAATCCATGTAT_002,51
ATTGTGGAGAATCCATGTAT_003,188
ATTGTGGAGAATCCATGTAT_004,193
ATTGTGGAGAATCCATGTAT_005,63
ATTGTGGAGAATCCATGTAT_006,12
ATTGTGGAGAATCCATGTAT_007,58
ATTGTGGAGAATCCATGTAT_008,36
ATTGTGGAGAATCCATGTAT_009,104
ATTGTGGAGAATCCATGTAT_010,180
ATTGTGGAGAATCCATGTAT_011,197
ATTGTGGAGAATCCATGTAT_012,77
ATTGTGGAGAATCCATGTAT_013,43
ATTGTGGAGAATCCATGTAT_014,78
ATTGTGGAGAATCCATGTAT_015,49
TGGGATGGCTCGTAGACTAT_001,117
GCTGAACCGGTGTGGCGAGG_001,29
GCTGAACCGGTGTGGCGAGG_002,154
GCTGAACCGGTGTGGCGAGG_003,36
AGCCAACCAAAATGTTACAA_001,194
AGCCAACCAAAATGTTACAA_002,148
AGCCAACCAAAATGTTACAA_003,15
AGCCAACCAAAATGTTACAA_004,192
AGCCAACCAAAATGTTACAA_005,11
AGCCAACCAAAATGTTACAA_006,28
TCCAAGGACTCATTCTTGGG_001,101
TCCAAGGACTCATTCTTGGG_002,50
TCCAAGGACTCATTCTTGGG_003,118
TCCAAGGACTCATTCTTGGG_004,170
CATGAAGCTGCCAAAGTCAT_001,8
CATGAAGCTGCCAAAGTCAT_002,92
CATGAAGCTGCCAAAGTCAT_003,103
CATGAAGCTGCCAAAGTCAT_004,123
CATGAAGCTGCCAAAGTCAT_005,185
CATGAAGCTGCCAAAGTCAT_006,107
CATGAAGCTGCCAAAGTCAT_007,174
CATGAAGCTGCCAAAGTCAT_008,105
CATGAAGCTGCCAAAGTCAT_009,160
CATGAAGCTGCCAAAGTCAT_010,12
CGGACAGACCGCTGTAGAAG_001,176
CGGACAGACCGCTGTAGAAG_002,86
CGGACAGACCGCTGTAGAAG_003,0
CGGACAGACCGCTGTAGAAG_004,7
CGGACAGACCGCTGTAGAAG_005,84
ACTTCAGCTCCTGAGCCAAG_001,48
ACTTCAGCTCCTGAGCCAAG_002,70
ACGTTGGGCCCTCCAGAGAA_001,44
ACGTTGGGCCCTCCAGAGAA_002,108
ACGTTGGGCCCTCCAGAGAA_003,183
ACGTTGGGCCCTCCAGAGAA_004,9
ACGTTGGGCCCTCCAGAGAA_005,1
ACGTTGGGCCCTCCAGAGAA_006,4
ACGTTGGGCCCTCCAGAGAA_007,115
ACGTTGGGCCCTCCAGAGAA_008,145
ACGTTGGGCCCTCCAGAGAA_009,184
ACGTTGGGCCCTCCAGAGAA_010,127
ACGTTGGGCCCTCCAGAGAA_011,62
ACGTTGGGCCCTCCAGAGAA_012,152
ACGTTGGGCCCTCCAGAGAA_013,40
ACGTTGGGCCCTCCAGAGAA_014,114
ACGTTGGGCCCTCCAGAGAA_015,62
ACGTTGGGCCCTCCAGAGAA_016,144
ACGTTGGGCCCTCCAGAGAA_017,12
ACGTTGGGCCCTCCAGAGAA_018,34
ACGTTGGGCCCTCCAGAGAA_019,150
ACGTTGGGCCCTCCAGAGAA_020,156
ACGTTGGGCCCTCCAGAGAA_021,148
ACGTTGGGCCCTCCAGAGAA_022,58
ACGTTGGGCCCTCCAGAGAA_023,82
ACGTTGGGCCCTCCAGAGAA_024,48
ACGTTGGGCCCTCCAGAGAA_025,31
ACGTTGGGCCCTCCAGAGAA_026,45
ACGTTGGGCCCTCCAGAGAA_027,149
ACGTTGGGCCCTCCAGAGAA_028,158
ACGTTGGGCCCTCCAGAGAA_029,26
ACGTTGGGCCCTCCAGAGAA_030,81
ACGTTGGGCCCTCCAGAGAA_031,83
ACGTTGGGCCCTCCAGAGAA_032,37
ACGTTGGGCCCTCCAGAGAA_033,39
ACGTTGGGCCCTCCAGAGAA_034,92
ATTCCGTGTATTCACAGTAG_001,64
ATTCCGTGTATTCACAGTAG_002,58
ATTCCGTGTATTCACAGTAG_003,151
ATTCCGTGTATTCACAGTAG_004,174
ATTCCGTGTATTCACAGTAG_005,93
ATTCCGTGTATTCACAGTAG_006,82
ATTCCGTGTATTCACAGTAG_007,82
ATTCCGTGTATTCACAGTAG_008,1
CTCCAGAATCTACCAAAACG_001,88
CTCCAGAATCTACCAAAACG_002,58
CTCCAGAATCTACCAAAACG_003,103
CTCCAGAATCTACCAAAACG_004,130
CTCCAGAATCTACCAAAACG_005,180
CTCCAGAATCTACCAAAACG_006,94
CTCCAGAATCTACCAAAACG_007,19
CTCCAGAATCTACCAAAACG_008,178
CTCCAGAATCTACCAAAACG_009,79
GAACTGCAATGTTAGGAGCA_001,23
GAACTGCAATGTTAGGAGCA_002,168
GAACTGCAATGTTAGGAGCA_003,184
GAACTGCAATGTTAGGAGCA_004,102
GAACTGCAATGTTAGGAGCA_005,130
GAACTGCAATGTTAGGAGCA_006,31
GAACTGCAATGTTAGGAGCA_007,108
GAACTGCAATGTTAGGAGCA_008,147
GAACTGCAATGTTAGGAGCA_009,67
GAACTGCAATGTTAGGAGCA_010,35
GAACTGCAATGTTAGGAGCA_011,19
GAACTGCAATGTTAGGAGCA_012,17
GAACTGCAATGTTAGGAGCA_013,103
GAACTGCAATGTTAGGAGCA_014,34
GAACTGCAATGTTAGGAGCA_015,11
GAACTGCAATGTTAGGAGCA_016,69
GAACTGCAATGTTAGGAGCA_017,58
TTACCTAAAGAACTAATCCA_001,59
TTACCTAAAGAACTAATCCA_002,162
TTACCTAAAGAACTAATCCA_003,77
TTACCTAAAGAACTAATCCA_004,198
TTACCTAAAGAACTAATCCA_005,12
TTACCTAAAGAACTAATCCA_006,35
TTACCTAAAGAACTAATCCA_007,5
CAAGCGACGGATCCTTTCTG_001,193
CAAGCGACGGATCCTTTCTG_002,176
CAAGCGACGGATCCTTTCTG_003,6
CAAGCGACGGATCCTTTCTG_004,68
CAAGCGACGGATCCTTTCTG_005,194
CAAGCGACGGATCCTTTCTG_006,40
CAAGCGACGGATCCTTTCTG_007,183
CAAGCGACGGATCCTTTCTG_008,152
CAAGCGACGGATCCTTTCTG_009,116
CAAGCGACGGATCCTTTCTG_010,1
CAAGCGACGGATCCTTTCTG_011,175
CAAGCGACGGATCCTTTCTG_012,106
CAAGCGACGGATCCTTTCTG_013,133
CAAGCGACGGATCCTTTCTG_014,150
CAAGCGACGGATCCTTTCTG_015,2
CAAGCGACGGATCCTTTCTG_016,104
GTTCCTGCGCGTACGGACTG_001,149
GTTCCTGCGCGTACGGACTG_002,18
GTTCCTGCGCGTACGGACTG_003,43
GTTCCTGCGCGTACGGACTG_004,11
GTTCCTGCGCGTACGGACTG_005,62
GTTCCTGCGCGTACGGACTG_006,147
GTTCCTGCGCGTACGGACTG_007,166
GTTCCTGCGCGTACGGACTG_008,91
GTTCCTGCGCGTACGGACTG_009,54
GTTCCTGCGCGTACGGACTG_010,0
GTTCCTGCGCGTACGGACTG_011,187
CAATGAAGCGGTCAATACTC_001,19
CAATGAAGCGGTCAATACTC_002,125
CAATGAAGCGGTCAATACTC_003,176
CAATGAAGCGGTCAATACTC_004,150
CAATGAAGCGGTCAATACTC_005,15
CAATGAAGCGGTCAATACTC_006,114
CAATGAAGCGGTCAATACTC_007,131
CAATGAAGCGGTCAATACTC_008,10
CAATGAAGCGGTCAATACTC_009,82
CAATGAAGCGGTCAATACTC_010,169
CAATGAAGCGGTCAATACTC_011,162
CAATGAAGCGGTCAATACTC_012,34
CAATGAAGCGGTCAATACTC_013,147
CAATTGAGATGCTAACAGGG_001,125
CAATTGAGATGCTAACAGGG_002,197
CAATTGAGATGCTAACAGGG_003,147
CAATTGAGATGCTAACAGGG_004,22
CAATTGAGATGCTAACAGGG_005,148
CGACCATGAATATACTACCA_001,19
CGACCATGAATATACTACCA_002,77
GAGGACGACTCACTCTACTT_001,46
GAGGACGACTCACTCTACTT_002,169
GAGGACGACTCACTCTACTT_003,157
GAGGACGACTCACTCTACTT_004,15
GAGGACGACTCACTCTACTT_005,8
GAGGACGACTCACTCTACTT_006,185
GAGGACGACTCACTCTACTT_007,2
GAGGACGACTCACTCTACTT_008,113
GAGGACGACTCACTCTACTT_009,120
GAGGACGACTCACTCTACTT_010,168
GAGGACGACTCACTCTACTT_011,43
GCCACTGATCGGAAACGCGG_001,171
GCCACTGATCGGAAACGCGG_002,130
GCCACTGATCGGAAACGCGG_003,94
GCCACTGATCGGAAACGCGG_004,197
GCCACTGATCGGAAACGCGG_005,63
GCCACTGATCGGAAACGCGG_006,15
GCCACTGATCGGAAACGCGG_007,34
GCCACTGATCGGAAACGCGG_008,158
GCCACTGATCGGAAACGCGG_009,119
GCCACTGATCGGAAACGCGG_010,46
GCCACTGATCGGAAACGCGG_011,63
GCCACTGATCGGAAACGCGG_012,159
GCCACTGATCGGAAACGCGG_013,23
GCCACTGATCGGAAACGCGG_014,155
GCCACTGATCGGAAACGCGG_015,52
CCGCCCGCCGCGGAACACGA_001,197
CCGCCCGCCGCGGAACACGA_002,102
CCGCCCGCCGCGGAACACGA_003,191
CCGCCCGCCGCGGAACACGA_004,53
CCGCCCGCCGCGGAACACGA_005,113
CCGCCCGCCGCGGAACACGA_006,98
CCGCCCGCCGCGGAACACGA_007,41
CCGCCCGCCGCGGAACACGA_008,126
CCGCCCGCCGCGGAACACGA_009,26
CCGCCCGCCGCGGAACACGA_010,140
TCATAAAAGTGTACACCCTG_001,34
TCATAAAAGTGTACACCCTG_002,188
GCTGAAGTACAAATGGTGCG_001,83
GCTGAAGTACAAATGGTGCG_002,116
GCTGAAGTACAAATGGTGCG_003,41
GCTGAAGTACAAATGGTGCG_004,88
GCTGAAGTACAAATGGTGCG_005,125
GCTGAAGTACAAATGGTGCG_006,12
GCTGAAGTACAAATGGTGCG_007,185
GCTGAAGTACAAATGGTGCG_008,64
GCTGAAGTACAAATGGTGCG_009,149
GCTGAAGTACAAATGGTGCG_010,81
GCTGAAGTACAAATGGTGCG_011,82
GCTGAAGTACAAATGGTGCG_012,78
GCTGAAGTACAAATGGTGCG_013,34
GCTGCAGGTATTTCGCGGAA_001,182
AGAACCACTCATCATAACGA_001,26
AGAACCACTCATCATAACGA_002,76
AGAACCACTCATCATAACGA_003,38
AGAACCACTCATCATAACGA_004,151
AGAACCACTCATCATAACGA_005,168
TTGGCTGCAATGGCATATGA_001,119
TTGGCTGCAATGGCATATGA_002,144
TTGGCTGCAATGGCATATGA_003,191
TTGGCTGCAATGGCATATGA_004,37
ATGGGCGAGCACATACACTA_001,145
ATGGGCGAGCACATACACTA_002,165
ATGGGCGAGCACATACACTA_003,166
ATGGGCGAGCACATACACTA_004,96
ATGGGCGAGCACATACACTA_005,146
ATGGGCGAGCACATACACTA_006,56
ATGGGCGAGCACATACACTA_007,160
ATGGGCGAGCACATACACTA_008,130
ATGGGCGAGCACATACACTA_009,115
ATGGGCGAGCACATACACTA_010,8
ATGGGCGAGCACATACACTA_011,172
ATGGGCGAGCACATACACTA_012,82
ATGGGCGAGCACATACACTA_013,9
ATGGGCGAGCACATACACTA_014,12
ATGGGCGAGCACATACACTA_015,100
ATGGGCGAGCACATACACTA_016,83
ATGGGCGAGCACATACACTA_017,169
ATGGGCGAGCACATACACTA_018,12
ATGGGCGAGCACATACACTA_019,105
ATGGGCGAGCACATACACTA_020,70
ATGGGCGAGCACATACACTA_021,178
ATGGGCGAGCACATACACTA_022,190
ATGGGCGAGCACATACACTA_023,8
ATGGGCGAGCACATACACTA_024,91
GCTGCAAAATGGATCCTGCG_001,194
GCTGCAAAATGGATCCTGCG_002,76
GCTGCAAAATGGATCCTGCG_003,158
GCTGCAAAATGGATCCTGCG_004,190
GCTGCAAAATGGATCCTGCG_005,197
GCTGCAAAATGGATCCTGCG_006,19
GCTGCAAAATGGATCCTGCG_007,53
GCTGCAAAATGGATCCTGCG_008,1
GCTGCAAAATGGATCCTGCG_009,169
GCTGCAAAATGGATCCTGCG_010,101
GCTGCAAAATGGATCCTGCG_011,10
GCTGCAAAATGGATCCTGCG_012,127
GCTGCAAAATGGATCCTGCG_013,112
GCTGCAAAATGGATCCTGCG_014,199
GCTGCAAAATGGATCCTGCG_015,19
GCTGCAAAATGGATCCTGCG_016,198
GCTGCAAAATGGATCCTGCG_017,49
GCTGCAAAATGGATCCTGCG_018,12
TGTAGCGTACATAGTCAATG_001,86
TGTAGCGTACATAGTCAATG_002,62
TGTAGCGTACATAGTCAATG_003,11
TGTAGCGTACATAGTCAATG_004,188
TGTAGCGTACATAGTCAATG_005,4
TGTAGCGTACATAGTCAATG_006,111
TGTAGCGTACATAGTCAATG_007,76
CAATCCACCCGAACTTGCCA_001,58
CAATCCACCCGAACTTGCCA_002,62
CAATCCACCCGAACTTGCCA_003,192
CAATCCACCCGAACTTGCCA_004,140
CAATCCACCCGAACTTGCCA_005,137
CAATCCACCCGAACTTGCCA_006,192
CAATCCACCCGAACTTGCCA_007,189
CAATCCACCCGAACTTGCCA_008,42
CAATCCACCCGAACTTGCCA_009,176
CAATCCACCCGAACTTGCCA_010,3
CAATCCACCCGAACTTGCCA_011,147
CAATCCACCCGAACTTGCCA_012,42
CAATCCACCCGAACTTGCCA_013,37
CAATCCACCCGAACTTGCCA_014,81
CAATCCACCCGAACTTGCCA_015,126
TCTGCCTTAAAGCGAACAGA_001,49
TCTGCCTTAAAGCGAACAGA_002,3
TCTGCCTTAAAGCGAACAGA_003,182
TCTGCCTTAAAGCGAACAGA_004,119
TCTGCCTTAAAGCGAACAGA_005,138
TCTGCCTTAAAGCGAACAGA_006,47
TCTGCCTTAAAGCGAACAGA_007,78
TCTGCCTTAAAGCGAACAGA_008,146
TCTGCCTTAAAGCGAACAGA_009,152
TCTGCCTTAAAGCGAACAGA_010,105
TCTGCCTTAAAGCGAACAGA_011,52
TCTGCCTTAAAGCGAACAGA_012,132
TCTGCCTTAAAGCGAACAGA_013,105
TCTGCCTTAAAGCGAACAGA_014,77
TCTGCCTTAAAGCGAACAGA_015,56
TCTGCCTTAAAGCGAACAGA_016,162
TCTGCCTTAAAGCGAACAGA_017,152
TCTGCCTTAAAGCGAACAGA_018,34
TCTGCCTTAAAGCGAACAGA_019,30
TCTGCCTTAAAGCGAACAGA_020,27
TCTGCCTTAAAGCGAACAGA_021,61
TCTGCCTTAAAGCGAACAGA_022,136
AGAGCCTATGGTAAAGACTG_001,6
AGAGCCTATGGTAAAGACTG_002,83
AGAGCCTATGGTAAAGACTG_003,62
AGAGCCTATGGTAAAGACTG_004,16
AGAGCCTATGGTAAAGACTG_005,95
AGAGCCTATGGTAAAGACTG_006,160
AGAGCCTATGGTAAAGACTG_007,150
ATTGCAGGTGACCAACACGT_001,132
ATTGCAGGTGACCAACACGT_002,154
ATTGCAGGTGACCAACACGT_003,150
ATTGCAGGTGACCAACACGT_004,149
ATTGCAGGTGACCAACACGT_005,119
ATTGCAGGTGACCAACACGT_006,117
ATTGCAGGTGACCAACACGT_007,88
ATTGCAGGTGACCAACACGT_008,5
ATTGCAGGTGACCAACACGT_009,49
ATTGCAGGTGACCAACACGT_010,168
ATTGCAGGTGACCAACACGT_011,156
ATTGCAGGTGACCAACACGT_012,56
ATTGCAGGTGACCAACACGT_013,54
ATTGCAGGTGACCAACACGT_014,25
ATTGCAGGTGACCAACACGT_015,141
TCAGCGATGTAAGAAAGCTG_001,132
TCAGCGATGTAAGAAAGCTG_002,19
TCAGCGATGTAAGAAAGCTG_003,27
TCAGCGATGTAAGAAAGCTG_004,151
TCAGCGATGTAAGAAAGCTG_005,111
TGAATGCATCCATTCATACT_001,131
TGAATGCATCCATTCATACT_002,15
TGAATGCATCCATTCATACT_003,2
TGAATGCATCCATTCATACT_004,141
TGAATGCATCCATTCATACT_005,106
AATCAGCTTGAGAATCCGGA_001,130
AATCAGCTTGAGAATCCGGA_002,147
AATCAGCTTGAGAATCCGGA_003,68
AATCAGCTTGAGAATCCGGA_004,5
AATCAGCTTGAGAATCCGGA_005,49
AATCAGCTTGAGAATCCGGA_006,133
AATCAGCTTGAGAATCCGGA_007,91
AATCAGCTTGAGAATCCGGA_008,19
AATCAGCTTGAGAATCCGGA_009,102
TGAACTTCTACCGAACGGGG_001,75
TGAACTTCTACCGAACGGGG_002,9
TGAACTTCTACCGAACGGGG_003,60
TGAACTTCTACCGAACGGGG_004,1
TGAACTTCTACCGAACGGGG_005,9
TGAACTTCTACCGAACGGGG_006,60
TGAACTTCTACCGAACGGGG_007,81
TGAACTTCTACCGAACGGGG_008,136
AGAACACGTTGGACACAGTG_001,124
AGAACACGTTGGACACAGTG_002,125
AGAACACGTTGGACACAGTG_003,37
AGAACACGTTGGACACAGTG_004,82
AGAACACGTTGGACACAGTG_005,70
AGAACACGTTGGACACAGTG_006,149
AGAACACGTTGGACACAGTG_007,59
AGAACACGTTGGACACAGTG_008,156
AGAACACGTTGGACACAGTG_009,4
AGAACACGTTGGACACAGTG_010,113
AGAACACGTTGGACACAGTG_011,18
AGAACACGTTGGACACAGTG_012,62
AGAACACGTTGGACACAGTG_013,137
AGAACACGTTGGACACAGTG_014,10
AGAACACGTTGGACACAGTG_015,77
CACACGACTCTTGGTGAGCG_001,88
CACACGACTCTTGGTGAGCG_002,85
CACACGACTCTTGGTGAGCG_003,55
CCTGGACTGCCTCAAACACC_001,36
CCTGGACTGCCTCAAACACC_002,91
CCTGGACTGCCTCAAACACC_003,177
GGAGCAAGAACGGCAGAACG_001,138
GGAGCAAGAACGGCAGAACG_002,34
GGAGCAAGAACGGCAGAACG_003,27
GGAGCAAGAACGGCAGAACG_004,122
GGAGCAAGAACGGCAGAACG_005,197
AAAGGACGGCGATTACCTAA_001,192
AAAGGACGGCGATTACCTAA_002,123
ACTGGAAACTAACCGCCATG_001,8
ACTGGAAACTAACCGCCATG_002,92
ACTGGAAACTAACCGCCATG_003,176
ACTGGAAACTAACCGCCATG_004,69
ACTGGAAACTAACCGCCATG_005,169
ACTGGAAACTAACCGCCATG_006,105
ACTGGAAACTAACCGCCATG_007,166
ACACCTTTCTTAATGACATG_001,3
ACACCTTTCTTAATGACATG_002,135
ACACCTTTCTTAATGACATG_003,56
ACACCTTTCTTAATGACATG_004,159
ACACCTTTCTTAATGACATG_005,156
ACACCTTTCTTAATGACATG_006,173
ACACCTTTCTTAATGACATG_007,147
ACACCTTTCTTAATGACATG_008,59
ACACCTTTCTTAATGACATG_009,162
ACACCTTTCTTAATGACATG_010,165
ACACCTTTCTTAATGACATG_011,176
ACACCTTTCTTAATGACATG_012,89
ACACCTTTCTTAATGACATG_013,98
ACACCTTTCTTAATGACATG_014,133
ACACCTTTCTTAATGACATG_015,14
ACACCTTTCTTAATGACATG_016,66
ACACCTTTCTTAATGACATG_017,3
ACACCTTTCTTAATGACATG_018,40
ACACCTTTCTTAATGACATG_019,107
CCCCTCTCGCAAGTCTCGAG_001,139
CCCCTCTCGCAAGTCTCGAG_002,151
CCCCTCTCGCAAGTCTCGAG_003,178
CCCCTCTCGCAAGTCTCGAG_004,76
CCCCTCTCGCAAGTCTCGAG_005,59
AGTGTATTTGCACACACCCA_001,84
AGTGTATTTGCACACACCCA_002,121
AGTGTATTTGCACACACCCA_003,88
AGTGTATTTGCACACACCCA_004,114
AGTGTATTTGCACACACCCA_005,16
AGTGTATTTGCACACACCCA_006,118
AGTGTATTTGCACACACCCA_007,11
AGTGTATTTGCACACACCCA_008,140
GAAGATTCGCAGGAACTCCG_001,169
GAAGATTCGCAGGAACTCCG_002,150
GAAGATTCGCAGGAACTCCG_003,148
GAAGATTCGCAGGAACTCCG_004,15
GAAGATTCGCAGGAACTCCG_005,121
GAAGATTCGCAGGAACTCCG_006,139
GAAGATTCGCAGGAACTCCG_007,102
GAAGATTCGCAGGAACTCCG_008,198
GAAGATTCGCAGGAACTCCG_009,193
GAAGATTCGCAGGAACTCCG_010,25
GAAGATTCGCAGGAACTCCG_011,154
GAAGATTCGCAGGAACTCCG_012,61
GAAGATTCGCAGGAACTCCG_013,152
GAAGATTCGCAGGAACTCCG_014,76
GAAGATTCGCAGGAACTCCG_015,191
GCATCCGTCACACGGAACTG_001,130
GCATCCGTCACACGGAACTG_002,68
CAGAGGTAAAAAAACGACGG_001,48
CAGAGGTAAAAAAACGACGG_002,34
CAGAGGTAAAAAAACGACGG_003,156
CAGAGGTAAAAAAACGACGG_004,51
CAGAGGTAAAAAAACGACGG_005,88
CAGAGGTAAAAAAACGACGG_006,93
CAGAGGTAAAAAAACGACGG_007,94
CAGAGGTAAAAAAACGACGG_008,105
CAGAGGTAAAAAAACGACGG_009,188
CAGAGGTAAAAAAACGACGG_010,41
CAGAGGTAAAAAAACGACGG_011,144
CAGAGGTAAAAAAACGACGG_012,86
CAGAGGTAAAAAAACGACGG_013,188
AGGACGAACTCTAGATCGGT_001,142
AGGACGAACTCTAGATCGGT_002,49
AGGACGAACTCTAGATCGGT_003,68
AGGACGAACTCTAGATCGGT_004,29
AGGACGAACTCTAGATCGGT_005,149
AGGACGAACTCTAGATCGGT_006,121
AGGACGAACTCTAGATCGGT_007,2
AGGACGAACTCTAGATCGGT_008,127
AGGACGAACTCTAGATCGGT_009,124
AGGACGAACTCTAGATCGGT_010,126
AGGACGAACTCTAGATCGGT_011,155
AGGACGAACTCTAGATCGGT_012,177
CTTTCTCACGCTGGAACATG_001,50
CTTTCTCACGCTGGAACATG_002,191
CTTTCTCACGCTGGAACATG_003,172
CTTTCTCACGCTGGAACATG_004,102
CTTTCTCACGCTGGAACATG_005,145
CTTTCTCACGCTGGAACATG_006,12
GGTGGGAGAGTACAACGCTG_001,9
GGTGGGAGAGTACAACGCTG_002,152
GTAGCTGAAAGAGGTACCAT_001,106
GTAGCTGAAAGAGGTACCAT_002,63
GTAGCTGAAAGAGGTACCAT_003,46
GTAGCTGAAAGAGGTACCAT_004,147
GTAGCTGAAAGAGGTACCAT_005,50
GTAGCTGAAAGAGGTACCAT_006,112
GTAGCTGAAAGAGGTACCAT_007,199
GTAGCTGAAAGAGGTACCAT_008,2
GTAGCTGAAAGAGGTACCAT_009,177
GTAGCTGAAAGAGGTACCAT_010,4
GTAGCTGAAAGAGGTACCAT_011,13
GTAGCTGAAAGAGGTACCAT_012,58
GGTCTCTGGGAAATTTAAGC_001,54
GGTCTCTGGGAAATTTAAGC_002,194
GGTCTCTGGGAAATTTAAGC_003,69
AAGAACAAAGTGGGCCCTTG_001,19
AAGAACAAAGTGGGCCCTTG_002,137
AAGAACAAAGTGGGCCCTTG_003,73
AAGAACAAAGTGGGCCCTTG_004,83
AAGAACAAAGTGGGCCCTTG_005,60
AAGAACAAAGTGGGCCCTTG_006,29
AAGAACAAAGTGGGCCCTTG_007,60
AAGAACAAAGTGGGCCCTTG_008,188
AAGAACAAAGTGGGCCCTTG_009,183
AAGAACAAAGTGGGCCCTTG_010,102
AAGAACAAAGTGGGCCCTTG_011,3
AAGAACAAAGTGGGCCCTTG_012,81
AAGAACAAAGTGGGCCCTTG_013,63
AAGAACAAAGTGGGCCCTTG_014,20
AAGAACAAAGTGGGCCCTTG_015,99
AAGAACAAAGTGGGCCCTTG_016,115
AAGAACAAAGTGGGCCCTTG_017,166
AAGAACAAAGTGGGCCCTTG_018,191
CTTTGAATCCATCCCGACCT_001,188
GCTGCGCAGAGCATACTCGA_001,82
GCTGCGCAGAGCATACTCGA_002,147
ACGTGCACTTACGTTCAATG_001,20
ACGTGCACTTACGTTCAATG_002,149
ACGTGCACTTACGTTCAATG_003,126
ACGTGCACTTACGTTCAATG_004,6
ACGTGCACTTACGTTCAATG_005,111
CTATTTACCCCATAGAGGGA_001,127
CTATTTACCCCATAGAGGGA_002,22
CTATTTACCCCATAGAGGGA_003,130
GAGAGCACCAAGATCCAAGT_001,92
AGTGGGCTTCAACATGAGGA_001,190
AGTGGGCTTCAACATGAGGA_002,130
AGTGGGCTTCAACATGAGGA_003,198
AGTGGGCTTCAACATGAGGA_004,52
GCACGAAGCGAATCGCCTCA_001,50
GCACGAAGCGAATCGCCTCA_002,154
GCACGAAGCGAATCGCCTCA_003,103
GCACGAAGCGAATCGCCTCA_004,150
GCACGAAGCGAATCGCCTCA_005,151
GCACGAAGCGAATCGCCTCA_006,52
GCACGAAGCGAATCGCCTCA_007,76
GCACGAAGCGAATCGCCTCA_008,88
GCACGAAGCGAATCGCCTCA_009,148
GCACGAAGCGAATCGCCTCA_010,155
GCACGAAGCGAATCGCCTCA_011,29
GCACGAAGCGAATCGCCTCA_012,15
GCACGAAGCGAATCGCCTCA_013,50
AAATCATTCTCGAGGCACTG_001,129
AAATCATTCTCGAGGCACTG_002,70
AAATCATTCTCGAGGCACTG_003,26
AAATCATTCTCGAGGCACTG_004,52
AAATCATTCTCGAGGCACTG_005,68
AAATCATTCTCGAGGCACTG_006,10
ATTCCTCATAGAGATGCCCG_001,1
GCAGCCTACGAGGCTTTCCG_001,94
GCAGCCTACGAGGCTTTCCG_002,76
GCAGCCTACGAGGCTTTCCG_003,7
GCAGCCTACGAGGCTTTCCG_004,169
GCAGCCTACGAGGCTTTCCG_005,184
GCAGCCTACGAGGCTTTCCG_006,34
GCAGCCTACGAGGCTTTCCG_007,8
GTGGCACAAAGCACGTCAAG_001,187
GTGGCACAAAGCACGTCAAG_002,80
GTGGCACAAAGCACGTCAAG_003,168
GTGGCACAAAGCACGTCAAG_004,46
GTGGCACAAAGCACGTCAAG_005,175
GTGGCACAAAGCACGTCAAG_006,43
GTGGCACAAAGCACGTCAAG_007,89
GTGGCACAAAGCACGTCAAG_008,99
GTGGCACAAAGCACGTCAAG_009,97
GTATTCGGCGCTGAGTTCCA_001,179
GTATTCGGCGCTGAGTTCCA_002,68
GTATTCGGCGCTGAGTTCCA_003,58
ACCACTGGGTGGTCAATCCG_001,167
ACCACTGGGTGGTCAATCCG_002,166
ACCACTGGGTGGTCAATCCG_003,104
ACCACTGGGTGGTCAATCCG_004,29
ACCACTGGGTGGTCAATCCG_005,174
ACCACTGGGTGGTCAATCCG_006,196
CAAAATGGTACTTACAGCTG_001,133
CAAAATGGTACTTACAGCTG_002,144
CCTTCTTGGAGCATCTGTAA_001,160
CCTTCTTGGAGCATCTGTAA_002,60
CCTTCTTGGAGCATCTGTAA_003,22
CCTTCTTGGAGCATCTGTAA_004,70
CCTTCTTGGAGCATCTGTAA_005,15
CCTTCTTGGAGCATCTGTAA_006,52
CCTTCTTGGAGCATCTGTAA_007,149
CCTTCTTGGAGCATCTGTAA_008,134
CCTTCTTGGAGCATCTGTAA_009,45
CCTTCTTGGAGCATCTGTAA_010,80
CCTTCTTGGAGCATCTGTAA_011,36
CCTTCTTGGAGCATCTGTAA_012,183
CCTTCTTGGAGCATCTGTAA_013,29
TCCAGGGTTGAACTCAACCG_001,139
TCCAGGGTTGAACTCAACCG_002,154
TCCAGGGTTGAACTCAACCG_003,156
TCCAGGGTTGAACTCAACCG_004,67
TCCAGGGTTGAACTCAACCG_005,127
TCCAGGGTTGAACTCAACCG_006,149
TCCAGGGTTGAACTCAACCG_007,2
TCCAGGGTTGAACTCAACCG_008,66
TCCAGGGTTGAACTCAACCG_009,180
TCCAGGGTTGAACTCAACCG_010,191
GGAAGGCCTCCATAGCGCGG_001,91
GGAAGGCCTCCATAGCGCGG_002,70
GGAAGGCCTCCATAGCGCGG_003,18
GGCTGCTACGAGGAGTACCG_001,188
GGCTGCTACGAGGAGTACCG_002,89
GGCTGCTACGAGGAGTACCG_003,22
GGCTGCTACGAGGAGTACCG_004,119
GGCTGCTACGAGGAGTACCG_005,2
GGCTGCTACGAGGAGTACCG_006,60
GGCTGCTACGAGGAGTACCG_007,72
GGCTGCTACGAGGAGTACCG_008,172
GGCTGCTACGAGGAGTACCG_009,45
GGCTGCTACGAGGAGTACCG_010,51
GGCTGCTACGAGGAGTACCG_011,140
GGCTGCTACGAGGAGTACCG_012,60
GGCTGCTACGAGGAGTACCG_013,174
GGCTGCTACGAGGAGTACCG_014,175
GGCTTGTCACGCGGCCACCG_001,16
GGCTTGTCACGCGGCCACCG_002,172
GGCTTGTCACGCGGCCACCG_003,77
GGCTTGTCACGCGGCCACCG_004,58
GGCTTGTCACGCGGCCACCG_005,156
GGCTTGTCACGCGGCCACCG_006,194
GGCTTGTCACGCGGCCACCG_007,115
GGCTTGTCACGCGGCCACCG_008,175
GGCTTGTCACGCGGCCACCG_009,162
GGCTTGTCACGCGGCCACCG_010,22
TGAACACCATCATGCAGCTG_001,145
CCCCATCCACACGAGACAAG_001,111
CCCCATCCACACGAGACAAG_002,198
CCCCATCCACACGAGACAAG_003,166
CCCCATCCACACGAGACAAG_004,160
CCCCATCCACACGAGACAAG_005,72
GGGGACGGCCGGTGAATCTC_001,169
GGGGACGGCCGGTGAATCTC_002,150
CCTCACTCTAGATGAAATCG_001,15
CCTCACTCTAGATGAAATCG_002,179
CCTCACTCTAGATGAAATCG_003,88
GTGGAATGCTTTGCAGTCAG_001,105
GTGGAATGCTTTGCAGTCAG_002,18
GTGGAATGCTTTGCAGTCAG_003,62
GTGGAATGCTTTGCAGTCAG_004,38
GTGGAATGCTTTGCAGTCAG_005,118
GTGGAATGCTTTGCAGTCAG_006,39
GTGGAATGCTTTGCAGTCAG_007,157
AACATCGAGCCCATCTTCGA_001,115
AACATCGAGCCCATCTTCGA_002,60
AACATCGAGCCCATCTTCGA_003,50
AACATCGAGCCCATCTTCGA_004,154
AACATCGAGCCCATCTTCGA_005,127
AACATCGAGCCCATCTTCGA_006,12
ACTAAAGTTACAGAGTGGAG_001,95
ACTAAAGTTACAGAGTGGAG_002,82
ATGGATGACCAAACAAACCA_001,8
ATGGATGACCAAACAAACCA_002,178
ATGGATGACCAAACAAACCA_003,108
ATGGATGACCAAACAAACCA_004,136
ATGGATGACCAAACAAACCA_005,197
ATGGATGACCAAACAAACCA_006,108
ATGGATGACCAAACAAACCA_007,150
ATGGATGACCAAACAAACCA_008,83
ATGGATGACCAAACAAACCA_009,170
ATGGATGACCAAACAAACCA_010,116
ATGGATGACCAAACAAACCA_011,149
ATGGATGACCAAACAAACCA_012,149
ATGGATGACCAAACAAACCA_013,144
ATGGATGACCAAACAAACCA_014,123
ATGGATGACCAAACAAACCA_015,61
GTATTAACAGAACTAGGCGG_001,19
GTATTAACAGAACTAGGCGG_002,127
GTATTAACAGAACTAGGCGG_003,32
GGCTGTACCACACGGCGCGG_001,58
GGCTGTACCACACGGCGCGG_002,96
GGCTGTACCACACGGCGCGG_003,157
GGCTGTACCACACGGCGCGG_004,56
GGCTGTACCACACGGCGCGG_005,169
GGCTGTACCACACGGCGCGG_006,94
GGCTGTACCACACGGCGCGG_007,70
GGCTGTACCACACGGCGCGG_008,100
GGCTGTACCACACGGCGCGG_009,97
GGCTGTACCACACGGCGCGG_010,106
GGCTGTACCACACGGCGCGG_011,45
GGCTGTACCACACGGCGCGG_012,10
GGCTGTACCACACGGCGCGG_013,78
GGCTGTACCACACGGCGCGG_014,140
GGCTGTACCACACGGCGCGG_015,26
GGCTGTACCACACGGCGCGG_016,12
GGCTGTACCACACGGCGCGG_017,150
GGCTGTACCACACGGCGCGG_018,20
GGCTGTACCACACGGCGCGG_019,38
GGCTGTACCACACGGCGCGG_020,20
GGCTGTACCACACGGCGCGG_021,143
GGCTGTACCACACGGCGCGG_022,35
GGCTGTACCACACGGCGCGG_023,13
GGCTGTACCACACGGCGCGG_024,58
GGCTGTACCACACGGCGCGG_025,35
GGCTGTACCACACGGCGCGG_026,49
GGCTGTACCACACGGCGCGG_027,6
GGCTGTACCACACGGCGCGG_028,178
GGCTGTACCACACGGCGCGG_029,184
GGCTGTACCACACGGCGCGG_030,108
GGCTGTACCACACGGCGCGG_031,72
GGCTGTACCACACGGCGCGG_032,72
GGCTGTACCACACGGCGCGG_033,160
GGCTGTACCACACGGCGCGG_034,104
GGCTGTACCACACGGCGCGG_035,34
GGCTGTACCACACGGCGCGG_036,177
GGCTGTACCACACGGCGCGG_037,123
GGCTGTACCACACGGCGCGG_038,197
GGCTGTACCACACGGCGCGG_039,2
GGCTGTACCACACGGCGCGG_040,84
TCATACCCAAGCAGAGTGCC_001,94
TCATACCCAAGCAGAGTGCC_002,38
TCATACCCAAGCAGAGTGCC_003,183
TCATACCCAAGCAGAGTGCC_004,26
CCAGGGGCACAGGAAAACGA_001,63
CCAGGGGCACAGGAAAACGA_002,168
CCAGGGGCACAGGAAAACGA_003,16
CCAGGGGCACAGGAAAACGA_004,77
CCAGGGGCACAGGAAAACGA_005,1
CCAGGGGCACAGGAAAACGA_006,188
CCAGGGGCACAGGAAAACGA_007,49
CCAGGGGCACAGGAAAACGA_008,11
CCAGGGGCACAGGAAAACGA_009,110
GACCAGACGCGAGGCCACGC_001,22
GACCAGACGCGAGGCCACGC_002,59
GACCAGACGCGAGGCCACGC_003,136
GACCAGACGCGAGGCCACGC_004,45
GACCAGACGCGAGGCCACGC_005,72
GACCAGACGCGAGGCCACGC_006,15
GACCAGACGCGAGGCCACGC_007,15
GACCAGACGCGAGGCCACGC_008,22
GACCAGACGCGAGGCCACGC_009,177
GACCAGACGCGAGGCCACGC_010,50
GACCAGACGCGAGGCCACGC_011,195
GACCAGACGCGAGGCCACGC_012,34
GACCAGACGCGAGGCCACGC_013,102
GACCAGACGCGAGGCCACGC_014,81
GACCAGACGCGAGGCCACGC_015,51
GACCAGACGCGAGGCCACGC_016,177
GACCAGACGCGAGGCCACGC_017,50
GACCAGACGCGAGGCCACGC_018,142
GACCAGACGCGAGGCCACGC_019,166
GACCAGACGCGAGGCCACGC_020,66
GCTTTGCCATATCGCACTCG_001,2
GCTTTGCCATATCGCACTCG_002,77
GCTTTGCCATATCGCACTCG_003,178
GCTTTGCCATATCGCACTCG_004,81
GCTTTGCCATATCGCACTCG_005,115
GCTTTGCCATATCGCACTCG_006,11
GCTTTGCCATATCGCACTCG_007,2
GCTTTGCCATATCGCACTCG_008,79
GCTTTGCCATATCGCACTCG_009,8
GCTTTGCCATATCGCACTCG_010,68
GTGTGTCCCTTACTGCGCAG_001,77
GTGTGTCCCTTACTGCGCAG_002,156
GTGTGTCCCTTACTGCGCAG_003,158
GTGTGTCCCTTACTGCGCAG_004,58
GTGTGTCCCTTACTGCGCAG_005,127
GTGTGTCCCTTACTGCGCAG_006,175
GTGTGTCCCTTACTGCGCAG_007,104
GTGTGTCCCTTACTGCGCAG_008,47
GTGTGTCCCTTACTGCGCAG_009,13
GTGTGTCCCTTACTGCGCAG_010,49
GTGTGTCCCTTACTGCGCAG_011,170
GTGTGTCCCTTACTGCGCAG_012,144
GTGTGTCCCTTACTGCGCAG_013,147
GTGTGTCCCTTACTGCGCAG_014,78
GTGTGTCCCTTACTGCGCAG_015,39
GATGAGGGACACCCGCACAC_001,181
GATGAGGGACACCCGCACAC_002,113
GATGAGGGACACCCGCACAC_003,144
GATGAGGGACACCCGCACAC_004,118
GATGAGGGACACCCGCACAC_005,7
GATGAGGGACACCCGCACAC_006,119
GATGAGGGACACCCGCACAC_007,147
GATGAGGGACACCCGCACAC_008,125
GATGAGGGACACCCGCACAC_009,18
GATGAGGGACACCCGCACAC_010,62
GATGAGGGACACCCGCACAC_011,104
GATGAGGGACACCCGCACAC_012,59
GATGAGGGACACCCGCACAC_013,45
GATGAGGGACACCCGCACAC_014,17
GATGAGGGACACCCGCACAC_015,191
GATGAGGGACACCCGCACAC_016,127
GATGAGGGACACCCGCACAC_017,102
GATGAGGGACACCCGCACAC_018,54
GATGAGGGACACCCGCACAC_019,181
GATGAGGGACACCCGCACAC_020,43
GATGAGGGACACCCGCACAC_021,27
GATGAGGGACACCCGCACAC_022,183
GATGAGGGACACCCGCACAC_023,19
GATGAGGGACACCCGCACAC_024,169
GATGAGGGACACCCGCACAC_025,36
GATGAGGGACACCCGCACAC_026,38
GATGAGGGACACCCGCACAC_027,9
GATGAGGGACACCCGCACAC_028,42
GATGAGGGACACCCGCACAC_029,160
GATGAGGGACACCCGCACAC_030,17
GATGAGGGACACCCGCACAC_031,147
GATGAGGGACACCCGCACAC_032,11
GATGAGGGACACCCGCACAC_033,165
GATGAGGGACACCCGCACAC_034,147
GATGAGGGACACCCGCACAC_035,42
GATGAGGGACACCCGCACAC_036,77
GATGAGGGACACCCGCACAC_037,47
GATGAGGGACACCCGCACAC_038,49
GATGAGGGACACCCGCACAC_039,48
GATGAGGGACACCCGCACAC_040,1
GATGAGGGACACCCGCACAC_041,176
GATGAGGGACACCCGCACAC_042,8
GATGAGGGACACCCGCACAC_043,148
GATGAGGGACACCCGCACAC_044,69
GATGAGGGACACCCGCACAC_045,110
GATGAGGGACACCCGCACAC_046,158
GATGAGGGACACCCGCACAC_047,81
GATGAGGGACACCCGCACAC_048,58
GATGAGGGACACCCGCACAC_049,146
GATGAGGGACACCCGCACAC_050,57
GATGAGGGACACCCGCACAC_051,74
GATGAGGGACACCCGCACAC_052,62
GATGAGGGACACCCGCACAC_053,66
GATGAGGGACACCCGCACAC_054,163
GATGAGGGACACCCGCACAC_055,181
GATGAGGGACACCCGCACAC_056,19
GATGAGGGACACCCGCACAC_057,196
GTCCAATTATAAGTAAACAT_001,20
GTCCAATTATAAGTAAACAT_002,81
ATGAATCAACTCTTGAATGG_001,185
ATGAATCAACTCTTGAATGG_002,66
AATGGTTGCTAAAAAAGCGG_001,119
AATGGTTGCTAAAAAAGCGG_002,88
AATGGTTGCTAAAAAAGCGG_003,88
AATGGTTGCTAAAAAAGCGG_004,157
AATGGTTGCTAAAAAAGCGG_005,122
AATGGTTGCTAAAAAAGCGG_006,58
GCAGGGTGATCAATACCCCG_001,197
GCAGGGTGATCAATACCCCG_002,105
GCAGGGTGATCAATACCCCG_003,70
GCAGGGTGATCAATACCCCG_004,74
GCAGGGTGATCAATACCCCG_005,92
GCAGGGTGATCAATACCCCG_006,121
GCAGGGTGATCAATACCCCG_007,126
GCAGGGTGATCAATACCCCG_008,75
AGAGCTAATTACAACTTTCG_001,177
AGAGCTAATTACAACTTTCG_002,11
AGAGCTAATTACAACTTTCG_003,182
AGAGCTAATTACAACTTTCG_004,2
AGAGCTAATTACAACTTTCG_005,4
GGACGTTGCCTGCTTTGCGG_001,78
GGACGTTGCCTGCTTTGCGG_002,162
GGACGTTGCCTGCTTTGCGG_003,148
GGACGTTGCCTGCTTTGCGG_004,102
GGACGTTGCCTGCTTTGCGG_005,199
GGACGTTGCCTGCTTTGCGG_006,7
GCCCTCTGTAGCAGACACGG_001,149
GCCCTCTGTAGCAGACACGG_002,157
GCCCTCTGTAGCAGACACGG_003,161
GCCCTCTGTAGCAGACACGG_004,76
GCCCTCTGTAGCAGACACGG_005,58
GCCCTCTGTAGCAGACACGG_006,97
GCCCTCTGTAGCAGACACGG_007,76
GCCCTCTGTAGCAGACACGG_008,127
GCCCTCTGTAGCAGACACGG_009,70
GCCCTCTGTAGCAGACACGG_010,179
GCCCTCTGTAGCAGACACGG_011,118
GCCCTCTGTAGCAGACACGG_012,119
GCCCTCTGTAGCAGACACGG_013,173
GCCCTCTGTAGCAGACACGG_014,15
GCCCTCTGTAGCAGACACGG_015,185
GCCCTCTGTAGCAGACACGG_016,11
GCCCTCTGTAGCAGACACGG_017,14
GCCCTCTGTAGCAGACACGG_018,63
GCCCTCTGTAGCAGACACGG_019,70
GCCCTCTGTAGCAGACACGG_020,142
GCCCTCTGTAGCAGACACGG_021,172
CTTCACATGTATGCTCATCG_001,6
CTTCACATGTATGCTCATCG_002,6
CTTCACATGTATGCTCATCG_003,170
CTTCACATGTATGCTCATCG_004,62
CTTCACATGTATGCTCATCG_005,187
CTTCACATGTATGCTCATCG_006,108
CTTCACATGTATGCTCATCG_007,9
CTTCACATGTATGCTCATCG_008,12
CTTCACATGTATGCTCATCG_009,146
CTTCACATGTATGCTCATCG_010,169
CTTCACATGTATGCTCATCG_011,143
AGATCTTACCCGGCTCACCA_001,81
AGATCTTACCCGGCTCACCA_002,195
AGATCTTACCCGGCTCACCA_003,158
AGATCTTACCCGGCTCACCA_004,81
AGATCTTACCCGGCTCACCA_005,62
AGATCTTACCCGGCTCACCA_006,49
AGATCTTACCCGGCTCACCA_007,40
AGATCTTACCCGGCTCACCA_008,34
AGATCTTACCCGGCTCACCA_009,118
AGATCTTACCCGGCTCACCA_010,142
AGATCTTACCCGGCTCACCA_011,33
AGATCTTACCCGGCTCACCA_012,124
AGATCTTACCCGGCTCACCA_013,175
AGATCTTACCCGGCTCACCA_014,148
GACCCGCATCGACCAAGATG_001,76
GACCCGCATCGACCAAGATG_002,178
GACCCGCATCGACCAAGATG_003,142
GACCCGCATCGACCAAGATG_004,198
GACCCGCATCGACCAAGATG_005,134
GACCCGCATCGACCAAGATG_006,50
GACCCGCATCGACCAAGATG_007,148
GACCCGCATCGACCAAGATG_008,65
GACCCGCATCGACCAAGATG_009,92
GACCCGCATCGACCAAGATG_010,61
GAGCAGCAGCCTCTCGCCCA_001,70
GAGCAGCAGCCTCTCGCCCA_002,84
GAGCAGCAGCCTCTCGCCCA_003,2
GAGCAGCAGCCTCTCGCCCA_004,153
GAGCAGCAGCCTCTCGCCCA_005,148
GAGCAGCAGCCTCTCGCCCA_006,175
GAGCAGCAGCCTCTCGCCCA_007,17
GAGCAGCAGCCTCTCGCCCA_008,88
GAGCAGCAGCCTCTCGCCCA_009,116
GAGCAGCAGCCTCTCGCCCA_010,126
GAGCAGCAGCCTCTCGCCCA_011,94
GTCTGGAAATGGCACAACCA_001,183
GTCTGGAAATGGCACAACCA_002,50
GTCTGGAAATGGCACAACCA_003,163
GTCTGGAAATGGCACAACCA_004,113
GTCTGGAAATGGCACAACCA_005,30
GTCTGGAAATGGCACAACCA_006,95
GTCTGGAAATGGCACAACCA_007,192
GTCTGGAAATGGCACAACCA_008,170
GTCTGGAAATGGCACAACCA_009,162
GTCTGGAAATGGCACAACCA_010,10
GTCTGGAAATGGCACAACCA_011,75
GTCTGGAAATGGCACAACCA_012,39
GTCTGGAAATGGCACAACCA_013,147
GTCTGGAAATGGCACAACCA_014,9
GTCTGGAAATGGCACAACCA_015,49
GTCTGGAAATGGCACAACCA_016,40
GTCTGGAAATGGCACAACCA_017,170
GTCTGGAAATGGCACAACCA_018,50
GTCTGGAAATGGCACAACCA_019,28
GTCTGGAAATGGCACAACCA_020,33
GTCTGGAAATGGCACAACCA_021,43
GTCTGGAAATGGCACAACCA_022,115
CTCTGTGGTATCAACAGACC_001,91
CTCTGTGGTATCAACAGACC_002,112
CTCTGTGGTATCAACAGACC_003,80
CTCTGTGGTATCAACAGACC_004,34
CTCTGTGGTATCAACAGACC_005,47
TCACCCCCCAGGAGAAACCA_001,70
TCACCCCCCAGGAGAAACCA_002,159
TCACCCCCCAGGAGAAACCA_003,159
TCACCCCCCAGGAGAAACCA_004,167
TCACCCCCCAGGAGAAACCA_005,167
TCACCCCCCAGGAGAAACCA_006,105
TCACCCCCCAGGAGAAACCA_007,160
TCACCCCCCAGGAGAAACCA_008,1
TCACCCCCCAGGAGAAACCA_009,7
TCACCCCCCAGGAGAAACCA_010,20
TCACCCCCCAGGAGAAACCA_011,162
TCACCCCCCAGGAGAAACCA_012,143
TCACCCCCCAGGAGAAACCA_013,60
TCACCCCCCAGGAGAAACCA_014,105
TCACCCCCCAGGAGAAACCA_015,137
TCACCCCCCAGGAGAAACCA_016,49
TCACCCCCCAGGAGAAACCA_017,160
TCACCCCCCAGGAGAAACCA_018,103
TCACCCCCCAGGAGAAACCA_019,161
TCACCCCCCAGGAGAAACCA_020,198
AGGGGCCATGACATGGCGAG_001,47
AGGGGCCATGACATGGCGAG_002,8
AGGGGCCATGACATGGCGAG_003,177
AGGGGCCATGACATGGCGAG_004,28
AGGGGCCATGACATGGCGAG_005,112
AGGGGCCATGACATGGCGAG_006,1
AGGGGCCATGACATGGCGAG_007,16
AGGGGCCATGACATGGCGAG_008,178
AAGCTGGCTGGGCAACTAGT_001,154
AAGCTGGCTGGGCAACTAGT_002,48
AAGCTGGCTGGGCAACTAGT_003,12
AAGCTGGCTGGGCAACTAGT_004,91
AAGCTGGCTGGGCAACTAGT_005,11
GAAGCTCCTTCCAGTAACAG_001,114
GAAGCTCCTTCCAGTAACAG_002,55
GAAGCTCCTTCCAGTAACAG_003,191
AAATGACCCTGGAAGCAATG_001,116
AGATGAGGCACCCGTACAAG_001,167
AGATGAGGCACCCGTACAAG_002,77
AGATGAGGCACCCGTACAAG_003,181
AGATGAGGCACCCGTACAAG_004,77
AGATGAGGCACCCGTACAAG_005,12
AGATGAGGCACCCGTACAAG_006,149
AGATGAGGCACCCGTACAAG_007,27
GCGGACCGACCGCTCCAAGG_001,189
GCGGACCGACCGCTCCAAGG_002,47
GCGGACCGACCGCTCCAAGG_003,44
GCGGACCGACCGCTCCAAGG_004,49
GCGGACCGACCGCTCCAAGG_005,16
GCGGACCGACCGCTCCAAGG_006,84
GCGGACCGACCGCTCCAAGG_007,63
GCGGACCGACCGCTCCAAGG_008,50
GCGGACCGACCGCTCCAAGG_009,56
GCGGACCGACCGCTCCAAGG_010,94
GCGGACCGACCGCTCCAAGG_011,119
GCGGACCGACCGCTCCAAGG_012,47
GCGGACCGACCGCTCCAAGG_013,125
GCGGACCGACCGCTCCAAGG_014,186
GCGGACCGACCGCTCCAAGG_015,141
GCGGACCGACCGCTCCAAGG_016,56
GCGGACCGACCGCTCCAAGG_017,82
GCGGACCGACCGCTCCAAGG_018,18
GCGGACCGACCGCTCCAAGG_019,115
GCGGACCGACCGCTCCAAGG_020,39
GCGGACCGACCGCTCCAAGG_021,21
GCGGACCGACCGCTCCAAGG_022,112
GCGGACCGACCGCTCCAAGG_023,31
GCGGACCGACCGCTCCAAGG_024,116
GCGGACCGACCGCTCCAAGG_025,195
GCGGACCGACCGCTCCAAGG_026,71
GCGGACCGACCGCTCCAAGG_027,98
GCGGACCGACCGCTCCAAGG_028,153
GCGGACCGACCGCTCCAAGG_029,55
GCGGACCGACCGCTCCAAGG_030,145
GCGGACCGACCGCTCCAAGG_031,69
GCGGACCGACCGCTCCAAGG_032,136
GCGGACCGACCGCTCCAAGG_033,96
GCGGACCGACCGCTCCAAGG_034,90
GCGGACCGACCGCTCCAAGG_035,156
GCGGACCGACCGCTCCAAGG_036,142
GCGGACCGACCGCTCCAAGG_037,39
GCGGACCGACCGCTCCAAGG_038,173
GCGGACCGACCGCTCCAAGG_039,10
GCGGACCGACCGCTCCAAGG_040,142
GCGGACCGACCGCTCCAAGG_041,188
GCGGACCGACCGCTCCAAGG_042,106
GCGGACCGACCGCTCCAAGG_043,19
GCGGACCGACCGCTCCAAGG_044,10
GCGGACCGACCGCTCCAAGG_045,0
GCGGACCGACCGCTCCAAGG_046,35
GCGGACCGACCGCTCCAAGG_047,46
GCAGCTAGATTCACTTCTAG_001,178
GCAGCTAGATTCACTTCTAG_002,137
GCAGCTAGATTCACTTCTAG_003,9
GCAGCTAGATTCACTTCTAG_004,168
GCTGTAGTTCATGATAACCT_001,156
GCTGTAGTTCATGATAACCT_002,34
GCTGTAGTTCATGATAACCT_003,38
GGAAACTTGCTGAACACCCG_001,137
GGAAACTTGCTGAACACCCG_002,9
GGAAACTTGCTGAACACCCG_003,106
GGAAACTTGCTGAACACCCG_004,119
GGAAACTTGCTGAACACCCG_005,144
GGAAACTTGCTGAACACCCG_006,147
GGAAACTTGCTGAACACCCG_007,122
GGAAACTTGCTGAACACCCG_008,20
GGAAACTTGCTGAACACCCG_009,172
GGAAACTTGCTGAACACCCG_010,168
TTAGTCTACCTGTGACATTC_001,137
TTAGTCTACCTGTGACATTC_002,97
TTAGTCTACCTGTGACATTC_003,129
TTAGTCTACCTGTGACATTC_004,62
TTAGTCTACCTGTGACATTC_005,62
TTAGTCTACCTGTGACATTC_006,95
TTAGTCTACCTGTGACATTC_007,105
TTAGTCTACCTGTGACATTC_008,106
TTAGTCTACCTGTGACATTC_009,120
CAGCTGCCTACAGACCACGT_001,154
CAGCTGCCTACAGACCACGT_002,159
CAGCTGCCTACAGACCACGT_003,48
CAGCTGCCTACAGACCACGT_004,170
CAGCTGCCTACAGACCACGT_005,127
CAGCTGCCTACAGACCACGT_006,194
CAGCTGCCTACAGACCACGT_007,177
CAGCTGCCTACAGACCACGT_008,69
CAGCTGCCTACAGACCACGT_009,184
CAGCTGCCTACAGACCACGT_010,160
CAGCTGCCTACAGACCACGT_011,49
CAGCTGCCTACAGACCACGT_012,19
CAGCTGCCTACAGACCACGT_013,10
CAGCTGCCTACAGACCACGT_014,33
CAGCTGCCTACAGACCACGT_015,160
CAGCTGCCTACAGACCACGT_016,169
CAGCTGCCTACAGACCACGT_017,185
CAAGTTTGGGAGCAATGTGG_001,68
CAAGTTTGGGAGCAATGTGG_002,83
CAAGTTTGGGAGCAATGTGG_003,115
CAAGTTTGGGAGCAATGTGG_004,99
CAAGTTTGGGAGCAATGTGG_005,76
CAAGTTTGGGAGCAATGTGG_006,69
CAAGTTTGGGAGCAATGTGG_007,82
CAAGTTTGGGAGCAATGTGG_008,40
CAAGTTTGGGAGCAATGTGG_009,94
CAAGTTTGGGAGCAATGTGG_010,152
CAAGTTTGGGAGCAATGTGG_011,14
CAAGTTTGGGAGCAATGTGG_012,166
CTGGAGAATACAAATCTGTG_001,199
CTGGAGAATACAAATCTGTG_002,147
CTGGAGAATACAAATCTGTG_003,192
TACCACCAGAGGGAAAGCTG_001,147
TACCACCAGAGGGAAAGCTG_002,6
TACCACCAGAGGGAAAGCTG_003,16
TACCACCAGAGGGAAAGCTG_004,176
TACCACCAGAGGGAAAGCTG_005,155
TACCACCAGAGGGAAAGCTG_006,141
TACCACCAGAGGGAAAGCTG_007,60
TACCACCAGAGGGAAAGCTG_008,195
TACCACCAGAGGGAAAGCTG_009,62
TACCACCAGAGGGAAAGCTG_010,48
TACCACCAGAGGGAAAGCTG_011,7
TACCACCAGAGGGAAAGCTG_012,102
TACCACCAGAGGGAAAGCTG_013,177
TACCACCAGAGGGAAAGCTG_014,158
TACCACCAGAGGGAAAGCTG_015,199
TACCACCAGAGGGAAAGCTG_016,105
TACCACCAGAGGGAAAGCTG_017,58
TACCACCAGAGGGAAAGCTG_018,49
TACCACCAGAGGGAAAGCTG_019,125
TACCACCAGAGGGAAAGCTG_020,8
TACCACCAGAGGGAAAGCTG_021,8
TACCACCAGAGGGAAAGCTG_022,14
TACCACCAGAGGGAAAGCTG_023,155
TACCACCAGAGGGAAAGCTG_024,117
TACCACCAGAGGGAAAGCTG_025,115
TACCACCAGAGGGAAAGCTG_026,123
GCTCACCGCATTCTAGGCAA_001,12
GCTCACCGCATTCTAGGCAA_002,44
GCTCATTTCATCACAAGCTG_001,57
GCTCATTTCATCACAAGCTG_002,105
GCTCATTTCATCACAAGCTG_003,8
GCTCATTTCATCACAAGCTG_004,84
GCTCATTTCATCACAAGCTG_005,144
GCTCATTTCATCACAAGCTG_006,170
GCTCATTTCATCACAAGCTG_007,153
GCTCATTTCATCACAAGCTG_008,124
GCTCATTTCATCACAAGCTG_009,150
GCTCATTTCATCACAAGCTG_010,147
AGCTTCATGTAGGTTAGACG_001,140
AGCTTCATGTAGGTTAGACG_002,12
AGCTTCATGTAGGTTAGACG_003,188
AGCTTCATGTAGGTTAGACG_004,119
AGCTTCATGTAGGTTAGACG_005,177
AGCTTCATGTAGGTTAGACG_006,29
AGCTTCATGTAGGTTAGACG_007,60
AGCTTCATGTAGGTTAGACG_008,147
AGCTTCATGTAGGTTAGACG_009,117
AGCTTCATGTAGGTTAGACG_010,43
AGCTTCATGTAGGTTAGACG_011,181
AGCTTCATGTAGGTTAGACG_012,156
AGCTTCATGTAGGTTAGACG_013,199
AGCTTCATGTAGGTTAGACG_014,62
AGCTTCATGTAGGTTAGACG_015,8
AGCTTCATGTAGGTTAGACG_016,142
AGCTTCATGTAGGTTAGACG_017,13
GGTGAAATGCAACTTCAATG_001,181
GGTGAAATGCAACTTCAATG_002,1
GGTGAAATGCAACTTCAATG_003,110
GGTGAAATGCAACTTCAATG_004,52
GGTGAAATGCAACTTCAATG_005,9
GGTGAAATGCAACTTCAATG_006,106
GGTGAAATGCAACTTCAATG_007,187
GGTGAAATGCAACTTCAATG_008,110
GGTGAAATGCAACTTCAATG_009,141
GGTGAAATGCAACTTCAATG_010,42
GGTGAAATGCAACTTCAATG_011,150
GGTGAAATGCAACTTCAATG_012,106
GGTGAAATGCAACTTCAATG_013,56
GGTGAAATGCAACTTCAATG_014,157
GGTGAAATGCAACTTCAATG_015,104
GTGTCCTACAGGATTTACAT_001,149
GTGTCCTACAGGATTTACAT_002,101
GTGTCCTACAGGATTTACAT_003,40
GTGTCCTACAGGATTTACAT_004,144
GTGTCCTACAGGATTTACAT_005,18
ACTAGAAGTGCAGTTGACAT_001,84
ACTAGAAGTGCAGTTGACAT_002,41
ACTAGAAGTGCAGTTGACAT_003,29
ACTAGAAGTGCAGTTGACAT_004,60
ACTAGAAGTGCAGTTGACAT_005,127
ACTAGAAGTGCAGTTGACAT_006,50
ACTAGAAGTGCAGTTGACAT_007,191
ACTAGAAGTGCAGTTGACAT_008,28
ACTAGAAGTGCAGTTGACAT_009,188
ACTAGAAGTGCAGTTGACAT_010,63
ACTAGAAGTGCAGTTGACAT_011,68
ACTAGAAGTGCAGTTGACAT_012,196
GGGTCGCACCTGAAACCGCG_001,1
GGGTCGCACCTGAAACCGCG_002,106
GGGTCGCACCTGAAACCGCG_003,102
GGGTCGCACCTGAAACCGCG_004,9
GGGTCGCACCTGAAACCGCG_005,141
GGGTCGCACCTGAAACCGCG_006,16
GGGTCGCACCTGAAACCGCG_007,88
GGGTCGCACCTGAAACCGCG_008,58
GGGTCGCACCTGAAACCGCG_009,2
GGGTCGCACCTGAAACCGCG_010,51
GGGTCGCACCTGAAACCGCG_011,82
GGGTCGCACCTGAAACCGCG_012,9
GGGTCGCACCTGAAACCGCG_013,56
GGGTCGCACCTGAAACCGCG_014,46
GGGTCGCACCTGAAACCGCG_015,42
GGGTCGCACCTGAAACCGCG_016,117
GGGTCGCACCTGAAACCGCG_017,28
GGGTCGCACCTGAAACCGCG_018,147
GGGTCGCACCTGAAACCGCG_019,147
ACGGTAACAGTGTAACCTCG_001,133
ACGGTAACAGTGTAACCTCG_002,159
ACGGTAACAGTGTAACCTCG_003,77
ACGGTAACAGTGTAACCTCG_004,5
ACGGTAACAGTGTAACCTCG_005,69
ACGGTAACAGTGTAACCTCG_006,158
TTTACTGCAAAACAAGCATG_001,167
TTTACTGCAAAACAAGCATG_002,167
TTTACTGCAAAACAAGCATG_003,112
TTTACTGCAAAACAAGCATG_004,52
TTTACTGCAAAACAAGCATG_005,176
TTTACTGCAAAACAAGCATG_006,148
CATAAGGAGACATCCCACTT_001,37
CATAAGGAGACATCCCACTT_002,31
CATAAGGAGACATCCCACTT_003,184
CATAAGGAGACATCCCACTT_004,37
CATAAGGAGACATCCCACTT_005,106
TATTTCCTTACGCAAGCAGT_001,170
TATTTCCTTACGCAAGCAGT_002,29
TATTTCCTTACGCAAGCAGT_003,22
TATTTCCTTACGCAAGCAGT_004,0
TATTTCCTTACGCAAGCAGT_005,11
CTGGCTTAATATAAGGAGGT_001,48
ACTCTTCGGCACATCATCTG_001,58
ACTCTTCGGCACATCATCTG_002,176
ACTCTTCGGCACATCATCTG_003,93
ACTCTTCGGCACATCATCTG_004,191
ACTCTTCGGCACATCATCTG_005,170
ACTCTTCGGCACATCATCTG_006,54
ACTCTTCGGCACATCATCTG_007,171
ACTCTTCGGCACATCATCTG_008,94
ACTCTTCGGCACATCATCTG_009,33
ACTCTTCGGCACATCATCTG_010,96
ACTCTTCGGCACATCATCTG_011,10
ACTCTTCGGCACATCATCTG_012,124
ACTCTTCGGCACATCATCTG_013,158
ACTCTTCGGCACATCATCTG_014,198
ACTCTTCGGCACATCATCTG_015,155
ACTCTTCGGCACATCATCTG_016,68
ACTCTTCGGCACATCATCTG_017,65
ACTCTTCGGCACATCATCTG_018,104
ACTCTTCGGCACATCATCTG_019,136
ACTCTTCGGCACATCATCTG_020,161
ACTCTTCGGCACATCATCTG_021,9
ACTCTTCGGCACATCATCTG_022,156
ACTCTTCGGCACATCATCTG_023,9
ACTCTTCGGCACATCATCTG_024,199
ACTCTTCGGCACATCATCTG_025,19
AGAGAAACCCTGCAAAGATG_001,183
AGAGAAACCCTGCAAAGATG_002,81
AGAGAAACCCTGCAAAGATG_003,9
CAGGCAATCTGGATGAGAGG_001,0
CAGGCAATCTGGATGAGAGG_002,172
CAGGCAATCTGGATGAGAGG_003,107
CAGGCAATCTGGATGAGAGG_004,14
TTCTGTAGGACACTTCATAG_001,30
TTCTGTAGGACACTTCATAG_002,29
TTCTGTAGGACACTTCATAG_003,88
TTCTGTAGGACACTTCATAG_004,168
TTCTGTAGGACACTTCATAG_005,29
TTCTGTAGGACACTTCATAG_006,43
TTCTGTAGGACACTTCATAG_007,34
TTCTGTAGGACACTTCATAG_008,138
TTCTGTAGGACACTTCATAG_009,81
TTCTGTAGGACACTTCATAG_010,81
AAGAAGACCAAGTAGATCCG_001,188
AAGAAGACCAAGTAGATCCG_002,101
AAGAAGACCAAGTAGATCCG_003,154
AAGAAGACCAAGTAGATCCG_004,191
AAGAAGACCAAGTAGATCCG_005,139
AAGAAGACCAAGTAGATCCG_006,23
AGGCCATGGAGGTAGACGAG_001,69
AAAATTTGTCCAGTCAAAAG_001,184
AAAATTTGTCCAGTCAAAAG_002,46
AGGGTGACGGTGACTTGACT_001,193
AGGGTGACGGTGACTTGACT_002,127
AGGGTGACGGTGACTTGACT_003,106
AGGGTGACGGTGACTTGACT_004,75
AGGGTGACGGTGACTTGACT_005,155
AGGGTGACGGTGACTTGACT_006,155
AGGGTGACGGTGACTTGACT_007,190
AGGGTGACGGTGACTTGACT_008,48
AGGGTGACGGTGACTTGACT_009,15
AGGGTGACGGTGACTTGACT_010,145
AGGGTGACGGTGACTTGACT_011,195
AGGGTGACGGTGACTTGACT_012,121
AGGGTGACGGTGACTTGACT_013,120
AGGGTGACGGTGACTTGACT_014,84
AGGGTGACGGTGACTTGACT_015,172
AGGGTGACGGTGACTTGACT_016,32
AGCACTACGTGGAAAACGGA_001,112
AGCACTACGTGGAAAACGGA_002,41
AGCACTACGTGGAAAACGGA_003,27
AGCACTACGTGGAAAACGGA_004,146
AGCACTACGTGGAAAACGGA_005,192
AGCACTACGTGGAAAACGGA_006,159
AGCACTACGTGGAAAACGGA_007,3
AGCACTACGTGGAAAACGGA_008,133
CATGGCTGGCGACGACGACG_001,23
CATGGCTGGCGACGACGACG_002,19
CATGGCTGGCGACGACGACG_003,41
CATGGCTGGCGACGACGACG_004,63
CATGGCTGGCGACGACGACG_005,65
CATGGCTGGCGACGACGACG_006,141
CATGGCTGGCGACGACGACG_007,50
CATGGCTGGCGACGACGACG_008,145
AAGTCGAATCAAGAGCAACG_001,23
AAGTCGAATCAAGAGCAACG_002,199
AAGTCGAATCAAGAGCAACG_003,173
AAGTCGAATCAAGAGCAACG_004,173
AAGTCGAATCAAGAGCAACG_005,58
AAGTCGAATCAAGAGCAACG_006,17
AAGTCGAATCAAGAGCAACG_007,41
AAGTCGAATCAAGAGCAACG_008,36
AAGTCGAATCAAGAGCAACG_009,81
ACATGTCTCTAAAAGCTCTG_001,130
ACATGTCTCTAAAAGCTCTG_002,125
ACATGTCTCTAAAAGCTCTG_003,195
ACATGTCTCTAAAAGCTCTG_004,47
ACATGTCTCTAAAAGCTCTG_005,178
ACATGTCTCTAAAAGCTCTG_006,6
ACATGTCTCTAAAAGCTCTG_007,18
ACATGTCTCTAAAAGCTCTG_008,0
ACATGTCTCTAAAAGCTCTG_009,17
ACATGTCTCTAAAAGCTCTG_010,158
ACATGTCTCTAAAAGCTCTG_011,112
GACATACAATGGATGGCCCT_001,81
GACATACAATGGATGGCCCT_002,95
GACATACAATGGATGGCCCT_003,2
GACATACAATGGATGGCCCT_004,30
GACATACAATGGATGGCCCT_005,147
GACATACAATGGATGGCCCT_006,141
GACATACAATGGATGGCCCT_007,45
GACATACAATGGATGGCCCT_008,2
GACATACAATGGATGGCCCT_009,116
GACATACAATGGATGGCCCT_010,147
GACATACAATGGATGGCCCT_011,2
GACATACAATGGATGGCCCT_012,168
GACATACAATGGATGGCCCT_013,1
GACATACAATGGATGGCCCT_014,8
GACATACAATGGATGGCCCT_015,88
GACATACAATGGATGGCCCT_016,82
GACATACAATGGATGGCCCT_017,28
GACATACAATGGATGGCCCT_018,103
GACATACAATGGATGGCCCT_019,87
GACATACAATGGATGGCCCT_020,78
GACATACAATGGATGGCCCT_021,77
GACATACAATGGATGGCCCT_022,107
GCCTTACCCTCCGAGGAGCG_001,194
GCCTTACCCTCCGAGGAGCG_002,63
GCCTTACCCTCCGAGGAGCG_003,121
GCCTTACCCTCCGAGGAGCG_004,193
GCCTTACCCTCCGAGGAGCG_005,193
GCCTTACCCTCCGAGGAGCG_006,188
GCCTTACCCTCCGAGGAGCG_007,49
GCCTTACCCTCCGAGGAGCG_008,31
GCCTTACCCTCCGAGGAGCG_009,13
GCCTTACCCTCCGAGGAGCG_010,189
GCCTTACCCTCCGAGGAGCG_011,88
GCCTTACCCTCCGAGGAGCG_012,141
GCCTTACCCTCCGAGGAGCG_013,88
GCCTTACCCTCCGAGGAGCG_014,56
GCCTTACCCTCCGAGGAGCG_015,115
GCCTTACCCTCCGAGGAGCG_016,2
GCCTTACCCTCCGAGGAGCG_017,13
GCCTTACCCTCCGAGGAGCG_018,130
GCCTTACCCTCCGAGGAGCG_019,45
GCCTTACCCTCCGAGGAGCG_020,168
GCCTTACCCTCCGAGGAGCG_021,57
GCCTTACCCTCCGAGGAGCG_022,63
GCCTTACCCTCCGAGGAGCG_023,149
TCATCAAATAGCCCAACACA_001,11
TCATCAAATAGCCCAACACA_002,24
TCATCAAATAGCCCAACACA_003,158
TCATCAAATAGCCCAACACA_004,147
TCATCAAATAGCCCAACACA_005,188
TCATCAAATAGCCCAACACA_006,48
TCATCAAATAGCCCAACACA_007,124
TCATCAAATAGCCCAACACA_008,62
TCATCAAATAGCCCAACACA_009,17
TCATCAAATAGCCCAACACA_010,48
TCATCAAATAGCCCAACACA_011,20
TCATCAAATAGCCCAACACA_012,91
TCCCAGTGCTTCGATGCCAA_001,88
TCCCAGTGCTTCGATGCCAA_002,101
TCCCAGTGCTTCGATGCCAA_003,132
TCCCAGTGCTTCGATGCCAA_004,32
TCCCAGTGCTTCGATGCCAA_005,78
TCCCAGTGCTTCGATGCCAA_006,124
TCCCAGTGCTTCGATGCCAA_007,76
TCCCAGTGCTTCGATGCCAA_008,141
TCCCAGTGCTTCGATGCCAA_009,22
TCCCAGTGCTTCGATGCCAA_010,140
CAGGCACATGGCAATTAGGT_001,58
CAGGCACATGGCAATTAGGT_002,71
CAGGCACATGGCAATTAGGT_003,147
CAGGCACATGGCAATTAGGT_004,77
CAGGCACATGGCAATTAGGT_005,63
CAGGCACATGGCAATTAGGT_006,76
CAGGCACATGGCAATTAGGT_007,41
TTCTAATTCTCTGGTCATCG_001,63
TTCTAATTCTCTGGTCATCG_002,149
GAGAAGTGAACGATGGATTG_001,160
GAGAAGTGAACGATGGATTG_002,191
GAGAAGTGAACGATGGATTG_003,49
GAGAAGTGAACGATGGATTG_004,170
GAGAAGTGAACGATGGATTG_005,48
GAGAAGTGAACGATGGATTG_006,48
GAGAAGTGAACGATGGATTG_007,86
GAGAAGTGAACGATGGATTG_008,148
GAGAAGTGAACGATGGATTG_009,19
GAGAAGTGAACGATGGATTG_010,36
GAGAAGTGAACGATGGATTG_011,96
GAGAAGTGAACGATGGATTG_012,52
GAGAAGTGAACGATGGATTG_013,69
GAGAAGTGAACGATGGATTG_014,166
GAGAAGTGAACGATGGATTG_015,198
GAGAAGTGAACGATGGATTG_016,6
GAGAAGTGAACGATGGATTG_017,102
GAGAAGTGAACGATGGATTG_018,28
GAGAAGTGAACGATGGATTG_019,121
TGTTACCAGCAGTCAATGAA_001,29
TGTTACCAGCAGTCAATGAA_002,140
TGTTACCAGCAGTCAATGAA_003,42
TGTTACCAGCAGTCAATGAA_004,100
TGTTACCAGCAGTCAATGAA_005,7
TGTTACCAGCAGTCAATGAA_006,188
CACTAGCGGACACGATGGGG_001,119
CACTAGCGGACACGATGGGG_002,94
CACTAGCGGACACGATGGGG_003,78
CACTAGCGGACACGATGGGG_004,81
CACTAGCGGACACGATGGGG_005,50
CACTAGCGGACACGATGGGG_006,105
CACTAGCGGACACGATGGGG_007,6
CACTAGCGGACACGATGGGG_008,30
CACTAGCGGACACGATGGGG_009,28
CACTAGCGGACACGATGGGG_010,15
CACTAGCGGACACGATGGGG_011,20
CACTAGCGGACACGATGGGG_012,29
CACTAGCGGACACGATGGGG_013,15
AGGTCCACGATGCCCCACTG_001,49
AGGTCCACGATGCCCCACTG_002,107
AGGTCCACGATGCCCCACTG_003,130
AGGTCCACGATGCCCCACTG_004,105
AGGTCCACGATGCCCCACTG_005,68
AGGTCCACGATGCCCCACTG_006,66
AGGTCCACGATGCCCCACTG_007,49
AGGTCCACGATGCCCCACTG_008,126
AGGTCCACGATGCCCCACTG_009,166
AGGTCCACGATGCCCCACTG_010,174
AGGTCCACGATGCCCCACTG_011,168
AGGTCCACGATGCCCCACTG_012,15
AGGTCCACGATGCCCCACTG_013,56
AGGTCCACGATGCCCCACTG_014,141
AGGTCCACGATGCCCCACTG_015,192
CGATCACGTAAATGTCATGG_001,170
CGATCACGTAAATGTCATGG_002,20
CGATCACGTAAATGTCATGG_003,66
CGATCACGTAAATGTCATGG_004,158
GTATGGAACCTTAAACCACG_001,171
GTATGGAACCTTAAACCACG_002,107
GTATGGAACCTTAAACCACG_003,45
GTATGGAACCTTAAACCACG_004,54
GTATGGAACCTTAAACCACG_005,190
GTATGGAACCTTAAACCACG_006,43
GTATGGAACCTTAAACCACG_007,199
GTATGGAACCTTAAACCACG_008,132
GTATGGAACCTTAAACCACG_009,81
GTATGGAACCTTAAACCACG_010,8
GTATGGAACCTTAAACCACG_011,190
GTATGGAACCTTAAACCACG_012,24
GTATGGAACCTTAAACCACG_013,146
GTATGGAACCTTAAACCACG_014,88
GTATGGAACCTTAAACCACG_015,16
TGGACATCTCGGCGAAGTCG_001,156
TGGACATCTCGGCGAAGTCG_002,113
TGGACATCTCGGCGAAGTCG_003,89
TGGACATCTCGGCGAAGTCG_004,141
TGGACATCTCGGCGAAGTCG_005,76
TGGACATCTCGGCGAAGTCG_006,50
TGGACATCTCGGCGAAGTCG_007,99
TGGACATCTCGGCGAAGTCG_008,165
TTTCTCTTAGGAGTATACGA_001,192
TTTCTCTTAGGAGTATACGA_002,57
TTTCTCTTAGGAGTATACGA_003,31
TTTCTCTTAGGAGTATACGA_004,103
TTTCTCTTAGGAGTATACGA_005,179
TTTCTCTTAGGAGTATACGA_006,39
TTTCTCTTAGGAGTATACGA_007,61
TTTCTCTTAGGAGTATACGA_008,1
GGAGGAAAATTACCGAATAG_001,70
GGAGGAAAATTACCGAATAG_002,73
GGAGGAAAATTACCGAATAG_003,171
GGAGGAAAATTACCGAATAG_004,40
GAGCCAGCAACCAGAATGAA_001,138
GAGCCAGCAACCAGAATGAA_002,175
GAGCCAGCAACCAGAATGAA_003,83
GAGCCAGCAACCAGAATGAA_004,98
GAGCCAGCAACCAGAATGAA_005,187
GAGCCAGCAACCAGAATGAA_006,169
GAGCCAGCAACCAGAATGAA_007,169
GAGCCAGCAACCAGAATGAA_008,115
CTCACGAGTGCGATCTCTGT_001,62
CTCACGAGTGCGATCTCTGT_002,130
CTCACGAGTGCGATCTCTGT_003,28
CTCACGAGTGCGATCTCTGT_004,20
CTCACGAGTGCGATCTCTGT_005,9
TCAGGCAGGAAAAGAATACG_001,86
TCAGGCAGGAAAAGAATACG_002,118
TCAGGCAGGAAAAGAATACG_003,19
TCAGGCAGGAAAAGAATACG_004,2
TCAGGCAGGAAAAGAATACG_005,113
AAACCTACGTAAATGGCAAG_001,182
AAACCTACGTAAATGGCAAG_002,169
AAACCTACGTAAATGGCAAG_003,168
AAACCTACGTAAATGGCAAG_004,47
AAACCTACGTAAATGGCAAG_005,80
AAACCTACGTAAATGGCAAG_006,124
CTGTACCCGGGTCAGCGACA_001,105
CTGTACCCGGGTCAGCGACA_002,189
CTGTACCCGGGTCAGCGACA_003,183
CTGTACCCGGGTCAGCGACA_004,9
CTGTACCCGGGTCAGCGACA_005,48
CTGTACCCGGGTCAGCGACA_006,103
CTGTACCCGGGTCAGCGACA_007,66
CTGTACCCGGGTCAGCGACA_008,150
CTGTACCCGGGTCAGCGACA_009,31
CTGTACCCGGGTCAGCGACA_010,126
CTGTACCCGGGTCAGCGACA_011,69
CTGTACCCGGGTCAGCGACA_012,65
CTGTACCCGGGTCAGCGACA_013,104
CTGTACCCGGGTCAGCGACA_014,129
CTGTACCCGGGTCAGCGACA_015,128
CTGTACCCGGGTCAGCGACA_016,56
CTGTACCCGGGTCAGCGACA_017,166
CTGTACCCGGGTCAGCGACA_018,52
CTGTACCCGGGTCAGCGACA_019,149
CTGTACCCGGGTCAGCGACA_020,138
CTGTACCCGGGTCAGCGACA_021,51
CTGTACCCGGGTCAGCGACA_022,34
CTGTACCCGGGTCAGCGACA_023,40
CTGTACCCGGGTCAGCGACA_024,116
CTGTACCCGGGTCAGCGACA_025,84
CTGTACCCGGGTCAGCGACA_026,143
CTGTACCCGGGTCAGCGACA_027,143
CTGTACCCGGGTCAGCGACA_028,175
ACTTGGATGTGGCTAATGCG_001,49
CACCAGTACCAACAGCACAG_001,176
CACCAGTACCAACAGCACAG_002,116
CACCAGTACCAACAGCACAG_003,156
CACCAGTACCAACAGCACAG_004,58
CACCAGTACCAACAGCACAG_005,181
CACCAGTACCAACAGCACAG_006,118
CACCAGTACCAACAGCACAG_007,49
CACCAGTACCAACAGCACAG_008,121
CACCAGTACCAACAGCACAG_009,121
CACCAGTACCAACAGCACAG_010,14
CACCAGTACCAACAGCACAG_011,130
CACCAGTACCAACAGCACAG_012,123
CACCAGTACCAACAGCACAG_013,88
CACCAGTACCAACAGCACAG_014,75
CACCAGTACCAACAGCACAG_015,32
CACCAGTACCAACAGCACAG_016,159
CACCAGTACCAACAGCACAG_017,81
CACCAGTACCAACAGCACAG_018,14
CACCAGTACCAACAGCACAG_019,15
CACCAGTACCAACAGCACAG_020,70
CACCAGTACCAACAGCACAG_021,55
CACCAGTACCAACAGCACAG_022,52
CACCAGTACCAACAGCACAG_023,125
CACCAGTACCAACAGCACAG_024,37
CACCAGTACCAACAGCACAG_025,19
CACCAGTACCAACAGCACAG_026,161
CACCAGTACCAACAGCACAG_027,165
CACCAGTACCAACAGCACAG_028,52
GTGAAATCAGTGGAGTGGCA_001,163
GTGAAATCAGTGGAGTGGCA_002,127
GTGAAATCAGTGGAGTGGCA_003,149
GTGAAATCAGTGGAGTGGCA_004,127
TGTATCGTGTTCATCAGATG_001,160
TGTATCGTGTTCATCAGATG_002,38
TGTATCGTGTTCATCAGATG_003,193
TGTATCGTGTTCATCAGATG_004,12
TGTATCGTGTTCATCAGATG_005,105
TGTATCGTGTTCATCAGATG_006,64
TGTATCGTGTTCATCAGATG_007,34
TATGACAGAAGGGTAATTCG_001,42
TATGACAGAAGGGTAATTCG_002,121
TATGACAGAAGGGTAATTCG_003,12
TATGACAGAAGGGTAATTCG_004,11
TTACATCCACAACTCTAGCA_001,182
TTACATCCACAACTCTAGCA_002,65
TTACATCCACAACTCTAGCA_003,16
TTACATCCACAACTCTAGCA_004,37
TTACATCCACAACTCTAGCA_005,93
TTACATCCACAACTCTAGCA_006,81
TTACATCCACAACTCTAGCA_007,31
TTACATCCACAACTCTAGCA_008,38
TTACATCCACAACTCTAGCA_009,113
TTACATCCACAACTCTAGCA_010,52
TTACATCCACAACTCTAGCA_011,119
TTACATCCACAACTCTAGCA_012,142
CAATTTATACAGAACAACCG_001,35
CAATTTATACAGAACAACCG_002,82
CAATTTATACAGAACAACCG_003,157
CAATTTATACAGAACAACCG_004,41
CAATTTATACAGAACAACCG_005,99
CAACATAGACGAGGATATGG_001,67
CAACATAGACGAGGATATGG_002,158
CAACATAGACGAGGATATGG_003,103
CAACATAGACGAGGATATGG_004,43
CAACATAGACGAGGATATGG_005,58
CAACATAGACGAGGATATGG_006,77
CCAGACACCATTGTTCAGAC_001,28
AGATCGAAGTATGCCTCACC_001,194
AGATCGAAGTATGCCTCACC_002,13
GCACTTTGCTGAACACCCCG_001,171
GCACTTTGCTGAACACCCCG_002,198
GCACTTTGCTGAACACCCCG_003,79
GCACTTTGCTGAACACCCCG_004,37
GCACTTTGCTGAACACCCCG_005,156
GCACTTTGCTGAACACCCCG_006,183
GCACTTTGCTGAACACCCCG_007,72
GCACTTTGCTGAACACCCCG_008,25
GCACTTTGCTGAACACCCCG_009,143
GCACTTTGCTGAACACCCCG_010,141
GCACTTTGCTGAACACCCCG_011,162
GCACTTTGCTGAACACCCCG_012,86
GCACTTTGCTGAACACCCCG_013,105
GCACTTTGCTGAACACCCCG_014,108
GCACTTTGCTGAACACCCCG_015,161
GCACTTTGCTGAACACCCCG_016,1
GCACTTTGCTGAACACCCCG_017,61
GCACTTTGCTGAACACCCCG_018,88
GCACTTTGCTGAACACCCCG_019,199
GCACTTTGCTGAACACCCCG_020,91
GCACTTTGCTGAACACCCCG_021,166
GCACTTTGCTGAACACCCCG_022,112
GCACTTTGCTGAACACCCCG_023,79
GCACTTTGCTGAACACCCCG_024,130
GCACTTTGCTGAACACCCCG_025,5
AAACGTAGCATTATAGTTAG_001,153
AAACGTAGCATTATAGTTAG_002,150
AAACGTAGCATTATAGTTAG_003,105
AAACGTAGCATTATAGTTAG_004,184
AAACGTAGCATTATAGTTAG_005,12
TACAAGAAGAGTGCCAACAG_001,15
TACAAGAAGAGTGCCAACAG_002,108
TACAAGAAGAGTGCCAACAG_003,113
TACAAGAAGAGTGCCAACAG_004,169
TACAAGAAGAGTGCCAACAG_005,144
TACAAGAAGAGTGCCAACAG_006,72
TACAAGAAGAGTGCCAACAG_007,100
TACAAGAAGAGTGCCAACAG_008,104
TGTGGCATTACAGTCCATGA_001,140
TGTGGCATTACAGTCCATGA_002,28
ACCTACGGGAGGCTCAACTC_001,78
ACCTACGGGAGGCTCAACTC_002,130
ACCTACGGGAGGCTCAACTC_003,2
ACCTACGGGAGGCTCAACTC_004,169
ACCTACGGGAGGCTCAACTC_005,60
ACCTACGGGAGGCTCAACTC_006,190
ACCTACGGGAGGCTCAACTC_007,22
ACCTACGGGAGGCTCAACTC_008,174
ACCTACGGGAGGCTCAACTC_009,155
ACCTACGGGAGGCTCAACTC_010,16
ACCTACGGGAGGCTCAACTC_011,75
TTGTACTGAGCCACATGACA_001,95
TTGTACTGAGCCACATGACA_002,175
TTGTACTGAGCCACATGACA_003,84
TTGTACTGAGCCACATGACA_004,198
TTGTACTGAGCCACATGACA_005,134
TTGTACTGAGCCACATGACA_006,48
TTGTACTGAGCCACATGACA_007,150
TTGTACTGAGCCACATGACA_008,8
TTGTACTGAGCCACATGACA_009,77
AAATCTTAAACCTGACATGG_001,181
AGACATCAATTCTAGGACAT_001,37
AGACATCAATTCTAGGACAT_002,7
AGACATCAATTCTAGGACAT_003,123
AGACATCAATTCTAGGACAT_004,27
AGGCAAACTCCACTGTGGCG_001,130
AGGCAAACTCCACTGTGGCG_002,134
AGGCAAACTCCACTGTGGCG_003,15
AGGCAAACTCCACTGTGGCG_004,115
AGGCAAACTCCACTGTGGCG_005,52
AGGCAAACTCCACTGTGGCG_006,169
AGGCAAACTCCACTGTGGCG_007,191
AGGCAAACTCCACTGTGGCG_008,154
AGGCAAACTCCACTGTGGCG_009,34
AGGCAAACTCCACTGTGGCG_010,83
AGGCAAACTCCACTGTGGCG_011,46
AGGCAAACTCCACTGTGGCG_012,73
AGGCAAACTCCACTGTGGCG_013,153
AGGCAAACTCCACTGTGGCG_014,77
AGGCAAACTCCACTGTGGCG_015,41
AGGCAAACTCCACTGTGGCG_016,96
AGGCAAACTCCACTGTGGCG_017,9
AGGCAAACTCCACTGTGGCG_018,52
AGGCAAACTCCACTGTGGCG_019,99
AGGCAAACTCCACTGTGGCG_020,147
AGGCAAACTCCACTGTGGCG_021,152
AGGCAAACTCCACTGTGGCG_022,29
AGGCAAACTCCACTGTGGCG_023,199
AGGCAAACTCCACTGTGGCG_024,184
AGGCAAACTCCACTGTGGCG_025,56
AGGCAAACTCCACTGTGGCG_026,96
AGGCAAACTCCACTGTGGCG_027,42
AGGCAAACTCCACTGTGGCG_028,78
AGGCAAACTCCACTGTGGCG_029,9
AGGCAAACTCCACTGTGGCG_030,41
AGGCAAACTCCACTGTGGCG_031,136
AGGCAAACTCCACTGTGGCG_032,142
AGGCAAACTCCACTGTGGCG_033,75
GCTAGTGAATCTGACCCGAC_001,198
GCTAGTGAATCTGACCCGAC_002,184
GCTAGTGAATCTGACCCGAC_003,168
GCTAGTGAATCTGACCCGAC_004,16
GCTAGTGAATCTGACCCGAC_005,56
GCTAGTGAATCTGACCCGAC_006,142
GTTTCAGGCCAACATAGCCG_001,62
GTTTCAGGCCAACATAGCCG_002,162
GTTTCAGGCCAACATAGCCG_003,149
GTTTCAGGCCAACATAGCCG_004,58
GTTTCAGGCCAACATAGCCG_005,111
TCTTACACACCCGACAGACG_001,143
TCTTACACACCCGACAGACG_002,19
TCTTACACACCCGACAGACG_003,44
TGGGCAACAAGTCAGACCTG_001,120
TGGGCAACAAGTCAGACCTG_002,19
TGGGCAACAAGTCAGACCTG_003,108
TGGGCAACAAGTCAGACCTG_004,33
TGGGCAACAAGTCAGACCTG_005,104
TGGGCAACAAGTCAGACCTG_006,10
TGGGCAACAAGTCAGACCTG_007,69
TGGGCAACAAGTCAGACCTG_008,168
TGGGCAACAAGTCAGACCTG_009,94
GTGATTCTGTCCGTTCAGTG_001,42
GTGATTCTGTCCGTTCAGTG_002,15
GTGATTCTGTCCGTTCAGTG_003,148
GTGATTCTGTCCGTTCAGTG_004,133
GTGATTCTGTCCGTTCAGTG_005,188
GTGATTCTGTCCGTTCAGTG_006,149
GTGATTCTGTCCGTTCAGTG_007,187
GTGATTCTGTCCGTTCAGTG_008,121
GTGATTCTGTCCGTTCAGTG_009,171
GTGATTCTGTCCGTTCAGTG_010,150
GTGATTCTGTCCGTTCAGTG_011,170
GTGATTCTGTCCGTTCAGTG_012,13
TGAGTACAAACAATAAACTC_001,44
TGAGTACAAACAATAAACTC_002,55
TGAGTACAAACAATAAACTC_003,78
TGAGTACAAACAATAAACTC_004,142
TGAGTACAAACAATAAACTC_005,193
GTGCAGACCTAGGTGACACA_001,81
GTGCAGACCTAGGTGACACA_002,34
GTGCAGACCTAGGTGACACA_003,152
GTGCAGACCTAGGTGACACA_004,85
GTGCAGACCTAGGTGACACA_005,199
GTGCAGACCTAGGTGACACA_006,48
GTGCAGACCTAGGTGACACA_007,192
GTGCAGACCTAGGTGACACA_008,65
GTGCAGACCTAGGTGACACA_009,115
GTGCAGACCTAGGTGACACA_010,152
GTGCAGACCTAGGTGACACA_011,16
GTGCAGACCTAGGTGACACA_012,40
GTGCAGACCTAGGTGACACA_013,75
GTGCAGACCTAGGTGACACA_014,104
GTGCAGACCTAGGTGACACA_015,150
GTGCAGACCTAGGTGACACA_016,120
GTGCAGACCTAGGTGACACA_017,199
GTGCAGACCTAGGTGACACA_018,7
GTGCAGACCTAGGTGACACA_019,161
GTGCAGACCTAGGTGACACA_020,177
CTTCTTCCATAAGAGTAAGG_001,49
CTTCTTCCATAAGAGTAAGG_002,64
CTTCTTCCATAAGAGTAAGG_003,53
CTTCTTCCATAAGAGTAAGG_004,172
CTTCTTCCATAAGAGTAAGG_005,121
CTTCTTCCATAAGAGTAAGG_006,19
CTTCTTCCATAAGAGTAAGG_007,32
CTTCTTCCATAAGAGTAAGG_008,63
CTTCTTCCATAAGAGTAAGG_009,143
CTTCTTCCATAAGAGTAAGG_010,22
CTTCTTCCATAAGAGTAAGG_011,192
CATCTTGGTCAGGAACCGAA_001,78
CATCTTGGTCAGGAACCGAA_002,168
CATCTTGGTCAGGAACCGAA_003,94
CATCTTGGTCAGGAACCGAA_004,49
CATCTTGGTCAGGAACCGAA_005,18
CATCTTGGTCAGGAACCGAA_006,138
CATCTTGGTCAGGAACCGAA_007,138
CATCTTGGTCAGGAACCGAA_008,12
CATCTTGGTCAGGAACCGAA_009,106
CATCTTGGTCAGGAACCGAA_010,109
CATCTTGGTCAGGAACCGAA_011,163
CATCTTGGTCAGGAACCGAA_012,42
CATCTTGGTCAGGAACCGAA_013,62
CATCTTGGTCAGGAACCGAA_014,94
CATCTTGGTCAGGAACCGAA_015,116
CATCTTGGTCAGGAACCGAA_016,40
CATCTTGGTCAGGAACCGAA_017,5
CATCTTGGTCAGGAACCGAA_018,141
CATCTTGGTCAGGAACCGAA_019,105
CATCTTGGTCAGGAACCGAA_020,166
CATCTTGGTCAGGAACCGAA_021,1
CATCTTGGTCAGGAACCGAA_022,67
CATCTTGGTCAGGAACCGAA_023,66
CATCTTGGTCAGGAACCGAA_024,75
CATCTTGGTCAGGAACCGAA_025,137
CATCTTGGTCAGGAACCGAA_026,169
CATCTTGGTCAGGAACCGAA_027,102
CATCTTGGTCAGGAACCGAA_028,60
CATCTTGGTCAGGAACCGAA_029,152
CATCTTGGTCAGGAACCGAA_030,164
CATCTTGGTCAGGAACCGAA_031,164
CATCTTGGTCAGGAACCGAA_032,164
TTTGTTGCAGATCATCCCGA_001,27
TTTGTTGCAGATCATCCCGA_002,151
TTTGTTGCAGATCATCCCGA_003,94
TTTGTTGCAGATCATCCCGA_004,71
TTTGTTGCAGATCATCCCGA_005,84
TTTGTTGCAGATCATCCCGA_006,147
TTTGTTGCAGATCATCCCGA_007,52
TTTGTTGCAGATCATCCCGA_008,130
TTTGTTGCAGATCATCCCGA_009,20
TTTGTTGCAGATCATCCCGA_010,13
TTTGTTGCAGATCATCCCGA_011,108
TGCGGCTGTAGGGGTCGAGC_001,29
TGCGGCTGTAGGGGTCGAGC_002,83
TGCGGCTGTAGGGGTCGAGC_003,77
TGCGGCTGTAGGGGTCGAGC_004,172
TGCGGCTGTAGGGGTCGAGC_005,93
TGCGGCTGTAGGGGTCGAGC_006,154
TGCGGCTGTAGGGGTCGAGC_007,52
TGCGGCTGTAGGGGTCGAGC_008,154
TGCGGCTGTAGGGGTCGAGC_009,94
TGCGGCTGTAGGGGTCGAGC_010,185
TGCGGCTGTAGGGGTCGAGC_011,94
TGCGGCTGTAGGGGTCGAGC_012,116
TGCGGCTGTAGGGGTCGAGC_013,160
TGCGGCTGTAGGGGTCGAGC_014,19
TGCGGCTGTAGGGGTCGAGC_015,63
TGCGGCTGTAGGGGTCGAGC_016,145
TGCGGCTGTAGGGGTCGAGC_017,29
TGCGGCTGTAGGGGTCGAGC_018,46
TGCGGCTGTAGGGGTCGAGC_019,137
TGCGGCTGTAGGGGTCGAGC_020,38
TGCGGCTGTAGGGGTCGAGC_021,61
CAAACCTGGAGCCGGCACGG_001,103
CAAACCTGGAGCCGGCACGG_002,172
CAAACCTGGAGCCGGCACGG_003,87
CAAACCTGGAGCCGGCACGG_004,33
CAAACCTGGAGCCGGCACGG_005,102
CAAACCTGGAGCCGGCACGG_006,169
CAAACCTGGAGCCGGCACGG_007,34
CAAACCTGGAGCCGGCACGG_008,137
CAAACCTGGAGCCGGCACGG_009,116
CAAACCTGGAGCCGGCACGG_010,14
CAAACCTGGAGCCGGCACGG_011,31
CAAACCTGGAGCCGGCACGG_012,199
CAAACCTGGAGCCGGCACGG_013,156
CAAACCTGGAGCCGGCACGG_014,96
GCCAGGCACCCATATCTGTG_001,182
GCCAGGCACCCATATCTGTG_002,121
GCCAGGCACCCATATCTGTG_003,11
GCCAGGCACCCATATCTGTG_004,70
GCCAGGCACCCATATCTGTG_005,178
AACCATTGGAAATGTCCACC_001,25
AACCATTGGAAATGTCCACC_002,186
AACCATTGGAAATGTCCACC_003,142
AACCATTGGAAATGTCCACC_004,152
AACCATTGGAAATGTCCACC_005,54
AACCATTGGAAATGTCCACC_006,184
AACCATTGGAAATGTCCACC_007,176
AACCATTGGAAATGTCCACC_008,69
AACCATTGGAAATGTCCACC_009,41
AACCATTGGAAATGTCCACC_010,196
AACCATTGGAAATGTCCACC_011,146
AACCATTGGAAATGTCCACC_012,88
AACCATTGGAAATGTCCACC_013,41
AACCATTGGAAATGTCCACC_014,176
AACCATTGGAAATGTCCACC_015,35
AACCATTGGAAATGTCCACC_016,27
AACCATTGGAAATGTCCACC_017,157
AACCATTGGAAATGTCCACC_018,92
TACCCGCCAAGAGTCAGTGC_001,133
TACCCGCCAAGAGTCAGTGC_002,3
TACCCGCCAAGAGTCAGTGC_003,105
TACCCGCCAAGAGTCAGTGC_004,181
TACCCGCCAAGAGTCAGTGC_005,199
TACCCGCCAAGAGTCAGTGC_006,156
TACCCGCCAAGAGTCAGTGC_007,86
TACCCGCCAAGAGTCAGTGC_008,120
TACCCGCCAAGAGTCAGTGC_009,117
TACCCGCCAAGAGTCAGTGC_010,143
TACCCGCCAAGAGTCAGTGC_011,56
TACCCGCCAAGAGTCAGTGC_012,144
CTAACTTGGTCACTAGAGGA_001,159
CTAACTTGGTCACTAGAGGA_002,50
CTAACTTGGTCACTAGAGGA_003,143
CTAACTTGGTCACTAGAGGA_004,45
CTAACTTGGTCACTAGAGGA_005,40
CTAACTTGGTCACTAGAGGA_006,103
CACCGCCGAGAAGGCGACCT_001,27
CACCGCCGAGAAGGCGACCT_002,9
CACCGCCGAGAAGGCGACCT_003,177
CACCGCCGAGAAGGCGACCT_004,94
CACCGCCGAGAAGGCGACCT_005,106
CACCGCCGAGAAGGCGACCT_006,28
AGGCGCGGTCCCACACAAGG_001,183
AGGCGCGGTCCCACACAAGG_002,43
AGGCGCGGTCCCACACAAGG_003,131
AGGCGCGGTCCCACACAAGG_004,114
AGGCGCGGTCCCACACAAGG_005,38
AGGCGCGGTCCCACACAAGG_006,52
AGGCGCGGTCCCACACAAGG_007,50
AGGCGCGGTCCCACACAAGG_008,12
AGGCGCGGTCCCACACAAGG_009,6
AGGCGCGGTCCCACACAAGG_010,6
AGGCGCGGTCCCACACAAGG_011,168
AGGCGCGGTCCCACACAAGG_012,41
AGGCGCGGTCCCACACAAGG_013,94
AGGCGCGGTCCCACACAAGG_014,94
AGGCGCGGTCCCACACAAGG_015,56
AGGCGCGGTCCCACACAAGG_016,26
AGGCGCGGTCCCACACAAGG_017,144
AGGCGCGGTCCCACACAAGG_018,136
AGGCGCGGTCCCACACAAGG_019,60
AGGCGCGGTCCCACACAAGG_020,40
GAAGATCAGAGGCTCAGCAA_001,49
GAAGATCAGAGGCTCAGCAA_002,176
GAAGATCAGAGGCTCAGCAA_003,11
GAAGATCAGAGGCTCAGCAA_004,78
GAAGATCAGAGGCTCAGCAA_005,148
GAAGATCAGAGGCTCAGCAA_006,150
GAAGATCAGAGGCTCAGCAA_007,162
GAAGATCAGAGGCTCAGCAA_008,119
GAAGATCAGAGGCTCAGCAA_009,104
GAAGATCAGAGGCTCAGCAA_010,175
GAAGATCAGAGGCTCAGCAA_011,48
GAAGATCAGAGGCTCAGCAA_012,154
GAAGATCAGAGGCTCAGCAA_013,156
GAAGATCAGAGGCTCAGCAA_014,28
GAAGATCAGAGGCTCAGCAA_015,169
GAAGATCAGAGGCTCAGCAA_016,149
GAAGATCAGAGGCTCAGCAA_017,77
GAAGATCAGAGGCTCAGCAA_018,130
GAAGATCAGAGGCTCAGCAA_019,68
GAAGATCAGAGGCTCAGCAA_020,3
GAAGATCAGAGGCTCAGCAA_021,19
GAAGATCAGAGGCTCAGCAA_022,160
TTAGGAGTAGAGCTAATTTG_001,5
CATATGGCATCAACTACGAG_001,67
CATATGGCATCAACTACGAG_002,195
CATATGGCATCAACTACGAG_003,181
CATATGGCATCAACTACGAG_004,121
CATATGGCATCAACTACGAG_005,153
CGTGCTCAATGATAACCCAG_001,92
CGTGCTCAATGATAACCCAG_002,92
CGTGCTCAATGATAACCCAG_003,6
ACACAAAAGATACTTCACAC_001,83
ACACAAAAGATACTTCACAC_002,44
ACACAAAAGATACTTCACAC_003,37
ACACAAAAGATACTTCACAC_004,63
ACACAAAAGATACTTCACAC_005,58
AGTCAGATTTGTTATCGATG_001,78
AGTCAGATTTGTTATCGATG_002,120
AGTCAGATTTGTTATCGATG_003,48
AGTCAGATTTGTTATCGATG_004,186
AGTCAGATTTGTTATCGATG_005,23
AGTCAGATTTGTTATCGATG_006,50
AGTCAGATTTGTTATCGATG_007,88
AGTCAGATTTGTTATCGATG_008,151
AGTCAGATTTGTTATCGATG_009,85
AGTCAGATTTGTTATCGATG_010,65
AGTCAGATTTGTTATCGATG_011,145
AGTCAGATTTGTTATCGATG_012,129
AGTCAGATTTGTTATCGATG_013,155
AGTCAGATTTGTTATCGATG_014,191
AGTCAGATTTGTTATCGATG_015,153
AGTCAGATTTGTTATCGATG_016,186
AGTCAGATTTGTTATCGATG_017,6
AGTCAGATTTGTTATCGATG_018,44
AGTCAGATTTGTTATCGATG_019,96
AGTCAGATTTGTTATCGATG_020,117
AGGTCTCATAGTAGGAAAGG_001,69
AGGTCTCATAGTAGGAAAGG_002,119
AGGTCTCATAGTAGGAAAGG_003,125
AGGTCTCATAGTAGGAAAGG_004,100
AGGTCTCATAGTAGGAAAGG_005,14
AGGTCTCATAGTAGGAAAGG_006,198
AGGTCTCATAGTAGGAAAGG_007,121
TGCCAAGGGTGTTGTATGAG_001,2
TGCCAAGGGTGTTGTATGAG_002,139
TGCCAAGGGTGTTGTATGAG_003,8
TGCCAAGGGTGTTGTATGAG_004,108
TGCCAAGGGTGTTGTATGAG_005,188
TGCCAAGGGTGTTGTATGAG_006,94
TGCCAAGGGTGTTGTATGAG_007,165
TGCCAAGGGTGTTGTATGAG_008,28
TGCCAAGGGTGTTGTATGAG_009,127
TGCCAAGGGTGTTGTATGAG_010,126
TGCCAAGGGTGTTGTATGAG_011,145
CACACACTGATGCACGGGCA_001,11
CACACACTGATGCACGGGCA_002,19
GGATGAAAATGATAAAACCA_001,48
GGATGAAAATGATAAAACCA_002,127
GGATGAAAATGATAAAACCA_003,94
GGATGAAAATGATAAAACCA_004,78
GGATGAAAATGATAAAACCA_005,192
GGTAGAACAAGTCAGCCAGT_001,39
GGTAGAACAAGTCAGCCAGT_002,127
GGTAGAACAAGTCAGCCAGT_003,49
GGTAGAACAAGTCAGCCAGT_004,134
GGTAGAACAAGTCAGCCAGT_005,150
GGTAGAACAAGTCAGCCAGT_006,30
GGTAGAACAAGTCAGCCAGT_007,180
GGTAGAACAAGTCAGCCAGT_008,17
GGTAGAACAAGTCAGCCAGT_009,130
GGTAGAACAAGTCAGCCAGT_010,122
GGTAGAACAAGTCAGCCAGT_011,165
GGTAGAACAAGTCAGCCAGT_012,144
GGCGACACTCACCGAAGGTG_001,49
GGCGACACTCACCGAAGGTG_002,94
GGCGACACTCACCGAAGGTG_003,181
GGCGACACTCACCGAAGGTG_004,92
GGCGACACTCACCGAAGGTG_005,173
GGCGACACTCACCGAAGGTG_006,28
GGCGACACTCACCGAAGGTG_007,83
GGCGACACTCACCGAAGGTG_008,161
GGCGACACTCACCGAAGGTG_009,66
GGCGACACTCACCGAAGGTG_010,121
GGCGACACTCACCGAAGGTG_011,57
CTCTCCTCAGTACCACAGCA_001,16
CTCTCCTCAGTACCACAGCA_002,185
CTCTCCTCAGTACCACAGCA_003,67
CTCTCCTCAGTACCACAGCA_004,153
CTCTCCTCAGTACCACAGCA_005,48
CTCTCCTCAGTACCACAGCA_006,28
ACTGGCACCAGCATAAGACG_001,62
ACTGGCACCAGCATAAGACG_002,198
ACTGGCACCAGCATAAGACG_003,45
ACTGGCACCAGCATAAGACG_004,127
ACTGGCACCAGCATAAGACG_005,88
ACTGGCACCAGCATAAGACG_006,83
ACTGGCACCAGCATAAGACG_007,49
ACTGGCACCAGCATAAGACG_008,37
ACTGGCACCAGCATAAGACG_009,30
ACTGGCACCAGCATAAGACG_010,98
ACTGGCACCAGCATAAGACG_011,15
CAGCCCTAGCAAGTCGAGTG_001,194
CAGCCCTAGCAAGTCGAGTG_002,17
CAGCCCTAGCAAGTCGAGTG_003,32
CAGCCCTAGCAAGTCGAGTG_004,106
CAGCCCTAGCAAGTCGAGTG_005,94
CAGCCCTAGCAAGTCGAGTG_006,51
CAGCCCTAGCAAGTCGAGTG_007,154
CAGCCCTAGCAAGTCGAGTG_008,107
CAGCCCTAGCAAGTCGAGTG_009,118
CAGCCCTAGCAAGTCGAGTG_010,38
CAGCCCTAGCAAGTCGAGTG_011,88
CAGCCCTAGCAAGTCGAGTG_012,185
CAGCCCTAGCAAGTCGAGTG_013,35
CAGCCCTAGCAAGTCGAGTG_014,188
CAGCCCTAGCAAGTCGAGTG_015,43
CAGCCCTAGCAAGTCGAGTG_016,57
CAGCCCTAGCAAGTCGAGTG_017,103
CAGCCCTAGCAAGTCGAGTG_018,16
CAGCCCTAGCAAGTCGAGTG_019,23
CAGCCCTAGCAAGTCGAGTG_020,147
CAGCCCTAGCAAGTCGAGTG_021,62
CAGCCCTAGCAAGTCGAGTG_022,141
CAGCCCTAGCAAGTCGAGTG_023,162
CAGCCCTAGCAAGTCGAGTG_024,198
CAGCCCTAGCAAGTCGAGTG_025,168
CAGCCCTAGCAAGTCGAGTG_026,50
CAGCCCTAGCAAGTCGAGTG_027,1
CAGCCCTAGCAAGTCGAGTG_028,18
CAGCCCTAGCAAGTCGAGTG_029,28
CCGGTCGTCCGCCATTAACG_001,91
CCGGTCGTCCGCCATTAACG_002,49
CCGGTCGTCCGCCATTAACG_003,23
CCGGTCGTCCGCCATTAACG_004,47
CCGGTCGTCCGCCATTAACG_005,197
GGAGAGGCTACATGAACAGG_001,131
GGAGAGGCTACATGAACAGG_002,45
GGAGAGGCTACATGAACAGG_003,31
GGAGAGGCTACATGAACAGG_004,88
GGAGAGGCTACATGAACAGG_005,40
GGAGAGGCTACATGAACAGG_006,137
GGAGAGGCTACATGAACAGG_007,72
GGACCTTTGACATCAACTTG_001,16
GGACCTTTGACATCAACTTG_002,169
GGACCTTTGACATCAACTTG_003,22
GGACCTTTGACATCAACTTG_004,1
GGACCTTTGACATCAACTTG_005,65
GGACCTTTGACATCAACTTG_006,171
GGACCTTTGACATCAACTTG_007,106
ATTCCTCATCCTGACGCATG_001,98
ATTCCTCATCCTGACGCATG_002,80
ATTCCTCATCCTGACGCATG_003,147
ATTCCTCATCCTGACGCATG_004,174
ATTCCTCATCCTGACGCATG_005,117
ATTCCTCATCCTGACGCATG_006,190
ATTCCTCATCCTGACGCATG_007,89
GTACCCCAGGACTAAACACT_001,81
GTACCCCAGGACTAAACACT_002,119
GTACCCCAGGACTAAACACT_003,188
GTACCCCAGGACTAAACACT_004,12
GTACCCCAGGACTAAACACT_005,102
GTACCCCAGGACTAAACACT_006,62
GTACCCCAGGACTAAACACT_007,102
GTACCCCAGGACTAAACACT_008,105
GTACCCCAGGACTAAACACT_009,161
GTACCCCAGGACTAAACACT_010,82
GTACCCCAGGACTAAACACT_011,19
GTACCCCAGGACTAAACACT_012,33
GTACCCCAGGACTAAACACT_013,149
GTACCCCAGGACTAAACACT_014,105
CTGCTGCAGGGCATCTACAT_001,17
CTGCTGCAGGGCATCTACAT_002,176
CTGCTGCAGGGCATCTACAT_003,64
CTGCTGCAGGGCATCTACAT_004,29
CTGCTGCAGGGCATCTACAT_005,1
CTGCTGCAGGGCATCTACAT_006,39
CTGCTGCAGGGCATCTACAT_007,138
CTGCTGCAGGGCATCTACAT_008,190
CTGCTGCAGGGCATCTACAT_009,169
CAGGTCAATGTCGACCACCG_001,162
CAGGTCAATGTCGACCACCG_002,32
CAGGTCAATGTCGACCACCG_003,121
CAGGTCAATGTCGACCACCG_004,58
CAGGTCAATGTCGACCACCG_005,54
CAGGTCAATGTCGACCACCG_006,138
CAGGTCAATGTCGACCACCG_007,67
CAGGTCAATGTCGACCACCG_008,56
CAGGTCAATGTCGACCACCG_009,169
CAGGTCAATGTCGACCACCG_010,108
CAGGTCAATGTCGACCACCG_011,147
CAGGTCAATGTCGACCACCG_012,60
CAGGTCAATGTCGACCACCG_013,169
CAGGTCAATGTCGACCACCG_014,89
CAGGTCAATGTCGACCACCG_015,134
CAGGTCAATGTCGACCACCG_016,127
CAGGTCAATGTCGACCACCG_017,13
CAGGTCAATGTCGACCACCG_018,157
CAGGTCAATGTCGACCACCG_019,152
CAGGTCAATGTCGACCACCG_020,56
CAGGTCAATGTCGACCACCG_021,54
CAGGTCAATGTCGACCACCG_022,29
CAGGTCAATGTCGACCACCG_023,16
TCATATTCGAAAATTACCTG_001,178
TCATATTCGAAAATTACCTG_002,130
TCATATTCGAAAATTACCTG_003,2
TCATATTCGAAAATTACCTG_004,145
TGAGTGGAGAAGCACACACG_001,136
TGAGTGGAGAAGCACACACG_002,50
TGAGTGGAGAAGCACACACG_003,190
TGAGTGGAGAAGCACACACG_004,145
TGAGTGGAGAAGCACACACG_005,144
TGAGTGGAGAAGCACACACG_006,61
TGAGTGGAGAAGCACACACG_007,76
AGCTTGTCAGGACGTGCAGG_001,24
AGCTTGTCAGGACGTGCAGG_002,160
AGCTTGTCAGGACGTGCAGG_003,43
AGCTTGTCAGGACGTGCAGG_004,175
AGCTTGTCAGGACGTGCAGG_005,159
AGCTTGTCAGGACGTGCAGG_006,35
AGCTTGTCAGGACGTGCAGG_007,145
AGCTTGTCAGGACGTGCAGG_008,107
AGCTTGTCAGGACGTGCAGG_009,136
AGCTTGTCAGGACGTGCAGG_010,51
AGCTTGTCAGGACGTGCAGG_011,141
AGCTTGTCAGGACGTGCAGG_012,84
AGCTTGTCAGGACGTGCAGG_013,17
AGCTTGTCAGGACGTGCAGG_014,130
AGCTTGTCAGGACGTGCAGG_015,61
AGCTTGTCAGGACGTGCAGG_016,116
AGCTTGTCAGGACGTGCAGG_017,28
AGCTTGTCAGGACGTGCAGG_018,64
AGCTTGTCAGGACGTGCAGG_019,23
AGCTTGTCAGGACGTGCAGG_020,48
AGCTTGTCAGGACGTGCAGG_021,70
AGCTTGTCAGGACGTGCAGG_022,106
AGCTTGTCAGGACGTGCAGG_023,63
TGCCTCAGTTAGAAGCACAA_001,188
TGCCTCAGTTAGAAGCACAA_002,146
TGCCTCAGTTAGAAGCACAA_003,88
TGCCTCAGTTAGAAGCACAA_004,119
TGCCTCAGTTAGAAGCACAA_005,119
TGCCTCAGTTAGAAGCACAA_006,9
TGCCTCAGTTAGAAGCACAA_007,128
TGCCTCAGTTAGAAGCACAA_008,48
TGCCTCAGTTAGAAGCACAA_009,19
TGCCTCAGTTAGAAGCACAA_010,184
AGTTCGTGAAAGACATCCGG_001,17
AGTTCGTGAAAGACATCCGG_002,172
AGTTCGTGAAAGACATCCGG_003,113
CCCACTACCGATGTCCACAA_001,157
CCCACTACCGATGTCCACAA_002,192
CCCACTACCGATGTCCACAA_003,191
AATCTCGTAAATGACCGTCC_001,181
AATCTCGTAAATGACCGTCC_002,5
AATCTCGTAAATGACCGTCC_003,174
AATCTCGTAAATGACCGTCC_004,43
AATCTCGTAAATGACCGTCC_005,115
AATCTCGTAAATGACCGTCC_006,25
AATCTCGTAAATGACCGTCC_007,172
AATCTCGTAAATGACCGTCC_008,85
AATCTCGTAAATGACCGTCC_009,60
AATCTCGTAAATGACCGTCC_010,16
AATCTCGTAAATGACCGTCC_011,120
AATCTCGTAAATGACCGTCC_012,127
AATCTCGTAAATGACCGTCC_013,72
AATCTCGTAAATGACCGTCC_014,86
CAGCTTAGGAGACTCATCAG_001,122
CAGCTTAGGAGACTCATCAG_002,56
CAGCTTAGGAGACTCATCAG_003,160
CAGCTTAGGAGACTCATCAG_004,161
CAGCTTAGGAGACTCATCAG_005,50
CAGCTTAGGAGACTCATCAG_006,126
CAGCTTAGGAGACTCATCAG_007,68
CAGCTTAGGAGACTCATCAG_008,142
CAGCTTAGGAGACTCATCAG_009,47
TATGCAGCCTGTAATGCCGT_001,174
TATGCAGCCTGTAATGCCGT_002,170
GTATGGAAAATGTGGTTGCA_001,44
GTATGGAAAATGTGGTTGCA_002,100
GTATGGAAAATGTGGTTGCA_003,78
GTATGGAAAATGTGGTTGCA_004,105
GTATGGAAAATGTGGTTGCA_005,119
GTATGGAAAATGTGGTTGCA_006,101
GTATGGAAAATGTGGTTGCA_007,67
GTATGGAAAATGTGGTTGCA_008,65
GTATGGAAAATGTGGTTGCA_009,117
GTATGGAAAATGTGGTTGCA_010,29
GTATGGAAAATGTGGTTGCA_011,118
GTATGGAAAATGTGGTTGCA_012,187
GTATGGAAAATGTGGTTGCA_013,194
GTATGGAAAATGTGGTTGCA_014,105
GTATGGAAAATGTGGTTGCA_015,170
GTATGGAAAATGTGGTTGCA_016,105
GTATGGAAAATGTGGTTGCA_017,60
GTATGGAAAATGTGGTTGCA_018,28
GTATGGAAAATGTGGTTGCA_019,35
TTGGAATAGCTCATACCCGT_001,3
GACAAGAGTAGCGACAACAG_001,150
GACAAGAGTAGCGACAACAG_002,53
GACAAGAGTAGCGACAACAG_003,186
GACAAGAGTAGCGACAACAG_004,59
GACAAGAGTAGCGACAACAG_005,58
GACAAGAGTAGCGACAACAG_006,63
GACAAGAGTAGCGACAACAG_007,186
GACAAGAGTAGCGACAACAG_008,103
GACAAGAGTAGCGACAACAG_009,158
GACAAGAGTAGCGACAACAG_010,51
GACAAGAGTAGCGACAACAG_011,185
GACAAGAGTAGCGACAACAG_012,169
GACAAGAGTAGCGACAACAG_013,184
GACAAGAGTAGCGACAACAG_014,77
GACAAGAGTAGCGACAACAG_015,48
GACAAGAGTAGCGACAACAG_016,15
ATGCAGGACATGATGACCCG_001,83
ATGCAGGACATGATGACCCG_002,137
ATGCAGGACATGATGACCCG_003,86
ATGCAGGACATGATGACCCG_004,98
ATGCAGGACATGATGACCCG_005,81
AAAGAACTTAAGCGACTTCG_001,106
AAAGAACTTAAGCGACTTCG_002,41
AAAGAACTTAAGCGACTTCG_003,168
AAAGAACTTAAGCGACTTCG_004,166
AAAGAACTTAAGCGACTTCG_005,68
TCAATGGGTATTCTTCACAC_001,197
TGAAGCATTGAGTTCCAACA_001,137
TGAAGCATTGAGTTCCAACA_002,10
TGAAGCATTGAGTTCCAACA_003,177
TGAAGCATTGAGTTCCAACA_004,9
GATGCGACCTAGAAGCCTTG_001,181
GATGCGACCTAGAAGCCTTG_002,37
GATGCGACCTAGAAGCCTTG_003,53
GATGCGACCTAGAAGCCTTG_004,165
GATGCGACCTAGAAGCCTTG_005,172
GATGCGACCTAGAAGCCTTG_006,8
GATGCGACCTAGAAGCCTTG_007,197
GATGCGACCTAGAAGCCTTG_008,174
GATGCGACCTAGAAGCCTTG_009,108
CAGAAGGTACCTTTGCTCTG_001,9
CAGAAGGTACCTTTGCTCTG_002,60
CAGAAGGTACCTTTGCTCTG_003,158
CAGAAGGTACCTTTGCTCTG_004,35
CAGAAGGTACCTTTGCTCTG_005,105
CAGAAGGTACCTTTGCTCTG_006,29
CAGAAGGTACCTTTGCTCTG_007,148
CAGAAGGTACCTTTGCTCTG_008,35
CAGAAGGTACCTTTGCTCTG_009,23
CAGAAGGTACCTTTGCTCTG_010,48
CAGAAGGTACCTTTGCTCTG_011,115
CAGAAGGTACCTTTGCTCTG_012,124
AACCGCAAGAAGCACCTGAA_001,77
AACCGCAAGAAGCACCTGAA_002,117
AACCGCAAGAAGCACCTGAA_003,32
AACCGCAAGAAGCACCTGAA_004,38
AACCGCAAGAAGCACCTGAA_005,130
AACCGCAAGAAGCACCTGAA_006,49
AACCGCAAGAAGCACCTGAA_007,41
AACCGCAAGAAGCACCTGAA_008,2
AACCGCAAGAAGCACCTGAA_009,158
AACCGCAAGAAGCACCTGAA_010,145
AACCGCAAGAAGCACCTGAA_011,173
AACCGCAAGAAGCACCTGAA_012,1
AACCGCAAGAAGCACCTGAA_013,98
AACCGCAAGAAGCACCTGAA_014,101
AACCGCAAGAAGCACCTGAA_015,157
AACCGCAAGAAGCACCTGAA_016,54
AACCGCAAGAAGCACCTGAA_017,121
AACCGCAAGAAGCACCTGAA_018,5
AACCGCAAGAAGCACCTGAA_019,151
AACCGCAAGAAGCACCTGAA_020,106
AACCGCAAGAAGCACCTGAA_021,52
AACCGCAAGAAGCACCTGAA_022,58
AACCGCAAGAAGCACCTGAA_023,23
AACCGCAAGAAGCACCTGAA_024,69
AACCGCAAGAAGCACCTGAA_025,23
AACCGCAAGAAGCACCTGAA_026,160
AACCGCAAGAAGCACCTGAA_027,191
AACCGCAAGAAGCACCTGAA_028,43
AACCGCAAGAAGCACCTGAA_029,12
AAGACTATGGAAAGTGTGCG_001,114
AAGACTATGGAAAGTGTGCG_002,48
AAGACTATGGAAAGTGTGCG_003,182
AAGACTATGGAAAGTGTGCG_004,191
AAGACTATGGAAAGTGTGCG_005,183
AAGACTATGGAAAGTGTGCG_006,91
AAGACTATGGAAAGTGTGCG_007,66
AAGACTATGGAAAGTGTGCG_008,172
AAACACATAAGGCACAGCTG_001,107
AAACACATAAGGCACAGCTG_002,154
AAACACATAAGGCACAGCTG_003,189
AAACACATAAGGCACAGCTG_004,9
AAACACATAAGGCACAGCTG_005,34
AAACACATAAGGCACAGCTG_006,35
AAACACATAAGGCACAGCTG_007,5
AAACACATAAGGCACAGCTG_008,145
AAACACATAAGGCACAGCTG_009,25
AAACACATAAGGCACAGCTG_010,147
AAACACATAAGGCACAGCTG_011,135
AAACACATAAGGCACAGCTG_012,103
AAACACATAAGGCACAGCTG_013,27
AAACACATAAGGCACAGCTG_014,56
AATGCTATTACACTGACGGG_001,188
AATGCTATTACACTGACGGG_002,94
AATGCTATTACACTGACGGG_003,136
AATGCTATTACACTGACGGG_004,127
AATGCTATTACACTGACGGG_005,15
AATGCTATTACACTGACGGG_006,173
AATGCTATTACACTGACGGG_007,173
AATGCTATTACACTGACGGG_008,56
AATGCTATTACACTGACGGG_009,49
AATGCTATTACACTGACGGG_010,119
AATGCTATTACACTGACGGG_011,95
AATGCTATTACACTGACGGG_012,152
AATGCTATTACACTGACGGG_013,197
AATGCTATTACACTGACGGG_014,70
CTAATCCATGCAGGACTGAG_001,11
CTAATCCATGCAGGACTGAG_002,103
CTAATCCATGCAGGACTGAG_003,22
CTAATCCATGCAGGACTGAG_004,60
CTAATCCATGCAGGACTGAG_005,116
CTAATCCATGCAGGACTGAG_006,103
CTAATCCATGCAGGACTGAG_007,87
CTAATCCATGCAGGACTGAG_008,87
CTAATCCATGCAGGACTGAG_009,10
GATCCAAGGTCGCCACGGCG_001,96
GATCCAAGGTCGCCACGGCG_002,16
GATCCAAGGTCGCCACGGCG_003,9
GATCCAAGGTCGCCACGGCG_004,4
GATCCAAGGTCGCCACGGCG_005,160
GATCCAAGGTCGCCACGGCG_006,189
GATCCAAGGTCGCCACGGCG_007,189
GATCCAAGGTCGCCACGGCG_008,198
GATCCAAGGTCGCCACGGCG_009,42
GATCCAAGGTCGCCACGGCG_010,81
GATCCAAGGTCGCCACGGCG_011,18
GATCCAAGGTCGCCACGGCG_012,193
GATCCAAGGTCGCCACGGCG_013,49
GATCCAAGGTCGCCACGGCG_014,1
GATCCAAGGTCGCCACGGCG_015,12
GATCCAAGGTCGCCACGGCG_016,107
GATCCAAGGTCGCCACGGCG_017,182
GATCCAAGGTCGCCACGGCG_018,58
GATCCAAGGTCGCCACGGCG_019,48
GATCCAAGGTCGCCACGGCG_020,72
GATCCAAGGTCGCCACGGCG_021,141
GATCCAAGGTCGCCACGGCG_022,2
GATCCAAGGTCGCCACGGCG_023,58
GATCCAAGGTCGCCACGGCG_024,129
GATCCAAGGTCGCCACGGCG_025,124
GATCCAAGGTCGCCACGGCG_026,161
GATCCAAGGTCGCCACGGCG_027,100
GATCCAAGGTCGCCACGGCG_028,136
GATCCAAGGTCGCCACGGCG_029,38
GATCCAAGGTCGCCACGGCG_030,60
GATCCAAGGTCGCCACGGCG_031,11
GATCCAAGGTCGCCACGGCG_032,79
GATCCAAGGTCGCCACGGCG_033,198
GATCCAAGGTCGCCACGGCG_034,84
GATCCAAGGTCGCCACGGCG_035,5
GATCCAAGGTCGCCACGGCG_036,19
GATCCAAGGTCGCCACGGCG_037,27
GATCCAAGGTCGCCACGGCG_038,77
GATCCAAGGTCGCCACGGCG_039,185
GATCCAAGGTCGCCACGGCG_040,50
GATCCAAGGTCGCCACGGCG_041,188
GATCCAAGGTCGCCACGGCG_042,188
GATCCAAGGTCGCCACGGCG_043,45
GATCCAAGGTCGCCACGGCG_044,179
GATCCAAGGTCGCCACGGCG_045,40
GATCCAAGGTCGCCACGGCG_046,63
GATCCAAGGTCGCCACGGCG_047,4
GATCCAAGGTCGCCACGGCG_048,89
GATCCAAGGTCGCCACGGCG_049,104
GATCCAAGGTCGCCACGGCG_050,174
GATCCAAGGTCGCCACGGCG_051,72
GATCCAAGGTCGCCACGGCG_052,55
GATCCAAGGTCGCCACGGCG_053,9
GATCCAAGGTCGCCACGGCG_054,8
GATCCAAGGTCGCCACGGCG_055,175
TTCTAAGCCACGTGTGGTAC_001,87
TTCTAAGCCACGTGTGGTAC_002,43
TTCTAAGCCACGTGTGGTAC_003,14
TTCTAAGCCACGTGTGGTAC_004,115
TTCTAAGCCACGTGTGGTAC_005,41
TTCTAAGCCACGTGTGGTAC_006,169
TTCTAAGCCACGTGTGGTAC_007,136
TTCTAAGCCACGTGTGGTAC_008,180
TTCTAAGCCACGTGTGGTAC_009,1
TTCTAAGCCACGTGTGGTAC_010,70
CTACCGGATTCACAAGCACA_001,121
CTACCGGATTCACAAGCACA_002,52
CTACCGGATTCACAAGCACA_003,29
CTACCGGATTCACAAGCACA_004,161
ACAACCCCATGACCAATCAG_001,170
ACAACCCCATGACCAATCAG_002,130
ACAACCCCATGACCAATCAG_003,68
ACAACCCCATGACCAATCAG_004,181
ACAACCCCATGACCAATCAG_005,109
ACAACCCCATGACCAATCAG_006,125
ACAACCCCATGACCAATCAG_007,29
ACAACCCCATGACCAATCAG_008,24
ACAACCCCATGACCAATCAG_009,178
ACAACCCCATGACCAATCAG_010,125
ACAACCCCATGACCAATCAG_011,178
ACAACCCCATGACCAATCAG_012,130
ACAACCCCATGACCAATCAG_013,29
ACAACCCCATGACCAATCAG_014,157
ACAACCCCATGACCAATCAG_015,174
ACAACCCCATGACCAATCAG_016,54
ACAACCCCATGACCAATCAG_017,99
ACAACCCCATGACCAATCAG_018,170
ACAACCCCATGACCAATCAG_019,10
ACAACCCCATGACCAATCAG_020,49
ACAACCCCATGACCAATCAG_021,40
ACAACCCCATGACCAATCAG_022,13
ACAACCCCATGACCAATCAG_023,102
TTGGGAGGGGCTGTCGTGCA_001,8
TTGGGAGGGGCTGTCGTGCA_002,37
TTGGGAGGGGCTGTCGTGCA_003,147
TTGGGAGGGGCTGTCGTGCA_004,192
TTGGGAGGGGCTGTCGTGCA_005,134
TTGGGAGGGGCTGTCGTGCA_006,96
TTGGGAGGGGCTGTCGTGCA_007,62
TTGGGAGGGGCTGTCGTGCA_008,127
TTGGGAGGGGCTGTCGTGCA_009,166
TTGGGAGGGGCTGTCGTGCA_010,186
TTGGGAGGGGCTGTCGTGCA_011,51
TTGGGAGGGGCTGTCGTGCA_012,104
TTGGGAGGGGCTGTCGTGCA_013,67
TTGGGAGGGGCTGTCGTGCA_014,145
TTGGGAGGGGCTGTCGTGCA_015,115
TTGGGAGGGGCTGTCGTGCA_016,16
TTGGGAGGGGCTGTCGTGCA_017,162
TTGGGAGGGGCTGTCGTGCA_018,124
TTGGGAGGGGCTGTCGTGCA_019,80
CAGTCCGAATCGTCTAGCCG_001,27
CAGTCCGAATCGTCTAGCCG_002,9
CAGTCCGAATCGTCTAGCCG_003,187
CAGTCCGAATCGTCTAGCCG_004,57
CAGTCCGAATCGTCTAGCCG_005,147
CAGTCCGAATCGTCTAGCCG_006,188
CAGTCCGAATCGTCTAGCCG_007,184
TGGGGCGTTCTATGCAGTGA_001,97
TGGGGCGTTCTATGCAGTGA_002,55
TGGGGCGTTCTATGCAGTGA_003,68
TGGGGCGTTCTATGCAGTGA_004,9
TGGGGCGTTCTATGCAGTGA_005,139
TGGGGCGTTCTATGCAGTGA_006,53
TGGGGCGTTCTATGCAGTGA_007,145
TGGGGCGTTCTATGCAGTGA_008,35
TGGGGCGTTCTATGCAGTGA_009,144
TGGGGCGTTCTATGCAGTGA_010,61
TGGGGCGTTCTATGCAGTGA_011,137
TGGGGCGTTCTATGCAGTGA_012,96
TGGGGCGTTCTATGCAGTGA_013,194
TGGGGCGTTCTATGCAGTGA_014,103
TGGGGCGTTCTATGCAGTGA_015,116
TGGGGCGTTCTATGCAGTGA_016,185
GGTCTGGTTTCAAAACCGCA_001,48
GGTCTGGTTTCAAAACCGCA_002,86
GGTCTGGTTTCAAAACCGCA_003,38
TCACTGCGCACCCACTTGGA_001,38
TCACTGCGCACCCACTTGGA_002,123
TCACTGCGCACCCACTTGGA_003,95
TCACTGCGCACCCACTTGGA_004,42
TCACTGCGCACCCACTTGGA_005,123
TCACTGCGCACCCACTTGGA_006,60
TCACTGCGCACCCACTTGGA_007,58
TCACTGCGCACCCACTTGGA_008,191
TCACTGCGCACCCACTTGGA_009,61
TCACTGCGCACCCACTTGGA_010,147
TCACTGCGCACCCACTTGGA_011,147
TCACTGCGCACCCACTTGGA_012,12
TCACTGCGCACCCACTTGGA_013,107
TCACTGCGCACCCACTTGGA_014,56
TCACTGCGCACCCACTTGGA_015,160
TCACTGCGCACCCACTTGGA_016,151
TCACTGCGCACCCACTTGGA_017,128
TCACTGCGCACCCACTTGGA_018,44
TCACTGCGCACCCACTTGGA_019,107
TCACTGCGCACCCACTTGGA_020,63
TCACTGCGCACCCACTTGGA_021,19
TCACTGCGCACCCACTTGGA_022,172
TCACTGCGCACCCACTTGGA_023,29
TCACTGCGCACCCACTTGGA_024,168
TCACTGCGCACCCACTTGGA_025,102
TCACTGCGCACCCACTTGGA_026,175
TCACTGCGCACCCACTTGGA_027,198
AAAAAGGTGAATATATGCAG_001,81
AAAAAGGTGAATATATGCAG_002,165
AAAAAGGTGAATATATGCAG_003,11
AAAAAGGTGAATATATGCAG_004,129
TGATCAACAAGAGTTGCTAG_001,126
AGTGCATAGTACCTGAGGCT_001,169
AGTGCATAGTACCTGAGGCT_002,83
AGTGCATAGTACCTGAGGCT_003,144
AGTGCATAGTACCTGAGGCT_004,78
AGTGCATAGTACCTGAGGCT_005,28
CCCACGCAGAACATGAACCT_001,121
CCCACGCAGAACATGAACCT_002,57
CCCACGCAGAACATGAACCT_003,91
CCCACGCAGAACATGAACCT_004,140
CCCACGCAGAACATGAACCT_005,150
CCCACGCAGAACATGAACCT_006,188
CCCACGCAGAACATGAACCT_007,121
CCCACGCAGAACATGAACCT_008,62
CCCACGCAGAACATGAACCT_009,158
CGTTGCTCAGGAGCGCGTAG_001,7
CGTTGCTCAGGAGCGCGTAG_002,20
CGTTGCTCAGGAGCGCGTAG_003,180
CGTTGCTCAGGAGCGCGTAG_004,144
CGTTGCTCAGGAGCGCGTAG_005,83
CGTTGCTCAGGAGCGCGTAG_006,68
CGTTGCTCAGGAGCGCGTAG_007,56
CGTTGCTCAGGAGCGCGTAG_008,69
CGTTGCTCAGGAGCGCGTAG_009,27
CGTTGCTCAGGAGCGCGTAG_010,70
CGTTGCTCAGGAGCGCGTAG_011,174
GAGCTCACCAAGCACTACCA_001,150
GAGCTCACCAAGCACTACCA_002,36
GAGCTCACCAAGCACTACCA_003,80
GAGCTCACCAAGCACTACCA_004,149
GAGCTCACCAAGCACTACCA_005,72
GAGCTCACCAAGCACTACCA_006,40
GAGCTCACCAAGCACTACCA_007,91
GAGCTCACCAAGCACTACCA_008,110
GAGCTCACCAAGCACTACCA_009,30
GAGCTCACCAAGCACTACCA_010,43
GAGCTCACCAAGCACTACCA_011,162
GAGCTCACCAAGCACTACCA_012,77
GAGCTCACCAAGCACTACCA_013,144
GAGCTCACCAAGCACTACCA_014,37
TTCTCCTGCACGATGCCAGG_001,132
TTCTCCTGCACGATGCCAGG_002,35
TTCTCCTGCACGATGCCAGG_003,168
TTCTCCTGCACGATGCCAGG_004,121
TTCTCCTGCACGATGCCAGG_005,151
TTCTCCTGCACGATGCCAGG_006,154
TTCTCCTGCACGATGCCAGG_007,98
TTCTCCTGCACGATGCCAGG_008,93
TTCTCCTGCACGATGCCAGG_009,162
TTCTCCTGCACGATGCCAGG_010,170
TTCTCCTGCACGATGCCAGG_011,192
TTCTCCTGCACGATGCCAGG_012,144
TTCTCCTGCACGATGCCAGG_013,90
AGCAATGGGAAGACCCCAGT_001,150
AGCAATGGGAAGACCCCAGT_002,53
AGCAATGGGAAGACCCCAGT_003,181
AGCAATGGGAAGACCCCAGT_004,2
AGCAATGGGAAGACCCCAGT_005,77
AGCAATGGGAAGACCCCAGT_006,177
AGCAATGGGAAGACCCCAGT_007,58
AGCAATGGGAAGACCCCAGT_008,190
AGCAATGGGAAGACCCCAGT_009,139
AGCAATGGGAAGACCCCAGT_010,52
AGCAATGGGAAGACCCCAGT_011,188
AGCAATGGGAAGACCCCAGT_012,46
AGCAATGGGAAGACCCCAGT_013,49
AGCAATGGGAAGACCCCAGT_014,149
AGCAATGGGAAGACCCCAGT_015,69
AGCAATGGGAAGACCCCAGT_016,173
AGCAATGGGAAGACCCCAGT_017,8
AGCAATGGGAAGACCCCAGT_018,76
AGCAATGGGAAGACCCCAGT_019,165
AGCAATGGGAAGACCCCAGT_020,46
AGCAATGGGAAGACCCCAGT_021,19
AGCAATGGGAAGACCCCAGT_022,136
AGCAATGGGAAGACCCCAGT_023,116
GCACTAGGTGAACGTATTGG_001,189
GCACTAGGTGAACGTATTGG_002,48
GCACTAGGTGAACGTATTGG_003,119
GCACTAGGTGAACGTATTGG_004,16
GCACTAGGTGAACGTATTGG_005,110
GCACTAGGTGAACGTATTGG_006,175
AGACAGCACGGACGTCACCC_001,17
AGACAGCACGGACGTCACCC_002,116
AGACAGCACGGACGTCACCC_003,2
AGCTATTTCCAAGTATGACA_001,12
AGCTATTTCCAAGTATGACA_002,88
AGCTATTTCCAAGTATGACA_003,28
GGCAGATCCAGTCCCAACCA_001,159
GGCAGATCCAGTCCCAACCA_002,33
GGCAGATCCAGTCCCAACCA_003,94
GGCAGATCCAGTCCCAACCA_004,50
GGCAGATCCAGTCCCAACCA_005,158
GGCAGATCCAGTCCCAACCA_006,88
AGGATGTTCACAGCCCACAA_001,119
AGGATGTTCACAGCCCACAA_002,81
AGGATGTTCACAGCCCACAA_003,50
AGGATGTTCACAGCCCACAA_004,0
AGGATGTTCACAGCCCACAA_005,72
AGGATGTTCACAGCCCACAA_006,198
AGGATGTTCACAGCCCACAA_007,151
AGGATGTTCACAGCCCACAA_008,121
AGGATGTTCACAGCCCACAA_009,88
AGGATGTTCACAGCCCACAA_010,58
AGGATGTTCACAGCCCACAA_011,119
AGGATGTTCACAGCCCACAA_012,98
AGGATGTTCACAGCCCACAA_013,161
AGGATGTTCACAGCCCACAA_014,76
AGGATGTTCACAGCCCACAA_015,170
AGGATGTTCACAGCCCACAA_016,145
AGGATGTTCACAGCCCACAA_017,112
AGGATGTTCACAGCCCACAA_018,5
AGGATGTTCACAGCCCACAA_019,88
AGGATGTTCACAGCCCACAA_020,107
AGGATGTTCACAGCCCACAA_021,12
AGGATGTTCACAGCCCACAA_022,72
AGGATGTTCACAGCCCACAA_023,177
AGGATGTTCACAGCCCACAA_024,35
AGGATGTTCACAGCCCACAA_025,29
AGGATGTTCACAGCCCACAA_026,77
AGGATGTTCACAGCCCACAA_027,40
AGGATGTTCACAGCCCACAA_028,138
AGGATGTTCACAGCCCACAA_029,124
AGGATGTTCACAGCCCACAA_030,55
GCACTCCTCGAAACGCCGGA_001,146
GCACTCCTCGAAACGCCGGA_002,19
GCACTCCTCGAAACGCCGGA_003,31
GCACTCCTCGAAACGCCGGA_004,20
GCACTCCTCGAAACGCCGGA_005,154
GCACTCCTCGAAACGCCGGA_006,178
GCACTCCTCGAAACGCCGGA_007,174
GCACTCCTCGAAACGCCGGA_008,141
GCACTCCTCGAAACGCCGGA_009,175
GCACTCCTCGAAACGCCGGA_010,56
GCACTCCTCGAAACGCCGGA_011,177
GCACTCCTCGAAACGCCGGA_012,159
GCACTCCTCGAAACGCCGGA_013,182
GCACTCCTCGAAACGCCGGA_014,112
GCACTCCTCGAAACGCCGGA_015,106
GCACTCCTCGAAACGCCGGA_016,52
AGCGTCATCAAAAAACACCC_001,22
AGCGTCATCAAAAAACACCC_002,62
AGCGTCATCAAAAAACACCC_003,18
AGAGAAGGGAGCTCTATAGT_001,69
AGAGAAGGGAGCTCTATAGT_002,198
AGAGAAGGGAGCTCTATAGT_003,43
AGAGAAGGGAGCTCTATAGT_004,95
AGAGAAGGGAGCTCTATAGT_005,35
AGAGAAGGGAGCTCTATAGT_006,58
AGAGAAGGGAGCTCTATAGT_007,141
AGAGAAGGGAGCTCTATAGT_008,198
AGAGAAGGGAGCTCTATAGT_009,91
AGAGAAGGGAGCTCTATAGT_010,140
CACGTACCACACCCAAAGCA_001,22
CACGTACCACACCCAAAGCA_002,33
CACGTACCACACCCAAAGCA_003,86
CACGTACCACACCCAAAGCA_004,122
CACGTACCACACCCAAAGCA_005,189
CACGTACCACACCCAAAGCA_006,168
CACGTACCACACCCAAAGCA_007,131
CACGTACCACACCCAAAGCA_008,62
CACGTACCACACCCAAAGCA_009,148
CACGTACCACACCCAAAGCA_010,136
CCCCATGCAGAAATCCGCAA_001,149
CCCCATGCAGAAATCCGCAA_002,8
CCCCATGCAGAAATCCGCAA_003,9
CCCCATGCAGAAATCCGCAA_004,149
CCCCATGCAGAAATCCGCAA_005,144
CCCCATGCAGAAATCCGCAA_006,16
CCCCATGCAGAAATCCGCAA_007,85
CCCCATGCAGAAATCCGCAA_008,160
CCCCATGCAGAAATCCGCAA_009,81
CTTAAAAATACAATCATAGA_001,193
CTTAAAAATACAATCATAGA_002,140
GAAGATCAACACAAAAACCA_001,58
GAAGATCAACACAAAAACCA_002,188
GAAGATCAACACAAAAACCA_003,58
GAAGATCAACACAAAAACCA_004,76
GAAGATCAACACAAAAACCA_005,47
GAAGATCAACACAAAAACCA_006,4
GAAGATCAACACAAAAACCA_007,58
GAAGATCAACACAAAAACCA_008,116
GAAGATCAACACAAAAACCA_009,198
GAAGATCAACACAAAAACCA_010,105
GAAGATCAACACAAAAACCA_011,1
GAAGATCAACACAAAAACCA_012,2
GAAGATCAACACAAAAACCA_013,3
GAAGATCAACACAAAAACCA_014,169
GAAGATCAACACAAAAACCA_015,65
GAAGATCAACACAAAAACCA_016,176
GAAGATCAACACAAAAACCA_017,114
GAAGATCAACACAAAAACCA_018,151
GGGCACTGCAATATAGCACA_001,88
GAGGACGGTTCACTACTAGA_001,194
GAGGACGGTTCACTACTAGA_002,33
GAGGACGGTTCACTACTAGA_003,118
GTTGATGGTGATGTAAGGCA_001,187
GTTGATGGTGATGTAAGGCA_002,142
GTTGATGGTGATGTAAGGCA_003,65
GTTGATGGTGATGTAAGGCA_004,17
GTTGATGGTGATGTAAGGCA_005,175
GTTGATGGTGATGTAAGGCA_006,50
GTTGATGGTGATGTAAGGCA_007,15
GTTGATGGTGATGTAAGGCA_008,193
GTTGATGGTGATGTAAGGCA_009,60
GTTGATGGTGATGTAAGGCA_010,184
GTTGATGGTGATGTAAGGCA_011,112
GTTGATGGTGATGTAAGGCA_012,37
GTTGATGGTGATGTAAGGCA_013,18
GTCGATGAGCTGTTTGACAG_001,61
GTCGATGAGCTGTTTGACAG_002,70
GTCGATGAGCTGTTTGACAG_003,132
GTCGATGAGCTGTTTGACAG_004,121
AAGCTCAACATCAAAAACCG_001,188
AAGCTCAACATCAAAAACCG_002,7
AAGCTCAACATCAAAAACCG_003,145
AAGCTCAACATCAAAAACCG_004,111
AAGCTCAACATCAAAAACCG_005,151
AAGCTCAACATCAAAAACCG_006,160
AAGCTCAACATCAAAAACCG_007,115
AAGCTCAACATCAAAAACCG_008,12
AAGCTCAACATCAAAAACCG_009,16
AAGCTCAACATCAAAAACCG_010,142
AAGCTCAACATCAAAAACCG_011,80
AAGCTCAACATCAAAAACCG_012,147
AAGCTCAACATCAAAAACCG_013,146
AAGCTCAACATCAAAAACCG_014,70
AAGCTCAACATCAAAAACCG_015,77
AAGCTCAACATCAAAAACCG_016,52
TGAATGACGTGGCATCACTG_001,48
TGAATGACGTGGCATCACTG_002,62
TGAATGACGTGGCATCACTG_003,67
TGAATGACGTGGCATCACTG_004,16
TGAATGACGTGGCATCACTG_005,103
CGTGGCAGTCGTGACACCCG_001,160
CGTGGCAGTCGTGACACCCG_002,62
CGTGGCAGTCGTGACACCCG_003,83
CGTGGCAGTCGTGACACCCG_004,70
CGTGGCAGTCGTGACACCCG_005,27
CGTGGCAGTCGTGACACCCG_006,93
AGGAGAAGCGTCGCATCCGG_001,175
AGGAGAAGCGTCGCATCCGG_002,176
AGGAGAAGCGTCGCATCCGG_003,49
AGGAGAAGCGTCGCATCCGG_004,30
AGGAGAAGCGTCGCATCCGG_005,162
AGGAGAAGCGTCGCATCCGG_006,144
AGGAGAAGCGTCGCATCCGG_007,116
AGGAGAAGCGTCGCATCCGG_008,109
AGGAGAAGCGTCGCATCCGG_009,39
AGGAGAAGCGTCGCATCCGG_010,174
ATGCCTAGCTACATCAAACA_001,32
ATGCCTAGCTACATCAAACA_002,127
ATGCCTAGCTACATCAAACA_003,159
ATGCCTAGCTACATCAAACA_004,9
ATGCCTAGCTACATCAAACA_005,43
ATGCCTAGCTACATCAAACA_006,37
ATGCCTAGCTACATCAAACA_007,34
ATGCCTAGCTACATCAAACA_008,50
ATGCCTAGCTACATCAAACA_009,19
ATGCCTAGCTACATCAAACA_010,93
ATGCCTAGCTACATCAAACA_011,58
ATGCCTAGCTACATCAAACA_012,168
ATGCCTAGCTACATCAAACA_013,198
ATGCCTAGCTACATCAAACA_014,184
ATGCCTAGCTACATCAAACA_015,77
ATGCCTAGCTACATCAAACA_016,110
CTGCCAGCACTGGATCCCAA_001,77
CTGCCAGCACTGGATCCCAA_002,45
CTGCCAGCACTGGATCCCAA_003,78
CTGCCAGCACTGGATCCCAA_004,77
CTGCCAGCACTGGATCCCAA_005,60
CTGCCAGCACTGGATCCCAA_006,48
CTGCCAGCACTGGATCCCAA_007,158
CTGCCAGCACTGGATCCCAA_008,8
CTGCCAGCACTGGATCCCAA_009,30
AGGCCAGCTTGATGACTTGT_001,73
AGGCCAGCTTGATGACTTGT_002,23
AGGCCAGCTTGATGACTTGT_003,146
AGGCCAGCTTGATGACTTGT_004,146
AGGCCAGCTTGATGACTTGT_005,63
AGGCCAGCTTGATGACTTGT_006,77
AGGCCAGCTTGATGACTTGT_007,115
AGGCCAGCTTGATGACTTGT_008,68
AGGCCAGCTTGATGACTTGT_009,69
GGTGACTACATCATCCGCGA_001,74
GGTGACTACATCATCCGCGA_002,133
GGTGACTACATCATCCGCGA_003,130
GGTGACTACATCATCCGCGA_004,56
GCTTCTCTGCGGGGACTACG_001,26
GCTTCTCTGCGGGGACTACG_002,166
CTGGCAGGTGCCATACACAG_001,98
CTGGCAGGTGCCATACACAG_002,8
CTGGCAGGTGCCATACACAG_003,160
CTGGCAGGTGCCATACACAG_004,180
CTGGCAGGTGCCATACACAG_005,29
GCTGTCATAGAAGGTTTAGA_001,195
GCTGTCATAGAAGGTTTAGA_002,10
GCTGTCATAGAAGGTTTAGA_003,31
GCTGTCATAGAAGGTTTAGA_004,56
GCTGTCATAGAAGGTTTAGA_005,39
GCTGTCATAGAAGGTTTAGA_006,44
TTCCTCACAAACCCACACTG_001,123
TTCCTCACAAACCCACACTG_002,24
TTCCTCACAAACCCACACTG_003,146
TTCCTCACAAACCCACACTG_004,122
TTCCTCACAAACCCACACTG_005,55
TTCCTCACAAACCCACACTG_006,147
TTCCTCACAAACCCACACTG_007,56
TTCCTCACAAACCCACACTG_008,150
TTCCTCACAAACCCACACTG_009,4
TTCCTCACAAACCCACACTG_010,9
TTCCTCACAAACCCACACTG_011,45
TTCCTCACAAACCCACACTG_012,117
TTCCTCACAAACCCACACTG_013,42
TTCCTCACAAACCCACACTG_014,84
TTCCTCACAAACCCACACTG_015,6
TTCCTCACAAACCCACACTG_016,80
TTCCTCACAAACCCACACTG_017,172
TTCCTCACAAACCCACACTG_018,87
TTCCTCACAAACCCACACTG_019,120
TTCCTCACAAACCCACACTG_020,87
TTCCTCACAAACCCACACTG_021,132
TTCCTCACAAACCCACACTG_022,170
TTCCTCACAAACCCACACTG_023,48
TTCCTCACAAACCCACACTG_024,36
TTCCTCACAAACCCACACTG_025,80
TTCCTCACAAACCCACACTG_026,121
TTCCTCACAAACCCACACTG_027,178
TTCCTCACAAACCCACACTG_028,186
TTCCTCACAAACCCACACTG_029,89
TTCCTCACAAACCCACACTG_030,63
TTCCTCACAAACCCACACTG_031,161
TTCCTCACAAACCCACACTG_032,104
TTCCTCACAAACCCACACTG_033,43
TTCCTCACAAACCCACACTG_034,83
TTCCTCACAAACCCACACTG_035,100
TTCCTCACAAACCCACACTG_036,165
TTCCTCACAAACCCACACTG_037,199
TTCCTCACAAACCCACACTG_038,70
TTCCTCACAAACCCACACTG_039,150
TTCCTCACAAACCCACACTG_040,170
TTCCTCACAAACCCACACTG_041,179
TTCCTCACAAACCCACACTG_042,142
TTCCTCACAAACCCACACTG_043,91
TTCCTCACAAACCCACACTG_044,94
TTCCTCACAAACCCACACTG_045,42
TTCCTCACAAACCCACACTG_046,1
AAATACCAGCTCACTGACAT_001,52
AAATACCAGCTCACTGACAT_002,91
AAATACCAGCTCACTGACAT_003,64
AAATACCAGCTCACTGACAT_004,16
AAATACCAGCTCACTGACAT_005,9
AAATACCAGCTCACTGACAT_006,19
CGGGTTACATTCGCTCGGCG_001,81
CGGGTTACATTCGCTCGGCG_002,62
CGGGTTACATTCGCTCGGCG_003,177
CGGGTTACATTCGCTCGGCG_004,168
CGGGTTACATTCGCTCGGCG_005,81
CGGGTTACATTCGCTCGGCG_006,41
CGGGTTACATTCGCTCGGCG_007,91
CGGGTTACATTCGCTCGGCG_008,39
CGGGTTACATTCGCTCGGCG_009,118
CGGGTTACATTCGCTCGGCG_010,173
TCAGGTGTCGCATTAGCACA_001,38
TCAGGTGTCGCATTAGCACA_002,86
TCAGGTGTCGCATTAGCACA_003,50
TCAGGTGTCGCATTAGCACA_004,121
TCAGGTGTCGCATTAGCACA_005,175
TCAGGTGTCGCATTAGCACA_006,63
GAGTGGAACCTATCCTGAGG_001,77
GAGTGGAACCTATCCTGAGG_002,149
GAGTGGAACCTATCCTGAGG_003,42
GAGTGGAACCTATCCTGAGG_004,18
GAGTGGAACCTATCCTGAGG_005,164
GAGTGGAACCTATCCTGAGG_006,192
GAGTGGAACCTATCCTGAGG_007,99
GCTGGTAATTGTGACACTGT_001,114
ATGGTTGTAGAAACGAGTGA_001,198
ATGGTTGTAGAAACGAGTGA_002,28
ATGGTTGTAGAAACGAGTGA_003,72
ATGGTTGTAGAAACGAGTGA_004,1
ATGGTTGTAGAAACGAGTGA_005,94
ATGGTTGTAGAAACGAGTGA_006,104
ATGGTTGTAGAAACGAGTGA_007,169
ATGGTTGTAGAAACGAGTGA_008,10
CCTCGCCAACTATATGCCCA_001,115
AGGCAGATGAGTTAACAGGA_001,21
AGGCAGATGAGTTAACAGGA_002,147
AGGCAGATGAGTTAACAGGA_003,170
AGGCAGATGAGTTAACAGGA_004,115
AGGCAGATGAGTTAACAGGA_005,149
AGGCAGATGAGTTAACAGGA_006,107
AGGCAGATGAGTTAACAGGA_007,38
AGGCAGATGAGTTAACAGGA_008,191
AGGCAGATGAGTTAACAGGA_009,146
AGGCAGATGAGTTAACAGGA_010,149
AGGCAGATGAGTTAACAGGA_011,45
AGGCAGATGAGTTAACAGGA_012,13
ACTGCTCTCTTCATACAGCT_001,184
ACTGCTCTCTTCATACAGCT_002,3
ACTGCTCTCTTCATACAGCT_003,99
ACTGCTCTCTTCATACAGCT_004,58
ACTGCTCTCTTCATACAGCT_005,197
ACTGCTCTCTTCATACAGCT_006,54
ACTGCTCTCTTCATACAGCT_007,158
ACTGCTCTCTTCATACAGCT_008,184
ACTGCTCTCTTCATACAGCT_009,84
AGAGCACAGTCAGAAGAGGG_001,114
AGAGCACAGTCAGAAGAGGG_002,84
AGAGCACAGTCAGAAGAGGG_003,188
AAAGAGGATTACCCATAGAA_001,130
AAAGAGGATTACCCATAGAA_002,78
AGATAGTGCCCGCAGGTCGA_001,137
AGATAGTGCCCGCAGGTCGA_002,80
AGATAGTGCCCGCAGGTCGA_003,85
AGATAGTGCCCGCAGGTCGA_004,191
AGATAGTGCCCGCAGGTCGA_005,74
AGATAGTGCCCGCAGGTCGA_006,180
AGATAGTGCCCGCAGGTCGA_007,161
AGATAGTGCCCGCAGGTCGA_008,9
AGATAGTGCCCGCAGGTCGA_009,160
AGATAGTGCCCGCAGGTCGA_010,74
AGATAGTGCCCGCAGGTCGA_011,15
CACCGCGCACATTGACACGG_001,32
CACCGCGCACATTGACACGG_002,108
CACCGCGCACATTGACACGG_003,3
CACCGCGCACATTGACACGG_004,15
CACCGCGCACATTGACACGG_005,185
CACCGCGCACATTGACACGG_006,78
CACCGCGCACATTGACACGG_007,163
CACCGCGCACATTGACACGG_008,25
CACCGCGCACATTGACACGG_009,139
CACCGCGCACATTGACACGG_010,24
CACCGCGCACATTGACACGG_011,16
CACCGCGCACATTGACACGG_012,177
CACCGCGCACATTGACACGG_013,69
CACCGCGCACATTGACACGG_014,145
CACCGCGCACATTGACACGG_015,13
CACCGCGCACATTGACACGG_016,8
CACCGCGCACATTGACACGG_017,188
CACCGCGCACATTGACACGG_018,149
CACCGCGCACATTGACACGG_019,50
CACCGCGCACATTGACACGG_020,47
CACCGCGCACATTGACACGG_021,1
CACCGCGCACATTGACACGG_022,150
CACCGCGCACATTGACACGG_023,98
CACCGCGCACATTGACACGG_024,55
CACCGCGCACATTGACACGG_025,38
CACCGCGCACATTGACACGG_026,16
CACCGCGCACATTGACACGG_027,141
CACCGCGCACATTGACACGG_028,163
CACCGCGCACATTGACACGG_029,80
CACCGCGCACATTGACACGG_030,127
CACCGCGCACATTGACACGG_031,160
CACCGCGCACATTGACACGG_032,28
CACCGCGCACATTGACACGG_033,37
CACCGCGCACATTGACACGG_034,188
CACCGCGCACATTGACACGG_035,1
CACCGCGCACATTGACACGG_036,126
CACCGCGCACATTGACACGG_037,126
CACCGCGCACATTGACACGG_038,118
CACCGCGCACATTGACACGG_039,42
CACCGCGCACATTGACACGG_040,130
CACCGCGCACATTGACACGG_041,184
CCTCGTTGCCTGCTAACCAA_001,187
CCTCGTTGCCTGCTAACCAA_002,70
CCTCGTTGCCTGCTAACCAA_003,86
CCTCGTTGCCTGCTAACCAA_004,198
CCTCGTTGCCTGCTAACCAA_005,177
CCTCGTTGCCTGCTAACCAA_006,155
CCTCGTTGCCTGCTAACCAA_007,40
CCTCGTTGCCTGCTAACCAA_008,22
CCTCGTTGCCTGCTAACCAA_009,17
CCTCGTTGCCTGCTAACCAA_010,138
CCTCGTTGCCTGCTAACCAA_011,138
CCTCGTTGCCTGCTAACCAA_012,137
CCTCGTTGCCTGCTAACCAA_013,150
CCTCGTTGCCTGCTAACCAA_014,121
CCTCGTTGCCTGCTAACCAA_015,27
CCTCGTTGCCTGCTAACCAA_016,115
CCTCGTTGCCTGCTAACCAA_017,81
CCTCGTTGCCTGCTAACCAA_018,124
CCTCGTTGCCTGCTAACCAA_019,104
CCTCGTTGCCTGCTAACCAA_020,34
CCTCGTTGCCTGCTAACCAA_021,100
CCTCGTTGCCTGCTAACCAA_022,177
CCTCGTTGCCTGCTAACCAA_023,111
CCTCTGCGCCATGAGAGCCA_001,88
CCTCTGCGCCATGAGAGCCA_002,170
CCTCTGCGCCATGAGAGCCA_003,78
CCTCTGCGCCATGAGAGCCA_004,130
CCTCTGCGCCATGAGAGCCA_005,163
CCTCTGCGCCATGAGAGCCA_006,40
CCTCTGCGCCATGAGAGCCA_007,93
GAAGCTGAGTAGATCGCGGG_001,122
GAAGCTGAGTAGATCGCGGG_002,174
GAAGCTGAGTAGATCGCGGG_003,142
GAAGCTGAGTAGATCGCGGG_004,137
GAAGCTGAGTAGATCGCGGG_005,20
GAAGCTGAGTAGATCGCGGG_006,41
GAAGCTGAGTAGATCGCGGG_007,41
GAAGCTGAGTAGATCGCGGG_008,135
GAAGCTGAGTAGATCGCGGG_009,44
GAAGCTGAGTAGATCGCGGG_010,156
GAAGCTGAGTAGATCGCGGG_011,48
GAAGCTGAGTAGATCGCGGG_012,138
GAAGCTGAGTAGATCGCGGG_013,165
GAAGCTGAGTAGATCGCGGG_014,171
GAAGCTGAGTAGATCGCGGG_015,175
GAAGCTGAGTAGATCGCGGG_016,163
GAAGCTGAGTAGATCGCGGG_017,147
GATGACACAGGAAATTACAA_001,8
GATGACACAGGAAATTACAA_002,85
GACCACAAGAGAGACCTCGG_001,139
GACCACAAGAGAGACCTCGG_002,57
GACCACAAGAGAGACCTCGG_003,76
GACCACAAGAGAGACCTCGG_004,1
GACCACAAGAGAGACCTCGG_005,9
GACCACAAGAGAGACCTCGG_006,94
GACCACAAGAGAGACCTCGG_007,66
GACCACAAGAGAGACCTCGG_008,68
GACCACAAGAGAGACCTCGG_009,11
GACCACAAGAGAGACCTCGG_010,170
GACCACAAGAGAGACCTCGG_011,95
GACCACAAGAGAGACCTCGG_012,108
GACCACAAGAGAGACCTCGG_013,161
GACCACAAGAGAGACCTCGG_014,47
GACCACAAGAGAGACCTCGG_015,184
GACCACAAGAGAGACCTCGG_016,42
GACCACAAGAGAGACCTCGG_017,45
GACCACAAGAGAGACCTCGG_018,36
GACCACAAGAGAGACCTCGG_019,36
GACCACAAGAGAGACCTCGG_020,165
GACCACAAGAGAGACCTCGG_021,52
GACCACAAGAGAGACCTCGG_022,55
GACCACAAGAGAGACCTCGG_023,182
GACCACAAGAGAGACCTCGG_024,42
GACCACAAGAGAGACCTCGG_025,116
GACCACAAGAGAGACCTCGG_026,118
GACCACAAGAGAGACCTCGG_027,9
GACCACAAGAGAGACCTCGG_028,16
GACCACAAGAGAGACCTCGG_029,123
GACCACAAGAGAGACCTCGG_030,181
GACCACAAGAGAGACCTCGG_031,81
GACCACAAGAGAGACCTCGG_032,70
GACCACAAGAGAGACCTCGG_033,138
GACCACAAGAGAGACCTCGG_034,34
GACCACAAGAGAGACCTCGG_035,170
GACCACAAGAGAGACCTCGG_036,30
TCGTTTATAACCACTACGAG_001,84
TCGTTTATAACCACTACGAG_002,19
TCGTTTATAACCACTACGAG_003,162
GTTGTGTACAGGCTGTAGTG_001,174
GTTGTGTACAGGCTGTAGTG_002,102
GTTGTGTACAGGCTGTAGTG_003,185
GTTGTGTACAGGCTGTAGTG_004,78
GTTGTGTACAGGCTGTAGTG_005,165
GTTGTGTACAGGCTGTAGTG_006,1
GTTGTGTACAGGCTGTAGTG_007,169
TGCCCATGATGGCATTACTC_001,105
TGCCCATGATGGCATTACTC_002,105
TGCCCATGATGGCATTACTC_003,171
TTTGCAGGCATTCAAAAGTG_001,76
TTTGCAGGCATTCAAAAGTG_002,17
TTTGCAGGCATTCAAAAGTG_003,10
TTTGCAGGCATTCAAAAGTG_004,76
TTTGCAGGCATTCAAAAGTG_005,52
TGTGTGGAGATGGCGACTAG_001,177
TGTGTGGAGATGGCGACTAG_002,65
TGTGTGGAGATGGCGACTAG_003,26
ATAGATGCGATCCACCAGTT_001,10
TGGCCGCGGCAAAGGCGGGA_001,62
TGGCCGCGGCAAAGGCGGGA_002,149
TGGCCGCGGCAAAGGCGGGA_003,151
TGGCCGCGGCAAAGGCGGGA_004,83
TGGCCGCGGCAAAGGCGGGA_005,149
TGGCCGCGGCAAAGGCGGGA_006,190
TGGCCGCGGCAAAGGCGGGA_007,119
TGGCCGCGGCAAAGGCGGGA_008,57
TGGCCGCGGCAAAGGCGGGA_009,137
TGGCCGCGGCAAAGGCGGGA_010,113
TGGCCGCGGCAAAGGCGGGA_011,177
TGGCCGCGGCAAAGGCGGGA_012,28
TGGCCGCGGCAAAGGCGGGA_013,8
TGGCCGCGGCAAAGGCGGGA_014,49
CGAGGCGCAGATCAACAACG_001,43
CGAGGCGCAGATCAACAACG_002,50
CGAGGCGCAGATCAACAACG_003,1
CGAGGCGCAGATCAACAACG_004,105
CGAGGCGCAGATCAACAACG_005,77
CGAGGCGCAGATCAACAACG_006,145
CGAGGCGCAGATCAACAACG_007,52
CGAGGCGCAGATCAACAACG_008,146
CGAGGCGCAGATCAACAACG_009,58
CGAGGCGCAGATCAACAACG_010,188
CGAGGCGCAGATCAACAACG_011,103
GTGGCCCATGAGCAGGTACG_001,2
GTGGCCCATGAGCAGGTACG_002,66
GTGGCCCATGAGCAGGTACG_003,173
GTGGCCCATGAGCAGGTACG_004,173
GTGGCCCATGAGCAGGTACG_005,98
GTGGCCCATGAGCAGGTACG_006,172
GTGGCCCATGAGCAGGTACG_007,128
GGCAAGGAGCACGCGGCCGT_001,168
GGCAAGGAGCACGCGGCCGT_002,79
GGCAAGGAGCACGCGGCCGT_003,115
GGCAAGGAGCACGCGGCCGT_004,65
GGCAAGGAGCACGCGGCCGT_005,71
GGCAAGGAGCACGCGGCCGT_006,146
GGCAAGGAGCACGCGGCCGT_007,22
GGCAAGGAGCACGCGGCCGT_008,84
GGCAAGGAGCACGCGGCCGT_009,72
GGCAAGGAGCACGCGGCCGT_010,50
GGCAAGGAGCACGCGGCCGT_011,45
GGCAAGGAGCACGCGGCCGT_012,45
GGCAAGGAGCACGCGGCCGT_013,185
GGCAAGGAGCACGCGGCCGT_014,190
GGCAAGGAGCACGCGGCCGT_015,94
GGCAAGGAGCACGCGGCCGT_016,115
GGCAAGGAGCACGCGGCCGT_017,1
GGCAAGGAGCACGCGGCCGT_018,160
GGCAAGGAGCACGCGGCCGT_019,76
GGCAAGGAGCACGCGGCCGT_020,179
GGCAAGGAGCACGCGGCCGT_021,94
GGCAAGGAGCACGCGGCCGT_022,86
GGCAAGGAGCACGCGGCCGT_023,6
GGCAAGGAGCACGCGGCCGT_024,115
GGCAAGGAGCACGCGGCCGT_025,43
GGCAAGGAGCACGCGGCCGT_026,76
GGCAAGGAGCACGCGGCCGT_027,13
GGCAAGGAGCACGCGGCCGT_028,91
GGTACAGGCTTATTCGCAAG_001,20
GGTACAGGCTTATTCGCAAG_002,48
GGTACAGGCTTATTCGCAAG_003,76
CTTGCAAACTCAGTAGCCCG_001,82
CTTGCAAACTCAGTAGCCCG_002,72
CTTGCAAACTCAGTAGCCCG_003,137
CTTGCAAACTCAGTAGCCCG_004,43
CTTGCAAACTCAGTAGCCCG_005,193
CTTGCAAACTCAGTAGCCCG_006,118
ACAAAGCGGCAGTTGCATAG_001,67
ACAAAGCGGCAGTTGCATAG_002,134
ACAAAGCGGCAGTTGCATAG_003,153
ACAAAGCGGCAGTTGCATAG_004,157
ACAAAGCGGCAGTTGCATAG_005,26
ACAAAGCGGCAGTTGCATAG_006,84
ACAAAGCGGCAGTTGCATAG_007,185
ACAAAGCGGCAGTTGCATAG_008,146
ACAAAGCGGCAGTTGCATAG_009,22
ACAAAGCGGCAGTTGCATAG_010,130
ACAAAGCGGCAGTTGCATAG_011,161
ACAAAGCGGCAGTTGCATAG_012,84
ACAAAGCGGCAGTTGCATAG_013,19
CCCACATATCAGGCTACTAG_001,40
CCCACATATCAGGCTACTAG_002,116
AGACACCAGAACTCCCGGAA_001,84
AGACACCAGAACTCCCGGAA_002,42
AGACACCAGAACTCCCGGAA_003,50
AGACACCAGAACTCCCGGAA_004,102
AGACACCAGAACTCCCGGAA_005,132
AGACACCAGAACTCCCGGAA_006,28
AGACACCAGAACTCCCGGAA_007,105
AGACACCAGAACTCCCGGAA_008,115
AGACACCAGAACTCCCGGAA_009,115
AGACACCAGAACTCCCGGAA_010,45
AGACACCAGAACTCCCGGAA_011,121
AGACACCAGAACTCCCGGAA_012,79
AGACACCAGAACTCCCGGAA_013,148
AGACACCAGAACTCCCGGAA_014,120
AGACACCAGAACTCCCGGAA_015,62
AGACACCAGAACTCCCGGAA_016,137
GCCACTTCCTAAGGGGTGCG_001,12
GCCACTTCCTAAGGGGTGCG_002,194
GCCACTTCCTAAGGGGTGCG_003,102
GCCACTTCCTAAGGGGTGCG_004,48
GCCACTTCCTAAGGGGTGCG_005,78
GCCACTTCCTAAGGGGTGCG_006,109
GCCACTTCCTAAGGGGTGCG_007,154
GCCACTTCCTAAGGGGTGCG_008,181
GCCACTTCCTAAGGGGTGCG_009,77
GCCACTTCCTAAGGGGTGCG_010,159
GCCACTTCCTAAGGGGTGCG_011,117
GCCACTTCCTAAGGGGTGCG_012,104
GCCACTTCCTAAGGGGTGCG_013,177
GCCACTTCCTAAGGGGTGCG_014,160
GCCACTTCCTAAGGGGTGCG_015,128
GCCACTTCCTAAGGGGTGCG_016,23
GCCACTTCCTAAGGGGTGCG_017,171
GCCACTTCCTAAGGGGTGCG_018,187
GCCACTTCCTAAGGGGTGCG_019,104
GCCACTTCCTAAGGGGTGCG_020,177
GCCACTTCCTAAGGGGTGCG_021,137
GCCACTTCCTAAGGGGTGCG_022,37
GCCACTTCCTAAGGGGTGCG_023,56
GCCACTTCCTAAGGGGTGCG_024,192
GCCACTTCCTAAGGGGTGCG_025,115
GCCACTTCCTAAGGGGTGCG_026,146
GCCACTTCCTAAGGGGTGCG_027,148
GCCACTTCCTAAGGGGTGCG_028,160
GCCACTTCCTAAGGGGTGCG_029,49
GCCACTTCCTAAGGGGTGCG_030,56
GCCACTTCCTAAGGGGTGCG_031,80
CCTCCGACTACATTATTCCG_001,19
CCTCCGACTACATTATTCCG_002,88
CCTCCGACTACATTATTCCG_003,94
CCTCCGACTACATTATTCCG_004,43
CCTCCGACTACATTATTCCG_005,88
CCTCCGACTACATTATTCCG_006,56
CCTCCGACTACATTATTCCG_007,106
CCTCCGACTACATTATTCCG_008,98
CCTCCGACTACATTATTCCG_009,191
CCTCCGACTACATTATTCCG_010,57
GTATAACTCAATGACACCGT_001,4
GTATAACTCAATGACACCGT_002,87
GTATAACTCAATGACACCGT_003,115
GTATAACTCAATGACACCGT_004,115
GGGAGCCGTTCATCTCATGG_001,39
GGGAGCCGTTCATCTCATGG_002,2
GGGAGCCGTTCATCTCATGG_003,117
GGGAGCCGTTCATCTCATGG_004,28
GGGAGCCGTTCATCTCATGG_005,62
GGGAGCCGTTCATCTCATGG_006,37
GGGAGCCGTTCATCTCATGG_007,123
GGGAGCCGTTCATCTCATGG_008,1
GTCACCAGCGACCTTGTCAG_001,88
GTCACCAGCGACCTTGTCAG_002,172
GTCACCAGCGACCTTGTCAG_003,153
GTCACCAGCGACCTTGTCAG_004,94
GTCACCAGCGACCTTGTCAG_005,29
GTCACCAGCGACCTTGTCAG_006,52
GTCACCAGCGACCTTGTCAG_007,188
GTCACCAGCGACCTTGTCAG_008,102
GTCACCAGCGACCTTGTCAG_009,169
GTCACCAGCGACCTTGTCAG_010,20
GTCACCAGCGACCTTGTCAG_011,188
GTCACCAGCGACCTTGTCAG_012,112
GTCACCAGCGACCTTGTCAG_013,13
GTCACCAGCGACCTTGTCAG_014,178
GTCACCAGCGACCTTGTCAG_015,94
GTCACCAGCGACCTTGTCAG_016,18
GTCACCAGCGACCTTGTCAG_017,86
GTCACCAGCGACCTTGTCAG_018,94
GTCACCAGCGACCTTGTCAG_019,9
GTCACCAGCGACCTTGTCAG_020,157
GTCACCAGCGACCTTGTCAG_021,11
GTCACCAGCGACCTTGTCAG_022,90
GTCACCAGCGACCTTGTCAG_023,1
TGACACTGGATTCCTGAACC_001,152
TGACACTGGATTCCTGAACC_002,139
TGACACTGGATTCCTGAACC_003,17
GGGGAACTTGTCCGAGACTG_001,133
GGGGAACTTGTCCGAGACTG_002,133
GGGGAACTTGTCCGAGACTG_003,164
GGGGAACTTGTCCGAGACTG_004,87
GGGGAACTTGTCCGAGACTG_005,87
GGGGAACTTGTCCGAGACTG_006,81
GGGGAACTTGTCCGAGACTG_007,85
GGGGAACTTGTCCGAGACTG_008,160
GGGGAACTTGTCCGAGACTG_009,186
GGGGAACTTGTCCGAGACTG_010,192
GGGGAACTTGTCCGAGACTG_011,160
GGGGAACTTGTCCGAGACTG_012,137
GGGGAACTTGTCCGAGACTG_013,176
GGGGAACTTGTCCGAGACTG_014,27
GGGGAACTTGTCCGAGACTG_015,105
GGGGAACTTGTCCGAGACTG_016,99
GGGGAACTTGTCCGAGACTG_017,57
GGGGAACTTGTCCGAGACTG_018,55
GGGGAACTTGTCCGAGACTG_019,67
GGGGAACTTGTCCGAGACTG_020,120
GGGGAACTTGTCCGAGACTG_021,22
GTTGAGGTAGCTCTCGTTAG_001,50
GTTGAGGTAGCTCTCGTTAG_002,9
GTTGAGGTAGCTCTCGTTAG_003,121
CAAGGGGAGGAGCTTCACGT_001,94
CAAGGGGAGGAGCTTCACGT_002,81
CAAGGGGAGGAGCTTCACGT_003,28
CAAGGGGAGGAGCTTCACGT_004,105
CAAGGGGAGGAGCTTCACGT_005,148
CAAGGGGAGGAGCTTCACGT_006,88
CAAGGGGAGGAGCTTCACGT_007,83
CAAGGGGAGGAGCTTCACGT_008,78
CAAGGGGAGGAGCTTCACGT_009,32
CAAGGGGAGGAGCTTCACGT_010,178
CAAGGGGAGGAGCTTCACGT_011,137
CAAGGGGAGGAGCTTCACGT_012,49
TGCAAGTGTAGTTGCCACAG_001,117
TGCAAGTGTAGTTGCCACAG_002,182
TGCAAGTGTAGTTGCCACAG_003,122
TGCAAGTGTAGTTGCCACAG_004,129
TGCAAGTGTAGTTGCCACAG_005,134
TGCAAGTGTAGTTGCCACAG_006,125
TGCAAGTGTAGTTGCCACAG_007,50
TGCAAGTGTAGTTGCCACAG_008,50
TGCAAGTGTAGTTGCCACAG_009,0
TGCAAGTGTAGTTGCCACAG_010,76
TGCAAGTGTAGTTGCCACAG_011,108
TGCAAGTGTAGTTGCCACAG_012,115
TGCAAGTGTAGTTGCCACAG_013,8
TGCAAGTGTAGTTGCCACAG_014,11
TGCAAGTGTAGTTGCCACAG_015,110
TGCAAGTGTAGTTGCCACAG_016,83
TGCAAGTGTAGTTGCCACAG_017,192
TGCAAGTGTAGTTGCCACAG_018,168
GGGACCCAGAGAACGCAAGG_001,68
GGGACCCAGAGAACGCAAGG_002,138
GGGACCCAGAGAACGCAAGG_003,65
GGGACCCAGAGAACGCAAGG_004,9
GGGACCCAGAGAACGCAAGG_005,166
GGGACCCAGAGAACGCAAGG_006,188
GGGACCCAGAGAACGCAAGG_007,63
GGGACCCAGAGAACGCAAGG_008,16
GGGACCCAGAGAACGCAAGG_009,152
GGGACCCAGAGAACGCAAGG_010,144
GGGACCCAGAGAACGCAAGG_011,34
ATTCCCAGATGCCTACGGGA_001,78
ATTCCCAGATGCCTACGGGA_002,106
ATTCCCAGATGCCTACGGGA_003,107
ATTCCCAGATGCCTACGGGA_004,118
ATTCCCAGATGCCTACGGGA_005,119
ATTCCCAGATGCCTACGGGA_006,59
ATTCCCAGATGCCTACGGGA_007,57
ATTCCCAGATGCCTACGGGA_008,121
ATTCCCAGATGCCTACGGGA_009,92
ATTCCCAGATGCCTACGGGA_010,56
ATTCCCAGATGCCTACGGGA_011,108
ATTCCCAGATGCCTACGGGA_012,152
ATTCCCAGATGCCTACGGGA_013,126
ATTCCCAGATGCCTACGGGA_014,80
ATTCCCAGATGCCTACGGGA_015,0
ATTCCCAGATGCCTACGGGA_016,73
ATTCCCAGATGCCTACGGGA_017,60
ATTCCCAGATGCCTACGGGA_018,70
ATTCCCAGATGCCTACGGGA_019,102
ATTCCCAGATGCCTACGGGA_020,5
ATTCCCAGATGCCTACGGGA_021,47
ATTCCCAGATGCCTACGGGA_022,50
ATTCCCAGATGCCTACGGGA_023,26
ATTCCCAGATGCCTACGGGA_024,175
TCTTGACTGATAATTACCGT_001,184
TCTTGACTGATAATTACCGT_002,187
TCTTGACTGATAATTACCGT_003,127
TCTTGACTGATAATTACCGT_004,150
TCTTGACTGATAATTACCGT_005,107
TGAAGGCCCACAATGAGTAC_001,36
TGAAGGCCCACAATGAGTAC_002,170
TGAAGGCCCACAATGAGTAC_003,157
TGAAGGCCCACAATGAGTAC_004,103
TGAAGGCCCACAATGAGTAC_005,52
TGAAGGCCCACAATGAGTAC_006,49
TGAAGGCCCACAATGAGTAC_007,10
TGAAGGCCCACAATGAGTAC_008,56
TTGCCGTTATTACATCAGAT_001,183
CGCGGTAGGGCACCCGCACA_001,9
CGCGGTAGGGCACCCGCACA_002,152
TCATGGCAAAGAGGTCCGAC_001,45
TCATGGCAAAGAGGTCCGAC_002,154
TCATGGCAAAGAGGTCCGAC_003,166
TCATGGCAAAGAGGTCCGAC_004,14
TCATGGCAAAGAGGTCCGAC_005,103
TCATGGCAAAGAGGTCCGAC_006,62
TCATGGCAAAGAGGTCCGAC_007,110
TCATGGCAAAGAGGTCCGAC_008,155
TCATGGCAAAGAGGTCCGAC_009,92
TCATGGCAAAGAGGTCCGAC_010,92
TCATGGCAAAGAGGTCCGAC_011,105
TCATGGCAAAGAGGTCCGAC_012,174
TCATGGCAAAGAGGTCCGAC_013,94
TCATGGCAAAGAGGTCCGAC_014,112
TCATGGCAAAGAGGTCCGAC_015,198
TCATGGCAAAGAGGTCCGAC_016,3
TCATGGCAAAGAGGTCCGAC_017,39
TCATGGCAAAGAGGTCCGAC_018,134
TCATGGCAAAGAGGTCCGAC_019,184
TCATGGCAAAGAGGTCCGAC_020,27
TCATGGCAAAGAGGTCCGAC_021,104
CTGGTTACTGGTCCTGTACA_001,49
CTGGTTACTGGTCCTGTACA_002,63
CGAGGAATGCTAGATCACAT_001,158
CGAGGAATGCTAGATCACAT_002,0
CGAGGAATGCTAGATCACAT_003,138
CGAGGAATGCTAGATCACAT_004,190
CGAGGAATGCTAGATCACAT_005,187
CGAGGAATGCTAGATCACAT_006,120
CGAGGAATGCTAGATCACAT_007,127
CGAGGAATGCTAGATCACAT_008,105
CGAGGAATGCTAGATCACAT_009,196
CGAGGAATGCTAGATCACAT_010,97
CGAGGAATGCTAGATCACAT_011,48
CGAGGAATGCTAGATCACAT_012,162
CGAGGAATGCTAGATCACAT_013,174
CGAGGAATGCTAGATCACAT_014,29
CGAGGAATGCTAGATCACAT_015,29
CGAGGAATGCTAGATCACAT_016,185
CGAGGAATGCTAGATCACAT_017,163
CGAGGAATGCTAGATCACAT_018,1
CGAGGAATGCTAGATCACAT_019,186
CGAGGAATGCTAGATCACAT_020,21
CGAGGAATGCTAGATCACAT_021,149
CGAGGAATGCTAGATCACAT_022,56
CGAGGAATGCTAGATCACAT_023,68
AGGAGATGGACTGGCCACCA_001,5
AGGAGATGGACTGGCCACCA_002,154
AGGAGATGGACTGGCCACCA_003,106
AGGAGATGGACTGGCCACCA_004,197
AGGAGATGGACTGGCCACCA_005,116
AGGAGATGGACTGGCCACCA_006,136
AGGAGATGGACTGGCCACCA_007,136
AGGAGATGGACTGGCCACCA_008,118
AGGAGATGGACTGGCCACCA_009,189
AGGAGATGGACTGGCCACCA_010,34
AGGAGATGGACTGGCCACCA_011,44
AGGAGATGGACTGGCCACCA_012,15
AGGAGATGGACTGGCCACCA_013,137
AGGAGATGGACTGGCCACCA_014,2
AGGAGATGGACTGGCCACCA_015,160
AGGAGATGGACTGGCCACCA_016,142
AGGAGATGGACTGGCCACCA_017,13
AGGAGATGGACTGGCCACCA_018,198
AGGAGATGGACTGGCCACCA_019,169
AGGAGATGGACTGGCCACCA_020,36
AGGAGATGGACTGGCCACCA_021,109
AGGAGATGGACTGGCCACCA_022,144
AGGAGATGGACTGGCCACCA_023,177
AGGAGATGGACTGGCCACCA_024,93
AGGAGATGGACTGGCCACCA_025,158
AGGAGATGGACTGGCCACCA_026,27
AGGAGATGGACTGGCCACCA_027,48
AGGAGATGGACTGGCCACCA_028,30
AGGAGATGGACTGGCCACCA_029,153
AGGAGATGGACTGGCCACCA_030,185
AGGAGATGGACTGGCCACCA_031,4
AGGAGATGGACTGGCCACCA_032,168
AGGAGATGGACTGGCCACCA_033,184
AGGAGATGGACTGGCCACCA_034,105
AGGAGATGGACTGGCCACCA_035,65
AGGAGATGGACTGGCCACCA_036,119
AGGAGATGGACTGGCCACCA_037,115
AGGAGATGGACTGGCCACCA_038,77
AGGAGATGGACTGGCCACCA_039,93
AGGAGATGGACTGGCCACCA_040,44
AGGAGATGGACTGGCCACCA_041,8
AGGAGATGGACTGGCCACCA_042,187
AGGAGATGGACTGGCCACCA_043,133
AGGAGATGGACTGGCCACCA_044,117
AGGAGATGGACTGGCCACCA_045,116
AGGAGATGGACTGGCCACCA_046,45
AGGAGATGGACTGGCCACCA_047,90
AGGAGATGGACTGGCCACCA_048,183
AGGAGATGGACTGGCCACCA_049,40
AGGAGATGGACTGGCCACCA_050,17
AGGAGATGGACTGGCCACCA_051,106
AGGAGATGGACTGGCCACCA_052,199
AGGAGATGGACTGGCCACCA_053,144
AGGAGATGGACTGGCCACCA_054,16
AGGAGATGGACTGGCCACCA_055,158
AGGAGATGGACTGGCCACCA_056,82
CATACAGCGACATAATGATG_001,91
CATACAGCGACATAATGATG_002,19
GTGGAGCCACCTCCCATCCA_001,145
GTGGAGCCACCTCCCATCCA_002,104
GTGGAGCCACCTCCCATCCA_003,166
GTGGAGCCACCTCCCATCCA_004,130
GTGGAGCCACCTCCCATCCA_005,158
GTGGAGCCACCTCCCATCCA_006,24
GTGGAGCCACCTCCCATCCA_007,0
GTGGAGCCACCTCCCATCCA_008,118
GTGGAGCCACCTCCCATCCA_009,146
GTGGAGCCACCTCCCATCCA_010,53
GTGGAGCCACCTCCCATCCA_011,121
GTGGAGCCACCTCCCATCCA_012,159
GTGGAGCCACCTCCCATCCA_013,45
GTGGAGCCACCTCCCATCCA_014,77
GTGGAGCCACCTCCCATCCA_015,158
GTGGAGCCACCTCCCATCCA_016,48
GTGGAGCCACCTCCCATCCA_017,135
GTGGAGCCACCTCCCATCCA_018,135
GTGGAGCCACCTCCCATCCA_019,184
GTGGAGCCACCTCCCATCCA_020,147
GTGGAGCCACCTCCCATCCA_021,105
GTGGAGCCACCTCCCATCCA_022,8
GTGGAGCCACCTCCCATCCA_023,197
GTGGAGCCACCTCCCATCCA_024,48
GTGGAGCCACCTCCCATCCA_025,149
GTGGAGCCACCTCCCATCCA_026,54
GTGGAGCCACCTCCCATCCA_027,35
GTGGAGCCACCTCCCATCCA_028,149
GTGGAGCCACCTCCCATCCA_029,195
GTGGAGCCACCTCCCATCCA_030,5
GTGGAGCCACCTCCCATCCA_031,16
GTGGAGCCACCTCCCATCCA_032,127
GTGGAGCCACCTCCCATCCA_033,183
GTGGAGCCACCTCCCATCCA_034,19
GTGGAGCCACCTCCCATCCA_035,183
GTGGAGCCACCTCCCATCCA_036,35
GTGGAGCCACCTCCCATCCA_037,66
GTGGAGCCACCTCCCATCCA_038,63
GTGGAGCCACCTCCCATCCA_039,85
GTGGAGCCACCTCCCATCCA_040,52
GTGGAGCCACCTCCCATCCA_041,41
GTGGAGCCACCTCCCATCCA_042,51
GTGGAGCCACCTCCCATCCA_043,64
GTGGAGCCACCTCCCATCCA_044,0
GTGGAGCCACCTCCCATCCA_045,191
GTGGAGCCACCTCCCATCCA_046,63
GTGGAGCCACCTCCCATCCA_047,66
GTGGAGCCACCTCCCATCCA_048,40
GTGGAGCCACCTCCCATCCA_049,175
GTGGAGCCACCTCCCATCCA_050,51
GTGGAGCCACCTCCCATCCA_051,89
GGGCTTGCCCATCAAACAGG_001,7
GGGCTTGCCCATCAAACAGG_002,60
GGGCTTGCCCATCAAACAGG_003,138
GGGCTTGCCCATCAAACAGG_004,34
GGGCTTGCCCATCAAACAGG_005,154
GGGCTTGCCCATCAAACAGG_006,182
GGGCTTGCCCATCAAACAGG_007,160
GTTATTAGTCGATCGAGATG_001,157
CTCTCTTCATAGGAGCACAC_001,133
CTCTCTTCATAGGAGCACAC_002,144
CTCTCTTCATAGGAGCACAC_003,160
CTCTCTTCATAGGAGCACAC_004,120
CTCTCTTCATAGGAGCACAC_005,60
CTCTCTTCATAGGAGCACAC_006,58
CTCTCTTCATAGGAGCACAC_007,141
CTCTCTTCATAGGAGCACAC_008,171
CTCTCTTCATAGGAGCACAC_009,40
CTCTCTTCATAGGAGCACAC_010,28
CTCTCTTCATAGGAGCACAC_011,157
CTCTCTTCATAGGAGCACAC_012,159
CTCTCTTCATAGGAGCACAC_013,160
CTCTCTTCATAGGAGCACAC_014,186
CTCTCTTCATAGGAGCACAC_015,102
CTCTCTTCATAGGAGCACAC_016,77
CTCTCTTCATAGGAGCACAC_017,53
CTCTCTTCATAGGAGCACAC_018,159
CTCTCTTCATAGGAGCACAC_019,9
CTCTCTTCATAGGAGCACAC_020,107
CTCTCTTCATAGGAGCACAC_021,34
CTCTCTTCATAGGAGCACAC_022,8
CTCTCTTCATAGGAGCACAC_023,74
CTCTCTTCATAGGAGCACAC_024,182
CTCTCTTCATAGGAGCACAC_025,62
CAATATCTGATACCTGATGC_001,175
CAATATCTGATACCTGATGC_002,98
ACAGACAGCAAGCGGAACCA_001,175
ACAGACAGCAAGCGGAACCA_002,129
ACAGACAGCAAGCGGAACCA_003,15
ACAGACAGCAAGCGGAACCA_004,19
ACAGACAGCAAGCGGAACCA_005,158
ACAGACAGCAAGCGGAACCA_006,198
ACAGACAGCAAGCGGAACCA_007,147
ACAGACAGCAAGCGGAACCA_008,7
ACAGACAGCAAGCGGAACCA_009,43
ACAGACAGCAAGCGGAACCA_010,42
ACAGACAGCAAGCGGAACCA_011,167
ACAGACAGCAAGCGGAACCA_012,84
ACAGACAGCAAGCGGAACCA_013,143
ACAGACAGCAAGCGGAACCA_014,185
ACAGACAGCAAGCGGAACCA_015,199
ACAGACAGCAAGCGGAACCA_016,50
ACAGACAGCAAGCGGAACCA_017,16
ACAGACAGCAAGCGGAACCA_018,168
ACAGACAGCAAGCGGAACCA_019,145
ACAGACAGCAAGCGGAACCA_020,104
ACAGACAGCAAGCGGAACCA_021,72
ACAGACAGCAAGCGGAACCA_022,132
ACAGACAGCAAGCGGAACCA_023,90
ACAGACAGCAAGCGGAACCA_024,19
ACAGACAGCAAGCGGAACCA_025,118
ACAGACAGCAAGCGGAACCA_026,21
ACAGACAGCAAGCGGAACCA_027,169
ACAGACAGCAAGCGGAACCA_028,70
ACAGACAGCAAGCGGAACCA_029,124
ACAGACAGCAAGCGGAACCA_030,29
ACAGACAGCAAGCGGAACCA_031,147
AAACTACATTCTGAATTACG_001,177
AAACTACATTCTGAATTACG_002,139
AAACTACATTCTGAATTACG_003,178
AAGTCTAGAAGATGAAATTG_001,77
GCCTGGAGCTTACCACGGCG_001,0
GCCTGGAGCTTACCACGGCG_002,43
GCCTGGAGCTTACCACGGCG_003,105
GCCTGGAGCTTACCACGGCG_004,197
GCCTGGAGCTTACCACGGCG_005,173
GCCTGGAGCTTACCACGGCG_006,149
GCCTGGAGCTTACCACGGCG_007,116
GCCTGGAGCTTACCACGGCG_008,21
GCCTGGAGCTTACCACGGCG_009,113
GCCTGGAGCTTACCACGGCG_010,22
GCCTGGAGCTTACCACGGCG_011,95
GCCTGGAGCTTACCACGGCG_012,92
GCCTGGAGCTTACCACGGCG_013,9
GCCTGGAGCTTACCACGGCG_014,27
GCCTGGAGCTTACCACGGCG_015,172
GCCTGGAGCTTACCACGGCG_016,56
GCCTGGAGCTTACCACGGCG_017,34
GCCTGGAGCTTACCACGGCG_018,155
TGATAGCTTTGCTTGCTGTG_001,50
TGATAGCTTTGCTTGCTGTG_002,30
TGATAGCTTTGCTTGCTGTG_003,105
TGATAGCTTTGCTTGCTGTG_004,188
TGATAGCTTTGCTTGCTGTG_005,175
TGATAGCTTTGCTTGCTGTG_006,33
AAGGTGTAAGACACCTTGGA_001,32
AAGGTGTAAGACACCTTGGA_002,134
AAGGTGTAAGACACCTTGGA_003,166
AAGGTGTAAGACACCTTGGA_004,188
AAGGTGTAAGACACCTTGGA_005,40
AAGGTGTAAGACACCTTGGA_006,105
CTGGCTGTAGAGTTCTACCG_001,161
CTGGCTGTAGAGTTCTACCG_002,161
CTGGCTGTAGAGTTCTACCG_003,2
CTGGCTGTAGAGTTCTACCG_004,159
CTGGCTGTAGAGTTCTACCG_005,167
CAGCTCACCAGGATGTACCC_001,69
TTTGCTCAGAATTCTCGGGG_001,65
TTTGCTCAGAATTCTCGGGG_002,187
TTTGCTCAGAATTCTCGGGG_003,107
TTTGCTCAGAATTCTCGGGG_004,103
TTTGCTCAGAATTCTCGGGG_005,12
TTTGCTCAGAATTCTCGGGG_006,8
TTTGCTCAGAATTCTCGGGG_007,34
GATCATAGTCTTGTTCAAGG_001,88
GATCATAGTCTTGTTCAAGG_002,133
GATCATAGTCTTGTTCAAGG_003,25
GATCATAGTCTTGTTCAAGG_004,50
GATCATAGTCTTGTTCAAGG_005,157
GATCATAGTCTTGTTCAAGG_006,53
GATCATAGTCTTGTTCAAGG_007,62
GATCATAGTCTTGTTCAAGG_008,164
AAGAAGAATTGGGGATGATG_001,156
AAGAAGAATTGGGGATGATG_002,88
AAGAAGAATTGGGGATGATG_003,4
AAGAAGAATTGGGGATGATG_004,82
AAGAAGAATTGGGGATGATG_005,17
AAGAAGAATTGGGGATGATG_006,74
AAGAAGAATTGGGGATGATG_007,104
AAGAAGAATTGGGGATGATG_008,96
AAGAAGAATTGGGGATGATG_009,103
AAGAAGAATTGGGGATGATG_010,28
AGCCGTCTGGGACGGCCCGT_001,55
AGCCGTCTGGGACGGCCCGT_002,55
AAAAGGGAGAAAGAATGATG_001,105
AAAAGGGAGAAAGAATGATG_002,172
AAAAGGGAGAAAGAATGATG_003,93
AAAAGGGAGAAAGAATGATG_004,148
CAAGTAGGCACTCACGCCTG_001,185
CAAGTAGGCACTCACGCCTG_002,0
CAAGTAGGCACTCACGCCTG_003,103
CAAGTAGGCACTCACGCCTG_004,82
CAAGTAGGCACTCACGCCTG_005,169
CAAGTAGGCACTCACGCCTG_006,162
CAAGTAGGCACTCACGCCTG_007,156
CAAGTAGGCACTCACGCCTG_008,196
CAAGTAGGCACTCACGCCTG_009,6
CAAGTAGGCACTCACGCCTG_010,142
CAAGTAGGCACTCACGCCTG_011,10
CAAGTAGGCACTCACGCCTG_012,49
CAAGTAGGCACTCACGCCTG_013,165
CAAGTAGGCACTCACGCCTG_014,59
CAAGTAGGCACTCACGCCTG_015,190
CAAGTAGGCACTCACGCCTG_016,148
CGAGCGACAGCCCGAAGACC_001,68
CGAGCGACAGCCCGAAGACC_002,162
CGAGCGACAGCCCGAAGACC_003,113
CGAGCGACAGCCCGAAGACC_004,182
CGAGCGACAGCCCGAAGACC_005,178
CGAGCGACAGCCCGAAGACC_006,2
CGAGCGACAGCCCGAAGACC_007,185
CGAGCGACAGCCCGAAGACC_008,130
CGAGCGACAGCCCGAAGACC_009,162
CGAGCGACAGCCCGAAGACC_010,72
CGAGCGACAGCCCGAAGACC_011,188
CGAGCGACAGCCCGAAGACC_012,10
CGAGCGACAGCCCGAAGACC_013,106
CGAGCGACAGCCCGAAGACC_014,127
CGAGCGACAGCCCGAAGACC_015,54
CGAGCGACAGCCCGAAGACC_016,60
ACTGAGTGCCCTCAAAGAGA_001,55
ACTGAGTGCCCTCAAAGAGA_002,151
ACTGAGTGCCCTCAAAGAGA_003,108
ACTGAGTGCCCTCAAAGAGA_004,167
ACTGAGTGCCCTCAAAGAGA_005,44
ACTGAGTGCCCTCAAAGAGA_006,184
ACTGAGTGCCCTCAAAGAGA_007,81
ACTGAGTGCCCTCAAAGAGA_008,13
ACTGAGTGCCCTCAAAGAGA_009,83
ACTGAGTGCCCTCAAAGAGA_010,40
ATCACAAGCTCTCAGATCAA_001,129
ATCACAAGCTCTCAGATCAA_002,144
ATCACAAGCTCTCAGATCAA_003,100
ATCACAAGCTCTCAGATCAA_004,48
ATCACAAGCTCTCAGATCAA_005,174
ATCACAAGCTCTCAGATCAA_006,65
ATCACAAGCTCTCAGATCAA_007,7
CTACAGTCATAGCGCCCCAC_001,172
CTACAGTCATAGCGCCCCAC_002,184
CTACAGTCATAGCGCCCCAC_003,159
CTACAGTCATAGCGCCCCAC_004,185
CTACAGTCATAGCGCCCCAC_005,22
CTACAGTCATAGCGCCCCAC_006,177
CTACAGTCATAGCGCCCCAC_007,160
CTACAGTCATAGCGCCCCAC_008,100
CTACAGTCATAGCGCCCCAC_009,100
CTACAGTCATAGCGCCCCAC_010,198
CTACAGTCATAGCGCCCCAC_011,17
CAGCCCGTGGCTTTACAGGG_001,34
CAGCCCGTGGCTTTACAGGG_002,140
CAGCCCGTGGCTTTACAGGG_003,135
CAGCCCGTGGCTTTACAGGG_004,65
CAGCCCGTGGCTTTACAGGG_005,88
CAGCCCGTGGCTTTACAGGG_006,169
CAGCCCGTGGCTTTACAGGG_007,162
CAGCCCGTGGCTTTACAGGG_008,98
CAGCCCGTGGCTTTACAGGG_009,26
CAGCCCGTGGCTTTACAGGG_010,107
CAGCCCGTGGCTTTACAGGG_011,56
CAGCCCGTGGCTTTACAGGG_012,148
CAGCCCGTGGCTTTACAGGG_013,27
CCCCGGGCCCACACCTACGG_001,18
CCCCGGGCCCACACCTACGG_002,148
CCCCGGGCCCACACCTACGG_003,73
CCCCGGGCCCACACCTACGG_004,194
CCCCGGGCCCACACCTACGG_005,199
CCCCGGGCCCACACCTACGG_006,144
CCCCGGGCCCACACCTACGG_007,47
CCCCGGGCCCACACCTACGG_008,117
CCCCGGGCCCACACCTACGG_009,20
CCCCGGGCCCACACCTACGG_010,20
CCCCGGGCCCACACCTACGG_011,141
CCCCGGGCCCACACCTACGG_012,76
CCCCGGGCCCACACCTACGG_013,148
CCCCGGGCCCACACCTACGG_014,33
CCCCGGGCCCACACCTACGG_015,144
CCCCGGGCCCACACCTACGG_016,121
CCCCGGGCCCACACCTACGG_017,79
CCCCGGGCCCACACCTACGG_018,162
CCCCGGGCCCACACCTACGG_019,6
CCCCGGGCCCACACCTACGG_020,47
CCCCGGGCCCACACCTACGG_021,17
CCCCGGGCCCACACCTACGG_022,77
CCCCGGGCCCACACCTACGG_023,115
CCCCGGGCCCACACCTACGG_024,188
CCCCGGGCCCACACCTACGG_025,2
CCCCGGGCCCACACCTACGG_026,131
CCCCGGGCCCACACCTACGG_027,34
CCCCGGGCCCACACCTACGG_028,161
CGGTGACCACCCTCGCACTG_001,166
CGGTGACCACCCTCGCACTG_002,59
CGGTGACCACCCTCGCACTG_003,138
CGGTGACCACCCTCGCACTG_004,88
CGGTGACCACCCTCGCACTG_005,27
CGGTGACCACCCTCGCACTG_006,35
CGGTGACCACCCTCGCACTG_007,48
CGGTGACCACCCTCGCACTG_008,98
CGGTGACCACCCTCGCACTG_009,182
CGGTGACCACCCTCGCACTG_010,150
CGGTGACCACCCTCGCACTG_011,148
CGGTGACCACCCTCGCACTG_012,95
CGGTGACCACCCTCGCACTG_013,34
CGGTGACCACCCTCGCACTG_014,29
CGGTGACCACCCTCGCACTG_015,178
CGGTGACCACCCTCGCACTG_016,197
CGGTGACCACCCTCGCACTG_017,38
CGGTGACCACCCTCGCACTG_018,65
CGGTGACCACCCTCGCACTG_019,103
CGGTGACCACCCTCGCACTG_020,13
AAACTTGGCAAGCAAACCTG_001,47
AAACTTGGCAAGCAAACCTG_002,125
AAACTTGGCAAGCAAACCTG_003,88
AAACTTGGCAAGCAAACCTG_004,78
AAACTTGGCAAGCAAACCTG_005,48
AAACTTGGCAAGCAAACCTG_006,65
AAACTTGGCAAGCAAACCTG_007,105
AAACTTGGCAAGCAAACCTG_008,56
AAACTTGGCAAGCAAACCTG_009,80
AAACTTGGCAAGCAAACCTG_010,103
AAACTTGGCAAGCAAACCTG_011,150
AAACTTGGCAAGCAAACCTG_012,122
AAACTTGGCAAGCAAACCTG_013,62
AAACTTGGCAAGCAAACCTG_014,19
AAACTTGGCAAGCAAACCTG_015,8
AAACTTGGCAAGCAAACCTG_016,46
AAACTTGGCAAGCAAACCTG_017,5
AAACTTGGCAAGCAAACCTG_018,140
AAACTTGGCAAGCAAACCTG_019,75
GCCAAAGTACCCGCACTGCG_001,82
GCCAAAGTACCCGCACTGCG_002,147
GCCAAAGTACCCGCACTGCG_003,98
GCCAAAGTACCCGCACTGCG_004,197
GCCAAAGTACCCGCACTGCG_005,108
GCAGCAGCACCATCAACCCA_001,104
GCAGCAGCACCATCAACCCA_002,27
GCAGCAGCACCATCAACCCA_003,194
GCAGCAGCACCATCAACCCA_004,7
GCAGCAGCACCATCAACCCA_005,25
GCAGCAGCACCATCAACCCA_006,192
GCAGCAGCACCATCAACCCA_007,53
GCAGCAGCACCATCAACCCA_008,27
GCAGCAGCACCATCAACCCA_009,37
GCAGCAGCACCATCAACCCA_010,109
GCAGCAGCACCATCAACCCA_011,53
GCAGCAGCACCATCAACCCA_012,82
GCAGCAGCACCATCAACCCA_013,160
GCAGCAGCACCATCAACCCA_014,88
GCAGCAGCACCATCAACCCA_015,23
GCAGCAGCACCATCAACCCA_016,15
GCAGCAGCACCATCAACCCA_017,36
GCAGCAGCACCATCAACCCA_018,127
GCAGCAGCACCATCAACCCA_019,39
GCAGCAGCACCATCAACCCA_020,124
GAGGAAGAGGCACAGCAAGT_001,169
GAGGAAGAGGCACAGCAAGT_002,50
GAGGAAGAGGCACAGCAAGT_003,172
GAGGAAGAGGCACAGCAAGT_004,139
GAGGAAGAGGCACAGCAAGT_005,34
GAGGAAGAGGCACAGCAAGT_006,89
GAGGAAGAGGCACAGCAAGT_007,178
GAGGAAGAGGCACAGCAAGT_008,0
GAGGAAGAGGCACAGCAAGT_009,50
GAGGAAGAGGCACAGCAAGT_010,91
GAGGAAGAGGCACAGCAAGT_011,15
GGAGACATGTCAATACACCA_001,49
GGAGACATGTCAATACACCA_002,170
GGAGACATGTCAATACACCA_003,83
GGAGACATGTCAATACACCA_004,150
GGAGACATGTCAATACACCA_005,88
GGAGACATGTCAATACACCA_006,158
GGAGACATGTCAATACACCA_007,153
GGAGACATGTCAATACACCA_008,118
GGAGACATGTCAATACACCA_009,27
AAGGACTGGAATATGGAGAG_001,81
AAGGACTGGAATATGGAGAG_002,127
AAGGACTGGAATATGGAGAG_003,77
AAGGACTGGAATATGGAGAG_004,78
AAGGACTGGAATATGGAGAG_005,25
AAGGACTGGAATATGGAGAG_006,20
AAGGACTGGAATATGGAGAG_007,140
AAGGACTGGAATATGGAGAG_008,116
AAGGACTGGAATATGGAGAG_009,60
AAGGACTGGAATATGGAGAG_010,140
AAGGACTGGAATATGGAGAG_011,26
AAGGACTGGAATATGGAGAG_012,158
AAGGACTGGAATATGGAGAG_013,199
AAGGACTGGAATATGGAGAG_014,127
AAGGACTGGAATATGGAGAG_015,77
AAGGACTGGAATATGGAGAG_016,3
AAGGACTGGAATATGGAGAG_017,3
AAGGACTGGAATATGGAGAG_018,160
AAGGACTGGAATATGGAGAG_019,68
GAACGGACACCAGTTACTAG_001,60
GAACGGACACCAGTTACTAG_002,6
GAACGGACACCAGTTACTAG_003,121
GAACGGACACCAGTTACTAG_004,12
GAACGGACACCAGTTACTAG_005,51
GAACGGACACCAGTTACTAG_006,169
GAACGGACACCAGTTACTAG_007,75
GAACGGACACCAGTTACTAG_008,72
GAACGGACACCAGTTACTAG_009,130
GAACGGACACCAGTTACTAG_010,17
GAACGGACACCAGTTACTAG_011,53
GAACGGACACCAGTTACTAG_012,123
GAACGGACACCAGTTACTAG_013,172
GAACGGACACCAGTTACTAG_014,158
GAACGGACACCAGTTACTAG_015,68
GAACGGACACCAGTTACTAG_016,178
GAACGGACACCAGTTACTAG_017,148
GAACGGACACCAGTTACTAG_018,48
GAACGGACACCAGTTACTAG_019,161
GAACGGACACCAGTTACTAG_020,174
GAAACCCACAGTGGGAATGG_001,105
GAAACCCACAGTGGGAATGG_002,43
GAAACCCACAGTGGGAATGG_003,197
GGAGGATATGCGCGCCAGCG_001,197
GGAGGATATGCGCGCCAGCG_002,197
GGAGGATATGCGCGCCAGCG_003,76
GGAGGATATGCGCGCCAGCG_004,185
GGAGGATATGCGCGCCAGCG_005,195
GGAGGATATGCGCGCCAGCG_006,160
GGAGGATATGCGCGCCAGCG_007,150
GGAGGATATGCGCGCCAGCG_008,44
GGAGGATATGCGCGCCAGCG_009,137
GGAGGATATGCGCGCCAGCG_010,185
GAGGTATGTGACCAAGAACA_001,43
GAGGTATGTGACCAAGAACA_002,197
GGTTTCACTTTCAGTCGACG_001,82
GGTTTCACTTTCAGTCGACG_002,141
GGTTTCACTTTCAGTCGACG_003,137
GGTTTCACTTTCAGTCGACG_004,88
GGTTTCACTTTCAGTCGACG_005,159
GGTTTCACTTTCAGTCGACG_006,141
GGTTTCACTTTCAGTCGACG_007,28
GGTTTCACTTTCAGTCGACG_008,116
GTTGCTGAGACAACCACAGG_001,7
GTTGCTGAGACAACCACAGG_002,38
GTTGCTGAGACAACCACAGG_003,104
GTTGCTGAGACAACCACAGG_004,119
GTTGCTGAGACAACCACAGG_005,15
GTTGCTGAGACAACCACAGG_006,198
GTTGCTGAGACAACCACAGG_007,118
GTTGCTGAGACAACCACAGG_008,172
GTTGCTGAGACAACCACAGG_009,149
GTTGCTGAGACAACCACAGG_010,81
GTTGCTGAGACAACCACAGG_011,62
ATTGTCGATGATTCAGTCAG_001,163
ATTGTCGATGATTCAGTCAG_002,108
GTAACTCTACGACATCTCGA_001,130
GTAACTCTACGACATCTCGA_002,89
GTAACTCTACGACATCTCGA_003,57
GTAACTCTACGACATCTCGA_004,65
GTAACTCTACGACATCTCGA_005,18
CTGAGCTGGTTATCCCCGAG_001,61
GCTTGTGTACCATCTAGCCG_001,197
GCTTGTGTACCATCTAGCCG_002,180
GCTTGTGTACCATCTAGCCG_003,2
CCTGACCGTAGGGGTTGTTG_001,36
CCTGACCGTAGGGGTTGTTG_002,65
CCTGACCGTAGGGGTTGTTG_003,30
CCTGACCGTAGGGGTTGTTG_004,197
CCTGACCGTAGGGGTTGTTG_005,1
CCTGACCGTAGGGGTTGTTG_006,147
CCTGACCGTAGGGGTTGTTG_007,177
CCTGACCGTAGGGGTTGTTG_008,178
CCTGACCGTAGGGGTTGTTG_009,142
CCTGACCGTAGGGGTTGTTG_010,98
CCTGACCGTAGGGGTTGTTG_011,8
AAAAAACTCTACCACCCAGT_001,56
CGGAGTAGTTGCCTTTGCGG_001,168
CGGAGTAGTTGCCTTTGCGG_002,104
CGGAGTAGTTGCCTTTGCGG_003,8
CGGAGTAGTTGCCTTTGCGG_004,101
CGGAGTAGTTGCCTTTGCGG_005,164
CGGAGTAGTTGCCTTTGCGG_006,164
CGGAGTAGTTGCCTTTGCGG_007,30
CGGAGTAGTTGCCTTTGCGG_008,144
GGATATTCTCTGATGCTCAG_001,60
GGATATTCTCTGATGCTCAG_002,126
GGATATTCTCTGATGCTCAG_003,69
GGATATTCTCTGATGCTCAG_004,60
GGATATTCTCTGATGCTCAG_005,174
GGATATTCTCTGATGCTCAG_006,145
GGATATTCTCTGATGCTCAG_007,17
GGATATTCTCTGATGCTCAG_008,115
GGATATTCTCTGATGCTCAG_009,191
GGATATTCTCTGATGCTCAG_010,198
TCATTGACTCCTTAGTACAA_001,68
TCATTGACTCCTTAGTACAA_002,138
TCATTGACTCCTTAGTACAA_003,138
TCATTGACTCCTTAGTACAA_004,90
TCATTGACTCCTTAGTACAA_005,11
TCATTGACTCCTTAGTACAA_006,14
TCATTGACTCCTTAGTACAA_007,162
TCATTGACTCCTTAGTACAA_008,62
TCATTGACTCCTTAGTACAA_009,130
GCCAAGTGCTGGTGGCCAGG_001,28
GCCAAGTGCTGGTGGCCAGG_002,87
GCCAAGTGCTGGTGGCCAGG_003,127
GCCAAGTGCTGGTGGCCAGG_004,0
GCTGCTGCGAGGCGAATAGG_001,13
GCTGCTGCGAGGCGAATAGG_002,92
GCTGCTGCGAGGCGAATAGG_003,29
GCTGCTGCGAGGCGAATAGG_004,102
GCTGCTGCGAGGCGAATAGG_005,169
GCTGCTGCGAGGCGAATAGG_006,176
GCTGCTGCGAGGCGAATAGG_007,182
GCTGCTGCGAGGCGAATAGG_008,174
GCTGCTGCGAGGCGAATAGG_009,58
GCTGCTGCGAGGCGAATAGG_010,76
GCTGCTGCGAGGCGAATAGG_011,138
GCTGCTGCGAGGCGAATAGG_012,65
GGTGCAGAATAAGGTCGTTC_001,96
GGTGCAGAATAAGGTCGTTC_002,23
GGTGCAGAATAAGGTCGTTC_003,97
GGTGCAGAATAAGGTCGTTC_004,78
GGTGCAGAATAAGGTCGTTC_005,9
GGTGCAGAATAAGGTCGTTC_006,129
GGTGCAGAATAAGGTCGTTC_007,115
GTCCCCTCCGTATTGGACGG_001,23
GTCCCCTCCGTATTGGACGG_002,160
GTCCCCTCCGTATTGGACGG_003,147
GTCCCCTCCGTATTGGACGG_004,17
GTCCCCTCCGTATTGGACGG_005,198
GTCCCCTCCGTATTGGACGG_006,1
GTCCCCTCCGTATTGGACGG_007,195
GTCCCCTCCGTATTGGACGG_008,191
GTCCCCTCCGTATTGGACGG_009,42
GTCCCCTCCGTATTGGACGG_010,12
GTCCCCTCCGTATTGGACGG_011,45
GTCCCCTCCGTATTGGACGG_012,10
GTCCCCTCCGTATTGGACGG_013,114
GTCCCCTCCGTATTGGACGG_014,114
GTCCCCTCCGTATTGGACGG_015,114
TCTGCTCGTAGGTGTACAGG_001,44
TCTGCTCGTAGGTGTACAGG_002,94
TCTGCTCGTAGGTGTACAGG_003,127
TCTGCTCGTAGGTGTACAGG_004,24
TCTGCTCGTAGGTGTACAGG_005,48
TCTGCTCGTAGGTGTACAGG_006,9
TCTGCTCGTAGGTGTACAGG_007,61
TCTGCTCGTAGGTGTACAGG_008,165
TTTGCAGGAGTAGCACAGCA_001,2
TTTGCAGGAGTAGCACAGCA_002,22
TTTGCAGGAGTAGCACAGCA_003,66
TTTGCAGGAGTAGCACAGCA_004,72
TTTGCAGGAGTAGCACAGCA_005,53
TTTGCAGGAGTAGCACAGCA_006,193
TTTGCAGGAGTAGCACAGCA_007,130
TTTGCAGGAGTAGCACAGCA_008,141
TTTGCAGGAGTAGCACAGCA_009,198
TTTGCAGGAGTAGCACAGCA_010,117
TTTGCAGGAGTAGCACAGCA_011,1
TTTGCAGGAGTAGCACAGCA_012,146
TTTGCAGGAGTAGCACAGCA_013,28
TTTGCAGGAGTAGCACAGCA_014,147
TTTGCAGGAGTAGCACAGCA_015,191
TTTGCAGGAGTAGCACAGCA_016,16
TTTGCAGGAGTAGCACAGCA_017,83
TTTGCAGGAGTAGCACAGCA_018,107
TTTGCAGGAGTAGCACAGCA_019,41
TTTGCAGGAGTAGCACAGCA_020,148
TTTGCAGGAGTAGCACAGCA_021,81
TTTGCAGGAGTAGCACAGCA_022,129
AGGTGCAGCACAGCACGTCG_001,185
AGGTGCAGCACAGCACGTCG_002,140
AGGTGCAGCACAGCACGTCG_003,188
ATGCAGAGTTACCTTAGACA_001,50
ATGCAGAGTTACCTTAGACA_002,57
ATGCAGAGTTACCTTAGACA_003,37
ATGCAGAGTTACCTTAGACA_004,146
ATGCAGAGTTACCTTAGACA_005,37
ATGCAGAGTTACCTTAGACA_006,178
ATGCAGAGTTACCTTAGACA_007,178
ATGCAGAGTTACCTTAGACA_008,161
ATCCCTCAGGACATCACGAG_001,146
ATCCCTCAGGACATCACGAG_002,10
ATCCCTCAGGACATCACGAG_003,169
ATCCCTCAGGACATCACGAG_004,168
ATCCCTCAGGACATCACGAG_005,0
ATCCCTCAGGACATCACGAG_006,19
ATCCCTCAGGACATCACGAG_007,17
ATCCCTCAGGACATCACGAG_008,198
ATCCCTCAGGACATCACGAG_009,156
ATCCCTCAGGACATCACGAG_010,176
ATCCCTCAGGACATCACGAG_011,58
ATCCCTCAGGACATCACGAG_012,53
ATCCCTCAGGACATCACGAG_013,86
ATCCCTCAGGACATCACGAG_014,115
CCAGATGCGAAACTGGACAT_001,6
CCAGATGCGAAACTGGACAT_002,102
CCAGATGCGAAACTGGACAT_003,83
CCAGATGCGAAACTGGACAT_004,114
CCAGATGCGAAACTGGACAT_005,174
CCAGATGCGAAACTGGACAT_006,187
CCAGATGCGAAACTGGACAT_007,62
CCAGATGCGAAACTGGACAT_008,127
CCAGATGCGAAACTGGACAT_009,84
CCAGATGCGAAACTGGACAT_010,45
CCAGATGCGAAACTGGACAT_011,101
CCAGATGCGAAACTGGACAT_012,97
CCAGATGCGAAACTGGACAT_013,29
CCAGATGCGAAACTGGACAT_014,164
CCAGATGCGAAACTGGACAT_015,120
CCAGATGCGAAACTGGACAT_016,172
TGCTTACTCTCATGGATCCA_001,17
GATGTGTGTCAAACTCTCGG_001,134
GATGTGTGTCAAACTCTCGG_002,72
GATGTGTGTCAAACTCTCGG_003,68
GATGTGTGTCAAACTCTCGG_004,137
GATGTGTGTCAAACTCTCGG_005,34
GATGTGTGTCAAACTCTCGG_006,24
GATGTGTGTCAAACTCTCGG_007,62
GTCCCTGAAGTGCGACACGA_001,48
GTCCCTGAAGTGCGACACGA_002,48
GTCCCTGAAGTGCGACACGA_003,153
GTCCCTGAAGTGCGACACGA_004,171
GTCCCTGAAGTGCGACACGA_005,24
GTCCCTGAAGTGCGACACGA_006,163
GTCCCTGAAGTGCGACACGA_007,188
GTCCCTGAAGTGCGACACGA_008,82
GTCCCTGAAGTGCGACACGA_009,174
GTCCCTGAAGTGCGACACGA_010,177
GTCCCTGAAGTGCGACACGA_011,113
GTCCCTGAAGTGCGACACGA_012,159
GTCCCTGAAGTGCGACACGA_013,102
GTCCCTGAAGTGCGACACGA_014,130
GTCCCTGAAGTGCGACACGA_015,19
GTCCCTGAAGTGCGACACGA_016,50
GTCCCTGAAGTGCGACACGA_017,117
GTCCCTGAAGTGCGACACGA_018,67
GTCCCTGAAGTGCGACACGA_019,159
GTCCCTGAAGTGCGACACGA_020,136
GTCCCTGAAGTGCGACACGA_021,40
GTCCCTGAAGTGCGACACGA_022,61
GTCCCTGAAGTGCGACACGA_023,145
GTCCCTGAAGTGCGACACGA_024,63
GTCCCTGAAGTGCGACACGA_025,3
GTCCCTGAAGTGCGACACGA_026,56
GTCCCTGAAGTGCGACACGA_027,171
CTATGAGAAATGGAGAGAGT_001,148
CTATGAGAAATGGAGAGAGT_002,54
CTATGAGAAATGGAGAGAGT_003,174
GCCATCAGACAGATACCCCC_001,68
GCCATCAGACAGATACCCCC_002,188
ACACAGAGTAACTCTCCTTG_001,48
GGAAACTTACCTGCTCCTGA_001,48
GGAAACTTACCTGCTCCTGA_002,169
GGAAACTTACCTGCTCCTGA_003,172
GGAAACTTACCTGCTCCTGA_004,149
GGAAACTTACCTGCTCCTGA_005,115
AGGGTATCGCAGAGAACGGA_001,107
AGGGTATCGCAGAGAACGGA_002,56
AGGGTATCGCAGAGAACGGA_003,107
AGGGTATCGCAGAGAACGGA_004,11
AGGGTATCGCAGAGAACGGA_005,182
AGGGTATCGCAGAGAACGGA_006,199
AGGGTATCGCAGAGAACGGA_007,191
AGGGTATCGCAGAGAACGGA_008,115
AGGGTATCGCAGAGAACGGA_009,118
AGGGTATCGCAGAGAACGGA_010,148
AGGGTATCGCAGAGAACGGA_011,21
AGGGTATCGCAGAGAACGGA_012,74
AGGGTATCGCAGAGAACGGA_013,106
AGGGTATCGCAGAGAACGGA_014,146
AGGGTATCGCAGAGAACGGA_015,158
AGGGTATCGCAGAGAACGGA_016,185
AGGGTATCGCAGAGAACGGA_017,62
AGGGTATCGCAGAGAACGGA_018,120
AGGGTATCGCAGAGAACGGA_019,197
AGGGTATCGCAGAGAACGGA_020,123
AGGGTATCGCAGAGAACGGA_021,155
AGGGTATCGCAGAGAACGGA_022,39
AGGGTATCGCAGAGAACGGA_023,65
AGGGTATCGCAGAGAACGGA_024,11
AGGGTATCGCAGAGAACGGA_025,127
AGGGTATCGCAGAGAACGGA_026,104
AGGGTATCGCAGAGAACGGA_027,91
AGGGTATCGCAGAGAACGGA_028,165
AGGGTATCGCAGAGAACGGA_029,88
AGGGTATCGCAGAGAACGGA_030,81
AGGGTATCGCAGAGAACGGA_031,153
AGGGTATCGCAGAGAACGGA_032,138
AGGGTATCGCAGAGAACGGA_033,78
AGGGTATCGCAGAGAACGGA_034,55
AGGGTATCGCAGAGAACGGA_035,73
AATCAGAATCAACACAGATG_001,99
AATCAGAATCAACACAGATG_002,87
AATCAGAATCAACACAGATG_003,124
AATCAGAATCAACACAGATG_004,121
TGCGACTCAGACAACCAGCT_001,115
TGCGACTCAGACAACCAGCT_002,60
TGCGACTCAGACAACCAGCT_003,93
TGCGACTCAGACAACCAGCT_004,47
TGCGACTCAGACAACCAGCT_005,120
TGCGACTCAGACAACCAGCT_006,60
TGCGACTCAGACAACCAGCT_007,26
TGCGACTCAGACAACCAGCT_008,41
TGCGACTCAGACAACCAGCT_009,76
TGCGACTCAGACAACCAGCT_010,61
TGCGACTCAGACAACCAGCT_011,9
TGCGACTCAGACAACCAGCT_012,152
CTTGGCTCAGTATACCTACG_001,176
CTTGGCTCAGTATACCTACG_002,78
CTTGGCTCAGTATACCTACG_003,51
CTTGGCTCAGTATACCTACG_004,87
CTTGGCTCAGTATACCTACG_005,2
AATGAAGCTTAAAGGGCACA_001,172
AATGAAGCTTAAAGGGCACA_002,157
AATGAAGCTTAAAGGGCACA_003,88
AATGAAGCTTAAAGGGCACA_004,19
AATGAAGCTTAAAGGGCACA_005,79
AATGAAGCTTAAAGGGCACA_006,50
AATGAAGCTTAAAGGGCACA_007,48
AATGAAGCTTAAAGGGCACA_008,144
AATGAAGCTTAAAGGGCACA_009,92
AATGAAGCTTAAAGGGCACA_010,78
AATGAAGCTTAAAGGGCACA_011,140
AATGAAGCTTAAAGGGCACA_012,16
AATGAAGCTTAAAGGGCACA_013,105
AATGAAGCTTAAAGGGCACA_014,187
AATGAAGCTTAAAGGGCACA_015,141
AATGAAGCTTAAAGGGCACA_016,130
AATGAAGCTTAAAGGGCACA_017,166
AATGAAGCTTAAAGGGCACA_018,199
AATGAAGCTTAAAGGGCACA_019,153
GACTACAGCACGACCCCCGG_001,6
GACTACAGCACGACCCCCGG_002,112
GACTACAGCACGACCCCCGG_003,147
GACTACAGCACGACCCCCGG_004,41
GACTACAGCACGACCCCCGG_005,15
GACTACAGCACGACCCCCGG_006,137
TTGATAACAGATTTCTTCTG_001,156
TGAACGTCGGATCGGCCCAG_001,28
TGAACGTCGGATCGGCCCAG_002,160
TGAACGTCGGATCGGCCCAG_003,160
TGAACGTCGGATCGGCCCAG_004,95
TGAACGTCGGATCGGCCCAG_005,1
TGAACGTCGGATCGGCCCAG_006,49
TGAACGTCGGATCGGCCCAG_007,45
TGAACGTCGGATCGGCCCAG_008,69
TGAACGTCGGATCGGCCCAG_009,141
TGAACGTCGGATCGGCCCAG_010,65
TGAACGTCGGATCGGCCCAG_011,196
TGAACGTCGGATCGGCCCAG_012,57
TGAACGTCGGATCGGCCCAG_013,121
TGAACGTCGGATCGGCCCAG_014,170
TGAACGTCGGATCGGCCCAG_015,189
TGAACGTCGGATCGGCCCAG_016,187
TGAACGTCGGATCGGCCCAG_017,43
TGAACGTCGGATCGGCCCAG_018,41
TGAACGTCGGATCGGCCCAG_019,100
TGAACGTCGGATCGGCCCAG_020,125
TGAACGTCGGATCGGCCCAG_021,68
TGAACGTCGGATCGGCCCAG_022,81
TGAACGTCGGATCGGCCCAG_023,170
TGAACGTCGGATCGGCCCAG_024,36
TGAACGTCGGATCGGCCCAG_025,125
TGAACGTCGGATCGGCCCAG_026,35
TGAACGTCGGATCGGCCCAG_027,142
TGAACGTCGGATCGGCCCAG_028,4
TGAACGTCGGATCGGCCCAG_029,2
TGAACGTCGGATCGGCCCAG_030,98
TGAACGTCGGATCGGCCCAG_031,55
CGCGACGAGCTGGCCTACTG_001,94
CGCGACGAGCTGGCCTACTG_002,65
CGCGACGAGCTGGCCTACTG_003,119
CGCGACGAGCTGGCCTACTG_004,42
CGCGACGAGCTGGCCTACTG_005,19
CGCGACGAGCTGGCCTACTG_006,149
CGCGACGAGCTGGCCTACTG_007,32
CGCGACGAGCTGGCCTACTG_008,116
CGCGACGAGCTGGCCTACTG_009,46
CGCGACGAGCTGGCCTACTG_010,197
CGCGACGAGCTGGCCTACTG_011,8
CGCGACGAGCTGGCCTACTG_012,157
GTCGATGCCGTAACGCACGT_001,185
GTCGATGCCGTAACGCACGT_002,186
GTCGATGCCGTAACGCACGT_003,16
GTCGATGCCGTAACGCACGT_004,65
GTCGATGCCGTAACGCACGT_005,150
GTCGATGCCGTAACGCACGT_006,159
GTCGATGCCGTAACGCACGT_007,50
GTCGATGCCGTAACGCACGT_008,19
GTCGATGCCGTAACGCACGT_009,65
GTCGATGCCGTAACGCACGT_010,162
GTCGATGCCGTAACGCACGT_011,105
GTCGATGCCGTAACGCACGT_012,147
GTCGATGCCGTAACGCACGT_013,77
GTCGATGCCGTAACGCACGT_014,167
GTCGATGCCGTAACGCACGT_015,69
GTCGATGCCGTAACGCACGT_016,151
TCAAGGCCAACAGTTGCCTG_001,16
TCAAGGCCAACAGTTGCCTG_002,160
TCAAGGCCAACAGTTGCCTG_003,4
TCAAGGCCAACAGTTGCCTG_004,12
TCAAGGCCAACAGTTGCCTG_005,158
TCAAGGCCAACAGTTGCCTG_006,162
TCAAGGCCAACAGTTGCCTG_007,3
TCAAGGCCAACAGTTGCCTG_008,178
TCAAGGCCAACAGTTGCCTG_009,58
TCAAGGCCAACAGTTGCCTG_010,193
TCAAGGCCAACAGTTGCCTG_011,72
GATGTACTTGATGATAACGA_001,199
GATGTACTTGATGATAACGA_002,146
GATGTACTTGATGATAACGA_003,27
GAAGAGCCATGTATGTTGGA_001,94
GAAGAGCCATGTATGTTGGA_002,49
GAAGAGCCATGTATGTTGGA_003,61
GAAGAGCCATGTATGTTGGA_004,3
GAAGAGCCATGTATGTTGGA_005,35
GCTTGTGGGATGGAGAAGGT_001,121
GCTTGTGGGATGGAGAAGGT_002,94
GCTTGTGGGATGGAGAAGGT_003,151
GCTTGTGGGATGGAGAAGGT_004,120
GCTTGTGGGATGGAGAAGGT_005,8
GCTTGTGGGATGGAGAAGGT_006,114
GCTTGTGGGATGGAGAAGGT_007,141
GCTTGTGGGATGGAGAAGGT_008,166
GCTTGTGGGATGGAGAAGGT_009,58
GCTTGTGGGATGGAGAAGGT_010,76
GCTTGTGGGATGGAGAAGGT_011,147
GCTTGTGGGATGGAGAAGGT_012,118
GCTTGTGGGATGGAGAAGGT_013,172
GCTTGTGGGATGGAGAAGGT_014,56
GCTTGTGGGATGGAGAAGGT_015,138
GCTTGTGGGATGGAGAAGGT_016,79
GCTTGTGGGATGGAGAAGGT_017,99
GCTTGTGGGATGGAGAAGGT_018,37
GCTTGTGGGATGGAGAAGGT_019,38
GCTTGTGGGATGGAGAAGGT_020,65
GGAACTTCTTGGTGTCCGGG_001,98
GGAACTTCTTGGTGTCCGGG_002,0
GGAACTTCTTGGTGTCCGGG_003,7
GGAACTTCTTGGTGTCCGGG_004,176
GGAACTTCTTGGTGTCCGGG_005,167
GGAACTTCTTGGTGTCCGGG_006,94
GGAACTTCTTGGTGTCCGGG_007,113
GGAACTTCTTGGTGTCCGGG_008,176
GGAACTTCTTGGTGTCCGGG_009,104
GGAACTTCTTGGTGTCCGGG_010,74
GGAACTTCTTGGTGTCCGGG_011,53
GGAACTTCTTGGTGTCCGGG_012,99
GGAACTTCTTGGTGTCCGGG_013,57
GGAACTTCTTGGTGTCCGGG_014,139
GGAACTTCTTGGTGTCCGGG_015,125
GGAACTTCTTGGTGTCCGGG_016,191
GGAACTTCTTGGTGTCCGGG_017,1
GGAACTTCTTGGTGTCCGGG_018,188
GGAACTTCTTGGTGTCCGGG_019,52
GGAACTTCTTGGTGTCCGGG_020,81
GGAACTTCTTGGTGTCCGGG_021,189
AACTTACTTTAACAGCTGGG_001,115
AACTTACTTTAACAGCTGGG_002,11
AGCAGGTTGCCACAGCACTG_001,136
AGCAGGTTGCCACAGCACTG_002,20
AGCAGGTTGCCACAGCACTG_003,116
AGCAGGTTGCCACAGCACTG_004,141
AGCAGGTTGCCACAGCACTG_005,23
AGCAGGTTGCCACAGCACTG_006,23
AGCAGGTTGCCACAGCACTG_007,30
AGCAGGTTGCCACAGCACTG_008,190
AGCAGGTTGCCACAGCACTG_009,70
AGCAGGTTGCCACAGCACTG_010,23
AGCAGGTTGCCACAGCACTG_011,168
AGCAGGTTGCCACAGCACTG_012,138
AGCAGGTTGCCACAGCACTG_013,167
AGCAGGTTGCCACAGCACTG_014,159
AGCAGGTTGCCACAGCACTG_015,74
AGCAGGTTGCCACAGCACTG_016,177
AGCAGGTTGCCACAGCACTG_017,61
AGCAGGTTGCCACAGCACTG_018,105
AGCAGGTTGCCACAGCACTG_019,168
AGCAGGTTGCCACAGCACTG_020,56
AGCAGGTTGCCACAGCACTG_021,151
AGCAGGTTGCCACAGCACTG_022,152
AGCAGGTTGCCACAGCACTG_023,102
AGCAGGTTGCCACAGCACTG_024,78
AGCAGGTTGCCACAGCACTG_025,78
AGCAGGTTGCCACAGCACTG_026,119
AGGGGATTGGTCTTACCCGT_001,6
TACTCCGTATGGGTACGCCA_001,172
TACTCCGTATGGGTACGCCA_002,149
TACTCCGTATGGGTACGCCA_003,43
TACTCCGTATGGGTACGCCA_004,138
TGAAACACGAATAATGACAT_001,37
AGTCCTGAACGACCCCAACA_001,115
AGTCCTGAACGACCCCAACA_002,171
AGTCCTGAACGACCCCAACA_003,192
AGTCCTGAACGACCCCAACA_004,100
AGTCCTGAACGACCCCAACA_005,190
AGTCCTGAACGACCCCAACA_006,120
AGTCCTGAACGACCCCAACA_007,152
AGTCCTGAACGACCCCAACA_008,133
AGTCCTGAACGACCCCAACA_009,55
AGTCCTGAACGACCCCAACA_010,74
AGTCCTGAACGACCCCAACA_011,96
AGTCCTGAACGACCCCAACA_012,179
AGGTGGCTCAGGAACTCTCG_001,184
AGGTGGCTCAGGAACTCTCG_002,40
AGGTGGCTCAGGAACTCTCG_003,71
AGGTGGCTCAGGAACTCTCG_004,118
AGGTGGCTCAGGAACTCTCG_005,8
AGGTGGCTCAGGAACTCTCG_006,187
AGGTGGCTCAGGAACTCTCG_007,6
AGGTGGCTCAGGAACTCTCG_008,191
AGGTGGCTCAGGAACTCTCG_009,107
AGGTGGCTCAGGAACTCTCG_010,148
AGGTGGCTCAGGAACTCTCG_011,179
AGGTGGCTCAGGAACTCTCG_012,65
AGGTGGCTCAGGAACTCTCG_013,107
AGGTGGCTCAGGAACTCTCG_014,146
AGGTGGCTCAGGAACTCTCG_015,111
AGGTGGCTCAGGAACTCTCG_016,161
AGGTGGCTCAGGAACTCTCG_017,18
TCACTGAGACCATTTGCAAG_001,4
TCACTGAGACCATTTGCAAG_002,60
TCACTGAGACCATTTGCAAG_003,49
TCACTGAGACCATTTGCAAG_004,119
TCACTGAGACCATTTGCAAG_005,119
TCACTGAGACCATTTGCAAG_006,65
TCACTGAGACCATTTGCAAG_007,30
TCACTGAGACCATTTGCAAG_008,94
TCACTGAGACCATTTGCAAG_009,107
TCACTGAGACCATTTGCAAG_010,2
TCACTGAGACCATTTGCAAG_011,147
TCACTGAGACCATTTGCAAG_012,77
GAAAGTGCACATCGAGAGAG_001,62
GAAAGTGCACATCGAGAGAG_002,41
GAAAGTGCACATCGAGAGAG_003,133
GAAAGTGCACATCGAGAGAG_004,80
GAAAGTGCACATCGAGAGAG_005,45
GAAAGTGCACATCGAGAGAG_006,1
GAAAGTGCACATCGAGAGAG_007,41
GAAAGTGCACATCGAGAGAG_008,4
GAAAGTGCACATCGAGAGAG_009,37
GAAAGTGCACATCGAGAGAG_010,69
GAAAGTGCACATCGAGAGAG_011,131
TGAGGCGGAGAGCGCGCCAG_001,76
TGAGGCGGAGAGCGCGCCAG_002,83
TGAGGCGGAGAGCGCGCCAG_003,56
TGAGGCGGAGAGCGCGCCAG_004,33
TGAGGCGGAGAGCGCGCCAG_005,62
TGAGGCGGAGAGCGCGCCAG_006,70
TGAGGCGGAGAGCGCGCCAG_007,34
TGAGGCGGAGAGCGCGCCAG_008,92
TGAGGCGGAGAGCGCGCCAG_009,83
TGAGGCGGAGAGCGCGCCAG_010,129
TGAGGCGGAGAGCGCGCCAG_011,40
TGAGGCGGAGAGCGCGCCAG_012,168
TGAGGCGGAGAGCGCGCCAG_013,58
TGAGGCGGAGAGCGCGCCAG_014,133
TGAGGCGGAGAGCGCGCCAG_015,134
TGAGGCGGAGAGCGCGCCAG_016,63
TGAGGCGGAGAGCGCGCCAG_017,41
TGAGGCGGAGAGCGCGCCAG_018,184
TCATTACAATTTACGAATCC_001,188
TCATTACAATTTACGAATCC_002,22
TCATTACAATTTACGAATCC_003,160
TCATTACAATTTACGAATCC_004,78
TGGGCTTCTTACATACCGAG_001,9
TGGGCTTCTTACATACCGAG_002,19
AGGTACCACGCGGCACACCT_001,19
AGGTACCACGCGGCACACCT_002,48
AGGTACCACGCGGCACACCT_003,9
AGGTACCACGCGGCACACCT_004,98
AGGTACCACGCGGCACACCT_005,94
AGGTACCACGCGGCACACCT_006,175
AGGTACCACGCGGCACACCT_007,121
AGGTACCACGCGGCACACCT_008,88
AGGTACCACGCGGCACACCT_009,20
AGGTACCACGCGGCACACCT_010,81
AGGTACCACGCGGCACACCT_011,37
AGGTACCACGCGGCACACCT_012,80
AGGTACCACGCGGCACACCT_013,130
AGGTACCACGCGGCACACCT_014,184
TGGCGTCGGACGAGCCACTG_001,81
TGGCGTCGGACGAGCCACTG_002,68
TGGCGTCGGACGAGCCACTG_003,68
TGGCGTCGGACGAGCCACTG_004,40
TGGCGTCGGACGAGCCACTG_005,107
TGGCGTCGGACGAGCCACTG_006,49
TGGCGTCGGACGAGCCACTG_007,42
TGGCGTCGGACGAGCCACTG_008,149
TGGCGTCGGACGAGCCACTG_009,127
TGGCGTCGGACGAGCCACTG_010,172
ACACTGATGACCCTCAACGT_001,75
ACACTGATGACCCTCAACGT_002,117
ACACTGATGACCCTCAACGT_003,88
ACACTGATGACCCTCAACGT_004,104
TCAGGACCTCTATGATACTG_001,178
AGTGGAGGGTTACCTACGGA_001,117
AGTGGAGGGTTACCTACGGA_002,127
AGTGGAGGGTTACCTACGGA_003,114
AGTGGAGGGTTACCTACGGA_004,114
CTTTGCCCGAGCAAAGACAT_001,168
CTTTGCCCGAGCAAAGACAT_002,8
CTTTGCCCGAGCAAAGACAT_003,194
CTTTGCCCGAGCAAAGACAT_004,43
CTTTGCCCGAGCAAAGACAT_005,144
CTTTGCCCGAGCAAAGACAT_006,50
CTTTGCCCGAGCAAAGACAT_007,116
CTTTGCCCGAGCAAAGACAT_008,121
CTTTGCCCGAGCAAAGACAT_009,68
CTTTGCCCGAGCAAAGACAT_010,81
CTTTGCCCGAGCAAAGACAT_011,49
CTTTGCCCGAGCAAAGACAT_012,78
CTTTGCCCGAGCAAAGACAT_013,52
GTTTACTCATATCCAGTCAC_001,172
GTTTACTCATATCCAGTCAC_002,47
GTTTACTCATATCCAGTCAC_003,199
GTTTACTCATATCCAGTCAC_004,160
GCTCATCTTTCCAGGCGAGA_001,87
GCTCATCTTTCCAGGCGAGA_002,148
GCTCATCTTTCCAGGCGAGA_003,28
GCTCATCTTTCCAGGCGAGA_004,17
GCTCATCTTTCCAGGCGAGA_005,163
GCTCATCTTTCCAGGCGAGA_006,10
GCTCATCTTTCCAGGCGAGA_007,191
GCTCATCTTTCCAGGCGAGA_008,103
GCTCATCTTTCCAGGCGAGA_009,34
CAGTGCCTCACGGAATGGCG_001,63
CAGTGCCTCACGGAATGGCG_002,60
CAGTGCCTCACGGAATGGCG_003,46
AATGGCCCGAGAGTACCAGC_001,150
AATGGCCCGAGAGTACCAGC_002,32
AATGGCCCGAGAGTACCAGC_003,62
AATGGCCCGAGAGTACCAGC_004,88
AATGGCCCGAGAGTACCAGC_005,22
AATGGCCCGAGAGTACCAGC_006,102
AATGGCCCGAGAGTACCAGC_007,76
AATGGCCCGAGAGTACCAGC_008,170
AATGGCCCGAGAGTACCAGC_009,48
AATGGCCCGAGAGTACCAGC_010,127
AATGGCCCGAGAGTACCAGC_011,56
AATGGCCCGAGAGTACCAGC_012,147
AATGGCCCGAGAGTACCAGC_013,48
AATGGCCCGAGAGTACCAGC_014,48
AATGGCCCGAGAGTACCAGC_015,192
AATGGCCCGAGAGTACCAGC_016,146
AATGGCCCGAGAGTACCAGC_017,17
CTCTCGCTAGAGTTCCCCAG_001,156
CTCTCGCTAGAGTTCCCCAG_002,172
CTCTCGCTAGAGTTCCCCAG_003,67
CTCTCGCTAGAGTTCCCCAG_004,1
CTCTCGCTAGAGTTCCCCAG_005,67
CTCTCGCTAGAGTTCCCCAG_006,92
GCAGCCCTCAAGTGTCTGTG_001,118
GCAGCCCTCAAGTGTCTGTG_002,62
GCAGCCCTCAAGTGTCTGTG_003,102
GCAGCCCTCAAGTGTCTGTG_004,107
GCAGCCCTCAAGTGTCTGTG_005,114
GCAGCCCTCAAGTGTCTGTG_006,88
GCAGCCCTCAAGTGTCTGTG_007,136
GCAGCCCTCAAGTGTCTGTG_008,50
GCAGCCCTCAAGTGTCTGTG_009,182
GCAGCCCTCAAGTGTCTGTG_010,69
GCAGCCCTCAAGTGTCTGTG_011,177
GCAGCCCTCAAGTGTCTGTG_012,42
GCAGCCCTCAAGTGTCTGTG_013,94
GCAGCCCTCAAGTGTCTGTG_014,197
GCAGCCCTCAAGTGTCTGTG_015,83
GCAGCCCTCAAGTGTCTGTG_016,197
GCAGCCCTCAAGTGTCTGTG_017,60
GCAGCCCTCAAGTGTCTGTG_018,16
GCAGCCCTCAAGTGTCTGTG_019,145
GCAGCCCTCAAGTGTCTGTG_020,33
GCAGCCCTCAAGTGTCTGTG_021,188
GCAGCCCTCAAGTGTCTGTG_022,84
GCAGCCCTCAAGTGTCTGTG_023,102
GCAGCCCTCAAGTGTCTGTG_024,102
GCAGCCCTCAAGTGTCTGTG_025,55
GCAGCCCTCAAGTGTCTGTG_026,68
GCAGCCCTCAAGTGTCTGTG_027,167
GCAGCCCTCAAGTGTCTGTG_028,198
GCAGCCCTCAAGTGTCTGTG_029,127
GCAGCCCTCAAGTGTCTGTG_030,132
GCAGCCCTCAAGTGTCTGTG_031,80
GCAGCCCTCAAGTGTCTGTG_032,87
GCAGCCCTCAAGTGTCTGTG_033,39
GCAGCCCTCAAGTGTCTGTG_034,56
GCAGCCCTCAAGTGTCTGTG_035,160
GCAGCCCTCAAGTGTCTGTG_036,168
GCAGCCCTCAAGTGTCTGTG_037,177
GCTGCGGCGAGATCACATAA_001,15
GCTGCGGCGAGATCACATAA_002,62
GCTGCGGCGAGATCACATAA_003,40
GCTGCGGCGAGATCACATAA_004,108
GCTGCGGCGAGATCACATAA_005,196
GCTGCGGCGAGATCACATAA_006,81
GCTGCGGCGAGATCACATAA_007,160
GCTGCGGCGAGATCACATAA_008,162
GCTGCGGCGAGATCACATAA_009,19
GCTGCGGCGAGATCACATAA_010,17
GCTGCGGCGAGATCACATAA_011,33
GCTGCGGCGAGATCACATAA_012,180
GCTGCGGCGAGATCACATAA_013,72
GCTGCGGCGAGATCACATAA_014,165
GCTGCGGCGAGATCACATAA_015,46
TGAAGGCATCAAGCCGCTTG_001,146
TGAAGGCATCAAGCCGCTTG_002,199
TGAAGGCATCAAGCCGCTTG_003,127
TGAAGGCATCAAGCCGCTTG_004,51
TGAAGGCATCAAGCCGCTTG_005,46
TGAAGGCATCAAGCCGCTTG_006,15
TGAAGGCATCAAGCCGCTTG_007,128
TGAAGGCATCAAGCCGCTTG_008,155
TGAAGGCATCAAGCCGCTTG_009,193
TGAAGGCATCAAGCCGCTTG_010,144
TGAAGGCATCAAGCCGCTTG_011,0
TATCCTATGCTGTCTTGACA_001,48
TATCCTATGCTGTCTTGACA_002,43
AATCACAGATCCAACTGGCT_001,137
AATCACAGATCCAACTGGCT_002,27
GGAACTAGCGGAATTACTGG_001,27
GGAACTAGCGGAATTACTGG_002,27
GGAACTAGCGGAATTACTGG_003,199
GGAACTAGCGGAATTACTGG_004,140
GGAACTAGCGGAATTACTGG_005,14
GGAACTAGCGGAATTACTGG_006,121
GGAACTAGCGGAATTACTGG_007,168
GGAACTAGCGGAATTACTGG_008,88
TACGTAAGTGACGACAGGAA_001,4
TACGTAAGTGACGACAGGAA_002,170
TACGTAAGTGACGACAGGAA_003,15
TACGTAAGTGACGACAGGAA_004,148
TACGTAAGTGACGACAGGAA_005,152
TACGTAAGTGACGACAGGAA_006,107
TACGTAAGTGACGACAGGAA_007,174
TACGTAAGTGACGACAGGAA_008,101
TACGTAAGTGACGACAGGAA_009,163
TACGTAAGTGACGACAGGAA_010,28
TACGTAAGTGACGACAGGAA_011,162
TACGTAAGTGACGACAGGAA_012,147
TACGTAAGTGACGACAGGAA_013,146
AGATGCGGGTATCCTCGCTG_001,197
AGATGCGGGTATCCTCGCTG_002,156
AGATGCGGGTATCCTCGCTG_003,75
AGATGCGGGTATCCTCGCTG_004,48
AGATGCGGGTATCCTCGCTG_005,15
AGATGCGGGTATCCTCGCTG_006,176
AGATGCGGGTATCCTCGCTG_007,48
AGATGCGGGTATCCTCGCTG_008,52
AGATGCGGGTATCCTCGCTG_009,78
AGATGCGGGTATCCTCGCTG_010,9
AGATGCGGGTATCCTCGCTG_011,184
AGATGCGGGTATCCTCGCTG_012,76
ACTTACCCTCAATTTCACTG_001,108
ACTTACCCTCAATTTCACTG_002,151
ACTTACCCTCAATTTCACTG_003,66
ACTTACCCTCAATTTCACTG_004,15
ACTTACCCTCAATTTCACTG_005,15
ACTTACCCTCAATTTCACTG_006,41
ACTTACCCTCAATTTCACTG_007,36
ACTTACCCTCAATTTCACTG_008,130
ACTTACCCTCAATTTCACTG_009,71
ACTTACCCTCAATTTCACTG_010,162
ACTTACCCTCAATTTCACTG_011,191
ACTTACCCTCAATTTCACTG_012,162
ACTTACCCTCAATTTCACTG_013,89
ACTTACCCTCAATTTCACTG_014,28
ACTTACCCTCAATTTCACTG_015,31
ACTTACCCTCAATTTCACTG_016,159
GAAGTGCCGAGCATAGCTGA_001,147
GAAGTGCCGAGCATAGCTGA_002,8
GAAGTGCCGAGCATAGCTGA_003,157
GAAGTGCCGAGCATAGCTGA_004,161
GAAGTGCCGAGCATAGCTGA_005,177
GAAGTGCCGAGCATAGCTGA_006,33
GAAGTGCCGAGCATAGCTGA_007,160
GAAGTGCCGAGCATAGCTGA_008,161
GAAGTGCCGAGCATAGCTGA_009,148
GAAGTGCCGAGCATAGCTGA_010,192
GAAGTGCCGAGCATAGCTGA_011,107
GAAGTGCCGAGCATAGCTGA_012,46
GAAGTGCCGAGCATAGCTGA_013,138
GAAGTGCCGAGCATAGCTGA_014,148
GAAGTGCCGAGCATAGCTGA_015,66
GAAGTGCCGAGCATAGCTGA_016,12
GAAGTGCCGAGCATAGCTGA_017,172
GAAGTGCCGAGCATAGCTGA_018,19
GAAGTGCCGAGCATAGCTGA_019,47
GAAGTGCCGAGCATAGCTGA_020,138
GAAGTGCCGAGCATAGCTGA_021,161
TGTGGGTGTCACATGGATCG_001,95
TGTGGGTGTCACATGGATCG_002,15
TGTGGGTGTCACATGGATCG_003,17
TGTCGCCGGCCGCTTCATCG_001,44
GTGATACCAACCTTCCAACG_001,62
GTGATACCAACCTTCCAACG_002,198
GTGATACCAACCTTCCAACG_003,160
GTGATACCAACCTTCCAACG_004,22
GTGATACCAACCTTCCAACG_005,28
GTGATACCAACCTTCCAACG_006,194
GTGATACCAACCTTCCAACG_007,162
GTGATACCAACCTTCCAACG_008,141
GTGATACCAACCTTCCAACG_009,33
GTGATACCAACCTTCCAACG_010,98
GCACAACGAAGACATCACGC_001,48
GCACAACGAAGACATCACGC_002,191
GCACAACGAAGACATCACGC_003,149
GCACAACGAAGACATCACGC_004,171
GCACAACGAAGACATCACGC_005,38
GCACAACGAAGACATCACGC_006,134
GCACAACGAAGACATCACGC_007,169
GCACAACGAAGACATCACGC_008,81
GCACAACGAAGACATCACGC_009,46
CAGCGTGTGGTTACACGGGA_001,95
CAGCGTGTGGTTACACGGGA_002,70
CAGCGTGTGGTTACACGGGA_003,130
CAGCGTGTGGTTACACGGGA_004,181
CAGCGTGTGGTTACACGGGA_005,112
CAGCGTGTGGTTACACGGGA_006,4
CAGCGTGTGGTTACACGGGA_007,58
CAGCGTGTGGTTACACGGGA_008,36
CAGCGTGTGGTTACACGGGA_009,68
CAGCGTGTGGTTACACGGGA_010,156
CAGCGTGTGGTTACACGGGA_011,6
CAGCGTGTGGTTACACGGGA_012,105
CAGCGTGTGGTTACACGGGA_013,75
CAGCGTGTGGTTACACGGGA_014,84
CAGCGTGTGGTTACACGGGA_015,147
CAGCGTGTGGTTACACGGGA_016,191
CAGCGTGTGGTTACACGGGA_017,62
CAGCGTGTGGTTACACGGGA_018,169
TCTGGCTTTGACCCTCGACA_001,11
TCTGGCTTTGACCCTCGACA_002,117
TCTGGCTTTGACCCTCGACA_003,160
TCTGGCTTTGACCCTCGACA_004,191
TCTGGCTTTGACCCTCGACA_005,75
TCTGGCTTTGACCCTCGACA_006,17
TCTGGCTTTGACCCTCGACA_007,58
TCTGGCTTTGACCCTCGACA_008,172
TCTGGCTTTGACCCTCGACA_009,181
TCTGGCTTTGACCCTCGACA_010,77
TCTGGCTTTGACCCTCGACA_011,54
TCTGGCTTTGACCCTCGACA_012,41
TCTGGCTTTGACCCTCGACA_013,162
TCTGGCTTTGACCCTCGACA_014,134
TCTGGCTTTGACCCTCGACA_015,22
TCTGGCTTTGACCCTCGACA_016,30
TCTGGCTTTGACCCTCGACA_017,0
TCTGGCTTTGACCCTCGACA_018,187
TCTGGCTTTGACCCTCGACA_019,158
TCTGGCTTTGACCCTCGACA_020,70
TCTGGCTTTGACCCTCGACA_021,38
TCTGGCTTTGACCCTCGACA_022,178
TCTGGCTTTGACCCTCGACA_023,11
TCTGGCTTTGACCCTCGACA_024,41
TCTGGCTTTGACCCTCGACA_025,144
TCTGGCTTTGACCCTCGACA_026,131
TCTGGCTTTGACCCTCGACA_027,124
TCTGGCTTTGACCCTCGACA_028,180
TCTGGCTTTGACCCTCGACA_029,188
CACCACAGTGGGCTCTACTC_001,5
CACCACAGTGGGCTCTACTC_002,94
CACCACAGTGGGCTCTACTC_003,70
CACCACAGTGGGCTCTACTC_004,104
CACCACAGTGGGCTCTACTC_005,1
CACCACAGTGGGCTCTACTC_006,190
CACCACAGTGGGCTCTACTC_007,60
CACCACAGTGGGCTCTACTC_008,70
CACCACAGTGGGCTCTACTC_009,70
CACCACAGTGGGCTCTACTC_010,70
CACCACAGTGGGCTCTACTC_011,88
CACCACAGTGGGCTCTACTC_012,94
CACCACAGTGGGCTCTACTC_013,28
CACCACAGTGGGCTCTACTC_014,55
CACCACAGTGGGCTCTACTC_015,170
CACCACAGTGGGCTCTACTC_016,70
TGGACCCACAGTCGGCCAGT_001,105
TGGACCCACAGTCGGCCAGT_002,182
TGGACCCACAGTCGGCCAGT_003,198
TGGACCCACAGTCGGCCAGT_004,141
TGGACCCACAGTCGGCCAGT_005,174
TGGACCCACAGTCGGCCAGT_006,115
TGGACCCACAGTCGGCCAGT_007,29
TGGACCCACAGTCGGCCAGT_008,89
CAACTTCTCACGCATCTCTG_001,23
CAACTTCTCACGCATCTCTG_002,148
CAACTTCTCACGCATCTCTG_003,70
CTATCCGCTGAACCTGACGC_001,22
CTATCCGCTGAACCTGACGC_002,47
CTATCCGCTGAACCTGACGC_003,152
CTATCCGCTGAACCTGACGC_004,170
CTATCCGCTGAACCTGACGC_005,118
CTATCCGCTGAACCTGACGC_006,160
CTATCCGCTGAACCTGACGC_007,155
CTATCCGCTGAACCTGACGC_008,125
AGGCTCGCTTCTCATATGTG_001,158
AGGCTCGCTTCTCATATGTG_002,69
AGGCTCGCTTCTCATATGTG_003,158
AGGCTCGCTTCTCATATGTG_004,8
AGGCTCGCTTCTCATATGTG_005,73
AGGCTCGCTTCTCATATGTG_006,105
AGGCTCGCTTCTCATATGTG_007,62
AGGCTCGCTTCTCATATGTG_008,124
AGGCTCGCTTCTCATATGTG_009,149
AGGCTCGCTTCTCATATGTG_010,191
CAGCGACAACGTGCCCTACG_001,40
CAGCGACAACGTGCCCTACG_002,98
CAGCGACAACGTGCCCTACG_003,160
CAGCGACAACGTGCCCTACG_004,65
CAGCGACAACGTGCCCTACG_005,20
CAGCGACAACGTGCCCTACG_006,153
CAGCGACAACGTGCCCTACG_007,146
CAGCGACAACGTGCCCTACG_008,77
CAGCGACAACGTGCCCTACG_009,186
CAGCGACAACGTGCCCTACG_010,138
CAGCGACAACGTGCCCTACG_011,151
GGTTGTTCCCCAGAAACTGT_001,130
GGTTGTTCCCCAGAAACTGT_002,172
GGTTGTTCCCCAGAAACTGT_003,34
GGTTGTTCCCCAGAAACTGT_004,17
GGTTGTTCCCCAGAAACTGT_005,148
GGTTGTTCCCCAGAAACTGT_006,94
TGGGGCTGGATTGTCCAACA_001,85
TGGGGCTGGATTGTCCAACA_002,81
TGGGGCTGGATTGTCCAACA_003,144
CACATACGCTGTCACAATCG_001,142
GCCCAAACTCATAAAATCAG_001,176
GCCCAAACTCATAAAATCAG_002,198
GCCCAAACTCATAAAATCAG_003,115
GCCCAAACTCATAAAATCAG_004,70
GCCCAAACTCATAAAATCAG_005,8
CAGAGTCTGAGCCGACTGGT_001,58
CAGAGTCTGAGCCGACTGGT_002,191
CAGAGTCTGAGCCGACTGGT_003,32
CAGAGTCTGAGCCGACTGGT_004,106
CAGAGTCTGAGCCGACTGGT_005,63
CAGAGTCTGAGCCGACTGGT_006,178
CAGAGTCTGAGCCGACTGGT_007,36
CAGAGTCTGAGCCGACTGGT_008,160
CAGAGTCTGAGCCGACTGGT_009,58
CAGAGTCTGAGCCGACTGGT_010,81
CAGAGTCTGAGCCGACTGGT_011,137
CAGAGTCTGAGCCGACTGGT_012,44
CAGAGTCTGAGCCGACTGGT_013,172
CAGAGTCTGAGCCGACTGGT_014,72
CAGAGTCTGAGCCGACTGGT_015,108
CAGAGTCTGAGCCGACTGGT_016,158
CAGAGTCTGAGCCGACTGGT_017,10
GGGGTGACATACTTACGAAG_001,124
ATACAGGCAATGGACGGCGG_001,102
ATACAGGCAATGGACGGCGG_002,189
ATACAGGCAATGGACGGCGG_003,150
ATACAGGCAATGGACGGCGG_004,112
ATACAGGCAATGGACGGCGG_005,101
ATACAGGCAATGGACGGCGG_006,149
ATACAGGCAATGGACGGCGG_007,62
ATACAGGCAATGGACGGCGG_008,145
ATACAGGCAATGGACGGCGG_009,42
ATACAGGCAATGGACGGCGG_010,46
ATACAGGCAATGGACGGCGG_011,93
ATACAGGCAATGGACGGCGG_012,97
ATACAGGCAATGGACGGCGG_013,32
ATACAGGCAATGGACGGCGG_014,163
ATACAGGCAATGGACGGCGG_015,185
ATACAGGCAATGGACGGCGG_016,43
ATACAGGCAATGGACGGCGG_017,199
ATACAGGCAATGGACGGCGG_018,58
ATACAGGCAATGGACGGCGG_019,22
ATACAGGCAATGGACGGCGG_020,130
ATACAGGCAATGGACGGCGG_021,190
ATACAGGCAATGGACGGCGG_022,134
ATACAGGCAATGGACGGCGG_023,159
ATACAGGCAATGGACGGCGG_024,139
ATACAGGCAATGGACGGCGG_025,159
ATACAGGCAATGGACGGCGG_026,46
ATACAGGCAATGGACGGCGG_027,144
ATACAGGCAATGGACGGCGG_028,48
ATACAGGCAATGGACGGCGG_029,43
ATACAGGCAATGGACGGCGG_030,66
ATACAGGCAATGGACGGCGG_031,174
ATACAGGCAATGGACGGCGG_032,145
ATACAGGCAATGGACGGCGG_033,23
ATACAGGCAATGGACGGCGG_034,114
ATACAGGCAATGGACGGCGG_035,56
CCAGGTGTCCAGGAGCCCTC_001,169
CCAGGTGTCCAGGAGCCCTC_002,146
CCAGGTGTCCAGGAGCCCTC_003,1
CCAGGTGTCCAGGAGCCCTC_004,190
CCAGGTGTCCAGGAGCCCTC_005,184
CCAGGTGTCCAGGAGCCCTC_006,106
CCAGGTGTCCAGGAGCCCTC_007,64
CCAGGTGTCCAGGAGCCCTC_008,115
CCAGGTGTCCAGGAGCCCTC_009,31
CCAGGTGTCCAGGAGCCCTC_010,40
CCAGGTGTCCAGGAGCCCTC_011,60
CCAGGTGTCCAGGAGCCCTC_012,90
AATGATACGCTTCATTCCAG_001,83
AATGATACGCTTCATTCCAG_002,148
AATGATACGCTTCATTCCAG_003,106
AATGATACGCTTCATTCCAG_004,143
AATGATACGCTTCATTCCAG_005,105
AATGATACGCTTCATTCCAG_006,61
CCAACTGCCCAAATCCAGAG_001,107
CCAACTGCCCAAATCCAGAG_002,194
CCAACTGCCCAAATCCAGAG_003,94
CCAACTGCCCAAATCCAGAG_004,13
CCAACTGCCCAAATCCAGAG_005,104
CTATTCTGCAGGAGCAGTCG_001,177
CTATTCTGCAGGAGCAGTCG_002,78
CTATTCTGCAGGAGCAGTCG_003,190
CTATTCTGCAGGAGCAGTCG_004,38
CTATTCTGCAGGAGCAGTCG_005,188
CTATTCTGCAGGAGCAGTCG_006,41
CTATTCTGCAGGAGCAGTCG_007,117
CTATTCTGCAGGAGCAGTCG_008,7
CTATTCTGCAGGAGCAGTCG_009,178
CTATTCTGCAGGAGCAGTCG_010,68
CTATTCTGCAGGAGCAGTCG_011,102
CTATTCTGCAGGAGCAGTCG_012,35
CTATTCTGCAGGAGCAGTCG_013,126
CTATTCTGCAGGAGCAGTCG_014,123
CTGTAAGGTTGAGCAGCGAG_001,4
CTGTAAGGTTGAGCAGCGAG_002,62
CTGTAAGGTTGAGCAGCGAG_003,76
CTGTAAGGTTGAGCAGCGAG_004,1
CTGTAAGGTTGAGCAGCGAG_005,62
CAATAAATCCTGGAGGACCG_001,144
CAATAAATCCTGGAGGACCG_002,46
CAATAAATCCTGGAGGACCG_003,129
CAATAAATCCTGGAGGACCG_004,101
CAATAAATCCTGGAGGACCG_005,80
CAATAAATCCTGGAGGACCG_006,196
CAATAAATCCTGGAGGACCG_007,130
CAATAAATCCTGGAGGACCG_008,108
AGCGCTCGTAAGGATCCTCG_001,32
AGCGCTCGTAAGGATCCTCG_002,152
AGCGCTCGTAAGGATCCTCG_003,26
AGCGCTCGTAAGGATCCTCG_004,121
AGCGCTCGTAAGGATCCTCG_005,175
AGCGCTCGTAAGGATCCTCG_006,134
GACCAGCTGCAAGTACTCGG_001,47
GACCAGCTGCAAGTACTCGG_002,52
GACCAGCTGCAAGTACTCGG_003,170
GACCAGCTGCAAGTACTCGG_004,82
GACCAGCTGCAAGTACTCGG_005,64
GACCAGCTGCAAGTACTCGG_006,48
GACCAGCTGCAAGTACTCGG_007,169
GACCAGCTGCAAGTACTCGG_008,22
GACCAGCTGCAAGTACTCGG_009,83
GACCAGCTGCAAGTACTCGG_010,82
GACCAGCTGCAAGTACTCGG_011,15
GCATGTTAGGCAGGTTGCCT_001,177
GCATGTTAGGCAGGTTGCCT_002,188
GCATGTTAGGCAGGTTGCCT_003,83
GCATGTTAGGCAGGTTGCCT_004,41
GCATGTTAGGCAGGTTGCCT_005,11
GCATGTTAGGCAGGTTGCCT_006,115
GCATGTTAGGCAGGTTGCCT_007,155
GCATGTTAGGCAGGTTGCCT_008,84
GCATGTTAGGCAGGTTGCCT_009,177
GCATGTTAGGCAGGTTGCCT_010,122
GCATGTTAGGCAGGTTGCCT_011,76
GCATGTTAGGCAGGTTGCCT_012,190
GCATGTTAGGCAGGTTGCCT_013,10
GCATGTTAGGCAGGTTGCCT_014,191
GCATGTTAGGCAGGTTGCCT_015,164
GCATGTTAGGCAGGTTGCCT_016,13
GCATGTTAGGCAGGTTGCCT_017,37
GCATGTTAGGCAGGTTGCCT_018,152
GCATGTTAGGCAGGTTGCCT_019,198
GCATGTTAGGCAGGTTGCCT_020,59
GCATGTTAGGCAGGTTGCCT_021,136
TGATCTGAAGAATGGTTCTG_001,65
TGATCTGAAGAATGGTTCTG_002,76
TGATCTGAAGAATGGTTCTG_003,83
TGATCTGAAGAATGGTTCTG_004,80
TGATCTGAAGAATGGTTCTG_005,5
TGATCTGAAGAATGGTTCTG_006,81
TGATCTGAAGAATGGTTCTG_007,82
TGATCTGAAGAATGGTTCTG_008,189
TGATCTGAAGAATGGTTCTG_009,35
TGATCTGAAGAATGGTTCTG_010,7
TTCGGATGAAGGAATAAACA_001,127
TTCGGATGAAGGAATAAACA_002,1
TTCGGATGAAGGAATAAACA_003,127
TTCGGATGAAGGAATAAACA_004,98
TTCGGATGAAGGAATAAACA_005,17
TTCGGATGAAGGAATAAACA_006,160
ACAGCTTTCGGGGATTGTCG_001,169
ACAGCTTTCGGGGATTGTCG_002,197
ACAGCTTTCGGGGATTGTCG_003,0
ACAGCTTTCGGGGATTGTCG_004,37
ACAGCTTTCGGGGATTGTCG_005,54
ATTGGCGCAAGGTCGTACGA_001,49
ATTGGCGCAAGGTCGTACGA_002,80
ATTGGCGCAAGGTCGTACGA_003,80
ATTGGCGCAAGGTCGTACGA_004,61
ATTGGCGCAAGGTCGTACGA_005,53
ATTGGCGCAAGGTCGTACGA_006,139
ATTGGCGCAAGGTCGTACGA_007,130
ATTGGCGCAAGGTCGTACGA_008,174
ATTGGCGCAAGGTCGTACGA_009,52
ATTGGCGCAAGGTCGTACGA_010,10
ATTGGCGCAAGGTCGTACGA_011,191
ATTGGCGCAAGGTCGTACGA_012,34
ATTGGCGCAAGGTCGTACGA_013,100
ATTGGCGCAAGGTCGTACGA_014,30
ATTGGCGCAAGGTCGTACGA_015,158
ATTGGCGCAAGGTCGTACGA_016,15
ATTGGCGCAAGGTCGTACGA_017,199
ATTGGCGCAAGGTCGTACGA_018,149
ATTGGCGCAAGGTCGTACGA_019,158
ATTGGCGCAAGGTCGTACGA_020,147
ATTGGCGCAAGGTCGTACGA_021,134
ATTGGCGCAAGGTCGTACGA_022,41
ATTGGCGCAAGGTCGTACGA_023,144
CCCTGCAGCAGACAAACCGG_001,12
CCCTGCAGCAGACAAACCGG_002,166
CCCTGCAGCAGACAAACCGG_003,153
CCCTGCAGCAGACAAACCGG_004,72
CCCTGCAGCAGACAAACCGG_005,44
CCCTGCAGCAGACAAACCGG_006,83
AGTAAAGTGGACATCAGCCA_001,102
AGTAAAGTGGACATCAGCCA_002,193
AGTAAAGTGGACATCAGCCA_003,113
AGTAAAGTGGACATCAGCCA_004,74
AGTAAAGTGGACATCAGCCA_005,86
AGTAAAGTGGACATCAGCCA_006,176
AGTAAAGTGGACATCAGCCA_007,2
AGTAAAGTGGACATCAGCCA_008,19
AGTAAAGTGGACATCAGCCA_009,177
AGTAAAGTGGACATCAGCCA_010,77
AGTAAAGTGGACATCAGCCA_011,78
AGTAAAGTGGACATCAGCCA_012,19
AGTAAAGTGGACATCAGCCA_013,153
AGTAAAGTGGACATCAGCCA_014,152
TGTCTATGAACGAATGCCAG_001,183
TGTCTATGAACGAATGCCAG_002,185
TGTCTATGAACGAATGCCAG_003,176
TGTCTATGAACGAATGCCAG_004,191
TGTCTATGAACGAATGCCAG_005,174
TGTCTATGAACGAATGCCAG_006,172
TGTCTATGAACGAATGCCAG_007,168
TGTCTATGAACGAATGCCAG_008,123
TGTCTATGAACGAATGCCAG_009,156
TGTCTATGAACGAATGCCAG_010,4
TGTCTATGAACGAATGCCAG_011,34
TGTCTATGAACGAATGCCAG_012,185
TGTCTATGAACGAATGCCAG_013,106
TGTCTATGAACGAATGCCAG_014,157
TGTCTATGAACGAATGCCAG_015,157
TGTCTATGAACGAATGCCAG_016,0
TGTCTATGAACGAATGCCAG_017,62
TGTCTATGAACGAATGCCAG_018,150
TGTCTATGAACGAATGCCAG_019,174
TGTCTATGAACGAATGCCAG_020,158
TGTCTATGAACGAATGCCAG_021,48
GCGCCAACGAGAGCGCCACC_001,81
GCGCCAACGAGAGCGCCACC_002,160
GCGCCAACGAGAGCGCCACC_003,174
GCGCCAACGAGAGCGCCACC_004,46
GCGCCAACGAGAGCGCCACC_005,88
GAACGTAGAAATTCCCATTT_001,177
GAACGTAGAAATTCCCATTT_002,1
GAACGTAGAAATTCCCATTT_003,43
GAACGTAGAAATTCCCATTT_004,16
GAACGTAGAAATTCCCATTT_005,173
GAACGTAGAAATTCCCATTT_006,8
GAACGTAGAAATTCCCATTT_007,199
GAACGTAGAAATTCCCATTT_008,95
ACTATGCCCTAAAGGACACG_001,3
ACTATGCCCTAAAGGACACG_002,23
ACTATGCCCTAAAGGACACG_003,43
ACTATGCCCTAAAGGACACG_004,15
ACTATGCCCTAAAGGACACG_005,60
ACTATGCCCTAAAGGACACG_006,19
ACTATGCCCTAAAGGACACG_007,184
ACTATGCCCTAAAGGACACG_008,114
ACTATGCCCTAAAGGACACG_009,185
ACTATGCCCTAAAGGACACG_010,2
ACTATGCCCTAAAGGACACG_011,171
ACTATGCCCTAAAGGACACG_012,163
ACTATGCCCTAAAGGACACG_013,68
ACTATGCCCTAAAGGACACG_014,103
ACTATGCCCTAAAGGACACG_015,130
AGTATCGGCAACGCCGAGAG_001,3
AGTATCGGCAACGCCGAGAG_002,174
AGTATCGGCAACGCCGAGAG_003,141
AGTATCGGCAACGCCGAGAG_004,110
AGTATCGGCAACGCCGAGAG_005,104
AGTATCGGCAACGCCGAGAG_006,122
AGTATCGGCAACGCCGAGAG_007,30
CCTCGAAGGGAGCGACGCTG_001,5
CCTCGAAGGGAGCGACGCTG_002,49
CCTCGAAGGGAGCGACGCTG_003,166
CCTCGAAGGGAGCGACGCTG_004,41
CCTCGAAGGGAGCGACGCTG_005,43
CCTCGAAGGGAGCGACGCTG_006,135
CCTCGAAGGGAGCGACGCTG_007,65
CCTCGAAGGGAGCGACGCTG_008,102
CCTCGAAGGGAGCGACGCTG_009,47
CCTCGAAGGGAGCGACGCTG_010,112
CCTCGAAGGGAGCGACGCTG_011,104
CCTCGAAGGGAGCGACGCTG_012,115
CCTCGAAGGGAGCGACGCTG_013,88
CCTCGAAGGGAGCGACGCTG_014,94
CCTCGAAGGGAGCGACGCTG_015,57
GAGCGACGGCGGGCTACCCG_001,176
GAGCGACGGCGGGCTACCCG_002,8
GAGCGACGGCGGGCTACCCG_003,176
GAGCGACGGCGGGCTACCCG_004,57
GAGCGACGGCGGGCTACCCG_005,173
GAGCGACGGCGGGCTACCCG_006,3
GAGCGACGGCGGGCTACCCG_007,53
GAGCGACGGCGGGCTACCCG_008,50
GAGCGACGGCGGGCTACCCG_009,85
GAGCGACGGCGGGCTACCCG_010,38
GAGCGACGGCGGGCTACCCG_011,96
GAGCGACGGCGGGCTACCCG_012,144
GAGCGACGGCGGGCTACCCG_013,49
GAGCGACGGCGGGCTACCCG_014,101
GAGCGACGGCGGGCTACCCG_015,5
GAGCGACGGCGGGCTACCCG_016,134
GAGCGACGGCGGGCTACCCG_017,149
GAGCGACGGCGGGCTACCCG_018,51
GAGCGACGGCGGGCTACCCG_019,186
GAGCGACGGCGGGCTACCCG_020,110
GAGCGACGGCGGGCTACCCG_021,120
GAGCGACGGCGGGCTACCCG_022,61
GAGCGACGGCGGGCTACCCG_023,152
GAGCGACGGCGGGCTACCCG_024,66
GAGCGACGGCGGGCTACCCG_025,174
TTGTTTCGTTGTGTTCCGAG_001,181
TTGTTTCGTTGTGTTCCGAG_002,62
TTGTTTCGTTGTGTTCCGAG_003,141
TTGTTTCGTTGTGTTCCGAG_004,70
TTGTTTCGTTGTGTTCCGAG_005,160
TTGTTTCGTTGTGTTCCGAG_006,28
TTGTTTCGTTGTGTTCCGAG_007,160
TTGTTTCGTTGTGTTCCGAG_008,184
TTGTTTCGTTGTGTTCCGAG_009,160
AAGAAGATTATAGACGGGAA_001,58
AAGAAGATTATAGACGGGAA_002,12
AAGAAGATTATAGACGGGAA_003,29
AAGAAGATTATAGACGGGAA_004,12
AAGAAGATTATAGACGGGAA_005,158
ACAGCCCATTGCGAGAAGTG_001,81
ACAGCCCATTGCGAGAAGTG_002,54
ACAGCCCATTGCGAGAAGTG_003,139
ACAGCCCATTGCGAGAAGTG_004,21
ACAGCCCATTGCGAGAAGTG_005,48
ACAGCCCATTGCGAGAAGTG_006,48
ACAGCCCATTGCGAGAAGTG_007,38
ACAGCCCATTGCGAGAAGTG_008,141
ACAGCCCATTGCGAGAAGTG_009,12
ACAGCCCATTGCGAGAAGTG_010,19
ACAGCCCATTGCGAGAAGTG_011,78
ACAGCCCATTGCGAGAAGTG_012,80
ACAGCCCATTGCGAGAAGTG_013,135
ACAGCCCATTGCGAGAAGTG_014,185
ACAGCCCATTGCGAGAAGTG_015,185
CCACGCACGCCCGACAGAAG_001,157
CCACGCACGCCCGACAGAAG_002,4
CCACGCACGCCCGACAGAAG_003,118
CCACGCACGCCCGACAGAAG_004,105
CCACGCACGCCCGACAGAAG_005,137
CCACGCACGCCCGACAGAAG_006,144
CCACGCACGCCCGACAGAAG_007,27
CCACGCACGCCCGACAGAAG_008,86
CCACGCACGCCCGACAGAAG_009,16
CCACGCACGCCCGACAGAAG_010,33
CCACGCACGCCCGACAGAAG_011,191
CCACGCACGCCCGACAGAAG_012,115
CCACGCACGCCCGACAGAAG_013,146
CCACGCACGCCCGACAGAAG_014,169
ATGAGGGTATAAAGGACCGG_001,134
ATGAGGGTATAAAGGACCGG_002,83
GATGTCCCTAGAACTCCAGT_001,170
GATGTCCCTAGAACTCCAGT_002,88
GATGTCCCTAGAACTCCAGT_003,148
GATGTCCCTAGAACTCCAGT_004,157
GATGTCCCTAGAACTCCAGT_005,28
GATGTCCCTAGAACTCCAGT_006,160
GATGTCCCTAGAACTCCAGT_007,150
GATGTCCCTAGAACTCCAGT_008,58
GATGTCCCTAGAACTCCAGT_009,2
GATGTCCCTAGAACTCCAGT_010,160
GATGTCCCTAGAACTCCAGT_011,60
GATGTCCCTAGAACTCCAGT_012,192
GATGTCCCTAGAACTCCAGT_013,105
GATGTCCCTAGAACTCCAGT_014,94
GATGTCCCTAGAACTCCAGT_015,166
GATGTCCCTAGAACTCCAGT_016,158
GATGTCCCTAGAACTCCAGT_017,33
GATGTCCCTAGAACTCCAGT_018,171
GATGTCCCTAGAACTCCAGT_019,6
GATGTCCCTAGAACTCCAGT_020,162
CACCTCGTACCACAACGAGG_001,170
CACTGAGGGAAAATGCACAC_001,38
CACTGAGGGAAAATGCACAC_002,180
CACTGAGGGAAAATGCACAC_003,62
CACTGAGGGAAAATGCACAC_004,48
CACTGAGGGAAAATGCACAC_005,166
CACTGAGGGAAAATGCACAC_006,133
CACTGAGGGAAAATGCACAC_007,84
CACTGAGGGAAAATGCACAC_008,16
CACTGAGGGAAAATGCACAC_009,127
CACTGAGGGAAAATGCACAC_010,129
CACTGAGGGAAAATGCACAC_011,113
CACTGAGGGAAAATGCACAC_012,127
CACTGAGGGAAAATGCACAC_013,155
CACTGAGGGAAAATGCACAC_014,116
CACTGAGGGAAAATGCACAC_015,160
CACTGAGGGAAAATGCACAC_016,29
CACTGAGGGAAAATGCACAC_017,91
CACTGAGGGAAAATGCACAC_018,118
CACTGAGGGAAAATGCACAC_019,162
CACTGAGGGAAAATGCACAC_020,115
CACTGAGGGAAAATGCACAC_021,174
CACTGAGGGAAAATGCACAC_022,41
CACTGAGGGAAAATGCACAC_023,115
CACTGAGGGAAAATGCACAC_024,127
CACTGAGGGAAAATGCACAC_025,135
CACTGAGGGAAAATGCACAC_026,58
CACTGAGGGAAAATGCACAC_027,82
GGAGGCGAAAGGAACAGAGG_001,142
GGAGGCGAAAGGAACAGAGG_002,113
GGAGGCGAAAGGAACAGAGG_003,69
GGAGGCGAAAGGAACAGAGG_004,28
GGAGGCGAAAGGAACAGAGG_005,51
GGAGGCGAAAGGAACAGAGG_006,17
GGAGGCGAAAGGAACAGAGG_007,23
GGAGGCGAAAGGAACAGAGG_008,23
GGAGGCGAAAGGAACAGAGG_009,147
GGCCACGAGCGAGCCGCTGG_001,183
GGCCACGAGCGAGCCGCTGG_002,149
GGCCACGAGCGAGCCGCTGG_003,147
GGCCACGAGCGAGCCGCTGG_004,146
GGCCACGAGCGAGCCGCTGG_005,112
GGCCACGAGCGAGCCGCTGG_006,46
GGCCACGAGCGAGCCGCTGG_007,160
GGCCACGAGCGAGCCGCTGG_008,157
GGCCACGAGCGAGCCGCTGG_009,102
GGCCACGAGCGAGCCGCTGG_010,20
GGCCACGAGCGAGCCGCTGG_011,147
GGCCACGAGCGAGCCGCTGG_012,2
GGCCACGAGCGAGCCGCTGG_013,110
GGCCACGAGCGAGCCGCTGG_014,56
GGCCACGAGCGAGCCGCTGG_015,198
GGCCACGAGCGAGCCGCTGG_016,78
GGCCACGAGCGAGCCGCTGG_017,103
GGCCACGAGCGAGCCGCTGG_018,134
GGCCACGAGCGAGCCGCTGG_019,105
GGCCACGAGCGAGCCGCTGG_020,83
GGCCACGAGCGAGCCGCTGG_021,10
GGCCACGAGCGAGCCGCTGG_022,98
GGCCACGAGCGAGCCGCTGG_023,48
GGCCACGAGCGAGCCGCTGG_024,131
GGCCACGAGCGAGCCGCTGG_025,76
GGCCACGAGCGAGCCGCTGG_026,182
GGCCACGAGCGAGCCGCTGG_027,184
ATGGTGTATATAAAGTACAT_001,147
ATGGTGTATATAAAGTACAT_002,82
ATGGTGTATATAAAGTACAT_003,107
ATGGTGTATATAAAGTACAT_004,141
ATGGTGTATATAAAGTACAT_005,76
ATGGTGTATATAAAGTACAT_006,83
ATGGTGTATATAAAGTACAT_007,137
ATGGTGTATATAAAGTACAT_008,168
ATGGTGTATATAAAGTACAT_009,158
ATGGTGTATATAAAGTACAT_010,150
ATGGTGTATATAAAGTACAT_011,32
ATGGTGTATATAAAGTACAT_012,83
TCCAACTTACTACATCAGGC_001,66
GCATATGGGCACCATAACCA_001,57
GCATATGGGCACCATAACCA_002,2
GCATATGGGCACCATAACCA_003,106
GCATATGGGCACCATAACCA_004,130
GCATATGGGCACCATAACCA_005,12
GCATATGGGCACCATAACCA_006,98
GCATATGGGCACCATAACCA_007,12
GCATATGGGCACCATAACCA_008,70
GCATATGGGCACCATAACCA_009,122
GCATATGGGCACCATAACCA_010,83
GCATATGGGCACCATAACCA_011,158
GCATATGGGCACCATAACCA_012,61
GCATATGGGCACCATAACCA_013,50
GCATATGGGCACCATAACCA_014,17
GCATATGGGCACCATAACCA_015,160
GCATATGGGCACCATAACCA_016,150
GCATATGGGCACCATAACCA_017,16
GCATATGGGCACCATAACCA_018,61
GCATATGGGCACCATAACCA_019,23
GCATATGGGCACCATAACCA_020,13
GCATATGGGCACCATAACCA_021,13
GCATATGGGCACCATAACCA_022,98
ATAGCAGGACGAGGTTCCTT_001,22
ATAGCAGGACGAGGTTCCTT_002,152
ATAGCAGGACGAGGTTCCTT_003,132
ATAGCAGGACGAGGTTCCTT_004,4
ATAGCAGGACGAGGTTCCTT_005,125
ATAGCAGGACGAGGTTCCTT_006,102
ATAGCAGGACGAGGTTCCTT_007,194
ATAGCAGGACGAGGTTCCTT_008,121
ATAGCAGGACGAGGTTCCTT_009,46
ATAGCAGGACGAGGTTCCTT_010,35
AAACACACATCCCTACCTCT_001,193
AAACACACATCCCTACCTCT_002,127
AAACACACATCCCTACCTCT_003,42
AAACACACATCCCTACCTCT_004,158
AAACACACATCCCTACCTCT_005,162
AAACACACATCCCTACCTCT_006,9
AAACACACATCCCTACCTCT_007,102
AAACACACATCCCTACCTCT_008,33
AAACACACATCCCTACCTCT_009,174
AAACACACATCCCTACCTCT_010,198
AAACACACATCCCTACCTCT_011,103
AAACACACATCCCTACCTCT_012,50
AAACACACATCCCTACCTCT_013,119
AAACACACATCCCTACCTCT_014,137
AAACACACATCCCTACCTCT_015,93
AAACACACATCCCTACCTCT_016,142
AAACACACATCCCTACCTCT_017,39
AAACACACATCCCTACCTCT_018,149
AAACACACATCCCTACCTCT_019,4
AAACACACATCCCTACCTCT_020,184
AAACACACATCCCTACCTCT_021,184
AAACACACATCCCTACCTCT_022,29
AAACACACATCCCTACCTCT_023,38
AAACACACATCCCTACCTCT_024,137
ATGTAGCCCTCCTGTCAAAG_001,23
ATGTAGCCCTCCTGTCAAAG_002,37
ATGTAGCCCTCCTGTCAAAG_003,28
ATGTAGCCCTCCTGTCAAAG_004,161
ATGTAGCCCTCCTGTCAAAG_005,137
ATGTAGCCCTCCTGTCAAAG_006,71
ATGTAGCCCTCCTGTCAAAG_007,164
ATGTAGCCCTCCTGTCAAAG_008,157
TGATGAGGAGCCTCAGCAAG_001,48
TGATGAGGAGCCTCAGCAAG_002,182
TGATGAGGAGCCTCAGCAAG_003,71
TGATGAGGAGCCTCAGCAAG_004,176
TGATGAGGAGCCTCAGCAAG_005,76
TGATGAGGAGCCTCAGCAAG_006,148
TGATGAGGAGCCTCAGCAAG_007,90
TGACTGCAACAAATCCGAGC_001,162
TGACTGCAACAAATCCGAGC_002,125
ACCTGCTGGAGTACCACCGT_001,34
ACCTGCTGGAGTACCACCGT_002,176
ACCTGCTGGAGTACCACCGT_003,60
ACCTGCTGGAGTACCACCGT_004,61
ACCTGCTGGAGTACCACCGT_005,105
ACCTGCTGGAGTACCACCGT_006,88
ACCTGCTGGAGTACCACCGT_007,58
ACCTGCTGGAGTACCACCGT_008,28
ACCTGCTGGAGTACCACCGT_009,11
ACCTGCTGGAGTACCACCGT_010,155
ACCTGCTGGAGTACCACCGT_011,132
ACCTGCTGGAGTACCACCGT_012,100
ACCTGCTGGAGTACCACCGT_013,6
ACCTGCTGGAGTACCACCGT_014,111
ACCTGCTGGAGTACCACCGT_015,2
ACCTGCTGGAGTACCACCGT_016,42
ACCTGCTGGAGTACCACCGT_017,70
ACCTGCTGGAGTACCACCGT_018,3
CTGTGATGAACACAATGTCA_001,149
CTGTGATGAACACAATGTCA_002,184
CTGTGATGAACACAATGTCA_003,69
CTGTGATGAACACAATGTCA_004,130
CTGTGATGAACACAATGTCA_005,3
CTGTGATGAACACAATGTCA_006,148
CTGTGATGAACACAATGTCA_007,158
CTGTGATGAACACAATGTCA_008,161
CTGTGATGAACACAATGTCA_009,140
CTGTGATGAACACAATGTCA_010,80
CTGTGATGAACACAATGTCA_011,178
CTGTGATGAACACAATGTCA_012,8
CTGTGATGAACACAATGTCA_013,37
CTGTGATGAACACAATGTCA_014,98
CATACGGGCAGCACGACGCG_001,8
CATACGGGCAGCACGACGCG_002,102
CATACGGGCAGCACGACGCG_003,122
CATACGGGCAGCACGACGCG_004,62
CATACGGGCAGCACGACGCG_005,73
CATACGGGCAGCACGACGCG_006,169
CATACGGGCAGCACGACGCG_007,88
CATACGGGCAGCACGACGCG_008,179
CATACGGGCAGCACGACGCG_009,165
CATACGGGCAGCACGACGCG_010,50
CATACGGGCAGCACGACGCG_011,194
CATACGGGCAGCACGACGCG_012,109
CATACGGGCAGCACGACGCG_013,169
CATACGGGCAGCACGACGCG_014,24
CATACGGGCAGCACGACGCG_015,7
CATACGGGCAGCACGACGCG_016,176
CATACGGGCAGCACGACGCG_017,194
CATACGGGCAGCACGACGCG_018,118
CATACGGGCAGCACGACGCG_019,194
CATACGGGCAGCACGACGCG_020,194
CATACGGGCAGCACGACGCG_021,121
CATACGGGCAGCACGACGCG_022,67
CATACGGGCAGCACGACGCG_023,78
CATACGGGCAGCACGACGCG_024,102
ATTTCCCAGTAGGACCGAAA_001,91
ATTTCCCAGTAGGACCGAAA_002,91
ATTTCCCAGTAGGACCGAAA_003,77
ATTTCCCAGTAGGACCGAAA_004,176
ATATCCGTGCCACGCCAGCA_001,129
ATATCCGTGCCACGCCAGCA_002,169
ATATCCGTGCCACGCCAGCA_003,11
ATATCCGTGCCACGCCAGCA_004,193
ATATCCGTGCCACGCCAGCA_005,2
ATATCCGTGCCACGCCAGCA_006,81
ATATCCGTGCCACGCCAGCA_007,2
ATATCCGTGCCACGCCAGCA_008,48
ATATCCGTGCCACGCCAGCA_009,106
ATATCCGTGCCACGCCAGCA_010,141
ATATCCGTGCCACGCCAGCA_011,29
ATATCCGTGCCACGCCAGCA_012,192
ATATCCGTGCCACGCCAGCA_013,190
ATATCCGTGCCACGCCAGCA_014,16
ATATCCGTGCCACGCCAGCA_015,103
ATATCCGTGCCACGCCAGCA_016,123
ATATCCGTGCCACGCCAGCA_017,146
ATATCCGTGCCACGCCAGCA_018,103
ATATCCGTGCCACGCCAGCA_019,184
ATATCCGTGCCACGCCAGCA_020,188
ATATCCGTGCCACGCCAGCA_021,199
ATATCCGTGCCACGCCAGCA_022,119
ATATCCGTGCCACGCCAGCA_023,95
ATATCCGTGCCACGCCAGCA_024,85
ATATCCGTGCCACGCCAGCA_025,148
ATATCCGTGCCACGCCAGCA_026,69
ATATCCGTGCCACGCCAGCA_027,2
ATATCCGTGCCACGCCAGCA_028,5
ATATCCGTGCCACGCCAGCA_029,139
ATATCCGTGCCACGCCAGCA_030,137
ATATCCGTGCCACGCCAGCA_031,152
ATATCCGTGCCACGCCAGCA_032,188
ATATCCGTGCCACGCCAGCA_033,191
ATATCCGTGCCACGCCAGCA_034,162
ATATCCGTGCCACGCCAGCA_035,31
ATATCCGTGCCACGCCAGCA_036,108
ATATCCGTGCCACGCCAGCA_037,136
ATATCCGTGCCACGCCAGCA_038,148
ATATCCGTGCCACGCCAGCA_039,65
ATATCCGTGCCACGCCAGCA_040,65
ACAGTTTCGCACCTCATGGA_001,77
ACAGTTTCGCACCTCATGGA_002,142
ACAGTTTCGCACCTCATGGA_003,147
ACAGTTTCGCACCTCATGGA_004,34
GATGAATTGAGCTAGCATGC_001,147
GATGAATTGAGCTAGCATGC_002,113
GGCTACTTACGGAGCGTACA_001,2
GGCTACTTACGGAGCGTACA_002,112
GGCTACTTACGGAGCGTACA_003,130
TGTGGACATTAGTAACCCCA_001,166
TGTGGACATTAGTAACCCCA_002,190
TGTGGACATTAGTAACCCCA_003,172
ACATCACAGAATTCATACTG_001,186
ACATCACAGAATTCATACTG_002,127
CTCACCCGATGTACTGCAGG_001,175
CTCACCCGATGTACTGCAGG_002,6
CTCACCCGATGTACTGCAGG_003,42
CTCACCCGATGTACTGCAGG_004,14
CTCACCCGATGTACTGCAGG_005,1
CTCACCCGATGTACTGCAGG_006,42
CTCACCCGATGTACTGCAGG_007,94
CTCACCCGATGTACTGCAGG_008,12
CTCACCCGATGTACTGCAGG_009,197
GGAAAACCCCTGGAGCCAAG_001,77
GGAAAACCCCTGGAGCCAAG_002,60
GGAAAACCCCTGGAGCCAAG_003,19
GGAAAACCCCTGGAGCCAAG_004,148
GGAAAACCCCTGGAGCCAAG_005,12
GGAAAACCCCTGGAGCCAAG_006,125
GGAAAACCCCTGGAGCCAAG_007,170
GGCAAAGGAACGCTATATGG_001,56
GGCAAAGGAACGCTATATGG_002,188
GGCAAAGGAACGCTATATGG_003,56
GGCAAAGGAACGCTATATGG_004,105
AGAAGGGTTGCGTTTAGCAG_001,160
AGAAGGGTTGCGTTTAGCAG_002,22
AGAAGGGTTGCGTTTAGCAG_003,162
AGAAGGGTTGCGTTTAGCAG_004,115
AGAAGGGTTGCGTTTAGCAG_005,21
AGAAGGGTTGCGTTTAGCAG_006,46
AGAAGGGTTGCGTTTAGCAG_007,29
AGAAGGGTTGCGTTTAGCAG_008,140
AGAAGGGTTGCGTTTAGCAG_009,185
AGAAGGGTTGCGTTTAGCAG_010,194
AGAAGGGTTGCGTTTAGCAG_011,157
AGAAGGGTTGCGTTTAGCAG_012,159
AGAAGGGTTGCGTTTAGCAG_013,36
GGTCCAGTTACCTATAGCCG_001,175
GGTCCAGTTACCTATAGCCG_002,189
GGTCCAGTTACCTATAGCCG_003,3
GGTCCAGTTACCTATAGCCG_004,81
GGTCCAGTTACCTATAGCCG_005,169
GGTCCAGTTACCTATAGCCG_006,157
GGTCCAGTTACCTATAGCCG_007,157
TCTGGTAGCCTGGTGCAAAA_001,46
TCTGGTAGCCTGGTGCAAAA_002,116
TCTGGTAGCCTGGTGCAAAA_003,57
TCTGGTAGCCTGGTGCAAAA_004,165
TCTGGTAGCCTGGTGCAAAA_005,3
GCCATACGGTGATTGCCAGT_001,6
GCCATACGGTGATTGCCAGT_002,160
GCCATACGGTGATTGCCAGT_003,121
GCCATACGGTGATTGCCAGT_004,120
GCCATACGGTGATTGCCAGT_005,94
GCCATACGGTGATTGCCAGT_006,121
GCCATACGGTGATTGCCAGT_007,49
GCCATACGGTGATTGCCAGT_008,32
GCCATACGGTGATTGCCAGT_009,9
CTTGATATAAAAAGTCACAG_001,8
CTTGATATAAAAAGTCACAG_002,40
CTTGATATAAAAAGTCACAG_003,19
CTTGATATAAAAAGTCACAG_004,30
CTTGATATAAAAAGTCACAG_005,151
CTTGATATAAAAAGTCACAG_006,169
CTTGATATAAAAAGTCACAG_007,197
CTTGATATAAAAAGTCACAG_008,40
CTTGATATAAAAAGTCACAG_009,103
CCCCTACTCGCCCTACGTGG_001,176
CCCCTACTCGCCCTACGTGG_002,15
CCCCTACTCGCCCTACGTGG_003,146
CCCCTACTCGCCCTACGTGG_004,45
CCCCTACTCGCCCTACGTGG_005,12
CCCCTACTCGCCCTACGTGG_006,197
AAGCATCAGGTACGGAAACG_001,199
AAGCATCAGGTACGGAAACG_002,94
AAGCATCAGGTACGGAAACG_003,62
AAGCATCAGGTACGGAAACG_004,23
AAGCATCAGGTACGGAAACG_005,72
AAGCATCAGGTACGGAAACG_006,104
AAGCATCAGGTACGGAAACG_007,43
AAGCATCAGGTACGGAAACG_008,156
AAGCATCAGGTACGGAAACG_009,156
AAGCATCAGGTACGGAAACG_010,63
CCGGCACTGCTACCGATGGG_001,116
CCGGCACTGCTACCGATGGG_002,82
CCGGCACTGCTACCGATGGG_003,182
CCGGCACTGCTACCGATGGG_004,122
CCGGCACTGCTACCGATGGG_005,15
CGGAGGAGAACCCCTACTGG_001,80
CGGAGGAGAACCCCTACTGG_002,57
CGGAGGAGAACCCCTACTGG_003,159
CGGAGGAGAACCCCTACTGG_004,76
CGGAGGAGAACCCCTACTGG_005,52
GGAGAGAGGAGCTTTAACTG_001,116
GGAGAGAGGAGCTTTAACTG_002,32
GGAGAGAGGAGCTTTAACTG_003,89
GGAGAGAGGAGCTTTAACTG_004,51
GGAGAGAGGAGCTTTAACTG_005,173
GAAACTGTTTAATTTCACGA_001,169
GAAACTGTTTAATTTCACGA_002,151
ACTCACTCGCCCCAAAGATG_001,16
ACTCACTCGCCCCAAAGATG_002,119
ACTCACTCGCCCCAAAGATG_003,104
ACTCACTCGCCCCAAAGATG_004,108
ACTCACTCGCCCCAAAGATG_005,48
ACTCACTCGCCCCAAAGATG_006,157
ACTCACTCGCCCCAAAGATG_007,168
ACTCACTCGCCCCAAAGATG_008,127
ACTCACTCGCCCCAAAGATG_009,63
ACTCACTCGCCCCAAAGATG_010,81
ACTCACTCGCCCCAAAGATG_011,183
ACTCACTCGCCCCAAAGATG_012,108
ACTCACTCGCCCCAAAGATG_013,1
ACTCACTCGCCCCAAAGATG_014,79
ACTCACTCGCCCCAAAGATG_015,1
ACTCACTCGCCCCAAAGATG_016,151
ATTTCGGTAGCATCTTGAAG_001,51
ATTTCGGTAGCATCTTGAAG_002,82
CAGCACAGACTCTCGCAGAG_001,45
CAGCACAGACTCTCGCAGAG_002,185
CAGCACAGACTCTCGCAGAG_003,5
CAGCACAGACTCTCGCAGAG_004,191
GGACCATGAATGAGTCGAAG_001,81
GGACCATGAATGAGTCGAAG_002,56
GGACCATGAATGAGTCGAAG_003,98
GGACCATGAATGAGTCGAAG_004,63
GGACCATGAATGAGTCGAAG_005,112
GTGCATTGCCGCATACCAGG_001,127
GTGCATTGCCGCATACCAGG_002,147
GTGCATTGCCGCATACCAGG_003,27
GTGCATTGCCGCATACCAGG_004,147
GTGCATTGCCGCATACCAGG_005,15
GTGCATTGCCGCATACCAGG_006,193
GTGCATTGCCGCATACCAGG_007,198
GTGCATTGCCGCATACCAGG_008,145
GTGCATTGCCGCATACCAGG_009,16
GTGCATTGCCGCATACCAGG_010,152
GTGCATTGCCGCATACCAGG_011,121
GTGCATTGCCGCATACCAGG_012,195
GTGCATTGCCGCATACCAGG_013,57
GTGCATTGCCGCATACCAGG_014,58
GTGCATTGCCGCATACCAGG_015,121
GTGCATTGCCGCATACCAGG_016,102
GTGCATTGCCGCATACCAGG_017,171
GTGCATTGCCGCATACCAGG_018,9
GTGCATTGCCGCATACCAGG_019,27
GTGCATTGCCGCATACCAGG_020,58
GTGCATTGCCGCATACCAGG_021,188
GTGCATTGCCGCATACCAGG_022,102
GTGCATTGCCGCATACCAGG_023,148
GTGCATTGCCGCATACCAGG_024,113
TCTGCACTCCTTCAACATCG_001,154
TCTGCACTCCTTCAACATCG_002,88
TCTGCACTCCTTCAACATCG_003,127
TCTGCACTCCTTCAACATCG_004,140
GCTTACATTGATCCAGACGT_001,65
GCTTACATTGATCCAGACGT_002,144
TATCCCCCAGCATTCTGATG_001,133
TATCCCCCAGCATTCTGATG_002,14
TATCCCCCAGCATTCTGATG_003,146
TATCCCCCAGCATTCTGATG_004,169
TATCCCCCAGCATTCTGATG_005,191
TATCCCCCAGCATTCTGATG_006,192
TATCCCCCAGCATTCTGATG_007,192
GCCCAGCACCCGGTAAAGGT_001,94
GCCCAGCACCCGGTAAAGGT_002,13
GCCCAGCACCCGGTAAAGGT_003,16
GCCCAGCACCCGGTAAAGGT_004,174
CATGGTGACATGCTATACTC_001,53
CATGGTGACATGCTATACTC_002,123
CATGGTGACATGCTATACTC_003,155
CATGGTGACATGCTATACTC_004,169
CATGGTGACATGCTATACTC_005,65
CATGGTGACATGCTATACTC_006,78
CATGGTGACATGCTATACTC_007,184
CATGGTGACATGCTATACTC_008,127
TCCCCCGAGTCGTACCCCTG_001,81
TCCCCCGAGTCGTACCCCTG_002,131
TCCCCCGAGTCGTACCCCTG_003,116
TCCCCCGAGTCGTACCCCTG_004,128
TCCCCCGAGTCGTACCCCTG_005,52
TCCCCCGAGTCGTACCCCTG_006,182
TCCCCCGAGTCGTACCCCTG_007,135
TCCCCCGAGTCGTACCCCTG_008,120
TCCCCCGAGTCGTACCCCTG_009,1
TCCCCCGAGTCGTACCCCTG_010,66
TCCCCCGAGTCGTACCCCTG_011,78
TCCCCCGAGTCGTACCCCTG_012,159
GAAAGACTGACATTGACTCA_001,49
GAAAGACTGACATTGACTCA_002,189
GAAAGACTGACATTGACTCA_003,140
GAAAGACTGACATTGACTCA_004,70
GAAAGACTGACATTGACTCA_005,115
GAAAGACTGACATTGACTCA_006,46
GAAAGACTGACATTGACTCA_007,44
GAAAGACTGACATTGACTCA_008,188
GGCTGTACATTCACATACCA_001,58
GGCTGTACATTCACATACCA_002,62
GGCTGTACATTCACATACCA_003,41
GGCTGTACATTCACATACCA_004,132
GGCTGTACATTCACATACCA_005,112
GGCTGTACATTCACATACCA_006,172
GGCTGTACATTCACATACCA_007,199
GGCTGTACATTCACATACCA_008,127
GGCTGTACATTCACATACCA_009,102
GGCTGTACATTCACATACCA_010,84
GGCTGTACATTCACATACCA_011,198
GGCTGTACATTCACATACCA_012,98
GGCTGTACATTCACATACCA_013,97
GGCTGTACATTCACATACCA_014,47
GGCTGTACATTCACATACCA_015,184
GGCTGTACATTCACATACCA_016,17
GGCTGTACATTCACATACCA_017,12
GGCTGTACATTCACATACCA_018,34
GGCTGTACATTCACATACCA_019,49
GGCTGTACATTCACATACCA_020,43
GGCTGTACATTCACATACCA_021,78
GGCTGTACATTCACATACCA_022,144
GGCTGTACATTCACATACCA_023,56
CCTTCAGCAGCACACGCACG_001,127
CCTTCAGCAGCACACGCACG_002,116
CCTTCAGCAGCACACGCACG_003,26
CCTTCAGCAGCACACGCACG_004,12
CCTTCAGCAGCACACGCACG_005,36
CCTTCAGCAGCACACGCACG_006,6
CCTTCAGCAGCACACGCACG_007,7
CCTTCAGCAGCACACGCACG_008,1
CCTTCAGCAGCACACGCACG_009,184
CCTTCAGCAGCACACGCACG_010,17
CCTTCAGCAGCACACGCACG_011,26
CCTTCAGCAGCACACGCACG_012,138
CCTTCAGCAGCACACGCACG_013,77
CCTTCAGCAGCACACGCACG_014,50
CCTTCAGCAGCACACGCACG_015,1
CCTTCAGCAGCACACGCACG_016,81
CCTTCAGCAGCACACGCACG_017,146
CCTTCAGCAGCACACGCACG_018,152
CCTTCAGCAGCACACGCACG_019,11
CCTTCAGCAGCACACGCACG_020,91
GTATGTGATTGGCATCGGAG_001,62
GTATGTGATTGGCATCGGAG_002,124
GTATGTGATTGGCATCGGAG_003,129
GTATGTGATTGGCATCGGAG_004,101
GTATGTGATTGGCATCGGAG_005,44
GTATGTGATTGGCATCGGAG_006,83
GTATGTGATTGGCATCGGAG_007,158
GTATGTGATTGGCATCGGAG_008,62
GTATGTGATTGGCATCGGAG_009,145
GTATGTGATTGGCATCGGAG_010,105
GTATGTGATTGGCATCGGAG_011,56
GTATGTGATTGGCATCGGAG_012,13
GTATGTGATTGGCATCGGAG_013,49
GTATGTGATTGGCATCGGAG_014,34
GTATGTGATTGGCATCGGAG_015,158
GTATGTGATTGGCATCGGAG_016,76
GTATGTGATTGGCATCGGAG_017,18
GTATGTGATTGGCATCGGAG_018,35
GTATGTGATTGGCATCGGAG_019,184
GTATGTGATTGGCATCGGAG_020,41
GTATGTGATTGGCATCGGAG_021,47
GTATGTGATTGGCATCGGAG_022,162
GTATGTGATTGGCATCGGAG_023,145
CTCCCCGTGCCTGATCACTG_001,188
CTCCCCGTGCCTGATCACTG_002,151
CTCCCCGTGCCTGATCACTG_003,99
CTCCCCGTGCCTGATCACTG_004,157
CTCCCCGTGCCTGATCACTG_005,160
CTCCCCGTGCCTGATCACTG_006,58
GGAAAGATGCCACCAATGTG_001,72
GGAAAGATGCCACCAATGTG_002,80
GGAAAGATGCCACCAATGTG_003,150
GGAAAGATGCCACCAATGTG_004,151
GGAAAGATGCCACCAATGTG_005,29
GGAAAGATGCCACCAATGTG_006,139
GGAAAGATGCCACCAATGTG_007,34
GGAAAGATGCCACCAATGTG_008,82
GGAAAGATGCCACCAATGTG_009,188
AGGCGAATAAGGACCTGTCA_001,95
AGGCGAATAAGGACCTGTCA_002,81
AGGCGAATAAGGACCTGTCA_003,72
AGGCGAATAAGGACCTGTCA_004,95
AGGCGAATAAGGACCTGTCA_005,6
AGGCGAATAAGGACCTGTCA_006,115
AGGCGAATAAGGACCTGTCA_007,141
AGGCGAATAAGGACCTGTCA_008,108
AGGCGAATAAGGACCTGTCA_009,161
AGGCGAATAAGGACCTGTCA_010,160
AGGCGAATAAGGACCTGTCA_011,189
AGGCGAATAAGGACCTGTCA_012,1
AGGCGAATAAGGACCTGTCA_013,136
CCTCCTTCCAGGATCCGCTG_001,113
CCTCCTTCCAGGATCCGCTG_002,105
CCTCCTTCCAGGATCCGCTG_003,11
CCTCCTTCCAGGATCCGCTG_004,19
CCTCCTTCCAGGATCCGCTG_005,60
CCTCCTTCCAGGATCCGCTG_006,51
CCTCCTTCCAGGATCCGCTG_007,17
CCTCCTTCCAGGATCCGCTG_008,158
CCTCCTTCCAGGATCCGCTG_009,9
CCTCCTTCCAGGATCCGCTG_010,11
CCTCCTTCCAGGATCCGCTG_011,15
CCTCCTTCCAGGATCCGCTG_012,167
GATCATGAGTGAATACCTGT_001,69
GATCATGAGTGAATACCTGT_002,188
GATCATGAGTGAATACCTGT_003,91
GATCATGAGTGAATACCTGT_004,81
GATCATGAGTGAATACCTGT_005,103
GATCATGAGTGAATACCTGT_006,50
GATCATGAGTGAATACCTGT_007,147
GATCATGAGTGAATACCTGT_008,32
GATCATGAGTGAATACCTGT_009,88
GATCATGAGTGAATACCTGT_010,155
TGGGAGAACAATATCCACTC_001,127
TGGGAGAACAATATCCACTC_002,174
TGGGAGAACAATATCCACTC_003,28
TGGGAGAACAATATCCACTC_004,83
TGGGAGAACAATATCCACTC_005,166
TGGGAGAACAATATCCACTC_006,162
ACAAGGGTGAGGACTAAGTG_001,105
ACAAGGGTGAGGACTAAGTG_002,189
ACAAGGGTGAGGACTAAGTG_003,189
ACAAGGGTGAGGACTAAGTG_004,107
ACAAGGGTGAGGACTAAGTG_005,5
ACAAGGGTGAGGACTAAGTG_006,94
ACAAGGGTGAGGACTAAGTG_007,81
ACAAGGGTGAGGACTAAGTG_008,19
ACAAGGGTGAGGACTAAGTG_009,152
ACAAGGGTGAGGACTAAGTG_010,10
CCTCCCAGGGGAATGAAGTG_001,130
CCTCCCAGGGGAATGAAGTG_002,83
CCTCCCAGGGGAATGAAGTG_003,160
CCTCCCAGGGGAATGAAGTG_004,52
CCTCCCAGGGGAATGAAGTG_005,132
CCTCCCAGGGGAATGAAGTG_006,48
CCTCCCAGGGGAATGAAGTG_007,148
CCTCCCAGGGGAATGAAGTG_008,141
CCTCCCAGGGGAATGAAGTG_009,116
CCTCCCAGGGGAATGAAGTG_010,177
CCTCCCAGGGGAATGAAGTG_011,175
CCTCCCAGGGGAATGAAGTG_012,19
CCTCCCAGGGGAATGAAGTG_013,184
CCTCCCAGGGGAATGAAGTG_014,143
CCTCCCAGGGGAATGAAGTG_015,143
CCTCCCAGGGGAATGAAGTG_016,92
CCTCCCAGGGGAATGAAGTG_017,84
CCTCCCAGGGGAATGAAGTG_018,126
CCTCCCAGGGGAATGAAGTG_019,63
CCTCCCAGGGGAATGAAGTG_020,6
CCTCCCAGGGGAATGAAGTG_021,181
CCTCCCAGGGGAATGAAGTG_022,162
GTGACTTTGGACTGTCCATG_001,9
GTGACTTTGGACTGTCCATG_002,81
GTGACTTTGGACTGTCCATG_003,166
GTGACTTTGGACTGTCCATG_004,67
GTGACTTTGGACTGTCCATG_005,128
GTGACTTTGGACTGTCCATG_006,11
GTGACTTTGGACTGTCCATG_007,19
GTGACTTTGGACTGTCCATG_008,1
GTGACTTTGGACTGTCCATG_009,100
CTTAGTCCAACTGATCACGG_001,185
CTTAGTCCAACTGATCACGG_002,38
CTTAGTCCAACTGATCACGG_003,82
CTTAGTCCAACTGATCACGG_004,145
CTTAGTCCAACTGATCACGG_005,199
CTTAGTCCAACTGATCACGG_006,169
CTTAGTCCAACTGATCACGG_007,34
CTTAGTCCAACTGATCACGG_008,88
CTTAGTCCAACTGATCACGG_009,60
CTTAGTCCAACTGATCACGG_010,19
CTTAGTCCAACTGATCACGG_011,137
CTTAGTCCAACTGATCACGG_012,159
CTTAGTCCAACTGATCACGG_013,116
CTTAGTCCAACTGATCACGG_014,146
CTTAGTCCAACTGATCACGG_015,83
CTTAGTCCAACTGATCACGG_016,13
CTTAGTCCAACTGATCACGG_017,39
CTTAGTCCAACTGATCACGG_018,166
CTTAGTCCAACTGATCACGG_019,120
CTTAGTCCAACTGATCACGG_020,169
CTTAGTCCAACTGATCACGG_021,63
GACACCAGGCTGGACAAGTG_001,199
GACACCAGGCTGGACAAGTG_002,22
GACACCAGGCTGGACAAGTG_003,6
ATCGTCTACTATGAGACCCA_001,132
ATCGTCTACTATGAGACCCA_002,81
ATCGTCTACTATGAGACCCA_003,154
ATCGTCTACTATGAGACCCA_004,60
ATCGTCTACTATGAGACCCA_005,94
ATCGTCTACTATGAGACCCA_006,172
ATCGTCTACTATGAGACCCA_007,15
ATCGTCTACTATGAGACCCA_008,105
ATCGTCTACTATGAGACCCA_009,63
ATCGTCTACTATGAGACCCA_010,138
CCACTTGCCCACCATATGGG_001,185
CCACTTGCCCACCATATGGG_002,150
CCACTTGCCCACCATATGGG_003,19
CCACTTGCCCACCATATGGG_004,20
CCACTTGCCCACCATATGGG_005,67
CCACTTGCCCACCATATGGG_006,175
CCACTTGCCCACCATATGGG_007,49
CGGTAGTTGCACACCACCTG_001,35
CGGTAGTTGCACACCACCTG_002,127
CGGTAGTTGCACACCACCTG_003,119
CGGTAGTTGCACACCACCTG_004,9
CGGTAGTTGCACACCACCTG_005,18
CGGTAGTTGCACACCACCTG_006,196
CGGTAGTTGCACACCACCTG_007,48
CGGTAGTTGCACACCACCTG_008,54
TTCTGAACAGCACTCCAGTG_001,48
TTCTGAACAGCACTCCAGTG_002,160
TTCTGAACAGCACTCCAGTG_003,175
TTCTGAACAGCACTCCAGTG_004,120
TTCTGAACAGCACTCCAGTG_005,75
TTCTGAACAGCACTCCAGTG_006,33
TTCTGAACAGCACTCCAGTG_007,105
TTCTGAACAGCACTCCAGTG_008,172
TTCTGAACAGCACTCCAGTG_009,96
TTCTGAACAGCACTCCAGTG_010,34
CACATCGTCGTGTACCATCG_001,199
CACATCGTCGTGTACCATCG_002,87
CACATCGTCGTGTACCATCG_003,162
CACATCGTCGTGTACCATCG_004,117
CACATCGTCGTGTACCATCG_005,189
CACATCGTCGTGTACCATCG_006,11
CACATCGTCGTGTACCATCG_007,183
TCAGCAAGAATACATCTGGC_001,35
TCAGCAAGAATACATCTGGC_002,8
TCAGCAAGAATACATCTGGC_003,188
AGGTTGAAGCCATAGCCACT_001,119
AGGTTGAAGCCATAGCCACT_002,161
AGGTTGAAGCCATAGCCACT_003,42
AGGTTGAAGCCATAGCCACT_004,8
AGGTTGAAGCCATAGCCACT_005,0
AGGTTGAAGCCATAGCCACT_006,144
AGGTTGAAGCCATAGCCACT_007,117
AGGTTGAAGCCATAGCCACT_008,128
AGGTTGAAGCCATAGCCACT_009,115
AGGTTGAAGCCATAGCCACT_010,158
AGGTTGAAGCCATAGCCACT_011,29
AGGTTGAAGCCATAGCCACT_012,193
AGGTTGAAGCCATAGCCACT_013,107
AGGTTGAAGCCATAGCCACT_014,52
AGGTTGAAGCCATAGCCACT_015,77
AGGTTGAAGCCATAGCCACT_016,55
AGGTTGAAGCCATAGCCACT_017,2
AGGTTGAAGCCATAGCCACT_018,182
AGGTTGAAGCCATAGCCACT_019,9
AGGTTGAAGCCATAGCCACT_020,40
AGGTTGAAGCCATAGCCACT_021,12
AGGTTGAAGCCATAGCCACT_022,122
AGGTTGAAGCCATAGCCACT_023,21
AGGTTGAAGCCATAGCCACT_024,148
AGGTTGAAGCCATAGCCACT_025,74
AGGTTGAAGCCATAGCCACT_026,22
AGGTTGAAGCCATAGCCACT_027,75
AGGTTGAAGCCATAGCCACT_028,99
AGGTTGAAGCCATAGCCACT_029,158
AGGTTGAAGCCATAGCCACT_030,149
AGGTTGAAGCCATAGCCACT_031,166
AGGTTGAAGCCATAGCCACT_032,140
AGGTTGAAGCCATAGCCACT_033,65
AGGTTGAAGCCATAGCCACT_034,148
AGGTTGAAGCCATAGCCACT_035,198
AGGTTGAAGCCATAGCCACT_036,184
AGGTTGAAGCCATAGCCACT_037,92
AGGTTGAAGCCATAGCCACT_038,167
AGGTTGAAGCCATAGCCACT_039,81
AGGTTGAAGCCATAGCCACT_040,174
AGGTTGAAGCCATAGCCACT_041,130
AGGTTGAAGCCATAGCCACT_042,18
AGGTTGAAGCCATAGCCACT_043,181
AGGTTGAAGCCATAGCCACT_044,130
AGGTTGAAGCCATAGCCACT_045,145
AGGTTGAAGCCATAGCCACT_046,136
AGGTTGAAGCCATAGCCACT_047,34
AGGTTGAAGCCATAGCCACT_048,138
AGGTTGAAGCCATAGCCACT_049,125
AGGTTGAAGCCATAGCCACT_050,133
AGGTTGAAGCCATAGCCACT_051,121
AGGTTGAAGCCATAGCCACT_052,43
AGGTTGAAGCCATAGCCACT_053,48
AGGTTGAAGCCATAGCCACT_054,190
AGGTTGAAGCCATAGCCACT_055,145
AGGTTGAAGCCATAGCCACT_056,34
AGGTTGAAGCCATAGCCACT_057,141
AGGTTGAAGCCATAGCCACT_058,65
AGGTTGAAGCCATAGCCACT_059,115
AGGTTGAAGCCATAGCCACT_060,142
AGGTTGAAGCCATAGCCACT_061,124
AGGTTGAAGCCATAGCCACT_062,196
AGGTTGAAGCCATAGCCACT_063,29
AGGTTGAAGCCATAGCCACT_064,193
AGGTTGAAGCCATAGCCACT_065,1
AGGTTGAAGCCATAGCCACT_066,137
AGGTTGAAGCCATAGCCACT_067,15
GATGCTGACAGTTATTGGTG_001,93
GATGCTGACAGTTATTGGTG_002,186
GATGCTGACAGTTATTGGTG_003,102
GATGCTGACAGTTATTGGTG_004,169
GATGCTGACAGTTATTGGTG_005,47
GATGCTGACAGTTATTGGTG_006,157
GATGCTGACAGTTATTGGTG_007,168
GATGCTGACAGTTATTGGTG_008,182
GATGCTGACAGTTATTGGTG_009,43
GATGCTGACAGTTATTGGTG_010,149
TGCTGATTGTATGTAGACAG_001,78
TGCTGATTGTATGTAGACAG_002,107
CCAGGGACACTGGAAGATCG_001,188
CCAGGGACACTGGAAGATCG_002,188
CCAGGGACACTGGAAGATCG_003,115
CCAGGGACACTGGAAGATCG_004,192
CCAGGGACACTGGAAGATCG_005,21
CCAGGGACACTGGAAGATCG_006,77
CCAGGGACACTGGAAGATCG_007,127
CCAGGGACACTGGAAGATCG_008,197
CCAGGGACACTGGAAGATCG_009,169
AGAGGAAGGTCCAGCCATGG_001,114
AGAGGAAGGTCCAGCCATGG_002,148
AGAGGAAGGTCCAGCCATGG_003,50
AGAGGAAGGTCCAGCCATGG_004,151
AGAGGAAGGTCCAGCCATGG_005,137
AGAGGAAGGTCCAGCCATGG_006,108
AGAGGAAGGTCCAGCCATGG_007,113
AGAGGAAGGTCCAGCCATGG_008,168
AGAGGAAGGTCCAGCCATGG_009,15
AGAGGAAGGTCCAGCCATGG_010,109
AGAGGAAGGTCCAGCCATGG_011,151
AGAGGAAGGTCCAGCCATGG_012,83
AGAGGAAGGTCCAGCCATGG_013,88
AGAGGAAGGTCCAGCCATGG_014,0
AGAGGAAGGTCCAGCCATGG_015,89
ACAGATGCTCAAACTAACGA_001,147
ACAGATGCTCAAACTAACGA_002,172
ACAGATGCTCAAACTAACGA_003,80
ACAGATGCTCAAACTAACGA_004,41
ACAGATGCTCAAACTAACGA_005,68
ACAGATGCTCAAACTAACGA_006,150
ACAGATGCTCAAACTAACGA_007,197
ACAGATGCTCAAACTAACGA_008,52
ACAGATGCTCAAACTAACGA_009,162
ACAGATGCTCAAACTAACGA_010,36
ACAGATGCTCAAACTAACGA_011,178
ACAGATGCTCAAACTAACGA_012,184
ACAGATGCTCAAACTAACGA_013,17
CATGCCAGAGGAGATGCGCG_001,42
CATGCCAGAGGAGATGCGCG_002,54
CATGCCAGAGGAGATGCGCG_003,12
CATGCCAGAGGAGATGCGCG_004,140
CATGCCAGAGGAGATGCGCG_005,10
CATGCCAGAGGAGATGCGCG_006,26
CATGCCAGAGGAGATGCGCG_007,118
CATGCCAGAGGAGATGCGCG_008,77
CATGCCAGAGGAGATGCGCG_009,68
CATGCCAGAGGAGATGCGCG_010,20
CATGCCAGAGGAGATGCGCG_011,20
CATGCCAGAGGAGATGCGCG_012,183
CATGCCAGAGGAGATGCGCG_013,76
CATGCCAGAGGAGATGCGCG_014,169
CATGCCAGAGGAGATGCGCG_015,16
CCCTGCTGCTGGACGCACTG_001,69
CCCTGCTGCTGGACGCACTG_002,50
CCCTGCTGCTGGACGCACTG_003,29
CCCTGCTGCTGGACGCACTG_004,9
CCCTGCTGCTGGACGCACTG_005,58
CCCTGCTGCTGGACGCACTG_006,40
CCCTGCTGCTGGACGCACTG_007,163
TCTACCATGAGAAACAGCGC_001,55
TCTACCATGAGAAACAGCGC_002,192
TCTACCATGAGAAACAGCGC_003,77
TCTACCATGAGAAACAGCGC_004,152
TCTACCATGAGAAACAGCGC_005,128
TCTACCATGAGAAACAGCGC_006,42
GCAGCTGGACAGCATCGTCG_001,16
TTTCTATTGACCGATTGCAA_001,148
TTTCTATTGACCGATTGCAA_002,127
TTTCTATTGACCGATTGCAA_003,166
TTTCTATTGACCGATTGCAA_004,7
TTTCTATTGACCGATTGCAA_005,177
TTTCTATTGACCGATTGCAA_006,106
TTTCTATTGACCGATTGCAA_007,75
TTTCTATTGACCGATTGCAA_008,23
TTTCTATTGACCGATTGCAA_009,4
TTTCTATTGACCGATTGCAA_010,148
GCAGTCCTACCTTTAAACAG_001,51
GCAGTCCTACCTTTAAACAG_002,199
GCAGTCCTACCTTTAAACAG_003,103
GCAGTCCTACCTTTAAACAG_004,2
GCAGTCCTACCTTTAAACAG_005,86
GCAGTCCTACCTTTAAACAG_006,30
GCAGTCCTACCTTTAAACAG_007,88
GCAGTCCTACCTTTAAACAG_008,49
GCAGTCCTACCTTTAAACAG_009,121
GTATCCCAGATAGAAGCTCG_001,160
GTATCCCAGATAGAAGCTCG_002,103
GTATCCCAGATAGAAGCTCG_003,190
GTATCCCAGATAGAAGCTCG_004,88
GTATCCCAGATAGAAGCTCG_005,70
GTATCCCAGATAGAAGCTCG_006,72
GTATCCCAGATAGAAGCTCG_007,50
GTATCCCAGATAGAAGCTCG_008,105
GTATCCCAGATAGAAGCTCG_009,4
GTATCCCAGATAGAAGCTCG_010,130
GTATCCCAGATAGAAGCTCG_011,77
GTATCCCAGATAGAAGCTCG_012,121
GTATCCCAGATAGAAGCTCG_013,151
GTATCCCAGATAGAAGCTCG_014,190
GTATCCCAGATAGAAGCTCG_015,158
GTATCCCAGATAGAAGCTCG_016,127
GTATCCCAGATAGAAGCTCG_017,83
CTTGGACAACTGGTAGTCGT_001,28
CTTGGACAACTGGTAGTCGT_002,48
CTTGGACAACTGGTAGTCGT_003,182
CAAGTGTTGTACTCACCATG_001,127
CAAGTGTTGTACTCACCATG_002,33
CAAGTGTTGTACTCACCATG_003,158
CAAGTGTTGTACTCACCATG_004,62
CAAGTGTTGTACTCACCATG_005,166
CAAGTGTTGTACTCACCATG_006,9
CAAGTGTTGTACTCACCATG_007,35
CAAGTGTTGTACTCACCATG_008,127
CAAGTGTTGTACTCACCATG_009,175
CAAGTGTTGTACTCACCATG_010,182
CAAGTGTTGTACTCACCATG_011,75
CAAGTGTTGTACTCACCATG_012,39
CAAGTGTTGTACTCACCATG_013,6
TGAAGGCAAATACCTATGTG_001,3
TGAAGGCAAATACCTATGTG_002,166
TGAAGGCAAATACCTATGTG_003,46
GATAAGAAATCCAAGGCTCG_001,77
GATAAGAAATCCAAGGCTCG_002,4
GATAAGAAATCCAAGGCTCG_003,46
GATAAGAAATCCAAGGCTCG_004,138
GCTGAAGCAGACGTTTGACG_001,48
GCTGAAGCAGACGTTTGACG_002,8
GCTGAAGCAGACGTTTGACG_003,8
GCTGAAGCAGACGTTTGACG_004,83
GGGGCCTAGTCCTCTAAACA_001,94
GGGGCCTAGTCCTCTAAACA_002,137
GGGGCCTAGTCCTCTAAACA_003,162
GGGGCCTAGTCCTCTAAACA_004,5
TAAATACTACATAGCCACGA_001,103
TAAATACTACATAGCCACGA_002,56
TAAATACTACATAGCCACGA_003,85
TAAATACTACATAGCCACGA_004,68
TCCATTAAAGAAACGGACTC_001,112
TCCATTAAAGAAACGGACTC_002,62
TCCATTAAAGAAACGGACTC_003,71
ACCACAACTTGAGTGGGAGT_001,77
GGAGCGTGGATAATAACTGA_001,68
GGAGCGTGGATAATAACTGA_002,166
GGAGCGTGGATAATAACTGA_003,188
GGAGCGTGGATAATAACTGA_004,130
GGAGCGTGGATAATAACTGA_005,15
TGGAAGTTCGCAAACAGCAC_001,55
TGGAAGTTCGCAAACAGCAC_002,36
TGGAAGTTCGCAAACAGCAC_003,133
TGGAAGTTCGCAAACAGCAC_004,27
TGGAAGTTCGCAAACAGCAC_005,77
TGGAAGTTCGCAAACAGCAC_006,13
TGGAAGTTCGCAAACAGCAC_007,56
TGGAAGTTCGCAAACAGCAC_008,70
TGGAAGTTCGCAAACAGCAC_009,63
TGGAAGTTCGCAAACAGCAC_010,33
ATCAGCGCCAGGGACTCGGT_001,145
ATCAGCGCCAGGGACTCGGT_002,144
ATCAGCGCCAGGGACTCGGT_003,129
ATCAGCGCCAGGGACTCGGT_004,81
ATCAGCGCCAGGGACTCGGT_005,140
ATCAGCGCCAGGGACTCGGT_006,145
ATCAGCGCCAGGGACTCGGT_007,137
CGCGCAGCGAGAGGTCGTTG_001,124
CGCGCAGCGAGAGGTCGTTG_002,12
GGGAGTTGAATCAGGCCGTG_001,96
GGGAGTTGAATCAGGCCGTG_002,23
GGGAGTTGAATCAGGCCGTG_003,31
GGGAGTTGAATCAGGCCGTG_004,70
GGGAGTTGAATCAGGCCGTG_005,44
GGGAGTTGAATCAGGCCGTG_006,198
GGGAGTTGAATCAGGCCGTG_007,177
GGGAGTTGAATCAGGCCGTG_008,15
GGGAGTTGAATCAGGCCGTG_009,6
GGGAGTTGAATCAGGCCGTG_010,33
GGGAGTTGAATCAGGCCGTG_011,78
GGGAGTTGAATCAGGCCGTG_012,100
GGGAGTTGAATCAGGCCGTG_013,131
GGGAGTTGAATCAGGCCGTG_014,93
GGGAGTTGAATCAGGCCGTG_015,169
GGGAGTTGAATCAGGCCGTG_016,172
GGGAGTTGAATCAGGCCGTG_017,188
GGGAGTTGAATCAGGCCGTG_018,177
GGGAGTTGAATCAGGCCGTG_019,3
GGGAGTTGAATCAGGCCGTG_020,188
GGGAGTTGAATCAGGCCGTG_021,78
TCTGTGAGGCTCTCTAGTGG_001,141
TCTGTGAGGCTCTCTAGTGG_002,5
AGCGCGATGTACGAGGAGGG_001,77
AGCGCGATGTACGAGGAGGG_002,30
AGCGCGATGTACGAGGAGGG_003,161
AGCGCGATGTACGAGGAGGG_004,63
AGCGCGATGTACGAGGAGGG_005,113
AGCGCGATGTACGAGGAGGG_006,113
AGCGCGATGTACGAGGAGGG_007,156
AGCGCGATGTACGAGGAGGG_008,108
AGCGCGATGTACGAGGAGGG_009,6
AGCGCGATGTACGAGGAGGG_010,71
AGCGCGATGTACGAGGAGGG_011,144
AGCGCGATGTACGAGGAGGG_012,108
AGCGCGATGTACGAGGAGGG_013,134
TGTGCCAATACGATCAAGTG_001,33
TGTGCCAATACGATCAAGTG_002,36
TGTGCCAATACGATCAAGTG_003,37
GATGGTCCTTCCATCTACCG_001,191
GATGGTCCTTCCATCTACCG_002,145
GATGGTCCTTCCATCTACCG_003,94
GATGGTCCTTCCATCTACCG_004,20
GATGGTCCTTCCATCTACCG_005,46
GATGGTCCTTCCATCTACCG_006,107
GATGGTCCTTCCATCTACCG_007,94
GATGGTCCTTCCATCTACCG_008,116
GATGGTCCTTCCATCTACCG_009,75
GATGGTCCTTCCATCTACCG_010,26
TTCAGACAGACTACTGACAG_001,115
TTCAGACAGACTACTGACAG_002,191
TTCAGACAGACTACTGACAG_003,50
TTCAGACAGACTACTGACAG_004,8
TTCAGACAGACTACTGACAG_005,173
TTCAGACAGACTACTGACAG_006,57
AAGCACCAGATCATGCACCG_001,8
AAGCACCAGATCATGCACCG_002,117
AAGCACCAGATCATGCACCG_003,169
AAGCACCAGATCATGCACCG_004,169
AAGCACCAGATCATGCACCG_005,69
AAGCACCAGATCATGCACCG_006,150
AAGCACCAGATCATGCACCG_007,38
AAGCACCAGATCATGCACCG_008,106
AAGCACCAGATCATGCACCG_009,102
TTCTGATAAGGGATACTCTG_001,48
TTCTGATAAGGGATACTCTG_002,102
TTCTGATAAGGGATACTCTG_003,25
TTCTGATAAGGGATACTCTG_004,182
TTCTGATAAGGGATACTCTG_005,61
CTGCAGCAGTCGGTGACGCT_001,152
CTGCAGCAGTCGGTGACGCT_002,124
CTGCAGCAGTCGGTGACGCT_003,106
GATCAACGCTGACCAACTGG_001,84
GATCAACGCTGACCAACTGG_002,8
GATCAACGCTGACCAACTGG_003,97
GATCAACGCTGACCAACTGG_004,83
GATCAACGCTGACCAACTGG_005,154
GATCAACGCTGACCAACTGG_006,126
AACACCAAGACTTCCCCAAG_001,82
AACACCAAGACTTCCCCAAG_002,116
AACACCAAGACTTCCCCAAG_003,29
AACACCAAGACTTCCCCAAG_004,188
AACACCAAGACTTCCCCAAG_005,62
AACACCAAGACTTCCCCAAG_006,138
AACACCAAGACTTCCCCAAG_007,24
AACACCAAGACTTCCCCAAG_008,31
AACACCAAGACTTCCCCAAG_009,98
AACACCAAGACTTCCCCAAG_010,147
AACACCAAGACTTCCCCAAG_011,116
AACACCAAGACTTCCCCAAG_012,58
AACACCAAGACTTCCCCAAG_013,108
AACACCAAGACTTCCCCAAG_014,70
AACACCAAGACTTCCCCAAG_015,140
AACACCAAGACTTCCCCAAG_016,120
AACACCAAGACTTCCCCAAG_017,161
AACACCAAGACTTCCCCAAG_018,141
AACACCAAGACTTCCCCAAG_019,75
AACACCAAGACTTCCCCAAG_020,106
AACACCAAGACTTCCCCAAG_021,49
AGACAAACCGTTGGACCGCG_001,11
AGACAAACCGTTGGACCGCG_002,177
AGACAAACCGTTGGACCGCG_003,96
AGACAAACCGTTGGACCGCG_004,145
AGACAAACCGTTGGACCGCG_005,107
AGACAAACCGTTGGACCGCG_006,116
AGACAAACCGTTGGACCGCG_007,58
AGACAAACCGTTGGACCGCG_008,29
AGACAAACCGTTGGACCGCG_009,145
AGACAAACCGTTGGACCGCG_010,12
AGACAAACCGTTGGACCGCG_011,133
AGACAAACCGTTGGACCGCG_012,46
AGACAAACCGTTGGACCGCG_013,178
AGACAAACCGTTGGACCGCG_014,18
AGACAAACCGTTGGACCGCG_015,63
AGACAAACCGTTGGACCGCG_016,126
AGACAAACCGTTGGACCGCG_017,34
AGACAAACCGTTGGACCGCG_018,162
AGACAAACCGTTGGACCGCG_019,74
AGACAAACCGTTGGACCGCG_020,144
AGACAAACCGTTGGACCGCG_021,137
AGACAAACCGTTGGACCGCG_022,106
AGACAAACCGTTGGACCGCG_023,34
AGACAAACCGTTGGACCGCG_024,22
ACAGCCCATCTGTGAACACA_001,41
ACAGCCCATCTGTGAACACA_002,169
ACAGCCCATCTGTGAACACA_003,48
ACAGCCCATCTGTGAACACA_004,132
ACAGCCCATCTGTGAACACA_005,191
CAAAGTCTGGCGTCCCACAA_001,96
CAAAGTCTGGCGTCCCACAA_002,169
CAAAGTCTGGCGTCCCACAA_003,174
CAAAGTCTGGCGTCCCACAA_004,2
CAAAGTCTGGCGTCCCACAA_005,28
CAAAGTCTGGCGTCCCACAA_006,188
CAAAGTCTGGCGTCCCACAA_007,8
CAAAGTCTGGCGTCCCACAA_008,170
CAAAGTCTGGCGTCCCACAA_009,28
CAAAGTCTGGCGTCCCACAA_010,106
CAAGGCCAAAAACCTAATTG_001,111
CAAGGCCAAAAACCTAATTG_002,68
CAAGGCCAAAAACCTAATTG_003,29
CAAGGCCAAAAACCTAATTG_004,78
CCCCATGGCTCGCTCCCATG_001,147
CCCCATGGCTCGCTCCCATG_002,15
CCCCATGGCTCGCTCCCATG_003,105
CCCCATGGCTCGCTCCCATG_004,75
CCCCATGGCTCGCTCCCATG_005,144
CCCCATGGCTCGCTCCCATG_006,88
CCCCATGGCTCGCTCCCATG_007,145
CCCCATGGCTCGCTCCCATG_008,196
CCCCATGGCTCGCTCCCATG_009,25
CCCCATGGCTCGCTCCCATG_010,21
CCCCATGGCTCGCTCCCATG_011,161
CCCCATGGCTCGCTCCCATG_012,131
CCCCATGGCTCGCTCCCATG_013,144
CCCCATGGCTCGCTCCCATG_014,151
CCCCATGGCTCGCTCCCATG_015,146
CCCCATGGCTCGCTCCCATG_016,162
CCCCATGGCTCGCTCCCATG_017,83
CCCCATGGCTCGCTCCCATG_018,154
CCCCATGGCTCGCTCCCATG_019,192
CCTACATCAAGACCCCAGTG_001,160
CCTACATCAAGACCCCAGTG_002,48
CCTACATCAAGACCCCAGTG_003,102
CCTACATCAAGACCCCAGTG_004,106
CCTACATCAAGACCCCAGTG_005,3
CCTACATCAAGACCCCAGTG_006,137
CCTACATCAAGACCCCAGTG_007,88
CCTACATCAAGACCCCAGTG_008,197
CCTACATCAAGACCCCAGTG_009,174
CCTACATCAAGACCCCAGTG_010,50
CCTACATCAAGACCCCAGTG_011,15
CCTACATCAAGACCCCAGTG_012,127
CCTACATCAAGACCCCAGTG_013,37
CCTACATCAAGACCCCAGTG_014,7
CCTACATCAAGACCCCAGTG_015,66
CCTACATCAAGACCCCAGTG_016,33
CCTACATCAAGACCCCAGTG_017,42
CCTACATCAAGACCCCAGTG_018,158
ACACACACACTTGTCTGCGT_001,21
ACACACACACTTGTCTGCGT_002,78
ACACACACACTTGTCTGCGT_003,169
ACACACACACTTGTCTGCGT_004,149
ACACACACACTTGTCTGCGT_005,103
ACACACACACTTGTCTGCGT_006,130
ACACACACACTTGTCTGCGT_007,157
ACACACACACTTGTCTGCGT_008,41
ACACACACACTTGTCTGCGT_009,2
ACACACACACTTGTCTGCGT_010,5
ACACACACACTTGTCTGCGT_011,48
ACACACACACTTGTCTGCGT_012,113
CCTCATCATGCAGATCGCCG_001,127
CCTCATCATGCAGATCGCCG_002,68
CCTCATCATGCAGATCGCCG_003,29
CCTCATCATGCAGATCGCCG_004,91
CCTCATCATGCAGATCGCCG_005,152
CCTCATCATGCAGATCGCCG_006,184
CCTCATCATGCAGATCGCCG_007,164
CCTCATCATGCAGATCGCCG_008,44
CCTCATCATGCAGATCGCCG_009,196
CCTCATCATGCAGATCGCCG_010,144
CGTGAGCAACTTACCCAGCG_001,82
CGTGAGCAACTTACCCAGCG_002,170
CGTGAGCAACTTACCCAGCG_003,82
CACCGTCACCGCGAACAGCG_001,63
AAGTGCACAAGAAAACATCG_001,173
AAGTGCACAAGAAAACATCG_002,86
AAGTGCACAAGAAAACATCG_003,89
AAGTGCACAAGAAAACATCG_004,17
AAGTGCACAAGAAAACATCG_005,128
AAGTGCACAAGAAAACATCG_006,160
AAGTGCACAAGAAAACATCG_007,174
AAGTGCACAAGAAAACATCG_008,68
AAGTGCACAAGAAAACATCG_009,87
AAGTGCACAAGAAAACATCG_010,199
GAACTTGACGGACTTAGGGG_001,106
GAACTTGACGGACTTAGGGG_002,32
GAACTTGACGGACTTAGGGG_003,184
GATGGCCTCGACCGAGAAAG_001,53
GATGGCCTCGACCGAGAAAG_002,148
GATGGCCTCGACCGAGAAAG_003,192
GATGGCCTCGACCGAGAAAG_004,48
GATGGCCTCGACCGAGAAAG_005,10
GATGGCCTCGACCGAGAAAG_006,39
GATGGCCTCGACCGAGAAAG_007,39
GATGGCCTCGACCGAGAAAG_008,1
GATGGCCTCGACCGAGAAAG_009,197
ACAGGGCCTCTGATTCGCGC_001,64
ACAGGGCCTCTGATTCGCGC_002,29
ACAGGGCCTCTGATTCGCGC_003,158
ACAGGGCCTCTGATTCGCGC_004,28
ACAGGGCCTCTGATTCGCGC_005,174
ACAGGGCCTCTGATTCGCGC_006,86
ACAGGGCCTCTGATTCGCGC_007,168
ACAGGGCCTCTGATTCGCGC_008,71
GGCAACAGAACAAGGATCAG_001,133
GGCAACAGAACAAGGATCAG_002,94
GGCAACAGAACAAGGATCAG_003,1
GGCAACAGAACAAGGATCAG_004,43
GGCAACAGAACAAGGATCAG_005,6
GGCAACAGAACAAGGATCAG_006,47
GGCAACAGAACAAGGATCAG_007,47
GGCAACAGAACAAGGATCAG_008,128
GGCAACAGAACAAGGATCAG_009,50
GGCAACAGAACAAGGATCAG_010,149
GGCAACAGAACAAGGATCAG_011,28
GGCAACAGAACAAGGATCAG_012,102
GGCAACAGAACAAGGATCAG_013,117
GGACCAATTAGAATTCACGG_001,46
GGACCAATTAGAATTCACGG_002,184
GGACCAATTAGAATTCACGG_003,33
GGACCAATTAGAATTCACGG_004,96
GGACCAATTAGAATTCACGG_005,105
GGACCAATTAGAATTCACGG_006,63
GGACCAATTAGAATTCACGG_007,116
GGACCAATTAGAATTCACGG_008,182
TACCCACAAGTGCCAAGTAG_001,191
TACCCACAAGTGCCAAGTAG_002,175
TACCCACAAGTGCCAAGTAG_003,13
TACCCACAAGTGCCAAGTAG_004,70
TACCCACAAGTGCCAAGTAG_005,185
TACCCACAAGTGCCAAGTAG_006,62
TACCCACAAGTGCCAAGTAG_007,136
TACCCACAAGTGCCAAGTAG_008,52
CTCCTGTTGAGAGATAACAC_001,6
CTCCTGTTGAGAGATAACAC_002,47
CTCCTGTTGAGAGATAACAC_003,52
AGGTGGTGCGCCATGCCCAG_001,100
AGGTGGTGCGCCATGCCCAG_002,97
AGGTGGTGCGCCATGCCCAG_003,121
AGGTGGTGCGCCATGCCCAG_004,81
AGGTGGTGCGCCATGCCCAG_005,175
AGGTGGTGCGCCATGCCCAG_006,82
AGGTGGTGCGCCATGCCCAG_007,98
AGGTGGTGCGCCATGCCCAG_008,182
AGGTGGTGCGCCATGCCCAG_009,16
AGGTGGTGCGCCATGCCCAG_010,76
AGGTGGTGCGCCATGCCCAG_011,62
AGGTGGTGCGCCATGCCCAG_012,62
AGGTGGTGCGCCATGCCCAG_013,88
AGGTGGTGCGCCATGCCCAG_014,52
AGGTGGTGCGCCATGCCCAG_015,3
CATGTGTTTGAAATGAGTTG_001,159
CATGTGTTTGAAATGAGTTG_002,30
CATGTGTTTGAAATGAGTTG_003,1
CATGTGTTTGAAATGAGTTG_004,32
CATGTGTTTGAAATGAGTTG_005,152
GCATACTTACCTAAAAACAA_001,27
GCATACTTACCTAAAAACAA_002,10
CAGGCGAGATGCACACGCCA_001,8
CAGGCGAGATGCACACGCCA_002,56
CAGGCGAGATGCACACGCCA_003,37
CAGGCGAGATGCACACGCCA_004,118
CAGGCGAGATGCACACGCCA_005,4
CAGGCGAGATGCACACGCCA_006,137
CAGGCGAGATGCACACGCCA_007,3
CAGGCGAGATGCACACGCCA_008,184
CAGGCGAGATGCACACGCCA_009,72
CAGGCGAGATGCACACGCCA_010,16
CAGGCGAGATGCACACGCCA_011,42
CAGGCGAGATGCACACGCCA_012,190
CAGGCGAGATGCACACGCCA_013,186
CAGGCGAGATGCACACGCCA_014,107
CAGGCGAGATGCACACGCCA_015,106
CAGGCGAGATGCACACGCCA_016,173
CAGGCGAGATGCACACGCCA_017,173
CAGGCGAGATGCACACGCCA_018,82
TCGGCTAACTCCATAAACTG_001,110
TCGGCTAACTCCATAAACTG_002,130
TCGGCTAACTCCATAAACTG_003,158
TCGGCTAACTCCATAAACTG_004,143
TCGGCTAACTCCATAAACTG_005,185
TCGGCTAACTCCATAAACTG_006,122
TCGGCTAACTCCATAAACTG_007,72
GAACCTCCTGGCGTTCTACG_001,146
GAACCTCCTGGCGTTCTACG_002,166
GAACCTCCTGGCGTTCTACG_003,1
GAACCTCCTGGCGTTCTACG_004,69
GAACCTCCTGGCGTTCTACG_005,91
GACCAAGCAGCTGACCCGTG_001,150
GACCAAGCAGCTGACCCGTG_002,58
GACCAAGCAGCTGACCCGTG_003,103
GAAGACACGGTAAACCAGCA_001,19
GAAGACACGGTAAACCAGCA_002,12
GAAGACACGGTAAACCAGCA_003,142
GAAGACACGGTAAACCAGCA_004,53
GAAGACACGGTAAACCAGCA_005,19
GAAGACACGGTAAACCAGCA_006,146
GAAGACACGGTAAACCAGCA_007,191
GCTCCTCCGATGATCAGGTG_001,130
GCTCCTCCGATGATCAGGTG_002,147
GCTCCTCCGATGATCAGGTG_003,117
GCTCCTCCGATGATCAGGTG_004,127
GCTCCTCCGATGATCAGGTG_005,180
GCTCCTCCGATGATCAGGTG_006,172
GCTCCTCCGATGATCAGGTG_007,199
GCTCCTCCGATGATCAGGTG_008,75
GCTCCTCCGATGATCAGGTG_009,98
GCTCCTCCGATGATCAGGTG_010,131
GCTCCTCCGATGATCAGGTG_011,136
GCTCCTCCGATGATCAGGTG_012,179
ACAATGCAACATCCGGAATG_001,82
ACAATGCAACATCCGGAATG_002,160
ACAATGCAACATCCGGAATG_003,73
ACAATGCAACATCCGGAATG_004,12
TCGTTTCCTGAACCCCGATG_001,175
TCGTTTCCTGAACCCCGATG_002,17
TCGTTTCCTGAACCCCGATG_003,121
TCGTTTCCTGAACCCCGATG_004,18
TCGTTTCCTGAACCCCGATG_005,197
CAGGACGGATATTTACACAG_001,23
CAGGACGGATATTTACACAG_002,157
CAGGACGGATATTTACACAG_003,16
CAGGACGGATATTTACACAG_004,126
CAGGACGGATATTTACACAG_005,36
CAGGACGGATATTTACACAG_006,147
GCTGCTGGGACGCATAGTGC_001,154
GCTGCTGGGACGCATAGTGC_002,44
GCTGCTGGGACGCATAGTGC_003,161
AGCTGCCAGACTAGCTTCTG_001,81
AGCTGCCAGACTAGCTTCTG_002,78
AGCTGCCAGACTAGCTTCTG_003,32
AGCTGCCAGACTAGCTTCTG_004,69
AGCTGCCAGACTAGCTTCTG_005,103
AGCTGCCAGACTAGCTTCTG_006,197
AGCTGCCAGACTAGCTTCTG_007,82
AGCTGCCAGACTAGCTTCTG_008,76
AGCTGCCAGACTAGCTTCTG_009,53
AGCTGCCAGACTAGCTTCTG_010,194
AGCTGCCAGACTAGCTTCTG_011,19
AGCTGCCAGACTAGCTTCTG_012,199
AGCTGCCAGACTAGCTTCTG_013,163
AGCTGCCAGACTAGCTTCTG_014,159
AGCTGCCAGACTAGCTTCTG_015,62
AGCTGCCAGACTAGCTTCTG_016,191
AGCTGCCAGACTAGCTTCTG_017,125
AGCTGCCAGACTAGCTTCTG_018,106
AGCTGCCAGACTAGCTTCTG_019,115
AGCTGCCAGACTAGCTTCTG_020,15
AGCTGCCAGACTAGCTTCTG_021,28
AGCTGCCAGACTAGCTTCTG_022,124
CTGGTCTCTGTCCGCTGATA_001,181
CTGGTCTCTGTCCGCTGATA_002,127
CTGGTCTCTGTCCGCTGATA_003,130
CTGGTCTCTGTCCGCTGATA_004,156
CTGGTCTCTGTCCGCTGATA_005,1
CTGGTCTCTGTCCGCTGATA_006,169
CTGGTCTCTGTCCGCTGATA_007,69
CTGGTCTCTGTCCGCTGATA_008,68
AGCACTATAGCCTCGTTCAG_001,81
AGCACTATAGCCTCGTTCAG_002,109
AGCACTATAGCCTCGTTCAG_003,193
AGCACTATAGCCTCGTTCAG_004,133
AGCACTATAGCCTCGTTCAG_005,64
AGCACTATAGCCTCGTTCAG_006,26
AGCACTATAGCCTCGTTCAG_007,115
AGCACTATAGCCTCGTTCAG_008,102
AGCACTATAGCCTCGTTCAG_009,62
AGCACTATAGCCTCGTTCAG_010,94
AGCACTATAGCCTCGTTCAG_011,130
AGCACTATAGCCTCGTTCAG_012,117
AGCACTATAGCCTCGTTCAG_013,43
AGCACTATAGCCTCGTTCAG_014,149
AGCACTATAGCCTCGTTCAG_015,141
AGCACTATAGCCTCGTTCAG_016,3
AGCACTATAGCCTCGTTCAG_017,55
ATCAAAACAGTTGAATTACA_001,127
ATCAAAACAGTTGAATTACA_002,73
CAGCAGTACCTGTATTTGGG_001,75
CAGCAGTACCTGTATTTGGG_002,137
CAGCAGTACCTGTATTTGGG_003,156
AGAGGTCAGAGCGCAAAAAG_001,4
AGAGGTCAGAGCGCAAAAAG_002,105
AGAGGTCAGAGCGCAAAAAG_003,40
AGAGGTCAGAGCGCAAAAAG_004,129
AGAGGTCAGAGCGCAAAAAG_005,38
AGAGGTCAGAGCGCAAAAAG_006,8
AGAGGTCAGAGCGCAAAAAG_007,132
AGAGGTCAGAGCGCAAAAAG_008,132
AGAGGTCAGAGCGCAAAAAG_009,38
AGAGGTCAGAGCGCAAAAAG_010,178
AGAGGTCAGAGCGCAAAAAG_011,188
AGAGGTCAGAGCGCAAAAAG_012,55
AGAGGTCAGAGCGCAAAAAG_013,56
AGAGGTCAGAGCGCAAAAAG_014,188
AGAGGTCAGAGCGCAAAAAG_015,6
AGAGGTCAGAGCGCAAAAAG_016,108
GATGCTGAGTGGCATTCCTG_001,77
GATGCTGAGTGGCATTCCTG_002,41
GATGCTGAGTGGCATTCCTG_003,53
GATGCTGAGTGGCATTCCTG_004,176
GATGCTGAGTGGCATTCCTG_005,33
GATGCTGAGTGGCATTCCTG_006,183
GATGCTGAGTGGCATTCCTG_007,29
GATGCTGAGTGGCATTCCTG_008,124
GATGCTGAGTGGCATTCCTG_009,106
GATGCTGAGTGGCATTCCTG_010,137
TGGTCATTCACCAGTTCCTC_001,144
TGGTCATTCACCAGTTCCTC_002,185
TGGTCATTCACCAGTTCCTC_003,25
TGGTCATTCACCAGTTCCTC_004,15
TGGTCATTCACCAGTTCCTC_005,94
TGGTCATTCACCAGTTCCTC_006,12
TGGTCATTCACCAGTTCCTC_007,158
TGGTCATTCACCAGTTCCTC_008,14
TGGTCATTCACCAGTTCCTC_009,63
TGGTCATTCACCAGTTCCTC_010,148
TGGTCATTCACCAGTTCCTC_011,152
TGGTCATTCACCAGTTCCTC_012,81
TTGTTTCTTATAGGCTGAAG_001,57
TTGTTTCTTATAGGCTGAAG_002,161
GGCAGGCAGTGGTCATGAAG_001,11
GGCAGGCAGTGGTCATGAAG_002,190
GGCAGGCAGTGGTCATGAAG_003,191
GGCAGGCAGTGGTCATGAAG_004,81
GGCAGGCAGTGGTCATGAAG_005,119
GGCAGGCAGTGGTCATGAAG_006,1
GGCAGGCAGTGGTCATGAAG_007,162
GGCAGGCAGTGGTCATGAAG_008,122
GGCAGGCAGTGGTCATGAAG_009,146
GGCAGGCAGTGGTCATGAAG_010,43
AGATGGGTTGATATAAGCCA_001,82
AGATGGGTTGATATAAGCCA_002,20
AGATGGGTTGATATAAGCCA_003,47
AGATGGGTTGATATAAGCCA_004,146
AGATGGGTTGATATAAGCCA_005,176
AGATGGGTTGATATAAGCCA_006,8
AGATGGGTTGATATAAGCCA_007,149
AGATGGGTTGATATAAGCCA_008,119
AGATGGGTTGATATAAGCCA_009,15
AGATGGGTTGATATAAGCCA_010,169
AGATGGGTTGATATAAGCCA_011,17
AGATGGGTTGATATAAGCCA_012,10
AGATGGGTTGATATAAGCCA_013,77
GTCATCACTGCTGCTCACTG_001,48
GTCATCACTGCTGCTCACTG_002,183
GTCATCACTGCTGCTCACTG_003,49
GTCATCACTGCTGCTCACTG_004,60
GTCATCACTGCTGCTCACTG_005,58
GTCATCACTGCTGCTCACTG_006,163
GTCATCACTGCTGCTCACTG_007,69
GTCATCACTGCTGCTCACTG_008,158
GTCATCACTGCTGCTCACTG_009,188
GTCATCACTGCTGCTCACTG_010,172
GTCATCACTGCTGCTCACTG_011,187
GTCATCACTGCTGCTCACTG_012,113
GTCATCACTGCTGCTCACTG_013,198
GTCATCACTGCTGCTCACTG_014,184
TATCTTTCCATTACACAAGG_001,54
TATCTTTCCATTACACAAGG_002,186
TATCTTTCCATTACACAAGG_003,138
TATCTTTCCATTACACAAGG_004,19
TATCTTTCCATTACACAAGG_005,48
TATCTTTCCATTACACAAGG_006,78
TATCTTTCCATTACACAAGG_007,162
AGCTCGATCTACCAGACCCC_001,82
AGCTCGATCTACCAGACCCC_002,33
AGGCAGCCACACCGCCAGTG_001,149
AGGCAGCCACACCGCCAGTG_002,188
AGGCAGCCACACCGCCAGTG_003,80
AGGCAGCCACACCGCCAGTG_004,169
AGGCAGCCACACCGCCAGTG_005,199
AGGCAGCCACACCGCCAGTG_006,83
AGGCAGCCACACCGCCAGTG_007,54
AGGCAGCCACACCGCCAGTG_008,171
AGGCAGCCACACCGCCAGTG_009,92
AGGCAGCCACACCGCCAGTG_010,33
AGGCAGCCACACCGCCAGTG_011,57
AGGCAGCCACACCGCCAGTG_012,125
AGGCAGCCACACCGCCAGTG_013,124
AGGCAGCCACACCGCCAGTG_014,144
AGGCAGCCACACCGCCAGTG_015,71
AGGCAGCCACACCGCCAGTG_016,120
AGGCAGCCACACCGCCAGTG_017,94
AGGCAGCCACACCGCCAGTG_018,60
AGGCAGCCACACCGCCAGTG_019,149
AGGCAGCCACACCGCCAGTG_020,92
AGGCAGCCACACCGCCAGTG_021,190
AGGCAGCCACACCGCCAGTG_022,107
AGGCAGCCACACCGCCAGTG_023,122
AGGCAGCCACACCGCCAGTG_024,1
AGGCAGCCACACCGCCAGTG_025,162
AGGCAGCCACACCGCCAGTG_026,88
AGGCAGCCACACCGCCAGTG_027,147
AGCCATAATCTCAAGGAACA_001,149
AGCCATAATCTCAAGGAACA_002,127
AGCCATAATCTCAAGGAACA_003,22
GATTCTAATGAGTGCCACTG_001,12
GATTCTAATGAGTGCCACTG_002,68
GATTCTAATGAGTGCCACTG_003,14
GATTCTAATGAGTGCCACTG_004,155
GATTCTAATGAGTGCCACTG_005,42
GATTCTAATGAGTGCCACTG_006,85
GATTCTAATGAGTGCCACTG_007,198
GATTCTAATGAGTGCCACTG_008,148
GATTCTAATGAGTGCCACTG_009,176
GATTCTAATGAGTGCCACTG_010,176
GATTCTAATGAGTGCCACTG_011,146
GCATTTGGTCAAAAATGGCA_001,168
GCATTTGGTCAAAAATGGCA_002,149
GCATTTGGTCAAAAATGGCA_003,140
GCATTTGGTCAAAAATGGCA_004,127
GCATTTGGTCAAAAATGGCA_005,193
AGGCCACACGCCAACCTTCG_001,188
AGGCCACACGCCAACCTTCG_002,170
AGGCCACACGCCAACCTTCG_003,150
AGGCCACACGCCAACCTTCG_004,191
AGGCCACACGCCAACCTTCG_005,97
AGGCCACACGCCAACCTTCG_006,158
AGGCCACACGCCAACCTTCG_007,168
AGGCCACACGCCAACCTTCG_008,78
AGGCCACACGCCAACCTTCG_009,172
AGGCCACACGCCAACCTTCG_010,83
GATGACTGCACTCACCAACA_001,142
GATGACTGCACTCACCAACA_002,117
GATGACTGCACTCACCAACA_003,149
GATGACTGCACTCACCAACA_004,63
GATGACTGCACTCACCAACA_005,94
GATGACTGCACTCACCAACA_006,38
GATGACTGCACTCACCAACA_007,24
GATGACTGCACTCACCAACA_008,89
GATGACTGCACTCACCAACA_009,33
GATGACTGCACTCACCAACA_010,77
GATGACTGCACTCACCAACA_011,28
GATGACTGCACTCACCAACA_012,180
GATGACTGCACTCACCAACA_013,48
ATCAACGCCTTTGATCCCAG_001,116
ATCAACGCCTTTGATCCCAG_002,41
ATCAACGCCTTTGATCCCAG_003,102
ATCAACGCCTTTGATCCCAG_004,130
ATCAACGCCTTTGATCCCAG_005,141
ATCAACGCCTTTGATCCCAG_006,160
ATCAACGCCTTTGATCCCAG_007,160
ATCAACGCCTTTGATCCCAG_008,177
ATCAACGCCTTTGATCCCAG_009,34
ATCAACGCCTTTGATCCCAG_010,68
ATCAACGCCTTTGATCCCAG_011,7
ATCAACGCCTTTGATCCCAG_012,150
ATCAACGCCTTTGATCCCAG_013,2
ATCAACGCCTTTGATCCCAG_014,50
ATCAACGCCTTTGATCCCAG_015,68
ATCAACGCCTTTGATCCCAG_016,37
ATCAACGCCTTTGATCCCAG_017,180
GTCCTGTTGAGGCTACACTG_001,159
GTCCTGTTGAGGCTACACTG_002,18
GTCCTGTTGAGGCTACACTG_003,137
GTCCTGTTGAGGCTACACTG_004,82
GTCCTGTTGAGGCTACACTG_005,181
GTCCTGTTGAGGCTACACTG_006,100
GTCCTGTTGAGGCTACACTG_007,84
GTCCTGTTGAGGCTACACTG_008,69
GTCCTGTTGAGGCTACACTG_009,115
GTCCTGTTGAGGCTACACTG_010,134
GTCCTGTTGAGGCTACACTG_011,106
GTCCTGTTGAGGCTACACTG_012,131
GTCCTGTTGAGGCTACACTG_013,105
GTCCTGTTGAGGCTACACTG_014,184
GTCCTGTTGAGGCTACACTG_015,45
GTCCTGTTGAGGCTACACTG_016,166
GTCCTGTTGAGGCTACACTG_017,128
GTCCTGTTGAGGCTACACTG_018,168
GTCCTGTTGAGGCTACACTG_019,183
GTCCTGTTGAGGCTACACTG_020,166
GTCCTGTTGAGGCTACACTG_021,130
GTCCTGTTGAGGCTACACTG_022,2
GTCCTGTTGAGGCTACACTG_023,133
GACACCAGCACTGATTGCAT_001,172
GACACCAGCACTGATTGCAT_002,78
GACACCAGCACTGATTGCAT_003,133
GACACCAGCACTGATTGCAT_004,115
GACACCAGCACTGATTGCAT_005,105
GACACCAGCACTGATTGCAT_006,147
GACACCAGCACTGATTGCAT_007,112
GACACCAGCACTGATTGCAT_008,186
GACACCAGCACTGATTGCAT_009,1
GACACCAGCACTGATTGCAT_010,169
GACACCAGCACTGATTGCAT_011,50
GACACCAGCACTGATTGCAT_012,145
GACACCAGCACTGATTGCAT_013,58
GACACCAGCACTGATTGCAT_014,87
CACCTGGAGAGGGTTCGCTG_001,72
CACCTGGAGAGGGTTCGCTG_002,72
CACCTGGAGAGGGTTCGCTG_003,137
CACCTGGAGAGGGTTCGCTG_004,19
CACCTGGAGAGGGTTCGCTG_005,4
CACCTGGAGAGGGTTCGCTG_006,84
CACCTGGAGAGGGTTCGCTG_007,144
CACCTGGAGAGGGTTCGCTG_008,135
CACCTGGAGAGGGTTCGCTG_009,16
CACCTGGAGAGGGTTCGCTG_010,51
CACCTGGAGAGGGTTCGCTG_011,137
CACCTGGAGAGGGTTCGCTG_012,142
CACCTGGAGAGGGTTCGCTG_013,166
CACCTGGAGAGGGTTCGCTG_014,154
CACCTGGAGAGGGTTCGCTG_015,63
CACCTGGAGAGGGTTCGCTG_016,34
CACCTGGAGAGGGTTCGCTG_017,137
CACCTGGAGAGGGTTCGCTG_018,81
CACCTGGAGAGGGTTCGCTG_019,148
TAGCGCTGGTTCCTTTCGAG_001,177
TAGCGCTGGTTCCTTTCGAG_002,97
TAGCGCTGGTTCCTTTCGAG_003,37
TAGCGCTGGTTCCTTTCGAG_004,31
TAGCGCTGGTTCCTTTCGAG_005,168
TACATGTCGGAGAACGCCAT_001,168
TACATGTCGGAGAACGCCAT_002,84
TACATGTCGGAGAACGCCAT_003,10
TACATGTCGGAGAACGCCAT_004,75
TACATGTCGGAGAACGCCAT_005,118
TACATGTCGGAGAACGCCAT_006,68
TACATGTCGGAGAACGCCAT_007,88
TACATGTCGGAGAACGCCAT_008,78
TACATGTCGGAGAACGCCAT_009,93
TACATGTCGGAGAACGCCAT_010,23
TACATGTCGGAGAACGCCAT_011,124
TACATGTCGGAGAACGCCAT_012,124
TACATGTCGGAGAACGCCAT_013,124
AGACAACACCATTCTTGGTG_001,14
TATTGATGGCAGCCCAATGG_001,48
CTGAGGTTGGTGTAAACGGG_001,38
CTGAGGTTGGTGTAAACGGG_002,49
CTGAGGTTGGTGTAAACGGG_003,98
CTGAGGTTGGTGTAAACGGG_004,198
CTGAGGTTGGTGTAAACGGG_005,112
CTGAGGTTGGTGTAAACGGG_006,158
CTGAGGTTGGTGTAAACGGG_007,141
CTGAGGTTGGTGTAAACGGG_008,2
CTGAGGTTGGTGTAAACGGG_009,141
CTGAGGTTGGTGTAAACGGG_010,84
CTGAGGTTGGTGTAAACGGG_011,99
CTGAGGTTGGTGTAAACGGG_012,30
CTGAGGTTGGTGTAAACGGG_013,118
CTGAGGTTGGTGTAAACGGG_014,70
CTGAGGTTGGTGTAAACGGG_015,16
CTGAGGTTGGTGTAAACGGG_016,169
CTGAGGTTGGTGTAAACGGG_017,98
CTGAGGTTGGTGTAAACGGG_018,48
CTGAGGTTGGTGTAAACGGG_019,58
CTGAGGTTGGTGTAAACGGG_020,52
CTGAGGTTGGTGTAAACGGG_021,105
CTGAGGTTGGTGTAAACGGG_022,50
CTGAGGTTGGTGTAAACGGG_023,8
CTGAGGTTGGTGTAAACGGG_024,115
CTGAGGTTGGTGTAAACGGG_025,129
CTGAGGTTGGTGTAAACGGG_026,55
CTGAGGTTGGTGTAAACGGG_027,162
CTGAGGTTGGTGTAAACGGG_028,56
CTGAGGTTGGTGTAAACGGG_029,5
CTGAGGTTGGTGTAAACGGG_030,81
CTGAGGTTGGTGTAAACGGG_031,124
GTGCACGGAAAGCCTTCACA_001,151
GTGCACGGAAAGCCTTCACA_002,188
GTGCACGGAAAGCCTTCACA_003,180
GTGCACGGAAAGCCTTCACA_004,158
GATGCGCAGAGAGGTTTCTG_001,73
GATGCGCAGAGAGGTTTCTG_002,134
GATGCGCAGAGAGGTTTCTG_003,11
GATGCGCAGAGAGGTTTCTG_004,26
GATGCGCAGAGAGGTTTCTG_005,119
GATGCGCAGAGAGGTTTCTG_006,8
GATGCGCAGAGAGGTTTCTG_007,29
GATGCGCAGAGAGGTTTCTG_008,149
GATGCGCAGAGAGGTTTCTG_009,58
GATGCGCAGAGAGGTTTCTG_010,158
GATGCGCAGAGAGGTTTCTG_011,198
GATGCGCAGAGAGGTTTCTG_012,15
GATGCGCAGAGAGGTTTCTG_013,158
GATGCGCAGAGAGGTTTCTG_014,66
GATGCGCAGAGAGGTTTCTG_015,126
GATGCGCAGAGAGGTTTCTG_016,19
GATGCGCAGAGAGGTTTCTG_017,145
TGACTCACCATCCAACTCAG_001,194
TGACTCACCATCCAACTCAG_002,121
TGACTCACCATCCAACTCAG_003,146
TGACTCACCATCCAACTCAG_004,111
TGACTCACCATCCAACTCAG_005,36
TGACTCACCATCCAACTCAG_006,168
TGACTCACCATCCAACTCAG_007,147
TGACTCACCATCCAACTCAG_008,72
TGACTCACCATCCAACTCAG_009,124
CGAGATCATCAAGACCGCCA_001,6
CGAGATCATCAAGACCGCCA_002,6
CGAGATCATCAAGACCGCCA_003,181
CGAGATCATCAAGACCGCCA_004,115
CGAGATCATCAAGACCGCCA_005,0
CGAGATCATCAAGACCGCCA_006,41
CGAGATCATCAAGACCGCCA_007,63
CGAGATCATCAAGACCGCCA_008,15
CGAGATCATCAAGACCGCCA_009,72
CGAGATCATCAAGACCGCCA_010,147
CGAGATCATCAAGACCGCCA_011,178
CGAGATCATCAAGACCGCCA_012,16
CGAGATCATCAAGACCGCCA_013,102
CGAGATCATCAAGACCGCCA_014,115
CGAGATCATCAAGACCGCCA_015,2
CCCTTCATTTGCATACGGAA_001,145
CCCTTCATTTGCATACGGAA_002,23
CCCTTCATTTGCATACGGAA_003,166
CCCTTCATTTGCATACGGAA_004,41
CCCTTCATTTGCATACGGAA_005,141
CCCTTCATTTGCATACGGAA_006,76
CCCTTCATTTGCATACGGAA_007,160
CCCTTCATTTGCATACGGAA_008,156
CCCTTCATTTGCATACGGAA_009,96
CCCTTCATTTGCATACGGAA_010,6
CCCTTCATTTGCATACGGAA_011,34
CCCTTCATTTGCATACGGAA_012,79
CCCTTCATTTGCATACGGAA_013,48
CCCTTCATTTGCATACGGAA_014,137
CCCTTCATTTGCATACGGAA_015,12
GTTTCAGGAGTTAATGCGGG_001,120
GTTTCAGGAGTTAATGCGGG_002,45
GTTTCAGGAGTTAATGCGGG_003,148
GTTTCAGGAGTTAATGCGGG_004,75
GTTTCAGGAGTTAATGCGGG_005,76
GTTTCAGGAGTTAATGCGGG_006,145
GTTTCAGGAGTTAATGCGGG_007,138
GTTTCAGGAGTTAATGCGGG_008,70
GTTTCAGGAGTTAATGCGGG_009,52
GTTTCAGGAGTTAATGCGGG_010,16
GGAGTCCAAGGGATTGTGCG_001,146
GGAGTCCAAGGGATTGTGCG_002,189
GGGTATTCACATAGTCATCC_001,123
ACGAGTTGTACTGCTGTCAC_001,112
ACGAGTTGTACTGCTGTCAC_002,145
TTTACTCGATGATGGAACTC_001,167
TTTACTCGATGATGGAACTC_002,153
TTTACTCGATGATGGAACTC_003,83
TTTACTCGATGATGGAACTC_004,74
TTTACTCGATGATGGAACTC_005,124
TTTACTCGATGATGGAACTC_006,152
TTTACTCGATGATGGAACTC_007,158
CTCTGATCAGTTCAAGCGGG_001,98
CTCTGATCAGTTCAAGCGGG_002,177
CTCTGATCAGTTCAAGCGGG_003,198
CTCTGATCAGTTCAAGCGGG_004,19
CTCTGATCAGTTCAAGCGGG_005,48
CTCTGATCAGTTCAAGCGGG_006,49
TACCTGAAATAATCGTGCAA_001,150
TATTCCACCTTACAACACCG_001,36
TATTCCACCTTACAACACCG_002,125
TATTCCACCTTACAACACCG_003,104
TATTCCACCTTACAACACCG_004,105
TATTCCACCTTACAACACCG_005,29
TATTCCACCTTACAACACCG_006,190
AAGATCGTAGCCAGACCCCC_001,38
ACTAGAATGACTGATCATGA_001,77
TTCCTGTCAAAGGAAATCGT_001,48
TTCCTGTCAAAGGAAATCGT_002,176
TTCCTGTCAAAGGAAATCGT_003,183
TTCCTGTCAAAGGAAATCGT_004,116
TTCCTGTCAAAGGAAATCGT_005,124
TTCCTGTCAAAGGAAATCGT_006,82
TTCCTGTCAAAGGAAATCGT_007,136
CCAACTACCTGAGTTGGGTG_001,70
CCAACTACCTGAGTTGGGTG_002,70
CCAACTACCTGAGTTGGGTG_003,66
CCAACTACCTGAGTTGGGTG_004,118
CCAACTACCTGAGTTGGGTG_005,176
CCAACTACCTGAGTTGGGTG_006,80
GAAGAAGTTGGTCAGTATTG_001,175
GAAGAAGTTGGTCAGTATTG_002,69
GAAGAAGTTGGTCAGTATTG_003,126
GAAGAAGTTGGTCAGTATTG_004,118
GAAGAAGTTGGTCAGTATTG_005,142
GGACTTGCAGAAATCCCGAC_001,121
GGACTTGCAGAAATCCCGAC_002,174
GGACTTGCAGAAATCCCGAC_003,121
GGACTTGCAGAAATCCCGAC_004,102
GGAGCTGTCCGTGTGCACTG_001,115
GGAGCTGTCCGTGTGCACTG_002,107
GGAGCTGTCCGTGTGCACTG_003,17
GGAGCTGTCCGTGTGCACTG_004,189
GGAGCTGTCCGTGTGCACTG_005,9
GGAGCTGTCCGTGTGCACTG_006,22
GGAGCTGTCCGTGTGCACTG_007,160
GGAGCTGTCCGTGTGCACTG_008,125
GGAGCTGTCCGTGTGCACTG_009,103
GGAGCTGTCCGTGTGCACTG_010,129
GGAGCTGTCCGTGTGCACTG_011,103
GGAGCTGTCCGTGTGCACTG_012,156
GGAGCTGTCCGTGTGCACTG_013,174
TTAGATGCTATCGAACACAA_001,53
TTAGATGCTATCGAACACAA_002,166
TTAGATGCTATCGAACACAA_003,67
TTAGATGCTATCGAACACAA_004,49
TTAGATGCTATCGAACACAA_005,5
TGAATCGGAGAAAACGGTAC_001,161
TGAATCGGAGAAAACGGTAC_002,17
TGAATCGGAGAAAACGGTAC_003,47
TGAATCGGAGAAAACGGTAC_004,164
TGAATCGGAGAAAACGGTAC_005,164
TGAATCGGAGAAAACGGTAC_006,62
TGTGAATTCTGTGCTGTCCG_001,191
TGTGAATTCTGTGCTGTCCG_002,154
TGTGAATTCTGTGCTGTCCG_003,148
TGTGAATTCTGTGCTGTCCG_004,98
GTTACCACACCAGCTCAAAG_001,191
GTTACCACACCAGCTCAAAG_002,88
GTTACCACACCAGCTCAAAG_003,171
GTTACCACACCAGCTCAAAG_004,54
GTTGGCCAACCTATTGGTCA_001,58
GTTGGCCAACCTATTGGTCA_002,115
GTTGGCCAACCTATTGGTCA_003,85
GTTGGCCAACCTATTGGTCA_004,49
GTTGGCCAACCTATTGGTCA_005,28
GTTGGCCAACCTATTGGTCA_006,26
GTTGGCCAACCTATTGGTCA_007,56
GTTGGCCAACCTATTGGTCA_008,28
GGCCTCGGCGCTGTTCCGGA_001,15
GGCCTCGGCGCTGTTCCGGA_002,62
GGCCTCGGCGCTGTTCCGGA_003,78
GGCCTCGGCGCTGTTCCGGA_004,58
GGCCTCGGCGCTGTTCCGGA_005,15
GGCCTCGGCGCTGTTCCGGA_006,197
GGCCTCGGCGCTGTTCCGGA_007,58
GGCCTCGGCGCTGTTCCGGA_008,125
GGCCTCGGCGCTGTTCCGGA_009,47
GGTTTGAGAAGTCAGCAAGG_001,157
GGTTTGAGAAGTCAGCAAGG_002,22
GGTTTGAGAAGTCAGCAAGG_003,158
GGTTTGAGAAGTCAGCAAGG_004,30
GGTTTGAGAAGTCAGCAAGG_005,181
GGTTTGAGAAGTCAGCAAGG_006,192
GGTTTGAGAAGTCAGCAAGG_007,109
GGTTTGAGAAGTCAGCAAGG_008,109
TTCCCGTACATTCTACCTGG_001,105
TTCCCGTACATTCTACCTGG_002,63
TTCCCGTACATTCTACCTGG_003,63
TTCCCGTACATTCTACCTGG_004,110
TTCCCGTACATTCTACCTGG_005,157
TTCCCGTACATTCTACCTGG_006,79
GCAGCCCGTTACTGACGTAC_001,48
GCAGCCCGTTACTGACGTAC_002,78
GCAGCCCGTTACTGACGTAC_003,149
ACTTGCTCATCTGAGGATTG_001,0
ACTTGCTCATCTGAGGATTG_002,18
ACTTGCTCATCTGAGGATTG_003,155
GATGATTGAGTCCCTGACCA_001,0
GATGATTGAGTCCCTGACCA_002,172
GATGATTGAGTCCCTGACCA_003,144
GATGATTGAGTCCCTGACCA_004,27
CGAAAATCTGGGCTAAGTGC_001,132
CGAAAATCTGGGCTAAGTGC_002,185
CGAAAATCTGGGCTAAGTGC_003,76
CGAAAATCTGGGCTAAGTGC_004,15
CGAAAATCTGGGCTAAGTGC_005,35
GGCCCCGTCCAAGTTAGAAG_001,120
GGCCCCGTCCAAGTTAGAAG_002,17
GGCCCCGTCCAAGTTAGAAG_003,56
GGCCCCGTCCAAGTTAGAAG_004,0
GGCCCCGTCCAAGTTAGAAG_005,185
GGCCCCGTCCAAGTTAGAAG_006,96
GGCCCCGTCCAAGTTAGAAG_007,103
GGCCCCGTCCAAGTTAGAAG_008,154
GGCCCCGTCCAAGTTAGAAG_009,54
GGCCCCGTCCAAGTTAGAAG_010,185
GGCCCCGTCCAAGTTAGAAG_011,19
GTAGTAAGAGAGGCTATCCC_001,69
GTAGTAAGAGAGGCTATCCC_002,104
GTAGTAAGAGAGGCTATCCC_003,112
GTAGTAAGAGAGGCTATCCC_004,198
GTAGTAAGAGAGGCTATCCC_005,2
GTAGTAAGAGAGGCTATCCC_006,188
GTAGTAAGAGAGGCTATCCC_007,144
GTAGTAAGAGAGGCTATCCC_008,124
AGTGGATGACAACGGTAGTG_001,176
AGTGGATGACAACGGTAGTG_002,199
AGTGGATGACAACGGTAGTG_003,26
AGTGGATGACAACGGTAGTG_004,32
AGTGGATGACAACGGTAGTG_005,135
TCTTCATAAAGGAGTCGTCA_001,42
TCTTCATAAAGGAGTCGTCA_002,101
TCTTCATAAAGGAGTCGTCA_003,73
GGAGTACCCCATGATGCGAA_001,162
GGAGTACCCCATGATGCGAA_002,62
GGAGTACCCCATGATGCGAA_003,106
GGAGTACCCCATGATGCGAA_004,2
GGAGTACCCCATGATGCGAA_005,3
GGAGTACCCCATGATGCGAA_006,176
GGAGTACCCCATGATGCGAA_007,147
GGAGTACCCCATGATGCGAA_008,173
CAGCAGCGGTTCCCTCACAA_001,2
CAGCAGCGGTTCCCTCACAA_002,133
CAGCAGCGGTTCCCTCACAA_003,152
CAGCAGCGGTTCCCTCACAA_004,118
CAGCAGCGGTTCCCTCACAA_005,168
CAGCAGCGGTTCCCTCACAA_006,9
CAGCAGCGGTTCCCTCACAA_007,166
CAGCAGCGGTTCCCTCACAA_008,113
CAGCAGCGGTTCCCTCACAA_009,106
TTAACAGAGCACAGACACAT_001,151
TTAACAGAGCACAGACACAT_002,32
TTAACAGAGCACAGACACAT_003,17
TTAACAGAGCACAGACACAT_004,11
TTAACAGAGCACAGACACAT_005,174
TTAACAGAGCACAGACACAT_006,169
TTAACAGAGCACAGACACAT_007,22
TTAACAGAGCACAGACACAT_008,121
TGATCATAGGAAACAGACAG_001,130
TGATCATAGGAAACAGACAG_002,2
TGATCATAGGAAACAGACAG_003,169
TGATCATAGGAAACAGACAG_004,68
TGATCATAGGAAACAGACAG_005,184
TGATCATAGGAAACAGACAG_006,94
TGATCATAGGAAACAGACAG_007,38
TGATCATAGGAAACAGACAG_008,16
TGATCATAGGAAACAGACAG_009,94
TGATCATAGGAAACAGACAG_010,88
TGATCATAGGAAACAGACAG_011,151
TGATCATAGGAAACAGACAG_012,141
TGATCATAGGAAACAGACAG_013,158
TGATCATAGGAAACAGACAG_014,25
TGATCATAGGAAACAGACAG_015,196
TGATCATAGGAAACAGACAG_016,189
TGATCATAGGAAACAGACAG_017,29
TGATCATAGGAAACAGACAG_018,88
TGATCATAGGAAACAGACAG_019,23
TCCACTCAGATCAACTACCC_001,130
TCCACTCAGATCAACTACCC_002,168
TTGCTAGCCAGAAACAACAT_001,52
TTGCTAGCCAGAAACAACAT_002,40
TTGCTAGCCAGAAACAACAT_003,24
TTGCTAGCCAGAAACAACAT_004,28
TTGCTAGCCAGAAACAACAT_005,10
TTGCTAGCCAGAAACAACAT_006,62
TCATCTGCCCTGTTACAACA_001,107
TCATCTGCCCTGTTACAACA_002,15
TCATCTGCCCTGTTACAACA_003,118
TCATCTGCCCTGTTACAACA_004,105
TCATCTGCCCTGTTACAACA_005,36
TCATCTGCCCTGTTACAACA_006,108
AGATGTGGATGAATGCCTGT_001,110
AGATGTGGATGAATGCCTGT_002,41
AGATGTGGATGAATGCCTGT_003,30
AGATGTGGATGAATGCCTGT_004,69
AGATGTGGATGAATGCCTGT_005,155
AGATGTGGATGAATGCCTGT_006,127
AGATGTGGATGAATGCCTGT_007,99
AGATGTGGATGAATGCCTGT_008,184
AGATGTGGATGAATGCCTGT_009,169
AGATGTGGATGAATGCCTGT_010,24
AGATGTGGATGAATGCCTGT_011,31
AGATGTGGATGAATGCCTGT_012,70
CCAGCACCGCGATGAAGAAG_001,38
CCAGCACCGCGATGAAGAAG_002,138
CCAGCACCGCGATGAAGAAG_003,153
CCAGCACCGCGATGAAGAAG_004,2
CCAGCACCGCGATGAAGAAG_005,141
CGCAAGGTGTCGGTAACCCT_001,66
CGCAAGGTGTCGGTAACCCT_002,187
CGCAAGGTGTCGGTAACCCT_003,144
CGCAAGGTGTCGGTAACCCT_004,130
CGCAAGGTGTCGGTAACCCT_005,63
CGCAAGGTGTCGGTAACCCT_006,118
CGCAAGGTGTCGGTAACCCT_007,125
CGCAAGGTGTCGGTAACCCT_008,119
CGCAAGGTGTCGGTAACCCT_009,186
CGCAAGGTGTCGGTAACCCT_010,20
CGCAAGGTGTCGGTAACCCT_011,193
CGCAAGGTGTCGGTAACCCT_012,41
CGCAAGGTGTCGGTAACCCT_013,15
CGCAAGGTGTCGGTAACCCT_014,17
CGCAAGGTGTCGGTAACCCT_015,72
CGCAAGGTGTCGGTAACCCT_016,198
CGCAAGGTGTCGGTAACCCT_017,53
CGCAAGGTGTCGGTAACCCT_018,186
CGCAAGGTGTCGGTAACCCT_019,50
CGCAAGGTGTCGGTAACCCT_020,122
CGCAAGGTGTCGGTAACCCT_021,148
CGCAAGGTGTCGGTAACCCT_022,172
CGCAAGGTGTCGGTAACCCT_023,167
CGCAAGGTGTCGGTAACCCT_024,169
CGCAAGGTGTCGGTAACCCT_025,160
CGCAAGGTGTCGGTAACCCT_026,40
CGCAAGGTGTCGGTAACCCT_027,123
CGCAAGGTGTCGGTAACCCT_028,77
CGCAAGGTGTCGGTAACCCT_029,63
CGCAAGGTGTCGGTAACCCT_030,68
CGCAAGGTGTCGGTAACCCT_031,174
AGGTCCGGGGAGTCGAAACA_001,194
AGGTCCGGGGAGTCGAAACA_002,117
AGGTCCGGGGAGTCGAAACA_003,94
AGGTCCGGGGAGTCGAAACA_004,137
AGGTCCGGGGAGTCGAAACA_005,134
AGGTCCGGGGAGTCGAAACA_006,88
AGGTCCGGGGAGTCGAAACA_007,14
AGGTCCGGGGAGTCGAAACA_008,3
AGGTCCGGGGAGTCGAAACA_009,26
AGGTCCGGGGAGTCGAAACA_010,68
AGGTCCGGGGAGTCGAAACA_011,53
AGGTCCGGGGAGTCGAAACA_012,102
AGGTCCGGGGAGTCGAAACA_013,194
AGGTCCGGGGAGTCGAAACA_014,52
AGGTCCGGGGAGTCGAAACA_015,96
AGGTCCGGGGAGTCGAAACA_016,11
AGGTCCGGGGAGTCGAAACA_017,172
AGGTCCGGGGAGTCGAAACA_018,105
AGGTCCGGGGAGTCGAAACA_019,168
AGGTCCGGGGAGTCGAAACA_020,148
AGGTCCGGGGAGTCGAAACA_021,15
AGGTCCGGGGAGTCGAAACA_022,199
AGGTCCGGGGAGTCGAAACA_023,2
AGGTCCGGGGAGTCGAAACA_024,178
AGGTCCGGGGAGTCGAAACA_025,161
AGGTCCGGGGAGTCGAAACA_026,186
AGGTCCGGGGAGTCGAAACA_027,17
AGGTCCGGGGAGTCGAAACA_028,51
AGGTCCGGGGAGTCGAAACA_029,48
AGGTCCGGGGAGTCGAAACA_030,168
AGGTCCGGGGAGTCGAAACA_031,83
AGGTCCGGGGAGTCGAAACA_032,166
AGGTCCGGGGAGTCGAAACA_033,127
AGGTCCGGGGAGTCGAAACA_034,10
AGGTCCGGGGAGTCGAAACA_035,172
AGGTCCGGGGAGTCGAAACA_036,72
AGGTCCGGGGAGTCGAAACA_037,170
AGGTCCGGGGAGTCGAAACA_038,19
AGGTCCGGGGAGTCGAAACA_039,114
AGGACTTCGGGTGTTTGACA_001,160
AGGACTTCGGGTGTTTGACA_002,175
AGGACTTCGGGTGTTTGACA_003,90
CATGTCTGACAAACCTGGTA_001,147
CATGTCTGACAAACCTGGTA_002,40
TCCAGAAAAGCTCACTGCCG_001,6
TCCAGAAAAGCTCACTGCCG_002,151
TCCAGAAAAGCTCACTGCCG_003,6
GGTTTCGGGGAAAAGCTGTG_001,9
GGTTTCGGGGAAAAGCTGTG_002,50
GGTTTCGGGGAAAAGCTGTG_003,2
GGTTTCGGGGAAAAGCTGTG_004,57
GGTTTCGGGGAAAAGCTGTG_005,177
GGTTTCGGGGAAAAGCTGTG_006,83
GGTTTCGGGGAAAAGCTGTG_007,133
GGTTTCGGGGAAAAGCTGTG_008,129
GGTTTCGGGGAAAAGCTGTG_009,49
GGTTTCGGGGAAAAGCTGTG_010,199
GGTTTCGGGGAAAAGCTGTG_011,12
GGTTTCGGGGAAAAGCTGTG_012,148
GGTTTCGGGGAAAAGCTGTG_013,102
GGTTTCGGGGAAAAGCTGTG_014,5
GGTTTCGGGGAAAAGCTGTG_015,117
GGTTTCGGGGAAAAGCTGTG_016,35
GGTTTCGGGGAAAAGCTGTG_017,73
GGTTTCGGGGAAAAGCTGTG_018,53
GGTTTCGGGGAAAAGCTGTG_019,198
GGTTTCGGGGAAAAGCTGTG_020,8
GGTTTCGGGGAAAAGCTGTG_021,50
GGTTTCGGGGAAAAGCTGTG_022,117
GGTTTCGGGGAAAAGCTGTG_023,30
TTGAGGAGATTAAGGACCCG_001,146
TTGAGGAGATTAAGGACCCG_002,0
TTGAGGAGATTAAGGACCCG_003,76
TTGAGGAGATTAAGGACCCG_004,58
TTGAGGAGATTAAGGACCCG_005,92
TTGAGGAGATTAAGGACCCG_006,176
TTGAGGAGATTAAGGACCCG_007,121
TTGAGGAGATTAAGGACCCG_008,81
TTGAGGAGATTAAGGACCCG_009,126
TGTCACACCATTATGAATCG_001,150
TGTCACACCATTATGAATCG_002,99
GCACTCACGAGGCATATGCG_001,94
GCACTCACGAGGCATATGCG_002,130
GCACTCACGAGGCATATGCG_003,44
GCACTCACGAGGCATATGCG_004,125
GCACTCACGAGGCATATGCG_005,144
GCACTCACGAGGCATATGCG_006,9
GCACTCACGAGGCATATGCG_007,174
ACCAGACCTTCCAGGAACTA_001,198
ACCAGACCTTCCAGGAACTA_002,129
ACCAGACCTTCCAGGAACTA_003,177
ACCAGACCTTCCAGGAACTA_004,118
ACTGTGGGCGACATAAATAC_001,170
ACTGTGGGCGACATAAATAC_002,192
ACTGTGGGCGACATAAATAC_003,30
ACTGTGGGCGACATAAATAC_004,178
ACTGTGGGCGACATAAATAC_005,108
ACTGTGGGCGACATAAATAC_006,170
ACTGTGGGCGACATAAATAC_007,98
ACTGTGGGCGACATAAATAC_008,94
AGCGGCTTAAACTATGCAGC_001,194
AGCGGCTTAAACTATGCAGC_002,109
AGCGGCTTAAACTATGCAGC_003,163
AGCGGCTTAAACTATGCAGC_004,147
AGCGGCTTAAACTATGCAGC_005,98
AGCGGCTTAAACTATGCAGC_006,102
AGCGGCTTAAACTATGCAGC_007,17
AGCGGCTTAAACTATGCAGC_008,160
AGCGGCTTAAACTATGCAGC_009,148
AGCGGCTTAAACTATGCAGC_010,128
AGCGGCTTAAACTATGCAGC_011,155
AGCGGCTTAAACTATGCAGC_012,190
AGCGGCTTAAACTATGCAGC_013,97
AGCGGCTTAAACTATGCAGC_014,64
AGCGGCTTAAACTATGCAGC_015,133
AGCGGCTTAAACTATGCAGC_016,198
AGCGGCTTAAACTATGCAGC_017,122
AGCGGCTTAAACTATGCAGC_018,116
AGCGGCTTAAACTATGCAGC_019,39
AGCGGCTTAAACTATGCAGC_020,146
AGCGGCTTAAACTATGCAGC_021,29
GTGGACTTACCCAGGATAAG_001,172
GTGGACTTACCCAGGATAAG_002,32
GTGGACTTACCCAGGATAAG_003,181
GTGGACTTACCCAGGATAAG_004,133
GTGGACTTACCCAGGATAAG_005,150
GTGGACTTACCCAGGATAAG_006,78
GTGGACTTACCCAGGATAAG_007,57
GTGGACTTACCCAGGATAAG_008,21
GTGGACTTACCCAGGATAAG_009,133
GTGGACTTACCCAGGATAAG_010,184
CAGAGGGCGGAATGCAGATG_001,58
CAGAGGGCGGAATGCAGATG_002,35
CAGAGGGCGGAATGCAGATG_003,81
CAGAGGGCGGAATGCAGATG_004,176
CAGAGGGCGGAATGCAGATG_005,121
CAGAGGGCGGAATGCAGATG_006,103
CAGAGGGCGGAATGCAGATG_007,13
CAGAGGGCGGAATGCAGATG_008,83
CAGAGGGCGGAATGCAGATG_009,128
CAGAGGGCGGAATGCAGATG_010,31
CAGAGGGCGGAATGCAGATG_011,197
CAGAGGGCGGAATGCAGATG_012,52
CAGAGGGCGGAATGCAGATG_013,96
CAGAGGGCGGAATGCAGATG_014,39
CAGAGGGCGGAATGCAGATG_015,191
CAGAGGGCGGAATGCAGATG_016,198
CAGAGGGCGGAATGCAGATG_017,124
CAGAGGGCGGAATGCAGATG_018,124
CAGAGGGCGGAATGCAGATG_019,188
CAGAGGGCGGAATGCAGATG_020,129
CCTGCCAGCGGTACTCGTAG_001,72
CCTGCCAGCGGTACTCGTAG_002,62
CCTGCCAGCGGTACTCGTAG_003,94
CCTGCCAGCGGTACTCGTAG_004,102
CCTGCCAGCGGTACTCGTAG_005,96
CCTGCCAGCGGTACTCGTAG_006,29
CCTGCCAGCGGTACTCGTAG_007,127
CCTGCCAGCGGTACTCGTAG_008,68
CCTGCCAGCGGTACTCGTAG_009,162
CCTGCCAGCGGTACTCGTAG_010,41
CCTGCCAGCGGTACTCGTAG_011,169
CCTGCCAGCGGTACTCGTAG_012,73
CCTGCCAGCGGTACTCGTAG_013,129
CCTGCCAGCGGTACTCGTAG_014,141
CCTGCCAGCGGTACTCGTAG_015,130
CCTGCCAGCGGTACTCGTAG_016,138
CTGGTTTCATGGTTCCTCCG_001,115
CTGGTTTCATGGTTCCTCCG_002,106
CTGGTTTCATGGTTCCTCCG_003,42
CTGGTTTCATGGTTCCTCCG_004,22
CTGGTTTCATGGTTCCTCCG_005,47
CTGGTTTCATGGTTCCTCCG_006,36
CTGGTTTCATGGTTCCTCCG_007,47
CTGGTTTCATGGTTCCTCCG_008,84
CTGGTTTCATGGTTCCTCCG_009,131
CTGGTTTCATGGTTCCTCCG_010,100
CTGGTTTCATGGTTCCTCCG_011,178
TGTTACTTACCAAAATAGAC_001,4
CATGTGCACGCACTACACAC_001,50
CATGTGCACGCACTACACAC_002,48
CATGTGCACGCACTACACAC_003,12
CATGTGCACGCACTACACAC_004,115
CATGTGCACGCACTACACAC_005,19
CATGTGCACGCACTACACAC_006,110
CATGTGCACGCACTACACAC_007,153
CATGTGCACGCACTACACAC_008,138
CATGTGCACGCACTACACAC_009,78
CATGTGCACGCACTACACAC_010,28
AAAGAACAAATGGAACGCGA_001,161
AAAGAACAAATGGAACGCGA_002,1
AAAGAACAAATGGAACGCGA_003,68
AAAGAACAAATGGAACGCGA_004,67
AAAGAACAAATGGAACGCGA_005,64
AAAGAACAAATGGAACGCGA_006,159
AAAGAACAAATGGAACGCGA_007,185
AAAGAACAAATGGAACGCGA_008,79
GCCGCGCCCTGGAAACCATG_001,18
GCCGCGCCCTGGAAACCATG_002,194
GCCGCGCCCTGGAAACCATG_003,125
GCCGCGCCCTGGAAACCATG_004,192
GCCGCGCCCTGGAAACCATG_005,141
GCCGCGCCCTGGAAACCATG_006,162
GCCGCGCCCTGGAAACCATG_007,80
GCCGCGCCCTGGAAACCATG_008,80
GCCGCGCCCTGGAAACCATG_009,150
GCCGCGCCCTGGAAACCATG_010,92
GCCGCGCCCTGGAAACCATG_011,26
GCCGCGCCCTGGAAACCATG_012,70
GCCGCGCCCTGGAAACCATG_013,12
GCCGCGCCCTGGAAACCATG_014,170
GCCGCGCCCTGGAAACCATG_015,89
ACCGGTCCGAACTGGCGCAG_001,162
ACCGGTCCGAACTGGCGCAG_002,13
ACCGGTCCGAACTGGCGCAG_003,150
ACCGGTCCGAACTGGCGCAG_004,144
ACCGGTCCGAACTGGCGCAG_005,26
ACCGGTCCGAACTGGCGCAG_006,5
ACCGGTCCGAACTGGCGCAG_007,94
ACCGGTCCGAACTGGCGCAG_008,164
ACCGGTCCGAACTGGCGCAG_009,164
ACCGGTCCGAACTGGCGCAG_010,48
ACCGGTCCGAACTGGCGCAG_011,120
ACCGGTCCGAACTGGCGCAG_012,85
ACCGGTCCGAACTGGCGCAG_013,32
ACCGGTCCGAACTGGCGCAG_014,198
ACCGGTCCGAACTGGCGCAG_015,157
ACCGGTCCGAACTGGCGCAG_016,149
ACCGGTCCGAACTGGCGCAG_017,149
ACCGGTCCGAACTGGCGCAG_018,37
ACCGGTCCGAACTGGCGCAG_019,192
ACCGGTCCGAACTGGCGCAG_020,60
ACCGGTCCGAACTGGCGCAG_021,192
ACCGGTCCGAACTGGCGCAG_022,141
ACCGGTCCGAACTGGCGCAG_023,106
ACCGGTCCGAACTGGCGCAG_024,3
ACCGGTCCGAACTGGCGCAG_025,155
ACCGGTCCGAACTGGCGCAG_026,178
ACCGGTCCGAACTGGCGCAG_027,33
ACCGGTCCGAACTGGCGCAG_028,156
ACCGGTCCGAACTGGCGCAG_029,28
ACCGGTCCGAACTGGCGCAG_030,58
ACCGGTCCGAACTGGCGCAG_031,183
ACCGGTCCGAACTGGCGCAG_032,189
ACCGGTCCGAACTGGCGCAG_033,165
ACCGGTCCGAACTGGCGCAG_034,174
ACCGGTCCGAACTGGCGCAG_035,11
ACCGGTCCGAACTGGCGCAG_036,38
ACCGGTCCGAACTGGCGCAG_037,147
ACCGGTCCGAACTGGCGCAG_038,65
ACCGGTCCGAACTGGCGCAG_039,161
ACCGGTCCGAACTGGCGCAG_040,80
ACCGGTCCGAACTGGCGCAG_041,174
ACCGGTCCGAACTGGCGCAG_042,5
ACCGGTCCGAACTGGCGCAG_043,24
ACCGGTCCGAACTGGCGCAG_044,197
ACCGGTCCGAACTGGCGCAG_045,105
ACCGGTCCGAACTGGCGCAG_046,33
ACCGGTCCGAACTGGCGCAG_047,84
ACCGGTCCGAACTGGCGCAG_048,57
ACCGGTCCGAACTGGCGCAG_049,68
ACCGGTCCGAACTGGCGCAG_050,182
ACCGGTCCGAACTGGCGCAG_051,37
ACCGGTCCGAACTGGCGCAG_052,148
ACCGGTCCGAACTGGCGCAG_053,22
ACCGGTCCGAACTGGCGCAG_054,88
ACCGGTCCGAACTGGCGCAG_055,199
ACCGGTCCGAACTGGCGCAG_056,170
ACCGGTCCGAACTGGCGCAG_057,4
ACCGGTCCGAACTGGCGCAG_058,151
ACCGGTCCGAACTGGCGCAG_059,177
ACCGGTCCGAACTGGCGCAG_060,70
ACCGGTCCGAACTGGCGCAG_061,43
ACCGGTCCGAACTGGCGCAG_062,132
ACCGGTCCGAACTGGCGCAG_063,142
CAGGAAAAGATCTATTATGT_001,69
CAGGAAAAGATCTATTATGT_002,78
CTGCGGGAATCAGGCCGATG_001,137
CTGCGGGAATCAGGCCGATG_002,54
CTGCGGGAATCAGGCCGATG_003,5
CTGCGGGAATCAGGCCGATG_004,16
CTGCGGGAATCAGGCCGATG_005,126
CTGCGGGAATCAGGCCGATG_006,84
CTGCGGGAATCAGGCCGATG_007,136
CTGCGGGAATCAGGCCGATG_008,94
CTGCGGGAATCAGGCCGATG_009,50
CTGCGGGAATCAGGCCGATG_010,75
CTGCGGGAATCAGGCCGATG_011,180
CTGCGGGAATCAGGCCGATG_012,1
CTGCGGGAATCAGGCCGATG_013,118
CTGCGGGAATCAGGCCGATG_014,36
CTGCGGGAATCAGGCCGATG_015,85
CTGCGGGAATCAGGCCGATG_016,59
CTGCGGGAATCAGGCCGATG_017,158
CTGCGGGAATCAGGCCGATG_018,126
CTGCGGGAATCAGGCCGATG_019,121
GTGCCGCACCACCGTCCACG_001,62
GTGCCGCACCACCGTCCACG_002,26
GTGCCGCACCACCGTCCACG_003,3
GTGCCGCACCACCGTCCACG_004,55
GACGTCCCGCAGGCGGAGGT_001,130
GACGTCCCGCAGGCGGAGGT_002,126
GACGTCCCGCAGGCGGAGGT_003,174
GACGTCCCGCAGGCGGAGGT_004,165
GACGTCCCGCAGGCGGAGGT_005,34
GACGTCCCGCAGGCGGAGGT_006,5
GACGTCCCGCAGGCGGAGGT_007,25
GACGTCCCGCAGGCGGAGGT_008,117
GGGCCCGCATAGGATATCGC_001,19
GGGCCCGCATAGGATATCGC_002,188
GGGCCCGCATAGGATATCGC_003,181
GGGCCCGCATAGGATATCGC_004,156
GGGCCCGCATAGGATATCGC_005,33
GGGCCCGCATAGGATATCGC_006,176
GGGCCCGCATAGGATATCGC_007,56
GGGCCCGCATAGGATATCGC_008,176
GGGCCCGCATAGGATATCGC_009,78
GGGCCCGCATAGGATATCGC_010,36
GGGCCCGCATAGGATATCGC_011,159
GGGCCCGCATAGGATATCGC_012,76
GGGCCCGCATAGGATATCGC_013,144
GGGCCCGCATAGGATATCGC_014,197
ACCCGTTGCACATATTGACT_001,125
ACCCGTTGCACATATTGACT_002,178
GTCTTGGTATCCATTCTGGG_001,175
GTCTTGGTATCCATTCTGGG_002,149
TAAGCACTACCTTAATCAGG_001,41
TAAGCACTACCTTAATCAGG_002,141
AAATCCTACCTGAGTGAGCG_001,20
AAATCCTACCTGAGTGAGCG_002,34
AAATCCTACCTGAGTGAGCG_003,94
AAATCCTACCTGAGTGAGCG_004,177
AAATCCTACCTGAGTGAGCG_005,137
TTCAAAACAGTGAACTCGTG_001,181
TTCAAAACAGTGAACTCGTG_002,15
TTCAAAACAGTGAACTCGTG_003,144
TTCAAAACAGTGAACTCGTG_004,38
TTCAAAACAGTGAACTCGTG_005,70
TTCAAAACAGTGAACTCGTG_006,13
TTCAAAACAGTGAACTCGTG_007,96
TTCAAAACAGTGAACTCGTG_008,35
TTCAAAACAGTGAACTCGTG_009,197
TTCAAAACAGTGAACTCGTG_010,49
TTCAAAACAGTGAACTCGTG_011,192
TTCAAAACAGTGAACTCGTG_012,183
TTCAAAACAGTGAACTCGTG_013,37
ACAGTGAACCAGGGACTCTG_001,191
ACAGTGAACCAGGGACTCTG_002,19
ACAGTGAACCAGGGACTCTG_003,78
ACAGTGAACCAGGGACTCTG_004,149
ACAGTGAACCAGGGACTCTG_005,178
ACAGTGAACCAGGGACTCTG_006,114
ACAGTGAACCAGGGACTCTG_007,137
ACAGTGAACCAGGGACTCTG_008,150
ACAGTGAACCAGGGACTCTG_009,162
ACAGTGAACCAGGGACTCTG_010,65
ACAGTGAACCAGGGACTCTG_011,105
ACAGTGAACCAGGGACTCTG_012,144
ACAGTGAACCAGGGACTCTG_013,165
ACAGTGAACCAGGGACTCTG_014,65
ACAGTGAACCAGGGACTCTG_015,78
ACAGTGAACCAGGGACTCTG_016,18
ACAGTGAACCAGGGACTCTG_017,149
ACAGTGAACCAGGGACTCTG_018,49
ACAGTGAACCAGGGACTCTG_019,70
ACAGTGAACCAGGGACTCTG_020,38
ACAGTGAACCAGGGACTCTG_021,88
ACAGTGAACCAGGGACTCTG_022,134
ACAGTGAACCAGGGACTCTG_023,28
ACAGTGAACCAGGGACTCTG_024,124
ACAGTGAACCAGGGACTCTG_025,108
ACAGTGAACCAGGGACTCTG_026,161
ACAGTGAACCAGGGACTCTG_027,185
ACAGTGAACCAGGGACTCTG_028,185
ACAGTGAACCAGGGACTCTG_029,70
ACAGTGAACCAGGGACTCTG_030,12
ACAGTGAACCAGGGACTCTG_031,115
ACAGTGAACCAGGGACTCTG_032,29
ACAGTGAACCAGGGACTCTG_033,156
ACAGTGAACCAGGGACTCTG_034,145
ACAGTGAACCAGGGACTCTG_035,116
ACAGTGAACCAGGGACTCTG_036,40
ACAGTGAACCAGGGACTCTG_037,146
ACAGTGAACCAGGGACTCTG_038,39
ACAGTGAACCAGGGACTCTG_039,194
ACAGTGAACCAGGGACTCTG_040,182
ACAGTGAACCAGGGACTCTG_041,58
ACAGTGAACCAGGGACTCTG_042,81
ACAGTGAACCAGGGACTCTG_043,60
ACAGTGAACCAGGGACTCTG_044,65
ACAGTGAACCAGGGACTCTG_045,68
ACAGTGAACCAGGGACTCTG_046,35
ACAGTGAACCAGGGACTCTG_047,144
ACAGTGAACCAGGGACTCTG_048,49
ACAGTGAACCAGGGACTCTG_049,129
ACAGTGAACCAGGGACTCTG_050,183
AGGGCCACCTTATTTGCGAG_001,1
AGGGCCACCTTATTTGCGAG_002,9
AGGGCCACCTTATTTGCGAG_003,199
AGGGCCACCTTATTTGCGAG_004,151
AGGGCCACCTTATTTGCGAG_005,170
AGGGCCACCTTATTTGCGAG_006,30
AGGGCCACCTTATTTGCGAG_007,50
AGGGCCACCTTATTTGCGAG_008,168
AGGGCCACCTTATTTGCGAG_009,103
AGGGCCACCTTATTTGCGAG_010,19
CTTTCCCACAGCCACTGTAG_001,49
CTTTCCCACAGCCACTGTAG_002,137
CTTTCCCACAGCCACTGTAG_003,42
CTTTCCCACAGCCACTGTAG_004,117
CTTTCCCACAGCCACTGTAG_005,65
CTTTCCCACAGCCACTGTAG_006,150
CTTTCCCACAGCCACTGTAG_007,158
CTTTCCCACAGCCACTGTAG_008,17
CTTTCCCACAGCCACTGTAG_009,108
CTTTCCCACAGCCACTGTAG_010,55
CTTTCCCACAGCCACTGTAG_011,138
GAGTTGACTACATGCATGAG_001,70
GAGTTGACTACATGCATGAG_002,8
GAGTTGACTACATGCATGAG_003,136
GAGTTGACTACATGCATGAG_004,124
GAGTTGACTACATGCATGAG_005,99
GAGTTGACTACATGCATGAG_006,148
GAGTTGACTACATGCATGAG_007,81
GCTCCACCAAGAGCATGTCG_001,94
GCTCCACCAAGAGCATGTCG_002,105
GCTCCACCAAGAGCATGTCG_003,123
GCTCCACCAAGAGCATGTCG_004,141
GCTCCACCAAGAGCATGTCG_005,56
GCTCCACCAAGAGCATGTCG_006,177
GCTCCACCAAGAGCATGTCG_007,133
GCTCCACCAAGAGCATGTCG_008,53
GCTCCACCAAGAGCATGTCG_009,34
GCTCCACCAAGAGCATGTCG_010,63
GCTCCACCAAGAGCATGTCG_011,196
GCTCCACCAAGAGCATGTCG_012,52
GCTCCACCAAGAGCATGTCG_013,127
GCTCCACCAAGAGCATGTCG_014,10
GGAGTTCTTCGATGCCTGCG_001,193
GGAGTTCTTCGATGCCTGCG_002,115
GGAGTTCTTCGATGCCTGCG_003,133
GGAGTTCTTCGATGCCTGCG_004,121
GGAGTTCTTCGATGCCTGCG_005,198
GGAGTTCTTCGATGCCTGCG_006,76
GGAGTTCTTCGATGCCTGCG_007,49
GGAGTTCTTCGATGCCTGCG_008,107
GGAGTTCTTCGATGCCTGCG_009,198
GGAGTTCTTCGATGCCTGCG_010,179
GGAGTTCTTCGATGCCTGCG_011,194
GGAGTTCTTCGATGCCTGCG_012,83
GGAGTTCTTCGATGCCTGCG_013,184
GGAGTTCTTCGATGCCTGCG_014,173
GGAGTTCTTCGATGCCTGCG_015,102
GGAGTTCTTCGATGCCTGCG_016,43
GGAGTTCTTCGATGCCTGCG_017,175
GGAGTTCTTCGATGCCTGCG_018,64
GGAGTTCTTCGATGCCTGCG_019,62
GGAGTTCTTCGATGCCTGCG_020,28
GGGTAACGGGGAAAAGTCCG_001,130
GGGTAACGGGGAAAAGTCCG_002,118
GGGTAACGGGGAAAAGTCCG_003,188
GGGTAACGGGGAAAAGTCCG_004,21
GGGTAACGGGGAAAAGTCCG_005,162
GGGTAACGGGGAAAAGTCCG_006,140
GGGTAACGGGGAAAAGTCCG_007,197
GGGTAACGGGGAAAAGTCCG_008,71
GGGTAACGGGGAAAAGTCCG_009,66
TCCAGAAGACGAAATACGCG_001,97
TCCAGAAGACGAAATACGCG_002,6
TCCAGAAGACGAAATACGCG_003,104
TCCAGAAGACGAAATACGCG_004,166
TCCAGAAGACGAAATACGCG_005,19
TCCAGAAGACGAAATACGCG_006,1
TCCAGAAGACGAAATACGCG_007,83
TCCAGAAGACGAAATACGCG_008,197
TCCAGAAGACGAAATACGCG_009,187
TCCAGAAGACGAAATACGCG_010,88
TCCAGAAGACGAAATACGCG_011,14
TCCAGAAGACGAAATACGCG_012,29
TCCAGAAGACGAAATACGCG_013,2
TCCAGAAGACGAAATACGCG_014,194
TCCAGAAGACGAAATACGCG_015,63
TTTAATCCATCAAAGGTGCG_001,188
TTTAATCCATCAAAGGTGCG_002,161
TTTAATCCATCAAAGGTGCG_003,106
TTTAATCCATCAAAGGTGCG_004,53
TTTAATCCATCAAAGGTGCG_005,6
TTTAATCCATCAAAGGTGCG_006,170
TTTAATCCATCAAAGGTGCG_007,83
TTTAATCCATCAAAGGTGCG_008,35
TTTAATCCATCAAAGGTGCG_009,174
TTTAATCCATCAAAGGTGCG_010,45
TTTAATCCATCAAAGGTGCG_011,199
TTTAATCCATCAAAGGTGCG_012,19
TTTAATCCATCAAAGGTGCG_013,42
TTTAATCCATCAAAGGTGCG_014,5
TTTAATCCATCAAAGGTGCG_015,68
TTTAATCCATCAAAGGTGCG_016,72
TTTAATCCATCAAAGGTGCG_017,156
TGTGAAGGACGATATGAACG_001,0
TGTGAAGGACGATATGAACG_002,183
TGTGAAGGACGATATGAACG_003,185
TGTGAAGGACGATATGAACG_004,50
TGTGAAGGACGATATGAACG_005,162
TGTGAAGGACGATATGAACG_006,78
TGTCATAACATGAACATCTG_001,60
TGTCATAACATGAACATCTG_002,129
TGTCATAACATGAACATCTG_003,106
TGTCATAACATGAACATCTG_004,23
TGTCATAACATGAACATCTG_005,101
TGTCATAACATGAACATCTG_006,156
TGTCATAACATGAACATCTG_007,86
TGTCATAACATGAACATCTG_008,151
TGTCATAACATGAACATCTG_009,69
TGTCATAACATGAACATCTG_010,55
TGTCATAACATGAACATCTG_011,176
TGTCATAACATGAACATCTG_012,98
TGTCATAACATGAACATCTG_013,78
TGTCATAACATGAACATCTG_014,159
TGTCATAACATGAACATCTG_015,170
TGTCATAACATGAACATCTG_016,197
TGTCATAACATGAACATCTG_017,40
TGTCATAACATGAACATCTG_018,104
TGTCATAACATGAACATCTG_019,195
TGTCATAACATGAACATCTG_020,132
TGTCATAACATGAACATCTG_021,145
TGTCATAACATGAACATCTG_022,56
TGTCATAACATGAACATCTG_023,165
ACTGCTAAGAATTCCCTGGT_001,102
ACTGCTAAGAATTCCCTGGT_002,170
ACTGCTAAGAATTCCCTGGT_003,174
GCGGCAGGGTCACGATGCTG_001,51
GCGGCAGGGTCACGATGCTG_002,23
GCGGCAGGGTCACGATGCTG_003,149
GCGGCAGGGTCACGATGCTG_004,102
GCGGCAGGGTCACGATGCTG_005,160
GCGGCAGGGTCACGATGCTG_006,86
GCGGCAGGGTCACGATGCTG_007,38
GCGGCAGGGTCACGATGCTG_008,176
GCGGCAGGGTCACGATGCTG_009,105
GCGGCAGGGTCACGATGCTG_010,142
GCGGCAGGGTCACGATGCTG_011,15
GCGGCAGGGTCACGATGCTG_012,86
GCGGCAGGGTCACGATGCTG_013,101
GCGGCAGGGTCACGATGCTG_014,137
GCGGCAGGGTCACGATGCTG_015,160
GCGGCAGGGTCACGATGCTG_016,68
GCGGCAGGGTCACGATGCTG_017,136
GCGGCAGGGTCACGATGCTG_018,178
GCGGCAGGGTCACGATGCTG_019,94
GCGGCAGGGTCACGATGCTG_020,75
GCGGCAGGGTCACGATGCTG_021,136
GCGGCAGGGTCACGATGCTG_022,27
GCGGCAGGGTCACGATGCTG_023,159
GCGGCAGGGTCACGATGCTG_024,46
GCGGCAGGGTCACGATGCTG_025,28
GCGGCAGGGTCACGATGCTG_026,127
GCGGCAGGGTCACGATGCTG_027,144
ACCAGAGCAGTAACCCCCGA_001,48
ACCAGAGCAGTAACCCCCGA_002,61
ACCAGAGCAGTAACCCCCGA_003,80
ACCAGAGCAGTAACCCCCGA_004,62
ACCAGAGCAGTAACCCCCGA_005,92
ACCAGAGCAGTAACCCCCGA_006,85
ACCAGAGCAGTAACCCCCGA_007,150
ACCAGAGCAGTAACCCCCGA_008,169
CCTGAAATGCATCCTACAGA_001,103
TTAAACTCAGGATAGATGCC_001,171
TTAAACTCAGGATAGATGCC_002,33
TTAAACTCAGGATAGATGCC_003,19
TTAAACTCAGGATAGATGCC_004,164
TTAAACTCAGGATAGATGCC_005,70
TTAAACTCAGGATAGATGCC_006,65
TTAAACTCAGGATAGATGCC_007,56
TTAAACTCAGGATAGATGCC_008,10
ATTACTTACAGCAGACAACC_001,169
ATTACTTACAGCAGACAACC_002,164
CCGCCCCCGAAGTCCCAGAC_001,73
CCGCCCCCGAAGTCCCAGAC_002,12
CCGCCCCCGAAGTCCCAGAC_003,20
CCGCCCCCGAAGTCCCAGAC_004,88
CCGCCCCCGAAGTCCCAGAC_005,53
CCGCCCCCGAAGTCCCAGAC_006,22
CCGCCCCCGAAGTCCCAGAC_007,166
CCGCCCCCGAAGTCCCAGAC_008,188
CCGCCCCCGAAGTCCCAGAC_009,47
CCGCCCCCGAAGTCCCAGAC_010,196
CCGCCCCCGAAGTCCCAGAC_011,33
CCGCCCCCGAAGTCCCAGAC_012,2
CCGCCCCCGAAGTCCCAGAC_013,133
CCGCCCCCGAAGTCCCAGAC_014,152
CCGCCCCCGAAGTCCCAGAC_015,142
CCGCCCCCGAAGTCCCAGAC_016,182
CCGCCCCCGAAGTCCCAGAC_017,142
CCGCCCCCGAAGTCCCAGAC_018,84
CCGCCCCCGAAGTCCCAGAC_019,180
CCTCTGCTAATCTTTGCTCC_001,76
CCTCTGCTAATCTTTGCTCC_002,82
CCTCTGCTAATCTTTGCTCC_003,152
CCTCTGCTAATCTTTGCTCC_004,69
TCCGGAGGCTCAAACCAAGT_001,169
TCCGGAGGCTCAAACCAAGT_002,17
TCCGGAGGCTCAAACCAAGT_003,170
TCCGGAGGCTCAAACCAAGT_004,56
TCCGGAGGCTCAAACCAAGT_005,105
TCCGGAGGCTCAAACCAAGT_006,197
TCCGGAGGCTCAAACCAAGT_007,144
TCCGGAGGCTCAAACCAAGT_008,35
TCCGGAGGCTCAAACCAAGT_009,38
TCCGGAGGCTCAAACCAAGT_010,37
TCCGGAGGCTCAAACCAAGT_011,41
TCCGGAGGCTCAAACCAAGT_012,131
GTAGTTGTGGGCGAAGCGCA_001,17
GTAGTTGTGGGCGAAGCGCA_002,127
GTAGTTGTGGGCGAAGCGCA_003,189
GTAGTTGTGGGCGAAGCGCA_004,92
GTAGTTGTGGGCGAAGCGCA_005,121
GTAGTTGTGGGCGAAGCGCA_006,85
GTAGTTGTGGGCGAAGCGCA_007,137
GTAGTTGTGGGCGAAGCGCA_008,10
GTAGTTGTGGGCGAAGCGCA_009,183
GTAGTTGTGGGCGAAGCGCA_010,15
GTAGTTGTGGGCGAAGCGCA_011,172
GTAGTTGTGGGCGAAGCGCA_012,1
GTAGTTGTGGGCGAAGCGCA_013,55
GTAGTTGTGGGCGAAGCGCA_014,180
ACTCTCGGAATTGGTCAAAG_001,107
AGACACCGGATGGCGCTGTG_001,102
AGACACCGGATGGCGCTGTG_002,191
AGACACCGGATGGCGCTGTG_003,176
AGACACCGGATGGCGCTGTG_004,54
AGACACCGGATGGCGCTGTG_005,98
AGACACCGGATGGCGCTGTG_006,48
AGACACCGGATGGCGCTGTG_007,193
AGACACCGGATGGCGCTGTG_008,72
AGACACCGGATGGCGCTGTG_009,45
AGACACCGGATGGCGCTGTG_010,77
AGACACCGGATGGCGCTGTG_011,186
AGACACCGGATGGCGCTGTG_012,187
AGACACCGGATGGCGCTGTG_013,60
AGACACCGGATGGCGCTGTG_014,132
AGACACCGGATGGCGCTGTG_015,11
AGACACCGGATGGCGCTGTG_016,33
AGACACCGGATGGCGCTGTG_017,137
AGACACCGGATGGCGCTGTG_018,197
AGACACCGGATGGCGCTGTG_019,147
AGACACCGGATGGCGCTGTG_020,114
AGACACCGGATGGCGCTGTG_021,46
AGACACCGGATGGCGCTGTG_022,68
AGACACCGGATGGCGCTGTG_023,131
AGACACCGGATGGCGCTGTG_024,152
AGACACCGGATGGCGCTGTG_025,70
AGACACCGGATGGCGCTGTG_026,181
AGACACCGGATGGCGCTGTG_027,171
AGACACCGGATGGCGCTGTG_028,41
AGACACCGGATGGCGCTGTG_029,19
TGCCTGCAAAGCCTGAAAGG_001,45
TGCCTGCAAAGCCTGAAAGG_002,9
TGCCTGCAAAGCCTGAAAGG_003,130
TGCCTGCAAAGCCTGAAAGG_004,157
TGTACATCCTATTCATACTG_001,83
TGTACATCCTATTCATACTG_002,156
TGTACATCCTATTCATACTG_003,144
TGTACATCCTATTCATACTG_004,1
TTGGGCTCTGGGCACTATGT_001,176
TTGGGCTCTGGGCACTATGT_002,76
TTGGGCTCTGGGCACTATGT_003,163
TTGGGCTCTGGGCACTATGT_004,70
TGCTGGCGTTCCATGCGACG_001,194
CTTCAAGAGGACGATAAGGA_001,133
CTTCAAGAGGACGATAAGGA_002,145
CTTCAAGAGGACGATAAGGA_003,30
CTTCAAGAGGACGATAAGGA_004,144
CTTCAAGAGGACGATAAGGA_005,13
CTTCAAGAGGACGATAAGGA_006,65
GCTGCGCAGGTAATCCACAA_001,117
GCTGCGCAGGTAATCCACAA_002,48
GCTGCGCAGGTAATCCACAA_003,88
GCTGCGCAGGTAATCCACAA_004,77
GCTGCGCAGGTAATCCACAA_005,76
GCTGCGCAGGTAATCCACAA_006,4
GCTGCGCAGGTAATCCACAA_007,137
GCTGCGCAGGTAATCCACAA_008,162
GCTGCGCAGGTAATCCACAA_009,9
GCTGCGCAGGTAATCCACAA_010,146
GCTGCGCAGGTAATCCACAA_011,147
GCTGCGCAGGTAATCCACAA_012,105
GCTGCGCAGGTAATCCACAA_013,68
GCTGCGCAGGTAATCCACAA_014,77
GCTGCGCAGGTAATCCACAA_015,33
GGCATCAAAACACGTGAAGG_001,63
GGCATCAAAACACGTGAAGG_002,78
GGCATCAAAACACGTGAAGG_003,57
GGCATCAAAACACGTGAAGG_004,78
GGCATCAAAACACGTGAAGG_005,111
GGCATCAAAACACGTGAAGG_006,194
GGCATCAAAACACGTGAAGG_007,194
GGCATCAAAACACGTGAAGG_008,141
GGCATCAAAACACGTGAAGG_009,28
GGCATCAAAACACGTGAAGG_010,3
GGCATCAAAACACGTGAAGG_011,159
GGCATCAAAACACGTGAAGG_012,136
GTACATGGGCTCATGCAAGG_001,157
GTACATGGGCTCATGCAAGG_002,45
GTACATGGGCTCATGCAAGG_003,107
GTACATGGGCTCATGCAAGG_004,45
GTACATGGGCTCATGCAAGG_005,8
GTACATGGGCTCATGCAAGG_006,52
GTACATGGGCTCATGCAAGG_007,148
GTACATGGGCTCATGCAAGG_008,174
GCATTGACCATCGATTCTGC_001,23
GCATTGACCATCGATTCTGC_002,184
GCATTGACCATCGATTCTGC_003,34
GCATTGACCATCGATTCTGC_004,121
GCATTGACCATCGATTCTGC_005,54
GCATTGACCATCGATTCTGC_006,154
GCATTGACCATCGATTCTGC_007,2
GCATTGACCATCGATTCTGC_008,6
GCATTGACCATCGATTCTGC_009,121
GCGCTGCAGGAAATAGCCGA_001,170
GCGCTGCAGGAAATAGCCGA_002,63
GCGCTGCAGGAAATAGCCGA_003,48
GCGCTGCAGGAAATAGCCGA_004,134
GCGCTGCAGGAAATAGCCGA_005,58
GCGCTGCAGGAAATAGCCGA_006,28
GCGCTGCAGGAAATAGCCGA_007,175
GCGCTGCAGGAAATAGCCGA_008,20
GCGCTGCAGGAAATAGCCGA_009,141
GCGCTGCAGGAAATAGCCGA_010,78
GCGCTGCAGGAAATAGCCGA_011,104
GCGCTGCAGGAAATAGCCGA_012,41
GCGCTGCAGGAAATAGCCGA_013,77
GCGCTGCAGGAAATAGCCGA_014,116
GCGCTGCAGGAAATAGCCGA_015,172
GCGCTGCAGGAAATAGCCGA_016,156
GCGCTGCAGGAAATAGCCGA_017,20
GCGCTGCAGGAAATAGCCGA_018,63
GCGCTGCAGGAAATAGCCGA_019,65
GCGCTGCAGGAAATAGCCGA_020,146
TGGGCCAGGCTCTAGGCGAG_001,62
TGGGCCAGGCTCTAGGCGAG_002,76
TGGGCCAGGCTCTAGGCGAG_003,196
TGGGCCAGGCTCTAGGCGAG_004,127
TGGGCCAGGCTCTAGGCGAG_005,11
TGGGCCAGGCTCTAGGCGAG_006,45
TGGGCCAGGCTCTAGGCGAG_007,112
TGGGCCAGGCTCTAGGCGAG_008,100
GAAAAGCGCTCCATAAACCG_001,9
GAAAAGCGCTCCATAAACCG_002,51
GAAAAGCGCTCCATAAACCG_003,24
GAAAAGCGCTCCATAAACCG_004,103
GAAAAGCGCTCCATAAACCG_005,159
GAAAAGCGCTCCATAAACCG_006,83
GAAAAGCGCTCCATAAACCG_007,12
GAAAAGCGCTCCATAAACCG_008,190
GAAAAGCGCTCCATAAACCG_009,72
CGGCTCCGAGTCGGTCTCCG_001,60
CGGCTCCGAGTCGGTCTCCG_002,41
CGGCTCCGAGTCGGTCTCCG_003,83
CGGCTCCGAGTCGGTCTCCG_004,78
CGGCTCCGAGTCGGTCTCCG_005,16
CGGCTCCGAGTCGGTCTCCG_006,70
CGGCTCCGAGTCGGTCTCCG_007,9
CGGCTCCGAGTCGGTCTCCG_008,66
CGGCTCCGAGTCGGTCTCCG_009,35
CGGCTCCGAGTCGGTCTCCG_010,88
CGGCTCCGAGTCGGTCTCCG_011,169
CGGCTCCGAGTCGGTCTCCG_012,169
CGGCTCCGAGTCGGTCTCCG_013,198
CGGCTCCGAGTCGGTCTCCG_014,120
CGGCTCCGAGTCGGTCTCCG_015,56
CGGCTCCGAGTCGGTCTCCG_016,101
GTGCTGAATACCCTGATGGG_001,189
GTGCTGAATACCCTGATGGG_002,31
GTGCTGAATACCCTGATGGG_003,190
GTGCTGAATACCCTGATGGG_004,145
GTGCTGAATACCCTGATGGG_005,34
GTGCTGAATACCCTGATGGG_006,81
GTGCTGAATACCCTGATGGG_007,128
GTGCTGAATACCCTGATGGG_008,83
GTGCTGAATACCCTGATGGG_009,78
GTGCTGAATACCCTGATGGG_010,150
GTGCTGAATACCCTGATGGG_011,155
GTGCTGAATACCCTGATGGG_012,44
TGGACAGGGTACACCCCACG_001,45
TGGACAGGGTACACCCCACG_002,80
TGGACAGGGTACACCCCACG_003,93
TGGACAGGGTACACCCCACG_004,77
TGGACAGGGTACACCCCACG_005,179
TGGACAGGGTACACCCCACG_006,69
TGGACAGGGTACACCCCACG_007,1
TGGACAGGGTACACCCCACG_008,17
TGGACAGGGTACACCCCACG_009,19
TGGACAGGGTACACCCCACG_010,70
CCTTACAAGAGAGTTCTCCG_001,140
CCTTACAAGAGAGTTCTCCG_002,176
CCTTACAAGAGAGTTCTCCG_003,192
GCCCCTCACCTGGTAAACCG_001,73
GCCCCTCACCTGGTAAACCG_002,115
GCCCCTCACCTGGTAAACCG_003,145
GCCCCTCACCTGGTAAACCG_004,151
GCCCCTCACCTGGTAAACCG_005,96
GCCCCTCACCTGGTAAACCG_006,68
GCCCCTCACCTGGTAAACCG_007,174
GCCCCTCACCTGGTAAACCG_008,158
GCCCCTCACCTGGTAAACCG_009,11
GCCCCTCACCTGGTAAACCG_010,54
GCCCCTCACCTGGTAAACCG_011,103
GCCCCTCACCTGGTAAACCG_012,150
GCCCCTCACCTGGTAAACCG_013,35
GCCCCTCACCTGGTAAACCG_014,3
GCCCCTCACCTGGTAAACCG_015,160
GCCCCTCACCTGGTAAACCG_016,127
GCCCCTCACCTGGTAAACCG_017,69
GCCCCTCACCTGGTAAACCG_018,150
GCCCCTCACCTGGTAAACCG_019,33
GCCCCTCACCTGGTAAACCG_020,41
TACTCGAAACAGCTCCCGTG_001,12
TACTCGAAACAGCTCCCGTG_002,41
TACTCGAAACAGCTCCCGTG_003,40
TACTCGAAACAGCTCCCGTG_004,140
TACTCGAAACAGCTCCCGTG_005,144
TACTCGAAACAGCTCCCGTG_006,147
TACTCGAAACAGCTCCCGTG_007,172
TACTCGAAACAGCTCCCGTG_008,5
TACTCGAAACAGCTCCCGTG_009,22
TACTCGAAACAGCTCCCGTG_010,39
TACTCGAAACAGCTCCCGTG_011,34
TACTCGAAACAGCTCCCGTG_012,46
TACTCGAAACAGCTCCCGTG_013,37
TTCGGGCCCATCGTCAACGA_001,42
TTCGGGCCCATCGTCAACGA_002,176
TTCGGGCCCATCGTCAACGA_003,1
TTCGGGCCCATCGTCAACGA_004,168
TTCGGGCCCATCGTCAACGA_005,121
TTCGGGCCCATCGTCAACGA_006,115
TAGGCTTGATTTGCCAACAG_001,121
TAGGCTTGATTTGCCAACAG_002,181
TAGGCTTGATTTGCCAACAG_003,197
TAGGCTTGATTTGCCAACAG_004,134
TAGGCTTGATTTGCCAACAG_005,93
TAGGCTTGATTTGCCAACAG_006,93
TAGGCTTGATTTGCCAACAG_007,160
TAGGCTTGATTTGCCAACAG_008,152
TAGGCTTGATTTGCCAACAG_009,179
TAGGCTTGATTTGCCAACAG_010,127
TAGGCTTGATTTGCCAACAG_011,98
TAGGCTTGATTTGCCAACAG_012,178
TAGGCTTGATTTGCCAACAG_013,146
TAGGCTTGATTTGCCAACAG_014,166
TAGGCTTGATTTGCCAACAG_015,144
TAGGCTTGATTTGCCAACAG_016,179
ACTGTGCCGACAGTTCTCTG_001,76
ACTGTGCCGACAGTTCTCTG_002,55
ACTGTGCCGACAGTTCTCTG_003,130
ACTGTGCCGACAGTTCTCTG_004,99
ACTGTGCCGACAGTTCTCTG_005,5
ACTGTGCCGACAGTTCTCTG_006,116
ACTGTGCCGACAGTTCTCTG_007,113
ACTGTGCCGACAGTTCTCTG_008,168
ACTGTGCCGACAGTTCTCTG_009,113
ACTGTGCCGACAGTTCTCTG_010,113
ACTGTGCCGACAGTTCTCTG_011,183
ACTGTGCCGACAGTTCTCTG_012,151
ACTGTGCCGACAGTTCTCTG_013,77
ACTGTGCCGACAGTTCTCTG_014,60
ACTGTGCCGACAGTTCTCTG_015,4
ACTGTGCCGACAGTTCTCTG_016,188
ACTGTGCCGACAGTTCTCTG_017,12
ACTGTGCCGACAGTTCTCTG_018,13
ACTGTGCCGACAGTTCTCTG_019,49
ACTGTGCCGACAGTTCTCTG_020,185
ACTGTGCCGACAGTTCTCTG_021,162
ACTGTGCCGACAGTTCTCTG_022,65
ACTGTGCCGACAGTTCTCTG_023,36
ACTGTGCCGACAGTTCTCTG_024,36
ACTGTGCCGACAGTTCTCTG_025,146
ACTGTGCCGACAGTTCTCTG_026,152
ACTGTGCCGACAGTTCTCTG_027,115
ATCTCAACCATCCGCCTGCG_001,33
ATCTCAACCATCCGCCTGCG_002,110
ATCTCAACCATCCGCCTGCG_003,98
ATCTCAACCATCCGCCTGCG_004,38
ATCTCAACCATCCGCCTGCG_005,98
ATCTCAACCATCCGCCTGCG_006,176
CATCTACAAAGTGCTAAAGC_001,134
CATCTACAAAGTGCTAAAGC_002,142
CATCTACAAAGTGCTAAAGC_003,30
TGTTGATGGCAAACACACAC_001,84
TGTTGATGGCAAACACACAC_002,111
TGTTGATGGCAAACACACAC_003,106
TGTTGATGGCAAACACACAC_004,160
TGTTGATGGCAAACACACAC_005,163
TGTTGATGGCAAACACACAC_006,181
TGTTGATGGCAAACACACAC_007,182
TGTTGATGGCAAACACACAC_008,170
TGTTGATGGCAAACACACAC_009,62
TGTTGATGGCAAACACACAC_010,115
TGTTGATGGCAAACACACAC_011,166
TGTTGATGGCAAACACACAC_012,9
TGTTGATGGCAAACACACAC_013,190
TGTTGATGGCAAACACACAC_014,85
TGTTGATGGCAAACACACAC_015,4
TGTTGATGGCAAACACACAC_016,168
TGTTGATGGCAAACACACAC_017,84
TGTTGATGGCAAACACACAC_018,160
TGTTGATGGCAAACACACAC_019,90
TGTTGATGGCAAACACACAC_020,63
TGTTGATGGCAAACACACAC_021,1
TGTTGATGGCAAACACACAC_022,106
TGTTGATGGCAAACACACAC_023,4
TGTTGATGGCAAACACACAC_024,4
TTGTGGTCAATGTCACTCCG_001,185
TTGTGGTCAATGTCACTCCG_002,169
TTGTGGTCAATGTCACTCCG_003,17
TTGTGGTCAATGTCACTCCG_004,150
TTGTGGTCAATGTCACTCCG_005,1
TTGTGGTCAATGTCACTCCG_006,108
TTGTGGTCAATGTCACTCCG_007,69
TTGTGGTCAATGTCACTCCG_008,82
TTGTGGTCAATGTCACTCCG_009,130
TTGTGGTCAATGTCACTCCG_010,166
TTGTGGTCAATGTCACTCCG_011,177
TTGTGGTCAATGTCACTCCG_012,183
TTGTGGTCAATGTCACTCCG_013,158
TTGTGGTCAATGTCACTCCG_014,180
TTGTGGTCAATGTCACTCCG_015,1
TTGTGGTCAATGTCACTCCG_016,12
AGGGCCCCATACGTGCGCCA_001,76
AGGGCCCCATACGTGCGCCA_002,49
AGGGCCCCATACGTGCGCCA_003,141
AGGGCCCCATACGTGCGCCA_004,64
AGGGCCCCATACGTGCGCCA_005,28
ATCTGCTACTTCCTCGACTA_001,96
ATCTGCTACTTCCTCGACTA_002,102
ATCTGCTACTTCCTCGACTA_003,73
ATCTGCTACTTCCTCGACTA_004,78
ATCTGCTACTTCCTCGACTA_005,149
CTTTCGAAGTTCAGTAAGCA_001,76
CTTTCGAAGTTCAGTAAGCA_002,129
CTTTCGAAGTTCAGTAAGCA_003,3
GACACTGATCAGCCACACAA_001,196
GACACTGATCAGCCACACAA_002,96
GACACTGATCAGCCACACAA_003,147
GACACTGATCAGCCACACAA_004,179
GACACTGATCAGCCACACAA_005,138
GACACTGATCAGCCACACAA_006,100
GACACTGATCAGCCACACAA_007,16
GACACTGATCAGCCACACAA_008,151
GACACTGATCAGCCACACAA_009,197
GACACTGATCAGCCACACAA_010,88
GACACTGATCAGCCACACAA_011,88
GACACTGATCAGCCACACAA_012,92
GACACTGATCAGCCACACAA_013,178
GACACTGATCAGCCACACAA_014,138
GACACTGATCAGCCACACAA_015,93
GACACTGATCAGCCACACAA_016,189
GACACTGATCAGCCACACAA_017,9
GGACAGTGAACAGGTAGACC_001,4
GGACAGTGAACAGGTAGACC_002,113
GGACAGTGAACAGGTAGACC_003,48
GGACAGTGAACAGGTAGACC_004,61
GGACAGTGAACAGGTAGACC_005,26
GGACAGTGAACAGGTAGACC_006,46
GGACAGTGAACAGGTAGACC_007,174
GGACAGTGAACAGGTAGACC_008,28
GGACAGTGAACAGGTAGACC_009,166
GGACAGTGAACAGGTAGACC_010,41
GGACGAAAAATATCAGCTTG_001,48
GGACGAAAAATATCAGCTTG_002,155
GGACGAAAAATATCAGCTTG_003,15
GGACGAAAAATATCAGCTTG_004,61
GGACGAAAAATATCAGCTTG_005,82
GGACGAAAAATATCAGCTTG_006,152
GGACGAAAAATATCAGCTTG_007,170
GGACGAAAAATATCAGCTTG_008,102
CTTAGTGCTACATCAGACTG_001,5
CTTAGTGCTACATCAGACTG_002,48
CTTAGTGCTACATCAGACTG_003,150
CTTAGTGCTACATCAGACTG_004,70
CTTAGTGCTACATCAGACTG_005,2
CTTAGTGCTACATCAGACTG_006,180
GGTACTCGTATACGTAGCCA_001,162
TGATGTGGCCTATATCAATG_001,53
TGATGTGGCCTATATCAATG_002,4
TGATGTGGCCTATATCAATG_003,141
TGATGTGGCCTATATCAATG_004,180
AACAACTACCTGACTGACGA_001,188
AACAACTACCTGACTGACGA_002,81
AACAACTACCTGACTGACGA_003,45
AACAACTACCTGACTGACGA_004,148
AACAACTACCTGACTGACGA_005,148
CGTTGAAGATGACAATAGGG_001,73
CGTTGAAGATGACAATAGGG_002,107
CGTTGAAGATGACAATAGGG_003,119
CGTTGAAGATGACAATAGGG_004,49
CGTTGAAGATGACAATAGGG_005,140
CGTTGAAGATGACAATAGGG_006,2
CCGTTCAGAGGGTGATCCAG_001,161
CCGTTCAGAGGGTGATCCAG_002,10
CCGTTCAGAGGGTGATCCAG_003,115
CCGTTCAGAGGGTGATCCAG_004,9
CCGTTCAGAGGGTGATCCAG_005,172
CCGTTCAGAGGGTGATCCAG_006,186
CCGTTCAGAGGGTGATCCAG_007,94
CCGTTCAGAGGGTGATCCAG_008,12
CCGTTCAGAGGGTGATCCAG_009,86
CCGTTCAGAGGGTGATCCAG_010,50
CCGTTCAGAGGGTGATCCAG_011,6
CCGTTCAGAGGGTGATCCAG_012,137
CCGTTCAGAGGGTGATCCAG_013,71
CCGTTCAGAGGGTGATCCAG_014,113
CCGTTCAGAGGGTGATCCAG_015,185
CCGTTCAGAGGGTGATCCAG_016,41
CCGTTCAGAGGGTGATCCAG_017,83
CCGTTCAGAGGGTGATCCAG_018,45
CCGTTCAGAGGGTGATCCAG_019,199
CCGTTCAGAGGGTGATCCAG_020,125
CCGTTCAGAGGGTGATCCAG_021,138
CCGTTCAGAGGGTGATCCAG_022,80
CCGTTCAGAGGGTGATCCAG_023,34
CCGTTCAGAGGGTGATCCAG_024,34
AGTGAGCAGCGCGAACACGT_001,199
AGTGAGCAGCGCGAACACGT_002,6
AGTGAGCAGCGCGAACACGT_003,133
AGTGAGCAGCGCGAACACGT_004,11
AGTGAGCAGCGCGAACACGT_005,174
CTTTAGCGCTGCCTCCGATG_001,16
CTTTAGCGCTGCCTCCGATG_002,130
CTTTAGCGCTGCCTCCGATG_003,6
CTTTAGCGCTGCCTCCGATG_004,29
CTTTAGCGCTGCCTCCGATG_005,150
CTTTAGCGCTGCCTCCGATG_006,54
TCAGAAGAAAAGAATTCCGT_001,158
CCAGGGTGTAACGTTCCGCG_001,31
CCAGGGTGTAACGTTCCGCG_002,121
CCAGGGTGTAACGTTCCGCG_003,150
CCAGGGTGTAACGTTCCGCG_004,169
CCAGGGTGTAACGTTCCGCG_005,105
CCACGGGAAGAGCCATCACA_001,171
CCACGGGAAGAGCCATCACA_002,127
CCACGGGAAGAGCCATCACA_003,19
CCACGGGAAGAGCCATCACA_004,137
CCACGGGAAGAGCCATCACA_005,100
CCACGGGAAGAGCCATCACA_006,34
CCACGGGAAGAGCCATCACA_007,116
CCACGGGAAGAGCCATCACA_008,49
CCACGGGAAGAGCCATCACA_009,179
CCACGGGAAGAGCCATCACA_010,192
CCACGGGAAGAGCCATCACA_011,130
CCACGGGAAGAGCCATCACA_012,72
CCACGGGAAGAGCCATCACA_013,9
CCACGGGAAGAGCCATCACA_014,40
CCACGGGAAGAGCCATCACA_015,116
CCACGGGAAGAGCCATCACA_016,83
CCACGGGAAGAGCCATCACA_017,20
CCACGGGAAGAGCCATCACA_018,57
CCACGGGAAGAGCCATCACA_019,144
CCACGGGAAGAGCCATCACA_020,143
CCACGGGAAGAGCCATCACA_021,143
CCACGGGAAGAGCCATCACA_022,168
CCACGGGAAGAGCCATCACA_023,3
CCACGGGAAGAGCCATCACA_024,10
ACCGGGAACTCTCTGCGACG_001,104
ACCGGGAACTCTCTGCGACG_002,175
CAGCTGTTTCAGAACAACTG_001,74
CAGCTGTTTCAGAACAACTG_002,98
CAGCTGTTTCAGAACAACTG_003,182
CAGCTGTTTCAGAACAACTG_004,37
CAGCTGTTTCAGAACAACTG_005,15
CAGCTGTTTCAGAACAACTG_006,158
CAGCTGTTTCAGAACAACTG_007,1
CAGCTGTTTCAGAACAACTG_008,32
CAGCTGTTTCAGAACAACTG_009,1
CAGCTGTTTCAGAACAACTG_010,152
CAGCTGTTTCAGAACAACTG_011,196
CAGCTGTTTCAGAACAACTG_012,136
CAGCTGTTTCAGAACAACTG_013,148
CAGCTGTTTCAGAACAACTG_014,124
TCAATGATCATAATTCCATG_001,107
TGGACTGGAAAACTCACACC_001,31
GAAATCTTCAACACTATGGA_001,182
GAAATCTTCAACACTATGGA_002,56
GAAATCTTCAACACTATGGA_003,105
GAAATCTTCAACACTATGGA_004,42
GAAATCTTCAACACTATGGA_005,82
GAAATCTTCAACACTATGGA_006,141
GAAATCTTCAACACTATGGA_007,178
GAAATCTTCAACACTATGGA_008,112
GAAATCTTCAACACTATGGA_009,61
GAAATCTTCAACACTATGGA_010,48
TTAAGGCTGTTGCTTCAACA_001,83
TTAAGGCTGTTGCTTCAACA_002,19
TTAAGGCTGTTGCTTCAACA_003,152
TTAAGGCTGTTGCTTCAACA_004,180
AACGAGCTGACCATCCGACG_001,48
AACGAGCTGACCATCCGACG_002,121
AACGAGCTGACCATCCGACG_003,86
AACGAGCTGACCATCCGACG_004,165
AACGAGCTGACCATCCGACG_005,175
AGCCTGTAACCGGTGCACAG_001,181
AGCCTGTAACCGGTGCACAG_002,15
AGCCTGTAACCGGTGCACAG_003,191
AGCCTGTAACCGGTGCACAG_004,68
AGCCTGTAACCGGTGCACAG_005,40
AGCCTGTAACCGGTGCACAG_006,177
AGCCTGTAACCGGTGCACAG_007,146
AGCCTGTAACCGGTGCACAG_008,76
AGCCTGTAACCGGTGCACAG_009,105
AGCCTGTAACCGGTGCACAG_010,160
AGCCTGTAACCGGTGCACAG_011,146
AGCCTGTAACCGGTGCACAG_012,96
AGCCTGTAACCGGTGCACAG_013,170
AGCCTGTAACCGGTGCACAG_014,157
AGCCTGTAACCGGTGCACAG_015,170
AGCCTGTAACCGGTGCACAG_016,139
AGCCTGTAACCGGTGCACAG_017,79
AGCCTGTAACCGGTGCACAG_018,9
AGCCTGTAACCGGTGCACAG_019,157
AGCCTGTAACCGGTGCACAG_020,168
AGCCTGTAACCGGTGCACAG_021,6
AGCCTGTAACCGGTGCACAG_022,26
AGCCTGTAACCGGTGCACAG_023,149
AGCCTGTAACCGGTGCACAG_024,34
AGCCTGTAACCGGTGCACAG_025,83
AGCCTGTAACCGGTGCACAG_026,98
AGCCTGTAACCGGTGCACAG_027,160
AGCCTGTAACCGGTGCACAG_028,116
AGCCTGTAACCGGTGCACAG_029,174
AGCCTGTAACCGGTGCACAG_030,145
AGCCTGTAACCGGTGCACAG_031,114
AGCCTGTAACCGGTGCACAG_032,158
AGCCTGTAACCGGTGCACAG_033,121
AGCCTGTAACCGGTGCACAG_034,117
AGCCTGTAACCGGTGCACAG_035,116
AGCCTGTAACCGGTGCACAG_036,170
AGCCTGTAACCGGTGCACAG_037,185
AGCCTGTAACCGGTGCACAG_038,39
AGCCTGTAACCGGTGCACAG_039,144
AGCCTGTAACCGGTGCACAG_040,191
AGCCTGTAACCGGTGCACAG_041,133
AGCCTGTAACCGGTGCACAG_042,22
AGCCTGTAACCGGTGCACAG_043,150
AGCCTGTAACCGGTGCACAG_044,2
AGCCTGTAACCGGTGCACAG_045,76
AGCCTGTAACCGGTGCACAG_046,56
AGCCTGTAACCGGTGCACAG_047,83
AGCCTGTAACCGGTGCACAG_048,41
AGCCTGTAACCGGTGCACAG_049,15
AGCCTGTAACCGGTGCACAG_050,105
AGCCTGTAACCGGTGCACAG_051,105
AGCCTGTAACCGGTGCACAG_052,172
AGCCTGTAACCGGTGCACAG_053,169
AGCCTGTAACCGGTGCACAG_054,25
AGCCTGTAACCGGTGCACAG_055,176
AGCCTGTAACCGGTGCACAG_056,85
AGCCTGTAACCGGTGCACAG_057,150
AGCCTGTAACCGGTGCACAG_058,85
AGCCTGTAACCGGTGCACAG_059,187
AGCCTGTAACCGGTGCACAG_060,163
AGCCTGTAACCGGTGCACAG_061,71
AGCCTGTAACCGGTGCACAG_062,50
AGCCTGTAACCGGTGCACAG_063,55
AGCCTGTAACCGGTGCACAG_064,15
AGCCTGTAACCGGTGCACAG_065,40
AGCCTGTAACCGGTGCACAG_066,138
AGCCTGTAACCGGTGCACAG_067,10
AGCCTGTAACCGGTGCACAG_068,50
AGCCTGTAACCGGTGCACAG_069,62
AGCCTGTAACCGGTGCACAG_070,6
AGCCTGTAACCGGTGCACAG_071,6
AGCCTGTAACCGGTGCACAG_072,93
AGCCTGTAACCGGTGCACAG_073,22
AGCCTGTAACCGGTGCACAG_074,162
AGCCTGTAACCGGTGCACAG_075,127
TGCATTACCTGTGTAGGTGT_001,2
TGCATTACCTGTGTAGGTGT_002,192
TGCATTACCTGTGTAGGTGT_003,35
TGCATTACCTGTGTAGGTGT_004,3
TGCATTACCTGTGTAGGTGT_005,5
TGCATTACCTGTGTAGGTGT_006,26
AGTACTATAATGACTTCCCG_001,176
AGTACTATAATGACTTCCCG_002,139
TCAGTAGTGGACATCCGAGG_001,199
TCAGTAGTGGACATCCGAGG_002,48
TCAGTAGTGGACATCCGAGG_003,146
TCAGTAGTGGACATCCGAGG_004,2
TCAGTAGTGGACATCCGAGG_005,147
TCAGTAGTGGACATCCGAGG_006,108
TCAGTAGTGGACATCCGAGG_007,98
TCAGTAGTGGACATCCGAGG_008,8
TCAGTAGTGGACATCCGAGG_009,137
TCAGTAGTGGACATCCGAGG_010,69
TCAGTAGTGGACATCCGAGG_011,175
GATGCACATGACATACTCCA_001,102
GATGCACATGACATACTCCA_002,98
GATGCACATGACATACTCCA_003,27
GATGCACATGACATACTCCA_004,1
GAAACAGGGAGCCTTTCCTG_001,168
GAAACAGGGAGCCTTTCCTG_002,119
GAAACAGGGAGCCTTTCCTG_003,152
GAAACAGGGAGCCTTTCCTG_004,76
TCCAAGGTCTCAAGGATCAG_001,2
TCCAAGGTCTCAAGGATCAG_002,121
TCCAAGGTCTCAAGGATCAG_003,1
TCCAAGGTCTCAAGGATCAG_004,47
TCCAAGGTCTCAAGGATCAG_005,49
TCCAAGGTCTCAAGGATCAG_006,145
TCCAAGGTCTCAAGGATCAG_007,44
TCCAAGGTCTCAAGGATCAG_008,191
TCCAAGGTCTCAAGGATCAG_009,66
TCCAAGGTCTCAAGGATCAG_010,3
TTTGTAGCTCACCTCCACCG_001,64
TTTGTAGCTCACCTCCACCG_002,97
TTTGTAGCTCACCTCCACCG_003,4
TTTGTAGCTCACCTCCACCG_004,97
TTTGTAGCTCACCTCCACCG_005,78
TTTGTAGCTCACCTCCACCG_006,17
TTTGTAGCTCACCTCCACCG_007,75
TTTGTAGCTCACCTCCACCG_008,98
TTTGTAGCTCACCTCCACCG_009,40
TTTGTAGCTCACCTCCACCG_010,114
TTTGTAGCTCACCTCCACCG_011,168
TTTGTAGCTCACCTCCACCG_012,147
TTTGTAGCTCACCTCCACCG_013,97
TTTGTAGCTCACCTCCACCG_014,9
TTTGTAGCTCACCTCCACCG_015,118
TTTGTAGCTCACCTCCACCG_016,132
TTTGTAGCTCACCTCCACCG_017,128
GGTCGGCGCTCATGACGGTG_001,36
GGTCGGCGCTCATGACGGTG_002,105
GGTCGGCGCTCATGACGGTG_003,109
GGTCGGCGCTCATGACGGTG_004,94
GGTCGGCGCTCATGACGGTG_005,12
GGTCGGCGCTCATGACGGTG_006,152
GGTCGGCGCTCATGACGGTG_007,93
GGTCGGCGCTCATGACGGTG_008,98
GGTCGGCGCTCATGACGGTG_009,88
GGTCGGCGCTCATGACGGTG_010,192
GGTCGGCGCTCATGACGGTG_011,148
GGTCGGCGCTCATGACGGTG_012,40
GGTCGGCGCTCATGACGGTG_013,33
GGTCGGCGCTCATGACGGTG_014,123
GGTCGGCGCTCATGACGGTG_015,110
CCGCTCAATTCATGGAGATG_001,136
TGAGGCTGACACCCTCAGGA_001,5
TGAGGCTGACACCCTCAGGA_002,72
TGAGGCTGACACCCTCAGGA_003,15
TGAGGCTGACACCCTCAGGA_004,129
TGAGGCTGACACCCTCAGGA_005,193
TGAGGCTGACACCCTCAGGA_006,105
TGAGGCTGACACCCTCAGGA_007,78
TGAGGCTGACACCCTCAGGA_008,174
TGAGGCTGACACCCTCAGGA_009,156
TGAGGCTGACACCCTCAGGA_010,168
TGAGGCTGACACCCTCAGGA_011,102
TGAGGCTGACACCCTCAGGA_012,82
TGAGGCTGACACCCTCAGGA_013,183
TGAGGCTGACACCCTCAGGA_014,145
TGAGGCTGACACCCTCAGGA_015,28
TGAGGCTGACACCCTCAGGA_016,6
TGAGGCTGACACCCTCAGGA_017,94
CAGCATGTGCAATCTCACGT_001,182
CAGCATGTGCAATCTCACGT_002,121
CAGCATGTGCAATCTCACGT_003,84
CAGCATGTGCAATCTCACGT_004,176
CAGCATGTGCAATCTCACGT_005,46
CAGCATGTGCAATCTCACGT_006,121
CAGCATGTGCAATCTCACGT_007,144
CCACCCAAACACAAGTGCAA_001,50
CCACCCAAACACAAGTGCAA_002,50
CCACCCAAACACAAGTGCAA_003,23
CCACCCAAACACAAGTGCAA_004,79
CCACCCAAACACAAGTGCAA_005,126
CCACCCAAACACAAGTGCAA_006,48
CCACCCAAACACAAGTGCAA_007,105
CCACCCAAACACAAGTGCAA_008,157
CCACCCAAACACAAGTGCAA_009,115
CCACCCAAACACAAGTGCAA_010,148
CCACCCAAACACAAGTGCAA_011,121
CCACCCAAACACAAGTGCAA_012,115
CCACCCAAACACAAGTGCAA_013,69
CCACCCAAACACAAGTGCAA_014,20
CCACCCAAACACAAGTGCAA_015,98
CCACCCAAACACAAGTGCAA_016,61
CCACCCAAACACAAGTGCAA_017,70
CCACCCAAACACAAGTGCAA_018,102
CCACCCAAACACAAGTGCAA_019,105
CCACCCAAACACAAGTGCAA_020,63
CCACCCAAACACAAGTGCAA_021,65
CCACCCAAACACAAGTGCAA_022,125
CCACCCAAACACAAGTGCAA_023,42
CCACCCAAACACAAGTGCAA_024,162
CCACCCAAACACAAGTGCAA_025,31
CCACCCAAACACAAGTGCAA_026,60
CCACCCAAACACAAGTGCAA_027,140
CCACCCAAACACAAGTGCAA_028,154
CCACCCAAACACAAGTGCAA_029,160
CCACCCAAACACAAGTGCAA_030,161
CCACCCAAACACAAGTGCAA_031,69
CCACCCAAACACAAGTGCAA_032,76
CCACCCAAACACAAGTGCAA_033,168
CCACCCAAACACAAGTGCAA_034,4
CCACCCAAACACAAGTGCAA_035,78
CCACCCAAACACAAGTGCAA_036,69
TGTGTAATCCACATCCTCTG_001,105
TGTGTAATCCACATCCTCTG_002,62
GCACCACCATAAACCACGCA_001,76
GCACCACCATAAACCACGCA_002,7
GCACCACCATAAACCACGCA_003,150
GCACCACCATAAACCACGCA_004,156
GCACCACCATAAACCACGCA_005,51
GCACCACCATAAACCACGCA_006,108
CACTGTGGCATGGATCACAT_001,163
CACTGTGGCATGGATCACAT_002,191
CACTGTGGCATGGATCACAT_003,65
CACTGTGGCATGGATCACAT_004,65
CACTGTGGCATGGATCACAT_005,146
CACTGTGGCATGGATCACAT_006,53
CACTGTGGCATGGATCACAT_007,191
CACTGTGGCATGGATCACAT_008,185
CACTGTGGCATGGATCACAT_009,149
CACTGTGGCATGGATCACAT_010,49
CACTGTGGCATGGATCACAT_011,69
CACTGTGGCATGGATCACAT_012,29
CACTGTGGCATGGATCACAT_013,35
CACTGTGGCATGGATCACAT_014,94
CACTGTGGCATGGATCACAT_015,169
CACTGTGGCATGGATCACAT_016,177
CACTGTGGCATGGATCACAT_017,15
CACTGTGGCATGGATCACAT_018,47
CACTGTGGCATGGATCACAT_019,121
CACTGTGGCATGGATCACAT_020,155
CACTGTGGCATGGATCACAT_021,96
CACTGTGGCATGGATCACAT_022,60
CACTGTGGCATGGATCACAT_023,128
CACTGTGGCATGGATCACAT_024,159
CACTGTGGCATGGATCACAT_025,91
CACTGTGGCATGGATCACAT_026,33
CACTGTGGCATGGATCACAT_027,30
GCTGCCCGGCAACCCCCGCG_001,29
GCTGCCCGGCAACCCCCGCG_002,118
GCTGCCCGGCAACCCCCGCG_003,14
GCTGCCCGGCAACCCCCGCG_004,52
GCTGCCCGGCAACCCCCGCG_005,129
GCTGCCCGGCAACCCCCGCG_006,70
GCTGCCCGGCAACCCCCGCG_007,64
GCTGCCCGGCAACCCCCGCG_008,113
GCTTTACTCGCACTTCGCAG_001,144
GCTTTACTCGCACTTCGCAG_002,132
GCTTTACTCGCACTTCGCAG_003,154
GCTTTACTCGCACTTCGCAG_004,109
GCTTTACTCGCACTTCGCAG_005,149
GCTTTACTCGCACTTCGCAG_006,48
GCTTTACTCGCACTTCGCAG_007,162
GCTTTACTCGCACTTCGCAG_008,120
GGTGAAAAAAAGTTGAAGAC_001,30
GAAACCAAAGACGAGCACCT_001,0
GAAACCAAAGACGAGCACCT_002,172
GAAACCAAAGACGAGCACCT_003,101
GAAACCAAAGACGAGCACCT_004,138
GAAACCAAAGACGAGCACCT_005,160
GAAACCAAAGACGAGCACCT_006,162
GAAACCAAAGACGAGCACCT_007,190
GAAACCAAAGACGAGCACCT_008,163
GAAACCAAAGACGAGCACCT_009,49
GAAACCAAAGACGAGCACCT_010,12
GAAACCAAAGACGAGCACCT_011,4
GAAACCAAAGACGAGCACCT_012,82
GAAACCAAAGACGAGCACCT_013,47
GAAACCAAAGACGAGCACCT_014,82
GAAACCAAAGACGAGCACCT_015,56
GAAACCAAAGACGAGCACCT_016,49
GAAACCAAAGACGAGCACCT_017,55
GAAACCAAAGACGAGCACCT_018,115
AAAACTGCAAACCAACACCA_001,78
AAAACTGCAAACCAACACCA_002,83
AAAACTGCAAACCAACACCA_003,70
AAAACTGCAAACCAACACCA_004,46
AAAACTGCAAACCAACACCA_005,128
AAAACTGCAAACCAACACCA_006,175
AAAACTGCAAACCAACACCA_007,140
GGTGACTCTTACCTACTTCG_001,48
GGTGACTCTTACCTACTTCG_002,169
GGTGACTCTTACCTACTTCG_003,42
GGTGACTCTTACCTACTTCG_004,147
GGTGACTCTTACCTACTTCG_005,158
GGTGACTCTTACCTACTTCG_006,156
GGTGACTCTTACCTACTTCG_007,42
TAATCGCACGTATTCATCCA_001,172
TAATCGCACGTATTCATCCA_002,141
TGTCAGCTCACCGCATGAAG_001,78
TGTCAGCTCACCGCATGAAG_002,33
TGTCAGCTCACCGCATGAAG_003,26
TGTCAGCTCACCGCATGAAG_004,161
TGTCAGCTCACCGCATGAAG_005,144
TGTCAGCTCACCGCATGAAG_006,142
TGTCAGCTCACCGCATGAAG_007,50
TGTCAGCTCACCGCATGAAG_008,88
TGTCAGCTCACCGCATGAAG_009,168
TGTCAGCTCACCGCATGAAG_010,33
TGTCAGCTCACCGCATGAAG_011,126
TGTCAGCTCACCGCATGAAG_012,163
TGTCAGCTCACCGCATGAAG_013,7
CTTCACTCGCAGTTTCAACG_001,78
CTTCACTCGCAGTTTCAACG_002,15
CTTCACTCGCAGTTTCAACG_003,127
CTTCACTCGCAGTTTCAACG_004,178
CTTCACTCGCAGTTTCAACG_005,91
CTTCACTCGCAGTTTCAACG_006,195
CTTCACTCGCAGTTTCAACG_007,121
CTTCACTCGCAGTTTCAACG_008,192
TGAAGCTGGTTATTCAGAAG_001,115
TGAAGCTGGTTATTCAGAAG_002,115
TGAAGCTGGTTATTCAGAAG_003,8
TGAAGCTGGTTATTCAGAAG_004,123
CGTGGACGTTCGGAACGGAA_001,17
CGTGGACGTTCGGAACGGAA_002,133
CGTGGACGTTCGGAACGGAA_003,101
CGTGGACGTTCGGAACGGAA_004,125
CGTGGACGTTCGGAACGGAA_005,3
CGTGGACGTTCGGAACGGAA_006,19
CGTGGACGTTCGGAACGGAA_007,171
CGTGGACGTTCGGAACGGAA_008,12
CGTGGACGTTCGGAACGGAA_009,184
CGTGGACGTTCGGAACGGAA_010,163
CGTGGACGTTCGGAACGGAA_011,56
TGCAGACTCCTTTGTAGACG_001,27
TGCAGACTCCTTTGTAGACG_002,70
TGCAGACTCCTTTGTAGACG_003,81
TGCAGACTCCTTTGTAGACG_004,8
TGCAGACTCCTTTGTAGACG_005,197
TGCAGACTCCTTTGTAGACG_006,177
TGCAGACTCCTTTGTAGACG_007,71
TGCAGACTCCTTTGTAGACG_008,30
TGCAGACTCCTTTGTAGACG_009,133
TGCAGACTCCTTTGTAGACG_010,45
TGCAGACTCCTTTGTAGACG_011,17
TGCAGACTCCTTTGTAGACG_012,148
AGTGGACCGCAACATCAAGG_001,196
AGTGGACCGCAACATCAAGG_002,127
AGTGGACCGCAACATCAAGG_003,56
AGTGGACCGCAACATCAAGG_004,175
AGTGGACCGCAACATCAAGG_005,24
AGTGGACCGCAACATCAAGG_006,76
AGTGGACCGCAACATCAAGG_007,34
AGTGGACCGCAACATCAAGG_008,8
TCTCGCCCTTGCTCTCAGCG_001,62
TCTCGCCCTTGCTCTCAGCG_002,138
TCTCGCCCTTGCTCTCAGCG_003,142
GAGGTTCCCCTGGGTCGCGG_001,17
GAGGTTCCCCTGGGTCGCGG_002,18
GAGGTTCCCCTGGGTCGCGG_003,122
GAGGTTCCCCTGGGTCGCGG_004,174
GAGGTTCCCCTGGGTCGCGG_005,15
GAGGTTCCCCTGGGTCGCGG_006,63
GAGGTTCCCCTGGGTCGCGG_007,98
GAGGTTCCCCTGGGTCGCGG_008,170
GAGGTTCCCCTGGGTCGCGG_009,12
GAGGTTCCCCTGGGTCGCGG_010,96
GAGGTTCCCCTGGGTCGCGG_011,115
GAGGTTCCCCTGGGTCGCGG_012,23
GAGGTTCCCCTGGGTCGCGG_013,193
GAGGTTCCCCTGGGTCGCGG_014,172
GAGGTTCCCCTGGGTCGCGG_015,189
GAGGTTCCCCTGGGTCGCGG_016,68
GAGGTTCCCCTGGGTCGCGG_017,29
GAGGTTCCCCTGGGTCGCGG_018,91
GAGGTTCCCCTGGGTCGCGG_019,135
GAGGTTCCCCTGGGTCGCGG_020,80
GAGGTTCCCCTGGGTCGCGG_021,183
GAGGTTCCCCTGGGTCGCGG_022,95
GAGGTTCCCCTGGGTCGCGG_023,44
GAGGTTCCCCTGGGTCGCGG_024,60
GAGGTTCCCCTGGGTCGCGG_025,160
GAGGTTCCCCTGGGTCGCGG_026,148
GAGGTTCCCCTGGGTCGCGG_027,105
GAGGTTCCCCTGGGTCGCGG_028,11
GAGGTTCCCCTGGGTCGCGG_029,45
GAGGTTCCCCTGGGTCGCGG_030,100
GAGGTTCCCCTGGGTCGCGG_031,111
GAGGTTCCCCTGGGTCGCGG_032,110
GAGGTTCCCCTGGGTCGCGG_033,165
GAGGTTCCCCTGGGTCGCGG_034,47
GAGGTTCCCCTGGGTCGCGG_035,148
GAGGTTCCCCTGGGTCGCGG_036,185
GAGGTTCCCCTGGGTCGCGG_037,83
GAGGTTCCCCTGGGTCGCGG_038,61
GAGGTTCCCCTGGGTCGCGG_039,46
GAGGTTCCCCTGGGTCGCGG_040,86
GAGGTTCCCCTGGGTCGCGG_041,19
GAGGTTCCCCTGGGTCGCGG_042,46
GAGGTTCCCCTGGGTCGCGG_043,47
GAGGTTCCCCTGGGTCGCGG_044,169
GAGGTTCCCCTGGGTCGCGG_045,190
GAGGTTCCCCTGGGTCGCGG_046,27
GAGGTTCCCCTGGGTCGCGG_047,127
GAGGTTCCCCTGGGTCGCGG_048,142
GAGGTTCCCCTGGGTCGCGG_049,81
GAGGTTCCCCTGGGTCGCGG_050,192
GAGGTTCCCCTGGGTCGCGG_051,115
GAGGTTCCCCTGGGTCGCGG_052,188
GAGGTTCCCCTGGGTCGCGG_053,105
GAGGTTCCCCTGGGTCGCGG_054,169
GAGGTTCCCCTGGGTCGCGG_055,50
GAGGTTCCCCTGGGTCGCGG_056,113
GAGGTTCCCCTGGGTCGCGG_057,8
GAGGTTCCCCTGGGTCGCGG_058,20
GAGGTTCCCCTGGGTCGCGG_059,72
GAGGTTCCCCTGGGTCGCGG_060,145
GAGGTTCCCCTGGGTCGCGG_061,128
GAGGTTCCCCTGGGTCGCGG_062,169
GAGGTTCCCCTGGGTCGCGG_063,36
GAGGTTCCCCTGGGTCGCGG_064,163
GAGGTTCCCCTGGGTCGCGG_065,103
GAGGTTCCCCTGGGTCGCGG_066,174
GAGGTTCCCCTGGGTCGCGG_067,170
GAGGTTCCCCTGGGTCGCGG_068,136
GAGGTTCCCCTGGGTCGCGG_069,81
GAGGTTCCCCTGGGTCGCGG_070,40
GAGGTTCCCCTGGGTCGCGG_071,157
GAGGTTCCCCTGGGTCGCGG_072,198
GAGGTTCCCCTGGGTCGCGG_073,88
GAGGTTCCCCTGGGTCGCGG_074,124
GAGGTTCCCCTGGGTCGCGG_075,142
GAGGTTCCCCTGGGTCGCGG_076,163
GAGGTTCCCCTGGGTCGCGG_077,138
GAGGTTCCCCTGGGTCGCGG_078,33
GAGGTTCCCCTGGGTCGCGG_079,66
GAGGTTCCCCTGGGTCGCGG_080,9
CCATACTCGTAAGTGACCGT_001,140
CCATACTCGTAAGTGACCGT_002,127
CCATACTCGTAAGTGACCGT_003,80
GCGGGATGCGCAACTTGTCG_001,29
GCGGGATGCGCAACTTGTCG_002,42
GCGGGATGCGCAACTTGTCG_003,182
GCGGGATGCGCAACTTGTCG_004,105
GCGGGATGCGCAACTTGTCG_005,147
GCGGGATGCGCAACTTGTCG_006,117
GCGGGATGCGCAACTTGTCG_007,159
GCGGGATGCGCAACTTGTCG_008,125
GCGGGATGCGCAACTTGTCG_009,58
GCGGGATGCGCAACTTGTCG_010,126
GCCCCAAAGCTATTGCCACA_001,188
GCCCCAAAGCTATTGCCACA_002,113
GCCCCAAAGCTATTGCCACA_003,97
GCCCCAAAGCTATTGCCACA_004,161
TGGAGATTGTTCATACCAAG_001,37
TGGAGATTGTTCATACCAAG_002,63
TGGAGATTGTTCATACCAAG_003,17
TGGAGATTGTTCATACCAAG_004,151
TGGAGATTGTTCATACCAAG_005,170
CAGGCCGACACCCTGACTTG_001,197
CAGGCCGACACCCTGACTTG_002,28
CAGGCCGACACCCTGACTTG_003,74
CAGGCCGACACCCTGACTTG_004,113
CAGGCCGACACCCTGACTTG_005,127
CAGGCCGACACCCTGACTTG_006,17
CAGGCCGACACCCTGACTTG_007,11
CAGGCCGACACCCTGACTTG_008,179
CAGGCCGACACCCTGACTTG_009,5
CAGGCCGACACCCTGACTTG_010,162
CAGGCCGACACCCTGACTTG_011,141
CAGGCCGACACCCTGACTTG_012,38
CAGGCCGACACCCTGACTTG_013,43
CAGGCCGACACCCTGACTTG_014,144
CAGGCCGACACCCTGACTTG_015,149
CAGGCCGACACCCTGACTTG_016,48
CAGGCCGACACCCTGACTTG_017,105
CAGGCCGACACCCTGACTTG_018,56
CAGGCCGACACCCTGACTTG_019,4
CAGGCCGACACCCTGACTTG_020,171
CAGGCCGACACCCTGACTTG_021,31
CAGGCCGACACCCTGACTTG_022,50
CCTGTTAGACAAGCCAGTGT_001,76
CCTGTTAGACAAGCCAGTGT_002,174
CCTGTTAGACAAGCCAGTGT_003,19
CCTGTTAGACAAGCCAGTGT_004,184
CCTGTTAGACAAGCCAGTGT_005,41
GGAATATGATAGTCTCCTAG_001,162
GGCAAACTTACCAACCCAAG_001,88
ACAAATGATTAAGTTGACAC_001,177
ACAAATGATTAAGTTGACAC_002,11
ACTGCAATTCCAGTCCACGA_001,100
ACTGCAATTCCAGTCCACGA_002,62
ACTGCAATTCCAGTCCACGA_003,9
ACTGCAATTCCAGTCCACGA_004,98
ACTGCAATTCCAGTCCACGA_005,176
ACTGCAATTCCAGTCCACGA_006,187
ACTGCAATTCCAGTCCACGA_007,199
ACTGCAATTCCAGTCCACGA_008,121
ACTGCAATTCCAGTCCACGA_009,93
ACTGCAATTCCAGTCCACGA_010,27
ACTGCAATTCCAGTCCACGA_011,169
AACACTGCTCCCAAATAACG_001,20
AACACTGCTCCCAAATAACG_002,70
AACACTGCTCCCAAATAACG_003,13
AACACTGCTCCCAAATAACG_004,78
AACACTGCTCCCAAATAACG_005,90
GAAGAAAGAATTGCCAACAG_001,105
GAAGAAAGAATTGCCAACAG_002,60
GAAGAAAGAATTGCCAACAG_003,19
GAAGAAAGAATTGCCAACAG_004,19
GAAGAAAGAATTGCCAACAG_005,156
CTGGAGACCACTGAGACCGC_001,5
CTGGAGACCACTGAGACCGC_002,183
CTGGAGACCACTGAGACCGC_003,115
CTGGAGACCACTGAGACCGC_004,73
CTGGAGACCACTGAGACCGC_005,184
CTGGAGACCACTGAGACCGC_006,45
CTGGAGACCACTGAGACCGC_007,8
CTGGAGACCACTGAGACCGC_008,192
CTGGAGACCACTGAGACCGC_009,22
CTGGAGACCACTGAGACCGC_010,14
CTGGAGACCACTGAGACCGC_011,48
GGTCAGGAATCGGCAGTCGG_001,78
GGTCAGGAATCGGCAGTCGG_002,174
GGTCAGGAATCGGCAGTCGG_003,42
GGTCAGGAATCGGCAGTCGG_004,147
GGTCAGGAATCGGCAGTCGG_005,130
GGTCAGGAATCGGCAGTCGG_006,98
GGTCAGGAATCGGCAGTCGG_007,31
GGTCAGGAATCGGCAGTCGG_008,1
GGTCAGGAATCGGCAGTCGG_009,77
GGTCAGGAATCGGCAGTCGG_010,19
GGTCAGGAATCGGCAGTCGG_011,187
GGTCAGGAATCGGCAGTCGG_012,20
ACTTATACGACTCAGAACCT_001,54
ACTTATACGACTCAGAACCT_002,1
ACTTATACGACTCAGAACCT_003,84
ACTTATACGACTCAGAACCT_004,147
ACTTATACGACTCAGAACCT_005,10
ACTTATACGACTCAGAACCT_006,151
CCCACGCAGGCGAAGCGCAA_001,171
CCCACGCAGGCGAAGCGCAA_002,172
CCCACGCAGGCGAAGCGCAA_003,50
CCCACGCAGGCGAAGCGCAA_004,67
CCCACGCAGGCGAAGCGCAA_005,108
CCCACGCAGGCGAAGCGCAA_006,163
CCCACGCAGGCGAAGCGCAA_007,121
CCCACGCAGGCGAAGCGCAA_008,26
CCCACGCAGGCGAAGCGCAA_009,42
CCCACGCAGGCGAAGCGCAA_010,66
CCCACGCAGGCGAAGCGCAA_011,183
CCCACGCAGGCGAAGCGCAA_012,195
CCCACGCAGGCGAAGCGCAA_013,124
CCCACGCAGGCGAAGCGCAA_014,42
CCCACGCAGGCGAAGCGCAA_015,8
CCCACGCAGGCGAAGCGCAA_016,78
CCCACGCAGGCGAAGCGCAA_017,63
CCCACGCAGGCGAAGCGCAA_018,85
CCCACGCAGGCGAAGCGCAA_019,66
CCCACGCAGGCGAAGCGCAA_020,176
CTGCATACCCCACTTGTCGA_001,199
CTGCATACCCCACTTGTCGA_002,39
CTGCATACCCCACTTGTCGA_003,12
CTGCATACCCCACTTGTCGA_004,121
CTGCATACCCCACTTGTCGA_005,71
CTGCATACCCCACTTGTCGA_006,163
CTGCATACCCCACTTGTCGA_007,83
CTGCATACCCCACTTGTCGA_008,119
CTGCATACCCCACTTGTCGA_009,2
CTGCATACCCCACTTGTCGA_010,72
CTGCATACCCCACTTGTCGA_011,131
CTGCATACCCCACTTGTCGA_012,103
CTGCATACCCCACTTGTCGA_013,14
GGTGAGCTTTCGCATCTGGG_001,192
GGTGAGCTTTCGCATCTGGG_002,13
GGTGAGCTTTCGCATCTGGG_003,151
GGTGAGCTTTCGCATCTGGG_004,118
GGTGAGCTTTCGCATCTGGG_005,50
GGTGAGCTTTCGCATCTGGG_006,166
TCGTTGTCTCGCAGTCAGGT_001,105
TCGTTGTCTCGCAGTCAGGT_002,193
TCGTTGTCTCGCAGTCAGGT_003,51
TCGTTGTCTCGCAGTCAGGT_004,105
TGGATCTAAATGACTTAGCA_001,155
TGGATCTAAATGACTTAGCA_002,9
TGGATCTAAATGACTTAGCA_003,81
TGGATCTAAATGACTTAGCA_004,44
TGGATCTAAATGACTTAGCA_005,61
TGGATCTAAATGACTTAGCA_006,50
TGGATCTAAATGACTTAGCA_007,78
TGGATCTAAATGACTTAGCA_008,21
TGGATCTAAATGACTTAGCA_009,0
TGGATCTAAATGACTTAGCA_010,124
ACGGGCCAAGGACAAGCTAG_001,4
ACGGGCCAAGGACAAGCTAG_002,168
ACGGGCCAAGGACAAGCTAG_003,35
ACGGGCCAAGGACAAGCTAG_004,27
ACGGGCCAAGGACAAGCTAG_005,168
ACGGGCCAAGGACAAGCTAG_006,15
ACGGGCCAAGGACAAGCTAG_007,186
ACGGGCCAAGGACAAGCTAG_008,197
ACGGGCCAAGGACAAGCTAG_009,56
ACGGGCCAAGGACAAGCTAG_010,5
ACGGGCCAAGGACAAGCTAG_011,49
ACGGGCCAAGGACAAGCTAG_012,118
ACGGGCCAAGGACAAGCTAG_013,114
ACGGGCCAAGGACAAGCTAG_014,156
ACGGGCCAAGGACAAGCTAG_015,171
ACGGGCCAAGGACAAGCTAG_016,176
ACGGGCCAAGGACAAGCTAG_017,87
ACGGGCCAAGGACAAGCTAG_018,146
ACGGGCCAAGGACAAGCTAG_019,67
ACGGGCCAAGGACAAGCTAG_020,198
ACGGGCCAAGGACAAGCTAG_021,198
ACGGGCCAAGGACAAGCTAG_022,102
ACGGGCCAAGGACAAGCTAG_023,154
ACGGGCCAAGGACAAGCTAG_024,179
ACGGGCCAAGGACAAGCTAG_025,67
ACGGGCCAAGGACAAGCTAG_026,38
ACGGGCCAAGGACAAGCTAG_027,81
ACGGGCCAAGGACAAGCTAG_028,137
ACGGGCCAAGGACAAGCTAG_029,15
ACGGGCCAAGGACAAGCTAG_030,178
ACGGGCCAAGGACAAGCTAG_031,85
ACGGGCCAAGGACAAGCTAG_032,72
ACGGGCCAAGGACAAGCTAG_033,50
ACGGGCCAAGGACAAGCTAG_034,44
ACGGGCCAAGGACAAGCTAG_035,153
ACGGGCCAAGGACAAGCTAG_036,4
ACGGGCCAAGGACAAGCTAG_037,62
ACGGGCCAAGGACAAGCTAG_038,67
ACGGGCCAAGGACAAGCTAG_039,3
ACGGGCCAAGGACAAGCTAG_040,142
ACGGGCCAAGGACAAGCTAG_041,7
ACGGGCCAAGGACAAGCTAG_042,2
ACGGGCCAAGGACAAGCTAG_043,199
ACGGGCCAAGGACAAGCTAG_044,97
ACGGGCCAAGGACAAGCTAG_045,76
CAAGAGTGATTACAATCTGG_001,157
CAAGAGTGATTACAATCTGG_002,70
CAAGAGTGATTACAATCTGG_003,49
CAAGAGTGATTACAATCTGG_004,105
CAAGAGTGATTACAATCTGG_005,47
CAAGAGTGATTACAATCTGG_006,127
AAGTTCAGAGTGTTATGTAG_001,8
AAGTTCAGAGTGTTATGTAG_002,82
AAGTTCAGAGTGTTATGTAG_003,168
AAGTTCAGAGTGTTATGTAG_004,49
ATACAAAGACCAAACCACAC_001,195
ATACAAAGACCAAACCACAC_002,62
ATACAAAGACCAAACCACAC_003,124
ATACAAAGACCAAACCACAC_004,189
ATACAAAGACCAAACCACAC_005,117
CCGGCCTGGAGCGCTAGAGG_001,48
CCGGCCTGGAGCGCTAGAGG_002,102
CCGGCCTGGAGCGCTAGAGG_003,61
CCGGCCTGGAGCGCTAGAGG_004,41
CCGGCCTGGAGCGCTAGAGG_005,170
CCGGCCTGGAGCGCTAGAGG_006,50
CCGGCCTGGAGCGCTAGAGG_007,29
CCGGCCTGGAGCGCTAGAGG_008,62
CCGGCCTGGAGCGCTAGAGG_009,137
CCGGCCTGGAGCGCTAGAGG_010,188
CCGGCCTGGAGCGCTAGAGG_011,50
CCGGCCTGGAGCGCTAGAGG_012,158
CCGGCCTGGAGCGCTAGAGG_013,40
CCGGCCTGGAGCGCTAGAGG_014,82
CCGGCCTGGAGCGCTAGAGG_015,127
CCGGCCTGGAGCGCTAGAGG_016,83
CCGGCCTGGAGCGCTAGAGG_017,123
CCGGCCTGGAGCGCTAGAGG_018,82
CCGGCCTGGAGCGCTAGAGG_019,159
CCGGCCTGGAGCGCTAGAGG_020,119
CCGGCCTGGAGCGCTAGAGG_021,94
CCGGCCTGGAGCGCTAGAGG_022,1
CCGGCCTGGAGCGCTAGAGG_023,8
CCGGCCTGGAGCGCTAGAGG_024,89
CCGGCCTGGAGCGCTAGAGG_025,141
CCGGCCTGGAGCGCTAGAGG_026,118
CCGGCCTGGAGCGCTAGAGG_027,86
CCGGCCTGGAGCGCTAGAGG_028,149
CCGGCCTGGAGCGCTAGAGG_029,121
CCGGCCTGGAGCGCTAGAGG_030,139
CCGGCCTGGAGCGCTAGAGG_031,119
CCGGCCTGGAGCGCTAGAGG_032,184
CCGGCCTGGAGCGCTAGAGG_033,14
CCGGCCTGGAGCGCTAGAGG_034,175
CCGGCCTGGAGCGCTAGAGG_035,176
CCGGCCTGGAGCGCTAGAGG_036,11
TGGCCGTGATATCGATTCGG_001,183
TGGCCGTGATATCGATTCGG_002,77
TGGCCGTGATATCGATTCGG_003,76
TGGCCGTGATATCGATTCGG_004,157
TGGCCGTGATATCGATTCGG_005,154
TGGCCGTGATATCGATTCGG_006,63
GTACCAGCAGCAAAGCACCA_001,130
GTACCAGCAGCAAAGCACCA_002,81
GTACCAGCAGCAAAGCACCA_003,160
GTACCAGCAGCAAAGCACCA_004,144
GTACCAGCAGCAAAGCACCA_005,118
GTACCAGCAGCAAAGCACCA_006,56
GTACCAGCAGCAAAGCACCA_007,121
GTACCAGCAGCAAAGCACCA_008,155
GTACCAGCAGCAAAGCACCA_009,184
GTACCAGCAGCAAAGCACCA_010,187
GTACCAGCAGCAAAGCACCA_011,119
GTACCAGCAGCAAAGCACCA_012,29
GTACCAGCAGCAAAGCACCA_013,5
GTACCAGCAGCAAAGCACCA_014,150
GTACCAGCAGCAAAGCACCA_015,68
GTACCAGCAGCAAAGCACCA_016,172
GTACCAGCAGCAAAGCACCA_017,2
GTACCAGCAGCAAAGCACCA_018,81
GTACCAGCAGCAAAGCACCA_019,180
CAATGACAAGTCCAAAGACA_001,10
CAATGACAAGTCCAAAGACA_002,127
CAATGACAAGTCCAAAGACA_003,98
CAATGACAAGTCCAAAGACA_004,113
CAATGACAAGTCCAAAGACA_005,187
CAATGACAAGTCCAAAGACA_006,29
CAATGACAAGTCCAAAGACA_007,117
GAACACAACAGCTACCTACG_001,107
GAACACAACAGCTACCTACG_002,112
GAACACAACAGCTACCTACG_003,108
GAACACAACAGCTACCTACG_004,199
GAACACAACAGCTACCTACG_005,68
GAACACAACAGCTACCTACG_006,92
GAACACAACAGCTACCTACG_007,176
GAACACAACAGCTACCTACG_008,132
AGGCTGTGTCCAACCTCTCG_001,17
AGGCTGTGTCCAACCTCTCG_002,121
AGGCTGTGTCCAACCTCTCG_003,98
AAAACACCAGACGAATTGGC_001,81
AAAACACCAGACGAATTGGC_002,117
AAAACACCAGACGAATTGGC_003,182
AAAACACCAGACGAATTGGC_004,168
AAAACACCAGACGAATTGGC_005,108
AAAACACCAGACGAATTGGC_006,100
AAAACACCAGACGAATTGGC_007,88
AAAACACCAGACGAATTGGC_008,103
AAAACACCAGACGAATTGGC_009,106
AAAACACCAGACGAATTGGC_010,82
AAAACACCAGACGAATTGGC_011,149
AAAACACCAGACGAATTGGC_012,160
AAAACACCAGACGAATTGGC_013,97
TACGCCATGGCACTTACACG_001,60
ACAGTGTGGTGTATAGTTGC_001,98
ACAGTGTGGTGTATAGTTGC_002,148
ACAGTGTGGTGTATAGTTGC_003,27
ACAGTGTGGTGTATAGTTGC_004,45
ACAGTGTGGTGTATAGTTGC_005,194
AAAGCAAAGTCCCTCCACGT_001,112
AAAGCAAAGTCCCTCCACGT_002,118
AAAGCAAAGTCCCTCCACGT_003,103
AAAGCAAAGTCCCTCCACGT_004,77
AAAGCAAAGTCCCTCCACGT_005,16
AAAGCAAAGTCCCTCCACGT_006,76
AAAGCAAAGTCCCTCCACGT_007,133
AAAGCAAAGTCCCTCCACGT_008,2
AAAGCAAAGTCCCTCCACGT_009,73
AAAGCAAAGTCCCTCCACGT_010,75
AAAGCAAAGTCCCTCCACGT_011,170
AAAGCAAAGTCCCTCCACGT_012,82
AAAGCAAAGTCCCTCCACGT_013,44
AAAGCAAAGTCCCTCCACGT_014,67
AAAGCAAAGTCCCTCCACGT_015,149
AAAGCAAAGTCCCTCCACGT_016,50
AAAGCAAAGTCCCTCCACGT_017,184
AAAGCAAAGTCCCTCCACGT_018,77
AAAGCAAAGTCCCTCCACGT_019,51
CTGGCCAGATTTGGACGCAT_001,92
CTGGCCAGATTTGGACGCAT_002,49
CTGGCCAGATTTGGACGCAT_003,68
CTGGCCAGATTTGGACGCAT_004,133
CTGGCCAGATTTGGACGCAT_005,45
CTGGCCAGATTTGGACGCAT_006,167
CTGGCCAGATTTGGACGCAT_007,57
CTGGCCAGATTTGGACGCAT_008,55
CTGGCCAGATTTGGACGCAT_009,82
CTGGCCAGATTTGGACGCAT_010,14
GACAACCAGGAGAAGATCGG_001,169
GACAACCAGGAGAAGATCGG_002,155
GACAACCAGGAGAAGATCGG_003,17
GACAACCAGGAGAAGATCGG_004,184
GACAACCAGGAGAAGATCGG_005,9
GACAACCAGGAGAAGATCGG_006,140
GACAACCAGGAGAAGATCGG_007,83
GACAACCAGGAGAAGATCGG_008,120
GACAACCAGGAGAAGATCGG_009,29
GACAACCAGGAGAAGATCGG_010,197
GACAACCAGGAGAAGATCGG_011,59
GACAACCAGGAGAAGATCGG_012,74
GACAACCAGGAGAAGATCGG_013,11
GACAACCAGGAGAAGATCGG_014,62
GACAACCAGGAGAAGATCGG_015,144
GACAACCAGGAGAAGATCGG_016,15
GACAACCAGGAGAAGATCGG_017,147
GACAACCAGGAGAAGATCGG_018,27
GACAACCAGGAGAAGATCGG_019,188
GACAACCAGGAGAAGATCGG_020,184
GACAACCAGGAGAAGATCGG_021,169
GACAACCAGGAGAAGATCGG_022,153
GACAACCAGGAGAAGATCGG_023,22
GACAACCAGGAGAAGATCGG_024,189
GACAACCAGGAGAAGATCGG_025,27
GACAACCAGGAGAAGATCGG_026,142
GACAACCAGGAGAAGATCGG_027,33
GACAACCAGGAGAAGATCGG_028,20
CACAAAAACGGGGTTACGTG_001,131
CACAAAAACGGGGTTACGTG_002,97
CACAAAAACGGGGTTACGTG_003,183
CACAAAAACGGGGTTACGTG_004,63
CACAAAAACGGGGTTACGTG_005,43
CACAAAAACGGGGTTACGTG_006,184
CACAAAAACGGGGTTACGTG_007,21
CACAAAAACGGGGTTACGTG_008,199
CACAAAAACGGGGTTACGTG_009,4
CACAAAAACGGGGTTACGTG_010,145
CACAAAAACGGGGTTACGTG_011,199
CACAAAAACGGGGTTACGTG_012,17
CACAAAAACGGGGTTACGTG_013,111
CACAAAAACGGGGTTACGTG_014,111
CACAAAAACGGGGTTACGTG_015,65
CACAAAAACGGGGTTACGTG_016,65
CACAAAAACGGGGTTACGTG_017,133
CACAAAAACGGGGTTACGTG_018,23
CACAAAAACGGGGTTACGTG_019,155
CACAAAAACGGGGTTACGTG_020,1
CACAAAAACGGGGTTACGTG_021,3
CACAAAAACGGGGTTACGTG_022,168
CACAAAAACGGGGTTACGTG_023,121
CACAAAAACGGGGTTACGTG_024,152
CACAAAAACGGGGTTACGTG_025,66
CACAAAAACGGGGTTACGTG_026,7
GATCACTCAACACAACGTGA_001,38
GATCACTCAACACAACGTGA_002,49
GATCACTCAACACAACGTGA_003,119
GATCACTCAACACAACGTGA_004,147
GATCACTCAACACAACGTGA_005,50
GATCACTCAACACAACGTGA_006,148
GATCACTCAACACAACGTGA_007,113
GATCACTCAACACAACGTGA_008,15
GATCACTCAACACAACGTGA_009,94
GATCACTCAACACAACGTGA_010,133
GATCACTCAACACAACGTGA_011,188
GATCACTCAACACAACGTGA_012,28
GATCACTCAACACAACGTGA_013,18
GATCACTCAACACAACGTGA_014,160
GATCACTCAACACAACGTGA_015,40
CATAACTGAAGCATCGACAT_001,132
CATAACTGAAGCATCGACAT_002,107
CATAACTGAAGCATCGACAT_003,70
CATAACTGAAGCATCGACAT_004,2
CATAACTGAAGCATCGACAT_005,12
CATAACTGAAGCATCGACAT_006,19
TTCGGGCTGGACGGATACCG_001,43
TTCGGGCTGGACGGATACCG_002,147
TTCGGGCTGGACGGATACCG_003,45
TTCGGGCTGGACGGATACCG_004,195
TTCGGGCTGGACGGATACCG_005,2
TTCGGGCTGGACGGATACCG_006,68
TTCGGGCTGGACGGATACCG_007,60
TTCGGGCTGGACGGATACCG_008,190
TTCGGGCTGGACGGATACCG_009,102
TTCGGGCTGGACGGATACCG_010,39
TTCGGGCTGGACGGATACCG_011,68
CCCGCGCAGTCACCACGACG_001,153
CCCGCGCAGTCACCACGACG_002,148
CCCGCGCAGTCACCACGACG_003,158
CCCGCGCAGTCACCACGACG_004,98
CCCGCGCAGTCACCACGACG_005,9
CCCGCGCAGTCACCACGACG_006,95
CCCGCGCAGTCACCACGACG_007,100
CCCGCGCAGTCACCACGACG_008,160
CCCGCGCAGTCACCACGACG_009,174
AAGCGTTGGAAAAACATCAA_001,43
AAGCGTTGGAAAAACATCAA_002,94
AAGCGTTGGAAAAACATCAA_003,175
AAGCGTTGGAAAAACATCAA_004,22
AAGCGTTGGAAAAACATCAA_005,199
AAGCGTTGGAAAAACATCAA_006,192
AAGCGTTGGAAAAACATCAA_007,146
AAGCGTTGGAAAAACATCAA_008,140
AAGCGTTGGAAAAACATCAA_009,2
AAGCGTTGGAAAAACATCAA_010,125
AAGCGTTGGAAAAACATCAA_011,82
AAGCGTTGGAAAAACATCAA_012,172
AAGCGTTGGAAAAACATCAA_013,11
AAGCGTTGGAAAAACATCAA_014,58
AAGCGTTGGAAAAACATCAA_015,79
AAGCGTTGGAAAAACATCAA_016,58
AAGCGTTGGAAAAACATCAA_017,65
AAGCGTTGGAAAAACATCAA_018,32
AAGCGTTGGAAAAACATCAA_019,132
AAGCGTTGGAAAAACATCAA_020,166
AAGCGTTGGAAAAACATCAA_021,188
AAGCGTTGGAAAAACATCAA_022,56
TGAGATGCGTAAGCAAAGTG_001,137
TGAGATGCGTAAGCAAAGTG_002,49
TGAGATGCGTAAGCAAAGTG_003,92
TGAGATGCGTAAGCAAAGTG_004,118
TGAGATGCGTAAGCAAAGTG_005,121
TGAGATGCGTAAGCAAAGTG_006,91
AGCACGTCGAGGTCTACGAG_001,176
AGCACGTCGAGGTCTACGAG_002,1
AGCACGTCGAGGTCTACGAG_003,29
AGCACGTCGAGGTCTACGAG_004,117
AGCACGTCGAGGTCTACGAG_005,107
AGCACGTCGAGGTCTACGAG_006,77
AGCACGTCGAGGTCTACGAG_007,132
AGCACGTCGAGGTCTACGAG_008,184
AGCACGTCGAGGTCTACGAG_009,161
AGCACGTCGAGGTCTACGAG_010,108
AGCACGTCGAGGTCTACGAG_011,158
AGCACGTCGAGGTCTACGAG_012,48
AGCACGTCGAGGTCTACGAG_013,31
AGCACGTCGAGGTCTACGAG_014,147
AGCACGTCGAGGTCTACGAG_015,118
AGCACGTCGAGGTCTACGAG_016,195
AGCACGTCGAGGTCTACGAG_017,146
AGCACGTCGAGGTCTACGAG_018,169
AGCACGTCGAGGTCTACGAG_019,115
AGCACGTCGAGGTCTACGAG_020,144
AGCACGTCGAGGTCTACGAG_021,70
AGCACGTCGAGGTCTACGAG_022,152
AGCACGTCGAGGTCTACGAG_023,166
AGCACGTCGAGGTCTACGAG_024,3
AGCACGTCGAGGTCTACGAG_025,70
AGCACGTCGAGGTCTACGAG_026,28
AGCACGTCGAGGTCTACGAG_027,48
AGCACGTCGAGGTCTACGAG_028,158
AGCACGTCGAGGTCTACGAG_029,66
AGCACGTCGAGGTCTACGAG_030,60
GCTGACCCACGCCGAAAAGG_001,97
GCTGACCCACGCCGAAAAGG_002,93
GCTGACCCACGCCGAAAAGG_003,97
GCTGACCCACGCCGAAAAGG_004,1
GCTGACCCACGCCGAAAAGG_005,135
GCTGACCCACGCCGAAAAGG_006,137
GCTGACCCACGCCGAAAAGG_007,199
TGGGGCGAGCCACTGCAAGG_001,65
TGGGGCGAGCCACTGCAAGG_002,105
TGGGGCGAGCCACTGCAAGG_003,97
TGGGGCGAGCCACTGCAAGG_004,119
TGGGGCGAGCCACTGCAAGG_005,14
TGGGGCGAGCCACTGCAAGG_006,81
GTCTAGCATATCACCACCAG_001,53
GTCTAGCATATCACCACCAG_002,188
GTCTAGCATATCACCACCAG_003,61
GTCTAGCATATCACCACCAG_004,178
GTCTAGCATATCACCACCAG_005,120
CTGATGTCATATGTGATAGA_001,134
CTATACACTTCCAGTGTCGA_001,165
CTATACACTTCCAGTGTCGA_002,71
CTATACACTTCCAGTGTCGA_003,150
CTATACACTTCCAGTGTCGA_004,198
CTATACACTTCCAGTGTCGA_005,18
CTATACACTTCCAGTGTCGA_006,150
GTGGATGCTGCGTTCTCGGT_001,3
GTGGATGCTGCGTTCTCGGT_002,134
GTGGATGCTGCGTTCTCGGT_003,75
GTGGATGCTGCGTTCTCGGT_004,158
GTGGATGCTGCGTTCTCGGT_005,102
GTGGATGCTGCGTTCTCGGT_006,4
AAAGTATCGGGTATGGCCCG_001,62
AAAGTATCGGGTATGGCCCG_002,127
AAAGTATCGGGTATGGCCCG_003,116
AAAGTATCGGGTATGGCCCG_004,43
AAAGTATCGGGTATGGCCCG_005,187
AAAGTATCGGGTATGGCCCG_006,105
AAAGTATCGGGTATGGCCCG_007,121
AAAGTATCGGGTATGGCCCG_008,43
AAAGTATCGGGTATGGCCCG_009,104
AAAGTATCGGGTATGGCCCG_010,48
AAAGTATCGGGTATGGCCCG_011,138
AAAGTATCGGGTATGGCCCG_012,39
AAAGTATCGGGTATGGCCCG_013,106
TTTATCCCATAGGCCTGGTA_001,122
TTTATCCCATAGGCCTGGTA_002,175
TTTATCCCATAGGCCTGGTA_003,19
TTTATCCCATAGGCCTGGTA_004,98
TTTATCCCATAGGCCTGGTA_005,171
TTTATCCCATAGGCCTGGTA_006,30
TTTATCCCATAGGCCTGGTA_007,61
TTTATCCCATAGGCCTGGTA_008,58
TTTATCCCATAGGCCTGGTA_009,83
TTTATCCCATAGGCCTGGTA_010,88
TTTATCCCATAGGCCTGGTA_011,136
TTTATCCCATAGGCCTGGTA_012,58
TTTATCCCATAGGCCTGGTA_013,136
ATGGAGATAGAAGTAAATAG_001,163
ATGGAGATAGAAGTAAATAG_002,58
ATGGAGATAGAAGTAAATAG_003,37
ATGGAGATAGAAGTAAATAG_004,74
ATGGAGATAGAAGTAAATAG_005,166
TAAAAATAAAAAATGCAAAA_001,48
TAAAAATAAAAAATGCAAAA_002,72
TAAAAATAAAAAATGCAAAA_003,132
GTAGCTCCTACTTACCCTGT_001,199
GTAGCTCCTACTTACCCTGT_002,76
GTAGCTCCTACTTACCCTGT_003,30
GTAGCTCCTACTTACCCTGT_004,175
GTAGCTCCTACTTACCCTGT_005,151
AGACCAAAATCATACACATG_001,192
TCAGAACTCACCCCTGACAG_001,198
GCCGGCCCTCATTGAATGCG_001,175
GCCGGCCCTCATTGAATGCG_002,34
GCCGGCCCTCATTGAATGCG_003,21
GCCGGCCCTCATTGAATGCG_004,159
GCCGGCCCTCATTGAATGCG_005,81
GCCGGCCCTCATTGAATGCG_006,55
GCCGGCCCTCATTGAATGCG_007,169
GCCGGCCCTCATTGAATGCG_008,56
GCCGGCCCTCATTGAATGCG_009,169
GCCGGCCCTCATTGAATGCG_010,197
CCAAACTTACTCTTGGTGTG_001,169
CCAAACTTACTCTTGGTGTG_002,33
CCAAACTTACTCTTGGTGTG_003,47
CCAAACTTACTCTTGGTGTG_004,183
CCAAACTTACTCTTGGTGTG_005,190
TCATTGATGAACTTCATGAT_001,144
TCATTGATGAACTTCATGAT_002,89
TCATTGATGAACTTCATGAT_003,121
CAGGGGGCATCTCTACACAT_001,52
CAGGGGGCATCTCTACACAT_002,77
CAGGGGGCATCTCTACACAT_003,75
CAGGGGGCATCTCTACACAT_004,2
CAGGGGGCATCTCTACACAT_005,19
CAGGGGGCATCTCTACACAT_006,19
CAGGGGGCATCTCTACACAT_007,13
GAATACAACGCCACACAAGG_001,118
GAATACAACGCCACACAAGG_002,96
GAATACAACGCCACACAAGG_003,184
GAATACAACGCCACACAAGG_004,140
GAATACAACGCCACACAAGG_005,108
GAATACAACGCCACACAAGG_006,163
GAATACAACGCCACACAAGG_007,25
GAATACAACGCCACACAAGG_008,124
GAATACAACGCCACACAAGG_009,3
GAATACAACGCCACACAAGG_010,59
GAATACAACGCCACACAAGG_011,34
GAATACAACGCCACACAAGG_012,197
GAGTGCACATTCATTGCGGT_001,158
GAGTGCACATTCATTGCGGT_002,106
TTCCTGCTTACTCTAAAAGA_001,176
TTCCTGCTTACTCTAAAAGA_002,63
TAGAAAGAGTCCACGCCTGG_001,178
TAGAAAGAGTCCACGCCTGG_002,79
TAGAAAGAGTCCACGCCTGG_003,16
TAGAAAGAGTCCACGCCTGG_004,61
TAGAAAGAGTCCACGCCTGG_005,67
TAGAAAGAGTCCACGCCTGG_006,88
TAGAAAGAGTCCACGCCTGG_007,199
TAGAAAGAGTCCACGCCTGG_008,82
TGTAACACTGCTCAGACAAG_001,55
TGTAACACTGCTCAGACAAG_002,45
TGTAACACTGCTCAGACAAG_003,16
GGTGCGGTCTGCTTGTAGAT_001,32
GGTGCGGTCTGCTTGTAGAT_002,1
GGTGCGGTCTGCTTGTAGAT_003,130
GGTGCGGTCTGCTTGTAGAT_004,54
GGTGCGGTCTGCTTGTAGAT_005,163
GGTGCGGTCTGCTTGTAGAT_006,48
GGTGCGGTCTGCTTGTAGAT_007,77
GGTGCGGTCTGCTTGTAGAT_008,34
GGTGCGGTCTGCTTGTAGAT_009,168
GGTGCGGTCTGCTTGTAGAT_010,184
GGTGCGGTCTGCTTGTAGAT_011,83
GGTGCGGTCTGCTTGTAGAT_012,58
GGTGCGGTCTGCTTGTAGAT_013,15
GGTGCGGTCTGCTTGTAGAT_014,113
GGTGCGGTCTGCTTGTAGAT_015,18
GGTGCGGTCTGCTTGTAGAT_016,27
GGTGCGGTCTGCTTGTAGAT_017,133
GGTGCGGTCTGCTTGTAGAT_018,8
GGTGCGGTCTGCTTGTAGAT_019,50
GGTGCGGTCTGCTTGTAGAT_020,114
GGTGCGGTCTGCTTGTAGAT_021,151
GGTGCGGTCTGCTTGTAGAT_022,83
GGTGCGGTCTGCTTGTAGAT_023,23
GGTGCGGTCTGCTTGTAGAT_024,169
GGTGCGGTCTGCTTGTAGAT_025,174
GGTGCGGTCTGCTTGTAGAT_026,169
GGTGCGGTCTGCTTGTAGAT_027,77
GGTGCGGTCTGCTTGTAGAT_028,189
GGTGCGGTCTGCTTGTAGAT_029,29
GGTGCGGTCTGCTTGTAGAT_030,92
GGTGCGGTCTGCTTGTAGAT_031,102
GGTGCGGTCTGCTTGTAGAT_032,124
GGTGCGGTCTGCTTGTAGAT_033,197
GGTGCGGTCTGCTTGTAGAT_034,115
GGTGCGGTCTGCTTGTAGAT_035,9
GGTGCGGTCTGCTTGTAGAT_036,138
GGTGCGGTCTGCTTGTAGAT_037,126
GGTGCGGTCTGCTTGTAGAT_038,121
GGTGCGGTCTGCTTGTAGAT_039,130
GGTGCGGTCTGCTTGTAGAT_040,42
GGTGCGGTCTGCTTGTAGAT_041,42
GAGGCTTGTCTATCCCTCAC_001,146
GAGGCTTGTCTATCCCTCAC_002,191
GAGGCTTGTCTATCCCTCAC_003,78
ACTGAAAGGTCAGCCCGACG_001,8
ACTGAAAGGTCAGCCCGACG_002,136
ACTGAAAGGTCAGCCCGACG_003,45
ACTGAAAGGTCAGCCCGACG_004,28
ACTGAAAGGTCAGCCCGACG_005,54
ACTGAAAGGTCAGCCCGACG_006,130
ACTGAAAGGTCAGCCCGACG_007,10
ACTGAAAGGTCAGCCCGACG_008,113
ACTGAAAGGTCAGCCCGACG_009,199
ACTGAAAGGTCAGCCCGACG_010,21
ACTGAAAGGTCAGCCCGACG_011,84
ACTGAAAGGTCAGCCCGACG_012,88
ACTGAAAGGTCAGCCCGACG_013,175
ACTGAAAGGTCAGCCCGACG_014,192
ACTGAAAGGTCAGCCCGACG_015,141
ACTGAAAGGTCAGCCCGACG_016,170
ACTGAAAGGTCAGCCCGACG_017,42
ACTGAAAGGTCAGCCCGACG_018,156
ACTGAAAGGTCAGCCCGACG_019,6
ACTGAAAGGTCAGCCCGACG_020,86
ACTGAAAGGTCAGCCCGACG_021,184
ACTGAAAGGTCAGCCCGACG_022,184
ACTGAAAGGTCAGCCCGACG_023,77
ACTGAAAGGTCAGCCCGACG_024,43
ACTGAAAGGTCAGCCCGACG_025,188
ACTGAAAGGTCAGCCCGACG_026,70
ACTGAAAGGTCAGCCCGACG_027,138
ACTGAAAGGTCAGCCCGACG_028,144
ACTGAAAGGTCAGCCCGACG_029,39
ACTGAAAGGTCAGCCCGACG_030,8
ACTGAAAGGTCAGCCCGACG_031,188
ACTGAAAGGTCAGCCCGACG_032,141
ACTGAAAGGTCAGCCCGACG_033,1
ACTGAAAGGTCAGCCCGACG_034,168
ACTGAAAGGTCAGCCCGACG_035,37
ACTGAAAGGTCAGCCCGACG_036,126
CCTAGTTCATAAGCTACGCC_001,73
CCTAGTTCATAAGCTACGCC_002,58
CCTAGTTCATAAGCTACGCC_003,178
CCTAGTTCATAAGCTACGCC_004,177
CCTAGTTCATAAGCTACGCC_005,120
CCTAGTTCATAAGCTACGCC_006,94
CCTAGTTCATAAGCTACGCC_007,108
CCTAGTTCATAAGCTACGCC_008,82
CCTAGTTCATAAGCTACGCC_009,6
CCTAGTTCATAAGCTACGCC_010,3
CCTAGTTCATAAGCTACGCC_011,127
CCTAGTTCATAAGCTACGCC_012,123
CCTAGTTCATAAGCTACGCC_013,55
CCTAGTTCATAAGCTACGCC_014,94
CCTAGTTCATAAGCTACGCC_015,166
CCTAGTTCATAAGCTACGCC_016,53
CCTAGTTCATAAGCTACGCC_017,150
CCTAGTTCATAAGCTACGCC_018,177
CCTAGTTCATAAGCTACGCC_019,44
CCTAGTTCATAAGCTACGCC_020,44
TCCAGACCCGCGTGCTGCAG_001,42
TCCAGACCCGCGTGCTGCAG_002,131
TCCAGACCCGCGTGCTGCAG_003,20
TCCAGACCCGCGTGCTGCAG_004,81
TCCAGACCCGCGTGCTGCAG_005,81
TCCAGACCCGCGTGCTGCAG_006,161
TCCAGACCCGCGTGCTGCAG_007,98
TCCAGACCCGCGTGCTGCAG_008,7
GGAGTTTAGCCAGTCCAACT_001,154
GGAGTTTAGCCAGTCCAACT_002,91
GGAGTTTAGCCAGTCCAACT_003,157
GGAGTTTAGCCAGTCCAACT_004,8
GGAGTTTAGCCAGTCCAACT_005,30
GGAGTTTAGCCAGTCCAACT_006,38
GGAGTTTAGCCAGTCCAACT_007,198
GGAGTTTAGCCAGTCCAACT_008,62
GGAGTTTAGCCAGTCCAACT_009,144
GGAGTTTAGCCAGTCCAACT_010,98
GGAGTTTAGCCAGTCCAACT_011,83
GGAGTTTAGCCAGTCCAACT_012,10
GGAGTTTAGCCAGTCCAACT_013,92
GGAGTTTAGCCAGTCCAACT_014,184
GGAGTTTAGCCAGTCCAACT_015,2
GGAGTTTAGCCAGTCCAACT_016,49
GGAGTTTAGCCAGTCCAACT_017,3
GGAGTTTAGCCAGTCCAACT_018,138
GGAGTTTAGCCAGTCCAACT_019,2
GGAGTTTAGCCAGTCCAACT_020,76
GGAGTTTAGCCAGTCCAACT_021,83
GCGTTGGCCGCTATGCGCCG_001,127
GCGTTGGCCGCTATGCGCCG_002,76
GCGTTGGCCGCTATGCGCCG_003,188
GCGTTGGCCGCTATGCGCCG_004,96
GCGTTGGCCGCTATGCGCCG_005,63
GCGTTGGCCGCTATGCGCCG_006,70
GCGTTGGCCGCTATGCGCCG_007,11
GCGTTGGCCGCTATGCGCCG_008,157
GCGTTGGCCGCTATGCGCCG_009,0
GGAGCTAGCGAGCTTCAAGA_001,97
GGAGCTAGCGAGCTTCAAGA_002,133
GGAGCTAGCGAGCTTCAAGA_003,88
GGAGCTAGCGAGCTTCAAGA_004,81
GGAGCTAGCGAGCTTCAAGA_005,58
GGAGCTAGCGAGCTTCAAGA_006,170
GGAGCTAGCGAGCTTCAAGA_007,170
GGAGCAAGCTACTATTATTG_001,42
GTTACTTAATGTACTAGACA_001,150
GTTACTTAATGTACTAGACA_002,70
GTTACTTAATGTACTAGACA_003,125
GTTACTTAATGTACTAGACA_004,68
TCGTGATGGACTACTATGTG_001,151
TGGAAACCATAATCGATGGT_001,31
TGGAAACCATAATCGATGGT_002,166
TGGAAACCATAATCGATGGT_003,96
TGGAAACCATAATCGATGGT_004,116
TGGAAACCATAATCGATGGT_005,113
TGGAAACCATAATCGATGGT_006,123
TGGAAACCATAATCGATGGT_007,1
TGGAAACCATAATCGATGGT_008,75
TGGAAACCATAATCGATGGT_009,74
TGGAAACCATAATCGATGGT_010,183
CCCATAGGAGAAAATCCGAG_001,147
CCCATAGGAGAAAATCCGAG_002,198
CCCATAGGAGAAAATCCGAG_003,70
CCCATAGGAGAAAATCCGAG_004,139
CCCATAGGAGAAAATCCGAG_005,137
CCCATAGGAGAAAATCCGAG_006,65
CCCATAGGAGAAAATCCGAG_007,62
CCCATAGGAGAAAATCCGAG_008,80
CCTGCTGATCATAGGCATCG_001,199
CCTGCTGATCATAGGCATCG_002,83
CCTGCTGATCATAGGCATCG_003,0
CCTGCTGATCATAGGCATCG_004,55
CCTGCTGATCATAGGCATCG_005,120
CCTGCTGATCATAGGCATCG_006,113
CCTGCTGATCATAGGCATCG_007,56
CCTGCTGATCATAGGCATCG_008,52
CCTGCTGATCATAGGCATCG_009,138
TGTCAGATAAGAGCTATGAT_001,114
TGTCAGATAAGAGCTATGAT_002,67
TGTCAGATAAGAGCTATGAT_003,83
TGTCAGATAAGAGCTATGAT_004,182
TGTCAGATAAGAGCTATGAT_005,81
TGTCAGATAAGAGCTATGAT_006,1
AGAAATTAATTATTTAAACC_001,49
AGTCCTACCTAATTCTCTTG_001,32
AGTCCTACCTAATTCTCTTG_002,90
TGGAGAAGAACCGGAAAGCA_001,48
TGGAGAAGAACCGGAAAGCA_002,65
TGGAGAAGAACCGGAAAGCA_003,188
TGGAGAAGAACCGGAAAGCA_004,178
TGGAGAAGAACCGGAAAGCA_005,106
TGGAGAAGAACCGGAAAGCA_006,94
TGGAGAAGAACCGGAAAGCA_007,48
TGGAGAAGAACCGGAAAGCA_008,185
TGGAGAAGAACCGGAAAGCA_009,27
TGGAGAAGAACCGGAAAGCA_010,30
TGGAGAAGAACCGGAAAGCA_011,170
CCATGGGAAACATCCAAAGG_001,104
CCATGGGAAACATCCAAAGG_002,134
CCATGGGAAACATCCAAAGG_003,129
CCATGGGAAACATCCAAAGG_004,97
CCATGGGAAACATCCAAAGG_005,52
AATCCACACAGGACTTGAGA_001,21
AATCCACACAGGACTTGAGA_002,168
AATCCACACAGGACTTGAGA_003,162
AATCCACACAGGACTTGAGA_004,68
AATCCACACAGGACTTGAGA_005,154
AATCCACACAGGACTTGAGA_006,111
AATCCACACAGGACTTGAGA_007,32
AATCCACACAGGACTTGAGA_008,12
AATCCACACAGGACTTGAGA_009,115
AATCCACACAGGACTTGAGA_010,6
AATCCACACAGGACTTGAGA_011,24
AATCCACACAGGACTTGAGA_012,164
AATCCACACAGGACTTGAGA_013,130
AATCCACACAGGACTTGAGA_014,191
AATCCACACAGGACTTGAGA_015,9
AATCCACACAGGACTTGAGA_016,66
AATCCACACAGGACTTGAGA_017,127
AATCCACACAGGACTTGAGA_018,24
TAGTGAATACTACTTCAGCG_001,67
ATGCAGAGTCAAGTAAAACC_001,150
ATGCAGAGTCAAGTAAAACC_002,132
ATGCAGAGTCAAGTAAAACC_003,158
CATGCAGCCACTTGTACCAA_001,127
CATGCAGCCACTTGTACCAA_002,174
CATGCAGCCACTTGTACCAA_003,2
CATGCAGCCACTTGTACCAA_004,72
CATGCAGCCACTTGTACCAA_005,121
CATGCAGCCACTTGTACCAA_006,141
CATGCAGCCACTTGTACCAA_007,19
CATGCAGCCACTTGTACCAA_008,50
CATGCAGCCACTTGTACCAA_009,129
CATGCAGCCACTTGTACCAA_010,110
TTCTTGTCCGACGACCCCGG_001,182
TTCTTGTCCGACGACCCCGG_002,199
TTCTTGTCCGACGACCCCGG_003,63
TTCTTGTCCGACGACCCCGG_004,26
TTCTTGTCCGACGACCCCGG_005,126
TTCTTGTCCGACGACCCCGG_006,169
TTCTTGTCCGACGACCCCGG_007,107
TTCTTGTCCGACGACCCCGG_008,125
TTCTTGTCCGACGACCCCGG_009,100
TTCTTGTCCGACGACCCCGG_010,141
TTCTTGTCCGACGACCCCGG_011,177
CCTCTAGCAGCAATGAGCTG_001,88
CCTCTAGCAGCAATGAGCTG_002,169
CCTCTAGCAGCAATGAGCTG_003,75
CCTCTAGCAGCAATGAGCTG_004,42
ACAGGTTTATCATGACAGTG_001,83
ACAGGTTTATCATGACAGTG_002,88
ACAGGTTTATCATGACAGTG_003,169
ACAGGTTTATCATGACAGTG_004,79
ACAGGTTTATCATGACAGTG_005,35
ACAGGTTTATCATGACAGTG_006,15
ACAGGTTTATCATGACAGTG_007,30
ACAGGTTTATCATGACAGTG_008,59
ACAGGTTTATCATGACAGTG_009,74
ACAGGTTTATCATGACAGTG_010,63
ACAGGTTTATCATGACAGTG_011,77
ACAGGTTTATCATGACAGTG_012,45
GCTGTGGGCCAAATCCCCTG_001,114
GCTGTGGGCCAAATCCCCTG_002,114
GCTGTGGGCCAAATCCCCTG_003,17
GCTGTGGGCCAAATCCCCTG_004,78
GCTGTGGGCCAAATCCCCTG_005,24
GCTGTGGGCCAAATCCCCTG_006,128
GCTGTGGGCCAAATCCCCTG_007,24
GCTGTGGGCCAAATCCCCTG_008,134
GCTGTGGGCCAAATCCCCTG_009,19
GCTGTGGGCCAAATCCCCTG_010,123
GCTGTGGGCCAAATCCCCTG_011,27
GCTGTGGGCCAAATCCCCTG_012,41
GCTGTGGGCCAAATCCCCTG_013,149
GCTGTGGGCCAAATCCCCTG_014,62
GCTGTGGGCCAAATCCCCTG_015,61
GCTGTGGGCCAAATCCCCTG_016,17
GCTGTGGGCCAAATCCCCTG_017,104
GCTGTGGGCCAAATCCCCTG_018,32
GCTGTGGGCCAAATCCCCTG_019,40
GCTGTGGGCCAAATCCCCTG_020,15
GCTGTGGGCCAAATCCCCTG_021,135
CCAATATGAGCGGTTTGTGG_001,139
CCAATATGAGCGGTTTGTGG_002,18
CCAATATGAGCGGTTTGTGG_003,3
CCAATATGAGCGGTTTGTGG_004,119
CCAATATGAGCGGTTTGTGG_005,60
CCAATATGAGCGGTTTGTGG_006,41
CCAATATGAGCGGTTTGTGG_007,6
CCAATATGAGCGGTTTGTGG_008,47
CCAATATGAGCGGTTTGTGG_009,108
CCAATATGAGCGGTTTGTGG_010,27
CCAATATGAGCGGTTTGTGG_011,6
CCAATATGAGCGGTTTGTGG_012,141
CGGAGTTGGGTATAACACCG_001,112
CGGAGTTGGGTATAACACCG_002,59
CGGAGTTGGGTATAACACCG_003,2
CGGAGTTGGGTATAACACCG_004,14
CGGAGTTGGGTATAACACCG_005,127
GGTGTCTTAACTGTCAAACT_001,88
GGTGTCTTAACTGTCAAACT_002,174
GGTGTCTTAACTGTCAAACT_003,12
GGTGTCTTAACTGTCAAACT_004,175
AACCCCAAGTACCAACACGA_001,167
AACCCCAAGTACCAACACGA_002,167
AACCCCAAGTACCAACACGA_003,132
AACCCCAAGTACCAACACGA_004,128
AACCCCAAGTACCAACACGA_005,19
AACCCCAAGTACCAACACGA_006,99
AACCCCAAGTACCAACACGA_007,128
AACCCCAAGTACCAACACGA_008,42
AACCCCAAGTACCAACACGA_009,62
AACCCCAAGTACCAACACGA_010,47
AACCCCAAGTACCAACACGA_011,193
AACCCCAAGTACCAACACGA_012,4
AACCCCAAGTACCAACACGA_013,27
AACCCCAAGTACCAACACGA_014,15
AACCCCAAGTACCAACACGA_015,22
AACCCCAAGTACCAACACGA_016,123
AACCCCAAGTACCAACACGA_017,0
CGTGGGCGGTACAAGTGCAG_001,8
CGTGGGCGGTACAAGTGCAG_002,152
CGTGGGCGGTACAAGTGCAG_003,35
CGTGGGCGGTACAAGTGCAG_004,144
CGTGGGCGGTACAAGTGCAG_005,63
CGTGGGCGGTACAAGTGCAG_006,62
CGTGGGCGGTACAAGTGCAG_007,188
CGTGGGCGGTACAAGTGCAG_008,13
CGTGGGCGGTACAAGTGCAG_009,15
CGTGGGCGGTACAAGTGCAG_010,148
CGTGGGCGGTACAAGTGCAG_011,82
CGTGGGCGGTACAAGTGCAG_012,55
CGTGGGCGGTACAAGTGCAG_013,174
CGTGGGCGGTACAAGTGCAG_014,9
TTTCACGTATCAAACCACCC_001,58
GGAGAGCACTGGAAATTCTG_001,161
GGAGAGCACTGGAAATTCTG_002,48
GGAGAGCACTGGAAATTCTG_003,86
GGAGAGCACTGGAAATTCTG_004,31
GGAGAGCACTGGAAATTCTG_005,108
GGAGAGCACTGGAAATTCTG_006,89
GGAGAGCACTGGAAATTCTG_007,154
GGAGAGCACTGGAAATTCTG_008,80
GGAGAGCACTGGAAATTCTG_009,157
GGAGAGCACTGGAAATTCTG_010,132
GGAGAGCACTGGAAATTCTG_011,80
GGAGAGCACTGGAAATTCTG_012,51
GGAGAGCACTGGAAATTCTG_013,63
GGAGAGCACTGGAAATTCTG_014,15
GAAAGTCTTACATGACACAA_001,116
GAAAGTCTTACATGACACAA_002,75
GAAAGTCTTACATGACACAA_003,60
GACGGCTGACCGAATGACAG_001,12
GACGGCTGACCGAATGACAG_002,40
GACGGCTGACCGAATGACAG_003,147
GACGGCTGACCGAATGACAG_004,36
TTACATACTTGTATATTGGA_001,48
TTACATACTTGTATATTGGA_002,17
TTACATACTTGTATATTGGA_003,181
TTACATACTTGTATATTGGA_004,181
GTGTCACCGGAGAGTATGGG_001,58
GTGTCACCGGAGAGTATGGG_002,96
GTGTCACCGGAGAGTATGGG_003,75
GTGTCACCGGAGAGTATGGG_004,67
GTGTCACCGGAGAGTATGGG_005,165
GTGTCACCGGAGAGTATGGG_006,88
GTGTCACCGGAGAGTATGGG_007,198
GTGTCACCGGAGAGTATGGG_008,35
GTGTCACCGGAGAGTATGGG_009,169
GTGTCACCGGAGAGTATGGG_010,169
GTGTCACCGGAGAGTATGGG_011,32
GTGACAGCTGGAAGTAGCAG_001,15
GTGACAGCTGGAAGTAGCAG_002,49
GTGACAGCTGGAAGTAGCAG_003,16
GTGACAGCTGGAAGTAGCAG_004,83
GTGACAGCTGGAAGTAGCAG_005,2
GTGACAGCTGGAAGTAGCAG_006,5
GTGACAGCTGGAAGTAGCAG_007,73
GTGACAGCTGGAAGTAGCAG_008,91
GTGACAGCTGGAAGTAGCAG_009,142
GTGACAGCTGGAAGTAGCAG_010,31
GTGACAGCTGGAAGTAGCAG_011,150
TGCCTTAAGCCAATGATGCG_001,62
TGCCTTAAGCCAATGATGCG_002,175
TGCCTTAAGCCAATGATGCG_003,41
TGCCTTAAGCCAATGATGCG_004,70
TGCCTTAAGCCAATGATGCG_005,74
TGCCTTAAGCCAATGATGCG_006,82
TGCCTTAAGCCAATGATGCG_007,191
TGCCTTAAGCCAATGATGCG_008,105
TGCCTTAAGCCAATGATGCG_009,55
TGCCTTAAGCCAATGATGCG_010,130
TGCCTTAAGCCAATGATGCG_011,13
TGCCTTAAGCCAATGATGCG_012,121
TGCCTTAAGCCAATGATGCG_013,40
TGCCTTAAGCCAATGATGCG_014,69
TGCCTTAAGCCAATGATGCG_015,8
TGCCTTAAGCCAATGATGCG_016,71
GAATGGATGCTGCAGATGCG_001,112
GAATGGATGCTGCAGATGCG_002,195
GAATGGATGCTGCAGATGCG_003,34
GAATGGATGCTGCAGATGCG_004,60
GAATGGATGCTGCAGATGCG_005,168
GAATGGATGCTGCAGATGCG_006,41
CAAGATAATTGCGAAAGGTA_001,90
CAAGATAATTGCGAAAGGTA_002,72
TAATGTTGGATTAACCATAG_001,110
TAATGTTGGATTAACCATAG_002,51
AGGGCCACCTTACCCGACTG_001,88
AGGGCCACCTTACCCGACTG_002,190
AGGGCCACCTTACCCGACTG_003,118
AGGGCCACCTTACCCGACTG_004,102
AGGGCCACCTTACCCGACTG_005,70
AGGGCCACCTTACCCGACTG_006,119
AGGGCCACCTTACCCGACTG_007,41
AGGGCCACCTTACCCGACTG_008,63
AGGGCCACCTTACCCGACTG_009,1
CATGTACGACACCCCTCAAG_001,75
CATGTACGACACCCCTCAAG_002,146
CATGTACGACACCCCTCAAG_003,161
CATGTACGACACCCCTCAAG_004,4
CATGTACGACACCCCTCAAG_005,81
CATGTACGACACCCCTCAAG_006,59
GGAGAGATGATACCATCGGG_001,183
GGAGAGATGATACCATCGGG_002,42
GGAGAGATGATACCATCGGG_003,180
GGAGAGATGATACCATCGGG_004,82
GGAGAGATGATACCATCGGG_005,70
GGAGAGATGATACCATCGGG_006,105
GTCCCTTTCTCCAGATCGAG_001,19
GTCCCTTTCTCCAGATCGAG_002,184
GTCCCTTTCTCCAGATCGAG_003,184
GTCCCTTTCTCCAGATCGAG_004,2
GTCCCTTTCTCCAGATCGAG_005,185
GTCCCTTTCTCCAGATCGAG_006,171
GTCCCTTTCTCCAGATCGAG_007,173
GTCCCTTTCTCCAGATCGAG_008,103
GTCCCTTTCTCCAGATCGAG_009,73
GTCCCTTTCTCCAGATCGAG_010,56
GTCCCTTTCTCCAGATCGAG_011,84
GTCCCTTTCTCCAGATCGAG_012,55
TGGAAGAAATCCAAGGGCTG_001,119
TGGAAGAAATCCAAGGGCTG_002,0
TGGAAGAAATCCAAGGGCTG_003,134
TGGAAGAAATCCAAGGGCTG_004,198
TGGAAGAAATCCAAGGGCTG_005,2
TGGAAGAAATCCAAGGGCTG_006,126
TGGAAGAAATCCAAGGGCTG_007,13
GAAAGTCGTATGTTATTACG_001,46
GAAAGTCGTATGTTATTACG_002,19
AAGCAGGCCCCAATGCGTAG_001,78
AAGCAGGCCCCAATGCGTAG_002,76
AAGCAGGCCCCAATGCGTAG_003,94
AAGCAGGCCCCAATGCGTAG_004,51
AAGCAGGCCCCAATGCGTAG_005,36
AAGCAGGCCCCAATGCGTAG_006,108
AAGCAGGCCCCAATGCGTAG_007,78
AAGCAGGCCCCAATGCGTAG_008,162
AAGCAGGCCCCAATGCGTAG_009,162
AAGCAGGCCCCAATGCGTAG_010,34
AAGCAGGCCCCAATGCGTAG_011,30
CTTGTTAGTCTTAGACAGCG_001,5
CTTGTTAGTCTTAGACAGCG_002,48
CTTGTTAGTCTTAGACAGCG_003,58
CTTGTTAGTCTTAGACAGCG_004,35
CTTGTTAGTCTTAGACAGCG_005,8
CTTGTTAGTCTTAGACAGCG_006,43
CTTGTTAGTCTTAGACAGCG_007,93
CTTGTTAGTCTTAGACAGCG_008,7
CTTGTTAGTCTTAGACAGCG_009,122
CTTGTTAGTCTTAGACAGCG_010,12
CTTGTTAGTCTTAGACAGCG_011,104
CTTGTTAGTCTTAGACAGCG_012,81
CTTGTTAGTCTTAGACAGCG_013,146
CTTGTTAGTCTTAGACAGCG_014,60
CTTGTTAGTCTTAGACAGCG_015,52
CTTGTTAGTCTTAGACAGCG_016,106
TTGGACCAGGCCAAGCCACA_001,1
TTGGACCAGGCCAAGCCACA_002,15
TTGGACCAGGCCAAGCCACA_003,12
TTGGACCAGGCCAAGCCACA_004,34
TTGGACCAGGCCAAGCCACA_005,162
TTGGACCAGGCCAAGCCACA_006,70
TTGGACCAGGCCAAGCCACA_007,141
TTGGACCAGGCCAAGCCACA_008,195
TTGGACCAGGCCAAGCCACA_009,81
TTGGACCAGGCCAAGCCACA_010,17
TTGGACCAGGCCAAGCCACA_011,19
TTGGACCAGGCCAAGCCACA_012,117
TTGGACCAGGCCAAGCCACA_013,103
TTGGACCAGGCCAAGCCACA_014,127
TTGGACCAGGCCAAGCCACA_015,48
TTGGACCAGGCCAAGCCACA_016,60
TTGGACCAGGCCAAGCCACA_017,133
TTGGACCAGGCCAAGCCACA_018,12
TTGGACCAGGCCAAGCCACA_019,13
TTGGACCAGGCCAAGCCACA_020,148
TTGGACCAGGCCAAGCCACA_021,177
TTGGACCAGGCCAAGCCACA_022,164
TTGGACCAGGCCAAGCCACA_023,42
TTGGACCAGGCCAAGCCACA_024,146
TTGGACCAGGCCAAGCCACA_025,44
ACCTCCAGGGCACTGACGCG_001,137
ACCTCCAGGGCACTGACGCG_002,92
ACCTCCAGGGCACTGACGCG_003,61
ACCTCCAGGGCACTGACGCG_004,1
ACCTCCAGGGCACTGACGCG_005,140
ACCTCCAGGGCACTGACGCG_006,191
AAAGTCGAGAGTCTCTCCGA_001,71
AAAGTCGAGAGTCTCTCCGA_002,42
ACAGCGCCACAAGCCGTAAG_001,59
ACAGCGCCACAAGCCGTAAG_002,152
ACAGCGCCACAAGCCGTAAG_003,43
ACAGCGCCACAAGCCGTAAG_004,48
ACAGCGCCACAAGCCGTAAG_005,140
CCCAGAAGTACCGTCCCAGG_001,84
CCCAGAAGTACCGTCCCAGG_002,158
CCCAGAAGTACCGTCCCAGG_003,96
CCCAGAAGTACCGTCCCAGG_004,157
CCCAGAAGTACCGTCCCAGG_005,55
CCCCTCCGACGAAAAGACGC_001,8
CCCCTCCGACGAAAAGACGC_002,162
CCCCTCCGACGAAAAGACGC_003,48
CCCCTCCGACGAAAAGACGC_004,146
CCCCTCCGACGAAAAGACGC_005,52
CCCCTCCGACGAAAAGACGC_006,86
CTCATGACTGCTTATCTCTG_001,69
CAAGCTACTATGTTCCAAGG_001,183
CAAGCTACTATGTTCCAAGG_002,185
CAAGCTACTATGTTCCAAGG_003,34
CTGTGAACCTTACACGAGCA_001,9
CTGTGAACCTTACACGAGCA_002,198
AGTGGTTGATGAATACCAAG_001,39
AGTGGTTGATGAATACCAAG_002,9
AGTGGTTGATGAATACCAAG_003,144
TGCAGCAGGCCCCCACACGA_001,4
TGCAGCAGGCCCCCACACGA_002,197
TGCAGCAGGCCCCCACACGA_003,29
TGCAGCAGGCCCCCACACGA_004,175
TGCAGCAGGCCCCCACACGA_005,3
TGCAGCAGGCCCCCACACGA_006,52
TGCAGCAGGCCCCCACACGA_007,13
TGCAGCAGGCCCCCACACGA_008,178
TGCAGCAGGCCCCCACACGA_009,61
TGCAGCAGGCCCCCACACGA_010,22
TGCAGCAGGCCCCCACACGA_011,150
AGGAGCTACACCCCTTGCAT_001,168
AGGAGCTACACCCCTTGCAT_002,166
AGGAGCTACACCCCTTGCAT_003,149
AGGAGCTACACCCCTTGCAT_004,62
AGGAGCTACACCCCTTGCAT_005,49
AGGAGCTACACCCCTTGCAT_006,138
AGGAGCTACACCCCTTGCAT_007,183
AGGAGCTACACCCCTTGCAT_008,30
AGGAGCTACACCCCTTGCAT_009,171
AGGAGCTACACCCCTTGCAT_010,29
AGGAGCTACACCCCTTGCAT_011,61
AGGAGCTACACCCCTTGCAT_012,13
AGGAGCTACACCCCTTGCAT_013,199
AGGAGCTACACCCCTTGCAT_014,19
AGGAGCTACACCCCTTGCAT_015,37
AGGAGCTACACCCCTTGCAT_016,191
AGGAGCTACACCCCTTGCAT_017,168
AGGAGCTACACCCCTTGCAT_018,10
AGGAGCTACACCCCTTGCAT_019,38
AGGAGCTACACCCCTTGCAT_020,196
GCAGTATCAACGGATAACCA_001,149
GCAGTATCAACGGATAACCA_002,152
GCAGTATCAACGGATAACCA_003,83
GCAGTATCAACGGATAACCA_004,133
GCAGTATCAACGGATAACCA_005,94
GCAGTATCAACGGATAACCA_006,166
GCAGTATCAACGGATAACCA_007,68
GCAGTATCAACGGATAACCA_008,113
GCAGTATCAACGGATAACCA_009,104
GCAGTATCAACGGATAACCA_010,147
GCAGTATCAACGGATAACCA_011,122
GCAGTATCAACGGATAACCA_012,61
GCAGTATCAACGGATAACCA_013,63
GCAGTATCAACGGATAACCA_014,99
GCAGTATCAACGGATAACCA_015,26
GCAGTATCAACGGATAACCA_016,21
AGAGAGTTGAGTTGGTATAG_001,69
AGAGAGTTGAGTTGGTATAG_002,49
AGAGAGTTGAGTTGGTATAG_003,175
AGAGAGTTGAGTTGGTATAG_004,145
AGAGAGTTGAGTTGGTATAG_005,141
GGGGAACTCATCGAGATCGG_001,62
CCAGAGCGGAAGTACCGACG_001,82
CCAGAGCGGAAGTACCGACG_002,141
CCAGAGCGGAAGTACCGACG_003,88
GGAGAAGTCGACATGCCCGG_001,79
GGAGAAGTCGACATGCCCGG_002,144
GGAGAAGTCGACATGCCCGG_003,37
GTATCCAGGATGCCAACCGT_001,66
GTATCCAGGATGCCAACCGT_002,51
GTATCCAGGATGCCAACCGT_003,69
GTATCCAGGATGCCAACCGT_004,147
GTATCCAGGATGCCAACCGT_005,147
GTATCCAGGATGCCAACCGT_006,172
GTATCCAGGATGCCAACCGT_007,71
GTATCCAGGATGCCAACCGT_008,82
GTATCCAGGATGCCAACCGT_009,141
GTATCCAGGATGCCAACCGT_010,145
GTATCCAGGATGCCAACCGT_011,27
GTATCCAGGATGCCAACCGT_012,119
GTATCCAGGATGCCAACCGT_013,87
TCCAGCCAAGCAGACGACCT_001,191
TCCAGCCAAGCAGACGACCT_002,16
TCCAGCCAAGCAGACGACCT_003,170
TCCAGCCAAGCAGACGACCT_004,14
TCCAGCCAAGCAGACGACCT_005,25
TCCAGCCAAGCAGACGACCT_006,183
TCCAGCCAAGCAGACGACCT_007,127
TCCAGCCAAGCAGACGACCT_008,169
TCCAGCCAAGCAGACGACCT_009,139
TCCAGCCAAGCAGACGACCT_010,62
TCCAGCCAAGCAGACGACCT_011,121
GGATGTAGTAGGTATACGCA_001,182
GGATGTAGTAGGTATACGCA_002,163
GGATGTAGTAGGTATACGCA_003,117
GGATGTAGTAGGTATACGCA_004,82
GGATGTAGTAGGTATACGCA_005,188
GGATGTAGTAGGTATACGCA_006,50
GGATGTAGTAGGTATACGCA_007,84
GGATGTAGTAGGTATACGCA_008,176
GGATGTAGTAGGTATACGCA_009,113
GGATGTAGTAGGTATACGCA_010,181
GGATGTAGTAGGTATACGCA_011,10
GCAGGTGCACACATTGAGAG_001,18
GCAGGTGCACACATTGAGAG_002,196
CAGGTCCTCTCGAAGAACAG_001,117
CAGGTCCTCTCGAAGAACAG_002,15
CAGGTCCTCTCGAAGAACAG_003,54
CAGGTCCTCTCGAAGAACAG_004,75
CAGGTCCTCTCGAAGAACAG_005,62
TTAGCAGGGCACACACACAC_001,182
TTAGCAGGGCACACACACAC_002,96
TTAGCAGGGCACACACACAC_003,185
TTAGCAGGGCACACACACAC_004,141
TTAGCAGGGCACACACACAC_005,10
TTAGCAGGGCACACACACAC_006,170
TTAGCAGGGCACACACACAC_007,158
TTAGCAGGGCACACACACAC_008,105
TTAGCAGGGCACACACACAC_009,83
TTAGCAGGGCACACACACAC_010,191
TTAGCAGGGCACACACACAC_011,48
TTAGCAGGGCACACACACAC_012,62
TTAGCAGGGCACACACACAC_013,125
TTAGCAGGGCACACACACAC_014,185
TTAGCAGGGCACACACACAC_015,101
TTAGCAGGGCACACACACAC_016,41
TTAGCAGGGCACACACACAC_017,59
TTAGCAGGGCACACACACAC_018,28
TTAGCAGGGCACACACACAC_019,137
TTAGCAGGGCACACACACAC_020,191
TTAGCAGGGCACACACACAC_021,134
TTAGCAGGGCACACACACAC_022,32
TTAGCAGGGCACACACACAC_023,182
TTAGCAGGGCACACACACAC_024,191
TGAGAGAGATTCGACCAACC_001,169
TGATGTTATCTACTCAGTGA_001,100
AGTAGACGGATAATTAACCT_001,0
ACAGCGGAAAATCTACTGCG_001,155
ACAGCGGAAAATCTACTGCG_002,116
ACAGCGGAAAATCTACTGCG_003,115
TACGTCATTAAGAGTTCAAC_001,179
TACGTCATTAAGAGTTCAAC_002,16
TACGTCATTAAGAGTTCAAC_003,129
TACGTCATTAAGAGTTCAAC_004,160
TAGATTCACAGAAAATGACA_001,179
TAGATTCACAGAAAATGACA_002,197
TAGATTCACAGAAAATGACA_003,168
CCGAACCCCTCTGAGAATCG_001,50
CCGAACCCCTCTGAGAATCG_002,116
CCGAACCCCTCTGAGAATCG_003,10
CCGAACCCCTCTGAGAATCG_004,48
CTTCTTCTGCAACACGGCTA_001,19
CTTCTTCTGCAACACGGCTA_002,172
CTTCTTCTGCAACACGGCTA_003,96
CTTCTTCTGCAACACGGCTA_004,12
CTTCTTCTGCAACACGGCTA_005,43
CTTCTTCTGCAACACGGCTA_006,145
CAAACTCAAAATCAAGCTTG_001,144
CAAACTCAAAATCAAGCTTG_002,159
CAAACTCAAAATCAAGCTTG_003,97
CAAACTCAAAATCAAGCTTG_004,97
CAAACTCAAAATCAAGCTTG_005,171
CAAACTCAAAATCAAGCTTG_006,12
CAAACTCAAAATCAAGCTTG_007,83
CAAACTCAAAATCAAGCTTG_008,137
CAAACTCAAAATCAAGCTTG_009,77
CAAACTCAAAATCAAGCTTG_010,165
CAAACTCAAAATCAAGCTTG_011,83
CAAACTCAAAATCAAGCTTG_012,35
TCTGCTGATGTCGAACAAGG_001,182
TCTGCTGATGTCGAACAAGG_002,137
TCTGCTGATGTCGAACAAGG_003,38
TGATAGCTTTCTTAATCACA_001,9
TGATAGCTTTCTTAATCACA_002,40
TGATAGCTTTCTTAATCACA_003,147
TGATAGCTTTCTTAATCACA_004,106
CATCGTCTATCCACTCATGA_001,52
CATCGTCTATCCACTCATGA_002,104
CATCGTCTATCCACTCATGA_003,25
CATCGTCTATCCACTCATGA_004,30
CGTGAGCGGCGTGTACAATG_001,124
AGCAACCTAAACGAAGAGGT_001,12
AGCAACCTAAACGAAGAGGT_002,108
AGCAACCTAAACGAAGAGGT_003,108
AGCAACCTAAACGAAGAGGT_004,147
AAAGTCCATATCCTTAAGGG_001,3
GTGGATATTGAATATACCCG_001,148
ACTGCACGCAAGTCCACCGG_001,157
ACTGCACGCAAGTCCACCGG_002,41
ACTGCACGCAAGTCCACCGG_003,172
ACTGCACGCAAGTCCACCGG_004,72
ACTGCACGCAAGTCCACCGG_005,75
ACTGCACGCAAGTCCACCGG_006,113
ACTGCACGCAAGTCCACCGG_007,28
ACTGCACGCAAGTCCACCGG_008,150
ACTGCACGCAAGTCCACCGG_009,101
ACTGCACGCAAGTCCACCGG_010,40
ACTGCACGCAAGTCCACCGG_011,148
ACTGCACGCAAGTCCACCGG_012,76
ACTGCACGCAAGTCCACCGG_013,88
ACTGCACGCAAGTCCACCGG_014,190
ACTGCACGCAAGTCCACCGG_015,128
ACTGCACGCAAGTCCACCGG_016,198
ACTGCACGCAAGTCCACCGG_017,180
TGCTAAACCCCCTATCGATG_001,68
TGCTAAACCCCCTATCGATG_002,196
TGCTAAACCCCCTATCGATG_003,44
TGCTAAACCCCCTATCGATG_004,105
TGCTAAACCCCCTATCGATG_005,186
TGCTAAACCCCCTATCGATG_006,119
TGCTAAACCCCCTATCGATG_007,1
TGCTAAACCCCCTATCGATG_008,131
TGCTAAACCCCCTATCGATG_009,45
TGCTAAACCCCCTATCGATG_010,57
TGCTAAACCCCCTATCGATG_011,168
TGCTAAACCCCCTATCGATG_012,39
TGCTAAACCCCCTATCGATG_013,2
TGCTAAACCCCCTATCGATG_014,184
CTCCTCAATGCGGGTCACCC_001,68
CTCCTCAATGCGGGTCACCC_002,147
CTCCTCAATGCGGGTCACCC_003,8
CTCCTCAATGCGGGTCACCC_004,176
CTCCTCAATGCGGGTCACCC_005,153
CTCCTCAATGCGGGTCACCC_006,198
ACTGGGAGAGGTAAGACAAG_001,177
ACTGGGAGAGGTAAGACAAG_002,106
ACTGGGAGAGGTAAGACAAG_003,80
ACTGGGAGAGGTAAGACAAG_004,127
ACTGGGAGAGGTAAGACAAG_005,60
ACTGGGAGAGGTAAGACAAG_006,75
ACTGGGAGAGGTAAGACAAG_007,47
ACTGGGAGAGGTAAGACAAG_008,6
ACTGGGAGAGGTAAGACAAG_009,3
ACTGGGAGAGGTAAGACAAG_010,98
TCTACTGTCTCAACAACCAC_001,136
TCTACTGTCTCAACAACCAC_002,43
TAAACCGACGAAGATTCCTA_001,91
TAAACCGACGAAGATTCCTA_002,191
TAAACCGACGAAGATTCCTA_003,61
TAAACCGACGAAGATTCCTA_004,169
TAAACCGACGAAGATTCCTA_005,148
TAAACCGACGAAGATTCCTA_006,91
TAAACCGACGAAGATTCCTA_007,178
TAAACCGACGAAGATTCCTA_008,105
TAAACCGACGAAGATTCCTA_009,133
TAAACCGACGAAGATTCCTA_010,16
TAAACCGACGAAGATTCCTA_011,56
TAAACCGACGAAGATTCCTA_012,170
AGGGGACAAACCTTCATCCA_001,198
AGGGGACAAACCTTCATCCA_002,12
AGGGGACAAACCTTCATCCA_003,190
AGGGGACAAACCTTCATCCA_004,160
AGGGGACAAACCTTCATCCA_005,170
AGGGGACAAACCTTCATCCA_006,51
AGGGGACAAACCTTCATCCA_007,94
AAAAGCAGATGAATAGCGCC_001,25
AAAAGCAGATGAATAGCGCC_002,40
AAAAGCAGATGAATAGCGCC_003,105
AAAAGCAGATGAATAGCGCC_004,29
AAAAGCAGATGAATAGCGCC_005,150
AAAAGCAGATGAATAGCGCC_006,98
AAAAGCAGATGAATAGCGCC_007,2
ACTCAGCACTGCTAGGATCG_001,171
ACTCAGCACTGCTAGGATCG_002,7
ACTCAGCACTGCTAGGATCG_003,111
ACTCAGCACTGCTAGGATCG_004,26
ACTCAGCACTGCTAGGATCG_005,169
ACTCAGCACTGCTAGGATCG_006,168
ACTCAGCACTGCTAGGATCG_007,136
ACTCAGCACTGCTAGGATCG_008,120
AGGACGTGCAAGTAGCGCAG_001,45
AGGACGTGCAAGTAGCGCAG_002,48
AGGACGTGCAAGTAGCGCAG_003,17
AGGACGTGCAAGTAGCGCAG_004,80
AGGACGTGCAAGTAGCGCAG_005,89
AGGACGTGCAAGTAGCGCAG_006,80
AGGACGTGCAAGTAGCGCAG_007,88
AGGACGTGCAAGTAGCGCAG_008,102
AGGACGTGCAAGTAGCGCAG_009,80
AGGACGTGCAAGTAGCGCAG_010,161
AGGACGTGCAAGTAGCGCAG_011,36
GTCCAATGAGGTGAGAACTC_001,139
GTCCAATGAGGTGAGAACTC_002,40
GTCCAATGAGGTGAGAACTC_003,119
GTCCAATGAGGTGAGAACTC_004,182
GTCCAATGAGGTGAGAACTC_005,150
GTCCAATGAGGTGAGAACTC_006,70
TGCACCCACCAGTATGACAA_001,177
TGCACCCACCAGTATGACAA_002,104
TGCACCCACCAGTATGACAA_003,1
TGCACCCACCAGTATGACAA_004,69
TCCGGCTCGTATCACCACAA_001,46
TCCGGCTCGTATCACCACAA_002,65
TCCGGCTCGTATCACCACAA_003,84
TCCGGCTCGTATCACCACAA_004,48
AAAAAGGCAGCTGAACCGTG_001,116
AAAAAGGCAGCTGAACCGTG_002,93
AAAAAGGCAGCTGAACCGTG_003,74
AAAAAGGCAGCTGAACCGTG_004,16
AAAAAGGCAGCTGAACCGTG_005,164
AAAAAGGCAGCTGAACCGTG_006,176
AAAAAGGCAGCTGAACCGTG_007,196
AAAAAGGCAGCTGAACCGTG_008,62
GGGACGCTGGCCAGAGACAG_001,85
GGGACGCTGGCCAGAGACAG_002,9
GGGACGCTGGCCAGAGACAG_003,58
GGGACGCTGGCCAGAGACAG_004,94
GGGACGCTGGCCAGAGACAG_005,133
GGGACGCTGGCCAGAGACAG_006,1
GGGACGCTGGCCAGAGACAG_007,15
GGGACGCTGGCCAGAGACAG_008,12
GGGACGCTGGCCAGAGACAG_009,170
GGGACGCTGGCCAGAGACAG_010,10
GGGACGCTGGCCAGAGACAG_011,134
TGATGTTCGGGGGCACACTG_001,135
TGATGTTCGGGGGCACACTG_002,198
TGATGTTCGGGGGCACACTG_003,11
TGATGTTCGGGGGCACACTG_004,137
TGATGTTCGGGGGCACACTG_005,22
TGATGTTCGGGGGCACACTG_006,162
TGATGTTCGGGGGCACACTG_007,166
TGATGTTCGGGGGCACACTG_008,58
TGATGTTCGGGGGCACACTG_009,77
TGATGTTCGGGGGCACACTG_010,54
TGATGTTCGGGGGCACACTG_011,29
TGATGTTCGGGGGCACACTG_012,154
TGATGTTCGGGGGCACACTG_013,68
TGATGTTCGGGGGCACACTG_014,50
TGATGTTCGGGGGCACACTG_015,127
TGATGTTCGGGGGCACACTG_016,22
TGATGTTCGGGGGCACACTG_017,144
TGATGTTCGGGGGCACACTG_018,12
TGATGTTCGGGGGCACACTG_019,159
TGATGTTCGGGGGCACACTG_020,63
TGATGTTCGGGGGCACACTG_021,111
TGATGTTCGGGGGCACACTG_022,150
TGATGTTCGGGGGCACACTG_023,11
TGATGTTCGGGGGCACACTG_024,18
TGATGTTCGGGGGCACACTG_025,152
TGATGTTCGGGGGCACACTG_026,168
TGATGTTCGGGGGCACACTG_027,118
TGATGTTCGGGGGCACACTG_028,8
TGATGTTCGGGGGCACACTG_029,158
TGATGTTCGGGGGCACACTG_030,16
TGATGTTCGGGGGCACACTG_031,86
TGATGTTCGGGGGCACACTG_032,161
TGATGTTCGGGGGCACACTG_033,170
TGATGTTCGGGGGCACACTG_034,53
TGATGTTCGGGGGCACACTG_035,77
TGATGTTCGGGGGCACACTG_036,28
TGATGTTCGGGGGCACACTG_037,171
TGATGTTCGGGGGCACACTG_038,147
TGATGTTCGGGGGCACACTG_039,23
TGATGTTCGGGGGCACACTG_040,73
TGATGTTCGGGGGCACACTG_041,78
TGATGTTCGGGGGCACACTG_042,75
TGATGTTCGGGGGCACACTG_043,182
TGATGTTCGGGGGCACACTG_044,107
TGATGTTCGGGGGCACACTG_045,60
TGATGTTCGGGGGCACACTG_046,145
TGATGTTCGGGGGCACACTG_047,179
TGATGTTCGGGGGCACACTG_048,147
TGATGTTCGGGGGCACACTG_049,56
GGCAATTCGAGCCACCACAG_001,102
GGCAATTCGAGCCACCACAG_002,32
GGCAATTCGAGCCACCACAG_003,55
GGCAATTCGAGCCACCACAG_004,195
GGCAATTCGAGCCACCACAG_005,43
GGCAATTCGAGCCACCACAG_006,76
GGCAATTCGAGCCACCACAG_007,141
GGCAATTCGAGCCACCACAG_008,105
GGCAATTCGAGCCACCACAG_009,179
GGCAATTCGAGCCACCACAG_010,2
GGCAATTCGAGCCACCACAG_011,110
CGTGACGCCCGGGCGCGACA_001,56
CGTGACGCCCGGGCGCGACA_002,31
CGTGACGCCCGGGCGCGACA_003,43
CGTGACGCCCGGGCGCGACA_004,32
CGTGACGCCCGGGCGCGACA_005,129
CGTGACGCCCGGGCGCGACA_006,53
CGTGACGCCCGGGCGCGACA_007,61
CGTGACGCCCGGGCGCGACA_008,161
CGTGACGCCCGGGCGCGACA_009,78
CGTGACGCCCGGGCGCGACA_010,77
CGTGACGCCCGGGCGCGACA_011,11
CGTGACGCCCGGGCGCGACA_012,13
CGTGACGCCCGGGCGCGACA_013,30
GGTTCTACTCAGAAATGTAG_001,68
GGTTCTACTCAGAAATGTAG_002,141
GGTTCTACTCAGAAATGTAG_003,1
GGTTCTACTCAGAAATGTAG_004,55
GAAACGAGCCAAGGAGCCGT_001,64
GAAACGAGCCAAGGAGCCGT_002,97
GAAACGAGCCAAGGAGCCGT_003,8
GAAACGAGCCAAGGAGCCGT_004,102
GAAACGAGCCAAGGAGCCGT_005,32
GAAACGAGCCAAGGAGCCGT_006,48
GAAACGAGCCAAGGAGCCGT_007,149
GAAACGAGCCAAGGAGCCGT_008,170
GCAGATCAATCATCCCTGGC_001,34
GCAGATCAATCATCCCTGGC_002,50
GCAGATCAATCATCCCTGGC_003,6
GCAGATCAATCATCCCTGGC_004,88
TCCGCTCCACACCTACCAGT_001,193
TCCGCTCCACACCTACCAGT_002,12
TCCGCTCCACACCTACCAGT_003,24
TCCGCTCCACACCTACCAGT_004,113
AGTGCGTTCCTAGCAACAGG_001,82
AGTGCGTTCCTAGCAACAGG_002,160
AGTGCGTTCCTAGCAACAGG_003,61
AGTGCGTTCCTAGCAACAGG_004,32
TATTCAAAGTTGATGTTGGA_001,166
TATTCAAAGTTGATGTTGGA_002,172
TATTCAAAGTTGATGTTGGA_003,184
TATTCAAAGTTGATGTTGGA_004,117
TATTCAAAGTTGATGTTGGA_005,153
TATTCAAAGTTGATGTTGGA_006,124
TATTCAAAGTTGATGTTGGA_007,149
TATTCAAAGTTGATGTTGGA_008,103
TATTCAAAGTTGATGTTGGA_009,74
TATTCAAAGTTGATGTTGGA_010,192
GCCTCATAGACCACCCATCG_001,43
GCCTCATAGACCACCCATCG_002,124
GCCTCATAGACCACCCATCG_003,169
GCCTCATAGACCACCCATCG_004,111
ACGTGCACCTCGAGCCCGTG_001,189
ACGTGCACCTCGAGCCCGTG_002,117
ACGTGCACCTCGAGCCCGTG_003,119
ACGTGCACCTCGAGCCCGTG_004,9
ACGTGCACCTCGAGCCCGTG_005,48
ACGTGCACCTCGAGCCCGTG_006,160
ACGTGCACCTCGAGCCCGTG_007,191
ACGTGCACCTCGAGCCCGTG_008,48
ACGTGCACCTCGAGCCCGTG_009,43
ACGTGCACCTCGAGCCCGTG_010,140
ACGTGCACCTCGAGCCCGTG_011,51
ACGTGCACCTCGAGCCCGTG_012,130
ACGTGCACCTCGAGCCCGTG_013,16
ACGTGCACCTCGAGCCCGTG_014,97
ACGTGCACCTCGAGCCCGTG_015,170
ACGTGCACCTCGAGCCCGTG_016,113
ACGTGCACCTCGAGCCCGTG_017,113
ACGTGCACCTCGAGCCCGTG_018,70
ACGTGCACCTCGAGCCCGTG_019,149
ACGTGCACCTCGAGCCCGTG_020,169
ACGTGCACCTCGAGCCCGTG_021,26
ACGTGCACCTCGAGCCCGTG_022,80
ACGTGCACCTCGAGCCCGTG_023,6
CAGCACGCACATAATCCCCG_001,52
CAGCACGCACATAATCCCCG_002,31
CAGCACGCACATAATCCCCG_003,8
CAGCACGCACATAATCCCCG_004,61
TGAGCCGTATAAAAGCCCGT_001,25
TGAGCCGTATAAAAGCCCGT_002,199
TGAGCCGTATAAAAGCCCGT_003,146
TGAGCCGTATAAAAGCCCGT_004,9
TGAGCCGTATAAAAGCCCGT_005,15
TGAGCCGTATAAAAGCCCGT_006,142
TGAGCCGTATAAAAGCCCGT_007,170
TGAGCCGTATAAAAGCCCGT_008,161
TGAGCCGTATAAAAGCCCGT_009,125
TGAGCCGTATAAAAGCCCGT_010,191
CTGATACCCGTGTTCCCCGG_001,171
CTGATACCCGTGTTCCCCGG_002,134
ACTGCAGACTCGTAGGATGG_001,73
ACTGCAGACTCGTAGGATGG_002,116
TGAGGAAACTTCTGATTCAG_001,145
TGAGGAAACTTCTGATTCAG_002,88
TGAGGAAACTTCTGATTCAG_003,149
TGAGGAAACTTCTGATTCAG_004,43
TGAGGAAACTTCTGATTCAG_005,29
TGAGGAAACTTCTGATTCAG_006,144
TGAGGAAACTTCTGATTCAG_007,61
TGAGGAAACTTCTGATTCAG_008,107
TGAGGAAACTTCTGATTCAG_009,86
TGAGGAAACTTCTGATTCAG_010,190
TGAGGAAACTTCTGATTCAG_011,151
CAGGAGGAGAAGTGTAGGTG_001,58
CAGGAGGAGAAGTGTAGGTG_002,22
CAGGAGGAGAAGTGTAGGTG_003,1
CAGGAGGAGAAGTGTAGGTG_004,89
CAGGAGGAGAAGTGTAGGTG_005,151
CAGGAGGAGAAGTGTAGGTG_006,184
CAGGAGGAGAAGTGTAGGTG_007,169
CAGGAGGAGAAGTGTAGGTG_008,82
CAGGAGGAGAAGTGTAGGTG_009,188
CAGGAGGAGAAGTGTAGGTG_010,63
CAGGAGGAGAAGTGTAGGTG_011,198
CAGGAGGAGAAGTGTAGGTG_012,46
TCTACGTCCAGGACCCGCCG_001,62
TCTACGTCCAGGACCCGCCG_002,160
TCTACGTCCAGGACCCGCCG_003,124
GATGTCGTAGACGAGCACGA_001,186
GATGTCGTAGACGAGCACGA_002,199
GATGTCGTAGACGAGCACGA_003,176
GATGTCGTAGACGAGCACGA_004,17
GATGTCGTAGACGAGCACGA_005,160
GATGTCGTAGACGAGCACGA_006,48
GATGTCGTAGACGAGCACGA_007,176
GATGTCGTAGACGAGCACGA_008,78
GATGTCGTAGACGAGCACGA_009,176
GATGTCGTAGACGAGCACGA_010,144
GATGTCGTAGACGAGCACGA_011,187
GATGTCGTAGACGAGCACGA_012,104
GATGTCGTAGACGAGCACGA_013,0
GATGTCGTAGACGAGCACGA_014,6
GATGTCGTAGACGAGCACGA_015,63
GATGTCGTAGACGAGCACGA_016,180
GATGTCGTAGACGAGCACGA_017,180
GAGAGCCAAGAAGTACACCC_001,94
GAGAGCCAAGAAGTACACCC_002,29
GAGAGCCAAGAAGTACACCC_003,8
GAGAGCCAAGAAGTACACCC_004,30
GGAGGAATTAGCTTGAAGCA_001,33
TTAGTCCTACACCTAAAGTG_001,32
TTAGTCCTACACCTAAAGTG_002,49
TTAGTCCTACACCTAAAGTG_003,43
TTAGTCCTACACCTAAAGTG_004,127
TTAGTCCTACACCTAAAGTG_005,140
TTAGTCCTACACCTAAAGTG_006,69
TTAGTCCTACACCTAAAGTG_007,185
TTAGTCCTACACCTAAAGTG_008,56
TTAGTCCTACACCTAAAGTG_009,149
GTACTACAGAATTTCTCACG_001,43
GTACTACAGAATTTCTCACG_002,144
TTCTCCGATCGCTGGCCCGG_001,40
TTCTCCGATCGCTGGCCCGG_002,43
TTCTCCGATCGCTGGCCCGG_003,92
TTCTCCGATCGCTGGCCCGG_004,117
TTCTCCGATCGCTGGCCCGG_005,167
TTCTCCGATCGCTGGCCCGG_006,167
TTCTCCGATCGCTGGCCCGG_007,167
CTGGCAAAAATGCAGTCGAG_001,23
CTGGCAAAAATGCAGTCGAG_002,186
CTGGCAAAAATGCAGTCGAG_003,71
CTGGCAAAAATGCAGTCGAG_004,117
CTGGCAAAAATGCAGTCGAG_005,154
TTGGGAAAAGTTCATGCCAG_001,197
TTGGGAAAAGTTCATGCCAG_002,5
AGATCTGGGCCACAGCACGC_001,15
AGATCTGGGCCACAGCACGC_002,122
AGATCTGGGCCACAGCACGC_003,82
AGATCTGGGCCACAGCACGC_004,17
AGATCTGGGCCACAGCACGC_005,112
AGATCTGGGCCACAGCACGC_006,99
AGATCTGGGCCACAGCACGC_007,98
AGATCTGGGCCACAGCACGC_008,107
AGATCTGGGCCACAGCACGC_009,94
AGATCTGGGCCACAGCACGC_010,146
AGATCTGGGCCACAGCACGC_011,134
AGATCTGGGCCACAGCACGC_012,134
AGATCTGGGCCACAGCACGC_013,139
AGATCTGGGCCACAGCACGC_014,119
AGATCTGGGCCACAGCACGC_015,39
AGATCTGGGCCACAGCACGC_016,190
ATTCCGAAGAAAAGAAAGCG_001,45
ATTCCGAAGAAAAGAAAGCG_002,48
ATTCCGAAGAAAAGAAAGCG_003,162
ATTCCGAAGAAAAGAAAGCG_004,120
ATTCCGAAGAAAAGAAAGCG_005,81
ATTCCGAAGAAAAGAAAGCG_006,20
ATTCCGAAGAAAAGAAAGCG_007,106
ATTCCGAAGAAAAGAAAGCG_008,43
ATTCCGAAGAAAAGAAAGCG_009,10
ATTCCGAAGAAAAGAAAGCG_010,160
CAATGTGGGAGAGACCGTCA_001,191
CAATGTGGGAGAGACCGTCA_002,127
CAATGTGGGAGAGACCGTCA_003,58
CAATGTGGGAGAGACCGTCA_004,148
CAATGTGGGAGAGACCGTCA_005,53
CAATGTGGGAGAGACCGTCA_006,132
CAATGTGGGAGAGACCGTCA_007,33
CAATGTGGGAGAGACCGTCA_008,153
CAATGTGGGAGAGACCGTCA_009,45
CAATGTGGGAGAGACCGTCA_010,170
CAATGTGGGAGAGACCGTCA_011,136
CAATGTGGGAGAGACCGTCA_012,7
CAATGTGGGAGAGACCGTCA_013,185
CAATGTGGGAGAGACCGTCA_014,82
CAATGTGGGAGAGACCGTCA_015,35
CAATGTGGGAGAGACCGTCA_016,112
CAATGTGGGAGAGACCGTCA_017,32
CAATGTGGGAGAGACCGTCA_018,80
CAATGTGGGAGAGACCGTCA_019,5
CAATGTGGGAGAGACCGTCA_020,177
CCTTGTTGACAAGCACGATG_001,194
CCTTGTTGACAAGCACGATG_002,116
CCTTGTTGACAAGCACGATG_003,196
CCTTGTTGACAAGCACGATG_004,74
CCTTGTTGACAAGCACGATG_005,158
CCTTGTTGACAAGCACGATG_006,65
CCTTGTTGACAAGCACGATG_007,154
CCTTGTTGACAAGCACGATG_008,154
CCTTGTTGACAAGCACGATG_009,103
AGTTGCGGTCTATCTCCCAT_001,97
AGTTGCGGTCTATCTCCCAT_002,80
AGTTGCGGTCTATCTCCCAT_003,145
AGTTGCGGTCTATCTCCCAT_004,127
AGTTGCGGTCTATCTCCCAT_005,41
AGTTGCGGTCTATCTCCCAT_006,77
CATGTTACGAACCAACTGGA_001,176
CATGTTACGAACCAACTGGA_002,169
CATGTTACGAACCAACTGGA_003,169
CATGTTACGAACCAACTGGA_004,50
CACTGCCCTTAACACCAGTG_001,146
CACTGCCCTTAACACCAGTG_002,106
CACTGCCCTTAACACCAGTG_003,78
CACTGCCCTTAACACCAGTG_004,7
CACTGCCCTTAACACCAGTG_005,150
CACTGCCCTTAACACCAGTG_006,120
CACTGCCCTTAACACCAGTG_007,157
CACTGCCCTTAACACCAGTG_008,178
CACTGCCCTTAACACCAGTG_009,10
CACTGCCCTTAACACCAGTG_010,158
CACTGCCCTTAACACCAGTG_011,137
CACTGCCCTTAACACCAGTG_012,56
CACTGCCCTTAACACCAGTG_013,40
CACTGCCCTTAACACCAGTG_014,80
CACTGCCCTTAACACCAGTG_015,64
CACTGCCCTTAACACCAGTG_016,55
CACTGCCCTTAACACCAGTG_017,159
CACTGCCCTTAACACCAGTG_018,133
CACTGCCCTTAACACCAGTG_019,137
CACTGCCCTTAACACCAGTG_020,158
CACTGCCCTTAACACCAGTG_021,60
CACTGCCCTTAACACCAGTG_022,52
GTTCCGCCAGTAGGACCGCA_001,165
GTTCCGCCAGTAGGACCGCA_002,124
GTTCCGCCAGTAGGACCGCA_003,125
GTTCCGCCAGTAGGACCGCA_004,161
GTTCCGCCAGTAGGACCGCA_005,191
GTTCCGCCAGTAGGACCGCA_006,60
GTTCCGCCAGTAGGACCGCA_007,141
GTTCCGCCAGTAGGACCGCA_008,63
GTTCCGCCAGTAGGACCGCA_009,84
GTTCCGCCAGTAGGACCGCA_010,83
GTTCCGCCAGTAGGACCGCA_011,38
GTTCCGCCAGTAGGACCGCA_012,86
GTTCCGCCAGTAGGACCGCA_013,185
GTTCCGCCAGTAGGACCGCA_014,62
GTTCCGCCAGTAGGACCGCA_015,163
GTTCCGCCAGTAGGACCGCA_016,127
GTTCCGCCAGTAGGACCGCA_017,19
GTTCCGCCAGTAGGACCGCA_018,199
GTTCCGCCAGTAGGACCGCA_019,26
AAGTTGAACAAGGCCCCCCA_001,147
AAGTTGAACAAGGCCCCCCA_002,62
AAGTTGAACAAGGCCCCCCA_003,115
AAGTTGAACAAGGCCCCCCA_004,101
AAGTTGAACAAGGCCCCCCA_005,98
AAGTTGAACAAGGCCCCCCA_006,50
AAGTTGAACAAGGCCCCCCA_007,145
AAGTTGAACAAGGCCCCCCA_008,150
AAGTTGAACAAGGCCCCCCA_009,24
AAGTTGAACAAGGCCCCCCA_010,75
AAGTTGAACAAGGCCCCCCA_011,69
AAGTTGAACAAGGCCCCCCA_012,28
AAGTTGAACAAGGCCCCCCA_013,171
AAGTTGAACAAGGCCCCCCA_014,34
ACTGCTATGAGCAATACTCC_001,98
ACTGCTATGAGCAATACTCC_002,75
ACTGCTATGAGCAATACTCC_003,132
CCCACCAAATAGAACCCCCA_001,106
CCCACCAAATAGAACCCCCA_002,149
CCCACCAAATAGAACCCCCA_003,169
CCCACCAAATAGAACCCCCA_004,83
CCCACCAAATAGAACCCCCA_005,91
CCCACCAAATAGAACCCCCA_006,117
CCCACCAAATAGAACCCCCA_007,88
CCCACCAAATAGAACCCCCA_008,130
CCCACCAAATAGAACCCCCA_009,2
CCCACCAAATAGAACCCCCA_010,136
CCCACCAAATAGAACCCCCA_011,152
CCCACCAAATAGAACCCCCA_012,138
CCCACCAAATAGAACCCCCA_013,111
CCCACCAAATAGAACCCCCA_014,186
CCAGTCTGGGAGCTCGGTAA_001,110
CCAGTCTGGGAGCTCGGTAA_002,185
CCAGTCTGGGAGCTCGGTAA_003,191
CCAGTCTGGGAGCTCGGTAA_004,16
CCAGTCTGGGAGCTCGGTAA_005,185
CCAGTCTGGGAGCTCGGTAA_006,2
TCTTTCACGATCCAGCACTG_001,54
TCTTTCACGATCCAGCACTG_002,114
TCTTTCACGATCCAGCACTG_003,95
TCTTTCACGATCCAGCACTG_004,76
TCTTTCACGATCCAGCACTG_005,117
TCTTTCACGATCCAGCACTG_006,101
TCTTTCACGATCCAGCACTG_007,96
TCTTTCACGATCCAGCACTG_008,106
TCTTTCACGATCCAGCACTG_009,46
TCTTTCACGATCCAGCACTG_010,180
TCTTTCACGATCCAGCACTG_011,149
TCTTTCACGATCCAGCACTG_012,149
GCACGCGGAAGCGCCCCATG_001,58
GCACGCGGAAGCGCCCCATG_002,127
GCACGCGGAAGCGCCCCATG_003,64
GCACGCGGAAGCGCCCCATG_004,42
GCACGCGGAAGCGCCCCATG_005,8
GCACGCGGAAGCGCCCCATG_006,82
GCACGCGGAAGCGCCCCATG_007,181
GCACGCGGAAGCGCCCCATG_008,80
GCACGCGGAAGCGCCCCATG_009,2
GCACGCGGAAGCGCCCCATG_010,118
GCACGCGGAAGCGCCCCATG_011,148
GCACGCGGAAGCGCCCCATG_012,120
GCACGCGGAAGCGCCCCATG_013,190
GCACGCGGAAGCGCCCCATG_014,5
GCACGCGGAAGCGCCCCATG_015,169
GCACGCGGAAGCGCCCCATG_016,40
GCACGCGGAAGCGCCCCATG_017,87
GCACGCGGAAGCGCCCCATG_018,62
GCACGCGGAAGCGCCCCATG_019,84
GCACGCGGAAGCGCCCCATG_020,47
GCACGCGGAAGCGCCCCATG_021,148
AGAGGGACCACAGGTCGTCG_001,127
AGAGGGACCACAGGTCGTCG_002,171
AGAGGGACCACAGGTCGTCG_003,114
AGAGGGACCACAGGTCGTCG_004,177
AGAGGGACCACAGGTCGTCG_005,69
AGAGGGACCACAGGTCGTCG_006,179
CAGTCACACCAAGTAACCTG_001,154
CAGTCACACCAAGTAACCTG_002,119
CAGTCACACCAAGTAACCTG_003,123
CAGTCACACCAAGTAACCTG_004,145
CAGTCACACCAAGTAACCTG_005,155
CAGTCACACCAAGTAACCTG_006,75
CAGTCACACCAAGTAACCTG_007,174
CAGTCACACCAAGTAACCTG_008,76
CAGTCACACCAAGTAACCTG_009,51
CAGTCACACCAAGTAACCTG_010,2
CAGTCACACCAAGTAACCTG_011,0
CAGTCACACCAAGTAACCTG_012,160
CAGTCACACCAAGTAACCTG_013,6
CAGTCACACCAAGTAACCTG_014,138
CAGTCACACCAAGTAACCTG_015,63
TGGCTTTACCACACAAACAA_001,192
TGGCTTTACCACACAAACAA_002,78
TGGCTTTACCACACAAACAA_003,123
TGGCTTTACCACACAAACAA_004,124
CCAACCCCCATCAGATATCG_001,170
CCAACCCCCATCAGATATCG_002,8
CCAACCCCCATCAGATATCG_003,149
CAGGGGCCTTACCCACGGCG_001,84
CAGGGGCCTTACCCACGGCG_002,146
CAGGGGCCTTACCCACGGCG_003,111
CAGGGGCCTTACCCACGGCG_004,11
CAGGGGCCTTACCCACGGCG_005,157
CAGGGGCCTTACCCACGGCG_006,62
CAGGGGCCTTACCCACGGCG_007,199
CAGGGGCCTTACCCACGGCG_008,16
CAGGGGCCTTACCCACGGCG_009,129
CAGGGGCCTTACCCACGGCG_010,152
CAGGGGCCTTACCCACGGCG_011,85
ACAATATCCAAGCCATCTGA_001,17
ACAATATCCAAGCCATCTGA_002,15
ACAATATCCAAGCCATCTGA_003,78
ACAATATCCAAGCCATCTGA_004,68
ACAATATCCAAGCCATCTGA_005,168
ACAATATCCAAGCCATCTGA_006,35
ACAATATCCAAGCCATCTGA_007,182
ACAATATCCAAGCCATCTGA_008,91
TGCTTTCCGTATCTATGACA_001,17
TGCTTTCCGTATCTATGACA_002,93
TGCTTTCCGTATCTATGACA_003,138
TGCTTTCCGTATCTATGACA_004,138
AATGGGACAACTTACCAACA_001,123
AATGGGACAACTTACCAACA_002,83
CAAAAGCCGTAGCAACACTG_001,120
CAGTTGGGCATCCCCCAGCG_001,171
CAGTTGGGCATCCCCCAGCG_002,167
GGCAGTGACGCCGAGTCGTG_001,176
GGCAGTGACGCCGAGTCGTG_002,113
GGCAGTGACGCCGAGTCGTG_003,160
GGCAGTGACGCCGAGTCGTG_004,51
GGCAGTGACGCCGAGTCGTG_005,161
GGCAGTGACGCCGAGTCGTG_006,47
GGCAGTGACGCCGAGTCGTG_007,199
GGCAGTGACGCCGAGTCGTG_008,14
GGCAGTGACGCCGAGTCGTG_009,125
GGCAGTGACGCCGAGTCGTG_010,120
GGCAGTGACGCCGAGTCGTG_011,49
GGCAGTGACGCCGAGTCGTG_012,130
GGCAGTGACGCCGAGTCGTG_013,129
GGCAGTGACGCCGAGTCGTG_014,79
GGCAGTGACGCCGAGTCGTG_015,162
GGCAGTGACGCCGAGTCGTG_016,136
GGCAGTGACGCCGAGTCGTG_017,68
GGCAGTGACGCCGAGTCGTG_018,166
GGCAGTGACGCCGAGTCGTG_019,83
GGCAGTGACGCCGAGTCGTG_020,52
GGCAGTGACGCCGAGTCGTG_021,61
GGCAGTGACGCCGAGTCGTG_022,101
GGCAGTGACGCCGAGTCGTG_023,98
GGCAGTGACGCCGAGTCGTG_024,88
GGCAGTGACGCCGAGTCGTG_025,63
GGCAGTGACGCCGAGTCGTG_026,40
GGCAGTGACGCCGAGTCGTG_027,82
TCGGACAGCCTATCGACATG_001,170
TCGGACAGCCTATCGACATG_002,137
TCGGACAGCCTATCGACATG_003,94
TCGGACAGCCTATCGACATG_004,152
TCGGACAGCCTATCGACATG_005,102
TCGGACAGCCTATCGACATG_006,164
TATAGACCTCCCAAATACAT_001,91
TATAGACCTCCCAAATACAT_002,72
TATAGACCTCCCAAATACAT_003,169
TATAGACCTCCCAAATACAT_004,49
TATAGACCTCCCAAATACAT_005,150
TATAGACCTCCCAAATACAT_006,52
TATAGACCTCCCAAATACAT_007,170
TATAGACCTCCCAAATACAT_008,138
TATAGACCTCCCAAATACAT_009,190
TATAGACCTCCCAAATACAT_010,81
TATAGACCTCCCAAATACAT_011,62
TATAGACCTCCCAAATACAT_012,162
TATAGACCTCCCAAATACAT_013,53
TCTAATTCCAAAGCTCGGAG_001,34
AAGATGTGGATAACCAACGG_001,148
AAGATGTGGATAACCAACGG_002,117
CAGTGCCACAGAGACCCTCT_001,178
CAGTGCCACAGAGACCCTCT_002,105
CAGTGCCACAGAGACCCTCT_003,47
CAGTGCCACAGAGACCCTCT_004,158
CAGTGCCACAGAGACCCTCT_005,138
CAGTGCCACAGAGACCCTCT_006,197
CAGTGCCACAGAGACCCTCT_007,41
CAGTGCCACAGAGACCCTCT_008,43
CAGTGCCACAGAGACCCTCT_009,41
CAGTGCCACAGAGACCCTCT_010,41
CAGTGCCACAGAGACCCTCT_011,69
CAGTGCCACAGAGACCCTCT_012,74
CAGTGCCACAGAGACCCTCT_013,118
CAGTGCCACAGAGACCCTCT_014,76
CAGTGCCACAGAGACCCTCT_015,48
CAGTGCCACAGAGACCCTCT_016,116
CAGTGCCACAGAGACCCTCT_017,48
CAGTGCCACAGAGACCCTCT_018,171
CAGTGCCACAGAGACCCTCT_019,185
CAGTGCCACAGAGACCCTCT_020,99
CAGTGCCACAGAGACCCTCT_021,60
CAGTGCCACAGAGACCCTCT_022,82
CAGTGCCACAGAGACCCTCT_023,123
CAGTGCCACAGAGACCCTCT_024,192
CCTGCTGGAAATACTCGTAG_001,43
CCTGCTGGAAATACTCGTAG_002,182
CCTGCTGGAAATACTCGTAG_003,101
CCTGCTGGAAATACTCGTAG_004,80
CCTGCTGGAAATACTCGTAG_005,26
CCTGCTGGAAATACTCGTAG_006,118
CCTGCTGGAAATACTCGTAG_007,34
TGGAAGCAGTCTTCCTACGC_001,51
TGGAAGCAGTCTTCCTACGC_002,171
TGGAAGCAGTCTTCCTACGC_003,178
TGGAAGCAGTCTTCCTACGC_004,112
CGGCTCGCTGGGTCTCTACG_001,78
CGGCTCGCTGGGTCTCTACG_002,172
CGGCTCGCTGGGTCTCTACG_003,82
CGGCTCGCTGGGTCTCTACG_004,78
CGGCTCGCTGGGTCTCTACG_005,170
CGGCTCGCTGGGTCTCTACG_006,127
CGGCTCGCTGGGTCTCTACG_007,9
CGGCTCGCTGGGTCTCTACG_008,32
CGGCTCGCTGGGTCTCTACG_009,17
CGGCTCGCTGGGTCTCTACG_010,60
CGGCTCGCTGGGTCTCTACG_011,105
CGGCTCGCTGGGTCTCTACG_012,48
AGAAATAGCAACATTCGAAG_001,127
AGAAATAGCAACATTCGAAG_002,35
AGAAATAGCAACATTCGAAG_003,153
AGAAATAGCAACATTCGAAG_004,2
AGAAATAGCAACATTCGAAG_005,162
GAGAATCCGAGATAGGTACG_001,16
GAGAATCCGAGATAGGTACG_002,58
GAGAATCCGAGATAGGTACG_003,117
GAGAATCCGAGATAGGTACG_004,48
GAGAATCCGAGATAGGTACG_005,75
GAGAATCCGAGATAGGTACG_006,104
TCACCGATTGCTGTGTTCGG_001,12
TCACCGATTGCTGTGTTCGG_002,26
TCACCGATTGCTGTGTTCGG_003,114
TCACCGATTGCTGTGTTCGG_004,125
TCACCGATTGCTGTGTTCGG_005,105
TCACCGATTGCTGTGTTCGG_006,141
TCACCGATTGCTGTGTTCGG_007,75
TCACCGATTGCTGTGTTCGG_008,3
TCACCGATTGCTGTGTTCGG_009,114
ACACACAGTGCAATATACAG_001,198
ACACACAGTGCAATATACAG_002,17
ACACACAGTGCAATATACAG_003,118
ACACACAGTGCAATATACAG_004,128
ACACACAGTGCAATATACAG_005,63
ACACACAGTGCAATATACAG_006,124
ACACACAGTGCAATATACAG_007,152
ACACACAGTGCAATATACAG_008,192
ACACACAGTGCAATATACAG_009,119
ACACACAGTGCAATATACAG_010,33
AGGACAGTGCCAGATCGGAG_001,77
AGGACAGTGCCAGATCGGAG_002,78
AGGACAGTGCCAGATCGGAG_003,185
AGGACAGTGCCAGATCGGAG_004,169
AGGACAGTGCCAGATCGGAG_005,46
AGGACAGTGCCAGATCGGAG_006,29
GGTTAGGAGTCGGCTTTACG_001,95
GGTTAGGAGTCGGCTTTACG_002,85
GGTTAGGAGTCGGCTTTACG_003,159
GGTTAGGAGTCGGCTTTACG_004,169
GGTTAGGAGTCGGCTTTACG_005,197
GGTTAGGAGTCGGCTTTACG_006,38
GGTTAGGAGTCGGCTTTACG_007,64
GGTTAGGAGTCGGCTTTACG_008,150
GGTTAGGAGTCGGCTTTACG_009,15
GGTTAGGAGTCGGCTTTACG_010,150
GGTTAGGAGTCGGCTTTACG_011,170
GGTTAGGAGTCGGCTTTACG_012,6
GTCACAGCCGCGCTCACACA_001,112
GTCACAGCCGCGCTCACACA_002,1
GTCACAGCCGCGCTCACACA_003,113
GTCACAGCCGCGCTCACACA_004,163
GTCACAGCCGCGCTCACACA_005,3
AGATGCAACATTTGTCAGTG_001,83
AGATGCAACATTTGTCAGTG_002,184
AGATGCAACATTTGTCAGTG_003,79
AGATGCAACATTTGTCAGTG_004,134
AGATGCAACATTTGTCAGTG_005,115
AGATGCAACATTTGTCAGTG_006,88
AGATGCAACATTTGTCAGTG_007,183
AGATGCAACATTTGTCAGTG_008,24
AGATGCAACATTTGTCAGTG_009,166
AGATGCAACATTTGTCAGTG_010,145
AGATGCAACATTTGTCAGTG_011,77
AGATGCAACATTTGTCAGTG_012,182
AGATGCAACATTTGTCAGTG_013,84
AGATGCAACATTTGTCAGTG_014,199
AGATGCAACATTTGTCAGTG_015,188
AGATGCAACATTTGTCAGTG_016,49
AGCCGCTACCTGACCTACTG_001,43
AGCCGCTACCTGACCTACTG_002,108
AGCCGCTACCTGACCTACTG_003,84
AGCCGCTACCTGACCTACTG_004,174
AGCCGCTACCTGACCTACTG_005,191
AGCCGCTACCTGACCTACTG_006,62
AGCCGCTACCTGACCTACTG_007,65
AGCCGCTACCTGACCTACTG_008,16
AGCCGCTACCTGACCTACTG_009,102
AGCCGCTACCTGACCTACTG_010,148
AGCCGCTACCTGACCTACTG_011,67
AGCCGCTACCTGACCTACTG_012,9
AGCCGCTACCTGACCTACTG_013,157
AGCCGCTACCTGACCTACTG_014,158
AGCCGCTACCTGACCTACTG_015,50
AGCCGCTACCTGACCTACTG_016,88
AGCCGCTACCTGACCTACTG_017,30
AGCCGCTACCTGACCTACTG_018,41
CAAGTTACAGTCCTCCGAGG_001,40
CAAGTTACAGTCCTCCGAGG_002,20
CAAGTTACAGTCCTCCGAGG_003,8
CAAGTTACAGTCCTCCGAGG_004,62
CAAGTTACAGTCCTCCGAGG_005,72
CAAGTTACAGTCCTCCGAGG_006,64
CAAGTTACAGTCCTCCGAGG_007,96
CAAGTTACAGTCCTCCGAGG_008,150
CAAGTTACAGTCCTCCGAGG_009,148
CCGGACTCATAGAAGCGCTG_001,191
CCGGACTCATAGAAGCGCTG_002,49
CCGGACTCATAGAAGCGCTG_003,185
CCGGACTCATAGAAGCGCTG_004,69
CCGGACTCATAGAAGCGCTG_005,151
CCGGACTCATAGAAGCGCTG_006,159
CCGGACTCATAGAAGCGCTG_007,17
CCGGACTCATAGAAGCGCTG_008,4
CCGGACTCATAGAAGCGCTG_009,184
CCGGACTCATAGAAGCGCTG_010,196
CCGGACTCATAGAAGCGCTG_011,112
CCGGACTCATAGAAGCGCTG_012,1
CCGGACTCATAGAAGCGCTG_013,57
CCGGACTCATAGAAGCGCTG_014,0
CCGGACTCATAGAAGCGCTG_015,97
CCGGACTCATAGAAGCGCTG_016,53
CCGGACTCATAGAAGCGCTG_017,105
CCGGACTCATAGAAGCGCTG_018,150
CCGGACTCATAGAAGCGCTG_019,80
CCGGACTCATAGAAGCGCTG_020,72
CCGGACTCATAGAAGCGCTG_021,85
CCGGACTCATAGAAGCGCTG_022,124
CCGGACTCATAGAAGCGCTG_023,81
CCGGACTCATAGAAGCGCTG_024,78
CCGGACTCATAGAAGCGCTG_025,151
CCGGACTCATAGAAGCGCTG_026,49
CCGGACTCATAGAAGCGCTG_027,19
CCGGACTCATAGAAGCGCTG_028,199
CTTCACTATCAGCCACCGTG_001,54
GAATTACTAAAAGTCAACTC_001,94
GAATTACTAAAAGTCAACTC_002,43
GGAGACATGTATACTGCACG_001,48
GGAGACATGTATACTGCACG_002,64
GGAGACATGTATACTGCACG_003,106
GTAGATAAAACTACTACCTG_001,73
GTAGATAAAACTACTACCTG_002,70
GTAGATAAAACTACTACCTG_003,11
GTAGATAAAACTACTACCTG_004,193
GTAGATAAAACTACTACCTG_005,177
GTAGATAAAACTACTACCTG_006,149
GTAGATAAAACTACTACCTG_007,157
GTAGATAAAACTACTACCTG_008,70
AGAGCTACTAGTCAACATGG_001,169
AGAGCTACTAGTCAACATGG_002,119
AGAGCTACTAGTCAACATGG_003,91
TGCTGCGTAACCACAGCCAG_001,102
TGCTGCGTAACCACAGCCAG_002,184
TGCTGCGTAACCACAGCCAG_003,169
TGCTGCGTAACCACAGCCAG_004,23
TGCTGCGTAACCACAGCCAG_005,176
TGCTGCGTAACCACAGCCAG_006,19
TGCTGCGTAACCACAGCCAG_007,176
TGCTGCGTAACCACAGCCAG_008,65
TGCTGCGTAACCACAGCCAG_009,31
TTCAATAGTGAGCTGAGCAG_001,147
TTCAATAGTGAGCTGAGCAG_002,166
TTCAATAGTGAGCTGAGCAG_003,41
TTCAATAGTGAGCTGAGCAG_004,70
TTCAATAGTGAGCTGAGCAG_005,158
TTCAATAGTGAGCTGAGCAG_006,39
TTCAATAGTGAGCTGAGCAG_007,152
TTCAATAGTGAGCTGAGCAG_008,141
TTCAATAGTGAGCTGAGCAG_009,151
TTCAATAGTGAGCTGAGCAG_010,192
TTCAATAGTGAGCTGAGCAG_011,158
TTCAATAGTGAGCTGAGCAG_012,58
TTCAATAGTGAGCTGAGCAG_013,168
TTCAATAGTGAGCTGAGCAG_014,78
TTCAATAGTGAGCTGAGCAG_015,75
CCCAGACACGATCTACAGTG_001,53
ACTCTGAAGGACGCTTATGG_001,75
ACTCTGAAGGACGCTTATGG_002,129
ACTCTGAAGGACGCTTATGG_003,181
ACTCTGAAGGACGCTTATGG_004,141
ACTCTGAAGGACGCTTATGG_005,19
ACTCTGAAGGACGCTTATGG_006,45
ACTCTGAAGGACGCTTATGG_007,155
ACTCTGAAGGACGCTTATGG_008,148
ACTCTGAAGGACGCTTATGG_009,147
GCTGTCGCGGTAGAACCACA_001,154
GCTGTCGCGGTAGAACCACA_002,7
GCTGTCGCGGTAGAACCACA_003,193
GCTGTCGCGGTAGAACCACA_004,95
GCTGTCGCGGTAGAACCACA_005,82
GCTGTCGCGGTAGAACCACA_006,123
GCTGTCGCGGTAGAACCACA_007,37
GCTGTCGCGGTAGAACCACA_008,70
GCTGTCGCGGTAGAACCACA_009,62
GCTGTCGCGGTAGAACCACA_010,181
GCTGTCGCGGTAGAACCACA_011,162
GCTGTCGCGGTAGAACCACA_012,57
GCTGTCGCGGTAGAACCACA_013,135
GCTGTCGCGGTAGAACCACA_014,172
GCTGTCGCGGTAGAACCACA_015,43
TGTGATGTCCAAACCCAATG_001,11
TGTGATGTCCAAACCCAATG_002,121
TGTGATGTCCAAACCCAATG_003,70
TGTGATGTCCAAACCCAATG_004,99
TGTGATGTCCAAACCCAATG_005,102
TGTGATGTCCAAACCCAATG_006,137
TGTGATGTCCAAACCCAATG_007,17
TGTGATGTCCAAACCCAATG_008,57
TGTGATGTCCAAACCCAATG_009,140
TGTGATGTCCAAACCCAATG_010,0
TGTTGACAATAACAACGGAT_001,109
TGTTGACAATAACAACGGAT_002,64
GGGCATCGATAACCACACAA_001,61
GGGCATCGATAACCACACAA_002,88
GGGCATCGATAACCACACAA_003,15
GGGCATCGATAACCACACAA_004,169
CCCCGGGCTATAGAGACTGT_001,176
CCCCGGGCTATAGAGACTGT_002,171
CCCCGGGCTATAGAGACTGT_003,31
CCCCGGGCTATAGAGACTGT_004,161
CCCCGGGCTATAGAGACTGT_005,120
CCCCGGGCTATAGAGACTGT_006,51
TGATCTAGACAAAACACAGT_001,109
TGATCTAGACAAAACACAGT_002,161
TGATCTAGACAAAACACAGT_003,111
TGATCTAGACAAAACACAGT_004,125
TGATCTAGACAAAACACAGT_005,98
TGATCTAGACAAAACACAGT_006,67
TGATCTAGACAAAACACAGT_007,59
TGATCTAGACAAAACACAGT_008,136
TGTACTCTGATGAGTGATTG_001,31
TGTACTCTGATGAGTGATTG_002,194
TGTACTCTGATGAGTGATTG_003,192
TGTACTCTGATGAGTGATTG_004,105
TGTACTCTGATGAGTGATTG_005,149
TGTACTCTGATGAGTGATTG_006,18
TGTACTCTGATGAGTGATTG_007,17
TGTACTCTGATGAGTGATTG_008,105
TGTACTCTGATGAGTGATTG_009,152
TGTACTCTGATGAGTGATTG_010,132
TGTACTCTGATGAGTGATTG_011,103
TGTACTCTGATGAGTGATTG_012,94
TGTACTCTGATGAGTGATTG_013,0
TGTACTCTGATGAGTGATTG_014,123
TGTACTCTGATGAGTGATTG_015,196
TGTACTCTGATGAGTGATTG_016,19
TGTACTCTGATGAGTGATTG_017,119
TGTACTCTGATGAGTGATTG_018,24
TGTACTCTGATGAGTGATTG_019,106
TGTACTCTGATGAGTGATTG_020,49
TGTACTCTGATGAGTGATTG_021,130
TGTACTCTGATGAGTGATTG_022,28
ACCATCTAAACTAAGTCCCA_001,20
ACCATCTAAACTAAGTCCCA_002,38
ACCATCTAAACTAAGTCCCA_003,73
ACCATCTAAACTAAGTCCCA_004,144
ACCATCTAAACTAAGTCCCA_005,3
ACCATCTAAACTAAGTCCCA_006,35
AGAACCAGGAGAGGAAGCAC_001,140
AGAACCAGGAGAGGAAGCAC_002,181
AGAACCAGGAGAGGAAGCAC_003,154
AGAACCAGGAGAGGAAGCAC_004,172
AGAACCAGGAGAGGAAGCAC_005,58
AGAACCAGGAGAGGAAGCAC_006,174
AGAACCAGGAGAGGAAGCAC_007,162
AGAACCAGGAGAGGAAGCAC_008,141
AGAACCAGGAGAGGAAGCAC_009,28
AGAACCAGGAGAGGAAGCAC_010,23
AGAACCAGGAGAGGAAGCAC_011,182
AGAACCAGGAGAGGAAGCAC_012,23
AGAACCAGGAGAGGAAGCAC_013,198
AGAACCAGGAGAGGAAGCAC_014,145
AGAACCAGGAGAGGAAGCAC_015,98
AGAACCAGGAGAGGAAGCAC_016,155
AGAACCAGGAGAGGAAGCAC_017,52
AGAACCAGGAGAGGAAGCAC_018,119
AGAACCAGGAGAGGAAGCAC_019,194
AGAACCAGGAGAGGAAGCAC_020,45
AGAACCAGGAGAGGAAGCAC_021,58
AGAACCAGGAGAGGAAGCAC_022,154
AGAACCAGGAGAGGAAGCAC_023,168
AGAACCAGGAGAGGAAGCAC_024,144
AGAACCAGGAGAGGAAGCAC_025,13
AGAACCAGGAGAGGAAGCAC_026,96
AGAACCAGGAGAGGAAGCAC_027,62
AGAACCAGGAGAGGAAGCAC_028,165
AGAACCAGGAGAGGAAGCAC_029,33
AGCCCCAGGTGCAACAGACG_001,32
AGCCCCAGGTGCAACAGACG_002,152
AGCCCCAGGTGCAACAGACG_003,126
AGCCCCAGGTGCAACAGACG_004,87
AGCCCCAGGTGCAACAGACG_005,168
AGCCCCAGGTGCAACAGACG_006,23
CAGATCCTGGAGGATGTGCG_001,118
CAGATCCTGGAGGATGTGCG_002,170
CAGATCCTGGAGGATGTGCG_003,113
CTTGGTGTGTGCGAGTGCCA_001,1
CTTGGTGTGTGCGAGTGCCA_002,60
CTTGGTGTGTGCGAGTGCCA_003,40
CTTGGTGTGTGCGAGTGCCA_004,133
CTTGGTGTGTGCGAGTGCCA_005,133
CTTGGTGTGTGCGAGTGCCA_006,136
CTTGGTGTGTGCGAGTGCCA_007,185
CTTGGTGTGTGCGAGTGCCA_008,146
CTTGGTGTGTGCGAGTGCCA_009,17
CTTGGTGTGTGCGAGTGCCA_010,169
CTTGGTGTGTGCGAGTGCCA_011,191
CTTGGTGTGTGCGAGTGCCA_012,98
CTTGGTGTGTGCGAGTGCCA_013,50
CTTGGTGTGTGCGAGTGCCA_014,158
CTTGGTGTGTGCGAGTGCCA_015,79
CTTGGTGTGTGCGAGTGCCA_016,50
CTTGGTGTGTGCGAGTGCCA_017,54
CTTGGTGTGTGCGAGTGCCA_018,140
CTTGGTGTGTGCGAGTGCCA_019,63
CTTGGTGTGTGCGAGTGCCA_020,95
GAGCGTACGACTGTGTACCA_001,185
GAGCGTACGACTGTGTACCA_002,119
GAGCGTACGACTGTGTACCA_003,108
GAGCGTACGACTGTGTACCA_004,38
GAGCGTACGACTGTGTACCA_005,113
GAGCGTACGACTGTGTACCA_006,16
CCAGCGCGTCCCCTTAATCG_001,105
CCAGCGCGTCCCCTTAATCG_002,98
CTTGTCCCGGATTAAACAGG_001,131
GAAGTAGGTGTAGAGATCAG_001,1
GAAGTAGGTGTAGAGATCAG_002,138
GAAGTAGGTGTAGAGATCAG_003,166
GAAGTAGGTGTAGAGATCAG_004,106
GAAGTAGGTGTAGAGATCAG_005,78
GAAGTAGGTGTAGAGATCAG_006,53
GAAGTAGGTGTAGAGATCAG_007,150
GAAGTAGGTGTAGAGATCAG_008,62
GAAGTAGGTGTAGAGATCAG_009,150
GAAGTAGGTGTAGAGATCAG_010,198
GAAGTAGGTGTAGAGATCAG_011,31
GAAGTAGGTGTAGAGATCAG_012,61
GAAGTAGGTGTAGAGATCAG_013,68
GAAGTAGGTGTAGAGATCAG_014,81
GAAGTAGGTGTAGAGATCAG_015,193
GAAGTAGGTGTAGAGATCAG_016,72
GAAGTAGGTGTAGAGATCAG_017,172
GAAGTAGGTGTAGAGATCAG_018,166
GAAGTAGGTGTAGAGATCAG_019,152
GGGGGAACCTGCATCCCCGA_001,176
GGGGGAACCTGCATCCCCGA_002,61
GGGGGAACCTGCATCCCCGA_003,170
GGGGGAACCTGCATCCCCGA_004,95
GGGGGAACCTGCATCCCCGA_005,12
GGGGGAACCTGCATCCCCGA_006,98
GGGGGAACCTGCATCCCCGA_007,193
GGGGGAACCTGCATCCCCGA_008,76
GGGGGAACCTGCATCCCCGA_009,56
GAAGGCCGACGAATCCGCGG_001,119
GAAGGCCGACGAATCCGCGG_002,105
GAAGGCCGACGAATCCGCGG_003,134
GAAGGCCGACGAATCCGCGG_004,120
GAAGGCCGACGAATCCGCGG_005,183
GAAGGCCGACGAATCCGCGG_006,31
GAAGGCCGACGAATCCGCGG_007,140
GAAGGCCGACGAATCCGCGG_008,86
GAAGGCCGACGAATCCGCGG_009,65
GAAGGCCGACGAATCCGCGG_010,96
GAAGGCCGACGAATCCGCGG_011,149
GAAGGCCGACGAATCCGCGG_012,139
GAAGGCCGACGAATCCGCGG_013,134
GAAGGCCGACGAATCCGCGG_014,48
GAAGGCCGACGAATCCGCGG_015,103
GAAGGCCGACGAATCCGCGG_016,61
GAAGGCCGACGAATCCGCGG_017,15
GAAGGCCGACGAATCCGCGG_018,188
GAAGGCCGACGAATCCGCGG_019,101
GAAGGCCGACGAATCCGCGG_020,160
GAAGGCCGACGAATCCGCGG_021,170
GAAGGCCGACGAATCCGCGG_022,99
GAAGGCCGACGAATCCGCGG_023,70
GAAGGCCGACGAATCCGCGG_024,158
GAAGGCCGACGAATCCGCGG_025,1
GTTCCAAAAGGAAAACATGG_001,131
GTTCCAAAAGGAAAACATGG_002,97
GTTCCAAAAGGAAAACATGG_003,186
GTTCCAAAAGGAAAACATGG_004,83
GTTCCAAAAGGAAAACATGG_005,77
GTTCCAAAAGGAAAACATGG_006,158
GTTCCAAAAGGAAAACATGG_007,60
GTTCCAAAAGGAAAACATGG_008,171
GTTCCAAAAGGAAAACATGG_009,1
GTTCCAAAAGGAAAACATGG_010,161
GTTCCAAAAGGAAAACATGG_011,65
GTTCCAAAAGGAAAACATGG_012,199
GTTCCAAAAGGAAAACATGG_013,36
GTTCCAAAAGGAAAACATGG_014,42
GTTCCAAAAGGAAAACATGG_015,31
GTTCCAAAAGGAAAACATGG_016,0
GGAACCAATGGAAATTGACT_001,57
GGAACCAATGGAAATTGACT_002,53
GGAACCAATGGAAATTGACT_003,50
GGAACCAATGGAAATTGACT_004,18
GGAACCAATGGAAATTGACT_005,190
CTTCTAGTGGTGCCAAGAGG_001,119
CTTCTAGTGGTGCCAAGAGG_002,77
CTTCTAGTGGTGCCAAGAGG_003,77
CTTCTAGTGGTGCCAAGAGG_004,142
CTTCTAGTGGTGCCAAGAGG_005,115
CTTCTAGTGGTGCCAAGAGG_006,172
CTTCTAGTGGTGCCAAGAGG_007,194
CTTCTAGTGGTGCCAAGAGG_008,42
CTTCTAGTGGTGCCAAGAGG_009,13
AGATATTATAGATACCCCAA_001,25
AGATATTATAGATACCCCAA_002,158
AGATATTATAGATACCCCAA_003,153
AGATATTATAGATACCCCAA_004,105
AGATATTATAGATACCCCAA_005,56
CCCGCGGCAAAAAGTACCAG_001,16
CCCGCGGCAAAAAGTACCAG_002,12
CCCGCGGCAAAAAGTACCAG_003,29
CCCGCGGCAAAAAGTACCAG_004,19
CCCGCGGCAAAAAGTACCAG_005,94
CCCGCGGCAAAAAGTACCAG_006,154
CCCGCGGCAAAAAGTACCAG_007,15
CCCGCGGCAAAAAGTACCAG_008,106
CCCGCGGCAAAAAGTACCAG_009,101
CCCGCGGCAAAAAGTACCAG_010,161
CCCGCGGCAAAAAGTACCAG_011,48
CCCGCGGCAAAAAGTACCAG_012,2
CCCGCGGCAAAAAGTACCAG_013,191
CTAGGATTGATACTGCCAAA_001,177
CTAGGATTGATACTGCCAAA_002,135
CTAGGATTGATACTGCCAAA_003,139
CTAGGATTGATACTGCCAAA_004,150
CTAGGATTGATACTGCCAAA_005,106
CTAGGATTGATACTGCCAAA_006,43
TGGCTGTATGCACAGTACCC_001,105
TGGCTGTATGCACAGTACCC_002,35
TGGCTGTATGCACAGTACCC_003,152
TGGCTGTATGCACAGTACCC_004,112
AACATCAACATAGTACCAGG_001,82
AACATCAACATAGTACCAGG_002,141
AACATCAACATAGTACCAGG_003,137
AACATCAACATAGTACCAGG_004,175
TTAATGTCCCGCTTATGTCC_001,135
TTAATGTCCCGCTTATGTCC_002,134
TTAATGTCCCGCTTATGTCC_003,40
TTAATGTCCCGCTTATGTCC_004,74
TTAATGTCCCGCTTATGTCC_005,82
TTGAAGACCTGTCTGCAATG_001,96
TTGAAGACCTGTCTGCAATG_002,105
TTGAAGACCTGTCTGCAATG_003,51
TTGAAGACCTGTCTGCAATG_004,134
TTGAAGACCTGTCTGCAATG_005,96
TTGAAGACCTGTCTGCAATG_006,192
TTGAAGACCTGTCTGCAATG_007,178
TTGAAGACCTGTCTGCAATG_008,60
TTGAAGACCTGTCTGCAATG_009,11
TTGAAGACCTGTCTGCAATG_010,180
ACTGCTGGTAGCGCTTGAAG_001,17
ACTGCTGGTAGCGCTTGAAG_002,15
ACTGCTGGTAGCGCTTGAAG_003,79
ACTGCTGGTAGCGCTTGAAG_004,24
ACTGCTGGTAGCGCTTGAAG_005,168
ACTGCTGGTAGCGCTTGAAG_006,108
ATTACAAACAATGACCTACC_001,95
ATTACAAACAATGACCTACC_002,170
ATTACAAACAATGACCTACC_003,82
ATTACAAACAATGACCTACC_004,124
TCTTACTCTTTGTCACAGGT_001,42
TCTTACTCTTTGTCACAGGT_002,118
TCTTACTCTTTGTCACAGGT_003,3
TCTTACTCTTTGTCACAGGT_004,58
TCTTACTCTTTGTCACAGGT_005,12
TCTTACTCTTTGTCACAGGT_006,180
TGTGCGGCTGGTGATCCGAA_001,133
TGTGCGGCTGGTGATCCGAA_002,130
TGTGCGGCTGGTGATCCGAA_003,56
TGTGCGGCTGGTGATCCGAA_004,159
AACGAGAAGACCCCAAAACC_001,191
AACGAGAAGACCCCAAAACC_002,166
AACGAGAAGACCCCAAAACC_003,150
AACGAGAAGACCCCAAAACC_004,170
AACGAGAAGACCCCAAAACC_005,3
AACGAGAAGACCCCAAAACC_006,49
CCAAAATGGAGTTCCCACAA_001,150
CCAAAATGGAGTTCCCACAA_002,158
CCAAAATGGAGTTCCCACAA_003,10
CCAAAATGGAGTTCCCACAA_004,19
CCAAAATGGAGTTCCCACAA_005,15
CCAAAATGGAGTTCCCACAA_006,118
CCAAAATGGAGTTCCCACAA_007,137
CCAAAATGGAGTTCCCACAA_008,29
CCAAAATGGAGTTCCCACAA_009,114
CCAAAATGGAGTTCCCACAA_010,28
GGACACCCGAAACCTCAGCC_001,8
GGACACCCGAAACCTCAGCC_002,98
GGACACCCGAAACCTCAGCC_003,11
GGACACCCGAAACCTCAGCC_004,67
GGACACCCGAAACCTCAGCC_005,67
GGACACCCGAAACCTCAGCC_006,158
GGACACCCGAAACCTCAGCC_007,15
GGACACCCGAAACCTCAGCC_008,144
GGACACCCGAAACCTCAGCC_009,62
GGACACCCGAAACCTCAGCC_010,108
GGACACCCGAAACCTCAGCC_011,47
GGACACCCGAAACCTCAGCC_012,10
GGACACCCGAAACCTCAGCC_013,168
GGACACCCGAAACCTCAGCC_014,174
GGACACCCGAAACCTCAGCC_015,12
GGACACCCGAAACCTCAGCC_016,98
GGACACCCGAAACCTCAGCC_017,51
GTCACTGACATAGAACGTGG_001,49
GTCACTGACATAGAACGTGG_002,49
GTCACTGACATAGAACGTGG_003,14
GTCACTGACATAGAACGTGG_004,131
GTCACTGACATAGAACGTGG_005,11
GTCACTGACATAGAACGTGG_006,77
GTCACTGACATAGAACGTGG_007,149
GTCACTGACATAGAACGTGG_008,45
GTCACTGACATAGAACGTGG_009,178
GTCACTGACATAGAACGTGG_010,38
GTCACTGACATAGAACGTGG_011,197
GTCACTGACATAGAACGTGG_012,9
GTCACTGACATAGAACGTGG_013,21
CGTACGCAGACATGACCCCT_001,133
CGTACGCAGACATGACCCCT_002,16
CGTACGCAGACATGACCCCT_003,116
CGTACGCAGACATGACCCCT_004,56
CGTACGCAGACATGACCCCT_005,160
CGTACGCAGACATGACCCCT_006,113
CGTACGCAGACATGACCCCT_007,146
CGTACGCAGACATGACCCCT_008,40
CGTACGCAGACATGACCCCT_009,197
CGTACGCAGACATGACCCCT_010,69
CGTACGCAGACATGACCCCT_011,96
CGTACGCAGACATGACCCCT_012,134
CGTACGCAGACATGACCCCT_013,65
CGTACGCAGACATGACCCCT_014,172
CGTACGCAGACATGACCCCT_015,145
CGTACGCAGACATGACCCCT_016,1
CGTACGCAGACATGACCCCT_017,45
CGTACGCAGACATGACCCCT_018,75
CGTACGCAGACATGACCCCT_019,177
CGTACGCAGACATGACCCCT_020,58
CGTACGCAGACATGACCCCT_021,178
CGTACGCAGACATGACCCCT_022,152
CGTACGCAGACATGACCCCT_023,30
CGTACGCAGACATGACCCCT_024,30
GGCTGTGGAGAACCACGTGA_001,161
GGCTGTGGAGAACCACGTGA_002,16
GGCTGTGGAGAACCACGTGA_003,10
GGCTGTGGAGAACCACGTGA_004,160
GGCTGTGGAGAACCACGTGA_005,181
GGCTGTGGAGAACCACGTGA_006,127
GGCTGTGGAGAACCACGTGA_007,45
GGCTGTGGAGAACCACGTGA_008,142
GGCTGTGGAGAACCACGTGA_009,60
GGCTGTGGAGAACCACGTGA_010,1
GGCTGTGGAGAACCACGTGA_011,178
GGCTGTGGAGAACCACGTGA_012,45
GGCTGTGGAGAACCACGTGA_013,33
CGGTTGGGTTACCGATCGGC_001,52
CGGTTGGGTTACCGATCGGC_002,81
CGGTTGGGTTACCGATCGGC_003,102
CGGTTGGGTTACCGATCGGC_004,194
CGGTTGGGTTACCGATCGGC_005,157
CGGTTGGGTTACCGATCGGC_006,29
CGGTTGGGTTACCGATCGGC_007,156
GCACACTGACAGGTAGCGCG_001,100
TATACATCCAGGCTCTACCA_001,94
TATACATCCAGGCTCTACCA_002,114
TATACATCCAGGCTCTACCA_003,193
TATACATCCAGGCTCTACCA_004,177
CTGCCCGAATACGTACCGAG_001,198
TCAAAGAGGCAAGGGAACAT_001,117
TCAAAGAGGCAAGGGAACAT_002,103
TCAAAGAGGCAAGGGAACAT_003,57
TCAAAGAGGCAAGGGAACAT_004,116
TCAAAGAGGCAAGGGAACAT_005,159
TCAAAGAGGCAAGGGAACAT_006,143
TCAAAGAGGCAAGGGAACAT_007,48
TCAAAGAGGCAAGGGAACAT_008,0
TCAAAGAGGCAAGGGAACAT_009,57
TCAAAGAGGCAAGGGAACAT_010,180
TCAAAGAGGCAAGGGAACAT_011,90
TCAAAGAGGCAAGGGAACAT_012,56
TCAAAGAGGCAAGGGAACAT_013,85
CACCTGGTGAATGTATGCGG_001,1
CACCTGGTGAATGTATGCGG_002,115
CACCTGGTGAATGTATGCGG_003,129
CACCTGGTGAATGTATGCGG_004,32
CACCTGGTGAATGTATGCGG_005,14
GGGACATTGTGCACAAGCCT_001,65
GGGACATTGTGCACAAGCCT_002,123
GGGACATTGTGCACAAGCCT_003,47
GGGACATTGTGCACAAGCCT_004,199
ACATAACTGCCCTTAAACAG_001,75
ACATAACTGCCCTTAAACAG_002,33
AGAGATGCAGCGCTATGCGG_001,189
AGAGATGCAGCGCTATGCGG_002,189
AGAGATGCAGCGCTATGCGG_003,104
AGAGATGCAGCGCTATGCGG_004,53
AGAGATGCAGCGCTATGCGG_005,30
AGAGATGCAGCGCTATGCGG_006,40
AGAGATGCAGCGCTATGCGG_007,183
AGAGATGCAGCGCTATGCGG_008,86
AGAGATGCAGCGCTATGCGG_009,89
AGAGATGCAGCGCTATGCGG_010,155
AGAGATGCAGCGCTATGCGG_011,161
AGAGATGCAGCGCTATGCGG_012,140
AGAGATGCAGCGCTATGCGG_013,133
AGAGATGCAGCGCTATGCGG_014,5
AGAGATGCAGCGCTATGCGG_015,188
AGAGATGCAGCGCTATGCGG_016,39
AGAGATGCAGCGCTATGCGG_017,33
TGAGATTCGTCAGTTTCGCA_001,88
TGAGATTCGTCAGTTTCGCA_002,157
TGAGATTCGTCAGTTTCGCA_003,105
TGAGATTCGTCAGTTTCGCA_004,107
TGAGATTCGTCAGTTTCGCA_005,66
TTTGGCCCTACAGGTCAGAA_001,25
TTTGGCCCTACAGGTCAGAA_002,191
TTTGGCCCTACAGGTCAGAA_003,19
TTTGGCCCTACAGGTCAGAA_004,65
TTTGGCCCTACAGGTCAGAA_005,186
TTTGGCCCTACAGGTCAGAA_006,19
TTTGGCCCTACAGGTCAGAA_007,121
TTTGGCCCTACAGGTCAGAA_008,92
ACCCGAGCAGCCGTCCGAGA_001,80
ACCCGAGCAGCCGTCCGAGA_002,141
ACCCGAGCAGCCGTCCGAGA_003,146
ACCCGAGCAGCCGTCCGAGA_004,149
ACCCGAGCAGCCGTCCGAGA_005,132
ACCCGAGCAGCCGTCCGAGA_006,58
ACCCGAGCAGCCGTCCGAGA_007,12
ACCCGAGCAGCCGTCCGAGA_008,50
ACCCGAGCAGCCGTCCGAGA_009,7
ACCCGAGCAGCCGTCCGAGA_010,113
ACCCGAGCAGCCGTCCGAGA_011,116
ACCCGAGCAGCCGTCCGAGA_012,9
ACCCGAGCAGCCGTCCGAGA_013,129
ACCCGAGCAGCCGTCCGAGA_014,118
ACCCGAGCAGCCGTCCGAGA_015,4
ACCCGAGCAGCCGTCCGAGA_016,43
ACCCGAGCAGCCGTCCGAGA_017,56
ACCCGAGCAGCCGTCCGAGA_018,12
ACCCGAGCAGCCGTCCGAGA_019,187
ACCCGAGCAGCCGTCCGAGA_020,82
ACCCGAGCAGCCGTCCGAGA_021,47
CAAATCAACAGATTACCCCA_001,38
CAAATCAACAGATTACCCCA_002,134
CAAATCAACAGATTACCCCA_003,112
CAAATCAACAGATTACCCCA_004,53
CAAATCAACAGATTACCCCA_005,175
CAAATCAACAGATTACCCCA_006,105
ACATCAATGAAGGAATCCAG_001,8
ACATCAATGAAGGAATCCAG_002,98
ACATCAATGAAGGAATCCAG_003,77
ACATCAATGAAGGAATCCAG_004,117
ACATCAATGAAGGAATCCAG_005,56
ACATCAATGAAGGAATCCAG_006,188
ACATCAATGAAGGAATCCAG_007,141
ACATCAATGAAGGAATCCAG_008,66
ACATCAATGAAGGAATCCAG_009,127
ACATCAATGAAGGAATCCAG_010,148
ACATCAATGAAGGAATCCAG_011,49
ACATCAATGAAGGAATCCAG_012,41
ACATCAATGAAGGAATCCAG_013,26
ACATCAATGAAGGAATCCAG_014,125
ACATCAATGAAGGAATCCAG_015,66
GAGTGCCGAGAAAGCATCCG_001,58
GAGTGCCGAGAAAGCATCCG_002,12
GAGTGCCGAGAAAGCATCCG_003,105
GAGTGCCGAGAAAGCATCCG_004,191
GAGTGCCGAGAAAGCATCCG_005,184
GAGTGCCGAGAAAGCATCCG_006,38
GAGTGCCGAGAAAGCATCCG_007,142
GAGTGCCGAGAAAGCATCCG_008,38
GAGTGCCGAGAAAGCATCCG_009,166
GAGTGCCGAGAAAGCATCCG_010,105
GAGTGCCGAGAAAGCATCCG_011,106
TAAACTCCATCACAATACCC_001,198
TAAACTCCATCACAATACCC_002,136
GCCGGCATCAGCACACCCAG_001,191
GCCGGCATCAGCACACCCAG_002,147
GCCGGCATCAGCACACCCAG_003,128
GCCGGCATCAGCACACCCAG_004,17
GCCGGCATCAGCACACCCAG_005,144
GCCGGCATCAGCACACCCAG_006,129
GCCGGCATCAGCACACCCAG_007,105
GCCGGCATCAGCACACCCAG_008,47
GCCGGCATCAGCACACCCAG_009,155
GCCGGCATCAGCACACCCAG_010,7
GCCGGCATCAGCACACCCAG_011,162
GCCGGCATCAGCACACCCAG_012,114
GCCGGCATCAGCACACCCAG_013,2
GCCGGCATCAGCACACCCAG_014,17
GCCGGCATCAGCACACCCAG_015,50
GCCGGCATCAGCACACCCAG_016,27
CAGATTATGATGAATCGGGA_001,185
CGTAGCGGCGGACGCAACGG_001,172
CGTAGCGGCGGACGCAACGG_002,16
CGTAGCGGCGGACGCAACGG_003,58
CGTAGCGGCGGACGCAACGG_004,60
CGTAGCGGCGGACGCAACGG_005,20
CGTAGCGGCGGACGCAACGG_006,140
CGTAGCGGCGGACGCAACGG_007,121
CGTAGCGGCGGACGCAACGG_008,69
CGTAGCGGCGGACGCAACGG_009,81
CGTAGCGGCGGACGCAACGG_010,94
CGTAGCGGCGGACGCAACGG_011,113
CGTAGCGGCGGACGCAACGG_012,141
CGTAGCGGCGGACGCAACGG_013,179
CGTAGCGGCGGACGCAACGG_014,78
CGTAGCGGCGGACGCAACGG_015,84
CGTAGCGGCGGACGCAACGG_016,162
CGTAGCGGCGGACGCAACGG_017,178
CGTAGCGGCGGACGCAACGG_018,69
CGTAGCGGCGGACGCAACGG_019,156
CGTAGCGGCGGACGCAACGG_020,161
CGTAGCGGCGGACGCAACGG_021,70
CGTAGCGGCGGACGCAACGG_022,116
CCTTGGGCTTGTGAAAGGAG_001,146
CCTTGGGCTTGTGAAAGGAG_002,48
CCTTGGGCTTGTGAAAGGAG_003,1
CCTTGGGCTTGTGAAAGGAG_004,105
CCTTGGGCTTGTGAAAGGAG_005,115
CCTTGGGCTTGTGAAAGGAG_006,157
CCTTGGGCTTGTGAAAGGAG_007,104
ACCATGGGGTCGTTGCAGGG_001,42
ACCATGGGGTCGTTGCAGGG_002,149
ACCATGGGGTCGTTGCAGGG_003,8
ACCATGGGGTCGTTGCAGGG_004,27
ACCATGGGGTCGTTGCAGGG_005,106
ACCATGGGGTCGTTGCAGGG_006,130
ACCATGGGGTCGTTGCAGGG_007,113
ACCATGGGGTCGTTGCAGGG_008,78
ACCATGGGGTCGTTGCAGGG_009,42
ACCATGGGGTCGTTGCAGGG_010,98
ACCATGGGGTCGTTGCAGGG_011,53
ACCATGGGGTCGTTGCAGGG_012,13
ACCATGGGGTCGTTGCAGGG_013,68
ACCATGGGGTCGTTGCAGGG_014,133
ACCATGGGGTCGTTGCAGGG_015,99
ACCATGGGGTCGTTGCAGGG_016,60
ACCATGGGGTCGTTGCAGGG_017,68
ACCATGGGGTCGTTGCAGGG_018,152
ACCATGGGGTCGTTGCAGGG_019,168
ACCATGGGGTCGTTGCAGGG_020,164
ACCATGGGGTCGTTGCAGGG_021,40
ACCATGGGGTCGTTGCAGGG_022,103
ACCATGGGGTCGTTGCAGGG_023,106
ACCATGGGGTCGTTGCAGGG_024,124
AGCCGCGGAGCCCTGTACAC_001,174
AGCCGCGGAGCCCTGTACAC_002,48
AGCCGCGGAGCCCTGTACAC_003,8
AGCCGCGGAGCCCTGTACAC_004,149
AGCCGCGGAGCCCTGTACAC_005,182
AGCCGCGGAGCCCTGTACAC_006,146
AGCCGCGGAGCCCTGTACAC_007,125
AGCCGCGGAGCCCTGTACAC_008,155
AGCCGCGGAGCCCTGTACAC_009,172
AGCCGCGGAGCCCTGTACAC_010,131
AGCCGCGGAGCCCTGTACAC_011,105
AGCCGCGGAGCCCTGTACAC_012,3
AGCCGCGGAGCCCTGTACAC_013,89
AGCCGCGGAGCCCTGTACAC_014,142
AGCCGCGGAGCCCTGTACAC_015,166
AGCCGCGGAGCCCTGTACAC_016,48
CGTCAGCGCTGGAAACTACG_001,48
CGTCAGCGCTGGAAACTACG_002,33
CGTCAGCGCTGGAAACTACG_003,20
CGTCAGCGCTGGAAACTACG_004,120
CGTCAGCGCTGGAAACTACG_005,198
GAACTCTCCGATGTAGTGCA_001,23
GAACTCTCCGATGTAGTGCA_002,184
GAACTCTCCGATGTAGTGCA_003,75
GAACTCTCCGATGTAGTGCA_004,79
GAACTCTCCGATGTAGTGCA_005,19
GAACTCTCCGATGTAGTGCA_006,127
AGCCACTTACATTCCCATCG_001,160
AGCCACTTACATTCCCATCG_002,133
AGCCACTTACATTCCCATCG_003,77
AGCCACTTACATTCCCATCG_004,41
AGCCACTTACATTCCCATCG_005,49
CTCGAGTTAATCAAAACCCG_001,116
CTCGAGTTAATCAAAACCCG_002,107
CTCGAGTTAATCAAAACCCG_003,178
CTCGAGTTAATCAAAACCCG_004,191
AAAGTTGTACTTATTCCAGT_001,11
AAAGTTGTACTTATTCCAGT_002,62
AAAGTTGTACTTATTCCAGT_003,80
AAAGTTGTACTTATTCCAGT_004,6
AAAGTTGTACTTATTCCAGT_005,84
ACATCCAGGTACCTGACCAG_001,86
ACATCCAGGTACCTGACCAG_002,169
ACATCCAGGTACCTGACCAG_003,47
ACATCCAGGTACCTGACCAG_004,51
ACATCCAGGTACCTGACCAG_005,107
CCTGAGAAGAACCACGCTGT_001,166
CCTGAGAAGAACCACGCTGT_002,183
CCTGAGAAGAACCACGCTGT_003,128
CCTGAGAAGAACCACGCTGT_004,147
CCTGAGAAGAACCACGCTGT_005,152
CCTGAGAAGAACCACGCTGT_006,34
CCTGAGAAGAACCACGCTGT_007,137
CCTGAGAAGAACCACGCTGT_008,54
CCTGAGAAGAACCACGCTGT_009,41
CCTGAGAAGAACCACGCTGT_010,9
CCTGAGAAGAACCACGCTGT_011,174
CCTGAGAAGAACCACGCTGT_012,127
CCTGAGAAGAACCACGCTGT_013,17
CCTGAGAAGAACCACGCTGT_014,2
CCTGAGAAGAACCACGCTGT_015,105
CCTGAGAAGAACCACGCTGT_016,57
CCTGAGAAGAACCACGCTGT_017,121
CCTGAGAAGAACCACGCTGT_018,186
CGGACATCAACAGCATACGC_001,70
CGGACATCAACAGCATACGC_002,150
CGGACATCAACAGCATACGC_003,174
CGGACATCAACAGCATACGC_004,94
CGGACATCAACAGCATACGC_005,184
CGGACATCAACAGCATACGC_006,172
CGGACATCAACAGCATACGC_007,118
CGGACATCAACAGCATACGC_008,96
CGGACATCAACAGCATACGC_009,20
CGGACATCAACAGCATACGC_010,115
GAGGCAGAGGTCGTAACATG_001,153
GAGGCAGAGGTCGTAACATG_002,181
GAGGCAGAGGTCGTAACATG_003,169
GAGGCAGAGGTCGTAACATG_004,42
GAGGCAGAGGTCGTAACATG_005,64
GAGGCAGAGGTCGTAACATG_006,32
GAGGCAGAGGTCGTAACATG_007,2
GAGGCAGAGGTCGTAACATG_008,15
GAGGCAGAGGTCGTAACATG_009,9
GAGGCAGAGGTCGTAACATG_010,29
GAGGCAGAGGTCGTAACATG_011,83
GAGGCAGAGGTCGTAACATG_012,185
GAGGCAGAGGTCGTAACATG_013,70
GAGGCAGAGGTCGTAACATG_014,76
GAGGCAGAGGTCGTAACATG_015,60
GTCTGACTCAACATTCAGGG_001,176
GTCTGACTCAACATTCAGGG_002,13
GTCTGACTCAACATTCAGGG_003,47
GTCTGACTCAACATTCAGGG_004,5
GTTCTCGCGGTAGACACAGG_001,178
GTTCTCGCGGTAGACACAGG_002,108
GTTCTCGCGGTAGACACAGG_003,41
GTTCTCGCGGTAGACACAGG_004,10
GTTCTCGCGGTAGACACAGG_005,154
GTTCTCGCGGTAGACACAGG_006,106
GTTCTCGCGGTAGACACAGG_007,188
GTTCTCGCGGTAGACACAGG_008,162
GTTCTCGCGGTAGACACAGG_009,168
GTTCTCGCGGTAGACACAGG_010,137
GTTCTCGCGGTAGACACAGG_011,120
GTTCTCGCGGTAGACACAGG_012,163
GTTCTCGCGGTAGACACAGG_013,121
GTTCTCGCGGTAGACACAGG_014,144
GTTCTCGCGGTAGACACAGG_015,137
CCAAGTGTACTGTCACAAGC_001,167
CCAAGTGTACTGTCACAAGC_002,137
CCAAGTGTACTGTCACAAGC_003,184
TCGCCATCGTAGACGGACGA_001,178
TCGCCATCGTAGACGGACGA_002,66
CAGGTACTCTCGTTTCAGCT_001,145
GGGCACATAAAGCGGCCGTG_001,94
GGGCACATAAAGCGGCCGTG_002,94
GGGCACATAAAGCGGCCGTG_003,129
GGGCACATAAAGCGGCCGTG_004,51
GGGCACATAAAGCGGCCGTG_005,176
GGGCACATAAAGCGGCCGTG_006,181
GGGCACATAAAGCGGCCGTG_007,184
GGGCACATAAAGCGGCCGTG_008,147
GGGCACATAAAGCGGCCGTG_009,25
GGGCACATAAAGCGGCCGTG_010,17
GGGCACATAAAGCGGCCGTG_011,149
GGGCACATAAAGCGGCCGTG_012,43
GTAAGGAGTGCACCTACCCA_001,49
GTAAGGAGTGCACCTACCCA_002,113
GTAAGGAGTGCACCTACCCA_003,61
GTACCAGTGCTTGCACACCA_001,50
GTACCAGTGCTTGCACACCA_002,52
GTACCAGTGCTTGCACACCA_003,145
GTACCAGTGCTTGCACACCA_004,95
GTACCAGTGCTTGCACACCA_005,11
GTACCAGTGCTTGCACACCA_006,189
GTACCAGTGCTTGCACACCA_007,90
GTACCAGTGCTTGCACACCA_008,137
GTACCAGTGCTTGCACACCA_009,177
GTACCAGTGCTTGCACACCA_010,142
GTACCAGTGCTTGCACACCA_011,96
GTACCAGTGCTTGCACACCA_012,62
GTACCAGTGCTTGCACACCA_013,138
GTACCAGTGCTTGCACACCA_014,168
GTACCAGTGCTTGCACACCA_015,70
GTACCAGTGCTTGCACACCA_016,83
GTACCAGTGCTTGCACACCA_017,168
GTACCAGTGCTTGCACACCA_018,50
GTACCAGTGCTTGCACACCA_019,19
GTACCAGTGCTTGCACACCA_020,165
GTACCAGTGCTTGCACACCA_021,58
GTACCAGTGCTTGCACACCA_022,79
GTACCAGTGCTTGCACACCA_023,107
GCGCTGGAGATGTTCAACCG_001,1
GCGCTGGAGATGTTCAACCG_002,172
GCGCTGGAGATGTTCAACCG_003,50
GCGCTGGAGATGTTCAACCG_004,12
GCGCTGGAGATGTTCAACCG_005,70
GCGCTGGAGATGTTCAACCG_006,60
GCGCTGGAGATGTTCAACCG_007,130
GCGCTGGAGATGTTCAACCG_008,94
TGGATTCACAGCAATAGGGG_001,157
TGGATTCACAGCAATAGGGG_002,85
TGGATTCACAGCAATAGGGG_003,150
TGGATTCACAGCAATAGGGG_004,134
TGGATTCACAGCAATAGGGG_005,160
TGGATTCACAGCAATAGGGG_006,113
TGGATTCACAGCAATAGGGG_007,105
TGGATTCACAGCAATAGGGG_008,57
TGGATTCACAGCAATAGGGG_009,127
TGGATTCACAGCAATAGGGG_010,124
TGGATTCACAGCAATAGGGG_011,19
TGGATTCACAGCAATAGGGG_012,122
TGGATTCACAGCAATAGGGG_013,192
ACATTCCTTATGATGCCATG_001,147
ACATTCCTTATGATGCCATG_002,134
ACATTCCTTATGATGCCATG_003,58
ACATTCCTTATGATGCCATG_004,145
ACATTCCTTATGATGCCATG_005,105
ACATTCCTTATGATGCCATG_006,182
ACATTCCTTATGATGCCATG_007,6
ACATTCCTTATGATGCCATG_008,104
CGGATTGAACATAATTGACC_001,113
CGGATTGAACATAATTGACC_002,75
AAACTGACCTACGACAGGCC_001,108
AAACTGACCTACGACAGGCC_002,98
AAACTGACCTACGACAGGCC_003,3
GCGCTACGCACAGCTCAGTG_001,77
GCGCTACGCACAGCTCAGTG_002,134
GCGCTACGCACAGCTCAGTG_003,57
GCGCTACGCACAGCTCAGTG_004,12
GCGCTACGCACAGCTCAGTG_005,155
GCGCTACGCACAGCTCAGTG_006,164
GCGCTACGCACAGCTCAGTG_007,58
GCGCTACGCACAGCTCAGTG_008,8
GCGCTACGCACAGCTCAGTG_009,21
GCGCTACGCACAGCTCAGTG_010,95
GCGCTACGCACAGCTCAGTG_011,126
GCGCTACGCACAGCTCAGTG_012,175
GCGCTACGCACAGCTCAGTG_013,43
GCGCTACGCACAGCTCAGTG_014,19
GCGCTACGCACAGCTCAGTG_015,8
GCGCTACGCACAGCTCAGTG_016,103
AGGAGAGAGACCGAGCATCG_001,148
AGGAGAGAGACCGAGCATCG_002,145
AGGAGAGAGACCGAGCATCG_003,160
AGGAGAGAGACCGAGCATCG_004,174
AGGAGAGAGACCGAGCATCG_005,1
AGGAGAGAGACCGAGCATCG_006,103
AGGAGAGAGACCGAGCATCG_007,198
GTTCGCAGGCAAAGTGCCGG_001,49
GTTCGCAGGCAAAGTGCCGG_002,81
GTTCGCAGGCAAAGTGCCGG_003,70
GTTCGCAGGCAAAGTGCCGG_004,41
GTTCGCAGGCAAAGTGCCGG_005,119
TTACCTTTGGGATATCTGAG_001,124
TTACCTTTGGGATATCTGAG_002,16
TTACCTTTGGGATATCTGAG_003,115
TTACCTTTGGGATATCTGAG_004,144
AAATGTCATCCAGCCAAATG_001,25
AAATGTCATCCAGCCAAATG_002,77
AAATGTCATCCAGCCAAATG_003,177
AAATGTCATCCAGCCAAATG_004,61
AAATGTCATCCAGCCAAATG_005,105
AAATGTCATCCAGCCAAATG_006,98
AAATGTCATCCAGCCAAATG_007,162
GTCCTCAAGGAGCAAGCTAG_001,15
GTCCTCAAGGAGCAAGCTAG_002,14
GTCCTCAAGGAGCAAGCTAG_003,73
GTCCTCAAGGAGCAAGCTAG_004,106
GTCCTCAAGGAGCAAGCTAG_005,188
GTCCTCAAGGAGCAAGCTAG_006,139
GTCCTCAAGGAGCAAGCTAG_007,154
GTCCTCAAGGAGCAAGCTAG_008,127
GTCCTCAAGGAGCAAGCTAG_009,170
GTCCTCAAGGAGCAAGCTAG_010,70
GTCCTCAAGGAGCAAGCTAG_011,12
GTCCTCAAGGAGCAAGCTAG_012,59
GTCCTCAAGGAGCAAGCTAG_013,162
GTCCTCAAGGAGCAAGCTAG_014,176
GTCCTCAAGGAGCAAGCTAG_015,88
GTCCTCAAGGAGCAAGCTAG_016,101
GTCCTCAAGGAGCAAGCTAG_017,159
GTCCTCAAGGAGCAAGCTAG_018,150
GTCCTCAAGGAGCAAGCTAG_019,174
GTCCTCAAGGAGCAAGCTAG_020,11
GTCCTCAAGGAGCAAGCTAG_021,88
GTCCTCAAGGAGCAAGCTAG_022,9
GTCCTCAAGGAGCAAGCTAG_023,65
GTCCTCAAGGAGCAAGCTAG_024,110
GTCCTCAAGGAGCAAGCTAG_025,23
GTCCTCAAGGAGCAAGCTAG_026,63
GTCCTCAAGGAGCAAGCTAG_027,49
GTCCTCAAGGAGCAAGCTAG_028,27
GTCCTCAAGGAGCAAGCTAG_029,146
GTCCTCAAGGAGCAAGCTAG_030,171
GTCCTCAAGGAGCAAGCTAG_031,35
GTCCTCAAGGAGCAAGCTAG_032,9
GTCCTCAAGGAGCAAGCTAG_033,26
GTCCTCAAGGAGCAAGCTAG_034,127
GTCCTCAAGGAGCAAGCTAG_035,114
GTCCTCAAGGAGCAAGCTAG_036,114
GTCCTCAAGGAGCAAGCTAG_037,169
GTCCTCAAGGAGCAAGCTAG_038,9
GTCCTCAAGGAGCAAGCTAG_039,23
GTCCTCAAGGAGCAAGCTAG_040,88
GTCCTCAAGGAGCAAGCTAG_041,138
GTCCTCAAGGAGCAAGCTAG_042,137
GTCCTCAAGGAGCAAGCTAG_043,6
GTCCTCAAGGAGCAAGCTAG_044,83
GTCCTCAAGGAGCAAGCTAG_045,20
GTCCTCAAGGAGCAAGCTAG_046,63
GTCCTCAAGGAGCAAGCTAG_047,28
GTCCTCAAGGAGCAAGCTAG_048,28
GTCCTCAAGGAGCAAGCTAG_049,135
GTCCTCAAGGAGCAAGCTAG_050,11
GTCCTCAAGGAGCAAGCTAG_051,166
GTCCTCAAGGAGCAAGCTAG_052,3
GTCCTCAAGGAGCAAGCTAG_053,56
GTCCTCAAGGAGCAAGCTAG_054,126
GTCCTCAAGGAGCAAGCTAG_055,142
GTCCTCAAGGAGCAAGCTAG_056,52
GTCCTCAAGGAGCAAGCTAG_057,82
GCCACGGTAAGTCCGTCCTG_001,24
GCCACGGTAAGTCCGTCCTG_002,78
GCCACGGTAAGTCCGTCCTG_003,83
GCCACGGTAAGTCCGTCCTG_004,41
GCCACGGTAAGTCCGTCCTG_005,171
GCCACGGTAAGTCCGTCCTG_006,146
GCCACGGTAAGTCCGTCCTG_007,148
AGGCAAACGAGGAATTGTCA_001,183
AGGCAAACGAGGAATTGTCA_002,101
AGGCAAACGAGGAATTGTCA_003,137
AGGCAAACGAGGAATTGTCA_004,5
AGGCAAACGAGGAATTGTCA_005,55
AGGCAAACGAGGAATTGTCA_006,12
AGGCAAACGAGGAATTGTCA_007,172
AGGCAAACGAGGAATTGTCA_008,4
AGGCAAACGAGGAATTGTCA_009,147
AGGCAAACGAGGAATTGTCA_010,127
AGGCAAACGAGGAATTGTCA_011,162
AGGCAAACGAGGAATTGTCA_012,148
AGGCAAACGAGGAATTGTCA_013,150
AGGCAAACGAGGAATTGTCA_014,64
AGGCAAACGAGGAATTGTCA_015,111
AGGCAAACGAGGAATTGTCA_016,119
AGGCAAACGAGGAATTGTCA_017,119
TCTGTATGGCGGATACATAA_001,165
TCTGTATGGCGGATACATAA_002,62
TCTGTATGGCGGATACATAA_003,48
TCTGTATGGCGGATACATAA_004,141
TGAACGTACTAACTTTCTTG_001,85
TGAACGTACTAACTTTCTTG_002,62
TGAACGTACTAACTTTCTTG_003,29
TGAACGTACTAACTTTCTTG_004,68
ACCTGACCTTCATTTGTGTG_001,191
ACCTGACCTTCATTTGTGTG_002,81
ACCTGACCTTCATTTGTGTG_003,170
ACCTGACCTTCATTTGTGTG_004,29
ACCTGACCTTCATTTGTGTG_005,85
ACCTGACCTTCATTTGTGTG_006,11
ACCTGACCTTCATTTGTGTG_007,1
ACCTGACCTTCATTTGTGTG_008,151
ACCTGACCTTCATTTGTGTG_009,74
ACCTGACCTTCATTTGTGTG_010,58
ACCTGACCTTCATTTGTGTG_011,72
ACCTGACCTTCATTTGTGTG_012,99
ACCTGACCTTCATTTGTGTG_013,51
ACCTGACCTTCATTTGTGTG_014,29
ACCTGACCTTCATTTGTGTG_015,124
ACCTGACCTTCATTTGTGTG_016,125
ACCTGACCTTCATTTGTGTG_017,9
ACCTGACCTTCATTTGTGTG_018,56
ACCTGACCTTCATTTGTGTG_019,62
ACCTGACCTTCATTTGTGTG_020,63
ACCTGACCTTCATTTGTGTG_021,46
ACCTGACCTTCATTTGTGTG_022,88
ACCTGACCTTCATTTGTGTG_023,184
TCACCAATAAGTTTGGACCC_001,70
CCAGCAGGCACGAGGCGATG_001,121
CCAGCAGGCACGAGGCGATG_002,152
CCAGCAGGCACGAGGCGATG_003,188
CCAGCAGGCACGAGGCGATG_004,193
CCAGCAGGCACGAGGCGATG_005,136
CCAGCAGGCACGAGGCGATG_006,190
CCAGCAGGCACGAGGCGATG_007,56
CCAGCAGGCACGAGGCGATG_008,26
CCAGCAGGCACGAGGCGATG_009,181
CCAGCAGGCACGAGGCGATG_010,168
CCAGCAGGCACGAGGCGATG_011,105
CCAGCAGGCACGAGGCGATG_012,162
CCAGCAGGCACGAGGCGATG_013,192
CCAGCAGGCACGAGGCGATG_014,121
CCAGCAGGCACGAGGCGATG_015,94
CCAGCAGGCACGAGGCGATG_016,52
CCAGCAGGCACGAGGCGATG_017,50
CCAGCAGGCACGAGGCGATG_018,77
CCAGCAGGCACGAGGCGATG_019,48
CCAGCAGGCACGAGGCGATG_020,22
CCAGCAGGCACGAGGCGATG_021,148
CCAGCAGGCACGAGGCGATG_022,26
CCAGCAGGCACGAGGCGATG_023,32
CCAGCAGGCACGAGGCGATG_024,104
CCAGCAGGCACGAGGCGATG_025,55
CCAGCAGGCACGAGGCGATG_026,66
CCAGCAGGCACGAGGCGATG_027,119
CCAGCAGGCACGAGGCGATG_028,63
CCAGCAGGCACGAGGCGATG_029,21
ATCCGTGATTATACAGGCTG_001,17
ATCCGTGATTATACAGGCTG_002,71
ATCCGTGATTATACAGGCTG_003,179
ATCCGTGATTATACAGGCTG_004,9
ATCCGTGATTATACAGGCTG_005,48
ATCCGTGATTATACAGGCTG_006,78
ATCCGTGATTATACAGGCTG_007,64
ATCCGTGATTATACAGGCTG_008,93
ATCCGTGATTATACAGGCTG_009,106
ATCCGTGATTATACAGGCTG_010,120
ATCCGTGATTATACAGGCTG_011,189
ATCCGTGATTATACAGGCTG_012,130
ATCCGTGATTATACAGGCTG_013,184
ATCCGTGATTATACAGGCTG_014,47
ATCCGTGATTATACAGGCTG_015,3
CAGGAGGTGGAATGAATGTG_001,81
CAGGAGGTGGAATGAATGTG_002,68
CAGGAGGTGGAATGAATGTG_003,195
CAGGAGGTGGAATGAATGTG_004,25
CAGGAGGTGGAATGAATGTG_005,176
CAGGAGGTGGAATGAATGTG_006,165
CAGGAGGTGGAATGAATGTG_007,34
CAGGAGGTGGAATGAATGTG_008,128
CAGGAGGTGGAATGAATGTG_009,184
GGAGATGTGTTACCGATACC_001,97
GGAGATGTGTTACCGATACC_002,137
ACTCACCGTGGCATATAAGG_001,157
ACTCACCGTGGCATATAAGG_002,24
ACTCACCGTGGCATATAAGG_003,150
ACTCACCGTGGCATATAAGG_004,134
ACTCACCGTGGCATATAAGG_005,185
ACTCACCGTGGCATATAAGG_006,6
ACTCACCGTGGCATATAAGG_007,11
GGTGAGTAAAGTTAACATCT_001,141
GGTGAGTAAAGTTAACATCT_002,115
GGTGAGTAAAGTTAACATCT_003,88
GGTGAGTAAAGTTAACATCT_004,191
GGTGAGTAAAGTTAACATCT_005,19
GGTGAGTAAAGTTAACATCT_006,144
GGTGAGTAAAGTTAACATCT_007,89
GCCATCTTCAGATCCAGATG_001,125
GCCATCTTCAGATCCAGATG_002,40
GCCATCTTCAGATCCAGATG_003,6
CCAATCCAGGAGATCATGGG_001,70
CCAATCCAGGAGATCATGGG_002,107
CCAATCCAGGAGATCATGGG_003,58
CCAATCCAGGAGATCATGGG_004,53
CCAATCCAGGAGATCATGGG_005,105
CCAATCCAGGAGATCATGGG_006,191
CCAATCCAGGAGATCATGGG_007,162
CCAATCCAGGAGATCATGGG_008,15
CCAATCCAGGAGATCATGGG_009,122
CCAATCCAGGAGATCATGGG_010,127
CCAATCCAGGAGATCATGGG_011,49
CCAATCCAGGAGATCATGGG_012,93
AGGTGTCTGAGATCACCCCT_001,62
AGGTGTCTGAGATCACCCCT_002,181
AGGTGTCTGAGATCACCCCT_003,127
AGGTGTCTGAGATCACCCCT_004,41
AGGTGTCTGAGATCACCCCT_005,145
AGGTGTCTGAGATCACCCCT_006,104
AGGTGTCTGAGATCACCCCT_007,169
AGGTGTCTGAGATCACCCCT_008,82
AGGTGTCTGAGATCACCCCT_009,32
AGGTGTCTGAGATCACCCCT_010,78
AGGTGTCTGAGATCACCCCT_011,136
AGGTGTCTGAGATCACCCCT_012,27
AGGTGTCTGAGATCACCCCT_013,15
GGGTCGTGGCGTAGGCCGGA_001,169
GGGTCGTGGCGTAGGCCGGA_002,52
GGGTCGTGGCGTAGGCCGGA_003,16
GGGTCGTGGCGTAGGCCGGA_004,139
GGGTCGTGGCGTAGGCCGGA_005,199
GGGTCGTGGCGTAGGCCGGA_006,98
GGGTCGTGGCGTAGGCCGGA_007,147
GGGTCGTGGCGTAGGCCGGA_008,58
GGGTCGTGGCGTAGGCCGGA_009,44
GGGTCGTGGCGTAGGCCGGA_010,70
GGGTCGTGGCGTAGGCCGGA_011,130
AAACTGACCATAAAGTGGAT_001,29
AAACTGACCATAAAGTGGAT_002,28
AAACTGACCATAAAGTGGAT_003,127
AAACTGACCATAAAGTGGAT_004,147
AAACTGACCATAAAGTGGAT_005,180
AAACTGACCATAAAGTGGAT_006,4
AAACTGACCATAAAGTGGAT_007,156
AAACTGACCATAAAGTGGAT_008,169
AAACTGACCATAAAGTGGAT_009,3
AAACTGACCATAAAGTGGAT_010,107
AAACTGACCATAAAGTGGAT_011,98
AAACTGACCATAAAGTGGAT_012,158
AAACTGACCATAAAGTGGAT_013,22
AAACTGACCATAAAGTGGAT_014,22
AAACTGACCATAAAGTGGAT_015,130
AAACTGACCATAAAGTGGAT_016,169
AAACTGACCATAAAGTGGAT_017,8
AAACTGACCATAAAGTGGAT_018,68
AAACTGACCATAAAGTGGAT_019,53
AAACTGACCATAAAGTGGAT_020,164
AAACTGACCATAAAGTGGAT_021,164
TCGGTGGTAGGTCGCCACTT_001,45
TCGGTGGTAGGTCGCCACTT_002,168
TCGGTGGTAGGTCGCCACTT_003,81
TCGGTGGTAGGTCGCCACTT_004,128
TCGGTGGTAGGTCGCCACTT_005,69
TCGGTGGTAGGTCGCCACTT_006,174
TCGGTGGTAGGTCGCCACTT_007,1
TCGGTGGTAGGTCGCCACTT_008,156
TCGGTGGTAGGTCGCCACTT_009,5
TCGGTGGTAGGTCGCCACTT_010,190
TCGGTGGTAGGTCGCCACTT_011,81
TCGGTGGTAGGTCGCCACTT_012,94
TCGGTGGTAGGTCGCCACTT_013,147
TCGGTGGTAGGTCGCCACTT_014,48
TCGGTGGTAGGTCGCCACTT_015,44
TCGGTGGTAGGTCGCCACTT_016,50
TGGGATTCAGGGTACCCCAG_001,54
TGGGATTCAGGGTACCCCAG_002,82
TGGGATTCAGGGTACCCCAG_003,75
TGGGATTCAGGGTACCCCAG_004,43
TGGGATTCAGGGTACCCCAG_005,22
TGGGATTCAGGGTACCCCAG_006,157
TGGGATTCAGGGTACCCCAG_007,113
TGGGATTCAGGGTACCCCAG_008,151
TCCAATCGGGCAGGTCGAGG_001,23
TCCAATCGGGCAGGTCGAGG_002,86
TCCAATCGGGCAGGTCGAGG_003,166
TCCAATCGGGCAGGTCGAGG_004,83
TCCAATCGGGCAGGTCGAGG_005,49
TCCAATCGGGCAGGTCGAGG_006,94
GATGTTGGGGCTGTACATGT_001,48
GATGTTGGGGCTGTACATGT_002,15
GATGTTGGGGCTGTACATGT_003,166
GATGTTGGGGCTGTACATGT_004,105
GATGTTGGGGCTGTACATGT_005,177
GATGTTGGGGCTGTACATGT_006,156
GATGTTGGGGCTGTACATGT_007,186
GATGTTGGGGCTGTACATGT_008,12
GATGTTGGGGCTGTACATGT_009,190
GATGTTGGGGCTGTACATGT_010,56
GATGTTGGGGCTGTACATGT_011,103
GATGTTGGGGCTGTACATGT_012,34
GATGTTGGGGCTGTACATGT_013,151
GATGTTGGGGCTGTACATGT_014,104
AGTACCTATTCGGATCACAT_001,184
AGTACCTATTCGGATCACAT_002,140
AGTACCTATTCGGATCACAT_003,35
AACTTGGTTACACTAGCATC_001,6
AACTTGGTTACACTAGCATC_002,178
AACTTGGTTACACTAGCATC_003,92
AACTTGGTTACACTAGCATC_004,69
AACTTGGTTACACTAGCATC_005,28
AACTTGGTTACACTAGCATC_006,41
AACTTGGTTACACTAGCATC_007,139
AACTTGGTTACACTAGCATC_008,114
AACTTGGTTACACTAGCATC_009,62
AACTTGGTTACACTAGCATC_010,102
CCACGTCGTCGTGCACGTCG_001,144
CCACGTCGTCGTGCACGTCG_002,141
CCACGTCGTCGTGCACGTCG_003,55
CCACGTCGTCGTGCACGTCG_004,70
CCACGTCGTCGTGCACGTCG_005,151
CCACGTCGTCGTGCACGTCG_006,132
CCACGTCGTCGTGCACGTCG_007,90
CCACGTCGTCGTGCACGTCG_008,55
CCAGAACCTACAATTAACAC_001,65
CCAGAACCTACAATTAACAC_002,72
CCCTGCCGCCGCCTCTACGG_001,32
CCCTGCCGCCGCCTCTACGG_002,84
CCCTGCCGCCGCCTCTACGG_003,48
CCCTGCCGCCGCCTCTACGG_004,41
CCCTGCCGCCGCCTCTACGG_005,57
CCCTGCCGCCGCCTCTACGG_006,102
CCCTGCCGCCGCCTCTACGG_007,119
CCCTGCCGCCGCCTCTACGG_008,88
CCCTGCCGCCGCCTCTACGG_009,5
CCCTGCCGCCGCCTCTACGG_010,57
CCCTGCCGCCGCCTCTACGG_011,44
CCCTGCCGCCGCCTCTACGG_012,48
CCCTGCCGCCGCCTCTACGG_013,104
CCCTGCCGCCGCCTCTACGG_014,197
CCCTGCCGCCGCCTCTACGG_015,160
CCCTGCCGCCGCCTCTACGG_016,199
CCCTGCCGCCGCCTCTACGG_017,32
CCCTGCCGCCGCCTCTACGG_018,148
CCCTGCCGCCGCCTCTACGG_019,156
CCCTGCCGCCGCCTCTACGG_020,153
CCCTGCCGCCGCCTCTACGG_021,132
CCCTGCCGCCGCCTCTACGG_022,9
CCCTGCCGCCGCCTCTACGG_023,60
CCCTGCCGCCGCCTCTACGG_024,127
CCCTGCCGCCGCCTCTACGG_025,0
CCCTGCCGCCGCCTCTACGG_026,150
CCCTGCCGCCGCCTCTACGG_027,185
CCCTGCCGCCGCCTCTACGG_028,24
CCCTGCCGCCGCCTCTACGG_029,43
CCCTGCCGCCGCCTCTACGG_030,133
CCCTGCCGCCGCCTCTACGG_031,42
CCCTGCCGCCGCCTCTACGG_032,175
CCCTGCCGCCGCCTCTACGG_033,172
CCCTGCCGCCGCCTCTACGG_034,28
CCCTGCCGCCGCCTCTACGG_035,32
CCCTGCCGCCGCCTCTACGG_036,15
CCCTGCCGCCGCCTCTACGG_037,1
CCCTGCCGCCGCCTCTACGG_038,142
CCCTGCCGCCGCCTCTACGG_039,149
CCCTGCCGCCGCCTCTACGG_040,58
CCCTGCCGCCGCCTCTACGG_041,58
GAACTCGAACATTCCAAACC_001,105
GAACTCGAACATTCCAAACC_002,149
GAACTCGAACATTCCAAACC_003,147
GGGAGGAGGTGTCCCCAACA_001,158
GGGAGGAGGTGTCCCCAACA_002,53
GGGAGGAGGTGTCCCCAACA_003,13
GGGAGGAGGTGTCCCCAACA_004,150
GGGAGGAGGTGTCCCCAACA_005,21
GGGAGGAGGTGTCCCCAACA_006,106
GGGAGGAGGTGTCCCCAACA_007,22
GGGAGGAGGTGTCCCCAACA_008,58
GGGAGGAGGTGTCCCCAACA_009,166
GGGAGGAGGTGTCCCCAACA_010,182
GGGAGGAGGTGTCCCCAACA_011,13
GGGAGGAGGTGTCCCCAACA_012,96
GGGAGGAGGTGTCCCCAACA_013,105
GGGAGGAGGTGTCCCCAACA_014,9
GGGAGGAGGTGTCCCCAACA_015,180
GGGAGGAGGTGTCCCCAACA_016,86
GGGAGGAGGTGTCCCCAACA_017,25
GGGAGGAGGTGTCCCCAACA_018,17
GGGAGGAGGTGTCCCCAACA_019,145
GGGAGGAGGTGTCCCCAACA_020,191
GGGAGGAGGTGTCCCCAACA_021,83
GGGAGGAGGTGTCCCCAACA_022,47
GGGAGGAGGTGTCCCCAACA_023,91
GGGAGGAGGTGTCCCCAACA_024,121
AATGTCTACTGCATTGTCAG_001,147
AATGTCTACTGCATTGTCAG_002,190
AATGTCTACTGCATTGTCAG_003,158
AATGTCTACTGCATTGTCAG_004,159
CAAGAGGTGACCATCCCCCG_001,106
CAAGAGGTGACCATCCCCCG_002,52
CAAGAGGTGACCATCCCCCG_003,191
CAAGAGGTGACCATCCCCCG_004,62
CAAGAGGTGACCATCCCCCG_005,150
CAAGAGGTGACCATCCCCCG_006,94
CAAGAGGTGACCATCCCCCG_007,40
CAAGAGGTGACCATCCCCCG_008,114
CAAGAGGTGACCATCCCCCG_009,134
CAAGAGGTGACCATCCCCCG_010,169
CAAGAGGTGACCATCCCCCG_011,106
CAAGAGGTGACCATCCCCCG_012,146
CAAGAGGTGACCATCCCCCG_013,50
CAAGAGGTGACCATCCCCCG_014,113
CAAGAGGTGACCATCCCCCG_015,75
CAAGAGGTGACCATCCCCCG_016,168
CAAGAGGTGACCATCCCCCG_017,192
CAAGAGGTGACCATCCCCCG_018,115
CAAGAGGTGACCATCCCCCG_019,17
CAAGAGGTGACCATCCCCCG_020,28
CAAGAGGTGACCATCCCCCG_021,76
CAAGAGGTGACCATCCCCCG_022,198
CAAGAGGTGACCATCCCCCG_023,150
GTAAGTCCGCTGGATCAAGG_001,78
GTAAGTCCGCTGGATCAAGG_002,165
GTAAGTCCGCTGGATCAAGG_003,13
GTAAGTCCGCTGGATCAAGG_004,32
GTAAGTCCGCTGGATCAAGG_005,177
GTAAGTCCGCTGGATCAAGG_006,73
GTAAGTCCGCTGGATCAAGG_007,6
GTAAGTCCGCTGGATCAAGG_008,10
GTAAGTCCGCTGGATCAAGG_009,78
GTAAGTCCGCTGGATCAAGG_010,43
GTAAGTCCGCTGGATCAAGG_011,72
GTAAGTCCGCTGGATCAAGG_012,55
GTAAGTCCGCTGGATCAAGG_013,32
GTAAGTCCGCTGGATCAAGG_014,80
GTAAGTCCGCTGGATCAAGG_015,170
GTAAGTCCGCTGGATCAAGG_016,127
GTAAGTCCGCTGGATCAAGG_017,178
GTAAGTCCGCTGGATCAAGG_018,177
GTAAGTCCGCTGGATCAAGG_019,188
GTAAGTCCGCTGGATCAAGG_020,179
GTGGTCCACACATGCCACGC_001,60
GTGGTCCACACATGCCACGC_002,114
GTGGTCCACACATGCCACGC_003,146
GTGGTCCACACATGCCACGC_004,105
GTGGTCCACACATGCCACGC_005,77
GTGGTCCACACATGCCACGC_006,49
GTGGTCCACACATGCCACGC_007,37
GTGGTCCACACATGCCACGC_008,37
GTGGTCCACACATGCCACGC_009,43
TGAACACAGCCACGGCACAG_001,127
TGAACACAGCCACGGCACAG_002,2
TGAACACAGCCACGGCACAG_003,182
TGAACACAGCCACGGCACAG_004,87
TGAACACAGCCACGGCACAG_005,42
TGAACACAGCCACGGCACAG_006,162
TGAACACAGCCACGGCACAG_007,168
TGAACACAGCCACGGCACAG_008,38
TGAACACAGCCACGGCACAG_009,115
TGAACACAGCCACGGCACAG_010,90
TGAACACAGCCACGGCACAG_011,121
TGAACACAGCCACGGCACAG_012,182
TGAACACAGCCACGGCACAG_013,185
TGAACACAGCCACGGCACAG_014,142
TGAACACAGCCACGGCACAG_015,176
TGAACACAGCCACGGCACAG_016,92
TGAACACAGCCACGGCACAG_017,15
TGAACACAGCCACGGCACAG_018,147
TGAACACAGCCACGGCACAG_019,98
TGAACACAGCCACGGCACAG_020,77
TGAACACAGCCACGGCACAG_021,134
TGAACACAGCCACGGCACAG_022,124
TGAACACAGCCACGGCACAG_023,126
TGAACACAGCCACGGCACAG_024,71
TGAACACAGCCACGGCACAG_025,63
TGAACACAGCCACGGCACAG_026,44
TGAACACAGCCACGGCACAG_027,46
TGAACACAGCCACGGCACAG_028,146
TTGCCAGAGGAAAGTAGCCG_001,19
TTGCCAGAGGAAAGTAGCCG_002,185
TTGCCAGAGGAAAGTAGCCG_003,22
TTGCCAGAGGAAAGTAGCCG_004,131
TTGCCAGAGGAAAGTAGCCG_005,65
TTGCCAGAGGAAAGTAGCCG_006,198
TTGCCAGAGGAAAGTAGCCG_007,158
TTGCCAGAGGAAAGTAGCCG_008,9
TTGCCAGAGGAAAGTAGCCG_009,113
TTGCCAGAGGAAAGTAGCCG_010,43
TTGCCAGAGGAAAGTAGCCG_011,62
TTGCCAGAGGAAAGTAGCCG_012,33
TTGCCAGAGGAAAGTAGCCG_013,88
TTGCCAGAGGAAAGTAGCCG_014,72
TTGCCAGAGGAAAGTAGCCG_015,170
TTGCCAGAGGAAAGTAGCCG_016,16
TTGCCAGAGGAAAGTAGCCG_017,196
TTGCCAGAGGAAAGTAGCCG_018,129
TTGCCAGAGGAAAGTAGCCG_019,9
TTGCCAGAGGAAAGTAGCCG_020,89
TTGCCAGAGGAAAGTAGCCG_021,177
TTGCCAGAGGAAAGTAGCCG_022,27
TTGCCAGAGGAAAGTAGCCG_023,134
TTGCCAGAGGAAAGTAGCCG_024,83
TTGCCAGAGGAAAGTAGCCG_025,94
TTGCCAGAGGAAAGTAGCCG_026,94
TTGCCAGAGGAAAGTAGCCG_027,184
TTGCCAGAGGAAAGTAGCCG_028,118
TTGCCAGAGGAAAGTAGCCG_029,29
TTGCCAGAGGAAAGTAGCCG_030,165
TTGCCAGAGGAAAGTAGCCG_031,104
TTTGCCAACTACGAACACGT_001,5
TTTGCCAACTACGAACACGT_002,175
TTTGCCAACTACGAACACGT_003,149
TTTGCCAACTACGAACACGT_004,146
TTTGCCAACTACGAACACGT_005,137
TTTGCCAACTACGAACACGT_006,152
TTTGCCAACTACGAACACGT_007,50
TTTGCCAACTACGAACACGT_008,139
TTTGCCAACTACGAACACGT_009,161
TTTGCCAACTACGAACACGT_010,151
CTTCGTGATTACTGGACCAG_001,171
CTTCGTGATTACTGGACCAG_002,49
CTTCGTGATTACTGGACCAG_003,33
CTGCACAGGAACCCACCAAG_001,29
CTGCACAGGAACCCACCAAG_002,27
CTGCACAGGAACCCACCAAG_003,33
CTGCACAGGAACCCACCAAG_004,77
CTGCACAGGAACCCACCAAG_005,115
CTGCACAGGAACCCACCAAG_006,66
CTGCACAGGAACCCACCAAG_007,94
CTGCACAGGAACCCACCAAG_008,62
CTGCACAGGAACCCACCAAG_009,160
CTTGAGCTGGTACAATGGAA_001,115
CTTGAGCTGGTACAATGGAA_002,150
CTTGAGCTGGTACAATGGAA_003,62
CTTGAGCTGGTACAATGGAA_004,164
CTTGAGCTGGTACAATGGAA_005,127
CTTGAGCTGGTACAATGGAA_006,170
CTTGAGCTGGTACAATGGAA_007,47
CTTGAGCTGGTACAATGGAA_008,62
CTTGAGCTGGTACAATGGAA_009,122
ACGGCAAAGCCGGCCACGAA_001,28
ACGGCAAAGCCGGCCACGAA_002,116
ACGGCAAAGCCGGCCACGAA_003,81
ACGGCAAAGCCGGCCACGAA_004,77
ACGGCAAAGCCGGCCACGAA_005,13
ACGGCAAAGCCGGCCACGAA_006,52
CAGCAGAACTCTCACGACCA_001,104
CAGCAGAACTCTCACGACCA_002,170
CAGCAGAACTCTCACGACCA_003,27
CAGCAGAACTCTCACGACCA_004,17
CAGCAGAACTCTCACGACCA_005,181
CAGCAGAACTCTCACGACCA_006,61
CAGCAGAACTCTCACGACCA_007,13
CAGCAGAACTCTCACGACCA_008,199
CAGCAGAACTCTCACGACCA_009,168
CAGCAGAACTCTCACGACCA_010,48
AGAGCCGCAAAAGCGCCAAG_001,169
AGAGCCGCAAAAGCGCCAAG_002,131
AGAGCCGCAAAAGCGCCAAG_003,136
AGAGCCGCAAAAGCGCCAAG_004,188
AGAGCCGCAAAAGCGCCAAG_005,88
AGAGCCGCAAAAGCGCCAAG_006,38
AGAGCCGCAAAAGCGCCAAG_007,156
AGAGCCGCAAAAGCGCCAAG_008,82
AGAGCCGCAAAAGCGCCAAG_009,121
AGAGCCGCAAAAGCGCCAAG_010,150
AGAGCCGCAAAAGCGCCAAG_011,70
AGAGCCGCAAAAGCGCCAAG_012,160
AGAGCCGCAAAAGCGCCAAG_013,36
AGAGCCGCAAAAGCGCCAAG_014,52
AGAGCCGCAAAAGCGCCAAG_015,15
AGAGCCGCAAAAGCGCCAAG_016,35
AGAGCCGCAAAAGCGCCAAG_017,89
AGAGCCGCAAAAGCGCCAAG_018,119
AGAGCCGCAAAAGCGCCAAG_019,21
AGAGCCGCAAAAGCGCCAAG_020,124
AGAGCCGCAAAAGCGCCAAG_021,41
AGAGCCGCAAAAGCGCCAAG_022,49
AGAGCCGCAAAAGCGCCAAG_023,105
AGAGCCGCAAAAGCGCCAAG_024,162
AGAGCCGCAAAAGCGCCAAG_025,34
CGAACGCAAGGAGCGCGGTG_001,48
CGAACGCAAGGAGCGCGGTG_002,35
CGAACGCAAGGAGCGCGGTG_003,118
CGAACGCAAGGAGCGCGGTG_004,140
CGAACGCAAGGAGCGCGGTG_005,162
CGAACGCAAGGAGCGCGGTG_006,171
CGAACGCAAGGAGCGCGGTG_007,160
CGAACGCAAGGAGCGCGGTG_008,12
CGAACGCAAGGAGCGCGGTG_009,167
TTTACAGAATGATCAAGTCT_001,34
TTTACAGAATGATCAAGTCT_002,97
TTTACAGAATGATCAAGTCT_003,149
TTTACAGAATGATCAAGTCT_004,81
TTTACAGAATGATCAAGTCT_005,39
TTTACAGAATGATCAAGTCT_006,158
TTTACAGAATGATCAAGTCT_007,166
TTTACAGAATGATCAAGTCT_008,10
TTTACAGAATGATCAAGTCT_009,49
TTTACAGAATGATCAAGTCT_010,10
CAAGCTGGGCAATATTCCCA_001,88
CAAGCTGGGCAATATTCCCA_002,31
CAAGCTGGGCAATATTCCCA_003,151
CAAGCTGGGCAATATTCCCA_004,60
CAAGCTGGGCAATATTCCCA_005,176
CAAGCTGGGCAATATTCCCA_006,69
CAAGCTGGGCAATATTCCCA_007,114
CAAGCTGGGCAATATTCCCA_008,48
CAAGCTGGGCAATATTCCCA_009,120
CAAGCTGGGCAATATTCCCA_010,14
GCATACTGATCATCGTCCAT_001,194
GCATACTGATCATCGTCCAT_002,7
GCATACTGATCATCGTCCAT_003,57
TTGGATGTACGTGTATACTG_001,158
TTGGATGTACGTGTATACTG_002,67
TTGGATGTACGTGTATACTG_003,63
TTGGATGTACGTGTATACTG_004,155
TTGGATGTACGTGTATACTG_005,153
TTGGATGTACGTGTATACTG_006,52
TTGGATGTACGTGTATACTG_007,174
TTGGATGTACGTGTATACTG_008,152
TTGGATGTACGTGTATACTG_009,82
CTTGAGGTATCGGCCATCGG_001,78
CTTGAGGTATCGGCCATCGG_002,178
CTTGAGGTATCGGCCATCGG_003,27
CTTGAGGTATCGGCCATCGG_004,96
GTATAATTAACCGAACCCCA_001,90
GTATAATTAACCGAACCCCA_002,48
GTATAATTAACCGAACCCCA_003,158
GTATAATTAACCGAACCCCA_004,70
GTATAATTAACCGAACCCCA_005,24
GTATAATTAACCGAACCCCA_006,25
GTATAATTAACCGAACCCCA_007,16
GTATAATTAACCGAACCCCA_008,29
GTATAATTAACCGAACCCCA_009,103
GTATAATTAACCGAACCCCA_010,61
GATGCTTCCAAGATCAAGGT_001,14
GATGCTTCCAAGATCAAGGT_002,83
GATGCTTCCAAGATCAAGGT_003,70
GATGCTTCCAAGATCAAGGT_004,184
GATGCTTCCAAGATCAAGGT_005,88
GATGCTTCCAAGATCAAGGT_006,67
GATGCTTCCAAGATCAAGGT_007,53
GATGCTTCCAAGATCAAGGT_008,26
GATGCTTCCAAGATCAAGGT_009,94
GATGCTTCCAAGATCAAGGT_010,157
GATGCTTCCAAGATCAAGGT_011,170
GATGCTTCCAAGATCAAGGT_012,81
GATGCTTCCAAGATCAAGGT_013,145
GATGCTTCCAAGATCAAGGT_014,56
ATGAGTCTGTTAAGACACCC_001,128
ATGAGTCTGTTAAGACACCC_002,51
TGTTCTTCGACGAACAGATG_001,70
TGTTCTTCGACGAACAGATG_002,70
GGCCAAGGTCCCGGAGCTGG_001,54
GGCCAAGGTCCCGGAGCTGG_002,112
GGCCAAGGTCCCGGAGCTGG_003,182
AGTAACTGAGGTCGAAGACG_001,1
AGTAACTGAGGTCGAAGACG_002,70
AGTAACTGAGGTCGAAGACG_003,188
AGTAACTGAGGTCGAAGACG_004,12
AGTAACTGAGGTCGAAGACG_005,57
AGTAACTGAGGTCGAAGACG_006,142
ACCATCGTCTGGATGAAGCG_001,134
ACCATCGTCTGGATGAAGCG_002,8
ACCATCGTCTGGATGAAGCG_003,38
ACCATCGTCTGGATGAAGCG_004,104
ACCATCGTCTGGATGAAGCG_005,77
ACCATCGTCTGGATGAAGCG_006,111
ACCATCGTCTGGATGAAGCG_007,60
ACCATCGTCTGGATGAAGCG_008,161
ACCATCGTCTGGATGAAGCG_009,17
ACCATCGTCTGGATGAAGCG_010,88
ACCATCGTCTGGATGAAGCG_011,137
ACCATCGTCTGGATGAAGCG_012,152
ACCATCGTCTGGATGAAGCG_013,170
ACCATCGTCTGGATGAAGCG_014,69
ACCATCGTCTGGATGAAGCG_015,12
ACCATCGTCTGGATGAAGCG_016,62
ACCATCGTCTGGATGAAGCG_017,174
ACCATCGTCTGGATGAAGCG_018,80
ACCATCGTCTGGATGAAGCG_019,15
ACCATCGTCTGGATGAAGCG_020,44
GATCATGCAGTTCACAAATG_001,49
GATCATGCAGTTCACAAATG_002,25
GATCATGCAGTTCACAAATG_003,82
GATCATGCAGTTCACAAATG_004,44
GATCATGCAGTTCACAAATG_005,170
GATCATGCAGTTCACAAATG_006,143
TGTTTCCTTATATGTCCGAG_001,83
TGTTTCCTTATATGTCCGAG_002,18
GCCACTGCCGAACACCTCTG_001,60
GCCACTGCCGAACACCTCTG_002,88
GCCACTGCCGAACACCTCTG_003,147
GCCACTGCCGAACACCTCTG_004,5
GCCACTGCCGAACACCTCTG_005,2
GCCACTGCCGAACACCTCTG_006,181
GCCACTGCCGAACACCTCTG_007,190
GCCACTGCCGAACACCTCTG_008,161
GCCACTGCCGAACACCTCTG_009,140
GCCACTGCCGAACACCTCTG_010,95
GCCACTGCCGAACACCTCTG_011,149
GCCACTGCCGAACACCTCTG_012,77
GCCACTGCCGAACACCTCTG_013,48
GCCACTGCCGAACACCTCTG_014,113
GCCACTGCCGAACACCTCTG_015,14
GCCACTGCCGAACACCTCTG_016,1
GCCACTGCCGAACACCTCTG_017,116
AGCATCAAGTACCACTGGTG_001,159
AGCATCAAGTACCACTGGTG_002,111
AGCATCAAGTACCACTGGTG_003,9
AGCATCAAGTACCACTGGTG_004,43
AGCATCAAGTACCACTGGTG_005,170
AGCATCAAGTACCACTGGTG_006,54
AGCATCAAGTACCACTGGTG_007,13
AGCATCAAGTACCACTGGTG_008,136
AGCATCAAGTACCACTGGTG_009,105
AGCATCAAGTACCACTGGTG_010,107
AGCATCAAGTACCACTGGTG_011,116
AGCATCAAGTACCACTGGTG_012,137
AGCATCAAGTACCACTGGTG_013,111
AGCATCAAGTACCACTGGTG_014,6
AGCATCAAGTACCACTGGTG_015,9
AGCATCAAGTACCACTGGTG_016,46
AGCATCAAGTACCACTGGTG_017,70
AGCATCAAGTACCACTGGTG_018,162
AGCATCAAGTACCACTGGTG_019,48
AGCATCAAGTACCACTGGTG_020,78
AGCATCAAGTACCACTGGTG_021,115
AGCATCAAGTACCACTGGTG_022,81
AGCATCAAGTACCACTGGTG_023,175
AGCATCAAGTACCACTGGTG_024,45
AGCATCAAGTACCACTGGTG_025,5
AGCATCAAGTACCACTGGTG_026,15
AGCATCAAGTACCACTGGTG_027,61
AGCATCAAGTACCACTGGTG_028,165
AGCATCAAGTACCACTGGTG_029,194
AGCATCAAGTACCACTGGTG_030,50
AGCATCAAGTACCACTGGTG_031,104
AGCATCAAGTACCACTGGTG_032,153
AGCATCAAGTACCACTGGTG_033,69
AGCATCAAGTACCACTGGTG_034,103
AGCATCAAGTACCACTGGTG_035,199
AGCATCAAGTACCACTGGTG_036,130
AGCATCAAGTACCACTGGTG_037,40
AGCATCAAGTACCACTGGTG_038,134
AGCATCAAGTACCACTGGTG_039,68
AGCATCAAGTACCACTGGTG_040,102
TTTCAGACATGCCTATCCAG_001,10
TTTCAGACATGCCTATCCAG_002,166
AGGAGTTCGTGTGGAACCCG_001,127
AGGAGTTCGTGTGGAACCCG_002,54
AGGAGTTCGTGTGGAACCCG_003,69
AGGAGTTCGTGTGGAACCCG_004,63
AGGAGTTCGTGTGGAACCCG_005,137
AGGAGTTCGTGTGGAACCCG_006,149
AGGAGTTCGTGTGGAACCCG_007,146
AGGAGTTCGTGTGGAACCCG_008,161
AGGAGTTCGTGTGGAACCCG_009,137
AGGAGTTCGTGTGGAACCCG_010,167
AGGAGTTCGTGTGGAACCCG_011,167
AGGAGTTCGTGTGGAACCCG_012,191
AGGAGTTCGTGTGGAACCCG_013,15
AGGAGTTCGTGTGGAACCCG_014,127
AGGAGTTCGTGTGGAACCCG_015,41
TCCTTGTAGTACTTCCCAGG_001,176
TCCTTGTAGTACTTCCCAGG_002,140
TCCTTGTAGTACTTCCCAGG_003,40
TCCTTGTAGTACTTCCCAGG_004,165
TCCTTGTAGTACTTCCCAGG_005,77
AAAAGTTGTGCATTACGCCA_001,181
AAAAGTTGTGCATTACGCCA_002,51
AAAAGTTGTGCATTACGCCA_003,156
AAAAGTTGTGCATTACGCCA_004,19
GAGGCGCATCAGGGTGCAGG_001,181
GAGGCGCATCAGGGTGCAGG_002,142
GAGGCGCATCAGGGTGCAGG_003,133
GAGGCGCATCAGGGTGCAGG_004,33
GAGGCGCATCAGGGTGCAGG_005,131
GGATACTTCCTGCTCAAACT_001,189
GGATACTTCCTGCTCAAACT_002,170
GGATACTTCCTGCTCAAACT_003,12
GGATACTTCCTGCTCAAACT_004,147
GGATACTTCCTGCTCAAACT_005,148
GGATACTTCCTGCTCAAACT_006,59
GGATACTTCCTGCTCAAACT_007,56
GGATACTTCCTGCTCAAACT_008,176
GGATACTTCCTGCTCAAACT_009,140
GGATACTTCCTGCTCAAACT_010,187
GGATACTTCCTGCTCAAACT_011,16
GGATACTTCCTGCTCAAACT_012,67
GGATACTTCCTGCTCAAACT_013,0
GGATACTTCCTGCTCAAACT_014,135
CTGTGGTTTCCAAGCCTCGA_001,53
CTGTGGTTTCCAAGCCTCGA_002,84
CTGTGGTTTCCAAGCCTCGA_003,113
CTGTGGTTTCCAAGCCTCGA_004,175
CTGTGGTTTCCAAGCCTCGA_005,184
CTGTGGTTTCCAAGCCTCGA_006,153
CTGTGGTTTCCAAGCCTCGA_007,18
CTGTGGTTTCCAAGCCTCGA_008,153
CTGTGGTTTCCAAGCCTCGA_009,148
CTGTGGTTTCCAAGCCTCGA_010,147
CTGTGGTTTCCAAGCCTCGA_011,141
CTGTGGTTTCCAAGCCTCGA_012,162
CCACAGCCTGCGTAATAGGA_001,131
CCACAGCCTGCGTAATAGGA_002,137
CCACAGCCTGCGTAATAGGA_003,162
CCACAGCCTGCGTAATAGGA_004,41
CCACAGCCTGCGTAATAGGA_005,69
CCACAGCCTGCGTAATAGGA_006,68
CCACAGCCTGCGTAATAGGA_007,81
CCACAGCCTGCGTAATAGGA_008,75
CCACAGCCTGCGTAATAGGA_009,60
CCACGGCAAAGTCTGGTGGT_001,84
CCACGGCAAAGTCTGGTGGT_002,149
GCAGGAAGCAGGATTTCGGG_001,166
GCAGGAAGCAGGATTTCGGG_002,60
GCAGGAAGCAGGATTTCGGG_003,115
GCAGGAAGCAGGATTTCGGG_004,62
GCAGGAAGCAGGATTTCGGG_005,47
GCAGGAAGCAGGATTTCGGG_006,160
GCAGGAAGCAGGATTTCGGG_007,43
GCAGGAAGCAGGATTTCGGG_008,121
GCAGGAAGCAGGATTTCGGG_009,76
GCAGGAAGCAGGATTTCGGG_010,67
GCAGGAAGCAGGATTTCGGG_011,188
GCAGGAAGCAGGATTTCGGG_012,103
GCAGGAAGCAGGATTTCGGG_013,101
GCAGGAAGCAGGATTTCGGG_014,44
GCAGGAAGCAGGATTTCGGG_015,199
GCAGGAAGCAGGATTTCGGG_016,30
GCAGGAAGCAGGATTTCGGG_017,105
GGTGAACGAGAACGCCAAGA_001,151
GGTGAACGAGAACGCCAAGA_002,80
GGTGAACGAGAACGCCAAGA_003,139
GGTGAACGAGAACGCCAAGA_004,125
TTATTAGAGGAAGTAACACA_001,152
TTATTAGAGGAAGTAACACA_002,94
TTATTAGAGGAAGTAACACA_003,173
TTATTAGAGGAAGTAACACA_004,28
ACAGAAGTAGTGATATACCA_001,16
ACAGAAGTAGTGATATACCA_002,151
ACAGAAGTAGTGATATACCA_003,180
TGTCATTAGTGACATCACCG_001,92
TGTCATTAGTGACATCACCG_002,8
TGTCATTAGTGACATCACCG_003,78
TGTCATTAGTGACATCACCG_004,103
TGTCATTAGTGACATCACCG_005,197
TGTCATTAGTGACATCACCG_006,183
TGTCATTAGTGACATCACCG_007,138
GATTTACCTAGAAGTCCCTG_001,147
GATTTACCTAGAAGTCCCTG_002,96
GATTTACCTAGAAGTCCCTG_003,12
GATTTACCTAGAAGTCCCTG_004,145
GATTTACCTAGAAGTCCCTG_005,4
ATCACAACCACGAAAACACA_001,107
ATCACAACCACGAAAACACA_002,179
ATCACAACCACGAAAACACA_003,137
ATCACAACCACGAAAACACA_004,104
ATCACAACCACGAAAACACA_005,7
ATCACAACCACGAAAACACA_006,55
AGTAACTGGTAATGTGGGAG_001,2
AGTAACTGGTAATGTGGGAG_002,17
AGTAACTGGTAATGTGGGAG_003,30
AGTAACTGGTAATGTGGGAG_004,169
AGTAACTGGTAATGTGGGAG_005,17
AGTAACTGGTAATGTGGGAG_006,107
ATTACGATGTACATTGGACC_001,37
ATTACGATGTACATTGGACC_002,170
GGAGGAATGGACGAACTGCA_001,113
GGAGGAATGGACGAACTGCA_002,68
GGAGGAATGGACGAACTGCA_003,171
GGAGGAATGGACGAACTGCA_004,40
GGAGGAATGGACGAACTGCA_005,13
GGAGGAATGGACGAACTGCA_006,8
GGAGGAATGGACGAACTGCA_007,88
GGAGGAATGGACGAACTGCA_008,175
GGAGGAATGGACGAACTGCA_009,174
GGTCTGTAGAGACCCTACCC_001,31
CACACCAGAATATAAATACT_001,145
CACACCAGAATATAAATACT_002,121
CACACCAGAATATAAATACT_003,81
CACACCAGAATATAAATACT_004,115
AGAAATGCTACATCGCCCTG_001,130
AGAAATGCTACATCGCCCTG_002,175
AGAAATGCTACATCGCCCTG_003,93
AGAAATGCTACATCGCCCTG_004,40
AGAAATGCTACATCGCCCTG_005,140
AGAAATGCTACATCGCCCTG_006,126
GTTGCTTCCAATGCATGCGA_001,130
GTTGCTTCCAATGCATGCGA_002,175
GTTGCTTCCAATGCATGCGA_003,12
GTTGCTTCCAATGCATGCGA_004,67
GTTGCTTCCAATGCATGCGA_005,85
GTTGCTTCCAATGCATGCGA_006,110
GTTGCTTCCAATGCATGCGA_007,176
GTTGCTTCCAATGCATGCGA_008,159
TGGAGTTACTCTCACTGGAG_001,32
TGGAGTTACTCTCACTGGAG_002,198
TGGAGTTACTCTCACTGGAG_003,118
TGGAGTTACTCTCACTGGAG_004,147
TTACTATGCTGAATCCTATG_001,183
CTGGATGAGCTTATTCAGAG_001,89
CTGGATGAGCTTATTCAGAG_002,54
CTGGATGAGCTTATTCAGAG_003,12
CTGGATGAGCTTATTCAGAG_004,62
CTGGATGAGCTTATTCAGAG_005,22
CTGGATGAGCTTATTCAGAG_006,130
CTGGATGAGCTTATTCAGAG_007,140
CTGGATGAGCTTATTCAGAG_008,38
CTGGATGAGCTTATTCAGAG_009,3
CTGGATGAGCTTATTCAGAG_010,178
CTGGATGAGCTTATTCAGAG_011,6
CATTGAGTGTAAAACACGGG_001,97
CATTGAGTGTAAAACACGGG_002,97
CATTGAGTGTAAAACACGGG_003,29
CATTGAGTGTAAAACACGGG_004,146
CATTGAGTGTAAAACACGGG_005,41
CATTGAGTGTAAAACACGGG_006,181
CATTGAGTGTAAAACACGGG_007,101
CATTGAGTGTAAAACACGGG_008,29
CATTGAGTGTAAAACACGGG_009,74
GAAAAGGGAAGCCTCCCTCG_001,42
GAAAAGGGAAGCCTCCCTCG_002,91
GAAAAGGGAAGCCTCCCTCG_003,151
GAAAAGGGAAGCCTCCCTCG_004,23
GATGTCGAATTTGCAGTGGT_001,97
GATGTCGAATTTGCAGTGGT_002,22
GATGTCGAATTTGCAGTGGT_003,159
GATGTCGAATTTGCAGTGGT_004,50
GATGTCGAATTTGCAGTGGT_005,32
GATGTCGAATTTGCAGTGGT_006,87
GATGTCGAATTTGCAGTGGT_007,115
GATGTCGAATTTGCAGTGGT_008,61
GATGTCGAATTTGCAGTGGT_009,162
GATGTCGAATTTGCAGTGGT_010,70
AAAATTCTAGGCGCTAGAAT_001,30
AAAATTCTAGGCGCTAGAAT_002,53
GTGGACCGTAAGGACGACGG_001,105
GTGGACCGTAAGGACGACGG_002,107
GTGGACCGTAAGGACGACGG_003,161
GTGGACCGTAAGGACGACGG_004,5
GTGGACCGTAAGGACGACGG_005,193
GTGGACCGTAAGGACGACGG_006,80
GTGGACCGTAAGGACGACGG_007,169
GTGGACCGTAAGGACGACGG_008,36
GTGGACCGTAAGGACGACGG_009,85
GTGGACCGTAAGGACGACGG_010,65
GTGGACCGTAAGGACGACGG_011,48
GTGGACCGTAAGGACGACGG_012,112
GTGGACCGTAAGGACGACGG_013,157
GTGGACCGTAAGGACGACGG_014,124
GTGGACCGTAAGGACGACGG_015,123
GTAGCCTCACACGAGAACGA_001,17
GTAGCCTCACACGAGAACGA_002,121
GTAGCCTCACACGAGAACGA_003,93
GTAGCCTCACACGAGAACGA_004,50
GTAGCCTCACACGAGAACGA_005,8
GTAGCCTCACACGAGAACGA_006,134
GTAGCCTCACACGAGAACGA_007,70
GTAGCCTCACACGAGAACGA_008,180
GTAGCCTCACACGAGAACGA_009,176
CAACCTCAAGTACCAAAGGG_001,12
CAACCTCAAGTACCAAAGGG_002,150
CAACCTCAAGTACCAAAGGG_003,140
CAACCTCAAGTACCAAAGGG_004,158
CAACCTCAAGTACCAAAGGG_005,134
TAGGACTCACATGGGCCACG_001,62
TAGGACTCACATGGGCCACG_002,21
TAGGACTCACATGGGCCACG_003,32
TAGGACTCACATGGGCCACG_004,8
TAGGACTCACATGGGCCACG_005,76
TAGGACTCACATGGGCCACG_006,150
TGATGTAAATGAATTAGTGA_001,198
TGATGTAAATGAATTAGTGA_002,177
TGATGTAAATGAATTAGTGA_003,145
TGATGTAAATGAATTAGTGA_004,137
TGATGTAAATGAATTAGTGA_005,61
TGATGTAAATGAATTAGTGA_006,20
TGATGTAAATGAATTAGTGA_007,169
AGCGATAGAAGTCTGTCTTG_001,102
AGCGATAGAAGTCTGTCTTG_002,62
AGCGATAGAAGTCTGTCTTG_003,107
AGCGATAGAAGTCTGTCTTG_004,174
AGCGATAGAAGTCTGTCTTG_005,169
AGCGATAGAAGTCTGTCTTG_006,178
AAGGACGACAAGCCCATCCG_001,48
AAGGACGACAAGCCCATCCG_002,56
AAGGACGACAAGCCCATCCG_003,55
AAGGACGACAAGCCCATCCG_004,172
AAGGACGACAAGCCCATCCG_005,70
AAGGACGACAAGCCCATCCG_006,62
AAGGACGACAAGCCCATCCG_007,149
AAGGACGACAAGCCCATCCG_008,170
AAGGACGACAAGCCCATCCG_009,113
AAGGACGACAAGCCCATCCG_010,102
AAGGACGACAAGCCCATCCG_011,40
AAGGACGACAAGCCCATCCG_012,146
AAGGACGACAAGCCCATCCG_013,70
AAGGACGACAAGCCCATCCG_014,133
CAAGGAGGAGGAATCGACCG_001,102
CAAGGAGGAGGAATCGACCG_002,14
CAAGGAGGAGGAATCGACCG_003,59
CAAGGAGGAGGAATCGACCG_004,33
CAAGGAGGAGGAATCGACCG_005,61
CAAGGAGGAGGAATCGACCG_006,97
CAAGGAGGAGGAATCGACCG_007,139
GAGACTCTACACTACGTCAG_001,44
GAGACTCTACACTACGTCAG_002,148
GAGACTCTACACTACGTCAG_003,102
GAGACTCTACACTACGTCAG_004,62
GAGACTCTACACTACGTCAG_005,105
GAGACTCTACACTACGTCAG_006,193
GAGACTCTACACTACGTCAG_007,127
GAGACTCTACACTACGTCAG_008,149
GAGACTCTACACTACGTCAG_009,169
GAGACTCTACACTACGTCAG_010,171
GAGACTCTACACTACGTCAG_011,67
GAGACTCTACACTACGTCAG_012,21
GAGACTCTACACTACGTCAG_013,170
GAGACTCTACACTACGTCAG_014,105
GAGACTCTACACTACGTCAG_015,146
GAGACTCTACACTACGTCAG_016,161
GATGAGCGAACAATATGCAA_001,88
GATGAGCGAACAATATGCAA_002,41
GATGAGCGAACAATATGCAA_003,11
GATGAGCGAACAATATGCAA_004,80
GATGAGCGAACAATATGCAA_005,52
GATGAGCGAACAATATGCAA_006,85
GATGAGCGAACAATATGCAA_007,17
GATGAGCGAACAATATGCAA_008,194
GATGAGCGAACAATATGCAA_009,110
GATGAGCGAACAATATGCAA_010,152
GATGAGCGAACAATATGCAA_011,45
GATGAGCGAACAATATGCAA_012,22
GATGAGCGAACAATATGCAA_013,152
GGAGCAGTGAAGCACCTCGT_001,61
GGAGCAGTGAAGCACCTCGT_002,74
GGAGCAGTGAAGCACCTCGT_003,48
GGAGCAGTGAAGCACCTCGT_004,113
GGAGCAGTGAAGCACCTCGT_005,129
GGAGCAGTGAAGCACCTCGT_006,62
GGAGCAGTGAAGCACCTCGT_007,67
GGAGCAGTGAAGCACCTCGT_008,170
GGAGCAGTGAAGCACCTCGT_009,123
GGAGCAGTGAAGCACCTCGT_010,161
GGAGCAGTGAAGCACCTCGT_011,5
GAGCCAACACGAGGTCAACG_001,159
GAGCCAACACGAGGTCAACG_002,195
GAGCCAACACGAGGTCAACG_003,126
GAGCCAACACGAGGTCAACG_004,114
GAGCCAACACGAGGTCAACG_005,70
GAGCCAACACGAGGTCAACG_006,113
GAGCCAACACGAGGTCAACG_007,77
GAGCCAACACGAGGTCAACG_008,188
GAGCCAACACGAGGTCAACG_009,177
GAGCCAACACGAGGTCAACG_010,75
GAGCCAACACGAGGTCAACG_011,184
GAGCCAACACGAGGTCAACG_012,48
GAGCCAACACGAGGTCAACG_013,171
GAGCCAACACGAGGTCAACG_014,195
GAGCCAACACGAGGTCAACG_015,180
CGGCAGGACCACGACCAGTG_001,174
CGGCAGGACCACGACCAGTG_002,96
CGGCAGGACCACGACCAGTG_003,142
CGGCAGGACCACGACCAGTG_004,167
CGGCAGGACCACGACCAGTG_005,144
CGGCAGGACCACGACCAGTG_006,27
CATGAAGTTGTCCCACACCA_001,69
CATGAAGTTGTCCCACACCA_002,75
CATGAAGTTGTCCCACACCA_003,162
CATGAAGTTGTCCCACACCA_004,168
CATGAAGTTGTCCCACACCA_005,175
CATGAAGTTGTCCCACACCA_006,198
ATACTCACGTCATCAACCTT_001,81
ATACTCACGTCATCAACCTT_002,129
ATACTCACGTCATCAACCTT_003,61
ATACTCACGTCATCAACCTT_004,160
ATACTCACGTCATCAACCTT_005,82
ATACTCACGTCATCAACCTT_006,114
ATACTCACGTCATCAACCTT_007,146
ATACTCACGTCATCAACCTT_008,77
ATACTCACGTCATCAACCTT_009,48
ATACTCACGTCATCAACCTT_010,197
ATACTCACGTCATCAACCTT_011,143
ATACTCACGTCATCAACCTT_012,37
ATACTCACGTCATCAACCTT_013,149
GTTGTCCATGGATAGCACCA_001,151
GTTGTCCATGGATAGCACCA_002,92
GTTGTCCATGGATAGCACCA_003,70
GTTGTCCATGGATAGCACCA_004,115
GTTGTCCATGGATAGCACCA_005,50
GTTGTCCATGGATAGCACCA_006,103
GTTGTCCATGGATAGCACCA_007,180
GTTGTCCATGGATAGCACCA_008,50
GTTGTCCATGGATAGCACCA_009,54
GTTGTCCATGGATAGCACCA_010,19
GTTGTCCATGGATAGCACCA_011,61
GTTGTCCATGGATAGCACCA_012,147
CCGAGTTTGGAACATGCTCG_001,39
GAATCAAGCATGCATCCATG_001,80
GAATCAAGCATGCATCCATG_002,54
GAATCAAGCATGCATCCATG_003,101
GAATCAAGCATGCATCCATG_004,35
GAATCAAGCATGCATCCATG_005,88
GAATCAAGCATGCATCCATG_006,161
GAATCAAGCATGCATCCATG_007,29
GAATCAAGCATGCATCCATG_008,9
AGACATTGCTAGCGTCACCG_001,122
AGACATTGCTAGCGTCACCG_002,139
AGACATTGCTAGCGTCACCG_003,1
AGACATTGCTAGCGTCACCG_004,95
AGACATTGCTAGCGTCACCG_005,141
AGACATTGCTAGCGTCACCG_006,172
AGACATTGCTAGCGTCACCG_007,48
AGACATTGCTAGCGTCACCG_008,118
ATGATGGCAAGATGTACACG_001,84
ATGATGGCAAGATGTACACG_002,88
ATGATGGCAAGATGTACACG_003,149
ATGATGGCAAGATGTACACG_004,49
ATGATGGCAAGATGTACACG_005,17
ATGATGGCAAGATGTACACG_006,112
ATGATGGCAAGATGTACACG_007,162
ATGATGGCAAGATGTACACG_008,194
ATGATGGCAAGATGTACACG_009,102
TGTCCTAGGGCTAAGCCATG_001,134
TGTCCTAGGGCTAAGCCATG_002,134
TGTCCTAGGGCTAAGCCATG_003,31
TGTCCTAGGGCTAAGCCATG_004,148
TGTCCTAGGGCTAAGCCATG_005,171
TGTCCTAGGGCTAAGCCATG_006,43
TGTCCTAGGGCTAAGCCATG_007,49
TGTCCTAGGGCTAAGCCATG_008,65
TGTCCTAGGGCTAAGCCATG_009,29
TGTCCTAGGGCTAAGCCATG_010,70
TGTCCTAGGGCTAAGCCATG_011,27
TGTCCTAGGGCTAAGCCATG_012,144
TGTCCTAGGGCTAAGCCATG_013,83
TGTCCTAGGGCTAAGCCATG_014,61
TGTCCTAGGGCTAAGCCATG_015,169
TGTCCTAGGGCTAAGCCATG_016,116
TGTCCTAGGGCTAAGCCATG_017,180
AGAATAACCTGGGTATCTTG_001,34
AGAATAACCTGGGTATCTTG_002,167
AGAATAACCTGGGTATCTTG_003,170
TTCTTAAATTCGCAGCTGGG_001,77
TTCTTAAATTCGCAGCTGGG_002,69
TTCTTAAATTCGCAGCTGGG_003,139
TTCTTAAATTCGCAGCTGGG_004,96
TTCTTAAATTCGCAGCTGGG_005,184
TTCTTAAATTCGCAGCTGGG_006,192
TTCTTAAATTCGCAGCTGGG_007,87
TTCTTAAATTCGCAGCTGGG_008,151
TTCTTAAATTCGCAGCTGGG_009,177
TTCTTAAATTCGCAGCTGGG_010,161
GTGGGTGTCGCCATATCTGC_001,161
AAAGACTGCCTGATCCACCA_001,82
AAAGACTGCCTGATCCACCA_002,126
AAAGACTGCCTGATCCACCA_003,94
AAAGACTGCCTGATCCACCA_004,115
AAAGACTGCCTGATCCACCA_005,118
AAAGACTGCCTGATCCACCA_006,36
AAAGACTGCCTGATCCACCA_007,112
AAAGACTGCCTGATCCACCA_008,166
AAAGACTGCCTGATCCACCA_009,18
AAAGACTGCCTGATCCACCA_010,113
AAAGACTGCCTGATCCACCA_011,120
AAAGACTGCCTGATCCACCA_012,149
AAAGACTGCCTGATCCACCA_013,150
AAAGACTGCCTGATCCACCA_014,169
AAAGACTGCCTGATCCACCA_015,162
AAAGACTGCCTGATCCACCA_016,141
AAAGACTGCCTGATCCACCA_017,144
AAAGACTGCCTGATCCACCA_018,58
AAAGACTGCCTGATCCACCA_019,102
AAAGACTGCCTGATCCACCA_020,69
AAAGACTGCCTGATCCACCA_021,41
CCTGGCCAACAAAACATGGA_001,85
CCTGGCCAACAAAACATGGA_002,65
CCTGGCCAACAAAACATGGA_003,189
CCTGGCCAACAAAACATGGA_004,157
CCTGGCCAACAAAACATGGA_005,141
CCTGGCCAACAAAACATGGA_006,60
CCTGGCCAACAAAACATGGA_007,106
CCTGGCCAACAAAACATGGA_008,114
CCTGGCCAACAAAACATGGA_009,39
CTGCAGTGGAACTATTGGAA_001,97
CTGCAGTGGAACTATTGGAA_002,158
CTGCAGTGGAACTATTGGAA_003,83
CTGCAGTGGAACTATTGGAA_004,189
CTGCAGTGGAACTATTGGAA_005,32
CTGCAGTGGAACTATTGGAA_006,141
CTGCAGTGGAACTATTGGAA_007,77
CTGCAGTGGAACTATTGGAA_008,117
CTGCAGTGGAACTATTGGAA_009,159
CTGCAGTGGAACTATTGGAA_010,50
CTGCAGTGGAACTATTGGAA_011,50
CTGCAGTGGAACTATTGGAA_012,16
GAGTGAATTTAAGGACATCG_001,29
GAGTGAATTTAAGGACATCG_002,80
GAGTGAATTTAAGGACATCG_003,168
GAGTGAATTTAAGGACATCG_004,165
GAGTGAATTTAAGGACATCG_005,190
TGGAGCTACGAATCTACGAC_001,41
TGGAGCTACGAATCTACGAC_002,4
TGGAGCTACGAATCTACGAC_003,21
TGGAGCTACGAATCTACGAC_004,54
TGGAGCTACGAATCTACGAC_005,127
TGGAGCTACGAATCTACGAC_006,17
TGGAGCTACGAATCTACGAC_007,2
TGGAGCTACGAATCTACGAC_008,170
TGGAGCTACGAATCTACGAC_009,40
TGGAGCTACGAATCTACGAC_010,62
TGGAGCTACGAATCTACGAC_011,39
GATTTATTTAGAGCTAACAT_001,48
GATTTATTTAGAGCTAACAT_002,48
GATTTATTTAGAGCTAACAT_003,103
GATTTATTTAGAGCTAACAT_004,176
GATTTATTTAGAGCTAACAT_005,109
TGGGGTTTGAGTGTTCCGAT_001,144
TGGGGTTTGAGTGTTCCGAT_002,123
TGGGGTTTGAGTGTTCCGAT_003,117
TGGGGTTTGAGTGTTCCGAT_004,55
TGGGGTTTGAGTGTTCCGAT_005,29
TGGGGTTTGAGTGTTCCGAT_006,195
TGGGGTTTGAGTGTTCCGAT_007,162
TGGGGTTTGAGTGTTCCGAT_008,150
TGGGGTTTGAGTGTTCCGAT_009,70
TGGGGTTTGAGTGTTCCGAT_010,177
GTCCCACCTCTCACGCTCCG_001,108
GTCCCACCTCTCACGCTCCG_002,41
AGGTTGGGATAGGGGTCACT_001,21
AGGTTGGGATAGGGGTCACT_002,51
AGGTTGGGATAGGGGTCACT_003,71
AGGTTGGGATAGGGGTCACT_004,184
AGGTTGGGATAGGGGTCACT_005,112
AGGTTGGGATAGGGGTCACT_006,113
AGGTTGGGATAGGGGTCACT_007,12
AGGTTGGGATAGGGGTCACT_008,3
AGGTTGGGATAGGGGTCACT_009,52
TCTCCGCCTTGCCCGCCGAG_001,58
CTTTGCTGGATATTTCCCAG_001,152
CTTTGCTGGATATTTCCCAG_002,152
TAGCAGAGATTGGAGCTTTG_001,196
TAGCAGAGATTGGAGCTTTG_002,93
TAGCAGAGATTGGAGCTTTG_003,116
TAGCAGAGATTGGAGCTTTG_004,150
TAGCAGAGATTGGAGCTTTG_005,168
TAGCAGAGATTGGAGCTTTG_006,77
GCTCTATTCGTCGGGCTATG_001,110
GCTCTATTCGTCGGGCTATG_002,94
GCTCTATTCGTCGGGCTATG_003,43
GCTCTATTCGTCGGGCTATG_004,30
GCTCTATTCGTCGGGCTATG_005,26
GCTCTATTCGTCGGGCTATG_006,144
GCTCTATTCGTCGGGCTATG_007,127
GCTCTATTCGTCGGGCTATG_008,192
GCTCTATTCGTCGGGCTATG_009,192
TTGTCTTTATACACATGCAG_001,12
TTGTCTTTATACACATGCAG_002,130
CAGGCGCTCATGCACGTGCA_001,159
CAGGCGCTCATGCACGTGCA_002,152
CAGGCGCTCATGCACGTGCA_003,8
CAGGCGCTCATGCACGTGCA_004,147
CAGGCGCTCATGCACGTGCA_005,34
CAGGCGCTCATGCACGTGCA_006,118
CAGGCGCTCATGCACGTGCA_007,172
CAGGCGCTCATGCACGTGCA_008,17
CAGGCGCTCATGCACGTGCA_009,124
CAGGCGCTCATGCACGTGCA_010,138
CAGGCGCTCATGCACGTGCA_011,116
CAGGCGCTCATGCACGTGCA_012,157
CAGGCGCTCATGCACGTGCA_013,177
CAGGCGCTCATGCACGTGCA_014,98
CAGGCGCTCATGCACGTGCA_015,125
CAGGCGCTCATGCACGTGCA_016,134
CAGGCGCTCATGCACGTGCA_017,109
CAGGCGCTCATGCACGTGCA_018,174
CAGGCGCTCATGCACGTGCA_019,145
CAGGCGCTCATGCACGTGCA_020,147
CAGGCGCTCATGCACGTGCA_021,15
CAGGCGCTCATGCACGTGCA_022,12
GCAGTGCAAAGTGTACGACT_001,9
GCAGTGCAAAGTGTACGACT_002,15
GCAGTGCAAAGTGTACGACT_003,48
GCAGTGCAAAGTGTACGACT_004,127
GCAGTGCAAAGTGTACGACT_005,141
GCAGTGCAAAGTGTACGACT_006,192
TATGACTATACCCAACTGCA_001,62
TATGACTATACCCAACTGCA_002,165
TATGACTATACCCAACTGCA_003,41
CAGGTGCCCACCCCGCGAGG_001,40
CAGGTGCCCACCCCGCGAGG_002,130
CAGGTGCCCACCCCGCGAGG_003,69
CAGGTGCCCACCCCGCGAGG_004,149
CAGGTGCCCACCCCGCGAGG_005,15
CAGGTGCCCACCCCGCGAGG_006,161
CAGGTGCCCACCCCGCGAGG_007,184
CAGGTGCCCACCCCGCGAGG_008,113
CAGGTGCCCACCCCGCGAGG_009,20
CAGGTGCCCACCCCGCGAGG_010,174
CAGGTGCCCACCCCGCGAGG_011,40
CAGGTGCCCACCCCGCGAGG_012,75
CAGGTGCCCACCCCGCGAGG_013,56
CATTCGGGGTACCCAAACAA_001,64
CATTCGGGGTACCCAAACAA_002,16
CATTCGGGGTACCCAAACAA_003,65
CATTCGGGGTACCCAAACAA_004,38
CATTCGGGGTACCCAAACAA_005,150
CATTCGGGGTACCCAAACAA_006,8
AGTCCCTCTGAAGAACCAAG_001,133
AGTCCCTCTGAAGAACCAAG_002,4
AGTCCCTCTGAAGAACCAAG_003,69
AGTCCCTCTGAAGAACCAAG_004,140
AGTCCCTCTGAAGAACCAAG_005,17
CCAGGACTGAGCCTTAGGCA_001,65
CCAGGACTGAGCCTTAGGCA_002,50
CCAGGACTGAGCCTTAGGCA_003,105
CCAGGACTGAGCCTTAGGCA_004,2
CCAGGACTGAGCCTTAGGCA_005,189
CCAGGACTGAGCCTTAGGCA_006,132
CCAGGACTGAGCCTTAGGCA_007,13
CCAGGACTGAGCCTTAGGCA_008,149
CCAGGACTGAGCCTTAGGCA_009,169
CCAGGACTGAGCCTTAGGCA_010,46
CCAGGACTGAGCCTTAGGCA_011,192
CCAGGACTGAGCCTTAGGCA_012,159
CCAGGACTGAGCCTTAGGCA_013,8
CCAGGACTGAGCCTTAGGCA_014,55
CCAGGACTGAGCCTTAGGCA_015,127
CCAGGACTGAGCCTTAGGCA_016,68
CCAGGACTGAGCCTTAGGCA_017,26
CCAGGACTGAGCCTTAGGCA_018,175
CCAGGACTGAGCCTTAGGCA_019,162
CCAGGACTGAGCCTTAGGCA_020,126
CCAGGACTGAGCCTTAGGCA_021,199
CCAGGACTGAGCCTTAGGCA_022,6
CCAGGACTGAGCCTTAGGCA_023,6
CCAGGACTGAGCCTTAGGCA_024,147
AATGCTGCGTTTGTTTGGAG_001,166
AATGCTGCGTTTGTTTGGAG_002,81
AATGCTGCGTTTGTTTGGAG_003,181
AATGCTGCGTTTGTTTGGAG_004,17
AATGCTGCGTTTGTTTGGAG_005,147
AATGCTGCGTTTGTTTGGAG_006,62
AATGCTGCGTTTGTTTGGAG_007,65
AATGCTGCGTTTGTTTGGAG_008,145
AATGCTGCGTTTGTTTGGAG_009,105
AATGCTGCGTTTGTTTGGAG_010,59
AATGCTGCGTTTGTTTGGAG_011,184
AATGCTGCGTTTGTTTGGAG_012,74
AATGCTGCGTTTGTTTGGAG_013,65
AGCAATGTAGAGATTCCTCT_001,39
AGCAATGTAGAGATTCCTCT_002,115
AGCAATGTAGAGATTCCTCT_003,140
AGCAATGTAGAGATTCCTCT_004,179
AGCAATGTAGAGATTCCTCT_005,179
AGCAATGTAGAGATTCCTCT_006,60
AGCAATGTAGAGATTCCTCT_007,58
AGCAATGTAGAGATTCCTCT_008,160
AGCAATGTAGAGATTCCTCT_009,168
AGCAATGTAGAGATTCCTCT_010,35
AAGCACACTAACCTAAAACA_001,1
AAGCACACTAACCTAAAACA_002,4
AAGCACACTAACCTAAAACA_003,150
AAGCACACTAACCTAAAACA_004,5
AAGCACACTAACCTAAAACA_005,24
AAGCACACTAACCTAAAACA_006,27
AAGCACACTAACCTAAAACA_007,99
AAGCACACTAACCTAAAACA_008,130
CTACTGCGTCACACCCGCCA_001,66
CTACTGCGTCACACCCGCCA_002,118
CTACTGCGTCACACCCGCCA_003,172
CTACTGCGTCACACCCGCCA_004,9
CTACTGCGTCACACCCGCCA_005,124
CTACTGCGTCACACCCGCCA_006,95
CTACTGCGTCACACCCGCCA_007,22
CTACTGCGTCACACCCGCCA_008,105
CTACTGCGTCACACCCGCCA_009,148
CTACTGCGTCACACCCGCCA_010,4
CTACTGCGTCACACCCGCCA_011,159
CTACTGCGTCACACCCGCCA_012,114
CTACTGCGTCACACCCGCCA_013,168
CTACTGCGTCACACCCGCCA_014,19
CTACTGCGTCACACCCGCCA_015,175
GGTTAGCGCACACTTCCATG_001,148
GGTTAGCGCACACTTCCATG_002,11
GGTTAGCGCACACTTCCATG_003,54
GGTTAGCGCACACTTCCATG_004,152
GGTTAGCGCACACTTCCATG_005,134
GGTTAGCGCACACTTCCATG_006,94
GGTTAGCGCACACTTCCATG_007,170
GGTTAGCGCACACTTCCATG_008,42
GGTTAGCGCACACTTCCATG_009,15
GGTTAGCGCACACTTCCATG_010,143
GGTTAGCGCACACTTCCATG_011,105
GGTTAGCGCACACTTCCATG_012,140
GGTTAGCGCACACTTCCATG_013,197
GGTTAGCGCACACTTCCATG_014,63
GGTTAGCGCACACTTCCATG_015,3
GGTTAGCGCACACTTCCATG_016,106
GGTTAGCGCACACTTCCATG_017,89
GGTTAGCGCACACTTCCATG_018,63
TAATCAAATAGCCCAGAACT_001,135
TAATCAAATAGCCCAGAACT_002,197
TAATCAAATAGCCCAGAACT_003,56
TAATCAAATAGCCCAGAACT_004,17
TAATCAAATAGCCCAGAACT_005,70
TAATCAAATAGCCCAGAACT_006,150
TAATCAAATAGCCCAGAACT_007,69
TGCCGTCCTTGTCGAACACG_001,29
TGCCGTCCTTGTCGAACACG_002,198
TGCCGTCCTTGTCGAACACG_003,12
TGCCGTCCTTGTCGAACACG_004,158
TGCCGTCCTTGTCGAACACG_005,86
TGCCGTCCTTGTCGAACACG_006,160
TGCCGTCCTTGTCGAACACG_007,20
TGCCGTCCTTGTCGAACACG_008,130
TGCCGTCCTTGTCGAACACG_009,9
TGCCGTCCTTGTCGAACACG_010,69
TGGCTAATGTCATATCCCCA_001,103
CAGACAACTCCCGTAGTGCG_001,172
TTTCCCACTAAAACATGCGG_001,17
TTTCCCACTAAAACATGCGG_002,2
TTTCCCACTAAAACATGCGG_003,56
TTTCCCACTAAAACATGCGG_004,59
TTTCCCACTAAAACATGCGG_005,177
TTTCCCACTAAAACATGCGG_006,21
GCGGCGAGGATAAGGGAGAT_001,57
GCGGCGAGGATAAGGGAGAT_002,52
GCGGCGAGGATAAGGGAGAT_003,94
GCGGCGAGGATAAGGGAGAT_004,170
GCGGCGAGGATAAGGGAGAT_005,28
GCGGCGAGGATAAGGGAGAT_006,102
GCGGCGAGGATAAGGGAGAT_007,60
GCGGCGAGGATAAGGGAGAT_008,41
GCGGCGAGGATAAGGGAGAT_009,124
GCGGCGAGGATAAGGGAGAT_010,146
GCGGCGAGGATAAGGGAGAT_011,153
GCGGCGAGGATAAGGGAGAT_012,77
GCGGCGAGGATAAGGGAGAT_013,48
GCGGCGAGGATAAGGGAGAT_014,12
GCGGCGAGGATAAGGGAGAT_015,105
GCGGCGAGGATAAGGGAGAT_016,19
GCGGCGAGGATAAGGGAGAT_017,62
GCGGCGAGGATAAGGGAGAT_018,57
GCGGCGAGGATAAGGGAGAT_019,196
GCGGCGAGGATAAGGGAGAT_020,71
GCGGCGAGGATAAGGGAGAT_021,68
GCGGCGAGGATAAGGGAGAT_022,166
GCGGCGAGGATAAGGGAGAT_023,160
GCGGCGAGGATAAGGGAGAT_024,146
GCGGCGAGGATAAGGGAGAT_025,29
GCGGCGAGGATAAGGGAGAT_026,53
GCGGCGAGGATAAGGGAGAT_027,91
GCGGCGAGGATAAGGGAGAT_028,178
GCGGCGAGGATAAGGGAGAT_029,172
GCGGCGAGGATAAGGGAGAT_030,124
GCGGCGAGGATAAGGGAGAT_031,15
GCGGCGAGGATAAGGGAGAT_032,148
GCGGCGAGGATAAGGGAGAT_033,195
GCGGCGAGGATAAGGGAGAT_034,195
GCGGCGAGGATAAGGGAGAT_035,192
GCGGCGAGGATAAGGGAGAT_036,198
GCGGCGAGGATAAGGGAGAT_037,171
GCGGCGAGGATAAGGGAGAT_038,4
GCGGCGAGGATAAGGGAGAT_039,145
GCGGCGAGGATAAGGGAGAT_040,33
TAAAACCCAAGAAACCAACA_001,103
TAAAACCCAAGAAACCAACA_002,149
TAAAACCCAAGAAACCAACA_003,196
TAAAACCCAAGAAACCAACA_004,58
TAAAACCCAAGAAACCAACA_005,175
TAAAACCCAAGAAACCAACA_006,66
TTTGGTGGTACTCAGAACAA_001,165
TTTGGTGGTACTCAGAACAA_002,159
TTTGGTGGTACTCAGAACAA_003,90
CCTACTGTGAAGCTCACGTG_001,48
CCTACTGTGAAGCTCACGTG_002,149
CCTACTGTGAAGCTCACGTG_003,146
CCTACTGTGAAGCTCACGTG_004,92
CCTACTGTGAAGCTCACGTG_005,81
CCTACTGTGAAGCTCACGTG_006,45
CCTACTGTGAAGCTCACGTG_007,155
CCTACTGTGAAGCTCACGTG_008,143
CCTACTGTGAAGCTCACGTG_009,143
CCTACTGTGAAGCTCACGTG_010,27
CCTACTGTGAAGCTCACGTG_011,142
CCTACTGTGAAGCTCACGTG_012,88
CCTACTGTGAAGCTCACGTG_013,100
CCTACTGTGAAGCTCACGTG_014,98
CCTACTGTGAAGCTCACGTG_015,117
CCTACTGTGAAGCTCACGTG_016,54
CCTACTGTGAAGCTCACGTG_017,106
CCTACTGTGAAGCTCACGTG_018,28
CCTACTGTGAAGCTCACGTG_019,124
TCCATCAAGTCGAGGAACTG_001,85
TCCATCAAGTCGAGGAACTG_002,106
TCCATCAAGTCGAGGAACTG_003,17
TCCATCAAGTCGAGGAACTG_004,16
TCCATCAAGTCGAGGAACTG_005,18
CCATATAATGGAGTACCACG_001,129
CCATATAATGGAGTACCACG_002,113
CCATATAATGGAGTACCACG_003,162
CCATATAATGGAGTACCACG_004,103
CCATATAATGGAGTACCACG_005,144
TCTTCCACGCCAAGACAATG_001,196
TCTTCCACGCCAAGACAATG_002,47
TCTTCCACGCCAAGACAATG_003,34
TCTTCCACGCCAAGACAATG_004,2
TCTTCCACGCCAAGACAATG_005,127
TCTTCCACGCCAAGACAATG_006,37
ATGACTGTGGAGTAGCAGAG_001,147
ATGACTGTGGAGTAGCAGAG_002,81
ATGACTGTGGAGTAGCAGAG_003,194
ATGACTGTGGAGTAGCAGAG_004,21
ATGACTGTGGAGTAGCAGAG_005,3
ATGACTGTGGAGTAGCAGAG_006,155
ATGACTGTGGAGTAGCAGAG_007,175
ATGACTGTGGAGTAGCAGAG_008,157
ATGACTGTGGAGTAGCAGAG_009,49
ATGACTGTGGAGTAGCAGAG_010,125
ATGACTGTGGAGTAGCAGAG_011,76
ATGACTGTGGAGTAGCAGAG_012,92
CAAGGTAGGAGATTTGCGCA_001,84
CAAGGTAGGAGATTTGCGCA_002,15
CAAGGTAGGAGATTTGCGCA_003,40
CAAGGTAGGAGATTTGCGCA_004,102
CAAGGTAGGAGATTTGCGCA_005,170
CAAGGTAGGAGATTTGCGCA_006,69
CAAGGTAGGAGATTTGCGCA_007,166
CAAGGTAGGAGATTTGCGCA_008,102
CAAGGTAGGAGATTTGCGCA_009,88
CAAGGTAGGAGATTTGCGCA_010,115
CAAGGTAGGAGATTTGCGCA_011,121
CAAGGTAGGAGATTTGCGCA_012,184
CAAGGTAGGAGATTTGCGCA_013,94
CAAGGTAGGAGATTTGCGCA_014,48
CAAGGTAGGAGATTTGCGCA_015,28
CAAGGTAGGAGATTTGCGCA_016,120
CAAGGTAGGAGATTTGCGCA_017,41
ATATTGGAGCAGCAGCGTGT_001,96
ATATTGGAGCAGCAGCGTGT_002,137
ATATTGGAGCAGCAGCGTGT_003,126
ATATTGGAGCAGCAGCGTGT_004,179
ATATTGGAGCAGCAGCGTGT_005,103
ATATTGGAGCAGCAGCGTGT_006,113
ATATTGGAGCAGCAGCGTGT_007,69
ATATTGGAGCAGCAGCGTGT_008,179
ATATTGGAGCAGCAGCGTGT_009,78
CTTGTAATACACTTCAAACC_001,0
CTTGTAATACACTTCAAACC_002,12
CTTGTAATACACTTCAAACC_003,46
CTCAACTACGAAATCATAGA_001,107
CCTGTGGCGACGCCGTACCC_001,9
CCTGTGGCGACGCCGTACCC_002,135
CCTGTGGCGACGCCGTACCC_003,145
CCTGTGGCGACGCCGTACCC_004,29
ATAGTCTGTCTTACCCAATG_001,96
ATAGTCTGTCTTACCCAATG_002,139
ATAGTCTGTCTTACCCAATG_003,7
ATAGTCTGTCTTACCCAATG_004,171
ATAGTCTGTCTTACCCAATG_005,48
ATAGTCTGTCTTACCCAATG_006,94
ATAGTCTGTCTTACCCAATG_007,15
ATAGTCTGTCTTACCCAATG_008,190
ATAGTCTGTCTTACCCAATG_009,180
CTGGAGATCCTGTTTACCTG_001,154
ATGGGAAAGCACGTCGTCCA_001,195
ATGGGAAAGCACGTCGTCCA_002,166
ATGGGAAAGCACGTCGTCCA_003,5
ATGGGAAAGCACGTCGTCCA_004,34
ATGGGAAAGCACGTCGTCCA_005,85
ATGGGAAAGCACGTCGTCCA_006,126
ATGGGAAAGCACGTCGTCCA_007,137
ATGGGAAAGCACGTCGTCCA_008,24
ATGGGAAAGCACGTCGTCCA_009,15
ATGGGAAAGCACGTCGTCCA_010,58
ATGGGAAAGCACGTCGTCCA_011,68
ATGGGAAAGCACGTCGTCCA_012,167
ATGGGAAAGCACGTCGTCCA_013,167
ATGGGAAAGCACGTCGTCCA_014,154
ATGGGAAAGCACGTCGTCCA_015,147
ATGGGAAAGCACGTCGTCCA_016,70
ATGGGAAAGCACGTCGTCCA_017,105
ATGGGAAAGCACGTCGTCCA_018,198
ATGGGAAAGCACGTCGTCCA_019,26
CCACCTCCCTACCCGCAAAG_001,154
CCACCTCCCTACCCGCAAAG_002,1
CCACCTCCCTACCCGCAAAG_003,188
CCACCTCCCTACCCGCAAAG_004,13
CCACCTCCCTACCCGCAAAG_005,195
CCACCTCCCTACCCGCAAAG_006,124
CCACCTCCCTACCCGCAAAG_007,58
CCACCTCCCTACCCGCAAAG_008,119
CCACCTCCCTACCCGCAAAG_009,127
CCACCTCCCTACCCGCAAAG_010,96
CCACCTCCCTACCCGCAAAG_011,80
ACAATATCAGTGATGGCCGA_001,34
ACAATATCAGTGATGGCCGA_002,188
ACAATATCAGTGATGGCCGA_003,97
ACAATATCAGTGATGGCCGA_004,80
ACAATATCAGTGATGGCCGA_005,60
ACAATATCAGTGATGGCCGA_006,176
CTCCGCCCTCCAGGAAACCA_001,154
CTCCGCCCTCCAGGAAACCA_002,138
CTCCGCCCTCCAGGAAACCA_003,172
CTCCGCCCTCCAGGAAACCA_004,52
CTCCGCCCTCCAGGAAACCA_005,48
CTCCGCCCTCCAGGAAACCA_006,168
CTCCGCCCTCCAGGAAACCA_007,107
CTCCGCCCTCCAGGAAACCA_008,75
CTCCGCCCTCCAGGAAACCA_009,177
CTCCGCCCTCCAGGAAACCA_010,20
CTCCGCCCTCCAGGAAACCA_011,158
CTCCGCCCTCCAGGAAACCA_012,158
CTCCGCCCTCCAGGAAACCA_013,146
CTCCGCCCTCCAGGAAACCA_014,199
CTCCGCCCTCCAGGAAACCA_015,49
CTCCGCCCTCCAGGAAACCA_016,15
CTCCGCCCTCCAGGAAACCA_017,46
CTCCGCCCTCCAGGAAACCA_018,49
CTCCGCCCTCCAGGAAACCA_019,60
CTCCGCCCTCCAGGAAACCA_020,174
CTCCGCCCTCCAGGAAACCA_021,44
GAGGGTGCCATTGACCGCAA_001,9
GAGGGTGCCATTGACCGCAA_002,41
GAGGGTGCCATTGACCGCAA_003,29
GAGGGTGCCATTGACCGCAA_004,132
GAGGGTGCCATTGACCGCAA_005,144
TCAGTGAATCCGTCAGCCTG_001,8
TCAGTGAATCCGTCAGCCTG_002,43
TCAGTGAATCCGTCAGCCTG_003,35
TCAGTGAATCCGTCAGCCTG_004,91
TCAGTGAATCCGTCAGCCTG_005,158
TCAGTGAATCCGTCAGCCTG_006,41
TCAGTGAATCCGTCAGCCTG_007,41
TCAGTGAATCCGTCAGCCTG_008,190
TCAGTGAATCCGTCAGCCTG_009,25
TCAGTGAATCCGTCAGCCTG_010,64
TCAGTGAATCCGTCAGCCTG_011,113
TCAGTGAATCCGTCAGCCTG_012,143
TCAGTGAATCCGTCAGCCTG_013,12
TCAGTGAATCCGTCAGCCTG_014,58
TCAGTGAATCCGTCAGCCTG_015,139
TCAGTGAATCCGTCAGCCTG_016,149
TCAGTGAATCCGTCAGCCTG_017,174
TCAGTGAATCCGTCAGCCTG_018,148
TCAGTGAATCCGTCAGCCTG_019,16
TCAGTGAATCCGTCAGCCTG_020,63
TCAGTGAATCCGTCAGCCTG_021,180
TCAGTGAATCCGTCAGCCTG_022,178
TGGGAGAGTGAGGAAACGGG_001,170
TGGGAGAGTGAGGAAACGGG_002,105
TGGGAGAGTGAGGAAACGGG_003,60
TGGGAGAGTGAGGAAACGGG_004,170
TGGGAGAGTGAGGAAACGGG_005,61
TGGGAGAGTGAGGAAACGGG_006,147
TGGGAGAGTGAGGAAACGGG_007,15
TGGGAGAGTGAGGAAACGGG_008,82
CTATGAACGTTACATTCGCG_001,19
CTATGAACGTTACATTCGCG_002,140
CCTGTACCCGTACCTGCGTG_001,145
CCTGTACCCGTACCTGCGTG_002,27
CCTGTACCCGTACCTGCGTG_003,172
CCTGTACCCGTACCTGCGTG_004,30
CCTGTACCCGTACCTGCGTG_005,8
TTAGGATTATCGACCAGTGG_001,5
GAGCGGGTATGCCTAGTACA_001,28
GAGCGGGTATGCCTAGTACA_002,78
GAGCGGGTATGCCTAGTACA_003,134
GAGCGGGTATGCCTAGTACA_004,9
GAGCGGGTATGCCTAGTACA_005,134
GAGCGGGTATGCCTAGTACA_006,170
GAGCGGGTATGCCTAGTACA_007,7
GAGCGGGTATGCCTAGTACA_008,118
GAGCGGGTATGCCTAGTACA_009,41
GAGCGGGTATGCCTAGTACA_010,150
GAGCGGGTATGCCTAGTACA_011,158
GAGCGGGTATGCCTAGTACA_012,23
GAGCGGGTATGCCTAGTACA_013,116
ACTGAGGACACACCCTCGGT_001,29
ACTGAGGACACACCCTCGGT_002,48
ACTGAGGACACACCCTCGGT_003,191
ACTGAGGACACACCCTCGGT_004,153
ACTGAGGACACACCCTCGGT_005,194
ACTGAGGACACACCCTCGGT_006,139
ACTGAGGACACACCCTCGGT_007,149
ACTGAGGACACACCCTCGGT_008,62
ACTGAGGACACACCCTCGGT_009,102
ACTGAGGACACACCCTCGGT_010,174
CTTCCCTGGAAACCTCAATG_001,171
CTTCCCTGGAAACCTCAATG_002,70
CTTCCCTGGAAACCTCAATG_003,127
CTTCCCTGGAAACCTCAATG_004,106
GAGAGAGCAATGCGAGCAGT_001,1
GAGAGAGCAATGCGAGCAGT_002,58
GAGAGAGCAATGCGAGCAGT_003,154
GAGAGAGCAATGCGAGCAGT_004,127
GAGAGAGCAATGCGAGCAGT_005,91
GAGAGAGCAATGCGAGCAGT_006,186
GAGAGAGCAATGCGAGCAGT_007,3
GAGAGAGCAATGCGAGCAGT_008,170
GAGAGAGCAATGCGAGCAGT_009,105
GAGAGAGCAATGCGAGCAGT_010,84
GAGAGAGCAATGCGAGCAGT_011,162
GAGAGAGCAATGCGAGCAGT_012,16
GAGAGAGCAATGCGAGCAGT_013,148
GAGAGAGCAATGCGAGCAGT_014,173
GAGAGAGCAATGCGAGCAGT_015,195
GAGAGAGCAATGCGAGCAGT_016,77
GAGAGAGCAATGCGAGCAGT_017,43
GAGAGAGCAATGCGAGCAGT_018,168
GAGAGAGCAATGCGAGCAGT_019,130
GAGAGAGCAATGCGAGCAGT_020,180
TACTGTGCCTTCAACAACTG_001,178
TACTGTGCCTTCAACAACTG_002,197
TACTGTGCCTTCAACAACTG_003,121
TACTGTGCCTTCAACAACTG_004,48
GTCGGTGGTGACGCACCCCG_001,65
GTCGGTGGTGACGCACCCCG_002,84
GTCGGTGGTGACGCACCCCG_003,165
GTCGGTGGTGACGCACCCCG_004,165
GTCGGTGGTGACGCACCCCG_005,160
GTCGGTGGTGACGCACCCCG_006,178
GTCGGTGGTGACGCACCCCG_007,120
GTCGGTGGTGACGCACCCCG_008,137
GTCGGTGGTGACGCACCCCG_009,77
GTCGGTGGTGACGCACCCCG_010,96
GTCGGTGGTGACGCACCCCG_011,60
GTCGGTGGTGACGCACCCCG_012,18
GTCGGTGGTGACGCACCCCG_013,75
GTCGGTGGTGACGCACCCCG_014,112
GTCGGTGGTGACGCACCCCG_015,0
GTCGGTGGTGACGCACCCCG_016,46
GTCGGTGGTGACGCACCCCG_017,166
GTCGGTGGTGACGCACCCCG_018,0
TCCTTTCAACCACCGCCAAG_001,181
TCCTTTCAACCACCGCCAAG_002,83
TCCTTTCAACCACCGCCAAG_003,83
TCCTTTCAACCACCGCCAAG_004,50
TCCTTTCAACCACCGCCAAG_005,18
TCCTTTCAACCACCGCCAAG_006,82
TCCTTTCAACCACCGCCAAG_007,197
CTACCAACAAATTTCCCACC_001,34
CTACCAACAAATTTCCCACC_002,43
GGACTATTGCGAAAGCCCTA_001,163
GGACTATTGCGAAAGCCCTA_002,25
GGACTATTGCGAAAGCCCTA_003,159
GGACTATTGCGAAAGCCCTA_004,78
GGACTATTGCGAAAGCCCTA_005,102
GGACTATTGCGAAAGCCCTA_006,94
GGACTATTGCGAAAGCCCTA_007,41
GGACTATTGCGAAAGCCCTA_008,188
GGACTATTGCGAAAGCCCTA_009,137
AGGTGGAGTGAGCGCCCGGT_001,113
AGGTGGAGTGAGCGCCCGGT_002,148
AGGTGGAGTGAGCGCCCGGT_003,137
AGGTGGAGTGAGCGCCCGGT_004,2
AGGTGGAGTGAGCGCCCGGT_005,48
AGGTGGAGTGAGCGCCCGGT_006,58
AGGTGGAGTGAGCGCCCGGT_007,103
AGGTGGAGTGAGCGCCCGGT_008,31
AGGTGGAGTGAGCGCCCGGT_009,130
AGGTGGAGTGAGCGCCCGGT_010,141
AGGTGGAGTGAGCGCCCGGT_011,96
GGAGTCGACCCGGAGCGAGG_001,55
GGAGTCGACCCGGAGCGAGG_002,41
GGAGTCGACCCGGAGCGAGG_003,11
GGAGTCGACCCGGAGCGAGG_004,63
GGAGTCGACCCGGAGCGAGG_005,168
GGAGTCGACCCGGAGCGAGG_006,77
GGAGTCGACCCGGAGCGAGG_007,105
GGAGTCGACCCGGAGCGAGG_008,164
GGAGTCGACCCGGAGCGAGG_009,145
GGAGTCGACCCGGAGCGAGG_010,122
GGAGTCGACCCGGAGCGAGG_011,134
GGAGTCGACCCGGAGCGAGG_012,48
GGAGTCGACCCGGAGCGAGG_013,94
GGAGTCGACCCGGAGCGAGG_014,150
GGAGTCGACCCGGAGCGAGG_015,169
GGAGTCGACCCGGAGCGAGG_016,94
GGAGTCGACCCGGAGCGAGG_017,68
GGAGTCGACCCGGAGCGAGG_018,52
GGAGTCGACCCGGAGCGAGG_019,28
GGTAAGGGCTGATTACCCGA_001,130
ACACTTGGGAGGGCATTTAG_001,34
ACACTTGGGAGGGCATTTAG_002,106
ACACTTGGGAGGGCATTTAG_003,106
ACACTTGGGAGGGCATTTAG_004,56
ACACTTGGGAGGGCATTTAG_005,34
ACACTTGGGAGGGCATTTAG_006,3
ACACTTGGGAGGGCATTTAG_007,78
ACACTTGGGAGGGCATTTAG_008,183
ACACTTGGGAGGGCATTTAG_009,15
ACACTTGGGAGGGCATTTAG_010,187
ACACTTGGGAGGGCATTTAG_011,25
ACACTTGGGAGGGCATTTAG_012,97
ACACTTGGGAGGGCATTTAG_013,6
ACACTTGGGAGGGCATTTAG_014,97
ACACTTGGGAGGGCATTTAG_015,199
ACACTTGGGAGGGCATTTAG_016,158
ACACTTGGGAGGGCATTTAG_017,141
ACACTTGGGAGGGCATTTAG_018,66
ACACTTGGGAGGGCATTTAG_019,58
ACACTTGGGAGGGCATTTAG_020,130
ACACTTGGGAGGGCATTTAG_021,44
ACACTTGGGAGGGCATTTAG_022,103
ACACTTGGGAGGGCATTTAG_023,82
ACACTTGGGAGGGCATTTAG_024,20
ACACTTGGGAGGGCATTTAG_025,40
ACACTTGGGAGGGCATTTAG_026,61
ACACTTGGGAGGGCATTTAG_027,69
ACACTTGGGAGGGCATTTAG_028,137
ACACTTGGGAGGGCATTTAG_029,179
ACACTTGGGAGGGCATTTAG_030,121
ACACTTGGGAGGGCATTTAG_031,169
ACACTTGGGAGGGCATTTAG_032,192
ACACTTGGGAGGGCATTTAG_033,120
ACACTTGGGAGGGCATTTAG_034,6
ACACTTGGGAGGGCATTTAG_035,84
ACACTTGGGAGGGCATTTAG_036,134
ACACTTGGGAGGGCATTTAG_037,134
ACACTTGGGAGGGCATTTAG_038,24
ACACTTGGGAGGGCATTTAG_039,58
ACACTTGGGAGGGCATTTAG_040,105
ACACTTGGGAGGGCATTTAG_041,81
ACACTTGGGAGGGCATTTAG_042,5
ACACTTGGGAGGGCATTTAG_043,54
ACACTTGGGAGGGCATTTAG_044,176
ACACTTGGGAGGGCATTTAG_045,141
ACACTTGGGAGGGCATTTAG_046,108
ACACTTGGGAGGGCATTTAG_047,170
ACACTTGGGAGGGCATTTAG_048,61
ACACTTGGGAGGGCATTTAG_049,158
ACACTTGGGAGGGCATTTAG_050,150
ACACTTGGGAGGGCATTTAG_051,68
ACACTTGGGAGGGCATTTAG_052,19
ACACTTGGGAGGGCATTTAG_053,1
ACACTTGGGAGGGCATTTAG_054,158
ACACTTGGGAGGGCATTTAG_055,46
ACACTTGGGAGGGCATTTAG_056,161
ACACTTGGGAGGGCATTTAG_057,61
ACACTTGGGAGGGCATTTAG_058,15
ACACTTGGGAGGGCATTTAG_059,6
CAAGAAGGGCGCGTGCTACG_001,97
CAAGAAGGGCGCGTGCTACG_002,85
CAAGAAGGGCGCGTGCTACG_003,92
CAAGAAGGGCGCGTGCTACG_004,165
CAAGAAGGGCGCGTGCTACG_005,1
CAAGAAGGGCGCGTGCTACG_006,28
CAAGAAGGGCGCGTGCTACG_007,34
CTGGATCACTATGACAGGAA_001,165
CTGGATCACTATGACAGGAA_002,114
CTGGATCACTATGACAGGAA_003,70
CTGGATCACTATGACAGGAA_004,170
GCTCATGAGCCAGCCCCGAG_001,42
GCTCATGAGCCAGCCCCGAG_002,55
GCTCATGAGCCAGCCCCGAG_003,72
GCTCATGAGCCAGCCCCGAG_004,62
GCTCATGAGCCAGCCCCGAG_005,99
GCTCATGAGCCAGCCCCGAG_006,111
GCTCATGAGCCAGCCCCGAG_007,50
GGGATACCGGAACCCCACGG_001,163
GGGATACCGGAACCCCACGG_002,197
GGGATACCGGAACCCCACGG_003,15
GGGATACCGGAACCCCACGG_004,172
GGGATACCGGAACCCCACGG_005,50
GGGATACCGGAACCCCACGG_006,150
GGGATACCGGAACCCCACGG_007,31
GGGATACCGGAACCCCACGG_008,69
GGGATACCGGAACCCCACGG_009,162
GGGATACCGGAACCCCACGG_010,162
GGGATACCGGAACCCCACGG_011,40
GGGATACCGGAACCCCACGG_012,150
GGGATACCGGAACCCCACGG_013,44
GGGATACCGGAACCCCACGG_014,133
GGGATACCGGAACCCCACGG_015,36
GGGATACCGGAACCCCACGG_016,111
GGGATACCGGAACCCCACGG_017,12
GGGATACCGGAACCCCACGG_018,138
GGGATACCGGAACCCCACGG_019,138
GGGATACCGGAACCCCACGG_020,175
GGGATACCGGAACCCCACGG_021,176
GGGATACCGGAACCCCACGG_022,194
TGGACAGTATGATAGTGGCA_001,55
GAATGATATCCAAGCTTGCG_001,116
GAATGATATCCAAGCTTGCG_002,184
GAATGATATCCAAGCTTGCG_003,150
GAATGATATCCAAGCTTGCG_004,27
GAATGATATCCAAGCTTGCG_005,147
GAATGATATCCAAGCTTGCG_006,61
GAATGATATCCAAGCTTGCG_007,144
GAAGCCTGAAGCTGATAGCC_001,58
GAAGCCTGAAGCTGATAGCC_002,150
GAAGCCTGAAGCTGATAGCC_003,74
GAAGCCTGAAGCTGATAGCC_004,75
GAAGCCTGAAGCTGATAGCC_005,14
TGGCAGGAAAGGTCTAGATC_001,192
TGGCAGGAAAGGTCTAGATC_002,129
TGGCAGGAAAGGTCTAGATC_003,198
TGGCAGGAAAGGTCTAGATC_004,77
TGGCAGGAAAGGTCTAGATC_005,33
CAGCATTGCATTGGAGAACG_001,76
CAGCATTGCATTGGAGAACG_002,1
CAGCATTGCATTGGAGAACG_003,168
CAGCATTGCATTGGAGAACG_004,186
CAGCATTGCATTGGAGAACG_005,28
CAGTTCCAATAAATACAAAG_001,150
GCGATGATGAGCACCTCGAA_001,7
GCGATGATGAGCACCTCGAA_002,19
GCGATGATGAGCACCTCGAA_003,124
GCGATGATGAGCACCTCGAA_004,51
CAATGAAACATGGAAAGGTG_001,165
CAATGAAACATGGAAAGGTG_002,105
CAATGAAACATGGAAAGGTG_003,149
CAATGAAACATGGAAAGGTG_004,60
CAATGAAACATGGAAAGGTG_005,31
CAATGAAACATGGAAAGGTG_006,131
CAATGAAACATGGAAAGGTG_007,41
CAATGAAACATGGAAAGGTG_008,105
CAATGAAACATGGAAAGGTG_009,76
CAATGAAACATGGAAAGGTG_010,12
CAATGAAACATGGAAAGGTG_011,140
CAATGAAACATGGAAAGGTG_012,40
AGGAGGACTTCATCGAAAAG_001,32
AGGAGGACTTCATCGAAAAG_002,35
ACCAGGTCGACGTCCTCCAG_001,34
ACCAGGTCGACGTCCTCCAG_002,188
ACCAGGTCGACGTCCTCCAG_003,163
ACCAGGTCGACGTCCTCCAG_004,56
ACCAGGTCGACGTCCTCCAG_005,10
ACCAGGTCGACGTCCTCCAG_006,160
ACCAGGACCACATTGCTGGG_001,6
ACCAGGACCACATTGCTGGG_002,191
ACCAGGACCACATTGCTGGG_003,156
ACCAGGACCACATTGCTGGG_004,156
CAATATCTAAATCAGCACGA_001,154
CAATATCTAAATCAGCACGA_002,147
CAATATCTAAATCAGCACGA_003,94
GTAGGAGGAAGAGGAAGAGG_001,30
AGGGGGTGGGATCTGAACGG_001,107
AGGGGGTGGGATCTGAACGG_002,105
TCCTCATGGTGAATAAACAA_001,43
TCCTCATGGTGAATAAACAA_002,94
TCCTCATGGTGAATAAACAA_003,53
TCCTCATGGTGAATAAACAA_004,78
TCCTCATGGTGAATAAACAA_005,127
TGAGGAACACCGTGCCATGT_001,27
TGAGGAACACCGTGCCATGT_002,170
TGAGGAACACCGTGCCATGT_003,54
TGAGGAACACCGTGCCATGT_004,14
TGAGGAACACCGTGCCATGT_005,158
TGAGGAACACCGTGCCATGT_006,66
TGAGGAACACCGTGCCATGT_007,142
TGAGGAACACCGTGCCATGT_008,137
TGAGGAACACCGTGCCATGT_009,49
TGAGGAACACCGTGCCATGT_010,118
TGAGGAACACCGTGCCATGT_011,3
TGAGGAACACCGTGCCATGT_012,138
TGAGGAACACCGTGCCATGT_013,96
TGAGGAACACCGTGCCATGT_014,27
CTGCGCCTATAAATGATGTG_001,1
CTGCGCCTATAAATGATGTG_002,16
CTGCGCCTATAAATGATGTG_003,12
CTGCGCCTATAAATGATGTG_004,9
CTGCGCCTATAAATGATGTG_005,199
CTGCGCCTATAAATGATGTG_006,149
CTGCGCCTATAAATGATGTG_007,102
CTGCGCCTATAAATGATGTG_008,65
CTGCGCCTATAAATGATGTG_009,47
CTGCGCCTATAAATGATGTG_010,170
AGAGTTGTCTGGAAGAACCG_001,44
AGAGTTGTCTGGAAGAACCG_002,134
AGAGTTGTCTGGAAGAACCG_003,104
AGAGTTGTCTGGAAGAACCG_004,151
AGAGTTGTCTGGAAGAACCG_005,29
AGAGTTGTCTGGAAGAACCG_006,160
TGAGCCAGGAAATTGCAGAC_001,183
TGAGCCAGGAAATTGCAGAC_002,198
TGAGCCAGGAAATTGCAGAC_003,107
TGAGCCAGGAAATTGCAGAC_004,164
TGAGCCAGGAAATTGCAGAC_005,85
TGAGCCAGGAAATTGCAGAC_006,42
TGAGCCAGGAAATTGCAGAC_007,184
TGAGCCAGGAAATTGCAGAC_008,145
TGAGCCAGGAAATTGCAGAC_009,62
GAGCATCGCCCAAGATGCAA_001,70
GAGCATCGCCCAAGATGCAA_002,121
GAGCATCGCCCAAGATGCAA_003,39
GAGCATCGCCCAAGATGCAA_004,62
GCCACTCAGGAAGGTACCCG_001,176
GCCACTCAGGAAGGTACCCG_002,192
GCCACTCAGGAAGGTACCCG_003,184
GCCACTCAGGAAGGTACCCG_004,146
GCCACTCAGGAAGGTACCCG_005,76
GCCACTCAGGAAGGTACCCG_006,82
GCCACTCAGGAAGGTACCCG_007,31
GCCACTCAGGAAGGTACCCG_008,29
GCCACTCAGGAAGGTACCCG_009,160
GCCACTCAGGAAGGTACCCG_010,198
GCCACTCAGGAAGGTACCCG_011,170
GTTCATTTCCAAGTCCGCTG_001,12
GTTCATTTCCAAGTCCGCTG_002,106
GTTCATTTCCAAGTCCGCTG_003,177
GTTCATTTCCAAGTCCGCTG_004,133
GTTCATTTCCAAGTCCGCTG_005,83
GTTCATTTCCAAGTCCGCTG_006,58
GTTCATTTCCAAGTCCGCTG_007,43
GTTCATTTCCAAGTCCGCTG_008,149
GTTCATTTCCAAGTCCGCTG_009,112
GTTCATTTCCAAGTCCGCTG_010,121
GTTCATTTCCAAGTCCGCTG_011,157
GTTCATTTCCAAGTCCGCTG_012,80
GTTCATTTCCAAGTCCGCTG_013,108
GTTCATTTCCAAGTCCGCTG_014,91
GTTCATTTCCAAGTCCGCTG_015,76
GTTCATTTCCAAGTCCGCTG_016,61
GTTCATTTCCAAGTCCGCTG_017,63
GTTCATTTCCAAGTCCGCTG_018,63
GTTCATTTCCAAGTCCGCTG_019,104
GTTCATTTCCAAGTCCGCTG_020,181
GTTCATTTCCAAGTCCGCTG_021,132
GTTCATTTCCAAGTCCGCTG_022,95
GTTCATTTCCAAGTCCGCTG_023,60
GTTCATTTCCAAGTCCGCTG_024,49
GTTCATTTCCAAGTCCGCTG_025,65
GTTCATTTCCAAGTCCGCTG_026,5
GTTCATTTCCAAGTCCGCTG_027,170
GTTCATTTCCAAGTCCGCTG_028,77
GTTCATTTCCAAGTCCGCTG_029,38
GTTCATTTCCAAGTCCGCTG_030,75
GTTCATTTCCAAGTCCGCTG_031,168
GTTCATTTCCAAGTCCGCTG_032,116
GTTCATTTCCAAGTCCGCTG_033,160
GTTCATTTCCAAGTCCGCTG_034,16
GTTCATTTCCAAGTCCGCTG_035,64
GTTCATTTCCAAGTCCGCTG_036,199
GTTCATTTCCAAGTCCGCTG_037,137
GTTCATTTCCAAGTCCGCTG_038,168
GTTCATTTCCAAGTCCGCTG_039,6
GTTCATTTCCAAGTCCGCTG_040,80
GTTCATTTCCAAGTCCGCTG_041,48
GTTCATTTCCAAGTCCGCTG_042,161
GTTCATTTCCAAGTCCGCTG_043,3
GTTCATTTCCAAGTCCGCTG_044,39
GTTCATTTCCAAGTCCGCTG_045,33
GAAGCACGTACCCAAGTCAG_001,110
GAAGCACGTACCCAAGTCAG_002,60
GAAGCACGTACCCAAGTCAG_003,57
GAAGCACGTACCCAAGTCAG_004,46
GAAGCACGTACCCAAGTCAG_005,103
GAAGCACGTACCCAAGTCAG_006,145
GAAGCACGTACCCAAGTCAG_007,168
GAAGCACGTACCCAAGTCAG_008,98
CTATTACCAATCATGCCTGG_001,192
CCCGACATGACGTACGAGAA_001,138
CCCGACATGACGTACGAGAA_002,34
CCCGACATGACGTACGAGAA_003,175
CCCGACATGACGTACGAGAA_004,105
CCCGACATGACGTACGAGAA_005,60
CCCGACATGACGTACGAGAA_006,12
CCCGACATGACGTACGAGAA_007,192
ACCGCCGCCCCAGCGTGACG_001,189
ACCGCCGCCCCAGCGTGACG_002,55
ACCGCCGCCCCAGCGTGACG_003,133
ACCGCCGCCCCAGCGTGACG_004,81
ACCGCCGCCCCAGCGTGACG_005,98
ACCGCCGCCCCAGCGTGACG_006,14
ACCGCCGCCCCAGCGTGACG_007,188
ACCGCCGCCCCAGCGTGACG_008,82
ACCGCCGCCCCAGCGTGACG_009,67
ACCGCCGCCCCAGCGTGACG_010,58
ACCGCCGCCCCAGCGTGACG_011,43
ACCGCCGCCCCAGCGTGACG_012,0
ACCGCCGCCCCAGCGTGACG_013,171
ACCGCCGCCCCAGCGTGACG_014,19
ACCGCCGCCCCAGCGTGACG_015,17
ACCGCCGCCCCAGCGTGACG_016,95
ACCGCCGCCCCAGCGTGACG_017,31
ACCGCCGCCCCAGCGTGACG_018,113
ACCGCCGCCCCAGCGTGACG_019,110
ACCGCCGCCCCAGCGTGACG_020,187
ACCGCCGCCCCAGCGTGACG_021,42
ACCGCCGCCCCAGCGTGACG_022,150
ACCGCCGCCCCAGCGTGACG_023,137
ACCGCCGCCCCAGCGTGACG_024,155
ACCGCCGCCCCAGCGTGACG_025,92
ACCGCCGCCCCAGCGTGACG_026,99
ACCGCCGCCCCAGCGTGACG_027,27
ACCGCCGCCCCAGCGTGACG_028,118
ACCGCCGCCCCAGCGTGACG_029,179
ACCGCCGCCCCAGCGTGACG_030,63
ACCGCCGCCCCAGCGTGACG_031,184
ACCGCCGCCCCAGCGTGACG_032,138
ACCGCCGCCCCAGCGTGACG_033,80
ACCGCCGCCCCAGCGTGACG_034,78
ACCGCCGCCCCAGCGTGACG_035,168
ACCGCCGCCCCAGCGTGACG_036,152
ACCGCCGCCCCAGCGTGACG_037,52
ATCTGCCATGGCGTCCTGGC_001,19
ATCTGCCATGGCGTCCTGGC_002,177
ATCTGCCATGGCGTCCTGGC_003,102
ATCTGCCATGGCGTCCTGGC_004,103
ATCTGCCATGGCGTCCTGGC_005,1
ATCTGCCATGGCGTCCTGGC_006,55
ATCTGCCATGGCGTCCTGGC_007,169
ATCTGCCATGGCGTCCTGGC_008,96
ATCTGCCATGGCGTCCTGGC_009,116
ATCTGCCATGGCGTCCTGGC_010,150
ATCTGCCATGGCGTCCTGGC_011,127
ATCTGCCATGGCGTCCTGGC_012,48
ATCTGCCATGGCGTCCTGGC_013,168
ATCTGCCATGGCGTCCTGGC_014,45
ATCTGCCATGGCGTCCTGGC_015,170
ATCTGCCATGGCGTCCTGGC_016,188
ATCTGCCATGGCGTCCTGGC_017,163
ATCTGCCATGGCGTCCTGGC_018,172
ATCTGCCATGGCGTCCTGGC_019,171
ATCTGCCATGGCGTCCTGGC_020,41
ATCTGCCATGGCGTCCTGGC_021,103
ATCTGCCATGGCGTCCTGGC_022,179
ATCTGCCATGGCGTCCTGGC_023,17
ATCTGCCATGGCGTCCTGGC_024,119
ATCTGCCATGGCGTCCTGGC_025,9
ATCTGCCATGGCGTCCTGGC_026,127
ATCTGCCATGGCGTCCTGGC_027,45
ATCTGCCATGGCGTCCTGGC_028,40
GAGCCAGACGCGGTTCTACG_001,16
GAGCCAGACGCGGTTCTACG_002,12
GAGCCAGACGCGGTTCTACG_003,23
GAGCCAGACGCGGTTCTACG_004,148
GAGCCAGACGCGGTTCTACG_005,192
GAGCCAGACGCGGTTCTACG_006,158
GAGCCAGACGCGGTTCTACG_007,57
GAGCCAGACGCGGTTCTACG_008,110
TTAGTGGCCAGTGATAAGCA_001,53
TTAGTGGCCAGTGATAAGCA_002,3
TTAGTGGCCAGTGATAAGCA_003,5
TTAGTGGCCAGTGATAAGCA_004,78
TACAAAGCCTACTCACCCTG_001,27
TACAAAGCCTACTCACCCTG_002,81
TACAAAGCCTACTCACCCTG_003,75
TACAAAGCCTACTCACCCTG_004,49
TACAAAGCCTACTCACCCTG_005,64
TACAAAGCCTACTCACCCTG_006,35
TACAAAGCCTACTCACCCTG_007,43
TACAAAGCCTACTCACCCTG_008,83
TACAAAGCCTACTCACCCTG_009,48
TACAAAGCCTACTCACCCTG_010,196
GATTGGCTGACATCTTGGAG_001,128
GATTGGCTGACATCTTGGAG_002,171
GATTGGCTGACATCTTGGAG_003,106
GATTGGCTGACATCTTGGAG_004,10
GATTGGCTGACATCTTGGAG_005,102
GGGGCGCGTAGTTGTTGCGG_001,7
GGGGCGCGTAGTTGTTGCGG_002,119
GGGGCGCGTAGTTGTTGCGG_003,168
AATGTTCAGGGACTCACCGA_001,9
AATGTTCAGGGACTCACCGA_002,29
AATGTTCAGGGACTCACCGA_003,159
AATGTTCAGGGACTCACCGA_004,127
AATGTTCAGGGACTCACCGA_005,173
AATGTTCAGGGACTCACCGA_006,145
AATGTTCAGGGACTCACCGA_007,55
AATGTTCAGGGACTCACCGA_008,130
AATGTTCAGGGACTCACCGA_009,30
AATGTTCAGGGACTCACCGA_010,30
AATGTTCAGGGACTCACCGA_011,173
AATGTTCAGGGACTCACCGA_012,195
AATGTTCAGGGACTCACCGA_013,43
AATGTTCAGGGACTCACCGA_014,147
AATGTTCAGGGACTCACCGA_015,98
AATGTTCAGGGACTCACCGA_016,114
AATGTTCAGGGACTCACCGA_017,63
AATGTTCAGGGACTCACCGA_018,48
AATGTTCAGGGACTCACCGA_019,138
AATGTTCAGGGACTCACCGA_020,10
AATGTTCAGGGACTCACCGA_021,62
AATGTTCAGGGACTCACCGA_022,91
AATGTTCAGGGACTCACCGA_023,166
CTTGCACTAATGGAAGGTGT_001,49
CTTGCACTAATGGAAGGTGT_002,17
CTTGCACTAATGGAAGGTGT_003,166
CTTGCACTAATGGAAGGTGT_004,152
CTTGCACTAATGGAAGGTGT_005,2
GGTCCATGATACCACACGTG_001,113
CAGTGAGGTTTACTCCCTTG_001,105
CAGTGAGGTTTACTCCCTTG_002,178
CAGTGAGGTTTACTCCCTTG_003,192
CAGTGAGGTTTACTCCCTTG_004,127
CAGTGAGGTTTACTCCCTTG_005,9
CAGTGAGGTTTACTCCCTTG_006,11
CAGTGAGGTTTACTCCCTTG_007,41
CAGTGAGGTTTACTCCCTTG_008,85
CAGTGAGGTTTACTCCCTTG_009,89
CAGTGAGGTTTACTCCCTTG_010,56
CAGTTTGAAACTGACGCCTG_001,170
CAGTTTGAAACTGACGCCTG_002,40
CAGTTTGAAACTGACGCCTG_003,60
CAGTTTGAAACTGACGCCTG_004,50
CAGTTTGAAACTGACGCCTG_005,50
CAGTTTGAAACTGACGCCTG_006,161
CAGTTTGAAACTGACGCCTG_007,73
CAGTTTGAAACTGACGCCTG_008,39
CAGTTTGAAACTGACGCCTG_009,5
CAGTTTGAAACTGACGCCTG_010,187
CAGTTTGAAACTGACGCCTG_011,8
CAGTTTGAAACTGACGCCTG_012,56
CAGTTTGAAACTGACGCCTG_013,144
CAGTTTGAAACTGACGCCTG_014,50
AAGGATGTTTCCCATAACAG_001,38
AAGGATGTTTCCCATAACAG_002,52
AAGGATGTTTCCCATAACAG_003,70
AAGGATGTTTCCCATAACAG_004,185
AAGGATGTTTCCCATAACAG_005,9
AAGGATGTTTCCCATAACAG_006,56
AAGGATGTTTCCCATAACAG_007,81
AAGGATGTTTCCCATAACAG_008,97
AAGGATGTTTCCCATAACAG_009,52
CTTGAAAGTCAGAGTCAGCA_001,166
CTTGAAAGTCAGAGTCAGCA_002,94
CTTGAAAGTCAGAGTCAGCA_003,94
CTTGAAAGTCAGAGTCAGCA_004,137
CTTGAAAGTCAGAGTCAGCA_005,38
CTTGAAAGTCAGAGTCAGCA_006,96
TATTCCTATGAGTCAAGTGG_001,129
TATTCCTATGAGTCAAGTGG_002,148
CAAAAGCTCCTCCACCGCGG_001,5
CAAAAGCTCCTCCACCGCGG_002,112
CAAAAGCTCCTCCACCGCGG_003,47
CAAAAGCTCCTCCACCGCGG_004,70
CAAAAGCTCCTCCACCGCGG_005,147
CAAAAGCTCCTCCACCGCGG_006,52
CAAAAGCTCCTCCACCGCGG_007,105
CAAAAGCTCCTCCACCGCGG_008,15
CAAAAGCTCCTCCACCGCGG_009,146
CAAAAGCTCCTCCACCGCGG_010,85
CTGAGAGTGGTCATGATCCG_001,7
CTGAGAGTGGTCATGATCCG_002,88
CTGAGAGTGGTCATGATCCG_003,50
CTGAGAGTGGTCATGATCCG_004,57
CTGAGAGTGGTCATGATCCG_005,87
CTGAGAGTGGTCATGATCCG_006,137
CTGAGAGTGGTCATGATCCG_007,83
CTGAGAGTGGTCATGATCCG_008,120
TGATGGGTCAGCTAGTATGC_001,29
TGATGGGTCAGCTAGTATGC_002,65
TGATGGGTCAGCTAGTATGC_003,103
TGATGGGTCAGCTAGTATGC_004,127
TGATGGGTCAGCTAGTATGC_005,88
TGATGGGTCAGCTAGTATGC_006,174
TGATGGGTCAGCTAGTATGC_007,70
TGATGGGTCAGCTAGTATGC_008,121
TGATGGGTCAGCTAGTATGC_009,16
TGATGGGTCAGCTAGTATGC_010,121
TGATGGGTCAGCTAGTATGC_011,10
GAAGTTCTGAGGCGAATCCG_001,106
GAAGTTCTGAGGCGAATCCG_002,94
GAAGTTCTGAGGCGAATCCG_003,94
GAAGTTCTGAGGCGAATCCG_004,27
GAAGTTCTGAGGCGAATCCG_005,171
GAAGTTCTGAGGCGAATCCG_006,44
GAAGTTCTGAGGCGAATCCG_007,145
GAAGTTCTGAGGCGAATCCG_008,81
GAAGTTCTGAGGCGAATCCG_009,1
GAAGTTCTGAGGCGAATCCG_010,82
GAAGTTCTGAGGCGAATCCG_011,11
GAAGTTCTGAGGCGAATCCG_012,160
GAAGTTCTGAGGCGAATCCG_013,162
GAAGTTCTGAGGCGAATCCG_014,162
GAAGTTCTGAGGCGAATCCG_015,15
GAAGTTCTGAGGCGAATCCG_016,104
GAAGTTCTGAGGCGAATCCG_017,152
GAAGTTCTGAGGCGAATCCG_018,197
GAAGTTCTGAGGCGAATCCG_019,128
GAGCCTTTGATGTCCCCAAG_001,37
GAGCCTTTGATGTCCCCAAG_002,184
GAGCCTTTGATGTCCCCAAG_003,127
GAGCCTTTGATGTCCCCAAG_004,169
GAGCCTTTGATGTCCCCAAG_005,158
GAGCCTTTGATGTCCCCAAG_006,77
GAGCCTTTGATGTCCCCAAG_007,160
TGGCCGGCTATCCTTAGAAG_001,41
TGGCCGGCTATCCTTAGAAG_002,189
TGGCCGGCTATCCTTAGAAG_003,158
TGGCCGGCTATCCTTAGAAG_004,119
TGGCCGGCTATCCTTAGAAG_005,75
TGGCCGGCTATCCTTAGAAG_006,0
TGGCCGGCTATCCTTAGAAG_007,153
TGGCCGGCTATCCTTAGAAG_008,169
TGGCCGGCTATCCTTAGAAG_009,147
AAACAAAATCATCTGCACAT_001,47
AAACAAAATCATCTGCACAT_002,41
AAACAAAATCATCTGCACAT_003,69
AAACAAAATCATCTGCACAT_004,178
AAACAAAATCATCTGCACAT_005,127
AAACAAAATCATCTGCACAT_006,184
AGCGCAGGAATTGGTTACCC_001,145
AGCGCAGGAATTGGTTACCC_002,165
TGAGGCAAACAAGATCGCAG_001,128
TGAGGCAAACAAGATCGCAG_002,94
TGAGGCAAACAAGATCGCAG_003,196
TGAGGCAAACAAGATCGCAG_004,196
TGAGGCAAACAAGATCGCAG_005,125
TGAGGCAAACAAGATCGCAG_006,70
TGAGGCAAACAAGATCGCAG_007,119
TGAGGCAAACAAGATCGCAG_008,15
TGAGGCAAACAAGATCGCAG_009,14
TGAGGCAAACAAGATCGCAG_010,78
TGAGGCAAACAAGATCGCAG_011,196
TGAGGCAAACAAGATCGCAG_012,42
TGAGGCAAACAAGATCGCAG_013,128
TGAGGCAAACAAGATCGCAG_014,72
TGAGGCAAACAAGATCGCAG_015,24
TGAGGCAAACAAGATCGCAG_016,139
TGAGGCAAACAAGATCGCAG_017,5
TGAGGCAAACAAGATCGCAG_018,45
TGAGGCAAACAAGATCGCAG_019,3
AGACTGGAAGGATCCGAGCG_001,170
AGACTGGAAGGATCCGAGCG_002,28
AGACTGGAAGGATCCGAGCG_003,102
AGACTGGAAGGATCCGAGCG_004,58
AGACTGGAAGGATCCGAGCG_005,168
AGACTGGAAGGATCCGAGCG_006,9
AGACTGGAAGGATCCGAGCG_007,112
AGACTGGAAGGATCCGAGCG_008,131
AGACTGGAAGGATCCGAGCG_009,123
TTGGCCAAGACAATGTCACC_001,10
TTGGCCAAGACAATGTCACC_002,24
TTGGCCAAGACAATGTCACC_003,156
GTATCCACAAGACCTCGTAA_001,137
ACTGGTCCGGTCATCAACAA_001,30
ACTGGTCCGGTCATCAACAA_002,58
ACTGGTCCGGTCATCAACAA_003,172
ACTGGTCCGGTCATCAACAA_004,29
ACTGGTCCGGTCATCAACAA_005,171
ACTGGTCCGGTCATCAACAA_006,48
ACTGGTCCGGTCATCAACAA_007,127
ACTGGTCCGGTCATCAACAA_008,146
ACTGGTCCGGTCATCAACAA_009,184
ACTGGTCCGGTCATCAACAA_010,57
ACTGGTCCGGTCATCAACAA_011,182
TGAAGGCTGAATCGGAAGCA_001,23
TGAAGGCTGAATCGGAAGCA_002,94
TGAAGGCTGAATCGGAAGCA_003,55
TGAAGGCTGAATCGGAAGCA_004,76
TGAAGGCTGAATCGGAAGCA_005,150
TGAAGGCTGAATCGGAAGCA_006,149
TGAAGGCTGAATCGGAAGCA_007,9
TGAAGGCTGAATCGGAAGCA_008,65
TGAAGGCTGAATCGGAAGCA_009,123
TGAAGGCTGAATCGGAAGCA_010,68
TGAAGGCTGAATCGGAAGCA_011,17
TGAAGGCTGAATCGGAAGCA_012,175
TGAAGGCTGAATCGGAAGCA_013,106
TGAAGGCTGAATCGGAAGCA_014,32
TGAAGGCTGAATCGGAAGCA_015,73
ACCCATCATTACTCCCACTC_001,105
CGCTCAGTGGCAGATGCCAT_001,185
CGCTCAGTGGCAGATGCCAT_002,192
CGCTCAGTGGCAGATGCCAT_003,179
CGCTCAGTGGCAGATGCCAT_004,150
CGCTCAGTGGCAGATGCCAT_005,149
CGCTCAGTGGCAGATGCCAT_006,182
CGCTCAGTGGCAGATGCCAT_007,56
CGCTCAGTGGCAGATGCCAT_008,169
CGCTCAGTGGCAGATGCCAT_009,126
CGCTCAGTGGCAGATGCCAT_010,31
CCTTACGGGTGTAGTAACTG_001,61
CCTTACGGGTGTAGTAACTG_002,110
CCTTACGGGTGTAGTAACTG_003,191
CCTTACGGGTGTAGTAACTG_004,35
CCTTACGGGTGTAGTAACTG_005,112
CCTTACGGGTGTAGTAACTG_006,145
CCTTACGGGTGTAGTAACTG_007,65
CCTTACGGGTGTAGTAACTG_008,82
AAGGCTTCTCTGATATAACT_001,29
AAGGCTTCTCTGATATAACT_002,190
AAGGCTTCTCTGATATAACT_003,120
GCCATGGGGTAGGTAGCTCG_001,66
GCCATGGGGTAGGTAGCTCG_002,15
GCCATGGGGTAGGTAGCTCG_003,85
GCCATGGGGTAGGTAGCTCG_004,192
GCCATGGGGTAGGTAGCTCG_005,10
GCCATGGGGTAGGTAGCTCG_006,150
GCCATGGGGTAGGTAGCTCG_007,172
GCCATGGGGTAGGTAGCTCG_008,104
GGAGTTTGCTCGATACCTTG_001,54
GGAGTTTGCTCGATACCTTG_002,195
GGAGTTTGCTCGATACCTTG_003,197
GGAGTTTGCTCGATACCTTG_004,1
GGAGTTTGCTCGATACCTTG_005,163
GGAGTTTGCTCGATACCTTG_006,181
GGAGTTTGCTCGATACCTTG_007,96
GGAGTTTGCTCGATACCTTG_008,90
GGAGTTTGCTCGATACCTTG_009,56
GGAGTTTGCTCGATACCTTG_010,137
GGAGTTTGCTCGATACCTTG_011,110
GGAGTTTGCTCGATACCTTG_012,190
TTACACTGTAAAGTTCTCGG_001,88
TTACACTGTAAAGTTCTCGG_002,12
TTACACTGTAAAGTTCTCGG_003,177
TTACACTGTAAAGTTCTCGG_004,58
TTACACTGTAAAGTTCTCGG_005,122
TTACACTGTAAAGTTCTCGG_006,11
GGATTCATATGTGCCCACAG_001,48
GGATTCATATGTGCCCACAG_002,194
GGATTCATATGTGCCCACAG_003,127
ACTGTGTCTTGTGGTCCATC_001,11
ACTGTGTCTTGTGGTCCATC_002,61
ACTGTGTCTTGTGGTCCATC_003,142
ACTGTGTCTTGTGGTCCATC_004,175
ACTGTGTCTTGTGGTCCATC_005,146
ACTGTGTCTTGTGGTCCATC_006,149
ACTGTGTCTTGTGGTCCATC_007,199
ACTGTGTCTTGTGGTCCATC_008,60
ACTGTGTCTTGTGGTCCATC_009,41
ACTGTGTCTTGTGGTCCATC_010,167
ACTGTGTCTTGTGGTCCATC_011,76
ACTGTGTCTTGTGGTCCATC_012,177
ACTGTGTCTTGTGGTCCATC_013,120
ACTGTGTCTTGTGGTCCATC_014,81
ACTGTGTCTTGTGGTCCATC_015,170
ACTGTGTCTTGTGGTCCATC_016,104
ACTGTGTCTTGTGGTCCATC_017,142
GGTTCACCAGGCATCCCTGG_001,170
GGTTCACCAGGCATCCCTGG_002,28
GGTTCACCAGGCATCCCTGG_003,126
GGTTCACCAGGCATCCCTGG_004,62
CCGGACCGTGGAGATCCTAC_001,40
CCGGACCGTGGAGATCCTAC_002,150
CCGGACCGTGGAGATCCTAC_003,41
CCGGACCGTGGAGATCCTAC_004,134
CCGGACCGTGGAGATCCTAC_005,75
CCGGACCGTGGAGATCCTAC_006,31
CCGGACCGTGGAGATCCTAC_007,105
TCAAACACAATAAGCCAATG_001,10
TCAAACACAATAAGCCAATG_002,162
TCAAACACAATAAGCCAATG_003,50
TCAAACACAATAAGCCAATG_004,75
TCAAACACAATAAGCCAATG_005,19
TCAAACACAATAAGCCAATG_006,111
TCAAACACAATAAGCCAATG_007,115
TGCAACCTGCTACTGGACGC_001,15
TGCAACCTGCTACTGGACGC_002,70
TGCAACCTGCTACTGGACGC_003,10
TGCAACCTGCTACTGGACGC_004,32
TGCAACCTGCTACTGGACGC_005,146
CATGGCCTACGGTGTCTTTG_001,0
CATGGCCTACGGTGTCTTTG_002,183
CATGGCCTACGGTGTCTTTG_003,183
CATGGCCTACGGTGTCTTTG_004,60
CATGGCCTACGGTGTCTTTG_005,192
CATGGCCTACGGTGTCTTTG_006,116
CATGGCCTACGGTGTCTTTG_007,120
CATGGCCTACGGTGTCTTTG_008,94
CATGGCCTACGGTGTCTTTG_009,19
CATGGCCTACGGTGTCTTTG_010,35
CATGGCCTACGGTGTCTTTG_011,77
AGGCGGCTTCGAAGATGACC_001,16
AGGCGGCTTCGAAGATGACC_002,4
AGGCGGCTTCGAAGATGACC_003,69
AGGCGGCTTCGAAGATGACC_004,145
AGGCGGCTTCGAAGATGACC_005,130
AGGCGGCTTCGAAGATGACC_006,142
AGGCGGCTTCGAAGATGACC_007,39
AAATACCATACCTTGCAAGG_001,181
AAATACCATACCTTGCAAGG_002,17
AAATACCATACCTTGCAAGG_003,62
AGTCTAAGCAAATCACGTGG_001,87
AGTCTAAGCAAATCACGTGG_002,71
AGTCTAAGCAAATCACGTGG_003,116
AGTCTAAGCAAATCACGTGG_004,17
AGTCTAAGCAAATCACGTGG_005,138
AGTCTAAGCAAATCACGTGG_006,48
AGTCTAAGCAAATCACGTGG_007,39
AGCCCTATCAAGACCAACAA_001,76
AGCCCTATCAAGACCAACAA_002,25
AGCCCTATCAAGACCAACAA_003,171
AGCCCTATCAAGACCAACAA_004,108
AGCCCTATCAAGACCAACAA_005,158
AGCCCTATCAAGACCAACAA_006,50
AGCCCTATCAAGACCAACAA_007,113
AGCCCTATCAAGACCAACAA_008,50
AGCCCTATCAAGACCAACAA_009,100
AGCCCTATCAAGACCAACAA_010,158
AGCCCTATCAAGACCAACAA_011,141
AGCCCTATCAAGACCAACAA_012,142
AGCCCTATCAAGACCAACAA_013,172
AGCCCTATCAAGACCAACAA_014,176
AGCCCTATCAAGACCAACAA_015,28
AGCCCTATCAAGACCAACAA_016,49
AGCCCTATCAAGACCAACAA_017,81
AGCCCTATCAAGACCAACAA_018,159
AGCCCTATCAAGACCAACAA_019,116
AGCCCTATCAAGACCAACAA_020,111
AGCCCTATCAAGACCAACAA_021,115
AGCCCTATCAAGACCAACAA_022,99
AGCCCTATCAAGACCAACAA_023,147
AGCCCTATCAAGACCAACAA_024,40
TACCGGATCTACGGAGTCTG_001,78
TACCGGATCTACGGAGTCTG_002,77
TACCGGATCTACGGAGTCTG_003,1
TACCGGATCTACGGAGTCTG_004,175
TACCGGATCTACGGAGTCTG_005,189
TACCGGATCTACGGAGTCTG_006,178
TACCGGATCTACGGAGTCTG_007,152
TACCGGATCTACGGAGTCTG_008,58
TACCGGATCTACGGAGTCTG_009,60
TACCGGATCTACGGAGTCTG_010,81
TACCGGATCTACGGAGTCTG_011,5
TACCGGATCTACGGAGTCTG_012,36
TACCGGATCTACGGAGTCTG_013,76
TACCGGATCTACGGAGTCTG_014,138
TACCGGATCTACGGAGTCTG_015,199
TACCGGATCTACGGAGTCTG_016,180
TACCGGATCTACGGAGTCTG_017,136
TACCGGATCTACGGAGTCTG_018,106
TGCTCCAGAGCTCGTACCAT_001,137
TGCTCCAGAGCTCGTACCAT_002,53
TGCTCCAGAGCTCGTACCAT_003,151
TGCTCCAGAGCTCGTACCAT_004,113
TGCTCCAGAGCTCGTACCAT_005,77
TGCTCCAGAGCTCGTACCAT_006,69
TGCTCCAGAGCTCGTACCAT_007,122
TGCTCCAGAGCTCGTACCAT_008,169
TGCTCCAGAGCTCGTACCAT_009,148
TGCTCCAGAGCTCGTACCAT_010,78
TGCTCCAGAGCTCGTACCAT_011,85
TGCTCCAGAGCTCGTACCAT_012,76
TGCTCCAGAGCTCGTACCAT_013,99
TGCTCCAGAGCTCGTACCAT_014,34
TGCTCCAGAGCTCGTACCAT_015,61
TGCTCCAGAGCTCGTACCAT_016,91
CACCGATATCGGTGTCAAAG_001,1
CACCGATATCGGTGTCAAAG_002,63
GGGATGCGTCTTGCTAAACC_001,17
GGGATGCGTCTTGCTAAACC_002,144
CAGCGCTTGAGGATAAGGAT_001,41
CAGCGCTTGAGGATAAGGAT_002,8
CAGCGCTTGAGGATAAGGAT_003,74
CAGCGCTTGAGGATAAGGAT_004,158
CAGCGCTTGAGGATAAGGAT_005,77
CAGCGCTTGAGGATAAGGAT_006,142
CAGCGCTTGAGGATAAGGAT_007,68
CAGCGCTTGAGGATAAGGAT_008,7
CAGCGCTTGAGGATAAGGAT_009,174
CAGCGCTTGAGGATAAGGAT_010,175
CAGCGCTTGAGGATAAGGAT_011,36
CAGCGCTTGAGGATAAGGAT_012,80
CTCTTGCCAAGGCAACCCCA_001,150
CTCTTGCCAAGGCAACCCCA_002,81
CTCTTGCCAAGGCAACCCCA_003,4
CTCTTGCCAAGGCAACCCCA_004,53
CTCTTGCCAAGGCAACCCCA_005,41
CTCTTGCCAAGGCAACCCCA_006,8
CTCTTGCCAAGGCAACCCCA_007,118
CTCTTGCCAAGGCAACCCCA_008,73
CTCTTGCCAAGGCAACCCCA_009,73
CTCTTGCCAAGGCAACCCCA_010,41
CTCTTGCCAAGGCAACCCCA_011,129
CTCTTGCCAAGGCAACCCCA_012,81
CTCTTGCCAAGGCAACCCCA_013,126
CTCTTGCCAAGGCAACCCCA_014,196
CTCTTGCCAAGGCAACCCCA_015,168
CTCTTGCCAAGGCAACCCCA_016,81
AAGACTAAGGTGGTTATGAA_001,113
AAGACTAAGGTGGTTATGAA_002,94
AAGACTAAGGTGGTTATGAA_003,127
AAGACTAAGGTGGTTATGAA_004,127
AAGACTAAGGTGGTTATGAA_005,119
AAGACTAAGGTGGTTATGAA_006,170
AAGACTAAGGTGGTTATGAA_007,119
AAGACTAAGGTGGTTATGAA_008,71
AAGACTAAGGTGGTTATGAA_009,9
AAGACTAAGGTGGTTATGAA_010,105
AAGACTAAGGTGGTTATGAA_011,183
AAGACTAAGGTGGTTATGAA_012,121
AAGACTAAGGTGGTTATGAA_013,129
AAGACTAAGGTGGTTATGAA_014,88
AAGACTAAGGTGGTTATGAA_015,30
AAGACTAAGGTGGTTATGAA_016,59
AAGACTAAGGTGGTTATGAA_017,90
CAGCAAGTCCCAGACCGTGT_001,138
CAGCAAGTCCCAGACCGTGT_002,186
CAGCAAGTCCCAGACCGTGT_003,86
CAGCAAGTCCCAGACCGTGT_004,35
GGGTAGGCGCTGATCCACCG_001,75
GGGTAGGCGCTGATCCACCG_002,193
GGGTAGGCGCTGATCCACCG_003,104
GGGTAGGCGCTGATCCACCG_004,13
GGGTAGGCGCTGATCCACCG_005,199
GGGTAGGCGCTGATCCACCG_006,146
GGGTAGGCGCTGATCCACCG_007,115
GGGTAGGCGCTGATCCACCG_008,55
GGGTAGGCGCTGATCCACCG_009,76
GGGTAGGCGCTGATCCACCG_010,121
GGGTAGGCGCTGATCCACCG_011,43
GGGTAGGCGCTGATCCACCG_012,184
GGGTAGGCGCTGATCCACCG_013,197
GGGTAGGCGCTGATCCACCG_014,169
GGGTAGGCGCTGATCCACCG_015,49
GGGTAGGCGCTGATCCACCG_016,36
GGGTAGGCGCTGATCCACCG_017,105
GGGTAGGCGCTGATCCACCG_018,168
GGGTAGGCGCTGATCCACCG_019,3
GGGTAGGCGCTGATCCACCG_020,137
GGGTAGGCGCTGATCCACCG_021,151
CAAACTGCCTGAATTGCTGG_001,42
CAAACTGCCTGAATTGCTGG_002,24
CAAACTGCCTGAATTGCTGG_003,27
CAAACTGCCTGAATTGCTGG_004,190
TAAAATCATCTCGCATTTCG_001,88
TAAAATCATCTCGCATTTCG_002,19
TAAAATCATCTCGCATTTCG_003,10
TAAAATCATCTCGCATTTCG_004,10
TAAAATCATCTCGCATTTCG_005,1
CTAGCTCTTACCATCTGTGG_001,63
GAGAGCGCACGTGTGTGCGT_001,82
GAGAGCGCACGTGTGTGCGT_002,194
GAGAGCGCACGTGTGTGCGT_003,50
GAGAGCGCACGTGTGTGCGT_004,192
GAGAGCGCACGTGTGTGCGT_005,83
GAGAGCGCACGTGTGTGCGT_006,16
GAGAGCGCACGTGTGTGCGT_007,61
GAGAGCGCACGTGTGTGCGT_008,56
GAGAGCGCACGTGTGTGCGT_009,84
GAGAGCGCACGTGTGTGCGT_010,30
GAGAGCGCACGTGTGTGCGT_011,148
TCTAGTCCGTGAGATCGCGC_001,194
TCTAGTCCGTGAGATCGCGC_002,21
TCTAGTCCGTGAGATCGCGC_003,3
TCTAGTCCGTGAGATCGCGC_004,98
AAGATGCTCAGAGACTACAC_001,191
AAGATGCTCAGAGACTACAC_002,15
AAGATGCTCAGAGACTACAC_003,32
AAGATGCTCAGAGACTACAC_004,91
AAGATGCTCAGAGACTACAC_005,178
ACAGAGCTGGAGTATCCAAA_001,2
ACAGAGCTGGAGTATCCAAA_002,19
ACAGAGCTGGAGTATCCAAA_003,185
ACAGAGCTGGAGTATCCAAA_004,152
ACAGAGCTGGAGTATCCAAA_005,77
ACAGAGCTGGAGTATCCAAA_006,45
ACAGAGCTGGAGTATCCAAA_007,15
ACAGAGCTGGAGTATCCAAA_008,61
ACAGAGCTGGAGTATCCAAA_009,83
ACAGAGCTGGAGTATCCAAA_010,9
ACAGAGCTGGAGTATCCAAA_011,5
ACAGAGCTGGAGTATCCAAA_012,188
AAGAGGAGTACAGTGCAATG_001,182
AAGAGGAGTACAGTGCAATG_002,48
AAGAGGAGTACAGTGCAATG_003,41
AAGAGGAGTACAGTGCAATG_004,26
AAGAGGAGTACAGTGCAATG_005,169
AAGAGGAGTACAGTGCAATG_006,81
AAGAGGAGTACAGTGCAATG_007,105
AAGAGGAGTACAGTGCAATG_008,28
AAGAGGAGTACAGTGCAATG_009,42
AAGAGGAGTACAGTGCAATG_010,168
AAGAGGAGTACAGTGCAATG_011,80
AAGAGGAGTACAGTGCAATG_012,188
AAGAGGAGTACAGTGCAATG_013,188
GTAGTATTCGTTGACCACAC_001,35
GTAGTATTCGTTGACCACAC_002,48
GTAGTATTCGTTGACCACAC_003,54
GTAGTATTCGTTGACCACAC_004,51
GTAGTATTCGTTGACCACAC_005,27
GTAGTATTCGTTGACCACAC_006,175
TCTGGCTCCCATGCAAGGCG_001,17
TCTGGCTCCCATGCAAGGCG_002,127
TCTGGCTCCCATGCAAGGCG_003,97
TCTGGCTCCCATGCAAGGCG_004,6
TCTGGCTCCCATGCAAGGCG_005,119
TCTGGCTCCCATGCAAGGCG_006,16
TCTGGCTCCCATGCAAGGCG_007,37
TCTGGCTCCCATGCAAGGCG_008,8
TCTGGCTCCCATGCAAGGCG_009,105
TCTGGCTCCCATGCAAGGCG_010,176
TCTGGCTCCCATGCAAGGCG_011,29
TCTGGCTCCCATGCAAGGCG_012,103
AAGGCAGACCATCATGACTA_001,150
AAGGCAGACCATCATGACTA_002,166
AAGGCAGACCATCATGACTA_003,191
AAGGCAGACCATCATGACTA_004,26
AAGGCAGACCATCATGACTA_005,133
AAGGCAGACCATCATGACTA_006,197
AAGGCAGACCATCATGACTA_007,138
AAGGCAGACCATCATGACTA_008,164
AAGGCAGACCATCATGACTA_009,145
TAATACCTTTGACACGAACA_001,167
AGTTCTTGGCTACAGCCGGG_001,40
AGTTCTTGGCTACAGCCGGG_002,121
AGTTCTTGGCTACAGCCGGG_003,28
TAGGCGCAGAGTCTTGATCT_001,172
TAGGCGCAGAGTCTTGATCT_002,43
TAGGCGCAGAGTCTTGATCT_003,30
TAGGCGCAGAGTCTTGATCT_004,127
TAGGCGCAGAGTCTTGATCT_005,49
TAGGCGCAGAGTCTTGATCT_006,74
TAGGCGCAGAGTCTTGATCT_007,91
GGAAACTGACGGCGTGTGGG_001,8
GGAAACTGACGGCGTGTGGG_002,118
GGAAACTGACGGCGTGTGGG_003,78
GGAAACTGACGGCGTGTGGG_004,43
GGAAACTGACGGCGTGTGGG_005,49
GGAAACTGACGGCGTGTGGG_006,174
GGAAACTGACGGCGTGTGGG_007,141
GGAAACTGACGGCGTGTGGG_008,2
GGAAACTGACGGCGTGTGGG_009,149
GGAAACTGACGGCGTGTGGG_010,6
GGAAACTGACGGCGTGTGGG_011,80
GGAAACTGACGGCGTGTGGG_012,88
GGAAACTGACGGCGTGTGGG_013,98
GGAAACTGACGGCGTGTGGG_014,122
GGAAACTGACGGCGTGTGGG_015,51
GGAAACTGACGGCGTGTGGG_016,54
GGAAACTGACGGCGTGTGGG_017,60
TGAAGAACCACATAATTACG_001,15
TGAAGAACCACATAATTACG_002,169
TGAAGAACCACATAATTACG_003,20
TGAAGAACCACATAATTACG_004,142
TGAAGAACCACATAATTACG_005,25
GGAAATACTACAGTAATCTG_001,66
GGAAATACTACAGTAATCTG_002,52
CCACCCTCTGGCTGGCATCG_001,88
CGCGCGCCCAGACGTCGCTG_001,145
CGCGCGCCCAGACGTCGCTG_002,2
CGCGCGCCCAGACGTCGCTG_003,56
CGCGCGCCCAGACGTCGCTG_004,44
CGCGCGCCCAGACGTCGCTG_005,1
CGCGCGCCCAGACGTCGCTG_006,129
TTATAGGCCATTGGGTACGA_001,22
TTATAGGCCATTGGGTACGA_002,8
TTGTGAGCTGATAACATGAG_001,181
TTGTGAGCTGATAACATGAG_002,130
TTGTGAGCTGATAACATGAG_003,22
TTGTGAGCTGATAACATGAG_004,68
TTGTGAGCTGATAACATGAG_005,165
TGTGGCCGCGAGAGTCCCCG_001,43
TGTGGCCGCGAGAGTCCCCG_002,152
TGTGGCCGCGAGAGTCCCCG_003,171
TGTGGCCGCGAGAGTCCCCG_004,134
TGTGGCCGCGAGAGTCCCCG_005,84
TGTGGCCGCGAGAGTCCCCG_006,62
TGTGGCCGCGAGAGTCCCCG_007,158
TGTGGCCGCGAGAGTCCCCG_008,105
TGTGGCCGCGAGAGTCCCCG_009,12
TGTGGCCGCGAGAGTCCCCG_010,9
TGTGGCCGCGAGAGTCCCCG_011,183
TGTGGCCGCGAGAGTCCCCG_012,94
TGTGGCCGCGAGAGTCCCCG_013,185
TGTGGCCGCGAGAGTCCCCG_014,36
TGTGGCCGCGAGAGTCCCCG_015,11
TGTGGCCGCGAGAGTCCCCG_016,82
TGTGGCCGCGAGAGTCCCCG_017,10
GGTACTTCACGAGGATACCG_001,54
GGTACTTCACGAGGATACCG_002,195
GGTACTTCACGAGGATACCG_003,67
GGTACTTCACGAGGATACCG_004,84
GGTACTTCACGAGGATACCG_005,92
GGTACTTCACGAGGATACCG_006,187
GGTACTTCACGAGGATACCG_007,141
GGTACTTCACGAGGATACCG_008,84
GGTACTTCACGAGGATACCG_009,119
GGTACTTCACGAGGATACCG_010,179
GGTACTTCACGAGGATACCG_011,161
GGTACTTCACGAGGATACCG_012,120
GACTGTATACTCATACTGGG_001,176
GGGGACGATCAGCATGACGA_001,54
GGGGACGATCAGCATGACGA_002,122
GGGGACGATCAGCATGACGA_003,50
GGGGACGATCAGCATGACGA_004,103
GGGGACGATCAGCATGACGA_005,105
GGGGACGATCAGCATGACGA_006,188
GGGGACGATCAGCATGACGA_007,155
TGGAAGGTTTGATGTCACGG_001,77
TGGAAGGTTTGATGTCACGG_002,57
TGGAAGGTTTGATGTCACGG_003,169
TGGAAGGTTTGATGTCACGG_004,103
TGGAAGGTTTGATGTCACGG_005,18
TGGAAGGTTTGATGTCACGG_006,98
TGGAAGGTTTGATGTCACGG_007,142
TGGAAGGTTTGATGTCACGG_008,2
TGGAAGGTTTGATGTCACGG_009,127
TGGAAGGTTTGATGTCACGG_010,106
TGGAAGGTTTGATGTCACGG_011,23
TGAGCTGTACCGCGCCACCA_001,80
TGAGCTGTACCGCGCCACCA_002,114
TGAGCTGTACCGCGCCACCA_003,148
TGAGCTGTACCGCGCCACCA_004,160
TGAGCTGTACCGCGCCACCA_005,179
TGAGCTGTACCGCGCCACCA_006,141
TGAGCTGTACCGCGCCACCA_007,169
TGAGCTGTACCGCGCCACCA_008,12
TGAGCTGTACCGCGCCACCA_009,166
CAGAAGGGGAAGGATATCAA_001,198
CAGAAGGGGAAGGATATCAA_002,93
CAGAAGGGGAAGGATATCAA_003,62
CAGAAGGGGAAGGATATCAA_004,173
CAGAAGGGGAAGGATATCAA_005,76
CAGAAGGGGAAGGATATCAA_006,183
CAGAAGGGGAAGGATATCAA_007,152
CAGAAGGGGAAGGATATCAA_008,82
CAGAAGGGGAAGGATATCAA_009,126
CAGAAGGGGAAGGATATCAA_010,80
CAGAAGGGGAAGGATATCAA_011,192
CAGAAGGGGAAGGATATCAA_012,8
CAGAAGGGGAAGGATATCAA_013,162
CAGAAGGGGAAGGATATCAA_014,10
TGAGCACCGTCACAGAGCAA_001,150
TGAGCACCGTCACAGAGCAA_002,169
TGAGCACCGTCACAGAGCAA_003,46
TGAGCACCGTCACAGAGCAA_004,58
TGAGCACCGTCACAGAGCAA_005,190
TGAGCACCGTCACAGAGCAA_006,162
TGAGCACCGTCACAGAGCAA_007,158
CAGCGATCATCTCTTCGCTG_001,19
CAGGTGAGCCTGAGAGTCCG_001,122
CAGGTGAGCCTGAGAGTCCG_002,94
CAGGTGAGCCTGAGAGTCCG_003,175
CAGGTGAGCCTGAGAGTCCG_004,32
CAGGTGAGCCTGAGAGTCCG_005,73
CAGGTGAGCCTGAGAGTCCG_006,151
CAGGTGAGCCTGAGAGTCCG_007,101
CAGGTGAGCCTGAGAGTCCG_008,48
CAGGTGAGCCTGAGAGTCCG_009,145
CAGGTGAGCCTGAGAGTCCG_010,61
AGATGTTCCGGAAAACTGGG_001,20
AGATGTTCCGGAAAACTGGG_002,199
AGATGTTCCGGAAAACTGGG_003,46
AGATGTTCCGGAAAACTGGG_004,168
AGATGTTCCGGAAAACTGGG_005,115
AGATGTTCCGGAAAACTGGG_006,24
AGATGTTCCGGAAAACTGGG_007,171
AGATGTTCCGGAAAACTGGG_008,169
AGATGTTCCGGAAAACTGGG_009,128
AGATGTTCCGGAAAACTGGG_010,41
AGATGTTCCGGAAAACTGGG_011,184
AGATGTTCCGGAAAACTGGG_012,40
AGATGTTCCGGAAAACTGGG_013,48
AGATGTTCCGGAAAACTGGG_014,45
CCTATTGTGAACGACAGGTG_001,199
CCTATTGTGAACGACAGGTG_002,111
CCTATTGTGAACGACAGGTG_003,170
CCTATTGTGAACGACAGGTG_004,70
AAGCAGAACGTCTGCACAAG_001,144
AAGCAGAACGTCTGCACAAG_002,158
AAGCAGAACGTCTGCACAAG_003,177
AAGCAGAACGTCTGCACAAG_004,102
AAGCAGAACGTCTGCACAAG_005,140
AAGCAGAACGTCTGCACAAG_006,80
AAGCAGAACGTCTGCACAAG_007,43
AAGCAGAACGTCTGCACAAG_008,192
AAGCAGAACGTCTGCACAAG_009,40
AAGCAGAACGTCTGCACAAG_010,58
AAGCAGAACGTCTGCACAAG_011,65
AAGCAGAACGTCTGCACAAG_012,159
AAGCAGAACGTCTGCACAAG_013,69
AAGCAGAACGTCTGCACAAG_014,124
AAGCAGAACGTCTGCACAAG_015,98
AAGCAGAACGTCTGCACAAG_016,123
CAGGTAAGGTGTGAACTCTG_001,63
CAGGTAAGGTGTGAACTCTG_002,199
CAGGTAAGGTGTGAACTCTG_003,119
CAGGTAAGGTGTGAACTCTG_004,23
CAGGTAAGGTGTGAACTCTG_005,102
CAGGTAAGGTGTGAACTCTG_006,37
CAGGTAAGGTGTGAACTCTG_007,50
CAGGTAAGGTGTGAACTCTG_008,188
CAGGTAAGGTGTGAACTCTG_009,171
CAGGTAAGGTGTGAACTCTG_010,132
CAGGTAAGGTGTGAACTCTG_011,160
GGAGGCGCAAAACAGACACA_001,132
GGAGGCGCAAAACAGACACA_002,36
GGAGGCGCAAAACAGACACA_003,36
GGAGGCGCAAAACAGACACA_004,12
GGAGGCGCAAAACAGACACA_005,93
GGAGGCGCAAAACAGACACA_006,140
GGAGGCGCAAAACAGACACA_007,25
GGAGGCGCAAAACAGACACA_008,9
GGAGGCGCAAAACAGACACA_009,140
GGAGGCGCAAAACAGACACA_010,76
GGAGGCGCAAAACAGACACA_011,188
GGAGGCGCAAAACAGACACA_012,188
GGAGGCGCAAAACAGACACA_013,0
GAGTGAGAGAAGAAATGCTG_001,1
GAGTGAGAGAAGAAATGCTG_002,185
GAGTGAGAGAAGAAATGCTG_003,182
GAGTGAGAGAAGAAATGCTG_004,6
GAGTGAGAGAAGAAATGCTG_005,103
GAGTGAGAGAAGAAATGCTG_006,54
GAGTGAGAGAAGAAATGCTG_007,177
GAGTGAGAGAAGAAATGCTG_008,162
GGTGCGGACATTCGCGACAG_001,116
GGTGCGGACATTCGCGACAG_002,118
GGTGCGGACATTCGCGACAG_003,140
GGTGCGGACATTCGCGACAG_004,51
GGTGCGGACATTCGCGACAG_005,8
GGTGCGGACATTCGCGACAG_006,15
GGTGCGGACATTCGCGACAG_007,62
GGTGCGGACATTCGCGACAG_008,125
GGTGCGGACATTCGCGACAG_009,182
GGTGCGGACATTCGCGACAG_010,81
GGTGCGGACATTCGCGACAG_011,107
GGTGCGGACATTCGCGACAG_012,106
GGTGCGGACATTCGCGACAG_013,106
GCATCGCTTGCAAACAGAGT_001,15
GCATCGCTTGCAAACAGAGT_002,110
GCATCGCTTGCAAACAGAGT_003,197
GCATCGCTTGCAAACAGAGT_004,73
TTCCTTAAAGATCACTCTCA_001,84
TTCCTTAAAGATCACTCTCA_002,147
TTCCTTAAAGATCACTCTCA_003,48
TTCCTTAAAGATCACTCTCA_004,177
TTCCTTAAAGATCACTCTCA_005,50
TTCCTTAAAGATCACTCTCA_006,147
TTCCTTAAAGATCACTCTCA_007,129
TTCCTTAAAGATCACTCTCA_008,43
TCTTCACCCACCAATCCTGG_001,33
TCTTCACCCACCAATCCTGG_002,21
TCTTCACCCACCAATCCTGG_003,106
TCTTCACCCACCAATCCTGG_004,48
TCTTCACCCACCAATCCTGG_005,33
TCTTCACCCACCAATCCTGG_006,56
GGAGGCTACAGATATGGCTC_001,63
GGAGGCTACAGATATGGCTC_002,94
GGAGGCTACAGATATGGCTC_003,113
GTACGGCATCAAGAAGAAGG_001,95
GTACGGCATCAAGAAGAAGG_002,30
GTACGGCATCAAGAAGAAGG_003,184
GTACGGCATCAAGAAGAAGG_004,190
GTACGGCATCAAGAAGAAGG_005,114
TGTTGCAGTAAAGATCCTAA_001,105
TGTTGCAGTAAAGATCCTAA_002,142
TGTTGCAGTAAAGATCCTAA_003,70
TGTTGCAGTAAAGATCCTAA_004,60
TGTTGCAGTAAAGATCCTAA_005,146
TGTTGCAGTAAAGATCCTAA_006,68
TGTTGCAGTAAAGATCCTAA_007,19
TGTTGCAGTAAAGATCCTAA_008,35
TGTTGCAGTAAAGATCCTAA_009,106
TGTTGCAGTAAAGATCCTAA_010,63
GCAGATGTCAGCCTGAACCC_001,178
GCAGATGTCAGCCTGAACCC_002,3
GCAGATGTCAGCCTGAACCC_003,50
GCAGATGTCAGCCTGAACCC_004,139
GCAGATGTCAGCCTGAACCC_005,79
GCAGATGTCAGCCTGAACCC_006,94
CCTATGCGTGTCGAGAGTGT_001,169
CCTATGCGTGTCGAGAGTGT_002,154
CCTATGCGTGTCGAGAGTGT_003,148
ATCCCTGGCAACATCCTGAG_001,37
ATCCCTGGCAACATCCTGAG_002,17
ATCCCTGGCAACATCCTGAG_003,78
ATCCCTGGCAACATCCTGAG_004,29
ATCCCTGGCAACATCCTGAG_005,14
ATCCCTGGCAACATCCTGAG_006,28
ATCCCTGGCAACATCCTGAG_007,106
ATCCCTGGCAACATCCTGAG_008,104
GGGACAGCCTCATCTAGACA_001,160
GGGACAGCCTCATCTAGACA_002,184
GGGACAGCCTCATCTAGACA_003,17
GGGACAGCCTCATCTAGACA_004,174
GGGACAGCCTCATCTAGACA_005,20
AGTCCTACCGCTCACGCTCG_001,185
AGTCCTACCGCTCACGCTCG_002,11
AGTCCTACCGCTCACGCTCG_003,106
AGTCCTACCGCTCACGCTCG_004,134
AGTCCTACCGCTCACGCTCG_005,47
AGTCCTACCGCTCACGCTCG_006,172
AGTCCTACCGCTCACGCTCG_007,197
AGTCCTACCGCTCACGCTCG_008,115
TCATGGTAGTGGTGTTGTCA_001,87
TCATGGTAGTGGTGTTGTCA_002,149
CACGGCTAATGATCTAGCCA_001,121
CACGGCTAATGATCTAGCCA_002,85
CACGGCTAATGATCTAGCCA_003,15
CACGGCTAATGATCTAGCCA_004,50
CACGGCTAATGATCTAGCCA_005,71
CACGGCTAATGATCTAGCCA_006,151
GACAGCCAGTCACAACCCAG_001,118
GACAGCCAGTCACAACCCAG_002,160
GACAGCCAGTCACAACCCAG_003,61
GACAGCCAGTCACAACCCAG_004,43
GACAGCCAGTCACAACCCAG_005,37
GACAGCCAGTCACAACCCAG_006,190
GACAGCCAGTCACAACCCAG_007,45
GACAGCCAGTCACAACCCAG_008,78
GACAGCCAGTCACAACCCAG_009,6
GACAGCCAGTCACAACCCAG_010,37
GACAGCCAGTCACAACCCAG_011,84
GACAGCCAGTCACAACCCAG_012,53
GACAGCCAGTCACAACCCAG_013,65
GACAGCCAGTCACAACCCAG_014,17
GACAGCCAGTCACAACCCAG_015,19
GACAGCCAGTCACAACCCAG_016,192
GACAGCCAGTCACAACCCAG_017,29
CAGAGCCTCATAGATACCCG_001,141
CAGAGCCTCATAGATACCCG_002,152
CAGAGCCTCATAGATACCCG_003,68
CAGAGCCTCATAGATACCCG_004,78
CAGAGCCTCATAGATACCCG_005,84
CAGAGCCTCATAGATACCCG_006,33
TCAATCGGCTCACCTCAAAT_001,78
TCAATCGGCTCACCTCAAAT_002,173
TCAATCGGCTCACCTCAAAT_003,62
TCAATCGGCTCACCTCAAAT_004,95
TCAATCGGCTCACCTCAAAT_005,12
TCAATCGGCTCACCTCAAAT_006,2
TCAATCGGCTCACCTCAAAT_007,177
TCAATCGGCTCACCTCAAAT_008,98
TCAATCGGCTCACCTCAAAT_009,33
TCAATCGGCTCACCTCAAAT_010,163
TCAATCGGCTCACCTCAAAT_011,47
TCAATCGGCTCACCTCAAAT_012,81
GAGCGGCTGCAAAACACCTC_001,43
GAGCGGCTGCAAAACACCTC_002,96
GAGCGGCTGCAAAACACCTC_003,109
GAGCGGCTGCAAAACACCTC_004,109
GAGCGGCTGCAAAACACCTC_005,186
GAGCGGCTGCAAAACACCTC_006,110
GAGCGGCTGCAAAACACCTC_007,114
GAGCGGCTGCAAAACACCTC_008,128
GAGCGGCTGCAAAACACCTC_009,36
GAGCGGCTGCAAAACACCTC_010,53
GAGCGGCTGCAAAACACCTC_011,151
GAGCGGCTGCAAAACACCTC_012,19
CAGGTGCGACTTTAGGTGCG_001,115
CAGGTGCGACTTTAGGTGCG_002,169
CAGGTGCGACTTTAGGTGCG_003,162
CAGGTGCGACTTTAGGTGCG_004,160
CAGGTGCGACTTTAGGTGCG_005,196
CAGGTGCGACTTTAGGTGCG_006,102
TCCCTCGGAAATCATCCGAG_001,65
TCCCTCGGAAATCATCCGAG_002,116
TCCCTCGGAAATCATCCGAG_003,36
ATCGATATACCGCCATAAAA_001,155
ATCGATATACCGCCATAAAA_002,94
ATCGATATACCGCCATAAAA_003,104
CAAGTCTTGGATAATCGGTA_001,27
CAAGTCTTGGATAATCGGTA_002,15
CAAAAACAGGAGGGTCCCAA_001,158
CAAAAACAGGAGGGTCCCAA_002,177
CAAAAACAGGAGGGTCCCAA_003,16
CAAAAACAGGAGGGTCCCAA_004,17
CAAAAACAGGAGGGTCCCAA_005,146
CAAAAACAGGAGGGTCCCAA_006,162
CAAAAACAGGAGGGTCCCAA_007,15
CAAAAACAGGAGGGTCCCAA_008,9
CAAAAACAGGAGGGTCCCAA_009,103
CAAAAACAGGAGGGTCCCAA_010,96
CAAAAACAGGAGGGTCCCAA_011,121
CAAAAACAGGAGGGTCCCAA_012,2
CAAAAACAGGAGGGTCCCAA_013,190
CAAAAACAGGAGGGTCCCAA_014,152
CAGGAGCGTCCGAGCGACGG_001,188
CAGGAGCGTCCGAGCGACGG_002,130
CAGGAGCGTCCGAGCGACGG_003,105
CAGGAGCGTCCGAGCGACGG_004,43
CAGGAGCGTCCGAGCGACGG_005,64
CAGGAGCGTCCGAGCGACGG_006,173
CAGGAGCGTCCGAGCGACGG_007,62
CAGGAGCGTCCGAGCGACGG_008,178
CAGGAGCGTCCGAGCGACGG_009,75
CAGGAGCGTCCGAGCGACGG_010,162
CAGGAGCGTCCGAGCGACGG_011,48
GCCAACTGCGCCATTCAGGG_001,121
GCCAACTGCGCCATTCAGGG_002,34
GCCAACTGCGCCATTCAGGG_003,94
GCCAACTGCGCCATTCAGGG_004,101
GCCAACTGCGCCATTCAGGG_005,23
GCCAACTGCGCCATTCAGGG_006,82
GCCAACTGCGCCATTCAGGG_007,17
GCCAACTGCGCCATTCAGGG_008,26
GCCAACTGCGCCATTCAGGG_009,76
GCCAACTGCGCCATTCAGGG_010,88
GCCAACTGCGCCATTCAGGG_011,147
GCCAACTGCGCCATTCAGGG_012,50
GCCAACTGCGCCATTCAGGG_013,83
AGGAGCGGAAATTCGAGCCG_001,148
AGGAGCGGAAATTCGAGCCG_002,157
AGGAGCGGAAATTCGAGCCG_003,118
AGGAGCGGAAATTCGAGCCG_004,160
AGGAGCGGAAATTCGAGCCG_005,62
AGGAGCGGAAATTCGAGCCG_006,159
AGGAGCGGAAATTCGAGCCG_007,8
AGGAGCGGAAATTCGAGCCG_008,34
AGGAGCGGAAATTCGAGCCG_009,158
AGGAGCGGAAATTCGAGCCG_010,141
AGGAGCGGAAATTCGAGCCG_011,150
AGGAGCGGAAATTCGAGCCG_012,83
AGGAGCGGAAATTCGAGCCG_013,130
AGGAGCGGAAATTCGAGCCG_014,1
AGGAGCGGAAATTCGAGCCG_015,146
AGGAGCGGAAATTCGAGCCG_016,116
AGGAGCGGAAATTCGAGCCG_017,175
AGGAGCGGAAATTCGAGCCG_018,176
AGGAGCGGAAATTCGAGCCG_019,5
AGGAGCGGAAATTCGAGCCG_020,163
AGGAGCGGAAATTCGAGCCG_021,100
AGGAGCGGAAATTCGAGCCG_022,13
AGGAGCGGAAATTCGAGCCG_023,169
AGGAGCGGAAATTCGAGCCG_024,49
AGGAGCGGAAATTCGAGCCG_025,81
AGGAGCGGAAATTCGAGCCG_026,81
AGGAGCGGAAATTCGAGCCG_027,182
AGGAGCGGAAATTCGAGCCG_028,94
AGGAGCGGAAATTCGAGCCG_029,149
ACAGGAGTATAGCAAAAATT_001,149
ACAGGAGTATAGCAAAAATT_002,106
ACAGGAGTATAGCAAAAATT_003,168
ACAGGAGTATAGCAAAAATT_004,115
ACAGGAGTATAGCAAAAATT_005,31
ACAGGAGTATAGCAAAAATT_006,195
ACAGGAGTATAGCAAAAATT_007,152
ACAGGAGTATAGCAAAAATT_008,18
ACAGGAGTATAGCAAAAATT_009,2
ACAGGAGTATAGCAAAAATT_010,152
CCTGAGGTGTCCAAACATCG_001,72
TTGTCCAATTGTGTAGACAA_001,1
TTGTCCAATTGTGTAGACAA_002,83
TTGTCCAATTGTGTAGACAA_003,124
TTGTCCAATTGTGTAGACAA_004,198
TTGTCCAATTGTGTAGACAA_005,55
TTGTCCAATTGTGTAGACAA_006,83
TTGTCCAATTGTGTAGACAA_007,43
GACAGGAGGATCCGGTGCAG_001,14
GACAGGAGGATCCGGTGCAG_002,105
GACAGGAGGATCCGGTGCAG_003,184
GACAGGAGGATCCGGTGCAG_004,2
GACAGGAGGATCCGGTGCAG_005,32
GACAGGAGGATCCGGTGCAG_006,79
GACAGGAGGATCCGGTGCAG_007,33
GACAGGAGGATCCGGTGCAG_008,150
CACTACGACAGTGAGAAAGG_001,49
CACTACGACAGTGAGAAAGG_002,43
CACTACGACAGTGAGAAAGG_003,108
CACTACGACAGTGAGAAAGG_004,104
CACTACGACAGTGAGAAAGG_005,117
CACTACGACAGTGAGAAAGG_006,144
CACTACGACAGTGAGAAAGG_007,56
CACTACGACAGTGAGAAAGG_008,191
CACTACGACAGTGAGAAAGG_009,114
CACTACGACAGTGAGAAAGG_010,69
CACTACGACAGTGAGAAAGG_011,184
CACTACGACAGTGAGAAAGG_012,91
CACTACGACAGTGAGAAAGG_013,65
CACTACGACAGTGAGAAAGG_014,122
CACTACGACAGTGAGAAAGG_015,49
CACTACGACAGTGAGAAAGG_016,90
CACTACGACAGTGAGAAAGG_017,120
GCGGCGGAGCACTTCACCCA_001,131
GCGGCGGAGCACTTCACCCA_002,16
GCGGCGGAGCACTTCACCCA_003,185
GCGGCGGAGCACTTCACCCA_004,82
GCGGCGGAGCACTTCACCCA_005,117
GCGGCGGAGCACTTCACCCA_006,56
GCGGCGGAGCACTTCACCCA_007,169
GCGGCGGAGCACTTCACCCA_008,147
GCGGCGGAGCACTTCACCCA_009,190
GCGGCGGAGCACTTCACCCA_010,83
GCGGCGGAGCACTTCACCCA_011,147
GCGGCGGAGCACTTCACCCA_012,175
AGTGGGGAGATCGAAAATGA_001,94
AGTGGGGAGATCGAAAATGA_002,17
AGTGGGGAGATCGAAAATGA_003,41
GGAGCTGCTGTACCCCGTCA_001,188
GGAGCTGCTGTACCCCGTCA_002,166
GGAGCTGCTGTACCCCGTCA_003,51
GGAGCTGCTGTACCCCGTCA_004,193
TCCCGACCTGGACTCAGACA_001,107
TCCCGACCTGGACTCAGACA_002,16
TCCCGACCTGGACTCAGACA_003,88
TCCCGACCTGGACTCAGACA_004,58
TCCCGACCTGGACTCAGACA_005,197
TCCCGACCTGGACTCAGACA_006,1
TCCCGACCTGGACTCAGACA_007,112
TCCCGACCTGGACTCAGACA_008,5
TCCCGACCTGGACTCAGACA_009,108
TCCCGACCTGGACTCAGACA_010,161
TCCCGACCTGGACTCAGACA_011,22
TCCCGACCTGGACTCAGACA_012,68
TCCCGACCTGGACTCAGACA_013,127
TCCCGACCTGGACTCAGACA_014,125
TCCCGACCTGGACTCAGACA_015,78
TCCCGACCTGGACTCAGACA_016,94
TCAGAAGCACGAGTTCTCTG_001,80
TCAGAAGCACGAGTTCTCTG_002,177
TCAGAAGCACGAGTTCTCTG_003,10
TCAGAAGCACGAGTTCTCTG_004,47
TGACAAAACCACGCGACTCG_001,77
TGACAAAACCACGCGACTCG_002,78
TGACAAAACCACGCGACTCG_003,23
TGACAAAACCACGCGACTCG_004,16
TGACAAAACCACGCGACTCG_005,105
TGACAAAACCACGCGACTCG_006,62
TGACAAAACCACGCGACTCG_007,109
TGACAAAACCACGCGACTCG_008,109
TGACAAAACCACGCGACTCG_009,72
TGACAAAACCACGCGACTCG_010,68
TGACAAAACCACGCGACTCG_011,116
TGACAAAACCACGCGACTCG_012,84
TGACAAAACCACGCGACTCG_013,116
TGACAAAACCACGCGACTCG_014,56
TGACAAAACCACGCGACTCG_015,5
TGACAAAACCACGCGACTCG_016,50
TGACAAAACCACGCGACTCG_017,63
TGACAAAACCACGCGACTCG_018,44
TTGGAAACTCTCATCCAGTG_001,67
TTGGAAACTCTCATCCAGTG_002,76
TTGGAAACTCTCATCCAGTG_003,17
TTGGAAACTCTCATCCAGTG_004,51
AGTACTTCATTGCGGCACTG_001,160
AGTACTTCATTGCGGCACTG_002,29
AGTACTTCATTGCGGCACTG_003,60
AGTACTTCATTGCGGCACTG_004,6
AGTACTTCATTGCGGCACTG_005,12
AGTACTTCATTGCGGCACTG_006,104
AGTACTTCATTGCGGCACTG_007,6
AGTACTTCATTGCGGCACTG_008,171
AGTACTTCATTGCGGCACTG_009,194
AGTACTTCATTGCGGCACTG_010,41
AGTACTTCATTGCGGCACTG_011,58
AGTACTTCATTGCGGCACTG_012,23
AGTACTTCATTGCGGCACTG_013,78
AGTACTTCATTGCGGCACTG_014,103
AGTACTTCATTGCGGCACTG_015,148
AGTACTTCATTGCGGCACTG_016,60
AGTACTTCATTGCGGCACTG_017,175
AGTACTTCATTGCGGCACTG_018,81
AGTACTTCATTGCGGCACTG_019,197
AGTACTTCATTGCGGCACTG_020,166
AGTACTTCATTGCGGCACTG_021,152
AGTACTTCATTGCGGCACTG_022,170
AGTACTTCATTGCGGCACTG_023,19
AGTACTTCATTGCGGCACTG_024,79
AGTACTTCATTGCGGCACTG_025,112
AGTACTTCATTGCGGCACTG_026,197
AGTACTTCATTGCGGCACTG_027,13
AGTACTTCATTGCGGCACTG_028,100
AGTACTTCATTGCGGCACTG_029,98
AGTACTTCATTGCGGCACTG_030,180
AGTACTTCATTGCGGCACTG_031,56
AGTACTTCATTGCGGCACTG_032,150
AGTACTTCATTGCGGCACTG_033,57
GCATGCTAACAGCAAGCAGG_001,64
GCATGCTAACAGCAAGCAGG_002,172
GCATGCTAACAGCAAGCAGG_003,86
GCATGCTAACAGCAAGCAGG_004,108
GCATGCTAACAGCAAGCAGG_005,104
GCATGCTAACAGCAAGCAGG_006,22
GCATGCTAACAGCAAGCAGG_007,172
GCATGCTAACAGCAAGCAGG_008,57
GCATGCTAACAGCAAGCAGG_009,3
GCATGCTAACAGCAAGCAGG_010,3
TGGAGACTGAAGAACCACAG_001,20
TGGAGACTGAAGAACCACAG_002,58
TGGAGACTGAAGAACCACAG_003,70
TGGAGACTGAAGAACCACAG_004,26
TGGAGACTGAAGAACCACAG_005,54
TGGAGACTGAAGAACCACAG_006,58
TGGAGACTGAAGAACCACAG_007,2
TGGAGACTGAAGAACCACAG_008,12
TGGAGACTGAAGAACCACAG_009,182
TGGAGACTGAAGAACCACAG_010,150
TGGAGACTGAAGAACCACAG_011,83
TGGAGACTGAAGAACCACAG_012,150
TGGAGACTGAAGAACCACAG_013,50
TGGAGACTGAAGAACCACAG_014,144
TGGAGACTGAAGAACCACAG_015,32
TGGAGACTGAAGAACCACAG_016,139
TGGAGACTGAAGAACCACAG_017,78
TGGAGACTGAAGAACCACAG_018,107
GGCACCATGAGTTGACGTCG_001,123
GGCACCATGAGTTGACGTCG_002,101
GGCACCATGAGTTGACGTCG_003,117
GGCACCATGAGTTGACGTCG_004,12
GGCACCATGAGTTGACGTCG_005,191
GGCACCATGAGTTGACGTCG_006,0
GGCACCATGAGTTGACGTCG_007,19
GGCACCATGAGTTGACGTCG_008,53
GGCACCATGAGTTGACGTCG_009,22
GGCACCATGAGTTGACGTCG_010,45
GGCACCATGAGTTGACGTCG_011,59
GGCACCATGAGTTGACGTCG_012,88
GGCACCATGAGTTGACGTCG_013,3
GGCACCATGAGTTGACGTCG_014,146
GGCACCATGAGTTGACGTCG_015,121
GGCACCATGAGTTGACGTCG_016,101
GGCACCATGAGTTGACGTCG_017,37
GGCACCATGAGTTGACGTCG_018,114
GGCACCATGAGTTGACGTCG_019,114
GGCACCATGAGTTGACGTCG_020,147
GGCGGGGACAAGAAGGTCAT_001,15
GGCGGGGACAAGAAGGTCAT_002,23
GGCGGGGACAAGAAGGTCAT_003,128
GGCGGGGACAAGAAGGTCAT_004,73
GGCGGGGACAAGAAGGTCAT_005,24
GGCGGGGACAAGAAGGTCAT_006,66
GGCGGGGACAAGAAGGTCAT_007,87
GGCGGGGACAAGAAGGTCAT_008,113
GGCGGGGACAAGAAGGTCAT_009,178
GGCGGGGACAAGAAGGTCAT_010,6
GGCGGGGACAAGAAGGTCAT_011,189
GGCGGGGACAAGAAGGTCAT_012,134
GGCGGGGACAAGAAGGTCAT_013,182
GGCGGGGACAAGAAGGTCAT_014,147
GGCGGGGACAAGAAGGTCAT_015,33
GGCGGGGACAAGAAGGTCAT_016,125
GGCGGGGACAAGAAGGTCAT_017,196
GGCGGGGACAAGAAGGTCAT_018,176
GGCGGGGACAAGAAGGTCAT_019,187
GGCGGGGACAAGAAGGTCAT_020,160
GGCGGGGACAAGAAGGTCAT_021,57
GGCGGGGACAAGAAGGTCAT_022,16
GGCGGGGACAAGAAGGTCAT_023,83
GGCGGGGACAAGAAGGTCAT_024,85
GGCGGGGACAAGAAGGTCAT_025,15
GGCGGGGACAAGAAGGTCAT_026,102
GGCGGGGACAAGAAGGTCAT_027,149
GGCGGGGACAAGAAGGTCAT_028,162
GGCGGGGACAAGAAGGTCAT_029,82
GGACGAAGCGAAGACAGCTG_001,150
GGACGAAGCGAAGACAGCTG_002,104
GGACGAAGCGAAGACAGCTG_003,9
GGACGAAGCGAAGACAGCTG_004,199
GGACGAAGCGAAGACAGCTG_005,119
GGACGAAGCGAAGACAGCTG_006,147
GGACGAAGCGAAGACAGCTG_007,57
GGACGAAGCGAAGACAGCTG_008,185
GGACGAAGCGAAGACAGCTG_009,171
GGACGAAGCGAAGACAGCTG_010,162
GGACGAAGCGAAGACAGCTG_011,197
AAGTCCCGCTTCTTCATGCG_001,100
AAGTCCCGCTTCTTCATGCG_002,160
AAGTCCCGCTTCTTCATGCG_003,22
AAGTCCCGCTTCTTCATGCG_004,95
AAGTCCCGCTTCTTCATGCG_005,41
AAGTCCCGCTTCTTCATGCG_006,176
AAGTCCCGCTTCTTCATGCG_007,133
AAGTCCCGCTTCTTCATGCG_008,133
AAGTCCCGCTTCTTCATGCG_009,121
CTTTACCTGAGGATCCGCCT_001,121
CTTTACCTGAGGATCCGCCT_002,197
CTTTACCTGAGGATCCGCCT_003,42
CTTTACCTGAGGATCCGCCT_004,192
CTTTACCTGAGGATCCGCCT_005,101
GATTGTTGATTATTACCAAG_001,69
GATTGTTGATTATTACCAAG_002,155
GATTGTTGATTATTACCAAG_003,119
GGGTACCTACTCATCCAGAG_001,127
GGGTACCTACTCATCCAGAG_002,63
GGGTACCTACTCATCCAGAG_003,194
GGGTACCTACTCATCCAGAG_004,80
GGGTACCTACTCATCCAGAG_005,151
GGGTACCTACTCATCCAGAG_006,40
ACGTTCATCTTCGCTAACCG_001,116
ACGTTCATCTTCGCTAACCG_002,193
ACGTTCATCTTCGCTAACCG_003,115
ACGTTCATCTTCGCTAACCG_004,48
CCTTCTCCTAAGGAGTGCGT_001,166
CCTTCTCCTAAGGAGTGCGT_002,96
CCTTCTCCTAAGGAGTGCGT_003,137
CCTTCTCCTAAGGAGTGCGT_004,148
CCTTCTCCTAAGGAGTGCGT_005,98
CCTTCTCCTAAGGAGTGCGT_006,107
CCTTCTCCTAAGGAGTGCGT_007,66
CCTTCTCCTAAGGAGTGCGT_008,26
CCTTCTCCTAAGGAGTGCGT_009,190
CCTTCTCCTAAGGAGTGCGT_010,182
CCTTCTCCTAAGGAGTGCGT_011,187
CCTTCTCCTAAGGAGTGCGT_012,192
CCTTCTCCTAAGGAGTGCGT_013,55
CCTTCTCCTAAGGAGTGCGT_014,157
GGTGCGGAAGCACCCCGGCA_001,112
GGTGCGGAAGCACCCCGGCA_002,142
GGTGCGGAAGCACCCCGGCA_003,62
CTTGATTCCAGTAAGGTTTG_001,120
CTTGATTCCAGTAAGGTTTG_002,56
CTTGATTCCAGTAAGGTTTG_003,94
CTTGATTCCAGTAAGGTTTG_004,42
GGGCAGCGTGTTGTGCACCA_001,15
GGGCAGCGTGTTGTGCACCA_002,53
GGGCAGCGTGTTGTGCACCA_003,73
GGGCAGCGTGTTGTGCACCA_004,4
GGGCAGCGTGTTGTGCACCA_005,127
GGGCAGCGTGTTGTGCACCA_006,124
GGGCAGCGTGTTGTGCACCA_007,10
CTGCAAAGAAGACACAATCG_001,181
CTGCAAAGAAGACACAATCG_002,152
CTGCAAAGAAGACACAATCG_003,72
CTGCAAAGAAGACACAATCG_004,63
CTGCAAAGAAGACACAATCG_005,102
CTGCAAAGAAGACACAATCG_006,142
CTGCTTACAGTTTAGGAACG_001,138
CTGCTTACAGTTTAGGAACG_002,150
CTGCTTACAGTTTAGGAACG_003,172
CTGCTTACAGTTTAGGAACG_004,68
CTGCTTACAGTTTAGGAACG_005,144
CTGCTTACAGTTTAGGAACG_006,73
TGTGAACTACATTGACCCCA_001,2
CTTGTTGCCCACGAGCATCA_001,58
CTTGTTGCCCACGAGCATCA_002,58
CTTGTTGCCCACGAGCATCA_003,49
CTTGTTGCCCACGAGCATCA_004,8
CTTGTTGCCCACGAGCATCA_005,36
CTTGTTGCCCACGAGCATCA_006,10
CTTGTTGCCCACGAGCATCA_007,152
CTTGTTGCCCACGAGCATCA_008,198
CTTGTTGCCCACGAGCATCA_009,150
CTTGTTGCCCACGAGCATCA_010,184
CTTGTTGCCCACGAGCATCA_011,27
CTTGTTGCCCACGAGCATCA_012,75
CTTGTTGCCCACGAGCATCA_013,188
CTTGTTGCCCACGAGCATCA_014,150
CTTGTTGCCCACGAGCATCA_015,10
CTGTTCCAAAAGGTAGTGCA_001,168
CTGTTCCAAAAGGTAGTGCA_002,0
CTGTTCCAAAAGGTAGTGCA_003,81
CTGTTCCAAAAGGTAGTGCA_004,169
CTGTTCCAAAAGGTAGTGCA_005,120
CTGTTCCAAAAGGTAGTGCA_006,197
CTGTTCCAAAAGGTAGTGCA_007,50
CTGTTCCAAAAGGTAGTGCA_008,145
CTGTTCCAAAAGGTAGTGCA_009,66
CTGTTCCAAAAGGTAGTGCA_010,14
CTGTTCCAAAAGGTAGTGCA_011,27
CTGTTCCAAAAGGTAGTGCA_012,40
CTGTTCCAAAAGGTAGTGCA_013,28
CTGTTCCAAAAGGTAGTGCA_014,3
CTGTTCCAAAAGGTAGTGCA_015,158
CTGTTCCAAAAGGTAGTGCA_016,81
CTTTGCAAAACTCTACATCA_001,12
CTTTGCAAAACTCTACATCA_002,117
CTACTTGTGTGATGTGACAT_001,157
CTACTTGTGTGATGTGACAT_002,7
CTACTTGTGTGATGTGACAT_003,5
CTACTTGTGTGATGTGACAT_004,18
CTACTTGTGTGATGTGACAT_005,122
TAGACGGTTCATCAATGACA_001,48
TAGACGGTTCATCAATGACA_002,28
TAGACGGTTCATCAATGACA_003,15
TAGACGGTTCATCAATGACA_004,162
TAGACGGTTCATCAATGACA_005,1
TAGACGGTTCATCAATGACA_006,198
TAGACGGTTCATCAATGACA_007,72
TGCTGAAGGTCTGCGTCACG_001,188
TGCTGAAGGTCTGCGTCACG_002,101
TGCTGAAGGTCTGCGTCACG_003,71
TGCTGAAGGTCTGCGTCACG_004,161
TGCTGAAGGTCTGCGTCACG_005,145
TGCTGAAGGTCTGCGTCACG_006,186
TGCTGAAGGTCTGCGTCACG_007,58
TGCTGAAGGTCTGCGTCACG_008,54
TGCTGAAGGTCTGCGTCACG_009,121
TGCTGAAGGTCTGCGTCACG_010,102
TGCTGAAGGTCTGCGTCACG_011,118
TGCTGAAGGTCTGCGTCACG_012,138
TGCTGAAGGTCTGCGTCACG_013,5
TGCTGAAGGTCTGCGTCACG_014,43
TGCTGAAGGTCTGCGTCACG_015,183
TACTGGAAAGAACAGTTGTG_001,22
TACTGGAAAGAACAGTTGTG_002,67
TACTGGAAAGAACAGTTGTG_003,168
TACTGGAAAGAACAGTTGTG_004,107
TACTGGAAAGAACAGTTGTG_005,162
TACTGGAAAGAACAGTTGTG_006,171
GTGTTGCCAATCTCTTATGA_001,67
AAAGAATAGATAGGGAACTG_001,62
AAAGAATAGATAGGGAACTG_002,10
AAAGAATAGATAGGGAACTG_003,19
AAAGAATAGATAGGGAACTG_004,76
AAAGAATAGATAGGGAACTG_005,177
AAAGAATAGATAGGGAACTG_006,182
AAAGAATAGATAGGGAACTG_007,54
AAAGAATAGATAGGGAACTG_008,6
CAAGACATCATGGCCTATCG_001,125
CAAGACATCATGGCCTATCG_002,6
CAAGACATCATGGCCTATCG_003,198
CAAGACATCATGGCCTATCG_004,147
CAAGACATCATGGCCTATCG_005,195
CAAGACATCATGGCCTATCG_006,76
CAAGACATCATGGCCTATCG_007,70
CAAGACATCATGGCCTATCG_008,83
CAAGACATCATGGCCTATCG_009,130
CAAGACATCATGGCCTATCG_010,39
CAAGACATCATGGCCTATCG_011,177
CAAGACATCATGGCCTATCG_012,138
CAAGACATCATGGCCTATCG_013,144
AAGATGCAGACAGAGCCTGG_001,150
AAGATGCAGACAGAGCCTGG_002,59
AAGATGCAGACAGAGCCTGG_003,67
AAGATGCAGACAGAGCCTGG_004,199
AAGATGCAGACAGAGCCTGG_005,47
AGGCCATGTATCGGGCCACG_001,116
TTGAGGTTATCAGCACTCTG_001,182
TTGAGGTTATCAGCACTCTG_002,149
TTGAGGTTATCAGCACTCTG_003,96
TTGAGGTTATCAGCACTCTG_004,158
TAATCATGCACATTCGGGAC_001,107
TAATCATGCACATTCGGGAC_002,37
TAATCATGCACATTCGGGAC_003,145
TAATCATGCACATTCGGGAC_004,100
ACACCCCGATGATGACCACG_001,119
ACACCCCGATGATGACCACG_002,148
ACACCCCGATGATGACCACG_003,126
ACACCCCGATGATGACCACG_004,35
CTGCCCTACTAGTGCAAGGG_001,17
CTGCCCTACTAGTGCAAGGG_002,158
CTGCCCTACTAGTGCAAGGG_003,169
CTGCCCTACTAGTGCAAGGG_004,17
CTGCCCTACTAGTGCAAGGG_005,1
CTGCCCTACTAGTGCAAGGG_006,3
CTGCCCTACTAGTGCAAGGG_007,114
CTGCCCTACTAGTGCAAGGG_008,48
CTGCCCTACTAGTGCAAGGG_009,166
CTGCCCTACTAGTGCAAGGG_010,79
CTGCCCTACTAGTGCAAGGG_011,65
GAAGCCTTGGCAAACCTCCG_001,60
GAAGCCTTGGCAAACCTCCG_002,83
GAAGCCTTGGCAAACCTCCG_003,147
GGAGGTTACCTGATCGGACA_001,198
GGAGGTTACCTGATCGGACA_002,166
GGAGGTTACCTGATCGGACA_003,62
GGAGGTTACCTGATCGGACA_004,58
GGAGGTTACCTGATCGGACA_005,22
GGAGGTTACCTGATCGGACA_006,96
GGAGGTTACCTGATCGGACA_007,70
GGAGGTTACCTGATCGGACA_008,76
GGAGGTTACCTGATCGGACA_009,9
GGAGGTTACCTGATCGGACA_010,187
GGAGGTTACCTGATCGGACA_011,114
GGAGGTTACCTGATCGGACA_012,114
GGAGGTTACCTGATCGGACA_013,5
GGAGGTTACCTGATCGGACA_014,137
GGAGGTTACCTGATCGGACA_015,147
GTTGTGGGATCCTATGCCTG_001,130
GTTGTGGGATCCTATGCCTG_002,77
GTTGTGGGATCCTATGCCTG_003,40
GTTGTGGGATCCTATGCCTG_004,62
GTTGTGGGATCCTATGCCTG_005,29
GTTGTGGGATCCTATGCCTG_006,2
GTTGTGGGATCCTATGCCTG_007,150
GTTGTGGGATCCTATGCCTG_008,18
TAAATGTGTACCTAATGAAA_001,62
TAAATGTGTACCTAATGAAA_002,62
ATGGAGAGATTCCAATTGCG_001,169
ATGGAGAGATTCCAATTGCG_002,151
ATGGAGAGATTCCAATTGCG_003,94
ATGGAGAGATTCCAATTGCG_004,60
ATGGAGAGATTCCAATTGCG_005,81
ATGGAGAGATTCCAATTGCG_006,145
ATGGAGAGATTCCAATTGCG_007,174
ATGGAGAGATTCCAATTGCG_008,19
AGGATGCGATCCAGGTGACA_001,177
AGGATGCGATCCAGGTGACA_002,166
AGGATGCGATCCAGGTGACA_003,137
AGGATGCGATCCAGGTGACA_004,130
AGGATGCGATCCAGGTGACA_005,150
AGGATGCGATCCAGGTGACA_006,65
AGGATGCGATCCAGGTGACA_007,78
AGGATGCGATCCAGGTGACA_008,174
AGGATGCGATCCAGGTGACA_009,39
AGGATGCGATCCAGGTGACA_010,103
AGGATGCGATCCAGGTGACA_011,51
AGGATGCGATCCAGGTGACA_012,63
AGGATGCGATCCAGGTGACA_013,81
AGGATGCGATCCAGGTGACA_014,2
AGGATGCGATCCAGGTGACA_015,28
ATTGCGTTGCAGGCCTTGGG_001,60
ATTGCGTTGCAGGCCTTGGG_002,6
ATTGCGTTGCAGGCCTTGGG_003,80
ATTGCGTTGCAGGCCTTGGG_004,52
ATTGCGTTGCAGGCCTTGGG_005,55
ATTGCGTTGCAGGCCTTGGG_006,2
ATTGCGTTGCAGGCCTTGGG_007,68
ATTGCGTTGCAGGCCTTGGG_008,6
TGGATGTACCATCAGGTCGG_001,127
TGGATGTACCATCAGGTCGG_002,116
TGGATGTACCATCAGGTCGG_003,183
TGGATGTACCATCAGGTCGG_004,106
TGGATGTACCATCAGGTCGG_005,169
TGGATGTACCATCAGGTCGG_006,113
TGGATGTACCATCAGGTCGG_007,43
TGGATGTACCATCAGGTCGG_008,155
TGGATGTACCATCAGGTCGG_009,113
TGGATGTACCATCAGGTCGG_010,104
TGGATGTACCATCAGGTCGG_011,188
TGGATGTACCATCAGGTCGG_012,151
TGGATGTACCATCAGGTCGG_013,28
TGGATGTACCATCAGGTCGG_014,152
TTTCTCGGGCATACACATCA_001,55
TTTCTCGGGCATACACATCA_002,80
TTTCTCGGGCATACACATCA_003,62
AATATGGTTTCATCCCACAT_001,80
AATATGGTTTCATCCCACAT_002,191
AATATGGTTTCATCCCACAT_003,161
AATATGGTTTCATCCCACAT_004,156
AATATGGTTTCATCCCACAT_005,160
TAGCTCTCTAGTCGCTGAAG_001,19
TAGCTCTCTAGTCGCTGAAG_002,43
TAGCTCTCTAGTCGCTGAAG_003,114
TAGCTCTCTAGTCGCTGAAG_004,102
TAGCTCTCTAGTCGCTGAAG_005,32
TAGCTCTCTAGTCGCTGAAG_006,151
TAGCTCTCTAGTCGCTGAAG_007,68
TAGCTCTCTAGTCGCTGAAG_008,88
ACTTGCCAATTCATCATGGG_001,134
ACTTGCCAATTCATCATGGG_002,117
CCCTCCTTAGCCAAAATCCA_001,29
CCCTCCTTAGCCAAAATCCA_002,107
CCCTCCTTAGCCAAAATCCA_003,23
CCGTCGTCCCAAGGTCGCGG_001,149
CCGTCGTCCCAAGGTCGCGG_002,32
CCGTCGTCCCAAGGTCGCGG_003,146
CCGTCGTCCCAAGGTCGCGG_004,140
CCGTCGTCCCAAGGTCGCGG_005,120
CCGTCGTCCCAAGGTCGCGG_006,16
CCGTCGTCCCAAGGTCGCGG_007,19
CCGTCGTCCCAAGGTCGCGG_008,2
CCGTCGTCCCAAGGTCGCGG_009,177
CCGTCGTCCCAAGGTCGCGG_010,158
CCGTCGTCCCAAGGTCGCGG_011,50
CCGTCGTCCCAAGGTCGCGG_012,58
CCGTCGTCCCAAGGTCGCGG_013,81
CCGTCGTCCCAAGGTCGCGG_014,16
CCGTCGTCCCAAGGTCGCGG_015,0
CCGTCGTCCCAAGGTCGCGG_016,168
CCGTCGTCCCAAGGTCGCGG_017,77
CCGTCGTCCCAAGGTCGCGG_018,65
CCGTCGTCCCAAGGTCGCGG_019,153
CCGTCGTCCCAAGGTCGCGG_020,136
CCGTCGTCCCAAGGTCGCGG_021,81
TTTCCAGTGGAGACATGCGT_001,106
TTTCCAGTGGAGACATGCGT_002,128
GATCCAGACAGGTCTCGCAA_001,106
GATCCAGACAGGTCTCGCAA_002,66
GATCCAGACAGGTCTCGCAA_003,125
GATCCAGACAGGTCTCGCAA_004,2
GATCCAGACAGGTCTCGCAA_005,144
GATCCAGACAGGTCTCGCAA_006,130
GATCCAGACAGGTCTCGCAA_007,133
GATCCAGACAGGTCTCGCAA_008,85
GATCCAGACAGGTCTCGCAA_009,58
GATCCAGACAGGTCTCGCAA_010,23
GCAGCTGGACAGCATTGTCG_001,142
GCAGCTGGACAGCATTGTCG_002,153
GCAGCTGGACAGCATTGTCG_003,150
GCAGCTGGACAGCATTGTCG_004,88
AGACGGAAGTGACTTCTTGG_001,1
AGACGGAAGTGACTTCTTGG_002,19
CACAGACACGGCAAAGCTCG_001,97
CACAGACACGGCAAAGCTCG_002,121
CACAGACACGGCAAAGCTCG_003,154
CACAGACACGGCAAAGCTCG_004,66
AATCTACACGAGCTCCAAAG_001,7
AATCTACACGAGCTCCAAAG_002,15
AGTCGTTCCAGTATAAGACG_001,3
AGTCGTTCCAGTATAAGACG_002,58
CCTGCCTCACCTCACACTCG_001,132
CCTGCCTCACCTCACACTCG_002,3
CCTGCCTCACCTCACACTCG_003,169
CCTGCCTCACCTCACACTCG_004,90
CCTGCCTCACCTCACACTCG_005,158
CCTGCCTCACCTCACACTCG_006,0
CCTGCCTCACCTCACACTCG_007,66
CCTGCCTCACCTCACACTCG_008,16
CCTGCCTCACCTCACACTCG_009,199
CCTGCCTCACCTCACACTCG_010,178
CCTGCCTCACCTCACACTCG_011,77
CCTGCCTCACCTCACACTCG_012,98
CCTGCCTCACCTCACACTCG_013,6
CCTGCCTCACCTCACACTCG_014,108
CCTGCCTCACCTCACACTCG_015,30
CCTGCCTCACCTCACACTCG_016,144
CCTGCCTCACCTCACACTCG_017,57
CCTGCCTCACCTCACACTCG_018,148
GAATGCCAGAGAAGGTCACA_001,19
GAATGCCAGAGAAGGTCACA_002,58
GAATGCCAGAGAAGGTCACA_003,41
GAATGCCAGAGAAGGTCACA_004,46
TCTGCCAGGAGGTATAGACG_001,118
GTGTACACTGATATTAACAG_001,12
GTGTACACTGATATTAACAG_002,80
GTGTACACTGATATTAACAG_003,30
GTGTACACTGATATTAACAG_004,186
GTGTACACTGATATTAACAG_005,16
GTGTACACTGATATTAACAG_006,182
GTGTACACTGATATTAACAG_007,48
GTGTACACTGATATTAACAG_008,107
AGCGCGTGAACGTGACGGTA_001,16
AGCGCGTGAACGTGACGGTA_002,166
AGCGCGTGAACGTGACGGTA_003,43
AGCGCGTGAACGTGACGGTA_004,53
AGCGCGTGAACGTGACGGTA_005,183
AGCGCGTGAACGTGACGGTA_006,118
AGCGCGTGAACGTGACGGTA_007,76
AGCGCGTGAACGTGACGGTA_008,70
AGCGCGTGAACGTGACGGTA_009,112
AGCGCGTGAACGTGACGGTA_010,176
AGCGCGTGAACGTGACGGTA_011,113
AGCGCGTGAACGTGACGGTA_012,66
AGCGCGTGAACGTGACGGTA_013,21
AGCGCGTGAACGTGACGGTA_014,199
AGCGCGTGAACGTGACGGTA_015,44
AGCGCGTGAACGTGACGGTA_016,94
AGCGCGTGAACGTGACGGTA_017,184
AGCGCGTGAACGTGACGGTA_018,125
AGCGCGTGAACGTGACGGTA_019,94
AGCGCGTGAACGTGACGGTA_020,28
AGCGCGTGAACGTGACGGTA_021,136
AGCGCGTGAACGTGACGGTA_022,104
CAGTGCTAAAAAGCGTCACA_001,20
CAGTGCTAAAAAGCGTCACA_002,27
CAGTGCTAAAAAGCGTCACA_003,56
CAGTGCTAAAAAGCGTCACA_004,177
CAGTGCTAAAAAGCGTCACA_005,76
CAGTGCTAAAAAGCGTCACA_006,17
CAGTGCTAAAAAGCGTCACA_007,199
CAGTGCTAAAAAGCGTCACA_008,77
CAGTGCTAAAAAGCGTCACA_009,103
CAGTGCTAAAAAGCGTCACA_010,145
CAGTGCTAAAAAGCGTCACA_011,148
CAGTGCTAAAAAGCGTCACA_012,86
CAGTGCTAAAAAGCGTCACA_013,166
CAGTGCTAAAAAGCGTCACA_014,87
GACTCCCCAGCGGACCACAT_001,167
GACTCCCCAGCGGACCACAT_002,167
GACTCCCCAGCGGACCACAT_003,197
GACTCCCCAGCGGACCACAT_004,144
GACTCCCCAGCGGACCACAT_005,144
GACTCCCCAGCGGACCACAT_006,169
GACTCCCCAGCGGACCACAT_007,50
GACTCCCCAGCGGACCACAT_008,57
GACTCCCCAGCGGACCACAT_009,35
GACTCCCCAGCGGACCACAT_010,115
GACTCCCCAGCGGACCACAT_011,23
GACTCCCCAGCGGACCACAT_012,102
GACTCCCCAGCGGACCACAT_013,62
GACTCCCCAGCGGACCACAT_014,76
GACTCCCCAGCGGACCACAT_015,83
GACTCCCCAGCGGACCACAT_016,114
GACTCCCCAGCGGACCACAT_017,128
GACTCCCCAGCGGACCACAT_018,150
GACTCCCCAGCGGACCACAT_019,148
GACTCCCCAGCGGACCACAT_020,81
GACTCCCCAGCGGACCACAT_021,81
GACTCCCCAGCGGACCACAT_022,121
GACTCCCCAGCGGACCACAT_023,63
GACTCCCCAGCGGACCACAT_024,104
GACTCCCCAGCGGACCACAT_025,103
GACTCCCCAGCGGACCACAT_026,63
AGGCACTGAGAAATAGGATG_001,74
AGGCACTGAGAAATAGGATG_002,36
AGGCACTGAGAAATAGGATG_003,102
AGGCACTGAGAAATAGGATG_004,29
AGGCACTGAGAAATAGGATG_005,2
AGGCACTGAGAAATAGGATG_006,172
AGGCACTGAGAAATAGGATG_007,181
AGGCACTGAGAAATAGGATG_008,67
AGGCACTGAGAAATAGGATG_009,108
CAATGAACATGGCTCAAATG_001,141
CAATGAACATGGCTCAAATG_002,27
CAATGAACATGGCTCAAATG_003,94
CAATGAACATGGCTCAAATG_004,35
CAATGAACATGGCTCAAATG_005,10
CCCAGCTGCCATGGGTACAT_001,162
CCCAGCTGCCATGGGTACAT_002,85
CCCAGCTGCCATGGGTACAT_003,33
CCCAGCTGCCATGGGTACAT_004,192
CCCAGCTGCCATGGGTACAT_005,41
CCCAGCTGCCATGGGTACAT_006,96
CCCAGCTGCCATGGGTACAT_007,159
CCCAGCTGCCATGGGTACAT_008,19
CCCAGCTGCCATGGGTACAT_009,127
CCCAGCTGCCATGGGTACAT_010,169
CCCAGCTGCCATGGGTACAT_011,186
CCCAGCTGCCATGGGTACAT_012,105
CCCAGCTGCCATGGGTACAT_013,74
CCCAGCTGCCATGGGTACAT_014,17
CCCAGCTGCCATGGGTACAT_015,81
CCCAGCTGCCATGGGTACAT_016,141
CCCAGCTGCCATGGGTACAT_017,111
CCCAGCTGCCATGGGTACAT_018,174
CCCAGCTGCCATGGGTACAT_019,34
CCCAGCTGCCATGGGTACAT_020,63
CCCAGCTGCCATGGGTACAT_021,10
CCCAGCTGCCATGGGTACAT_022,39
CCCAGCTGCCATGGGTACAT_023,91
CCCAGCTGCCATGGGTACAT_024,137
CCCAGCTGCCATGGGTACAT_025,3
CCCAGCTGCCATGGGTACAT_026,34
CCCAGCTGCCATGGGTACAT_027,104
CCCAGCTGCCATGGGTACAT_028,47
CCCAGCTGCCATGGGTACAT_029,174
CCCAGCTGCCATGGGTACAT_030,9
GAATCTGGAACAATAACTTG_001,94
GAATCTGGAACAATAACTTG_002,186
GAATCTGGAACAATAACTTG_003,98
GAATCTGGAACAATAACTTG_004,48
GAATCTGGAACAATAACTTG_005,171
GAATCTGGAACAATAACTTG_006,104
GAATCTGGAACAATAACTTG_007,119
GAATCTGGAACAATAACTTG_008,131
GACGTGTGCGCAGACATGGT_001,94
GACGTGTGCGCAGACATGGT_002,102
GACGTGTGCGCAGACATGGT_003,105
GACGTGTGCGCAGACATGGT_004,86
GACGTGTGCGCAGACATGGT_005,40
GACGTGTGCGCAGACATGGT_006,125
GACGTGTGCGCAGACATGGT_007,187
GACGTGTGCGCAGACATGGT_008,29
GACGTGTGCGCAGACATGGT_009,198
GACGTGTGCGCAGACATGGT_010,169
GACGTGTGCGCAGACATGGT_011,176
GACGTGTGCGCAGACATGGT_012,76
GACGTGTGCGCAGACATGGT_013,170
GACGTGTGCGCAGACATGGT_014,116
GACGTGTGCGCAGACATGGT_015,17
GACGTGTGCGCAGACATGGT_016,177
GACGTGTGCGCAGACATGGT_017,175
GACGTGTGCGCAGACATGGT_018,16
GACGTGTGCGCAGACATGGT_019,63
GACGTGTGCGCAGACATGGT_020,71
AAGACAAAACGGGTACCACA_001,199
AAGACAAAACGGGTACCACA_002,115
AAGACAAAACGGGTACCACA_003,184
AAGACAAAACGGGTACCACA_004,40
AAGACAAAACGGGTACCACA_005,15
AAGACAAAACGGGTACCACA_006,58
AAGACAAAACGGGTACCACA_007,3
AAGACAAAACGGGTACCACA_008,66
AAGACAAAACGGGTACCACA_009,117
AAGACAAAACGGGTACCACA_010,141
AAGACAAAACGGGTACCACA_011,12
AAGACAAAACGGGTACCACA_012,141
AAGACAAAACGGGTACCACA_013,150
AAGACAAAACGGGTACCACA_014,38
AAGACAAAACGGGTACCACA_015,121
AAGACAAAACGGGTACCACA_016,49
AAGACAAAACGGGTACCACA_017,27
AAGACAAAACGGGTACCACA_018,7
AAGACAAAACGGGTACCACA_019,68
AAGACAAAACGGGTACCACA_020,106
AAGACAAAACGGGTACCACA_021,26
AAGACAAAACGGGTACCACA_022,70
AAGACAAAACGGGTACCACA_023,62
AAGACAAAACGGGTACCACA_024,37
AAGACAAAACGGGTACCACA_025,62
AAGACAAAACGGGTACCACA_026,58
AAGACAAAACGGGTACCACA_027,83
AAGACAAAACGGGTACCACA_028,18
AAGACAAAACGGGTACCACA_029,92
AAGACAAAACGGGTACCACA_030,170
TGAAGGCCATACAGTGCGTG_001,15
TGAAGGCCATACAGTGCGTG_002,197
TGAAGGCCATACAGTGCGTG_003,147
TGAAGGCCATACAGTGCGTG_004,85
TGAAGGCCATACAGTGCGTG_005,91
TGAAGGCCATACAGTGCGTG_006,158
TGAAGGCCATACAGTGCGTG_007,82
CGATGTGCGTGGCTCCCACG_001,48
CGATGTGCGTGGCTCCCACG_002,45
CGATGTGCGTGGCTCCCACG_003,126
CGATGTGCGTGGCTCCCACG_004,181
CGATGTGCGTGGCTCCCACG_005,94
CGATGTGCGTGGCTCCCACG_006,1
CGATGTGCGTGGCTCCCACG_007,172
CGATGTGCGTGGCTCCCACG_008,32
CGATGTGCGTGGCTCCCACG_009,31
CGATGTGCGTGGCTCCCACG_010,22
CGATGTGCGTGGCTCCCACG_011,24
GGGTCCACAGTGATGAAGAC_001,58
GGGTCCACAGTGATGAAGAC_002,101
GGGTCCACAGTGATGAAGAC_003,17
GGGTCCACAGTGATGAAGAC_004,182
GGGTCCACAGTGATGAAGAC_005,65
GGGTCCACAGTGATGAAGAC_006,29
GGGTCCACAGTGATGAAGAC_007,58
GGGTCCACAGTGATGAAGAC_008,198
GGGTCCACAGTGATGAAGAC_009,40
ATCTACATCCGAACGCTCTG_001,40
ATCTACATCCGAACGCTCTG_002,19
ATCTACATCCGAACGCTCTG_003,113
ATCTACATCCGAACGCTCTG_004,94
ATCTACATCCGAACGCTCTG_005,56
ATCTACATCCGAACGCTCTG_006,50
CACACCCACCAGTCGATGGA_001,185
CACACCCACCAGTCGATGGA_002,81
CACACCCACCAGTCGATGGA_003,70
CACACCCACCAGTCGATGGA_004,27
CACACCCACCAGTCGATGGA_005,190
CACACCCACCAGTCGATGGA_006,65
CACACCCACCAGTCGATGGA_007,115
CACACCCACCAGTCGATGGA_008,56
CACACCCACCAGTCGATGGA_009,74
CACACCCACCAGTCGATGGA_010,48
CACACCCACCAGTCGATGGA_011,29
CACACCCACCAGTCGATGGA_012,133
CACACCCACCAGTCGATGGA_013,147
CACACCCACCAGTCGATGGA_014,101
CACACCCACCAGTCGATGGA_015,133
CACACCCACCAGTCGATGGA_016,56
CACACCCACCAGTCGATGGA_017,149
CACACCCACCAGTCGATGGA_018,50
CACACCCACCAGTCGATGGA_019,184
CACACCCACCAGTCGATGGA_020,28
CACACCCACCAGTCGATGGA_021,104
CACACCCACCAGTCGATGGA_022,195
TTGTTGTCATCTGTGAGCGG_001,88
TTGTTGTCATCTGTGAGCGG_002,147
TTGTTGTCATCTGTGAGCGG_003,101
TTGTTGTCATCTGTGAGCGG_004,130
TTGTTGTCATCTGTGAGCGG_005,172
TATCTTGAAAAAAGGTACAC_001,41
TATCTTGAAAAAAGGTACAC_002,9
TATCTTGAAAAAAGGTACAC_003,8
TATCTTGAAAAAAGGTACAC_004,116
TATCTTGAAAAAAGGTACAC_005,60
TATCTTGAAAAAAGGTACAC_006,190
TATCTTGAAAAAAGGTACAC_007,78
TATCTTGAAAAAAGGTACAC_008,1
TATCTTGAAAAAAGGTACAC_009,104
TATCTTGAAAAAAGGTACAC_010,129
TATCTTGAAAAAAGGTACAC_011,162
TATCTTGAAAAAAGGTACAC_012,29
TATCTTGAAAAAAGGTACAC_013,188
TGGGGCTGGGATAGAATCCA_001,86
TGGGGCTGGGATAGAATCCA_002,195
TGGGGCTGGGATAGAATCCA_003,133
TGGGGCTGGGATAGAATCCA_004,48
TGGGGCTGGGATAGAATCCA_005,42
TGGGGCTGGGATAGAATCCA_006,157
TGGGGCTGGGATAGAATCCA_007,49
GTCAGGGTTACGGTTCCACC_001,50
GTCAGGGTTACGGTTCCACC_002,48
GTCAGGGTTACGGTTCCACC_003,17
GTCAGGGTTACGGTTCCACC_004,78
GTCAGGGTTACGGTTCCACC_005,152
GTCAGGGTTACGGTTCCACC_006,69
GTCAGGGTTACGGTTCCACC_007,30
GTCAGGGTTACGGTTCCACC_008,58
GTCAGGGTTACGGTTCCACC_009,184
GTCAGGGTTACGGTTCCACC_010,162
GTCAGGGTTACGGTTCCACC_011,142
GTCAGGGTTACGGTTCCACC_012,63
GTCAGGGTTACGGTTCCACC_013,57
CTTTGTGGCCGTCATGCACG_001,101
CAGCCAGTGGGGCACTACCA_001,35
CAGCCAGTGGGGCACTACCA_002,137
CAGCCAGTGGGGCACTACCA_003,44
CAGCCAGTGGGGCACTACCA_004,144
CAGCCAGTGGGGCACTACCA_005,24
GGAAGAAAGATGCAGAGTCG_001,170
GGAAGAAAGATGCAGAGTCG_002,12
GGAAGAAAGATGCAGAGTCG_003,198
GGAAGAAAGATGCAGAGTCG_004,177
GGAAGAAAGATGCAGAGTCG_005,21
GGAAGAAAGATGCAGAGTCG_006,58
GGAAGAAAGATGCAGAGTCG_007,166
GGAAGAAAGATGCAGAGTCG_008,199
GGAAGAAAGATGCAGAGTCG_009,138
GGAAGAAAGATGCAGAGTCG_010,3
GGAAGAAAGATGCAGAGTCG_011,140
CTTGGGCCTCGAGTGAAACG_001,67
CTTGGGCCTCGAGTGAAACG_002,148
CTTGGGCCTCGAGTGAAACG_003,27
CTTGGGCCTCGAGTGAAACG_004,76
CTTGGGCCTCGAGTGAAACG_005,174
CTTGGGCCTCGAGTGAAACG_006,148
CTTGGGCCTCGAGTGAAACG_007,137
CTTGGGCCTCGAGTGAAACG_008,33
GATGCCCCGTCTGATTGCCA_001,101
GATGCCCCGTCTGATTGCCA_002,146
GATGCCCCGTCTGATTGCCA_003,141
GATGCCCCGTCTGATTGCCA_004,184
CTCAGAGGTAACCTCTACAT_001,92
CTCAGAGGTAACCTCTACAT_002,129
CTCAGAGGTAACCTCTACAT_003,117
CTCAGAGGTAACCTCTACAT_004,2
CTCAGAGGTAACCTCTACAT_005,56
TCTGTACAATGTCGAAGGCA_001,15
TCTGTACAATGTCGAAGGCA_002,170
TCTGTACAATGTCGAAGGCA_003,176
TCTGTACAATGTCGAAGGCA_004,150
TCTGTACAATGTCGAAGGCA_005,117
TCTGTACAATGTCGAAGGCA_006,2
GTCACCGACGAGACCAGAAG_001,57
GTCACCGACGAGACCAGAAG_002,44
GTCACCGACGAGACCAGAAG_003,143
GTCACCGACGAGACCAGAAG_004,92
GTCACCGACGAGACCAGAAG_005,88
GTCACCGACGAGACCAGAAG_006,67
TTAGGTCCGGATCTTGGCAC_001,12
TTAGGTCCGGATCTTGGCAC_002,141
TTAGGTCCGGATCTTGGCAC_003,149
TTAGGTCCGGATCTTGGCAC_004,101
TTAGGTCCGGATCTTGGCAC_005,127
TTAGGTCCGGATCTTGGCAC_006,162
TTAGGTCCGGATCTTGGCAC_007,128
TTAGGTCCGGATCTTGGCAC_008,187
TTAGGTCCGGATCTTGGCAC_009,60
TTAGGTCCGGATCTTGGCAC_010,93
TTAGGTCCGGATCTTGGCAC_011,130
GCACCTCCCCAATTGATCCA_001,172
GCACCTCCCCAATTGATCCA_002,15
GCACCTCCCCAATTGATCCA_003,172
GCACCTCCCCAATTGATCCA_004,29
GCACCTCCCCAATTGATCCA_005,113
GCACCTCCCCAATTGATCCA_006,63
GCACCTCCCCAATTGATCCA_007,191
GCACCTCCCCAATTGATCCA_008,49
GCACCTCCCCAATTGATCCA_009,43
GCACCTCCCCAATTGATCCA_010,16
GCACCTCCCCAATTGATCCA_011,97
GCACCTCCCCAATTGATCCA_012,159
GCACCTCCCCAATTGATCCA_013,98
GCACCTCCCCAATTGATCCA_014,117
GCACCTCCCCAATTGATCCA_015,1
GCACCTCCCCAATTGATCCA_016,170
GCACCTCCCCAATTGATCCA_017,82
GCACCTCCCCAATTGATCCA_018,137
GCACCTCCCCAATTGATCCA_019,82
GCACCTCCCCAATTGATCCA_020,105
GCACCTCCCCAATTGATCCA_021,8
GCACCTCCCCAATTGATCCA_022,166
GCACCTCCCCAATTGATCCA_023,187
GCACCTCCCCAATTGATCCA_024,159
GCACCTCCCCAATTGATCCA_025,113
GCACCTCCCCAATTGATCCA_026,2
GCACCTCCCCAATTGATCCA_027,140
GCACCTCCCCAATTGATCCA_028,162
GCACCTCCCCAATTGATCCA_029,147
GCACCTCCCCAATTGATCCA_030,15
GCACCTCCCCAATTGATCCA_031,103
GCACCTCCCCAATTGATCCA_032,106
GCACCTCCCCAATTGATCCA_033,50
GCACCTCCCCAATTGATCCA_034,130
GCACCTCCCCAATTGATCCA_035,26
GCACCTCCCCAATTGATCCA_036,112
GCACCTCCCCAATTGATCCA_037,101
AGCTATTGAGTTCTGCTCAG_001,113
AGCTATTGAGTTCTGCTCAG_002,185
AGCTATTGAGTTCTGCTCAG_003,26
AGCTATTGAGTTCTGCTCAG_004,153
ACAGTCAGAACCATCTTCGG_001,130
ACAGTCAGAACCATCTTCGG_002,1
ACAGTCAGAACCATCTTCGG_003,129
ACAGTCAGAACCATCTTCGG_004,198
ACAGTCAGAACCATCTTCGG_005,181
ACAGTCAGAACCATCTTCGG_006,81
ACAGTCAGAACCATCTTCGG_007,118
ACAGTCAGAACCATCTTCGG_008,56
ACAGTCAGAACCATCTTCGG_009,56
ACAGTCAGAACCATCTTCGG_010,121
TCACGAAGTTACGAAGTCAT_001,17
TCACGAAGTTACGAAGTCAT_002,41
TCACGAAGTTACGAAGTCAT_003,55
TCACGAAGTTACGAAGTCAT_004,12
TCACGAAGTTACGAAGTCAT_005,30
TCACGAAGTTACGAAGTCAT_006,72
TCACGAAGTTACGAAGTCAT_007,47
TGTGTCAGAAGCGTGAACAC_001,65
TGTGTCAGAAGCGTGAACAC_002,18
TGTGTCAGAAGCGTGAACAC_003,125
TGTGTCAGAAGCGTGAACAC_004,84
TGTGTCAGAAGCGTGAACAC_005,128
TGTGTCAGAAGCGTGAACAC_006,29
TGTGTCAGAAGCGTGAACAC_007,46
TGTGTCAGAAGCGTGAACAC_008,58
TGTGTCAGAAGCGTGAACAC_009,76
TGTGTCAGAAGCGTGAACAC_010,82
TGTGTCAGAAGCGTGAACAC_011,81
TGTGTCAGAAGCGTGAACAC_012,60
TGTGTCAGAAGCGTGAACAC_013,70
TGTGTCAGAAGCGTGAACAC_014,17
TGTGTCAGAAGCGTGAACAC_015,175
TGTGTCAGAAGCGTGAACAC_016,39
TGTGTCAGAAGCGTGAACAC_017,66
TGTGTCAGAAGCGTGAACAC_018,124
TTTATTCTGGCCATTATTGG_001,29
ACGGTTTGGGCATTTCTACG_001,125
ACGGTTTGGGCATTTCTACG_002,14
ACGGTTTGGGCATTTCTACG_003,30
CCTCCAAGGAATCCCAGGGG_001,74
CCTCCAAGGAATCCCAGGGG_002,90
CCTCCAAGGAATCCCAGGGG_003,160
CCTCCAAGGAATCCCAGGGG_004,28
CCTCCAAGGAATCCCAGGGG_005,108
CCTCCAAGGAATCCCAGGGG_006,19
CCTCCAAGGAATCCCAGGGG_007,67
CCTCCAAGGAATCCCAGGGG_008,124
CCTCCAAGGAATCCCAGGGG_009,91
CCTCCAAGGAATCCCAGGGG_010,156
CCTCCAAGGAATCCCAGGGG_011,84
GCTGTTAGCAAAGCTAGAGA_001,49
GCTGTTAGCAAAGCTAGAGA_002,166
GCTGTTAGCAAAGCTAGAGA_003,81
GCTGTTAGCAAAGCTAGAGA_004,118
GCTGCAGCGAGACCTACCCG_001,150
GCTGCAGCGAGACCTACCCG_002,118
GCTGCAGCGAGACCTACCCG_003,34
GCTGCAGCGAGACCTACCCG_004,189
GCTGCAGCGAGACCTACCCG_005,65
GCTGCAGCGAGACCTACCCG_006,127
GCTGCAGCGAGACCTACCCG_007,151
GCTGCAGCGAGACCTACCCG_008,101
GCTGCAGCGAGACCTACCCG_009,51
GCTGCAGCGAGACCTACCCG_010,88
GCTGCAGCGAGACCTACCCG_011,133
GCTGCAGCGAGACCTACCCG_012,49
GCTGCAGCGAGACCTACCCG_013,122
GCTGCAGCGAGACCTACCCG_014,69
TTCTTTGGAAGCCCTAACAA_001,81
TTCTTTGGAAGCCCTAACAA_002,189
TTCTTTGGAAGCCCTAACAA_003,140
TTCTTTGGAAGCCCTAACAA_004,42
TTCTTTGGAAGCCCTAACAA_005,106
AGTGAAACCCCTAACCAGAG_001,159
AGTGAAACCCCTAACCAGAG_002,138
AGTGAAACCCCTAACCAGAG_003,199
AGTGAAACCCCTAACCAGAG_004,60
AGTGAAACCCCTAACCAGAG_005,49
AGTGAAACCCCTAACCAGAG_006,49
AGTGAAACCCCTAACCAGAG_007,150
AGTGAAACCCCTAACCAGAG_008,185
AGTGAAACCCCTAACCAGAG_009,74
AGATGTGTGATGGCCTTGCG_001,76
AGATGTGTGATGGCCTTGCG_002,80
AGATGTGTGATGGCCTTGCG_003,80
AGATGTGTGATGGCCTTGCG_004,174
AGATGTGTGATGGCCTTGCG_005,195
AGATGTGTGATGGCCTTGCG_006,24
AGATGTGTGATGGCCTTGCG_007,58
AGATGTGTGATGGCCTTGCG_008,160
AGATGTGTGATGGCCTTGCG_009,119
AGATGTGTGATGGCCTTGCG_010,119
AGATGTGTGATGGCCTTGCG_011,2
AGATGTGTGATGGCCTTGCG_012,48
AGATGTGTGATGGCCTTGCG_013,62
AGATGTGTGATGGCCTTGCG_014,11
AGATGTGTGATGGCCTTGCG_015,127
AGATGTGTGATGGCCTTGCG_016,169
AGATGTGTGATGGCCTTGCG_017,82
AGATGTGTGATGGCCTTGCG_018,140
AGATGTGTGATGGCCTTGCG_019,185
AGATGTGTGATGGCCTTGCG_020,162
AGATGTGTGATGGCCTTGCG_021,182
AGATGTGTGATGGCCTTGCG_022,141
AGATGTGTGATGGCCTTGCG_023,44
AGATGTGTGATGGCCTTGCG_024,62
AGATGTGTGATGGCCTTGCG_025,43
AGATGTGTGATGGCCTTGCG_026,152
AGATGTGTGATGGCCTTGCG_027,152
AGATGTGTGATGGCCTTGCG_028,94
AGATGTGTGATGGCCTTGCG_029,124
AGATGTGTGATGGCCTTGCG_030,16
AGATGTGTGATGGCCTTGCG_031,61
AGATGTGTGATGGCCTTGCG_032,37
GCTGGCCAGATGCGATGCTG_001,69
GCTGGCCAGATGCGATGCTG_002,105
GCTGGCCAGATGCGATGCTG_003,199
GCTGGCCAGATGCGATGCTG_004,91
GCTGGCCAGATGCGATGCTG_005,114
GCTGGCCAGATGCGATGCTG_006,50
GCTGGCCAGATGCGATGCTG_007,116
GCTGGCCAGATGCGATGCTG_008,3
GCTGGCCAGATGCGATGCTG_009,160
GCTGGCCAGATGCGATGCTG_010,169
GCTGGCCAGATGCGATGCTG_011,173
GCTGGCCAGATGCGATGCTG_012,173
GCTGGCCAGATGCGATGCTG_013,173
GCTGGCCAGATGCGATGCTG_014,33
GCTGGCCAGATGCGATGCTG_015,38
CTGGGGCCAAAGGTGATCCA_001,154
CTGGGGCCAAAGGTGATCCA_002,154
CTGGGGCCAAAGGTGATCCA_003,43
CTGGGGCCAAAGGTGATCCA_004,127
CTGGGGCCAAAGGTGATCCA_005,8
CTGGGGCCAAAGGTGATCCA_006,198
CTGGGGCCAAAGGTGATCCA_007,85
CTGGGGCCAAAGGTGATCCA_008,148
CTGGGGCCAAAGGTGATCCA_009,15
CTGGGGCCAAAGGTGATCCA_010,164
CTGGGGCCAAAGGTGATCCA_011,82
CTGGGGCCAAAGGTGATCCA_012,108
CTGGGGCCAAAGGTGATCCA_013,169
CTGGGGCCAAAGGTGATCCA_014,58
CTGGGGCCAAAGGTGATCCA_015,50
CTGGGGCCAAAGGTGATCCA_016,127
CTGGGGCCAAAGGTGATCCA_017,108
CTGGGGCCAAAGGTGATCCA_018,43
CTGGGGCCAAAGGTGATCCA_019,28
CTGGGGCCAAAGGTGATCCA_020,172
CTGGGGCCAAAGGTGATCCA_021,39
CTGGGGCCAAAGGTGATCCA_022,152
CTGGGGCCAAAGGTGATCCA_023,158
AGCCACGGCGTCGTCCACCC_001,149
AGCCACGGCGTCGTCCACCC_002,23
AGCCACGGCGTCGTCCACCC_003,104
AGCCACGGCGTCGTCCACCC_004,96
AGCCACGGCGTCGTCCACCC_005,145
AGCCACGGCGTCGTCCACCC_006,144
AGCCACGGCGTCGTCCACCC_007,54
AGCCACGGCGTCGTCCACCC_008,54
CTGCAGGTAGAGGTACTGCA_001,1
CTGCAGGTAGAGGTACTGCA_002,160
CTGCAGGTAGAGGTACTGCA_003,41
CTGCAGGTAGAGGTACTGCA_004,41
CTGCAGGTAGAGGTACTGCA_005,49
CTGCAGGTAGAGGTACTGCA_006,199
CTGCAGGTAGAGGTACTGCA_007,56
CTGCAGGTAGAGGTACTGCA_008,188
CTGCAGGTAGAGGTACTGCA_009,191
CTGCAGGTAGAGGTACTGCA_010,147
CTGCAGGTAGAGGTACTGCA_011,136
CTGCAGGTAGAGGTACTGCA_012,57
CTAACAGGTGAAAAGAAACT_001,61
CTAACAGGTGAAAAGAAACT_002,84
CTAACAGGTGAAAAGAAACT_003,198
CTAACAGGTGAAAAGAAACT_004,15
CTAACAGGTGAAAAGAAACT_005,113
GAGGTTGTGAATTGTACAGT_001,149
GAGGTTGTGAATTGTACAGT_002,179
GAGGTTGTGAATTGTACAGT_003,149
GAGGTTGTGAATTGTACAGT_004,192
GGTGGGCGTGTGCTACACGG_001,109
GGTGGGCGTGTGCTACACGG_002,117
GGTGGGCGTGTGCTACACGG_003,141
GGTGGGCGTGTGCTACACGG_004,32
GGTGGGCGTGTGCTACACGG_005,76
GGTGGGCGTGTGCTACACGG_006,176
GGTGGGCGTGTGCTACACGG_007,41
GGTGGGCGTGTGCTACACGG_008,48
GGTGGGCGTGTGCTACACGG_009,120
CACTGTCTGACTTACCCTCG_001,122
CACTGTCTGACTTACCCTCG_002,20
CACTGTCTGACTTACCCTCG_003,77
CACTGTCTGACTTACCCTCG_004,60
CACTGTCTGACTTACCCTCG_005,56
CACTGTCTGACTTACCCTCG_006,79
CACTGTCTGACTTACCCTCG_007,199
CACTGTCTGACTTACCCTCG_008,113
CACTGTCTGACTTACCCTCG_009,67
CACTGTCTGACTTACCCTCG_010,88
CACTGTCTGACTTACCCTCG_011,17
CACTGTCTGACTTACCCTCG_012,178
CACTGTCTGACTTACCCTCG_013,127
CACTGTCTGACTTACCCTCG_014,8
CACTGTCTGACTTACCCTCG_015,41
CACTGTCTGACTTACCCTCG_016,186
CACTGTCTGACTTACCCTCG_017,146
CACTGTCTGACTTACCCTCG_018,110
CACTGTCTGACTTACCCTCG_019,70
CACTGTCTGACTTACCCTCG_020,70
CACTGTCTGACTTACCCTCG_021,176
CACTGTCTGACTTACCCTCG_022,104
CACTGTCTGACTTACCCTCG_023,45
CACTGTCTGACTTACCCTCG_024,172
CACTGTCTGACTTACCCTCG_025,41
CACTGTCTGACTTACCCTCG_026,82
CACTGTCTGACTTACCCTCG_027,65
AAATGCAAACCAAATGTCCA_001,117
AAATGCAAACCAAATGTCCA_002,50
AAATGCAAACCAAATGTCCA_003,113
AAATGCAAACCAAATGTCCA_004,0
AAATGCAAACCAAATGTCCA_005,69
AAATGCAAACCAAATGTCCA_006,105
AAATGCAAACCAAATGTCCA_007,102
AAATGCAAACCAAATGTCCA_008,144
AAATGCAAACCAAATGTCCA_009,20
AAATGCAAACCAAATGTCCA_010,114
AAATGCAAACCAAATGTCCA_011,114
AAATGCAAACCAAATGTCCA_012,33
AAATGCAAACCAAATGTCCA_013,65
AAATGCAAACCAAATGTCCA_014,174
AAATGCAAACCAAATGTCCA_015,21
AAATGCAAACCAAATGTCCA_016,139
AAATGCAAACCAAATGTCCA_017,147
AAATGCAAACCAAATGTCCA_018,56
AAATGCAAACCAAATGTCCA_019,177
AAATGCAAACCAAATGTCCA_020,103
AAATGCAAACCAAATGTCCA_021,166
AAATGCAAACCAAATGTCCA_022,136
AAATGCAAACCAAATGTCCA_023,1
GTTGAGTAAGTTGTGAGCCA_001,15
GTTGAGTAAGTTGTGAGCCA_002,65
GTTGAGTAAGTTGTGAGCCA_003,15
GTTGAGTAAGTTGTGAGCCA_004,76
GTTGAGTAAGTTGTGAGCCA_005,107
GTTGAGTAAGTTGTGAGCCA_006,145
GTTGAGTAAGTTGTGAGCCA_007,140
GTTGAGTAAGTTGTGAGCCA_008,141
GTTGAGTAAGTTGTGAGCCA_009,127
GTTGAGTAAGTTGTGAGCCA_010,151
GTTGAGTAAGTTGTGAGCCA_011,147
GTTGAGTAAGTTGTGAGCCA_012,181
GTTGAGTAAGTTGTGAGCCA_013,50
ATCTCCGTGGACCGGTACGT_001,127
ACTGCATATTCGAATCCAGC_001,81
ACTGCATATTCGAATCCAGC_002,166
ACTGCATATTCGAATCCAGC_003,50
ACTGCATATTCGAATCCAGC_004,137
GTTAGGATCTCGGTGTGTCG_001,163
GTTAGGATCTCGGTGTGTCG_002,110
GTTAGGATCTCGGTGTGTCG_003,130
TCACCAATGAGACTCGTGAA_001,19
TCACCAATGAGACTCGTGAA_002,41
TCACCAATGAGACTCGTGAA_003,81
TCACCAATGAGACTCGTGAA_004,7
TCACCAATGAGACTCGTGAA_005,53
TCACCAATGAGACTCGTGAA_006,41
TCACCAATGAGACTCGTGAA_007,1
TCACCAATGAGACTCGTGAA_008,5
TCACCAATGAGACTCGTGAA_009,175
TCACCAATGAGACTCGTGAA_010,183
TCACCAATGAGACTCGTGAA_011,101
TCACCAATGAGACTCGTGAA_012,5
TCACCAATGAGACTCGTGAA_013,58
TCACCAATGAGACTCGTGAA_014,168
TCACCAATGAGACTCGTGAA_015,82
TCACCAATGAGACTCGTGAA_016,77
TCACCAATGAGACTCGTGAA_017,153
TCACCAATGAGACTCGTGAA_018,108
GAGGATGACAAGATCTATCG_001,168
TGGGCATCCAGCTGGCGTGG_001,157
TGGGCATCCAGCTGGCGTGG_002,52
TGGGCATCCAGCTGGCGTGG_003,100
CCAGAGATGTACCCAGTCTG_001,12
CCAGAGATGTACCCAGTCTG_002,146
CCAGAGATGTACCCAGTCTG_003,29
CCAGAGATGTACCCAGTCTG_004,9
CCAGAGATGTACCCAGTCTG_005,118
CCAGAGATGTACCCAGTCTG_006,142
CCAGAGATGTACCCAGTCTG_007,3
CCAGAGATGTACCCAGTCTG_008,181
CCAGAGATGTACCCAGTCTG_009,172
CCAGAGATGTACCCAGTCTG_010,90
CTATGCAATGGATTCCTCAG_001,26
CTATGCAATGGATTCCTCAG_002,123
CTATGCAATGGATTCCTCAG_003,137
CTGAAGTACTGCTTGGCCGA_001,0
CTGAAGTACTGCTTGGCCGA_002,155
CTGAAGTACTGCTTGGCCGA_003,93
GGGTTTGCATAATATGTGCG_001,165
GGGTTTGCATAATATGTGCG_002,16
CTGTAGTGCTCACTCAAAGG_001,27
TAACAATACTCATCGCCTAG_001,1
TAACAATACTCATCGCCTAG_002,88
TAACAATACTCATCGCCTAG_003,107
TAACAATACTCATCGCCTAG_004,88
ATCACGCTACTACCTTGACG_001,182
TTTGAGCCACCATGCCAGAG_001,68
TTTGAGCCACCATGCCAGAG_002,169
TTTGAGCCACCATGCCAGAG_003,62
TTTGAGCCACCATGCCAGAG_004,127
TTTGAGCCACCATGCCAGAG_005,173
TTTGAGCCACCATGCCAGAG_006,82
TTTGAGCCACCATGCCAGAG_007,75
TTTGAGCCACCATGCCAGAG_008,121
TTTGAGCCACCATGCCAGAG_009,55
TTTGAGCCACCATGCCAGAG_010,137
TTTGAGCCACCATGCCAGAG_011,6
TTTGAGCCACCATGCCAGAG_012,178
TTTGAGCCACCATGCCAGAG_013,78
TTTGAGCCACCATGCCAGAG_014,145
TTTGAGCCACCATGCCAGAG_015,80
GTTGGCACTGAGAGAGAACA_001,40
GTTGGCACTGAGAGAGAACA_002,12
GTTGGCACTGAGAGAGAACA_003,154
GTTGGCACTGAGAGAGAACA_004,120
GTTGGCACTGAGAGAGAACA_005,69
GTTGGCACTGAGAGAGAACA_006,174
GTTGGCACTGAGAGAGAACA_007,78
ATCCCAAAGATGGCCCCATG_001,151
ATCCCAAAGATGGCCCCATG_002,94
ATCCCAAAGATGGCCCCATG_003,191
ATCCCAAAGATGGCCCCATG_004,96
ATCCCAAAGATGGCCCCATG_005,70
ATCCCAAAGATGGCCCCATG_006,127
ATCCCAAAGATGGCCCCATG_007,32
ATCCCAAAGATGGCCCCATG_008,194
ATCCCAAAGATGGCCCCATG_009,112
ATCCCAAAGATGGCCCCATG_010,32
ATCCCAAAGATGGCCCCATG_011,154
ATCCCAAAGATGGCCCCATG_012,121
ATCCCAAAGATGGCCCCATG_013,98
ATCCCAAAGATGGCCCCATG_014,111
ATCCCAAAGATGGCCCCATG_015,147
ATCCCAAAGATGGCCCCATG_016,130
ATCCCAAAGATGGCCCCATG_017,34
ATCCCAAAGATGGCCCCATG_018,129
ATCCCAAAGATGGCCCCATG_019,26
ATCCCAAAGATGGCCCCATG_020,112
ATCCCAAAGATGGCCCCATG_021,42
ATCCCAAAGATGGCCCCATG_022,4
ATCCCAAAGATGGCCCCATG_023,143
ATCCCAAAGATGGCCCCATG_024,52
ATCCCAAAGATGGCCCCATG_025,126
ATCCCAAAGATGGCCCCATG_026,15
ATCCCAAAGATGGCCCCATG_027,84
ATCCCAAAGATGGCCCCATG_028,4
ATCCCAAAGATGGCCCCATG_029,91
AGAGTCACCTTGTAATAACT_001,184
AGAGTCACCTTGTAATAACT_002,114
AGAGTCACCTTGTAATAACT_003,178
AGAGTCACCTTGTAATAACT_004,36
CGACGATGTGGTCATTGGAA_001,160
CGACGATGTGGTCATTGGAA_002,11
CTTCTACGGTGCGTACCGAG_001,100
CTTCTACGGTGCGTACCGAG_002,104
GAGGATTACTTACTGAGACA_001,40
GAGGATTACTTACTGAGACA_002,124
GAGGATTACTTACTGAGACA_003,191
GAGGATTACTTACTGAGACA_004,130
GAGGATTACTTACTGAGACA_005,191
GAGGATTACTTACTGAGACA_006,40
GAGGATTACTTACTGAGACA_007,135
GAGGATTACTTACTGAGACA_008,67
GAGGATTACTTACTGAGACA_009,131
GAGGATTACTTACTGAGACA_010,45
GAGGATTACTTACTGAGACA_011,132
GATGCCATTACCAGTCTCCG_001,112
GATGCCATTACCAGTCTCCG_002,150
GATGCCATTACCAGTCTCCG_003,151
GATGCCATTACCAGTCTCCG_004,40
GATGCCATTACCAGTCTCCG_005,28
GATGCCATTACCAGTCTCCG_006,77
GATGCCATTACCAGTCTCCG_007,24
GCGGCCACGATAGTAGCAAG_001,11
GCGGCCACGATAGTAGCAAG_002,83
GCGGCCACGATAGTAGCAAG_003,108
GCGGCCACGATAGTAGCAAG_004,49
GCGGCCACGATAGTAGCAAG_005,1
GCGGCCACGATAGTAGCAAG_006,79
GCGGCCACGATAGTAGCAAG_007,77
GCGGCCACGATAGTAGCAAG_008,61
GCGGCCACGATAGTAGCAAG_009,21
GCGGCCACGATAGTAGCAAG_010,35
GCGGCCACGATAGTAGCAAG_011,184
GCGGCCACGATAGTAGCAAG_012,197
GTTGGCATATTGGCCCAGAC_001,89
GTTGGCATATTGGCCCAGAC_002,195
GTTGGCATATTGGCCCAGAC_003,129
GTTGGCATATTGGCCCAGAC_004,193
GTTGGCATATTGGCCCAGAC_005,140
GTTGGCATATTGGCCCAGAC_006,138
GTTGGCATATTGGCCCAGAC_007,108
GTTGGCATATTGGCCCAGAC_008,133
GTTGGCATATTGGCCCAGAC_009,88
GTTGGCATATTGGCCCAGAC_010,158
GGTTGACCTTAAGCCGAGGG_001,167
GGTTGACCTTAAGCCGAGGG_002,104
GGTTGACCTTAAGCCGAGGG_003,112
GGTTGACCTTAAGCCGAGGG_004,87
GGTTGACCTTAAGCCGAGGG_005,175
GGTTGACCTTAAGCCGAGGG_006,56
GGTTGACCTTAAGCCGAGGG_007,183
CAGGGAGCCTCGGAAAAACG_001,9
CAGGGAGCCTCGGAAAAACG_002,57
CAGGGAGCCTCGGAAAAACG_003,186
CTGGAGAATGAGCGCCGCAG_001,79
CTGGAGAATGAGCGCCGCAG_002,56
CTGGAGAATGAGCGCCGCAG_003,125
CTGGAGAATGAGCGCCGCAG_004,163
CTGGAGAATGAGCGCCGCAG_005,1
CTGGAGAATGAGCGCCGCAG_006,46
CTGGAGAATGAGCGCCGCAG_007,72
CTGGAGAATGAGCGCCGCAG_008,1
CTGGAGAATGAGCGCCGCAG_009,158
CTGGAGAATGAGCGCCGCAG_010,83
CTGGAGAATGAGCGCCGCAG_011,15
CTGGAGAATGAGCGCCGCAG_012,185
CTGGAGAATGAGCGCCGCAG_013,59
CTGGAGAATGAGCGCCGCAG_014,40
CTGGAGAATGAGCGCCGCAG_015,48
CGGTACCCGAGCAGTCAGCT_001,58
CGGTACCCGAGCAGTCAGCT_002,140
CGGTACCCGAGCAGTCAGCT_003,78
CGGTACCCGAGCAGTCAGCT_004,121
GGCTACGTGGAAACCCCTCG_001,49
GGCTACGTGGAAACCCCTCG_002,27
GGCTACGTGGAAACCCCTCG_003,49
GGCTACGTGGAAACCCCTCG_004,73
GGCTACGTGGAAACCCCTCG_005,2
AGGCGGCTCCAGTTACATGG_001,143
AGGCGGCTCCAGTTACATGG_002,46
AGGCGGCTCCAGTTACATGG_003,42
AGGCGGCTCCAGTTACATGG_004,85
AGGCGGCTCCAGTTACATGG_005,116
AGGCGGCTCCAGTTACATGG_006,49
TGCTCTCATACAGCAACTGG_001,178
TGCTCTCATACAGCAACTGG_002,149
TGCTCTCATACAGCAACTGG_003,199
TGCTCTCATACAGCAACTGG_004,29
TGGATAAACCCAGATACAAG_001,90
TGGATAAACCCAGATACAAG_002,184
TGGATAAACCCAGATACAAG_003,144
TGGATAAACCCAGATACAAG_004,46
CCTGGCACCGAAAAGACCCG_001,78
CCTGGCACCGAAAAGACCCG_002,64
CCTGGCACCGAAAAGACCCG_003,97
CCTGGCACCGAAAAGACCCG_004,150
CCTGGCACCGAAAAGACCCG_005,182
CCTGGCACCGAAAAGACCCG_006,158
CCTGGCACCGAAAAGACCCG_007,97
CCTGGCACCGAAAAGACCCG_008,176
CCTGGCACCGAAAAGACCCG_009,36
CCTGGCACCGAAAAGACCCG_010,109
CCTGGCACCGAAAAGACCCG_011,62
CCTGGCACCGAAAAGACCCG_012,138
CCTGGCACCGAAAAGACCCG_013,108
CCTGGCACCGAAAAGACCCG_014,2
CCTGGCACCGAAAAGACCCG_015,22
CCTGGCACCGAAAAGACCCG_016,96
CCTGGCACCGAAAAGACCCG_017,19
CCTGGCACCGAAAAGACCCG_018,158
CCTGGCACCGAAAAGACCCG_019,134
TTATCAAAAGAACACCAACA_001,197
TTATCAAAAGAACACCAACA_002,43
TTATCAAAAGAACACCAACA_003,53
TTATCAAAAGAACACCAACA_004,48
TTATCAAAAGAACACCAACA_005,160
TTATCAAAAGAACACCAACA_006,117
TTATCAAAAGAACACCAACA_007,102
TTATCAAAAGAACACCAACA_008,49
TTATCAAAAGAACACCAACA_009,149
TTATCAAAAGAACACCAACA_010,11
TTATCAAAAGAACACCAACA_011,34
TTATCAAAAGAACACCAACA_012,85
TTATCAAAAGAACACCAACA_013,104
TTATCAAAAGAACACCAACA_014,17
TTATCAAAAGAACACCAACA_015,34
AAATGGGATAACATTGCCGG_001,159
AAATGGGATAACATTGCCGG_002,122
AAATGGGATAACATTGCCGG_003,18
AAATGGGATAACATTGCCGG_004,32
AAATGGGATAACATTGCCGG_005,27
AAATGGGATAACATTGCCGG_006,156
AAATGGGATAACATTGCCGG_007,149
AAATGGGATAACATTGCCGG_008,73
AAATGGGATAACATTGCCGG_009,2
AAATGGGATAACATTGCCGG_010,152
AAATGGGATAACATTGCCGG_011,8
AAATGGGATAACATTGCCGG_012,113
AAATGGGATAACATTGCCGG_013,91
AAATGGGATAACATTGCCGG_014,8
TACCTGTACTACTTGGGTAG_001,13
TACCTGTACTACTTGGGTAG_002,47
TACCTGTACTACTTGGGTAG_003,25
CAGCAATTACAACCCCAAGG_001,28
CAGCAATTACAACCCCAAGG_002,56
CAGCAATTACAACCCCAAGG_003,28
CAGCAATTACAACCCCAAGG_004,127
CAGCAATTACAACCCCAAGG_005,182
GGCCGTCTACTGCTTCCACG_001,12
GGCCGTCTACTGCTTCCACG_002,119
GGCCGTCTACTGCTTCCACG_003,77
GGCCGTCTACTGCTTCCACG_004,70
GGCCGTCTACTGCTTCCACG_005,147
GGCCGTCTACTGCTTCCACG_006,174
GGCCGTCTACTGCTTCCACG_007,86
GGCCGTCTACTGCTTCCACG_008,23
GGCCGTCTACTGCTTCCACG_009,23
GGCCGTCTACTGCTTCCACG_010,115
GGCCGTCTACTGCTTCCACG_011,87
GGCCGTCTACTGCTTCCACG_012,33
GGCCGTCTACTGCTTCCACG_013,122
GGCCGTCTACTGCTTCCACG_014,115
GGCCGTCTACTGCTTCCACG_015,161
GGCCGTCTACTGCTTCCACG_016,52
GGCCGTCTACTGCTTCCACG_017,33
AATGACTGACTTGTTCCGGA_001,137
AATGACTGACTTGTTCCGGA_002,84
AATGACTGACTTGTTCCGGA_003,50
AATGACTGACTTGTTCCGGA_004,13
AATGACTGACTTGTTCCGGA_005,124
AATGACTGACTTGTTCCGGA_006,76
AATGACTGACTTGTTCCGGA_007,21
AATGACTGACTTGTTCCGGA_008,141
CTCGATGCCCAGCGACAACG_001,166
CTCGATGCCCAGCGACAACG_002,60
CTCGATGCCCAGCGACAACG_003,38
CTCGATGCCCAGCGACAACG_004,40
CTCGATGCCCAGCGACAACG_005,116
CTCGATGCCCAGCGACAACG_006,62
CTCGATGCCCAGCGACAACG_007,41
CTCGATGCCCAGCGACAACG_008,122
CTCGATGCCCAGCGACAACG_009,187
CTCGATGCCCAGCGACAACG_010,16
CTCGATGCCCAGCGACAACG_011,107
CTCGATGCCCAGCGACAACG_012,43
CTCGATGCCCAGCGACAACG_013,123
CTCGATGCCCAGCGACAACG_014,121
GCCACCATTCCCAAAATGCT_001,104
GCCACCATTCCCAAAATGCT_002,28
GCCACCATTCCCAAAATGCT_003,138
GCCACCATTCCCAAAATGCT_004,50
GCCACCATTCCCAAAATGCT_005,16
GCCACCATTCCCAAAATGCT_006,42
GCCACCATTCCCAAAATGCT_007,137
GCCACCATTCCCAAAATGCT_008,15
GCCACCATTCCCAAAATGCT_009,146
GCCACCATTCCCAAAATGCT_010,197
GCCACCATTCCCAAAATGCT_011,116
GCCACCATTCCCAAAATGCT_012,16
ATATGTGTCTAAGTACAGCC_001,84
ATATGTGTCTAAGTACAGCC_002,141
ATATGTGTCTAAGTACAGCC_003,184
ATATGTGTCTAAGTACAGCC_004,83
ATATGTGTCTAAGTACAGCC_005,106
ATATGTGTCTAAGTACAGCC_006,102
ATATGTGTCTAAGTACAGCC_007,39
ATATGTGTCTAAGTACAGCC_008,3
GGAGGCAAGTTTAACTACCA_001,146
GGAGGCAAGTTTAACTACCA_002,33
GGAGGCAAGTTTAACTACCA_003,87
GGAGGCAAGTTTAACTACCA_004,58
GGAGGCAAGTTTAACTACCA_005,32
GGAGGCAAGTTTAACTACCA_006,172
AAAGAAGGATGCGATCGTGG_001,137
AAAGAAGGATGCGATCGTGG_002,191
AAAGAAGGATGCGATCGTGG_003,94
AAAGAAGGATGCGATCGTGG_004,67
AAAGAAGGATGCGATCGTGG_005,67
AAAGAAGGATGCGATCGTGG_006,33
ACATCCCGAGACACGGTGGT_001,127
ACATCCCGAGACACGGTGGT_002,3
ACATCCCGAGACACGGTGGT_003,8
ACATCCCGAGACACGGTGGT_004,120
ACATCCCGAGACACGGTGGT_005,62
ACATCCCGAGACACGGTGGT_006,33
ACATCCCGAGACACGGTGGT_007,193
ACATCCCGAGACACGGTGGT_008,139
ACATCCCGAGACACGGTGGT_009,13
ACATCCCGAGACACGGTGGT_010,121
ACATCCCGAGACACGGTGGT_011,170
ACATCCCGAGACACGGTGGT_012,30
ACATCCCGAGACACGGTGGT_013,112
ACATCCCGAGACACGGTGGT_014,150
ACATCCCGAGACACGGTGGT_015,122
ACATCCCGAGACACGGTGGT_016,183
ACATCCCGAGACACGGTGGT_017,119
ACATCCCGAGACACGGTGGT_018,141
ACATCCCGAGACACGGTGGT_019,187
ACATCCCGAGACACGGTGGT_020,42
ACATCCCGAGACACGGTGGT_021,172
ACATCCCGAGACACGGTGGT_022,174
ACATCCCGAGACACGGTGGT_023,49
ACATCCCGAGACACGGTGGT_024,8
ACATCCCGAGACACGGTGGT_025,188
ACATCCCGAGACACGGTGGT_026,85
ACATCCCGAGACACGGTGGT_027,158
ACATCCCGAGACACGGTGGT_028,144
ACATCCCGAGACACGGTGGT_029,169
ACATCCCGAGACACGGTGGT_030,142
ACATCCCGAGACACGGTGGT_031,153
ACATCCCGAGACACGGTGGT_032,110
CTTAGGCTATAATCACAATG_001,41
CTTAGGCTATAATCACAATG_002,181
CTTAGGCTATAATCACAATG_003,91
CTTAGGCTATAATCACAATG_004,184
CTTAGGCTATAATCACAATG_005,156
CCGCGACCACTCACGCTGCG_001,47
GGCCACCCATTGAGAAAACA_001,113
GGCCACCCATTGAGAAAACA_002,79
GGCCACCCATTGAGAAAACA_003,110
GGCCACCCATTGAGAAAACA_004,88
GGCCACCCATTGAGAAAACA_005,162
GTCCTGGAAAACCTCGGGAA_001,130
GTCCTGGAAAACCTCGGGAA_002,119
GTCCTGGAAAACCTCGGGAA_003,12
GTCCTGGAAAACCTCGGGAA_004,76
GTCCTGGAAAACCTCGGGAA_005,118
GTCCTGGAAAACCTCGGGAA_006,155
GTCCTGGAAAACCTCGGGAA_007,140
GTCCTGGAAAACCTCGGGAA_008,170
GTCCTGGAAAACCTCGGGAA_009,9
GTCCTGGAAAACCTCGGGAA_010,166
GTCCTGGAAAACCTCGGGAA_011,132
GTCCTGGAAAACCTCGGGAA_012,127
GTCCTGGAAAACCTCGGGAA_013,58
GTCCTGGAAAACCTCGGGAA_014,145
GTCCTGGAAAACCTCGGGAA_015,169
GTCCTGGAAAACCTCGGGAA_016,165
GTCCTGGAAAACCTCGGGAA_017,139
CTCAAAGCCACAGTCCACGA_001,159
CTCAAAGCCACAGTCCACGA_002,69
CTCAAAGCCACAGTCCACGA_003,8
CTCAAAGCCACAGTCCACGA_004,162
CTCAAAGCCACAGTCCACGA_005,119
CTCAAAGCCACAGTCCACGA_006,19
CTCAAAGCCACAGTCCACGA_007,2
CTCAAAGCCACAGTCCACGA_008,184
GGGTCCCAGCTACTCACGTG_001,149
GGGTCCCAGCTACTCACGTG_002,102
GGGTCCCAGCTACTCACGTG_003,101
GGGTCCCAGCTACTCACGTG_004,70
GGGTCCCAGCTACTCACGTG_005,26
GGGTCCCAGCTACTCACGTG_006,103
GGGTCCCAGCTACTCACGTG_007,2
GGGTCCCAGCTACTCACGTG_008,144
GGGTCCCAGCTACTCACGTG_009,50
GGGTCCCAGCTACTCACGTG_010,12
GGGTCCCAGCTACTCACGTG_011,8
ATAGATCCCAAGCATCAGGG_001,63
ATAGATCCCAAGCATCAGGG_002,127
ATAGATCCCAAGCATCAGGG_003,109
ATAGATCCCAAGCATCAGGG_004,120
ATAGATCCCAAGCATCAGGG_005,126
ATAGATCCCAAGCATCAGGG_006,9
ATAGATCCCAAGCATCAGGG_007,59
ATAGATCCCAAGCATCAGGG_008,83
ATAGATCCCAAGCATCAGGG_009,174
ATAGATCCCAAGCATCAGGG_010,5
ATAGATCCCAAGCATCAGGG_011,127
ATAGATCCCAAGCATCAGGG_012,137
ATAGATCCCAAGCATCAGGG_013,146
ATAGATCCCAAGCATCAGGG_014,104
ATAGATCCCAAGCATCAGGG_015,0
ATAGATCCCAAGCATCAGGG_016,98
ATAGATCCCAAGCATCAGGG_017,9
AGGACAACTACAAAGCCTAA_001,107
AGGACAACTACAAAGCCTAA_002,181
AGGACAACTACAAAGCCTAA_003,80
ATGGATAGTGATGTCTCTGA_001,124
ATGGATAGTGATGTCTCTGA_002,186
ATGGATAGTGATGTCTCTGA_003,48
ATGGATAGTGATGTCTCTGA_004,195
ATGGATAGTGATGTCTCTGA_005,67
AGACACTACTCGGTTGACAC_001,12
AGACACTACTCGGTTGACAC_002,5
AGACACTACTCGGTTGACAC_003,96
AGACACTACTCGGTTGACAC_004,57
AGACACTACTCGGTTGACAC_005,1
AGACACTACTCGGTTGACAC_006,105
AGACACTACTCGGTTGACAC_007,91
GTGTGAAAGAATTTCTTATG_001,186
GTTCTTAAATCGAGATCTGG_001,41
GTTCTTAAATCGAGATCTGG_002,68
GTTCTTAAATCGAGATCTGG_003,65
GTTCTTAAATCGAGATCTGG_004,170
GTTCTTAAATCGAGATCTGG_005,35
GTTCTTAAATCGAGATCTGG_006,41
GGAGCAGGGGGAAGTCGTAG_001,50
GGAGCAGGGGGAAGTCGTAG_002,158
GGAGCAGGGGGAAGTCGTAG_003,78
GCTCCGGCGTGTTACCCGAG_001,158
GCTCCGGCGTGTTACCCGAG_002,16
GCTGCCAAGGAGGAGTACAA_001,54
GCTGCCAAGGAGGAGTACAA_002,172
GCTGCCAAGGAGGAGTACAA_003,194
GCTGCCAAGGAGGAGTACAA_004,51
GCTGCCAAGGAGGAGTACAA_005,36
GCTGCCAAGGAGGAGTACAA_006,91
GCTGCCAAGGAGGAGTACAA_007,8
GCTGCCAAGGAGGAGTACAA_008,183
GCTGCCAAGGAGGAGTACAA_009,12
GTTCATTGCAAATTGCACAC_001,94
GTTCATTGCAAATTGCACAC_002,141
GTTCATTGCAAATTGCACAC_003,11
GTTCATTGCAAATTGCACAC_004,63
GTTCATTGCAAATTGCACAC_005,157
TCATCTGTCTACCTACAGCC_001,125
TCATCTGTCTACCTACAGCC_002,105
TCATCTGTCTACCTACAGCC_003,68
TCATCTGTCTACCTACAGCC_004,138
ATGGACGCAGAGCCCCCTTG_001,6
ATGGACGCAGAGCCCCCTTG_002,178
ATGGACGCAGAGCCCCCTTG_003,44
ATGGACGCAGAGCCCCCTTG_004,166
ATGGACGCAGAGCCCCCTTG_005,42
ATGGACGCAGAGCCCCCTTG_006,140
ATGGACGCAGAGCCCCCTTG_007,60
ATGGACGCAGAGCCCCCTTG_008,154
ATGGACGCAGAGCCCCCTTG_009,98
ATGGACGCAGAGCCCCCTTG_010,13
ATGGACGCAGAGCCCCCTTG_011,119
ATGGACGCAGAGCCCCCTTG_012,127
ATGGACGCAGAGCCCCCTTG_013,110
ATGGACGCAGAGCCCCCTTG_014,125
ATGGACGCAGAGCCCCCTTG_015,126
ATGGACGCAGAGCCCCCTTG_016,195
ATGGACGCAGAGCCCCCTTG_017,144
ATGGACGCAGAGCCCCCTTG_018,31
ATGGACGCAGAGCCCCCTTG_019,30
ATGGACGCAGAGCCCCCTTG_020,108
ATGGACGCAGAGCCCCCTTG_021,31
ATGGACGCAGAGCCCCCTTG_022,177
ATGGACGCAGAGCCCCCTTG_023,11
ATGGACGCAGAGCCCCCTTG_024,118
ATGGACGCAGAGCCCCCTTG_025,39
ATGGACGCAGAGCCCCCTTG_026,49
ATGGACGCAGAGCCCCCTTG_027,16
ATGGACGCAGAGCCCCCTTG_028,66
ATGGACGCAGAGCCCCCTTG_029,27
ATGGACGCAGAGCCCCCTTG_030,52
ATGGACGCAGAGCCCCCTTG_031,39
ATGGACGCAGAGCCCCCTTG_032,112
ATGGACGCAGAGCCCCCTTG_033,144
ATGGACGCAGAGCCCCCTTG_034,2
ATGGACGCAGAGCCCCCTTG_035,165
ATGGACGCAGAGCCCCCTTG_036,56
ATGGACGCAGAGCCCCCTTG_037,127
ACAACCTACTCGACCCACGG_001,115
ACAACCTACTCGACCCACGG_002,17
ACAACCTACTCGACCCACGG_003,92
ACAACCTACTCGACCCACGG_004,21
ACAACCTACTCGACCCACGG_005,12
ACAACCTACTCGACCCACGG_006,182
ACAACCTACTCGACCCACGG_007,61
ACAACCTACTCGACCCACGG_008,82
ACAACCTACTCGACCCACGG_009,169
ACAACCTACTCGACCCACGG_010,46
ACAACCTACTCGACCCACGG_011,137
ACAACCTACTCGACCCACGG_012,125
CCTTTGTCAGCCACCCAGCG_001,137
CCTTTGTCAGCCACCCAGCG_002,103
CCTTTGTCAGCCACCCAGCG_003,1
CCTTTGTCAGCCACCCAGCG_004,184
CCTTTGTCAGCCACCCAGCG_005,179
CCTTTGTCAGCCACCCAGCG_006,17
TTGTTGGGGACATTAGGACT_001,149
TTGTTGGGGACATTAGGACT_002,189
TTGTTGGGGACATTAGGACT_003,125
TTGTTGGGGACATTAGGACT_004,80
TTGTTGGGGACATTAGGACT_005,181
TTGTTGGGGACATTAGGACT_006,46
TTGTTGGGGACATTAGGACT_007,10
TTGTTGGGGACATTAGGACT_008,63
TTGTTGGGGACATTAGGACT_009,46
TTGTTGGGGACATTAGGACT_010,136
CCGGGGCAACTCACGGTGAG_001,26
CCGGGGCAACTCACGGTGAG_002,125
CCGGGGCAACTCACGGTGAG_003,147
CCGGGGCAACTCACGGTGAG_004,105
CCGGGGCAACTCACGGTGAG_005,84
CCGGGGCAACTCACGGTGAG_006,17
CCGGGGCAACTCACGGTGAG_007,193
CCGGGGCAACTCACGGTGAG_008,12
CCGGGGCAACTCACGGTGAG_009,178
CCGGGGCAACTCACGGTGAG_010,108
CCGGGGCAACTCACGGTGAG_011,29
CCGGGGCAACTCACGGTGAG_012,163
CCGGGGCAACTCACGGTGAG_013,85
CCGGGGCAACTCACGGTGAG_014,174
CCGGGGCAACTCACGGTGAG_015,51
CCGGGGCAACTCACGGTGAG_016,13
CCGGGGCAACTCACGGTGAG_017,128
CCGGGGCAACTCACGGTGAG_018,20
CCGGGGCAACTCACGGTGAG_019,138
CCGGGGCAACTCACGGTGAG_020,97
CCGGGGCAACTCACGGTGAG_021,47
TGCGTATGGTCACATAAGAG_001,183
TGCGTATGGTCACATAAGAG_002,153
ATTGCAGCCAGAATTGTGCT_001,147
ATTGCAGCCAGAATTGTGCT_002,5
ATTGCAGCCAGAATTGTGCT_003,26
ATTGCAGCCAGAATTGTGCT_004,102
ATTGCAGCCAGAATTGTGCT_005,41
ATTGCAGCCAGAATTGTGCT_006,56
CAGCTGGAACTACATGACAA_001,188
CAGCTGGAACTACATGACAA_002,78
CAGCTGGAACTACATGACAA_003,162
CAGCTGGAACTACATGACAA_004,6
CAGCTGGAACTACATGACAA_005,196
CAGCTGGAACTACATGACAA_006,4
CAGCTGGAACTACATGACAA_007,93
CAGCTGGAACTACATGACAA_008,73
CAGCTGGAACTACATGACAA_009,46
CAGCTGGAACTACATGACAA_010,138
CAGCTGGAACTACATGACAA_011,142
CAGCTGGAACTACATGACAA_012,79
CAGCTGGAACTACATGACAA_013,130
CAAGCATCTTCTTCCAGACG_001,49
AGAACCCACAGCTAAAGACA_001,84
AGAACCCACAGCTAAAGACA_002,127
AGAACCCACAGCTAAAGACA_003,60
AGAACCCACAGCTAAAGACA_004,36
AGAACCCACAGCTAAAGACA_005,192
AGAACCCACAGCTAAAGACA_006,67
AGAACCCACAGCTAAAGACA_007,156
AGAACCCACAGCTAAAGACA_008,123
AGAACCCACAGCTAAAGACA_009,102
AGAACCCACAGCTAAAGACA_010,121
AGAACCCACAGCTAAAGACA_011,94
GGCTACGGAGGCTACGGATA_001,40
GGCTACGGAGGCTACGGATA_002,38
GGCTACGGAGGCTACGGATA_003,155
GGCTACGGAGGCTACGGATA_004,188
CTCACTCAACTGTGACTGCA_001,128
CTCACTCAACTGTGACTGCA_002,130
CTCACTCAACTGTGACTGCA_003,198
CTCACTCAACTGTGACTGCA_004,48
CTCACTCAACTGTGACTGCA_005,16
CTCACTCAACTGTGACTGCA_006,43
CTCACTCAACTGTGACTGCA_007,49
CTCACTCAACTGTGACTGCA_008,62
CTCACTCAACTGTGACTGCA_009,160
CTCACTCAACTGTGACTGCA_010,148
CTCACTCAACTGTGACTGCA_011,103
CTCACTCAACTGTGACTGCA_012,79
CTCACTCAACTGTGACTGCA_013,178
CTCACTCAACTGTGACTGCA_014,104
CTCACTCAACTGTGACTGCA_015,62
CTCACTCAACTGTGACTGCA_016,52
CTCACTCAACTGTGACTGCA_017,88
CTCACTCAACTGTGACTGCA_018,94
CTCACTCAACTGTGACTGCA_019,145
CTCACTCAACTGTGACTGCA_020,114
CTCACTCAACTGTGACTGCA_021,168
CTCACTCAACTGTGACTGCA_022,15
CTCACTCAACTGTGACTGCA_023,34
GGGGAACTCAGGTTACACAC_001,176
GGGGAACTCAGGTTACACAC_002,102
GGGGAACTCAGGTTACACAC_003,137
GGGGAACTCAGGTTACACAC_004,174
GGGGAACTCAGGTTACACAC_005,86
GGGGAACTCAGGTTACACAC_006,141
GGGGAACTCAGGTTACACAC_007,147
GGGGAACTCAGGTTACACAC_008,81
GGGGAACTCAGGTTACACAC_009,3
GGGGAACTCAGGTTACACAC_010,78
TGCTCAAGCTTCCTGCAGTG_001,48
TGCTCAAGCTTCCTGCAGTG_002,63
TGCTCAAGCTTCCTGCAGTG_003,113
TGCTCAAGCTTCCTGCAGTG_004,6
TGCTCAAGCTTCCTGCAGTG_005,6
TGCTCAAGCTTCCTGCAGTG_006,141
TGCTCAAGCTTCCTGCAGTG_007,10
TGCTCAAGCTTCCTGCAGTG_008,4
TGCTCAAGCTTCCTGCAGTG_009,104
CTATCATAACCTGATATCAG_001,25
CTATCATAACCTGATATCAG_002,163
CTATCATAACCTGATATCAG_003,52
CTATCATAACCTGATATCAG_004,61
CTAGTATCTGCTCAAAGCCG_001,91
CTAGTATCTGCTCAAAGCCG_002,29
CTAGTATCTGCTCAAAGCCG_003,13
AGGTTGTCAATCAAGGGACT_001,169
AGGTTGTCAATCAAGGGACT_002,8
AGGTTGTCAATCAAGGGACT_003,98
AGGTTGTCAATCAAGGGACT_004,46
AGGTTGTCAATCAAGGGACT_005,191
AGGTTGTCAATCAAGGGACT_006,197
AGGTTGTCAATCAAGGGACT_007,79
TGAGTACAGTCGGAAACTAG_001,80
TGAGTACAGTCGGAAACTAG_002,105
TGAGTACAGTCGGAAACTAG_003,199
TGAGTACAGTCGGAAACTAG_004,25
CCGGCCAGGTGAAGCCGAAG_001,137
CCGGCCAGGTGAAGCCGAAG_002,194
CCGGCCAGGTGAAGCCGAAG_003,158
GCCCGCCGACTCACTTCTTG_001,176
GCCCGCCGACTCACTTCTTG_002,198
GCCCGCCGACTCACTTCTTG_003,154
GCCCGCCGACTCACTTCTTG_004,154
GCCCGCCGACTCACTTCTTG_005,169
GCCCGCCGACTCACTTCTTG_006,76
GCCCGCCGACTCACTTCTTG_007,168
GCCCGCCGACTCACTTCTTG_008,49
GCCCGCCGACTCACTTCTTG_009,61
GAACACGATGTCCACGTCCG_001,137
GAACACGATGTCCACGTCCG_002,147
GAACACGATGTCCACGTCCG_003,195
GAACACGATGTCCACGTCCG_004,140
GAACACGATGTCCACGTCCG_005,129
GAACACGATGTCCACGTCCG_006,52
GAACACGATGTCCACGTCCG_007,90
GGTAGCAGTTCTGACGACAG_001,12
GGTAGCAGTTCTGACGACAG_002,50
GGTAGCAGTTCTGACGACAG_003,58
GGTAGCAGTTCTGACGACAG_004,21
GGTAGCAGTTCTGACGACAG_005,184
TTCGAACTGCAATATATCAG_001,121
CCCCTGCACAAAGTGTACAA_001,183
CCCCTGCACAAAGTGTACAA_002,116
CCCCTGCACAAAGTGTACAA_003,199
CCCCTGCACAAAGTGTACAA_004,48
CCCCTGCACAAAGTGTACAA_005,191
GCGACCCAGTTCGTCTAGGG_001,160
GCGACCCAGTTCGTCTAGGG_002,14
GCGACCCAGTTCGTCTAGGG_003,76
GCGACCCAGTTCGTCTAGGG_004,98
GCGACCCAGTTCGTCTAGGG_005,98
GCGACCCAGTTCGTCTAGGG_006,164
GCGACCCAGTTCGTCTAGGG_007,148
GCGACCCAGTTCGTCTAGGG_008,168
GCGACCCAGTTCGTCTAGGG_009,174
GCGACCCAGTTCGTCTAGGG_010,138
GCGACCCAGTTCGTCTAGGG_011,81
GCGACCCAGTTCGTCTAGGG_012,189
GCGACCCAGTTCGTCTAGGG_013,78
GCGACCCAGTTCGTCTAGGG_014,144
GCGACCCAGTTCGTCTAGGG_015,111
ATAGGAGGGCAGACAATAGG_001,78
ATAGGAGGGCAGACAATAGG_002,1
ATAGGAGGGCAGACAATAGG_003,131
ATAGGAGGGCAGACAATAGG_004,60
ATAGGAGGGCAGACAATAGG_005,94
ATAGGAGGGCAGACAATAGG_006,101
ATAGGAGGGCAGACAATAGG_007,2
ATAGGAGGGCAGACAATAGG_008,19
ATAGGAGGGCAGACAATAGG_009,8
ATAGGAGGGCAGACAATAGG_010,89
TACCTGGTACAGTGAAACGA_001,157
TACCTGGTACAGTGAAACGA_002,28
TACCTGGTACAGTGAAACGA_003,78
TACCTGGTACAGTGAAACGA_004,6
TACCTGGTACAGTGAAACGA_005,65
TACCTGGTACAGTGAAACGA_006,33
TACCTGGTACAGTGAAACGA_007,43
CTTCGGGCGACCATACCTGG_001,121
CTTCGGGCGACCATACCTGG_002,60
CTTCGGGCGACCATACCTGG_003,148
CTTCGGGCGACCATACCTGG_004,16
CTTCGGGCGACCATACCTGG_005,12
CTTCGGGCGACCATACCTGG_006,94
CTTCGGGCGACCATACCTGG_007,162
CTTCGGGCGACCATACCTGG_008,76
CTTCGGGCGACCATACCTGG_009,154
GAAAATGGACCCAGCCGAAG_001,122
GAAAATGGACCCAGCCGAAG_002,162
GAAAATGGACCCAGCCGAAG_003,134
GAAAATGGACCCAGCCGAAG_004,103
GAAAATGGACCCAGCCGAAG_005,56
GAAAATGGACCCAGCCGAAG_006,102
AAGAGATGCACAGTGATCGG_001,102
AAGAGATGCACAGTGATCGG_002,197
AAGAGATGCACAGTGATCGG_003,12
AAGAGATGCACAGTGATCGG_004,169
AAGAGATGCACAGTGATCGG_005,8
AAGAGATGCACAGTGATCGG_006,170
AAGAGATGCACAGTGATCGG_007,156
AAGAGATGCACAGTGATCGG_008,42
AAGAGATGCACAGTGATCGG_009,183
AAGAGATGCACAGTGATCGG_010,142
AAGAGATGCACAGTGATCGG_011,149
AAGAGATGCACAGTGATCGG_012,148
AAGAGATGCACAGTGATCGG_013,58
AAGAGATGCACAGTGATCGG_014,57
AAGAGATGCACAGTGATCGG_015,171
AAGAGATGCACAGTGATCGG_016,49
AAGAGATGCACAGTGATCGG_017,142
AAGAGATGCACAGTGATCGG_018,166
AAGAGATGCACAGTGATCGG_019,43
AAGAGATGCACAGTGATCGG_020,124
AAGAGATGCACAGTGATCGG_021,58
TTGGTAGAATTCTCTCCACC_001,194
TTGGTAGAATTCTCTCCACC_002,29
TCAGTCAGCAGTTATGCAGG_001,117
TCAGTCAGCAGTTATGCAGG_002,180
TCAGTCAGCAGTTATGCAGG_003,50
TCAGTCAGCAGTTATGCAGG_004,178
TCAGTCAGCAGTTATGCAGG_005,127
TCAGTCAGCAGTTATGCAGG_006,41
TCAGTCAGCAGTTATGCAGG_007,69
TCAGTCAGCAGTTATGCAGG_008,159
TCAGTCAGCAGTTATGCAGG_009,166
TCAGTCAGCAGTTATGCAGG_010,79
TCAGTCAGCAGTTATGCAGG_011,9
ATTGAGCAGTGGAATCCCGT_001,57
ATTGAGCAGTGGAATCCCGT_002,123
ATTGAGCAGTGGAATCCCGT_003,37
ATTGAGCAGTGGAATCCCGT_004,197
ATTGAGCAGTGGAATCCCGT_005,93
ATTGAGCAGTGGAATCCCGT_006,15
ATTGAGCAGTGGAATCCCGT_007,32
ATTGAGCAGTGGAATCCCGT_008,94
ATTGAGCAGTGGAATCCCGT_009,55
ATTGAGCAGTGGAATCCCGT_010,82
ATTGAGCAGTGGAATCCCGT_011,72
ATTGAGCAGTGGAATCCCGT_012,105
ATTGAGCAGTGGAATCCCGT_013,197
ATTGAGCAGTGGAATCCCGT_014,76
ATTGAGCAGTGGAATCCCGT_015,169
ATTGAGCAGTGGAATCCCGT_016,193
ATTGAGCAGTGGAATCCCGT_017,1
ATTGAGCAGTGGAATCCCGT_018,4
ATTGAGCAGTGGAATCCCGT_019,95
ATTGTCTCAGATAACGTAGT_001,45
ATTGTCTCAGATAACGTAGT_002,102
ATTGTCTCAGATAACGTAGT_003,16
ATTGTCTCAGATAACGTAGT_004,62
CGAGGCTGGGCCATCAACGT_001,77
CGAGGCTGGGCCATCAACGT_002,77
CGAGGCTGGGCCATCAACGT_003,169
CGAGGCTGGGCCATCAACGT_004,123
CGAGGCTGGGCCATCAACGT_005,94
CGAGGCTGGGCCATCAACGT_006,17
CGCGAAAGGAATTGGCCGTG_001,178
CGCGAAAGGAATTGGCCGTG_002,166
CGCGAAAGGAATTGGCCGTG_003,34
CGCGAAAGGAATTGGCCGTG_004,155
CGCGAAAGGAATTGGCCGTG_005,153
CGCGAAAGGAATTGGCCGTG_006,187
AAACGTGGTGAACCGCATGA_001,69
AAACGTGGTGAACCGCATGA_002,199
AAACGTGGTGAACCGCATGA_003,168
AAACGTGGTGAACCGCATGA_004,130
AAACGTGGTGAACCGCATGA_005,69
AAACGTGGTGAACCGCATGA_006,144
AAACGTGGTGAACCGCATGA_007,176
AAACGTGGTGAACCGCATGA_008,182
AAACGTGGTGAACCGCATGA_009,120
AAACGTGGTGAACCGCATGA_010,6
AAACGTGGTGAACCGCATGA_011,6
AAACGTGGTGAACCGCATGA_012,179
AAACGTGGTGAACCGCATGA_013,42
AAACGTGGTGAACCGCATGA_014,146
AAACGTGGTGAACCGCATGA_015,100
AAACGTGGTGAACCGCATGA_016,147
AAACGTGGTGAACCGCATGA_017,38
AAACGTGGTGAACCGCATGA_018,168
CAGCATCTACGTGTGCAGAG_001,41
CAGCATCTACGTGTGCAGAG_002,134
CAGCATCTACGTGTGCAGAG_003,55
CAGCATCTACGTGTGCAGAG_004,154
CAGCATCTACGTGTGCAGAG_005,37
CAGCATCTACGTGTGCAGAG_006,48
CAGCATCTACGTGTGCAGAG_007,113
CCACGGGCGCAGTTCAACCA_001,164
CCACGGGCGCAGTTCAACCA_002,25
CCACGGGCGCAGTTCAACCA_003,33
CCACGGGCGCAGTTCAACCA_004,18
CCACGGGCGCAGTTCAACCA_005,144
CCACGGGCGCAGTTCAACCA_006,168
CCACGGGCGCAGTTCAACCA_007,169
CCACGGGCGCAGTTCAACCA_008,94
CCACGGGCGCAGTTCAACCA_009,90
CCACGGGCGCAGTTCAACCA_010,68
CCACGGGCGCAGTTCAACCA_011,191
CCACGGGCGCAGTTCAACCA_012,160
CCACGGGCGCAGTTCAACCA_013,26
CCACGGGCGCAGTTCAACCA_014,83
CCACGGGCGCAGTTCAACCA_015,66
CCACGGGCGCAGTTCAACCA_016,168
GCAACACTCCTACTCCATGG_001,26
GCAACACTCCTACTCCATGG_002,103
GCAACACTCCTACTCCATGG_003,114
GCAACACTCCTACTCCATGG_004,170
GCAACACTCCTACTCCATGG_005,191
CAGCACGCGAACCCCGTTGG_001,163
CAGCACGCGAACCCCGTTGG_002,8
CAGCACGCGAACCCCGTTGG_003,76
CAGCACGCGAACCCCGTTGG_004,160
CAGCACGCGAACCCCGTTGG_005,77
CAGCACGCGAACCCCGTTGG_006,91
CAGCACGCGAACCCCGTTGG_007,188
GGAAATCAGCGGGTTCGAAG_001,159
GGAAATCAGCGGGTTCGAAG_002,11
GGAAATCAGCGGGTTCGAAG_003,25
CATGTTCCGCGGCTACTCTG_001,169
CATGTTCCGCGGCTACTCTG_002,12
CATGTTCCGCGGCTACTCTG_003,169
CATGTTCCGCGGCTACTCTG_004,32
CATGTTCCGCGGCTACTCTG_005,23
CATGTTCCGCGGCTACTCTG_006,178
CATGTTCCGCGGCTACTCTG_007,170
CATGTTCCGCGGCTACTCTG_008,65
CATGTTCCGCGGCTACTCTG_009,76
CATGTTCCGCGGCTACTCTG_010,110
CATGTTCCGCGGCTACTCTG_011,2
CATGTTCCGCGGCTACTCTG_012,50
CATGTTCCGCGGCTACTCTG_013,159
CATGTTCCGCGGCTACTCTG_014,37
CATGTTCCGCGGCTACTCTG_015,169
CATGTTCCGCGGCTACTCTG_016,47
CATGTTCCGCGGCTACTCTG_017,117
CATGTTCCGCGGCTACTCTG_018,72
CATGTTCCGCGGCTACTCTG_019,72
CATGTTCCGCGGCTACTCTG_020,125
CATGTTCCGCGGCTACTCTG_021,160
CATGTTCCGCGGCTACTCTG_022,121
CATTCCAATCACCAACAAAG_001,35
CATTCCAATCACCAACAAAG_002,24
CATTCCAATCACCAACAAAG_003,192
CATTCCAATCACCAACAAAG_004,141
CATTCCAATCACCAACAAAG_005,16
CATTCCAATCACCAACAAAG_006,86
CATTCCAATCACCAACAAAG_007,162
CATTCCAATCACCAACAAAG_008,19
CATTCCAATCACCAACAAAG_009,66
CATTCCAATCACCAACAAAG_010,30
TGGTGGATTCAATGGCTGAG_001,194
TGGTGGATTCAATGGCTGAG_002,170
TGGTGGATTCAATGGCTGAG_003,161
TGGTGGATTCAATGGCTGAG_004,197
TGGTGGATTCAATGGCTGAG_005,117
TGGTGGATTCAATGGCTGAG_006,113
TGGTGGATTCAATGGCTGAG_007,147
TGGTGGATTCAATGGCTGAG_008,128
GAATCCTTATACTGAGTCAG_001,62
GAATCCTTATACTGAGTCAG_002,31
GAATCCTTATACTGAGTCAG_003,44
GAATCCTTATACTGAGTCAG_004,124
GAATCCTTATACTGAGTCAG_005,140
GAATCCTTATACTGAGTCAG_006,127
GAATCCTTATACTGAGTCAG_007,32
GAATCCTTATACTGAGTCAG_008,41
GAATCCTTATACTGAGTCAG_009,104
GAATCCTTATACTGAGTCAG_010,171
CGCGTCAAGCACCACACCAG_001,26
CGCGTCAAGCACCACACCAG_002,15
CGCGTCAAGCACCACACCAG_003,2
CGCGTCAAGCACCACACCAG_004,105
CGCGTCAAGCACCACACCAG_005,84
CGCGTCAAGCACCACACCAG_006,166
CGCGTCAAGCACCACACCAG_007,132
CGCGTCAAGCACCACACCAG_008,91
CGCGTCAAGCACCACACCAG_009,72
CGCGTCAAGCACCACACCAG_010,186
CGCGTCAAGCACCACACCAG_011,88
CGCGTCAAGCACCACACCAG_012,168
CGCGTCAAGCACCACACCAG_013,161
CGCGTCAAGCACCACACCAG_014,99
CGCGTCAAGCACCACACCAG_015,166
CGCGTCAAGCACCACACCAG_016,87
CGCGTCAAGCACCACACCAG_017,87
GCAGCATCCTCTGTTCGCAG_001,156
GCAGCATCCTCTGTTCGCAG_002,125
GCAGCATCCTCTGTTCGCAG_003,199
GCAGCATCCTCTGTTCGCAG_004,13
GCAGCATCCTCTGTTCGCAG_005,112
GCAGCATCCTCTGTTCGCAG_006,134
GCAGCATCCTCTGTTCGCAG_007,183
GCAGCATCCTCTGTTCGCAG_008,194
GCAGCATCCTCTGTTCGCAG_009,131
GCAGCATCCTCTGTTCGCAG_010,30
GCAGCATCCTCTGTTCGCAG_011,104
GCAGCATCCTCTGTTCGCAG_012,15
GCAGCATCCTCTGTTCGCAG_013,100
GCAGCATCCTCTGTTCGCAG_014,6
GCAGCATCCTCTGTTCGCAG_015,62
GCAGCATCCTCTGTTCGCAG_016,179
GCAGCATCCTCTGTTCGCAG_017,51
TGCCATTGAAGTTATGACCG_001,88
TGCCATTGAAGTTATGACCG_002,170
TGCCATTGAAGTTATGACCG_003,78
TGCCATTGAAGTTATGACCG_004,146
GGTCCTGAGGGATATAGTGT_001,159
GGTCCTGAGGGATATAGTGT_002,199
GTTGCGCCAAGTTTGCACTC_001,81
GTTGCGCCAAGTTTGCACTC_002,1
GTTGCGCCAAGTTTGCACTC_003,54
GTTGCGCCAAGTTTGCACTC_004,107
GTTGCGCCAAGTTTGCACTC_005,41
GTTGCGCCAAGTTTGCACTC_006,127
GTTGCGCCAAGTTTGCACTC_007,35
GTTGCGCCAAGTTTGCACTC_008,161
GTTGCGCCAAGTTTGCACTC_009,145
GTTGCGCCAAGTTTGCACTC_010,173
GTTGCGCCAAGTTTGCACTC_011,50
GTTGCGCCAAGTTTGCACTC_012,176
GTTGCGCCAAGTTTGCACTC_013,145
GTTGCGCCAAGTTTGCACTC_014,144
GTTGCGCCAAGTTTGCACTC_015,62
GTTGCGCCAAGTTTGCACTC_016,53
GTTGCGCCAAGTTTGCACTC_017,150
GTTGCGCCAAGTTTGCACTC_018,7
GTTGCGCCAAGTTTGCACTC_019,1
GTTGCGCCAAGTTTGCACTC_020,27
GTTGCGCCAAGTTTGCACTC_021,187
GTTGCGCCAAGTTTGCACTC_022,160
GTTGCGCCAAGTTTGCACTC_023,146
GTTGCGCCAAGTTTGCACTC_024,158
GTTGCGCCAAGTTTGCACTC_025,72
GTTGCGCCAAGTTTGCACTC_026,184
GTTGCGCCAAGTTTGCACTC_027,41
GTTGCGCCAAGTTTGCACTC_028,55
GTTGCGCCAAGTTTGCACTC_029,190
GTTGCGCCAAGTTTGCACTC_030,127
GTTGCGCCAAGTTTGCACTC_031,127
GTTGCGCCAAGTTTGCACTC_032,134
GTTGCGCCAAGTTTGCACTC_033,32
GTTGCGCCAAGTTTGCACTC_034,190
GTTGCGCCAAGTTTGCACTC_035,60
GTTGCGCCAAGTTTGCACTC_036,4
GTTGCGCCAAGTTTGCACTC_037,29
GTTGCGCCAAGTTTGCACTC_038,18
GTTGCGCCAAGTTTGCACTC_039,13
CCTGCTCATACTCCACACAC_001,169
CCTGCTCATACTCCACACAC_002,160
TGTTACTGCAGGGAATGCAT_001,53
TGTTACTGCAGGGAATGCAT_002,49
TGTTACTGCAGGGAATGCAT_003,50
TGTTACTGCAGGGAATGCAT_004,66
TGTTACTGCAGGGAATGCAT_005,60
TGTTACTGCAGGGAATGCAT_006,198
CAAGCATTTAGACACCTGTC_001,163
CAAGCATTTAGACACCTGTC_002,137
CAAGCATTTAGACACCTGTC_003,124
CAAGCATTTAGACACCTGTC_004,18
CAAGCATTTAGACACCTGTC_005,115
CAAGCATTTAGACACCTGTC_006,130
CAAGCATTTAGACACCTGTC_007,29
CAAGCATTTAGACACCTGTC_008,19
CAAGCATTTAGACACCTGTC_009,127
CAAGCATTTAGACACCTGTC_010,134
CAAGCATTTAGACACCTGTC_011,45
CAAGCATTTAGACACCTGTC_012,161
CAAGCATTTAGACACCTGTC_013,18
CAAGCATTTAGACACCTGTC_014,85
CAAGCATTTAGACACCTGTC_015,95
CAAGCATTTAGACACCTGTC_016,176
CAAGCATTTAGACACCTGTC_017,132
CAAGCATTTAGACACCTGTC_018,156
CAAGCATTTAGACACCTGTC_019,75
CAAGCATTTAGACACCTGTC_020,154
AAACCTGTTGAACACTTGAT_001,87
AAACCTGTTGAACACTTGAT_002,87
AAACCTGTTGAACACTTGAT_003,5
AAACCTGTTGAACACTTGAT_004,115
AAACCTGTTGAACACTTGAT_005,191
CGATCACAGAGTTTCAAAGG_001,133
CGATCACAGAGTTTCAAAGG_002,24
CGATCACAGAGTTTCAAAGG_003,116
CGATCACAGAGTTTCAAAGG_004,76
CGATCACAGAGTTTCAAAGG_005,0
CGATCACAGAGTTTCAAAGG_006,117
CGATCACAGAGTTTCAAAGG_007,159
CGATCACAGAGTTTCAAAGG_008,4
CGATCACAGAGTTTCAAAGG_009,1
CCAGACCAATGTCATCCGCA_001,160
CCAGACCAATGTCATCCGCA_002,33
CCAGACCAATGTCATCCGCA_003,103
TTACTATAACAACAGTACCA_001,172
TTACTATAACAACAGTACCA_002,56
TTACTATAACAACAGTACCA_003,102
TTACTATAACAACAGTACCA_004,145
TTACTATAACAACAGTACCA_005,74
TTACTATAACAACAGTACCA_006,88
TTACTATAACAACAGTACCA_007,184
TTACTATAACAACAGTACCA_008,92
TTACTATAACAACAGTACCA_009,144
CCTGGAAGCCCAAGCGCCCA_001,26
CCTGGAAGCCCAAGCGCCCA_002,56
CCTGGAAGCCCAAGCGCCCA_003,147
CCTGGAAGCCCAAGCGCCCA_004,38
CCTGGAAGCCCAAGCGCCCA_005,57
CCTGGAAGCCCAAGCGCCCA_006,4
CCTGGAAGCCCAAGCGCCCA_007,21
CCTGGAAGCCCAAGCGCCCA_008,175
CCTGGAAGCCCAAGCGCCCA_009,149
CCTGGAAGCCCAAGCGCCCA_010,52
CCTGGAAGCCCAAGCGCCCA_011,48
CCTGGAAGCCCAAGCGCCCA_012,1
CCTGGAAGCCCAAGCGCCCA_013,38
CCTGGAAGCCCAAGCGCCCA_014,20
CCTGGAAGCCCAAGCGCCCA_015,158
GATGGGCGCAAACGACACCG_001,186
GATGGGCGCAAACGACACCG_002,188
GATGGGCGCAAACGACACCG_003,18
GATGGGCGCAAACGACACCG_004,137
GATGGGCGCAAACGACACCG_005,137
GATGGGCGCAAACGACACCG_006,41
GATGGGCGCAAACGACACCG_007,169
GATGGGCGCAAACGACACCG_008,73
GATGGGCGCAAACGACACCG_009,63
GATGGGCGCAAACGACACCG_010,37
GATGGGCGCAAACGACACCG_011,131
GATGGGCGCAAACGACACCG_012,164
GATGGGCGCAAACGACACCG_013,31
GATGGGCGCAAACGACACCG_014,103
GATGGGCGCAAACGACACCG_015,158
GATGGGCGCAAACGACACCG_016,192
GATGGGCGCAAACGACACCG_017,144
GATGGGCGCAAACGACACCG_018,57
GATGGGCGCAAACGACACCG_019,72
GATGGGCGCAAACGACACCG_020,70
GATGGGCGCAAACGACACCG_021,57
CACCTGGTATGTTCGTATCG_001,8
CACCTGGTATGTTCGTATCG_002,197
CAGCCTACTTCGGCAGATGT_001,119
CAGCCTACTTCGGCAGATGT_002,60
GAATACCTCAAGCATGCCAA_001,149
GAATACCTCAAGCATGCCAA_002,12
GAATACCTCAAGCATGCCAA_003,77
GAATACCTCAAGCATGCCAA_004,35
GAATACCTCAAGCATGCCAA_005,82
GAATACCTCAAGCATGCCAA_006,14
GAATACCTCAAGCATGCCAA_007,148
GAATACCTCAAGCATGCCAA_008,131
GAATACCTCAAGCATGCCAA_009,147
GAATACCTCAAGCATGCCAA_010,171
GAATACCTCAAGCATGCCAA_011,132
GAATACCTCAAGCATGCCAA_012,147
GGTTCAGCCAAACCTCCAAG_001,141
GGTTCAGCCAAACCTCCAAG_002,168
GGTTCAGCCAAACCTCCAAG_003,56
GGTTCAGCCAAACCTCCAAG_004,36
GGTTCAGCCAAACCTCCAAG_005,50
GGTTCAGCCAAACCTCCAAG_006,110
GGTTCAGCCAAACCTCCAAG_007,54
GGTTCAGCCAAACCTCCAAG_008,83
GGTTCAGCCAAACCTCCAAG_009,117
GGTTCAGCCAAACCTCCAAG_010,103
GGTTCAGCCAAACCTCCAAG_011,88
GGTTCAGCCAAACCTCCAAG_012,2
GGTTCAGCCAAACCTCCAAG_013,37
GGTTCAGCCAAACCTCCAAG_014,63
GGTTCAGCCAAACCTCCAAG_015,152
GGATGCTATCAGGAAAGACA_001,126
CTAGAAATCGAGTCATAGCA_001,81
CTAGAAATCGAGTCATAGCA_002,199
CTAGAAATCGAGTCATAGCA_003,147
CTAGAAATCGAGTCATAGCA_004,181
CTAGAAATCGAGTCATAGCA_005,69
CTAGAAATCGAGTCATAGCA_006,144
CTAGAAATCGAGTCATAGCA_007,85
CTAGAAATCGAGTCATAGCA_008,85
CTAGAAATCGAGTCATAGCA_009,102
CTAGAAATCGAGTCATAGCA_010,146
CTAGAAATCGAGTCATAGCA_011,184
CTAGAAATCGAGTCATAGCA_012,47
CTAGAAATCGAGTCATAGCA_013,125
CTAGAAATCGAGTCATAGCA_014,184
CTAGAAATCGAGTCATAGCA_015,12
CTAGAAATCGAGTCATAGCA_016,191
CTAGAAATCGAGTCATAGCA_017,175
TCAGACCCATACTGTCAATG_001,80
TCAGACCCATACTGTCAATG_002,147
TCAGACCCATACTGTCAATG_003,158
GGGACCCGCGAGGAGTCGCG_001,47
CTCACCCTGGTAGCAGCAGA_001,170
CTCACCCTGGTAGCAGCAGA_002,108
CTCACCCTGGTAGCAGCAGA_003,155
TCCAGTAAGTACAGAAAATG_001,50
TCCAGTAAGTACAGAAAATG_002,144
TCCAGTAAGTACAGAAAATG_003,147
TCCAGTAAGTACAGAAAATG_004,22
TCCAGTAAGTACAGAAAATG_005,158
CCAAAATACGGGTTTAACGA_001,144
CCAAAATACGGGTTTAACGA_002,105
TTAATGTGGTGTACAGCCGA_001,23
TTAATGTGGTGTACAGCCGA_002,151
TTAATGTGGTGTACAGCCGA_003,138
TTAATGTGGTGTACAGCCGA_004,118
TTAATGTGGTGTACAGCCGA_005,52
TTAATGTGGTGTACAGCCGA_006,69
TTAATGTGGTGTACAGCCGA_007,120
TTAATGTGGTGTACAGCCGA_008,78
GCATTCGTCCCGGTAGAACA_001,26
GCATTCGTCCCGGTAGAACA_002,57
CGCTCCGCCTCGTCCACGTA_001,159
CGCTCCGCCTCGTCCACGTA_002,175
CGCTCCGCCTCGTCCACGTA_003,81
CGCTCCGCCTCGTCCACGTA_004,88
CGCTCCGCCTCGTCCACGTA_005,191
CGCTCCGCCTCGTCCACGTA_006,70
CGCTCCGCCTCGTCCACGTA_007,160
CGCTCCGCCTCGTCCACGTA_008,49
AGGATATCCAGGACCACGAA_001,115
AGGATATCCAGGACCACGAA_002,183
ACACTGAGGACAGAATAACG_001,54
ACACTGAGGACAGAATAACG_002,94
ACACTGAGGACAGAATAACG_003,18
ACACTGAGGACAGAATAACG_004,181
ACACTGAGGACAGAATAACG_005,198
ACACTGAGGACAGAATAACG_006,15
ACACTGAGGACAGAATAACG_007,8
ACACTGAGGACAGAATAACG_008,165
ACACTGAGGACAGAATAACG_009,197
ACACTGAGGACAGAATAACG_010,160
ACACTGAGGACAGAATAACG_011,41
ACACTGAGGACAGAATAACG_012,160
ACACTGAGGACAGAATAACG_013,39
ACACTGAGGACAGAATAACG_014,37
ACACTGAGGACAGAATAACG_015,138
ACACTGAGGACAGAATAACG_016,53
CCACACGAGTTACAGTTATG_001,30
CCACACGAGTTACAGTTATG_002,27
CCACACGAGTTACAGTTATG_003,183
CCACACGAGTTACAGTTATG_004,124
CCACACGAGTTACAGTTATG_005,10
CCACACGAGTTACAGTTATG_006,9
CCACACGAGTTACAGTTATG_007,47
CCACACGAGTTACAGTTATG_008,9
CCACACGAGTTACAGTTATG_009,180
CCACACGAGTTACAGTTATG_010,65
CCACACGAGTTACAGTTATG_011,169
CCACACGAGTTACAGTTATG_012,105
CCACACGAGTTACAGTTATG_013,138
CCACACGAGTTACAGTTATG_014,8
CCACACGAGTTACAGTTATG_015,166
CCACACGAGTTACAGTTATG_016,39
CCACACGAGTTACAGTTATG_017,47
CCACACGAGTTACAGTTATG_018,196
CCACACGAGTTACAGTTATG_019,177
CCACACGAGTTACAGTTATG_020,115
GCGGTTCAGCCAGTTCTGGA_001,80
GCGGTTCAGCCAGTTCTGGA_002,178
GCGGTTCAGCCAGTTCTGGA_003,51
GCGGTTCAGCCAGTTCTGGA_004,198
GCGGTTCAGCCAGTTCTGGA_005,26
GCGGTTCAGCCAGTTCTGGA_006,115
GCGGTTCAGCCAGTTCTGGA_007,162
GCGGTTCAGCCAGTTCTGGA_008,118
GCGGTTCAGCCAGTTCTGGA_009,193
GCGGTTCAGCCAGTTCTGGA_010,10
GCGGTTCAGCCAGTTCTGGA_011,124
GCGGTTCAGCCAGTTCTGGA_012,118
GCGGTTCAGCCAGTTCTGGA_013,70
GAAGAACAAATCTGGCAGCG_001,108
GAAGAACAAATCTGGCAGCG_002,125
GAAGAACAAATCTGGCAGCG_003,12
GAAGAACAAATCTGGCAGCG_004,95
GAAGAACAAATCTGGCAGCG_005,153
GAAGAACAAATCTGGCAGCG_006,145
GAAGAACAAATCTGGCAGCG_007,142
GAAGAACAAATCTGGCAGCG_008,79
GAAGAACAAATCTGGCAGCG_009,69
AGCTCGCTGCTCGTGCGCTG_001,50
AGCTCGCTGCTCGTGCGCTG_002,196
AGCTCGCTGCTCGTGCGCTG_003,82
AGCTCGCTGCTCGTGCGCTG_004,191
AGCTCGCTGCTCGTGCGCTG_005,156
AGCTCGCTGCTCGTGCGCTG_006,107
AGCTCGCTGCTCGTGCGCTG_007,62
AGCTCGCTGCTCGTGCGCTG_008,61
AGCTCGCTGCTCGTGCGCTG_009,105
AGCTCGCTGCTCGTGCGCTG_010,46
AGCTCGCTGCTCGTGCGCTG_011,17
AGCTCGCTGCTCGTGCGCTG_012,185
AGCTCGCTGCTCGTGCGCTG_013,132
AGCTCGCTGCTCGTGCGCTG_014,160
AGCTCGCTGCTCGTGCGCTG_015,43
AGCTCGCTGCTCGTGCGCTG_016,10
AGCTCGCTGCTCGTGCGCTG_017,90
AGCTCGCTGCTCGTGCGCTG_018,25
AGCTCGCTGCTCGTGCGCTG_019,52
GCACGTCCTCGATACCCCCA_001,166
GCACGTCCTCGATACCCCCA_002,58
GCACGTCCTCGATACCCCCA_003,6
GCACGTCCTCGATACCCCCA_004,44
GCACGTCCTCGATACCCCCA_005,149
GCACGTCCTCGATACCCCCA_006,98
GCACGTCCTCGATACCCCCA_007,16
GCACGTCCTCGATACCCCCA_008,189
GCACGTCCTCGATACCCCCA_009,127
TGAGAAGTATAAAATCTACT_001,102
TGAGAAGTATAAAATCTACT_002,165
TGAGAAGTATAAAATCTACT_003,138
TGCGAGAGGGAAACATCCAG_001,147
TGCGAGAGGGAAACATCCAG_002,137
TGCGAGAGGGAAACATCCAG_003,152
CACTCTTGTCATGAACCCAA_001,135
CACTCTTGTCATGAACCCAA_002,64
CACTCTTGTCATGAACCCAA_003,77
CACTCTTGTCATGAACCCAA_004,81
CACTCTTGTCATGAACCCAA_005,148
CACTCTTGTCATGAACCCAA_006,174
CACTCTTGTCATGAACCCAA_007,63
CACTCTTGTCATGAACCCAA_008,58
CACTCTTGTCATGAACCCAA_009,187
CACTCTTGTCATGAACCCAA_010,145
CACTCTTGTCATGAACCCAA_011,41
CACTCTTGTCATGAACCCAA_012,152
CACTCTTGTCATGAACCCAA_013,104
CACTCTTGTCATGAACCCAA_014,172
CACTCTTGTCATGAACCCAA_015,199
TCCTGCCAAGAAACACCCTT_001,57
TCCTGCCAAGAAACACCCTT_002,115
TCCTGCCAAGAAACACCCTT_003,23
TCCTGCCAAGAAACACCCTT_004,162
TCCTGCCAAGAAACACCCTT_005,158
TCCTGCCAAGAAACACCCTT_006,186
TCCTGCCAAGAAACACCCTT_007,78
TCCTGCCAAGAAACACCCTT_008,158
TCCTGCCAAGAAACACCCTT_009,94
TCCTGCCAAGAAACACCCTT_010,169
TCCTGCCAAGAAACACCCTT_011,17
TCCTGCCAAGAAACACCCTT_012,110
TCCTGCCAAGAAACACCCTT_013,160
TCCTGCCAAGAAACACCCTT_014,57
TCCTGCCAAGAAACACCCTT_015,121
TCCTGCCAAGAAACACCCTT_016,103
TCCTGCCAAGAAACACCCTT_017,106
TCCTGCCAAGAAACACCCTT_018,112
TCCTGCCAAGAAACACCCTT_019,169
TCCTGCCAAGAAACACCCTT_020,34
TCCTGCCAAGAAACACCCTT_021,138
TCCTGCCAAGAAACACCCTT_022,197
TCCTGCCAAGAAACACCCTT_023,31
AGCCGAAATACAGAAAGATG_001,49
AGCCGAAATACAGAAAGATG_002,11
AGCCGAAATACAGAAAGATG_003,62
AGCCGAAATACAGAAAGATG_004,167
AGCCGAAATACAGAAAGATG_005,95
AGCCGAAATACAGAAAGATG_006,17
AGCCGAAATACAGAAAGATG_007,106
AGCCGAAATACAGAAAGATG_008,44
AGCCGAAATACAGAAAGATG_009,149
AGCCGAAATACAGAAAGATG_010,163
AGCCGAAATACAGAAAGATG_011,152
AGCCGAAATACAGAAAGATG_012,131
AGCCGAAATACAGAAAGATG_013,62
AGCCGAAATACAGAAAGATG_014,69
AGCCGAAATACAGAAAGATG_015,160
CAAACCAGAGCAGGTGCGTG_001,172
CAAACCAGAGCAGGTGCGTG_002,104
CAAACCAGAGCAGGTGCGTG_003,37
CAAACCAGAGCAGGTGCGTG_004,134
CAAACCAGAGCAGGTGCGTG_005,92
CAAACCAGAGCAGGTGCGTG_006,113
CAAACCAGAGCAGGTGCGTG_007,117
CAAACCAGAGCAGGTGCGTG_008,11
CAAACCAGAGCAGGTGCGTG_009,173
CAAACCAGAGCAGGTGCGTG_010,56
TGTGCTCGGGTGTTCCACAC_001,99
TGTGCTCGGGTGTTCCACAC_002,70
TGTGCTCGGGTGTTCCACAC_003,172
AGCTGGCCGCCGCCCAAACA_001,108
AGCTGGCCGCCGCCCAAACA_002,78
AGCTGGCCGCCGCCCAAACA_003,172
AGCTGGCCGCCGCCCAAACA_004,153
AGCTGGCCGCCGCCCAAACA_005,56
AGCTGGCCGCCGCCCAAACA_006,29
AGCTGGCCGCCGCCCAAACA_007,107
AGCTGGCCGCCGCCCAAACA_008,8
AGCTGGCCGCCGCCCAAACA_009,105
AGCTGGCCGCCGCCCAAACA_010,20
AGCTGGCCGCCGCCCAAACA_011,168
AGCTGGCCGCCGCCCAAACA_012,104
AGCTGGCCGCCGCCCAAACA_013,11
AGCTGGCCGCCGCCCAAACA_014,75
AGCTGGCCGCCGCCCAAACA_015,94
AGCTGGCCGCCGCCCAAACA_016,184
AGCTGGCCGCCGCCCAAACA_017,94
AGCTGGCCGCCGCCCAAACA_018,192
AGCTGGCCGCCGCCCAAACA_019,9
AGCTGGCCGCCGCCCAAACA_020,104
AGCTGGCCGCCGCCCAAACA_021,1
AGCTGGCCGCCGCCCAAACA_022,159
AGCTGGCCGCCGCCCAAACA_023,130
AGCTGGCCGCCGCCCAAACA_024,198
AGCTGGCCGCCGCCCAAACA_025,198
AGCTGGCCGCCGCCCAAACA_026,179
AGCTGGCCGCCGCCCAAACA_027,144
AGCTGGCCGCCGCCCAAACA_028,28
AGCTGGCCGCCGCCCAAACA_029,33
AGCTGGCCGCCGCCCAAACA_030,33
AGCTGGCCGCCGCCCAAACA_031,124
AGCTGGCCGCCGCCCAAACA_032,56
AGCTGGCCGCCGCCCAAACA_033,29
GACAAGGACTCCCAATGTGG_001,162
GACAAGGACTCCCAATGTGG_002,84
CCCGAAGGTATAGAACCTAG_001,197
CCCGAAGGTATAGAACCTAG_002,116
CCCGAAGGTATAGAACCTAG_003,98
CCCGAAGGTATAGAACCTAG_004,30
CCCGAAGGTATAGAACCTAG_005,55
CCCGAAGGTATAGAACCTAG_006,115
CCCGAAGGTATAGAACCTAG_007,147
GCCAGGGCAGACATGCAGTG_001,37
GCCAGGGCAGACATGCAGTG_002,161
GCCAGGGCAGACATGCAGTG_003,76
GCCAGGGCAGACATGCAGTG_004,48
GCCAGGGCAGACATGCAGTG_005,8
GCCAGGGCAGACATGCAGTG_006,169
GCCAGGGCAGACATGCAGTG_007,130
GCCAGGGCAGACATGCAGTG_008,58
GCCAGGGCAGACATGCAGTG_009,144
GCCAGGGCAGACATGCAGTG_010,147
GCCAGGGCAGACATGCAGTG_011,41
GCCAGGGCAGACATGCAGTG_012,176
GCCAGGGCAGACATGCAGTG_013,149
GCCAGGGCAGACATGCAGTG_014,123
GCCAGGGCAGACATGCAGTG_015,166
GCCAGGGCAGACATGCAGTG_016,29
GCCAGGGCAGACATGCAGTG_017,52
GCCAGGGCAGACATGCAGTG_018,147
GCCAGGGCAGACATGCAGTG_019,121
GCGTCGCTGCAAACACTACG_001,5
GCGTCGCTGCAAACACTACG_002,48
GCGTCGCTGCAAACACTACG_003,80
GCGTCGCTGCAAACACTACG_004,127
TGACATCCTGAAGCCATACG_001,178
TGACATCCTGAAGCCATACG_002,103
ATGCCAAATTTGTTAAAGAG_001,114
TGGGATCAGCCCACCTACTG_001,1
TGGGATCAGCCCACCTACTG_002,8
TGGGATCAGCCCACCTACTG_003,132
TGGGATCAGCCCACCTACTG_004,22
TGGGATCAGCCCACCTACTG_005,58
TGGGATCAGCCCACCTACTG_006,18
TGGGATCAGCCCACCTACTG_007,12
TGGGATCAGCCCACCTACTG_008,127
TGGGATCAGCCCACCTACTG_009,89
TGGGATCAGCCCACCTACTG_010,96
TGGGATCAGCCCACCTACTG_011,5
TGGGATCAGCCCACCTACTG_012,169
TGGGATCAGCCCACCTACTG_013,184
TGGGATCAGCCCACCTACTG_014,148
TGGGATCAGCCCACCTACTG_015,94
TGGGATCAGCCCACCTACTG_016,58
TGGGATCAGCCCACCTACTG_017,113
GTGTAGCTCTCAGAGCACTC_001,181
GTGTAGCTCTCAGAGCACTC_002,58
GTGTAGCTCTCAGAGCACTC_003,114
GTGTAGCTCTCAGAGCACTC_004,132
GTGTAGCTCTCAGAGCACTC_005,25
GTGTAGCTCTCAGAGCACTC_006,125
GTGTAGCTCTCAGAGCACTC_007,120
GTGTAGCTCTCAGAGCACTC_008,11
TCACTCAAGTCAGTCCCCAG_001,123
TCACTCAAGTCAGTCCCCAG_002,72
TCACTCAAGTCAGTCCCCAG_003,169
CCTGCCCTTCTATCTCGAGG_001,190
CACACACCAGCAGTAGCCAG_001,102
CACACACCAGCAGTAGCCAG_002,47
CACACACCAGCAGTAGCCAG_003,58
CACACACCAGCAGTAGCCAG_004,40
CACACACCAGCAGTAGCCAG_005,105
CCGATGATACTGGCGTAACT_001,130
CCGATGATACTGGCGTAACT_002,94
CCGATGATACTGGCGTAACT_003,88
CCGATGATACTGGCGTAACT_004,28
CCGATGATACTGGCGTAACT_005,191
CTTGGGGGCCATGTCGACCA_001,18
CTTGGGGGCCATGTCGACCA_002,63
CTTGGGGGCCATGTCGACCA_003,3
AATGCATCCCTTGTAAAAGA_001,8
AGGAGGGGCCTTCCGCCTTG_001,70
AGGAGGGGCCTTCCGCCTTG_002,162
AGGAGGGGCCTTCCGCCTTG_003,49
AGGAGGGGCCTTCCGCCTTG_004,106
AGGAGGGGCCTTCCGCCTTG_005,186
AGGAGGGGCCTTCCGCCTTG_006,69
AGGAGGGGCCTTCCGCCTTG_007,75
AGGAGGGGCCTTCCGCCTTG_008,17
AGGAGGGGCCTTCCGCCTTG_009,158
AGGAGGGGCCTTCCGCCTTG_010,178
AGGAGGGGCCTTCCGCCTTG_011,114
AGGAGGGGCCTTCCGCCTTG_012,58
AGGAGGGGCCTTCCGCCTTG_013,41
AGGAGGGGCCTTCCGCCTTG_014,185
AGGAGGGGCCTTCCGCCTTG_015,177
AGGAGGGGCCTTCCGCCTTG_016,118
AGGAGGGGCCTTCCGCCTTG_017,199
AGGAGGGGCCTTCCGCCTTG_018,185
AGGAGGGGCCTTCCGCCTTG_019,3
AGGAGGGGCCTTCCGCCTTG_020,63
AGGAGGGGCCTTCCGCCTTG_021,40
AGGAGGGGCCTTCCGCCTTG_022,124
AGGAGGGGCCTTCCGCCTTG_023,59
GGCCAGGAAAGCGTCCACTG_001,138
GGCCAGGAAAGCGTCCACTG_002,63
GGCCAGGAAAGCGTCCACTG_003,110
GGCCAGGAAAGCGTCCACTG_004,49
GGCCAGGAAAGCGTCCACTG_005,198
GGCCAGGAAAGCGTCCACTG_006,154
GGCCAGGAAAGCGTCCACTG_007,113
GGCCAGGAAAGCGTCCACTG_008,31
GGCCAGGAAAGCGTCCACTG_009,80
GGCCAGGAAAGCGTCCACTG_010,167
GGCCAGGAAAGCGTCCACTG_011,15
GGCCAGGAAAGCGTCCACTG_012,107
GGCCAGGAAAGCGTCCACTG_013,5
GGCCAGGAAAGCGTCCACTG_014,34
GGCCAGGAAAGCGTCCACTG_015,104
GGCCAGGAAAGCGTCCACTG_016,147
GGCCAGGAAAGCGTCCACTG_017,150
GGCCAGGAAAGCGTCCACTG_018,26
GGCCAGGAAAGCGTCCACTG_019,13
GGCCAGGAAAGCGTCCACTG_020,108
GGCCAGGAAAGCGTCCACTG_021,111
GGCCAGGAAAGCGTCCACTG_022,86
GGCCAGGAAAGCGTCCACTG_023,91
GGCCAGGAAAGCGTCCACTG_024,15
GGCCAGGAAAGCGTCCACTG_025,12
GGCCAGGAAAGCGTCCACTG_026,170
GGCCAGGAAAGCGTCCACTG_027,34
GGCCAGGAAAGCGTCCACTG_028,33
GGCCAGGAAAGCGTCCACTG_029,173
GGCCAGGAAAGCGTCCACTG_030,121
GGCCAGGAAAGCGTCCACTG_031,152
GGCCAGGAAAGCGTCCACTG_032,35
GGCCAGGAAAGCGTCCACTG_033,141
GGCCAGGAAAGCGTCCACTG_034,132
GGCCAGGAAAGCGTCCACTG_035,101
GGCCAGGAAAGCGTCCACTG_036,132
GGCCAGGAAAGCGTCCACTG_037,178
GGCCAGGAAAGCGTCCACTG_038,87
GGCCAGGAAAGCGTCCACTG_039,170
GGCCAGGAAAGCGTCCACTG_040,193
GGCCAGGAAAGCGTCCACTG_041,129
GGCCAGGAAAGCGTCCACTG_042,105
GGCCAGGAAAGCGTCCACTG_043,174
GGCCAGGAAAGCGTCCACTG_044,27
GGCCAGGAAAGCGTCCACTG_045,128
GGCCAGGAAAGCGTCCACTG_046,164
GGCCAGGAAAGCGTCCACTG_047,161
GGCCAGGAAAGCGTCCACTG_048,104
GGCCAGGAAAGCGTCCACTG_049,150
GGCCAGGAAAGCGTCCACTG_050,177
GGCCAGGAAAGCGTCCACTG_051,131
GGCCAGGAAAGCGTCCACTG_052,194
GGCCAGGAAAGCGTCCACTG_053,146
GGCCAGGAAAGCGTCCACTG_054,26
GGCCAGGAAAGCGTCCACTG_055,48
GGCCAGGAAAGCGTCCACTG_056,168
GGCCAGGAAAGCGTCCACTG_057,176
GGCCAGGAAAGCGTCCACTG_058,12
CTTGTGAAAGCTTCCCCTGG_001,139
CTTGTGAAAGCTTCCCCTGG_002,144
CTTGTGAAAGCTTCCCCTGG_003,16
CTTGTGAAAGCTTCCCCTGG_004,117
CTTGTGAAAGCTTCCCCTGG_005,91
CTTGTGAAAGCTTCCCCTGG_006,199
GATGGCTTGGTCCATCACGT_001,191
GATGGCTTGGTCCATCACGT_002,49
GATGGCTTGGTCCATCACGT_003,173
GATGGCTTGGTCCATCACGT_004,156
GATGGCTTGGTCCATCACGT_005,120
GATGGCTTGGTCCATCACGT_006,27
GATGGCTTGGTCCATCACGT_007,61
GATGGCTTGGTCCATCACGT_008,56
TCTTGCGCATCCATGCATAG_001,78
TCTTGCGCATCCATGCATAG_002,199
TCTTGCGCATCCATGCATAG_003,61
TCTTGCGCATCCATGCATAG_004,77
TCTTGCGCATCCATGCATAG_005,69
TCTTGCGCATCCATGCATAG_006,44
AGCACATTCTGCGAGCCGTG_001,11
AGCACATTCTGCGAGCCGTG_002,17
TCTACACGGAAATGGGCCGA_001,8
TCTACACGGAAATGGGCCGA_002,27
TCTACACGGAAATGGGCCGA_003,161
TCTACACGGAAATGGGCCGA_004,41
TCTACACGGAAATGGGCCGA_005,176
TCTACACGGAAATGGGCCGA_006,96
TCTACACGGAAATGGGCCGA_007,32
TCTACACGGAAATGGGCCGA_008,25
TCTACACGGAAATGGGCCGA_009,160
TCTACACGGAAATGGGCCGA_010,61
TCTACACGGAAATGGGCCGA_011,198
TCTACACGGAAATGGGCCGA_012,109
TCTACACGGAAATGGGCCGA_013,84
TCTACACGGAAATGGGCCGA_014,17
TCTACACGGAAATGGGCCGA_015,127
TCTACACGGAAATGGGCCGA_016,132
TCTACACGGAAATGGGCCGA_017,189
TCTACACGGAAATGGGCCGA_018,54
TCTACACGGAAATGGGCCGA_019,129
TCTACACGGAAATGGGCCGA_020,40
TCTACACGGAAATGGGCCGA_021,198
TCTACACGGAAATGGGCCGA_022,168
TCTACACGGAAATGGGCCGA_023,74
TCTACACGGAAATGGGCCGA_024,141
GTACCAAAAGGACTCCAGAG_001,64
GTACCAAAAGGACTCCAGAG_002,140
GTACCAAAAGGACTCCAGAG_003,17
GTACCAAAAGGACTCCAGAG_004,78
GTACCAAAAGGACTCCAGAG_005,50
GTACCAAAAGGACTCCAGAG_006,120
GTACCAAAAGGACTCCAGAG_007,61
GTACCAAAAGGACTCCAGAG_008,88
GTACCAAAAGGACTCCAGAG_009,60
GTACCAAAAGGACTCCAGAG_010,25
GTACCAAAAGGACTCCAGAG_011,197
GTACCAAAAGGACTCCAGAG_012,149
GTACCAAAAGGACTCCAGAG_013,158
GGGCGCCCAAGTCGTCCCCG_001,161
GGGCGCCCAAGTCGTCCCCG_002,111
GGGCGCCCAAGTCGTCCCCG_003,40
TCTGCCCTTTAGTCAACCTG_001,121
TCTGCCCTTTAGTCAACCTG_002,146
TCTGCCCTTTAGTCAACCTG_003,57
TCTGCCCTTTAGTCAACCTG_004,10
TCTGCCCTTTAGTCAACCTG_005,0
TCTGCCCTTTAGTCAACCTG_006,63
TCTGCCCTTTAGTCAACCTG_007,126
TCTGCCCTTTAGTCAACCTG_008,72
TCTGCCCTTTAGTCAACCTG_009,59
TCTGCCCTTTAGTCAACCTG_010,119
GCTTACCACTGGGATAACAT_001,54
GCTTACCACTGGGATAACAT_002,132
GCTTACCACTGGGATAACAT_003,162
GCTTACCACTGGGATAACAT_004,115
TGGCTCAGAGGTGACCACTC_001,4
TGGCTCAGAGGTGACCACTC_002,101
TGGCTCAGAGGTGACCACTC_003,161
TGGCTCAGAGGTGACCACTC_004,145
TGGCTCAGAGGTGACCACTC_005,32
TGGCTCAGAGGTGACCACTC_006,198
TGGCTCAGAGGTGACCACTC_007,162
TGGCTCAGAGGTGACCACTC_008,145
TGGCTCAGAGGTGACCACTC_009,102
TGGCTCAGAGGTGACCACTC_010,91
TGGCTCAGAGGTGACCACTC_011,97
TGGCTCAGAGGTGACCACTC_012,47
TGGCTCAGAGGTGACCACTC_013,138
TGGCTCAGAGGTGACCACTC_014,60
TGGCTCAGAGGTGACCACTC_015,2
TGGCTCAGAGGTGACCACTC_016,5
TGGCTCAGAGGTGACCACTC_017,88
TGGCTCAGAGGTGACCACTC_018,70
TGGCTCAGAGGTGACCACTC_019,76
TGGCTCAGAGGTGACCACTC_020,2
TGGCTCAGAGGTGACCACTC_021,13
TGGCTCAGAGGTGACCACTC_022,32
TGGCTCAGAGGTGACCACTC_023,38
CTTGTACCAGAAGGTTCGCG_001,120
CTTGTACCAGAAGGTTCGCG_002,198
CTTGTACCAGAAGGTTCGCG_003,123
CTTGTACCAGAAGGTTCGCG_004,112
TGAAGGACTCCATTGCAGGG_001,130
TGAAGGACTCCATTGCAGGG_002,143
TGAAGGACTCCATTGCAGGG_003,161
TGAAGGACTCCATTGCAGGG_004,54
TGAAGGACTCCATTGCAGGG_005,35
TGAAGGACTCCATTGCAGGG_006,2
TGAAGGACTCCATTGCAGGG_007,127
TGAAGGACTCCATTGCAGGG_008,20
AAACACTTTCTAAGCAGGCA_001,141
AAACACTTTCTAAGCAGGCA_002,127
AAACACTTTCTAAGCAGGCA_003,18
AAACACTTTCTAAGCAGGCA_004,9
AAACACTTTCTAAGCAGGCA_005,94
AAACACTTTCTAAGCAGGCA_006,53
AAACACTTTCTAAGCAGGCA_007,159
AAACACTTTCTAAGCAGGCA_008,154
AAACACTTTCTAAGCAGGCA_009,160
AAACACTTTCTAAGCAGGCA_010,114
AAACACTTTCTAAGCAGGCA_011,195
AAACACTTTCTAAGCAGGCA_012,78
AAACACTTTCTAAGCAGGCA_013,97
AAACACTTTCTAAGCAGGCA_014,174
AAACACTTTCTAAGCAGGCA_015,150
AAACACTTTCTAAGCAGGCA_016,36
AAACACTTTCTAAGCAGGCA_017,125
AAACACTTTCTAAGCAGGCA_018,178
AAACACTTTCTAAGCAGGCA_019,0
AAACACTTTCTAAGCAGGCA_020,58
AAACACTTTCTAAGCAGGCA_021,19
AAACACTTTCTAAGCAGGCA_022,105
AAACACTTTCTAAGCAGGCA_023,115
AAACACTTTCTAAGCAGGCA_024,103
ATAACTCACCAGAGTTTCTG_001,81
ATAACTCACCAGAGTTTCTG_002,2
ATAACTCACCAGAGTTTCTG_003,55
ATAACTCACCAGAGTTTCTG_004,61
ATAACTCACCAGAGTTTCTG_005,63
ATAACTCACCAGAGTTTCTG_006,113
ATAACTCACCAGAGTTTCTG_007,147
ATAACTCACCAGAGTTTCTG_008,12
ATAACTCACCAGAGTTTCTG_009,53
ATAACTCACCAGAGTTTCTG_010,15
GGAAAGGGACTGGGTAAAGG_001,172
GGAAAGGGACTGGGTAAAGG_002,30
GGAAAGGGACTGGGTAAAGG_003,13
GGAAAGGGACTGGGTAAAGG_004,184
GGAAAGGGACTGGGTAAAGG_005,41
GGAAAGGGACTGGGTAAAGG_006,96
GGAAAGGGACTGGGTAAAGG_007,187
GGAAAGGGACTGGGTAAAGG_008,132
GGAAAGGGACTGGGTAAAGG_009,58
TAGGAGGGCCTTGATACTCC_001,80
TAGGAGGGCCTTGATACTCC_002,16
TAGGAGGGCCTTGATACTCC_003,36
TAGGAGGGCCTTGATACTCC_004,129
TAGGAGGGCCTTGATACTCC_005,116
TAGGAGGGCCTTGATACTCC_006,86
TAGGAGGGCCTTGATACTCC_007,188
TAGGAGGGCCTTGATACTCC_008,77
TAGGAGGGCCTTGATACTCC_009,166
TAGGAGGGCCTTGATACTCC_010,146
TAATGTACACGACTCCATGT_001,162
TAATGTACACGACTCCATGT_002,163
TAATGTACACGACTCCATGT_003,16
TAATGTACACGACTCCATGT_004,147
TTTGGGTTACCTATTTCCCG_001,182
TTTGGGTTACCTATTTCCCG_002,60
TTTGGGTTACCTATTTCCCG_003,71
ATAATAAGTTAAGACCAAAG_001,53
ATAATAAGTTAAGACCAAAG_002,43
ATAATAAGTTAAGACCAAAG_003,177
ATAATAAGTTAAGACCAAAG_004,38
GACACTCAGGAGGTGTCTTG_001,98
GACACTCAGGAGGTGTCTTG_002,69
GACACTCAGGAGGTGTCTTG_003,108
GACACTCAGGAGGTGTCTTG_004,34
GACACTCAGGAGGTGTCTTG_005,4
GACACTCAGGAGGTGTCTTG_006,0
GGGATGCCTACCTTGTAACA_001,41
GGGATGCCTACCTTGTAACA_002,165
GGGATGCCTACCTTGTAACA_003,196
GGGATGCCTACCTTGTAACA_004,10
GGAGTGAACGATAAATTCAC_001,147
GGAGTGAACGATAAATTCAC_002,19
GGAGTGAACGATAAATTCAC_003,46
GGAGTGAACGATAAATTCAC_004,102
GGAGTGAACGATAAATTCAC_005,138
GACTCGAGCAATCCTGACAA_001,29
GACTCGAGCAATCCTGACAA_002,7
GACTCGAGCAATCCTGACAA_003,105
GACTCGAGCAATCCTGACAA_004,65
GGGATGCGTACATCAACCAC_001,166
GGGATGCGTACATCAACCAC_002,150
CTACTTTATAGGACTCACTG_001,122
CTACTTTATAGGACTCACTG_002,10
CTACTTTATAGGACTCACTG_003,48
CTACTTTATAGGACTCACTG_004,127
CTACTTTATAGGACTCACTG_005,191
CTACTTTATAGGACTCACTG_006,78
CTACTTTATAGGACTCACTG_007,121
CTACTTTATAGGACTCACTG_008,81
CTACTTTATAGGACTCACTG_009,50
CTACTTTATAGGACTCACTG_010,150
CTACTTTATAGGACTCACTG_011,34
CTACTTTATAGGACTCACTG_012,0
CTACTTTATAGGACTCACTG_013,68
CTACTTTATAGGACTCACTG_014,96
CTACTTTATAGGACTCACTG_015,5
CTACTTTATAGGACTCACTG_016,5
CTACTTTATAGGACTCACTG_017,191
CTACTTTATAGGACTCACTG_018,188
CTACTTTATAGGACTCACTG_019,60
CTACTTTATAGGACTCACTG_020,66
CTACTTTATAGGACTCACTG_021,81
CTACTTTATAGGACTCACTG_022,103
CTACTTTATAGGACTCACTG_023,48
CTTGTATGAATGGCTCGACG_001,94
CTTGTATGAATGGCTCGACG_002,169
CTTGTATGAATGGCTCGACG_003,158
AGTACCAGATCTAATCCATG_001,36
AGTACCAGATCTAATCCATG_002,167
ATAGCTGCCATCCAGCCCAG_001,145
ATAGCTGCCATCCAGCCCAG_002,61
ATAGCTGCCATCCAGCCCAG_003,67
ATAGCTGCCATCCAGCCCAG_004,177
ATAGCTGCCATCCAGCCCAG_005,113
ATAGCTGCCATCCAGCCCAG_006,72
ATAGCTGCCATCCAGCCCAG_007,25
ATAGCTGCCATCCAGCCCAG_008,197
ATAGCTGCCATCCAGCCCAG_009,45
ATAGCTGCCATCCAGCCCAG_010,145
ATAGCTGCCATCCAGCCCAG_011,184
ATAGCTGCCATCCAGCCCAG_012,164
ATAGCTGCCATCCAGCCCAG_013,139
ATAGCTGCCATCCAGCCCAG_014,189
ATAGCTGCCATCCAGCCCAG_015,68
ATAGCTGCCATCCAGCCCAG_016,59
ATAGCTGCCATCCAGCCCAG_017,116
GCGGATCCTGCATGCCAAGG_001,94
GCGGATCCTGCATGCCAAGG_002,184
GCGGATCCTGCATGCCAAGG_003,0
GCGGATCCTGCATGCCAAGG_004,33
CGAGGAAGTGGGCTTAAAGG_001,43
CGAGGAAGTGGGCTTAAAGG_002,8
CGAGGAAGTGGGCTTAAAGG_003,40
CGAGGAAGTGGGCTTAAAGG_004,77
CGAGGAAGTGGGCTTAAAGG_005,101
CGAGGAAGTGGGCTTAAAGG_006,24
CGAGGAAGTGGGCTTAAAGG_007,48
CGAGGAAGTGGGCTTAAAGG_008,51
CGAGGAAGTGGGCTTAAAGG_009,34
CGAGGAAGTGGGCTTAAAGG_010,28
CGAGGAAGTGGGCTTAAAGG_011,170
CGAGGAAGTGGGCTTAAAGG_012,102
CGAGGAAGTGGGCTTAAAGG_013,81
GTGTTGAGGCCTGACGATGG_001,78
GTGTTGAGGCCTGACGATGG_002,80
GTGTTGAGGCCTGACGATGG_003,38
TCAGAAGTCCTATTCAACCT_001,49
TCAGAAGTCCTATTCAACCT_002,91
TCAGAAGTCCTATTCAACCT_003,22
ATGGTGGTAGTAGCAACCAA_001,178
ATGGTGGTAGTAGCAACCAA_002,9
ATGGTGGTAGTAGCAACCAA_003,27
ATGGTGGTAGTAGCAACCAA_004,5
ATGGTGGTAGTAGCAACCAA_005,156
ATGGTGGTAGTAGCAACCAA_006,170
ATGGTGGTAGTAGCAACCAA_007,158
ATGGTGGTAGTAGCAACCAA_008,98
ATGGTGGTAGTAGCAACCAA_009,118
ATGGTGGTAGTAGCAACCAA_010,149
ATGGTGGTAGTAGCAACCAA_011,122
ATGGTGGTAGTAGCAACCAA_012,139
ATGGTGGTAGTAGCAACCAA_013,199
ATGGTGGTAGTAGCAACCAA_014,183
ATGGTGGTAGTAGCAACCAA_015,9
ATGGTGGTAGTAGCAACCAA_016,1
ATGGTGGTAGTAGCAACCAA_017,78
ATGGTGGTAGTAGCAACCAA_018,9
ATGGTGGTAGTAGCAACCAA_019,15
GTTGTTCCGTGACAGATCCA_001,135
GTTGTTCCGTGACAGATCCA_002,78
GTTGTTCCGTGACAGATCCA_003,77
GTTGTTCCGTGACAGATCCA_004,59
GTTGTTCCGTGACAGATCCA_005,70
GTTGTTCCGTGACAGATCCA_006,181
GTTGTTCCGTGACAGATCCA_007,102
GTTGTTCCGTGACAGATCCA_008,191
GTTGTTCCGTGACAGATCCA_009,70
GTTGTTCCGTGACAGATCCA_010,137
GTTGTTCCGTGACAGATCCA_011,115
GTTGTTCCGTGACAGATCCA_012,94
GTTGTTCCGTGACAGATCCA_013,152
GTTGTTCCGTGACAGATCCA_014,102
GTTGTTCCGTGACAGATCCA_015,138
GTTGTTCCGTGACAGATCCA_016,152
GTTGTTCCGTGACAGATCCA_017,46
GTTGTTCCGTGACAGATCCA_018,102
TACCGGAGTAAACGAAGTGT_001,42
TACCGGAGTAAACGAAGTGT_002,8
TACCGGAGTAAACGAAGTGT_003,114
TACCGGAGTAAACGAAGTGT_004,126
TACCGGAGTAAACGAAGTGT_005,87
TACCGGAGTAAACGAAGTGT_006,83
TACCGGAGTAAACGAAGTGT_007,12
TACCGGAGTAAACGAAGTGT_008,155
TACCGGAGTAAACGAAGTGT_009,0
TACCGGAGTAAACGAAGTGT_010,82
TACCGGAGTAAACGAAGTGT_011,64
TACCGGAGTAAACGAAGTGT_012,108
TACCGGAGTAAACGAAGTGT_013,141
TACCGGAGTAAACGAAGTGT_014,20
GGGACTCACCAGAGAGAGGT_001,127
GGGACTCACCAGAGAGAGGT_002,54
GGGACTCACCAGAGAGAGGT_003,2
GGGACTCACCAGAGAGAGGT_004,15
GGGACTCACCAGAGAGAGGT_005,17
GGGACTCACCAGAGAGAGGT_006,185
GGGACTCACCAGAGAGAGGT_007,3
GGGACTCACCAGAGAGAGGT_008,4
GGGACTCACCAGAGAGAGGT_009,62
GGGACTCACCAGAGAGAGGT_010,154
GGGACTCACCAGAGAGAGGT_011,185
GGGACTCACCAGAGAGAGGT_012,160
GGGACTCACCAGAGAGAGGT_013,155
GGGACTCACCAGAGAGAGGT_014,161
GGGACTCACCAGAGAGAGGT_015,6
GGGACTCACCAGAGAGAGGT_016,19
GGGACTCACCAGAGAGAGGT_017,170
GGGACTCACCAGAGAGAGGT_018,98
GCTCCAGTGCTACTATATCG_001,21
GCTCCAGTGCTACTATATCG_002,11
CATACGACTTTGAGTGTCAG_001,115
CATACGACTTTGAGTGTCAG_002,80
CATACGACTTTGAGTGTCAG_003,64
CATACGACTTTGAGTGTCAG_004,169
CATACGACTTTGAGTGTCAG_005,130
CATACGACTTTGAGTGTCAG_006,35
CATACGACTTTGAGTGTCAG_007,77
CATACGACTTTGAGTGTCAG_008,120
CATACGACTTTGAGTGTCAG_009,84
CATACGACTTTGAGTGTCAG_010,158
CATACGACTTTGAGTGTCAG_011,22
CATACGACTTTGAGTGTCAG_012,157
CATACGACTTTGAGTGTCAG_013,158
ATGACGACCCTGGATCTGGT_001,49
ATGACGACCCTGGATCTGGT_002,188
ATGACGACCCTGGATCTGGT_003,15
ATGACGACCCTGGATCTGGT_004,88
ATGACGACCCTGGATCTGGT_005,150
ATGACGACCCTGGATCTGGT_006,48
ATGACGACCCTGGATCTGGT_007,41
ATGACGACCCTGGATCTGGT_008,186
ATGACGACCCTGGATCTGGT_009,103
ATGACGACCCTGGATCTGGT_010,188
ATGACGACCCTGGATCTGGT_011,6
AGGTGACCACATGGTAACCA_001,150
AGGTGACCACATGGTAACCA_002,106
AGGTGACCACATGGTAACCA_003,188
AGGTGACCACATGGTAACCA_004,198
AGGTGACCACATGGTAACCA_005,116
AGGTGACCACATGGTAACCA_006,103
AGGTGACCACATGGTAACCA_007,6
GGACCTGCACGTCACACATG_001,9
GGACCTGCACGTCACACATG_002,184
GGACCTGCACGTCACACATG_003,63
AGTGGGGCCCCAAATTCACA_001,154
AGTGGGGCCCCAAATTCACA_002,90
AGTGGGGCCCCAAATTCACA_003,6
AGTGGGGCCCCAAATTCACA_004,102
AGTGGGGCCCCAAATTCACA_005,134
AGTGGGGCCCCAAATTCACA_006,145
AGTGGGGCCCCAAATTCACA_007,158
AGTGGGGCCCCAAATTCACA_008,169
AGTGGGGCCCCAAATTCACA_009,58
AGTGGGGCCCCAAATTCACA_010,9
AGTGGGGCCCCAAATTCACA_011,62
AGTGGGGCCCCAAATTCACA_012,99
AGTGGGGCCCCAAATTCACA_013,49
AGTGGGGCCCCAAATTCACA_014,166
AGTGGGGCCCCAAATTCACA_015,137
GAAGACGGCTCGAAGCAACA_001,51
TCTTGGAGGCATATCAACTG_001,168
TCTTGGAGGCATATCAACTG_002,156
TCTTGGAGGCATATCAACTG_003,188
TCTTGGAGGCATATCAACTG_004,162
TCTTGGAGGCATATCAACTG_005,60
CGGCCGCGAGTTCGACCAGA_001,194
CGGCCGCGAGTTCGACCAGA_002,72
CGGCCGCGAGTTCGACCAGA_003,72
CGGCCGCGAGTTCGACCAGA_004,87
CGGCCGCGAGTTCGACCAGA_005,7
CGGCCGCGAGTTCGACCAGA_006,132
CGGCCGCGAGTTCGACCAGA_007,159
CGGCCGCGAGTTCGACCAGA_008,60
CGGCCGCGAGTTCGACCAGA_009,28
CGGCCGCGAGTTCGACCAGA_010,32
CGGCCGCGAGTTCGACCAGA_011,9
CGGCCGCGAGTTCGACCAGA_012,57
CGGCCGCGAGTTCGACCAGA_013,28
CGGCCGCGAGTTCGACCAGA_014,37
CGGCCGCGAGTTCGACCAGA_015,33
CGGCCGCGAGTTCGACCAGA_016,103
CGGCCGCGAGTTCGACCAGA_017,115
ACACATAGGCAGTACACGCC_001,9
ACACATAGGCAGTACACGCC_002,134
ACACATAGGCAGTACACGCC_003,23
ACACATAGGCAGTACACGCC_004,172
ACACATAGGCAGTACACGCC_005,172
ACACATAGGCAGTACACGCC_006,177
ACACATAGGCAGTACACGCC_007,17
ACACATAGGCAGTACACGCC_008,103
ACACATAGGCAGTACACGCC_009,78
ACACATAGGCAGTACACGCC_010,9
ACACATAGGCAGTACACGCC_011,158
ACACATAGGCAGTACACGCC_012,138
ACACATAGGCAGTACACGCC_013,10
ACACATAGGCAGTACACGCC_014,57
ACACATAGGCAGTACACGCC_015,107
ACACATAGGCAGTACACGCC_016,60
ACACATAGGCAGTACACGCC_017,6
ACACATAGGCAGTACACGCC_018,187
ACACATAGGCAGTACACGCC_019,114
ACACATAGGCAGTACACGCC_020,117
ACACATAGGCAGTACACGCC_021,125
ACACATAGGCAGTACACGCC_022,172
ACACATAGGCAGTACACGCC_023,63
CCACATCAAGATCTCGGATG_001,129
CCACATCAAGATCTCGGATG_002,57
CCACATCAAGATCTCGGATG_003,105
CCACATCAAGATCTCGGATG_004,105
CCACATCAAGATCTCGGATG_005,40
GGGTCAATCCAACTGAGTAG_001,36
GGGTCAATCCAACTGAGTAG_002,188
AAATGGATAGACTTCGTCAG_001,189
AAATGGATAGACTTCGTCAG_002,193
AAATGGATAGACTTCGTCAG_003,38
AAATGGATAGACTTCGTCAG_004,1
AAATGGATAGACTTCGTCAG_005,176
AAATGGATAGACTTCGTCAG_006,146
AAATGGATAGACTTCGTCAG_007,35
AAATGGATAGACTTCGTCAG_008,147
AAATGGATAGACTTCGTCAG_009,127
TGTCTGAGAAGACGAAGCCC_001,67
TGTCTGAGAAGACGAAGCCC_002,114
AACGCTGGCAAGGTACGCCG_001,154
AACGCTGGCAAGGTACGCCG_002,154
AACGCTGGCAAGGTACGCCG_003,157
AACGCTGGCAAGGTACGCCG_004,17
AACGCTGGCAAGGTACGCCG_005,93
AACGCTGGCAAGGTACGCCG_006,121
AACGCTGGCAAGGTACGCCG_007,148
AACGCTGGCAAGGTACGCCG_008,71
AACGCTGGCAAGGTACGCCG_009,3
AACGCTGGCAAGGTACGCCG_010,142
AACGCTGGCAAGGTACGCCG_011,187
AACGCTGGCAAGGTACGCCG_012,163
AACGCTGGCAAGGTACGCCG_013,83
AACGCTGGCAAGGTACGCCG_014,140
AACGCTGGCAAGGTACGCCG_015,13
AACGCTGGCAAGGTACGCCG_016,115
AACGCTGGCAAGGTACGCCG_017,127
AACGCTGGCAAGGTACGCCG_018,48
AACGCTGGCAAGGTACGCCG_019,193
AACGCTGGCAAGGTACGCCG_020,160
AACGCTGGCAAGGTACGCCG_021,172
AACGCTGGCAAGGTACGCCG_022,124
AACGCTGGCAAGGTACGCCG_023,53
AACGCTGGCAAGGTACGCCG_024,27
AACGCTGGCAAGGTACGCCG_025,141
AACGCTGGCAAGGTACGCCG_026,40
AACGCTGGCAAGGTACGCCG_027,104
AACGCTGGCAAGGTACGCCG_028,39
TCCGACAGCAGATCCAGGCT_001,50
TCCGACAGCAGATCCAGGCT_002,1
TCCGACAGCAGATCCAGGCT_003,76
TCCGACAGCAGATCCAGGCT_004,20
TCCGACAGCAGATCCAGGCT_005,95
CAGCTCCGAAATCACCACCA_001,36
CAGCTCCGAAATCACCACCA_002,90
CAGCTCCGAAATCACCACCA_003,131
CAGCTCCGAAATCACCACCA_004,17
CAGCTCCGAAATCACCACCA_005,9
CAGCTCCGAAATCACCACCA_006,198
CAGCTCCGAAATCACCACCA_007,188
CAGCTCCGAAATCACCACCA_008,29
CAGCTCCGAAATCACCACCA_009,160
AGACAAGGGATGCTACTCAG_001,21
AGACAAGGGATGCTACTCAG_002,42
AGACAAGGGATGCTACTCAG_003,17
AGACAAGGGATGCTACTCAG_004,152
AGACAAGGGATGCTACTCAG_005,172
AGACAAGGGATGCTACTCAG_006,69
AGACAAGGGATGCTACTCAG_007,90
AGACAAGGGATGCTACTCAG_008,56
AGACAAGGGATGCTACTCAG_009,0
AGACAAGGGATGCTACTCAG_010,7
AGACAAGGGATGCTACTCAG_011,59
AGACAAGGGATGCTACTCAG_012,124
AGACAAGGGATGCTACTCAG_013,33
AGACAAGGGATGCTACTCAG_014,94
ACTCCTTGGCTAGTACACTT_001,26
ACTCCTTGGCTAGTACACTT_002,152
ACTCCTTGGCTAGTACACTT_003,103
ACTCCTTGGCTAGTACACTT_004,134
ACTCCTTGGCTAGTACACTT_005,27
ACTCCTTGGCTAGTACACTT_006,166
ACTCCTTGGCTAGTACACTT_007,114
ACTCCTTGGCTAGTACACTT_008,15
ACTCCTTGGCTAGTACACTT_009,2
ACTCCTTGGCTAGTACACTT_010,147
ACTCCTTGGCTAGTACACTT_011,166
ACTCCTTGGCTAGTACACTT_012,66
ACTCCTTGGCTAGTACACTT_013,145
AACCAGGCAGCCCTTGCAGT_001,70
AACCAGGCAGCCCTTGCAGT_002,196
AACCAGGCAGCCCTTGCAGT_003,130
AACCAGGCAGCCCTTGCAGT_004,49
AACCAGGCAGCCCTTGCAGT_005,189
AACCAGGCAGCCCTTGCAGT_006,160
AACCAGGCAGCCCTTGCAGT_007,94
AACCAGGCAGCCCTTGCAGT_008,29
AACCAGGCAGCCCTTGCAGT_009,121
AACCAGGCAGCCCTTGCAGT_010,12
AACCAGGCAGCCCTTGCAGT_011,58
AACCAGGCAGCCCTTGCAGT_012,93
AACCAGGCAGCCCTTGCAGT_013,15
AACCAGGCAGCCCTTGCAGT_014,44
AACCAGGCAGCCCTTGCAGT_015,148
AACCAGGCAGCCCTTGCAGT_016,19
AACCAGGCAGCCCTTGCAGT_017,61
AACCAGGCAGCCCTTGCAGT_018,130
AACCAGGCAGCCCTTGCAGT_019,68
AACCAGGCAGCCCTTGCAGT_020,102
AGGCATGGACGAAGGGCCGT_001,81
AGGCATGGACGAAGGGCCGT_002,150
AGGCATGGACGAAGGGCCGT_003,9
AGGCATGGACGAAGGGCCGT_004,179
AGGCATGGACGAAGGGCCGT_005,44
AGGCATGGACGAAGGGCCGT_006,2
GCACATCGAGGCGGTCCGCG_001,48
GCACATCGAGGCGGTCCGCG_002,64
GCACATCGAGGCGGTCCGCG_003,51
GCACATCGAGGCGGTCCGCG_004,107
GCACATCGAGGCGGTCCGCG_005,189
GCACATCGAGGCGGTCCGCG_006,59
GCACATCGAGGCGGTCCGCG_007,84
GCACATCGAGGCGGTCCGCG_008,129
GCACATCGAGGCGGTCCGCG_009,15
GCACATCGAGGCGGTCCGCG_010,41
GCACATCGAGGCGGTCCGCG_011,50
GCACATCGAGGCGGTCCGCG_012,113
GCACATCGAGGCGGTCCGCG_013,174
GCACATCGAGGCGGTCCGCG_014,48
TGAATCCCATTCCAAAATGT_001,145
TGAATCCCATTCCAAAATGT_002,53
TGAATCCCATTCCAAAATGT_003,141
TGAATCCCATTCCAAAATGT_004,61
TGTGTTCCCAGGCTCAACAA_001,175
TGTGTTCCCAGGCTCAACAA_002,88
TGTGTTCCCAGGCTCAACAA_003,174
TGTGTTCCCAGGCTCAACAA_004,18
TGTGTTCCCAGGCTCAACAA_005,10
TGTGTTCCCAGGCTCAACAA_006,97
TGTGTTCCCAGGCTCAACAA_007,142
TGTGTTCCCAGGCTCAACAA_008,91
CCCTATCAGGACAAGCTGGT_001,115
CCCTATCAGGACAAGCTGGT_002,106
CCCTATCAGGACAAGCTGGT_003,127
CCCTATCAGGACAAGCTGGT_004,176
CCCTATCAGGACAAGCTGGT_005,46
CCCTATCAGGACAAGCTGGT_006,152
CCCTATCAGGACAAGCTGGT_007,144
CCCTATCAGGACAAGCTGGT_008,175
CTGCACCAGCGAAGCGCCTG_001,119
CTGCACCAGCGAAGCGCCTG_002,88
CTGCACCAGCGAAGCGCCTG_003,119
CTGCACCAGCGAAGCGCCTG_004,194
CTGCACCAGCGAAGCGCCTG_005,28
CTGCACCAGCGAAGCGCCTG_006,28
CCGGGGACAGTGGCTACTGG_001,42
CCGGGGACAGTGGCTACTGG_002,170
CCGGGGACAGTGGCTACTGG_003,193
CCGGGGACAGTGGCTACTGG_004,119
CCGGGGACAGTGGCTACTGG_005,119
CCGGGGACAGTGGCTACTGG_006,77
CCGGGGACAGTGGCTACTGG_007,49
CCGGGGACAGTGGCTACTGG_008,129
CGAACATGACCAGGCCAATG_001,172
CGAACATGACCAGGCCAATG_002,58
CGAACATGACCAGGCCAATG_003,40
CGAACATGACCAGGCCAATG_004,68
CGAACATGACCAGGCCAATG_005,113
CGAACATGACCAGGCCAATG_006,37
CGAACATGACCAGGCCAATG_007,194
CGAACATGACCAGGCCAATG_008,19
CGAACATGACCAGGCCAATG_009,19
CCTCCAGCGCTACTACCAAG_001,162
CCTCCAGCGCTACTACCAAG_002,177
CCTCCAGCGCTACTACCAAG_003,2
CCTCCAGCGCTACTACCAAG_004,168
CAGATCGTGTTTGAGTTCGT_001,144
CAGATCGTGTTTGAGTTCGT_002,21
CAGATCGTGTTTGAGTTCGT_003,125
CAGATCGTGTTTGAGTTCGT_004,193
CAGATCGTGTTTGAGTTCGT_005,84
CAGATCGTGTTTGAGTTCGT_006,64
CAGATCGTGTTTGAGTTCGT_007,151
CAGATCGTGTTTGAGTTCGT_008,169
CAGATCGTGTTTGAGTTCGT_009,94
CAGATCGTGTTTGAGTTCGT_010,9
CAGATCGTGTTTGAGTTCGT_011,48
CAGATCGTGTTTGAGTTCGT_012,64
AAAAGTAATATTCGACACAG_001,98
TTGTTGGGTAGATTCAAAGG_001,16
TTGTTGGGTAGATTCAAAGG_002,168
GTACGTGAGCATCTTATAGA_001,62
GTACGTGAGCATCTTATAGA_002,29
GTACGTGAGCATCTTATAGA_003,155
GTACGTGAGCATCTTATAGA_004,76
GTACGTGAGCATCTTATAGA_005,73
GTACGTGAGCATCTTATAGA_006,15
GTACGTGAGCATCTTATAGA_007,1
GGAGGAGTATAATGTAACCG_001,16
GGAGGAGTATAATGTAACCG_002,140
AACACACGGAAGGTACGCAG_001,20
AACACACGGAAGGTACGCAG_002,121
AACACACGGAAGGTACGCAG_003,61
AACACACGGAAGGTACGCAG_004,28
AACACACGGAAGGTACGCAG_005,135
AACACACGGAAGGTACGCAG_006,72
AACACACGGAAGGTACGCAG_007,94
AACACACGGAAGGTACGCAG_008,65
AACACACGGAAGGTACGCAG_009,150
AACACACGGAAGGTACGCAG_010,192
AACACACGGAAGGTACGCAG_011,28
AACACACGGAAGGTACGCAG_012,58
AACACACGGAAGGTACGCAG_013,144
GGTGAGACCTGCGGCATCTG_001,36
GGTGAGACCTGCGGCATCTG_002,61
GGTGAGACCTGCGGCATCTG_003,187
GGTGAGACCTGCGGCATCTG_004,174
GGTGAGACCTGCGGCATCTG_005,49
AATTTAAAAAGCGCCCTCGG_001,119
AATTTAAAAAGCGCCCTCGG_002,26
AATTTAAAAAGCGCCCTCGG_003,78
AATTTAAAAAGCGCCCTCGG_004,49
AATTTAAAAAGCGCCCTCGG_005,157
AATTTAAAAAGCGCCCTCGG_006,94
AATTTAAAAAGCGCCCTCGG_007,149
AATTTAAAAAGCGCCCTCGG_008,17
AATTTAAAAAGCGCCCTCGG_009,42
AATTTAAAAAGCGCCCTCGG_010,138
AATTTAAAAAGCGCCCTCGG_011,155
AATTTAAAAAGCGCCCTCGG_012,57
AATTTAAAAAGCGCCCTCGG_013,172
AATTTAAAAAGCGCCCTCGG_014,170
AATTTAAAAAGCGCCCTCGG_015,126
AATTTAAAAAGCGCCCTCGG_016,144
AATTTAAAAAGCGCCCTCGG_017,62
AATTTAAAAAGCGCCCTCGG_018,120
AATTTAAAAAGCGCCCTCGG_019,40
AATTTAAAAAGCGCCCTCGG_020,169
AATTTAAAAAGCGCCCTCGG_021,171
AATTTAAAAAGCGCCCTCGG_022,156
AATTTAAAAAGCGCCCTCGG_023,56
AATTTAAAAAGCGCCCTCGG_024,49
AATTTAAAAAGCGCCCTCGG_025,166
AATTTAAAAAGCGCCCTCGG_026,168
AATTTAAAAAGCGCCCTCGG_027,71
CCTCAAGTGCTACACCTGCA_001,108
CCTCAAGTGCTACACCTGCA_002,80
CCTCAAGTGCTACACCTGCA_003,82
CCTCAAGTGCTACACCTGCA_004,12
CCTCAAGTGCTACACCTGCA_005,192
CCTCAAGTGCTACACCTGCA_006,190
CCTCAAGTGCTACACCTGCA_007,82
CCTCAAGTGCTACACCTGCA_008,45
CCTCAAGTGCTACACCTGCA_009,139
CCTCAAGTGCTACACCTGCA_010,0
CCTCAAGTGCTACACCTGCA_011,182
CCTCAAGTGCTACACCTGCA_012,16
CCTCAAGTGCTACACCTGCA_013,158
CCTCAAGTGCTACACCTGCA_014,39
ACTGTCATGTTCAAGTTGAG_001,13
ACTGTCATGTTCAAGTTGAG_002,137
ACTGTCATGTTCAAGTTGAG_003,93
ACTGTCATGTTCAAGTTGAG_004,86
ACTGTCATGTTCAAGTTGAG_005,123
ACTGTCATGTTCAAGTTGAG_006,36
GAGCGGTGCCAAATGGACCA_001,62
GAGCGGTGCCAAATGGACCA_002,144
GAGCGGTGCCAAATGGACCA_003,199
GAGCGGTGCCAAATGGACCA_004,2
GAGCGGTGCCAAATGGACCA_005,179
TGTCCACATTTAGCAACATA_001,126
TGTAAGAGTGAGACTAATGG_001,150
TGTAAGAGTGAGACTAATGG_002,150
TGTAAGAGTGAGACTAATGG_003,29
TGTAAGAGTGAGACTAATGG_004,38
TGTAAGAGTGAGACTAATGG_005,164
TGTAAGAGTGAGACTAATGG_006,164
TGTAAGAGTGAGACTAATGG_007,88
TGTAAGAGTGAGACTAATGG_008,58
TGTAAGAGTGAGACTAATGG_009,150
TGTAAGAGTGAGACTAATGG_010,60
TGTAAGAGTGAGACTAATGG_011,178
TGTAAGAGTGAGACTAATGG_012,178
TGTAAGAGTGAGACTAATGG_013,110
TGTAAGAGTGAGACTAATGG_014,19
TGTAAGAGTGAGACTAATGG_015,2
ACGGCGAGTTGCATTCGTGC_001,16
ACGGCGAGTTGCATTCGTGC_002,91
ACGGCGAGTTGCATTCGTGC_003,42
ACGGCGAGTTGCATTCGTGC_004,24
ACGGCGAGTTGCATTCGTGC_005,10
ACGGCGAGTTGCATTCGTGC_006,179
GGCGTGGGGCACACAGGAGG_001,1
GGCGTGGGGCACACAGGAGG_002,28
GGCGTGGGGCACACAGGAGG_003,102
GGCGTGGGGCACACAGGAGG_004,108
GGCGTGGGGCACACAGGAGG_005,42
GGCGTGGGGCACACAGGAGG_006,42
GGCGTGGGGCACACAGGAGG_007,72
GGCGTGGGGCACACAGGAGG_008,29
GGCGTGGGGCACACAGGAGG_009,72
GGCGTGGGGCACACAGGAGG_010,116
GGCGTGGGGCACACAGGAGG_011,56
GGGTGTCCGCGATCTCAGGA_001,122
GGGTGTCCGCGATCTCAGGA_002,104
GGGTGTCCGCGATCTCAGGA_003,69
GGGTGTCCGCGATCTCAGGA_004,11
GGGTGTCCGCGATCTCAGGA_005,137
GGGTGTCCGCGATCTCAGGA_006,83
GGGTGTCCGCGATCTCAGGA_007,105
GAGGCTTTCTTGCAGAAGGG_001,17
GAGGCTTTCTTGCAGAAGGG_002,152
CATCCAGTTCAGCGCACACG_001,150
CATCCAGTTCAGCGCACACG_002,132
CATCCAGTTCAGCGCACACG_003,84
CATCCAGTTCAGCGCACACG_004,24
CATCCAGTTCAGCGCACACG_005,158
CATCCAGTTCAGCGCACACG_006,159
CATCCAGTTCAGCGCACACG_007,197
CCAAATCCATCCAGTCCCAG_001,15
CCAAATCCATCCAGTCCCAG_002,49
CCAAATCCATCCAGTCCCAG_003,4
CCAAATCCATCCAGTCCCAG_004,143
CCAAATCCATCCAGTCCCAG_005,143
CCAAATCCATCCAGTCCCAG_006,157
CCAAATCCATCCAGTCCCAG_007,105
CCAAATCCATCCAGTCCCAG_008,191
CCAAATCCATCCAGTCCCAG_009,154
CCAAATCCATCCAGTCCCAG_010,69
CCAAATCCATCCAGTCCCAG_011,29
CATGAGCATGCACAACGTCA_001,199
CATGAGCATGCACAACGTCA_002,16
CATGAGCATGCACAACGTCA_003,184
CACATCGCAGAAGATGTCAA_001,88
CACATCGCAGAAGATGTCAA_002,169
CACATCGCAGAAGATGTCAA_003,96
CACATCGCAGAAGATGTCAA_004,48
CACATCGCAGAAGATGTCAA_005,48
CACATCGCAGAAGATGTCAA_006,78
CGCGAACGCCCAGGTACTGT_001,40
CGCGAACGCCCAGGTACTGT_002,61
CGCGAACGCCCAGGTACTGT_003,126
TGATGCGCAGGCCATAGTAG_001,119
TGATGCGCAGGCCATAGTAG_002,140
TGATGCGCAGGCCATAGTAG_003,95
TGATGCGCAGGCCATAGTAG_004,130
TGATGCGCAGGCCATAGTAG_005,111
TGATGCGCAGGCCATAGTAG_006,97
TGATGCGCAGGCCATAGTAG_007,168
GCCCATTCAAAAGCGCCGCG_001,130
GCCCATTCAAAAGCGCCGCG_002,1
GCCCATTCAAAAGCGCCGCG_003,62
GCCCATTCAAAAGCGCCGCG_004,169
GCCCATTCAAAAGCGCCGCG_005,31
GCCCATTCAAAAGCGCCGCG_006,67
GCCCATTCAAAAGCGCCGCG_007,77
GCCCATTCAAAAGCGCCGCG_008,98
GCCCATTCAAAAGCGCCGCG_009,83
GCCCATTCAAAAGCGCCGCG_010,130
GCCCATTCAAAAGCGCCGCG_011,19
GCCCATTCAAAAGCGCCGCG_012,61
GCCCATTCAAAAGCGCCGCG_013,105
GCCCATTCAAAAGCGCCGCG_014,162
GCCCATTCAAAAGCGCCGCG_015,78
GCCCATTCAAAAGCGCCGCG_016,154
GCCCATTCAAAAGCGCCGCG_017,160
GCCCATTCAAAAGCGCCGCG_018,19
GCCCATTCAAAAGCGCCGCG_019,80
GCCCATTCAAAAGCGCCGCG_020,166
GCCCATTCAAAAGCGCCGCG_021,188
GCCCATTCAAAAGCGCCGCG_022,0
GCCCATTCAAAAGCGCCGCG_023,180
GCCCATTCAAAAGCGCCGCG_024,40
TGGCCGATCTCAGATAGTCG_001,70
TGGCCGATCTCAGATAGTCG_002,38
CGCCAAGCAGTGCTTCTACG_001,173
CGCCAAGCAGTGCTTCTACG_002,19
CGCCAAGCAGTGCTTCTACG_003,172
CGCCAAGCAGTGCTTCTACG_004,85
CGCCAAGCAGTGCTTCTACG_005,190
CGCCAAGCAGTGCTTCTACG_006,78
CGCCAAGCAGTGCTTCTACG_007,29
CGCCAAGCAGTGCTTCTACG_008,58
CGCCAAGCAGTGCTTCTACG_009,70
ATCTCGCCTACTGCCCTGCG_001,189
ATCTCGCCTACTGCCCTGCG_002,88
ATCTCGCCTACTGCCCTGCG_003,16
ATCTCGCCTACTGCCCTGCG_004,142
ATCTCGCCTACTGCCCTGCG_005,5
ATCTCGCCTACTGCCCTGCG_006,68
ATCTCGCCTACTGCCCTGCG_007,23
ATCTCGCCTACTGCCCTGCG_008,77
ATCTCGCCTACTGCCCTGCG_009,85
ATCTCGCCTACTGCCCTGCG_010,50
ATCTCGCCTACTGCCCTGCG_011,127
ATCTCGCCTACTGCCCTGCG_012,168
ATCTCGCCTACTGCCCTGCG_013,94
ATCTCGCCTACTGCCCTGCG_014,56
ATCTCGCCTACTGCCCTGCG_015,40
ATCTCGCCTACTGCCCTGCG_016,14
ATCTCGCCTACTGCCCTGCG_017,178
ATCTCGCCTACTGCCCTGCG_018,138
ATCTCGCCTACTGCCCTGCG_019,70
ATCTCGCCTACTGCCCTGCG_020,123
ATCTCGCCTACTGCCCTGCG_021,197
GCTGGCATGCGGCAACACGT_001,93
GCTGGCATGCGGCAACACGT_002,48
GCTGGCATGCGGCAACACGT_003,156
GCTGGCATGCGGCAACACGT_004,116
GCTGGCATGCGGCAACACGT_005,199
GCTGGCATGCGGCAACACGT_006,62
GCTGGCATGCGGCAACACGT_007,152
GCTGGCATGCGGCAACACGT_008,129
GCTGGCATGCGGCAACACGT_009,194
GCTGGCATGCGGCAACACGT_010,165
GCTGGCATGCGGCAACACGT_011,144
CTGATTCCTTAGTTGCACAT_001,75
CTGATTCCTTAGTTGCACAT_002,184
CTGATTCCTTAGTTGCACAT_003,95
CTGATTCCTTAGTTGCACAT_004,152
CTGATTCCTTAGTTGCACAT_005,0
CTGATTCCTTAGTTGCACAT_006,121
CTGATTCCTTAGTTGCACAT_007,39
CTGATTCCTTAGTTGCACAT_008,103
CCTTGCCTAGAATCAAGAAG_001,86
CCTTGCCTAGAATCAAGAAG_002,141
CCTTGCCTAGAATCAAGAAG_003,80
CCTTGCCTAGAATCAAGAAG_004,92
CCTTGCCTAGAATCAAGAAG_005,83
CCTTGCCTAGAATCAAGAAG_006,160
CCTTGCCTAGAATCAAGAAG_007,129
ATCCAATTTCACACAGACGC_001,3
ATCCAATTTCACACAGACGC_002,89
ATCCAATTTCACACAGACGC_003,107
ATCCAATTTCACACAGACGC_004,68
ATCCAATTTCACACAGACGC_005,177
ATCCAATTTCACACAGACGC_006,3
ATCCAATTTCACACAGACGC_007,29
ATCCAATTTCACACAGACGC_008,118
ATCCAATTTCACACAGACGC_009,68
ATAGAATCGGCCATTCTGAG_001,137
ATAGAATCGGCCATTCTGAG_002,102
ATAGAATCGGCCATTCTGAG_003,14
CAGCCGTATTATGCATCTGA_001,163
GGGCCTGTACGAGTCAATCC_001,45
GGGCCTGTACGAGTCAATCC_002,130
AATGTCACCCAGAATGACAT_001,61
AATGTCACCCAGAATGACAT_002,186
AATGTCACCCAGAATGACAT_003,48
AATGTCACCCAGAATGACAT_004,78
AATGTCACCCAGAATGACAT_005,105
AATGTCACCCAGAATGACAT_006,117
AATGTCACCCAGAATGACAT_007,105
AATGTCACCCAGAATGACAT_008,78
AATGTCACCCAGAATGACAT_009,55
AATGTCACCCAGAATGACAT_010,169
AATGTCACCCAGAATGACAT_011,36
AATGTCACCCAGAATGACAT_012,158
AATGTCACCCAGAATGACAT_013,160
AATGTCACCCAGAATGACAT_014,29
AATGTCACCCAGAATGACAT_015,125
AATGTCACCCAGAATGACAT_016,177
AATGTCACCCAGAATGACAT_017,15
GGTCTCCACGAAACACAGCG_001,23
GGTCTCCACGAAACACAGCG_002,93
GGTCTCCACGAAACACAGCG_003,168
GGTCTCCACGAAACACAGCG_004,58
GGTCTCCACGAAACACAGCG_005,84
GGTCTCCACGAAACACAGCG_006,181
GGTCTCCACGAAACACAGCG_007,26
GGTCTCCACGAAACACAGCG_008,43
GGTCTCCACGAAACACAGCG_009,153
GGTCTCCACGAAACACAGCG_010,38
AGCTGATGGGGATTGTGACT_001,163
AGCTGATGGGGATTGTGACT_002,94
AGCTGATGGGGATTGTGACT_003,191
AGCTGATGGGGATTGTGACT_004,179
AGCTGATGGGGATTGTGACT_005,10
AGCTGATGGGGATTGTGACT_006,139
AGCTGATGGGGATTGTGACT_007,112
AAAAAGTCCCCACGCGCTCG_001,177
AAAAAGTCCCCACGCGCTCG_002,130
AAAAAGTCCCCACGCGCTCG_003,23
AAAAAGTCCCCACGCGCTCG_004,182
AAAAAGTCCCCACGCGCTCG_005,70
AAAAAGTCCCCACGCGCTCG_006,41
AAAAAGTCCCCACGCGCTCG_007,129
AAAAAGTCCCCACGCGCTCG_008,125
AAAAAGTCCCCACGCGCTCG_009,22
AAAAAGTCCCCACGCGCTCG_010,92
AAAAAGTCCCCACGCGCTCG_011,191
AAAAAGTCCCCACGCGCTCG_012,115
AAAAAGTCCCCACGCGCTCG_013,184
AAAAAGTCCCCACGCGCTCG_014,78
AAAAAGTCCCCACGCGCTCG_015,142
AAAAAGTCCCCACGCGCTCG_016,8
AAAAAGTCCCCACGCGCTCG_017,142
AAAAAGTCCCCACGCGCTCG_018,27
GCTCCATCAGTGCCAGATCG_001,154
GCTCCATCAGTGCCAGATCG_002,108
GCTCCATCAGTGCCAGATCG_003,2
GCTCCATCAGTGCCAGATCG_004,147
TGGCGGCGTAGAACAATGCA_001,41
TGGCGGCGTAGAACAATGCA_002,48
TGGCGGCGTAGAACAATGCA_003,86
TGGCGGCGTAGAACAATGCA_004,162
TGGCGGCGTAGAACAATGCA_005,60
TGGCGGCGTAGAACAATGCA_006,178
TGGCGGCGTAGAACAATGCA_007,75
TGGCGGCGTAGAACAATGCA_008,9
TGGCGGCGTAGAACAATGCA_009,160
TGGCGGCGTAGAACAATGCA_010,174
TGGCGGCGTAGAACAATGCA_011,28
TGGCGGCGTAGAACAATGCA_012,159
TGGCGGCGTAGAACAATGCA_013,56
TGGCGGCGTAGAACAATGCA_014,150
TGGCGGCGTAGAACAATGCA_015,174
TGGCGGCGTAGAACAATGCA_016,8
TGGCGGCGTAGAACAATGCA_017,53
TGGCGGCGTAGAACAATGCA_018,1
TGGCGGCGTAGAACAATGCA_019,115
TGGCGGCGTAGAACAATGCA_020,188
TGGCGGCGTAGAACAATGCA_021,15
TGGCGGCGTAGAACAATGCA_022,177
TGGCGGCGTAGAACAATGCA_023,114
TGGCGGCGTAGAACAATGCA_024,59
TGGCGGCGTAGAACAATGCA_025,159
TGGCGGCGTAGAACAATGCA_026,189
TGGCGGCGTAGAACAATGCA_027,65
TGGCGGCGTAGAACAATGCA_028,41
TGGCGGCGTAGAACAATGCA_029,99
CCTTATCCAACAAGCCGCTA_001,88
GCCGGCCGGCTGTTCGACCA_001,103
GCCGGCCGGCTGTTCGACCA_002,44
GCGGATGTAGTGTGTCCGCG_001,102
GCGGATGTAGTGTGTCCGCG_002,88
GCGGATGTAGTGTGTCCGCG_003,114
GCGGATGTAGTGTGTCCGCG_004,2
GCGGATGTAGTGTGTCCGCG_005,94
GCGGATGTAGTGTGTCCGCG_006,56
GCGGATGTAGTGTGTCCGCG_007,185
GCGGATGTAGTGTGTCCGCG_008,102
GCGGATGTAGTGTGTCCGCG_009,52
GCGGATGTAGTGTGTCCGCG_010,114
GCGGATGTAGTGTGTCCGCG_011,35
GCGGATGTAGTGTGTCCGCG_012,188
GCAGCTCCAGCAGACGAACA_001,88
GCAGCTCCAGCAGACGAACA_002,186
GCAGCTCCAGCAGACGAACA_003,115
GCAGCTCCAGCAGACGAACA_004,48
GCAGCTCCAGCAGACGAACA_005,48
GCAGCTCCAGCAGACGAACA_006,2
GCAGCTCCAGCAGACGAACA_007,193
GCAGCTCCAGCAGACGAACA_008,33
GCAGCTCCAGCAGACGAACA_009,60
GCAGCTCCAGCAGACGAACA_010,198
GCAGCTCCAGCAGACGAACA_011,190
GCAGCTCCAGCAGACGAACA_012,103
GCAGCTCCAGCAGACGAACA_013,111
GCAGCTCCAGCAGACGAACA_014,81
GCAGCTCCAGCAGACGAACA_015,148
GCAGCTCCAGCAGACGAACA_016,148
GCAGCTCCAGCAGACGAACA_017,46
GCAGCTCCAGCAGACGAACA_018,144
GCAGCTCCAGCAGACGAACA_019,72
GCAGCTCCAGCAGACGAACA_020,144
GCAGCTCCAGCAGACGAACA_021,89
GCAGCTCCAGCAGACGAACA_022,165
GCAGCTCCAGCAGACGAACA_023,75
CCCTGGGACACGTAAGAGTG_001,188
CCCTGGGACACGTAAGAGTG_002,171
CCCTGGGACACGTAAGAGTG_003,91
CCCTGGGACACGTAAGAGTG_004,81
CCCTGGGACACGTAAGAGTG_005,66
CCCTGGGACACGTAAGAGTG_006,66
CCCTGGGACACGTAAGAGTG_007,85
CCCTGGGACACGTAAGAGTG_008,163
CCCTGGGACACGTAAGAGTG_009,127
GTACACACATTGAACCTCAG_001,129
GTACACACATTGAACCTCAG_002,53
GTACACACATTGAACCTCAG_003,127
GTACACACATTGAACCTCAG_004,80
GTACACACATTGAACCTCAG_005,176
GTACACACATTGAACCTCAG_006,121
GTACACACATTGAACCTCAG_007,48
GTACACACATTGAACCTCAG_008,158
GTACACACATTGAACCTCAG_009,177
GTACACACATTGAACCTCAG_010,117
GTACACACATTGAACCTCAG_011,190
GTACACACATTGAACCTCAG_012,115
GTACACACATTGAACCTCAG_013,96
GTACACACATTGAACCTCAG_014,119
GTACACACATTGAACCTCAG_015,103
TCCTGCTCGTCGACCTCGGG_001,41
TCCTGCTCGTCGACCTCGGG_002,53
TCCTGCTCGTCGACCTCGGG_003,157
TCCTGCTCGTCGACCTCGGG_004,103
TCCTGCTCGTCGACCTCGGG_005,92
TCCTGCTCGTCGACCTCGGG_006,43
GGGCCACGACAAGTCTGACA_001,169
GGGCCACGACAAGTCTGACA_002,196
GGGCCACGACAAGTCTGACA_003,34
GGGCCACGACAAGTCTGACA_004,113
GGGCCACGACAAGTCTGACA_005,35
GGGCCACGACAAGTCTGACA_006,191
GGCCATGCGGGAACTGTCGG_001,68
GGCCATGCGGGAACTGTCGG_002,41
GGCCATGCGGGAACTGTCGG_003,134
GGCCATGCGGGAACTGTCGG_004,170
GGCCATGCGGGAACTGTCGG_005,161
GGCCATGCGGGAACTGTCGG_006,33
GGCCATGCGGGAACTGTCGG_007,148
GGCCATGCGGGAACTGTCGG_008,182
GGCCATGCGGGAACTGTCGG_009,72
GGCCATGCGGGAACTGTCGG_010,124
GGCCATGCGGGAACTGTCGG_011,38
CACAGCGCACCGGTAGCTCG_001,62
CACAGCGCACCGGTAGCTCG_002,159
CACAGCGCACCGGTAGCTCG_003,33
CACAGCGCACCGGTAGCTCG_004,132
CACAGCGCACCGGTAGCTCG_005,37
CACAGCGCACCGGTAGCTCG_006,82
CACAGCGCACCGGTAGCTCG_007,181
CACAGCGCACCGGTAGCTCG_008,68
CACAGCGCACCGGTAGCTCG_009,137
CACAGCGCACCGGTAGCTCG_010,108
CACAGCGCACCGGTAGCTCG_011,178
CACAGCGCACCGGTAGCTCG_012,108
GCTCCAGCCAGACCACGCAC_001,157
GCTCCAGCCAGACCACGCAC_002,182
GCTCCAGCCAGACCACGCAC_003,50
GCTCCAGCCAGACCACGCAC_004,132
GCTCCAGCCAGACCACGCAC_005,101
GCTCCAGCCAGACCACGCAC_006,176
GTGGCAGCGCGACATCCACA_001,153
GTGGCAGCGCGACATCCACA_002,197
GTGGCAGCGCGACATCCACA_003,27
GTGGCAGCGCGACATCCACA_004,183
GTGGCAGCGCGACATCCACA_005,29
GTGGCAGCGCGACATCCACA_006,0
GTGGCAGCGCGACATCCACA_007,4
GTGGCAGCGCGACATCCACA_008,105
GTGGCAGCGCGACATCCACA_009,140
GTGGCAGCGCGACATCCACA_010,188
GTGGCAGCGCGACATCCACA_011,145
GTGGCAGCGCGACATCCACA_012,88
GTGGCAGCGCGACATCCACA_013,38
ACCCTTCACCCAAGATCGAA_001,113
ACCCTTCACCCAAGATCGAA_002,58
ACCCTTCACCCAAGATCGAA_003,127
ACCCTTCACCCAAGATCGAA_004,77
ACCCTTCACCCAAGATCGAA_005,192
ACCCTTCACCCAAGATCGAA_006,96
ACCCTTCACCCAAGATCGAA_007,89
ACCCTTCACCCAAGATCGAA_008,2
ACCCTTCACCCAAGATCGAA_009,161
ACCCTTCACCCAAGATCGAA_010,198
ACCCTTCACCCAAGATCGAA_011,121
ACCCTTCACCCAAGATCGAA_012,150
ACCCTTCACCCAAGATCGAA_013,180
ACCCTTCACCCAAGATCGAA_014,186
ACCCTTCACCCAAGATCGAA_015,90
ACCCTTCACCCAAGATCGAA_016,172
ACCCTTCACCCAAGATCGAA_017,190
ACCCTTCACCCAAGATCGAA_018,79
ACCCTTCACCCAAGATCGAA_019,13
ACCCTTCACCCAAGATCGAA_020,111
ACCCTTCACCCAAGATCGAA_021,79
ACCCTTCACCCAAGATCGAA_022,61
ACCCTTCACCCAAGATCGAA_023,134
ACCCTTCACCCAAGATCGAA_024,99
ACCCTTCACCCAAGATCGAA_025,141
ACCCTTCACCCAAGATCGAA_026,83
GGGTGATGTCTCATCACACA_001,69
CATGGTTAAATCAAGGCAGG_001,124
CATGGTTAAATCAAGGCAGG_002,51
CATGGTTAAATCAAGGCAGG_003,150
CATGGTTAAATCAAGGCAGG_004,62
CATGGTTAAATCAAGGCAGG_005,141
CATGGTTAAATCAAGGCAGG_006,61
GCTCTGCCTGGACTTTACCG_001,146
GCTCTGCCTGGACTTTACCG_002,185
GCTCTGCCTGGACTTTACCG_003,38
GCTCTGCCTGGACTTTACCG_004,96
GCTCTGCCTGGACTTTACCG_005,160
GCTCTGCCTGGACTTTACCG_006,140
GCTCTGCCTGGACTTTACCG_007,127
GCTCTGCCTGGACTTTACCG_008,197
GCTCTGCCTGGACTTTACCG_009,188
GCTCTGCCTGGACTTTACCG_010,118
GCTCTGCCTGGACTTTACCG_011,144
GGAAGCCACTGTGTGCCGGT_001,70
GGAAGCCACTGTGTGCCGGT_002,0
GGAAGCCACTGTGTGCCGGT_003,166
GGAAGCCACTGTGTGCCGGT_004,174
GGAAGCCACTGTGTGCCGGT_005,169
GGAAGCCACTGTGTGCCGGT_006,58
GGAAGCCACTGTGTGCCGGT_007,172
ACAGCCTGATCGGGAAGGAT_001,97
ACAGCCTGATCGGGAAGGAT_002,181
ACAGCCTGATCGGGAAGGAT_003,142
ACAGCCTGATCGGGAAGGAT_004,132
ACAGCCTGATCGGGAAGGAT_005,63
ACAGCCTGATCGGGAAGGAT_006,52
ACAGCCTGATCGGGAAGGAT_007,38
ACAGCCTGATCGGGAAGGAT_008,181
ACAGCCTGATCGGGAAGGAT_009,185
ACAGCCTGATCGGGAAGGAT_010,46
ACAGCCTGATCGGGAAGGAT_011,1
ACAGCCTGATCGGGAAGGAT_012,158
ACAGCCTGATCGGGAAGGAT_013,174
ACAGCCTGATCGGGAAGGAT_014,106
ACAGCCTGATCGGGAAGGAT_015,77
ACAGCCTGATCGGGAAGGAT_016,113
ACAGCCTGATCGGGAAGGAT_017,156
ACAGCCTGATCGGGAAGGAT_018,81
ACAGCCTGATCGGGAAGGAT_019,78
ACAGCCTGATCGGGAAGGAT_020,77
ACAGCCTGATCGGGAAGGAT_021,31
ACAGCCTGATCGGGAAGGAT_022,103
ACAGCCTGATCGGGAAGGAT_023,156
ACAGCCTGATCGGGAAGGAT_024,192
ACAGCCTGATCGGGAAGGAT_025,104
ACAGCCTGATCGGGAAGGAT_026,82
TTCCGCACAGAGACAAATGG_001,15
TTCCGCACAGAGACAAATGG_002,4
TTCCGCACAGAGACAAATGG_003,181
TTCCGCACAGAGACAAATGG_004,76
TTCCGCACAGAGACAAATGG_005,157
TTCCGCACAGAGACAAATGG_006,29
TTCCGCACAGAGACAAATGG_007,160
AGAAACCAGCAAATGTCCTG_001,169
ATGGCTCAGGAGATAGTCAA_001,170
ATGGCTCAGGAGATAGTCAA_002,90
ATGGCTCAGGAGATAGTCAA_003,29
ATGGCTCAGGAGATAGTCAA_004,76
ATGGCTCAGGAGATAGTCAA_005,122
ATGGCTCAGGAGATAGTCAA_006,27
ATGGCTCAGGAGATAGTCAA_007,105
ATGGCTCAGGAGATAGTCAA_008,60
ATGGCTCAGGAGATAGTCAA_009,160
ATGGCTCAGGAGATAGTCAA_010,14
ATGGCTCAGGAGATAGTCAA_011,62
ATGGCTCAGGAGATAGTCAA_012,147
ATGGCTCAGGAGATAGTCAA_013,58
ATGGCTCAGGAGATAGTCAA_014,127
ATGGCTCAGGAGATAGTCAA_015,127
ATGGCTCAGGAGATAGTCAA_016,58
ATGGCTCAGGAGATAGTCAA_017,159
ATGGCTCAGGAGATAGTCAA_018,67
ATGGCTCAGGAGATAGTCAA_019,174
ATGGCTCAGGAGATAGTCAA_020,190
ATGGCTCAGGAGATAGTCAA_021,176
ATGGCTCAGGAGATAGTCAA_022,133
ATGGCTCAGGAGATAGTCAA_023,1
ATGGCTCAGGAGATAGTCAA_024,138
CAACGTGTACTGCCCCCATG_001,20
CAACGTGTACTGCCCCCATG_002,75
CAACGTGTACTGCCCCCATG_003,152
CAACGTGTACTGCCCCCATG_004,153
CAACGTGTACTGCCCCCATG_005,80
CAACGTGTACTGCCCCCATG_006,117
CAACGTGTACTGCCCCCATG_007,144
TATTAATGGAGTGGTATCCA_001,140
TATTAATGGAGTGGTATCCA_002,196
TATTAATGGAGTGGTATCCA_003,138
TATTAATGGAGTGGTATCCA_004,26
TATTAATGGAGTGGTATCCA_005,16
TATTAATGGAGTGGTATCCA_006,186
TATTAATGGAGTGGTATCCA_007,152
TATTAATGGAGTGGTATCCA_008,64
TATTAATGGAGTGGTATCCA_009,84
AATAGAGTACTATGCTATGT_001,27
ATGGGCACACAAGTCCCCAA_001,85
ATGGGCACACAAGTCCCCAA_002,85
ATGGGCACACAAGTCCCCAA_003,96
ATGGGCACACAAGTCCCCAA_004,158
ATGGGCACACAAGTCCCCAA_005,58
ATGGGCACACAAGTCCCCAA_006,79
ATGGGCACACAAGTCCCCAA_007,147
ATGGGCACACAAGTCCCCAA_008,98
ATGGGCACACAAGTCCCCAA_009,88
GCCCGGCTCAACCTCCGTGG_001,152
GCCCGGCTCAACCTCCGTGG_002,21
GCCCGGCTCAACCTCCGTGG_003,175
GCCCGGCTCAACCTCCGTGG_004,149
GCCCGGCTCAACCTCCGTGG_005,78
GCCCGGCTCAACCTCCGTGG_006,169
GCCCGGCTCAACCTCCGTGG_007,158
GCCCGGCTCAACCTCCGTGG_008,155
GCCCGGCTCAACCTCCGTGG_009,24
GCCCGGCTCAACCTCCGTGG_010,38
GCCCGGCTCAACCTCCGTGG_011,176
GCCCGGCTCAACCTCCGTGG_012,37
GCCCGGCTCAACCTCCGTGG_013,66
CACACATAATGTCCGAATGT_001,69
CACACATAATGTCCGAATGT_002,38
CCTGGTCTACTCGAGCCTGG_001,108
CCTGGTCTACTCGAGCCTGG_002,7
CCTGGTCTACTCGAGCCTGG_003,171
CCTGGTCTACTCGAGCCTGG_004,101
CCTGGTCTACTCGAGCCTGG_005,56
CCTGGTCTACTCGAGCCTGG_006,134
CCTGGTCTACTCGAGCCTGG_007,147
CCTGGTCTACTCGAGCCTGG_008,17
CCTGGTCTACTCGAGCCTGG_009,159
CCTGGTCTACTCGAGCCTGG_010,2
TGACTGTCAAAGGAACCCCA_001,2
TGACTGTCAAAGGAACCCCA_002,17
TGACTGTCAAAGGAACCCCA_003,78
ACACGGTAGTGATGCATGGG_001,141
ACACGGTAGTGATGCATGGG_002,124
ACCCGAATTGCACTTCAGAG_001,24
ACCCGAATTGCACTTCAGAG_002,64
ACCCGAATTGCACTTCAGAG_003,92
ACCCGAATTGCACTTCAGAG_004,198
ACCCGAATTGCACTTCAGAG_005,83
ACCCGAATTGCACTTCAGAG_006,88
ACCCGAATTGCACTTCAGAG_007,2
ACCCGAATTGCACTTCAGAG_008,129
ACCCGAATTGCACTTCAGAG_009,38
ACCCGAATTGCACTTCAGAG_010,103
ACCCGAATTGCACTTCAGAG_011,103
ACCCGAATTGCACTTCAGAG_012,199
ACCCGAATTGCACTTCAGAG_013,44
ACCCGAATTGCACTTCAGAG_014,58
ACCCGAATTGCACTTCAGAG_015,89
ACCCGAATTGCACTTCAGAG_016,199
ACCCGAATTGCACTTCAGAG_017,161
ACCCGAATTGCACTTCAGAG_018,10
ACCCGAATTGCACTTCAGAG_019,35
AGAGCCGAAGAAACCACAGG_001,156
AGAGCCGAAGAAACCACAGG_002,26
AGAGCCGAAGAAACCACAGG_003,179
AGAGCCGAAGAAACCACAGG_004,22
AGAGCCGAAGAAACCACAGG_005,33
AGAGCCGAAGAAACCACAGG_006,75
AGAGCCGAAGAAACCACAGG_007,27
AGAGCCGAAGAAACCACAGG_008,61
AGAGCCGAAGAAACCACAGG_009,160
AGAGCCGAAGAAACCACAGG_010,189
AGAGCCGAAGAAACCACAGG_011,172
AGAGCCGAAGAAACCACAGG_012,130
AGAGCCGAAGAAACCACAGG_013,144
GCGGCGGGTACCGAGGACCC_001,38
GCGGCGGGTACCGAGGACCC_002,159
TCAAGGTGACCTTCTCAGTG_001,124
TCAAGGTGACCTTCTCAGTG_002,49
ACCGACAGCACACCTCACAT_001,138
ACCGACAGCACACCTCACAT_002,172
ACCGACAGCACACCTCACAT_003,162
ACCGACAGCACACCTCACAT_004,198
ACCGACAGCACACCTCACAT_005,39
ACCGACAGCACACCTCACAT_006,7
ACCGACAGCACACCTCACAT_007,82
ACCGACAGCACACCTCACAT_008,51
ACCGACAGCACACCTCACAT_009,84
ACCGACAGCACACCTCACAT_010,27
ACCGACAGCACACCTCACAT_011,130
ACCGACAGCACACCTCACAT_012,88
ACCGACAGCACACCTCACAT_013,84
ACCGACAGCACACCTCACAT_014,94
ACCGACAGCACACCTCACAT_015,175
ACCGACAGCACACCTCACAT_016,35
ACCGACAGCACACCTCACAT_017,103
ACCGACAGCACACCTCACAT_018,42
ACCGACAGCACACCTCACAT_019,187
ACCGACAGCACACCTCACAT_020,2
ACCGACAGCACACCTCACAT_021,99
TCAGGGCCAAGTTCAGACCA_001,137
TCAGGGCCAAGTTCAGACCA_002,35
TCAGGGCCAAGTTCAGACCA_003,165
TCAGGGCCAAGTTCAGACCA_004,17
TCAGGGCCAAGTTCAGACCA_005,69
TCAGGGCCAAGTTCAGACCA_006,69
TCAGGGCCAAGTTCAGACCA_007,166
TCAGGGCCAAGTTCAGACCA_008,38
TCAGGGCCAAGTTCAGACCA_009,182
TCAGGGCCAAGTTCAGACCA_010,61
TCAGGGCCAAGTTCAGACCA_011,82
TCAGGGCCAAGTTCAGACCA_012,124
TCAGGGCCAAGTTCAGACCA_013,30
TCAGGGCCAAGTTCAGACCA_014,78
TCAGGGCCAAGTTCAGACCA_015,14
TCAGGGCCAAGTTCAGACCA_016,102
TCAGGGCCAAGTTCAGACCA_017,191
TCAGGGCCAAGTTCAGACCA_018,127
TCAGGGCCAAGTTCAGACCA_019,126
TCAGGGCCAAGTTCAGACCA_020,177
AAGAACCAATTCCGTTTCGG_001,68
AAGAACCAATTCCGTTTCGG_002,68
AAGAACCAATTCCGTTTCGG_003,3
AAGAACCAATTCCGTTTCGG_004,1
TTTAGAAAGTTAGACAAGAC_001,166
TTTAGAAAGTTAGACAAGAC_002,105
TTTAGAAAGTTAGACAAGAC_003,12
TTTAGAAAGTTAGACAAGAC_004,2
TTTAGAAAGTTAGACAAGAC_005,2
AGGATCATGGTGTACCAAAG_001,0
AGGATCATGGTGTACCAAAG_002,174
AGGATCATGGTGTACCAAAG_003,150
AGGATCATGGTGTACCAAAG_004,139
AGGATCATGGTGTACCAAAG_005,85
ATGCTCTCCCCAAAGAACAC_001,184
ATGCTCTCCCCAAAGAACAC_002,147
ATGCTCTCCCCAAAGAACAC_003,57
ATGCTCTCCCCAAAGAACAC_004,121
ATGCTCTCCCCAAAGAACAC_005,72
ATGCTCTCCCCAAAGAACAC_006,148
ATGCTCTCCCCAAAGAACAC_007,40
ATGCTCTCCCCAAAGAACAC_008,82
ATGCTCTCCCCAAAGAACAC_009,82
ATGCTCTCCCCAAAGAACAC_010,58
ATGCTCTCCCCAAAGAACAC_011,91
ATGCTCTCCCCAAAGAACAC_012,112
ATGCTCTCCCCAAAGAACAC_013,63
GCTCAACTCCAACCACGACG_001,194
GCTCAACTCCAACCACGACG_002,105
GCTCAACTCCAACCACGACG_003,102
GCTCAACTCCAACCACGACG_004,80
GCTCAACTCCAACCACGACG_005,10
GCTCAACTCCAACCACGACG_006,198
AGGACGCCTTCCGAGTTGGG_001,64
AGGACGCCTTCCGAGTTGGG_002,146
AGGACGCCTTCCGAGTTGGG_003,152
AGGACGCCTTCCGAGTTGGG_004,82
AGGACGCCTTCCGAGTTGGG_005,146
AGGACGCCTTCCGAGTTGGG_006,193
AGGACGCCTTCCGAGTTGGG_007,136
AGGACGCCTTCCGAGTTGGG_008,3
AGGACGCCTTCCGAGTTGGG_009,173
AGGACGCCTTCCGAGTTGGG_010,173
CTCACAGAGAACCACAGCTC_001,164
CTCACAGAGAACCACAGCTC_002,38
CTCACAGAGAACCACAGCTC_003,167
CTCACAGAGAACCACAGCTC_004,124
CTCACAGAGAACCACAGCTC_005,106
CTCACAGAGAACCACAGCTC_006,187
CTCACAGAGAACCACAGCTC_007,70
CTCACAGAGAACCACAGCTC_008,191
CTCACAGAGAACCACAGCTC_009,177
GCATGGTTCGGGTCTCACAC_001,85
GCATGGTTCGGGTCTCACAC_002,144
GCATGGTTCGGGTCTCACAC_003,147
GCATGGTTCGGGTCTCACAC_004,77
GCATGGTTCGGGTCTCACAC_005,76
GCATGGTTCGGGTCTCACAC_006,121
GCATGGTTCGGGTCTCACAC_007,174
GCATGGTTCGGGTCTCACAC_008,76
GCATGGTTCGGGTCTCACAC_009,59
GCATGGTTCGGGTCTCACAC_010,162
GCATGGTTCGGGTCTCACAC_011,106
GCATGGTTCGGGTCTCACAC_012,5
GCATGGTTCGGGTCTCACAC_013,70
GCATGGTTCGGGTCTCACAC_014,48
GCATGGTTCGGGTCTCACAC_015,94
GCATGGTTCGGGTCTCACAC_016,30
GCATGGTTCGGGTCTCACAC_017,175
GCATGGTTCGGGTCTCACAC_018,99
GGACTTGGAACTGAATGGAG_001,141
GGACTTGGAACTGAATGGAG_002,134
GGACTTGGAACTGAATGGAG_003,94
GGACTTGGAACTGAATGGAG_004,81
GGACTTGGAACTGAATGGAG_005,52
CAACGACCTCAAGTACGATG_001,151
CAACGACCTCAAGTACGATG_002,131
CAACGACCTCAAGTACGATG_003,186
CAACGACCTCAAGTACGATG_004,77
CAACGACCTCAAGTACGATG_005,94
CAACGACCTCAAGTACGATG_006,112
CAACGACCTCAAGTACGATG_007,141
CAACGACCTCAAGTACGATG_008,78
CAACGACCTCAAGTACGATG_009,145
CAACGACCTCAAGTACGATG_010,78
CAACGACCTCAAGTACGATG_011,192
CAACGACCTCAAGTACGATG_012,28
CAACGACCTCAAGTACGATG_013,63
CAACGACCTCAAGTACGATG_014,50
CAACGACCTCAAGTACGATG_015,14
CAACGACCTCAAGTACGATG_016,88
CAACGACCTCAAGTACGATG_017,140
CAACGACCTCAAGTACGATG_018,98
CAACGACCTCAAGTACGATG_019,0
CAACGACCTCAAGTACGATG_020,81
CAACGACCTCAAGTACGATG_021,166
ACAAGAACCCAGGTTTGAGG_001,78
ACAAGAACCCAGGTTTGAGG_002,70
ACAAGAACCCAGGTTTGAGG_003,17
ACAAGAACCCAGGTTTGAGG_004,192
ACAAGAACCCAGGTTTGAGG_005,178
ACAAGAACCCAGGTTTGAGG_006,56
ACAAGAACCCAGGTTTGAGG_007,56
ACAAGAACCCAGGTTTGAGG_008,172
ACAAGAACCCAGGTTTGAGG_009,22
ACAAGAACCCAGGTTTGAGG_010,10
ACAAGAACCCAGGTTTGAGG_011,190
ACAAGAACCCAGGTTTGAGG_012,93
ACAAGAACCCAGGTTTGAGG_013,102
ACAAGAACCCAGGTTTGAGG_014,157
ACAAGAACCCAGGTTTGAGG_015,104
ACAAGAACCCAGGTTTGAGG_016,177
ACAAGAACCCAGGTTTGAGG_017,14
ACAAGAACCCAGGTTTGAGG_018,98
ACAAGAACCCAGGTTTGAGG_019,4
ACAAGAACCCAGGTTTGAGG_020,50
ACAAGAACCCAGGTTTGAGG_021,69
TCCCGGATGTAGAATCCTAG_001,160
TCCCGGATGTAGAATCCTAG_002,61
AGAGCGTGTTGTGAATCACA_001,37
AGAGCGTGTTGTGAATCACA_002,58
AGAGCGTGTTGTGAATCACA_003,138
GCCTGTCATGAAACTTGTGG_001,9
GCCTGTCATGAAACTTGTGG_002,61
GCCTGTCATGAAACTTGTGG_003,103
GCCTGTCATGAAACTTGTGG_004,184
AGAAGCGGCAGAACTTCACG_001,68
AGAAGCGGCAGAACTTCACG_002,175
AGAAGCGGCAGAACTTCACG_003,10
AGAAGCGGCAGAACTTCACG_004,191
AGAAGCGGCAGAACTTCACG_005,77
AGAAGCGGCAGAACTTCACG_006,70
AGGCGTGGCAGTCCACGCAT_001,169
AGGCGTGGCAGTCCACGCAT_002,173
AGGCGTGGCAGTCCACGCAT_003,36
AGGCGTGGCAGTCCACGCAT_004,142
AGGCGTGGCAGTCCACGCAT_005,29
AGGCGTGGCAGTCCACGCAT_006,105
CGTGGTTGAGGGAAAATCCA_001,72
CGTGGTTGAGGGAAAATCCA_002,188
GAGATCACACCAAAGTACAG_001,162
GAGATCACACCAAAGTACAG_002,168
GAGATCACACCAAAGTACAG_003,27
GAGATCACACCAAAGTACAG_004,147
GAGATCACACCAAAGTACAG_005,61
GAGATCACACCAAAGTACAG_006,15
GAGATCACACCAAAGTACAG_007,130
ACAGTGGGGAGAGACTTATG_001,28
ACAGTGGGGAGAGACTTATG_002,107
ACAGTGGGGAGAGACTTATG_003,189
ACAGTGGGGAGAGACTTATG_004,102
ACAGTGGGGAGAGACTTATG_005,184
ACAGTGGGGAGAGACTTATG_006,22
ACAGTGGGGAGAGACTTATG_007,37
ACAGTGGGGAGAGACTTATG_008,175
ACAGTGGGGAGAGACTTATG_009,48
ACAGTGGGGAGAGACTTATG_010,17
ACAGTGGGGAGAGACTTATG_011,179
ACAGTGGGGAGAGACTTATG_012,172
ACAGTGGGGAGAGACTTATG_013,153
GATGATATTTACAACCAGGT_001,168
TACTTCATACCACATTGTCA_001,8
TACTTCATACCACATTGTCA_002,170
TACTTCATACCACATTGTCA_003,197
TACTTCATACCACATTGTCA_004,3
TACTTCATACCACATTGTCA_005,62
TCGCTTCATAAACAACAACG_001,169
TCGCTTCATAAACAACAACG_002,74
TCGCTTCATAAACAACAACG_003,83
TCGCTTCATAAACAACAACG_004,38
TCGCTTCATAAACAACAACG_005,112
TCGCTTCATAAACAACAACG_006,90
TCGCTTCATAAACAACAACG_007,36
TCGCTTCATAAACAACAACG_008,17
CATCATTCGAGGATCCATGT_001,189
AGAAGACACTGACGGCCTTG_001,30
AGAAGACACTGACGGCCTTG_002,64
AGAAGACACTGACGGCCTTG_003,134
AGAAGACACTGACGGCCTTG_004,145
AGAAGACACTGACGGCCTTG_005,172
AGAAGACACTGACGGCCTTG_006,125
AGAAGACACTGACGGCCTTG_007,161
AGAAGACACTGACGGCCTTG_008,17
AGAAGACACTGACGGCCTTG_009,41
AGAAGACACTGACGGCCTTG_010,88
AGAAGACACTGACGGCCTTG_011,115
TCTTCGGCAAAAGAGTGCCA_001,97
TCTTCGGCAAAAGAGTGCCA_002,89
TCTTCGGCAAAAGAGTGCCA_003,69
TCTTCGGCAAAAGAGTGCCA_004,148
TCTTCGGCAAAAGAGTGCCA_005,107
TCTTCGGCAAAAGAGTGCCA_006,65
TCTTCGGCAAAAGAGTGCCA_007,1
TCTTCGGCAAAAGAGTGCCA_008,60
TCTTCGGCAAAAGAGTGCCA_009,158
TCTTCGGCAAAAGAGTGCCA_010,114
CAGCTGGAGTAATGAAGCCA_001,142
CAGCTGGAGTAATGAAGCCA_002,29
CAGCTGGAGTAATGAAGCCA_003,76
CAGCTGGAGTAATGAAGCCA_004,106
TTTCAGGTAGTCGTGCGAGA_001,121
TTTCAGGTAGTCGTGCGAGA_002,41
TTTCAGGTAGTCGTGCGAGA_003,174
TTTCAGGTAGTCGTGCGAGA_004,41
TTTCAGGTAGTCGTGCGAGA_005,73
TTTCAGGTAGTCGTGCGAGA_006,186
TTTCAGGTAGTCGTGCGAGA_007,182
TTTCAGGTAGTCGTGCGAGA_008,180
GACATGCGCCCGCTCTCGGG_001,27
GACATGCGCCCGCTCTCGGG_002,191
GACATGCGCCCGCTCTCGGG_003,121
GACATGCGCCCGCTCTCGGG_004,178
GACATGCGCCCGCTCTCGGG_005,93
GACATGCGCCCGCTCTCGGG_006,129
GACATGCGCCCGCTCTCGGG_007,74
GACATGCGCCCGCTCTCGGG_008,148
GACATGCGCCCGCTCTCGGG_009,150
TATATCCGGACAGGTACGAG_001,80
TATATCCGGACAGGTACGAG_002,60
TATATCCGGACAGGTACGAG_003,105
TATATCCGGACAGGTACGAG_004,106
TATATCCGGACAGGTACGAG_005,144
TATATCCGGACAGGTACGAG_006,19
TATATCCGGACAGGTACGAG_007,68
TATATCCGGACAGGTACGAG_008,37
TATATCCGGACAGGTACGAG_009,41
TATATCCGGACAGGTACGAG_010,134
TATATCCGGACAGGTACGAG_011,48
TATATCCGGACAGGTACGAG_012,94
TATATCCGGACAGGTACGAG_013,1
TATATCCGGACAGGTACGAG_014,23
CATTAATTACGTGCAAACGG_001,48
CATTAATTACGTGCAAACGG_002,19
CATTAATTACGTGCAAACGG_003,54
CATTAATTACGTGCAAACGG_004,53
CATTAATTACGTGCAAACGG_005,199
GGCGCGCATCTTCGGCGGTG_001,114
GGCGCGCATCTTCGGCGGTG_002,177
GGCGCGCATCTTCGGCGGTG_003,43
GAGGAGTTCTTGGAGCATCA_001,150
GAGGAGTTCTTGGAGCATCA_002,188
GAGGAGTTCTTGGAGCATCA_003,0
GAGGAGTTCTTGGAGCATCA_004,150
GAGGAGTTCTTGGAGCATCA_005,117
GAGGAGTTCTTGGAGCATCA_006,73
GAGTTGCTAGCGAAGAAGCG_001,123
GAGTTGCTAGCGAAGAAGCG_002,60
GAGTTGCTAGCGAAGAAGCG_003,88
GAGTTGCTAGCGAAGAAGCG_004,58
TCTTACCTATACCTTAATGG_001,144
TGTCTCCAATTTAACTAACG_001,137
TGTCTCCAATTTAACTAACG_002,106
TGTCTCCAATTTAACTAACG_003,105
GATGTTAGAAGAGATCCTCT_001,69
GATGTTAGAAGAGATCCTCT_002,108
GATGTTAGAAGAGATCCTCT_003,27
GATGTTAGAAGAGATCCTCT_004,24
GATGTTAGAAGAGATCCTCT_005,58
GATGTTAGAAGAGATCCTCT_006,12
GATGTTAGAAGAGATCCTCT_007,81
GATGTTAGAAGAGATCCTCT_008,57
CCCTTCTGGCGGGCCAAACA_001,43
CCCTTCTGGCGGGCCAAACA_002,43
CCCTTCTGGCGGGCCAAACA_003,142
CCCTTCTGGCGGGCCAAACA_004,102
CCCTTCTGGCGGGCCAAACA_005,64
CCCTTCTGGCGGGCCAAACA_006,9
CCCTTCTGGCGGGCCAAACA_007,1
CCCTTCTGGCGGGCCAAACA_008,146
CCCTTCTGGCGGGCCAAACA_009,57
CCCTTCTGGCGGGCCAAACA_010,152
CCCTTCTGGCGGGCCAAACA_011,198
AGTCATGAGTTCATCTACAC_001,78
AGTCATGAGTTCATCTACAC_002,15
AGTCATGAGTTCATCTACAC_003,62
AGTCATGAGTTCATCTACAC_004,55
AGTCATGAGTTCATCTACAC_005,11
AGTCATGAGTTCATCTACAC_006,70
CCAGTCACGACTCAGACCCG_001,170
CCAGTCACGACTCAGACCCG_002,96
CCAGTCACGACTCAGACCCG_003,57
CCAGTCACGACTCAGACCCG_004,39
CCAGTCACGACTCAGACCCG_005,74
CCAGTCACGACTCAGACCCG_006,182
CCAGTCACGACTCAGACCCG_007,39
CCAGTCACGACTCAGACCCG_008,54
CCAGTCACGACTCAGACCCG_009,176
CCAGTCACGACTCAGACCCG_010,177
CCAGTCACGACTCAGACCCG_011,130
CCAGTCACGACTCAGACCCG_012,5
CCAGTCACGACTCAGACCCG_013,191
CCAGTCACGACTCAGACCCG_014,77
CCAGTCACGACTCAGACCCG_015,61
CCAGTCACGACTCAGACCCG_016,158
CCAGTCACGACTCAGACCCG_017,49
CCAGTCACGACTCAGACCCG_018,152
CCAGTCACGACTCAGACCCG_019,9
CCAGTCACGACTCAGACCCG_020,88
CCAGTCACGACTCAGACCCG_021,197
CCAGTCACGACTCAGACCCG_022,84
CCAGTCACGACTCAGACCCG_023,0
CCAGTCACGACTCAGACCCG_024,78
CCAGTCACGACTCAGACCCG_025,137
CCAGTCACGACTCAGACCCG_026,173
CCAGTCACGACTCAGACCCG_027,173
CCAGTCACGACTCAGACCCG_028,42
CCAGTCACGACTCAGACCCG_029,157
CCAGTCACGACTCAGACCCG_030,98
CCAGTCACGACTCAGACCCG_031,165
CCAGTCACGACTCAGACCCG_032,19
CCAGTCACGACTCAGACCCG_033,175
CCAGTCACGACTCAGACCCG_034,17
CCAGTCACGACTCAGACCCG_035,10
CCAGTCACGACTCAGACCCG_036,34
CCAGTCACGACTCAGACCCG_037,152
CCAGTCACGACTCAGACCCG_038,96
CCAGTCACGACTCAGACCCG_039,36
GAGCTTGTTCGGCTACACGA_001,98
GAGCTTGTTCGGCTACACGA_002,167
GAGCTTGTTCGGCTACACGA_003,166
GAGCTTGTTCGGCTACACGA_004,68
GAGCTTGTTCGGCTACACGA_005,112
GAGCTTGTTCGGCTACACGA_006,150
GAGCTTGTTCGGCTACACGA_007,51
GAGCTTGTTCGGCTACACGA_008,98
GAGCTTGTTCGGCTACACGA_009,37
GAGCTTGTTCGGCTACACGA_010,164
GAGTGTTACGACTCCCTCAC_001,144
GAGTGTTACGACTCCCTCAC_002,2
GAGTGTTACGACTCCCTCAC_003,20
GAGTGTTACGACTCCCTCAC_004,34
GAGTGTTACGACTCCCTCAC_005,56
GAGTGTTACGACTCCCTCAC_006,134
GAGTGTTACGACTCCCTCAC_007,142
GAGTGTTACGACTCCCTCAC_008,137
CCGGCAAGGTGGGCTACCCA_001,29
CCGGCAAGGTGGGCTACCCA_002,68
CCGGCAAGGTGGGCTACCCA_003,189
CCGGCAAGGTGGGCTACCCA_004,5
CCGGCAAGGTGGGCTACCCA_005,112
CCGGCAAGGTGGGCTACCCA_006,73
CCGGCAAGGTGGGCTACCCA_007,111
CCGGCAAGGTGGGCTACCCA_008,170
CCGGCAAGGTGGGCTACCCA_009,101
CCGGCAAGGTGGGCTACCCA_010,148
CCGGCAAGGTGGGCTACCCA_011,176
CCGGCAAGGTGGGCTACCCA_012,98
CCGGCAAGGTGGGCTACCCA_013,141
CCGGCAAGGTGGGCTACCCA_014,135
CCGGCAAGGTGGGCTACCCA_015,117
CCGGCAAGGTGGGCTACCCA_016,127
CCGGCAAGGTGGGCTACCCA_017,39
CCGGCAAGGTGGGCTACCCA_018,35
ACTGACGCCGTTCAGCATCG_001,92
ACTGACGCCGTTCAGCATCG_002,171
ACTGACGCCGTTCAGCATCG_003,182
ACTGACGCCGTTCAGCATCG_004,1
ACTGACGCCGTTCAGCATCG_005,188
ACTGACGCCGTTCAGCATCG_006,11
ACTGACGCCGTTCAGCATCG_007,28
ACTGACGCCGTTCAGCATCG_008,21
ACTGACGCCGTTCAGCATCG_009,38
ACTGACGCCGTTCAGCATCG_010,110
ACTGACGCCGTTCAGCATCG_011,18
ACTGACGCCGTTCAGCATCG_012,13
ACTGACGCCGTTCAGCATCG_013,165
ACTGACGCCGTTCAGCATCG_014,82
ACTGACGCCGTTCAGCATCG_015,52
CAGTGATGAGATCGTACCAG_001,54
CAGTGATGAGATCGTACCAG_002,94
CAGTGATGAGATCGTACCAG_003,96
CAGTGATGAGATCGTACCAG_004,6
CAGTGATGAGATCGTACCAG_005,83
CAGTGATGAGATCGTACCAG_006,14
CAGTGATGAGATCGTACCAG_007,37
CAGTGATGAGATCGTACCAG_008,168
CATCTGCAAGGAATACGTAG_001,61
CATCTGCAAGGAATACGTAG_002,116
CATCTGCAAGGAATACGTAG_003,183
CATCTGCAAGGAATACGTAG_004,71
CATCTGCAAGGAATACGTAG_005,82
CATCTGCAAGGAATACGTAG_006,99
CATCTGCAAGGAATACGTAG_007,19
CATCTGCAAGGAATACGTAG_008,22
CCACATCTATAGCAACATCC_001,136
CCTTTGGGAGAAATCAAAAG_001,46
GAAGCACGAGCTCGTCACCA_001,8
GAAGCACGAGCTCGTCACCA_002,36
GAAGCACGAGCTCGTCACCA_003,150
GAAGCACGAGCTCGTCACCA_004,53
GAAGCACGAGCTCGTCACCA_005,32
GAAGCACGAGCTCGTCACCA_006,49
GAAGCACGAGCTCGTCACCA_007,6
GAAGCACGAGCTCGTCACCA_008,115
GAAGCACGAGCTCGTCACCA_009,93
GAAGCACGAGCTCGTCACCA_010,107
GAAGCACGAGCTCGTCACCA_011,197
GAAGCACGAGCTCGTCACCA_012,134
GAAGCACGAGCTCGTCACCA_013,101
GAAGCACGAGCTCGTCACCA_014,127
GAAGCACGAGCTCGTCACCA_015,45
GAAGCACGAGCTCGTCACCA_016,6
GAAGCACGAGCTCGTCACCA_017,191
GAAGCACGAGCTCGTCACCA_018,198
GAAGCACGAGCTCGTCACCA_019,104
GAAGCACGAGCTCGTCACCA_020,8
GAAGCACGAGCTCGTCACCA_021,88
GAAGCACGAGCTCGTCACCA_022,127
GAAGCACGAGCTCGTCACCA_023,189
GAAGCACGAGCTCGTCACCA_024,148
GAAGCACGAGCTCGTCACCA_025,115
GAAGCACGAGCTCGTCACCA_026,169
GAAGCACGAGCTCGTCACCA_027,121
GAAGCACGAGCTCGTCACCA_028,199
GAAGCACGAGCTCGTCACCA_029,29
GAAGCACGAGCTCGTCACCA_030,56
GAAGCACGAGCTCGTCACCA_031,54
GAAGCACGAGCTCGTCACCA_032,16
GAAGCACGAGCTCGTCACCA_033,88
GAAGCACGAGCTCGTCACCA_034,144
GAAGCACGAGCTCGTCACCA_035,52
GAAGCACGAGCTCGTCACCA_036,93
GAAGCACGAGCTCGTCACCA_037,66
GAAGCACGAGCTCGTCACCA_038,55
GAAGCACGAGCTCGTCACCA_039,191
GAAGCACGAGCTCGTCACCA_040,63
GGTGCCGGGAGACATCAAGG_001,77
GGTGCCGGGAGACATCAAGG_002,78
GGTGCCGGGAGACATCAAGG_003,162
GGTGCCGGGAGACATCAAGG_004,40
GGTGCCGGGAGACATCAAGG_005,109
GGTGCCGGGAGACATCAAGG_006,109
GGTGCCGGGAGACATCAAGG_007,138
GGTGCCGGGAGACATCAAGG_008,6
GGTGCCGGGAGACATCAAGG_009,163
GGTGCCGGGAGACATCAAGG_010,27
GGTGCCGGGAGACATCAAGG_011,140
GGTGCCGGGAGACATCAAGG_012,60
GGTGCCGGGAGACATCAAGG_013,147
GGTGCCGGGAGACATCAAGG_014,150
GGTGCCGGGAGACATCAAGG_015,67
GGTGCCGGGAGACATCAAGG_016,90
GGTGCCGGGAGACATCAAGG_017,126
GGTGCCGGGAGACATCAAGG_018,181
GGTGCCGGGAGACATCAAGG_019,154
GGTGCCGGGAGACATCAAGG_020,94
GGTGCCGGGAGACATCAAGG_021,27
GGTGCCGGGAGACATCAAGG_022,185
TGGGGGCCTGCAGATCAATG_001,162
TGGGGGCCTGCAGATCAATG_002,13
TGGGGGCCTGCAGATCAATG_003,74
TGGGGGCCTGCAGATCAATG_004,161
TGGGGGCCTGCAGATCAATG_005,57
TGGGGGCCTGCAGATCAATG_006,140
TGGGGGCCTGCAGATCAATG_007,140
TGGGGGCCTGCAGATCAATG_008,88
TGGGGGCCTGCAGATCAATG_009,110
AGCCTGCTGTAGCCTAACAA_001,194
AGCCTGCTGTAGCCTAACAA_002,170
AGCCTGCTGTAGCCTAACAA_003,41
AGCCTGCTGTAGCCTAACAA_004,145
AGCCTGCTGTAGCCTAACAA_005,41
AGCCTGCTGTAGCCTAACAA_006,182
AGCCTGCTGTAGCCTAACAA_007,149
AGCCTGCTGTAGCCTAACAA_008,188
AGCCTGCTGTAGCCTAACAA_009,154
AGCCTGCTGTAGCCTAACAA_010,80
AGCCTGCTGTAGCCTAACAA_011,48
AGCCTGCTGTAGCCTAACAA_012,70
AGCCTGCTGTAGCCTAACAA_013,76
AGCCTGCTGTAGCCTAACAA_014,168
AGCCTGCTGTAGCCTAACAA_015,53
GCCTTGCCACAACCGTGAGA_001,119
GCCTTGCCACAACCGTGAGA_002,96
GCCTTGCCACAACCGTGAGA_003,111
GCCTTGCCACAACCGTGAGA_004,150
GCCTTGCCACAACCGTGAGA_005,194
AGGACCATGGTTCAGCCAAG_001,189
AGGACCATGGTTCAGCCAAG_002,44
AGGACCATGGTTCAGCCAAG_003,54
AGGACCATGGTTCAGCCAAG_004,134
AGGACCATGGTTCAGCCAAG_005,145
AGGACCATGGTTCAGCCAAG_006,65
AGGACCATGGTTCAGCCAAG_007,61
AGGACCATGGTTCAGCCAAG_008,181
AGGACCATGGTTCAGCCAAG_009,194
AGGACCATGGTTCAGCCAAG_010,2
CTAGATTCACATTAGACACA_001,113
CTAGATTCACATTAGACACA_002,154
CTAGATTCACATTAGACACA_003,57
TATTGCTCTTCAGTAACCTG_001,118
TATTGCTCTTCAGTAACCTG_002,42
TATTGCTCTTCAGTAACCTG_003,23
TATTGCTCTTCAGTAACCTG_004,23
TATTGCTCTTCAGTAACCTG_005,4
TATTGCTCTTCAGTAACCTG_006,145
TATTGCTCTTCAGTAACCTG_007,149
TATTGCTCTTCAGTAACCTG_008,168
TATTGCTCTTCAGTAACCTG_009,116
TATTGCTCTTCAGTAACCTG_010,145
TATTGCTCTTCAGTAACCTG_011,17
TATTGCTCTTCAGTAACCTG_012,158
TATTGCTCTTCAGTAACCTG_013,17
TATTGCTCTTCAGTAACCTG_014,6
TATTGCTCTTCAGTAACCTG_015,94
TATTGCTCTTCAGTAACCTG_016,103
TATTGCTCTTCAGTAACCTG_017,100
TGTCACGATGGACAACTCCA_001,92
TGTCACGATGGACAACTCCA_002,195
TGTCACGATGGACAACTCCA_003,153
TGTCACGATGGACAACTCCA_004,181
TGTCACGATGGACAACTCCA_005,121
TGTCACGATGGACAACTCCA_006,22
TGTCACGATGGACAACTCCA_007,26
TGTCACGATGGACAACTCCA_008,146
TGTCACGATGGACAACTCCA_009,104
TGTCACGATGGACAACTCCA_010,48
TGTCACGATGGACAACTCCA_011,50
TGTCACGATGGACAACTCCA_012,149
TGTCACGATGGACAACTCCA_013,116
TGTCACGATGGACAACTCCA_014,160
TGTCACGATGGACAACTCCA_015,102
TGTCACGATGGACAACTCCA_016,65
TGTCACGATGGACAACTCCA_017,132
TGTCACGATGGACAACTCCA_018,36
TGTCACGATGGACAACTCCA_019,6
TGTCACGATGGACAACTCCA_020,125
TGTCACGATGGACAACTCCA_021,125
TGTCACGATGGACAACTCCA_022,19
AGCTGGAGCACAAGTTTGGG_001,139
AGCTGGAGCACAAGTTTGGG_002,127
AGCTGGAGCACAAGTTTGGG_003,28
AGCTGGAGCACAAGTTTGGG_004,149
AGCTGGAGCACAAGTTTGGG_005,56
AGCTGGAGCACAAGTTTGGG_006,30
AGCTGGAGCACAAGTTTGGG_007,148
AGCTGGAGCACAAGTTTGGG_008,184
AGCTGGAGCACAAGTTTGGG_009,11
AGCTGGAGCACAAGTTTGGG_010,197
AGCTGGAGCACAAGTTTGGG_011,84
AGCTGGAGCACAAGTTTGGG_012,88
AGCTGGAGCACAAGTTTGGG_013,29
AGCTGGAGCACAAGTTTGGG_014,22
AGCTGGAGCACAAGTTTGGG_015,50
AGCTGGAGCACAAGTTTGGG_016,61
AGCTGGAGCACAAGTTTGGG_017,111
AGCTGGAGCACAAGTTTGGG_018,120
AGCTGGAGCACAAGTTTGGG_019,84
AGCTGGAGCACAAGTTTGGG_020,137
AGCTGGAGCACAAGTTTGGG_021,84
AGCTGGAGCACAAGTTTGGG_022,84
AGCTGGAGCACAAGTTTGGG_023,112
AGCTGGAGCACAAGTTTGGG_024,62
AGCTGGAGCACAAGTTTGGG_025,182
AGCTGGAGCACAAGTTTGGG_026,27
AGCTGGAGCACAAGTTTGGG_027,105
CATTTGCAATGATACCAATG_001,142
CATTTGCAATGATACCAATG_002,147
CCTGCTCCTCTGATCACCGG_001,27
CCTGCTCCTCTGATCACCGG_002,80
CCTGCTCCTCTGATCACCGG_003,173
CCTGCTCCTCTGATCACCGG_004,176
CCTGCTCCTCTGATCACCGG_005,134
CCTGCTCCTCTGATCACCGG_006,96
CCTGCTCCTCTGATCACCGG_007,27
CCTGCTCCTCTGATCACCGG_008,140
CCTGCTCCTCTGATCACCGG_009,185
CCTGCTCCTCTGATCACCGG_010,170
CCTGCTCCTCTGATCACCGG_011,171
CCTGCTCCTCTGATCACCGG_012,53
CCTGCTCCTCTGATCACCGG_013,56
CCTGCTCCTCTGATCACCGG_014,59
CCTGCTCCTCTGATCACCGG_015,158
CCTGCTCCTCTGATCACCGG_016,141
CCTGCTCCTCTGATCACCGG_017,71
CCTGCTCCTCTGATCACCGG_018,141
CCTGCTCCTCTGATCACCGG_019,148
CCTGCTCCTCTGATCACCGG_020,24
CCTGCTCCTCTGATCACCGG_021,191
CCTGCTCCTCTGATCACCGG_022,76
CCTGCTCCTCTGATCACCGG_023,158
CCTGCTCCTCTGATCACCGG_024,67
CCTGCTCCTCTGATCACCGG_025,55
CCTGCTCCTCTGATCACCGG_026,172
CCTGCTCCTCTGATCACCGG_027,62
CCTGCTCCTCTGATCACCGG_028,178
CCTGCTCCTCTGATCACCGG_029,81
CCTGCTCCTCTGATCACCGG_030,106
CCTGCTCCTCTGATCACCGG_031,68
CCTGCTCCTCTGATCACCGG_032,60
CCTGCTCCTCTGATCACCGG_033,127
CCTGCTCCTCTGATCACCGG_034,91
GCAGGCTGATCAACTTCTCG_001,124
GCAGGCTGATCAACTTCTCG_002,161
GCAGGCTGATCAACTTCTCG_003,135
GCAGGCTGATCAACTTCTCG_004,52
GCAGGCTGATCAACTTCTCG_005,37
TGCGAGAGGATTTGCTACGG_001,45
TGCGAGAGGATTTGCTACGG_002,63
TGCGAGAGGATTTGCTACGG_003,62
TGCGAGAGGATTTGCTACGG_004,198
TGCGAGAGGATTTGCTACGG_005,103
TGCGAGAGGATTTGCTACGG_006,106
TGCGAGAGGATTTGCTACGG_007,66
TGCGAGAGGATTTGCTACGG_008,71
TGCGAGAGGATTTGCTACGG_009,168
TGCGAGAGGATTTGCTACGG_010,34
TGCGAGAGGATTTGCTACGG_011,165
TGCGAGAGGATTTGCTACGG_012,152
TGCGAGAGGATTTGCTACGG_013,60
CTAGAAAATTCGAGTCCTTG_001,48
CTAGAAAATTCGAGTCCTTG_002,147
TCGCAATAGAACCATTTGGA_001,31
TCGCAATAGAACCATTTGGA_002,169
TCGCAATAGAACCATTTGGA_003,162
CTGAGCGATTGGTTTCAACG_001,138
CTGAGCGATTGGTTTCAACG_002,157
TAAAGTGTTTCTCATATCTG_001,115
TAAAGTGTTTCTCATATCTG_002,138
AGTGTTACGACGATTTGAAG_001,157
AGTGTTACGACGATTTGAAG_002,62
AGTGTTACGACGATTTGAAG_003,147
AGTGTTACGACGATTTGAAG_004,149
AGTGTTACGACGATTTGAAG_005,41
AGTGTTACGACGATTTGAAG_006,169
AGTGTTACGACGATTTGAAG_007,87
AGTGTTACGACGATTTGAAG_008,87
GGAAAAAAACATCACATTGG_001,42
GGAAAAAAACATCACATTGG_002,49
GGAAAAAAACATCACATTGG_003,94
GGAAAAAAACATCACATTGG_004,144
GGAAAAAAACATCACATTGG_005,74
GGAAAAAAACATCACATTGG_006,9
CCCGCTAACAGCCTAGATCA_001,181
CCCGCTAACAGCCTAGATCA_002,191
CCCGCTAACAGCCTAGATCA_003,62
CCCGCTAACAGCCTAGATCA_004,70
CCCGCTAACAGCCTAGATCA_005,152
CCCGCTAACAGCCTAGATCA_006,8
CCCGCTAACAGCCTAGATCA_007,174
CCCGCTAACAGCCTAGATCA_008,142
CCCGCTAACAGCCTAGATCA_009,138
CCCGCTAACAGCCTAGATCA_010,40
GTTTCTATCAGAGACCCGTA_001,106
GTTTCTATCAGAGACCCGTA_002,106
GTTTCTATCAGAGACCCGTA_003,51
GTTTCTATCAGAGACCCGTA_004,181
TATATACTAACCATGAATCA_001,4
TGGCTCGAGCTCCCTCGAAG_001,8
TGGCTCGAGCTCCCTCGAAG_002,181
TGGCTCGAGCTCCCTCGAAG_003,152
TGGCTCGAGCTCCCTCGAAG_004,175
TGGCTCGAGCTCCCTCGAAG_005,142
TGGCTCGAGCTCCCTCGAAG_006,19
TGGCTCGAGCTCCCTCGAAG_007,48
TGGCTCGAGCTCCCTCGAAG_008,67
TGGCTCGAGCTCCCTCGAAG_009,70
TGGCTCGAGCTCCCTCGAAG_010,70
TGGCTCGAGCTCCCTCGAAG_011,8
TGGCTCGAGCTCCCTCGAAG_012,56
TGGCTCGAGCTCCCTCGAAG_013,23
TGGCTCGAGCTCCCTCGAAG_014,178
TGGCTCGAGCTCCCTCGAAG_015,13
TGGCTCGAGCTCCCTCGAAG_016,16
TGGCTCGAGCTCCCTCGAAG_017,122
TGGCTCGAGCTCCCTCGAAG_018,70
TGGCTCGAGCTCCCTCGAAG_019,197
TGGCTCGAGCTCCCTCGAAG_020,96
TGGCTCGAGCTCCCTCGAAG_021,121
TGGCTCGAGCTCCCTCGAAG_022,59
TGGCTCGAGCTCCCTCGAAG_023,52
TGGCTCGAGCTCCCTCGAAG_024,162
TGGCTCGAGCTCCCTCGAAG_025,91
TGGCTCGAGCTCCCTCGAAG_026,193
TCATGATATTGAAAGGAACT_001,119
TCATGATATTGAAAGGAACT_002,48
CTTACGATACATCATCACCT_001,127
GTGACCACATGGGCTCCTGT_001,2
GTGACCACATGGGCTCCTGT_002,174
GTGACCACATGGGCTCCTGT_003,77
GTGACCACATGGGCTCCTGT_004,55
GTGACCACATGGGCTCCTGT_005,196
GTGACCACATGGGCTCCTGT_006,143
GTGACCACATGGGCTCCTGT_007,143
GTGACCACATGGGCTCCTGT_008,143
GTGACCACATGGGCTCCTGT_009,61
GTGACCACATGGGCTCCTGT_010,64
GTGACCACATGGGCTCCTGT_011,105
GTGACCACATGGGCTCCTGT_012,59
GTGACCACATGGGCTCCTGT_013,0
GTGACCACATGGGCTCCTGT_014,20
ATGGTCTCAGAAATAATCAA_001,150
ATGGTCTCAGAAATAATCAA_002,59
ATGGTCTCAGAAATAATCAA_003,197
ATGGTCTCAGAAATAATCAA_004,99
GATGTTGGAGCAGCCGACCT_001,12
GATGTTGGAGCAGCCGACCT_002,37
GATGTTGGAGCAGCCGACCT_003,178
GATGTTGGAGCAGCCGACCT_004,116
GATGTTGGAGCAGCCGACCT_005,145
GATGTTGGAGCAGCCGACCT_006,51
GATGTTGGAGCAGCCGACCT_007,94
GATGTTGGAGCAGCCGACCT_008,183
GATGTTGGAGCAGCCGACCT_009,159
GATGTTGGAGCAGCCGACCT_010,137
GATGTTGGAGCAGCCGACCT_011,16
GATGTTGGAGCAGCCGACCT_012,41
GATGTTGGAGCAGCCGACCT_013,48
GATGTTGGAGCAGCCGACCT_014,48
GATGTTGGAGCAGCCGACCT_015,172
GATGTTGGAGCAGCCGACCT_016,164
GATGTTGGAGCAGCCGACCT_017,52
TACCTGTTACTTGAATTGAA_001,115
TACCTGTTACTTGAATTGAA_002,96
TACCTGTTACTTGAATTGAA_003,62
TACCTGTTACTTGAATTGAA_004,182
TACCTGTTACTTGAATTGAA_005,134
TACCTGTTACTTGAATTGAA_006,179
TGTATATGAGCACACCCTTG_001,198
TGTATATGAGCACACCCTTG_002,58
TGTATATGAGCACACCCTTG_003,158
TGTATATGAGCACACCCTTG_004,26
TGTATATGAGCACACCCTTG_005,158
GAAACAGCAGAGCAAGATCG_001,76
GAAACAGCAGAGCAAGATCG_002,29
GAAACAGCAGAGCAAGATCG_003,7
GAAACAGCAGAGCAAGATCG_004,114
GAAACAGCAGAGCAAGATCG_005,114
GAAACAGCAGAGCAAGATCG_006,1
GAAACAGCAGAGCAAGATCG_007,19
GAAACAGCAGAGCAAGATCG_008,115
GAAACAGCAGAGCAAGATCG_009,181
GAAACAGCAGAGCAAGATCG_010,94
GAAACAGCAGAGCAAGATCG_011,34
GAAACAGCAGAGCAAGATCG_012,21
TTGGAAGCCAATGACCCATT_001,157
TTGGAAGCCAATGACCCATT_002,181
TTGGAAGCCAATGACCCATT_003,39
TTGGAAGCCAATGACCCATT_004,49
TTGGAAGCCAATGACCCATT_005,82
AACGGCCAAACTGTCACTGA_001,49
AACGGCCAAACTGTCACTGA_002,1
AACGGCCAAACTGTCACTGA_003,104
GAATGAGGAATTTCTCCGTG_001,191
GAATGAGGAATTTCTCCGTG_002,117
GAATGAGGAATTTCTCCGTG_003,105
GAATGAGGAATTTCTCCGTG_004,177
GAATGAGGAATTTCTCCGTG_005,77
GAATGAGGAATTTCTCCGTG_006,19
GAATGAGGAATTTCTCCGTG_007,104
GAATGAGGAATTTCTCCGTG_008,12
GAATGAGGAATTTCTCCGTG_009,156
GAATGAGGAATTTCTCCGTG_010,105
GAATGAGGAATTTCTCCGTG_011,149
GAATGAGGAATTTCTCCGTG_012,127
GAATGAGGAATTTCTCCGTG_013,169
GAATGAGGAATTTCTCCGTG_014,105
GAATGAGGAATTTCTCCGTG_015,94
GAATGAGGAATTTCTCCGTG_016,171
GAATCTCAATCATCCCACAC_001,167
GAGTTTCATCCTCTCCAGTG_001,137
GAGTTTCATCCTCTCCAGTG_002,23
GAGTTTCATCCTCTCCAGTG_003,147
GAGTTTCATCCTCTCCAGTG_004,58
GCTGCCAATACTCCAACAGT_001,172
GCTGCCAATACTCCAACAGT_002,184
TTTACAGTTCATCCACGACC_001,115
TTTACAGTTCATCCACGACC_002,118
TTTACAGTTCATCCACGACC_003,42
TGAGGATCACCTGTCACTGA_001,65
TGAGGATCACCTGTCACTGA_002,1
TGAGGATCACCTGTCACTGA_003,162
TGAGGATCACCTGTCACTGA_004,176
TGAGGATCACCTGTCACTGA_005,107
TGAGGATCACCTGTCACTGA_006,69
TGAGGATCACCTGTCACTGA_007,184
TGAGGATCACCTGTCACTGA_008,139
TGAGGATCACCTGTCACTGA_009,118
ATCCACCTACCACATAGAGC_001,60
ATCCACCTACCACATAGAGC_002,77
ATCCACCTACCACATAGAGC_003,78
ATCCACCTACCACATAGAGC_004,154
ATCCACCTACCACATAGAGC_005,139
CCGAAATGTTGAGTGTGGTG_001,174
CCGAAATGTTGAGTGTGGTG_002,14
CCGAAATGTTGAGTGTGGTG_003,183
CCGAAATGTTGAGTGTGGTG_004,197
CCGAAATGTTGAGTGTGGTG_005,128
CCGAAATGTTGAGTGTGGTG_006,140
CCGAAATGTTGAGTGTGGTG_007,92
CCGAAATGTTGAGTGTGGTG_008,70
CCGAAATGTTGAGTGTGGTG_009,72
CCGAAATGTTGAGTGTGGTG_010,124
CCGAAATGTTGAGTGTGGTG_011,142
CCGAAATGTTGAGTGTGGTG_012,35
CCGAAATGTTGAGTGTGGTG_013,185
CCTTCCTAACCGTCAGCATG_001,62
CCTTCCTAACCGTCAGCATG_002,158
CCTTCCTAACCGTCAGCATG_003,127
CCTTCCTAACCGTCAGCATG_004,168
CCTTCCTAACCGTCAGCATG_005,138
CCTTCCTAACCGTCAGCATG_006,187
CCTTCCTAACCGTCAGCATG_007,77
CCTTCCTAACCGTCAGCATG_008,94
CCTTCCTAACCGTCAGCATG_009,137
CCTTCCTAACCGTCAGCATG_010,114
CCTTCCTAACCGTCAGCATG_011,49
CCTTCCTAACCGTCAGCATG_012,169
CCTTCCTAACCGTCAGCATG_013,26
CCTTCCTAACCGTCAGCATG_014,176
CCTTCCTAACCGTCAGCATG_015,127
CCTTCCTAACCGTCAGCATG_016,19
CCTTCCTAACCGTCAGCATG_017,16
CCTTCCTAACCGTCAGCATG_018,69
CCTTCCTAACCGTCAGCATG_019,137
CCTTCCTAACCGTCAGCATG_020,33
CCTTCCTAACCGTCAGCATG_021,140
CCTTCCTAACCGTCAGCATG_022,192
CCTTCCTAACCGTCAGCATG_023,57
CCTTCCTAACCGTCAGCATG_024,60
CCTTCCTAACCGTCAGCATG_025,148
CCTTCCTAACCGTCAGCATG_026,160
CCTTCCTAACCGTCAGCATG_027,52
CCTTCCTAACCGTCAGCATG_028,45
CCTTCCTAACCGTCAGCATG_029,12
CCTTCCTAACCGTCAGCATG_030,61
CCTTCCTAACCGTCAGCATG_031,91
CCTTCCTAACCGTCAGCATG_032,186
GGCACTGCACACGGTCTACG_001,20
GGCACTGCACACGGTCTACG_002,185
GGCACTGCACACGGTCTACG_003,75
GGCACTGCACACGGTCTACG_004,103
GGCACTGCACACGGTCTACG_005,181
GGCACTGCACACGGTCTACG_006,115
GGCACTGCACACGGTCTACG_007,168
GGCTCTAAGGAATGCCCTGG_001,183
GGCTCTAAGGAATGCCCTGG_002,177
GGCTCTAAGGAATGCCCTGG_003,132
GGCTCTAAGGAATGCCCTGG_004,74
GGCTCTAAGGAATGCCCTGG_005,198
GGCTCTAAGGAATGCCCTGG_006,26
GGCTCTAAGGAATGCCCTGG_007,34
GGCTCTAAGGAATGCCCTGG_008,127
GGCTCTAAGGAATGCCCTGG_009,169
GGCTCTAAGGAATGCCCTGG_010,11
GGCTCTAAGGAATGCCCTGG_011,41
TATGCACACCAACTACCTGT_001,149
TATGCACACCAACTACCTGT_002,113
TATGCACACCAACTACCTGT_003,77
TATGCACACCAACTACCTGT_004,152
TATGCACACCAACTACCTGT_005,194
TATGCACACCAACTACCTGT_006,64
TATGCACACCAACTACCTGT_007,188
TATGCACACCAACTACCTGT_008,141
ACCAGCGCTCCATCTCACCC_001,99
TATGGCTTCCAGCACTGTCC_001,50
TATGGCTTCCAGCACTGTCC_002,43
TATGGCTTCCAGCACTGTCC_003,77
TATGGCTTCCAGCACTGTCC_004,72
TATGGCTTCCAGCACTGTCC_005,160
TATGGCTTCCAGCACTGTCC_006,118
TATGGCTTCCAGCACTGTCC_007,182
TATGGCTTCCAGCACTGTCC_008,161
TATGGCTTCCAGCACTGTCC_009,41
TATGGCTTCCAGCACTGTCC_010,165
TATGGCTTCCAGCACTGTCC_011,165
TGAAATACAGACTAAGAGCA_001,105
TGAAATACAGACTAAGAGCA_002,199
TGAAATACAGACTAAGAGCA_003,25
TGAAATACAGACTAAGAGCA_004,138
AATGCCGTAGGCCGTCACGA_001,77
AATGCCGTAGGCCGTCACGA_002,83
AATGCCGTAGGCCGTCACGA_003,117
AATGCCGTAGGCCGTCACGA_004,137
AATGCCGTAGGCCGTCACGA_005,9
AATGCCGTAGGCCGTCACGA_006,175
AATGCCGTAGGCCGTCACGA_007,187
AATGCCGTAGGCCGTCACGA_008,149
AATGCCGTAGGCCGTCACGA_009,42
AATGCCGTAGGCCGTCACGA_010,70
AATGCCGTAGGCCGTCACGA_011,170
AATGCCGTAGGCCGTCACGA_012,147
AATGCCGTAGGCCGTCACGA_013,165
AATGCCGTAGGCCGTCACGA_014,62
AATGCCGTAGGCCGTCACGA_015,190
AATGCCGTAGGCCGTCACGA_016,148
AATGCCGTAGGCCGTCACGA_017,106
AATGCCGTAGGCCGTCACGA_018,139
AATGCCGTAGGCCGTCACGA_019,192
AATGCCGTAGGCCGTCACGA_020,59
AATGCCGTAGGCCGTCACGA_021,40
AATGCCGTAGGCCGTCACGA_022,31
AATGCCGTAGGCCGTCACGA_023,177
GGGTACCGCATGACTCAGAG_001,48
GGGTACCGCATGACTCAGAG_002,6
GGGTACCGCATGACTCAGAG_003,60
GGGTACCGCATGACTCAGAG_004,24
GGGTACCGCATGACTCAGAG_005,12
GGGTACCGCATGACTCAGAG_006,177
GGGTACCGCATGACTCAGAG_007,144
GGGTACCGCATGACTCAGAG_008,144
GGGTACCGCATGACTCAGAG_009,9
GGGTACCGCATGACTCAGAG_010,104
GGGTACCGCATGACTCAGAG_011,75
GGGTACCGCATGACTCAGAG_012,12
GGGTACCGCATGACTCAGAG_013,183
GGGTACCGCATGACTCAGAG_014,139
GGGTACCGCATGACTCAGAG_015,102
GGGTACCGCATGACTCAGAG_016,48
GCTCTCTCCTGGCGGACACG_001,157
GCTCTCTCCTGGCGGACACG_002,103
GCTCTCTCCTGGCGGACACG_003,61
GCTCTCTCCTGGCGGACACG_004,174
GCTCTCTCCTGGCGGACACG_005,43
GCTCTCTCCTGGCGGACACG_006,198
GCTCTCTCCTGGCGGACACG_007,112
GCTCTCTCCTGGCGGACACG_008,98
GCTCTCTCCTGGCGGACACG_009,70
GCTCTCTCCTGGCGGACACG_010,76
GCTCTCTCCTGGCGGACACG_011,1
GCTCTCTCCTGGCGGACACG_012,60
GCTCTCTCCTGGCGGACACG_013,105
GCTCTCTCCTGGCGGACACG_014,151
GCTCTCTCCTGGCGGACACG_015,108
GCTCTCTCCTGGCGGACACG_016,182
GCTCTCTCCTGGCGGACACG_017,29
GCTCTCTCCTGGCGGACACG_018,70
GCTCTCTCCTGGCGGACACG_019,129
GCTGTACAGATTTCGCCTGA_001,48
GTGGCGTTCAAGATGTACTT_001,2
GTGGCGTTCAAGATGTACTT_002,145
GCAGCCCGCCGCCAGCAGCG_001,142
GCAGCCCGCCGCCAGCAGCG_002,149
GCAGCCCGCCGCCAGCAGCG_003,48
GCAGCCCGCCGCCAGCAGCG_004,2
GCAGCCCGCCGCCAGCAGCG_005,176
GCAGCCCGCCGCCAGCAGCG_006,176
GCAGCCCGCCGCCAGCAGCG_007,164
GCAGCCCGCCGCCAGCAGCG_008,176
GCAGCCCGCCGCCAGCAGCG_009,172
GCAGCCCGCCGCCAGCAGCG_010,183
GCAGCCCGCCGCCAGCAGCG_011,124
TGTCCAGTTACACATTCAAG_001,121
TGTCCAGTTACACATTCAAG_002,160
TGTCCAGTTACACATTCAAG_003,148
TGTCCAGTTACACATTCAAG_004,68
CTTCCGTAAGGACTCAGATG_001,62
CTTCCGTAAGGACTCAGATG_002,33
CTTCCGTAAGGACTCAGATG_003,70
CTTCCGTAAGGACTCAGATG_004,191
GGTAGCCATCAGGAGTAGCA_001,127
GGTAGCCATCAGGAGTAGCA_002,124
GGTAGCCATCAGGAGTAGCA_003,119
GGTAGCCATCAGGAGTAGCA_004,118
GGTAGCCATCAGGAGTAGCA_005,85
GGTAGCCATCAGGAGTAGCA_006,136
GGTAGCCATCAGGAGTAGCA_007,4
GGTAGCCATCAGGAGTAGCA_008,105
GGTAGCCATCAGGAGTAGCA_009,33
GGTAGCCATCAGGAGTAGCA_010,94
GGTAGCCATCAGGAGTAGCA_011,150
GGTAGCCATCAGGAGTAGCA_012,16
GGTAGCCATCAGGAGTAGCA_013,48
GGTAGCCATCAGGAGTAGCA_014,49
GGTAGCCATCAGGAGTAGCA_015,169
GGTAGCCATCAGGAGTAGCA_016,58
GGTAGCCATCAGGAGTAGCA_017,8
GGTAGCCATCAGGAGTAGCA_018,83
GGTAGCCATCAGGAGTAGCA_019,61
GGTAGCCATCAGGAGTAGCA_020,158
GGTAGCCATCAGGAGTAGCA_021,147
GGTAGCCATCAGGAGTAGCA_022,62
GGTAGCCATCAGGAGTAGCA_023,67
GGTAGCCATCAGGAGTAGCA_024,15
GTTCCAGAAAGGACATCATG_001,184
CTGCTTGCTAGGTCCCGGCG_001,193
CTGCTTGCTAGGTCCCGGCG_002,12
CTGCTTGCTAGGTCCCGGCG_003,4
CTGCTTGCTAGGTCCCGGCG_004,160
CTGCTTGCTAGGTCCCGGCG_005,27
CTGCTTGCTAGGTCCCGGCG_006,119
CTGCTTGCTAGGTCCCGGCG_007,171
CTGCTTGCTAGGTCCCGGCG_008,175
CTGCTTGCTAGGTCCCGGCG_009,13
CTGCTTGCTAGGTCCCGGCG_010,181
CTGCTTGCTAGGTCCCGGCG_011,52
CTGCTTGCTAGGTCCCGGCG_012,81
CTGCTTGCTAGGTCCCGGCG_013,181
CTGCTTGCTAGGTCCCGGCG_014,169
CTGCTTGCTAGGTCCCGGCG_015,153
CTGCTTGCTAGGTCCCGGCG_016,144
CTGCTTGCTAGGTCCCGGCG_017,63
GAACTCTCAAATGATCACTG_001,107
GAACTCTCAAATGATCACTG_002,121
GAACTCTCAAATGATCACTG_003,113
GAACTCTCAAATGATCACTG_004,169
GAACTCTCAAATGATCACTG_005,94
GAACTCTCAAATGATCACTG_006,33
GAACTCTCAAATGATCACTG_007,65
GAACTCTCAAATGATCACTG_008,173
GAACTCTCAAATGATCACTG_009,116
GAACTCTCAAATGATCACTG_010,129
GAACTCTCAAATGATCACTG_011,81
GAACTCTCAAATGATCACTG_012,116
GAACTCTCAAATGATCACTG_013,39
GAACTCTCAAATGATCACTG_014,155
GAGAAATGCACTTAATCTGA_001,156
GAGAAATGCACTTAATCTGA_002,24
GAGAAATGCACTTAATCTGA_003,60
GAGAAATGCACTTAATCTGA_004,173
GAGAAATGCACTTAATCTGA_005,42
GAGAAATGCACTTAATCTGA_006,154
GAGAAATGCACTTAATCTGA_007,130
GTGCTGGGCTCTGCTACTGG_001,81
GTGCTGGGCTCTGCTACTGG_002,88
GTGCTGGGCTCTGCTACTGG_003,121
GTGCTGGGCTCTGCTACTGG_004,113
GTGCTGGGCTCTGCTACTGG_005,66
GTGCTGGGCTCTGCTACTGG_006,126
GTGCTGGGCTCTGCTACTGG_007,144
GTGCTGGGCTCTGCTACTGG_008,17
ACTGGTGAAATGCTGCTGAG_001,41
ACTGGTGAAATGCTGCTGAG_002,40
ACTGGTGAAATGCTGCTGAG_003,76
ACAGCCGAGGCAGTCGTACT_001,24
ACAGCCGAGGCAGTCGTACT_002,91
ACAGCCGAGGCAGTCGTACT_003,22
ACAGCCGAGGCAGTCGTACT_004,17
ACAGCCGAGGCAGTCGTACT_005,42
ACAGCCGAGGCAGTCGTACT_006,172
ACAGCCGAGGCAGTCGTACT_007,99
ACAGCCGAGGCAGTCGTACT_008,52
ACAGCCGAGGCAGTCGTACT_009,199
GACCAGCACTGAAGTCTATG_001,117
GACCAGCACTGAAGTCTATG_002,62
GACCAGCACTGAAGTCTATG_003,23
GACCAGCACTGAAGTCTATG_004,147
GACCAGCACTGAAGTCTATG_005,81
GACCAGCACTGAAGTCTATG_006,78
GACCAGCACTGAAGTCTATG_007,161
GACCAGCACTGAAGTCTATG_008,122
GACCAGCACTGAAGTCTATG_009,20
GACCAGCACTGAAGTCTATG_010,77
GACCAGCACTGAAGTCTATG_011,1
GACCAGCACTGAAGTCTATG_012,1
GACCAGCACTGAAGTCTATG_013,23
GACCAGCACTGAAGTCTATG_014,188
GACCAGCACTGAAGTCTATG_015,26
GACCAGCACTGAAGTCTATG_016,138
GACCAGCACTGAAGTCTATG_017,10
GACCAGCACTGAAGTCTATG_018,191
GGTGTGGCCGTCTAGAGCTG_001,19
GGTGTGGCCGTCTAGAGCTG_002,79
GGTGTGGCCGTCTAGAGCTG_003,88
GGTGTGGCCGTCTAGAGCTG_004,146
GGTGTGGCCGTCTAGAGCTG_005,102
GGTGTGGCCGTCTAGAGCTG_006,137
GGTGTGGCCGTCTAGAGCTG_007,155
GGTGTGGCCGTCTAGAGCTG_008,22
GGTGTGGCCGTCTAGAGCTG_009,4
GGTGTGGCCGTCTAGAGCTG_010,40
GGTGTGGCCGTCTAGAGCTG_011,112
TAACCTTAGAGCAAGAACAA_001,66
TAACCTTAGAGCAAGAACAA_002,177
CGGTGAATCAGATTAACAGG_001,177
CGGTGAATCAGATTAACAGG_002,2
CTCTTATGGGAAAACGTGTT_001,33
CTCTTATGGGAAAACGTGTT_002,0
AGCCAGACTCCAGGGTACCG_001,160
AGCCAGACTCCAGGGTACCG_002,118
AGCCAGACTCCAGGGTACCG_003,5
AGCCAGACTCCAGGGTACCG_004,62
AGCCAGACTCCAGGGTACCG_005,77
AGCCAGACTCCAGGGTACCG_006,49
AGCCAGACTCCAGGGTACCG_007,130
AGCCAGACTCCAGGGTACCG_008,56
AGCCAGACTCCAGGGTACCG_009,57
AGCCAGACTCCAGGGTACCG_010,55
AGCCAGACTCCAGGGTACCG_011,162
AGCCAGACTCCAGGGTACCG_012,10
AGCCAGACTCCAGGGTACCG_013,168
GTGTGCACTGAAGGTACTTG_001,154
GTGTGCACTGAAGGTACTTG_002,139
GTGTGCACTGAAGGTACTTG_003,49
GTGTGCACTGAAGGTACTTG_004,146
GTGTGCACTGAAGGTACTTG_005,65
GTGTGCACTGAAGGTACTTG_006,178
GTGTGCACTGAAGGTACTTG_007,13
GATCCGAAGTCGTAATACAC_001,146
CATCTACAAGCCCAACAACA_001,156
CATCTACAAGCCCAACAACA_002,102
CATCTACAAGCCCAACAACA_003,161
CATCTACAAGCCCAACAACA_004,159
CGATTCTGATAACCCCATGG_001,48
CGATTCTGATAACCCCATGG_002,162
CGATTCTGATAACCCCATGG_003,92
CGATTCTGATAACCCCATGG_004,176
AGAGTACTTGTCTCGATTTG_001,65
AGAGTACTTGTCTCGATTTG_002,29
AGAGTACTTGTCTCGATTTG_003,74
AGAGTACTTGTCTCGATTTG_004,47
CCCCGCATCTCAGTACTTCG_001,15
CCCCGCATCTCAGTACTTCG_002,17
CCCCGCATCTCAGTACTTCG_003,10
CCCCGCATCTCAGTACTTCG_004,154
CCCCGCATCTCAGTACTTCG_005,119
CCCCGCATCTCAGTACTTCG_006,156
CCCCGCATCTCAGTACTTCG_007,158
CCCCGCATCTCAGTACTTCG_008,142
CAATGCCCCGGAGATAACCC_001,1
CAATGCCCCGGAGATAACCC_002,147
TGCCAGCATTCAAGTGCGCT_001,44
TGCCAGCATTCAAGTGCGCT_002,178
TGCCAGCATTCAAGTGCGCT_003,4
TGCCAGCATTCAAGTGCGCT_004,163
TGCCAGCATTCAAGTGCGCT_005,172
TGCCAGCATTCAAGTGCGCT_006,95
TGCCAGCATTCAAGTGCGCT_007,130
TGCCAGCATTCAAGTGCGCT_008,41
TGCCAGCATTCAAGTGCGCT_009,115
TGCCAGCATTCAAGTGCGCT_010,123
TGCCAGCATTCAAGTGCGCT_011,113
TGCCAGCATTCAAGTGCGCT_012,77
TGCCAGCATTCAAGTGCGCT_013,118
CATCCTATTTCATAAAGGAG_001,198
CATCCTATTTCATAAAGGAG_002,144
CATCCTATTTCATAAAGGAG_003,124
GGTAGTCGAAGAGCGAGCGG_001,166
GGTAGTCGAAGAGCGAGCGG_002,138
GGTAGTCGAAGAGCGAGCGG_003,70
GGTAGTCGAAGAGCGAGCGG_004,146
GGTAGTCGAAGAGCGAGCGG_005,169
GGTAGTCGAAGAGCGAGCGG_006,118
GGTAGTCGAAGAGCGAGCGG_007,146
GGTAGTCGAAGAGCGAGCGG_008,106
GGTAGTCGAAGAGCGAGCGG_009,61
GGTAGTCGAAGAGCGAGCGG_010,162
GGTAGTCGAAGAGCGAGCGG_011,29
GGTAGTCGAAGAGCGAGCGG_012,186
GGTAGTCGAAGAGCGAGCGG_013,154
GGTAGTCGAAGAGCGAGCGG_014,124
GGTAGTCGAAGAGCGAGCGG_015,110
GGTAGTCGAAGAGCGAGCGG_016,150
GGTAGTCGAAGAGCGAGCGG_017,71
GGTAGTCGAAGAGCGAGCGG_018,144
GGTAGTCGAAGAGCGAGCGG_019,168
GGTAGTCGAAGAGCGAGCGG_020,142
GGTAGTCGAAGAGCGAGCGG_021,5
GGTAGTCGAAGAGCGAGCGG_022,171
GGTAGTCGAAGAGCGAGCGG_023,94
GGTAGTCGAAGAGCGAGCGG_024,29
GGTAGTCGAAGAGCGAGCGG_025,188
GGTAGTCGAAGAGCGAGCGG_026,157
GGTAGTCGAAGAGCGAGCGG_027,53
GGTAGTCGAAGAGCGAGCGG_028,168
GGTAGTCGAAGAGCGAGCGG_029,138
GGTAGTCGAAGAGCGAGCGG_030,115
GGTAGTCGAAGAGCGAGCGG_031,62
GGTAGTCGAAGAGCGAGCGG_032,60
GGTAGTCGAAGAGCGAGCGG_033,68
GGTAGTCGAAGAGCGAGCGG_034,137
GGTAGTCGAAGAGCGAGCGG_035,13
TTGCAGCTGATGTACACCGT_001,174
TTGCAGCTGATGTACACCGT_002,49
TTGCAGCTGATGTACACCGT_003,98
TTGCAGCTGATGTACACCGT_004,56
TTGCAGCTGATGTACACCGT_005,54
TTGCAGCTGATGTACACCGT_006,43
CTAGGATTCAGAGCGAAAAG_001,12
CTAGGATTCAGAGCGAAAAG_002,55
CTAGGATTCAGAGCGAAAAG_003,40
CTAGGATTCAGAGCGAAAAG_004,79
CTAGGATTCAGAGCGAAAAG_005,83
CTAGGATTCAGAGCGAAAAG_006,178
CTAGGATTCAGAGCGAAAAG_007,112
CTAGGATTCAGAGCGAAAAG_008,172
TCTGCCTGACAATATCGATG_001,17
TCTGCCTGACAATATCGATG_002,74
TCTGCCTGACAATATCGATG_003,117
TCTGCCTGACAATATCGATG_004,134
GGGGGGGGCGCGGTTCACGA_001,80
GGGGGGGGCGCGGTTCACGA_002,4
GGGGGGGGCGCGGTTCACGA_003,54
GGGGGGGGCGCGGTTCACGA_004,85
GGGGGGGGCGCGGTTCACGA_005,2
GGGGGGGGCGCGGTTCACGA_006,151
GGGGGGGGCGCGGTTCACGA_007,147
GGGGGGGGCGCGGTTCACGA_008,10
GGGGGGGGCGCGGTTCACGA_009,180
GGGGGGGGCGCGGTTCACGA_010,15
GGGGGGGGCGCGGTTCACGA_011,58
GGGGGGGGCGCGGTTCACGA_012,159
GGGGGGGGCGCGGTTCACGA_013,160
GGGGGGGGCGCGGTTCACGA_014,48
GGGGGGGGCGCGGTTCACGA_015,191
GGGGGGGGCGCGGTTCACGA_016,142
GGGGGGGGCGCGGTTCACGA_017,117
GGGGGGGGCGCGGTTCACGA_018,20
AAACGAGGAGTACAATAAGT_001,147
AAACGAGGAGTACAATAAGT_002,171
AAACGAGGAGTACAATAAGT_003,24
AAACGAGGAGTACAATAAGT_004,30
AAACGAGGAGTACAATAAGT_005,198
AAACGAGGAGTACAATAAGT_006,40
ACCTTAATAGTGACATGCCA_001,25
ACCTTAATAGTGACATGCCA_002,166
ACCTTAATAGTGACATGCCA_003,168
ACCTTAATAGTGACATGCCA_004,175
ACCTTAATAGTGACATGCCA_005,70
ACCTTAATAGTGACATGCCA_006,147
ACCTTAATAGTGACATGCCA_007,15
ACCTTAATAGTGACATGCCA_008,80
ACCTTAATAGTGACATGCCA_009,62
ACCTTAATAGTGACATGCCA_010,172
ACCTTAATAGTGACATGCCA_011,27
ACCTTAATAGTGACATGCCA_012,198
ACCTTAATAGTGACATGCCA_013,19
ACCTTAATAGTGACATGCCA_014,47
ACCTTAATAGTGACATGCCA_015,108
ACCTTAATAGTGACATGCCA_016,118
ACCTTAATAGTGACATGCCA_017,5
ACCTTAATAGTGACATGCCA_018,54
ACCTTAATAGTGACATGCCA_019,96
ACCTTAATAGTGACATGCCA_020,64
ACCTTAATAGTGACATGCCA_021,57
ACCTTAATAGTGACATGCCA_022,67
AAGCCCTGCGCATGTCATGG_001,189
AAGCCCTGCGCATGTCATGG_002,70
AAGCCCTGCGCATGTCATGG_003,65
AAGCCCTGCGCATGTCATGG_004,40
AAGCCCTGCGCATGTCATGG_005,184
AAGCCCTGCGCATGTCATGG_006,29
AAGCCCTGCGCATGTCATGG_007,102
CAGCCACACACCAGGCACAG_001,17
CAGCCACACACCAGGCACAG_002,102
CAGCCACACACCAGGCACAG_003,198
CAGCCACACACCAGGCACAG_004,175
CAGCCACACACCAGGCACAG_005,81
CAGCCACACACCAGGCACAG_006,82
CAGCCACACACCAGGCACAG_007,27
CAGCCACACACCAGGCACAG_008,77
CAGCCACACACCAGGCACAG_009,184
CAGCCACACACCAGGCACAG_010,124
CAGCCACACACCAGGCACAG_011,94
CAGCCACACACCAGGCACAG_012,59
CAGCCACACACCAGGCACAG_013,112
CAGCCACACACCAGGCACAG_014,44
CAGCCACACACCAGGCACAG_015,49
CAGCCACACACCAGGCACAG_016,37
CAGCCACACACCAGGCACAG_017,158
CAGCCACACACCAGGCACAG_018,32
CAGCCACACACCAGGCACAG_019,180
CAGCCACACACCAGGCACAG_020,177
CAGCCACACACCAGGCACAG_021,128
CAGCCACACACCAGGCACAG_022,49
CAGCCACACACCAGGCACAG_023,158
CAGCCACACACCAGGCACAG_024,113
CAGCCACACACCAGGCACAG_025,89
CCAGCGCGGGAAGGCATGTG_001,170
CCAGCGCGGGAAGGCATGTG_002,105
CCAGCGCGGGAAGGCATGTG_003,58
CCAGCGCGGGAAGGCATGTG_004,102
CCAGCGCGGGAAGGCATGTG_005,151
CCAGCGCGGGAAGGCATGTG_006,1
CCAGCGCGGGAAGGCATGTG_007,93
CCAGCGCGGGAAGGCATGTG_008,135
CCAGCGCGGGAAGGCATGTG_009,186
CCAGCGCGGGAAGGCATGTG_010,91
CGACGCCATCAGGCTCAACG_001,111
CGACGCCATCAGGCTCAACG_002,96
CGACGCCATCAGGCTCAACG_003,93
CGACGCCATCAGGCTCAACG_004,33
CGACGCCATCAGGCTCAACG_005,102
CGACGCCATCAGGCTCAACG_006,41
CGACGCCATCAGGCTCAACG_007,56
CGACGCCATCAGGCTCAACG_008,9
CGACGCCATCAGGCTCAACG_009,83
CGACGCCATCAGGCTCAACG_010,155
GGCAAGCGTGACGCACACAG_001,182
GGCAAGCGTGACGCACACAG_002,76
GGCAAGCGTGACGCACACAG_003,198
GGCAAGCGTGACGCACACAG_004,9
GGCAAGCGTGACGCACACAG_005,121
GGCAAGCGTGACGCACACAG_006,6
GGCAAGCGTGACGCACACAG_007,183
GGCAAGCGTGACGCACACAG_008,113
GGCAAGCGTGACGCACACAG_009,47
GGCAAGCGTGACGCACACAG_010,17
GGCAAGCGTGACGCACACAG_011,134
AAAGTGGAGGGTTAAAAAGG_001,146
AAAGTGGAGGGTTAAAAAGG_002,9
AAAGTGGAGGGTTAAAAAGG_003,89
AAAGTGGAGGGTTAAAAAGG_004,5
AAAGTGGAGGGTTAAAAAGG_005,148
AAAGTGGAGGGTTAAAAAGG_006,147
AAAGTGGAGGGTTAAAAAGG_007,101
CCAGCGTCCTGTGCTCACAG_001,83
CCAGCGTCCTGTGCTCACAG_002,169
CCAGCGTCCTGTGCTCACAG_003,3
CCAGCGTCCTGTGCTCACAG_004,107
CTCTATTGCAGTTAGCGGAG_001,151
CTCTATTGCAGTTAGCGGAG_002,150
CTCTATTGCAGTTAGCGGAG_003,117
CTCTATTGCAGTTAGCGGAG_004,0
CTCTATTGCAGTTAGCGGAG_005,145
CTCTATTGCAGTTAGCGGAG_006,49
CTCTATTGCAGTTAGCGGAG_007,190
CTCTATTGCAGTTAGCGGAG_008,187
CTCTATTGCAGTTAGCGGAG_009,145
CTCTATTGCAGTTAGCGGAG_010,169
CTCTATTGCAGTTAGCGGAG_011,94
CTCTATTGCAGTTAGCGGAG_012,3
GCATCCTCACGCTGGGCAAG_001,184
GCATCCTCACGCTGGGCAAG_002,170
GCATCCTCACGCTGGGCAAG_003,62
GCATCCTCACGCTGGGCAAG_004,176
GCATCCTCACGCTGGGCAAG_005,176
GCATCCTCACGCTGGGCAAG_006,149
GCATCCTCACGCTGGGCAAG_007,68
GCATCCTCACGCTGGGCAAG_008,87
GCATCCTCACGCTGGGCAAG_009,13
GCATCCTCACGCTGGGCAAG_010,124
GCATCCTCACGCTGGGCAAG_011,3
GCATCCTCACGCTGGGCAAG_012,72
GCATCCTCACGCTGGGCAAG_013,196
GCATCCTCACGCTGGGCAAG_014,3
CCGTACCGTCCCTCGCCGGG_001,15
CCGTACCGTCCCTCGCCGGG_002,2
CCGTACCGTCCCTCGCCGGG_003,166
CCGTACCGTCCCTCGCCGGG_004,53
CCGTACCGTCCCTCGCCGGG_005,68
CCGTACCGTCCCTCGCCGGG_006,135
CCGTACCGTCCCTCGCCGGG_007,88
CCGTACCGTCCCTCGCCGGG_008,79
CCGTACCGTCCCTCGCCGGG_009,160
CCGTACCGTCCCTCGCCGGG_010,18
GGCGGCCACTCGTACATGGG_001,29
GGCGGCCACTCGTACATGGG_002,95
GGCGGCCACTCGTACATGGG_003,48
GGCGGCCACTCGTACATGGG_004,48
GGCGGCCACTCGTACATGGG_005,118
GGCGGCCACTCGTACATGGG_006,194
CCTGAGACAACCACTTCCGG_001,132
CCTGAGACAACCACTTCCGG_002,131
CCTGAGACAACCACTTCCGG_003,8
TGCAGATAGAACAACTACAA_001,105
TGCAGATAGAACAACTACAA_002,2
TGCAGATAGAACAACTACAA_003,168
TGCAGATAGAACAACTACAA_004,134
GGGGGCCACACCATTTGCCG_001,0
GGGGGCCACACCATTTGCCG_002,153
GGGGGCCACACCATTTGCCG_003,113
GGGGGCCACACCATTTGCCG_004,142
GGGGGCCACACCATTTGCCG_005,95
GGGGGCCACACCATTTGCCG_006,195
GGGGGCCACACCATTTGCCG_007,29
GGGGGCCACACCATTTGCCG_008,105
GGGGGCCACACCATTTGCCG_009,169
GGGGGCCACACCATTTGCCG_010,134
GGGGGCCACACCATTTGCCG_011,90
GGGGGCCACACCATTTGCCG_012,108
CTTCACGTGTCTGGACCGCC_001,33
CTTCACGTGTCTGGACCGCC_002,88
CTTCACGTGTCTGGACCGCC_003,65
CTTCACGTGTCTGGACCGCC_004,42
CTTCACGTGTCTGGACCGCC_005,189
CTTCACGTGTCTGGACCGCC_006,178
CTTCACGTGTCTGGACCGCC_007,140
CTTCACGTGTCTGGACCGCC_008,149
CTTCACGTGTCTGGACCGCC_009,19
CTTCACGTGTCTGGACCGCC_010,96
CTTCACGTGTCTGGACCGCC_011,85
TGATTGGCAACTACAGCTTG_001,63
TGATTGGCAACTACAGCTTG_002,188
TGATTGGCAACTACAGCTTG_003,192
TGATTGGCAACTACAGCTTG_004,22
TGATTGGCAACTACAGCTTG_005,165
TGATTGGCAACTACAGCTTG_006,48
TGATTGGCAACTACAGCTTG_007,60
TGATTGGCAACTACAGCTTG_008,107
CGGCGTCAGAGTATTGACCT_001,198
CGGCGTCAGAGTATTGACCT_002,106
CGGCGTCAGAGTATTGACCT_003,78
CGGCGTCAGAGTATTGACCT_004,69
CGGCGTCAGAGTATTGACCT_005,136
CGGCGTCAGAGTATTGACCT_006,14
CGGCGTCAGAGTATTGACCT_007,169
CGGCGTCAGAGTATTGACCT_008,49
CGGCGTCAGAGTATTGACCT_009,29
CGGCGTCAGAGTATTGACCT_010,127
CGGCGTCAGAGTATTGACCT_011,49
CGGCGTCAGAGTATTGACCT_012,63
CGGCGTCAGAGTATTGACCT_013,56
CGGCGTCAGAGTATTGACCT_014,77
CGGCGTCAGAGTATTGACCT_015,165
CGGCGTCAGAGTATTGACCT_016,109
CGGCGTCAGAGTATTGACCT_017,109
CGGCGTCAGAGTATTGACCT_018,15
CGGCGTCAGAGTATTGACCT_019,188
CGGCGTCAGAGTATTGACCT_020,117
CGGCGTCAGAGTATTGACCT_021,22
CGGCGTCAGAGTATTGACCT_022,7
GATGTGGTCCTCGTCAACTG_001,48
GATGTGGTCCTCGTCAACTG_002,158
GATGTGGTCCTCGTCAACTG_003,17
GATGTGGTCCTCGTCAACTG_004,191
GATGTGGTCCTCGTCAACTG_005,77
GATGTGGTCCTCGTCAACTG_006,1
GATGTGGTCCTCGTCAACTG_007,10
GATGTGGTCCTCGTCAACTG_008,116
GATGTGGTCCTCGTCAACTG_009,65
GATGTGGTCCTCGTCAACTG_010,174
TAATCGGGGACAGTATCCTG_001,117
TAATCGGGGACAGTATCCTG_002,113
TAATCGGGGACAGTATCCTG_003,142
TAATCGGGGACAGTATCCTG_004,164
TAATCGGGGACAGTATCCTG_005,195
TAATCGGGGACAGTATCCTG_006,43
TAATCGGGGACAGTATCCTG_007,77
CATCAGCCTTAATTCGACGA_001,85
CATCAGCCTTAATTCGACGA_002,96
CATCAGCCTTAATTCGACGA_003,145
TTAGGAAAATGAGCGTACCA_001,103
TTAGGAAAATGAGCGTACCA_002,41
TGAGCAACTACTCAAACAGA_001,83
TGAGCAACTACTCAAACAGA_002,51
TGAGCAACTACTCAAACAGA_003,30
TGAGCAACTACTCAAACAGA_004,1
TGAGCAACTACTCAAACAGA_005,168
ATGTAATGACGTGATCCGAG_001,80
ATGTAATGACGTGATCCGAG_002,105
ATGTAATGACGTGATCCGAG_003,146
ATGTAATGACGTGATCCGAG_004,173
ATGTAATGACGTGATCCGAG_005,182
ATGTAATGACGTGATCCGAG_006,30
ATGTAATGACGTGATCCGAG_007,60
ATGTAATGACGTGATCCGAG_008,121
ATGTAATGACGTGATCCGAG_009,98
ATGTAATGACGTGATCCGAG_010,177
ATGTAATGACGTGATCCGAG_011,175
ATGTAATGACGTGATCCGAG_012,105
ATGTAATGACGTGATCCGAG_013,144
GCAGCACCTCAGGGATACGG_001,60
GCAGCACCTCAGGGATACGG_002,82
GCAGCACCTCAGGGATACGG_003,94
GCAGCACCTCAGGGATACGG_004,168
GCAGCACCTCAGGGATACGG_005,168
GCAGCACCTCAGGGATACGG_006,199
GCAGCACCTCAGGGATACGG_007,160
GCAGCACCTCAGGGATACGG_008,88
GCAGCACCTCAGGGATACGG_009,128
GCAGCACCTCAGGGATACGG_010,63
GCAGCACCTCAGGGATACGG_011,77
GTGCATACACTCAAGCAGTG_001,23
GTGCATACACTCAAGCAGTG_002,162
GTGCATACACTCAAGCAGTG_003,199
GTGCATACACTCAAGCAGTG_004,105
GTGCATACACTCAAGCAGTG_005,51
GTGCATACACTCAAGCAGTG_006,16
GTGCATACACTCAAGCAGTG_007,194
GTGCATACACTCAAGCAGTG_008,98
GTGCATACACTCAAGCAGTG_009,52
AAGGTGCCCTACGAGCTCAT_001,147
AAGGTGCCCTACGAGCTCAT_002,147
AAGGTGCCCTACGAGCTCAT_003,58
AAGGTGCCCTACGAGCTCAT_004,158
AAGGTGCCCTACGAGCTCAT_005,84
AAGGTGCCCTACGAGCTCAT_006,58
AAGGTGCCCTACGAGCTCAT_007,72
AAGGTGCCCTACGAGCTCAT_008,72
AAGGTGCCCTACGAGCTCAT_009,20
AAGGTGCCCTACGAGCTCAT_010,65
AAGGTGCCCTACGAGCTCAT_011,13
ATGGGTGACTTCGAAAACTG_001,179
ATGGGTGACTTCGAAAACTG_002,60
ATGGGTGACTTCGAAAACTG_003,41
ATGGGTGACTTCGAAAACTG_004,52
ATGGGTGACTTCGAAAACTG_005,80
ATGGGTGACTTCGAAAACTG_006,94
ATGGGTGACTTCGAAAACTG_007,21
ATGGGTGACTTCGAAAACTG_008,79
ATGGGTGACTTCGAAAACTG_009,74
GTCCTGTCTGCAGACACTGC_001,11
GTCCTGTCTGCAGACACTGC_002,189
GTCCTGTCTGCAGACACTGC_003,102
GTCCTGTCTGCAGACACTGC_004,115
AAACAAACGTACCACCCTGT_001,151
AAACAAACGTACCACCCTGT_002,102
AAACAAACGTACCACCCTGT_003,140
AAACAAACGTACCACCCTGT_004,119
AAACAAACGTACCACCCTGT_005,190
AAACAAACGTACCACCCTGT_006,197
AAACAAACGTACCACCCTGT_007,9
AAACAAACGTACCACCCTGT_008,16
AAACAAACGTACCACCCTGT_009,62
AAACAAACGTACCACCCTGT_010,169
AAACAAACGTACCACCCTGT_011,183
AAACAAACGTACCACCCTGT_012,160
AAACAAACGTACCACCCTGT_013,35
GGTAGTTCATGGTAGTGGGG_001,23
TCACAAGAAAATCAGCACTC_001,48
TCACAAGAAAATCAGCACTC_002,60
TCACAAGAAAATCAGCACTC_003,16
TCACAAGAAAATCAGCACTC_004,60
TGCGAATTCGGTCCAACACA_001,165
TGCGAATTCGGTCCAACACA_002,124
TGCGAATTCGGTCCAACACA_003,177
TGCGAATTCGGTCCAACACA_004,45
TGCGAATTCGGTCCAACACA_005,1
ATGATGTTGTGCCGACAGTG_001,121
ATGATGTTGTGCCGACAGTG_002,4
ATGATGTTGTGCCGACAGTG_003,98
ATGATGTTGTGCCGACAGTG_004,4
ATGATGTTGTGCCGACAGTG_005,61
ATGATGTTGTGCCGACAGTG_006,151
ATGATGTTGTGCCGACAGTG_007,45
ATGATGTTGTGCCGACAGTG_008,113
ATGATGTTGTGCCGACAGTG_009,6
CCTGAACCTGACCTCGCTGT_001,13
CCTGAACCTGACCTCGCTGT_002,76
CCTGAACCTGACCTCGCTGT_003,116
GGTCTGGATAACATGAAAGG_001,8
GGTCTGGATAACATGAAAGG_002,106
GGTCTGGATAACATGAAAGG_003,52
GGTCTGGATAACATGAAAGG_004,60
GGTCTGGATAACATGAAAGG_005,142
ACTGGGAGAGGATGCCGCCA_001,53
ACTGGGAGAGGATGCCGCCA_002,130
ACTGGGAGAGGATGCCGCCA_003,29
ACTGGGAGAGGATGCCGCCA_004,62
ACTGGGAGAGGATGCCGCCA_005,130
ACTGGGAGAGGATGCCGCCA_006,127
ACTGGGAGAGGATGCCGCCA_007,65
ACTGGGAGAGGATGCCGCCA_008,192
ACTGGGAGAGGATGCCGCCA_009,44
ACTGGGAGAGGATGCCGCCA_010,83
ACTGGGAGAGGATGCCGCCA_011,63
ACTGGGAGAGGATGCCGCCA_012,113
ACTGGGAGAGGATGCCGCCA_013,185
ACTGGGAGAGGATGCCGCCA_014,86
ACTGGGAGAGGATGCCGCCA_015,38
ACTGGGAGAGGATGCCGCCA_016,39
ACTGGGAGAGGATGCCGCCA_017,170
ACTGGGAGAGGATGCCGCCA_018,148
ACTGGGAGAGGATGCCGCCA_019,122
ACTGGGAGAGGATGCCGCCA_020,121
ACTGGGAGAGGATGCCGCCA_021,15
ACTGGGAGAGGATGCCGCCA_022,11
ACTGGGAGAGGATGCCGCCA_023,36
ACTGGGAGAGGATGCCGCCA_024,108
ACTGGGAGAGGATGCCGCCA_025,19
ACTGGGAGAGGATGCCGCCA_026,199
ACTGGGAGAGGATGCCGCCA_027,2
ACTGGGAGAGGATGCCGCCA_028,121
ACTGGGAGAGGATGCCGCCA_029,56
ACTGGGAGAGGATGCCGCCA_030,90
ACTGGGAGAGGATGCCGCCA_031,116
ACTGGGAGAGGATGCCGCCA_032,192
ACTGGGAGAGGATGCCGCCA_033,160
ACTGGGAGAGGATGCCGCCA_034,8
ACTGGGAGAGGATGCCGCCA_035,82
ACTGGGAGAGGATGCCGCCA_036,74
ACTGGGAGAGGATGCCGCCA_037,168
ACTGGGAGAGGATGCCGCCA_038,145
ACTGGGAGAGGATGCCGCCA_039,39
ACTGGGAGAGGATGCCGCCA_040,180
ACTGGGAGAGGATGCCGCCA_041,150
ACTGGGAGAGGATGCCGCCA_042,49
ACTGGGAGAGGATGCCGCCA_043,106
ACTGGGAGAGGATGCCGCCA_044,34
ACTGGGAGAGGATGCCGCCA_045,188
ACTGGGAGAGGATGCCGCCA_046,191
ACTGGGAGAGGATGCCGCCA_047,46
ACTGGGAGAGGATGCCGCCA_048,199
ACTGGGAGAGGATGCCGCCA_049,183
ACTGGGAGAGGATGCCGCCA_050,24
GGTACGTTTCTACCGCAATG_001,105
GGTACGTTTCTACCGCAATG_002,171
GGTACGTTTCTACCGCAATG_003,78
GGTACGTTTCTACCGCAATG_004,88
AATACTCTTCCCAGGTACCA_001,162
AATACTCTTCCCAGGTACCA_002,85
AATACTCTTCCCAGGTACCA_003,37
AATACTCTTCCCAGGTACCA_004,58
AATACTCTTCCCAGGTACCA_005,148
ACCAATGGTGAACTCGTCAA_001,15
ACCAATGGTGAACTCGTCAA_002,48
ACCAATGGTGAACTCGTCAA_003,101
ACCAATGGTGAACTCGTCAA_004,0
ACCAATGGTGAACTCGTCAA_005,150
ACCAATGGTGAACTCGTCAA_006,60
ACCAATGGTGAACTCGTCAA_007,108
ACCAATGGTGAACTCGTCAA_008,36
ACCAATGGTGAACTCGTCAA_009,48
GGTGTCCAGCATCAACCAGG_001,129
GGTGTCCAGCATCAACCAGG_002,40
GGTGTCCAGCATCAACCAGG_003,63
GGTGTCCAGCATCAACCAGG_004,141
GGTGTCCAGCATCAACCAGG_005,199
GGTGTCCAGCATCAACCAGG_006,48
TCTGCCGTAAAACAGGCGGG_001,50
TCTGCCGTAAAACAGGCGGG_002,167
TCTGCCGTAAAACAGGCGGG_003,167
TCTGCCGTAAAACAGGCGGG_004,50
TCTGCCGTAAAACAGGCGGG_005,145
TCTGCCGTAAAACAGGCGGG_006,184
TCTGCCGTAAAACAGGCGGG_007,5
TCTGCCGTAAAACAGGCGGG_008,9
TCTGCCGTAAAACAGGCGGG_009,17
TCTGCCGTAAAACAGGCGGG_010,94
TCTGCCGTAAAACAGGCGGG_011,115
TCTGCCGTAAAACAGGCGGG_012,4
TCTGCCGTAAAACAGGCGGG_013,85
TCTGCCGTAAAACAGGCGGG_014,58
TCTGCCGTAAAACAGGCGGG_015,160
TCTGCCGTAAAACAGGCGGG_016,104
TCTGCCGTAAAACAGGCGGG_017,166
TCTGCCGTAAAACAGGCGGG_018,130
TCTGCCGTAAAACAGGCGGG_019,150
TCTGCCGTAAAACAGGCGGG_020,188
GCTGCGAGAAGAAACCAACG_001,35
GCTGCGAGAAGAAACCAACG_002,146
GCTGCGAGAAGAAACCAACG_003,88
GCTGCGAGAAGAAACCAACG_004,36
GCTGCGAGAAGAAACCAACG_005,134
GCTGCGAGAAGAAACCAACG_006,177
GCTGCGAGAAGAAACCAACG_007,105
GCTGCGAGAAGAAACCAACG_008,199
GCTGCGAGAAGAAACCAACG_009,15
GCTGCGAGAAGAAACCAACG_010,105
GCTGCGAGAAGAAACCAACG_011,48
GCTGCGAGAAGAAACCAACG_012,191
GCTGCGAGAAGAAACCAACG_013,63
GCTGCGAGAAGAAACCAACG_014,150
GGAGCACAAATCTTCCCACA_001,188
GGAGCACAAATCTTCCCACA_002,38
GGAGCACAAATCTTCCCACA_003,81
GGAGCACAAATCTTCCCACA_004,105
GGAGCACAAATCTTCCCACA_005,170
CGGGGTACTCTCCGAGCTCG_001,48
CGGGGTACTCTCCGAGCTCG_002,162
CGGGGTACTCTCCGAGCTCG_003,155
GCTCATAGCCAACCTCACAC_001,77
GCTCATAGCCAACCTCACAC_002,197
GCTCATAGCCAACCTCACAC_003,64
GCTCATAGCCAACCTCACAC_004,16
GCTCATAGCCAACCTCACAC_005,26
GCTCATAGCCAACCTCACAC_006,104
GCTCATAGCCAACCTCACAC_007,28
GCTCATAGCCAACCTCACAC_008,14
GCTCATAGCCAACCTCACAC_009,118
GCTCATAGCCAACCTCACAC_010,137
GCTCATAGCCAACCTCACAC_011,139
GCTCATAGCCAACCTCACAC_012,88
GCTCATAGCCAACCTCACAC_013,128
GAAGCGGGACCGTGTCTCAC_001,131
GAAGCGGGACCGTGTCTCAC_002,129
GAAGCGGGACCGTGTCTCAC_003,28
GAAGCGGGACCGTGTCTCAC_004,134
GAAGCGGGACCGTGTCTCAC_005,44
GAAGCGGGACCGTGTCTCAC_006,147
GAAGCGGGACCGTGTCTCAC_007,58
GAAGCGGGACCGTGTCTCAC_008,42
GAAGCGGGACCGTGTCTCAC_009,56
GAAGCGGGACCGTGTCTCAC_010,52
GAAGCGGGACCGTGTCTCAC_011,63
GAAGCGGGACCGTGTCTCAC_012,188
GAAGCGGGACCGTGTCTCAC_013,102
GAAGCGGGACCGTGTCTCAC_014,182
GAAGCGGGACCGTGTCTCAC_015,100
GCAGAGCTACAGTGAACGCG_001,127
GCAGAGCTACAGTGAACGCG_002,18
GCAGAGCTACAGTGAACGCG_003,43
GCAGAGCTACAGTGAACGCG_004,130
GCAGAGCTACAGTGAACGCG_005,177
GCAGAGCTACAGTGAACGCG_006,163
GCAGAGCTACAGTGAACGCG_007,22
GCAGAGCTACAGTGAACGCG_008,105
GCAGAGCTACAGTGAACGCG_009,177
GCAGAGCTACAGTGAACGCG_010,133
GCAGAGCTACAGTGAACGCG_011,150
GCAGAGCTACAGTGAACGCG_012,18
GCAGAGCTACAGTGAACGCG_013,181
GCAGAGCTACAGTGAACGCG_014,54
GCAGAGCTACAGTGAACGCG_015,88
GCAGAGCTACAGTGAACGCG_016,160
GCAGAGCTACAGTGAACGCG_017,55
GCAGAGCTACAGTGAACGCG_018,15
GCAGAGCTACAGTGAACGCG_019,17
GCAGAGCTACAGTGAACGCG_020,82
GACTTGGCCAAGGAGCATCA_001,92
GACTTGGCCAAGGAGCATCA_002,197
GACTTGGCCAAGGAGCATCA_003,103
GACTTGGCCAAGGAGCATCA_004,85
GACTTGGCCAAGGAGCATCA_005,162
GACTTGGCCAAGGAGCATCA_006,184
GACTTGGCCAAGGAGCATCA_007,29
GACTTGGCCAAGGAGCATCA_008,3
GACTTGGCCAAGGAGCATCA_009,94
GACTTGGCCAAGGAGCATCA_010,40
GACTTGGCCAAGGAGCATCA_011,69
GACTTGGCCAAGGAGCATCA_012,15
GACTTGGCCAAGGAGCATCA_013,31
GACTTGGCCAAGGAGCATCA_014,2
GACTTGGCCAAGGAGCATCA_015,119
GACTTGGCCAAGGAGCATCA_016,134
GACTTGGCCAAGGAGCATCA_017,65
GACTTGGCCAAGGAGCATCA_018,76
GACTTGGCCAAGGAGCATCA_019,28
GACTTGGCCAAGGAGCATCA_020,63
GACTTGGCCAAGGAGCATCA_021,56
CGGTCGTTCTCCACGCCGAG_001,158
CGGTCGTTCTCCACGCCGAG_002,192
CGGTCGTTCTCCACGCCGAG_003,101
CGGTCGTTCTCCACGCCGAG_004,19
GCCGCACCAAATGTGTACCT_001,33
GCCGCACCAAATGTGTACCT_002,148
GCCGCACCAAATGTGTACCT_003,195
GCCGCACCAAATGTGTACCT_004,22
GCCGCACCAAATGTGTACCT_005,1
GCCGCACCAAATGTGTACCT_006,193
GCCGCACCAAATGTGTACCT_007,146
GCTTCGGCAGCAAAGACTCG_001,158
GCTTCGGCAGCAAAGACTCG_002,78
GCTTCGGCAGCAAAGACTCG_003,160
GCTTCGGCAGCAAAGACTCG_004,9
GCTTCGGCAGCAAAGACTCG_005,134
GCTTCGGCAGCAAAGACTCG_006,182
GCTTCGGCAGCAAAGACTCG_007,26
GCTTCGGCAGCAAAGACTCG_008,155
GCTTCGGCAGCAAAGACTCG_009,69
GCTTCGGCAGCAAAGACTCG_010,14
GCTTCGGCAGCAAAGACTCG_011,106
GCTTCGGCAGCAAAGACTCG_012,28
GTATGTGGCAATATCATCAA_001,34
GTATGTGGCAATATCATCAA_002,78
GTATGTGGCAATATCATCAA_003,77
GTATGTGGCAATATCATCAA_004,56
GAGCGGCGCCTTCCAACTCC_001,50
GAGCGGCGCCTTCCAACTCC_002,43
GAGCGGCGCCTTCCAACTCC_003,100
GAGCGGCGCCTTCCAACTCC_004,126
GAGCGGCGCCTTCCAACTCC_005,189
GAGCGGCGCCTTCCAACTCC_006,149
GAGCGGCGCCTTCCAACTCC_007,119
ACTATGGCAACAATACCTTG_001,166
ACTATGGCAACAATACCTTG_002,148
ACTATGGCAACAATACCTTG_003,104
AGTTCCAATAGTTTATGGGG_001,172
AGTTCCAATAGTTTATGGGG_002,11
AGTTCCAATAGTTTATGGGG_003,190
AGTTCCAATAGTTTATGGGG_004,78
AGTTCCAATAGTTTATGGGG_005,33
AGTTCCAATAGTTTATGGGG_006,170
AGTTCCAATAGTTTATGGGG_007,6
AGTTCCAATAGTTTATGGGG_008,31
CTAACTTGGACCCAAACTCA_001,45
CTAACTTGGACCCAAACTCA_002,199
CTAACTTGGACCCAAACTCA_003,134
CTAACTTGGACCCAAACTCA_004,5
CTAACTTGGACCCAAACTCA_005,77
CTAACTTGGACCCAAACTCA_006,94
CTAACTTGGACCCAAACTCA_007,142
CTAACTTGGACCCAAACTCA_008,57
GCAGCACCTCCACTCACGGG_001,182
GCAGCACCTCCACTCACGGG_002,134
GCAGCACCTCCACTCACGGG_003,162
GCAGCACCTCCACTCACGGG_004,76
GCAGCACCTCCACTCACGGG_005,115
GCAGCACCTCCACTCACGGG_006,62
GCAGCACCTCCACTCACGGG_007,96
GCAGCACCTCCACTCACGGG_008,98
GCAGCACCTCCACTCACGGG_009,166
GCAGCACCTCCACTCACGGG_010,57
GCAGCACCTCCACTCACGGG_011,116
GCAGCACCTCCACTCACGGG_012,20
GCAGCACCTCCACTCACGGG_013,13
GCAGCACCTCCACTCACGGG_014,97
GCAGCACCTCCACTCACGGG_015,84
GCAGCACCTCCACTCACGGG_016,105
GCAGCACCTCCACTCACGGG_017,8
GCAGCACCTCCACTCACGGG_018,68
GCAGCACCTCCACTCACGGG_019,172
GCAGCACCTCCACTCACGGG_020,35
GCAGCACCTCCACTCACGGG_021,43
GCAGCACCTCCACTCACGGG_022,147
GCAGCACCTCCACTCACGGG_023,50
GCAGCACCTCCACTCACGGG_024,74
GCAGCACCTCCACTCACGGG_025,130
GCAGCACCTCCACTCACGGG_026,95
GCAGCACCTCCACTCACGGG_027,191
GCAGCACCTCCACTCACGGG_028,10
GCAGCACCTCCACTCACGGG_029,19
GCAGCACCTCCACTCACGGG_030,77
GCAGCACCTCCACTCACGGG_031,99
GCAGCACCTCCACTCACGGG_032,26
GCAGCACCTCCACTCACGGG_033,130
GCAGCACCTCCACTCACGGG_034,141
GCAGCACCTCCACTCACGGG_035,49
GCAGCACCTCCACTCACGGG_036,179
GCGGTAAACCAGAACTAACA_001,76
GCGGTAAACCAGAACTAACA_002,169
GCGGTAAACCAGAACTAACA_003,127
GCGGTAAACCAGAACTAACA_004,88
GCGGTAAACCAGAACTAACA_005,67
GCGGTAAACCAGAACTAACA_006,147
ACGTTCTCATACCAGCCTGA_001,16
ACGTTCTCATACCAGCCTGA_002,62
CGTCGGATCATCATCAACGT_001,38
CGTCGGATCATCATCAACGT_002,130
CGTCGGATCATCATCAACGT_003,162
GTTGAGCTCACAGTAAAACT_001,118
GTTGAGCTCACAGTAAAACT_002,40
GTTGAGCTCACAGTAAAACT_003,49
GTTGAGCTCACAGTAAAACT_004,149
GTTGAGCTCACAGTAAAACT_005,25
GTTGAGCTCACAGTAAAACT_006,23
GTTGAGCTCACAGTAAAACT_007,19
GTTGAGCTCACAGTAAAACT_008,162
AGCCTGTCACAATACTGTAG_001,44
AGCCTGTCACAATACTGTAG_002,22
AGCCTGTCACAATACTGTAG_003,47
AGCCTGTCACAATACTGTAG_004,166
AGCCTGTCACAATACTGTAG_005,189
AGCCTGTCACAATACTGTAG_006,102
AGCCTGTCACAATACTGTAG_007,80
GCAGGCACAGTAAATGCAGG_001,88
GCAGGCACAGTAAATGCAGG_002,70
GCAGGCACAGTAAATGCAGG_003,144
GCAGGCACAGTAAATGCAGG_004,134
GCAGGCACAGTAAATGCAGG_005,70
GCAGGCACAGTAAATGCAGG_006,27
GCAGGCACAGTAAATGCAGG_007,44
GCAGGCACAGTAAATGCAGG_008,47
GCAGGCACAGTAAATGCAGG_009,38
GCAGGCACAGTAAATGCAGG_010,88
GCAGGCACAGTAAATGCAGG_011,50
GCAGGCACAGTAAATGCAGG_012,170
GCAGGCACAGTAAATGCAGG_013,145
GCAGGCACAGTAAATGCAGG_014,32
GCAGGCACAGTAAATGCAGG_015,29
GCAGGCACAGTAAATGCAGG_016,25
TGGGTGCTGATTGACCGGAG_001,40
CACGGCCTGAAGACTTCATG_001,77
CACGGCCTGAAGACTTCATG_002,77
CACGGCCTGAAGACTTCATG_003,88
CACGGCCTGAAGACTTCATG_004,60
CACGGCCTGAAGACTTCATG_005,60
CACGGCCTGAAGACTTCATG_006,113
CACGGCCTGAAGACTTCATG_007,87
CACGGCCTGAAGACTTCATG_008,60
CACGGCCTGAAGACTTCATG_009,107
CACGGCCTGAAGACTTCATG_010,176
CACGGCCTGAAGACTTCATG_011,160
CACGGCCTGAAGACTTCATG_012,14
TGAGGGCCACACATTGGACA_001,88
TGAGGGCCACACATTGGACA_002,60
TGAGGGCCACACATTGGACA_003,49
TGAGGGCCACACATTGGACA_004,158
TGAGGGCCACACATTGGACA_005,141
TGAGGGCCACACATTGGACA_006,146
TGAGGGCCACACATTGGACA_007,148
TGAGGGCCACACATTGGACA_008,145
TGAGGGCCACACATTGGACA_009,4
TGAGGGCCACACATTGGACA_010,46
TGAGGGCCACACATTGGACA_011,53
TGAGGGCCACACATTGGACA_012,39
TGAGGGCCACACATTGGACA_013,10
TGAGGGCCACACATTGGACA_014,144
TGAGGGCCACACATTGGACA_015,127
TGAGGGCCACACATTGGACA_016,65
TGAGGGCCACACATTGGACA_017,78
TGATGTTAATAAAAAACACA_001,28
TGATGTTAATAAAAAACACA_002,3
TGATGTTAATAAAAAACACA_003,57
AGAATCTTGAGAGAGCATTG_001,15
AGAATCTTGAGAGAGCATTG_002,146
AGAATCTTGAGAGAGCATTG_003,157
AGAATCTTGAGAGAGCATTG_004,9
AGAATCTTGAGAGAGCATTG_005,136
AGAATCTTGAGAGAGCATTG_006,104
AGAATCTTGAGAGAGCATTG_007,162
AGAATCTTGAGAGAGCATTG_008,165
AGAATCTTGAGAGAGCATTG_009,50
AGAATCTTGAGAGAGCATTG_010,147
AGAATCTTGAGAGAGCATTG_011,41
AGAATCTTGAGAGAGCATTG_012,78
CAGCACACAGTGATCCACAT_001,70
CAGCACACAGTGATCCACAT_002,19
CAGCACACAGTGATCCACAT_003,63
CAGCACACAGTGATCCACAT_004,12
CAGCACACAGTGATCCACAT_005,27
CAGCACACAGTGATCCACAT_006,48
CAGCACACAGTGATCCACAT_007,194
CAGCACACAGTGATCCACAT_008,140
CAGCACACAGTGATCCACAT_009,16
CAGCACACAGTGATCCACAT_010,196
CAGCACACAGTGATCCACAT_011,78
CAGCACACAGTGATCCACAT_012,49
CAGCACACAGTGATCCACAT_013,41
TGTGCCGCGCCGGAACAGCA_001,29
TGTGCCGCGCCGGAACAGCA_002,15
TGTGCCGCGCCGGAACAGCA_003,48
TGTGCCGCGCCGGAACAGCA_004,140
TGTGCCGCGCCGGAACAGCA_005,169
TGTGCCGCGCCGGAACAGCA_006,76
TGTGCCGCGCCGGAACAGCA_007,29
TGTGCCGCGCCGGAACAGCA_008,130
TGTGCCGCGCCGGAACAGCA_009,176
TGTGCCGCGCCGGAACAGCA_010,108
TGTGCCGCGCCGGAACAGCA_011,63
TGTGCCGCGCCGGAACAGCA_012,16
TGTGCCGCGCCGGAACAGCA_013,140
TGTGCCGCGCCGGAACAGCA_014,28
TGTGCCGCGCCGGAACAGCA_015,142
GGCTGGAATTTGAGCCATCG_001,128
GGCTGGAATTTGAGCCATCG_002,106
GGCTGGAATTTGAGCCATCG_003,199
GGCTGGAATTTGAGCCATCG_004,150
GGCTGGAATTTGAGCCATCG_005,48
GGCTGGAATTTGAGCCATCG_006,55
TGTTTAAGATCATCTCCACC_001,132
TGTTTAAGATCATCTCCACC_002,147
TGTTTAAGATCATCTCCACC_003,17
TGTTTAAGATCATCTCCACC_004,16
GGCAACATCAAAGTCCCCGT_001,68
GGCAACATCAAAGTCCCCGT_002,144
GGCAACATCAAAGTCCCCGT_003,23
GGCAACATCAAAGTCCCCGT_004,43
GGCAACATCAAAGTCCCCGT_005,74
GGCAACATCAAAGTCCCCGT_006,141
GGCAACATCAAAGTCCCCGT_007,80
GGCAACATCAAAGTCCCCGT_008,127
GGCAACATCAAAGTCCCCGT_009,181
GGCAACATCAAAGTCCCCGT_010,127
GGCAACATCAAAGTCCCCGT_011,183
GGCAACATCAAAGTCCCCGT_012,127
CTGGCCCATAGGTACCACGG_001,127
CTGGCCCATAGGTACCACGG_002,78
CTGGCCCATAGGTACCACGG_003,158
CTGGCCCATAGGTACCACGG_004,168
CTGGCCCATAGGTACCACGG_005,41
CTGGCCCATAGGTACCACGG_006,155
CTGGCCCATAGGTACCACGG_007,171
CTGGCCCATAGGTACCACGG_008,107
CTGGCCCATAGGTACCACGG_009,54
CTGGCCCATAGGTACCACGG_010,132
CTGGCCCATAGGTACCACGG_011,156
CTGGCCCATAGGTACCACGG_012,124
GCAGCAGAGTGGCTTACACT_001,12
GCAGCAGAGTGGCTTACACT_002,33
GCAGCAGAGTGGCTTACACT_003,185
GCAGCAGAGTGGCTTACACT_004,40
GCAGCAGAGTGGCTTACACT_005,28
GCAGCAGAGTGGCTTACACT_006,143
GCAGCAGAGTGGCTTACACT_007,4
GCAGCAGAGTGGCTTACACT_008,187
GCAGCAGAGTGGCTTACACT_009,84
GCAGCAGAGTGGCTTACACT_010,78
GCAGCAGAGTGGCTTACACT_011,38
GCAGCAGAGTGGCTTACACT_012,121
GCAGCAGAGTGGCTTACACT_013,55
TACCTTGGTGTCCTTGTTAA_001,160
TACCTTGGTGTCCTTGTTAA_002,130
TACCTTGGTGTCCTTGTTAA_003,10
TACCTTGGTGTCCTTGTTAA_004,47
TGGTGGTTAAGATCGTCCCG_001,66
TGGTGGTTAAGATCGTCCCG_002,144
TGGTGGTTAAGATCGTCCCG_003,62
TGGTGGTTAAGATCGTCCCG_004,191
TGGTGGTTAAGATCGTCCCG_005,162
TGGTGGTTAAGATCGTCCCG_006,185
TGGTGGTTAAGATCGTCCCG_007,56
TGGTGGTTAAGATCGTCCCG_008,79
TGGTGGTTAAGATCGTCCCG_009,77
TGGTGGTTAAGATCGTCCCG_010,160
TGGTGGTTAAGATCGTCCCG_011,43
CCTAGGCCAAATTTAAACAG_001,140
CCTAGGCCAAATTTAAACAG_002,174
CCTAGGCCAAATTTAAACAG_003,161
CCTAGGCCAAATTTAAACAG_004,198
CCTAGGCCAAATTTAAACAG_005,199
ACCCGGGCTACAGTACCCTG_001,156
ACCCGGGCTACAGTACCCTG_002,159
ACCCGGGCTACAGTACCCTG_003,61
ACCCGGGCTACAGTACCCTG_004,197
GCAGATGCCGTTAATCCCTG_001,107
GTGCTGATCAGGTAGCGATG_001,144
GTGCTGATCAGGTAGCGATG_002,150
GTGCTGATCAGGTAGCGATG_003,75
GTGCTGATCAGGTAGCGATG_004,118
GTGCTGATCAGGTAGCGATG_005,77
GTGCTGATCAGGTAGCGATG_006,28
ACTTGCGTAAGCGCCTGTCA_001,174
ACTTGCGTAAGCGCCTGTCA_002,32
ACTTGCGTAAGCGCCTGTCA_003,75
ACTTGCGTAAGCGCCTGTCA_004,186
ACTTGCGTAAGCGCCTGTCA_005,87
ACTTGCGTAAGCGCCTGTCA_006,7
ACTTGCGTAAGCGCCTGTCA_007,0
ACTTGCGTAAGCGCCTGTCA_008,118
ACTTGCGTAAGCGCCTGTCA_009,60
AACCGCTCGAAATAAGCCCG_001,16
AACCGCTCGAAATAAGCCCG_002,9
AACCGCTCGAAATAAGCCCG_003,32
AACCGCTCGAAATAAGCCCG_004,80
AACCGCTCGAAATAAGCCCG_005,192
AACCGCTCGAAATAAGCCCG_006,82
AACCGCTCGAAATAAGCCCG_007,16
AACCGCTCGAAATAAGCCCG_008,86
AACCGCTCGAAATAAGCCCG_009,155
AACCGCTCGAAATAAGCCCG_010,63
AACCGCTCGAAATAAGCCCG_011,161
AACCGCTCGAAATAAGCCCG_012,107
AACCGCTCGAAATAAGCCCG_013,26
AACCGCTCGAAATAAGCCCG_014,26
AACCGCTCGAAATAAGCCCG_015,39
AACCGCTCGAAATAAGCCCG_016,46
GGAGTGGGTACGCAACATCG_001,135
GGAGTGGGTACGCAACATCG_002,67
GGAGTGGGTACGCAACATCG_003,197
GGAGTGGGTACGCAACATCG_004,150
GGAGTGGGTACGCAACATCG_005,145
GGAGTGGGTACGCAACATCG_006,91
GGAGTGGGTACGCAACATCG_007,15
TGGAAGTACCTGTACCACTG_001,94
TGGAAGTACCTGTACCACTG_002,73
TGGAAGTACCTGTACCACTG_003,168
TGGAAGTACCTGTACCACTG_004,189
TGGAAGTACCTGTACCACTG_005,77
TGGAAGTACCTGTACCACTG_006,198
TGGAAGTACCTGTACCACTG_007,40
AGGTATTCAGCATTGCACTG_001,63
AGGTATTCAGCATTGCACTG_002,169
AGGTATTCAGCATTGCACTG_003,94
AGGTATTCAGCATTGCACTG_004,15
AGGTATTCAGCATTGCACTG_005,170
AGGTATTCAGCATTGCACTG_006,118
AGGTATTCAGCATTGCACTG_007,176
GCAGCAGTGGCAGTCCATCG_001,133
GCAGCAGTGGCAGTCCATCG_002,103
GCAGCAGTGGCAGTCCATCG_003,80
GCAGCAGTGGCAGTCCATCG_004,179
GCAGCAGTGGCAGTCCATCG_005,17
GCAGCAGTGGCAGTCCATCG_006,199
GCAGCAGTGGCAGTCCATCG_007,190
GCAGCAGTGGCAGTCCATCG_008,113
GCAGCAGTGGCAGTCCATCG_009,130
GCAGCAGTGGCAGTCCATCG_010,127
GCAGCAGTGGCAGTCCATCG_011,123
AGTCATCTTGAGCGCCCAAG_001,31
AGTCATCTTGAGCGCCCAAG_002,113
AGTCATCTTGAGCGCCCAAG_003,70
AGTCATCTTGAGCGCCCAAG_004,38
AGTCATCTTGAGCGCCCAAG_005,65
AGTCATCTTGAGCGCCCAAG_006,140
AGTCATCTTGAGCGCCCAAG_007,138
AGTCATCTTGAGCGCCCAAG_008,34
AGTCATCTTGAGCGCCCAAG_009,161
AGTCATCTTGAGCGCCCAAG_010,79
AGTCATCTTGAGCGCCCAAG_011,186
CTTAGGTGAATGTAAATGCG_001,137
CTTAGGTGAATGTAAATGCG_002,144
CTTAGGTGAATGTAAATGCG_003,13
CCACAATGGTCTTGAAGCTG_001,61
CCACAATGGTCTTGAAGCTG_002,162
CCACAATGGTCTTGAAGCTG_003,101
CGTTATCATCAAATTAAACA_001,158
CGTTATCATCAAATTAAACA_002,75
CGTTATCATCAAATTAAACA_003,81
GATGAGCAAAAGCTCTGCTG_001,127
GATGAGCAAAAGCTCTGCTG_002,59
GATGAGCAAAAGCTCTGCTG_003,16
GATGAGCAAAAGCTCTGCTG_004,72
GATGAGCAAAAGCTCTGCTG_005,199
GATGAGCAAAAGCTCTGCTG_006,146
GATGAGCAAAAGCTCTGCTG_007,60
GATGAGCAAAAGCTCTGCTG_008,172
GATGAGCAAAAGCTCTGCTG_009,141
GATGAGCAAAAGCTCTGCTG_010,44
GATGAGCAAAAGCTCTGCTG_011,41
GATGAGCAAAAGCTCTGCTG_012,130
GATGAGCAAAAGCTCTGCTG_013,29
TTTAACTTCACTGCAATCGG_001,107
TGCTGTTCACCGCATCACAG_001,150
TGCTGTTCACCGCATCACAG_002,175
TGCTGTTCACCGCATCACAG_003,185
TGCTGTTCACCGCATCACAG_004,172
TGCTGTTCACCGCATCACAG_005,185
TGCTGTTCACCGCATCACAG_006,192
TGCTGTTCACCGCATCACAG_007,42
TGCTGTTCACCGCATCACAG_008,49
TGCTGTTCACCGCATCACAG_009,197
TGCTGTTCACCGCATCACAG_010,197
TGCTGTTCACCGCATCACAG_011,52
TGCTGTTCACCGCATCACAG_012,93
TGCTGTTCACCGCATCACAG_013,188
TGCTGTTCACCGCATCACAG_014,149
TGCTGTTCACCGCATCACAG_015,146
TGCTGTTCACCGCATCACAG_016,146
TGCTGTTCACCGCATCACAG_017,116
TGCTGTTCACCGCATCACAG_018,70
TTTGATGACCCAAAAAACTG_001,151
TTTGATGACCCAAAAAACTG_002,106
TTTGATGACCCAAAAAACTG_003,78
TTTGATGACCCAAAAAACTG_004,56
TTTGATGACCCAAAAAACTG_005,124
TTTGATGACCCAAAAAACTG_006,19
TTTGATGACCCAAAAAACTG_007,197
TTTGATGACCCAAAAAACTG_008,161
TTTGATGACCCAAAAAACTG_009,138
TTTGATGACCCAAAAAACTG_010,152
TTTGTCACTAAAGTGGACAA_001,51
TTTGTCACTAAAGTGGACAA_002,68
TTTGTCACTAAAGTGGACAA_003,83
TTTGTCACTAAAGTGGACAA_004,75
CCATCGGCAACTACGTGTCT_001,187
CCATCGGCAACTACGTGTCT_002,115
CCATCGGCAACTACGTGTCT_003,179
CCATCGGCAACTACGTGTCT_004,101
CCATCGGCAACTACGTGTCT_005,41
AAGCTACTTCCCCTACCTGA_001,77
AAGCTACTTCCCCTACCTGA_002,17
AAGCTACTTCCCCTACCTGA_003,78
AAGCTACTTCCCCTACCTGA_004,100
AAGCTACTTCCCCTACCTGA_005,178
AAGCTACTTCCCCTACCTGA_006,67
ACCACACTTCCCATGCATGG_001,131
ACCACACTTCCCATGCATGG_002,83
ACCACACTTCCCATGCATGG_003,94
ACCACACTTCCCATGCATGG_004,165
ACCACACTTCCCATGCATGG_005,34
GGGGCTGAAACAGGAAGGCT_001,50
GGGGCTGAAACAGGAAGGCT_002,29
GGGGCTGAAACAGGAAGGCT_003,173
GGGGCTGAAACAGGAAGGCT_004,53
GGGGCTGAAACAGGAAGGCT_005,128
GGGGCTGAAACAGGAAGGCT_006,28
GGGGCTGAAACAGGAAGGCT_007,36
GGGGCTGAAACAGGAAGGCT_008,123
GGGGCTGAAACAGGAAGGCT_009,42
GGGGCTGAAACAGGAAGGCT_010,27
GGGGCTGAAACAGGAAGGCT_011,119
TGCCGGACCAGAGCTTCCTG_001,20
TGCCGGACCAGAGCTTCCTG_002,105
TGCCGGACCAGAGCTTCCTG_003,6
TGCCGGACCAGAGCTTCCTG_004,183
TTTGCTAGGATTGTGCTGGA_001,15
TTTGCTAGGATTGTGCTGGA_002,15
TTTGCTAGGATTGTGCTGGA_003,85
TTTGCTAGGATTGTGCTGGA_004,43
TTTGCTAGGATTGTGCTGGA_005,33
TTTGCTAGGATTGTGCTGGA_006,149
TTTGCTAGGATTGTGCTGGA_007,119
TCTTCCACTACCTTGCCGGG_001,137
TCTTCCACTACCTTGCCGGG_002,47
TCTTCCACTACCTTGCCGGG_003,198
TCTTCCACTACCTTGCCGGG_004,155
CATGGAGGATTCCCGGACAG_001,93
CATGGAGGATTCCCGGACAG_002,127
CATGGAGGATTCCCGGACAG_003,191
CATGGAGGATTCCCGGACAG_004,147
CATGGAGGATTCCCGGACAG_005,96
CATGGAGGATTCCCGGACAG_006,137
CTACTGTGAGCATATTGGAG_001,83
CTACTGTGAGCATATTGGAG_002,90
CTACTGTGAGCATATTGGAG_003,16
CTACTGTGAGCATATTGGAG_004,9
CTACTGTGAGCATATTGGAG_005,68
CGAGACTACCGCGAACCCCG_001,131
CGAGACTACCGCGAACCCCG_002,173
CGAGACTACCGCGAACCCCG_003,43
CGAGACTACCGCGAACCCCG_004,77
CGAGACTACCGCGAACCCCG_005,143
CGAGACTACCGCGAACCCCG_006,68
CGAGACTACCGCGAACCCCG_007,63
CGAGACTACCGCGAACCCCG_008,157
TGCAGGGGAGAGCTTAGAGG_001,54
TGCAGGGGAGAGCTTAGAGG_002,12
TGCAGGGGAGAGCTTAGAGG_003,58
TGCAGGGGAGAGCTTAGAGG_004,5
TGCAGGGGAGAGCTTAGAGG_005,65
TCTTGTGTAGGAGTATACGG_001,145
CGCGGAGATGACTCACCACA_001,115
CGCGGAGATGACTCACCACA_002,69
CGCGGAGATGACTCACCACA_003,15
CGCGGAGATGACTCACCACA_004,146
CGCGGAGATGACTCACCACA_005,81
CGCGGAGATGACTCACCACA_006,107
CGCGGAGATGACTCACCACA_007,38
CCTATCACAGGGCGATCAAG_001,140
CCTATCACAGGGCGATCAAG_002,46
CCTATCACAGGGCGATCAAG_003,67
CCTATCACAGGGCGATCAAG_004,48
CCTATCACAGGGCGATCAAG_005,39
CCTATCACAGGGCGATCAAG_006,84
CCTATCACAGGGCGATCAAG_007,168
CCTATCACAGGGCGATCAAG_008,52
CTGTTACTGGTCATGTTAGG_001,88
CTGTTACTGGTCATGTTAGG_002,54
CTGTTACTGGTCATGTTAGG_003,49
CTGTTACTGGTCATGTTAGG_004,138
CTGTTACTGGTCATGTTAGG_005,74
CTGTTACTGGTCATGTTAGG_006,156
CTGTTACTGGTCATGTTAGG_007,13
CTGTTACTGGTCATGTTAGG_008,129
CTGTTACTGGTCATGTTAGG_009,100
CCCAATCCGAGGAAACAGCG_001,78
CCCAATCCGAGGAAACAGCG_002,191
CCCAATCCGAGGAAACAGCG_003,35
CCCAATCCGAGGAAACAGCG_004,186
CCCAATCCGAGGAAACAGCG_005,27
CCCAATCCGAGGAAACAGCG_006,63
CCCAATCCGAGGAAACAGCG_007,47
CCCAATCCGAGGAAACAGCG_008,174
CCCAATCCGAGGAAACAGCG_009,148
CCCAATCCGAGGAAACAGCG_010,36
CCCAATCCGAGGAAACAGCG_011,50
CCCAATCCGAGGAAACAGCG_012,94
CCCAATCCGAGGAAACAGCG_013,2
CCCAATCCGAGGAAACAGCG_014,55
CCCAATCCGAGGAAACAGCG_015,171
GACCATCGGTGACCGCATGG_001,151
GACCATCGGTGACCGCATGG_002,142
GACCATCGGTGACCGCATGG_003,27
GACCATCGGTGACCGCATGG_004,100
GACCATCGGTGACCGCATGG_005,46
GACCATCGGTGACCGCATGG_006,41
GACCATCGGTGACCGCATGG_007,33
GACCATCGGTGACCGCATGG_008,49
GACCATCGGTGACCGCATGG_009,154
GACCATCGGTGACCGCATGG_010,162
GACCATCGGTGACCGCATGG_011,144
GACCATCGGTGACCGCATGG_012,94
GACCATCGGTGACCGCATGG_013,78
GACCATCGGTGACCGCATGG_014,15
GACCATCGGTGACCGCATGG_015,73
GACCATCGGTGACCGCATGG_016,152
GACCATCGGTGACCGCATGG_017,152
GACCATCGGTGACCGCATGG_018,198
ACATTTCTCCAGTGTGACTG_001,176
ACATTTCTCCAGTGTGACTG_002,139
ACATTTCTCCAGTGTGACTG_003,116
ACATTTCTCCAGTGTGACTG_004,50
ACATTTCTCCAGTGTGACTG_005,67
ACATTTCTCCAGTGTGACTG_006,15
ACATTTCTCCAGTGTGACTG_007,174
ACATTTCTCCAGTGTGACTG_008,148
ACATTTCTCCAGTGTGACTG_009,44
ACATTTCTCCAGTGTGACTG_010,67
ACATTTCTCCAGTGTGACTG_011,49
ACATTTCTCCAGTGTGACTG_012,19
ACATTTCTCCAGTGTGACTG_013,190
ACATTTCTCCAGTGTGACTG_014,78
ACATTTCTCCAGTGTGACTG_015,63
ACATTTCTCCAGTGTGACTG_016,94
ACATTTCTCCAGTGTGACTG_017,129
ACAAGAATGAGCATTTGGGA_001,108
ACAAGAATGAGCATTTGGGA_002,154
GAAGGTGACGACCCATTTGG_001,152
GAAGGTGACGACCCATTTGG_002,38
GAAGGTGACGACCCATTTGG_003,84
GAAGGTGACGACCCATTTGG_004,58
GAAGGTGACGACCCATTTGG_005,163
GAAGGTGACGACCCATTTGG_006,45
GAAGGTGACGACCCATTTGG_007,80
TCTGAGAAGAGGGATAATCG_001,160
TCTGAGAAGAGGGATAATCG_002,42
TCTGAGAAGAGGGATAATCG_003,157
TCTGAGAAGAGGGATAATCG_004,8
TCTGAGAAGAGGGATAATCG_005,16
CGCATGCATGCCAAGCACCG_001,159
CGCATGCATGCCAAGCACCG_002,149
CGCATGCATGCCAAGCACCG_003,60
CGCATGCATGCCAAGCACCG_004,41
CGCATGCATGCCAAGCACCG_005,66
CGCATGCATGCCAAGCACCG_006,75
CGCATGCATGCCAAGCACCG_007,108
CGCATGCATGCCAAGCACCG_008,58
CGCATGCATGCCAAGCACCG_009,1
CGCATGCATGCCAAGCACCG_010,9
CGCATGCATGCCAAGCACCG_011,49
CGCATGCATGCCAAGCACCG_012,124
CGCATGCATGCCAAGCACCG_013,149
CGCATGCATGCCAAGCACCG_014,28
CGCATGCATGCCAAGCACCG_015,77
CGCATGCATGCCAAGCACCG_016,10
CGGAAGATTTCGCAGACAGG_001,142
CGGAAGATTTCGCAGACAGG_002,80
TGAACCCCCAAGACTAGCTG_001,12
TGAACCCCCAAGACTAGCTG_002,118
TGAACCCCCAAGACTAGCTG_003,0
TGAACCCCCAAGACTAGCTG_004,53
TGAACCCCCAAGACTAGCTG_005,8
TGAACCCCCAAGACTAGCTG_006,188
TGAACCCCCAAGACTAGCTG_007,197
TGAACCCCCAAGACTAGCTG_008,51
TGAACCCCCAAGACTAGCTG_009,141
TGAACCCCCAAGACTAGCTG_010,183
TGAACCCCCAAGACTAGCTG_011,133
TGAACCCCCAAGACTAGCTG_012,171
TGAACCCCCAAGACTAGCTG_013,7
TGAACCCCCAAGACTAGCTG_014,149
TGAACCCCCAAGACTAGCTG_015,137
TGAACCCCCAAGACTAGCTG_016,23
TGAACCCCCAAGACTAGCTG_017,4
TGAACCCCCAAGACTAGCTG_018,170
TTGTCTTGCAGGAATTCGGG_001,183
TTGTCTTGCAGGAATTCGGG_002,8
TTGTCTTGCAGGAATTCGGG_003,5
TTGTCTTGCAGGAATTCGGG_004,115
TTGTCTTGCAGGAATTCGGG_005,78
TTGTCTTGCAGGAATTCGGG_006,10
TTGTCTTGCAGGAATTCGGG_007,17
TTGTCTTGCAGGAATTCGGG_008,150
TTGTCTTGCAGGAATTCGGG_009,149
TTGTCTTGCAGGAATTCGGG_010,43
TTGTCTTGCAGGAATTCGGG_011,137
TTGTCTTGCAGGAATTCGGG_012,134
AAGTGTTAACCAATACTACA_001,118
AAGTGTTAACCAATACTACA_002,11
AAGTGTTAACCAATACTACA_003,53
AAGTGTTAACCAATACTACA_004,35
AAGTGTTAACCAATACTACA_005,67
AAGTGTTAACCAATACTACA_006,170
AAGTGTTAACCAATACTACA_007,2
AAGTGTTAACCAATACTACA_008,84
GAAGGTCAGGATAGTGCCGA_001,62
GAAGGTCAGGATAGTGCCGA_002,125
GAAGGTCAGGATAGTGCCGA_003,134
GAAGGTCAGGATAGTGCCGA_004,137
GAAGGTCAGGATAGTGCCGA_005,156
GAAGGTCAGGATAGTGCCGA_006,72
GAAGGTCAGGATAGTGCCGA_007,82
GAAGGTCAGGATAGTGCCGA_008,115
GAAGGTCAGGATAGTGCCGA_009,124
GAAGGTCAGGATAGTGCCGA_010,1
GAAGGTCAGGATAGTGCCGA_011,78
GAAGGTCAGGATAGTGCCGA_012,165
GAAGGTCAGGATAGTGCCGA_013,168
ATCCTCAAAGACTCGCTGGG_001,53
ATCCTCAAAGACTCGCTGGG_002,15
ATCCTCAAAGACTCGCTGGG_003,94
ATCCTCAAAGACTCGCTGGG_004,112
ATCCTCAAAGACTCGCTGGG_005,48
ATCCTCAAAGACTCGCTGGG_006,153
ATCCTCAAAGACTCGCTGGG_007,170
ATCCTCAAAGACTCGCTGGG_008,144
ATCCTCAAAGACTCGCTGGG_009,147
ATCCTCAAAGACTCGCTGGG_010,177
ATCCTCAAAGACTCGCTGGG_011,24
ATCCTCAAAGACTCGCTGGG_012,110
ATCCTCAAAGACTCGCTGGG_013,33
ATCCTCAAAGACTCGCTGGG_014,172
ATCCTCAAAGACTCGCTGGG_015,94
ATCCTCAAAGACTCGCTGGG_016,66
ATCCTCAAAGACTCGCTGGG_017,74
ATCCTCAAAGACTCGCTGGG_018,148
ATCCTCAAAGACTCGCTGGG_019,40
ATCCTCAAAGACTCGCTGGG_020,168
ATCCTCAAAGACTCGCTGGG_021,77
ATCCTCAAAGACTCGCTGGG_022,88
ATCCTCAAAGACTCGCTGGG_023,1
ATCCTCAAAGACTCGCTGGG_024,58
ATCCTCAAAGACTCGCTGGG_025,49
ATCCTCAAAGACTCGCTGGG_026,43
ATCCTCAAAGACTCGCTGGG_027,94
ATCCTCAAAGACTCGCTGGG_028,184
ATCCTCAAAGACTCGCTGGG_029,184
ATCCTCAAAGACTCGCTGGG_030,3
ATCCTCAAAGACTCGCTGGG_031,170
ATCCTCAAAGACTCGCTGGG_032,81
ACTTACAGTGACGCCCACAT_001,49
ACTTACAGTGACGCCCACAT_002,149
ACTTACAGTGACGCCCACAT_003,56
ACTTACAGTGACGCCCACAT_004,172
ACTTACAGTGACGCCCACAT_005,170
ACTTACAGTGACGCCCACAT_006,167
ACTTACAGTGACGCCCACAT_007,111
ACTTACAGTGACGCCCACAT_008,18
ACTTACAGTGACGCCCACAT_009,118
ACTTACAGTGACGCCCACAT_010,193
ACTTACAGTGACGCCCACAT_011,25
ACTTACAGTGACGCCCACAT_012,134
ACTTACAGTGACGCCCACAT_013,115
ACTTACAGTGACGCCCACAT_014,60
ACTTACAGTGACGCCCACAT_015,177
ACTTACAGTGACGCCCACAT_016,43
ACTTACAGTGACGCCCACAT_017,112
ACTTACAGTGACGCCCACAT_018,78
ACTTACAGTGACGCCCACAT_019,145
ACTTACAGTGACGCCCACAT_020,161
ACTTACAGTGACGCCCACAT_021,22
ACTTACAGTGACGCCCACAT_022,48
ACTTACAGTGACGCCCACAT_023,142
ACTTACAGTGACGCCCACAT_024,198
CATGTCCAAGGAATATTGCG_001,91
AGGACAGGACGCTGTACGAG_001,119
AGGACAGGACGCTGTACGAG_002,94
AAGTGCCAAGAATCCACAGC_001,36
CACCACTCGGCCTTTCACTG_001,194
CACCACTCGGCCTTTCACTG_002,195
CACCACTCGGCCTTTCACTG_003,147
CACCACTCGGCCTTTCACTG_004,69
CACCACTCGGCCTTTCACTG_005,152
CACCACTCGGCCTTTCACTG_006,132
CACCACTCGGCCTTTCACTG_007,150
CACCACTCGGCCTTTCACTG_008,192
CACCACTCGGCCTTTCACTG_009,76
CACCACTCGGCCTTTCACTG_010,156
CACCACTCGGCCTTTCACTG_011,16
CACCACTCGGCCTTTCACTG_012,172
CACCACTCGGCCTTTCACTG_013,6
CACCACTCGGCCTTTCACTG_014,57
CACCACTCGGCCTTTCACTG_015,8
CACCACTCGGCCTTTCACTG_016,154
CACCACTCGGCCTTTCACTG_017,178
CACCACTCGGCCTTTCACTG_018,32
CACCACTCGGCCTTTCACTG_019,72
CACCACTCGGCCTTTCACTG_020,152
CACCACTCGGCCTTTCACTG_021,112
CACCACTCGGCCTTTCACTG_022,47
CACCACTCGGCCTTTCACTG_023,118
CACCACTCGGCCTTTCACTG_024,39
CACCACTCGGCCTTTCACTG_025,136
CACCACTCGGCCTTTCACTG_026,105
ACCATCAGAAGACCAGCCCA_001,130
ACCATCAGAAGACCAGCCCA_002,63
ACCATCAGAAGACCAGCCCA_003,176
ACCATCAGAAGACCAGCCCA_004,191
ACCATCAGAAGACCAGCCCA_005,55
ACCATCAGAAGACCAGCCCA_006,137
ACCATCAGAAGACCAGCCCA_007,91
ACCATCAGAAGACCAGCCCA_008,158
ACCATCAGAAGACCAGCCCA_009,29
ACCATCAGAAGACCAGCCCA_010,176
ACCATCAGAAGACCAGCCCA_011,69
ACCATCAGAAGACCAGCCCA_012,15
ACCATCAGAAGACCAGCCCA_013,16
ACCATCAGAAGACCAGCCCA_014,194
ACCATCAGAAGACCAGCCCA_015,20
ACCATCAGAAGACCAGCCCA_016,60
GTGGACATTATTGGCAGCGG_001,87
CCTCACTTCATTCAGGGTGT_001,190
CCTCACTTCATTCAGGGTGT_002,56
CCTCACTTCATTCAGGGTGT_003,137
TACCCAAAGAAGCCATGCTA_001,104
TACCCAAAGAAGCCATGCTA_002,128
TACCCAAAGAAGCCATGCTA_003,185
TACCCAAAGAAGCCATGCTA_004,60
TACCCAAAGAAGCCATGCTA_005,55
TACCCAAAGAAGCCATGCTA_006,55
TACCCAAAGAAGCCATGCTA_007,25
TACCCAAAGAAGCCATGCTA_008,20
TACCCAAAGAAGCCATGCTA_009,77
TACCCAAAGAAGCCATGCTA_010,43
TACCCAAAGAAGCCATGCTA_011,94
TACCCAAAGAAGCCATGCTA_012,166
TACCCAAAGAAGCCATGCTA_013,158
TACCCAAAGAAGCCATGCTA_014,65
TACCCAAAGAAGCCATGCTA_015,43
TACCCAAAGAAGCCATGCTA_016,31
TACCCAAAGAAGCCATGCTA_017,104
AAAATTTGCAGGAAGCCCAG_001,181
AAAATTTGCAGGAAGCCCAG_002,102
AAAATTTGCAGGAAGCCCAG_003,130
AAAATTTGCAGGAAGCCCAG_004,169
AAAATTTGCAGGAAGCCCAG_005,63
AAAATTTGCAGGAAGCCCAG_006,144
AAAATTTGCAGGAAGCCCAG_007,198
TTACTGAGAGCTAATAGCAG_001,194
TTACTGAGAGCTAATAGCAG_002,4
TTACTGAGAGCTAATAGCAG_003,138
TTACTGAGAGCTAATAGCAG_004,74
AGTGCTTCGGCAAGTGTAAG_001,130
AGTGCTTCGGCAAGTGTAAG_002,121
AGTGCTTCGGCAAGTGTAAG_003,54
AGTGCTTCGGCAAGTGTAAG_004,60
AGTGCTTCGGCAAGTGTAAG_005,9
CTCCACCAGTACATCCATCG_001,176
CTCCACCAGTACATCCATCG_002,11
CTCCACCAGTACATCCATCG_003,181
CTCCACCAGTACATCCATCG_004,155
CTCCACCAGTACATCCATCG_005,177
CTCCACCAGTACATCCATCG_006,107
CTCCACCAGTACATCCATCG_007,197
CTCCACCAGTACATCCATCG_008,74
CTCCACCAGTACATCCATCG_009,169
CTCCACCAGTACATCCATCG_010,198
TGTGTGAAGCTGCTTGAAGT_001,52
TGTGTGAAGCTGCTTGAAGT_002,88
TGTGTGAAGCTGCTTGAAGT_003,64
GGCTGGCGTGGAGAGGATCA_001,52
GGCTGGCGTGGAGAGGATCA_002,198
GGCTGGCGTGGAGAGGATCA_003,146
GGCTGGCGTGGAGAGGATCA_004,42
AAAAATTGTAGGGCGCACCA_001,119
AAAAATTGTAGGGCGCACCA_002,62
AAAAATTGTAGGGCGCACCA_003,196
AAAAATTGTAGGGCGCACCA_004,177
AAAAATTGTAGGGCGCACCA_005,72
AAAAATTGTAGGGCGCACCA_006,72
AAAAATTGTAGGGCGCACCA_007,105
AAAAATTGTAGGGCGCACCA_008,170
CAGTAAATTATATCCACATG_001,70
CAGTAAATTATATCCACATG_002,199
CAGTAAATTATATCCACATG_003,1
CAGTAAATTATATCCACATG_004,17
GAGAGGCCCTACTTAAAGGT_001,58
GAGAGGCCCTACTTAAAGGT_002,158
GAGAGGCCCTACTTAAAGGT_003,149
GAGAGGCCCTACTTAAAGGT_004,52
GAGAGGCCCTACTTAAAGGT_005,72
TGGCATCAGATTCACTCCAG_001,70
TGGCATCAGATTCACTCCAG_002,80
TGGCATCAGATTCACTCCAG_003,61
TGGCATCAGATTCACTCCAG_004,53
TGGCATCAGATTCACTCCAG_005,173
TGGCATCAGATTCACTCCAG_006,59
TGGCATCAGATTCACTCCAG_007,110
TGGCATCAGATTCACTCCAG_008,27
TGGCATCAGATTCACTCCAG_009,2
TGGCATCAGATTCACTCCAG_010,50
TGGCATCAGATTCACTCCAG_011,25
TGGCATCAGATTCACTCCAG_012,8
TGGCATCAGATTCACTCCAG_013,150
TGGCATCAGATTCACTCCAG_014,17
GCCACATGTTCTCATCTACG_001,150
GACAAACCATATACCTACGA_001,81
TGAAAGACCGCAAGGCACCA_001,97
TGAAAGACCGCAAGGCACCA_002,97
TGAAAGACCGCAAGGCACCA_003,129
TGAAAGACCGCAAGGCACCA_004,76
TGAAAGACCGCAAGGCACCA_005,2
TGAAAGACCGCAAGGCACCA_006,188
TGAAAGACCGCAAGGCACCA_007,184
TGAAAGACCGCAAGGCACCA_008,29
TGAAAGACCGCAAGGCACCA_009,76
TGAAAGACCGCAAGGCACCA_010,182
TGAAAGACCGCAAGGCACCA_011,43
TGAAAGACCGCAAGGCACCA_012,121
TGAAAGACCGCAAGGCACCA_013,52
TGAAAGACCGCAAGGCACCA_014,166
GCATTTCCGCCCGGAGTGAG_001,168
GCATTTCCGCCCGGAGTGAG_002,14
GCATTTCCGCCCGGAGTGAG_003,124
GCATTTCCGCCCGGAGTGAG_004,88
GCATTTCCGCCCGGAGTGAG_005,189
GCATTTCCGCCCGGAGTGAG_006,129
GCATTTCCGCCCGGAGTGAG_007,94
GCATTTCCGCCCGGAGTGAG_008,88
GCATTTCCGCCCGGAGTGAG_009,20
GCATTTCCGCCCGGAGTGAG_010,58
GCATTTCCGCCCGGAGTGAG_011,74
GCATTTCCGCCCGGAGTGAG_012,3
GCATTTCCGCCCGGAGTGAG_013,77
GCATTTCCGCCCGGAGTGAG_014,6
GCATTTCCGCCCGGAGTGAG_015,50
GCATTTCCGCCCGGAGTGAG_016,78
GCATTTCCGCCCGGAGTGAG_017,199
GCATTTCCGCCCGGAGTGAG_018,68
GCATTTCCGCCCGGAGTGAG_019,30
GCATTTCCGCCCGGAGTGAG_020,78
GCATTTCCGCCCGGAGTGAG_021,139
GCATTTCCGCCCGGAGTGAG_022,194
GCATTTCCGCCCGGAGTGAG_023,159
GCATTTCCGCCCGGAGTGAG_024,5
GCATTTCCGCCCGGAGTGAG_025,168
GCATTTCCGCCCGGAGTGAG_026,57
GCATTTCCGCCCGGAGTGAG_027,168
GCATTTCCGCCCGGAGTGAG_028,190
GCATTTCCGCCCGGAGTGAG_029,174
GCATTTCCGCCCGGAGTGAG_030,136
GCATTTCCGCCCGGAGTGAG_031,136
GCATTTCCGCCCGGAGTGAG_032,187
GCATTTCCGCCCGGAGTGAG_033,50
GAACCACTCAGTGACCATGT_001,154
GAACCACTCAGTGACCATGT_002,65
GAACCACTCAGTGACCATGT_003,165
GAACCACTCAGTGACCATGT_004,163
GAACCACTCAGTGACCATGT_005,102
GAACCACTCAGTGACCATGT_006,113
GAACCACTCAGTGACCATGT_007,40
GAACCACTCAGTGACCATGT_008,47
GAACCACTCAGTGACCATGT_009,111
GAACCACTCAGTGACCATGT_010,136
GAACCACTCAGTGACCATGT_011,121
GAACCACTCAGTGACCATGT_012,60
GAACCACTCAGTGACCATGT_013,170
GAACCACTCAGTGACCATGT_014,52
CAGATGACAATCTTAAAGAG_001,121
CAGATGACAATCTTAAAGAG_002,52
CAGATGACAATCTTAAAGAG_003,35
CAGATGACAATCTTAAAGAG_004,59
CACCATTTCTCTCTACGACG_001,2
CACCATTTCTCTCTACGACG_002,117
CACCATTTCTCTCTACGACG_003,188
CACCATTTCTCTCTACGACG_004,196
CACCATTTCTCTCTACGACG_005,56
CACCATTTCTCTCTACGACG_006,137
GAATGTTCGAGCCCTAGAGG_001,198
GAATGTTCGAGCCCTAGAGG_002,64
GAATGTTCGAGCCCTAGAGG_003,160
GAATGTTCGAGCCCTAGAGG_004,169
GAATGTTCGAGCCCTAGAGG_005,49
GAATGTTCGAGCCCTAGAGG_006,0
GAATGTTCGAGCCCTAGAGG_007,57
GAATGTTCGAGCCCTAGAGG_008,32
GAATGTTCGAGCCCTAGAGG_009,60
GAATGTTCGAGCCCTAGAGG_010,103
GAATGTTCGAGCCCTAGAGG_011,5
GAATGTTCGAGCCCTAGAGG_012,109
GAATGTTCGAGCCCTAGAGG_013,109
GAATGTTCGAGCCCTAGAGG_014,76
GAATGTTCGAGCCCTAGAGG_015,195
GAATGTTCGAGCCCTAGAGG_016,139
GAATGTTCGAGCCCTAGAGG_017,103
GAATGTTCGAGCCCTAGAGG_018,124
GAATGTTCGAGCCCTAGAGG_019,198
AGTTGGAAAATGGTACCACA_001,5
AGTTGGAAAATGGTACCACA_002,8
AGTTGGAAAATGGTACCACA_003,37
AGTTGGAAAATGGTACCACA_004,12
AGTTGGAAAATGGTACCACA_005,95
AGTTGGAAAATGGTACCACA_006,197
AGTTGGAAAATGGTACCACA_007,144
AGTTGGAAAATGGTACCACA_008,113
AGTTGGAAAATGGTACCACA_009,63
AGTTGGAAAATGGTACCACA_010,196
AGTTGGAAAATGGTACCACA_011,76
AGTTGGAAAATGGTACCACA_012,169
AGTTGGAAAATGGTACCACA_013,45
AGTTGGAAAATGGTACCACA_014,44
AGTTGGAAAATGGTACCACA_015,29
AGTTGGAAAATGGTACCACA_016,5
AGTTGGAAAATGGTACCACA_017,169
AGTTGGAAAATGGTACCACA_018,144
AGTTGGAAAATGGTACCACA_019,61
GATAAAAGTGGTGAACAGCT_001,145
CAAATCCCAAGTGAGCCGCA_001,76
CAAATCCCAAGTGAGCCGCA_002,185
CAAATCCCAAGTGAGCCGCA_003,100
CTAGGTCTTACTGAAGAGAG_001,182
CTAGGTCTTACTGAAGAGAG_002,0
CTAGGTCTTACTGAAGAGAG_003,181
CTAGGTCTTACTGAAGAGAG_004,54
CTAGGTCTTACTGAAGAGAG_005,3
CTAGGTCTTACTGAAGAGAG_006,65
CTAGGTCTTACTGAAGAGAG_007,9
GCTCACCAGAGTGATATCTC_001,113
GCTCACCAGAGTGATATCTC_002,12
CGTACAGCGGCAAATATCCA_001,152
CGTACAGCGGCAAATATCCA_002,22
CGTACAGCGGCAAATATCCA_003,16
CGTACAGCGGCAAATATCCA_004,170
CGTACAGCGGCAAATATCCA_005,180
CGTACAGCGGCAAATATCCA_006,50
CGTACAGCGGCAAATATCCA_007,5
GCTTTCATCATGTAGACGAT_001,176
GCTTTCATCATGTAGACGAT_002,17
GCTTTCATCATGTAGACGAT_003,54
GCTTTCATCATGTAGACGAT_004,189
GCTTTCATCATGTAGACGAT_005,122
GCTTTCATCATGTAGACGAT_006,115
GCTTTCATCATGTAGACGAT_007,148
GCTTTCATCATGTAGACGAT_008,149
GCTTTCATCATGTAGACGAT_009,2
GCTTTCATCATGTAGACGAT_010,98
GCTTTCATCATGTAGACGAT_011,43
GCTTTCATCATGTAGACGAT_012,156
GCTTTCATCATGTAGACGAT_013,156
GCTTTCATCATGTAGACGAT_014,18
GCTTTCATCATGTAGACGAT_015,3
GCTTTCATCATGTAGACGAT_016,138
TGCACTGTGTCATGTCCCTG_001,199
TGCACTGTGTCATGTCCCTG_002,198
TGCACTGTGTCATGTCCCTG_003,65
TGCACTGTGTCATGTCCCTG_004,176
TGCACTGTGTCATGTCCCTG_005,198
TGCACTGTGTCATGTCCCTG_006,139
TGCACTGTGTCATGTCCCTG_007,156
TGCACTGTGTCATGTCCCTG_008,52
TGCACTGTGTCATGTCCCTG_009,101
TGCACTGTGTCATGTCCCTG_010,159
TGCACTGTGTCATGTCCCTG_011,104
TGCACTGTGTCATGTCCCTG_012,22
TGCACTGTGTCATGTCCCTG_013,147
TGCACTGTGTCATGTCCCTG_014,23
TGCACTGTGTCATGTCCCTG_015,100
TGCACTGTGTCATGTCCCTG_016,47
TGCACTGTGTCATGTCCCTG_017,69
GACATCTCATAGCTCCAAGG_001,137
GACATCTCATAGCTCCAAGG_002,35
GACATCTCATAGCTCCAAGG_003,101
GACATCTCATAGCTCCAAGG_004,101
GACATCTCATAGCTCCAAGG_005,28
GCGCTGCGAAATCTGAAGTG_001,77
GCGCTGCGAAATCTGAAGTG_002,105
GCGCTGCGAAATCTGAAGTG_003,46
GCGCTGCGAAATCTGAAGTG_004,121
GCGCTGCGAAATCTGAAGTG_005,28
GCGCTGCGAAATCTGAAGTG_006,147
GCGCTGCGAAATCTGAAGTG_007,108
GCGCTGCGAAATCTGAAGTG_008,165
GCGCTGCGAAATCTGAAGTG_009,15
GCGCTGCGAAATCTGAAGTG_010,103
GCGCTGCGAAATCTGAAGTG_011,144
TTGAAGACATCAACAAACGG_001,186
TTGAAGACATCAACAAACGG_002,56
TTGAAGACATCAACAAACGG_003,167
TTGAAGACATCAACAAACGG_004,73
TTGAAGACATCAACAAACGG_005,1
TTGAAGACATCAACAAACGG_006,182
TTGAAGACATCAACAAACGG_007,16
TTGAAGACATCAACAAACGG_008,188
TTGAAGACATCAACAAACGG_009,83
TTGAAGACATCAACAAACGG_010,45
TTGAAGACATCAACAAACGG_011,44
TTGAAGACATCAACAAACGG_012,104
TTGAAGACATCAACAAACGG_013,46
TTGAAGACATCAACAAACGG_014,54
TTGAAGACATCAACAAACGG_015,103
TTGAAGACATCAACAAACGG_016,69
TTGAAGACATCAACAAACGG_017,160
TTGAAGACATCAACAAACGG_018,63
TTGAAGACATCAACAAACGG_019,42
AGTATAGTTGTATCTGCACT_001,8
AGTATAGTTGTATCTGCACT_002,16
AGTATAGTTGTATCTGCACT_003,43
AGTATAGTTGTATCTGCACT_004,58
AGTATAGTTGTATCTGCACT_005,12
GAGGCGCGCAAGGTGAAGAG_001,130
GAGGCGCGCAAGGTGAAGAG_002,68
GAGGCGCGCAAGGTGAAGAG_003,21
GAGGCGCGCAAGGTGAAGAG_004,147
GAGGCGCGCAAGGTGAAGAG_005,174
GAGGCGCGCAAGGTGAAGAG_006,70
GAGGCGCGCAAGGTGAAGAG_007,101
GAGGCGCGCAAGGTGAAGAG_008,153
GAGGCGCGCAAGGTGAAGAG_009,118
GAGGCGCGCAAGGTGAAGAG_010,159
GAGGCGCGCAAGGTGAAGAG_011,21
GAGGCGCGCAAGGTGAAGAG_012,9
GAGGCGCGCAAGGTGAAGAG_013,118
GAGGCGCGCAAGGTGAAGAG_014,116
GAGGCGCGCAAGGTGAAGAG_015,168
GAGGCGCGCAAGGTGAAGAG_016,188
GAGGCGCGCAAGGTGAAGAG_017,147
GAGGCGCGCAAGGTGAAGAG_018,10
CTGGTATAGGAATCAAAGAG_001,22
CTGGTATAGGAATCAAAGAG_002,155
GATGCACTGGACTCGGAGTG_001,89
GATGCACTGGACTCGGAGTG_002,75
GATGCACTGGACTCGGAGTG_003,96
GATGCACTGGACTCGGAGTG_004,12
GATGCACTGGACTCGGAGTG_005,40
GATGCACTGGACTCGGAGTG_006,115
GATGCACTGGACTCGGAGTG_007,118
GATGCACTGGACTCGGAGTG_008,192
CCCATTGGTGTTGAGAACCT_001,77
CCCATTGGTGTTGAGAACCT_002,48
CCCATTGGTGTTGAGAACCT_003,158
CCCATTGGTGTTGAGAACCT_004,155
ATAACGACCACAGTAAGCAT_001,18
ATAACGACCACAGTAAGCAT_002,94
ATAACGACCACAGTAAGCAT_003,99
ATAACGACCACAGTAAGCAT_004,136
ACAAAGTGCTCCAATAAGGG_001,141
ACAAAGTGCTCCAATAAGGG_002,197
ACAAAGTGCTCCAATAAGGG_003,18
ACAAAGTGCTCCAATAAGGG_004,188
ACAAAGTGCTCCAATAAGGG_005,76
TCTTCTCTGTAGCAGAAGAA_001,133
TCTTCTCTGTAGCAGAAGAA_002,161
TCTTCTCTGTAGCAGAAGAA_003,17
CTGACATGGAGCTCTCGTCG_001,154
CTGGTGGGCCACCAAAAAAG_001,54
CTGGTGGGCCACCAAAAAAG_002,121
CTGGTGGGCCACCAAAAAAG_003,134
CTCTGGTCTGAGCACCACTG_001,5
CTCTGGTCTGAGCACCACTG_002,155
CTCTGGTCTGAGCACCACTG_003,19
CTCTGGTCTGAGCACCACTG_004,6
CTCTGGTCTGAGCACCACTG_005,162
TAGGCTGGCTCCCTAACACA_001,125
TAGGCTGGCTCCCTAACACA_002,40
GCTGTCCAGTTACAACGGCG_001,29
GCTGTCCAGTTACAACGGCG_002,159
AGTGGGTGCTACAGACGGCG_001,172
AGTGGGTGCTACAGACGGCG_002,63
AGTGGGTGCTACAGACGGCG_003,115
AGTGGGTGCTACAGACGGCG_004,69
AGTGGGTGCTACAGACGGCG_005,141
AGTGGGTGCTACAGACGGCG_006,113
AGTGGGTGCTACAGACGGCG_007,44
AGTGGGTGCTACAGACGGCG_008,78
AGTGGGTGCTACAGACGGCG_009,147
AGTGGGTGCTACAGACGGCG_010,34
AGTGGGTGCTACAGACGGCG_011,39
ACATCCCTGTAGTTCGAGAG_001,79
ACATCCCTGTAGTTCGAGAG_002,58
ACATCCCTGTAGTTCGAGAG_003,9
ACATCCCTGTAGTTCGAGAG_004,160
ACATCCCTGTAGTTCGAGAG_005,130
ACATCCCTGTAGTTCGAGAG_006,108
ACATCCCTGTAGTTCGAGAG_007,33
ACATCCCTGTAGTTCGAGAG_008,158
ACATCCCTGTAGTTCGAGAG_009,197
ACATCCCTGTAGTTCGAGAG_010,135
ACATCCCTGTAGTTCGAGAG_011,9
ACATCCCTGTAGTTCGAGAG_012,30
ACATCCCTGTAGTTCGAGAG_013,6
ACATCCCTGTAGTTCGAGAG_014,62
ACATCCCTGTAGTTCGAGAG_015,43
ACATCCCTGTAGTTCGAGAG_016,11
ACATCCCTGTAGTTCGAGAG_017,36
ACATCCCTGTAGTTCGAGAG_018,54
ACATCCCTGTAGTTCGAGAG_019,40
ACATCCCTGTAGTTCGAGAG_020,175
ACATCCCTGTAGTTCGAGAG_021,28
ACATCCCTGTAGTTCGAGAG_022,4
ACATCCCTGTAGTTCGAGAG_023,62
AGTTCTTCCAATATGACACC_001,165
TCCGACCTCGTAACGCCACA_001,83
TCCGACCTCGTAACGCCACA_002,185
TCCGACCTCGTAACGCCACA_003,127
TCCGACCTCGTAACGCCACA_004,41
TCCGACCTCGTAACGCCACA_005,78
AAAAGTCATTGCCGATCCGA_001,70
AAAAGTCATTGCCGATCCGA_002,149
AAAAGTCATTGCCGATCCGA_003,101
AAAAGTCATTGCCGATCCGA_004,188
AAAAGTCATTGCCGATCCGA_005,33
AAAAGTCATTGCCGATCCGA_006,139
AAAAGTCATTGCCGATCCGA_007,78
AAAAGTCATTGCCGATCCGA_008,190
AAAAGTCATTGCCGATCCGA_009,77
AAAAGTCATTGCCGATCCGA_010,125
AAAAGTCATTGCCGATCCGA_011,82
AAAAGTCATTGCCGATCCGA_012,149
AAAAGTCATTGCCGATCCGA_013,162
AAAAGTCATTGCCGATCCGA_014,156
AAAAGTCATTGCCGATCCGA_015,156
AAAAGTCATTGCCGATCCGA_016,156
AAAAGTCATTGCCGATCCGA_017,27
AAAAGTCATTGCCGATCCGA_018,23
AAAAGTCATTGCCGATCCGA_019,100
AAAAGTCATTGCCGATCCGA_020,180
AAAAGTCATTGCCGATCCGA_021,114
AAAAGTCATTGCCGATCCGA_022,94
AAAAGTCATTGCCGATCCGA_023,81
GCTTAGTGCATTTCTGGCCA_001,176
GCTTAGTGCATTTCTGGCCA_002,82
GCTTAGTGCATTTCTGGCCA_003,188
GCTTAGTGCATTTCTGGCCA_004,41
GCTTAGTGCATTTCTGGCCA_005,199
TCACAGCACTGGACACTCGG_001,35
TCACAGCACTGGACACTCGG_002,144
TCACAGCACTGGACACTCGG_003,82
TCACAGCACTGGACACTCGG_004,61
TCACAGCACTGGACACTCGG_005,70
TCACAGCACTGGACACTCGG_006,39
TCACAGCACTGGACACTCGG_007,168
TTTCTCTCGCATGTGAACCA_001,162
TTTCTCTCGCATGTGAACCA_002,137
TTTCTCTCGCATGTGAACCA_003,143
TTTCTCTCGCATGTGAACCA_004,130
TTTCTCTCGCATGTGAACCA_005,184
TTTCTCTCGCATGTGAACCA_006,19
TTTCTCTCGCATGTGAACCA_007,62
TTTCTCTCGCATGTGAACCA_008,108
TTTCTCTCGCATGTGAACCA_009,161
TTTCTCTCGCATGTGAACCA_010,56
TTTCTCTCGCATGTGAACCA_011,49
TTTCTCTCGCATGTGAACCA_012,49
TTTCTCTCGCATGTGAACCA_013,81
TTTCTCTCGCATGTGAACCA_014,157
TTTCTCTCGCATGTGAACCA_015,142
TTTCTCTCGCATGTGAACCA_016,119
TTTCTCTCGCATGTGAACCA_017,127
TTTCTCTCGCATGTGAACCA_018,70
TTTCTCTCGCATGTGAACCA_019,27
TTTCTCTCGCATGTGAACCA_020,191
TTTCTCTCGCATGTGAACCA_021,145
CGTATGTCCTATCATCAATG_001,197
CGTATGTCCTATCATCAATG_002,74
CGTATGTCCTATCATCAATG_003,10
GAAGGCGAACTTTCCCAAGT_001,22
GAAGGCGAACTTTCCCAAGT_002,168
GAAGGCGAACTTTCCCAAGT_003,62
GAAGGCGAACTTTCCCAAGT_004,102
GAAGGCGAACTTTCCCAAGT_005,81
GAAGGCGAACTTTCCCAAGT_006,93
GAAGGCGAACTTTCCCAAGT_007,110
GAAGGCGAACTTTCCCAAGT_008,9
GAAGGCGAACTTTCCCAAGT_009,166
GAAGGCGAACTTTCCCAAGT_010,0
GAAGGCGAACTTTCCCAAGT_011,34
GAAGGCGAACTTTCCCAAGT_012,158
GAAGGCGAACTTTCCCAAGT_013,81
GAAGGCGAACTTTCCCAAGT_014,159
GAAGGCGAACTTTCCCAAGT_015,167
GCAGCACACGGTAGGGCCGT_001,4
GGACCCGCAACCCGGAAAGG_001,78
GGACCCGCAACCCGGAAAGG_002,158
GGACCCGCAACCCGGAAAGG_003,78
GGACCCGCAACCCGGAAAGG_004,55
GGACCCGCAACCCGGAAAGG_005,176
GGACCCGCAACCCGGAAAGG_006,147
GGACCCGCAACCCGGAAAGG_007,133
GGACCCGCAACCCGGAAAGG_008,170
GGACCCGCAACCCGGAAAGG_009,158
TCTCCCGACCATATAAGGAG_001,27
TTGCAAAGCTGATAACACCT_001,150
TTGCAAAGCTGATAACACCT_002,39
TTGCAAAGCTGATAACACCT_003,70
TTGCAAAGCTGATAACACCT_004,60
TTGCAAAGCTGATAACACCT_005,102
TTGCAAAGCTGATAACACCT_006,77
TTGCAAAGCTGATAACACCT_007,191
TTGCAAAGCTGATAACACCT_008,175
AGGACTTGAGCAGGCACGCG_001,144
AGGACTTGAGCAGGCACGCG_002,66
AGGACTTGAGCAGGCACGCG_003,84
AGGACTTGAGCAGGCACGCG_004,15
AGGACTTGAGCAGGCACGCG_005,120
AGGACTTGAGCAGGCACGCG_006,72
AGGACTTGAGCAGGCACGCG_007,108
AAAAAACCAAACTTTGAAGT_001,15
AGGAACTCAGAGGGTCGTCA_001,176
AGGAACTCAGAGGGTCGTCA_002,63
AGCCCGAGAACACATGCAGG_001,67
AGCCCGAGAACACATGCAGG_002,77
AGCCCGAGAACACATGCAGG_003,92
AGCCCGAGAACACATGCAGG_004,112
AGCCCGAGAACACATGCAGG_005,156
AGCCCGAGAACACATGCAGG_006,30
AGCCCGAGAACACATGCAGG_007,88
AGCCCGAGAACACATGCAGG_008,74
AGCCCGAGAACACATGCAGG_009,177
AGCCCGAGAACACATGCAGG_010,67
AGCCCGAGAACACATGCAGG_011,169
AGCCCGAGAACACATGCAGG_012,30
AGCCCGAGAACACATGCAGG_013,124
AGCCCGAGAACACATGCAGG_014,42
AGCCCGAGAACACATGCAGG_015,3
AGCCCGAGAACACATGCAGG_016,35
AGCCCGAGAACACATGCAGG_017,147
AGCCCGAGAACACATGCAGG_018,9
AGCCCGAGAACACATGCAGG_019,91
AGCCCGAGAACACATGCAGG_020,29
AGCCCGAGAACACATGCAGG_021,82
AGCCCGAGAACACATGCAGG_022,39
CGTGGTTCAGACATTGCAAG_001,29
CGTGGTTCAGACATTGCAAG_002,112
CGTGGTTCAGACATTGCAAG_003,154
CGTGGTTCAGACATTGCAAG_004,1
CGTGGTTCAGACATTGCAAG_005,60
CGTGGTTCAGACATTGCAAG_006,62
CGTGGTTCAGACATTGCAAG_007,76
CGTGGTTCAGACATTGCAAG_008,78
CGTGGTTCAGACATTGCAAG_009,38
CGTGGTTCAGACATTGCAAG_010,141
CGTGGTTCAGACATTGCAAG_011,100
CGTGGTTCAGACATTGCAAG_012,34
CGTGGTTCAGACATTGCAAG_013,138
CGTGGTTCAGACATTGCAAG_014,40
CTTAAGGTCATTGCAGACGT_001,42
CTTAAGGTCATTGCAGACGT_002,177
CTTAAGGTCATTGCAGACGT_003,8
CTTAAGGTCATTGCAGACGT_004,147
CTTAAGGTCATTGCAGACGT_005,78
GCCTTCTAAACTGATCTGGG_001,60
GCCTTCTAAACTGATCTGGG_002,127
GCCTTCTAAACTGATCTGGG_003,103
GCCTTCTAAACTGATCTGGG_004,28
TATCCGGAACAGGTCACTTG_001,9
TATCCGGAACAGGTCACTTG_002,162
TATCCGGAACAGGTCACTTG_003,8
TATCCGGAACAGGTCACTTG_004,150
TATCCGGAACAGGTCACTTG_005,26
TATCCGGAACAGGTCACTTG_006,46
CTGGTATGAGGACCTGCAAG_001,153
CTGGTATGAGGACCTGCAAG_002,172
CTGGTATGAGGACCTGCAAG_003,127
CTGGTATGAGGACCTGCAAG_004,144
CTGGTATGAGGACCTGCAAG_005,87
CTGGTATGAGGACCTGCAAG_006,95
CTGGTATGAGGACCTGCAAG_007,1
CTGGTATGAGGACCTGCAAG_008,56
CTGGTATGAGGACCTGCAAG_009,16
CTGGTATGAGGACCTGCAAG_010,144
CTGGTATGAGGACCTGCAAG_011,153
CTGGTATGAGGACCTGCAAG_012,142
CTGGTATGAGGACCTGCAAG_013,146
CTGGTATGAGGACCTGCAAG_014,124
CTGGTATGAGGACCTGCAAG_015,56
CTGGTATGAGGACCTGCAAG_016,138
CTGGTATGAGGACCTGCAAG_017,105
TGCAGTGGGAAAGTCAAGCC_001,123
TGCAGTGGGAAAGTCAAGCC_002,61
TGCAGTGGGAAAGTCAAGCC_003,146
TGCAGTGGGAAAGTCAAGCC_004,140
TGCAGTGGGAAAGTCAAGCC_005,175
TGCAGTGGGAAAGTCAAGCC_006,171
GTCCAACAGATACAATTGCT_001,28
GTCCAACAGATACAATTGCT_002,46
GTCCAACAGATACAATTGCT_003,34
TATCAAGTCATGATCCGCTG_001,86
TATCCGATTTGCTAACCATG_001,172
TATCCGATTTGCTAACCATG_002,5
TATCCGATTTGCTAACCATG_003,100
TATCCGATTTGCTAACCATG_004,64
TATCCGATTTGCTAACCATG_005,195
TATCCGATTTGCTAACCATG_006,23
TATCCGATTTGCTAACCATG_007,150
TATCCGATTTGCTAACCATG_008,8
TTAAATATTCTATTCCATGG_001,157
TTGACGTAGCCGATATCATG_001,190
TTGACGTAGCCGATATCATG_002,110
TTGACGTAGCCGATATCATG_003,62
TTGACGTAGCCGATATCATG_004,144
TTGACGTAGCCGATATCATG_005,108
TTGACGTAGCCGATATCATG_006,56
TTGACGTAGCCGATATCATG_007,133
CTGGGAGCGCAACGAAGTCA_001,68
CTGGGAGCGCAACGAAGTCA_002,179
CTGGGAGCGCAACGAAGTCA_003,18
CTGGGAGCGCAACGAAGTCA_004,192
CTGGGAGCGCAACGAAGTCA_005,81
CTGGGAGCGCAACGAAGTCA_006,140
CTGGGAGCGCAACGAAGTCA_007,88
CTGGGAGCGCAACGAAGTCA_008,59
CTGGGAGCGCAACGAAGTCA_009,49
CTGGGAGCGCAACGAAGTCA_010,112
AGAGGACTGACCATGAGCTG_001,138
AGAGGACTGACCATGAGCTG_002,81
AGAGGACTGACCATGAGCTG_003,76
AGAGGACTGACCATGAGCTG_004,176
AGAGGACTGACCATGAGCTG_005,103
AGAGGACTGACCATGAGCTG_006,187
AGAGGACTGACCATGAGCTG_007,17
GGTACGTGAGGTTGCCAAAG_001,184
GGTACGTGAGGTTGCCAAAG_002,105
GGTACGTGAGGTTGCCAAAG_003,111
GGTACGTGAGGTTGCCAAAG_004,148
GGTACGTGAGGTTGCCAAAG_005,168
GGTACGTGAGGTTGCCAAAG_006,87
TCTGCTTCCTCACCAATCAG_001,29
TCTGCTTCCTCACCAATCAG_002,168
TCTGCTTCCTCACCAATCAG_003,105
TCTGCTTCCTCACCAATCAG_004,169
TCTGCTTCCTCACCAATCAG_005,150
TCTGCTTCCTCACCAATCAG_006,34
TCTGCTTCCTCACCAATCAG_007,87
TCTGCTTCCTCACCAATCAG_008,87
TCTGCTTCCTCACCAATCAG_009,57
TCTGCTTCCTCACCAATCAG_010,121
AGAGAGAGGCAGCACACACG_001,59
AGAGAGAGGCAGCACACACG_002,1
AGAGAGAGGCAGCACACACG_003,76
AGAGAGAGGCAGCACACACG_004,177
AGAGAGAGGCAGCACACACG_005,127
AGAGAGAGGCAGCACACACG_006,121
AGAGAGAGGCAGCACACACG_007,110
AGAGAGAGGCAGCACACACG_008,169
AGAGAGAGGCAGCACACACG_009,10
AGAGAGAGGCAGCACACACG_010,34
AGAGAGAGGCAGCACACACG_011,78
AGAGAGAGGCAGCACACACG_012,29
AGAGAGAGGCAGCACACACG_013,82
AGAGAGAGGCAGCACACACG_014,177
TCACTGGAGCAGAATTACCC_001,15
GTATATGTTCTAGGTCTGGG_001,136
GTATATGTTCTAGGTCTGGG_002,184
GTATATGTTCTAGGTCTGGG_003,169
GGGCGTAAAGAACTCCAGGG_001,101
GGGCGTAAAGAACTCCAGGG_002,17
GGGCGTAAAGAACTCCAGGG_003,146
GGGCGTAAAGAACTCCAGGG_004,6
GGGCGTAAAGAACTCCAGGG_005,22
GGGCGTAAAGAACTCCAGGG_006,198
GGGCGTAAAGAACTCCAGGG_007,91
GGGCGTAAAGAACTCCAGGG_008,145
GGGCGTAAAGAACTCCAGGG_009,113
GGGCGTAAAGAACTCCAGGG_010,188
GTATCGGCTACATAGCAGAC_001,53
GTATCGGCTACATAGCAGAC_002,19
GTATCGGCTACATAGCAGAC_003,141
GTATCGGCTACATAGCAGAC_004,113
GTATCGGCTACATAGCAGAC_005,74
GTATCGGCTACATAGCAGAC_006,51
GTATCGGCTACATAGCAGAC_007,38
GTATCGGCTACATAGCAGAC_008,147
GAGAAGGGAGAAGCAGTTCG_001,157
GAGAAGGGAGAAGCAGTTCG_002,49
GAGAAGGGAGAAGCAGTTCG_003,5
GAGAAGGGAGAAGCAGTTCG_004,113
GAGAAGGGAGAAGCAGTTCG_005,102
GAGAAGGGAGAAGCAGTTCG_006,41
GAGAAGGGAGAAGCAGTTCG_007,70
GAGAAGGGAGAAGCAGTTCG_008,14
GAGAAGGGAGAAGCAGTTCG_009,28
GAGAAGGGAGAAGCAGTTCG_010,77
GAGAAGGGAGAAGCAGTTCG_011,115
GAGAAGGGAGAAGCAGTTCG_012,198
GAGAAGGGAGAAGCAGTTCG_013,178
TCGGCCTGTGGCCTAGATGT_001,63
CCTTGCACAGCAACATGCGT_001,78
CCTTGCACAGCAACATGCGT_002,149
CCTTGCACAGCAACATGCGT_003,41
CCTTGCACAGCAACATGCGT_004,30
CCTTGCACAGCAACATGCGT_005,123
CCTTGCACAGCAACATGCGT_006,41
CCTTGCACAGCAACATGCGT_007,174
TTACCTATGGAGCAGGTCAA_001,103
TTACCTATGGAGCAGGTCAA_002,141
TTACCTATGGAGCAGGTCAA_003,50
TTACCTATGGAGCAGGTCAA_004,168
TTACCTATGGAGCAGGTCAA_005,48
TTACCTATGGAGCAGGTCAA_006,169
TTACCTATGGAGCAGGTCAA_007,81
TTACCTATGGAGCAGGTCAA_008,151
TTACCTATGGAGCAGGTCAA_009,37
TTACCTATGGAGCAGGTCAA_010,30
TTACCTATGGAGCAGGTCAA_011,50
TTACCTATGGAGCAGGTCAA_012,182
TTACCTATGGAGCAGGTCAA_013,187
TTACCTATGGAGCAGGTCAA_014,127
TTACCTATGGAGCAGGTCAA_015,184
TTACCTATGGAGCAGGTCAA_016,184
TTACCTATGGAGCAGGTCAA_017,76
TTACCTATGGAGCAGGTCAA_018,197
TTACCTATGGAGCAGGTCAA_019,70
TTACCTATGGAGCAGGTCAA_020,188
TTACCTATGGAGCAGGTCAA_021,138
TTACCTATGGAGCAGGTCAA_022,46
TTACCTATGGAGCAGGTCAA_023,19
TTACCTATGGAGCAGGTCAA_024,81
CAAGATCTAGGTCTCGTGAA_001,37
CAATAAGAGTACTCACCCCG_001,114
CAATAAGAGTACTCACCCCG_002,34
CAATAAGAGTACTCACCCCG_003,84
CAATAAGAGTACTCACCCCG_004,3
CAATAAGAGTACTCACCCCG_005,68
CAATAAGAGTACTCACCCCG_006,134
CAATAAGAGTACTCACCCCG_007,8
CAATAAGAGTACTCACCCCG_008,40
CAATAAGAGTACTCACCCCG_009,16
CAATAAGAGTACTCACCCCG_010,49
CAATAAGAGTACTCACCCCG_011,60
CAATAAGAGTACTCACCCCG_012,65
CAATAAGAGTACTCACCCCG_013,142
CCCGGTCATTCAATAGCTGA_001,198
CTGGGAACATGACCTACAAG_001,195
CTGGGAACATGACCTACAAG_002,127
CTGGGAACATGACCTACAAG_003,125
CTGGGAACATGACCTACAAG_004,87
CTGGGAACATGACCTACAAG_005,160
CCTGCATGCCTACGAAAAGG_001,77
CCTGCATGCCTACGAAAAGG_002,144
CCTGCATGCCTACGAAAAGG_003,115
CCTGCATGCCTACGAAAAGG_004,193
GGTCAATAACCCGAATCTTG_001,27
GGTCAATAACCCGAATCTTG_002,1
GGTCAATAACCCGAATCTTG_003,169
GGTCAATAACCCGAATCTTG_004,119
GGTCAATAACCCGAATCTTG_005,92
GGTCAATAACCCGAATCTTG_006,163
GGTCAATAACCCGAATCTTG_007,10
GGCAGAGTGTGGTTCAGTCA_001,60
GGCAGAGTGTGGTTCAGTCA_002,199
GGCAGAGTGTGGTTCAGTCA_003,169
GGCAGAGTGTGGTTCAGTCA_004,88
GGCAGAGTGTGGTTCAGTCA_005,165
GGCAGAGTGTGGTTCAGTCA_006,28
GGCAGAGTGTGGTTCAGTCA_007,19
GGCAGAGTGTGGTTCAGTCA_008,28
GGCAGAGTGTGGTTCAGTCA_009,113
GGCAGAGTGTGGTTCAGTCA_010,41
GGCAGAGTGTGGTTCAGTCA_011,124
GGCAGAGTGTGGTTCAGTCA_012,82
GGCAGAGTGTGGTTCAGTCA_013,129
GGCAGAGTGTGGTTCAGTCA_014,30
GGCAGAGTGTGGTTCAGTCA_015,50
GGCAGAGTGTGGTTCAGTCA_016,186
GGCAGAGTGTGGTTCAGTCA_017,172
GGCAGAGTGTGGTTCAGTCA_018,51
GGCAGAGTGTGGTTCAGTCA_019,9
GGCAGAGTGTGGTTCAGTCA_020,142
GGCAGAGTGTGGTTCAGTCA_021,28
GGCAGAGTGTGGTTCAGTCA_022,20
GGCAGAGTGTGGTTCAGTCA_023,57
GGCAGAGTGTGGTTCAGTCA_024,35
TCACGTTGTCCGGCACCCGG_001,82
TCACGTTGTCCGGCACCCGG_002,89
TCACGTTGTCCGGCACCCGG_003,94
AGAGAATCTTCATTAGAGAA_001,174
AGAGAATCTTCATTAGAGAA_002,77
AGAGAATCTTCATTAGAGAA_003,15
CATTAAACCAAAGGTCATGG_001,1
CATTAAACCAAAGGTCATGG_002,104
CATTAAACCAAAGGTCATGG_003,45
CATTAAACCAAAGGTCATGG_004,6
CATTAAACCAAAGGTCATGG_005,143
CATTAAACCAAAGGTCATGG_006,143
CATTAAACCAAAGGTCATGG_007,142
CAGATGCGAGTCTCTCCCAG_001,83
CAGATGCGAGTCTCTCCCAG_002,17
CAGATGCGAGTCTCTCCCAG_003,199
CAGATGCGAGTCTCTCCCAG_004,18
CAGATGCGAGTCTCTCCCAG_005,1
CAGATGCGAGTCTCTCCCAG_006,48
CAGATGCGAGTCTCTCCCAG_007,17
CAGATGCGAGTCTCTCCCAG_008,115
CCAGTCTAAAGATCTCCACA_001,68
CCAGTCTAAAGATCTCCACA_002,115
CCAGTCTAAAGATCTCCACA_003,160
CCAGTCTAAAGATCTCCACA_004,9
CCAGTCTAAAGATCTCCACA_005,20
CCAGTCTAAAGATCTCCACA_006,179
CCAGTCTAAAGATCTCCACA_007,147
GGAGCTGGAGCTCATGCCGG_001,29
GGAGCTGGAGCTCATGCCGG_002,94
GGAGCTGGAGCTCATGCCGG_003,75
GGAGCTGGAGCTCATGCCGG_004,56
GGAGCTGGAGCTCATGCCGG_005,81
GGAGCTGGAGCTCATGCCGG_006,163
GGAGCTGGAGCTCATGCCGG_007,68
GGAGCTGGAGCTCATGCCGG_008,68
TAGGTGAAGCATGCTAAGAA_001,113
TAGGTGAAGCATGCTAAGAA_002,37
TAGGTGAAGCATGCTAAGAA_003,158
TAGGTGAAGCATGCTAAGAA_004,78
TAGGTGAAGCATGCTAAGAA_005,145
TAGGTGAAGCATGCTAAGAA_006,12
GTAGGCTACAAAGAGCTGAC_001,130
GTAGGCTACAAAGAGCTGAC_002,90
GTAGGCTACAAAGAGCTGAC_003,96
GTAGGCTACAAAGAGCTGAC_004,166
GTAGGCTACAAAGAGCTGAC_005,166
GTAGGCTACAAAGAGCTGAC_006,102
GTAGGCTACAAAGAGCTGAC_007,80
GTAGGCTACAAAGAGCTGAC_008,102
GTAGGCTACAAAGAGCTGAC_009,83
GTAGGCTACAAAGAGCTGAC_010,9
GTAGGCTACAAAGAGCTGAC_011,82
GTAGGCTACAAAGAGCTGAC_012,50
GTAGGCTACAAAGAGCTGAC_013,117
GTAGGCTACAAAGAGCTGAC_014,145
GTAGGCTACAAAGAGCTGAC_015,94
GTAGGCTACAAAGAGCTGAC_016,105
GTAGGCTACAAAGAGCTGAC_017,46
GTAGGCTACAAAGAGCTGAC_018,8
GTAGGCTACAAAGAGCTGAC_019,113
GTAGGCTACAAAGAGCTGAC_020,30
GTAGGCTACAAAGAGCTGAC_021,1
GTAGGCTACAAAGAGCTGAC_022,93
GCGAGCGATTGAGCACACTG_001,158
GCGAGCGATTGAGCACACTG_002,198
GCGAGCGATTGAGCACACTG_003,134
GCGAGCGATTGAGCACACTG_004,142
GCGAGCGATTGAGCACACTG_005,197
GCGAGCGATTGAGCACACTG_006,78
GCGAGCGATTGAGCACACTG_007,75
GCGAGCGATTGAGCACACTG_008,94
CACAACGGAGTTTCCAACAA_001,129
CACAACGGAGTTTCCAACAA_002,114
CACAACGGAGTTTCCAACAA_003,52
CACAACGGAGTTTCCAACAA_004,98
CACAACGGAGTTTCCAACAA_005,53
CACAACGGAGTTTCCAACAA_006,56
CACAACGGAGTTTCCAACAA_007,63
CACAACGGAGTTTCCAACAA_008,16
CACAACGGAGTTTCCAACAA_009,140
CACAACGGAGTTTCCAACAA_010,70
AATCATAAGGGTGTTGAGGT_001,146
AATCATAAGGGTGTTGAGGT_002,69
AATCATAAGGGTGTTGAGGT_003,51
TTCCAGCAGAGACCGCATGA_001,68
TTCCAGCAGAGACCGCATGA_002,11
TTCCAGCAGAGACCGCATGA_003,122
TTCCAGCAGAGACCGCATGA_004,82
TTCCAGCAGAGACCGCATGA_005,98
TTCCAGCAGAGACCGCATGA_006,149
TTCCAGCAGAGACCGCATGA_007,163
TTCCAGCAGAGACCGCATGA_008,189
TTCCAGCAGAGACCGCATGA_009,88
TTCCAGCAGAGACCGCATGA_010,39
TTCCAGCAGAGACCGCATGA_011,121
TTCCAGCAGAGACCGCATGA_012,90
TTCCAGCAGAGACCGCATGA_013,174
TTCCAGCAGAGACCGCATGA_014,188
ACGCCAACAGAGTCCGTGTG_001,9
ACGCCAACAGAGTCCGTGTG_002,1
ACGCCAACAGAGTCCGTGTG_003,182
ACGCCAACAGAGTCCGTGTG_004,114
ACGCCAACAGAGTCCGTGTG_005,114
ACGCCAACAGAGTCCGTGTG_006,2
ACGCCAACAGAGTCCGTGTG_007,15
ACGCCAACAGAGTCCGTGTG_008,53
ACGCCAACAGAGTCCGTGTG_009,156
ACGCCAACAGAGTCCGTGTG_010,169
ACGCCAACAGAGTCCGTGTG_011,102
ACGCCAACAGAGTCCGTGTG_012,116
ACGCCAACAGAGTCCGTGTG_013,130
ACGCCAACAGAGTCCGTGTG_014,76
ACGCCAACAGAGTCCGTGTG_015,1
ACGCCAACAGAGTCCGTGTG_016,32
ACGCCAACAGAGTCCGTGTG_017,166
ACGCCAACAGAGTCCGTGTG_018,154
ACGCCAACAGAGTCCGTGTG_019,62
ACGCCAACAGAGTCCGTGTG_020,97
ACGCCAACAGAGTCCGTGTG_021,94
ACGCCAACAGAGTCCGTGTG_022,88
ACGCCAACAGAGTCCGTGTG_023,6
ACGCCAACAGAGTCCGTGTG_024,36
ACGCCAACAGAGTCCGTGTG_025,187
ACGCCAACAGAGTCCGTGTG_026,91
ACTCGGAGAAGAGCTTCATG_001,147
ACTCGGAGAAGAGCTTCATG_002,69
ACTCGGAGAAGAGCTTCATG_003,40
ACTCGGAGAAGAGCTTCATG_004,143
ACTCGGAGAAGAGCTTCATG_005,15
ACTCGGAGAAGAGCTTCATG_006,197
ACTCGGAGAAGAGCTTCATG_007,84
ACTCGGAGAAGAGCTTCATG_008,106
AAGATGATTTAAGTCAGACT_001,56
AAGATGATTTAAGTCAGACT_002,163
AAGATGATTTAAGTCAGACT_003,21
AAGATGATTTAAGTCAGACT_004,121
AAGATGATTTAAGTCAGACT_005,49
AAGATGATTTAAGTCAGACT_006,177
AAGATGATTTAAGTCAGACT_007,116
AAGATGATTTAAGTCAGACT_008,70
AAGATGATTTAAGTCAGACT_009,63
AAGATGATTTAAGTCAGACT_010,149
ACAAAATTTCAAGGTCGTGG_001,50
ACAAAATTTCAAGGTCGTGG_002,185
AAATTGAAATTGGAAAATGG_001,23
AAATTGAAATTGGAAAATGG_002,181
AAATTGAAATTGGAAAATGG_003,77
AAATTGAAATTGGAAAATGG_004,113
AAATTGAAATTGGAAAATGG_005,81
AAATTGAAATTGGAAAATGG_006,26
AAATTGAAATTGGAAAATGG_007,84
AAATTGAAATTGGAAAATGG_008,56
AAATTGAAATTGGAAAATGG_009,160
AAATTGAAATTGGAAAATGG_010,56
AAATTGAAATTGGAAAATGG_011,47
AAATTGAAATTGGAAAATGG_012,178
AAATTGAAATTGGAAAATGG_013,21
AAATTGAAATTGGAAAATGG_014,166
CCTGGCCCAAAGTCCCTGCT_001,147
CCTGGCCCAAAGTCCCTGCT_002,145
CCTGGCCCAAAGTCCCTGCT_003,127
CCTGGCCCAAAGTCCCTGCT_004,129
CCTGGCCCAAAGTCCCTGCT_005,130
CCTGGCCCAAAGTCCCTGCT_006,145
CCTGGCCCAAAGTCCCTGCT_007,52
CCTGGCCCAAAGTCCCTGCT_008,68
CCTGGCCCAAAGTCCCTGCT_009,113
CCTGGCCCAAAGTCCCTGCT_010,56
CCTGGCCCAAAGTCCCTGCT_011,83
CCTGGCCCAAAGTCCCTGCT_012,174
CCTGGCCCAAAGTCCCTGCT_013,50
CCTGGCCCAAAGTCCCTGCT_014,66
CCTGGCCCAAAGTCCCTGCT_015,169
CCTGGCCCAAAGTCCCTGCT_016,10
CCTGGCCCAAAGTCCCTGCT_017,50
CCTGGCCCAAAGTCCCTGCT_018,29
CCTGGCCCAAAGTCCCTGCT_019,162
CCTGGCCCAAAGTCCCTGCT_020,23
CCTGGCCCAAAGTCCCTGCT_021,184
CCTGGCCCAAAGTCCCTGCT_022,1
CCTGGCCCAAAGTCCCTGCT_023,70
CCTGGCCCAAAGTCCCTGCT_024,68
CCTGGCCCAAAGTCCCTGCT_025,13
CCTGGCCCAAAGTCCCTGCT_026,174
CCTGGCCCAAAGTCCCTGCT_027,193
CCTGGCCCAAAGTCCCTGCT_028,58
CCTGGCCCAAAGTCCCTGCT_029,36
CCTGGCCCAAAGTCCCTGCT_030,58
CCTGGCCCAAAGTCCCTGCT_031,102
CCTGGCCCAAAGTCCCTGCT_032,19
CCTGGCCCAAAGTCCCTGCT_033,134
CCTGGCCCAAAGTCCCTGCT_034,137
CCTGGCCCAAAGTCCCTGCT_035,45
CCTGGCCCAAAGTCCCTGCT_036,116
CCTGGCCCAAAGTCCCTGCT_037,145
CCTGGCCCAAAGTCCCTGCT_038,175
CCTGGCCCAAAGTCCCTGCT_039,175
CCTGGCCCAAAGTCCCTGCT_040,160
CCTGGCCCAAAGTCCCTGCT_041,122
CCTGGCCCAAAGTCCCTGCT_042,184
CCTGGCCCAAAGTCCCTGCT_043,179
CCTGGCCCAAAGTCCCTGCT_044,140
CCTGGCCCAAAGTCCCTGCT_045,50
CCTGGCCCAAAGTCCCTGCT_046,175
CCTGGCCCAAAGTCCCTGCT_047,188
CCTGGCCCAAAGTCCCTGCT_048,10
CCTGGCCCAAAGTCCCTGCT_049,175
CCTGGCCCAAAGTCCCTGCT_050,180
CCTGGCCCAAAGTCCCTGCT_051,47
GTAGACGCAGGCGTCCCGCG_001,77
GTAGACGCAGGCGTCCCGCG_002,91
GTAGACGCAGGCGTCCCGCG_003,105
GTAGACGCAGGCGTCCCGCG_004,101
GTAGACGCAGGCGTCCCGCG_005,146
GTAGACGCAGGCGTCCCGCG_006,20
GTAGACGCAGGCGTCCCGCG_007,92
GTAGACGCAGGCGTCCCGCG_008,46
GTAGACGCAGGCGTCCCGCG_009,68
GTAGACGCAGGCGTCCCGCG_010,116
GTAGACGCAGGCGTCCCGCG_011,74
TGCCAACGACGCCTTCCCGG_001,70
TGCCAACGACGCCTTCCCGG_002,23
TGCCAACGACGCCTTCCCGG_003,13
TGCCAACGACGCCTTCCCGG_004,55
TGCCAACGACGCCTTCCCGG_005,134
CTCCACGATCAGACGAGAGA_001,150
CTCCACGATCAGACGAGAGA_002,102
CTCCACGATCAGACGAGAGA_003,11
CTCCACGATCAGACGAGAGA_004,85
CTCCACGATCAGACGAGAGA_005,162
CTCCACGATCAGACGAGAGA_006,101
CTCCACGATCAGACGAGAGA_007,184
CTCCACGATCAGACGAGAGA_008,146
CTCCACGATCAGACGAGAGA_009,136
CTCCACGATCAGACGAGAGA_010,44
CTCCACGATCAGACGAGAGA_011,72
CTCCACGATCAGACGAGAGA_012,132
CTCCACGATCAGACGAGAGA_013,3
AGCAGGCTGTGGATCTCAGA_001,132
AGCAGGCTGTGGATCTCAGA_002,13
AGCAGGCTGTGGATCTCAGA_003,51
AGCAGGCTGTGGATCTCAGA_004,98
AGCAGGCTGTGGATCTCAGA_005,148
AGCAGGCTGTGGATCTCAGA_006,15
AGCAGGCTGTGGATCTCAGA_007,48
GTGGGCCCCTTTAACGAGGG_001,170
GTGGGCCCCTTTAACGAGGG_002,85
GTGGGCCCCTTTAACGAGGG_003,85
GTGGGCCCCTTTAACGAGGG_004,170
GTGGGCCCCTTTAACGAGGG_005,198
GTGGGCCCCTTTAACGAGGG_006,18
GTGGGCCCCTTTAACGAGGG_007,33
GTGGGCCCCTTTAACGAGGG_008,175
GTGGGCCCCTTTAACGAGGG_009,62
GTGGGCCCCTTTAACGAGGG_010,169
GTGGGCCCCTTTAACGAGGG_011,177
GTGGGCCCCTTTAACGAGGG_012,29
GTGGGCCCCTTTAACGAGGG_013,107
GTGGGCCCCTTTAACGAGGG_014,2
GTGGGCCCCTTTAACGAGGG_015,12
GTGGGCCCCTTTAACGAGGG_016,60
GTGGGCCCCTTTAACGAGGG_017,60
GTGGGCCCCTTTAACGAGGG_018,5
GTGGGCCCCTTTAACGAGGG_019,19
GTGGGCCCCTTTAACGAGGG_020,151
GTGGGCCCCTTTAACGAGGG_021,97
GTGGGCCCCTTTAACGAGGG_022,6
GGAACACGAAGACTATGCGG_001,102
GGAACACGAAGACTATGCGG_002,19
GGAACACGAAGACTATGCGG_003,4
GGAACACGAAGACTATGCGG_004,97
GGAACACGAAGACTATGCGG_005,147
GGAACACGAAGACTATGCGG_006,51
GGAACACGAAGACTATGCGG_007,70
GGAACACGAAGACTATGCGG_008,172
AGATGCTGATGAAGACAGTC_001,9
AGATGCTGATGAAGACAGTC_002,149
AGATGCTGATGAAGACAGTC_003,150
AGATGCTGATGAAGACAGTC_004,30
AGATGCTGATGAAGACAGTC_005,98
AGATGCTGATGAAGACAGTC_006,188
AGATGCTGATGAAGACAGTC_007,47
AGATGCTGATGAAGACAGTC_008,188
AGATGCTGATGAAGACAGTC_009,148
AGATGCTGATGAAGACAGTC_010,68
AGATGCTGATGAAGACAGTC_011,109
CATGGATATTTACTGTCCCG_001,41
CATGGATATTTACTGTCCCG_002,146
GCAGGGCTGAACGGCTACAA_001,97
GCAGGGCTGAACGGCTACAA_002,19
GCAGGGCTGAACGGCTACAA_003,56
GCAGGGCTGAACGGCTACAA_004,34
GCAGGGCTGAACGGCTACAA_005,7
GCAGGGCTGAACGGCTACAA_006,73
GCAGGGCTGAACGGCTACAA_007,102
GCAGGGCTGAACGGCTACAA_008,197
GCAGGGCTGAACGGCTACAA_009,15
GCAGGGCTGAACGGCTACAA_010,113
GCAGGGCTGAACGGCTACAA_011,106
GCAGGGCTGAACGGCTACAA_012,116
GCAGGGCTGAACGGCTACAA_013,25
GCAGGGCTGAACGGCTACAA_014,8
GCAGGGCTGAACGGCTACAA_015,175
GCAGGGCTGAACGGCTACAA_016,1
GCAGGGCTGAACGGCTACAA_017,56
GCAGGGCTGAACGGCTACAA_018,33
GCAGGGCTGAACGGCTACAA_019,107
GCAGGGCTGAACGGCTACAA_020,184
GCAGGGCTGAACGGCTACAA_021,65
GAAGATTATGTAATGGCGAG_001,106
GAAGATTATGTAATGGCGAG_002,149
GAAGATTATGTAATGGCGAG_003,177
GAAGATTATGTAATGGCGAG_004,1
TTGTGCGCAAAGGCAAACGT_001,144
TTGTGCGCAAAGGCAAACGT_002,127
TTGTGCGCAAAGGCAAACGT_003,77
TTGTGCGCAAAGGCAAACGT_004,48
TTGTGCGCAAAGGCAAACGT_005,41
TTGTGCGCAAAGGCAAACGT_006,52
TTGTGCGCAAAGGCAAACGT_007,163
TTGTGCGCAAAGGCAAACGT_008,120
TTGTGCGCAAAGGCAAACGT_009,156
TTGTGCGCAAAGGCAAACGT_010,0
TTGTGCGCAAAGGCAAACGT_011,127
TTGTGCGCAAAGGCAAACGT_012,153
TTGTGCGCAAAGGCAAACGT_013,57
TTGTGCGCAAAGGCAAACGT_014,84
TTGTGCGCAAAGGCAAACGT_015,50
TTGTGCGCAAAGGCAAACGT_016,19
TTGTGCGCAAAGGCAAACGT_017,94
TTGTGCGCAAAGGCAAACGT_018,75
TTGTGCGCAAAGGCAAACGT_019,104
TTGTGCGCAAAGGCAAACGT_020,123
TTGTGCGCAAAGGCAAACGT_021,45
GTACCACCCATTACCTATTG_001,49
GTACCACCCATTACCTATTG_002,168
GTACCACCCATTACCTATTG_003,106
GTACCACCCATTACCTATTG_004,106
GTACCACCCATTACCTATTG_005,48
GTACCACCCATTACCTATTG_006,185
GTACCACCCATTACCTATTG_007,12
GTACCACCCATTACCTATTG_008,43
GTACCACCCATTACCTATTG_009,19
GTACCACCCATTACCTATTG_010,59
GTACCACCCATTACCTATTG_011,3
GTACCACCCATTACCTATTG_012,146
GTACCACCCATTACCTATTG_013,58
GTACCACCCATTACCTATTG_014,145
GCAATGTGACAAGACGTTCG_001,62
GCAATGTGACAAGACGTTCG_002,144
GCAATGTGACAAGACGTTCG_003,133
GCAATGTGACAAGACGTTCG_004,29
GCAATGTGACAAGACGTTCG_005,105
GCAATGTGACAAGACGTTCG_006,48
GCAATGTGACAAGACGTTCG_007,23
GCAATGTGACAAGACGTTCG_008,27
GCAATGTGACAAGACGTTCG_009,96
GCAATGTGACAAGACGTTCG_010,5
GCAATGTGACAAGACGTTCG_011,62
GCAATGTGACAAGACGTTCG_012,65
GCAGACAGGCACATAACATC_001,83
GCAGACAGGCACATAACATC_002,198
GCAGACAGGCACATAACATC_003,77
GCAGACAGGCACATAACATC_004,77
GCAGACAGGCACATAACATC_005,127
GCAGACAGGCACATAACATC_006,161
GCAGACAGGCACATAACATC_007,169
GCAGACAGGCACATAACATC_008,48
GCAGACAGGCACATAACATC_009,197
GCAGACAGGCACATAACATC_010,168
GCAGACAGGCACATAACATC_011,84
GCAGACAGGCACATAACATC_012,146
GGCCCGAAGTAAGAGCACCA_001,67
CTAGGTACCTTAGCATTGAG_001,82
CTAGGTACCTTAGCATTGAG_002,127
CTAGGTACCTTAGCATTGAG_003,176
CTAGGTACCTTAGCATTGAG_004,148
CTAGGTACCTTAGCATTGAG_005,188
CTAGGTACCTTAGCATTGAG_006,21
CTAGGTACCTTAGCATTGAG_007,56
GTCCGTCTGAATATAGATGT_001,177
GTCCGTCTGAATATAGATGT_002,126
GTCCGTCTGAATATAGATGT_003,126
GTCCGTCTGAATATAGATGT_004,176
GTCCGTCTGAATATAGATGT_005,98
GTCCGTCTGAATATAGATGT_006,52
GTCCGTCTGAATATAGATGT_007,2
GTCCGTCTGAATATAGATGT_008,9
GTCCGTCTGAATATAGATGT_009,15
GTCCGTCTGAATATAGATGT_010,50
TGGGATTTGAAAACATGAGC_001,94
TGGGATTTGAAAACATGAGC_002,1
TGGGATTTGAAAACATGAGC_003,102
TGGGATTTGAAAACATGAGC_004,57
TAAAGTCATTGACTGTGTGG_001,12
TAAAGTCATTGACTGTGTGG_002,62
TAAAGTCATTGACTGTGTGG_003,14
TAAAGTCATTGACTGTGTGG_004,121
TAAAGTCATTGACTGTGTGG_005,62
TAAAGTCATTGACTGTGTGG_006,118
TAGTAAACCGACCCGGAGTG_001,78
TAGTAAACCGACCCGGAGTG_002,88
TAGTAAACCGACCCGGAGTG_003,78
TAGTAAACCGACCCGGAGTG_004,75
TAGTAAACCGACCCGGAGTG_005,169
TAGTAAACCGACCCGGAGTG_006,2
TAGTAAACCGACCCGGAGTG_007,147
TAGTAAACCGACCCGGAGTG_008,119
TAGTAAACCGACCCGGAGTG_009,147
TAGTAAACCGACCCGGAGTG_010,152
TAGTAAACCGACCCGGAGTG_011,26
TAGTAAACCGACCCGGAGTG_012,137
AGTAGCAGTGAGCGATCACT_001,34
AGTAGCAGTGAGCGATCACT_002,155
AGTAGCAGTGAGCGATCACT_003,10
CCCACCTGATGGGCGCACCG_001,199
CCCACCTGATGGGCGCACCG_002,117
CCCACCTGATGGGCGCACCG_003,96
CCCACCTGATGGGCGCACCG_004,94
CCCACCTGATGGGCGCACCG_005,108
CCCACCTGATGGGCGCACCG_006,136
TAAGGCCCAGGACAAATACC_001,33
TAAGGCCCAGGACAAATACC_002,144
TAAGGCCCAGGACAAATACC_003,98
TAAGGCCCAGGACAAATACC_004,185
TAAGGCCCAGGACAAATACC_005,60
TAAGGCCCAGGACAAATACC_006,169
TAAGGCCCAGGACAAATACC_007,193
TAAGGCCCAGGACAAATACC_008,138
TAAGGCCCAGGACAAATACC_009,56
TAAGGCCCAGGACAAATACC_010,174
TAAGGCCCAGGACAAATACC_011,113
TAAGGCCCAGGACAAATACC_012,19
TAAGGCCCAGGACAAATACC_013,186
TGTTGGATTGGACCTCGGAG_001,169
TGTTGGATTGGACCTCGGAG_002,12
TGTTGGATTGGACCTCGGAG_003,121
TGTTGGATTGGACCTCGGAG_004,160
TGTTGGATTGGACCTCGGAG_005,198
TGTTGGATTGGACCTCGGAG_006,6
TGTTGGATTGGACCTCGGAG_007,199
TGTTGGATTGGACCTCGGAG_008,199
AAAAGCGACAAAGTTCCAAA_001,56
AAAAGCGACAAAGTTCCAAA_002,56
AAAAGCGACAAAGTTCCAAA_003,172
AAAAGCGACAAAGTTCCAAA_004,88
AAAAGCGACAAAGTTCCAAA_005,72
AAAAGCGACAAAGTTCCAAA_006,147
AAAAGCGACAAAGTTCCAAA_007,130
TTGCACTCGAAGAGGATGGG_001,115
TTGCACTCGAAGAGGATGGG_002,127
TTGCACTCGAAGAGGATGGG_003,168
TTGCACTCGAAGAGGATGGG_004,116
TTGCACTCGAAGAGGATGGG_005,50
TTGCACTCGAAGAGGATGGG_006,126
TTGCACTCGAAGAGGATGGG_007,185
TTGCACTCGAAGAGGATGGG_008,15
TTGCACTCGAAGAGGATGGG_009,3
TTGCACTCGAAGAGGATGGG_010,199
GCGAGCGCGACCCTACCTGG_001,181
GCGAGCGCGACCCTACCTGG_002,175
GCGAGCGCGACCCTACCTGG_003,35
GCGAGCGCGACCCTACCTGG_004,34
GCGAGCGCGACCCTACCTGG_005,14
GCGAGCGCGACCCTACCTGG_006,148
GCGAGCGCGACCCTACCTGG_007,35
GCGAGCGCGACCCTACCTGG_008,17
GCGAGCGCGACCCTACCTGG_009,9
AGGTCTGCGGGGTTTCCGAG_001,197
AGGTCTGCGGGGTTTCCGAG_002,51
AGGTCTGCGGGGTTTCCGAG_003,179
AGGTCTGCGGGGTTTCCGAG_004,118
AGGTCTGCGGGGTTTCCGAG_005,162
AGGTCTGCGGGGTTTCCGAG_006,14
AGGTCTGCGGGGTTTCCGAG_007,170
AGGTCTGCGGGGTTTCCGAG_008,2
AGGTCTGCGGGGTTTCCGAG_009,60
AGGTCTGCGGGGTTTCCGAG_010,130
CCTGGACCTAACATGTCTCA_001,177
GGATGCTAGGGTTGTCGGTG_001,29
GGATGCTAGGGTTGTCGGTG_002,4
GGATGCTAGGGTTGTCGGTG_003,30
GGATGCTAGGGTTGTCGGTG_004,83
GGATGCTAGGGTTGTCGGTG_005,67
GGATGCTAGGGTTGTCGGTG_006,141
GGATGCTAGGGTTGTCGGTG_007,105
GGATGCTAGGGTTGTCGGTG_008,139
GGATGCTAGGGTTGTCGGTG_009,52
GGATGCTAGGGTTGTCGGTG_010,188
GGATGCTAGGGTTGTCGGTG_011,173
GGATGCTAGGGTTGTCGGTG_012,173
GGATGCTAGGGTTGTCGGTG_013,10
GGATGCTAGGGTTGTCGGTG_014,188
GGATGCTAGGGTTGTCGGTG_015,177
GAAGGCAACAGTGTCCCATG_001,94
GAAGGCAACAGTGTCCCATG_002,108
GAAGGCAACAGTGTCCCATG_003,113
GAAGGCAACAGTGTCCCATG_004,141
GAAGGCAACAGTGTCCCATG_005,29
GAAGGCAACAGTGTCCCATG_006,2
GAAGGCAACAGTGTCCCATG_007,167
GAAGGCAACAGTGTCCCATG_008,157
GAAGGCAACAGTGTCCCATG_009,152
GAAGGCAACAGTGTCCCATG_010,38
TCGAGGACTAAGTCCCTGTT_001,34
TCGAGGACTAAGTCCCTGTT_002,6
TCGAGGACTAAGTCCCTGTT_003,92
TCGAGGACTAAGTCCCTGTT_004,149
TCGAGGACTAAGTCCCTGTT_005,50
TCGAGGACTAAGTCCCTGTT_006,142
TCGAGGACTAAGTCCCTGTT_007,90
TCGAGGACTAAGTCCCTGTT_008,60
ACTGCGTCAGGGAAGACGCG_001,32
ACTGCGTCAGGGAAGACGCG_002,156
ACTGCGTCAGGGAAGACGCG_003,12
ACTGCGTCAGGGAAGACGCG_004,28
ACTGCGTCAGGGAAGACGCG_005,169
CTTCATCTACAACGGGCGCG_001,9
CTTCATCTACAACGGGCGCG_002,173
ATTATTCAGTGACGTTGCAC_001,147
ATTATTCAGTGACGTTGCAC_002,63
CTGCAGAGAAGTCATTCATG_001,58
GGATTGAACGAAGCACACGA_001,46
GGATTGAACGAAGCACACGA_002,150
GGATTGAACGAAGCACACGA_003,115
GGATTGAACGAAGCACACGA_004,27
GGATTGAACGAAGCACACGA_005,116
GGATTGAACGAAGCACACGA_006,94
GGATTGAACGAAGCACACGA_007,52
GGATTGAACGAAGCACACGA_008,115
GGATTGAACGAAGCACACGA_009,41
GGATTGAACGAAGCACACGA_010,162
GGATTGAACGAAGCACACGA_011,127
GGATTGAACGAAGCACACGA_012,163
GGATTGAACGAAGCACACGA_013,194
GGATTGAACGAAGCACACGA_014,29
GGATTGAACGAAGCACACGA_015,146
GGATTGAACGAAGCACACGA_016,42
GGATTGAACGAAGCACACGA_017,144
TCGGGACAGTCGTTCCCCAG_001,48
TCGGGACAGTCGTTCCCCAG_002,156
TCGGGACAGTCGTTCCCCAG_003,197
TCGGGACAGTCGTTCCCCAG_004,141
TCGGGACAGTCGTTCCCCAG_005,58
TCGGGACAGTCGTTCCCCAG_006,113
TCGGGACAGTCGTTCCCCAG_007,16
TCGGGACAGTCGTTCCCCAG_008,141
TCGGGACAGTCGTTCCCCAG_009,68
TCGGGACAGTCGTTCCCCAG_010,28
AGGAATCAGGGTCACATACG_001,77
AGGAATCAGGGTCACATACG_002,19
AGGAATCAGGGTCACATACG_003,59
AGGAATCAGGGTCACATACG_004,40
AGGAATCAGGGTCACATACG_005,124
AGGAATCAGGGTCACATACG_006,115
TGGCCAAGGATGTCTTGAAG_001,2
TGGCCGATTGGTAATCCTGG_001,48
TGGCCGATTGGTAATCCTGG_002,17
TGGCCGATTGGTAATCCTGG_003,166
TGGCCGATTGGTAATCCTGG_004,159
TGGCCGATTGGTAATCCTGG_005,42
TGGCCGATTGGTAATCCTGG_006,17
TGGCCGATTGGTAATCCTGG_007,135
TGGCCGATTGGTAATCCTGG_008,65
TGGCCGATTGGTAATCCTGG_009,162
TGGCCGATTGGTAATCCTGG_010,80
CAGACGATGAGGATGTAGTG_001,1
CAGACGATGAGGATGTAGTG_002,137
CAGACGATGAGGATGTAGTG_003,96
CAGACGATGAGGATGTAGTG_004,63
CAGACGATGAGGATGTAGTG_005,42
CAGACGATGAGGATGTAGTG_006,66
GGCTAACAAGGACTGCCCTG_001,137
GGCTAACAAGGACTGCCCTG_002,137
GGCTAACAAGGACTGCCCTG_003,77
GGCTAACAAGGACTGCCCTG_004,188
GGCTAACAAGGACTGCCCTG_005,61
GGCTAACAAGGACTGCCCTG_006,9
ACAGCAGTTCTGTGATGACC_001,5
CAATTAAATCCTGTTCACCT_001,77
CAATTAAATCCTGTTCACCT_002,58
CAATTAAATCCTGTTCACCT_003,106
CAATTAAATCCTGTTCACCT_004,169
CAATTAAATCCTGTTCACCT_005,188
CAATTAAATCCTGTTCACCT_006,147
CAATTAAATCCTGTTCACCT_007,69
GAAGCTCACTAAGCTTGCCA_001,188
GAAGCTCACTAAGCTTGCCA_002,169
GAAGCTCACTAAGCTTGCCA_003,107
GAAGCTCACTAAGCTTGCCA_004,91
GAAGCTCACTAAGCTTGCCA_005,178
GAAGCTCACTAAGCTTGCCA_006,191
GAAGCTCACTAAGCTTGCCA_007,117
GAAGCTCACTAAGCTTGCCA_008,97
GAAGCTCACTAAGCTTGCCA_009,1
GAAGCTCACTAAGCTTGCCA_010,177
GAAGCTCACTAAGCTTGCCA_011,67
GAAGCTCACTAAGCTTGCCA_012,1
GAAGCTCACTAAGCTTGCCA_013,1
GAAGCTCACTAAGCTTGCCA_014,81
GAAGCTCACTAAGCTTGCCA_015,121
GAAGCTCACTAAGCTTGCCA_016,129
GAAGCTCACTAAGCTTGCCA_017,121
AAAGCCAAAGAGGCTCAGTG_001,75
AAAGCCAAAGAGGCTCAGTG_002,178
AAAGCCAAAGAGGCTCAGTG_003,175
AAAGCCAAAGAGGCTCAGTG_004,133
AAAGCCAAAGAGGCTCAGTG_005,120
AAAGCCAAAGAGGCTCAGTG_006,170
AAAGCCAAAGAGGCTCAGTG_007,134
AAAGCCAAAGAGGCTCAGTG_008,19
AAAGCCAAAGAGGCTCAGTG_009,175
AAAGCCAAAGAGGCTCAGTG_010,160
AAAGCCAAAGAGGCTCAGTG_011,169
AAAGCCAAAGAGGCTCAGTG_012,58
AAAGCCAAAGAGGCTCAGTG_013,178
AAAGCCAAAGAGGCTCAGTG_014,17
AAAGCCAAAGAGGCTCAGTG_015,49
AAAGCCAAAGAGGCTCAGTG_016,28
AAAGCCAAAGAGGCTCAGTG_017,62
AAAGCCAAAGAGGCTCAGTG_018,49
AAAGCCAAAGAGGCTCAGTG_019,68
AAAGCCAAAGAGGCTCAGTG_020,62
AAAGCCAAAGAGGCTCAGTG_021,138
AAAGCCAAAGAGGCTCAGTG_022,142
AAAGCCAAAGAGGCTCAGTG_023,147
AAAGCCAAAGAGGCTCAGTG_024,166
AAAGCCAAAGAGGCTCAGTG_025,6
AAAGCCAAAGAGGCTCAGTG_026,135
AAAGCCAAAGAGGCTCAGTG_027,137
TCTGATACCTGCTCTCCTTG_001,150
TCTGATACCTGCTCTCCTTG_002,185
TCTGATACCTGCTCTCCTTG_003,35
TCTGATACCTGCTCTCCTTG_004,143
TCTGATACCTGCTCTCCTTG_005,24
TCTGATACCTGCTCTCCTTG_006,170
TCTGATACCTGCTCTCCTTG_007,20
TCTGATACCTGCTCTCCTTG_008,69
ATAATGGAAGTGCGAGACAT_001,183
ATAATGGAAGTGCGAGACAT_002,34
ATAATGGAAGTGCGAGACAT_003,65
ATAATGGAAGTGCGAGACAT_004,38
ATAATGGAAGTGCGAGACAT_005,70
ATAATGGAAGTGCGAGACAT_006,41
ATAATGGAAGTGCGAGACAT_007,48
ATAATGGAAGTGCGAGACAT_008,103
ATAATGGAAGTGCGAGACAT_009,191
ATAATGGAAGTGCGAGACAT_010,77
ATAATGGAAGTGCGAGACAT_011,80
ATAATGGAAGTGCGAGACAT_012,10
CATGGGAATACGGATAGCCA_001,48
CATGGGAATACGGATAGCCA_002,69
CATGGGAATACGGATAGCCA_003,134
CATGGGAATACGGATAGCCA_004,188
CATGGGAATACGGATAGCCA_005,15
CATGGGAATACGGATAGCCA_006,107
CATGGGAATACGGATAGCCA_007,46
CATGGGAATACGGATAGCCA_008,50
CATGGGAATACGGATAGCCA_009,146
CATGGGAATACGGATAGCCA_010,118
CATGGGAATACGGATAGCCA_011,57
ATTACGGCTTATCACCTGAT_001,100
ATTACGGCTTATCACCTGAT_002,183
ATTACGGCTTATCACCTGAT_003,186
ATTACGGCTTATCACCTGAT_004,138
CTGCAGCATTTATGCCCCTG_001,66
CTGCAGCATTTATGCCCCTG_002,180
CTGCAGCATTTATGCCCCTG_003,50
CTGCAGCATTTATGCCCCTG_004,22
CTGCAGCATTTATGCCCCTG_005,58
TGGCCGTGGAGAGCACCATG_001,185
TGGCCGTGGAGAGCACCATG_002,172
TGGCCGTGGAGAGCACCATG_003,57
TGGCCGTGGAGAGCACCATG_004,196
TGGCCGTGGAGAGCACCATG_005,97
TGGCCGTGGAGAGCACCATG_006,60
TGGCCGTGGAGAGCACCATG_007,198
TGGCCGTGGAGAGCACCATG_008,193
TGGCCGTGGAGAGCACCATG_009,179
TGGCCGTGGAGAGCACCATG_010,151
TGGCCGTGGAGAGCACCATG_011,145
TGGCCGTGGAGAGCACCATG_012,108
TGGCCGTGGAGAGCACCATG_013,135
TGGCCGTGGAGAGCACCATG_014,58
TGGCCGTGGAGAGCACCATG_015,4
TGGCCGTGGAGAGCACCATG_016,162
TGGCCGTGGAGAGCACCATG_017,9
TGGCCGTGGAGAGCACCATG_018,102
TGGCCGTGGAGAGCACCATG_019,98
TGGCCGTGGAGAGCACCATG_020,27
TGGCCGTGGAGAGCACCATG_021,6
TGGCCGTGGAGAGCACCATG_022,178
TGGCCGTGGAGAGCACCATG_023,162
TGGCCGTGGAGAGCACCATG_024,20
CAGGTCCCACAACCGCAGCG_001,127
CAGGTCCCACAACCGCAGCG_002,116
CAGGTCCCACAACCGCAGCG_003,170
CAGGTCCCACAACCGCAGCG_004,9
CAGGTCCCACAACCGCAGCG_005,56
CAGGTCCCACAACCGCAGCG_006,154
CAGGTCCCACAACCGCAGCG_007,12
CAGGTCCCACAACCGCAGCG_008,50
CAGGTCCCACAACCGCAGCG_009,184
CAGGTCCCACAACCGCAGCG_010,56
CAGGTCCCACAACCGCAGCG_011,94
CAGGTCCCACAACCGCAGCG_012,44
CAGGTCCCACAACCGCAGCG_013,184
CAGGTCCCACAACCGCAGCG_014,148
CAGGTCCCACAACCGCAGCG_015,50
CAGGTCCCACAACCGCAGCG_016,147
CAGGTCCCACAACCGCAGCG_017,20
CAGGTCCCACAACCGCAGCG_018,56
CAGGTCCCACAACCGCAGCG_019,161
CAGGTCCCACAACCGCAGCG_020,138
CAGGTCCCACAACCGCAGCG_021,142
CAGGTCCCACAACCGCAGCG_022,116
CAGGTCCCACAACCGCAGCG_023,10
CAGGTCCCACAACCGCAGCG_024,34
CAGGTCCCACAACCGCAGCG_025,29
CAGGTCCCACAACCGCAGCG_026,91
CAGGTCCCACAACCGCAGCG_027,22
CAGGTCCCACAACCGCAGCG_028,91
ACAGTGTATACACAAAAGTG_001,91
ACAGTGTATACACAAAAGTG_002,186
ACAGTGTATACACAAAAGTG_003,147
ACAGTGTATACACAAAAGTG_004,144
ACAGTGTATACACAAAAGTG_005,36
ACAGTGTATACACAAAAGTG_006,161
ACAGTGTATACACAAAAGTG_007,130
ACAGTGTATACACAAAAGTG_008,99
ACAGTGTATACACAAAAGTG_009,115
GAGCAGACAAAGGTCATCGC_001,150
GAGCAGACAAAGGTCATCGC_002,133
GAGCAGACAAAGGTCATCGC_003,45
GAGCAGACAAAGGTCATCGC_004,157
GAGCAGACAAAGGTCATCGC_005,83
GAGCAGACAAAGGTCATCGC_006,171
GAGCAGACAAAGGTCATCGC_007,198
GAGCAGACAAAGGTCATCGC_008,182
GAGCAGACAAAGGTCATCGC_009,15
GAGCAGACAAAGGTCATCGC_010,91
GAGCAGACAAAGGTCATCGC_011,193
GAGCAGACAAAGGTCATCGC_012,192
GAGCAGACAAAGGTCATCGC_013,177
GAGCAGACAAAGGTCATCGC_014,177
GAGCAGACAAAGGTCATCGC_015,116
GAGCAGACAAAGGTCATCGC_016,15
GAGCAGACAAAGGTCATCGC_017,50
GAGCAGACAAAGGTCATCGC_018,153
GAGCAGACAAAGGTCATCGC_019,161
CAGCGCCTTCCGCTGCACGT_001,42
CAGCGCCTTCCGCTGCACGT_002,103
CAGCGCCTTCCGCTGCACGT_003,77
CAGCGCCTTCCGCTGCACGT_004,50
CAGCGCCTTCCGCTGCACGT_005,76
CAGCGCCTTCCGCTGCACGT_006,17
CAGCGCCTTCCGCTGCACGT_007,25
CAGCGCCTTCCGCTGCACGT_008,162
CAGCGCCTTCCGCTGCACGT_009,103
CAGCGCCTTCCGCTGCACGT_010,146
CAGCGCCTTCCGCTGCACGT_011,94
CAGCGCCTTCCGCTGCACGT_012,132
AGCATGTGGTACTTACTGGG_001,77
AGCATGTGGTACTTACTGGG_002,40
AGCATGTGGTACTTACTGGG_003,19
AGCATGTGGTACTTACTGGG_004,151
AGCATGTGGTACTTACTGGG_005,95
AGCATGTGGTACTTACTGGG_006,125
AGCATGTGGTACTTACTGGG_007,118
AGCATGTGGTACTTACTGGG_008,137
AGCATGTGGTACTTACTGGG_009,170
AGCATGTGGTACTTACTGGG_010,141
AGCATGTGGTACTTACTGGG_011,141
AGCGGCGGGTGATCATATCG_001,8
AGCGGCGGGTGATCATATCG_002,88
AGCGGCGGGTGATCATATCG_003,19
AGCGGCGGGTGATCATATCG_004,43
AGCGGCGGGTGATCATATCG_005,166
AGCGGCGGGTGATCATATCG_006,3
AGCGGCGGGTGATCATATCG_007,81
AGACGTTGAAGAAACGAAAG_001,156
CTGCCAGAACAGTCAATCCG_001,181
CTGCCAGAACAGTCAATCCG_002,106
CTGCCAGAACAGTCAATCCG_003,199
CTGCCAGAACAGTCAATCCG_004,22
CTGCCAGAACAGTCAATCCG_005,10
CTGCCAGAACAGTCAATCCG_006,153
CTGCCAGAACAGTCAATCCG_007,19
CTGCCAGAACAGTCAATCCG_008,184
CTGCCAGAACAGTCAATCCG_009,163
CTGCCAGAACAGTCAATCCG_010,117
CTGCCAGAACAGTCAATCCG_011,170
CTGCCAGAACAGTCAATCCG_012,50
CTGCCAGAACAGTCAATCCG_013,36
CTGCCAGAACAGTCAATCCG_014,83
CTGCCAGAACAGTCAATCCG_015,185
CTGCCAGAACAGTCAATCCG_016,9
CTGCCAGAACAGTCAATCCG_017,181
CTGCCAGAACAGTCAATCCG_018,168
CTGCCAGAACAGTCAATCCG_019,91
CTGCCAGAACAGTCAATCCG_020,164
CTGCCAGAACAGTCAATCCG_021,164
TCGGCCAACTTTGATGCGAG_001,163
TCGGCCAACTTTGATGCGAG_002,127
TCGGCCAACTTTGATGCGAG_003,84
TCGGCCAACTTTGATGCGAG_004,17
TCGGCCAACTTTGATGCGAG_005,186
TCGGCCAACTTTGATGCGAG_006,193
TCGGCCAACTTTGATGCGAG_007,81
TCGGCCAACTTTGATGCGAG_008,81
TCGGCCAACTTTGATGCGAG_009,43
TCGGCCAACTTTGATGCGAG_010,66
GCACATCCGTGTCCAAGGGG_001,188
GCACATCCGTGTCCAAGGGG_002,188
GCACATCCGTGTCCAAGGGG_003,55
GCACATCCGTGTCCAAGGGG_004,29
GCACATCCGTGTCCAAGGGG_005,83
GCACATCCGTGTCCAAGGGG_006,148
GCACATCCGTGTCCAAGGGG_007,142
GCACATCCGTGTCCAAGGGG_008,52
ACAACCCAGACAAGGTGTGT_001,92
ACAACCCAGACAAGGTGTGT_002,106
ACAACCCAGACAAGGTGTGT_003,106
ACAACCCAGACAAGGTGTGT_004,94
ACAACCCAGACAAGGTGTGT_005,100
ACAACCCAGACAAGGTGTGT_006,157
ACAACCCAGACAAGGTGTGT_007,188
ACAACCCAGACAAGGTGTGT_008,36
ACAACCCAGACAAGGTGTGT_009,191
ACAACCCAGACAAGGTGTGT_010,82
ACAACCCAGACAAGGTGTGT_011,121
ACAACCCAGACAAGGTGTGT_012,104
ACAACCCAGACAAGGTGTGT_013,184
ACAACCCAGACAAGGTGTGT_014,48
ACAACCCAGACAAGGTGTGT_015,1
ACAACCCAGACAAGGTGTGT_016,183
ACAACCCAGACAAGGTGTGT_017,133
ACAACCCAGACAAGGTGTGT_018,103
ACAACCCAGACAAGGTGTGT_019,168
ACAACCCAGACAAGGTGTGT_020,43
CTGCCTCATAGTCCGGTCGT_001,144
CTGCCTCATAGTCCGGTCGT_002,43
CTGCCTCATAGTCCGGTCGT_003,98
CTGCCTCATAGTCCGGTCGT_004,147
CTGCCTCATAGTCCGGTCGT_005,118
CTGCCTCATAGTCCGGTCGT_006,0
GATGCCTCACCCTGAGACAA_001,32
GATGCCTCACCCTGAGACAA_002,16
GATGCCTCACCCTGAGACAA_003,42
GATGCCTCACCCTGAGACAA_004,53
GATGCCTCACCCTGAGACAA_005,23
GATGCCTCACCCTGAGACAA_006,151
GATGCCTCACCCTGAGACAA_007,29
GATGCCTCACCCTGAGACAA_008,137
GATGCCTCACCCTGAGACAA_009,89
GATGCCTCACCCTGAGACAA_010,161
GATGCCTCACCCTGAGACAA_011,183
GATGCCTCACCCTGAGACAA_012,8
GATGCCTCACCCTGAGACAA_013,144
GATGCCTCACCCTGAGACAA_014,81
GATGCCTCACCCTGAGACAA_015,15
TGAGAAACTGAAACTCTCCG_001,162
TGAGAAACTGAAACTCTCCG_002,158
TGAGAAACTGAAACTCTCCG_003,56
TGAGAAACTGAAACTCTCCG_004,56
TGAGAAACTGAAACTCTCCG_005,76
TGAGAAACTGAAACTCTCCG_006,133
TGAGAAACTGAAACTCTCCG_007,94
TGAGAAACTGAAACTCTCCG_008,4
ATTGTAGACATGGTAAGGAA_001,150
ATTGTAGACATGGTAAGGAA_002,60
ATTGTAGACATGGTAAGGAA_003,130
ATTGTAGACATGGTAAGGAA_004,68
ATTGTAGACATGGTAAGGAA_005,138
ATTGTAGACATGGTAAGGAA_006,13
ATTGTAGACATGGTAAGGAA_007,146
ATTGTAGACATGGTAAGGAA_008,123
ATTGTAGACATGGTAAGGAA_009,52
ATTGTAGACATGGTAAGGAA_010,15
ATTGTAGACATGGTAAGGAA_011,67
ATTGTAGACATGGTAAGGAA_012,94
ATTGTAGACATGGTAAGGAA_013,49
ATTGTAGACATGGTAAGGAA_014,106
ATTGTAGACATGGTAAGGAA_015,182
ATTGTAGACATGGTAAGGAA_016,8
ATTGTAGACATGGTAAGGAA_017,80
ATTGTAGACATGGTAAGGAA_018,138
ATTGTAGACATGGTAAGGAA_019,13
TCTGTGAGTTCTGCACCGAG_001,155
GATGAACTACCCCGGGCAGA_001,70
GATGAACTACCCCGGGCAGA_002,60
GATGAACTACCCCGGGCAGA_003,67
GATGAACTACCCCGGGCAGA_004,48
GATGAACTACCCCGGGCAGA_005,56
GATGAACTACCCCGGGCAGA_006,116
GATGAACTACCCCGGGCAGA_007,179
GATGAACTACCCCGGGCAGA_008,73
GATGAACTACCCCGGGCAGA_009,187
ATCTGTGTGACTGCGGTCGG_001,135
ATCTGTGTGACTGCGGTCGG_002,26
ATCTGTGTGACTGCGGTCGG_003,12
ATCTGTGTGACTGCGGTCGG_004,113
ATCTGTGTGACTGCGGTCGG_005,113
ATCTGTGTGACTGCGGTCGG_006,127
ATCTGTGTGACTGCGGTCGG_007,178
ATCTGTGTGACTGCGGTCGG_008,6
ATCTGTGTGACTGCGGTCGG_009,60
ATCTGTGTGACTGCGGTCGG_010,22
ATCTGTGTGACTGCGGTCGG_011,58
ATCTGTGTGACTGCGGTCGG_012,103
ATCTGTGTGACTGCGGTCGG_013,76
ATCTGTGTGACTGCGGTCGG_014,62
ATCTGTGTGACTGCGGTCGG_015,114
ATCTGTGTGACTGCGGTCGG_016,60
ATCTGTGTGACTGCGGTCGG_017,175
ATCTGTGTGACTGCGGTCGG_018,178
ATCTGTGTGACTGCGGTCGG_019,27
ATCTGTGTGACTGCGGTCGG_020,139
ATCTGTGTGACTGCGGTCGG_021,73
ATCTGTGTGACTGCGGTCGG_022,77
ATCTGTGTGACTGCGGTCGG_023,185
ATCTGTGTGACTGCGGTCGG_024,55
ATCTGTGTGACTGCGGTCGG_025,81
ATCTGTGTGACTGCGGTCGG_026,188
ATCTGTGTGACTGCGGTCGG_027,80
ATCTGTGTGACTGCGGTCGG_028,177
ATCTGTGTGACTGCGGTCGG_029,198
ATCTGTGTGACTGCGGTCGG_030,29
ATCTGTGTGACTGCGGTCGG_031,135
ATCTGTGTGACTGCGGTCGG_032,175
ATCTGTGTGACTGCGGTCGG_033,79
ATCTGTGTGACTGCGGTCGG_034,27
ATCTGTGTGACTGCGGTCGG_035,148
ATCTGTGTGACTGCGGTCGG_036,100
ATCTGTGTGACTGCGGTCGG_037,178
ATCTGTGTGACTGCGGTCGG_038,146
ATCTGTGTGACTGCGGTCGG_039,29
ATCTGTGTGACTGCGGTCGG_040,119
ATCTGTGTGACTGCGGTCGG_041,48
ATCTGTGTGACTGCGGTCGG_042,69
ATCTGTGTGACTGCGGTCGG_043,150
ATCTGTGTGACTGCGGTCGG_044,129
ATCTGTGTGACTGCGGTCGG_045,76
ATCTGTGTGACTGCGGTCGG_046,76
ATCTGTGTGACTGCGGTCGG_047,48
ATCTGTGTGACTGCGGTCGG_048,60
ATCTGTGTGACTGCGGTCGG_049,162
ATCTGTGTGACTGCGGTCGG_050,64
ATCTGTGTGACTGCGGTCGG_051,102
ATCTGTGTGACTGCGGTCGG_052,5
ATCTGTGTGACTGCGGTCGG_053,171
ATCTGTGTGACTGCGGTCGG_054,118
ATCTGTGTGACTGCGGTCGG_055,13
ATCTGTGTGACTGCGGTCGG_056,141
ATCTGTGTGACTGCGGTCGG_057,98
ATCTGTGTGACTGCGGTCGG_058,49
ATCTGTGTGACTGCGGTCGG_059,128
ATCTGTGTGACTGCGGTCGG_060,19
ATCTGTGTGACTGCGGTCGG_061,10
ATCTGTGTGACTGCGGTCGG_062,25
ATCTGTGTGACTGCGGTCGG_063,138
ATCTGTGTGACTGCGGTCGG_064,157
ATCTGTGTGACTGCGGTCGG_065,3
ATCTGTGTGACTGCGGTCGG_066,179
ATCTGTGTGACTGCGGTCGG_067,10
TCATCCACAACGCGGACGAG_001,14
TCATCCACAACGCGGACGAG_002,191
TCATCCACAACGCGGACGAG_003,114
TCATCCACAACGCGGACGAG_004,104
TCATCCACAACGCGGACGAG_005,78
TCATCCACAACGCGGACGAG_006,67
TCATCCACAACGCGGACGAG_007,83
TCATCCACAACGCGGACGAG_008,23
TCATCCACAACGCGGACGAG_009,24
TCATCCACAACGCGGACGAG_010,113
TCATCCACAACGCGGACGAG_011,8
TCATCCACAACGCGGACGAG_012,48
TCATCCACAACGCGGACGAG_013,52
AGACCCATGCTAGCATCAGT_001,184
AGACCCATGCTAGCATCAGT_002,78
AGACCCATGCTAGCATCAGT_003,183
AGACCCATGCTAGCATCAGT_004,6
AGACCCATGCTAGCATCAGT_005,80
AGACCCATGCTAGCATCAGT_006,161
AGACCCATGCTAGCATCAGT_007,134
AGACCCATGCTAGCATCAGT_008,169
AGACCCATGCTAGCATCAGT_009,35
AGACCCATGCTAGCATCAGT_010,111
AGACCCATGCTAGCATCAGT_011,47
AGACCCATGCTAGCATCAGT_012,16
AGACCCATGCTAGCATCAGT_013,120
AGACCCATGCTAGCATCAGT_014,150
AGACCCATGCTAGCATCAGT_015,150
AGACCCATGCTAGCATCAGT_016,180
AGACCCATGCTAGCATCAGT_017,106
AGACCCATGCTAGCATCAGT_018,106
AGACCCATGCTAGCATCAGT_019,84
AGACCCATGCTAGCATCAGT_020,178
AGACCCATGCTAGCATCAGT_021,153
AGACCCATGCTAGCATCAGT_022,10
AGACCCATGCTAGCATCAGT_023,22
AGACCCATGCTAGCATCAGT_024,81
ACTTCTTATTACTTTAGCTG_001,169
ACTTCTTATTACTTTAGCTG_002,49
ACTTCTTATTACTTTAGCTG_003,124
AGAAGGCGTTTGCTGAAGCA_001,115
AGAAGGCGTTTGCTGAAGCA_002,69
AGAAGGCGTTTGCTGAAGCA_003,163
AGAAGGCGTTTGCTGAAGCA_004,27
AGAAGGCGTTTGCTGAAGCA_005,52
AGAAGGCGTTTGCTGAAGCA_006,89
AGAAGGCGTTTGCTGAAGCA_007,72
AGAAGGCGTTTGCTGAAGCA_008,70
AGAAGGCGTTTGCTGAAGCA_009,78
AGAAGGCGTTTGCTGAAGCA_010,178
AGAAGGCGTTTGCTGAAGCA_011,80
GAGTTCAGGAAGCGAGACCG_001,40
GAGTTCAGGAAGCGAGACCG_002,19
GAGTTCAGGAAGCGAGACCG_003,105
GAGTTCAGGAAGCGAGACCG_004,141
GAGTTCAGGAAGCGAGACCG_005,127
GAGTTCAGGAAGCGAGACCG_006,8
GAGTTCAGGAAGCGAGACCG_007,129
GAGTTCAGGAAGCGAGACCG_008,141
GAGTTCAGGAAGCGAGACCG_009,68
GAGTTCAGGAAGCGAGACCG_010,17
GAGTTCAGGAAGCGAGACCG_011,104
GAGTTCAGGAAGCGAGACCG_012,159
GAGTTCAGGAAGCGAGACCG_013,148
GAGTTCAGGAAGCGAGACCG_014,47
GAGTTCAGGAAGCGAGACCG_015,97
TTATACAAGAAAAGTCACAT_001,36
TTATACAAGAAAAGTCACAT_002,28
TTATACAAGAAAAGTCACAT_003,43
TTATACAAGAAAAGTCACAT_004,170
TTATACAAGAAAAGTCACAT_005,149
TTATACAAGAAAAGTCACAT_006,158
TTATACAAGAAAAGTCACAT_007,84
TTATACAAGAAAAGTCACAT_008,50
TTATACAAGAAAAGTCACAT_009,98
TTATACAAGAAAAGTCACAT_010,181
TTATACAAGAAAAGTCACAT_011,63
TTATACAAGAAAAGTCACAT_012,56
GGCTGCAGGCCCACTCAATG_001,50
GGCTGCAGGCCCACTCAATG_002,184
GGCTGCAGGCCCACTCAATG_003,141
GGCTGCAGGCCCACTCAATG_004,88
GGCTGCAGGCCCACTCAATG_005,30
GGCTGCAGGCCCACTCAATG_006,132
GGCTGCAGGCCCACTCAATG_007,194
GGCTGCAGGCCCACTCAATG_008,197
GGCTGCAGGCCCACTCAATG_009,137
GGCTGCAGGCCCACTCAATG_010,76
CCACGCGGACAAGTTAGGTG_001,81
CCACGCGGACAAGTTAGGTG_002,157
CCACGCGGACAAGTTAGGTG_003,117
CCACGCGGACAAGTTAGGTG_004,146
CCACGCGGACAAGTTAGGTG_005,140
CCACGCGGACAAGTTAGGTG_006,128
CCACGCGGACAAGTTAGGTG_007,86
CCACGCGGACAAGTTAGGTG_008,88
CCACGCGGACAAGTTAGGTG_009,168
CCACGCGGACAAGTTAGGTG_010,120
CCACGCGGACAAGTTAGGTG_011,38
CCACGCGGACAAGTTAGGTG_012,82
CCACGCGGACAAGTTAGGTG_013,129
CCACGCGGACAAGTTAGGTG_014,50
CCACGCGGACAAGTTAGGTG_015,39
CCACGCGGACAAGTTAGGTG_016,63
CCACGCGGACAAGTTAGGTG_017,63
CCACGCGGACAAGTTAGGTG_018,94
AGAAGTTTAATCTGCCTCCA_001,119
AGAAGTTTAATCTGCCTCCA_002,102
AGAAGTTTAATCTGCCTCCA_003,130
AGAAGTTTAATCTGCCTCCA_004,75
AGAAGTTTAATCTGCCTCCA_005,170
ATCTCGATGAGGTCACTCGG_001,117
ATCTCGATGAGGTCACTCGG_002,105
ATCTCGATGAGGTCACTCGG_003,166
ATCTCGATGAGGTCACTCGG_004,197
ATCTCGATGAGGTCACTCGG_005,9
ATCTCGATGAGGTCACTCGG_006,193
ATCTCGATGAGGTCACTCGG_007,48
ATCTCGATGAGGTCACTCGG_008,48
ATCTCGATGAGGTCACTCGG_009,63
ATCTCGATGAGGTCACTCGG_010,145
ATCTCGATGAGGTCACTCGG_011,78
ATCTCGATGAGGTCACTCGG_012,156
ATCTCGATGAGGTCACTCGG_013,149
ATCTCGATGAGGTCACTCGG_014,78
ATCTCGATGAGGTCACTCGG_015,2
ATCTCGATGAGGTCACTCGG_016,81
ATCTCGATGAGGTCACTCGG_017,115
ATCTCGATGAGGTCACTCGG_018,17
ATCTCGATGAGGTCACTCGG_019,141
ATCTCGATGAGGTCACTCGG_020,65
ATCTCGATGAGGTCACTCGG_021,2
ATCTCGATGAGGTCACTCGG_022,119
ATCTCGATGAGGTCACTCGG_023,188
ATCTCGATGAGGTCACTCGG_024,184
CACAGCCCGCACAGGCATCG_001,43
CACAGCCCGCACAGGCATCG_002,127
CACAGCCCGCACAGGCATCG_003,150
CACAGCCCGCACAGGCATCG_004,34
CACAGCCCGCACAGGCATCG_005,148
CACAGCCCGCACAGGCATCG_006,154
CACAGCCCGCACAGGCATCG_007,63
CACAGCCCGCACAGGCATCG_008,106
CACAGCCCGCACAGGCATCG_009,90
CACAGCCCGCACAGGCATCG_010,84
CACAGCCCGCACAGGCATCG_011,127
CACAGCCCGCACAGGCATCG_012,43
CACAGCCCGCACAGGCATCG_013,136
CACAGCCCGCACAGGCATCG_014,2
CACAGCCCGCACAGGCATCG_015,39
CACAGCCCGCACAGGCATCG_016,188
CACAGCCCGCACAGGCATCG_017,61
GACCAAACACAGCCCACTAG_001,88
GACCAAACACAGCCCACTAG_002,105
GACCAAACACAGCCCACTAG_003,149
GACCAAACACAGCCCACTAG_004,191
GACCAAACACAGCCCACTAG_005,29
GACCAAACACAGCCCACTAG_006,49
GACCAAACACAGCCCACTAG_007,106
GACCAAACACAGCCCACTAG_008,141
GACCAAACACAGCCCACTAG_009,121
GACCAAACACAGCCCACTAG_010,110
GACCAAACACAGCCCACTAG_011,134
GACCAAACACAGCCCACTAG_012,85
GACCAAACACAGCCCACTAG_013,91
GACCAAACACAGCCCACTAG_014,7
GACCAAACACAGCCCACTAG_015,37
GACCAAACACAGCCCACTAG_016,10
GCAGGGGAGGGTTGTCCCAG_001,195
GCAGGGGAGGGTTGTCCCAG_002,49
GCAGGGGAGGGTTGTCCCAG_003,105
GCAGGGGAGGGTTGTCCCAG_004,198
GCAGGGGAGGGTTGTCCCAG_005,62
GCAGGGGAGGGTTGTCCCAG_006,113
GCAGGGGAGGGTTGTCCCAG_007,104
GCAGGGGAGGGTTGTCCCAG_008,196
GCAGGGGAGGGTTGTCCCAG_009,27
GCAGGGGAGGGTTGTCCCAG_010,40
GCAGGGGAGGGTTGTCCCAG_011,48
GCAGGGGAGGGTTGTCCCAG_012,176
GCAGGGGAGGGTTGTCCCAG_013,57
GCAGGGGAGGGTTGTCCCAG_014,134
GCAGGGGAGGGTTGTCCCAG_015,193
GCAGGGGAGGGTTGTCCCAG_016,20
GCAGGGGAGGGTTGTCCCAG_017,42
GCAGGGGAGGGTTGTCCCAG_018,130
GCAGGGGAGGGTTGTCCCAG_019,3
GCAGGGGAGGGTTGTCCCAG_020,74
GCAGGGGAGGGTTGTCCCAG_021,94
GCAGGGGAGGGTTGTCCCAG_022,116
GCAGGGGAGGGTTGTCCCAG_023,115
GCAGGGGAGGGTTGTCCCAG_024,149
GCAGGGGAGGGTTGTCCCAG_025,49
GCAGGGGAGGGTTGTCCCAG_026,83
GCAGGGGAGGGTTGTCCCAG_027,166
GCAGGGGAGGGTTGTCCCAG_028,144
GCAGGGGAGGGTTGTCCCAG_029,161
GCAGGGGAGGGTTGTCCCAG_030,198
GCAGGGGAGGGTTGTCCCAG_031,49
GCAGGGGAGGGTTGTCCCAG_032,60
GCAGGGGAGGGTTGTCCCAG_033,83
GCAGGGGAGGGTTGTCCCAG_034,128
GCAGGGGAGGGTTGTCCCAG_035,46
GCAGGGGAGGGTTGTCCCAG_036,149
GCAGGGGAGGGTTGTCCCAG_037,9
GCAGGGGAGGGTTGTCCCAG_038,34
GCAGGGGAGGGTTGTCCCAG_039,147
GCAGGGGAGGGTTGTCCCAG_040,182
GCAGGGGAGGGTTGTCCCAG_041,22
GCAGGGGAGGGTTGTCCCAG_042,70
GCAGGGGAGGGTTGTCCCAG_043,169
GCAGGGGAGGGTTGTCCCAG_044,154
GCAGGGGAGGGTTGTCCCAG_045,147
GCAGGGGAGGGTTGTCCCAG_046,63
GCAGGGGAGGGTTGTCCCAG_047,49
GCAGGGGAGGGTTGTCCCAG_048,81
GCAGGGGAGGGTTGTCCCAG_049,114
GCAGGGGAGGGTTGTCCCAG_050,104
GCAGGGGAGGGTTGTCCCAG_051,137
GCAGGGGAGGGTTGTCCCAG_052,34
GCAGGGGAGGGTTGTCCCAG_053,15
GCAGGGGAGGGTTGTCCCAG_054,144
GCAGGGGAGGGTTGTCCCAG_055,196
GCAGGGGAGGGTTGTCCCAG_056,135
AGGCTGGAATAAATGGTCCG_001,94
AGGCTGGAATAAATGGTCCG_002,157
AGGCTGGAATAAATGGTCCG_003,42
AGGCTGGAATAAATGGTCCG_004,178
AGGCTGGAATAAATGGTCCG_005,118
AGGCTGGAATAAATGGTCCG_006,50
AGGCTGGAATAAATGGTCCG_007,68
AGGCTGGAATAAATGGTCCG_008,86
AGGCTGGAATAAATGGTCCG_009,38
AGGCTGGAATAAATGGTCCG_010,107
AGGCTGGAATAAATGGTCCG_011,81
AGGCTGGAATAAATGGTCCG_012,162
AGGCTGGAATAAATGGTCCG_013,147
AGGCTGGAATAAATGGTCCG_014,147
AGGCTGGAATAAATGGTCCG_015,146
AGGCTGGAATAAATGGTCCG_016,127
AGGCTGGAATAAATGGTCCG_017,134
AGGCTGGAATAAATGGTCCG_018,140
AGGCTGGAATAAATGGTCCG_019,2
AGGCTGGAATAAATGGTCCG_020,142
AGGCTGGAATAAATGGTCCG_021,6
AGGCTGGAATAAATGGTCCG_022,39
AGGCTGGAATAAATGGTCCG_023,179
AGGCTGGAATAAATGGTCCG_024,68
TTGGCGCCGGGATCGTCCAG_001,90
TTGGCGCCGGGATCGTCCAG_002,135
TTGGCGCCGGGATCGTCCAG_003,191
TTGGCGCCGGGATCGTCCAG_004,72
TTGGCGCCGGGATCGTCCAG_005,198
TTGGCGCCGGGATCGTCCAG_006,140
TTGGCGCCGGGATCGTCCAG_007,162
TTGGCGCCGGGATCGTCCAG_008,15
GCTTCATACTCATCACGACT_001,29
GCTTCATACTCATCACGACT_002,184
AAGCATACTCCAGTCGAACA_001,43
AAGCATACTCCAGTCGAACA_002,93
AAGCATACTCCAGTCGAACA_003,1
AAGCATACTCCAGTCGAACA_004,119
AAGCATACTCCAGTCGAACA_005,77
AAGCATACTCCAGTCGAACA_006,72
AAGCATACTCCAGTCGAACA_007,137
AAGCATACTCCAGTCGAACA_008,33
AAGCATACTCCAGTCGAACA_009,74
CTTACGAGTAGCAGTTGTAG_001,68
CTTACGAGTAGCAGTTGTAG_002,9
CTTACGAGTAGCAGTTGTAG_003,104
CTTACGAGTAGCAGTTGTAG_004,84
CTTACGAGTAGCAGTTGTAG_005,68
GATGAAGAGCGACACGACGC_001,114
GATGAAGAGCGACACGACGC_002,114
GATGAAGAGCGACACGACGC_003,75
GATGAAGAGCGACACGACGC_004,77
GATGAAGAGCGACACGACGC_005,48
GATGAAGAGCGACACGACGC_006,106
GATGAAGAGCGACACGACGC_007,148
GATGAAGAGCGACACGACGC_008,58
GATGAAGAGCGACACGACGC_009,116
GATGAAGAGCGACACGACGC_010,12
GATGAAGAGCGACACGACGC_011,58
GATGAAGAGCGACACGACGC_012,83
GATGAAGAGCGACACGACGC_013,32
GATGAAGAGCGACACGACGC_014,22
GATGAAGAGCGACACGACGC_015,157
GATGAAGAGCGACACGACGC_016,113
ACAGACACCACAAGAGCGAG_001,88
ACAGACACCACAAGAGCGAG_002,6
ACAGACACCACAAGAGCGAG_003,12
ACAGACACCACAAGAGCGAG_004,170
ACAGACACCACAAGAGCGAG_005,197
ACAGACACCACAAGAGCGAG_006,174
ACAGACACCACAAGAGCGAG_007,198
ACAGACACCACAAGAGCGAG_008,45
ACAGACACCACAAGAGCGAG_009,106
ACAGACACCACAAGAGCGAG_010,162
ACAGACACCACAAGAGCGAG_011,149
ACAGACACCACAAGAGCGAG_012,175
ACGGCAACATCTTCTATACC_001,158
ACGGCAACATCTTCTATACC_002,85
ACGGCAACATCTTCTATACC_003,187
ACGGCAACATCTTCTATACC_004,102
CATCAATACATCATCCATGG_001,89
GACTGATGCCAGTTTAGCCA_001,169
GACTGATGCCAGTTTAGCCA_002,146
GACTGATGCCAGTTTAGCCA_003,133
GACTGATGCCAGTTTAGCCA_004,44
GACTGATGCCAGTTTAGCCA_005,147
GACTGATGCCAGTTTAGCCA_006,88
GACTGATGCCAGTTTAGCCA_007,49
GACTGATGCCAGTTTAGCCA_008,49
GACTGATGCCAGTTTAGCCA_009,161
GACTGATGCCAGTTTAGCCA_010,127
GACTGATGCCAGTTTAGCCA_011,50
GACTGATGCCAGTTTAGCCA_012,179
GGAGTTGAACACCATTCGGA_001,44
GGAGTTGAACACCATTCGGA_002,177
GGAGTTGAACACCATTCGGA_003,16
GGAGTTGAACACCATTCGGA_004,172
GGAGTTGAACACCATTCGGA_005,147
GGAGTTGAACACCATTCGGA_006,96
GGAGTTGAACACCATTCGGA_007,152
GGAGTTGAACACCATTCGGA_008,198
GGAGTTGAACACCATTCGGA_009,148
GGAGTTGAACACCATTCGGA_010,127
GGAGTTGAACACCATTCGGA_011,33
GGAGTTGAACACCATTCGGA_012,47
GGAGTTGAACACCATTCGGA_013,154
GGAGTTGAACACCATTCGGA_014,147
GGAGTTGAACACCATTCGGA_015,118
GCCACTCCAGTGACGAGGGT_001,1
GCCACTCCAGTGACGAGGGT_002,81
GCCACTCCAGTGACGAGGGT_003,144
GCCACTCCAGTGACGAGGGT_004,94
GCCACTCCAGTGACGAGGGT_005,181
GCCACTCCAGTGACGAGGGT_006,96
GCCACTCCAGTGACGAGGGT_007,88
GCCACTCCAGTGACGAGGGT_008,54
GCCACTCCAGTGACGAGGGT_009,58
GCCACTCCAGTGACGAGGGT_010,151
GCCACTCCAGTGACGAGGGT_011,94
GCCACTCCAGTGACGAGGGT_012,88
GCCACTCCAGTGACGAGGGT_013,88
GCCACTCCAGTGACGAGGGT_014,93
GCCACTCCAGTGACGAGGGT_015,127
GCCACTCCAGTGACGAGGGT_016,56
GCCACTCCAGTGACGAGGGT_017,166
AGAAAGTGGATGTCACCAGC_001,50
AGAAAGTGGATGTCACCAGC_002,122
AGAAAGTGGATGTCACCAGC_003,97
AGAAAGTGGATGTCACCAGC_004,115
AGAAAGTGGATGTCACCAGC_005,92
AGAAAGTGGATGTCACCAGC_006,15
CGCCCCGGACGACAACAGCG_001,102
CGCCCCGGACGACAACAGCG_002,177
CGCCCCGGACGACAACAGCG_003,7
CGCCCCGGACGACAACAGCG_004,167
CGCCCCGGACGACAACAGCG_005,138
CGCCCCGGACGACAACAGCG_006,9
CGCCCCGGACGACAACAGCG_007,98
CGCCCCGGACGACAACAGCG_008,151
CGCCCCGGACGACAACAGCG_009,104
CGCCCCGGACGACAACAGCG_010,58
CGCCCCGGACGACAACAGCG_011,63
CGCCCCGGACGACAACAGCG_012,56
CGCCCCGGACGACAACAGCG_013,115
CGCCCCGGACGACAACAGCG_014,185
CGCCCCGGACGACAACAGCG_015,177
CGCCCCGGACGACAACAGCG_016,40
CGCCCCGGACGACAACAGCG_017,191
CGCCCCGGACGACAACAGCG_018,188
CGCCCCGGACGACAACAGCG_019,42
CGCCCCGGACGACAACAGCG_020,57
GCCAGTATTCGGCTTGCACG_001,188
GCCAGTATTCGGCTTGCACG_002,132
GCCAGTATTCGGCTTGCACG_003,191
GCCAGTATTCGGCTTGCACG_004,155
GCCAGTATTCGGCTTGCACG_005,58
GCCAGTATTCGGCTTGCACG_006,125
GCCAGTATTCGGCTTGCACG_007,139
GCCAGTATTCGGCTTGCACG_008,116
TCAGGTATAGTAGAGTGCAA_001,177
TCAGGTATAGTAGAGTGCAA_002,103
TCAGGTATAGTAGAGTGCAA_003,175
TCAGGTATAGTAGAGTGCAA_004,72
TCAGGTATAGTAGAGTGCAA_005,30
TCAGGTATAGTAGAGTGCAA_006,127
CGTAGCGAGAGACATCCATG_001,52
CGTAGCGAGAGACATCCATG_002,179
CGTAGCGAGAGACATCCATG_003,53
CGTAGCGAGAGACATCCATG_004,10
CGTAGCGAGAGACATCCATG_005,145
CGTAGCGAGAGACATCCATG_006,41
CGTAGCGAGAGACATCCATG_007,175
CGTAGCGAGAGACATCCATG_008,24
CGTAGCGAGAGACATCCATG_009,117
CGTAGCGAGAGACATCCATG_010,67
CGTAGCGAGAGACATCCATG_011,121
CGTAGCGAGAGACATCCATG_012,76
CGTAGCGAGAGACATCCATG_013,96
CGTAGCGAGAGACATCCATG_014,144
CGTAGCGAGAGACATCCATG_015,77
CGTAGCGAGAGACATCCATG_016,77
CGTAGCGAGAGACATCCATG_017,17
CGTAGCGAGAGACATCCATG_018,112
GTCCGGGACCATGTACTGTG_001,77
GTCCGGGACCATGTACTGTG_002,48
GTCCGGGACCATGTACTGTG_003,98
GTCCGGGACCATGTACTGTG_004,150
GTCCGGGACCATGTACTGTG_005,86
GTCCGGGACCATGTACTGTG_006,86
GTCCGGGACCATGTACTGTG_007,187
GTCCGGGACCATGTACTGTG_008,36
GTCCGGGACCATGTACTGTG_009,67
GTCCGGGACCATGTACTGTG_010,172
GTCCGGGACCATGTACTGTG_011,121
GAACCTGAGAACATTGACAC_001,9
GAACCTGAGAACATTGACAC_002,32
GAACCTGAGAACATTGACAC_003,144
GAACCTGAGAACATTGACAC_004,188
GAACCTGAGAACATTGACAC_005,40
GAACCTGAGAACATTGACAC_006,169
GAACCTGAGAACATTGACAC_007,81
GAACCTGAGAACATTGACAC_008,3
GAACCTGAGAACATTGACAC_009,116
TGATGCAGGCATGGGCCTTG_001,94
TGATGCAGGCATGGGCCTTG_002,175
TGATGCAGGCATGGGCCTTG_003,85
TGATGCAGGCATGGGCCTTG_004,100
TGATGCAGGCATGGGCCTTG_005,11
TGATGCAGGCATGGGCCTTG_006,98
TGATGCAGGCATGGGCCTTG_007,65
TGATGCAGGCATGGGCCTTG_008,35
TGATGCAGGCATGGGCCTTG_009,178
TGATGCAGGCATGGGCCTTG_010,182
TGATGCAGGCATGGGCCTTG_011,82
TGATGCAGGCATGGGCCTTG_012,104
TGATGCAGGCATGGGCCTTG_013,81
TGATGCAGGCATGGGCCTTG_014,63
TGATGCAGGCATGGGCCTTG_015,105
TGATGCAGGCATGGGCCTTG_016,188
TGATGCAGGCATGGGCCTTG_017,78
AGAGGCAGAATCGCAACTGG_001,34
AGAGGCAGAATCGCAACTGG_002,181
AGAGGCAGAATCGCAACTGG_003,15
AGAGGCAGAATCGCAACTGG_004,18
AGAGGCAGAATCGCAACTGG_005,162
AGAGGCAGAATCGCAACTGG_006,87
AGAGGCAGAATCGCAACTGG_007,30
AGAGGCAGAATCGCAACTGG_008,82
AGAGGCAGAATCGCAACTGG_009,75
AGAGGCAGAATCGCAACTGG_010,9
AGAGGCAGAATCGCAACTGG_011,185
AGAGGCAGAATCGCAACTGG_012,141
AGAGGCAGAATCGCAACTGG_013,175
AGAGGCAGAATCGCAACTGG_014,71
AGAGGCAGAATCGCAACTGG_015,184
AGAGGCAGAATCGCAACTGG_016,88
AGAGGCAGAATCGCAACTGG_017,72
AGAGGCAGAATCGCAACTGG_018,48
AGAGGCAGAATCGCAACTGG_019,35
AGAGGCAGAATCGCAACTGG_020,180
AGAGGCAGAATCGCAACTGG_021,40
AGAGGCAGAATCGCAACTGG_022,81
ACTCTTGCTTCTTGATGAAT_001,114
ACTCTTGCTTCTTGATGAAT_002,78
ACTCTTGCTTCTTGATGAAT_003,195
ACTCTTGCTTCTTGATGAAT_004,2
CTATGTCAAATCGACAACCA_001,139
CTATGTCAAATCGACAACCA_002,81
CTATGTCAAATCGACAACCA_003,192
CTATGTCAAATCGACAACCA_004,170
CTATGTCAAATCGACAACCA_005,126
CTATGTCAAATCGACAACCA_006,30
CTATGTCAAATCGACAACCA_007,15
CTATGTCAAATCGACAACCA_008,105
CTATGTCAAATCGACAACCA_009,76
CTATGTCAAATCGACAACCA_010,144
CTATGTCAAATCGACAACCA_011,54
CTATGTCAAATCGACAACCA_012,97
GAGACTATGACATAGCAGCA_001,137
GAGACTATGACATAGCAGCA_002,181
GAGACTATGACATAGCAGCA_003,158
GAGACTATGACATAGCAGCA_004,160
GAGACTATGACATAGCAGCA_005,177
TGATTCATCATCCAACTCAG_001,12
GGTGGAATTTCAGCCCGTGG_001,8
GGTGGAATTTCAGCCCGTGG_002,98
CATCGTCTGACAAAAGACAA_001,76
CATCGTCTGACAAAAGACAA_002,141
CATCGTCTGACAAAAGACAA_003,127
CATCGTCTGACAAAAGACAA_004,2
CATCGTCTGACAAAAGACAA_005,77
TCCACTGGGCCGTTACACTG_001,68
TCCACTGGGCCGTTACACTG_002,187
TCCACTGGGCCGTTACACTG_003,59
TCCACTGGGCCGTTACACTG_004,94
TCCACTGGGCCGTTACACTG_005,88
TCCACTGGGCCGTTACACTG_006,70
TCCACTGGGCCGTTACACTG_007,19
TCCACTGGGCCGTTACACTG_008,48
TCCACTGGGCCGTTACACTG_009,155
TCCACTGGGCCGTTACACTG_010,193
TCCACTGGGCCGTTACACTG_011,15
TCCACTGGGCCGTTACACTG_012,185
TCCACTGGGCCGTTACACTG_013,25
TCCACTGGGCCGTTACACTG_014,197
TCCACTGGGCCGTTACACTG_015,123
TCCACTGGGCCGTTACACTG_016,161
TCCACTGGGCCGTTACACTG_017,128
TCCACTGGGCCGTTACACTG_018,63
GCCAGAGATGGTACGCATGG_001,29
GCCAGAGATGGTACGCATGG_002,181
GCCAGAGATGGTACGCATGG_003,35
GCCAGAGATGGTACGCATGG_004,14
AGTATCCCTCAAAACAGATG_001,41
AGTATCCCTCAAAACAGATG_002,14
AGTATCCCTCAAAACAGATG_003,22
AGTATCCCTCAAAACAGATG_004,86
AGTATCCCTCAAAACAGATG_005,127
AGTATCCCTCAAAACAGATG_006,187
AGTATCCCTCAAAACAGATG_007,81
AGTATCCCTCAAAACAGATG_008,82
AGTATCCCTCAAAACAGATG_009,39
AGTATCCCTCAAAACAGATG_010,138
ACGATAGGCTGTATCACGTG_001,176
ACGATAGGCTGTATCACGTG_002,76
CCAATGGGCAGAGGTCTGGG_001,159
CCAATGGGCAGAGGTCTGGG_002,36
TTCAGTGTACAGTTCCCTGT_001,145
TTCAGTGTACAGTTCCCTGT_002,58
TTCAGTGTACAGTTCCCTGT_003,188
TTCAGTGTACAGTTCCCTGT_004,6
TTCAGTGTACAGTTCCCTGT_005,184
CTTTAAGATCACGCTGACGT_001,94
CTTTAAGATCACGCTGACGT_002,117
CCTATACAAGCTGAAACTCG_001,136
CCTATACAAGCTGAAACTCG_002,174
CCTATACAAGCTGAAACTCG_003,25
CCTTCTGGCTTTCCCGGACG_001,16
CCTTCTGGCTTTCCCGGACG_002,94
CCTTCTGGCTTTCCCGGACG_003,130
CCTTCTGGCTTTCCCGGACG_004,193
CCTTCTGGCTTTCCCGGACG_005,41
CCTTCTGGCTTTCCCGGACG_006,41
CCTTCTGGCTTTCCCGGACG_007,121
CCTTCTGGCTTTCCCGGACG_008,13
CCTTCTGGCTTTCCCGGACG_009,1
CCTTCTGGCTTTCCCGGACG_010,15
CCTTCTGGCTTTCCCGGACG_011,125
CCTTCTGGCTTTCCCGGACG_012,124
CCTTCTGGCTTTCCCGGACG_013,145
CCTTCTGGCTTTCCCGGACG_014,39
GAGCATAAGGTGCACAAAAG_001,164
GAGCATAAGGTGCACAAAAG_002,61
GAGCATAAGGTGCACAAAAG_003,15
GAGCATAAGGTGCACAAAAG_004,125
GAGCATAAGGTGCACAAAAG_005,121
GAGCATAAGGTGCACAAAAG_006,160
GCATCTGTGATCATGAGAGG_001,181
GCATCTGTGATCATGAGAGG_002,144
GCATCTGTGATCATGAGAGG_003,114
GCATCTGTGATCATGAGAGG_004,82
GCATCTGTGATCATGAGAGG_005,126
TGGGATATCTAACCTTTACA_001,191
TGGGATATCTAACCTTTACA_002,77
TGGGATATCTAACCTTTACA_003,38
AGGGATGCCTACCTTTCAGG_001,12
AGGGATGCCTACCTTTCAGG_002,113
AGGGATGCCTACCTTTCAGG_003,172
AGGGATGCCTACCTTTCAGG_004,113
AGGGATGCCTACCTTTCAGG_005,137
AGGGATGCCTACCTTTCAGG_006,81
AGGGATGCCTACCTTTCAGG_007,121
AGGGATGCCTACCTTTCAGG_008,68
AGGGATGCCTACCTTTCAGG_009,124
AGGGATGCCTACCTTTCAGG_010,181
AGGGATGCCTACCTTTCAGG_011,187
AGGGATGCCTACCTTTCAGG_012,162
AGGGATGCCTACCTTTCAGG_013,189
AGGGATGCCTACCTTTCAGG_014,40
AGGGATGCCTACCTTTCAGG_015,19
AGGGATGCCTACCTTTCAGG_016,2
AGGGATGCCTACCTTTCAGG_017,28
AGGGATGCCTACCTTTCAGG_018,62
CCTGACTCAAGCTCACTCAA_001,9
CCTGACTCAAGCTCACTCAA_002,17
CCTGACTCAAGCTCACTCAA_003,11
CCTGACTCAAGCTCACTCAA_004,115
TCGCAGCTGAGATGTACCAG_001,198
TCGCAGCTGAGATGTACCAG_002,98
TCGCAGCTGAGATGTACCAG_003,68
TCGCAGCTGAGATGTACCAG_004,102
TCGCAGCTGAGATGTACCAG_005,138
TCGCAGCTGAGATGTACCAG_006,34
TCGCAGCTGAGATGTACCAG_007,188
TCGCAGCTGAGATGTACCAG_008,96
TCGCAGCTGAGATGTACCAG_009,160
TCGCAGCTGAGATGTACCAG_010,69
AAAAAAATGACATTACTGCA_001,105
AAAAAAATGACATTACTGCA_002,106
AATATTTGTATCGGTCACTG_001,112
ATGTACTGAACGTAGCAGTG_001,12
ATGTACTGAACGTAGCAGTG_002,27
ATGTACTGAACGTAGCAGTG_003,32
ATGTACTGAACGTAGCAGTG_004,122
ATGTACTGAACGTAGCAGTG_005,90
ATGTACTGAACGTAGCAGTG_006,188
ATGTACTGAACGTAGCAGTG_007,43
ATGTACTGAACGTAGCAGTG_008,112
ATGTACTGAACGTAGCAGTG_009,128
ATGTACTGAACGTAGCAGTG_010,147
ATGTACTGAACGTAGCAGTG_011,189
CGAGCTCACTTGAAACGAAC_001,114
CGAGCTCACTTGAAACGAAC_002,26
CGAGCTCACTTGAAACGAAC_003,86
GCAAGTTTGATCAGGCCCGT_001,118
GCAAGTTTGATCAGGCCCGT_002,176
GCAAGTTTGATCAGGCCCGT_003,106
GCAAGTTTGATCAGGCCCGT_004,191
GCAAGTTTGATCAGGCCCGT_005,181
GCAAGTTTGATCAGGCCCGT_006,171
GCAAGTTTGATCAGGCCCGT_007,156
GCAAGTTTGATCAGGCCCGT_008,152
GCAAGTTTGATCAGGCCCGT_009,9
GCAAGTTTGATCAGGCCCGT_010,11
GCAAGTTTGATCAGGCCCGT_011,25
GCAAGTTTGATCAGGCCCGT_012,127
GCAAGTTTGATCAGGCCCGT_013,70
GCAAGTTTGATCAGGCCCGT_014,8
GCAAGTTTGATCAGGCCCGT_015,147
GCAAGTTTGATCAGGCCCGT_016,97
GCAAGTTTGATCAGGCCCGT_017,6
GCAAGTTTGATCAGGCCCGT_018,62
GCAAGTTTGATCAGGCCCGT_019,58
GCAAGTTTGATCAGGCCCGT_020,68
GCAAGTTTGATCAGGCCCGT_021,94
GCAAGTTTGATCAGGCCCGT_022,110
GCAAGTTTGATCAGGCCCGT_023,3
GCAAGTTTGATCAGGCCCGT_024,144
ACCGGACATTGCAATAGACA_001,34
AGTGGACTGCTACTTAGAAA_001,153
AGTGGACTGCTACTTAGAAA_002,177
TGAAAAATTGGTCAAAGATG_001,120
TGAAAAATTGGTCAAAGATG_002,105
TGAAAAATTGGTCAAAGATG_003,28
TGAAAAATTGGTCAAAGATG_004,142
TGAAAAATTGGTCAAAGATG_005,94
TGAAAAATTGGTCAAAGATG_006,61
TGAAAAATTGGTCAAAGATG_007,115
ACTCTTAACATGCCACGCTG_001,88
ACTCTTAACATGCCACGCTG_002,164
ACTCTTAACATGCCACGCTG_003,164
ACTCTTAACATGCCACGCTG_004,76
ACTCTTAACATGCCACGCTG_005,161
ACTCTTAACATGCCACGCTG_006,93
ACTCTTAACATGCCACGCTG_007,183
ACTCTTAACATGCCACGCTG_008,16
ACTCTTAACATGCCACGCTG_009,154
ACTCTTAACATGCCACGCTG_010,59
ACTCTTAACATGCCACGCTG_011,139
ACTCTTAACATGCCACGCTG_012,63
ACTCTTAACATGCCACGCTG_013,144
ACTCTTAACATGCCACGCTG_014,46
ACTCTTAACATGCCACGCTG_015,84
ACTCTTAACATGCCACGCTG_016,116
ACTCTTAACATGCCACGCTG_017,199
ACTCTTAACATGCCACGCTG_018,48
ACTCTTAACATGCCACGCTG_019,40
CAGGTAGGGGATTTCATCAG_001,153
CAGGTAGGGGATTTCATCAG_002,175
CAGGTAGGGGATTTCATCAG_003,127
CAGGTAGGGGATTTCATCAG_004,27
CAGGTAGGGGATTTCATCAG_005,159
CAGGTAGGGGATTTCATCAG_006,61
CAGGTAGGGGATTTCATCAG_007,172
CAGGTAGGGGATTTCATCAG_008,1
CAGGTAGGGGATTTCATCAG_009,184
CAGGTAGGGGATTTCATCAG_010,22
CAGGTAGGGGATTTCATCAG_011,81
GTGACTTGTCATAGTCGTTG_001,194
GTGACTTGTCATAGTCGTTG_002,34
ATAGCCAAGACTTATCGATG_001,169
ATAGCCAAGACTTATCGATG_002,158
ATAGCCAAGACTTATCGATG_003,141
ATAGCCAAGACTTATCGATG_004,159
ATAGCCAAGACTTATCGATG_005,36
ATAGCCAAGACTTATCGATG_006,1
ATAGCCAAGACTTATCGATG_007,58
ATAGCCAAGACTTATCGATG_008,169
ATAGCCAAGACTTATCGATG_009,91
ATAGCCAAGACTTATCGATG_010,173
ATAGCCAAGACTTATCGATG_011,173
ATAGCCAAGACTTATCGATG_012,19
ATAGCCAAGACTTATCGATG_013,173
ATAGCCAAGACTTATCGATG_014,17
ATAGCCAAGACTTATCGATG_015,127
ATAGCCAAGACTTATCGATG_016,58
ATAGCCAAGACTTATCGATG_017,76
ATAGCCAAGACTTATCGATG_018,17
ATAGCCAAGACTTATCGATG_019,160
ATAGCCAAGACTTATCGATG_020,33
ATAGCCAAGACTTATCGATG_021,78
TTTGAGTAACATTGCCAGAG_001,9
TTTGAGTAACATTGCCAGAG_002,34
TTTGAGTAACATTGCCAGAG_003,70
TTTGAGTAACATTGCCAGAG_004,24
TTTGAGTAACATTGCCAGAG_005,102
TTTGAGTAACATTGCCAGAG_006,168
AAGCTCCAGAGAATGCCCCT_001,15
AAGCTCCAGAGAATGCCCCT_002,87
AAGCTCCAGAGAATGCCCCT_003,181
AAGCTCCAGAGAATGCCCCT_004,106
AAGCTCCAGAGAATGCCCCT_005,146
AAGCTCCAGAGAATGCCCCT_006,149
AAGCTCCAGAGAATGCCCCT_007,172
AAGCTCCAGAGAATGCCCCT_008,199
AAGCTCCAGAGAATGCCCCT_009,41
AAGCTCCAGAGAATGCCCCT_010,158
AAGCTCCAGAGAATGCCCCT_011,187
AAGCTCCAGAGAATGCCCCT_012,31
AAGCTCCAGAGAATGCCCCT_013,103
TGGCACACGTGCGAGAACGG_001,1
TGGCACACGTGCGAGAACGG_002,182
TGGCACACGTGCGAGAACGG_003,23
TGGCACACGTGCGAGAACGG_004,23
TGGCACACGTGCGAGAACGG_005,98
TGGCACACGTGCGAGAACGG_006,11
TGGCACACGTGCGAGAACGG_007,11
TGGCACACGTGCGAGAACGG_008,127
TGGCACACGTGCGAGAACGG_009,125
TGGCACACGTGCGAGAACGG_010,174
TGGCACACGTGCGAGAACGG_011,80
TGGCACACGTGCGAGAACGG_012,36
TGGCACACGTGCGAGAACGG_013,2
TGGCACACGTGCGAGAACGG_014,103
TGGCACACGTGCGAGAACGG_015,23
TGGCACACGTGCGAGAACGG_016,126
TGGCACACGTGCGAGAACGG_017,162
TGGCACACGTGCGAGAACGG_018,137
TGGCACACGTGCGAGAACGG_019,34
TGGCACACGTGCGAGAACGG_020,64
CGACGTCATCCGCCTAAAGC_001,69
CGACGTCATCCGCCTAAAGC_002,159
CGACGTCATCCGCCTAAAGC_003,8
CGACGTCATCCGCCTAAAGC_004,19
CGACGTCATCCGCCTAAAGC_005,184
CGACGTCATCCGCCTAAAGC_006,175
CGACGTCATCCGCCTAAAGC_007,172
CGACGTCATCCGCCTAAAGC_008,105
CCGGAGTCTCAAAGCGCCTG_001,22
CCGGAGTCTCAAAGCGCCTG_002,143
CCGGAGTCTCAAAGCGCCTG_003,155
CCGGAGTCTCAAAGCGCCTG_004,114
CCGGAGTCTCAAAGCGCCTG_005,94
CCGGAGTCTCAAAGCGCCTG_006,79
CCGGAGTCTCAAAGCGCCTG_007,144
CCGGAGTCTCAAAGCGCCTG_008,138
TGGAGCGCCTGAAATCACAT_001,85
TGGAGCGCCTGAAATCACAT_002,31
TGGAGCGCCTGAAATCACAT_003,146
TGGAGCGCCTGAAATCACAT_004,8
TGGAGCGCCTGAAATCACAT_005,83
TGGAGCGCCTGAAATCACAT_006,61
TGGAGCGCCTGAAATCACAT_007,17
TGGAGCGCCTGAAATCACAT_008,175
TGGAGCGCCTGAAATCACAT_009,19
TGGAGCGCCTGAAATCACAT_010,184
TGGAGCGCCTGAAATCACAT_011,160
TGGAGCGCCTGAAATCACAT_012,143
TGGAGCGCCTGAAATCACAT_013,141
TGGAGCGCCTGAAATCACAT_014,91
TGGAGCGCCTGAAATCACAT_015,101
TGGAGCGCCTGAAATCACAT_016,105
TGGAGCGCCTGAAATCACAT_017,49
TGGAGCGCCTGAAATCACAT_018,188
TGGAGCGCCTGAAATCACAT_019,75
TGGAGCGCCTGAAATCACAT_020,69
TGGAGCGCCTGAAATCACAT_021,43
TGGAGCGCCTGAAATCACAT_022,59
TGGAGCGCCTGAAATCACAT_023,83
TGGAGCGCCTGAAATCACAT_024,28
TGGAGCGCCTGAAATCACAT_025,175
TGGAGCGCCTGAAATCACAT_026,79
CAGGAGTGTGTGTACACTGG_001,15
CAGGAGTGTGTGTACACTGG_002,144
CAGGAGTGTGTGTACACTGG_003,159
CAGGAGTGTGTGTACACTGG_004,6
CAGGAGTGTGTGTACACTGG_005,6
CAGGAGTGTGTGTACACTGG_006,153
CAGGAGTGTGTGTACACTGG_007,43
CAGGAGTGTGTGTACACTGG_008,39
CAGGAGTGTGTGTACACTGG_009,134
AAGGCGCGCGAATGTGGCAG_001,172
AAGGCGCGCGAATGTGGCAG_002,62
AAGGCGCGCGAATGTGGCAG_003,183
AAGGCGCGCGAATGTGGCAG_004,144
AAGGCGCGCGAATGTGGCAG_005,48
AAGGCGCGCGAATGTGGCAG_006,144
AAGGCGCGCGAATGTGGCAG_007,43
AAGGCGCGCGAATGTGGCAG_008,112
AAGGCGCGCGAATGTGGCAG_009,14
AAGGCGCGCGAATGTGGCAG_010,94
AAGGCGCGCGAATGTGGCAG_011,144
AAGGCGCGCGAATGTGGCAG_012,75
AAGGCGCGCGAATGTGGCAG_013,127
AAGGCGCGCGAATGTGGCAG_014,49
AAGGCGCGCGAATGTGGCAG_015,124
AAGGCGCGCGAATGTGGCAG_016,110
AAGGCGCGCGAATGTGGCAG_017,6
AAGGCGCGCGAATGTGGCAG_018,80
AAGGCGCGCGAATGTGGCAG_019,72
AAGGCGCGCGAATGTGGCAG_020,57
AAGGCGCGCGAATGTGGCAG_021,141
AAGGCGCGCGAATGTGGCAG_022,116
AAGGCGCGCGAATGTGGCAG_023,103
AAGGCGCGCGAATGTGGCAG_024,134
AAGGCGCGCGAATGTGGCAG_025,105
AAGGCGCGCGAATGTGGCAG_026,195
AAGGCGCGCGAATGTGGCAG_027,75
AAGGCGCGCGAATGTGGCAG_028,134
AAGGCGCGCGAATGTGGCAG_029,26
AAGGCGCGCGAATGTGGCAG_030,144
AAGGCGCGCGAATGTGGCAG_031,88
AAGGCGCGCGAATGTGGCAG_032,2
AAGGCGCGCGAATGTGGCAG_033,151
AAGGCGCGCGAATGTGGCAG_034,125
AAGGCGCGCGAATGTGGCAG_035,16
AAGGCGCGCGAATGTGGCAG_036,61
AAGGCGCGCGAATGTGGCAG_037,1
AAGGCGCGCGAATGTGGCAG_038,17
AAGGCGCGCGAATGTGGCAG_039,16
AAGGCGCGCGAATGTGGCAG_040,150
AAGGCGCGCGAATGTGGCAG_041,8
AAGGCGCGCGAATGTGGCAG_042,54
AAGGCGCGCGAATGTGGCAG_043,48
AAGGCGCGCGAATGTGGCAG_044,81
AAGGCGCGCGAATGTGGCAG_045,118
AAGGCGCGCGAATGTGGCAG_046,41
AAGGCGCGCGAATGTGGCAG_047,60
AAGGCGCGCGAATGTGGCAG_048,74
AAGGCGCGCGAATGTGGCAG_049,37
AAGGCGCGCGAATGTGGCAG_050,115
AAGGCGCGCGAATGTGGCAG_051,148
AAGGCGCGCGAATGTGGCAG_052,118
AAGGCGCGCGAATGTGGCAG_053,69
AAGGCGCGCGAATGTGGCAG_054,0
AAGGCGCGCGAATGTGGCAG_055,141
AAGGCGCGCGAATGTGGCAG_056,184
AAGGCGCGCGAATGTGGCAG_057,6
AAGGCGCGCGAATGTGGCAG_058,112
AAGGCGCGCGAATGTGGCAG_059,92
AAGGCGCGCGAATGTGGCAG_060,47
AGGGTACGGACCCCACATGA_001,98
AGGGTACGGACCCCACATGA_002,23
AGGGTACGGACCCCACATGA_003,145
AGGGTACGGACCCCACATGA_004,152
AGGGTACGGACCCCACATGA_005,56
AGGGTACGGACCCCACATGA_006,166
GGGATAGGAGATCTGACGAG_001,68
GGGATAGGAGATCTGACGAG_002,9
GGGATAGGAGATCTGACGAG_003,142
GGGATAGGAGATCTGACGAG_004,58
GGGATAGGAGATCTGACGAG_005,14
GGGATAGGAGATCTGACGAG_006,122
GTCTGCTCTGACCAGAGCTG_001,126
GTCTGCTCTGACCAGAGCTG_002,111
GTCTGCTCTGACCAGAGCTG_003,154
GTCTGCTCTGACCAGAGCTG_004,88
GTCTGCTCTGACCAGAGCTG_005,169
GTCTGCTCTGACCAGAGCTG_006,43
GTCTGCTCTGACCAGAGCTG_007,60
GTCTGCTCTGACCAGAGCTG_008,111
GTCTGCTCTGACCAGAGCTG_009,150
GTCTGCTCTGACCAGAGCTG_010,33
GTCTGCTCTGACCAGAGCTG_011,199
GTCTGCTCTGACCAGAGCTG_012,41
GTCTGCTCTGACCAGAGCTG_013,47
GTCTGCTCTGACCAGAGCTG_014,184
GTCTGCTCTGACCAGAGCTG_015,126
GTCTGCTCTGACCAGAGCTG_016,149
GTCTGCTCTGACCAGAGCTG_017,191
GTCTGCTCTGACCAGAGCTG_018,28
GTCTGCTCTGACCAGAGCTG_019,123
TGTGGGATGTCGACTCCTAG_001,122
TGTGGGATGTCGACTCCTAG_002,118
TGTGGGATGTCGACTCCTAG_003,32
TGTGGGATGTCGACTCCTAG_004,53
TGTGGGATGTCGACTCCTAG_005,52
TGTGGGATGTCGACTCCTAG_006,35
TGTGGGATGTCGACTCCTAG_007,98
TGTGGGATGTCGACTCCTAG_008,34
TGTGGGATGTCGACTCCTAG_009,104
TGTGGGATGTCGACTCCTAG_010,17
TGTGGGATGTCGACTCCTAG_011,1
TGTGGGATGTCGACTCCTAG_012,78
TGTGGGATGTCGACTCCTAG_013,165
TGTGGGATGTCGACTCCTAG_014,13
CTTGAACCACCTTCAGACAG_001,76
CTTGAACCACCTTCAGACAG_002,82
CTTGAACCACCTTCAGACAG_003,107
CTTGAACCACCTTCAGACAG_004,127
CTTGAACCACCTTCAGACAG_005,74
CTTGAACCACCTTCAGACAG_006,178
CTTGAACCACCTTCAGACAG_007,130
CTTGAACCACCTTCAGACAG_008,42
CTTGAACCACCTTCAGACAG_009,86
CTTGAACCACCTTCAGACAG_010,74
CTTGAACCACCTTCAGACAG_011,2
CTTGAACCACCTTCAGACAG_012,13
CTTGAACCACCTTCAGACAG_013,118
CTTGAACCACCTTCAGACAG_014,58
CTGCATGGTCCAAACAAGTG_001,121
CTGCATGGTCCAAACAAGTG_002,16
CTGCATGGTCCAAACAAGTG_003,126
CTGCATGGTCCAAACAAGTG_004,197
CTGCATGGTCCAAACAAGTG_005,182
CTGCATGGTCCAAACAAGTG_006,137
GTCGCGCAGCACGTTCAGCG_001,150
GTCGCGCAGCACGTTCAGCG_002,29
GTCGCGCAGCACGTTCAGCG_003,169
GTCGCGCAGCACGTTCAGCG_004,2
GTCGCGCAGCACGTTCAGCG_005,35
GTCGCGCAGCACGTTCAGCG_006,44
GTCGCGCAGCACGTTCAGCG_007,165
GTCGCGCAGCACGTTCAGCG_008,26
GTCGCGCAGCACGTTCAGCG_009,34
GTCGCGCAGCACGTTCAGCG_010,68
GTCGCGCAGCACGTTCAGCG_011,197
GTCGCGCAGCACGTTCAGCG_012,185
GTCGCGCAGCACGTTCAGCG_013,126
GTCGCGCAGCACGTTCAGCG_014,191
GTGTGCTGAGAGTGTCAACA_001,147
GTGTGCTGAGAGTGTCAACA_002,150
GTGTGCTGAGAGTGTCAACA_003,88
GTGTGCTGAGAGTGTCAACA_004,19
GTGTGCTGAGAGTGTCAACA_005,102
GTGTGCTGAGAGTGTCAACA_006,147
GTGTGCTGAGAGTGTCAACA_007,58
GTGTGCTGAGAGTGTCAACA_008,166
GTGTGCTGAGAGTGTCAACA_009,67
GTGTGCTGAGAGTGTCAACA_010,188
GTGTGCTGAGAGTGTCAACA_011,50
GTGTGCTGAGAGTGTCAACA_012,24
GTGTGCTGAGAGTGTCAACA_013,63
GTGTGCTGAGAGTGTCAACA_014,81
GTGTGCTGAGAGTGTCAACA_015,57
GTGTGCTGAGAGTGTCAACA_016,6
GTGTGCTGAGAGTGTCAACA_017,121
GTGTGCTGAGAGTGTCAACA_018,65
AACACGATCAGGTCAATTCG_001,70
AACACGATCAGGTCAATTCG_002,32
AACACGATCAGGTCAATTCG_003,56
AACACGATCAGGTCAATTCG_004,174
AACACGATCAGGTCAATTCG_005,131
AACACGATCAGGTCAATTCG_006,94
AACACGATCAGGTCAATTCG_007,148
AACACGATCAGGTCAATTCG_008,141
AACACGATCAGGTCAATTCG_009,57
AATGTTTCTTGGGCACGTGT_001,49
AATGTTTCTTGGGCACGTGT_002,52
AATGTTTCTTGGGCACGTGT_003,58
AATGTTTCTTGGGCACGTGT_004,149
AATGTTTCTTGGGCACGTGT_005,37
AATGTTTCTTGGGCACGTGT_006,70
AATGTTTCTTGGGCACGTGT_007,17
AATGTTTCTTGGGCACGTGT_008,104
AATGTTTCTTGGGCACGTGT_009,8
AATGTTTCTTGGGCACGTGT_010,105
AATGTTTCTTGGGCACGTGT_011,31
AATGTTTCTTGGGCACGTGT_012,67
AATGTTTCTTGGGCACGTGT_013,66
AATGTTTCTTGGGCACGTGT_014,119
AATGTTTCTTGGGCACGTGT_015,154
AATGTTTCTTGGGCACGTGT_016,150
AATGTTTCTTGGGCACGTGT_017,68
GGTATCCAGAATGCTACCAG_001,124
GGTATCCAGAATGCTACCAG_002,8
GGTATCCAGAATGCTACCAG_003,153
TTTCACCAAACATATCCCAG_001,144
TTCACTCAGATGTAACTGAA_001,63
TTCACTCAGATGTAACTGAA_002,63
AGGTGGGGTGCCTCATCGAA_001,40
AGGTGGGGTGCCTCATCGAA_002,94
AGGTGGGGTGCCTCATCGAA_003,7
AGGTGGGGTGCCTCATCGAA_004,56
AGGTGGGGTGCCTCATCGAA_005,117
AGGTGGGGTGCCTCATCGAA_006,155
AGGTGGGGTGCCTCATCGAA_007,49
AGGTGGGGTGCCTCATCGAA_008,41
AGGTGGGGTGCCTCATCGAA_009,103
AGGTGGGGTGCCTCATCGAA_010,146
AGGTGGGGTGCCTCATCGAA_011,91
AGGTGGGGTGCCTCATCGAA_012,38
AGGTGGGGTGCCTCATCGAA_013,125
AGGTGGGGTGCCTCATCGAA_014,68
AGGTGGGGTGCCTCATCGAA_015,79
AGGTGGGGTGCCTCATCGAA_016,170
GGGAACGAGCAAAAAGAACG_001,166
GGGAACGAGCAAAAAGAACG_002,48
GGGAACGAGCAAAAAGAACG_003,9
GGGAACGAGCAAAAAGAACG_004,69
GGGAACGAGCAAAAAGAACG_005,116
GGGAACGAGCAAAAAGAACG_006,62
GGGAACGAGCAAAAAGAACG_007,56
GGGAACGAGCAAAAAGAACG_008,197
GGGAACGAGCAAAAAGAACG_009,121
GGGAACGAGCAAAAAGAACG_010,123
ATGAGGTCGTTAGCGAGCAA_001,154
ATGAGGTCGTTAGCGAGCAA_002,11
ATGAGGTCGTTAGCGAGCAA_003,49
ATGAGGTCGTTAGCGAGCAA_004,23
ATGAGGTCGTTAGCGAGCAA_005,47
ATGAGGTCGTTAGCGAGCAA_006,145
ATGAGGTCGTTAGCGAGCAA_007,62
ATGAGGTCGTTAGCGAGCAA_008,93
ATGAGGTCGTTAGCGAGCAA_009,89
ATGAGGTCGTTAGCGAGCAA_010,97
ATGAGGTCGTTAGCGAGCAA_011,196
ATGAGGTCGTTAGCGAGCAA_012,117
ATGAGGTCGTTAGCGAGCAA_013,104
ATGAGGTCGTTAGCGAGCAA_014,78
ATGAGGTCGTTAGCGAGCAA_015,150
ATGAGGTCGTTAGCGAGCAA_016,36
ATGAGGTCGTTAGCGAGCAA_017,121
ATGAGGTCGTTAGCGAGCAA_018,160
ATGAGGTCGTTAGCGAGCAA_019,58
ATGAGGTCGTTAGCGAGCAA_020,175
ATGAGGTCGTTAGCGAGCAA_021,107
ATGAGGTCGTTAGCGAGCAA_022,116
ATGAGGTCGTTAGCGAGCAA_023,27
ATGAGGTCGTTAGCGAGCAA_024,41
ATGAGGTCGTTAGCGAGCAA_025,148
ATGAGGTCGTTAGCGAGCAA_026,138
ATGAGGTCGTTAGCGAGCAA_027,142
ATGAGGTCGTTAGCGAGCAA_028,185
GTGCACCGCTTGCTGCGCAA_001,68
GTGCACCGCTTGCTGCGCAA_002,23
GTGCACCGCTTGCTGCGCAA_003,48
GTGCACCGCTTGCTGCGCAA_004,107
TCGGCCAAGATCGACCGCAA_001,8
TCGGCCAAGATCGACCGCAA_002,41
TCGGCCAAGATCGACCGCAA_003,151
TCGGCCAAGATCGACCGCAA_004,64
TCGGCCAAGATCGACCGCAA_005,64
TCGGCCAAGATCGACCGCAA_006,31
TCGGCCAAGATCGACCGCAA_007,70
TCGGCCAAGATCGACCGCAA_008,50
TCGGCCAAGATCGACCGCAA_009,15
TCGGCCAAGATCGACCGCAA_010,93
TCGGCCAAGATCGACCGCAA_011,189
TCGGCCAAGATCGACCGCAA_012,104
TCGGCCAAGATCGACCGCAA_013,31
TCGGCCAAGATCGACCGCAA_014,185
TCGGCCAAGATCGACCGCAA_015,5
TCGGCCAAGATCGACCGCAA_016,191
TCGGCCAAGATCGACCGCAA_017,101
TCGGCCAAGATCGACCGCAA_018,51
TCGGCCAAGATCGACCGCAA_019,121
TCGGCCAAGATCGACCGCAA_020,168
TCGGCCAAGATCGACCGCAA_021,102
TCGGCCAAGATCGACCGCAA_022,116
GCTGGCCCAGAGAAAGTGTG_001,184
GCTGGCCCAGAGAAAGTGTG_002,137
GCTGGCCCAGAGAAAGTGTG_003,106
GCTGGCCCAGAGAAAGTGTG_004,76
GCTGGCCCAGAGAAAGTGTG_005,127
GCTGGCCCAGAGAAAGTGTG_006,49
GCTGGCCCAGAGAAAGTGTG_007,12
GCTGGCCCAGAGAAAGTGTG_008,124
GCTGGCCCAGAGAAAGTGTG_009,149
GCTGGCCCAGAGAAAGTGTG_010,120
GCTGGCCCAGAGAAAGTGTG_011,153
GCTGGCCCAGAGAAAGTGTG_012,35
GCTGGCCCAGAGAAAGTGTG_013,60
GCTGGCCCAGAGAAAGTGTG_014,82
GCTGGCCCAGAGAAAGTGTG_015,193
GCTGGCCCAGAGAAAGTGTG_016,176
GCTGGCCCAGAGAAAGTGTG_017,32
GCTGGCCCAGAGAAAGTGTG_018,127
GCTGGCCCAGAGAAAGTGTG_019,187
GCTGGCCCAGAGAAAGTGTG_020,85
GCTGGCCCAGAGAAAGTGTG_021,194
GCTGGCCCAGAGAAAGTGTG_022,54
GCTGGCCCAGAGAAAGTGTG_023,76
GCTGGCCCAGAGAAAGTGTG_024,39
GCTGGCCCAGAGAAAGTGTG_025,179
GCTGGCCCAGAGAAAGTGTG_026,49
GCTGGCCCAGAGAAAGTGTG_027,35
GCTGGCCCAGAGAAAGTGTG_028,63
GCTGGCCCAGAGAAAGTGTG_029,63
GCTGGCCCAGAGAAAGTGTG_030,150
TCGCCTTGGGAATGTCCCTG_001,119
TCGCCTTGGGAATGTCCCTG_002,160
TCGCCTTGGGAATGTCCCTG_003,78
TCGCCTTGGGAATGTCCCTG_004,108
TGAGGTACCTTTGGATGACG_001,181
TGAGGTACCTTTGGATGACG_002,194
TGAGGTACCTTTGGATGACG_003,78
CCATCACTCAGATAGAGAGA_001,194
CCATCACTCAGATAGAGAGA_002,31
CCATCACTCAGATAGAGAGA_003,194
CCATCACTCAGATAGAGAGA_004,13
CCATCACTCAGATAGAGAGA_005,21
ACTCAGAGACAAGACACATG_001,114
ACTCAGAGACAAGACACATG_002,44
ACTCAGAGACAAGACACATG_003,141
ACTCAGAGACAAGACACATG_004,177
ACTCAGAGACAAGACACATG_005,99
ACTCAGAGACAAGACACATG_006,194
ACTCAGAGACAAGACACATG_007,144
ACTCAGAGACAAGACACATG_008,57
ACTCAGAGACAAGACACATG_009,47
ACTCAGAGACAAGACACATG_010,177
ACTCAGAGACAAGACACATG_011,191
ACTCAGAGACAAGACACATG_012,34
ACTCAGAGACAAGACACATG_013,109
ACTCAGAGACAAGACACATG_014,105
ACTCAGAGACAAGACACATG_015,94
ACTCAGAGACAAGACACATG_016,29
ACTCAGAGACAAGACACATG_017,88
ACTCAGAGACAAGACACATG_018,78
ACTCAGAGACAAGACACATG_019,185
ACTCAGAGACAAGACACATG_020,84
ACTCAGAGACAAGACACATG_021,27
ACTCAGAGACAAGACACATG_022,106
ACTCAGAGACAAGACACATG_023,114
ACTCAGAGACAAGACACATG_024,191
ACATACATTTGTTGTCATGG_001,151
ACATACATTTGTTGTCATGG_002,25
ACATACATTTGTTGTCATGG_003,115
ACATACATTTGTTGTCATGG_004,43
CGAAAAGGTAACGCCACTCA_001,189
CGAAAAGGTAACGCCACTCA_002,54
CGAAAAGGTAACGCCACTCA_003,68
CGAAAAGGTAACGCCACTCA_004,63
CGAAAAGGTAACGCCACTCA_005,2
CGAAAAGGTAACGCCACTCA_006,76
CGAAAAGGTAACGCCACTCA_007,140
CGAAAAGGTAACGCCACTCA_008,101
CGAAAAGGTAACGCCACTCA_009,41
CGAAAAGGTAACGCCACTCA_010,168
GAAGAATGAGAGATCACTGT_001,19
GAAGAATGAGAGATCACTGT_002,171
GAAGAATGAGAGATCACTGT_003,63
GAAGAATGAGAGATCACTGT_004,152
GAAGAATGAGAGATCACTGT_005,134
GAAGAATGAGAGATCACTGT_006,41
GAAGAATGAGAGATCACTGT_007,145
GAAGAATGAGAGATCACTGT_008,63
CCAAATGGTCGTCCGCCCAT_001,77
CCAAATGGTCGTCCGCCCAT_002,96
CCAAATGGTCGTCCGCCCAT_003,178
CCAAATGGTCGTCCGCCCAT_004,115
CCAAATGGTCGTCCGCCCAT_005,5
CCAAATGGTCGTCCGCCCAT_006,123
CCAAATGGTCGTCCGCCCAT_007,147
CCAAATGGTCGTCCGCCCAT_008,36
CCAAATGGTCGTCCGCCCAT_009,70
CCAAATGGTCGTCCGCCCAT_010,58
CCAAATGGTCGTCCGCCCAT_011,48
CCAAATGGTCGTCCGCCCAT_012,17
GAAGTGCAGGAGGAGACCCG_001,125
GAAGTGCAGGAGGAGACCCG_002,175
GAAGTGCAGGAGGAGACCCG_003,125
GAAGTGCAGGAGGAGACCCG_004,6
GAAGTGCAGGAGGAGACCCG_005,67
GAAGTGCAGGAGGAGACCCG_006,2
GCCACTCAGTATGAGGACAC_001,157
GCCACTCAGTATGAGGACAC_002,125
GCCACTCAGTATGAGGACAC_003,41
GCCACTCAGTATGAGGACAC_004,129
GCCACTCAGTATGAGGACAC_005,137
GCCACTCAGTATGAGGACAC_006,188
GCCACTCAGTATGAGGACAC_007,115
GCCACTCAGTATGAGGACAC_008,118
GCCACTCAGTATGAGGACAC_009,11
TCTGGATAGAGAGAACCCTC_001,114
TCTGGATAGAGAGAACCCTC_002,113
TCTGGATAGAGAGAACCCTC_003,149
TCTGGATAGAGAGAACCCTC_004,104
ACAACTAGCAGACTACAACA_001,98
ACAACTAGCAGACTACAACA_002,174
ACAACTAGCAGACTACAACA_003,22
ACAACTAGCAGACTACAACA_004,92
ACAACTAGCAGACTACAACA_005,103
GTGGGTCGAAGCAATGCCCA_001,106
GTGGGTCGAAGCAATGCCCA_002,50
GTGGGTCGAAGCAATGCCCA_003,101
GTGGGTCGAAGCAATGCCCA_004,72
GTGGGTCGAAGCAATGCCCA_005,162
GTGGGTCGAAGCAATGCCCA_006,147
GTGGGTCGAAGCAATGCCCA_007,171
GTGGGTCGAAGCAATGCCCA_008,101
GTGGGTCGAAGCAATGCCCA_009,150
GTGGGTCGAAGCAATGCCCA_010,94
GTGGGTCGAAGCAATGCCCA_011,127
GTGGGTCGAAGCAATGCCCA_012,148
GTGGGTCGAAGCAATGCCCA_013,150
GTGGGTCGAAGCAATGCCCA_014,188
GTGGGTCGAAGCAATGCCCA_015,188
GTGGGTCGAAGCAATGCCCA_016,48
TGGGGGATGCTGCAGTTCTG_001,49
TGGGGGATGCTGCAGTTCTG_002,185
TGGGGGATGCTGCAGTTCTG_003,13
TGGGGGATGCTGCAGTTCTG_004,106
TGGGGGATGCTGCAGTTCTG_005,81
TGGGGGATGCTGCAGTTCTG_006,46
TGGTAGTTTAGCTTTGACGT_001,138
TGGTAGTTTAGCTTTGACGT_002,76
TGGTAGTTTAGCTTTGACGT_003,19
TGGTAGTTTAGCTTTGACGT_004,17
AGTTACTCACCATTGCCTGG_001,107
AGTTACTCACCATTGCCTGG_002,147
AGTTACTCACCATTGCCTGG_003,104
AGTTACTCACCATTGCCTGG_004,19
AGTTACTCACCATTGCCTGG_005,173
CATTTCATAGAATCTATCCA_001,16
CATTTCATAGAATCTATCCA_002,121
CATTTCATAGAATCTATCCA_003,175
CATTTCATAGAATCTATCCA_004,179
GGAGATGCGGCCTTCTCAAA_001,103
GGAGATGCGGCCTTCTCAAA_002,2
GGAGATGCGGCCTTCTCAAA_003,77
GGAGATGCGGCCTTCTCAAA_004,115
GGAGATGCGGCCTTCTCAAA_005,36
GGAGATGCGGCCTTCTCAAA_006,139
GGAGATGCGGCCTTCTCAAA_007,168
GGAGATGCGGCCTTCTCAAA_008,5
GGAGATGCGGCCTTCTCAAA_009,113
GGAGATGCGGCCTTCTCAAA_010,58
GGAGATGCGGCCTTCTCAAA_011,134
GGAGATGCGGCCTTCTCAAA_012,50
GGAGATGCGGCCTTCTCAAA_013,100
GGAGATGCGGCCTTCTCAAA_014,33
GGAGATGCGGCCTTCTCAAA_015,160
GGAGATGCGGCCTTCTCAAA_016,127
GGAGATGCGGCCTTCTCAAA_017,104
GGAGATGCGGCCTTCTCAAA_018,134
GGAGATGCGGCCTTCTCAAA_019,138
CTGGAACAGCTGATCAGGTG_001,138
CTGGAACAGCTGATCAGGTG_002,169
CTGGAACAGCTGATCAGGTG_003,124
CTGGAACAGCTGATCAGGTG_004,69
CTGGAACAGCTGATCAGGTG_005,77
CTGGAACAGCTGATCAGGTG_006,1
CTGGAACAGCTGATCAGGTG_007,41
CTGGAACAGCTGATCAGGTG_008,9
CTGGAACAGCTGATCAGGTG_009,115
CTGGAACAGCTGATCAGGTG_010,101
CTGGAACAGCTGATCAGGTG_011,43
CTGGAACAGCTGATCAGGTG_012,28
CTGGAACAGCTGATCAGGTG_013,62
CTGGAACAGCTGATCAGGTG_014,137
CTGGAACAGCTGATCAGGTG_015,126
GGTCTTCAGAGCACTAGTGA_001,9
GGTCTTCAGAGCACTAGTGA_002,162
GGTCTTCAGAGCACTAGTGA_003,149
GGTCTTCAGAGCACTAGTGA_004,106
TGCCTGCATTCAGAGTCGAT_001,30
TGCCTGCATTCAGAGTCGAT_002,48
TGCCTGCATTCAGAGTCGAT_003,174
TGCCTGCATTCAGAGTCGAT_004,145
TGCCTGCATTCAGAGTCGAT_005,150
TGCCTGCATTCAGAGTCGAT_006,40
TGCCTGCATTCAGAGTCGAT_007,142
AATGATATTGGGCCCGAAGG_001,30
AATGATATTGGGCCCGAAGG_002,56
AATGATATTGGGCCCGAAGG_003,150
AATGATATTGGGCCCGAAGG_004,68
TGTCACACGTACTCACAATG_001,119
TGTCACACGTACTCACAATG_002,168
TGTCACACGTACTCACAATG_003,176
TGTCACACGTACTCACAATG_004,167
CCAAGAAGTCCTCCCACTCG_001,132
CCAAGAAGTCCTCCCACTCG_002,106
CCAAGAAGTCCTCCCACTCG_003,63
CCAAGAAGTCCTCCCACTCG_004,185
CCAAGAAGTCCTCCCACTCG_005,184
CCAAGAAGTCCTCCCACTCG_006,94
GGATGAAAATTGCTGTGTAG_001,58
TCTTTGATGATGCGGATCAG_001,115
TCTTTGATGATGCGGATCAG_002,127
TCTTTGATGATGCGGATCAG_003,17
TCTTTGATGATGCGGATCAG_004,77
GTATAAGAAGAAGTACGGAG_001,175
GTATAAGAAGAAGTACGGAG_002,69
GTATAAGAAGAAGTACGGAG_003,115
GTATAAGAAGAAGTACGGAG_004,105
GTATAAGAAGAAGTACGGAG_005,149
GTATAAGAAGAAGTACGGAG_006,134
GTATAAGAAGAAGTACGGAG_007,159
AAGACACCACCAGATCCTTG_001,150
AAGACACCACCAGATCCTTG_002,198
AAGACACCACCAGATCCTTG_003,114
AAGACACCACCAGATCCTTG_004,15
AAGACACCACCAGATCCTTG_005,151
AAGACACCACCAGATCCTTG_006,103
AAGACACCACCAGATCCTTG_007,22
AAGACACCACCAGATCCTTG_008,115
AAGACACCACCAGATCCTTG_009,61
AAGACACCACCAGATCCTTG_010,75
AAGACACCACCAGATCCTTG_011,60
AAGACACCACCAGATCCTTG_012,33
AAGACACCACCAGATCCTTG_013,41
AAGACACCACCAGATCCTTG_014,117
AAGACACCACCAGATCCTTG_015,161
AAGACACCACCAGATCCTTG_016,76
AAGACACCACCAGATCCTTG_017,69
AAGACACCACCAGATCCTTG_018,89
AAGACACCACCAGATCCTTG_019,121
AAGACACCACCAGATCCTTG_020,39
AAGACACCACCAGATCCTTG_021,56
AAGACACCACCAGATCCTTG_022,168
AAGACACCACCAGATCCTTG_023,136
GAAGTACAGAATAATCTACC_001,158
GTCCGCGCGACCATGGCCCG_001,181
GTCCGCGCGACCATGGCCCG_002,127
GTCCGCGCGACCATGGCCCG_003,94
GTCCGCGCGACCATGGCCCG_004,130
GTCCGCGCGACCATGGCCCG_005,9
GTCCGCGCGACCATGGCCCG_006,169
GTCCGCGCGACCATGGCCCG_007,169
GTCCGCGCGACCATGGCCCG_008,53
GTCCGCGCGACCATGGCCCG_009,114
GTCCGCGCGACCATGGCCCG_010,2
GTCCGCGCGACCATGGCCCG_011,197
GTCCGCGCGACCATGGCCCG_012,115
GTCCGCGCGACCATGGCCCG_013,94
GTCCGCGCGACCATGGCCCG_014,117
GTCCGCGCGACCATGGCCCG_015,185
GTCCGCGCGACCATGGCCCG_016,70
GTCCGCGCGACCATGGCCCG_017,191
GTCCGCGCGACCATGGCCCG_018,188
GTCCGCGCGACCATGGCCCG_019,82
GTCCGCGCGACCATGGCCCG_020,23
GTCCGCGCGACCATGGCCCG_021,88
GTCCGCGCGACCATGGCCCG_022,179
GTCCGCGCGACCATGGCCCG_023,3
GTCCGCGCGACCATGGCCCG_024,43
GTCCGCGCGACCATGGCCCG_025,34
GTCCGCGCGACCATGGCCCG_026,162
ATTAGGACAAGATTATCATG_001,163
ATTAGGACAAGATTATCATG_002,81
ATTAGGACAAGATTATCATG_003,188
ATTAGGACAAGATTATCATG_004,106
TCCAGTGGCTGAAAAAACCA_001,93
TCCAGTGGCTGAAAAAACCA_002,130
TCCAGTGGCTGAAAAAACCA_003,191
TCCAGTGGCTGAAAAAACCA_004,102
TCCAGTGGCTGAAAAAACCA_005,190
TCCAGTGGCTGAAAAAACCA_006,120
TCCAGTGGCTGAAAAAACCA_007,127
TCCAGTGGCTGAAAAAACCA_008,56
TCCAGTGGCTGAAAAAACCA_009,188
TCCAGTGGCTGAAAAAACCA_010,166
ACTCACCGAGTGAGAACCCA_001,129
ACTCACCGAGTGAGAACCCA_002,53
ACTCACCGAGTGAGAACCCA_003,185
ATACCCGAGACAGATATATG_001,145
ATACCCGAGACAGATATATG_002,169
ATACCCGAGACAGATATATG_003,179
ATACCCGAGACAGATATATG_004,10
ATACCCGAGACAGATATATG_005,169
CTCGCGCCCGTGGTAGAGCG_001,70
CTCGCGCCCGTGGTAGAGCG_002,182
CTCGCGCCCGTGGTAGAGCG_003,29
CTCGCGCCCGTGGTAGAGCG_004,115
CTCGCGCCCGTGGTAGAGCG_005,137
CTCGCGCCCGTGGTAGAGCG_006,81
CTCGCGCCCGTGGTAGAGCG_007,24
CTCGCGCCCGTGGTAGAGCG_008,52
CTCGCGCCCGTGGTAGAGCG_009,63
CAGATGAAGATCATCCACAG_001,146
CAGATGAAGATCATCCACAG_002,65
CAGATGAAGATCATCCACAG_003,113
CAGATGAAGATCATCCACAG_004,39
CAGATGAAGATCATCCACAG_005,44
CAGATGAAGATCATCCACAG_006,9
CAGATGAAGATCATCCACAG_007,148
CAGATGAAGATCATCCACAG_008,134
CAGATGAAGATCATCCACAG_009,48
CAGATGAAGATCATCCACAG_010,94
GAAGAGCGCCAGGTACACGG_001,78
GAAGAGCGCCAGGTACACGG_002,181
GAAGAGCGCCAGGTACACGG_003,69
GAAGAGCGCCAGGTACACGG_004,117
GAAGAGCGCCAGGTACACGG_005,65
GAAGAGCGCCAGGTACACGG_006,141
GAAGAGCGCCAGGTACACGG_007,60
GAAGAGCGCCAGGTACACGG_008,82
GAAGAGCGCCAGGTACACGG_009,49
GAAGAGCGCCAGGTACACGG_010,119
GAAGAGCGCCAGGTACACGG_011,141
GAAGAGCGCCAGGTACACGG_012,35
GAAGAGCGCCAGGTACACGG_013,191
GAAGAGCGCCAGGTACACGG_014,187
GAAGAGCGCCAGGTACACGG_015,94
GAAGAGCGCCAGGTACACGG_016,173
GAAGAGCGCCAGGTACACGG_017,138
GAAGAGCGCCAGGTACACGG_018,62
GAAGAGCGCCAGGTACACGG_019,94
GAAGAGCGCCAGGTACACGG_020,77
GAAGAGCGCCAGGTACACGG_021,47
GAAGAGCGCCAGGTACACGG_022,95
GAAGAGCGCCAGGTACACGG_023,33
ATTTAATTCCTCTTACAATG_001,5
CCCTGACCAAGGCCCCAATG_001,179
CCCTGACCAAGGCCCCAATG_002,148
CCCTGACCAAGGCCCCAATG_003,17
CCCTGACCAAGGCCCCAATG_004,91
CCCTGACCAAGGCCCCAATG_005,9
CCCTGACCAAGGCCCCAATG_006,167
CCCTGACCAAGGCCCCAATG_007,137
CCCTGACCAAGGCCCCAATG_008,122
CCCTGACCAAGGCCCCAATG_009,19
CCCTGACCAAGGCCCCAATG_010,63
CTGGTGTCCCTGACGGAGCG_001,112
CTGGTGTCCCTGACGGAGCG_002,149
CTGGTGTCCCTGACGGAGCG_003,92
CTGGTGTCCCTGACGGAGCG_004,41
CTGGTGTCCCTGACGGAGCG_005,183
CTGGTGTCCCTGACGGAGCG_006,30
CTGGTGTCCCTGACGGAGCG_007,174
CTGGTGTCCCTGACGGAGCG_008,117
CTGGTGTCCCTGACGGAGCG_009,124
CTGGTGTCCCTGACGGAGCG_010,150
CTGGTGTCCCTGACGGAGCG_011,127
CTGGTGTCCCTGACGGAGCG_012,189
CTGGTGTCCCTGACGGAGCG_013,16
CTGGTGTCCCTGACGGAGCG_014,56
CTGGTGTCCCTGACGGAGCG_015,89
CTGGTGTCCCTGACGGAGCG_016,52
CTGGTGTCCCTGACGGAGCG_017,106
CACCAGAGAATCCACAGTAG_001,83
CACCAGAGAATCCACAGTAG_002,0
AGCGACTACCCCATGACTGA_001,83
AGCGACTACCCCATGACTGA_002,114
AGCGACTACCCCATGACTGA_003,60
AGCGACTACCCCATGACTGA_004,157
AGCGACTACCCCATGACTGA_005,94
AGCGACTACCCCATGACTGA_006,137
AGCGACTACCCCATGACTGA_007,66
AGCGACTACCCCATGACTGA_008,24
AGCGACTACCCCATGACTGA_009,106
ATTTACTTGCAGATTGTCTG_001,168
ATTTACTTGCAGATTGTCTG_002,94
ATTTACTTGCAGATTGTCTG_003,78
ATTTACTTGCAGATTGTCTG_004,63
ATTTACTTGCAGATTGTCTG_005,18
ATTTACTTGCAGATTGTCTG_006,99
TACGCGTGGGGTCCTTACAA_001,133
TACGCGTGGGGTCCTTACAA_002,66
TACGCGTGGGGTCCTTACAA_003,198
TACGCGTGGGGTCCTTACAA_004,109
TACGCGTGGGGTCCTTACAA_005,63
TACGCGTGGGGTCCTTACAA_006,98
TACGCGTGGGGTCCTTACAA_007,150
TACGCGTGGGGTCCTTACAA_008,92
TACGCGTGGGGTCCTTACAA_009,180
TACGCGTGGGGTCCTTACAA_010,80
TACGCGTGGGGTCCTTACAA_011,57
ATCACGCCAAATAATCGGTA_001,171
ATCACGCCAAATAATCGGTA_002,8
ATCACGCCAAATAATCGGTA_003,135
ATCACGCCAAATAATCGGTA_004,73
ATCACGCCAAATAATCGGTA_005,28
AGGTACTGCTCACATGATAG_001,192
AGGTACTGCTCACATGATAG_002,190
AGGTACTGCTCACATGATAG_003,11
AGGTACTGCTCACATGATAG_004,167
ACTTCTTTGATTATCCATCG_001,29
ACTTCTTTGATTATCCATCG_002,1
GACTACTTGAGAATACGGAA_001,26
GACTACTTGAGAATACGGAA_002,128
GACTACTTGAGAATACGGAA_003,146
GACTACTTGAGAATACGGAA_004,4
GACTACTTGAGAATACGGAA_005,70
GACTACTTGAGAATACGGAA_006,137
GACTACTTGAGAATACGGAA_007,162
GACTACTTGAGAATACGGAA_008,37
GACTACTTGAGAATACGGAA_009,175
GACTACTTGAGAATACGGAA_010,134
GACTACTTGAGAATACGGAA_011,44
GACTACTTGAGAATACGGAA_012,169
GACTACTTGAGAATACGGAA_013,117
GACTACTTGAGAATACGGAA_014,27
GACTACTTGAGAATACGGAA_015,59
GACTACTTGAGAATACGGAA_016,6
GACTACTTGAGAATACGGAA_017,80
GACTACTTGAGAATACGGAA_018,176
GACTACTTGAGAATACGGAA_019,15
GACTACTTGAGAATACGGAA_020,169
GACTACTTGAGAATACGGAA_021,149
GACTACTTGAGAATACGGAA_022,8
GACTACTTGAGAATACGGAA_023,49
GACTACTTGAGAATACGGAA_024,88
GACTACTTGAGAATACGGAA_025,40
GACTACTTGAGAATACGGAA_026,135
GACTACTTGAGAATACGGAA_027,88
GACTACTTGAGAATACGGAA_028,183
GACTACTTGAGAATACGGAA_029,186
TGAGCATCTCACACTAACTG_001,20
AGGTGCAGACAGCTTCACCA_001,93
AGGTGCAGACAGCTTCACCA_002,119
AGGTGCAGACAGCTTCACCA_003,127
AGGTGCAGACAGCTTCACCA_004,119
AGGTGCAGACAGCTTCACCA_005,137
AGGTGCAGACAGCTTCACCA_006,92
AGGTGCAGACAGCTTCACCA_007,19
AGGTGCAGACAGCTTCACCA_008,15
AGGTGCAGACAGCTTCACCA_009,9
ACACTGTGTGCAGGAATGTG_001,60
ACACTGTGTGCAGGAATGTG_002,149
ACACTGTGTGCAGGAATGTG_003,44
ACACTGTGTGCAGGAATGTG_004,128
ACACTGTGTGCAGGAATGTG_005,183
ACACTGTGTGCAGGAATGTG_006,105
ACACTGTGTGCAGGAATGTG_007,43
ACACTGTGTGCAGGAATGTG_008,186
ACACTGTGTGCAGGAATGTG_009,38
ACACTGTGTGCAGGAATGTG_010,159
ACACTGTGTGCAGGAATGTG_011,150
ACACTGTGTGCAGGAATGTG_012,184
ACACTGTGTGCAGGAATGTG_013,188
ACACTGTGTGCAGGAATGTG_014,77
CTTATCCACCAAATTAGCAT_001,125
CTTATCCACCAAATTAGCAT_002,36
CTTATCCACCAAATTAGCAT_003,119
AAAGGTGGCTAGTCTTACAC_001,181
AAAGGTGGCTAGTCTTACAC_002,199
AAAGGTGGCTAGTCTTACAC_003,190
AGTCAGCATTCCGATAGCAG_001,85
AGTCAGCATTCCGATAGCAG_002,24
GGCTGGGTAGGTCCCGAGGT_001,103
GGCTGGGTAGGTCCCGAGGT_002,48
GGCTGGGTAGGTCCCGAGGT_003,60
GGCTGGGTAGGTCCCGAGGT_004,119
GGCTGGGTAGGTCCCGAGGT_005,184
GGCTGGGTAGGTCCCGAGGT_006,56
GGCTGGGTAGGTCCCGAGGT_007,67
GGCTGGGTAGGTCCCGAGGT_008,43
GGCTGGGTAGGTCCCGAGGT_009,150
GGCTGGGTAGGTCCCGAGGT_010,121
GGCTGGGTAGGTCCCGAGGT_011,166
GGCTGGGTAGGTCCCGAGGT_012,188
GGCTGGGTAGGTCCCGAGGT_013,28
GGCTGGGTAGGTCCCGAGGT_014,198
GGCTGGGTAGGTCCCGAGGT_015,143
GGCTGGGTAGGTCCCGAGGT_016,157
GGCTGGGTAGGTCCCGAGGT_017,182
GGCTGGGTAGGTCCCGAGGT_018,19
GGCTGGGTAGGTCCCGAGGT_019,63
GGCTGGGTAGGTCCCGAGGT_020,15
GGCTGGGTAGGTCCCGAGGT_021,177
GGCTGGGTAGGTCCCGAGGT_022,36
TGCTCAGCTTGATCGAACAG_001,105
TGCTCAGCTTGATCGAACAG_002,127
TGCTCAGCTTGATCGAACAG_003,134
TGCTCAGCTTGATCGAACAG_004,41
TGCTCAGCTTGATCGAACAG_005,170
TGCTCAGCTTGATCGAACAG_006,113
TGCTCAGCTTGATCGAACAG_007,92
CTGGTGAACATCGACCCCAA_001,191
CTGGTGAACATCGACCCCAA_002,148
CTGGTGAACATCGACCCCAA_003,20
CTGGTGAACATCGACCCCAA_004,45
CTGGTGAACATCGACCCCAA_005,188
CTGGTGAACATCGACCCCAA_006,161
CTGGTGAACATCGACCCCAA_007,108
CTGGTGAACATCGACCCCAA_008,123
CTGGTGAACATCGACCCCAA_009,9
CTGGTGAACATCGACCCCAA_010,120
CTGGTGAACATCGACCCCAA_011,60
CTGGTGAACATCGACCCCAA_012,69
CTGGTGAACATCGACCCCAA_013,182
CTGGTGAACATCGACCCCAA_014,20
CTGGTGAACATCGACCCCAA_015,172
CTGGTGAACATCGACCCCAA_016,2
CTGGTGAACATCGACCCCAA_017,116
CTGGTGAACATCGACCCCAA_018,140
CTGGTGAACATCGACCCCAA_019,190
CTGGTGAACATCGACCCCAA_020,35
CATCTCGGCCACGATCTGTG_001,105
CATCTCGGCCACGATCTGTG_002,44
CATCTCGGCCACGATCTGTG_003,7
CATCTCGGCCACGATCTGTG_004,56
CATCTCGGCCACGATCTGTG_005,56
CATCTCGGCCACGATCTGTG_006,83
CATCTCGGCCACGATCTGTG_007,102
CATCTCGGCCACGATCTGTG_008,11
CATCTCGGCCACGATCTGTG_009,72
CATCTCGGCCACGATCTGTG_010,94
CATCTCGGCCACGATCTGTG_011,88
CATCTCGGCCACGATCTGTG_012,13
CATCTCGGCCACGATCTGTG_013,20
CATCTCGGCCACGATCTGTG_014,91
CCGCATCGTGGACACATCCG_001,172
CCGCATCGTGGACACATCCG_002,154
CCGCATCGTGGACACATCCG_003,65
CCGCATCGTGGACACATCCG_004,189
CCGCATCGTGGACACATCCG_005,158
CCGCATCGTGGACACATCCG_006,50
CCGCATCGTGGACACATCCG_007,145
CCGCATCGTGGACACATCCG_008,108
CCGCATCGTGGACACATCCG_009,149
CCGCATCGTGGACACATCCG_010,149
CCGCATCGTGGACACATCCG_011,88
CCGCATCGTGGACACATCCG_012,31
CCGCATCGTGGACACATCCG_013,83
CCGCATCGTGGACACATCCG_014,172
TCGCGGGACTCGAGCCCATG_001,199
TCGCGGGACTCGAGCCCATG_002,146
TCGCGGGACTCGAGCCCATG_003,27
TCGCGGGACTCGAGCCCATG_004,170
TCGCGGGACTCGAGCCCATG_005,34
TCGCGGGACTCGAGCCCATG_006,148
TCGCGGGACTCGAGCCCATG_007,169
TCGCGGGACTCGAGCCCATG_008,72
TCGCGGGACTCGAGCCCATG_009,2
TCGCGGGACTCGAGCCCATG_010,34
TCGCGGGACTCGAGCCCATG_011,158
TCGCGGGACTCGAGCCCATG_012,128
TCGCGGGACTCGAGCCCATG_013,82
TCAGTGACAAAGAGTGTGCG_001,17
TCAGTGACAAAGAGTGTGCG_002,70
TCAGTGACAAAGAGTGTGCG_003,62
TCAGTGACAAAGAGTGTGCG_004,115
TCAGTGACAAAGAGTGTGCG_005,172
TCAGTGACAAAGAGTGTGCG_006,19
TCAGTGACAAAGAGTGTGCG_007,159
TCAGTGACAAAGAGTGTGCG_008,198
TCAGTGACAAAGAGTGTGCG_009,66
TCAGTGACAAAGAGTGTGCG_010,145
TCAGTGACAAAGAGTGTGCG_011,61
TCAGTGACAAAGAGTGTGCG_012,103
TCAGTGACAAAGAGTGTGCG_013,68
TCAGTGACAAAGAGTGTGCG_014,174
TCAGTGACAAAGAGTGTGCG_015,181
TCAGTGACAAAGAGTGTGCG_016,92
TCAGTGACAAAGAGTGTGCG_017,124
TCAGTGACAAAGAGTGTGCG_018,4
TCAGTGACAAAGAGTGTGCG_019,115
TCAGTGACAAAGAGTGTGCG_020,33
TCAGTGACAAAGAGTGTGCG_021,149
TCAGTGACAAAGAGTGTGCG_022,147
TCAGTGACAAAGAGTGTGCG_023,158
TCAGTGACAAAGAGTGTGCG_024,168
TCAGTGACAAAGAGTGTGCG_025,12
TCAGTGACAAAGAGTGTGCG_026,41
TCAGTGACAAAGAGTGTGCG_027,140
TCAGTGACAAAGAGTGTGCG_028,37
TCAGTGACAAAGAGTGTGCG_029,10
AAGCTGGTCAAATTTCGCGA_001,78
AAGCTGGTCAAATTTCGCGA_002,191
AAGCTGGTCAAATTTCGCGA_003,169
AAGCTGGTCAAATTTCGCGA_004,154
TATTCGATGTCAAGCGAACG_001,63
TATTCGATGTCAAGCGAACG_002,106
TATTCGATGTCAAGCGAACG_003,31
TATTCGATGTCAAGCGAACG_004,16
TATTCGATGTCAAGCGAACG_005,32
TATTCGATGTCAAGCGAACG_006,86
TATTCGATGTCAAGCGAACG_007,104
TATTCGATGTCAAGCGAACG_008,50
TATTCGATGTCAAGCGAACG_009,58
TATTCGATGTCAAGCGAACG_010,176
TATTCGATGTCAAGCGAACG_011,16
TAATTCTTGAAGCAATCAGG_001,137
TAATTCTTGAAGCAATCAGG_002,172
TAATTCTTGAAGCAATCAGG_003,49
TAATTCTTGAAGCAATCAGG_004,68
TAATTCTTGAAGCAATCAGG_005,188
TAATTCTTGAAGCAATCAGG_006,137
TAATTCTTGAAGCAATCAGG_007,62
TAATTCTTGAAGCAATCAGG_008,33
TAATTCTTGAAGCAATCAGG_009,187
TAATTCTTGAAGCAATCAGG_010,43
TAATTCTTGAAGCAATCAGG_011,77
TAATTCTTGAAGCAATCAGG_012,132
TAATTCTTGAAGCAATCAGG_013,88
TAATTCTTGAAGCAATCAGG_014,119
TAATTCTTGAAGCAATCAGG_015,29
TAATTCTTGAAGCAATCAGG_016,185
ATCACATGCACAATGTAGAG_001,41
ATCACATGCACAATGTAGAG_002,94
ATCACATGCACAATGTAGAG_003,150
CCTCGCCGACTACATCAACG_001,147
CCTCGCCGACTACATCAACG_002,167
CCTCGCCGACTACATCAACG_003,52
CCTCGCCGACTACATCAACG_004,88
CCTCGCCGACTACATCAACG_005,196
CCTCGCCGACTACATCAACG_006,2
CCTCGCCGACTACATCAACG_007,62
CCTCGCCGACTACATCAACG_008,101
CCTCGCCGACTACATCAACG_009,169
CCTCGCCGACTACATCAACG_010,199
CCTCGCCGACTACATCAACG_011,101
CCTCGCCGACTACATCAACG_012,149
CCTCGCCGACTACATCAACG_013,16
CCTCGCCGACTACATCAACG_014,13
CCTCGCCGACTACATCAACG_015,1
CTGGTAGCTGGCACACACCA_001,115
CTGGTAGCTGGCACACACCA_002,86
CTGGTAGCTGGCACACACCA_003,156
CTGGTAGCTGGCACACACCA_004,161
CTGGTAGCTGGCACACACCA_005,144
CTGGTAGCTGGCACACACCA_006,85
CGTGACTGACCGCGACTCAG_001,88
CGTGACTGACCGCGACTCAG_002,50
CGTGACTGACCGCGACTCAG_003,84
CGTGACTGACCGCGACTCAG_004,198
CGTGACTGACCGCGACTCAG_005,69
CGTGACTGACCGCGACTCAG_006,150
CGTGACTGACCGCGACTCAG_007,82
CGTGACTGACCGCGACTCAG_008,103
CGTGACTGACCGCGACTCAG_009,22
TGGTTCGAGTGAGAATTGAA_001,190
TGGTTCGAGTGAGAATTGAA_002,176
TGGTTCGAGTGAGAATTGAA_003,152
TGGTTCGAGTGAGAATTGAA_004,103
TGGTTCGAGTGAGAATTGAA_005,22
TGGTTCGAGTGAGAATTGAA_006,22
TGGTTCGAGTGAGAATTGAA_007,191
TGGTTCGAGTGAGAATTGAA_008,78
TGGTTCGAGTGAGAATTGAA_009,2
CTTCAGCAAGAGTTTGCGGG_001,9
CTTCAGCAAGAGTTTGCGGG_002,145
CTTCAGCAAGAGTTTGCGGG_003,126
CTTCAGCAAGAGTTTGCGGG_004,39
CTTCAGCAAGAGTTTGCGGG_005,146
CGCGGAAGACCACGCCAAAG_001,48
CGCGGAAGACCACGCCAAAG_002,191
CGCGGAAGACCACGCCAAAG_003,8
CGCGGAAGACCACGCCAAAG_004,112
CGCGGAAGACCACGCCAAAG_005,173
CGCGGAAGACCACGCCAAAG_006,115
CGCGGAAGACCACGCCAAAG_007,38
CGCGGAAGACCACGCCAAAG_008,180
CGCGGAAGACCACGCCAAAG_009,172
CGCGGAAGACCACGCCAAAG_010,129
CGCGGAAGACCACGCCAAAG_011,5
CGCGGAAGACCACGCCAAAG_012,36
CGCGGAAGACCACGCCAAAG_013,77
CGCGGAAGACCACGCCAAAG_014,7
CGCGGAAGACCACGCCAAAG_015,28
TGGGCTATGCAACTCTGACT_001,60
TGGGCTATGCAACTCTGACT_002,12
TGGGCTATGCAACTCTGACT_003,93
TGGGCTATGCAACTCTGACT_004,93
TGGGCTATGCAACTCTGACT_005,82
TGGGCTATGCAACTCTGACT_006,69
TGGGCTATGCAACTCTGACT_007,137
TGGGCTATGCAACTCTGACT_008,8
TGGGCTATGCAACTCTGACT_009,17
TGGGCTATGCAACTCTGACT_010,25
TGGGCTATGCAACTCTGACT_011,79
TGGGCTATGCAACTCTGACT_012,40
CAGAAAAGCGGCTTTCCCGG_001,126
CAGAAAAGCGGCTTTCCCGG_002,171
CAGAAAAGCGGCTTTCCCGG_003,167
CAGAAAAGCGGCTTTCCCGG_004,153
CAGAAAAGCGGCTTTCCCGG_005,27
CAGAAAAGCGGCTTTCCCGG_006,127
CAGAAAAGCGGCTTTCCCGG_007,134
CAGAAAAGCGGCTTTCCCGG_008,126
TTTGCACTTCAGATCCAACG_001,116
TTTGCACTTCAGATCCAACG_002,72
TTTGCACTTCAGATCCAACG_003,182
TTTGCACTTCAGATCCAACG_004,117
GGCGCGGAAGTAGTTCTGAT_001,88
GGCGCGGAAGTAGTTCTGAT_002,145
GGCGCGGAAGTAGTTCTGAT_003,172
GGCGCGGAAGTAGTTCTGAT_004,62
GGCGCGGAAGTAGTTCTGAT_005,7
GGCGCGGAAGTAGTTCTGAT_006,136
CTCCAGCACTTACCATAGCG_001,94
CTCCAGCACTTACCATAGCG_002,127
CTCCAGCACTTACCATAGCG_003,160
CTCCAGCACTTACCATAGCG_004,128
CTCCAGCACTTACCATAGCG_005,39
CTCCAGCACTTACCATAGCG_006,39
CTCCAGCACTTACCATAGCG_007,146
CAGGCCCACGAAAACGCTCG_001,24
GAACAGAATCGAGAGTTACG_001,77
GAACAGAATCGAGAGTTACG_002,127
GAACAGAATCGAGAGTTACG_003,149
GAACAGAATCGAGAGTTACG_004,29
GAACAGAATCGAGAGTTACG_005,165
GAACAGAATCGAGAGTTACG_006,123
GAACAGAATCGAGAGTTACG_007,56
GAACAGAATCGAGAGTTACG_008,169
GAACAGAATCGAGAGTTACG_009,103
GAACAGAATCGAGAGTTACG_010,105
GAACAGAATCGAGAGTTACG_011,137
GAACAGAATCGAGAGTTACG_012,40
GAACAGAATCGAGAGTTACG_013,53
GAGTGCTTACAATCTTCCCG_001,70
GAGTGCTTACAATCTTCCCG_002,176
GAGTGCTTACAATCTTCCCG_003,14
GAGTGCTTACAATCTTCCCG_004,8
GAGTGCTTACAATCTTCCCG_005,184
GAGTGCTTACAATCTTCCCG_006,141
GAGTGCTTACAATCTTCCCG_007,176
GAGTGCTTACAATCTTCCCG_008,180
GAGTGCTTACAATCTTCCCG_009,134
GAGTGCTTACAATCTTCCCG_010,152
GGACCCCAACTGCTCCTGCG_001,14
GGACCCCAACTGCTCCTGCG_002,104
GGACCCCAACTGCTCCTGCG_003,174
GGACCCCAACTGCTCCTGCG_004,192
GGACCCCAACTGCTCCTGCG_005,27
GAGCCAGGTGACAATAGGAG_001,188
GAGCCAGGTGACAATAGGAG_002,103
GAGCCAGGTGACAATAGGAG_003,142
GAGCCAGGTGACAATAGGAG_004,32
GAGCCAGGTGACAATAGGAG_005,75
GAGCCAGGTGACAATAGGAG_006,2
GTACCTACCAAACACCGTCA_001,58
GTACCTACCAAACACCGTCA_002,29
GTACCTACCAAACACCGTCA_003,98
GTACCTACCAAACACCGTCA_004,108
GTACCTACCAAACACCGTCA_005,133
GTACCTACCAAACACCGTCA_006,49
GTACCTACCAAACACCGTCA_007,184
GTACCTACCAAACACCGTCA_008,162
GTACCTACCAAACACCGTCA_009,152
GTACCTACCAAACACCGTCA_010,81
GTACCTACCAAACACCGTCA_011,94
AATGCCCAGAATCGAAAGTG_001,129
AATGCCCAGAATCGAAAGTG_002,105
CAACCAGATGGACCTTGGCG_001,197
CAACCAGATGGACCTTGGCG_002,132
CAACCAGATGGACCTTGGCG_003,77
CAACCAGATGGACCTTGGCG_004,28
CAACCAGATGGACCTTGGCG_005,92
CAACCAGATGGACCTTGGCG_006,121
CAACCAGATGGACCTTGGCG_007,16
CAACCAGATGGACCTTGGCG_008,46
CAACCAGATGGACCTTGGCG_009,40
CAACCAGATGGACCTTGGCG_010,147
CAACCAGATGGACCTTGGCG_011,129
CAACCAGATGGACCTTGGCG_012,50
CAACCAGATGGACCTTGGCG_013,45
CAACCAGATGGACCTTGGCG_014,88
CAACCAGATGGACCTTGGCG_015,58
CAACCAGATGGACCTTGGCG_016,188
CAACCAGATGGACCTTGGCG_017,46
CAACCAGATGGACCTTGGCG_018,186
CAACCAGATGGACCTTGGCG_019,0
CAACCAGATGGACCTTGGCG_020,62
CAACCAGATGGACCTTGGCG_021,88
CAACCAGATGGACCTTGGCG_022,31
GCCTCTGGCTACCGCCGCTG_001,76
GCCTCTGGCTACCGCCGCTG_002,136
GCCTCTGGCTACCGCCGCTG_003,15
GCCTCTGGCTACCGCCGCTG_004,40
GCCTCTGGCTACCGCCGCTG_005,57
GCCTCTGGCTACCGCCGCTG_006,163
GCCTCTGGCTACCGCCGCTG_007,161
GCCTCTGGCTACCGCCGCTG_008,58
GCCTCTGGCTACCGCCGCTG_009,168
GCCTCTGGCTACCGCCGCTG_010,23
GCCTCTGGCTACCGCCGCTG_011,94
GCCTCTGGCTACCGCCGCTG_012,62
GCCTCTGGCTACCGCCGCTG_013,130
ATTCCAAGACCTAAACGAAA_001,44
ATTCCAAGACCTAAACGAAA_002,12
ATTCCAAGACCTAAACGAAA_003,130
ATTCCAAGACCTAAACGAAA_004,88
CTGAGCACCGTCTATTTGAG_001,2
CTGAGCACCGTCTATTTGAG_002,146
CTGAGCACCGTCTATTTGAG_003,121
CTGAGCACCGTCTATTTGAG_004,81
CTGAGCACCGTCTATTTGAG_005,115
CTGAGCACCGTCTATTTGAG_006,43
CTGAGCACCGTCTATTTGAG_007,28
CTGAGCACCGTCTATTTGAG_008,98
ATAGTTACTCTACTAATCTG_001,134
ATAGTTACTCTACTAATCTG_002,137
ATAGTTACTCTACTAATCTG_003,169
CTGAACAAAATCCTCCAAGG_001,16
CTGAACAAAATCCTCCAAGG_002,100
CTGGGTCTATCAGCCAGGAG_001,192
CTGGGTCTATCAGCCAGGAG_002,139
CTGGGTCTATCAGCCAGGAG_003,198
CTGGGTCTATCAGCCAGGAG_004,33
CTGGGTCTATCAGCCAGGAG_005,166
CTGGGTCTATCAGCCAGGAG_006,78
CTGGGTCTATCAGCCAGGAG_007,117
CTGGGTCTATCAGCCAGGAG_008,84
CTGGGTCTATCAGCCAGGAG_009,166
TGTAAATCATGGTCCACAAG_001,193
TGTAAATCATGGTCCACAAG_002,166
TGTAAATCATGGTCCACAAG_003,26
TGTAAATCATGGTCCACAAG_004,135
TTGGCTGTGAGGGAAAACCG_001,127
TTGGCTGTGAGGGAAAACCG_002,33
TTGGCTGTGAGGGAAAACCG_003,166
TTGGCTGTGAGGGAAAACCG_004,8
TTGGCTGTGAGGGAAAACCG_005,85
TTGGCTGTGAGGGAAAACCG_006,197
TTGGCTGTGAGGGAAAACCG_007,29
TTGGCTGTGAGGGAAAACCG_008,170
TTGGCTGTGAGGGAAAACCG_009,150
TTGGCTGTGAGGGAAAACCG_010,110
TTGGCTGTGAGGGAAAACCG_011,134
TTGGCTGTGAGGGAAAACCG_012,30
TTGGCTGTGAGGGAAAACCG_013,188
TTGGCTGTGAGGGAAAACCG_014,67
TTGGCTGTGAGGGAAAACCG_015,67
TTGGCTGTGAGGGAAAACCG_016,146
TTGGCTGTGAGGGAAAACCG_017,144
TTGGCTGTGAGGGAAAACCG_018,119
TTGGCTGTGAGGGAAAACCG_019,160
TTGGCTGTGAGGGAAAACCG_020,162
TTGGCTGTGAGGGAAAACCG_021,165
GATAATTCAATTCCCGAGAG_001,176
GATAATTCAATTCCCGAGAG_002,140
GATAATTCAATTCCCGAGAG_003,199
GATAATTCAATTCCCGAGAG_004,94
GATAATTCAATTCCCGAGAG_005,19
GATAATTCAATTCCCGAGAG_006,106
AAGAATGAGACCCGCAGCCA_001,16
AAGAATGAGACCCGCAGCCA_002,62
AAGAATGAGACCCGCAGCCA_003,45
AAGAATGAGACCCGCAGCCA_004,129
AAGAATGAGACCCGCAGCCA_005,72
AAGAATGAGACCCGCAGCCA_006,72
AAGAATGAGACCCGCAGCCA_007,181
AAGAATGAGACCCGCAGCCA_008,171
AAGAATGAGACCCGCAGCCA_009,195
AAGAATGAGACCCGCAGCCA_010,7
AAGAATGAGACCCGCAGCCA_011,19
AAGAATGAGACCCGCAGCCA_012,9
AAGAATGAGACCCGCAGCCA_013,83
TTGGTCTAGGTGTACCTCCG_001,184
TTGGTCTAGGTGTACCTCCG_002,138
TTGGTCTAGGTGTACCTCCG_003,161
TTGGTCTAGGTGTACCTCCG_004,88
TTGGTCTAGGTGTACCTCCG_005,53
TTGGTCTAGGTGTACCTCCG_006,170
TTGGTCTAGGTGTACCTCCG_007,2
TTGGTCTAGGTGTACCTCCG_008,184
TTGGTCTAGGTGTACCTCCG_009,151
TTGGTCTAGGTGTACCTCCG_010,137
TTGGTCTAGGTGTACCTCCG_011,173
TTGGTCTAGGTGTACCTCCG_012,100
TTGGTCTAGGTGTACCTCCG_013,76
TTGGTCTAGGTGTACCTCCG_014,93
TTGGTCTAGGTGTACCTCCG_015,94
TTGGTCTAGGTGTACCTCCG_016,81
TTGGTCTAGGTGTACCTCCG_017,141
TTGGTCTAGGTGTACCTCCG_018,23
TTGGTCTAGGTGTACCTCCG_019,1
TTGGTCTAGGTGTACCTCCG_020,160
TTGGTCTAGGTGTACCTCCG_021,57
TTGGTCTAGGTGTACCTCCG_022,144
TTGGTCTAGGTGTACCTCCG_023,104
TTGGTCTAGGTGTACCTCCG_024,88
TTGGTCTAGGTGTACCTCCG_025,91
ACACCTTCGAAATGAGCTCA_001,168
ACACCTTCGAAATGAGCTCA_002,79
ACACCTTCGAAATGAGCTCA_003,60
ACACCTTCGAAATGAGCTCA_004,12
ACACCTTCGAAATGAGCTCA_005,119
ACACCTTCGAAATGAGCTCA_006,58
ACACCTTCGAAATGAGCTCA_007,141
ACACCTTCGAAATGAGCTCA_008,117
ACACCTTCGAAATGAGCTCA_009,29
ACACCTTCGAAATGAGCTCA_010,26
ACACCTTCGAAATGAGCTCA_011,160
ACACCTTCGAAATGAGCTCA_012,35
ACACCTTCGAAATGAGCTCA_013,94
ACACCTTCGAAATGAGCTCA_014,33
ACACCTTCGAAATGAGCTCA_015,52
GCATTGCCCTCCAGACCGCG_001,62
GCATTGCCCTCCAGACCGCG_002,72
GCATTGCCCTCCAGACCGCG_003,145
GCATTGCCCTCCAGACCGCG_004,127
GCATTGCCCTCCAGACCGCG_005,35
GCATTGCCCTCCAGACCGCG_006,67
GCATTGCCCTCCAGACCGCG_007,184
GCATTGCCCTCCAGACCGCG_008,82
GCCCGGCGCGCAGCAGATCG_001,144
GCCCGGCGCGCAGCAGATCG_002,114
GCCCGGCGCGCAGCAGATCG_003,86
GCCCGGCGCGCAGCAGATCG_004,177
GCCCGGCGCGCAGCAGATCG_005,40
GCCCGGCGCGCAGCAGATCG_006,160
GCCCGGCGCGCAGCAGATCG_007,72
GCCCGGCGCGCAGCAGATCG_008,105
GCCCGGCGCGCAGCAGATCG_009,130
GCCCGGCGCGCAGCAGATCG_010,76
GCCCGGCGCGCAGCAGATCG_011,100
GCCCGGCGCGCAGCAGATCG_012,188
GGACAAAAGTGGCTTCATCG_001,7
GGACAAAAGTGGCTTCATCG_002,44
GGACAAAAGTGGCTTCATCG_003,184
GGACAAAAGTGGCTTCATCG_004,76
GGACAAAAGTGGCTTCATCG_005,55
GGACAAAAGTGGCTTCATCG_006,170
GGACAAAAGTGGCTTCATCG_007,127
GGACAAAAGTGGCTTCATCG_008,169
GGACAAAAGTGGCTTCATCG_009,184
GGACAAAAGTGGCTTCATCG_010,120
GGACAAAAGTGGCTTCATCG_011,34
GGACAAAAGTGGCTTCATCG_012,155
GGACAAAAGTGGCTTCATCG_013,150
GGACAAAAGTGGCTTCATCG_014,80
GGACAAAAGTGGCTTCATCG_015,196
GGACAAAAGTGGCTTCATCG_016,51
GGACAAAAGTGGCTTCATCG_017,105
GGACAAAAGTGGCTTCATCG_018,29
GGACAAAAGTGGCTTCATCG_019,103
GGACAAAAGTGGCTTCATCG_020,184
AAGGAGGACCCTCCCAACGT_001,42
AAGGAGGACCCTCCCAACGT_002,80
AAGGAGGACCCTCCCAACGT_003,62
AAGGAGGACCCTCCCAACGT_004,119
AAGGAGGACCCTCCCAACGT_005,86
AAGGAGGACCCTCCCAACGT_006,84
AAGGAGGACCCTCCCAACGT_007,102
AAGGAGGACCCTCCCAACGT_008,141
AAGGAGGACCCTCCCAACGT_009,8
AAGGAGGACCCTCCCAACGT_010,103
AAGGAGGACCCTCCCAACGT_011,19
AAGGAGGACCCTCCCAACGT_012,73
AAGGAGGACCCTCCCAACGT_013,178
AAGGAGGACCCTCCCAACGT_014,144
AAGGAGGACCCTCCCAACGT_015,162
AAGGAGGACCCTCCCAACGT_016,102
AAGGAGGACCCTCCCAACGT_017,148
AAGGAGGACCCTCCCAACGT_018,58
AAGGAGGACCCTCCCAACGT_019,119
AAGGAGGACCCTCCCAACGT_020,37
AAGGAGGACCCTCCCAACGT_021,55
AAGGAGGACCCTCCCAACGT_022,95
AAGGAGGACCCTCCCAACGT_023,8
AAGGAGGACCCTCCCAACGT_024,52
AAGGAGGACCCTCCCAACGT_025,27
AAGGAGGACCCTCCCAACGT_026,12
GGAGAGAGATTCCTTCACCT_001,106
GGAGAGAGATTCCTTCACCT_002,106
GGAGAGAGATTCCTTCACCT_003,102
GGAATGGGAAAGCCCCAGGT_001,160
GGAATGGGAAAGCCCCAGGT_002,47
GGTTATGCCCAAAATGCAGT_001,149
GGTTATGCCCAAAATGCAGT_002,191
GGTTATGCCCAAAATGCAGT_003,156
GGTTATGCCCAAAATGCAGT_004,169
GGTTATGCCCAAAATGCAGT_005,45
GGTTATGCCCAAAATGCAGT_006,184
GGTTATGCCCAAAATGCAGT_007,63
GGTTATGCCCAAAATGCAGT_008,68
GGTTATGCCCAAAATGCAGT_009,175
GGTTATGCCCAAAATGCAGT_010,115
GGTTATGCCCAAAATGCAGT_011,10
TGATGCCAGGATGAGGCATG_001,178
TGATGCCAGGATGAGGCATG_002,81
TGATGCCAGGATGAGGCATG_003,183
TGATGCCAGGATGAGGCATG_004,69
TGATGCCAGGATGAGGCATG_005,41
TGTCCAGTAAACCATGTGGA_001,147
TGTCCAGTAAACCATGTGGA_002,75
TGTCCAGTAAACCATGTGGA_003,150
TGTCCAGTAAACCATGTGGA_004,159
TGTCCAGTAAACCATGTGGA_005,67
TGTCCAGTAAACCATGTGGA_006,75
TGTCCAGTAAACCATGTGGA_007,177
TGTCCAGTAAACCATGTGGA_008,130
TGTCCAGTAAACCATGTGGA_009,178
TGTCCAGTAAACCATGTGGA_010,31
TGTCCAGTAAACCATGTGGA_011,2
TGTCCAGTAAACCATGTGGA_012,10
TGTCCAGTAAACCATGTGGA_013,185
TCAGCACTGATAGACCCAAG_001,174
GTAGACGATTGCATTGCACT_001,199
GTAGACGATTGCATTGCACT_002,145
GTAGACGATTGCATTGCACT_003,48
GTAGACGATTGCATTGCACT_004,4
GTAGACGATTGCATTGCACT_005,17
GTAGACGATTGCATTGCACT_006,34
CTACAAAAGCGAATGTAAGG_001,41
CTACAAAAGCGAATGTAAGG_002,3
CTACAAAAGCGAATGTAAGG_003,127
CTACAAAAGCGAATGTAAGG_004,76
CTACAAAAGCGAATGTAAGG_005,149
CTACAAAAGCGAATGTAAGG_006,114
CTACAAAAGCGAATGTAAGG_007,70
CTACAAAAGCGAATGTAAGG_008,6
CTACAAAAGCGAATGTAAGG_009,53
CTACAAAAGCGAATGTAAGG_010,73
CTACAAAAGCGAATGTAAGG_011,162
CTACAAAAGCGAATGTAAGG_012,16
CTACAAAAGCGAATGTAAGG_013,170
CTACAAAAGCGAATGTAAGG_014,35
CTACAAAAGCGAATGTAAGG_015,83
GCCACCAGAGCCGTGTACAA_001,174
GCCACCAGAGCCGTGTACAA_002,175
GCCACCAGAGCCGTGTACAA_003,153
GCCACCAGAGCCGTGTACAA_004,72
GCCACCAGAGCCGTGTACAA_005,7
GCCACCAGAGCCGTGTACAA_006,124
GGAAAACAGTGGCAACTCTG_001,15
GGAAAACAGTGGCAACTCTG_002,147
GGAAAACAGTGGCAACTCTG_003,185
GGAAAACAGTGGCAACTCTG_004,43
GGAAAACAGTGGCAACTCTG_005,97
GGAAAACAGTGGCAACTCTG_006,36
GGAAAACAGTGGCAACTCTG_007,150
CACCCACAGATCAACTATGG_001,62
CACCCACAGATCAACTATGG_002,30
CACCCACAGATCAACTATGG_003,33
CACCCACAGATCAACTATGG_004,5
CACCCACAGATCAACTATGG_005,59
CACCCACAGATCAACTATGG_006,192
CACCCACAGATCAACTATGG_007,158
CACCCACAGATCAACTATGG_008,199
CACCCACAGATCAACTATGG_009,187
TCACCTGCAGGTGGGCACAG_001,96
TCACCTGCAGGTGGGCACAG_002,29
TCACCTGCAGGTGGGCACAG_003,198
TCACCTGCAGGTGGGCACAG_004,62
TCACCTGCAGGTGGGCACAG_005,158
TCACCTGCAGGTGGGCACAG_006,72
TCACCTGCAGGTGGGCACAG_007,26
TCACCTGCAGGTGGGCACAG_008,70
TCACCTGCAGGTGGGCACAG_009,101
TCACCTGCAGGTGGGCACAG_010,98
TCACCTGCAGGTGGGCACAG_011,100
TCACCTGCAGGTGGGCACAG_012,64
TCACCTGCAGGTGGGCACAG_013,180
TCACCTGCAGGTGGGCACAG_014,117
TCACCTGCAGGTGGGCACAG_015,113
TCACCTGCAGGTGGGCACAG_016,84
TCACCTGCAGGTGGGCACAG_017,170
TCACCTGCAGGTGGGCACAG_018,10
TCACCTGCAGGTGGGCACAG_019,153
TCACCTGCAGGTGGGCACAG_020,118
TCACCTGCAGGTGGGCACAG_021,10
TCACCTGCAGGTGGGCACAG_022,130
TCACCTGCAGGTGGGCACAG_023,40
TCACCTGCAGGTGGGCACAG_024,28
TCACCTGCAGGTGGGCACAG_025,142
TCACCTGCAGGTGGGCACAG_026,142
GGTGAAAGTGCAGATCGCCG_001,17
GGTGAAAGTGCAGATCGCCG_002,150
GGTGAAAGTGCAGATCGCCG_003,117
GGTGAAAGTGCAGATCGCCG_004,56
GGTGAAAGTGCAGATCGCCG_005,56
GGTGAAAGTGCAGATCGCCG_006,62
GGTGAAAGTGCAGATCGCCG_007,127
GGTGAAAGTGCAGATCGCCG_008,146
GGTGAAAGTGCAGATCGCCG_009,52
GGTGAAAGTGCAGATCGCCG_010,57
GGTGAAAGTGCAGATCGCCG_011,118
GGTGAAAGTGCAGATCGCCG_012,149
GGTGAAAGTGCAGATCGCCG_013,156
GGTGAAAGTGCAGATCGCCG_014,98
GGTGAAAGTGCAGATCGCCG_015,182
GGTGAAAGTGCAGATCGCCG_016,41
GGTGAAAGTGCAGATCGCCG_017,141
GGTGAAAGTGCAGATCGCCG_018,102
GGTGAAAGTGCAGATCGCCG_019,103
GGTGAAAGTGCAGATCGCCG_020,81
GGTGAAAGTGCAGATCGCCG_021,130
GGTGAAAGTGCAGATCGCCG_022,26
GGTGAAAGTGCAGATCGCCG_023,149
GGTGAAAGTGCAGATCGCCG_024,29
CTTAATGATGAACCACCAGA_001,112
CTTAATGATGAACCACCAGA_002,12
CTTAATGATGAACCACCAGA_003,40
CTTAATGATGAACCACCAGA_004,43
CTTAATGATGAACCACCAGA_005,127
CTTAATGATGAACCACCAGA_006,170
GGAACCTGCGTACAACCACG_001,121
GGAACCTGCGTACAACCACG_002,47
GGAACCTGCGTACAACCACG_003,167
GGAACCTGCGTACAACCACG_004,127
GGAACCTGCGTACAACCACG_005,21
GGAACCTGCGTACAACCACG_006,68
GGAACCTGCGTACAACCACG_007,184
TAACCTCTCTGAATCGTCAG_001,137
TCGGGCCGAGAGCCGTCGAG_001,185
TCGGGCCGAGAGCCGTCGAG_002,138
TCGGGCCGAGAGCCGTCGAG_003,152
TCGGGCCGAGAGCCGTCGAG_004,43
TCGGGCCGAGAGCCGTCGAG_005,84
TCGGGCCGAGAGCCGTCGAG_006,141
TCGGGCCGAGAGCCGTCGAG_007,28
TCGGGCCGAGAGCCGTCGAG_008,184
TCGGGCCGAGAGCCGTCGAG_009,17
TCGGGCCGAGAGCCGTCGAG_010,17
TCGGGCCGAGAGCCGTCGAG_011,55
TCGGGCCGAGAGCCGTCGAG_012,178
TCGGGCCGAGAGCCGTCGAG_013,157
TCGGGCCGAGAGCCGTCGAG_014,27
TCGGGCCGAGAGCCGTCGAG_015,170
TCGGGCCGAGAGCCGTCGAG_016,62
TCGGGCCGAGAGCCGTCGAG_017,50
TCGGGCCGAGAGCCGTCGAG_018,34
TCGGGCCGAGAGCCGTCGAG_019,63
TCGGGCCGAGAGCCGTCGAG_020,150
TCGGGCCGAGAGCCGTCGAG_021,40
GAGGTCAGGTCCCCAGACTG_001,9
GAGGTCAGGTCCCCAGACTG_002,24
GAGGTCAGGTCCCCAGACTG_003,188
GAGGTCAGGTCCCCAGACTG_004,7
GAGGTCAGGTCCCCAGACTG_005,162
GAGGTCAGGTCCCCAGACTG_006,87
GAGGTCAGGTCCCCAGACTG_007,55
GAGGTCAGGTCCCCAGACTG_008,62
GAGGTCAGGTCCCCAGACTG_009,17
GAGGTCAGGTCCCCAGACTG_010,184
AAAACCCCCAAAAGTTGACA_001,4
AAAACCCCCAAAAGTTGACA_002,22
AAAACCCCCAAAAGTTGACA_003,127
AAAACCCCCAAAAGTTGACA_004,1
CCTGGACAGTGACACCTCCG_001,94
CCTGGACAGTGACACCTCCG_002,15
CCTGGACAGTGACACCTCCG_003,160
CCTGGACAGTGACACCTCCG_004,28
CCTGGACAGTGACACCTCCG_005,140
CCTGGACAGTGACACCTCCG_006,130
CCTGGACAGTGACACCTCCG_007,94
CCTGGACAGTGACACCTCCG_008,69
CCTGGACAGTGACACCTCCG_009,107
CCTGGACAGTGACACCTCCG_010,164
CCTGGACAGTGACACCTCCG_011,44
GGGAATGACCCCCAGCACGG_001,142
GGGAATGACCCCCAGCACGG_002,49
GGGAATGACCCCCAGCACGG_003,158
GGGAATGACCCCCAGCACGG_004,117
GGGAATGACCCCCAGCACGG_005,158
GGGAATGACCCCCAGCACGG_006,59
GGGAATGACCCCCAGCACGG_007,141
GGGAATGACCCCCAGCACGG_008,63
GGGAATGACCCCCAGCACGG_009,126
GGGAATGACCCCCAGCACGG_010,190
ACTGCTTCGCCTGGTGCAGG_001,170
ACTGCTTCGCCTGGTGCAGG_002,66
ACTGCTTCGCCTGGTGCAGG_003,78
ACTGCTTCGCCTGGTGCAGG_004,122
ACTGCTTCGCCTGGTGCAGG_005,173
ACTGCTTCGCCTGGTGCAGG_006,133
ACTGCTTCGCCTGGTGCAGG_007,148
ACTGCTTCGCCTGGTGCAGG_008,149
ACTGCTTCGCCTGGTGCAGG_009,133
TTGCGAATCACATGAACTCG_001,169
TTGCGAATCACATGAACTCG_002,149
TTGCGAATCACATGAACTCG_003,175
TTGCGAATCACATGAACTCG_004,115
CCAGGGACTGTGACGACCAG_001,145
CCAGGGACTGTGACGACCAG_002,128
CCAGGGACTGTGACGACCAG_003,128
CCAGGGACTGTGACGACCAG_004,58
CCAGGGACTGTGACGACCAG_005,1
CCAGGGACTGTGACGACCAG_006,172
CCAGGGACTGTGACGACCAG_007,51
CCAGGGACTGTGACGACCAG_008,62
CCAGGGACTGTGACGACCAG_009,63
TGGGTGCGCCCCCACATCAG_001,58
TGGGTGCGCCCCCACATCAG_002,157
TGGGTGCGCCCCCACATCAG_003,117
TGGGTGCGCCCCCACATCAG_004,173
TGGGTGCGCCCCCACATCAG_005,25
TGGGTGCGCCCCCACATCAG_006,137
TGGGTGCGCCCCCACATCAG_007,184
TGGGTGCGCCCCCACATCAG_008,104
TGGGTGCGCCCCCACATCAG_009,166
TGGGTGCGCCCCCACATCAG_010,10
TATGGAAACAAAAGTTGCAG_001,73
TATGGAAACAAAAGTTGCAG_002,76
TATGGAAACAAAAGTTGCAG_003,28
TATGGAAACAAAAGTTGCAG_004,102
TATGGAAACAAAAGTTGCAG_005,82
TATGGAAACAAAAGTTGCAG_006,105
TATGGAAACAAAAGTTGCAG_007,152
TATGGAAACAAAAGTTGCAG_008,37
TATGGAAACAAAAGTTGCAG_009,186
TATGGAAACAAAAGTTGCAG_010,33
TATGGAAACAAAAGTTGCAG_011,153
TATGGAAACAAAAGTTGCAG_012,48
TATGGAAACAAAAGTTGCAG_013,9
TATGGAAACAAAAGTTGCAG_014,125
TATGGAAACAAAAGTTGCAG_015,0
TATGGAAACAAAAGTTGCAG_016,78
TATGGAAACAAAAGTTGCAG_017,98
TATGGAAACAAAAGTTGCAG_018,20
TATGGAAACAAAAGTTGCAG_019,170
AAAGTCCGTGGACATGTGGT_001,176
AAAGTCCGTGGACATGTGGT_002,48
AAAGTCCGTGGACATGTGGT_003,136
AAAGTCCGTGGACATGTGGT_004,16
AAAGTCCGTGGACATGTGGT_005,61
AAAGTCCGTGGACATGTGGT_006,21
AAAGTCCGTGGACATGTGGT_007,113
AAAGTCCGTGGACATGTGGT_008,51
AAAGTCCGTGGACATGTGGT_009,69
AAAGTCCGTGGACATGTGGT_010,148
AAAGTCCGTGGACATGTGGT_011,57
AAAGTCCGTGGACATGTGGT_012,67
AAAGTCCGTGGACATGTGGT_013,170
AAAGTCCGTGGACATGTGGT_014,42
AAAGTCCGTGGACATGTGGT_015,165
AAAGTCCGTGGACATGTGGT_016,73
AAAGTCCGTGGACATGTGGT_017,140
AAAGTCCGTGGACATGTGGT_018,115
AAAGTCCGTGGACATGTGGT_019,163
AAAGTCCGTGGACATGTGGT_020,123
AAAGTCCGTGGACATGTGGT_021,172
AAAGTCCGTGGACATGTGGT_022,106
AAAGTCCGTGGACATGTGGT_023,156
AAAGTCCGTGGACATGTGGT_024,110
AAAGTCCGTGGACATGTGGT_025,48
AAAGTCCGTGGACATGTGGT_026,167
AAAGTCCGTGGACATGTGGT_027,0
AAAGTCCGTGGACATGTGGT_028,40
AAAGTCCGTGGACATGTGGT_029,17
AAAGTCCGTGGACATGTGGT_030,104
AAAGTCCGTGGACATGTGGT_031,52
AGGTCCCCGAAAATGGAGCG_001,102
AGGTCCCCGAAAATGGAGCG_002,180
AGGTCCCCGAAAATGGAGCG_003,68
AGGTCCCCGAAAATGGAGCG_004,1
AGGTCCCCGAAAATGGAGCG_005,130
AGGTCCCCGAAAATGGAGCG_006,46
AGGTCCCCGAAAATGGAGCG_007,61
AGGTCCCCGAAAATGGAGCG_008,173
AGGTCCCCGAAAATGGAGCG_009,193
AGGTCCCCGAAAATGGAGCG_010,160
ATTTGATGACGAGTGTGGGG_001,11
ATTTGATGACGAGTGTGGGG_002,199
ATTTGATGACGAGTGTGGGG_003,99
ATTTGATGACGAGTGTGGGG_004,36
ATTTGATGACGAGTGTGGGG_005,62
ATTTGATGACGAGTGTGGGG_006,159
ATTTGATGACGAGTGTGGGG_007,169
ATTTGATGACGAGTGTGGGG_008,102
ATTTGATGACGAGTGTGGGG_009,16
ATTTGATGACGAGTGTGGGG_010,58
ATTTGATGACGAGTGTGGGG_011,17
ATTTGATGACGAGTGTGGGG_012,174
ATTTGATGACGAGTGTGGGG_013,61
ATTTGATGACGAGTGTGGGG_014,153
ATTTGATGACGAGTGTGGGG_015,17
ATTTGATGACGAGTGTGGGG_016,16
ATTTGATGACGAGTGTGGGG_017,102
ATTTGATGACGAGTGTGGGG_018,55
ATTTGATGACGAGTGTGGGG_019,29
ATTTGATGACGAGTGTGGGG_020,81
ATTTGATGACGAGTGTGGGG_021,88
ATTTGATGACGAGTGTGGGG_022,103
ATTTGATGACGAGTGTGGGG_023,159
ATTTGATGACGAGTGTGGGG_024,126
ATTTGATGACGAGTGTGGGG_025,182
ATTTGATGACGAGTGTGGGG_026,17
ATTTGATGACGAGTGTGGGG_027,44
ATTTGATGACGAGTGTGGGG_028,195
ATTTGATGACGAGTGTGGGG_029,152
ATTTGATGACGAGTGTGGGG_030,19
ATTTGATGACGAGTGTGGGG_031,136
ATTTGATGACGAGTGTGGGG_032,70
ATTTGATGACGAGTGTGGGG_033,198
TGTAGGCTCCATAAACGGCT_001,119
TGTAGGCTCCATAAACGGCT_002,119
TGTAGGCTCCATAAACGGCT_003,190
TGTAGGCTCCATAAACGGCT_004,160
TGTAGGCTCCATAAACGGCT_005,10
AGGCACTGGGATGTCCAATG_001,140
AGGCACTGGGATGTCCAATG_002,98
AGGCACTGGGATGTCCAATG_003,15
AGGCACTGGGATGTCCAATG_004,101
AGGCACTGGGATGTCCAATG_005,159
AGGCACTGGGATGTCCAATG_006,174
AGGCACTGGGATGTCCAATG_007,155
AGGCACTGGGATGTCCAATG_008,188
AGGCACTGGGATGTCCAATG_009,61
AGGCACTGGGATGTCCAATG_010,106
AGGCACTGGGATGTCCAATG_011,6
TCAAATTGATGTTTCCATCG_001,169
GGATTATGACATGCCCCGCG_001,184
CATACACCTGCTCACAGGCG_001,36
GAGCATGATTGAGACTCGCG_001,157
GAGCATGATTGAGACTCGCG_002,72
GAGCATGATTGAGACTCGCG_003,162
GAGCATGATTGAGACTCGCG_004,125
GAGCATGATTGAGACTCGCG_005,153
GAGCATGATTGAGACTCGCG_006,56
GAGCATGATTGAGACTCGCG_007,171
GAGCATGATTGAGACTCGCG_008,78
GAGCATGATTGAGACTCGCG_009,82
GAGCATGATTGAGACTCGCG_010,44
GAGCATGATTGAGACTCGCG_011,162
GAGCATGATTGAGACTCGCG_012,67
GAGCATGATTGAGACTCGCG_013,82
GAGCATGATTGAGACTCGCG_014,10
GAGCATGATTGAGACTCGCG_015,147
GAGCATGATTGAGACTCGCG_016,191
GAGCATGATTGAGACTCGCG_017,118
GAGCATGATTGAGACTCGCG_018,94
GAGCATGATTGAGACTCGCG_019,115
AGGTGGGTGGGAATTTCATG_001,55
AGGTGGGTGGGAATTTCATG_002,8
AGGTGGGTGGGAATTTCATG_003,41
AAGCTGGACCCCCATCGGAG_001,122
AAGCTGGACCCCCATCGGAG_002,55
AAGCTGGACCCCCATCGGAG_003,138
AAGCTGGACCCCCATCGGAG_004,34
AAGCTGGACCCCCATCGGAG_005,127
AAGCTGGACCCCCATCGGAG_006,46
AAGCTGGACCCCCATCGGAG_007,169
AAGCTGGACCCCCATCGGAG_008,138
AAGCTGGACCCCCATCGGAG_009,188
AAGCTGGACCCCCATCGGAG_010,161
AAGCTGGACCCCCATCGGAG_011,121
AAGCTGGACCCCCATCGGAG_012,130
AAGCTGGACCCCCATCGGAG_013,116
AAGCTGGACCCCCATCGGAG_014,105
AAGCTGGACCCCCATCGGAG_015,150
AAGCTGGACCCCCATCGGAG_016,9
AAGCTGGACCCCCATCGGAG_017,6
AAGCTGGACCCCCATCGGAG_018,107
AAGCTGGACCCCCATCGGAG_019,23
AAGCTGGACCCCCATCGGAG_020,68
AAGCTGGACCCCCATCGGAG_021,125
AAGCTGGACCCCCATCGGAG_022,152
AAGCTGGACCCCCATCGGAG_023,56
AAGCTGGACCCCCATCGGAG_024,128
AAGCTGGACCCCCATCGGAG_025,62
AAGCTGGACCCCCATCGGAG_026,121
AAGCTGGACCCCCATCGGAG_027,37
AAGCTGGACCCCCATCGGAG_028,173
AAGCTGGACCCCCATCGGAG_029,130
AAGCTGGACCCCCATCGGAG_030,91
AAGCTGGACCCCCATCGGAG_031,15
AAGCTGGACCCCCATCGGAG_032,136
CTGAGTGTAGGCGTACCCTG_001,112
CTGAGTGTAGGCGTACCCTG_002,94
CTGAGTGTAGGCGTACCCTG_003,48
CTGAGTGTAGGCGTACCCTG_004,35
CTGAGTGTAGGCGTACCCTG_005,9
CTGAGTGTAGGCGTACCCTG_006,52
CTGAGTGTAGGCGTACCCTG_007,115
CTGAGTGTAGGCGTACCCTG_008,27
CTGAGTGTAGGCGTACCCTG_009,147
CTGAGTGTAGGCGTACCCTG_010,187
CTGAGTGTAGGCGTACCCTG_011,98
CTGAGTGTAGGCGTACCCTG_012,194
CTGAGTGTAGGCGTACCCTG_013,75
CTGAGTGTAGGCGTACCCTG_014,162
GAGGCTACGACTCGGCAGGT_001,62
GAGGCTACGACTCGGCAGGT_002,153
GAGGCTACGACTCGGCAGGT_003,70
GAGGCTACGACTCGGCAGGT_004,128
GAGGCTACGACTCGGCAGGT_005,66
GAGGCTACGACTCGGCAGGT_006,28
GAGGCTACGACTCGGCAGGT_007,116
GAGGCTACGACTCGGCAGGT_008,29
TCTCCTCCCAACACACTGCA_001,38
TCTCCTCCCAACACACTGCA_002,162
GCTGAACTGCAGCCACCCAG_001,178
GCTGAACTGCAGCCACCCAG_002,6
GCTGAACTGCAGCCACCCAG_003,176
GCTGAACTGCAGCCACCCAG_004,83
GCTGAACTGCAGCCACCCAG_005,166
GCTGAACTGCAGCCACCCAG_006,48
GCTGAACTGCAGCCACCCAG_007,106
GCTGAACTGCAGCCACCCAG_008,61
GCTGAACTGCAGCCACCCAG_009,61
TGTGCAAGACAACTTCAGCA_001,72
TGTGCAAGACAACTTCAGCA_002,176
TGTGCAAGACAACTTCAGCA_003,116
TGTGCAAGACAACTTCAGCA_004,85
TGTGCAAGACAACTTCAGCA_005,62
TGTGCAAGACAACTTCAGCA_006,139
TGTGCAAGACAACTTCAGCA_007,125
TGTGCAAGACAACTTCAGCA_008,129
TGTGCAAGACAACTTCAGCA_009,17
TGTGCAAGACAACTTCAGCA_010,191
TGTGCAAGACAACTTCAGCA_011,27
TGTGCAAGACAACTTCAGCA_012,153
TGTGCAAGACAACTTCAGCA_013,56
TGTGCAAGACAACTTCAGCA_014,62
CAAAACTAATAGCTTCTACT_001,35
CAAAACTAATAGCTTCTACT_002,150
CAAAACTAATAGCTTCTACT_003,174
CCTGGTCAGCATTCGAGGCG_001,94
CCTGGTCAGCATTCGAGGCG_002,181
GGCCTGGGCTATGGCTATGG_001,15
GGCCTGGGCTATGGCTATGG_002,101
GGCCTGGGCTATGGCTATGG_003,161
GGCCTGGGCTATGGCTATGG_004,148
GGCCTGGGCTATGGCTATGG_005,124
GGCCTGGGCTATGGCTATGG_006,8
GGCCTGGGCTATGGCTATGG_007,130
GGCCTGGGCTATGGCTATGG_008,77
TTGCTGAGTCAAAAGGCACT_001,49
TTGCTGAGTCAAAAGGCACT_002,25
TTGCTGAGTCAAAAGGCACT_003,155
TTGCTGAGTCAAAAGGCACT_004,43
TTGCTGAGTCAAAAGGCACT_005,50
TTGCTGAGTCAAAAGGCACT_006,187
TTGCTGAGTCAAAAGGCACT_007,68
GTGGAGTTGAGGATCCACCC_001,111
GTGGAGTTGAGGATCCACCC_002,19
GTGGAGTTGAGGATCCACCC_003,165
GTGGAGTTGAGGATCCACCC_004,166
GTGGAGTTGAGGATCCACCC_005,76
GTGGAGTTGAGGATCCACCC_006,69
GTGGAGTTGAGGATCCACCC_007,51
CGTCACATGCCAGTGCACAC_001,151
CGTCACATGCCAGTGCACAC_002,87
CTCCCGATTCCTCTACCATG_001,41
CTCCCGATTCCTCTACCATG_002,83
CTCCCGATTCCTCTACCATG_003,166
CTCCCGATTCCTCTACCATG_004,188
GACATGAACTATGAAACCAT_001,164
AGGGCCGACCGAATGCGTGG_001,165
AGGGCCGACCGAATGCGTGG_002,58
AGGGCCGACCGAATGCGTGG_003,172
AGGGCCGACCGAATGCGTGG_004,98
AGGGCCGACCGAATGCGTGG_005,17
AGGGCCGACCGAATGCGTGG_006,20
AGGGCCGACCGAATGCGTGG_007,50
AGGGCCGACCGAATGCGTGG_008,124
AGGGCCGACCGAATGCGTGG_009,50
AGGGCCGACCGAATGCGTGG_010,171
AGGGCCGACCGAATGCGTGG_011,29
AGGGCCGACCGAATGCGTGG_012,9
AGGGCCGACCGAATGCGTGG_013,34
AGGGCCGACCGAATGCGTGG_014,78
CACAGCTGAGTAGCCACAGT_001,175
CACAGCTGAGTAGCCACAGT_002,23
CACAGCTGAGTAGCCACAGT_003,119
CACAGCTGAGTAGCCACAGT_004,27
CACAGCTGAGTAGCCACAGT_005,42
CACAGCTGAGTAGCCACAGT_006,36
CACAGCTGAGTAGCCACAGT_007,187
TCATATGTCCGAGAAACCAA_001,110
TCATATGTCCGAGAAACCAA_002,34
TCATATGTCCGAGAAACCAA_003,159
TCATATGTCCGAGAAACCAA_004,150
TCATATGTCCGAGAAACCAA_005,83
TCATATGTCCGAGAAACCAA_006,112
TCAGACTGGAACATGAAGAG_001,166
TCAGACTGGAACATGAAGAG_002,39
TCAGACTGGAACATGAAGAG_003,84
TCAGACTGGAACATGAAGAG_004,182
TCAGACTGGAACATGAAGAG_005,141
TCAGACTGGAACATGAAGAG_006,148
TCAGACTGGAACATGAAGAG_007,91
TCAGACTGGAACATGAAGAG_008,147
TCAGACTGGAACATGAAGAG_009,43
TCAGACTGGAACATGAAGAG_010,60
TCAGACTGGAACATGAAGAG_011,138
TCAGACTGGAACATGAAGAG_012,10
AAATAGGAAACTCTGGAGCT_001,170
ACAGATGTCCAAAGCTACTG_001,161
ACAGATGTCCAAAGCTACTG_002,80
ACAGATGTCCAAAGCTACTG_003,123
ACAGATGTCCAAAGCTACTG_004,5
ACAGATGTCCAAAGCTACTG_005,117
ACAGATGTCCAAAGCTACTG_006,98
ACAGATGTCCAAAGCTACTG_007,35
ACAGATGTCCAAAGCTACTG_008,12
ACAGATGTCCAAAGCTACTG_009,120
ACAGATGTCCAAAGCTACTG_010,68
ACAGATGTCCAAAGCTACTG_011,10
ACAGATGTCCAAAGCTACTG_012,99
ACAGATGTCCAAAGCTACTG_013,190
ACAGATGTCCAAAGCTACTG_014,115
ACAGATGTCCAAAGCTACTG_015,149
ACAGATGTCCAAAGCTACTG_016,32
ACAGATGTCCAAAGCTACTG_017,173
ACAGATGTCCAAAGCTACTG_018,179
ACAGATGTCCAAAGCTACTG_019,169
ACAGATGTCCAAAGCTACTG_020,104
ACAGATGTCCAAAGCTACTG_021,20
ACAGATGTCCAAAGCTACTG_022,19
ACAGATGTCCAAAGCTACTG_023,127
ACAGATGTCCAAAGCTACTG_024,121
ACAGATGTCCAAAGCTACTG_025,152
GATCCAGAATGTCACCCGGA_001,183
GATCCAGAATGTCACCCGGA_002,190
GATCCAGAATGTCACCCGGA_003,62
GATCCAGAATGTCACCCGGA_004,115
AGCTGGCAGACCACAAACTG_001,186
AGCTGGCAGACCACAAACTG_002,133
AGCTGGCAGACCACAAACTG_003,184
AGCTGGCAGACCACAAACTG_004,36
AGCTGGCAGACCACAAACTG_005,17
AGCTGGCAGACCACAAACTG_006,115
AGCTGGCAGACCACAAACTG_007,177
AGCTGGCAGACCACAAACTG_008,148
AGCTGGCAGACCACAAACTG_009,70
AGCTGGCAGACCACAAACTG_010,14
AGCTGGCAGACCACAAACTG_011,67
AGCTGGCAGACCACAAACTG_012,160
AGCTGGCAGACCACAAACTG_013,197
AGCTGGCAGACCACAAACTG_014,150
AGCTGGCAGACCACAAACTG_015,94
AGCTGGCAGACCACAAACTG_016,167
AGCTGGCAGACCACAAACTG_017,88
AGCTGGCAGACCACAAACTG_018,169
AGCTGGCAGACCACAAACTG_019,55
AGCTGGCAGACCACAAACTG_020,177
AGCTGGCAGACCACAAACTG_021,69
CGAGGTAACTCGTTAATCCA_001,83
TGAATATGCTATGAAGGCTG_001,176
TGAATATGCTATGAAGGCTG_002,94
TGAATATGCTATGAAGGCTG_003,126
TGAATATGCTATGAAGGCTG_004,93
TGAATATGCTATGAAGGCTG_005,62
TGAATATGCTATGAAGGCTG_006,34
TGAATATGCTATGAAGGCTG_007,169
TGGCGTCTGCGCGTACCGTG_001,30
TGGCGTCTGCGCGTACCGTG_002,13
TGGCGTCTGCGCGTACCGTG_003,15
TGGCGTCTGCGCGTACCGTG_004,121
TGGCGTCTGCGCGTACCGTG_005,150
TGGCGTCTGCGCGTACCGTG_006,107
GGGCAAAAAGCAAATAATTG_001,184
GGGCAAAAAGCAAATAATTG_002,132
GGGCAAAAAGCAAATAATTG_003,16
GGGCAAAAAGCAAATAATTG_004,197
GGGCAAAAAGCAAATAATTG_005,78
GGGCAAAAAGCAAATAATTG_006,175
GGGCAAAAAGCAAATAATTG_007,96
GTCATAGAGCGCGGTAACGG_001,160
GTCATAGAGCGCGGTAACGG_002,108
GTCATAGAGCGCGGTAACGG_003,107
GTCATAGAGCGCGGTAACGG_004,119
GTCATAGAGCGCGGTAACGG_005,22
GTCATAGAGCGCGGTAACGG_006,41
ATGCCATCCAGACAGTGTCA_001,155
CAACTTCTCCACACACATGG_001,182
CAACTTCTCCACACACATGG_002,58
CAACTTCTCCACACACATGG_003,71
CAACTTCTCCACACACATGG_004,16
CAACTTCTCCACACACATGG_005,149
CAACTTCTCCACACACATGG_006,149
CAACTTCTCCACACACATGG_007,197
CAACTTCTCCACACACATGG_008,102
CAACTTCTCCACACACATGG_009,127
CAATGCTGTCCAGGAAAGCA_001,137
CAATGCTGTCCAGGAAAGCA_002,36
CAATGCTGTCCAGGAAAGCA_003,120
CAATGCTGTCCAGGAAAGCA_004,114
CAATGCTGTCCAGGAAAGCA_005,94
CAATGCTGTCCAGGAAAGCA_006,100
CAATGCTGTCCAGGAAAGCA_007,41
CAATGCTGTCCAGGAAAGCA_008,137
CAATGCTGTCCAGGAAAGCA_009,49
CAATGCTGTCCAGGAAAGCA_010,106
CAATGCTGTCCAGGAAAGCA_011,98
CAATGCTGTCCAGGAAAGCA_012,188
CAATGCTGTCCAGGAAAGCA_013,100
CAATGCTGTCCAGGAAAGCA_014,70
CAATGCTGTCCAGGAAAGCA_015,81
CAATGCTGTCCAGGAAAGCA_016,118
CAATGCTGTCCAGGAAAGCA_017,29
TGATCGTGAGGCTCATAATG_001,105
TGATCGTGAGGCTCATAATG_002,115
TGATCGTGAGGCTCATAATG_003,71
TGATCGTGAGGCTCATAATG_004,79
GAGCTGACAATGGAAAGTCT_001,145
GAGCTGACAATGGAAAGTCT_002,183
GCTTGCGGGCAATGTAGCAC_001,122
GCTTGCGGGCAATGTAGCAC_002,118
GCTTGCGGGCAATGTAGCAC_003,160
GCTTGCGGGCAATGTAGCAC_004,6
GCTTGCGGGCAATGTAGCAC_005,36
GCTTGCGGGCAATGTAGCAC_006,136
AAATGTTCAAAGCCTGCTTG_001,66
AAATGTTCAAAGCCTGCTTG_002,76
AAATGTTCAAAGCCTGCTTG_003,60
AAATGTTCAAAGCCTGCTTG_004,42
AAATGTTCAAAGCCTGCTTG_005,69
AAATGTTCAAAGCCTGCTTG_006,1
AAATGTTCAAAGCCTGCTTG_007,69
AAATGTTCAAAGCCTGCTTG_008,55
AAATGTTCAAAGCCTGCTTG_009,10
AAATGTTCAAAGCCTGCTTG_010,82
AAATGTTCAAAGCCTGCTTG_011,33
AAATGTTCAAAGCCTGCTTG_012,175
ACCTAAAGAATGTGCAGCTG_001,166
ACCTAAAGAATGTGCAGCTG_002,132
ACCTAAAGAATGTGCAGCTG_003,72
ATTCAAATATAAGATCAGTG_001,171
ATTCAAATATAAGATCAGTG_002,80
GTTGTTGCAAAAGTCCCCAC_001,2
GTTGTTGCAAAAGTCCCCAC_002,75
GTTGTTGCAAAAGTCCCCAC_003,169
GTTGTTGCAAAAGTCCCCAC_004,103
TCACCGCTTCCCGCACACCA_001,172
TCACCGCTTCCCGCACACCA_002,4
TCACCGCTTCCCGCACACCA_003,7
TCACCGCTTCCCGCACACCA_004,149
TCACCGCTTCCCGCACACCA_005,107
TCACCGCTTCCCGCACACCA_006,166
TCACCGCTTCCCGCACACCA_007,32
TCACCGCTTCCCGCACACCA_008,115
TCACCGCTTCCCGCACACCA_009,51
TCACCGCTTCCCGCACACCA_010,145
TCACCGCTTCCCGCACACCA_011,96
TCACCGCTTCCCGCACACCA_012,179
TCACCGCTTCCCGCACACCA_013,40
TCACCGCTTCCCGCACACCA_014,38
TCACCGCTTCCCGCACACCA_015,139
TCACCGCTTCCCGCACACCA_016,120
TCACCGCTTCCCGCACACCA_017,163
TCACCGCTTCCCGCACACCA_018,2
TCACCGCTTCCCGCACACCA_019,149
TCACCGCTTCCCGCACACCA_020,183
TCACCGCTTCCCGCACACCA_021,38
TCACCGCTTCCCGCACACCA_022,70
TCACCGCTTCCCGCACACCA_023,63
TCACCGCTTCCCGCACACCA_024,130
TCACCGCTTCCCGCACACCA_025,24
TCACCGCTTCCCGCACACCA_026,79
TCACCGCTTCCCGCACACCA_027,178
TCACCGCTTCCCGCACACCA_028,28
TCACCGCTTCCCGCACACCA_029,170
CGGCGCCCGGGTCCCTACTG_001,49
CGGCGCCCGGGTCCCTACTG_002,162
CGGCGCCCGGGTCCCTACTG_003,115
CGGCGCCCGGGTCCCTACTG_004,62
CGGCGCCCGGGTCCCTACTG_005,178
CGGCGCCCGGGTCCCTACTG_006,104
CGGCGCCCGGGTCCCTACTG_007,172
CGGCGCCCGGGTCCCTACTG_008,63
CGGCGCCCGGGTCCCTACTG_009,126
CGGCGCCCGGGTCCCTACTG_010,153
CGGCGCCCGGGTCCCTACTG_011,147
CGGCGCCCGGGTCCCTACTG_012,15
CGGCGCCCGGGTCCCTACTG_013,28
CGGCGCCCGGGTCCCTACTG_014,39
CGGCGCCCGGGTCCCTACTG_015,67
CGGCGCCCGGGTCCCTACTG_016,118
GATGTTGACTCTGTTACCGT_001,83
GATGTTGACTCTGTTACCGT_002,64
GATGTTGACTCTGTTACCGT_003,116
GATGTTGACTCTGTTACCGT_004,36
GATGTTGACTCTGTTACCGT_005,52
GATGTTGACTCTGTTACCGT_006,108
ATAGCACTTTAAAAAAGGCA_001,176
ATAGCACTTTAAAAAAGGCA_002,1
ATAGCACTTTAAAAAAGGCA_003,66
ATAGCACTTTAAAAAAGGCA_004,129
ATAGCACTTTAAAAAAGGCA_005,180
CTATCCACTCCATTCAAGTG_001,61
CTATCCACTCCATTCAAGTG_002,169
CTATCCACTCCATTCAAGTG_003,118
CTATCCACTCCATTCAAGTG_004,59
CTATCCACTCCATTCAAGTG_005,29
CTATCCACTCCATTCAAGTG_006,50
CTATCCACTCCATTCAAGTG_007,130
CTATCCACTCCATTCAAGTG_008,140
GCTGTCTGATTTGTAGAACT_001,6
GCTGTCTGATTTGTAGAACT_002,159
GCTGTCTGATTTGTAGAACT_003,185
GCTGTCTGATTTGTAGAACT_004,76
GCTGTCTGATTTGTAGAACT_005,28
GCTGTCTGATTTGTAGAACT_006,147
GCTGTCTGATTTGTAGAACT_007,82
GCTGTCTGATTTGTAGAACT_008,158
GCTGTCTGATTTGTAGAACT_009,158
GCTGTCTGATTTGTAGAACT_010,90
GCTGTCTGATTTGTAGAACT_011,188
GCTGTCTGATTTGTAGAACT_012,61
GCTGTCTGATTTGTAGAACT_013,36
GCTGTCTGATTTGTAGAACT_014,48
GCTGTCTGATTTGTAGAACT_015,29
GCTGTCTGATTTGTAGAACT_016,114
TGCCGAGTCCCACGACCAGG_001,1
TGCCGAGTCCCACGACCAGG_002,15
TGCCGAGTCCCACGACCAGG_003,108
TGCCGAGTCCCACGACCAGG_004,145
TGCCGAGTCCCACGACCAGG_005,27
TGCCGAGTCCCACGACCAGG_006,185
CGCCTGAGACCCAACCGCAG_001,8
CGCCTGAGACCCAACCGCAG_002,102
CGCCTGAGACCCAACCGCAG_003,181
CGCCTGAGACCCAACCGCAG_004,12
CGCCTGAGACCCAACCGCAG_005,8
CGCCTGAGACCCAACCGCAG_006,181
CGCCTGAGACCCAACCGCAG_007,73
CGCCTGAGACCCAACCGCAG_008,49
CGCCTGAGACCCAACCGCAG_009,33
CGCCTGAGACCCAACCGCAG_010,70
CGCCTGAGACCCAACCGCAG_011,94
CGCCTGAGACCCAACCGCAG_012,49
CGCCTGAGACCCAACCGCAG_013,57
CGCCTGAGACCCAACCGCAG_014,8
CGCCTGAGACCCAACCGCAG_015,158
CGCCTGAGACCCAACCGCAG_016,157
CGCCTGAGACCCAACCGCAG_017,21
CGCCTGAGACCCAACCGCAG_018,2
CGCCTGAGACCCAACCGCAG_019,78
CGCCTGAGACCCAACCGCAG_020,184
CGCCTGAGACCCAACCGCAG_021,144
ATTTCCAGGAGGTGAAACAT_001,58
ATTTCCAGGAGGTGAAACAT_002,126
ATTTCCAGGAGGTGAAACAT_003,175
ATTTCCAGGAGGTGAAACAT_004,95
ATTTCCAGGAGGTGAAACAT_005,130
ATTTCCAGGAGGTGAAACAT_006,174
ATTTCCAGGAGGTGAAACAT_007,175
ATTTCCAGGAGGTGAAACAT_008,168
ATTTCCAGGAGGTGAAACAT_009,24
ATTTCCAGGAGGTGAAACAT_010,99
ATTTCCAGGAGGTGAAACAT_011,127
AGGGGCAGCAGGTGATGGGG_001,147
AGGGGCAGCAGGTGATGGGG_002,178
AGGGGCAGCAGGTGATGGGG_003,6
CAGCCTCTATAACACACTGG_001,85
CAGCCTCTATAACACACTGG_002,152
CAGCCTCTATAACACACTGG_003,68
CATTGGTAAGAAGATCGGTG_001,147
CATTGGTAAGAAGATCGGTG_002,83
CATTGGTAAGAAGATCGGTG_003,31
CATTGGTAAGAAGATCGGTG_004,73
CTGGTAAGTCTCACCTTCCG_001,49
CTGGTAAGTCTCACCTTCCG_002,117
ATTGCTTGTCATTTGTAGGC_001,188
ATTGCTTGTCATTTGTAGGC_002,149
ATTGCTTGTCATTTGTAGGC_003,127
ATTGCTTGTCATTTGTAGGC_004,169
ATTGCTTGTCATTTGTAGGC_005,169
ATTGCTTGTCATTTGTAGGC_006,158
ATTGCTTGTCATTTGTAGGC_007,154
ATTGCTTGTCATTTGTAGGC_008,0
AGCTAAAGGACATTACCCTG_001,89
AGCTAAAGGACATTACCCTG_002,115
AGCTAAAGGACATTACCCTG_003,39
AGCTAAAGGACATTACCCTG_004,170
AGCTAAAGGACATTACCCTG_005,79
AGCTAAAGGACATTACCCTG_006,106
AGCTAAAGGACATTACCCTG_007,157
TGATGTACAGAAAATAGTCG_001,15
TGATGTACAGAAAATAGTCG_002,26
TGATGTACAGAAAATAGTCG_003,56
TTCAAGCATCCAAAATGTGT_001,29
TTCAAGCATCCAAAATGTGT_002,16
TTCAAGCATCCAAAATGTGT_003,190
TTCAAGCATCCAAAATGTGT_004,39
TTCAAGCATCCAAAATGTGT_005,39
TTTCCGGTCATAGATGATCC_001,88
TTTCCGGTCATAGATGATCC_002,146
TTTCCGGTCATAGATGATCC_003,37
CCCTAGCGCCCCGACAGTCG_001,182
CCCTAGCGCCCCGACAGTCG_002,168
CCCTAGCGCCCCGACAGTCG_003,111
TCACAGACCTCAAGAAACTG_001,18
TCACAGACCTCAAGAAACTG_002,137
TCACAGACCTCAAGAAACTG_003,49
TCACAGACCTCAAGAAACTG_004,149
TCACAGACCTCAAGAAACTG_005,149
TCACAGACCTCAAGAAACTG_006,12
TCACAGACCTCAAGAAACTG_007,6
TCACAGACCTCAAGAAACTG_008,149
TCACAGACCTCAAGAAACTG_009,121
TCACAGACCTCAAGAAACTG_010,198
TCACAGACCTCAAGAAACTG_011,17
TCACAGACCTCAAGAAACTG_012,170
TCACAGACCTCAAGAAACTG_013,77
TCACAGACCTCAAGAAACTG_014,187
GAAGGTGAAGATCTCAGGAC_001,17
GAAGGTGAAGATCTCAGGAC_002,94
GAAGGTGAAGATCTCAGGAC_003,116
GAAGGTGAAGATCTCAGGAC_004,27
GAAGGTGAAGATCTCAGGAC_005,88
GAAGGTGAAGATCTCAGGAC_006,94
GAAGGTGAAGATCTCAGGAC_007,17
GAAGGTGAAGATCTCAGGAC_008,168
GAAGGTGAAGATCTCAGGAC_009,193
GAAGGTGAAGATCTCAGGAC_010,146
GAAGGTGAAGATCTCAGGAC_011,2
GAAGGTGAAGATCTCAGGAC_012,188
GAAGGTGAAGATCTCAGGAC_013,138
GAAGGTGAAGATCTCAGGAC_014,29
GCCATGTGCTAACTGTAGGT_001,172
GCCATGTGCTAACTGTAGGT_002,25
GCCATGTGCTAACTGTAGGT_003,125
GCCATGTGCTAACTGTAGGT_004,129
GCCATGTGCTAACTGTAGGT_005,77
GCCATGTGCTAACTGTAGGT_006,184
GCCATGTGCTAACTGTAGGT_007,160
GCCATGTGCTAACTGTAGGT_008,127
GCCATGTGCTAACTGTAGGT_009,139
GCCATGTGCTAACTGTAGGT_010,48
GCCATGTGCTAACTGTAGGT_011,168
GCCATGTGCTAACTGTAGGT_012,19
GCCATGTGCTAACTGTAGGT_013,157
GCCATGTGCTAACTGTAGGT_014,63
TGGCTGGAGGAACTTAGGAG_001,60
TGGCTGGAGGAACTTAGGAG_002,127
TGGCTGGAGGAACTTAGGAG_003,159
TGGCTGGAGGAACTTAGGAG_004,9
TGGCTGGAGGAACTTAGGAG_005,190
TGGCTGGAGGAACTTAGGAG_006,8
TGGCTGGAGGAACTTAGGAG_007,74
TGGCTGGAGGAACTTAGGAG_008,103
TGGCTGGAGGAACTTAGGAG_009,68
TGGCTGGAGGAACTTAGGAG_010,103
TGGCTGGAGGAACTTAGGAG_011,60
TGGCTGGAGGAACTTAGGAG_012,118
TGGCTGGAGGAACTTAGGAG_013,82
TGGCTGGAGGAACTTAGGAG_014,57
TGGCTGGAGGAACTTAGGAG_015,118
TGGCTGGAGGAACTTAGGAG_016,96
TGGCTGGAGGAACTTAGGAG_017,25
GCTAATGGTCGATTTGAAGT_001,20
TTATGACATCAGGAGAACAG_001,82
GGATGCCATCCTGCGGTCGG_001,105
GGATGCCATCCTGCGGTCGG_002,127
GGATGCCATCCTGCGGTCGG_003,70
GGATGCCATCCTGCGGTCGG_004,60
GGATGCCATCCTGCGGTCGG_005,17
GGATGCCATCCTGCGGTCGG_006,16
AGGTCAGCATCACTCCGGAC_001,17
AGGTCAGCATCACTCCGGAC_002,197
AGGTCAGCATCACTCCGGAC_003,140
AGGTCAGCATCACTCCGGAC_004,25
AGGTCAGCATCACTCCGGAC_005,137
AGCCGAAGGGCAACAAACCA_001,159
AGCCGAAGGGCAACAAACCA_002,48
AGCCGAAGGGCAACAAACCA_003,12
AGCCGAAGGGCAACAAACCA_004,43
AGCCGAAGGGCAACAAACCA_005,26
AGCCGAAGGGCAACAAACCA_006,94
AGCCGAAGGGCAACAAACCA_007,85
AGCCGAAGGGCAACAAACCA_008,8
AGCCGAAGGGCAACAAACCA_009,139
AGCCGAAGGGCAACAAACCA_010,53
AGCCGAAGGGCAACAAACCA_011,188
AGCCGAAGGGCAACAAACCA_012,17
AGCCGAAGGGCAACAAACCA_013,1
AGCCGAAGGGCAACAAACCA_014,88
AGCCGAAGGGCAACAAACCA_015,33
AGCCGAAGGGCAACAAACCA_016,121
AGCCGAAGGGCAACAAACCA_017,26
AGCCGAAGGGCAACAAACCA_018,155
AGCCGAAGGGCAACAAACCA_019,48
AGCCGAAGGGCAACAAACCA_020,170
AGCCGAAGGGCAACAAACCA_021,16
AGCCGAAGGGCAACAAACCA_022,159
AGCCGAAGGGCAACAAACCA_023,72
AGCCGAAGGGCAACAAACCA_024,62
AGCCGAAGGGCAACAAACCA_025,181
AGCCGAAGGGCAACAAACCA_026,62
AGCCGAAGGGCAACAAACCA_027,55
AGCCGAAGGGCAACAAACCA_028,130
AGCCGAAGGGCAACAAACCA_029,49
AGCCGAAGGGCAACAAACCA_030,61
AGCCGAAGGGCAACAAACCA_031,185
AGCCGAAGGGCAACAAACCA_032,57
AGCCGAAGGGCAACAAACCA_033,151
AGCCGAAGGGCAACAAACCA_034,176
AGCCGAAGGGCAACAAACCA_035,127
AGCCGAAGGGCAACAAACCA_036,188
AGCCGAAGGGCAACAAACCA_037,40
AGCCGAAGGGCAACAAACCA_038,153
AGCCGAAGGGCAACAAACCA_039,179
AGCCGAAGGGCAACAAACCA_040,68
AGCCGAAGGGCAACAAACCA_041,177
ATTCCGCCTTGACCTACTAG_001,143
ATTCCGCCTTGACCTACTAG_002,143
ATTCCGCCTTGACCTACTAG_003,147
ATTCCGCCTTGACCTACTAG_004,70
ATTCCGCCTTGACCTACTAG_005,188
ATTCCGCCTTGACCTACTAG_006,150
ATTCCGCCTTGACCTACTAG_007,110
ATTCCGCCTTGACCTACTAG_008,185
ATTCCGCCTTGACCTACTAG_009,166
AGACCAAGCCAACTGCAGAT_001,65
AGACCAAGCCAACTGCAGAT_002,124
AGACCAAGCCAACTGCAGAT_003,124
AGACCAAGCCAACTGCAGAT_004,11
AGACCAAGCCAACTGCAGAT_005,55
AGACCAAGCCAACTGCAGAT_006,112
AGACCAAGCCAACTGCAGAT_007,63
AGACCAAGCCAACTGCAGAT_008,63
AGACCAAGCCAACTGCAGAT_009,21
AGACCAAGCCAACTGCAGAT_010,69
AGACCAAGCCAACTGCAGAT_011,24
AGACCAAGCCAACTGCAGAT_012,19
AGACCAAGCCAACTGCAGAT_013,137
AGACCAAGCCAACTGCAGAT_014,158
AGACCAAGCCAACTGCAGAT_015,154
AGACCAAGCCAACTGCAGAT_016,183
AGACCAAGCCAACTGCAGAT_017,40
AGACCAAGCCAACTGCAGAT_018,2
AGACCAAGCCAACTGCAGAT_019,29
AGACCAAGCCAACTGCAGAT_020,63
AGACCAAGCCAACTGCAGAT_021,90
AGACCAAGCCAACTGCAGAT_022,58
AGACCAAGCCAACTGCAGAT_023,17
AGACCAAGCCAACTGCAGAT_024,81
AGACCAAGCCAACTGCAGAT_025,37
AGACCAAGCCAACTGCAGAT_026,37
AGACCAAGCCAACTGCAGAT_027,116
AGACCAAGCCAACTGCAGAT_028,82
AGACCAAGCCAACTGCAGAT_029,60
CTCTATGTGAGAGATAACAC_001,130
CTCTATGTGAGAGATAACAC_002,79
CAGTGAGACTAGGTTCCCGT_001,35
CAGTGAGACTAGGTTCCCGT_002,44
CAGTGAGACTAGGTTCCCGT_003,112
CAGTGAGACTAGGTTCCCGT_004,112
CAGTGAGACTAGGTTCCCGT_005,69
CAGTGAGACTAGGTTCCCGT_006,16
GGATATCCAGGAAGAGTCGA_001,183
GGATATCCAGGAAGAGTCGA_002,102
GGATATCCAGGAAGAGTCGA_003,171
GGATATCCAGGAAGAGTCGA_004,57
GGATATCCAGGAAGAGTCGA_005,194
GGATATCCAGGAAGAGTCGA_006,145
GGATATCCAGGAAGAGTCGA_007,146
GGATATCCAGGAAGAGTCGA_008,88
GGATATCCAGGAAGAGTCGA_009,4
GGATATCCAGGAAGAGTCGA_010,9
GGATATCCAGGAAGAGTCGA_011,105
GGATATCCAGGAAGAGTCGA_012,132
AGATGAAGGCTACATCAAGG_001,12
AGATGAAGGCTACATCAAGG_002,62
AGATGAAGGCTACATCAAGG_003,191
AGATGAAGGCTACATCAAGG_004,191
AGATGAAGGCTACATCAAGG_005,175
AGATGAAGGCTACATCAAGG_006,34
AGATGAAGGCTACATCAAGG_007,96
AGATGAAGGCTACATCAAGG_008,83
AGATGAAGGCTACATCAAGG_009,52
AGATGAAGGCTACATCAAGG_010,74
AGATGAAGGCTACATCAAGG_011,141
AGGACCCAGAGGTCTACCAG_001,148
AGGACCCAGAGGTCTACCAG_002,118
AGGACCCAGAGGTCTACCAG_003,84
AGGACCCAGAGGTCTACCAG_004,72
AGGACCCAGAGGTCTACCAG_005,91
AGGACCCAGAGGTCTACCAG_006,3
GCTGCAGGTGCAATGACACG_001,84
GCTGCAGGTGCAATGACACG_002,170
GCTGCAGGTGCAATGACACG_003,42
GCTGCAGGTGCAATGACACG_004,162
GCTGCAGGTGCAATGACACG_005,8
GCTGCAGGTGCAATGACACG_006,12
GCTGCAGGTGCAATGACACG_007,57
GCTGCAGGTGCAATGACACG_008,199
GCTGCAGGTGCAATGACACG_009,118
ACGTCCAGTGAGACATACGT_001,197
ACGTCCAGTGAGACATACGT_002,18
ACGTCCAGTGAGACATACGT_003,185
ACGTCCAGTGAGACATACGT_004,17
ACGTCCAGTGAGACATACGT_005,188
ACGTCCAGTGAGACATACGT_006,94
ACGTCCAGTGAGACATACGT_007,150
ACGTCCAGTGAGACATACGT_008,139
ACGTCCAGTGAGACATACGT_009,18
GCTGCCAGACTTCGATGGCT_001,149
GCTGCCAGACTTCGATGGCT_002,49
GCTGCCAGACTTCGATGGCT_003,83
GCTGCCAGACTTCGATGGCT_004,38
GCTGCCAGACTTCGATGGCT_005,152
GGTTCCTGTCCAGATACGGC_001,81
GGTTCCTGTCCAGATACGGC_002,94
GGTTCCTGTCCAGATACGGC_003,43
GGTTCCTGTCCAGATACGGC_004,156
GGTTCCTGTCCAGATACGGC_005,5
GGTTCCTGTCCAGATACGGC_006,82
GGTTCCTGTCCAGATACGGC_007,52
GGTTCCTGTCCAGATACGGC_008,170
GTCTGAACCGGAATGCTCGA_001,36
GTCTGAACCGGAATGCTCGA_002,89
GTCTGAACCGGAATGCTCGA_003,34
GTCTGAACCGGAATGCTCGA_004,130
GTCTGAACCGGAATGCTCGA_005,171
GTCTGAACCGGAATGCTCGA_006,192
GTCTGAACCGGAATGCTCGA_007,69
GTCTGAACCGGAATGCTCGA_008,101
GTCTGAACCGGAATGCTCGA_009,98
GTCTGAACCGGAATGCTCGA_010,185
GTCTGAACCGGAATGCTCGA_011,82
GTCTGAACCGGAATGCTCGA_012,105
GTCTGAACCGGAATGCTCGA_013,109
GTCTGAACCGGAATGCTCGA_014,107
GTCTGAACCGGAATGCTCGA_015,58
GTCTGAACCGGAATGCTCGA_016,168
GTCTGAACCGGAATGCTCGA_017,127
GTCTGAACCGGAATGCTCGA_018,138
GTCTGAACCGGAATGCTCGA_019,60
GTCTGAACCGGAATGCTCGA_020,165
AAGCCCAAAATGGAGTGTCA_001,11
AAGCCCAAAATGGAGTGTCA_002,128
AAGCCCAAAATGGAGTGTCA_003,47
AAGCCCAAAATGGAGTGTCA_004,17
AAGCCCAAAATGGAGTGTCA_005,103
AAGCCCAAAATGGAGTGTCA_006,75
AAGCCCAAAATGGAGTGTCA_007,179
AAGCCCAAAATGGAGTGTCA_008,152
AAGCCCAAAATGGAGTGTCA_009,50
AAGCCCAAAATGGAGTGTCA_010,50
AAGCCCAAAATGGAGTGTCA_011,191
AAGCCCAAAATGGAGTGTCA_012,145
AAGCCCAAAATGGAGTGTCA_013,56
AAGCCCAAAATGGAGTGTCA_014,141
GGAGGAAGACCGATTAGCCA_001,1
GGAGGAAGACCGATTAGCCA_002,59
GGAGGAAGACCGATTAGCCA_003,120
GGAGGAAGACCGATTAGCCA_004,11
GGAGGAAGACCGATTAGCCA_005,11
GGAGGAAGACCGATTAGCCA_006,0
TGTACACTTCGGGCCGCATG_001,125
TGTACACTTCGGGCCGCATG_002,0
TGTACACTTCGGGCCGCATG_003,162
TGTACACTTCGGGCCGCATG_004,91
TGTACACTTCGGGCCGCATG_005,88
TGTACACTTCGGGCCGCATG_006,81
TGTACACTTCGGGCCGCATG_007,75
TGTACACTTCGGGCCGCATG_008,16
TGTACACTTCGGGCCGCATG_009,113
TGTACACTTCGGGCCGCATG_010,186
GCAAATCCTCCACGGCACCG_001,199
GCAAATCCTCCACGGCACCG_002,5
GCAAATCCTCCACGGCACCG_003,174
GCAAATCCTCCACGGCACCG_004,196
GCAAATCCTCCACGGCACCG_005,38
GCAAATCCTCCACGGCACCG_006,24
GCAAATCCTCCACGGCACCG_007,162
GCAAATCCTCCACGGCACCG_008,150
GCAAATCCTCCACGGCACCG_009,158
GCAAATCCTCCACGGCACCG_010,94
GCAAATCCTCCACGGCACCG_011,197
GCAAATCCTCCACGGCACCG_012,70
GCAAATCCTCCACGGCACCG_013,17
GCAAATCCTCCACGGCACCG_014,198
GCAAATCCTCCACGGCACCG_015,31
GCAAATCCTCCACGGCACCG_016,146
GCAAATCCTCCACGGCACCG_017,69
GCAAATCCTCCACGGCACCG_018,82
GCAAATCCTCCACGGCACCG_019,108
GCAAATCCTCCACGGCACCG_020,187
GCAAATCCTCCACGGCACCG_021,105
GCAAATCCTCCACGGCACCG_022,15
GCAAATCCTCCACGGCACCG_023,15
GCAAATCCTCCACGGCACCG_024,38
GCAAATCCTCCACGGCACCG_025,115
GCAAATCCTCCACGGCACCG_026,111
GCAAATCCTCCACGGCACCG_027,75
GCAAATCCTCCACGGCACCG_028,62
GCAAATCCTCCACGGCACCG_029,68
GCAAATCCTCCACGGCACCG_030,175
GCAAATCCTCCACGGCACCG_031,19
GCAAATCCTCCACGGCACCG_032,23
GCAAATCCTCCACGGCACCG_033,168
GCAAATCCTCCACGGCACCG_034,145
GCAAATCCTCCACGGCACCG_035,198
GCAAATCCTCCACGGCACCG_036,33
GCAAATCCTCCACGGCACCG_037,136
GCAAATCCTCCACGGCACCG_038,167
GCAAATCCTCCACGGCACCG_039,167
GCAAATCCTCCACGGCACCG_040,150
GCCGTCGGGAGAAGGCCCCG_001,119
GCCGTCGGGAGAAGGCCCCG_002,0
GCCGTCGGGAGAAGGCCCCG_003,15
GCCGTCGGGAGAAGGCCCCG_004,35
GCCGTCGGGAGAAGGCCCCG_005,122
GCCGTCGGGAGAAGGCCCCG_006,42
GCCGTCGGGAGAAGGCCCCG_007,42
GCCGTCGGGAGAAGGCCCCG_008,191
GCCGTCGGGAGAAGGCCCCG_009,40
GCCGTCGGGAGAAGGCCCCG_010,0
GCCGTCGGGAGAAGGCCCCG_011,177
GCCGTCGGGAGAAGGCCCCG_012,55
GCCGTCGGGAGAAGGCCCCG_013,115
GCCGTCGGGAGAAGGCCCCG_014,47
GCCGTCGGGAGAAGGCCCCG_015,166
GCCGTCGGGAGAAGGCCCCG_016,78
GCCGTCGGGAGAAGGCCCCG_017,181
GCCGTCGGGAGAAGGCCCCG_018,80
GCCGTCGGGAGAAGGCCCCG_019,77
GCCGTCGGGAGAAGGCCCCG_020,161
GCCGTCGGGAGAAGGCCCCG_021,28
GCCGTCGGGAGAAGGCCCCG_022,106
GCCGTCGGGAGAAGGCCCCG_023,119
GGGAGACACAGGATCCCAAG_001,12
GGGAGACACAGGATCCCAAG_002,102
GGGAGACACAGGATCCCAAG_003,69
GGGAGACACAGGATCCCAAG_004,19
GGGAGACACAGGATCCCAAG_005,162
GGGAGACACAGGATCCCAAG_006,127
GGGCTCCAGCAGCCAAAAGG_001,6
GGGCTCCAGCAGCCAAAAGG_002,22
GGGCTCCAGCAGCCAAAAGG_003,197
GGGCTCCAGCAGCCAAAAGG_004,193
GGGCTCCAGCAGCCAAAAGG_005,86
GGGCTCCAGCAGCCAAAAGG_006,145
GGGCTCCAGCAGCCAAAAGG_007,13
GGGCTCCAGCAGCCAAAAGG_008,144
GGGCTCCAGCAGCCAAAAGG_009,124
GGGCTCCAGCAGCCAAAAGG_010,27
GGGCTCCAGCAGCCAAAAGG_011,88
GGGCTCCAGCAGCCAAAAGG_012,179
GGGCTCCAGCAGCCAAAAGG_013,44
GGGCTCCAGCAGCCAAAAGG_014,147
TACAATACCTATATCGGGCA_001,125
TACAATACCTATATCGGGCA_002,94
TGTGCACAGGGTCACGCACA_001,40
TGTGCACAGGGTCACGCACA_002,52
TGTGCACAGGGTCACGCACA_003,114
TGTGCACAGGGTCACGCACA_004,122
TGTGCACAGGGTCACGCACA_005,193
TGTGCACAGGGTCACGCACA_006,58
TGTGCACAGGGTCACGCACA_007,63
TGTGCACAGGGTCACGCACA_008,162
TGTGCACAGGGTCACGCACA_009,78
TTATGTGTCTACCCTCGCAT_001,8
TTATGTGTCTACCCTCGCAT_002,35
TTATGTGTCTACCCTCGCAT_003,107
TTATGTGTCTACCCTCGCAT_004,98
TTATGTGTCTACCCTCGCAT_005,159
TTATGTGTCTACCCTCGCAT_006,113
TTATGTGTCTACCCTCGCAT_007,119
TTATGTGTCTACCCTCGCAT_008,121
TTATGTGTCTACCCTCGCAT_009,154
TTATGTGTCTACCCTCGCAT_010,41
TTATGTGTCTACCCTCGCAT_011,55
TTATGTGTCTACCCTCGCAT_012,43
TTATGTGTCTACCCTCGCAT_013,137
TTATGTGTCTACCCTCGCAT_014,184
TTATGTGTCTACCCTCGCAT_015,184
TTATGTGTCTACCCTCGCAT_016,5
AAAGCACCACATCAGATGAC_001,181
AAAGCACCACATCAGATGAC_002,27
TGAAAGTGTGAACTTCGATG_001,144
TGAAAGTGTGAACTTCGATG_002,168
TGAAAGTGTGAACTTCGATG_003,166
TGAAAGTGTGAACTTCGATG_004,116
TGAAAGTGTGAACTTCGATG_005,184
GTACTGTGGTAGAGTCCCTG_001,151
GTACTGTGGTAGAGTCCCTG_002,27
GTACTGTGGTAGAGTCCCTG_003,15
GTACTGTGGTAGAGTCCCTG_004,49
GTACTGTGGTAGAGTCCCTG_005,112
GTACTGTGGTAGAGTCCCTG_006,22
AAAAGGCTTCAACCATTCCA_001,77
AAAAGGCTTCAACCATTCCA_002,193
AAAAGGCTTCAACCATTCCA_003,68
AAAAGGCTTCAACCATTCCA_004,15
AAAAGGCTTCAACCATTCCA_005,190
AAAAGGCTTCAACCATTCCA_006,11
GTCACCCACATCCCGCACGT_001,102
GTCACCCACATCCCGCACGT_002,78
GTCACCCACATCCCGCACGT_003,74
GTCACCCACATCCCGCACGT_004,72
GTCACCCACATCCCGCACGT_005,2
GTCACCCACATCCCGCACGT_006,16
GTCACCCACATCCCGCACGT_007,162
GTCACCCACATCCCGCACGT_008,177
GTCACCCACATCCCGCACGT_009,175
GTCACCCACATCCCGCACGT_010,19
CTGTATTAATTCCTGAACCC_001,165
CTTCGTGCGCTTCACCACCG_001,139
CTTCGTGCGCTTCACCACCG_002,21
CTTCGTGCGCTTCACCACCG_003,119
CTTCGTGCGCTTCACCACCG_004,7
CTTCGTGCGCTTCACCACCG_005,128
CTTCGTGCGCTTCACCACCG_006,191
CTTCGTGCGCTTCACCACCG_007,19
CTTCGTGCGCTTCACCACCG_008,161
CTTCGTGCGCTTCACCACCG_009,197
CTTCGTGCGCTTCACCACCG_010,180
GGCCATAGCTAGTGCCACCG_001,12
GGCCATAGCTAGTGCCACCG_002,133
GGCCATAGCTAGTGCCACCG_003,155
GGCCATAGCTAGTGCCACCG_004,38
GGCCATAGCTAGTGCCACCG_005,9
GGCCATAGCTAGTGCCACCG_006,26
GGCCATAGCTAGTGCCACCG_007,148
GGCCATAGCTAGTGCCACCG_008,45
GGCCATAGCTAGTGCCACCG_009,134
GGCCATAGCTAGTGCCACCG_010,80
GGCCATAGCTAGTGCCACCG_011,35
GGCCATAGCTAGTGCCACCG_012,35
GGCCATAGCTAGTGCCACCG_013,162
GGCCATAGCTAGTGCCACCG_014,162
GGCCATAGCTAGTGCCACCG_015,104
GGCCATAGCTAGTGCCACCG_016,131
GGCCATAGCTAGTGCCACCG_017,138
ACCCACGGCTACAAAGCGCA_001,9
ACCCACGGCTACAAAGCGCA_002,132
ACCCACGGCTACAAAGCGCA_003,138
ACCCACGGCTACAAAGCGCA_004,142
ACCCACGGCTACAAAGCGCA_005,184
ACCCACGGCTACAAAGCGCA_006,81
ACCCACGGCTACAAAGCGCA_007,150
ACCCACGGCTACAAAGCGCA_008,161
ACCCACGGCTACAAAGCGCA_009,47
ACCCACGGCTACAAAGCGCA_010,129
ACCCACGGCTACAAAGCGCA_011,157
ACCCACGGCTACAAAGCGCA_012,157
ACCCACGGCTACAAAGCGCA_013,71
ACCCACGGCTACAAAGCGCA_014,197
ACCCACGGCTACAAAGCGCA_015,153
ACCCACGGCTACAAAGCGCA_016,148
ACCCACGGCTACAAAGCGCA_017,40
ACCCACGGCTACAAAGCGCA_018,5
ACCCACGGCTACAAAGCGCA_019,41
GTCAGTAAAGAGCGCCAGCA_001,197
GTCAGTAAAGAGCGCCAGCA_002,145
GTCAGTAAAGAGCGCCAGCA_003,62
GTCAGTAAAGAGCGCCAGCA_004,162
GTCAGTAAAGAGCGCCAGCA_005,123
AGAGTTCCACCACTAGCCAG_001,137
AGAGTTCCACCACTAGCCAG_002,183
AGAGTTCCACCACTAGCCAG_003,42
AGAGTTCCACCACTAGCCAG_004,57
AGAGTTCCACCACTAGCCAG_005,182
AGAGTTCCACCACTAGCCAG_006,55
AGAGTTCCACCACTAGCCAG_007,116
AGAGTTCCACCACTAGCCAG_008,18
AGAGTTCCACCACTAGCCAG_009,12
AGAGTTCCACCACTAGCCAG_010,75
AGAGTTCCACCACTAGCCAG_011,144
AGAGTTCCACCACTAGCCAG_012,96
AGAGTTCCACCACTAGCCAG_013,168
AGAGTTCCACCACTAGCCAG_014,104
AGAGTTCCACCACTAGCCAG_015,34
AGAGTTCCACCACTAGCCAG_016,20
AGAGTTCCACCACTAGCCAG_017,197
AGAGTTCCACCACTAGCCAG_018,7
AGAGTTCCACCACTAGCCAG_019,50
AGAGTTCCACCACTAGCCAG_020,120
AGAGTTCCACCACTAGCCAG_021,59
AGAGTTCCACCACTAGCCAG_022,33
AGAGTTCCACCACTAGCCAG_023,102
AGAGTTCCACCACTAGCCAG_024,149
AGAGTTCCACCACTAGCCAG_025,197
AGAGTTCCACCACTAGCCAG_026,41
AGAGTTCCACCACTAGCCAG_027,84
AGAGTTCCACCACTAGCCAG_028,108
AGAGTTCCACCACTAGCCAG_029,14
AGAGTTCCACCACTAGCCAG_030,9
AGAGTTCCACCACTAGCCAG_031,88
AGAGTTCCACCACTAGCCAG_032,138
AGAGTTCCACCACTAGCCAG_033,144
AGAGTTCCACCACTAGCCAG_034,78
AGAGTTCCACCACTAGCCAG_035,47
AGAGTTCCACCACTAGCCAG_036,68
AGAGTTCCACCACTAGCCAG_037,10
AGAGTTCCACCACTAGCCAG_038,136
AGAGTTCCACCACTAGCCAG_039,142
AGAGTTCCACCACTAGCCAG_040,199
AGAGTTCCACCACTAGCCAG_041,35
AGAGTTCCACCACTAGCCAG_042,40
AGAGTTCCACCACTAGCCAG_043,19
AGAGTTCCACCACTAGCCAG_044,40
AGAGTTCCACCACTAGCCAG_045,123
AGAGTTCCACCACTAGCCAG_046,149
AGAGTTCCACCACTAGCCAG_047,104
GCACTGCTATACTGGCGGGG_001,162
GCACTGCTATACTGGCGGGG_002,63
GCACTGCTATACTGGCGGGG_003,112
GCACTGCTATACTGGCGGGG_004,113
GCACTGCTATACTGGCGGGG_005,84
TATTAGTAGCTCTACCAAGC_001,4
GTCATCATTATCGGCTCCCG_001,145
GTCATCATTATCGGCTCCCG_002,144
GTCATCATTATCGGCTCCCG_003,63
TTTCAACTTGACCAACAATG_001,62
TTTCAACTTGACCAACAATG_002,144
AAAGAAAAAATGTCTATCAA_001,111
AAAGAAAAAATGTCTATCAA_002,188
AAAGAAAAAATGTCTATCAA_003,0
AAAGAAAAAATGTCTATCAA_004,169
AAAGAAAAAATGTCTATCAA_005,75
AAAGAAAAAATGTCTATCAA_006,84
AAAGAAAAAATGTCTATCAA_007,137
CGGCACCCGGATCACGCCTG_001,172
CGGCACCCGGATCACGCCTG_002,23
CGGCACCCGGATCACGCCTG_003,84
CGGCACCCGGATCACGCCTG_004,88
CGGCACCCGGATCACGCCTG_005,48
CGGCACCCGGATCACGCCTG_006,40
CGGCACCCGGATCACGCCTG_007,188
CGGCACCCGGATCACGCCTG_008,62
CGGCACCCGGATCACGCCTG_009,145
CGGCACCCGGATCACGCCTG_010,70
CGGCACCCGGATCACGCCTG_011,182
CGGCACCCGGATCACGCCTG_012,54
CGGCACCCGGATCACGCCTG_013,25
CGGCACCCGGATCACGCCTG_014,183
CGGCACCCGGATCACGCCTG_015,49
CGGCACCCGGATCACGCCTG_016,140
CGGCACCCGGATCACGCCTG_017,172
CGGCACCCGGATCACGCCTG_018,71
CGGCACCCGGATCACGCCTG_019,147
CGGCACCCGGATCACGCCTG_020,169
CGGCACCCGGATCACGCCTG_021,141
CGGCACCCGGATCACGCCTG_022,12
CGGCACCCGGATCACGCCTG_023,190
CGGCACCCGGATCACGCCTG_024,158
CGGCACCCGGATCACGCCTG_025,184
CGGCACCCGGATCACGCCTG_026,158
CGGCACCCGGATCACGCCTG_027,117
CGGCACCCGGATCACGCCTG_028,94
CGGCACCCGGATCACGCCTG_029,176
CGGCACCCGGATCACGCCTG_030,46
CGGCACCCGGATCACGCCTG_031,185
CGGCACCCGGATCACGCCTG_032,94
CGGCACCCGGATCACGCCTG_033,168
CGGCACCCGGATCACGCCTG_034,36
CGGCACCCGGATCACGCCTG_035,125
CGGCACCCGGATCACGCCTG_036,52
CGGCACCCGGATCACGCCTG_037,94
CGGCACCCGGATCACGCCTG_038,158
CGGCACCCGGATCACGCCTG_039,2
CGGCACCCGGATCACGCCTG_040,41
CGGCACCCGGATCACGCCTG_041,176
CGGCACCCGGATCACGCCTG_042,92
CGGCACCCGGATCACGCCTG_043,85
CGGCACCCGGATCACGCCTG_044,150
CGGCACCCGGATCACGCCTG_045,88
CGGCACCCGGATCACGCCTG_046,192
CGGCACCCGGATCACGCCTG_047,94
CGGCACCCGGATCACGCCTG_048,188
CGGCACCCGGATCACGCCTG_049,142
CGGCACCCGGATCACGCCTG_050,115
CGGCACCCGGATCACGCCTG_051,114
CGGCACCCGGATCACGCCTG_052,101
CGGCACCCGGATCACGCCTG_053,30
CGGCACCCGGATCACGCCTG_054,185
CGGCACCCGGATCACGCCTG_055,185
CGGCACCCGGATCACGCCTG_056,124
CGGCACCCGGATCACGCCTG_057,147
CGGCACCCGGATCACGCCTG_058,40
CGGCACCCGGATCACGCCTG_059,189
CGGCACCCGGATCACGCCTG_060,69
CGGCACCCGGATCACGCCTG_061,190
CGGCACCCGGATCACGCCTG_062,35
TCCAAAACGAATTCACGGTG_001,57
TCCAAAACGAATTCACGGTG_002,62
TCCAAAACGAATTCACGGTG_003,150
TCCAAAACGAATTCACGGTG_004,34
TCCAAAACGAATTCACGGTG_005,3
TCCAAAACGAATTCACGGTG_006,168
TGTTGCATTTCGTCACACCG_001,45
TGTTGCATTTCGTCACACCG_002,107
TGTTGCATTTCGTCACACCG_003,72
TGTTGCATTTCGTCACACCG_004,156
TGTTGCATTTCGTCACACCG_005,44
TGTTGCATTTCGTCACACCG_006,127
TGTTGCATTTCGTCACACCG_007,107
TGTTGCATTTCGTCACACCG_008,194
TGTTGCATTTCGTCACACCG_009,192
CCAGTGTAAGCAATCCTCAG_001,52
TGAGCTCAGACCACCGAGCG_001,118
TGAGCTCAGACCACCGAGCG_002,29
TGAGCTCAGACCACCGAGCG_003,158
TGAGCTCAGACCACCGAGCG_004,37
TGAGCTCAGACCACCGAGCG_005,68
TGAGCTCAGACCACCGAGCG_006,160
TGAGCTCAGACCACCGAGCG_007,58
TGAGCTCAGACCACCGAGCG_008,199
TGAGCTCAGACCACCGAGCG_009,199
TGAGCTCAGACCACCGAGCG_010,62
TGAGCTCAGACCACCGAGCG_011,48
TGAGCTCAGACCACCGAGCG_012,105
TGAGCTCAGACCACCGAGCG_013,151
TGAGCTCAGACCACCGAGCG_014,167
TGAGCTCAGACCACCGAGCG_015,124
TCCAGATGAGAGATTAAAGG_001,130
TCCAGATGAGAGATTAAAGG_002,20
AACATGAAAATCGACATATG_001,178
ACTCAGCTTCTCTAAACGCG_001,129
ACTCAGCTTCTCTAAACGCG_002,81
ACTCAGCTTCTCTAAACGCG_003,160
ACTCAGCTTCTCTAAACGCG_004,104
ACTCAGCTTCTCTAAACGCG_005,105
ACTCAGCTTCTCTAAACGCG_006,147
TGGCACACAGCGTTTCAAGG_001,78
TGGCACACAGCGTTTCAAGG_002,166
TGGCACACAGCGTTTCAAGG_003,34
TGGCACACAGCGTTTCAAGG_004,2
TGGCACACAGCGTTTCAAGG_005,91
TGGCACACAGCGTTTCAAGG_006,9
TGGCACACAGCGTTTCAAGG_007,154
TGGCACACAGCGTTTCAAGG_008,51
TGGCACACAGCGTTTCAAGG_009,70
TGGCACACAGCGTTTCAAGG_010,130
ATTAGACAAATCATTCCACC_001,166
ATTAGACAAATCATTCCACC_002,57
AGAAAAGAAGAAGCCGACGT_001,36
AGAAAAGAAGAAGCCGACGT_002,121
AGAAAAGAAGAAGCCGACGT_003,82
AGAAAAGAAGAAGCCGACGT_004,88
AGAAAAGAAGAAGCCGACGT_005,42
AGAAAAGAAGAAGCCGACGT_006,159
AGAAAAGAAGAAGCCGACGT_007,112
AGAAAAGAAGAAGCCGACGT_008,121
AGAAAAGAAGAAGCCGACGT_009,152
AGAAAAGAAGAAGCCGACGT_010,115
AGAAAAGAAGAAGCCGACGT_011,0
AGAAAAGAAGAAGCCGACGT_012,170
AGAGCTTAGAAGATGCTCTG_001,120
AGAGCTTAGAAGATGCTCTG_002,77
AGAGCTTAGAAGATGCTCTG_003,5
AGAGCTTAGAAGATGCTCTG_004,172
AGAGCTTAGAAGATGCTCTG_005,77
AGAGCTTAGAAGATGCTCTG_006,60
AGAGCTTAGAAGATGCTCTG_007,102
AGAGCTTAGAAGATGCTCTG_008,137
AGAGCTTAGAAGATGCTCTG_009,46
AGAGCTTAGAAGATGCTCTG_010,86
AGTTTAAAATGTCGTAACCG_001,61
ATTAATTTCTCGTTGGCTTT_001,169
ATTAATTTCTCGTTGGCTTT_002,112
CGGCAGGGCTCGCGGACCAG_001,114
CGGCAGGGCTCGCGGACCAG_002,81
CGGCAGGGCTCGCGGACCAG_003,169
CGGCAGGGCTCGCGGACCAG_004,54
CGGCAGGGCTCGCGGACCAG_005,0
CGGCAGGGCTCGCGGACCAG_006,33
CGGCAGGGCTCGCGGACCAG_007,43
CGGCAGGGCTCGCGGACCAG_008,141
CGGCAGGGCTCGCGGACCAG_009,15
CGGCAGGGCTCGCGGACCAG_010,12
CGGCAGGGCTCGCGGACCAG_011,61
CGGCAGGGCTCGCGGACCAG_012,197
CGGCAGGGCTCGCGGACCAG_013,113
CGGCAGGGCTCGCGGACCAG_014,191
CGGCAGGGCTCGCGGACCAG_015,190
AATGTGAGGTCGTTCACCAG_001,198
AATGTGAGGTCGTTCACCAG_002,138
AATGTGAGGTCGTTCACCAG_003,14
AATGTGAGGTCGTTCACCAG_004,66
AATGTGAGGTCGTTCACCAG_005,41
AATGTGAGGTCGTTCACCAG_006,69
AATGTGAGGTCGTTCACCAG_007,43
AATGTGAGGTCGTTCACCAG_008,88
AATGTGAGGTCGTTCACCAG_009,91
AATGTGAGGTCGTTCACCAG_010,126
AATGTGAGGTCGTTCACCAG_011,106
AATGTGAGGTCGTTCACCAG_012,102
AATGTGAGGTCGTTCACCAG_013,103
AATGTGAGGTCGTTCACCAG_014,6
AGGGCCGTAGTGTCATCTGG_001,29
AGGGCCGTAGTGTCATCTGG_002,172
AGGGCCGTAGTGTCATCTGG_003,84
AGGGCCGTAGTGTCATCTGG_004,34
AGGGCCGTAGTGTCATCTGG_005,8
AGGGCCGTAGTGTCATCTGG_006,9
AGGGCCGTAGTGTCATCTGG_007,57
AGGGCCGTAGTGTCATCTGG_008,77
AGGGCCGTAGTGTCATCTGG_009,91
AGGGCCGTAGTGTCATCTGG_010,193
AGGGCCGTAGTGTCATCTGG_011,127
AGGGCCGTAGTGTCATCTGG_012,144
AGGGCCGTAGTGTCATCTGG_013,45
AGGGCCGTAGTGTCATCTGG_014,120
AGGGCCGTAGTGTCATCTGG_015,181
AGGGCCGTAGTGTCATCTGG_016,184
AGGGCCGTAGTGTCATCTGG_017,73
AGGGCCGTAGTGTCATCTGG_018,82
AGGGCCGTAGTGTCATCTGG_019,44
AGGGCCGTAGTGTCATCTGG_020,74
AGGGCCGTAGTGTCATCTGG_021,141
AGGGCCGTAGTGTCATCTGG_022,10
AGGGCCGTAGTGTCATCTGG_023,161
AGGGCCGTAGTGTCATCTGG_024,27
AGGGCCGTAGTGTCATCTGG_025,192
AGTGCTGGGTCAAGGCCAGG_001,55
AGTGCTGGGTCAAGGCCAGG_002,49
AGTGCTGGGTCAAGGCCAGG_003,46
AGTGCTGGGTCAAGGCCAGG_004,37
AGTGCTGGGTCAAGGCCAGG_005,105
AGTGCTGGGTCAAGGCCAGG_006,153
AGTGCTGGGTCAAGGCCAGG_007,179
AGTGCTGGGTCAAGGCCAGG_008,36
AGTGCTGGGTCAAGGCCAGG_009,9
AGTGCTGGGTCAAGGCCAGG_010,184
AGTGCTGGGTCAAGGCCAGG_011,76
AGTGCTGGGTCAAGGCCAGG_012,103
AGTGCTGGGTCAAGGCCAGG_013,76
AGTGCTGGGTCAAGGCCAGG_014,29
AGTGCTGGGTCAAGGCCAGG_015,148
AGTGCTGGGTCAAGGCCAGG_016,102
AGTGCTGGGTCAAGGCCAGG_017,3
AGTGCTGGGTCAAGGCCAGG_018,180
AGTGCTGGGTCAAGGCCAGG_019,144
CACCTCACACATGGAAAGCG_001,59
CACCTCACACATGGAAAGCG_002,58
CACCTCACACATGGAAAGCG_003,6
CACCTCACACATGGAAAGCG_004,76
CACCTCACACATGGAAAGCG_005,141
CACCTCACACATGGAAAGCG_006,57
CACCTCACACATGGAAAGCG_007,171
CACCTCACACATGGAAAGCG_008,148
CACCTCACACATGGAAAGCG_009,78
CACCTCACACATGGAAAGCG_010,41
CACCTCACACATGGAAAGCG_011,31
CACCTCACACATGGAAAGCG_012,39
CACCTCACACATGGAAAGCG_013,15
GAGTTGCAAAATGCCATAGG_001,94
GAGTTGCAAAATGCCATAGG_002,153
GAGTTGCAAAATGCCATAGG_003,1
GAGTTGCAAAATGCCATAGG_004,114
GAGTTGCAAAATGCCATAGG_005,42
GAGTTGCAAAATGCCATAGG_006,45
GAGTTGCAAAATGCCATAGG_007,165
GAGTTGCAAAATGCCATAGG_008,28
GAGTTGCAAAATGCCATAGG_009,198
GAGTTGCAAAATGCCATAGG_010,140
GAGTTGCAAAATGCCATAGG_011,115
GAGTTGCAAAATGCCATAGG_012,115
GAGTTGCAAAATGCCATAGG_013,3
GAGTTGCAAAATGCCATAGG_014,168
TTTCCCATTAGGCCCATTAG_001,176
TTTCCCATTAGGCCCATTAG_002,146
TTTCCCATTAGGCCCATTAG_003,1
TTTCCCATTAGGCCCATTAG_004,178
GCCTCGATTCACTCGCGCGG_001,64
GCCTCGATTCACTCGCGCGG_002,58
GCCTCGATTCACTCGCGCGG_003,119
GCCTCGATTCACTCGCGCGG_004,179
GCCTCGATTCACTCGCGCGG_005,170
GCCTCGATTCACTCGCGCGG_006,172
GCCTCGATTCACTCGCGCGG_007,31
GCCTCGATTCACTCGCGCGG_008,162
CTGTATCACATCATGGCGTG_001,176
CTGTATCACATCATGGCGTG_002,155
CTGTATCACATCATGGCGTG_003,30
CTGTATCACATCATGGCGTG_004,92
CTGTATCACATCATGGCGTG_005,39
CTGTATCACATCATGGCGTG_006,78
CTGTATCACATCATGGCGTG_007,28
CGTACGTGTCGCACTCGTCG_001,86
CGTACGTGTCGCACTCGTCG_002,106
CACAGAGTTTCGGATTCATG_001,183
CACAGAGTTTCGGATTCATG_002,30
CACAGAGTTTCGGATTCATG_003,172
CACAGAGTTTCGGATTCATG_004,124
CACAGAGTTTCGGATTCATG_005,29
CACAGAGTTTCGGATTCATG_006,11
CACAGAGTTTCGGATTCATG_007,45
CACAGAGTTTCGGATTCATG_008,15
CACAGAGTTTCGGATTCATG_009,67
CACAGAGTTTCGGATTCATG_010,88
CACAGAGTTTCGGATTCATG_011,166
CACAGAGTTTCGGATTCATG_012,115
CACAGAGTTTCGGATTCATG_013,167
CACAGAGTTTCGGATTCATG_014,167
CCCAAGAAAGAATGTCAAAG_001,9
CCCAAGAAAGAATGTCAAAG_002,81
CCCAAGAAAGAATGTCAAAG_003,169
CCCAAGAAAGAATGTCAAAG_004,77
CCCAAGAAAGAATGTCAAAG_005,193
CCCAAGAAAGAATGTCAAAG_006,181
CCCAAGAAAGAATGTCAAAG_007,174
CCCAAGAAAGAATGTCAAAG_008,134
CCCAAGAAAGAATGTCAAAG_009,105
CCCAAGAAAGAATGTCAAAG_010,12
CCCAAGAAAGAATGTCAAAG_011,138
CCCAAGAAAGAATGTCAAAG_012,116
CCCAAGAAAGAATGTCAAAG_013,20
CCCAAGAAAGAATGTCAAAG_014,21
CCCAAGAAAGAATGTCAAAG_015,92
GCTGCGGCCCCGCTTCCTGG_001,48
GCTGCGGCCCCGCTTCCTGG_002,15
GCTGCGGCCCCGCTTCCTGG_003,68
GCTGCGGCCCCGCTTCCTGG_004,75
GCTGCGGCCCCGCTTCCTGG_005,134
GCTGCGGCCCCGCTTCCTGG_006,158
GCTGCGGCCCCGCTTCCTGG_007,58
GCTGCGGCCCCGCTTCCTGG_008,198
GCTGCGGCCCCGCTTCCTGG_009,115
GCTGCGGCCCCGCTTCCTGG_010,102
GCTGCGGCCCCGCTTCCTGG_011,199
GCTGCGGCCCCGCTTCCTGG_012,164
GCTGCGGCCCCGCTTCCTGG_013,84
GCTGCGGCCCCGCTTCCTGG_014,182
GCTGCGGCCCCGCTTCCTGG_015,122
GCTGCGGCCCCGCTTCCTGG_016,35
GCTGCGGCCCCGCTTCCTGG_017,162
GCTGCGGCCCCGCTTCCTGG_018,35
GCTGCGGCCCCGCTTCCTGG_019,112
GCTGCGGCCCCGCTTCCTGG_020,48
GCTGCGGCCCCGCTTCCTGG_021,196
GCTGCGGCCCCGCTTCCTGG_022,95
GCTGCGGCCCCGCTTCCTGG_023,185
GCTGCGGCCCCGCTTCCTGG_024,167
GCTGCGGCCCCGCTTCCTGG_025,80
GCTGCGGCCCCGCTTCCTGG_026,165
GCTGCGGCCCCGCTTCCTGG_027,34
GCTGCGGCCCCGCTTCCTGG_028,61
GCTGCGGCCCCGCTTCCTGG_029,138
GCTGCGGCCCCGCTTCCTGG_030,34
GCTGCGGCCCCGCTTCCTGG_031,152
CTGGGGCTAAACTAACAGGC_001,94
CTGGGGCTAAACTAACAGGC_002,142
CTGGGGCTAAACTAACAGGC_003,166
ACTCGGCCGTAACCCTCCGG_001,26
ACTCGGCCGTAACCCTCCGG_002,40
ACTCGGCCGTAACCCTCCGG_003,36
ACTCGGCCGTAACCCTCCGG_004,24
ACTCGGCCGTAACCCTCCGG_005,154
ACTCGGCCGTAACCCTCCGG_006,138
ACTCGGCCGTAACCCTCCGG_007,28
ACTCGGCCGTAACCCTCCGG_008,71
TCTGTGTCGCCATTCGTGAG_001,168
TCTGTGTCGCCATTCGTGAG_002,126
TCTGTGTCGCCATTCGTGAG_003,116
TCTGTGTCGCCATTCGTGAG_004,60
TCTGTGTCGCCATTCGTGAG_005,152
TCTGTGTCGCCATTCGTGAG_006,17
GCCCCCAGTTGTGACCAGAT_001,154
GCCCCCAGTTGTGACCAGAT_002,62
GCCCCCAGTTGTGACCAGAT_003,114
GCCCCCAGTTGTGACCAGAT_004,77
GCCCCCAGTTGTGACCAGAT_005,65
GCCCCCAGTTGTGACCAGAT_006,152
GCCCCCAGTTGTGACCAGAT_007,169
GCCCCCAGTTGTGACCAGAT_008,138
TGAAGAACTTTGCAATTATG_001,106
TGAAGAACTTTGCAATTATG_002,43
TGAAGAACTTTGCAATTATG_003,44
TGAAGAACTTTGCAATTATG_004,135
TGAAGAACTTTGCAATTATG_005,155
TGAAGAACTTTGCAATTATG_006,190
TGAAGAACTTTGCAATTATG_007,145
TGAAGAACTTTGCAATTATG_008,150
TGAAGAACTTTGCAATTATG_009,108
TGAAGAACTTTGCAATTATG_010,4
TGAAGAACTTTGCAATTATG_011,179
ATCACCAGCTGGAAGCGCAC_001,43
ATCACCAGCTGGAAGCGCAC_002,17
ATCACCAGCTGGAAGCGCAC_003,127
ATCACCAGCTGGAAGCGCAC_004,119
ATCACCAGCTGGAAGCGCAC_005,198
ATCACCAGCTGGAAGCGCAC_006,28
ATCACCAGCTGGAAGCGCAC_007,56
ATCACCAGCTGGAAGCGCAC_008,44
ATCACCAGCTGGAAGCGCAC_009,149
ATCACCAGCTGGAAGCGCAC_010,186
ATCACCAGCTGGAAGCGCAC_011,68
ATCACCAGCTGGAAGCGCAC_012,183
ATCACCAGCTGGAAGCGCAC_013,78
ATCACCAGCTGGAAGCGCAC_014,176
ATCACCAGCTGGAAGCGCAC_015,105
ATCACCAGCTGGAAGCGCAC_016,12
ATCACCAGCTGGAAGCGCAC_017,125
ATCACCAGCTGGAAGCGCAC_018,34
ATCACCAGCTGGAAGCGCAC_019,90
ATCACCAGCTGGAAGCGCAC_020,159
ATCACCAGCTGGAAGCGCAC_021,61
ATCACCAGCTGGAAGCGCAC_022,192
ATCACCAGCTGGAAGCGCAC_023,194
ATCACCAGCTGGAAGCGCAC_024,121
ATCACCAGCTGGAAGCGCAC_025,144
ATCACCAGCTGGAAGCGCAC_026,2
ATCACCAGCTGGAAGCGCAC_027,116
ATCACCAGCTGGAAGCGCAC_028,174
ATCACCAGCTGGAAGCGCAC_029,43
ATCACCAGCTGGAAGCGCAC_030,145
ATCACCAGCTGGAAGCGCAC_031,112
ATCACCAGCTGGAAGCGCAC_032,69
ATCACCAGCTGGAAGCGCAC_033,195
ATCACCAGCTGGAAGCGCAC_034,53
ATCACCAGCTGGAAGCGCAC_035,83
ATCACCAGCTGGAAGCGCAC_036,16
ATCACCAGCTGGAAGCGCAC_037,21
ATCACCAGCTGGAAGCGCAC_038,102
ATCACCAGCTGGAAGCGCAC_039,52
ATCACCAGCTGGAAGCGCAC_040,152
ATCACCAGCTGGAAGCGCAC_041,59
ATCACCAGCTGGAAGCGCAC_042,62
ATCACCAGCTGGAAGCGCAC_043,33
ATCACCAGCTGGAAGCGCAC_044,168
ATCACCAGCTGGAAGCGCAC_045,40
ATCACCAGCTGGAAGCGCAC_046,126
ATCACCAGCTGGAAGCGCAC_047,114
ATCACCAGCTGGAAGCGCAC_048,114
ATCACCAGCTGGAAGCGCAC_049,13
TTGACTCCCGAACTTCACAA_001,83
TTGACTCCCGAACTTCACAA_002,95
TTGACTCCCGAACTTCACAA_003,136
TTGACTCCCGAACTTCACAA_004,49
TTGACTCCCGAACTTCACAA_005,105
TTGACTCCCGAACTTCACAA_006,2
TTGACTCCCGAACTTCACAA_007,169
TTGACTCCCGAACTTCACAA_008,150
TTGACTCCCGAACTTCACAA_009,34
TTGACTCCCGAACTTCACAA_010,124
TTGACTCCCGAACTTCACAA_011,90
TTGACTCCCGAACTTCACAA_012,168
CAGAATATTCTACTCCACTG_001,172
CAGAATATTCTACTCCACTG_002,32
GGACTCGGTTGGCAAATCGG_001,172
GGACTCGGTTGGCAAATCGG_002,141
GGACTCGGTTGGCAAATCGG_003,69
GGACTCGGTTGGCAAATCGG_004,83
GGACTCGGTTGGCAAATCGG_005,58
GGACTCGGTTGGCAAATCGG_006,151
GGACTCGGTTGGCAAATCGG_007,115
GGACTCGGTTGGCAAATCGG_008,97
CACATAGCGCTCCACCTGAG_001,32
CACATAGCGCTCCACCTGAG_002,166
CACATAGCGCTCCACCTGAG_003,175
CACATAGCGCTCCACCTGAG_004,140
CACATAGCGCTCCACCTGAG_005,158
CACATAGCGCTCCACCTGAG_006,51
CACATAGCGCTCCACCTGAG_007,11
CACATAGCGCTCCACCTGAG_008,81
CACATAGCGCTCCACCTGAG_009,44
CACATAGCGCTCCACCTGAG_010,115
CACATAGCGCTCCACCTGAG_011,35
CACATAGCGCTCCACCTGAG_012,50
CACATAGCGCTCCACCTGAG_013,150
CACATAGCGCTCCACCTGAG_014,110
CACATAGCGCTCCACCTGAG_015,9
CACATAGCGCTCCACCTGAG_016,138
CACATAGCGCTCCACCTGAG_017,4
ACAGGGTCAGTCCCCCACAG_001,48
ACAGGGTCAGTCCCCCACAG_002,151
ACAGGGTCAGTCCCCCACAG_003,53
ACAGGGTCAGTCCCCCACAG_004,176
ACAGGGTCAGTCCCCCACAG_005,196
ACAGGGTCAGTCCCCCACAG_006,147
ACAGGGTCAGTCCCCCACAG_007,185
ACAGGGTCAGTCCCCCACAG_008,71
ACAGGGTCAGTCCCCCACAG_009,140
ACAGGGTCAGTCCCCCACAG_010,48
ACAGGGTCAGTCCCCCACAG_011,19
ACAGGGTCAGTCCCCCACAG_012,77
ACAGGGTCAGTCCCCCACAG_013,34
ACAGGGTCAGTCCCCCACAG_014,166
ACAGGGTCAGTCCCCCACAG_015,199
ACAGGGTCAGTCCCCCACAG_016,184
ACAGGGTCAGTCCCCCACAG_017,154
AGGATTTGACTCAGCCATCG_001,172
AGGATTTGACTCAGCCATCG_002,106
AGGATTTGACTCAGCCATCG_003,3
AGGATTTGACTCAGCCATCG_004,9
AGGATTTGACTCAGCCATCG_005,121
AGGATTTGACTCAGCCATCG_006,69
AGGATTTGACTCAGCCATCG_007,90
AGGATTTGACTCAGCCATCG_008,149
AGGATTTGACTCAGCCATCG_009,177
AGGATTTGACTCAGCCATCG_010,128
AGGATTTGACTCAGCCATCG_011,158
TGAACAGGAGACAGGAGGAG_001,88
TGAACAGGAGACAGGAGGAG_002,19
TGAACAGGAGACAGGAGGAG_003,52
TGAACAGGAGACAGGAGGAG_004,155
TGAACAGGAGACAGGAGGAG_005,155
TGAACAGGAGACAGGAGGAG_006,182
TGAACAGGAGACAGGAGGAG_007,52
ATTATGCATATACATCATGT_001,94
ACGAACAGGAGCGCGCGCGT_001,162
ACGAACAGGAGCGCGCGCGT_002,76
ACGAACAGGAGCGCGCGCGT_003,127
ACGAACAGGAGCGCGCGCGT_004,191
ACGAACAGGAGCGCGCGCGT_005,76
ACGAACAGGAGCGCGCGCGT_006,73
ACGAACAGGAGCGCGCGCGT_007,183
ACGAACAGGAGCGCGCGCGT_008,92
ACGAACAGGAGCGCGCGCGT_009,171
ACGAACAGGAGCGCGCGCGT_010,171
ACGAACAGGAGCGCGCGCGT_011,166
ACGAACAGGAGCGCGCGCGT_012,169
ACGAACAGGAGCGCGCGCGT_013,34
ACGAACAGGAGCGCGCGCGT_014,30
ACGAACAGGAGCGCGCGCGT_015,1
ACGAACAGGAGCGCGCGCGT_016,77
ACGAACAGGAGCGCGCGCGT_017,157
ACGAACAGGAGCGCGCGCGT_018,49
ACGAACAGGAGCGCGCGCGT_019,184
ACGAACAGGAGCGCGCGCGT_020,94
ACGAACAGGAGCGCGCGCGT_021,94
ACGAACAGGAGCGCGCGCGT_022,1
ACGAACAGGAGCGCGCGCGT_023,172
ACGAACAGGAGCGCGCGCGT_024,62
ACGAACAGGAGCGCGCGCGT_025,184
ACGAACAGGAGCGCGCGCGT_026,168
ACGAACAGGAGCGCGCGCGT_027,10
ACGAACAGGAGCGCGCGCGT_028,124
ACGAACAGGAGCGCGCGCGT_029,150
GGAGAAGCACCCACTGACGC_001,190
GGAGAAGCACCCACTGACGC_002,144
GGAGAAGCACCCACTGACGC_003,81
GGAGAAGCACCCACTGACGC_004,137
GGAGAAGCACCCACTGACGC_005,138
GGAGAAGCACCCACTGACGC_006,4
GGAGAAGCACCCACTGACGC_007,147
GGAGAAGCACCCACTGACGC_008,179
GGAGAAGCACCCACTGACGC_009,6
GGAGAAGCACCCACTGACGC_010,195
GGAGAAGCACCCACTGACGC_011,22
GGAGAAGCACCCACTGACGC_012,52
GGAGAAGCACCCACTGACGC_013,144
GGAGAAGCACCCACTGACGC_014,153
GGAGAAGCACCCACTGACGC_015,191
GGAGAAGCACCCACTGACGC_016,127
GGAGAAGCACCCACTGACGC_017,147
GGTATAACTGCATTCAAGGG_001,118
GGTATAACTGCATTCAAGGG_002,88
GGTATAACTGCATTCAAGGG_003,9
GGTATAACTGCATTCAAGGG_004,119
GGTATAACTGCATTCAAGGG_005,143
GGTATAACTGCATTCAAGGG_006,177
TTCCCAAGAAGGACAACCCG_001,199
TTCCCAAGAAGGACAACCCG_002,152
TTCCCAAGAAGGACAACCCG_003,197
TTCCCAAGAAGGACAACCCG_004,169
TTCCCAAGAAGGACAACCCG_005,49
TTCCCAAGAAGGACAACCCG_006,30
TTCCCAAGAAGGACAACCCG_007,62
TTCCCAAGAAGGACAACCCG_008,102
TTCCCAAGAAGGACAACCCG_009,95
TTCCCAAGAAGGACAACCCG_010,92
TTCCCAAGAAGGACAACCCG_011,78
CAGCGGCAACCTCATCCCAC_001,70
CAGCGGCAACCTCATCCCAC_002,16
CAGCGGCAACCTCATCCCAC_003,196
CAGCGGCAACCTCATCCCAC_004,63
CAGCGGCAACCTCATCCCAC_005,168
CAGCGGCAACCTCATCCCAC_006,113
CAGCGGCAACCTCATCCCAC_007,103
CAGCGGCAACCTCATCCCAC_008,141
CAGCGGCAACCTCATCCCAC_009,112
CAGCGGCAACCTCATCCCAC_010,81
CAGCGGCAACCTCATCCCAC_011,142
CAGCGGCAACCTCATCCCAC_012,80
CAGCGGCAACCTCATCCCAC_013,66
GTCTGATCTCGAGGCCAACG_001,149
GTCTGATCTCGAGGCCAACG_002,94
GTCTGATCTCGAGGCCAACG_003,81
GTCTGATCTCGAGGCCAACG_004,158
GTCTGATCTCGAGGCCAACG_005,177
AGCGGCCCGGTCATCAACCA_001,112
AGCGGCCCGGTCATCAACCA_002,62
AGCGGCCCGGTCATCAACCA_003,92
AGCGGCCCGGTCATCAACCA_004,105
AGCGGCCCGGTCATCAACCA_005,61
AGCGGCCCGGTCATCAACCA_006,50
AGCGGCCCGGTCATCAACCA_007,58
AGCGGCCCGGTCATCAACCA_008,75
AGCGGCCCGGTCATCAACCA_009,125
AGCGGCCCGGTCATCAACCA_010,69
AGCGGCCCGGTCATCAACCA_011,146
AGCGGCCCGGTCATCAACCA_012,23
AGCGGCCCGGTCATCAACCA_013,137
AGCGGCCCGGTCATCAACCA_014,16
AGCGGCCCGGTCATCAACCA_015,159
AGCGGCCCGGTCATCAACCA_016,83
AGCGGCCCGGTCATCAACCA_017,134
AGCGGCCCGGTCATCAACCA_018,191
AGCGGCCCGGTCATCAACCA_019,163
AGCGGCCCGGTCATCAACCA_020,124
GGGAGCACTCCATCGCACTG_001,141
GGGAGCACTCCATCGCACTG_002,38
GGGAGCACTCCATCGCACTG_003,108
GGGAGCACTCCATCGCACTG_004,11
GGGAGCACTCCATCGCACTG_005,178
GGGAGCACTCCATCGCACTG_006,70
GGGAGCACTCCATCGCACTG_007,158
GGGAGCACTCCATCGCACTG_008,81
GGGAGCACTCCATCGCACTG_009,54
GGGAGCACTCCATCGCACTG_010,104
GGGAGCACTCCATCGCACTG_011,145
GGGAGCACTCCATCGCACTG_012,168
GGGAGCACTCCATCGCACTG_013,95
GGGAGCACTCCATCGCACTG_014,92
GGGAGCACTCCATCGCACTG_015,198
GGGAGCACTCCATCGCACTG_016,34
GGGAGCACTCCATCGCACTG_017,124
GTTTCATTAACATTCGTCGG_001,29
GTTTCATTAACATTCGTCGG_002,2
GTTTCATTAACATTCGTCGG_003,77
TCTAAATTATGCTTTCTTAG_001,12
TTCGTAGGAACTAAACTGTA_001,164
TTCGTAGGAACTAAACTGTA_002,145
TTCGTAGGAACTAAACTGTA_003,168
TTCGTAGGAACTAAACTGTA_004,78
TTCGTAGGAACTAAACTGTA_005,98
TTCGTAGGAACTAAACTGTA_006,2
TTCGTAGGAACTAAACTGTA_007,151
TTCGTAGGAACTAAACTGTA_008,81
TTCGTAGGAACTAAACTGTA_009,104
TTCGTAGGAACTAAACTGTA_010,2
TTCGTAGGAACTAAACTGTA_011,134
TTCGTAGGAACTAAACTGTA_012,149
TTCGTAGGAACTAAACTGTA_013,77
GGGGGACATGAACCTCAGGT_001,49
CTAGGTATGAAGTAGCTCCG_001,148
CTAGGTATGAAGTAGCTCCG_002,8
CTAGGTATGAAGTAGCTCCG_003,49
CTAGGTATGAAGTAGCTCCG_004,53
CTAGGTATGAAGTAGCTCCG_005,2
CTAGGTATGAAGTAGCTCCG_006,182
CCCTGGCACAGGGATTGACC_001,124
CCCTGGCACAGGGATTGACC_002,131
CCCTTTCAATGTCATCACAG_001,75
GCACTCGTAACAACAGACTG_001,53
GCACTCGTAACAACAGACTG_002,52
GCACTCGTAACAACAGACTG_003,166
GCACTCGTAACAACAGACTG_004,85
GCACTCGTAACAACAGACTG_005,140
GCACTCGTAACAACAGACTG_006,181
GCACTCGTAACAACAGACTG_007,69
GCACTCGTAACAACAGACTG_008,177
GCACTCGTAACAACAGACTG_009,107
GCACTCGTAACAACAGACTG_010,67
GCACTCGTAACAACAGACTG_011,15
GCACTCGTAACAACAGACTG_012,166
GCACTCGTAACAACAGACTG_013,150
GCACTCGTAACAACAGACTG_014,170
GCACTCGTAACAACAGACTG_015,76
GCACTCGTAACAACAGACTG_016,106
GCACTCGTAACAACAGACTG_017,99
GCACTCGTAACAACAGACTG_018,63
GCACTCGTAACAACAGACTG_019,178
GCACTCGTAACAACAGACTG_020,124
CTGACAAGTCTACGGAACCT_001,29
CTGACAAGTCTACGGAACCT_002,78
CTGACAAGTCTACGGAACCT_003,153
CTGACAAGTCTACGGAACCT_004,70
CTGACAAGTCTACGGAACCT_005,120
CTGACAAGTCTACGGAACCT_006,45
CTGACAAGTCTACGGAACCT_007,88
CTGACAAGTCTACGGAACCT_008,11
CTGACAAGTCTACGGAACCT_009,106
CTGACAAGTCTACGGAACCT_010,16
CTGACAAGTCTACGGAACCT_011,11
CTGACAAGTCTACGGAACCT_012,75
CTGACAAGTCTACGGAACCT_013,190
CTGACAAGTCTACGGAACCT_014,150
CTGACAAGTCTACGGAACCT_015,45
CTGACAAGTCTACGGAACCT_016,6
GTGAGACCGTACTCAGAGTG_001,127
GTGAGACCGTACTCAGAGTG_002,140
GTGAGACCGTACTCAGAGTG_003,169
GTGAGACCGTACTCAGAGTG_004,103
GTGAGACCGTACTCAGAGTG_005,190
GTGAGACCGTACTCAGAGTG_006,21
GTGAGACCGTACTCAGAGTG_007,26
CAGCACTGTCTCCACCCTAG_001,63
CAGCACTGTCTCCACCCTAG_002,141
CAGCACTGTCTCCACCCTAG_003,87
CAGCACTGTCTCCACCCTAG_004,69
CAGCACTGTCTCCACCCTAG_005,83
CAGCACTGTCTCCACCCTAG_006,93
CTGAGCTCCGCTCGCCCCGG_001,27
CTGAGCTCCGCTCGCCCCGG_002,12
CTGAGCTCCGCTCGCCCCGG_003,64
CTGAGCTCCGCTCGCCCCGG_004,94
CTGAGCTCCGCTCGCCCCGG_005,159
CTGAGCTCCGCTCGCCCCGG_006,40
CTGAGCTCCGCTCGCCCCGG_007,111
CTGAGCTCCGCTCGCCCCGG_008,50
CTGAGCTCCGCTCGCCCCGG_009,90
CTGAGCTCCGCTCGCCCCGG_010,10
CTGAGCTCCGCTCGCCCCGG_011,63
CTGAGCTCCGCTCGCCCCGG_012,42
CTGAGCTCCGCTCGCCCCGG_013,152
CTGAGCTCCGCTCGCCCCGG_014,165
CTGAGCTCCGCTCGCCCCGG_015,168
CTGAGCTCCGCTCGCCCCGG_016,76
CTGAGCTCCGCTCGCCCCGG_017,150
ACAATTCCACAGGCCAGCCA_001,102
ACAATTCCACAGGCCAGCCA_002,105
ACAATTCCACAGGCCAGCCA_003,44
CAACGGGACAGTCAAGAAGG_001,83
CAACGGGACAGTCAAGAAGG_002,57
CAACGGGACAGTCAAGAAGG_003,82
CAACGGGACAGTCAAGAAGG_004,40
CAACGGGACAGTCAAGAAGG_005,184
CAACGGGACAGTCAAGAAGG_006,198
CAACGGGACAGTCAAGAAGG_007,17
CAACGGGACAGTCAAGAAGG_008,199
CAACGGGACAGTCAAGAAGG_009,106
CAACGGGACAGTCAAGAAGG_010,78
CAACGGGACAGTCAAGAAGG_011,188
CAACGGGACAGTCAAGAAGG_012,74
CAACGGGACAGTCAAGAAGG_013,62
CAACGGGACAGTCAAGAAGG_014,154
CAACGGGACAGTCAAGAAGG_015,27
CAACGGGACAGTCAAGAAGG_016,23
CAACGGGACAGTCAAGAAGG_017,185
CAACGGGACAGTCAAGAAGG_018,76
CAACGGGACAGTCAAGAAGG_019,46
CAACGGGACAGTCAAGAAGG_020,76
CAACGGGACAGTCAAGAAGG_021,182
GTGGAAGGACTAACCGTGGT_001,53
GTGGAAGGACTAACCGTGGT_002,184
TAGGTTCAACACACCTGACG_001,145
TAGGTTCAACACACCTGACG_002,90
TAGGTTCAACACACCTGACG_003,93
TAGGTTCAACACACCTGACG_004,84
TAGGTTCAACACACCTGACG_005,162
TAGGTTCAACACACCTGACG_006,199
TAGGTTCAACACACCTGACG_007,158
AATACTTTATCTGGCTCCAG_001,138
AATACTTTATCTGGCTCCAG_002,131
AATACTTTATCTGGCTCCAG_003,105
AATACTTTATCTGGCTCCAG_004,148
AATACTTTATCTGGCTCCAG_005,133
AATACTTTATCTGGCTCCAG_006,113
AATACTTTATCTGGCTCCAG_007,101
GGAGCTGATCTCAATTGGAG_001,48
GGAGCTGATCTCAATTGGAG_002,48
GGAGCTGATCTCAATTGGAG_003,58
GGAGCTGATCTCAATTGGAG_004,143
GGAGCTGATCTCAATTGGAG_005,143
GGAGCTGATCTCAATTGGAG_006,76
GGAGCTGATCTCAATTGGAG_007,78
GGAGCTGATCTCAATTGGAG_008,61
GGAGCTGATCTCAATTGGAG_009,188
GGAGCTGATCTCAATTGGAG_010,96
GGAGCTGATCTCAATTGGAG_011,166
GGAGCTGATCTCAATTGGAG_012,99
GGAGCTGATCTCAATTGGAG_013,133
AGGGACTGGAGATTCACTAG_001,80
AGGGACTGGAGATTCACTAG_002,104
AGGGACTGGAGATTCACTAG_003,144
AGGGACTGGAGATTCACTAG_004,122
AGGGACTGGAGATTCACTAG_005,43
CGGGGCATTTACCTTCACGC_001,151
CGGGGCATTTACCTTCACGC_002,94
CGGGGCATTTACCTTCACGC_003,162
CGGGGCATTTACCTTCACGC_004,149
CGGGGCATTTACCTTCACGC_005,168
CGGGGCATTTACCTTCACGC_006,62
CGGGGCATTTACCTTCACGC_007,80
CGGGGCATTTACCTTCACGC_008,51
CGGGGCATTTACCTTCACGC_009,154
CGGGGCATTTACCTTCACGC_010,186
CGGGGCATTTACCTTCACGC_011,94
CGGGGCATTTACCTTCACGC_012,78
CGGGGCATTTACCTTCACGC_013,134
CGGGGCATTTACCTTCACGC_014,190
CGGGGCATTTACCTTCACGC_015,172
CGGGGCATTTACCTTCACGC_016,121
CGGGGCATTTACCTTCACGC_017,137
CGGGGCATTTACCTTCACGC_018,159
CGGGGCATTTACCTTCACGC_019,122
CGGGGCATTTACCTTCACGC_020,63
CGGGGCATTTACCTTCACGC_021,146
CGGGGCATTTACCTTCACGC_022,81
CGGGGCATTTACCTTCACGC_023,67
CGGGGCATTTACCTTCACGC_024,162
CGGGGCATTTACCTTCACGC_025,61
CGGGGCATTTACCTTCACGC_026,54
CGGGGCATTTACCTTCACGC_027,28
CGGGGCATTTACCTTCACGC_028,52
CGGGGCATTTACCTTCACGC_029,182
CGGGGCATTTACCTTCACGC_030,162
CGGGGCATTTACCTTCACGC_031,23
CGGGGCATTTACCTTCACGC_032,172
CGGGGCATTTACCTTCACGC_033,54
CGGGGCATTTACCTTCACGC_034,177
CGGGGCATTTACCTTCACGC_035,98
CGGGGCATTTACCTTCACGC_036,104
CGGGGCATTTACCTTCACGC_037,86
CGGGGCATTTACCTTCACGC_038,46
CGGGGCATTTACCTTCACGC_039,175
CCAGGGTGAGTGCACATGTG_001,160
CCAGGGTGAGTGCACATGTG_002,181
CCAGGGTGAGTGCACATGTG_003,127
CCAGGGTGAGTGCACATGTG_004,104
CCAGGGTGAGTGCACATGTG_005,29
CCAGGGTGAGTGCACATGTG_006,144
CCAGGGTGAGTGCACATGTG_007,70
CCAGGGTGAGTGCACATGTG_008,196
CCAGGGTGAGTGCACATGTG_009,77
CCAGGGTGAGTGCACATGTG_010,102
CCAGGGTGAGTGCACATGTG_011,153
CCAGGGTGAGTGCACATGTG_012,29
GCTCGCTGCGCCGGTTGCTG_001,159
GCTCGCTGCGCCGGTTGCTG_002,80
GCTCGCTGCGCCGGTTGCTG_003,80
GCTCGCTGCGCCGGTTGCTG_004,130
GCTCGCTGCGCCGGTTGCTG_005,188
GCTCGCTGCGCCGGTTGCTG_006,28
GCTCGCTGCGCCGGTTGCTG_007,196
GCGGGAGTTGTGACCGCCGG_001,8
GCGGGAGTTGTGACCGCCGG_002,128
GCGGGAGTTGTGACCGCCGG_003,70
GCGGGAGTTGTGACCGCCGG_004,49
GCGGGAGTTGTGACCGCCGG_005,152
GCGGGAGTTGTGACCGCCGG_006,22
GCGGGAGTTGTGACCGCCGG_007,55
GCGGGAGTTGTGACCGCCGG_008,50
GCGGGAGTTGTGACCGCCGG_009,184
GCGGGAGTTGTGACCGCCGG_010,125
AGGTCATCAAAGACCTACCT_001,41
AGGTCATCAAAGACCTACCT_002,193
AGGTCATCAAAGACCTACCT_003,88
AGGTCATCAAAGACCTACCT_004,154
AGGTCATCAAAGACCTACCT_005,54
AGGTCATCAAAGACCTACCT_006,176
AGGTCATCAAAGACCTACCT_007,103
AGGTCATCAAAGACCTACCT_008,157
TGTGGAATCGTTACACCAAG_001,172
TGTGGAATCGTTACACCAAG_002,50
TGTGGAATCGTTACACCAAG_003,134
TGTGGAATCGTTACACCAAG_004,188
TGTGGAATCGTTACACCAAG_005,2
TTAATTTGGGTGGGCCCTGC_001,9
TTAATTTGGGTGGGCCCTGC_002,34
TTAATTTGGGTGGGCCCTGC_003,34
TTAATTTGGGTGGGCCCTGC_004,40
TTAATTTGGGTGGGCCCTGC_005,44
TTAATTTGGGTGGGCCCTGC_006,9
TTAATTTGGGTGGGCCCTGC_007,56
TTAATTTGGGTGGGCCCTGC_008,174
TTAATTTGGGTGGGCCCTGC_009,42
TTAATTTGGGTGGGCCCTGC_010,107
TTAATTTGGGTGGGCCCTGC_011,147
TTAATTTGGGTGGGCCCTGC_012,15
TTAATTTGGGTGGGCCCTGC_013,16
TTAATTTGGGTGGGCCCTGC_014,58
TTAATTTGGGTGGGCCCTGC_015,165
TTAATTTGGGTGGGCCCTGC_016,49
TTAATTTGGGTGGGCCCTGC_017,149
TTAATTTGGGTGGGCCCTGC_018,121
TTAATTTGGGTGGGCCCTGC_019,139
TTAATTTGGGTGGGCCCTGC_020,116
TTAATTTGGGTGGGCCCTGC_021,2
TTAATTTGGGTGGGCCCTGC_022,172
TTAATTTGGGTGGGCCCTGC_023,41
TTAATTTGGGTGGGCCCTGC_024,88
TTAATTTGGGTGGGCCCTGC_025,198
TTAATTTGGGTGGGCCCTGC_026,49
TTAATTTGGGTGGGCCCTGC_027,81
TTAATTTGGGTGGGCCCTGC_028,142
TTAATTTGGGTGGGCCCTGC_029,116
TTAATTTGGGTGGGCCCTGC_030,141
TTAATTTGGGTGGGCCCTGC_031,17
GAACAAGCAAGCTTCAAAAG_001,49
GAACAAGCAAGCTTCAAAAG_002,34
GAACAAGCAAGCTTCAAAAG_003,26
GAACAAGCAAGCTTCAAAAG_004,123
GAACAAGCAAGCTTCAAAAG_005,6
GAACAAGCAAGCTTCAAAAG_006,29
GAACAAGCAAGCTTCAAAAG_007,99
GAACAAGCAAGCTTCAAAAG_008,191
GAACAAGCAAGCTTCAAAAG_009,129
GAACAAGCAAGCTTCAAAAG_010,77
GAACAAGCAAGCTTCAAAAG_011,66
GAACAAGCAAGCTTCAAAAG_012,199
GAACAAGCAAGCTTCAAAAG_013,188
GAACAAGCAAGCTTCAAAAG_014,175
GAACAAGCAAGCTTCAAAAG_015,64
GGCCAGACTCACTTCTGAGT_001,80
GGCCAGACTCACTTCTGAGT_002,96
GGCCAGACTCACTTCTGAGT_003,84
GGCCAGACTCACTTCTGAGT_004,70
GGCCAGACTCACTTCTGAGT_005,37
GGCCAGACTCACTTCTGAGT_006,107
GGCCAGACTCACTTCTGAGT_007,141
GGCCAGACTCACTTCTGAGT_008,34
GCCGGTTGCCGGCCAATGAG_001,68
GCCGGTTGCCGGCCAATGAG_002,67
GCCGGTTGCCGGCCAATGAG_003,15
GCCGGTTGCCGGCCAATGAG_004,193
TTTATAGTAGGATTTACACG_001,169
TTTATAGTAGGATTTACACG_002,7
AATCGTTCCATAGAAATGAG_001,177
AATCGTTCCATAGAAATGAG_002,59
AGACTACATTAATGGTGGAG_001,77
AGACTACATTAATGGTGGAG_002,94
AGACTACATTAATGGTGGAG_003,177
AGACTACATTAATGGTGGAG_004,171
AGACTACATTAATGGTGGAG_005,150
AGACTACATTAATGGTGGAG_006,88
CGAACAGGAGAGGGTCAAGT_001,146
CGAACAGGAGAGGGTCAAGT_002,62
CGAACAGGAGAGGGTCAAGT_003,105
CGAACAGGAGAGGGTCAAGT_004,118
CGAACAGGAGAGGGTCAAGT_005,5
CGAACAGGAGAGGGTCAAGT_006,166
CGAACAGGAGAGGGTCAAGT_007,42
CGAACAGGAGAGGGTCAAGT_008,129
CGAACAGGAGAGGGTCAAGT_009,14
CGAACAGGAGAGGGTCAAGT_010,66
CGAACAGGAGAGGGTCAAGT_011,168
CGAACAGGAGAGGGTCAAGT_012,14
CGAACAGGAGAGGGTCAAGT_013,161
CGAACAGGAGAGGGTCAAGT_014,48
CGAACAGGAGAGGGTCAAGT_015,192
CGAACAGGAGAGGGTCAAGT_016,41
CGAACAGGAGAGGGTCAAGT_017,33
CGAACAGGAGAGGGTCAAGT_018,186
CGAACAGGAGAGGGTCAAGT_019,166
CGAACAGGAGAGGGTCAAGT_020,150
CGAACAGGAGAGGGTCAAGT_021,17
CGAACAGGAGAGGGTCAAGT_022,59
CGAACAGGAGAGGGTCAAGT_023,49
CGAACAGGAGAGGGTCAAGT_024,59
CGAACAGGAGAGGGTCAAGT_025,197
CGAACAGGAGAGGGTCAAGT_026,125
CGGCGACCCGATTCCCCGTG_001,107
CGGCGACCCGATTCCCCGTG_002,132
CGGCGACCCGATTCCCCGTG_003,119
AATGTATGGGTTGACTCCCA_001,48
AATGTATGGGTTGACTCCCA_002,158
AATGTATGGGTTGACTCCCA_003,15
AATGTATGGGTTGACTCCCA_004,189
AATGTATGGGTTGACTCCCA_005,92
CTCTTCTCCACCAACGCGCA_001,151
CTCTTCTCCACCAACGCGCA_002,63
CTCTTCTCCACCAACGCGCA_003,157
CTCTTCTCCACCAACGCGCA_004,184
CTCTTCTCCACCAACGCGCA_005,2
CTCTTCTCCACCAACGCGCA_006,1
CTCTTCTCCACCAACGCGCA_007,68
CTCTTCTCCACCAACGCGCA_008,161
CTCTTCTCCACCAACGCGCA_009,28
CTCTTCTCCACCAACGCGCA_010,168
CTCTTCTCCACCAACGCGCA_011,72
CTCTTCTCCACCAACGCGCA_012,183
CTCTTCTCCACCAACGCGCA_013,138
CTCTTCTCCACCAACGCGCA_014,129
GGTACCGTGACTGCAAGCGG_001,182
GGTACCGTGACTGCAAGCGG_002,42
GGTACCGTGACTGCAAGCGG_003,170
GGTACCGTGACTGCAAGCGG_004,152
GGTACCGTGACTGCAAGCGG_005,145
GGTACCGTGACTGCAAGCGG_006,159
GGTACCGTGACTGCAAGCGG_007,6
GGTACCGTGACTGCAAGCGG_008,61
GGTACCGTGACTGCAAGCGG_009,155
GGTACCGTGACTGCAAGCGG_010,116
GGTACCGTGACTGCAAGCGG_011,75
GGTACCGTGACTGCAAGCGG_012,9
GGTACCGTGACTGCAAGCGG_013,152
GGTACCGTGACTGCAAGCGG_014,21
GGTACCGTGACTGCAAGCGG_015,186
GGTACCGTGACTGCAAGCGG_016,117
GGTACCGTGACTGCAAGCGG_017,81
GGTACCGTGACTGCAAGCGG_018,189
GGTACCGTGACTGCAAGCGG_019,77
GGTACCGTGACTGCAAGCGG_020,164
ACCCACTACCGAATTCCACA_001,136
ACCCACTACCGAATTCCACA_002,175
ACCCACTACCGAATTCCACA_003,111
ATTGGGGCAGAAGTATCGAG_001,164
ATTGGGGCAGAAGTATCGAG_002,20
ATTGGGGCAGAAGTATCGAG_003,53
TTCCTGGGAGAACGTCACTG_001,188
TTCCTGGGAGAACGTCACTG_002,56
TTCCTGGGAGAACGTCACTG_003,3
TTCCTGGGAGAACGTCACTG_004,18
TTCCTGGGAGAACGTCACTG_005,197
TTCCTGGGAGAACGTCACTG_006,175
TTCCTGGGAGAACGTCACTG_007,33
TTCCTGGGAGAACGTCACTG_008,48
TTCCTGGGAGAACGTCACTG_009,20
TTCCTGGGAGAACGTCACTG_010,162
TTCCTGGGAGAACGTCACTG_011,185
TTCCTGGGAGAACGTCACTG_012,171
TTCCTGGGAGAACGTCACTG_013,88
TTCCTGGGAGAACGTCACTG_014,184
TTCCTGGGAGAACGTCACTG_015,34
TTCCTGGGAGAACGTCACTG_016,68
TTCCTGGGAGAACGTCACTG_017,166
TTCCTGGGAGAACGTCACTG_018,118
ATCTTCTCCGAGAGTGTCAG_001,115
ATCTTCTCCGAGAGTGTCAG_002,167
ATCTTCTCCGAGAGTGTCAG_003,133
ATCTTCTCCGAGAGTGTCAG_004,43
ATCTTCTCCGAGAGTGTCAG_005,168
ATCTTCTCCGAGAGTGTCAG_006,183
ATCTTCTCCGAGAGTGTCAG_007,166
ATCTTCTCCGAGAGTGTCAG_008,98
ATCTTCTCCGAGAGTGTCAG_009,83
ATCTTCTCCGAGAGTGTCAG_010,102
ATCTTCTCCGAGAGTGTCAG_011,21
ATCTTCTCCGAGAGTGTCAG_012,30
ATCTTCTCCGAGAGTGTCAG_013,177
ATCTTCTCCGAGAGTGTCAG_014,188
ATCTTCTCCGAGAGTGTCAG_015,82
ATCTTCTCCGAGAGTGTCAG_016,19
ATCTTCTCCGAGAGTGTCAG_017,169
ATCTTCTCCGAGAGTGTCAG_018,31
ATCTTCTCCGAGAGTGTCAG_019,47
ATCTTCTCCGAGAGTGTCAG_020,36
ATCTTCTCCGAGAGTGTCAG_021,73
ATCTTCTCCGAGAGTGTCAG_022,121
ATCTTCTCCGAGAGTGTCAG_023,29
ATCTTCTCCGAGAGTGTCAG_024,89
ATCTTCTCCGAGAGTGTCAG_025,171
ATCTTCTCCGAGAGTGTCAG_026,6
ATCTTCTCCGAGAGTGTCAG_027,2
ATCTTCTCCGAGAGTGTCAG_028,19
ATCTTCTCCGAGAGTGTCAG_029,16
ATCTTCTCCGAGAGTGTCAG_030,175
ATCTTCTCCGAGAGTGTCAG_031,94
ATCTTCTCCGAGAGTGTCAG_032,89
ATCTTCTCCGAGAGTGTCAG_033,86
ATCTTCTCCGAGAGTGTCAG_034,46
ATCTTCTCCGAGAGTGTCAG_035,151
ATCTTCTCCGAGAGTGTCAG_036,9
CTCCCGGAGGAACCTCATCG_001,81
GGATCCCAATGATTCAGATG_001,145
GGATCCCAATGATTCAGATG_002,30
GGATCCCAATGATTCAGATG_003,37
GGATCCCAATGATTCAGATG_004,17
GGGAACGGCAAAACTCACGC_001,165
GGGAACGGCAAAACTCACGC_002,49
GGGAACGGCAAAACTCACGC_003,60
GGGAACGGCAAAACTCACGC_004,129
GGGAACGGCAAAACTCACGC_005,70
GGGAACGGCAAAACTCACGC_006,88
GGGAACGGCAAAACTCACGC_007,46
GGGAACGGCAAAACTCACGC_008,43
GGGAACGGCAAAACTCACGC_009,151
GGGAACGGCAAAACTCACGC_010,6
GGGAACGGCAAAACTCACGC_011,58
GGGAACGGCAAAACTCACGC_012,1
GGGAACGGCAAAACTCACGC_013,130
GGGAACGGCAAAACTCACGC_014,49
GGGAACGGCAAAACTCACGC_015,15
GGGAACGGCAAAACTCACGC_016,70
GGGAACGGCAAAACTCACGC_017,163
GGGAACGGCAAAACTCACGC_018,172
GGGAACGGCAAAACTCACGC_019,149
GGGAACGGCAAAACTCACGC_020,8
GGGAACGGCAAAACTCACGC_021,113
GGGAACGGCAAAACTCACGC_022,175
GGGAACGGCAAAACTCACGC_023,149
GGGAACGGCAAAACTCACGC_024,169
GGGAACGGCAAAACTCACGC_025,70
GGGAACGGCAAAACTCACGC_026,127
GGGAACGGCAAAACTCACGC_027,57
GGGAACGGCAAAACTCACGC_028,127
GGGAACGGCAAAACTCACGC_029,73
GGGAACGGCAAAACTCACGC_030,23
GGGAACGGCAAAACTCACGC_031,49
GGGAACGGCAAAACTCACGC_032,1
GGGAACGGCAAAACTCACGC_033,43
ATGTTCTGTGCAGTATGAGT_001,184
ATGTTCTGTGCAGTATGAGT_002,29
ATGTTCTGTGCAGTATGAGT_003,195
ATGTTCTGTGCAGTATGAGT_004,114
ATGTTCTGTGCAGTATGAGT_005,105
ATGTTCTGTGCAGTATGAGT_006,113
ATGTTCTGTGCAGTATGAGT_007,75
ATGTTCTGTGCAGTATGAGT_008,67
ATGTTCTGTGCAGTATGAGT_009,153
ATGTTCTGTGCAGTATGAGT_010,116
GTTGGTGGAATCAGGTACTT_001,58
GTTGGTGGAATCAGGTACTT_002,97
GTTGGTGGAATCAGGTACTT_003,137
GTTGGTGGAATCAGGTACTT_004,49
GTTGGTGGAATCAGGTACTT_005,175
GTTGGTGGAATCAGGTACTT_006,95
GTTGGTGGAATCAGGTACTT_007,127
GTTGGTGGAATCAGGTACTT_008,190
GTTGGTGGAATCAGGTACTT_009,76
GTTGGTGGAATCAGGTACTT_010,7
GTTGGTGGAATCAGGTACTT_011,168
GTTGGTGGAATCAGGTACTT_012,89
GTTGGTGGAATCAGGTACTT_013,40
GTTGGTGGAATCAGGTACTT_014,145
AGATAGACAAGAGAATGACA_001,127
AGATAGACAAGAGAATGACA_002,86
AGATAGACAAGAGAATGACA_003,33
AGATAGACAAGAGAATGACA_004,33
CGACGCCGACCTGAGCCCGG_001,117
CGACGCCGACCTGAGCCCGG_002,150
CGACGCCGACCTGAGCCCGG_003,98
CGACGCCGACCTGAGCCCGG_004,148
CGACGCCGACCTGAGCCCGG_005,1
CGACGCCGACCTGAGCCCGG_006,107
CGACGCCGACCTGAGCCCGG_007,118
CGACGCCGACCTGAGCCCGG_008,175
CGACGCCGACCTGAGCCCGG_009,114
CGACGCCGACCTGAGCCCGG_010,127
CGACGCCGACCTGAGCCCGG_011,119
CGACGCCGACCTGAGCCCGG_012,137
CGACGCCGACCTGAGCCCGG_013,130
CGACGCCGACCTGAGCCCGG_014,177
CGACGCCGACCTGAGCCCGG_015,1
CGACGCCGACCTGAGCCCGG_016,113
CACTAACCCCCGAGACTCAG_001,151
CACTAACCCCCGAGACTCAG_002,182
CACTAACCCCCGAGACTCAG_003,197
CACTAACCCCCGAGACTCAG_004,139
CACTAACCCCCGAGACTCAG_005,104
CACTAACCCCCGAGACTCAG_006,172
CACTAACCCCCGAGACTCAG_007,112
CACTAACCCCCGAGACTCAG_008,60
CACTAACCCCCGAGACTCAG_009,119
CACTAACCCCCGAGACTCAG_010,148
CACTAACCCCCGAGACTCAG_011,4
CACTAACCCCCGAGACTCAG_012,183
CACTAACCCCCGAGACTCAG_013,111
CACTAACCCCCGAGACTCAG_014,178
CACTAACCCCCGAGACTCAG_015,69
CACTAACCCCCGAGACTCAG_016,15
CACTAACCCCCGAGACTCAG_017,49
CACTAACCCCCGAGACTCAG_018,43
CACTAACCCCCGAGACTCAG_019,113
CACTAACCCCCGAGACTCAG_020,48
CACTAACCCCCGAGACTCAG_021,105
CACTAACCCCCGAGACTCAG_022,30
CACTAACCCCCGAGACTCAG_023,62
CACTAACCCCCGAGACTCAG_024,198
CACTAACCCCCGAGACTCAG_025,53
CACTAACCCCCGAGACTCAG_026,83
CACTAACCCCCGAGACTCAG_027,82
CACTAACCCCCGAGACTCAG_028,170
CACTAACCCCCGAGACTCAG_029,193
CACTAACCCCCGAGACTCAG_030,27
CACTAACCCCCGAGACTCAG_031,17
CACTAACCCCCGAGACTCAG_032,107
CACTAACCCCCGAGACTCAG_033,119
CACTAACCCCCGAGACTCAG_034,106
CACTAACCCCCGAGACTCAG_035,76
CACTAACCCCCGAGACTCAG_036,175
CACTAACCCCCGAGACTCAG_037,77
CACTAACCCCCGAGACTCAG_038,124
CAGACTGGCGGGGTCCAGCG_001,2
CAGACTGGCGGGGTCCAGCG_002,58
CAGACTGGCGGGGTCCAGCG_003,170
CAGACTGGCGGGGTCCAGCG_004,0
CAGACTGGCGGGGTCCAGCG_005,84
CAGACTGGCGGGGTCCAGCG_006,60
CAGACTGGCGGGGTCCAGCG_007,114
CAGACTGGCGGGGTCCAGCG_008,108
CAGACTGGCGGGGTCCAGCG_009,88
CAGACTGGCGGGGTCCAGCG_010,44
GCGGGCTCCGAAACCCCGCA_001,48
GCGGGCTCCGAAACCCCGCA_002,30
GCGGGCTCCGAAACCCCGCA_003,103
GCGGGCTCCGAAACCCCGCA_004,139
GCGGGCTCCGAAACCCCGCA_005,129
AAAATCCACTAGGGTTGGTA_001,115
AAAATCCACTAGGGTTGGTA_002,157
AAAATCCACTAGGGTTGGTA_003,17
AAAATCCACTAGGGTTGGTA_004,188
AAAATCCACTAGGGTTGGTA_005,47
AAAATCCACTAGGGTTGGTA_006,30
AAAATCCACTAGGGTTGGTA_007,0
AAAATCCACTAGGGTTGGTA_008,50
TAAAGACAGTGCCACAACAT_001,40
TAAAGACAGTGCCACAACAT_002,175
TAAAGACAGTGCCACAACAT_003,0
TAAAGACAGTGCCACAACAT_004,191
TAAAGACAGTGCCACAACAT_005,48
TCAACAAGATGAATTGATGG_001,86
TCAACAAGATGAATTGATGG_002,4
CATGTGTAAAGTCCAGACAA_001,80
CATGTGTAAAGTCCAGACAA_002,184
CATGTGTAAAGTCCAGACAA_003,18
CATGTGTAAAGTCCAGACAA_004,58
CCTAAGTAGGACATCCACAT_001,83
CCTAAGTAGGACATCCACAT_002,93
CCTAAGTAGGACATCCACAT_003,124
CCTAAGTAGGACATCCACAT_004,2
CCTAAGTAGGACATCCACAT_005,77
CCTAAGTAGGACATCCACAT_006,170
CCTAAGTAGGACATCCACAT_007,142
CCTAAGTAGGACATCCACAT_008,196
CCTAAGTAGGACATCCACAT_009,147
CCTAAGTAGGACATCCACAT_010,56
CCTAAGTAGGACATCCACAT_011,172
CCTAAGTAGGACATCCACAT_012,92
TTGAGCCATACAACCCTGAA_001,48
TTGAGCCATACAACCCTGAA_002,177
TCCAGTGTTTGAACTCACGC_001,127
TCCAGTGTTTGAACTCACGC_002,43
TCCAGTGTTTGAACTCACGC_003,109
TCCAGTGTTTGAACTCACGC_004,25
TCCAGTGTTTGAACTCACGC_005,12
TCCAGTGTTTGAACTCACGC_006,102
TCCAGTGTTTGAACTCACGC_007,58
TCCAGTGTTTGAACTCACGC_008,169
TCCAGTGTTTGAACTCACGC_009,150
CAAGAACGAGAGCGTACTCA_001,43
CAAGAACGAGAGCGTACTCA_002,181
CAAGAACGAGAGCGTACTCA_003,41
CAAGAACGAGAGCGTACTCA_004,58
CAAGAACGAGAGCGTACTCA_005,179
CAAGAACGAGAGCGTACTCA_006,121
CAAGAACGAGAGCGTACTCA_007,102
CAAGAACGAGAGCGTACTCA_008,58
CAAGAACGAGAGCGTACTCA_009,134
GGGGGGCCTGAGCTACAAAG_001,78
GGGGGGCCTGAGCTACAAAG_002,120
GGGGGGCCTGAGCTACAAAG_003,186
TAATAGTAACATGAGCCACA_001,183
TAATAGTAACATGAGCCACA_002,18
TAATAGTAACATGAGCCACA_003,130
TAATAGTAACATGAGCCACA_004,134
TAATAGTAACATGAGCCACA_005,96
TGGTGATGGATACGTGCAGT_001,91
TGGTGATGGATACGTGCAGT_002,120
TGGTGATGGATACGTGCAGT_003,34
TGGTGATGGATACGTGCAGT_004,194
TGGTGATGGATACGTGCAGT_005,127
TGGTGATGGATACGTGCAGT_006,105
TGGTGATGGATACGTGCAGT_007,147
TGGTGATGGATACGTGCAGT_008,85
TGGTGATGGATACGTGCAGT_009,79
TGGTGATGGATACGTGCAGT_010,72
TGGTGATGGATACGTGCAGT_011,40
TGGTGATGGATACGTGCAGT_012,72
TGGTGATGGATACGTGCAGT_013,191
CAAGGCTCCTGAAATCACGC_001,114
CAAGGCTCCTGAAATCACGC_002,9
CAAGGCTCCTGAAATCACGC_003,112
CAAGGCTCCTGAAATCACGC_004,0
CAAGGCTCCTGAAATCACGC_005,49
CAAGGCTCCTGAAATCACGC_006,12
CAAGGCTCCTGAAATCACGC_007,2
CAAGGCTCCTGAAATCACGC_008,25
CAAGGCTCCTGAAATCACGC_009,125
CAAGGCTCCTGAAATCACGC_010,42
AGCACTTGGAGAGATACACT_001,172
AGCACTTGGAGAGATACACT_002,117
AGCACTTGGAGAGATACACT_003,144
AGCACTTGGAGAGATACACT_004,96
AGCACTTGGAGAGATACACT_005,137
AGCACTTGGAGAGATACACT_006,160
AGCACTTGGAGAGATACACT_007,78
AGCACTTGGAGAGATACACT_008,17
AGCACTTGGAGAGATACACT_009,60
AGCACTTGGAGAGATACACT_010,192
AGCACTTGGAGAGATACACT_011,101
AGCACTTGGAGAGATACACT_012,157
AGCACTTGGAGAGATACACT_013,185
TTGTCGAGTCAGATTCAAGC_001,146
CATCTCGACATCCTTCTCGA_001,174
CATCTCGACATCCTTCTCGA_002,94
GTTGTGAAGCCACCAACCAA_001,125
GTTGTGAAGCCACCAACCAA_002,124
GTTGTGAAGCCACCAACCAA_003,118
GTTGTGAAGCCACCAACCAA_004,165
GTTGTGAAGCCACCAACCAA_005,22
GTTGTGAAGCCACCAACCAA_006,184
GTTGTGAAGCCACCAACCAA_007,46
GTTGTGAAGCCACCAACCAA_008,96
GTTGTGAAGCCACCAACCAA_009,180
CCCAACACTCCTATTCAGGT_001,51
CCCAACACTCCTATTCAGGT_002,145
CCCAACACTCCTATTCAGGT_003,103
CCCAACACTCCTATTCAGGT_004,135
CCCAACACTCCTATTCAGGT_005,36
CCCAACACTCCTATTCAGGT_006,80
CCCAACACTCCTATTCAGGT_007,186
CCCAACACTCCTATTCAGGT_008,162
CCCAACACTCCTATTCAGGT_009,2
CCCAACACTCCTATTCAGGT_010,117
CCCAACACTCCTATTCAGGT_011,168
CCAGATCGAAATGAAAGTGA_001,1
CCAGATCGAAATGAAAGTGA_002,58
TGAGCCACCACAGGCGCCGT_001,182
GCGGTGGCGGGTACTCGAAG_001,174
GCGGTGGCGGGTACTCGAAG_002,157
GCGGTGGCGGGTACTCGAAG_003,68
GCGGTGGCGGGTACTCGAAG_004,55
GCGGTGGCGGGTACTCGAAG_005,199
GCGGTGGCGGGTACTCGAAG_006,193
GCGGTGGCGGGTACTCGAAG_007,92
GCGGTGGCGGGTACTCGAAG_008,21
GCGGTGGCGGGTACTCGAAG_009,130
GCGGTGGCGGGTACTCGAAG_010,108
GCGGTGGCGGGTACTCGAAG_011,169
GCGGTGGCGGGTACTCGAAG_012,185
GCGGTGGCGGGTACTCGAAG_013,115
GCGGTGGCGGGTACTCGAAG_014,1
GCGGTGGCGGGTACTCGAAG_015,82
GCGGTGGCGGGTACTCGAAG_016,115
GCGGTGGCGGGTACTCGAAG_017,32
GCGGTGGCGGGTACTCGAAG_018,169
GCGGTGGCGGGTACTCGAAG_019,169
TATATGCAGAACATGTCCTG_001,115
TATATGCAGAACATGTCCTG_002,113
TATATGCAGAACATGTCCTG_003,19
TATATGCAGAACATGTCCTG_004,8
TATATGCAGAACATGTCCTG_005,12
TATATGCAGAACATGTCCTG_006,169
TATATGCAGAACATGTCCTG_007,58
TATATGCAGAACATGTCCTG_008,5
TATATGCAGAACATGTCCTG_009,1
TATATGCAGAACATGTCCTG_010,15
TATATGCAGAACATGTCCTG_011,177
TATATGCAGAACATGTCCTG_012,113
TATATGCAGAACATGTCCTG_013,44
TATATGCAGAACATGTCCTG_014,58
TATATGCAGAACATGTCCTG_015,48
TATATGCAGAACATGTCCTG_016,46
TATATGCAGAACATGTCCTG_017,96
TATATGCAGAACATGTCCTG_018,62
TATATGCAGAACATGTCCTG_019,24
GAAATCCCGGAGATTACACA_001,112
GAAATCCCGGAGATTACACA_002,127
TGTGAATGGACGCACCGTGG_001,103
TGTGAATGGACGCACCGTGG_002,23
TGTGAATGGACGCACCGTGG_003,166
TGTGAATGGACGCACCGTGG_004,3
TGTGAATGGACGCACCGTGG_005,72
CATTACCAGGAGAGTGACAA_001,108
CATTACCAGGAGAGTGACAA_002,158
CATTACCAGGAGAGTGACAA_003,2
CATTACCAGGAGAGTGACAA_004,170
CATTACCAGGAGAGTGACAA_005,69
CATTACCAGGAGAGTGACAA_006,43
CATTACCAGGAGAGTGACAA_007,148
CATTACCAGGAGAGTGACAA_008,9
CATTACCAGGAGAGTGACAA_009,84
CATTACCAGGAGAGTGACAA_010,51
CATTACCAGGAGAGTGACAA_011,137
CATTACCAGGAGAGTGACAA_012,182
CATTACCAGGAGAGTGACAA_013,145
CATTACCAGGAGAGTGACAA_014,60
CATTACCAGGAGAGTGACAA_015,63
CATTACCAGGAGAGTGACAA_016,61
CATTACCAGGAGAGTGACAA_017,123
CGGTGCAATACCGAACGCAG_001,85
CGGTGCAATACCGAACGCAG_002,133
CGGTGCAATACCGAACGCAG_003,148
CGGTGCAATACCGAACGCAG_004,11
CGGTGCAATACCGAACGCAG_005,113
CGGTGCAATACCGAACGCAG_006,121
CGGTGCAATACCGAACGCAG_007,44
CGGTGCAATACCGAACGCAG_008,172
CGGTGCAATACCGAACGCAG_009,146
CGGTGCAATACCGAACGCAG_010,152
CGGTGCAATACCGAACGCAG_011,162
CGGTGCAATACCGAACGCAG_012,188
CGGTGCAATACCGAACGCAG_013,94
CGGTGCAATACCGAACGCAG_014,194
CGGTGCAATACCGAACGCAG_015,44
CGGTGCAATACCGAACGCAG_016,179
CGGTGCAATACCGAACGCAG_017,179
CGGTGCAATACCGAACGCAG_018,7
CGGTGCAATACCGAACGCAG_019,80
CGGTGCAATACCGAACGCAG_020,149
CGGTGCAATACCGAACGCAG_021,56
CGGTGCAATACCGAACGCAG_022,43
CGGTGCAATACCGAACGCAG_023,162
CGGTGCAATACCGAACGCAG_024,177
CGGTGCAATACCGAACGCAG_025,68
TCTTTAGTACCATGAACACA_001,84
TCAGTTAGACTCATGGACTG_001,107
TCAGTTAGACTCATGGACTG_002,5
AGCATTATCCAAAGAGTCCG_001,190
AGCATTATCCAAAGAGTCCG_002,130
AGCATTATCCAAAGAGTCCG_003,188
AGCATTATCCAAAGAGTCCG_004,138
AGCATTATCCAAAGAGTCCG_005,180
AGCATTATCCAAAGAGTCCG_006,160
AATGGAAAACTACTCACCAA_001,142
AATGGAAAACTACTCACCAA_002,94
AATGGAAAACTACTCACCAA_003,41
AATGGAAAACTACTCACCAA_004,182
AATGGAAAACTACTCACCAA_005,157
AATGGAAAACTACTCACCAA_006,174
AATGGAAAACTACTCACCAA_007,134
AATGGAAAACTACTCACCAA_008,60
AATGGAAAACTACTCACCAA_009,196
AATGGAAAACTACTCACCAA_010,149
AATGGAAAACTACTCACCAA_011,184
AATGGAAAACTACTCACCAA_012,41
AATGGAAAACTACTCACCAA_013,105
AATGGAAAACTACTCACCAA_014,139
AATGGAAAACTACTCACCAA_015,24
AATGGAAAACTACTCACCAA_016,91
AATGGAAAACTACTCACCAA_017,162
AGGTTGCAAGAGCACGCGGT_001,23
AGGTTGCAAGAGCACGCGGT_002,17
AGGTTGCAAGAGCACGCGGT_003,5
AGGTTGCAAGAGCACGCGGT_004,191
AGGTTGCAAGAGCACGCGGT_005,148
AGGTTGCAAGAGCACGCGGT_006,156
AGGTTGCAAGAGCACGCGGT_007,156
AGGTTGCAAGAGCACGCGGT_008,124
AGGTTGCAAGAGCACGCGGT_009,60
AGGTTGCAAGAGCACGCGGT_010,6
AGTGGTGCCCCGCAAGAAAG_001,6
AGTGGTGCCCCGCAAGAAAG_002,62
AGTGGTGCCCCGCAAGAAAG_003,156
AGTGGTGCCCCGCAAGAAAG_004,106
AGTGGTGCCCCGCAAGAAAG_005,4
AGTGGTGCCCCGCAAGAAAG_006,94
AGTGGTGCCCCGCAAGAAAG_007,121
AGTGGTGCCCCGCAAGAAAG_008,98
AGTGGTGCCCCGCAAGAAAG_009,199
AGTGGTGCCCCGCAAGAAAG_010,198
AGTGGTGCCCCGCAAGAAAG_011,17
AGTGGTGCCCCGCAAGAAAG_012,77
AGTGGTGCCCCGCAAGAAAG_013,142
AGTGGTGCCCCGCAAGAAAG_014,180
AGTGGTGCCCCGCAAGAAAG_015,52
AGTGGTGCCCCGCAAGAAAG_016,111
TGATAAGTGCCGGAGTACCA_001,127
TGATAAGTGCCGGAGTACCA_002,40
TGATAAGTGCCGGAGTACCA_003,72
TGATAAGTGCCGGAGTACCA_004,107
TGATAAGTGCCGGAGTACCA_005,193
TGATAAGTGCCGGAGTACCA_006,130
TGATAAGTGCCGGAGTACCA_007,23
TGATAAGTGCCGGAGTACCA_008,180
TGATAAGTGCCGGAGTACCA_009,154
TGATAAGTGCCGGAGTACCA_010,129
TGATAAGTGCCGGAGTACCA_011,184
TGATAAGTGCCGGAGTACCA_012,169
TGATAAGTGCCGGAGTACCA_013,93
TGATAAGTGCCGGAGTACCA_014,115
TGATAAGTGCCGGAGTACCA_015,145
TGATAAGTGCCGGAGTACCA_016,148
TGATAAGTGCCGGAGTACCA_017,16
TGATAAGTGCCGGAGTACCA_018,91
TGATAAGTGCCGGAGTACCA_019,178
TGATAAGTGCCGGAGTACCA_020,45
TGATAAGTGCCGGAGTACCA_021,37
TGATAAGTGCCGGAGTACCA_022,151
TGATAAGTGCCGGAGTACCA_023,27
TGATAAGTGCCGGAGTACCA_024,27
TGATAAGTGCCGGAGTACCA_025,124
AAGCGGTTCTGGTATATCGA_001,10
AAGCGGTTCTGGTATATCGA_002,2
GGCCAAGCTCCTCGTCCACG_001,38
GGCCAAGCTCCTCGTCCACG_002,49
GGCCAAGCTCCTCGTCCACG_003,158
GGCCAAGCTCCTCGTCCACG_004,48
GGCCAAGCTCCTCGTCCACG_005,36
GGCCAAGCTCCTCGTCCACG_006,114
GGCCAAGCTCCTCGTCCACG_007,188
GGCCAAGCTCCTCGTCCACG_008,194
GGCCAAGCTCCTCGTCCACG_009,128
GGCCAAGCTCCTCGTCCACG_010,69
GGCCAAGCTCCTCGTCCACG_011,194
GGCCAAGCTCCTCGTCCACG_012,162
GGCCAAGCTCCTCGTCCACG_013,137
GGCCAAGCTCCTCGTCCACG_014,9
ACCCGGAATGACAACAGCTG_001,107
ACCCGGAATGACAACAGCTG_002,159
ACCCGGAATGACAACAGCTG_003,27
ACCCGGAATGACAACAGCTG_004,141
ACCCGGAATGACAACAGCTG_005,149
ACCCGGAATGACAACAGCTG_006,59
ACCCGGAATGACAACAGCTG_007,126
ACCCGGAATGACAACAGCTG_008,170
ACCCGGAATGACAACAGCTG_009,157
ACCCGGAATGACAACAGCTG_010,23
ACCCGGAATGACAACAGCTG_011,12
ACCCGGAATGACAACAGCTG_012,59
ACCCGGAATGACAACAGCTG_013,29
ACCCGGAATGACAACAGCTG_014,190
ACCCGGAATGACAACAGCTG_015,112
ACCCGGAATGACAACAGCTG_016,160
ACCCGGAATGACAACAGCTG_017,5
ACCCGGAATGACAACAGCTG_018,127
ACCCGGAATGACAACAGCTG_019,78
ACCCGGAATGACAACAGCTG_020,116
ACCCGGAATGACAACAGCTG_021,113
ACCCGGAATGACAACAGCTG_022,77
ACCCGGAATGACAACAGCTG_023,166
ACCCGGAATGACAACAGCTG_024,32
ACCCGGAATGACAACAGCTG_025,146
ACCCGGAATGACAACAGCTG_026,140
ACCCGGAATGACAACAGCTG_027,119
ACCCGGAATGACAACAGCTG_028,99
ACCCGGAATGACAACAGCTG_029,0
ACCCGGAATGACAACAGCTG_030,177
TAAGGGTAAAATCTACCCTG_001,177
CAATATTTACTATGAGACAA_001,39
CAATATTTACTATGAGACAA_002,170
CAATATTTACTATGAGACAA_003,60
GGTAATGCTGTATTAGCTAG_001,8
GGTAATGCTGTATTAGCTAG_002,28
GGTAATGCTGTATTAGCTAG_003,182
GTATCTGCAGCCCAATGTCA_001,56
GTATCTGCAGCCCAATGTCA_002,175
GTATCTGCAGCCCAATGTCA_003,70
GTATCTGCAGCCCAATGTCA_004,184
GTATCTGCAGCCCAATGTCA_005,12
GTATCTGCAGCCCAATGTCA_006,76
GTATCTGCAGCCCAATGTCA_007,109
GTATCTGCAGCCCAATGTCA_008,51
GTATCTGCAGCCCAATGTCA_009,22
GTATCTGCAGCCCAATGTCA_010,28
GTATCTGCAGCCCAATGTCA_011,102
GTATCTGCAGCCCAATGTCA_012,62
CTCACCCGGAGAATTCAGCG_001,97
GCGTTGCGGCTACTACAACA_001,143
GCGTTGCGGCTACTACAACA_002,127
GCGTTGCGGCTACTACAACA_003,21
GCGTTGCGGCTACTACAACA_004,130
GCGTTGCGGCTACTACAACA_005,137
GCGTTGCGGCTACTACAACA_006,170
GCGTTGCGGCTACTACAACA_007,148
GCGTTGCGGCTACTACAACA_008,81
GCGTTGCGGCTACTACAACA_009,50
GCGTTGCGGCTACTACAACA_010,103
GCGTTGCGGCTACTACAACA_011,115
GCGTTGCGGCTACTACAACA_012,34
CACGAACTCACACCGCGCGA_001,81
CACGAACTCACACCGCGCGA_002,127
CACGAACTCACACCGCGCGA_003,34
CACGAACTCACACCGCGCGA_004,0
CACGAACTCACACCGCGCGA_005,188
CACGAACTCACACCGCGCGA_006,58
CACGAACTCACACCGCGCGA_007,198
CACGAACTCACACCGCGCGA_008,10
CACGAACTCACACCGCGCGA_009,37
TCACAGGATGTAATCTGACA_001,159
CGGTCAGGACATTGGAACGA_001,57
CGGTCAGGACATTGGAACGA_002,152
CGGTCAGGACATTGGAACGA_003,184
CCGCCAGCGACGCCTCAGAA_001,191
CCGCCAGCGACGCCTCAGAA_002,198
CCGCCAGCGACGCCTCAGAA_003,105
CCGCCAGCGACGCCTCAGAA_004,184
CCGCCAGCGACGCCTCAGAA_005,58
CCGCCAGCGACGCCTCAGAA_006,124
CCGCCAGCGACGCCTCAGAA_007,66
CCGCCAGCGACGCCTCAGAA_008,164
CCGCCAGCGACGCCTCAGAA_009,44
CCGCCAGCGACGCCTCAGAA_010,76
CCGCCAGCGACGCCTCAGAA_011,148
CCGCCAGCGACGCCTCAGAA_012,174
CCGCCAGCGACGCCTCAGAA_013,115
CCGCCAGCGACGCCTCAGAA_014,191
CCGCCAGCGACGCCTCAGAA_015,145
CCGCCAGCGACGCCTCAGAA_016,147
CCGCCAGCGACGCCTCAGAA_017,102
CCGCCAGCGACGCCTCAGAA_018,191
CCGCCAGCGACGCCTCAGAA_019,50
CCGCCAGCGACGCCTCAGAA_020,165
CCGCCAGCGACGCCTCAGAA_021,94
CCGCCAGCGACGCCTCAGAA_022,51
CCGCCAGCGACGCCTCAGAA_023,21
CCGCCAGCGACGCCTCAGAA_024,92
CCGCCAGCGACGCCTCAGAA_025,58
CCGCCAGCGACGCCTCAGAA_026,60
CCGCCAGCGACGCCTCAGAA_027,7
CCGCCAGCGACGCCTCAGAA_028,68
CCGCCAGCGACGCCTCAGAA_029,193
CCGCCAGCGACGCCTCAGAA_030,146
CCGCCAGCGACGCCTCAGAA_031,142
CCGCCAGCGACGCCTCAGAA_032,137
CCGCCAGCGACGCCTCAGAA_033,3
CCGCCAGCGACGCCTCAGAA_034,50
CCGCCAGCGACGCCTCAGAA_035,152
CCGCCAGCGACGCCTCAGAA_036,173
CCGCCAGCGACGCCTCAGAA_037,166
AGCAGCCGGCAGTATCGATG_001,24
AGCAGCCGGCAGTATCGATG_002,77
AGCAGCCGGCAGTATCGATG_003,179
AGCAGCCGGCAGTATCGATG_004,66
AGCAGCCGGCAGTATCGATG_005,49
AGCAGCCGGCAGTATCGATG_006,148
CAAAGCGTTCGGTGATGAAG_001,162
CAAAGCGTTCGGTGATGAAG_002,16
CAAAGCGTTCGGTGATGAAG_003,98
CAAAGCGTTCGGTGATGAAG_004,83
CAAAGCGTTCGGTGATGAAG_005,42
CAAAGCGTTCGGTGATGAAG_006,13
CAAAGCGTTCGGTGATGAAG_007,12
CAAAGCGTTCGGTGATGAAG_008,80
AGGCCTAGAATATCCTGCAG_001,27
AGGCCTAGAATATCCTGCAG_002,80
AGGCCTAGAATATCCTGCAG_003,192
AAGGGTAATATGGTTTACCT_001,152
AAGGGTAATATGGTTTACCT_002,42
AAGGGTAATATGGTTTACCT_003,183
AAGGGTAATATGGTTTACCT_004,105
AAGGGTAATATGGTTTACCT_005,37
AAGGGTAATATGGTTTACCT_006,71
AAAGTGTCGGACCCCGCTTG_001,124
AAAGTGTCGGACCCCGCTTG_002,65
AAAGTGTCGGACCCCGCTTG_003,98
AAAGTGTCGGACCCCGCTTG_004,171
AAAGTGTCGGACCCCGCTTG_005,24
AAAGTGTCGGACCCCGCTTG_006,147
AAAGTGTCGGACCCCGCTTG_007,44
AAAGTGTCGGACCCCGCTTG_008,30
AAAGTGTCGGACCCCGCTTG_009,101
AAAGTGTCGGACCCCGCTTG_010,17
AAAGTGTCGGACCCCGCTTG_011,140
AAAGTGTCGGACCCCGCTTG_012,76
AAAGTGTCGGACCCCGCTTG_013,79
AAAGTGTCGGACCCCGCTTG_014,185
AAAGTGTCGGACCCCGCTTG_015,9
AAAGTGTCGGACCCCGCTTG_016,124
AAAGTGTCGGACCCCGCTTG_017,63
AAAGTGTCGGACCCCGCTTG_018,173
AAAGTGTCGGACCCCGCTTG_019,173
AAAGTGTCGGACCCCGCTTG_020,9
AAAGTGTCGGACCCCGCTTG_021,177
AAAGTGTCGGACCCCGCTTG_022,78
AAAGTGTCGGACCCCGCTTG_023,72
AAAGTGTCGGACCCCGCTTG_024,28
AAAGTGTCGGACCCCGCTTG_025,147
AAAGTGTCGGACCCCGCTTG_026,24
AAAGTGTCGGACCCCGCTTG_027,50
CCACTGGTAGATTTCACTCA_001,15
CCACTGGTAGATTTCACTCA_002,60
CCACTGGTAGATTTCACTCA_003,60
CCACTGGTAGATTTCACTCA_004,47
CTGAATCTTTGGAGTACCTG_001,181
CTGAATCTTTGGAGTACCTG_002,69
CTGAATCTTTGGAGTACCTG_003,137
CTGAATCTTTGGAGTACCTG_004,48
CTGAATCTTTGGAGTACCTG_005,9
CTGAATCTTTGGAGTACCTG_006,162
CTGAATCTTTGGAGTACCTG_007,36
CTGAATCTTTGGAGTACCTG_008,116
CTGAATCTTTGGAGTACCTG_009,80
CTGAATCTTTGGAGTACCTG_010,134
CTGAATCTTTGGAGTACCTG_011,68
CTGAATCTTTGGAGTACCTG_012,66
CTGAATCTTTGGAGTACCTG_013,41
GGACAGAGTTCATCAAAACG_001,69
TGTGGTAACGCTGTGAGTGC_001,162
AGCGCCGGTGGAGAAATCCC_001,140
GACGTGCGCGAATATTCCAG_001,88
GACGTGCGCGAATATTCCAG_002,148
GACGTGCGCGAATATTCCAG_003,143
GACGTGCGCGAATATTCCAG_004,38
GACGTGCGCGAATATTCCAG_005,190
GACGTGCGCGAATATTCCAG_006,162
CACCAGTGGAGCATTGACCG_001,76
CACCAGTGGAGCATTGACCG_002,145
CACCAGTGGAGCATTGACCG_003,145
CACCAGTGGAGCATTGACCG_004,36
CACCAGTGGAGCATTGACCG_005,94
CACCAGTGGAGCATTGACCG_006,94
CACCAGTGGAGCATTGACCG_007,121
CACCAGTGGAGCATTGACCG_008,163
GGAACACCGTCACGTACCAG_001,171
GGAACACCGTCACGTACCAG_002,57
GGAACACCGTCACGTACCAG_003,160
GGAACACCGTCACGTACCAG_004,116
GGAACACCGTCACGTACCAG_005,178
GGAACACCGTCACGTACCAG_006,34
CTGAGCAGAGGAACCAAATG_001,37
CTGAGCAGAGGAACCAAATG_002,53
CTGAGCAGAGGAACCAAATG_003,102
CTGAGCAGAGGAACCAAATG_004,55
CTGAGCAGAGGAACCAAATG_005,2
CTGAGCAGAGGAACCAAATG_006,156
CTGAGCAGAGGAACCAAATG_007,195
CTGAGCAGAGGAACCAAATG_008,170
CTGAGCAGAGGAACCAAATG_009,194
CTGAGCAGAGGAACCAAATG_010,134
AACAATTTGAGGGATTTCTG_001,51
AACAATTTGAGGGATTTCTG_002,169
AACAATTTGAGGGATTTCTG_003,109
AACAATTTGAGGGATTTCTG_004,159
AACAATTTGAGGGATTTCTG_005,169
AACAATTTGAGGGATTTCTG_006,198
AACAATTTGAGGGATTTCTG_007,81
GCACACCAAGGAGATCGACC_001,183
GCACACCAAGGAGATCGACC_002,68
GCACACCAAGGAGATCGACC_003,56
GCACACCAAGGAGATCGACC_004,163
GCACACCAAGGAGATCGACC_005,117
GCACACCAAGGAGATCGACC_006,186
GCACACCAAGGAGATCGACC_007,77
GCACACCAAGGAGATCGACC_008,147
GCACACCAAGGAGATCGACC_009,112
GCACACCAAGGAGATCGACC_010,56
GCACACCAAGGAGATCGACC_011,153
GGTGTGTGTGCGAGCTACAG_001,50
GGTGTGTGTGCGAGCTACAG_002,162
GGTGTGTGTGCGAGCTACAG_003,105
GGTGTGTGTGCGAGCTACAG_004,72
GGTGTGTGTGCGAGCTACAG_005,149
GGTGTGTGTGCGAGCTACAG_006,19
GGTGTGTGTGCGAGCTACAG_007,105
GGTGTGTGTGCGAGCTACAG_008,108
GGTGTGTGTGCGAGCTACAG_009,123
GGTGTGTGTGCGAGCTACAG_010,149
GGTGTGTGTGCGAGCTACAG_011,199
GGTGTGTGTGCGAGCTACAG_012,48
GGTGTGTGTGCGAGCTACAG_013,23
GGTGTGTGTGCGAGCTACAG_014,15
GGTGTGTGTGCGAGCTACAG_015,144
GGTGTGTGTGCGAGCTACAG_016,40
GGTGTGTGTGCGAGCTACAG_017,76
GGTGTGTGTGCGAGCTACAG_018,127
GGTGTGTGTGCGAGCTACAG_019,8
GGTGTGTGTGCGAGCTACAG_020,183
GGTGTGTGTGCGAGCTACAG_021,43
GGTGTGTGTGCGAGCTACAG_022,41
GGTGTGTGTGCGAGCTACAG_023,123
GGTGTGTGTGCGAGCTACAG_024,131
GGTGTGTGTGCGAGCTACAG_025,93
GATGATAAAGGCGACAAACA_001,12
GATGATAAAGGCGACAAACA_002,0
GATGATAAAGGCGACAAACA_003,191
GATGATAAAGGCGACAAACA_004,150
GATGATAAAGGCGACAAACA_005,34
GATGATAAAGGCGACAAACA_006,63
GATGATAAAGGCGACAAACA_007,1
GATGATAAAGGCGACAAACA_008,149
GATGATAAAGGCGACAAACA_009,83
GATGATAAAGGCGACAAACA_010,63
GATGATAAAGGCGACAAACA_011,148
GATGATAAAGGCGACAAACA_012,130
GTCAGACCAAAATACCTACT_001,15
GTCAGACCAAAATACCTACT_002,129
GTCAGACCAAAATACCTACT_003,12
GTCAGACCAAAATACCTACT_004,182
GTAAGCTGTACCACACCACT_001,80
GTAAGCTGTACCACACCACT_002,107
GTAAGCTGTACCACACCACT_003,104
GTAAGCTGTACCACACCACT_004,133
GTAAGCTGTACCACACCACT_005,67
GTAAGCTGTACCACACCACT_006,172
GTAAGCTGTACCACACCACT_007,40
TTTCCCTGATTAAAAGTAAG_001,158
TTTCCCTGATTAAAAGTAAG_002,56
TTTCCCTGATTAAAAGTAAG_003,158
TGCCAACTTCACCCTCCATG_001,162
TGCCAACTTCACCCTCCATG_002,170
TGCCAACTTCACCCTCCATG_003,50
TGCCAACTTCACCCTCCATG_004,73
TGCCAACTTCACCCTCCATG_005,35
TGCCAACTTCACCCTCCATG_006,74
GTCGTGTGGCTGATTCGTAA_001,170
GTCGTGTGGCTGATTCGTAA_002,78
GTCGTGTGGCTGATTCGTAA_003,188
GCTTCTCGGACAGGACAGGG_001,191
GCTTCTCGGACAGGACAGGG_002,105
GCTTCTCGGACAGGACAGGG_003,135
GCTTCTCGGACAGGACAGGG_004,49
GCTTCTCGGACAGGACAGGG_005,188
GCTTCTCGGACAGGACAGGG_006,121
GCTTCTCGGACAGGACAGGG_007,19
GCTTCTCGGACAGGACAGGG_008,41
GCTTCTCGGACAGGACAGGG_009,41
GCTTCTCGGACAGGACAGGG_010,94
GCTTCTCGGACAGGACAGGG_011,111
GCTTCTCGGACAGGACAGGG_012,26
GCTTCTCGGACAGGACAGGG_013,161
GCTTCTCGGACAGGACAGGG_014,125
GCTTCTCGGACAGGACAGGG_015,57
GCTTCTCGGACAGGACAGGG_016,50
GCTTCTCGGACAGGACAGGG_017,188
GCTTCTCGGACAGGACAGGG_018,24
GCTTCTCGGACAGGACAGGG_019,189
GCTTCTCGGACAGGACAGGG_020,160
AGCACTCACAGAGCCGACCT_001,34
AGCACTCACAGAGCCGACCT_002,128
AGCACTCACAGAGCCGACCT_003,72
AGCACTCACAGAGCCGACCT_004,171
AGCACTCACAGAGCCGACCT_005,175
AGCACTCACAGAGCCGACCT_006,15
AGCACTCACAGAGCCGACCT_007,8
AGCACTCACAGAGCCGACCT_008,58
GAGGTACAAGTAGAGCGCAA_001,130
GAGGTACAAGTAGAGCGCAA_002,98
GAGGTACAAGTAGAGCGCAA_003,121
GAGGTACAAGTAGAGCGCAA_004,67
GAGGTACAAGTAGAGCGCAA_005,48
GAGGTACAAGTAGAGCGCAA_006,116
GAGGTACAAGTAGAGCGCAA_007,185
GAGGTACAAGTAGAGCGCAA_008,77
GAGGTACAAGTAGAGCGCAA_009,191
TGTCGCCGCTTACCGCCACG_001,68
TGTCGCCGCTTACCGCCACG_002,142
TGTCGCCGCTTACCGCCACG_003,147
TGTCGCCGCTTACCGCCACG_004,48
TGTCGCCGCTTACCGCCACG_005,89
TGTCGCCGCTTACCGCCACG_006,22
TGTCGCCGCTTACCGCCACG_007,89
TGTCGCCGCTTACCGCCACG_008,121
TGTCGCCGCTTACCGCCACG_009,42
TGTCGCCGCTTACCGCCACG_010,197
TGTCGCCGCTTACCGCCACG_011,197
TGTCGCCGCTTACCGCCACG_012,51
TGTCGCCGCTTACCGCCACG_013,121
TGTCGCCGCTTACCGCCACG_014,33
TGTCGCCGCTTACCGCCACG_015,47
ATGCTACGTCGCACCAAGCG_001,35
ATGCTACGTCGCACCAAGCG_002,185
GGAAGACGGCTTCAAACAGT_001,115
GGAAGACGGCTTCAAACAGT_002,43
GGAAGACGGCTTCAAACAGT_003,121
GGAAGACGGCTTCAAACAGT_004,113
GGAAGACGGCTTCAAACAGT_005,102
GGAAGACGGCTTCAAACAGT_006,53
GGAAGACGGCTTCAAACAGT_007,28
GGAAGACGGCTTCAAACAGT_008,177
GGAAGACGGCTTCAAACAGT_009,150
GGAAGACGGCTTCAAACAGT_010,138
GGAAGACGGCTTCAAACAGT_011,88
GGAAGACGGCTTCAAACAGT_012,43
GGAAGACGGCTTCAAACAGT_013,6
GGAAGACGGCTTCAAACAGT_014,121
GGAAGACGGCTTCAAACAGT_015,194
GGAAGACGGCTTCAAACAGT_016,106
GGAAGACGGCTTCAAACAGT_017,73
GGAAGACGGCTTCAAACAGT_018,32
GGAAGACGGCTTCAAACAGT_019,145
GGAAGACGGCTTCAAACAGT_020,83
GGAAGACGGCTTCAAACAGT_021,57
GGAAGACGGCTTCAAACAGT_022,77
GGAAGACGGCTTCAAACAGT_023,15
GGAAGACGGCTTCAAACAGT_024,198
GGAAGACGGCTTCAAACAGT_025,94
GGAAGACGGCTTCAAACAGT_026,78
CCCAGACCCCGACAGCACAG_001,50
CCCAGACCCCGACAGCACAG_002,103
CCCAGACCCCGACAGCACAG_003,4
CCCAGACCCCGACAGCACAG_004,15
CCCAGACCCCGACAGCACAG_005,40
CCCAGACCCCGACAGCACAG_006,70
CCCAGACCCCGACAGCACAG_007,175
CCCAGACCCCGACAGCACAG_008,194
CCCAGACCCCGACAGCACAG_009,0
CCCAGACCCCGACAGCACAG_010,72
CCCAGACCCCGACAGCACAG_011,189
CCCAGACCCCGACAGCACAG_012,58
CCCAGACCCCGACAGCACAG_013,116
CCCAGACCCCGACAGCACAG_014,141
CCCAGACCCCGACAGCACAG_015,86
CCCAGACCCCGACAGCACAG_016,29
CCCAGACCCCGACAGCACAG_017,159
CCCAGACCCCGACAGCACAG_018,32
CCCAGACCCCGACAGCACAG_019,150
CCCAGACCCCGACAGCACAG_020,39
CCCAGACCCCGACAGCACAG_021,78
CCCAGACCCCGACAGCACAG_022,53
CCCAGACCCCGACAGCACAG_023,174
CCCAGACCCCGACAGCACAG_024,91
CCCAGACCCCGACAGCACAG_025,161
CCCAGACCCCGACAGCACAG_026,161
CCCAGACCCCGACAGCACAG_027,15
CCCAGACCCCGACAGCACAG_028,62
CCCAGACCCCGACAGCACAG_029,76
CCCAGACCCCGACAGCACAG_030,136
CCCAGACCCCGACAGCACAG_031,29
CCCAGACCCCGACAGCACAG_032,155
CCCAGACCCCGACAGCACAG_033,121
CGCTTGCCCGGAGACCAAGA_001,124
CGCTTGCCCGGAGACCAAGA_002,55
CGCTTGCCCGGAGACCAAGA_003,74
CGCTTGCCCGGAGACCAAGA_004,198
CGCTTGCCCGGAGACCAAGA_005,50
CGCTTGCCCGGAGACCAAGA_006,50
CGCTTGCCCGGAGACCAAGA_007,108
GACTTTAGGAGCAGTTGTGG_001,191
GACTTTAGGAGCAGTTGTGG_002,101
GACTTTAGGAGCAGTTGTGG_003,169
GACTTTAGGAGCAGTTGTGG_004,63
GACTTTAGGAGCAGTTGTGG_005,137
GACTTTAGGAGCAGTTGTGG_006,49
GACTTTAGGAGCAGTTGTGG_007,149
GCTGGGCCAGAACCCCACAC_001,149
GCTGGGCCAGAACCCCACAC_002,69
GCTGGGCCAGAACCCCACAC_003,50
GCTGGGCCAGAACCCCACAC_004,127
GCTGGGCCAGAACCCCACAC_005,27
GCTGGGCCAGAACCCCACAC_006,71
GCTGGGCCAGAACCCCACAC_007,92
GCTGGGCCAGAACCCCACAC_008,94
GCTGGGCCAGAACCCCACAC_009,141
GCTGGGCCAGAACCCCACAC_010,165
GCTGGGCCAGAACCCCACAC_011,3
CCAGTACCAAGAACTAGCAG_001,49
CCAGTACCAAGAACTAGCAG_002,49
CCAGTACCAAGAACTAGCAG_003,168
CCAGTACCAAGAACTAGCAG_004,99
CCAGTACCAAGAACTAGCAG_005,197
ATCAAACACAGCCGTGTCCG_001,47
ATCAAACACAGCCGTGTCCG_002,178
ATCAAACACAGCCGTGTCCG_003,169
ATCAAACACAGCCGTGTCCG_004,61
ATCAAACACAGCCGTGTCCG_005,113
ATCAAACACAGCCGTGTCCG_006,98
ATCAAACACAGCCGTGTCCG_007,24
ATCAAACACAGCCGTGTCCG_008,113
ATCAAACACAGCCGTGTCCG_009,60
ATCAAACACAGCCGTGTCCG_010,108
ATCAAACACAGCCGTGTCCG_011,1
ATCAAACACAGCCGTGTCCG_012,81
ATCAAACACAGCCGTGTCCG_013,35
ATCAAACACAGCCGTGTCCG_014,130
ATCAAACACAGCCGTGTCCG_015,68
ATTATATCTTCCACAAACAG_001,46
GGGCGCAGGCGTAGGGACAC_001,35
GGGCGCAGGCGTAGGGACAC_002,95
GGGCGCAGGCGTAGGGACAC_003,116
GGGCGCAGGCGTAGGGACAC_004,41
GGGCGCAGGCGTAGGGACAC_005,83
GGGCGCAGGCGTAGGGACAC_006,52
GGGCGCAGGCGTAGGGACAC_007,57
GGGCGCAGGCGTAGGGACAC_008,144
GGGCGCAGGCGTAGGGACAC_009,173
GGGCGCAGGCGTAGGGACAC_010,108
GGGCGCAGGCGTAGGGACAC_011,91
GGGCGCAGGCGTAGGGACAC_012,180
CATCTACAAGAATGTCTCAG_001,62
CATCTACAAGAATGTCTCAG_002,123
CATCTACAAGAATGTCTCAG_003,34
GGGTTTGCCAAGTAACGGCA_001,70
GGGTTTGCCAAGTAACGGCA_002,170
GGGTTTGCCAAGTAACGGCA_003,83
GGGTTTGCCAAGTAACGGCA_004,196
GGGTTTGCCAAGTAACGGCA_005,32
GGGTTTGCCAAGTAACGGCA_006,0
GGGTTTGCCAAGTAACGGCA_007,98
AATGAATTCTCAGACATGTG_001,82
AATGAATTCTCAGACATGTG_002,144
AATGAATTCTCAGACATGTG_003,198
AATGAATTCTCAGACATGTG_004,140
AATGAATTCTCAGACATGTG_005,27
GGCAAGAATAATGAGTGCTA_001,86
GGCAAGAATAATGAGTGCTA_002,134
GGCAAGAATAATGAGTGCTA_003,149
GCTTGGAGGCCTGATCAGCG_001,154
GCTTGGAGGCCTGATCAGCG_002,182
GCTTGGAGGCCTGATCAGCG_003,37
GCTTGGAGGCCTGATCAGCG_004,40
GCTTGGAGGCCTGATCAGCG_005,157
GCTTGGAGGCCTGATCAGCG_006,27
GCTTGGAGGCCTGATCAGCG_007,129
GCTTGGAGGCCTGATCAGCG_008,175
GCTTGGAGGCCTGATCAGCG_009,123
GCTTGGAGGCCTGATCAGCG_010,173
GCTTGGAGGCCTGATCAGCG_011,170
GCTTGGAGGCCTGATCAGCG_012,31
GCTTGGAGGCCTGATCAGCG_013,185
GCTTGGAGGCCTGATCAGCG_014,139
GCTTGGAGGCCTGATCAGCG_015,149
GCTTGGAGGCCTGATCAGCG_016,185
GCTTGGAGGCCTGATCAGCG_017,19
GGCAGCTGGCGAGATAGATG_001,155
GGCAGCTGGCGAGATAGATG_002,42
GGCAGCTGGCGAGATAGATG_003,129
GGCAGCTGGCGAGATAGATG_004,133
GGCAGCTGGCGAGATAGATG_005,28
GGCAGCTGGCGAGATAGATG_006,35
GGCAGCTGGCGAGATAGATG_007,147
GGCAGCTGGCGAGATAGATG_008,108
GGCAGCTGGCGAGATAGATG_009,120
GGCAGCTGGCGAGATAGATG_010,112
GGCAGCTGGCGAGATAGATG_011,154
GGCAGCTGGCGAGATAGATG_012,82
GGCAGCTGGCGAGATAGATG_013,167
GGCAGCTGGCGAGATAGATG_014,168
AAACGCATCCTGGACCCACG_001,91
AAACGCATCCTGGACCCACG_002,21
AAACGCATCCTGGACCCACG_003,181
AAACGCATCCTGGACCCACG_004,2
AAACGCATCCTGGACCCACG_005,43
AAACGCATCCTGGACCCACG_006,28
AAACGCATCCTGGACCCACG_007,45
AAACGCATCCTGGACCCACG_008,90
AAACGCATCCTGGACCCACG_009,16
AAACGCATCCTGGACCCACG_010,103
AAACGCATCCTGGACCCACG_011,57
AAACGCATCCTGGACCCACG_012,181
AAACGCATCCTGGACCCACG_013,96
AAGCACATCAACAGAGCGGT_001,106
AAGCACATCAACAGAGCGGT_002,121
AAGCACATCAACAGAGCGGT_003,11
AAGCACATCAACAGAGCGGT_004,150
AAGCACATCAACAGAGCGGT_005,62
AAGCACATCAACAGAGCGGT_006,195
AAGCACATCAACAGAGCGGT_007,141
AAGCACATCAACAGAGCGGT_008,178
AAGCACATCAACAGAGCGGT_009,25
AAGCACATCAACAGAGCGGT_010,15
AAGCACATCAACAGAGCGGT_011,55
AAGCACATCAACAGAGCGGT_012,100
AAGCACATCAACAGAGCGGT_013,106
AAGCACATCAACAGAGCGGT_014,191
AAGCACATCAACAGAGCGGT_015,187
AAGCACATCAACAGAGCGGT_016,176
AAGCACATCAACAGAGCGGT_017,69
AAGCACATCAACAGAGCGGT_018,158
AAGCACATCAACAGAGCGGT_019,184
AAGCACATCAACAGAGCGGT_020,106
AAGCACATCAACAGAGCGGT_021,138
AAGCACATCAACAGAGCGGT_022,128
AAGCACATCAACAGAGCGGT_023,165
AAGCACATCAACAGAGCGGT_024,52
AAGCACATCAACAGAGCGGT_025,124
GATGAGGCCACGTGCAACAA_001,27
GATGAGGCCACGTGCAACAA_002,124
GATGAGGCCACGTGCAACAA_003,100
GATGAGGCCACGTGCAACAA_004,177
GATGAGGCCACGTGCAACAA_005,63
GATGAGGCCACGTGCAACAA_006,118
GATGAGGCCACGTGCAACAA_007,11
GATGAGGCCACGTGCAACAA_008,162
GATGAGGCCACGTGCAACAA_009,138
GATGAGGCCACGTGCAACAA_010,20
GATGAGGCCACGTGCAACAA_011,189
GATGAGGCCACGTGCAACAA_012,29
GATGAGGCCACGTGCAACAA_013,76
GATGAGGCCACGTGCAACAA_014,184
GATGAGGCCACGTGCAACAA_015,127
CAGAAGCTGCTCGAGTATGG_001,101
CAGAAGCTGCTCGAGTATGG_002,78
CAGAAGCTGCTCGAGTATGG_003,101
CAGAAGCTGCTCGAGTATGG_004,91
CAGAAGCTGCTCGAGTATGG_005,109
CAGAAGCTGCTCGAGTATGG_006,158
ACCAGTTCGAATGCCTACCA_001,193
ACCAGTTCGAATGCCTACCA_002,176
ACCAGTTCGAATGCCTACCA_003,153
ACCAGTTCGAATGCCTACCA_004,58
ACCAGTTCGAATGCCTACCA_005,145
GGTGGTCCTGAGAGTATCAC_001,4
GGTGGTCCTGAGAGTATCAC_002,106
GGTGGTCCTGAGAGTATCAC_003,56
GGTGGTCCTGAGAGTATCAC_004,141
GGTGGTCCTGAGAGTATCAC_005,186
GGTGGTCCTGAGAGTATCAC_006,23
GGTGGTCCTGAGAGTATCAC_007,180
GGTGGTCCTGAGAGTATCAC_008,94
TTGGTGTTGGCATTCGTGGA_001,171
TTGGTGTTGGCATTCGTGGA_002,98
TTGGTGTTGGCATTCGTGGA_003,4
TTGGTGTTGGCATTCGTGGA_004,17
TTGGTGTTGGCATTCGTGGA_005,158
TGAAAGAATAGCGTACATCG_001,16
TGAAAGAATAGCGTACATCG_002,61
TGAAAGAATAGCGTACATCG_003,149
TGTCCAGCGGCATCTCACGG_001,94
TGTCCAGCGGCATCTCACGG_002,167
TGTCCAGCGGCATCTCACGG_003,15
TGTCCAGCGGCATCTCACGG_004,150
TGTCCAGCGGCATCTCACGG_005,168
TGTCCAGCGGCATCTCACGG_006,128
TGTGCTCAAGAGGCCTTATG_001,142
TGTGCTCAAGAGGCCTTATG_002,15
TGTGCTCAAGAGGCCTTATG_003,160
TGTGCTCAAGAGGCCTTATG_004,26
TGTGCTCAAGAGGCCTTATG_005,113
TGTGCTCAAGAGGCCTTATG_006,28
TGTGCTCAAGAGGCCTTATG_007,192
TGTGCTCAAGAGGCCTTATG_008,127
TGTGCTCAAGAGGCCTTATG_009,61
TGTGCTCAAGAGGCCTTATG_010,9
TGTGCTCAAGAGGCCTTATG_011,142
TGTGCTCAAGAGGCCTTATG_012,34
GTACAACTGATATTCCACGG_001,82
GTACAACTGATATTCCACGG_002,177
ATACCTTAGGAGAACAACAT_001,54
ATACCTTAGGAGAACAACAT_002,145
ATACCTTAGGAGAACAACAT_003,58
ATACCTTAGGAGAACAACAT_004,121
ATACCTTAGGAGAACAACAT_005,49
ATACCTTAGGAGAACAACAT_006,154
ATACCTTAGGAGAACAACAT_007,121
ATACCTTAGGAGAACAACAT_008,75
ATACCTTAGGAGAACAACAT_009,114
ATACCTTAGGAGAACAACAT_010,34
ATACCTTAGGAGAACAACAT_011,84
ATACCTTAGGAGAACAACAT_012,78
ATACCTTAGGAGAACAACAT_013,152
ATACCTTAGGAGAACAACAT_014,180
ATACCTTAGGAGAACAACAT_015,151
ATACCTTAGGAGAACAACAT_016,182
ATACCTTAGGAGAACAACAT_017,4
ATACCTTAGGAGAACAACAT_018,147
TACTGGATAGACCGCGTCAA_001,70
TACTGGATAGACCGCGTCAA_002,182
TACTGGATAGACCGCGTCAA_003,154
TACTGGATAGACCGCGTCAA_004,41
TACTGGATAGACCGCGTCAA_005,187
TACTGGATAGACCGCGTCAA_006,12
TACTGGATAGACCGCGTCAA_007,115
TACTGGATAGACCGCGTCAA_008,138
CATGTTTCTGAACCTGTTTG_001,127
CATGTTTCTGAACCTGTTTG_002,159
CATGTTTCTGAACCTGTTTG_003,61
CGACAACGCTCGTCGCACCA_001,191
CGACAACGCTCGTCGCACCA_002,106
CGACAACGCTCGTCGCACCA_003,175
CGACAACGCTCGTCGCACCA_004,78
CGACAACGCTCGTCGCACCA_005,115
CGACAACGCTCGTCGCACCA_006,138
CTCCCGGGCATCGAACCTGG_001,15
CTCCCGGGCATCGAACCTGG_002,160
CTCCCGGGCATCGAACCTGG_003,94
CTCCCGGGCATCGAACCTGG_004,181
CTCCCGGGCATCGAACCTGG_005,32
CTCCCGGGCATCGAACCTGG_006,120
CTCCCGGGCATCGAACCTGG_007,137
CTCCCGGGCATCGAACCTGG_008,94
CTCCCGGGCATCGAACCTGG_009,170
CTCCCGGGCATCGAACCTGG_010,16
CTCCCGGGCATCGAACCTGG_011,196
CTCCCGGGCATCGAACCTGG_012,110
CTCCCGGGCATCGAACCTGG_013,61
CTCCCGGGCATCGAACCTGG_014,1
CTCCCGGGCATCGAACCTGG_015,40
CTCCCGGGCATCGAACCTGG_016,181
CTCCCGGGCATCGAACCTGG_017,132
CTCCCGGGCATCGAACCTGG_018,77
CTCCCGGGCATCGAACCTGG_019,190
GTGGTGCTCGTAGTCGTCCA_001,108
GTGGTGCTCGTAGTCGTCCA_002,47
GTGGTGCTCGTAGTCGTCCA_003,188
CGAACGTGCATCCTGCTACG_001,159
CGAACGTGCATCCTGCTACG_002,2
CGAACGTGCATCCTGCTACG_003,25
CGAACGTGCATCCTGCTACG_004,9
CGAACGTGCATCCTGCTACG_005,102
ACTCCTCTTACCATCCGCCG_001,9
ACTCCTCTTACCATCCGCCG_002,116
ATGAAAAGCCAGATGGCCAG_001,115
ATGAAAAGCCAGATGGCCAG_002,150
ATGAAAAGCCAGATGGCCAG_003,21
ATGAAAAGCCAGATGGCCAG_004,34
ATGAAAAGCCAGATGGCCAG_005,83
ATGAAAAGCCAGATGGCCAG_006,132
ATGAAAAGCCAGATGGCCAG_007,103
ATGAAAAGCCAGATGGCCAG_008,66
ATGAAAAGCCAGATGGCCAG_009,198
ATGAAAAGCCAGATGGCCAG_010,27
ATGAAAAGCCAGATGGCCAG_011,117
ATGAAAAGCCAGATGGCCAG_012,177
ATGAAAAGCCAGATGGCCAG_013,126
ATGAAAAGCCAGATGGCCAG_014,70
ATGAAAAGCCAGATGGCCAG_015,145
ATGAAAAGCCAGATGGCCAG_016,126
TGCCACACCAGCATACCACC_001,5
TGCCACACCAGCATACCACC_002,179
TGCCACACCAGCATACCACC_003,57
ATGTATTTGATATCCAGCAA_001,56
CCTCCCGCTGGTCACCACTC_001,102
CCTCCCGCTGGTCACCACTC_002,119
CCTCCCGCTGGTCACCACTC_003,61
CCTCCCGCTGGTCACCACTC_004,2
CCTCCCGCTGGTCACCACTC_005,85
CCTCCCGCTGGTCACCACTC_006,51
CCTCCCGCTGGTCACCACTC_007,135
CCTCCCGCTGGTCACCACTC_008,49
CCTCCCGCTGGTCACCACTC_009,49
CCTCCCGCTGGTCACCACTC_010,171
CCTCCCGCTGGTCACCACTC_011,168
CCTCCCGCTGGTCACCACTC_012,88
CCTCCCGCTGGTCACCACTC_013,167
CATGGCATCACAGATCATTG_001,198
CATGGCATCACAGATCATTG_002,3
CATGGCATCACAGATCATTG_003,59
CATGGCATCACAGATCATTG_004,128
CATGGCATCACAGATCATTG_005,39
GCAGCACCAGCACCGCGACG_001,137
GCAGCACCAGCACCGCGACG_002,23
GCAGCACCAGCACCGCGACG_003,171
GCAGCACCAGCACCGCGACG_004,130
GCAGCACCAGCACCGCGACG_005,178
GCAGCACCAGCACCGCGACG_006,126
GCAGCACCAGCACCGCGACG_007,63
TGTTGGCAGTAATCATTATG_001,84
TGTTGGCAGTAATCATTATG_002,49
AAAATCCACCAACTGAGTTG_001,17
AAAATCCACCAACTGAGTTG_002,0
AAAATCCACCAACTGAGTTG_003,152
AAAATCCACCAACTGAGTTG_004,28
TGCAGCCTCCAGTATGACTG_001,3
TGCAGCCTCCAGTATGACTG_002,85
TGCAGCCTCCAGTATGACTG_003,1
TGCAGCCTCCAGTATGACTG_004,49
TGCAGCCTCCAGTATGACTG_005,30
TGCAGCCTCCAGTATGACTG_006,70
TGCAGCCTCCAGTATGACTG_007,82
TGCAGCCTCCAGTATGACTG_008,188
TGCAGCCTCCAGTATGACTG_009,50
TGCAGCCTCCAGTATGACTG_010,147
TGCAGCCTCCAGTATGACTG_011,141
TGCAGCCTCCAGTATGACTG_012,199
CTCACCCAAACAGCCCTCGG_001,195
CTCACCCAAACAGCCCTCGG_002,77
CTCACCCAAACAGCCCTCGG_003,76
CTCACCCAAACAGCCCTCGG_004,45
CTCACCCAAACAGCCCTCGG_005,34
CTCACCCAAACAGCCCTCGG_006,2
CTCACCCAAACAGCCCTCGG_007,60
CTCACCCAAACAGCCCTCGG_008,175
CTCACCCAAACAGCCCTCGG_009,159
CTCACCCAAACAGCCCTCGG_010,61
CTCACCCAAACAGCCCTCGG_011,111
CTCACCCAAACAGCCCTCGG_012,9
CTCACCCAAACAGCCCTCGG_013,137
CTCACCCAAACAGCCCTCGG_014,132
CTCACCCAAACAGCCCTCGG_015,76
CTCACCCAAACAGCCCTCGG_016,127
CTCACCCAAACAGCCCTCGG_017,130
CTCACCCAAACAGCCCTCGG_018,128
CTCACCCAAACAGCCCTCGG_019,188
CTCACCCAAACAGCCCTCGG_020,77
CTCACCCAAACAGCCCTCGG_021,40
CTCACCCAAACAGCCCTCGG_022,199
CTCACCCAAACAGCCCTCGG_023,1
CTCACCCAAACAGCCCTCGG_024,60
CTCACCCAAACAGCCCTCGG_025,98
CTCACCCAAACAGCCCTCGG_026,42
CTCACCCAAACAGCCCTCGG_027,100
CTCACCCAAACAGCCCTCGG_028,11
CTCACCCAAACAGCCCTCGG_029,175
CTCACCCAAACAGCCCTCGG_030,33
CTCACCCAAACAGCCCTCGG_031,152
CTCACCCAAACAGCCCTCGG_032,86
AATGGAATAGACATTAACTG_001,26
AATGGAATAGACATTAACTG_002,5
AATGGAATAGACATTAACTG_003,184
AATGGAATAGACATTAACTG_004,199
AATGGAATAGACATTAACTG_005,104
CCCCCACAGACGCTGACACA_001,44
CCCCCACAGACGCTGACACA_002,17
CCCCCACAGACGCTGACACA_003,38
CCCCCACAGACGCTGACACA_004,108
CCCCCACAGACGCTGACACA_005,22
CCCCCACAGACGCTGACACA_006,147
TAACATTCGTGATAGATACC_001,7
CTGGGCTACAAGGCCAAGCA_001,172
CTGGGCTACAAGGCCAAGCA_002,162
CTGGGCTACAAGGCCAAGCA_003,127
CTGGGCTACAAGGCCAAGCA_004,174
CTGGGCTACAAGGCCAAGCA_005,51
CTGGGCTACAAGGCCAAGCA_006,193
CTGGGCTACAAGGCCAAGCA_007,2
CTGGGCTACAAGGCCAAGCA_008,105
CTGGGCTACAAGGCCAAGCA_009,192
CTGGGCTACAAGGCCAAGCA_010,95
CTGGGCTACAAGGCCAAGCA_011,84
CTGGGCTACAAGGCCAAGCA_012,185
CCGCCGTTCGCACCTCAACG_001,49
CCGCCGTTCGCACCTCAACG_002,37
CCGCCGTTCGCACCTCAACG_003,160
CCGCCGTTCGCACCTCAACG_004,63
CCGCCGTTCGCACCTCAACG_005,81
CCGCCGTTCGCACCTCAACG_006,50
CCGCCGTTCGCACCTCAACG_007,146
CCGCCGTTCGCACCTCAACG_008,105
CCGCCGTTCGCACCTCAACG_009,79
CCGCCGTTCGCACCTCAACG_010,63
CCGCCGTTCGCACCTCAACG_011,48
CCGCCGTTCGCACCTCAACG_012,78
CCGCCGTTCGCACCTCAACG_013,161
CCGCCGTTCGCACCTCAACG_014,115
CCGCCGTTCGCACCTCAACG_015,10
CCGCCGTTCGCACCTCAACG_016,77
CCGCCGTTCGCACCTCAACG_017,50
CCGCCGTTCGCACCTCAACG_018,156
CCGCCGTTCGCACCTCAACG_019,161
TGAAGAGCAGGCCCTCCCGT_001,17
TGAAGAGCAGGCCCTCCCGT_002,199
TGAAGAGCAGGCCCTCCCGT_003,62
TGAAGAGCAGGCCCTCCCGT_004,141
TGAAGAGCAGGCCCTCCCGT_005,99
GACCACTTCAAAGTAGCTGT_001,1
GACCACTTCAAAGTAGCTGT_002,103
GACCACTTCAAAGTAGCTGT_003,17
GACCACTTCAAAGTAGCTGT_004,176
GACCACTTCAAAGTAGCTGT_005,50
GACCACTTCAAAGTAGCTGT_006,127
GACCACTTCAAAGTAGCTGT_007,82
GACCACTTCAAAGTAGCTGT_008,180
GACCACTTCAAAGTAGCTGT_009,40
GACCACTTCAAAGTAGCTGT_010,62
AGGAGGAGGAGTGATTCGAA_001,189
AGGAGGAGGAGTGATTCGAA_002,139
AGGAGGAGGAGTGATTCGAA_003,8
AGGAGGAGGAGTGATTCGAA_004,74
AGGAGGAGGAGTGATTCGAA_005,130
AGGAGGAGGAGTGATTCGAA_006,105
AGGAGGAGGAGTGATTCGAA_007,105
AGGAGGAGGAGTGATTCGAA_008,127
AGGAGGAGGAGTGATTCGAA_009,11
AGGAGGAGGAGTGATTCGAA_010,162
AGGAGGAGGAGTGATTCGAA_011,156
AGGAGGAGGAGTGATTCGAA_012,155
AGGAGGAGGAGTGATTCGAA_013,80
AGGAGGAGGAGTGATTCGAA_014,166
AGGAGGAGGAGTGATTCGAA_015,36
ATTGTAACTCGAATAGTCCA_001,117
ATTGTAACTCGAATAGTCCA_002,15
GGACATCAAACTGGACAGCG_001,167
GGACATCAAACTGGACAGCG_002,142
GGACATCAAACTGGACAGCG_003,166
GGACATCAAACTGGACAGCG_004,22
GGACATCAAACTGGACAGCG_005,199
GGACATCAAACTGGACAGCG_006,199
GGACATCAAACTGGACAGCG_007,45
GGACATCAAACTGGACAGCG_008,13
GGACATCAAACTGGACAGCG_009,141
GGACATCAAACTGGACAGCG_010,194
GGACATCAAACTGGACAGCG_011,169
GGACATCAAACTGGACAGCG_012,196
GGACATCAAACTGGACAGCG_013,194
GGACATCAAACTGGACAGCG_014,172
GGACATCAAACTGGACAGCG_015,73
GGACATCAAACTGGACAGCG_016,53
GGACATCAAACTGGACAGCG_017,78
GGACATCAAACTGGACAGCG_018,127
GGACATCAAACTGGACAGCG_019,108
GGACATCAAACTGGACAGCG_020,108
GGACATCAAACTGGACAGCG_021,152
GGACATCAAACTGGACAGCG_022,54
GGACATCAAACTGGACAGCG_023,41
GGACATCAAACTGGACAGCG_024,25
GGACATCAAACTGGACAGCG_025,65
GGACATCAAACTGGACAGCG_026,127
GGACATCAAACTGGACAGCG_027,140
GGACATCAAACTGGACAGCG_028,120
GGACATCAAACTGGACAGCG_029,16
GGACATCAAACTGGACAGCG_030,174
GGACATCAAACTGGACAGCG_031,69
TCTGTGGATAGGAGAGCGGC_001,15
TCTGTGGATAGGAGAGCGGC_002,14
TCTGTGGATAGGAGAGCGGC_003,172
TCTGTGGATAGGAGAGCGGC_004,151
TCTGTGGATAGGAGAGCGGC_005,63
GGTGGGATTACAGGAACGGG_001,12
GGTGGGATTACAGGAACGGG_002,6
GGTGGGATTACAGGAACGGG_003,60
GGTGGGATTACAGGAACGGG_004,18
GGTGGGATTACAGGAACGGG_005,139
GGTGGGATTACAGGAACGGG_006,139
GGTGGGATTACAGGAACGGG_007,148
GGCCACGAAGGGCGAAAAGG_001,191
GGCCACGAAGGGCGAAAAGG_002,176
GGCCACGAAGGGCGAAAAGG_003,27
GGCCACGAAGGGCGAAAAGG_004,70
GGCCACGAAGGGCGAAAAGG_005,75
GGCCACGAAGGGCGAAAAGG_006,44
GGCCACGAAGGGCGAAAAGG_007,184
GGCCACGAAGGGCGAAAAGG_008,104
GGCCACGAAGGGCGAAAAGG_009,184
GGCCACGAAGGGCGAAAAGG_010,146
GGCCACGAAGGGCGAAAAGG_011,169
GGCCACGAAGGGCGAAAAGG_012,98
GGCCACGAAGGGCGAAAAGG_013,83
GGCCACGAAGGGCGAAAAGG_014,134
GGCCACGAAGGGCGAAAAGG_015,3
GGCCACGAAGGGCGAAAAGG_016,2
GGCCACGAAGGGCGAAAAGG_017,78
GGCCACGAAGGGCGAAAAGG_018,162
GGCCACGAAGGGCGAAAAGG_019,70
GGCCACGAAGGGCGAAAAGG_020,37
GGCCACGAAGGGCGAAAAGG_021,175
GGCCACGAAGGGCGAAAAGG_022,160
GGCCACGAAGGGCGAAAAGG_023,33
GGCCACGAAGGGCGAAAAGG_024,33
GGCCACGAAGGGCGAAAAGG_025,81
GGCCACGAAGGGCGAAAAGG_026,103
GGCCACGAAGGGCGAAAAGG_027,137
GGCCACGAAGGGCGAAAAGG_028,178
GGCCACGAAGGGCGAAAAGG_029,83
GTTCCACCTTAAAAGTACGG_001,152
GTTCCACCTTAAAAGTACGG_002,106
GTTCCACCTTAAAAGTACGG_003,26
GTTCCACCTTAAAAGTACGG_004,97
TCTGTCTTCTTCCTGCGAAG_001,56
TCTGTCTTCTTCCTGCGAAG_002,68
TCTGTCTTCTTCCTGCGAAG_003,77
TCTGTCTTCTTCCTGCGAAG_004,17
GCCCCGGCCTCCGCTACCAG_001,8
GCCCCGGCCTCCGCTACCAG_002,18
GCCCCGGCCTCCGCTACCAG_003,161
GCCCCGGCCTCCGCTACCAG_004,192
GCCCCGGCCTCCGCTACCAG_005,93
GCCCCGGCCTCCGCTACCAG_006,93
GCCCCGGCCTCCGCTACCAG_007,175
GCCCCGGCCTCCGCTACCAG_008,188
GCCCCGGCCTCCGCTACCAG_009,174
GCCCCGGCCTCCGCTACCAG_010,85
GCCCCGGCCTCCGCTACCAG_011,29
GCCCCGGCCTCCGCTACCAG_012,20
GCCCCGGCCTCCGCTACCAG_013,145
GCCCCGGCCTCCGCTACCAG_014,30
GCCCCGGCCTCCGCTACCAG_015,30
GCCCCGGCCTCCGCTACCAG_016,150
GCCCCGGCCTCCGCTACCAG_017,157
GCCCCGGCCTCCGCTACCAG_018,175
GCCCCGGCCTCCGCTACCAG_019,53
GCCCCGGCCTCCGCTACCAG_020,102
GCCCCGGCCTCCGCTACCAG_021,34
GCCCCGGCCTCCGCTACCAG_022,116
GCCCCGGCCTCCGCTACCAG_023,177
GCCCCGGCCTCCGCTACCAG_024,84
GCCCCGGCCTCCGCTACCAG_025,165
GCCCCGGCCTCCGCTACCAG_026,142
GGAAATCTCTGACATCAAAG_001,168
GGAAATCTCTGACATCAAAG_002,168
CAACTGGCACCAACAATCGA_001,133
CAACTGGCACCAACAATCGA_002,62
CAACTGGCACCAACAATCGA_003,33
CAACTGGCACCAACAATCGA_004,107
CAACTGGCACCAACAATCGA_005,105
CAACTGGCACCAACAATCGA_006,20
CAACTGGCACCAACAATCGA_007,161
CAACTGGCACCAACAATCGA_008,177
CAACTGGCACCAACAATCGA_009,61
GTCCACGGACTCAGCCGAGG_001,11
GTCCACGGACTCAGCCGAGG_002,41
GTCCACGGACTCAGCCGAGG_003,43
GTCCACGGACTCAGCCGAGG_004,53
GTCCACGGACTCAGCCGAGG_005,159
GTCCACGGACTCAGCCGAGG_006,194
GTCCACGGACTCAGCCGAGG_007,149
GTCCACGGACTCAGCCGAGG_008,35
GTCCACGGACTCAGCCGAGG_009,70
GTCCACGGACTCAGCCGAGG_010,68
GTCCACGGACTCAGCCGAGG_011,65
GTCCACGGACTCAGCCGAGG_012,88
GTCCACGGACTCAGCCGAGG_013,88
GTCCACGGACTCAGCCGAGG_014,30
GTCCACGGACTCAGCCGAGG_015,16
GTCCACGGACTCAGCCGAGG_016,73
GTCCACGGACTCAGCCGAGG_017,99
GTCCACGGACTCAGCCGAGG_018,72
GTCCACGGACTCAGCCGAGG_019,169
GTCCACGGACTCAGCCGAGG_020,1
GTCCACGGACTCAGCCGAGG_021,76
GTCCACGGACTCAGCCGAGG_022,1
GTCCACGGACTCAGCCGAGG_023,137
GTCCACGGACTCAGCCGAGG_024,94
GTCCACGGACTCAGCCGAGG_025,43
GTCCACGGACTCAGCCGAGG_026,107
GTCCACGGACTCAGCCGAGG_027,43
GTCCACGGACTCAGCCGAGG_028,46
GTCCACGGACTCAGCCGAGG_029,100
GTCCACGGACTCAGCCGAGG_030,57
GTCCACGGACTCAGCCGAGG_031,6
GTCCACGGACTCAGCCGAGG_032,19
GTCCACGGACTCAGCCGAGG_033,184
GTCCACGGACTCAGCCGAGG_034,123
TGCTGTCCGAGATCCAAAGC_001,198
TGCTGTCCGAGATCCAAAGC_002,100
TGCTGTCCGAGATCCAAAGC_003,133
TGCTGTCCGAGATCCAAAGC_004,169
TGCTGTCCGAGATCCAAAGC_005,127
TGCTGTCCGAGATCCAAAGC_006,51
TGCTGTCCGAGATCCAAAGC_007,86
TGCTGTCCGAGATCCAAAGC_008,145
TGCTGTCCGAGATCCAAAGC_009,138
TGCTGTCCGAGATCCAAAGC_010,141
TGCTGTCCGAGATCCAAAGC_011,115
TGCTGTCCGAGATCCAAAGC_012,84
TGCTGTCCGAGATCCAAAGC_013,182
TGCTGTCCGAGATCCAAAGC_014,52
TGCTGTCCGAGATCCAAAGC_015,76
TGCTGTCCGAGATCCAAAGC_016,105
TGCTGTCCGAGATCCAAAGC_017,58
TGCTGTCCGAGATCCAAAGC_018,42
TGCTGTCCGAGATCCAAAGC_019,108
TGCTGTCCGAGATCCAAAGC_020,22
TGCTGTCCGAGATCCAAAGC_021,148
TGCCAACAGACTCCAAGACG_001,147
TGCCAACAGACTCCAAGACG_002,32
TGCCAACAGACTCCAAGACG_003,127
TGCCAACAGACTCCAAGACG_004,134
TGCCAACAGACTCCAAGACG_005,5
TGCCAACAGACTCCAAGACG_006,122
TGCCAACAGACTCCAAGACG_007,159
TGCCAACAGACTCCAAGACG_008,75
TGCCAACAGACTCCAAGACG_009,156
TGCCAACAGACTCCAAGACG_010,94
TGCCAACAGACTCCAAGACG_011,61
TGCCAACAGACTCCAAGACG_012,60
TGCCAACAGACTCCAAGACG_013,107
TGCCAACAGACTCCAAGACG_014,78
TGCCAACAGACTCCAAGACG_015,3
TGCCAACAGACTCCAAGACG_016,93
AGGTGAAGAAGGGCGGCCCG_001,49
AGGTGAAGAAGGGCGGCCCG_002,88
AGGTGAAGAAGGGCGGCCCG_003,142
AGGTGAAGAAGGGCGGCCCG_004,106
AGGTGAAGAAGGGCGGCCCG_005,41
AGGTGAAGAAGGGCGGCCCG_006,119
AGGTGAAGAAGGGCGGCCCG_007,19
AGGTGAAGAAGGGCGGCCCG_008,48
AGGTGAAGAAGGGCGGCCCG_009,105
AGGTGAAGAAGGGCGGCCCG_010,149
AGGTGAAGAAGGGCGGCCCG_011,66
AGGTGAAGAAGGGCGGCCCG_012,198
AGGTGAAGAAGGGCGGCCCG_013,77
AGGTGAAGAAGGGCGGCCCG_014,2
AGGTGAAGAAGGGCGGCCCG_015,119
AGGTGAAGAAGGGCGGCCCG_016,166
AGGTGAAGAAGGGCGGCCCG_017,137
AGGTGAAGAAGGGCGGCCCG_018,6
AGGTGAAGAAGGGCGGCCCG_019,17
AGGTGAAGAAGGGCGGCCCG_020,164
AGGTGAAGAAGGGCGGCCCG_021,1
AGGTGAAGAAGGGCGGCCCG_022,60
AGGTGAAGAAGGGCGGCCCG_023,98
AGGTGAAGAAGGGCGGCCCG_024,28
AGGTGAAGAAGGGCGGCCCG_025,41
AGGTGAAGAAGGGCGGCCCG_026,172
AGGTGAAGAAGGGCGGCCCG_027,19
AGGTGAAGAAGGGCGGCCCG_028,62
AGGTGAAGAAGGGCGGCCCG_029,158
GGGATCCGAAACTATCACAG_001,0
GGGATCCGAAACTATCACAG_002,106
GGGATCCGAAACTATCACAG_003,169
CTCAGAGTGATCTTACCAGG_001,163
TGGAGACCCACCCAGCACCG_001,114
TGGAGACCCACCCAGCACCG_002,57
TGGAGACCCACCCAGCACCG_003,176
TGGAGACCCACCCAGCACCG_004,82
TGGAGACCCACCCAGCACCG_005,96
TGGAGACCCACCCAGCACCG_006,9
TGGAGACCCACCCAGCACCG_007,6
TGGAGACCCACCCAGCACCG_008,8
TGGAGACCCACCCAGCACCG_009,146
TGGAGACCCACCCAGCACCG_010,105
TGGAGACCCACCCAGCACCG_011,192
TGGAGACCCACCCAGCACCG_012,20
TGGAGACCCACCCAGCACCG_013,183
TGGAGACCCACCCAGCACCG_014,94
TGGAGACCCACCCAGCACCG_015,193
TGGAGACCCACCCAGCACCG_016,56
TGGAGACCCACCCAGCACCG_017,178
TGGAGACCCACCCAGCACCG_018,158
TGGAGACCCACCCAGCACCG_019,121
TGGAGACCCACCCAGCACCG_020,64
TGGAGACCCACCCAGCACCG_021,75
TGGAGACCCACCCAGCACCG_022,103
ACAATGCCGAGGAGTACACC_001,195
ACAATGCCGAGGAGTACACC_002,141
ACAATGCCGAGGAGTACACC_003,75
ACAATGCCGAGGAGTACACC_004,28
ACAATGCCGAGGAGTACACC_005,7
ACAATGCCGAGGAGTACACC_006,25
ACAATGCCGAGGAGTACACC_007,178
ACAATGCCGAGGAGTACACC_008,194
ACAATGCCGAGGAGTACACC_009,12
ACAATGCCGAGGAGTACACC_010,147
ACAATGCCGAGGAGTACACC_011,106
ACAATGCCGAGGAGTACACC_012,180
ACAATGCCGAGGAGTACACC_013,88
AGGACGTCCCGGTAGATCCG_001,4
AGGACGTCCCGGTAGATCCG_002,32
AGGACGTCCCGGTAGATCCG_003,39
AGGACGTCCCGGTAGATCCG_004,88
AGGACGTCCCGGTAGATCCG_005,98
AGGACGTCCCGGTAGATCCG_006,98
AGGACGTCCCGGTAGATCCG_007,44
AGGACGTCCCGGTAGATCCG_008,142
AGGACGTCCCGGTAGATCCG_009,184
AGGACGTCCCGGTAGATCCG_010,28
AGGACGTCCCGGTAGATCCG_011,75
AGGACGTCCCGGTAGATCCG_012,2
AGGACGTCCCGGTAGATCCG_013,35
AGGACGTCCCGGTAGATCCG_014,152
AGGACGTCCCGGTAGATCCG_015,96
AGGACGTCCCGGTAGATCCG_016,150
AGGACGTCCCGGTAGATCCG_017,170
AGGACGTCCCGGTAGATCCG_018,103
AGGACGTCCCGGTAGATCCG_019,151
AGGACGTCCCGGTAGATCCG_020,172
AGGACGTCCCGGTAGATCCG_021,140
AGGACGTCCCGGTAGATCCG_022,146
AGGACGTCCCGGTAGATCCG_023,80
GAAGACGTGGAGCTACAAGA_001,113
GAAGACGTGGAGCTACAAGA_002,141
GAAGACGTGGAGCTACAAGA_003,138
GAAGACGTGGAGCTACAAGA_004,56
GAAGACGTGGAGCTACAAGA_005,102
GAAGACGTGGAGCTACAAGA_006,169
GTCCATCTGCGACTCGGACA_001,11
GTCCATCTGCGACTCGGACA_002,159
GTCCATCTGCGACTCGGACA_003,72
GTCCATCTGCGACTCGGACA_004,50
GTCCATCTGCGACTCGGACA_005,57
GTCCATCTGCGACTCGGACA_006,84
GTCCATCTGCGACTCGGACA_007,28
ATTCGTGCTCTCGCTCTCTG_001,71
ATTCGTGCTCTCGCTCTCTG_002,124
ATTCGTGCTCTCGCTCTCTG_003,40
ATTCGTGCTCTCGCTCTCTG_004,33
ATTCGTGCTCTCGCTCTCTG_005,72
ATTCGTGCTCTCGCTCTCTG_006,190
ATTCGTGCTCTCGCTCTCTG_007,28
ATTCGTGCTCTCGCTCTCTG_008,148
ATTCGTGCTCTCGCTCTCTG_009,82
ATTCGTGCTCTCGCTCTCTG_010,97
ATTCGTGCTCTCGCTCTCTG_011,191
ATTCGTGCTCTCGCTCTCTG_012,67
ATTCGTGCTCTCGCTCTCTG_013,127
ATTCGTGCTCTCGCTCTCTG_014,69
ATTCGTGCTCTCGCTCTCTG_015,75
ATTCGTGCTCTCGCTCTCTG_016,88
ATTCGTGCTCTCGCTCTCTG_017,150
TCTCGGCCGCCTCGAACCTG_001,15
TCTCGGCCGCCTCGAACCTG_002,172
TCTCGGCCGCCTCGAACCTG_003,12
TCTCGGCCGCCTCGAACCTG_004,105
TCTCGGCCGCCTCGAACCTG_005,190
TCTCGGCCGCCTCGAACCTG_006,57
TCTCGGCCGCCTCGAACCTG_007,113
TCTCGGCCGCCTCGAACCTG_008,113
TCTCGGCCGCCTCGAACCTG_009,69
TCTCGGCCGCCTCGAACCTG_010,29
TCTCGGCCGCCTCGAACCTG_011,157
TCTCGGCCGCCTCGAACCTG_012,3
TCTCGGCCGCCTCGAACCTG_013,26
TCTCGGCCGCCTCGAACCTG_014,52
TCTCGGCCGCCTCGAACCTG_015,192
TCTCGGCCGCCTCGAACCTG_016,156
TCTCGGCCGCCTCGAACCTG_017,19
TCTCGGCCGCCTCGAACCTG_018,136
TCTCGGCCGCCTCGAACCTG_019,168
GGTAACAGGATGGGATGACA_001,181
GGTAACAGGATGGGATGACA_002,177
GGTAACAGGATGGGATGACA_003,50
GGTAACAGGATGGGATGACA_004,29
GGTAACAGGATGGGATGACA_005,3
GGTAACAGGATGGGATGACA_006,84
TAACAACGTAGCTCGACAGT_001,138
CTTACCCCTATTATAATGAA_001,78
CTTACCCCTATTATAATGAA_002,48
CTTACCCCTATTATAATGAA_003,40
CTTACCCCTATTATAATGAA_004,169
CTTACCCCTATTATAATGAA_005,174
CTTACCCCTATTATAATGAA_006,188
CTTACCCCTATTATAATGAA_007,174
CTTACCCCTATTATAATGAA_008,116
ACTTCATCTGTGTCAAATGG_001,75
ACTTCATCTGTGTCAAATGG_002,68
ACTTCATCTGTGTCAAATGG_003,78
ACTTCATCTGTGTCAAATGG_004,156
CTTGCTTGGTCAGACGTCCA_001,106
CTTGCTTGGTCAGACGTCCA_002,58
CTTGCTTGGTCAGACGTCCA_003,85
CTTGCTTGGTCAGACGTCCA_004,102
CTTGCTTGGTCAGACGTCCA_005,166
CTTGCTTGGTCAGACGTCCA_006,188
CTTGCTTGGTCAGACGTCCA_007,166
CTTGCTTGGTCAGACGTCCA_008,138
CTTGCTTGGTCAGACGTCCA_009,115
CTTGCTTGGTCAGACGTCCA_010,92
CTTGCTTGGTCAGACGTCCA_011,8
CTTGCTTGGTCAGACGTCCA_012,199
CTTGCTTGGTCAGACGTCCA_013,43
CTTGCTTGGTCAGACGTCCA_014,61
GGAACAGCACAAACTCAACA_001,17
GGAACAGCACAAACTCAACA_002,88
GGAACAGCACAAACTCAACA_003,136
GGAACAGCACAAACTCAACA_004,57
GCCACCTAAAGCATTCAGTG_001,181
GCCACCTAAAGCATTCAGTG_002,23
GCCACCTAAAGCATTCAGTG_003,169
GCCACCTAAAGCATTCAGTG_004,162
GCCACCTAAAGCATTCAGTG_005,86
GCCACCTAAAGCATTCAGTG_006,40
GCCACCTAAAGCATTCAGTG_007,144
GCCACCTAAAGCATTCAGTG_008,56
GCCACCTAAAGCATTCAGTG_009,51
GCCACCTAAAGCATTCAGTG_010,56
GCCACCTAAAGCATTCAGTG_011,34
GCCACCTAAAGCATTCAGTG_012,165
GCCACCTAAAGCATTCAGTG_013,75
GCCACCTAAAGCATTCAGTG_014,18
GCCACCTAAAGCATTCAGTG_015,75
GCCACCTAAAGCATTCAGTG_016,116
GCCACCTAAAGCATTCAGTG_017,40
GCCACCTAAAGCATTCAGTG_018,172
GCCACCTAAAGCATTCAGTG_019,20
TGTTCCTCTAACCAGCAACG_001,180
ACGTTCCATTCAAAGTGGGT_001,145
ACGTTCCATTCAAAGTGGGT_002,150
ACGTTCCATTCAAAGTGGGT_003,145
ACGTTCCATTCAAAGTGGGT_004,132
ACGTTCCATTCAAAGTGGGT_005,68
ACGTTCCATTCAAAGTGGGT_006,131
ACGTTCCATTCAAAGTGGGT_007,147
ACGTTCCATTCAAAGTGGGT_008,86
ACGTTCCATTCAAAGTGGGT_009,118
ACGTTCCATTCAAAGTGGGT_010,97
ACGTTCCATTCAAAGTGGGT_011,55
ACGTTCCATTCAAAGTGGGT_012,54
ACGTTCCATTCAAAGTGGGT_013,89
ACGTTCCATTCAAAGTGGGT_014,2
TTATTCAAGCAGTAGAACGG_001,72
TTATTCAAGCAGTAGAACGG_002,141
TTATTCAAGCAGTAGAACGG_003,146
TTATTCAAGCAGTAGAACGG_004,25
TTATTCAAGCAGTAGAACGG_005,186
TTATTCAAGCAGTAGAACGG_006,103
TTATTCAAGCAGTAGAACGG_007,137
TTATTCAAGCAGTAGAACGG_008,19
TTATTCAAGCAGTAGAACGG_009,124
TTATTCAAGCAGTAGAACGG_010,60
TTATTCAAGCAGTAGAACGG_011,60
TTTGGACAGCCCACTACACA_001,49
TTTGGACAGCCCACTACACA_002,46
TTTGGACAGCCCACTACACA_003,158
TTTGGACAGCCCACTACACA_004,38
TTTGGACAGCCCACTACACA_005,82
TTTGGACAGCCCACTACACA_006,144
TTTGGACAGCCCACTACACA_007,102
TTTGGACAGCCCACTACACA_008,117
TTTGGACAGCCCACTACACA_009,168
TTTGGACAGCCCACTACACA_010,63
TTTGGACAGCCCACTACACA_011,141
TTTGGACAGCCCACTACACA_012,63
GAAGCTGCACATCACTAGCG_001,1
GAAGCTGCACATCACTAGCG_002,112
GAAGCTGCACATCACTAGCG_003,58
GAAGCTGCACATCACTAGCG_004,181
GAAGCTGCACATCACTAGCG_005,169
GAAGCTGCACATCACTAGCG_006,65
GAAGCTGCACATCACTAGCG_007,10
GAAGCTGCACATCACTAGCG_008,63
GAAGCTGCACATCACTAGCG_009,10
GAAGCTGCACATCACTAGCG_010,50
CCAACTCAGGGCCTACACCG_001,157
CCAACTCAGGGCCTACACCG_002,88
CCAACTCAGGGCCTACACCG_003,40
CCAACTCAGGGCCTACACCG_004,146
CCAACTCAGGGCCTACACCG_005,96
CCAACTCAGGGCCTACACCG_006,148
CCAACTCAGGGCCTACACCG_007,82
CCAACTCAGGGCCTACACCG_008,121
CCAACTCAGGGCCTACACCG_009,106
CCAACTCAGGGCCTACACCG_010,47
CCAACTCAGGGCCTACACCG_011,135
TCTTCACAGCCTAACCAGCA_001,17
GACGTGCGCCTCGACACCGT_001,23
GACGTGCGCCTCGACACCGT_002,130
GACGTGCGCCTCGACACCGT_003,174
GACGTGCGCCTCGACACCGT_004,96
GACGTGCGCCTCGACACCGT_005,38
GACGTGCGCCTCGACACCGT_006,170
GACGTGCGCCTCGACACCGT_007,185
GACGTGCGCCTCGACACCGT_008,15
GACGTGCGCCTCGACACCGT_009,17
GACGTGCGCCTCGACACCGT_010,112
TCCGACACCCTCCAACAGGG_001,96
TCCGACACCCTCCAACAGGG_002,81
TCCGACACCCTCCAACAGGG_003,154
TCCGACACCCTCCAACAGGG_004,4
TCCGACACCCTCCAACAGGG_005,58
TCCGACACCCTCCAACAGGG_006,117
TCCGACACCCTCCAACAGGG_007,158
TCCGACACCCTCCAACAGGG_008,68
TCCGACACCCTCCAACAGGG_009,165
TCCGACACCCTCCAACAGGG_010,157
TCCGACACCCTCCAACAGGG_011,65
TCCGACACCCTCCAACAGGG_012,70
TCCGACACCCTCCAACAGGG_013,158
TCCGACACCCTCCAACAGGG_014,87
TCCGACACCCTCCAACAGGG_015,162
GTACGAGTAGTTGGACTCGT_001,134
GTACGAGTAGTTGGACTCGT_002,137
GTACGAGTAGTTGGACTCGT_003,37
GTACGAGTAGTTGGACTCGT_004,16
GTACGAGTAGTTGGACTCGT_005,17
GTACGAGTAGTTGGACTCGT_006,157
GTACGAGTAGTTGGACTCGT_007,2
GTACGAGTAGTTGGACTCGT_008,184
CAGCATCTGAGGGACTGTCG_001,85
CAGCATCTGAGGGACTGTCG_002,1
CAGCATCTGAGGGACTGTCG_003,23
CAGCATCTGAGGGACTGTCG_004,0
CAGCATCTGAGGGACTGTCG_005,92
CAGCATCTGAGGGACTGTCG_006,72
CAGCATCTGAGGGACTGTCG_007,50
CAGCATCTGAGGGACTGTCG_008,162
CAGCATCTGAGGGACTGTCG_009,199
CAGCATCTGAGGGACTGTCG_010,41
CAGCATCTGAGGGACTGTCG_011,48
CAGCATCTGAGGGACTGTCG_012,141
CAGCATCTGAGGGACTGTCG_013,98
CAGCATCTGAGGGACTGTCG_014,177
CAGCATCTGAGGGACTGTCG_015,81
CAGCATCTGAGGGACTGTCG_016,49
CAGCATCTGAGGGACTGTCG_017,55
CAGCATCTGAGGGACTGTCG_018,103
CAGCATCTGAGGGACTGTCG_019,102
CAGCATCTGAGGGACTGTCG_020,65
CAGCATCTGAGGGACTGTCG_021,9
CAGCATCTGAGGGACTGTCG_022,81
CAGCATCTGAGGGACTGTCG_023,111
CAGCATCTGAGGGACTGTCG_024,73
CAGCATCTGAGGGACTGTCG_025,15
CAGCATCTGAGGGACTGTCG_026,150
CAGCATCTGAGGGACTGTCG_027,118
CAGCATCTGAGGGACTGTCG_028,132
CAGCATCTGAGGGACTGTCG_029,105
CAGCATCTGAGGGACTGTCG_030,150
CAGCATCTGAGGGACTGTCG_031,98
CAGCATCTGAGGGACTGTCG_032,72
CAGCATCTGAGGGACTGTCG_033,8
CAGCATCTGAGGGACTGTCG_034,81
CAGCATCTGAGGGACTGTCG_035,183
CAGCATCTGAGGGACTGTCG_036,0
CAGCATCTGAGGGACTGTCG_037,152
CAGCATCTGAGGGACTGTCG_038,168
CAGCATCTGAGGGACTGTCG_039,123
CAGCATCTGAGGGACTGTCG_040,28
CAGCATCTGAGGGACTGTCG_041,144
GCTCCCTGAGGACTCTTGAG_001,84
GCTCCCTGAGGACTCTTGAG_002,118
GCTCCCTGAGGACTCTTGAG_003,89
GCTCCCTGAGGACTCTTGAG_004,27
GCTCCCTGAGGACTCTTGAG_005,199
GTCCAACTGTGACTGGATGG_001,98
GTCCAACTGTGACTGGATGG_002,20
GTCCAACTGTGACTGGATGG_003,121
GTCCAACTGTGACTGGATGG_004,102
GTCCAACTGTGACTGGATGG_005,62
GTCCAACTGTGACTGGATGG_006,62
GTCCAACTGTGACTGGATGG_007,65
CAGCTCCAACAAGTCGGGTG_001,48
CAGCTCCAACAAGTCGGGTG_002,171
CAGCTCCAACAAGTCGGGTG_003,147
CAGCTCCAACAAGTCGGGTG_004,106
CAGCTCCAACAAGTCGGGTG_005,103
CAGCTCCAACAAGTCGGGTG_006,49
CAGCTCCAACAAGTCGGGTG_007,115
CAGCTCCAACAAGTCGGGTG_008,127
CAGCTCCAACAAGTCGGGTG_009,168
CAGCTCCAACAAGTCGGGTG_010,130
CAGCTCCAACAAGTCGGGTG_011,58
CAGCTCCAACAAGTCGGGTG_012,60
CAGCTCCAACAAGTCGGGTG_013,188
CAGCTCCAACAAGTCGGGTG_014,7
CAGCTCCAACAAGTCGGGTG_015,184
CAGCTCCAACAAGTCGGGTG_016,132
CAGCTCCAACAAGTCGGGTG_017,63
CAGCTCCAACAAGTCGGGTG_018,44
CAGCTCCAACAAGTCGGGTG_019,88
CAGCTCCAACAAGTCGGGTG_020,58
CAGCTCCAACAAGTCGGGTG_021,84
CAGCTCCAACAAGTCGGGTG_022,16
CAGCTCCAACAAGTCGGGTG_023,150
CAGCTCCAACAAGTCGGGTG_024,21
CAGCTCCAACAAGTCGGGTG_025,83
CAGCTCCAACAAGTCGGGTG_026,20
CAGCTCCAACAAGTCGGGTG_027,48
CAGCTCCAACAAGTCGGGTG_028,19
CAGCTCCAACAAGTCGGGTG_029,19
CAGCTCCAACAAGTCGGGTG_030,55
CAGCTCCAACAAGTCGGGTG_031,172
CAGCTCCAACAAGTCGGGTG_032,108
CAGCTCCAACAAGTCGGGTG_033,36
CAGCTCCAACAAGTCGGGTG_034,35
CAGCTCCAACAAGTCGGGTG_035,174
CAGCTCCAACAAGTCGGGTG_036,26
CAGCTCCAACAAGTCGGGTG_037,40
CAGCTCCAACAAGTCGGGTG_038,20
CAGCTCCAACAAGTCGGGTG_039,124
CAGCTCCAACAAGTCGGGTG_040,15
CAGCTCCAACAAGTCGGGTG_041,46
CAGCTCCAACAAGTCGGGTG_042,1
CAGCTCCAACAAGTCGGGTG_043,35
CAGCTCCAACAAGTCGGGTG_044,58
CAGCTCCAACAAGTCGGGTG_045,63
CAGCTCCAACAAGTCGGGTG_046,197
CCTTGCTAAACTCCATCGGG_001,2
CCTTGCTAAACTCCATCGGG_002,84
CCTTGCTAAACTCCATCGGG_003,181
CCTTGCTAAACTCCATCGGG_004,57
CCTTGCTAAACTCCATCGGG_005,104
CCTTGCTAAACTCCATCGGG_006,72
CCTTGCTAAACTCCATCGGG_007,173
CCTTGCTAAACTCCATCGGG_008,17
CCTTGCTAAACTCCATCGGG_009,130
CCTTGCTAAACTCCATCGGG_010,184
CTAGCAGGCTCCACTAACTG_001,146
CTAGCAGGCTCCACTAACTG_002,78
CTAGCAGGCTCCACTAACTG_003,149
CTAGCAGGCTCCACTAACTG_004,196
CTAGCAGGCTCCACTAACTG_005,45
CTAGCAGGCTCCACTAACTG_006,198
CTAGCAGGCTCCACTAACTG_007,70
CTAGCAGGCTCCACTAACTG_008,187
CTAGCAGGCTCCACTAACTG_009,146
CTAGCAGGCTCCACTAACTG_010,124
CTAGCAGGCTCCACTAACTG_011,19
CTAGCAGGCTCCACTAACTG_012,178
CTAGCAGGCTCCACTAACTG_013,91
CGCGGACCCGACTCTTAAGG_001,5
GATCTTCTGTGATGGTTGAG_001,159
GATCTTCTGTGATGGTTGAG_002,8
GATCTTCTGTGATGGTTGAG_003,52
GATCTTCTGTGATGGTTGAG_004,49
TACCATCAGACTCTGAACCA_001,1
TACCATCAGACTCTGAACCA_002,156
TACCATCAGACTCTGAACCA_003,67
TACCATCAGACTCTGAACCA_004,103
TACCATCAGACTCTGAACCA_005,72
TACCATCAGACTCTGAACCA_006,72
TACCATCAGACTCTGAACCA_007,169
TACCATCAGACTCTGAACCA_008,144
TACCATCAGACTCTGAACCA_009,69
TCTGCCCTTATGTCGACCTG_001,193
TCTGCCCTTATGTCGACCTG_002,181
TCTGCCCTTATGTCGACCTG_003,48
TCTGCCCTTATGTCGACCTG_004,16
TCTGCCCTTATGTCGACCTG_005,163
TCTGCCCTTATGTCGACCTG_006,30
TCTGCCCTTATGTCGACCTG_007,27
TCTGCCCTTATGTCGACCTG_008,172
TCTGCCCTTATGTCGACCTG_009,87
TCTGCCCTTATGTCGACCTG_010,5
TCTGCCCTTATGTCGACCTG_011,159
TCTGCCCTTATGTCGACCTG_012,88
TCTGCCCTTATGTCGACCTG_013,45
TCTGCCCTTATGTCGACCTG_014,96
TCTGCCCTTATGTCGACCTG_015,50
TCTGCCCTTATGTCGACCTG_016,134
TCTGCCCTTATGTCGACCTG_017,149
TCTGCCCTTATGTCGACCTG_018,56
TCTGCCCTTATGTCGACCTG_019,168
TCTGCCCTTATGTCGACCTG_020,105
TCTGCCCTTATGTCGACCTG_021,80
TCTGCCCTTATGTCGACCTG_022,178
TCTGCCCTTATGTCGACCTG_023,77
TCTGCCCTTATGTCGACCTG_024,88
GATGTGGAGCTGCATCGTGT_001,150
GATGTGGAGCTGCATCGTGT_002,52
GATGTGGAGCTGCATCGTGT_003,81
GATGTGGAGCTGCATCGTGT_004,84
GATGTGGAGCTGCATCGTGT_005,133
GATGTGGAGCTGCATCGTGT_006,147
GATGTGGAGCTGCATCGTGT_007,11
GATGTGGAGCTGCATCGTGT_008,147
GATGTGGAGCTGCATCGTGT_009,5
GATGTGGAGCTGCATCGTGT_010,103
GATGTGGAGCTGCATCGTGT_011,178
GATGTGGAGCTGCATCGTGT_012,83
GATGTGGAGCTGCATCGTGT_013,128
GATGTGGAGCTGCATCGTGT_014,15
GATGTGGAGCTGCATCGTGT_015,76
GATGTGGAGCTGCATCGTGT_016,184
GATGTGGAGCTGCATCGTGT_017,98
GATGTGGAGCTGCATCGTGT_018,40
GATGTGGAGCTGCATCGTGT_019,175
GATGTGGAGCTGCATCGTGT_020,124
GATGTGGAGCTGCATCGTGT_021,136
GATGTGGAGCTGCATCGTGT_022,184
ATGCGCTGGATAGATATGGA_001,8
ATGCGCTGGATAGATATGGA_002,31
ATGCGCTGGATAGATATGGA_003,24
AGCTGCACAGTCAGTCTAGG_001,159
AGCTGCACAGTCAGTCTAGG_002,132
AGCTGCACAGTCAGTCTAGG_003,115
AGCTGCACAGTCAGTCTAGG_004,1
AGCTGCACAGTCAGTCTAGG_005,41
AGCTGCACAGTCAGTCTAGG_006,76
AGCTGCACAGTCAGTCTAGG_007,77
AGCTGCACAGTCAGTCTAGG_008,71
CACAATCAGAAAATACCATG_001,13
CACAATCAGAAAATACCATG_002,43
CACAATCAGAAAATACCATG_003,19
CACAATCAGAAAATACCATG_004,103
CACAATCAGAAAATACCATG_005,63
CACAATCAGAAAATACCATG_006,79
CACAATCAGAAAATACCATG_007,138
CACAATCAGAAAATACCATG_008,48
CACAATCAGAAAATACCATG_009,155
CATCTTTGGCTGCTCCTGCA_001,176
CATCTTTGGCTGCTCCTGCA_002,188
CATCTTTGGCTGCTCCTGCA_003,56
CATCTTTGGCTGCTCCTGCA_004,198
CATCTTTGGCTGCTCCTGCA_005,150
CATCTTTGGCTGCTCCTGCA_006,197
CATCTTTGGCTGCTCCTGCA_007,176
CATCTTTGGCTGCTCCTGCA_008,104
GTGTACTTACCAGTAACCAG_001,48
GTGTACTTACCAGTAACCAG_002,121
GTGTACTTACCAGTAACCAG_003,132
GTGTACTTACCAGTAACCAG_004,192
GTGTACTTACCAGTAACCAG_005,53
GTGTACTTACCAGTAACCAG_006,46
GTGTACTTACCAGTAACCAG_007,172
GTGTACTTACCAGTAACCAG_008,172
GTGTACTTACCAGTAACCAG_009,54
GTGTACTTACCAGTAACCAG_010,82
GTGTACTTACCAGTAACCAG_011,32
GTGTACTTACCAGTAACCAG_012,194
GTGTACTTACCAGTAACCAG_013,108
GTGTACTTACCAGTAACCAG_014,28
GTGTACTTACCAGTAACCAG_015,0
GTTATCCTTTAATCAACACA_001,189
GTTATCCTTTAATCAACACA_002,194
GTTATCCTTTAATCAACACA_003,116
GTTATCCTTTAATCAACACA_004,125
ATTGCTGGGAGCTACGTATG_001,94
ATTGCTGGGAGCTACGTATG_002,117
ATTGCTGGGAGCTACGTATG_003,98
ATTGCTGGGAGCTACGTATG_004,140
ATTGCTGGGAGCTACGTATG_005,184
ATTGCTGGGAGCTACGTATG_006,5
GAGGTGAAGGATGAGAACGC_001,198
GAGGTGAAGGATGAGAACGC_002,194
GAGGTGAAGGATGAGAACGC_003,0
GAGGTGAAGGATGAGAACGC_004,103
ATGGCTCTCTATGCTGACGT_001,15
ATGGCTCTCTATGCTGACGT_002,88
ATGGCTCTCTATGCTGACGT_003,48
ATGGCTCTCTATGCTGACGT_004,6
ATGGCTCTCTATGCTGACGT_005,113
ATGGCTCTCTATGCTGACGT_006,141
ATGGCTCTCTATGCTGACGT_007,39
ATGGCTCTCTATGCTGACGT_008,153
ATGGCTCTCTATGCTGACGT_009,76
ATGGCTCTCTATGCTGACGT_010,160
ATGGCTCTCTATGCTGACGT_011,198
ATGGCTCTCTATGCTGACGT_012,98
ATGGCTCTCTATGCTGACGT_013,175
TGACTTGCTGGATTAAATGC_001,62
TGACTTGCTGGATTAAATGC_002,70
TGACTTGCTGGATTAAATGC_003,34
TGACTTGCTGGATTAAATGC_004,100
TGACTTGCTGGATTAAATGC_005,196
TGACTTGCTGGATTAAATGC_006,199
TGACTTGCTGGATTAAATGC_007,57
TGACTTGCTGGATTAAATGC_008,113
CCATGAAGCCAATTGATGGA_001,62
CCATGAAGCCAATTGATGGA_002,27
CCATGAAGCCAATTGATGGA_003,159
CCATGAAGCCAATTGATGGA_004,127
CCATGAAGCCAATTGATGGA_005,21
CCATGAAGCCAATTGATGGA_006,83
TGTGTGTCTCTGTTTCATGG_001,155
TGTGTGTCTCTGTTTCATGG_002,69
TGTGTGTCTCTGTTTCATGG_003,166
TGTGTGTCTCTGTTTCATGG_004,34
CAGAGGAGTCTCTTCCCAAG_001,28
CAGAGGAGTCTCTTCCCAAG_002,106
CAGAGGAGTCTCTTCCCAAG_003,106
CAGAGGAGTCTCTTCCCAAG_004,134
AGAATACAGAGTGACGACGC_001,65
AGAATACAGAGTGACGACGC_002,57
AGAATACAGAGTGACGACGC_003,198
AGAATACAGAGTGACGACGC_004,188
AGAATACAGAGTGACGACGC_005,28
AGAATACAGAGTGACGACGC_006,193
AGAATACAGAGTGACGACGC_007,145
AGAATACAGAGTGACGACGC_008,35
AGAATACAGAGTGACGACGC_009,138
AGAATACAGAGTGACGACGC_010,184
AGAATACAGAGTGACGACGC_011,58
AGAATACAGAGTGACGACGC_012,116
AGAATACAGAGTGACGACGC_013,44
ATACTGCAAAGAATGGGCCC_001,132
ATACTGCAAAGAATGGGCCC_002,34
ATACTGCAAAGAATGGGCCC_003,162
ATACTGCAAAGAATGGGCCC_004,63
ATACTGCAAAGAATGGGCCC_005,116
ATACTGCAAAGAATGGGCCC_006,192
GTTATAGAAGTACTACATCG_001,23
CTTGACCCATAGAAGGAGGT_001,172
CTTGACCCATAGAAGGAGGT_002,73
CTTGACCCATAGAAGGAGGT_003,47
CTTGACCCATAGAAGGAGGT_004,8
CTTGACCCATAGAAGGAGGT_005,149
CTTGACCCATAGAAGGAGGT_006,81
CTTGACCCATAGAAGGAGGT_007,138
CTTGACCCATAGAAGGAGGT_008,166
CTTGACCCATAGAAGGAGGT_009,124
CTTGACCCATAGAAGGAGGT_010,121
CTTGACCCATAGAAGGAGGT_011,172
AGGTAACGCAGACATGCCAT_001,68
AGGTAACGCAGACATGCCAT_002,115
AGGTAACGCAGACATGCCAT_003,28
AGGTAACGCAGACATGCCAT_004,75
AGGTAACGCAGACATGCCAT_005,124
AGGTAACGCAGACATGCCAT_006,166
AGGTAACGCAGACATGCCAT_007,191
GTTACTGGGTAACATGGTGT_001,183
GTTACTGGGTAACATGGTGT_002,110
GTTACTGGGTAACATGGTGT_003,63
GTTACTGGGTAACATGGTGT_004,27
GTTACTGGGTAACATGGTGT_005,138
GTTACTGGGTAACATGGTGT_006,106
GTTACTGGGTAACATGGTGT_007,141
CGACGGCACGTATTCCGACG_001,12
CGACGGCACGTATTCCGACG_002,149
CGACGGCACGTATTCCGACG_003,69
CGACGGCACGTATTCCGACG_004,64
CGACGGCACGTATTCCGACG_005,195
CGACGGCACGTATTCCGACG_006,173
CGACGGCACGTATTCCGACG_007,138
TGTCCGAATCATAGATCACG_001,25
TGTCCGAATCATAGATCACG_002,21
CCGATTCCGTTACCTAATGG_001,19
CCGATTCCGTTACCTAATGG_002,169
CCGATTCCGTTACCTAATGG_003,169
CCGATTCCGTTACCTAATGG_004,100
CCGATTCCGTTACCTAATGG_005,195
CCGATTCCGTTACCTAATGG_006,159
CCGATTCCGTTACCTAATGG_007,167
CCGATTCCGTTACCTAATGG_008,6
CCGATTCCGTTACCTAATGG_009,4
ACAGCCAGAAAGAGTACTCG_001,62
ACAGCCAGAAAGAGTACTCG_002,182
ACAGCCAGAAAGAGTACTCG_003,161
ACAGCCAGAAAGAGTACTCG_004,108
ACAGCCAGAAAGAGTACTCG_005,57
ACAGCCAGAAAGAGTACTCG_006,94
ACAGCCAGAAAGAGTACTCG_007,57
ACAGCCAGAAAGAGTACTCG_008,152
ACAGCCAGAAAGAGTACTCG_009,150
ACAGCCAGAAAGAGTACTCG_010,113
CTACAACCCCGACAACCCCA_001,62
CTACAACCCCGACAACCCCA_002,104
CTACAACCCCGACAACCCCA_003,86
CTACAACCCCGACAACCCCA_004,177
CTACAACCCCGACAACCCCA_005,81
CTACAACCCCGACAACCCCA_006,134
CTACAACCCCGACAACCCCA_007,65
CTACAACCCCGACAACCCCA_008,152
CTACAACCCCGACAACCCCA_009,122
CTACAACCCCGACAACCCCA_010,159
CTACAACCCCGACAACCCCA_011,50
CTACAACCCCGACAACCCCA_012,112
CTACAACCCCGACAACCCCA_013,62
CTACAACCCCGACAACCCCA_014,2
CTACAACCCCGACAACCCCA_015,145
CTACAACCCCGACAACCCCA_016,12
CTACAACCCCGACAACCCCA_017,69
CTACAACCCCGACAACCCCA_018,168
CTACAACCCCGACAACCCCA_019,50
CTACAACCCCGACAACCCCA_020,127
CTACAACCCCGACAACCCCA_021,157
CTACAACCCCGACAACCCCA_022,30
CTACAACCCCGACAACCCCA_023,35
CTACAACCCCGACAACCCCA_024,6
CTACAACCCCGACAACCCCA_025,144
GAGATTGGAAGTCCCTGCTA_001,77
GAGATTGGAAGTCCCTGCTA_002,33
GAGATTGGAAGTCCCTGCTA_003,112
GAGATTGGAAGTCCCTGCTA_004,53
GAGATTGGAAGTCCCTGCTA_005,68
AGGTGGACCGCCTACTCGTG_001,144
AGGTGGACCGCCTACTCGTG_002,128
AGGTGGACCGCCTACTCGTG_003,145
AGGTGGACCGCCTACTCGTG_004,192
AGGTGGACCGCCTACTCGTG_005,184
AGGTGGACCGCCTACTCGTG_006,127
AGGTGGACCGCCTACTCGTG_007,174
CACCTGGGCAGTGATACGCT_001,36
CACCTGGGCAGTGATACGCT_002,125
CACCTGGGCAGTGATACGCT_003,91
CACCTGGGCAGTGATACGCT_004,58
CACCTGGGCAGTGATACGCT_005,48
CACCTGGGCAGTGATACGCT_006,146
CACCTGGGCAGTGATACGCT_007,107
CACCTGGGCAGTGATACGCT_008,81
CCTTGCGACAGCTACCGCGA_001,148
CCTTGCGACAGCTACCGCGA_002,198
CCTTGCGACAGCTACCGCGA_003,42
CCTTGCGACAGCTACCGCGA_004,23
CCTTGCGACAGCTACCGCGA_005,152
CCTTGCGACAGCTACCGCGA_006,198
CCTTGCGACAGCTACCGCGA_007,130
CCTTGCGACAGCTACCGCGA_008,37
CCTTGCGACAGCTACCGCGA_009,186
CCTTGCGACAGCTACCGCGA_010,154
CCTTGCGACAGCTACCGCGA_011,172
CCTTGCGACAGCTACCGCGA_012,149
CCTTGCGACAGCTACCGCGA_013,168
CCTTGCGACAGCTACCGCGA_014,93
CCTTGCGACAGCTACCGCGA_015,20
CCTTGCGACAGCTACCGCGA_016,60
CCTTGCGACAGCTACCGCGA_017,176
CCTTGCGACAGCTACCGCGA_018,160
CCTTGCGACAGCTACCGCGA_019,58
CCTTGCGACAGCTACCGCGA_020,55
CCTTGCGACAGCTACCGCGA_021,183
CCTTGCGACAGCTACCGCGA_022,163
CCTTGCGACAGCTACCGCGA_023,159
CCTTGCGACAGCTACCGCGA_024,94
CCTTGCGACAGCTACCGCGA_025,72
CCTTGCGACAGCTACCGCGA_026,113
CCTTGCGACAGCTACCGCGA_027,113
CCTTGCGACAGCTACCGCGA_028,82
CCTTGCGACAGCTACCGCGA_029,116
CCTTGCGACAGCTACCGCGA_030,117
CCTTGCGACAGCTACCGCGA_031,61
CCTTGCGACAGCTACCGCGA_032,184
CCTTGCGACAGCTACCGCGA_033,17
CCTTGCGACAGCTACCGCGA_034,141
CCTTGCGACAGCTACCGCGA_035,150
CCTTGCGACAGCTACCGCGA_036,188
CCTTGCGACAGCTACCGCGA_037,79
CCTTGCGACAGCTACCGCGA_038,19
CCTTGCGACAGCTACCGCGA_039,99
CCTTGCGACAGCTACCGCGA_040,168
CGTGTCTAGCCAGCTAGGCG_001,130
CGTGTCTAGCCAGCTAGGCG_002,159
CGTGTCTAGCCAGCTAGGCG_003,181
CGTGTCTAGCCAGCTAGGCG_004,173
CGTGTCTAGCCAGCTAGGCG_005,20
CGTGTCTAGCCAGCTAGGCG_006,177
CGTGTCTAGCCAGCTAGGCG_007,158
CGTGTCTAGCCAGCTAGGCG_008,182
CGTGTCTAGCCAGCTAGGCG_009,190
CGTGTCTAGCCAGCTAGGCG_010,107
CGTGTCTAGCCAGCTAGGCG_011,16
CGTGTCTAGCCAGCTAGGCG_012,144
CGTGTCTAGCCAGCTAGGCG_013,105
CGTGTCTAGCCAGCTAGGCG_014,140
CGTGTCTAGCCAGCTAGGCG_015,41
CGTGTCTAGCCAGCTAGGCG_016,159
CGTGTCTAGCCAGCTAGGCG_017,35
CGTGTCTAGCCAGCTAGGCG_018,125
CGTGTCTAGCCAGCTAGGCG_019,72
CGTGTCTAGCCAGCTAGGCG_020,13
CGTGTCTAGCCAGCTAGGCG_021,165
CGTGTCTAGCCAGCTAGGCG_022,60
CGTGTCTAGCCAGCTAGGCG_023,15
CGTGTCTAGCCAGCTAGGCG_024,199
CGTGTCTAGCCAGCTAGGCG_025,148
CGTGTCTAGCCAGCTAGGCG_026,37
CGTGTCTAGCCAGCTAGGCG_027,46
GTTTCCGAGAGCCTAAACAA_001,36
GTTTCCGAGAGCCTAAACAA_002,162
GTTTCCGAGAGCCTAAACAA_003,73
GTTTCCGAGAGCCTAAACAA_004,13
GTTTCCGAGAGCCTAAACAA_005,142
GTTTCCGAGAGCCTAAACAA_006,108
GTTTCCGAGAGCCTAAACAA_007,155
GTTTCCGAGAGCCTAAACAA_008,81
GTTTCCGAGAGCCTAAACAA_009,98
TCTACTACTACCAGTCCGGT_001,132
TCTACTACTACCAGTCCGGT_002,177
TCTACTACTACCAGTCCGGT_003,44
ATATCAGTGACACAATAAAT_001,94
TGCAGCAGAAGCATTACTGG_001,5
TGCAGCAGAAGCATTACTGG_002,78
TGCAGCAGAAGCATTACTGG_003,116
TGCAGCAGAAGCATTACTGG_004,15
TGCAGCAGAAGCATTACTGG_005,101
TGCAGCAGAAGCATTACTGG_006,17
TGCAGCAGAAGCATTACTGG_007,166
TGCAGCAGAAGCATTACTGG_008,49
TGCAGCAGAAGCATTACTGG_009,38
TGCAGCAGAAGCATTACTGG_010,27
TGCAGCAGAAGCATTACTGG_011,0
CCGAGGAACACGGAGAACTG_001,6
CCGAGGAACACGGAGAACTG_002,17
CCGAGGAACACGGAGAACTG_003,103
CCGAGGAACACGGAGAACTG_004,124
CCGAGGAACACGGAGAACTG_005,12
CCGAGGAACACGGAGAACTG_006,110
CCGAGGAACACGGAGAACTG_007,62
AAAACGTCCGATAAAAGTCT_001,169
AAACAAATGGATTGTCCGAG_001,76
AAGTGTTGGGCATCGCATGG_001,191
AAGTGTTGGGCATCGCATGG_002,15
AAGTGTTGGGCATCGCATGG_003,170
AAGTGTTGGGCATCGCATGG_004,106
AAGTGTTGGGCATCGCATGG_005,15
AAGTGTTGGGCATCGCATGG_006,162
AAGTGTTGGGCATCGCATGG_007,16
AAGTGTTGGGCATCGCATGG_008,5
AAGTGTTGGGCATCGCATGG_009,82
AAGTGTTGGGCATCGCATGG_010,107
AAGTGTTGGGCATCGCATGG_011,145
AAGTGTTGGGCATCGCATGG_012,154
AAGTGTTGGGCATCGCATGG_013,188
AAGTGTTGGGCATCGCATGG_014,61
CACAAACCTGGCCTACACCG_001,42
CACAAACCTGGCCTACACCG_002,60
CACAAACCTGGCCTACACCG_003,146
CACAAACCTGGCCTACACCG_004,15
CACAAACCTGGCCTACACCG_005,149
CACAAACCTGGCCTACACCG_006,117
CACAAACCTGGCCTACACCG_007,83
CACAAACCTGGCCTACACCG_008,144
CACAAACCTGGCCTACACCG_009,198
CACAAACCTGGCCTACACCG_010,158
CACAAACCTGGCCTACACCG_011,113
CTCTACTCCTACCTCCTAGG_001,127
CTCTACTCCTACCTCCTAGG_002,34
CTCTACTCCTACCTCCTAGG_003,127
CTCTACTCCTACCTCCTAGG_004,141
CTCTACTCCTACCTCCTAGG_005,182
CTCTACTCCTACCTCCTAGG_006,9
TGATGACGCCAACAACGCCA_001,29
TGATGACGCCAACAACGCCA_002,60
TGATGACGCCAACAACGCCA_003,132
TGATGACGCCAACAACGCCA_004,154
TGATGACGCCAACAACGCCA_005,15
TGATGACGCCAACAACGCCA_006,98
TGATGACGCCAACAACGCCA_007,145
TGATGACGCCAACAACGCCA_008,10
TGATGACGCCAACAACGCCA_009,5
TGATGACGCCAACAACGCCA_010,178
TGCTGCCAGATCAGCTCCTG_001,69
TGCTGCCAGATCAGCTCCTG_002,121
TGCTGCCAGATCAGCTCCTG_003,175
TGCTGCCAGATCAGCTCCTG_004,142
TGCTGCCAGATCAGCTCCTG_005,8
CAGAGTTCACAAAAATACAG_001,1
CAGAGTTCACAAAAATACAG_002,16
CAGAGTTCACAAAAATACAG_003,1
CAGAGTTCACAAAAATACAG_004,94
TTCCAGACAACCATCCCAGA_001,66
TTCCAGACAACCATCCCAGA_002,56
TTCCAGACAACCATCCCAGA_003,75
TTCCAGACAACCATCCCAGA_004,182
TTCCAGACAACCATCCCAGA_005,41
TTCCAGACAACCATCCCAGA_006,160
TTCCAGACAACCATCCCAGA_007,115
TTCCAGACAACCATCCCAGA_008,170
TTCCAGACAACCATCCCAGA_009,147
TTCCAGACAACCATCCCAGA_010,19
TTCCAGACAACCATCCCAGA_011,106
TTCCAGACAACCATCCCAGA_012,63
TTTCTGCTTAGCATATACAC_001,133
TTTCTGCTTAGCATATACAC_002,73
AGAGGAAAGTAAGAAGCCGG_001,121
AGAGGAAAGTAAGAAGCCGG_002,47
AGAGGAAAGTAAGAAGCCGG_003,192
AGAGGAAAGTAAGAAGCCGG_004,9
AGAGGAAAGTAAGAAGCCGG_005,17
AGAGGAAAGTAAGAAGCCGG_006,117
AGAGGAAAGTAAGAAGCCGG_007,50
AGAGGAAAGTAAGAAGCCGG_008,3
GGAAGATAAACCATTAGATG_001,174
GGAAGATAAACCATTAGATG_002,43
GGAAGATAAACCATTAGATG_003,198
GGAAGATAAACCATTAGATG_004,43
GGAAGATAAACCATTAGATG_005,3
GGAAGATAAACCATTAGATG_006,152
GGAAGATAAACCATTAGATG_007,175
GGAAGATAAACCATTAGATG_008,180
GGAGGCTCCTACGCCTGCGC_001,62
GGAGGCTCCTACGCCTGCGC_002,161
GGAGGCTCCTACGCCTGCGC_003,148
GGAGGCTCCTACGCCTGCGC_004,44
GGAGGCTCCTACGCCTGCGC_005,149
GGAGGCTCCTACGCCTGCGC_006,107
ACCTGTCTTCTCAAGAGACT_001,29
ACCTGTCTTCTCAAGAGACT_002,11
ACCTGTCTTCTCAAGAGACT_003,162
ACCTGTCTTCTCAAGAGACT_004,17
ACCTGTCTTCTCAAGAGACT_005,127
CCTGTGCCTGACCTTCGGGG_001,198
CCTGTGCCTGACCTTCGGGG_002,93
CCTGTGCCTGACCTTCGGGG_003,150
CCTGTGCCTGACCTTCGGGG_004,98
CCTGTGCCTGACCTTCGGGG_005,62
CCTGTGCCTGACCTTCGGGG_006,106
CCTGTGCCTGACCTTCGGGG_007,133
CCTGTGCCTGACCTTCGGGG_008,11
CCTGTGCCTGACCTTCGGGG_009,181
CCTGTGCCTGACCTTCGGGG_010,103
CCTGTGCCTGACCTTCGGGG_011,170
CCTGTGCCTGACCTTCGGGG_012,94
CCTGTGCCTGACCTTCGGGG_013,61
CCTGTGCCTGACCTTCGGGG_014,147
CCTGTGCCTGACCTTCGGGG_015,144
CCTGTGCCTGACCTTCGGGG_016,184
CCTGTGCCTGACCTTCGGGG_017,14
CCTGTGCCTGACCTTCGGGG_018,98
CCTGTGCCTGACCTTCGGGG_019,86
CCTGTGCCTGACCTTCGGGG_020,75
CCTGTGCCTGACCTTCGGGG_021,130
CCTGTGCCTGACCTTCGGGG_022,120
CCTGTGCCTGACCTTCGGGG_023,34
CCTGTGCCTGACCTTCGGGG_024,15
CCTGTGCCTGACCTTCGGGG_025,69
CCTGTGCCTGACCTTCGGGG_026,117
GCGCACGGGTACCTCAACTT_001,73
GCGCACGGGTACCTCAACTT_002,15
GCGCACGGGTACCTCAACTT_003,41
GCGCACGGGTACCTCAACTT_004,117
GCGCACGGGTACCTCAACTT_005,184
GCGCACGGGTACCTCAACTT_006,156
GCGCACGGGTACCTCAACTT_007,147
GCGCACGGGTACCTCAACTT_008,177
GCGCACGGGTACCTCAACTT_009,172
GCGCACGGGTACCTCAACTT_010,10
GCGCACGGGTACCTCAACTT_011,156
GCGCACGGGTACCTCAACTT_012,163
GCGCACGGGTACCTCAACTT_013,178
GCGCACGGGTACCTCAACTT_014,18
GCGCACGGGTACCTCAACTT_015,94
GCGCACGGGTACCTCAACTT_016,118
GCGCACGGGTACCTCAACTT_017,6
GCGCACGGGTACCTCAACTT_018,102
GCGCACGGGTACCTCAACTT_019,31
GGTCCAGACAGGAGTTGATC_001,177
GGTCCAGACAGGAGTTGATC_002,38
GGTCCAGACAGGAGTTGATC_003,102
GGTCCAGACAGGAGTTGATC_004,13
GGTCCAGACAGGAGTTGATC_005,103
GGTCCAGACAGGAGTTGATC_006,121
GGTCCAGACAGGAGTTGATC_007,6
ATAGCCAAACTGAAAAGCGG_001,169
ATAGCCAAACTGAAAAGCGG_002,188
ATAGCCAAACTGAAAAGCGG_003,125
ATAGCCAAACTGAAAAGCGG_004,148
ATAGCCAAACTGAAAAGCGG_005,26
ATAGCCAAACTGAAAAGCGG_006,26
ATAGCCAAACTGAAAAGCGG_007,194
ATAGCCAAACTGAAAAGCGG_008,13
ATAGCCAAACTGAAAAGCGG_009,19
ATAGCCAAACTGAAAAGCGG_010,105
ATAGCCAAACTGAAAAGCGG_011,19
ATAGCCAAACTGAAAAGCGG_012,3
ATAGCCAAACTGAAAAGCGG_013,63
CGGGTTCTAAGGACGCCGGG_001,59
CGGGTTCTAAGGACGCCGGG_002,69
CGGGTTCTAAGGACGCCGGG_003,49
CGGGTTCTAAGGACGCCGGG_004,137
CGGGTTCTAAGGACGCCGGG_005,92
CGGGTTCTAAGGACGCCGGG_006,26
CGGGTTCTAAGGACGCCGGG_007,137
CGGGTTCTAAGGACGCCGGG_008,86
CGGGTTCTAAGGACGCCGGG_009,27
CGGGTTCTAAGGACGCCGGG_010,184
CGGGTTCTAAGGACGCCGGG_011,140
CGGGTTCTAAGGACGCCGGG_012,59
CGGGTTCTAAGGACGCCGGG_013,35
CGGGTTCTAAGGACGCCGGG_014,94
CGGGTTCTAAGGACGCCGGG_015,130
CGGGTTCTAAGGACGCCGGG_016,18
CGGGTTCTAAGGACGCCGGG_017,39
TGGACCACTTCAGCAATGTG_001,17
TGGACCACTTCAGCAATGTG_002,141
TGGACCACTTCAGCAATGTG_003,172
TGGACCACTTCAGCAATGTG_004,118
GAGACTTTGACAATCTCAGT_001,47
GAGACTTTGACAATCTCAGT_002,188
GAGACTTTGACAATCTCAGT_003,49
GAGACTTTGACAATCTCAGT_004,74
GAGACTTTGACAATCTCAGT_005,198
GGGCTAGAACACAACCACAA_001,101
GGGCTAGAACACAACCACAA_002,107
GGGCTAGAACACAACCACAA_003,65
GGGCTAGAACACAACCACAA_004,97
GGGCTAGAACACAACCACAA_005,9
GGGCTAGAACACAACCACAA_006,8
GGGCTAGAACACAACCACAA_007,68
GAACAAGCCCCGGGTGAACG_001,2
GAACAAGCCCCGGGTGAACG_002,53
GAACAAGCCCCGGGTGAACG_003,141
GAACAAGCCCCGGGTGAACG_004,76
CATAGTAGGGCCCACGACGT_001,191
CATAGTAGGGCCCACGACGT_002,130
CATAGTAGGGCCCACGACGT_003,66
CATAGTAGGGCCCACGACGT_004,27
CATAGTAGGGCCCACGACGT_005,195
CATAGTAGGGCCCACGACGT_006,67
CATAGTAGGGCCCACGACGT_007,61
CATAGTAGGGCCCACGACGT_008,188
CATAGTAGGGCCCACGACGT_009,8
CATAGTAGGGCCCACGACGT_010,76
CATAGTAGGGCCCACGACGT_011,169
CATAGTAGGGCCCACGACGT_012,183
CATAGTAGGGCCCACGACGT_013,26
GCACAAGGAGGAACATGAGG_001,137
GCACAAGGAGGAACATGAGG_002,4
GCACAAGGAGGAACATGAGG_003,4
TCAGCTGCTTTGTCTCAGCA_001,142
TCAGCTGCTTTGTCTCAGCA_002,157
TCAGCTGCTTTGTCTCAGCA_003,98
TCAGCTGCTTTGTCTCAGCA_004,16
TCAGCTGCTTTGTCTCAGCA_005,156
TCAGCTGCTTTGTCTCAGCA_006,169
TCAGCTGCTTTGTCTCAGCA_007,169
TCAGCTGCTTTGTCTCAGCA_008,126
TCAGCTGCTTTGTCTCAGCA_009,20
TCAGCTGCTTTGTCTCAGCA_010,0
TCAGCTGCTTTGTCTCAGCA_011,42
TCAGCTGCTTTGTCTCAGCA_012,41
TCAGCTGCTTTGTCTCAGCA_013,168
TCAGCTGCTTTGTCTCAGCA_014,11
TCGTCAATCTCATTACCTGT_001,63
CTGATGACATGGATGGTGGG_001,21
CTGATGACATGGATGGTGGG_002,104
CTGATGACATGGATGGTGGG_003,58
GGTCGCCAGAAATGGATGTG_001,12
GGTCGCCAGAAATGGATGTG_002,183
GGTCGCCAGAAATGGATGTG_003,197
GGTCGCCAGAAATGGATGTG_004,197
GGTCGCCAGAAATGGATGTG_005,2
GGTCGCCAGAAATGGATGTG_006,12
GGTCGCCAGAAATGGATGTG_007,29
TCCGAGTCCAGACCCCGCCG_001,141
TCCGAGTCCAGACCCCGCCG_002,43
TCCGAGTCCAGACCCCGCCG_003,106
TCCGAGTCCAGACCCCGCCG_004,166
TCCGAGTCCAGACCCCGCCG_005,148
TCCGAGTCCAGACCCCGCCG_006,102
TCCGAGTCCAGACCCCGCCG_007,40
TCCGAGTCCAGACCCCGCCG_008,91
CACAGGCCCAGGACTTAGCG_001,85
CACAGGCCCAGGACTTAGCG_002,182
CACAGGCCCAGGACTTAGCG_003,122
CACAGGCCCAGGACTTAGCG_004,12
CACAGGCCCAGGACTTAGCG_005,76
CACAGGCCCAGGACTTAGCG_006,47
CACAGGCCCAGGACTTAGCG_007,17
CACAGGCCCAGGACTTAGCG_008,199
CACAGGCCCAGGACTTAGCG_009,66
CACAGGCCCAGGACTTAGCG_010,139
CACAGGCCCAGGACTTAGCG_011,113
CACAGGCCCAGGACTTAGCG_012,148
CACAGGCCCAGGACTTAGCG_013,85
CACAGGCCCAGGACTTAGCG_014,58
GACTGCACAGTGGTAATACC_001,120
GACTGCACAGTGGTAATACC_002,137
GACTGCACAGTGGTAATACC_003,44
GACTGCACAGTGGTAATACC_004,89
GACTGCACAGTGGTAATACC_005,66
GACTGCACAGTGGTAATACC_006,2
AGGACTGCCGGGACCTCGAG_001,49
GGAAGTGAGCTGGGTCTCCG_001,2
GGAAGTGAGCTGGGTCTCCG_002,78
GGAAGTGAGCTGGGTCTCCG_003,166
GGAAGTGAGCTGGGTCTCCG_004,10
GGAAGTGAGCTGGGTCTCCG_005,197
GGAAGTGAGCTGGGTCTCCG_006,44
GAAGCCGCTTGCCTGAAGCG_001,137
GAAGCCGCTTGCCTGAAGCG_002,172
GAAGCCGCTTGCCTGAAGCG_003,61
GCAGTCATGAAACTAGAGCG_001,81
GCAGTCATGAAACTAGAGCG_002,134
GCAGTCATGAAACTAGAGCG_003,181
GCAGTCATGAAACTAGAGCG_004,153
GCAGTCATGAAACTAGAGCG_005,153
GCAGTCATGAAACTAGAGCG_006,1
GCAGTCATGAAACTAGAGCG_007,78
GCAGTCATGAAACTAGAGCG_008,70
GCAGTCATGAAACTAGAGCG_009,148
CGACGACGTGCAGTACCTGA_001,80
CGACGACGTGCAGTACCTGA_002,88
CGACGACGTGCAGTACCTGA_003,190
CGACGACGTGCAGTACCTGA_004,77
CGACGACGTGCAGTACCTGA_005,94
CGACGACGTGCAGTACCTGA_006,187
CGACGACGTGCAGTACCTGA_007,85
CGACGACGTGCAGTACCTGA_008,193
CGACGACGTGCAGTACCTGA_009,140
CGACGACGTGCAGTACCTGA_010,185
CGACGACGTGCAGTACCTGA_011,121
ACCTGGTCAGAGAGTGTAAG_001,128
ACCTGGTCAGAGAGTGTAAG_002,115
ACCTGGTCAGAGAGTGTAAG_003,76
ACCTGGTCAGAGAGTGTAAG_004,149
ACCTGGTCAGAGAGTGTAAG_005,3
ACCTGGTCAGAGAGTGTAAG_006,140
ACCTGGTCAGAGAGTGTAAG_007,190
ACCTGGTCAGAGAGTGTAAG_008,9
ACCTGGTCAGAGAGTGTAAG_009,90
ACCTGGTCAGAGAGTGTAAG_010,170
ACCTGGTCAGAGAGTGTAAG_011,27
ACCTGGTCAGAGAGTGTAAG_012,5
GGCTTCTTACCTCACGAACA_001,43
GGCTTCTTACCTCACGAACA_002,77
GGCTTCTTACCTCACGAACA_003,16
GGCTTCTTACCTCACGAACA_004,187
GGCTTCTTACCTCACGAACA_005,170
GGCTTCTTACCTCACGAACA_006,170
GGCTTCTTACCTCACGAACA_007,147
GGCTTCTTACCTCACGAACA_008,170
GGCTTCTTACCTCACGAACA_009,97
TCTCTTACAGAGAAATCGGG_001,157
TCTCTTACAGAGAAATCGGG_002,199
TCTCTTACAGAGAAATCGGG_003,29
TCTCTTACAGAGAAATCGGG_004,12
TCTCTTACAGAGAAATCGGG_005,164
AGGGGACTTCAGAAGCTACG_001,174
AGGGGACTTCAGAAGCTACG_002,121
AGGGGACTTCAGAAGCTACG_003,6
AGGGGACTTCAGAAGCTACG_004,96
AGGGGACTTCAGAAGCTACG_005,196
AGGGGACTTCAGAAGCTACG_006,36
AGGGGACTTCAGAAGCTACG_007,172
AGGGGACTTCAGAAGCTACG_008,85
AGGGGACTTCAGAAGCTACG_009,184
AGGGGACTTCAGAAGCTACG_010,137
AGGGGACTTCAGAAGCTACG_011,174
AGGGGACTTCAGAAGCTACG_012,9
CAGTGGATTCGGATGAAAAC_001,13
CAGTGGATTCGGATGAAAAC_002,177
CAGTGGATTCGGATGAAAAC_003,129
CAGTGGATTCGGATGAAAAC_004,179
TGAAATACATTCCTGGACTT_001,113
GGATGGGGGTATTACAGAGT_001,17
GGATGGGGGTATTACAGAGT_002,48
CCGCAAAAGCTCTCCACAGG_001,26
CCGCAAAAGCTCTCCACAGG_002,145
CCGCAAAAGCTCTCCACAGG_003,4
CCGCAAAAGCTCTCCACAGG_004,199
CCGCAAAAGCTCTCCACAGG_005,30
CCGCAAAAGCTCTCCACAGG_006,172
CCGCAAAAGCTCTCCACAGG_007,170
CCGCAAAAGCTCTCCACAGG_008,165
CCGCAAAAGCTCTCCACAGG_009,182
TCAGCTCCTGTAGTCGCACA_001,77
TCAGCTCCTGTAGTCGCACA_002,137
TCAGCTCCTGTAGTCGCACA_003,137
TCAGCTCCTGTAGTCGCACA_004,78
TCAGCTCCTGTAGTCGCACA_005,115
TCAGCTCCTGTAGTCGCACA_006,101
TCAGCTCCTGTAGTCGCACA_007,94
TCAGCTCCTGTAGTCGCACA_008,31
TGGTGCTGACAAAACCCCTG_001,87
TGGTGCTGACAAAACCCCTG_002,4
TGGTGCTGACAAAACCCCTG_003,112
TGGTGCTGACAAAACCCCTG_004,26
TGGTGCTGACAAAACCCCTG_005,4
TGGTGCTGACAAAACCCCTG_006,185
TGGTGCTGACAAAACCCCTG_007,137
TGGTGCTGACAAAACCCCTG_008,29
TGGTGCTGACAAAACCCCTG_009,52
CTGACTGACCTGTTTGGTGT_001,31
CTGACTGACCTGTTTGGTGT_002,108
CTGACTGACCTGTTTGGTGT_003,178
CTGACTGACCTGTTTGGTGT_004,2
CTGACTGACCTGTTTGGTGT_005,107
CTGACTGACCTGTTTGGTGT_006,169
CTGACTGACCTGTTTGGTGT_007,160
CTGACTGACCTGTTTGGTGT_008,105
CTGACTGACCTGTTTGGTGT_009,166
CTGACTGACCTGTTTGGTGT_010,50
CTGACTGACCTGTTTGGTGT_011,192
CTGACTGACCTGTTTGGTGT_012,166
CTGACTGACCTGTTTGGTGT_013,198
CTGACTGACCTGTTTGGTGT_014,183
CTGACTGACCTGTTTGGTGT_015,4
CTGACTGACCTGTTTGGTGT_016,149
CTGACTGACCTGTTTGGTGT_017,3
CTGACTGACCTGTTTGGTGT_018,192
CTGACTGACCTGTTTGGTGT_019,40
GCAGGAAGTGTAAACACCTG_001,162
GCAGGAAGTGTAAACACCTG_002,179
GCAGGAAGTGTAAACACCTG_003,130
GCAGGAAGTGTAAACACCTG_004,116
GCAGGAAGTGTAAACACCTG_005,124
GCAGGAAGTGTAAACACCTG_006,126
GCAGGAAGTGTAAACACCTG_007,103
GCAGGAAGTGTAAACACCTG_008,184
GCAGGAAGTGTAAACACCTG_009,59
GCAGGAAGTGTAAACACCTG_010,113
ATATACAAAGGTAATCAACT_001,137
ATATACAAAGGTAATCAACT_002,45
ATATACAAAGGTAATCAACT_003,180
ATATACAAAGGTAATCAACT_004,124
GGATGAAAACTACAAATCCC_001,94
CCAGTACGCGGATCCGCCAA_001,0
CCAGTACGCGGATCCGCCAA_002,114
CCAGTACGCGGATCCGCCAA_003,41
CCAGTACGCGGATCCGCCAA_004,199
CCAGTACGCGGATCCGCCAA_005,88
TGACCCTACCATTAGAATCG_001,166
TGACCCTACCATTAGAATCG_002,167
TGACCCTACCATTAGAATCG_003,144
TGACCCTACCATTAGAATCG_004,62
TGACCCTACCATTAGAATCG_005,58
TGACCCTACCATTAGAATCG_006,59
TGACCCTACCATTAGAATCG_007,165
TGACCCTACCATTAGAATCG_008,188
TGACCCTACCATTAGAATCG_009,72
TGACCCTACCATTAGAATCG_010,114
TGACCCTACCATTAGAATCG_011,136
TGACCCTACCATTAGAATCG_012,104
TGACCCTACCATTAGAATCG_013,42
TGACCCTACCATTAGAATCG_014,148
TGACCCTACCATTAGAATCG_015,28
TGACCCTACCATTAGAATCG_016,170
CCCGTAAACAGAAACAACAT_001,105
CCCGTAAACAGAAACAACAT_002,182
CCCGTAAACAGAAACAACAT_003,81
CCCGTAAACAGAAACAACAT_004,81
CCCGTAAACAGAAACAACAT_005,113
CCCGTAAACAGAAACAACAT_006,69
CCCGTAAACAGAAACAACAT_007,146
CCCGTAAACAGAAACAACAT_008,199
CCCGTAAACAGAAACAACAT_009,112
CCCGTAAACAGAAACAACAT_010,92
CCCGTAAACAGAAACAACAT_011,26
CCCGTAAACAGAAACAACAT_012,48
CCCGTAAACAGAAACAACAT_013,84
CCCGTAAACAGAAACAACAT_014,101
CCCGTAAACAGAAACAACAT_015,165
CCCGTAAACAGAAACAACAT_016,5
CCCGTAAACAGAAACAACAT_017,112
CCCGTAAACAGAAACAACAT_018,83
CCCGTAAACAGAAACAACAT_019,188
CCCGTAAACAGAAACAACAT_020,29
CCCGTAAACAGAAACAACAT_021,4
CCCGTAAACAGAAACAACAT_022,175
CCCGTAAACAGAAACAACAT_023,20
CATAATCATGAAGAAATGAA_001,108
CATAATCATGAAGAAATGAA_002,58
GGACCACATCTTAGACAGAT_001,198
GGACCACATCTTAGACAGAT_002,118
GGACCACATCTTAGACAGAT_003,169
GGACCACATCTTAGACAGAT_004,123
TTCTAGCTCAAAGACCATCT_001,130
TTCTAGCTCAAAGACCATCT_002,25
TTCTAGCTCAAAGACCATCT_003,162
TTCTAGCTCAAAGACCATCT_004,6
TTCTAGCTCAAAGACCATCT_005,108
TTCTAGCTCAAAGACCATCT_006,82
TTCTAGCTCAAAGACCATCT_007,115
TTCTAGCTCAAAGACCATCT_008,123
TTCTAGCTCAAAGACCATCT_009,34
TTCTAGCTCAAAGACCATCT_010,162
AGGAAATCCAACAACCCTGG_001,151
AGGAAATCCAACAACCCTGG_002,105
AGGAAATCCAACAACCCTGG_003,151
AGGAAATCCAACAACCCTGG_004,9
AGGAAATCCAACAACCCTGG_005,128
AGGAAATCCAACAACCCTGG_006,19
TTGAGCCCATGAAGGCACAG_001,162
TTGAGCCCATGAAGGCACAG_002,94
TTGAGCCCATGAAGGCACAG_003,33
TTGAGCCCATGAAGGCACAG_004,104
TTGAGCCCATGAAGGCACAG_005,162
TTGAGCCCATGAAGGCACAG_006,105
TTGAGCCCATGAAGGCACAG_007,148
TTGAGCCCATGAAGGCACAG_008,170
TTGAGCCCATGAAGGCACAG_009,101
CAACTCATTGATAAAAGTCG_001,174
CAACTCATTGATAAAAGTCG_002,77
CAACTCATTGATAAAAGTCG_003,62
CAACTCATTGATAAAAGTCG_004,48
CTTGATCCGCACGTAGCAGT_001,174
CTTGATCCGCACGTAGCAGT_002,158
CTTGATCCGCACGTAGCAGT_003,71
CTTGATCCGCACGTAGCAGT_004,48
CTTGATCCGCACGTAGCAGT_005,150
CTTGATCCGCACGTAGCAGT_006,50
CTTGATCCGCACGTAGCAGT_007,166
CTTGATCCGCACGTAGCAGT_008,78
CTTGATCCGCACGTAGCAGT_009,199
CTTGATCCGCACGTAGCAGT_010,4
CTTGATCCGCACGTAGCAGT_011,81
CTTGATCCGCACGTAGCAGT_012,48
CTTGATCCGCACGTAGCAGT_013,39
CTTGATCCGCACGTAGCAGT_014,198
CTTGATCCGCACGTAGCAGT_015,98
CTTGATCCGCACGTAGCAGT_016,0
CTTGATCCGCACGTAGCAGT_017,17
CTTGATCCGCACGTAGCAGT_018,55
CTTGATCCGCACGTAGCAGT_019,160
CTTGATCCGCACGTAGCAGT_020,40
TATCACGGGATCGAATCGCA_001,91
TATCACGGGATCGAATCGCA_002,77
TATCACGGGATCGAATCGCA_003,169
TATCACGGGATCGAATCGCA_004,55
TATCACGGGATCGAATCGCA_005,184
TATCACGGGATCGAATCGCA_006,38
TATCACGGGATCGAATCGCA_007,146
CATAGGAACGTTAAACGATG_001,104
CATAGGAACGTTAAACGATG_002,3
CATAGGAACGTTAAACGATG_003,112
CATAGGAACGTTAAACGATG_004,157
CATAGGAACGTTAAACGATG_005,0
GTAGAGCAGAGTATTCATCA_001,28
GTAGAGCAGAGTATTCATCA_002,44
GTAGAGCAGAGTATTCATCA_003,162
GTAGAGCAGAGTATTCATCA_004,69
GTAGAGCAGAGTATTCATCA_005,137
GTAGAGCAGAGTATTCATCA_006,91
TGACGTGCAACTCAAAGACC_001,146
TGACGTGCAACTCAAAGACC_002,41
TGACGTGCAACTCAAAGACC_003,155
CATTCTGTAAGAGCGAAATG_001,105
CATTCTGTAAGAGCGAAATG_002,48
CATTCTGTAAGAGCGAAATG_003,86
CATTCTGTAAGAGCGAAATG_004,158
CATTCTGTAAGAGCGAAATG_005,15
CATTCTGTAAGAGCGAAATG_006,40
CATTCTGTAAGAGCGAAATG_007,102
CTGCCACAATTCGCTCACGA_001,8
CTGCCACAATTCGCTCACGA_002,121
CTGCCACAATTCGCTCACGA_003,186
CTTCCTACGTGAAATCACTG_001,89
CTTCCTACGTGAAATCACTG_002,41
CTTCCTACGTGAAATCACTG_003,83
CTTCCTACGTGAAATCACTG_004,105
CTTCCTACGTGAAATCACTG_005,48
CTTCCTACGTGAAATCACTG_006,88
CTTCCTACGTGAAATCACTG_007,53
CTTCCTACGTGAAATCACTG_008,68
CTTCCTACGTGAAATCACTG_009,174
CTTCCTACGTGAAATCACTG_010,16
CTTCCTACGTGAAATCACTG_011,169
CTTCCTACGTGAAATCACTG_012,128
CTTCCTACGTGAAATCACTG_013,97
CTTCCTACGTGAAATCACTG_014,2
CTTCCTACGTGAAATCACTG_015,7
CTTCCTACGTGAAATCACTG_016,78
CTTCCTACGTGAAATCACTG_017,122
CTTCCTACGTGAAATCACTG_018,3
CTTCCTACGTGAAATCACTG_019,148
CCCCAAACCCAAACTCGAGG_001,42
CCCCAAACCCAAACTCGAGG_002,132
CCCCAAACCCAAACTCGAGG_003,12
CCCCAAACCCAAACTCGAGG_004,161
CCCCAAACCCAAACTCGAGG_005,64
CCCCAAACCCAAACTCGAGG_006,17
CCCCAAACCCAAACTCGAGG_007,16
CCCCAAACCCAAACTCGAGG_008,47
CCCCAAACCCAAACTCGAGG_009,78
CCCCAAACCCAAACTCGAGG_010,119
CCCCAAACCCAAACTCGAGG_011,96
CCCCAAACCCAAACTCGAGG_012,39
CCCCAAACCCAAACTCGAGG_013,191
CCCCAAACCCAAACTCGAGG_014,19
GTGGCTACTCAGTACTGTCA_001,146
GTGGCTACTCAGTACTGTCA_002,41
GTGGCTACTCAGTACTGTCA_003,121
GTGGCTACTCAGTACTGTCA_004,197
GTGGCTACTCAGTACTGTCA_005,46
GTGGCTACTCAGTACTGTCA_006,13
GTGGCTACTCAGTACTGTCA_007,114
GTGGCTACTCAGTACTGTCA_008,138
TGTAGCTGGCTATAGATGTG_001,137
TGTAGCTGGCTATAGATGTG_002,116
TGTAGCTGGCTATAGATGTG_003,194
TGTAGCTGGCTATAGATGTG_004,60
TGTAGCTGGCTATAGATGTG_005,194
TGTAGCTGGCTATAGATGTG_006,121
TGTAGCTGGCTATAGATGTG_007,119
TGTAGCTGGCTATAGATGTG_008,196
TGTAGCTGGCTATAGATGTG_009,63
TGTAGCTGGCTATAGATGTG_010,45
TGTAGCTGGCTATAGATGTG_011,20
TGTAGCTGGCTATAGATGTG_012,2
TGTAGCTGGCTATAGATGTG_013,68
TGTAGCTGGCTATAGATGTG_014,134
TGTAGCTGGCTATAGATGTG_015,15
ACCTCCCAAAAATTCCGTGA_001,98
ACCTCCCAAAAATTCCGTGA_002,60
ACCTCCCAAAAATTCCGTGA_003,163
CACGCACCTTCAAACCACGG_001,191
CACGCACCTTCAAACCACGG_002,78
CACGCACCTTCAAACCACGG_003,74
CACGCACCTTCAAACCACGG_004,48
CACGCACCTTCAAACCACGG_005,183
CACGCACCTTCAAACCACGG_006,173
CACGCACCTTCAAACCACGG_007,53
CACGCACCTTCAAACCACGG_008,160
CACGCACCTTCAAACCACGG_009,156
CACGCACCTTCAAACCACGG_010,188
CACGCACCTTCAAACCACGG_011,185
CACGCACCTTCAAACCACGG_012,162
CACGCACCTTCAAACCACGG_013,68
CACGCACCTTCAAACCACGG_014,88
CACGCACCTTCAAACCACGG_015,13
CACGCACCTTCAAACCACGG_016,80
CACGCACCTTCAAACCACGG_017,103
CACGCACCTTCAAACCACGG_018,77
GCGAAGCCAGAATGCCGCGG_001,83
GCGAAGCCAGAATGCCGCGG_002,41
GCGAAGCCAGAATGCCGCGG_003,82
GCGAAGCCAGAATGCCGCGG_004,149
GCGAAGCCAGAATGCCGCGG_005,191
GCGAAGCCAGAATGCCGCGG_006,9
GCGAAGCCAGAATGCCGCGG_007,113
GCGAAGCCAGAATGCCGCGG_008,91
GCGAAGCCAGAATGCCGCGG_009,70
GCGAAGCCAGAATGCCGCGG_010,116
GCGAAGCCAGAATGCCGCGG_011,50
GCGAAGCCAGAATGCCGCGG_012,91
GCGAAGCCAGAATGCCGCGG_013,158
GGTGTGTAAAGTTAACGTCT_001,107
GGTGTGTAAAGTTAACGTCT_002,13
TCTTATACACATAGACACAA_001,2
TCTTATACACATAGACACAA_002,115
TCTTATACACATAGACACAA_003,124
TCTTATACACATAGACACAA_004,46
TTAGCCCCTTCCAAGGACAT_001,103
TTAGCCCCTTCCAAGGACAT_002,114
TTAGCCCCTTCCAAGGACAT_003,114
TTAGCCCCTTCCAAGGACAT_004,146
TTAGCCCCTTCCAAGGACAT_005,32
TTAGCCCCTTCCAAGGACAT_006,65
TTAGCCCCTTCCAAGGACAT_007,78
TTAGCCCCTTCCAAGGACAT_008,158
TTAGCCCCTTCCAAGGACAT_009,127
TTAGCCCCTTCCAAGGACAT_010,42
TTAGCCCCTTCCAAGGACAT_011,106
TTAGCCCCTTCCAAGGACAT_012,106
TTAGCCCCTTCCAAGGACAT_013,106
TTAGCCCCTTCCAAGGACAT_014,55
TTGGAATGAATAATCCAGAG_001,88
TTGGAATGAATAATCCAGAG_002,73
TTGGAATGAATAATCCAGAG_003,172
GCAGGTCAATGTGCAGAACT_001,68
GCAGGTCAATGTGCAGAACT_002,142
GCAGGTCAATGTGCAGAACT_003,139
GCAGGTCAATGTGCAGAACT_004,1
GGCACGAGGAGTTCAGGACA_001,183
GGCACGAGGAGTTCAGGACA_002,92
GGCACGAGGAGTTCAGGACA_003,176
GGCACGAGGAGTTCAGGACA_004,192
GGCACGAGGAGTTCAGGACA_005,170
GGCACGAGGAGTTCAGGACA_006,2
GGCACGAGGAGTTCAGGACA_007,62
GGCACGAGGAGTTCAGGACA_008,138
GGCACGAGGAGTTCAGGACA_009,34
GGCACGAGGAGTTCAGGACA_010,69
GGCACGAGGAGTTCAGGACA_011,145
GGCACGAGGAGTTCAGGACA_012,27
GGCACGAGGAGTTCAGGACA_013,47
GGCACGAGGAGTTCAGGACA_014,55
GGCACGAGGAGTTCAGGACA_015,15
GGCACGAGGAGTTCAGGACA_016,48
GGCACGAGGAGTTCAGGACA_017,3
GGCACGAGGAGTTCAGGACA_018,63
GGCACGAGGAGTTCAGGACA_019,28
GGCACGAGGAGTTCAGGACA_020,127
GGCACGAGGAGTTCAGGACA_021,19
GGCACGAGGAGTTCAGGACA_022,177
GGCACGAGGAGTTCAGGACA_023,174
GTGACTGACTGTAAACCGAA_001,107
ATAGAAACTTTCATTCTGCA_001,199
ATAGAAACTTTCATTCTGCA_002,147
ATAGAAACTTTCATTCTGCA_003,94
TGTGTGAATCTGGCTCAACA_001,141
TGTGTGAATCTGGCTCAACA_002,191
TGTGTGAATCTGGCTCAACA_003,63
TGTGTGAATCTGGCTCAACA_004,160
TGTGTGAATCTGGCTCAACA_005,15
CAGGGGATATTCAAGGTCAG_001,191
CAGGGGATATTCAAGGTCAG_002,19
CAGGGGATATTCAAGGTCAG_003,79
CAGGGGATATTCAAGGTCAG_004,95
CAGGGGATATTCAAGGTCAG_005,58
CAGGGGATATTCAAGGTCAG_006,129
CAGGGGATATTCAAGGTCAG_007,191
CAGGGGATATTCAAGGTCAG_008,11
CAGGGGATATTCAAGGTCAG_009,40
CAGGGGATATTCAAGGTCAG_010,41
CAGGGGATATTCAAGGTCAG_011,82
TTGATCTATCCGTGAAGAGG_001,65
TTGATCTATCCGTGAAGAGG_002,116
TTGATCTATCCGTGAAGAGG_003,165
TTGATCTATCCGTGAAGAGG_004,107
TTGATCTATCCGTGAAGAGG_005,0
ATCTTATAGAAATCTCGTCT_001,168
ATCTTATAGAAATCTCGTCT_002,70
CGATTCGTAGATCTTCAGGT_001,12
CGATTCGTAGATCTTCAGGT_002,1
CGATTCGTAGATCTTCAGGT_003,127
CGATTCGTAGATCTTCAGGT_004,29
CGATTCGTAGATCTTCAGGT_005,4
CGATTCGTAGATCTTCAGGT_006,67
CGATTCGTAGATCTTCAGGT_007,17
CGATTCGTAGATCTTCAGGT_008,60
CGATTCGTAGATCTTCAGGT_009,141
CGATTCGTAGATCTTCAGGT_010,90
CGATTCGTAGATCTTCAGGT_011,42
CGATTCGTAGATCTTCAGGT_012,35
CGATTCGTAGATCTTCAGGT_013,95
CGATTCGTAGATCTTCAGGT_014,54
CGATTCGTAGATCTTCAGGT_015,81
CGATTCGTAGATCTTCAGGT_016,55
CGATTCGTAGATCTTCAGGT_017,138
GTGGCCAAGGTAGTAAACCT_001,65
GTGGCCAAGGTAGTAAACCT_002,54
GTGGCCAAGGTAGTAAACCT_003,79
GTGGCCAAGGTAGTAAACCT_004,146
GTGGCCAAGGTAGTAAACCT_005,60
GTGGCCAAGGTAGTAAACCT_006,187
GTGGCCAAGGTAGTAAACCT_007,68
GTGGCCAAGGTAGTAAACCT_008,121
GTGGCCAAGGTAGTAAACCT_009,150
GTGGCCAAGGTAGTAAACCT_010,148
CTTCAATCCACTGATAGCAG_001,64
CTTCAATCCACTGATAGCAG_002,26
CTTCAATCCACTGATAGCAG_003,141
CTTCAATCCACTGATAGCAG_004,6
CTTCAATCCACTGATAGCAG_005,137
CTTCAATCCACTGATAGCAG_006,54
CTTCAATCCACTGATAGCAG_007,53
CTTCAATCCACTGATAGCAG_008,142
CTTCAATCCACTGATAGCAG_009,165
CTTCAATCCACTGATAGCAG_010,57
CTTCAATCCACTGATAGCAG_011,137
CTTCAATCCACTGATAGCAG_012,70
GCAGAGACTGCTCGGCCATG_001,1
GCAGAGACTGCTCGGCCATG_002,70
GCAGAGACTGCTCGGCCATG_003,156
GCAGAGACTGCTCGGCCATG_004,156
GCAGAGACTGCTCGGCCATG_005,129
GCAGAGACTGCTCGGCCATG_006,53
GCAGAGACTGCTCGGCCATG_007,32
GCAGAGACTGCTCGGCCATG_008,84
GCAGAGACTGCTCGGCCATG_009,184
GCAGAGACTGCTCGGCCATG_010,158
GCAGAGACTGCTCGGCCATG_011,128
GCAGAGACTGCTCGGCCATG_012,142
CAGCGACGTCTGCAGATGTA_001,182
CAGCGACGTCTGCAGATGTA_002,125
CAGCGACGTCTGCAGATGTA_003,173
CAGCGACGTCTGCAGATGTA_004,62
CAGCGACGTCTGCAGATGTA_005,43
CAGCGACGTCTGCAGATGTA_006,147
CAGCGACGTCTGCAGATGTA_007,111
CAGCGACGTCTGCAGATGTA_008,95
CAGCGACGTCTGCAGATGTA_009,178
CAGCGACGTCTGCAGATGTA_010,99
CAGCGACGTCTGCAGATGTA_011,199
CAGCGACGTCTGCAGATGTA_012,107
AGAAAAGGTAGCGCTCCATG_001,175
AGAAAAGGTAGCGCTCCATG_002,134
AGAAAAGGTAGCGCTCCATG_003,199
AGAAAAGGTAGCGCTCCATG_004,16
AGAAAAGGTAGCGCTCCATG_005,93
AGAAAAGGTAGCGCTCCATG_006,29
AGAAAAGGTAGCGCTCCATG_007,12
AGAAAAGGTAGCGCTCCATG_008,130
AGAAAAGGTAGCGCTCCATG_009,19
ACAATATGAGAGTGTTCTAA_001,113
ACAATATGAGAGTGTTCTAA_002,130
ACAATATGAGAGTGTTCTAA_003,108
ACAATATGAGAGTGTTCTAA_004,41
CAAGGAAGACCATAAACCAG_001,68
CAAGGAAGACCATAAACCAG_002,3
CAAGGAAGACCATAAACCAG_003,176
CAAGGAAGACCATAAACCAG_004,176
CAAGGAAGACCATAAACCAG_005,120
CAAGGAAGACCATAAACCAG_006,162
CAAGGAAGACCATAAACCAG_007,42
CAAGGAAGACCATAAACCAG_008,91
CTGTCTGGTCAATAGAGTTG_001,4
CTGTCTGGTCAATAGAGTTG_002,150
CTGTCTGGTCAATAGAGTTG_003,127
GTGGTGGAAATGCTCCCAAG_001,94
GTGGTGGAAATGCTCCCAAG_002,50
GTGGTGGAAATGCTCCCAAG_003,24
GTGGTGGAAATGCTCCCAAG_004,103
GTGGTGGAAATGCTCCCAAG_005,56
GTGGTGGAAATGCTCCCAAG_006,168
GTGGTGGAAATGCTCCCAAG_007,24
GTGGTGGAAATGCTCCCAAG_008,84
GAGCTGCTCCCCGGTCAGGG_001,24
GAGCTGCTCCCCGGTCAGGG_002,119
GAGCTGCTCCCCGGTCAGGG_003,82
GAGCTGCTCCCCGGTCAGGG_004,29
GAGCTGCTCCCCGGTCAGGG_005,42
GAGCTGCTCCCCGGTCAGGG_006,77
GAGCTGCTCCCCGGTCAGGG_007,63
GAGCTGCTCCCCGGTCAGGG_008,103
ATGCTGAAGATGCTACCGAA_001,23
ATGCTGAAGATGCTACCGAA_002,52
ATGCTGAAGATGCTACCGAA_003,62
ATGCTGAAGATGCTACCGAA_004,157
ATGCTGAAGATGCTACCGAA_005,152
ATGCTGAAGATGCTACCGAA_006,70
CAAAGACCTTCTCCAGACCG_001,58
CAAAGACCTTCTCCAGACCG_002,168
CAAAGACCTTCTCCAGACCG_003,137
CAAAGACCTTCTCCAGACCG_004,73
CAAAGACCTTCTCCAGACCG_005,6
CAAAGACCTTCTCCAGACCG_006,170
CAAAGACCTTCTCCAGACCG_007,145
CAAAGACCTTCTCCAGACCG_008,82
CAAAGACCTTCTCCAGACCG_009,102
CAAAGACCTTCTCCAGACCG_010,94
CAAAGACCTTCTCCAGACCG_011,127
CAAAGACCTTCTCCAGACCG_012,138
CAAAGACCTTCTCCAGACCG_013,151
GAGGACCTGTTAAATCGTCC_001,17
GAGGACCTGTTAAATCGTCC_002,121
GAGGACCTGTTAAATCGTCC_003,181
GAGGACCTGTTAAATCGTCC_004,82
GAGGACCTGTTAAATCGTCC_005,57
GAGGACCTGTTAAATCGTCC_006,105
GAGGACCTGTTAAATCGTCC_007,127
GAGGACCTGTTAAATCGTCC_008,17
GAGGACCTGTTAAATCGTCC_009,70
AGTAGACGTAGTCCCCCTTG_001,169
AGTAGACGTAGTCCCCCTTG_002,77
AGTAGACGTAGTCCCCCTTG_003,9
AGTAGACGTAGTCCCCCTTG_004,178
AAGACCTTTCACCAGTGCAG_001,63
AAGACCTTTCACCAGTGCAG_002,41
AAGACCTTTCACCAGTGCAG_003,106
AAGACCTTTCACCAGTGCAG_004,132
AAGACCTTTCACCAGTGCAG_005,58
AAGACCTTTCACCAGTGCAG_006,40
AAGACCTTTCACCAGTGCAG_007,102
AAGACCTTTCACCAGTGCAG_008,19
AAGACCTTTCACCAGTGCAG_009,63
AAGACCTTTCACCAGTGCAG_010,56
AGATCTCCAAGACCTTGAGT_001,8
AGATCTCCAAGACCTTGAGT_002,127
AGATCTCCAAGACCTTGAGT_003,129
AGATCTCCAAGACCTTGAGT_004,84
AGATCTCCAAGACCTTGAGT_005,115
AGATCTCCAAGACCTTGAGT_006,199
AGATCTCCAAGACCTTGAGT_007,95
AGATCTCCAAGACCTTGAGT_008,48
GTCCCGGATGTGATGCCCAA_001,194
GTCCCGGATGTGATGCCCAA_002,142
GTCCCGGATGTGATGCCCAA_003,162
GTCCCGGATGTGATGCCCAA_004,106
GTCCCGGATGTGATGCCCAA_005,27
GTCCCGGATGTGATGCCCAA_006,160
GTCCCGGATGTGATGCCCAA_007,90
GTCCCGGATGTGATGCCCAA_008,179
GTCCCGGATGTGATGCCCAA_009,53
GTCCCGGATGTGATGCCCAA_010,52
GTCCCGGATGTGATGCCCAA_011,158
GTCCCGGATGTGATGCCCAA_012,115
GTCCCGGATGTGATGCCCAA_013,12
GTCCCGGATGTGATGCCCAA_014,121
GTCCCGGATGTGATGCCCAA_015,140
GTCCCGGATGTGATGCCCAA_016,180
GTCCCGGATGTGATGCCCAA_017,139
GTCCCGGATGTGATGCCCAA_018,114
GTCCCGGATGTGATGCCCAA_019,15
GTCCCGGATGTGATGCCCAA_020,92
GTCCCGGATGTGATGCCCAA_021,94
GTCCCGGATGTGATGCCCAA_022,61
GTCCCGGATGTGATGCCCAA_023,53
TCAGTACCAACAACCCCACG_001,43
TCAGTACCAACAACCCCACG_002,130
TCAGTACCAACAACCCCACG_003,145
TCAGTACCAACAACCCCACG_004,103
TCAGTACCAACAACCCCACG_005,78
TCAGTACCAACAACCCCACG_006,105
TCAGTACCAACAACCCCACG_007,34
TCAGTACCAACAACCCCACG_008,172
TCAGTACCAACAACCCCACG_009,155
TCAGTACCAACAACCCCACG_010,78
TCAGTACCAACAACCCCACG_011,168
TCAGTACCAACAACCCCACG_012,35
TCAGTACCAACAACCCCACG_013,150
TCAGTACCAACAACCCCACG_014,52
TCAGTACCAACAACCCCACG_015,125
TCAGTACCAACAACCCCACG_016,45
TCAGTACCAACAACCCCACG_017,186
TCAGTACCAACAACCCCACG_018,142
TCAGTACCAACAACCCCACG_019,30
TCAGTACCAACAACCCCACG_020,151
TCAGTACCAACAACCCCACG_021,188
TCAGTACCAACAACCCCACG_022,77
TCAGTACCAACAACCCCACG_023,50
TCAGTACCAACAACCCCACG_024,152
TCAGTACCAACAACCCCACG_025,124
TCAGTACCAACAACCCCACG_026,138
TCAGTACCAACAACCCCACG_027,81
TCAGTACCAACAACCCCACG_028,146
TCAGTACCAACAACCCCACG_029,47
TCAGTACCAACAACCCCACG_030,143
TCAGTACCAACAACCCCACG_031,123
CTGTATGAAGGCATCAAGGT_001,194
CTGTATGAAGGCATCAAGGT_002,145
CTGTATGAAGGCATCAAGGT_003,162
CTGTATGAAGGCATCAAGGT_004,91
CTGTATGAAGGCATCAAGGT_005,25
CTGTATGAAGGCATCAAGGT_006,88
CTGTATGAAGGCATCAAGGT_007,188
CTGTATGAAGGCATCAAGGT_008,81
TTTAGATATGCTAATCAAAG_001,47
TTTAGATATGCTAATCAAAG_002,70
CCACCGAAAAGGCGGCGTAG_001,159
CCACCGAAAAGGCGGCGTAG_002,4
CCACCGAAAAGGCGGCGTAG_003,198
CCACCGAAAAGGCGGCGTAG_004,88
CCACCGAAAAGGCGGCGTAG_005,91
CCACCGAAAAGGCGGCGTAG_006,47
CCACCGAAAAGGCGGCGTAG_007,145
CCACCGAAAAGGCGGCGTAG_008,30
CCACCGAAAAGGCGGCGTAG_009,166
CCACCGAAAAGGCGGCGTAG_010,158
CGAACATTACTGGTACGCTG_001,134
CGAACATTACTGGTACGCTG_002,137
CGAACATTACTGGTACGCTG_003,107
CGAACATTACTGGTACGCTG_004,166
CGAACATTACTGGTACGCTG_005,9
CGAACATTACTGGTACGCTG_006,96
CGAACATTACTGGTACGCTG_007,140
CGAACATTACTGGTACGCTG_008,81
CGAACATTACTGGTACGCTG_009,172
CGAACATTACTGGTACGCTG_010,147
CGAACATTACTGGTACGCTG_011,80
CGAACATTACTGGTACGCTG_012,1
CGAACATTACTGGTACGCTG_013,76
GATAGGTGAATTTCATACCC_001,197
CACACTCTGAAGCAACATCC_001,32
CACACTCTGAAGCAACATCC_002,141
CACACTCTGAAGCAACATCC_003,82
CACACTCTGAAGCAACATCC_004,55
CACACTCTGAAGCAACATCC_005,47
CACACTCTGAAGCAACATCC_006,59
GCCGCAGGTACTGCTTTCTA_001,60
GCCGCAGGTACTGCTTTCTA_002,169
GCCGCAGGTACTGCTTTCTA_003,191
GCCGCAGGTACTGCTTTCTA_004,76
GCCGCAGGTACTGCTTTCTA_005,94
GCCGCAGGTACTGCTTTCTA_006,170
GCCGCAGGTACTGCTTTCTA_007,82
GCCGCAGGTACTGCTTTCTA_008,32
GCCGCAGGTACTGCTTTCTA_009,23
GCCGCAGGTACTGCTTTCTA_010,92
GCCGCAGGTACTGCTTTCTA_011,117
GCCGCAGGTACTGCTTTCTA_012,12
GCCGCAGGTACTGCTTTCTA_013,63
GCCGCAGGTACTGCTTTCTA_014,10
AGCATGTCTACACGACGCTG_001,105
AGCATGTCTACACGACGCTG_002,70
AGCATGTCTACACGACGCTG_003,81
AGCATGTCTACACGACGCTG_004,92
AGCATGTCTACACGACGCTG_005,117
AGCATGTCTACACGACGCTG_006,71
AGCATGTCTACACGACGCTG_007,199
AGCATGTCTACACGACGCTG_008,146
AGCATGTCTACACGACGCTG_009,18
AGCATGTCTACACGACGCTG_010,166
AGCATGTCTACACGACGCTG_011,84
AGCATGTCTACACGACGCTG_012,130
AGCATGTCTACACGACGCTG_013,182
AGCATGTCTACACGACGCTG_014,180
AGCATGTCTACACGACGCTG_015,62
AGCATGTCTACACGACGCTG_016,82
AGCATGTCTACACGACGCTG_017,139
AGCATGTCTACACGACGCTG_018,35
AGCATGTCTACACGACGCTG_019,104
AGCATGTCTACACGACGCTG_020,58
AGCATGTCTACACGACGCTG_021,155
AGCATGTCTACACGACGCTG_022,42
AGCATGTCTACACGACGCTG_023,141
AGCATGTCTACACGACGCTG_024,106
AGCATGTCTACACGACGCTG_025,130
AGCATGTCTACACGACGCTG_026,10
AGCATGTCTACACGACGCTG_027,166
AGCATGTCTACACGACGCTG_028,42
AGCATGTCTACACGACGCTG_029,76
AGCATGTCTACACGACGCTG_030,61
AGGCCGATCCCAAAGCCCCG_001,181
AGGCCGATCCCAAAGCCCCG_002,40
AGGCCGATCCCAAAGCCCCG_003,51
AGGCCGATCCCAAAGCCCCG_004,152
AGGCCGATCCCAAAGCCCCG_005,170
AGGCCGATCCCAAAGCCCCG_006,49
AGGCCGATCCCAAAGCCCCG_007,180
AGGCCGATCCCAAAGCCCCG_008,46
AGGCCGATCCCAAAGCCCCG_009,63
CAGACCTTCGAACTGCTCGA_001,184
CAGACCTTCGAACTGCTCGA_002,198
CAGACCTTCGAACTGCTCGA_003,102
CAGACCTTCGAACTGCTCGA_004,18
CAGACCTTCGAACTGCTCGA_005,173
CAGACCTTCGAACTGCTCGA_006,170
CAGACCTTCGAACTGCTCGA_007,199
CAGACCTTCGAACTGCTCGA_008,2
CAGACCTTCGAACTGCTCGA_009,167
CAGACCTTCGAACTGCTCGA_010,167
CAGACCTTCGAACTGCTCGA_011,148
CAGACCTTCGAACTGCTCGA_012,144
CAGACCTTCGAACTGCTCGA_013,149
CAGACCTTCGAACTGCTCGA_014,174
CAGACCTTCGAACTGCTCGA_015,0
CAGACCTTCGAACTGCTCGA_016,107
GGAATGGCGACCCGAAGACG_001,40
GGAATGGCGACCCGAAGACG_002,30
GGAATGGCGACCCGAAGACG_003,124
GGAATGGCGACCCGAAGACG_004,145
GGAATGGCGACCCGAAGACG_005,130
GTGCAAGCCATATACTGTCG_001,176
GTGCAAGCCATATACTGTCG_002,40
ATTCTTAATTTAGGCCAGTG_001,27
ATTCTTAATTTAGGCCAGTG_002,116
ATTCTTAATTTAGGCCAGTG_003,9
ATTCTTAATTTAGGCCAGTG_004,113
ATTCTTAATTTAGGCCAGTG_005,142
ATTCTTAATTTAGGCCAGTG_006,56
ATTCTTAATTTAGGCCAGTG_007,115
ATTCTTAATTTAGGCCAGTG_008,84
ACTTACATGTACAAAGCCTG_001,94
ACTTACATGTACAAAGCCTG_002,121
ACTTACATGTACAAAGCCTG_003,74
ACTTACATGTACAAAGCCTG_004,103
CAAACACTTACCTAAACTCG_001,60
CAAACACTTACCTAAACTCG_002,116
TAGCCGATGCCCTTACACAG_001,97
TAGCCGATGCCCTTACACAG_002,32
TAGCCGATGCCCTTACACAG_003,181
TAGCCGATGCCCTTACACAG_004,112
TAGCCGATGCCCTTACACAG_005,118
TAGCCGATGCCCTTACACAG_006,70
TAGCCGATGCCCTTACACAG_007,7
TAGCCGATGCCCTTACACAG_008,83
TAGCCGATGCCCTTACACAG_009,77
TAGCCGATGCCCTTACACAG_010,169
TAGCCGATGCCCTTACACAG_011,151
TAGCCGATGCCCTTACACAG_012,127
TAGCCGATGCCCTTACACAG_013,191
TAGCCGATGCCCTTACACAG_014,176
TAGCCGATGCCCTTACACAG_015,179
TAGCCGATGCCCTTACACAG_016,40
TAGCCGATGCCCTTACACAG_017,6
TAGCCGATGCCCTTACACAG_018,81
TAGCCGATGCCCTTACACAG_019,2
TAGCCGATGCCCTTACACAG_020,105
TAGCCGATGCCCTTACACAG_021,40
TAGCCGATGCCCTTACACAG_022,130
TAGCCGATGCCCTTACACAG_023,70
TAGCCGATGCCCTTACACAG_024,149
TAGCCGATGCCCTTACACAG_025,81
TAGCCGATGCCCTTACACAG_026,152
TAGCCGATGCCCTTACACAG_027,142
TAGCCGATGCCCTTACACAG_028,3
TAGCCGATGCCCTTACACAG_029,168
TAGCCGATGCCCTTACACAG_030,145
TAGCCGATGCCCTTACACAG_031,108
TGCTGCTAGGAGGACCTCGT_001,31
TGCTGCTAGGAGGACCTCGT_002,153
TGCTGCTAGGAGGACCTCGT_003,157
TGCTGCTAGGAGGACCTCGT_004,140
TGCTGCTAGGAGGACCTCGT_005,1
TGCTGCTAGGAGGACCTCGT_006,91
TGCTGCTAGGAGGACCTCGT_007,188
TGCTGCTAGGAGGACCTCGT_008,118
TGCTGCTAGGAGGACCTCGT_009,188
TGCTGCTAGGAGGACCTCGT_010,115
TGCTGCTAGGAGGACCTCGT_011,150
TGCTGCTAGGAGGACCTCGT_012,16
TGCTGCTAGGAGGACCTCGT_013,179
TCCTTAGGTACCAAAAACTG_001,56
TCCTTAGGTACCAAAAACTG_002,71
TCCTTAGGTACCAAAAACTG_003,182
TCCTTAGGTACCAAAAACTG_004,149
TCCTTAGGTACCAAAAACTG_005,173
TCCTTAGGTACCAAAAACTG_006,8
TCCTTAGGTACCAAAAACTG_007,75
TTGGTGACTGCAGTGAACAT_001,62
TTGGTGACTGCAGTGAACAT_002,103
TTGGTGACTGCAGTGAACAT_003,17
TTGGTGACTGCAGTGAACAT_004,84
TTGGTGACTGCAGTGAACAT_005,60
TTGGTGACTGCAGTGAACAT_006,34
TTGGTGACTGCAGTGAACAT_007,124
TTGGTGACTGCAGTGAACAT_008,172
TTGGTGACTGCAGTGAACAT_009,12
TTGGTGACTGCAGTGAACAT_010,164
TTGGTGACTGCAGTGAACAT_011,95
TTGGTGACTGCAGTGAACAT_012,175
TTGGTGACTGCAGTGAACAT_013,105
TTGGTGACTGCAGTGAACAT_014,43
TTGGTGACTGCAGTGAACAT_015,123
TTGGTGACTGCAGTGAACAT_016,87
CTACAATCAAAATTCCCAAG_001,114
CTACAATCAAAATTCCCAAG_002,189
CTACAATCAAAATTCCCAAG_003,115
CTACAATCAAAATTCCCAAG_004,110
CTACAATCAAAATTCCCAAG_005,16
CTACAATCAAAATTCCCAAG_006,44
CTACAATCAAAATTCCCAAG_007,198
CTACAATCAAAATTCCCAAG_008,186
CTACAATCAAAATTCCCAAG_009,127
CTACAATCAAAATTCCCAAG_010,90
GTGCTCACCAAACTCATCAG_001,60
GTGCTCACCAAACTCATCAG_002,84
GTGCTCACCAAACTCATCAG_003,88
GTGCTCACCAAACTCATCAG_004,105
GTGCTCACCAAACTCATCAG_005,44
GTGCTCACCAAACTCATCAG_006,85
GTGCTCACCAAACTCATCAG_007,69
GTGCTCACCAAACTCATCAG_008,16
GTGCTCACCAAACTCATCAG_009,150
GTGCTCACCAAACTCATCAG_010,130
AATCACTTTGGTACGAGAGG_001,176
AATCACTTTGGTACGAGAGG_002,29
AATCACTTTGGTACGAGAGG_003,80
AATCACTTTGGTACGAGAGG_004,179
AATCACTTTGGTACGAGAGG_005,42
AATCACTTTGGTACGAGAGG_006,22
AATCACTTTGGTACGAGAGG_007,171
AATCACTTTGGTACGAGAGG_008,58
AATCACTTTGGTACGAGAGG_009,16
TTGTGGCATTGACCAAGCTG_001,12
TTGTGGCATTGACCAAGCTG_002,2
TTGTGGCATTGACCAAGCTG_003,13
TCAGGAATGCCCGATCAAGG_001,178
TCAGGAATGCCCGATCAAGG_002,6
TCAGGAATGCCCGATCAAGG_003,23
TCAGGAATGCCCGATCAAGG_004,63
TCAGGAATGCCCGATCAAGG_005,184
TCAGGAATGCCCGATCAAGG_006,52
TCAGGAATGCCCGATCAAGG_007,10
TCAGGAATGCCCGATCAAGG_008,124
AGATCCTTGTTAAAACCAGT_001,134
AGATCCTTGTTAAAACCAGT_002,133
AGATCCTTGTTAAAACCAGT_003,114
AGATCCTTGTTAAAACCAGT_004,7
AGATCCTTGTTAAAACCAGT_005,50
AGATCCTTGTTAAAACCAGT_006,27
AGATCCTTGTTAAAACCAGT_007,160
AGATCCTTGTTAAAACCAGT_008,67
AGATCCTTGTTAAAACCAGT_009,177
AAAGCAAGGAAACTCATGCA_001,62
AAAGCAAGGAAACTCATGCA_002,132
AAAGCAAGGAAACTCATGCA_003,174
AAAGCAAGGAAACTCATGCA_004,186
AAAGCAAGGAAACTCATGCA_005,117
AAAGCAAGGAAACTCATGCA_006,17
AAAGCAAGGAAACTCATGCA_007,95
AAAGCAAGGAAACTCATGCA_008,159
AAAGCAAGGAAACTCATGCA_009,194
AAAGCAAGGAAACTCATGCA_010,76
AAAGCAAGGAAACTCATGCA_011,9
AAAGCAAGGAAACTCATGCA_012,113
AAAGCAAGGAAACTCATGCA_013,156
AAAGCAAGGAAACTCATGCA_014,156
AAAGCAAGGAAACTCATGCA_015,117
AAAGCAAGGAAACTCATGCA_016,5
AAAGCAAGGAAACTCATGCA_017,121
AAGGCCCCGGAGTGCACCAG_001,126
AAGGCCCCGGAGTGCACCAG_002,123
AAGGCCCCGGAGTGCACCAG_003,24
AAGGCCCCGGAGTGCACCAG_004,94
AAGGCCCCGGAGTGCACCAG_005,35
AAGGCCCCGGAGTGCACCAG_006,76
AAGGCCCCGGAGTGCACCAG_007,141
AAGGCCCCGGAGTGCACCAG_008,1
AAGGCCCCGGAGTGCACCAG_009,147
AAGGCCCCGGAGTGCACCAG_010,68
AAGGCCCCGGAGTGCACCAG_011,158
AAGGCCCCGGAGTGCACCAG_012,162
AAGGCCCCGGAGTGCACCAG_013,156
AAGGCCCCGGAGTGCACCAG_014,8
AAGGCCCCGGAGTGCACCAG_015,5
AAGGCCCCGGAGTGCACCAG_016,76
AAGGCCCCGGAGTGCACCAG_017,180
AAGGCCCCGGAGTGCACCAG_018,50
AAGGCCCCGGAGTGCACCAG_019,138
CAAGAATGGTGCATCAAACA_001,105
CAAGAATGGTGCATCAAACA_002,2
CAAGAATGGTGCATCAAACA_003,107
CAAGAATGGTGCATCAAACA_004,48
GCCAGAACGCAGTGTCCCGA_001,8
GCCAGAACGCAGTGTCCCGA_002,43
GCCAGAACGCAGTGTCCCGA_003,125
GCCAGAACGCAGTGTCCCGA_004,108
GCCAGAACGCAGTGTCCCGA_005,198
GCCAGAACGCAGTGTCCCGA_006,60
GCCAGAACGCAGTGTCCCGA_007,23
GCCAGAACGCAGTGTCCCGA_008,149
GCCAGAACGCAGTGTCCCGA_009,10
GCCAGAACGCAGTGTCCCGA_010,89
TGTACACAAAGATCCCACTG_001,77
TGTACACAAAGATCCCACTG_002,125
TGTACACAAAGATCCCACTG_003,113
TGTACACAAAGATCCCACTG_004,53
TGTACACAAAGATCCCACTG_005,83
TGTACACAAAGATCCCACTG_006,157
TGTACACAAAGATCCCACTG_007,145
TGTACACAAAGATCCCACTG_008,108
TGTACACAAAGATCCCACTG_009,38
TGTACACAAAGATCCCACTG_010,29
TGTACACAAAGATCCCACTG_011,132
TGTACACAAAGATCCCACTG_012,188
TGTACACAAAGATCCCACTG_013,70
AAAATCTATGACATGTACGT_001,49
AAAATCTATGACATGTACGT_002,10
AAAATCTATGACATGTACGT_003,118
CCAAGGAGCAGTACTACGTG_001,36
CCAAGGAGCAGTACTACGTG_002,58
CCAAGGAGCAGTACTACGTG_003,62
CCAAGGAGCAGTACTACGTG_004,98
CCAAGGAGCAGTACTACGTG_005,117
CCAAGGAGCAGTACTACGTG_006,178
CCAAGGAGCAGTACTACGTG_007,6
CCAAGGAGCAGTACTACGTG_008,9
ACTGGCCAGTAGAAAGTACA_001,144
ACTGGCCAGTAGAAAGTACA_002,27
ACTGGCCAGTAGAAAGTACA_003,108
ACTGGCCAGTAGAAAGTACA_004,152
ACTGGCCAGTAGAAAGTACA_005,35
ACTGGCCAGTAGAAAGTACA_006,57
ACTGGCCAGTAGAAAGTACA_007,49
ACTGGCCAGTAGAAAGTACA_008,78
ACTGGCCAGTAGAAAGTACA_009,101
ACTGGCCAGTAGAAAGTACA_010,114
ACTGGCCAGTAGAAAGTACA_011,41
ACTGGCCAGTAGAAAGTACA_012,164
ACTGGCCAGTAGAAAGTACA_013,164
ACTGGCCAGTAGAAAGTACA_014,84
ACTGGCCAGTAGAAAGTACA_015,123
ACTGGCCAGTAGAAAGTACA_016,26
CATGACTCCCCGGGTCCGTG_001,169
CATGACTCCCCGGGTCCGTG_002,85
CATGACTCCCCGGGTCCGTG_003,105
CATGACTCCCCGGGTCCGTG_004,191
CATGACTCCCCGGGTCCGTG_005,14
CATGACTCCCCGGGTCCGTG_006,34
CATGACTCCCCGGGTCCGTG_007,19
CATGACTCCCCGGGTCCGTG_008,58
CATGACTCCCCGGGTCCGTG_009,42
CATGACTCCCCGGGTCCGTG_010,156
CATGACTCCCCGGGTCCGTG_011,77
CATGACTCCCCGGGTCCGTG_012,149
CATGACTCCCCGGGTCCGTG_013,164
CATGACTCCCCGGGTCCGTG_014,164
CATGACTCCCCGGGTCCGTG_015,135
CATGACTCCCCGGGTCCGTG_016,178
CATGACTCCCCGGGTCCGTG_017,125
CATGACTCCCCGGGTCCGTG_018,122
CATGACTCCCCGGGTCCGTG_019,158
CATGACTCCCCGGGTCCGTG_020,76
CATGACTCCCCGGGTCCGTG_021,41
CATGACTCCCCGGGTCCGTG_022,153
CATGACTCCCCGGGTCCGTG_023,50
CATGACTCCCCGGGTCCGTG_024,137
CATGACTCCCCGGGTCCGTG_025,13
CATGACTCCCCGGGTCCGTG_026,182
CATGACTCCCCGGGTCCGTG_027,119
CATGACTCCCCGGGTCCGTG_028,19
CATGACTCCCCGGGTCCGTG_029,105
CATGACTCCCCGGGTCCGTG_030,199
CATGACTCCCCGGGTCCGTG_031,107
CATGACTCCCCGGGTCCGTG_032,60
CATGACTCCCCGGGTCCGTG_033,96
CATGACTCCCCGGGTCCGTG_034,127
CATGACTCCCCGGGTCCGTG_035,70
CATGACTCCCCGGGTCCGTG_036,18
CATGACTCCCCGGGTCCGTG_037,19
CATGACTCCCCGGGTCCGTG_038,78
CATGACTCCCCGGGTCCGTG_039,39
CATGACTCCCCGGGTCCGTG_040,124
CATGACTCCCCGGGTCCGTG_041,62
CATGACTCCCCGGGTCCGTG_042,15
CATGACTCCCCGGGTCCGTG_043,128
CATGACTCCCCGGGTCCGTG_044,175
CATGACTCCCCGGGTCCGTG_045,113
CATGACTCCCCGGGTCCGTG_046,56
CATGACTCCCCGGGTCCGTG_047,172
CATGACTCCCCGGGTCCGTG_048,115
CATGACTCCCCGGGTCCGTG_049,130
CATGACTCCCCGGGTCCGTG_050,174
CATGACTCCCCGGGTCCGTG_051,178
TCTTAGAAGAAATCCCAGCT_001,49
TCTTAGAAGAAATCCCAGCT_002,181
TCTTAGAAGAAATCCCAGCT_003,159
TCTTAGAAGAAATCCCAGCT_004,9
TCTTAGAAGAAATCCCAGCT_005,141
TCTTAGAAGAAATCCCAGCT_006,147
TCTTAGAAGAAATCCCAGCT_007,153
TCTTAGAAGAAATCCCAGCT_008,103
AGTCATCCCTGAAAACCATG_001,57
AGTCATCCCTGAAAACCATG_002,144
AGTCATCCCTGAAAACCATG_003,130
AGTCATCCCTGAAAACCATG_004,197
AGTCATCCCTGAAAACCATG_005,78
AGTCATCCCTGAAAACCATG_006,84
AGTCATCCCTGAAAACCATG_007,113
CTACTGAGGGTAGAACAGGT_001,127
CTACTGAGGGTAGAACAGGT_002,77
CTACTGAGGGTAGAACAGGT_003,198
CTACTGAGGGTAGAACAGGT_004,189
CTACTGAGGGTAGAACAGGT_005,132
CTACTGAGGGTAGAACAGGT_006,111
CTACTGAGGGTAGAACAGGT_007,111
CTACTGAGGGTAGAACAGGT_008,94
CTACTGAGGGTAGAACAGGT_009,48
CTACTGAGGGTAGAACAGGT_010,147
CTACTGAGGGTAGAACAGGT_011,61
CTACTGAGGGTAGAACAGGT_012,13
CTACTGAGGGTAGAACAGGT_013,169
CTACTGAGGGTAGAACAGGT_014,73
CTACTGAGGGTAGAACAGGT_015,118
CTACTGAGGGTAGAACAGGT_016,15
CTACTGAGGGTAGAACAGGT_017,57
CTACTGAGGGTAGAACAGGT_018,9
CTACTGAGGGTAGAACAGGT_019,130
CTACTGAGGGTAGAACAGGT_020,89
CTACTGAGGGTAGAACAGGT_021,77
CTACTGAGGGTAGAACAGGT_022,35
GACTCCCTAAACAACAACGG_001,149
GACTCCCTAAACAACAACGG_002,81
GACTCCCTAAACAACAACGG_003,93
GACTCCCTAAACAACAACGG_004,149
GACTCCCTAAACAACAACGG_005,88
GACTCCCTAAACAACAACGG_006,181
GACTCCCTAAACAACAACGG_007,0
GACTCCCTAAACAACAACGG_008,145
GTAAATTGGAAAACCCACGG_001,64
GTAAATTGGAAAACCCACGG_002,175
GTAAATTGGAAAACCCACGG_003,145
GTAAATTGGAAAACCCACGG_004,112
GTAAATTGGAAAACCCACGG_005,199
GTAAATTGGAAAACCCACGG_006,137
GTAAATTGGAAAACCCACGG_007,127
GTAAATTGGAAAACCCACGG_008,60
GTAAATTGGAAAACCCACGG_009,178
GTAAATTGGAAAACCCACGG_010,22
GTAAATTGGAAAACCCACGG_011,56
GTAAATTGGAAAACCCACGG_012,113
GTAAATTGGAAAACCCACGG_013,119
GTAAATTGGAAAACCCACGG_014,31
GTAAATTGGAAAACCCACGG_015,127
GTAAATTGGAAAACCCACGG_016,76
GTAAATTGGAAAACCCACGG_017,169
GTAAATTGGAAAACCCACGG_018,41
GTAAATTGGAAAACCCACGG_019,53
GTAAATTGGAAAACCCACGG_020,149
GTAAATTGGAAAACCCACGG_021,181
GTAAATTGGAAAACCCACGG_022,12
GTAAATTGGAAAACCCACGG_023,88
GTAAATTGGAAAACCCACGG_024,129
GTAAATTGGAAAACCCACGG_025,23
GTAAATTGGAAAACCCACGG_026,134
GTAAATTGGAAAACCCACGG_027,40
GTAAATTGGAAAACCCACGG_028,8
GTAAATTGGAAAACCCACGG_029,17
GTGGTCCTGTTTCGGCACAA_001,70
GTGGTCCTGTTTCGGCACAA_002,6
GTGGTCCTGTTTCGGCACAA_003,94
GTGGTCCTGTTTCGGCACAA_004,67
GTGGTCCTGTTTCGGCACAA_005,42
GTGGTCCTGTTTCGGCACAA_006,68
GTGGTCCTGTTTCGGCACAA_007,147
GTGGTCCTGTTTCGGCACAA_008,53
GTGGTCCTGTTTCGGCACAA_009,105
GTGGTCCTGTTTCGGCACAA_010,91
GTGGTCCTGTTTCGGCACAA_011,150
GTGGTCCTGTTTCGGCACAA_012,63
GTGGTCCTGTTTCGGCACAA_013,170
GTGGTCCTGTTTCGGCACAA_014,44
GTGGTCCTGTTTCGGCACAA_015,58
GTGGTCCTGTTTCGGCACAA_016,147
GTGGTCCTGTTTCGGCACAA_017,2
GTGGTCCTGTTTCGGCACAA_018,105
GTGGTCCTGTTTCGGCACAA_019,11
GTGGTCCTGTTTCGGCACAA_020,199
GTGGTCCTGTTTCGGCACAA_021,62
GTGGTCCTGTTTCGGCACAA_022,9
GTGGTCCTGTTTCGGCACAA_023,24
GTGGTCCTGTTTCGGCACAA_024,124
GTGGTCCTGTTTCGGCACAA_025,137
GTGGTCCTGTTTCGGCACAA_026,61
GTGGTCCTGTTTCGGCACAA_027,193
GTGGTCCTGTTTCGGCACAA_028,150
GTGGTCCTGTTTCGGCACAA_029,57
GTGGTCCTGTTTCGGCACAA_030,116
GTGGTCCTGTTTCGGCACAA_031,162
GTGGTCCTGTTTCGGCACAA_032,10
GTGGTCCTGTTTCGGCACAA_033,104
GTGGTCCTGTTTCGGCACAA_034,1
TACAATCCGAGACTAAAACG_001,68
TCAACCCACAGTGTGCCATG_001,15
TCAACCCACAGTGTGCCATG_002,115
TCAACCCACAGTGTGCCATG_003,147
TCAACCCACAGTGTGCCATG_004,100
TCAACCCACAGTGTGCCATG_005,78
TCAACCCACAGTGTGCCATG_006,148
TCAACCCACAGTGTGCCATG_007,28
GCGGCCCGCAACGTGCCCGT_001,105
GCGGCCCGCAACGTGCCCGT_002,1
GCGGCCCGCAACGTGCCCGT_003,120
GCGGCCCGCAACGTGCCCGT_004,14
GCGGCCCGCAACGTGCCCGT_005,186
CTCACAAGAAAACCCACGTG_001,70
CTCACAAGAAAACCCACGTG_002,8
CTCACAAGAAAACCCACGTG_003,98
CTCACAAGAAAACCCACGTG_004,42
CTCACAAGAAAACCCACGTG_005,144
CTCACAAGAAAACCCACGTG_006,67
CTCACAAGAAAACCCACGTG_007,19
CTCACAAGAAAACCCACGTG_008,41
CTCACAAGAAAACCCACGTG_009,19
CTCACAAGAAAACCCACGTG_010,110
CTCACAAGAAAACCCACGTG_011,195
CTCACAAGAAAACCCACGTG_012,171
CTCACAAGAAAACCCACGTG_013,168
CTCACAAGAAAACCCACGTG_014,137
CTCACAAGAAAACCCACGTG_015,188
CTTCCCGAATACCTGGACTC_001,157
CTTCCCGAATACCTGGACTC_002,105
CTTCCCGAATACCTGGACTC_003,17
CTTCCCGAATACCTGGACTC_004,102
CTTCCCGAATACCTGGACTC_005,162
CTTCCCGAATACCTGGACTC_006,165
CTTCCCGAATACCTGGACTC_007,127
CTTCCCGAATACCTGGACTC_008,8
CTTCCCGAATACCTGGACTC_009,94
CTTCCCGAATACCTGGACTC_010,121
CTTCCCGAATACCTGGACTC_011,188
CTTCCCGAATACCTGGACTC_012,88
CTTCCCGAATACCTGGACTC_013,104
CTTCCCGAATACCTGGACTC_014,148
CTTCCCGAATACCTGGACTC_015,184
CTTCCCGAATACCTGGACTC_016,54
CTTCCCGAATACCTGGACTC_017,1
CTTCCCGAATACCTGGACTC_018,83
CTTCCCGAATACCTGGACTC_019,96
CTTCCCGAATACCTGGACTC_020,164
CTTCCCGAATACCTGGACTC_021,164
CTTCCCGAATACCTGGACTC_022,79
CTTCCCGAATACCTGGACTC_023,152
CTTCCCGAATACCTGGACTC_024,121
CTTCCCGAATACCTGGACTC_025,36
CTTCCCGAATACCTGGACTC_026,41
CTTCCCGAATACCTGGACTC_027,149
CTTCCCGAATACCTGGACTC_028,33
CTTCCCGAATACCTGGACTC_029,103
CTTCCCGAATACCTGGACTC_030,199
TCTATGACCTGGATCGCGAT_001,76
TCTATGACCTGGATCGCGAT_002,140
TCTATGACCTGGATCGCGAT_003,174
TCTATGACCTGGATCGCGAT_004,40
TCTATGACCTGGATCGCGAT_005,30
TCTATGACCTGGATCGCGAT_006,162
TCTATGACCTGGATCGCGAT_007,156
TCTATGACCTGGATCGCGAT_008,148
TCTATGACCTGGATCGCGAT_009,9
TCTATGACCTGGATCGCGAT_010,182
TCATGAAGTCACACATGCCG_001,186
TCATGAAGTCACACATGCCG_002,113
TCATGAAGTCACACATGCCG_003,48
ATTCCTTTAGCTCCTAACAC_001,193
ATTCCTTTAGCTCCTAACAC_002,150
ATTCCTTTAGCTCCTAACAC_003,79
ATTCCTTTAGCTCCTAACAC_004,15
ATTCCTTTAGCTCCTAACAC_005,48
CAGACCTGAGCCGTTACACA_001,181
CAGACCTGAGCCGTTACACA_002,183
CAGACCTGAGCCGTTACACA_003,17
CAGACCTGAGCCGTTACACA_004,27
CAGACCTGAGCCGTTACACA_005,69
CAGACCTGAGCCGTTACACA_006,47
CAGACCTGAGCCGTTACACA_007,9
CAGACCTGAGCCGTTACACA_008,177
CAGACCTGAGCCGTTACACA_009,154
CAGACCTGAGCCGTTACACA_010,160
CAGACCTGAGCCGTTACACA_011,39
CAGACCTGAGCCGTTACACA_012,124
GTCGAAGGTGACCACGAACA_001,70
GTCGAAGGTGACCACGAACA_002,29
GTCGAAGGTGACCACGAACA_003,50
GTCGAAGGTGACCACGAACA_004,87
GTCGAAGGTGACCACGAACA_005,115
GTCGAAGGTGACCACGAACA_006,169
GTCGAAGGTGACCACGAACA_007,74
GTCGAAGGTGACCACGAACA_008,130
GTCGAAGGTGACCACGAACA_009,53
GTCGAAGGTGACCACGAACA_010,23
TGGTACAAGGCCGAGCTCCG_001,49
TGGTACAAGGCCGAGCTCCG_002,70
TGGTACAAGGCCGAGCTCCG_003,7
TGGTACAAGGCCGAGCTCCG_004,146
TGGTACAAGGCCGAGCTCCG_005,181
TGGTACAAGGCCGAGCTCCG_006,81
TGGTACAAGGCCGAGCTCCG_007,67
TGGTACAAGGCCGAGCTCCG_008,184
TGGTACAAGGCCGAGCTCCG_009,48
TGGTACAAGGCCGAGCTCCG_010,1
TGGTACAAGGCCGAGCTCCG_011,168
TGGTACAAGGCCGAGCTCCG_012,29
TGGTACAAGGCCGAGCTCCG_013,198
TGGTACAAGGCCGAGCTCCG_014,88
TGGTACAAGGCCGAGCTCCG_015,127
TGGTACAAGGCCGAGCTCCG_016,78
TGGTACAAGGCCGAGCTCCG_017,48
TGGTACAAGGCCGAGCTCCG_018,199
TGGTACAAGGCCGAGCTCCG_019,12
TGGTACAAGGCCGAGCTCCG_020,17
TGGTACAAGGCCGAGCTCCG_021,169
TGGTACAAGGCCGAGCTCCG_022,113
TGGTACAAGGCCGAGCTCCG_023,113
TGGTACAAGGCCGAGCTCCG_024,182
TGGTACAAGGCCGAGCTCCG_025,191
TGGTACAAGGCCGAGCTCCG_026,151
GAGACACACATTCATAATCA_001,41
GAGACACACATTCATAATCA_002,24
CCTCCCTTCCAGAATATTGG_001,49
CCTCCCTTCCAGAATATTGG_002,9
GGAGCCAAAGAAGTAGAACT_001,118
GGAGCCAAAGAAGTAGAACT_002,194
GGAGCCAAAGAAGTAGAACT_003,20
GGAGCCAAAGAAGTAGAACT_004,82
GGAGCCAAAGAAGTAGAACT_005,174
GGAGCCAAAGAAGTAGAACT_006,128
GGAGCCAAAGAAGTAGAACT_007,44
GGAGCCAAAGAAGTAGAACT_008,138
GGAGCCAAAGAAGTAGAACT_009,164
GGAGCCAAAGAAGTAGAACT_010,164
GGAGCCAAAGAAGTAGAACT_011,26
GGAGCCAAAGAAGTAGAACT_012,103
GGAGCCAAAGAAGTAGAACT_013,108
TGAACTCCTTCATTTCGGGA_001,83
ACTTCGAAGTGGTAATGCCT_001,177
ACCAAACGTACAACCTCACG_001,198
ACCAAACGTACAACCTCACG_002,13
ACCAAACGTACAACCTCACG_003,190
ACCAAACGTACAACCTCACG_004,41
ACCAAACGTACAACCTCACG_005,120
CCCCTAAGGCCGGTCCAGCA_001,85
CCCCTAAGGCCGGTCCAGCA_002,172
CCCCTAAGGCCGGTCCAGCA_003,121
CCCCTAAGGCCGGTCCAGCA_004,188
CCCCTAAGGCCGGTCCAGCA_005,70
GGATCCGCCGCACAATCCCG_001,0
GGATCCGCCGCACAATCCCG_002,175
GGATCCGCCGCACAATCCCG_003,61
CGATGTGGCATAGCCCGTCG_001,15
CGATGTGGCATAGCCCGTCG_002,102
CGATGTGGCATAGCCCGTCG_003,58
CGATGTGGCATAGCCCGTCG_004,77
CGATGTGGCATAGCCCGTCG_005,50
CGATGTGGCATAGCCCGTCG_006,141
CGATGTGGCATAGCCCGTCG_007,7
CGATGTGGCATAGCCCGTCG_008,60
CGATGTGGCATAGCCCGTCG_009,12
GGCAGTCAGCGCCAGCGCGT_001,15
GGCAGTCAGCGCCAGCGCGT_002,43
TGTTGTACTGGAAAAATCAG_001,136
TGTTGTACTGGAAAAATCAG_002,70
TGTTGTACTGGAAAAATCAG_003,137
TGTTGTACTGGAAAAATCAG_004,83
TGTTGTACTGGAAAAATCAG_005,105
TGTTGTACTGGAAAAATCAG_006,38
TGTTGTACTGGAAAAATCAG_007,78
TGTTGTACTGGAAAAATCAG_008,88
TGTTGTACTGGAAAAATCAG_009,48
TGTTGTACTGGAAAAATCAG_010,82
TGTTGTACTGGAAAAATCAG_011,62
TGTTGTACTGGAAAAATCAG_012,65
TGTTGTACTGGAAAAATCAG_013,64
GCATCCCTTACCAGTGGCGC_001,19
GCATCCCTTACCAGTGGCGC_002,171
GCATCCCTTACCAGTGGCGC_003,15
GCATCCCTTACCAGTGGCGC_004,105
GCATCCCTTACCAGTGGCGC_005,0
GCATCCCTTACCAGTGGCGC_006,150
GCATCCCTTACCAGTGGCGC_007,164
CCCAAGAGACTAGGTCCCTG_001,58
CCCAAGAGACTAGGTCCCTG_002,64
CCCAAGAGACTAGGTCCCTG_003,175
CCCAAGAGACTAGGTCCCTG_004,96
CCCAAGAGACTAGGTCCCTG_005,178
CCCAAGAGACTAGGTCCCTG_006,198
CCCAAGAGACTAGGTCCCTG_007,53
CCCAAGAGACTAGGTCCCTG_008,6
CCCAAGAGACTAGGTCCCTG_009,108
CCCAAGAGACTAGGTCCCTG_010,103
CCCAAGAGACTAGGTCCCTG_011,2
CCCAAGAGACTAGGTCCCTG_012,105
CCCAAGAGACTAGGTCCCTG_013,59
CCCAAGAGACTAGGTCCCTG_014,160
CCCAAGAGACTAGGTCCCTG_015,155
CCCAAGAGACTAGGTCCCTG_016,150
CCCAAGAGACTAGGTCCCTG_017,150
CCCAAGAGACTAGGTCCCTG_018,144
CCCAAGAGACTAGGTCCCTG_019,99
CCCAAGAGACTAGGTCCCTG_020,142
CAGATGATGATGATTTGGGA_001,40
CAGATGATGATGATTTGGGA_002,108
CAGATGATGATGATTTGGGA_003,68
CAGATGATGATGATTTGGGA_004,43
CAGATGATGATGATTTGGGA_005,108
CAGATGATGATGATTTGGGA_006,78
CAGATGATGATGATTTGGGA_007,176
TAAAGTGGGTTGAATTGCCA_001,162
TAAAGTGGGTTGAATTGCCA_002,108
TAAAGTGGGTTGAATTGCCA_003,168
TAAAGTGGGTTGAATTGCCA_004,74
TAAAGTGGGTTGAATTGCCA_005,104
TAAAGTGGGTTGAATTGCCA_006,126
TAAAGTGGGTTGAATTGCCA_007,88
TAAAGTGGGTTGAATTGCCA_008,101
TAAAGTGGGTTGAATTGCCA_009,15
TAAAGTGGGTTGAATTGCCA_010,189
AGATCTCCAGTGTACTGAAG_001,127
AGATCTCCAGTGTACTGAAG_002,4
AGATCTCCAGTGTACTGAAG_003,130
AGATCTCCAGTGTACTGAAG_004,151
AGATCTCCAGTGTACTGAAG_005,70
AGATCTCCAGTGTACTGAAG_006,117
AGATCTCCAGTGTACTGAAG_007,40
AGATCTCCAGTGTACTGAAG_008,168
AGATCTCCAGTGTACTGAAG_009,46
GTGTGCTTCGAACCCGTGTG_001,105
GTGTGCTTCGAACCCGTGTG_002,19
GTGTGCTTCGAACCCGTGTG_003,15
GTGTGCTTCGAACCCGTGTG_004,78
GTGTGCTTCGAACCCGTGTG_005,106
GTGTGCTTCGAACCCGTGTG_006,57
GTGTGCTTCGAACCCGTGTG_007,83
GTGTGCTTCGAACCCGTGTG_008,146
GTGTGCTTCGAACCCGTGTG_009,119
GTGTGCTTCGAACCCGTGTG_010,160
GTGTGCTTCGAACCCGTGTG_011,60
GTGTGCTTCGAACCCGTGTG_012,106
GTGTGCTTCGAACCCGTGTG_013,104
GTGTGCTTCGAACCCGTGTG_014,160
AGTGTACCTCTTGATAACAT_001,76
AGAACCGAGGCAATCACCAT_001,119
AGAACCGAGGCAATCACCAT_002,105
AGAACCGAGGCAATCACCAT_003,41
AGAACCGAGGCAATCACCAT_004,58
AGAACCGAGGCAATCACCAT_005,188
AGAACCGAGGCAATCACCAT_006,19
AGAACCGAGGCAATCACCAT_007,132
AGAACCGAGGCAATCACCAT_008,4
TCCAGGGTTCTTGGCTAACG_001,127
TCCAGGGTTCTTGGCTAACG_002,105
TCCAGGGTTCTTGGCTAACG_003,14
TCCAGGGTTCTTGGCTAACG_004,174
TCCAGGGTTCTTGGCTAACG_005,105
TCCAGGGTTCTTGGCTAACG_006,120
TCCAGGGTTCTTGGCTAACG_007,33
TCCAGGGTTCTTGGCTAACG_008,19
TCCAGGGTTCTTGGCTAACG_009,75
TCCAGGGTTCTTGGCTAACG_010,70
TCCAGGGTTCTTGGCTAACG_011,197
TCCAGGGTTCTTGGCTAACG_012,31
GATGCTATTTCCACGGCCGG_001,49
GATGCTATTTCCACGGCCGG_002,148
GATGCTATTTCCACGGCCGG_003,62
GATGCTATTTCCACGGCCGG_004,111
GATGCTATTTCCACGGCCGG_005,82
GATGCTATTTCCACGGCCGG_006,106
GATGCTATTTCCACGGCCGG_007,152
GATGCTATTTCCACGGCCGG_008,134
GATGCTATTTCCACGGCCGG_009,39
GATGCTATTTCCACGGCCGG_010,36
TCATTCAGAAGATATATCGG_001,191
ACAGTTCAGAGAGATATGTC_001,169
ACAGTTCAGAGAGATATGTC_002,174
ACAGTTCAGAGAGATATGTC_003,33
ACAGTTCAGAGAGATATGTC_004,99
ACAGTTCAGAGAGATATGTC_005,3
ACAGTTCAGAGAGATATGTC_006,17
ACAGTTCAGAGAGATATGTC_007,29
TCTGCGCTTTCAGAGTTCCG_001,49
TCTGCGCTTTCAGAGTTCCG_002,88
TCTGCGCTTTCAGAGTTCCG_003,80
TCTGCGCTTTCAGAGTTCCG_004,158
TCTGCGCTTTCAGAGTTCCG_005,168
TCTGCGCTTTCAGAGTTCCG_006,81
TCTGCGCTTTCAGAGTTCCG_007,22
TCTGCGCTTTCAGAGTTCCG_008,1
TCTGCGCTTTCAGAGTTCCG_009,190
TCTGCGCTTTCAGAGTTCCG_010,140
TCTGCGCTTTCAGAGTTCCG_011,53
TCTGCGCTTTCAGAGTTCCG_012,199
TTACTCTGTTGGTAATACCA_001,148
TTACTCTGTTGGTAATACCA_002,121
TTACTCTGTTGGTAATACCA_003,51
TTACTCTGTTGGTAATACCA_004,173
TTACTCTGTTGGTAATACCA_005,170
TTACTCTGTTGGTAATACCA_006,12
TTACTCTGTTGGTAATACCA_007,157
TTACTCTGTTGGTAATACCA_008,48
TTACTCTGTTGGTAATACCA_009,130
TTACTCTGTTGGTAATACCA_010,115
TTACTCTGTTGGTAATACCA_011,2
TTACTCTGTTGGTAATACCA_012,185
TTACTCTGTTGGTAATACCA_013,77
TGAAGTATATCATCCAATCA_001,79
GACACAGCCCTGAATCCCCG_001,4
GACACAGCCCTGAATCCCCG_002,139
GACACAGCCCTGAATCCCCG_003,122
GACACAGCCCTGAATCCCCG_004,102
GACACAGCCCTGAATCCCCG_005,60
GACACAGCCCTGAATCCCCG_006,182
GACACAGCCCTGAATCCCCG_007,60
GACACAGCCCTGAATCCCCG_008,185
GACACAGCCCTGAATCCCCG_009,151
GACACAGCCCTGAATCCCCG_010,115
GACACAGCCCTGAATCCCCG_011,60
GACACAGCCCTGAATCCCCG_012,72
GACACAGCCCTGAATCCCCG_013,198
GACACAGCCCTGAATCCCCG_014,188
GACACAGCCCTGAATCCCCG_015,59
GACACAGCCCTGAATCCCCG_016,142
GACACAGCCCTGAATCCCCG_017,136
GACACAGCCCTGAATCCCCG_018,1
GACACAGCCCTGAATCCCCG_019,54
TGGCAAGCCAAATGCTCAGA_001,166
TGGCAAGCCAAATGCTCAGA_002,16
TGGCAAGCCAAATGCTCAGA_003,88
TGGCAAGCCAAATGCTCAGA_004,92
TGGCAAGCCAAATGCTCAGA_005,12
TGGCAAGCCAAATGCTCAGA_006,2
TGGCAAGCCAAATGCTCAGA_007,91
TGGCAAGCCAAATGCTCAGA_008,78
TGGCAAGCCAAATGCTCAGA_009,162
TGGCAAGCCAAATGCTCAGA_010,55
TGGCAAGCCAAATGCTCAGA_011,55
TGGCAAGCCAAATGCTCAGA_012,175
TGGCAAGCCAAATGCTCAGA_013,123
TGGCAAGCCAAATGCTCAGA_014,175
ACCGACTCACACAGGCACTA_001,147
ACCGACTCACACAGGCACTA_002,45
ACCGACTCACACAGGCACTA_003,70
ACCGACTCACACAGGCACTA_004,86
ACCGACTCACACAGGCACTA_005,80
CCAGCCACTCTGAGTCCAGA_001,84
CCAGCCACTCTGAGTCCAGA_002,137
CCAGCCACTCTGAGTCCAGA_003,58
GCCAGCATCTACATTTGACA_001,124
GCCAGCATCTACATTTGACA_002,43
GCCAGCATCTACATTTGACA_003,152
GGGCATCAAACACTAGCCAG_001,171
GGGCATCAAACACTAGCCAG_002,147
GGGCATCAAACACTAGCCAG_003,145
GGGCATCAAACACTAGCCAG_004,2
GGGCATCAAACACTAGCCAG_005,2
GGGCATCAAACACTAGCCAG_006,88
GGGCATCAAACACTAGCCAG_007,31
GGGCATCAAACACTAGCCAG_008,159
GGGCATCAAACACTAGCCAG_009,38
GGGCATCAAACACTAGCCAG_010,178
GGGCATCAAACACTAGCCAG_011,117
GGGCATCAAACACTAGCCAG_012,26
GGGCATCAAACACTAGCCAG_013,24
GGGCATCAAACACTAGCCAG_014,15
GGGCATCAAACACTAGCCAG_015,32
GGGCATCAAACACTAGCCAG_016,30
GGGCATCAAACACTAGCCAG_017,68
ATAAGAAAATTGCCTCACGG_001,199
ATAAGAAAATTGCCTCACGG_002,80
ATAAGAAAATTGCCTCACGG_003,146
ATAAGAAAATTGCCTCACGG_004,162
CTGAAGAGGATACTGGCCGA_001,28
CTGAAGAGGATACTGGCCGA_002,48
CTGAAGAGGATACTGGCCGA_003,58
CTGAAGAGGATACTGGCCGA_004,162
CTGAAGAGGATACTGGCCGA_005,83
CTGAAGAGGATACTGGCCGA_006,114
CTGAAGAGGATACTGGCCGA_007,190
CTGAAGAGGATACTGGCCGA_008,147
CTGAAGAGGATACTGGCCGA_009,104
TCCGGACTCTACGAGCACTG_001,163
TCCGGACTCTACGAGCACTG_002,140
TCCGGACTCTACGAGCACTG_003,76
TCCGGACTCTACGAGCACTG_004,127
TCCGGACTCTACGAGCACTG_005,190
TCCGGACTCTACGAGCACTG_006,157
TCCGGACTCTACGAGCACTG_007,139
TCCGGACTCTACGAGCACTG_008,25
TCCGGACTCTACGAGCACTG_009,95
TCCGGACTCTACGAGCACTG_010,184
TCCGGACTCTACGAGCACTG_011,19
TCCGGACTCTACGAGCACTG_012,76
TCCGGACTCTACGAGCACTG_013,67
TCCGGACTCTACGAGCACTG_014,67
TCCGGACTCTACGAGCACTG_015,40
TCCGGACTCTACGAGCACTG_016,177
TCCGGACTCTACGAGCACTG_017,175
TCCGGACTCTACGAGCACTG_018,123
TCCGGACTCTACGAGCACTG_019,81
TCCGGACTCTACGAGCACTG_020,184
TCCGGACTCTACGAGCACTG_021,136
TCCGGACTCTACGAGCACTG_022,0
TCCGGACTCTACGAGCACTG_023,63
TCCGGACTCTACGAGCACTG_024,146
TGTGCTGGTTGTATATAGCA_001,38
TGTGCTGGTTGTATATAGCA_002,87
TTACTCAGTATTGGGCTCAA_001,172
CAGTCTAACACCATTTACTG_001,176
CAGTCTAACACCATTTACTG_002,146
CAGTCTAACACCATTTACTG_003,168
CAGTCTAACACCATTTACTG_004,25
CAGTCTAACACCATTTACTG_005,176
CAGTCTAACACCATTTACTG_006,80
CAGTCTAACACCATTTACTG_007,94
CAGTCTAACACCATTTACTG_008,169
CAGTCTAACACCATTTACTG_009,34
CAGTCTAACACCATTTACTG_010,166
CAGTCTAACACCATTTACTG_011,32
CTAGGGCGGCTAGTTTCACC_001,78
CTAGGGCGGCTAGTTTCACC_002,19
CTAGGGCGGCTAGTTTCACC_003,104
GTCATTGATGACCACGAGCG_001,164
GTCATTGATGACCACGAGCG_002,166
GTCATTGATGACCACGAGCG_003,127
GTCATTGATGACCACGAGCG_004,160
GTCATTGATGACCACGAGCG_005,151
GTCATTGATGACCACGAGCG_006,5
GTCATTGATGACCACGAGCG_007,82
GTCATTGATGACCACGAGCG_008,86
GTCATTGATGACCACGAGCG_009,90
GTCATTGATGACCACGAGCG_010,121
GTCATTGATGACCACGAGCG_011,25
GTCATTGATGACCACGAGCG_012,174
GTCATTGATGACCACGAGCG_013,19
GTCATTGATGACCACGAGCG_014,120
GTCATTGATGACCACGAGCG_015,68
GTCATTGATGACCACGAGCG_016,144
GTCATTGATGACCACGAGCG_017,50
GTCATTGATGACCACGAGCG_018,43
GTCATTGATGACCACGAGCG_019,169
GTCATTGATGACCACGAGCG_020,17
GTCATTGATGACCACGAGCG_021,49
GTCATTGATGACCACGAGCG_022,188
GTCATTGATGACCACGAGCG_023,184
GTCATTGATGACCACGAGCG_024,188
GTCATTGATGACCACGAGCG_025,77
GTCATTGATGACCACGAGCG_026,9
TCCGACACCTGTTCTGACAG_001,131
TCCGACACCTGTTCTGACAG_002,17
TCCGACACCTGTTCTGACAG_003,118
TCCGACACCTGTTCTGACAG_004,67
TCCGACACCTGTTCTGACAG_005,76
TCCGACACCTGTTCTGACAG_006,88
TCCGACACCTGTTCTGACAG_007,2
TCCGACACCTGTTCTGACAG_008,140
TCCGACACCTGTTCTGACAG_009,52
TCCGACACCTGTTCTGACAG_010,9
TCCGACACCTGTTCTGACAG_011,10
ACAATCTCACTAATTTACGC_001,77
ACAATCTCACTAATTTACGC_002,149
ACAATCTCACTAATTTACGC_003,116
ACAATCTCACTAATTTACGC_004,75
ACAATCTCACTAATTTACGC_005,22
ACAATCTCACTAATTTACGC_006,183
ACAATCTCACTAATTTACGC_007,53
ACAATCTCACTAATTTACGC_008,17
ACAATCTCACTAATTTACGC_009,166
ACAATCTCACTAATTTACGC_010,166
ACAATCTCACTAATTTACGC_011,104
ACAATCTCACTAATTTACGC_012,46
GAAAGAGAAGTATCTCCCGA_001,26
GAAAGAGAAGTATCTCCCGA_002,135
GAAAGAGAAGTATCTCCCGA_003,144
CACACGATCCAGCACACGAA_001,113
CACACGATCCAGCACACGAA_002,19
CACACGATCCAGCACACGAA_003,91
CACACGATCCAGCACACGAA_004,93
CACACGATCCAGCACACGAA_005,156
CACACGATCCAGCACACGAA_006,191
CACACGATCCAGCACACGAA_007,106
CACACGATCCAGCACACGAA_008,181
CACACGATCCAGCACACGAA_009,34
CACACGATCCAGCACACGAA_010,146
CACACGATCCAGCACACGAA_011,8
TGACTGCGACCCAGTGACTG_001,50
TGACTGCGACCCAGTGACTG_002,92
TGACTGCGACCCAGTGACTG_003,69
AGGCACCACACCAACCCCGT_001,12
AGGCACCACACCAACCCCGT_002,61
AGGCACCACACCAACCCCGT_003,91
AGGCACCACACCAACCCCGT_004,178
AGGCACCACACCAACCCCGT_005,103
AGGCACCACACCAACCCCGT_006,10
AGGCACCACACCAACCCCGT_007,97
AGGCACCACACCAACCCCGT_008,17
AGGCACCACACCAACCCCGT_009,102
AGGCACCACACCAACCCCGT_010,137
AGGCACCACACCAACCCCGT_011,84
AGGCACCACACCAACCCCGT_012,140
AGGCACCACACCAACCCCGT_013,108
TTGAAACCAAGGAAGCATCG_001,12
TTGAAACCAAGGAAGCATCG_002,17
TTGAAACCAAGGAAGCATCG_003,139
TTGAAACCAAGGAAGCATCG_004,156
TTGAAACCAAGGAAGCATCG_005,54
CACTGCGGGGCTCTCGATGG_001,116
CACTGCGGGGCTCTCGATGG_002,130
CAGGTTGTCTACTCGCCCAG_001,128
CAGGTTGTCTACTCGCCCAG_002,21
CAGGTTGTCTACTCGCCCAG_003,122
CAGGTTGTCTACTCGCCCAG_004,32
CAGGTTGTCTACTCGCCCAG_005,192
CAGGTTGTCTACTCGCCCAG_006,151
CAGGTTGTCTACTCGCCCAG_007,43
CAGGTTGTCTACTCGCCCAG_008,123
CAGGTTGTCTACTCGCCCAG_009,33
CAGGTTGTCTACTCGCCCAG_010,92
CAGGTTGTCTACTCGCCCAG_011,28
CAGGTTGTCTACTCGCCCAG_012,49
CAGGTTGTCTACTCGCCCAG_013,163
CAGGTTGTCTACTCGCCCAG_014,88
CAGGTTGTCTACTCGCCCAG_015,40
CAGGTTGTCTACTCGCCCAG_016,182
CAGGTTGTCTACTCGCCCAG_017,147
CAGGTTGTCTACTCGCCCAG_018,28
ACTTAATGAACAAGACAGTG_001,17
ACTTAATGAACAAGACAGTG_002,129
ACTTAATGAACAAGACAGTG_003,102
ACTTAATGAACAAGACAGTG_004,139
ACTTAATGAACAAGACAGTG_005,22
ACTTAATGAACAAGACAGTG_006,89
ACTTAATGAACAAGACAGTG_007,134
ACTTAATGAACAAGACAGTG_008,39
ACTTAATGAACAAGACAGTG_009,165
ACTTAATGAACAAGACAGTG_010,78
ACTTAATGAACAAGACAGTG_011,50
ACTTAATGAACAAGACAGTG_012,161
ACTTAATGAACAAGACAGTG_013,12
GGAGAAGTGATACATACCAA_001,104
GGAGAAGTGATACATACCAA_002,52
GGAGAAGTGATACATACCAA_003,188
GGAGAAGTGATACATACCAA_004,2
GGAGAAGTGATACATACCAA_005,164
GGAGAAGTGATACATACCAA_006,40
GGAGAAGTGATACATACCAA_007,76
GGAGAAGTGATACATACCAA_008,60
TGCAATCTTCAGTTCCCGAG_001,15
TGCAATCTTCAGTTCCCGAG_002,62
TGCAATCTTCAGTTCCCGAG_003,81
TGCAATCTTCAGTTCCCGAG_004,6
TGCAATCTTCAGTTCCCGAG_005,6
GCGGGCCTGAAGGAGGACCT_001,29
GCGGGCCTGAAGGAGGACCT_002,169
GCGGGCCTGAAGGAGGACCT_003,96
GCGGGCCTGAAGGAGGACCT_004,85
GCGGGCCTGAAGGAGGACCT_005,195
GCGGGCCTGAAGGAGGACCT_006,77
GCGGGCCTGAAGGAGGACCT_007,149
GCGGGCCTGAAGGAGGACCT_008,15
GCGGGCCTGAAGGAGGACCT_009,18
GCGGGCCTGAAGGAGGACCT_010,50
GCGGGCCTGAAGGAGGACCT_011,170
GCGGGCCTGAAGGAGGACCT_012,76
GGGTCCACGACATCCACTAG_001,24
GGGTCCACGACATCCACTAG_002,188
GGGTCCACGACATCCACTAG_003,123
GGGTCCACGACATCCACTAG_004,115
GGGTCCACGACATCCACTAG_005,68
GGGTCCACGACATCCACTAG_006,175
GGGTCCACGACATCCACTAG_007,177
GGGTCCACGACATCCACTAG_008,178
GGGTCCACGACATCCACTAG_009,106
GGGTCCACGACATCCACTAG_010,182
GGGTCCACGACATCCACTAG_011,61
GGGTCCACGACATCCACTAG_012,147
GGGTCCACGACATCCACTAG_013,184
GGGTCCACGACATCCACTAG_014,121
GGGTCCACGACATCCACTAG_015,177
GGGTCCACGACATCCACTAG_016,11
GGGTCCACGACATCCACTAG_017,20
GGGTCCACGACATCCACTAG_018,40
GGGTCCACGACATCCACTAG_019,72
GGGTCCACGACATCCACTAG_020,40
GGGTCCACGACATCCACTAG_021,172
GGGTCCACGACATCCACTAG_022,99
GGGTCCACGACATCCACTAG_023,135
GGGTCCACGACATCCACTAG_024,11
GAGTGCAGGAACTTTGAGCA_001,2
GAGTGCAGGAACTTTGAGCA_002,177
GAGTGCAGGAACTTTGAGCA_003,103
GAGTGCAGGAACTTTGAGCA_004,78
GAGTGCAGGAACTTTGAGCA_005,174
GAGTGCAGGAACTTTGAGCA_006,151
GAGTGCAGGAACTTTGAGCA_007,150
GAGTGCAGGAACTTTGAGCA_008,134
GAGTGCAGGAACTTTGAGCA_009,40
GAGTGCAGGAACTTTGAGCA_010,50
GAGTGCAGGAACTTTGAGCA_011,146
GAGTGCAGGAACTTTGAGCA_012,137
GAGTGCAGGAACTTTGAGCA_013,69
GAGTGCAGGAACTTTGAGCA_014,137
GAGTGCAGGAACTTTGAGCA_015,118
GAGTGCAGGAACTTTGAGCA_016,117
GAGTGCAGGAACTTTGAGCA_017,23
GAGTGCAGGAACTTTGAGCA_018,149
GAGTGCAGGAACTTTGAGCA_019,49
GAGTGCAGGAACTTTGAGCA_020,92
GAGTGCAGGAACTTTGAGCA_021,17
GAGTGCAGGAACTTTGAGCA_022,7
GAGTGCAGGAACTTTGAGCA_023,35
GAGTGCAGGAACTTTGAGCA_024,97
GAGTGCAGGAACTTTGAGCA_025,66
GAGTGCAGGAACTTTGAGCA_026,169
GAGTGCAGGAACTTTGAGCA_027,18
CGCCGGGCCTCGGAGTCCTG_001,80
CGCCGGGCCTCGGAGTCCTG_002,48
CGCCGGGCCTCGGAGTCCTG_003,11
CGCCGGGCCTCGGAGTCCTG_004,9
CGCCGGGCCTCGGAGTCCTG_005,1
CGCCGGGCCTCGGAGTCCTG_006,49
CGCCGGGCCTCGGAGTCCTG_007,140
CGCCGGGCCTCGGAGTCCTG_008,198
CGCCGGGCCTCGGAGTCCTG_009,27
CGCCGGGCCTCGGAGTCCTG_010,177
CGCCGGGCCTCGGAGTCCTG_011,33
TGAAACCTGGTAGTAAAATC_001,114
TGAAACCTGGTAGTAAAATC_002,74
AGTCTCGGGCGACCAGATCG_001,174
AGTCTCGGGCGACCAGATCG_002,133
AGTCTCGGGCGACCAGATCG_003,74
AGTCTCGGGCGACCAGATCG_004,36
AGTCTCGGGCGACCAGATCG_005,4
AGTCTCGGGCGACCAGATCG_006,151
AGTCTCGGGCGACCAGATCG_007,171
AGTCTCGGGCGACCAGATCG_008,64
AGTCTCGGGCGACCAGATCG_009,138
AGTCTCGGGCGACCAGATCG_010,153
AGTCTCGGGCGACCAGATCG_011,104
AGGAGGTGAGCCTCTCGGCG_001,125
AGGAGGTGAGCCTCTCGGCG_002,126
AGGAGGTGAGCCTCTCGGCG_003,165
AGGAGGTGAGCCTCTCGGCG_004,26
AGGAGGTGAGCCTCTCGGCG_005,66
AGGAGGTGAGCCTCTCGGCG_006,123
AGGAGGTGAGCCTCTCGGCG_007,60
TCATCTCCATAAGTAGACCA_001,188
TCATCTCCATAAGTAGACCA_002,190
TCATCTCCATAAGTAGACCA_003,158
CTGTATGACGACCTTGACGG_001,33
CTGTATGACGACCTTGACGG_002,95
CTGTATGACGACCTTGACGG_003,88
CTGTATGACGACCTTGACGG_004,107
CTGTATGACGACCTTGACGG_005,122
CTGTATGACGACCTTGACGG_006,20
CTGTATGACGACCTTGACGG_007,141
CTGTATGACGACCTTGACGG_008,174
CTGTATGACGACCTTGACGG_009,18
CTGTATGACGACCTTGACGG_010,70
CTGTATGACGACCTTGACGG_011,170
CTGTATGACGACCTTGACGG_012,19
CTGTATGACGACCTTGACGG_013,124
CTGTATGACGACCTTGACGG_014,17
CTGTATGACGACCTTGACGG_015,50
CTGTATGACGACCTTGACGG_016,91
CTGTATGACGACCTTGACGG_017,48
CTGTATGACGACCTTGACGG_018,102
CTGTATGACGACCTTGACGG_019,181
CTGTATGACGACCTTGACGG_020,58
CTGTATGACGACCTTGACGG_021,146
CTGTATGACGACCTTGACGG_022,91
CTGTATGACGACCTTGACGG_023,112
CTGTATGACGACCTTGACGG_024,119
CTGTATGACGACCTTGACGG_025,127
CTGTATGACGACCTTGACGG_026,127
CTGTATGACGACCTTGACGG_027,17
CTGTATGACGACCTTGACGG_028,94
CTGTATGACGACCTTGACGG_029,65
CTGTATGACGACCTTGACGG_030,19
CTGTATGACGACCTTGACGG_031,105
CTGTATGACGACCTTGACGG_032,115
CTGTATGACGACCTTGACGG_033,14
CTGTATGACGACCTTGACGG_034,145
CTGTATGACGACCTTGACGG_035,155
CTGTATGACGACCTTGACGG_036,147
CTGTATGACGACCTTGACGG_037,43
CTGTATGACGACCTTGACGG_038,157
CTGTATGACGACCTTGACGG_039,158
CTGTATGACGACCTTGACGG_040,98
CTGTATGACGACCTTGACGG_041,79
CTGTATGACGACCTTGACGG_042,108
GAATTCATGTACTCAACTGT_001,189
GAATTCATGTACTCAACTGT_002,170
GAATTCATGTACTCAACTGT_003,154
GAATTCATGTACTCAACTGT_004,8
GAATTCATGTACTCAACTGT_005,121
GAATTCATGTACTCAACTGT_006,57
AGGTCGAGTACTCCTTACCC_001,116
AGGTCGAGTACTCCTTACCC_002,149
AGGTCGAGTACTCCTTACCC_003,120
TGCTGTGAGTAAGTATACCA_001,184
TGCTGTGAGTAAGTATACCA_002,108
TGCTGTGAGTAAGTATACCA_003,17
TGCTGTGAGTAAGTATACCA_004,163
TGCTGTGAGTAAGTATACCA_005,1
CATGGACTGTAGAAACCGAG_001,34
CATGGACTGTAGAAACCGAG_002,165
CATGGACTGTAGAAACCGAG_003,174
CATGGACTGTAGAAACCGAG_004,72
CCTTGAGGTCAATGATCCAG_001,29
CCTTGAGGTCAATGATCCAG_002,181
CCTTGAGGTCAATGATCCAG_003,121
CCTTGAGGTCAATGATCCAG_004,33
CCTTGAGGTCAATGATCCAG_005,106
CCTTGAGGTCAATGATCCAG_006,38
CCTTGAGGTCAATGATCCAG_007,39
ACCAGCTGCTTAACCTAGGA_001,70
ACCAGCTGCTTAACCTAGGA_002,95
ACCAGCTGCTTAACCTAGGA_003,162
ACCAGCTGCTTAACCTAGGA_004,75
ACCAGCTGCTTAACCTAGGA_005,132
ACCAGCTGCTTAACCTAGGA_006,5
ACCAGCTGCTTAACCTAGGA_007,12
ACCAGCTGCTTAACCTAGGA_008,9
ACCAGCTGCTTAACCTAGGA_009,63
ACCAGCTGCTTAACCTAGGA_010,191
GGAGGCGGAAGGTCGCATAG_001,22
GGAGGCGGAAGGTCGCATAG_002,77
GGAGGCGGAAGGTCGCATAG_003,158
GGAGGCGGAAGGTCGCATAG_004,184
GGAGGCGGAAGGTCGCATAG_005,56
GGAGGCGGAAGGTCGCATAG_006,184
GGAGGCGGAAGGTCGCATAG_007,183
GGAGGCGGAAGGTCGCATAG_008,178
GGAGGCGGAAGGTCGCATAG_009,152
GGAGGCGGAAGGTCGCATAG_010,178
CATTGAAGGCGCCATCAACA_001,169
CATTGAAGGCGCCATCAACA_002,108
CATTGAAGGCGCCATCAACA_003,29
GTAGACGGTCTTGTGAGAGA_001,169
GTAGACGGTCTTGTGAGAGA_002,174
GTAGACGGTCTTGTGAGAGA_003,103
GTAGACGGTCTTGTGAGAGA_004,17
GTAGACGGTCTTGTGAGAGA_005,180
TGTACTGTCCATTTCATCAA_001,103
GAGGGGGAAACATTCACCCT_001,49
GAGGGGGAAACATTCACCCT_002,17
GAGGGGGAAACATTCACCCT_003,2
GAGGGGGAAACATTCACCCT_004,17
GAGGGGGAAACATTCACCCT_005,31
GAGGGGGAAACATTCACCCT_006,13
GAGGGGGAAACATTCACCCT_007,65
GAGGGGGAAACATTCACCCT_008,185
GAGGGGGAAACATTCACCCT_009,57
GAGGGGGAAACATTCACCCT_010,187
GAGGGGGAAACATTCACCCT_011,24
GAGGGGGAAACATTCACCCT_012,173
GAGGGGGAAACATTCACCCT_013,19
GAGGGGGAAACATTCACCCT_014,85
GAGGGGGAAACATTCACCCT_015,22
GAGGGGGAAACATTCACCCT_016,129
GAGGGGGAAACATTCACCCT_017,74
GAGGGGGAAACATTCACCCT_018,149
GAGGGGGAAACATTCACCCT_019,103
GAGGGGGAAACATTCACCCT_020,61
GAGGGGGAAACATTCACCCT_021,51
GAGGGGGAAACATTCACCCT_022,7
GAGGGGGAAACATTCACCCT_023,76
GAGGGGGAAACATTCACCCT_024,67
GCTGATTGGTCGAGACACTG_001,74
GCTGATTGGTCGAGACACTG_002,198
GCTGATTGGTCGAGACACTG_003,121
GCTGATTGGTCGAGACACTG_004,26
GCTGATTGGTCGAGACACTG_005,2
GCTGATTGGTCGAGACACTG_006,61
GCTGATTGGTCGAGACACTG_007,63
GCTGATTGGTCGAGACACTG_008,86
GCTGATTGGTCGAGACACTG_009,63
GCTGATTGGTCGAGACACTG_010,160
GCTGATTGGTCGAGACACTG_011,56
GCTGATTGGTCGAGACACTG_012,126
GCTGATTGGTCGAGACACTG_013,126
GCTGATTGGTCGAGACACTG_014,149
TACAGAAAATCGGTGAAGAG_001,23
TACAGAAAATCGGTGAAGAG_002,70
TACAGAAAATCGGTGAAGAG_003,100
TACAGAAAATCGGTGAAGAG_004,169
TACAGAAAATCGGTGAAGAG_005,199
TACAGAAAATCGGTGAAGAG_006,95
TACAGAAAATCGGTGAAGAG_007,169
TACAGAAAATCGGTGAAGAG_008,81
TACAGAAAATCGGTGAAGAG_009,81
TACAGAAAATCGGTGAAGAG_010,60
TACAGAAAATCGGTGAAGAG_011,177
TACAGAAAATCGGTGAAGAG_012,32
TACAGAAAATCGGTGAAGAG_013,184
TACAGAAAATCGGTGAAGAG_014,199
TACAGAAAATCGGTGAAGAG_015,108
GGAAACGAGTGAATTACGTC_001,51
GGAAACGAGTGAATTACGTC_002,24
GGAAACGAGTGAATTACGTC_003,128
GGAAACGAGTGAATTACGTC_004,57
GGAAACGAGTGAATTACGTC_005,141
GGAAACGAGTGAATTACGTC_006,160
GAGGCCGCTTCACCCCAGGG_001,169
GAGGCCGCTTCACCCCAGGG_002,172
GAGGCCGCTTCACCCCAGGG_003,197
GAGGCCGCTTCACCCCAGGG_004,48
CAGGAACACCAGCCGGTCGG_001,168
CAGGAACACCAGCCGGTCGG_002,104
CAGGAACACCAGCCGGTCGG_003,197
CAGGAACACCAGCCGGTCGG_004,43
CAGGAACACCAGCCGGTCGG_005,69
CAGGAACACCAGCCGGTCGG_006,126
CAGGAACACCAGCCGGTCGG_007,157
CAGGAACACCAGCCGGTCGG_008,53
CAGGAACACCAGCCGGTCGG_009,115
CAGGAACACCAGCCGGTCGG_010,29
CAGGAACACCAGCCGGTCGG_011,176
CAGGAACACCAGCCGGTCGG_012,156
CACATCGGCCCCAATAACCA_001,57
CACATCGGCCCCAATAACCA_002,145
CACATCGGCCCCAATAACCA_003,6
CACATCGGCCCCAATAACCA_004,94
CACATCGGCCCCAATAACCA_005,136
CACATCGGCCCCAATAACCA_006,49
TGTCCGGAGAATGTTCACGC_001,16
TGTCCGGAGAATGTTCACGC_002,137
TGTCCGGAGAATGTTCACGC_003,193
TGTCCGGAGAATGTTCACGC_004,106
TGTCCGGAGAATGTTCACGC_005,105
TGTCCGGAGAATGTTCACGC_006,14
TGTCCGGAGAATGTTCACGC_007,126
TGTCCGGAGAATGTTCACGC_008,179
TGTCCGGAGAATGTTCACGC_009,23
TGTCCGGAGAATGTTCACGC_010,169
TGTCCGGAGAATGTTCACGC_011,75
TGTCCGGAGAATGTTCACGC_012,50
TGTCCGGAGAATGTTCACGC_013,172
TGTCCGGAGAATGTTCACGC_014,176
TGTCCGGAGAATGTTCACGC_015,199
TGTCCGGAGAATGTTCACGC_016,12
TGTCCGGAGAATGTTCACGC_017,63
TGTCCGGAGAATGTTCACGC_018,48
TGTCCGGAGAATGTTCACGC_019,46
TGTCCGGAGAATGTTCACGC_020,179
TGTCCGGAGAATGTTCACGC_021,101
TGTCCGGAGAATGTTCACGC_022,79
TGTCCGGAGAATGTTCACGC_023,123
TGTCCGGAGAATGTTCACGC_024,68
TGTCCGGAGAATGTTCACGC_025,121
TGTCCGGAGAATGTTCACGC_026,176
TGTCCGGAGAATGTTCACGC_027,199
TGTCCGGAGAATGTTCACGC_028,29
TGTCCGGAGAATGTTCACGC_029,159
ACCCTCCGAATCGTAACGGA_001,43
ACCCTCCGAATCGTAACGGA_002,17
ACCCTCCGAATCGTAACGGA_003,26
ACCCTCCGAATCGTAACGGA_004,121
ACCCTCCGAATCGTAACGGA_005,183
ACCCTCCGAATCGTAACGGA_006,193
ACCCTCCGAATCGTAACGGA_007,91
ACCCTCCGAATCGTAACGGA_008,76
ACCCTCCGAATCGTAACGGA_009,8
ACCCTCCGAATCGTAACGGA_010,13
ACCCTCCGAATCGTAACGGA_011,103
ACCCTCCGAATCGTAACGGA_012,101
ACCCTCCGAATCGTAACGGA_013,4
ACCCTCCGAATCGTAACGGA_014,159
ACCCTCCGAATCGTAACGGA_015,174
ACCCTCCGAATCGTAACGGA_016,162
ACCCTCCGAATCGTAACGGA_017,4
ACCCTCCGAATCGTAACGGA_018,118
ACCCTCCGAATCGTAACGGA_019,190
ACCCTCCGAATCGTAACGGA_020,160
ACCCTCCGAATCGTAACGGA_021,182
ACCCTCCGAATCGTAACGGA_022,46
ACCCTCCGAATCGTAACGGA_023,48
ACCCTCCGAATCGTAACGGA_024,19
ACCCTCCGAATCGTAACGGA_025,48
ACCCTCCGAATCGTAACGGA_026,145
ACCCTCCGAATCGTAACGGA_027,78
ACCCTCCGAATCGTAACGGA_028,199
ACCCTCCGAATCGTAACGGA_029,54
ACCCTCCGAATCGTAACGGA_030,100
ACCCTCCGAATCGTAACGGA_031,64
ACCCTCCGAATCGTAACGGA_032,145
ACCCTCCGAATCGTAACGGA_033,60
TTGTGACCCAGATCCACCTG_001,17
TTGTGACCCAGATCCACCTG_002,176
TTGTGACCCAGATCCACCTG_003,45
TTGTGACCCAGATCCACCTG_004,64
TTGTGACCCAGATCCACCTG_005,2
TTGTGACCCAGATCCACCTG_006,32
TTGTGACCCAGATCCACCTG_007,130
TTGTGACCCAGATCCACCTG_008,62
TTGTGACCCAGATCCACCTG_009,75
TTGTGACCCAGATCCACCTG_010,39
TTGTGACCCAGATCCACCTG_011,41
TTGTGACCCAGATCCACCTG_012,68
TTGTGACCCAGATCCACCTG_013,152
TTGTGACCCAGATCCACCTG_014,49
CTCCGGGGCCGGAAGCACCG_001,16
CTCCGGGGCCGGAAGCACCG_002,171
CTCCGGGGCCGGAAGCACCG_003,162
CTCCGGGGCCGGAAGCACCG_004,92
CTCCGGGGCCGGAAGCACCG_005,172
CTCCGGGGCCGGAAGCACCG_006,105
CTCCGGGGCCGGAAGCACCG_007,50
CTCCGGGGCCGGAAGCACCG_008,89
CTCCGGGGCCGGAAGCACCG_009,41
CTCCGGGGCCGGAAGCACCG_010,175
CTCCGGGGCCGGAAGCACCG_011,175
CTCCGGGGCCGGAAGCACCG_012,1
CTCCGGGGCCGGAAGCACCG_013,90
CTCCGGGGCCGGAAGCACCG_014,150
CTCCGGGGCCGGAAGCACCG_015,172
CTCCGGGGCCGGAAGCACCG_016,33
CTCCGGGGCCGGAAGCACCG_017,141
GAGGATACCACAGACTCCGT_001,149
GAGGATACCACAGACTCCGT_002,9
GAGGATACCACAGACTCCGT_003,0
GAGGATACCACAGACTCCGT_004,184
GAGGATACCACAGACTCCGT_005,145
AAAATGATGCTTAGTCATGA_001,52
AAAATGATGCTTAGTCATGA_002,169
AAAATGATGCTTAGTCATGA_003,28
AAAATGATGCTTAGTCATGA_004,60
AAAATGATGCTTAGTCATGA_005,104
AAAATGATGCTTAGTCATGA_006,59
GCACTGTCCTACCTCACCGA_001,85
GCACTGTCCTACCTCACCGA_002,36
GCACTGTCCTACCTCACCGA_003,57
GCACTGTCCTACCTCACCGA_004,32
GCACTGTCCTACCTCACCGA_005,114
GCACTGTCCTACCTCACCGA_006,20
GCACTGTCCTACCTCACCGA_007,23
GCACTGTCCTACCTCACCGA_008,81
GCACTGTCCTACCTCACCGA_009,127
GCACTGTCCTACCTCACCGA_010,108
GCACTGTCCTACCTCACCGA_011,86
GCACTGTCCTACCTCACCGA_012,50
GCACTGTCCTACCTCACCGA_013,16
GCACTGTCCTACCTCACCGA_014,24
GCACTGTCCTACCTCACCGA_015,41
GCACTGTCCTACCTCACCGA_016,184
GCACTGTCCTACCTCACCGA_017,95
GCACTGTCCTACCTCACCGA_018,98
GCACTGTCCTACCTCACCGA_019,28
GCACTGTCCTACCTCACCGA_020,188
CTTACATAAATCACACGGCT_001,102
CTTACATAAATCACACGGCT_002,69
CTTACATAAATCACACGGCT_003,108
CTTACATAAATCACACGGCT_004,95
CTTACATAAATCACACGGCT_005,198
CTTACATAAATCACACGGCT_006,121
CTTACATAAATCACACGGCT_007,91
CTTACATAAATCACACGGCT_008,185
CTTACATAAATCACACGGCT_009,122
CTTACATAAATCACACGGCT_010,159
CTTACATAAATCACACGGCT_011,140
CTTACATAAATCACACGGCT_012,10
GCAGTGCACCTGCAAGTTAG_001,15
GCAGTGCACCTGCAAGTTAG_002,68
GCAGTGCACCTGCAAGTTAG_003,66
GCAGTGCACCTGCAAGTTAG_004,121
GCAGTGCACCTGCAAGTTAG_005,177
GCAGTGCACCTGCAAGTTAG_006,68
GCAGTGCACCTGCAAGTTAG_007,158
GCAGTGCACCTGCAAGTTAG_008,75
GCAGTGCACCTGCAAGTTAG_009,34
GCAGTGCACCTGCAAGTTAG_010,116
GCAGTGCACCTGCAAGTTAG_011,116
AGATAACTGTGTGTTCGATG_001,176
AGATAACTGTGTGTTCGATG_002,82
AGATAACTGTGTGTTCGATG_003,104
AGATAACTGTGTGTTCGATG_004,104
AGATAACTGTGTGTTCGATG_005,22
AGATAACTGTGTGTTCGATG_006,141
CTGTATGCGAAGCACTGACG_001,5
CTGTATGCGAAGCACTGACG_002,67
CTGTATGCGAAGCACTGACG_003,183
CTGTATGCGAAGCACTGACG_004,91
CTGTATGCGAAGCACTGACG_005,163
CTGTATGCGAAGCACTGACG_006,17
CTGTATGCGAAGCACTGACG_007,144
CTGTATGCGAAGCACTGACG_008,183
CTGTATGCGAAGCACTGACG_009,153
TTGGCACGGCTATTACTCTG_001,107
AAATGAGCTGAGACTTCCTA_001,106
AAATGAGCTGAGACTTCCTA_002,177
AAATGAGCTGAGACTTCCTA_003,128
AAATGAGCTGAGACTTCCTA_004,23
CTGCCTAAAAAGTTGTCGGG_001,197
CTGCCTAAAAAGTTGTCGGG_002,156
CTGCCTAAAAAGTTGTCGGG_003,2
CTGCCTAAAAAGTTGTCGGG_004,136
CTGCCTAAAAAGTTGTCGGG_005,170
CTGCCTAAAAAGTTGTCGGG_006,94
CTGCCTAAAAAGTTGTCGGG_007,172
GAGGGATTCTGGCATCAGGG_001,99
GAGGGATTCTGGCATCAGGG_002,15
GAGGGATTCTGGCATCAGGG_003,21
GAGGGATTCTGGCATCAGGG_004,53
GAGGGATTCTGGCATCAGGG_005,62
CAGTACCATGAACAGTCTCT_001,170
CAGTACCATGAACAGTCTCT_002,60
CAGTACCATGAACAGTCTCT_003,11
CAGTACCATGAACAGTCTCT_004,119
CAGTACCATGAACAGTCTCT_005,105
CAGTACCATGAACAGTCTCT_006,22
CAGTACCATGAACAGTCTCT_007,98
CAGTACCATGAACAGTCTCT_008,161
CAGTACCATGAACAGTCTCT_009,15
CAGTACCATGAACAGTCTCT_010,116
CAGTACCATGAACAGTCTCT_011,109
CAGTACCATGAACAGTCTCT_012,109
CAGTACCATGAACAGTCTCT_013,174
GAAGAGCATTCTGCCGCTTG_001,49
GAAGAGCATTCTGCCGCTTG_002,40
GAAGAGCATTCTGCCGCTTG_003,174
GAAGAGCATTCTGCCGCTTG_004,118
GAAGAGCATTCTGCCGCTTG_005,144
GAGAAGGAGATGGTTTCCTG_001,60
GAGAAGGAGATGGTTTCCTG_002,138
GAGAAGGAGATGGTTTCCTG_003,3
GAGAAGGAGATGGTTTCCTG_004,184
GAGAAGGAGATGGTTTCCTG_005,12
GAGAAGGAGATGGTTTCCTG_006,110
GAGAAGGAGATGGTTTCCTG_007,132
GAGAAGGAGATGGTTTCCTG_008,4
GAGAAGGAGATGGTTTCCTG_009,26
GAGAAGGAGATGGTTTCCTG_010,18
GAGAAGGAGATGGTTTCCTG_011,56
GAGAAGGAGATGGTTTCCTG_012,2
GAGAAGGAGATGGTTTCCTG_013,88
GAGAAGGAGATGGTTTCCTG_014,185
GAGAAGGAGATGGTTTCCTG_015,175
GAGAAGGAGATGGTTTCCTG_016,30
GAGAAGGAGATGGTTTCCTG_017,1
GAGAAGGAGATGGTTTCCTG_018,98
TAGAAGAATCCACCATAGGG_001,57
TAGAAGAATCCACCATAGGG_002,2
TAGAAGAATCCACCATAGGG_003,63
TGAGAAGTCATCCGGTCATG_001,50
TGAGAAGTCATCCGGTCATG_002,188
TGAGAAGTCATCCGGTCATG_003,103
TGAGAAGTCATCCGGTCATG_004,165
TGAGAAGTCATCCGGTCATG_005,30
TGAGAAGTCATCCGGTCATG_006,178
TGAGAAGTCATCCGGTCATG_007,170
TGTCACGCAGCACTTTGCGA_001,34
TGTCACGCAGCACTTTGCGA_002,137
TGTCACGCAGCACTTTGCGA_003,50
TGTCACGCAGCACTTTGCGA_004,115
TGTCACGCAGCACTTTGCGA_005,60
TGTCACGCAGCACTTTGCGA_006,49
ATCAGGCCTTGTCCGTGATT_001,26
ATCAGGCCTTGTCCGTGATT_002,88
ATCAGGCCTTGTCCGTGATT_003,140
ATCAGGCCTTGTCCGTGATT_004,146
ATCAGGCCTTGTCCGTGATT_005,32
ATCAGGCCTTGTCCGTGATT_006,19
ATCAGGCCTTGTCCGTGATT_007,29
ATCAGGCCTTGTCCGTGATT_008,183
ATCAGGCCTTGTCCGTGATT_009,198
ATCAGGCCTTGTCCGTGATT_010,127
ATCAGGCCTTGTCCGTGATT_011,0
ATCAGGCCTTGTCCGTGATT_012,147
ATCAGGCCTTGTCCGTGATT_013,118
ATCAGGCCTTGTCCGTGATT_014,106
ATCAGGCCTTGTCCGTGATT_015,7
ATCAGGCCTTGTCCGTGATT_016,117
ATCAGGCCTTGTCCGTGATT_017,26
ATCAGGCCTTGTCCGTGATT_018,26
ATCAGGCCTTGTCCGTGATT_019,63
ATCAGGCCTTGTCCGTGATT_020,150
ATCAGGCCTTGTCCGTGATT_021,29
ATCAGGCCTTGTCCGTGATT_022,9
ATCAGGCCTTGTCCGTGATT_023,168
ATCAGGCCTTGTCCGTGATT_024,47
ATCAGGCCTTGTCCGTGATT_025,196
AGTCTGTGTCGACGATCCAG_001,62
AGTCTGTGTCGACGATCCAG_002,185
AGTCTGTGTCGACGATCCAG_003,1
AGTCTGTGTCGACGATCCAG_004,12
AGTCTGTGTCGACGATCCAG_005,19
AGTCTGTGTCGACGATCCAG_006,57
AGTCTGTGTCGACGATCCAG_007,29
AGTCTGTGTCGACGATCCAG_008,199
AGTCTGTGTCGACGATCCAG_009,185
AAGATGGAGGGAGCACGTCT_001,8
AAGATGGAGGGAGCACGTCT_002,107
AAGATGGAGGGAGCACGTCT_003,114
AAGATGGAGGGAGCACGTCT_004,165
AAGATGGAGGGAGCACGTCT_005,77
AAGATGGAGGGAGCACGTCT_006,68
AAGATGGAGGGAGCACGTCT_007,149
AAGATGGAGGGAGCACGTCT_008,0
AAGATGGAGGGAGCACGTCT_009,18
AAGATGGAGGGAGCACGTCT_010,148
AAGATGGAGGGAGCACGTCT_011,59
AAGATGGAGGGAGCACGTCT_012,79
AAGATGGAGGGAGCACGTCT_013,57
AGCGGCGGGGACTGTCCCGG_001,32
AGCGGCGGGGACTGTCCCGG_002,185
AGCGGCGGGGACTGTCCCGG_003,157
AGCGGCGGGGACTGTCCCGG_004,38
AGCGGCGGGGACTGTCCCGG_005,101
AGCGGCGGGGACTGTCCCGG_006,49
AGCGGCGGGGACTGTCCCGG_007,21
AGCGGCGGGGACTGTCCCGG_008,169
AGCGGCGGGGACTGTCCCGG_009,105
AGCGGCGGGGACTGTCCCGG_010,49
AGCGGCGGGGACTGTCCCGG_011,42
AGCGGCGGGGACTGTCCCGG_012,31
AGCGGCGGGGACTGTCCCGG_013,31
AGCGGCGGGGACTGTCCCGG_014,101
AGCGGCGGGGACTGTCCCGG_015,191
AGCGGCGGGGACTGTCCCGG_016,8
AGCGGCGGGGACTGTCCCGG_017,184
AGCGGCGGGGACTGTCCCGG_018,78
AGCGGCGGGGACTGTCCCGG_019,112
AGCGGCGGGGACTGTCCCGG_020,58
AGCGGCGGGGACTGTCCCGG_021,27
AGCGGCGGGGACTGTCCCGG_022,115
AGCGGCGGGGACTGTCCCGG_023,160
AGCGGCGGGGACTGTCCCGG_024,155
AGCGGCGGGGACTGTCCCGG_025,116
CAGATGGCAACAATGGACAT_001,108
CAGATGGCAACAATGGACAT_002,103
CAGATGGCAACAATGGACAT_003,58
CAGATGGCAACAATGGACAT_004,1
CAGATGGCAACAATGGACAT_005,62
CAGATGGCAACAATGGACAT_006,80
CAGATGGCAACAATGGACAT_007,154
CAGATGGCAACAATGGACAT_008,48
CAGATGGCAACAATGGACAT_009,28
CAGATGGCAACAATGGACAT_010,156
ACCTCCAAGAGAGCAACGTG_001,153
ACCTCCAAGAGAGCAACGTG_002,154
ACCTCCAAGAGAGCAACGTG_003,60
ACCTCCAAGAGAGCAACGTG_004,11
ACCTCCAAGAGAGCAACGTG_005,10
ACCTCCAAGAGAGCAACGTG_006,0
ACCTCCAAGAGAGCAACGTG_007,170
ACCTCCAAGAGAGCAACGTG_008,76
ACCTCCAAGAGAGCAACGTG_009,169
ACCTCCAAGAGAGCAACGTG_010,84
ACCTCCAAGAGAGCAACGTG_011,69
ACCTCCAAGAGAGCAACGTG_012,96
ACCTCCAAGAGAGCAACGTG_013,17
ACCTCCAAGAGAGCAACGTG_014,27
ACCTCCAAGAGAGCAACGTG_015,59
ACCTCCAAGAGAGCAACGTG_016,151
ACCTCCAAGAGAGCAACGTG_017,114
ACCTCCAAGAGAGCAACGTG_018,97
ACCTCCAAGAGAGCAACGTG_019,175
ACCTCCAAGAGAGCAACGTG_020,18
ACCTCCAAGAGAGCAACGTG_021,158
ACCTCCAAGAGAGCAACGTG_022,98
ACCTCCAAGAGAGCAACGTG_023,92
ACCTCCAAGAGAGCAACGTG_024,118
ACCTCCAAGAGAGCAACGTG_025,107
ACCTCCAAGAGAGCAACGTG_026,105
ACCTCCAAGAGAGCAACGTG_027,70
ACCTCCAAGAGAGCAACGTG_028,79
CTCGGTCTGGATGACGCAGT_001,193
CTCGGTCTGGATGACGCAGT_002,57
CTCGGTCTGGATGACGCAGT_003,177
ATCCCGATGTGCAAGGACAT_001,111
ATCCCGATGTGCAAGGACAT_002,83
ATCCCGATGTGCAAGGACAT_003,49
ATCCCGATGTGCAAGGACAT_004,163
ATCCCGATGTGCAAGGACAT_005,184
ATCCCGATGTGCAAGGACAT_006,147
ATCCCGATGTGCAAGGACAT_007,95
ATCCCGATGTGCAAGGACAT_008,156
ATCCCGATGTGCAAGGACAT_009,61
ATCCCGATGTGCAAGGACAT_010,86
ATCCCGATGTGCAAGGACAT_011,101
ATCCCGATGTGCAAGGACAT_012,184
ATCCCGATGTGCAAGGACAT_013,166
ATCCCGATGTGCAAGGACAT_014,124
ATCCCGATGTGCAAGGACAT_015,77
ATCCCGATGTGCAAGGACAT_016,36
CATGTCTGTGGACAAATGCG_001,59
CATGTCTGTGGACAAATGCG_002,74
AGGACCCCATACCTGGAACA_001,160
AGGACCCCATACCTGGAACA_002,178
AGGACCCCATACCTGGAACA_003,140
AGGACCCCATACCTGGAACA_004,147
AGGACCCCATACCTGGAACA_005,40
CAGGGCCTGTCGGTTCACCG_001,139
CAGGGCCTGTCGGTTCACCG_002,58
CAGGGCCTGTCGGTTCACCG_003,48
CAGGGCCTGTCGGTTCACCG_004,130
CAGGGCCTGTCGGTTCACCG_005,184
CAGGGCCTGTCGGTTCACCG_006,174
CAGGGCCTGTCGGTTCACCG_007,94
CAGGGCCTGTCGGTTCACCG_008,82
CAGGGCCTGTCGGTTCACCG_009,134
CAGGGCCTGTCGGTTCACCG_010,19
CAGGGCCTGTCGGTTCACCG_011,169
CAGGGCCTGTCGGTTCACCG_012,40
CAGGGCCTGTCGGTTCACCG_013,104
CAGGGCCTGTCGGTTCACCG_014,19
CAGGGCCTGTCGGTTCACCG_015,12
CAGGGCCTGTCGGTTCACCG_016,106
CAGGGCCTGTCGGTTCACCG_017,48
CAGGGCCTGTCGGTTCACCG_018,174
CAGGGCCTGTCGGTTCACCG_019,145
CAGGGCCTGTCGGTTCACCG_020,94
CAGGGCCTGTCGGTTCACCG_021,81
CAGGGCCTGTCGGTTCACCG_022,67
CAGGGCCTGTCGGTTCACCG_023,185
CAGGGCCTGTCGGTTCACCG_024,85
CAGGGCCTGTCGGTTCACCG_025,12
CAGGGCCTGTCGGTTCACCG_026,83
CAGGGCCTGTCGGTTCACCG_027,191
CAGGGCCTGTCGGTTCACCG_028,56
CAGGGCCTGTCGGTTCACCG_029,63
CAGGGCCTGTCGGTTCACCG_030,115
CAGGGCCTGTCGGTTCACCG_031,142
CAGGGCCTGTCGGTTCACCG_032,19
GATGACCCGGGAGTTGTCGA_001,49
GATGACCCGGGAGTTGTCGA_002,26
GATGACCCGGGAGTTGTCGA_003,113
GATGACCCGGGAGTTGTCGA_004,145
GATGACCCGGGAGTTGTCGA_005,2
GATGACCCGGGAGTTGTCGA_006,61
GATGACCCGGGAGTTGTCGA_007,30
GATGACCCGGGAGTTGTCGA_008,185
GATGACCCGGGAGTTGTCGA_009,10
GATGACCCGGGAGTTGTCGA_010,55
ACAACTTGTAGACGACGCTA_001,14
ACAACTTGTAGACGACGCTA_002,84
ACAACTTGTAGACGACGCTA_003,82
ACAACTTGTAGACGACGCTA_004,8
AGATCTAGAACAGCTCAAGT_001,48
AGATCTAGAACAGCTCAAGT_002,177
AGATCTAGAACAGCTCAAGT_003,163
AGATCTAGAACAGCTCAAGT_004,158
AGATCTAGAACAGCTCAAGT_005,69
AGATCTAGAACAGCTCAAGT_006,137
AGATCTAGAACAGCTCAAGT_007,89
AGATCTAGAACAGCTCAAGT_008,119
AGATCTAGAACAGCTCAAGT_009,185
AGATCTAGAACAGCTCAAGT_010,105
AGATCTAGAACAGCTCAAGT_011,97
AGATCTAGAACAGCTCAAGT_012,10
ACTGCCCATAGACGGATGCT_001,175
ACTGCCCATAGACGGATGCT_002,21
ACTGCCCATAGACGGATGCT_003,151
ACTGCCCATAGACGGATGCT_004,116
ACTGCCCATAGACGGATGCT_005,161
ACTGCCCATAGACGGATGCT_006,130
ACTGCCCATAGACGGATGCT_007,80
ACTGCCCATAGACGGATGCT_008,36
ACTGCCCATAGACGGATGCT_009,196
ACTGCCCATAGACGGATGCT_010,168
ACTGCCCATAGACGGATGCT_011,22
ACTGCCCATAGACGGATGCT_012,129
ACTGCCCATAGACGGATGCT_013,181
ACTGCCCATAGACGGATGCT_014,2
ACTGCCCATAGACGGATGCT_015,141
ACTGCCCATAGACGGATGCT_016,149
ACTGCCCATAGACGGATGCT_017,77
ACTGCCCATAGACGGATGCT_018,44
ACTGCCCATAGACGGATGCT_019,191
ACTGCCCATAGACGGATGCT_020,198
ACTGCCCATAGACGGATGCT_021,37
ATGCAGGTCGTGTACAACGT_001,162
ATGCAGGTCGTGTACAACGT_002,21
ATGCAGGTCGTGTACAACGT_003,76
ATGCAGGTCGTGTACAACGT_004,12
ATGCAGGTCGTGTACAACGT_005,16
ATGCAGGTCGTGTACAACGT_006,76
ATGCAGGTCGTGTACAACGT_007,130
ATGCAGGTCGTGTACAACGT_008,78
ATGCAGGTCGTGTACAACGT_009,76
ATGCAGGTCGTGTACAACGT_010,65
ATGCAGGTCGTGTACAACGT_011,40
GAACTCAATTAAATGGCGAA_001,10
GAACTCAATTAAATGGCGAA_002,104
GAACTCAATTAAATGGCGAA_003,165
GAAGCTGAGACTGTACACAA_001,1
GAAGCTGAGACTGTACACAA_002,20
GAAGCTGAGACTGTACACAA_003,1
GAAGCTGAGACTGTACACAA_004,36
GAAGCTGAGACTGTACACAA_005,57
GAAGCTGAGACTGTACACAA_006,162
GAAGCTGAGACTGTACACAA_007,78
GAAGCTGAGACTGTACACAA_008,25
CTGGCTCCCCGCGTGCGTCG_001,149
CTGGCTCCCCGCGTGCGTCG_002,36
CTGGCTCCCCGCGTGCGTCG_003,108
CTGGCTCCCCGCGTGCGTCG_004,157
CTGGCTCCCCGCGTGCGTCG_005,150
CTGGCTCCCCGCGTGCGTCG_006,98
CTGGCTCCCCGCGTGCGTCG_007,29
CTGGCTCCCCGCGTGCGTCG_008,78
CTGGCTCCCCGCGTGCGTCG_009,149
CTGGCTCCCCGCGTGCGTCG_010,62
CTGGCTCCCCGCGTGCGTCG_011,15
CTGGCTCCCCGCGTGCGTCG_012,166
CTGGCTCCCCGCGTGCGTCG_013,196
CTGGCTCCCCGCGTGCGTCG_014,15
CTGGCTCCCCGCGTGCGTCG_015,41
CTGGCTCCCCGCGTGCGTCG_016,52
CTGGCTCCCCGCGTGCGTCG_017,82
CTGGCTCCCCGCGTGCGTCG_018,6
CTGGCTCCCCGCGTGCGTCG_019,99
CTGGCTCCCCGCGTGCGTCG_020,84
CTGGCTCCCCGCGTGCGTCG_021,119
CTGGCTCCCCGCGTGCGTCG_022,35
CTGGCTCCCCGCGTGCGTCG_023,63
CTGGCTCCCCGCGTGCGTCG_024,43
CTGGCTCCCCGCGTGCGTCG_025,168
CTGGCTCCCCGCGTGCGTCG_026,70
CTGGCTCCCCGCGTGCGTCG_027,1
CTGGCTCCCCGCGTGCGTCG_028,46
CTGGCTCCCCGCGTGCGTCG_029,56
CTGGCTCCCCGCGTGCGTCG_030,147
CTGGCTCCCCGCGTGCGTCG_031,72
CTGGCTCCCCGCGTGCGTCG_032,29
CTGGCTCCCCGCGTGCGTCG_033,85
GCCTATGAAGATGTGGTCGG_001,36
GCCTATGAAGATGTGGTCGG_002,189
GCCTATGAAGATGTGGTCGG_003,137
GCCTATGAAGATGTGGTCGG_004,142
GCCTATGAAGATGTGGTCGG_005,77
GCCTATGAAGATGTGGTCGG_006,41
GCCTATGAAGATGTGGTCGG_007,159
GCCTATGAAGATGTGGTCGG_008,159
GCCTATGAAGATGTGGTCGG_009,68
GCCTATGAAGATGTGGTCGG_010,106
CATGGGTTGGTGAATGAGCT_001,132
CATGGGTTGGTGAATGAGCT_002,120
CATGGGTTGGTGAATGAGCT_003,16
CATGGGTTGGTGAATGAGCT_004,121
CATGGGTTGGTGAATGAGCT_005,107
CATGGGTTGGTGAATGAGCT_006,147
CATGGGTTGGTGAATGAGCT_007,99
CATGGGTTGGTGAATGAGCT_008,126
CATGGGTTGGTGAATGAGCT_009,71
CATGGGTTGGTGAATGAGCT_010,146
CATGGGTTGGTGAATGAGCT_011,199
CATGGGTTGGTGAATGAGCT_012,172
CATGGGTTGGTGAATGAGCT_013,1
CATGGGTTGGTGAATGAGCT_014,158
CATGGGTTGGTGAATGAGCT_015,184
CATGGGTTGGTGAATGAGCT_016,44
CATGGGTTGGTGAATGAGCT_017,171
CATGGGTTGGTGAATGAGCT_018,194
CATGGGTTGGTGAATGAGCT_019,146
CATGGGTTGGTGAATGAGCT_020,117
CATGGGTTGGTGAATGAGCT_021,127
CATGGGTTGGTGAATGAGCT_022,126
GGAAGGTCCTATTTCCGGCA_001,114
GGAAGGTCCTATTTCCGGCA_002,127
GGAAGGTCCTATTTCCGGCA_003,40
GGAAGGTCCTATTTCCGGCA_004,176
GGAAGGTCCTATTTCCGGCA_005,65
GGAAGGTCCTATTTCCGGCA_006,148
GGAAGGTCCTATTTCCGGCA_007,199
GGAAGGTCCTATTTCCGGCA_008,17
GGGACGACAGTCCAAGTACG_001,159
GGGACGACAGTCCAAGTACG_002,55
GGGACGACAGTCCAAGTACG_003,67
GGGACGACAGTCCAAGTACG_004,2
GGGACGACAGTCCAAGTACG_005,88
GGGTGGCATCAGCTCCAAAG_001,1
ATTATCGCAGTGACAACAGA_001,44
ATTATCGCAGTGACAACAGA_002,129
ATTATCGCAGTGACAACAGA_003,144
ATTATCGCAGTGACAACAGA_004,22
ATTATCGCAGTGACAACAGA_005,22
ATTATCGCAGTGACAACAGA_006,104
AGCCGGGAAAACCGCAGACG_001,121
AGCCGGGAAAACCGCAGACG_002,28
AGCCGGGAAAACCGCAGACG_003,77
AGCCGGGAAAACCGCAGACG_004,185
AGCCGGGAAAACCGCAGACG_005,9
GAGATCTCAGATATTTATGG_001,162
GAGATCTCAGATATTTATGG_002,137
GAGATCTCAGATATTTATGG_003,13
GAGATCTCAGATATTTATGG_004,121
GAGATCTCAGATATTTATGG_005,148
GAATCTCAGTTACGACAGGT_001,81
GAATCTCAGTTACGACAGGT_002,12
GAATCTCAGTTACGACAGGT_003,94
GAATCTCAGTTACGACAGGT_004,123
TGGAGCTGACATCTCGCCGT_001,152
AGAGTGTAATGTCAACCACA_001,58
AGAGTGTAATGTCAACCACA_002,27
AGAGTGTAATGTCAACCACA_003,41
AGAGTGTAATGTCAACCACA_004,132
AGAGTGTAATGTCAACCACA_005,126
AGAGTGTAATGTCAACCACA_006,79
AGAGTGTAATGTCAACCACA_007,85
AGAGTGTAATGTCAACCACA_008,104
AGAGTGTAATGTCAACCACA_009,51
GCTGGAAAGTGACCTCAAAG_001,2
GCTGGAAAGTGACCTCAAAG_002,6
GCTGGAAAGTGACCTCAAAG_003,109
GCTGGAAAGTGACCTCAAAG_004,19
GCTGGAAAGTGACCTCAAAG_005,199
GCTGGAAAGTGACCTCAAAG_006,127
GCTGGAAAGTGACCTCAAAG_007,104
GCTGGAAAGTGACCTCAAAG_008,197
GCTGGAAAGTGACCTCAAAG_009,192
GCTGGAAAGTGACCTCAAAG_010,180
GCTGGAAAGTGACCTCAAAG_011,165
ACATCATGAGCAGGCAGCAG_001,23
ACATCATGAGCAGGCAGCAG_002,134
ACATCATGAGCAGGCAGCAG_003,26
ACATCATGAGCAGGCAGCAG_004,26
ACATCATGAGCAGGCAGCAG_005,157
ACATCATGAGCAGGCAGCAG_006,43
ACATCATGAGCAGGCAGCAG_007,130
ACATCATGAGCAGGCAGCAG_008,119
ACATCATGAGCAGGCAGCAG_009,94
ACATCATGAGCAGGCAGCAG_010,121
ACATCATGAGCAGGCAGCAG_011,127
ACATCATGAGCAGGCAGCAG_012,148
ACATCATGAGCAGGCAGCAG_013,150
ACATCATGAGCAGGCAGCAG_014,127
ACATCATGAGCAGGCAGCAG_015,158
ACATCATGAGCAGGCAGCAG_016,54
ACATCATGAGCAGGCAGCAG_017,147
ACATCATGAGCAGGCAGCAG_018,63
ACATCATGAGCAGGCAGCAG_019,178
ACATCATGAGCAGGCAGCAG_020,127
ACATCATGAGCAGGCAGCAG_021,5
CATGGCACCATGCTCGATAG_001,78
CATGGCACCATGCTCGATAG_002,110
CATGGCACCATGCTCGATAG_003,145
CATGGCACCATGCTCGATAG_004,165
CATGGCACCATGCTCGATAG_005,139
CATGGCACCATGCTCGATAG_006,111
TCACAATGGAGTGCGCACAT_001,106
TCACAATGGAGTGCGCACAT_002,184
TCACAATGGAGTGCGCACAT_003,118
TCACAATGGAGTGCGCACAT_004,12
TCACAATGGAGTGCGCACAT_005,77
TCACAATGGAGTGCGCACAT_006,77
TCACAATGGAGTGCGCACAT_007,23
TCACAATGGAGTGCGCACAT_008,64
TCACAATGGAGTGCGCACAT_009,78
TCACAATGGAGTGCGCACAT_010,185
TCACAATGGAGTGCGCACAT_011,25
TCACAATGGAGTGCGCACAT_012,74
TCACAATGGAGTGCGCACAT_013,17
TCACAATGGAGTGCGCACAT_014,58
TCACAATGGAGTGCGCACAT_015,9
TCACAATGGAGTGCGCACAT_016,107
TCACAATGGAGTGCGCACAT_017,4
TCACAATGGAGTGCGCACAT_018,97
TCACAATGGAGTGCGCACAT_019,66
ACTCACGCCGGTAGTAGTCG_001,50
ACTCACGCCGGTAGTAGTCG_002,9
ACTCACGCCGGTAGTAGTCG_003,51
ACTCACGCCGGTAGTAGTCG_004,137
CCAACATAGAGATAATACTG_001,11
CCAACATAGAGATAATACTG_002,76
CCAACATAGAGATAATACTG_003,191
CCAACATAGAGATAATACTG_004,58
CCAACATAGAGATAATACTG_005,58
CCAACATAGAGATAATACTG_006,147
CCAACATAGAGATAATACTG_007,58
CCAACATAGAGATAATACTG_008,94
CCAACATAGAGATAATACTG_009,38
CAAACAAGGCTGCACCCTCC_001,130
CAAACAAGGCTGCACCCTCC_002,60
CAAACAAGGCTGCACCCTCC_003,13
CAAACAAGGCTGCACCCTCC_004,65
CAAACAAGGCTGCACCCTCC_005,104
CAAACAAGGCTGCACCCTCC_006,41
CAAACAAGGCTGCACCCTCC_007,78
CAAACAAGGCTGCACCCTCC_008,56
CAAACAAGGCTGCACCCTCC_009,68
CAAACAAGGCTGCACCCTCC_010,98
AGCATGTCTTCATCCATGAG_001,68
AGCATGTCTTCATCCATGAG_002,105
AGCATGTCTTCATCCATGAG_003,195
AGCATGTCTTCATCCATGAG_004,114
AGCATGTCTTCATCCATGAG_005,28
CATGGCTATTAAGACAGATG_001,121
CATGGCTATTAAGACAGATG_002,171
CATGGCTATTAAGACAGATG_003,163
CATGGCTATTAAGACAGATG_004,86
CATGGCTATTAAGACAGATG_005,45
ACGTTCCCTTCAAGACACAG_001,68
ACGTTCCCTTCAAGACACAG_002,65
ACGTTCCCTTCAAGACACAG_003,88
ACGTTCCCTTCAAGACACAG_004,80
ACGTTCCCTTCAAGACACAG_005,84
ACGTTCCCTTCAAGACACAG_006,154
ACGTTCCCTTCAAGACACAG_007,191
ACGTTCCCTTCAAGACACAG_008,105
ACGTTCCCTTCAAGACACAG_009,71
ACGTTCCCTTCAAGACACAG_010,110
ACGTTCCCTTCAAGACACAG_011,127
ACGTTCCCTTCAAGACACAG_012,68
ACGTTCCCTTCAAGACACAG_013,15
ACGTTCCCTTCAAGACACAG_014,168
ACGTTCCCTTCAAGACACAG_015,96
ACGTTCCCTTCAAGACACAG_016,76
ACGTTCCCTTCAAGACACAG_017,21
ACGTTCCCTTCAAGACACAG_018,22
ACGTTCCCTTCAAGACACAG_019,138
ACGTTCCCTTCAAGACACAG_020,62
ACGTTCCCTTCAAGACACAG_021,103
ACGTTCCCTTCAAGACACAG_022,85
ACGTTCCCTTCAAGACACAG_023,112
ACGTTCCCTTCAAGACACAG_024,0
ACGTTCCCTTCAAGACACAG_025,43
ACGTTCCCTTCAAGACACAG_026,51
ACGTTCCCTTCAAGACACAG_027,36
ACGTTCCCTTCAAGACACAG_028,90
ACGTTCCCTTCAAGACACAG_029,157
ACGTTCCCTTCAAGACACAG_030,50
ACGTTCCCTTCAAGACACAG_031,173
ACGTTCCCTTCAAGACACAG_032,1
ACGTTCCCTTCAAGACACAG_033,148
ACGTTCCCTTCAAGACACAG_034,80
ACGTTCCCTTCAAGACACAG_035,152
ACGTTCCCTTCAAGACACAG_036,138
TCCTATTGAAAAGTGACCTG_001,33
TCCTATTGAAAAGTGACCTG_002,61
TCCTATTGAAAAGTGACCTG_003,72
TCCTATTGAAAAGTGACCTG_004,126
TCCTATTGAAAAGTGACCTG_005,94
CCGGGGGTGCGGCATACCCG_001,84
CCGGGGGTGCGGCATACCCG_002,82
CCGGGGGTGCGGCATACCCG_003,3
CCGGGGGTGCGGCATACCCG_004,166
CCGGGGGTGCGGCATACCCG_005,127
CCGGGGGTGCGGCATACCCG_006,41
CCGGGGGTGCGGCATACCCG_007,32
CCGGGGGTGCGGCATACCCG_008,183
AATTCTAAGAGTGGAAAGCG_001,139
AATTCTAAGAGTGGAAAGCG_002,102
AATTCTAAGAGTGGAAAGCG_003,101
GTGCTCCGGGATAACATCCA_001,44
GTGCTCCGGGATAACATCCA_002,198
GTGCTCCGGGATAACATCCA_003,169
GTGCTCCGGGATAACATCCA_004,149
AGGATAGTGGAATATGCCAC_001,80
AGGATAGTGGAATATGCCAC_002,50
AGGATAGTGGAATATGCCAC_003,105
AGGATAGTGGAATATGCCAC_004,127
AGGATAGTGGAATATGCCAC_005,199
AGGATAGTGGAATATGCCAC_006,199
AGGATAGTGGAATATGCCAC_007,192
AGGATAGTGGAATATGCCAC_008,62
CCAGTTGCTCTGGGGGAACA_001,185
CCAGTTGCTCTGGGGGAACA_002,4
CCAGTTGCTCTGGGGGAACA_003,171
CCAGTTGCTCTGGGGGAACA_004,136
CCAGTTGCTCTGGGGGAACA_005,106
CCAGTTGCTCTGGGGGAACA_006,113
CCAGTTGCTCTGGGGGAACA_007,83
CCAGTTGCTCTGGGGGAACA_008,60
CCAGTTGCTCTGGGGGAACA_009,198
CCAGTTGCTCTGGGGGAACA_010,16
CCAGTTGCTCTGGGGGAACA_011,67
CCAGTTGCTCTGGGGGAACA_012,169
CCAGTTGCTCTGGGGGAACA_013,64
CCAGTTGCTCTGGGGGAACA_014,120
CCAGTTGCTCTGGGGGAACA_015,82
CCAGTTGCTCTGGGGGAACA_016,105
TAATCTTCAAGGGTTCATGT_001,136
TGCAGCACAGCGTCTGCACG_001,58
CTGAAGACATGGAAGAGCAG_001,60
CTGAAGACATGGAAGAGCAG_002,60
CTGAAGACATGGAAGAGCAG_003,40
CTGAAGACATGGAAGAGCAG_004,69
CTGAAGACATGGAAGAGCAG_005,78
CTGAAGACATGGAAGAGCAG_006,127
CTGAAGACATGGAAGAGCAG_007,35
GGCCGTGTAAAAGCGCAGGT_001,126
GGCCGTGTAAAAGCGCAGGT_002,144
GGCCGTGTAAAAGCGCAGGT_003,115
GGCCGTGTAAAAGCGCAGGT_004,110
GGCCGTGTAAAAGCGCAGGT_005,89
GGCCGTGTAAAAGCGCAGGT_006,5
GGCCGTGTAAAAGCGCAGGT_007,56
TTGTTTGTACAGACTCGGAA_001,172
TTGTTTGTACAGACTCGGAA_002,139
TTGTTTGTACAGACTCGGAA_003,88
TTGTTTGTACAGACTCGGAA_004,47
TTGTTTGTACAGACTCGGAA_005,64
TTGTTTGTACAGACTCGGAA_006,138
TTGTTTGTACAGACTCGGAA_007,49
TTGTTTGTACAGACTCGGAA_008,188
GAAGCAAGTGTACGTTGACA_001,9
GACCAGAAGATTCATAACAG_001,49
GACCAGAAGATTCATAACAG_002,8
GACCAGAAGATTCATAACAG_003,165
GACCAGAAGATTCATAACAG_004,90
GACCAGAAGATTCATAACAG_005,188
GACCAGAAGATTCATAACAG_006,29
CAGGCGGCCGACTTAGCCGG_001,16
CAGGCGGCCGACTTAGCCGG_002,118
CAGGCGGCCGACTTAGCCGG_003,12
CAGGCGGCCGACTTAGCCGG_004,61
CAGGCGGCCGACTTAGCCGG_005,50
CAGGCGGCCGACTTAGCCGG_006,41
CAGGCGGCCGACTTAGCCGG_007,62
CAGGCGGCCGACTTAGCCGG_008,102
CAGGCGGCCGACTTAGCCGG_009,0
GCGCATCCTAGACTACAACG_001,172
GCGCATCCTAGACTACAACG_002,15
GCGCATCCTAGACTACAACG_003,141
GCGCATCCTAGACTACAACG_004,148
GCGCATCCTAGACTACAACG_005,161
GCGCATCCTAGACTACAACG_006,31
GCGCATCCTAGACTACAACG_007,38
GCGCATCCTAGACTACAACG_008,130
GCGCATCCTAGACTACAACG_009,174
TGTCAAAGATAAGCCCACTG_001,70
TGTCAAAGATAAGCCCACTG_002,58
TGTCAAAGATAAGCCCACTG_003,125
TGTCAAAGATAAGCCCACTG_004,70
TGTCAAAGATAAGCCCACTG_005,166
TGTCAAAGATAAGCCCACTG_006,85
TGTCAAAGATAAGCCCACTG_007,58
TGTCAAAGATAAGCCCACTG_008,186
TGTCAAAGATAAGCCCACTG_009,10
TGTCAAAGATAAGCCCACTG_010,124
TGTCAAAGATAAGCCCACTG_011,137
TGTCAAAGATAAGCCCACTG_012,56
TGTCAAAGATAAGCCCACTG_013,167
TGTCAAAGATAAGCCCACTG_014,162
TGTCAAAGATAAGCCCACTG_015,28
TGTCAAAGATAAGCCCACTG_016,8
TGTCAAAGATAAGCCCACTG_017,81
TGTCAAAGATAAGCCCACTG_018,67
TGTCAAAGATAAGCCCACTG_019,48
TGTCAAAGATAAGCCCACTG_020,170
TGTCAAAGATAAGCCCACTG_021,125
TGTCAAAGATAAGCCCACTG_022,1
TGTCAAAGATAAGCCCACTG_023,110
TGTCAAAGATAAGCCCACTG_024,25
TGTCAAAGATAAGCCCACTG_025,111
TGTCAAAGATAAGCCCACTG_026,115
TGTCAAAGATAAGCCCACTG_027,144
TGTCAAAGATAAGCCCACTG_028,68
TGTCAAAGATAAGCCCACTG_029,168
TGTCAAAGATAAGCCCACTG_030,32
TGTCAAAGATAAGCCCACTG_031,65
TGTCAAAGATAAGCCCACTG_032,82
TGTCAAAGATAAGCCCACTG_033,1
TGTCAAAGATAAGCCCACTG_034,22
TGTCAAAGATAAGCCCACTG_035,135
TGTCAAAGATAAGCCCACTG_036,185
TGTCAAAGATAAGCCCACTG_037,136
TGTCAAAGATAAGCCCACTG_038,168
TGTCAAAGATAAGCCCACTG_039,148
CCCTCAAACGACTGTAGCGG_001,113
CCCTCAAACGACTGTAGCGG_002,93
CCCTCAAACGACTGTAGCGG_003,22
CCCTCAAACGACTGTAGCGG_004,155
CCCTCAAACGACTGTAGCGG_005,42
CCCTCAAACGACTGTAGCGG_006,75
CCCTCAAACGACTGTAGCGG_007,9
CCCTCAAACGACTGTAGCGG_008,182
CCCTCAAACGACTGTAGCGG_009,182
CCCTCAAACGACTGTAGCGG_010,17
CCCTCAAACGACTGTAGCGG_011,81
CCCTCAAACGACTGTAGCGG_012,24
CCCTCAAACGACTGTAGCGG_013,113
CCCTCAAACGACTGTAGCGG_014,113
CCCTCAAACGACTGTAGCGG_015,57
CCCTCAAACGACTGTAGCGG_016,127
CCCTCAAACGACTGTAGCGG_017,164
CCCTCAAACGACTGTAGCGG_018,164
CCCTCAAACGACTGTAGCGG_019,145
CCCTCAAACGACTGTAGCGG_020,34
CCCTCAAACGACTGTAGCGG_021,123
CCCTCAAACGACTGTAGCGG_022,55
CCCTCAAACGACTGTAGCGG_023,106
GGTTCACGTAGAACACACGG_001,147
GGTTCACGTAGAACACACGG_002,53
GGTTCACGTAGAACACACGG_003,4
CAGGCACGTGCGCTAAGCTG_001,49
CAGGCACGTGCGCTAAGCTG_002,55
CAGGCACGTGCGCTAAGCTG_003,12
CAGGCACGTGCGCTAAGCTG_004,165
CAGGCACGTGCGCTAAGCTG_005,2
CAGGCACGTGCGCTAAGCTG_006,176
CAGGCACGTGCGCTAAGCTG_007,178
GCAGGGCAACACATCATCCA_001,36
GCAGGGCAACACATCATCCA_002,175
ATACATGAAAACGTAGCCTA_001,41
ATACATGAAAACGTAGCCTA_002,13
ATACATGAAAACGTAGCCTA_003,33
ATACATGAAAACGTAGCCTA_004,81
ATACATGAAAACGTAGCCTA_005,16
ATACATGAAAACGTAGCCTA_006,184
TGATACCGGGACCCTCAGCA_001,49
TGATACCGGGACCCTCAGCA_002,181
TGATACCGGGACCCTCAGCA_003,161
TGATACCGGGACCCTCAGCA_004,140
TGATACCGGGACCCTCAGCA_005,2
TGATACCGGGACCCTCAGCA_006,76
TGATACCGGGACCCTCAGCA_007,28
TGATACCGGGACCCTCAGCA_008,76
TGATACCGGGACCCTCAGCA_009,83
TGATACCGGGACCCTCAGCA_010,171
TGATACCGGGACCCTCAGCA_011,119
TGATACCGGGACCCTCAGCA_012,75
TGATACCGGGACCCTCAGCA_013,83
TGATACCGGGACCCTCAGCA_014,179
TGATACCGGGACCCTCAGCA_015,77
TGATACCGGGACCCTCAGCA_016,169
TGATACCGGGACCCTCAGCA_017,102
TGATACCGGGACCCTCAGCA_018,33
TGATACCGGGACCCTCAGCA_019,166
TGATACCGGGACCCTCAGCA_020,20
TGATACCGGGACCCTCAGCA_021,40
TGATACCGGGACCCTCAGCA_022,39
TGATACCGGGACCCTCAGCA_023,6
TGATACCGGGACCCTCAGCA_024,94
TGATACCGGGACCCTCAGCA_025,115
ATCCCTAAAGTCATTAACAC_001,105
ATCCCTAAAGTCATTAACAC_002,198
ATCCCTAAAGTCATTAACAC_003,179
ATCCCTAAAGTCATTAACAC_004,100
ATCCCTAAAGTCATTAACAC_005,144
ATCCCTAAAGTCATTAACAC_006,168
GCTGACGAATGCAGATGTAA_001,58
GCTGACGAATGCAGATGTAA_002,23
GCTGACGAATGCAGATGTAA_003,189
GCTGACGAATGCAGATGTAA_004,96
GCTGACGAATGCAGATGTAA_005,115
GCTGACGAATGCAGATGTAA_006,1
GCTGACGAATGCAGATGTAA_007,155
GCTGACGAATGCAGATGTAA_008,52
GCTGACGAATGCAGATGTAA_009,24
GCTGACGAATGCAGATGTAA_010,79
GCTGACGAATGCAGATGTAA_011,175
GCTGACGAATGCAGATGTAA_012,197
GAGTGCCACTTCTACGCGGG_001,130
GAGTGCCACTTCTACGCGGG_002,36
GAGTGCCACTTCTACGCGGG_003,171
GAGTGCCACTTCTACGCGGG_004,107
GAGTGCCACTTCTACGCGGG_005,126
GAGTGCCACTTCTACGCGGG_006,191
GAGTGCCACTTCTACGCGGG_007,102
GAGTGCCACTTCTACGCGGG_008,190
GAGTGCCACTTCTACGCGGG_009,147
GAGTGCCACTTCTACGCGGG_010,29
GAGTGCCACTTCTACGCGGG_011,119
GAGTGCCACTTCTACGCGGG_012,65
GAGTGCCACTTCTACGCGGG_013,140
GAGTGCCACTTCTACGCGGG_014,77
AATTCAACTTTGTCCCACCT_001,42
AATTCAACTTTGTCCCACCT_002,1
AATTCAACTTTGTCCCACCT_003,72
AATTCAACTTTGTCCCACCT_004,160
AATTCAACTTTGTCCCACCT_005,130
AATTCAACTTTGTCCCACCT_006,68
AATTCAACTTTGTCCCACCT_007,68
AATTCAACTTTGTCCCACCT_008,199
AATTCAACTTTGTCCCACCT_009,60
AATTCAACTTTGTCCCACCT_010,38
AATTCAACTTTGTCCCACCT_011,101
AATTCAACTTTGTCCCACCT_012,197
AATTCAACTTTGTCCCACCT_013,37
AATTCAACTTTGTCCCACCT_014,192
AATTCAACTTTGTCCCACCT_015,140
AATTCAACTTTGTCCCACCT_016,76
AATTCAACTTTGTCCCACCT_017,154
AATTCAACTTTGTCCCACCT_018,176
AATTCAACTTTGTCCCACCT_019,1
AATTCAACTTTGTCCCACCT_020,95
AATTCAACTTTGTCCCACCT_021,9
AATTCAACTTTGTCCCACCT_022,115
AATTCAACTTTGTCCCACCT_023,6
AATTCAACTTTGTCCCACCT_024,6
AATTCAACTTTGTCCCACCT_025,0
GCCGGCGGCAAAGCGCACTG_001,29
GCCGGCGGCAAAGCGCACTG_002,60
GCCGGCGGCAAAGCGCACTG_003,133
GCCGGCGGCAAAGCGCACTG_004,88
GCCGGCGGCAAAGCGCACTG_005,137
GCCGGCGGCAAAGCGCACTG_006,188
GCCGGCGGCAAAGCGCACTG_007,139
GCCGGCGGCAAAGCGCACTG_008,55
GCCGGCGGCAAAGCGCACTG_009,44
GCCGGCGGCAAAGCGCACTG_010,8
GCCGGCGGCAAAGCGCACTG_011,22
GCCGGCGGCAAAGCGCACTG_012,103
GCCGGCGGCAAAGCGCACTG_013,9
GCCGGCGGCAAAGCGCACTG_014,12
GCCGGCGGCAAAGCGCACTG_015,130
GCCGGCGGCAAAGCGCACTG_016,68
GCCGGCGGCAAAGCGCACTG_017,90
GCCGGCGGCAAAGCGCACTG_018,48
GCCGGCGGCAAAGCGCACTG_019,50
GCCGGCGGCAAAGCGCACTG_020,61
GCCGGCGGCAAAGCGCACTG_021,1
GCCGGCGGCAAAGCGCACTG_022,104
GCCGGCGGCAAAGCGCACTG_023,179
GCCGGCGGCAAAGCGCACTG_024,70
GCCGGCGGCAAAGCGCACTG_025,84
GCCGGCGGCAAAGCGCACTG_026,145
GCCGGCGGCAAAGCGCACTG_027,25
GCCGGCGGCAAAGCGCACTG_028,136
GCCGGCGGCAAAGCGCACTG_029,150
ACATGATTACAGTATAGTGA_001,127
ACATGATTACAGTATAGTGA_002,33
ACATGATTACAGTATAGTGA_003,59
GTTGCTGAAGGTCTTCGTTG_001,27
GTTGCTGAAGGTCTTCGTTG_002,7
GTTGCTGAAGGTCTTCGTTG_003,105
GTTGCTGAAGGTCTTCGTTG_004,181
GTTGCTGAAGGTCTTCGTTG_005,91
GTTGCTGAAGGTCTTCGTTG_006,38
GTTGCTGAAGGTCTTCGTTG_007,47
GTTGCTGAAGGTCTTCGTTG_008,162
GTTGCTGAAGGTCTTCGTTG_009,66
GTTGCTGAAGGTCTTCGTTG_010,53
GTTGCTGAAGGTCTTCGTTG_011,63
GTTGCTGAAGGTCTTCGTTG_012,165
GTTGCTGAAGGTCTTCGTTG_013,28
GCTTCTCGCAAGTTATCCCA_001,19
GCTTCTCGCAAGTTATCCCA_002,127
GCTTCTCGCAAGTTATCCCA_003,41
GCTTCTCGCAAGTTATCCCA_004,8
GCTTCTCGCAAGTTATCCCA_005,86
GCTTCTCGCAAGTTATCCCA_006,180
GCTTCTCGCAAGTTATCCCA_007,98
GCTTCTCGCAAGTTATCCCA_008,133
GCTTCTCGCAAGTTATCCCA_009,65
GCTTCTCGCAAGTTATCCCA_010,17
GCTTCTCGCAAGTTATCCCA_011,136
GGAAAGCAAGTGGTAGTCTG_001,1
GGAAAGCAAGTGGTAGTCTG_002,41
GGAAAGCAAGTGGTAGTCTG_003,199
GGAAAGCAAGTGGTAGTCTG_004,95
GGAAAGCAAGTGGTAGTCTG_005,50
GGAAAGCAAGTGGTAGTCTG_006,113
GGAAAGCAAGTGGTAGTCTG_007,148
GGAAAGCAAGTGGTAGTCTG_008,30
GGAAAGCAAGTGGTAGTCTG_009,75
GGAAAGCAAGTGGTAGTCTG_010,105
GGAAAGCAAGTGGTAGTCTG_011,49
GGAAAGCAAGTGGTAGTCTG_012,10
GGAAAGCAAGTGGTAGTCTG_013,13
GGAAAGCAAGTGGTAGTCTG_014,138
GGAAAGCAAGTGGTAGTCTG_015,61
TTACCAGCAACTGAATGACC_001,29
TTACCAGCAACTGAATGACC_002,82
TTACCAGCAACTGAATGACC_003,30
CACGAAGGGACTCATAGCTG_001,160
CACGAAGGGACTCATAGCTG_002,116
CACGAAGGGACTCATAGCTG_003,176
CACGAAGGGACTCATAGCTG_004,12
CACGAAGGGACTCATAGCTG_005,128
CACGAAGGGACTCATAGCTG_006,195
CACGAAGGGACTCATAGCTG_007,121
CCATTCTCAACCGGTCCAAT_001,184
CCATTCTCAACCGGTCCAAT_002,28
CCATTCTCAACCGGTCCAAT_003,170
CCATTCTCAACCGGTCCAAT_004,33
CCATTCTCAACCGGTCCAAT_005,42
CCATTCTCAACCGGTCCAAT_006,116
CCATTCTCAACCGGTCCAAT_007,6
CCATTCTCAACCGGTCCAAT_008,64
CCATTCTCAACCGGTCCAAT_009,146
CCATTCTCAACCGGTCCAAT_010,124
CCATTCTCAACCGGTCCAAT_011,2
CCATTCTCAACCGGTCCAAT_012,72
CCATTCTCAACCGGTCCAAT_013,12
CCATTCTCAACCGGTCCAAT_014,9
CCATTCTCAACCGGTCCAAT_015,125
CCATTCTCAACCGGTCCAAT_016,9
CCATTCTCAACCGGTCCAAT_017,98
CCATTCTCAACCGGTCCAAT_018,29
CCATTCTCAACCGGTCCAAT_019,94
CCATTCTCAACCGGTCCAAT_020,190
CCATTCTCAACCGGTCCAAT_021,36
CCATTCTCAACCGGTCCAAT_022,190
CCATTCTCAACCGGTCCAAT_023,196
CCATTCTCAACCGGTCCAAT_024,8
CCATTCTCAACCGGTCCAAT_025,131
CCATTCTCAACCGGTCCAAT_026,12
CCATTCTCAACCGGTCCAAT_027,171
CCATTCTCAACCGGTCCAAT_028,166
CCATTCTCAACCGGTCCAAT_029,86
CCATTCTCAACCGGTCCAAT_030,165
CCATTCTCAACCGGTCCAAT_031,51
CCATTCTCAACCGGTCCAAT_032,92
CCATTCTCAACCGGTCCAAT_033,155
CCATTCTCAACCGGTCCAAT_034,198
CCATTCTCAACCGGTCCAAT_035,174
CCATTCTCAACCGGTCCAAT_036,1
CCATTCTCAACCGGTCCAAT_037,65
CCATTCTCAACCGGTCCAAT_038,15
CCATTCTCAACCGGTCCAAT_039,95
ACACTAGCAGCATACATAAG_001,151
ACACTAGCAGCATACATAAG_002,102
ACACTAGCAGCATACATAAG_003,12
ACACTAGCAGCATACATAAG_004,60
ACACTAGCAGCATACATAAG_005,169
ACACTAGCAGCATACATAAG_006,163
ACACTAGCAGCATACATAAG_007,8
ACACTAGCAGCATACATAAG_008,48
ACACTAGCAGCATACATAAG_009,16
ACACTAGCAGCATACATAAG_010,118
CTATCATGACATGAACTCGG_001,155
CTATCATGACATGAACTCGG_002,169
CTATCATGACATGAACTCGG_003,72
CTATCATGACATGAACTCGG_004,147
CTATCATGACATGAACTCGG_005,19
CTATCATGACATGAACTCGG_006,152
CTATCATGACATGAACTCGG_007,187
CTATCATGACATGAACTCGG_008,76
CTATCATGACATGAACTCGG_009,141
CTATCATGACATGAACTCGG_010,116
CTATCATGACATGAACTCGG_011,156
CTATCATGACATGAACTCGG_012,197
CTATCATGACATGAACTCGG_013,119
CTATCATGACATGAACTCGG_014,63
CTTCAATCTCTTCAGCACAA_001,184
CTTCAATCTCTTCAGCACAA_002,117
TCACTGTGAAGGTGACATCG_001,44
TCACTGTGAAGGTGACATCG_002,176
TCACTGTGAAGGTGACATCG_003,139
TCACTGTGAAGGTGACATCG_004,127
TCACTGTGAAGGTGACATCG_005,94
TCACTGTGAAGGTGACATCG_006,162
TCACTGTGAAGGTGACATCG_007,82
TCACTGTGAAGGTGACATCG_008,119
TCACTGTGAAGGTGACATCG_009,150
TCACTGTGAAGGTGACATCG_010,83
TCACTGTGAAGGTGACATCG_011,147
TCACTGTGAAGGTGACATCG_012,1
TCACTGTGAAGGTGACATCG_013,121
TCACTGTGAAGGTGACATCG_014,62
TCACTGTGAAGGTGACATCG_015,77
TCACTGTGAAGGTGACATCG_016,16
TCACTGTGAAGGTGACATCG_017,172
TCACTGTGAAGGTGACATCG_018,151
TCACTGTGAAGGTGACATCG_019,169
TCACTGTGAAGGTGACATCG_020,2
TCACTGTGAAGGTGACATCG_021,152
TCACTGTGAAGGTGACATCG_022,180
TCACTGTGAAGGTGACATCG_023,76
TCACTGTGAAGGTGACATCG_024,24
CACGTGATAGGTGTGCACGG_001,67
CACGTGATAGGTGTGCACGG_002,106
CACGTGATAGGTGTGCACGG_003,94
CACGTGATAGGTGTGCACGG_004,176
CACGTGATAGGTGTGCACGG_005,41
CACGTGATAGGTGTGCACGG_006,127
CACGTGATAGGTGTGCACGG_007,140
CACGTGATAGGTGTGCACGG_008,193
CACGTGATAGGTGTGCACGG_009,144
CACGTGATAGGTGTGCACGG_010,35
CACGTGATAGGTGTGCACGG_011,179
CACGTGATAGGTGTGCACGG_012,94
CACGTGATAGGTGTGCACGG_013,28
CACGTGATAGGTGTGCACGG_014,16
CACGTGATAGGTGTGCACGG_015,2
CACGTGATAGGTGTGCACGG_016,58
CACGTGATAGGTGTGCACGG_017,18
CACGTGATAGGTGTGCACGG_018,68
CACGTGATAGGTGTGCACGG_019,43
ATAATAACATAATAGAGCAG_001,52
ATAATAACATAATAGAGCAG_002,157
ATAATAACATAATAGAGCAG_003,178
ATAATAACATAATAGAGCAG_004,77
CTTCAGCTCTGACACCGACA_001,163
CTTCAGCTCTGACACCGACA_002,150
CTTCAGCTCTGACACCGACA_003,113
CTTCAGCTCTGACACCGACA_004,128
CTTCAGCTCTGACACCGACA_005,17
CTTCAGCTCTGACACCGACA_006,116
CTTCAGCTCTGACACCGACA_007,93
CTTCAGCTCTGACACCGACA_008,178
CTGCAGGCGATAGAGGCCGG_001,68
CTGCAGGCGATAGAGGCCGG_002,144
CTGCAGGCGATAGAGGCCGG_003,102
CTGCAGGCGATAGAGGCCGG_004,197
CTGCAGGCGATAGAGGCCGG_005,66
CTGCAGGCGATAGAGGCCGG_006,91
CTGCAGGCGATAGAGGCCGG_007,155
CTGCAGGCGATAGAGGCCGG_008,15
CTGCAGGCGATAGAGGCCGG_009,188
CTGCAGGCGATAGAGGCCGG_010,63
CTGCAGGCGATAGAGGCCGG_011,142
GTGAATCGCTTCTACCAGCA_001,15
GTGAATCGCTTCTACCAGCA_002,24
GTGAATCGCTTCTACCAGCA_003,144
GTGAATCGCTTCTACCAGCA_004,178
GTGAATCGCTTCTACCAGCA_005,11
GTAATTGGAGTGAAAAACTG_001,5
GTAATTGGAGTGAAAAACTG_002,191
GTAATTGGAGTGAAAAACTG_003,190
GTAATTGGAGTGAAAAACTG_004,54
GTAATTGGAGTGAAAAACTG_005,160
GTACAGTAAGAAATATGGTG_001,1
GTACAGTAAGAAATATGGTG_002,156
GTACAGTAAGAAATATGGTG_003,47
GTACAGTAAGAAATATGGTG_004,150
TCAGCATGCCGCAAAAACAC_001,42
TCAGCATGCCGCAAAAACAC_002,172
TCAGCATGCCGCAAAAACAC_003,140
TCAGCATGCCGCAAAAACAC_004,44
TCAGCATGCCGCAAAAACAC_005,31
TCAGCATGCCGCAAAAACAC_006,22
TCAGCATGCCGCAAAAACAC_007,106
TCAGCATGCCGCAAAAACAC_008,17
TCAGCATGCCGCAAAAACAC_009,169
TCAGCATGCCGCAAAAACAC_010,17
TCAGCATGCCGCAAAAACAC_011,5
TCAGCATGCCGCAAAAACAC_012,46
TCAGCATGCCGCAAAAACAC_013,98
CCAAGATGTCTCTAAATGAG_001,77
AGAGTCCAATAAGCCTGCTG_001,12
AGAGTCCAATAAGCCTGCTG_002,147
AGAGTCCAATAAGCCTGCTG_003,82
AGAGTCCAATAAGCCTGCTG_004,146
AGAGTCCAATAAGCCTGCTG_005,54
AGAGTCCAATAAGCCTGCTG_006,59
AGAGTCCAATAAGCCTGCTG_007,58
AGAGTCCAATAAGCCTGCTG_008,41
AGAGTCCAATAAGCCTGCTG_009,74
AGAGTCCAATAAGCCTGCTG_010,98
AGAGTCCAATAAGCCTGCTG_011,144
AGAGTCCAATAAGCCTGCTG_012,0
AGAGTCCAATAAGCCTGCTG_013,29
AGAGTCCAATAAGCCTGCTG_014,171
AGAGTCCAATAAGCCTGCTG_015,48
AGAGTCCAATAAGCCTGCTG_016,98
AGAGTCCAATAAGCCTGCTG_017,47
AGAGTCCAATAAGCCTGCTG_018,157
AGAGTCCAATAAGCCTGCTG_019,188
AAGGTCTGAGCAACACCTAA_001,19
AAGGTCTGAGCAACACCTAA_002,130
AAGGTCTGAGCAACACCTAA_003,81
AAGGTCTGAGCAACACCTAA_004,87
AAGGTCTGAGCAACACCTAA_005,173
AAGGTCTGAGCAACACCTAA_006,173
AAGGTCTGAGCAACACCTAA_007,137
AAGGTCTGAGCAACACCTAA_008,74
AAGGTCTGAGCAACACCTAA_009,88
AAGGTCTGAGCAACACCTAA_010,27
AAGGTCTGAGCAACACCTAA_011,143
AAGGTCTGAGCAACACCTAA_012,106
AAGGTCTGAGCAACACCTAA_013,148
AAGGTCTGAGCAACACCTAA_014,81
AAGGTCTGAGCAACACCTAA_015,104
AAGGTCTGAGCAACACCTAA_016,153
AAGGTCTGAGCAACACCTAA_017,163
AAGGTCTGAGCAACACCTAA_018,171
AAGGTCTGAGCAACACCTAA_019,150
AAGGTCTGAGCAACACCTAA_020,42
AAGGTCTGAGCAACACCTAA_021,78
AAGGTCTGAGCAACACCTAA_022,146
AAGGTCTGAGCAACACCTAA_023,127
AAGGTCTGAGCAACACCTAA_024,172
AAGGTCTGAGCAACACCTAA_025,172
AAGGTCTGAGCAACACCTAA_026,82
AAGGTCTGAGCAACACCTAA_027,179
CCTGGAGGATCATACCAAGC_001,198
CCTGGAGGATCATACCAAGC_002,33
CCTGGAGGATCATACCAAGC_003,78
CCTGGAGGATCATACCAAGC_004,180
CCTGGAGGATCATACCAAGC_005,3
CCTGGAGGATCATACCAAGC_006,144
GCTTGTTGTAGTGTGCCAGG_001,21
GCTTGTTGTAGTGTGCCAGG_002,45
GCTTGTTGTAGTGTGCCAGG_003,8
GCTTGTTGTAGTGTGCCAGG_004,29
GCTTGTTGTAGTGTGCCAGG_005,164
GCTTGTTGTAGTGTGCCAGG_006,146
GCTTGTTGTAGTGTGCCAGG_007,137
GCTTGTTGTAGTGTGCCAGG_008,183
GCTTGTTGTAGTGTGCCAGG_009,88
TACTCGGCCAGGTATATAGG_001,13
TACTCGGCCAGGTATATAGG_002,81
TACTCGGCCAGGTATATAGG_003,55
TACTCGGCCAGGTATATAGG_004,199
TACTCGGCCAGGTATATAGG_005,158
TACTCGGCCAGGTATATAGG_006,82
TACTCGGCCAGGTATATAGG_007,98
TACTCGGCCAGGTATATAGG_008,158
TACAGCACCTGTTTCTGATG_001,137
TACAGCACCTGTTTCTGATG_002,161
TACAGCACCTGTTTCTGATG_003,149
TACAGCACCTGTTTCTGATG_004,86
TACAGCACCTGTTTCTGATG_005,113
AAGGCGAAAAGACCCCTTCG_001,162
AAGGCGAAAAGACCCCTTCG_002,48
AAGGCGAAAAGACCCCTTCG_003,29
AAGGCGAAAAGACCCCTTCG_004,91
AAGGCGAAAAGACCCCTTCG_005,20
AAGGCGAAAAGACCCCTTCG_006,88
AAGGCGAAAAGACCCCTTCG_007,41
AAGGCGAAAAGACCCCTTCG_008,62
AAGGCGAAAAGACCCCTTCG_009,40
AAGGCGAAAAGACCCCTTCG_010,76
AAGGCGAAAAGACCCCTTCG_011,175
AAGGCGAAAAGACCCCTTCG_012,26
AGAGCCTGCCGTGCACCGAG_001,157
AGAGCCTGCCGTGCACCGAG_002,19
AGAGCCTGCCGTGCACCGAG_003,137
AGAGCCTGCCGTGCACCGAG_004,113
AGAGCCTGCCGTGCACCGAG_005,57
AGAGCCTGCCGTGCACCGAG_006,49
AGAGCCTGCCGTGCACCGAG_007,24
AGAGCCTGCCGTGCACCGAG_008,172
AGAGCCTGCCGTGCACCGAG_009,2
AGAGCCTGCCGTGCACCGAG_010,66
AGAGCCTGCCGTGCACCGAG_011,66
GGCCTGTGACCTCGACATGG_001,75
GGCCTGTGACCTCGACATGG_002,177
GGCCTGTGACCTCGACATGG_003,127
GGCCTGTGACCTCGACATGG_004,58
GGCCTGTGACCTCGACATGG_005,0
GGCCTGTGACCTCGACATGG_006,47
GGCCTGTGACCTCGACATGG_007,35
GGCCTGTGACCTCGACATGG_008,170
GGGACTTTAAGAAGTTCGAG_001,130
GGGACTTTAAGAAGTTCGAG_002,3
GGGACTTTAAGAAGTTCGAG_003,102
GGGACTTTAAGAAGTTCGAG_004,62
GGGACTTTAAGAAGTTCGAG_005,124
GGGACTTTAAGAAGTTCGAG_006,28
GGGACTTTAAGAAGTTCGAG_007,188
GGGACTTTAAGAAGTTCGAG_008,161
GGGACTTTAAGAAGTTCGAG_009,19
GGGACTTTAAGAAGTTCGAG_010,129
GGGACTTTAAGAAGTTCGAG_011,75
GGGACTTTAAGAAGTTCGAG_012,118
GGGACTTTAAGAAGTTCGAG_013,67
GGGACTTTAAGAAGTTCGAG_014,127
GGGACTTTAAGAAGTTCGAG_015,131
GGGACTTTAAGAAGTTCGAG_016,199
GGGACTTTAAGAAGTTCGAG_017,113
GGGACTTTAAGAAGTTCGAG_018,51
GGGACTTTAAGAAGTTCGAG_019,199
GGGACTTTAAGAAGTTCGAG_020,19
GGGACTTTAAGAAGTTCGAG_021,130
GGGACTTTAAGAAGTTCGAG_022,148
CCAGCAGTAGTACATAGTAA_001,76
CCAGCAGTAGTACATAGTAA_002,145
CCAGCAGTAGTACATAGTAA_003,147
TCACCGGAATCTGTACCGGG_001,1
TCACCGGAATCTGTACCGGG_002,17
TCACCGGAATCTGTACCGGG_003,19
TCACCGGAATCTGTACCGGG_004,127
TCACCGGAATCTGTACCGGG_005,174
TCACCGGAATCTGTACCGGG_006,170
TCACCGGAATCTGTACCGGG_007,77
TCACCGGAATCTGTACCGGG_008,149
TCACCGGAATCTGTACCGGG_009,124
TCACCGGAATCTGTACCGGG_010,102
CCTCCCTCTAGGCCGGAAGG_001,140
GGATCATGGGCATTACCCCA_001,90
GGATCATGGGCATTACCCCA_002,158
GGATCATGGGCATTACCCCA_003,159
GGATCATGGGCATTACCCCA_004,46
GGATCATGGGCATTACCCCA_005,85
GGATCATGGGCATTACCCCA_006,194
GGATCATGGGCATTACCCCA_007,36
GGATCATGGGCATTACCCCA_008,157
AAATAATCCATAAACTGCTG_001,154
AAATAATCCATAAACTGCTG_002,1
AAATAATCCATAAACTGCTG_003,154
AAATAATCCATAAACTGCTG_004,163
AAATAATCCATAAACTGCTG_005,40
CCATTTGAGACACTACCATG_001,174
CCATTTGAGACACTACCATG_002,42
CCATTTGAGACACTACCATG_003,55
CCATTTGAGACACTACCATG_004,77
CCATTTGAGACACTACCATG_005,19
CCATTTGAGACACTACCATG_006,34
CCATTTGAGACACTACCATG_007,107
CCATTTGAGACACTACCATG_008,121
CCATTTGAGACACTACCATG_009,28
CCATTTGAGACACTACCATG_010,197
CCATTTGAGACACTACCATG_011,52
CCATTTGAGACACTACCATG_012,22
CCATTTGAGACACTACCATG_013,159
CCATTTGAGACACTACCATG_014,192
CCATTTGAGACACTACCATG_015,112
CCATTTGAGACACTACCATG_016,79
CCATTTGAGACACTACCATG_017,32
CCATTTGAGACACTACCATG_018,180
CCATTTGAGACACTACCATG_019,66
CCATTTGAGACACTACCATG_020,88
CATTGCATAGGCAATCACGG_001,8
CATTGCATAGGCAATCACGG_002,172
CATTGCATAGGCAATCACGG_003,147
CATTGCATAGGCAATCACGG_004,62
CATTGCATAGGCAATCACGG_005,115
CATTGCATAGGCAATCACGG_006,81
CATTGCATAGGCAATCACGG_007,5
ATTTAATGGTGCCTTGACCA_001,184
ATTTAATGGTGCCTTGACCA_002,192
ATTTAATGGTGCCTTGACCA_003,80
ATTTAATGGTGCCTTGACCA_004,80
ATTTAATGGTGCCTTGACCA_005,25
ATTTAATGGTGCCTTGACCA_006,36
ATTTAATGGTGCCTTGACCA_007,19
ATTTAATGGTGCCTTGACCA_008,17
ATTTAATGGTGCCTTGACCA_009,2
ATTTAATGGTGCCTTGACCA_010,76
ATTTAATGGTGCCTTGACCA_011,88
ATTTAATGGTGCCTTGACCA_012,170
ATTTAATGGTGCCTTGACCA_013,63
TACATCCCTCGACTTTGGGG_001,4
TACATCCCTCGACTTTGGGG_002,106
TACATCCCTCGACTTTGGGG_003,146
TACATCCCTCGACTTTGGGG_004,125
TACATCCCTCGACTTTGGGG_005,140
TACATCCCTCGACTTTGGGG_006,130
TACATCCCTCGACTTTGGGG_007,96
TACATCCCTCGACTTTGGGG_008,145
TACATCCCTCGACTTTGGGG_009,155
TACATCCCTCGACTTTGGGG_010,153
TACATCCCTCGACTTTGGGG_011,42
TACATCCCTCGACTTTGGGG_012,85
TACATCCCTCGACTTTGGGG_013,85
TACATCCCTCGACTTTGGGG_014,49
TACATCCCTCGACTTTGGGG_015,1
TACATCCCTCGACTTTGGGG_016,0
TACATCCCTCGACTTTGGGG_017,134
TACATCCCTCGACTTTGGGG_018,184
TACATCCCTCGACTTTGGGG_019,98
TACATCCCTCGACTTTGGGG_020,99
TACATCCCTCGACTTTGGGG_021,63
GAAATACCACAGGCTTATCG_001,126
GAAATACCACAGGCTTATCG_002,161
GAAATACCACAGGCTTATCG_003,32
GAAATACCACAGGCTTATCG_004,81
CTTCACTATCAAAAAGCTCC_001,121
TACCTTCTCCTTGAATACAA_001,182
TACCTTCTCCTTGAATACAA_002,148
TACCTTCTCCTTGAATACAA_003,149
TACCTTCTCCTTGAATACAA_004,147
TACCTTCTCCTTGAATACAA_005,69
AGCAGGAAAGCAAAGTACTG_001,113
AGCAGGAAAGCAAAGTACTG_002,43
AGCAGGAAAGCAAAGTACTG_003,158
AGCAGGAAAGCAAAGTACTG_004,121
AGCAGGAAAGCAAAGTACTG_005,140
AGCAGGAAAGCAAAGTACTG_006,155
AGCAGGAAAGCAAAGTACTG_007,170
AGCAGGAAAGCAAAGTACTG_008,73
AGCAGGAAAGCAAAGTACTG_009,159
AGCAGGAAAGCAAAGTACTG_010,9
AGCAGGAAAGCAAAGTACTG_011,40
AGCAGGAAAGCAAAGTACTG_012,108
AGCAGGAAAGCAAAGTACTG_013,180
AGCAGGAAAGCAAAGTACTG_014,96
AGCAGGAAAGCAAAGTACTG_015,35
AGCAGGAAAGCAAAGTACTG_016,188
TTATTATTAGGGAACCCTAG_001,70
TTATTATTAGGGAACCCTAG_002,50
TATCATATGATACCTGACAA_001,173
ACAGCTTGGTCACGTCGAGG_001,174
ACAGCTTGGTCACGTCGAGG_002,155
ACAGCTTGGTCACGTCGAGG_003,62
ACAGCTTGGTCACGTCGAGG_004,2
GGGGCATCACCAACCACCCA_001,40
GGGGCATCACCAACCACCCA_002,60
GGGGCATCACCAACCACCCA_003,116
GGGGCATCACCAACCACCCA_004,60
GGGGCATCACCAACCACCCA_005,144
GGGGCATCACCAACCACCCA_006,97
GGGGCATCACCAACCACCCA_007,188
GGGGCATCACCAACCACCCA_008,16
GGGGCATCACCAACCACCCA_009,129
GGGGCATCACCAACCACCCA_010,88
GGGGCATCACCAACCACCCA_011,185
GGGGCATCACCAACCACCCA_012,106
GGGGCATCACCAACCACCCA_013,66
GGGGCATCACCAACCACCCA_014,124
GGGGCATCACCAACCACCCA_015,62
GGGGCATCACCAACCACCCA_016,191
GGGGCATCACCAACCACCCA_017,56
TGACATGGCCAGGAATGTGG_001,117
TGACATGGCCAGGAATGTGG_002,145
TGACATGGCCAGGAATGTGG_003,4
TGACATGGCCAGGAATGTGG_004,163
TGACATGGCCAGGAATGTGG_005,179
TGACATGGCCAGGAATGTGG_006,163
TGACATGGCCAGGAATGTGG_007,68
TGACATGGCCAGGAATGTGG_008,115
TGACATGGCCAGGAATGTGG_009,152
TGACATGGCCAGGAATGTGG_010,173
TGACATGGCCAGGAATGTGG_011,119
TGACATGGCCAGGAATGTGG_012,9
TGACATGGCCAGGAATGTGG_013,148
CAATATCATCCTTCCAACAA_001,185
CAATATCATCCTTCCAACAA_002,178
CAATATCATCCTTCCAACAA_003,146
CAATATCATCCTTCCAACAA_004,127
CAATATCATCCTTCCAACAA_005,174
GAGGTACGCGGTGCAGACGG_001,8
GAGGTACGCGGTGCAGACGG_002,169
GAGGTACGCGGTGCAGACGG_003,78
GAGGTACGCGGTGCAGACGG_004,53
GAGGTACGCGGTGCAGACGG_005,94
GAGGTACGCGGTGCAGACGG_006,118
GAGGTACGCGGTGCAGACGG_007,61
GAGGTACGCGGTGCAGACGG_008,112
GAGGTACGCGGTGCAGACGG_009,55
GAGGTACGCGGTGCAGACGG_010,84
GAGGTACGCGGTGCAGACGG_011,149
GAGGTACGCGGTGCAGACGG_012,98
GAGGTACGCGGTGCAGACGG_013,102
GAGGTACGCGGTGCAGACGG_014,13
TCACGAAGACCTTTCTGAGT_001,84
TCACGAAGACCTTTCTGAGT_002,197
CAGACTGCAGTCAGGCACCA_001,94
CAGACTGCAGTCAGGCACCA_002,78
CAGACTGCAGTCAGGCACCA_003,2
CAGACTGCAGTCAGGCACCA_004,171
CAGACTGCAGTCAGGCACCA_005,12
GGATGTGAAGAAATACCTCA_001,81
GGATGTGAAGAAATACCTCA_002,15
GGATGTGAAGAAATACCTCA_003,170
GGATGTGAAGAAATACCTCA_004,70
GGATGTGAAGAAATACCTCA_005,146
GGATGTGAAGAAATACCTCA_006,155
GGATGTGAAGAAATACCTCA_007,113
GGATGTGAAGAAATACCTCA_008,143
GGATGTGAAGAAATACCTCA_009,19
TCAGTCATATCTTCAAATAG_001,26
TGGTAATGATGTCCTACGAT_001,12
CTGATCCACCAGCGACTCGG_001,112
CTGATCCACCAGCGACTCGG_002,147
CTGATCCACCAGCGACTCGG_003,188
CTGATCCACCAGCGACTCGG_004,91
CTGATCCACCAGCGACTCGG_005,145
CTGATCCACCAGCGACTCGG_006,82
CTGATCCACCAGCGACTCGG_007,80
CTGATCCACCAGCGACTCGG_008,121
CTGATCCACCAGCGACTCGG_009,81
GAGGTGGACATGAGTGACCG_001,50
GAGGTGGACATGAGTGACCG_002,9
GAGGTGGACATGAGTGACCG_003,76
GAGGTGGACATGAGTGACCG_004,116
GAGGTGGACATGAGTGACCG_005,60
GAGGTGGACATGAGTGACCG_006,5
GAGGTGGACATGAGTGACCG_007,85
GAGGTGGACATGAGTGACCG_008,64
GAGGTGGACATGAGTGACCG_009,19
GAGGTGGACATGAGTGACCG_010,94
AGACCCCGTTAACCTCTGTG_001,48
AGACCCCGTTAACCTCTGTG_002,195
AGACCCCGTTAACCTCTGTG_003,13
AGACCCCGTTAACCTCTGTG_004,107
AGACCCCGTTAACCTCTGTG_005,145
AGACCCCGTTAACCTCTGTG_006,108
AGACCCCGTTAACCTCTGTG_007,75
AGACCCCGTTAACCTCTGTG_008,83
AGACCCCGTTAACCTCTGTG_009,59
AGACCCCGTTAACCTCTGTG_010,38
AGACCCCGTTAACCTCTGTG_011,20
AGACCCCGTTAACCTCTGTG_012,148
AGACCCCGTTAACCTCTGTG_013,29
GTGCACTTCTCTGCTCGCCG_001,3
GTGCACTTCTCTGCTCGCCG_002,42
GTGCACTTCTCTGCTCGCCG_003,197
GTGCACTTCTCTGCTCGCCG_004,158
GTGCACTTCTCTGCTCGCCG_005,76
TGATATCAAGAGGGTCATGG_001,159
TGATATCAAGAGGGTCATGG_002,169
TGATATCAAGAGGGTCATGG_003,0
TGATATCAAGAGGGTCATGG_004,112
TGATATCAAGAGGGTCATGG_005,41
TGATATCAAGAGGGTCATGG_006,74
ATGACAGGCCAAAACCTCCT_001,142
ATGACAGGCCAAAACCTCCT_002,23
ATGACAGGCCAAAACCTCCT_003,60
ATGACAGGCCAAAACCTCCT_004,154
AGCATGGCTGAGCACTATGT_001,83
AGCATGGCTGAGCACTATGT_002,199
AGCATGGCTGAGCACTATGT_003,26
AGCATGGCTGAGCACTATGT_004,143
AGCATGGCTGAGCACTATGT_005,24
AGCATGGCTGAGCACTATGT_006,95
AGCATGGCTGAGCACTATGT_007,12
AGCATGGCTGAGCACTATGT_008,2
AGCATGGCTGAGCACTATGT_009,170
CAGGCAAGTTTGATCACCAG_001,36
CAGGCAAGTTTGATCACCAG_002,133
CAGGCAAGTTTGATCACCAG_003,43
CAGGCAAGTTTGATCACCAG_004,193
CAGGCAAGTTTGATCACCAG_005,52
CAGGCAAGTTTGATCACCAG_006,66
CAGGCAAGTTTGATCACCAG_007,119
CAGGCAAGTTTGATCACCAG_008,49
CAGGCAAGTTTGATCACCAG_009,9
CAGGCAAGTTTGATCACCAG_010,130
CAGGCAAGTTTGATCACCAG_011,146
CAGGCAAGTTTGATCACCAG_012,85
CAGGCAAGTTTGATCACCAG_013,16
CAGGCAAGTTTGATCACCAG_014,156
CAGGCAAGTTTGATCACCAG_015,69
CAGGCAAGTTTGATCACCAG_016,199
CAGGCAAGTTTGATCACCAG_017,67
CAGGCAAGTTTGATCACCAG_018,77
CAGGCAAGTTTGATCACCAG_019,152
CAGGCAAGTTTGATCACCAG_020,57
CAGGCAAGTTTGATCACCAG_021,46
GGCATCTCGGGGATACCTAG_001,119
GGCATCTCGGGGATACCTAG_002,2
GGCATCTCGGGGATACCTAG_003,32
GGCATCTCGGGGATACCTAG_004,139
TCACATGGCCAGATAAGGGA_001,166
TCACATGGCCAGATAAGGGA_002,176
TCACATGGCCAGATAAGGGA_003,188
TCACATGGCCAGATAAGGGA_004,104
TCACATGGCCAGATAAGGGA_005,15
TCACATGGCCAGATAAGGGA_006,27
ATACATCCGAGAACATTCTG_001,69
ATACATCCGAGAACATTCTG_002,189
ATACATCCGAGAACATTCTG_003,173
ATACATCCGAGAACATTCTG_004,151
ATACATCCGAGAACATTCTG_005,147
ATACATCCGAGAACATTCTG_006,113
ATACATCCGAGAACATTCTG_007,44
ATACATCCGAGAACATTCTG_008,65
ATACATCCGAGAACATTCTG_009,4
ATACATCCGAGAACATTCTG_010,168
ATACATCCGAGAACATTCTG_011,168
ATACATCCGAGAACATTCTG_012,139
ATACATCCGAGAACATTCTG_013,184
ATACATCCGAGAACATTCTG_014,4
ATACATCCGAGAACATTCTG_015,118
GGAGCTGATCCACCGATACG_001,40
TTGACGTCGATCTCGCATCG_001,49
TTGACGTCGATCTCGCATCG_002,43
TTGACGTCGATCTCGCATCG_003,121
TGGAGCCTGGATGTGAATGG_001,151
CACAGACACCAAGGAACAGA_001,40
CACAGACACCAAGGAACAGA_002,130
CACAGACACCAAGGAACAGA_003,185
CACAGACACCAAGGAACAGA_004,68
CACAGACACCAAGGAACAGA_005,58
CACAGACACCAAGGAACAGA_006,43
CACAGACACCAAGGAACAGA_007,62
GCTGCAGACCAACTCGAGAA_001,160
GCTGCAGACCAACTCGAGAA_002,42
GCTGCAGACCAACTCGAGAA_003,192
GCTGCAGACCAACTCGAGAA_004,45
GCTGCAGACCAACTCGAGAA_005,170
GCTGCAGACCAACTCGAGAA_006,176
GCTGCAGACCAACTCGAGAA_007,8
GCTGCAGACCAACTCGAGAA_008,198
GCTGCAGACCAACTCGAGAA_009,83
TGTGGAAAAAGGCTTCTACA_001,103
TGTGGAAAAAGGCTTCTACA_002,107
TGTGGAAAAAGGCTTCTACA_003,149
TGTGGAAAAAGGCTTCTACA_004,91
TGTGGAAAAAGGCTTCTACA_005,5
ACTCTTGGAGGTAGTAAGAT_001,77
ACTCTTGGAGGTAGTAAGAT_002,48
ACTCTTGGAGGTAGTAAGAT_003,127
ACTCTTGGAGGTAGTAAGAT_004,115
ACTCTTGGAGGTAGTAAGAT_005,61
ACTCTTGGAGGTAGTAAGAT_006,128
ACTCTTGGAGGTAGTAAGAT_007,14
ACTCTTGGAGGTAGTAAGAT_008,84
ACTCTTGGAGGTAGTAAGAT_009,22
ACTCTTGGAGGTAGTAAGAT_010,50
ACTCTTGGAGGTAGTAAGAT_011,93
ACTCTTGGAGGTAGTAAGAT_012,13
ACTCTTGGAGGTAGTAAGAT_013,49
CTCCGGCCTCACCACGAGCG_001,27
CTCCGGCCTCACCACGAGCG_002,92
CTCCGGCCTCACCACGAGCG_003,50
CTCCGGCCTCACCACGAGCG_004,117
CTCCGGCCTCACCACGAGCG_005,128
CTCCGGCCTCACCACGAGCG_006,127
CTCCGGCCTCACCACGAGCG_007,72
CTCCGGCCTCACCACGAGCG_008,28
CTCCGGCCTCACCACGAGCG_009,47
CTCCGGCCTCACCACGAGCG_010,89
CTCCGGCCTCACCACGAGCG_011,2
CTCCGGCCTCACCACGAGCG_012,37
CTCCGGCCTCACCACGAGCG_013,83
CACCTTATACCTGCTACAGT_001,101
CACCTTATACCTGCTACAGT_002,63
CACCTTATACCTGCTACAGT_003,189
CACCTTATACCTGCTACAGT_004,197
CACCTTATACCTGCTACAGT_005,165
CACCTTATACCTGCTACAGT_006,100
AAGGACGAGTCCCTTTACCA_001,151
AAGGACGAGTCCCTTTACCA_002,183
AAGGACGAGTCCCTTTACCA_003,175
AAGGACGAGTCCCTTTACCA_004,18
AAGGACGAGTCCCTTTACCA_005,57
AAGGACGAGTCCCTTTACCA_006,115
AAGGACGAGTCCCTTTACCA_007,182
AAGGACGAGTCCCTTTACCA_008,91
ATGTAACCCATTTAGGCACG_001,153
ATGTAACCCATTTAGGCACG_002,153
ATGTAACCCATTTAGGCACG_003,121
ATGTAACCCATTTAGGCACG_004,134
ATGTAACCCATTTAGGCACG_005,84
ATGTAACCCATTTAGGCACG_006,28
ATGTAACCCATTTAGGCACG_007,27
ATGTAACCCATTTAGGCACG_008,140
ATGTAACCCATTTAGGCACG_009,48
CAGCCCCACTTACCTCGGAA_001,42
CAGCCCCACTTACCTCGGAA_002,62
CAGCCCCACTTACCTCGGAA_003,26
CAGCCCCACTTACCTCGGAA_004,13
CAGCCCCACTTACCTCGGAA_005,82
CAGCCCCACTTACCTCGGAA_006,95
CAGCCCCACTTACCTCGGAA_007,5
CAGCCCCACTTACCTCGGAA_008,140
CAGCCCCACTTACCTCGGAA_009,184
CAGCCCCACTTACCTCGGAA_010,123
CAGCCCCACTTACCTCGGAA_011,76
CAGCCCCACTTACCTCGGAA_012,158
CAGCCCCACTTACCTCGGAA_013,185
CAGCCCCACTTACCTCGGAA_014,40
CAGCCCCACTTACCTCGGAA_015,6
CAGCCCCACTTACCTCGGAA_016,126
CAGCCCCACTTACCTCGGAA_017,94
CAGCCCCACTTACCTCGGAA_018,152
CAGCCCCACTTACCTCGGAA_019,175
CAGCCCCACTTACCTCGGAA_020,45
CTCCCTATCAGACCTGACAG_001,59
CTCCCTATCAGACCTGACAG_002,63
CTCCCTATCAGACCTGACAG_003,148
CTCCCTATCAGACCTGACAG_004,35
CTCCCTATCAGACCTGACAG_005,101
CTCCCTATCAGACCTGACAG_006,61
CTCCCTATCAGACCTGACAG_007,169
TCCTAGTGGAGTCACTAGAG_001,145
TCCTAGTGGAGTCACTAGAG_002,57
TCCTAGTGGAGTCACTAGAG_003,94
TCCTAGTGGAGTCACTAGAG_004,12
TCCTAGTGGAGTCACTAGAG_005,138
TCCTAGTGGAGTCACTAGAG_006,31
TGAGATACGCTACTCTCAGG_001,160
TGAGATACGCTACTCTCAGG_002,140
TGAGATACGCTACTCTCAGG_003,78
TGAGATACGCTACTCTCAGG_004,125
TGAGATACGCTACTCTCAGG_005,8
TGAGATACGCTACTCTCAGG_006,191
TGAGATACGCTACTCTCAGG_007,149
TGAGATACGCTACTCTCAGG_008,3
TGAGATACGCTACTCTCAGG_009,52
TGGTTGGAGACAACAACATA_001,188
TGGTTGGAGACAACAACATA_002,188
TGGTTGGAGACAACAACATA_003,156
TGGACCACTACAAGAACTTG_001,97
TGGACCACTACAAGAACTTG_002,105
TGGACCACTACAAGAACTTG_003,150
TGGCAGGAAGAACAATCATG_001,161
TGGCAGGAAGAACAATCATG_002,22
TGGCAGGAAGAACAATCATG_003,83
TGGCAGGAAGAACAATCATG_004,24
TGGCAGGAAGAACAATCATG_005,192
TGGCAGGAAGAACAATCATG_006,125
TGGCAGGAAGAACAATCATG_007,95
TGGCAGGAAGAACAATCATG_008,154
TGGCAGGAAGAACAATCATG_009,162
TGTGACCGTGGACAATCGCC_001,96
TGTGACCGTGGACAATCGCC_002,188
TGTGACCGTGGACAATCGCC_003,108
TGTGACCGTGGACAATCGCC_004,41
TGTGACCGTGGACAATCGCC_005,17
TGTGACCGTGGACAATCGCC_006,49
TTATAAAGTTCTGGTTTCAG_001,152
TTATAAAGTTCTGGTTTCAG_002,64
GAGGTAGAATTCGTCCCCCG_001,132
GAGGTAGAATTCGTCCCCCG_002,150
GAGGTAGAATTCGTCCCCCG_003,14
ACATGAAACAACCAGACACA_001,81
ACATGAAACAACCAGACACA_002,166
ACTGCTCCATGGCGAACTAG_001,87
ACTGCTCCATGGCGAACTAG_002,183
ACTGCTCCATGGCGAACTAG_003,183
ACTGCTCCATGGCGAACTAG_004,48
ACTGCTCCATGGCGAACTAG_005,130
GGAGAAGTTTGACCACCTAG_001,50
GGAGAAGTTTGACCACCTAG_002,158
GGAGAAGTTTGACCACCTAG_003,0
GGAGAAGTTTGACCACCTAG_004,157
GGAGAAGTTTGACCACCTAG_005,149
GGAGAAGTTTGACCACCTAG_006,10
GGTGACTTCCACTAGAGTAG_001,57
GGTGACTTCCACTAGAGTAG_002,37
ATGTTGTTGAGGGAGCCATA_001,49
ATGTTGTTGAGGGAGCCATA_002,181
ATGTTGTTGAGGGAGCCATA_003,174
ATGTTGTTGAGGGAGCCATA_004,91
ATGTTGTTGAGGGAGCCATA_005,146
ATGTTGTTGAGGGAGCCATA_006,113
ATGTTGTTGAGGGAGCCATA_007,89
ATGTTGTTGAGGGAGCCATA_008,81
ATGTTGTTGAGGGAGCCATA_009,91
ATGTTGTTGAGGGAGCCATA_010,162
ATGTTGTTGAGGGAGCCATA_011,176
ATGTTGTTGAGGGAGCCATA_012,52
ATGTTGTTGAGGGAGCCATA_013,69
ATGTTGTTGAGGGAGCCATA_014,40
ATGTTGTTGAGGGAGCCATA_015,124
ATGTTGTTGAGGGAGCCATA_016,37
GCTGGAACGGCAGCCCAGCA_001,183
GCTGGAACGGCAGCCCAGCA_002,0
GCTGGAACGGCAGCCCAGCA_003,94
GCTGGAACGGCAGCCCAGCA_004,91
GCTGGAACGGCAGCCCAGCA_005,121
GCTGGAACGGCAGCCCAGCA_006,34
GCTGGAACGGCAGCCCAGCA_007,189
GCTGGAACGGCAGCCCAGCA_008,46
GCTGGAACGGCAGCCCAGCA_009,28
TCATGCCGGACACTATCTCT_001,69
TCATGCCGGACACTATCTCT_002,22
TCATGCCGGACACTATCTCT_003,151
TCATGCCGGACACTATCTCT_004,60
GGGCACAGATCAAGCAGACA_001,9
GGGCACAGATCAAGCAGACA_002,62
GGGCACAGATCAAGCAGACA_003,144
GGGCACAGATCAAGCAGACA_004,19
GGGCACAGATCAAGCAGACA_005,73
GGGCACAGATCAAGCAGACA_006,145
ATCGAGTTAGAGGACCAAAG_001,129
GACTGGGTTAGCGCTCCCGA_001,23
GACTGGGTTAGCGCTCCCGA_002,15
GACTGGGTTAGCGCTCCCGA_003,182
GACTGGGTTAGCGCTCCCGA_004,58
GACTGGGTTAGCGCTCCCGA_005,52
GACTGGGTTAGCGCTCCCGA_006,94
GACTGGGTTAGCGCTCCCGA_007,81
GACTGGGTTAGCGCTCCCGA_008,164
GACTGGGTTAGCGCTCCCGA_009,15
GACTGGGTTAGCGCTCCCGA_010,162
GACTGGGTTAGCGCTCCCGA_011,150
GACTGGGTTAGCGCTCCCGA_012,195
GACTGGGTTAGCGCTCCCGA_013,15
GACTGGGTTAGCGCTCCCGA_014,182
GACTGGGTTAGCGCTCCCGA_015,174
GACTGGGTTAGCGCTCCCGA_016,156
GACTGGGTTAGCGCTCCCGA_017,199
GACTGGGTTAGCGCTCCCGA_018,61
GACTGGGTTAGCGCTCCCGA_019,9
GACTGGGTTAGCGCTCCCGA_020,144
GACTGGGTTAGCGCTCCCGA_021,144
GACTGGGTTAGCGCTCCCGA_022,138
GACTGGGTTAGCGCTCCCGA_023,102
GACTGGGTTAGCGCTCCCGA_024,112
GACTGGGTTAGCGCTCCCGA_025,57
GACTGGGTTAGCGCTCCCGA_026,9
GACTGGGTTAGCGCTCCCGA_027,106
GACTGGGTTAGCGCTCCCGA_028,160
GACTGGGTTAGCGCTCCCGA_029,79
CTACTCCAAAAATGCCACAG_001,104
CTACTCCAAAAATGCCACAG_002,101
CTACTCCAAAAATGCCACAG_003,24
CTACTCCAAAAATGCCACAG_004,135
CTACTCCAAAAATGCCACAG_005,54
CTACTCCAAAAATGCCACAG_006,134
CTACTCCAAAAATGCCACAG_007,49
CTACTCCAAAAATGCCACAG_008,93
CTACTCCAAAAATGCCACAG_009,57
CTACTCCAAAAATGCCACAG_010,160
CTACTCCAAAAATGCCACAG_011,13
CTACTCCAAAAATGCCACAG_012,34
CTACTCCAAAAATGCCACAG_013,147
CTACTCCAAAAATGCCACAG_014,138
CTACTCCAAAAATGCCACAG_015,188
CTACTCCAAAAATGCCACAG_016,123
CTACTCCAAAAATGCCACAG_017,140
CTACTCCAAAAATGCCACAG_018,9
CTACTCCAAAAATGCCACAG_019,151
CTACTCCAAAAATGCCACAG_020,37
CTACTCCAAAAATGCCACAG_021,183
CTACTCCAAAAATGCCACAG_022,82
CTACTCCAAAAATGCCACAG_023,120
CTACTCCAAAAATGCCACAG_024,16
CTACTCCAAAAATGCCACAG_025,103
GGCCTACGCGCACTACCACG_001,127
GGCCTACGCGCACTACCACG_002,145
GGCCTACGCGCACTACCACG_003,176
GGCCTACGCGCACTACCACG_004,110
GGCCTACGCGCACTACCACG_005,79
GGCCTACGCGCACTACCACG_006,188
GGCCTACGCGCACTACCACG_007,54
GGCCTACGCGCACTACCACG_008,29
GGCCTACGCGCACTACCACG_009,151
GGCCTACGCGCACTACCACG_010,12
GGCCTACGCGCACTACCACG_011,18
GGCCTACGCGCACTACCACG_012,191
GGCCTACGCGCACTACCACG_013,74
GGCCTACGCGCACTACCACG_014,41
GGCGGGCGGAGAGTCGGCGA_001,96
GGCGGGCGGAGAGTCGGCGA_002,81
GGCGGGCGGAGAGTCGGCGA_003,146
GGCGGGCGGAGAGTCGGCGA_004,127
GGCGGGCGGAGAGTCGGCGA_005,105
GGCGGGCGGAGAGTCGGCGA_006,144
GGCGGGCGGAGAGTCGGCGA_007,130
GGCGGGCGGAGAGTCGGCGA_008,133
GGCGGGCGGAGAGTCGGCGA_009,183
GGCGGGCGGAGAGTCGGCGA_010,184
GGCGGGCGGAGAGTCGGCGA_011,82
GGCGGGCGGAGAGTCGGCGA_012,190
GGCGGGCGGAGAGTCGGCGA_013,1
GGCGGGCGGAGAGTCGGCGA_014,160
GGCGGGCGGAGAGTCGGCGA_015,168
GGCGGGCGGAGAGTCGGCGA_016,167
GGCGGGCGGAGAGTCGGCGA_017,14
GGCGGGCGGAGAGTCGGCGA_018,56
GGCGGGCGGAGAGTCGGCGA_019,98
GGCGGGCGGAGAGTCGGCGA_020,190
GGCGGGCGGAGAGTCGGCGA_021,193
GGCGGGCGGAGAGTCGGCGA_022,60
TGGATGGAGAGAGTATCCCG_001,87
TGGATGGAGAGAGTATCCCG_002,61
TGGATGGAGAGAGTATCCCG_003,5
TGGATGGAGAGAGTATCCCG_004,128
TGGATGGAGAGAGTATCCCG_005,130
TGGATGGAGAGAGTATCCCG_006,58
TGGATGGAGAGAGTATCCCG_007,193
TGGATGGAGAGAGTATCCCG_008,159
TGGATGGAGAGAGTATCCCG_009,144
TGGATGGAGAGAGTATCCCG_010,19
TGGATGGAGAGAGTATCCCG_011,156
CAGAGACAAGAATGCACCTG_001,55
CAGAGACAAGAATGCACCTG_002,20
CAGAGACAAGAATGCACCTG_003,93
CAGAGACAAGAATGCACCTG_004,160
CAGAGACAAGAATGCACCTG_005,53
CAGAGACAAGAATGCACCTG_006,138
CAGAGACAAGAATGCACCTG_007,175
TCAAGGCCTCTGAGCATCCG_001,9
GCTTGCGGTCAAACCAACGA_001,56
GCTTGCGGTCAAACCAACGA_002,188
GCTTGCGGTCAAACCAACGA_003,183
GCTTGCGGTCAAACCAACGA_004,7
GCTTGCGGTCAAACCAACGA_005,179
CAAGAAAGTGACAGATACCT_001,132
CAAGAAAGTGACAGATACCT_002,8
CAAGAAAGTGACAGATACCT_003,68
CAAGAAAGTGACAGATACCT_004,168
CAAGAAAGTGACAGATACCT_005,56
CAAGAAAGTGACAGATACCT_006,189
CAAGAAAGTGACAGATACCT_007,51
CAAGAAAGTGACAGATACCT_008,143
CAAGAAAGTGACAGATACCT_009,144
CAAGAAAGTGACAGATACCT_010,78
CAAGAAAGTGACAGATACCT_011,174
CAAGAAAGTGACAGATACCT_012,142
CAAGAAAGTGACAGATACCT_013,126
CAAGAAAGTGACAGATACCT_014,102
CAAGAAAGTGACAGATACCT_015,62
CTGTCGGCGAGAGAAGAGAG_001,169
CTGTCGGCGAGAGAAGAGAG_002,100
CTGTCGGCGAGAGAAGAGAG_003,135
CTGTCGGCGAGAGAAGAGAG_004,58
CTGTCGGCGAGAGAAGAGAG_005,4
CTGTCGGCGAGAGAAGAGAG_006,109
CTGTCGGCGAGAGAAGAGAG_007,109
CTGTCGGCGAGAGAAGAGAG_008,95
CTGTCGGCGAGAGAAGAGAG_009,146
CTGTCGGCGAGAGAAGAGAG_010,144
CTGTCGGCGAGAGAAGAGAG_011,34
CTGTCGGCGAGAGAAGAGAG_012,175
CTGTCGGCGAGAGAAGAGAG_013,135
CTGTCGGCGAGAGAAGAGAG_014,93
CTGTCGGCGAGAGAAGAGAG_015,15
CTGTCGGCGAGAGAAGAGAG_016,24
CTGTCGGCGAGAGAAGAGAG_017,192
CTGTCGGCGAGAGAAGAGAG_018,40
CTGTCGGCGAGAGAAGAGAG_019,191
CTGTCGGCGAGAGAAGAGAG_020,94
CTGTCGGCGAGAGAAGAGAG_021,76
CTGTCGGCGAGAGAAGAGAG_022,69
CTGTCGGCGAGAGAAGAGAG_023,10
AGAATACACTCTCTCAGAGC_001,60
ATACCATGAGCGCATTGACG_001,17
ATACCATGAGCGCATTGACG_002,2
ATACCATGAGCGCATTGACG_003,115
ATACCATGAGCGCATTGACG_004,88
ATACCATGAGCGCATTGACG_005,16
ATACCATGAGCGCATTGACG_006,43
ATACCATGAGCGCATTGACG_007,133
ATACCATGAGCGCATTGACG_008,188
ATACCATGAGCGCATTGACG_009,168
ATACCATGAGCGCATTGACG_010,1
ATACCATGAGCGCATTGACG_011,2
ATACCATGAGCGCATTGACG_012,198
ATACCATGAGCGCATTGACG_013,188
ATACCATGAGCGCATTGACG_014,106
ATACCATGAGCGCATTGACG_015,43
ATACCATGAGCGCATTGACG_016,0
AGATTTCACCCGCTTGATGG_001,59
AGATTTCACCCGCTTGATGG_002,165
AGATTTCACCCGCTTGATGG_003,105
AGATTTCACCCGCTTGATGG_004,88
AGATTTCACCCGCTTGATGG_005,71
AGATTTCACCCGCTTGATGG_006,13
AGATTTCACCCGCTTGATGG_007,71
AGATTTCACCCGCTTGATGG_008,153
AGATTTCACCCGCTTGATGG_009,42
AGATTTCACCCGCTTGATGG_010,141
ATGGCAAGTGCAAAGAGCAT_001,0
ATGGCAAGTGCAAAGAGCAT_002,20
ATGGCAAGTGCAAAGAGCAT_003,35
ATGGCAAGTGCAAAGAGCAT_004,141
ATGGCAAGTGCAAAGAGCAT_005,106
ATGGCAAGTGCAAAGAGCAT_006,130
ATGGCAAGTGCAAAGAGCAT_007,35
ATGGCAAGTGCAAAGAGCAT_008,50
ATGGCAAGTGCAAAGAGCAT_009,169
ATGGCAAGTGCAAAGAGCAT_010,41
ATGGCAAGTGCAAAGAGCAT_011,157
ATGGCAAGTGCAAAGAGCAT_012,166
ATGGCAAGTGCAAAGAGCAT_013,166
ATGGCAAGTGCAAAGAGCAT_014,161
ATGGCAAGTGCAAAGAGCAT_015,197
ATGGCAAGTGCAAAGAGCAT_016,46
ATGGCAAGTGCAAAGAGCAT_017,130
ATGGCAAGTGCAAAGAGCAT_018,78
ATGGCAAGTGCAAAGAGCAT_019,141
ATGGCAAGTGCAAAGAGCAT_020,63
ATGGCAAGTGCAAAGAGCAT_021,28
CCCTTCTCGAGCTAACGTCA_001,198
CCCTTCTCGAGCTAACGTCA_002,117
GAAGCTGAAGACGTACTCGA_001,156
GAAGCTGAAGACGTACTCGA_002,15
GAAGCTGAAGACGTACTCGA_003,149
GAAGCTGAAGACGTACTCGA_004,78
GAAGCTGAAGACGTACTCGA_005,138
GAAGCTGAAGACGTACTCGA_006,175
GAAGCTGAAGACGTACTCGA_007,137
GAAGCTGAAGACGTACTCGA_008,79
GAAGCTGAAGACGTACTCGA_009,4
GAAGCTGAAGACGTACTCGA_010,142
GAAGCTGAAGACGTACTCGA_011,98
GAAGCTGAAGACGTACTCGA_012,6
GAAGCTGAAGACGTACTCGA_013,144
GAAGCTGAAGACGTACTCGA_014,199
GAAGCTGAAGACGTACTCGA_015,19
GAAGCTGAAGACGTACTCGA_016,115
GAAGCTGAAGACGTACTCGA_017,119
GAAGCTGAAGACGTACTCGA_018,119
GAAGCTGAAGACGTACTCGA_019,29
GAAGCTGAAGACGTACTCGA_020,128
GAAGCTGAAGACGTACTCGA_021,184
GAAGCTGAAGACGTACTCGA_022,60
GAAGCTGAAGACGTACTCGA_023,157
AGGCTGCACGGGTGAAAACG_001,142
AGGCTGCACGGGTGAAAACG_002,88
AGGCTGCACGGGTGAAAACG_003,91
AGGCTGCACGGGTGAAAACG_004,78
AGGCTGCACGGGTGAAAACG_005,47
GGGAGCTAAAGATCCGAGTG_001,48
GGGAGCTAAAGATCCGAGTG_002,129
GGGAGCTAAAGATCCGAGTG_003,178
GGGAGCTAAAGATCCGAGTG_004,48
GGGAGCTAAAGATCCGAGTG_005,113
GGGAGCTAAAGATCCGAGTG_006,185
TAGTGATGAATGGTAGTGCG_001,50
TAGTGATGAATGGTAGTGCG_002,62
TAGTGATGAATGGTAGTGCG_003,182
TAGTGATGAATGGTAGTGCG_004,29
TAGTGATGAATGGTAGTGCG_005,62
TAGTGATGAATGGTAGTGCG_006,15
ACCATATAGTAGTATTACTG_001,91
ACCATATAGTAGTATTACTG_002,197
ACCATATAGTAGTATTACTG_003,171
ACCATATAGTAGTATTACTG_004,163
ACCATATAGTAGTATTACTG_005,68
ACCATATAGTAGTATTACTG_006,180
GGCTCGTGATTGCCACGCTG_001,131
GGCTCGTGATTGCCACGCTG_002,171
GGCTCGTGATTGCCACGCTG_003,63
GGCTCGTGATTGCCACGCTG_004,83
GGCTCGTGATTGCCACGCTG_005,41
GGCTCGTGATTGCCACGCTG_006,148
GGCTCGTGATTGCCACGCTG_007,94
GGCTCGTGATTGCCACGCTG_008,5
GGCTCGTGATTGCCACGCTG_009,88
GGCTCGTGATTGCCACGCTG_010,76
GGCTCGTGATTGCCACGCTG_011,199
GGCTCGTGATTGCCACGCTG_012,61
GGCTCGTGATTGCCACGCTG_013,177
AGATGGAAGCCAATATCGAC_001,115
AGATGGAAGCCAATATCGAC_002,163
AGATGGAAGCCAATATCGAC_003,191
AGATGGAAGCCAATATCGAC_004,67
AGATGGAAGCCAATATCGAC_005,27
AGATGGAAGCCAATATCGAC_006,50
AGATGGAAGCCAATATCGAC_007,113
AGATGGAAGCCAATATCGAC_008,67
AGATGGAAGCCAATATCGAC_009,192
AGATGGAAGCCAATATCGAC_010,28
AGATGGAAGCCAATATCGAC_011,59
CCCACCAGTATCCTTACTGG_001,134
GCTGCGGTGGTTGAGACAAG_001,161
GCTGCGGTGGTTGAGACAAG_002,111
GCTGCGGTGGTTGAGACAAG_003,137
GCTGCGGTGGTTGAGACAAG_004,133
CCTCATACCCGAAGTGATTG_001,92
CCTCATACCCGAAGTGATTG_002,41
CCTCATACCCGAAGTGATTG_003,141
CCTCATACCCGAAGTGATTG_004,158
CCTCATACCCGAAGTGATTG_005,68
TTTACTACTTGCTAATGCCG_001,24
AGCTATGCGGTATATCAGCA_001,26
AGCTATGCGGTATATCAGCA_002,60
AGCTATGCGGTATATCAGCA_003,15
GTGACCTACACATCATCAAG_001,2
GTGACCTACACATCATCAAG_002,63
GCCTGAGCTTCTATTCATGA_001,18
GCCTGAGCTTCTATTCATGA_002,70
GCCTGAGCTTCTATTCATGA_003,71
GTGCAGCTGCCAGAGAAACA_001,132
GTGCAGCTGCCAGAGAAACA_002,42
GTGCAGCTGCCAGAGAAACA_003,49
GTGCAGCTGCCAGAGAAACA_004,48
CCTTCTATAACAACTGCCGC_001,138
CCTTCTATAACAACTGCCGC_002,83
CCTTCTATAACAACTGCCGC_003,84
CCTTCTATAACAACTGCCGC_004,125
CCTTCTATAACAACTGCCGC_005,188
CCTTCTATAACAACTGCCGC_006,28
CCTTCTATAACAACTGCCGC_007,96
CCTTCTATAACAACTGCCGC_008,1
CCTTCTATAACAACTGCCGC_009,22
CCTTCTATAACAACTGCCGC_010,115
CCTTCTATAACAACTGCCGC_011,62
CCTTCTATAACAACTGCCGC_012,153
CCTTCTATAACAACTGCCGC_013,77
CCTTCTATAACAACTGCCGC_014,138
CCTTCTATAACAACTGCCGC_015,40
CCTTCTATAACAACTGCCGC_016,199
TTGATGCAGTTCCACTGCTG_001,169
TTGATGCAGTTCCACTGCTG_002,99
TTGATGCAGTTCCACTGCTG_003,121
TTGATGCAGTTCCACTGCTG_004,175
TTGATGCAGTTCCACTGCTG_005,127
TTGATGCAGTTCCACTGCTG_006,62
TTGATGCAGTTCCACTGCTG_007,172
CACCACCAGCGTGTCCATCG_001,24
CACCACCAGCGTGTCCATCG_002,117
CACCACCAGCGTGTCCATCG_003,117
CACCACCAGCGTGTCCATCG_004,16
CACCACCAGCGTGTCCATCG_005,31
CACCACCAGCGTGTCCATCG_006,127
CACCACCAGCGTGTCCATCG_007,166
CACCACCAGCGTGTCCATCG_008,68
TTCGGCATGTCGAGACCAAG_001,16
TTCGGCATGTCGAGACCAAG_002,173
TTCGGCATGTCGAGACCAAG_003,8
TTCGGCATGTCGAGACCAAG_004,60
TTCGGCATGTCGAGACCAAG_005,6
TTCGGCATGTCGAGACCAAG_006,112
GTGGGTCAGTTACGCCGACA_001,150
GTGGGTCAGTTACGCCGACA_002,127
GTGGGTCAGTTACGCCGACA_003,89
GTGGGTCAGTTACGCCGACA_004,175
GTGGGTCAGTTACGCCGACA_005,17
AGAGCTCAGACACAAAGCCC_001,147
AGAGCTCAGACACAAAGCCC_002,110
AGAGCTCAGACACAAAGCCC_003,123
AGAGCTCAGACACAAAGCCC_004,121
AGAGCTCAGACACAAAGCCC_005,77
AGAGCTCAGACACAAAGCCC_006,52
AGAGCTCAGACACAAAGCCC_007,183
AGTATGCAAGAAGACACCAG_001,150
AGTATGCAAGAAGACACCAG_002,168
AGTATGCAAGAAGACACCAG_003,29
AGTATGCAAGAAGACACCAG_004,118
AGTATGCAAGAAGACACCAG_005,50
AGTATGCAAGAAGACACCAG_006,158
AGTATGCAAGAAGACACCAG_007,97
AGTATGCAAGAAGACACCAG_008,185
AGTATGCAAGAAGACACCAG_009,123
AGTATGCAAGAAGACACCAG_010,93
AGTATGCAAGAAGACACCAG_011,105
AGTATGCAAGAAGACACCAG_012,137
AGTATGCAAGAAGACACCAG_013,159
AGTATGCAAGAAGACACCAG_014,72
AGTATGCAAGAAGACACCAG_015,180
AGTATGCAAGAAGACACCAG_016,84
AGTATGCAAGAAGACACCAG_017,148
AGTATGCAAGAAGACACCAG_018,123
CTTACCTTAATCACGCCCGG_001,160
CTTACCTTAATCACGCCCGG_002,11
CTTACCTTAATCACGCCCGG_003,147
CTTACCTTAATCACGCCCGG_004,70
CTTACCTTAATCACGCCCGG_005,150
CTTACCTTAATCACGCCCGG_006,27
CTTACCTTAATCACGCCCGG_007,52
CTTACCTTAATCACGCCCGG_008,162
CTTACCTTAATCACGCCCGG_009,129
CTTACCTTAATCACGCCCGG_010,166
CTTACCTTAATCACGCCCGG_011,179
CTTACCTTAATCACGCCCGG_012,82
CTTACCTTAATCACGCCCGG_013,101
CTTACCTTAATCACGCCCGG_014,69
CTTACCTTAATCACGCCCGG_015,20
CTTACCTTAATCACGCCCGG_016,19
ATGGGCAGCAAGACCCTGCG_001,107
ATGGGCAGCAAGACCCTGCG_002,146
ATGGGCAGCAAGACCCTGCG_003,9
ATGGGCAGCAAGACCCTGCG_004,120
ATGGGCAGCAAGACCCTGCG_005,49
ATGGGCAGCAAGACCCTGCG_006,8
ATGGGCAGCAAGACCCTGCG_007,149
ATGGGCAGCAAGACCCTGCG_008,150
ATGGGCAGCAAGACCCTGCG_009,43
ATGGGCAGCAAGACCCTGCG_010,127
ATGGGCAGCAAGACCCTGCG_011,141
ATGGGCAGCAAGACCCTGCG_012,129
ATGGGCAGCAAGACCCTGCG_013,148
ATGGGCAGCAAGACCCTGCG_014,1
ATGGGCAGCAAGACCCTGCG_015,161
ATGGGCAGCAAGACCCTGCG_016,65
ATGGGCAGCAAGACCCTGCG_017,193
ATGGGCAGCAAGACCCTGCG_018,1
ATGGGCAGCAAGACCCTGCG_019,50
ATGGGCAGCAAGACCCTGCG_020,130
ATGGGCAGCAAGACCCTGCG_021,186
ATGGGCAGCAAGACCCTGCG_022,62
ATGGGCAGCAAGACCCTGCG_023,0
ATGGGCAGCAAGACCCTGCG_024,124
ATGGGCAGCAAGACCCTGCG_025,114
ATGGGCAGCAAGACCCTGCG_026,133
TCAAATTCTCAAACATGCCG_001,194
TCAAATTCTCAAACATGCCG_002,52
TCAAATTCTCAAACATGCCG_003,197
ATCCTGGACAGACGGAACAA_001,115
ATCCTGGACAGACGGAACAA_002,57
ATCCTGGACAGACGGAACAA_003,172
ATCCTGGACAGACGGAACAA_004,175
ATCCTGGACAGACGGAACAA_005,43
ATCCTGGACAGACGGAACAA_006,66
ATCCTGGACAGACGGAACAA_007,79
ATCCTGGACAGACGGAACAA_008,73
ATCCTGGACAGACGGAACAA_009,184
ATCCTGGACAGACGGAACAA_010,134
ATCCTGGACAGACGGAACAA_011,146
ATCCTGGACAGACGGAACAA_012,183
ATCCTGGACAGACGGAACAA_013,85
ATCCTGGACAGACGGAACAA_014,123
ATCCTGGACAGACGGAACAA_015,78
ATCCTGGACAGACGGAACAA_016,146
ATCCTGGACAGACGGAACAA_017,55
CATATTCACTGGCTGACGAG_001,53
CATATTCACTGGCTGACGAG_002,111
CATATTCACTGGCTGACGAG_003,130
CATATTCACTGGCTGACGAG_004,43
CATATTCACTGGCTGACGAG_005,79
CATATTCACTGGCTGACGAG_006,86
CATATTCACTGGCTGACGAG_007,191
CATATTCACTGGCTGACGAG_008,87
CATATTCACTGGCTGACGAG_009,141
CATATTCACTGGCTGACGAG_010,19
CATATTCACTGGCTGACGAG_011,130
CATATTCACTGGCTGACGAG_012,27
CATATTCACTGGCTGACGAG_013,111
CATATTCACTGGCTGACGAG_014,4
CATATTCACTGGCTGACGAG_015,170
CATCATGCAAGTAGACAGGT_001,129
CATCATGCAAGTAGACAGGT_002,177
CATCATGCAAGTAGACAGGT_003,19
CATCATGCAAGTAGACAGGT_004,73
CATCATGCAAGTAGACAGGT_005,98
CATCATGCAAGTAGACAGGT_006,103
CATCATGCAAGTAGACAGGT_007,24
CATCATGCAAGTAGACAGGT_008,113
CATCATGCAAGTAGACAGGT_009,82
CATCATGCAAGTAGACAGGT_010,41
CATCATGCAAGTAGACAGGT_011,41
CATCATGCAAGTAGACAGGT_012,92
CATCATGCAAGTAGACAGGT_013,11
CATCATGCAAGTAGACAGGT_014,89
CATCATGCAAGTAGACAGGT_015,57
CATCATGCAAGTAGACAGGT_016,2
CATCATGCAAGTAGACAGGT_017,94
CATCATGCAAGTAGACAGGT_018,102
CATCATGCAAGTAGACAGGT_019,1
GAGCCCGAACCCTGTACGTG_001,104
GAGCCCGAACCCTGTACGTG_002,150
GAGCCCGAACCCTGTACGTG_003,1
GAGCCCGAACCCTGTACGTG_004,11
GAGCCCGAACCCTGTACGTG_005,181
GAGCCCGAACCCTGTACGTG_006,141
GAGCCCGAACCCTGTACGTG_007,163
GAGCCCGAACCCTGTACGTG_008,85
GAGCCCGAACCCTGTACGTG_009,158
GAGCCCGAACCCTGTACGTG_010,41
GAGCCCGAACCCTGTACGTG_011,69
GAGCCCGAACCCTGTACGTG_012,82
GAGCCCGAACCCTGTACGTG_013,158
GAGCCCGAACCCTGTACGTG_014,174
GAGCCCGAACCCTGTACGTG_015,168
GAGCCCGAACCCTGTACGTG_016,48
GAGCCCGAACCCTGTACGTG_017,127
GAGCCCGAACCCTGTACGTG_018,193
GAGCCCGAACCCTGTACGTG_019,54
GAGCCCGAACCCTGTACGTG_020,199
GAGCCCGAACCCTGTACGTG_021,106
GAGCCCGAACCCTGTACGTG_022,138
GAGCCCGAACCCTGTACGTG_023,179
GAGCCCGAACCCTGTACGTG_024,138
GAGCCCGAACCCTGTACGTG_025,88
GAGCCCGAACCCTGTACGTG_026,130
GAGCCCGAACCCTGTACGTG_027,63
GAGCCCGAACCCTGTACGTG_028,8
GGGTGAGAGTGACACCCCAG_001,102
GGGTGAGAGTGACACCCCAG_002,77
GGGTGAGAGTGACACCCCAG_003,32
GGGTGAGAGTGACACCCCAG_004,150
GGGTGAGAGTGACACCCCAG_005,93
GGGTGAGAGTGACACCCCAG_006,135
GGGTGAGAGTGACACCCCAG_007,188
GGGTGAGAGTGACACCCCAG_008,67
GGGTGAGAGTGACACCCCAG_009,9
GGGTGAGAGTGACACCCCAG_010,152
GAAACAAATACACAGGCGTG_001,183
GAAACAAATACACAGGCGTG_002,37
GAAACAAATACACAGGCGTG_003,162
GAAACAAATACACAGGCGTG_004,174
GAAACAAATACACAGGCGTG_005,43
GAAACAAATACACAGGCGTG_006,69
GAAACAAATACACAGGCGTG_007,72
GAAACAAATACACAGGCGTG_008,65
GAAACAAATACACAGGCGTG_009,77
GAAACAAATACACAGGCGTG_010,28
GAAACAAATACACAGGCGTG_011,77
GAAACAAATACACAGGCGTG_012,1
GAAACAAATACACAGGCGTG_013,147
GCCAGCCGAATGCTCCCAGG_001,96
GCCAGCCGAATGCTCCCAGG_002,48
GCCAGCCGAATGCTCCCAGG_003,168
GCCAGCCGAATGCTCCCAGG_004,162
GCCAGCCGAATGCTCCCAGG_005,16
AAACCACTAGCATTTCGAGT_001,130
AAACCACTAGCATTTCGAGT_002,183
ATGATCAAACCCTGAGCTGT_001,183
ATGATCAAACCCTGAGCTGT_002,84
ATGATCAAACCCTGAGCTGT_003,23
ATGATCAAACCCTGAGCTGT_004,70
ATGATCAAACCCTGAGCTGT_005,132
ATGATCAAACCCTGAGCTGT_006,76
ATGATCAAACCCTGAGCTGT_007,175
ATGATCAAACCCTGAGCTGT_008,175
ATGATCAAACCCTGAGCTGT_009,178
ATGATCAAACCCTGAGCTGT_010,80
ATGATCAAACCCTGAGCTGT_011,129
CATGGATTACAACCGCAGCG_001,35
CATGGATTACAACCGCAGCG_002,94
CATGGATTACAACCGCAGCG_003,65
CATGGATTACAACCGCAGCG_004,138
CATGGATTACAACCGCAGCG_005,158
CTGGGGTACAACAAGGATGT_001,154
CTGGGGTACAACAAGGATGT_002,130
CTGGGGTACAACAAGGATGT_003,126
CTGGGGTACAACAAGGATGT_004,130
CTGGGGTACAACAAGGATGT_005,166
CTGGGGTACAACAAGGATGT_006,151
CTGGGGTACAACAAGGATGT_007,28
ACCATGACCAGTGAAGTCAG_001,123
ACCATGACCAGTGAAGTCAG_002,13
ACCATGACCAGTGAAGTCAG_003,127
ACCATGACCAGTGAAGTCAG_004,191
ACCATGACCAGTGAAGTCAG_005,137
ACCATGACCAGTGAAGTCAG_006,171
ACCATGACCAGTGAAGTCAG_007,76
ACCATGACCAGTGAAGTCAG_008,148
ACCATGACCAGTGAAGTCAG_009,191
ACCATGACCAGTGAAGTCAG_010,9
ACCATGACCAGTGAAGTCAG_011,20
ACCATGACCAGTGAAGTCAG_012,98
ACCATGACCAGTGAAGTCAG_013,42
ACCATGACCAGTGAAGTCAG_014,168
ACCATGACCAGTGAAGTCAG_015,170
ACCATGACCAGTGAAGTCAG_016,42
ACCATGACCAGTGAAGTCAG_017,37
ACCATGACCAGTGAAGTCAG_018,58
ACCATGACCAGTGAAGTCAG_019,38
ACCATGACCAGTGAAGTCAG_020,69
ACCATGACCAGTGAAGTCAG_021,74
ACCATGACCAGTGAAGTCAG_022,35
ACCATGACCAGTGAAGTCAG_023,109
ACCATGACCAGTGAAGTCAG_024,10
ACAATAAGCAGTTTGCAGTG_001,137
ACAATAAGCAGTTTGCAGTG_002,78
ACAATAAGCAGTTTGCAGTG_003,6
ACAATAAGCAGTTTGCAGTG_004,6
ACAATAAGCAGTTTGCAGTG_005,104
CGATCCGGGTCGGGCTACGA_001,196
CGATCCGGGTCGGGCTACGA_002,196
CGATCCGGGTCGGGCTACGA_003,88
CGATCCGGGTCGGGCTACGA_004,56
CGATCCGGGTCGGGCTACGA_005,17
CGATCCGGGTCGGGCTACGA_006,118
CGATCCGGGTCGGGCTACGA_007,96
CGATCCGGGTCGGGCTACGA_008,21
CGATCCGGGTCGGGCTACGA_009,134
CGATCCGGGTCGGGCTACGA_010,147
CGATCCGGGTCGGGCTACGA_011,35
CGATCCGGGTCGGGCTACGA_012,0
CGATCCGGGTCGGGCTACGA_013,9
CGATCCGGGTCGGGCTACGA_014,149
AGGCATTTACCAGAGACCCT_001,115
AGGCATTTACCAGAGACCCT_002,125
AGGCATTTACCAGAGACCCT_003,73
AGGCATTTACCAGAGACCCT_004,82
AGGCATTTACCAGAGACCCT_005,130
AGGCATTTACCAGAGACCCT_006,81
AGGCATTTACCAGAGACCCT_007,198
AGGCATTTACCAGAGACCCT_008,2
AGGCATTTACCAGAGACCCT_009,79
AGGCATTTACCAGAGACCCT_010,86
AGGCATTTACCAGAGACCCT_011,88
AGGCATTTACCAGAGACCCT_012,127
AGGCATTTACCAGAGACCCT_013,12
AGGCATTTACCAGAGACCCT_014,183
AGGCATTTACCAGAGACCCT_015,162
AGGCATTTACCAGAGACCCT_016,24
AGGCATTTACCAGAGACCCT_017,84
AGGCATTTACCAGAGACCCT_018,79
AGGCATTTACCAGAGACCCT_019,121
AGGCATTTACCAGAGACCCT_020,137
AGGCATTTACCAGAGACCCT_021,98
AGGCATTTACCAGAGACCCT_022,162
AGGCATTTACCAGAGACCCT_023,121
GCTCGACTGTCAGCTGACAC_001,9
GCTCGACTGTCAGCTGACAC_002,70
GCTCGACTGTCAGCTGACAC_003,146
GCTCGACTGTCAGCTGACAC_004,62
GCTCGACTGTCAGCTGACAC_005,60
TGCCCGTCTTCGAAACTGCG_001,181
TGCCCGTCTTCGAAACTGCG_002,169
TGCCCGTCTTCGAAACTGCG_003,147
TGCCCGTCTTCGAAACTGCG_004,57
TGCCCGTCTTCGAAACTGCG_005,146
TGCCCGTCTTCGAAACTGCG_006,65
TGCCCGTCTTCGAAACTGCG_007,160
TGCCCGTCTTCGAAACTGCG_008,14
TGCCCGTCTTCGAAACTGCG_009,2
TGCCCGTCTTCGAAACTGCG_010,110
TGCCCGTCTTCGAAACTGCG_011,44
TGCCCGTCTTCGAAACTGCG_012,48
TGCCCGTCTTCGAAACTGCG_013,160
TGCCCGTCTTCGAAACTGCG_014,50
TGCCCGTCTTCGAAACTGCG_015,78
TGCCCGTCTTCGAAACTGCG_016,169
TGCCCGTCTTCGAAACTGCG_017,1
TGCCCGTCTTCGAAACTGCG_018,184
TGCCCGTCTTCGAAACTGCG_019,48
TGCCCGTCTTCGAAACTGCG_020,94
TGCCCGTCTTCGAAACTGCG_021,48
TGCCCGTCTTCGAAACTGCG_022,41
TGCCCGTCTTCGAAACTGCG_023,197
TGCCCGTCTTCGAAACTGCG_024,153
TGCCCGTCTTCGAAACTGCG_025,81
CGAATGCCACAAATCCCTGG_001,17
CGAATGCCACAAATCCCTGG_002,127
CGAATGCCACAAATCCCTGG_003,85
CGAATGCCACAAATCCCTGG_004,139
CGAATGCCACAAATCCCTGG_005,6
CGAATGCCACAAATCCCTGG_006,81
CGAATGCCACAAATCCCTGG_007,148
CGAATGCCACAAATCCCTGG_008,31
CGAATGCCACAAATCCCTGG_009,39
CGAATGCCACAAATCCCTGG_010,94
CGAATGCCACAAATCCCTGG_011,103
AGTCCACCCCATGCGCTACG_001,95
AGTCCACCCCATGCGCTACG_002,42
AGTCCACCCCATGCGCTACG_003,58
AGTCCACCCCATGCGCTACG_004,159
AGTCCACCCCATGCGCTACG_005,33
AGTCCACCCCATGCGCTACG_006,58
CTGGTCCAAGACGTCCACCA_001,78
CTGGTCCAAGACGTCCACCA_002,193
CTGGTCCAAGACGTCCACCA_003,197
CTGGTCCAAGACGTCCACCA_004,193
CTGGTCCAAGACGTCCACCA_005,154
CTGGTCCAAGACGTCCACCA_006,146
CTGGTCCAAGACGTCCACCA_007,58
CTGGTCCAAGACGTCCACCA_008,103
CTGGTCCAAGACGTCCACCA_009,87
CTGGTCCAAGACGTCCACCA_010,185
TGGAGCTCTCGGTGCTCGAG_001,86
TGGAGCTCTCGGTGCTCGAG_002,151
TGGAGCTCTCGGTGCTCGAG_003,162
TGGAGCTCTCGGTGCTCGAG_004,48
TGGAGCTCTCGGTGCTCGAG_005,56
TGGAGCTCTCGGTGCTCGAG_006,12
TGGAGCTCTCGGTGCTCGAG_007,172
TGGAGCTCTCGGTGCTCGAG_008,49
TGGAGCTCTCGGTGCTCGAG_009,125
TGGAGCTCTCGGTGCTCGAG_010,8
TGGAGCTCTCGGTGCTCGAG_011,12
GTTGCGTCACTTCCGGATCG_001,172
GTTGCGTCACTTCCGGATCG_002,56
GTTGCGTCACTTCCGGATCG_003,156
GTTGCGTCACTTCCGGATCG_004,86
GTTGCGTCACTTCCGGATCG_005,52
GTTGCGTCACTTCCGGATCG_006,175
GTTGCGTCACTTCCGGATCG_007,144
GTTGCGTCACTTCCGGATCG_008,28
GTTGCGTCACTTCCGGATCG_009,28
TAGCATCTTCACTGTAAAGG_001,184
TAGCATCTTCACTGTAAAGG_002,17
TAGCATCTTCACTGTAAAGG_003,4
TAGCATCTTCACTGTAAAGG_004,11
TAGCATCTTCACTGTAAAGG_005,147
TAGCATCTTCACTGTAAAGG_006,57
TAGCATCTTCACTGTAAAGG_007,78
TAGCATCTTCACTGTAAAGG_008,158
CATAAACGCTCCATCAAAGG_001,135
AAACAAATAATGAATTCCTG_001,48
AAACAAATAATGAATTCCTG_002,83
GTAAGAGTGAAGAGAAGAAT_001,156
GTAAGAGTGAAGAGAAGAAT_002,48
GTAAGAGTGAAGAGAAGAAT_003,94
GTAAGAGTGAAGAGAAGAAT_004,184
GTAAGAGTGAAGAGAAGAAT_005,51
GTAAGAGTGAAGAGAAGAAT_006,114
AGTACGACTGCGAACAGCGA_001,127
AGTACGACTGCGAACAGCGA_002,131
AGTACGACTGCGAACAGCGA_003,29
AGTACGACTGCGAACAGCGA_004,163
AGTACGACTGCGAACAGCGA_005,127
AGTACGACTGCGAACAGCGA_006,158
AGTACGACTGCGAACAGCGA_007,188
AGTACGACTGCGAACAGCGA_008,38
AGTACGACTGCGAACAGCGA_009,50
AGTACGACTGCGAACAGCGA_010,24
AGTACGACTGCGAACAGCGA_011,130
AGTACGACTGCGAACAGCGA_012,77
CCTACTTTCCAGGCTCAGCA_001,107
CCTACTTTCCAGGCTCAGCA_002,186
CCTACTTTCCAGGCTCAGCA_003,83
CCTACTTTCCAGGCTCAGCA_004,82
CCTACTTTCCAGGCTCAGCA_005,65
CCTACTTTCCAGGCTCAGCA_006,160
CCTACTTTCCAGGCTCAGCA_007,64
TTTCCTGAAGCAATGCTCCA_001,129
TTTCCTGAAGCAATGCTCCA_002,27
TTTCCTGAAGCAATGCTCCA_003,67
TTTCCTGAAGCAATGCTCCA_004,170
TTTCCTGAAGCAATGCTCCA_005,69
TTTCCTGAAGCAATGCTCCA_006,118
TTTCCTGAAGCAATGCTCCA_007,152
TTTCCTGAAGCAATGCTCCA_008,198
TTTCCTGAAGCAATGCTCCA_009,158
TTTCCTGAAGCAATGCTCCA_010,22
TTTCCTGAAGCAATGCTCCA_011,120
TTTCCTGAAGCAATGCTCCA_012,160
TTTCCTGAAGCAATGCTCCA_013,44
TTTCCTGAAGCAATGCTCCA_014,156
TTTCCTGAAGCAATGCTCCA_015,34
TTTCCTGAAGCAATGCTCCA_016,108
TTTCCTGAAGCAATGCTCCA_017,6
TTTCCTGAAGCAATGCTCCA_018,197
TTTCCTGAAGCAATGCTCCA_019,83
TTTCCTGAAGCAATGCTCCA_020,16
TTTCCTGAAGCAATGCTCCA_021,169
TTTCCTGAAGCAATGCTCCA_022,171
TTTCCTGAAGCAATGCTCCA_023,13
TTTCCTGAAGCAATGCTCCA_024,61
TTTCCTGAAGCAATGCTCCA_025,191
TTTCCTGAAGCAATGCTCCA_026,106
TTTCCTGAAGCAATGCTCCA_027,11
TTTCCTGAAGCAATGCTCCA_028,11
TTTCCTGAAGCAATGCTCCA_029,68
TTTCCTGAAGCAATGCTCCA_030,178
TTTCCTGAAGCAATGCTCCA_031,6
TTTCCTGAAGCAATGCTCCA_032,197
TTTCCTGAAGCAATGCTCCA_033,196
TTTCCTGAAGCAATGCTCCA_034,169
AGTGTTACCACTACTCCACG_001,191
AGTGTTACCACTACTCCACG_002,191
AGTGTTACCACTACTCCACG_003,153
AGTGTTACCACTACTCCACG_004,91
AGTGTTACCACTACTCCACG_005,61
AGTGTTACCACTACTCCACG_006,172
AGTGTTACCACTACTCCACG_007,155
AGTGTTACCACTACTCCACG_008,178
CCTCGCTGTCACCACCACAT_001,16
CCTCGCTGTCACCACCACAT_002,183
CCTCGCTGTCACCACCACAT_003,115
CCTCGCTGTCACCACCACAT_004,65
CCTCGCTGTCACCACCACAT_005,106
CCTCGCTGTCACCACCACAT_006,44
CCTCGCTGTCACCACCACAT_007,86
CCTCGCTGTCACCACCACAT_008,188
CCTCGCTGTCACCACCACAT_009,89
CCTCGCTGTCACCACCACAT_010,14
CCTCGCTGTCACCACCACAT_011,168
CCTCGCTGTCACCACCACAT_012,17
CCTCGCTGTCACCACCACAT_013,118
CCTCGCTGTCACCACCACAT_014,112
CCTCGCTGTCACCACCACAT_015,61
CCTCGCTGTCACCACCACAT_016,88
CCTCGCTGTCACCACCACAT_017,192
CCTCGCTGTCACCACCACAT_018,124
CCTCGCTGTCACCACCACAT_019,36
CGTCGGACGAGGAGATCAAG_001,49
CGTCGGACGAGGAGATCAAG_002,63
CGTCGGACGAGGAGATCAAG_003,49
CGTCGGACGAGGAGATCAAG_004,64
CGTCGGACGAGGAGATCAAG_005,13
CGTCGGACGAGGAGATCAAG_006,110
CGTCGGACGAGGAGATCAAG_007,72
ACGGATGTGACTGAAAACTC_001,3
ACGGATGTGACTGAAAACTC_002,127
ACGGATGTGACTGAAAACTC_003,144
ACGGATGTGACTGAAAACTC_004,159
ACGGATGTGACTGAAAACTC_005,127
ACGGATGTGACTGAAAACTC_006,98
ACGGATGTGACTGAAAACTC_007,52
ACGGATGTGACTGAAAACTC_008,76
ACGGATGTGACTGAAAACTC_009,141
ACGGATGTGACTGAAAACTC_010,154
ACGGATGTGACTGAAAACTC_011,191
ACGGATGTGACTGAAAACTC_012,196
ACGGATGTGACTGAAAACTC_013,98
ACGGATGTGACTGAAAACTC_014,86
ACGGATGTGACTGAAAACTC_015,75
ACGGATGTGACTGAAAACTC_016,147
ACGGATGTGACTGAAAACTC_017,190
GAATTGGACCCTTGCTGCGA_001,127
GAATTGGACCCTTGCTGCGA_002,118
GAATTGGACCCTTGCTGCGA_003,103
GAATTGGACCCTTGCTGCGA_004,83
GAATTGGACCCTTGCTGCGA_005,121
GCACATCGTAGTGGGCCATG_001,101
GCACATCGTAGTGGGCCATG_002,179
GCACATCGTAGTGGGCCATG_003,69
GCACATCGTAGTGGGCCATG_004,76
GCACATCGTAGTGGGCCATG_005,127
GCACATCGTAGTGGGCCATG_006,184
GCACATCGTAGTGGGCCATG_007,174
GCACATCGTAGTGGGCCATG_008,130
GCACATCGTAGTGGGCCATG_009,115
CGGGTCAGGAGGACTACGAT_001,134
CGGGTCAGGAGGACTACGAT_002,35
CGGGTCAGGAGGACTACGAT_003,91
CGGGTCAGGAGGACTACGAT_004,51
CGGGTCAGGAGGACTACGAT_005,193
CGGGTCAGGAGGACTACGAT_006,155
CGGGTCAGGAGGACTACGAT_007,177
CGGGTCAGGAGGACTACGAT_008,12
CGGGTCAGGAGGACTACGAT_009,193
CGGGTCAGGAGGACTACGAT_010,145
CGGGTCAGGAGGACTACGAT_011,117
CGGGTCAGGAGGACTACGAT_012,146
CGGGTCAGGAGGACTACGAT_013,61
CGGGTCAGGAGGACTACGAT_014,135
GCTGTAAGGCCTAAGGCCCG_001,88
GCTGTAAGGCCTAAGGCCCG_002,188
GCTGTAAGGCCTAAGGCCCG_003,11
GCTGTAAGGCCTAAGGCCCG_004,146
GCTGTAAGGCCTAAGGCCCG_005,65
GCTGTAAGGCCTAAGGCCCG_006,148
GCTGTAAGGCCTAAGGCCCG_007,145
CTGCGGCTCTCGCATTACGG_001,63
TGCTCGGAGCCCACAACGTG_001,144
TGCTCGGAGCCCACAACGTG_002,32
TGCTCGGAGCCCACAACGTG_003,194
TGCTCGGAGCCCACAACGTG_004,61
TGCTCGGAGCCCACAACGTG_005,148
TGCTCGGAGCCCACAACGTG_006,135
TGCTCGGAGCCCACAACGTG_007,140
TGCTCGGAGCCCACAACGTG_008,63
TGCTCGGAGCCCACAACGTG_009,40
GTAGAGAGGCCAAGGAAACA_001,129
GTAGAGAGGCCAAGGAAACA_002,76
GTAGAGAGGCCAAGGAAACA_003,199
GTAGAGAGGCCAAGGAAACA_004,118
GTAGAGAGGCCAAGGAAACA_005,153
GTAGAGAGGCCAAGGAAACA_006,10
ACTCAAAACGTCTAATCCAA_001,49
ACTCAAAACGTCTAATCCAA_002,188
ACTCAAAACGTCTAATCCAA_003,65
ACTCAAAACGTCTAATCCAA_004,16
ACTCAAAACGTCTAATCCAA_005,160
ACTCAAAACGTCTAATCCAA_006,68
ACTCAAAACGTCTAATCCAA_007,147
ACTCAAAACGTCTAATCCAA_008,150
ACTCAAAACGTCTAATCCAA_009,142
ACTCAAAACGTCTAATCCAA_010,178
ACTCAAAACGTCTAATCCAA_011,106
TGCTGAATATTCGACTACAA_001,76
AACATGTGGATGAGTGTACG_001,25
AACATGTGGATGAGTGTACG_002,12
AACATGTGGATGAGTGTACG_003,134
AACATGTGGATGAGTGTACG_004,4
AACATGTGGATGAGTGTACG_005,140
AACATGTGGATGAGTGTACG_006,4
AACATGTGGATGAGTGTACG_007,15
AACATGTGGATGAGTGTACG_008,55
AACATGTGGATGAGTGTACG_009,162
AACATGTGGATGAGTGTACG_010,76
AACATGTGGATGAGTGTACG_011,169
AACATGTGGATGAGTGTACG_012,2
AACATGTGGATGAGTGTACG_013,29
AACATGTGGATGAGTGTACG_014,192
AACATGTGGATGAGTGTACG_015,199
AACATGTGGATGAGTGTACG_016,130
AACATGTGGATGAGTGTACG_017,144
AACATGTGGATGAGTGTACG_018,8
AACATGTGGATGAGTGTACG_019,2
AACATGTGGATGAGTGTACG_020,19
ATGGTAGCGTGGATCCGAGG_001,35
ATGGTAGCGTGGATCCGAGG_002,163
ATGGTAGCGTGGATCCGAGG_003,127
CTGGGGAGCCACATGCAGTG_001,150
CTGGGGAGCCACATGCAGTG_002,75
CTGGGGAGCCACATGCAGTG_003,130
CTGGGGAGCCACATGCAGTG_004,88
CTGGGGAGCCACATGCAGTG_005,176
CTGGGGAGCCACATGCAGTG_006,158
CTGGGGAGCCACATGCAGTG_007,38
CTGGGGAGCCACATGCAGTG_008,16
CTGGGGAGCCACATGCAGTG_009,21
CTGGGGAGCCACATGCAGTG_010,21
CTGGGGAGCCACATGCAGTG_011,21
CTGGGGAGCCACATGCAGTG_012,143
CTGGGGAGCCACATGCAGTG_013,105
GCACTATCTAGTGTCAGTGA_001,148
GCACTATCTAGTGTCAGTGA_002,107
GCACTATCTAGTGTCAGTGA_003,1
GCACTATCTAGTGTCAGTGA_004,40
CTCTACGGCTAGCAATAGCG_001,50
CTCTACGGCTAGCAATAGCG_002,188
CTCTACGGCTAGCAATAGCG_003,23
CTCTACGGCTAGCAATAGCG_004,197
CTCTACGGCTAGCAATAGCG_005,98
CTCTACGGCTAGCAATAGCG_006,39
CTCTACGGCTAGCAATAGCG_007,69
CCTCGGCAGAGGACAGGTCA_001,157
CCTCGGCAGAGGACAGGTCA_002,197
CCTCGGCAGAGGACAGGTCA_003,34
CCTCGGCAGAGGACAGGTCA_004,57
CCTCGGCAGAGGACAGGTCA_005,177
CCTCGGCAGAGGACAGGTCA_006,153
AGCTCGTAAATTAAATCACC_001,137
AGCTCGTAAATTAAATCACC_002,97
AGCTCGTAAATTAAATCACC_003,102
AGCTCGTAAATTAAATCACC_004,4
CATTGCAGTAAAACCCTCGG_001,26
CATTGCAGTAAAACCCTCGG_002,40
CATTGCAGTAAAACCCTCGG_003,28
CATTGCAGTAAAACCCTCGG_004,106
CATTGCAGTAAAACCCTCGG_005,96
CATTGCAGTAAAACCCTCGG_006,94
CATTGCAGTAAAACCCTCGG_007,48
CATTGCAGTAAAACCCTCGG_008,38
CATTGCAGTAAAACCCTCGG_009,186
CATTGCAGTAAAACCCTCGG_010,34
CATTGCAGTAAAACCCTCGG_011,168
CATTGCAGTAAAACCCTCGG_012,11
CATTGCAGTAAAACCCTCGG_013,77
CATTGCAGTAAAACCCTCGG_014,188
CATTGCAGTAAAACCCTCGG_015,52
CATTGCAGTAAAACCCTCGG_016,136
CATTGCAGTAAAACCCTCGG_017,56
CTTGTAGGACGACGATCCCA_001,71
CTTGTAGGACGACGATCCCA_002,177
CTTGTAGGACGACGATCCCA_003,174
CTTGTAGGACGACGATCCCA_004,176
CTTGTAGGACGACGATCCCA_005,157
CTTGTAGGACGACGATCCCA_006,117
CTTGTAGGACGACGATCCCA_007,73
CTTGTAGGACGACGATCCCA_008,64
CTTGTAGGACGACGATCCCA_009,160
AGATGTGTTCGGGAACGATG_001,181
AGATGTGTTCGGGAACGATG_002,147
AGATGTGTTCGGGAACGATG_003,112
AGATGTGTTCGGGAACGATG_004,13
AGATGTGTTCGGGAACGATG_005,172
AGATGTGTTCGGGAACGATG_006,70
AGATGTGTTCGGGAACGATG_007,9
AGATGTGTTCGGGAACGATG_008,20
ATGCACGCAGACATGCCGAT_001,107
ATGCACGCAGACATGCCGAT_002,29
ATGCACGCAGACATGCCGAT_003,88
ATGCACGCAGACATGCCGAT_004,77
ATGCACGCAGACATGCCGAT_005,194
ATGCACGCAGACATGCCGAT_006,54
ATGCACGCAGACATGCCGAT_007,151
ATGCACGCAGACATGCCGAT_008,106
ATGCACGCAGACATGCCGAT_009,84
ATGCACGCAGACATGCCGAT_010,160
ATGCACGCAGACATGCCGAT_011,48
ATGCACGCAGACATGCCGAT_012,8
ATGCACGCAGACATGCCGAT_013,121
ATGCACGCAGACATGCCGAT_014,112
ATGCACGCAGACATGCCGAT_015,108
ATGCACGCAGACATGCCGAT_016,73
ATGCACGCAGACATGCCGAT_017,117
GGCAGGGAGCCGAAGCCTCG_001,135
GGCAGGGAGCCGAAGCCTCG_002,70
GGCAGGGAGCCGAAGCCTCG_003,144
GTTAATAGCGGACGCTTACG_001,127
GTTAATAGCGGACGCTTACG_002,182
GTTAATAGCGGACGCTTACG_003,72
AGTGCATAGTTACTACCCTG_001,41
AGTGCATAGTTACTACCCTG_002,27
AGTGCATAGTTACTACCCTG_003,3
AGTGCATAGTTACTACCCTG_004,75
AGTGCATAGTTACTACCCTG_005,0
AGTGCATAGTTACTACCCTG_006,138
GTGGCGCGTTCAATCCTCAG_001,82
GTGGCGCGTTCAATCCTCAG_002,193
GTGGCGCGTTCAATCCTCAG_003,176
GTGGCGCGTTCAATCCTCAG_004,46
ACAGGAGCCACAGCTGGTGC_001,28
ACAGGTAGTTCTGCACCCGC_001,199
GGTGCCAGTACCCAAGCACG_001,196
GGTGCCAGTACCCAAGCACG_002,88
GGTGCCAGTACCCAAGCACG_003,85
GGTGCCAGTACCCAAGCACG_004,22
GGTGCCAGTACCCAAGCACG_005,96
GGTGCCAGTACCCAAGCACG_006,51
CTTCCGGGTGAGATGCTCCG_001,14
CTTCCGGGTGAGATGCTCCG_002,172
CTTCCGGGTGAGATGCTCCG_003,111
CTTCCGGGTGAGATGCTCCG_004,32
CTTCCGGGTGAGATGCTCCG_005,32
CTTCCGGGTGAGATGCTCCG_006,192
CTTCCGGGTGAGATGCTCCG_007,91
CTTCCGGGTGAGATGCTCCG_008,116
CTTCCGGGTGAGATGCTCCG_009,162
CTTCCGGGTGAGATGCTCCG_010,0
CTTCCGGGTGAGATGCTCCG_011,70
CTTCCGGGTGAGATGCTCCG_012,110
CTTCCGGGTGAGATGCTCCG_013,148
CTTCCGGGTGAGATGCTCCG_014,115
CTTCCGGGTGAGATGCTCCG_015,50
CTTCCGGGTGAGATGCTCCG_016,98
CTTCCGGGTGAGATGCTCCG_017,197
CTTCCGGGTGAGATGCTCCG_018,4
CTTCCGGGTGAGATGCTCCG_019,139
CTTCCGGGTGAGATGCTCCG_020,137
CTTCCGGGTGAGATGCTCCG_021,78
CTTCCGGGTGAGATGCTCCG_022,108
CTTCCGGGTGAGATGCTCCG_023,92
CTTCCGGGTGAGATGCTCCG_024,62
CTTCCGGGTGAGATGCTCCG_025,188
CTTCCGGGTGAGATGCTCCG_026,116
CTTCCGGGTGAGATGCTCCG_027,24
CTTCCGGGTGAGATGCTCCG_028,169
CTTCCGGGTGAGATGCTCCG_029,112
CTTCCGGGTGAGATGCTCCG_030,170
CTTCCGGGTGAGATGCTCCG_031,112
CTTCCGGGTGAGATGCTCCG_032,170
CTTCCGGGTGAGATGCTCCG_033,165
CTTCCGGGTGAGATGCTCCG_034,155
CTTCCGGGTGAGATGCTCCG_035,199
CTTCCGGGTGAGATGCTCCG_036,103
CTTCCGGGTGAGATGCTCCG_037,152
CTTCCGGGTGAGATGCTCCG_038,152
CTTCCGGGTGAGATGCTCCG_039,134
CTTCCGGGTGAGATGCTCCG_040,38
ACTACTTACACACTCGCATG_001,77
ACTACTTACACACTCGCATG_002,8
ACTACTTACACACTCGCATG_003,141
ACTACTTACACACTCGCATG_004,169
ACTACTTACACACTCGCATG_005,140
ACTACTTACACACTCGCATG_006,0
GTTTCTAGCTACGATGCAGG_001,150
GTTTCTAGCTACGATGCAGG_002,158
GTTTCTAGCTACGATGCAGG_003,33
GCTACAATGGACAAGTTGGA_001,24
GCTACAATGGACAAGTTGGA_002,129
GCTACAATGGACAAGTTGGA_003,116
ACAGTTGACACCGTTGTCTG_001,25
ACAGTTGACACCGTTGTCTG_002,174
ACAGTTGACACCGTTGTCTG_003,180
ACAGTTGACACCGTTGTCTG_004,127
ACAGTTGACACCGTTGTCTG_005,148
ACAGTTGACACCGTTGTCTG_006,182
ACAGTTGACACCGTTGTCTG_007,19
ACAGTTGACACCGTTGTCTG_008,162
ACAGTTGACACCGTTGTCTG_009,56
ACAGTTGACACCGTTGTCTG_010,8
ACAGTTGACACCGTTGTCTG_011,15
ACAGTTGACACCGTTGTCTG_012,45
ACAGTTGACACCGTTGTCTG_013,137
ACAGTTGACACCGTTGTCTG_014,9
ACAGTTGACACCGTTGTCTG_015,42
ACAGTTGACACCGTTGTCTG_016,33
AGTGTGTACTTCAAATACCT_001,49
AGTGTGTACTTCAAATACCT_002,16
AGTGTGTACTTCAAATACCT_003,169
AGTGTGTACTTCAAATACCT_004,115
AGTGTGTACTTCAAATACCT_005,177
AGTGTGTACTTCAAATACCT_006,21
AGTGTGTACTTCAAATACCT_007,28
AGTGTGTACTTCAAATACCT_008,26
AGTGTGTACTTCAAATACCT_009,175
AGTGTGTACTTCAAATACCT_010,158
AGTGTGTACTTCAAATACCT_011,40
AGTGTGTACTTCAAATACCT_012,57
AGATGGCAAGTGGAAACACA_001,82
AGATGGCAAGTGGAAACACA_002,117
AGATGGCAAGTGGAAACACA_003,12
AGATGGCAAGTGGAAACACA_004,72
AGATGGCAAGTGGAAACACA_005,105
AGATGGCAAGTGGAAACACA_006,97
AGATGGCAAGTGGAAACACA_007,10
AGATGGCAAGTGGAAACACA_008,150
AGATGGCAAGTGGAAACACA_009,158
AGATGGCAAGTGGAAACACA_010,186
AGATGGCAAGTGGAAACACA_011,21
AGATGGCAAGTGGAAACACA_012,190
AGATGGCAAGTGGAAACACA_013,56
AGATGGCAAGTGGAAACACA_014,108
AGATGGCAAGTGGAAACACA_015,119
AGATGGCAAGTGGAAACACA_016,146
AGATGGCAAGTGGAAACACA_017,176
AGATGGCAAGTGGAAACACA_018,75
AGATGGCAAGTGGAAACACA_019,62
AGATGGCAAGTGGAAACACA_020,119
AGATGGCAAGTGGAAACACA_021,146
AGATGGCAAGTGGAAACACA_022,188
AGATGGCAAGTGGAAACACA_023,199
AGATGGCAAGTGGAAACACA_024,160
AGATGGCAAGTGGAAACACA_025,72
AGATGGCAAGTGGAAACACA_026,180
AGATGGCAAGTGGAAACACA_027,39
AGATGGCAAGTGGAAACACA_028,138
AGGATTGCCAATGACACACG_001,169
AGGATTGCCAATGACACACG_002,68
AGGATTGCCAATGACACACG_003,18
AGGATTGCCAATGACACACG_004,5
AGGATTGCCAATGACACACG_005,125
AGGATTGCCAATGACACACG_006,169
AGGATTGCCAATGACACACG_007,146
AGGATTGCCAATGACACACG_008,54
AGGATTGCCAATGACACACG_009,80
AGGATTGCCAATGACACACG_010,130
AGGATTGCCAATGACACACG_011,127
AGGATTGCCAATGACACACG_012,60
AGGATTGCCAATGACACACG_013,136
AGGATTGCCAATGACACACG_014,199
AGGATTGCCAATGACACACG_015,103
CTGGCCAGCGATGCAAAGTG_001,51
CTGGCCAGCGATGCAAAGTG_002,119
CTGGCCAGCGATGCAAAGTG_003,17
CTGGCCAGCGATGCAAAGTG_004,117
CTGGCCAGCGATGCAAAGTG_005,161
CTGGCCAGCGATGCAAAGTG_006,108
CTGGCCAGCGATGCAAAGTG_007,1
CTGGCCAGCGATGCAAAGTG_008,149
CTGGCCAGCGATGCAAAGTG_009,177
CTGGCCAGCGATGCAAAGTG_010,103
CTGGCCAGCGATGCAAAGTG_011,142
CTGGCCAGCGATGCAAAGTG_012,27
CTGGCCAGCGATGCAAAGTG_013,50
CTGGCCAGCGATGCAAAGTG_014,169
GCACATCTTGCTCACTAGGG_001,62
GCACATCTTGCTCACTAGGG_002,188
GCACATCTTGCTCACTAGGG_003,69
AGGCCAGGAAGCAAGGCTAA_001,174
AGGCCAGGAAGCAAGGCTAA_002,14
AGGCCAGGAAGCAAGGCTAA_003,13
AGGCCAGGAAGCAAGGCTAA_004,40
AGGCCAGGAAGCAAGGCTAA_005,102
AGGCCAGGAAGCAAGGCTAA_006,157
AGGCCAGGAAGCAAGGCTAA_007,61
AGGCCAGGAAGCAAGGCTAA_008,42
AGGCCAGGAAGCAAGGCTAA_009,49
AGGCCAGGAAGCAAGGCTAA_010,9
AGGCCAGGAAGCAAGGCTAA_011,159
AGGCCAGGAAGCAAGGCTAA_012,61
AGGCCAGGAAGCAAGGCTAA_013,124
AGGCCAGGAAGCAAGGCTAA_014,122
AGGCCAGGAAGCAAGGCTAA_015,177
AGGCCAGGAAGCAAGGCTAA_016,104
AGGCCAGGAAGCAAGGCTAA_017,19
AGGCCAGGAAGCAAGGCTAA_018,47
AGGCCAGGAAGCAAGGCTAA_019,184
AGGCCAGGAAGCAAGGCTAA_020,143
AGGCCAGGAAGCAAGGCTAA_021,115
AGGCCAGGAAGCAAGGCTAA_022,131
AGGCCAGGAAGCAAGGCTAA_023,145
AGGCCAGGAAGCAAGGCTAA_024,43
CTGCCCCCTTCGGTACCGGG_001,176
CTGCCCCCTTCGGTACCGGG_002,28
CTGCCCCCTTCGGTACCGGG_003,176
CTGCCCCCTTCGGTACCGGG_004,19
CTGCCCCCTTCGGTACCGGG_005,17
CTGCCCCCTTCGGTACCGGG_006,95
CTGCCCCCTTCGGTACCGGG_007,122
CTGCCCCCTTCGGTACCGGG_008,188
CTGCCCCCTTCGGTACCGGG_009,176
CTGCCCCCTTCGGTACCGGG_010,41
CTGCCCCCTTCGGTACCGGG_011,174
CTGCCCCCTTCGGTACCGGG_012,35
CTGCCCCCTTCGGTACCGGG_013,114
CTGCCCCCTTCGGTACCGGG_014,185
CTGCCCCCTTCGGTACCGGG_015,131
CTGCCCCCTTCGGTACCGGG_016,27
TGGGTGCATAGATCCCTGCT_001,47
TGGGTGCATAGATCCCTGCT_002,72
TGGGTGCATAGATCCCTGCT_003,198
TGGGTGCATAGATCCCTGCT_004,151
ACTGCAAGTTCCTACCATCA_001,174
ACTGCAAGTTCCTACCATCA_002,12
ACTGCAAGTTCCTACCATCA_003,145
ACTGCAAGTTCCTACCATCA_004,48
AAGTGCTTGTATGTTGAGTA_001,124
AAGTGCTTGTATGTTGAGTA_002,80
AAGTGCTTGTATGTTGAGTA_003,29
AAGTGCTTGTATGTTGAGTA_004,9
ATCCTCCCTGAGCACCACAA_001,16
ATCCTCCCTGAGCACCACAA_002,185
ATCCTCCCTGAGCACCACAA_003,90
ATCCTCCCTGAGCACCACAA_004,130
ATCCTCCCTGAGCACCACAA_005,121
ATCCTCCCTGAGCACCACAA_006,6
ATCCTCCCTGAGCACCACAA_007,47
ATCCTCCCTGAGCACCACAA_008,6
ATCCTCCCTGAGCACCACAA_009,148
ATCCTCCCTGAGCACCACAA_010,110
ATCCTCCCTGAGCACCACAA_011,49
ATCCTCCCTGAGCACCACAA_012,50
ATCCTCCCTGAGCACCACAA_013,150
ATCCTCCCTGAGCACCACAA_014,144
ATCCTCCCTGAGCACCACAA_015,104
ATCCTCCCTGAGCACCACAA_016,69
ATCCTCCCTGAGCACCACAA_017,56
ATCCTCCCTGAGCACCACAA_018,176
ATCCTCCCTGAGCACCACAA_019,130
ATCCTCCCTGAGCACCACAA_020,53
ATCCTCCCTGAGCACCACAA_021,166
ATCCTCCCTGAGCACCACAA_022,65
ATCCTCCCTGAGCACCACAA_023,198
ATCCTCCCTGAGCACCACAA_024,168
ATCCTCCCTGAGCACCACAA_025,168
ATCCTCCCTGAGCACCACAA_026,165
ATCCTCCCTGAGCACCACAA_027,17
ATCCTCCCTGAGCACCACAA_028,83
ATCCTCCCTGAGCACCACAA_029,198
ATCCTCCCTGAGCACCACAA_030,102
ATCCTCCCTGAGCACCACAA_031,28
ATCCTCCCTGAGCACCACAA_032,88
ATCCTCCCTGAGCACCACAA_033,147
ATCCTCCCTGAGCACCACAA_034,56
ATCCTCCCTGAGCACCACAA_035,167
ATCCTCCCTGAGCACCACAA_036,128
ATCCTCCCTGAGCACCACAA_037,136
CACCTGGATGATGATATCCG_001,171
ACAGGGGACTCATCGACCTG_001,177
ACAGGGGACTCATCGACCTG_002,175
ACAGGGGACTCATCGACCTG_003,94
ACAGGGGACTCATCGACCTG_004,94
ACAGGGGACTCATCGACCTG_005,178
ACAGGGGACTCATCGACCTG_006,161
ACAGGGGACTCATCGACCTG_007,58
ACAGGGGACTCATCGACCTG_008,28
ACAGGGGACTCATCGACCTG_009,30
ACAGGGGACTCATCGACCTG_010,192
ACAGGGGACTCATCGACCTG_011,192
ACAGGGGACTCATCGACCTG_012,147
ACAGGGGACTCATCGACCTG_013,168
ACAGGGGACTCATCGACCTG_014,122
ACAGGGGACTCATCGACCTG_015,2
ACAGGGGACTCATCGACCTG_016,88
ACAGGGGACTCATCGACCTG_017,108
ACAGGGGACTCATCGACCTG_018,83
ACAGGGGACTCATCGACCTG_019,157
ACAGGGGACTCATCGACCTG_020,50
ACAGGGGACTCATCGACCTG_021,94
ACAGGGGACTCATCGACCTG_022,78
ACAGGGGACTCATCGACCTG_023,0
ACAGGGGACTCATCGACCTG_024,91
ACAGGGGACTCATCGACCTG_025,102
GAAGAAAAGGCATCTCCAGA_001,170
GAAGAAAAGGCATCTCCAGA_002,158
GAAGAAAAGGCATCTCCAGA_003,197
GAAGAAAAGGCATCTCCAGA_004,133
GAAGAAAAGGCATCTCCAGA_005,141
GAAGAAAAGGCATCTCCAGA_006,16
GAAGAAAAGGCATCTCCAGA_007,78
GAAGAAAAGGCATCTCCAGA_008,144
GAAGAAAAGGCATCTCCAGA_009,43
GAAGAAAAGGCATCTCCAGA_010,91
TGTTTACTCCGAGTACCTTG_001,48
GTGTGTATCCTAAATATGGA_001,47
GTGTGTATCCTAAATATGGA_002,189
GTGTGTATCCTAAATATGGA_003,11
GTGTGTATCCTAAATATGGA_004,16
ACAGTGCTCTCAGAGACCCG_001,10
ACAGTGCTCTCAGAGACCCG_002,106
ACAGTGCTCTCAGAGACCCG_003,150
ACAGTGCTCTCAGAGACCCG_004,25
ACAGTGCTCTCAGAGACCCG_005,39
ACAGTGCTCTCAGAGACCCG_006,137
ACAGTGCTCTCAGAGACCCG_007,181
ACAGTGCTCTCAGAGACCCG_008,16
ACAGTGCTCTCAGAGACCCG_009,29
ACAGTGCTCTCAGAGACCCG_010,17
ACAGTGCTCTCAGAGACCCG_011,8
ACAGTGCTCTCAGAGACCCG_012,106
ACAGTGCTCTCAGAGACCCG_013,105
ACAGTGCTCTCAGAGACCCG_014,8
ACAGTGCTCTCAGAGACCCG_015,58
GAGCCCGGTTACACTTCTCT_001,40
GAGCCCGGTTACACTTCTCT_002,9
GAGCCCGGTTACACTTCTCT_003,137
GAGCCCGGTTACACTTCTCT_004,110
TTCACGGCCGCATAACGAGG_001,102
TTCACGGCCGCATAACGAGG_002,57
TTCACGGCCGCATAACGAGG_003,50
TTCACGGCCGCATAACGAGG_004,45
TTCACGGCCGCATAACGAGG_005,51
TTCACGGCCGCATAACGAGG_006,133
TTCACGGCCGCATAACGAGG_007,180
TTCACGGCCGCATAACGAGG_008,138
TTCACGGCCGCATAACGAGG_009,42
TTCACGGCCGCATAACGAGG_010,1
TTCACGGCCGCATAACGAGG_011,34
ACAGATTGGGATACTATCCG_001,5
ACAGATTGGGATACTATCCG_002,95
ACAGATTGGGATACTATCCG_003,74
ACAGATTGGGATACTATCCG_004,186
ACAGATTGGGATACTATCCG_005,187
AGCCGGTGTCTGTGTTACCA_001,6
AGCCGGTGTCTGTGTTACCA_002,177
AGCCGGTGTCTGTGTTACCA_003,64
AGCCGGTGTCTGTGTTACCA_004,108
ATTCTTCAGAGGTCTACCAC_001,97
ATTCTTCAGAGGTCTACCAC_002,36
ATTCTTCAGAGGTCTACCAC_003,159
ATTCTTCAGAGGTCTACCAC_004,25
ATTCTTCAGAGGTCTACCAC_005,9
ATTCTTCAGAGGTCTACCAC_006,120
GGGGCGCATGAACGTCCCGG_001,57
GGGGCGCATGAACGTCCCGG_002,4
GGGGCGCATGAACGTCCCGG_003,72
GGGGCGCATGAACGTCCCGG_004,198
GGGGCGCATGAACGTCCCGG_005,44
GGGGCGCATGAACGTCCCGG_006,76
GGGGCGCATGAACGTCCCGG_007,13
GGGGCGCATGAACGTCCCGG_008,97
GGGGCGCATGAACGTCCCGG_009,106
GGGGCGCATGAACGTCCCGG_010,182
GGGGCGCATGAACGTCCCGG_011,142
TCACATCCAACATGTCCTTG_001,127
TCACATCCAACATGTCCTTG_002,127
TCACATCCAACATGTCCTTG_003,169
TCACTGCCGAAATGTATGAT_001,92
TCACTGCCGAAATGTATGAT_002,191
TCACTGCCGAAATGTATGAT_003,169
TCACTGCCGAAATGTATGAT_004,42
TCACTGCCGAAATGTATGAT_005,192
TCACTGCCGAAATGTATGAT_006,48
GCAGAAGAGAGACTTCCTGG_001,174
GCAGAAGAGAGACTTCCTGG_002,124
GCAGAAGAGAGACTTCCTGG_003,84
GCAGAAGAGAGACTTCCTGG_004,199
GCAGAAGAGAGACTTCCTGG_005,94
GCAGAAGAGAGACTTCCTGG_006,63
GCAGAAGAGAGACTTCCTGG_007,100
GCAGAAGAGAGACTTCCTGG_008,151
GCAGAAGAGAGACTTCCTGG_009,60
GCAGAAGAGAGACTTCCTGG_010,150
TGGCTCCGGTATCGTCAACA_001,69
TGGCTCCGGTATCGTCAACA_002,78
TGGCTCCGGTATCGTCAACA_003,63
TGGCTCCGGTATCGTCAACA_004,192
TGGCTCCGGTATCGTCAACA_005,96
TGGCTCCGGTATCGTCAACA_006,80
TGGCTCCGGTATCGTCAACA_007,144
CAATGCATGATGCTAGCATG_001,41
CAATGCATGATGCTAGCATG_002,23
CAATGCATGATGCTAGCATG_003,154
CAATGCATGATGCTAGCATG_004,75
CAATGCATGATGCTAGCATG_005,182
CAATGCATGATGCTAGCATG_006,8
TCTGAGCCTTTGACAAATGG_001,107
TCTGAGCCTTTGACAAATGG_002,23
TCTGAGCCTTTGACAAATGG_003,118
CAGGGCTGTGGACACTTTGG_001,50
CAGGGCTGTGGACACTTTGG_002,107
CAGGGCTGTGGACACTTTGG_003,165
TCGGCTACATTGTAGAACGA_001,4
TCGGCTACATTGTAGAACGA_002,138
GCATCTGGGAAGGTATCATG_001,111
GTAATGAACTTGGACAAACA_001,84
GTAATGAACTTGGACAAACA_002,150
GTAATGAACTTGGACAAACA_003,162
TGTTGCTGGCCGACTACCTG_001,119
TGTTGCTGGCCGACTACCTG_002,77
TGTTGCTGGCCGACTACCTG_003,198
TGTTGCTGGCCGACTACCTG_004,107
TGTTGCTGGCCGACTACCTG_005,137
TGTTGCTGGCCGACTACCTG_006,49
TGTTGCTGGCCGACTACCTG_007,112
TGTTGCTGGCCGACTACCTG_008,154
TGTTGCTGGCCGACTACCTG_009,66
TGTTGCTGGCCGACTACCTG_010,141
TGTTGCTGGCCGACTACCTG_011,75
TGTTGCTGGCCGACTACCTG_012,88
TGTTGCTGGCCGACTACCTG_013,159
TGTTGCTGGCCGACTACCTG_014,53
TGTTGCTGGCCGACTACCTG_015,186
TGTTGCTGGCCGACTACCTG_016,70
TGTTGCTGGCCGACTACCTG_017,119
TGTTGCTGGCCGACTACCTG_018,81
TGTTGCTGGCCGACTACCTG_019,50
TGTTGCTGGCCGACTACCTG_020,179
TGTTGCTGGCCGACTACCTG_021,32
TGTTGCTGGCCGACTACCTG_022,160
TGTTGCTGGCCGACTACCTG_023,88
TGTTGCTGGCCGACTACCTG_024,5
TGTTGCTGGCCGACTACCTG_025,181
TGTTGCTGGCCGACTACCTG_026,104
TGTTGCTGGCCGACTACCTG_027,49
TGTTGCTGGCCGACTACCTG_028,77
TGTTGCTGGCCGACTACCTG_029,183
TGTTGCTGGCCGACTACCTG_030,103
TGTTGCTGGCCGACTACCTG_031,91
TGTTGCTGGCCGACTACCTG_032,63
TGTTGCTGGCCGACTACCTG_033,106
TGTTGCTGGCCGACTACCTG_034,23
TGTTGCTGGCCGACTACCTG_035,10
AGCCTCGCTATCCATATCAG_001,119
AGCCTCGCTATCCATATCAG_002,42
AGCCTCGCTATCCATATCAG_003,150
AGCCTCGCTATCCATATCAG_004,67
AGCCTCGCTATCCATATCAG_005,48
AGCCTCGCTATCCATATCAG_006,81
GCCCGGGACGTCGTCCCCAG_001,15
GCCCGGGACGTCGTCCCCAG_002,1
TCACAGCTTCGAGTGCACGG_001,68
TCACAGCTTCGAGTGCACGG_002,9
TCACAGCTTCGAGTGCACGG_003,68
TCACAGCTTCGAGTGCACGG_004,171
TCACAGCTTCGAGTGCACGG_005,50
TCACAGCTTCGAGTGCACGG_006,98
TCACAGCTTCGAGTGCACGG_007,16
TCACAGCTTCGAGTGCACGG_008,52
TCACAGCTTCGAGTGCACGG_009,26
TCACAGCTTCGAGTGCACGG_010,94
TCACAGCTTCGAGTGCACGG_011,58
TCACAGCTTCGAGTGCACGG_012,129
TCACAGCTTCGAGTGCACGG_013,98
TCACAGCTTCGAGTGCACGG_014,88
CCTCCAACACATTTCAACTG_001,25
CCTCCAACACATTTCAACTG_002,148
CCTCCAACACATTTCAACTG_003,41
CCTCCAACACATTTCAACTG_004,178
CCTCCAACACATTTCAACTG_005,180
CCTCCAACACATTTCAACTG_006,67
GGAAACATGACGATGACCGG_001,173
GGAAACATGACGATGACCGG_002,34
GGAAACATGACGATGACCGG_003,145
GGAAACATGACGATGACCGG_004,97
GGAAACATGACGATGACCGG_005,166
GGAAACATGACGATGACCGG_006,45
GGAAACATGACGATGACCGG_007,60
GGAAACATGACGATGACCGG_008,27
TGGTTCAAGCAAGCACACTG_001,31
TGGTTCAAGCAAGCACACTG_002,176
TGGTTCAAGCAAGCACACTG_003,17
TGGTTCAAGCAAGCACACTG_004,160
TGGTTCAAGCAAGCACACTG_005,51
TGGTTCAAGCAAGCACACTG_006,177
TGGTTCAAGCAAGCACACTG_007,74
TGGTTCAAGCAAGCACACTG_008,198
TGGTTCAAGCAAGCACACTG_009,163
TGGTTCAAGCAAGCACACTG_010,44
TGGTTCAAGCAAGCACACTG_011,160
TGGTTCAAGCAAGCACACTG_012,62
TGGTTCAAGCAAGCACACTG_013,81
TGGTTCAAGCAAGCACACTG_014,70
TGGTTCAAGCAAGCACACTG_015,158
TGGTTCAAGCAAGCACACTG_016,117
TGGTTCAAGCAAGCACACTG_017,184
TGGTTCAAGCAAGCACACTG_018,187
TGGTTCAAGCAAGCACACTG_019,176
TGGTTCAAGCAAGCACACTG_020,111
TGGTTCAAGCAAGCACACTG_021,12
TGGTTCAAGCAAGCACACTG_022,194
TGGTTCAAGCAAGCACACTG_023,175
TGGTTCAAGCAAGCACACTG_024,17
TGGTTCAAGCAAGCACACTG_025,4
TGGTTCAAGCAAGCACACTG_026,127
TGGTTCAAGCAAGCACACTG_027,77
TGGTTCAAGCAAGCACACTG_028,168
TGGTTCAAGCAAGCACACTG_029,88
TGGTTCAAGCAAGCACACTG_030,61
TGGTTCAAGCAAGCACACTG_031,136
TGGTTCAAGCAAGCACACTG_032,184
TGGTTCAAGCAAGCACACTG_033,144
TGGTTCAAGCAAGCACACTG_034,155
TGGTTCAAGCAAGCACACTG_035,33
TGACGAGCAGCGAACAGCCA_001,158
CCTTTCAAATGTAAAAACCG_001,91
CCTTTCAAATGTAAAAACCG_002,141
CGGCCCCTATATTGGCAGCG_001,98
CGGCCCCTATATTGGCAGCG_002,149
CGGCCCCTATATTGGCAGCG_003,29
CGGCCCCTATATTGGCAGCG_004,138
CGGCCCCTATATTGGCAGCG_005,160
GGGACCTGCGCGGCGCCTTG_001,178
GGGACCTGCGCGGCGCCTTG_002,178
GGGACCTGCGCGGCGCCTTG_003,33
CCAGGACCACATGATACCGG_001,106
CCAGGACCACATGATACCGG_002,29
GAGCAACACGCAGACACAGT_001,55
GAGCAACACGCAGACACAGT_002,145
GAGCAACACGCAGACACAGT_003,156
ATCATCGCACAGCCTCAGCA_001,172
ATCATCGCACAGCCTCAGCA_002,172
ATCATCGCACAGCCTCAGCA_003,63
ATCATCGCACAGCCTCAGCA_004,76
ATCATCGCACAGCCTCAGCA_005,141
ATCATCGCACAGCCTCAGCA_006,9
ATCATCGCACAGCCTCAGCA_007,86
ATCATCGCACAGCCTCAGCA_008,152
ATCATCGCACAGCCTCAGCA_009,8
ATCATCGCACAGCCTCAGCA_010,163
ATCATCGCACAGCCTCAGCA_011,132
ATCATCGCACAGCCTCAGCA_012,160
ATCATCGCACAGCCTCAGCA_013,32
ATCATCGCACAGCCTCAGCA_014,72
ATCATCGCACAGCCTCAGCA_015,191
ATCATCGCACAGCCTCAGCA_016,112
ATCATCGCACAGCCTCAGCA_017,16
ATCATCGCACAGCCTCAGCA_018,31
ATCATCGCACAGCCTCAGCA_019,32
ATCATCGCACAGCCTCAGCA_020,160
ATCATCGCACAGCCTCAGCA_021,36
ATCATCGCACAGCCTCAGCA_022,144
ATCATCGCACAGCCTCAGCA_023,29
AAGGTTCGGTCCAAATTGAA_001,94
AAGGTTCGGTCCAAATTGAA_002,154
AAGGTTCGGTCCAAATTGAA_003,118
AAGGTTCGGTCCAAATTGAA_004,112
AAGGTTCGGTCCAAATTGAA_005,107
AAGGTTCGGTCCAAATTGAA_006,137
AAGGTTCGGTCCAAATTGAA_007,54
AAGGTTCGGTCCAAATTGAA_008,137
AAGGTTCGGTCCAAATTGAA_009,19
AAGGTTCGGTCCAAATTGAA_010,177
AAACCTGAGTGGTAACAACC_001,4
CAAGGCGAGTAATACCTGTC_001,158
CAAGGCGAGTAATACCTGTC_002,38
CCACGGCTGTGCGTCCACCG_001,163
CCACGGCTGTGCGTCCACCG_002,43
CCACGGCTGTGCGTCCACCG_003,169
CCACGGCTGTGCGTCCACCG_004,137
CCACGGCTGTGCGTCCACCG_005,17
CCACGGCTGTGCGTCCACCG_006,197
CCACGGCTGTGCGTCCACCG_007,129
CCACGGCTGTGCGTCCACCG_008,141
CCACGGCTGTGCGTCCACCG_009,11
CCACGGCTGTGCGTCCACCG_010,158
CCACGGCTGTGCGTCCACCG_011,111
CCACGGCTGTGCGTCCACCG_012,55
CCACGGCTGTGCGTCCACCG_013,127
CCACGGCTGTGCGTCCACCG_014,160
CCACGGCTGTGCGTCCACCG_015,78
GAGCAAAGAAGCTCTCGGCG_001,170
GAGCAAAGAAGCTCTCGGCG_002,48
GAGCAAAGAAGCTCTCGGCG_003,168
GAGCAAAGAAGCTCTCGGCG_004,177
GAGCAAAGAAGCTCTCGGCG_005,41
ACTCCCATGTGGAACTAACG_001,84
ACTCCCATGTGGAACTAACG_002,149
CATCGCTGGTGGTATCCTGG_001,17
CATCGCTGGTGGTATCCTGG_002,6
CATCGCTGGTGGTATCCTGG_003,34
CATCGCTGGTGGTATCCTGG_004,70
CATCGCTGGTGGTATCCTGG_005,62
CATCGCTGGTGGTATCCTGG_006,32
CATCGCTGGTGGTATCCTGG_007,135
CATCGCTGGTGGTATCCTGG_008,115
GCTGGGGCCCTGTTCCACGA_001,64
GCTGGGGCCCTGTTCCACGA_002,6
GCTGGGGCCCTGTTCCACGA_003,98
GCTGGGGCCCTGTTCCACGA_004,168
GCTGGGGCCCTGTTCCACGA_005,124
GCTGGGGCCCTGTTCCACGA_006,108
GCTGGGGCCCTGTTCCACGA_007,70
GCTGGGGCCCTGTTCCACGA_008,1
GCTGGGGCCCTGTTCCACGA_009,34
GCTGGGGCCCTGTTCCACGA_010,153
GCTGGGGCCCTGTTCCACGA_011,94
GCTGGGGCCCTGTTCCACGA_012,67
GCTGGGGCCCTGTTCCACGA_013,183
GCTGGGGCCCTGTTCCACGA_014,164
GCTGGGGCCCTGTTCCACGA_015,67
GCTGGGGCCCTGTTCCACGA_016,13
GCTGGGGCCCTGTTCCACGA_017,192
GCTGGGGCCCTGTTCCACGA_018,135
GGATGCTTTGCTACATGTCG_001,70
GGATGCTTTGCTACATGTCG_002,59
GGATGCTTTGCTACATGTCG_003,60
GGATGCTTTGCTACATGTCG_004,125
GGATGCTTTGCTACATGTCG_005,11
GGATGCTTTGCTACATGTCG_006,185
GGATGCTTTGCTACATGTCG_007,12
GGATGCTTTGCTACATGTCG_008,34
GTTACCTGAACCCATCCTTG_001,9
GTTACCTGAACCCATCCTTG_002,2
GTTACCTGAACCCATCCTTG_003,174
GTTACCTGAACCCATCCTTG_004,133
GTTACCTGAACCCATCCTTG_005,9
GTTACCTGAACCCATCCTTG_006,73
GTTACCTGAACCCATCCTTG_007,98
GTTACCTGAACCCATCCTTG_008,162
GTTACCTGAACCCATCCTTG_009,143
GTTACCTGAACCCATCCTTG_010,4
GTTACCTGAACCCATCCTTG_011,41
GTTACCTGAACCCATCCTTG_012,171
GTTACCTGAACCCATCCTTG_013,103
ATTCTTGGTTAATTCAAGCC_001,181
ATTCTTGGTTAATTCAAGCC_002,130
ATTCTTGGTTAATTCAAGCC_003,105
ATTCTTGGTTAATTCAAGCC_004,150
ATTCTTGGTTAATTCAAGCC_005,159
ATTCTTGGTTAATTCAAGCC_006,127
ATTCTTGGTTAATTCAAGCC_007,98
GAAAACAGCATGGACCACTG_001,158
GAAAACAGCATGGACCACTG_002,199
GAAAACAGCATGGACCACTG_003,4
GAAAACAGCATGGACCACTG_004,148
GAAAACAGCATGGACCACTG_005,78
GAAAACAGCATGGACCACTG_006,162
GAAAACAGCATGGACCACTG_007,36
GAAAACAGCATGGACCACTG_008,196
GAAAACAGCATGGACCACTG_009,127
GAAAACAGCATGGACCACTG_010,70
GAAAACAGCATGGACCACTG_011,26
GAAAACAGCATGGACCACTG_012,160
GAAAACAGCATGGACCACTG_013,43
GAAAACAGCATGGACCACTG_014,182
GAAAACAGCATGGACCACTG_015,159
CAAGTTCCACCAGCACGCGG_001,169
CAAGTTCCACCAGCACGCGG_002,169
CAAGTTCCACCAGCACGCGG_003,169
CAAGTTCCACCAGCACGCGG_004,49
CAAGTTCCACCAGCACGCGG_005,115
CAAGTTCCACCAGCACGCGG_006,196
CAAGTTCCACCAGCACGCGG_007,88
CAAGTTCCACCAGCACGCGG_008,198
CAAGTTCCACCAGCACGCGG_009,169
CAAGTTCCACCAGCACGCGG_010,146
CAAGTTCCACCAGCACGCGG_011,86
CAAGTTCCACCAGCACGCGG_012,19
CAAGTTCCACCAGCACGCGG_013,81
CAAGTTCCACCAGCACGCGG_014,172
CAAGTTCCACCAGCACGCGG_015,55
CAAGTTCCACCAGCACGCGG_016,162
CAAGTTCCACCAGCACGCGG_017,197
CAAGTTCCACCAGCACGCGG_018,91
CAAGTTCCACCAGCACGCGG_019,1
CAAGTTCCACCAGCACGCGG_020,31
CAAGTTCCACCAGCACGCGG_021,8
CAAGTTCCACCAGCACGCGG_022,113
CAAGTTCCACCAGCACGCGG_023,173
CAAGTTCCACCAGCACGCGG_024,119
CAAGTTCCACCAGCACGCGG_025,135
CAAGTTCCACCAGCACGCGG_026,194
CAAGTTCCACCAGCACGCGG_027,113
CAAGTTCCACCAGCACGCGG_028,120
CAAGTTCCACCAGCACGCGG_029,30
CAAGTTCCACCAGCACGCGG_030,9
CAAGTTCCACCAGCACGCGG_031,186
CAAGTTCCACCAGCACGCGG_032,154
CAAGTTCCACCAGCACGCGG_033,50
CAAGTTCCACCAGCACGCGG_034,170
CAAGTTCCACCAGCACGCGG_035,112
CAAGTTCCACCAGCACGCGG_036,38
CAAGTTCCACCAGCACGCGG_037,112
CAAGTTCCACCAGCACGCGG_038,75
CAAGTTCCACCAGCACGCGG_039,45
CAAGTTCCACCAGCACGCGG_040,58
CAAGTTCCACCAGCACGCGG_041,160
CAAGTTCCACCAGCACGCGG_042,177
CAAGTTCCACCAGCACGCGG_043,147
CAAGTTCCACCAGCACGCGG_044,117
CAAGTTCCACCAGCACGCGG_045,28
CAAGTTCCACCAGCACGCGG_046,198
CAAGTTCCACCAGCACGCGG_047,43
CAAGTTCCACCAGCACGCGG_048,191
CAAGTTCCACCAGCACGCGG_049,89
CAAGTTCCACCAGCACGCGG_050,0
CAAGTTCCACCAGCACGCGG_051,40
CCCGGGAGCGAGAAGCCGTG_001,108
CCCGGGAGCGAGAAGCCGTG_002,185
CCCGGGAGCGAGAAGCCGTG_003,140
CCCGGGAGCGAGAAGCCGTG_004,107
CCCGGGAGCGAGAAGCCGTG_005,55
CCCGGGAGCGAGAAGCCGTG_006,44
CCCGGGAGCGAGAAGCCGTG_007,49
CCCGGGAGCGAGAAGCCGTG_008,186
CGGGTATCGCCATAACGCCG_001,76
CGGGTATCGCCATAACGCCG_002,58
CGGGTATCGCCATAACGCCG_003,176
GGAAATAAATGGGACCACCA_001,94
GGAAATAAATGGGACCACCA_002,50
GGAAATAAATGGGACCACCA_003,92
GGAAATAAATGGGACCACCA_004,199
GGAAATAAATGGGACCACCA_005,170
GGAAATAAATGGGACCACCA_006,9
GGAAATAAATGGGACCACCA_007,144
GGAAATAAATGGGACCACCA_008,119
GGAAATAAATGGGACCACCA_009,34
GGAAATAAATGGGACCACCA_010,82
GGAAATAAATGGGACCACCA_011,76
GTGGCATAGTAGTTGTAGTG_001,9
GTGGCATAGTAGTTGTAGTG_002,82
GTGGCATAGTAGTTGTAGTG_003,85
TCAGGGAGAACACACACATG_001,149
TCAGGGAGAACACACACATG_002,188
TCAGGGAGAACACACACATG_003,56
TCAGGGAGAACACACACATG_004,62
TCAGGGAGAACACACACATG_005,59
TCAGGGAGAACACACACATG_006,46
TCAGGGAGAACACACACATG_007,13
TCAGGGAGAACACACACATG_008,130
TCAGGGAGAACACACACATG_009,60
TCAGGGAGAACACACACATG_010,121
TCAGGGAGAACACACACATG_011,77
TCAGGGAGAACACACACATG_012,156
TCAGGGAGAACACACACATG_013,52
ACTGGTAAATTTCATTGACT_001,185
ACTGGTAAATTTCATTGACT_002,68
ACTGGTAAATTTCATTGACT_003,85
ACTGGTAAATTTCATTGACT_004,178
AGATGTATGATCCCAAAACG_001,33
TGCTCTTCAGGAGAAAGCGT_001,158
TGCTCTTCAGGAGAAAGCGT_002,31
TGCTCTTCAGGAGAAAGCGT_003,36
CACTGTAACTGATATGTTTG_001,188
CACTGTAACTGATATGTTTG_002,6
CACTGTAACTGATATGTTTG_003,130
TTCAGGGTGAACATCCACCA_001,94
TTCAGGGTGAACATCCACCA_002,32
TTCAGGGTGAACATCCACCA_003,141
TTCAGGGTGAACATCCACCA_004,47
TTCAGGGTGAACATCCACCA_005,40
TTCAGGGTGAACATCCACCA_006,134
CAGGAAATCTGGTGGCAATG_001,190
CCTGGATCTCCAAGACGTAG_001,65
CCTGGATCTCCAAGACGTAG_002,27
CCTGGATCTCCAAGACGTAG_003,59
CCTGGATCTCCAAGACGTAG_004,33
CCTGGATCTCCAAGACGTAG_005,145
CCTGGATCTCCAAGACGTAG_006,19
CCAATGTGGGCACCCCAGGA_001,4
CCAATGTGGGCACCCCAGGA_002,114
CCAATGTGGGCACCCCAGGA_003,15
CCAATGTGGGCACCCCAGGA_004,23
CCAATGTGGGCACCCCAGGA_005,81
CCAATGTGGGCACCCCAGGA_006,197
CCAATGTGGGCACCCCAGGA_007,42
ACGAGGCGAATATCCAAGCT_001,115
ACGAGGCGAATATCCAAGCT_002,24
ACGAGGCGAATATCCAAGCT_003,148
ACGAGGCGAATATCCAAGCT_004,62
ACAACCAAGCATTCACAGGA_001,162
ACAACCAAGCATTCACAGGA_002,183
ACAACCAAGCATTCACAGGA_003,147
ACAACCAAGCATTCACAGGA_004,157
ACAACCAAGCATTCACAGGA_005,126
ACAACCAAGCATTCACAGGA_006,83
ACAACCAAGCATTCACAGGA_007,106
ACAACCAAGCATTCACAGGA_008,23
AGAGTCCACCCAGCATAGGG_001,160
AGAGTCCACCCAGCATAGGG_002,96
AGAGTCCACCCAGCATAGGG_003,88
AGAGTCCACCCAGCATAGGG_004,103
AGAGTCCACCCAGCATAGGG_005,163
AGAGTCCACCCAGCATAGGG_006,160
AGAGTCCACCCAGCATAGGG_007,70
AGAGTCCACCCAGCATAGGG_008,74
AGAGTCCACCCAGCATAGGG_009,160
AGAGTCCACCCAGCATAGGG_010,121
AGAGTCCACCCAGCATAGGG_011,185
AGAGTCCACCCAGCATAGGG_012,115
AGAGTCCACCCAGCATAGGG_013,94
AGAGTCCACCCAGCATAGGG_014,78
AGAGTCCACCCAGCATAGGG_015,138
AGAGTCCACCCAGCATAGGG_016,75
AGAGTCCACCCAGCATAGGG_017,147
AGAGTCCACCCAGCATAGGG_018,137
AGAGTCCACCCAGCATAGGG_019,12
AGAGTCCACCCAGCATAGGG_020,103
AGAGTCCACCCAGCATAGGG_021,116
AGAGTCCACCCAGCATAGGG_022,166
CCCAATCTGATCGATAACAG_001,91
CCCAATCTGATCGATAACAG_002,76
CCCAATCTGATCGATAACAG_003,76
CCCAATCTGATCGATAACAG_004,70
CCCAATCTGATCGATAACAG_005,83
CCCAATCTGATCGATAACAG_006,45
CCCAATCTGATCGATAACAG_007,114
ATATAAAAACTAGAAAAGTC_001,77
ATATAAAAACTAGAAAAGTC_002,33
ATATAAAAACTAGAAAAGTC_003,82
ATATAAAAACTAGAAAAGTC_004,46
ATATAAAAACTAGAAAAGTC_005,118
GTGTAACACCTCAAGGCACA_001,94
GTGTAACACCTCAAGGCACA_002,19
GTGTAACACCTCAAGGCACA_003,147
GTGTAACACCTCAAGGCACA_004,76
GTGTAACACCTCAAGGCACA_005,142
GTGTAACACCTCAAGGCACA_006,138
GTGTAACACCTCAAGGCACA_007,124
AAAATTCCGCAAAATTGACA_001,157
AAAATTCCGCAAAATTGACA_002,136
GAATCGACCGACACTAATGT_001,77
GAATCGACCGACACTAATGT_002,42
GAATCGACCGACACTAATGT_003,116
GAATCGACCGACACTAATGT_004,190
GAATCGACCGACACTAATGT_005,76
GAATCGACCGACACTAATGT_006,134
GAATCGACCGACACTAATGT_007,126
GAATCGACCGACACTAATGT_008,197
GAATCGACCGACACTAATGT_009,46
GAATCGACCGACACTAATGT_010,105
GAATCGACCGACACTAATGT_011,19
GAATCGACCGACACTAATGT_012,127
GAATCGACCGACACTAATGT_013,175
GAATCGACCGACACTAATGT_014,9
GAATCGACCGACACTAATGT_015,184
GAATCGACCGACACTAATGT_016,197
GAATCGACCGACACTAATGT_017,88
GAATCGACCGACACTAATGT_018,199
GAATCGACCGACACTAATGT_019,152
GAATCGACCGACACTAATGT_020,43
GAATCGACCGACACTAATGT_021,168
GAATCGACCGACACTAATGT_022,157
AGGACCACAGGGCCCATCAG_001,150
AGGACCACAGGGCCCATCAG_002,99
AGGACCACAGGGCCCATCAG_003,92
AGGACCACAGGGCCCATCAG_004,16
AGGACCACAGGGCCCATCAG_005,152
AGGACCACAGGGCCCATCAG_006,145
AGGACCACAGGGCCCATCAG_007,156
AGGACCACAGGGCCCATCAG_008,190
AGGACCACAGGGCCCATCAG_009,76
AGGACCACAGGGCCCATCAG_010,125
AGGACCACAGGGCCCATCAG_011,26
AGGACCACAGGGCCCATCAG_012,92
AGGACCACAGGGCCCATCAG_013,65
AGGACCACAGGGCCCATCAG_014,103
AGGACCACAGGGCCCATCAG_015,103
AGGACCACAGGGCCCATCAG_016,2
AGGACCACAGGGCCCATCAG_017,141
AGGACCACAGGGCCCATCAG_018,186
AGGACCACAGGGCCCATCAG_019,45
AGGACCACAGGGCCCATCAG_020,70
AGGACCACAGGGCCCATCAG_021,58
AGGACCACAGGGCCCATCAG_022,148
AGGACCACAGGGCCCATCAG_023,35
AGCCGACATACATTGAAACA_001,48
AGCCGACATACATTGAAACA_002,50
AGCCGACATACATTGAAACA_003,81
AGCCGACATACATTGAAACA_004,127
ATTAAATGTATGTCGGCACT_001,169
GGAGGATCCTCTTAATCACA_001,188
GGAGGATCCTCTTAATCACA_002,91
GGAGGATCCTCTTAATCACA_003,103
GGAGGATCCTCTTAATCACA_004,166
GGAGGATCCTCTTAATCACA_005,31
GGAGGATCCTCTTAATCACA_006,140
GGAGGATCCTCTTAATCACA_007,124
CCGCAGGGTGTCCTTCGGAG_001,172
CCGCAGGGTGTCCTTCGGAG_002,112
CCGCAGGGTGTCCTTCGGAG_003,191
CCGCAGGGTGTCCTTCGGAG_004,9
CCGCAGGGTGTCCTTCGGAG_005,83
CCGCAGGGTGTCCTTCGGAG_006,101
CCGCAGGGTGTCCTTCGGAG_007,116
CCGCAGGGTGTCCTTCGGAG_008,50
CCGCAGGGTGTCCTTCGGAG_009,53
CCGCAGGGTGTCCTTCGGAG_010,51
CCGCAGGGTGTCCTTCGGAG_011,157
CCGCAGGGTGTCCTTCGGAG_012,130
CCGCAGGGTGTCCTTCGGAG_013,115
CCGCAGGGTGTCCTTCGGAG_014,135
CCGCAGGGTGTCCTTCGGAG_015,78
GTTAAAGCAGTCATGCACCG_001,77
GTTAAAGCAGTCATGCACCG_002,119
GTTAAAGCAGTCATGCACCG_003,46
GTTAAAGCAGTCATGCACCG_004,60
GTTAAAGCAGTCATGCACCG_005,35
GTTAAAGCAGTCATGCACCG_006,77
GTTAAAGCAGTCATGCACCG_007,127
GTTAAAGCAGTCATGCACCG_008,60
GTTAAAGCAGTCATGCACCG_009,138
GTTAAAGCAGTCATGCACCG_010,19
GTTAAAGCAGTCATGCACCG_011,69
TCAGGCGGATGTTGTCATCG_001,151
TCAGGCGGATGTTGTCATCG_002,30
TCAGGCGGATGTTGTCATCG_003,174
TCAGGCGGATGTTGTCATCG_004,193
TCAGGCGGATGTTGTCATCG_005,41
TCAGGCGGATGTTGTCATCG_006,175
TCAGGCGGATGTTGTCATCG_007,67
TCAGGCGGATGTTGTCATCG_008,30
TCAGGCGGATGTTGTCATCG_009,60
TCATTACGACTGTCTCCAAG_001,55
TCATTACGACTGTCTCCAAG_002,192
TCATTACGACTGTCTCCAAG_003,63
TGACGTAGGATGCTAAGTAA_001,172
TGACGTAGGATGCTAAGTAA_002,119
TGACGTAGGATGCTAAGTAA_003,114
TGACGTAGGATGCTAAGTAA_004,2
TGACGTAGGATGCTAAGTAA_005,169
TGACGTAGGATGCTAAGTAA_006,41
TGACGTAGGATGCTAAGTAA_007,76
TGACGTAGGATGCTAAGTAA_008,30
TGACGTAGGATGCTAAGTAA_009,77
TGACGTAGGATGCTAAGTAA_010,199
CACATTTGAGGGTTTCCCCG_001,32
CACATTTGAGGGTTTCCCCG_002,60
CACATTTGAGGGTTTCCCCG_003,70
CACATTTGAGGGTTTCCCCG_004,88
CACATTTGAGGGTTTCCCCG_005,108
TGAGGGACAAAAATCTAGGG_001,49
TTTCGCAAGAACAAGACTCT_001,189
TTTCGCAAGAACAAGACTCT_002,189
TTTCGCAAGAACAAGACTCT_003,190
TTTCGCAAGAACAAGACTCT_004,39
TTTCGCAAGAACAAGACTCT_005,142
TTTCGCAAGAACAAGACTCT_006,73
TTTCGCAAGAACAAGACTCT_007,148
TTTCGCAAGAACAAGACTCT_008,87
TTTCGCAAGAACAAGACTCT_009,166
TTTCGCAAGAACAAGACTCT_010,152
TTTCGCAAGAACAAGACTCT_011,168
TTTCGCAAGAACAAGACTCT_012,1
AGAGGAGACACGGAACACCA_001,19
AGAGGAGACACGGAACACCA_002,165
AGAGGAGACACGGAACACCA_003,127
AGAGGAGACACGGAACACCA_004,127
AGAGGAGACACGGAACACCA_005,77
AGAGGAGACACGGAACACCA_006,62
AGAGGAGACACGGAACACCA_007,109
AGAGGAGACACGGAACACCA_008,109
AGAGGAGACACGGAACACCA_009,109
AGAGGAGACACGGAACACCA_010,62
AGAGGAGACACGGAACACCA_011,138
AGAGGAGACACGGAACACCA_012,9
AGAGGAGACACGGAACACCA_013,141
AGAGGAGACACGGAACACCA_014,151
AGAGGAGACACGGAACACCA_015,143
AGAGGAGACACGGAACACCA_016,84
AGAGGAGACACGGAACACCA_017,31
AGAGGAGACACGGAACACCA_018,188
AGAGGAGACACGGAACACCA_019,1
AGAGGAGACACGGAACACCA_020,112
AGAGGAGACACGGAACACCA_021,13
AGAGGAGACACGGAACACCA_022,40
AGAGGAGACACGGAACACCA_023,94
AGAGGAGACACGGAACACCA_024,49
GAACTGATCCATGTTATACT_001,196
GAACTGATCCATGTTATACT_002,158
GAACTGATCCATGTTATACT_003,50
GAACTGATCCATGTTATACT_004,128
GAACTGATCCATGTTATACT_005,56
GAACTGATCCATGTTATACT_006,178
GAACTGATCCATGTTATACT_007,105
GAACTGATCCATGTTATACT_008,184
GAACTGATCCATGTTATACT_009,77
GAACTGATCCATGTTATACT_010,114
GAACTGATCCATGTTATACT_011,114
CCGCTACCGGCCCGGCACCG_001,5
CCGCTACCGGCCCGGCACCG_002,188
CCGCTACCGGCCCGGCACCG_003,181
CCGCTACCGGCCCGGCACCG_004,127
CCGCTACCGGCCCGGCACCG_005,182
CCGCTACCGGCCCGGCACCG_006,169
CCGCTACCGGCCCGGCACCG_007,6
CCGCTACCGGCCCGGCACCG_008,193
CCGCTACCGGCCCGGCACCG_009,2
TCTGGAGTTCGAATTTCGGC_001,59
TCTGGAGTTCGAATTTCGGC_002,161
CTTACAGCGGCACTCAGTAG_001,187
AGTATCTCTGAAGTGTCCTG_001,181
AGTATCTCTGAAGTGTCCTG_002,193
AGTATCTCTGAAGTGTCCTG_003,50
AGTATCTCTGAAGTGTCCTG_004,151
AGTATCTCTGAAGTGTCCTG_005,127
AGTATCTCTGAAGTGTCCTG_006,149
AGTATCTCTGAAGTGTCCTG_007,124
GCAAGAAGGAGAGACCATCG_001,47
GCAAGAAGGAGAGACCATCG_002,138
GCAAGAAGGAGAGACCATCG_003,98
GCAAGAAGGAGAGACCATCG_004,148
CAAAAACAGCTTTAACCCAG_001,2
CAAAAACAGCTTTAACCCAG_002,28
TTAGTCCAAATCAAAATGCG_001,188
TTAGTCCAAATCAAAATGCG_002,121
TTAGTCCAAATCAAAATGCG_003,82
TTAGTCCAAATCAAAATGCG_004,110
TTAGTCCAAATCAAAATGCG_005,152
TTAGTCCAAATCAAAATGCG_006,53
TTAGTCCAAATCAAAATGCG_007,50
TTAGTCCAAATCAAAATGCG_008,16
GGATCCACTAGAGTGGCCAA_001,27
GGATCCACTAGAGTGGCCAA_002,127
GGATCCACTAGAGTGGCCAA_003,149
GGATCCACTAGAGTGGCCAA_004,48
GGATCCACTAGAGTGGCCAA_005,19
GGATCCACTAGAGTGGCCAA_006,199
GGATCCACTAGAGTGGCCAA_007,102
GGATCCACTAGAGTGGCCAA_008,150
GGATCCACTAGAGTGGCCAA_009,16
GGATCCACTAGAGTGGCCAA_010,162
GGATCCACTAGAGTGGCCAA_011,188
GGATCCACTAGAGTGGCCAA_012,118
GGATCCACTAGAGTGGCCAA_013,8
GGATCCACTAGAGTGGCCAA_014,154
GGATCCACTAGAGTGGCCAA_015,58
GGATCCACTAGAGTGGCCAA_016,82
GGATCCACTAGAGTGGCCAA_017,82
GGATCCACTAGAGTGGCCAA_018,63
GGATCCACTAGAGTGGCCAA_019,34
GGATCCACTAGAGTGGCCAA_020,89
AAGTCCATGGAGAACACGGT_001,162
AGGTCAAAGACACTGCACTC_001,46
AGGTCAAAGACACTGCACTC_002,165
AGGTCAAAGACACTGCACTC_003,96
GGTTTCAAACGCGATCACAA_001,68
GGTTTCAAACGCGATCACAA_002,34
GGTTTCAAACGCGATCACAA_003,27
GGTTTCAAACGCGATCACAA_004,120
GGTTTCAAACGCGATCACAA_005,28
GGTTTCAAACGCGATCACAA_006,173
CATCACAGCAGAAAGTGTGT_001,2
CATCACAGCAGAAAGTGTGT_002,15
CATCACAGCAGAAAGTGTGT_003,62
CATCACAGCAGAAAGTGTGT_004,14
CATCACAGCAGAAAGTGTGT_005,151
CATCACAGCAGAAAGTGTGT_006,178
CATCACAGCAGAAAGTGTGT_007,91
CATCACAGCAGAAAGTGTGT_008,29
CATCACAGCAGAAAGTGTGT_009,28
CATCACAGCAGAAAGTGTGT_010,138
GATGATGAGCAGTTCAGCCG_001,29
GATGATGAGCAGTTCAGCCG_002,48
GATGATGAGCAGTTCAGCCG_003,22
GATGATGAGCAGTTCAGCCG_004,148
GATGATGAGCAGTTCAGCCG_005,15
GATGATGAGCAGTTCAGCCG_006,17
GATGATGAGCAGTTCAGCCG_007,58
GATGATGAGCAGTTCAGCCG_008,162
GATGATGAGCAGTTCAGCCG_009,107
GATGATGAGCAGTTCAGCCG_010,1
GATGATGAGCAGTTCAGCCG_011,168
GATGATGAGCAGTTCAGCCG_012,34
ATCACTGTTGGAGATATGGT_001,137
GGACATCAAAGTCCGAAGAA_001,65
GGACATCAAAGTCCGAAGAA_002,58
CATCGTCCGACAGGAAGTAG_001,138
CATCGTCCGACAGGAAGTAG_002,80
CATCGTCCGACAGGAAGTAG_003,161
CATCGTCCGACAGGAAGTAG_004,12
CATCGTCCGACAGGAAGTAG_005,183
CATCGTCCGACAGGAAGTAG_006,118
CATCGTCCGACAGGAAGTAG_007,134
CATCGTCCGACAGGAAGTAG_008,185
CATCGTCCGACAGGAAGTAG_009,169
CATCGTCCGACAGGAAGTAG_010,98
CATCGTCCGACAGGAAGTAG_011,62
CATCGTCCGACAGGAAGTAG_012,65
CATCGTCCGACAGGAAGTAG_013,33
CATCGTCCGACAGGAAGTAG_014,160
CATCGTCCGACAGGAAGTAG_015,112
CATCGTCCGACAGGAAGTAG_016,192
CATCGTCCGACAGGAAGTAG_017,14
CATCGTCCGACAGGAAGTAG_018,168
AGGAGCCAGGATCTCCACTG_001,160
AGGAGCCAGGATCTCCACTG_002,17
AGGAGCCAGGATCTCCACTG_003,37
AGGAGCCAGGATCTCCACTG_004,130
AGGAGCCAGGATCTCCACTG_005,129
AGGAGCCAGGATCTCCACTG_006,5
AGGAGCCAGGATCTCCACTG_007,50
AGGAGCCAGGATCTCCACTG_008,2
AGGAGCCAGGATCTCCACTG_009,15
GACACTGTCCCCTTTCACGA_001,3
GACACTGTCCCCTTTCACGA_002,26
GACACTGTCCCCTTTCACGA_003,15
GACACTGTCCCCTTTCACGA_004,3
GACACTGTCCCCTTTCACGA_005,163
GACACTGTCCCCTTTCACGA_006,37
GACACTGTCCCCTTTCACGA_007,54
GACACTGTCCCCTTTCACGA_008,28
GACACTGTCCCCTTTCACGA_009,142
GACACTGTCCCCTTTCACGA_010,2
GACACTGTCCCCTTTCACGA_011,150
GACACTGTCCCCTTTCACGA_012,199
GACACTGTCCCCTTTCACGA_013,105
GACACTGTCCCCTTTCACGA_014,28
GACACTGTCCCCTTTCACGA_015,117
GACACTGTCCCCTTTCACGA_016,30
GACACTGTCCCCTTTCACGA_017,67
GACACTGTCCCCTTTCACGA_018,150
GACACTGTCCCCTTTCACGA_019,58
GACACTGTCCCCTTTCACGA_020,169
GACACTGTCCCCTTTCACGA_021,58
GACACTGTCCCCTTTCACGA_022,190
GACACTGTCCCCTTTCACGA_023,146
GACACTGTCCCCTTTCACGA_024,52
GACACTGTCCCCTTTCACGA_025,166
GACACTGTCCCCTTTCACGA_026,122
GACACTGTCCCCTTTCACGA_027,132
GACACTGTCCCCTTTCACGA_028,1
GACACTGTCCCCTTTCACGA_029,63
GACACTGTCCCCTTTCACGA_030,90
GACACTGTCCCCTTTCACGA_031,199
GACACTGTCCCCTTTCACGA_032,197
GACACTGTCCCCTTTCACGA_033,45
GACACTGTCCCCTTTCACGA_034,185
GAGTTAGGGAGCACGTGGTA_001,173
GAGTTAGGGAGCACGTGGTA_002,17
GAGTTAGGGAGCACGTGGTA_003,183
GAGTTAGGGAGCACGTGGTA_004,88
GAGTTAGGGAGCACGTGGTA_005,25
GAGTTAGGGAGCACGTGGTA_006,160
GAGTTAGGGAGCACGTGGTA_007,199
GAGTTAGGGAGCACGTGGTA_008,97
GAGTTAGGGAGCACGTGGTA_009,13
GAGTTAGGGAGCACGTGGTA_010,45
GAGTTAGGGAGCACGTGGTA_011,88
GAGTTAGGGAGCACGTGGTA_012,109
GAGTTAGGGAGCACGTGGTA_013,4
AGAACTGGAATGACGATACA_001,163
AGAACTGGAATGACGATACA_002,96
AGAACTGGAATGACGATACA_003,177
AGAACTGGAATGACGATACA_004,183
AGAACTGGAATGACGATACA_005,150
GAGTACTCTCAGCTTCACTT_001,121
GAGTACTCTCAGCTTCACTT_002,121
GAGTACTCTCAGCTTCACTT_003,123
GAGTACTCTCAGCTTCACTT_004,110
TGTCCATGGACTCTTGACCA_001,82
TGTCCATGGACTCTTGACCA_002,151
TGTCCATGGACTCTTGACCA_003,145
TGTCCATGGACTCTTGACCA_004,197
CAGCTCCACTCGTTCTGGCG_001,8
CAGCTCCACTCGTTCTGGCG_002,50
CAGCTCCACTCGTTCTGGCG_003,91
CAGCTCCACTCGTTCTGGCG_004,103
CAGCTCCACTCGTTCTGGCG_005,105
CAGCTCCACTCGTTCTGGCG_006,107
CAGCTCCACTCGTTCTGGCG_007,86
CAGCTCCACTCGTTCTGGCG_008,117
TGCAGGGGAACTCTACGACC_001,36
CCTCCACGGCAAAGTACACG_001,43
CCTCCACGGCAAAGTACACG_002,92
CCTCCACGGCAAAGTACACG_003,60
CCTCCACGGCAAAGTACACG_004,127
CCTCCACGGCAAAGTACACG_005,114
CCTCCACGGCAAAGTACACG_006,121
CCTCCACGGCAAAGTACACG_007,49
CCTCCACGGCAAAGTACACG_008,15
CCTCCACGGCAAAGTACACG_009,17
CCTCCACGGCAAAGTACACG_010,144
ACTTAAGGCCCAAAGAACTC_001,68
ACTTAAGGCCCAAAGAACTC_002,36
GCCGTGGACTACTACCTGCG_001,58
GCCGTGGACTACTACCTGCG_002,94
GCCGTGGACTACTACCTGCG_003,126
GCCGTGGACTACTACCTGCG_004,88
GCCGTGGACTACTACCTGCG_005,151
GCCGTGGACTACTACCTGCG_006,121
GCCGTGGACTACTACCTGCG_007,82
GCCGTGGACTACTACCTGCG_008,169
GCCGTGGACTACTACCTGCG_009,133
GCCGTGGACTACTACCTGCG_010,106
GCCGTGGACTACTACCTGCG_011,148
GCCGTGGACTACTACCTGCG_012,5
GCCGTGGACTACTACCTGCG_013,15
TTGGCCAGTCTGCCAGATAG_001,32
TTGGCCAGTCTGCCAGATAG_002,102
TTGGCCAGTCTGCCAGATAG_003,116
TTGGCCAGTCTGCCAGATAG_004,9
TTGGCCAGTCTGCCAGATAG_005,29
TTGGCCAGTCTGCCAGATAG_006,31
GGAGGCGCCTACACTTACGG_001,166
GGAGGCGCCTACACTTACGG_002,27
GGAGGCGCCTACACTTACGG_003,101
GGAGGCGCCTACACTTACGG_004,32
GGAGGCGCCTACACTTACGG_005,88
GGAGGCGCCTACACTTACGG_006,184
GGAGGCGCCTACACTTACGG_007,132
GGAGGCGCCTACACTTACGG_008,188
GGAGGCGCCTACACTTACGG_009,198
GGAGGCGCCTACACTTACGG_010,0
GGAGGCGCCTACACTTACGG_011,0
GGACTCCGCGTCAGTCCAGG_001,127
GGACTCCGCGTCAGTCCAGG_002,157
GGACTCCGCGTCAGTCCAGG_003,75
GGACTCCGCGTCAGTCCAGG_004,135
GGACTCCGCGTCAGTCCAGG_005,91
GGACTCCGCGTCAGTCCAGG_006,156
GGACTCCGCGTCAGTCCAGG_007,13
GGACTCCGCGTCAGTCCAGG_008,12
GCAGTATCTCTAGGCAGGAC_001,53
GCAGTATCTCTAGGCAGGAC_002,182
GCAGTATCTCTAGGCAGGAC_003,131
GCAGTATCTCTAGGCAGGAC_004,107
GCAGTATCTCTAGGCAGGAC_005,37
ACGTCTTAGTCCACTAGAGC_001,18
ACGTCTTAGTCCACTAGAGC_002,140
ACGTCTTAGTCCACTAGAGC_003,181
ACGTCTTAGTCCACTAGAGC_004,75
ACGTCTTAGTCCACTAGAGC_005,181
ACGTCTTAGTCCACTAGAGC_006,62
ACGTCTTAGTCCACTAGAGC_007,12
ACGTCTTAGTCCACTAGAGC_008,145
ACGTCTTAGTCCACTAGAGC_009,184
ACGTCTTAGTCCACTAGAGC_010,85
ACGTCTTAGTCCACTAGAGC_011,49
ACGTCTTAGTCCACTAGAGC_012,124
ACGTCTTAGTCCACTAGAGC_013,179
GCCCCACGTCGGGCGAGGTG_001,191
GCCCCACGTCGGGCGAGGTG_002,40
GCCCCACGTCGGGCGAGGTG_003,147
GCTGCAGGCTGCCAATGCGG_001,28
GCTGCAGGCTGCCAATGCGG_002,105
GCTGCAGGCTGCCAATGCGG_003,199
GCTGCAGGCTGCCAATGCGG_004,181
GCTGCAGGCTGCCAATGCGG_005,127
GCTGCAGGCTGCCAATGCGG_006,101
GCTGCAGGCTGCCAATGCGG_007,112
GCTGCAGGCTGCCAATGCGG_008,146
GCTGCAGGCTGCCAATGCGG_009,50
GCTGCAGGCTGCCAATGCGG_010,109
GCTGCAGGCTGCCAATGCGG_011,4
GCTGCAGGCTGCCAATGCGG_012,151
GCTGCAGGCTGCCAATGCGG_013,36
GCTGCAGGCTGCCAATGCGG_014,188
GCTGCAGGCTGCCAATGCGG_015,94
GCTGCAGGCTGCCAATGCGG_016,14
GCTGCAGGCTGCCAATGCGG_017,168
GCTGCAGGCTGCCAATGCGG_018,49
GCTGCAGGCTGCCAATGCGG_019,46
GCTGCAGGCTGCCAATGCGG_020,66
GCTGCAGGCTGCCAATGCGG_021,168
GCTGCAGGCTGCCAATGCGG_022,115
GCTGCAGGCTGCCAATGCGG_023,129
GCTGCAGGCTGCCAATGCGG_024,129
TCTTCTAGAACTTTACACAC_001,34
TCTTCTAGAACTTTACACAC_002,160
GCCAGTTGTAACAATGTCAG_001,139
GCCAGTTGTAACAATGTCAG_002,32
GCCAGTTGTAACAATGTCAG_003,29
GCCAGTTGTAACAATGTCAG_004,4
GCCAGTTGTAACAATGTCAG_005,188
GCCAGTTGTAACAATGTCAG_006,188
GCCAGTTGTAACAATGTCAG_007,157
GCCAGTTGTAACAATGTCAG_008,128
GCCAGTTGTAACAATGTCAG_009,149
CTATTGAAACAAGTCCGTCC_001,133
CTATTGAAACAAGTCCGTCC_002,169
CTATTGAAACAAGTCCGTCC_003,12
CTATTGAAACAAGTCCGTCC_004,156
CTTGATCTTGAACTGCACCA_001,172
CTTGATCTTGAACTGCACCA_002,158
CTTGATCTTGAACTGCACCA_003,176
CTTGATCTTGAACTGCACCA_004,94
CTTGATCTTGAACTGCACCA_005,127
CTTGATCTTGAACTGCACCA_006,157
CTTGATCTTGAACTGCACCA_007,22
CTTGATCTTGAACTGCACCA_008,52
CTTGATCTTGAACTGCACCA_009,46
CTTGATCTTGAACTGCACCA_010,158
CTTGATCTTGAACTGCACCA_011,140
CTTGATCTTGAACTGCACCA_012,135
CTTGATCTTGAACTGCACCA_013,59
CTTGATCTTGAACTGCACCA_014,46
CTTGATCTTGAACTGCACCA_015,20
CTTGATCTTGAACTGCACCA_016,185
CTTGATCTTGAACTGCACCA_017,61
CTTGATCTTGAACTGCACCA_018,141
CTTGATCTTGAACTGCACCA_019,27
GCAGATGCCCGGATTCCCTG_001,55
GCAGATGCCCGGATTCCCTG_002,29
GCAGATGCCCGGATTCCCTG_003,168
GCAGATGCCCGGATTCCCTG_004,135
GCAGATGCCCGGATTCCCTG_005,130
GCAGATGCCCGGATTCCCTG_006,131
GCAGATGCCCGGATTCCCTG_007,101
GCAGATGCCCGGATTCCCTG_008,116
GCAGATGCCCGGATTCCCTG_009,2
GCAGATGCCCGGATTCCCTG_010,159
GCAGATGCCCGGATTCCCTG_011,144
GCAGATGCCCGGATTCCCTG_012,158
GCAGATGCCCGGATTCCCTG_013,29
GCAGATGCCCGGATTCCCTG_014,169
GCAGATGCCCGGATTCCCTG_015,16
GCAGATGCCCGGATTCCCTG_016,160
GCAGATGCCCGGATTCCCTG_017,42
GCAGATGCCCGGATTCCCTG_018,57
GCAGATGCCCGGATTCCCTG_019,52
GCAGATGCCCGGATTCCCTG_020,99
GCAGATGCCCGGATTCCCTG_021,82
GCAGATGCCCGGATTCCCTG_022,163
GCAGATGCCCGGATTCCCTG_023,148
GCAGATGCCCGGATTCCCTG_024,142
GCAGATGCCCGGATTCCCTG_025,142
AAATGGGTAACTGGCCACGA_001,29
AAATGGGTAACTGGCCACGA_002,140
AAATGGGTAACTGGCCACGA_003,83
AAATGGGTAACTGGCCACGA_004,82
CAGCATCCCCCAGAACAAGA_001,177
CAGCATCCCCCAGAACAAGA_002,128
CAGCATCCCCCAGAACAAGA_003,151
CAGCATCCCCCAGAACAAGA_004,84
CAGCATCCCCCAGAACAAGA_005,69
CAGCATCCCCCAGAACAAGA_006,50
CAGCATCCCCCAGAACAAGA_007,76
CAGCATCCCCCAGAACAAGA_008,137
CAGCATCCCCCAGAACAAGA_009,56
CAGCATCCCCCAGAACAAGA_010,113
CAGCATCCCCCAGAACAAGA_011,94
CAGCATCCCCCAGAACAAGA_012,43
GCTTGGGCCGATCCTCACAT_001,83
GCTTGGGCCGATCCTCACAT_002,23
GCTTGGGCCGATCCTCACAT_003,165
GCTTGGGCCGATCCTCACAT_004,160
GCTTGGGCCGATCCTCACAT_005,13
GCTTGGGCCGATCCTCACAT_006,193
GCTTGGGCCGATCCTCACAT_007,59
CTCACCAGTCACGCCCACGG_001,160
CTCACCAGTCACGCCCACGG_002,103
CTCACCAGTCACGCCCACGG_003,184
CTCACCAGTCACGCCCACGG_004,1
CTCACCAGTCACGCCCACGG_005,49
TCTGCTCCTGCCCCAAAGAA_001,72
TCTGCTCCTGCCCCAAAGAA_002,15
TCTGCTCCTGCCCCAAAGAA_003,193
TCTGCTCCTGCCCCAAAGAA_004,35
TCTGCTCCTGCCCCAAAGAA_005,0
TCTGCTCCTGCCCCAAAGAA_006,0
TCTGCTCCTGCCCCAAAGAA_007,11
TCTGCTCCTGCCCCAAAGAA_008,49
TCTGCTCCTGCCCCAAAGAA_009,92
TCTGCTCCTGCCCCAAAGAA_010,75
AAGACTTTGTGATTGTCCGC_001,178
AAGACTTTGTGATTGTCCGC_002,4
AAGACTTTGTGATTGTCCGC_003,113
GATCGTAAAGCTTCTCCAAG_001,88
GATCGTAAAGCTTCTCCAAG_002,148
GCTTGGGCGACTGCTCTACA_001,181
GCTTGGGCGACTGCTCTACA_002,32
GGTACATGAATGGGATAACC_001,49
GGTACATGAATGGGATAACC_002,157
AGATGACCTGCTAGAAAACC_001,83
TCACTATACAGACTATCGTG_001,48
TCACTATACAGACTATCGTG_002,147
AGCTCTAGGGATCTCAGCAG_001,101
AGCTCTAGGGATCTCAGCAG_002,132
TTCTCCATGTCGCCGCAGGG_001,122
TTCTCCATGTCGCCGCAGGG_002,14
TTCTCCATGTCGCCGCAGGG_003,127
TATTTCCTAATAGTGGTCTG_001,147
TATTTCCTAATAGTGGTCTG_002,126
TATTTCCTAATAGTGGTCTG_003,61
TATTTCCTAATAGTGGTCTG_004,146
TATTTCCTAATAGTGGTCTG_005,70
TATTTCCTAATAGTGGTCTG_006,51
TATTTCCTAATAGTGGTCTG_007,28
TATTTCCTAATAGTGGTCTG_008,188
TATTTCCTAATAGTGGTCTG_009,133
TATTTCCTAATAGTGGTCTG_010,137
TATTTCCTAATAGTGGTCTG_011,15
TGAGAAAAACTCAATTGCTG_001,41
TGAGAAAAACTCAATTGCTG_002,84
TGAGAAAAACTCAATTGCTG_003,48
TGAGAAAAACTCAATTGCTG_004,192
TGAGAAAAACTCAATTGCTG_005,81
CATTCTGTCATATAGAGGAG_001,67
CATTCTGTCATATAGAGGAG_002,6
CATTCTGTCATATAGAGGAG_003,137
CATTCTGTCATATAGAGGAG_004,184
CATTCTGTCATATAGAGGAG_005,129
CATTCTGTCATATAGAGGAG_006,119
CATTCTGTCATATAGAGGAG_007,34
CATTCTGTCATATAGAGGAG_008,68
CATTCTGTCATATAGAGGAG_009,47
TCCTGTCGCCAGGCTCCACG_001,49
TCCTGTCGCCAGGCTCCACG_002,116
TCCTGTCGCCAGGCTCCACG_003,173
TTCAGATTGTGCTTTCATGG_001,41
TTCAGATTGTGCTTTCATGG_002,72
GTTATAAATTTCACAACTGG_001,150
GTTATAAATTTCACAACTGG_002,172
GTTATAAATTTCACAACTGG_003,48
GTTATAAATTTCACAACTGG_004,164
GTTATAAATTTCACAACTGG_005,164
GTTATAAATTTCACAACTGG_006,144
AGACTCAAGCTAACCTACAA_001,188
AGACTCAAGCTAACCTACAA_002,77
AGACTCAAGCTAACCTACAA_003,150
AGACTCAAGCTAACCTACAA_004,23
AGACTCAAGCTAACCTACAA_005,148
AGACTCAAGCTAACCTACAA_006,58
AGACTCAAGCTAACCTACAA_007,124
AGACTCAAGCTAACCTACAA_008,4
AGACTCAAGCTAACCTACAA_009,105
AGACTCAAGCTAACCTACAA_010,102
AGACTCAAGCTAACCTACAA_011,77
AGACTCAAGCTAACCTACAA_012,15
AGACTCAAGCTAACCTACAA_013,192
AGACTCAAGCTAACCTACAA_014,2
AGACTCAAGCTAACCTACAA_015,17
AGACTCAAGCTAACCTACAA_016,60
AGACTCAAGCTAACCTACAA_017,10
AGACTCAAGCTAACCTACAA_018,2
AGACTCAAGCTAACCTACAA_019,116
AGACTCAAGCTAACCTACAA_020,102
AGACTCAAGCTAACCTACAA_021,11
AGACTCAAGCTAACCTACAA_022,119
AGACTCAAGCTAACCTACAA_023,10
AGACTCAAGCTAACCTACAA_024,63
AGACTCAAGCTAACCTACAA_025,102
CTTACTTCGGATATGGGACT_001,160
CTTACTTCGGATATGGGACT_002,150
CTTACTTCGGATATGGGACT_003,99
CTTACTTCGGATATGGGACT_004,17
CTTACTTCGGATATGGGACT_005,168
CTTACTTCGGATATGGGACT_006,177
CTTACTTCGGATATGGGACT_007,170
CTTACTTCGGATATGGGACT_008,104
CTTACTTCGGATATGGGACT_009,119
CTTACTTCGGATATGGGACT_010,64
ACAAGCCATCGACCCAAAGT_001,8
ACAAGCCATCGACCCAAAGT_002,7
ACAAGCCATCGACCCAAAGT_003,80
ACAAGCCATCGACCCAAAGT_004,85
ACAAGCCATCGACCCAAAGT_005,144
ACAAGCCATCGACCCAAAGT_006,183
ACAAGCCATCGACCCAAAGT_007,1
ACAAGCCATCGACCCAAAGT_008,89
ACAAGCCATCGACCCAAAGT_009,66
TCTGCTCTCACTCCCTCCTG_001,150
TCTGCTCTCACTCCCTCCTG_002,118
TCTGCTCTCACTCCCTCCTG_003,58
TCTGCTCTCACTCCCTCCTG_004,42
TCTGCTCTCACTCCCTCCTG_005,14
TCTGCTCTCACTCCCTCCTG_006,92
TCTGCTCTCACTCCCTCCTG_007,15
TCTGCTCTCACTCCCTCCTG_008,85
TCTGCTCTCACTCCCTCCTG_009,16
TCTGCTCTCACTCCCTCCTG_010,92
TCTGCTCTCACTCCCTCCTG_011,24
TCTGCTCTCACTCCCTCCTG_012,75
TCTGCTCTCACTCCCTCCTG_013,80
TCTGCTCTCACTCCCTCCTG_014,10
TCTGCTCTCACTCCCTCCTG_015,62
TCTGCTCTCACTCCCTCCTG_016,108
TCTGCTCTCACTCCCTCCTG_017,161
TCTGCTCTCACTCCCTCCTG_018,136
TCTGCTCTCACTCCCTCCTG_019,121
AGAGAAGGAAAAACTGAAAA_001,28
AGAGAAGGAAAAACTGAAAA_002,75
AGAGAAGGAAAAACTGAAAA_003,124
AGAGAAGGAAAAACTGAAAA_004,191
AGAGAAGGAAAAACTGAAAA_005,63
ACGAGAGTCCTCATATGAGG_001,48
ACGAGAGTCCTCATATGAGG_002,62
CCATTATCCTGCGTAACATG_001,187
CCATTATCCTGCGTAACATG_002,81
CTTGAAAGGTGATCGGATCG_001,56
CTTGAAAGGTGATCGGATCG_002,34
CTTGAAAGGTGATCGGATCG_003,68
CTTGAAAGGTGATCGGATCG_004,102
CTTGAAAGGTGATCGGATCG_005,198
CTTGAAAGGTGATCGGATCG_006,145
CTTGAAAGGTGATCGGATCG_007,37
CTTGAAAGGTGATCGGATCG_008,99
CTTGAAAGGTGATCGGATCG_009,102
TGAAGTGGGACTATGTTGAG_001,186
CCTCAGGGGTAGCAGAATGG_001,103
CCTCAGGGGTAGCAGAATGG_002,29
CCTCAGGGGTAGCAGAATGG_003,191
CCTCAGGGGTAGCAGAATGG_004,28
CCTCAGGGGTAGCAGAATGG_005,38
CCTCAGGGGTAGCAGAATGG_006,76
CCTCAGGGGTAGCAGAATGG_007,2
CCTCAGGGGTAGCAGAATGG_008,184
CCTCAGGGGTAGCAGAATGG_009,156
CCTCAGGGGTAGCAGAATGG_010,16
CCTCAGGGGTAGCAGAATGG_011,53
CCTCAGGGGTAGCAGAATGG_012,134
CCTCAGGGGTAGCAGAATGG_013,192
CCTCAGGGGTAGCAGAATGG_014,58
CCTCAGGGGTAGCAGAATGG_015,147
CCTCAGGGGTAGCAGAATGG_016,138
CCTCAGGGGTAGCAGAATGG_017,152
CCTCAGGGGTAGCAGAATGG_018,10
GAGAGCGAGAGCGATCACCT_001,52
GAGAGCGAGAGCGATCACCT_002,78
GAGAGCGAGAGCGATCACCT_003,54
GAGAGCGAGAGCGATCACCT_004,44
GAGAGCGAGAGCGATCACCT_005,34
GAGAGCGAGAGCGATCACCT_006,106
GAGAGCGAGAGCGATCACCT_007,152
GAGAGCGAGAGCGATCACCT_008,12
GAGAGCGAGAGCGATCACCT_009,166
GAGAGCGAGAGCGATCACCT_010,130
GAGAGCGAGAGCGATCACCT_011,150
GAGAGCGAGAGCGATCACCT_012,149
GAGAGCGAGAGCGATCACCT_013,38
GAGAGCGAGAGCGATCACCT_014,158
GAGAGCGAGAGCGATCACCT_015,147
GAGAGCGAGAGCGATCACCT_016,22
GAGAGCGAGAGCGATCACCT_017,38
GAGAGCGAGAGCGATCACCT_018,72
TGACATACATTCTAATGAGC_001,157
GGCTGAGACAATGACTGCGT_001,5
GGCTGAGACAATGACTGCGT_002,94
GGCTGAGACAATGACTGCGT_003,70
GGCTGAGACAATGACTGCGT_004,190
ATAGCCATTGAAATGGATAA_001,5
ATAGCCATTGAAATGGATAA_002,4
ATGGATCACTTTGGTCCGAG_001,176
ATGGATCACTTTGGTCCGAG_002,24
ATGGATCACTTTGGTCCGAG_003,158
ATGGATCACTTTGGTCCGAG_004,158
ATGGATCACTTTGGTCCGAG_005,190
ATGGATCACTTTGGTCCGAG_006,4
ATGGATCACTTTGGTCCGAG_007,148
GGGGTCTGGATTATGGTCGA_001,122
GGGGTCTGGATTATGGTCGA_002,33
GGCAGATGCAGAACAGGGTG_001,24
GGCAGATGCAGAACAGGGTG_002,60
GGCAGATGCAGAACAGGGTG_003,83
GGCAGATGCAGAACAGGGTG_004,5
GGCAGATGCAGAACAGGGTG_005,18
GGCAGATGCAGAACAGGGTG_006,197
GGCAGATGCAGAACAGGGTG_007,137
GGCAGATGCAGAACAGGGTG_008,172
GGCAGATGCAGAACAGGGTG_009,175
GGCAGATGCAGAACAGGGTG_010,155
GGCAGATGCAGAACAGGGTG_011,115
GGCAGATGCAGAACAGGGTG_012,117
GGCAGATGCAGAACAGGGTG_013,193
GGCAGATGCAGAACAGGGTG_014,14
GGCAGATGCAGAACAGGGTG_015,42
GGCAGATGCAGAACAGGGTG_016,130
GGCAGATGCAGAACAGGGTG_017,174
GGCAGATGCAGAACAGGGTG_018,9
GGCAGATGCAGAACAGGGTG_019,48
GGCAGATGCAGAACAGGGTG_020,199
GGCAGATGCAGAACAGGGTG_021,193
TCACAGGCTCTTAAAAACAT_001,166
GCGGGCTCCTGCGCACGCCG_001,10
GCGGGCTCCTGCGCACGCCG_002,115
GCGGGCTCCTGCGCACGCCG_003,150
GCGGGCTCCTGCGCACGCCG_004,16
GCGGGCTCCTGCGCACGCCG_005,44
GCGGGCTCCTGCGCACGCCG_006,12
GCGGGCTCCTGCGCACGCCG_007,198
GCGGGCTCCTGCGCACGCCG_008,92
GCGGGCTCCTGCGCACGCCG_009,86
GCGGGCTCCTGCGCACGCCG_010,148
GCGGGCTCCTGCGCACGCCG_011,148
TTTCCTGGACAGTCTACAAG_001,68
TTTCCTGGACAGTCTACAAG_002,67
TTTCCTGGACAGTCTACAAG_003,183
TTTCCTGGACAGTCTACAAG_004,29
TTATGAATATGACCGAAAGT_001,83
TTATGAATATGACCGAAAGT_002,62
TTATGAATATGACCGAAAGT_003,138
TCTGACCGTAGTGGGAACTC_001,187
TCTGACCGTAGTGGGAACTC_002,11
TCTGACCGTAGTGGGAACTC_003,166
TCTGACCGTAGTGGGAACTC_004,107
AGATGAAAATGACACTGTCA_001,96
AGATGAAAATGACACTGTCA_002,5
AGATGAAAATGACACTGTCA_003,49
AGATGAAAATGACACTGTCA_004,39
AGATGAAAATGACACTGTCA_005,142
GGACAGACTAGGAATTGGCA_001,118
GGACAGACTAGGAATTGGCA_002,42
GGACAGACTAGGAATTGGCA_003,129
GGACAGACTAGGAATTGGCA_004,129
GGACAGACTAGGAATTGGCA_005,6
CAAGCCCGAGCCCGTCATCG_001,160
CAAGCCCGAGCCCGTCATCG_002,118
CAAGCCCGAGCCCGTCATCG_003,92
CAAGCCCGAGCCCGTCATCG_004,199
CAAGCCCGAGCCCGTCATCG_005,136
GCATCCAGTGATGCTACTGA_001,43
GCATCCAGTGATGCTACTGA_002,126
GCATCCAGTGATGCTACTGA_003,152
GCATCCAGTGATGCTACTGA_004,77
GCATCCAGTGATGCTACTGA_005,105
GCATCCAGTGATGCTACTGA_006,88
GCATCCAGTGATGCTACTGA_007,83
GCATCCAGTGATGCTACTGA_008,41
GCATCCAGTGATGCTACTGA_009,130
AGAGCTCAAGGAGAAAATGG_001,130
AGAGCTCAAGGAGAAAATGG_002,160
ATTGGCTACCTGAGTACTCG_001,186
ATTGGCTACCTGAGTACTCG_002,9
ATTGGCTACCTGAGTACTCG_003,42
ATTGGCTACCTGAGTACTCG_004,110
ATTGGCTACCTGAGTACTCG_005,105
ACCAAGAGAATATCTTCCGA_001,142
ATTTCCTTCCAAGGTTGCAT_001,58
ATTTCCTTCCAAGGTTGCAT_002,163
ATTTCCTTCCAAGGTTGCAT_003,130
ATTTCCTTCCAAGGTTGCAT_004,29
ATTTCCTTCCAAGGTTGCAT_005,141
ATTTCCTTCCAAGGTTGCAT_006,197
ATTTCCTTCCAAGGTTGCAT_007,61
ATTTCCTTCCAAGGTTGCAT_008,160
TCAAGCACGCTGTACCATTG_001,93
TCAAGCACGCTGTACCATTG_002,145
TCAAGCACGCTGTACCATTG_003,121
TCAAGCACGCTGTACCATTG_004,159
AAAGCCTTTACCGGTCGACA_001,177
AAAGCCTTTACCGGTCGACA_002,108
AAAGCCTTTACCGGTCGACA_003,41
AAAGCCTTTACCGGTCGACA_004,121
AACTGCCATACAGACGACAA_001,77
AACTGCCATACAGACGACAA_002,72
AACTGCCATACAGACGACAA_003,92
AACTGCCATACAGACGACAA_004,145
AACTGCCATACAGACGACAA_005,110
AACTGCCATACAGACGACAA_006,190
AACTGCCATACAGACGACAA_007,92
AACTGCCATACAGACGACAA_008,116
AACTGCCATACAGACGACAA_009,174
AACTGCCATACAGACGACAA_010,114
AACTGCCATACAGACGACAA_011,197
AACTGCCATACAGACGACAA_012,177
AACTGCCATACAGACGACAA_013,85
AACTGCCATACAGACGACAA_014,178
AACTGCCATACAGACGACAA_015,192
AACTGCCATACAGACGACAA_016,148
AACTGCCATACAGACGACAA_017,15
TAAGCTGCTTCCAACTAACA_001,69
TAAGCTGCTTCCAACTAACA_002,154
TAAGCTGCTTCCAACTAACA_003,148
ATGTACAGCACCTTAGACTG_001,153
ATGTACAGCACCTTAGACTG_002,115
ATGTACAGCACCTTAGACTG_003,151
ATGTACAGCACCTTAGACTG_004,91
ATGTACAGCACCTTAGACTG_005,50
ATGTACAGCACCTTAGACTG_006,113
ATGTACAGCACCTTAGACTG_007,113
ATGTACAGCACCTTAGACTG_008,168
ATGTACAGCACCTTAGACTG_009,37
ATGTACAGCACCTTAGACTG_010,124
CTCATGGCCCCAGTCTACGA_001,166
CTCATGGCCCCAGTCTACGA_002,145
CTCATGGCCCCAGTCTACGA_003,113
CTCATGGCCCCAGTCTACGA_004,116
CTCATGGCCCCAGTCTACGA_005,58
CTCATGGCCCCAGTCTACGA_006,97
CTCATGGCCCCAGTCTACGA_007,75
AAAATTCACAAACCTGTGCG_001,185
AAAATTCACAAACCTGTGCG_002,43
AAAATTCACAAACCTGTGCG_003,80
AAAATTCACAAACCTGTGCG_004,125
AAAATTCACAAACCTGTGCG_005,121
AAAATTCACAAACCTGTGCG_006,92
AAAATTCACAAACCTGTGCG_007,149
AAAATTCACAAACCTGTGCG_008,77
AAAATTCACAAACCTGTGCG_009,120
AAAATTCACAAACCTGTGCG_010,42
AAAATTCACAAACCTGTGCG_011,148
AAAATTCACAAACCTGTGCG_012,172
AAAATTCACAAACCTGTGCG_013,80
AAAATTCACAAACCTGTGCG_014,166
ATTTGGTGCAAACTACATCA_001,93
ATTTGGTGCAAACTACATCA_002,85
AGATACAAACCTCCCGTCGA_001,12
AGATACAAACCTCCCGTCGA_002,183
AGATACAAACCTCCCGTCGA_003,50
AGATACAAACCTCCCGTCGA_004,16
AGATACAAACCTCCCGTCGA_005,65
AGATACAAACCTCCCGTCGA_006,138
AGATACAAACCTCCCGTCGA_007,162
AGATACAAACCTCCCGTCGA_008,138
AGATACAAACCTCCCGTCGA_009,69
AGATACAAACCTCCCGTCGA_010,132
AGATACAAACCTCCCGTCGA_011,87
AGATACAAACCTCCCGTCGA_012,94
AGATACAAACCTCCCGTCGA_013,102
GAAGACAATGGCATTAAACA_001,81
GAAGACAATGGCATTAAACA_002,197
GAAGACAATGGCATTAAACA_003,48
AGCCGACAAAGAAGTCCCCA_001,125
AGCCGACAAAGAAGTCCCCA_002,84
AGCCGACAAAGAAGTCCCCA_003,12
AGCCGACAAAGAAGTCCCCA_004,80
AGCCGACAAAGAAGTCCCCA_005,149
AGCCGACAAAGAAGTCCCCA_006,58
AGCCGACAAAGAAGTCCCCA_007,76
AGCCGACAAAGAAGTCCCCA_008,48
AGCCGACAAAGAAGTCCCCA_009,115
ATTGTCCTGTGGTAATGTCA_001,67
ATTGTCCTGTGGTAATGTCA_002,101
ATTGTCCTGTGGTAATGTCA_003,175
ATTGTCCTGTGGTAATGTCA_004,130
ATTGTCCTGTGGTAATGTCA_005,116
ATTGTCCTGTGGTAATGTCA_006,105
ATTGTCCTGTGGTAATGTCA_007,130
ATTGTCCTGTGGTAATGTCA_008,16
ATTGTCCTGTGGTAATGTCA_009,5
ATTGTCCTGTGGTAATGTCA_010,132
ATTGTCCTGTGGTAATGTCA_011,179
ATTGTCCTGTGGTAATGTCA_012,134
ATTGTCCTGTGGTAATGTCA_013,153
ATTGTCCTGTGGTAATGTCA_014,59
ATTGTCCTGTGGTAATGTCA_015,56
ATTGTCCTGTGGTAATGTCA_016,193
ATTGTCCTGTGGTAATGTCA_017,183
ATTGTCCTGTGGTAATGTCA_018,11
ATTGTCCTGTGGTAATGTCA_019,160
GGCAGCTTACGGCGACACAT_001,97
GGCAGCTTACGGCGACACAT_002,108
GGCAGCTTACGGCGACACAT_003,153
GGCAGCTTACGGCGACACAT_004,57
GGCAGCTTACGGCGACACAT_005,170
GGCAGCTTACGGCGACACAT_006,88
GGCAGCTTACGGCGACACAT_007,152
GGCAGCTTACGGCGACACAT_008,191
GGCAGCTTACGGCGACACAT_009,137
GGCAGCTTACGGCGACACAT_010,88
GGCAGCTTACGGCGACACAT_011,17
GGCAGCTTACGGCGACACAT_012,158
GGCAGCTTACGGCGACACAT_013,77
GGCAGCTTACGGCGACACAT_014,18
GGCAGCTTACGGCGACACAT_015,82
GGCAGCTTACGGCGACACAT_016,107
GAGAGCAGTTACTGACAACG_001,34
CGATATGTGTGGAATCTCAG_001,0
CGATATGTGTGGAATCTCAG_002,153
CGATATGTGTGGAATCTCAG_003,32
CGATATGTGTGGAATCTCAG_004,62
CGATATGTGTGGAATCTCAG_005,179
CGATATGTGTGGAATCTCAG_006,108
CGATATGTGTGGAATCTCAG_007,134
CGATATGTGTGGAATCTCAG_008,115
CGATATGTGTGGAATCTCAG_009,78
CGATATGTGTGGAATCTCAG_010,94
CGATATGTGTGGAATCTCAG_011,184
CGATATGTGTGGAATCTCAG_012,72
CGATATGTGTGGAATCTCAG_013,78
CGATATGTGTGGAATCTCAG_014,121
CGATATGTGTGGAATCTCAG_015,68
GCCCGCGCTCTCTAGGCACG_001,115
GCCCGCGCTCTCTAGGCACG_002,171
GCCCGCGCTCTCTAGGCACG_003,106
TGTCCCCGCAAAGAACAGGT_001,44
TGTCCCCGCAAAGAACAGGT_002,62
TGTCCCCGCAAAGAACAGGT_003,100
TGTCCCCGCAAAGAACAGGT_004,16
TGTCCCCGCAAAGAACAGGT_005,26
ACTGACAGCCATGGAAACGT_001,101
ACTGACAGCCATGGAAACGT_002,129
ACTGACAGCCATGGAAACGT_003,77
ACTGACAGCCATGGAAACGT_004,127
ACTGACAGCCATGGAAACGT_005,148
ACTGACAGCCATGGAAACGT_006,61
ACTGACAGCCATGGAAACGT_007,193
ACTGACAGCCATGGAAACGT_008,8
ACTGACAGCCATGGAAACGT_009,40
TGTGCACCGTGGATTATGTG_001,115
TGTGCACCGTGGATTATGTG_002,179
TGTGCACCGTGGATTATGTG_003,22
CTTACCTATAGGGACAAAGG_001,127
CAACACAATGATAAAAACAT_001,175
CAACACAATGATAAAAACAT_002,46
CAACACAATGATAAAAACAT_003,137
CAACACAATGATAAAAACAT_004,70
CAACACAATGATAAAAACAT_005,127
CAACACAATGATAAAAACAT_006,130
CAACACAATGATAAAAACAT_007,134
CAACACAATGATAAAAACAT_008,22
CAACACAATGATAAAAACAT_009,121
CAACACAATGATAAAAACAT_010,119
CAACACAATGATAAAAACAT_011,38
TGATTACCGAGCCAACCAGT_001,105
TGATTACCGAGCCAACCAGT_002,14
TGATTACCGAGCCAACCAGT_003,62
TGATTACCGAGCCAACCAGT_004,25
TGATTACCGAGCCAACCAGT_005,13
TGATTACCGAGCCAACCAGT_006,150
TGATTACCGAGCCAACCAGT_007,137
TGATTACCGAGCCAACCAGT_008,63
GAGGATGATAAAATGGCACC_001,78
GAGGATGATAAAATGGCACC_002,175
CAATTTGCCTAATCCCATCT_001,29
CAATTTGCCTAATCCCATCT_002,160
CAATTTGCCTAATCCCATCT_003,119
CAATTTGCCTAATCCCATCT_004,70
CAATTTGCCTAATCCCATCT_005,48
CAATTTGCCTAATCCCATCT_006,105
CAATTTGCCTAATCCCATCT_007,139
CAATTTGCCTAATCCCATCT_008,165
CAATTTGCCTAATCCCATCT_009,111
CAATTTGCCTAATCCCATCT_010,80
CAATTTGCCTAATCCCATCT_011,108
CAATTTGCCTAATCCCATCT_012,70
AGATGTTGCCTAAGACCTCG_001,21
AGATGTTGCCTAAGACCTCG_002,152
AGATGTTGCCTAAGACCTCG_003,17
AGATGTTGCCTAAGACCTCG_004,81
AGATGTTGCCTAAGACCTCG_005,40
AGATGTTGCCTAAGACCTCG_006,151
AGATGTTGCCTAAGACCTCG_007,4
AGATGTTGCCTAAGACCTCG_008,1
AGATGTTGCCTAAGACCTCG_009,19
AGATGTTGCCTAAGACCTCG_010,158
AGATGTTGCCTAAGACCTCG_011,56
AGATGTTGCCTAAGACCTCG_012,81
AGATGTTGCCTAAGACCTCG_013,50
AGATGTTGCCTAAGACCTCG_014,23
AGATGTTGCCTAAGACCTCG_015,48
AGATGTTGCCTAAGACCTCG_016,70
AGATGTTGCCTAAGACCTCG_017,197
AGATGTTGCCTAAGACCTCG_018,120
AGATGTTGCCTAAGACCTCG_019,54
AGATGTTGCCTAAGACCTCG_020,13
AGATGTTGCCTAAGACCTCG_021,1
AGATGTTGCCTAAGACCTCG_022,57
AGATGTTGCCTAAGACCTCG_023,147
AGATGTTGCCTAAGACCTCG_024,77
AGGAGGATCCCTCTGCAAGT_001,78
AGGAGGATCCCTCTGCAAGT_002,50
AGGAGGATCCCTCTGCAAGT_003,176
ACATCAGGGAGATACAACAG_001,62
ACATCAGGGAGATACAACAG_002,166
ACATCAGGGAGATACAACAG_003,54
ACATCAGGGAGATACAACAG_004,115
ACATCAGGGAGATACAACAG_005,188
ACATCAGGGAGATACAACAG_006,127
ACATCAGGGAGATACAACAG_007,40
CGTTGTGCACCGCGGCGATG_001,43
CGTTGTGCACCGCGGCGATG_002,92
CGTTGTGCACCGCGGCGATG_003,103
CGTTGTGCACCGCGGCGATG_004,172
CGTTGTGCACCGCGGCGATG_005,130
CGTTGTGCACCGCGGCGATG_006,144
CGTTGTGCACCGCGGCGATG_007,178
CGTTGTGCACCGCGGCGATG_008,17
GGTGTCCACGACCACCAGTG_001,69
GGTGTCCACGACCACCAGTG_002,29
GGTGTCCACGACCACCAGTG_003,126
GGTGTCCACGACCACCAGTG_004,178
GGTGTCCACGACCACCAGTG_005,50
GGTGTCCACGACCACCAGTG_006,95
GGTGTCCACGACCACCAGTG_007,176
GGTGTCCACGACCACCAGTG_008,127
GGTGTCCACGACCACCAGTG_009,154
GGTGTCCACGACCACCAGTG_010,140
GAAGCGCCAGCCATCAGACA_001,146
GAAGCGCCAGCCATCAGACA_002,190
GAAGCGCCAGCCATCAGACA_003,17
GAAGCGCCAGCCATCAGACA_004,177
GAAGCGCCAGCCATCAGACA_005,160
GAAGCGCCAGCCATCAGACA_006,3
GAAGCGCCAGCCATCAGACA_007,185
GAAGCGCCAGCCATCAGACA_008,190
GAAGCGCCAGCCATCAGACA_009,1
GAAGCGCCAGCCATCAGACA_010,15
GAAGCGCCAGCCATCAGACA_011,30
GAAGCGCCAGCCATCAGACA_012,20
GAAGCGCCAGCCATCAGACA_013,83
GAAGCGCCAGCCATCAGACA_014,74
GAAGCGCCAGCCATCAGACA_015,115
GAAGCGCCAGCCATCAGACA_016,144
GAAGCGCCAGCCATCAGACA_017,170
GAAGCGCCAGCCATCAGACA_018,174
GAAGCGCCAGCCATCAGACA_019,12
GAAGCGCCAGCCATCAGACA_020,73
GAAGCGCCAGCCATCAGACA_021,48
GAAGCGCCAGCCATCAGACA_022,17
GAAGCGCCAGCCATCAGACA_023,136
GAAGCGCCAGCCATCAGACA_024,114
GAAGCGCCAGCCATCAGACA_025,114
GACCTGGAGTTCAGCGACAC_001,185
GACCTGGAGTTCAGCGACAC_002,15
GACCTGGAGTTCAGCGACAC_003,63
GACCTGGAGTTCAGCGACAC_004,94
GACCTGGAGTTCAGCGACAC_005,27
GACCTGGAGTTCAGCGACAC_006,169
GACCTGGAGTTCAGCGACAC_007,43
GACCTGGAGTTCAGCGACAC_008,192
GACCTGGAGTTCAGCGACAC_009,58
GACCTGGAGTTCAGCGACAC_010,82
GACCTGGAGTTCAGCGACAC_011,176
GACCTGGAGTTCAGCGACAC_012,178
GACCTGGAGTTCAGCGACAC_013,6
GACCTGGAGTTCAGCGACAC_014,170
GACCTGGAGTTCAGCGACAC_015,168
GACCTGGAGTTCAGCGACAC_016,94
GACCTGGAGTTCAGCGACAC_017,33
GACCTGGAGTTCAGCGACAC_018,176
GACCTGGAGTTCAGCGACAC_019,65
GACCTGGAGTTCAGCGACAC_020,35
GACCTGGAGTTCAGCGACAC_021,55
GACCTGGAGTTCAGCGACAC_022,170
GACCTGGAGTTCAGCGACAC_023,1
GACCTGGAGTTCAGCGACAC_024,165
CGAAAGCAAGAAGCATCAGG_001,14
CGAAAGCAAGAAGCATCAGG_002,116
CGAAAGCAAGAAGCATCAGG_003,87
CGAAAGCAAGAAGCATCAGG_004,191
CGAAAGCAAGAAGCATCAGG_005,185
CGAAAGCAAGAAGCATCAGG_006,1
CGAAAGCAAGAAGCATCAGG_007,19
CGAAAGCAAGAAGCATCAGG_008,169
CGAAAGCAAGAAGCATCAGG_009,82
CGAAAGCAAGAAGCATCAGG_010,127
CGAAAGCAAGAAGCATCAGG_011,199
CGAAAGCAAGAAGCATCAGG_012,156
CGAAAGCAAGAAGCATCAGG_013,156
CGAAAGCAAGAAGCATCAGG_014,188
CGAAAGCAAGAAGCATCAGG_015,156
GCGCTCCTTTCCGTAACCAC_001,176
GCGCTCCTTTCCGTAACCAC_002,190
GCGCTCCTTTCCGTAACCAC_003,146
GCGCTCCTTTCCGTAACCAC_004,57
GCGCTCCTTTCCGTAACCAC_005,59
GCGCTCCTTTCCGTAACCAC_006,49
GCGCTCCTTTCCGTAACCAC_007,35
GAGGCTTCTTATTGACGTCG_001,17
GAGGCTTCTTATTGACGTCG_002,32
GAGGCTTCTTATTGACGTCG_003,34
GAGGCTTCTTATTGACGTCG_004,76
GAGGCTTCTTATTGACGTCG_005,125
TCTCCACCAAGGAGCCCTCG_001,96
TAGCACTAAACATCATAGTG_001,134
TAGCACTAAACATCATAGTG_002,12
TGGGGAGTTTATCAATACAA_001,40
TGGGGAGTTTATCAATACAA_002,28
TGGGGAGTTTATCAATACAA_003,149
TGGGGAGTTTATCAATACAA_004,57
TGGGGAGTTTATCAATACAA_005,6
TGGGGAGTTTATCAATACAA_006,97
TGGGGAGTTTATCAATACAA_007,37
CGAAGCCCATAACGCCAAGG_001,149
CGAAGCCCATAACGCCAAGG_002,88
CGAAGCCCATAACGCCAAGG_003,140
CGAAGCCCATAACGCCAAGG_004,32
CGAAGCCCATAACGCCAAGG_005,113
CGAAGCCCATAACGCCAAGG_006,52
CGAAGCCCATAACGCCAAGG_007,55
CGAAGCCCATAACGCCAAGG_008,183
CGAAGCCCATAACGCCAAGG_009,148
CGAAGCCCATAACGCCAAGG_010,104
CGAAGCCCATAACGCCAAGG_011,82
CGAAGCCCATAACGCCAAGG_012,182
CGAAGCCCATAACGCCAAGG_013,40
CGAAGCCCATAACGCCAAGG_014,37
GGGGATAGTTCAGATGACAG_001,178
GGGGATAGTTCAGATGACAG_002,27
GGGGATAGTTCAGATGACAG_003,58
GGGGATAGTTCAGATGACAG_004,121
GGGGATAGTTCAGATGACAG_005,149
GGGGATAGTTCAGATGACAG_006,18
GGGGATAGTTCAGATGACAG_007,3
GGGGATAGTTCAGATGACAG_008,105
GGGGATAGTTCAGATGACAG_009,150
GGGGATAGTTCAGATGACAG_010,66
GGGGATAGTTCAGATGACAG_011,15
GGGGATAGTTCAGATGACAG_012,152
GGGGATAGTTCAGATGACAG_013,157
GGGGATAGTTCAGATGACAG_014,27
GGGGATAGTTCAGATGACAG_015,12
TTGTAGCCAGCAACTATGAG_001,63
TTGTAGCCAGCAACTATGAG_002,1
TTGTAGCCAGCAACTATGAG_003,42
TTGTAGCCAGCAACTATGAG_004,189
TTGTAGCCAGCAACTATGAG_005,21
TTGTAGCCAGCAACTATGAG_006,194
TTGTAGCCAGCAACTATGAG_007,76
TTGTAGCCAGCAACTATGAG_008,9
GGGCTGAGCTCTTTACCGGA_001,121
TTGTCTCTTTGAATACCAGT_001,130
TTGTCTCTTTGAATACCAGT_002,149
TGCAGGGAAGGGGCATGCCG_001,179
TGCAGGGAAGGGGCATGCCG_002,84
TGCAGGGAAGGGGCATGCCG_003,153
TGCAGGGAAGGGGCATGCCG_004,97
TGCAGGGAAGGGGCATGCCG_005,128
TGCAGGGAAGGGGCATGCCG_006,51
TGCAGGGAAGGGGCATGCCG_007,25
TGCAGGGAAGGGGCATGCCG_008,5
TGCAGGGAAGGGGCATGCCG_009,160
TGCAGGGAAGGGGCATGCCG_010,78
TGCAGGGAAGGGGCATGCCG_011,88
TGCAGGGAAGGGGCATGCCG_012,65
TGCAGGGAAGGGGCATGCCG_013,113
TGCAGGGAAGGGGCATGCCG_014,141
TGCAGGGAAGGGGCATGCCG_015,6
TGCAGGGAAGGGGCATGCCG_016,137
TGCAGGGAAGGGGCATGCCG_017,169
TGCAGGGAAGGGGCATGCCG_018,15
TGCAGGGAAGGGGCATGCCG_019,172
TGCAGGGAAGGGGCATGCCG_020,9
TGCAGGGAAGGGGCATGCCG_021,158
TGCAGGGAAGGGGCATGCCG_022,128
TGCAGGGAAGGGGCATGCCG_023,63
TGCAGGGAAGGGGCATGCCG_024,69
TGCAGGGAAGGGGCATGCCG_025,157
TGCAGGGAAGGGGCATGCCG_026,146
TGCAGGGAAGGGGCATGCCG_027,125
TGCAGGGAAGGGGCATGCCG_028,137
TGCAGGGAAGGGGCATGCCG_029,48
TGCAGGGAAGGGGCATGCCG_030,185
TGCAGGGAAGGGGCATGCCG_031,30
TGCAGGGAAGGGGCATGCCG_032,173
TGCAGGGAAGGGGCATGCCG_033,160
TGCAGGGAAGGGGCATGCCG_034,46
TTAACAAAGATCGCACCTCA_001,12
TTAACAAAGATCGCACCTCA_002,181
TTAACAAAGATCGCACCTCA_003,93
TTAACAAAGATCGCACCTCA_004,2
TTAACAAAGATCGCACCTCA_005,105
TTAACAAAGATCGCACCTCA_006,145
TTAACAAAGATCGCACCTCA_007,56
TTAACAAAGATCGCACCTCA_008,149
TTAACAAAGATCGCACCTCA_009,185
TTAACAAAGATCGCACCTCA_010,28
TTAACAAAGATCGCACCTCA_011,7
TTAACAAAGATCGCACCTCA_012,35
TTAACAAAGATCGCACCTCA_013,57
TTAACAAAGATCGCACCTCA_014,17
TTAACAAAGATCGCACCTCA_015,70
TTAACAAAGATCGCACCTCA_016,9
TTAACAAAGATCGCACCTCA_017,82
TTAACAAAGATCGCACCTCA_018,163
TTAACAAAGATCGCACCTCA_019,64
TTAACAAAGATCGCACCTCA_020,196
TTAACAAAGATCGCACCTCA_021,170
TTAACAAAGATCGCACCTCA_022,116
TTAACAAAGATCGCACCTCA_023,47
TTAACAAAGATCGCACCTCA_024,160
TTAACAAAGATCGCACCTCA_025,169
TTCATGCTTGACAATCTCGC_001,31
TTCATGCTTGACAATCTCGC_002,2
TTCATGCTTGACAATCTCGC_003,157
TTCATGCTTGACAATCTCGC_004,137
TTCATGCTTGACAATCTCGC_005,84
TTCATGCTTGACAATCTCGC_006,81
TTCATGCTTGACAATCTCGC_007,188
TTCATGCTTGACAATCTCGC_008,19
TTCATGCTTGACAATCTCGC_009,197
TTCATGCTTGACAATCTCGC_010,182
TTCATGCTTGACAATCTCGC_011,124
TTCATGCTTGACAATCTCGC_012,59
TTCATGCTTGACAATCTCGC_013,67
TTCATGCTTGACAATCTCGC_014,166
TTCATGCTTGACAATCTCGC_015,167
CTAAAAATGAGAAATTTCGG_001,114
CTAAAAATGAGAAATTTCGG_002,121
CTAAAAATGAGAAATTTCGG_003,146
CTAAAAATGAGAAATTTCGG_004,30
CTAAAAATGAGAAATTTCGG_005,81
GTGACCTACCTGCCACAAAG_001,56
GTGACCTACCTGCCACAAAG_002,90
GTGACCTACCTGCCACAAAG_003,72
GTGACCTACCTGCCACAAAG_004,0
GTGACCTACCTGCCACAAAG_005,102
GTGACCTACCTGCCACAAAG_006,35
GTGACCTACCTGCCACAAAG_007,15
GTGACCTACCTGCCACAAAG_008,141
GTGACCTACCTGCCACAAAG_009,157
GTGACCTACCTGCCACAAAG_010,119
GTGACCTACCTGCCACAAAG_011,82
GTGACCTACCTGCCACAAAG_012,146
GTGACCTACCTGCCACAAAG_013,48
GTGACCTACCTGCCACAAAG_014,116
GTGACCTACCTGCCACAAAG_015,163
GTGACCTACCTGCCACAAAG_016,144
GTGACCTACCTGCCACAAAG_017,157
GTGACCTACCTGCCACAAAG_018,161
GTGACCTACCTGCCACAAAG_019,161
GTGACCTACCTGCCACAAAG_020,170
GTGACCTACCTGCCACAAAG_021,59
GTGACCTACCTGCCACAAAG_022,48
GTGACCTACCTGCCACAAAG_023,14
GTGACCTACCTGCCACAAAG_024,84
GTGACCTACCTGCCACAAAG_025,77
GTGACCTACCTGCCACAAAG_026,105
GTGACCTACCTGCCACAAAG_027,19
GTGACCTACCTGCCACAAAG_028,55
GTGACCTACCTGCCACAAAG_029,116
GTGACCTACCTGCCACAAAG_030,129
GTGACCTACCTGCCACAAAG_031,4
TTTCTGCAGATAAGGAAAAG_001,110
TTTCTGCAGATAAGGAAAAG_002,103
TTTCTGCAGATAAGGAAAAG_003,49
TTTCTGCAGATAAGGAAAAG_004,49
TTTCTGCAGATAAGGAAAAG_005,175
GTTCACCTGCCCGTACTCGA_001,113
GTTCACCTGCCCGTACTCGA_002,49
GTTCACCTGCCCGTACTCGA_003,72
GTTCACCTGCCCGTACTCGA_004,72
GTTCACCTGCCCGTACTCGA_005,49
GTTCACCTGCCCGTACTCGA_006,169
GTTCACCTGCCCGTACTCGA_007,55
GTTCACCTGCCCGTACTCGA_008,168
GTTCACCTGCCCGTACTCGA_009,178
GTTCACCTGCCCGTACTCGA_010,33
GTTCACCTGCCCGTACTCGA_011,170
GTTCACCTGCCCGTACTCGA_012,145
GTTCACCTGCCCGTACTCGA_013,187
GTTCACCTGCCCGTACTCGA_014,129
GTTCACCTGCCCGTACTCGA_015,62
GTTCACCTGCCCGTACTCGA_016,66
GTTCACCTGCCCGTACTCGA_017,98
GTTCACCTGCCCGTACTCGA_018,148
GTTCACCTGCCCGTACTCGA_019,96
GTTCACCTGCCCGTACTCGA_020,57
GTTCACCTGCCCGTACTCGA_021,23
GTTCACCTGCCCGTACTCGA_022,106
AATCTCAACAGACTGCCCAA_001,12
AATCTCAACAGACTGCCCAA_002,178
AATCTCAACAGACTGCCCAA_003,62
AATCTCAACAGACTGCCCAA_004,197
AATCTCAACAGACTGCCCAA_005,145
AATCTCAACAGACTGCCCAA_006,187
AATCTCAACAGACTGCCCAA_007,48
AATCTCAACAGACTGCCCAA_008,158
AATCTCAACAGACTGCCCAA_009,94
AAGCGCCCACACGAAATGGG_001,62
AAGCGCCCACACGAAATGGG_002,60
AAGCGCCCACACGAAATGGG_003,105
AAGCGCCCACACGAAATGGG_004,40
AAGCGCCCACACGAAATGGG_005,49
AAGCGCCCACACGAAATGGG_006,60
AAGCGCCCACACGAAATGGG_007,164
AAGCGCCCACACGAAATGGG_008,86
AAGCGCCCACACGAAATGGG_009,149
AAGCGCCCACACGAAATGGG_010,42
AAGCGCCCACACGAAATGGG_011,174
AAGCGCCCACACGAAATGGG_012,116
AAGCGCCCACACGAAATGGG_013,106
AAGCGCCCACACGAAATGGG_014,138
AAGCGCCCACACGAAATGGG_015,160
AAGCGCCCACACGAAATGGG_016,150
AAGCGCCCACACGAAATGGG_017,53
AAGCGCCCACACGAAATGGG_018,174
AAGCGCCCACACGAAATGGG_019,122
AAGCGCCCACACGAAATGGG_020,72
AAGCGCCCACACGAAATGGG_021,68
AAGCGCCCACACGAAATGGG_022,102
AGCACCACACTCACTAGGGA_001,35
AGCACCACACTCACTAGGGA_002,45
AGCACCACACTCACTAGGGA_003,15
AGCACCACACTCACTAGGGA_004,168
AGCACCACACTCACTAGGGA_005,0
AGCACCACACTCACTAGGGA_006,134
AGCACCACACTCACTAGGGA_007,188
AGCACCACACTCACTAGGGA_008,169
AGCACCACACTCACTAGGGA_009,109
AGCACCACACTCACTAGGGA_010,68
AGCACCACACTCACTAGGGA_011,33
AGCACCACACTCACTAGGGA_012,121
AGCACCACACTCACTAGGGA_013,31
AGCACCACACTCACTAGGGA_014,60
AGCACCACACTCACTAGGGA_015,184
AGCACCACACTCACTAGGGA_016,153
GCACAACATCACCCGCAAGG_001,118
GTGTGGCGGGAAGTCACGCG_001,157
GTGTGGCGGGAAGTCACGCG_002,57
GTGTGGCGGGAAGTCACGCG_003,148
GTGTGGCGGGAAGTCACGCG_004,177
GTGTGGCGGGAAGTCACGCG_005,47
GTGTGGCGGGAAGTCACGCG_006,91
GTGTGGCGGGAAGTCACGCG_007,63
GTGTGGCGGGAAGTCACGCG_008,12
GTGTGGCGGGAAGTCACGCG_009,19
TGGGGAAAGAGGAACAAGTG_001,172
TGGGGAAAGAGGAACAAGTG_002,156
TGGGGAAAGAGGAACAAGTG_003,76
TGGGGAAAGAGGAACAAGTG_004,28
TGGGGAAAGAGGAACAAGTG_005,48
TGGGGAAAGAGGAACAAGTG_006,96
TGGGGAAAGAGGAACAAGTG_007,26
TGGGGAAAGAGGAACAAGTG_008,130
TGGGGAAAGAGGAACAAGTG_009,153
TGGGGAAAGAGGAACAAGTG_010,67
TGGGGAAAGAGGAACAAGTG_011,178
TGGGGAAAGAGGAACAAGTG_012,78
TGGGGAAAGAGGAACAAGTG_013,58
TGGGGAAAGAGGAACAAGTG_014,48
TGGGGAAAGAGGAACAAGTG_015,10
AACGTGGGGCCCTACACGCA_001,159
AACGTGGGGCCCTACACGCA_002,21
AACGTGGGGCCCTACACGCA_003,59
AACGTGGGGCCCTACACGCA_004,21
AACGTGGGGCCCTACACGCA_005,1
AACGTGGGGCCCTACACGCA_006,28
AACGTGGGGCCCTACACGCA_007,83
AACGTGGGGCCCTACACGCA_008,115
AACGTGGGGCCCTACACGCA_009,147
AACGTGGGGCCCTACACGCA_010,34
AACGTGGGGCCCTACACGCA_011,5
AACGTGGGGCCCTACACGCA_012,33
AACGTGGGGCCCTACACGCA_013,68
AACGTGGGGCCCTACACGCA_014,15
GCAATGAACACTTGTACCAC_001,21
GCAATGAACACTTGTACCAC_002,81
CAGCCAGGAACACCGGCAGG_001,62
CAGCCAGGAACACCGGCAGG_002,146
CAGCCAGGAACACCGGCAGG_003,60
CAGCCAGGAACACCGGCAGG_004,73
CAGCCAGGAACACCGGCAGG_005,67
CAGCCAGGAACACCGGCAGG_006,81
CAGCCAGGAACACCGGCAGG_007,40
CAGCCAGGAACACCGGCAGG_008,8
CAGCCAGGAACACCGGCAGG_009,137
CAGCCAGGAACACCGGCAGG_010,27
ATTTGTAGTGTAGACCCACC_001,77
ATTTGTAGTGTAGACCCACC_002,81
ATTTGTAGTGTAGACCCACC_003,58
CCCCGACACTTACTCACACG_001,158
CCCCGACACTTACTCACACG_002,56
CCCCGACACTTACTCACACG_003,50
CCCCGACACTTACTCACACG_004,16
CCCCGACACTTACTCACACG_005,136
CAAACTCACTGGGCCGCCCG_001,8
CAAACTCACTGGGCCGCCCG_002,7
CAAACTCACTGGGCCGCCCG_003,28
CAAACTCACTGGGCCGCCCG_004,162
CAAACTCACTGGGCCGCCCG_005,1
CAAACTCACTGGGCCGCCCG_006,9
CAAACTCACTGGGCCGCCCG_007,137
CAAACTCACTGGGCCGCCCG_008,154
CAAACTCACTGGGCCGCCCG_009,59
CAAACTCACTGGGCCGCCCG_010,113
CAAACTCACTGGGCCGCCCG_011,196
CAAACTCACTGGGCCGCCCG_012,6
CAAACTCACTGGGCCGCCCG_013,194
CAAACTCACTGGGCCGCCCG_014,167
CAAACTCACTGGGCCGCCCG_015,184
CAAACTCACTGGGCCGCCCG_016,72
CAAACTCACTGGGCCGCCCG_017,116
CAAACTCACTGGGCCGCCCG_018,199
CAAACTCACTGGGCCGCCCG_019,161
CAAACTCACTGGGCCGCCCG_020,116
CAAACTCACTGGGCCGCCCG_021,38
CAAACTCACTGGGCCGCCCG_022,15
CAAACTCACTGGGCCGCCCG_023,160
CAAACTCACTGGGCCGCCCG_024,6
CAAACTCACTGGGCCGCCCG_025,6
CAAACTCACTGGGCCGCCCG_026,141
CAAACTCACTGGGCCGCCCG_027,75
CAAACTCACTGGGCCGCCCG_028,160
CAAACTCACTGGGCCGCCCG_029,19
CAAACTCACTGGGCCGCCCG_030,63
CAAACTCACTGGGCCGCCCG_031,144
CAAACTCACTGGGCCGCCCG_032,111
CAAACTCACTGGGCCGCCCG_033,134
CAAACTCACTGGGCCGCCCG_034,88
CAAACTCACTGGGCCGCCCG_035,41
CAAACTCACTGGGCCGCCCG_036,26
CAAACTCACTGGGCCGCCCG_037,58
CAAACTCACTGGGCCGCCCG_038,68
CAAACTCACTGGGCCGCCCG_039,152
CAAACTCACTGGGCCGCCCG_040,138
CAAACTCACTGGGCCGCCCG_041,27
CAAACTCACTGGGCCGCCCG_042,144
CAAACTCACTGGGCCGCCCG_043,50
CAAACTCACTGGGCCGCCCG_044,129
CAAACTCACTGGGCCGCCCG_045,49
CAAACTCACTGGGCCGCCCG_046,17
CAAACTCACTGGGCCGCCCG_047,63
CTTATGTCGAGTAAGAGCTG_001,145
CTTATGTCGAGTAAGAGCTG_002,129
CTTATGTCGAGTAAGAGCTG_003,0
CTTATGTCGAGTAAGAGCTG_004,118
CTTATGTCGAGTAAGAGCTG_005,134
CTTATGTCGAGTAAGAGCTG_006,84
CTTATGTCGAGTAAGAGCTG_007,191
CTTATGTCGAGTAAGAGCTG_008,142
CTTATGTCGAGTAAGAGCTG_009,67
CTTATGTCGAGTAAGAGCTG_010,158
CTTATGTCGAGTAAGAGCTG_011,133
CTTATGTCGAGTAAGAGCTG_012,13
GCTTGGTTCTCAGATGGTCA_001,59
GCTTGGTTCTCAGATGGTCA_002,144
GCTTGGTTCTCAGATGGTCA_003,59
GCTTGGTTCTCAGATGGTCA_004,123
GCTTGGTTCTCAGATGGTCA_005,118
GCTTGGTTCTCAGATGGTCA_006,3
GGAGCTAATGAACGATCTAG_001,177
GGAGCTAATGAACGATCTAG_002,39
GGAGCTAATGAACGATCTAG_003,144
GGAGCTAATGAACGATCTAG_004,82
GGAGCTAATGAACGATCTAG_005,70
GGAGCTAATGAACGATCTAG_006,130
GGAGCTAATGAACGATCTAG_007,5
GGAGCTAATGAACGATCTAG_008,162
GGAGCTAATGAACGATCTAG_009,10
GGAGCTAATGAACGATCTAG_010,80
GGAGCTAATGAACGATCTAG_011,6
GGAGCTAATGAACGATCTAG_012,55
GGAGCTAATGAACGATCTAG_013,60
GGAGCTAATGAACGATCTAG_014,164
GGAGCTAATGAACGATCTAG_015,19
GGAGCTAATGAACGATCTAG_016,17
GTATTATAACATGCACAGAT_001,28
GTATTATAACATGCACAGAT_002,49
GTATTATAACATGCACAGAT_003,106
GTATTATAACATGCACAGAT_004,171
GTATTATAACATGCACAGAT_005,27
GTATTATAACATGCACAGAT_006,158
GTATTATAACATGCACAGAT_007,30
GTATTATAACATGCACAGAT_008,92
GTTTCACCATGTACGCCCAG_001,122
GTTTCACCATGTACGCCCAG_002,18
GTTTCACCATGTACGCCCAG_003,49
GTTTCACCATGTACGCCCAG_004,188
GTTTCACCATGTACGCCCAG_005,122
GTTTCACCATGTACGCCCAG_006,115
GTTTCACCATGTACGCCCAG_007,161
GTTTCACCATGTACGCCCAG_008,92
GTTTCACCATGTACGCCCAG_009,163
GTTTCACCATGTACGCCCAG_010,41
GTTTCACCATGTACGCCCAG_011,76
GTTTCACCATGTACGCCCAG_012,23
GTTTCACCATGTACGCCCAG_013,91
GTTTCACCATGTACGCCCAG_014,138
GTTTCACCATGTACGCCCAG_015,7
GTTTCACCATGTACGCCCAG_016,135
GTTTCACCATGTACGCCCAG_017,142
GTTTCACCATGTACGCCCAG_018,95
TCCTGGTCCGAAGCCGAGTG_001,41
TCCTGGTCCGAAGCCGAGTG_002,46
TCCTGGTCCGAAGCCGAGTG_003,177
TCCTGGTCCGAAGCCGAGTG_004,121
TCCTGGTCCGAAGCCGAGTG_005,184
TCCTGGTCCGAAGCCGAGTG_006,157
TCCTGGTCCGAAGCCGAGTG_007,98
TCCTGGTCCGAAGCCGAGTG_008,197
AGGTTCGGCAAATCCACCAG_001,78
AGGTTCGGCAAATCCACCAG_002,69
AGGTTCGGCAAATCCACCAG_003,9
AGGTTCGGCAAATCCACCAG_004,155
AGGTTCGGCAAATCCACCAG_005,61
AGGTTCGGCAAATCCACCAG_006,146
AGGTTCGGCAAATCCACCAG_007,172
AGGTTCGGCAAATCCACCAG_008,169
CAAAGTCACTTACTTTGACA_001,17
CAAAGTCACTTACTTTGACA_002,182
CAAAGTCACTTACTTTGACA_003,12
CAAAGTCACTTACTTTGACA_004,45
CAAAGTCACTTACTTTGACA_005,42
CAAAGTCACTTACTTTGACA_006,31
CAAAGTCACTTACTTTGACA_007,21
CAAAGTCACTTACTTTGACA_008,113
CAAAGTCACTTACTTTGACA_009,165
CAAAGTCACTTACTTTGACA_010,151
CAAAGTCACTTACTTTGACA_011,142
GACAGACAGGCCAATGGACA_001,189
GACAGACAGGCCAATGGACA_002,158
GACAGACAGGCCAATGGACA_003,56
AGGAGATCGACCTCATGCTG_001,56
AGGAGATCGACCTCATGCTG_002,16
AGGAGATCGACCTCATGCTG_003,23
AGGAGATCGACCTCATGCTG_004,62
AGGAGATCGACCTCATGCTG_005,16
AGGAGATCGACCTCATGCTG_006,147
AGGAGATCGACCTCATGCTG_007,114
AGGAGATCGACCTCATGCTG_008,65
AGGAGATCGACCTCATGCTG_009,134
AGGAGATCGACCTCATGCTG_010,52
AGGAGATCGACCTCATGCTG_011,17
AGGAGATCGACCTCATGCTG_012,107
AGGAGATCGACCTCATGCTG_013,121
TGTAGTTAGTAAGTGTTGAG_001,181
TGTAGTTAGTAAGTGTTGAG_002,11
TGTAGTTAGTAAGTGTTGAG_003,48
TCTACGCAGACCCCACCAAG_001,158
TCTACGCAGACCCCACCAAG_002,193
TCTACGCAGACCCCACCAAG_003,92
TCTACGCAGACCCCACCAAG_004,38
TCTACGCAGACCCCACCAAG_005,42
TCTACGCAGACCCCACCAAG_006,94
TCTACGCAGACCCCACCAAG_007,121
TCTACGCAGACCCCACCAAG_008,186
TCTACGCAGACCCCACCAAG_009,77
TCTACGCAGACCCCACCAAG_010,5
TCTACGCAGACCCCACCAAG_011,29
TCTACGCAGACCCCACCAAG_012,28
TCTACGCAGACCCCACCAAG_013,86
TCTACGCAGACCCCACCAAG_014,179
TCTACGCAGACCCCACCAAG_015,171
TCTACGCAGACCCCACCAAG_016,155
TCTACGCAGACCCCACCAAG_017,156
TCTACGCAGACCCCACCAAG_018,9
TCTACGCAGACCCCACCAAG_019,113
TCTACGCAGACCCCACCAAG_020,166
TCTACGCAGACCCCACCAAG_021,61
TCTACGCAGACCCCACCAAG_022,49
TCTACGCAGACCCCACCAAG_023,51
TCTACGCAGACCCCACCAAG_024,126
TCTACGCAGACCCCACCAAG_025,0
TCTACGCAGACCCCACCAAG_026,91
TCTACGCAGACCCCACCAAG_027,1
TCTACGCAGACCCCACCAAG_028,150
TCTACGCAGACCCCACCAAG_029,42
TCTACGCAGACCCCACCAAG_030,162
TCTACGCAGACCCCACCAAG_031,27
TCTACGCAGACCCCACCAAG_032,124
TCTACGCAGACCCCACCAAG_033,3
TCTACGCAGACCCCACCAAG_034,106
TCTACGCAGACCCCACCAAG_035,40
TCTACGCAGACCCCACCAAG_036,145
TCTACGCAGACCCCACCAAG_037,31
GACATATGATAGATGGACGA_001,159
GACATATGATAGATGGACGA_002,114
GACATATGATAGATGGACGA_003,147
GACATATGATAGATGGACGA_004,175
GACATATGATAGATGGACGA_005,37
GACATATGATAGATGGACGA_006,37
GACATATGATAGATGGACGA_007,172
GACATATGATAGATGGACGA_008,118
GACATATGATAGATGGACGA_009,152
GACATATGATAGATGGACGA_010,3
GACATATGATAGATGGACGA_011,49
GACATATGATAGATGGACGA_012,50
TTAGATGCATTAGTCATCTG_001,61
TTAGATGCATTAGTCATCTG_002,169
TTAGATGCATTAGTCATCTG_003,2
TTAGATGCATTAGTCATCTG_004,12
TTAGATGCATTAGTCATCTG_005,56
TTAGATGCATTAGTCATCTG_006,149
TTAGATGCATTAGTCATCTG_007,12
TTAGATGCATTAGTCATCTG_008,138
TTAGATGCATTAGTCATCTG_009,159
CAGCCTGATAGCGCATATCA_001,69
CAGCCTGATAGCGCATATCA_002,51
CAGCCTGATAGCGCATATCA_003,10
CCCCAGTGCGCCCTTCACCG_001,7
CCCCAGTGCGCCCTTCACCG_002,19
CCCCAGTGCGCCCTTCACCG_003,183
CCCCAGTGCGCCCTTCACCG_004,95
CCCCAGTGCGCCCTTCACCG_005,78
CCCCAGTGCGCCCTTCACCG_006,127
CCCCAGTGCGCCCTTCACCG_007,88
CCCCAGTGCGCCCTTCACCG_008,84
CCCCAGTGCGCCCTTCACCG_009,50
CCCCAGTGCGCCCTTCACCG_010,158
CCCCAGTGCGCCCTTCACCG_011,39
CCCCAGTGCGCCCTTCACCG_012,134
CCCCAGTGCGCCCTTCACCG_013,140
CCCCAGTGCGCCCTTCACCG_014,122
CCCCAGTGCGCCCTTCACCG_015,122
CCCCAGTGCGCCCTTCACCG_016,88
CCCCAGTGCGCCCTTCACCG_017,179
CCCCAGTGCGCCCTTCACCG_018,24
CCCCAGTGCGCCCTTCACCG_019,118
CCCCAGTGCGCCCTTCACCG_020,64
CCCCAGTGCGCCCTTCACCG_021,80
CCCCAGTGCGCCCTTCACCG_022,70
CCCCAGTGCGCCCTTCACCG_023,125
CCCCAGTGCGCCCTTCACCG_024,191
CCCCAGTGCGCCCTTCACCG_025,49
CCCCAGTGCGCCCTTCACCG_026,162
CCCCAGTGCGCCCTTCACCG_027,29
TGGGACTCACAGCTTTCGGA_001,143
TGGGACTCACAGCTTTCGGA_002,8
TGGGACTCACAGCTTTCGGA_003,99
CCTCCACTATCGAACCAGCA_001,130
CCTCCACTATCGAACCAGCA_002,185
CCTCCACTATCGAACCAGCA_003,11
GAAAACCTTTCAATGAACTG_001,187
GAAAACCTTTCAATGAACTG_002,118
GAAAACCTTTCAATGAACTG_003,137
TCCAGGCCTGAACGTCGCCA_001,77
TCCAGGCCTGAACGTCGCCA_002,168
TCCAGGCCTGAACGTCGCCA_003,148
TCCAGGCCTGAACGTCGCCA_004,172
TCCAGGCCTGAACGTCGCCA_005,122
TCCAGGCCTGAACGTCGCCA_006,2
GAAGTGGGACCGGTGTCTGG_001,190
GAAGTGGGACCGGTGTCTGG_002,93
GAAGTGGGACCGGTGTCTGG_003,130
GAAGTGGGACCGGTGTCTGG_004,115
GAAGTGGGACCGGTGTCTGG_005,106
GAAGTGGGACCGGTGTCTGG_006,24
GAAGTGGGACCGGTGTCTGG_007,60
GAAGTGGGACCGGTGTCTGG_008,96
GAAGTGGGACCGGTGTCTGG_009,171
GAAGTGGGACCGGTGTCTGG_010,88
GAAGTGGGACCGGTGTCTGG_011,35
GAAGTGGGACCGGTGTCTGG_012,19
GAAGTGGGACCGGTGTCTGG_013,1
GAAGTGGGACCGGTGTCTGG_014,92
GAAGTGGGACCGGTGTCTGG_015,86
GAAGTGGGACCGGTGTCTGG_016,40
GAAGTGGGACCGGTGTCTGG_017,188
GAAGTGGGACCGGTGTCTGG_018,117
CTGTGGAACTTGCAAATCGA_001,156
CTGTGGAACTTGCAAATCGA_002,193
CTGTGGAACTTGCAAATCGA_003,58
CTGTGGAACTTGCAAATCGA_004,105
CTGTGGAACTTGCAAATCGA_005,169
CTGTGGAACTTGCAAATCGA_006,77
CTGTGGAACTTGCAAATCGA_007,112
CTGTGGAACTTGCAAATCGA_008,131
CTGTGGAACTTGCAAATCGA_009,97
CTGTGGAACTTGCAAATCGA_010,145
CTGTGGAACTTGCAAATCGA_011,94
CTGTGGAACTTGCAAATCGA_012,147
CTGTGGAACTTGCAAATCGA_013,43
CTGTGGAACTTGCAAATCGA_014,33
CTGTGGAACTTGCAAATCGA_015,103
CTGTGGAACTTGCAAATCGA_016,31
CTGTGGAACTTGCAAATCGA_017,31
CTGTGGAACTTGCAAATCGA_018,103
CTGTGGAACTTGCAAATCGA_019,78
CTGTGGAACTTGCAAATCGA_020,140
CTGTGGAACTTGCAAATCGA_021,124
GGGACGTGGTCAAGTTTGCG_001,140
GGGACGTGGTCAAGTTTGCG_002,178
GGGACGTGGTCAAGTTTGCG_003,97
GGGACGTGGTCAAGTTTGCG_004,110
GGGACGTGGTCAAGTTTGCG_005,179
GGGACGTGGTCAAGTTTGCG_006,58
GGGACGTGGTCAAGTTTGCG_007,17
GGGACGTGGTCAAGTTTGCG_008,148
GGGACGTGGTCAAGTTTGCG_009,72
GGGACGTGGTCAAGTTTGCG_010,23
GGGACGTGGTCAAGTTTGCG_011,138
GGGACGTGGTCAAGTTTGCG_012,88
GGGACGTGGTCAAGTTTGCG_013,56
GGGACGTGGTCAAGTTTGCG_014,160
GGGACGTGGTCAAGTTTGCG_015,61
GGGACGTGGTCAAGTTTGCG_016,120
GGGACGTGGTCAAGTTTGCG_017,176
GGGACGTGGTCAAGTTTGCG_018,63
GGGACGTGGTCAAGTTTGCG_019,190
GGGACGTGGTCAAGTTTGCG_020,10
GGGACGTGGTCAAGTTTGCG_021,48
AGATTCCAGAAGTCAGGACA_001,167
AGATTCCAGAAGTCAGGACA_002,148
AGATTCCAGAAGTCAGGACA_003,12
AGATTCCAGAAGTCAGGACA_004,120
AGATTCCAGAAGTCAGGACA_005,108
AGATTCCAGAAGTCAGGACA_006,91
AGATTCCAGAAGTCAGGACA_007,168
AGATTCCAGAAGTCAGGACA_008,94
AGATTCCAGAAGTCAGGACA_009,6
AGATTCCAGAAGTCAGGACA_010,125
AGATTCCAGAAGTCAGGACA_011,58
AGATTCCAGAAGTCAGGACA_012,148
AGATTCCAGAAGTCAGGACA_013,26
AGATTCCAGAAGTCAGGACA_014,48
AGATTCCAGAAGTCAGGACA_015,150
TGAACCCAACCCGGAGTGCG_001,85
TGAACCCAACCCGGAGTGCG_002,102
TGAACCCAACCCGGAGTGCG_003,154
TGAACCCAACCCGGAGTGCG_004,15
TGAACCCAACCCGGAGTGCG_005,108
TGAACCCAACCCGGAGTGCG_006,126
TGAACCCAACCCGGAGTGCG_007,58
TGAACCCAACCCGGAGTGCG_008,168
TGAACCCAACCCGGAGTGCG_009,26
TGAACCCAACCCGGAGTGCG_010,185
TGAACCCAACCCGGAGTGCG_011,166
TGAACCCAACCCGGAGTGCG_012,182
TGAACCCAACCCGGAGTGCG_013,108
TGAACCCAACCCGGAGTGCG_014,71
TGAACCCAACCCGGAGTGCG_015,147
AATAGCATATCCAATCCAGG_001,63
AATAGCATATCCAATCCAGG_002,22
AATAGCATATCCAATCCAGG_003,191
AATAGCATATCCAATCCAGG_004,48
AATAGCATATCCAATCCAGG_005,24
AATAGCATATCCAATCCAGG_006,181
GCAATGTCATTCCTTCACGG_001,127
GCAATGTCATTCCTTCACGG_002,124
GCAATGTCATTCCTTCACGG_003,120
GCAATGTCATTCCTTCACGG_004,38
GCAATGTCATTCCTTCACGG_005,75
GCAATGTCATTCCTTCACGG_006,105
GCAATGTCATTCCTTCACGG_007,58
GCAATGTCATTCCTTCACGG_008,82
GCAATGTCATTCCTTCACGG_009,124
GCAATGTCATTCCTTCACGG_010,141
GGAGGAGTGCGTCATGAGTG_001,121
GGAGGAGTGCGTCATGAGTG_002,14
GGAGGAGTGCGTCATGAGTG_003,69
GGAGGAGTGCGTCATGAGTG_004,170
GGAGGAGTGCGTCATGAGTG_005,118
GGAGGAGTGCGTCATGAGTG_006,145
GGAGGAGTGCGTCATGAGTG_007,191
GGAGGAGTGCGTCATGAGTG_008,178
GGAGGAGTGCGTCATGAGTG_009,38
GGAGGAGTGCGTCATGAGTG_010,81
GGAGGAGTGCGTCATGAGTG_011,147
GGAGGAGTGCGTCATGAGTG_012,12
GGAGGAGTGCGTCATGAGTG_013,69
GGAGGAGTGCGTCATGAGTG_014,15
GGAGGAGTGCGTCATGAGTG_015,88
GGAGGAGTGCGTCATGAGTG_016,122
GGAGGAGTGCGTCATGAGTG_017,21
GGAGGAGTGCGTCATGAGTG_018,194
GGAGGAGTGCGTCATGAGTG_019,145
GGAGGAGTGCGTCATGAGTG_020,199
GGAGGAGTGCGTCATGAGTG_021,3
AGAGAAACCACTTATACTAA_001,127
AGAGAAACCACTTATACTAA_002,148
AGAGAAACCACTTATACTAA_003,190
CCATACACTGGTGCTCCACG_001,56
CCATACACTGGTGCTCCACG_002,160
CCATACACTGGTGCTCCACG_003,77
CCATACACTGGTGCTCCACG_004,86
CCATACACTGGTGCTCCACG_005,112
CCATACACTGGTGCTCCACG_006,117
CCATACACTGGTGCTCCACG_007,15
CCATACACTGGTGCTCCACG_008,147
CCATACACTGGTGCTCCACG_009,170
CCATACACTGGTGCTCCACG_010,101
CCATACACTGGTGCTCCACG_011,113
TTTCTCTCAATAGCACGGCA_001,180
TTTCTCTCAATAGCACGGCA_002,147
TTTCTCTCAATAGCACGGCA_003,101
TTTCTCTCAATAGCACGGCA_004,45
TGAGTTGAGTCCTCGAATCG_001,39
TGAGTTGAGTCCTCGAATCG_002,152
TGAGTTGAGTCCTCGAATCG_003,38
TGAGTTGAGTCCTCGAATCG_004,112
CACTGGAACAGGATTCGAAG_001,12
CACTGGAACAGGATTCGAAG_002,183
CACTGGAACAGGATTCGAAG_003,113
TGCAGCTATACTGGCGCTCA_001,62
TGCAGCTATACTGGCGCTCA_002,77
TGCAGCTATACTGGCGCTCA_003,153
TCATATACCACGATTAACAG_001,198
TCATATACCACGATTAACAG_002,191
TGGCCCAGAAACACATGACA_001,43
TGGCCCAGAAACACATGACA_002,150
TGGCCCAGAAACACATGACA_003,177
TGGCCCAGAAACACATGACA_004,198
TGGCCCAGAAACACATGACA_005,134
TGGCCCAGAAACACATGACA_006,47
TGGCCCAGAAACACATGACA_007,138
TGGCCCAGAAACACATGACA_008,188
TGGCCCAGAAACACATGACA_009,186
ACTCACGTCGGAAGTGAAGA_001,128
ACTCACGTCGGAAGTGAAGA_002,42
ACTCACGTCGGAAGTGAAGA_003,33
ACTCACGTCGGAAGTGAAGA_004,158
ACTCACGTCGGAAGTGAAGA_005,148
ACTCACGTCGGAAGTGAAGA_006,9
ACTCACGTCGGAAGTGAAGA_007,124
ACTCACGTCGGAAGTGAAGA_008,150
ACTCACGTCGGAAGTGAAGA_009,34
AGATGATAGACTTGCAGACG_001,94
AGATGATAGACTTGCAGACG_002,19
CCCCCACAAGCTTAGCACTG_001,198
CCCCCACAAGCTTAGCACTG_002,88
CCCCCACAAGCTTAGCACTG_003,86
CCCCCACAAGCTTAGCACTG_004,105
TGTCACCACTATGTTTACTG_001,91
TGTGCCTATCCAGAGCAAGG_001,53
TGTGCCTATCCAGAGCAAGG_002,179
TGTGCCTATCCAGAGCAAGG_003,160
GCCATGCTTTCATAACCTAA_001,172
GCCATGCTTTCATAACCTAA_002,172
GCCATGCTTTCATAACCTAA_003,65
TTACAATTACCAGAATCTGG_001,92
CTGCGTGCTCGAGTTGCGGG_001,36
CTGCGTGCTCGAGTTGCGGG_002,173
CTGCGTGCTCGAGTTGCGGG_003,147
CTGCGTGCTCGAGTTGCGGG_004,69
CTGCGTGCTCGAGTTGCGGG_005,34
CTGCGTGCTCGAGTTGCGGG_006,174
CTGCGTGCTCGAGTTGCGGG_007,166
CTGCGTGCTCGAGTTGCGGG_008,151
CCAGTGACCAGTTAGTGCTG_001,12
CCAGTGACCAGTTAGTGCTG_002,44
CCAGTGACCAGTTAGTGCTG_003,84
CCAGTGACCAGTTAGTGCTG_004,189
CCAGTGACCAGTTAGTGCTG_005,159
CCAGTGACCAGTTAGTGCTG_006,134
CCAGTGACCAGTTAGTGCTG_007,98
CCAGTGACCAGTTAGTGCTG_008,67
CCAGTGACCAGTTAGTGCTG_009,177
CCAGTGACCAGTTAGTGCTG_010,86
CCAGTGACCAGTTAGTGCTG_011,62
CCAGTGACCAGTTAGTGCTG_012,56
CCAGTGACCAGTTAGTGCTG_013,72
CCAGTGACCAGTTAGTGCTG_014,158
CCAGTGACCAGTTAGTGCTG_015,157
GTACTCGCACCTCACGCGCG_001,191
GTACTCGCACCTCACGCGCG_002,170
GTACTCGCACCTCACGCGCG_003,84
GTACTCGCACCTCACGCGCG_004,92
GTACTCGCACCTCACGCGCG_005,105
GTACTCGCACCTCACGCGCG_006,16
GTACTCGCACCTCACGCGCG_007,188
GTACTCGCACCTCACGCGCG_008,88
GTACTCGCACCTCACGCGCG_009,16
AGCTCGGGGCTCGAACACCG_001,119
AGCTCGGGGCTCGAACACCG_002,136
AGCTCGGGGCTCGAACACCG_003,155
AGCTCGGGGCTCGAACACCG_004,158
AGCTCGGGGCTCGAACACCG_005,191
AGCTCGGGGCTCGAACACCG_006,178
AGCTCGGGGCTCGAACACCG_007,84
AGCTCGGGGCTCGAACACCG_008,178
AGCTCGGGGCTCGAACACCG_009,38
AGCTCGGGGCTCGAACACCG_010,34
AGCTCGGGGCTCGAACACCG_011,102
AGCTCGGGGCTCGAACACCG_012,163
AGCTCGGGGCTCGAACACCG_013,106
AGCTCGGGGCTCGAACACCG_014,80
AGCTCGGGGCTCGAACACCG_015,121
AGCTCGGGGCTCGAACACCG_016,61
AGCTCGGGGCTCGAACACCG_017,121
AGCTCGGGGCTCGAACACCG_018,69
AGCTCGGGGCTCGAACACCG_019,94
AGCTCGGGGCTCGAACACCG_020,158
AGCTCGGGGCTCGAACACCG_021,40
AGCTCGGGGCTCGAACACCG_022,50
AGCTCGGGGCTCGAACACCG_023,170
AGCTCGGGGCTCGAACACCG_024,38
AGCTCGGGGCTCGAACACCG_025,88
AGCTCGGGGCTCGAACACCG_026,117
AGCTCGGGGCTCGAACACCG_027,118
AGCTCGGGGCTCGAACACCG_028,6
AGCTCGGGGCTCGAACACCG_029,63
AGCTCGGGGCTCGAACACCG_030,175
ACAGTGAGCCGGACATACAG_001,84
ACAGTGAGCCGGACATACAG_002,79
ACAGTGAGCCGGACATACAG_003,76
ACAGTGAGCCGGACATACAG_004,170
ACAGTGAGCCGGACATACAG_005,19
ACAGTGAGCCGGACATACAG_006,33
ACAGTGAGCCGGACATACAG_007,105
ACAGTGAGCCGGACATACAG_008,94
ACAGTGAGCCGGACATACAG_009,52
ACAGTGAGCCGGACATACAG_010,70
ACAGTGAGCCGGACATACAG_011,126
ACAGTGAGCCGGACATACAG_012,33
ACAGTGAGCCGGACATACAG_013,80
ACAGTGAGCCGGACATACAG_014,161
ACAGTGAGCCGGACATACAG_015,80
ACAGTGAGCCGGACATACAG_016,125
ACAGTGAGCCGGACATACAG_017,125
ACAGTGAGCCGGACATACAG_018,49
ACAGTGAGCCGGACATACAG_019,42
CATTCTAGCTAACCGCGTCG_001,127
CATTCTAGCTAACCGCGTCG_002,171
CATTCTAGCTAACCGCGTCG_003,36
CATTCTAGCTAACCGCGTCG_004,161
CATTCTAGCTAACCGCGTCG_005,8
CATTCTAGCTAACCGCGTCG_006,123
GAGGAGCCGTGGATAATGGG_001,162
GAGGAGCCGTGGATAATGGG_002,145
GAGGAGCCGTGGATAATGGG_003,137
GAGGAGCCGTGGATAATGGG_004,191
GAGGAGCCGTGGATAATGGG_005,23
GAGGAGCCGTGGATAATGGG_006,134
GAGGAGCCGTGGATAATGGG_007,19
GCAGCAGCTCCTCAAAGATG_001,48
GCAGCAGCTCCTCAAAGATG_002,149
GCAGCAGCTCCTCAAAGATG_003,38
ATCCTCAGGAACTCGCACTG_001,163
ATCCTCAGGAACTCGCACTG_002,141
ATCCTCAGGAACTCGCACTG_003,140
ATCCTCAGGAACTCGCACTG_004,184
ATCCTCAGGAACTCGCACTG_005,134
ATCCTCAGGAACTCGCACTG_006,42
ATCCTCAGGAACTCGCACTG_007,141
ATCCTCAGGAACTCGCACTG_008,101
ATCCTCAGGAACTCGCACTG_009,10
ATCCTCAGGAACTCGCACTG_010,113
ATCCTCAGGAACTCGCACTG_011,52
ATCCTCAGGAACTCGCACTG_012,137
TTTCCAGAAAAGCTACACCC_001,134
TTTCCAGAAAAGCTACACCC_002,49
TTTCCAGAAAAGCTACACCC_003,122
CCTCACAGATCACCATAAGG_001,178
CCTCACAGATCACCATAAGG_002,36
CCTCACAGATCACCATAAGG_003,141
CCTCACAGATCACCATAAGG_004,85
CCTCACAGATCACCATAAGG_005,133
CCTCACAGATCACCATAAGG_006,149
CCTCACAGATCACCATAAGG_007,6
CCTCACAGATCACCATAAGG_008,36
CCTCACAGATCACCATAAGG_009,166
ACCGGAGATACTGACAGATG_001,58
ACCGGAGATACTGACAGATG_002,169
ACCGGAGATACTGACAGATG_003,76
ACCGGAGATACTGACAGATG_004,167
ACCGGAGATACTGACAGATG_005,58
ACCGGAGATACTGACAGATG_006,50
ACCGGAGATACTGACAGATG_007,50
ACCGGAGATACTGACAGATG_008,48
ACCGGAGATACTGACAGATG_009,22
GAAGTGGAAGCTGAGAACGA_001,101
GAAGTGGAAGCTGAGAACGA_002,6
GAAGTGGAAGCTGAGAACGA_003,13
GAAGTGGAAGCTGAGAACGA_004,185
GAAGTGGAAGCTGAGAACGA_005,174
GAAGTGGAAGCTGAGAACGA_006,33
GAAGTGGAAGCTGAGAACGA_007,23
GAAGTGGAAGCTGAGAACGA_008,185
GAAGTGGAAGCTGAGAACGA_009,2
GAAGTGGAAGCTGAGAACGA_010,38
GAAGTGGAAGCTGAGAACGA_011,15
GAAGTGGAAGCTGAGAACGA_012,179
GAAGTGGAAGCTGAGAACGA_013,147
GAAGTGGAAGCTGAGAACGA_014,51
AGAAAAGTCTACTTGCAGCG_001,8
AGAAAAGTCTACTTGCAGCG_002,199
AGAAAAGTCTACTTGCAGCG_003,28
AGAAAAGTCTACTTGCAGCG_004,29
CATTGACAAGGCCTACCCGA_001,176
CATTGACAAGGCCTACCCGA_002,82
CATTGACAAGGCCTACCCGA_003,56
CATTGACAAGGCCTACCCGA_004,63
AAGAAGCATTTCTTTCCGCG_001,68
AAGAAGCATTTCTTTCCGCG_002,168
AAGAAGCATTTCTTTCCGCG_003,38
AAGAAGCATTTCTTTCCGCG_004,81
AAGAAGCATTTCTTTCCGCG_005,149
GGGCAAGCGAGTGATAGGAG_001,102
GGGCAAGCGAGTGATAGGAG_002,119
GGGCAAGCGAGTGATAGGAG_003,191
GGGCAAGCGAGTGATAGGAG_004,17
GGGCAAGCGAGTGATAGGAG_005,17
GGGCAAGCGAGTGATAGGAG_006,69
GGGCAAGCGAGTGATAGGAG_007,115
GGGCAAGCGAGTGATAGGAG_008,178
GGGCAAGCGAGTGATAGGAG_009,9
GGGCAAGCGAGTGATAGGAG_010,177
GGGCAAGCGAGTGATAGGAG_011,108
GGGCAAGCGAGTGATAGGAG_012,121
GGGCAAGCGAGTGATAGGAG_013,124
GGGCAAGCGAGTGATAGGAG_014,78
GGCACAGCCCAGGTCTGACG_001,36
GGCACAGCCCAGGTCTGACG_002,160
GGCACAGCCCAGGTCTGACG_003,19
GGCACAGCCCAGGTCTGACG_004,149
GGCACAGCCCAGGTCTGACG_005,126
GGCACAGCCCAGGTCTGACG_006,12
CATCGAATCCAAGCCATCCG_001,94
CATCGAATCCAAGCCATCCG_002,158
CATCGAATCCAAGCCATCCG_003,52
CATCGAATCCAAGCCATCCG_004,24
CATCGAATCCAAGCCATCCG_005,183
CATCGAATCCAAGCCATCCG_006,62
CATCGAATCCAAGCCATCCG_007,197
CATCGAATCCAAGCCATCCG_008,28
CATCGAATCCAAGCCATCCG_009,184
CATCGAATCCAAGCCATCCG_010,115
GGAGGAATGGATAACAACAA_001,62
GGAGGAATGGATAACAACAA_002,170
GGAGGAATGGATAACAACAA_003,5
GGAGGAATGGATAACAACAA_004,94
CCGCCATGGACTTCTCGCGG_001,171
CCGCCATGGACTTCTCGCGG_002,2
TGACACCGCCTTTCTACAGT_001,1
GGAACTCTGAGCAATTGGCA_001,158
GGAACTCTGAGCAATTGGCA_002,188
GGAACTCTGAGCAATTGGCA_003,160
GGAACTCTGAGCAATTGGCA_004,42
GGAACTCTGAGCAATTGGCA_005,47
GGAACTCTGAGCAATTGGCA_006,150
GCTCGAGTAACGGACAGTAC_001,112
GTGGGTGTTAACATTACACT_001,149
GTGGGTGTTAACATTACACT_002,106
GTGGGTGTTAACATTACACT_003,150
GTGGGTGTTAACATTACACT_004,136
GTGGGTGTTAACATTACACT_005,123
GTGGGTGTTAACATTACACT_006,50
CAGTGTCGCTGATACCAACA_001,90
CAGTGTCGCTGATACCAACA_002,174
CAGTGTCGCTGATACCAACA_003,10
CAGTGTCGCTGATACCAACA_004,62
CAGTGTCGCTGATACCAACA_005,19
CAGTGTCGCTGATACCAACA_006,50
CAGTGTCGCTGATACCAACA_007,50
CAGTGTCGCTGATACCAACA_008,68
CAGTGTCGCTGATACCAACA_009,138
CAGTGTCGCTGATACCAACA_010,56
CAGTGTCGCTGATACCAACA_011,168
CAGTGTCGCTGATACCAACA_012,116
CAGTGTCGCTGATACCAACA_013,164
CAGTGTCGCTGATACCAACA_014,11
CAGTGTCGCTGATACCAACA_015,172
TTCCACCGAGGTCAACGTGT_001,194
TTCCACCGAGGTCAACGTGT_002,48
TTCCACCGAGGTCAACGTGT_003,197
TTCCACCGAGGTCAACGTGT_004,44
TTCCACCGAGGTCAACGTGT_005,111
TTCCACCGAGGTCAACGTGT_006,7
TTCCACCGAGGTCAACGTGT_007,137
TTCCACCGAGGTCAACGTGT_008,57
TTCCACCGAGGTCAACGTGT_009,39
TTCCACCGAGGTCAACGTGT_010,169
TTCCACCGAGGTCAACGTGT_011,84
TTCCACCGAGGTCAACGTGT_012,15
TTCCACCGAGGTCAACGTGT_013,2
TTCCACCGAGGTCAACGTGT_014,136
TTCCACCGAGGTCAACGTGT_015,165
TCTGGCAATGACCACAGCTA_001,127
TCTGGCAATGACCACAGCTA_002,91
TCTGGCAATGACCACAGCTA_003,123
TCTGGCAATGACCACAGCTA_004,137
TCTGGCAATGACCACAGCTA_005,12
TCTGGCAATGACCACAGCTA_006,150
CCACTTGTTAACAGAGACCG_001,146
CCACTTGTTAACAGAGACCG_002,55
CCACTTGTTAACAGAGACCG_003,101
CCACTTGTTAACAGAGACCG_004,28
CCACTTGTTAACAGAGACCG_005,34
CCACTTGTTAACAGAGACCG_006,29
CCACTTGTTAACAGAGACCG_007,82
CCACTTGTTAACAGAGACCG_008,128
CCACTTGTTAACAGAGACCG_009,166
CCACTTGTTAACAGAGACCG_010,168
CCACTTGTTAACAGAGACCG_011,161
CCACTTGTTAACAGAGACCG_012,176
CCACTTGTTAACAGAGACCG_013,50
CCACTTGTTAACAGAGACCG_014,37
CCACTTGTTAACAGAGACCG_015,191
CCACTTGTTAACAGAGACCG_016,152
CCACTTGTTAACAGAGACCG_017,6
CCACTTGTTAACAGAGACCG_018,1
ACAGAGTCTCAGTCACACGA_001,50
ACAGAGTCTCAGTCACACGA_002,14
ACAGAGTCTCAGTCACACGA_003,96
AGTCCACAGGGCGGTCCGAG_001,191
AGTCCACAGGGCGGTCCGAG_002,68
AGTCCACAGGGCGGTCCGAG_003,56
AGTCCACAGGGCGGTCCGAG_004,174
AGTCCACAGGGCGGTCCGAG_005,190
AGTCCACAGGGCGGTCCGAG_006,103
AGTCCACAGGGCGGTCCGAG_007,124
AGTCCACAGGGCGGTCCGAG_008,93
AGTCCACAGGGCGGTCCGAG_009,49
AGTCCACAGGGCGGTCCGAG_010,20
AGTCCACAGGGCGGTCCGAG_011,132
AGTCCACAGGGCGGTCCGAG_012,117
AGTCCACAGGGCGGTCCGAG_013,160
AGTCCACAGGGCGGTCCGAG_014,125
AGTCCACAGGGCGGTCCGAG_015,36
AGTCCACAGGGCGGTCCGAG_016,29
AGTCCACAGGGCGGTCCGAG_017,158
AGTCCACAGGGCGGTCCGAG_018,157
AGTCCACAGGGCGGTCCGAG_019,54
AGTCCACAGGGCGGTCCGAG_020,199
AGTCCACAGGGCGGTCCGAG_021,152
CAGGTTGTGCTGCAGCAGGA_001,12
CAGGTTGTGCTGCAGCAGGA_002,61
CAGGTTGTGCTGCAGCAGGA_003,92
CATTTATGACCGCACAGTCA_001,172
CATTTATGACCGCACAGTCA_002,172
CATTTATGACCGCACAGTCA_003,153
CATTTATGACCGCACAGTCA_004,106
AGACCCACTGTGGATAGACG_001,158
AGACCCACTGTGGATAGACG_002,54
AGACCCACTGTGGATAGACG_003,122
AGACCCACTGTGGATAGACG_004,83
AGACCCACTGTGGATAGACG_005,63
CACTCCAGAACCTACTACGG_001,137
GTGGGGCGCCAAATTTCACC_001,138
GTGGGGCGCCAAATTTCACC_002,199
GTGGGGCGCCAAATTTCACC_003,78
GTGGGGCGCCAAATTTCACC_004,96
GTGGGGCGCCAAATTTCACC_005,168
GTGGGGCGCCAAATTTCACC_006,148
GTGGGGCGCCAAATTTCACC_007,154
GTGGGGCGCCAAATTTCACC_008,65
GTGGGGCGCCAAATTTCACC_009,106
AAACTTGTCACTGTCGATTG_001,191
AAACTTGTCACTGTCGATTG_002,29
AAACTTGTCACTGTCGATTG_003,41
AAACTTGTCACTGTCGATTG_004,8
AAACTTGTCACTGTCGATTG_005,89
AAACTTGTCACTGTCGATTG_006,195
AAACTTGTCACTGTCGATTG_007,33
AAACTTGTCACTGTCGATTG_008,68
AAACTTGTCACTGTCGATTG_009,9
AAACTTGTCACTGTCGATTG_010,28
GAGCATCCCACAGATCCAGT_001,29
GAGCATCCCACAGATCCAGT_002,120
GAGCATCCCACAGATCCAGT_003,32
AGCTGAAAAAATTACGAGAG_001,94
AGCTGAAAAAATTACGAGAG_002,84
AGCTGAAAAAATTACGAGAG_003,105
AGCTGAAAAAATTACGAGAG_004,41
AGCTGAAAAAATTACGAGAG_005,128
AGCTGAAAAAATTACGAGAG_006,0
AGCTGAAAAAATTACGAGAG_007,145
AGCTGAAAAAATTACGAGAG_008,27
AGCTGAAAAAATTACGAGAG_009,46
AGCTGAAAAAATTACGAGAG_010,182
CACACCCAATAGCAGGCAGT_001,2
TGATGAACTTCCTTACACTG_001,1
TGATGAACTTCCTTACACTG_002,117
TGATGAACTTCCTTACACTG_003,116
TGATGAACTTCCTTACACTG_004,132
TGATGAACTTCCTTACACTG_005,32
TGATGAACTTCCTTACACTG_006,129
TGATGAACTTCCTTACACTG_007,123
TGATGAACTTCCTTACACTG_008,9
TGATGAACTTCCTTACACTG_009,144
TGATGAACTTCCTTACACTG_010,61
TGATGAACTTCCTTACACTG_011,13
ATTCCAAAGCTACCCACGCA_001,60
ATTCCAAAGCTACCCACGCA_002,151
ATTCCAAAGCTACCCACGCA_003,188
ATTCCAAAGCTACCCACGCA_004,114
ATTCCAAAGCTACCCACGCA_005,94
ATTCCAAAGCTACCCACGCA_006,38
ATTCCAAAGCTACCCACGCA_007,156
ATTCCAAAGCTACCCACGCA_008,99
ATTCCAAAGCTACCCACGCA_009,136
ATTCCAAAGCTACCCACGCA_010,77
ATTCCAAAGCTACCCACGCA_011,105
ATTCCAAAGCTACCCACGCA_012,81
ATTCCAAAGCTACCCACGCA_013,159
ATTCCAAAGCTACCCACGCA_014,105
ATTCCAAAGCTACCCACGCA_015,108
ATTCCAAAGCTACCCACGCA_016,37
ATTCCAAAGCTACCCACGCA_017,150
ATTCCAAAGCTACCCACGCA_018,130
ATTCCAAAGCTACCCACGCA_019,48
CTGTTATGACAAGTGCAACT_001,168
CTGTTATGACAAGTGCAACT_002,50
CTGTTATGACAAGTGCAACT_003,151
CTGTTATGACAAGTGCAACT_004,198
GAGACCCAAGCCCAGCAACG_001,92
GAGACCCAAGCCCAGCAACG_002,188
GAGACCCAAGCCCAGCAACG_003,77
GAGACCCAAGCCCAGCAACG_004,161
GAGACCCAAGCCCAGCAACG_005,123
GAGACCCAAGCCCAGCAACG_006,60
TCACCATCAACTGTGCGGAG_001,47
TCACCATCAACTGTGCGGAG_002,169
TCACCATCAACTGTGCGGAG_003,113
TCACCATCAACTGTGCGGAG_004,185
TCACCATCAACTGTGCGGAG_005,169
TCACCATCAACTGTGCGGAG_006,121
TCACCATCAACTGTGCGGAG_007,112
TCACCATCAACTGTGCGGAG_008,76
TCACCATCAACTGTGCGGAG_009,169
TCACCATCAACTGTGCGGAG_010,177
TCACCATCAACTGTGCGGAG_011,88
TCACCATCAACTGTGCGGAG_012,170
TCACCATCAACTGTGCGGAG_013,65
TCACCATCAACTGTGCGGAG_014,120
TCACCATCAACTGTGCGGAG_015,168
TCACCATCAACTGTGCGGAG_016,173
TCACCATCAACTGTGCGGAG_017,59
TCACCATCAACTGTGCGGAG_018,65
TCACCATCAACTGTGCGGAG_019,51
TCACCATCAACTGTGCGGAG_020,166
TCACCATCAACTGTGCGGAG_021,61
TCATCTATCTTCATTCAGAG_001,1
AGAACTGTCCCCCTATCCCG_001,78
AGAACTGTCCCCCTATCCCG_002,1
AGAACTGTCCCCCTATCCCG_003,77
AGAACTGTCCCCCTATCCCG_004,28
AGAACTGTCCCCCTATCCCG_005,174
AGAACTGTCCCCCTATCCCG_006,105
AGAACTGTCCCCCTATCCCG_007,43
AGAACTGTCCCCCTATCCCG_008,98
AGAACTGTCCCCCTATCCCG_009,190
AGAACTGTCCCCCTATCCCG_010,176
AGAACTGTCCCCCTATCCCG_011,188
AGAACTGTCCCCCTATCCCG_012,40
AGAACTGTCCCCCTATCCCG_013,123
AGAACTGTCCCCCTATCCCG_014,58
AGAACTGTCCCCCTATCCCG_015,60
AGAACTGTCCCCCTATCCCG_016,82
AGAACTGTCCCCCTATCCCG_017,58
AGAACTGTCCCCCTATCCCG_018,140
AGAACTGTCCCCCTATCCCG_019,58
AGAACTGTCCCCCTATCCCG_020,94
AGAACTGTCCCCCTATCCCG_021,172
AGAACTGTCCCCCTATCCCG_022,184
AGAACTGTCCCCCTATCCCG_023,78
AGAACTGTCCCCCTATCCCG_024,56
AGAACTGTCCCCCTATCCCG_025,146
AGAACTGTCCCCCTATCCCG_026,196
AGAACTGTCCCCCTATCCCG_027,15
AGAACTGTCCCCCTATCCCG_028,80
AGAACTGTCCCCCTATCCCG_029,153
AGAACTGTCCCCCTATCCCG_030,49
AGAACTGTCCCCCTATCCCG_031,138
AGAACTGTCCCCCTATCCCG_032,106
AGAACTGTCCCCCTATCCCG_033,40
AGAACTGTCCCCCTATCCCG_034,197
AGAACTGTCCCCCTATCCCG_035,145
AGAACTGTCCCCCTATCCCG_036,175
TGTTCACCCAGATTATCAAG_001,105
TGTTCACCCAGATTATCAAG_002,19
TGTTCACCCAGATTATCAAG_003,20
CCTTGACAAACTTCTCGGAG_001,84
CCTTGACAAACTTCTCGGAG_002,148
CCTTGACAAACTTCTCGGAG_003,148
CGCAAGCATGAACTCCATAG_001,16
CGCAAGCATGAACTCCATAG_002,123
CGCAAGCATGAACTCCATAG_003,30
CGCAAGCATGAACTCCATAG_004,81
CGCAAGCATGAACTCCATAG_005,96
CGCAAGCATGAACTCCATAG_006,162
CGCAAGCATGAACTCCATAG_007,168
CGCAAGCATGAACTCCATAG_008,27
CGCAAGCATGAACTCCATAG_009,138
CTGTGACCATGATCACCACA_001,135
CTGTGACCATGATCACCACA_002,64
CTGTGACCATGATCACCACA_003,8
TTATACTTCTCTGAGACTAC_001,138
TTATACTTCTCTGAGACTAC_002,106
TTATACTTCTCTGAGACTAC_003,158
GCAAGGAAGGAGAACAGGCA_001,157
GCAAGGAAGGAGAACAGGCA_002,153
GCAAGGAAGGAGAACAGGCA_003,58
GCAAGGAAGGAGAACAGGCA_004,179
GCAAGGAAGGAGAACAGGCA_005,5
GCAAGGAAGGAGAACAGGCA_006,87
TTCCACGACAACGCCAACGG_001,105
TTCCACGACAACGCCAACGG_002,52
TTCCACGACAACGCCAACGG_003,175
TTCCACGACAACGCCAACGG_004,164
TTCCACGACAACGCCAACGG_005,62
TTCCACGACAACGCCAACGG_006,133
TTCCACGACAACGCCAACGG_007,187
TTCCACGACAACGCCAACGG_008,120
ACAGGACTTAGTAAGAGAAG_001,103
ACAGGACTTAGTAAGAGAAG_002,146
ACAGGACTTAGTAAGAGAAG_003,105
ACAGGACTTAGTAAGAGAAG_004,106
ACAGGACTTAGTAAGAGAAG_005,56
ACAGGACTTAGTAAGAGAAG_006,178
GAGATCGAGTCCCGCTGGCA_001,120
GAGATCGAGTCCCGCTGGCA_002,12
GAGATCGAGTCCCGCTGGCA_003,122
GAGATCGAGTCCCGCTGGCA_004,62
GAGATCGAGTCCCGCTGGCA_005,105
GAGATCGAGTCCCGCTGGCA_006,1
GAGATCGAGTCCCGCTGGCA_007,98
GAGATCGAGTCCCGCTGGCA_008,121
GAGATCGAGTCCCGCTGGCA_009,158
GAGATCGAGTCCCGCTGGCA_010,2
GAGATCGAGTCCCGCTGGCA_011,1
GAGATCGAGTCCCGCTGGCA_012,138
GAGATCGAGTCCCGCTGGCA_013,175
GAGATCGAGTCCCGCTGGCA_014,109
GAGATCGAGTCCCGCTGGCA_015,81
GAGATCGAGTCCCGCTGGCA_016,188
GAGATCGAGTCCCGCTGGCA_017,134
GAGATCGAGTCCCGCTGGCA_018,142
GAGATCGAGTCCCGCTGGCA_019,159
GAGATCGAGTCCCGCTGGCA_020,80
GAGATCGAGTCCCGCTGGCA_021,137
GAGATCGAGTCCCGCTGGCA_022,40
ACAACCTCGACCCAGATCTG_001,198
ACAACCTCGACCCAGATCTG_002,101
ACAACCTCGACCCAGATCTG_003,4
ACAACCTCGACCCAGATCTG_004,97
ACAACCTCGACCCAGATCTG_005,175
ACAACCTCGACCCAGATCTG_006,20
ACAACCTCGACCCAGATCTG_007,105
GGAAGGCAGCCAGTAGACAG_001,160
GGAAGGCAGCCAGTAGACAG_002,12
GGAAGGCAGCCAGTAGACAG_003,155
GGAAGGCAGCCAGTAGACAG_004,60
GGAAGGCAGCCAGTAGACAG_005,76
GGAAGGCAGCCAGTAGACAG_006,113
GGAAGGCAGCCAGTAGACAG_007,127
GGGAAAACGACTGCCCACGG_001,95
GGGAAAACGACTGCCCACGG_002,28
GGGAAAACGACTGCCCACGG_003,100
GGGAAAACGACTGCCCACGG_004,95
GGGAAAACGACTGCCCACGG_005,85
GGGAAAACGACTGCCCACGG_006,55
AGGTAAGGGCACGTGCATGT_001,121
AGGTAAGGGCACGTGCATGT_002,107
AGGTAAGGGCACGTGCATGT_003,17
AGGTAAGGGCACGTGCATGT_004,170
AGGTAAGGGCACGTGCATGT_005,197
AGGTAAGGGCACGTGCATGT_006,172
AGGTAAGGGCACGTGCATGT_007,22
AGGTAAGGGCACGTGCATGT_008,2
AGGTAAGGGCACGTGCATGT_009,21
AGGTAAGGGCACGTGCATGT_010,112
AGGTAAGGGCACGTGCATGT_011,134
AGGTAAGGGCACGTGCATGT_012,158
AGGTAAGGGCACGTGCATGT_013,183
AGGTAAGGGCACGTGCATGT_014,150
AGGTAAGGGCACGTGCATGT_015,107
GAGACCCGCATCATCCACCG_001,86
GAGACCCGCATCATCCACCG_002,146
GAGACCCGCATCATCCACCG_003,16
GAGACCCGCATCATCCACCG_004,77
GAGACCCGCATCATCCACCG_005,198
GAGACCCGCATCATCCACCG_006,124
GAGACCCGCATCATCCACCG_007,159
AACGAATACTAGCATCAGTG_001,141
AACGAATACTAGCATCAGTG_002,149
AACGAATACTAGCATCAGTG_003,162
AACGAATACTAGCATCAGTG_004,15
GCGACGCGCACCAACGGTGG_001,160
GCGACGCGCACCAACGGTGG_002,115
GCGACGCGCACCAACGGTGG_003,185
GCGACGCGCACCAACGGTGG_004,22
GCGACGCGCACCAACGGTGG_005,91
GCGACGCGCACCAACGGTGG_006,184
GCGACGCGCACCAACGGTGG_007,165
GCGACGCGCACCAACGGTGG_008,158
GGGTTGTATATAGCCATGAA_001,50
GGGTTGTATATAGCCATGAA_002,64
GGGTTGTATATAGCCATGAA_003,58
GGGTTGTATATAGCCATGAA_004,62
GGGTTGTATATAGCCATGAA_005,142
CTGCCTCGCAGAAAGCAACG_001,149
GATTAGGACCAATAAGCGAG_001,68
GATTAGGACCAATAAGCGAG_002,178
GATTAGGACCAATAAGCGAG_003,15
GATTAGGACCAATAAGCGAG_004,78
GATTAGGACCAATAAGCGAG_005,92
GATTAGGACCAATAAGCGAG_006,24
GATTAGGACCAATAAGCGAG_007,116
GCTCCTGAAGCACAAATGCA_001,116
GCTCCTGAAGCACAAATGCA_002,9
GCTCCTGAAGCACAAATGCA_003,160
GCTCCTGAAGCACAAATGCA_004,147
GCTCCTGAAGCACAAATGCA_005,60
GCTCCTGAAGCACAAATGCA_006,91
GCTCCTGAAGCACAAATGCA_007,162
GCTCCTGAAGCACAAATGCA_008,118
GCTCCTGAAGCACAAATGCA_009,1
GCTCCTGAAGCACAAATGCA_010,98
GCTCCTGAAGCACAAATGCA_011,9
GCTCCTGAAGCACAAATGCA_012,80
GCTCCTGAAGCACAAATGCA_013,6
GCTCCTGAAGCACAAATGCA_014,129
GCTCCTGAAGCACAAATGCA_015,174
GCTCCTGAAGCACAAATGCA_016,56
GCTCCTGAAGCACAAATGCA_017,144
GCTCCTGAAGCACAAATGCA_018,88
GCTCCTGAAGCACAAATGCA_019,194
GCTCCTGAAGCACAAATGCA_020,8
GCTCCTGAAGCACAAATGCA_021,40
GCTCCTGAAGCACAAATGCA_022,28
GCTCCTGAAGCACAAATGCA_023,129
GCTCCTGAAGCACAAATGCA_024,55
GCTCCTGAAGCACAAATGCA_025,0
GCTCCTGAAGCACAAATGCA_026,63
GCTCCTGAAGCACAAATGCA_027,110
GCTCCTGAAGCACAAATGCA_028,147
GCTCCTGAAGCACAAATGCA_029,176
GCTCCTGAAGCACAAATGCA_030,62
GCTCCTGAAGCACAAATGCA_031,142
GCTCCTGAAGCACAAATGCA_032,28
GCTCCTGAAGCACAAATGCA_033,1
GCTCCTGAAGCACAAATGCA_034,190
GCTCCTGAAGCACAAATGCA_035,33
GCTCCTGAAGCACAAATGCA_036,170
TTACCGTATTGTGAACCCAG_001,60
CATCCAGCGCGTGAACCTCG_001,92
CATCCAGCGCGTGAACCTCG_002,148
CATCCAGCGCGTGAACCTCG_003,147
CATCCAGCGCGTGAACCTCG_004,147
CATCCAGCGCGTGAACCTCG_005,127
CATCCAGCGCGTGAACCTCG_006,124
CATCCAGCGCGTGAACCTCG_007,138
CCCGCCGGCTTCAACTGCAA_001,94
CCCGCCGGCTTCAACTGCAA_002,78
CCCGCCGGCTTCAACTGCAA_003,137
CCCGCCGGCTTCAACTGCAA_004,127
CTCTTCGGACTCAATAACGC_001,149
CTCTTCGGACTCAATAACGC_002,149
CTCTTCGGACTCAATAACGC_003,70
CTCTTCGGACTCAATAACGC_004,161
CTCTTCGGACTCAATAACGC_005,61
CTCTTCGGACTCAATAACGC_006,7
CTCTTCGGACTCAATAACGC_007,13
CTCTTCGGACTCAATAACGC_008,127
CTTCTACCTTCACATGCTCA_001,150
CTTCTACCTTCACATGCTCA_002,170
CTTCTACCTTCACATGCTCA_003,45
CTTCTACCTTCACATGCTCA_004,103
CTTCTACCTTCACATGCTCA_005,172
CTTCTACCTTCACATGCTCA_006,45
CTTCTACCTTCACATGCTCA_007,122
CTTCTACCTTCACATGCTCA_008,103
CTTCTACCTTCACATGCTCA_009,38
GGGACCGTATGGGCACACTT_001,17
GGGACCGTATGGGCACACTT_002,113
GGGACCGTATGGGCACACTT_003,21
GGGACCGTATGGGCACACTT_004,183
GGGACCGTATGGGCACACTT_005,77
GGGACCGTATGGGCACACTT_006,126
GGGACCGTATGGGCACACTT_007,16
GGGACCGTATGGGCACACTT_008,190
GGGACCGTATGGGCACACTT_009,4
GGGACCGTATGGGCACACTT_010,103
GTGTTCGTTTGGGTGCAAAG_001,152
GTGTTCGTTTGGGTGCAAAG_002,25
GTGTTCGTTTGGGTGCAAAG_003,107
GTGTTCGTTTGGGTGCAAAG_004,4
TAATAAGTTCCAGATCACAT_001,104
TAATAAGTTCCAGATCACAT_002,28
TAATAAGTTCCAGATCACAT_003,16
TAATAAGTTCCAGATCACAT_004,162
TAATAAGTTCCAGATCACAT_005,168
TAATAAGTTCCAGATCACAT_006,115
TAATAAGTTCCAGATCACAT_007,1
TAATAAGTTCCAGATCACAT_008,166
ATCAAGTGGATCAGCGAGCG_001,197
ATCAAGTGGATCAGCGAGCG_002,23
ATCAAGTGGATCAGCGAGCG_003,154
ATCAAGTGGATCAGCGAGCG_004,93
ATCAAGTGGATCAGCGAGCG_005,43
ATCAAGTGGATCAGCGAGCG_006,82
ATCAAGTGGATCAGCGAGCG_007,121
ATCAAGTGGATCAGCGAGCG_008,75
ATCAAGTGGATCAGCGAGCG_009,158
ATCAAGTGGATCAGCGAGCG_010,198
ATCAAGTGGATCAGCGAGCG_011,81
ATCAAGTGGATCAGCGAGCG_012,126
ATCAAGTGGATCAGCGAGCG_013,9
ATCAAGTGGATCAGCGAGCG_014,197
ATCAAGTGGATCAGCGAGCG_015,17
ATCAAGTGGATCAGCGAGCG_016,1
ACAAGTAAACTATCCGGTGT_001,177
ACAAGTAAACTATCCGGTGT_002,102
ACAAGTAAACTATCCGGTGT_003,78
ACAAGTAAACTATCCGGTGT_004,184
ACTACTTACCAGGGACACCT_001,2
ACTACTTACCAGGGACACCT_002,169
ACTACTTACCAGGGACACCT_003,94
TGGGGTTCCAATGCATCCAG_001,78
TGGGGTTCCAATGCATCCAG_002,43
TGGGGTTCCAATGCATCCAG_003,102
TGGGGTTCCAATGCATCCAG_004,185
TGGGGTTCCAATGCATCCAG_005,117
TGGGGTTCCAATGCATCCAG_006,33
TGGGGTTCCAATGCATCCAG_007,70
TGGGGTTCCAATGCATCCAG_008,116
TGGGGTTCCAATGCATCCAG_009,179
TGGGGTTCCAATGCATCCAG_010,77
TGGGGTTCCAATGCATCCAG_011,189
TGGGGTTCCAATGCATCCAG_012,25
TGGGGTTCCAATGCATCCAG_013,67
TGGGGTTCCAATGCATCCAG_014,91
TGGGGTTCCAATGCATCCAG_015,56
TGGGGTTCCAATGCATCCAG_016,148
TGGGGTTCCAATGCATCCAG_017,121
TGGGGTTCCAATGCATCCAG_018,69
TGGGGTTCCAATGCATCCAG_019,197
TGGGGTTCCAATGCATCCAG_020,142
TGGGGTTCCAATGCATCCAG_021,174
TGGGGTTCCAATGCATCCAG_022,61
AGAAGCACTGGCATTCACAG_001,17
AGAAGCACTGGCATTCACAG_002,189
AGAAGCACTGGCATTCACAG_003,9
AGAAGCACTGGCATTCACAG_004,116
AGAAGCACTGGCATTCACAG_005,106
AGAAGCACTGGCATTCACAG_006,19
AGAAGCACTGGCATTCACAG_007,119
AATGGAGACTTATCCCCCAA_001,130
AATGGAGACTTATCCCCCAA_002,55
AATGGAGACTTATCCCCCAA_003,78
AATGGAGACTTATCCCCCAA_004,199
AATGGAGACTTATCCCCCAA_005,2
AATGGAGACTTATCCCCCAA_006,77
AATGGAGACTTATCCCCCAA_007,147
AATGGAGACTTATCCCCCAA_008,165
AATGGAGACTTATCCCCCAA_009,81
AATGGAGACTTATCCCCCAA_010,107
AATGGAGACTTATCCCCCAA_011,171
GCAGCACAAATTGCGCAGCG_001,185
GCAGCACAAATTGCGCAGCG_002,147
GGCCGATTCAGCTCTTCTAG_001,159
GATTGGTTCTCAATCCACAG_001,17
GATTGGTTCTCAATCCACAG_002,70
GATTGGTTCTCAATCCACAG_003,54
GATTGGTTCTCAATCCACAG_004,91
CAAGGCGACATACCGCATAG_001,28
CAAGGCGACATACCGCATAG_002,147
CAAGGCGACATACCGCATAG_003,198
CAAGGCGACATACCGCATAG_004,23
CAAGGCGACATACCGCATAG_005,147
CAAGGCGACATACCGCATAG_006,8
CAAGGCGACATACCGCATAG_007,90
CAAGGCGACATACCGCATAG_008,63
GGGGATGCAGACCCAGTCAG_001,46
GGGGATGCAGACCCAGTCAG_002,127
GGGGATGCAGACCCAGTCAG_003,154
GGGGATGCAGACCCAGTCAG_004,36
GGGGATGCAGACCCAGTCAG_005,50
GGGGATGCAGACCCAGTCAG_006,67
GGGGATGCAGACCCAGTCAG_007,88
GGGGATGCAGACCCAGTCAG_008,39
GGGGATGCAGACCCAGTCAG_009,152
GGGGATGCAGACCCAGTCAG_010,12
GGGGATGCAGACCCAGTCAG_011,191
GGGGATGCAGACCCAGTCAG_012,96
GGGGATGCAGACCCAGTCAG_013,33
GGGGATGCAGACCCAGTCAG_014,170
GGGGATGCAGACCCAGTCAG_015,8
GGGGATGCAGACCCAGTCAG_016,2
GGGGATGCAGACCCAGTCAG_017,174
GGGGATGCAGACCCAGTCAG_018,178
GGGGATGCAGACCCAGTCAG_019,180
GGGGATGCAGACCCAGTCAG_020,102
GGTGGGAAGTTCAACAGCTG_001,150
GGTGGGAAGTTCAACAGCTG_002,194
GGTGGGAAGTTCAACAGCTG_003,105
GGTGGGAAGTTCAACAGCTG_004,98
AGATCCGGGACGACGAACTC_001,91
AGATCCGGGACGACGAACTC_002,43
AGATCCGGGACGACGAACTC_003,150
AGATCCGGGACGACGAACTC_004,6
AGATCCGGGACGACGAACTC_005,11
AGATCCGGGACGACGAACTC_006,13
AGATCCGGGACGACGAACTC_007,141
AGATCCGGGACGACGAACTC_008,9
AGATCCGGGACGACGAACTC_009,78
AGATCCGGGACGACGAACTC_010,133
AGATCCGGGACGACGAACTC_011,29
AGATCCGGGACGACGAACTC_012,127
AGATCCGGGACGACGAACTC_013,120
AGATCCGGGACGACGAACTC_014,74
AGATCCGGGACGACGAACTC_015,135
AGATCCGGGACGACGAACTC_016,172
AGATCCGGGACGACGAACTC_017,20
AGATCCGGGACGACGAACTC_018,16
AGATCCGGGACGACGAACTC_019,69
AGATCCGGGACGACGAACTC_020,172
AGATCCGGGACGACGAACTC_021,6
AGATCCGGGACGACGAACTC_022,108
AGATCCGGGACGACGAACTC_023,177
CAGGCACTTACGCTGCGCAG_001,141
CAGGCACTTACGCTGCGCAG_002,176
CAGGCACTTACGCTGCGCAG_003,65
CAGGCACTTACGCTGCGCAG_004,175
CAGGCACTTACGCTGCGCAG_005,175
CAGGCACTTACGCTGCGCAG_006,164
CAGGCACTTACGCTGCGCAG_007,7
GCAAGTCAACATACCTACTG_001,62
GCAAGTCAACATACCTACTG_002,33
GCAAGTCAACATACCTACTG_003,50
GCAAGTCAACATACCTACTG_004,150
GCAAGTCAACATACCTACTG_005,105
CTCCATGACTATGACCAGAG_001,40
CTCCATGACTATGACCAGAG_002,68
CTCCATGACTATGACCAGAG_003,56
CTCCATGACTATGACCAGAG_004,88
CTCCATGACTATGACCAGAG_005,43
GACCAAAAAAGAGTTCGCGG_001,15
GACCAAAAAAGAGTTCGCGG_002,23
GACCAAAAAAGAGTTCGCGG_003,2
GACCAAAAAAGAGTTCGCGG_004,149
GACCAAAAAAGAGTTCGCGG_005,102
GACCAAAAAAGAGTTCGCGG_006,94
GACCAAAAAAGAGTTCGCGG_007,12
GACCAAAAAAGAGTTCGCGG_008,156
GACCAAAAAAGAGTTCGCGG_009,147
GACCAAAAAAGAGTTCGCGG_010,73
GACCAAAAAAGAGTTCGCGG_011,104
GACCAAAAAAGAGTTCGCGG_012,140
GACCAAAAAAGAGTTCGCGG_013,105
GACCAAAAAAGAGTTCGCGG_014,19
GCAGAATGTTTGCCTCACGG_001,150
GCAGAATGTTTGCCTCACGG_002,130
GCAGAATGTTTGCCTCACGG_003,138
GCAGAATGTTTGCCTCACGG_004,174
GCAGAATGTTTGCCTCACGG_005,50
GCAGAATGTTTGCCTCACGG_006,180
GCAGAATGTTTGCCTCACGG_007,50
GCAGAATGTTTGCCTCACGG_008,86
TCCCCCGCACGGCCACGAAG_001,178
TCCCCCGCACGGCCACGAAG_002,127
TCCCCCGCACGGCCACGAAG_003,172
TCCCCCGCACGGCCACGAAG_004,188
TCCCCCGCACGGCCACGAAG_005,82
TCCCCCGCACGGCCACGAAG_006,5
TCCCCCGCACGGCCACGAAG_007,60
TCCCCCGCACGGCCACGAAG_008,107
TCCCCCGCACGGCCACGAAG_009,191
TCCCCCGCACGGCCACGAAG_010,75
TCCCCCGCACGGCCACGAAG_011,127
TCCCCCGCACGGCCACGAAG_012,145
TCCCCCGCACGGCCACGAAG_013,113
TCCCCCGCACGGCCACGAAG_014,38
TCCCCCGCACGGCCACGAAG_015,199
TCCCCCGCACGGCCACGAAG_016,150
TCCCCCGCACGGCCACGAAG_017,15
TCCCCCGCACGGCCACGAAG_018,34
TCCCCCGCACGGCCACGAAG_019,77
TCCCCCGCACGGCCACGAAG_020,162
TCCCCCGCACGGCCACGAAG_021,20
TCCCCCGCACGGCCACGAAG_022,126
TCCCCCGCACGGCCACGAAG_023,102
TCCCCCGCACGGCCACGAAG_024,126
TCCCCCGCACGGCCACGAAG_025,173
TCCCCCGCACGGCCACGAAG_026,108
TCCCCCGCACGGCCACGAAG_027,157
CTCTTCCCAGACATTTCTCG_001,83
CTCTTCCCAGACATTTCTCG_002,63
CTCTTCCCAGACATTTCTCG_003,19
CTCTTCCCAGACATTTCTCG_004,21
CTCTTCCCAGACATTTCTCG_005,122
CTCTTCCCAGACATTTCTCG_006,83
CTCTTCCCAGACATTTCTCG_007,94
CTCTTCCCAGACATTTCTCG_008,107
CTCTTCCCAGACATTTCTCG_009,7
CTCTTCCCAGACATTTCTCG_010,56
GTTAGGCATTACCCACACTG_001,35
GTTAGGCATTACCCACACTG_002,51
GTTAGGCATTACCCACACTG_003,114
GTTAGGCATTACCCACACTG_004,33
TCGGATCCCCACCTCAAACG_001,43
TCGGATCCCCACCTCAAACG_002,174
TCGGATCCCCACCTCAAACG_003,49
TCGGATCCCCACCTCAAACG_004,99
TCGGATCCCCACCTCAAACG_005,36
TCGGATCCCCACCTCAAACG_006,22
TCGGATCCCCACCTCAAACG_007,8
TCGGATCCCCACCTCAAACG_008,28
TCGGATCCCCACCTCAAACG_009,28
TCGGATCCCCACCTCAAACG_010,30
TCGGATCCCCACCTCAAACG_011,106
TCGGATCCCCACCTCAAACG_012,154
TCGGATCCCCACCTCAAACG_013,27
TCGGATCCCCACCTCAAACG_014,82
TCGGATCCCCACCTCAAACG_015,120
TCGGATCCCCACCTCAAACG_016,54
TCGGATCCCCACCTCAAACG_017,79
TCGGATCCCCACCTCAAACG_018,13
TCGGATCCCCACCTCAAACG_019,175
TCGGATCCCCACCTCAAACG_020,149
TCGGATCCCCACCTCAAACG_021,52
TCTTGCGTACCACCTGCATG_001,156
TCTTGCGTACCACCTGCATG_002,186
TCTTGCGTACCACCTGCATG_003,148
TCTTGCGTACCACCTGCATG_004,157
TCTTGCGTACCACCTGCATG_005,157
TCTTGCGTACCACCTGCATG_006,23
TCTTGCGTACCACCTGCATG_007,112
GCAACATCGCTAACGACCTG_001,3
GCAACATCGCTAACGACCTG_002,38
TTTCTATAAAGGGTGACTGG_001,114
TTTCTATAAAGGGTGACTGG_002,169
TTTCTATAAAGGGTGACTGG_003,140
TTTCTATAAAGGGTGACTGG_004,160
TTTCTATAAAGGGTGACTGG_005,47
TTTCTATAAAGGGTGACTGG_006,78
TTTCTATAAAGGGTGACTGG_007,26
ACAGCTATGCAGTTATCACA_001,42
ACAGCTATGCAGTTATCACA_002,158
ACAGCTATGCAGTTATCACA_003,50
AATTGGACTGGGGACTACGA_001,54
AATTGGACTGGGGACTACGA_002,76
AATTGGACTGGGGACTACGA_003,162
AATTGGACTGGGGACTACGA_004,61
AATTGGACTGGGGACTACGA_005,59
AATTGGACTGGGGACTACGA_006,76
AATTGGACTGGGGACTACGA_007,83
AATTGGACTGGGGACTACGA_008,53
AATTGGACTGGGGACTACGA_009,127
AATTGGACTGGGGACTACGA_010,182
AATTGGACTGGGGACTACGA_011,168
AATTGGACTGGGGACTACGA_012,164
AATTGGACTGGGGACTACGA_013,117
AATTGGACTGGGGACTACGA_014,108
AATTGGACTGGGGACTACGA_015,113
AATTGGACTGGGGACTACGA_016,15
AATTGGACTGGGGACTACGA_017,184
AATTGGACTGGGGACTACGA_018,166
AATTGGACTGGGGACTACGA_019,166
AATTGGACTGGGGACTACGA_020,55
AATTGGACTGGGGACTACGA_021,108
AATTGGACTGGGGACTACGA_022,137
AATTGGACTGGGGACTACGA_023,188
AATTGGACTGGGGACTACGA_024,93
AATTGGACTGGGGACTACGA_025,170
AATTGGACTGGGGACTACGA_026,61
AATTGGACTGGGGACTACGA_027,53
AATTGGACTGGGGACTACGA_028,32
AATTGGACTGGGGACTACGA_029,65
AATTGGACTGGGGACTACGA_030,48
AATTGGACTGGGGACTACGA_031,79
AATTGGACTGGGGACTACGA_032,105
AATTGGACTGGGGACTACGA_033,144
AATTGGACTGGGGACTACGA_034,168
AATTGGACTGGGGACTACGA_035,76
AATTGGACTGGGGACTACGA_036,41
AATTGGACTGGGGACTACGA_037,3
AATTGGACTGGGGACTACGA_038,172
AATTGGACTGGGGACTACGA_039,125
ATAGAGCCAATTTACCCACA_001,185
ATAGAGCCAATTTACCCACA_002,141
ATAGAGCCAATTTACCCACA_003,3
CGCAATTGTCTGGAGCACGT_001,144
CGCAATTGTCTGGAGCACGT_002,175
ATGTACCAGATGAGCCTCCG_001,65
ATGTACCAGATGAGCCTCCG_002,192
ATGTACCAGATGAGCCTCCG_003,162
ATGTACCAGATGAGCCTCCG_004,80
ATGTACCAGATGAGCCTCCG_005,171
ATGTACCAGATGAGCCTCCG_006,37
ATGTACCAGATGAGCCTCCG_007,146
ATGTACCAGATGAGCCTCCG_008,76
ATGTACCAGATGAGCCTCCG_009,129
ATGTACCAGATGAGCCTCCG_010,141
ATGTACCAGATGAGCCTCCG_011,95
ATGTACCAGATGAGCCTCCG_012,69
ATGTACCAGATGAGCCTCCG_013,34
ATGTACCAGATGAGCCTCCG_014,17
ATGTACCAGATGAGCCTCCG_015,53
ATGTACCAGATGAGCCTCCG_016,27
ATGTACCAGATGAGCCTCCG_017,115
TCTTGTATAAAAAGTTACCA_001,29
TCTTGTATAAAAAGTTACCA_002,47
TCTTGTATAAAAAGTTACCA_003,71
TCTTGTATAAAAAGTTACCA_004,16
TCTTGTATAAAAAGTTACCA_005,142
TCTTGTATAAAAAGTTACCA_006,29
GACAGAAACTGCTTGCGCAG_001,119
GACAGAAACTGCTTGCGCAG_002,171
GACAGAAACTGCTTGCGCAG_003,31
GACAGAAACTGCTTGCGCAG_004,131
GACAGAAACTGCTTGCGCAG_005,134
GACAGAAACTGCTTGCGCAG_006,97
GACAGAAACTGCTTGCGCAG_007,197
GACAGAAACTGCTTGCGCAG_008,158
GACAGAAACTGCTTGCGCAG_009,9
GACAGAAACTGCTTGCGCAG_010,129
GACAGAAACTGCTTGCGCAG_011,157
GACAGAAACTGCTTGCGCAG_012,49
ACCGATATGACCATCACCAG_001,18
ACCGATATGACCATCACCAG_002,66
ACCGATATGACCATCACCAG_003,181
ACCGATATGACCATCACCAG_004,148
ACCGATATGACCATCACCAG_005,112
ACCGATATGACCATCACCAG_006,81
ACCGATATGACCATCACCAG_007,88
ACCGATATGACCATCACCAG_008,39
ACCGATATGACCATCACCAG_009,179
ACCGATATGACCATCACCAG_010,40
GGAACCAGGTATCGTACGTG_001,17
GGAACCAGGTATCGTACGTG_002,87
GGAACCAGGTATCGTACGTG_003,60
GGAACCAGGTATCGTACGTG_004,194
GGAACCAGGTATCGTACGTG_005,134
GGAACCAGGTATCGTACGTG_006,30
GGAACCAGGTATCGTACGTG_007,169
GGAACCAGGTATCGTACGTG_008,145
GGAACCAGGTATCGTACGTG_009,91
GGCCCGGTACGCTGGAAACG_001,102
GGCCCGGTACGCTGGAAACG_002,199
GGCCCGGTACGCTGGAAACG_003,191
GGCCCGGTACGCTGGAAACG_004,130
GGCCCGGTACGCTGGAAACG_005,96
GGCCCGGTACGCTGGAAACG_006,157
GGCCCGGTACGCTGGAAACG_007,77
ATGGCAATGGAGGTGCCATG_001,50
ATGGCAATGGAGGTGCCATG_002,9
ATGGCAATGGAGGTGCCATG_003,48
ATGGCAATGGAGGTGCCATG_004,50
ATGGCAATGGAGGTGCCATG_005,81
ATGGCAATGGAGGTGCCATG_006,27
ATGGCAATGGAGGTGCCATG_007,130
ATGGCAATGGAGGTGCCATG_008,146
CCCCAAGGGTATGTACCGTG_001,40
CCCCAAGGGTATGTACCGTG_002,121
CCCCAAGGGTATGTACCGTG_003,68
CCCCAAGGGTATGTACCGTG_004,66
CCCCAAGGGTATGTACCGTG_005,2
CCCCAAGGGTATGTACCGTG_006,156
CACAAGTGATGTCCCCCATG_001,11
CACAAGTGATGTCCCCCATG_002,190
CACAAGTGATGTCCCCCATG_003,142
CACAAGTGATGTCCCCCATG_004,199
CACAAGTGATGTCCCCCATG_005,154
CACAAGTGATGTCCCCCATG_006,156
CACAAGTGATGTCCCCCATG_007,43
CACAAGTGATGTCCCCCATG_008,5
CACAAGTGATGTCCCCCATG_009,2
CACAAGTGATGTCCCCCATG_010,96
CACAAGTGATGTCCCCCATG_011,144
CACAAGTGATGTCCCCCATG_012,197
CACAAGTGATGTCCCCCATG_013,41
CACAAGTGATGTCCCCCATG_014,24
CACAAGTGATGTCCCCCATG_015,133
CACAAGTGATGTCCCCCATG_016,88
CACAAGTGATGTCCCCCATG_017,10
CACAAGTGATGTCCCCCATG_018,106
CACAAGTGATGTCCCCCATG_019,137
CACAAGTGATGTCCCCCATG_020,175
CACAAGTGATGTCCCCCATG_021,80
CACCATGGCGACCACACAGG_001,163
CACCATGGCGACCACACAGG_002,77
CACCATGGCGACCACACAGG_003,12
CACCATGGCGACCACACAGG_004,5
CACCATGGCGACCACACAGG_005,18
CACCATGGCGACCACACAGG_006,106
CACCATGGCGACCACACAGG_007,49
CACCATGGCGACCACACAGG_008,18
CACCATGGCGACCACACAGG_009,163
CACCATGGCGACCACACAGG_010,31
CACCATGGCGACCACACAGG_011,190
CACCATGGCGACCACACAGG_012,199
CACCATGGCGACCACACAGG_013,98
CACCATGGCGACCACACAGG_014,1
CACCATGGCGACCACACAGG_015,11
CACCATGGCGACCACACAGG_016,53
CACCATGGCGACCACACAGG_017,10
CACCATGGCGACCACACAGG_018,53
CACCATGGCGACCACACAGG_019,118
CACCATGGCGACCACACAGG_020,172
CACCATGGCGACCACACAGG_021,56
CACCATGGCGACCACACAGG_022,65
CACCATGGCGACCACACAGG_023,115
CACCATGGCGACCACACAGG_024,154
CACCATGGCGACCACACAGG_025,134
CACCATGGCGACCACACAGG_026,5
CACCATGGCGACCACACAGG_027,118
CACCATGGCGACCACACAGG_028,134
CACCATGGCGACCACACAGG_029,89
CACCATGGCGACCACACAGG_030,115
CACCATGGCGACCACACAGG_031,173
CACCATGGCGACCACACAGG_032,173
CACCATGGCGACCACACAGG_033,105
CACCATGGCGACCACACAGG_034,75
CACCATGGCGACCACACAGG_035,197
CACCATGGCGACCACACAGG_036,57
CACCATGGCGACCACACAGG_037,40
CACCATGGCGACCACACAGG_038,138
CACCATGGCGACCACACAGG_039,171
CACCATGGCGACCACACAGG_040,76
CACCATGGCGACCACACAGG_041,100
CACCATGGCGACCACACAGG_042,154
CACCATGGCGACCACACAGG_043,63
CACCATGGCGACCACACAGG_044,86
CCAGTGAAGATAGTGATCCG_001,4
CCAGTGAAGATAGTGATCCG_002,15
AAAGTGAAATCATATATACG_001,113
AAAGTGAAATCATATATACG_002,141
AAAGTGAAATCATATATACG_003,146
AAAGTGAAATCATATATACG_004,96
GCACTTGGCCCGCTTCGTGT_001,36
GCACTTGGCCCGCTTCGTGT_002,6
GCACTTGGCCCGCTTCGTGT_003,149
GCACTTGGCCCGCTTCGTGT_004,5
GCACTTGGCCCGCTTCGTGT_005,36
GCACTTGGCCCGCTTCGTGT_006,75
GCACTTGGCCCGCTTCGTGT_007,69
GCACTTGGCCCGCTTCGTGT_008,180
GCACTTGGCCCGCTTCGTGT_009,9
GCACTTGGCCCGCTTCGTGT_010,172
GCACTTGGCCCGCTTCGTGT_011,56
ACGCTTAGTCCCGAAGACCA_001,12
ACGCTTAGTCCCGAAGACCA_002,130
ACGCTTAGTCCCGAAGACCA_003,181
ACGCTTAGTCCCGAAGACCA_004,80
ACGCTTAGTCCCGAAGACCA_005,42
ACGCTTAGTCCCGAAGACCA_006,184
ACGCTTAGTCCCGAAGACCA_007,30
ACGCTTAGTCCCGAAGACCA_008,122
ACGCTTAGTCCCGAAGACCA_009,70
ACGCTTAGTCCCGAAGACCA_010,2
ACGCTTAGTCCCGAAGACCA_011,28
ACGCTTAGTCCCGAAGACCA_012,149
ACGCTTAGTCCCGAAGACCA_013,48
ACGCTTAGTCCCGAAGACCA_014,35
ACGCTTAGTCCCGAAGACCA_015,15
GGTGCTGTCGGTATCCCACG_001,4
GGTGCTGTCGGTATCCCACG_002,76
CACTGCGGCCCACGAAGCGA_001,162
CACTGCGGCCCACGAAGCGA_002,98
CACTGCGGCCCACGAAGCGA_003,94
CACTGCGGCCCACGAAGCGA_004,112
CACTGCGGCCCACGAAGCGA_005,183
CACTGCGGCCCACGAAGCGA_006,36
CACTGCGGCCCACGAAGCGA_007,56
CACTGCGGCCCACGAAGCGA_008,124
CACTGCGGCCCACGAAGCGA_009,114
CGGCGATGTTAAGTACAAGG_001,109
CGGCGATGTTAAGTACAAGG_002,109
CGGCGATGTTAAGTACAAGG_003,156
CGGCGATGTTAAGTACAAGG_004,157
CGGCGATGTTAAGTACAAGG_005,199
CGGCGATGTTAAGTACAAGG_006,57
CGGCGATGTTAAGTACAAGG_007,155
CGGCGATGTTAAGTACAAGG_008,93
CGGCGATGTTAAGTACAAGG_009,128
CGGCGATGTTAAGTACAAGG_010,149
CGGCGATGTTAAGTACAAGG_011,121
CGGCGATGTTAAGTACAAGG_012,172
CGGCGATGTTAAGTACAAGG_013,2
CGGCGATGTTAAGTACAAGG_014,17
CGGCGATGTTAAGTACAAGG_015,149
CGGCGATGTTAAGTACAAGG_016,135
CGGCGATGTTAAGTACAAGG_017,176
CGGCGATGTTAAGTACAAGG_018,173
CGGCGATGTTAAGTACAAGG_019,114
CATTCGGGTTGTTAACATCG_001,24
GCTTCTGTTTCTCGCGCACT_001,159
GCTTCTGTTTCTCGCGCACT_002,70
GCTTCTGTTTCTCGCGCACT_003,103
AAGAGCCAAAGGGCCTAGAA_001,137
AAGAGCCAAAGGGCCTAGAA_002,88
AAGAGCCAAAGGGCCTAGAA_003,48
AAGAGCCAAAGGGCCTAGAA_004,75
AAGAGCCAAAGGGCCTAGAA_005,178
AAGAGCCAAAGGGCCTAGAA_006,170
AAGAGCCAAAGGGCCTAGAA_007,102
AAGAGCCAAAGGGCCTAGAA_008,198
AAGAGCCAAAGGGCCTAGAA_009,55
AAGAGCCAAAGGGCCTAGAA_010,176
AAGAGCCAAAGGGCCTAGAA_011,8
AAGAGCCAAAGGGCCTAGAA_012,5
AAGAGCCAAAGGGCCTAGAA_013,197
AAGAGCCAAAGGGCCTAGAA_014,46
AAGAGCCAAAGGGCCTAGAA_015,88
AGAAATTAAAGAAAAGTCGA_001,38
AGAAATTAAAGAAAAGTCGA_002,8
AGAAATTAAAGAAAAGTCGA_003,19
AGAAATTAAAGAAAAGTCGA_004,22
AGAAATTAAAGAAAAGTCGA_005,168
CAGGCACAGTACGTGCCTTG_001,26
GGCACAGCACTGCACCCGTG_001,56
GGCACAGCACTGCACCCGTG_002,144
GGCACAGCACTGCACCCGTG_003,17
GGCACAGCACTGCACCCGTG_004,98
GGCACAGCACTGCACCCGTG_005,185
GGCACAGCACTGCACCCGTG_006,62
GGCACAGCACTGCACCCGTG_007,197
GGCACAGCACTGCACCCGTG_008,31
GGCACAGCACTGCACCCGTG_009,55
GGCACAGCACTGCACCCGTG_010,1
GGCACAGCACTGCACCCGTG_011,145
GGCACAGCACTGCACCCGTG_012,120
GGCACAGCACTGCACCCGTG_013,44
GGCACAGCACTGCACCCGTG_014,174
GGCACAGCACTGCACCCGTG_015,47
GGCACAGCACTGCACCCGTG_016,47
GGCACAGCACTGCACCCGTG_017,178
GGCACAGCACTGCACCCGTG_018,90
GGCACAGCACTGCACCCGTG_019,6
CAGGTATGCGTTCACCGTGG_001,55
GCAGCGACGTGATCAAACTC_001,175
GCAGCGACGTGATCAAACTC_002,19
GCAGCGACGTGATCAAACTC_003,19
GCAGCGACGTGATCAAACTC_004,178
GCAGCGACGTGATCAAACTC_005,166
GCAGCGACGTGATCAAACTC_006,61
GCAGCGACGTGATCAAACTC_007,82
GCAGCGACGTGATCAAACTC_008,52
GCAGCGACGTGATCAAACTC_009,87
GCAGCGACGTGATCAAACTC_010,103
GCAGCGACGTGATCAAACTC_011,2
GCAGCGACGTGATCAAACTC_012,2
GCAGCGACGTGATCAAACTC_013,19
GCAGCGACGTGATCAAACTC_014,166
GCAGCGACGTGATCAAACTC_015,52
CCACACACCCCACAGATCCG_001,177
CCACACACCCCACAGATCCG_002,98
CCACACACCCCACAGATCCG_003,54
CCACACACCCCACAGATCCG_004,47
CCACACACCCCACAGATCCG_005,183
CCACACACCCCACAGATCCG_006,35
CCACACACCCCACAGATCCG_007,98
CCACACACCCCACAGATCCG_008,186
CCACACACCCCACAGATCCG_009,169
CCACACACCCCACAGATCCG_010,179
CCACACACCCCACAGATCCG_011,46
CCACACACCCCACAGATCCG_012,178
CCACACACCCCACAGATCCG_013,60
CCACACACCCCACAGATCCG_014,162
CCACACACCCCACAGATCCG_015,166
CCACACACCCCACAGATCCG_016,168
CTGACTCCAAAAGCGGTACA_001,38
CTGACTCCAAAAGCGGTACA_002,158
CTGACTCCAAAAGCGGTACA_003,10
CTGACTCCAAAAGCGGTACA_004,15
CTGACTCCAAAAGCGGTACA_005,113
CTGACTCCAAAAGCGGTACA_006,40
CTGACTCCAAAAGCGGTACA_007,192
CTGACTCCAAAAGCGGTACA_008,103
CTGACTCCAAAAGCGGTACA_009,88
CTGACTCCAAAAGCGGTACA_010,87
CTGACTCCAAAAGCGGTACA_011,54
CTGACTCCAAAAGCGGTACA_012,93
CTGACTCCAAAAGCGGTACA_013,165
CTGACTCCAAAAGCGGTACA_014,61
GGGGGGTGGAGACACATGCA_001,96
GGGGGGTGGAGACACATGCA_002,65
GGTATCCGCTCGCTTTGGAG_001,191
GGTATCCGCTCGCTTTGGAG_002,61
GGTATCCGCTCGCTTTGGAG_003,12
GGTATCCGCTCGCTTTGGAG_004,5
GGTATCCGCTCGCTTTGGAG_005,190
GGTATCCGCTCGCTTTGGAG_006,104
GGTATCCGCTCGCTTTGGAG_007,129
GGTATCCGCTCGCTTTGGAG_008,119
GGTATCCGCTCGCTTTGGAG_009,181
GGTATCCGCTCGCTTTGGAG_010,2
GGTATCCGCTCGCTTTGGAG_011,168
GGTATCCGCTCGCTTTGGAG_012,141
GGTATCCGCTCGCTTTGGAG_013,190
GTTGGTGAAGGCACAAGCCA_001,118
GTTGGTGAAGGCACAAGCCA_002,62
GTTGGTGAAGGCACAAGCCA_003,105
GTTGGTGAAGGCACAAGCCA_004,163
GTTGGTGAAGGCACAAGCCA_005,67
GTTGGTGAAGGCACAAGCCA_006,138
TGATCTTATCAGTGCCAACA_001,189
TGATCTTATCAGTGCCAACA_002,193
TGATCTTATCAGTGCCAACA_003,116
TGATCTTATCAGTGCCAACA_004,9
TGATCTTATCAGTGCCAACA_005,141
TGATCTTATCAGTGCCAACA_006,125
TGATCTTATCAGTGCCAACA_007,147
CATCCGGCGGAACTGGATCG_001,91
CATCCGGCGGAACTGGATCG_002,82
CATCCGGCGGAACTGGATCG_003,3
CATCCGGCGGAACTGGATCG_004,33
CATCCGGCGGAACTGGATCG_005,197
CATCCGGCGGAACTGGATCG_006,188
CATCCGGCGGAACTGGATCG_007,107
CAGCCGCAGAAACTCCAGCA_001,115
CAGCCGCAGAAACTCCAGCA_002,3
CAGCCGCAGAAACTCCAGCA_003,30
CAGCCGCAGAAACTCCAGCA_004,139
CAGCCGCAGAAACTCCAGCA_005,70
CAGCCGCAGAAACTCCAGCA_006,2
CAGCCGCAGAAACTCCAGCA_007,62
CAGCCGCAGAAACTCCAGCA_008,48
CAGCCGCAGAAACTCCAGCA_009,76
CAGCCGCAGAAACTCCAGCA_010,53
CAGCCGCAGAAACTCCAGCA_011,42
CAGCCGCAGAAACTCCAGCA_012,161
CAGCCGCAGAAACTCCAGCA_013,186
CAGCCGCAGAAACTCCAGCA_014,27
CAGCCGCAGAAACTCCAGCA_015,126
CAGCCGCAGAAACTCCAGCA_016,72
CAGCCGCAGAAACTCCAGCA_017,69
GGGCACTTGAATCGCATCCG_001,75
GGGCACTTGAATCGCATCCG_002,8
GGGCACTTGAATCGCATCCG_003,136
GGGCACTTGAATCGCATCCG_004,147
GGGCACTTGAATCGCATCCG_005,107
GGGCACTTGAATCGCATCCG_006,88
GGGCACTTGAATCGCATCCG_007,78
GGGCACTTGAATCGCATCCG_008,130
GGGCACTTGAATCGCATCCG_009,9
GGGCACTTGAATCGCATCCG_010,92
TAAGTTGAAGTCCAAACACC_001,72
TGCCCCCAATGAATCCATAG_001,199
TGCCCCCAATGAATCCATAG_002,15
TGCCCCCAATGAATCCATAG_003,14
TGCCCCCAATGAATCCATAG_004,57
TGCCCCCAATGAATCCATAG_005,80
TGCCCCCAATGAATCCATAG_006,161
TGCCCCCAATGAATCCATAG_007,148
TGCCCCCAATGAATCCATAG_008,177
TGCCCCCAATGAATCCATAG_009,11
TGCCCCCAATGAATCCATAG_010,76
TGCCCCCAATGAATCCATAG_011,141
TGCCCCCAATGAATCCATAG_012,160
TGCCCCCAATGAATCCATAG_013,134
TGCCCCCAATGAATCCATAG_014,172
TGCCCCCAATGAATCCATAG_015,32
TGCCCCCAATGAATCCATAG_016,183
TGCCCCCAATGAATCCATAG_017,129
TGCCCCCAATGAATCCATAG_018,161
TGCCCCCAATGAATCCATAG_019,121
CCCTGACGCCAAGCCCACCA_001,94
CCCTGACGCCAAGCCCACCA_002,28
CCCTGACGCCAAGCCCACCA_003,115
CCCTGACGCCAAGCCCACCA_004,134
CCCTGACGCCAAGCCCACCA_005,148
CCCTGACGCCAAGCCCACCA_006,36
CCCTGACGCCAAGCCCACCA_007,192
CCCTGACGCCAAGCCCACCA_008,50
CCCTGACGCCAAGCCCACCA_009,137
CCCTGACGCCAAGCCCACCA_010,147
TCGGCGTCCAACCTGGACCT_001,144
TCGGCGTCCAACCTGGACCT_002,34
TCGGCGTCCAACCTGGACCT_003,95
TCGGCGTCCAACCTGGACCT_004,150
TCGGCGTCCAACCTGGACCT_005,131
TCGGCGTCCAACCTGGACCT_006,197
TCGGCGTCCAACCTGGACCT_007,78
TCGGCGTCCAACCTGGACCT_008,179
TCGGCGTCCAACCTGGACCT_009,128
TGCCGGGAGTGTGCTACGCA_001,198
TGCCGGGAGTGTGCTACGCA_002,90
TGCCGGGAGTGTGCTACGCA_003,178
TGCCGGGAGTGTGCTACGCA_004,45
TGCCGGGAGTGTGCTACGCA_005,194
TGCCGGGAGTGTGCTACGCA_006,75
TGCCGGGAGTGTGCTACGCA_007,2
TGCCGGGAGTGTGCTACGCA_008,145
TGCCGGGAGTGTGCTACGCA_009,135
TGCCGGGAGTGTGCTACGCA_010,170
TGCCGGGAGTGTGCTACGCA_011,185
TGCCGGGAGTGTGCTACGCA_012,142
TGCCGGGAGTGTGCTACGCA_013,172
TGCCGGGAGTGTGCTACGCA_014,31
TGCCGGGAGTGTGCTACGCA_015,61
TGCCGGGAGTGTGCTACGCA_016,2
TGCCGGGAGTGTGCTACGCA_017,199
TGCCGGGAGTGTGCTACGCA_018,117
TGCCGGGAGTGTGCTACGCA_019,6
TGCCGGGAGTGTGCTACGCA_020,65
TGCCGGGAGTGTGCTACGCA_021,70
AATGAGAACATATATGATAG_001,193
GAGCGTGCCTCCACAGATGT_001,172
GAGCGTGCCTCCACAGATGT_002,77
GAGCGTGCCTCCACAGATGT_003,16
GAGCGTGCCTCCACAGATGT_004,168
GAGCGTGCCTCCACAGATGT_005,88
GAGCGTGCCTCCACAGATGT_006,124
GAGCGTGCCTCCACAGATGT_007,96
GAGCGTGCCTCCACAGATGT_008,50
GAGCGTGCCTCCACAGATGT_009,113
GAGCGTGCCTCCACAGATGT_010,19
GAGCGTGCCTCCACAGATGT_011,136
GAGCGTGCCTCCACAGATGT_012,10
GAGCGTGCCTCCACAGATGT_013,111
GAGCGTGCCTCCACAGATGT_014,15
GAGCGTGCCTCCACAGATGT_015,184
TGCCTAGTAGGATATCATCT_001,113
TGCCTAGTAGGATATCATCT_002,190
TGCCTAGTAGGATATCATCT_003,70
TGCCTAGTAGGATATCATCT_004,76
TGCCTAGTAGGATATCATCT_005,73
TGCCTAGTAGGATATCATCT_006,48
TGTCCATGGTCCCGAACAGG_001,130
TGTCCATGGTCCCGAACAGG_002,16
TGTCCATGGTCCCGAACAGG_003,51
TGTCCATGGTCCCGAACAGG_004,175
TGTCCATGGTCCCGAACAGG_005,120
TGTCCATGGTCCCGAACAGG_006,83
TGTCCATGGTCCCGAACAGG_007,116
TGTCCATGGTCCCGAACAGG_008,97
TTATCTTGATGCACCCAGTG_001,124
TTATCTTGATGCACCCAGTG_002,124
TTATCTTGATGCACCCAGTG_003,121
TTATCTTGATGCACCCAGTG_004,75
TTATCTTGATGCACCCAGTG_005,76
TTATCTTGATGCACCCAGTG_006,45
TTATCTTGATGCACCCAGTG_007,188
TTATCTTGATGCACCCAGTG_008,68
TTATCTTGATGCACCCAGTG_009,8
TTATCTTGATGCACCCAGTG_010,119
TTGTAAAAGAGTAATTGGTT_001,127
GGGCTATCTAGAAGCCCTCA_001,130
GGGCTATCTAGAAGCCCTCA_002,178
GGGCTATCTAGAAGCCCTCA_003,147
GGGCTATCTAGAAGCCCTCA_004,92
GGGCTATCTAGAAGCCCTCA_005,72
GGGCTATCTAGAAGCCCTCA_006,68
GGGCTATCTAGAAGCCCTCA_007,102
GGGCTATCTAGAAGCCCTCA_008,187
GGGCTATCTAGAAGCCCTCA_009,16
GGGCTATCTAGAAGCCCTCA_010,61
TGAACGCGTGTTTCCTTGCA_001,62
TGAACGCGTGTTTCCTTGCA_002,62
TGAACGCGTGTTTCCTTGCA_003,27
TGAACGCGTGTTTCCTTGCA_004,68
TGAACGCGTGTTTCCTTGCA_005,11
TGAACGCGTGTTTCCTTGCA_006,162
TGAACGCGTGTTTCCTTGCA_007,19
TGAACGCGTGTTTCCTTGCA_008,15
TGAACGCGTGTTTCCTTGCA_009,50
TGAACGCGTGTTTCCTTGCA_010,106
TGAACGCGTGTTTCCTTGCA_011,138
TGAACGCGTGTTTCCTTGCA_012,140
TGAACGCGTGTTTCCTTGCA_013,91
TGAACGCGTGTTTCCTTGCA_014,145
TGAACGCGTGTTTCCTTGCA_015,146
CTACAGACCTTCCGCGACTA_001,48
CTACAGACCTTCCGCGACTA_002,94
CTACAGACCTTCCGCGACTA_003,199
CTACAGACCTTCCGCGACTA_004,189
CTACAGACCTTCCGCGACTA_005,16
CTACAGACCTTCCGCGACTA_006,152
CTACAGACCTTCCGCGACTA_007,132
CTACAGACCTTCCGCGACTA_008,2
CTACAGACCTTCCGCGACTA_009,158
CTACAGACCTTCCGCGACTA_010,96
CTACAGACCTTCCGCGACTA_011,179
CTACAGACCTTCCGCGACTA_012,83
CTACAGACCTTCCGCGACTA_013,78
CTACAGACCTTCCGCGACTA_014,63
CTACAGACCTTCCGCGACTA_015,119
CTACAGACCTTCCGCGACTA_016,102
CTACAGACCTTCCGCGACTA_017,65
CTACAGACCTTCCGCGACTA_018,91
TCCTCCAGCTGGATATAGTG_001,117
TCCTCCAGCTGGATATAGTG_002,71
AGACAATTTGAGGGACTACA_001,198
AGACAATTTGAGGGACTACA_002,58
AGACAATTTGAGGGACTACA_003,146
AGACAATTTGAGGGACTACA_004,184
AGACAATTTGAGGGACTACA_005,178
AGACAATTTGAGGGACTACA_006,80
AGACAATTTGAGGGACTACA_007,154
AGACAATTTGAGGGACTACA_008,147
AGACAATTTGAGGGACTACA_009,50
AGACAATTTGAGGGACTACA_010,68
AGACAATTTGAGGGACTACA_011,103
CAGCACCAGGCACACGTAGG_001,9
CAGCACCAGGCACACGTAGG_002,100
CAGCACCAGGCACACGTAGG_003,3
CAGCACCAGGCACACGTAGG_004,117
CAGCACCAGGCACACGTAGG_005,41
CAGCACCAGGCACACGTAGG_006,97
CAGCACCAGGCACACGTAGG_007,187
CAGCACCAGGCACACGTAGG_008,142
CAGCACCAGGCACACGTAGG_009,62
CAGCACCAGGCACACGTAGG_010,62
GTGTAGAACCAAATTCGTTG_001,11
GTGTAGAACCAAATTCGTTG_002,11
GTGTAGAACCAAATTCGTTG_003,145
GTTCATGATTCCCATAGCCT_001,140
GTTCATGATTCCCATAGCCT_002,183
GTTCATGATTCCCATAGCCT_003,124
GTTCATGATTCCCATAGCCT_004,40
TGCCGTAGGCAACTCTAACA_001,4
TGCCGTAGGCAACTCTAACA_002,61
TGCCGTAGGCAACTCTAACA_003,30
TGCCGTAGGCAACTCTAACA_004,198
TGCCGTAGGCAACTCTAACA_005,58
TGCCGTAGGCAACTCTAACA_006,104
TGCCGTAGGCAACTCTAACA_007,11
TGCCGTAGGCAACTCTAACA_008,1
TGCCGTAGGCAACTCTAACA_009,121
TGGTACCATTCATACATCAG_001,85
TGGTACCATTCATACATCAG_002,57
TGGTACCATTCATACATCAG_003,198
TGGTACCATTCATACATCAG_004,142
TGGTACCATTCATACATCAG_005,136
GACACTTCAGTGAATGCACG_001,32
GACACTTCAGTGAATGCACG_002,89
GACACTTCAGTGAATGCACG_003,88
GACACTTCAGTGAATGCACG_004,130
GACACTTCAGTGAATGCACG_005,12
GACACTTCAGTGAATGCACG_006,83
GACACTTCAGTGAATGCACG_007,163
GACACTTCAGTGAATGCACG_008,149
GACACTTCAGTGAATGCACG_009,152
GACACTTCAGTGAATGCACG_010,144
GACACTTCAGTGAATGCACG_011,137
GACACTTCAGTGAATGCACG_012,162
GACACTTCAGTGAATGCACG_013,161
GACACTTCAGTGAATGCACG_014,45
GACACTTCAGTGAATGCACG_015,52
GACACTTCAGTGAATGCACG_016,69
GACACTTCAGTGAATGCACG_017,64
GACACTTCAGTGAATGCACG_018,36
GACACTTCAGTGAATGCACG_019,3
GACACTTCAGTGAATGCACG_020,65
TCAGTCGAAATGGTTGGACG_001,100
TCAGTCGAAATGGTTGGACG_002,169
TCAGTCGAAATGGTTGGACG_003,45
TCAGTCGAAATGGTTGGACG_004,76
TCAGTCGAAATGGTTGGACG_005,176
TCAGTCGAAATGGTTGGACG_006,67
TGTGTTGAAGGACGATACTG_001,163
TGTGTTGAAGGACGATACTG_002,54
TGTGTTGAAGGACGATACTG_003,198
TGTGTTGAAGGACGATACTG_004,169
TGTGTTGAAGGACGATACTG_005,2
TGTGTTGAAGGACGATACTG_006,175
TGTGTTGAAGGACGATACTG_007,8
TGTGTTGAAGGACGATACTG_008,147
TGTGTTGAAGGACGATACTG_009,32
TTCGCCGACTCAGAACGTCA_001,162
TTCGCCGACTCAGAACGTCA_002,151
TTCGCCGACTCAGAACGTCA_003,177
TTCGCCGACTCAGAACGTCA_004,130
TTCGCCGACTCAGAACGTCA_005,152
TTCGCCGACTCAGAACGTCA_006,190
TTCGCCGACTCAGAACGTCA_007,40
TTCGCCGACTCAGAACGTCA_008,112
TTCGCCGACTCAGAACGTCA_009,134
TTCGCCGACTCAGAACGTCA_010,16
TTCGCCGACTCAGAACGTCA_011,150
TTCGCCGACTCAGAACGTCA_012,1
TTCGCCGACTCAGAACGTCA_013,56
TTCGCCGACTCAGAACGTCA_014,134
TTCGCCGACTCAGAACGTCA_015,144
TTCGCCGACTCAGAACGTCA_016,151
TTCGCCGACTCAGAACGTCA_017,49
TTCGCCGACTCAGAACGTCA_018,146
TTCGCCGACTCAGAACGTCA_019,104
TTCGCCGACTCAGAACGTCA_020,52
TTCGCCGACTCAGAACGTCA_021,66
TTCGCCGACTCAGAACGTCA_022,144
TTCGCCGACTCAGAACGTCA_023,97
TTCGCCGACTCAGAACGTCA_024,189
TTCGCCGACTCAGAACGTCA_025,78
TTCGCCGACTCAGAACGTCA_026,0
TTCGCCGACTCAGAACGTCA_027,78
TTCGCCGACTCAGAACGTCA_028,96
TTCGCCGACTCAGAACGTCA_029,94
TTCGCCGACTCAGAACGTCA_030,88
TTCGCCGACTCAGAACGTCA_031,48
TTCGCCGACTCAGAACGTCA_032,47
AAATTGGAGAATAACATGCG_001,34
AAATTGGAGAATAACATGCG_002,158
AAATTGGAGAATAACATGCG_003,74
AAATTGGAGAATAACATGCG_004,110
AAATTGGAGAATAACATGCG_005,115
AAATTGGAGAATAACATGCG_006,1
AAATTGGAGAATAACATGCG_007,115
AAATTGGAGAATAACATGCG_008,1
AAATTGGAGAATAACATGCG_009,127
AAATTGGAGAATAACATGCG_010,107
AAATTGGAGAATAACATGCG_011,177
AAATTGGAGAATAACATGCG_012,65
AAATTGGAGAATAACATGCG_013,105
AAATTGGAGAATAACATGCG_014,121
GAGGCCGTACCTGTAATGGC_001,72
GAGGCCGTACCTGTAATGGC_002,188
GAGGCCGTACCTGTAATGGC_003,149
GAGGCCGTACCTGTAATGGC_004,84
GAGGCCGTACCTGTAATGGC_005,88
GAGGCCGTACCTGTAATGGC_006,70
GAGGCCGTACCTGTAATGGC_007,45
GAGGCCGTACCTGTAATGGC_008,58
GAGGCCGTACCTGTAATGGC_009,157
GAGGCCGTACCTGTAATGGC_010,49
GAGGCCGTACCTGTAATGGC_011,165
GAGGCCGTACCTGTAATGGC_012,124
GAGGCCGTACCTGTAATGGC_013,41
GAGGCCGTACCTGTAATGGC_014,159
AGCTTTGCAGCAAAATGACG_001,132
AGCTTTGCAGCAAAATGACG_002,77
AGCTTTGCAGCAAAATGACG_003,91
AGCTTTGCAGCAAAATGACG_004,128
AGCTTTGCAGCAAAATGACG_005,177
CTACGGCCAGTTCCAATACG_001,70
CTACGGCCAGTTCCAATACG_002,96
CTACGGCCAGTTCCAATACG_003,28
CTACGGCCAGTTCCAATACG_004,130
CTACGGCCAGTTCCAATACG_005,143
CTACGGCCAGTTCCAATACG_006,82
CTACGGCCAGTTCCAATACG_007,184
CTACGGCCAGTTCCAATACG_008,100
CTACGGCCAGTTCCAATACG_009,169
CTACGGCCAGTTCCAATACG_010,61
CTACGGCCAGTTCCAATACG_011,61
CTACGGCCAGTTCCAATACG_012,96
CCAGTGTCAAATGGCACCAG_001,165
CCAGTGTCAAATGGCACCAG_002,18
CCAGTGTCAAATGGCACCAG_003,154
CCAGTGTCAAATGGCACCAG_004,166
CCAGTGTCAAATGGCACCAG_005,27
ATTTCTACCGAGGCGCTAAG_001,50
ATTTCTACCGAGGCGCTAAG_002,176
ATTTCTACCGAGGCGCTAAG_003,62
ATTTCTACCGAGGCGCTAAG_004,160
ATTTCTACCGAGGCGCTAAG_005,60
ATTTCTACCGAGGCGCTAAG_006,81
ATTTCTACCGAGGCGCTAAG_007,188
ATTTCTACCGAGGCGCTAAG_008,38
ATTTCTACCGAGGCGCTAAG_009,165
ATTTCTACCGAGGCGCTAAG_010,112
ATTTCTACCGAGGCGCTAAG_011,60
ATAAATTTCACAATTCTCGG_001,41
ATAAATTTCACAATTCTCGG_002,192
ATAAATTTCACAATTCTCGG_003,184
ATAAATTTCACAATTCTCGG_004,149
GGTCTGACTCCACGTCGCTG_001,166
GGTCTGACTCCACGTCGCTG_002,160
GGTCTGACTCCACGTCGCTG_003,147
GGTCTGACTCCACGTCGCTG_004,114
GGTCTGACTCCACGTCGCTG_005,133
GGTCTGACTCCACGTCGCTG_006,29
GGTCTGACTCCACGTCGCTG_007,29
GGTCTGACTCCACGTCGCTG_008,6
GGTCTGACTCCACGTCGCTG_009,73
GGTCTGACTCCACGTCGCTG_010,69
GGTCTGACTCCACGTCGCTG_011,34
GGTCTGACTCCACGTCGCTG_012,30
GGTCTGACTCCACGTCGCTG_013,9
GGTCTGACTCCACGTCGCTG_014,84
GGTCTGACTCCACGTCGCTG_015,97
GGTCTGACTCCACGTCGCTG_016,190
GGTCTGACTCCACGTCGCTG_017,141
GGTCTGACTCCACGTCGCTG_018,198
GGTCTGACTCCACGTCGCTG_019,161
GGTCTGACTCCACGTCGCTG_020,69
GGTCTGACTCCACGTCGCTG_021,162
GGTCTGACTCCACGTCGCTG_022,66
GGTCTGACTCCACGTCGCTG_023,192
GGTCTGACTCCACGTCGCTG_024,121
GGTCTGACTCCACGTCGCTG_025,56
GGTCTGACTCCACGTCGCTG_026,78
GGTCTGACTCCACGTCGCTG_027,197
GGTCTGACTCCACGTCGCTG_028,124
AGTCCGATCATAATCAAACA_001,177
AGTCCGATCATAATCAAACA_002,108
CCTCGCATAAACCACCGTTG_001,70
AAAAACTGCCAACCAACTGA_001,9
AAAAACTGCCAACCAACTGA_002,193
GAGGATTCGCTGCACCACGG_001,105
GAGGATTCGCTGCACCACGG_002,63
GAGGATTCGCTGCACCACGG_003,68
GAGGATTCGCTGCACCACGG_004,68
GAGGATTCGCTGCACCACGG_005,10
GAGGATTCGCTGCACCACGG_006,19
GAGGATTCGCTGCACCACGG_007,168
GAGGATTCGCTGCACCACGG_008,129
GAGGATTCGCTGCACCACGG_009,132
GAGGATTCGCTGCACCACGG_010,147
GAGGATTCGCTGCACCACGG_011,198
GAGGATTCGCTGCACCACGG_012,98
GAGGATTCGCTGCACCACGG_013,2
GAGGATTCGCTGCACCACGG_014,76
GAGGATTCGCTGCACCACGG_015,72
GAGGATTCGCTGCACCACGG_016,21
GAGGATTCGCTGCACCACGG_017,118
TCTTTCTAGATCCCATACAG_001,130
TCTTTCTAGATCCCATACAG_002,96
TCTTTCTAGATCCCATACAG_003,0
TCTTTCTAGATCCCATACAG_004,12
TCTTTCTAGATCCCATACAG_005,48
TCTTTCTAGATCCCATACAG_006,78
TCTTTCTAGATCCCATACAG_007,92
ACGCCCAATGAAATCATCCG_001,93
ACGCCCAATGAAATCATCCG_002,176
ACGCCCAATGAAATCATCCG_003,88
ACGCCCAATGAAATCATCCG_004,1
ACGCCCAATGAAATCATCCG_005,60
ACGCCCAATGAAATCATCCG_006,70
ACGCCCAATGAAATCATCCG_007,50
ACGCCCAATGAAATCATCCG_008,151
ACGCCCAATGAAATCATCCG_009,152
ACGCCCAATGAAATCATCCG_010,144
ACGCCCAATGAAATCATCCG_011,40
AGAACGAGCCCGGCCCTCAA_001,84
AGAACGAGCCCGGCCCTCAA_002,32
AGAACGAGCCCGGCCCTCAA_003,75
AGAACGAGCCCGGCCCTCAA_004,77
AGAACGAGCCCGGCCCTCAA_005,126
AGAACGAGCCCGGCCCTCAA_006,36
AGAACGAGCCCGGCCCTCAA_007,126
AGAACGAGCCCGGCCCTCAA_008,47
CCCCGCCCACCTTAAGCATG_001,98
CCCCGCCCACCTTAAGCATG_002,190
CCCCGCCCACCTTAAGCATG_003,88
CCCCGCCCACCTTAAGCATG_004,134
CCCCGCCCACCTTAAGCATG_005,141
CCCCGCCCACCTTAAGCATG_006,108
CCCCGCCCACCTTAAGCATG_007,50
CCCCGCCCACCTTAAGCATG_008,91
CCCCGCCCACCTTAAGCATG_009,38
CCCCGCCCACCTTAAGCATG_010,126
CCCCGCCCACCTTAAGCATG_011,118
CCCCGCCCACCTTAAGCATG_012,161
CCCCGCCCACCTTAAGCATG_013,190
CCCCGCCCACCTTAAGCATG_014,147
CCCCGCCCACCTTAAGCATG_015,160
CCCCGCCCACCTTAAGCATG_016,178
CCCCGCCCACCTTAAGCATG_017,7
CCCCGCCCACCTTAAGCATG_018,121
CCCCGCCCACCTTAAGCATG_019,116
CCCCGCCCACCTTAAGCATG_020,119
CCCCGCCCACCTTAAGCATG_021,121
CCCCGCCCACCTTAAGCATG_022,124
GCTAGCTATTGCTAAAGATG_001,19
GCTAGCTATTGCTAAAGATG_002,117
GCTAGCTATTGCTAAAGATG_003,94
GAAGAGCCAGTGTCCCATTG_001,121
GAAGAGCCAGTGTCCCATTG_002,115
GAAGAGCCAGTGTCCCATTG_003,76
GAAGAGCCAGTGTCCCATTG_004,164
GAAGAGCCAGTGTCCCATTG_005,7
GAAGAGCCAGTGTCCCATTG_006,158
GAAGAGCCAGTGTCCCATTG_007,23
GAAGAGCCAGTGTCCCATTG_008,17
GAAGAGCCAGTGTCCCATTG_009,34
GAAGAGCCAGTGTCCCATTG_010,85
GAAGAGCCAGTGTCCCATTG_011,164
GAAGAGCCAGTGTCCCATTG_012,124
CAAACAGGTTCCCACACACG_001,160
GCAGGCCATTATGGTTCATG_001,24
GGACGACATTAAGTCCATCA_001,169
GGACGACATTAAGTCCATCA_002,175
GGACGACATTAAGTCCATCA_003,57
TGAACATGCTGATTGGCGTG_001,171
TGAACATGCTGATTGGCGTG_002,32
TGAACATGCTGATTGGCGTG_003,31
TGAACATGCTGATTGGCGTG_004,94
CCAGCCGCCAGTCTTACCAG_001,143
CCAGCCGCCAGTCTTACCAG_002,48
CCAGCCGCCAGTCTTACCAG_003,8
CCAGCCGCCAGTCTTACCAG_004,174
ATTCCTTCGGCGCTCTGCGT_001,177
ATTCCTTCGGCGCTCTGCGT_002,60
ATTCCTTCGGCGCTCTGCGT_003,2
ATTCCTTCGGCGCTCTGCGT_004,105
ATTCCTTCGGCGCTCTGCGT_005,62
ATTCCTTCGGCGCTCTGCGT_006,76
ATTCCTTCGGCGCTCTGCGT_007,76
ATTCCTTCGGCGCTCTGCGT_008,108
ATTCCTTCGGCGCTCTGCGT_009,150
ATTCCTTCGGCGCTCTGCGT_010,169
ATTCCTTCGGCGCTCTGCGT_011,24
ATTCCTTCGGCGCTCTGCGT_012,88
ATTCCTTCGGCGCTCTGCGT_013,169
ATTCCTTCGGCGCTCTGCGT_014,134
ATTCCTTCGGCGCTCTGCGT_015,65
ATTCCTTCGGCGCTCTGCGT_016,38
ATTCCTTCGGCGCTCTGCGT_017,15
ATTCCTTCGGCGCTCTGCGT_018,176
ATTCCTTCGGCGCTCTGCGT_019,17
ATTCCTTCGGCGCTCTGCGT_020,29
ATTCCTTCGGCGCTCTGCGT_021,94
ATTCCTTCGGCGCTCTGCGT_022,11
ATTCCTTCGGCGCTCTGCGT_023,114
ATTCCTTCGGCGCTCTGCGT_024,77
ATTCCTTCGGCGCTCTGCGT_025,88
ACTTACCAAACACCCGCCGG_001,149
ACTTACCAAACACCCGCCGG_002,189
ACTTACCAAACACCCGCCGG_003,105
ACTTACCAAACACCCGCCGG_004,62
ACTTACCAAACACCCGCCGG_005,15
ACTTACCAAACACCCGCCGG_006,188
ACTTACCAAACACCCGCCGG_007,6
ACTTACCAAACACCCGCCGG_008,94
ACTTACCAAACACCCGCCGG_009,63
ACTTACCAAACACCCGCCGG_010,71
ACTTACCAAACACCCGCCGG_011,144
ACTTACCAAACACCCGCCGG_012,104
ACTTACCAAACACCCGCCGG_013,48
ACTTACCAAACACCCGCCGG_014,152
ACTTACCAAACACCCGCCGG_015,146
ACTTACCAAACACCCGCCGG_016,39
ACTTACCAAACACCCGCCGG_017,88
ACTTACCAAACACCCGCCGG_018,155
ACTTACCAAACACCCGCCGG_019,38
ACTTACCAAACACCCGCCGG_020,69
CCCACCATAGGGATGAGATG_001,77
CCCACCATAGGGATGAGATG_002,34
CCCACCATAGGGATGAGATG_003,61
CCCACCATAGGGATGAGATG_004,126
CCCACCATAGGGATGAGATG_005,126
CCCACCATAGGGATGAGATG_006,144
CCCACCATAGGGATGAGATG_007,72
GAGGCCTTACCGACAGCATG_001,155
GAGGCCTTACCGACAGCATG_002,76
GAGGCCTTACCGACAGCATG_003,102
GAGGCCTTACCGACAGCATG_004,110
GAGGCCTTACCGACAGCATG_005,79
GAGGCCTTACCGACAGCATG_006,162
GAGGCCTTACCGACAGCATG_007,197
GAGGCCTTACCGACAGCATG_008,12
GAGGCCTTACCGACAGCATG_009,105
GAGGCCTTACCGACAGCATG_010,180
GAGGCCTTACCGACAGCATG_011,137
GAGGTTAGCATCCCTGATTG_001,6
GAGGTTAGCATCCCTGATTG_002,160
GAGGTTAGCATCCCTGATTG_003,56
GAGGTTAGCATCCCTGATTG_004,10
GATATACGTCATTGACGCAC_001,168
GATATACGTCATTGACGCAC_002,30
GCATCGTCGTCATCCTACAG_001,74
GCATCGTCGTCATCCTACAG_002,81
GCATCGTCGTCATCCTACAG_003,169
GCATCGTCGTCATCCTACAG_004,12
GCATCGTCGTCATCCTACAG_005,35
TACCTCTGGAATGGGTACAG_001,2
TACCTCTGGAATGGGTACAG_002,61
TACCTCTGGAATGGGTACAG_003,148
TACCTCTGGAATGGGTACAG_004,63
TACCTCTGGAATGGGTACAG_005,1
TACCTCTGGAATGGGTACAG_006,12
TACCTCTGGAATGGGTACAG_007,62
TACCTCTGGAATGGGTACAG_008,75
TACCTCTGGAATGGGTACAG_009,77
TACCTCTGGAATGGGTACAG_010,23
TACCTCTGGAATGGGTACAG_011,181
TACCTCTGGAATGGGTACAG_012,121
TACCTCTGGAATGGGTACAG_013,150
TACCTCTGGAATGGGTACAG_014,78
TACCTCTGGAATGGGTACAG_015,70
TACCTCTGGAATGGGTACAG_016,67
TACCTCTGGAATGGGTACAG_017,8
TACCTCTGGAATGGGTACAG_018,36
TACCTCTGGAATGGGTACAG_019,153
TACCTCTGGAATGGGTACAG_020,95
TACCTCTGGAATGGGTACAG_021,1
TACCTCTGGAATGGGTACAG_022,17
TACCTCTGGAATGGGTACAG_023,39
TACCTCTGGAATGGGTACAG_024,43
GATGTGCACGGTGTCAAACG_001,170
GATGTGCACGGTGTCAAACG_002,130
GATGTGCACGGTGTCAAACG_003,164
GATGTGCACGGTGTCAAACG_004,164
GATGTGCACGGTGTCAAACG_005,107
TCAGTGCCTCGACAGATCTG_001,77
TCAGTGCCTCGACAGATCTG_002,147
TCAGTGCCTCGACAGATCTG_003,89
TCAGTGCCTCGACAGATCTG_004,144
TCAGTGCCTCGACAGATCTG_005,12
TCAGTGCCTCGACAGATCTG_006,59
TCAGTGCCTCGACAGATCTG_007,197
TCAGTGCCTCGACAGATCTG_008,55
TCAGTGCCTCGACAGATCTG_009,181
TCAGTGCCTCGACAGATCTG_010,186
ATGTGATTAGCAGTGAGCCA_001,31
ATGTGATTAGCAGTGAGCCA_002,117
ATGTGATTAGCAGTGAGCCA_003,157
ATGTGATTAGCAGTGAGCCA_004,154
ATGTGATTAGCAGTGAGCCA_005,159
ATGTGATTAGCAGTGAGCCA_006,127
ATGTGATTAGCAGTGAGCCA_007,144
ATGTGATTAGCAGTGAGCCA_008,162
ATGTGATTAGCAGTGAGCCA_009,5
ATGTGATTAGCAGTGAGCCA_010,127
ATGTGATTAGCAGTGAGCCA_011,172
CGCAGCCGACCGCTGTAAGG_001,6
CGCAGCCGACCGCTGTAAGG_002,169
CGCAGCCGACCGCTGTAAGG_003,184
CGCAGCCGACCGCTGTAAGG_004,2
CAGGACGGTGCCATGCAGCA_001,88
CAGGACGGTGCCATGCAGCA_002,192
CAGGACGGTGCCATGCAGCA_003,22
CAGGACGGTGCCATGCAGCA_004,83
CAGGACGGTGCCATGCAGCA_005,121
CAGGACGGTGCCATGCAGCA_006,168
CCTTCTCTGGGATCCCGCTG_001,162
CCTTCTCTGGGATCCCGCTG_002,84
CCTTCTCTGGGATCCCGCTG_003,96
AAGATGACCTCACTAACCAG_001,45
AAGATGACCTCACTAACCAG_002,50
AAGATGACCTCACTAACCAG_003,168
AAGATGACCTCACTAACCAG_004,13
ATTAACACTCTCTGTTTCTG_001,162
ATTAACACTCTCTGTTTCTG_002,115
ATTAACACTCTCTGTTTCTG_003,136
ATTAACACTCTCTGTTTCTG_004,88
ATTAACACTCTCTGTTTCTG_005,177
ATTAACACTCTCTGTTTCTG_006,182
ATTAACACTCTCTGTTTCTG_007,49
ATTAACACTCTCTGTTTCTG_008,185
ATTAACACTCTCTGTTTCTG_009,174
ATTAACACTCTCTGTTTCTG_010,17
ATTAACACTCTCTGTTTCTG_011,127
ATTAACACTCTCTGTTTCTG_012,16
ACTGTTTCACGATCTCCGAG_001,195
ACTGTTTCACGATCTCCGAG_002,96
ACTGTTTCACGATCTCCGAG_003,134
GACCAGAACATTGATGTAGA_001,29
GACCAGAACATTGATGTAGA_002,152
GACCAGAACATTGATGTAGA_003,152
GACCAGAACATTGATGTAGA_004,67
GACCAGAACATTGATGTAGA_005,163
GACCAGAACATTGATGTAGA_006,191
GACCAGAACATTGATGTAGA_007,157
GACCAGAACATTGATGTAGA_008,144
GACCAGAACATTGATGTAGA_009,188
GACCAGAACATTGATGTAGA_010,182
GACCAGAACATTGATGTAGA_011,15
GACCAGAACATTGATGTAGA_012,124
GACCAGAACATTGATGTAGA_013,68
GACCAGAACATTGATGTAGA_014,37
GACCAGAACATTGATGTAGA_015,90
GACCAGAACATTGATGTAGA_016,46
AGATCTCTGACGGCACACCC_001,43
AGATCTCTGACGGCACACCC_002,150
AGATCTCTGACGGCACACCC_003,160
GGATGCGGCGATTCCTACTG_001,64
GGATGCGGCGATTCCTACTG_002,178
GGATGCGGCGATTCCTACTG_003,162
GGATGCGGCGATTCCTACTG_004,15
GGATGCGGCGATTCCTACTG_005,87
GGATGCGGCGATTCCTACTG_006,160
GGATGCGGCGATTCCTACTG_007,191
ACAGCCCGGAAATTAGAGCA_001,147
ACAGCCCGGAAATTAGAGCA_002,122
ACAGCCCGGAAATTAGAGCA_003,160
ACAGCCCGGAAATTAGAGCA_004,120
ACAGCCCGGAAATTAGAGCA_005,134
ACAGCCCGGAAATTAGAGCA_006,63
ACAGCCCGGAAATTAGAGCA_007,1
ACAGCCCGGAAATTAGAGCA_008,121
ACAGCCCGGAAATTAGAGCA_009,156
ACAGCCCGGAAATTAGAGCA_010,34
ACAGCCCGGAAATTAGAGCA_011,104
ACAGCCCGGAAATTAGAGCA_012,182
ACAGCCCGGAAATTAGAGCA_013,132
ACAGCCCGGAAATTAGAGCA_014,181
ACAGCCCGGAAATTAGAGCA_015,26
ACAGCCCGGAAATTAGAGCA_016,26
ACAGCCCGGAAATTAGAGCA_017,43
ACAGCCCGGAAATTAGAGCA_018,49
ACAGCCCGGAAATTAGAGCA_019,68
ACAGCCCGGAAATTAGAGCA_020,85
ACAGCCCGGAAATTAGAGCA_021,45
ACAGCCCGGAAATTAGAGCA_022,2
ACAGCCCGGAAATTAGAGCA_023,86
ACAGCCCGGAAATTAGAGCA_024,147
ACAGCCCGGAAATTAGAGCA_025,150
ACAGCCCGGAAATTAGAGCA_026,182
GTTTTCAGTTGCCCAACAGC_001,104
GTTTTCAGTTGCCCAACAGC_002,112
GTTTTCAGTTGCCCAACAGC_003,169
GTTTTCAGTTGCCCAACAGC_004,115
GTTTTCAGTTGCCCAACAGC_005,139
GTTTTCAGTTGCCCAACAGC_006,60
GTTTTCAGTTGCCCAACAGC_007,146
GTTTTCAGTTGCCCAACAGC_008,100
GTTTTCAGTTGCCCAACAGC_009,108
GTTTTCAGTTGCCCAACAGC_010,17
GTTTTCAGTTGCCCAACAGC_011,28
GTTTTCAGTTGCCCAACAGC_012,34
GTTTTCAGTTGCCCAACAGC_013,0
ACTTAAGTAAATCCATGTCG_001,113
GAAGGCGTGTGACTGGCATG_001,88
GAAGGCGTGTGACTGGCATG_002,23
GAAGGCGTGTGACTGGCATG_003,78
GAAGGCGTGTGACTGGCATG_004,170
GAAGGCGTGTGACTGGCATG_005,15
GAAGGCGTGTGACTGGCATG_006,23
CCGGAGAACATACACCTCTG_001,7
CCGGAGAACATACACCTCTG_002,77
CCGGAGAACATACACCTCTG_003,18
CCGGAGAACATACACCTCTG_004,44
CCGGAGAACATACACCTCTG_005,16
CCGGAGAACATACACCTCTG_006,84
CCGGAGAACATACACCTCTG_007,57
CCGGAGAACATACACCTCTG_008,42
CCGGAGAACATACACCTCTG_009,183
CCGGAGAACATACACCTCTG_010,50
CCGGAGAACATACACCTCTG_011,27
CCGGAGAACATACACCTCTG_012,131
CCGGAGAACATACACCTCTG_013,89
CCGGAGAACATACACCTCTG_014,77
CCGGAGAACATACACCTCTG_015,61
CCGGAGAACATACACCTCTG_016,72
CCGGAGAACATACACCTCTG_017,111
GGAGTACGAGAGCCACCGCG_001,62
GGAGTACGAGAGCCACCGCG_002,1
GGAGTACGAGAGCCACCGCG_003,40
GGAGTACGAGAGCCACCGCG_004,130
GGAGTACGAGAGCCACCGCG_005,122
GGAGTACGAGAGCCACCGCG_006,90
GGAGTACGAGAGCCACCGCG_007,8
GGAGTACGAGAGCCACCGCG_008,144
GGAGTACGAGAGCCACCGCG_009,25
GGAGTACGAGAGCCACCGCG_010,81
GGAGTACGAGAGCCACCGCG_011,105
GGAGTACGAGAGCCACCGCG_012,4
GGAGTACGAGAGCCACCGCG_013,126
GGAGTACGAGAGCCACCGCG_014,39
CATGGGCCACAGTAACTTTC_001,61
CATGGGCCACAGTAACTTTC_002,41
CATGGGCCACAGTAACTTTC_003,138
CATGGGCCACAGTAACTTTC_004,174
CATGGGCCACAGTAACTTTC_005,121
AGCGGCGATACATTTCATAA_001,9
AGCGGCGATACATTTCATAA_002,71
AGCGGCGATACATTTCATAA_003,38
AGCGGCGATACATTTCATAA_004,191
AGCGGCGATACATTTCATAA_005,124
AGCAACGCCTTCATCGTGAA_001,129
AGCAACGCCTTCATCGTGAA_002,172
AGCAACGCCTTCATCGTGAA_003,15
AGCAACGCCTTCATCGTGAA_004,91
AGCAACGCCTTCATCGTGAA_005,50
TCAAAGACTCCACAATGAGA_001,64
TCAAAGACTCCACAATGAGA_002,15
TCAAAGACTCCACAATGAGA_003,106
TCAAAGACTCCACAATGAGA_004,135
TCAAAGACTCCACAATGAGA_005,95
TCAAAGACTCCACAATGAGA_006,155
TCAAAGACTCCACAATGAGA_007,110
AGACCCAGTGAACAAATCCG_001,58
AGACCCAGTGAACAAATCCG_002,102
AGACCCAGTGAACAAATCCG_003,144
AGACCCAGTGAACAAATCCG_004,98
TTTCTGTTTGAAGACCACAC_001,117
TTTCTGTTTGAAGACCACAC_002,172
TTTCTGTTTGAAGACCACAC_003,19
TTTCTGTTTGAAGACCACAC_004,98
TTTCTGTTTGAAGACCACAC_005,98
TTTCTGTTTGAAGACCACAC_006,127
TTTCTGTTTGAAGACCACAC_007,141
TTTCTGTTTGAAGACCACAC_008,76
TTTCTGTTTGAAGACCACAC_009,102
TTTCTGTTTGAAGACCACAC_010,138
TTTCTGTTTGAAGACCACAC_011,63
TTTCTGTTTGAAGACCACAC_012,29
TTTCTGTTTGAAGACCACAC_013,6
AGGCCAGAGCCTAGGGCTAG_001,8
AGGCCAGAGCCTAGGGCTAG_002,92
AGGCCAGAGCCTAGGGCTAG_003,145
AGGCCAGAGCCTAGGGCTAG_004,149
AGGCCAGAGCCTAGGGCTAG_005,170
AGGCCAGAGCCTAGGGCTAG_006,9
AGGCCAGAGCCTAGGGCTAG_007,181
AGGCCAGAGCCTAGGGCTAG_008,4
AGGCCAGAGCCTAGGGCTAG_009,103
AGGCCAGAGCCTAGGGCTAG_010,21
AGGCCAGAGCCTAGGGCTAG_011,74
AGGCCAGAGCCTAGGGCTAG_012,194
AGGCCAGAGCCTAGGGCTAG_013,79
AGGCCAGAGCCTAGGGCTAG_014,177
AGGCCAGAGCCTAGGGCTAG_015,104
AGGCCAGAGCCTAGGGCTAG_016,169
AGGCCAGAGCCTAGGGCTAG_017,42
AGGCCAGAGCCTAGGGCTAG_018,101
AGGCCAGAGCCTAGGGCTAG_019,172
AGGCCAGAGCCTAGGGCTAG_020,91
AGGCCAGAGCCTAGGGCTAG_021,72
AGGCCAGAGCCTAGGGCTAG_022,25
AGGCCAGAGCCTAGGGCTAG_023,167
AGGCCAGAGCCTAGGGCTAG_024,43
AGGCCAGAGCCTAGGGCTAG_025,58
AGGCCAGAGCCTAGGGCTAG_026,117
AGGCCAGAGCCTAGGGCTAG_027,15
AGGCCAGAGCCTAGGGCTAG_028,1
GGCCGTGTCTCCAGCCACTG_001,127
GGCCGTGTCTCCAGCCACTG_002,34
GGCCGTGTCTCCAGCCACTG_003,150
GGCCGTGTCTCCAGCCACTG_004,142
GGCCGTGTCTCCAGCCACTG_005,94
GGCCGTGTCTCCAGCCACTG_006,27
GGCCGTGTCTCCAGCCACTG_007,68
GGCCGTGTCTCCAGCCACTG_008,8
GGCCGTGTCTCCAGCCACTG_009,129
GGCCGTGTCTCCAGCCACTG_010,158
AGAGGCCTGTAAATCACCCA_001,153
AGAGGCCTGTAAATCACCCA_002,185
AGAGGCCTGTAAATCACCCA_003,48
AGAGGCCTGTAAATCACCCA_004,18
AGAGGCCTGTAAATCACCCA_005,63
GGGATACTACACGTTTCCAC_001,75
GGGATACTACACGTTTCCAC_002,170
TGGTTCAACGGGTAGAACCA_001,17
TGGTTCAACGGGTAGAACCA_002,62
TGGTTCAACGGGTAGAACCA_003,150
TGGTTCAACGGGTAGAACCA_004,198
TGGTTCAACGGGTAGAACCA_005,67
TGGTTCAACGGGTAGAACCA_006,73
TGGTTCAACGGGTAGAACCA_007,2
TGGTTCAACGGGTAGAACCA_008,134
TGGTTCAACGGGTAGAACCA_009,81
ACATTCACAAGGACAGTGAG_001,115
ACATTCACAAGGACAGTGAG_002,188
ACATTCACAAGGACAGTGAG_003,101
ACATTCACAAGGACAGTGAG_004,30
ACATTCACAAGGACAGTGAG_005,88
ACATTCACAAGGACAGTGAG_006,107
ACATTCACAAGGACAGTGAG_007,34
ACATTCACAAGGACAGTGAG_008,166
ACATTCACAAGGACAGTGAG_009,55
ACATTCACAAGGACAGTGAG_010,99
CTGAGAATTACAAGCACCGG_001,94
CTGAGAATTACAAGCACCGG_002,32
CTGAGAATTACAAGCACCGG_003,159
GATGTAGTAGAGGTTCAGCA_001,168
GATGTAGTAGAGGTTCAGCA_002,28
GATGTAGTAGAGGTTCAGCA_003,122
GATGTAGTAGAGGTTCAGCA_004,107
GATGTAGTAGAGGTTCAGCA_005,127
GATGTAGTAGAGGTTCAGCA_006,14
GATGTAGTAGAGGTTCAGCA_007,41
GATGTAGTAGAGGTTCAGCA_008,147
GATGTAGTAGAGGTTCAGCA_009,144
GATGTAGTAGAGGTTCAGCA_010,42
GATGTAGTAGAGGTTCAGCA_011,7
GATGTAGTAGAGGTTCAGCA_012,81
GATGTAGTAGAGGTTCAGCA_013,121
GATGTAGTAGAGGTTCAGCA_014,138
GATGTAGTAGAGGTTCAGCA_015,191
GATGTAGTAGAGGTTCAGCA_016,83
AGCTGGTCTTGTAAATCCTA_001,105
AGCTGGTCTTGTAAATCCTA_002,158
AGCTGGTCTTGTAAATCCTA_003,130
AGCTGGTCTTGTAAATCCTA_004,130
GAAGCCCCAACAGCACGGCG_001,147
GAAGCCCCAACAGCACGGCG_002,23
GAAGCCCCAACAGCACGGCG_003,9
GAAGCCCCAACAGCACGGCG_004,77
GAAGCCCCAACAGCACGGCG_005,37
GAAGCCCCAACAGCACGGCG_006,127
GAAGCCCCAACAGCACGGCG_007,119
GAAGCCCCAACAGCACGGCG_008,146
GAAGCCCCAACAGCACGGCG_009,33
GAAGCCCCAACAGCACGGCG_010,40
GAAGCCCCAACAGCACGGCG_011,76
GAAGCCCCAACAGCACGGCG_012,8
GAAGCCCCAACAGCACGGCG_013,38
GAAGCCCCAACAGCACGGCG_014,67
GAAGCCCCAACAGCACGGCG_015,81
GAAGCCCCAACAGCACGGCG_016,102
GAAGCCCCAACAGCACGGCG_017,49
GAAGCCCCAACAGCACGGCG_018,108
GAAGCCCCAACAGCACGGCG_019,191
GAAGCCCCAACAGCACGGCG_020,198
GAAGCCCCAACAGCACGGCG_021,28
GAAGCCCCAACAGCACGGCG_022,14
GAAGCCCCAACAGCACGGCG_023,101
GAAGCCCCAACAGCACGGCG_024,6
GAAGCCCCAACAGCACGGCG_025,188
GAGGTGCGTGACCACAACAC_001,70
GAGGTGCGTGACCACAACAC_002,76
GAGGTGCGTGACCACAACAC_003,130
GAGGTGCGTGACCACAACAC_004,178
GAGGTGCGTGACCACAACAC_005,48
GAGGTGCGTGACCACAACAC_006,8
GAGGTGCGTGACCACAACAC_007,188
GAGGTGCGTGACCACAACAC_008,57
GAGGTGCGTGACCACAACAC_009,22
GAGGTGCGTGACCACAACAC_010,58
GAGGTGCGTGACCACAACAC_011,83
GAGGTGCGTGACCACAACAC_012,61
GAGGTGCGTGACCACAACAC_013,120
GAGGTGCGTGACCACAACAC_014,43
GAGGTGCGTGACCACAACAC_015,65
GAGGTGCGTGACCACAACAC_016,191
GAGGTGCGTGACCACAACAC_017,78
TTATACACAACTATAAGGAG_001,103
TTATACACAACTATAAGGAG_002,197
TTCTCTCGAAAGCCACCCGG_001,121
TTCTCTCGAAAGCCACCCGG_002,57
TTCTCTCGAAAGCCACCCGG_003,172
TTCTCTCGAAAGCCACCCGG_004,72
TTCTCTCGAAAGCCACCCGG_005,40
GTTCTACTACCAGTACCTGC_001,107
GTTCTACTACCAGTACCTGC_002,40
AACTGTCACAACCTTCCGGA_001,2
AACTGTCACAACCTTCCGGA_002,127
AACTGTCACAACCTTCCGGA_003,58
AACTGTCACAACCTTCCGGA_004,146
AACTGTCACAACCTTCCGGA_005,31
AACTGTCACAACCTTCCGGA_006,76
AACTGTCACAACCTTCCGGA_007,155
AACTGTCACAACCTTCCGGA_008,190
AACTGTCACAACCTTCCGGA_009,94
AACTGTCACAACCTTCCGGA_010,46
AACTGTCACAACCTTCCGGA_011,172
AACTGTCACAACCTTCCGGA_012,189
AACTGTCACAACCTTCCGGA_013,110
AACTGTCACAACCTTCCGGA_014,163
GCTCGTAGCCGAGCACTCGA_001,97
GCTCGTAGCCGAGCACTCGA_002,181
GCTCGTAGCCGAGCACTCGA_003,105
GCTCGTAGCCGAGCACTCGA_004,2
GCTCGTAGCCGAGCACTCGA_005,175
GCTCGTAGCCGAGCACTCGA_006,169
GCTCGTAGCCGAGCACTCGA_007,130
GCTCGTAGCCGAGCACTCGA_008,134
GCTCGTAGCCGAGCACTCGA_009,142
GACGATGTTATTAAATTATG_001,196
GACGATGTTATTAAATTATG_002,6
GACGATGTTATTAAATTATG_003,196
GACGATGTTATTAAATTATG_004,82
GCTCTTGGTGATCAATTGGA_001,27
GCTCTTGGTGATCAATTGGA_002,191
GCTCTTGGTGATCAATTGGA_003,150
GCTCTTGGTGATCAATTGGA_004,88
GCTCTTGGTGATCAATTGGA_005,141
GCTCTTGGTGATCAATTGGA_006,41
GCTCTTGGTGATCAATTGGA_007,95
GCTCTTGGTGATCAATTGGA_008,78
GCTCTTGGTGATCAATTGGA_009,174
GCTCTTGGTGATCAATTGGA_010,9
GCTCTTGGTGATCAATTGGA_011,82
GCTCTTGGTGATCAATTGGA_012,180
GCTCTTGGTGATCAATTGGA_013,5
GCTCTTGGTGATCAATTGGA_014,188
GCTCTTGGTGATCAATTGGA_015,43
GGTTTCATCATTATTAACGC_001,97
TGTGCTAGTGTCAAAAGCCA_001,29
TGTGCTAGTGTCAAAAGCCA_002,49
TGTGCTAGTGTCAAAAGCCA_003,73
TGTGCTAGTGTCAAAAGCCA_004,142
TGTGCTAGTGTCAAAAGCCA_005,49
TGTGCTAGTGTCAAAAGCCA_006,155
TGTGCTAGTGTCAAAAGCCA_007,17
TGTGCTAGTGTCAAAAGCCA_008,160
TGTGCTAGTGTCAAAAGCCA_009,82
CCGGCACCAGTACAACTACG_001,81
CCGGCACCAGTACAACTACG_002,170
CCGGCACCAGTACAACTACG_003,147
CCGGCACCAGTACAACTACG_004,166
CCGGCACCAGTACAACTACG_005,66
CCGGCACCAGTACAACTACG_006,151
CCGGCACCAGTACAACTACG_007,52
CCGGCACCAGTACAACTACG_008,157
CCGGCACCAGTACAACTACG_009,80
CCGGCACCAGTACAACTACG_010,148
CCGGCACCAGTACAACTACG_011,137
CCGGCACCAGTACAACTACG_012,148
ACTGTCTACGGTATTTACGA_001,29
ACTGTCTACGGTATTTACGA_002,98
ACTGTCTACGGTATTTACGA_003,154
AGGTGCTGCGGTGTGTCGCG_001,160
AGGTGCTGCGGTGTGTCGCG_002,42
AGGTGCTGCGGTGTGTCGCG_003,154
AGGTGCTGCGGTGTGTCGCG_004,155
AGGTGCTGCGGTGTGTCGCG_005,76
AGGTGCTGCGGTGTGTCGCG_006,185
CAACACTGTCCCGGAAGACG_001,39
CAACACTGTCCCGGAAGACG_002,115
CAACACTGTCCCGGAAGACG_003,96
CAACACTGTCCCGGAAGACG_004,172
CAACACTGTCCCGGAAGACG_005,24
CAACACTGTCCCGGAAGACG_006,106
CAACACTGTCCCGGAAGACG_007,149
CAACACTGTCCCGGAAGACG_008,93
CAACACTGTCCCGGAAGACG_009,178
CAACACTGTCCCGGAAGACG_010,199
CAACACTGTCCCGGAAGACG_011,28
CAACACTGTCCCGGAAGACG_012,168
CAACACTGTCCCGGAAGACG_013,70
CAACACTGTCCCGGAAGACG_014,28
CCAAGGTCTGCCCAAGACTC_001,160
CCAAGGTCTGCCCAAGACTC_002,183
CCAAGGTCTGCCCAAGACTC_003,16
CCAAGGTCTGCCCAAGACTC_004,58
CCAAGGTCTGCCCAAGACTC_005,8
CCAAGGTCTGCCCAAGACTC_006,34
CCAAGGTCTGCCCAAGACTC_007,137
CGTATGGGATCTTTGCCGGA_001,48
CGTATGGGATCTTTGCCGGA_002,140
CGTATGGGATCTTTGCCGGA_003,28
CGTATGGGATCTTTGCCGGA_004,65
AGCCACGAATGCAACCACAT_001,62
AGCCACGAATGCAACCACAT_002,187
AGCCACGAATGCAACCACAT_003,102
AGCCACGAATGCAACCACAT_004,50
AGCCACGAATGCAACCACAT_005,49
AGCCACGAATGCAACCACAT_006,50
AGCCACGAATGCAACCACAT_007,169
AGCCACGAATGCAACCACAT_008,2
AGCCACGAATGCAACCACAT_009,19
AGCCACGAATGCAACCACAT_010,29
AGCCACGAATGCAACCACAT_011,173
AGCCACGAATGCAACCACAT_012,81
AGCCACGAATGCAACCACAT_013,154
AGCCACGAATGCAACCACAT_014,107
AGCCACGAATGCAACCACAT_015,56
AGCCACGAATGCAACCACAT_016,191
AGCCACGAATGCAACCACAT_017,160
AGCCACGAATGCAACCACAT_018,70
AGCCACGAATGCAACCACAT_019,48
AGCCACGAATGCAACCACAT_020,21
AGCCACGAATGCAACCACAT_021,76
AGCCACGAATGCAACCACAT_022,19
AGCCACGAATGCAACCACAT_023,41
AGCCACGAATGCAACCACAT_024,127
AGCCACGAATGCAACCACAT_025,92
AGCCACGAATGCAACCACAT_026,38
AGCCACGAATGCAACCACAT_027,9
AGCCACGAATGCAACCACAT_028,105
AGCCACGAATGCAACCACAT_029,88
AGCCACGAATGCAACCACAT_030,180
AGCCACGAATGCAACCACAT_031,93
AGCCACGAATGCAACCACAT_032,172
AGCCACGAATGCAACCACAT_033,80
AGCCACGAATGCAACCACAT_034,121
AGCCACGAATGCAACCACAT_035,137
AGCCACGAATGCAACCACAT_036,67
AGCCACGAATGCAACCACAT_037,56
AGCCACGAATGCAACCACAT_038,40
AGCCACGAATGCAACCACAT_039,85
AGCCACGAATGCAACCACAT_040,106
AGCCACGAATGCAACCACAT_041,70
AGCCACGAATGCAACCACAT_042,112
AGCCACGAATGCAACCACAT_043,0
AGCCACGAATGCAACCACAT_044,132
AGCCACGAATGCAACCACAT_045,174
AGCCACGAATGCAACCACAT_046,115
AGCCACGAATGCAACCACAT_047,168
AGCCACGAATGCAACCACAT_048,148
CACCTGGCTGCGCGAAAAGA_001,174
CACCTGGCTGCGCGAAAAGA_002,175
CACCTGGCTGCGCGAAAAGA_003,17
CACCTGGCTGCGCGAAAAGA_004,160
CACCTGGCTGCGCGAAAAGA_005,198
CACCTGGCTGCGCGAAAAGA_006,173
CACCTGGCTGCGCGAAAAGA_007,9
CACCTGGCTGCGCGAAAAGA_008,65
CACCTGGCTGCGCGAAAAGA_009,60
CACCTGGCTGCGCGAAAAGA_010,82
CACCTGGCTGCGCGAAAAGA_011,185
CACCTGGCTGCGCGAAAAGA_012,12
CACCTGGCTGCGCGAAAAGA_013,113
CACCTGGCTGCGCGAAAAGA_014,127
CACCTGGCTGCGCGAAAAGA_015,176
CACCTGGCTGCGCGAAAAGA_016,50
CACCTGGCTGCGCGAAAAGA_017,164
CACCTGGCTGCGCGAAAAGA_018,9
CACCTGGCTGCGCGAAAAGA_019,1
CACCTGGCTGCGCGAAAAGA_020,70
CACCTGGCTGCGCGAAAAGA_021,148
TATCATGTCGTTATTAACTG_001,154
TATCATGTCGTTATTAACTG_002,35
TATCATGTCGTTATTAACTG_003,17
GAAAGCGGCAAAAGTTAATG_001,119
GAAAGCGGCAAAAGTTAATG_002,147
TGTAACAACCAGTTGCAGTG_001,76
TGTAACAACCAGTTGCAGTG_002,48
TGTAACAACCAGTTGCAGTG_003,52
TGTAACAACCAGTTGCAGTG_004,168
TGTAACAACCAGTTGCAGTG_005,147
TGTAACAACCAGTTGCAGTG_006,186
GACAAACCCCGCCCACAACG_001,172
GACAAACCCCGCCCACAACG_002,27
GACAAACCCCGCCCACAACG_003,127
GACAAACCCCGCCCACAACG_004,178
GACAAACCCCGCCCACAACG_005,108
GACAAACCCCGCCCACAACG_006,169
GACAAACCCCGCCCACAACG_007,45
GACAAACCCCGCCCACAACG_008,82
GACAAACCCCGCCCACAACG_009,86
GACAAACCCCGCCCACAACG_010,121
GACAAACCCCGCCCACAACG_011,69
GACAAACCCCGCCCACAACG_012,144
GACAAACCCCGCCCACAACG_013,43
GACAAACCCCGCCCACAACG_014,142
GACAAACCCCGCCCACAACG_015,129
GACAAACCCCGCCCACAACG_016,179
GACAAACCCCGCCCACAACG_017,23
GACAAACCCCGCCCACAACG_018,72
GACAAACCCCGCCCACAACG_019,198
GACAAACCCCGCCCACAACG_020,158
GACAAACCCCGCCCACAACG_021,16
GACAAACCCCGCCCACAACG_022,101
GACAAACCCCGCCCACAACG_023,133
GACAAACCCCGCCCACAACG_024,45
GACAAACCCCGCCCACAACG_025,43
GACAAACCCCGCCCACAACG_026,124
GACAAACCCCGCCCACAACG_027,45
GACAAACCCCGCCCACAACG_028,143
GACAAACCCCGCCCACAACG_029,142
GACAAACCCCGCCCACAACG_030,130
GACAAACCCCGCCCACAACG_031,152
GACAAACCCCGCCCACAACG_032,97
GACAAACCCCGCCCACAACG_033,118
GACAAACCCCGCCCACAACG_034,148
GACAAACCCCGCCCACAACG_035,104
GACAAACCCCGCCCACAACG_036,177
GACAAACCCCGCCCACAACG_037,50
GACAAACCCCGCCCACAACG_038,161
GACAAACCCCGCCCACAACG_039,98
GACAAACCCCGCCCACAACG_040,34
GACAAACCCCGCCCACAACG_041,104
GACAAACCCCGCCCACAACG_042,53
GACAAACCCCGCCCACAACG_043,171
TCCCGCAGTGAGATAAAGGG_001,133
TCCCGCAGTGAGATAAAGGG_002,194
TCCCGCAGTGAGATAAAGGG_003,195
TCCCGCAGTGAGATAAAGGG_004,36
TCCCGCAGTGAGATAAAGGG_005,161
TCCCGCAGTGAGATAAAGGG_006,102
TCCCGCAGTGAGATAAAGGG_007,122
TCCCGCAGTGAGATAAAGGG_008,53
TCCCCACAATCCATCTGGCA_001,60
TAGGCGATACTGTACAACAA_001,119
TAGGCGATACTGTACAACAA_002,182
TAGGCGATACTGTACAACAA_003,37
TAGGCGATACTGTACAACAA_004,126
GCGGCAACCCCCATGCCCCA_001,52
GCGGCAACCCCCATGCCCCA_002,62
GCGGCAACCCCCATGCCCCA_003,38
GCGGCAACCCCCATGCCCCA_004,8
GCGGCAACCCCCATGCCCCA_005,119
GCGGCAACCCCCATGCCCCA_006,127
GCGGCAACCCCCATGCCCCA_007,85
GCGGCAACCCCCATGCCCCA_008,6
GCGGCAACCCCCATGCCCCA_009,115
GCGGCAACCCCCATGCCCCA_010,8
GCGGCAACCCCCATGCCCCA_011,130
GCGGCAACCCCCATGCCCCA_012,65
GCGGCAACCCCCATGCCCCA_013,168
GCGGCAACCCCCATGCCCCA_014,135
GCGGCAACCCCCATGCCCCA_015,7
GCGGCAACCCCCATGCCCCA_016,53
GCGGCAACCCCCATGCCCCA_017,132
GCGGCAACCCCCATGCCCCA_018,28
GCGGCAACCCCCATGCCCCA_019,153
GCGGCAACCCCCATGCCCCA_020,78
GCGGCAACCCCCATGCCCCA_021,19
GCGGCAACCCCCATGCCCCA_022,13
GCGGCAACCCCCATGCCCCA_023,116
GCGGCAACCCCCATGCCCCA_024,162
GCGGCAACCCCCATGCCCCA_025,93
GCGGCAACCCCCATGCCCCA_026,135
GCGGCAACCCCCATGCCCCA_027,17
GCGGCAACCCCCATGCCCCA_028,41
GCGGCAACCCCCATGCCCCA_029,168
GCGGCAACCCCCATGCCCCA_030,28
GCGGCAACCCCCATGCCCCA_031,130
GCGGCAACCCCCATGCCCCA_032,138
GCGGCAACCCCCATGCCCCA_033,36
GCGGCAACCCCCATGCCCCA_034,47
GCGGCAACCCCCATGCCCCA_035,9
GCGGCAACCCCCATGCCCCA_036,57
GCGGCAACCCCCATGCCCCA_037,50
GCGGCAACCCCCATGCCCCA_038,71
GCGGCAACCCCCATGCCCCA_039,74
GGGCACCCTTGGCAACCGTG_001,13
GGGCACCCTTGGCAACCGTG_002,198
GGGCACCCTTGGCAACCGTG_003,42
GGGCACCCTTGGCAACCGTG_004,62
GGGCACCCTTGGCAACCGTG_005,77
GGGCACCCTTGGCAACCGTG_006,69
GGGCACCCTTGGCAACCGTG_007,116
GGGCACCCTTGGCAACCGTG_008,130
GGGCACCCTTGGCAACCGTG_009,121
GGGCACCCTTGGCAACCGTG_010,9
GGGCACCCTTGGCAACCGTG_011,9
GGGCACCCTTGGCAACCGTG_012,22
GGGCACCCTTGGCAACCGTG_013,8
GGGCACCCTTGGCAACCGTG_014,68
GTCGCTGTGGAAATACACGG_001,118
GTCGCTGTGGAAATACACGG_002,45
GTCGCTGTGGAAATACACGG_003,177
GTCGCTGTGGAAATACACGG_004,81
GTCGCTGTGGAAATACACGG_005,70
GTCGCTGTGGAAATACACGG_006,191
GTCGCTGTGGAAATACACGG_007,87
GTCGCTGTGGAAATACACGG_008,141
GTCGCTGTGGAAATACACGG_009,141
GTCGCTGTGGAAATACACGG_010,1
GTCGCTGTGGAAATACACGG_011,13
GTCGCTGTGGAAATACACGG_012,98
GTCGCTGTGGAAATACACGG_013,14
GTCGCTGTGGAAATACACGG_014,198
GTCGCTGTGGAAATACACGG_015,48
GTCGCTGTGGAAATACACGG_016,129
GTCGCTGTGGAAATACACGG_017,95
GTCGCTGTGGAAATACACGG_018,95
GTCGCTGTGGAAATACACGG_019,115
GTCGCTGTGGAAATACACGG_020,107
GTCGCTGTGGAAATACACGG_021,50
GTCGCTGTGGAAATACACGG_022,172
GTCGCTGTGGAAATACACGG_023,63
GTCGCTGTGGAAATACACGG_024,166
GTCGCTGTGGAAATACACGG_025,148
GTCGCTGTGGAAATACACGG_026,20
GTCGCTGTGGAAATACACGG_027,174
GTCGCTGTGGAAATACACGG_028,78
GTCGCTGTGGAAATACACGG_029,138
AGAGTTGGGCCACACAGCCG_001,102
AGAGTTGGGCCACACAGCCG_002,95
AGAGTTGGGCCACACAGCCG_003,2
AGAGTTGGGCCACACAGCCG_004,105
AGAGTTGGGCCACACAGCCG_005,160
AGAGTTGGGCCACACAGCCG_006,103
AGAGTTGGGCCACACAGCCG_007,70
AGAGTTGGGCCACACAGCCG_008,181
AGAGTTGGGCCACACAGCCG_009,29
AGAGTTGGGCCACACAGCCG_010,178
AGAGTTGGGCCACACAGCCG_011,177
GTATAAGAAATCTTTAACAA_001,178
GTATAAGAAATCTTTAACAA_002,196
TTACAGGAGTACAAACCACC_001,42
TTACAGGAGTACAAACCACC_002,56
TTACAGGAGTACAAACCACC_003,104
TTACAGGAGTACAAACCACC_004,26
TACCACACGAAGGTGCGCGC_001,151
TACCACACGAAGGTGCGCGC_002,150
TACCACACGAAGGTGCGCGC_003,26
TACCACACGAAGGTGCGCGC_004,118
TACCACACGAAGGTGCGCGC_005,79
TACCACACGAAGGTGCGCGC_006,176
ACCCAGGCCTGTTTCGACTG_001,98
ACCCAGGCCTGTTTCGACTG_002,94
ACCCAGGCCTGTTTCGACTG_003,64
ACCCAGGCCTGTTTCGACTG_004,45
ACCCAGGCCTGTTTCGACTG_005,101
ACCCAGGCCTGTTTCGACTG_006,40
AGAACCGCAGGACCAAGTGG_001,195
AGAACCGCAGGACCAAGTGG_002,172
AGAACCGCAGGACCAAGTGG_003,126
AGAACCGCAGGACCAAGTGG_004,168
AGAACCGCAGGACCAAGTGG_005,104
AGAACCGCAGGACCAAGTGG_006,29
GATTGCTGATAGCAACCACA_001,154
CATTGCCATGGAGACCCATG_001,114
CATTGCCATGGAGACCCATG_002,54
CATTGCCATGGAGACCCATG_003,70
CATTGCCATGGAGACCCATG_004,198
CATTGCCATGGAGACCCATG_005,129
CATTGCCATGGAGACCCATG_006,83
CATTGCCATGGAGACCCATG_007,108
CATTGCCATGGAGACCCATG_008,183
CATTGCCATGGAGACCCATG_009,120
CATTGCCATGGAGACCCATG_010,169
CATTGCCATGGAGACCCATG_011,76
CATTGCCATGGAGACCCATG_012,58
CATTGCCATGGAGACCCATG_013,58
CATTGCCATGGAGACCCATG_014,78
CATTGCCATGGAGACCCATG_015,113
ACAGTGGCGTGGAAACTTTG_001,7
ACAGTGGCGTGGAAACTTTG_002,121
ACAGTGGCGTGGAAACTTTG_003,191
ACAGTGGCGTGGAAACTTTG_004,88
ACAGTGGCGTGGAAACTTTG_005,9
ACAGTGGCGTGGAAACTTTG_006,150
ACAGTGGCGTGGAAACTTTG_007,188
ACAGTGGCGTGGAAACTTTG_008,35
ACAGTGGCGTGGAAACTTTG_009,49
ACAGTGGCGTGGAAACTTTG_010,15
ACAGTGGCGTGGAAACTTTG_011,145
ACAGTGGCGTGGAAACTTTG_012,105
ACAGTGGCGTGGAAACTTTG_013,157
ACAGTGGCGTGGAAACTTTG_014,167
ACAGTGGCGTGGAAACTTTG_015,167
ACAGTGGCGTGGAAACTTTG_016,168
ACAGTGGCGTGGAAACTTTG_017,83
ACAGTGGCGTGGAAACTTTG_018,26
ACAGTGGCGTGGAAACTTTG_019,104
ACAGTGGCGTGGAAACTTTG_020,28
TGGTGTACTCAGGTCCAGCG_001,128
TGGTGTACTCAGGTCCAGCG_002,134
TGGTGTACTCAGGTCCAGCG_003,110
TGGTGTACTCAGGTCCAGCG_004,145
TGGTGTACTCAGGTCCAGCG_005,98
TGGTGTACTCAGGTCCAGCG_006,40
TGGTGTACTCAGGTCCAGCG_007,25
TGGTGTACTCAGGTCCAGCG_008,136
TGGTGTACTCAGGTCCAGCG_009,0
TGGTGTACTCAGGTCCAGCG_010,190
TGGTGTACTCAGGTCCAGCG_011,116
TGGTGTACTCAGGTCCAGCG_012,121
AGGGAGGCGATGGCTAAGGA_001,193
AGGGAGGCGATGGCTAAGGA_002,148
AGGGAGGCGATGGCTAAGGA_003,107
AGGGAGGCGATGGCTAAGGA_004,176
AGGGAGGCGATGGCTAAGGA_005,38
AGGGAGGCGATGGCTAAGGA_006,175
AGGGAGGCGATGGCTAAGGA_007,2
AGGGAGGCGATGGCTAAGGA_008,144
GAAAAAAATGTTGTAGAAGG_001,29
GCTTATCAGTTCTAACAAGG_001,78
TGGCGTGGCACCAACACAGG_001,15
TGGCGTGGCACCAACACAGG_002,159
TGGCGTGGCACCAACACAGG_003,28
TGGCGTGGCACCAACACAGG_004,105
TGGCGTGGCACCAACACAGG_005,1
TGGCGTGGCACCAACACAGG_006,131
TGGCGTGGCACCAACACAGG_007,131
TGGCGTGGCACCAACACAGG_008,171
TGGCGTGGCACCAACACAGG_009,53
TGGCGTGGCACCAACACAGG_010,38
TGGCGTGGCACCAACACAGG_011,40
TGGCGTGGCACCAACACAGG_012,101
TGGCGTGGCACCAACACAGG_013,98
TGGCGTGGCACCAACACAGG_014,108
TGGCGTGGCACCAACACAGG_015,108
TGGCGTGGCACCAACACAGG_016,84
TGGCGTGGCACCAACACAGG_017,103
TGGCGTGGCACCAACACAGG_018,61
TGGCGTGGCACCAACACAGG_019,77
TGGCGTGGCACCAACACAGG_020,104
TGGCGTGGCACCAACACAGG_021,141
TGGCGTGGCACCAACACAGG_022,76
TGGCGTGGCACCAACACAGG_023,127
TGGCGTGGCACCAACACAGG_024,76
TGGCGTGGCACCAACACAGG_025,27
TGGCGTGGCACCAACACAGG_026,142
TGGCGTGGCACCAACACAGG_027,133
TGGCGTGGCACCAACACAGG_028,96
TGGCGTGGCACCAACACAGG_029,106
CAGTGTAAGCTGGAGCTACA_001,181
CAGTGTAAGCTGGAGCTACA_002,32
CAGTGTAAGCTGGAGCTACA_003,76
CAGTGTAAGCTGGAGCTACA_004,24
CAGTGTAAGCTGGAGCTACA_005,41
CAGTGTAAGCTGGAGCTACA_006,159
ACGGCTGACCTGGCTATACA_001,7
ACGGCTGACCTGGCTATACA_002,54
ACGGCTGACCTGGCTATACA_003,8
ACGGCTGACCTGGCTATACA_004,181
ACGGCTGACCTGGCTATACA_005,88
ACGGCTGACCTGGCTATACA_006,169
ACGGCTGACCTGGCTATACA_007,17
ACGGCTGACCTGGCTATACA_008,137
ACGGCTGACCTGGCTATACA_009,96
ACGGCTGACCTGGCTATACA_010,149
ACGGCTGACCTGGCTATACA_011,94
ACGGCTGACCTGGCTATACA_012,158
ACGGCTGACCTGGCTATACA_013,83
ACGGCTGACCTGGCTATACA_014,137
ACGGCTGACCTGGCTATACA_015,124
ACGGCTGACCTGGCTATACA_016,177
ACGGCTGACCTGGCTATACA_017,10
ACGGCTGACCTGGCTATACA_018,148
ACGGCTGACCTGGCTATACA_019,94
ACGGCTGACCTGGCTATACA_020,150
ACTTGTTGCCTAAAGAGTTA_001,158
ACTTGTTGCCTAAAGAGTTA_002,178
ACTTGTTGCCTAAAGAGTTA_003,178
ACTTGTTGCCTAAAGAGTTA_004,190
ACTTGTTGCCTAAAGAGTTA_005,197
ACTTGTTGCCTAAAGAGTTA_006,119
ACTTGTTGCCTAAAGAGTTA_007,9
GATGCCCGTTCCATCTATGT_001,70
GATGCCCGTTCCATCTATGT_002,189
GATGCCCGTTCCATCTATGT_003,133
GATGCCCGTTCCATCTATGT_004,168
TGCAGTGTATTTGGCACGGT_001,24
TGCAGTGTATTTGGCACGGT_002,83
TGCAGTGTATTTGGCACGGT_003,21
TGCAGTGTATTTGGCACGGT_004,95
AAGGCCTGGAGAATGCGATG_001,177
AAGGCCTGGAGAATGCGATG_002,3
AAGGCCTGGAGAATGCGATG_003,197
AAGGCCTGGAGAATGCGATG_004,23
AAGGCCTGGAGAATGCGATG_005,37
AAGGCCTGGAGAATGCGATG_006,12
AAGGCCTGGAGAATGCGATG_007,29
AAGGCCTGGAGAATGCGATG_008,157
AAGGCCTGGAGAATGCGATG_009,146
AAGGCCTGGAGAATGCGATG_010,149
AAGGCCTGGAGAATGCGATG_011,81
AAGGCCTGGAGAATGCGATG_012,117
AAGGCCTGGAGAATGCGATG_013,46
AAGGCCTGGAGAATGCGATG_014,17
AAGGCCTGGAGAATGCGATG_015,91
AAGGCCTGGAGAATGCGATG_016,63
CTGTACTTCTAGATACCGCT_001,96
CTGTACTTCTAGATACCGCT_002,93
ATGGTCCAAAGCCCTCCGAT_001,162
ATGGTCCAAAGCCCTCCGAT_002,2
ATGGTCCAAAGCCCTCCGAT_003,127
ATGGTCCAAAGCCCTCCGAT_004,34
ATGGTCCAAAGCCCTCCGAT_005,79
ATGGTCCAAAGCCCTCCGAT_006,121
ATGGTCCAAAGCCCTCCGAT_007,56
ATGGTCCAAAGCCCTCCGAT_008,34
ATGGTCCAAAGCCCTCCGAT_009,26
ATGGTCCAAAGCCCTCCGAT_010,26
ATGGTCCAAAGCCCTCCGAT_011,29
ATGGTCCAAAGCCCTCCGAT_012,86
ATGGTCCAAAGCCCTCCGAT_013,158
ATGGTCCAAAGCCCTCCGAT_014,68
ATGGTCCAAAGCCCTCCGAT_015,4
ATGGTCCAAAGCCCTCCGAT_016,178
GCACGAGGTGAACAGCCGCT_001,46
GCACGAGGTGAACAGCCGCT_002,191
GCACGAGGTGAACAGCCGCT_003,73
GCACGAGGTGAACAGCCGCT_004,42
GCACGAGGTGAACAGCCGCT_005,18
GCACGAGGTGAACAGCCGCT_006,104
GCACGAGGTGAACAGCCGCT_007,62
GCACGAGGTGAACAGCCGCT_008,9
GCACGAGGTGAACAGCCGCT_009,101
GCACGAGGTGAACAGCCGCT_010,150
GCACGAGGTGAACAGCCGCT_011,81
GCACGAGGTGAACAGCCGCT_012,62
GCACGAGGTGAACAGCCGCT_013,31
GCACGAGGTGAACAGCCGCT_014,190
GCACGAGGTGAACAGCCGCT_015,58
GCACGAGGTGAACAGCCGCT_016,192
GCACGAGGTGAACAGCCGCT_017,113
GCACGAGGTGAACAGCCGCT_018,182
GCACGAGGTGAACAGCCGCT_019,17
GCACGAGGTGAACAGCCGCT_020,37
GCACGAGGTGAACAGCCGCT_021,126
GCACGAGGTGAACAGCCGCT_022,70
GCACGAGGTGAACAGCCGCT_023,10
GCACGAGGTGAACAGCCGCT_024,76
GCACGAGGTGAACAGCCGCT_025,103
GCACGAGGTGAACAGCCGCT_026,63
GCACGAGGTGAACAGCCGCT_027,38
ACTCTCTCCAGCATTCGCCA_001,160
ACTCTCTCCAGCATTCGCCA_002,98
ACTCTCTCCAGCATTCGCCA_003,84
ACTCTCTCCAGCATTCGCCA_004,84
ACTCTCTCCAGCATTCGCCA_005,170
ACTCTCTCCAGCATTCGCCA_006,149
ACTCTCTCCAGCATTCGCCA_007,172
ACTCTCTCCAGCATTCGCCA_008,157
ACTCTCTCCAGCATTCGCCA_009,130
ACTCTCTCCAGCATTCGCCA_010,135
ACTCTCTCCAGCATTCGCCA_011,176
ACTCTCTCCAGCATTCGCCA_012,82
ACTCTCTCCAGCATTCGCCA_013,62
AGCTTTGATCCAATGATGTG_001,112
AGCTTTGATCCAATGATGTG_002,19
AGCTTTGATCCAATGATGTG_003,17
AGCTTTGATCCAATGATGTG_004,12
AGCTTTGATCCAATGATGTG_005,60
AGCTTTGATCCAATGATGTG_006,129
AGCTTTGATCCAATGATGTG_007,134
AGCTTTGATCCAATGATGTG_008,51
AGCTTTGATCCAATGATGTG_009,62
AAGACAGCGATAATGGAGAA_001,117
AAGACAGCGATAATGGAGAA_002,146
AAGACAGCGATAATGGAGAA_003,150
AAGACAGCGATAATGGAGAA_004,177
AAAGCCTATTACCTGGCATG_001,160
AAAGCCTATTACCTGGCATG_002,53
AAGACAGTATTGAGAGTACG_001,140
AAGACAGTATTGAGAGTACG_002,28
AAGACAGTATTGAGAGTACG_003,10
AAGACAGTATTGAGAGTACG_004,39
AAGACAGTATTGAGAGTACG_005,138
ACCAGCGCATCTGTAGCAAG_001,182
ACCAGCGCATCTGTAGCAAG_002,93
ACCAGCGCATCTGTAGCAAG_003,174
ACCAGCGCATCTGTAGCAAG_004,141
ACCAGCGCATCTGTAGCAAG_005,174
ACCAGCGCATCTGTAGCAAG_006,120
ACCAGCGCATCTGTAGCAAG_007,117
ACCAGCGCATCTGTAGCAAG_008,123
ACCAGCGCATCTGTAGCAAG_009,46
ACCAGCGCATCTGTAGCAAG_010,88
ACCAGCGCATCTGTAGCAAG_011,108
ACCAGCGCATCTGTAGCAAG_012,17
CTCTCTCTCATATAAGCTAG_001,106
CTCTCTCTCATATAAGCTAG_002,50
CTCTCTCTCATATAAGCTAG_003,12
CTCTCTCTCATATAAGCTAG_004,28
CTCTCTCTCATATAAGCTAG_005,150
CTCTCTCTCATATAAGCTAG_006,149
CTCTCTCTCATATAAGCTAG_007,184
CTCTCTCTCATATAAGCTAG_008,85
CTCTCTCTCATATAAGCTAG_009,170
CTCTCTCTCATATAAGCTAG_010,170
CTCTCTCTCATATAAGCTAG_011,144
TAAAAAAGCTTGCATTAGAC_001,15
TAAAAAAGCTTGCATTAGAC_002,198
TAAAAAAGCTTGCATTAGAC_003,85
TAAAAAAGCTTGCATTAGAC_004,157
TAAAAAAGCTTGCATTAGAC_005,50
TAAAAAAGCTTGCATTAGAC_006,50
TAAAAAAGCTTGCATTAGAC_007,176
CAAGCCAGAGTTACCTTGCG_001,104
CAAGCCAGAGTTACCTTGCG_002,49
CAAGCCAGAGTTACCTTGCG_003,5
CAAGCCAGAGTTACCTTGCG_004,81
CAAGCCAGAGTTACCTTGCG_005,12
CAAGCCAGAGTTACCTTGCG_006,26
CAAGCCAGAGTTACCTTGCG_007,59
CAAGCCAGAGTTACCTTGCG_008,20
CAAGCCAGAGTTACCTTGCG_009,177
CAAGCCAGAGTTACCTTGCG_010,124
CAAGCCAGAGTTACCTTGCG_011,15
GGCTACGGGCGCATCCCGCG_001,12
GGCTACGGGCGCATCCCGCG_002,11
GGCTACGGGCGCATCCCGCG_003,70
GGCTACGGGCGCATCCCGCG_004,70
GGCTACGGGCGCATCCCGCG_005,48
GGAGGCGTAGGCGTACACCT_001,58
GGAGGCGTAGGCGTACACCT_002,160
GGAGGCGTAGGCGTACACCT_003,115
GGAGGCGTAGGCGTACACCT_004,15
GGAGGCGTAGGCGTACACCT_005,116
GGAGGCGTAGGCGTACACCT_006,147
GGAGGCGTAGGCGTACACCT_007,133
GGAGGCGTAGGCGTACACCT_008,162
TACAACCCAGAAGCAGTCTG_001,70
TACAACCCAGAAGCAGTCTG_002,170
TACAACCCAGAAGCAGTCTG_003,110
TACAACCCAGAAGCAGTCTG_004,193
TACAACCCAGAAGCAGTCTG_005,152
TACAACCCAGAAGCAGTCTG_006,131
TACAACCCAGAAGCAGTCTG_007,54
TACAACCCAGAAGCAGTCTG_008,76
TACAACCCAGAAGCAGTCTG_009,127
TACAACCCAGAAGCAGTCTG_010,41
TACAACCCAGAAGCAGTCTG_011,115
TACAACCCAGAAGCAGTCTG_012,197
TACAACCCAGAAGCAGTCTG_013,60
TACAACCCAGAAGCAGTCTG_014,43
TACAACCCAGAAGCAGTCTG_015,134
TACAACCCAGAAGCAGTCTG_016,52
CTTGGCCTCGGCGGGCTCTG_001,16
CTTGGCCTCGGCGGGCTCTG_002,198
CTTGGCCTCGGCGGGCTCTG_003,117
CTTGGCCTCGGCGGGCTCTG_004,6
CTTGGCCTCGGCGGGCTCTG_005,60
CTTGGCCTCGGCGGGCTCTG_006,184
CTTGGCCTCGGCGGGCTCTG_007,145
CTTGGCCTCGGCGGGCTCTG_008,29
CTTGGCCTCGGCGGGCTCTG_009,159
CTTGGCCTCGGCGGGCTCTG_010,12
CTTGGCCTCGGCGGGCTCTG_011,6
CTTGGCCTCGGCGGGCTCTG_012,108
CTTGGCCTCGGCGGGCTCTG_013,6
CTTGGCCTCGGCGGGCTCTG_014,36
CTTGGCCTCGGCGGGCTCTG_015,28
CTTGGCCTCGGCGGGCTCTG_016,93
CTTGGCCTCGGCGGGCTCTG_017,58
CTTGGCCTCGGCGGGCTCTG_018,162
CTTGGCCTCGGCGGGCTCTG_019,43
CTTGGCCTCGGCGGGCTCTG_020,183
CTTGGCCTCGGCGGGCTCTG_021,78
CTTGGCCTCGGCGGGCTCTG_022,174
CTTGGCCTCGGCGGGCTCTG_023,106
CTTGGCCTCGGCGGGCTCTG_024,148
CTTGGCCTCGGCGGGCTCTG_025,8
CTTGGCCTCGGCGGGCTCTG_026,175
CTTGGCCTCGGCGGGCTCTG_027,146
CTTGGCCTCGGCGGGCTCTG_028,70
CTTGGCCTCGGCGGGCTCTG_029,135
CTTGGCCTCGGCGGGCTCTG_030,165
CTTGGCCTCGGCGGGCTCTG_031,3
CTTGGCCTCGGCGGGCTCTG_032,175
CTTGGCCTCGGCGGGCTCTG_033,198
GTGTCACCCATACCTCACAC_001,124
GTGTCACCCATACCTCACAC_002,9
GTGTCACCCATACCTCACAC_003,149
GTGTCACCCATACCTCACAC_004,57
GCGAGCCTGAGGGCGCGACG_001,102
ACACACATGAAATTCTGCAA_001,12
ACACACATGAAATTCTGCAA_002,108
ACACACATGAAATTCTGCAA_003,169
CCGAGGTCAACTCTTCATGG_001,68
CCGAGGTCAACTCTTCATGG_002,16
CCGAGGTCAACTCTTCATGG_003,153
CAGGTAGAGTGGCTTGTGCG_001,106
CAGGTAGAGTGGCTTGTGCG_002,93
CAGGTAGAGTGGCTTGTGCG_003,120
CAGGTAGAGTGGCTTGTGCG_004,125
CAGGTAGAGTGGCTTGTGCG_005,62
CAGGTAGAGTGGCTTGTGCG_006,156
CAGGTAGAGTGGCTTGTGCG_007,144
CAGGTAGAGTGGCTTGTGCG_008,191
CAGGTAGAGTGGCTTGTGCG_009,127
CAGGTAGAGTGGCTTGTGCG_010,97
TGCTGGAGGAGACTTAGGAG_001,188
TGCTGGAGGAGACTTAGGAG_002,33
TGCTGGAGGAGACTTAGGAG_003,115
TGCTGGAGGAGACTTAGGAG_004,120
TGCTGGAGGAGACTTAGGAG_005,5
TGCTGGAGGAGACTTAGGAG_006,170
CCATTGTATGTGCCACATCG_001,60
CCATTGTATGTGCCACATCG_002,184
CCATTGTATGTGCCACATCG_003,19
CCATTGTATGTGCCACATCG_004,124
TCCCTTACGCGCGTCCCCTG_001,70
ATAAGCAATCAAGAAGCTGC_001,50
ATAAGCAATCAAGAAGCTGC_002,158
ATAAGCAATCAAGAAGCTGC_003,184
ATAAGCAATCAAGAAGCTGC_004,0
ATAAGCAATCAAGAAGCTGC_005,61
ATAAGCAATCAAGAAGCTGC_006,121
ATAAGCAATCAAGAAGCTGC_007,144
CGTGACTGACGAGAACATCG_001,105
CGTGACTGACGAGAACATCG_002,127
CGTGACTGACGAGAACATCG_003,107
CGTGACTGACGAGAACATCG_004,112
CGTGACTGACGAGAACATCG_005,96
CGTGACTGACGAGAACATCG_006,101
CGTGACTGACGAGAACATCG_007,82
CGTGACTGACGAGAACATCG_008,54
CGTGACTGACGAGAACATCG_009,4
CGTGACTGACGAGAACATCG_010,116
CGTGACTGACGAGAACATCG_011,112
CGTGACTGACGAGAACATCG_012,169
CGTGACTGACGAGAACATCG_013,149
CGTGACTGACGAGAACATCG_014,62
TGCACCTCACACCTCTCAGG_001,108
TGCACCTCACACCTCTCAGG_002,1
TGCACCTCACACCTCTCAGG_003,193
TGCACCTCACACCTCTCAGG_004,191
TGCACCTCACACCTCTCAGG_005,34
TGCACCTCACACCTCTCAGG_006,199
TGCACCTCACACCTCTCAGG_007,81
TGCACCTCACACCTCTCAGG_008,2
TGCACCTCACACCTCTCAGG_009,61
TGCACCTCACACCTCTCAGG_010,184
TGCACCTCACACCTCTCAGG_011,179
GAGTCGGGCTTCAGTGACTG_001,159
GAGTCGGGCTTCAGTGACTG_002,72
GAGTCGGGCTTCAGTGACTG_003,78
GAGTCGGGCTTCAGTGACTG_004,150
GAGTCGGGCTTCAGTGACTG_005,2
GAGTCGGGCTTCAGTGACTG_006,137
GAGTCGGGCTTCAGTGACTG_007,88
GAGTCGGGCTTCAGTGACTG_008,28
GAGTCGGGCTTCAGTGACTG_009,65
GAGTCGGGCTTCAGTGACTG_010,140
GAGTCGGGCTTCAGTGACTG_011,63
GAGTCGGGCTTCAGTGACTG_012,48
GAGTCGGGCTTCAGTGACTG_013,151
GAGTCGGGCTTCAGTGACTG_014,58
GAGTCGGGCTTCAGTGACTG_015,180
GAGTCGGGCTTCAGTGACTG_016,106
CCCCCGGAAAGGTAACTGCG_001,51
CCCCCGGAAAGGTAACTGCG_002,150
CCCCCGGAAAGGTAACTGCG_003,133
CCCCCGGAAAGGTAACTGCG_004,139
CCCCCGGAAAGGTAACTGCG_005,61
CCCCCGGAAAGGTAACTGCG_006,75
CCCCCGGAAAGGTAACTGCG_007,132
CCCCCGGAAAGGTAACTGCG_008,87
CCCCCGGAAAGGTAACTGCG_009,72
CCCCCGGAAAGGTAACTGCG_010,43
CCCCCGGAAAGGTAACTGCG_011,175
CCCCCGGAAAGGTAACTGCG_012,3
CCCCCGGAAAGGTAACTGCG_013,50
CCCCCGGAAAGGTAACTGCG_014,33
CCCCCGGAAAGGTAACTGCG_015,45
CCCCCGGAAAGGTAACTGCG_016,2
AATGTGGGTAGTTAGTAGCA_001,183
AATGTGGGTAGTTAGTAGCA_002,135
AATGTGGGTAGTTAGTAGCA_003,180
AATGTGGGTAGTTAGTAGCA_004,180
AATGTGGGTAGTTAGTAGCA_005,70
AATGTGGGTAGTTAGTAGCA_006,66
TGAACGAGTCGTCAGCATAG_001,159
GAAGAGCTCAGACATCACTT_001,61
GAAGAGCTCAGACATCACTT_002,150
GAAGAGCTCAGACATCACTT_003,43
GAAGAGCTCAGACATCACTT_004,162
ATATTGATGAGCAATTTGAG_001,47
ATATTGATGAGCAATTTGAG_002,139
ATATTGATGAGCAATTTGAG_003,50
ATATTGATGAGCAATTTGAG_004,199
ATATTGATGAGCAATTTGAG_005,160
ATATTGATGAGCAATTTGAG_006,47
CCAGGAGCGCAGTTTCAGAG_001,56
CCAGGAGCGCAGTTTCAGAG_002,127
CCAGGAGCGCAGTTTCAGAG_003,127
CACCAACAGCTATGACTACG_001,163
CACCAACAGCTATGACTACG_002,149
CACCAACAGCTATGACTACG_003,105
ATTGAAACGTAAATTGGACC_001,78
ATTGAAACGTAAATTGGACC_002,77
ATTGAAACGTAAATTGGACC_003,165
ATTGAAACGTAAATTGGACC_004,156
GATGATGAGTAACCAGACGT_001,15
GATGATGAGTAACCAGACGT_002,70
GATGATGAGTAACCAGACGT_003,132
GATGATGAGTAACCAGACGT_004,48
GATGATGAGTAACCAGACGT_005,104
GATGATGAGTAACCAGACGT_006,129
GATGATGAGTAACCAGACGT_007,171
GATGATGAGTAACCAGACGT_008,147
GATGATGAGTAACCAGACGT_009,77
GGGAAGCGCGGGTCGAAGGG_001,6
GGGAAGCGCGGGTCGAAGGG_002,196
GGGAAGCGCGGGTCGAAGGG_003,161
GGGAAGCGCGGGTCGAAGGG_004,193
GGGAAGCGCGGGTCGAAGGG_005,176
GGGAAGCGCGGGTCGAAGGG_006,76
GGGAAGCGCGGGTCGAAGGG_007,16
GGGAAGCGCGGGTCGAAGGG_008,147
GGGAAGCGCGGGTCGAAGGG_009,148
GGGAAGCGCGGGTCGAAGGG_010,160
GGGAAGCGCGGGTCGAAGGG_011,127
GGGAAGCGCGGGTCGAAGGG_012,65
GGGAAGCGCGGGTCGAAGGG_013,148
GGGAAGCGCGGGTCGAAGGG_014,196
GGGAAGCGCGGGTCGAAGGG_015,185
GGGAAGCGCGGGTCGAAGGG_016,23
GGGAAGCGCGGGTCGAAGGG_017,161
GGGAAGCGCGGGTCGAAGGG_018,56
GGGAAGCGCGGGTCGAAGGG_019,115
GGGAAGCGCGGGTCGAAGGG_020,67
GGGAAGCGCGGGTCGAAGGG_021,2
GGGAAGCGCGGGTCGAAGGG_022,88
GGGAAGCGCGGGTCGAAGGG_023,107
GGGAAGCGCGGGTCGAAGGG_024,151
GGGAAGCGCGGGTCGAAGGG_025,70
GGGAAGCGCGGGTCGAAGGG_026,96
GGGAAGCGCGGGTCGAAGGG_027,106
GGGAAGCGCGGGTCGAAGGG_028,78
GGGAAGCGCGGGTCGAAGGG_029,26
GGGAAGCGCGGGTCGAAGGG_030,137
GGGAAGCGCGGGTCGAAGGG_031,136
GGGAAGCGCGGGTCGAAGGG_032,17
GGGAAGCGCGGGTCGAAGGG_033,58
GGGAAGCGCGGGTCGAAGGG_034,11
GGGAAGCGCGGGTCGAAGGG_035,123
GGGAAGCGCGGGTCGAAGGG_036,162
GGGAAGCGCGGGTCGAAGGG_037,168
GGGAAGCGCGGGTCGAAGGG_038,145
GGGAAGCGCGGGTCGAAGGG_039,156
TTGTCACAAAGCATTCCATA_001,124
TTGTCACAAAGCATTCCATA_002,77
GTGCTGAAAAGAACCAAAGG_001,28
GTGCTGAAAAGAACCAAAGG_002,13
GTGCTGAAAAGAACCAAAGG_003,45
GTGCTGAAAAGAACCAAAGG_004,80
GTGCTGAAAAGAACCAAAGG_005,58
GTGCTGAAAAGAACCAAAGG_006,72
GTGCTGAAAAGAACCAAAGG_007,174
GTGCTGAAAAGAACCAAAGG_008,126
GTGCTGAAAAGAACCAAAGG_009,77
AAGAACATCTCCAGAGGAAC_001,152
AAGAACATCTCCAGAGGAAC_002,137
AGGCAGTAAAGTTAGCTCAG_001,50
AGGCAGTAAAGTTAGCTCAG_002,119
AGGCAGTAAAGTTAGCTCAG_003,155
AGGCAGTAAAGTTAGCTCAG_004,5
AGGCAGTAAAGTTAGCTCAG_005,118
AGGCAGTAAAGTTAGCTCAG_006,94
AGGCAGTAAAGTTAGCTCAG_007,149
AGGCAGTAAAGTTAGCTCAG_008,25
CAGCAGTACAACGTACCCCG_001,189
CAGCAGTACAACGTACCCCG_002,75
CAGCAGTACAACGTACCCCG_003,106
CAGCAGTACAACGTACCCCG_004,197
CAGCAGTACAACGTACCCCG_005,146
CAGCAGTACAACGTACCCCG_006,190
CAGCAGTACAACGTACCCCG_007,53
CAGCAGTACAACGTACCCCG_008,148
GACCGGTACCGGAATCCCAA_001,1
GACCGGTACCGGAATCCCAA_002,6
GACCGGTACCGGAATCCCAA_003,159
GACCGGTACCGGAATCCCAA_004,137
GACCGGTACCGGAATCCCAA_005,195
GACCGGTACCGGAATCCCAA_006,28
GACCGGTACCGGAATCCCAA_007,70
TTACCTTGACCAGAAGCCAA_001,12
TTACCTTGACCAGAAGCCAA_002,81
TTACCTTGACCAGAAGCCAA_003,2
TTACCTTGACCAGAAGCCAA_004,46
TTACCTTGACCAGAAGCCAA_005,147
TTACCTTGACCAGAAGCCAA_006,70
TTACCTTGACCAGAAGCCAA_007,12
TTACCTTGACCAGAAGCCAA_008,184
TTACCTTGACCAGAAGCCAA_009,119
ATATACAGAGACAGAAACAG_001,1
ATATACAGAGACAGAAACAG_002,62
ATATACAGAGACAGAAACAG_003,141
ATATACAGAGACAGAAACAG_004,77
ATATACAGAGACAGAAACAG_005,88
ATATACAGAGACAGAAACAG_006,161
ATATACAGAGACAGAAACAG_007,139
ATATACAGAGACAGAAACAG_008,46
ATATACAGAGACAGAAACAG_009,1
ATATACAGAGACAGAAACAG_010,18
ATATACAGAGACAGAAACAG_011,52
ATATACAGAGACAGAAACAG_012,3
ATATACAGAGACAGAAACAG_013,144
TTCACCCTCGATACCTTGAG_001,62
TTCACCCTCGATACCTTGAG_002,186
TTCACCCTCGATACCTTGAG_003,15
TTCACCCTCGATACCTTGAG_004,126
TTCACCCTCGATACCTTGAG_005,19
CCCTCAGGGTCTCCTCACTG_001,36
CCCTCAGGGTCTCCTCACTG_002,172
CCCTCAGGGTCTCCTCACTG_003,150
CCCTCAGGGTCTCCTCACTG_004,125
CCCTCAGGGTCTCCTCACTG_005,104
CCCTCAGGGTCTCCTCACTG_006,10
CCCTCAGGGTCTCCTCACTG_007,137
CCCTCAGGGTCTCCTCACTG_008,107
CCCTCAGGGTCTCCTCACTG_009,82
CCCTCAGGGTCTCCTCACTG_010,175
CCCTCAGGGTCTCCTCACTG_011,157
CCCTCAGGGTCTCCTCACTG_012,17
CCCTCAGGGTCTCCTCACTG_013,11
CCCTCAGGGTCTCCTCACTG_014,183
CCCTCAGGGTCTCCTCACTG_015,2
CCCTCAGGGTCTCCTCACTG_016,147
CCCTCAGGGTCTCCTCACTG_017,49
CCCTCAGGGTCTCCTCACTG_018,87
CCCTCAGGGTCTCCTCACTG_019,147
CCCTCAGGGTCTCCTCACTG_020,94
GATCCACGCTGACATCAATG_001,194
GATCCACGCTGACATCAATG_002,73
GATCCACGCTGACATCAATG_003,102
GATCCACGCTGACATCAATG_004,150
GATCCACGCTGACATCAATG_005,121
GATCCACGCTGACATCAATG_006,76
GATCCACGCTGACATCAATG_007,192
GATCCACGCTGACATCAATG_008,83
GATCCACGCTGACATCAATG_009,102
GATCCACGCTGACATCAATG_010,141
GATCCACGCTGACATCAATG_011,138
GATCCACGCTGACATCAATG_012,106
GATCCACGCTGACATCAATG_013,171
GATCCACGCTGACATCAATG_014,50
GATCCACGCTGACATCAATG_015,17
GATCCACGCTGACATCAATG_016,30
TCGACAGGGTCATCAGACCT_001,49
TCGACAGGGTCATCAGACCT_002,40
TCGACAGGGTCATCAGACCT_003,17
TCGACAGGGTCATCAGACCT_004,83
TCGACAGGGTCATCAGACCT_005,169
TCGACAGGGTCATCAGACCT_006,169
TCGACAGGGTCATCAGACCT_007,40
TCGACAGGGTCATCAGACCT_008,140
TCGACAGGGTCATCAGACCT_009,23
TCGACAGGGTCATCAGACCT_010,150
TCGACAGGGTCATCAGACCT_011,31
TCGACAGGGTCATCAGACCT_012,15
TCGACAGGGTCATCAGACCT_013,96
TCGACAGGGTCATCAGACCT_014,101
TCGACAGGGTCATCAGACCT_015,35
TCGACAGGGTCATCAGACCT_016,142
TTTCACGCCTTTGAGCCCCG_001,23
TTTCACGCCTTTGAGCCCCG_002,53
TTTCACGCCTTTGAGCCCCG_003,115
TTTCACGCCTTTGAGCCCCG_004,23
TTTCACGCCTTTGAGCCCCG_005,168
TATCCAGAAAAACCATCGAA_001,20
TATCCAGAAAAACCATCGAA_002,149
TATCCAGAAAAACCATCGAA_003,12
TATCCAGAAAAACCATCGAA_004,105
TATCCAGAAAAACCATCGAA_005,34
TATCCAGAAAAACCATCGAA_006,142
TATCCAGAAAAACCATCGAA_007,160
TATCCAGAAAAACCATCGAA_008,195
TATCCAGAAAAACCATCGAA_009,181
TATCCAGAAAAACCATCGAA_010,122
TATCCAGAAAAACCATCGAA_011,127
TATCCAGAAAAACCATCGAA_012,165
TATCCAGAAAAACCATCGAA_013,97
GAAGATCCTCGACAAACAGA_001,151
GAAGATCCTCGACAAACAGA_002,164
GAAGATCCTCGACAAACAGA_003,34
GAAGATCCTCGACAAACAGA_004,75
GAAGATCCTCGACAAACAGA_005,17
GAAGATCCTCGACAAACAGA_006,176
GAAGATCCTCGACAAACAGA_007,146
CATGTCTGATAGAAAGTGTG_001,82
CATGTCTGATAGAAAGTGTG_002,82
CATGTCTGATAGAAAGTGTG_003,76
CATGTCTGATAGAAAGTGTG_004,48
CATGTCTGATAGAAAGTGTG_005,77
CATGTCTGATAGAAAGTGTG_006,198
CATGTCTGATAGAAAGTGTG_007,157
CATGTCTGATAGAAAGTGTG_008,45
CATGTCTGATAGAAAGTGTG_009,158
CATGTCTGATAGAAAGTGTG_010,16
CATGTCTGATAGAAAGTGTG_011,176
CATGTCTGATAGAAAGTGTG_012,68
CATGTCTGATAGAAAGTGTG_013,9
TAGGCAAGAACCTCTCACTC_001,170
TAGGCAAGAACCTCTCACTC_002,113
TAGGCAAGAACCTCTCACTC_003,8
TAAGGACCGCATCTATTGGA_001,114
CAAGTATCTCGAGACACCTG_001,134
CAAGTATCTCGAGACACCTG_002,177
CAAGTATCTCGAGACACCTG_003,190
CAAGTATCTCGAGACACCTG_004,181
GCAGAGTGTTGTACATGCGC_001,12
GCAGAGTGTTGTACATGCGC_002,26
GCAGAGTGTTGTACATGCGC_003,55
GCAGAGTGTTGTACATGCGC_004,112
GCAGAGTGTTGTACATGCGC_005,45
GCCCTAAAGGATGAACGTCA_001,80
GCCCTAAAGGATGAACGTCA_002,93
GCCCTAAAGGATGAACGTCA_003,93
GCCCTAAAGGATGAACGTCA_004,9
GCCCTAAAGGATGAACGTCA_005,64
CTGCCACATAGGTTGCAAAG_001,42
CTGCCACATAGGTTGCAAAG_002,68
CTGCCACATAGGTTGCAAAG_003,19
CTGCCACATAGGTTGCAAAG_004,123
CTGCCACATAGGTTGCAAAG_005,35
CTGCCACATAGGTTGCAAAG_006,75
CTGCCACATAGGTTGCAAAG_007,88
GTACTGCATCACCAAGTTCG_001,60
GTACTGCATCACCAAGTTCG_002,178
GTACTGCATCACCAAGTTCG_003,43
GGGCCTGGTGGAGAGCCTAG_001,139
GGGCCTGGTGGAGAGCCTAG_002,158
GGGCCTGGTGGAGAGCCTAG_003,22
GGGCCTGGTGGAGAGCCTAG_004,169
GGGCCTGGTGGAGAGCCTAG_005,94
GGGCCTGGTGGAGAGCCTAG_006,157
GGGCCTGGTGGAGAGCCTAG_007,82
AGCTGGGTAAGAGCTTCACG_001,130
AGCTGGGTAAGAGCTTCACG_002,34
AGCTGGGTAAGAGCTTCACG_003,49
AGCTGGGTAAGAGCTTCACG_004,74
AGCTGGGTAAGAGCTTCACG_005,122
AGCTGGGTAAGAGCTTCACG_006,48
AGCTGGGTAAGAGCTTCACG_007,127
AGTGTTCAGCATATGCCGAG_001,5
AGTGTTCAGCATATGCCGAG_002,157
AGTCCTAAAAGATCCACAGT_001,133
AGTCCTAAAAGATCCACAGT_002,170
AGTCCTAAAAGATCCACAGT_003,92
AGTCCTAAAAGATCCACAGT_004,138
AGTCCTAAAAGATCCACAGT_005,115
AGTCCTAAAAGATCCACAGT_006,40
AGTCCTAAAAGATCCACAGT_007,149
AGTCCTAAAAGATCCACAGT_008,149
AGTCCTAAAAGATCCACAGT_009,38
AGTCCTAAAAGATCCACAGT_010,97
AGTCCTAAAAGATCCACAGT_011,29
AGTCCTAAAAGATCCACAGT_012,185
AGTCCTAAAAGATCCACAGT_013,2
AGTCCTAAAAGATCCACAGT_014,178
AGTCCTAAAAGATCCACAGT_015,12
AGTCCTAAAAGATCCACAGT_016,107
AGTCCTAAAAGATCCACAGT_017,23
AGTCCTAAAAGATCCACAGT_018,109
AGTCCTAAAAGATCCACAGT_019,109
AGTCCTAAAAGATCCACAGT_020,10
AGTCCTAAAAGATCCACAGT_021,39
AGTCCTAAAAGATCCACAGT_022,106
GTATTTCAATCCGGTGTGGG_001,130
TCAGTCCCGTGAGGTCCGTT_001,105
TCAGTCCCGTGAGGTCCGTT_002,3
TCAGTCCCGTGAGGTCCGTT_003,188
TCAGTCCCGTGAGGTCCGTT_004,15
TCAGTCCCGTGAGGTCCGTT_005,78
TCAGTCCCGTGAGGTCCGTT_006,142
TCAGTCCCGTGAGGTCCGTT_007,34
TCAGTCCCGTGAGGTCCGTT_008,70
TCAGTCCCGTGAGGTCCGTT_009,4
TCAGTCCCGTGAGGTCCGTT_010,160
TCAGTCCCGTGAGGTCCGTT_011,119
TCAGTCCCGTGAGGTCCGTT_012,149
TCAGTCCCGTGAGGTCCGTT_013,175
TCAGTCCCGTGAGGTCCGTT_014,166
TCAGTCCCGTGAGGTCCGTT_015,162
TCAGTCCCGTGAGGTCCGTT_016,102
TCAGTCCCGTGAGGTCCGTT_017,179
GGATCCACCCCCATTCACCT_001,7
GGATCCACCCCCATTCACCT_002,15
GGATCCACCCCCATTCACCT_003,70
GGATCCACCCCCATTCACCT_004,145
GGATCCACCCCCATTCACCT_005,73
GGATCCACCCCCATTCACCT_006,181
GGATCCACCCCCATTCACCT_007,159
GGATCCACCCCCATTCACCT_008,70
GGATCCACCCCCATTCACCT_009,28
GGATCCACCCCCATTCACCT_010,175
GGATCCACCCCCATTCACCT_011,176
GGATCCACCCCCATTCACCT_012,188
GGATCCACCCCCATTCACCT_013,152
GGATCCACCCCCATTCACCT_014,92
CCCTATCTACATCAAGTCGG_001,139
CCCTATCTACATCAAGTCGG_002,24
CCCTATCTACATCAAGTCGG_003,130
CCCTATCTACATCAAGTCGG_004,24
CCCTATCTACATCAAGTCGG_005,114
ACTGCTGGCCGTGCTCTAGG_001,5
ACTGCTGGCCGTGCTCTAGG_002,96
ACTGCTGGCCGTGCTCTAGG_003,53
ACTGCTGGCCGTGCTCTAGG_004,69
ACTCATCCATAGCGTCCGTG_001,70
ACTCATCCATAGCGTCCGTG_002,17
ACTCATCCATAGCGTCCGTG_003,83
ACTCATCCATAGCGTCCGTG_004,79
ACTCATCCATAGCGTCCGTG_005,156
ACTCATCCATAGCGTCCGTG_006,197
ACTCATCCATAGCGTCCGTG_007,70
ACTCATCCATAGCGTCCGTG_008,42
ACTCATCCATAGCGTCCGTG_009,78
ACTCATCCATAGCGTCCGTG_010,77
ACTCATCCATAGCGTCCGTG_011,21
ACTCATCCATAGCGTCCGTG_012,172
ACTCATCCATAGCGTCCGTG_013,39
ACTCATCCATAGCGTCCGTG_014,152
ACTCATCCATAGCGTCCGTG_015,199
ACTCATCCATAGCGTCCGTG_016,94
AGACGATGAAACTAAGTACC_001,17
ATAAAGTAACACTCCTCTAG_001,185
ATAAAGTAACACTCCTCTAG_002,170
GAACGGGAACGTCATTCTGA_001,177
GAACGGGAACGTCATTCTGA_002,45
GAACGGGAACGTCATTCTGA_003,146
GAACGGGAACGTCATTCTGA_004,186
GAACGGGAACGTCATTCTGA_005,102
GAACGGGAACGTCATTCTGA_006,145
TAAGCCACTAAAAGGTCCAA_001,122
TAAGCCACTAAAAGGTCCAA_002,45
TAAGCCACTAAAAGGTCCAA_003,22
TAAGCCACTAAAAGGTCCAA_004,162
TAAGCCACTAAAAGGTCCAA_005,144
TAAGCCACTAAAAGGTCCAA_006,1
TAAGCCACTAAAAGGTCCAA_007,61
TAAGCCACTAAAAGGTCCAA_008,114
CCATACCGGGAGACAACCAG_001,199
CCATACCGGGAGACAACCAG_002,82
CCATACCGGGAGACAACCAG_003,157
CCATACCGGGAGACAACCAG_004,140
CCATACCGGGAGACAACCAG_005,168
CCATACCGGGAGACAACCAG_006,127
CCATACCGGGAGACAACCAG_007,154
CCATACCGGGAGACAACCAG_008,140
CCATACCGGGAGACAACCAG_009,190
CCATACCGGGAGACAACCAG_010,189
TGTACTACCTAACCCCGCAG_001,158
TGTACTACCTAACCCCGCAG_002,23
TGTACTACCTAACCCCGCAG_003,135
GCCTCACCAAGACCCAGATG_001,21
GCCTCACCAAGACCCAGATG_002,141
GCCTCACCAAGACCCAGATG_003,56
GCCTCACCAAGACCCAGATG_004,151
GCCTCACCAAGACCCAGATG_005,94
GCCTCACCAAGACCCAGATG_006,155
GCCTCACCAAGACCCAGATG_007,196
GCCTCACCAAGACCCAGATG_008,36
GCCTCACCAAGACCCAGATG_009,131
GCCTCACCAAGACCCAGATG_010,168
TTCCAAAGACCTTTCAACAC_001,77
TTCCAAAGACCTTTCAACAC_002,146
TTCCAAAGACCTTTCAACAC_003,18
TTCCAAAGACCTTTCAACAC_004,30
TTCCAAAGACCTTTCAACAC_005,2
TTCCAAAGACCTTTCAACAC_006,150
TTCCAAAGACCTTTCAACAC_007,14
TTCCAAAGACCTTTCAACAC_008,52
TTCCAAAGACCTTTCAACAC_009,128
TTCCAAAGACCTTTCAACAC_010,54
TTCCAAAGACCTTTCAACAC_011,53
TGAACCGCAACCCACACACA_001,181
TGAACCGCAACCCACACACA_002,97
TGAACCGCAACCCACACACA_003,199
TGAACCGCAACCCACACACA_004,91
ACACAATGAGCATTTCCAAG_001,16
ACACAATGAGCATTTCCAAG_002,81
ACACAATGAGCATTTCCAAG_003,98
ACACAATGAGCATTTCCAAG_004,93
ACACAATGAGCATTTCCAAG_005,140
ACACAATGAGCATTTCCAAG_006,1
ACACAATGAGCATTTCCAAG_007,50
ACACAATGAGCATTTCCAAG_008,168
ACACAATGAGCATTTCCAAG_009,2
ACACAATGAGCATTTCCAAG_010,19
ACACAATGAGCATTTCCAAG_011,153
ACACAATGAGCATTTCCAAG_012,38
ACACAATGAGCATTTCCAAG_013,70
ACACAATGAGCATTTCCAAG_014,124
ACACAATGAGCATTTCCAAG_015,155
ACACAATGAGCATTTCCAAG_016,104
TCATCCCCAAGTCAGCCGTG_001,146
TCATCCCCAAGTCAGCCGTG_002,133
TCATCCCCAAGTCAGCCGTG_003,123
TCATCCCCAAGTCAGCCGTG_004,150
TCATCCCCAAGTCAGCCGTG_005,34
TCATCCCCAAGTCAGCCGTG_006,94
TCATCCCCAAGTCAGCCGTG_007,45
TCATCCCCAAGTCAGCCGTG_008,12
TCATCCCCAAGTCAGCCGTG_009,174
TCATCCCCAAGTCAGCCGTG_010,108
TCATCCCCAAGTCAGCCGTG_011,130
CCCGACTAAGACAAACACAC_001,104
CCCGACTAAGACAAACACAC_002,71
CCCGACTAAGACAAACACAC_003,68
CCCGACTAAGACAAACACAC_004,78
ATGCCTCACTGGATCATAGG_001,45
ATGCCTCACTGGATCATAGG_002,150
ATGCCTCACTGGATCATAGG_003,186
ATGCCTCACTGGATCATAGG_004,192
ATGCCTCACTGGATCATAGG_005,17
ATGCCTCACTGGATCATAGG_006,19
ATGCCTCACTGGATCATAGG_007,91
ATGCCTCACTGGATCATAGG_008,20
ATGCCTCACTGGATCATAGG_009,178
ATGCCTCACTGGATCATAGG_010,80
ATGCCTCACTGGATCATAGG_011,88
ATGCCTCACTGGATCATAGG_012,66
ATGCCTCACTGGATCATAGG_013,117
ATGCCTCACTGGATCATAGG_014,102
ATGCCTCACTGGATCATAGG_015,66
ATGCCTCACTGGATCATAGG_016,184
ATGCCTCACTGGATCATAGG_017,48
CGGAACGTGACGGCGACCGA_001,52
CGGAACGTGACGGCGACCGA_002,3
CGGAACGTGACGGCGACCGA_003,115
CGGAACGTGACGGCGACCGA_004,185
CGGAACGTGACGGCGACCGA_005,130
CGGAACGTGACGGCGACCGA_006,27
CGGAACGTGACGGCGACCGA_007,84
CGGAACGTGACGGCGACCGA_008,6
CGGAACGTGACGGCGACCGA_009,82
CGGAACGTGACGGCGACCGA_010,22
CGGAACGTGACGGCGACCGA_011,150
CGGAACGTGACGGCGACCGA_012,49
CGGAACGTGACGGCGACCGA_013,60
CGGAACGTGACGGCGACCGA_014,71
CGGAACGTGACGGCGACCGA_015,144
CGGAACGTGACGGCGACCGA_016,52
CGGAACGTGACGGCGACCGA_017,184
CGGAACGTGACGGCGACCGA_018,141
CGGAACGTGACGGCGACCGA_019,61
CGGAACGTGACGGCGACCGA_020,162
CGGAACGTGACGGCGACCGA_021,127
CGGAACGTGACGGCGACCGA_022,169
CGGAACGTGACGGCGACCGA_023,8
CGGAACGTGACGGCGACCGA_024,49
CGGAACGTGACGGCGACCGA_025,98
CGGAACGTGACGGCGACCGA_026,50
CGGAACGTGACGGCGACCGA_027,176
CGGAACGTGACGGCGACCGA_028,1
CGGAACGTGACGGCGACCGA_029,117
CGGAACGTGACGGCGACCGA_030,186
CGGAACGTGACGGCGACCGA_031,150
CGGAACGTGACGGCGACCGA_032,190
CGGAACGTGACGGCGACCGA_033,93
CGGAACGTGACGGCGACCGA_034,168
CGGAACGTGACGGCGACCGA_035,46
CGGAACGTGACGGCGACCGA_036,72
CGGAACGTGACGGCGACCGA_037,39
CGGAACGTGACGGCGACCGA_038,10
CGGAACGTGACGGCGACCGA_039,147
CGGAACGTGACGGCGACCGA_040,163
CAAGATGGCAGTATTGCGGG_001,179
CAAGATGGCAGTATTGCGGG_002,47
CAAGATGGCAGTATTGCGGG_003,58
CAAGATGGCAGTATTGCGGG_004,83
GGTCGTGACACTCCAGTCCA_001,126
GGTCGTGACACTCCAGTCCA_002,127
GGTCGTGACACTCCAGTCCA_003,197
GGTCGTGACACTCCAGTCCA_004,120
GGTCGTGACACTCCAGTCCA_005,50
GGTCGTGACACTCCAGTCCA_006,53
GGTCGTGACACTCCAGTCCA_007,156
GGTCGTGACACTCCAGTCCA_008,89
GGTCGTGACACTCCAGTCCA_009,83
GGTCGTGACACTCCAGTCCA_010,193
ACTGTGCAATTGAGTCAACA_001,57
ACTGTGCAATTGAGTCAACA_002,9
ACTGTGCAATTGAGTCAACA_003,137
ACTGTGCAATTGAGTCAACA_004,36
ACTGTGCAATTGAGTCAACA_005,161
ACTGTGCAATTGAGTCAACA_006,138
CATGCCTTTAACTATCCCCG_001,183
CATGCCTTTAACTATCCCCG_002,160
CATGCCTTTAACTATCCCCG_003,99
CATGCCTTTAACTATCCCCG_004,98
GAACTCACTACAGTAGCTCT_001,170
GAACTCACTACAGTAGCTCT_002,181
GAACTCACTACAGTAGCTCT_003,30
GAACTCACTACAGTAGCTCT_004,171
GAACTCACTACAGTAGCTCT_005,190
GAACTCACTACAGTAGCTCT_006,37
GAACTCACTACAGTAGCTCT_007,148
GCTTCGGAAAGGAGCCAATG_001,139
GCTTCGGAAAGGAGCCAATG_002,162
GCTTCGGAAAGGAGCCAATG_003,60
GCTTCGGAAAGGAGCCAATG_004,63
GCTTCGGAAAGGAGCCAATG_005,29
GCTTCGGAAAGGAGCCAATG_006,93
GCTTCGGAAAGGAGCCAATG_007,82
GCTTCGGAAAGGAGCCAATG_008,147
GCTTCGGAAAGGAGCCAATG_009,20
GCTTCGGAAAGGAGCCAATG_010,115
GCTTCGGAAAGGAGCCAATG_011,23
GCTTCGGAAAGGAGCCAATG_012,116
GCTTCGGAAAGGAGCCAATG_013,2
GCTTCGGAAAGGAGCCAATG_014,104
GCTTCGGAAAGGAGCCAATG_015,196
GCTTCGGAAAGGAGCCAATG_016,108
GCTTCGGAAAGGAGCCAATG_017,65
GCTTCGGAAAGGAGCCAATG_018,17
GCTTCGGAAAGGAGCCAATG_019,135
GCTTCGGAAAGGAGCCAATG_020,176
GCTTCGGAAAGGAGCCAATG_021,170
GCTTCGGAAAGGAGCCAATG_022,47
GGCTGCTAGTACGTGGCGTA_001,42
GGCTGCTAGTACGTGGCGTA_002,130
GGCTGCTAGTACGTGGCGTA_003,190
GGCTGCTAGTACGTGGCGTA_004,17
GGCTGCTAGTACGTGGCGTA_005,127
GGCTGCTAGTACGTGGCGTA_006,166
GGCTGCTAGTACGTGGCGTA_007,91
GGCTGCTAGTACGTGGCGTA_008,108
GGCTGCTAGTACGTGGCGTA_009,70
GGCTGCTAGTACGTGGCGTA_010,168
GGCTGCTAGTACGTGGCGTA_011,137
TCAGATGGGTATTCAAGAGG_001,35
TCAGATGGGTATTCAAGAGG_002,145
TAGTGTCGAGCATGGAACCG_001,40
TAGTGTCGAGCATGGAACCG_002,176
TAGTGTCGAGCATGGAACCG_003,60
TAGTGTCGAGCATGGAACCG_004,86
TAGTGTCGAGCATGGAACCG_005,51
TAGTGTCGAGCATGGAACCG_006,89
TAGTGTCGAGCATGGAACCG_007,10
ATATGAATTACGTCATGTTG_001,169
ATATGAATTACGTCATGTTG_002,175
CAATCAGCATCACGTACTGG_001,12
CAATCAGCATCACGTACTGG_002,187
CAATCAGCATCACGTACTGG_003,16
CAATCAGCATCACGTACTGG_004,8
AGTAGCAGAACCAGGCCACG_001,24
AGTAGCAGAACCAGGCCACG_002,97
AGTAGCAGAACCAGGCCACG_003,129
AGTAGCAGAACCAGGCCACG_004,63
AGTAGCAGAACCAGGCCACG_005,69
AGTAGCAGAACCAGGCCACG_006,22
AGTAGCAGAACCAGGCCACG_007,148
AGTAGCAGAACCAGGCCACG_008,130
AGTAGCAGAACCAGGCCACG_009,73
AGTAGCAGAACCAGGCCACG_010,24
AGTAGCAGAACCAGGCCACG_011,128
AGTAGCAGAACCAGGCCACG_012,176
AGTAGCAGAACCAGGCCACG_013,61
AGTAGCAGAACCAGGCCACG_014,188
AGTAGCAGAACCAGGCCACG_015,124
AGTAGCAGAACCAGGCCACG_016,92
AGTAGCAGAACCAGGCCACG_017,184
AGTAGCAGAACCAGGCCACG_018,137
AGTAGCAGAACCAGGCCACG_019,168
AGTAGCAGAACCAGGCCACG_020,41
AGTAGCAGAACCAGGCCACG_021,162
TGCCGCCCATCATGCTATGG_001,65
TGCCGCCCATCATGCTATGG_002,85
TGCCAGTCACTCTGGCACTC_001,102
TGCCAGTCACTCTGGCACTC_002,169
TGCCAGTCACTCTGGCACTC_003,56
TGCCAGTCACTCTGGCACTC_004,56
GCAAACCAAGTGTTGTGTGC_001,29
GCAAACCAAGTGTTGTGTGC_002,53
GCAAACCAAGTGTTGTGTGC_003,47
GCAAACCAAGTGTTGTGTGC_004,60
GCAAACCAAGTGTTGTGTGC_005,184
GCAAACCAAGTGTTGTGTGC_006,26
GCAAACCAAGTGTTGTGTGC_007,90
GCAAACCAAGTGTTGTGTGC_008,172
TACAACTCACGAAGTAACCG_001,0
TACAACTCACGAAGTAACCG_002,137
TACAACTCACGAAGTAACCG_003,93
TACAACTCACGAAGTAACCG_004,134
TACAACTCACGAAGTAACCG_005,83
TACAACTCACGAAGTAACCG_006,19
TACAACTCACGAAGTAACCG_007,20
TACAACTCACGAAGTAACCG_008,40
TACAACTCACGAAGTAACCG_009,72
TACAACTCACGAAGTAACCG_010,93
TACAACTCACGAAGTAACCG_011,75
TACAACTCACGAAGTAACCG_012,137
TACAACTCACGAAGTAACCG_013,72
TACAACTCACGAAGTAACCG_014,23
TACAACTCACGAAGTAACCG_015,94
TACAACTCACGAAGTAACCG_016,115
TACAACTCACGAAGTAACCG_017,139
TACAACTCACGAAGTAACCG_018,95
TACAACTCACGAAGTAACCG_019,78
TTCCTTGTGGAGCTAACCAG_001,68
TTCCTTGTGGAGCTAACCAG_002,118
TTCCTTGTGGAGCTAACCAG_003,70
TTCCTTGTGGAGCTAACCAG_004,70
TTCCTTGTGGAGCTAACCAG_005,0
TTCCTTGTGGAGCTAACCAG_006,89
TTCCTTGTGGAGCTAACCAG_007,105
TTCCTTGTGGAGCTAACCAG_008,93
TTCCTTGTGGAGCTAACCAG_009,103
CATCTGGCCGAATACGTCCA_001,185
AAGATGGTGGAACTCGCCCT_001,17
AAGATGGTGGAACTCGCCCT_002,130
AAGATGGTGGAACTCGCCCT_003,78
AAGATGGTGGAACTCGCCCT_004,24
AAGATGGTGGAACTCGCCCT_005,16
AAGATGGTGGAACTCGCCCT_006,115
AAGATGGTGGAACTCGCCCT_007,90
AAGATGGTGGAACTCGCCCT_008,19
AAGATGGTGGAACTCGCCCT_009,75
AAGATGGTGGAACTCGCCCT_010,142
AAGATGGTGGAACTCGCCCT_011,32
AAGATGGTGGAACTCGCCCT_012,118
AAGATGGTGGAACTCGCCCT_013,147
AAGATGGTGGAACTCGCCCT_014,22
AAGATGGTGGAACTCGCCCT_015,127
AAGATGGTGGAACTCGCCCT_016,102
AAGATGGTGGAACTCGCCCT_017,47
AAGATGGTGGAACTCGCCCT_018,40
AAGATGGTGGAACTCGCCCT_019,77
AAGATGGTGGAACTCGCCCT_020,181
ACTCTCTATATCCAATGAAG_001,160
ACTCTCTATATCCAATGAAG_002,104
ACTCTCTATATCCAATGAAG_003,178
AGAAGATGATGAAACACCCG_001,199
AGAAGATGATGAAACACCCG_002,13
AGAAGATGATGAAACACCCG_003,34
AGAAGATGATGAAACACCCG_004,138
AGAAGATGATGAAACACCCG_005,55
AGAAGATGATGAAACACCCG_006,93
AGAAGATGATGAAACACCCG_007,129
AGAAGATGATGAAACACCCG_008,128
AGAAGATGATGAAACACCCG_009,150
AGAAGATGATGAAACACCCG_010,17
AGAAGATGATGAAACACCCG_011,59
AGAAGATGATGAAACACCCG_012,58
ACAGCAGACAGGCACACAGT_001,182
ACAGCAGACAGGCACACAGT_002,96
ACAGCAGACAGGCACACAGT_003,64
ACAGCAGACAGGCACACAGT_004,177
ACAGCAGACAGGCACACAGT_005,93
ACAGCAGACAGGCACACAGT_006,34
ACAGCAGACAGGCACACAGT_007,9
ACAGCAGACAGGCACACAGT_008,133
ACAGCAGACAGGCACACAGT_009,56
ACAGCAGACAGGCACACAGT_010,170
ACAGCAGACAGGCACACAGT_011,38
ACAGCAGACAGGCACACAGT_012,75
ACAGCAGACAGGCACACAGT_013,173
ACAGCAGACAGGCACACAGT_014,173
ACAGCAGACAGGCACACAGT_015,104
ACAGCAGACAGGCACACAGT_016,97
ACAGCAGACAGGCACACAGT_017,36
ACAGCAGACAGGCACACAGT_018,18
AGGCTCCCCGGACATCTGGG_001,143
AGGCTCCCCGGACATCTGGG_002,17
AGGCTCCCCGGACATCTGGG_003,45
AGGCTCCCCGGACATCTGGG_004,3
AGGCTCCCCGGACATCTGGG_005,151
AGGCTCCCCGGACATCTGGG_006,82
AGGCTCCCCGGACATCTGGG_007,104
AGGCTCCCCGGACATCTGGG_008,105
AGGCTCCCCGGACATCTGGG_009,5
AGGCTCCCCGGACATCTGGG_010,197
AGGCTCCCCGGACATCTGGG_011,90
AGGCTCCCCGGACATCTGGG_012,146
AGGCTCCCCGGACATCTGGG_013,152
AGGCTCCCCGGACATCTGGG_014,184
AGGCTCCCCGGACATCTGGG_015,157
AGGCTCCCCGGACATCTGGG_016,57
AGGCTCCCCGGACATCTGGG_017,155
AGGCTCCCCGGACATCTGGG_018,97
AGGCTCCCCGGACATCTGGG_019,116
AGGCTCCCCGGACATCTGGG_020,191
AGGCTCCCCGGACATCTGGG_021,32
AGGCTCCCCGGACATCTGGG_022,110
AGGCTCCCCGGACATCTGGG_023,106
AGGCTCCCCGGACATCTGGG_024,170
AGGCTCCCCGGACATCTGGG_025,0
AGGCTCCCCGGACATCTGGG_026,160
GCACGTCACCCACCTTCCGG_001,9
GCACGTCACCCACCTTCCGG_002,174
GCACGTCACCCACCTTCCGG_003,167
GCACGTCACCCACCTTCCGG_004,67
GCACGTCACCCACCTTCCGG_005,7
GCACGTCACCCACCTTCCGG_006,16
GCACGTCACCCACCTTCCGG_007,86
GCACGTCACCCACCTTCCGG_008,25
GCACGTCACCCACCTTCCGG_009,76
GCACGTCACCCACCTTCCGG_010,192
GCACGTCACCCACCTTCCGG_011,86
GCACGTCACCCACCTTCCGG_012,138
GCACGTCACCCACCTTCCGG_013,55
GCACGTCACCCACCTTCCGG_014,62
GCACGTCACCCACCTTCCGG_015,168
GCACGTCACCCACCTTCCGG_016,151
GCACGTCACCCACCTTCCGG_017,147
GCACGTCACCCACCTTCCGG_018,164
GCACGTCACCCACCTTCCGG_019,66
GCACGTCACCCACCTTCCGG_020,37
GCACGTCACCCACCTTCCGG_021,65
GCACGTCACCCACCTTCCGG_022,174
GCACGTCACCCACCTTCCGG_023,68
GCACGTCACCCACCTTCCGG_024,144
GTCAATGGCCTCGTTCACGG_001,146
GTCAATGGCCTCGTTCACGG_002,149
GTCAATGGCCTCGTTCACGG_003,162
GTCAATGGCCTCGTTCACGG_004,156
GTCAATGGCCTCGTTCACGG_005,23
GTCAATGGCCTCGTTCACGG_006,101
GTCAATGGCCTCGTTCACGG_007,41
GTCAATGGCCTCGTTCACGG_008,49
GTCAATGGCCTCGTTCACGG_009,126
GTCAATGGCCTCGTTCACGG_010,166
GTCAATGGCCTCGTTCACGG_011,145
GTCAATGGCCTCGTTCACGG_012,146
GTCAATGGCCTCGTTCACGG_013,62
GTCAATGGCCTCGTTCACGG_014,106
GTCAATGGCCTCGTTCACGG_015,152
GTCAATGGCCTCGTTCACGG_016,118
GTCAATGGCCTCGTTCACGG_017,174
GTCAATGGCCTCGTTCACGG_018,56
GTCAATGGCCTCGTTCACGG_019,170
GTCAATGGCCTCGTTCACGG_020,133
GTCAATGGCCTCGTTCACGG_021,13
GTCAATGGCCTCGTTCACGG_022,56
TGTGGCCCTAGCTCCGAGGG_001,163
TGTGGCCCTAGCTCCGAGGG_002,16
TGTGGCCCTAGCTCCGAGGG_003,41
TGTGGCCCTAGCTCCGAGGG_004,141
TGTGGCCCTAGCTCCGAGGG_005,101
TGTGGCCCTAGCTCCGAGGG_006,2
TGTGGCCCTAGCTCCGAGGG_007,95
TGTGGCCCTAGCTCCGAGGG_008,28
TGTGGCCCTAGCTCCGAGGG_009,49
TGTGGCCCTAGCTCCGAGGG_010,134
TGTGGCCCTAGCTCCGAGGG_011,32
TGTGGCCCTAGCTCCGAGGG_012,172
TGTGGCCCTAGCTCCGAGGG_013,103
TGTGGCCCTAGCTCCGAGGG_014,157
TGTGGCCCTAGCTCCGAGGG_015,43
TGTGGCCCTAGCTCCGAGGG_016,81
TGTGGCCCTAGCTCCGAGGG_017,148
TGTGGCCCTAGCTCCGAGGG_018,154
TGTGGCCCTAGCTCCGAGGG_019,127
TGTGGCCCTAGCTCCGAGGG_020,69
TGTGGCCCTAGCTCCGAGGG_021,127
ACACAAAGACCGTTGGCCAG_001,58
ACACAAAGACCGTTGGCCAG_002,71
ACACAAAGACCGTTGGCCAG_003,26
ACACAAAGACCGTTGGCCAG_004,49
ACACAAAGACCGTTGGCCAG_005,48
ACACAAAGACCGTTGGCCAG_006,29
ACACAAAGACCGTTGGCCAG_007,77
ACACAAAGACCGTTGGCCAG_008,92
ACACAAAGACCGTTGGCCAG_009,167
ACACAAAGACCGTTGGCCAG_010,197
ACACAAAGACCGTTGGCCAG_011,167
ACACAAAGACCGTTGGCCAG_012,132
ACACAAAGACCGTTGGCCAG_013,95
ACACAAAGACCGTTGGCCAG_014,196
ACACAAAGACCGTTGGCCAG_015,197
ACACAAAGACCGTTGGCCAG_016,67
ACACAAAGACCGTTGGCCAG_017,125
ACACAAAGACCGTTGGCCAG_018,184
ACACAAAGACCGTTGGCCAG_019,107
ACACAAAGACCGTTGGCCAG_020,139
ACACAAAGACCGTTGGCCAG_021,56
ACACAAAGACCGTTGGCCAG_022,169
ACACAAAGACCGTTGGCCAG_023,58
ACACAAAGACCGTTGGCCAG_024,79
ACACAAAGACCGTTGGCCAG_025,15
ACACAAAGACCGTTGGCCAG_026,89
ACACAAAGACCGTTGGCCAG_027,72
ACACAAAGACCGTTGGCCAG_028,158
ACACAAAGACCGTTGGCCAG_029,174
CCTGTTACCTGCCTTAAGAG_001,69
CCTGTTACCTGCCTTAAGAG_002,135
CCTGTTACCTGCCTTAAGAG_003,89
CCTGTTACCTGCCTTAAGAG_004,72
CCTGTTACCTGCCTTAAGAG_005,18
CCTGTTACCTGCCTTAAGAG_006,114
CCTGTTACCTGCCTTAAGAG_007,165
CTGGGTCCATGACTCCGGAG_001,54
CCGGCGCCAGACCACCAGAG_001,1
CCGGCGCCAGACCACCAGAG_002,113
CCGGCGCCAGACCACCAGAG_003,42
CCGGCGCCAGACCACCAGAG_004,161
CCGGCGCCAGACCACCAGAG_005,138
CCGGCGCCAGACCACCAGAG_006,174
CCGGCGCCAGACCACCAGAG_007,4
CCGGCGCCAGACCACCAGAG_008,36
CCGGCGCCAGACCACCAGAG_009,156
CCGGCGCCAGACCACCAGAG_010,45
CCGGCGCCAGACCACCAGAG_011,1
CCGGCGCCAGACCACCAGAG_012,144
CCGGCGCCAGACCACCAGAG_013,175
CCGGCGCCAGACCACCAGAG_014,29
CCGGCGCCAGACCACCAGAG_015,70
CCGGCGCCAGACCACCAGAG_016,127
CCGGCGCCAGACCACCAGAG_017,82
CCGGCGCCAGACCACCAGAG_018,84
CCGGCGCCAGACCACCAGAG_019,157
CCGGCGCCAGACCACCAGAG_020,36
CCGGCGCCAGACCACCAGAG_021,108
CCGGCGCCAGACCACCAGAG_022,136
CCGGCGCCAGACCACCAGAG_023,126
CCGGCGCCAGACCACCAGAG_024,28
CCGGCGCCAGACCACCAGAG_025,157
CCGGCGCCAGACCACCAGAG_026,166
CCGGCGCCAGACCACCAGAG_027,0
GGTGACTTCGACGACCTCCT_001,139
GGTGACTTCGACGACCTCCT_002,198
GGTGACTTCGACGACCTCCT_003,78
GGTGACTTCGACGACCTCCT_004,67
GGTGACTTCGACGACCTCCT_005,82
TTCTAGACCAGTCTGCAACT_001,117
TTCTAGACCAGTCTGCAACT_002,53
TTCTAGACCAGTCTGCAACT_003,12
TTCTAGACCAGTCTGCAACT_004,29
TTCTAGACCAGTCTGCAACT_005,88
TTCTAGACCAGTCTGCAACT_006,49
TTCTAGACCAGTCTGCAACT_007,10
TTCTAGACCAGTCTGCAACT_008,108
TTCTAGACCAGTCTGCAACT_009,91
TTCTAGACCAGTCTGCAACT_010,160
TTCTAGACCAGTCTGCAACT_011,116
GGGGAACTCGTACGACGTAG_001,166
GGGGAACTCGTACGACGTAG_002,43
GGGGAACTCGTACGACGTAG_003,178
GGGGAACTCGTACGACGTAG_004,183
GGGGAACTCGTACGACGTAG_005,100
ACTACGGCGACCATGGCTAT_001,19
ACTACGGCGACCATGGCTAT_002,19
ACTACGGCGACCATGGCTAT_003,129
ACTACGGCGACCATGGCTAT_004,26
ACTACGGCGACCATGGCTAT_005,82
ACTACGGCGACCATGGCTAT_006,29
ACTACGGCGACCATGGCTAT_007,41
ACTACGGCGACCATGGCTAT_008,193
ACTACGGCGACCATGGCTAT_009,193
ACTACGGCGACCATGGCTAT_010,197
ACTACGGCGACCATGGCTAT_011,79
ACTACGGCGACCATGGCTAT_012,74
ACTACGGCGACCATGGCTAT_013,20
ACTACGGCGACCATGGCTAT_014,28
ACTACGGCGACCATGGCTAT_015,98
ACTACGGCGACCATGGCTAT_016,175
ACTACGGCGACCATGGCTAT_017,46
ACTACGGCGACCATGGCTAT_018,39
ACTACGGCGACCATGGCTAT_019,151
ACTACGGCGACCATGGCTAT_020,10
GCTCACGCGGTAGTAGTCGC_001,41
GCTCACGCGGTAGTAGTCGC_002,115
GCTCACGCGGTAGTAGTCGC_003,185
GCTCACGCGGTAGTAGTCGC_004,185
GCTCACGCGGTAGTAGTCGC_005,23
GCTCACGCGGTAGTAGTCGC_006,156
TGACGCCCAGCCAGACACAC_001,78
TGACGCCCAGCCAGACACAC_002,89
TGACGCCCAGCCAGACACAC_003,102
TGACGCCCAGCCAGACACAC_004,147
TGACGCCCAGCCAGACACAC_005,77
TGACGCCCAGCCAGACACAC_006,78
TGACGCCCAGCCAGACACAC_007,126
TGACGCCCAGCCAGACACAC_008,126
TGACGCCCAGCCAGACACAC_009,49
TGACGCCCAGCCAGACACAC_010,33
TGACGCCCAGCCAGACACAC_011,149
TGACGCCCAGCCAGACACAC_012,41
TGACGCCCAGCCAGACACAC_013,83
TGACGCCCAGCCAGACACAC_014,127
TGACGCCCAGCCAGACACAC_015,60
TGACGCCCAGCCAGACACAC_016,182
TGACGCCCAGCCAGACACAC_017,60
TGACGCCCAGCCAGACACAC_018,34
TGACGCCCAGCCAGACACAC_019,88
TGACGCCCAGCCAGACACAC_020,74
TGACGCCCAGCCAGACACAC_021,81
TGACGCCCAGCCAGACACAC_022,59
TGACGCCCAGCCAGACACAC_023,141
TGACGCCCAGCCAGACACAC_024,41
TGACGCCCAGCCAGACACAC_025,5
TGACGCCCAGCCAGACACAC_026,120
TGACGCCCAGCCAGACACAC_027,70
TGACGCCCAGCCAGACACAC_028,192
TGACGCCCAGCCAGACACAC_029,88
TGACGCCCAGCCAGACACAC_030,105
TGACGCCCAGCCAGACACAC_031,88
TGACGCCCAGCCAGACACAC_032,137
TGACGCCCAGCCAGACACAC_033,136
TGACGCCCAGCCAGACACAC_034,88
TGACGCCCAGCCAGACACAC_035,72
TGACGCCCAGCCAGACACAC_036,13
TGACGCCCAGCCAGACACAC_037,7
TGACGCCCAGCCAGACACAC_038,114
TGACGCCCAGCCAGACACAC_039,96
TGACGCCCAGCCAGACACAC_040,26
TGACGCCCAGCCAGACACAC_041,173
TGACGCCCAGCCAGACACAC_042,79
TGACGCCCAGCCAGACACAC_043,147
TGACGCCCAGCCAGACACAC_044,147
ACCACAGTCCAGCTGAATGT_001,48
ACCACAGTCCAGCTGAATGT_002,149
ACCACAGTCCAGCTGAATGT_003,197
ACCACAGTCCAGCTGAATGT_004,55
ACCACAGTCCAGCTGAATGT_005,169
ACCACAGTCCAGCTGAATGT_006,130
ACCACAGTCCAGCTGAATGT_007,100
ACCACAGTCCAGCTGAATGT_008,180
ACCACAGTCCAGCTGAATGT_009,39
CCGAAACACCTGGCGCCCAG_001,55
CCGAAACACCTGGCGCCCAG_002,72
CCGAAACACCTGGCGCCCAG_003,136
CCGAAACACCTGGCGCCCAG_004,60
CCGAAACACCTGGCGCCCAG_005,172
CCGAAACACCTGGCGCCCAG_006,43
CCGAAACACCTGGCGCCCAG_007,0
CCGAAACACCTGGCGCCCAG_008,172
CCGAAACACCTGGCGCCCAG_009,157
CCGAAACACCTGGCGCCCAG_010,108
GTCCTTGCCAGTGAGACCAG_001,52
GTCCTTGCCAGTGAGACCAG_002,149
GTCCTTGCCAGTGAGACCAG_003,94
GTCCTTGCCAGTGAGACCAG_004,165
GTCCTTGCCAGTGAGACCAG_005,47
GTCCTTGCCAGTGAGACCAG_006,113
GTCCTTGCCAGTGAGACCAG_007,112
GTCCTTGCCAGTGAGACCAG_008,48
GTCCTTGCCAGTGAGACCAG_009,15
GTCCTTGCCAGTGAGACCAG_010,95
GTCCTTGCCAGTGAGACCAG_011,157
GTCCTTGCCAGTGAGACCAG_012,16
GGAGGACTCATCGATGCTAG_001,146
GGAGGACTCATCGATGCTAG_002,60
GGAGGACTCATCGATGCTAG_003,142
GGAGGACTCATCGATGCTAG_004,108
GGAGGACTCATCGATGCTAG_005,135
GGAGGACTCATCGATGCTAG_006,6
GGAGGACTCATCGATGCTAG_007,67
GGAGGACTCATCGATGCTAG_008,188
GGAGGACTCATCGATGCTAG_009,197
GGAGGACTCATCGATGCTAG_010,104
ATGACTCGTTACTTCTGCTG_001,45
ATGACTCGTTACTTCTGCTG_002,142
ATGACTCGTTACTTCTGCTG_003,29
ATGACTCGTTACTTCTGCTG_004,187
ATGACTCGTTACTTCTGCTG_005,57
ATGACTCGTTACTTCTGCTG_006,160
ATGACTCGTTACTTCTGCTG_007,62
ATGACTCGTTACTTCTGCTG_008,51
ATGACTCGTTACTTCTGCTG_009,90
ATGACTCGTTACTTCTGCTG_010,155
ATGACTCGTTACTTCTGCTG_011,77
GACTGAGGCTCATTCTCATG_001,139
GACTGAGGCTCATTCTCATG_002,92
GACTGAGGCTCATTCTCATG_003,129
GACTGAGGCTCATTCTCATG_004,57
GACTGAGGCTCATTCTCATG_005,77
GACTGAGGCTCATTCTCATG_006,170
GACTGAGGCTCATTCTCATG_007,196
CGAACTTCTGGCTGCAGTTT_001,198
CGAACTTCTGGCTGCAGTTT_002,65
CGAACTTCTGGCTGCAGTTT_003,198
CGAACTTCTGGCTGCAGTTT_004,75
CGAACTTCTGGCTGCAGTTT_005,169
CGAACTTCTGGCTGCAGTTT_006,104
CGAACTTCTGGCTGCAGTTT_007,1
CGAACTTCTGGCTGCAGTTT_008,15
CGAACTTCTGGCTGCAGTTT_009,37
CGAACTTCTGGCTGCAGTTT_010,9
CGAACTTCTGGCTGCAGTTT_011,96
CGAACTTCTGGCTGCAGTTT_012,76
CGAACTTCTGGCTGCAGTTT_013,1
CGAACTTCTGGCTGCAGTTT_014,50
GCAGATGTAGTAACCCGCGT_001,105
GCAGATGTAGTAACCCGCGT_002,191
GCAGATGTAGTAACCCGCGT_003,170
GCAGATGTAGTAACCCGCGT_004,195
GCAGATGTAGTAACCCGCGT_005,146
CCCACACTAGTAACCAGGCA_001,86
CCCACACTAGTAACCAGGCA_002,102
CAAGATAGAAACTCAGCTCG_001,94
CAAGATAGAAACTCAGCTCG_002,150
CAAGATAGAAACTCAGCTCG_003,109
CAAGATAGAAACTCAGCTCG_004,80
CAAGATAGAAACTCAGCTCG_005,81
CAAGATAGAAACTCAGCTCG_006,111
CAAGATAGAAACTCAGCTCG_007,48
CAAGATAGAAACTCAGCTCG_008,50
CAAGATAGAAACTCAGCTCG_009,75
GCTCCACCGAGGCATCGCCC_001,162
GCTCCACCGAGGCATCGCCC_002,39
TGCCGTTAAACAAATCCTGG_001,146
TGCCGTTAAACAAATCCTGG_002,175
TGCCGTTAAACAAATCCTGG_003,29
TGCCGTTAAACAAATCCTGG_004,49
TGCCGTTAAACAAATCCTGG_005,88
TGCCGTTAAACAAATCCTGG_006,117
TGCCGTTAAACAAATCCTGG_007,147
TGCCGTTAAACAAATCCTGG_008,170
TGCCGTTAAACAAATCCTGG_009,164
TGCCGTTAAACAAATCCTGG_010,164
TGCCGTTAAACAAATCCTGG_011,159
TGCCGTTAAACAAATCCTGG_012,186
TGCCGTTAAACAAATCCTGG_013,121
TGCCGTTAAACAAATCCTGG_014,169
TGCCGTTAAACAAATCCTGG_015,14
TGCCGTTAAACAAATCCTGG_016,152
TGCCGTTAAACAAATCCTGG_017,39
CAGACCCAGTAAAACCACCA_001,154
CAGACCCAGTAAAACCACCA_002,55
CAGACCCAGTAAAACCACCA_003,78
CAGACCCAGTAAAACCACCA_004,102
CAGACCCAGTAAAACCACCA_005,101
CAGACCCAGTAAAACCACCA_006,189
CAGACCCAGTAAAACCACCA_007,149
CAGACCCAGTAAAACCACCA_008,49
CAGACCCAGTAAAACCACCA_009,103
CAGACCCAGTAAAACCACCA_010,169
CAGACCCAGTAAAACCACCA_011,149
CAGACCCAGTAAAACCACCA_012,175
CAGACCCAGTAAAACCACCA_013,175
CAGACCCAGTAAAACCACCA_014,69
CAGACCCAGTAAAACCACCA_015,84
CAGACCCAGTAAAACCACCA_016,121
CAGACCCAGTAAAACCACCA_017,154
CAGACCCAGTAAAACCACCA_018,199
CAGACCCAGTAAAACCACCA_019,69
CAGACCCAGTAAAACCACCA_020,125
CAGACCCAGTAAAACCACCA_021,41
CAGACCCAGTAAAACCACCA_022,169
CAGACCCAGTAAAACCACCA_023,108
CAGACCCAGTAAAACCACCA_024,43
CAGACCCAGTAAAACCACCA_025,161
CAGACCCAGTAAAACCACCA_026,125
CAGACCCAGTAAAACCACCA_027,175
AGAAAATGAACACTTCCTTG_001,64
AGAAAATGAACACTTCCTTG_002,83
AGAAAATGAACACTTCCTTG_003,106
TTCAACGGCCTCCCAAACGG_001,171
TTCAACGGCCTCCCAAACGG_002,195
TTCAACGGCCTCCCAAACGG_003,191
TTCAACGGCCTCCCAAACGG_004,181
TTCAACGGCCTCCCAAACGG_005,70
TTCAACGGCCTCCCAAACGG_006,84
TTCAACGGCCTCCCAAACGG_007,147
TTCAACGGCCTCCCAAACGG_008,170
TTCAACGGCCTCCCAAACGG_009,29
TTCAACGGCCTCCCAAACGG_010,131
TTCAACGGCCTCCCAAACGG_011,105
TTCAACGGCCTCCCAAACGG_012,182
TTCAACGGCCTCCCAAACGG_013,133
TTCAACGGCCTCCCAAACGG_014,15
TTCAACGGCCTCCCAAACGG_015,146
TTCAACGGCCTCCCAAACGG_016,147
TTCAACGGCCTCCCAAACGG_017,40
TTCAACGGCCTCCCAAACGG_018,60
TTCAACGGCCTCCCAAACGG_019,119
TTCAACGGCCTCCCAAACGG_020,80
TTCAACGGCCTCCCAAACGG_021,41
TTCAACGGCCTCCCAAACGG_022,76
TTCAACGGCCTCCCAAACGG_023,113
TTCAACGGCCTCCCAAACGG_024,74
TTCAACGGCCTCCCAAACGG_025,63
TTCAACGGCCTCCCAAACGG_026,198
TTCAACGGCCTCCCAAACGG_027,160
TTCAACGGCCTCCCAAACGG_028,81
AAGGGGCTCCGTGTATTCAG_001,62
AAGGGGCTCCGTGTATTCAG_002,154
GTCTCCATAACGTGCTCCAG_001,43
GTCTCCATAACGTGCTCCAG_002,156
GTCTCCATAACGTGCTCCAG_003,30
GTCTCCATAACGTGCTCCAG_004,72
GTCTCCATAACGTGCTCCAG_005,81
GTCTCCATAACGTGCTCCAG_006,15
GTCTCCATAACGTGCTCCAG_007,45
GTCTCCATAACGTGCTCCAG_008,87
GGTCAAAGGCACTCACAAAG_001,102
GGTCAAAGGCACTCACAAAG_002,38
GGTCAAAGGCACTCACAAAG_003,155
GGTCAAAGGCACTCACAAAG_004,82
GGTCAAAGGCACTCACAAAG_005,11
GGTCAAAGGCACTCACAAAG_006,81
AATGTGACTGCTGACAAAGA_001,154
AATGTGACTGCTGACAAAGA_002,185
AATGTGACTGCTGACAAAGA_003,189
AATGTGACTGCTGACAAAGA_004,61
TGGTCACAGGAGACAACGTG_001,116
TGGTCACAGGAGACAACGTG_002,61
TGGTCACAGGAGACAACGTG_003,181
TGGTCACAGGAGACAACGTG_004,98
TGGTCACAGGAGACAACGTG_005,174
TGGTCACAGGAGACAACGTG_006,70
TGGTCACAGGAGACAACGTG_007,172
TGGTCACAGGAGACAACGTG_008,44
TGGTCACAGGAGACAACGTG_009,136
TGGTCACAGGAGACAACGTG_010,2
TGGTCACAGGAGACAACGTG_011,77
TGGTCACAGGAGACAACGTG_012,182
TGGTCACAGGAGACAACGTG_013,142
TGGTCACAGGAGACAACGTG_014,47
TGGTCACAGGAGACAACGTG_015,64
TGGTGTGGGGTCGAAAAACG_001,178
TGGTGTGGGGTCGAAAAACG_002,27
TGGTGTGGGGTCGAAAAACG_003,51
CCCTGTAACCAACTCAGAAG_001,163
CCCTGTAACCAACTCAGAAG_002,16
CCCTGTAACCAACTCAGAAG_003,144
CCCTGTAACCAACTCAGAAG_004,177
CCCTGTAACCAACTCAGAAG_005,117
CCCTGTAACCAACTCAGAAG_006,87
CCCTGTAACCAACTCAGAAG_007,6
GAAATGGTACAGTCCGTGCG_001,46
GAAATGGTACAGTCCGTGCG_002,41
GAAATGGTACAGTCCGTGCG_003,96
GCAGGCCCACTCCAGGCAAG_001,139
GCAGGCCCACTCCAGGCAAG_002,66
GCAGGCCCACTCCAGGCAAG_003,60
GCAGGCCCACTCCAGGCAAG_004,73
GCAGGCCCACTCCAGGCAAG_005,53
GCAGGCCCACTCCAGGCAAG_006,127
GCAGGCCCACTCCAGGCAAG_007,24
GCAGGCCCACTCCAGGCAAG_008,159
GCAGGCCCACTCCAGGCAAG_009,5
GCAGGCCCACTCCAGGCAAG_010,68
GCAGGCCCACTCCAGGCAAG_011,30
GCAGGCCCACTCCAGGCAAG_012,25
GCAGGCCCACTCCAGGCAAG_013,185
GCAGGCCCACTCCAGGCAAG_014,149
GCAGGCCCACTCCAGGCAAG_015,150
GCAGGCCCACTCCAGGCAAG_016,42
GCAGGCCCACTCCAGGCAAG_017,42
GCAGGCCCACTCCAGGCAAG_018,110
GCAGGCCCACTCCAGGCAAG_019,94
GCAGGCCCACTCCAGGCAAG_020,1
GCAGGCCCACTCCAGGCAAG_021,112
GCAGGCCCACTCCAGGCAAG_022,25
GCAGGCCCACTCCAGGCAAG_023,75
GCAGGCCCACTCCAGGCAAG_024,192
GCAGGCCCACTCCAGGCAAG_025,60
GCAGGCCCACTCCAGGCAAG_026,194
GCAGGCCCACTCCAGGCAAG_027,70
GCAGGCCCACTCCAGGCAAG_028,192
GCAGGCCCACTCCAGGCAAG_029,18
GCAGGCCCACTCCAGGCAAG_030,13
GCAGGCCCACTCCAGGCAAG_031,112
GCAGGCCCACTCCAGGCAAG_032,2
GCAGGCCCACTCCAGGCAAG_033,19
GCAGGCCCACTCCAGGCAAG_034,2
GCAGGCCCACTCCAGGCAAG_035,16
GCAGGCCCACTCCAGGCAAG_036,45
GCAGGCCCACTCCAGGCAAG_037,168
GCAGGCCCACTCCAGGCAAG_038,28
GCAGGCCCACTCCAGGCAAG_039,106
GCAGGCCCACTCCAGGCAAG_040,63
GCAGGCCCACTCCAGGCAAG_041,97
CATAGGCCATCACGGACAGG_001,29
CATAGGCCATCACGGACAGG_002,54
CATAGGCCATCACGGACAGG_003,149
CATAGGCCATCACGGACAGG_004,75
AATTGTCAAAGTCTCAAATG_001,134
AATTGTCAAAGTCTCAAATG_002,197
AATTGTCAAAGTCTCAAATG_003,121
AATTGTCAAAGTCTCAAATG_004,28
GACTGCCTGAACATCTGGAT_001,40
GACTGCCTGAACATCTGGAT_002,175
GACTGCCTGAACATCTGGAT_003,125
GACTGCCTGAACATCTGGAT_004,102
GACTGCCTGAACATCTGGAT_005,166
GACTGCCTGAACATCTGGAT_006,94
GGGCACGATGAAGTCACAGA_001,15
GGGCACGATGAAGTCACAGA_002,124
GTCAGCAGCAGTAAAATGGC_001,105
GTCAGCAGCAGTAAAATGGC_002,149
GTCAGCAGCAGTAAAATGGC_003,23
GTCAGCAGCAGTAAAATGGC_004,169
GTCAGCAGCAGTAAAATGGC_005,191
GTCAGCAGCAGTAAAATGGC_006,60
GTCAGCAGCAGTAAAATGGC_007,169
GTCAGCAGCAGTAAAATGGC_008,27
GTCAGCAGCAGTAAAATGGC_009,21
GTCAGCAGCAGTAAAATGGC_010,27
GTCAGCAGCAGTAAAATGGC_011,197
GTCAGCAGCAGTAAAATGGC_012,169
GTCAGCAGCAGTAAAATGGC_013,95
GTCAGCAGCAGTAAAATGGC_014,46
GTCAGCAGCAGTAAAATGGC_015,191
GTCAGCAGCAGTAAAATGGC_016,160
GTCAGCAGCAGTAAAATGGC_017,129
GTCAGCAGCAGTAAAATGGC_018,187
GTCAGCAGCAGTAAAATGGC_019,121
CCGGGACACACCGACCACTC_001,170
CCGGGACACACCGACCACTC_002,147
CCGGGACACACCGACCACTC_003,135
CCGGGACACACCGACCACTC_004,89
CCGGGACACACCGACCACTC_005,101
CCGGGACACACCGACCACTC_006,40
CCGGGACACACCGACCACTC_007,154
CCGGGACACACCGACCACTC_008,155
CCGGGACACACCGACCACTC_009,105
CCGGGACACACCGACCACTC_010,176
CCGGGACACACCGACCACTC_011,76
CCGGGACACACCGACCACTC_012,141
CCGGGACACACCGACCACTC_013,77
CCGGGACACACCGACCACTC_014,69
CCGGGACACACCGACCACTC_015,28
CCGGGACACACCGACCACTC_016,142
CCGGGACACACCGACCACTC_017,129
CCGGGACACACCGACCACTC_018,20
CCGGGACACACCGACCACTC_019,197
AATACAACAAGGCATAATCG_001,12
AATACAACAAGGCATAATCG_002,29
AATACAACAAGGCATAATCG_003,137
AATACAACAAGGCATAATCG_004,70
ACACTCGGACCGTCATTGCC_001,135
ACACTCGGACCGTCATTGCC_002,68
ACACTCGGACCGTCATTGCC_003,104
ACACTCGGACCGTCATTGCC_004,61
ACACTCGGACCGTCATTGCC_005,52
ACACTCGGACCGTCATTGCC_006,85
ACACTCGGACCGTCATTGCC_007,20
ACACTCGGACCGTCATTGCC_008,55
ACACTCGGACCGTCATTGCC_009,102
ACACTCGGACCGTCATTGCC_010,169
ACACTCGGACCGTCATTGCC_011,127
ACACTCGGACCGTCATTGCC_012,197
ACACTCGGACCGTCATTGCC_013,196
ACACTCGGACCGTCATTGCC_014,140
ACACTCGGACCGTCATTGCC_015,72
ACACTCGGACCGTCATTGCC_016,115
ACACTCGGACCGTCATTGCC_017,149
ACACTCGGACCGTCATTGCC_018,188
ACACTCGGACCGTCATTGCC_019,159
ACACTCGGACCGTCATTGCC_020,28
ACACTCGGACCGTCATTGCC_021,60
CACACGCACCAGCTGCACGT_001,41
CACACGCACCAGCTGCACGT_002,84
CACACGCACCAGCTGCACGT_003,95
CACACGCACCAGCTGCACGT_004,40
CACACGCACCAGCTGCACGT_005,173
CACACGCACCAGCTGCACGT_006,197
CACACGCACCAGCTGCACGT_007,48
CACACGCACCAGCTGCACGT_008,116
TCCACGTTATGATTTAGACG_001,139
TCCACGTTATGATTTAGACG_002,199
TCCACGTTATGATTTAGACG_003,107
TCCACGTTATGATTTAGACG_004,147
AGAAGCCCTACCAATGCAAG_001,73
AGAAGCCCTACCAATGCAAG_002,21
AGAAGCCCTACCAATGCAAG_003,122
AGAAGCCCTACCAATGCAAG_004,70
AGAAGCCCTACCAATGCAAG_005,94
AGAAGCCCTACCAATGCAAG_006,70
AGAAGCCCTACCAATGCAAG_007,8
AGAAGCCCTACCAATGCAAG_008,127
AGAAGCCCTACCAATGCAAG_009,145
AGAAGCCCTACCAATGCAAG_010,121
AGAAGCCCTACCAATGCAAG_011,156
AGAAGCCCTACCAATGCAAG_012,123
AGAAGCCCTACCAATGCAAG_013,70
AGAAGCCCTACCAATGCAAG_014,81
AGAAGCCCTACCAATGCAAG_015,142
AGAAGCCCTACCAATGCAAG_016,142
AGAAGCCCTACCAATGCAAG_017,116
AGAAGCCCTACCAATGCAAG_018,47
AGAAGCCCTACCAATGCAAG_019,47
AGAAGCCCTACCAATGCAAG_020,136
AGAAGCCCTACCAATGCAAG_021,30
AGAAGCCCTACCAATGCAAG_022,86
GACGCAAAAACGCTTTCCCA_001,9
GACGCAAAAACGCTTTCCCA_002,51
GACGCAAAAACGCTTTCCCA_003,158
GACGCAAAAACGCTTTCCCA_004,170
GACGCAAAAACGCTTTCCCA_005,41
GACGCAAAAACGCTTTCCCA_006,48
GACGCAAAAACGCTTTCCCA_007,192
GACGCAAAAACGCTTTCCCA_008,82
GACGCAAAAACGCTTTCCCA_009,141
GACGCAAAAACGCTTTCCCA_010,32
GACGCAAAAACGCTTTCCCA_011,19
GACGCAAAAACGCTTTCCCA_012,98
GACGCAAAAACGCTTTCCCA_013,140
GACGCAAAAACGCTTTCCCA_014,183
GACGCAAAAACGCTTTCCCA_015,58
GACGCAAAAACGCTTTCCCA_016,76
GACGCAAAAACGCTTTCCCA_017,48
GACGCAAAAACGCTTTCCCA_018,57
GACGCAAAAACGCTTTCCCA_019,49
GACGCAAAAACGCTTTCCCA_020,185
GACGCAAAAACGCTTTCCCA_021,172
GACGCAAAAACGCTTTCCCA_022,15
GACGCAAAAACGCTTTCCCA_023,56
GACGCAAAAACGCTTTCCCA_024,5
GACGCAAAAACGCTTTCCCA_025,78
GACGCAAAAACGCTTTCCCA_026,18
GAAACAGATCAACGATTACG_001,67
GCTAAAAATGCAAGTAACAC_001,25
GCTAAAAATGCAAGTAACAC_002,107
GCTAAAAATGCAAGTAACAC_003,87
GCTAAAAATGCAAGTAACAC_004,87
CCTGTGGCGTTACAGCAACG_001,0
CCTGTGGCGTTACAGCAACG_002,197
CCTGTGGCGTTACAGCAACG_003,50
CCTGTGGCGTTACAGCAACG_004,157
CCTGTGGCGTTACAGCAACG_005,123
CCTGTGGCGTTACAGCAACG_006,9
CCTGTGGCGTTACAGCAACG_007,23
GCGGACGGAACGGAAGAGCG_001,184
GCGGACGGAACGGAAGAGCG_002,198
GCGGACGGAACGGAAGAGCG_003,54
GCGGACGGAACGGAAGAGCG_004,112
GCGGACGGAACGGAAGAGCG_005,172
GCGGACGGAACGGAAGAGCG_006,3
GCGGACGGAACGGAAGAGCG_007,128
GCGGACGGAACGGAAGAGCG_008,88
GCGGACGGAACGGAAGAGCG_009,69
GCGGACGGAACGGAAGAGCG_010,129
GCGGACGGAACGGAAGAGCG_011,58
GCGGACGGAACGGAAGAGCG_012,37
GCGGACGGAACGGAAGAGCG_013,28
GCGGACGGAACGGAAGAGCG_014,94
GCGGACGGAACGGAAGAGCG_015,112
GCGGACGGAACGGAAGAGCG_016,95
GCGGACGGAACGGAAGAGCG_017,150
GCGGACGGAACGGAAGAGCG_018,159
GCGGACGGAACGGAAGAGCG_019,122
GCGGACGGAACGGAAGAGCG_020,107
GCGGACGGAACGGAAGAGCG_021,5
GCGGACGGAACGGAAGAGCG_022,57
GCGGACGGAACGGAAGAGCG_023,77
GCGGACGGAACGGAAGAGCG_024,63
GCGGACGGAACGGAAGAGCG_025,191
GCGGACGGAACGGAAGAGCG_026,1
GCGGACGGAACGGAAGAGCG_027,147
TGAAATCAAGAATTCTGTGG_001,96
TGAAATCAAGAATTCTGTGG_002,102
TGAAATCAAGAATTCTGTGG_003,151
TGAAATCAAGAATTCTGTGG_004,33
TGTAGCCTCTAACCCAATAG_001,87
TGTAGCCTCTAACCCAATAG_002,196
ATAAAAAAGGAACTGAATTG_001,146
ATAAAAAAGGAACTGAATTG_002,8
ATAAAAAAGGAACTGAATTG_003,160
ATAAAAAAGGAACTGAATTG_004,162
ATAAAAAAGGAACTGAATTG_005,150
ATAAAAAAGGAACTGAATTG_006,28
CCTCGAGATACGTACTGCAG_001,34
CCTCGAGATACGTACTGCAG_002,28
CCTCGAGATACGTACTGCAG_003,119
CCTGCACTCGGAGAAGAACG_001,110
CCTGCACTCGGAGAAGAACG_002,48
CCTGCACTCGGAGAAGAACG_003,77
CCTGCACTCGGAGAAGAACG_004,34
CCTGCACTCGGAGAAGAACG_005,44
TGAATGGATACCACGCATCA_001,0
TGAATGGATACCACGCATCA_002,175
TGAATGGATACCACGCATCA_003,90
AGCTACAGGAGAATCACCAG_001,181
AGCTACAGGAGAATCACCAG_002,62
AGCTACAGGAGAATCACCAG_003,17
AGCTACAGGAGAATCACCAG_004,32
AGCTACAGGAGAATCACCAG_005,187
AGCTACAGGAGAATCACCAG_006,70
AGCTACAGGAGAATCACCAG_007,144
AGCTACAGGAGAATCACCAG_008,78
AGCTACAGGAGAATCACCAG_009,29
AGCTACAGGAGAATCACCAG_010,169
AGCTACAGGAGAATCACCAG_011,41
AGCTACAGGAGAATCACCAG_012,116
AGCTACAGGAGAATCACCAG_013,121
AGCTACAGGAGAATCACCAG_014,101
GAGCTTACGGGAGCGGGTGT_001,23
GAGCTTACGGGAGCGGGTGT_002,3
GAGCTTACGGGAGCGGGTGT_003,89
GAGCTTACGGGAGCGGGTGT_004,198
GAGCTTACGGGAGCGGGTGT_005,172
GAGCTTACGGGAGCGGGTGT_006,105
GAGCTTACGGGAGCGGGTGT_007,88
GAGCTTACGGGAGCGGGTGT_008,99
GAGCTTACGGGAGCGGGTGT_009,88
GAGCTTACGGGAGCGGGTGT_010,125
GAGCTTACGGGAGCGGGTGT_011,164
TCCATGCAGTCAGTGCACAG_001,17
TCCATGCAGTCAGTGCACAG_002,70
TCCATGCAGTCAGTGCACAG_003,16
TCCATGCAGTCAGTGCACAG_004,58
TCCATGCAGTCAGTGCACAG_005,50
TCCATGCAGTCAGTGCACAG_006,103
TCCATGCAGTCAGTGCACAG_007,73
TCCATGCAGTCAGTGCACAG_008,158
TCCATGCAGTCAGTGCACAG_009,61
TCCATGCAGTCAGTGCACAG_010,146
TCCATGCAGTCAGTGCACAG_011,166
TCCATGCAGTCAGTGCACAG_012,35
TCCATGCAGTCAGTGCACAG_013,161
TCCATGCAGTCAGTGCACAG_014,120
TCCATGCAGTCAGTGCACAG_015,76
TCCATGCAGTCAGTGCACAG_016,83
TCCATGCAGTCAGTGCACAG_017,6
TCCATGCAGTCAGTGCACAG_018,94
TCCATGCAGTCAGTGCACAG_019,16
TCCATGCAGTCAGTGCACAG_020,169
TCCATGCAGTCAGTGCACAG_021,9
TCCATGCAGTCAGTGCACAG_022,176
TCCATGCAGTCAGTGCACAG_023,120
TCCATGCAGTCAGTGCACAG_024,31
AGTGCATTGAACACTACCGC_001,1
AGTGCATTGAACACTACCGC_002,130
AGTGCATTGAACACTACCGC_003,16
AGTGCATTGAACACTACCGC_004,107
AGTGCATTGAACACTACCGC_005,1
AGTGCATTGAACACTACCGC_006,36
AGTGCATTGAACACTACCGC_007,183
AGTGCATTGAACACTACCGC_008,134
AGTGCATTGAACACTACCGC_009,50
AATTCTCTTGTCTTACCAAG_001,131
CCCACAGCCTGGATAACAGG_001,185
GTGATGTTAATATTCTGCAT_001,81
GTGATGTTAATATTCTGCAT_002,2
AGCCTTAATGAAGATCCAGA_001,172
AGCCTTAATGAAGATCCAGA_002,121
AGCCTTAATGAAGATCCAGA_003,6
AGCCTTAATGAAGATCCAGA_004,62
AGCCTTAATGAAGATCCAGA_005,42
AGCCTTAATGAAGATCCAGA_006,103
AGCCTTAATGAAGATCCAGA_007,152
AGCCTTAATGAAGATCCAGA_008,7
AGCCTTAATGAAGATCCAGA_009,43
AGCCTTAATGAAGATCCAGA_010,167
AGCCTTAATGAAGATCCAGA_011,148
AGCCTTAATGAAGATCCAGA_012,136
AGCCTTAATGAAGATCCAGA_013,19
GATCTGGGCGGAACGCATGG_001,119
GATCTGGGCGGAACGCATGG_002,168
GATCTGGGCGGAACGCATGG_003,4
GATCTGGGCGGAACGCATGG_004,17
GATCTGGGCGGAACGCATGG_005,21
GATCTGGGCGGAACGCATGG_006,12
GATCTGGGCGGAACGCATGG_007,121
GATCTGGGCGGAACGCATGG_008,40
GATCTGGGCGGAACGCATGG_009,22
GATCTGGGCGGAACGCATGG_010,162
GATCTGGGCGGAACGCATGG_011,69
GATCTGGGCGGAACGCATGG_012,127
GATCTGGGCGGAACGCATGG_013,46
GATCTGGGCGGAACGCATGG_014,6
GATCTGGGCGGAACGCATGG_015,99
ACAAGAGCCACAGTCCCCCT_001,10
ACAAGAGCCACAGTCCCCCT_002,146
ACAAGAGCCACAGTCCCCCT_003,15
ACAAGAGCCACAGTCCCCCT_004,121
ACAAGAGCCACAGTCCCCCT_005,103
ACAAGAGCCACAGTCCCCCT_006,59
ACAAGAGCCACAGTCCCCCT_007,168
ACAAGAGCCACAGTCCCCCT_008,127
ACAAGAGCCACAGTCCCCCT_009,33
ACAAGAGCCACAGTCCCCCT_010,166
ACAAGAGCCACAGTCCCCCT_011,188
ACAAGAGCCACAGTCCCCCT_012,88
ACAAGAGCCACAGTCCCCCT_013,105
ACAAGAGCCACAGTCCCCCT_014,69
ACAAGAGCCACAGTCCCCCT_015,46
AATGTACCTTTCAAATACAA_001,69
AATGTACCTTTCAAATACAA_002,33
AATGTACCTTTCAAATACAA_003,105
AATGTACCTTTCAAATACAA_004,77
AATGTACCTTTCAAATACAA_005,83
GTACTTACTGAAGCCAAATT_001,193
GTACTTACTGAAGCCAAATT_002,74
GTACTTACTGAAGCCAAATT_003,23
GTACTTACTGAAGCCAAATT_004,31
GTACTTACTGAAGCCAAATT_005,55
GTACTTACTGAAGCCAAATT_006,156
GTACTTACTGAAGCCAAATT_007,149
GTACTTACTGAAGCCAAATT_008,40
GTACTTACTGAAGCCAAATT_009,11
GTACTTACTGAAGCCAAATT_010,67
GTACTTACTGAAGCCAAATT_011,17
GTACTTACTGAAGCCAAATT_012,149
GAATCCACTAAACAGACGTT_001,148
GAATCCACTAAACAGACGTT_002,156
GAATCCACTAAACAGACGTT_003,83
GAATCCACTAAACAGACGTT_004,160
GAATCCACTAAACAGACGTT_005,63
ATAACAACCAAACTCTACTG_001,54
ATAACAACCAAACTCTACTG_002,78
ATAACAACCAAACTCTACTG_003,185
ATAACAACCAAACTCTACTG_004,80
ATAACAACCAAACTCTACTG_005,125
ATAACAACCAAACTCTACTG_006,163
GCTGAACAGGACGTCCACAT_001,19
GCTGAACAGGACGTCCACAT_002,98
GCTGAACAGGACGTCCACAT_003,5
GCTGAACAGGACGTCCACAT_004,158
GCTGAACAGGACGTCCACAT_005,127
GCTGAACAGGACGTCCACAT_006,103
GCTGAACAGGACGTCCACAT_007,68
GCTGAACAGGACGTCCACAT_008,115
GCTGAACAGGACGTCCACAT_009,58
GCTGAACAGGACGTCCACAT_010,29
GCTGAACAGGACGTCCACAT_011,11
GCTGAACAGGACGTCCACAT_012,87
GCTGAACAGGACGTCCACAT_013,23
TGATCCAGAATGCCACACCT_001,92
TGATCCAGAATGCCACACCT_002,27
TGATCCAGAATGCCACACCT_003,93
TGATCCAGAATGCCACACCT_004,172
TGATCCAGAATGCCACACCT_005,91
TGATCCAGAATGCCACACCT_006,91
TGATCCAGAATGCCACACCT_007,70
TGATCCAGAATGCCACACCT_008,58
TGATCCAGAATGCCACACCT_009,31
TGATCCAGAATGCCACACCT_010,88
TGATCCAGAATGCCACACCT_011,41
AGCTTGATACTGAGCATATG_001,42
AGCTTGATACTGAGCATATG_002,116
AGCTTGATACTGAGCATATG_003,86
AGCTTGATACTGAGCATATG_004,102
AGCTTGATACTGAGCATATG_005,12
AGCTTGATACTGAGCATATG_006,29
AGCTTGATACTGAGCATATG_007,24
AGCTTGATACTGAGCATATG_008,113
AGCTTGATACTGAGCATATG_009,28
AAAGGCAGGCTAGTCACAGG_001,145
AAAGGCAGGCTAGTCACAGG_002,78
AAAGGCAGGCTAGTCACAGG_003,63
AAAGGCAGGCTAGTCACAGG_004,88
AAAGGCAGGCTAGTCACAGG_005,45
AAAGGCAGGCTAGTCACAGG_006,19
AAAGGCAGGCTAGTCACAGG_007,62
AAAGGCAGGCTAGTCACAGG_008,153
AAAGGCAGGCTAGTCACAGG_009,36
AAAGGCAGGCTAGTCACAGG_010,43
AAAGGCAGGCTAGTCACAGG_011,49
AAAGGCAGGCTAGTCACAGG_012,51
AAAGGCAGGCTAGTCACAGG_013,26
AAAGGCAGGCTAGTCACAGG_014,68
AAAGGCAGGCTAGTCACAGG_015,33
AAAGGCAGGCTAGTCACAGG_016,168
AAAGGCAGGCTAGTCACAGG_017,162
AAAGGCAGGCTAGTCACAGG_018,46
AAAGGCAGGCTAGTCACAGG_019,0
CAAAGACTTACCAGTATCAG_001,148
CAAAGACTTACCAGTATCAG_002,30
CAAAGACTTACCAGTATCAG_003,92
GGGGCCTCATTCACCCAGAA_001,166
GGGGCCTCATTCACCCAGAA_002,159
GGGGCCTCATTCACCCAGAA_003,158
GGGGCCTCATTCACCCAGAA_004,144
GGGGCCTCATTCACCCAGAA_005,34
GGGGCCTCATTCACCCAGAA_006,81
GGGGCCTCATTCACCCAGAA_007,113
ACAGGCGAGCTTTAGGACAG_001,144
ACAGGCGAGCTTTAGGACAG_002,118
ACAGGCGAGCTTTAGGACAG_003,106
ACAGGCGAGCTTTAGGACAG_004,197
ACAGGCGAGCTTTAGGACAG_005,41
ACAGGCGAGCTTTAGGACAG_006,80
ACAGGCGAGCTTTAGGACAG_007,46
ACAGGCGAGCTTTAGGACAG_008,184
ACAGGCGAGCTTTAGGACAG_009,149
ACAGGCGAGCTTTAGGACAG_010,96
ACAGGCGAGCTTTAGGACAG_011,53
ACAGGCGAGCTTTAGGACAG_012,153
TATGAAGATCACTGCTTCAG_001,50
TATGAAGATCACTGCTTCAG_002,59
TATGAAGATCACTGCTTCAG_003,77
TATGAAGATCACTGCTTCAG_004,143
TATGAAGATCACTGCTTCAG_005,80
TATGAAGATCACTGCTTCAG_006,2
TATGAAGATCACTGCTTCAG_007,160
TATGAAGATCACTGCTTCAG_008,45
TATGAAGATCACTGCTTCAG_009,120
TATGAAGATCACTGCTTCAG_010,110
CATTCTGGCATTGAAGACCA_001,93
CATTCTGGCATTGAAGACCA_002,50
CATTCTGGCATTGAAGACCA_003,168
CATTCTGGCATTGAAGACCA_004,48
CATTCTGGCATTGAAGACCA_005,125
CATTCTGGCATTGAAGACCA_006,186
CATTCTGGCATTGAAGACCA_007,64
CATTCTGGCATTGAAGACCA_008,106
CATTCTGGCATTGAAGACCA_009,63
CATTCTGGCATTGAAGACCA_010,138
TTTCGTTCCTCATTCGACAG_001,68
ACAGCTAGTATACATGCGCA_001,86
GTTCAGGAAGTAGTTGCCAT_001,53
GTTCAGGAAGTAGTTGCCAT_002,191
GTTCAGGAAGTAGTTGCCAT_003,133
GTTCAGGAAGTAGTTGCCAT_004,29
GTTCAGGAAGTAGTTGCCAT_005,51
GTTCAGGAAGTAGTTGCCAT_006,112
GTTCAGGAAGTAGTTGCCAT_007,142
GTTCAGGAAGTAGTTGCCAT_008,173
GTTCAGGAAGTAGTTGCCAT_009,192
GTTCAGGAAGTAGTTGCCAT_010,125
GTTCAGGAAGTAGTTGCCAT_011,116
GTTCAGGAAGTAGTTGCCAT_012,11
GTTCAGGAAGTAGTTGCCAT_013,126
GTTCAGGAAGTAGTTGCCAT_014,78
GTTCAGGAAGTAGTTGCCAT_015,63
GTTCAGGAAGTAGTTGCCAT_016,113
GTTCAGGAAGTAGTTGCCAT_017,2
TTCTACGAGGACATCGCTCA_001,168
TTCTACGAGGACATCGCTCA_002,98
TTCTACGAGGACATCGCTCA_003,65
TTCTACGAGGACATCGCTCA_004,65
TTCTACGAGGACATCGCTCA_005,104
TTCTACGAGGACATCGCTCA_006,116
TTCTACGAGGACATCGCTCA_007,147
TTCTACGAGGACATCGCTCA_008,63
CAGATGGTGAGGGCTCACTC_001,15
CAGATGGTGAGGGCTCACTC_002,30
CAGATGGTGAGGGCTCACTC_003,102
CAGATGGTGAGGGCTCACTC_004,51
CAGATGGTGAGGGCTCACTC_005,0
CAGATGGTGAGGGCTCACTC_006,50
CAGATGGTGAGGGCTCACTC_007,162
CAGATGGTGAGGGCTCACTC_008,163
CAGATGGTGAGGGCTCACTC_009,156
CAGATGGTGAGGGCTCACTC_010,145
CAGATGGTGAGGGCTCACTC_011,163
CAGATGGTGAGGGCTCACTC_012,169
CAGATGGTGAGGGCTCACTC_013,199
CAGATGGTGAGGGCTCACTC_014,19
CAGATGGTGAGGGCTCACTC_015,70
CAGATGGTGAGGGCTCACTC_016,92
CAGATGGTGAGGGCTCACTC_017,42
CAGATGGTGAGGGCTCACTC_018,127
CAGATGGTGAGGGCTCACTC_019,193
CAGATGGTGAGGGCTCACTC_020,80
CAGATGGTGAGGGCTCACTC_021,196
CAGATGGTGAGGGCTCACTC_022,127
CAGATGGTGAGGGCTCACTC_023,77
CAGATGGTGAGGGCTCACTC_024,29
CAGATGGTGAGGGCTCACTC_025,43
CAGATGGTGAGGGCTCACTC_026,53
CAGATGGTGAGGGCTCACTC_027,1
CAGATGGTGAGGGCTCACTC_028,126
CAGATGGTGAGGGCTCACTC_029,69
CAGATGGTGAGGGCTCACTC_030,70
CAGATGGTGAGGGCTCACTC_031,169
CAGATGGTGAGGGCTCACTC_032,39
CAGATGGTGAGGGCTCACTC_033,170
CCCTTTGCTGATGCAACTAA_001,32
CCCTTTGCTGATGCAACTAA_002,113
CCCTTTGCTGATGCAACTAA_003,107
CCCTTTGCTGATGCAACTAA_004,112
CCCTTTGCTGATGCAACTAA_005,170
CCCTTTGCTGATGCAACTAA_006,179
CCCTTTGCTGATGCAACTAA_007,175
TGGAACAGGACACATACTGG_001,121
TGGAACAGGACACATACTGG_002,174
TGGAACAGGACACATACTGG_003,140
TGGAACAGGACACATACTGG_004,133
TGGAACAGGACACATACTGG_005,158
TGGAACAGGACACATACTGG_006,178
TGGAACAGGACACATACTGG_007,0
TGGAACAGGACACATACTGG_008,34
TGGAACAGGACACATACTGG_009,62
TGGAACAGGACACATACTGG_010,191
TCAAACGAGGTGCTCCAAAG_001,121
TCAAACGAGGTGCTCCAAAG_002,185
CTACTTATAAGGTCGGATGG_001,87
CTACTTATAAGGTCGGATGG_002,158
CTACTTATAAGGTCGGATGG_003,63
CTACTTATAAGGTCGGATGG_004,136
GCGACAGTGCACACATGATG_001,155
GCGACAGTGCACACATGATG_002,75
GCGACAGTGCACACATGATG_003,168
GCTGTAAAAGACATCCCTGA_001,113
GCTGTAAAAGACATCCCTGA_002,38
CATGGTGAAGACGGACACCA_001,163
CATGGTGAAGACGGACACCA_002,82
CATGGTGAAGACGGACACCA_003,84
CATGGTGAAGACGGACACCA_004,124
CATGGTGAAGACGGACACCA_005,123
CATGGTGAAGACGGACACCA_006,147
CATGGTGAAGACGGACACCA_007,10
CATGGTGAAGACGGACACCA_008,17
CATGGTGAAGACGGACACCA_009,190
CATGGTGAAGACGGACACCA_010,87
CATGGTGAAGACGGACACCA_011,170
CATGGTGAAGACGGACACCA_012,70
CATGGTGAAGACGGACACCA_013,75
CATGGTGAAGACGGACACCA_014,162
CATGGTGAAGACGGACACCA_015,130
CATGGTGAAGACGGACACCA_016,22
CATGGTGAAGACGGACACCA_017,62
CATGGTGAAGACGGACACCA_018,147
CATGGTGAAGACGGACACCA_019,140
CATGGTGAAGACGGACACCA_020,60
CATGGTGAAGACGGACACCA_021,156
CATGGTGAAGACGGACACCA_022,84
CATGGTGAAGACGGACACCA_023,152
CATGGTGAAGACGGACACCA_024,47
CATGGTGAAGACGGACACCA_025,114
CATGGTGAAGACGGACACCA_026,24
CATGGTGAAGACGGACACCA_027,48
CATGGTGAAGACGGACACCA_028,110
CATGGTGAAGACGGACACCA_029,151
CATGGTGAAGACGGACACCA_030,157
CATGGTGAAGACGGACACCA_031,69
CATGGTGAAGACGGACACCA_032,70
CATGGTGAAGACGGACACCA_033,66
CATGGTGAAGACGGACACCA_034,158
CATGGTGAAGACGGACACCA_035,148
ACATCCATCGAATTCACCAG_001,77
TTTAACAAACCTGCCAACCC_001,87
TTTAACAAACCTGCCAACCC_002,114
TTTAACAAACCTGCCAACCC_003,58
TTTAACAAACCTGCCAACCC_004,58
TGTATGACTGGGAGTATGAG_001,50
TGTATGACTGGGAGTATGAG_002,98
TGTATGACTGGGAGTATGAG_003,50
TGTATGACTGGGAGTATGAG_004,174
TGTATGACTGGGAGTATGAG_005,134
TGTATGACTGGGAGTATGAG_006,129
TGTATGACTGGGAGTATGAG_007,147
TGTATGACTGGGAGTATGAG_008,41
TGTATGACTGGGAGTATGAG_009,112
TGTATGACTGGGAGTATGAG_010,15
TGTATGACTGGGAGTATGAG_011,102
TGTATGACTGGGAGTATGAG_012,184
TGTATGACTGGGAGTATGAG_013,2
TTGGGGCAAGGAAACCAGCA_001,48
TTGGGGCAAGGAAACCAGCA_002,81
TTGGGGCAAGGAAACCAGCA_003,121
TTGGGGCAAGGAAACCAGCA_004,118
TTGGGGCAAGGAAACCAGCA_005,79
TTGGGGCAAGGAAACCAGCA_006,198
TTGGGGCAAGGAAACCAGCA_007,48
TTGGGGCAAGGAAACCAGCA_008,113
TTGGGGCAAGGAAACCAGCA_009,198
TTGGGGCAAGGAAACCAGCA_010,91
TTGGGGCAAGGAAACCAGCA_011,91
GTGATGCAGCAGTTCATCAG_001,130
GTGATGCAGCAGTTCATCAG_002,185
GTGATGCAGCAGTTCATCAG_003,27
GTGATGCAGCAGTTCATCAG_004,78
GTGATGCAGCAGTTCATCAG_005,169
GTGATGCAGCAGTTCATCAG_006,12
GTGATGCAGCAGTTCATCAG_007,50
GTGATGCAGCAGTTCATCAG_008,121
GTGATGCAGCAGTTCATCAG_009,123
GTGATGCAGCAGTTCATCAG_010,91
GTGATGCAGCAGTTCATCAG_011,128
GTGATGCAGCAGTTCATCAG_012,152
GTGATGCAGCAGTTCATCAG_013,124
GTGATGCAGCAGTTCATCAG_014,19
GTGATGCAGCAGTTCATCAG_015,100
GTAGGCGCGCTCCGTTAGCG_001,199
CCGGGACCACTAAAGCCCTG_001,191
CCGGGACCACTAAAGCCCTG_002,118
CCGGGACCACTAAAGCCCTG_003,76
CCGGGACCACTAAAGCCCTG_004,116
CCGGGACCACTAAAGCCCTG_005,52
CCGGGACCACTAAAGCCCTG_006,199
CCGGGACCACTAAAGCCCTG_007,199
CCGGGACCACTAAAGCCCTG_008,191
CCGGGACCACTAAAGCCCTG_009,49
CCGGGACCACTAAAGCCCTG_010,192
CCGGGACCACTAAAGCCCTG_011,75
CCGGGACCACTAAAGCCCTG_012,115
CCGGGACCACTAAAGCCCTG_013,108
CCGGGACCACTAAAGCCCTG_014,49
CCGGGACCACTAAAGCCCTG_015,101
CCGGGACCACTAAAGCCCTG_016,28
CCGGGACCACTAAAGCCCTG_017,8
GCCGCCGGTTTACCTGTGTG_001,62
GCCGCCGGTTTACCTGTGTG_002,192
GCCGCCGGTTTACCTGTGTG_003,83
GCCGCCGGTTTACCTGTGTG_004,38
GCCGCCGGTTTACCTGTGTG_005,98
GCCGCCGGTTTACCTGTGTG_006,140
GCCGCCGGTTTACCTGTGTG_007,88
GCCGCCGGTTTACCTGTGTG_008,42
GCCGCCGGTTTACCTGTGTG_009,170
GCCGCCGGTTTACCTGTGTG_010,43
GCCGCCGGTTTACCTGTGTG_011,167
GCCGCCGGTTTACCTGTGTG_012,29
GCCGCCGGTTTACCTGTGTG_013,57
GTTGGTCAGCACGTCCACAA_001,196
GTTGGTCAGCACGTCCACAA_002,94
GTTGGTCAGCACGTCCACAA_003,174
GTTGGTCAGCACGTCCACAA_004,74
GTTGGTCAGCACGTCCACAA_005,37
GTTGGTCAGCACGTCCACAA_006,32
GTTGGTCAGCACGTCCACAA_007,10
GTTGGTCAGCACGTCCACAA_008,92
GTTGGTCAGCACGTCCACAA_009,12
GTTGGTCAGCACGTCCACAA_010,147
GTTGGTCAGCACGTCCACAA_011,149
GTTGGTCAGCACGTCCACAA_012,144
GTTGGTCAGCACGTCCACAA_013,83
GTTGGTCAGCACGTCCACAA_014,174
GCATCTTCATCTCGCCCAAG_001,172
GCATCTTCATCTCGCCCAAG_002,85
GCATCTTCATCTCGCCCAAG_003,192
GCATCTTCATCTCGCCCAAG_004,140
GCATCTTCATCTCGCCCAAG_005,77
GCATCTTCATCTCGCCCAAG_006,81
GGCAATCAACTACAGAGACC_001,43
GGCAATCAACTACAGAGACC_002,161
AGAGATGACAACTACCTCCG_001,168
AGAGATGACAACTACCTCCG_002,169
AGAGATGACAACTACCTCCG_003,55
AGAGATGACAACTACCTCCG_004,19
AGAGATGACAACTACCTCCG_005,119
AGAGATGACAACTACCTCCG_006,14
AGAGATGACAACTACCTCCG_007,62
AGAGATGACAACTACCTCCG_008,98
AGAGATGACAACTACCTCCG_009,89
AGAGATGACAACTACCTCCG_010,196
AGAGATGACAACTACCTCCG_011,103
TACACATTTGAGAAGAATGG_001,194
TACACATTTGAGAAGAATGG_002,194
TACACATTTGAGAAGAATGG_003,28
CCTGGAGGAACGCATCCACG_001,138
CCTGGAGGAACGCATCCACG_002,70
CCTGGAGGAACGCATCCACG_003,84
CCTGGAGGAACGCATCCACG_004,63
CCTGGAGGAACGCATCCACG_005,151
CCTGGAGGAACGCATCCACG_006,20
CCTGGAGGAACGCATCCACG_007,190
CCTGGAGGAACGCATCCACG_008,82
CCTGGAGGAACGCATCCACG_009,148
CCTGGAGGAACGCATCCACG_010,81
CCTGGAGGAACGCATCCACG_011,198
CCTGGAGGAACGCATCCACG_012,154
CCTGGAGGAACGCATCCACG_013,139
CCTGGAGGAACGCATCCACG_014,41
CCTGGAGGAACGCATCCACG_015,3
CCTGGAGGAACGCATCCACG_016,56
GCAATTCTTTGCGTTGCTGG_001,27
GCAATTCTTTGCGTTGCTGG_002,181
GCAATTCTTTGCGTTGCTGG_003,62
GCAATTCTTTGCGTTGCTGG_004,123
GCAATTCTTTGCGTTGCTGG_005,94
GCAATTCTTTGCGTTGCTGG_006,40
GCAATTCTTTGCGTTGCTGG_007,148
GCAATTCTTTGCGTTGCTGG_008,20
GCAATTCTTTGCGTTGCTGG_009,60
GCAATTCTTTGCGTTGCTGG_010,50
ACTCGGAGCGTAGAATCATG_001,54
ACTCGGAGCGTAGAATCATG_002,177
ACTCGGAGCGTAGAATCATG_003,43
ACTCGGAGCGTAGAATCATG_004,49
ACTCGGAGCGTAGAATCATG_005,124
ACTCGGAGCGTAGAATCATG_006,61
ACTCGGAGCGTAGAATCATG_007,70
ACTCGGAGCGTAGAATCATG_008,78
GCACCACAGTGGAGACCGTG_001,124
GCACCACAGTGGAGACCGTG_002,170
GCACCACAGTGGAGACCGTG_003,150
GCACCACAGTGGAGACCGTG_004,76
GCACCACAGTGGAGACCGTG_005,140
GCACCACAGTGGAGACCGTG_006,190
GCACCACAGTGGAGACCGTG_007,174
GCACCACAGTGGAGACCGTG_008,108
GCACCACAGTGGAGACCGTG_009,88
GCACCACAGTGGAGACCGTG_010,199
GCACCACAGTGGAGACCGTG_011,34
GCACCACAGTGGAGACCGTG_012,82
GCACCACAGTGGAGACCGTG_013,168
GCACCACAGTGGAGACCGTG_014,156
GCACCACAGTGGAGACCGTG_015,150
GCACCACAGTGGAGACCGTG_016,178
GCACCACAGTGGAGACCGTG_017,94
GCACCACAGTGGAGACCGTG_018,58
GCACCACAGTGGAGACCGTG_019,152
GCACCACAGTGGAGACCGTG_020,114
GCACCACAGTGGAGACCGTG_021,102
GCACCACAGTGGAGACCGTG_022,84
GCACCACAGTGGAGACCGTG_023,172
GCACCACAGTGGAGACCGTG_024,40
GCACCACAGTGGAGACCGTG_025,33
GCACCACAGTGGAGACCGTG_026,35
GCACCACAGTGGAGACCGTG_027,113
GCACCACAGTGGAGACCGTG_028,106
GCACCACAGTGGAGACCGTG_029,104
GCTTACAGGACCATTTGTCG_001,170
GCTTACAGGACCATTTGTCG_002,103
GCTTACAGGACCATTTGTCG_003,130
GCTTACAGGACCATTTGTCG_004,145
GCTTACAGGACCATTTGTCG_005,97
GCTTACAGGACCATTTGTCG_006,199
GCTTACAGGACCATTTGTCG_007,180
GCTTACAGGACCATTTGTCG_008,170
GCTTACAGGACCATTTGTCG_009,157
GGGAGTAATACGATTCACGG_001,40
TACTCTTTGAGTATAAGCAT_001,115
TACTCTTTGAGTATAAGCAT_002,128
TACTCTTTGAGTATAAGCAT_003,172
TACTCTTTGAGTATAAGCAT_004,81
TACTCTTTGAGTATAAGCAT_005,149
TACTCTTTGAGTATAAGCAT_006,130
TACTCTTTGAGTATAAGCAT_007,104
TGATAGTGAAATCTCCATTG_001,161
TGATAGTGAAATCTCCATTG_002,6
TGATAGTGAAATCTCCATTG_003,88
TGATAGTGAAATCTCCATTG_004,108
TGTCCATGTACCAAATTGGA_001,49
TGTCCATGTACCAAATTGGA_002,198
TGTCCATGTACCAAATTGGA_003,89
GTGGCCAGCCCCATGAGCCA_001,58
GTGGCCAGCCCCATGAGCCA_002,75
GTGGCCAGCCCCATGAGCCA_003,76
GTGGCCAGCCCCATGAGCCA_004,81
GTGGCCAGCCCCATGAGCCA_005,149
GTGGCCAGCCCCATGAGCCA_006,137
GTGGCCAGCCCCATGAGCCA_007,106
GTGGCCAGCCCCATGAGCCA_008,190
GTGGCCAGCCCCATGAGCCA_009,197
TCTGGCTACTCACTGGCCGG_001,60
TCTGGCTACTCACTGGCCGG_002,194
TCTGGCTACTCACTGGCCGG_003,53
TCTGGCTACTCACTGGCCGG_004,88
TCTGGCTACTCACTGGCCGG_005,86
TCTGGCTACTCACTGGCCGG_006,129
TCTGGCTACTCACTGGCCGG_007,150
TCTGGCTACTCACTGGCCGG_008,127
TCTGGCTACTCACTGGCCGG_009,60
TCTGGCTACTCACTGGCCGG_010,178
TCTGGCTACTCACTGGCCGG_011,178
TCTGGCTACTCACTGGCCGG_012,127
TCTGGCTACTCACTGGCCGG_013,59
TCTGGCTACTCACTGGCCGG_014,28
TCAGCTCCATATGGCCCACG_001,116
TCAGCTCCATATGGCCCACG_002,194
TCAGCTCCATATGGCCCACG_003,130
CGATGTTCAAGTCCTCGGCG_001,133
CGATGTTCAAGTCCTCGGCG_002,137
CGATGTTCAAGTCCTCGGCG_003,5
CGATGTTCAAGTCCTCGGCG_004,0
CGATGTTCAAGTCCTCGGCG_005,17
CGATGTTCAAGTCCTCGGCG_006,62
CGATGTTCAAGTCCTCGGCG_007,148
CGATGTTCAAGTCCTCGGCG_008,170
CGATGTTCAAGTCCTCGGCG_009,116
CGATGTTCAAGTCCTCGGCG_010,27
CGATGTTCAAGTCCTCGGCG_011,61
CATGATCGATACCCTCATGA_001,72
CATGATCGATACCCTCATGA_002,137
CATGATCGATACCCTCATGA_003,157
CATGATCGATACCCTCATGA_004,125
CATGATCGATACCCTCATGA_005,185
CATGATCGATACCCTCATGA_006,159
CATGATCGATACCCTCATGA_007,116
TGCAACGGGGATGTTATCAG_001,1
TGCAACGGGGATGTTATCAG_002,22
TGCAACGGGGATGTTATCAG_003,144
TGCAACGGGGATGTTATCAG_004,27
ACGTGCTGAGTTACAGGATT_001,179
ACGTGCTGAGTTACAGGATT_002,152
ACGTGCTGAGTTACAGGATT_003,62
ACGTGCTGAGTTACAGGATT_004,169
ACGTGCTGAGTTACAGGATT_005,130
ACGTGCTGAGTTACAGGATT_006,149
ACGTGCTGAGTTACAGGATT_007,169
ACGTGCTGAGTTACAGGATT_008,13
AGCCGGTCCGGTTAGCGAAG_001,50
AGCCGGTCCGGTTAGCGAAG_002,104
AGCCGGTCCGGTTAGCGAAG_003,119
AGCCGGTCCGGTTAGCGAAG_004,56
AGCCGGTCCGGTTAGCGAAG_005,88
AGCCGGTCCGGTTAGCGAAG_006,16
AGCCGGTCCGGTTAGCGAAG_007,55
CAGTTTATCGATATCCAGGC_001,115
CAGTTTATCGATATCCAGGC_002,32
GAATTCGTAGATGTCAAATG_001,134
GAATTCGTAGATGTCAAATG_002,109
GAATTCGTAGATGTCAAATG_003,25
GAATTCGTAGATGTCAAATG_004,5
CCCTGTGCAGAAACACACCG_001,57
CCCTGTGCAGAAACACACCG_002,160
CCCTGTGCAGAAACACACCG_003,133
CCCTGTGCAGAAACACACCG_004,119
CCCTGTGCAGAAACACACCG_005,142
CCCTGTGCAGAAACACACCG_006,56
CCCTGTGCAGAAACACACCG_007,162
CCCTGTGCAGAAACACACCG_008,157
CCCTGTGCAGAAACACACCG_009,81
CCCTGTGCAGAAACACACCG_010,35
CCCTGTGCAGAAACACACCG_011,92
CCCTGTGCAGAAACACACCG_012,140
CCCTGTGCAGAAACACACCG_013,130
CCCTGTGCAGAAACACACCG_014,144
CAACGCGGCCAACGTCCACG_001,23
CAACGCGGCCAACGTCCACG_002,175
CAACGCGGCCAACGTCCACG_003,78
CAACGCGGCCAACGTCCACG_004,188
CAACGCGGCCAACGTCCACG_005,2
CAACGCGGCCAACGTCCACG_006,6
CAACGCGGCCAACGTCCACG_007,100
CATCAACCTTTAGTGAACCG_001,26
CATCAACCTTTAGTGAACCG_002,104
CATCAACCTTTAGTGAACCG_003,91
CATCAACCTTTAGTGAACCG_004,150
CATCAACCTTTAGTGAACCG_005,17
CATCAACCTTTAGTGAACCG_006,74
CATCAACCTTTAGTGAACCG_007,22
CATCAACCTTTAGTGAACCG_008,184
GAGGTTAACTGACTTTACCC_001,89
TCGCCTCAAAGAGACACAAA_001,184
TCGCCTCAAAGAGACACAAA_002,193
TCGCCTCAAAGAGACACAAA_003,177
TCGCCTCAAAGAGACACAAA_004,52
TCGCCTCAAAGAGACACAAA_005,113
GAGGAGAAGAAGCCAATTCC_001,40
GAGGAGAAGAAGCCAATTCC_002,198
GAGGAGAAGAAGCCAATTCC_003,72
GAGGAGAAGAAGCCAATTCC_004,149
GAGGAGAAGAAGCCAATTCC_005,50
GGTGAGCTCAGCCATCGGCG_001,119
GGTGAGCTCAGCCATCGGCG_002,152
GGTGAGCTCAGCCATCGGCG_003,41
GGTGAGCTCAGCCATCGGCG_004,7
GGTGAGCTCAGCCATCGGCG_005,165
GGTGAGCTCAGCCATCGGCG_006,147
GGTGAGCTCAGCCATCGGCG_007,192
GGTGAGCTCAGCCATCGGCG_008,56
GGTGAGCTCAGCCATCGGCG_009,7
GGTGAGCTCAGCCATCGGCG_010,68
GGTGAGCTCAGCCATCGGCG_011,61
GGTGAGCTCAGCCATCGGCG_012,60
GGTGAGCTCAGCCATCGGCG_013,156
GGTGAGCTCAGCCATCGGCG_014,6
GGTGAGCTCAGCCATCGGCG_015,188
GGCCCACAAATCACAGGCAT_001,158
GGCCCACAAATCACAGGCAT_002,115
GGCCCACAAATCACAGGCAT_003,192
GGCCCACAAATCACAGGCAT_004,178
GGCCCACAAATCACAGGCAT_005,119
AGGAACACCAAGAAGAACCG_001,144
AGGAACACCAAGAAGAACCG_002,82
AGGAACACCAAGAAGAACCG_003,165
ACACACCCAAAAACTTCGTG_001,94
ACACACCCAAAAACTTCGTG_002,27
ACACACCCAAAAACTTCGTG_003,102
ACACACCCAAAAACTTCGTG_004,157
ACACACCCAAAAACTTCGTG_005,172
ACACACCCAAAAACTTCGTG_006,106
ACACACCCAAAAACTTCGTG_007,120
ACACACCCAAAAACTTCGTG_008,170
ACACACCCAAAAACTTCGTG_009,34
ACACACCCAAAAACTTCGTG_010,107
ACACACCCAAAAACTTCGTG_011,78
ACACACCCAAAAACTTCGTG_012,120
ACACACCCAAAAACTTCGTG_013,49
ACACACCCAAAAACTTCGTG_014,191
ACACACCCAAAAACTTCGTG_015,127
ACACACCCAAAAACTTCGTG_016,190
ACACACCCAAAAACTTCGTG_017,0
ACACACCCAAAAACTTCGTG_018,148
ACACACCCAAAAACTTCGTG_019,98
ACACACCCAAAAACTTCGTG_020,169
ACACACCCAAAAACTTCGTG_021,112
ACACACCCAAAAACTTCGTG_022,187
ACACACCCAAAAACTTCGTG_023,98
ACACACCCAAAAACTTCGTG_024,142
ACACACCCAAAAACTTCGTG_025,63
ACACACCCAAAAACTTCGTG_026,136
ACACACCCAAAAACTTCGTG_027,169
ATTTAGCTTCTTCTTCACTA_001,163
CCGGCAGCAGATCCGAGATA_001,118
CCGGCAGCAGATCCGAGATA_002,141
CCGGCAGCAGATCCGAGATA_003,155
CCGGCAGCAGATCCGAGATA_004,171
CCGGCAGCAGATCCGAGATA_005,49
CCGGCAGCAGATCCGAGATA_006,113
CCGGCAGCAGATCCGAGATA_007,31
CCGGCAGCAGATCCGAGATA_008,168
CCGGCAGCAGATCCGAGATA_009,1
CCGGCAGCAGATCCGAGATA_010,147
CCGGCAGCAGATCCGAGATA_011,52
CCGGCAGCAGATCCGAGATA_012,191
CCGGCAGCAGATCCGAGATA_013,77
CCAGGCCACGTCTTCACAAG_001,28
CCAGGCCACGTCTTCACAAG_002,3
CCAGGCCACGTCTTCACAAG_003,151
CCAGGCCACGTCTTCACAAG_004,76
CCAGGCCACGTCTTCACAAG_005,102
CCAGGCCACGTCTTCACAAG_006,14
CCAGGCCACGTCTTCACAAG_007,172
CCAGGCCACGTCTTCACAAG_008,156
GCAGGAAGACCGGCACGAAG_001,121
GCAGGAAGACCGGCACGAAG_002,10
GCAGGAAGACCGGCACGAAG_003,63
GCAGGAAGACCGGCACGAAG_004,117
GCAGGAAGACCGGCACGAAG_005,157
GCAGGAAGACCGGCACGAAG_006,144
GCAGGAAGACCGGCACGAAG_007,183
GCAGGAAGACCGGCACGAAG_008,79
GCAGGAAGACCGGCACGAAG_009,187
GCAGGAAGACCGGCACGAAG_010,46
GCAGGAAGACCGGCACGAAG_011,135
GGTGCGAGTACACGCTCATG_001,56
GGTGCGAGTACACGCTCATG_002,0
GGTGCGAGTACACGCTCATG_003,137
GGTGCGAGTACACGCTCATG_004,17
AGGTATTCGAGGTACACGTG_001,155
AGGTATTCGAGGTACACGTG_002,8
AGGTATTCGAGGTACACGTG_003,141
AGGTATTCGAGGTACACGTG_004,149
AGGTATTCGAGGTACACGTG_005,187
AGGTATTCGAGGTACACGTG_006,136
TTCGACGTTCACAGCCACTG_001,101
TTCGACGTTCACAGCCACTG_002,141
TTCGACGTTCACAGCCACTG_003,174
TTCGACGTTCACAGCCACTG_004,156
TTCGACGTTCACAGCCACTG_005,60
TTCGACGTTCACAGCCACTG_006,195
TTCGACGTTCACAGCCACTG_007,38
TTCGACGTTCACAGCCACTG_008,8
TTCGACGTTCACAGCCACTG_009,22
TTCGACGTTCACAGCCACTG_010,11
TTCGACGTTCACAGCCACTG_011,15
TTCGACGTTCACAGCCACTG_012,29
TTCGACGTTCACAGCCACTG_013,29
TTCGACGTTCACAGCCACTG_014,57
TTCGACGTTCACAGCCACTG_015,173
TTCGACGTTCACAGCCACTG_016,4
TTCGACGTTCACAGCCACTG_017,179
TTCGACGTTCACAGCCACTG_018,49
TTCGACGTTCACAGCCACTG_019,70
TTCGACGTTCACAGCCACTG_020,33
TTCGACGTTCACAGCCACTG_021,59
ATCTGAAGAGGCACTGCCAG_001,174
ATCTGAAGAGGCACTGCCAG_002,134
ATCTGAAGAGGCACTGCCAG_003,78
ATCTGAAGAGGCACTGCCAG_004,5
ATCTGAAGAGGCACTGCCAG_005,146
ATCTGAAGAGGCACTGCCAG_006,193
ATCTGAAGAGGCACTGCCAG_007,68
ATCTGAAGAGGCACTGCCAG_008,3
ATCTGAAGAGGCACTGCCAG_009,175
ATCTGAAGAGGCACTGCCAG_010,198
ATCTGAAGAGGCACTGCCAG_011,93
ATCTGAAGAGGCACTGCCAG_012,78
ATCTGAAGAGGCACTGCCAG_013,72
ATCTGAAGAGGCACTGCCAG_014,174
ATCTGAAGAGGCACTGCCAG_015,119
ATCTGAAGAGGCACTGCCAG_016,77
ATCTGAAGAGGCACTGCCAG_017,47
ATCTGAAGAGGCACTGCCAG_018,21
ATCTGAAGAGGCACTGCCAG_019,123
ATCTGAAGAGGCACTGCCAG_020,166
ATCTGAAGAGGCACTGCCAG_021,68
ATCTGAAGAGGCACTGCCAG_022,116
ATCTGAAGAGGCACTGCCAG_023,1
ATCTGAAGAGGCACTGCCAG_024,82
ATCTGAAGAGGCACTGCCAG_025,104
ATCTGAAGAGGCACTGCCAG_026,80
ACACTGGAGTGGTGTACTAG_001,41
ACACTGGAGTGGTGTACTAG_002,35
ACACTGGAGTGGTGTACTAG_003,136
ACACTGGAGTGGTGTACTAG_004,1
ACACTGGAGTGGTGTACTAG_005,177
ACACTGGAGTGGTGTACTAG_006,28
ACACTGGAGTGGTGTACTAG_007,172
AAAACCATACCCCAACAGTG_001,176
AAAACCATACCCCAACAGTG_002,41
AAAACCATACCCCAACAGTG_003,119
AAAACCATACCCCAACAGTG_004,191
AAAACCATACCCCAACAGTG_005,13
AAAACCATACCCCAACAGTG_006,43
AAAACCATACCCCAACAGTG_007,50
AAAACCATACCCCAACAGTG_008,13
AAAACCATACCCCAACAGTG_009,130
AAAACCATACCCCAACAGTG_010,84
AAAACCATACCCCAACAGTG_011,108
AAAACCATACCCCAACAGTG_012,14
AAAACCATACCCCAACAGTG_013,72
CTCACCGAGTCCTGAACATG_001,162
CTCACCGAGTCCTGAACATG_002,106
CTCACCGAGTCCTGAACATG_003,94
CTCACCGAGTCCTGAACATG_004,113
CTCACCGAGTCCTGAACATG_005,70
CTCACCGAGTCCTGAACATG_006,9
CTCACCGAGTCCTGAACATG_007,45
CTCACCGAGTCCTGAACATG_008,154
CTCACCGAGTCCTGAACATG_009,129
CTCACCGAGTCCTGAACATG_010,129
CTCACCGAGTCCTGAACATG_011,103
CTCACCGAGTCCTGAACATG_012,3
CTCACCGAGTCCTGAACATG_013,118
CTCACCGAGTCCTGAACATG_014,127
CTCACCGAGTCCTGAACATG_015,76
CTCACCGAGTCCTGAACATG_016,76
CTCACCGAGTCCTGAACATG_017,21
TCTGTTTCTTGAAAATTTAG_001,154
TCTGTTTCTTGAAAATTTAG_002,94
TCTGTTTCTTGAAAATTTAG_003,42
TGGGTGGACGGAACTCGGAG_001,76
TGGGTGGACGGAACTCGGAG_002,169
TGGGTGGACGGAACTCGGAG_003,184
TGGGTGGACGGAACTCGGAG_004,6
TGGGTGGACGGAACTCGGAG_005,98
TGGGTGGACGGAACTCGGAG_006,132
TGGGTGGACGGAACTCGGAG_007,141
TGGGTGGACGGAACTCGGAG_008,49
TGGGTGGACGGAACTCGGAG_009,163
TGGGTGGACGGAACTCGGAG_010,162
TGGGTGGACGGAACTCGGAG_011,182
TGGGTGGACGGAACTCGGAG_012,33
CTTCTCAAGCCCCTGTGATG_001,13
CTTCTCAAGCCCCTGTGATG_002,129
CTTCTCAAGCCCCTGTGATG_003,116
CTTCTCAAGCCCCTGTGATG_004,77
CTTCTCAAGCCCCTGTGATG_005,125
CTTCTCAAGCCCCTGTGATG_006,149
CTTCTCAAGCCCCTGTGATG_007,175
CTTCTCAAGCCCCTGTGATG_008,81
CTTCTCAAGCCCCTGTGATG_009,29
CTTCTCAAGCCCCTGTGATG_010,80
CTTCTCAAGCCCCTGTGATG_011,97
CTTCTCAAGCCCCTGTGATG_012,49
TTGTAGGACGACTTATTCAG_001,63
TTGTAGGACGACTTATTCAG_002,94
TTGTAGGACGACTTATTCAG_003,69
TTGTAGGACGACTTATTCAG_004,178
TTGTAGGACGACTTATTCAG_005,141
TTGTAGGACGACTTATTCAG_006,83
TTGTAGGACGACTTATTCAG_007,149
TTGTAGGACGACTTATTCAG_008,186
TTGTAGGACGACTTATTCAG_009,44
TTGTAGGACGACTTATTCAG_010,146
TTGTAGGACGACTTATTCAG_011,177
TTGTAGGACGACTTATTCAG_012,82
TTGTAGGACGACTTATTCAG_013,170
TTGTAGGACGACTTATTCAG_014,106
AGGCTGGTAGTGGAAGACCG_001,178
AGGCTGGTAGTGGAAGACCG_002,28
AGGCTGGTAGTGGAAGACCG_003,88
AGGCTGGTAGTGGAAGACCG_004,158
AGGCTGGTAGTGGAAGACCG_005,88
AGGCTGGTAGTGGAAGACCG_006,88
AGGCTGGTAGTGGAAGACCG_007,145
ACTACGACCATGAAATCACA_001,160
ACTACGACCATGAAATCACA_002,107
ACTACGACCATGAAATCACA_003,6
ACTATGACACCACAATCCAT_001,134
ACTATGACACCACAATCCAT_002,69
ACTATGACACCACAATCCAT_003,148
ACTATGACACCACAATCCAT_004,80
ACTATGACACCACAATCCAT_005,35
ACTATGACACCACAATCCAT_006,129
ACTATGACACCACAATCCAT_007,107
ACTATGACACCACAATCCAT_008,121
ACTATGACACCACAATCCAT_009,11
ACTATGACACCACAATCCAT_010,177
ACTATGACACCACAATCCAT_011,52
ACTATGACACCACAATCCAT_012,73
ACTATGACACCACAATCCAT_013,168
TGACAGCCAGGATACTGAGG_001,81
TGACAGCCAGGATACTGAGG_002,149
TGACAGCCAGGATACTGAGG_003,63
TGACAGCCAGGATACTGAGG_004,161
TGACAGCCAGGATACTGAGG_005,2
TGACAGCCAGGATACTGAGG_006,81
TGACAGCCAGGATACTGAGG_007,17
TGACAGCCAGGATACTGAGG_008,159
TGACAGCCAGGATACTGAGG_009,33
TGACAGCCAGGATACTGAGG_010,128
CCAACCACACAGACCCCACG_001,160
CCAACCACACAGACCCCACG_002,17
CCAACCACACAGACCCCACG_003,29
CCAACCACACAGACCCCACG_004,95
CCAACCACACAGACCCCACG_005,22
CCAACCACACAGACCCCACG_006,108
CCAACCACACAGACCCCACG_007,106
CCAACCACACAGACCCCACG_008,170
CCAACCACACAGACCCCACG_009,185
CCAACCACACAGACCCCACG_010,114
CCAACCACACAGACCCCACG_011,21
GTATACTAATGTGTCTGCTA_001,25
GTATACTAATGTGTCTGCTA_002,155
GTATACTAATGTGTCTGCTA_003,123
GTATACTAATGTGTCTGCTA_004,129
GTATACTAATGTGTCTGCTA_005,96
GTATACTAATGTGTCTGCTA_006,3
GTATACTAATGTGTCTGCTA_007,32
GTATACTAATGTGTCTGCTA_008,77
GTATACTAATGTGTCTGCTA_009,116
GTATACTAATGTGTCTGCTA_010,34
GTATACTAATGTGTCTGCTA_011,37
GTTGCAAAATGTCATCCAGA_001,82
GTTGCAAAATGTCATCCAGA_002,50
GTTGCAAAATGTCATCCAGA_003,174
GTTGCAAAATGTCATCCAGA_004,25
GGAGCCGCACCACCTAACGC_001,149
GGAGCCGCACCACCTAACGC_002,117
TGAGCCAAGTGAAAATAGCG_001,144
TGACTGGGATCTTGGCGCCG_001,51
TGACTGGGATCTTGGCGCCG_002,31
TGACTGGGATCTTGGCGCCG_003,56
TGACTGGGATCTTGGCGCCG_004,118
TGACTGGGATCTTGGCGCCG_005,38
TGACTGGGATCTTGGCGCCG_006,100
TGACTGGGATCTTGGCGCCG_007,184
TGACTGGGATCTTGGCGCCG_008,36
TGACTGGGATCTTGGCGCCG_009,6
TGACTGGGATCTTGGCGCCG_010,10
TGACTGGGATCTTGGCGCCG_011,142
TGACTGGGATCTTGGCGCCG_012,103
TGACTGGGATCTTGGCGCCG_013,1
CAATATTGTGACCAGCTCGG_001,23
CAATATTGTGACCAGCTCGG_002,185
CAATATTGTGACCAGCTCGG_003,187
CAATATTGTGACCAGCTCGG_004,75
CAATATTGTGACCAGCTCGG_005,60
CAATATTGTGACCAGCTCGG_006,93
CAATATTGTGACCAGCTCGG_007,112
CAATATTGTGACCAGCTCGG_008,127
CAATATTGTGACCAGCTCGG_009,42
CAATATTGTGACCAGCTCGG_010,11
CAATATTGTGACCAGCTCGG_011,150
CAATATTGTGACCAGCTCGG_012,197
CAATATTGTGACCAGCTCGG_013,93
CAATATTGTGACCAGCTCGG_014,108
CAATATTGTGACCAGCTCGG_015,188
CAATATTGTGACCAGCTCGG_016,36
GTACTTCTCGAACACCGATG_001,166
GTACTTCTCGAACACCGATG_002,57
GTACTTCTCGAACACCGATG_003,115
GTACTTCTCGAACACCGATG_004,93
GTACTTCTCGAACACCGATG_005,82
GTACTTCTCGAACACCGATG_006,58
GTACTTCTCGAACACCGATG_007,137
GTACTTCTCGAACACCGATG_008,19
GTACTTCTCGAACACCGATG_009,162
GTACTTCTCGAACACCGATG_010,21
GTACTTCTCGAACACCGATG_011,63
GTACTTCTCGAACACCGATG_012,22
TCGAATCCCTTGGATCATGG_001,144
TCGAATCCCTTGGATCATGG_002,191
TCGAATCCCTTGGATCATGG_003,94
TCGAATCCCTTGGATCATGG_004,88
TCGAATCCCTTGGATCATGG_005,14
TCGAATCCCTTGGATCATGG_006,72
TCGAATCCCTTGGATCATGG_007,68
TCGAATCCCTTGGATCATGG_008,70
TCGAATCCCTTGGATCATGG_009,189
TCGAATCCCTTGGATCATGG_010,34
TCGAATCCCTTGGATCATGG_011,68
TCGAATCCCTTGGATCATGG_012,60
AGAGCCATGGATGATTGTGA_001,63
AGAGCCATGGATGATTGTGA_002,138
AGAGCCATGGATGATTGTGA_003,49
CCTTCACTAGGATATTGTGT_001,161
ACCTCGGACCACACACCCGA_001,17
ACCTCGGACCACACACCCGA_002,94
ACCTCGGACCACACACCCGA_003,134
ACCTCGGACCACACACCCGA_004,5
ACCTCGGACCACACACCCGA_005,189
ACCTCGGACCACACACCCGA_006,156
ACCTCGGACCACACACCCGA_007,0
ACCTCGGACCACACACCCGA_008,197
ACCTCGGACCACACACCCGA_009,94
ACCTCGGACCACACACCCGA_010,94
ACCTCGGACCACACACCCGA_011,97
ACCTCGGACCACACACCCGA_012,108
ACCTCGGACCACACACCCGA_013,42
ACCTCGGACCACACACCCGA_014,81
ACCTCGGACCACACACCCGA_015,195
ACCTCGGACCACACACCCGA_016,119
ACCTCGGACCACACACCCGA_017,147
ACCTCGGACCACACACCCGA_018,129
ACCTCGGACCACACACCCGA_019,197
ACCTCGGACCACACACCCGA_020,24
ACCTCGGACCACACACCCGA_021,102
ACCTCGGACCACACACCCGA_022,40
ACCTCGGACCACACACCCGA_023,168
ACCTCGGACCACACACCCGA_024,115
ACCTCGGACCACACACCCGA_025,79
ACCTCGGACCACACACCCGA_026,77
ACCTCGGACCACACACCCGA_027,1
ACCTCGGACCACACACCCGA_028,168
ACCTCGGACCACACACCCGA_029,69
AGGATTTGATTTGAGTTTCC_001,130
AGGATTTGATTTGAGTTTCC_002,80
AGGATTTGATTTGAGTTTCC_003,170
AGGATTTGATTTGAGTTTCC_004,11
AGGATTTGATTTGAGTTTCC_005,153
CTGGCCAGGAGATACATCGG_001,1
CTGGCCAGGAGATACATCGG_002,197
CTGGCCAGGAGATACATCGG_003,88
CTGGCCAGGAGATACATCGG_004,134
CTGGCCAGGAGATACATCGG_005,9
AGCCACATAACATCCACTCC_001,40
AGCCACATAACATCCACTCC_002,150
AGCCACATAACATCCACTCC_003,170
AGCCACATAACATCCACTCC_004,17
AGCCACATAACATCCACTCC_005,49
AGCCACATAACATCCACTCC_006,88
AGCCACATAACATCCACTCC_007,123
AGCCACATAACATCCACTCC_008,28
AGCCACATAACATCCACTCC_009,181
CAATACACTCCGTTTATCAC_001,185
CAATACACTCCGTTTATCAC_002,3
ACACCACTGAACTCAATACG_001,148
ACACCACTGAACTCAATACG_002,101
ACACCACTGAACTCAATACG_003,34
ACACCACTGAACTCAATACG_004,88
CCCCGCCGTACCTCTCGTAG_001,183
CCCCGCCGTACCTCTCGTAG_002,78
GCAGTCCGACCACCACCGCA_001,68
GCAGTCCGACCACCACCGCA_002,170
GCAGTCCGACCACCACCGCA_003,16
GCAGTCCGACCACCACCGCA_004,80
GCAGTCCGACCACCACCGCA_005,8
GCAGTCCGACCACCACCGCA_006,134
GCAGTCCGACCACCACCGCA_007,17
GCAGTCCGACCACCACCGCA_008,84
GCAGTCCGACCACCACCGCA_009,170
GCAGTCCGACCACCACCGCA_010,6
GCAGTCCGACCACCACCGCA_011,176
GCAGTCCGACCACCACCGCA_012,71
GCAGTCCGACCACCACCGCA_013,41
GCAGTCCGACCACCACCGCA_014,137
GCAGTCCGACCACCACCGCA_015,94
GCAGTCCGACCACCACCGCA_016,20
GCAGTCCGACCACCACCGCA_017,147
GCAGTCCGACCACCACCGCA_018,91
GCAGTCCGACCACCACCGCA_019,34
GCAGTCCGACCACCACCGCA_020,158
GCAGTCCGACCACCACCGCA_021,33
GCAGTCCGACCACCACCGCA_022,94
GCAGTCCGACCACCACCGCA_023,49
GCAGTCCGACCACCACCGCA_024,103
GCAGTCCGACCACCACCGCA_025,4
GCAGTCCGACCACCACCGCA_026,77
GCAGTCCGACCACCACCGCA_027,185
GCAGTCCGACCACCACCGCA_028,104
GCAGTCCGACCACCACCGCA_029,121
GCAGTCCGACCACCACCGCA_030,199
GCAGTCCGACCACCACCGCA_031,7
GCAGTCCGACCACCACCGCA_032,182
GCAGTCCGACCACCACCGCA_033,12
GCAGTCCGACCACCACCGCA_034,98
GCAGTCCGACCACCACCGCA_035,28
GCAGTCCGACCACCACCGCA_036,9
GCAGTCCGACCACCACCGCA_037,8
GCAGTCCGACCACCACCGCA_038,73
GCAGTCCGACCACCACCGCA_039,58
GCAGTCCGACCACCACCGCA_040,142
GCAGTCCGACCACCACCGCA_041,94
GCAGTCCGACCACCACCGCA_042,155
GCAGTCCGACCACCACCGCA_043,33
GCAGTCCGACCACCACCGCA_044,64
GCAGTCCGACCACCACCGCA_045,56
GCAGTCCGACCACCACCGCA_046,160
AGAAGAAGGCTAACCTCGAA_001,158
AGAAGAAGGCTAACCTCGAA_002,1
AGAAGAAGGCTAACCTCGAA_003,196
AGAAGAAGGCTAACCTCGAA_004,124
GAATCCTCTTATGAATAACG_001,55
GAATCCTCTTATGAATAACG_002,184
GGCTGGAGGCCTTTCAAGGG_001,10
GGCTGGAGGCCTTTCAAGGG_002,194
TTTCGGTCCTTCTTTCGAGG_001,102
TTTCGGTCCTTCTTTCGAGG_002,198
ACCTCATAGCAGCCGACCTG_001,147
ACCTCATAGCAGCCGACCTG_002,59
ACCTCATAGCAGCCGACCTG_003,13
ACCTCATAGCAGCCGACCTG_004,0
ACCTCATAGCAGCCGACCTG_005,78
ACCTCATAGCAGCCGACCTG_006,147
ACCTCATAGCAGCCGACCTG_007,46
ACCTCATAGCAGCCGACCTG_008,173
ACCTCATAGCAGCCGACCTG_009,98
ACCTCATAGCAGCCGACCTG_010,70
ACCTCATAGCAGCCGACCTG_011,8
ACCTCATAGCAGCCGACCTG_012,102
CCAAAAGGAAGTATGCTGCG_001,149
CCAAAAGGAAGTATGCTGCG_002,182
CCAAAAGGAAGTATGCTGCG_003,175
CCAAAAGGAAGTATGCTGCG_004,192
CCAAAAGGAAGTATGCTGCG_005,119
CCAAAAGGAAGTATGCTGCG_006,78
CCAAAAGGAAGTATGCTGCG_007,163
CCAAAAGGAAGTATGCTGCG_008,5
CCAAAAGGAAGTATGCTGCG_009,170
CCAAAAGGAAGTATGCTGCG_010,102
CCAAAAGGAAGTATGCTGCG_011,95
CCAAAAGGAAGTATGCTGCG_012,17
CCAAAAGGAAGTATGCTGCG_013,6
CCAAAAGGAAGTATGCTGCG_014,138
CCAGCCGCCGCACACACGCC_001,4
CCAGCCGCCGCACACACGCC_002,156
CCAGCCGCCGCACACACGCC_003,30
CCAGCCGCCGCACACACGCC_004,185
CCAGCCGCCGCACACACGCC_005,188
CCAGCCGCCGCACACACGCC_006,1
CCAGCCGCCGCACACACGCC_007,4
GAAGTTAATAAACTTCAGAA_001,163
GAAGTTAATAAACTTCAGAA_002,176
GAAGTTAATAAACTTCAGAA_003,134
GAAGTTAATAAACTTCAGAA_004,124
GAAGTTAATAAACTTCAGAA_005,19
GAAGTTAATAAACTTCAGAA_006,199
TGGGCTTGCTCACAGCGATG_001,88
TGGGCTTGCTCACAGCGATG_002,68
TGGGCTTGCTCACAGCGATG_003,48
TGGGCTTGCTCACAGCGATG_004,15
TGGGCTTGCTCACAGCGATG_005,80
TGGGCTTGCTCACAGCGATG_006,160
GGTGGCCAACCACAACAACT_001,96
GGTGGCCAACCACAACAACT_002,88
GGTGGCCAACCACAACAACT_003,177
GGTGGCCAACCACAACAACT_004,41
GGTGGCCAACCACAACAACT_005,160
GGTGGCCAACCACAACAACT_006,60
GGTGGCCAACCACAACAACT_007,60
GGTGGCCAACCACAACAACT_008,169
GGTGGCCAACCACAACAACT_009,112
GGTGGCCAACCACAACAACT_010,42
GGTGGCCAACCACAACAACT_011,94
GGTGGCCAACCACAACAACT_012,86
GGTGGCCAACCACAACAACT_013,76
GGTGGCCAACCACAACAACT_014,80
GGTGGCCAACCACAACAACT_015,11
GGTGGCCAACCACAACAACT_016,13
GGTGGCCAACCACAACAACT_017,115
GGTGGCCAACCACAACAACT_018,108
GGTGGCCAACCACAACAACT_019,135
GGTGGCCAACCACAACAACT_020,60
ATAGTCGGAATTGCAAACTC_001,61
ATAGTCGGAATTGCAAACTC_002,50
ATAGTCGGAATTGCAAACTC_003,1
ATAGTCGGAATTGCAAACTC_004,1
ATAGTCGGAATTGCAAACTC_005,159
ATAGTCGGAATTGCAAACTC_006,137
ATAGTCGGAATTGCAAACTC_007,188
ATAGTCGGAATTGCAAACTC_008,138
ATAGTCGGAATTGCAAACTC_009,6
TTTATTGGACCTACCAACCC_001,117
GGGATGTCATCGCTGAGTTG_001,105
GGGATGTCATCGCTGAGTTG_002,24
GGGATGTCATCGCTGAGTTG_003,12
GGGATGTCATCGCTGAGTTG_004,31
GGGATGTCATCGCTGAGTTG_005,26
GGGATGTCATCGCTGAGTTG_006,150
GGGATGTCATCGCTGAGTTG_007,119
GGGATGTCATCGCTGAGTTG_008,17
GGGATGTCATCGCTGAGTTG_009,94
GGGATGTCATCGCTGAGTTG_010,50
GGGATGTCATCGCTGAGTTG_011,71
GGGATGTCATCGCTGAGTTG_012,49
GGGATGTCATCGCTGAGTTG_013,0
GGGATGTCATCGCTGAGTTG_014,28
GGGATGTCATCGCTGAGTTG_015,130
GGGATGTCATCGCTGAGTTG_016,125
CAAGTTAATGACCGCCATGG_001,96
CAAGTTAATGACCGCCATGG_002,91
CAAGTTAATGACCGCCATGG_003,160
CAAGTTAATGACCGCCATGG_004,13
CAAGTTAATGACCGCCATGG_005,22
CAAGTTAATGACCGCCATGG_006,58
ATAAGGAGTTACCGTATCCC_001,179
GAGCTGGACAACAAATATCA_001,156
GAGCTGGACAACAAATATCA_002,105
GAGCTGGACAACAAATATCA_003,170
GAGCTGGACAACAAATATCA_004,40
GAGCTGGACAACAAATATCA_005,152
GAGCTGGACAACAAATATCA_006,166
GAGCTGGACAACAAATATCA_007,9
GAGCTGGACAACAAATATCA_008,81
GAGCTGGACAACAAATATCA_009,63
GAGCTGGACAACAAATATCA_010,190
CAGCTGGACCCACAGCATGT_001,172
CAGCTGGACCCACAGCATGT_002,157
CAGCTGGACCCACAGCATGT_003,174
CAGCTGGACCCACAGCATGT_004,188
CAGCTGGACCCACAGCATGT_005,8
CAGCTGGACCCACAGCATGT_006,49
CAGCTGGACCCACAGCATGT_007,2
CAGCTGGACCCACAGCATGT_008,58
CAGCTGGACCCACAGCATGT_009,132
CAGCTGGACCCACAGCATGT_010,160
CAGCTGGACCCACAGCATGT_011,158
CAGCTGGACCCACAGCATGT_012,131
CAGCTGGACCCACAGCATGT_013,96
CAGCTGGACCCACAGCATGT_014,113
CAGCTGGACCCACAGCATGT_015,197
CAGCTGGACCCACAGCATGT_016,123
CAGCTGGACCCACAGCATGT_017,61
CAGCTGGACCCACAGCATGT_018,63
CAGCTGGACCCACAGCATGT_019,63
CAGCTGGACCCACAGCATGT_020,197
CAGCTGGACCCACAGCATGT_021,29
CAGCTGGACCCACAGCATGT_022,166
CAGCTGGACCCACAGCATGT_023,138
CAGCTGGACCCACAGCATGT_024,160
CAGCTGGACCCACAGCATGT_025,29
CAGCTGGACCCACAGCATGT_026,146
CAGCTGGACCCACAGCATGT_027,28
CAGCTGGACCCACAGCATGT_028,166
CAGCTGGACCCACAGCATGT_029,46
CAGCTGGACCCACAGCATGT_030,5
CAGCTGGACCCACAGCATGT_031,190
CAGCTGGACCCACAGCATGT_032,144
CAGCTGGACCCACAGCATGT_033,188
CAGCTGGACCCACAGCATGT_034,78
CAGCTGGACCCACAGCATGT_035,169
CAGCTGGACCCACAGCATGT_036,78
CAGCTGGACCCACAGCATGT_037,35
CAGCTGGACCCACAGCATGT_038,76
CAGCTGGACCCACAGCATGT_039,121
CAGCTGGACCCACAGCATGT_040,115
TGGAGAACTCAGAAACCGCA_001,94
TGGAGAACTCAGAAACCGCA_002,169
GGCCGGAGCTGGTAACCAGG_001,145
GGCCGGAGCTGGTAACCAGG_002,77
GGCCGGAGCTGGTAACCAGG_003,76
GGCCGGAGCTGGTAACCAGG_004,29
GGCCGGAGCTGGTAACCAGG_005,106
GGCCGGAGCTGGTAACCAGG_006,28
GGCCGGAGCTGGTAACCAGG_007,105
GGCCGGAGCTGGTAACCAGG_008,77
GGCCGGAGCTGGTAACCAGG_009,12
GGCCGGAGCTGGTAACCAGG_010,19
GGCCGGAGCTGGTAACCAGG_011,22
GGCCGGAGCTGGTAACCAGG_012,94
GGCCGGAGCTGGTAACCAGG_013,194
GGCCGGAGCTGGTAACCAGG_014,44
GGCCGGAGCTGGTAACCAGG_015,106
GGCCGGAGCTGGTAACCAGG_016,77
AGTACTTGTAGGGGTTGTAA_001,107
AGTACTTGTAGGGGTTGTAA_002,94
AGTACTTGTAGGGGTTGTAA_003,26
AGTACTTGTAGGGGTTGTAA_004,16
AGTACTTGTAGGGGTTGTAA_005,158
AGTACTTGTAGGGGTTGTAA_006,12
AGTACTTGTAGGGGTTGTAA_007,168
AGTACTTGTAGGGGTTGTAA_008,17
AGTACTTGTAGGGGTTGTAA_009,199
AGTACTTGTAGGGGTTGTAA_010,14
AGTACTTGTAGGGGTTGTAA_011,83
GGCCAGTACACCTGTCACAA_001,149
GGCCAGTACACCTGTCACAA_002,108
GGCCAGTACACCTGTCACAA_003,127
GGCCAGTACACCTGTCACAA_004,86
GGCCAGTACACCTGTCACAA_005,123
GGCCAGTACACCTGTCACAA_006,69
GGCCAGTACACCTGTCACAA_007,64
GGCCAGTACACCTGTCACAA_008,56
GGCCAGTACACCTGTCACAA_009,119
GGCCAGTACACCTGTCACAA_010,178
GGCCAGTACACCTGTCACAA_011,53
GGCCAGTACACCTGTCACAA_012,169
GGCCAGTACACCTGTCACAA_013,144
GGCCAGTACACCTGTCACAA_014,63
GGCCAGTACACCTGTCACAA_015,152
GGCCAGTACACCTGTCACAA_016,180
ACAAACTCGTCTACTTCAGG_001,50
ACAAACTCGTCTACTTCAGG_002,190
ACAAACTCGTCTACTTCAGG_003,39
ACAAACTCGTCTACTTCAGG_004,192
ACAAACTCGTCTACTTCAGG_005,58
TTTCGTCGATTAAAATGGAG_001,172
TTTCGTCGATTAAAATGGAG_002,78
TTTCGTCGATTAAAATGGAG_003,78
TTTCGTCGATTAAAATGGAG_004,96
TACGTGTACGACCTGTCCAA_001,142
TACGTGTACGACCTGTCCAA_002,151
TACGTGTACGACCTGTCCAA_003,109
TACGTGTACGACCTGTCCAA_004,28
TACGTGTACGACCTGTCCAA_005,20
TACGTGTACGACCTGTCCAA_006,158
TACGTGTACGACCTGTCCAA_007,112
TACGTGTACGACCTGTCCAA_008,96
TACGTGTACGACCTGTCCAA_009,150
AGCCATCAAATCGAAAAATG_001,111
AGCCATCAAATCGAAAAATG_002,198
AGCCATCAAATCGAAAAATG_003,106
AGCCATCAAATCGAAAAATG_004,77
AGCCATCAAATCGAAAAATG_005,44
AGCCATCAAATCGAAAAATG_006,105
AGCCATCAAATCGAAAAATG_007,160
AGCCATCAAATCGAAAAATG_008,182
AGCCATCAAATCGAAAAATG_009,151
AGCCATCAAATCGAAAAATG_010,145
AGCCATCAAATCGAAAAATG_011,62
AGCCATCAAATCGAAAAATG_012,175
AGCCATCAAATCGAAAAATG_013,37
AGCCATCAAATCGAAAAATG_014,37
AGCCATCAAATCGAAAAATG_015,28
AGCCATCAAATCGAAAAATG_016,137
AGCCATCAAATCGAAAAATG_017,91
AGTAATTGTAAAGATGGCAT_001,115
AGTAATTGTAAAGATGGCAT_002,115
GATGGTGCTAGGAATACCAC_001,171
GATGGTGCTAGGAATACCAC_002,106
GATGGTGCTAGGAATACCAC_003,27
GATGGTGCTAGGAATACCAC_004,46
GATGGTGCTAGGAATACCAC_005,10
GATGGTGCTAGGAATACCAC_006,84
AAGGCTGCCAAGTTCCGCGT_001,157
AAGGCTGCCAAGTTCCGCGT_002,107
AAGGCTGCCAAGTTCCGCGT_003,2
AAGGCTGCCAAGTTCCGCGT_004,173
AAGGCTGCCAAGTTCCGCGT_005,78
AAGGCTGCCAAGTTCCGCGT_006,67
AAGGCTGCCAAGTTCCGCGT_007,81
AAGGCTGCCAAGTTCCGCGT_008,45
AAGGCTGCCAAGTTCCGCGT_009,83
AAGGCTGCCAAGTTCCGCGT_010,157
AAGGCTGCCAAGTTCCGCGT_011,150
AAGGCTGCCAAGTTCCGCGT_012,134
AAGGCTGCCAAGTTCCGCGT_013,65
AAGGCTGCCAAGTTCCGCGT_014,80
AAGGCTGCCAAGTTCCGCGT_015,199
AAGGCTGCCAAGTTCCGCGT_016,103
AAGGCTGCCAAGTTCCGCGT_017,102
AAGGCTGCCAAGTTCCGCGT_018,60
AAGGCTGCCAAGTTCCGCGT_019,91
CGGCCTCCTGGATCAGGCCC_001,52
CGGCCTCCTGGATCAGGCCC_002,177
GGGCTGCATAATAGTAGATG_001,49
ATACCCACAACACTGTCCGA_001,8
ATACCCACAACACTGTCCGA_002,30
ATACCCACAACACTGTCCGA_003,93
ATACCCACAACACTGTCCGA_004,56
ATACCCACAACACTGTCCGA_005,190
ATACCCACAACACTGTCCGA_006,88
ATACCCACAACACTGTCCGA_007,29
ATACCCACAACACTGTCCGA_008,65
ATACCCACAACACTGTCCGA_009,134
ATACCCACAACACTGTCCGA_010,56
ATACCCACAACACTGTCCGA_011,22
ATACCCACAACACTGTCCGA_012,104
ATACCCACAACACTGTCCGA_013,125
ATACCCACAACACTGTCCGA_014,96
ATACCCACAACACTGTCCGA_015,45
ATACCCACAACACTGTCCGA_016,27
ATACCCACAACACTGTCCGA_017,13
ATACCCACAACACTGTCCGA_018,115
AGTTGCATCCACATAAAACC_001,6
AGTTGCATCCACATAAAACC_002,1
AGTTGCATCCACATAAAACC_003,48
AGTTGCATCCACATAAAACC_004,161
AGTTGCATCCACATAAAACC_005,172
CAAACACAGCAAAGTAGGCG_001,169
CAAACACAGCAAAGTAGGCG_002,105
CAAACACAGCAAAGTAGGCG_003,26
CAAACACAGCAAAGTAGGCG_004,184
CAAACACAGCAAAGTAGGCG_005,38
CAAACACAGCAAAGTAGGCG_006,94
TCATTCAGACGCTTCTACAG_001,135
TCATTCAGACGCTTCTACAG_002,5
TCATTCAGACGCTTCTACAG_003,31
TCATTCAGACGCTTCTACAG_004,159
TCATTCAGACGCTTCTACAG_005,185
TTCCTCGACTCTGTTCGTGA_001,170
TTCCTCGACTCTGTTCGTGA_002,168
TTCCTCGACTCTGTTCGTGA_003,113
TTCCTCGACTCTGTTCGTGA_004,66
ATACTACCTCCTGGCACAGG_001,2
ATACTACCTCCTGGCACAGG_002,113
ATACTACCTCCTGGCACAGG_003,0
ATACTACCTCCTGGCACAGG_004,107
ATACTACCTCCTGGCACAGG_005,184
ATACTACCTCCTGGCACAGG_006,144
TGTGGCTGTAACGGTTATTA_001,119
TGTGGCTGTAACGGTTATTA_002,193
CCCATCTGCTGCCTGCGCTG_001,48
CCCATCTGCTGCCTGCGCTG_002,77
CCCATCTGCTGCCTGCGCTG_003,108
CCCATCTGCTGCCTGCGCTG_004,198
CCCATCTGCTGCCTGCGCTG_005,115
CCCATCTGCTGCCTGCGCTG_006,150
CCCATCTGCTGCCTGCGCTG_007,115
CCCATCTGCTGCCTGCGCTG_008,148
CCCATCTGCTGCCTGCGCTG_009,43
CCCATCTGCTGCCTGCGCTG_010,132
CCCATCTGCTGCCTGCGCTG_011,151
CCCATCTGCTGCCTGCGCTG_012,70
CCCATCTGCTGCCTGCGCTG_013,76
CCCATCTGCTGCCTGCGCTG_014,142
CCCATCTGCTGCCTGCGCTG_015,146
CCCATCTGCTGCCTGCGCTG_016,88
CCCATCTGCTGCCTGCGCTG_017,21
CCCATCTGCTGCCTGCGCTG_018,132
CCCATCTGCTGCCTGCGCTG_019,40
CCCATCTGCTGCCTGCGCTG_020,160
CCCATCTGCTGCCTGCGCTG_021,81
CCCATCTGCTGCCTGCGCTG_022,94
CCCATCTGCTGCCTGCGCTG_023,1
CCCATCTGCTGCCTGCGCTG_024,79
CCCATCTGCTGCCTGCGCTG_025,103
CCCATCTGCTGCCTGCGCTG_026,84
TGTCTCTCATGATATCAACG_001,151
GAAGCCTCATCGCTACAGGT_001,70
GAAGCCTCATCGCTACAGGT_002,150
GAAGCCTCATCGCTACAGGT_003,118
GAAGCCTCATCGCTACAGGT_004,135
GAAGCCTCATCGCTACAGGT_005,11
GAAGCCTCATCGCTACAGGT_006,58
GAAGCCTCATCGCTACAGGT_007,58
GAAGCCTCATCGCTACAGGT_008,48
GAAGCCTCATCGCTACAGGT_009,197
GAAGCCTCATCGCTACAGGT_010,5
GAAGCCTCATCGCTACAGGT_011,22
GCCAAATGTGCATGACCACG_001,70
GCCAAATGTGCATGACCACG_002,127
GCCAAATGTGCATGACCACG_003,11
GCCAAATGTGCATGACCACG_004,69
GCCAAATGTGCATGACCACG_005,20
GCCAAATGTGCATGACCACG_006,85
GCCAAATGTGCATGACCACG_007,152
GCCAAATGTGCATGACCACG_008,39
GCCAAATGTGCATGACCACG_009,74
GCCAAATGTGCATGACCACG_010,148
GCCAAATGTGCATGACCACG_011,37
GCCAAATGTGCATGACCACG_012,158
GCCAAATGTGCATGACCACG_013,199
GCCAAATGTGCATGACCACG_014,145
AAGACCAGCCACCAAAACGT_001,127
AAGACCAGCCACCAAAACGT_002,146
AAGACCAGCCACCAAAACGT_003,188
AAGACCAGCCACCAAAACGT_004,84
AAGACCAGCCACCAAAACGT_005,42
AAGACCAGCCACCAAAACGT_006,184
AAGACCAGCCACCAAAACGT_007,43
AAGACCAGCCACCAAAACGT_008,139
AAGACCAGCCACCAAAACGT_009,158
AAGACCAGCCACCAAAACGT_010,184
AAGACCAGCCACCAAAACGT_011,8
AAGACCAGCCACCAAAACGT_012,94
AAGACCAGCCACCAAAACGT_013,134
AAGACCAGCCACCAAAACGT_014,9
AAGACCAGCCACCAAAACGT_015,56
AAGACCAGCCACCAAAACGT_016,78
AAGACCAGCCACCAAAACGT_017,163
AAGACCAGCCACCAAAACGT_018,184
AAGACCAGCCACCAAAACGT_019,17
AAGACCAGCCACCAAAACGT_020,47
AATTATCTTATGTGTCTCAA_001,127
AATTATCTTATGTGTCTCAA_002,161
AATTATCTTATGTGTCTCAA_003,91
AATTATCTTATGTGTCTCAA_004,183
AATTATCTTATGTGTCTCAA_005,161
AATTATCTTATGTGTCTCAA_006,108
AATTATCTTATGTGTCTCAA_007,130
AATTATCTTATGTGTCTCAA_008,139
AATTATCTTATGTGTCTCAA_009,174
ACTTGACTCGATAGGCTACA_001,154
ACTTGACTCGATAGGCTACA_002,4
ACTTGACTCGATAGGCTACA_003,20
ACTTGACTCGATAGGCTACA_004,28
ACTTGACTCGATAGGCTACA_005,7
ACTTGACTCGATAGGCTACA_006,171
ACTTGACTCGATAGGCTACA_007,126
ACTTGACTCGATAGGCTACA_008,166
ACTTGACTCGATAGGCTACA_009,53
ACTTGACTCGATAGGCTACA_010,188
ACTTGACTCGATAGGCTACA_011,34
ACTTGACTCGATAGGCTACA_012,125
ACTTGACTCGATAGGCTACA_013,144
ACTTGACTCGATAGGCTACA_014,19
AAGCGAATAGGATGCGTTGG_001,14
AAGCGAATAGGATGCGTTGG_002,162
AGTGGCTGCGAGAGTTCCAG_001,40
AGTGGCTGCGAGAGTTCCAG_002,32
AGTGGCTGCGAGAGTTCCAG_003,67
AGTGGCTGCGAGAGTTCCAG_004,91
AGTGGCTGCGAGAGTTCCAG_005,164
AGTGGCTGCGAGAGTTCCAG_006,178
AGTGGCTGCGAGAGTTCCAG_007,105
AGTGGCTGCGAGAGTTCCAG_008,171
AGTGGCTGCGAGAGTTCCAG_009,66
AGTGGCTGCGAGAGTTCCAG_010,70
AGTGGCTGCGAGAGTTCCAG_011,70
AGTGGCTGCGAGAGTTCCAG_012,6
AGTGGCTGCGAGAGTTCCAG_013,9
AGTGGCTGCGAGAGTTCCAG_014,141
AGTGGCTGCGAGAGTTCCAG_015,83
AGTGGCTGCGAGAGTTCCAG_016,168
AGTGGCTGCGAGAGTTCCAG_017,144
AGTGGCTGCGAGAGTTCCAG_018,121
AGTGGCTGCGAGAGTTCCAG_019,58
AGTGGCTGCGAGAGTTCCAG_020,162
AGTGGCTGCGAGAGTTCCAG_021,78
AGTGGCTGCGAGAGTTCCAG_022,14
AGTGGCTGCGAGAGTTCCAG_023,105
AGTGGCTGCGAGAGTTCCAG_024,13
AGTGGCTGCGAGAGTTCCAG_025,118
AGTGGCTGCGAGAGTTCCAG_026,31
AGTGGCTGCGAGAGTTCCAG_027,187
AGTGGCTGCGAGAGTTCCAG_028,102
AGTGGCTGCGAGAGTTCCAG_029,0
AGTGGCTGCGAGAGTTCCAG_030,99
AGTGGCTGCGAGAGTTCCAG_031,2
AGTGGCTGCGAGAGTTCCAG_032,152
AGTGGCTGCGAGAGTTCCAG_033,175
AGTGGCTGCGAGAGTTCCAG_034,51
AGTGGCTGCGAGAGTTCCAG_035,105
AGTGGCTGCGAGAGTTCCAG_036,17
AGTGGCTGCGAGAGTTCCAG_037,142
CGCGGGGCACCACGACGTAG_001,188
CGCGGGGCACCACGACGTAG_002,40
CGCGGGGCACCACGACGTAG_003,6
CGCGGGGCACCACGACGTAG_004,169
CGCGGGGCACCACGACGTAG_005,175
CGCGGGGCACCACGACGTAG_006,115
CGCGGGGCACCACGACGTAG_007,143
CGCGGGGCACCACGACGTAG_008,192
CGCGGGGCACCACGACGTAG_009,68
CGCGGGGCACCACGACGTAG_010,168
CGCGGGGCACCACGACGTAG_011,79
CAGATGTTGTCTAAAACACC_001,108
CAGATGTTGTCTAAAACACC_002,58
CGACCCTGCCGAGGAACCCG_001,84
CGACCCTGCCGAGGAACCCG_002,144
CGACCCTGCCGAGGAACCCG_003,170
CGACCCTGCCGAGGAACCCG_004,176
CGACCCTGCCGAGGAACCCG_005,29
CGACCCTGCCGAGGAACCCG_006,148
CGACCCTGCCGAGGAACCCG_007,7
CGACCCTGCCGAGGAACCCG_008,32
CGACCCTGCCGAGGAACCCG_009,181
CGACCCTGCCGAGGAACCCG_010,186
CGACCCTGCCGAGGAACCCG_011,75
CGACCCTGCCGAGGAACCCG_012,91
CGACCCTGCCGAGGAACCCG_013,169
CGACCCTGCCGAGGAACCCG_014,61
CGACCCTGCCGAGGAACCCG_015,116
CGACCCTGCCGAGGAACCCG_016,42
CGACCCTGCCGAGGAACCCG_017,15
CGACCCTGCCGAGGAACCCG_018,110
CGACCCTGCCGAGGAACCCG_019,161
CGACCCTGCCGAGGAACCCG_020,33
CGACCCTGCCGAGGAACCCG_021,188
CGACCCTGCCGAGGAACCCG_022,108
CGACCCTGCCGAGGAACCCG_023,135
CGACCCTGCCGAGGAACCCG_024,154
CGACCCTGCCGAGGAACCCG_025,91
CGACCCTGCCGAGGAACCCG_026,174
CGACCCTGCCGAGGAACCCG_027,176
CGACCCTGCCGAGGAACCCG_028,147
CGACCCTGCCGAGGAACCCG_029,104
CGACCCTGCCGAGGAACCCG_030,81
CGACCCTGCCGAGGAACCCG_031,23
CGACCCTGCCGAGGAACCCG_032,73
CGACCCTGCCGAGGAACCCG_033,63
CGACCCTGCCGAGGAACCCG_034,11
CGACCCTGCCGAGGAACCCG_035,158
CGACCCTGCCGAGGAACCCG_036,56
CTTCCGCTCAGGTAAAATTG_001,178
CTTCCGCTCAGGTAAAATTG_002,93
CTTCCGCTCAGGTAAAATTG_003,58
CTTCCGCTCAGGTAAAATTG_004,63
CTTCCGCTCAGGTAAAATTG_005,46
TGGGATTCCAACCTACACGC_001,57
TGGGATTCCAACCTACACGC_002,160
TGGGATTCCAACCTACACGC_003,42
TGGGATTCCAACCTACACGC_004,199
TGGGATTCCAACCTACACGC_005,41
TGGGATTCCAACCTACACGC_006,20
TGGGATTCCAACCTACACGC_007,68
TGGGATTCCAACCTACACGC_008,145
TGGGATTCCAACCTACACGC_009,169
TGGGATTCCAACCTACACGC_010,133
TGGGATTCCAACCTACACGC_011,41
CAAATGCAATGAACAAACCA_001,29
CAAATGCAATGAACAAACCA_002,117
CAAATGCAATGAACAAACCA_003,125
CAAATGCAATGAACAAACCA_004,38
CAAATGCAATGAACAAACCA_005,105
CAAATGCAATGAACAAACCA_006,19
CAAATGCAATGAACAAACCA_007,168
CAAATGCAATGAACAAACCA_008,158
CAAATGCAATGAACAAACCA_009,3
CAAATGCAATGAACAAACCA_010,139
CAAATGCAATGAACAAACCA_011,25
CAAATGCAATGAACAAACCA_012,67
CAAATGCAATGAACAAACCA_013,61
CAAATGCAATGAACAAACCA_014,50
CAAATGCAATGAACAAACCA_015,27
CAAATGCAATGAACAAACCA_016,72
CAAATGCAATGAACAAACCA_017,94
CAAATGCAATGAACAAACCA_018,197
CAAATGCAATGAACAAACCA_019,29
CAAATGCAATGAACAAACCA_020,103
CAAGCAGCTGGGAATGATCG_001,106
CAAGCAGCTGGGAATGATCG_002,91
CAAGCAGCTGGGAATGATCG_003,120
CAAGCAGCTGGGAATGATCG_004,6
TAACACAAGTGTTCCCGAAG_001,134
TAACACAAGTGTTCCCGAAG_002,10
TAACACAAGTGTTCCCGAAG_003,144
TAACACAAGTGTTCCCGAAG_004,150
TAACACAAGTGTTCCCGAAG_005,150
TAACACAAGTGTTCCCGAAG_006,166
TAACACAAGTGTTCCCGAAG_007,160
TAACACAAGTGTTCCCGAAG_008,37
TAACACAAGTGTTCCCGAAG_009,56
TAACACAAGTGTTCCCGAAG_010,183
TAACACAAGTGTTCCCGAAG_011,145
TAACACAAGTGTTCCCGAAG_012,184
TAACACAAGTGTTCCCGAAG_013,105
TAACACAAGTGTTCCCGAAG_014,108
TAACACAAGTGTTCCCGAAG_015,74
TAACACAAGTGTTCCCGAAG_016,74
TAACACAAGTGTTCCCGAAG_017,106
GCATCTTGAGGATGACACAG_001,111
GCATCTTGAGGATGACACAG_002,181
GCATCTTGAGGATGACACAG_003,44
GCATCTTGAGGATGACACAG_004,47
GCATCTTGAGGATGACACAG_005,34
GCATCTTGAGGATGACACAG_006,193
GCATCTTGAGGATGACACAG_007,149
GCATCTTGAGGATGACACAG_008,128
GCATCTTGAGGATGACACAG_009,88
GCATCTTGAGGATGACACAG_010,13
GCATCTTGAGGATGACACAG_011,68
GCATCTTGAGGATGACACAG_012,4
GCATCTTGAGGATGACACAG_013,63
GCATCTTGAGGATGACACAG_014,158
GCATCTTGAGGATGACACAG_015,63
GCATCTTGAGGATGACACAG_016,105
GCATCTTGAGGATGACACAG_017,136
AACACGCTGCAAGAGCCCAA_001,113
AACACGCTGCAAGAGCCCAA_002,157
AACACGCTGCAAGAGCCCAA_003,160
AACACGCTGCAAGAGCCCAA_004,74
AACACGCTGCAAGAGCCCAA_005,25
AACACGCTGCAAGAGCCCAA_006,69
AACACGCTGCAAGAGCCCAA_007,130
AACACGCTGCAAGAGCCCAA_008,2
AACACGCTGCAAGAGCCCAA_009,98
AACACGCTGCAAGAGCCCAA_010,163
GCTACTTTGATGCTGCCGGG_001,70
GCTACTTTGATGCTGCCGGG_002,160
GCTACTTTGATGCTGCCGGG_003,190
GCTACTTTGATGCTGCCGGG_004,187
GCTACTTTGATGCTGCCGGG_005,142
ATGGTTTGATTACTTGCGCT_001,117
ATGGTTTGATTACTTGCGCT_002,4
TGAAGAATGTCAGAAGCAAG_001,68
TGAAGAATGTCAGAAGCAAG_002,147
ATCTATGGTGAGCGTCCACG_001,78
ATCTATGGTGAGCGTCCACG_002,158
ATCTATGGTGAGCGTCCACG_003,114
ATCTATGGTGAGCGTCCACG_004,114
ATCTATGGTGAGCGTCCACG_005,2
ATCTATGGTGAGCGTCCACG_006,170
ATCTATGGTGAGCGTCCACG_007,183
ATCTATGGTGAGCGTCCACG_008,6
ATCTATGGTGAGCGTCCACG_009,170
ATCTATGGTGAGCGTCCACG_010,124
GGCAGGCCCACTATTCCACA_001,176
GGCAGGCCCACTATTCCACA_002,21
GGCAGGCCCACTATTCCACA_003,42
GGCAGGCCCACTATTCCACA_004,43
GGCAGGCCCACTATTCCACA_005,56
GGCAGGCCCACTATTCCACA_006,94
GGTGTACACCCCCAAAGGCG_001,68
GGTGTACACCCCCAAAGGCG_002,28
ACACCCGCCAGGAGGATGTC_001,172
ACACCCGCCAGGAGGATGTC_002,19
ACACCCGCCAGGAGGATGTC_003,105
ACACCCGCCAGGAGGATGTC_004,62
ACACCCGCCAGGAGGATGTC_005,91
ACACCCGCCAGGAGGATGTC_006,127
ACACCCGCCAGGAGGATGTC_007,29
ACACCCGCCAGGAGGATGTC_008,78
ACACCCGCCAGGAGGATGTC_009,138
ACACCCGCCAGGAGGATGTC_010,48
ACACCCGCCAGGAGGATGTC_011,146
ACACCCGCCAGGAGGATGTC_012,175
ACACCCGCCAGGAGGATGTC_013,133
ACACCCGCCAGGAGGATGTC_014,34
ACACCCGCCAGGAGGATGTC_015,16
ACACCCGCCAGGAGGATGTC_016,170
ACACCCGCCAGGAGGATGTC_017,129
ACACCCGCCAGGAGGATGTC_018,184
ACACCCGCCAGGAGGATGTC_019,62
ACACCCGCCAGGAGGATGTC_020,29
ACACCCGCCAGGAGGATGTC_021,102
ACACCCGCCAGGAGGATGTC_022,12
ACACCCGCCAGGAGGATGTC_023,160
ACACCCGCCAGGAGGATGTC_024,46
ACACCCGCCAGGAGGATGTC_025,76
ACACCCGCCAGGAGGATGTC_026,70
ACACCCGCCAGGAGGATGTC_027,119
ACACCCGCCAGGAGGATGTC_028,132
ACACCCGCCAGGAGGATGTC_029,43
ACACCCGCCAGGAGGATGTC_030,136
ACACCCGCCAGGAGGATGTC_031,106
ACACCCGCCAGGAGGATGTC_032,188
ACACCCGCCAGGAGGATGTC_033,62
CCACCGTCATGCAGACTCGG_001,181
CCACCGTCATGCAGACTCGG_002,105
CCACCGTCATGCAGACTCGG_003,32
CCACCGTCATGCAGACTCGG_004,176
CCACCGTCATGCAGACTCGG_005,115
CCACCGTCATGCAGACTCGG_006,48
CCACCGTCATGCAGACTCGG_007,104
CCACCGTCATGCAGACTCGG_008,54
CCACCGTCATGCAGACTCGG_009,25
CCACCGTCATGCAGACTCGG_010,162
CCACCGTCATGCAGACTCGG_011,2
CCACCGTCATGCAGACTCGG_012,105
CCACCGTCATGCAGACTCGG_013,170
CCACCGTCATGCAGACTCGG_014,197
CCACCGTCATGCAGACTCGG_015,160
CCACCGTCATGCAGACTCGG_016,147
CCACCGTCATGCAGACTCGG_017,62
CCACCGTCATGCAGACTCGG_018,61
CCACCGTCATGCAGACTCGG_019,142
CCACCGTCATGCAGACTCGG_020,92
CCACCGTCATGCAGACTCGG_021,191
CCACCGTCATGCAGACTCGG_022,149
CCACCGTCATGCAGACTCGG_023,28
CCACCGTCATGCAGACTCGG_024,198
CCACCGTCATGCAGACTCGG_025,58
CCACCGTCATGCAGACTCGG_026,39
CCACCGTCATGCAGACTCGG_027,68
CCACCGTCATGCAGACTCGG_028,16
CCACCGTCATGCAGACTCGG_029,47
CCACCGTCATGCAGACTCGG_030,83
CACTACACCAAGACAAGTGA_001,125
CACTACACCAAGACAAGTGA_002,28
CACTACACCAAGACAAGTGA_003,195
CACTACACCAAGACAAGTGA_004,1
CACTACACCAAGACAAGTGA_005,117
ACATGACACGAATTGCCCTG_001,91
ACATGACACGAATTGCCCTG_002,91
ACATGACACGAATTGCCCTG_003,14
ACATGACACGAATTGCCCTG_004,149
ACATGACACGAATTGCCCTG_005,34
ACATGACACGAATTGCCCTG_006,42
ACATGACACGAATTGCCCTG_007,48
ACATGACACGAATTGCCCTG_008,0
CAAGAGCATACAGATAAAGG_001,81
TCTTGACAAAGGACGCCACA_001,106
TCTTGACAAAGGACGCCACA_002,91
TCTTGACAAAGGACGCCACA_003,182
TCTTGACAAAGGACGCCACA_004,9
TCTTGACAAAGGACGCCACA_005,74
TCTTGACAAAGGACGCCACA_006,86
TCTTGACAAAGGACGCCACA_007,75
TCTTGACAAAGGACGCCACA_008,120
TCTTGACAAAGGACGCCACA_009,186
TCTTGACAAAGGACGCCACA_010,156
TCTTGACAAAGGACGCCACA_011,193
TCTTGACAAAGGACGCCACA_012,106
TCTTGACAAAGGACGCCACA_013,184
TCTTGACAAAGGACGCCACA_014,62
TCTTGACAAAGGACGCCACA_015,170
TCTTGACAAAGGACGCCACA_016,98
AGCCATGGAGTATAACAAAG_001,19
AGCCATGGAGTATAACAAAG_002,17
AGCCATGGAGTATAACAAAG_003,64
AGCCATGGAGTATAACAAAG_004,147
AGCCATGGAGTATAACAAAG_005,82
AGCCATGGAGTATAACAAAG_006,66
AGCCATGGAGTATAACAAAG_007,12
AGCCATGGAGTATAACAAAG_008,168
AGCCATGGAGTATAACAAAG_009,96
ACTGCACACTCTTGTCATTG_001,127
GAAGGCTTGATGTCTCGGAG_001,62
GAAGGCTTGATGTCTCGGAG_002,145
TGTTCATGTACGCCGCCTGG_001,114
TGTTCATGTACGCCGCCTGG_002,69
TGTTCATGTACGCCGCCTGG_003,85
TGTTCATGTACGCCGCCTGG_004,174
TTGCTGCCCGAGAAAGCGAA_001,27
TTGCTGCCCGAGAAAGCGAA_002,194
TTGCTGCCCGAGAAAGCGAA_003,48
TTGCTGCCCGAGAAAGCGAA_004,77
TTGCTGCCCGAGAAAGCGAA_005,174
TTGCTGCCCGAGAAAGCGAA_006,10
TTGCTGCCCGAGAAAGCGAA_007,106
TTGCTGCCCGAGAAAGCGAA_008,113
TTGCTGCCCGAGAAAGCGAA_009,106
TTGCTGCCCGAGAAAGCGAA_010,77
TTGCTGCCCGAGAAAGCGAA_011,179
TTGCTGCCCGAGAAAGCGAA_012,91
TTGCTGCCCGAGAAAGCGAA_013,127
TTGCTGCCCGAGAAAGCGAA_014,119
TTGCTGCCCGAGAAAGCGAA_015,198
TTGCTGCCCGAGAAAGCGAA_016,78
TTGCTGCCCGAGAAAGCGAA_017,47
TTGCTGCCCGAGAAAGCGAA_018,6
TTGCTGCCCGAGAAAGCGAA_019,174
TTGCTGCCCGAGAAAGCGAA_020,82
TTGCTGCCCGAGAAAGCGAA_021,21
TTGCTGCCCGAGAAAGCGAA_022,105
TTGCTGCCCGAGAAAGCGAA_023,169
TTGCTGCCCGAGAAAGCGAA_024,104
TTGCTGCCCGAGAAAGCGAA_025,108
TTGCTGCCCGAGAAAGCGAA_026,78
TTGCTGCCCGAGAAAGCGAA_027,170
TTGCTGCCCGAGAAAGCGAA_028,96
TGGCCCTACAGGACTCTGGG_001,41
TGGCCCTACAGGACTCTGGG_002,62
TGGCCCTACAGGACTCTGGG_003,78
TGGCCCTACAGGACTCTGGG_004,11
TGGCCCTACAGGACTCTGGG_005,110
TGGCCCTACAGGACTCTGGG_006,146
TGGCCCTACAGGACTCTGGG_007,58
TGGCCCTACAGGACTCTGGG_008,174
TGGCCCTACAGGACTCTGGG_009,183
TGGCCCTACAGGACTCTGGG_010,126
TGGCCCTACAGGACTCTGGG_011,15
TGGCCCTACAGGACTCTGGG_012,188
TGGCCCTACAGGACTCTGGG_013,178
TGGCCCTACAGGACTCTGGG_014,60
TGGCCCTACAGGACTCTGGG_015,156
TGGCCCTACAGGACTCTGGG_016,33
TGGCCCTACAGGACTCTGGG_017,184
TGGCCCTACAGGACTCTGGG_018,175
TGGCCCTACAGGACTCTGGG_019,176
TGGCCCTACAGGACTCTGGG_020,103
TGGCCCTACAGGACTCTGGG_021,124
TGGCCCTACAGGACTCTGGG_022,25
TGGCCCTACAGGACTCTGGG_023,140
TGGCCCTACAGGACTCTGGG_024,107
TGGCCCTACAGGACTCTGGG_025,4
TATTGATGTGTCAATCCGCG_001,33
TATTGATGTGTCAATCCGCG_002,28
AATTCCCAGAGATCTAGGCG_001,107
AATTCCCAGAGATCTAGGCG_002,150
AATTCCCAGAGATCTAGGCG_003,94
AATTCCCAGAGATCTAGGCG_004,116
AATTCCCAGAGATCTAGGCG_005,183
AATTCCCAGAGATCTAGGCG_006,139
AATTCCCAGAGATCTAGGCG_007,173
AATTCCCAGAGATCTAGGCG_008,198
AATTCCCAGAGATCTAGGCG_009,170
AATTCCCAGAGATCTAGGCG_010,49
ACGAAGAAGCGGGAGTCAAG_001,61
ACGAAGAAGCGGGAGTCAAG_002,32
ACGAAGAAGCGGGAGTCAAG_003,7
ACGAAGAAGCGGGAGTCAAG_004,5
ACGAAGAAGCGGGAGTCAAG_005,194
ACGAAGAAGCGGGAGTCAAG_006,127
ACGAAGAAGCGGGAGTCAAG_007,29
ACGAAGAAGCGGGAGTCAAG_008,106
ACGAAGAAGCGGGAGTCAAG_009,109
ACGAAGAAGCGGGAGTCAAG_010,91
ACGAAGAAGCGGGAGTCAAG_011,148
ACGAAGAAGCGGGAGTCAAG_012,93
ACGAAGAAGCGGGAGTCAAG_013,188
ACGAAGAAGCGGGAGTCAAG_014,188
ACGAAGAAGCGGGAGTCAAG_015,174
ACGAAGAAGCGGGAGTCAAG_016,65
ACGAAGAAGCGGGAGTCAAG_017,178
ACGAAGAAGCGGGAGTCAAG_018,196
ACGAAGAAGCGGGAGTCAAG_019,150
ACGAAGAAGCGGGAGTCAAG_020,16
ACGAAGAAGCGGGAGTCAAG_021,128
CGGCGGTGGTTAGGTCGGTG_001,63
CGGCGGTGGTTAGGTCGGTG_002,1
CGGCGGTGGTTAGGTCGGTG_003,78
CGGCGGTGGTTAGGTCGGTG_004,192
CGGCGGTGGTTAGGTCGGTG_005,42
CGGCGGTGGTTAGGTCGGTG_006,16
CGGCGGTGGTTAGGTCGGTG_007,139
CGGCGGTGGTTAGGTCGGTG_008,197
CGGCGGTGGTTAGGTCGGTG_009,115
CGGCGGTGGTTAGGTCGGTG_010,58
CGGCGGTGGTTAGGTCGGTG_011,199
CGGCGGTGGTTAGGTCGGTG_012,113
CGGCGGTGGTTAGGTCGGTG_013,170
CGGCGGTGGTTAGGTCGGTG_014,103
CGGCGGTGGTTAGGTCGGTG_015,168
CGGCGGTGGTTAGGTCGGTG_016,145
CGGCGGTGGTTAGGTCGGTG_017,98
CGGCGGTGGTTAGGTCGGTG_018,140
CGGCGGTGGTTAGGTCGGTG_019,14
CGGCGGTGGTTAGGTCGGTG_020,69
CGGCGGTGGTTAGGTCGGTG_021,11
CGGCGGTGGTTAGGTCGGTG_022,72
CGGCGGTGGTTAGGTCGGTG_023,130
CGGCGGTGGTTAGGTCGGTG_024,188
CGGCGGTGGTTAGGTCGGTG_025,84
CGGCGGTGGTTAGGTCGGTG_026,143
CGGCGGTGGTTAGGTCGGTG_027,28
CGGCGGTGGTTAGGTCGGTG_028,198
CGGCGGTGGTTAGGTCGGTG_029,49
CGGCGGTGGTTAGGTCGGTG_030,160
CGGCGGTGGTTAGGTCGGTG_031,155
CGGCGGTGGTTAGGTCGGTG_032,10
GTGCAGCAGGTACCTCACCA_001,154
GTGCAGCAGGTACCTCACCA_002,188
GTGCAGCAGGTACCTCACCA_003,27
GTGCAGCAGGTACCTCACCA_004,156
GTGCAGCAGGTACCTCACCA_005,58
GTGCAGCAGGTACCTCACCA_006,105
GTGCAGCAGGTACCTCACCA_007,127
GTGCAGCAGGTACCTCACCA_008,194
GTGCAGCAGGTACCTCACCA_009,120
GTGCAGCAGGTACCTCACCA_010,77
GTGCAGCAGGTACCTCACCA_011,40
GTGCAGCAGGTACCTCACCA_012,144
GTGCAGCAGGTACCTCACCA_013,168
GTGCAGCAGGTACCTCACCA_014,70
GTGCAGCAGGTACCTCACCA_015,127
GTGCAGCAGGTACCTCACCA_016,48
GTGCAGCAGGTACCTCACCA_017,2
GTGCAGCAGGTACCTCACCA_018,158
GTGCAGCAGGTACCTCACCA_019,118
GTGCAGCAGGTACCTCACCA_020,54
GTGCAGCAGGTACCTCACCA_021,107
GTGCAGCAGGTACCTCACCA_022,148
GTGCAGCAGGTACCTCACCA_023,130
GTGCAGCAGGTACCTCACCA_024,61
GTGCAGCAGGTACCTCACCA_025,122
GTGCAGCAGGTACCTCACCA_026,103
GTGCAGCAGGTACCTCACCA_027,1
GTGCAGCAGGTACCTCACCA_028,130
TAACAACAGTGGCACCACAT_001,14
TAACAACAGTGGCACCACAT_002,163
TTTCTAACAGCTCTATTACG_001,147
TTTCTAACAGCTCTATTACG_002,159
TTTCTAACAGCTCTATTACG_003,144
TTTCTAACAGCTCTATTACG_004,152
ATCTGCAGTGGGCTAAACGC_001,74
ATCTGCAGTGGGCTAAACGC_002,126
ATCTGCAGTGGGCTAAACGC_003,144
AAGAGGAGGTATATTAGCAG_001,156
AAGAGGAGGTATATTAGCAG_002,134
GATGGTGAATAAACAGGCAT_001,84
GATGGTGAATAAACAGGCAT_002,38
GGTCCAGTCAGTGAACGTAA_001,148
GGTCCAGTCAGTGAACGTAA_002,137
GGTCCAGTCAGTGAACGTAA_003,77
ACAGCATCTAGTTTATCCAA_001,120
ACAGCATCTAGTTTATCCAA_002,146
ACAGCATCTAGTTTATCCAA_003,24
ACAGCATCTAGTTTATCCAA_004,7
ACAGCATCTAGTTTATCCAA_005,188
ACAGCATCTAGTTTATCCAA_006,191
GAGCCACGAATTATGCCGGG_001,102
GAGCCACGAATTATGCCGGG_002,115
GAGCCACGAATTATGCCGGG_003,159
GAGCCACGAATTATGCCGGG_004,48
AGCTCAGGCTCCAAGTCGGG_001,32
AGCTCAGGCTCCAAGTCGGG_002,192
AGCTCAGGCTCCAAGTCGGG_003,187
AGCTCAGGCTCCAAGTCGGG_004,3
AGCTCAGGCTCCAAGTCGGG_005,65
AGCTCAGGCTCCAAGTCGGG_006,82
CAGGTGTGGGTTATTGACCA_001,33
CAGGTGTGGGTTATTGACCA_002,27
CAGGTGTGGGTTATTGACCA_003,186
CAGGTGTGGGTTATTGACCA_004,161
CAGGTGTGGGTTATTGACCA_005,91
CAGGTGTGGGTTATTGACCA_006,88
CAGGTGTGGGTTATTGACCA_007,83
CAGGTGTGGGTTATTGACCA_008,38
CAGGTGTGGGTTATTGACCA_009,19
CAGGTGTGGGTTATTGACCA_010,148
CAGGTGTGGGTTATTGACCA_011,6
CAGGTGTGGGTTATTGACCA_012,6
CAGGTGTGGGTTATTGACCA_013,93
CAGGTGTGGGTTATTGACCA_014,61
GGACAAGGTACGTGCCCTGG_001,91
GGACAAGGTACGTGCCCTGG_002,78
GGACAAGGTACGTGCCCTGG_003,165
GGACAAGGTACGTGCCCTGG_004,88
GGACAAGGTACGTGCCCTGG_005,110
GGACAAGGTACGTGCCCTGG_006,126
AGCCCGTTGACGGCGCAGTG_001,146
AGCCCGTTGACGGCGCAGTG_002,78
AGCCCGTTGACGGCGCAGTG_003,4
AGCCCGTTGACGGCGCAGTG_004,50
AGCCCGTTGACGGCGCAGTG_005,177
AGCCCGTTGACGGCGCAGTG_006,162
AGCCCGTTGACGGCGCAGTG_007,77
AGCCCGTTGACGGCGCAGTG_008,58
AGCCCGTTGACGGCGCAGTG_009,107
AGCCCGTTGACGGCGCAGTG_010,111
AGCCCGTTGACGGCGCAGTG_011,181
AGCCCGTTGACGGCGCAGTG_012,88
AGCCCGTTGACGGCGCAGTG_013,106
AGCCCGTTGACGGCGCAGTG_014,127
AGCCCGTTGACGGCGCAGTG_015,50
AGCCCGTTGACGGCGCAGTG_016,70
AGCCCGTTGACGGCGCAGTG_017,185
AGCCCGTTGACGGCGCAGTG_018,32
AGCCCGTTGACGGCGCAGTG_019,16
AGCCCGTTGACGGCGCAGTG_020,150
AGCCCGTTGACGGCGCAGTG_021,79
AGCCCGTTGACGGCGCAGTG_022,18
AGCCCGTTGACGGCGCAGTG_023,25
AGCCCGTTGACGGCGCAGTG_024,103
AGCCCGTTGACGGCGCAGTG_025,94
AGCCCGTTGACGGCGCAGTG_026,108
AGCCCGTTGACGGCGCAGTG_027,30
AGCCCGTTGACGGCGCAGTG_028,161
AGCCCGTTGACGGCGCAGTG_029,45
AGCCCGTTGACGGCGCAGTG_030,18
AGCCCGTTGACGGCGCAGTG_031,130
AGCCCGTTGACGGCGCAGTG_032,58
AGCCCGTTGACGGCGCAGTG_033,45
AGCCCGTTGACGGCGCAGTG_034,1
AGCCCGTTGACGGCGCAGTG_035,57
AGCCCGTTGACGGCGCAGTG_036,69
AGCCCGTTGACGGCGCAGTG_037,192
AGCCCGTTGACGGCGCAGTG_038,94
AGCCCGTTGACGGCGCAGTG_039,68
AGCCCGTTGACGGCGCAGTG_040,1
AGCCCGTTGACGGCGCAGTG_041,69
AGCCCGTTGACGGCGCAGTG_042,117
AGCCCGTTGACGGCGCAGTG_043,98
AGCCCGTTGACGGCGCAGTG_044,29
AGCCCGTTGACGGCGCAGTG_045,23
AGCCCGTTGACGGCGCAGTG_046,145
AGCCCGTTGACGGCGCAGTG_047,93
AGCCCGTTGACGGCGCAGTG_048,10
AGCCCGTTGACGGCGCAGTG_049,46
AGCCCGTTGACGGCGCAGTG_050,146
AGCCCGTTGACGGCGCAGTG_051,78
AGCCCGTTGACGGCGCAGTG_052,79
AGCCCGTTGACGGCGCAGTG_053,151
AGCCCGTTGACGGCGCAGTG_054,136
AGCCCGTTGACGGCGCAGTG_055,56
AGCCCGTTGACGGCGCAGTG_056,166
AGCCCGTTGACGGCGCAGTG_057,1
AGCCCGTTGACGGCGCAGTG_058,144
CCTTCCCACATAGACGTCGC_001,62
CCTTCCCACATAGACGTCGC_002,4
TGTCCATAAAGAAAGCACAA_001,125
TGTCCATAAAGAAAGCACAA_002,27
TGTCCATAAAGAAAGCACAA_003,131
TGTCCATAAAGAAAGCACAA_004,147
TGTCCATAAAGAAAGCACAA_005,50
TGTCCATAAAGAAAGCACAA_006,194
TGTCCATAAAGAAAGCACAA_007,37
TGTCCATAAAGAAAGCACAA_008,156
TGTCCATAAAGAAAGCACAA_009,143
TGTCCATAAAGAAAGCACAA_010,143
TGTCCATAAAGAAAGCACAA_011,34
TGTCCATAAAGAAAGCACAA_012,9
TGTCCATAAAGAAAGCACAA_013,3
TGTCCATAAAGAAAGCACAA_014,98
TGTCCATAAAGAAAGCACAA_015,61
TGTCCATAAAGAAAGCACAA_016,180
GTTTCCAGGAGCTTGAGACA_001,28
GTTTCCAGGAGCTTGAGACA_002,137
GTTTCCAGGAGCTTGAGACA_003,194
GTTTCCAGGAGCTTGAGACA_004,20
GTTTCCAGGAGCTTGAGACA_005,164
ACCCAGCCGAATTGGTGATG_001,151
ACCCAGCCGAATTGGTGATG_002,8
ACCCAGCCGAATTGGTGATG_003,4
ACCCAGCCGAATTGGTGATG_004,181
ACCCAGCCGAATTGGTGATG_005,77
ACCCAGCCGAATTGGTGATG_006,172
ACCCAGCCGAATTGGTGATG_007,123
ACCCAGCCGAATTGGTGATG_008,135
ACCCAGCCGAATTGGTGATG_009,125
ACCCAGCCGAATTGGTGATG_010,148
ACCCAGCCGAATTGGTGATG_011,152
ACCCAGCCGAATTGGTGATG_012,142
GGAGAAATACCAGCTGTCCG_001,94
GGAGAAATACCAGCTGTCCG_002,126
GGAGAAATACCAGCTGTCCG_003,63
AAAAGAGCCGATATTCCATC_001,94
AAAAGAGCCGATATTCCATC_002,89
AAAAGAGCCGATATTCCATC_003,178
AAAAGAGCCGATATTCCATC_004,144
GTGGAAGGCACTGAGCACGC_001,183
GTGGAAGGCACTGAGCACGC_002,70
GTGGAAGGCACTGAGCACGC_003,162
GTGGAAGGCACTGAGCACGC_004,113
GTGGAAGGCACTGAGCACGC_005,94
GTGGAAGGCACTGAGCACGC_006,198
GTGGAAGGCACTGAGCACGC_007,19
GTGGAAGGCACTGAGCACGC_008,102
GTGGAAGGCACTGAGCACGC_009,102
GTGGAAGGCACTGAGCACGC_010,144
GTGGAAGGCACTGAGCACGC_011,22
GTGGAAGGCACTGAGCACGC_012,115
GTGGAAGGCACTGAGCACGC_013,156
GTGGAAGGCACTGAGCACGC_014,75
GTGGAAGGCACTGAGCACGC_015,50
GTGGAAGGCACTGAGCACGC_016,133
GTGGAAGGCACTGAGCACGC_017,7
GTGGAAGGCACTGAGCACGC_018,166
GTGGAAGGCACTGAGCACGC_019,1
GTGGAAGGCACTGAGCACGC_020,178
GTGGAAGGCACTGAGCACGC_021,178
GTGGAAGGCACTGAGCACGC_022,167
TGAGCTCTCGATAGATCCAG_001,64
TGAGCTCTCGATAGATCCAG_002,147
TGAGCTCTCGATAGATCCAG_003,130
TGAGCTCTCGATAGATCCAG_004,192
TGAGCTCTCGATAGATCCAG_005,26
TGAGCTCTCGATAGATCCAG_006,90
TGAGCTCTCGATAGATCCAG_007,113
TGAGCTCTCGATAGATCCAG_008,137
TGAACCTATCCGCAAACCCA_001,149
TGAACCTATCCGCAAACCCA_002,102
TGAACCTATCCGCAAACCCA_003,49
TGAACCTATCCGCAAACCCA_004,19
TGAACCTATCCGCAAACCCA_005,148
TGAACCTATCCGCAAACCCA_006,63
TGAACCTATCCGCAAACCCA_007,50
TGAACCTATCCGCAAACCCA_008,116
TGAACCTATCCGCAAACCCA_009,16
TGAACCTATCCGCAAACCCA_010,169
TGAACCTATCCGCAAACCCA_011,151
TGAACCTATCCGCAAACCCA_012,195
TGAACCTATCCGCAAACCCA_013,100
TGAACCTATCCGCAAACCCA_014,130
TTAATGTAATAGAAGTCTGA_001,125
TTAATGTAATAGAAGTCTGA_002,99
TTAATGTAATAGAAGTCTGA_003,94
TTAATGTAATAGAAGTCTGA_004,81
GTCCCAAGCATTGACCTGAG_001,77
GTCCCAAGCATTGACCTGAG_002,73
GTCCCAAGCATTGACCTGAG_003,185
GTCCCAAGCATTGACCTGAG_004,185
GTCCCAAGCATTGACCTGAG_005,124
GTCCCAAGCATTGACCTGAG_006,117
GTCCCAAGCATTGACCTGAG_007,171
GTCCCAAGCATTGACCTGAG_008,70
GTCCCAAGCATTGACCTGAG_009,1
GTCCCAAGCATTGACCTGAG_010,43
GTCCCAAGCATTGACCTGAG_011,6
GTCCCAAGCATTGACCTGAG_012,165
GTCCCAAGCATTGACCTGAG_013,104
GTCCCAAGCATTGACCTGAG_014,62
GTCCCAAGCATTGACCTGAG_015,30
GTCCCAAGCATTGACCTGAG_016,172
GTCCCAAGCATTGACCTGAG_017,88
GTCCCAAGCATTGACCTGAG_018,88
GTCCCAAGCATTGACCTGAG_019,115
GTCCCAAGCATTGACCTGAG_020,19
GTCCCAAGCATTGACCTGAG_021,119
GTCCCAAGCATTGACCTGAG_022,107
GTCCCAAGCATTGACCTGAG_023,107
GTCCCAAGCATTGACCTGAG_024,154
GTCCCAAGCATTGACCTGAG_025,43
GTCCCAAGCATTGACCTGAG_026,11
GTCCCAAGCATTGACCTGAG_027,70
GTCCCAAGCATTGACCTGAG_028,134
GTCCCAAGCATTGACCTGAG_029,69
GTCCCAAGCATTGACCTGAG_030,130
GTCCCAAGCATTGACCTGAG_031,91
GTCCCAAGCATTGACCTGAG_032,179
GTCCCAAGCATTGACCTGAG_033,162
GTCCCAAGCATTGACCTGAG_034,10
GTCCCAAGCATTGACCTGAG_035,66
GTCCCAAGCATTGACCTGAG_036,162
TCCCCCTCCCAGGGCTGCGG_001,118
TCCCCCTCCCAGGGCTGCGG_002,157
TCCCCCTCCCAGGGCTGCGG_003,169
TCCCCCTCCCAGGGCTGCGG_004,6
TCCCCCTCCCAGGGCTGCGG_005,127
TCCCCCTCCCAGGGCTGCGG_006,130
TCCCCCTCCCAGGGCTGCGG_007,51
TCCCCCTCCCAGGGCTGCGG_008,113
TCCCCCTCCCAGGGCTGCGG_009,145
TCCCCCTCCCAGGGCTGCGG_010,88
TCCCCCTCCCAGGGCTGCGG_011,70
TCCCCCTCCCAGGGCTGCGG_012,5
TCCCCCTCCCAGGGCTGCGG_013,34
TCCCCCTCCCAGGGCTGCGG_014,79
TCCCCCTCCCAGGGCTGCGG_015,112
TCCCCCTCCCAGGGCTGCGG_016,19
TCCCCCTCCCAGGGCTGCGG_017,121
TCCCCCTCCCAGGGCTGCGG_018,17
TCCCCCTCCCAGGGCTGCGG_019,78
TCCCCCTCCCAGGGCTGCGG_020,143
TCCCCCTCCCAGGGCTGCGG_021,174
TCCCCCTCCCAGGGCTGCGG_022,180
TCCCCCTCCCAGGGCTGCGG_023,158
TCCCCCTCCCAGGGCTGCGG_024,12
TCCCCCTCCCAGGGCTGCGG_025,2
AAAAAGTTCCCAAACAACTG_001,104
AAAAAGTTCCCAAACAACTG_002,172
AAAAAGTTCCCAAACAACTG_003,26
AAAAAGTTCCCAAACAACTG_004,126
AAAAAGTTCCCAAACAACTG_005,62
AAAAAGTTCCCAAACAACTG_006,170
AAAAAGTTCCCAAACAACTG_007,98
AAAAAGTTCCCAAACAACTG_008,5
AAAAAGTTCCCAAACAACTG_009,75
AAAAAGTTCCCAAACAACTG_010,117
AAAAAGTTCCCAAACAACTG_011,42
GGAGTCCATGAACGATGTGG_001,178
GGAGTCCATGAACGATGTGG_002,94
GGAGTCCATGAACGATGTGG_003,115
GGAGTCCATGAACGATGTGG_004,126
GGAGTCCATGAACGATGTGG_005,147
GGAGTCCATGAACGATGTGG_006,141
GGAGTCCATGAACGATGTGG_007,110
GGAGTCCATGAACGATGTGG_008,116
GGAGTCCATGAACGATGTGG_009,143
GGAGTCCATGAACGATGTGG_010,148
GGAGTCCATGAACGATGTGG_011,170
GGAGTCCATGAACGATGTGG_012,17
GGAGTCCATGAACGATGTGG_013,65
GGAGTCCATGAACGATGTGG_014,191
GGAGTCCATGAACGATGTGG_015,108
GGAGTCCATGAACGATGTGG_016,108
GGAGTCCATGAACGATGTGG_017,33
GAAGCATAGAGCCTATGACC_001,148
GAAGCATAGAGCCTATGACC_002,61
GAAGCATAGAGCCTATGACC_003,64
GAAGCATAGAGCCTATGACC_004,142
TACTTCATACTTACAGGCTG_001,42
TACTTCATACTTACAGGCTG_002,85
TACTTCATACTTACAGGCTG_003,85
TACTTCATACTTACAGGCTG_004,1
TACTTCATACTTACAGGCTG_005,98
TGAGTACCAGTAACAAAAGG_001,113
AAGGTAAGGACATCACCGGA_001,43
AAGGTAAGGACATCACCGGA_002,60
AAGGTAAGGACATCACCGGA_003,174
AAGGTAAGGACATCACCGGA_004,183
AAGGTAAGGACATCACCGGA_005,70
AAGGTAAGGACATCACCGGA_006,48
AAGGTAAGGACATCACCGGA_007,199
AAGGTAAGGACATCACCGGA_008,29
ACTCACCACATGCAGATCCG_001,132
ACTCACCACATGCAGATCCG_002,159
ACTCACCACATGCAGATCCG_003,15
ACTCACCACATGCAGATCCG_004,27
ACTCACCACATGCAGATCCG_005,117
ACTCACCACATGCAGATCCG_006,163
ACTCACCACATGCAGATCCG_007,96
ACTCACCACATGCAGATCCG_008,198
ACTCACCACATGCAGATCCG_009,44
ACTCACCACATGCAGATCCG_010,70
ACTCACCACATGCAGATCCG_011,95
ACTCACCACATGCAGATCCG_012,10
ACTCACCACATGCAGATCCG_013,41
ACTCACCACATGCAGATCCG_014,149
ACTCACCACATGCAGATCCG_015,12
ACTCACCACATGCAGATCCG_016,44
ACTCACCACATGCAGATCCG_017,41
ACTCACCACATGCAGATCCG_018,121
ACTCACCACATGCAGATCCG_019,2
ACTCACCACATGCAGATCCG_020,183
ACTCACCACATGCAGATCCG_021,164
ACTCACCACATGCAGATCCG_022,15
ACTCACCACATGCAGATCCG_023,139
ACTCACCACATGCAGATCCG_024,50
ACTCACCACATGCAGATCCG_025,52
ACTCACCACATGCAGATCCG_026,6
ACTCACCACATGCAGATCCG_027,10
CTGAGGCGCCAGCGTCCGTG_001,8
CTGAGGCGCCAGCGTCCGTG_002,137
CTGAGGCGCCAGCGTCCGTG_003,62
CTGAGGCGCCAGCGTCCGTG_004,54
CTGAGGCGCCAGCGTCCGTG_005,12
CTGAGGCGCCAGCGTCCGTG_006,199
CTGAGGCGCCAGCGTCCGTG_007,6
CTGAGGCGCCAGCGTCCGTG_008,94
CTGAGGCGCCAGCGTCCGTG_009,65
CTGAGGCGCCAGCGTCCGTG_010,140
CTGAGGCGCCAGCGTCCGTG_011,169
CTGAGGCGCCAGCGTCCGTG_012,178
CTGAGGCGCCAGCGTCCGTG_013,92
CTGAGGCGCCAGCGTCCGTG_014,186
CTGAGGCGCCAGCGTCCGTG_015,162
CTGAGGCGCCAGCGTCCGTG_016,28
CTGAGGCGCCAGCGTCCGTG_017,88
CTGAGGCGCCAGCGTCCGTG_018,178
CTGAGGCGCCAGCGTCCGTG_019,142
CTGAGGCGCCAGCGTCCGTG_020,115
CTGAGGCGCCAGCGTCCGTG_021,144
CTGAGGCGCCAGCGTCCGTG_022,18
CTGAGGCGCCAGCGTCCGTG_023,147
CTGAGGCGCCAGCGTCCGTG_024,175
CTGAGGCGCCAGCGTCCGTG_025,184
GTGCAGCAGCAGTCGTACAA_001,88
GTGCAGCAGCAGTCGTACAA_002,98
GTGCAGCAGCAGTCGTACAA_003,44
GTGCAGCAGCAGTCGTACAA_004,38
GTGCAGCAGCAGTCGTACAA_005,74
GTGCAGCAGCAGTCGTACAA_006,88
GTGCAGCAGCAGTCGTACAA_007,63
GTGCAGCAGCAGTCGTACAA_008,17
TTTCCTTCGCAAGTTCATGT_001,169
TTTCCTTCGCAAGTTCATGT_002,76
TTTCCTTCGCAAGTTCATGT_003,12
TTTCCTTCGCAAGTTCATGT_004,94
TTTCCTTCGCAAGTTCATGT_005,77
TTTCCTTCGCAAGTTCATGT_006,2
TTTCCTTCGCAAGTTCATGT_007,17
TTTCCTTCGCAAGTTCATGT_008,88
TTTCCTTCGCAAGTTCATGT_009,62
TTTCCTTCGCAAGTTCATGT_010,149
TTTCCTTCGCAAGTTCATGT_011,98
TTTCCTTCGCAAGTTCATGT_012,115
TTTCCTTCGCAAGTTCATGT_013,8
TTTCCTTCGCAAGTTCATGT_014,191
TTTCCTTCGCAAGTTCATGT_015,136
TTTCCTTCGCAAGTTCATGT_016,121
TTTCCTTCGCAAGTTCATGT_017,168
TAGAAGATTACGCCACCCAG_001,147
TAGAAGATTACGCCACCCAG_002,156
TAGAAGATTACGCCACCCAG_003,106
TAGAAGATTACGCCACCCAG_004,1
TAGAAGATTACGCCACCCAG_005,94
TAGAAGATTACGCCACCCAG_006,146
TAGAAGATTACGCCACCCAG_007,189
TAGAAGATTACGCCACCCAG_008,48
TAGAAGATTACGCCACCCAG_009,113
TAGAAGATTACGCCACCCAG_010,49
TAGAAGATTACGCCACCCAG_011,8
TAGAAGATTACGCCACCCAG_012,52
TAGAAGATTACGCCACCCAG_013,149
CCATGCCGCGTACATACTGG_001,178
AACCACGCAGTGGACAGTAA_001,123
AACCACGCAGTGGACAGTAA_002,45
AACCACGCAGTGGACAGTAA_003,130
AACCACGCAGTGGACAGTAA_004,49
AACCACGCAGTGGACAGTAA_005,185
AACCACGCAGTGGACAGTAA_006,88
AACCACGCAGTGGACAGTAA_007,77
AACCACGCAGTGGACAGTAA_008,153
AACCACGCAGTGGACAGTAA_009,73
AACCACGCAGTGGACAGTAA_010,149
AACCACGCAGTGGACAGTAA_011,113
AACCACGCAGTGGACAGTAA_012,132
AACCACGCAGTGGACAGTAA_013,160
AACCACGCAGTGGACAGTAA_014,96
AACCACGCAGTGGACAGTAA_015,118
AACCACGCAGTGGACAGTAA_016,84
AACCAGAGCGTGAAGAAAAG_001,175
AACCAGAGCGTGAAGAAAAG_002,81
AACCAGAGCGTGAAGAAAAG_003,150
AACCAGAGCGTGAAGAAAAG_004,87
AACCAGAGCGTGAAGAAAAG_005,75
AACCAGAGCGTGAAGAAAAG_006,62
AACCAGAGCGTGAAGAAAAG_007,69
AACCAGAGCGTGAAGAAAAG_008,69
AACCAGAGCGTGAAGAAAAG_009,83
AACCAGAGCGTGAAGAAAAG_010,65
AACCAGAGCGTGAAGAAAAG_011,147
AACCAGAGCGTGAAGAAAAG_012,142
AACCAGAGCGTGAAGAAAAG_013,183
AACCAGAGCGTGAAGAAAAG_014,183
AACCAGAGCGTGAAGAAAAG_015,59
GCTTGGTGATCTTCACGGAG_001,166
GGGAGGCAAAGACCTCCTGG_001,20
GGGAGGCAAAGACCTCCTGG_002,177
GGGAGGCAAAGACCTCCTGG_003,15
GGGAGGCAAAGACCTCCTGG_004,136
ACTCACACTGCACGTCCACG_001,171
ACTCACACTGCACGTCCACG_002,13
ACTCACACTGCACGTCCACG_003,58
ACTCACACTGCACGTCCACG_004,199
ACTCACACTGCACGTCCACG_005,135
ACTCACACTGCACGTCCACG_006,146
ACTCACACTGCACGTCCACG_007,51
ACTCACACTGCACGTCCACG_008,42
ACTCACACTGCACGTCCACG_009,166
ACTCACACTGCACGTCCACG_010,25
ACTCACACTGCACGTCCACG_011,83
ACTCACACTGCACGTCCACG_012,174
ACTCACACTGCACGTCCACG_013,137
ACTCACACTGCACGTCCACG_014,142
ACTCACACTGCACGTCCACG_015,34
ACTCACACTGCACGTCCACG_016,138
ATAACTGTTGCTAGGTGACG_001,170
ATAACTGTTGCTAGGTGACG_002,124
ATAACTGTTGCTAGGTGACG_003,168
ATAACTGTTGCTAGGTGACG_004,160
ATAACTGTTGCTAGGTGACG_005,142
AGCCCCAACGTGTTGCCAAG_001,48
AGCCCCAACGTGTTGCCAAG_002,19
AGCCCCAACGTGTTGCCAAG_003,27
AGCCCCAACGTGTTGCCAAG_004,104
AGCCCCAACGTGTTGCCAAG_005,173
AGCCCCAACGTGTTGCCAAG_006,48
AGCCCCAACGTGTTGCCAAG_007,145
AGCCCCAACGTGTTGCCAAG_008,105
AGCCCCAACGTGTTGCCAAG_009,10
AGCCCCAACGTGTTGCCAAG_010,165
AGCCCCAACGTGTTGCCAAG_011,184
AGCCCCAACGTGTTGCCAAG_012,46
AGCCCCAACGTGTTGCCAAG_013,17
AGCCCCAACGTGTTGCCAAG_014,175
AGCCCCAACGTGTTGCCAAG_015,10
CAGGGAAGCTGATTGATCTG_001,35
CAGGGAAGCTGATTGATCTG_002,85
CAGGGAAGCTGATTGATCTG_003,78
CAGGGAAGCTGATTGATCTG_004,121
CAGGGAAGCTGATTGATCTG_005,39
TCTGTAACACAATGAGCCTG_001,157
TCTGTAACACAATGAGCCTG_002,6
ATGCTGCCCAAAGAGGACCT_001,118
ATGCTGCCCAAAGAGGACCT_002,127
ATGCTGCCCAAAGAGGACCT_003,67
ATGCTGCCCAAAGAGGACCT_004,115
ATGCTGCCCAAAGAGGACCT_005,118
ATGCTGCCCAAAGAGGACCT_006,4
ATGCTGCCCAAAGAGGACCT_007,12
ATGCTGCCCAAAGAGGACCT_008,142
ATGCTGCCCAAAGAGGACCT_009,71
ATGCTGCCCAAAGAGGACCT_010,70
ATGCTGCCCAAAGAGGACCT_011,6
ATGCTGCCCAAAGAGGACCT_012,95
ATGCTGCCCAAAGAGGACCT_013,47
ATGCTGCCCAAAGAGGACCT_014,162
ATGCTGCCCAAAGAGGACCT_015,130
ATGCTGCCCAAAGAGGACCT_016,133
ATGCTGCCCAAAGAGGACCT_017,15
ATGCTGCCCAAAGAGGACCT_018,145
ATGCTGCCCAAAGAGGACCT_019,52
ATGCTGCCCAAAGAGGACCT_020,121
ATGCTGCCCAAAGAGGACCT_021,41
ATGCTGCCCAAAGAGGACCT_022,125
ATGCTGCCCAAAGAGGACCT_023,182
ATGCTGCCCAAAGAGGACCT_024,169
ATGCTGCCCAAAGAGGACCT_025,189
ATGCTGCCCAAAGAGGACCT_026,54
ATGCTGCCCAAAGAGGACCT_027,169
ATGCTGCCCAAAGAGGACCT_028,155
ATGCTGCCCAAAGAGGACCT_029,56
ATGCTGCCCAAAGAGGACCT_030,26
ATGCTGCCCAAAGAGGACCT_031,136
ATGCTGCCCAAAGAGGACCT_032,83
ATGCTGCCCAAAGAGGACCT_033,50
AGGGAAACGGAGTATTCGCG_001,17
AGGGAAACGGAGTATTCGCG_002,183
AGGGAAACGGAGTATTCGCG_003,96
AGGGAAACGGAGTATTCGCG_004,170
AGGGAAACGGAGTATTCGCG_005,162
AGGGAAACGGAGTATTCGCG_006,194
ATGCTGAATTGACAATCTGG_001,103
AACAAGCCATCCGCATGCAA_001,174
AACAAGCCATCCGCATGCAA_002,29
AACAAGCCATCCGCATGCAA_003,197
AACAAGCCATCCGCATGCAA_004,177
AACAAGCCATCCGCATGCAA_005,130
AACAAGCCATCCGCATGCAA_006,184
AACAAGCCATCCGCATGCAA_007,65
AACAAGCCATCCGCATGCAA_008,40
AACAAGCCATCCGCATGCAA_009,55
AACAAGCCATCCGCATGCAA_010,147
AACAAGCCATCCGCATGCAA_011,172
AACAAGCCATCCGCATGCAA_012,193
AACAAGCCATCCGCATGCAA_013,12
AACAAGCCATCCGCATGCAA_014,57
AACAAGCCATCCGCATGCAA_015,141
AACAAGCCATCCGCATGCAA_016,25
AACAAGCCATCCGCATGCAA_017,118
AACAAGCCATCCGCATGCAA_018,181
AACAAGCCATCCGCATGCAA_019,15
AACAAGCCATCCGCATGCAA_020,26
AACAAGCCATCCGCATGCAA_021,103
AACAAGCCATCCGCATGCAA_022,40
AACAAGCCATCCGCATGCAA_023,81
AACAAGCCATCCGCATGCAA_024,62
AACAAGCCATCCGCATGCAA_025,40
GAAAACGTTCGTCAACATCA_001,61
GAAAACGTTCGTCAACATCA_002,89
GAAAACGTTCGTCAACATCA_003,71
GAAAACGTTCGTCAACATCA_004,98
GAAAACGTTCGTCAACATCA_005,53
GAAAACGTTCGTCAACATCA_006,69
AGTCTGGGCACACGAAAGGG_001,122
AGTCTGGGCACACGAAAGGG_002,163
AGTCTGGGCACACGAAAGGG_003,78
AGTCTGGGCACACGAAAGGG_004,162
AGTCTGGGCACACGAAAGGG_005,23
AGTCTGGGCACACGAAAGGG_006,139
AGTCTGGGCACACGAAAGGG_007,117
AGTCTGGGCACACGAAAGGG_008,187
AGTCTGGGCACACGAAAGGG_009,129
AGTCTGGGCACACGAAAGGG_010,4
AGTCTGGGCACACGAAAGGG_011,121
AGTCTGGGCACACGAAAGGG_012,117
AGTCTGGGCACACGAAAGGG_013,20
AGTCTGGGCACACGAAAGGG_014,46
AGTCTGGGCACACGAAAGGG_015,27
AGTCTGGGCACACGAAAGGG_016,48
AGTCTGGGCACACGAAAGGG_017,23
AGTCTGGGCACACGAAAGGG_018,59
AGTCTGGGCACACGAAAGGG_019,79
AGTCTGGGCACACGAAAGGG_020,145
AGTCTGGGCACACGAAAGGG_021,150
AGTCTGGGCACACGAAAGGG_022,148
AGTCTGGGCACACGAAAGGG_023,28
AGTCTGGGCACACGAAAGGG_024,71
GCTGAGTGAAAGAGGGGATG_001,44
GCTGAGTGAAAGAGGGGATG_002,163
GCTGAGTGAAAGAGGGGATG_003,94
CAATCCTCGGGAAAGAAACA_001,45
CAATCCTCGGGAAAGAAACA_002,134
CAATCCTCGGGAAAGAAACA_003,60
CAATCCTCGGGAAAGAAACA_004,127
CAATCCTCGGGAAAGAAACA_005,57
CAATCCTCGGGAAAGAAACA_006,146
CAATCCTCGGGAAAGAAACA_007,30
GGTCGGTGATCTGCAGATCC_001,179
TCACTTACGAGATGTAGGCT_001,91
TCACTTACGAGATGTAGGCT_002,108
TCACTTACGAGATGTAGGCT_003,108
TCACTTACGAGATGTAGGCT_004,128
TCACTTACGAGATGTAGGCT_005,134
TCACTTACGAGATGTAGGCT_006,19
TCACTTACGAGATGTAGGCT_007,100
CCTGGCCCCCAAACTCCACA_001,106
CCTGGCCCCCAAACTCCACA_002,13
CCTGGCCCCCAAACTCCACA_003,43
CCTGGCCCCCAAACTCCACA_004,160
CCTGGCCCCCAAACTCCACA_005,27
CCTGGCCCCCAAACTCCACA_006,64
CCTGGCCCCCAAACTCCACA_007,182
CCTGGCCCCCAAACTCCACA_008,67
CCTGGCCCCCAAACTCCACA_009,101
CCTGGCCCCCAAACTCCACA_010,61
CCTGGCCCCCAAACTCCACA_011,119
CCTGGCCCCCAAACTCCACA_012,106
CCTGGCCCCCAAACTCCACA_013,188
CCTGGCCCCCAAACTCCACA_014,37
CCTGGCCCCCAAACTCCACA_015,174
CCTGGCCCCCAAACTCCACA_016,98
CCTGGCCCCCAAACTCCACA_017,184
CCTGGCCCCCAAACTCCACA_018,69
CCTGGCCCCCAAACTCCACA_019,31
CCTGGCCCCCAAACTCCACA_020,16
CCTGGCCCCCAAACTCCACA_021,8
CCTGGCCCCCAAACTCCACA_022,166
CCTGGCCCCCAAACTCCACA_023,58
CCTGGCCCCCAAACTCCACA_024,160
CCTGGCCCCCAAACTCCACA_025,120
CCTGGCCCCCAAACTCCACA_026,108
CCTGGCCCCCAAACTCCACA_027,194
CCTGGCCCCCAAACTCCACA_028,34
CCTGGCCCCCAAACTCCACA_029,53
CCTGGCCCCCAAACTCCACA_030,148
CCTGGCCCCCAAACTCCACA_031,79
CCTGGCCCCCAAACTCCACA_032,155
CCTGGCCCCCAAACTCCACA_033,53
CCTGGCCCCCAAACTCCACA_034,21
CCTGGCCCCCAAACTCCACA_035,92
CCTGGCCCCCAAACTCCACA_036,156
CCTGGCCCCCAAACTCCACA_037,28
CCTGGCCCCCAAACTCCACA_038,114
CCTGGCCCCCAAACTCCACA_039,15
CCTGGCCCCCAAACTCCACA_040,191
CCTGGCCCCCAAACTCCACA_041,32
CCTGGCCCCCAAACTCCACA_042,134
CCTGGCCCCCAAACTCCACA_043,152
CCTGGCCCCCAAACTCCACA_044,59
CCTGGCCCCCAAACTCCACA_045,56
CCTGGCCCCCAAACTCCACA_046,84
CCTGGCCCCCAAACTCCACA_047,81
CCTGGCCCCCAAACTCCACA_048,147
CCTGGCCCCCAAACTCCACA_049,63
CCTGGCCCCCAAACTCCACA_050,61
CCTGGCCCCCAAACTCCACA_051,135
GCCGGTGTACACGGCCCACT_001,198
GCCGGTGTACACGGCCCACT_002,99
GCCGGTGTACACGGCCCACT_003,14
GCCGGTGTACACGGCCCACT_004,62
GCCGGTGTACACGGCCCACT_005,11
GCCGGTGTACACGGCCCACT_006,168
GCCGGTGTACACGGCCCACT_007,115
GCCGGTGTACACGGCCCACT_008,161
GGTTTCCAATCAATGTGATG_001,145
GGTTTCCAATCAATGTGATG_002,94
GGTTTCCAATCAATGTGATG_003,45
GGTTTCCAATCAATGTGATG_004,198
GGTTTCCAATCAATGTGATG_005,1
CTTTCCGCGGACGCTTCACG_001,58
CTTTCCGCGGACGCTTCACG_002,48
CTTTCCGCGGACGCTTCACG_003,61
CTTTCCGCGGACGCTTCACG_004,60
CTTTCCGCGGACGCTTCACG_005,176
CTTTCCGCGGACGCTTCACG_006,78
CTTTCCGCGGACGCTTCACG_007,177
TGCGCCGCCACCAACGCGAG_001,29
CTTTGTCATCAATAGAACCA_001,69
CTTTGTCATCAATAGAACCA_002,20
CTTTGTCATCAATAGAACCA_003,126
GGTGGGATATGTGCTCATTG_001,16
GGTGGGATATGTGCTCATTG_002,146
GGTGGGATATGTGCTCATTG_003,170
GGTGGGATATGTGCTCATTG_004,35
GGTGGGATATGTGCTCATTG_005,99
GGTGGGATATGTGCTCATTG_006,88
GGTGGGATATGTGCTCATTG_007,174
CTTCATTTCCCAGCCACCAA_001,199
CTTCATTTCCCAGCCACCAA_002,115
CTTCATTTCCCAGCCACCAA_003,60
CTTCATTTCCCAGCCACCAA_004,88
CTTCATTTCCCAGCCACCAA_005,30
CTTCATTTCCCAGCCACCAA_006,57
CTTCATTTCCCAGCCACCAA_007,128
CTTCATTTCCCAGCCACCAA_008,26
CTTCATTTCCCAGCCACCAA_009,188
CTTCATTTCCCAGCCACCAA_010,120
CTTCATTTCCCAGCCACCAA_011,57
CTTCATTTCCCAGCCACCAA_012,178
CTTCATTTCCCAGCCACCAA_013,29
CTTCATTTCCCAGCCACCAA_014,86
CTTCATTTCCCAGCCACCAA_015,121
CTTCATTTCCCAGCCACCAA_016,163
CTTCATTTCCCAGCCACCAA_017,141
CTTCATTTCCCAGCCACCAA_018,128
CTTCATTTCCCAGCCACCAA_019,128
CTTCATTTCCCAGCCACCAA_020,184
CTTCATTTCCCAGCCACCAA_021,57
CTTCATTTCCCAGCCACCAA_022,63
CTTCATTTCCCAGCCACCAA_023,1
CTTCATTTCCCAGCCACCAA_024,174
CTTCATTTCCCAGCCACCAA_025,143
CTTCATTTCCCAGCCACCAA_026,150
GACCACGGTGGTCTACCCTG_001,94
GACCACGGTGGTCTACCCTG_002,62
GACCACGGTGGTCTACCCTG_003,152
GACCACGGTGGTCTACCCTG_004,194
GACCACGGTGGTCTACCCTG_005,75
GACCACGGTGGTCTACCCTG_006,30
GACCACGGTGGTCTACCCTG_007,47
GACCACGGTGGTCTACCCTG_008,161
GACCACGGTGGTCTACCCTG_009,69
GACCACGGTGGTCTACCCTG_010,147
GACCACGGTGGTCTACCCTG_011,182
GACCACGGTGGTCTACCCTG_012,119
GACCACGGTGGTCTACCCTG_013,144
GACCACGGTGGTCTACCCTG_014,191
GACCACGGTGGTCTACCCTG_015,14
GACCACGGTGGTCTACCCTG_016,124
GACCACGGTGGTCTACCCTG_017,147
CGTCTTTACATCTAACCAGG_001,62
CGTCTTTACATCTAACCAGG_002,21
CGTCTTTACATCTAACCAGG_003,152
GTAGATGCGCTCGTGCAGCG_001,37
GTAGATGCGCTCGTGCAGCG_002,44
GTAGATGCGCTCGTGCAGCG_003,159
GTAGATGCGCTCGTGCAGCG_004,127
GTAGATGCGCTCGTGCAGCG_005,10
GTAGATGCGCTCGTGCAGCG_006,72
GTAGATGCGCTCGTGCAGCG_007,133
GTAGATGCGCTCGTGCAGCG_008,47
GTAGATGCGCTCGTGCAGCG_009,108
GTAGATGCGCTCGTGCAGCG_010,11
TTTGTTGGAGAGATGTACGA_001,182
TTTGTTGGAGAGATGTACGA_002,63
TTTGTTGGAGAGATGTACGA_003,57
TTTGTTGGAGAGATGTACGA_004,9
TTTGTTGGAGAGATGTACGA_005,59
CAGGAAGTGAGGCCATGATG_001,104
CAGGAAGTGAGGCCATGATG_002,98
CAGGAAGTGAGGCCATGATG_003,69
CAGGAAGTGAGGCCATGATG_004,31
CAGGAAGTGAGGCCATGATG_005,179
CAGGAAGTGAGGCCATGATG_006,150
CAGGAAGTGAGGCCATGATG_007,42
CAGGAAGTGAGGCCATGATG_008,49
CAGGAAGTGAGGCCATGATG_009,134
CAGGAAGTGAGGCCATGATG_010,126
CTCTCTATATCAAAGCAGCA_001,121
CTCTCTATATCAAAGCAGCA_002,7
CTCTCTATATCAAAGCAGCA_003,158
CTCTCTATATCAAAGCAGCA_004,133
CTCTCTATATCAAAGCAGCA_005,31
CTCTCTATATCAAAGCAGCA_006,122
CTCTCTATATCAAAGCAGCA_007,150
CTCTCTATATCAAAGCAGCA_008,44
CTCTCTATATCAAAGCAGCA_009,141
CTCTCTATATCAAAGCAGCA_010,25
CTCTCTATATCAAAGCAGCA_011,84
GACAAGCCGACCCACGCTGG_001,41
GACAAGCCGACCCACGCTGG_002,175
GACAAGCCGACCCACGCTGG_003,63
GACAAGCCGACCCACGCTGG_004,182
GACAAGCCGACCCACGCTGG_005,162
GACAAGCCGACCCACGCTGG_006,29
GACAAGCCGACCCACGCTGG_007,137
GACAAGCCGACCCACGCTGG_008,32
GACAAGCCGACCCACGCTGG_009,8
GACAAGCCGACCCACGCTGG_010,147
GACAAGCCGACCCACGCTGG_011,78
GACAAGCCGACCCACGCTGG_012,161
GACAAGCCGACCCACGCTGG_013,175
GACAAGCCGACCCACGCTGG_014,159
GACAAGCCGACCCACGCTGG_015,132
GACAAGCCGACCCACGCTGG_016,166
GACAAGCCGACCCACGCTGG_017,49
GACAAGCCGACCCACGCTGG_018,191
GACAAGCCGACCCACGCTGG_019,82
GACAAGCCGACCCACGCTGG_020,31
GACAAGCCGACCCACGCTGG_021,63
GACAAGCCGACCCACGCTGG_022,50
GACAAGCCGACCCACGCTGG_023,9
GACAAGCCGACCCACGCTGG_024,150
GACAAGCCGACCCACGCTGG_025,74
GACAAGCCGACCCACGCTGG_026,6
GACAAGCCGACCCACGCTGG_027,180
GACAAGCCGACCCACGCTGG_028,136
GACAAGCCGACCCACGCTGG_029,192
GACAAGCCGACCCACGCTGG_030,26
GCGGGGCGGTGACTTTCAAG_001,182
GCGGGGCGGTGACTTTCAAG_002,58
GCGGGGCGGTGACTTTCAAG_003,121
GCGGGGCGGTGACTTTCAAG_004,104
GCGGGGCGGTGACTTTCAAG_005,189
GCGGGGCGGTGACTTTCAAG_006,2
GCGGGGCGGTGACTTTCAAG_007,125
GCGGGGCGGTGACTTTCAAG_008,166
GCGGGGCGGTGACTTTCAAG_009,19
GCGGGGCGGTGACTTTCAAG_010,34
AGATGGCATATGTCTCGAAG_001,65
GGGCACTGTGGGCTATCGTG_001,4
GGGCACTGTGGGCTATCGTG_002,120
ATCTACGAGAACACACGTGA_001,24
ATCTACGAGAACACACGTGA_002,191
ATCTACGAGAACACACGTGA_003,123
ATCTACGAGAACACACGTGA_004,124
ATCTACGAGAACACACGTGA_005,65
ATCTACGAGAACACACGTGA_006,29
ATCTACGAGAACACACGTGA_007,17
ATCTACGAGAACACACGTGA_008,68
ATCTACGAGAACACACGTGA_009,98
ATCTACGAGAACACACGTGA_010,160
ATCTACGAGAACACACGTGA_011,63
ATCTACGAGAACACACGTGA_012,176
GGAACTCCTAATCCACTGGA_001,172
GGAACTCCTAATCCACTGGA_002,124
GGAACTCCTAATCCACTGGA_003,81
GGAACTCCTAATCCACTGGA_004,145
GGAACTCCTAATCCACTGGA_005,106
GGAACTCCTAATCCACTGGA_006,172
GGAACTCCTAATCCACTGGA_007,160
GGAACTCCTAATCCACTGGA_008,13
GGAACTCCTAATCCACTGGA_009,116
GGAACTCCTAATCCACTGGA_010,63
GAGTCTTGAAATCTGGCCCG_001,161
GAGTCTTGAAATCTGGCCCG_002,32
GAGTCTTGAAATCTGGCCCG_003,113
GAGTCTTGAAATCTGGCCCG_004,114
TCGGTCGCTCGCCAAAGAGG_001,17
TCGGTCGCTCGCCAAAGAGG_002,184
TCGGTCGCTCGCCAAAGAGG_003,93
TCGGTCGCTCGCCAAAGAGG_004,188
TCGGTCGCTCGCCAAAGAGG_005,12
TCGGTCGCTCGCCAAAGAGG_006,160
TCGGTCGCTCGCCAAAGAGG_007,98
TCGGTCGCTCGCCAAAGAGG_008,141
TCGGTCGCTCGCCAAAGAGG_009,188
TCGGTCGCTCGCCAAAGAGG_010,44
TCGGTCGCTCGCCAAAGAGG_011,159
GCTACAACCACTGAGCGTGC_001,112
GCTACAACCACTGAGCGTGC_002,83
GCTGGGCGAAGCCGATGAAG_001,145
GCTGGGCGAAGCCGATGAAG_002,166
GCTGGGCGAAGCCGATGAAG_003,13
GCTGGGCGAAGCCGATGAAG_004,10
GCTGGGCGAAGCCGATGAAG_005,63
GCTGGGCGAAGCCGATGAAG_006,106
AATATGGTTTCACTCAGCTG_001,15
AATATGGTTTCACTCAGCTG_002,149
AATATGGTTTCACTCAGCTG_003,48
AATATGGTTTCACTCAGCTG_004,159
AATATGGTTTCACTCAGCTG_005,154
AATATGGTTTCACTCAGCTG_006,130
AATATGGTTTCACTCAGCTG_007,19
AATATGGTTTCACTCAGCTG_008,19
AATATGGTTTCACTCAGCTG_009,169
AATATGGTTTCACTCAGCTG_010,135
AATATGGTTTCACTCAGCTG_011,28
AATATGGTTTCACTCAGCTG_012,42
AATATGGTTTCACTCAGCTG_013,10
ATGAGTGAAGAGGCTAAGCG_001,58
ATGAGTGAAGAGGCTAAGCG_002,125
ATGAGTGAAGAGGCTAAGCG_003,115
ATGAGTGAAGAGGCTAAGCG_004,188
ATGAGTGAAGAGGCTAAGCG_005,169
ATGAGTGAAGAGGCTAAGCG_006,6
ATGAGTGAAGAGGCTAAGCG_007,142
ATGAGTGAAGAGGCTAAGCG_008,78
ATGAGTGAAGAGGCTAAGCG_009,59
ATGAGTGAAGAGGCTAAGCG_010,32
ATGAGTGAAGAGGCTAAGCG_011,132
ATGAGTGAAGAGGCTAAGCG_012,150
ATGAGTGAAGAGGCTAAGCG_013,2
ATGAGTGAAGAGGCTAAGCG_014,66
CTGCAGGATAGCATGGACAC_001,106
CTGCAGGATAGCATGGACAC_002,102
CTGCAGGATAGCATGGACAC_003,150
CTGCAGGATAGCATGGACAC_004,175
CTGCAGGATAGCATGGACAC_005,35
CTGCAGGATAGCATGGACAC_006,65
CTGCAGGATAGCATGGACAC_007,169
CTGCAGGATAGCATGGACAC_008,178
CTGCAGGATAGCATGGACAC_009,36
CTGCAGGATAGCATGGACAC_010,77
CTGCAGGATAGCATGGACAC_011,166
CTGCAGGATAGCATGGACAC_012,50
CTGCAGGATAGCATGGACAC_013,41
TTCTCTAGATTACACTCCTG_001,139
TTCTCTAGATTACACTCCTG_002,185
AACCACTATGGTAATGAATG_001,70
AACCACTATGGTAATGAATG_002,145
AACCACTATGGTAATGAATG_003,76
AACCACTATGGTAATGAATG_004,70
ATTAGCACGGCGACCTTCTA_001,81
ATTAGCACGGCGACCTTCTA_002,19
ATTAGCACGGCGACCTTCTA_003,170
ATTAGCACGGCGACCTTCTA_004,75
ATTAGCACGGCGACCTTCTA_005,109
ATTAGCACGGCGACCTTCTA_006,105
ATTAGCACGGCGACCTTCTA_007,105
ATTAGCACGGCGACCTTCTA_008,173
ATTAGCACGGCGACCTTCTA_009,47
ATTAGCACGGCGACCTTCTA_010,17
ATTAGCACGGCGACCTTCTA_011,40
ATTAGCACGGCGACCTTCTA_012,62
ATTAGCACGGCGACCTTCTA_013,31
ATTAGCACGGCGACCTTCTA_014,190
ATTAGCACGGCGACCTTCTA_015,121
ATTAGCACGGCGACCTTCTA_016,9
ATTAGCACGGCGACCTTCTA_017,184
ATTAGCACGGCGACCTTCTA_018,53
ATTAGCACGGCGACCTTCTA_019,15
ATTAGCACGGCGACCTTCTA_020,188
ATTAGCACGGCGACCTTCTA_021,4
ATTAGCACGGCGACCTTCTA_022,175
ATTAGCACGGCGACCTTCTA_023,143
ATTAGCACGGCGACCTTCTA_024,132
ATTAGCACGGCGACCTTCTA_025,78
ATTAGCACGGCGACCTTCTA_026,41
ATTAGCACGGCGACCTTCTA_027,13
ATTAGCACGGCGACCTTCTA_028,27
CTGCACCCTGATATACAGCA_001,130
CTGCACCCTGATATACAGCA_002,58
GAGCATTAACAGCGCATTCG_001,65
GAGCATTAACAGCGCATTCG_002,62
GAGCATTAACAGCGCATTCG_003,60
GAGCATTAACAGCGCATTCG_004,35
GAGCATTAACAGCGCATTCG_005,28
GAGCATTAACAGCGCATTCG_006,21
GAGCATTAACAGCGCATTCG_007,187
GAGCATTAACAGCGCATTCG_008,14
GAGCATTAACAGCGCATTCG_009,188
GAGCATTAACAGCGCATTCG_010,65
GAGCATTAACAGCGCATTCG_011,17
GAGCATTAACAGCGCATTCG_012,83
GAGCATTAACAGCGCATTCG_013,158
GAGCATTAACAGCGCATTCG_014,108
GAGCATTAACAGCGCATTCG_015,118
ACTTCTTGGACCCTATGTGG_001,9
ACTTCTTGGACCCTATGTGG_002,188
ACTTCTTGGACCCTATGTGG_003,183
ACTTCTTGGACCCTATGTGG_004,76
ACTTCTTGGACCCTATGTGG_005,88
ACTTCTTGGACCCTATGTGG_006,173
GAACATCATCAATAGCTCCG_001,133
GAACATCATCAATAGCTCCG_002,57
GAACATCATCAATAGCTCCG_003,87
GAACATCATCAATAGCTCCG_004,35
GAACATCATCAATAGCTCCG_005,105
GAACATCATCAATAGCTCCG_006,146
GAACATCATCAATAGCTCCG_007,63
GGCTGCACAATGACGGACCG_001,168
GGCTGCACAATGACGGACCG_002,48
GGCTGCACAATGACGGACCG_003,105
GGCTGCACAATGACGGACCG_004,8
GGCTGCACAATGACGGACCG_005,82
GGCTGCACAATGACGGACCG_006,70
GGCTGCACAATGACGGACCG_007,7
GGCTGCACAATGACGGACCG_008,195
GGCTGCACAATGACGGACCG_009,80
GGCTGCACAATGACGGACCG_010,45
GGCTGCACAATGACGGACCG_011,42
GGCTGCACAATGACGGACCG_012,70
GGCTGCACAATGACGGACCG_013,81
GGCTGCACAATGACGGACCG_014,94
GGCTGCACAATGACGGACCG_015,81
GGCTGCACAATGACGGACCG_016,49
GGCTGCACAATGACGGACCG_017,182
GGCTGCACAATGACGGACCG_018,127
GGCTGCACAATGACGGACCG_019,47
GGCTGCACAATGACGGACCG_020,197
GGCTGCACAATGACGGACCG_021,92
CTACGACCGGCACCTTTGGG_001,61
CTACGACCGGCACCTTTGGG_002,35
CTACGACCGGCACCTTTGGG_003,67
CTACGACCGGCACCTTTGGG_004,134
CTACGACCGGCACCTTTGGG_005,30
CTACGACCGGCACCTTTGGG_006,150
CTACGACCGGCACCTTTGGG_007,16
CTACGACCGGCACCTTTGGG_008,30
GGCATCTGAAACACACACCG_001,105
GGCATCTGAAACACACACCG_002,168
GGCATCTGAAACACACACCG_003,18
TTCCCGATCATCGCTCAAAG_001,199
TTCCCGATCATCGCTCAAAG_002,13
TTCCCGATCATCGCTCAAAG_003,44
TTCCCGATCATCGCTCAAAG_004,38
TTCCCGATCATCGCTCAAAG_005,134
GTGGATGACTGTCTTCCGTA_001,192
GTGGATGACTGTCTTCCGTA_002,69
GTGGATGACTGTCTTCCGTA_003,164
GTGGATGACTGTCTTCCGTA_004,44
GTGGATGACTGTCTTCCGTA_005,153
CTTCAGGCACAACTTAACAT_001,103
CTTCAGGCACAACTTAACAT_002,42
CTTCAGGCACAACTTAACAT_003,169
CTTCAGGCACAACTTAACAT_004,175
CTTCAGGCACAACTTAACAT_005,61
CTTCAGGCACAACTTAACAT_006,167
CTTCAGGCACAACTTAACAT_007,167
AGAGCGCACCGCAAACTCGG_001,128
AGAGCGCACCGCAAACTCGG_002,16
AGAGCGCACCGCAAACTCGG_003,45
AGAGCGCACCGCAAACTCGG_004,156
AGAGCGCACCGCAAACTCGG_005,101
AGAGCGCACCGCAAACTCGG_006,2
AGAGCGCACCGCAAACTCGG_007,157
AGAGCGCACCGCAAACTCGG_008,185
AGAGCGCACCGCAAACTCGG_009,197
AGAGCGCACCGCAAACTCGG_010,138
AGAGCGCACCGCAAACTCGG_011,2
AGAGCGCACCGCAAACTCGG_012,191
AGAGCGCACCGCAAACTCGG_013,31
AGAGCGCACCGCAAACTCGG_014,193
AGAGCGCACCGCAAACTCGG_015,183
AGAGCGCACCGCAAACTCGG_016,48
AGAGCGCACCGCAAACTCGG_017,105
AGAGCGCACCGCAAACTCGG_018,31
AGAGCGCACCGCAAACTCGG_019,116
AGAGCGCACCGCAAACTCGG_020,82
AGAGCGCACCGCAAACTCGG_021,41
AGAGCGCACCGCAAACTCGG_022,3
AGAGCGCACCGCAAACTCGG_023,69
AGAGCGCACCGCAAACTCGG_024,123
AGAGCGCACCGCAAACTCGG_025,12
AGAGCGCACCGCAAACTCGG_026,77
AGAGCGCACCGCAAACTCGG_027,66
AGAGCGCACCGCAAACTCGG_028,71
AGAGCGCACCGCAAACTCGG_029,190
AGAGCGCACCGCAAACTCGG_030,98
ATCACCATTAGATACACCCG_001,56
ATCACCATTAGATACACCCG_002,40
ATAGAAAGCAATGATAACAG_001,9
ATAGAAAGCAATGATAACAG_002,170
ATAGAAAGCAATGATAACAG_003,98
ATAGAAAGCAATGATAACAG_004,84
ATAGAAAGCAATGATAACAG_005,83
ATAGAAAGCAATGATAACAG_006,58
ATAGAAAGCAATGATAACAG_007,146
ATAGAAAGCAATGATAACAG_008,120
ATAGAAAGCAATGATAACAG_009,191
ATAGAAAGCAATGATAACAG_010,146
ATAGAAAGCAATGATAACAG_011,20
ATAGAAAGCAATGATAACAG_012,165
AGGAGAAATTAAGGCCACTG_001,114
AGGAGAAATTAAGGCCACTG_002,159
AGGAGAAATTAAGGCCACTG_003,27
AGGAGAAATTAAGGCCACTG_004,111
AGGAGAAATTAAGGCCACTG_005,16
AGGAGAAATTAAGGCCACTG_006,158
AGGAGAAATTAAGGCCACTG_007,69
AGGAGAAATTAAGGCCACTG_008,192
AGGAGAAATTAAGGCCACTG_009,184
AGGAGAAATTAAGGCCACTG_010,6
AGGAGAAATTAAGGCCACTG_011,149
AGGAGAAATTAAGGCCACTG_012,48
GTCTTCATGGAGGACGACCA_001,43
GTCTTCATGGAGGACGACCA_002,175
GTCTTCATGGAGGACGACCA_003,162
GTCTTCATGGAGGACGACCA_004,68
GTCTTCATGGAGGACGACCA_005,70
GTCTTCATGGAGGACGACCA_006,169
GTCTTCATGGAGGACGACCA_007,30
GTCTTCATGGAGGACGACCA_008,50
GTCTTCATGGAGGACGACCA_009,15
GTCTTCATGGAGGACGACCA_010,105
GTCTTCATGGAGGACGACCA_011,141
GTCTTCATGGAGGACGACCA_012,140
GTCTTCATGGAGGACGACCA_013,97
GTCTTCATGGAGGACGACCA_014,97
GTCTTCATGGAGGACGACCA_015,145
GTCTTCATGGAGGACGACCA_016,2
GTCTTCATGGAGGACGACCA_017,124
GTCTTCATGGAGGACGACCA_018,24
TGGTATGACGAAGGGTACAG_001,141
TGGTATGACGAAGGGTACAG_002,157
TGGTATGACGAAGGGTACAG_003,51
TGGTATGACGAAGGGTACAG_004,63
TGGTATGACGAAGGGTACAG_005,48
TGGTATGACGAAGGGTACAG_006,123
TGGTATGACGAAGGGTACAG_007,46
TGGTATGACGAAGGGTACAG_008,157
TGGTATGACGAAGGGTACAG_009,48
TGGTATGACGAAGGGTACAG_010,199
TTTGATAAAGAGCGCTTACG_001,195
TTTGATAAAGAGCGCTTACG_002,24
TTTGATAAAGAGCGCTTACG_003,140
TTTGATAAAGAGCGCTTACG_004,7
TTTGATAAAGAGCGCTTACG_005,168
GGAGTGAGCACACACTCGGG_001,154
GGAGTGAGCACACACTCGGG_002,89
GGAGTGAGCACACACTCGGG_003,66
GGAGTGAGCACACACTCGGG_004,100
GGAGTGAGCACACACTCGGG_005,141
CCGGTGTACCTCAAACAGGC_001,80
CCGGTGTACCTCAAACAGGC_002,134
CCGGTGTACCTCAAACAGGC_003,67
CCGGTGTACCTCAAACAGGC_004,124
CCGGTGTACCTCAAACAGGC_005,49
CCGGTGTACCTCAAACAGGC_006,11
AGGTCCCAAGACCACAAAGT_001,97
AGGTCCCAAGACCACAAAGT_002,100
AGGTCCCAAGACCACAAAGT_003,134
AGGTCCCAAGACCACAAAGT_004,178
AGGTCCCAAGACCACAAAGT_005,15
AGGTCCCAAGACCACAAAGT_006,13
AGGTCCCAAGACCACAAAGT_007,132
ATTGGCAGAGGAGTTAAACA_001,63
ATTGGCAGAGGAGTTAAACA_002,42
ATTGGCAGAGGAGTTAAACA_003,142
ATTGGCAGAGGAGTTAAACA_004,175
TCCCACCATAAGAACCCCAG_001,67
TCCCACCATAAGAACCCCAG_002,162
TCCCACCATAAGAACCCCAG_003,156
TCCCACCATAAGAACCCCAG_004,2
TCCCACCATAAGAACCCCAG_005,8
TCCCACCATAAGAACCCCAG_006,169
TCCCACCATAAGAACCCCAG_007,147
TCCCACCATAAGAACCCCAG_008,75
TCCCACCATAAGAACCCCAG_009,197
TCCCACCATAAGAACCCCAG_010,56
TCCCACCATAAGAACCCCAG_011,55
TCCCACCATAAGAACCCCAG_012,66
TCCCACCATAAGAACCCCAG_013,27
GACGAGGGCGAGTCGCTGCG_001,105
GACGAGGGCGAGTCGCTGCG_002,199
GACGAGGGCGAGTCGCTGCG_003,169
GACGAGGGCGAGTCGCTGCG_004,45
GACGAGGGCGAGTCGCTGCG_005,172
GACGAGGGCGAGTCGCTGCG_006,133
GACGAGGGCGAGTCGCTGCG_007,82
GACGAGGGCGAGTCGCTGCG_008,169
GACGAGGGCGAGTCGCTGCG_009,4
GACGAGGGCGAGTCGCTGCG_010,104
GACGAGGGCGAGTCGCTGCG_011,1
GACGAGGGCGAGTCGCTGCG_012,16
GACGAGGGCGAGTCGCTGCG_013,188
GACGAGGGCGAGTCGCTGCG_014,163
GACGAGGGCGAGTCGCTGCG_015,102
GACGAGGGCGAGTCGCTGCG_016,142
GACGAGGGCGAGTCGCTGCG_017,33
GACGAGGGCGAGTCGCTGCG_018,69
GACGAGGGCGAGTCGCTGCG_019,49
GACGAGGGCGAGTCGCTGCG_020,113
GACGAGGGCGAGTCGCTGCG_021,84
GACGAGGGCGAGTCGCTGCG_022,169
GACGAGGGCGAGTCGCTGCG_023,38
GACGAGGGCGAGTCGCTGCG_024,168
GACGAGGGCGAGTCGCTGCG_025,124
GACGAGGGCGAGTCGCTGCG_026,197
GACGAGGGCGAGTCGCTGCG_027,185
GACGAGGGCGAGTCGCTGCG_028,54
GACGAGGGCGAGTCGCTGCG_029,157
GACGAGGGCGAGTCGCTGCG_030,65
GACGAGGGCGAGTCGCTGCG_031,60
GACGAGGGCGAGTCGCTGCG_032,25
GACGAGGGCGAGTCGCTGCG_033,169
GACGAGGGCGAGTCGCTGCG_034,198
GACGAGGGCGAGTCGCTGCG_035,131
GACGAGGGCGAGTCGCTGCG_036,171
GACGAGGGCGAGTCGCTGCG_037,148
GACGAGGGCGAGTCGCTGCG_038,128
GACGAGGGCGAGTCGCTGCG_039,113
GACGAGGGCGAGTCGCTGCG_040,188
GACGAGGGCGAGTCGCTGCG_041,27
GACGAGGGCGAGTCGCTGCG_042,142
GACGAGGGCGAGTCGCTGCG_043,188
GACGAGGGCGAGTCGCTGCG_044,37
GACGAGGGCGAGTCGCTGCG_045,131
GACGAGGGCGAGTCGCTGCG_046,125
GACGAGGGCGAGTCGCTGCG_047,81
GACGAGGGCGAGTCGCTGCG_048,144
GACGAGGGCGAGTCGCTGCG_049,182
AGAGGACACCTGATACTTCG_001,172
AGAGGACACCTGATACTTCG_002,49
AGAGGACACCTGATACTTCG_003,197
CACAGCTTAGGGGCATCACA_001,49
CACAGCTTAGGGGCATCACA_002,51
CACAGCTTAGGGGCATCACA_003,157
CACAGCTTAGGGGCATCACA_004,76
CACAGCTTAGGGGCATCACA_005,97
CACAGCTTAGGGGCATCACA_006,115
CACAGCTTAGGGGCATCACA_007,77
CACAGCTTAGGGGCATCACA_008,149
CACAGCTTAGGGGCATCACA_009,1
CACAGCTTAGGGGCATCACA_010,83
CACAGCTTAGGGGCATCACA_011,198
CACAGCTTAGGGGCATCACA_012,77
CACAGCTTAGGGGCATCACA_013,169
CACAGCTTAGGGGCATCACA_014,194
CACAGCTTAGGGGCATCACA_015,48
CACAGCTTAGGGGCATCACA_016,9
CACAGCTTAGGGGCATCACA_017,82
CACAGCTTAGGGGCATCACA_018,29
CACAGCTTAGGGGCATCACA_019,155
CACAGCTTAGGGGCATCACA_020,104
GGCGACGCCATCAGTCCCCG_001,29
GGCGACGCCATCAGTCCCCG_002,183
GGCGACGCCATCAGTCCCCG_003,57
GGCGACGCCATCAGTCCCCG_004,198
GGCGACGCCATCAGTCCCCG_005,82
GGCGACGCCATCAGTCCCCG_006,22
GGCGACGCCATCAGTCCCCG_007,144
GGCGACGCCATCAGTCCCCG_008,102
GGCGACGCCATCAGTCCCCG_009,113
GGCGACGCCATCAGTCCCCG_010,180
GGCGACGCCATCAGTCCCCG_011,113
GGCGACGCCATCAGTCCCCG_012,160
GGCGACGCCATCAGTCCCCG_013,88
GGCGACGCCATCAGTCCCCG_014,1
GGCGACGCCATCAGTCCCCG_015,198
TGAAGATGCGAGATATTGCT_001,52
TGAAGATGCGAGATATTGCT_002,122
TGAAGTGGGGCGTCGGACAC_001,29
TGAAGTGGGGCGTCGGACAC_002,49
TGAAGTGGGGCGTCGGACAC_003,8
TGAAGTGGGGCGTCGGACAC_004,23
TGAAGTGGGGCGTCGGACAC_005,72
TGAAGTGGGGCGTCGGACAC_006,15
TGAAGTGGGGCGTCGGACAC_007,70
TGAAGTGGGGCGTCGGACAC_008,62
TGAAGTGGGGCGTCGGACAC_009,119
TGAAGTGGGGCGTCGGACAC_010,8
TGAAGTGGGGCGTCGGACAC_011,117
TGAAGTGGGGCGTCGGACAC_012,9
TGAAGTGGGGCGTCGGACAC_013,29
TGAAGTGGGGCGTCGGACAC_014,149
TGAAGTGGGGCGTCGGACAC_015,94
TGAAGTGGGGCGTCGGACAC_016,172
TGAAGTGGGGCGTCGGACAC_017,113
TGAAGTGGGGCGTCGGACAC_018,179
TGAAGTGGGGCGTCGGACAC_019,174
TGAAGTGGGGCGTCGGACAC_020,158
TGAAGTGGGGCGTCGGACAC_021,148
TGAAGTGGGGCGTCGGACAC_022,28
TGAAGTGGGGCGTCGGACAC_023,8
TGAAGTGGGGCGTCGGACAC_024,120
TGAAGTGGGGCGTCGGACAC_025,195
TGAAGTGGGGCGTCGGACAC_026,1
TGAAGTGGGGCGTCGGACAC_027,58
TGAAGTGGGGCGTCGGACAC_028,123
TGAAGTGGGGCGTCGGACAC_029,19
TGAAGTGGGGCGTCGGACAC_030,184
TGAAGTGGGGCGTCGGACAC_031,78
TGAAGTGGGGCGTCGGACAC_032,9
TGAAGTGGGGCGTCGGACAC_033,168
TACATTCTCTCAGTACACTG_001,127
TACATTCTCTCAGTACACTG_002,43
TACATTCTCTCAGTACACTG_003,52
TACATTCTCTCAGTACACTG_004,11
TACATTCTCTCAGTACACTG_005,166
TACATTCTCTCAGTACACTG_006,148
TACATTCTCTCAGTACACTG_007,118
AAGCTTCCCTATGCGTGCCG_001,147
AAGCTTCCCTATGCGTGCCG_002,106
AAGCTTCCCTATGCGTGCCG_003,84
AAGCTTCCCTATGCGTGCCG_004,82
AAGCTTCCCTATGCGTGCCG_005,146
AAGCTTCCCTATGCGTGCCG_006,95
AAGCTTCCCTATGCGTGCCG_007,142
AAGCTTCCCTATGCGTGCCG_008,15
AAGCTTCCCTATGCGTGCCG_009,62
AAGCTTCCCTATGCGTGCCG_010,190
AAGCTTCCCTATGCGTGCCG_011,92
AAGCTTCCCTATGCGTGCCG_012,28
AAGCTTCCCTATGCGTGCCG_013,168
AAGCTTCCCTATGCGTGCCG_014,144
AAGCTTCCCTATGCGTGCCG_015,157
AAGCTTCCCTATGCGTGCCG_016,147
AAGCTTCCCTATGCGTGCCG_017,131
AAGCTTCCCTATGCGTGCCG_018,147
TTAACCGAATTCCTCATGGG_001,113
TTAACCGAATTCCTCATGGG_002,32
TTAACCGAATTCCTCATGGG_003,146
TTAACCGAATTCCTCATGGG_004,49
TTAACCGAATTCCTCATGGG_005,130
TTAACCGAATTCCTCATGGG_006,138
TTAACCGAATTCCTCATGGG_007,63
TTAACCGAATTCCTCATGGG_008,2
TTAACCGAATTCCTCATGGG_009,65
TTAACCGAATTCCTCATGGG_010,146
TTGATGTAGGTCATCTGGCA_001,11
TTGATGTAGGTCATCTGGCA_002,60
TTGATGTAGGTCATCTGGCA_003,181
TTGATGTAGGTCATCTGGCA_004,177
TTGATGTAGGTCATCTGGCA_005,150
TTGATGTAGGTCATCTGGCA_006,61
TTGATGTAGGTCATCTGGCA_007,63
TTGATGTAGGTCATCTGGCA_008,130
TTGATGTAGGTCATCTGGCA_009,26
TTGATGTAGGTCATCTGGCA_010,85
TTGATGTAGGTCATCTGGCA_011,1
TTGATGTAGGTCATCTGGCA_012,2
CCTGCTCCACGACCCCCCCG_001,82
CCTGCTCCACGACCCCCCCG_002,8
CCTGCTCCACGACCCCCCCG_003,121
CCTGCTCCACGACCCCCCCG_004,73
CCTGCTCCACGACCCCCCCG_005,147
CCTGCTCCACGACCCCCCCG_006,70
CCTGCTCCACGACCCCCCCG_007,5
CCTGCTCCACGACCCCCCCG_008,115
CCTGCTCCACGACCCCCCCG_009,194
CCTGCTCCACGACCCCCCCG_010,183
CCTGCTCCACGACCCCCCCG_011,198
CCTGCTCCACGACCCCCCCG_012,113
CCTGCTCCACGACCCCCCCG_013,67
CCTGCTCCACGACCCCCCCG_014,104
CCTGCTCCACGACCCCCCCG_015,69
CCTGCTCCACGACCCCCCCG_016,185
CCTGCTCCACGACCCCCCCG_017,47
CCTGCTCCACGACCCCCCCG_018,184
CCTGCTCCACGACCCCCCCG_019,81
CCTGCTCCACGACCCCCCCG_020,58
CCTGCTCCACGACCCCCCCG_021,84
CCTGCTCCACGACCCCCCCG_022,124
CCTGCTCCACGACCCCCCCG_023,174
CCTGCTCCACGACCCCCCCG_024,174
CCTGCTCCACGACCCCCCCG_025,34
CCTGCTCCACGACCCCCCCG_026,133
CCTGCTCCACGACCCCCCCG_027,146
CCTGCTCCACGACCCCCCCG_028,105
CCTGCTCCACGACCCCCCCG_029,35
CCTGCTCCACGACCCCCCCG_030,177
CCTGCTCCACGACCCCCCCG_031,197
CCTGCTCCACGACCCCCCCG_032,172
CCTGCTCCACGACCCCCCCG_033,153
CCTGCTCCACGACCCCCCCG_034,191
CCTGCTCCACGACCCCCCCG_035,57
CCTGCTCCACGACCCCCCCG_036,177
CCTGCTCCACGACCCCCCCG_037,119
CCTGCTCCACGACCCCCCCG_038,46
CCTGCTCCACGACCCCCCCG_039,142
CCTGCTCCACGACCCCCCCG_040,56
CCTGCTCCACGACCCCCCCG_041,136
CCTGCTCCACGACCCCCCCG_042,104
CCTGCTCCACGACCCCCCCG_043,135
GACGCTACATTAAACGTTGG_001,60
GACGCTACATTAAACGTTGG_002,105
GACGCTACATTAAACGTTGG_003,96
GACGCTACATTAAACGTTGG_004,63
GACGCTACATTAAACGTTGG_005,113
GACGCTACATTAAACGTTGG_006,88
GACGCTACATTAAACGTTGG_007,10
GACGCTACATTAAACGTTGG_008,8
GACGCTACATTAAACGTTGG_009,172
GACGCTACATTAAACGTTGG_010,80
GACGCTACATTAAACGTTGG_011,178
GACGCTACATTAAACGTTGG_012,92
CTTGTCAATGTTAGTCACAA_001,15
CTTGTCAATGTTAGTCACAA_002,96
CTTGTCAATGTTAGTCACAA_003,140
CTTGTCAATGTTAGTCACAA_004,191
CTTGTCAATGTTAGTCACAA_005,148
CTTGTCAATGTTAGTCACAA_006,1
CTTGTCAATGTTAGTCACAA_007,59
CACGCCAACTAAAACTGCAG_001,149
CACGCCAACTAAAACTGCAG_002,177
CACGCCAACTAAAACTGCAG_003,198
CACGCCAACTAAAACTGCAG_004,84
CACGCCAACTAAAACTGCAG_005,96
CACGCCAACTAAAACTGCAG_006,137
CACGCCAACTAAAACTGCAG_007,49
CACGCCAACTAAAACTGCAG_008,71
CACGCCAACTAAAACTGCAG_009,115
CACGCCAACTAAAACTGCAG_010,102
CACGCCAACTAAAACTGCAG_011,52
CACGCCAACTAAAACTGCAG_012,80
CACGCCAACTAAAACTGCAG_013,115
CACGCCAACTAAAACTGCAG_014,188
CACGCCAACTAAAACTGCAG_015,12
CACGCCAACTAAAACTGCAG_016,81
CACGCCAACTAAAACTGCAG_017,125
CACGCCAACTAAAACTGCAG_018,82
CACGCCAACTAAAACTGCAG_019,144
CACGCCAACTAAAACTGCAG_020,137
CACGCCAACTAAAACTGCAG_021,160
CACGCCAACTAAAACTGCAG_022,184
CACGCCAACTAAAACTGCAG_023,196
CACGCCAACTAAAACTGCAG_024,188
CACGCCAACTAAAACTGCAG_025,162
CACGCCAACTAAAACTGCAG_026,141
AAGATAGTGATGTTGATCTG_001,58
AAGATAGTGATGTTGATCTG_002,15
AAGATAGTGATGTTGATCTG_003,113
AAGATAGTGATGTTGATCTG_004,194
AAGATAGTGATGTTGATCTG_005,97
AAGATAGTGATGTTGATCTG_006,190
TGTTCAAAACCAAGGAACTG_001,38
TGTTCAAAACCAAGGAACTG_002,133
TGTTCAAAACCAAGGAACTG_003,3
TGTTCAAAACCAAGGAACTG_004,12
TGTTCAAAACCAAGGAACTG_005,1
TGTTCAAAACCAAGGAACTG_006,107
TGTTCAAAACCAAGGAACTG_007,12
TGTTCAAAACCAAGGAACTG_008,179
TGTTCAAAACCAAGGAACTG_009,127
TGTTCAAAACCAAGGAACTG_010,17
TGTTCAAAACCAAGGAACTG_011,6
ATGCATCACACCTTGCACGA_001,199
ATGCATCACACCTTGCACGA_002,35
ATGCATCACACCTTGCACGA_003,11
ATGCATCACACCTTGCACGA_004,123
ATGCATCACACCTTGCACGA_005,17
ATGCATCACACCTTGCACGA_006,141
ATGCATCACACCTTGCACGA_007,176
ATGCATCACACCTTGCACGA_008,63
ATGCATCACACCTTGCACGA_009,188
ATGCATCACACCTTGCACGA_010,45
ATGCATCACACCTTGCACGA_011,149
ATGCATCACACCTTGCACGA_012,48
ATGCATCACACCTTGCACGA_013,127
ATGCATCACACCTTGCACGA_014,193
ATGCATCACACCTTGCACGA_015,162
ATGCATCACACCTTGCACGA_016,190
ATGCATCACACCTTGCACGA_017,88
ATGCATCACACCTTGCACGA_018,84
ATGCATCACACCTTGCACGA_019,149
ATGCATCACACCTTGCACGA_020,197
ATGCATCACACCTTGCACGA_021,197
ATGCATCACACCTTGCACGA_022,133
ATGCATCACACCTTGCACGA_023,98
ATGCATCACACCTTGCACGA_024,150
ATGCATCACACCTTGCACGA_025,91
ATGCATCACACCTTGCACGA_026,115
ATGCATCACACCTTGCACGA_027,150
ATGCATCACACCTTGCACGA_028,97
ATGCATCACACCTTGCACGA_029,97
ATGCATCACACCTTGCACGA_030,81
ATGCATCACACCTTGCACGA_031,27
ATGCATCACACCTTGCACGA_032,113
ATGCATCACACCTTGCACGA_033,140
ATGCATCACACCTTGCACGA_034,91
ATGCATCACACCTTGCACGA_035,81
ATGCATCACACCTTGCACGA_036,84
ATGCATCACACCTTGCACGA_037,144
ATGCATCACACCTTGCACGA_038,27
ATGCATCACACCTTGCACGA_039,56
ATGCATCACACCTTGCACGA_040,69
ATGCATCACACCTTGCACGA_041,47
ATGCATCACACCTTGCACGA_042,111
ATGCATCACACCTTGCACGA_043,140
TCACGCTCAGAGATTCGCCT_001,94
TCACGCTCAGAGATTCGCCT_002,105
TCACGCTCAGAGATTCGCCT_003,137
TCACGCTCAGAGATTCGCCT_004,8
TCACGCTCAGAGATTCGCCT_005,67
TCACGCTCAGAGATTCGCCT_006,159
TCACGCTCAGAGATTCGCCT_007,83
TCACGCTCAGAGATTCGCCT_008,199
GCATGGAGATGACCCGCAGG_001,190
GCATGGAGATGACCCGCAGG_002,145
GCATGGAGATGACCCGCAGG_003,102
TGCTCACGGGGTCTTCGGAG_001,42
TGCTCACGGGGTCTTCGGAG_002,69
TGCTCACGGGGTCTTCGGAG_003,27
TGCTCACGGGGTCTTCGGAG_004,151
TGCTCACGGGGTCTTCGGAG_005,96
TGCTCACGGGGTCTTCGGAG_006,67
TGCTCACGGGGTCTTCGGAG_007,137
TGCTCACGGGGTCTTCGGAG_008,161
TGCTCACGGGGTCTTCGGAG_009,160
TGCTCACGGGGTCTTCGGAG_010,197
TGCTCACGGGGTCTTCGGAG_011,66
TGCTCACGGGGTCTTCGGAG_012,94
TGCTCACGGGGTCTTCGGAG_013,169
TGCTCACGGGGTCTTCGGAG_014,171
TGCTCACGGGGTCTTCGGAG_015,177
TGCTCACGGGGTCTTCGGAG_016,198
AGGGGTACACAAATAGCACA_001,1
AGGGGTACACAAATAGCACA_002,51
AGGGGTACACAAATAGCACA_003,127
AGGGGTACACAAATAGCACA_004,175
AGGGGTACACAAATAGCACA_005,56
AGGGGTACACAAATAGCACA_006,61
AGGGGTACACAAATAGCACA_007,177
AGGGGTACACAAATAGCACA_008,182
AGGGGTACACAAATAGCACA_009,29
AGGGGTACACAAATAGCACA_010,176
AGGGGTACACAAATAGCACA_011,176
AGGGGTACACAAATAGCACA_012,77
TGGGGACTAGTCTCAAAACA_001,49
TGGGGACTAGTCTCAAAACA_002,188
TGGGGACTAGTCTCAAAACA_003,192
TGGGGACTAGTCTCAAAACA_004,172
TGGGGACTAGTCTCAAAACA_005,43
AGAAGAGCAGACCTCTGACA_001,0
AGAAGAGCAGACCTCTGACA_002,77
AGAAGAGCAGACCTCTGACA_003,39
AGAAGAGCAGACCTCTGACA_004,181
AGAAGAGCAGACCTCTGACA_005,189
AGAAGAGCAGACCTCTGACA_006,29
AGAAGAGCAGACCTCTGACA_007,108
AGAAGAGCAGACCTCTGACA_008,101
AGAAGAGCAGACCTCTGACA_009,18
AGAAGAGCAGACCTCTGACA_010,151
AGAAGAGCAGACCTCTGACA_011,20
AGAAGAGCAGACCTCTGACA_012,196
AGAAGAGCAGACCTCTGACA_013,49
AGAAGAGCAGACCTCTGACA_014,152
AGAAGAGCAGACCTCTGACA_015,40
ACCAAGATCAAAAGTTGTAA_001,0
CAGGAGGATGTTGGATGATG_001,60
CAGGAGGATGTTGGATGATG_002,174
CAGGAGGATGTTGGATGATG_003,9
CAGGAGGATGTTGGATGATG_004,135
CAGGAGGATGTTGGATGATG_005,181
CAGGAGGATGTTGGATGATG_006,68
CAGGAGGATGTTGGATGATG_007,160
AGGACAAGCTCTCGAAGTTG_001,148
AGGACAAGCTCTCGAAGTTG_002,88
AGGACAAGCTCTCGAAGTTG_003,69
AGGACAAGCTCTCGAAGTTG_004,115
AGGACAAGCTCTCGAAGTTG_005,36
GAGGTGCACTCCACACTCGT_001,137
GAGGTGCACTCCACACTCGT_002,19
GAGGTGCACTCCACACTCGT_003,2
GAGGTGCACTCCACACTCGT_004,62
GAGGTGCACTCCACACTCGT_005,48
GAGGTGCACTCCACACTCGT_006,149
GAGGTGCACTCCACACTCGT_007,19
GAGGTGCACTCCACACTCGT_008,60
GAGGTGCACTCCACACTCGT_009,90
TTAGAGTCACTAAGGAACTG_001,15
TTAGAGTCACTAAGGAACTG_002,34
TTAGAGTCACTAAGGAACTG_003,16
TTAGAGTCACTAAGGAACTG_004,158
TTAGAGTCACTAAGGAACTG_005,137
TTAGAGTCACTAAGGAACTG_006,68
CAGAATCTTTCACCAACGGT_001,129
CAGAATCTTTCACCAACGGT_002,12
CAGAATCTTTCACCAACGGT_003,130
CAGAATCTTTCACCAACGGT_004,169
CAGAATCTTTCACCAACGGT_005,10
CAGAATCTTTCACCAACGGT_006,68
CGCGTACCGTGTAGGTCTTG_001,192
CGCGTACCGTGTAGGTCTTG_002,93
CGCGTACCGTGTAGGTCTTG_003,30
CGCGTACCGTGTAGGTCTTG_004,188
CGCGTACCGTGTAGGTCTTG_005,91
CGCGTACCGTGTAGGTCTTG_006,58
CGGGAACTTAAAATTTACTG_001,83
CGGGAACTTAAAATTTACTG_002,43
CGGGAACTTAAAATTTACTG_003,141
CGGGAACTTAAAATTTACTG_004,162
AACAATCCATACCACAAGTG_001,174
AACAATCCATACCACAAGTG_002,190
AACAATCCATACCACAAGTG_003,187
AACAATCCATACCACAAGTG_004,192
AACAATCCATACCACAAGTG_005,29
AACAATCCATACCACAAGTG_006,164
AACAATCCATACCACAAGTG_007,84
AACAATCCATACCACAAGTG_008,174
TCACAAACCAGGTTGAACTG_001,2
TCACAAACCAGGTTGAACTG_002,102
TCACAAACCAGGTTGAACTG_003,28
TCACAAACCAGGTTGAACTG_004,149
TCACAAACCAGGTTGAACTG_005,105
TCACAAACCAGGTTGAACTG_006,130
TCACAAACCAGGTTGAACTG_007,30
TCACAAACCAGGTTGAACTG_008,82
TCACAAACCAGGTTGAACTG_009,177
TCACAAACCAGGTTGAACTG_010,94
TCACAAACCAGGTTGAACTG_011,48
TCACAAACCAGGTTGAACTG_012,180
AGAAGCTTCACCAAGGGACG_001,137
AGAAGCTTCACCAAGGGACG_002,33
AGAAGCTTCACCAAGGGACG_003,128
AGAAGCTTCACCAAGGGACG_004,5
AGAAGCTTCACCAAGGGACG_005,53
AGAAGCTTCACCAAGGGACG_006,84
AGAAGCTTCACCAAGGGACG_007,193
AGAAGCTTCACCAAGGGACG_008,39
AGAAGCTTCACCAAGGGACG_009,171
AGAAGCTTCACCAAGGGACG_010,65
AGAAGCTTCACCAAGGGACG_011,44
AGAAGCTTCACCAAGGGACG_012,29
AGAAGCTTCACCAAGGGACG_013,178
AGAAGCTTCACCAAGGGACG_014,111
AGAAGCTTCACCAAGGGACG_015,196
AGAAGCTTCACCAAGGGACG_016,47
GGCTCACGTCCATCGAGGAG_001,55
GGCTCACGTCCATCGAGGAG_002,158
GGCTCACGTCCATCGAGGAG_003,29
GGCTCACGTCCATCGAGGAG_004,171
GGCTCACGTCCATCGAGGAG_005,171
GGCTCACGTCCATCGAGGAG_006,184
GGCTCACGTCCATCGAGGAG_007,141
GGCTCACGTCCATCGAGGAG_008,69
GGCTCACGTCCATCGAGGAG_009,178
GGCTCACGTCCATCGAGGAG_010,98
GGCTCACGTCCATCGAGGAG_011,138
CTCCGCGCCAACGCTCCAGG_001,35
CTCCGCGCCAACGCTCCAGG_002,15
CTCCGCGCCAACGCTCCAGG_003,36
CTCCGCGCCAACGCTCCAGG_004,116
CTCCGCGCCAACGCTCCAGG_005,130
CTCCGCGCCAACGCTCCAGG_006,49
CTCCGCGCCAACGCTCCAGG_007,48
GTCAGAAATCATACGCACGC_001,89
CCTTCATCCGTGATACGCTG_001,35
CCTTCATCCGTGATACGCTG_002,124
TGGTGGCTGTCAGTCCACGC_001,175
TGGTGGCTGTCAGTCCACGC_002,103
TGGTGGCTGTCAGTCCACGC_003,199
TGGTGGCTGTCAGTCCACGC_004,58
TGGTGGCTGTCAGTCCACGC_005,86
TGGTGGCTGTCAGTCCACGC_006,58
TGGTGGCTGTCAGTCCACGC_007,183
TGGTGGCTGTCAGTCCACGC_008,29
TGGTGGCTGTCAGTCCACGC_009,40
TGGTGGCTGTCAGTCCACGC_010,177
TGGTGGCTGTCAGTCCACGC_011,0
TGGTGGCTGTCAGTCCACGC_012,57
TGGTGGCTGTCAGTCCACGC_013,89
TGGTGGCTGTCAGTCCACGC_014,43
TGGTGGCTGTCAGTCCACGC_015,162
TGGTGGCTGTCAGTCCACGC_016,192
CTTCCCGGTGTTAGAACCCA_001,169
CTTCCCGGTGTTAGAACCCA_002,77
CTTCCCGGTGTTAGAACCCA_003,20
TTCCCGGTCGAGCTCGACCA_001,171
TTCCCGGTCGAGCTCGACCA_002,199
TTCCCGGTCGAGCTCGACCA_003,129
TTCCCGGTCGAGCTCGACCA_004,69
TTCCCGGTCGAGCTCGACCA_005,148
TTCCCGGTCGAGCTCGACCA_006,198
ATATCAAAGGGATCATCTCG_001,122
ATATCAAAGGGATCATCTCG_002,71
ATATCAAAGGGATCATCTCG_003,149
ATATCAAAGGGATCATCTCG_004,115
ATATCAAAGGGATCATCTCG_005,178
ATATCAAAGGGATCATCTCG_006,17
ATATCAAAGGGATCATCTCG_007,176
GACAGTGAGCATATTTAACT_001,119
GACAGTGAGCATATTTAACT_002,106
TTTGGAGGACCCGATACTGG_001,191
TTTGGAGGACCCGATACTGG_002,41
TTTGGAGGACCCGATACTGG_003,147
TTTGGAGGACCCGATACTGG_004,162
TTTGGAGGACCCGATACTGG_005,118
TTTGGAGGACCCGATACTGG_006,42
TTTGGAGGACCCGATACTGG_007,155
TTTGGAGGACCCGATACTGG_008,89
TTTGGAGGACCCGATACTGG_009,147
TTTGGAGGACCCGATACTGG_010,144
TTTGGAGGACCCGATACTGG_011,9
TTTGGAGGACCCGATACTGG_012,79
TTTGGAGGACCCGATACTGG_013,102
TTTGGAGGACCCGATACTGG_014,14
TTTGGAGGACCCGATACTGG_015,187
TTTGGAGGACCCGATACTGG_016,46
TTTGGAGGACCCGATACTGG_017,115
TTTGGAGGACCCGATACTGG_018,176
TTTGGAGGACCCGATACTGG_019,197
TTTGGAGGACCCGATACTGG_020,193
TTTGGAGGACCCGATACTGG_021,17
TTTGGAGGACCCGATACTGG_022,169
TTTGGAGGACCCGATACTGG_023,130
TTTGGAGGACCCGATACTGG_024,56
TTTGGAGGACCCGATACTGG_025,166
TTTGGAGGACCCGATACTGG_026,63
TTTGGAGGACCCGATACTGG_027,183
TTTGGAGGACCCGATACTGG_028,70
TGCGTTCTTCACTAACGTTG_001,154
TGCGTTCTTCACTAACGTTG_002,49
TGCGTTCTTCACTAACGTTG_003,83
TGCGTTCTTCACTAACGTTG_004,102
TGCGTTCTTCACTAACGTTG_005,41
TGCGTTCTTCACTAACGTTG_006,170
TGCGTTCTTCACTAACGTTG_007,144
TGCGTTCTTCACTAACGTTG_008,112
TGCGTTCTTCACTAACGTTG_009,172
TGCGTTCTTCACTAACGTTG_010,150
TGCGTTCTTCACTAACGTTG_011,138
TGCGTTCTTCACTAACGTTG_012,28
TGCGTTCTTCACTAACGTTG_013,197
TGCGTTCTTCACTAACGTTG_014,88
TGCGTTCTTCACTAACGTTG_015,169
TGCGTTCTTCACTAACGTTG_016,77
ACAGGGAAGATACTCTGGCA_001,121
ACAGGGAAGATACTCTGGCA_002,43
ACAGGGAAGATACTCTGGCA_003,43
ACAGGGAAGATACTCTGGCA_004,197
ACAGGGAAGATACTCTGGCA_005,49
ACAGGGAAGATACTCTGGCA_006,56
AGCATGCACATGGTCCAGGT_001,128
AGCATGCACATGGTCCAGGT_002,19
AGCATGCACATGGTCCAGGT_003,2
AGCATGCACATGGTCCAGGT_004,23
AGCATGCACATGGTCCAGGT_005,187
AGCATGCACATGGTCCAGGT_006,9
AGCATGCACATGGTCCAGGT_007,1
AGCATGCACATGGTCCAGGT_008,199
AGCATGCACATGGTCCAGGT_009,17
AGCATGCACATGGTCCAGGT_010,61
CCAATTGCGTGAAAACACCC_001,173
CCAATTGCGTGAAAACACCC_002,48
CCAATTGCGTGAAAACACCC_003,105
CCAATTGCGTGAAAACACCC_004,34
CCAATTGCGTGAAAACACCC_005,50
TGGTAGGTATGTGATGGGGC_001,169
TGGTAGGTATGTGATGGGGC_002,127
TGGTAGGTATGTGATGGGGC_003,128
TGGTAGGTATGTGATGGGGC_004,149
TGGTAGGTATGTGATGGGGC_005,94
TGGTAGGTATGTGATGGGGC_006,57
TGGTAGGTATGTGATGGGGC_007,125
TGGTAGGTATGTGATGGGGC_008,56
TGGTAGGTATGTGATGGGGC_009,103
TGGTAGGTATGTGATGGGGC_010,180
TGGTAGGTATGTGATGGGGC_011,43
AATGTAGAAAGACGTTTAGG_001,117
AATGTAGAAAGACGTTTAGG_002,170
AATGTAGAAAGACGTTTAGG_003,72
AATGTAGAAAGACGTTTAGG_004,81
AATGTAGAAAGACGTTTAGG_005,145
AATGTAGAAAGACGTTTAGG_006,12
AGAAGGTGCGTTTCTTTACG_001,15
AGAAGGTGCGTTTCTTTACG_002,146
CTACCCCAGGAACTCTACTG_001,130
CTACCCCAGGAACTCTACTG_002,142
CTACCCCAGGAACTCTACTG_003,140
CTACCCCAGGAACTCTACTG_004,185
CTACCCCAGGAACTCTACTG_005,36
CTACCCCAGGAACTCTACTG_006,178
CTACCCCAGGAACTCTACTG_007,51
CTACCCCAGGAACTCTACTG_008,199
CTACCCCAGGAACTCTACTG_009,41
CTGATTAGATAAATAATCCA_001,35
CTGATTAGATAAATAATCCA_002,77
GCAGAGGCGTCTGAAGAGGA_001,136
GCAGAGGCGTCTGAAGAGGA_002,58
GCAGAGGCGTCTGAAGAGGA_003,146
GCAGAGGCGTCTGAAGAGGA_004,77
GCAGAGGCGTCTGAAGAGGA_005,170
GCAGAGGCGTCTGAAGAGGA_006,177
GTGGATGAAGCTATTAAGTG_001,121
GTGTCTGTGGATGGTATCCG_001,32
GTGTCTGTGGATGGTATCCG_002,76
GTGTCTGTGGATGGTATCCG_003,113
GTGTCTGTGGATGGTATCCG_004,50
GTGTCTGTGGATGGTATCCG_005,24
GTGTCTGTGGATGGTATCCG_006,121
GTGTCTGTGGATGGTATCCG_007,190
GTGTCTGTGGATGGTATCCG_008,6
GTGTCTGTGGATGGTATCCG_009,39
GTGTCTGTGGATGGTATCCG_010,3
GTACAAACTGGAGCTCAACG_001,154
GTACAAACTGGAGCTCAACG_002,141
GTACAAACTGGAGCTCAACG_003,82
GTACAAACTGGAGCTCAACG_004,62
GTACAAACTGGAGCTCAACG_005,121
GTAGTGGAAGAGGTCTGATG_001,129
GTAGTGGAAGAGGTCTGATG_002,71
GTAGTGGAAGAGGTCTGATG_003,43
GTAGTGGAAGAGGTCTGATG_004,178
GTAGTGGAAGAGGTCTGATG_005,131
GTAGTGGAAGAGGTCTGATG_006,177
GTAGTGGAAGAGGTCTGATG_007,181
GTAGTGGAAGAGGTCTGATG_008,60
GTAGTGGAAGAGGTCTGATG_009,63
GTAGTGGAAGAGGTCTGATG_010,189
GTAGTGGAAGAGGTCTGATG_011,27
GTAGTGGAAGAGGTCTGATG_012,57
GTAGTGGAAGAGGTCTGATG_013,119
GTAGTGGAAGAGGTCTGATG_014,92
GTAGTGGAAGAGGTCTGATG_015,50
GTAGTGGAAGAGGTCTGATG_016,169
GTAGTGGAAGAGGTCTGATG_017,72
GTAGTGGAAGAGGTCTGATG_018,166
GTAGTGGAAGAGGTCTGATG_019,18
GTAGTGGAAGAGGTCTGATG_020,178
GTAGTGGAAGAGGTCTGATG_021,161
GTAGTGGAAGAGGTCTGATG_022,154
GTAGTGGAAGAGGTCTGATG_023,16
GTAGTGGAAGAGGTCTGATG_024,62
GTAGTGGAAGAGGTCTGATG_025,55
GTAGTGGAAGAGGTCTGATG_026,186
CTGGAGATTACTCTGGAAGG_001,38
ATGCATTGCTTTACAAACCA_001,77
ATGCATTGCTTTACAAACCA_002,158
ATGCATTGCTTTACAAACCA_003,148
ATGCATTGCTTTACAAACCA_004,158
ATGCATTGCTTTACAAACCA_005,62
ATGCATTGCTTTACAAACCA_006,192
ATGCATTGCTTTACAAACCA_007,10
ATGCATTGCTTTACAAACCA_008,15
ATGCATTGCTTTACAAACCA_009,191
TGACAATGTGGGCTTCGGAG_001,43
TGACAATGTGGGCTTCGGAG_002,62
TGACAATGTGGGCTTCGGAG_003,93
TGACAATGTGGGCTTCGGAG_004,113
TGACAATGTGGGCTTCGGAG_005,161
TGACAATGTGGGCTTCGGAG_006,82
TGACAATGTGGGCTTCGGAG_007,158
TGACAATGTGGGCTTCGGAG_008,37
TGACAATGTGGGCTTCGGAG_009,96
TGACAATGTGGGCTTCGGAG_010,76
TGACAATGTGGGCTTCGGAG_011,88
TGACAATGTGGGCTTCGGAG_012,198
TGACAATGTGGGCTTCGGAG_013,118
TGACAATGTGGGCTTCGGAG_014,132
TGACAATGTGGGCTTCGGAG_015,32
TGACAATGTGGGCTTCGGAG_016,78
TGACAATGTGGGCTTCGGAG_017,172
TGACAATGTGGGCTTCGGAG_018,168
TGACAATGTGGGCTTCGGAG_019,6
TGACAATGTGGGCTTCGGAG_020,74
TCACCCGCTAGTCGGGCGCA_001,29
TCACCCGCTAGTCGGGCGCA_002,127
TCACCCGCTAGTCGGGCGCA_003,160
TCACCCGCTAGTCGGGCGCA_004,81
TCACCCGCTAGTCGGGCGCA_005,132
TCACCCGCTAGTCGGGCGCA_006,151
TCACCCGCTAGTCGGGCGCA_007,9
TCACCCGCTAGTCGGGCGCA_008,68
TCACCCGCTAGTCGGGCGCA_009,6
TCACCCGCTAGTCGGGCGCA_010,62
TCACCCGCTAGTCGGGCGCA_011,76
TCACCCGCTAGTCGGGCGCA_012,160
TCACCCGCTAGTCGGGCGCA_013,184
TCACCCGCTAGTCGGGCGCA_014,19
TCACCCGCTAGTCGGGCGCA_015,13
GTGGTGAGTGAAATCAGTAC_001,145
GTGGTGAGTGAAATCAGTAC_002,41
GTGGTGAGTGAAATCAGTAC_003,97
AGGGCATGCTCAGCCAGTAA_001,194
AGGGCATGCTCAGCCAGTAA_002,70
AGGGCATGCTCAGCCAGTAA_003,148
AGGGCATGCTCAGCCAGTAA_004,23
AGGGCATGCTCAGCCAGTAA_005,74
AGGGCATGCTCAGCCAGTAA_006,118
GTTGGCCAGGATTATTAATG_001,43
GTTGGCCAGGATTATTAATG_002,190
GTTGGCCAGGATTATTAATG_003,142
GTTGGCCAGGATTATTAATG_004,82
GTTGGCCAGGATTATTAATG_005,103
ATCCAGATATAAGCCCCAGT_001,63
ATCCAGATATAAGCCCCAGT_002,179
ATCCAGATATAAGCCCCAGT_003,158
GTCGAGCAGCAGGTAGTACG_001,7
GTCGAGCAGCAGGTAGTACG_002,73
GTCGAGCAGCAGGTAGTACG_003,9
GTCGAGCAGCAGGTAGTACG_004,114
GTCGAGCAGCAGGTAGTACG_005,116
GTCGAGCAGCAGGTAGTACG_006,70
GTCGAGCAGCAGGTAGTACG_007,82
GTCGAGCAGCAGGTAGTACG_008,146
GTCGAGCAGCAGGTAGTACG_009,73
GTCGAGCAGCAGGTAGTACG_010,107
GTCGAGCAGCAGGTAGTACG_011,160
GTCGAGCAGCAGGTAGTACG_012,13
GTCGAGCAGCAGGTAGTACG_013,169
AAAAGATAATTCGAGAACGA_001,147
AAAAGATAATTCGAGAACGA_002,78
AAAAGATAATTCGAGAACGA_003,146
AAAAGATAATTCGAGAACGA_004,149
AAAAGATAATTCGAGAACGA_005,199
AAAAGATAATTCGAGAACGA_006,136
AAAAGATAATTCGAGAACGA_007,69
CCTACGCGGTAGGGAACTTT_001,94
CCTACGCGGTAGGGAACTTT_002,169
CCTACGCGGTAGGGAACTTT_003,133
CCTACGCGGTAGGGAACTTT_004,145
CCTACGCGGTAGGGAACTTT_005,70
CCTACGCGGTAGGGAACTTT_006,9
CCTACGCGGTAGGGAACTTT_007,120
CCTACGCGGTAGGGAACTTT_008,142
CCTACGCGGTAGGGAACTTT_009,138
CCTACGCGGTAGGGAACTTT_010,4
CCTACGCGGTAGGGAACTTT_011,75
CCTACGCGGTAGGGAACTTT_012,56
CCTACGCGGTAGGGAACTTT_013,89
CCTACGCGGTAGGGAACTTT_014,15
CCTACGCGGTAGGGAACTTT_015,115
CCTACGCGGTAGGGAACTTT_016,6
CCTACGCGGTAGGGAACTTT_017,180
CCTACGCGGTAGGGAACTTT_018,166
CCTACGCGGTAGGGAACTTT_019,180
AGGCAAGGTACAACTGACCA_001,60
AGGCAAGGTACAACTGACCA_002,25
AGGCAAGGTACAACTGACCA_003,62
AGGCAAGGTACAACTGACCA_004,49
AGGCAAGGTACAACTGACCA_005,196
AGGCAAGGTACAACTGACCA_006,147
AGGCAAGGTACAACTGACCA_007,1
AGGCAAGGTACAACTGACCA_008,42
AGGCAAGGTACAACTGACCA_009,148
AGGCAAGGTACAACTGACCA_010,170
ATTATGAGCTCGGATGCGGG_001,154
ATTATGAGCTCGGATGCGGG_002,197
CTGTTGGAGTTTATATACAC_001,82
CTGTTGGAGTTTATATACAC_002,146
CTGTTGGAGTTTATATACAC_003,146
CATCTGGCAACTAGACACCG_001,88
CATCTGGCAACTAGACACCG_002,2
CATCTGGCAACTAGACACCG_003,175
CATCTGGCAACTAGACACCG_004,49
CATCTGGCAACTAGACACCG_005,23
CATCTGGCAACTAGACACCG_006,75
CATCTGGCAACTAGACACCG_007,16
CATCTGGCAACTAGACACCG_008,187
CATCTGGCAACTAGACACCG_009,15
CATCTGGCAACTAGACACCG_010,24
CATCTGGCAACTAGACACCG_011,3
CATCTGGCAACTAGACACCG_012,142
CATCTGGCAACTAGACACCG_013,123
GTGTACGCGCTGGAGAGTCG_001,8
GTGTACGCGCTGGAGAGTCG_002,8
GTGTACGCGCTGGAGAGTCG_003,72
GTGTACGCGCTGGAGAGTCG_004,72
GTGTACGCGCTGGAGAGTCG_005,58
GTGTACGCGCTGGAGAGTCG_006,36
GTGTACGCGCTGGAGAGTCG_007,158
GTGTACGCGCTGGAGAGTCG_008,114
GTGTACGCGCTGGAGAGTCG_009,114
GTGTACGCGCTGGAGAGTCG_010,35
GTGTACGCGCTGGAGAGTCG_011,174
CTTGCCGACATACAAAGGGT_001,127
CTTGCCGACATACAAAGGGT_002,69
CTTGCCGACATACAAAGGGT_003,4
CTTGCCGACATACAAAGGGT_004,144
CTTGCCGACATACAAAGGGT_005,13
CTTGCCGACATACAAAGGGT_006,13
CTTGCCGACATACAAAGGGT_007,177
CTTGCCGACATACAAAGGGT_008,81
CTTGCCGACATACAAAGGGT_009,81
CTTGCCGACATACAAAGGGT_010,152
AGGAAGAAGAGCCTATTAGT_001,56
AGGAAGAAGAGCCTATTAGT_002,118
AGGAAGAAGAGCCTATTAGT_003,191
AGGAAGAAGAGCCTATTAGT_004,12
AGGAAGAAGAGCCTATTAGT_005,184
AGGAAGAAGAGCCTATTAGT_006,2
AGGAAGAAGAGCCTATTAGT_007,150
GTGATGGTAATATGGAGCTG_001,19
GTGATGGTAATATGGAGCTG_002,46
GTGATGGTAATATGGAGCTG_003,172
GTGATGGTAATATGGAGCTG_004,66
ACGGTTAAGTGAAATGCTGG_001,43
ACGGTTAAGTGAAATGCTGG_002,78
ACGGTTAAGTGAAATGCTGG_003,132
ACGGTTAAGTGAAATGCTGG_004,151
ACGGTTAAGTGAAATGCTGG_005,2
ACGGTTAAGTGAAATGCTGG_006,76
ACGGTTAAGTGAAATGCTGG_007,169
ACGGTTAAGTGAAATGCTGG_008,170
ACGGTTAAGTGAAATGCTGG_009,192
ACGGTTAAGTGAAATGCTGG_010,102
ACGGTTAAGTGAAATGCTGG_011,70
ACGGTTAAGTGAAATGCTGG_012,194
ACGGTTAAGTGAAATGCTGG_013,10
ACGGTTAAGTGAAATGCTGG_014,69
ACGGTTAAGTGAAATGCTGG_015,84
ACGGTTAAGTGAAATGCTGG_016,195
ACGGTTAAGTGAAATGCTGG_017,190
ACGGTTAAGTGAAATGCTGG_018,160
TCTGGGCAAACGTCCCCGTG_001,118
TCTGGGCAAACGTCCCCGTG_002,181
TCTGGGCAAACGTCCCCGTG_003,13
TCTGGGCAAACGTCCCCGTG_004,40
TCTGGGCAAACGTCCCCGTG_005,33
TCTGGGCAAACGTCCCCGTG_006,22
TCTGGGCAAACGTCCCCGTG_007,49
TCTGGGCAAACGTCCCCGTG_008,60
TCTGGGCAAACGTCCCCGTG_009,68
TCTGGGCAAACGTCCCCGTG_010,69
TCTGGGCAAACGTCCCCGTG_011,53
TCTGGGCAAACGTCCCCGTG_012,73
TCTGGGCAAACGTCCCCGTG_013,177
TCTGGGCAAACGTCCCCGTG_014,138
TCTGGGCAAACGTCCCCGTG_015,126
TCTGGGCAAACGTCCCCGTG_016,126
TCTGGGCAAACGTCCCCGTG_017,88
TCTGGGCAAACGTCCCCGTG_018,105
TCTGGGCAAACGTCCCCGTG_019,133
GGGCTCCCCAGTGACGACCG_001,106
GGGCTCCCCAGTGACGACCG_002,154
GGGCTCCCCAGTGACGACCG_003,1
GGGCTCCCCAGTGACGACCG_004,49
GGGCTCCCCAGTGACGACCG_005,59
GGGCTCCCCAGTGACGACCG_006,127
GGGCTCCCCAGTGACGACCG_007,20
GGGCTCCCCAGTGACGACCG_008,148
GGGCTCCCCAGTGACGACCG_009,60
GGGCTCCCCAGTGACGACCG_010,48
GGGCTCCCCAGTGACGACCG_011,119
GGGCTCCCCAGTGACGACCG_012,127
GGGCTCCCCAGTGACGACCG_013,7
ATGGCACGACCAGACAATGG_001,67
ATGGCACGACCAGACAATGG_002,138
ATGGCACGACCAGACAATGG_003,178
ATGGCACGACCAGACAATGG_004,19
ATGGCACGACCAGACAATGG_005,59
GAACATTCCAGATTTGCGAG_001,169
GAACATTCCAGATTTGCGAG_002,14
GCAGTGATGGAACAGCCTAG_001,12
GCAGTGATGGAACAGCCTAG_002,115
GCAGTGATGGAACAGCCTAG_003,175
GCAGTGATGGAACAGCCTAG_004,184
GCAGTGATGGAACAGCCTAG_005,88
GCAGTGATGGAACAGCCTAG_006,170
GTGAATAGCACGCTGCCACT_001,183
GTGAATAGCACGCTGCCACT_002,62
GTGAATAGCACGCTGCCACT_003,77
GTGAATAGCACGCTGCCACT_004,129
GTGAATAGCACGCTGCCACT_005,149
GTGAATAGCACGCTGCCACT_006,30
GTGAATAGCACGCTGCCACT_007,38
GTGAATAGCACGCTGCCACT_008,10
GTGAATAGCACGCTGCCACT_009,12
GTGAATAGCACGCTGCCACT_010,122
GTGAATAGCACGCTGCCACT_011,168
GTGAATAGCACGCTGCCACT_012,124
GTGAATAGCACGCTGCCACT_013,191
GTGAATAGCACGCTGCCACT_014,185
GTGAATAGCACGCTGCCACT_015,56
GTGAATAGCACGCTGCCACT_016,19
GTGAATAGCACGCTGCCACT_017,12
GTATATGATGCCCCGGACCA_001,24
GTATATGATGCCCCGGACCA_002,24
GTATATGATGCCCCGGACCA_003,155
GTATATGATGCCCCGGACCA_004,106
GTATATGATGCCCCGGACCA_005,34
GTATATGATGCCCCGGACCA_006,19
GTATATGATGCCCCGGACCA_007,184
GTATATGATGCCCCGGACCA_008,144
GTTATTGCTTGAGTGATCCG_001,107
GTTATTGCTTGAGTGATCCG_002,169
GTTATTGCTTGAGTGATCCG_003,162
GTTATTGCTTGAGTGATCCG_004,34
GTTATTGCTTGAGTGATCCG_005,75
GTTATTGCTTGAGTGATCCG_006,78
TGTCCTCATACAGCCTGCAG_001,34
TGTCCTCATACAGCCTGCAG_002,10
TGTCCTCATACAGCCTGCAG_003,98
TGTCCTCATACAGCCTGCAG_004,113
TGTCCTCATACAGCCTGCAG_005,157
TGTCCTCATACAGCCTGCAG_006,126
TGTCCTCATACAGCCTGCAG_007,169
GCCGCACGTTGGCTTGATCG_001,125
GCCGCACGTTGGCTTGATCG_002,173
GCCGCACGTTGGCTTGATCG_003,138
GCCGCACGTTGGCTTGATCG_004,171
GCCGCACGTTGGCTTGATCG_005,157
TGGAAACTATTAAAACTGGG_001,106
TGGAAACTATTAAAACTGGG_002,11
TGGAAACTATTAAAACTGGG_003,78
TGGAAACTATTAAAACTGGG_004,37
TGGAAACTATTAAAACTGGG_005,81
TGGAAACTATTAAAACTGGG_006,144
CGCTGCAAGGCTGACTTCCG_001,104
CGCTGCAAGGCTGACTTCCG_002,184
CGCTGCAAGGCTGACTTCCG_003,192
CGCTGCAAGGCTGACTTCCG_004,19
CGCTGCAAGGCTGACTTCCG_005,144
CGCTGCAAGGCTGACTTCCG_006,2
ATACCTGGCAATTGTGCACG_001,136
ATACCTGGCAATTGTGCACG_002,29
ATACCTGGCAATTGTGCACG_003,49
ATACCTGGCAATTGTGCACG_004,21
ATACCTGGCAATTGTGCACG_005,189
ATACCTGGCAATTGTGCACG_006,180
ATACCTGGCAATTGTGCACG_007,118
GCAGCAAGCCATATACGCGG_001,62
GCAGCAAGCCATATACGCGG_002,141
GCAGCAAGCCATATACGCGG_003,39
GCAGCAAGCCATATACGCGG_004,94
GCAGCAAGCCATATACGCGG_005,149
GCAGCAAGCCATATACGCGG_006,181
GCAGCAAGCCATATACGCGG_007,16
GCAGCAAGCCATATACGCGG_008,155
GCAGCAAGCCATATACGCGG_009,174
GCAGCAAGCCATATACGCGG_010,83
GCAGCAAGCCATATACGCGG_011,45
GCAGCAAGCCATATACGCGG_012,128
GCAGCAAGCCATATACGCGG_013,102
TAGACTGAGTGAGAAGTCAG_001,194
TAGACTGAGTGAGAAGTCAG_002,31
TAGACTGAGTGAGAAGTCAG_003,29
TAGACTGAGTGAGAAGTCAG_004,12
TAGACTGAGTGAGAAGTCAG_005,180
TAGACTGAGTGAGAAGTCAG_006,63
TAGACTGAGTGAGAAGTCAG_007,149
TAGACTGAGTGAGAAGTCAG_008,84
TAGACTGAGTGAGAAGTCAG_009,77
TACTAGAGAGCCCATCGCCT_001,103
TACTAGAGAGCCCATCGCCT_002,149
TACTAGAGAGCCCATCGCCT_003,43
TACTAGAGAGCCCATCGCCT_004,199
TACTAGAGAGCCCATCGCCT_005,60
TACTAGAGAGCCCATCGCCT_006,72
TACTAGAGAGCCCATCGCCT_007,169
TACTAGAGAGCCCATCGCCT_008,121
TACTAGAGAGCCCATCGCCT_009,4
TACTAGAGAGCCCATCGCCT_010,51
TACTAGAGAGCCCATCGCCT_011,30
TACTAGAGAGCCCATCGCCT_012,30
TACTAGAGAGCCCATCGCCT_013,91
GAAGTTCGCACAGTAATAGG_001,156
GAAGTTCGCACAGTAATAGG_002,28
TCCCACACTCAAGATACCTG_001,11
TCCCACACTCAAGATACCTG_002,8
TCCCACACTCAAGATACCTG_003,50
ACCCCGTAGTAGGAGACACG_001,105
ACCCCGTAGTAGGAGACACG_002,63
ACCCCGTAGTAGGAGACACG_003,13
ACCCCGTAGTAGGAGACACG_004,103
ACCCCGTAGTAGGAGACACG_005,2
AGAATACGGTCGTCTGGCAA_001,88
AGAATACGGTCGTCTGGCAA_002,139
AGAATACGGTCGTCTGGCAA_003,45
AGAATACGGTCGTCTGGCAA_004,137
AGAATACGGTCGTCTGGCAA_005,36
TCTTCAAGTTAAAGGTTGGA_001,73
TCTTCAAGTTAAAGGTTGGA_002,113
TCTTCAAGTTAAAGGTTGGA_003,19
TCTTCAAGTTAAAGGTTGGA_004,104
TCTTCAAGTTAAAGGTTGGA_005,73
TCTTCAAGTTAAAGGTTGGA_006,36
TCTTTCAGAGCATTACGGTG_001,171
TCTTTCAGAGCATTACGGTG_002,147
TCTTTCAGAGCATTACGGTG_003,102
TCTTTCAGAGCATTACGGTG_004,18
TCTTTCAGAGCATTACGGTG_005,36
TCTTTCAGAGCATTACGGTG_006,85
TCTTTCAGAGCATTACGGTG_007,26
TCTTTCAGAGCATTACGGTG_008,40
TCTTTCAGAGCATTACGGTG_009,1
TCTTTCAGAGCATTACGGTG_010,141
TCTTTCAGAGCATTACGGTG_011,175
TCTTTCAGAGCATTACGGTG_012,38
TCTTTCAGAGCATTACGGTG_013,21
TCTTTCAGAGCATTACGGTG_014,162
TCTTTCAGAGCATTACGGTG_015,107
TCTTTCAGAGCATTACGGTG_016,149
TCTTTCAGAGCATTACGGTG_017,175
GCAGCGCTCCCCTAATCCAT_001,171
GCAGCGCTCCCCTAATCCAT_002,175
GCAGCGCTCCCCTAATCCAT_003,54
GCAGCGCTCCCCTAATCCAT_004,12
GCAGCGCTCCCCTAATCCAT_005,184
GCAGCGCTCCCCTAATCCAT_006,41
GCAGCGCTCCCCTAATCCAT_007,8
GCAGCGCTCCCCTAATCCAT_008,6
GCAGCGCTCCCCTAATCCAT_009,6
GCAGCGCTCCCCTAATCCAT_010,176
GCAGCGCTCCCCTAATCCAT_011,77
GCAGCGCTCCCCTAATCCAT_012,133
GCAGCGCTCCCCTAATCCAT_013,59
GCAGCGCTCCCCTAATCCAT_014,122
GCAGCGCTCCCCTAATCCAT_015,34
GCAGCGCTCCCCTAATCCAT_016,6
GCAGCGCTCCCCTAATCCAT_017,192
GCAGCGCTCCCCTAATCCAT_018,149
GCAGCGCTCCCCTAATCCAT_019,28
GCAGCGCTCCCCTAATCCAT_020,10
GCAGCGCTCCCCTAATCCAT_021,177
GCAGCGCTCCCCTAATCCAT_022,147
GCAGCGCTCCCCTAATCCAT_023,79
TGACATCCAGTGGTTTCGGG_001,77
TGACATCCAGTGGTTTCGGG_002,168
TGACATCCAGTGGTTTCGGG_003,101
TGACATCCAGTGGTTTCGGG_004,115
TGACATCCAGTGGTTTCGGG_005,102
TGACATCCAGTGGTTTCGGG_006,12
TGACATCCAGTGGTTTCGGG_007,168
GGGAACGACTGAGTCAGCTG_001,73
GGGAACGACTGAGTCAGCTG_002,53
GGGAACGACTGAGTCAGCTG_003,134
GGGAACGACTGAGTCAGCTG_004,139
GGGAACGACTGAGTCAGCTG_005,141
GGGAACGACTGAGTCAGCTG_006,0
GGGAACGACTGAGTCAGCTG_007,112
GGGAACGACTGAGTCAGCTG_008,171
GGGAACGACTGAGTCAGCTG_009,85
GGGAACGACTGAGTCAGCTG_010,119
GGGAACGACTGAGTCAGCTG_011,5
GGGAACGACTGAGTCAGCTG_012,88
GGGAACGACTGAGTCAGCTG_013,13
GGGAACGACTGAGTCAGCTG_014,108
GGGAACGACTGAGTCAGCTG_015,13
GGGAACGACTGAGTCAGCTG_016,57
GGGAACGACTGAGTCAGCTG_017,105
GGGAACGACTGAGTCAGCTG_018,8
GGGAACGACTGAGTCAGCTG_019,77
GGGAACGACTGAGTCAGCTG_020,1
GGGAACGACTGAGTCAGCTG_021,16
GCCAGTGTGTCCGATCACAC_001,64
GCCAGTGTGTCCGATCACAC_002,49
GCCAGTGTGTCCGATCACAC_003,157
GCCAGTGTGTCCGATCACAC_004,177
GCCAGTGTGTCCGATCACAC_005,35
GCCAGTGTGTCCGATCACAC_006,149
GCCAGTGTGTCCGATCACAC_007,168
GCCAGTGTGTCCGATCACAC_008,174
GCCAGTGTGTCCGATCACAC_009,16
GCCAGTGTGTCCGATCACAC_010,88
GCCAGTGTGTCCGATCACAC_011,72
GCCAGTGTGTCCGATCACAC_012,135
GTCTCTATATTGGATCTACC_001,142
AAAGTGGACTCCACATCAGT_001,127
AAAGTGGACTCCACATCAGT_002,85
AAAGTGGACTCCACATCAGT_003,6
AAAGTGGACTCCACATCAGT_004,174
AAAGTGGACTCCACATCAGT_005,11
AAAGTGGACTCCACATCAGT_006,167
AAAGTGGACTCCACATCAGT_007,82
AATGCATTTAATCCTTCCCA_001,103
AATGCATTTAATCCTTCCCA_002,147
AATGCATTTAATCCTTCCCA_003,105
GATCCAGCGGTCTCTCTCAG_001,183
GATCCAGCGGTCTCTCTCAG_002,34
GATCCAGCGGTCTCTCTCAG_003,199
TGAAGTCCGGAAAAAACTTG_001,47
TGAAGTCCGGAAAAAACTTG_002,58
TGAAGTCCGGAAAAAACTTG_003,114
TGAAGTCCGGAAAAAACTTG_004,180
TGAAGTCCGGAAAAAACTTG_005,126
GTTCATTCACCACCAAACGT_001,107
GTTCATTCACCACCAAACGT_002,2
GTTCATTCACCACCAAACGT_003,149
GTTCATTCACCACCAAACGT_004,81
GACAGGTCAGTACCTAGACA_001,77
GACAGGTCAGTACCTAGACA_002,168
GACAGGTCAGTACCTAGACA_003,26
GACAGGTCAGTACCTAGACA_004,165
GACAGGTCAGTACCTAGACA_005,190
GAAAAAAGGAATTCCCAGGA_001,150
GAAAAAAGGAATTCCCAGGA_002,113
GAAAAAAGGAATTCCCAGGA_003,58
GAAAAAAGGAATTCCCAGGA_004,60
GAAAAAAGGAATTCCCAGGA_005,123
GAAAAAAGGAATTCCCAGGA_006,35
GAAAAAAGGAATTCCCAGGA_007,32
GAAAAAAGGAATTCCCAGGA_008,199
GAAAAAAGGAATTCCCAGGA_009,136
GAAAAAAGGAATTCCCAGGA_010,33
GTACTGTTGAGAGAATAACC_001,49
GTACTGTTGAGAGAATAACC_002,29
GTACTGTTGAGAGAATAACC_003,78
GTACTGTTGAGAGAATAACC_004,168
GTACTGTTGAGAGAATAACC_005,1
GTCCGTTGGTCGATTCAGCA_001,7
GTCCGTTGGTCGATTCAGCA_002,176
GTCCGTTGGTCGATTCAGCA_003,115
GTCCGTTGGTCGATTCAGCA_004,69
GTCCGTTGGTCGATTCAGCA_005,75
GTCCGTTGGTCGATTCAGCA_006,98
TGGCCACGAATTCCGCCGCC_001,69
TGGCCACGAATTCCGCCGCC_002,94
AGTGGAACGATATTCTCGAA_001,82
AGTGGAACGATATTCTCGAA_002,98
AGTGGAACGATATTCTCGAA_003,66
TGTCTGCCACTGGCCAAACA_001,55
TGTCTGCCACTGGCCAAACA_002,14
TGTCTGCCACTGGCCAAACA_003,22
TGTCTGCCACTGGCCAAACA_004,0
TGTCTGCCACTGGCCAAACA_005,27
TGTCTGCCACTGGCCAAACA_006,58
TGTCTGCCACTGGCCAAACA_007,169
TGTCTGCCACTGGCCAAACA_008,136
TGTCTGCCACTGGCCAAACA_009,62
TGTCTGCCACTGGCCAAACA_010,99
TGTCTGCCACTGGCCAAACA_011,158
TGTCTGCCACTGGCCAAACA_012,31
TGTCTGCCACTGGCCAAACA_013,91
GCGACTAAAACCCCTAACTG_001,39
GCGACTAAAACCCCTAACTG_002,128
GCGACTAAAACCCCTAACTG_003,130
GCGACTAAAACCCCTAACTG_004,140
GCGACTAAAACCCCTAACTG_005,107
GCGACTAAAACCCCTAACTG_006,51
GCGACTAAAACCCCTAACTG_007,54
GCGACTAAAACCCCTAACTG_008,42
GCGACTAAAACCCCTAACTG_009,115
GCGACTAAAACCCCTAACTG_010,141
GCGACTAAAACCCCTAACTG_011,116
GCGACTAAAACCCCTAACTG_012,197
GCGACTAAAACCCCTAACTG_013,76
GCGACTAAAACCCCTAACTG_014,184
GCGACTAAAACCCCTAACTG_015,91
GCGACTAAAACCCCTAACTG_016,29
GCGACTAAAACCCCTAACTG_017,162
GCGACTAAAACCCCTAACTG_018,69
GCGACTAAAACCCCTAACTG_019,103
GCGACTAAAACCCCTAACTG_020,6
GCGACTAAAACCCCTAACTG_021,165
GCGACTAAAACCCCTAACTG_022,60
GCGACTAAAACCCCTAACTG_023,108
GCGACTAAAACCCCTAACTG_024,165
GCGACTAAAACCCCTAACTG_025,168
GCGACTAAAACCCCTAACTG_026,169
GCGACTAAAACCCCTAACTG_027,17
GCGACTAAAACCCCTAACTG_028,71
GCGACTAAAACCCCTAACTG_029,63
GCGACTAAAACCCCTAACTG_030,134
AGAGCTGCTCAGCTTCTCTG_001,170
AGAGCTGCTCAGCTTCTCTG_002,170
AGAGCTGCTCAGCTTCTCTG_003,140
AGAGCTGCTCAGCTTCTCTG_004,16
AGAGCTGCTCAGCTTCTCTG_005,58
AGAGCTGCTCAGCTTCTCTG_006,113
AGAGCTGCTCAGCTTCTCTG_007,26
AGAGCTGCTCAGCTTCTCTG_008,199
AGAGCTGCTCAGCTTCTCTG_009,70
AGAGCTGCTCAGCTTCTCTG_010,147
AGAGCTGCTCAGCTTCTCTG_011,167
AGAGCTGCTCAGCTTCTCTG_012,194
AGAGCTGCTCAGCTTCTCTG_013,162
AGAGCTGCTCAGCTTCTCTG_014,162
AGAGCTGCTCAGCTTCTCTG_015,176
AGAGCTGCTCAGCTTCTCTG_016,168
AGAGCTGCTCAGCTTCTCTG_017,33
AGAGCTGCTCAGCTTCTCTG_018,59
AGAGCTGCTCAGCTTCTCTG_019,50
AGAGCTGCTCAGCTTCTCTG_020,128
AGAGCTGCTCAGCTTCTCTG_021,66
CCTGTTTCACCCATAAGCCA_001,141
CCCGGGCAATCACCACTATG_001,132
CCCGGGCAATCACCACTATG_002,94
TCTGTTGACATGTTCCAAAA_001,113
TCTGTTGACATGTTCCAAAA_002,146
TCTGTTGACATGTTCCAAAA_003,115
TCTGTTGACATGTTCCAAAA_004,142
TCTGTTGACATGTTCCAAAA_005,181
TGCTGATGAACTCCAGAAGA_001,199
TGCTGATGAACTCCAGAAGA_002,165
TGCTGATGAACTCCAGAAGA_003,34
TGCTGATGAACTCCAGAAGA_004,49
TGCTGATGAACTCCAGAAGA_005,128
TGGTGTCGGCGGGTACGTTG_001,171
TGGTGTCGGCGGGTACGTTG_002,194
TGGTGTCGGCGGGTACGTTG_003,127
TGGTGTCGGCGGGTACGTTG_004,18
TGGTGTCGGCGGGTACGTTG_005,101
GAATGATTTCAAAGACATAG_001,50
GAATGATTTCAAAGACATAG_002,76
GAATGATTTCAAAGACATAG_003,69
GAATGATTTCAAAGACATAG_004,12
GAATGATTTCAAAGACATAG_005,63
GAGATGAATGGAGCGCTCGT_001,26
GAGATGAATGGAGCGCTCGT_002,13
GAGATGAATGGAGCGCTCGT_003,32
GAGATGAATGGAGCGCTCGT_004,107
GAGATGAATGGAGCGCTCGT_005,190
GAGATGAATGGAGCGCTCGT_006,132
GAGATGAATGGAGCGCTCGT_007,170
GAGATGAATGGAGCGCTCGT_008,33
GCTGATTTCCAGTCTCCGAG_001,85
GCTGATTTCCAGTCTCCGAG_002,134
GCTGATTTCCAGTCTCCGAG_003,146
GCTGATTTCCAGTCTCCGAG_004,168
GCTGATTTCCAGTCTCCGAG_005,49
GCTGATTTCCAGTCTCCGAG_006,178
GCTGATTTCCAGTCTCCGAG_007,49
GCTGATTTCCAGTCTCCGAG_008,184
GCTGATTTCCAGTCTCCGAG_009,84
GCTGATTTCCAGTCTCCGAG_010,158
ATCAGGTACTCCCTCAACAC_001,171
ATCAGGTACTCCCTCAACAC_002,21
ATCAGGTACTCCCTCAACAC_003,60
ATCAGGTACTCCCTCAACAC_004,83
ATCAGGTACTCCCTCAACAC_005,3
ATCAGGTACTCCCTCAACAC_006,198
CGGGCCGTCTTCACGCGCCA_001,162
CGGGCCGTCTTCACGCGCCA_002,134
CGGGCCGTCTTCACGCGCCA_003,62
CGGGCCGTCTTCACGCGCCA_004,68
CGGGCCGTCTTCACGCGCCA_005,144
CGGGCCGTCTTCACGCGCCA_006,193
CGGGCCGTCTTCACGCGCCA_007,189
CGGGCCGTCTTCACGCGCCA_008,21
CGGGCCGTCTTCACGCGCCA_009,76
CGGGCCGTCTTCACGCGCCA_010,177
CGGGCCGTCTTCACGCGCCA_011,91
CGGGCCGTCTTCACGCGCCA_012,29
CGGGCCGTCTTCACGCGCCA_013,147
CGGGCCGTCTTCACGCGCCA_014,168
CGGGCCGTCTTCACGCGCCA_015,186
CGGGCCGTCTTCACGCGCCA_016,133
CGGGCCGTCTTCACGCGCCA_017,101
CGGGCCGTCTTCACGCGCCA_018,8
CGGGCCGTCTTCACGCGCCA_019,166
CGGGCCGTCTTCACGCGCCA_020,25
CGGGCCGTCTTCACGCGCCA_021,148
CGGGCCGTCTTCACGCGCCA_022,102
CGGGCCGTCTTCACGCGCCA_023,105
CGGGCCGTCTTCACGCGCCA_024,186
CGGGCCGTCTTCACGCGCCA_025,10
CGGGCCGTCTTCACGCGCCA_026,108
CGGGCCGTCTTCACGCGCCA_027,178
CGGGCCGTCTTCACGCGCCA_028,10
CGGGCCGTCTTCACGCGCCA_029,38
CGGGCCGTCTTCACGCGCCA_030,10
TGATCCCATACATTGAGCAC_001,164
TGATCCCATACATTGAGCAC_002,88
TGATCCCATACATTGAGCAC_003,130
CTCCTCGCGGGTAACCTGCG_001,77
CTCCTCGCGGGTAACCTGCG_002,176
CTCCTCGCGGGTAACCTGCG_003,82
CTCCTCGCGGGTAACCTGCG_004,147
CTCCTCGCGGGTAACCTGCG_005,111
CTCCTCGCGGGTAACCTGCG_006,162
CTCCTCGCGGGTAACCTGCG_007,94
CTCCTCGCGGGTAACCTGCG_008,184
CTCCTCGCGGGTAACCTGCG_009,29
CTCCTCGCGGGTAACCTGCG_010,184
CTCCTCGCGGGTAACCTGCG_011,192
CTCCTCGCGGGTAACCTGCG_012,160
CTCCTCGCGGGTAACCTGCG_013,43
CTCCTCGCGGGTAACCTGCG_014,129
CTCCTCGCGGGTAACCTGCG_015,49
CTCCTCGCGGGTAACCTGCG_016,11
AAGGTCCGGTACTTCGGGAA_001,1
AAGGTCCGGTACTTCGGGAA_002,78
AAGGTCCGGTACTTCGGGAA_003,160
AAGGTCCGGTACTTCGGGAA_004,94
AAGGTCCGGTACTTCGGGAA_005,65
AAGGTCCGGTACTTCGGGAA_006,120
AAGGTCCGGTACTTCGGGAA_007,55
AAGGTCCGGTACTTCGGGAA_008,105
AAGGTCCGGTACTTCGGGAA_009,76
AAGGTCCGGTACTTCGGGAA_010,166
AAGGTCCGGTACTTCGGGAA_011,28
AAGGTCCGGTACTTCGGGAA_012,129
AAGGTCCGGTACTTCGGGAA_013,142
AAGGTCCGGTACTTCGGGAA_014,27
ACATGCAAATCCAACTGGCG_001,172
ACATGCAAATCCAACTGGCG_002,62
ACATGCAAATCCAACTGGCG_003,182
ACATGCAAATCCAACTGGCG_004,191
ACATGCAAATCCAACTGGCG_005,177
ACATGCAAATCCAACTGGCG_006,184
ACATGCAAATCCAACTGGCG_007,127
ACATGCAAATCCAACTGGCG_008,125
ACATGCAAATCCAACTGGCG_009,160
ACATGCAAATCCAACTGGCG_010,141
ACATGCAAATCCAACTGGCG_011,167
ACATGCAAATCCAACTGGCG_012,179
ACATGCAAATCCAACTGGCG_013,185
ACATGCAAATCCAACTGGCG_014,190
ACATGCAAATCCAACTGGCG_015,16
ACATGCAAATCCAACTGGCG_016,192
ACATGCAAATCCAACTGGCG_017,148
TTGAAGACCTCAATGGCTGA_001,0
TTGAAGACCTCAATGGCTGA_002,47
TTGAAGACCTCAATGGCTGA_003,134
TTGAAGACCTCAATGGCTGA_004,18
TTGAAGACCTCAATGGCTGA_005,16
TTGAAGACCTCAATGGCTGA_006,144
TTGAAGACCTCAATGGCTGA_007,16
TTGAAGACCTCAATGGCTGA_008,115
CATGCCAAGAAGCATGACAG_001,173
CATGCCAAGAAGCATGACAG_002,173
CATGCCAAGAAGCATGACAG_003,103
CATGCCAAGAAGCATGACAG_004,24
TAAAGGAAGCCTCCCCAGTG_001,6
TAAAGGAAGCCTCCCCAGTG_002,69
TAAAGGAAGCCTCCCCAGTG_003,115
TAAAGGAAGCCTCCCCAGTG_004,6
TAAAGGAAGCCTCCCCAGTG_005,80
TAAAGGAAGCCTCCCCAGTG_006,40
TAAAGGAAGCCTCCCCAGTG_007,170
TAAAGGAAGCCTCCCCAGTG_008,36
TAAAGGAAGCCTCCCCAGTG_009,182
TAAAGGAAGCCTCCCCAGTG_010,185
TAAAGGAAGCCTCCCCAGTG_011,78
TAAAGGAAGCCTCCCCAGTG_012,154
TAAAGGAAGCCTCCCCAGTG_013,26
TAAAGGAAGCCTCCCCAGTG_014,119
TAAAGGAAGCCTCCCCAGTG_015,83
TAAAGGAAGCCTCCCCAGTG_016,12
TAAAGGAAGCCTCCCCAGTG_017,13
TAAAGGAAGCCTCCCCAGTG_018,129
AGCCGCGTCTACGGCTTCAT_001,88
AGCCGCGTCTACGGCTTCAT_002,146
AGCCGCGTCTACGGCTTCAT_003,57
AGCCGCGTCTACGGCTTCAT_004,94
AGCCGCGTCTACGGCTTCAT_005,152
AGCCGCGTCTACGGCTTCAT_006,118
GAATTCAATGATTCTGACTC_001,6
GAAAATTCATGACAGTGTCT_001,80
GAAAATTCATGACAGTGTCT_002,170
GAAAATTCATGACAGTGTCT_003,0
GAAAATTCATGACAGTGTCT_004,101
GAAAATTCATGACAGTGTCT_005,145
GAAAATTCATGACAGTGTCT_006,38
GAAAATTCATGACAGTGTCT_007,9
GATGCCAGGTCTGTAGCACG_001,60
GATGCCAGGTCTGTAGCACG_002,21
GATGCCAGGTCTGTAGCACG_003,166
GATGCCAGGTCTGTAGCACG_004,59
GATGCCAGGTCTGTAGCACG_005,42
GATGCCAGGTCTGTAGCACG_006,48
GATGCCAGGTCTGTAGCACG_007,142
TCCGCCAACAGGCTGTAACG_001,125
TCCGCCAACAGGCTGTAACG_002,6
TCCGCCAACAGGCTGTAACG_003,172
TCCGCCAACAGGCTGTAACG_004,60
TCCGCCAACAGGCTGTAACG_005,184
TCCGCCAACAGGCTGTAACG_006,101
TCCGCCAACAGGCTGTAACG_007,134
TCCGCCAACAGGCTGTAACG_008,20
TCCGCCAACAGGCTGTAACG_009,191
TCCGCCAACAGGCTGTAACG_010,19
TCCGCCAACAGGCTGTAACG_011,165
TCCGCCAACAGGCTGTAACG_012,168
AGAGATCCGTACAAACCTCA_001,153
AGAGATCCGTACAAACCTCA_002,130
AGAGATCCGTACAAACCTCA_003,105
ACCAGCTGAGATTCGCTAGG_001,142
ACCAGCTGAGATTCGCTAGG_002,168
ACCAGCTGAGATTCGCTAGG_003,88
ACCAGCTGAGATTCGCTAGG_004,35
ACCAGCTGAGATTCGCTAGG_005,60
ACCAGCTGAGATTCGCTAGG_006,134
ACCAGCTGAGATTCGCTAGG_007,106
ACCAGCTGAGATTCGCTAGG_008,137
ACCAGCTGAGATTCGCTAGG_009,74
ACCAGCTGAGATTCGCTAGG_010,115
ACCAGCTGAGATTCGCTAGG_011,112
ACCAGCTGAGATTCGCTAGG_012,176
ACCAGCTGAGATTCGCTAGG_013,157
ACCAGCTGAGATTCGCTAGG_014,195
ACCAGCTGAGATTCGCTAGG_015,129
ACCAGCTGAGATTCGCTAGG_016,184
ACCAGCTGAGATTCGCTAGG_017,96
ACCAGCTGAGATTCGCTAGG_018,117
ACCAGCTGAGATTCGCTAGG_019,17
ACCAGCTGAGATTCGCTAGG_020,110
ACCAGCTGAGATTCGCTAGG_021,97
ACCAGCTGAGATTCGCTAGG_022,94
ACCAGCTGAGATTCGCTAGG_023,52
ACCAGCTGAGATTCGCTAGG_024,157
ACCAGCTGAGATTCGCTAGG_025,106
ACCAGCTGAGATTCGCTAGG_026,142
ACCAGCTGAGATTCGCTAGG_027,15
ACCAGCTGAGATTCGCTAGG_028,56
ACCAGCTGAGATTCGCTAGG_029,144
ACCAGCTGAGATTCGCTAGG_030,94
GACAAGTGTGATCACCTGGT_001,145
GACAAGTGTGATCACCTGGT_002,148
GACAAGTGTGATCACCTGGT_003,128
GACAAGTGTGATCACCTGGT_004,8
GACAAGTGTGATCACCTGGT_005,127
GACAAGTGTGATCACCTGGT_006,141
GACAAGTGTGATCACCTGGT_007,198
GACAAGTGTGATCACCTGGT_008,12
GACAAGTGTGATCACCTGGT_009,145
GGTGACTTCACCAAATAGCC_001,47
GGTGACTTCACCAAATAGCC_002,86
GGTGACTTCACCAAATAGCC_003,72
GGTGACTTCACCAAATAGCC_004,140
GGTGACTTCACCAAATAGCC_005,184
GGTGACTTCACCAAATAGCC_006,188
GGTGACTTCACCAAATAGCC_007,29
CATGTACAGAATCTATGACA_001,12
GTTCCCCGGGAAGTCTATGC_001,58
GTTCCCCGGGAAGTCTATGC_002,172
GTTCCCCGGGAAGTCTATGC_003,40
GTTCCCCGGGAAGTCTATGC_004,160
GTTCCCCGGGAAGTCTATGC_005,26
GTTCCCCGGGAAGTCTATGC_006,41
GTTCCCCGGGAAGTCTATGC_007,40
GTTCCCCGGGAAGTCTATGC_008,121
GTTCCCCGGGAAGTCTATGC_009,118
GTTCCCCGGGAAGTCTATGC_010,142
GTTCCCCGGGAAGTCTATGC_011,17
GTTCCCCGGGAAGTCTATGC_012,127
GTTCCCCGGGAAGTCTATGC_013,197
GTTCCCCGGGAAGTCTATGC_014,106
GTTCCCCGGGAAGTCTATGC_015,28
GTTCCCCGGGAAGTCTATGC_016,144
GTTCCCCGGGAAGTCTATGC_017,34
TCAGCCAGAAGCTCTACAGA_001,88
TCAGCCAGAAGCTCTACAGA_002,22
TCAGCCAGAAGCTCTACAGA_003,98
TCAGCCAGAAGCTCTACAGA_004,150
TCAGCCAGAAGCTCTACAGA_005,156
TCAGCCAGAAGCTCTACAGA_006,188
TCAGCCAGAAGCTCTACAGA_007,138
TCAGCCAGAAGCTCTACAGA_008,25
TCAGCCAGAAGCTCTACAGA_009,178
TCAGCCAGAAGCTCTACAGA_010,6
TCAGCCAGAAGCTCTACAGA_011,184
TCAGCCAGAAGCTCTACAGA_012,121
TCAGCCAGAAGCTCTACAGA_013,130
ATTGTGGGTAACTTGGCCAG_001,31
ATTGTGGGTAACTTGGCCAG_002,24
ATTGTGGGTAACTTGGCCAG_003,169
ATTGTGGGTAACTTGGCCAG_004,197
ATTGTGGGTAACTTGGCCAG_005,63
ATTGTGGGTAACTTGGCCAG_006,138
ATTGTGGGTAACTTGGCCAG_007,166
GCACTTCTACACGTTTCCAA_001,70
GCACTTCTACACGTTTCCAA_002,102
GCACTTCTACACGTTTCCAA_003,104
GCACTTCTACACGTTTCCAA_004,104
GCACTTCTACACGTTTCCAA_005,63
GCACTTCTACACGTTTCCAA_006,46
GCACTTCTACACGTTTCCAA_007,37
GCACTTCTACACGTTTCCAA_008,189
ACTCCGGGAACTCCGTGTAG_001,169
ACTCCGGGAACTCCGTGTAG_002,78
ACTCCGGGAACTCCGTGTAG_003,104
ACTCCGGGAACTCCGTGTAG_004,149
ACTCCGGGAACTCCGTGTAG_005,184
ACTCCGGGAACTCCGTGTAG_006,35
ACTCCGGGAACTCCGTGTAG_007,55
ACTCCGGGAACTCCGTGTAG_008,174
ACTCCGGGAACTCCGTGTAG_009,25
ACTCCGGGAACTCCGTGTAG_010,188
ACTCCGGGAACTCCGTGTAG_011,56
ACTCCGGGAACTCCGTGTAG_012,121
ACTCCGGGAACTCCGTGTAG_013,138
ACTCCGGGAACTCCGTGTAG_014,66
ACTCCGGGAACTCCGTGTAG_015,191
ACTCCGGGAACTCCGTGTAG_016,72
ACTCCGGGAACTCCGTGTAG_017,130
AAGAAACTAACAAGAAAGCA_001,173
AAGAAACTAACAAGAAAGCA_002,35
AAGAAACTAACAAGAAAGCA_003,1
AAGAAACTAACAAGAAAGCA_004,64
GAGGCAGTATACAAGCCCTG_001,178
GAGGCAGTATACAAGCCCTG_002,178
GAGGCAGTATACAAGCCCTG_003,183
GAGGCAGTATACAAGCCCTG_004,161
GAGGCAGTATACAAGCCCTG_005,120
ATTTCCAGACTCTACAAGCT_001,45
ATTTCCAGACTCTACAAGCT_002,151
ATTTCCAGACTCTACAAGCT_003,159
ATTTCCAGACTCTACAAGCT_004,60
ATTTCCAGACTCTACAAGCT_005,23
ATTTCCAGACTCTACAAGCT_006,4
ATTTCCAGACTCTACAAGCT_007,124
ATTTCCAGACTCTACAAGCT_008,29
ATTTCCAGACTCTACAAGCT_009,127
GGGAAGTGCACACTAGATCA_001,117
GGGAAGTGCACACTAGATCA_002,178
GGGAAGTGCACACTAGATCA_003,42
GGGAAGTGCACACTAGATCA_004,162
GGGAAGTGCACACTAGATCA_005,173
GGGAAGTGCACACTAGATCA_006,159
GGGAAGTGCACACTAGATCA_007,178
GGGAAGTGCACACTAGATCA_008,70
GGGAAGTGCACACTAGATCA_009,136
TAGTTATGAAGTCGACATCG_001,41
TAGTTATGAAGTCGACATCG_002,11
TAGTTATGAAGTCGACATCG_003,40
TAGTTATGAAGTCGACATCG_004,186
TAGTTATGAAGTCGACATCG_005,180
TAGTTATGAAGTCGACATCG_006,57
ACTTACCATCAGAACTTGTG_001,78
ACTTACCATCAGAACTTGTG_002,172
ACTTACCATCAGAACTTGTG_003,171
ACTTACCATCAGAACTTGTG_004,68
ACTTACCATCAGAACTTGTG_005,9
ACTTACCATCAGAACTTGTG_006,112
ACTTACCATCAGAACTTGTG_007,76
ACTTACCATCAGAACTTGTG_008,40
ACTTACCATCAGAACTTGTG_009,70
ACTTACCATCAGAACTTGTG_010,127
GCTTCAGACCCACCAAACCA_001,127
GCTTCAGACCCACCAAACCA_002,48
GCTTCAGACCCACCAAACCA_003,119
GCTTCAGACCCACCAAACCA_004,148
GCTTCAGACCCACCAAACCA_005,125
GCTTCAGACCCACCAAACCA_006,47
GCTTCAGACCCACCAAACCA_007,169
GCTTCAGACCCACCAAACCA_008,188
GCTTCAGACCCACCAAACCA_009,147
GCTTCAGACCCACCAAACCA_010,168
GCTTCAGACCCACCAAACCA_011,169
CCTTACAGGTCACCTTGAGG_001,19
CCTTACAGGTCACCTTGAGG_002,63
CCTTACAGGTCACCTTGAGG_003,113
CCTTACAGGTCACCTTGAGG_004,83
ACTGAATGATCCAAGCCCTG_001,152
ACTGAATGATCCAAGCCCTG_002,60
GTTGCAGGCACCATCGCTCG_001,4
GTTGCAGGCACCATCGCTCG_002,199
CTGGATACCTGTGGTCACAA_001,117
CTGGATACCTGTGGTCACAA_002,121
CTGGATACCTGTGGTCACAA_003,102
CTGGATACCTGTGGTCACAA_004,43
CTGGATACCTGTGGTCACAA_005,171
CTGGATACCTGTGGTCACAA_006,136
CTGGATACCTGTGGTCACAA_007,55
CTGGATACCTGTGGTCACAA_008,39
CTGGATACCTGTGGTCACAA_009,131
CTGGATACCTGTGGTCACAA_010,136
CTGGATACCTGTGGTCACAA_011,158
CTGGATACCTGTGGTCACAA_012,152
CTGGATACCTGTGGTCACAA_013,106
GATGTGTAGGACACCGTTGG_001,149
GATGTGTAGGACACCGTTGG_002,138
TGGGAATGGACAGCAACCTG_001,102
TGGGAATGGACAGCAACCTG_002,48
TGGGAATGGACAGCAACCTG_003,127
TGGGAATGGACAGCAACCTG_004,1
TGGGAATGGACAGCAACCTG_005,181
TGGGAATGGACAGCAACCTG_006,17
TGGGAATGGACAGCAACCTG_007,125
TGGGAATGGACAGCAACCTG_008,89
TGGGAATGGACAGCAACCTG_009,61
TGGGAATGGACAGCAACCTG_010,65
TGGGAATGGACAGCAACCTG_011,101
TGGGAATGGACAGCAACCTG_012,171
TGGGAATGGACAGCAACCTG_013,49
TGGGAATGGACAGCAACCTG_014,70
TGGGAATGGACAGCAACCTG_015,65
TGGGAATGGACAGCAACCTG_016,19
TGGGAATGGACAGCAACCTG_017,2
TGGGAATGGACAGCAACCTG_018,191
TGGGAATGGACAGCAACCTG_019,142
TGGGAATGGACAGCAACCTG_020,130
GCATACATGAAAGTCATGGG_001,77
GCATACATGAAAGTCATGGG_002,166
GCATACATGAAAGTCATGGG_003,33
GCATACATGAAAGTCATGGG_004,88
GCATACATGAAAGTCATGGG_005,48
GCATACATGAAAGTCATGGG_006,76
GCATACATGAAAGTCATGGG_007,174
GCATACATGAAAGTCATGGG_008,113
GCATACATGAAAGTCATGGG_009,102
GCATACATGAAAGTCATGGG_010,197
GCATACATGAAAGTCATGGG_011,8
GCATACATGAAAGTCATGGG_012,82
GCATACATGAAAGTCATGGG_013,1
GCATACATGAAAGTCATGGG_014,130
GCATACATGAAAGTCATGGG_015,29
GCATACATGAAAGTCATGGG_016,63
GCATACATGAAAGTCATGGG_017,50
GCATACATGAAAGTCATGGG_018,19
GTGCATCTGTCACATAACTG_001,49
GTGCATCTGTCACATAACTG_002,19
GTGCATCTGTCACATAACTG_003,88
GTGCATCTGTCACATAACTG_004,181
GACTTTGCTAAACAGCTACC_001,118
GACTTTGCTAAACAGCTACC_002,161
GACTTTGCTAAACAGCTACC_003,91
GACTTTGCTAAACAGCTACC_004,194
GACTTTGCTAAACAGCTACC_005,82
GACTTTGCTAAACAGCTACC_006,0
GACTTTGCTAAACAGCTACC_007,163
GACTTTGCTAAACAGCTACC_008,78
GACTTTGCTAAACAGCTACC_009,175
GACTTTGCTAAACAGCTACC_010,105
GACTTTGCTAAACAGCTACC_011,164
CAACGTCTATCGCCACCTGA_001,105
CAACGTCTATCGCCACCTGA_002,110
CAACGTCTATCGCCACCTGA_003,35
GATCCATTGGAACCACACCA_001,6
GATCCATTGGAACCACACCA_002,170
GATCCATTGGAACCACACCA_003,2
GATCCATTGGAACCACACCA_004,88
GATCCATTGGAACCACACCA_005,144
GATCCATTGGAACCACACCA_006,148
GATCCATTGGAACCACACCA_007,168
GATCCATTGGAACCACACCA_008,28
GATCCATTGGAACCACACCA_009,121
GATCCATTGGAACCACACCA_010,63
GATCCATTGGAACCACACCA_011,14
GATCCATTGGAACCACACCA_012,173
ATATGACCAACTCTAGAACA_001,111
ATATGACCAACTCTAGAACA_002,68
ATATGACCAACTCTAGAACA_003,37
ATATGACCAACTCTAGAACA_004,69
TCCCTCCTAATATCAAACAG_001,159
TCCCTCCTAATATCAAACAG_002,90
TCCCTCCTAATATCAAACAG_003,119
TCCGCGGGTAAGCTTCACCA_001,62
TCCGCGGGTAAGCTTCACCA_002,9
TCCGCGGGTAAGCTTCACCA_003,89
TCCGCGGGTAAGCTTCACCA_004,168
TCCGCGGGTAAGCTTCACCA_005,126
TCCGCGGGTAAGCTTCACCA_006,121
TCCGCGGGTAAGCTTCACCA_007,137
TCCGCGGGTAAGCTTCACCA_008,115
TCCGCGGGTAAGCTTCACCA_009,19
TCCGCGGGTAAGCTTCACCA_010,66
AGGGAAGTCACAGAAGAAGT_001,31
AGGGAAGTCACAGAAGAAGT_002,9
TGGGGCACTCTCGGATTAAG_001,199
TGGGGCACTCTCGGATTAAG_002,60
TGGGGCACTCTCGGATTAAG_003,152
TGGGGCACTCTCGGATTAAG_004,86
ACCTTGGGTTGCGCTCGACG_001,94
ACCTTGGGTTGCGCTCGACG_002,188
ACCTTGGGTTGCGCTCGACG_003,156
ACCTTGGGTTGCGCTCGACG_004,70
ACCTTGGGTTGCGCTCGACG_005,116
ACCTTGGGTTGCGCTCGACG_006,15
ACCTTGGGTTGCGCTCGACG_007,169
ACCTTGGGTTGCGCTCGACG_008,190
ACCTTGGGTTGCGCTCGACG_009,182
ACCTTGGGTTGCGCTCGACG_010,119
ACCTTGGGTTGCGCTCGACG_011,76
ACCTTGGGTTGCGCTCGACG_012,105
ACCTTGGGTTGCGCTCGACG_013,64
ACCTTGGGTTGCGCTCGACG_014,108
ACCTTGGGTTGCGCTCGACG_015,46
ACCTTGGGTTGCGCTCGACG_016,167
ACCTTGGGTTGCGCTCGACG_017,160
ACCTTGGGTTGCGCTCGACG_018,174
ACCTTGGGTTGCGCTCGACG_019,177
ACCTTGGGTTGCGCTCGACG_020,149
ACCTTGGGTTGCGCTCGACG_021,150
ACCTTGGGTTGCGCTCGACG_022,170
ACCTTGGGTTGCGCTCGACG_023,136
ACCTTGGGTTGCGCTCGACG_024,36
GTTTGCCATCACAGGACTCG_001,174
GTTTGCCATCACAGGACTCG_002,62
GTTTGCCATCACAGGACTCG_003,48
GTTTGCCATCACAGGACTCG_004,99
GTTTGCCATCACAGGACTCG_005,152
GTTTGCCATCACAGGACTCG_006,34
GTTTGCCATCACAGGACTCG_007,40
CCGCAGACTTCGGCTACCTA_001,3
CCGCAGACTTCGGCTACCTA_002,20
CCGCAGACTTCGGCTACCTA_003,57
CCGCAGACTTCGGCTACCTA_004,113
CCGCAGACTTCGGCTACCTA_005,101
CCGCAGACTTCGGCTACCTA_006,147
CCGCAGACTTCGGCTACCTA_007,88
CCGCAGACTTCGGCTACCTA_008,198
CCGCAGACTTCGGCTACCTA_009,80
CCGCAGACTTCGGCTACCTA_010,197
TCATGATAATGACAGACGAC_001,17
TCATGATAATGACAGACGAC_002,123
TCATGATAATGACAGACGAC_003,70
AATGACTACCGTGTCAGCGG_001,32
AATGACTACCGTGTCAGCGG_002,105
AATGACTACCGTGTCAGCGG_003,158
AATGACTACCGTGTCAGCGG_004,134
AATGACTACCGTGTCAGCGG_005,113
AATGACTACCGTGTCAGCGG_006,98
AATGACTACCGTGTCAGCGG_007,174
AATGACTACCGTGTCAGCGG_008,62
AATGACTACCGTGTCAGCGG_009,126
ACAACATCCACAGACTCTGG_001,199
ACAACATCCACAGACTCTGG_002,128
CGACCGCGCGTCCTACGGAG_001,127
CGACCGCGCGTCCTACGGAG_002,80
CGACCGCGCGTCCTACGGAG_003,29
CGACCGCGCGTCCTACGGAG_004,147
CGACCGCGCGTCCTACGGAG_005,184
CGACCGCGCGTCCTACGGAG_006,198
CGACCGCGCGTCCTACGGAG_007,40
CGACCGCGCGTCCTACGGAG_008,143
CGACCGCGCGTCCTACGGAG_009,37
CGACCGCGCGTCCTACGGAG_010,52
CGACCGCGCGTCCTACGGAG_011,63
TGATTGTGGCATCAGGACAA_001,94
TGATTGTGGCATCAGGACAA_002,0
TGATTGTGGCATCAGGACAA_003,34
TGATTGTGGCATCAGGACAA_004,154
TGATTGTGGCATCAGGACAA_005,140
TGATTGTGGCATCAGGACAA_006,83
TGATTGTGGCATCAGGACAA_007,30
TGATTGTGGCATCAGGACAA_008,145
TGATTGTGGCATCAGGACAA_009,121
TGATTGTGGCATCAGGACAA_010,86
TGATTGTGGCATCAGGACAA_011,102
TGATTGTGGCATCAGGACAA_012,49
TGATTGTGGCATCAGGACAA_013,88
TGATTGTGGCATCAGGACAA_014,61
TGATTGTGGCATCAGGACAA_015,121
TGATTGTGGCATCAGGACAA_016,42
TGATTGTGGCATCAGGACAA_017,83
TGATTGTGGCATCAGGACAA_018,160
TGATTGTGGCATCAGGACAA_019,62
TGATTGTGGCATCAGGACAA_020,40
GCTTCCATCGCGCCAAAAGG_001,163
GCTTCCATCGCGCCAAAAGG_002,142
GCTTCCATCGCGCCAAAAGG_003,175
GCTTCCATCGCGCCAAAAGG_004,127
GCTTCCATCGCGCCAAAAGG_005,147
GCTTCCATCGCGCCAAAAGG_006,38
GCTTCCATCGCGCCAAAAGG_007,46
GCTTCCATCGCGCCAAAAGG_008,1
GCTTCCATCGCGCCAAAAGG_009,150
GCTTCCATCGCGCCAAAAGG_010,71
GCTTCCATCGCGCCAAAAGG_011,128
GCTTCCATCGCGCCAAAAGG_012,103
GCTTCCATCGCGCCAAAAGG_013,63
GCTTCCATCGCGCCAAAAGG_014,23
GCTTCCATCGCGCCAAAAGG_015,34
GCTTCCATCGCGCCAAAAGG_016,0
GCTTCCATCGCGCCAAAAGG_017,124
CTCAGTCAGACAGATCTCAA_001,29
CTCAGTCAGACAGATCTCAA_002,78
CTCAGTCAGACAGATCTCAA_003,37
CTCAGTCAGACAGATCTCAA_004,41
CTCAGTCAGACAGATCTCAA_005,176
CTCAGTCAGACAGATCTCAA_006,73
CTCAGTCAGACAGATCTCAA_007,94
CTCAGTCAGACAGATCTCAA_008,11
CTGAGAGGTCAAATGCACAG_001,72
CTGAGAGGTCAAATGCACAG_002,72
CTGAGAGGTCAAATGCACAG_003,15
CTGAGAGGTCAAATGCACAG_004,158
CTGAGAGGTCAAATGCACAG_005,199
CTGAGAGGTCAAATGCACAG_006,13
CTGAGAGGTCAAATGCACAG_007,185
CTGAGAGGTCAAATGCACAG_008,10
CTGAGAGGTCAAATGCACAG_009,38
GCGGCCCTCCAAGTACACGT_001,183
GCGGCCCTCCAAGTACACGT_002,18
GCGGCCCTCCAAGTACACGT_003,166
GCGGCCCTCCAAGTACACGT_004,27
GCGGCCCTCCAAGTACACGT_005,122
GCGGCCCTCCAAGTACACGT_006,15
GCGGCCCTCCAAGTACACGT_007,38
GTTGATTAGATCTTTACACC_001,12
GTTGATTAGATCTTTACACC_002,15
GTTGATTAGATCTTTACACC_003,98
ACAAGGAGCTCGAAGGACCG_001,191
ACAAGGAGCTCGAAGGACCG_002,2
ACAAGGAGCTCGAAGGACCG_003,199
ACAAGGAGCTCGAAGGACCG_004,74
ACAAGGAGCTCGAAGGACCG_005,49
ACAAGGAGCTCGAAGGACCG_006,199
ACAAGGAGCTCGAAGGACCG_007,40
ACAAGGAGCTCGAAGGACCG_008,106
CTTACACGTGCGATCAGTGT_001,27
GTCATTGGTTATGACCACGA_001,113
GTCATTGGTTATGACCACGA_002,140
GTCATTGGTTATGACCACGA_003,91
AACTAGAATAGGCGGGCTTG_001,142
AACTAGAATAGGCGGGCTTG_002,41
AACTAGAATAGGCGGGCTTG_003,156
AACTAGAATAGGCGGGCTTG_004,155
AACTAGAATAGGCGGGCTTG_005,56
AACTAGAATAGGCGGGCTTG_006,147
AACTAGAATAGGCGGGCTTG_007,102
AACTAGAATAGGCGGGCTTG_008,41
AACTAGAATAGGCGGGCTTG_009,30
AACTAGAATAGGCGGGCTTG_010,28
GACAGTTACGAAACCCGTGC_001,15
GACAGTTACGAAACCCGTGC_002,199
GACAGTTACGAAACCCGTGC_003,163
GGAACGGTCATCCCACTCGG_001,169
GGAACGGTCATCCCACTCGG_002,152
GGAACGGTCATCCCACTCGG_003,97
GGAACGGTCATCCCACTCGG_004,9
GGAACGGTCATCCCACTCGG_005,154
GGAACGGTCATCCCACTCGG_006,33
GGAACGGTCATCCCACTCGG_007,84
GGAACGGTCATCCCACTCGG_008,108
GGAACGGTCATCCCACTCGG_009,132
GGAACGGTCATCCCACTCGG_010,90
GGAACGGTCATCCCACTCGG_011,39
GGAACGGTCATCCCACTCGG_012,20
TCACTGTCATGAGTTCTCCG_001,127
TCACTGTCATGAGTTCTCCG_002,94
TCACTGTCATGAGTTCTCCG_003,58
TCACTGTCATGAGTTCTCCG_004,40
TCACTGTCATGAGTTCTCCG_005,107
TCACTGTCATGAGTTCTCCG_006,147
TCACTGTCATGAGTTCTCCG_007,67
TCACTGTCATGAGTTCTCCG_008,199
TCACTGTCATGAGTTCTCCG_009,199
TCACTGTCATGAGTTCTCCG_010,23
TCACTGTCATGAGTTCTCCG_011,11
TCACTGTCATGAGTTCTCCG_012,199
TCACTGTCATGAGTTCTCCG_013,17
TCACTGTCATGAGTTCTCCG_014,50
TCACTGTCATGAGTTCTCCG_015,23
GTGCTACTGAGCGCTCAGGG_001,126
GTGCTACTGAGCGCTCAGGG_002,162
GTGCTACTGAGCGCTCAGGG_003,128
GTGCTACTGAGCGCTCAGGG_004,94
GTGCTACTGAGCGCTCAGGG_005,77
GTGCTACTGAGCGCTCAGGG_006,5
GTGCTACTGAGCGCTCAGGG_007,76
GTGCTACTGAGCGCTCAGGG_008,37
TCCCAAGGGTTTAAGTCGGG_001,54
TCCCAAGGGTTTAAGTCGGG_002,141
TCCCAAGGGTTTAAGTCGGG_003,60
TCCCAAGGGTTTAAGTCGGG_004,77
TCCCAAGGGTTTAAGTCGGG_005,88
TCCCAAGGGTTTAAGTCGGG_006,157
TCCCAAGGGTTTAAGTCGGG_007,54
TCCCAAGGGTTTAAGTCGGG_008,101
TCCCAAGGGTTTAAGTCGGG_009,101
TCCCAAGGGTTTAAGTCGGG_010,103
TCCCAAGGGTTTAAGTCGGG_011,1
TCCCAAGGGTTTAAGTCGGG_012,104
TCCCAAGGGTTTAAGTCGGG_013,148
AGACACGTGAGCACTAACCC_001,4
AGTATTGACCATATACAAGG_001,32
AGTATTGACCATATACAAGG_002,190
GGTGGAAGTCGTGGTAACTT_001,76
GGTGGAAGTCGTGGTAACTT_002,187
TTCTACAAATCAGTTCACAG_001,97
TTCTACAAATCAGTTCACAG_002,83
TTCTACAAATCAGTTCACAG_003,185
TTCTACAAATCAGTTCACAG_004,2
TTCTACAAATCAGTTCACAG_005,48
TTCTACAAATCAGTTCACAG_006,188
TTCTACAAATCAGTTCACAG_007,144
ACAAAAGATCCATCTCGAGT_001,58
ACAAAAGATCCATCTCGAGT_002,28
CATATACACCAGAATACCGG_001,38
CATATACACCAGAATACCGG_002,62
CATATACACCAGAATACCGG_003,115
CATATACACCAGAATACCGG_004,28
CATATACACCAGAATACCGG_005,10
GATTCCGTGGTCATCCTCGG_001,121
GATTCCGTGGTCATCCTCGG_002,117
GATTCCGTGGTCATCCTCGG_003,102
GATTCCGTGGTCATCCTCGG_004,142
GATTCCGTGGTCATCCTCGG_005,62
GATTCCGTGGTCATCCTCGG_006,65
GATTCCGTGGTCATCCTCGG_007,162
GATTCCGTGGTCATCCTCGG_008,48
GATTCCGTGGTCATCCTCGG_009,1
GATTCCGTGGTCATCCTCGG_010,160
GATTCCGTGGTCATCCTCGG_011,117
GATTCCGTGGTCATCCTCGG_012,106
GATTCCGTGGTCATCCTCGG_013,36
GATTCCGTGGTCATCCTCGG_014,145
TTCACATAAGCTGATGCGGA_001,61
TTCACATAAGCTGATGCGGA_002,149
TTCACATAAGCTGATGCGGA_003,75
TTCACATAAGCTGATGCGGA_004,199
GAGCACGAGAGCCTTAAGAG_001,166
GAGCACGAGAGCCTTAAGAG_002,181
GAGCACGAGAGCCTTAAGAG_003,72
GAGCACGAGAGCCTTAAGAG_004,5
GAGCACGAGAGCCTTAAGAG_005,145
GAGCACGAGAGCCTTAAGAG_006,169
GAGCACGAGAGCCTTAAGAG_007,190
GAGCACGAGAGCCTTAAGAG_008,113
GAGCACGAGAGCCTTAAGAG_009,69
GAGCACGAGAGCCTTAAGAG_010,60
GAGCACGAGAGCCTTAAGAG_011,56
GAGCACGAGAGCCTTAAGAG_012,128
GAGCACGAGAGCCTTAAGAG_013,62
GAGCACGAGAGCCTTAAGAG_014,117
GAGCACGAGAGCCTTAAGAG_015,194
GAGCACGAGAGCCTTAAGAG_016,135
GAGCACGAGAGCCTTAAGAG_017,32
GAGCACGAGAGCCTTAAGAG_018,177
GAGCACGAGAGCCTTAAGAG_019,34
GAGCACGAGAGCCTTAAGAG_020,3
GAGCACGAGAGCCTTAAGAG_021,14
GAGCACGAGAGCCTTAAGAG_022,150
GAGCACGAGAGCCTTAAGAG_023,67
GAGCACGAGAGCCTTAAGAG_024,6
GAGCACGAGAGCCTTAAGAG_025,89
GAGCACGAGAGCCTTAAGAG_026,77
GAGCACGAGAGCCTTAAGAG_027,77
GAGCACGAGAGCCTTAAGAG_028,16
GAGCACGAGAGCCTTAAGAG_029,53
CGTGGACCCAATCTAGCACG_001,42
CGTGGACCCAATCTAGCACG_002,6
CGTGGACCCAATCTAGCACG_003,43
CGTGGACCCAATCTAGCACG_004,12
GCAGTCATACCTACCCGGCA_001,30
GCAGTCATACCTACCCGGCA_002,174
GCAGTCATACCTACCCGGCA_003,29
GCAGTCATACCTACCCGGCA_004,193
GCAGTCATACCTACCCGGCA_005,127
GCAGTCATACCTACCCGGCA_006,49
TATTCCACCCAGTCTTACAC_001,14
TATTCCACCCAGTCTTACAC_002,68
TATTCCACCCAGTCTTACAC_003,171
TATTCCACCCAGTCTTACAC_004,132
AAGTAGCAAGTCTCCCGCGT_001,59
AAGTAGCAAGTCTCCCGCGT_002,25
AAGTAGCAAGTCTCCCGCGT_003,162
AAGTAGCAAGTCTCCCGCGT_004,15
AAGTAGCAAGTCTCCCGCGT_005,198
AAGTAGCAAGTCTCCCGCGT_006,164
AAGTAGCAAGTCTCCCGCGT_007,132
AAGTAGCAAGTCTCCCGCGT_008,167
AAGTAGCAAGTCTCCCGCGT_009,115
AAGTAGCAAGTCTCCCGCGT_010,185
AAGTAGCAAGTCTCCCGCGT_011,166
AAGTAGCAAGTCTCCCGCGT_012,5
AAGTAGCAAGTCTCCCGCGT_013,191
AAGTAGCAAGTCTCCCGCGT_014,65
AAGTAGCAAGTCTCCCGCGT_015,44
AAAGGGCGAGAAGTCCAAGT_001,56
AAAGGGCGAGAAGTCCAAGT_002,111
AAAGGGCGAGAAGTCCAAGT_003,190
AAAGGGCGAGAAGTCCAAGT_004,176
AAAGGGCGAGAAGTCCAAGT_005,4
AAAGGGCGAGAAGTCCAAGT_006,110
AAAGGGCGAGAAGTCCAAGT_007,34
AAAGGGCGAGAAGTCCAAGT_008,115
CGGGCATCGAGAGTTCAGAG_001,65
CGGGCATCGAGAGTTCAGAG_002,98
CGGGCATCGAGAGTTCAGAG_003,9
CGGGCATCGAGAGTTCAGAG_004,49
CGGGCATCGAGAGTTCAGAG_005,106
CGGGCATCGAGAGTTCAGAG_006,27
CGGGCATCGAGAGTTCAGAG_007,93
CGGGCATCGAGAGTTCAGAG_008,83
CGGGCATCGAGAGTTCAGAG_009,54
CGGGCATCGAGAGTTCAGAG_010,169
CGGGCATCGAGAGTTCAGAG_011,115
CGGGCATCGAGAGTTCAGAG_012,122
CGGGCATCGAGAGTTCAGAG_013,34
CGGGCATCGAGAGTTCAGAG_014,161
CGGGCATCGAGAGTTCAGAG_015,81
CGGGCATCGAGAGTTCAGAG_016,62
CGGGCATCGAGAGTTCAGAG_017,88
CGGGCATCGAGAGTTCAGAG_018,65
CGGGCATCGAGAGTTCAGAG_019,124
CGGGCATCGAGAGTTCAGAG_020,196
TCTTTGAATGCCATGCGACA_001,32
TCTTTGAATGCCATGCGACA_002,81
TCTTTGAATGCCATGCGACA_003,190
TCTTTGAATGCCATGCGACA_004,170
TCTTTGAATGCCATGCGACA_005,146
TCTTTGAATGCCATGCGACA_006,48
TCTTTGAATGCCATGCGACA_007,125
TCTTTGAATGCCATGCGACA_008,179
TCTTTGAATGCCATGCGACA_009,60
TCTTTGAATGCCATGCGACA_010,1
TAACATGCCACCTTCGCACA_001,81
TAACATGCCACCTTCGCACA_002,29
TAACATGCCACCTTCGCACA_003,171
TAACATGCCACCTTCGCACA_004,23
TAACATGCCACCTTCGCACA_005,43
TAACATGCCACCTTCGCACA_006,179
TAACATGCCACCTTCGCACA_007,154
TAACATGCCACCTTCGCACA_008,90
TAACATGCCACCTTCGCACA_009,56
TAACATGCCACCTTCGCACA_010,116
TAACATGCCACCTTCGCACA_011,14
TAACATGCCACCTTCGCACA_012,23
TAACATGCCACCTTCGCACA_013,94
TAACATGCCACCTTCGCACA_014,134
TAACATGCCACCTTCGCACA_015,158
TAACATGCCACCTTCGCACA_016,184
GCGAGGGCGTGAACGATGTG_001,15
GCGAGGGCGTGAACGATGTG_002,104
GCGAGGGCGTGAACGATGTG_003,130
GCGAGGGCGTGAACGATGTG_004,182
GCGAGGGCGTGAACGATGTG_005,174
GCGAGGGCGTGAACGATGTG_006,154
GCGAGGGCGTGAACGATGTG_007,190
GCGAGGGCGTGAACGATGTG_008,165
TGTATAAGTCCCTCTGAACA_001,72
TGTATAAGTCCCTCTGAACA_002,137
AGGTGGGGCTTCCGTAAGTG_001,150
AGGTGGGGCTTCCGTAAGTG_002,177
AGGTGGGGCTTCCGTAAGTG_003,105
AGGTGGGGCTTCCGTAAGTG_004,32
AGGTGGGGCTTCCGTAAGTG_005,98
AGGTGGGGCTTCCGTAAGTG_006,33
AGGTGGGGCTTCCGTAAGTG_007,105
AGGTGGGGCTTCCGTAAGTG_008,72
AGGTGGGGCTTCCGTAAGTG_009,62
AGGTGGGGCTTCCGTAAGTG_010,160
AGGTGGGGCTTCCGTAAGTG_011,78
AGGTGGGGCTTCCGTAAGTG_012,188
AGGTGGGGCTTCCGTAAGTG_013,57
AGGTGGGGCTTCCGTAAGTG_014,130
AGGTGGGGCTTCCGTAAGTG_015,182
AGGTGGGGCTTCCGTAAGTG_016,94
AGGTGGGGCTTCCGTAAGTG_017,23
TGAGGTTTGGATAATTGGTG_001,41
TGAGGTTTGGATAATTGGTG_002,105
TGAGGTTTGGATAATTGGTG_003,154
TTTGGTCTGGAACTGACAGA_001,122
TTTGGTCTGGAACTGACAGA_002,58
TTTGGTCTGGAACTGACAGA_003,29
TTTGGTCTGGAACTGACAGA_004,160
TTTGGTCTGGAACTGACAGA_005,130
TTTGGTCTGGAACTGACAGA_006,136
TTTGGTCTGGAACTGACAGA_007,138
TTTGGTCTGGAACTGACAGA_008,157
TTTGGTCTGGAACTGACAGA_009,157
AACCATCTTTGGAACAATGG_001,198
AACCATCTTTGGAACAATGG_002,118
AACCATCTTTGGAACAATGG_003,115
AACCATCTTTGGAACAATGG_004,188
AACCATCTTTGGAACAATGG_005,91
AACCATCTTTGGAACAATGG_006,19
AACCATCTTTGGAACAATGG_007,77
AACCATCTTTGGAACAATGG_008,71
AACCATCTTTGGAACAATGG_009,146
GGAACAACCTAGCCATCCAG_001,183
GGAACAACCTAGCCATCCAG_002,83
GGAACAACCTAGCCATCCAG_003,148
GGAACAACCTAGCCATCCAG_004,48
GGAACAACCTAGCCATCCAG_005,52
GGAACAACCTAGCCATCCAG_006,127
GGAACAACCTAGCCATCCAG_007,187
GGAACAACCTAGCCATCCAG_008,105
GGAACAACCTAGCCATCCAG_009,170
ACTTTCTGAAGAGATCCAGA_001,172
ACTTTCTGAAGAGATCCAGA_002,146
ACTTTCTGAAGAGATCCAGA_003,99
ACTTTCTGAAGAGATCCAGA_004,78
GCGGCGGCAAGATGGAAAGG_001,25
GCGGCGGCAAGATGGAAAGG_002,109
GCGGCGGCAAGATGGAAAGG_003,53
GCGGCGGCAAGATGGAAAGG_004,80
GCGGCGGCAAGATGGAAAGG_005,6
GCGGCGGCAAGATGGAAAGG_006,47
GCGGCGGCAAGATGGAAAGG_007,113
GCGGCGGCAAGATGGAAAGG_008,172
GCGGCGGCAAGATGGAAAGG_009,84
GCGGCGGCAAGATGGAAAGG_010,89
AATTGAGAGAATCTTAGGAC_001,181
AATTGAGAGAATCTTAGGAC_002,118
AGTGATCTAGGTGAGGACGA_001,84
AGTGATCTAGGTGAGGACGA_002,22
AGTGATCTAGGTGAGGACGA_003,14
AGTGATCTAGGTGAGGACGA_004,41
AGTGATCTAGGTGAGGACGA_005,127
AGTGATCTAGGTGAGGACGA_006,81
AGTGATCTAGGTGAGGACGA_007,178
AGTGATCTAGGTGAGGACGA_008,37
AGTGATCTAGGTGAGGACGA_009,45
AGTGATCTAGGTGAGGACGA_010,112
AGTGATCTAGGTGAGGACGA_011,39
AGTGATCTAGGTGAGGACGA_012,90
AGTGATCTAGGTGAGGACGA_013,28
TTTATATTACAAGTTGGCAG_001,1
TGTGGCAGCTTCTGCAGACT_001,101
TGTGGCAGCTTCTGCAGACT_002,105
AGAAGCACTGAAATTGAAGG_001,81
AGAAGCACTGAAATTGAAGG_002,38
AGAAGCACTGAAATTGAAGG_003,162
AGAAGCACTGAAATTGAAGG_004,52
AGAAGCACTGAAATTGAAGG_005,161
AGAAGCACTGAAATTGAAGG_006,62
AGAAGCACTGAAATTGAAGG_007,21
AGAAGCACTGAAATTGAAGG_008,141
AGAAGCACTGAAATTGAAGG_009,104
AGAAGCACTGAAATTGAAGG_010,42
AGAAGCACTGAAATTGAAGG_011,150
AGAAGCACTGAAATTGAAGG_012,4
AGAAGCACTGAAATTGAAGG_013,27
AGAAGCACTGAAATTGAAGG_014,63
AGAAGCACTGAAATTGAAGG_015,170
AGAAGCACTGAAATTGAAGG_016,121
AGAAGCACTGAAATTGAAGG_017,11
AGACACTGCGGCCAGTACGG_001,72
AGACACTGCGGCCAGTACGG_002,17
AGACACTGCGGCCAGTACGG_003,127
AGACACTGCGGCCAGTACGG_004,135
AGACACTGCGGCCAGTACGG_005,40
AGACACTGCGGCCAGTACGG_006,154
AGACACTGCGGCCAGTACGG_007,158
AGACACTGCGGCCAGTACGG_008,168
AGACACTGCGGCCAGTACGG_009,192
AGACACTGCGGCCAGTACGG_010,172
AGACACTGCGGCCAGTACGG_011,2
AGACACTGCGGCCAGTACGG_012,29
AGACACTGCGGCCAGTACGG_013,157
AGACACTGCGGCCAGTACGG_014,169
AGACACTGCGGCCAGTACGG_015,34
AGACACTGCGGCCAGTACGG_016,117
AGACACTGCGGCCAGTACGG_017,8
AGACACTGCGGCCAGTACGG_018,140
AGACACTGCGGCCAGTACGG_019,12
AGACACTGCGGCCAGTACGG_020,76
AGACACTGCGGCCAGTACGG_021,88
AGACACTGCGGCCAGTACGG_022,85
AGACACTGCGGCCAGTACGG_023,44
AGACACTGCGGCCAGTACGG_024,58
AGACACTGCGGCCAGTACGG_025,172
AGACACTGCGGCCAGTACGG_026,70
AGACACTGCGGCCAGTACGG_027,66
AGACACTGCGGCCAGTACGG_028,66
AGACACTGCGGCCAGTACGG_029,34
AGACACTGCGGCCAGTACGG_030,157
AGACACTGCGGCCAGTACGG_031,31
AGACACTGCGGCCAGTACGG_032,83
AGACACTGCGGCCAGTACGG_033,156
TCGCCGACCTCTCTAGACTG_001,188
TCGCCGACCTCTCTAGACTG_002,130
TCGCCGACCTCTCTAGACTG_003,192
TCGCCGACCTCTCTAGACTG_004,162
TCGCCGACCTCTCTAGACTG_005,102
GGTGTTGGAGTACCTTACGG_001,94
GGTGTTGGAGTACCTTACGG_002,105
GGTGTTGGAGTACCTTACGG_003,150
GGTGTTGGAGTACCTTACGG_004,192
GGTGTTGGAGTACCTTACGG_005,33
GTGGTGACTTACCAGCCACG_001,47
AAGAACTGGCCAGATCGCGC_001,15
AAGAACTGGCCAGATCGCGC_002,190
AAGAACTGGCCAGATCGCGC_003,25
AAGAACTGGCCAGATCGCGC_004,76
AAGAACTGGCCAGATCGCGC_005,53
AAGAACTGGCCAGATCGCGC_006,55
AAGAACTGGCCAGATCGCGC_007,170
AGTTTGCAGAAAAGCAACTG_001,177
AGTTTGCAGAAAAGCAACTG_002,15
AGTTTGCAGAAAAGCAACTG_003,70
AGTTTGCAGAAAAGCAACTG_004,158
AGTTTGCAGAAAAGCAACTG_005,114
AGTTTGCAGAAAAGCAACTG_006,6
AGTTTGCAGAAAAGCAACTG_007,125
AGTTTGCAGAAAAGCAACTG_008,42
AGTTTGCAGAAAAGCAACTG_009,132
AGTTTGCAGAAAAGCAACTG_010,34
AGTTTGCAGAAAAGCAACTG_011,12
AGTTTGCAGAAAAGCAACTG_012,5
AGTTTGCAGAAAAGCAACTG_013,130
AAATAATGGCATCAGAAGAG_001,137
AAATAATGGCATCAGAAGAG_002,58
TAATTTCGTACAGCAACTTG_001,44
TAATTTCGTACAGCAACTTG_002,55
TAATTTCGTACAGCAACTTG_003,162
TAATTTCGTACAGCAACTTG_004,90
TTCCAAAACATATTCCCGAA_001,6
TTCCAAAACATATTCCCGAA_002,77
TTCCAAAACATATTCCCGAA_003,40
GTGGACGCCATCGTCAACGC_001,191
GTGGACGCCATCGTCAACGC_002,29
GTGGACGCCATCGTCAACGC_003,165
GTGGACGCCATCGTCAACGC_004,98
GTGGACGCCATCGTCAACGC_005,57
GTGGACGCCATCGTCAACGC_006,121
GAGCACCTTTCACTCAGTAG_001,139
GAGCACCTTTCACTCAGTAG_002,13
GAGCACCTTTCACTCAGTAG_003,27
GAGCACCTTTCACTCAGTAG_004,56
CACAGCGATCTCAATTAGGA_001,129
CACAGCGATCTCAATTAGGA_002,53
CACAGCGATCTCAATTAGGA_003,112
CACAGCGATCTCAATTAGGA_004,62
CACAGCGATCTCAATTAGGA_005,56
CACAGCGATCTCAATTAGGA_006,119
CACAGCGATCTCAATTAGGA_007,176
CACAGCGATCTCAATTAGGA_008,168
CACAGCGATCTCAATTAGGA_009,103
CACAGCGATCTCAATTAGGA_010,41
CACAGCGATCTCAATTAGGA_011,11
CACAGCGATCTCAATTAGGA_012,178
CACAGCGATCTCAATTAGGA_013,35
CACAGCGATCTCAATTAGGA_014,100
CACAGCGATCTCAATTAGGA_015,19
CACAGCGATCTCAATTAGGA_016,173
CACAGCGATCTCAATTAGGA_017,57
CACAGCGATCTCAATTAGGA_018,94
CACAGCGATCTCAATTAGGA_019,137
CACAGCGATCTCAATTAGGA_020,24
CACAGCGATCTCAATTAGGA_021,3
CCTGACTAACTTCCATGGCA_001,81
CAGACATCCATACTGACAGG_001,98
CAGACATCCATACTGACAGG_002,6
CAGACATCCATACTGACAGG_003,131
CAGACATCCATACTGACAGG_004,165
CAGACATCCATACTGACAGG_005,46
GCAAATTCTCAAGCGACAAG_001,17
GCAAATTCTCAAGCGACAAG_002,70
GCAAATTCTCAAGCGACAAG_003,197
GCAAATTCTCAAGCGACAAG_004,75
GCAAATTCTCAAGCGACAAG_005,182
GCAAATTCTCAAGCGACAAG_006,52
GCAAATTCTCAAGCGACAAG_007,52
GCAAATTCTCAAGCGACAAG_008,166
GCAAATTCTCAAGCGACAAG_009,126
ACTCGTAAAGGACCGCAATG_001,163
ACTCGTAAAGGACCGCAATG_002,1
ACTCGTAAAGGACCGCAATG_003,189
ACTCGTAAAGGACCGCAATG_004,82
ACTCGTAAAGGACCGCAATG_005,1
ACTCGTAAAGGACCGCAATG_006,145
ACTCGTAAAGGACCGCAATG_007,72
ACTCGTAAAGGACCGCAATG_008,164
ACTCGTAAAGGACCGCAATG_009,164
ACTCGTAAAGGACCGCAATG_010,127
ACTCGTAAAGGACCGCAATG_011,68
ACTCGTAAAGGACCGCAATG_012,46
ACTCGTAAAGGACCGCAATG_013,134
ACTCGTAAAGGACCGCAATG_014,75
ACTCGTAAAGGACCGCAATG_015,174
ACTCGTAAAGGACCGCAATG_016,88
ACTCGTAAAGGACCGCAATG_017,188
ACTCGTAAAGGACCGCAATG_018,116
ACTCGTAAAGGACCGCAATG_019,29
ACTCGTAAAGGACCGCAATG_020,29
ACTCGTAAAGGACCGCAATG_021,169
ACTCGTAAAGGACCGCAATG_022,149
ACTCGTAAAGGACCGCAATG_023,140
ACTCGTAAAGGACCGCAATG_024,199
ACTCGTAAAGGACCGCAATG_025,105
ACTCGTAAAGGACCGCAATG_026,9
ACTCGTAAAGGACCGCAATG_027,88
ACTCGTAAAGGACCGCAATG_028,141
ACTCGTAAAGGACCGCAATG_029,15
ACTCGTAAAGGACCGCAATG_030,16
ACTCGTAAAGGACCGCAATG_031,188
ACTCGTAAAGGACCGCAATG_032,92
ACTCGTAAAGGACCGCAATG_033,78
ACTCGTAAAGGACCGCAATG_034,42
ACTCGTAAAGGACCGCAATG_035,66
ACTCGTAAAGGACCGCAATG_036,99
ACTCGTAAAGGACCGCAATG_037,46
ACTCGTAAAGGACCGCAATG_038,170
ACTCGTAAAGGACCGCAATG_039,11
ACTCGTAAAGGACCGCAATG_040,136
GAAGATATTGTACGAGACAG_001,79
GAAGATATTGTACGAGACAG_002,166
GAAGATATTGTACGAGACAG_003,115
GAAGATATTGTACGAGACAG_004,18
GAAGATATTGTACGAGACAG_005,88
GAAGATATTGTACGAGACAG_006,130
GGTGGTCCTGTTAATTCGAG_001,126
GGTGGTCCTGTTAATTCGAG_002,19
GGTGGTCCTGTTAATTCGAG_003,52
GGTGGTCCTGTTAATTCGAG_004,77
GGTGGTCCTGTTAATTCGAG_005,176
GGTGGTCCTGTTAATTCGAG_006,98
GGTGGTCCTGTTAATTCGAG_007,54
GGTGGTCCTGTTAATTCGAG_008,195
GGTGGTCCTGTTAATTCGAG_009,150
GGTGGTCCTGTTAATTCGAG_010,92
GGTGGTCCTGTTAATTCGAG_011,70
GGTGGTCCTGTTAATTCGAG_012,52
GGTGGTCCTGTTAATTCGAG_013,63
GGTGGTCCTGTTAATTCGAG_014,138
GGTGGTCCTGTTAATTCGAG_015,52
CTGGCACACCTCCTTACGCA_001,130
CTGGCACACCTCCTTACGCA_002,113
CTGGCACACCTCCTTACGCA_003,74
CTGGCACACCTCCTTACGCA_004,27
CTGGCACACCTCCTTACGCA_005,57
GGTTAGTCAGAGGTTACACG_001,12
GGTTAGTCAGAGGTTACACG_002,139
GGTTAGTCAGAGGTTACACG_003,49
GGTTAGTCAGAGGTTACACG_004,88
GGTTAGTCAGAGGTTACACG_005,28
GGTTAGTCAGAGGTTACACG_006,169
GGTTAGTCAGAGGTTACACG_007,44
GGTTAGTCAGAGGTTACACG_008,29
GGTTAGTCAGAGGTTACACG_009,15
GGTTAGTCAGAGGTTACACG_010,161
GGTTAGTCAGAGGTTACACG_011,178
GGTTAGTCAGAGGTTACACG_012,6
GGTTAGTCAGAGGTTACACG_013,83
GGTTAGTCAGAGGTTACACG_014,17
CCTCCGCGGAGGCTGCCTCG_001,94
CCTCCGCGGAGGCTGCCTCG_002,25
CCTCCGCGGAGGCTGCCTCG_003,130
CCTCCGCGGAGGCTGCCTCG_004,118
CCTCCGCGGAGGCTGCCTCG_005,191
CCTCCGCGGAGGCTGCCTCG_006,87
CCTCCGCGGAGGCTGCCTCG_007,32
CCTCCGCGGAGGCTGCCTCG_008,181
CCTCCGCGGAGGCTGCCTCG_009,137
CCTCCGCGGAGGCTGCCTCG_010,113
CCTCCGCGGAGGCTGCCTCG_011,86
CCTCCGCGGAGGCTGCCTCG_012,52
CCTCCGCGGAGGCTGCCTCG_013,147
CCTCCGCGGAGGCTGCCTCG_014,5
CCTCCGCGGAGGCTGCCTCG_015,104
CCTCCGCGGAGGCTGCCTCG_016,15
CCTCCGCGGAGGCTGCCTCG_017,78
CCTCCGCGGAGGCTGCCTCG_018,92
CCTCCGCGGAGGCTGCCTCG_019,168
CCTCCGCGGAGGCTGCCTCG_020,175
CCTCCGCGGAGGCTGCCTCG_021,27
CCTCCGCGGAGGCTGCCTCG_022,78
CCTCCGCGGAGGCTGCCTCG_023,94
CCTCCGCGGAGGCTGCCTCG_024,1
CCTCCGCGGAGGCTGCCTCG_025,169
CCTCCGCGGAGGCTGCCTCG_026,146
CCTCCGCGGAGGCTGCCTCG_027,35
CCTCCGCGGAGGCTGCCTCG_028,22
CCTCCGCGGAGGCTGCCTCG_029,158
CCTCCGCGGAGGCTGCCTCG_030,98
CCTCCGCGGAGGCTGCCTCG_031,115
CCTCCGCGGAGGCTGCCTCG_032,0
CCTCCGCGGAGGCTGCCTCG_033,133
CCTCCGCGGAGGCTGCCTCG_034,183
CCTCCGCGGAGGCTGCCTCG_035,40
CCTCCGCGGAGGCTGCCTCG_036,10
CCTCCGCGGAGGCTGCCTCG_037,80
CCTCCGCGGAGGCTGCCTCG_038,97
CCTCCGCGGAGGCTGCCTCG_039,147
CCTCCGCGGAGGCTGCCTCG_040,130
CCTCCGCGGAGGCTGCCTCG_041,28
CCTCCGCGGAGGCTGCCTCG_042,133
CCTCCGCGGAGGCTGCCTCG_043,197
CCTCCGCGGAGGCTGCCTCG_044,155
CCTCCGCGGAGGCTGCCTCG_045,78
CCTCCGCGGAGGCTGCCTCG_046,78
TGTGGAAGAAAACTTCCCAC_001,154
TGTGGAAGAAAACTTCCCAC_002,184
TGTGGAAGAAAACTTCCCAC_003,29
TGTGGAAGAAAACTTCCCAC_004,181
TGTGGAAGAAAACTTCCCAC_005,195
TGTGGAAGAAAACTTCCCAC_006,2
TGTGGAAGAAAACTTCCCAC_007,105
TGTGGAAGAAAACTTCCCAC_008,99
TGTGGAAGAAAACTTCCCAC_009,83
TGTGGAAGAAAACTTCCCAC_010,106
TGTGGAAGAAAACTTCCCAC_011,2
TGTGGAAGAAAACTTCCCAC_012,16
TGTGGAAGAAAACTTCCCAC_013,175
CGGTCGCTATCCAAATGGCC_001,13
CGGTCGCTATCCAAATGGCC_002,19
CAGGTGTATCGTCAGTACGT_001,184
CAGGTGTATCGTCAGTACGT_002,121
CAGGTGTATCGTCAGTACGT_003,24
CAGGTGTATCGTCAGTACGT_004,98
AAGACCCTTACCAGAAGCAG_001,94
AAGACCCTTACCAGAAGCAG_002,191
AAGACCCTTACCAGAAGCAG_003,187
AAGACCCTTACCAGAAGCAG_004,161
AAGACCCTTACCAGAAGCAG_005,188
AAGACCCTTACCAGAAGCAG_006,187
AAGACCCTTACCAGAAGCAG_007,25
AAGACCCTTACCAGAAGCAG_008,122
AAGACCCTTACCAGAAGCAG_009,193
AAGACCCTTACCAGAAGCAG_010,5
AAGACCCTTACCAGAAGCAG_011,78
AAGACCCTTACCAGAAGCAG_012,103
AAGACCCTTACCAGAAGCAG_013,43
AAGACCCTTACCAGAAGCAG_014,47
AAGACCCTTACCAGAAGCAG_015,103
AAGACCCTTACCAGAAGCAG_016,77
AAGACCCTTACCAGAAGCAG_017,49
AAGACCCTTACCAGAAGCAG_018,17
AAGACCCTTACCAGAAGCAG_019,77
AAGACCCTTACCAGAAGCAG_020,132
AAGACCCTTACCAGAAGCAG_021,4
AAGACCCTTACCAGAAGCAG_022,1
AAGACCCTTACCAGAAGCAG_023,175
AAGACCCTTACCAGAAGCAG_024,34
AAGACCCTTACCAGAAGCAG_025,111
AAGACCCTTACCAGAAGCAG_026,6
GGCCTGGGACACGTACGACA_001,148
GGCCTGGGACACGTACGACA_002,171
GGCCTGGGACACGTACGACA_003,185
GGCCTGGGACACGTACGACA_004,149
GGCCTGGGACACGTACGACA_005,28
TCTTCATCTTGGCTTGACGT_001,61
TCTTCATCTTGGCTTGACGT_002,16
TCTTCATCTTGGCTTGACGT_003,41
TCTTCATCTTGGCTTGACGT_004,19
TCTTTGCCATAGTCACGACA_001,13
TCTTTGCCATAGTCACGACA_002,64
TCTTTGCCATAGTCACGACA_003,55
TCTTTGCCATAGTCACGACA_004,62
AGAAGTAGGTGGCCATCTCG_001,61
CCATGTCAGCGACACGTCCG_001,149
CCATGTCAGCGACACGTCCG_002,134
CCATGTCAGCGACACGTCCG_003,84
CCATGTCAGCGACACGTCCG_004,181
CCATGTCAGCGACACGTCCG_005,98
CCATGTCAGCGACACGTCCG_006,52
CCATGTCAGCGACACGTCCG_007,38
CCATGTCAGCGACACGTCCG_008,27
CCATGTCAGCGACACGTCCG_009,102
CCATGTCAGCGACACGTCCG_010,162
CCATGTCAGCGACACGTCCG_011,89
CCATGTCAGCGACACGTCCG_012,96
CCATGTCAGCGACACGTCCG_013,151
CCATGTCAGCGACACGTCCG_014,68
CCCCTCGCTGTGAAGAACGC_001,175
CCCCTCGCTGTGAAGAACGC_002,147
CCCCTCGCTGTGAAGAACGC_003,105
CCCCTCGCTGTGAAGAACGC_004,27
CCCCTCGCTGTGAAGAACGC_005,55
CCCCTCGCTGTGAAGAACGC_006,17
CCCCTCGCTGTGAAGAACGC_007,127
CCCCTCGCTGTGAAGAACGC_008,96
CCCCTCGCTGTGAAGAACGC_009,94
CCCCTCGCTGTGAAGAACGC_010,188
CCCCTCGCTGTGAAGAACGC_011,115
CCCCTCGCTGTGAAGAACGC_012,174
CCCCTCGCTGTGAAGAACGC_013,67
CCCCTCGCTGTGAAGAACGC_014,199
CCCCTCGCTGTGAAGAACGC_015,17
CCCCTCGCTGTGAAGAACGC_016,68
CCCCTCGCTGTGAAGAACGC_017,69
CCCCTCGCTGTGAAGAACGC_018,185
CCCCTCGCTGTGAAGAACGC_019,39
CCCCTCGCTGTGAAGAACGC_020,63
CCCCTCGCTGTGAAGAACGC_021,165
TCTGCTTTATGCTCTAAGCA_001,150
AAGAAGAAGTCTGATCCTGA_001,118
AAGAAGAAGTCTGATCCTGA_002,9
AAGAAGAAGTCTGATCCTGA_003,160
AAGAAGAAGTCTGATCCTGA_004,188
AAGAAGAAGTCTGATCCTGA_005,147
AAGAAGAAGTCTGATCCTGA_006,56
AAGAAGAAGTCTGATCCTGA_007,92
AAGAAGAAGTCTGATCCTGA_008,84
AAGAAGAAGTCTGATCCTGA_009,114
AAGAAGAAGTCTGATCCTGA_010,72
AAGAAGAAGTCTGATCCTGA_011,0
TGGACATCACCAATAACCCA_001,12
TGGACATCACCAATAACCCA_002,10
TGGACATCACCAATAACCCA_003,174
TGGACATCACCAATAACCCA_004,12
TGGACATCACCAATAACCCA_005,8
AGAAGCCATATATCCAAGTG_001,84
TAGCCAATCAGTAAGGCTGG_001,62
TAGCCAATCAGTAAGGCTGG_002,152
TAGCCAATCAGTAAGGCTGG_003,118
TAGCCAATCAGTAAGGCTGG_004,38
TAGCCAATCAGTAAGGCTGG_005,48
TAGCCAATCAGTAAGGCTGG_006,45
TAGCCAATCAGTAAGGCTGG_007,52
TAGCCAATCAGTAAGGCTGG_008,67
TAGCCAATCAGTAAGGCTGG_009,177
TAGCCAATCAGTAAGGCTGG_010,139
TAGCCAATCAGTAAGGCTGG_011,85
TAGCCAATCAGTAAGGCTGG_012,170
TAGCCAATCAGTAAGGCTGG_013,198
GTGGACGAAGAGGGTCCCGA_001,126
GTGGACGAAGAGGGTCCCGA_002,48
GTGGACGAAGAGGGTCCCGA_003,8
GTGGACGAAGAGGGTCCCGA_004,112
GTGGACGAAGAGGGTCCCGA_005,64
GTGGACGAAGAGGGTCCCGA_006,199
GTGGACGAAGAGGGTCCCGA_007,182
GTGGACGAAGAGGGTCCCGA_008,67
GTGGACGAAGAGGGTCCCGA_009,29
GTGGACGAAGAGGGTCCCGA_010,147
GTGGACGAAGAGGGTCCCGA_011,82
GTGGACGAAGAGGGTCCCGA_012,161
GTGGACGAAGAGGGTCCCGA_013,48
GTGGACGAAGAGGGTCCCGA_014,94
GTGGACGAAGAGGGTCCCGA_015,84
GTGGACGAAGAGGGTCCCGA_016,1
GTGGACGAAGAGGGTCCCGA_017,148
GTGGACGAAGAGGGTCCCGA_018,9
GTGGACGAAGAGGGTCCCGA_019,128
GTGGACGAAGAGGGTCCCGA_020,56
TCAGGGCAGAGATTTGACGT_001,188
TCAGGGCAGAGATTTGACGT_002,94
TCAGGGCAGAGATTTGACGT_003,31
TCAGGGCAGAGATTTGACGT_004,150
TCAGGGCAGAGATTTGACGT_005,175
TCAGGGCAGAGATTTGACGT_006,147
TCAGGGCAGAGATTTGACGT_007,147
TCAGGGCAGAGATTTGACGT_008,141
TCAGGGCAGAGATTTGACGT_009,152
TCAGGGCAGAGATTTGACGT_010,49
TCAGGGCAGAGATTTGACGT_011,11
ACCAGGTGCATCCAAGTGGA_001,198
ACCAGGTGCATCCAAGTGGA_002,77
ACCAGGTGCATCCAAGTGGA_003,103
ACCAGGTGCATCCAAGTGGA_004,152
ACCAGGTGCATCCAAGTGGA_005,162
ACCAGGTGCATCCAAGTGGA_006,169
ACCAGGTGCATCCAAGTGGA_007,124
ACCAGGTGCATCCAAGTGGA_008,30
ACCAGGTGCATCCAAGTGGA_009,57
ACCAGGTGCATCCAAGTGGA_010,101
ACCAGGTGCATCCAAGTGGA_011,15
ACCAGGTGCATCCAAGTGGA_012,80
ACCAGGTGCATCCAAGTGGA_013,47
ACCAGGTGCATCCAAGTGGA_014,102
ACCAGGTGCATCCAAGTGGA_015,171
ACCAGGTGCATCCAAGTGGA_016,42
ACCAGGTGCATCCAAGTGGA_017,151
ACCAGGTGCATCCAAGTGGA_018,198
ACCAGGTGCATCCAAGTGGA_019,150
ACCAGGTGCATCCAAGTGGA_020,150
ATAGCCCAAGTCATACTGGT_001,191
ATAGCCCAAGTCATACTGGT_002,129
ATAGCCCAAGTCATACTGGT_003,148
ATAGCCCAAGTCATACTGGT_004,20
ATAGCCCAAGTCATACTGGT_005,170
ATAGCCCAAGTCATACTGGT_006,105
ATAGCCCAAGTCATACTGGT_007,78
ATAGCCCAAGTCATACTGGT_008,145
ATAGCCCAAGTCATACTGGT_009,188
ATAGCCCAAGTCATACTGGT_010,176
ATAGCCCAAGTCATACTGGT_011,152
ACTATCTGAAGAACTGCTCG_001,32
ACTATCTGAAGAACTGCTCG_002,94
TGTGTGGACTATGCCAAGCG_001,149
AGAATTGTTATCAGCATGCG_001,154
AGAATTGTTATCAGCATGCG_002,58
AGAATTGTTATCAGCATGCG_003,132
AGAATTGTTATCAGCATGCG_004,88
AGAATTGTTATCAGCATGCG_005,187
AGAATTGTTATCAGCATGCG_006,33
AGAATTGTTATCAGCATGCG_007,41
GATTACTTGGATGGACACTG_001,77
GATTACTTGGATGGACACTG_002,121
GATTACTTGGATGGACACTG_003,102
GATTACTTGGATGGACACTG_004,144
GATTACTTGGATGGACACTG_005,96
GATTACTTGGATGGACACTG_006,81
GATTACTTGGATGGACACTG_007,25
GATTACTTGGATGGACACTG_008,88
GATTACTTGGATGGACACTG_009,9
GATTACTTGGATGGACACTG_010,146
GATTACTTGGATGGACACTG_011,78
GATTACTTGGATGGACACTG_012,162
GATTACTTGGATGGACACTG_013,123
GATTACTTGGATGGACACTG_014,81
GATTACTTGGATGGACACTG_015,102
GATTACTTGGATGGACACTG_016,127
GATTACTTGGATGGACACTG_017,113
GATTACTTGGATGGACACTG_018,186
CCACAGGAAAGTGACTGTAG_001,11
CCACAGGAAAGTGACTGTAG_002,62
CCACAGGAAAGTGACTGTAG_003,86
CCACAGGAAAGTGACTGTAG_004,198
AGGGGCGGTTACAGCTCTTG_001,61
AGGGGCGGTTACAGCTCTTG_002,18
AGGGGCGGTTACAGCTCTTG_003,154
AGGGGCGGTTACAGCTCTTG_004,196
AGGGGCGGTTACAGCTCTTG_005,127
AGGGGCGGTTACAGCTCTTG_006,135
AGGGGCGGTTACAGCTCTTG_007,161
AGGGGCGGTTACAGCTCTTG_008,185
AGGGGCGGTTACAGCTCTTG_009,168
AGGGGCGGTTACAGCTCTTG_010,144
AGGGGCGGTTACAGCTCTTG_011,121
AGGGGCGGTTACAGCTCTTG_012,123
AGGGGCGGTTACAGCTCTTG_013,169
AGGGGCGGTTACAGCTCTTG_014,123
AGGGGCGGTTACAGCTCTTG_015,52
AGGGGCGGTTACAGCTCTTG_016,153
AGGGGCGGTTACAGCTCTTG_017,156
AGGGGCGGTTACAGCTCTTG_018,10
AGGGGCGGTTACAGCTCTTG_019,196
AGGGGCGGTTACAGCTCTTG_020,168
CAATTGAATCTGTTATTGCA_001,34
CAATTGAATCTGTTATTGCA_002,40
ATTAGGACCAATAAGCGAGA_001,121
CTCCTGACCAAGGAAAGGCT_001,12
CTCCTGACCAAGGAAAGGCT_002,77
CTCCTGACCAAGGAAAGGCT_003,142
CTCCTGACCAAGGAAAGGCT_004,57
CTCCTGACCAAGGAAAGGCT_005,127
CTCCTGACCAAGGAAAGGCT_006,172
CTCCTGACCAAGGAAAGGCT_007,30
ACACACATGCCTTTCCAGAA_001,127
ACACACATGCCTTTCCAGAA_002,78
ACACACATGCCTTTCCAGAA_003,4
ACACACATGCCTTTCCAGAA_004,19
ACACACATGCCTTTCCAGAA_005,5
ACACACATGCCTTTCCAGAA_006,145
GACAAGGACGTAATTGCCCA_001,105
GACAAGGACGTAATTGCCCA_002,191
TTCATCAGTTACCGTGCAGA_001,15
TTCATCAGTTACCGTGCAGA_002,177
TTCATCAGTTACCGTGCAGA_003,138
TTCATCAGTTACCGTGCAGA_004,145
TTCATCAGTTACCGTGCAGA_005,46
TTCATCAGTTACCGTGCAGA_006,158
TTCATCAGTTACCGTGCAGA_007,84
TTCATCAGTTACCGTGCAGA_008,79
TTCATCAGTTACCGTGCAGA_009,159
TTCATCAGTTACCGTGCAGA_010,60
TTCATCAGTTACCGTGCAGA_011,52
GCAGCTGGGACCGCGCTACG_001,77
GCAGCTGGGACCGCGCTACG_002,150
GCAGCTGGGACCGCGCTACG_003,169
GCAGCTGGGACCGCGCTACG_004,42
GCAGCTGGGACCGCGCTACG_005,5
GCAGCTGGGACCGCGCTACG_006,134
GCAGCTGGGACCGCGCTACG_007,5
GCAGCTGGGACCGCGCTACG_008,94
GCAGCTGGGACCGCGCTACG_009,113
GCAGCTGGGACCGCGCTACG_010,199
GCAGCTGGGACCGCGCTACG_011,105
GCAGCTGGGACCGCGCTACG_012,92
GCAGCTGGGACCGCGCTACG_013,53
GCAGCTGGGACCGCGCTACG_014,43
GCAGCTGGGACCGCGCTACG_015,137
GCAGCTGGGACCGCGCTACG_016,199
GCAGCTGGGACCGCGCTACG_017,66
GCAGCTGGGACCGCGCTACG_018,56
GTCAGACTTCACATCTTGTG_001,137
GTCAGACTTCACATCTTGTG_002,97
TTGGAGACCTCTTCAATGGC_001,107
TTGGAGACCTCTTCAATGGC_002,170
GCATAACGTCCCCCGCCCAG_001,123
AAGGATCCAGGAGATAGCAC_001,137
AAGGATCCAGGAGATAGCAC_002,17
AAGGATCCAGGAGATAGCAC_003,113
AAGGATCCAGGAGATAGCAC_004,177
AAGGATCCAGGAGATAGCAC_005,162
AAGGATCCAGGAGATAGCAC_006,38
AAGGATCCAGGAGATAGCAC_007,81
AAGGATCCAGGAGATAGCAC_008,115
GAGCACTACTGCTACTCCCG_001,189
GAGCACTACTGCTACTCCCG_002,58
ACCTCGAGGACAGAACATGT_001,78
ACCTCGAGGACAGAACATGT_002,168
ACCTCGAGGACAGAACATGT_003,88
ACCTCGAGGACAGAACATGT_004,127
ACCTCGAGGACAGAACATGT_005,184
ACCTCGAGGACAGAACATGT_006,115
GTTAATAGAGGAATCAGTAC_001,49
GTTAATAGAGGAATCAGTAC_002,141
AGTTGACTGCGATGTCATCG_001,7
AGTTGACTGCGATGTCATCG_002,150
AGTTGACTGCGATGTCATCG_003,2
AGTTGACTGCGATGTCATCG_004,1
AGTTGACTGCGATGTCATCG_005,140
AGTTGACTGCGATGTCATCG_006,94
AGTTGACTGCGATGTCATCG_007,176
TGGACGCCGACAAAGGTGCG_001,88
TGGACGCCGACAAAGGTGCG_002,62
TGGACGCCGACAAAGGTGCG_003,189
TGGACGCCGACAAAGGTGCG_004,169
TGGACGCCGACAAAGGTGCG_005,42
TGGACGCCGACAAAGGTGCG_006,45
TGGACGCCGACAAAGGTGCG_007,41
TGGACGCCGACAAAGGTGCG_008,94
TGGACGCCGACAAAGGTGCG_009,172
TGGACGCCGACAAAGGTGCG_010,10
TGGACGCCGACAAAGGTGCG_011,19
CCTTATGAATGCCCTGAATG_001,198
CCTTATGAATGCCCTGAATG_002,116
CCTTATGAATGCCCTGAATG_003,103
CCTTATGAATGCCCTGAATG_004,175
CCTTATGAATGCCCTGAATG_005,130
CCTTATGAATGCCCTGAATG_006,115
CCTTATGAATGCCCTGAATG_007,61
CCTTATGAATGCCCTGAATG_008,96
CCTTATGAATGCCCTGAATG_009,69
CCTTATGAATGCCCTGAATG_010,149
CCTTATGAATGCCCTGAATG_011,79
CCTTATGAATGCCCTGAATG_012,22
CCTTATGAATGCCCTGAATG_013,197
CCTTATGAATGCCCTGAATG_014,108
AGGGGAAGAGCCTCTACCAT_001,42
AGGGGAAGAGCCTCTACCAT_002,15
AGGGGAAGAGCCTCTACCAT_003,170
AGGGGAAGAGCCTCTACCAT_004,90
AGGGGAAGAGCCTCTACCAT_005,98
AGGGGAAGAGCCTCTACCAT_006,26
AGGGGAAGAGCCTCTACCAT_007,176
AGGGGAAGAGCCTCTACCAT_008,48
AGGGGAAGAGCCTCTACCAT_009,127
AGGGGAAGAGCCTCTACCAT_010,55
AGGGGAAGAGCCTCTACCAT_011,66
AGGGGAAGAGCCTCTACCAT_012,85
AGGGGAAGAGCCTCTACCAT_013,15
AGGGGAAGAGCCTCTACCAT_014,189
AGGGGAAGAGCCTCTACCAT_015,147
AGGGGAAGAGCCTCTACCAT_016,172
AGGGGAAGAGCCTCTACCAT_017,53
AGGGGAAGAGCCTCTACCAT_018,62
AGGGGAAGAGCCTCTACCAT_019,166
AGGGGAAGAGCCTCTACCAT_020,79
AGGGGAAGAGCCTCTACCAT_021,58
CCGGGGTCTCCGCCACCGGG_001,32
CCGGGGTCTCCGCCACCGGG_002,1
CCGGGGTCTCCGCCACCGGG_003,118
CCGGGGTCTCCGCCACCGGG_004,8
CCGGGGTCTCCGCCACCGGG_005,192
CCGGGGTCTCCGCCACCGGG_006,156
CCGGGGTCTCCGCCACCGGG_007,103
CCGGGGTCTCCGCCACCGGG_008,103
CCGGGGTCTCCGCCACCGGG_009,158
CCGGGGTCTCCGCCACCGGG_010,20
CCGGGGTCTCCGCCACCGGG_011,70
CCGGGGTCTCCGCCACCGGG_012,144
CCGGGGTCTCCGCCACCGGG_013,183
CCGGGGTCTCCGCCACCGGG_014,7
CCGGGGTCTCCGCCACCGGG_015,15
CCGGGGTCTCCGCCACCGGG_016,3
GCGTGCGCACACAGACCGGT_001,160
GCGTGCGCACACAGACCGGT_002,196
GCGTGCGCACACAGACCGGT_003,181
GCGTGCGCACACAGACCGGT_004,143
GCGTGCGCACACAGACCGGT_005,24
GCGTGCGCACACAGACCGGT_006,26
GCGTGCGCACACAGACCGGT_007,115
GCGTGCGCACACAGACCGGT_008,78
GCGTGCGCACACAGACCGGT_009,2
GCGTGCGCACACAGACCGGT_010,48
CCCATGCGACGACCTCCCCA_001,2
CCCATGCGACGACCTCCCCA_002,184
CCCATGCGACGACCTCCCCA_003,44
CCCATGCGACGACCTCCCCA_004,174
CCCATGCGACGACCTCCCCA_005,196
CCCATGCGACGACCTCCCCA_006,185
CCCATGCGACGACCTCCCCA_007,130
CCCATGCGACGACCTCCCCA_008,159
CCCATGCGACGACCTCCCCA_009,115
CCCATGCGACGACCTCCCCA_010,169
CCCATGCGACGACCTCCCCA_011,199
CCCATGCGACGACCTCCCCA_012,178
CCCATGCGACGACCTCCCCA_013,150
CCCATGCGACGACCTCCCCA_014,160
CCCATGCGACGACCTCCCCA_015,20
CCCATGCGACGACCTCCCCA_016,159
CCCATGCGACGACCTCCCCA_017,169
CCCATGCGACGACCTCCCCA_018,191
CCCATGCGACGACCTCCCCA_019,102
CCCATGCGACGACCTCCCCA_020,180
CCCATGCGACGACCTCCCCA_021,30
CCCATGCGACGACCTCCCCA_022,115
CCCATGCGACGACCTCCCCA_023,188
CCCATGCGACGACCTCCCCA_024,77
CCCATGCGACGACCTCCCCA_025,31
CCCATGCGACGACCTCCCCA_026,1
CCCATGCGACGACCTCCCCA_027,33
CCCATGCGACGACCTCCCCA_028,49
CAACATACGGTGGAACGACG_001,6
CAACATACGGTGGAACGACG_002,98
CAACATACGGTGGAACGACG_003,16
CAACATACGGTGGAACGACG_004,153
CCACACTTACACAAGTCGTG_001,68
CCACACTTACACAAGTCGTG_002,94
CCACACTTACACAAGTCGTG_003,149
CCACACTTACACAAGTCGTG_004,135
CCACACTTACACAAGTCGTG_005,103
CCACACTTACACAAGTCGTG_006,199
CCACACTTACACAAGTCGTG_007,67
CCACACTTACACAAGTCGTG_008,65
CCACACTTACACAAGTCGTG_009,80
CCACACTTACACAAGTCGTG_010,159
CCACACTTACACAAGTCGTG_011,29
CGCCTTGAGGTTGTACACTG_001,62
CGCCTTGAGGTTGTACACTG_002,60
CGCCTTGAGGTTGTACACTG_003,191
CGCCTTGAGGTTGTACACTG_004,125
CGCCTTGAGGTTGTACACTG_005,195
CGCCTTGAGGTTGTACACTG_006,12
CGCCTTGAGGTTGTACACTG_007,121
CGCCTTGAGGTTGTACACTG_008,175
CGCCTTGAGGTTGTACACTG_009,105
CGCCTTGAGGTTGTACACTG_010,174
CGCCTTGAGGTTGTACACTG_011,42
CGCCTTGAGGTTGTACACTG_012,120
CGCCTTGAGGTTGTACACTG_013,99
CGCCTTGAGGTTGTACACTG_014,188
CGCCTTGAGGTTGTACACTG_015,23
CGCCTTGAGGTTGTACACTG_016,118
CGCCTTGAGGTTGTACACTG_017,130
CGCCTTGAGGTTGTACACTG_018,76
CGCCTTGAGGTTGTACACTG_019,176
CGCCTTGAGGTTGTACACTG_020,159
CGCCTTGAGGTTGTACACTG_021,187
CGCCTTGAGGTTGTACACTG_022,176
CGCCTTGAGGTTGTACACTG_023,198
CGCCTTGAGGTTGTACACTG_024,29
GAGGCAGCCGAACCCTCCTG_001,23
GAGGCAGCCGAACCCTCCTG_002,1
GAGGCAGCCGAACCCTCCTG_003,158
GAGGCAGCCGAACCCTCCTG_004,88
GAGGCAGCCGAACCCTCCTG_005,78
GAGGCAGCCGAACCCTCCTG_006,190
GAGGCAGCCGAACCCTCCTG_007,48
GAGGCAGCCGAACCCTCCTG_008,15
CAGGCGGTACCTGTATTAGG_001,133
CAGGCGGTACCTGTATTAGG_002,160
CTGCACTCGGATGTTGACCG_001,37
CTGCACTCGGATGTTGACCG_002,125
CTGCACTCGGATGTTGACCG_003,190
CTGCACTCGGATGTTGACCG_004,56
CTGCACTCGGATGTTGACCG_005,94
CTGCACTCGGATGTTGACCG_006,177
CTGCACTCGGATGTTGACCG_007,106
CTGCACTCGGATGTTGACCG_008,60
CTGCACTCGGATGTTGACCG_009,97
CTGCACTCGGATGTTGACCG_010,56
CTGCACTCGGATGTTGACCG_011,176
CTGCACTCGGATGTTGACCG_012,41
CTGCACTCGGATGTTGACCG_013,47
GGCAGCCGAGGTTCTCACGG_001,188
GGCAGCCGAGGTTCTCACGG_002,114
GGCAGCCGAGGTTCTCACGG_003,65
GGCAGCCGAGGTTCTCACGG_004,134
GGCAGCCGAGGTTCTCACGG_005,174
GGCAGCCGAGGTTCTCACGG_006,88
GGCAGCCGAGGTTCTCACGG_007,174
GGCAGCCGAGGTTCTCACGG_008,188
GGCAGCCGAGGTTCTCACGG_009,185
GGCAGCCGAGGTTCTCACGG_010,100
GGCAGCCGAGGTTCTCACGG_011,8
GGCAGCCGAGGTTCTCACGG_012,198
GGCAGCCGAGGTTCTCACGG_013,26
GGCAGCCGAGGTTCTCACGG_014,31
GGCAGCCGAGGTTCTCACGG_015,38
AAAAGGCTCAACATTTACAC_001,11
GAAAACAAGTACAGACTCAG_001,42
GAAAACAAGTACAGACTCAG_002,68
GAAAACAAGTACAGACTCAG_003,180
GAAAACAAGTACAGACTCAG_004,107
GAAAACAAGTACAGACTCAG_005,67
GAAAACAAGTACAGACTCAG_006,36
GAAAACAAGTACAGACTCAG_007,9
GAAAACAAGTACAGACTCAG_008,144
GAAAACAAGTACAGACTCAG_009,11
GAAAACAAGTACAGACTCAG_010,91
GAAAACAAGTACAGACTCAG_011,138
CTGTATCAAGAACATCTTCG_001,160
CTGTATCAAGAACATCTTCG_002,51
CTGTATCAAGAACATCTTCG_003,32
CTGTATCAAGAACATCTTCG_004,19
CTGTATCAAGAACATCTTCG_005,17
CTGTATCAAGAACATCTTCG_006,91
CTGTATCAAGAACATCTTCG_007,103
GATTGCCGAGGCCCGCAAGA_001,54
GATTGCCGAGGCCCGCAAGA_002,19
GATTGCCGAGGCCCGCAAGA_003,115
GATTGCCGAGGCCCGCAAGA_004,106
GATTGCCGAGGCCCGCAAGA_005,81
GATTGCCGAGGCCCGCAAGA_006,88
GATTGCCGAGGCCCGCAAGA_007,168
GATTGCCGAGGCCCGCAAGA_008,188
GATTGCCGAGGCCCGCAAGA_009,56
GATTGCCGAGGCCCGCAAGA_010,15
GATTGCCGAGGCCCGCAAGA_011,34
GATTGCCGAGGCCCGCAAGA_012,86
GATTGCCGAGGCCCGCAAGA_013,181
GATTGCCGAGGCCCGCAAGA_014,115
GATTGCCGAGGCCCGCAAGA_015,76
GATTGCCGAGGCCCGCAAGA_016,176
GATTGCCGAGGCCCGCAAGA_017,37
GATTGCCGAGGCCCGCAAGA_018,170
GATTGCCGAGGCCCGCAAGA_019,10
GATTGCCGAGGCCCGCAAGA_020,165
GATTGCCGAGGCCCGCAAGA_021,147
GATTGCCGAGGCCCGCAAGA_022,148
GATTGCCGAGGCCCGCAAGA_023,63
GATTGCCGAGGCCCGCAAGA_024,63
GATTGCCGAGGCCCGCAAGA_025,94
GATTGCCGAGGCCCGCAAGA_026,29
GATTGCCGAGGCCCGCAAGA_027,115
AGAGTAAGGGGATGACACCG_001,1
AGAGTAAGGGGATGACACCG_002,192
AGAGTAAGGGGATGACACCG_003,163
AGAGTAAGGGGATGACACCG_004,76
AGAGTAAGGGGATGACACCG_005,84
AGAGTAAGGGGATGACACCG_006,166
AGAGTAAGGGGATGACACCG_007,157
AGAGTAAGGGGATGACACCG_008,20
AGAGTAAGGGGATGACACCG_009,145
AGAGTAAGGGGATGACACCG_010,160
AGAGTAAGGGGATGACACCG_011,17
AGAGTAAGGGGATGACACCG_012,170
AGAGTAAGGGGATGACACCG_013,173
AGAGTAAGGGGATGACACCG_014,188
AGAGTAAGGGGATGACACCG_015,120
AGAGTAAGGGGATGACACCG_016,127
GAAGAAGCGCTTCTGGCACG_001,5
GAAGAAGCGCTTCTGGCACG_002,150
GTCCAGGGGATGGTAAAGCA_001,36
GTCCAGGGGATGGTAAAGCA_002,199
GTCCAGGGGATGGTAAAGCA_003,7
GTCCAGGGGATGGTAAAGCA_004,130
GTCCAGGGGATGGTAAAGCA_005,29
GTCCAGGGGATGGTAAAGCA_006,120
GTCCAGGGGATGGTAAAGCA_007,122
GTCCAGGGGATGGTAAAGCA_008,186
GTCCAGGGGATGGTAAAGCA_009,171
CAGAGAACTTAGTCGTACCC_001,91
GAGACTTCCGGTCTAGCGCG_001,127
GAGACTTCCGGTCTAGCGCG_002,145
GAGACTTCCGGTCTAGCGCG_003,159
GAGACTTCCGGTCTAGCGCG_004,18
GAGACTTCCGGTCTAGCGCG_005,122
GAGACTTCCGGTCTAGCGCG_006,36
GGAAGCTCAGAAAGCCACGC_001,28
GGAAGCTCAGAAAGCCACGC_002,92
GGAAGCTCAGAAAGCCACGC_003,78
GGAAGCTCAGAAAGCCACGC_004,63
GGAAGCTCAGAAAGCCACGC_005,127
GGAAGCTCAGAAAGCCACGC_006,130
GGAAGCTCAGAAAGCCACGC_007,58
GGAAGCTCAGAAAGCCACGC_008,91
GGAAGCTCAGAAAGCCACGC_009,43
GGAAGCTCAGAAAGCCACGC_010,100
CAGGTGAGTGTCCCAGCCCG_001,105
CAGGTGAGTGTCCCAGCCCG_002,186
CAGGTGAGTGTCCCAGCCCG_003,10
CAAGTGGTCTACAAGAGTCA_001,61
CAAGTGGTCTACAAGAGTCA_002,33
CAAGTGGTCTACAAGAGTCA_003,137
CAAGTGGTCTACAAGAGTCA_004,108
CAAGTGGTCTACAAGAGTCA_005,160
CAAGTGGTCTACAAGAGTCA_006,12
GCGACCTCGAGGAGTTTGTG_001,50
GCGACCTCGAGGAGTTTGTG_002,67
GCGACCTCGAGGAGTTTGTG_003,31
GCGACCTCGAGGAGTTTGTG_004,50
GCGACCTCGAGGAGTTTGTG_005,121
GCGACCTCGAGGAGTTTGTG_006,43
GCGACCTCGAGGAGTTTGTG_007,61
GCGACCTCGAGGAGTTTGTG_008,112
GCGACCTCGAGGAGTTTGTG_009,138
GCGACCTCGAGGAGTTTGTG_010,63
GCAGCAAGAGCAGCAGCCTG_001,160
GCAGCAAGAGCAGCAGCCTG_002,60
GCAGCAAGAGCAGCAGCCTG_003,84
GCAGCAAGAGCAGCAGCCTG_004,127
GCAGCAAGAGCAGCAGCCTG_005,151
GCAGCAAGAGCAGCAGCCTG_006,153
GCAGCAAGAGCAGCAGCCTG_007,123
GCAGCAAGAGCAGCAGCCTG_008,123
GCAGCAAGAGCAGCAGCCTG_009,175
GCAGCAAGAGCAGCAGCCTG_010,85
TGCCCGTTTGACTCAAGTAG_001,65
TGCCCGTTTGACTCAAGTAG_002,137
TGCCCGTTTGACTCAAGTAG_003,10
TGCCCGTTTGACTCAAGTAG_004,177
TGCCCGTTTGACTCAAGTAG_005,113
TGCCCGTTTGACTCAAGTAG_006,62
TGCCCGTTTGACTCAAGTAG_007,44
TGCCCGTTTGACTCAAGTAG_008,140
TGCCCGTTTGACTCAAGTAG_009,104
TGCCCGTTTGACTCAAGTAG_010,50
TGCCCGTTTGACTCAAGTAG_011,110
TACATGTTTAACCTCATCGT_001,27
TACATGTTTAACCTCATCGT_002,42
TACATGTTTAACCTCATCGT_003,115
TACATGTTTAACCTCATCGT_004,145
TACATGTTTAACCTCATCGT_005,26
TACATGTTTAACCTCATCGT_006,145
TACATGTTTAACCTCATCGT_007,56
TACATGTTTAACCTCATCGT_008,2
TGGACGATACTCACTCCGGC_001,29
TGGACGATACTCACTCCGGC_002,185
TGGACGATACTCACTCCGGC_003,85
TGGACGATACTCACTCCGGC_004,176
TGGACGATACTCACTCCGGC_005,99
TGGACGATACTCACTCCGGC_006,174
TGGACGATACTCACTCCGGC_007,23
TGGACGATACTCACTCCGGC_008,156
TGGACGATACTCACTCCGGC_009,179
TGGACGATACTCACTCCGGC_010,178
TGGACGATACTCACTCCGGC_011,84
CCGTCCGTGTCACTGTGTGA_001,17
CCGTCCGTGTCACTGTGTGA_002,29
CCGTCCGTGTCACTGTGTGA_003,88
CCGTCCGTGTCACTGTGTGA_004,107
CCGTCCGTGTCACTGTGTGA_005,150
CCGTCCGTGTCACTGTGTGA_006,82
CCGTCCGTGTCACTGTGTGA_007,113
CCGTCCGTGTCACTGTGTGA_008,93
CCGTCCGTGTCACTGTGTGA_009,161
CCGTCCGTGTCACTGTGTGA_010,88
CCGTCCGTGTCACTGTGTGA_011,68
CCGTCCGTGTCACTGTGTGA_012,138
CCGTCCGTGTCACTGTGTGA_013,168
CCGTCCGTGTCACTGTGTGA_014,101
AAAACAGCGTCCGCGCACTG_001,175
AAAACAGCGTCCGCGCACTG_002,127
AAAACAGCGTCCGCGCACTG_003,103
AAAACAGCGTCCGCGCACTG_004,127
AAAACAGCGTCCGCGCACTG_005,94
AAAACAGCGTCCGCGCACTG_006,108
AAAACAGCGTCCGCGCACTG_007,92
AAAACAGCGTCCGCGCACTG_008,194
AAAACAGCGTCCGCGCACTG_009,65
AAAACAGCGTCCGCGCACTG_010,160
AAAACAGCGTCCGCGCACTG_011,184
ACGGCCGTATCGAAGTCAAA_001,150
ACGGCCGTATCGAAGTCAAA_002,185
ACGGCCGTATCGAAGTCAAA_003,148
ACGGCCGTATCGAAGTCAAA_004,26
CCAACAGCGCGATGCCCCGG_001,145
CCAACAGCGCGATGCCCCGG_002,83
AAGAGATCACATCTAGGCCA_001,94
AAGAGATCACATCTAGGCCA_002,168
AAGAGATCACATCTAGGCCA_003,105
AAGAGATCACATCTAGGCCA_004,106
AAGAGATCACATCTAGGCCA_005,97
AAGAGATCACATCTAGGCCA_006,115
AAGAGATCACATCTAGGCCA_007,26
AAGAGATCACATCTAGGCCA_008,63
AAGAGATCACATCTAGGCCA_009,127
CATCTACTGTCTCACGTGTG_001,164
CATCTACTGTCTCACGTGTG_002,134
CATCTACTGTCTCACGTGTG_003,156
CATCTACTGTCTCACGTGTG_004,66
GCCAATGGGCACGAACACCT_001,11
GCCAATGGGCACGAACACCT_002,97
GCCAATGGGCACGAACACCT_003,166
GCCAATGGGCACGAACACCT_004,89
GCCAATGGGCACGAACACCT_005,76
GCCAATGGGCACGAACACCT_006,146
GCCAATGGGCACGAACACCT_007,178
GCCAATGGGCACGAACACCT_008,36
GCCAATGGGCACGAACACCT_009,141
GCCAATGGGCACGAACACCT_010,76
GCCAATGGGCACGAACACCT_011,9
GCCAATGGGCACGAACACCT_012,44
GCCAATGGGCACGAACACCT_013,78
GCCAATGGGCACGAACACCT_014,50
GCCAATGGGCACGAACACCT_015,88
GCCAATGGGCACGAACACCT_016,142
GCCAATGGGCACGAACACCT_017,190
GTGTGACACAGACCAGGCAC_001,174
GTGTGACACAGACCAGGCAC_002,133
GTGTGACACAGACCAGGCAC_003,177
GTGTGACACAGACCAGGCAC_004,48
GTGTGACACAGACCAGGCAC_005,47
GTGTGACACAGACCAGGCAC_006,178
GTGTGACACAGACCAGGCAC_007,130
GTGTGACACAGACCAGGCAC_008,168
GTGTGACACAGACCAGGCAC_009,94
GTGTGACACAGACCAGGCAC_010,105
TGTCTTGGCGAAAAGGAACG_001,198
TGTCTTGGCGAAAAGGAACG_002,130
CATTTGGAGCCAAATGTCCG_001,97
CATTTGGAGCCAAATGTCCG_002,110
CATTTGGAGCCAAATGTCCG_003,58
CATTTGGAGCCAAATGTCCG_004,19
CATTTGGAGCCAAATGTCCG_005,199
CATTTGGAGCCAAATGTCCG_006,29
ATGGGACCCGGAGATTGCAG_001,90
ATGGGACCCGGAGATTGCAG_002,78
ATGGGACCCGGAGATTGCAG_003,106
ATGGGACCCGGAGATTGCAG_004,17
ATGGGACCCGGAGATTGCAG_005,48
ATGGGACCCGGAGATTGCAG_006,172
ATGGGACCCGGAGATTGCAG_007,156
ATGGGACCCGGAGATTGCAG_008,28
ATGGGACCCGGAGATTGCAG_009,28
ATGGGACCCGGAGATTGCAG_010,27
ATGGGACCCGGAGATTGCAG_011,64
ATGGGACCCGGAGATTGCAG_012,132
ATGGGACCCGGAGATTGCAG_013,87
ATGGGACCCGGAGATTGCAG_014,87
ATGGGACCCGGAGATTGCAG_015,145
ATGGGACCCGGAGATTGCAG_016,78
ATGGGACCCGGAGATTGCAG_017,81
ATGGGACCCGGAGATTGCAG_018,87
ATGGGACCCGGAGATTGCAG_019,162
ATGGGACCCGGAGATTGCAG_020,96
ATGGGACCCGGAGATTGCAG_021,116
ATGGGACCCGGAGATTGCAG_022,156
ATGGGACCCGGAGATTGCAG_023,146
ATGGGACCCGGAGATTGCAG_024,9
ATGGGACCCGGAGATTGCAG_025,23
ATGGGACCCGGAGATTGCAG_026,150
AAGCTCAGCCTCGTTAAACG_001,115
AAGCTCAGCCTCGTTAAACG_002,36
AAGCTCAGCCTCGTTAAACG_003,178
AAGCTCAGCCTCGTTAAACG_004,190
AAGCTCAGCCTCGTTAAACG_005,41
AAGCTCAGCCTCGTTAAACG_006,0
AAGCTCAGCCTCGTTAAACG_007,136
AAGCTCAGCCTCGTTAAACG_008,81
AAGCTCAGCCTCGTTAAACG_009,60
AAGCTCAGCCTCGTTAAACG_010,195
AAGCTCAGCCTCGTTAAACG_011,32
AAGCTCAGCCTCGTTAAACG_012,103
AAGCTCAGCCTCGTTAAACG_013,138
AAGCTCAGCCTCGTTAAACG_014,17
CCTTTGAACAGCATCCTGGT_001,135
CCTTTGAACAGCATCCTGGT_002,117
CCTTTGAACAGCATCCTGGT_003,82
CCTTTGAACAGCATCCTGGT_004,40
CCTTTGAACAGCATCCTGGT_005,168
CCTTTGAACAGCATCCTGGT_006,161
CCTTTGAACAGCATCCTGGT_007,178
CCTTTGAACAGCATCCTGGT_008,88
CCTTTGAACAGCATCCTGGT_009,40
GACGGGCAGGCACTTGACCA_001,61
GACGGGCAGGCACTTGACCA_002,130
GACGGGCAGGCACTTGACCA_003,194
GACGGGCAGGCACTTGACCA_004,34
GACGGGCAGGCACTTGACCA_005,168
GACGGGCAGGCACTTGACCA_006,103
GACGGGCAGGCACTTGACCA_007,40
GACGGGCAGGCACTTGACCA_008,127
CCAAGTCCGAGGCTGAACCG_001,28
CCAAGTCCGAGGCTGAACCG_002,137
CCAAGTCCGAGGCTGAACCG_003,69
CCAAGTCCGAGGCTGAACCG_004,51
CCAAGTCCGAGGCTGAACCG_005,63
CCAAGTCCGAGGCTGAACCG_006,63
CCAAGTCCGAGGCTGAACCG_007,85
CCAAGTCCGAGGCTGAACCG_008,88
CCAAGTCCGAGGCTGAACCG_009,102
CCAAGTCCGAGGCTGAACCG_010,88
CCAAGTCCGAGGCTGAACCG_011,189
CCAAGTCCGAGGCTGAACCG_012,189
CCAAGTCCGAGGCTGAACCG_013,22
CCAAGTCCGAGGCTGAACCG_014,15
CCAAGTCCGAGGCTGAACCG_015,184
CCAAGTCCGAGGCTGAACCG_016,19
CCAAGTCCGAGGCTGAACCG_017,19
CCAAGTCCGAGGCTGAACCG_018,169
CCAAGTCCGAGGCTGAACCG_019,60
CCAAGTCCGAGGCTGAACCG_020,168
CCAAGTCCGAGGCTGAACCG_021,9
CCAAGTCCGAGGCTGAACCG_022,40
CCAAGTCCGAGGCTGAACCG_023,9
CCAAGTCCGAGGCTGAACCG_024,192
CCAAGTCCGAGGCTGAACCG_025,147
CCAAGTCCGAGGCTGAACCG_026,11
CCAAGTCCGAGGCTGAACCG_027,181
CCAAGTCCGAGGCTGAACCG_028,22
CCAAGTCCGAGGCTGAACCG_029,84
CCAAGTCCGAGGCTGAACCG_030,199
CCAAGTCCGAGGCTGAACCG_031,199
CCAAGTCCGAGGCTGAACCG_032,161
CCAAGTCCGAGGCTGAACCG_033,162
CCAAGTCCGAGGCTGAACCG_034,11
CCAAGTCCGAGGCTGAACCG_035,16
CCAAGTCCGAGGCTGAACCG_036,3
CCAAGTCCGAGGCTGAACCG_037,113
CCAAGTCCGAGGCTGAACCG_038,39
CCAAGTCCGAGGCTGAACCG_039,34
CCAAGTCCGAGGCTGAACCG_040,56
CCAAGTCCGAGGCTGAACCG_041,92
CCAAGTCCGAGGCTGAACCG_042,187
CCAAGTCCGAGGCTGAACCG_043,149
CCAAGTCCGAGGCTGAACCG_044,70
CCAAGTCCGAGGCTGAACCG_045,23
CCAAGTCCGAGGCTGAACCG_046,169
CCAAGTCCGAGGCTGAACCG_047,130
CATGATAGATCAGTCTTCCC_001,67
TGGATCGATGTGTTTCCCAG_001,48
TGGATCGATGTGTTTCCCAG_002,12
TGGATCGATGTGTTTCCCAG_003,156
TGGATCGATGTGTTTCCCAG_004,137
TGGATCGATGTGTTTCCCAG_005,78
TGGATCGATGTGTTTCCCAG_006,11
TGGATCGATGTGTTTCCCAG_007,73
TGGATCGATGTGTTTCCCAG_008,183
TGGATCGATGTGTTTCCCAG_009,8
TGGATCGATGTGTTTCCCAG_010,94
TGGATCGATGTGTTTCCCAG_011,73
TGGATCGATGTGTTTCCCAG_012,158
TGGATCGATGTGTTTCCCAG_013,121
TGGATCGATGTGTTTCCCAG_014,176
TGGATCGATGTGTTTCCCAG_015,136
GAAGCCTGACAGGACCGGTG_001,1
GAAGCCTGACAGGACCGGTG_002,76
GAAGCCTGACAGGACCGGTG_003,103
GAAGCCTGACAGGACCGGTG_004,94
GAAGCCTGACAGGACCGGTG_005,53
GAAGCCTGACAGGACCGGTG_006,138
GAAGCCTGACAGGACCGGTG_007,138
GAAGCCTGACAGGACCGGTG_008,56
GAAGCCTGACAGGACCGGTG_009,46
GAAGCCTGACAGGACCGGTG_010,169
GAAGCCTGACAGGACCGGTG_011,108
GAAGCCTGACAGGACCGGTG_012,47
GAAGCCTGACAGGACCGGTG_013,11
GAAGCCTGACAGGACCGGTG_014,90
GAAGCCTGACAGGACCGGTG_015,3
GAAGCCTGACAGGACCGGTG_016,81
GAAGCCTGACAGGACCGGTG_017,115
GAAGCCTGACAGGACCGGTG_018,160
TGGTCAAGGAGCACATGTAG_001,63
GGGCTCCAGTTGGGTTGCGG_001,53
GGGCTCCAGTTGGGTTGCGG_002,42
GGGCTCCAGTTGGGTTGCGG_003,198
GGGCTCCAGTTGGGTTGCGG_004,94
GGGCTCCAGTTGGGTTGCGG_005,23
GGGCTCCAGTTGGGTTGCGG_006,49
GGGCTCCAGTTGGGTTGCGG_007,26
GGGCTCCAGTTGGGTTGCGG_008,197
GGGCTCCAGTTGGGTTGCGG_009,193
GGGCTCCAGTTGGGTTGCGG_010,11
TTTACCGATAGCAGCCATCG_001,154
CCGGAAAAGACAGTTGACTC_001,114
AGCCCCACCTCGCAACGGGT_001,56
AGCCCCACCTCGCAACGGGT_002,145
AGCCCCACCTCGCAACGGGT_003,12
AGCCCCACCTCGCAACGGGT_004,105
AGCCCCACCTCGCAACGGGT_005,67
AGCCCCACCTCGCAACGGGT_006,158
AGCCCCACCTCGCAACGGGT_007,160
AGCCCCACCTCGCAACGGGT_008,16
AGCCCCACCTCGCAACGGGT_009,178
AGCCCCACCTCGCAACGGGT_010,149
AAGCTCCCCAGACGAGATGG_001,52
AAGCTCCCCAGACGAGATGG_002,172
AAGCTCCCCAGACGAGATGG_003,105
AAGCTCCCCAGACGAGATGG_004,161
AAGCTCCCCAGACGAGATGG_005,184
AAGCTCCCCAGACGAGATGG_006,70
AAGCTCCCCAGACGAGATGG_007,161
AAGCTCCCCAGACGAGATGG_008,34
AAGCTCCCCAGACGAGATGG_009,121
AAGCTCCCCAGACGAGATGG_010,50
AAGCTCCCCAGACGAGATGG_011,68
AAGCTCCCCAGACGAGATGG_012,17
AAGCTCCCCAGACGAGATGG_013,129
CCGGGCTGGGTAGAGTGATG_001,123
CCGGGCTGGGTAGAGTGATG_002,82
CCGGGCTGGGTAGAGTGATG_003,76
CCGGGCTGGGTAGAGTGATG_004,147
CCGGGCTGGGTAGAGTGATG_005,49
CCGGGCTGGGTAGAGTGATG_006,198
CCGGGCTGGGTAGAGTGATG_007,199
CCGGGCTGGGTAGAGTGATG_008,53
ACCATCGCCAGCGCTCAGCG_001,40
ACCATCGCCAGCGCTCAGCG_002,129
ACCATCGCCAGCGCTCAGCG_003,62
ACCATCGCCAGCGCTCAGCG_004,45
ACCATCGCCAGCGCTCAGCG_005,99
AGTTCCGTGAATACAAGGTG_001,174
AGTTCCGTGAATACAAGGTG_002,94
AGTTCCGTGAATACAAGGTG_003,60
AGTTCCGTGAATACAAGGTG_004,199
AGTTCCGTGAATACAAGGTG_005,147
AGTTCCGTGAATACAAGGTG_006,24
AGTTCCGTGAATACAAGGTG_007,83
AGTTCCGTGAATACAAGGTG_008,181
AGTTCCGTGAATACAAGGTG_009,79
AGTTCCGTGAATACAAGGTG_010,79
AGTTCCGTGAATACAAGGTG_011,105
AGTTCCGTGAATACAAGGTG_012,175
AGTTCCGTGAATACAAGGTG_013,184
AGTTCCGTGAATACAAGGTG_014,60
AGTTCCGTGAATACAAGGTG_015,141
AGTTCCGTGAATACAAGGTG_016,121
AGTTCCGTGAATACAAGGTG_017,126
ATATCCACAGCACTACCCAA_001,191
ATATCCACAGCACTACCCAA_002,127
ATATCCACAGCACTACCCAA_003,127
ATATCCACAGCACTACCCAA_004,113
ATATCCACAGCACTACCCAA_005,175
ATATCCACAGCACTACCCAA_006,122
AGAGCACTTCAAGACATGGG_001,23
AGAGCACTTCAAGACATGGG_002,84
AGAGCACTTCAAGACATGGG_003,32
CCTTGTCCATAAGTAATCCA_001,28
CCTTGTCCATAAGTAATCCA_002,122
CCTTGTCCATAAGTAATCCA_003,94
CCTTGTCCATAAGTAATCCA_004,168
CCTTGTCCATAAGTAATCCA_005,197
CCTTGTCCATAAGTAATCCA_006,32
CCTTGTCCATAAGTAATCCA_007,127
CTCACCATCGGTTCGCCCCG_001,48
CTCACCATCGGTTCGCCCCG_002,23
CTCACCATCGGTTCGCCCCG_003,175
CTCACCATCGGTTCGCCCCG_004,51
CTCACCATCGGTTCGCCCCG_005,65
CTCACCATCGGTTCGCCCCG_006,99
CTCACCATCGGTTCGCCCCG_007,113
CTCACCATCGGTTCGCCCCG_008,96
CTCACCATCGGTTCGCCCCG_009,198
CTCACCATCGGTTCGCCCCG_010,98
CTCACCATCGGTTCGCCCCG_011,67
CTCACCATCGGTTCGCCCCG_012,135
CTCACCATCGGTTCGCCCCG_013,185
CTCACCATCGGTTCGCCCCG_014,37
CTCACCATCGGTTCGCCCCG_015,146
CTCACCATCGGTTCGCCCCG_016,78
CTCACCATCGGTTCGCCCCG_017,69
CTGACCGAAGAGTTCCTCGG_001,60
CTGACCGAAGAGTTCCTCGG_002,137
CTGACCGAAGAGTTCCTCGG_003,196
CTGACCGAAGAGTTCCTCGG_004,28
CTGACCGAAGAGTTCCTCGG_005,50
CTGACCGAAGAGTTCCTCGG_006,119
CTGACCGAAGAGTTCCTCGG_007,154
CTGACCGAAGAGTTCCTCGG_008,15
CTGACCGAAGAGTTCCTCGG_009,41
CTGACCGAAGAGTTCCTCGG_010,119
CTGACCGAAGAGTTCCTCGG_011,192
CTGACCGAAGAGTTCCTCGG_012,34
CTGACCGAAGAGTTCCTCGG_013,91
CTGACCGAAGAGTTCCTCGG_014,135
CTGACCGAAGAGTTCCTCGG_015,14
CTGACCGAAGAGTTCCTCGG_016,49
CTGACCGAAGAGTTCCTCGG_017,15
CTGACCGAAGAGTTCCTCGG_018,14
CTGACCGAAGAGTTCCTCGG_019,148
CTGACCGAAGAGTTCCTCGG_020,125
CTGACCGAAGAGTTCCTCGG_021,185
CTGACCGAAGAGTTCCTCGG_022,119
CTGACCGAAGAGTTCCTCGG_023,119
CTGACCGAAGAGTTCCTCGG_024,135
CTGACCGAAGAGTTCCTCGG_025,133
CTGACCGAAGAGTTCCTCGG_026,148
CTGACCGAAGAGTTCCTCGG_027,41
CTGACCGAAGAGTTCCTCGG_028,174
CTGACCGAAGAGTTCCTCGG_029,116
CTGACCGAAGAGTTCCTCGG_030,197
CTGACCGAAGAGTTCCTCGG_031,12
CTGACCGAAGAGTTCCTCGG_032,161
CTGACCGAAGAGTTCCTCGG_033,28
CTGACCGAAGAGTTCCTCGG_034,44
CTGACCGAAGAGTTCCTCGG_035,104
CTGACCGAAGAGTTCCTCGG_036,175
CTGACCGAAGAGTTCCTCGG_037,9
CTGACCGAAGAGTTCCTCGG_038,146
CTGACCGAAGAGTTCCTCGG_039,50
CTGACCGAAGAGTTCCTCGG_040,123
GCAGCGCCGTCTTGCCGAAG_001,191
GCAGCGCCGTCTTGCCGAAG_002,8
GCAGCGCCGTCTTGCCGAAG_003,58
GCAGCGCCGTCTTGCCGAAG_004,9
GCAGCGCCGTCTTGCCGAAG_005,113
GCAGCGCCGTCTTGCCGAAG_006,6
GCAGCGCCGTCTTGCCGAAG_007,199
GCAGCGCCGTCTTGCCGAAG_008,49
GCAGCGCCGTCTTGCCGAAG_009,186
GCAGCGCCGTCTTGCCGAAG_010,168
GCAGCGCCGTCTTGCCGAAG_011,167
GCCACTCACCTAAACTATCA_001,12
TAAATGATGGAGGATGTGAC_001,8
TAAATGATGGAGGATGTGAC_002,183
TAAATGATGGAGGATGTGAC_003,172
TAAATGATGGAGGATGTGAC_004,142
TAAATGATGGAGGATGTGAC_005,142
GAAGTCGATATAGGCAGTAG_001,5
GAAGTCGATATAGGCAGTAG_002,188
GAAGTCGATATAGGCAGTAG_003,144
GAAGTCGATATAGGCAGTAG_004,197
TGGGAACCGAAAAGGATGTG_001,150
TGGGAACCGAAAAGGATGTG_002,23
TGGGAACCGAAAAGGATGTG_003,186
TGGGAACCGAAAAGGATGTG_004,149
TGGGAACCGAAAAGGATGTG_005,145
TGGGAACCGAAAAGGATGTG_006,1
TGGGAACCGAAAAGGATGTG_007,74
TGGGAACCGAAAAGGATGTG_008,88
TGGGAACCGAAAAGGATGTG_009,29
TGGGAACCGAAAAGGATGTG_010,178
TGGGAACCGAAAAGGATGTG_011,121
TGGTGCTGGGCCCCACATCG_001,172
TGGTGCTGGGCCCCACATCG_002,195
TGGTGCTGGGCCCCACATCG_003,183
TGGTGCTGGGCCCCACATCG_004,172
TGGTGCTGGGCCCCACATCG_005,105
TGGTGCTGGGCCCCACATCG_006,0
TGGTGCTGGGCCCCACATCG_007,158
TGGTGCTGGGCCCCACATCG_008,120
TGGTGCTGGGCCCCACATCG_009,44
TGGTGCTGGGCCCCACATCG_010,35
TGGTGCTGGGCCCCACATCG_011,68
TGGTGCTGGGCCCCACATCG_012,43
TGGTGCTGGGCCCCACATCG_013,52
TGGTGCTGGGCCCCACATCG_014,82
TGGTGCTGGGCCCCACATCG_015,63
TGGTGCTGGGCCCCACATCG_016,144
TGGTGCTGGGCCCCACATCG_017,126
TGGTGCTGGGCCCCACATCG_018,88
TGGTGCTGGGCCCCACATCG_019,148
TTCGTCATACCAGTTTGTGA_001,7
TTCGTCATACCAGTTTGTGA_002,118
TTCGTCATACCAGTTTGTGA_003,160
TTCGTCATACCAGTTTGTGA_004,185
TTCGTCATACCAGTTTGTGA_005,146
TTCGTCATACCAGTTTGTGA_006,152
TTCGTCATACCAGTTTGTGA_007,188
CAAAGACCAACCGTATTGCA_001,9
CAAAGACCAACCGTATTGCA_002,188
CAAAGACCAACCGTATTGCA_003,199
CAAAGACCAACCGTATTGCA_004,22
CAAAGACCAACCGTATTGCA_005,35
CAAAGACCAACCGTATTGCA_006,172
AGGACCGCAGCCATGTAGAC_001,150
AGGACCGCAGCCATGTAGAC_002,182
AGGACCGCAGCCATGTAGAC_003,19
AGGACCGCAGCCATGTAGAC_004,82
AGGACCGCAGCCATGTAGAC_005,69
AGGACCGCAGCCATGTAGAC_006,44
AGGACCGCAGCCATGTAGAC_007,196
AGGACCGCAGCCATGTAGAC_008,32
AGGACCGCAGCCATGTAGAC_009,66
AGGACCGCAGCCATGTAGAC_010,12
AAGTGACATGAACTGCATTG_001,158
AAGTGACATGAACTGCATTG_002,61
AAGTGACATGAACTGCATTG_003,1
AAGTGACATGAACTGCATTG_004,74
AAGTGACATGAACTGCATTG_005,145
AAGTGACATGAACTGCATTG_006,27
AAGTGACATGAACTGCATTG_007,2
CAAGTAAGTTTGCAGTCACA_001,58
CAAGTAAGTTTGCAGTCACA_002,104
CAAGTAAGTTTGCAGTCACA_003,11
CAAGTAAGTTTGCAGTCACA_004,77
CAAGTAAGTTTGCAGTCACA_005,56
CAAGTAAGTTTGCAGTCACA_006,94
CAAGTAAGTTTGCAGTCACA_007,168
CAAGTAAGTTTGCAGTCACA_008,41
CAAGTAAGTTTGCAGTCACA_009,109
CAAGTAAGTTTGCAGTCACA_010,115
CAAGTAAGTTTGCAGTCACA_011,182
CAAGTAAGTTTGCAGTCACA_012,142
CAAGTAAGTTTGCAGTCACA_013,152
CAAGTAAGTTTGCAGTCACA_014,168
GTTCGGAGCTAGCTTAACGA_001,118
GTTCGGAGCTAGCTTAACGA_002,33
GTTCGGAGCTAGCTTAACGA_003,49
GTTCGGAGCTAGCTTAACGA_004,198
GTTCGGAGCTAGCTTAACGA_005,9
GTTCGGAGCTAGCTTAACGA_006,152
GTTCGGAGCTAGCTTAACGA_007,148
GTTCGGAGCTAGCTTAACGA_008,144
GTTCGGAGCTAGCTTAACGA_009,77
TGCTGCCGTATCGGACACGT_001,151
GATGCGGGCTGATTCAAATG_001,196
GATGCGGGCTGATTCAAATG_002,43
GATGCGGGCTGATTCAAATG_003,105
GATGCGGGCTGATTCAAATG_004,168
GATGCGGGCTGATTCAAATG_005,177
GATGCGGGCTGATTCAAATG_006,15
GCTACGCGCACGAGCCATCG_001,151
GCTACGCGCACGAGCCATCG_002,168
GCTACGCGCACGAGCCATCG_003,76
GCTACGCGCACGAGCCATCG_004,15
GCTACGCGCACGAGCCATCG_005,188
GCTACGCGCACGAGCCATCG_006,141
GCTACGCGCACGAGCCATCG_007,54
GCTGTCTGAACCCAACCAGA_001,62
GCTGTCTGAACCCAACCAGA_002,77
GCTGTCTGAACCCAACCAGA_003,51
GCTGTCTGAACCCAACCAGA_004,98
GCTGTCTGAACCCAACCAGA_005,50
GCTGTCTGAACCCAACCAGA_006,15
GCTGTCTGAACCCAACCAGA_007,13
GCTGTCTGAACCCAACCAGA_008,161
TTGGTGTCGGGCGGCACGGA_001,1
TTGGTGTCGGGCGGCACGGA_002,12
TTGGTGTCGGGCGGCACGGA_003,61
TTGGTGTCGGGCGGCACGGA_004,56
TTGGTGTCGGGCGGCACGGA_005,3
TTGGTGTCGGGCGGCACGGA_006,16
TTGGTGTCGGGCGGCACGGA_007,4
TTGGTGTCGGGCGGCACGGA_008,65
TTGGTGTCGGGCGGCACGGA_009,83
TTGGTGTCGGGCGGCACGGA_010,0
TTGGTGTCGGGCGGCACGGA_011,62
TTGGTGTCGGGCGGCACGGA_012,62
TTGGTGTCGGGCGGCACGGA_013,183
TTGGTGTCGGGCGGCACGGA_014,53
TTGGTGTCGGGCGGCACGGA_015,13
TTGGTGTCGGGCGGCACGGA_016,181
TTGGTGTCGGGCGGCACGGA_017,86
TTGGTGTCGGGCGGCACGGA_018,75
TTGGTGTCGGGCGGCACGGA_019,0
TTGGTGTCGGGCGGCACGGA_020,113
TTGGTGTCGGGCGGCACGGA_021,12
TTGGTGTCGGGCGGCACGGA_022,73
TTGGTGTCGGGCGGCACGGA_023,67
TTGGTGTCGGGCGGCACGGA_024,136
TTGGTGTCGGGCGGCACGGA_025,153
TTTGCAGGAGAAGTAGTCCG_001,194
TTTGCAGGAGAAGTAGTCCG_002,21
TTTGCAGGAGAAGTAGTCCG_003,29
TTTGCAGGAGAAGTAGTCCG_004,179
TTTGCAGGAGAAGTAGTCCG_005,50
TTTGCAGGAGAAGTAGTCCG_006,48
TTTGCAGGAGAAGTAGTCCG_007,117
TTTGCAGGAGAAGTAGTCCG_008,58
TTTGCAGGAGAAGTAGTCCG_009,70
TTTGCAGGAGAAGTAGTCCG_010,122
TTTGCAGGAGAAGTAGTCCG_011,3
TTTGCAGGAGAAGTAGTCCG_012,92
TCTGGACGTCCTGCTCACAA_001,97
TCTGGACGTCCTGCTCACAA_002,56
GGAGTACGCTAGCACACGCA_001,19
GGAGTACGCTAGCACACGCA_002,105
GGAGTACGCTAGCACACGCA_003,171
TTGTCACATACACCAAGAGT_001,166
TTGTCACATACACCAAGAGT_002,113
TTGTCACATACACCAAGAGT_003,52
CCAGGTGGAGGACTATCCTG_001,70
CCAGGTGGAGGACTATCCTG_002,48
CCAGGTGGAGGACTATCCTG_003,19
CCAGGTGGAGGACTATCCTG_004,149
CCAGGTGGAGGACTATCCTG_005,137
CCAGGTGGAGGACTATCCTG_006,104
CCAGGTGGAGGACTATCCTG_007,112
CCAGGTGGAGGACTATCCTG_008,52
CCAGGTGGAGGACTATCCTG_009,83
CCAGGTGGAGGACTATCCTG_010,111
CCAGGTGGAGGACTATCCTG_011,139
CCAGGTGGAGGACTATCCTG_012,49
CCAGGTGGAGGACTATCCTG_013,147
CCAGGTGGAGGACTATCCTG_014,37
CCACAGTGGTCACAAAACGT_001,22
CCACAGTGGTCACAAAACGT_002,2
CCACAGTGGTCACAAAACGT_003,169
CCACAGTGGTCACAAAACGT_004,187
CCACAGTGGTCACAAAACGT_005,61
CCACAGTGGTCACAAAACGT_006,166
CCACAGTGGTCACAAAACGT_007,142
ATCAAGCGTGCTGACCGGCG_001,48
ATCAAGCGTGCTGACCGGCG_002,184
ATCAAGCGTGCTGACCGGCG_003,71
ATCAAGCGTGCTGACCGGCG_004,144
ATCAAGCGTGCTGACCGGCG_005,111
GTCGTCCGGACCCAGTAGGT_001,154
GTCGTCCGGACCCAGTAGGT_002,12
GTCGTCCGGACCCAGTAGGT_003,109
GTCGTCCGGACCCAGTAGGT_004,35
GTCGTCCGGACCCAGTAGGT_005,18
GTCGTCCGGACCCAGTAGGT_006,180
GTCGTCCGGACCCAGTAGGT_007,17
CACACGCTATAAGCTATTGG_001,115
CACACGCTATAAGCTATTGG_002,78
CACACGCTATAAGCTATTGG_003,176
CACACGCTATAAGCTATTGG_004,172
CACACGCTATAAGCTATTGG_005,144
CACACGCTATAAGCTATTGG_006,49
CACACGCTATAAGCTATTGG_007,177
CACACGCTATAAGCTATTGG_008,159
CACACGCTATAAGCTATTGG_009,171
CACACGCTATAAGCTATTGG_010,55
CACACGCTATAAGCTATTGG_011,10
CTGACTACTACAGCCCTACG_001,130
CTGACTACTACAGCCCTACG_002,174
CTGACTACTACAGCCCTACG_003,1
CTGACTACTACAGCCCTACG_004,62
CTGACTACTACAGCCCTACG_005,105
AACAACAGCACCATCCACCG_001,172
AACAACAGCACCATCCACCG_002,92
AACAACAGCACCATCCACCG_003,156
AACAACAGCACCATCCACCG_004,88
AACAACAGCACCATCCACCG_005,27
AACAACAGCACCATCCACCG_006,141
AACAACAGCACCATCCACCG_007,119
AACAACAGCACCATCCACCG_008,126
AACAACAGCACCATCCACCG_009,150
AACAACAGCACCATCCACCG_010,140
AACAACAGCACCATCCACCG_011,68
AACAACAGCACCATCCACCG_012,13
AACAACAGCACCATCCACCG_013,71
AACAACAGCACCATCCACCG_014,107
GACTTTGTGGACATCAACGT_001,101
GACTTTGTGGACATCAACGT_002,50
GACTTTGTGGACATCAACGT_003,69
GACTTTGTGGACATCAACGT_004,7
GACTTTGTGGACATCAACGT_005,21
GACTTTGTGGACATCAACGT_006,120
GACTTTGTGGACATCAACGT_007,32
GACTTTGTGGACATCAACGT_008,115
GACTTTGTGGACATCAACGT_009,9
GACTTTGTGGACATCAACGT_010,18
GACTTTGTGGACATCAACGT_011,82
GACTTTGTGGACATCAACGT_012,183
AAATCATGGAAATGTTACTG_001,21
AAATCATGGAAATGTTACTG_002,77
AAATCATGGAAATGTTACTG_003,149
AAATCATGGAAATGTTACTG_004,183
AAATCATGGAAATGTTACTG_005,51
GTGCGAGGGCGTTAATACCG_001,2
GTGCGAGGGCGTTAATACCG_002,17
GTGCGAGGGCGTTAATACCG_003,11
GTGCGAGGGCGTTAATACCG_004,102
GTGCGAGGGCGTTAATACCG_005,172
GTGCGAGGGCGTTAATACCG_006,35
GTGCGAGGGCGTTAATACCG_007,166
GTGCGAGGGCGTTAATACCG_008,42
GTGCGAGGGCGTTAATACCG_009,35
GTGCGAGGGCGTTAATACCG_010,172
CATGAGAAGAGATGATCCGG_001,83
CATGAGAAGAGATGATCCGG_002,107
CATGAGAAGAGATGATCCGG_003,116
CATGAGAAGAGATGATCCGG_004,168
CATGAGAAGAGATGATCCGG_005,0
CATGAGAAGAGATGATCCGG_006,118
CATGAGAAGAGATGATCCGG_007,182
CATGAGAAGAGATGATCCGG_008,51
CATGAGAAGAGATGATCCGG_009,130
CATGAGAAGAGATGATCCGG_010,178
CATGAGAAGAGATGATCCGG_011,10
AGTCGCCTATCAACCTACAG_001,5
AGTCGCCTATCAACCTACAG_002,84
AGTCGCCTATCAACCTACAG_003,26
ATTATGAACCCTCAACTCTG_001,199
ATTATGAACCCTCAACTCTG_002,129
ATTATGAACCCTCAACTCTG_003,23
ATTATGAACCCTCAACTCTG_004,50
ATTATGAACCCTCAACTCTG_005,90
ATTATGAACCCTCAACTCTG_006,35
ATTATGAACCCTCAACTCTG_007,2
ATTATGAACCCTCAACTCTG_008,125
ATTATGAACCCTCAACTCTG_009,155
ATTATGAACCCTCAACTCTG_010,10
ATTATGAACCCTCAACTCTG_011,124
ATTATGAACCCTCAACTCTG_012,38
ATTATGAACCCTCAACTCTG_013,104
ATTATGAACCCTCAACTCTG_014,149
ATTATGAACCCTCAACTCTG_015,58
ATTATGAACCCTCAACTCTG_016,84
ATTATGAACCCTCAACTCTG_017,184
ATTATGAACCCTCAACTCTG_018,191
ATTATGAACCCTCAACTCTG_019,69
ATTATGAACCCTCAACTCTG_020,72
TCGGCCAAGAGCTTCCAGGT_001,8
TCGGCCAAGAGCTTCCAGGT_002,136
TCGGCCAAGAGCTTCCAGGT_003,181
TGGCACCCGAACCTTAACCA_001,22
TGGCACCCGAACCTTAACCA_002,17
TGGCACCCGAACCTTAACCA_003,82
TGGCACCCGAACCTTAACCA_004,47
TGGCACCCGAACCTTAACCA_005,136
TGGCACCCGAACCTTAACCA_006,187
TGGCACCCGAACCTTAACCA_007,11
TGGCACCCGAACCTTAACCA_008,108
TGGCACCCGAACCTTAACCA_009,1
TGGCACCCGAACCTTAACCA_010,2
TGGCACCCGAACCTTAACCA_011,23
TGGCACCCGAACCTTAACCA_012,168
TGGCACCCGAACCTTAACCA_013,2
TGGCACCCGAACCTTAACCA_014,158
TGGCACCCGAACCTTAACCA_015,71
GAAACACTGTCATGTACACA_001,38
GAAACACTGTCATGTACACA_002,105
GAAACACTGTCATGTACACA_003,117
GAAACACTGTCATGTACACA_004,83
GAAACACTGTCATGTACACA_005,128
GAAACACTGTCATGTACACA_006,180
GAAACACTGTCATGTACACA_007,12
GAAACACTGTCATGTACACA_008,28
GAAACACTGTCATGTACACA_009,29
GAAACACTGTCATGTACACA_010,79
CCCTGGGGAGAGATCTTGGG_001,99
CCCTGGGGAGAGATCTTGGG_002,137
CCCTGGGGAGAGATCTTGGG_003,170
CCCTGGGGAGAGATCTTGGG_004,104
CCCTGGGGAGAGATCTTGGG_005,19
CCCTGGGGAGAGATCTTGGG_006,105
AGTTAGCAAATTCACTAGAG_001,131
AGTTAGCAAATTCACTAGAG_002,140
AGTTAGCAAATTCACTAGAG_003,68
AGTTAGCAAATTCACTAGAG_004,117
AATTGAGCGCAATACATGCA_001,169
AATTGAGCGCAATACATGCA_002,144
AGTCCAAAGCCTTCACGGGG_001,197
AGTCCAAAGCCTTCACGGGG_002,1
AGTCCAAAGCCTTCACGGGG_003,62
AGTCCAAAGCCTTCACGGGG_004,137
AGTCCAAAGCCTTCACGGGG_005,130
AGTCCAAAGCCTTCACGGGG_006,1
AGTCCAAAGCCTTCACGGGG_007,28
AGTCCAAAGCCTTCACGGGG_008,106
AGTCCAAAGCCTTCACGGGG_009,194
AGTCCAAAGCCTTCACGGGG_010,158
AGTCCAAAGCCTTCACGGGG_011,116
AGTCCAAAGCCTTCACGGGG_012,158
AGTCCAAAGCCTTCACGGGG_013,29
AGTCCAAAGCCTTCACGGGG_014,112
AGTCCAAAGCCTTCACGGGG_015,184
AGTCCAAAGCCTTCACGGGG_016,1
AGTCCAAAGCCTTCACGGGG_017,170
AGTCCAAAGCCTTCACGGGG_018,168
AGTCCAAAGCCTTCACGGGG_019,63
AGTCCAAAGCCTTCACGGGG_020,63
CATATCTCCAGTGATCCCCT_001,94
CATATCTCCAGTGATCCCCT_002,81
CATATCTCCAGTGATCCCCT_003,106
CATATCTCCAGTGATCCCCT_004,19
CATATCTCCAGTGATCCCCT_005,191
CATATCTCCAGTGATCCCCT_006,127
CATATCTCCAGTGATCCCCT_007,29
CATATCTCCAGTGATCCCCT_008,61
CATATCTCCAGTGATCCCCT_009,73
CATATCTCCAGTGATCCCCT_010,133
CATATCTCCAGTGATCCCCT_011,192
CATATCTCCAGTGATCCCCT_012,50
CATATCTCCAGTGATCCCCT_013,113
CATATCTCCAGTGATCCCCT_014,175
CATATCTCCAGTGATCCCCT_015,59
CATATCTCCAGTGATCCCCT_016,116
CATATCTCCAGTGATCCCCT_017,101
CATATCTCCAGTGATCCCCT_018,168
CATATCTCCAGTGATCCCCT_019,166
CATATCTCCAGTGATCCCCT_020,52
CTTACCCTGGGATATAATGA_001,18
GGAGCCTAAGTACATCACTT_001,42
GGAGCCTAAGTACATCACTT_002,40
GGAGCCTAAGTACATCACTT_003,198
GGAGCCTAAGTACATCACTT_004,55
GGAGCCTAAGTACATCACTT_005,191
GGAGCCTAAGTACATCACTT_006,88
GGAGCCTAAGTACATCACTT_007,50
GGAGCCTAAGTACATCACTT_008,104
GGAGCCTAAGTACATCACTT_009,128
GGAGCCTAAGTACATCACTT_010,57
GGAGCCTAAGTACATCACTT_011,45
GGAGCCTAAGTACATCACTT_012,75
GGAGCCTAAGTACATCACTT_013,44
GGAGCCTAAGTACATCACTT_014,169
GGAGCCTAAGTACATCACTT_015,127
CATTTCTAATGAAAGTCCCA_001,40
CATTTCTAATGAAAGTCCCA_002,185
CATTTCTAATGAAAGTCCCA_003,52
CATTTCTAATGAAAGTCCCA_004,137
AAGCCCCACCTAGACCGCAG_001,184
AAGCCCCACCTAGACCGCAG_002,156
AAGCCCCACCTAGACCGCAG_003,0
AAGCCCCACCTAGACCGCAG_004,146
AAGCCCCACCTAGACCGCAG_005,23
AAGCCCCACCTAGACCGCAG_006,23
AAGCCCCACCTAGACCGCAG_007,34
AAGCCCCACCTAGACCGCAG_008,40
AAGCCCCACCTAGACCGCAG_009,49
AAGCCCCACCTAGACCGCAG_010,194
AAGCCCCACCTAGACCGCAG_011,100
AAGCCCCACCTAGACCGCAG_012,77
AAGCCCCACCTAGACCGCAG_013,19
AAGCCCCACCTAGACCGCAG_014,45
AAGCCCCACCTAGACCGCAG_015,150
AAGCCCCACCTAGACCGCAG_016,4
AAGCCCCACCTAGACCGCAG_017,49
AAGCCCCACCTAGACCGCAG_018,35
AAGCCCCACCTAGACCGCAG_019,85
AAGCCCCACCTAGACCGCAG_020,54
AAGCCCCACCTAGACCGCAG_021,147
AAGCCCCACCTAGACCGCAG_022,56
AAGCCCCACCTAGACCGCAG_023,147
AAGCCCCACCTAGACCGCAG_024,191
AAGCCCCACCTAGACCGCAG_025,60
AAGCCCCACCTAGACCGCAG_026,32
AAGCCCCACCTAGACCGCAG_027,132
AAGCCCCACCTAGACCGCAG_028,183
AAGCCCCACCTAGACCGCAG_029,1
AAGCCCCACCTAGACCGCAG_030,19
AAGCCCCACCTAGACCGCAG_031,169
AAGCCCCACCTAGACCGCAG_032,182
AAGCCCCACCTAGACCGCAG_033,62
AAGCCCCACCTAGACCGCAG_034,172
AAGCCCCACCTAGACCGCAG_035,158
AAGCCCCACCTAGACCGCAG_036,19
CTCTTCAAAGATACCAAACC_001,190
TCTGCAGCTCTATGGAAAGG_001,49
TCTGCAGCTCTATGGAAAGG_002,188
TCTGCAGCTCTATGGAAAGG_003,106
TCTGCAGCTCTATGGAAAGG_004,61
GGTGTTCCCTACCTGTTCGG_001,194
GGTGTTCCCTACCTGTTCGG_002,5
AGGGGTTGAGAAAATACTAA_001,182
AGGGGTTGAGAAAATACTAA_002,147
AGGGGTTGAGAAAATACTAA_003,144
AAACATAGTATAATTCACAC_001,198
AAACATAGTATAATTCACAC_002,12
AAACATAGTATAATTCACAC_003,60
AAACATAGTATAATTCACAC_004,88
CCAGCTTTAACCCTGACCCG_001,19
CCAGCTTTAACCCTGACCCG_002,105
CCAGCTTTAACCCTGACCCG_003,174
CCAGCTTTAACCCTGACCCG_004,9
CCAGCTTTAACCCTGACCCG_005,162
CCAGCTTTAACCCTGACCCG_006,106
CCAGCTTTAACCCTGACCCG_007,183
CCAGCTTTAACCCTGACCCG_008,77
CCAGCTTTAACCCTGACCCG_009,76
CCAGCTTTAACCCTGACCCG_010,113
CCAGCTTTAACCCTGACCCG_011,14
CCAGCTTTAACCCTGACCCG_012,101
CCAGCTTTAACCCTGACCCG_013,5
CCAGCTTTAACCCTGACCCG_014,169
CCAGCTTTAACCCTGACCCG_015,19
CCAGCTTTAACCCTGACCCG_016,124
CCAGCTTTAACCCTGACCCG_017,33
CCAGCTTTAACCCTGACCCG_018,164
CCAGCTTTAACCCTGACCCG_019,105
CCAGCTTTAACCCTGACCCG_020,146
CCAGCTTTAACCCTGACCCG_021,136
CCAGCTTTAACCCTGACCCG_022,158
CCAGCTTTAACCCTGACCCG_023,142
CCAGCTTTAACCCTGACCCG_024,142
CCAGCTTTAACCCTGACCCG_025,54
AGCGAAAGCAAGGTCCAAGG_001,195
AGCGAAAGCAAGGTCCAAGG_002,195
AGCGAAAGCAAGGTCCAAGG_003,119
AGCGAAAGCAAGGTCCAAGG_004,74
AGCGAAAGCAAGGTCCAAGG_005,96
AGCGAAAGCAAGGTCCAAGG_006,175
AGCGAAAGCAAGGTCCAAGG_007,121
AGCGAAAGCAAGGTCCAAGG_008,9
AGCGAAAGCAAGGTCCAAGG_009,36
AGCGAAAGCAAGGTCCAAGG_010,184
AGCGAAAGCAAGGTCCAAGG_011,184
AGCGAAAGCAAGGTCCAAGG_012,82
GAGCGAACATGGCAGCGCGT_001,49
GAGCGAACATGGCAGCGCGT_002,149
GAGCGAACATGGCAGCGCGT_003,166
GAGCGAACATGGCAGCGCGT_004,100
GAGCGAACATGGCAGCGCGT_005,185
GAGCGAACATGGCAGCGCGT_006,90
GCCGAACACCCAGCCGTCCA_001,17
GCCGAACACCCAGCCGTCCA_002,172
GCCGAACACCCAGCCGTCCA_003,1
GCCGAACACCCAGCCGTCCA_004,62
GCCGAACACCCAGCCGTCCA_005,191
GCCGAACACCCAGCCGTCCA_006,55
GCCGAACACCCAGCCGTCCA_007,197
GCCGAACACCCAGCCGTCCA_008,127
GCCGAACACCCAGCCGTCCA_009,163
GCCGAACACCCAGCCGTCCA_010,147
GCCGAACACCCAGCCGTCCA_011,112
GCCGAACACCCAGCCGTCCA_012,68
GCCGAACACCCAGCCGTCCA_013,54
GCCGAACACCCAGCCGTCCA_014,197
GCCGAACACCCAGCCGTCCA_015,150
GCCGAACACCCAGCCGTCCA_016,98
GCCGAACACCCAGCCGTCCA_017,104
TCATATTCTTCAAATCTCTG_001,157
TCATATTCTTCAAATCTCTG_002,153
TCATATTCTTCAAATCTCTG_003,121
TCATATTCTTCAAATCTCTG_004,162
TCATATTCTTCAAATCTCTG_005,197
TCATATTCTTCAAATCTCTG_006,6
TCATATTCTTCAAATCTCTG_007,97
TTCTTCTTTCAGGCCTTCAG_001,92
TTCTTCTTTCAGGCCTTCAG_002,33
TTCTTCTTTCAGGCCTTCAG_003,67
TTCTTCTTTCAGGCCTTCAG_004,35
TTCTTCTTTCAGGCCTTCAG_005,12
TTCTTCTTTCAGGCCTTCAG_006,144
TTCTTCTTTCAGGCCTTCAG_007,40
TTGGCGACTTCAATTTGCCA_001,150
TTGGCGACTTCAATTTGCCA_002,121
TTGGCGACTTCAATTTGCCA_003,27
TTGGCGACTTCAATTTGCCA_004,169
TTGGCGACTTCAATTTGCCA_005,158
TTGGCGACTTCAATTTGCCA_006,45
TTGGCGACTTCAATTTGCCA_007,105
TTGGCGACTTCAATTTGCCA_008,52
TTGGCGACTTCAATTTGCCA_009,13
TTGGCGACTTCAATTTGCCA_010,35
TTGGCGACTTCAATTTGCCA_011,99
TTGGCGACTTCAATTTGCCA_012,134
TTGGCGACTTCAATTTGCCA_013,56
TTGGCGACTTCAATTTGCCA_014,52
AAGGCCCAGTCCAGAAAACG_001,145
AAGGCCCAGTCCAGAAAACG_002,58
AAGGCCCAGTCCAGAAAACG_003,61
AAGGCCCAGTCCAGAAAACG_004,4
AAGGCCCAGTCCAGAAAACG_005,2
AAGGCCCAGTCCAGAAAACG_006,127
AAGGCCCAGTCCAGAAAACG_007,11
AAGGCCCAGTCCAGAAAACG_008,28
AAGGCCCAGTCCAGAAAACG_009,16
AAGGCCCAGTCCAGAAAACG_010,35
AAGGCCCAGTCCAGAAAACG_011,1
GCTGGGACCGTACACCACGG_001,188
GCTGGGACCGTACACCACGG_002,188
GCTGGGACCGTACACCACGG_003,17
GCTGGGACCGTACACCACGG_004,81
GCTGGGACCGTACACCACGG_005,181
GCTGGGACCGTACACCACGG_006,174
GCTGGGACCGTACACCACGG_007,129
GCTGGGACCGTACACCACGG_008,119
ACAGCACCATAAGCCACCCG_001,81
ACAGCACCATAAGCCACCCG_002,110
ACAGCACCATAAGCCACCCG_003,52
ACAGCACCATAAGCCACCCG_004,88
ACAGCACCATAAGCCACCCG_005,190
ACAGCACCATAAGCCACCCG_006,42
ACAGCACCATAAGCCACCCG_007,134
TCACGTCCCGCTGAATACGA_001,49
TCACGTCCCGCTGAATACGA_002,9
TCACGTCCCGCTGAATACGA_003,174
TCACGTCCCGCTGAATACGA_004,141
AGCAACGGGAGGACCCACAG_001,35
AGCAACGGGAGGACCCACAG_002,154
AGCAACGGGAGGACCCACAG_003,49
AGCAACGGGAGGACCCACAG_004,115
AGCAACGGGAGGACCCACAG_005,110
AGCAACGGGAGGACCCACAG_006,175
AGCAACGGGAGGACCCACAG_007,78
AGCAACGGGAGGACCCACAG_008,69
AGCAACGGGAGGACCCACAG_009,16
AGCAACGGGAGGACCCACAG_010,9
AGCAACGGGAGGACCCACAG_011,40
AGCAACGGGAGGACCCACAG_012,10
AGCAACGGGAGGACCCACAG_013,46
AGCAACGGGAGGACCCACAG_014,172
AGCAACGGGAGGACCCACAG_015,70
AGCAACGGGAGGACCCACAG_016,77
AGCAACGGGAGGACCCACAG_017,169
AGCAACGGGAGGACCCACAG_018,76
AGCAACGGGAGGACCCACAG_019,114
AGCAACGGGAGGACCCACAG_020,9
AGCAACGGGAGGACCCACAG_021,74
ACAGAGGATCCCACTCTAGT_001,14
ACAGAGGATCCCACTCTAGT_002,79
ACAGAGGATCCCACTCTAGT_003,177
ACAGAGGATCCCACTCTAGT_004,16
ACAGAGGATCCCACTCTAGT_005,174
CCAAAGACTCAACCTTGCGA_001,19
CCAAAGACTCAACCTTGCGA_002,126
CCAAAGACTCAACCTTGCGA_003,115
CCAAAGACTCAACCTTGCGA_004,16
CCAAAGACTCAACCTTGCGA_005,48
CCAAAGACTCAACCTTGCGA_006,196
CCAAAGACTCAACCTTGCGA_007,97
CCAAAGACTCAACCTTGCGA_008,58
CCAAAGACTCAACCTTGCGA_009,16
CCAAAGACTCAACCTTGCGA_010,158
CCAAAGACTCAACCTTGCGA_011,1
CCAAAGACTCAACCTTGCGA_012,46
CCAAAGACTCAACCTTGCGA_013,35
CCAAAGACTCAACCTTGCGA_014,69
CTGGAACGGGTCCTTCCAGG_001,80
CTGGAACGGGTCCTTCCAGG_002,80
CTGGAACGGGTCCTTCCAGG_003,198
CTGGAACGGGTCCTTCCAGG_004,66
CTGGAACGGGTCCTTCCAGG_005,150
CTGGAACGGGTCCTTCCAGG_006,117
CTGGAACGGGTCCTTCCAGG_007,76
CTGGAACGGGTCCTTCCAGG_008,75
CTGGAACGGGTCCTTCCAGG_009,158
TACCCAGACATGCCCACTGA_001,197
TACCCAGACATGCCCACTGA_002,64
TACCCAGACATGCCCACTGA_003,79
TACCCAGACATGCCCACTGA_004,144
TACCCAGACATGCCCACTGA_005,105
TACCCAGACATGCCCACTGA_006,10
TACCCAGACATGCCCACTGA_007,152
TACCCAGACATGCCCACTGA_008,71
TCATCCTCAACCCTCATACG_001,32
TCATCCTCAACCCTCATACG_002,43
TGTCATGTTTGCAGACCCAG_001,54
TGTCATGTTTGCAGACCCAG_002,63
TGTCATGTTTGCAGACCCAG_003,95
TGTCATGTTTGCAGACCCAG_004,60
TGTCATGTTTGCAGACCCAG_005,172
TGTCATGTTTGCAGACCCAG_006,119
TGTCATGTTTGCAGACCCAG_007,98
TGTCATGTTTGCAGACCCAG_008,17
TGTCATGTTTGCAGACCCAG_009,135
TGTCATGTTTGCAGACCCAG_010,154
TGTCATGTTTGCAGACCCAG_011,141
TGTCATGTTTGCAGACCCAG_012,197
TGTCATGTTTGCAGACCCAG_013,83
CTCTGAGAAGTCATCCACAT_001,32
CTCTGAGAAGTCATCCACAT_002,19
CTCTGAGAAGTCATCCACAT_003,147
CTCTGAGAAGTCATCCACAT_004,169
CTCTGAGAAGTCATCCACAT_005,138
CTCTGAGAAGTCATCCACAT_006,138
CTCTGAGAAGTCATCCACAT_007,166
CTCTGAGAAGTCATCCACAT_008,103
CTCTGAGAAGTCATCCACAT_009,48
ACAAAGCCGGATAATCCGAA_001,107
ACAAAGCCGGATAATCCGAA_002,198
ACAAAGCCGGATAATCCGAA_003,141
ACAAAGCCGGATAATCCGAA_004,161
ACAAAGCCGGATAATCCGAA_005,178
ACAAAGCCGGATAATCCGAA_006,58
ACAAAGCCGGATAATCCGAA_007,83
ACAAAGCCGGATAATCCGAA_008,163
ACAAAGCCGGATAATCCGAA_009,53
ACAAAGCCGGATAATCCGAA_010,12
TGAACCACCTGAGTACCCTA_001,92
TGAACCACCTGAGTACCCTA_002,60
TGAACCACCTGAGTACCCTA_003,27
TGAACCACCTGAGTACCCTA_004,3
TGAACCACCTGAGTACCCTA_005,174
TGAACCACCTGAGTACCCTA_006,120
TGAACCACCTGAGTACCCTA_007,50
TCCTCGATAGCTGGAATCCA_001,149
TCCTCGATAGCTGGAATCCA_002,48
TCCTCGATAGCTGGAATCCA_003,60
TCCTCGATAGCTGGAATCCA_004,94
TCCTCGATAGCTGGAATCCA_005,187
TCCTCGATAGCTGGAATCCA_006,108
TCCTCGATAGCTGGAATCCA_007,150
TGTGTGCTATCAGGTATTCG_001,94
TGTGTGCTATCAGGTATTCG_002,191
CTCAACACAGAGAACCGCTG_001,113
CTCAACACAGAGAACCGCTG_002,8
CTCAACACAGAGAACCGCTG_003,29
CTCAACACAGAGAACCGCTG_004,3
CTCAACACAGAGAACCGCTG_005,4
CTCAACACAGAGAACCGCTG_006,150
CTCAACACAGAGAACCGCTG_007,178
CTCAACACAGAGAACCGCTG_008,11
CTCAACACAGAGAACCGCTG_009,129
CTCAACACAGAGAACCGCTG_010,134
CTCAACACAGAGAACCGCTG_011,87
CTCAACACAGAGAACCGCTG_012,11
CTCAACACAGAGAACCGCTG_013,1
CTCAACACAGAGAACCGCTG_014,50
ACGGAGCTCCCATGCCGCTG_001,172
ACGGAGCTCCCATGCCGCTG_002,7
ACGGAGCTCCCATGCCGCTG_003,16
ACGGAGCTCCCATGCCGCTG_004,65
ACGGAGCTCCCATGCCGCTG_005,93
ACGGAGCTCCCATGCCGCTG_006,58
ACGGAGCTCCCATGCCGCTG_007,192
ACGGAGCTCCCATGCCGCTG_008,196
ACGGAGCTCCCATGCCGCTG_009,198
ACGGAGCTCCCATGCCGCTG_010,148
ACGGAGCTCCCATGCCGCTG_011,117
ACGGAGCTCCCATGCCGCTG_012,7
ACGGAGCTCCCATGCCGCTG_013,177
ACGGAGCTCCCATGCCGCTG_014,44
ACGGAGCTCCCATGCCGCTG_015,17
ACGGAGCTCCCATGCCGCTG_016,120
ACGGAGCTCCCATGCCGCTG_017,26
ACGGAGCTCCCATGCCGCTG_018,104
ACGGAGCTCCCATGCCGCTG_019,52
ACGGAGCTCCCATGCCGCTG_020,39
ACGGAGCTCCCATGCCGCTG_021,78
ACGGAGCTCCCATGCCGCTG_022,172
ACGGAGCTCCCATGCCGCTG_023,58
TCACCACCTTGCACTCCATG_001,87
TCACCACCTTGCACTCCATG_002,97
TGAGTGCCGCCACCCCAATG_001,116
TGAGTGCCGCCACCCCAATG_002,94
TGAGTGCCGCCACCCCAATG_003,49
TGAGTGCCGCCACCCCAATG_004,64
TGAGTGCCGCCACCCCAATG_005,105
TGAGTGCCGCCACCCCAATG_006,10
TGAGTGCCGCCACCCCAATG_007,52
TGAGTGCCGCCACCCCAATG_008,173
TGAGTGCCGCCACCCCAATG_009,144
TGAGTGCCGCCACCCCAATG_010,62
TGAGTGCCGCCACCCCAATG_011,64
TGAGTGCCGCCACCCCAATG_012,184
TGAGTGCCGCCACCCCAATG_013,23
TGAGTGCCGCCACCCCAATG_014,118
TGAGTGCCGCCACCCCAATG_015,181
TGAGTGCCGCCACCCCAATG_016,162
TGAGTGCCGCCACCCCAATG_017,125
TGAGTGCCGCCACCCCAATG_018,24
TGAGTGCCGCCACCCCAATG_019,154
TGAGTGCCGCCACCCCAATG_020,13
TGAGTGCCGCCACCCCAATG_021,70
TGAGTGCCGCCACCCCAATG_022,118
TGAGTGCCGCCACCCCAATG_023,35
TGAGTGCCGCCACCCCAATG_024,170
TGAGTGCCGCCACCCCAATG_025,151
TGAGTGCCGCCACCCCAATG_026,169
TGAGTGCCGCCACCCCAATG_027,58
TGAGTGCCGCCACCCCAATG_028,104
TGAGTGCCGCCACCCCAATG_029,68
TGAGTGCCGCCACCCCAATG_030,192
TGAGTGCCGCCACCCCAATG_031,50
TGAGTGCCGCCACCCCAATG_032,158
TGAGTGCCGCCACCCCAATG_033,195
TGAGTGCCGCCACCCCAATG_034,90
TGAGTGCCGCCACCCCAATG_035,121
TGAGTGCCGCCACCCCAATG_036,83
TGAGTGCCGCCACCCCAATG_037,199
TGAGTGCCGCCACCCCAATG_038,92
TGAGTGCCGCCACCCCAATG_039,147
TGAGTGCCGCCACCCCAATG_040,107
TGAGTGCCGCCACCCCAATG_041,69
TGAGTGCCGCCACCCCAATG_042,112
TGAGTGCCGCCACCCCAATG_043,30
TGAGTGCCGCCACCCCAATG_044,30
TGAGTGCCGCCACCCCAATG_045,103
TGAGTGCCGCCACCCCAATG_046,4
TGAGTGCCGCCACCCCAATG_047,46
TGAGTGCCGCCACCCCAATG_048,179
TGAGTGCCGCCACCCCAATG_049,174
TGAGTGCCGCCACCCCAATG_050,147
TGAGTGCCGCCACCCCAATG_051,198
TGAGTGCCGCCACCCCAATG_052,146
TGAGTGCCGCCACCCCAATG_053,148
TGAGTGCCGCCACCCCAATG_054,66
TGAGTGCCGCCACCCCAATG_055,94
TGAGTGCCGCCACCCCAATG_056,148
TGAGTGCCGCCACCCCAATG_057,41
TGAGTGCCGCCACCCCAATG_058,119
TGAGTGCCGCCACCCCAATG_059,41
TGAGTGCCGCCACCCCAATG_060,199
TGAGTGCCGCCACCCCAATG_061,58
TGAGTGCCGCCACCCCAATG_062,158
TGAGTGCCGCCACCCCAATG_063,55
TGAGTGCCGCCACCCCAATG_064,193
TGAGTGCCGCCACCCCAATG_065,5
TGAGTGCCGCCACCCCAATG_066,92
TGAGTGCCGCCACCCCAATG_067,126
TGAGTGCCGCCACCCCAATG_068,169
TGAGTGCCGCCACCCCAATG_069,4
TGAGTGCCGCCACCCCAATG_070,100
TGAGTGCCGCCACCCCAATG_071,42
TGAGTGCCGCCACCCCAATG_072,78
TGAGTGCCGCCACCCCAATG_073,8
TGAGTGCCGCCACCCCAATG_074,38
TGAGTGCCGCCACCCCAATG_075,60
TGAGTGCCGCCACCCCAATG_076,162
TGAGTGCCGCCACCCCAATG_077,184
TGAGTGCCGCCACCCCAATG_078,126
TGAGTGCCGCCACCCCAATG_079,108
TGAGTGCCGCCACCCCAATG_080,137
TGAGTGCCGCCACCCCAATG_081,2
TGAGTGCCGCCACCCCAATG_082,169
TGAGTGCCGCCACCCCAATG_083,198
TGAGTGCCGCCACCCCAATG_084,162
TGAGTGCCGCCACCCCAATG_085,118
TGAGTGCCGCCACCCCAATG_086,107
TGAGTGCCGCCACCCCAATG_087,124
TGAGTGCCGCCACCCCAATG_088,178
TGAGTGCCGCCACCCCAATG_089,56
TGAGTGCCGCCACCCCAATG_090,106
TGAGTGCCGCCACCCCAATG_091,66
TGAGTGCCGCCACCCCAATG_092,127
TGAGTGCCGCCACCCCAATG_093,3
TGAGTGCCGCCACCCCAATG_094,39
TGAGTGCCGCCACCCCAATG_095,39
TGAGTGCCGCCACCCCAATG_096,56
TGAGTGCCGCCACCCCAATG_097,3
TGAGTGCCGCCACCCCAATG_098,196
TGAGTGCCGCCACCCCAATG_099,75
TGAGTGCCGCCACCCCAATG_100,130
TGAGTGCCGCCACCCCAATG_101,138
TGAGTGCCGCCACCCCAATG_102,115
TGAGTGCCGCCACCCCAATG_103,160
TGAGTGCCGCCACCCCAATG_104,4
TGAGTGCCGCCACCCCAATG_105,144
TGAGTGCCGCCACCCCAATG_106,149
TGAGTGCCGCCACCCCAATG_107,28
TGAGTGCCGCCACCCCAATG_108,104
TGAGTGCCGCCACCCCAATG_109,116
TGAGTGCCGCCACCCCAATG_110,167
TGAGTGCCGCCACCCCAATG_111,46
TGAGTGCCGCCACCCCAATG_112,184
TGAGTGCCGCCACCCCAATG_113,9
TGAGTGCCGCCACCCCAATG_114,197
TGAGTGCCGCCACCCCAATG_115,174
TGAGTGCCGCCACCCCAATG_116,136
TGAGTGCCGCCACCCCAATG_117,115
TGAGTGCCGCCACCCCAATG_118,16
TGAGTGCCGCCACCCCAATG_119,158
TGAGTGCCGCCACCCCAATG_120,63
TGAGTGCCGCCACCCCAATG_121,68
TGAGTGCCGCCACCCCAATG_122,112
TGAGTGCCGCCACCCCAATG_123,91
AATGAGAAGACTGATCAATC_001,105
AATGAGAAGACTGATCAATC_002,158
AATGAGAAGACTGATCAATC_003,40
AATGAGAAGACTGATCAATC_004,62
AATGAGAAGACTGATCAATC_005,155
AATGAGAAGACTGATCAATC_006,137
AATGAGAAGACTGATCAATC_007,158
AATGAGAAGACTGATCAATC_008,197
AATGAGAAGACTGATCAATC_009,126
TAATAATGAAGCCATTCGAG_001,161
TAATAATGAAGCCATTCGAG_002,67
TAATAATGAAGCCATTCGAG_003,8
TAATAATGAAGCCATTCGAG_004,115
TAATAATGAAGCCATTCGAG_005,139
TAATAATGAAGCCATTCGAG_006,48
AACCAGACAGACATCAACGT_001,40
AACCAGACAGACATCAACGT_002,77
AACCAGACAGACATCAACGT_003,49
AACCAGACAGACATCAACGT_004,170
AACCAGACAGACATCAACGT_005,15
AACCAGACAGACATCAACGT_006,199
AACCAGACAGACATCAACGT_007,114
AACCAGACAGACATCAACGT_008,19
AACCAGACAGACATCAACGT_009,88
AACCAGACAGACATCAACGT_010,15
AACCAGACAGACATCAACGT_011,102
CATGGATAATAATGGCAAAG_001,136
CATGGATAATAATGGCAAAG_002,56
CATGGATAATAATGGCAAAG_003,99
GGAGACCCCAACTCTGATCA_001,58
GGAGACCCCAACTCTGATCA_002,88
GGAGACCCCAACTCTGATCA_003,68
GGAGACCCCAACTCTGATCA_004,1
GGAGACCCCAACTCTGATCA_005,65
CATCGACCGATACCTGGCTG_001,160
GAGATGGTAACTAAACCCCC_001,189
GAGATGGTAACTAAACCCCC_002,101
TGTAATTGCCCCTATAGTAG_001,36
CACCGCACTGATGGCCAATG_001,40
CACCGCACTGATGGCCAATG_002,172
CACCGCACTGATGGCCAATG_003,193
CACCGCACTGATGGCCAATG_004,78
CACCGCACTGATGGCCAATG_005,78
CACCGCACTGATGGCCAATG_006,169
CACCGCACTGATGGCCAATG_007,178
CACCGCACTGATGGCCAATG_008,111
CACCGCACTGATGGCCAATG_009,71
CACCGCACTGATGGCCAATG_010,93
CACCGCACTGATGGCCAATG_011,108
CACCGCACTGATGGCCAATG_012,169
CACCGCACTGATGGCCAATG_013,179
CACCGCACTGATGGCCAATG_014,8
CACCGCACTGATGGCCAATG_015,114
CACCGCACTGATGGCCAATG_016,123
CACCGCACTGATGGCCAATG_017,13
CACCGCACTGATGGCCAATG_018,43
CACCGCACTGATGGCCAATG_019,62
CTCTCGGAACGGCCTCAGAG_001,159
CTCTCGGAACGGCCTCAGAG_002,70
CTCTCGGAACGGCCTCAGAG_003,140
CTCTCGGAACGGCCTCAGAG_004,147
CTCTCGGAACGGCCTCAGAG_005,151
CTCTCGGAACGGCCTCAGAG_006,62
CTCTCGGAACGGCCTCAGAG_007,77
CTCTCGGAACGGCCTCAGAG_008,34
CTCTCGGAACGGCCTCAGAG_009,48
CTCTCGGAACGGCCTCAGAG_010,146
CTCTCGGAACGGCCTCAGAG_011,119
CTCTCGGAACGGCCTCAGAG_012,49
CTCTCGGAACGGCCTCAGAG_013,1
CTCTCGGAACGGCCTCAGAG_014,176
CTCTCGGAACGGCCTCAGAG_015,72
CTCTCGGAACGGCCTCAGAG_016,104
AGAACATCTTGACCACCACA_001,136
AGAACATCTTGACCACCACA_002,6
AGAACATCTTGACCACCACA_003,1
AGAACATCTTGACCACCACA_004,94
AGAACATCTTGACCACCACA_005,17
AGAACATCTTGACCACCACA_006,197
AGAACATCTTGACCACCACA_007,40
AGAACATCTTGACCACCACA_008,98
AGACTGACCAAACTGCACAA_001,127
AGACTGACCAAACTGCACAA_002,52
AGACTGACCAAACTGCACAA_003,48
AGACTGACCAAACTGCACAA_004,189
AGACTGACCAAACTGCACAA_005,105
AGACTGACCAAACTGCACAA_006,7
AGACTGACCAAACTGCACAA_007,118
AGACTGACCAAACTGCACAA_008,47
AGACTGACCAAACTGCACAA_009,162
AGACTGACCAAACTGCACAA_010,37
AGACTGACCAAACTGCACAA_011,138
AGACTGACCAAACTGCACAA_012,184
AGACTGACCAAACTGCACAA_013,161
AGACTGACCAAACTGCACAA_014,198
AGACTGACCAAACTGCACAA_015,124
AGACTGACCAAACTGCACAA_016,52
AGACTGACCAAACTGCACAA_017,50
GATGTCCAGGAAGACGGCGT_001,180
GATGTCCAGGAAGACGGCGT_002,97
GATGTCCAGGAAGACGGCGT_003,13
GATGTCCAGGAAGACGGCGT_004,75
AGTGGAGACAGATACCATCG_001,8
AGTGGAGACAGATACCATCG_002,146
AGTGGAGACAGATACCATCG_003,49
AGTGGAGACAGATACCATCG_004,58
AGTGGAGACAGATACCATCG_005,77
AGTGGAGACAGATACCATCG_006,8
AGTGGAGACAGATACCATCG_007,146
TGAACTGATTAGGTTACCTG_001,5
TGAACTGATTAGGTTACCTG_002,117
TGAACTGATTAGGTTACCTG_003,92
TGAACTGATTAGGTTACCTG_004,49
TGAACTGATTAGGTTACCTG_005,145
TGAACTGATTAGGTTACCTG_006,20
TGAACTGATTAGGTTACCTG_007,88
TGAACTGATTAGGTTACCTG_008,56
TGAACTGATTAGGTTACCTG_009,56
TGAACTGATTAGGTTACCTG_010,115
TGAACTGATTAGGTTACCTG_011,78
TGAACTGATTAGGTTACCTG_012,183
TGAACTGATTAGGTTACCTG_013,5
ACCACACTCACAATATTCAG_001,83
ACCACACTCACAATATTCAG_002,10
ACCCAGCCGATGTCGACCAG_001,147
ACCCAGCCGATGTCGACCAG_002,161
ACCCAGCCGATGTCGACCAG_003,14
ACCCAGCCGATGTCGACCAG_004,154
ACCCAGCCGATGTCGACCAG_005,154
ACCCAGCCGATGTCGACCAG_006,183
ACCCAGCCGATGTCGACCAG_007,61
ACCCAGCCGATGTCGACCAG_008,60
ACCCAGCCGATGTCGACCAG_009,77
ACCCAGCCGATGTCGACCAG_010,50
ACCCAGCCGATGTCGACCAG_011,36
ACCCAGCCGATGTCGACCAG_012,113
ACCCAGCCGATGTCGACCAG_013,173
ACCCAGCCGATGTCGACCAG_014,60
ACCCAGCCGATGTCGACCAG_015,179
ACCCAGCCGATGTCGACCAG_016,168
ACCCAGCCGATGTCGACCAG_017,119
ACCCAGCCGATGTCGACCAG_018,77
ACCCAGCCGATGTCGACCAG_019,159
ACCCAGCCGATGTCGACCAG_020,36
ACCCAGCCGATGTCGACCAG_021,8
ACCCAGCCGATGTCGACCAG_022,158
ACCCAGCCGATGTCGACCAG_023,179
ACCCAGCCGATGTCGACCAG_024,144
ACCCAGCCGATGTCGACCAG_025,57
ACCCAGCCGATGTCGACCAG_026,68
ACCCAGCCGATGTCGACCAG_027,68
ACCCAGCCGATGTCGACCAG_028,80
ACCCAGCCGATGTCGACCAG_029,80
ACCCAGCCGATGTCGACCAG_030,185
ACCCAGCCGATGTCGACCAG_031,61
GGACATTGTGTGGTGTAATG_001,170
GGACATTGTGTGGTGTAATG_002,168
GGACATTGTGTGGTGTAATG_003,7
ACGCTGTTCACTCCCTCCTA_001,10
ACGCTGTTCACTCCCTCCTA_002,176
ACGCTGTTCACTCCCTCCTA_003,106
CCTTGAGGACGAACCCATCG_001,177
CCTTGAGGACGAACCCATCG_002,198
CCTTGAGGACGAACCCATCG_003,76
CCTTGAGGACGAACCCATCG_004,63
CCTTGAGGACGAACCCATCG_005,35
GTGATACTCTGATCACCGTA_001,92
GTCTACCTGGAATGGTATTG_001,153
GTCTACCTGGAATGGTATTG_002,49
GTCTACCTGGAATGGTATTG_003,29
GTCTACCTGGAATGGTATTG_004,126
GTCTACCTGGAATGGTATTG_005,81
GTCTACCTGGAATGGTATTG_006,12
GTCTACCTGGAATGGTATTG_007,171
GTCTACCTGGAATGGTATTG_008,48
GTCTACCTGGAATGGTATTG_009,104
GTCTACCTGGAATGGTATTG_010,98
GTCTACCTGGAATGGTATTG_011,162
GTCTACCTGGAATGGTATTG_012,52
GTCTACCTGGAATGGTATTG_013,33
TATGCCATTTGTAGCTGGGA_001,53
TATGCCATTTGTAGCTGGGA_002,138
TATGCCATTTGTAGCTGGGA_003,106
TATGCCATTTGTAGCTGGGA_004,70
TATGCCATTTGTAGCTGGGA_005,60
TATGCCATTTGTAGCTGGGA_006,107
TATGCCATTTGTAGCTGGGA_007,115
TATGCCATTTGTAGCTGGGA_008,165
TATGCCATTTGTAGCTGGGA_009,43
TATGCCATTTGTAGCTGGGA_010,16
TCATGCGAGGGATGTCTATG_001,111
TCATGCGAGGGATGTCTATG_002,189
TCATGCGAGGGATGTCTATG_003,20
TCATGCGAGGGATGTCTATG_004,75
TCATGCGAGGGATGTCTATG_005,113
TCATGCGAGGGATGTCTATG_006,161
TCATGCGAGGGATGTCTATG_007,120
TCATGCGAGGGATGTCTATG_008,48
GGTGGTACGGTGTACCGCAG_001,88
GGTGGTACGGTGTACCGCAG_002,144
GGTGGTACGGTGTACCGCAG_003,143
GGTGGTACGGTGTACCGCAG_004,112
GGTGGTACGGTGTACCGCAG_005,16
GGTGGTACGGTGTACCGCAG_006,160
GGTGGTACGGTGTACCGCAG_007,115
GGTGGTACGGTGTACCGCAG_008,68
TGATGTAAATCACCCATTCG_001,171
TGATGTAAATCACCCATTCG_002,15
TGATGTAAATCACCCATTCG_003,22
TGATGTAAATCACCCATTCG_004,71
TGATGTAAATCACCCATTCG_005,191
TGATGTAAATCACCCATTCG_006,94
TTTCTCTCCCTTCTAGTCTG_001,50
TTTCTCTCCCTTCTAGTCTG_002,157
TTTCTCTCCCTTCTAGTCTG_003,102
CCATAGTCTTCAAAGTCTCG_001,47
CCATAGTCTTCAAAGTCTCG_002,104
GCGCGCGTTGCGGAGCACGT_001,136
GCGCGCGTTGCGGAGCACGT_002,24
GCGCGCGTTGCGGAGCACGT_003,118
GCGCGCGTTGCGGAGCACGT_004,84
GCGCGCGTTGCGGAGCACGT_005,65
GCGCGCGTTGCGGAGCACGT_006,1
GCGCGCGTTGCGGAGCACGT_007,176
GCGCGCGTTGCGGAGCACGT_008,176
GCGCGCGTTGCGGAGCACGT_009,150
GCGCGCGTTGCGGAGCACGT_010,139
GCGCGCGTTGCGGAGCACGT_011,171
CAAACACTGCTGAGTAAACA_001,148
CAAACACTGCTGAGTAAACA_002,93
CAAACACTGCTGAGTAAACA_003,29
CAAACACTGCTGAGTAAACA_004,146
CAAACACTGCTGAGTAAACA_005,29
CAAACACTGCTGAGTAAACA_006,105
CAAACACTGCTGAGTAAACA_007,197
CAAACACTGCTGAGTAAACA_008,48
CCTCGTCGTGCAGCAGCCAG_001,137
CCTCGTCGTGCAGCAGCCAG_002,63
CCTCGTCGTGCAGCAGCCAG_003,144
CCTCGTCGTGCAGCAGCCAG_004,61
CCTCGTCGTGCAGCAGCCAG_005,56
GGGATGGAGCAGCCTAAGCT_001,40
GGGATGGAGCAGCCTAAGCT_002,130
GGGATGGAGCAGCCTAAGCT_003,138
GGGATGGAGCAGCCTAAGCT_004,138
GGGATGGAGCAGCCTAAGCT_005,75
GGGATGGAGCAGCCTAAGCT_006,88
GGGATGGAGCAGCCTAAGCT_007,147
GGGATGGAGCAGCCTAAGCT_008,50
GGGATGGAGCAGCCTAAGCT_009,121
GGGATGGAGCAGCCTAAGCT_010,97
GGGATGGAGCAGCCTAAGCT_011,30
GGGATGGAGCAGCCTAAGCT_012,74
GGGATGGAGCAGCCTAAGCT_013,51
GGGATGGAGCAGCCTAAGCT_014,58
GGGATGGAGCAGCCTAAGCT_015,16
GGGATGGAGCAGCCTAAGCT_016,75
GGGATGGAGCAGCCTAAGCT_017,49
GGGATGGAGCAGCCTAAGCT_018,18
GTCGCGTACATCCTAAGTCT_001,2
TGTCCCGTGGAGTAGACACG_001,184
TGTCCCGTGGAGTAGACACG_002,33
TGTCCCGTGGAGTAGACACG_003,126
TGTCCCGTGGAGTAGACACG_004,148
CATCAGGACTAGTGAACGGT_001,96
CATCAGGACTAGTGAACGGT_002,197
CATCAGGACTAGTGAACGGT_003,98
CATCAGGACTAGTGAACGGT_004,168
ATTACAAAGCTTCTTTAGCG_001,36
ATTACAAAGCTTCTTTAGCG_002,63
ATTACAAAGCTTCTTTAGCG_003,174
TTTGGTACCAGACAGTCGAA_001,160
TTTGGTACCAGACAGTCGAA_002,147
ACAAATACATCGCCCGCAGT_001,104
ACAAATACATCGCCCGCAGT_002,84
ACAAATACATCGCCCGCAGT_003,8
CCGCATACCTGTCCTTCGCG_001,82
CCGCATACCTGTCCTTCGCG_002,171
CCGCATACCTGTCCTTCGCG_003,39
CCGCATACCTGTCCTTCGCG_004,12
CCGCATACCTGTCCTTCGCG_005,15
CCGCATACCTGTCCTTCGCG_006,80
CCGCATACCTGTCCTTCGCG_007,0
CCGCATACCTGTCCTTCGCG_008,101
CCTTCCTGAAGCCATCTAGT_001,159
CCTTCCTGAAGCCATCTAGT_002,140
CCTTCCTGAAGCCATCTAGT_003,127
CCTTCCTGAAGCCATCTAGT_004,60
CCTTCCTGAAGCCATCTAGT_005,60
CCTTCCTGAAGCCATCTAGT_006,83
CCTTCCTGAAGCCATCTAGT_007,25
CCTTCCTGAAGCCATCTAGT_008,56
CCTTCCTGAAGCCATCTAGT_009,49
CCTTCCTGAAGCCATCTAGT_010,70
CCTTCCTGAAGCCATCTAGT_011,43
CCTTCCTGAAGCCATCTAGT_012,157
ATACACTGACTGTATACCAC_001,150
ATACACTGACTGTATACCAC_002,128
ATACACTGACTGTATACCAC_003,73
ATACACTGACTGTATACCAC_004,41
ATACACTGACTGTATACCAC_005,92
ATACACTGACTGTATACCAC_006,88
ATACACTGACTGTATACCAC_007,161
ATACACTGACTGTATACCAC_008,82
ATACACTGACTGTATACCAC_009,36
ATACACTGACTGTATACCAC_010,185
ATACACTGACTGTATACCAC_011,29
CCAACGAACATGTACAACAA_001,20
CCAACGAACATGTACAACAA_002,122
CCAACGAACATGTACAACAA_003,127
CCAACGAACATGTACAACAA_004,101
CCAACGAACATGTACAACAA_005,113
CTTGCTAGCGAAGTCAGACG_001,35
CTTGCTAGCGAAGTCAGACG_002,27
CTTGCTAGCGAAGTCAGACG_003,116
CTTGCTAGCGAAGTCAGACG_004,191
CTTGCTAGCGAAGTCAGACG_005,16
CTTGCTAGCGAAGTCAGACG_006,46
CTTGCTAGCGAAGTCAGACG_007,19
CTTGCTAGCGAAGTCAGACG_008,15
CGAAGTAGCCTTGACACAGG_001,81
CGAAGTAGCCTTGACACAGG_002,184
CGAAGTAGCCTTGACACAGG_003,124
CGAAGTAGCCTTGACACAGG_004,68
TCACCCGACAAATCTTGACA_001,191
TCACCCGACAAATCTTGACA_002,144
TCACCCGACAAATCTTGACA_003,114
TCACCCGACAAATCTTGACA_004,107
TCACCCGACAAATCTTGACA_005,56
TCACCCGACAAATCTTGACA_006,151
TCACCCGACAAATCTTGACA_007,26
TCACCCGACAAATCTTGACA_008,109
TCACCCGACAAATCTTGACA_009,50
TCACCCGACAAATCTTGACA_010,1
TCACCCGACAAATCTTGACA_011,106
TCACCCGACAAATCTTGACA_012,2
GAGCATCTCAGAGCGCCGGG_001,127
GAGCATCTCAGAGCGCCGGG_002,58
GAGCATCTCAGAGCGCCGGG_003,119
GAGCATCTCAGAGCGCCGGG_004,41
GAGCATCTCAGAGCGCCGGG_005,28
GAGCATCTCAGAGCGCCGGG_006,141
GAGCATCTCAGAGCGCCGGG_007,75
GAGCATCTCAGAGCGCCGGG_008,136
GAGCATCTCAGAGCGCCGGG_009,157
TCGGACCGGTTATTACCGAG_001,7
TCGGACCGGTTATTACCGAG_002,2
TCGGACCGGTTATTACCGAG_003,34
TCGGACCGGTTATTACCGAG_004,90
TCGGACCGGTTATTACCGAG_005,174
TCGGACCGGTTATTACCGAG_006,115
TCGGACCGGTTATTACCGAG_007,105
TCGGACCGGTTATTACCGAG_008,34
TCGGACCGGTTATTACCGAG_009,176
TCGGACCGGTTATTACCGAG_010,97
TCGGACCGGTTATTACCGAG_011,97
TCGGACCGGTTATTACCGAG_012,171
TCGGACCGGTTATTACCGAG_013,160
TGTGACAAGCTGGCTAATGG_001,88
TGTGACAAGCTGGCTAATGG_002,177
TGTGACAAGCTGGCTAATGG_003,197
TGTGACAAGCTGGCTAATGG_004,174
TGTGACAAGCTGGCTAATGG_005,158
TGTGACAAGCTGGCTAATGG_006,130
TGTGACAAGCTGGCTAATGG_007,91
TGTGACAAGCTGGCTAATGG_008,30
TGTGACAAGCTGGCTAATGG_009,160
TGTGACAAGCTGGCTAATGG_010,97
TGTGACAAGCTGGCTAATGG_011,38
TGTGACAAGCTGGCTAATGG_012,145
TGTGACAAGCTGGCTAATGG_013,29
TGTGACAAGCTGGCTAATGG_014,67
TGTGACAAGCTGGCTAATGG_015,172
TGTGACAAGCTGGCTAATGG_016,102
TGTGACAAGCTGGCTAATGG_017,160
TGTGACAAGCTGGCTAATGG_018,180
AGTCTTGAGACATTGCTCGT_001,48
AGTCTTGAGACATTGCTCGT_002,10
AGTCTTGAGACATTGCTCGT_003,41
AGTCTTGAGACATTGCTCGT_004,105
AGTCTTGAGACATTGCTCGT_005,194
AGTCTTGAGACATTGCTCGT_006,132
AGTCTTGAGACATTGCTCGT_007,98
AGTCTTGAGACATTGCTCGT_008,147
AGTCTTGAGACATTGCTCGT_009,8
AGTCTTGAGACATTGCTCGT_010,15
AGTCTTGAGACATTGCTCGT_011,51
ATATTTAATACCTCAACCTC_001,115
ATATTTAATACCTCAACCTC_002,108
TGATATCGAATCAAAAAACA_001,157
TGATATCGAATCAAAAAACA_002,127
ATACCAAGAGTAGGAGAGCG_001,132
ATACCAAGAGTAGGAGAGCG_002,35
ATACCAAGAGTAGGAGAGCG_003,17
ATACCAAGAGTAGGAGAGCG_004,107
ATACCAAGAGTAGGAGAGCG_005,124
ATACCAAGAGTAGGAGAGCG_006,107
ATACCAAGAGTAGGAGAGCG_007,52
ATACCAAGAGTAGGAGAGCG_008,192
ATACCAAGAGTAGGAGAGCG_009,65
AGCCGATCTTCTTGCCGACG_001,28
CCTGGGCCAAAAGGTTGAGG_001,111
CCTGGGCCAAAAGGTTGAGG_002,105
CCTGGGCCAAAAGGTTGAGG_003,174
CCTGGGCCAAAAGGTTGAGG_004,168
CCTGGGCCAAAAGGTTGAGG_005,3
CCTGGGCCAAAAGGTTGAGG_006,34
CCTGGGCCAAAAGGTTGAGG_007,9
CCTGGGCCAAAAGGTTGAGG_008,119
CCTGGGCCAAAAGGTTGAGG_009,166
ACTTACCGCAAAACTTCGGG_001,185
ACTTACCGCAAAACTTCGGG_002,191
ACTTACCGCAAAACTTCGGG_003,171
ACTTACCGCAAAACTTCGGG_004,171
ACTTACCGCAAAACTTCGGG_005,181
ACTTACCGCAAAACTTCGGG_006,76
ACTTACCGCAAAACTTCGGG_007,70
ACTTACCGCAAAACTTCGGG_008,87
ACTTACCGCAAAACTTCGGG_009,87
ACTTACCGCAAAACTTCGGG_010,80
CTCACATACCCCACACACGT_001,43
CTCACATACCCCACACACGT_002,50
CTCACATACCCCACACACGT_003,162
CTCACATACCCCACACACGT_004,18
CTCACATACCCCACACACGT_005,147
CTCACATACCCCACACACGT_006,1
CTCACATACCCCACACACGT_007,142
CTCACATACCCCACACACGT_008,15
GCACAGACGGACAAATACAG_001,193
GCACAGACGGACAAATACAG_002,183
GCACAGACGGACAAATACAG_003,80
GCACAGACGGACAAATACAG_004,192
GCACAGACGGACAAATACAG_005,165
GCACAGACGGACAAATACAG_006,138
GCAGAGAAGGAAGAACCCTC_001,32
GCAGAGAAGGAAGAACCCTC_002,151
GCAGAGAAGGAAGAACCCTC_003,130
GCAGAGAAGGAAGAACCCTC_004,78
GCAGAGAAGGAAGAACCCTC_005,175
GCAGAGAAGGAAGAACCCTC_006,175
GCAGAGAAGGAAGAACCCTC_007,1
GCAGAGAAGGAAGAACCCTC_008,68
GCAGAGAAGGAAGAACCCTC_009,69
GCAGAGAAGGAAGAACCCTC_010,94
GCAGAGAAGGAAGAACCCTC_011,32
GCAGAGAAGGAAGAACCCTC_012,181
GCAGAGAAGGAAGAACCCTC_013,146
GCAGAGAAGGAAGAACCCTC_014,2
GCAGAGAAGGAAGAACCCTC_015,19
GCAGAGAAGGAAGAACCCTC_016,184
GCAGAGAAGGAAGAACCCTC_017,175
GCAGAGAAGGAAGAACCCTC_018,175
ACTCTTCCGGCATTATACCG_001,106
ACTCTTCCGGCATTATACCG_002,194
ACTCTTCCGGCATTATACCG_003,61
GGAAGAGGCGGCAGACAGCG_001,190
GGAAGAGGCGGCAGACAGCG_002,27
GGAAGAGGCGGCAGACAGCG_003,149
GGAAGAGGCGGCAGACAGCG_004,65
GGAAGAGGCGGCAGACAGCG_005,56
GGAAGAGGCGGCAGACAGCG_006,183
GTCAATATAGACAGGTTCAT_001,58
GTCAATATAGACAGGTTCAT_002,10
GTCAATATAGACAGGTTCAT_003,138
ATGGCCAGGTAGCCCGACCA_001,17
ATGGCCAGGTAGCCCGACCA_002,101
ATGGCCAGGTAGCCCGACCA_003,7
ATGGCCAGGTAGCCCGACCA_004,111
ATGGCCAGGTAGCCCGACCA_005,108
ATGGCCAGGTAGCCCGACCA_006,166
ATGGCCAGGTAGCCCGACCA_007,21
ATGGCCAGGTAGCCCGACCA_008,188
ATGGCCAGGTAGCCCGACCA_009,30
ATGGCCAGGTAGCCCGACCA_010,165
ATGGCCAGGTAGCCCGACCA_011,177
ATGGCCAGGTAGCCCGACCA_012,129
ATGGCCAGGTAGCCCGACCA_013,93
ATGGCCAGGTAGCCCGACCA_014,83
ATGGCCAGGTAGCCCGACCA_015,45
ATGGCCAGGTAGCCCGACCA_016,146
ATGGCCAGGTAGCCCGACCA_017,84
ATGGCCAGGTAGCCCGACCA_018,50
ATGGCCAGGTAGCCCGACCA_019,41
ATGGCCAGGTAGCCCGACCA_020,58
ATGGCCAGGTAGCCCGACCA_021,1
ATGGCCAGGTAGCCCGACCA_022,83
ATGGCCAGGTAGCCCGACCA_023,145
ATGGCCAGGTAGCCCGACCA_024,57
ATGGCCAGGTAGCCCGACCA_025,1
ATGGCCAGGTAGCCCGACCA_026,68
ATGGCCAGGTAGCCCGACCA_027,134
ATGGCCAGGTAGCCCGACCA_028,140
AGAGAAGTCCCTCTCCAGTG_001,0
AGAGAAGTCCCTCTCCAGTG_002,94
AGAGAAGTCCCTCTCCAGTG_003,125
AGAGAAGTCCCTCTCCAGTG_004,41
AGAGAAGTCCCTCTCCAGTG_005,17
AGAGAAGTCCCTCTCCAGTG_006,50
ATCAACGACTACCAGCCCGG_001,118
ATCAACGACTACCAGCCCGG_002,91
ATCAACGACTACCAGCCCGG_003,171
ATCAACGACTACCAGCCCGG_004,174
ATCAACGACTACCAGCCCGG_005,199
ATCAACGACTACCAGCCCGG_006,63
ATCAACGACTACCAGCCCGG_007,190
ATCAACGACTACCAGCCCGG_008,165
ATCAACGACTACCAGCCCGG_009,76
ATCAACGACTACCAGCCCGG_010,158
ATCAACGACTACCAGCCCGG_011,136
ATCAACGACTACCAGCCCGG_012,119
ATCAACGACTACCAGCCCGG_013,124
ATCAACGACTACCAGCCCGG_014,48
ATCAACGACTACCAGCCCGG_015,84
ATCAACGACTACCAGCCCGG_016,162
ATCAACGACTACCAGCCCGG_017,199
ATGATGCTTGCAAACTAATG_001,53
ATGATGCTTGCAAACTAATG_002,12
CACACCTCTGACATTCACCA_001,170
CACACCTCTGACATTCACCA_002,127
CACACCTCTGACATTCACCA_003,41
CACACCTCTGACATTCACCA_004,130
CACACCTCTGACATTCACCA_005,15
CACACCTCTGACATTCACCA_006,94
CACACCTCTGACATTCACCA_007,56
CACACCTCTGACATTCACCA_008,8
CACACCTCTGACATTCACCA_009,12
CACACCTCTGACATTCACCA_010,76
CACACCTCTGACATTCACCA_011,52
CACACCTCTGACATTCACCA_012,86
CACACCTCTGACATTCACCA_013,133
CACACCTCTGACATTCACCA_014,81
CACACCTCTGACATTCACCA_015,1
CACACCTCTGACATTCACCA_016,180
CACACCTCTGACATTCACCA_017,169
CACACCTCTGACATTCACCA_018,51
CACACCTCTGACATTCACCA_019,129
CACACCTCTGACATTCACCA_020,177
CACACCTCTGACATTCACCA_021,169
CACACCTCTGACATTCACCA_022,33
CACACCTCTGACATTCACCA_023,158
CACACCTCTGACATTCACCA_024,82
CACACCTCTGACATTCACCA_025,106
CACACCTCTGACATTCACCA_026,4
CACACCTCTGACATTCACCA_027,75
CCACAAGCAGATCTACTACT_001,29
CCACAAGCAGATCTACTACT_002,118
CCACAAGCAGATCTACTACT_003,199
CCACAAGCAGATCTACTACT_004,191
CCACAAGCAGATCTACTACT_005,66
TAGAAAAGCCTTCAGTCACA_001,78
TAGAAAAGCCTTCAGTCACA_002,155
TAGAAAAGCCTTCAGTCACA_003,40
TAGAAAAGCCTTCAGTCACA_004,184
TAGAAAAGCCTTCAGTCACA_005,15
TAGAAAAGCCTTCAGTCACA_006,27
TAGAAAAGCCTTCAGTCACA_007,98
TAGAAAAGCCTTCAGTCACA_008,42
CACTACATCCCGCGGCCCTG_001,40
CACTACATCCCGCGGCCCTG_002,11
CACTACATCCCGCGGCCCTG_003,147
CACTACATCCCGCGGCCCTG_004,137
CACTACATCCCGCGGCCCTG_005,157
CACTACATCCCGCGGCCCTG_006,31
CACTACATCCCGCGGCCCTG_007,22
CACTACATCCCGCGGCCCTG_008,26
CACTACATCCCGCGGCCCTG_009,6
CACTACATCCCGCGGCCCTG_010,108
CACTACATCCCGCGGCCCTG_011,170
CACTACATCCCGCGGCCCTG_012,198
CACTACATCCCGCGGCCCTG_013,91
CACTACATCCCGCGGCCCTG_014,62
GGATGAACAAAACTGCACCT_001,60
GGATGAACAAAACTGCACCT_002,169
GGATGAACAAAACTGCACCT_003,33
GGATGAACAAAACTGCACCT_004,64
GTGGATGGATTCAGTACCGA_001,166
GTGGATGGATTCAGTACCGA_002,70
GTGGATGGATTCAGTACCGA_003,116
GTGGATGGATTCAGTACCGA_004,178
GTGGATGGATTCAGTACCGA_005,81
GTGGATGGATTCAGTACCGA_006,60
GTGGATGGATTCAGTACCGA_007,12
GTGGATGGATTCAGTACCGA_008,168
GACAGTGCGCACCGTGTACG_001,114
GACAGTGCGCACCGTGTACG_002,114
GACAGTGCGCACCGTGTACG_003,129
GACAGTGCGCACCGTGTACG_004,126
GACAGTGCGCACCGTGTACG_005,153
GACAGTGCGCACCGTGTACG_006,12
GACAGTGCGCACCGTGTACG_007,19
GACAGTGCGCACCGTGTACG_008,153
GACAGTGCGCACCGTGTACG_009,156
GACAGTGCGCACCGTGTACG_010,150
GGCCAAGGTCCTGGAGCTGG_001,136
TAGAAACCTGTAGCGCAGTG_001,4
TAGAAACCTGTAGCGCAGTG_002,75
TAGAAACCTGTAGCGCAGTG_003,58
TAGAAACCTGTAGCGCAGTG_004,90
CACAAAGTCCCGCTCACTAG_001,70
CACAAAGTCCCGCTCACTAG_002,48
CACAAAGTCCCGCTCACTAG_003,193
CACAAAGTCCCGCTCACTAG_004,188
CACAAAGTCCCGCTCACTAG_005,148
CACAAAGTCCCGCTCACTAG_006,38
CTGCGGGGAGACCACAACCG_001,130
CTGCGGGGAGACCACAACCG_002,53
CTGCGGGGAGACCACAACCG_003,181
CTGCGGGGAGACCACAACCG_004,85
CTGCGGGGAGACCACAACCG_005,137
CTGCGGGGAGACCACAACCG_006,148
CTGCGGGGAGACCACAACCG_007,74
CTGCGGGGAGACCACAACCG_008,8
CTGCGGGGAGACCACAACCG_009,48
CTGCGGGGAGACCACAACCG_010,11
CTGCGGGGAGACCACAACCG_011,50
CTGCGGGGAGACCACAACCG_012,106
CTGCGGGGAGACCACAACCG_013,9
CTGCGGGGAGACCACAACCG_014,61
CTGCGGGGAGACCACAACCG_015,105
GACTTGGGTTCAGGACCAGT_001,150
GACTTGGGTTCAGGACCAGT_002,15
GACTTGGGTTCAGGACCAGT_003,188
GACTTGGGTTCAGGACCAGT_004,15
GACTTGGGTTCAGGACCAGT_005,23
GACTTGGGTTCAGGACCAGT_006,183
GACTTGGGTTCAGGACCAGT_007,56
GACTTGGGTTCAGGACCAGT_008,48
GACTTGGGTTCAGGACCAGT_009,115
GACTTGGGTTCAGGACCAGT_010,19
GACTTGGGTTCAGGACCAGT_011,19
GACTTGGGTTCAGGACCAGT_012,124
GACTTGGGTTCAGGACCAGT_013,180
GGGCATACACTGAGTACAGG_001,165
GGGCATACACTGAGTACAGG_002,119
GGGCATACACTGAGTACAGG_003,130
GGGCATACACTGAGTACAGG_004,103
ATGAGTACGCCTATGCCAAG_001,140
ATGAGTACGCCTATGCCAAG_002,88
ATGAGTACGCCTATGCCAAG_003,121
ATGAGTACGCCTATGCCAAG_004,104
ATGAGTACGCCTATGCCAAG_005,16
ATGAGTACGCCTATGCCAAG_006,5
ATGAGTACGCCTATGCCAAG_007,121
ATGAGTACGCCTATGCCAAG_008,166
ATGAGTACGCCTATGCCAAG_009,34
ATGAGTACGCCTATGCCAAG_010,83
ATGAGTACGCCTATGCCAAG_011,160
ATGAGTACGCCTATGCCAAG_012,105
ATGAGTACGCCTATGCCAAG_013,40
GGGGACACGATCCGAGTCAG_001,9
GGGGACACGATCCGAGTCAG_002,137
GGGGACACGATCCGAGTCAG_003,98
GGGGACACGATCCGAGTCAG_004,7
GGGGACACGATCCGAGTCAG_005,149
GGGGACACGATCCGAGTCAG_006,141
GGGGACACGATCCGAGTCAG_007,88
TATTCCCCACTACATTAACC_001,196
TATTCCCCACTACATTAACC_002,55
TATTCCCCACTACATTAACC_003,30
ACATTCATAACGTTTCTCTC_001,60
ACATTCATAACGTTTCTCTC_002,51
CTCCCACGCAGACAGTAGTG_001,107
CTCCCACGCAGACAGTAGTG_002,91
CTCCCACGCAGACAGTAGTG_003,41
CTCCCACGCAGACAGTAGTG_004,149
CTCCCACGCAGACAGTAGTG_005,61
CTCCCACGCAGACAGTAGTG_006,46
CTCCCACGCAGACAGTAGTG_007,98
CTCCCACGCAGACAGTAGTG_008,152
CTCCCACGCAGACAGTAGTG_009,168
CTCCCACGCAGACAGTAGTG_010,68
CTCCCACGCAGACAGTAGTG_011,119
TGAGGTACGTCAAGTCGGCA_001,29
TGAGGTACGTCAAGTCGGCA_002,176
TGAGGTACGTCAAGTCGGCA_003,52
TGAGGTACGTCAAGTCGGCA_004,183
TGAGGTACGTCAAGTCGGCA_005,11
TGAGGTACGTCAAGTCGGCA_006,77
TGAGGTACGTCAAGTCGGCA_007,139
TGAGGTACGTCAAGTCGGCA_008,176
TGAGGTACGTCAAGTCGGCA_009,169
TGAGGTACGTCAAGTCGGCA_010,111
TGAGGTACGTCAAGTCGGCA_011,98
TGAGGTACGTCAAGTCGGCA_012,177
TGAGGTACGTCAAGTCGGCA_013,68
TGAGGTACGTCAAGTCGGCA_014,134
TGAGGTACGTCAAGTCGGCA_015,137
TGAGGTACGTCAAGTCGGCA_016,33
TGAGGTACGTCAAGTCGGCA_017,190
TGAGGTACGTCAAGTCGGCA_018,176
TGAGGTACGTCAAGTCGGCA_019,65
TGAGGTACGTCAAGTCGGCA_020,25
TGAGGTACGTCAAGTCGGCA_021,133
TGAGGTACGTCAAGTCGGCA_022,136
TGAGGTACGTCAAGTCGGCA_023,39
TGAGGTACGTCAAGTCGGCA_024,102
TGAGGTACGTCAAGTCGGCA_025,168
TACCCAACCATAATGAGCCA_001,18
TACCCAACCATAATGAGCCA_002,5
TACCCAACCATAATGAGCCA_003,30
AGGTTGCGCGCAGCAGCGTG_001,198
AGGTTGCGCGCAGCAGCGTG_002,134
AGGTTGCGCGCAGCAGCGTG_003,58
AGGTTGCGCGCAGCAGCGTG_004,141
AGGTTGCGCGCAGCAGCGTG_005,74
AGGTTGCGCGCAGCAGCGTG_006,154
AGGTTGCGCGCAGCAGCGTG_007,93
AGGTTGCGCGCAGCAGCGTG_008,48
AGGTTGCGCGCAGCAGCGTG_009,130
AGGTTGCGCGCAGCAGCGTG_010,168
AGGTTGCGCGCAGCAGCGTG_011,8
AGGTTGCGCGCAGCAGCGTG_012,169
AGGTTGCGCGCAGCAGCGTG_013,190
AGGTTGCGCGCAGCAGCGTG_014,190
AGGTTGCGCGCAGCAGCGTG_015,55
AGGTTGCGCGCAGCAGCGTG_016,194
AGGTTGCGCGCAGCAGCGTG_017,156
AGGTTGCGCGCAGCAGCGTG_018,32
AGGTTGCGCGCAGCAGCGTG_019,104
AGGTTGCGCGCAGCAGCGTG_020,1
AGGTTGCGCGCAGCAGCGTG_021,181
CCTGCCCATGCGCAACACTG_001,13
CCTGCCCATGCGCAACACTG_002,50
CCTGCCCATGCGCAACACTG_003,156
CCTGCCCATGCGCAACACTG_004,198
CCTGCCCATGCGCAACACTG_005,160
CCTGCCCATGCGCAACACTG_006,170
CCTGCCCATGCGCAACACTG_007,168
CCTGCCCATGCGCAACACTG_008,136
CCTGCCCATGCGCAACACTG_009,0
CCTGCCCATGCGCAACACTG_010,162
GGGGGCGCTTACCATTTCCG_001,58
GGGGGCGCTTACCATTTCCG_002,101
GGGGGCGCTTACCATTTCCG_003,91
TGTTTTGCATGTTGCATAGG_001,25
TGTTTTGCATGTTGCATAGG_002,132
TGTTTTGCATGTTGCATAGG_003,35
TGTTTTGCATGTTGCATAGG_004,77
TGTTTTGCATGTTGCATAGG_005,158
AATTACATACGTTTGCGTCG_001,60
AATTACATACGTTTGCGTCG_002,15
GCTGCTGGACAACTCAGACA_001,8
GCTGCTGGACAACTCAGACA_002,184
GCTGCTGGACAACTCAGACA_003,77
GCTGCTGGACAACTCAGACA_004,191
GCTGCTGGACAACTCAGACA_005,9
GCTGCTGGACAACTCAGACA_006,2
GCTGCTGGACAACTCAGACA_007,156
GCTGCTGGACAACTCAGACA_008,36
GCTGCTGGACAACTCAGACA_009,160
GCTGCTGGACAACTCAGACA_010,72
GCTGCTGGACAACTCAGACA_011,142
GCTGCTGGACAACTCAGACA_012,40
TTCCCTGAGTGAACGAGTTG_001,186
TTCCCTGAGTGAACGAGTTG_002,24
TTCCCTGAGTGAACGAGTTG_003,157
TTCCCTGAGTGAACGAGTTG_004,157
CCTGCCAAGAAGGATGTCAA_001,166
CCTGCCAAGAAGGATGTCAA_002,70
CCTGCCAAGAAGGATGTCAA_003,56
CCTGCCAAGAAGGATGTCAA_004,177
CCTGCCAAGAAGGATGTCAA_005,139
CCTGCCAAGAAGGATGTCAA_006,147
CCTGCCAAGAAGGATGTCAA_007,52
CCTGCCAAGAAGGATGTCAA_008,0
CCTGCCAAGAAGGATGTCAA_009,109
CCTGCCAAGAAGGATGTCAA_010,94
CCTGCCAAGAAGGATGTCAA_011,169
CCTGCCAAGAAGGATGTCAA_012,78
CCTGCCAAGAAGGATGTCAA_013,79
CCTGCCAAGAAGGATGTCAA_014,84
CCTGCCAAGAAGGATGTCAA_015,1
CCTGCCAAGAAGGATGTCAA_016,163
GATTATGCCTGATACGTCAT_001,137
GATTATGCCTGATACGTCAT_002,170
GATTATGCCTGATACGTCAT_003,160
GATTATGCCTGATACGTCAT_004,70
GATTATGCCTGATACGTCAT_005,7
GATTATGCCTGATACGTCAT_006,86
GATTATGCCTGATACGTCAT_007,130
GATTATGCCTGATACGTCAT_008,162
GTATTAGAGGAAACTCACGA_001,82
GTATTAGAGGAAACTCACGA_002,78
GTATTAGAGGAAACTCACGA_003,55
GTATTAGAGGAAACTCACGA_004,70
GTATTAGAGGAAACTCACGA_005,36
GTATTAGAGGAAACTCACGA_006,185
GTATTAGAGGAAACTCACGA_007,199
GTATTAGAGGAAACTCACGA_008,77
GTATTAGAGGAAACTCACGA_009,17
GTATTAGAGGAAACTCACGA_010,52
CATTTATTGATAGAGAATGG_001,132
CATTTATTGATAGAGAATGG_002,43
CATTTATTGATAGAGAATGG_003,173
CATTTATTGATAGAGAATGG_004,173
GCATGCCATAGATGTCACAC_001,141
GCATGCCATAGATGTCACAC_002,29
GCATGCCATAGATGTCACAC_003,41
GCATGCCATAGATGTCACAC_004,145
GCATGCCATAGATGTCACAC_005,74
GGCGCAGGAGTGACTCGTTG_001,50
GGCGCAGGAGTGACTCGTTG_002,130
GGCGCAGGAGTGACTCGTTG_003,137
GGCGCAGGAGTGACTCGTTG_004,83
GGCGCAGGAGTGACTCGTTG_005,124
GGCGCAGGAGTGACTCGTTG_006,115
GGCGCAGGAGTGACTCGTTG_007,169
GGGCAGCCGAGAAGTACCCG_001,58
GGGCAGCCGAGAAGTACCCG_002,168
GGGCAGCCGAGAAGTACCCG_003,142
GGGCAGCCGAGAAGTACCCG_004,199
GGGCAGCCGAGAAGTACCCG_005,9
GGGCAGCCGAGAAGTACCCG_006,26
GGGCAGCCGAGAAGTACCCG_007,191
GGGCAGCCGAGAAGTACCCG_008,48
GGGCAGCCGAGAAGTACCCG_009,180
CCCAGAGCGAAGGTCTCACG_001,158
CCCAGAGCGAAGGTCTCACG_002,1
CCCAGAGCGAAGGTCTCACG_003,120
CCCAGAGCGAAGGTCTCACG_004,61
CCTTTCATCACCAGAAACCG_001,15
CCTTTCATCACCAGAAACCG_002,127
CCTTTCATCACCAGAAACCG_003,45
CCTTTCATCACCAGAAACCG_004,115
CCTTTCATCACCAGAAACCG_005,164
CCTTTCATCACCAGAAACCG_006,40
CCTTTCATCACCAGAAACCG_007,160
CCTTTCATCACCAGAAACCG_008,160
CCTTTCATCACCAGAAACCG_009,170
CCTTTCATCACCAGAAACCG_010,108
CCTTTCATCACCAGAAACCG_011,36
CCTTTCATCACCAGAAACCG_012,56
CCTTTCATCACCAGAAACCG_013,108
GGTATTTGAGGAACTACCTG_001,144
AAGATCCGAGTGCACTCGCG_001,137
AAGATCCGAGTGCACTCGCG_002,1
AAGATCCGAGTGCACTCGCG_003,120
AAGATCCGAGTGCACTCGCG_004,121
AAGATCCGAGTGCACTCGCG_005,50
AAGATCCGAGTGCACTCGCG_006,113
AAGATCCGAGTGCACTCGCG_007,2
AAGATCCGAGTGCACTCGCG_008,104
AAGATCCGAGTGCACTCGCG_009,43
AAGATCCGAGTGCACTCGCG_010,71
TCTAAAGCCGTCCTGATGTT_001,1
TCTAAAGCCGTCCTGATGTT_002,191
TCTAAAGCCGTCCTGATGTT_003,168
TCTAAAGCCGTCCTGATGTT_004,149
TCTAAAGCCGTCCTGATGTT_005,29
TCTAAAGCCGTCCTGATGTT_006,28
TCTAAAGCCGTCCTGATGTT_007,12
TCTAAAGCCGTCCTGATGTT_008,98
TCTAAAGCCGTCCTGATGTT_009,66
TCTAAAGCCGTCCTGATGTT_010,36
TCTAAAGCCGTCCTGATGTT_011,68
TCTAAAGCCGTCCTGATGTT_012,149
AAGGTCTGGCACCGTCATGG_001,166
AAGGTCTGGCACCGTCATGG_002,18
AAGGTCTGGCACCGTCATGG_003,136
AAGGTCTGGCACCGTCATGG_004,35
AAGGTCTGGCACCGTCATGG_005,40
ATGCTCCTTAAACGATGGAG_001,37
ATGCTCCTTAAACGATGGAG_002,6
ATGCTCCTTAAACGATGGAG_003,80
ATGCTCCTTAAACGATGGAG_004,28
ATGCTCCTTAAACGATGGAG_005,15
CTTCCTCCCATCAACACAGT_001,38
CTTCCTCCCATCAACACAGT_002,32
CTTCCTCCCATCAACACAGT_003,6
CTTCCTCCCATCAACACAGT_004,80
CTTCCTCCCATCAACACAGT_005,62
CTTCCTCCCATCAACACAGT_006,172
CTTCCTCCCATCAACACAGT_007,107
CTTCCTCCCATCAACACAGT_008,82
CTTCCTCCCATCAACACAGT_009,129
AAGTTGTGAGCAATGAACAA_001,54
AAGTTGTGAGCAATGAACAA_002,6
AAGTTGTGAGCAATGAACAA_003,6
AAGTTGTGAGCAATGAACAA_004,39
AAGTTGTGAGCAATGAACAA_005,168
AAGTTGTGAGCAATGAACAA_006,60
AAGTTGTGAGCAATGAACAA_007,141
AAGTTGTGAGCAATGAACAA_008,77
AAGTTGTGAGCAATGAACAA_009,28
AAGTTGTGAGCAATGAACAA_010,8
AAGTTGTGAGCAATGAACAA_011,170
AAGTTGTGAGCAATGAACAA_012,16
AAGTTGTGAGCAATGAACAA_013,8
AAGTTGTGAGCAATGAACAA_014,149
AAGTTGTGAGCAATGAACAA_015,12
AAGTTGTGAGCAATGAACAA_016,62
AAGTTGTGAGCAATGAACAA_017,171
AAGTTGTGAGCAATGAACAA_018,184
AAGTTGTGAGCAATGAACAA_019,177
AAGTTGTGAGCAATGAACAA_020,64
AAGTTGTGAGCAATGAACAA_021,49
AAGTTGTGAGCAATGAACAA_022,165
AAGTTGTGAGCAATGAACAA_023,193
GGATGATTGAATACTGGACT_001,48
GGAGCCTTACCATCAAACTT_001,32
GGAGCCTTACCATCAAACTT_002,86
GGAGCCTTACCATCAAACTT_003,58
GGAGCCTTACCATCAAACTT_004,121
GGAGCCTTACCATCAAACTT_005,146
GGAGCCTTACCATCAAACTT_006,49
GGAGCCTTACCATCAAACTT_007,166
GGAGCCTTACCATCAAACTT_008,5
GGAGCCTTACCATCAAACTT_009,129
GGAGCCTTACCATCAAACTT_010,151
GGAGCCTTACCATCAAACTT_011,194
GGAGCCTTACCATCAAACTT_012,175
GGAGCCTTACCATCAAACTT_013,184
GGAGCCTTACCATCAAACTT_014,19
GGAGCCTTACCATCAAACTT_015,123
TGCTTGGTAGAATTTGCCAC_001,29
TGCTTGGTAGAATTTGCCAC_002,46
TGCTTGGTAGAATTTGCCAC_003,5
TGCTTGGTAGAATTTGCCAC_004,198
TGCTTGGTAGAATTTGCCAC_005,182
TGCTTGGTAGAATTTGCCAC_006,112
GGGCTGGCCAGACAATGACA_001,94
GGGCTGGCCAGACAATGACA_002,115
GGGCTGGCCAGACAATGACA_003,45
GGGCTGGCCAGACAATGACA_004,168
GGGCTGGCCAGACAATGACA_005,174
GGGCTGGCCAGACAATGACA_006,38
GGGCTGGCCAGACAATGACA_007,188
TCCACATGAGTGGAATCCGG_001,48
TCCACATGAGTGGAATCCGG_002,81
ACAAGAGAGATATGTTGCCA_001,101
ACAAGAGAGATATGTTGCCA_002,133
ACAAGAGAGATATGTTGCCA_003,56
ACAAGAGAGATATGTTGCCA_004,135
ACAAGAGAGATATGTTGCCA_005,17
AAAGCGGGAGGGAGTTAACG_001,49
AAAGCGGGAGGGAGTTAACG_002,176
AAAGCGGGAGGGAGTTAACG_003,174
AAAGCGGGAGGGAGTTAACG_004,151
AAAGCGGGAGGGAGTTAACG_005,145
AAAGCGGGAGGGAGTTAACG_006,140
AAAGCGGGAGGGAGTTAACG_007,6
AAAGCGGGAGGGAGTTAACG_008,184
AAAGCGGGAGGGAGTTAACG_009,156
CAATATCCATCTCCAGAGAC_001,185
CTCTGGTGTCCCACAAAATG_001,102
CTCTGGTGTCCCACAAAATG_002,50
CTCTGGTGTCCCACAAAATG_003,147
CTCTGGTGTCCCACAAAATG_004,145
CTCTGGTGTCCCACAAAATG_005,140
CTCTGGTGTCCCACAAAATG_006,18
GGAGCCCGTCATCTTCATAG_001,152
GGAGCCCGTCATCTTCATAG_002,69
GGAGCCCGTCATCTTCATAG_003,127
GGAGCCCGTCATCTTCATAG_004,150
GGAGCCCGTCATCTTCATAG_005,157
GGAGCCCGTCATCTTCATAG_006,170
GGAGCCCGTCATCTTCATAG_007,10
GGGAATCGGTGAGATTGTCG_001,91
GGGAATCGGTGAGATTGTCG_002,191
GGGAATCGGTGAGATTGTCG_003,115
GGGAATCGGTGAGATTGTCG_004,151
GGGAATCGGTGAGATTGTCG_005,1
GGGAATCGGTGAGATTGTCG_006,153
GGGAATCGGTGAGATTGTCG_007,124
GGGAATCGGTGAGATTGTCG_008,168
AACTTCCTGATTGGTCGACA_001,63
AACTTCCTGATTGGTCGACA_002,93
AACTTCCTGATTGGTCGACA_003,68
AACTTCCTGATTGGTCGACA_004,28
AACTTCCTGATTGGTCGACA_005,171
AACTTCCTGATTGGTCGACA_006,38
AACTTCCTGATTGGTCGACA_007,83
AACTTCCTGATTGGTCGACA_008,139
AACTTCCTGATTGGTCGACA_009,115
AACTTCCTGATTGGTCGACA_010,159
AACTTCCTGATTGGTCGACA_011,81
AACTTCCTGATTGGTCGACA_012,89
AACTTCCTGATTGGTCGACA_013,16
AACTTCCTGATTGGTCGACA_014,145
AACTTCCTGATTGGTCGACA_015,70
AACTTCCTGATTGGTCGACA_016,146
AACTTCCTGATTGGTCGACA_017,33
AACTTCCTGATTGGTCGACA_018,68
AACTTCCTGATTGGTCGACA_019,118
AACTTCCTGATTGGTCGACA_020,61
AACTTCCTGATTGGTCGACA_021,62
AACTTCCTGATTGGTCGACA_022,72
AACTTCCTGATTGGTCGACA_023,178
AACTTCCTGATTGGTCGACA_024,158
AACTTCCTGATTGGTCGACA_025,158
AACTTCCTGATTGGTCGACA_026,182
AACTTCCTGATTGGTCGACA_027,182
AACTTCCTGATTGGTCGACA_028,16
AGCCATACCTCTCATGATCA_001,25
AGCCATACCTCTCATGATCA_002,2
AGCCATACCTCTCATGATCA_003,88
AGCCATACCTCTCATGATCA_004,60
AGCCATACCTCTCATGATCA_005,149
AGCCATACCTCTCATGATCA_006,115
CAGGTCTGCCACATCCACGC_001,5
CAGGTCTGCCACATCCACGC_002,58
CAGGTCTGCCACATCCACGC_003,85
CAGGTCTGCCACATCCACGC_004,94
CAGGTCTGCCACATCCACGC_005,37
CAGGTCTGCCACATCCACGC_006,53
CAGGTCTGCCACATCCACGC_007,70
CAGGTCTGCCACATCCACGC_008,11
CAGGTCTGCCACATCCACGC_009,37
CAGGTCTGCCACATCCACGC_010,0
CCACCTTGAACGAGTAGGCT_001,81
CCACCTTGAACGAGTAGGCT_002,147
CCACCTTGAACGAGTAGGCT_003,146
CCACCTTGAACGAGTAGGCT_004,199
CCACCTTGAACGAGTAGGCT_005,59
CCACCTTGAACGAGTAGGCT_006,72
CCACCTTGAACGAGTAGGCT_007,74
CCACCTTGAACGAGTAGGCT_008,70
CCACCTTGAACGAGTAGGCT_009,125
ACGACTCCTCAGAGTCGGGG_001,160
ACGACTCCTCAGAGTCGGGG_002,44
ACGACTCCTCAGAGTCGGGG_003,127
ACGACTCCTCAGAGTCGGGG_004,44
CAGCACTCCAGTACACTGAG_001,127
CAGCACTCCAGTACACTGAG_002,69
CAGCACTCCAGTACACTGAG_003,151
CAGCACTCCAGTACACTGAG_004,182
CAGCACTCCAGTACACTGAG_005,48
CAGCACTCCAGTACACTGAG_006,31
CAGCACTCCAGTACACTGAG_007,158
CAGCACTCCAGTACACTGAG_008,94
CAGCACTCCAGTACACTGAG_009,149
CAGCACTCCAGTACACTGAG_010,69
CAGCACTCCAGTACACTGAG_011,88
CAGCACTCCAGTACACTGAG_012,174
CAGCACTCCAGTACACTGAG_013,198
CAGCACTCCAGTACACTGAG_014,15
CAGCACTCCAGTACACTGAG_015,46
CAGCACTCCAGTACACTGAG_016,145
CAGCACTCCAGTACACTGAG_017,107
CAGCACTCCAGTACACTGAG_018,174
CAGCACTCCAGTACACTGAG_019,77
CAGCACTCCAGTACACTGAG_020,78
CAGCACTCCAGTACACTGAG_021,75
AGGAGGCCGAGGTTCAGACG_001,121
AGGAGGCCGAGGTTCAGACG_002,116
AGGAGGCCGAGGTTCAGACG_003,102
AGGAGGCCGAGGTTCAGACG_004,150
AGGAGGCCGAGGTTCAGACG_005,148
AGGAGGCCGAGGTTCAGACG_006,74
AGGAGGCCGAGGTTCAGACG_007,61
AGGAGGCCGAGGTTCAGACG_008,78
AGGAGGCCGAGGTTCAGACG_009,2
AGGAGGCCGAGGTTCAGACG_010,8
AGGAGGCCGAGGTTCAGACG_011,121
AGGAGGCCGAGGTTCAGACG_012,90
AGGAGGCCGAGGTTCAGACG_013,15
AGGAGGCCGAGGTTCAGACG_014,152
CTACCTAAACACTAGAAAGG_001,80
CTACCTAAACACTAGAAAGG_002,157
CTACCTAAACACTAGAAAGG_003,119
CTACCTAAACACTAGAAAGG_004,115
CTACCTAAACACTAGAAAGG_005,119
CTACCTAAACACTAGAAAGG_006,49
CTACCTAAACACTAGAAAGG_007,194
CTACCTAAACACTAGAAAGG_008,107
CTACCTAAACACTAGAAAGG_009,168
CTACCTAAACACTAGAAAGG_010,147
CTACCTAAACACTAGAAAGG_011,76
TGTACTGCATGAACTACCCG_001,21
TGTACTGCATGAACTACCCG_002,6
TGTACTGCATGAACTACCCG_003,63
TGTACTGCATGAACTACCCG_004,47
TGTACTGCATGAACTACCCG_005,100
CACAGGTCATGGGATAACCA_001,80
CACAGGTCATGGGATAACCA_002,174
CACAGGTCATGGGATAACCA_003,33
CACAGGTCATGGGATAACCA_004,49
CACAGGTCATGGGATAACCA_005,191
CACAGGTCATGGGATAACCA_006,170
CACAGGTCATGGGATAACCA_007,88
CACAGGTCATGGGATAACCA_008,106
CACAGGTCATGGGATAACCA_009,106
CACAGGTCATGGGATAACCA_010,27
CACAGGTCATGGGATAACCA_011,19
CTCCACACGCTACCTCTCTG_001,95
CTCCACACGCTACCTCTCTG_002,82
CTCCACACGCTACCTCTCTG_003,103
CCGGGACCGTGTGGGCCGTG_001,51
CCGGGACCGTGTGGGCCGTG_002,82
CCGGGACCGTGTGGGCCGTG_003,137
CCGGGACCGTGTGGGCCGTG_004,179
CCGGGACCGTGTGGGCCGTG_005,1
CCGGGACCGTGTGGGCCGTG_006,178
CCGGGACCGTGTGGGCCGTG_007,199
CCGGGACCGTGTGGGCCGTG_008,2
CCGGGACCGTGTGGGCCGTG_009,42
AGCCTCCAGTTCAAACACAG_001,154
AGCCTCCAGTTCAAACACAG_002,37
AGCCTCCAGTTCAAACACAG_003,86
AGCCTCCAGTTCAAACACAG_004,57
AGCCTCCAGTTCAAACACAG_005,121
AGCCTCCAGTTCAAACACAG_006,141
AGCCTCCAGTTCAAACACAG_007,147
AGCCTCCAGTTCAAACACAG_008,2
AGCCTCCAGTTCAAACACAG_009,157
AGCCTCCAGTTCAAACACAG_010,145
AGCCTCCAGTTCAAACACAG_011,172
AGCCTCCAGTTCAAACACAG_012,60
AGCCTCCAGTTCAAACACAG_013,199
AGCCTCCAGTTCAAACACAG_014,80
AGCCTCCAGTTCAAACACAG_015,41
AGCCTCCAGTTCAAACACAG_016,91
AGCCTCCAGTTCAAACACAG_017,13
AGAGGCTGCCGGGATCGCGA_001,145
AGAGGCTGCCGGGATCGCGA_002,108
AGAGGCTGCCGGGATCGCGA_003,115
AGAGGCTGCCGGGATCGCGA_004,112
AGAGGCTGCCGGGATCGCGA_005,2
AGAGGCTGCCGGGATCGCGA_006,19
AGAGGCTGCCGGGATCGCGA_007,131
AGAGGCTGCCGGGATCGCGA_008,60
AGAGGCTGCCGGGATCGCGA_009,21
AGAGGCTGCCGGGATCGCGA_010,67
AGAGGCTGCCGGGATCGCGA_011,182
AGAGGCTGCCGGGATCGCGA_012,178
AGAGGCTGCCGGGATCGCGA_013,77
AGAGGCTGCCGGGATCGCGA_014,178
AGAGGCTGCCGGGATCGCGA_015,161
AGAGGCTGCCGGGATCGCGA_016,198
AGAGGCTGCCGGGATCGCGA_017,170
AGAGGCTGCCGGGATCGCGA_018,184
AGAGGCTGCCGGGATCGCGA_019,199
AGAGGCTGCCGGGATCGCGA_020,27
GCGATGCACAGGCCTCATCG_001,31
GCGATGCACAGGCCTCATCG_002,167
CCGCTAAACGAGACAGACAC_001,78
CCGCTAAACGAGACAGACAC_002,127
CCGCTAAACGAGACAGACAC_003,149
CCGCTAAACGAGACAGACAC_004,147
CCGCTAAACGAGACAGACAC_005,29
CCGCTAAACGAGACAGACAC_006,92
CCGCTAAACGAGACAGACAC_007,82
CCGCTAAACGAGACAGACAC_008,144
CCGCTAAACGAGACAGACAC_009,88
CCGCTAAACGAGACAGACAC_010,170
CCGCTAAACGAGACAGACAC_011,142
CCGCTAAACGAGACAGACAC_012,174
CCGCTAAACGAGACAGACAC_013,110
CCGCTAAACGAGACAGACAC_014,140
CCGCTAAACGAGACAGACAC_015,107
TAACTGTTGTAAAGTGCCCG_001,51
TAACTGTTGTAAAGTGCCCG_002,194
TAACTGTTGTAAAGTGCCCG_003,156
TAACTGTTGTAAAGTGCCCG_004,138
TAACTGTTGTAAAGTGCCCG_005,130
TAACTGTTGTAAAGTGCCCG_006,118
TAACTGTTGTAAAGTGCCCG_007,78
TAACTGTTGTAAAGTGCCCG_008,105
TAACTGTTGTAAAGTGCCCG_009,147
TTGCACATGCCGTAACCAGG_001,3
TTGCACATGCCGTAACCAGG_002,184
TTGCACATGCCGTAACCAGG_003,197
TTGCACATGCCGTAACCAGG_004,76
TTGCACATGCCGTAACCAGG_005,160
TTGCACATGCCGTAACCAGG_006,15
TTGCACATGCCGTAACCAGG_007,81
TTGCACATGCCGTAACCAGG_008,75
TTGCACATGCCGTAACCAGG_009,19
TTGCACATGCCGTAACCAGG_010,32
GAGCCTCTGAGGGTCCAAGG_001,71
GAGCCTCTGAGGGTCCAAGG_002,127
GAGCCTCTGAGGGTCCAAGG_003,15
GAGCCTCTGAGGGTCCAAGG_004,49
GAGCCTCTGAGGGTCCAAGG_005,13
GAGCCTCTGAGGGTCCAAGG_006,75
GAGCCTCTGAGGGTCCAAGG_007,57
GAGCCTCTGAGGGTCCAAGG_008,141
CTAAAAGTGGCAGATCATTC_001,98
CTAAAAGTGGCAGATCATTC_002,46
CTAAAAGTGGCAGATCATTC_003,166
CTTACCTCACGCCATCGAGG_001,41
CTTACCTCACGCCATCGAGG_002,198
CTTACCTCACGCCATCGAGG_003,76
CTTACCTCACGCCATCGAGG_004,31
CTTACCTCACGCCATCGAGG_005,53
CTTACCTCACGCCATCGAGG_006,41
CTTACCTCACGCCATCGAGG_007,116
CTTACCTCACGCCATCGAGG_008,19
CTTACCTCACGCCATCGAGG_009,58
CTTACCTCACGCCATCGAGG_010,41
CTTACCTCACGCCATCGAGG_011,98
CTTACCTCACGCCATCGAGG_012,176
CTTACCTCACGCCATCGAGG_013,56
CTTACCTCACGCCATCGAGG_014,196
CTTACCTCACGCCATCGAGG_015,170
CTTACCTCACGCCATCGAGG_016,50
CTTACCTCACGCCATCGAGG_017,88
CTTACCTCACGCCATCGAGG_018,199
CTTACCTCACGCCATCGAGG_019,135
CTTACCTCACGCCATCGAGG_020,174
CTTACCTCACGCCATCGAGG_021,92
CTTACCTCACGCCATCGAGG_022,113
CTTACCTCACGCCATCGAGG_023,19
CTTACCTCACGCCATCGAGG_024,106
TTGAATTTGTTCAACACACT_001,172
AGGACCTGGAATCAGAACTG_001,194
AGGACCTGGAATCAGAACTG_002,9
AGGACCTGGAATCAGAACTG_003,133
AGGACCTGGAATCAGAACTG_004,154
AGGACCTGGAATCAGAACTG_005,149
AGGACCTGGAATCAGAACTG_006,199
AGGACCTGGAATCAGAACTG_007,138
AGGACCTGGAATCAGAACTG_008,138
AGGACCTGGAATCAGAACTG_009,151
AGGACCTGGAATCAGAACTG_010,177
AGGACCTGGAATCAGAACTG_011,106
AGGACCTGGAATCAGAACTG_012,134
AGGACCTGGAATCAGAACTG_013,6
AGGACCTGGAATCAGAACTG_014,40
AGGACCTGGAATCAGAACTG_015,5
AGGACCTGGAATCAGAACTG_016,29
AAAGTCTTTACTCTAACTCC_001,11
AAAGTCTTTACTCTAACTCC_002,34
AAAGTCTTTACTCTAACTCC_003,52
AATGATTGCGCAATGCACAG_001,99
AATGATTGCGCAATGCACAG_002,127
AATGATTGCGCAATGCACAG_003,114
AATGATTGCGCAATGCACAG_004,40
AATGATTGCGCAATGCACAG_005,52
AATGATTGCGCAATGCACAG_006,98
AATGATTGCGCAATGCACAG_007,117
AATGATTGCGCAATGCACAG_008,140
AATGATTGCGCAATGCACAG_009,34
AATGATTGCGCAATGCACAG_010,9
AATGATTGCGCAATGCACAG_011,75
AATGATTGCGCAATGCACAG_012,149
AATGATTGCGCAATGCACAG_013,105
AATGATTGCGCAATGCACAG_014,130
AATGATTGCGCAATGCACAG_015,157
AATGATTGCGCAATGCACAG_016,28
AATGATTGCGCAATGCACAG_017,113
AATGATTGCGCAATGCACAG_018,80
AATGATTGCGCAATGCACAG_019,94
AATGATTGCGCAATGCACAG_020,44
AATGATTGCGCAATGCACAG_021,34
AATGATTGCGCAATGCACAG_022,175
AATGATTGCGCAATGCACAG_023,125
AATGATTGCGCAATGCACAG_024,92
AATGATTGCGCAATGCACAG_025,52
AATGATTGCGCAATGCACAG_026,28
CCAGCCAGCGACCATACAGA_001,27
ATGCCGCAGCTTACATAGGA_001,49
ATGCCGCAGCTTACATAGGA_002,158
ATGCCGCAGCTTACATAGGA_003,82
ATGCCGCAGCTTACATAGGA_004,58
ATGCCGCAGCTTACATAGGA_005,32
ATGCCGCAGCTTACATAGGA_006,48
ATGCCGCAGCTTACATAGGA_007,160
ATGCCGCAGCTTACATAGGA_008,103
ATGCCGCAGCTTACATAGGA_009,185
ATGCCGCAGCTTACATAGGA_010,146
ATGCCGCAGCTTACATAGGA_011,84
ATGCCGCAGCTTACATAGGA_012,193
ATGCCGCAGCTTACATAGGA_013,162
ATGCCGCAGCTTACATAGGA_014,67
ATGCCGCAGCTTACATAGGA_015,88
ATGCCGCAGCTTACATAGGA_016,96
ATGCCGCAGCTTACATAGGA_017,153
ATGCCGCAGCTTACATAGGA_018,10
ATGCCGCAGCTTACATAGGA_019,197
ATGCCGCAGCTTACATAGGA_020,34
ATGCCGCAGCTTACATAGGA_021,57
GAGCCCCCGAAAAGCAAAGG_001,105
GAGCCCCCGAAAAGCAAAGG_002,15
GGGTATGTTTCACCTCCTAG_001,159
GGGTATGTTTCACCTCCTAG_002,144
GGGTATGTTTCACCTCCTAG_003,48
GGGTATGTTTCACCTCCTAG_004,48
TGTTACAATTGTGTTCAAAG_001,80
TGTTACAATTGTGTTCAAAG_002,117
TGTTACAATTGTGTTCAAAG_003,58
TGTTACAATTGTGTTCAAAG_004,138
TGTTACAATTGTGTTCAAAG_005,184
TGTTACAATTGTGTTCAAAG_006,58
CACGCTGCTCATGGTATGGT_001,48
CACGCTGCTCATGGTATGGT_002,139
CACGCTGCTCATGGTATGGT_003,166
CACGCTGCTCATGGTATGGT_004,106
CACGCTGCTCATGGTATGGT_005,8
CACGCTGCTCATGGTATGGT_006,16
CACGCTGCTCATGGTATGGT_007,87
CACGCTGCTCATGGTATGGT_008,53
CACGCTGCTCATGGTATGGT_009,151
CACGCTGCTCATGGTATGGT_010,25
CACGCTGCTCATGGTATGGT_011,156
CACGCTGCTCATGGTATGGT_012,75
CACGCTGCTCATGGTATGGT_013,50
CACGCTGCTCATGGTATGGT_014,40
CACGCTGCTCATGGTATGGT_015,8
CACGCTGCTCATGGTATGGT_016,140
CACGCTGCTCATGGTATGGT_017,54
CACGCTGCTCATGGTATGGT_018,117
CACGCTGCTCATGGTATGGT_019,28
CACGCTGCTCATGGTATGGT_020,162
CACGCTGCTCATGGTATGGT_021,125
CACGCTGCTCATGGTATGGT_022,159
CACGCTGCTCATGGTATGGT_023,50
CACGCTGCTCATGGTATGGT_024,113
CACGCTGCTCATGGTATGGT_025,172
CACGCTGCTCATGGTATGGT_026,41
CACGCTGCTCATGGTATGGT_027,145
CACGCTGCTCATGGTATGGT_028,37
CACGCTGCTCATGGTATGGT_029,10
CACGCTGCTCATGGTATGGT_030,115
CACGCTGCTCATGGTATGGT_031,68
ACAACGTAAGGCAATCTGTG_001,126
ACAACGTAAGGCAATCTGTG_002,140
ACAACGTAAGGCAATCTGTG_003,183
ACAACGTAAGGCAATCTGTG_004,73
ACAACGTAAGGCAATCTGTG_005,73
ACAACGTAAGGCAATCTGTG_006,76
ACAACGTAAGGCAATCTGTG_007,16
ACAACGTAAGGCAATCTGTG_008,182
ACAACGTAAGGCAATCTGTG_009,167
ACAACGTAAGGCAATCTGTG_010,34
ACAACGTAAGGCAATCTGTG_011,80
ACAACGTAAGGCAATCTGTG_012,98
ACAACGTAAGGCAATCTGTG_013,80
ACAACGTAAGGCAATCTGTG_014,36
ACAACGTAAGGCAATCTGTG_015,5
ACAACGTAAGGCAATCTGTG_016,38
CATTAGGGGGACTTACAAAG_001,178
CATTAGGGGGACTTACAAAG_002,6
CATTAGGGGGACTTACAAAG_003,152
CATTAGGGGGACTTACAAAG_004,42
CATTAGGGGGACTTACAAAG_005,9
CATTAGGGGGACTTACAAAG_006,9
CATTAGGGGGACTTACAAAG_007,101
CATTAGGGGGACTTACAAAG_008,4
CATTAGGGGGACTTACAAAG_009,12
CATTAGGGGGACTTACAAAG_010,116
TTGGGTAGCACAAGCATGAG_001,194
TTGGGTAGCACAAGCATGAG_002,91
GATCTGCCAGTAACCCTCGA_001,160
ACAATGTCAGAGGACCACAT_001,91
ACAATGTCAGAGGACCACAT_002,176
GATGCTGGAAGAGCTACACT_001,160
GATGCTGGAAGAGCTACACT_002,43
GATGCTGGAAGAGCTACACT_003,67
GATGCTGGAAGAGCTACACT_004,125
GATGCTGGAAGAGCTACACT_005,147
GATGCTGGAAGAGCTACACT_006,72
GATGCTGGAAGAGCTACACT_007,153
GATGCTGGAAGAGCTACACT_008,124
GATGCTGGAAGAGCTACACT_009,62
GATGCTGGAAGAGCTACACT_010,160
GATGCTGGAAGAGCTACACT_011,162
GATGCTGGAAGAGCTACACT_012,8
GATGCTGGAAGAGCTACACT_013,10
GTGAAGGCCAACTACTAGAA_001,60
GTGAAGGCCAACTACTAGAA_002,191
GTGAAGGCCAACTACTAGAA_003,37
GTGAAGGCCAACTACTAGAA_004,19
GTGAAGGCCAACTACTAGAA_005,191
GTGAAGGCCAACTACTAGAA_006,103
GTGAAGGCCAACTACTAGAA_007,11
GTGAAGGCCAACTACTAGAA_008,27
GTGAAGGCCAACTACTAGAA_009,63
GTGAAGGCCAACTACTAGAA_010,103
GTGAAGGCCAACTACTAGAA_011,68
GTGAAGGCCAACTACTAGAA_012,22
GTGAAGGCCAACTACTAGAA_013,140
GTGAAGGCCAACTACTAGAA_014,71
GTGAAGGCCAACTACTAGAA_015,9
GTGAAGGCCAACTACTAGAA_016,29
GTGAAGGCCAACTACTAGAA_017,70
GTGAAGGCCAACTACTAGAA_018,160
GTGAAGGCCAACTACTAGAA_019,8
GTGAAGGCCAACTACTAGAA_020,32
GTGAAGGCCAACTACTAGAA_021,40
GTGAAGGCCAACTACTAGAA_022,177
GAAGGAAGACAGGAACTACA_001,146
GCACTGACTATAACCTAATG_001,21
GCACTGACTATAACCTAATG_002,85
GCAAGTGAACATCTAACCCA_001,6
AAACTTTCTATTGAACATGG_001,151
TGATGCTCACCAGCCCACTG_001,78
TGATGCTCACCAGCCCACTG_002,48
TGATGCTCACCAGCCCACTG_003,175
TGATGCTCACCAGCCCACTG_004,49
TGATGCTCACCAGCCCACTG_005,25
TGATGCTCACCAGCCCACTG_006,126
TGATGCTCACCAGCCCACTG_007,129
TGATGCTCACCAGCCCACTG_008,80
TGATGCTCACCAGCCCACTG_009,97
TGATGCTCACCAGCCCACTG_010,147
TGATGCTCACCAGCCCACTG_011,176
TGATGCTCACCAGCCCACTG_012,113
TGATGCTCACCAGCCCACTG_013,185
TGATGCTCACCAGCCCACTG_014,6
TGATGCTCACCAGCCCACTG_015,108
TGATGCTCACCAGCCCACTG_016,41
TGATGCTCACCAGCCCACTG_017,94
TGATGCTCACCAGCCCACTG_018,58
TGATGCTCACCAGCCCACTG_019,185
TGATGCTCACCAGCCCACTG_020,34
TGATGCTCACCAGCCCACTG_021,94
TGATGCTCACCAGCCCACTG_022,106
TGATGCTCACCAGCCCACTG_023,28
TGATGCTCACCAGCCCACTG_024,147
CAGCAAGCTATGATGCCCTG_001,80
CAGCAAGCTATGATGCCCTG_002,76
CAGCAAGCTATGATGCCCTG_003,142
TGCCATCTCCTCGAATTCAG_001,148
TGCCATCTCCTCGAATTCAG_002,15
TGCCATCTCCTCGAATTCAG_003,55
TGCCATCTCCTCGAATTCAG_004,177
TGCCATCTCCTCGAATTCAG_005,145
TGCCATCTCCTCGAATTCAG_006,175
TGCCATCTCCTCGAATTCAG_007,63
TGCCATCTCCTCGAATTCAG_008,199
TGCCATCTCCTCGAATTCAG_009,145
TGCCATCTCCTCGAATTCAG_010,49
TGCCATCTCCTCGAATTCAG_011,78
TGCCATCTCCTCGAATTCAG_012,141
TGCCATCTCCTCGAATTCAG_013,76
TGCCATCTCCTCGAATTCAG_014,168
TGCCATCTCCTCGAATTCAG_015,25
TGCCATCTCCTCGAATTCAG_016,35
TGCCATCTCCTCGAATTCAG_017,160
TGCCATCTCCTCGAATTCAG_018,19
TGCCATCTCCTCGAATTCAG_019,105
TGCCATCTCCTCGAATTCAG_020,166
CCGATCGGCCTGGTGTACAC_001,188
CCGATCGGCCTGGTGTACAC_002,94
CCGATCGGCCTGGTGTACAC_003,127
CCGATCGGCCTGGTGTACAC_004,129
CCGATCGGCCTGGTGTACAC_005,23
CCGATCGGCCTGGTGTACAC_006,23
CCGATCGGCCTGGTGTACAC_007,146
CCGATCGGCCTGGTGTACAC_008,170
CCGATCGGCCTGGTGTACAC_009,106
CCGATCGGCCTGGTGTACAC_010,163
CCGATCGGCCTGGTGTACAC_011,82
CCGATCGGCCTGGTGTACAC_012,162
CCGATCGGCCTGGTGTACAC_013,78
CCGATCGGCCTGGTGTACAC_014,40
CCGATCGGCCTGGTGTACAC_015,127
CCGATCGGCCTGGTGTACAC_016,78
CCGATCGGCCTGGTGTACAC_017,149
CCGATCGGCCTGGTGTACAC_018,7
CCGATCGGCCTGGTGTACAC_019,147
TAGAAAGTGGTTATTCCTGG_001,33
GATACCCTCAGCTGCCTACG_001,130
GATACCCTCAGCTGCCTACG_002,29
GATACCCTCAGCTGCCTACG_003,6
GATACCCTCAGCTGCCTACG_004,94
GATACCCTCAGCTGCCTACG_005,158
GATACCCTCAGCTGCCTACG_006,104
AATGACACAGAGGGCACGTG_001,160
AATGACACAGAGGGCACGTG_002,61
AATGACACAGAGGGCACGTG_003,113
AATGACACAGAGGGCACGTG_004,75
AATGACACAGAGGGCACGTG_005,61
AATGACACAGAGGGCACGTG_006,150
AATGACACAGAGGGCACGTG_007,49
AATGACACAGAGGGCACGTG_008,149
AATGACACAGAGGGCACGTG_009,78
AATGACACAGAGGGCACGTG_010,184
AGATTAGTCCTAAAGAAGGG_001,188
AGATTAGTCCTAAAGAAGGG_002,172
GAGGTTCCACTGATTAGCAA_001,20
GAGGTTCCACTGATTAGCAA_002,120
GAGGTTCCACTGATTAGCAA_003,119
GAGGTTCCACTGATTAGCAA_004,49
GAGGTTCCACTGATTAGCAA_005,148
GAGGTTCCACTGATTAGCAA_006,78
GAGGTTCCACTGATTAGCAA_007,12
GAGGTTCCACTGATTAGCAA_008,101
GAGGTTCCACTGATTAGCAA_009,188
GAGGTTCCACTGATTAGCAA_010,172
GAGGTTCCACTGATTAGCAA_011,108
GAGGTTCCACTGATTAGCAA_012,159
GAGGTTCCACTGATTAGCAA_013,12
GAGGTTCCACTGATTAGCAA_014,106
GAGGTTCCACTGATTAGCAA_015,156
GAGGTTCCACTGATTAGCAA_016,192
GAGGTTCCACTGATTAGCAA_017,13
GAGGTTCCACTGATTAGCAA_018,116
GAGGTTCCACTGATTAGCAA_019,137
GAGGTTCCACTGATTAGCAA_020,1
GAGGTTCCACTGATTAGCAA_021,188
GAGGTTCCACTGATTAGCAA_022,10
TCTGCTGTCCGATAAAAGAG_001,85
TCTGCTGTCCGATAAAAGAG_002,192
TCTGCTGTCCGATAAAAGAG_003,178
TCTGCTGTCCGATAAAAGAG_004,196
TCTGCTGTCCGATAAAAGAG_005,52
TCTGCTGTCCGATAAAAGAG_006,169
TCTGCTGTCCGATAAAAGAG_007,88
TCTGCTGTCCGATAAAAGAG_008,192
TCTGCTGTCCGATAAAAGAG_009,26
TCTGCTGTCCGATAAAAGAG_010,105
TCTGCTGTCCGATAAAAGAG_011,105
TCTGCTGTCCGATAAAAGAG_012,0
TCTGCTGTCCGATAAAAGAG_013,156
TTACTTCGGGATCCTCAAGG_001,48
TTACTTCGGGATCCTCAAGG_002,113
TTACTTCGGGATCCTCAAGG_003,116
CCAAATGACCAATTGTGAAC_001,44
TTTGCCACTGCGTATCACAG_001,2
TTTGCCACTGCGTATCACAG_002,8
ACGGCGGCGTTGATGTACCG_001,12
ACGGCGGCGTTGATGTACCG_002,156
ACGGCGGCGTTGATGTACCG_003,156
ACGGCGGCGTTGATGTACCG_004,57
GAGCACATCCTTTGGCACGT_001,44
GATGCGCGGGCGGACACCGT_001,112
GATGCGCGGGCGGACACCGT_002,160
GATGCGCGGGCGGACACCGT_003,106
GATGCGCGGGCGGACACCGT_004,170
AAAACAGCATAAGATTCCAG_001,139
AAAACAGCATAAGATTCCAG_002,54
AAAACAGCATAAGATTCCAG_003,185
AAAACAGCATAAGATTCCAG_004,37
AAAACAGCATAAGATTCCAG_005,49
AAAACAGCATAAGATTCCAG_006,62
AAAACAGCATAAGATTCCAG_007,21
AAAACAGCATAAGATTCCAG_008,81
AAAACAGCATAAGATTCCAG_009,34
AAAACAGCATAAGATTCCAG_010,26
ACTGACCAGTCCCCTACCAA_001,80
ACTGACCAGTCCCCTACCAA_002,48
ACTGACCAGTCCCCTACCAA_003,96
ACTGACCAGTCCCCTACCAA_004,113
ACTGACCAGTCCCCTACCAA_005,45
ACTGACCAGTCCCCTACCAA_006,105
ACTGACCAGTCCCCTACCAA_007,12
ACTGACCAGTCCCCTACCAA_008,42
ACTGACCAGTCCCCTACCAA_009,156
ACTGACCAGTCCCCTACCAA_010,15
ACTGACCAGTCCCCTACCAA_011,57
GGTGACTATCTTAGGTTGCG_001,181
GGTGACTATCTTAGGTTGCG_002,124
GGTGACTATCTTAGGTTGCG_003,118
GTTCTTACCACTTAAAGACG_001,50
GGAAGAACACCGTGGCAGCG_001,39
GGAAGAACACCGTGGCAGCG_002,6
GGAAGAACACCGTGGCAGCG_003,165
GGAAGAACACCGTGGCAGCG_004,50
GGAAGAACACCGTGGCAGCG_005,57
GGAAGAACACCGTGGCAGCG_006,82
GGAAGAACACCGTGGCAGCG_007,15
GGAAGAACACCGTGGCAGCG_008,127
GGAAGAACACCGTGGCAGCG_009,150
GGAAGAACACCGTGGCAGCG_010,2
GGAAGAACACCGTGGCAGCG_011,94
GGAAGAACACCGTGGCAGCG_012,140
GGAAGAACACCGTGGCAGCG_013,81
GGAAGAACACCGTGGCAGCG_014,49
GGAAGAACACCGTGGCAGCG_015,121
GGAAGAACACCGTGGCAGCG_016,197
GGAAGAACACCGTGGCAGCG_017,56
GGAAGAACACCGTGGCAGCG_018,106
GGAAGAACACCGTGGCAGCG_019,198
GGAAGAACACCGTGGCAGCG_020,30
AGTGCCAGCTTGTTGATGGG_001,42
AGTGCCAGCTTGTTGATGGG_002,150
AGTGCCAGCTTGTTGATGGG_003,50
AGTGCCAGCTTGTTGATGGG_004,125
AGTGCCAGCTTGTTGATGGG_005,67
AGTGCCAGCTTGTTGATGGG_006,145
AGTGCCAGCTTGTTGATGGG_007,109
AGTGCCAGCTTGTTGATGGG_008,92
AGTGCCAGCTTGTTGATGGG_009,150
AGTGCCAGCTTGTTGATGGG_010,128
AGTGCCAGCTTGTTGATGGG_011,69
AGTGCCAGCTTGTTGATGGG_012,164
AGTGCCAGCTTGTTGATGGG_013,162
AGTGCCAGCTTGTTGATGGG_014,56
AGTGCCAGCTTGTTGATGGG_015,116
AGTGCCAGCTTGTTGATGGG_016,72
AGTGCCAGCTTGTTGATGGG_017,45
AGTGCCAGCTTGTTGATGGG_018,191
AGTGCCAGCTTGTTGATGGG_019,165
AGTGCCAGCTTGTTGATGGG_020,48
AGTGCCAGCTTGTTGATGGG_021,48
AGTGCCAGCTTGTTGATGGG_022,186
TTTACTTGCACTTGTAAACC_001,81
TTTACTTGCACTTGTAAACC_002,38
TTTACTTGCACTTGTAAACC_003,158
TTTACTTGCACTTGTAAACC_004,108
TTTACTTGCACTTGTAAACC_005,100
TTTACTTGCACTTGTAAACC_006,10
TTTACTTGCACTTGTAAACC_007,170
TTTACTTGCACTTGTAAACC_008,144
CCATTCTGGCACAAGAACAG_001,88
CCATTCTGGCACAAGAACAG_002,131
CCATTCTGGCACAAGAACAG_003,125
CCATTCTGGCACAAGAACAG_004,153
TACTTACTGCAAATCAAATG_001,127
TACTTACTGCAAATCAAATG_002,154
TACTTACTGCAAATCAAATG_003,80
ATTAAACTTATTAAAAGCCA_001,134
ATTAAACTTATTAAAAGCCA_002,112
ATTAAACTTATTAAAAGCCA_003,77
GGCCTTCTTTGAGTTCGGTG_001,137
GGCCTTCTTTGAGTTCGGTG_002,181
GGCCTTCTTTGAGTTCGGTG_003,198
GGCCTTCTTTGAGTTCGGTG_004,63
GGCCTTCTTTGAGTTCGGTG_005,161
CACCCATCTTCAATCAACAT_001,178
CACCCATCTTCAATCAACAT_002,122
CACCCATCTTCAATCAACAT_003,77
CACCCATCTTCAATCAACAT_004,114
GCAGCCCATTGGTGCCGTCG_001,5
GCAGCCCATTGGTGCCGTCG_002,94
GCAGCCCATTGGTGCCGTCG_003,23
GCAGCCCATTGGTGCCGTCG_004,112
GCAGCCCATTGGTGCCGTCG_005,68
GCAGCCCATTGGTGCCGTCG_006,17
ATACACTATCGATGTTGTAG_001,38
ATACACTATCGATGTTGTAG_002,198
ATACACTATCGATGTTGTAG_003,19
ATACACTATCGATGTTGTAG_004,170
ATACACTATCGATGTTGTAG_005,14
ATACACTATCGATGTTGTAG_006,83
GGCCTCCTTTGGCATAGCCC_001,56
GGCCTCCTTTGGCATAGCCC_002,105
GTGGTGGGCCAAGAACAGCC_001,199
GTGGTGGGCCAAGAACAGCC_002,21
AAGACCAGTAAATTTAACAG_001,19
AAGACCAGTAAATTTAACAG_002,199
AAGACCAGTAAATTTAACAG_003,19
AAGACCAGTAAATTTAACAG_004,1
AAGACCAGTAAATTTAACAG_005,199
AGGCCAAACTAGTCATGCGC_001,11
AGGCCAAACTAGTCATGCGC_002,56
AGGCCAAACTAGTCATGCGC_003,190
AGGCCAAACTAGTCATGCGC_004,58
AGGCCAAACTAGTCATGCGC_005,122
AGGCCAAACTAGTCATGCGC_006,46
AGGCCAAACTAGTCATGCGC_007,198
AGGCCAAACTAGTCATGCGC_008,62
AGGCCAAACTAGTCATGCGC_009,182
GATTGCAGGCAGGATAGTTG_001,144
GATTGCAGGCAGGATAGTTG_002,172
GATTGCAGGCAGGATAGTTG_003,117
GATTGCAGGCAGGATAGTTG_004,186
GATTGCAGGCAGGATAGTTG_005,156
GATTGCAGGCAGGATAGTTG_006,60
GATTGCAGGCAGGATAGTTG_007,118
GATTGCAGGCAGGATAGTTG_008,81
GATTGCAGGCAGGATAGTTG_009,69
GATTGCAGGCAGGATAGTTG_010,79
AAGCTGTTTGGAGAGTCCCG_001,27
AAGCTGTTTGGAGAGTCCCG_002,152
AAGCTGTTTGGAGAGTCCCG_003,42
AAGCTGTTTGGAGAGTCCCG_004,36
AAGCTGTTTGGAGAGTCCCG_005,6
AAGCTGTTTGGAGAGTCCCG_006,62
AAGCTGTTTGGAGAGTCCCG_007,52
AAGCTGTTTGGAGAGTCCCG_008,34
AAGCTGTTTGGAGAGTCCCG_009,19
AAGCTGTTTGGAGAGTCCCG_010,48
AAGCTGTTTGGAGAGTCCCG_011,182
AAGCTGTTTGGAGAGTCCCG_012,16
AAGCTGTTTGGAGAGTCCCG_013,167
AAGCTGTTTGGAGAGTCCCG_014,40
AAGCTGTTTGGAGAGTCCCG_015,151
AAGCTGTTTGGAGAGTCCCG_016,49
AAGCTGTTTGGAGAGTCCCG_017,65
AAGCTGTTTGGAGAGTCCCG_018,41
AAGCTGTTTGGAGAGTCCCG_019,76
AAGCTGTTTGGAGAGTCCCG_020,8
AAGCTGTTTGGAGAGTCCCG_021,83
AAGCTGTTTGGAGAGTCCCG_022,155
GCTACTGATTGCTCAAGAGA_001,48
GCTACTGATTGCTCAAGAGA_002,2
CACAACGCTGCGTCGCACGA_001,185
CACAACGCTGCGTCGCACGA_002,24
CACAACGCTGCGTCGCACGA_003,184
CACAACGCTGCGTCGCACGA_004,37
CACAACGCTGCGTCGCACGA_005,106
CACAACGCTGCGTCGCACGA_006,29
CACAACGCTGCGTCGCACGA_007,8
CACAACGCTGCGTCGCACGA_008,178
CACAACGCTGCGTCGCACGA_009,178
CACAACGCTGCGTCGCACGA_010,113
CACAACGCTGCGTCGCACGA_011,58
CACAACGCTGCGTCGCACGA_012,191
AAAGGGTATGAAGCTCCATA_001,146
AAAGGGTATGAAGCTCCATA_002,192
AAAGGGTATGAAGCTCCATA_003,67
AAAGGGTATGAAGCTCCATA_004,179
AAAGGGTATGAAGCTCCATA_005,84
TCATGTCATGAAGGCCATGC_001,168
TCATGTCATGAAGGCCATGC_002,6
ACACAACAGACCTAAAGGAA_001,106
ACACAACAGACCTAAAGGAA_002,84
ACACAACAGACCTAAAGGAA_003,79
ACACAACAGACCTAAAGGAA_004,157
ACACAACAGACCTAAAGGAA_005,57
GTGAACATGATCCGCCAAGG_001,11
TGTGCACAAGTCGCAACGAA_001,113
TGTGCACAAGTCGCAACGAA_002,145
TGTGCACAAGTCGCAACGAA_003,115
TGTGCACAAGTCGCAACGAA_004,127
TGTGCACAAGTCGCAACGAA_005,119
TGTGCACAAGTCGCAACGAA_006,147
TGTGCACAAGTCGCAACGAA_007,120
TGTGCACAAGTCGCAACGAA_008,162
TGTGCACAAGTCGCAACGAA_009,166
TGTGCACAAGTCGCAACGAA_010,78
GGTACATCCGAGCACCTCCA_001,177
GGTACATCCGAGCACCTCCA_002,160
GGTACATCCGAGCACCTCCA_003,192
GGTACATCCGAGCACCTCCA_004,108
GGTACATCCGAGCACCTCCA_005,105
GGTACATCCGAGCACCTCCA_006,39
GGTACATCCGAGCACCTCCA_007,10
GGTACATCCGAGCACCTCCA_008,77
GGTTAATCCGTATTCTGCGG_001,194
GGTTAATCCGTATTCTGCGG_002,31
GGTTAATCCGTATTCTGCGG_003,70
GGTTAATCCGTATTCTGCGG_004,63
TCTCCTTCTGCTCTGTACAG_001,124
ACTAACCTGATCGTAGAGTG_001,133
ACTAACCTGATCGTAGAGTG_002,17
ACTAACCTGATCGTAGAGTG_003,162
ACTAACCTGATCGTAGAGTG_004,63
ACTAACCTGATCGTAGAGTG_005,119
CAGTGTTCAAACCAATACTG_001,1
CAGTGTTCAAACCAATACTG_002,76
CAGTGTTCAAACCAATACTG_003,58
CAGTGTTCAAACCAATACTG_004,16
CAGTGTTCAAACCAATACTG_005,150
ACACTTCAACCATGCCGACG_001,115
ACACTTCAACCATGCCGACG_002,2
ACACTTCAACCATGCCGACG_003,191
ACACTTCAACCATGCCGACG_004,127
AGGCGCAACAGCAGCTAAAG_001,8
AGGCGCAACAGCAGCTAAAG_002,101
AGGCGCAACAGCAGCTAAAG_003,78
AGGCGCAACAGCAGCTAAAG_004,182
AGGCGCAACAGCAGCTAAAG_005,2
AGGCGCAACAGCAGCTAAAG_006,105
AGGCGCAACAGCAGCTAAAG_007,47
AGGCGCAACAGCAGCTAAAG_008,151
AGGCGCAACAGCAGCTAAAG_009,19
AGGCGCAACAGCAGCTAAAG_010,126
AGGCGCAACAGCAGCTAAAG_011,179
AGGCGCAACAGCAGCTAAAG_012,100
AGGCGCAACAGCAGCTAAAG_013,76
AGGCGCAACAGCAGCTAAAG_014,38
AGGCGCAACAGCAGCTAAAG_015,132
AGGCGCAACAGCAGCTAAAG_016,172
AGGCGCAACAGCAGCTAAAG_017,168
AGGCGCAACAGCAGCTAAAG_018,38
AGGCGCAACAGCAGCTAAAG_019,77
AGGCGCAACAGCAGCTAAAG_020,138
AGGCGCAACAGCAGCTAAAG_021,169
AGGCGCAACAGCAGCTAAAG_022,127
AGGCGCAACAGCAGCTAAAG_023,184
AGGCGCAACAGCAGCTAAAG_024,149
AGGCGCAACAGCAGCTAAAG_025,175
AGGCGCAACAGCAGCTAAAG_026,91
AGGCGCAACAGCAGCTAAAG_027,40
AGGCGCAACAGCAGCTAAAG_028,180
AGGCGCAACAGCAGCTAAAG_029,82
AGGCGCAACAGCAGCTAAAG_030,13
AGGCGCAACAGCAGCTAAAG_031,71
AGGCGCAACAGCAGCTAAAG_032,104
AGGCGCAACAGCAGCTAAAG_033,26
AGGCGCAACAGCAGCTAAAG_034,116
CCCAGATTGCATCAACGTCG_001,84
CCCAGATTGCATCAACGTCG_002,78
CCCAGATTGCATCAACGTCG_003,134
CCCAGATTGCATCAACGTCG_004,198
CCCAGATTGCATCAACGTCG_005,133
CCCAGATTGCATCAACGTCG_006,138
CCCAGATTGCATCAACGTCG_007,49
CCCAGATTGCATCAACGTCG_008,70
CCCAGATTGCATCAACGTCG_009,1
CCCAGATTGCATCAACGTCG_010,15
CCCAGATTGCATCAACGTCG_011,1
CCCAGATTGCATCAACGTCG_012,81
CCCAGATTGCATCAACGTCG_013,99
ATGCAAGATCGAGCACTGTG_001,115
ATGCAAGATCGAGCACTGTG_002,171
ATGCAAGATCGAGCACTGTG_003,5
ATGCAAGATCGAGCACTGTG_004,46
ATGCAAGATCGAGCACTGTG_005,102
ATGCAAGATCGAGCACTGTG_006,125
ATGCAAGATCGAGCACTGTG_007,71
ATGCAAGATCGAGCACTGTG_008,107
ATGCAAGATCGAGCACTGTG_009,185
ATGCAAGATCGAGCACTGTG_010,16
CGATCGAGCCTCGGTCAAGG_001,116
CGATCGAGCCTCGGTCAAGG_002,148
CGATCGAGCCTCGGTCAAGG_003,149
CGATCGAGCCTCGGTCAAGG_004,66
CGATCGAGCCTCGGTCAAGG_005,147
CGATCGAGCCTCGGTCAAGG_006,116
CGATCGAGCCTCGGTCAAGG_007,193
CGATCGAGCCTCGGTCAAGG_008,158
CGATCGAGCCTCGGTCAAGG_009,120
GATGGCCTGTGACTGCTATG_001,27
GATGGCCTGTGACTGCTATG_002,122
GATGGCCTGTGACTGCTATG_003,159
GATGGCCTGTGACTGCTATG_004,51
GATGGCCTGTGACTGCTATG_005,50
GATGGCCTGTGACTGCTATG_006,141
GATGGCCTGTGACTGCTATG_007,28
GATGGCCTGTGACTGCTATG_008,149
GATGGCCTGTGACTGCTATG_009,197
GATGGCCTGTGACTGCTATG_010,107
GATGGCCTGTGACTGCTATG_011,79
GATGGCCTGTGACTGCTATG_012,2
GATGGCCTGTGACTGCTATG_013,23
TGTAGGAGCAGTACGAGTCG_001,118
TGTAGGAGCAGTACGAGTCG_002,111
TGTAGGAGCAGTACGAGTCG_003,118
ATGGTTATGCAACTAACGAT_001,188
ATGGTTATGCAACTAACGAT_002,188
ATGGTTATGCAACTAACGAT_003,40
ATGGTTATGCAACTAACGAT_004,184
ATGGTTATGCAACTAACGAT_005,148
ATGGTTATGCAACTAACGAT_006,56
ATGGTTATGCAACTAACGAT_007,183
ATGGTTATGCAACTAACGAT_008,121
ATGGTTATGCAACTAACGAT_009,131
ATGGTTATGCAACTAACGAT_010,16
ATGGTTATGCAACTAACGAT_011,88
ATGGTTATGCAACTAACGAT_012,149
ATGGTTATGCAACTAACGAT_013,77
ATGGTTATGCAACTAACGAT_014,58
CAGCAGGCGGGCTGGCAGCA_001,194
CAGCAGGCGGGCTGGCAGCA_002,53
CAGCAGGCGGGCTGGCAGCA_003,42
CAGCAGGCGGGCTGGCAGCA_004,88
CAGCAGGCGGGCTGGCAGCA_005,175
CAGCAGGCGGGCTGGCAGCA_006,175
CAGCAGGCGGGCTGGCAGCA_007,24
CAGCAGGCGGGCTGGCAGCA_008,115
CAGCAGGCGGGCTGGCAGCA_009,49
CAGCAGGCGGGCTGGCAGCA_010,160
CAGCAGGCGGGCTGGCAGCA_011,42
CAGCAGGCGGGCTGGCAGCA_012,149
CAGCAGGCGGGCTGGCAGCA_013,82
CAGCAGGCGGGCTGGCAGCA_014,19
CAGCAGGCGGGCTGGCAGCA_015,48
CAGCAGGCGGGCTGGCAGCA_016,154
CAGCAGGCGGGCTGGCAGCA_017,122
CAGCAGGCGGGCTGGCAGCA_018,174
CAGCAGGCGGGCTGGCAGCA_019,98
CAGCAGGCGGGCTGGCAGCA_020,82
CAGCAGGCGGGCTGGCAGCA_021,88
CAGCAGGCGGGCTGGCAGCA_022,160
CAGCAGGCGGGCTGGCAGCA_023,47
CAGCAGGCGGGCTGGCAGCA_024,70
CAGCAGGCGGGCTGGCAGCA_025,70
CAGCAGGCGGGCTGGCAGCA_026,56
CAGCAGGCGGGCTGGCAGCA_027,166
CAGCAGGCGGGCTGGCAGCA_028,119
CAGCAGGCGGGCTGGCAGCA_029,47
CAGCAGGCGGGCTGGCAGCA_030,176
CAGCAGGCGGGCTGGCAGCA_031,172
CAGCAGGCGGGCTGGCAGCA_032,22
CAGCAGGCGGGCTGGCAGCA_033,162
CAGCAGGCGGGCTGGCAGCA_034,95
CAGCAGGCGGGCTGGCAGCA_035,146
CAGCAGGCGGGCTGGCAGCA_036,176
CAGCAGGCGGGCTGGCAGCA_037,42
CAGCAGGCGGGCTGGCAGCA_038,33
CAGCAGGCGGGCTGGCAGCA_039,115
CAGCAGGCGGGCTGGCAGCA_040,102
CAGCAGGCGGGCTGGCAGCA_041,188
CAGCAGGCGGGCTGGCAGCA_042,130
CAGCAGGCGGGCTGGCAGCA_043,171
CAGCAGGCGGGCTGGCAGCA_044,83
CAGCAGGCGGGCTGGCAGCA_045,6
CAGCAGGCGGGCTGGCAGCA_046,82
CAGCAGGCGGGCTGGCAGCA_047,197
CAGCAGGCGGGCTGGCAGCA_048,75
CAGCAGGCGGGCTGGCAGCA_049,56
CAGCAGGCGGGCTGGCAGCA_050,102
CAGCAGGCGGGCTGGCAGCA_051,142
CAGCAGGCGGGCTGGCAGCA_052,90
CAGCAGGCGGGCTGGCAGCA_053,162
CAGCAGGCGGGCTGGCAGCA_054,137
TAAGGACCACTGGCGTACGG_001,182
TAAGGACCACTGGCGTACGG_002,50
TAAGGACCACTGGCGTACGG_003,70
TAAGGACCACTGGCGTACGG_004,145
TAAGGACCACTGGCGTACGG_005,120
TAAGGACCACTGGCGTACGG_006,76
TAAGGACCACTGGCGTACGG_007,40
TAAGGACCACTGGCGTACGG_008,116
TAAGGACCACTGGCGTACGG_009,125
TAAGGACCACTGGCGTACGG_010,42
TAAGGACCACTGGCGTACGG_011,116
TAAGGACCACTGGCGTACGG_012,154
TAAGGACCACTGGCGTACGG_013,148
TAAGGACCACTGGCGTACGG_014,160
TAAGGACCACTGGCGTACGG_015,106
TAAGGACCACTGGCGTACGG_016,180
TAAGGACCACTGGCGTACGG_017,78
TAAGGACCACTGGCGTACGG_018,19
TAAGGACCACTGGCGTACGG_019,137
TAAGGACCACTGGCGTACGG_020,8
TAAGGACCACTGGCGTACGG_021,188
TAAGGACCACTGGCGTACGG_022,56
TAAGGACCACTGGCGTACGG_023,198
GAGCCTTAAGCAGCCCTAAG_001,48
GAGCCTTAAGCAGCCCTAAG_002,121
GAGCCTTAAGCAGCCCTAAG_003,154
GAGCCTTAAGCAGCCCTAAG_004,192
GAGCCTTAAGCAGCCCTAAG_005,82
GAGCCTTAAGCAGCCCTAAG_006,122
GAGCCTTAAGCAGCCCTAAG_007,178
GAGCCTTAAGCAGCCCTAAG_008,94
GAGCCTTAAGCAGCCCTAAG_009,104
GAGCCTTAAGCAGCCCTAAG_010,78
GAGCCTTAAGCAGCCCTAAG_011,123
GAGCCTTAAGCAGCCCTAAG_012,57
GAGCCTTAAGCAGCCCTAAG_013,196
GAGCCTTAAGCAGCCCTAAG_014,108
GAGCCTTAAGCAGCCCTAAG_015,147
GAGCCTTAAGCAGCCCTAAG_016,35
GAGCCTTAAGCAGCCCTAAG_017,40
GAGCCTTAAGCAGCCCTAAG_018,194
GAGCCTTAAGCAGCCCTAAG_019,115
GAGCCTTAAGCAGCCCTAAG_020,65
GAGCCTTAAGCAGCCCTAAG_021,83
GAGCCTTAAGCAGCCCTAAG_022,110
GAGCCTTAAGCAGCCCTAAG_023,199
GAGCCTTAAGCAGCCCTAAG_024,111
GAGCCTTAAGCAGCCCTAAG_025,177
GGATGAGCTGAACGAGAGAG_001,87
GGATGAGCTGAACGAGAGAG_002,17
GGATGAGCTGAACGAGAGAG_003,130
GGATGAGCTGAACGAGAGAG_004,26
GGATGAGCTGAACGAGAGAG_005,150
GGATGAGCTGAACGAGAGAG_006,148
TGTATTCCCAAGGCAGACAA_001,0
TGTATTCCCAAGGCAGACAA_002,94
TGTATTCCCAAGGCAGACAA_003,134
TGTATTCCCAAGGCAGACAA_004,115
TGTATTCCCAAGGCAGACAA_005,60
TGTATTCCCAAGGCAGACAA_006,77
TGTATTCCCAAGGCAGACAA_007,70
TGTATTCCCAAGGCAGACAA_008,187
TGTATTCCCAAGGCAGACAA_009,185
TGTATTCCCAAGGCAGACAA_010,67
TGTATTCCCAAGGCAGACAA_011,28
TGTATTCCCAAGGCAGACAA_012,40
TGTATTCCCAAGGCAGACAA_013,79
TGTATTCCCAAGGCAGACAA_014,46
TGTATTCCCAAGGCAGACAA_015,175
GGTGCAATAGGATAAAACGG_001,105
GGTGCAATAGGATAAAACGG_002,185
ATTCCAGCTCACGTTAAGCT_001,82
ATTCCAGCTCACGTTAAGCT_002,160
ATTCCAGCTCACGTTAAGCT_003,105
ATTCCAGCTCACGTTAAGCT_004,127
ACCATCAGTGACCTGTACGC_001,105
ACCATCAGTGACCTGTACGC_002,75
ACCATCAGTGACCTGTACGC_003,184
ACCATCAGTGACCTGTACGC_004,115
ACCATCAGTGACCTGTACGC_005,16
ACCATCAGTGACCTGTACGC_006,174
ACCATCAGTGACCTGTACGC_007,37
ACCATCAGTGACCTGTACGC_008,73
ACCATCAGTGACCTGTACGC_009,56
ACCATCAGTGACCTGTACGC_010,55
ACCATCAGTGACCTGTACGC_011,138
ACCATCAGTGACCTGTACGC_012,168
ACCATCAGTGACCTGTACGC_013,64
ACCATCAGTGACCTGTACGC_014,198
ACCATCAGTGACCTGTACGC_015,62
ACCATCAGTGACCTGTACGC_016,69
ACCATCAGTGACCTGTACGC_017,50
CCCCAAGGTCTTCTACATCG_001,91
CCCCAAGGTCTTCTACATCG_002,60
GGCGACCTTTACCGATGGAG_001,114
GGCGACCTTTACCGATGGAG_002,170
GGCGACCTTTACCGATGGAG_003,134
GGCGACCTTTACCGATGGAG_004,5
GGCGACCTTTACCGATGGAG_005,126
GGCGACCTTTACCGATGGAG_006,34
GGCGACCTTTACCGATGGAG_007,169
GGCGACCTTTACCGATGGAG_008,116
GGCGACCTTTACCGATGGAG_009,99
GGCGACCTTTACCGATGGAG_010,72
GGCGACCTTTACCGATGGAG_011,126
GGCGACCTTTACCGATGGAG_012,188
GGCGACCTTTACCGATGGAG_013,63
GGCGACCTTTACCGATGGAG_014,17
GTTGCGAAGGATCCCCAACG_001,15
GTTGCGAAGGATCCCCAACG_002,145
GTTGCGAAGGATCCCCAACG_003,131
GTTGCGAAGGATCCCCAACG_004,67
GTTGCGAAGGATCCCCAACG_005,68
GTTGCGAAGGATCCCCAACG_006,62
GTTGCGAAGGATCCCCAACG_007,43
GTTGCGAAGGATCCCCAACG_008,26
GTTGCGAAGGATCCCCAACG_009,0
GTTGCGAAGGATCCCCAACG_010,61
GTTGCGAAGGATCCCCAACG_011,70
GTTGCGAAGGATCCCCAACG_012,169
GTTGCGAAGGATCCCCAACG_013,34
GTTGCGAAGGATCCCCAACG_014,61
GTTGCGAAGGATCCCCAACG_015,43
GTTGCGAAGGATCCCCAACG_016,53
GTTGCGAAGGATCCCCAACG_017,142
GTTGCGAAGGATCCCCAACG_018,12
GTTGCGAAGGATCCCCAACG_019,142
GTTGCGAAGGATCCCCAACG_020,170
GTTGCGAAGGATCCCCAACG_021,104
TTAGTGTTTAGAATCTCCAG_001,82
TTAGTGTTTAGAATCTCCAG_002,167
GTGGAAAGAGTACACAGGCA_001,45
GTGGAAAGAGTACACAGGCA_002,191
GTGGAAAGAGTACACAGGCA_003,195
GTGGAAAGAGTACACAGGCA_004,81
GTGGAAAGAGTACACAGGCA_005,123
GTGGAAAGAGTACACAGGCA_006,2
GTGGAAAGAGTACACAGGCA_007,32
GTGGAAAGAGTACACAGGCA_008,72
GTGGAAAGAGTACACAGGCA_009,94
GTGGAAAGAGTACACAGGCA_010,132
GTGGAAAGAGTACACAGGCA_011,38
GTGGAAAGAGTACACAGGCA_012,162
GTGGAAAGAGTACACAGGCA_013,63
GTGGAAAGAGTACACAGGCA_014,27
GTGGAAAGAGTACACAGGCA_015,9
GTGGAAAGAGTACACAGGCA_016,134
GCATATCTAGTATTTGTACA_001,169
GCATATCTAGTATTTGTACA_002,77
GCATATCTAGTATTTGTACA_003,19
TGGGTGTTGCTATGTAACGG_001,26
TGGGTGTTGCTATGTAACGG_002,194
TGGGTGTTGCTATGTAACGG_003,115
TGGGTGTTGCTATGTAACGG_004,125
CCCCACAAGCCACACGAACA_001,160
CCCCACAAGCCACACGAACA_002,42
CCCCACAAGCCACACGAACA_003,35
CCCCACAAGCCACACGAACA_004,126
CCCCACAAGCCACACGAACA_005,1
AGGGGGCGTGAGGTAAACGT_001,81
AGGGGGCGTGAGGTAAACGT_002,184
AGGGGGCGTGAGGTAAACGT_003,155
AGGGGGCGTGAGGTAAACGT_004,16
AGGGGGCGTGAGGTAAACGT_005,121
AGGGGGCGTGAGGTAAACGT_006,30
AGGGGGCGTGAGGTAAACGT_007,42
AGGGGGCGTGAGGTAAACGT_008,77
AGGGGGCGTGAGGTAAACGT_009,148
AGGGGGCGTGAGGTAAACGT_010,178
AGGGGGCGTGAGGTAAACGT_011,156
GAGGCCGGTGGCTCTACAGG_001,54
GAGGCCGGTGGCTCTACAGG_002,2
GAGGCCGGTGGCTCTACAGG_003,137
GAGGCCGGTGGCTCTACAGG_004,170
GAGGCCGGTGGCTCTACAGG_005,192
GAGGCCGGTGGCTCTACAGG_006,37
ATCATCAGCCGAGGGCACGT_001,16
ATCATCAGCCGAGGGCACGT_002,150
ATCATCAGCCGAGGGCACGT_003,41
ATCATCAGCCGAGGGCACGT_004,40
ATCATCAGCCGAGGGCACGT_005,70
ATCATCAGCCGAGGGCACGT_006,95
ATCATCAGCCGAGGGCACGT_007,175
ATCATCAGCCGAGGGCACGT_008,112
ATCATCAGCCGAGGGCACGT_009,30
ATCATCAGCCGAGGGCACGT_010,63
ATCATCAGCCGAGGGCACGT_011,192
ATCATCAGCCGAGGGCACGT_012,76
ATCATCAGCCGAGGGCACGT_013,183
ATCATCAGCCGAGGGCACGT_014,144
ATCATCAGCCGAGGGCACGT_015,19
ATCATCAGCCGAGGGCACGT_016,169
ATCATCAGCCGAGGGCACGT_017,121
ATGTCATAGAGCCTCACGAA_001,136
ATGTCATAGAGCCTCACGAA_002,141
ATGTCATAGAGCCTCACGAA_003,103
ATGTCATAGAGCCTCACGAA_004,61
ACTCACACGACGTGCGCTAT_001,97
ACTCACACGACGTGCGCTAT_002,196
ACTCACACGACGTGCGCTAT_003,94
ACTCACACGACGTGCGCTAT_004,39
TGTCTCCCGTCAGCAACAAG_001,62
TGTCTCCCGTCAGCAACAAG_002,191
TGTCTCCCGTCAGCAACAAG_003,198
TGTCTCCCGTCAGCAACAAG_004,56
TGTCTCCCGTCAGCAACAAG_005,94
TGTCTCCCGTCAGCAACAAG_006,52
TGTCTCCCGTCAGCAACAAG_007,178
TGTCTCCCGTCAGCAACAAG_008,36
TGTCTCCCGTCAGCAACAAG_009,82
TGTCTCCCGTCAGCAACAAG_010,113
TGTCTCCCGTCAGCAACAAG_011,11
TGTCTCCCGTCAGCAACAAG_012,40
TGTCTCCCGTCAGCAACAAG_013,199
TGTCTCCCGTCAGCAACAAG_014,54
TGTCTCCCGTCAGCAACAAG_015,49
TGTCTCCCGTCAGCAACAAG_016,31
TGTCTCCCGTCAGCAACAAG_017,66
TGTCTCCCGTCAGCAACAAG_018,63
TGTCTCCCGTCAGCAACAAG_019,28
CCTGATACTTACTTGCAGTG_001,176
CCTGATACTTACTTGCAGTG_002,141
GATGGGTGCACAGGCCGATG_001,35
GATGGGTGCACAGGCCGATG_002,40
GATGGGTGCACAGGCCGATG_003,18
GATGGGTGCACAGGCCGATG_004,75
GATGGGTGCACAGGCCGATG_005,155
GATGGGTGCACAGGCCGATG_006,102
GATGGGTGCACAGGCCGATG_007,96
GATGGGTGCACAGGCCGATG_008,68
TATTGGAACCACAGTAACTC_001,60
TATTGGAACCACAGTAACTC_002,60
TATTGGAACCACAGTAACTC_003,118
TATTGGAACCACAGTAACTC_004,63
TATTGGAACCACAGTAACTC_005,35
TATTGGAACCACAGTAACTC_006,81
TATTGGAACCACAGTAACTC_007,6
CGTGACTCAGTGCAGACCTG_001,49
CGTGACTCAGTGCAGACCTG_002,114
CGTGACTCAGTGCAGACCTG_003,198
CGTGACTCAGTGCAGACCTG_004,184
CGTGACTCAGTGCAGACCTG_005,149
CGTGACTCAGTGCAGACCTG_006,16
CGTGACTCAGTGCAGACCTG_007,159
CGTGACTCAGTGCAGACCTG_008,46
CGTGACTCAGTGCAGACCTG_009,137
CGTGACTCAGTGCAGACCTG_010,33
CGTGACTCAGTGCAGACCTG_011,137
GCTGGGCGCCAACCGCGCGG_001,14
GCTGGGCGCCAACCGCGCGG_002,134
TGTTTGACTATGAAGTGCGC_001,174
TGTTTGACTATGAAGTGCGC_002,141
TGTTTGACTATGAAGTGCGC_003,57
TGTTTGACTATGAAGTGCGC_004,6
CCAGAGCACAAAATACACGC_001,0
CCAGAGCACAAAATACACGC_002,40
CCAGAGCACAAAATACACGC_003,80
CCAGAGCACAAAATACACGC_004,148
CCAGAGCACAAAATACACGC_005,186
CCAGAGCACAAAATACACGC_006,25
CCAGAGCACAAAATACACGC_007,28
CATTATCTTTCATTCGCAAG_001,58
CATTATCTTTCATTCGCAAG_002,48
CATTATCTTTCATTCGCAAG_003,70
CATTATCTTTCATTCGCAAG_004,186
CATTATCTTTCATTCGCAAG_005,30
CATTATCTTTCATTCGCAAG_006,171
CATTATCTTTCATTCGCAAG_007,171
CATTATCTTTCATTCGCAAG_008,31
CATTATCTTTCATTCGCAAG_009,12
CATTATCTTTCATTCGCAAG_010,9
CATTATCTTTCATTCGCAAG_011,49
CATTATCTTTCATTCGCAAG_012,174
CATTATCTTTCATTCGCAAG_013,142
CATTATCTTTCATTCGCAAG_014,27
CATTATCTTTCATTCGCAAG_015,87
CATTATCTTTCATTCGCAAG_016,87
CATTATCTTTCATTCGCAAG_017,168
CATTATCTTTCATTCGCAAG_018,78
CAAGCTGCTAGAAACCACTG_001,133
CAAGCTGCTAGAAACCACTG_002,73
CAAGCTGCTAGAAACCACTG_003,187
CAAGCTGCTAGAAACCACTG_004,100
CAAGCTGCTAGAAACCACTG_005,74
CAAGCTGCTAGAAACCACTG_006,90
GCAACTAACCATCACCACTA_001,48
GCAACTAACCATCACCACTA_002,78
GCAACTAACCATCACCACTA_003,114
GCAACTAACCATCACCACTA_004,146
GCAACTAACCATCACCACTA_005,152
GCAACTAACCATCACCACTA_006,130
GCAACTAACCATCACCACTA_007,134
GCAACTAACCATCACCACTA_008,15
GCAACTAACCATCACCACTA_009,47
GCAACTAACCATCACCACTA_010,150
GCAACTAACCATCACCACTA_011,31
GCAACTAACCATCACCACTA_012,68
GCAACTAACCATCACCACTA_013,138
GCAACTAACCATCACCACTA_014,188
GCAACTAACCATCACCACTA_015,3
GCAACTAACCATCACCACTA_016,2
GCAACTAACCATCACCACTA_017,15
GAGGTGGTCATCGGGTGGTG_001,160
GAGGTGGTCATCGGGTGGTG_002,62
GAGGTGGTCATCGGGTGGTG_003,196
GAGGTGGTCATCGGGTGGTG_004,196
GAGGTGGTCATCGGGTGGTG_005,121
GAGGTGGTCATCGGGTGGTG_006,176
GAGGTGGTCATCGGGTGGTG_007,63
GAGGTGGTCATCGGGTGGTG_008,198
GAGGTGGTCATCGGGTGGTG_009,60
GAGGTGGTCATCGGGTGGTG_010,76
GAGGTGGTCATCGGGTGGTG_011,76
GAGGTGGTCATCGGGTGGTG_012,130
GAGGTGGTCATCGGGTGGTG_013,17
GAGGTGGTCATCGGGTGGTG_014,148
GAGGTGGTCATCGGGTGGTG_015,169
GAGGTGGTCATCGGGTGGTG_016,76
GAGGTGGTCATCGGGTGGTG_017,83
GAGGTGGTCATCGGGTGGTG_018,93
GAGGTGGTCATCGGGTGGTG_019,122
GAGGTGGTCATCGGGTGGTG_020,177
GAGGTGGTCATCGGGTGGTG_021,100
GAGGTGGTCATCGGGTGGTG_022,141
GAGGTGGTCATCGGGTGGTG_023,59
GAGGTGGTCATCGGGTGGTG_024,38
GAGGTGGTCATCGGGTGGTG_025,150
GAGGTGGTCATCGGGTGGTG_026,71
GAGGTGGTCATCGGGTGGTG_027,1
GAGGTGGTCATCGGGTGGTG_028,83
GAGGTGGTCATCGGGTGGTG_029,160
GAGGTGGTCATCGGGTGGTG_030,57
GAGGTGGTCATCGGGTGGTG_031,9
GAGGTGGTCATCGGGTGGTG_032,83
GAGGTGGTCATCGGGTGGTG_033,153
GAGGTGGTCATCGGGTGGTG_034,29
GAGGTGGTCATCGGGTGGTG_035,121
GAGGTGGTCATCGGGTGGTG_036,80
GAGGTGGTCATCGGGTGGTG_037,43
GAGGTGGTCATCGGGTGGTG_038,58
GAGGTGGTCATCGGGTGGTG_039,35
GAGGTGGTCATCGGGTGGTG_040,28
GAGGTGGTCATCGGGTGGTG_041,159
GAGGTGGTCATCGGGTGGTG_042,48
GAGGTGGTCATCGGGTGGTG_043,73
GAGGTGGTCATCGGGTGGTG_044,12
GAGGTGGTCATCGGGTGGTG_045,98
GAGGTGGTCATCGGGTGGTG_046,116
GAGGTGGTCATCGGGTGGTG_047,108
GAGGTGGTCATCGGGTGGTG_048,47
GAGGTGGTCATCGGGTGGTG_049,63
GAGGTGGTCATCGGGTGGTG_050,6
GAGGTGGTCATCGGGTGGTG_051,64
GAGGTGGTCATCGGGTGGTG_052,79
GAGGTGGTCATCGGGTGGTG_053,69
GAGGTGGTCATCGGGTGGTG_054,60
GAGGTGGTCATCGGGTGGTG_055,172
GAGGTGGTCATCGGGTGGTG_056,176
GAGGTGGTCATCGGGTGGTG_057,160
GAGGTGGTCATCGGGTGGTG_058,70
GAGGTGGTCATCGGGTGGTG_059,62
GAGGTGGTCATCGGGTGGTG_060,19
GAGGTGGTCATCGGGTGGTG_061,199
GAGGTGGTCATCGGGTGGTG_062,99
GAGGTGGTCATCGGGTGGTG_063,150
GAGGTGGTCATCGGGTGGTG_064,146
GAGGTGGTCATCGGGTGGTG_065,46
GAGGTGGTCATCGGGTGGTG_066,61
ACCAGACACCTATCACTACG_001,78
TAATTTAATAGTCCAGAACC_001,8
AGCCCTATCTGACTTCGCAC_001,15
AGCCCTATCTGACTTCGCAC_002,113
AGCCCTATCTGACTTCGCAC_003,25
AGCCCTATCTGACTTCGCAC_004,11
AGCCCTATCTGACTTCGCAC_005,151
AGCCCTATCTGACTTCGCAC_006,12
AGCCCTATCTGACTTCGCAC_007,184
AGCCCTATCTGACTTCGCAC_008,0
AGCCCTATCTGACTTCGCAC_009,15
AGCCCTATCTGACTTCGCAC_010,11
AGCCCTATCTGACTTCGCAC_011,8
AGCCCTATCTGACTTCGCAC_012,157
AGCCCTATCTGACTTCGCAC_013,197
TGACTCAAAGGAATTATGGA_001,183
TGACTCAAAGGAATTATGGA_002,42
TGACTCAAAGGAATTATGGA_003,151
TGACTCAAAGGAATTATGGA_004,153
TGACTCAAAGGAATTATGGA_005,153
TGACTCAAAGGAATTATGGA_006,35
CCTCAGATCTGCCCACCACG_001,105
CCTCAGATCTGCCCACCACG_002,170
CCTCAGATCTGCCCACCACG_003,73
CCTCAGATCTGCCCACCACG_004,115
CCTCAGATCTGCCCACCACG_005,107
CCTCAGATCTGCCCACCACG_006,134
CCTCAGATCTGCCCACCACG_007,94
CCTCAGATCTGCCCACCACG_008,65
CCTCAGATCTGCCCACCACG_009,2
CCTCAGATCTGCCCACCACG_010,146
CCTCAGATCTGCCCACCACG_011,136
CCTCAGATCTGCCCACCACG_012,168
CCTCAGATCTGCCCACCACG_013,126
GTGACCAATCCACACTACCA_001,56
GTGACCAATCCACACTACCA_002,147
GTGACCAATCCACACTACCA_003,103
GTGACCAATCCACACTACCA_004,106
GTGACCAATCCACACTACCA_005,94
GTGACCAATCCACACTACCA_006,172
GTGACCAATCCACACTACCA_007,1
GTGACCAATCCACACTACCA_008,169
GTGACCAATCCACACTACCA_009,95
GTGACCAATCCACACTACCA_010,162
GTGACCAATCCACACTACCA_011,164
GTGACCAATCCACACTACCA_012,162
GTGACCAATCCACACTACCA_013,6
GTGACCAATCCACACTACCA_014,73
GTGACCAATCCACACTACCA_015,73
GTGACCAATCCACACTACCA_016,7
GTGACCAATCCACACTACCA_017,78
GTGACCAATCCACACTACCA_018,97
GTGACCAATCCACACTACCA_019,83
GTGACCAATCCACACTACCA_020,48
GTGACCAATCCACACTACCA_021,109
GTGACCAATCCACACTACCA_022,159
GTGACCAATCCACACTACCA_023,19
GTGACCAATCCACACTACCA_024,175
CTCTCGGTACCCGATCGCCG_001,183
CTCTCGGTACCCGATCGCCG_002,105
CTCTCGGTACCCGATCGCCG_003,41
CTCTCGGTACCCGATCGCCG_004,97
CTCTCGGTACCCGATCGCCG_005,156
CTCTCGGTACCCGATCGCCG_006,168
CTCTCGGTACCCGATCGCCG_007,166
CTCTCGGTACCCGATCGCCG_008,106
CAAGGCGGAGCCTTCAAACT_001,162
CAAGGCGGAGCCTTCAAACT_002,147
CAAGGCGGAGCCTTCAAACT_003,161
CAAGGCGGAGCCTTCAAACT_004,62
CAAGGCGGAGCCTTCAAACT_005,76
CAAGGCGGAGCCTTCAAACT_006,127
GAACTGGTTGCAGAGAGCCA_001,111
GAACTGGTTGCAGAGAGCCA_002,10
GAACTGGTTGCAGAGAGCCA_003,137
GAACTGGTTGCAGAGAGCCA_004,72
GAACTGGTTGCAGAGAGCCA_005,54
GAACTGGTTGCAGAGAGCCA_006,176
GAACTGGTTGCAGAGAGCCA_007,129
GAACTGGTTGCAGAGAGCCA_008,106
TGTGCTGTGATTGAAGACGA_001,118
TGTGCTGTGATTGAAGACGA_002,185
TGTGCTGTGATTGAAGACGA_003,137
TGTGCTGTGATTGAAGACGA_004,58
TGTGCTGTGATTGAAGACGA_005,157
TGTGCTGTGATTGAAGACGA_006,43
CAGATGGGCTACCTCAGGAT_001,81
CAGATGGGCTACCTCAGGAT_002,41
CAGATGGGCTACCTCAGGAT_003,54
CAGATGGGCTACCTCAGGAT_004,73
CAGATGGGCTACCTCAGGAT_005,94
CAGATGGGCTACCTCAGGAT_006,175
CAGATGGGCTACCTCAGGAT_007,4
CAGATGGGCTACCTCAGGAT_008,151
CAGATGGGCTACCTCAGGAT_009,43
GCTTCGACAAAGGGACCATG_001,108
GCTTCGACAAAGGGACCATG_002,17
GCTTCGACAAAGGGACCATG_003,178
GCTTCGACAAAGGGACCATG_004,108
GCTTCGACAAAGGGACCATG_005,78
GCTTCGACAAAGGGACCATG_006,27
GCTTCGACAAAGGGACCATG_007,158
GCTTCGACAAAGGGACCATG_008,110
GCTTCGACAAAGGGACCATG_009,131
GCTTCGACAAAGGGACCATG_010,187
GCTTCGACAAAGGGACCATG_011,149
GCTTCGACAAAGGGACCATG_012,43
GCTTCGACAAAGGGACCATG_013,198
GCTTCGACAAAGGGACCATG_014,87
GCTTCGACAAAGGGACCATG_015,21
GCTTCGACAAAGGGACCATG_016,129
GCTTCGACAAAGGGACCATG_017,29
GCTTCGACAAAGGGACCATG_018,184
GCTTCGACAAAGGGACCATG_019,169
GCTTCGACAAAGGGACCATG_020,162
GCTTCGACAAAGGGACCATG_021,106
GCTTCGACAAAGGGACCATG_022,103
GCTTCGACAAAGGGACCATG_023,119
GCTTCGACAAAGGGACCATG_024,126
GCTTCGACAAAGGGACCATG_025,144
GCTTCGACAAAGGGACCATG_026,88
TTTCCCGTCTACAAATACCC_001,13
TCCAGGGGACAAACTCACAG_001,118
TCCAGGGGACAAACTCACAG_002,130
TCCAGGGGACAAACTCACAG_003,7
TCCAGGGGACAAACTCACAG_004,194
TCCAGGGGACAAACTCACAG_005,60
TCCAGGGGACAAACTCACAG_006,141
TCCAGGGGACAAACTCACAG_007,169
TCCAGGGGACAAACTCACAG_008,157
TCCAGGGGACAAACTCACAG_009,108
AGGATGCCCAGATATTCATG_001,81
AGGATGCCCAGATATTCATG_002,105
AGGATGCCCAGATATTCATG_003,67
AGGATGCCCAGATATTCATG_004,109
AGGATGCCCAGATATTCATG_005,56
AGGATGCCCAGATATTCATG_006,0
CAAGAAGCTAACTCGACCAC_001,43
CAAGAAGCTAACTCGACCAC_002,60
CAAGAAGCTAACTCGACCAC_003,48
CAAGAAGCTAACTCGACCAC_004,102
CAAGAAGCTAACTCGACCAC_005,38
CAAGAAGCTAACTCGACCAC_006,106
CAAGAAGCTAACTCGACCAC_007,136
CACTCGGGACTTATCCAGTG_001,167
CACTCGGGACTTATCCAGTG_002,183
CACTCGGGACTTATCCAGTG_003,184
CACTCGGGACTTATCCAGTG_004,168
CACTCGGGACTTATCCAGTG_005,141
GGTTCGCCGCAGGATCGGAG_001,42
GGTTCGCCGCAGGATCGGAG_002,98
GGTTCGCCGCAGGATCGGAG_003,66
GGTTCGCCGCAGGATCGGAG_004,35
GGTTCGCCGCAGGATCGGAG_005,105
GGTTCGCCGCAGGATCGGAG_006,69
GGTTCGCCGCAGGATCGGAG_007,8
GGTTCGCCGCAGGATCGGAG_008,31
GGTTCGCCGCAGGATCGGAG_009,177
GGTTCGCCGCAGGATCGGAG_010,113
GGTTCGCCGCAGGATCGGAG_011,61
GGTTCGCCGCAGGATCGGAG_012,172
GGTTCGCCGCAGGATCGGAG_013,149
GGTTCGCCGCAGGATCGGAG_014,137
GGTTCGCCGCAGGATCGGAG_015,69
GGTTCGCCGCAGGATCGGAG_016,155
GGTTCGCCGCAGGATCGGAG_017,170
GGTTCGCCGCAGGATCGGAG_018,152
GGTTCGCCGCAGGATCGGAG_019,170
GGTTCGCCGCAGGATCGGAG_020,144
GGTTCGCCGCAGGATCGGAG_021,20
GGCACACCGTAAGACTAAGT_001,96
GGCACACCGTAAGACTAAGT_002,60
GGCACACCGTAAGACTAAGT_003,178
GGCACACCGTAAGACTAAGT_004,149
GGCACACCGTAAGACTAAGT_005,181
GGCACACCGTAAGACTAAGT_006,184
GGCACACCGTAAGACTAAGT_007,2
GGCACACCGTAAGACTAAGT_008,86
GGCACACCGTAAGACTAAGT_009,126
GGCACACCGTAAGACTAAGT_010,144
GGCACACCGTAAGACTAAGT_011,115
GGCACACCGTAAGACTAAGT_012,137
AAACGCCCTTGACTTCAGCC_001,134
AAACGCCCTTGACTTCAGCC_002,2
AAACGCCCTTGACTTCAGCC_003,172
AAACGCCCTTGACTTCAGCC_004,58
AAACGCCCTTGACTTCAGCC_005,62
AAACGCCCTTGACTTCAGCC_006,10
AAACGCCCTTGACTTCAGCC_007,74
AAACGCCCTTGACTTCAGCC_008,50
AAACGCCCTTGACTTCAGCC_009,40
AAACGCCCTTGACTTCAGCC_010,108
AAACGCCCTTGACTTCAGCC_011,178
AAACGCCCTTGACTTCAGCC_012,122
AAACGCCCTTGACTTCAGCC_013,148
AAACGCCCTTGACTTCAGCC_014,62
AAACGCCCTTGACTTCAGCC_015,102
AAACGCCCTTGACTTCAGCC_016,68
AAACGCCCTTGACTTCAGCC_017,117
AAACGCCCTTGACTTCAGCC_018,89
GCTAGCTGTCTACATCGTGC_001,18
GCTAGCTGTCTACATCGTGC_002,104
GTCATCAAAGAATGCTTCAG_001,68
GTCATCAAAGAATGCTTCAG_002,56
GTCATCAAAGAATGCTTCAG_003,115
GTCATCAAAGAATGCTTCAG_004,69
GTCATCAAAGAATGCTTCAG_005,83
GTCATCAAAGAATGCTTCAG_006,191
GTCATCAAAGAATGCTTCAG_007,74
GCTTGGCATCTGGGCCGTGT_001,147
GCTTGGCATCTGGGCCGTGT_002,73
GCTTGGCATCTGGGCCGTGT_003,56
AGGGATGGCTCATTGAACGA_001,162
AGGGATGGCTCATTGAACGA_002,82
AGGGATGGCTCATTGAACGA_003,187
AGGGATGGCTCATTGAACGA_004,81
AGGGATGGCTCATTGAACGA_005,115
AGGGATGGCTCATTGAACGA_006,180
CATCATGAGCATCATAAGTG_001,125
CATCATGAGCATCATAAGTG_002,196
CATCATGAGCATCATAAGTG_003,185
CATCATGAGCATCATAAGTG_004,27
CATCATGAGCATCATAAGTG_005,12
CATCATGAGCATCATAAGTG_006,133
CATCATGAGCATCATAAGTG_007,135
CATCATGAGCATCATAAGTG_008,108
CATCATGAGCATCATAAGTG_009,41
CATCATGAGCATCATAAGTG_010,182
CATCATGAGCATCATAAGTG_011,113
CATCATGAGCATCATAAGTG_012,35
GGTGCCCAGGAAGTACACAC_001,92
GGTGCCCAGGAAGTACACAC_002,102
GGTGCCCAGGAAGTACACAC_003,48
GGTGCCCAGGAAGTACACAC_004,48
GGTGCCCAGGAAGTACACAC_005,149
GGTGCCCAGGAAGTACACAC_006,178
GGTGCCCAGGAAGTACACAC_007,108
GGTGCCCAGGAAGTACACAC_008,179
GGTGCCCAGGAAGTACACAC_009,50
GGTGCCCAGGAAGTACACAC_010,174
GGTGCCCAGGAAGTACACAC_011,88
GGTGCCCAGGAAGTACACAC_012,49
GGTGCCCAGGAAGTACACAC_013,61
GGTGCCCAGGAAGTACACAC_014,145
GGTGCCCAGGAAGTACACAC_015,112
AAGGCAAAAGGAGATGCTAA_001,106
AAGGCAAAAGGAGATGCTAA_002,198
AAGGCAAAAGGAGATGCTAA_003,141
AAGGCAAAAGGAGATGCTAA_004,185
AAGGCAAAAGGAGATGCTAA_005,48
AAGGCAAAAGGAGATGCTAA_006,43
AAGGCAAAAGGAGATGCTAA_007,123
ACAGATAAGACAGAATCGGG_001,3
ACAGATAAGACAGAATCGGG_002,183
CAGCTGTTAGGCGATCCATG_001,127
CAGCTGTTAGGCGATCCATG_002,82
CTCTGCGACGAGATTATCCA_001,176
CTCTGCGACGAGATTATCCA_002,41
CTCTGCGACGAGATTATCCA_003,48
CTCTGCGACGAGATTATCCA_004,41
CTCTGCGACGAGATTATCCA_005,193
CTCTGCGACGAGATTATCCA_006,192
CTCTGCGACGAGATTATCCA_007,141
CTCTGCGACGAGATTATCCA_008,6
CTCTGCGACGAGATTATCCA_009,88
CTCTGCGACGAGATTATCCA_010,11
CTCTGCGACGAGATTATCCA_011,180
CTCTGCGACGAGATTATCCA_012,144
CTCTGCGACGAGATTATCCA_013,29
AAACTGGGAATGATTGCCGG_001,91
AAACTGGGAATGATTGCCGG_002,60
AAACTGGGAATGATTGCCGG_003,50
AAACTGGGAATGATTGCCGG_004,155
AAACTGGGAATGATTGCCGG_005,148
AAACTGGGAATGATTGCCGG_006,78
AAACTGGGAATGATTGCCGG_007,103
AAACTGGGAATGATTGCCGG_008,184
AAACTGGGAATGATTGCCGG_009,175
AAACTGGGAATGATTGCCGG_010,8
AAACTGGGAATGATTGCCGG_011,177
AAACTGGGAATGATTGCCGG_012,27
AAACTGGGAATGATTGCCGG_013,105
AAACTGGGAATGATTGCCGG_014,106
AAACTGGGAATGATTGCCGG_015,8
AAACTGGGAATGATTGCCGG_016,54
AAACTGGGAATGATTGCCGG_017,81
AAACTGGGAATGATTGCCGG_018,30
AAACTGGGAATGATTGCCGG_019,162
CTCCCTGCTGACTTACACCG_001,102
CTCCCTGCTGACTTACACCG_002,168
CTCCCTGCTGACTTACACCG_003,117
CTCCCTGCTGACTTACACCG_004,37
CTCCCTGCTGACTTACACCG_005,0
CTCCCTGCTGACTTACACCG_006,15
TACAGCAAGGACGACTTTGG_001,138
TACAGCAAGGACGACTTTGG_002,66
TACAGCAAGGACGACTTTGG_003,169
TACAGCAAGGACGACTTTGG_004,165
TACAGCAAGGACGACTTTGG_005,188
TACAGCAAGGACGACTTTGG_006,184
AGTACCTCGAATATGAACGC_001,175
AGTACCTCGAATATGAACGC_002,105
AGTACCTCGAATATGAACGC_003,32
AGTACCTCGAATATGAACGC_004,130
AGTACCTCGAATATGAACGC_005,128
AGTACCTCGAATATGAACGC_006,158
AGTACCTCGAATATGAACGC_007,178
AGTACCTCGAATATGAACGC_008,18
AGTACCTCGAATATGAACGC_009,158
CATAGATCTTGGGAAAATTG_001,34
CATAGATCTTGGGAAAATTG_002,94
TGTCCTGCATCCCTACACCT_001,54
TGTCCTGCATCCCTACACCT_002,100
TGTCCTGCATCCCTACACCT_003,169
TGTCCTGCATCCCTACACCT_004,96
TGTCCTGCATCCCTACACCT_005,70
TGTCCTGCATCCCTACACCT_006,72
TGTCCTGCATCCCTACACCT_007,89
TGTCCTGCATCCCTACACCT_008,103
TGTCCTGCATCCCTACACCT_009,136
TGTCCTGCATCCCTACACCT_010,82
TGTCCTGCATCCCTACACCT_011,8
TGTCCTGCATCCCTACACCT_012,199
TGTCCTGCATCCCTACACCT_013,60
TGTCCTGCATCCCTACACCT_014,177
TGTCCTGCATCCCTACACCT_015,189
TGTCCTGCATCCCTACACCT_016,40
TGTCCTGCATCCCTACACCT_017,52
TGTCCTGCATCCCTACACCT_018,81
TGTCCTGCATCCCTACACCT_019,3
TGTCCTGCATCCCTACACCT_020,52
TGTCCTGCATCCCTACACCT_021,88
AACTGCGTGTAGTGGCGCGG_001,4
AACTGCGTGTAGTGGCGCGG_002,199
AACTGCGTGTAGTGGCGCGG_003,94
AACTGCGTGTAGTGGCGCGG_004,85
AACTGCGTGTAGTGGCGCGG_005,40
AACTGCGTGTAGTGGCGCGG_006,37
TGATCGGCTGAATGTAACAG_001,113
TGATCGGCTGAATGTAACAG_002,4
TGATCGGCTGAATGTAACAG_003,88
TGATCGGCTGAATGTAACAG_004,16
TGATCGGCTGAATGTAACAG_005,141
TGATCGGCTGAATGTAACAG_006,111
CAAACGCATGTGCTCCCGTA_001,61
GCTGATAGGCAGACCCATCG_001,12
GCTGATAGGCAGACCCATCG_002,193
GCTGATAGGCAGACCCATCG_003,62
GCTGATAGGCAGACCCATCG_004,41
GCTGATAGGCAGACCCATCG_005,11
GCTGATAGGCAGACCCATCG_006,3
GCTGATAGGCAGACCCATCG_007,107
GCTGATAGGCAGACCCATCG_008,186
GCTGATAGGCAGACCCATCG_009,91
GCTGATAGGCAGACCCATCG_010,47
GCTGATAGGCAGACCCATCG_011,123
GCTGATAGGCAGACCCATCG_012,177
GCTGATAGGCAGACCCATCG_013,71
GCTGATAGGCAGACCCATCG_014,48
CTGTTTCGCGGATGTCCGGG_001,158
CTGTTTCGCGGATGTCCGGG_002,127
CTGTTTCGCGGATGTCCGGG_003,88
CTGTTTCGCGGATGTCCGGG_004,160
CTGTTTCGCGGATGTCCGGG_005,64
CTGTTTCGCGGATGTCCGGG_006,133
GCAGACTGATTCAGAATGGG_001,18
GCAGACTGATTCAGAATGGG_002,20
GCAGACTGATTCAGAATGGG_003,9
GCAGACTGATTCAGAATGGG_004,48
GCAGACTGATTCAGAATGGG_005,13
GCATGGTGGCCACGTCAGGG_001,188
GCATGGTGGCCACGTCAGGG_002,105
GCATGGTGGCCACGTCAGGG_003,15
GCATGGTGGCCACGTCAGGG_004,75
GCATGGTGGCCACGTCAGGG_005,81
GCATGGTGGCCACGTCAGGG_006,17
GCATGGTGGCCACGTCAGGG_007,75
GCATGGTGGCCACGTCAGGG_008,5
GCATGGTGGCCACGTCAGGG_009,94
GCATGGTGGCCACGTCAGGG_010,162
GCATGGTGGCCACGTCAGGG_011,128
GGAGCTCCTTATAGGTACCA_001,40
GGAGCTCCTTATAGGTACCA_002,19
GGAGCTCCTTATAGGTACCA_003,15
GGAGCTCCTTATAGGTACCA_004,8
GGAGCTCCTTATAGGTACCA_005,194
TGATCAGCATTACTCCCACA_001,83
TGATCAGCATTACTCCCACA_002,147
TGATCAGCATTACTCCCACA_003,160
AGGGACATACCTTTAAAACC_001,56
AGGGACATACCTTTAAAACC_002,19
CGTGCTGCCAGTCCCAAGCG_001,161
CGTGCTGCCAGTCCCAAGCG_002,161
CGTGCTGCCAGTCCCAAGCG_003,82
CGTGCTGCCAGTCCCAAGCG_004,24
CGTGCTGCCAGTCCCAAGCG_005,95
CGTGCTGCCAGTCCCAAGCG_006,159
CGTGCTGCCAGTCCCAAGCG_007,145
ACTCCATTTGTGCTATCCAG_001,107
ACTCCATTTGTGCTATCCAG_002,43
AAATGCTTCCAAATGTCACG_001,114
AAATGCTTCCAAATGTCACG_002,94
AAATGCTTCCAAATGTCACG_003,141
AAATGCTTCCAAATGTCACG_004,60
AAATGCTTCCAAATGTCACG_005,111
AAATGCTTCCAAATGTCACG_006,62
GTCTGCGGCTACTCTGGCGG_001,87
GTCTGCGGCTACTCTGGCGG_002,106
GTCTGCGGCTACTCTGGCGG_003,94
GTCTGCGGCTACTCTGGCGG_004,51
GTCTGCGGCTACTCTGGCGG_005,0
GTCTGCGGCTACTCTGGCGG_006,72
GTCTGCGGCTACTCTGGCGG_007,60
GTCTGCGGCTACTCTGGCGG_008,77
GTCTGCGGCTACTCTGGCGG_009,149
GTCTGCGGCTACTCTGGCGG_010,183
GTCTGCGGCTACTCTGGCGG_011,159
GTCTGCGGCTACTCTGGCGG_012,194
GTCTGCGGCTACTCTGGCGG_013,194
GTCTGCGGCTACTCTGGCGG_014,113
GTCTGCGGCTACTCTGGCGG_015,54
GTCTGCGGCTACTCTGGCGG_016,76
GTCTGCGGCTACTCTGGCGG_017,63
GTCTGCGGCTACTCTGGCGG_018,50
GTCTGCGGCTACTCTGGCGG_019,105
GTCTGCGGCTACTCTGGCGG_020,165
AACTATAATGACTGTATCCA_001,20
AACTATAATGACTGTATCCA_002,38
ATTCGGTGCCCAAAAAACAA_001,150
ATTCGGTGCCCAAAAAACAA_002,58
ATTCGGTGCCCAAAAAACAA_003,17
ATTCGGTGCCCAAAAAACAA_004,150
ATTCGGTGCCCAAAAAACAA_005,20
ATTCGGTGCCCAAAAAACAA_006,130
ATTCGGTGCCCAAAAAACAA_007,38
ATTCGGTGCCCAAAAAACAA_008,89
ATTCGGTGCCCAAAAAACAA_009,0
ATTCGGTGCCCAAAAAACAA_010,177
ATTCGGTGCCCAAAAAACAA_011,121
ATTCGGTGCCCAAAAAACAA_012,91
ATTCGGTGCCCAAAAAACAA_013,102
ATTCGGTGCCCAAAAAACAA_014,168
ATTCGGTGCCCAAAAAACAA_015,68
ATTCGGTGCCCAAAAAACAA_016,124
ATTCGGTGCCCAAAAAACAA_017,6
ATTCGGTGCCCAAAAAACAA_018,6
ATTCGGTGCCCAAAAAACAA_019,4
ATTCGGTGCCCAAAAAACAA_020,113
GAAGAACTCCAGTAGCGCCG_001,69
GAAGAACTCCAGTAGCGCCG_002,52
GAAGAACTCCAGTAGCGCCG_003,76
GAAGAACTCCAGTAGCGCCG_004,192
GAAGAACTCCAGTAGCGCCG_005,19
GAAGAACTCCAGTAGCGCCG_006,77
GAAGAACTCCAGTAGCGCCG_007,38
GAAGAACTCCAGTAGCGCCG_008,26
GAAGAACTCCAGTAGCGCCG_009,155
GAAGAACTCCAGTAGCGCCG_010,139
GAAGAACTCCAGTAGCGCCG_011,180
GAAGAACTCCAGTAGCGCCG_012,185
GGACCGTAGAGAAGCAAGTG_001,86
GGACCGTAGAGAAGCAAGTG_002,144
GGACCGTAGAGAAGCAAGTG_003,72
GGACCGTAGAGAAGCAAGTG_004,59
GGACCGTAGAGAAGCAAGTG_005,157
GGACCGTAGAGAAGCAAGTG_006,115
GGACCGTAGAGAAGCAAGTG_007,197
GGACCGTAGAGAAGCAAGTG_008,21
GGACCGTAGAGAAGCAAGTG_009,117
GGACCGTAGAGAAGCAAGTG_010,161
GGACCGTAGAGAAGCAAGTG_011,37
ACATCCTTACAGCGTCGTAG_001,72
ACATCCTTACAGCGTCGTAG_002,30
ACATCCTTACAGCGTCGTAG_003,9
ACATCCTTACAGCGTCGTAG_004,144
ACATCCTTACAGCGTCGTAG_005,55
ACATCCTTACAGCGTCGTAG_006,50
ACATCCTTACAGCGTCGTAG_007,160
ACATCCTTACAGCGTCGTAG_008,141
ACATCCTTACAGCGTCGTAG_009,66
ACATCCTTACAGCGTCGTAG_010,61
ACATCCTTACAGCGTCGTAG_011,42
ACATCCTTACAGCGTCGTAG_012,160
ACATCCTTACAGCGTCGTAG_013,183
ACAGCACGACCCTGCACGTG_001,145
ACAGCACGACCCTGCACGTG_002,63
ACAGCACGACCCTGCACGTG_003,199
ACAGCACGACCCTGCACGTG_004,190
ACAGCACGACCCTGCACGTG_005,61
ACAGCACGACCCTGCACGTG_006,180
ACAGCACGACCCTGCACGTG_007,180
ACAGCACGACCCTGCACGTG_008,175
ACAGCACGACCCTGCACGTG_009,142
ACAGCACGACCCTGCACGTG_010,152
ACAGCACGACCCTGCACGTG_011,52
ACAGCACGACCCTGCACGTG_012,94
AGCGTCGGGGATCCGTCTGT_001,112
AGCGTCGGGGATCCGTCTGT_002,116
AGCGTCGGGGATCCGTCTGT_003,60
AGCGTCGGGGATCCGTCTGT_004,189
AGCGTCGGGGATCCGTCTGT_005,187
AGCGTCGGGGATCCGTCTGT_006,53
AGCGTCGGGGATCCGTCTGT_007,33
AGCGTCGGGGATCCGTCTGT_008,79
AGCGTCGGGGATCCGTCTGT_009,76
AGCGTCGGGGATCCGTCTGT_010,92
AGCGTCGGGGATCCGTCTGT_011,128
AGCGTCGGGGATCCGTCTGT_012,51
AGCGTCGGGGATCCGTCTGT_013,81
AGCGTCGGGGATCCGTCTGT_014,50
AGCGTCGGGGATCCGTCTGT_015,184
AGCGTCGGGGATCCGTCTGT_016,147
AGCGTCGGGGATCCGTCTGT_017,36
AGCGTCGGGGATCCGTCTGT_018,113
AGCGTCGGGGATCCGTCTGT_019,94
AGCGTCGGGGATCCGTCTGT_020,118
AGCGTCGGGGATCCGTCTGT_021,65
AGCGTCGGGGATCCGTCTGT_022,130
CAGCACTCAATTGGACCACT_001,187
CAGCACTCAATTGGACCACT_002,168
CAGCACTCAATTGGACCACT_003,40
CAGCACTCAATTGGACCACT_004,66
CAGCACTCAATTGGACCACT_005,74
CAGCACTCAATTGGACCACT_006,68
CAGCACTCAATTGGACCACT_007,39
CAGCACTCAATTGGACCACT_008,96
CAGCACTCAATTGGACCACT_009,43
CAGCACTCAATTGGACCACT_010,12
CAGCACTCAATTGGACCACT_011,79
TCAGACTTTACCCTACCAGT_001,98
TCAGACTTTACCCTACCAGT_002,56
CACAAAGATGACCATCACGT_001,6
CACAAAGATGACCATCACGT_002,39
CACAAAGATGACCATCACGT_003,120
CACAAAGATGACCATCACGT_004,187
CACAAAGATGACCATCACGT_005,38
CACAAAGATGACCATCACGT_006,173
CACAAAGATGACCATCACGT_007,57
CCAGCCCATCCTCGTCAGAG_001,44
CCAGCCCATCCTCGTCAGAG_002,141
CCAGCCCATCCTCGTCAGAG_003,48
CCAGCCCATCCTCGTCAGAG_004,33
CCAGCCCATCCTCGTCAGAG_005,157
CCAGCCCATCCTCGTCAGAG_006,72
CCAGCCCATCCTCGTCAGAG_007,82
CCAGCCCATCCTCGTCAGAG_008,176
CCAGCCCATCCTCGTCAGAG_009,100
CCAGCCCATCCTCGTCAGAG_010,6
CCAGCCCATCCTCGTCAGAG_011,160
CCAGCCCATCCTCGTCAGAG_012,197
CCAGCCCATCCTCGTCAGAG_013,29
CCAGCCCATCCTCGTCAGAG_014,55
CCAGCCCATCCTCGTCAGAG_015,6
CCAGCCCATCCTCGTCAGAG_016,19
CCAGCCCATCCTCGTCAGAG_017,180
CCAGCCCATCCTCGTCAGAG_018,35
GCATGGTGTCCTGTCCCGTG_001,181
GCATGGTGTCCTGTCCCGTG_002,140
GCATGGTGTCCTGTCCCGTG_003,69
GCATGGTGTCCTGTCCCGTG_004,8
GCATGGTGTCCTGTCCCGTG_005,56
GCATGGTGTCCTGTCCCGTG_006,31
GCATGGTGTCCTGTCCCGTG_007,141
CGGCCTAGCTCACTGAACAG_001,169
CGGCCTAGCTCACTGAACAG_002,23
CGGCCTAGCTCACTGAACAG_003,17
CGGCCTAGCTCACTGAACAG_004,5
CGGCCTAGCTCACTGAACAG_005,68
CGGCCTAGCTCACTGAACAG_006,8
CGGCCTAGCTCACTGAACAG_007,168
CGGCCTAGCTCACTGAACAG_008,198
CGGCCTAGCTCACTGAACAG_009,82
CGGCCTAGCTCACTGAACAG_010,153
CGGCCTAGCTCACTGAACAG_011,131
CGGCCTAGCTCACTGAACAG_012,61
CGGCCTAGCTCACTGAACAG_013,2
CGGCCTAGCTCACTGAACAG_014,105
CGGCCTAGCTCACTGAACAG_015,170
CGGCCTAGCTCACTGAACAG_016,191
CGGCCTAGCTCACTGAACAG_017,176
CGGCCTAGCTCACTGAACAG_018,199
CGGCCTAGCTCACTGAACAG_019,104
CAAAACTCCTATTATCCACC_001,19
GGAAGAACACCGCAAGATCG_001,118
GGAAGAACACCGCAAGATCG_002,134
GGAAGAACACCGCAAGATCG_003,54
GGAAGAACACCGCAAGATCG_004,170
GGAAGAACACCGCAAGATCG_005,147
GGAAGAACACCGCAAGATCG_006,178
GGAAGAACACCGCAAGATCG_007,185
GGAAGAACACCGCAAGATCG_008,86
GGAAGAACACCGCAAGATCG_009,86
GGAAGAACACCGCAAGATCG_010,103
GGAAGAACACCGCAAGATCG_011,149
GGAAGAACACCGCAAGATCG_012,17
GGAAGAACACCGCAAGATCG_013,75
GGAAGAACACCGCAAGATCG_014,88
GGAAGAACACCGCAAGATCG_015,61
GGAAGAACACCGCAAGATCG_016,60
GGAAGAACACCGCAAGATCG_017,118
GGAAGAACACCGCAAGATCG_018,45
GGAAGAACACCGCAAGATCG_019,116
GGAAGAACACCGCAAGATCG_020,160
GGAAGAACACCGCAAGATCG_021,176
GGAAGAACACCGCAAGATCG_022,181
GGAAGAACACCGCAAGATCG_023,91
GGAAGAACACCGCAAGATCG_024,19
GGAAGAACACCGCAAGATCG_025,177
GGAAGAACACCGCAAGATCG_026,14
GGAAGAACACCGCAAGATCG_027,138
GTGAAAAACATACGACTCTG_001,175
GTGAAAAACATACGACTCTG_002,78
GTGAAAAACATACGACTCTG_003,28
GTGAAAAACATACGACTCTG_004,29
TATACTCCACTATGACCGAG_001,94
TATACTCCACTATGACCGAG_002,17
TATACTCCACTATGACCGAG_003,87
TATACTCCACTATGACCGAG_004,4
TATACTCCACTATGACCGAG_005,50
AATGGAAGTGAAACCCAGTT_001,107
AATGGAAGTGAAACCCAGTT_002,181
AATGGAAGTGAAACCCAGTT_003,118
AATGGAAGTGAAACCCAGTT_004,110
AATGGAAGTGAAACCCAGTT_005,74
AATGGAAGTGAAACCCAGTT_006,53
AATGGAAGTGAAACCCAGTT_007,121
AATGGAAGTGAAACCCAGTT_008,58
AATGGAAGTGAAACCCAGTT_009,63
AATGGAAGTGAAACCCAGTT_010,175
GTAGGAGAAACCATTCGCAA_001,148
GTAGGAGAAACCATTCGCAA_002,82
GTAGGAGAAACCATTCGCAA_003,105
GTAGGAGAAACCATTCGCAA_004,126
GTAGGAGAAACCATTCGCAA_005,127
GTAGGAGAAACCATTCGCAA_006,41
GTAGGAGAAACCATTCGCAA_007,154
GTAGGAGAAACCATTCGCAA_008,194
GTAGGAGAAACCATTCGCAA_009,62
GTAGGAGAAACCATTCGCAA_010,105
GTAGGAGAAACCATTCGCAA_011,179
GTAGGAGAAACCATTCGCAA_012,47
GTAGGAGAAACCATTCGCAA_013,199
GTAGGAGAAACCATTCGCAA_014,103
GTAGGAGAAACCATTCGCAA_015,124
GTAGGAGAAACCATTCGCAA_016,43
GTAGGAGAAACCATTCGCAA_017,137
GTAGGAGAAACCATTCGCAA_018,95
GTAGGAGAAACCATTCGCAA_019,124
GTAGGAGAAACCATTCGCAA_020,82
GTAGGAGAAACCATTCGCAA_021,101
GTAGGAGAAACCATTCGCAA_022,159
GTAGGAGAAACCATTCGCAA_023,45
GTAGGAGAAACCATTCGCAA_024,82
GTAGGAGAAACCATTCGCAA_025,94
GTAGGAGAAACCATTCGCAA_026,163
GTAGGAGAAACCATTCGCAA_027,149
GTAGGAGAAACCATTCGCAA_028,49
GTAGGAGAAACCATTCGCAA_029,114
GTAGGAGAAACCATTCGCAA_030,34
TAGAAAACATGCTCCTCTAG_001,161
TAGAAAACATGCTCCTCTAG_002,124
TCTTCTGCTCCCGAAAAGCA_001,115
TCTTCTGCTCCCGAAAAGCA_002,115
TCTTCTGCTCCCGAAAAGCA_003,13
TCTTCTGCTCCCGAAAAGCA_004,110
GAAGAAGGCCGTGAACGACG_001,159
GAAGAAGGCCGTGAACGACG_002,114
GAAGCAAATGATTTACAGGG_001,170
GAAGCAAATGATTTACAGGG_002,25
GAAGCAAATGATTTACAGGG_003,187
GAAGCAAATGATTTACAGGG_004,150
GAAGGCAAAGACTAAGCCCA_001,11
GAAGGCAAAGACTAAGCCCA_002,54
CAGAATCCCCCATCCATGCG_001,1
CAGAATCCCCCATCCATGCG_002,33
CAGAATCCCCCATCCATGCG_003,198
CAGAATCCCCCATCCATGCG_004,77
CAGAATCCCCCATCCATGCG_005,93
CAGAATCCCCCATCCATGCG_006,26
CAGAATCCCCCATCCATGCG_007,121
CAGAATCCCCCATCCATGCG_008,151
CAGAATCCCCCATCCATGCG_009,89
CAGAATCCCCCATCCATGCG_010,194
CAGAATCCCCCATCCATGCG_011,78
CAGAATCCCCCATCCATGCG_012,95
CAGAATCCCCCATCCATGCG_013,64
CAGAATCCCCCATCCATGCG_014,49
CAGAATCCCCCATCCATGCG_015,108
CAGAATCCCCCATCCATGCG_016,133
CAGAATCCCCCATCCATGCG_017,7
CAGAATCCCCCATCCATGCG_018,137
CAGAATCCCCCATCCATGCG_019,156
CAGAATCCCCCATCCATGCG_020,155
CAGAATCCCCCATCCATGCG_021,188
CAGAATCCCCCATCCATGCG_022,86
CAGAATCCCCCATCCATGCG_023,168
CAGAATCCCCCATCCATGCG_024,52
CAGAATCCCCCATCCATGCG_025,56
CAGAATCCCCCATCCATGCG_026,114
CAGAATCCCCCATCCATGCG_027,89
CAGAATCCCCCATCCATGCG_028,127
CAGAATCCCCCATCCATGCG_029,98
CTCCAGGCTCAGACAAGGAG_001,48
CTCCAGGCTCAGACAAGGAG_002,75
CTCCAGGCTCAGACAAGGAG_003,61
CTCCAGGCTCAGACAAGGAG_004,168
CTCCAGGCTCAGACAAGGAG_005,68
CTCCAGGCTCAGACAAGGAG_006,168
CTCCAGGCTCAGACAAGGAG_007,161
TCACACTAGAGAGATAACAT_001,155
TCACACTAGAGAGATAACAT_002,149
TCACACTAGAGAGATAACAT_003,2
TCACACTAGAGAGATAACAT_004,199
TCACACTAGAGAGATAACAT_005,34
TCACACTAGAGAGATAACAT_006,117
TCACACTAGAGAGATAACAT_007,110
TCACACTAGAGAGATAACAT_008,68
ACACTTACATAGAGTCACAA_001,50
ACACTTACATAGAGTCACAA_002,2
ACACTTACATAGAGTCACAA_003,9
CCCCGAGGTACAAAATCTGT_001,109
CCCCGAGGTACAAAATCTGT_002,150
CCCCGAGGTACAAAATCTGT_003,75
CCCCGAGGTACAAAATCTGT_004,121
CCCCGAGGTACAAAATCTGT_005,169
AGTCCCACTACCATTAACAC_001,63
AGTCCCACTACCATTAACAC_002,19
AGTCCCACTACCATTAACAC_003,169
AGTCCCACTACCATTAACAC_004,34
AGTCCCACTACCATTAACAC_005,56
AGTCCCACTACCATTAACAC_006,197
GCTCATCGGGTCGTCCACAG_001,15
GCTCATCGGGTCGTCCACAG_002,129
GCTCATCGGGTCGTCCACAG_003,152
GCTCATCGGGTCGTCCACAG_004,10
GCTCATCGGGTCGTCCACAG_005,62
GCTCATCGGGTCGTCCACAG_006,88
GCTCATCGGGTCGTCCACAG_007,199
GCTCATCGGGTCGTCCACAG_008,175
GCTCATCGGGTCGTCCACAG_009,49
GCTCATCGGGTCGTCCACAG_010,148
GCTCATCGGGTCGTCCACAG_011,27
GCTCATCGGGTCGTCCACAG_012,163
GCTCATCGGGTCGTCCACAG_013,58
GCTCATCGGGTCGTCCACAG_014,160
GCTCATCGGGTCGTCCACAG_015,28
CCACTCTTTGACTATCTCCG_001,128
CCACTCTTTGACTATCTCCG_002,102
CCACTCTTTGACTATCTCCG_003,60
CCACTCTTTGACTATCTCCG_004,169
CCACTCTTTGACTATCTCCG_005,190
CCACTCTTTGACTATCTCCG_006,115
CCACTCTTTGACTATCTCCG_007,110
CCACTCTTTGACTATCTCCG_008,174
CTGGAACAACTCCTAAAGGT_001,163
CTGGAACAACTCCTAAAGGT_002,59
CCGGCCGGTCTCCCAACCCG_001,93
CCGGCCGGTCTCCCAACCCG_002,133
CCGGCCGGTCTCCCAACCCG_003,36
CCGGCCGGTCTCCCAACCCG_004,36
CCGGCCGGTCTCCCAACCCG_005,150
CCGGCCGGTCTCCCAACCCG_006,98
CCGGCCGGTCTCCCAACCCG_007,177
CCGGCCGGTCTCCCAACCCG_008,177
CCGGCCGGTCTCCCAACCCG_009,198
CCGGCCGGTCTCCCAACCCG_010,128
CCGGCCGGTCTCCCAACCCG_011,83
CCGGCCGGTCTCCCAACCCG_012,32
CCGGCCGGTCTCCCAACCCG_013,19
GCGGCGGCCGGAAGAACGGT_001,98
GCGGCGGCCGGAAGAACGGT_002,183
GCGGCGGCCGGAAGAACGGT_003,197
GCGGCGGCCGGAAGAACGGT_004,145
GCGGCGGCCGGAAGAACGGT_005,116
GCGGCGGCCGGAAGAACGGT_006,198
CGAGCCGTAAAGCAGCACGT_001,33
CGAGCCGTAAAGCAGCACGT_002,151
CGAGCCGTAAAGCAGCACGT_003,127
CGAGCCGTAAAGCAGCACGT_004,127
CGAGCCGTAAAGCAGCACGT_005,153
CGAGCCGTAAAGCAGCACGT_006,134
CGAGCCGTAAAGCAGCACGT_007,157
CGAGCCGTAAAGCAGCACGT_008,194
CGAGCCGTAAAGCAGCACGT_009,41
CGAGCCGTAAAGCAGCACGT_010,29
CGAGCCGTAAAGCAGCACGT_011,148
CGAGCCGTAAAGCAGCACGT_012,169
CGAGCCGTAAAGCAGCACGT_013,93
CGAGCCGTAAAGCAGCACGT_014,175
CGAGCCGTAAAGCAGCACGT_015,64
CGAGCCGTAAAGCAGCACGT_016,178
CGAGCCGTAAAGCAGCACGT_017,118
CGAGCCGTAAAGCAGCACGT_018,50
CGAGCCGTAAAGCAGCACGT_019,105
CGAGCCGTAAAGCAGCACGT_020,38
CGAGCCGTAAAGCAGCACGT_021,99
CGAGCCGTAAAGCAGCACGT_022,20
CGAGCCGTAAAGCAGCACGT_023,22
CGAGCCGTAAAGCAGCACGT_024,29
CGAGCCGTAAAGCAGCACGT_025,137
CGAGCCGTAAAGCAGCACGT_026,166
CGAGCCGTAAAGCAGCACGT_027,78
TCTTCACCGTCATCACGATG_001,136
TCTTCACCGTCATCACGATG_002,176
TCTTCACCGTCATCACGATG_003,190
TCTTCACCGTCATCACGATG_004,2
TGAGAGTGAACCAAAGCATG_001,17
TGAGAGTGAACCAAAGCATG_002,150
TGAGAGTGAACCAAAGCATG_003,168
TGAGAGTGAACCAAAGCATG_004,121
TGAGAGTGAACCAAAGCATG_005,58
TGAGAGTGAACCAAAGCATG_006,137
TGAGAGTGAACCAAAGCATG_007,43
TGAGAGTGAACCAAAGCATG_008,112
TGAGAGTGAACCAAAGCATG_009,161
TGAGAGTGAACCAAAGCATG_010,13
TGAGAGTGAACCAAAGCATG_011,113
TGAGAGTGAACCAAAGCATG_012,185
CTACGCCACGCACGCCTGCG_001,60
CTACGCCACGCACGCCTGCG_002,15
CTACGCCACGCACGCCTGCG_003,15
CTACGCCACGCACGCCTGCG_004,160
CTACGCCACGCACGCCTGCG_005,76
GATCCTGGCATCATATCCGG_001,185
GATCCTGGCATCATATCCGG_002,8
GATCCTGGCATCATATCCGG_003,169
GATCCTGGCATCATATCCGG_004,162
GATCCTGGCATCATATCCGG_005,78
CCACCAAAATGTGAAATACA_001,72
CCACCAAAATGTGAAATACA_002,85
CCACCAAAATGTGAAATACA_003,199
CCACCAAAATGTGAAATACA_004,9
CCACCAAAATGTGAAATACA_005,81
CCACCAAAATGTGAAATACA_006,94
CCACCAAAATGTGAAATACA_007,105
CCACCAAAATGTGAAATACA_008,124
CCACCAAAATGTGAAATACA_009,126
AGCCCGGTCAGCCTACCAGG_001,109
AGCCCGGTCAGCCTACCAGG_002,162
AGCCCGGTCAGCCTACCAGG_003,68
AGCCCGGTCAGCCTACCAGG_004,130
AGCCCGGTCAGCCTACCAGG_005,145
AGCCCGGTCAGCCTACCAGG_006,150
AGCCCGGTCAGCCTACCAGG_007,2
AGCCCGGTCAGCCTACCAGG_008,117
AGCCCGGTCAGCCTACCAGG_009,42
AGCCCGGTCAGCCTACCAGG_010,17
AGCCCGGTCAGCCTACCAGG_011,77
AGCCCGGTCAGCCTACCAGG_012,75
AGCCCGGTCAGCCTACCAGG_013,95
AGCCCGGTCAGCCTACCAGG_014,41
AGCCCGGTCAGCCTACCAGG_015,1
AGCCCGGTCAGCCTACCAGG_016,198
AGCCCGGTCAGCCTACCAGG_017,23
AGCCCGGTCAGCCTACCAGG_018,95
AGCCCGGTCAGCCTACCAGG_019,146
AGCCCGGTCAGCCTACCAGG_020,159
AGCCCGGTCAGCCTACCAGG_021,27
AGCCCGGTCAGCCTACCAGG_022,107
AGCCCGGTCAGCCTACCAGG_023,62
AGCCCGGTCAGCCTACCAGG_024,65
AGCCCGGTCAGCCTACCAGG_025,114
AGCCCGGTCAGCCTACCAGG_026,116
AGCCCGGTCAGCCTACCAGG_027,69
AGCCCGGTCAGCCTACCAGG_028,47
AGCCCGGTCAGCCTACCAGG_029,88
AGCCCGGTCAGCCTACCAGG_030,165
AGCCCGGTCAGCCTACCAGG_031,78
AGCCCGGTCAGCCTACCAGG_032,191
AGCCCGGTCAGCCTACCAGG_033,60
AGCCCGGTCAGCCTACCAGG_034,199
AGCCCGGTCAGCCTACCAGG_035,94
AGCCCGGTCAGCCTACCAGG_036,166
AGCCCGGTCAGCCTACCAGG_037,149
AGCCCGGTCAGCCTACCAGG_038,43
CATAGTATGTATAGACCCTG_001,15
CATAGTATGTATAGACCCTG_002,8
TCAAAGTCAAGACAGAAGGG_001,60
TCAAAGTCAAGACAGAAGGG_002,115
TCAAAGTCAAGACAGAAGGG_003,198
TCAAAGTCAAGACAGAAGGG_004,153
TCAAAGTCAAGACAGAAGGG_005,78
TCAAAGTCAAGACAGAAGGG_006,169
TCAAAGTCAAGACAGAAGGG_007,158
TCAAAGTCAAGACAGAAGGG_008,126
TCAAAGTCAAGACAGAAGGG_009,69
TCAAAGTCAAGACAGAAGGG_010,18
TCAAAGTCAAGACAGAAGGG_011,199
TCAAAGTCAAGACAGAAGGG_012,41
TCAAAGTCAAGACAGAAGGG_013,13
TCAAAGTCAAGACAGAAGGG_014,108
TCAAAGTCAAGACAGAAGGG_015,146
TCAAAGTCAAGACAGAAGGG_016,12
TCAAAGTCAAGACAGAAGGG_017,169
TCAAAGTCAAGACAGAAGGG_018,108
TCAAAGTCAAGACAGAAGGG_019,178
TCAAAGTCAAGACAGAAGGG_020,4
TCAAAGTCAAGACAGAAGGG_021,6
TCAAAGTCAAGACAGAAGGG_022,166
TCAAAGTCAAGACAGAAGGG_023,153
ACCTGATCCCAAAACATGGA_001,113
ACCTGATCCCAAAACATGGA_002,73
ACCTGATCCCAAAACATGGA_003,147
ACCTGATCCCAAAACATGGA_004,134
ACCTGATCCCAAAACATGGA_005,8
ACCTGATCCCAAAACATGGA_006,176
ACCTGATCCCAAAACATGGA_007,119
ACCTGATCCCAAAACATGGA_008,169
ACCTGATCCCAAAACATGGA_009,158
ACCTGATCCCAAAACATGGA_010,158
ACCTGATCCCAAAACATGGA_011,84
ACCTGATCCCAAAACATGGA_012,10
ACCTGATCCCAAAACATGGA_013,121
AGTATAATCCCAGATTCGAA_001,88
AGTATAATCCCAGATTCGAA_002,173
AGTATAATCCCAGATTCGAA_003,105
AGTATAATCCCAGATTCGAA_004,189
AGTATAATCCCAGATTCGAA_005,41
AGTATAATCCCAGATTCGAA_006,150
AGTATAATCCCAGATTCGAA_007,44
AGTATAATCCCAGATTCGAA_008,68
AGTATAATCCCAGATTCGAA_009,57
AGTATAATCCCAGATTCGAA_010,94
CTTGAACTAAGAGTCTCAGG_001,53
CTTGAACTAAGAGTCTCAGG_002,122
CTTGAACTAAGAGTCTCAGG_003,66
CCCCAGGATGCATTATCCCG_001,48
CCCCAGGATGCATTATCCCG_002,68
GTTTCCAAACGTGACGAGGA_001,180
GATGCAGCATACACGTGTGC_001,145
GATGCAGCATACACGTGTGC_002,69
GATGCAGCATACACGTGTGC_003,117
GATGCAGCATACACGTGTGC_004,79
GAGCCCTCGCGGCACAATCG_001,41
GAGCCCTCGCGGCACAATCG_002,94
GAGCCCTCGCGGCACAATCG_003,138
GAGCCCTCGCGGCACAATCG_004,152
GAGCCCTCGCGGCACAATCG_005,158
GAGCCCTCGCGGCACAATCG_006,120
GAGCCCTCGCGGCACAATCG_007,151
GAGCCCTCGCGGCACAATCG_008,160
GAGCCCTCGCGGCACAATCG_009,35
GAGCCCTCGCGGCACAATCG_010,146
GAGCCCTCGCGGCACAATCG_011,22
GAGCCCTCGCGGCACAATCG_012,154
GAGCCCTCGCGGCACAATCG_013,2
GAGCCCTCGCGGCACAATCG_014,133
GAGCCCTCGCGGCACAATCG_015,197
GAGCCCTCGCGGCACAATCG_016,77
GAGCCCTCGCGGCACAATCG_017,116
GAGCCCTCGCGGCACAATCG_018,166
GAGCCCTCGCGGCACAATCG_019,117
GAGCCCTCGCGGCACAATCG_020,149
GAGCCCTCGCGGCACAATCG_021,161
GAGCCCTCGCGGCACAATCG_022,36
GAGCCCTCGCGGCACAATCG_023,180
GAGCCCTCGCGGCACAATCG_024,105
GAGCCCTCGCGGCACAATCG_025,149
GAGCCCTCGCGGCACAATCG_026,178
GAGCCCTCGCGGCACAATCG_027,170
GGAAAAAAAAGAGGGATCCG_001,147
GGAAAAAAAAGAGGGATCCG_002,184
GGAAAAAAAAGAGGGATCCG_003,36
GGAAAAAAAAGAGGGATCCG_004,151
GGAAAAAAAAGAGGGATCCG_005,83
AGGTCCCTGGAACGGATGGA_001,191
AGGTCCCTGGAACGGATGGA_002,129
AGGTCCCTGGAACGGATGGA_003,49
AGGTCCCTGGAACGGATGGA_004,45
AGGTCCCTGGAACGGATGGA_005,20
AGGTCCCTGGAACGGATGGA_006,196
AGGTCCCTGGAACGGATGGA_007,112
AGGTCCCTGGAACGGATGGA_008,181
AGGTCCCTGGAACGGATGGA_009,160
AGGTCCCTGGAACGGATGGA_010,141
AGGTCCCTGGAACGGATGGA_011,57
AGGTCCCTGGAACGGATGGA_012,151
AGGTCCCTGGAACGGATGGA_013,188
AGGTCCCTGGAACGGATGGA_014,61
AGGTCCCTGGAACGGATGGA_015,38
AGGTCCCTGGAACGGATGGA_016,32
AGGTCCCTGGAACGGATGGA_017,31
AGGTCCCTGGAACGGATGGA_018,60
AGGTCCCTGGAACGGATGGA_019,140
AGGTCCCTGGAACGGATGGA_020,97
AGGTCCCTGGAACGGATGGA_021,34
AGGTCCCTGGAACGGATGGA_022,9
AGGTCCCTGGAACGGATGGA_023,34
AGGTCCCTGGAACGGATGGA_024,68
AGGTCCCTGGAACGGATGGA_025,34
AGGTCCCTGGAACGGATGGA_026,166
AGGTCCCTGGAACGGATGGA_027,142
AGGTCCCTGGAACGGATGGA_028,49
AGGTCCCTGGAACGGATGGA_029,169
AGGTCCCTGGAACGGATGGA_030,107
AGGTCCCTGGAACGGATGGA_031,29
AAGTGTATAGAAGCAATCAG_001,88
AAGTGTATAGAAGCAATCAG_002,125
AAGTGTATAGAAGCAATCAG_003,1
AAGTGTATAGAAGCAATCAG_004,54
AAGTGTATAGAAGCAATCAG_005,137
AAGTGTATAGAAGCAATCAG_006,182
AAGTGTATAGAAGCAATCAG_007,48
AAGTGTATAGAAGCAATCAG_008,113
AAGTGTATAGAAGCAATCAG_009,113
AAGTGTATAGAAGCAATCAG_010,36
TCAATTTCTGAAATTTCACA_001,120
TCAATTTCTGAAATTTCACA_002,124
TCAATTTCTGAAATTTCACA_003,27
AGGAAATGAGAGTTGTTGAC_001,178
AGGAAATGAGAGTTGTTGAC_002,88
AGGAAATGAGAGTTGTTGAC_003,32
AGGAAATGAGAGTTGTTGAC_004,19
AGGAAATGAGAGTTGTTGAC_005,166
AGGAAATGAGAGTTGTTGAC_006,36
AGGAAATGAGAGTTGTTGAC_007,77
AGGAAATGAGAGTTGTTGAC_008,170
AGGAAATGAGAGTTGTTGAC_009,56
AGGAAATGAGAGTTGTTGAC_010,168
AGGAAATGAGAGTTGTTGAC_011,147
CATTAGCAGCCCAGCGCCCA_001,147
CATTAGCAGCCCAGCGCCCA_002,158
CATTAGCAGCCCAGCGCCCA_003,29
CATTAGCAGCCCAGCGCCCA_004,53
CATTAGCAGCCCAGCGCCCA_005,68
CATTAGCAGCCCAGCGCCCA_006,147
CATTAGCAGCCCAGCGCCCA_007,105
CATTAGCAGCCCAGCGCCCA_008,119
CATTAGCAGCCCAGCGCCCA_009,8
CATTAGCAGCCCAGCGCCCA_010,146
CATTAGCAGCCCAGCGCCCA_011,177
CATTAGCAGCCCAGCGCCCA_012,57
CATTAGCAGCCCAGCGCCCA_013,69
CATTAGCAGCCCAGCGCCCA_014,149
CATTAGCAGCCCAGCGCCCA_015,23
CATTAGCAGCCCAGCGCCCA_016,171
CATTAGCAGCCCAGCGCCCA_017,149
CATTAGCAGCCCAGCGCCCA_018,149
CATTAGCAGCCCAGCGCCCA_019,57
CATTAGCAGCCCAGCGCCCA_020,60
CATTAGCAGCCCAGCGCCCA_021,133
CATTAGCAGCCCAGCGCCCA_022,67
CATTAGCAGCCCAGCGCCCA_023,176
CATTAGCAGCCCAGCGCCCA_024,41
CATTAGCAGCCCAGCGCCCA_025,108
CATTAGCAGCCCAGCGCCCA_026,59
CATTAGCAGCCCAGCGCCCA_027,22
CATTAGCAGCCCAGCGCCCA_028,3
CATTAGCAGCCCAGCGCCCA_029,2
CATTAGCAGCCCAGCGCCCA_030,77
CATTAGCAGCCCAGCGCCCA_031,77
CATTAGCAGCCCAGCGCCCA_032,50
CATTAGCAGCCCAGCGCCCA_033,193
CATTAGCAGCCCAGCGCCCA_034,66
CATTAGCAGCCCAGCGCCCA_035,84
CATTAGCAGCCCAGCGCCCA_036,90
CATTAGCAGCCCAGCGCCCA_037,62
CATTAGCAGCCCAGCGCCCA_038,148
CATTAGCAGCCCAGCGCCCA_039,40
CATTAGCAGCCCAGCGCCCA_040,10
TGAATTCAGTAACTCACCTG_001,136
TGAATTCAGTAACTCACCTG_002,94
TGAATTCAGTAACTCACCTG_003,49
TGAATTCAGTAACTCACCTG_004,27
TGAATTCAGTAACTCACCTG_005,61
TGAATTCAGTAACTCACCTG_006,119
TGAATTCAGTAACTCACCTG_007,129
TGCAATCACATTCTTCTCTG_001,78
AAGGATCACCACTGGTCACG_001,159
AAGGATCACCACTGGTCACG_002,9
AAGGATCACCACTGGTCACG_003,44
AAGGATCACCACTGGTCACG_004,32
AAGGATCACCACTGGTCACG_005,142
AAGGATCACCACTGGTCACG_006,83
AAGGATCACCACTGGTCACG_007,175
AAGGATCACCACTGGTCACG_008,34
AAGGATCACCACTGGTCACG_009,137
AAGGATCACCACTGGTCACG_010,110
AAGGATCACCACTGGTCACG_011,37
AAGGATCACCACTGGTCACG_012,29
AAGGATCACCACTGGTCACG_013,113
AAGGATCACCACTGGTCACG_014,156
AAGGATCACCACTGGTCACG_015,78
AAGGATCACCACTGGTCACG_016,72
AAGGATCACCACTGGTCACG_017,124
AAGGATCACCACTGGTCACG_018,166
TGCTGCACGAGACCCGCGCG_001,40
TGCTGCACGAGACCCGCGCG_002,152
TGCTGCACGAGACCCGCGCG_003,105
TGCTGCACGAGACCCGCGCG_004,184
TGCTGCACGAGACCCGCGCG_005,14
TGCTGCACGAGACCCGCGCG_006,145
TGCTGCACGAGACCCGCGCG_007,169
TGCTGCACGAGACCCGCGCG_008,105
CATATAGGTACAGTAGCAGA_001,187
CATATAGGTACAGTAGCAGA_002,122
CATATAGGTACAGTAGCAGA_003,185
GACTTGCATCACGGAGATGT_001,90
GACTTGCATCACGGAGATGT_002,50
GACTTGCATCACGGAGATGT_003,190
GACTTGCATCACGGAGATGT_004,165
TGGAGGAGTGAATCAGCTTG_001,61
TGGAGGAGTGAATCAGCTTG_002,88
TTCTCCACTTCCGACAAGTC_001,94
TTCTCCACTTCCGACAAGTC_002,157
TTCTCCACTTCCGACAAGTC_003,102
TTCTCCACTTCCGACAAGTC_004,34
TTCTCCACTTCCGACAAGTC_005,188
GTCGCTCTCCAATCTTAACC_001,78
GTCGCTCTCCAATCTTAACC_002,114
GTCGCTCTCCAATCTTAACC_003,62
CTGGCAGGGAAACAGAGCAC_001,105
CTGGCAGGGAAACAGAGCAC_002,95
CTGGCAGGGAAACAGAGCAC_003,74
CTGGCAGGGAAACAGAGCAC_004,70
CTGGCAGGGAAACAGAGCAC_005,102
CTGGCAGGGAAACAGAGCAC_006,150
CTGGCAGGGAAACAGAGCAC_007,12
CTGGCAGGGAAACAGAGCAC_008,9
CTGGCAGGGAAACAGAGCAC_009,122
CTGGCAGGGAAACAGAGCAC_010,5
CTGGCAGGGAAACAGAGCAC_011,19
CTGGCAGGGAAACAGAGCAC_012,177
CTGGCAGGGAAACAGAGCAC_013,74
CTGGCAGGGAAACAGAGCAC_014,104
CTGGCAGGGAAACAGAGCAC_015,58
CTGGCAGGGAAACAGAGCAC_016,163
CTGGCAGGGAAACAGAGCAC_017,84
CTGGCAGGGAAACAGAGCAC_018,82
CTGGCAGGGAAACAGAGCAC_019,19
CTGGCAGGGAAACAGAGCAC_020,48
CTGGCAGGGAAACAGAGCAC_021,113
CTGGCAGGGAAACAGAGCAC_022,36
CTGGCAGGGAAACAGAGCAC_023,148
CTGGCAGGGAAACAGAGCAC_024,92
CTGGCAGGGAAACAGAGCAC_025,77
CTGGCAGGGAAACAGAGCAC_026,72
CTGGCAGGGAAACAGAGCAC_027,34
CTGGCAGGGAAACAGAGCAC_028,56
CTGGCAGGGAAACAGAGCAC_029,63
CTGGCAGGGAAACAGAGCAC_030,182
ACGGTTTCGGACGATCACAA_001,105
ACGGTTTCGGACGATCACAA_002,173
ACGGTTTCGGACGATCACAA_003,49
ACGGTTTCGGACGATCACAA_004,144
ACGGTTTCGGACGATCACAA_005,183
ACGGTTTCGGACGATCACAA_006,94
ACGGTTTCGGACGATCACAA_007,62
ACGGTTTCGGACGATCACAA_008,105
ACGGTTTCGGACGATCACAA_009,140
ACGGTTTCGGACGATCACAA_010,76
ACGGTTTCGGACGATCACAA_011,169
ACGGTTTCGGACGATCACAA_012,162
ACGGTTTCGGACGATCACAA_013,138
ACGGTTTCGGACGATCACAA_014,136
ACGGTTTCGGACGATCACAA_015,92
ACGGTTTCGGACGATCACAA_016,78
ACGGTTTCGGACGATCACAA_017,19
ACGGTTTCGGACGATCACAA_018,104
ACGGTTTCGGACGATCACAA_019,37
ACGGTTTCGGACGATCACAA_020,198
ACGGTTTCGGACGATCACAA_021,78
ACGGTTTCGGACGATCACAA_022,74
GCGTGCGCGCAGGTTCCGAG_001,102
GCGTGCGCGCAGGTTCCGAG_002,11
GCGTGCGCGCAGGTTCCGAG_003,142
GCGTGCGCGCAGGTTCCGAG_004,162
GCGTGCGCGCAGGTTCCGAG_005,123
GCGTGCGCGCAGGTTCCGAG_006,59
GCGTGCGCGCAGGTTCCGAG_007,46
GCGTGCGCGCAGGTTCCGAG_008,138
GCGTGCGCGCAGGTTCCGAG_009,34
GCGTGCGCGCAGGTTCCGAG_010,19
GCGTGCGCGCAGGTTCCGAG_011,49
GCGTGCGCGCAGGTTCCGAG_012,51
GCGTGCGCGCAGGTTCCGAG_013,146
GCGTGCGCGCAGGTTCCGAG_014,77
GCGTGCGCGCAGGTTCCGAG_015,7
GCGTGCGCGCAGGTTCCGAG_016,160
GCGTGCGCGCAGGTTCCGAG_017,162
GCGTGCGCGCAGGTTCCGAG_018,188
GCGTGCGCGCAGGTTCCGAG_019,103
GCGTGCGCGCAGGTTCCGAG_020,113
GCGTGCGCGCAGGTTCCGAG_021,49
GCGTGCGCGCAGGTTCCGAG_022,50
GCGTGCGCGCAGGTTCCGAG_023,19
GCGTGCGCGCAGGTTCCGAG_024,40
GCGTGCGCGCAGGTTCCGAG_025,168
GCGTGCGCGCAGGTTCCGAG_026,105
GCGTGCGCGCAGGTTCCGAG_027,3
GCGTGCGCGCAGGTTCCGAG_028,166
GCGTGCGCGCAGGTTCCGAG_029,103
GCGTGCGCGCAGGTTCCGAG_030,12
GCGTGCGCGCAGGTTCCGAG_031,33
CTGATCAGAACAATCTCCCT_001,77
CTGATCAGAACAATCTCCCT_002,83
CTGATCAGAACAATCTCCCT_003,109
CTGATCAGAACAATCTCCCT_004,109
GGGGAAGGGTTAGTATTGTG_001,19
GGGGAAGGGTTAGTATTGTG_002,188
GGGGAAGGGTTAGTATTGTG_003,2
GGGGAAGGGTTAGTATTGTG_004,26
GGGGAAGGGTTAGTATTGTG_005,50
GGGGAAGGGTTAGTATTGTG_006,39
GGGGAAGGGTTAGTATTGTG_007,13
CGATATAAGTTGCAAATGAG_001,2
CGATATAAGTTGCAAATGAG_002,144
CTCTGAAGCACACTACACTG_001,159
CTCTGAAGCACACTACACTG_002,41
CTCTGAAGCACACTACACTG_003,160
CACCGCCGCGGGACTCCCAG_001,58
CACCGCCGCGGGACTCCCAG_002,139
CACCGCCGCGGGACTCCCAG_003,139
CACCGCCGCGGGACTCCCAG_004,70
CACCGCCGCGGGACTCCCAG_005,45
CACCGCCGCGGGACTCCCAG_006,23
CACCGCCGCGGGACTCCCAG_007,52
CACCGCCGCGGGACTCCCAG_008,62
CACCGCCGCGGGACTCCCAG_009,65
CACCGCCGCGGGACTCCCAG_010,94
CACCGCCGCGGGACTCCCAG_011,88
CACCGCCGCGGGACTCCCAG_012,198
CACCGCCGCGGGACTCCCAG_013,21
CACCGCCGCGGGACTCCCAG_014,160
CACCGCCGCGGGACTCCCAG_015,82
CACCGCCGCGGGACTCCCAG_016,197
CATGAGCGCATTGAATAATA_001,115
AGGACTCACCTCATAGACGG_001,127
AGGACTCACCTCATAGACGG_002,77
AGGACTCACCTCATAGACGG_003,40
AGGACTCACCTCATAGACGG_004,2
AGGACTCACCTCATAGACGG_005,172
AGGACTCACCTCATAGACGG_006,22
AGGACTCACCTCATAGACGG_007,132
ACACGGTAGAGTTCTACCGC_001,158
ACACGGTAGAGTTCTACCGC_002,7
ACACGGTAGAGTTCTACCGC_003,94
ACTTCAGGGAGTCAACGGTG_001,121
ACTTCAGGGAGTCAACGGTG_002,10
ACTTCAGGGAGTCAACGGTG_003,19
ACTTCAGGGAGTCAACGGTG_004,50
ACTTCAGGGAGTCAACGGTG_005,76
ACTTCAGGGAGTCAACGGTG_006,8
ACTTCAGGGAGTCAACGGTG_007,161
ACTTCAGGGAGTCAACGGTG_008,77
ACTTCAGGGAGTCAACGGTG_009,175
ACTTCAGGGAGTCAACGGTG_010,147
ACTTCAGGGAGTCAACGGTG_011,46
ACAGCCTCGTACATACCCGA_001,100
ACAGCCTCGTACATACCCGA_002,58
ACAGCCTCGTACATACCCGA_003,171
ACAGCCTCGTACATACCCGA_004,129
ACAGCCTCGTACATACCCGA_005,9
ACAGCCTCGTACATACCCGA_006,94
ACAGCCTCGTACATACCCGA_007,184
ACAGCCTCGTACATACCCGA_008,70
GGTTGTCTTTCTGGATGTGA_001,19
GGTTGTCTTTCTGGATGTGA_002,76
TTCATCTATGGCATTTGTAG_001,39
TTCATCTATGGCATTTGTAG_002,169
CACGCGGTAGCTGACCACAC_001,76
CACGCGGTAGCTGACCACAC_002,140
CACGCGGTAGCTGACCACAC_003,113
CACGCGGTAGCTGACCACAC_004,72
CACGCGGTAGCTGACCACAC_005,199
CACGCGGTAGCTGACCACAC_006,141
GCTGTTTGTGCCGCCCAACG_001,191
GCTGTTTGTGCCGCCCAACG_002,103
GCTGTTTGTGCCGCCCAACG_003,48
GCTGTTTGTGCCGCCCAACG_004,57
GCTGTTTGTGCCGCCCAACG_005,70
GCTGTTTGTGCCGCCCAACG_006,66
AGGCAAAACCTCTACCTGGT_001,178
AGGCAAAACCTCTACCTGGT_002,175
AGGCAAAACCTCTACCTGGT_003,158
AGGCAAAACCTCTACCTGGT_004,118
AGGCAAAACCTCTACCTGGT_005,5
AGGCAAAACCTCTACCTGGT_006,68
AGGCAAAACCTCTACCTGGT_007,56
GCTGTTAAGACCAGCCGTTG_001,69
GCTGTTAAGACCAGCCGTTG_002,51
GCTGTTAAGACCAGCCGTTG_003,164
GCTGTTAAGACCAGCCGTTG_004,27
GCTGTTAAGACCAGCCGTTG_005,69
GCTGTTAAGACCAGCCGTTG_006,191
GCTGTTAAGACCAGCCGTTG_007,65
AATCAGCCTCCCATCGCCAA_001,1
AATCAGCCTCCCATCGCCAA_002,158
AATCAGCCTCCCATCGCCAA_003,80
AATCAGCCTCCCATCGCCAA_004,114
AATCAGCCTCCCATCGCCAA_005,1
AATCAGCCTCCCATCGCCAA_006,119
AATCAGCCTCCCATCGCCAA_007,144
AATCAGCCTCCCATCGCCAA_008,98
AATCAGCCTCCCATCGCCAA_009,155
AATCAGCCTCCCATCGCCAA_010,11
AATCAGCCTCCCATCGCCAA_011,81
AATCAGCCTCCCATCGCCAA_012,102
AATCAGCCTCCCATCGCCAA_013,72
AATCAGCCTCCCATCGCCAA_014,0
AATCAGCCTCCCATCGCCAA_015,40
AATCAGCCTCCCATCGCCAA_016,41
AATCAGCCTCCCATCGCCAA_017,42
AATCAGCCTCCCATCGCCAA_018,198
AATCAGCCTCCCATCGCCAA_019,146
AATCAGCCTCCCATCGCCAA_020,138
AATCAGCCTCCCATCGCCAA_021,155
AATCAGCCTCCCATCGCCAA_022,149
AATCAGCCTCCCATCGCCAA_023,1
GTATGTATTGGCGTTGAAAG_001,168
GTATGTATTGGCGTTGAAAG_002,130
GTATGTATTGGCGTTGAAAG_003,29
GTATGTATTGGCGTTGAAAG_004,166
GTATGTATTGGCGTTGAAAG_005,154
GTATGTATTGGCGTTGAAAG_006,1
GTATGTATTGGCGTTGAAAG_007,126
TTACCCTAAGTGTCGGTCTG_001,70
TTACCCTAAGTGTCGGTCTG_002,91
TTACCCTAAGTGTCGGTCTG_003,84
TTACCCTAAGTGTCGGTCTG_004,194
TTACCCTAAGTGTCGGTCTG_005,36
TTACCCTAAGTGTCGGTCTG_006,36
TTACCCTAAGTGTCGGTCTG_007,149
TTACCCTAAGTGTCGGTCTG_008,43
TTACCCTAAGTGTCGGTCTG_009,37
TTACCCTAAGTGTCGGTCTG_010,7
TTACCCTAAGTGTCGGTCTG_011,103
GTGTCCGCAGAGGCCGAGCA_001,193
GTGTCCGCAGAGGCCGAGCA_002,182
GTGTCCGCAGAGGCCGAGCA_003,139
GTGTCCGCAGAGGCCGAGCA_004,171
GTGTCCGCAGAGGCCGAGCA_005,62
GTGTCCGCAGAGGCCGAGCA_006,4
GTGTCCGCAGAGGCCGAGCA_007,72
GTGTCCGCAGAGGCCGAGCA_008,32
GTGTCCGCAGAGGCCGAGCA_009,150
GTGTCCGCAGAGGCCGAGCA_010,7
GTGTCCGCAGAGGCCGAGCA_011,128
GTGTCCGCAGAGGCCGAGCA_012,163
GTGTCCGCAGAGGCCGAGCA_013,194
GTGTCCGCAGAGGCCGAGCA_014,193
GTGTCCGCAGAGGCCGAGCA_015,60
GTGTCCGCAGAGGCCGAGCA_016,58
GTGTCCGCAGAGGCCGAGCA_017,29
GTGTCCGCAGAGGCCGAGCA_018,149
GTGTCCGCAGAGGCCGAGCA_019,77
GTGTCCGCAGAGGCCGAGCA_020,40
GTGTCCGCAGAGGCCGAGCA_021,55
GTGTCCGCAGAGGCCGAGCA_022,96
GTGTCCGCAGAGGCCGAGCA_023,93
GTGTCCGCAGAGGCCGAGCA_024,93
GTGTCCGCAGAGGCCGAGCA_025,60
GTGTCCGCAGAGGCCGAGCA_026,58
GTGTCCGCAGAGGCCGAGCA_027,190
GTGTCCGCAGAGGCCGAGCA_028,2
GTGTCCGCAGAGGCCGAGCA_029,88
GTGTCCGCAGAGGCCGAGCA_030,60
GTGTCCGCAGAGGCCGAGCA_031,146
GTGTCCGCAGAGGCCGAGCA_032,119
GTGTCCGCAGAGGCCGAGCA_033,107
GTGTCCGCAGAGGCCGAGCA_034,50
GTGTCCGCAGAGGCCGAGCA_035,53
GTGTCCGCAGAGGCCGAGCA_036,0
GTGTCCGCAGAGGCCGAGCA_037,184
GTGTCCGCAGAGGCCGAGCA_038,9
GTGTCCGCAGAGGCCGAGCA_039,28
GTTCAACGACCAGAGTGCCT_001,115
GTTCAACGACCAGAGTGCCT_002,32
GTTCAACGACCAGAGTGCCT_003,29
GTTCAACGACCAGAGTGCCT_004,169
GTTCAACGACCAGAGTGCCT_005,83
GTTCAACGACCAGAGTGCCT_006,130
GTTCAACGACCAGAGTGCCT_007,152
ACTCTATAGGAAATTAACAG_001,132
ACTCTATAGGAAATTAACAG_002,44
ACTCTATAGGAAATTAACAG_003,118
ACTCTATAGGAAATTAACAG_004,140
ACTCTATAGGAAATTAACAG_005,161
ACTCTATAGGAAATTAACAG_006,8
ACTCTATAGGAAATTAACAG_007,88
ACTCTATAGGAAATTAACAG_008,139
ACTCTATAGGAAATTAACAG_009,14
TCCTTACCCCGACACCAGGT_001,75
TCCTTACCCCGACACCAGGT_002,77
TCCTTACCCCGACACCAGGT_003,22
TCCTTACCCCGACACCAGGT_004,166
TCCTTACCCCGACACCAGGT_005,141
TCCTTACCCCGACACCAGGT_006,60
TCCTTACCCCGACACCAGGT_007,28
TGCCACAACAGCGGCACAGG_001,168
TGCCACAACAGCGGCACAGG_002,9
TGCCACAACAGCGGCACAGG_003,84
TGCCACAACAGCGGCACAGG_004,127
TGCCACAACAGCGGCACAGG_005,170
TGCCACAACAGCGGCACAGG_006,142
TGCCACAACAGCGGCACAGG_007,102
GTGCACCAACTGAAGTACAC_001,49
GTGCACCAACTGAAGTACAC_002,23
GTGCACCAACTGAAGTACAC_003,85
GTGCACCAACTGAAGTACAC_004,149
GTGCACCAACTGAAGTACAC_005,118
GTGCACCAACTGAAGTACAC_006,195
GTGCACCAACTGAAGTACAC_007,68
GTGCACCAACTGAAGTACAC_008,134
GTGCACCAACTGAAGTACAC_009,35
GTGCACCAACTGAAGTACAC_010,54
GTGCACCAACTGAAGTACAC_011,18
GTGCACCAACTGAAGTACAC_012,81
GTGCACCAACTGAAGTACAC_013,185
GTGCACCAACTGAAGTACAC_014,19
GTGCACCAACTGAAGTACAC_015,26
ACGTTGGTCAAAGCATCGGG_001,96
ACGTTGGTCAAAGCATCGGG_002,148
ACGTTGGTCAAAGCATCGGG_003,111
ACGTTGGTCAAAGCATCGGG_004,105
ACGTTGGTCAAAGCATCGGG_005,97
ACGTTGGTCAAAGCATCGGG_006,113
ACGTTGGTCAAAGCATCGGG_007,159
ACGTTGGTCAAAGCATCGGG_008,19
ACGTTGGTCAAAGCATCGGG_009,73
ACGTTGGTCAAAGCATCGGG_010,98
ACGTTGGTCAAAGCATCGGG_011,80
ACGTTGGTCAAAGCATCGGG_012,62
ACGTTGGTCAAAGCATCGGG_013,9
ACGTTGGTCAAAGCATCGGG_014,16
ACGTTGGTCAAAGCATCGGG_015,28
ACGTTGGTCAAAGCATCGGG_016,50
ACGTTGGTCAAAGCATCGGG_017,91
AAATAAAAGGTCTTGATCTG_001,106
AAATAAAAGGTCTTGATCTG_002,2
AAATAAAAGGTCTTGATCTG_003,168
AAATAAAAGGTCTTGATCTG_004,5
AAATAAAAGGTCTTGATCTG_005,141
AATGTCCGCACAGTTAACAA_001,11
AATGTCCGCACAGTTAACAA_002,58
AATGTCCGCACAGTTAACAA_003,53
AATGTCCGCACAGTTAACAA_004,4
AATGTCCGCACAGTTAACAA_005,176
AATGTCCGCACAGTTAACAA_006,129
AATGTCCGCACAGTTAACAA_007,157
AATGTCCGCACAGTTAACAA_008,141
AATGTCCGCACAGTTAACAA_009,95
AATGTCCGCACAGTTAACAA_010,141
AATGTCCGCACAGTTAACAA_011,40
AATGTCCGCACAGTTAACAA_012,78
AATGTCCGCACAGTTAACAA_013,1
CTAAACTACAGGATACCAGA_001,54
CTAAACTACAGGATACCAGA_002,94
CTAAACTACAGGATACCAGA_003,38
CTTCTTGATACTGATCCGAC_001,12
CTTCTTGATACTGATCCGAC_002,166
CTTCTTGATACTGATCCGAC_003,74
CTTCTTGATACTGATCCGAC_004,88
CTTCTTGATACTGATCCGAC_005,80
CTTCTTGATACTGATCCGAC_006,29
CTTCTTGATACTGATCCGAC_007,189
AAGGTGATGAGGGACAACAG_001,21
AAGGTGATGAGGGACAACAG_002,140
AAGGTGATGAGGGACAACAG_003,38
AAGGTGATGAGGGACAACAG_004,133
TCTGCCTTTCTAGGCTAACA_001,88
TCTGCCTTTCTAGGCTAACA_002,168
TCTGCCTTTCTAGGCTAACA_003,169
AGGTCCAGGGAGGTCACGCG_001,95
AGGTCCAGGGAGGTCACGCG_002,170
AGGTCCAGGGAGGTCACGCG_003,166
AGGTCCAGGGAGGTCACGCG_004,58
AGGTCCAGGGAGGTCACGCG_005,65
AGGTCCAGGGAGGTCACGCG_006,58
AGGTCCAGGGAGGTCACGCG_007,8
AGGTCCAGGGAGGTCACGCG_008,23
AGGTCCAGGGAGGTCACGCG_009,2
AGGTCCAGGGAGGTCACGCG_010,150
AGGTCCAGGGAGGTCACGCG_011,172
AGGTCCAGGGAGGTCACGCG_012,182
AGGTCCAGGGAGGTCACGCG_013,135
AGGTCCAGGGAGGTCACGCG_014,65
AGGTCCAGGGAGGTCACGCG_015,133
AGGTCCAGGGAGGTCACGCG_016,36
AGGTCCAGGGAGGTCACGCG_017,41
AGGTCCAGGGAGGTCACGCG_018,105
AGGTCCAGGGAGGTCACGCG_019,63
AGGTCCAGGGAGGTCACGCG_020,121
AGGTCCAGGGAGGTCACGCG_021,1
AGGTCCAGGGAGGTCACGCG_022,112
AGGTCCAGGGAGGTCACGCG_023,173
AGGTCCAGGGAGGTCACGCG_024,103
AGGTCCAGGGAGGTCACGCG_025,61
AGGTCCAGGGAGGTCACGCG_026,197
AGGTCCAGGGAGGTCACGCG_027,88
AGGTCCAGGGAGGTCACGCG_028,115
AGGTCCAGGGAGGTCACGCG_029,86
AGGTCCAGGGAGGTCACGCG_030,19
AGGTCCAGGGAGGTCACGCG_031,17
AGGTCCAGGGAGGTCACGCG_032,16
AGGTCCAGGGAGGTCACGCG_033,109
AGGTCCAGGGAGGTCACGCG_034,159
AGGTCCAGGGAGGTCACGCG_035,3
AGGTCCAGGGAGGTCACGCG_036,70
AGGTCCAGGGAGGTCACGCG_037,113
AGGTCCAGGGAGGTCACGCG_038,95
AGGTCCAGGGAGGTCACGCG_039,138
AGGTCCAGGGAGGTCACGCG_040,70
AGGTCCAGGGAGGTCACGCG_041,26
AGGTCCAGGGAGGTCACGCG_042,26
AGGTCCAGGGAGGTCACGCG_043,91
AGGTCCAGGGAGGTCACGCG_044,26
AGGTCCAGGGAGGTCACGCG_045,110
AGGTCCAGGGAGGTCACGCG_046,13
AGGTCCAGGGAGGTCACGCG_047,81
AGGTCCAGGGAGGTCACGCG_048,144
AGGTCCAGGGAGGTCACGCG_049,191
AGGTCCAGGGAGGTCACGCG_050,19
AGGTCCAGGGAGGTCACGCG_051,63
AGGTCCAGGGAGGTCACGCG_052,39
AGGTCCAGGGAGGTCACGCG_053,124
AGGTCCAGGGAGGTCACGCG_054,15
AGGTCCAGGGAGGTCACGCG_055,77
AGGTCCAGGGAGGTCACGCG_056,19
AGGTCCAGGGAGGTCACGCG_057,48
AGGTCCAGGGAGGTCACGCG_058,152
AGGTCCAGGGAGGTCACGCG_059,35
AGGTCCAGGGAGGTCACGCG_060,46
AGGTCCAGGGAGGTCACGCG_061,116
AGGTCCAGGGAGGTCACGCG_062,191
AGGTCCAGGGAGGTCACGCG_063,188
AGGTCCAGGGAGGTCACGCG_064,19
AGGTCCAGGGAGGTCACGCG_065,98
AGGTCCAGGGAGGTCACGCG_066,52
AGGTCCAGGGAGGTCACGCG_067,148
ACGTTCTCAGTTGTTCCTAG_001,110
ACGTTCTCAGTTGTTCCTAG_002,78
ACGTTCTCAGTTGTTCCTAG_003,187
ACGTTCTCAGTTGTTCCTAG_004,191
ACGTTCTCAGTTGTTCCTAG_005,19
ACGTTCTCAGTTGTTCCTAG_006,50
ACGTTCTCAGTTGTTCCTAG_007,133
ACGTTCTCAGTTGTTCCTAG_008,23
ACGTTCTCAGTTGTTCCTAG_009,23
ACGTTCTCAGTTGTTCCTAG_010,103
ACGTTCTCAGTTGTTCCTAG_011,141
CGTACGAAGCCAGTACCACT_001,88
CGTACGAAGCCAGTACCACT_002,2
CGTACGAAGCCAGTACCACT_003,34
CGTACGAAGCCAGTACCACT_004,40
CGTACGAAGCCAGTACCACT_005,158
CGTACGAAGCCAGTACCACT_006,67
CGTACGAAGCCAGTACCACT_007,47
CGTACGAAGCCAGTACCACT_008,114
CGTACGAAGCCAGTACCACT_009,58
CGTACGAAGCCAGTACCACT_010,155
CGTACGAAGCCAGTACCACT_011,77
CGTACGAAGCCAGTACCACT_012,32
CGTACGAAGCCAGTACCACT_013,162
CGTACGAAGCCAGTACCACT_014,38
CGTACGAAGCCAGTACCACT_015,199
CGTACGAAGCCAGTACCACT_016,184
CGTACGAAGCCAGTACCACT_017,19
CGTACGAAGCCAGTACCACT_018,68
CGTACGAAGCCAGTACCACT_019,165
CGTACGAAGCCAGTACCACT_020,52
CGTACGAAGCCAGTACCACT_021,62
CGTACGAAGCCAGTACCACT_022,66
CGTACGAAGCCAGTACCACT_023,168
GCAGCATGTCAAGTTTGGCA_001,86
GCAGCATGTCAAGTTTGGCA_002,189
GCAGCATGTCAAGTTTGGCA_003,74
GCAGCATGTCAAGTTTGGCA_004,61
GCAGCATGTCAAGTTTGGCA_005,28
GCAGCATGTCAAGTTTGGCA_006,123
GCAGCATGTCAAGTTTGGCA_007,95
GCAGCATGTCAAGTTTGGCA_008,50
GCAGCATGTCAAGTTTGGCA_009,57
GCAGCATGTCAAGTTTGGCA_010,41
GCAGCATGTCAAGTTTGGCA_011,19
GCAGCATGTCAAGTTTGGCA_012,37
GCAGCATGTCAAGTTTGGCA_013,49
GCAGCATGTCAAGTTTGGCA_014,176
CTGCGAGACCTACATGTCGG_001,126
CTGCGAGACCTACATGTCGG_002,133
CTGCGAGACCTACATGTCGG_003,37
CTGCGAGACCTACATGTCGG_004,130
TGTAACCAACTACATCTGTG_001,94
TGTAACCAACTACATCTGTG_002,27
TGTAACCAACTACATCTGTG_003,147
TGTAACCAACTACATCTGTG_004,139
CCTGTACTTCCGGGACACTG_001,146
CCTGTACTTCCGGGACACTG_002,43
CCTGTACTTCCGGGACACTG_003,174
CCTGTACTTCCGGGACACTG_004,53
CCTGTACTTCCGGGACACTG_005,56
CCTGTACTTCCGGGACACTG_006,98
CCTGTACTTCCGGGACACTG_007,94
CCTGTACTTCCGGGACACTG_008,42
CCTGTACTTCCGGGACACTG_009,165
CCTGTACTTCCGGGACACTG_010,47
CCTGTACTTCCGGGACACTG_011,58
CCTGTACTTCCGGGACACTG_012,59
CCTGTACTTCCGGGACACTG_013,12
CCTGTACTTCCGGGACACTG_014,170
CCTGTACTTCCGGGACACTG_015,160
CCTGTACTTCCGGGACACTG_016,96
CCTGTACTTCCGGGACACTG_017,144
CCTGTACTTCCGGGACACTG_018,63
CCTGTACTTCCGGGACACTG_019,62
CCTGTACTTCCGGGACACTG_020,180
CCTGTACTTCCGGGACACTG_021,114
CCTGTACTTCCGGGACACTG_022,114
CCTGTACTTCCGGGACACTG_023,49
CCTGTACTTCCGGGACACTG_024,121
CCTGTACTTCCGGGACACTG_025,48
CCTGTACTTCCGGGACACTG_026,33
CCTGTACTTCCGGGACACTG_027,81
CCTGTACTTCCGGGACACTG_028,67
CACATGCCCAAGCAGCACCA_001,26
CACATGCCCAAGCAGCACCA_002,182
CACATGCCCAAGCAGCACCA_003,62
CACATGCCCAAGCAGCACCA_004,12
CACATGCCCAAGCAGCACCA_005,147
CACATGCCCAAGCAGCACCA_006,127
CACATGCCCAAGCAGCACCA_007,67
CACATGCCCAAGCAGCACCA_008,149
CACATGCCCAAGCAGCACCA_009,78
CACATGCCCAAGCAGCACCA_010,127
CACATGCCCAAGCAGCACCA_011,106
CACATGCCCAAGCAGCACCA_012,8
CACATGCCCAAGCAGCACCA_013,160
CACATGCCCAAGCAGCACCA_014,159
CACATGCCCAAGCAGCACCA_015,60
CACATGCCCAAGCAGCACCA_016,160
CACATGCCCAAGCAGCACCA_017,44
CACATGCCCAAGCAGCACCA_018,190
CACATGCCCAAGCAGCACCA_019,134
CACATGCCCAAGCAGCACCA_020,78
CACATGCCCAAGCAGCACCA_021,29
CACATGCCCAAGCAGCACCA_022,18
CACATGCCCAAGCAGCACCA_023,144
CACATGCCCAAGCAGCACCA_024,78
CACATGCCCAAGCAGCACCA_025,56
CACATGCCCAAGCAGCACCA_026,158
CACATGCCCAAGCAGCACCA_027,170
CACATGCCCAAGCAGCACCA_028,112
CACATGCCCAAGCAGCACCA_029,95
CACATGCCCAAGCAGCACCA_030,69
CACATGCCCAAGCAGCACCA_031,75
CACATGCCCAAGCAGCACCA_032,58
CACATGCCCAAGCAGCACCA_033,61
CACATGCCCAAGCAGCACCA_034,21
CACATGCCCAAGCAGCACCA_035,87
CACATGCCCAAGCAGCACCA_036,116
CACATGCCCAAGCAGCACCA_037,118
CACATGCCCAAGCAGCACCA_038,42
CACATGCCCAAGCAGCACCA_039,154
CACATGCCCAAGCAGCACCA_040,145
CACATGCCCAAGCAGCACCA_041,162
CACATGCCCAAGCAGCACCA_042,76
CACATGCCCAAGCAGCACCA_043,70
CACATGCCCAAGCAGCACCA_044,154
CACATGCCCAAGCAGCACCA_045,159
CACATGCCCAAGCAGCACCA_046,41
CACATGCCCAAGCAGCACCA_047,116
CACATGCCCAAGCAGCACCA_048,63
CACATGCCCAAGCAGCACCA_049,34
CACATGCCCAAGCAGCACCA_050,138
CACATGCCCAAGCAGCACCA_051,174
CACATGCCCAAGCAGCACCA_052,106
CACATGCCCAAGCAGCACCA_053,144
CACATGCCCAAGCAGCACCA_054,69
CACATGCCCAAGCAGCACCA_055,35
CACATGCCCAAGCAGCACCA_056,114
CACATGCCCAAGCAGCACCA_057,63
CACATGCCCAAGCAGCACCA_058,160
CACATGCCCAAGCAGCACCA_059,64
CACATGCCCAAGCAGCACCA_060,77
CACATGCCCAAGCAGCACCA_061,77
CACATGCCCAAGCAGCACCA_062,11
CTTCGTCAGCAGCAAATCTG_001,23
CTTCGTCAGCAGCAAATCTG_002,170
CTTCGTCAGCAGCAAATCTG_003,191
CTTCGTCAGCAGCAAATCTG_004,170
CTTCGTCAGCAGCAAATCTG_005,193
CTTCGTCAGCAGCAAATCTG_006,113
CTTCGTCAGCAGCAAATCTG_007,17
CTTCGTCAGCAGCAAATCTG_008,105
CTTCGTCAGCAGCAAATCTG_009,156
CTTCGTCAGCAGCAAATCTG_010,150
CTTCGTCAGCAGCAAATCTG_011,27
CTTCGTCAGCAGCAAATCTG_012,2
CTTCGTCAGCAGCAAATCTG_013,96
CTTCGTCAGCAGCAAATCTG_014,159
CTTCGTCAGCAGCAAATCTG_015,140
CTTCGTCAGCAGCAAATCTG_016,48
CTTCGTCAGCAGCAAATCTG_017,145
CTTCGTCAGCAGCAAATCTG_018,114
CTTCGTCAGCAGCAAATCTG_019,160
CTTCGTCAGCAGCAAATCTG_020,160
CTTCGTCAGCAGCAAATCTG_021,97
CTTCGTCAGCAGCAAATCTG_022,78
CTTCGTCAGCAGCAAATCTG_023,179
GAACACCATGCTCCCAACCG_001,11
GAACACCATGCTCCCAACCG_002,94
GAACACCATGCTCCCAACCG_003,172
GAACACCATGCTCCCAACCG_004,69
GAACACCATGCTCCCAACCG_005,158
GAACACCATGCTCCCAACCG_006,40
GAACACCATGCTCCCAACCG_007,94
GAACACCATGCTCCCAACCG_008,107
GAACACCATGCTCCCAACCG_009,102
GAACACCATGCTCCCAACCG_010,175
GAACACCATGCTCCCAACCG_011,69
ATGAAGAGAGCCAATAACCA_001,53
ATGAAGAGAGCCAATAACCA_002,141
ATGAAGAGAGCCAATAACCA_003,141
ATGAAGAGAGCCAATAACCA_004,118
ATGAAGAGAGCCAATAACCA_005,43
ATGAAGAGAGCCAATAACCA_006,15
ATGAAGAGAGCCAATAACCA_007,80
ATGAAGAGAGCCAATAACCA_008,27
ATGAAGAGAGCCAATAACCA_009,117
TGTGCGCACAGGATCTGACA_001,158
TGTGCGCACAGGATCTGACA_002,114
TGTGCGCACAGGATCTGACA_003,55
TGTGCGCACAGGATCTGACA_004,76
ATGGGTTCCAAGTTGTTCAG_001,112
ATGGGTTCCAAGTTGTTCAG_002,77
ATGGGTTCCAAGTTGTTCAG_003,198
ATGGGTTCCAAGTTGTTCAG_004,168
ATGGGTTCCAAGTTGTTCAG_005,85
ATGGGTTCCAAGTTGTTCAG_006,33
ATGGGTTCCAAGTTGTTCAG_007,102
ATGGGTTCCAAGTTGTTCAG_008,69
ATGGGTTCCAAGTTGTTCAG_009,82
ATGGGTTCCAAGTTGTTCAG_010,103
ATGGGTTCCAAGTTGTTCAG_011,60
ATGGGTTCCAAGTTGTTCAG_012,92
ATGGGTTCCAAGTTGTTCAG_013,81
ATGGGTTCCAAGTTGTTCAG_014,188
ATGGGTTCCAAGTTGTTCAG_015,153
ATGGGTTCCAAGTTGTTCAG_016,7
ATGGGTTCCAAGTTGTTCAG_017,160
ATGGGTTCCAAGTTGTTCAG_018,130
ATGGGTTCCAAGTTGTTCAG_019,24
ATGGGTTCCAAGTTGTTCAG_020,57
ATGGGTTCCAAGTTGTTCAG_021,175
ATGGGTTCCAAGTTGTTCAG_022,103
ATGGGTTCCAAGTTGTTCAG_023,103
ATGGGTTCCAAGTTGTTCAG_024,197
ATGGGTTCCAAGTTGTTCAG_025,4
ATGGGTTCCAAGTTGTTCAG_026,107
ATGGGTTCCAAGTTGTTCAG_027,122
ATGGGTTCCAAGTTGTTCAG_028,19
ATGGGTTCCAAGTTGTTCAG_029,82
ATGGGTTCCAAGTTGTTCAG_030,123
ATGGGTTCCAAGTTGTTCAG_031,153
ATGGGTTCCAAGTTGTTCAG_032,29
TTAAAGCAAAGACCACCCTG_001,34
TTAAAGCAAAGACCACCCTG_002,154
TTAAAGCAAAGACCACCCTG_003,28
TTAAAGCAAAGACCACCCTG_004,118
TTAAAGCAAAGACCACCCTG_005,65
TTAAAGCAAAGACCACCCTG_006,121
TTAAAGCAAAGACCACCCTG_007,29
TTAAAGCAAAGACCACCCTG_008,37
TTAAAGCAAAGACCACCCTG_009,127
TTAAAGCAAAGACCACCCTG_010,77
TTAAAGCAAAGACCACCCTG_011,142
TTAAAGCAAAGACCACCCTG_012,152
TTAAAGCAAAGACCACCCTG_013,188
TTAAAGCAAAGACCACCCTG_014,131
TTTGCGGAAGAACCTGACCG_001,197
TTTGCGGAAGAACCTGACCG_002,22
TTTGCGGAAGAACCTGACCG_003,169
TTTGCGGAAGAACCTGACCG_004,176
TTTGCGGAAGAACCTGACCG_005,144
TTTGCGGAAGAACCTGACCG_006,184
TTTGCGGAAGAACCTGACCG_007,79
TTTGCGGAAGAACCTGACCG_008,157
TTTGCGGAAGAACCTGACCG_009,19
TTTGCGGAAGAACCTGACCG_010,45
TTTGCGGAAGAACCTGACCG_011,113
TTTGCGGAAGAACCTGACCG_012,140
TTTGCGGAAGAACCTGACCG_013,44
TTTGCGGAAGAACCTGACCG_014,115
TTTGCGGAAGAACCTGACCG_015,155
TTTGCGGAAGAACCTGACCG_016,72
TTTGCGGAAGAACCTGACCG_017,184
TTTGCGGAAGAACCTGACCG_018,175
TTTGCGGAAGAACCTGACCG_019,117
TTTGCGGAAGAACCTGACCG_020,29
TTTGCGGAAGAACCTGACCG_021,164
TTTGCGGAAGAACCTGACCG_022,125
TTTGCGGAAGAACCTGACCG_023,195
TTTGCGGAAGAACCTGACCG_024,146
TTTGCGGAAGAACCTGACCG_025,124
TTTGCGGAAGAACCTGACCG_026,1
TTTGCGGAAGAACCTGACCG_027,168
TTTGCGGAAGAACCTGACCG_028,170
TTTGCGGAAGAACCTGACCG_029,77
TTTGCGGAAGAACCTGACCG_030,44
CTTCCAGGCTGTGTACACCG_001,44
CTTCCAGGCTGTGTACACCG_002,149
CTTCCAGGCTGTGTACACCG_003,33
CTTCCAGGCTGTGTACACCG_004,132
CTTCCAGGCTGTGTACACCG_005,199
CTTCCAGGCTGTGTACACCG_006,67
CTTCCAGGCTGTGTACACCG_007,139
CTTCCAGGCTGTGTACACCG_008,77
CTTCCAGGCTGTGTACACCG_009,17
CTTCCAGGCTGTGTACACCG_010,38
CTTCCAGGCTGTGTACACCG_011,148
CTGCGAACCAAAGGTTTGGT_001,163
CTGCGAACCAAAGGTTTGGT_002,76
CTGCGAACCAAAGGTTTGGT_003,29
CTGCGAACCAAAGGTTTGGT_004,25
CTGCGAACCAAAGGTTTGGT_005,163
CTGCGAACCAAAGGTTTGGT_006,33
CTGCGAACCAAAGGTTTGGT_007,72
CTGCGAACCAAAGGTTTGGT_008,102
CTGCGAACCAAAGGTTTGGT_009,157
CTGCGAACCAAAGGTTTGGT_010,46
CTGCGAACCAAAGGTTTGGT_011,15
CTGCGAACCAAAGGTTTGGT_012,50
CTGCGAACCAAAGGTTTGGT_013,102
CTGCGAACCAAAGGTTTGGT_014,138
CTGCGAACCAAAGGTTTGGT_015,78
CTGGTTAATCCACGTGCTAG_001,85
CTGGTTAATCCACGTGCTAG_002,174
CTGGTTAATCCACGTGCTAG_003,170
CTGGTTAATCCACGTGCTAG_004,114
CTGGTTAATCCACGTGCTAG_005,185
CTGGTTAATCCACGTGCTAG_006,48
CTGGTTAATCCACGTGCTAG_007,180
GATTGCACGCTACAAGACGC_001,45
GATTGCACGCTACAAGACGC_002,181
GATTGCACGCTACAAGACGC_003,172
GATTGCACGCTACAAGACGC_004,70
GATTGCACGCTACAAGACGC_005,63
GATTGCACGCTACAAGACGC_006,150
GATTGCACGCTACAAGACGC_007,121
GATTGCACGCTACAAGACGC_008,127
GATTGCACGCTACAAGACGC_009,62
GATTGCACGCTACAAGACGC_010,138
GATTGCACGCTACAAGACGC_011,17
GATTGCACGCTACAAGACGC_012,65
TATAGACGCTGCCCGACGTC_001,6
TTCATGCATCAGGATAGGCA_001,172
TTCATGCATCAGGATAGGCA_002,30
TTCATGCATCAGGATAGGCA_003,98
TTCATGCATCAGGATAGGCA_004,147
TTCATGCATCAGGATAGGCA_005,129
AAAAGTCCTCCTGCAAAAGT_001,37
AAAAGTCCTCCTGCAAAAGT_002,48
AAAAGTCCTCCTGCAAAAGT_003,29
AAAAGTCCTCCTGCAAAAGT_004,148
AAAAGTCCTCCTGCAAAAGT_005,180
AAAAGTCCTCCTGCAAAAGT_006,114
AAAAGTCCTCCTGCAAAAGT_007,33
TGGAGTTAAACTCAATATGT_001,50
TGGAGTTAAACTCAATATGT_002,32
TGGAGTTAAACTCAATATGT_003,88
TGGAGTTAAACTCAATATGT_004,94
TGGAGTTAAACTCAATATGT_005,70
TGGAGTTAAACTCAATATGT_006,105
TGGAGTTAAACTCAATATGT_007,46
TGGAGTTAAACTCAATATGT_008,46
AACTAACTGGAGATAGGCAT_001,43
AACTAACTGGAGATAGGCAT_002,186
AACTAACTGGAGATAGGCAT_003,108
AACTAACTGGAGATAGGCAT_004,108
AACTAACTGGAGATAGGCAT_005,121
AACTAACTGGAGATAGGCAT_006,181
AACTAACTGGAGATAGGCAT_007,100
AACTAACTGGAGATAGGCAT_008,3
GTAGTTGCGATAGAAAGACA_001,139
GTAGTTGCGATAGAAAGACA_002,1
GTAGTTGCGATAGAAAGACA_003,122
GTAGTTGCGATAGAAAGACA_004,16
GTAGTTGCGATAGAAAGACA_005,42
GTAGTTGCGATAGAAAGACA_006,63
GTAGTTGCGATAGAAAGACA_007,19
GTAGTTGCGATAGAAAGACA_008,145
GTAGTTGCGATAGAAAGACA_009,199
GTAGTTGCGATAGAAAGACA_010,103
GTAGTTGCGATAGAAAGACA_011,61
CAACATGAGACTGGAAAAGA_001,44
TAGGGTCCAGCCCTGAACGG_001,160
TAGGGTCCAGCCCTGAACGG_002,1
TAGGGTCCAGCCCTGAACGG_003,196
TAGGGTCCAGCCCTGAACGG_004,23
TAGGGTCCAGCCCTGAACGG_005,5
TAGGGTCCAGCCCTGAACGG_006,33
TAGGGTCCAGCCCTGAACGG_007,156
TGTCTCTCACTCACTCGAAG_001,174
TGTCTCTCACTCACTCGAAG_002,43
TGTCTCTCACTCACTCGAAG_003,43
TGTCTCTCACTCACTCGAAG_004,30
TGTCTCTCACTCACTCGAAG_005,61
TGTCTCTCACTCACTCGAAG_006,68
TGTCTCTCACTCACTCGAAG_007,151
TGTCTCTCACTCACTCGAAG_008,56
TGTCTCTCACTCACTCGAAG_009,158
TGTCTCTCACTCACTCGAAG_010,157
TGTCTCTCACTCACTCGAAG_011,183
TGTCTCTCACTCACTCGAAG_012,11
TGTCTCTCACTCACTCGAAG_013,134
TGTCTCTCACTCACTCGAAG_014,57
TGTCTCTCACTCACTCGAAG_015,119
TGTCTCTCACTCACTCGAAG_016,83
CAGAGCTTCAGACCCTGACG_001,113
GAGTGTGAGTGGTCCCATTG_001,83
GAGTGTGAGTGGTCCCATTG_002,87
GAGTGTGAGTGGTCCCATTG_003,17
GAGTGTGAGTGGTCCCATTG_004,148
GAGTGTGAGTGGTCCCATTG_005,88
GAGTGTGAGTGGTCCCATTG_006,84
GAGTGTGAGTGGTCCCATTG_007,38
GAGTGTGAGTGGTCCCATTG_008,64
GAGTGTGAGTGGTCCCATTG_009,18
GAGTGTGAGTGGTCCCATTG_010,78
GAGTGTGAGTGGTCCCATTG_011,150
GAGTGTGAGTGGTCCCATTG_012,148
GAGTGTGAGTGGTCCCATTG_013,134
GAGTGTGAGTGGTCCCATTG_014,12
GAGTGTGAGTGGTCCCATTG_015,115
GAGTGTGAGTGGTCCCATTG_016,81
GAGTGTGAGTGGTCCCATTG_017,129
GAGTGTGAGTGGTCCCATTG_018,125
GAGTGTGAGTGGTCCCATTG_019,127
GAGTGTGAGTGGTCCCATTG_020,115
GAGTGTGAGTGGTCCCATTG_021,168
GAGTGTGAGTGGTCCCATTG_022,29
GAGTGTGAGTGGTCCCATTG_023,12
GAGTGTGAGTGGTCCCATTG_024,16
GAGTGTGAGTGGTCCCATTG_025,145
GAGTGTGAGTGGTCCCATTG_026,58
GAGTGTGAGTGGTCCCATTG_027,3
GAGTGTGAGTGGTCCCATTG_028,168
GAGTGTGAGTGGTCCCATTG_029,136
GAGTGTGAGTGGTCCCATTG_030,169
GACGCCTTGCCCGGCTCACA_001,37
GACGCCTTGCCCGGCTCACA_002,126
GACGCCTTGCCCGGCTCACA_003,44
GACGCCTTGCCCGGCTCACA_004,54
GACGCCTTGCCCGGCTCACA_005,11
GACGCCTTGCCCGGCTCACA_006,117
GACGCCTTGCCCGGCTCACA_007,106
GACGCCTTGCCCGGCTCACA_008,80
GACGCCTTGCCCGGCTCACA_009,67
GACGCCTTGCCCGGCTCACA_010,182
GACGCCTTGCCCGGCTCACA_011,15
GACGCCTTGCCCGGCTCACA_012,17
GACGCCTTGCCCGGCTCACA_013,50
GACGCCTTGCCCGGCTCACA_014,160
GACGCCTTGCCCGGCTCACA_015,37
GACGCCTTGCCCGGCTCACA_016,83
GACGCCTTGCCCGGCTCACA_017,198
GACGCCTTGCCCGGCTCACA_018,193
GACGCCTTGCCCGGCTCACA_019,187
GACGCCTTGCCCGGCTCACA_020,12
GACGCCTTGCCCGGCTCACA_021,50
GACGCCTTGCCCGGCTCACA_022,190
GACGCCTTGCCCGGCTCACA_023,120
GACGCCTTGCCCGGCTCACA_024,117
GACGCCTTGCCCGGCTCACA_025,118
GACGCCTTGCCCGGCTCACA_026,42
GACGCCTTGCCCGGCTCACA_027,173
GACGCCTTGCCCGGCTCACA_028,186
GACGCCTTGCCCGGCTCACA_029,30
GACGCCTTGCCCGGCTCACA_030,174
GACGCCTTGCCCGGCTCACA_031,81
GACGCCTTGCCCGGCTCACA_032,116
GACGCCTTGCCCGGCTCACA_033,188
GACGCCTTGCCCGGCTCACA_034,63
GACGCCTTGCCCGGCTCACA_035,130
GACGCCTTGCCCGGCTCACA_036,101
GACGCCTTGCCCGGCTCACA_037,96
GACGCCTTGCCCGGCTCACA_038,148
GATCCGGTCACCATTGACTG_001,190
GATCCGGTCACCATTGACTG_002,158
GATCCGGTCACCATTGACTG_003,49
GATCCGGTCACCATTGACTG_004,168
GATCCGGTCACCATTGACTG_005,59
GATCCGGTCACCATTGACTG_006,88
GGCGAGTTATTGCTAGCACT_001,111
ACTCCCTAAATGAAATATGG_001,157
ACTCCCTAAATGAAATATGG_002,149
ACTCCCTAAATGAAATATGG_003,182
ACTCCCTAAATGAAATATGG_004,84
ACTCCCTAAATGAAATATGG_005,97
TTAGACCCCCTAGTCCGATG_001,102
TTAGACCCCCTAGTCCGATG_002,54
TTAGACCCCCTAGTCCGATG_003,96
TTAGACCCCCTAGTCCGATG_004,175
TTAGACCCCCTAGTCCGATG_005,52
TTAGACCCCCTAGTCCGATG_006,19
TTAGACCCCCTAGTCCGATG_007,149
TTAGACCCCCTAGTCCGATG_008,50
TTAGACCCCCTAGTCCGATG_009,76
TTAGACCCCCTAGTCCGATG_010,5
TTAGACCCCCTAGTCCGATG_011,12
TTAGACCCCCTAGTCCGATG_012,148
TTAGACCCCCTAGTCCGATG_013,111
TTAGACCCCCTAGTCCGATG_014,97
TTAGACCCCCTAGTCCGATG_015,70
TTAGACCCCCTAGTCCGATG_016,4
TTAGACCCCCTAGTCCGATG_017,174
TTAGACCCCCTAGTCCGATG_018,16
TTAGACCCCCTAGTCCGATG_019,159
TTAGACCCCCTAGTCCGATG_020,1
TTAGACCCCCTAGTCCGATG_021,9
TTAGACCCCCTAGTCCGATG_022,162
TTAGACCCCCTAGTCCGATG_023,64
TTAGACCCCCTAGTCCGATG_024,78
TTAGACCCCCTAGTCCGATG_025,20
TTAGACCCCCTAGTCCGATG_026,0
TTAGACCCCCTAGTCCGATG_027,170
TTAGACCCCCTAGTCCGATG_028,83
TTAGACCCCCTAGTCCGATG_029,153
TTAGACCCCCTAGTCCGATG_030,15
TTAGACCCCCTAGTCCGATG_031,34
TTAGACCCCCTAGTCCGATG_032,162
TTAGACCCCCTAGTCCGATG_033,136
TTAGACCCCCTAGTCCGATG_034,146
TTAGACCCCCTAGTCCGATG_035,29
TTAGACCCCCTAGTCCGATG_036,199
TTAGACCCCCTAGTCCGATG_037,47
TTAGACCCCCTAGTCCGATG_038,111
TGCGGCGTAATGCTTGAAAG_001,130
TGCGGCGTAATGCTTGAAAG_002,8
TGCGGCGTAATGCTTGAAAG_003,160
TGCGGCGTAATGCTTGAAAG_004,115
TGCGGCGTAATGCTTGAAAG_005,105
TGCGGCGTAATGCTTGAAAG_006,41
TGCGGCGTAATGCTTGAAAG_007,177
TGCGGCGTAATGCTTGAAAG_008,155
TGCGGCGTAATGCTTGAAAG_009,106
TGCGGCGTAATGCTTGAAAG_010,81
TGCGGCGTAATGCTTGAAAG_011,81
TGCGGCGTAATGCTTGAAAG_012,94
TGCGGCGTAATGCTTGAAAG_013,179
CTACCAGAAGAATGATTGGA_001,108
CTACCAGAAGAATGATTGGA_002,28
CTACCAGAAGAATGATTGGA_003,54
CTACCAGAAGAATGATTGGA_004,129
CTACCAGAAGAATGATTGGA_005,139
CTACCAGAAGAATGATTGGA_006,122
CTACCAGAAGAATGATTGGA_007,42
CTACCAGAAGAATGATTGGA_008,134
CTACCAGAAGAATGATTGGA_009,41
CTACCAGAAGAATGATTGGA_010,83
CTACCAGAAGAATGATTGGA_011,59
CTACCAGAAGAATGATTGGA_012,145
CTACCAGAAGAATGATTGGA_013,56
CTACCAGAAGAATGATTGGA_014,41
CTACCAGAAGAATGATTGGA_015,169
CTACCAGAAGAATGATTGGA_016,30
CTACCAGAAGAATGATTGGA_017,150
CTACCAGAAGAATGATTGGA_018,76
CTACCAGAAGAATGATTGGA_019,117
CTACCAGAAGAATGATTGGA_020,67
CTACCAGAAGAATGATTGGA_021,5
CTACCAGAAGAATGATTGGA_022,94
CTACCAGAAGAATGATTGGA_023,195
CTACCAGAAGAATGATTGGA_024,133
CTACCAGAAGAATGATTGGA_025,13
CTACCAGAAGAATGATTGGA_026,115
TCCAGTTCTACCATCCCCAG_001,82
TCCAGTTCTACCATCCCCAG_002,0
TCCAGTTCTACCATCCCCAG_003,61
TCCAGTTCTACCATCCCCAG_004,168
TCCAGTTCTACCATCCCCAG_005,123
TCCAGTTCTACCATCCCCAG_006,10
TCCAGTTCTACCATCCCCAG_007,198
TCCAGTTCTACCATCCCCAG_008,191
TCCAGTTCTACCATCCCCAG_009,138
TCCAGTTCTACCATCCCCAG_010,138
GATCCAAACACAGTGTTACA_001,55
GATCCAAACACAGTGTTACA_002,60
GATCCAAACACAGTGTTACA_003,193
GATCCAAACACAGTGTTACA_004,42
GATCCAAACACAGTGTTACA_005,126
GATCCAAACACAGTGTTACA_006,144
GATCCAAACACAGTGTTACA_007,56
GATCCAAACACAGTGTTACA_008,13
ACCTCCGGCCAAGGCCACGG_001,182
ACCTCCGGCCAAGGCCACGG_002,49
ACCTCCGGCCAAGGCCACGG_003,42
ACCTCCGGCCAAGGCCACGG_004,42
ACCTCCGGCCAAGGCCACGG_005,115
ACCTCCGGCCAAGGCCACGG_006,80
ACCTCCGGCCAAGGCCACGG_007,172
ACCTCCGGCCAAGGCCACGG_008,3
ACCTCCGGCCAAGGCCACGG_009,172
ACCTCCGGCCAAGGCCACGG_010,177
ACCTCCGGCCAAGGCCACGG_011,17
ACCTCCGGCCAAGGCCACGG_012,66
ACCTCCGGCCAAGGCCACGG_013,65
ACCTCCGGCCAAGGCCACGG_014,40
ACCTCCGGCCAAGGCCACGG_015,92
ACCTCCGGCCAAGGCCACGG_016,198
ACCTCCGGCCAAGGCCACGG_017,95
ACCTCCGGCCAAGGCCACGG_018,63
ACCTCCGGCCAAGGCCACGG_019,130
ACCTCCGGCCAAGGCCACGG_020,152
ACCTCCGGCCAAGGCCACGG_021,94
ACCTCCGGCCAAGGCCACGG_022,168
GGAGCCCCTTCGACACCGAG_001,117
GGAGCCCCTTCGACACCGAG_002,187
GGAGCCCCTTCGACACCGAG_003,160
GGAGCCCCTTCGACACCGAG_004,158
GGAGCCCCTTCGACACCGAG_005,160
GGAGCCCCTTCGACACCGAG_006,35
GGAGCCCCTTCGACACCGAG_007,137
GGAGCCCCTTCGACACCGAG_008,7
GGAGCCCCTTCGACACCGAG_009,127
GGAGCCCCTTCGACACCGAG_010,130
GGAGCCCCTTCGACACCGAG_011,75
GGAGCCCCTTCGACACCGAG_012,15
GGAGCCCCTTCGACACCGAG_013,22
GGAGCCCCTTCGACACCGAG_014,175
GGAGCCCCTTCGACACCGAG_015,30
GGAGCCCCTTCGACACCGAG_016,31
GGAGCCCCTTCGACACCGAG_017,81
GGAGCCCCTTCGACACCGAG_018,35
GGAGCCCCTTCGACACCGAG_019,91
GGAGCCCCTTCGACACCGAG_020,99
GGAGCCCCTTCGACACCGAG_021,127
CCCCCGCTGACCAAGGATCG_001,121
CCCCCGCTGACCAAGGATCG_002,179
CCCCCGCTGACCAAGGATCG_003,154
CCCCCGCTGACCAAGGATCG_004,158
CCCCCGCTGACCAAGGATCG_005,76
CCCCCGCTGACCAAGGATCG_006,105
CCCCCGCTGACCAAGGATCG_007,173
CCCCCGCTGACCAAGGATCG_008,148
CCCCCGCTGACCAAGGATCG_009,191
TCAACTCACCTGTTTCTCAG_001,148
TCAACTCACCTGTTTCTCAG_002,31
TCAACTCACCTGTTTCTCAG_003,41
TCAACTCACCTGTTTCTCAG_004,96
TCAACTCACCTGTTTCTCAG_005,78
CAGTGAGATTTACTGCCACG_001,163
CAGTGAGATTTACTGCCACG_002,182
CAGTGAGATTTACTGCCACG_003,119
CAGTGAGATTTACTGCCACG_004,58
CAGTGAGATTTACTGCCACG_005,84
CAGTGAGATTTACTGCCACG_006,24
CAGTGAGATTTACTGCCACG_007,127
CAGTGAGATTTACTGCCACG_008,88
CAGTGAGATTTACTGCCACG_009,144
AGCTAGAGAAAGCCATCTGC_001,198
AGCTAGAGAAAGCCATCTGC_002,48
AGCTAGAGAAAGCCATCTGC_003,198
AGCTAGAGAAAGCCATCTGC_004,115
AGCTAGAGAAAGCCATCTGC_005,41
AGCTAGAGAAAGCCATCTGC_006,6
AGCTAGAGAAAGCCATCTGC_007,178
AGCTAGAGAAAGCCATCTGC_008,121
AGCTAGAGAAAGCCATCTGC_009,141
AGCTAGAGAAAGCCATCTGC_010,19
AGCTAGAGAAAGCCATCTGC_011,78
AGCTAGAGAAAGCCATCTGC_012,50
AGCTAGAGAAAGCCATCTGC_013,94
AGCTAGAGAAAGCCATCTGC_014,115
AGTGAAAAAGGAGGACCAAG_001,49
AGTGAAAAAGGAGGACCAAG_002,127
AGTGAAAAAGGAGGACCAAG_003,82
AGTGAAAAAGGAGGACCAAG_004,44
AGTGAAAAAGGAGGACCAAG_005,90
AAATCACTAACTCACCTGGG_001,106
AAATCACTAACTCACCTGGG_002,186
AAATCACTAACTCACCTGGG_003,21
AAATCACTAACTCACCTGGG_004,70
AAATCACTAACTCACCTGGG_005,182
AAATCACTAACTCACCTGGG_006,78
CAATAAGTTTATTTCCCTCA_001,121
CAATAAGTTTATTTCCCTCA_002,162
GGACCGCAGAATGTCTGGCG_001,102
GGACCGCAGAATGTCTGGCG_002,184
GCATCGAGTCACCAAAACGC_001,35
GCATCGAGTCACCAAAACGC_002,127
GCATCGAGTCACCAAAACGC_003,9
GCATCGAGTCACCAAAACGC_004,120
GCATCGAGTCACCAAAACGC_005,149
TTCACACAATGGAGACCTAG_001,172
TTCACACAATGGAGACCTAG_002,19
TTCACACAATGGAGACCTAG_003,108
TTCACACAATGGAGACCTAG_004,108
ACAACCATACTGTTAAGCAG_001,153
ACAACCATACTGTTAAGCAG_002,106
ACAACCATACTGTTAAGCAG_003,157
ACAACCATACTGTTAAGCAG_004,27
ACAACCATACTGTTAAGCAG_005,148
ACAACCATACTGTTAAGCAG_006,197
ACAACCATACTGTTAAGCAG_007,31
GAATGAAGCCAAGCGCAGAG_001,170
GAATGAAGCCAAGCGCAGAG_002,127
GAATGAAGCCAAGCGCAGAG_003,123
GAATGAAGCCAAGCGCAGAG_004,76
GAATGAAGCCAAGCGCAGAG_005,174
GAATGAAGCCAAGCGCAGAG_006,34
GAATGAAGCCAAGCGCAGAG_007,117
GAATGAAGCCAAGCGCAGAG_008,19
GAATGAAGCCAAGCGCAGAG_009,69
GAATGAAGCCAAGCGCAGAG_010,78
GAATGAAGCCAAGCGCAGAG_011,76
GAATGAAGCCAAGCGCAGAG_012,166
GAATGAAGCCAAGCGCAGAG_013,149
GAATGAAGCCAAGCGCAGAG_014,144
AATTTACAAGACAGTCTCGA_001,172
AATTTACAAGACAGTCTCGA_002,58
AATTTACAAGACAGTCTCGA_003,19
AATTTACAAGACAGTCTCGA_004,6
AATTTACAAGACAGTCTCGA_005,104
AATTTACAAGACAGTCTCGA_006,174
AATTTACAAGACAGTCTCGA_007,140
AATTTACAAGACAGTCTCGA_008,48
AATTTACAAGACAGTCTCGA_009,174
AATTTACAAGACAGTCTCGA_010,54
AATTTACAAGACAGTCTCGA_011,37
AATTTACAAGACAGTCTCGA_012,62
CCTGGACGCCCTCAGAAAAG_001,8
CCTGGACGCCCTCAGAAAAG_002,57
CCTGGACGCCCTCAGAAAAG_003,94
CCTGGACGCCCTCAGAAAAG_004,81
CCTGGACGCCCTCAGAAAAG_005,94
CCTGGACGCCCTCAGAAAAG_006,107
CCTGGACGCCCTCAGAAAAG_007,112
CCTGGACGCCCTCAGAAAAG_008,5
CCTGGACGCCCTCAGAAAAG_009,28
CCTGGACGCCCTCAGAAAAG_010,6
TAAGGGGAAATCAATGTACA_001,177
TAAGGGGAAATCAATGTACA_002,72
TAAGGGGAAATCAATGTACA_003,48
TAAGGGGAAATCAATGTACA_004,88
TAAGGGGAAATCAATGTACA_005,188
TAAGGGGAAATCAATGTACA_006,122
TAAGGGGAAATCAATGTACA_007,139
TAAGGGGAAATCAATGTACA_008,175
AAGAGAATATTCACTACCAG_001,115
AAGAGAATATTCACTACCAG_002,111
AAGAGAATATTCACTACCAG_003,18
AAGAGAATATTCACTACCAG_004,194
GGATCTGGAAGCCCGAACTG_001,23
GGATCTGGAAGCCCGAACTG_002,127
GGATCTGGAAGCCCGAACTG_003,94
GGATCTGGAAGCCCGAACTG_004,175
GGATCTGGAAGCCCGAACTG_005,32
GGATCTGGAAGCCCGAACTG_006,31
GGATCTGGAAGCCCGAACTG_007,9
CAGCATCACAGTGATTCCAA_001,115
CAGCATCACAGTGATTCCAA_002,50
CAGCATCACAGTGATTCCAA_003,199
CAGCATCACAGTGATTCCAA_004,62
CAGCATCACAGTGATTCCAA_005,91
CAGCATCACAGTGATTCCAA_006,49
TCGCCCACGAAGTCCACGCG_001,9
TCGCCCACGAAGTCCACGCG_002,84
TCGCCCACGAAGTCCACGCG_003,70
TCGCCCACGAAGTCCACGCG_004,174
TCGCCCACGAAGTCCACGCG_005,168
TCGCCCACGAAGTCCACGCG_006,41
TCGCCCACGAAGTCCACGCG_007,174
TATAGGATACTCCACGACTG_001,48
TATAGGATACTCCACGACTG_002,183
TATAGGATACTCCACGACTG_003,190
TATAGGATACTCCACGACTG_004,136
TATAGGATACTCCACGACTG_005,169
TATAGGATACTCCACGACTG_006,7
TATAGGATACTCCACGACTG_007,62
TCATGTTGAAAGGCTTGACA_001,31
TCATGTTGAAAGGCTTGACA_002,134
TCATGTTGAAAGGCTTGACA_003,127
TCATGTTGAAAGGCTTGACA_004,148
TCATGTTGAAAGGCTTGACA_005,44
TCATGTTGAAAGGCTTGACA_006,105
TCATGTTGAAAGGCTTGACA_007,17
TCATGTTGAAAGGCTTGACA_008,165
TCATGTTGAAAGGCTTGACA_009,162
TCATGTTGAAAGGCTTGACA_010,9
TCATGTTGAAAGGCTTGACA_011,140
AAGACCACCACAAAAATCTG_001,48
AAGACCACCACAAAAATCTG_002,79
AAGACCACCACAAAAATCTG_003,194
AAGACCACCACAAAAATCTG_004,134
AAGACCACCACAAAAATCTG_005,41
AAGACCACCACAAAAATCTG_006,47
AAGACCACCACAAAAATCTG_007,37
CAAGAAGACCCGTAGACTGA_001,17
CAAGAAGACCCGTAGACTGA_002,17
CAAGAAGACCCGTAGACTGA_003,151
CAAGAAGACCCGTAGACTGA_004,150
CAAGAAGACCCGTAGACTGA_005,179
CAAGAAGACCCGTAGACTGA_006,141
CAAGAAGACCCGTAGACTGA_007,70
CAAGAAGACCCGTAGACTGA_008,139
CAAGAAGACCCGTAGACTGA_009,10
CAAGAAGACCCGTAGACTGA_010,146
CAAGAAGACCCGTAGACTGA_011,35
GGATGCCACTCGATTCTTCG_001,140
GGATGCCACTCGATTCTTCG_002,44
ATATCCGTAACACCGCCAGT_001,69
ATATCCGTAACACCGCCAGT_002,51
ATATCCGTAACACCGCCAGT_003,184
ATATCCGTAACACCGCCAGT_004,44
ATATCCGTAACACCGCCAGT_005,91
ATATCCGTAACACCGCCAGT_006,169
ATATCCGTAACACCGCCAGT_007,62
ATATCCGTAACACCGCCAGT_008,106
TTGGGAGCCCAACTATCCCG_001,2
TTGGGAGCCCAACTATCCCG_002,184
TTGGGAGCCCAACTATCCCG_003,52
TTGGGAGCCCAACTATCCCG_004,25
TTGGGAGCCCAACTATCCCG_005,114
TTGGGAGCCCAACTATCCCG_006,23
TTGGGAGCCCAACTATCCCG_007,51
TTGGGAGCCCAACTATCCCG_008,16
TTGGGAGCCCAACTATCCCG_009,18
TTGGGAGCCCAACTATCCCG_010,156
TTGGGAGCCCAACTATCCCG_011,33
TTGGGAGCCCAACTATCCCG_012,117
TTGGGAGCCCAACTATCCCG_013,174
TTGGGAGCCCAACTATCCCG_014,103
TTGGGAGCCCAACTATCCCG_015,163
TTGGGAGCCCAACTATCCCG_016,170
TTGGGAGCCCAACTATCCCG_017,62
TTGGGAGCCCAACTATCCCG_018,29
TTGGGAGCCCAACTATCCCG_019,94
TTGGGAGCCCAACTATCCCG_020,156
TTGGGAGCCCAACTATCCCG_021,82
TTGGGAGCCCAACTATCCCG_022,82
TTGGGAGCCCAACTATCCCG_023,141
TTGGGAGCCCAACTATCCCG_024,46
TTGGGAGCCCAACTATCCCG_025,49
TTGGGAGCCCAACTATCCCG_026,127
TTGGGAGCCCAACTATCCCG_027,86
TTGGGAGCCCAACTATCCCG_028,57
TTGGGAGCCCAACTATCCCG_029,109
CCTTGTTGCACTTCACACAG_001,116
CCTTGTTGCACTTCACACAG_002,32
CCTTGTTGCACTTCACACAG_003,88
CCTTGTTGCACTTCACACAG_004,121
CCTTGTTGCACTTCACACAG_005,196
CCTTGTTGCACTTCACACAG_006,94
CCTTGTTGCACTTCACACAG_007,1
CCTTGTTGCACTTCACACAG_008,160
CCTTGTTGCACTTCACACAG_009,182
CCTTGTTGCACTTCACACAG_010,12
CCTTGTTGCACTTCACACAG_011,157
GGTACTGGGGTCCCTTACTG_001,153
GGTACTGGGGTCCCTTACTG_002,0
GGTACTGGGGTCCCTTACTG_003,197
GGTACTGGGGTCCCTTACTG_004,147
GGTACTGGGGTCCCTTACTG_005,115
GGTACTGGGGTCCCTTACTG_006,161
GGTACTGGGGTCCCTTACTG_007,24
GGTACTGGGGTCCCTTACTG_008,183
GGTACTGGGGTCCCTTACTG_009,29
ACGGCGTCTGACGCACCGAG_001,70
ACGGCGTCTGACGCACCGAG_002,147
ACGGCGTCTGACGCACCGAG_003,4
ACGGCGTCTGACGCACCGAG_004,94
ACGGCGTCTGACGCACCGAG_005,58
ACGGCGTCTGACGCACCGAG_006,133
CCAGCAGCACATATCACCGA_001,12
CCAGCAGCACATATCACCGA_002,138
CCAGCAGCACATATCACCGA_003,154
GATGAACAGAAGCAGTACGC_001,172
GATGAACAGAAGCAGTACGC_002,35
GATGAACAGAAGCAGTACGC_003,113
GATGAACAGAAGCAGTACGC_004,102
GATGAACAGAAGCAGTACGC_005,0
GATGAACAGAAGCAGTACGC_006,120
GATGAACAGAAGCAGTACGC_007,124
GATGAACAGAAGCAGTACGC_008,81
ACCACCGAGGAGAAGCCACG_001,172
ACCACCGAGGAGAAGCCACG_002,124
ACCACCGAGGAGAAGCCACG_003,152
ACCACCGAGGAGAAGCCACG_004,25
ACCACCGAGGAGAAGCCACG_005,152
ACCACCGAGGAGAAGCCACG_006,49
ACCACCGAGGAGAAGCCACG_007,38
ACCACCGAGGAGAAGCCACG_008,77
CAAGATGGCGTCTGCTAGTA_001,62
CAAGATGGCGTCTGCTAGTA_002,115
CAAGATGGCGTCTGCTAGTA_003,107
CAAGATGGCGTCTGCTAGTA_004,171
CAAGATGGCGTCTGCTAGTA_005,147
CAAGATGGCGTCTGCTAGTA_006,199
CAAGATGGCGTCTGCTAGTA_007,6
AAGTTCCAGATTGCAACATG_001,44
AAGTTCCAGATTGCAACATG_002,40
AAGTTCCAGATTGCAACATG_003,83
AAGTTCCAGATTGCAACATG_004,50
AAGTTCCAGATTGCAACATG_005,81
AAGTTCCAGATTGCAACATG_006,147
AAGTTCCAGATTGCAACATG_007,16
AAGTTCCAGATTGCAACATG_008,117
AAGTTCCAGATTGCAACATG_009,80
AAGTTCCAGATTGCAACATG_010,80
AAGTTCCAGATTGCAACATG_011,116
CAAGCTTATAACCAAAACAG_001,114
CAAGCTTATAACCAAAACAG_002,58
GGGGTCCACCGATAACCGGG_001,8
TGGGTAAACTCAGAGGAGCG_001,9
TGGGTAAACTCAGAGGAGCG_002,26
TGGGTAAACTCAGAGGAGCG_003,5
TGGGTAAACTCAGAGGAGCG_004,170
TGGGTAAACTCAGAGGAGCG_005,163
TGGGTAAACTCAGAGGAGCG_006,189
TGGGTAAACTCAGAGGAGCG_007,159
TGGGTAAACTCAGAGGAGCG_008,150
TGGGTAAACTCAGAGGAGCG_009,68
TGGGTAAACTCAGAGGAGCG_010,77
TGGGTAAACTCAGAGGAGCG_011,152
TGGGTAAACTCAGAGGAGCG_012,16
TGGGTAAACTCAGAGGAGCG_013,120
TGGGTAAACTCAGAGGAGCG_014,47
TGGGTAAACTCAGAGGAGCG_015,77
TGGGTAAACTCAGAGGAGCG_016,67
TGGGTAAACTCAGAGGAGCG_017,103
TGGGTAAACTCAGAGGAGCG_018,96
TGGGTAAACTCAGAGGAGCG_019,61
TGGGTAAACTCAGAGGAGCG_020,102
TGGGTAAACTCAGAGGAGCG_021,139
TTACTACTATCAGTTCGGAG_001,127
TTACTACTATCAGTTCGGAG_002,57
TTACTACTATCAGTTCGGAG_003,34
TTACTACTATCAGTTCGGAG_004,155
TTGGGTCATGCAACCTACGT_001,163
TTGGGTCATGCAACCTACGT_002,39
GTCATGAACAAGGCCCATGG_001,94
GTCATGAACAAGGCCCATGG_002,145
GTCATGAACAAGGCCCATGG_003,118
GTCATGAACAAGGCCCATGG_004,171
GTCATGAACAAGGCCCATGG_005,120
GTCATGAACAAGGCCCATGG_006,147
GTCATGAACAAGGCCCATGG_007,65
GTCATGAACAAGGCCCATGG_008,103
GTCATGAACAAGGCCCATGG_009,184
AACGTGATTATAGACATACT_001,175
AACGTGATTATAGACATACT_002,5
AACGTGATTATAGACATACT_003,62
AACGTGATTATAGACATACT_004,174
AACGTGATTATAGACATACT_005,19
AACGTGATTATAGACATACT_006,81
AACGTGATTATAGACATACT_007,135
AACGTGATTATAGACATACT_008,98
AACGTGATTATAGACATACT_009,127
AACGTGATTATAGACATACT_010,193
AACGTGATTATAGACATACT_011,148
AACGTGATTATAGACATACT_012,166
TAAATTTATAGGTATCCGTG_001,151
TAAATTTATAGGTATCCGTG_002,151
TAAATTTATAGGTATCCGTG_003,185
TAAATTTATAGGTATCCGTG_004,52
GTCTGCTTCCGGAAGCACAA_001,118
GTCTGCTTCCGGAAGCACAA_002,44
GTCTGCTTCCGGAAGCACAA_003,145
GTCTGCTTCCGGAAGCACAA_004,46
GTCTGCTTCCGGAAGCACAA_005,190
GTCTGCTTCCGGAAGCACAA_006,140
GTCTGCTTCCGGAAGCACAA_007,8
GTCTGCTTCCGGAAGCACAA_008,149
GTCTGCTTCCGGAAGCACAA_009,105
GTGAGTGAATTAGCCCCCCG_001,94
GTGAGTGAATTAGCCCCCCG_002,40
GTGAGTGAATTAGCCCCCCG_003,120
GTGAGTGAATTAGCCCCCCG_004,52
AACTCTTCGAATATTGCTGG_001,189
AACTCTTCGAATATTGCTGG_002,169
ACCATGGGCAACTTCGCACG_001,32
ACCATGGGCAACTTCGCACG_002,166
ACCATGGGCAACTTCGCACG_003,143
ACCATGGGCAACTTCGCACG_004,143
ACCATGGGCAACTTCGCACG_005,20
ACCATGGGCAACTTCGCACG_006,162
ACCATGGGCAACTTCGCACG_007,184
ACCATGGGCAACTTCGCACG_008,119
ACCATGGGCAACTTCGCACG_009,42
ACCATGGGCAACTTCGCACG_010,35
ACCATGGGCAACTTCGCACG_011,136
ACCATGGGCAACTTCGCACG_012,113
ACCATGGGCAACTTCGCACG_013,62
ACCATGGGCAACTTCGCACG_014,67
ACCATGGGCAACTTCGCACG_015,121
ACCATGGGCAACTTCGCACG_016,17
ACCATGGGCAACTTCGCACG_017,61
ACCATGGGCAACTTCGCACG_018,81
ACCATGGGCAACTTCGCACG_019,43
ACCATGGGCAACTTCGCACG_020,105
ACCATGGGCAACTTCGCACG_021,43
ACCATGGGCAACTTCGCACG_022,104
ACCATGGGCAACTTCGCACG_023,166
ACCATGGGCAACTTCGCACG_024,16
ACCATGGGCAACTTCGCACG_025,161
ACCATGGGCAACTTCGCACG_026,34
AAAGGAAACTAGTGTTTCAA_001,62
AAAGGAAACTAGTGTTTCAA_002,103
AAAGGAAACTAGTGTTTCAA_003,162
AAAGGAAACTAGTGTTTCAA_004,30
AAAGGAAACTAGTGTTTCAA_005,57
AAAGGAAACTAGTGTTTCAA_006,46
GGAGCTGGTCAAATATCCGG_001,182
GGAGCTGGTCAAATATCCGG_002,189
GGAGCTGGTCAAATATCCGG_003,50
GGAGCTGGTCAAATATCCGG_004,98
GGAGCTGGTCAAATATCCGG_005,77
GGAGCTGGTCAAATATCCGG_006,172
GGAGCTGGTCAAATATCCGG_007,116
CAACACTTTCAATCGTCGTG_001,46
CAACACTTTCAATCGTCGTG_002,98
CAACACTTTCAATCGTCGTG_003,76
CAACACTTTCAATCGTCGTG_004,17
CAACACTTTCAATCGTCGTG_005,102
CAACACTTTCAATCGTCGTG_006,8
CAACACTTTCAATCGTCGTG_007,74
CAACACTTTCAATCGTCGTG_008,2
CAACACTTTCAATCGTCGTG_009,26
CAACACTTTCAATCGTCGTG_010,49
CAACACTTTCAATCGTCGTG_011,108
CAACACTTTCAATCGTCGTG_012,33
CAACACTTTCAATCGTCGTG_013,171
CAACACTTTCAATCGTCGTG_014,154
CAACACTTTCAATCGTCGTG_015,17
CAACACTTTCAATCGTCGTG_016,49
CAACACTTTCAATCGTCGTG_017,145
CAACACTTTCAATCGTCGTG_018,48
CAACACTTTCAATCGTCGTG_019,37
CAACACTTTCAATCGTCGTG_020,83
GCTACTTATATGAGGTCACT_001,160
GCTACTTATATGAGGTCACT_002,179
GCTACTTATATGAGGTCACT_003,88
GCTACTTATATGAGGTCACT_004,55
GCTACTTATATGAGGTCACT_005,14
GCTTCCGGGATAGAACGTCA_001,58
GCTTCCGGGATAGAACGTCA_002,92
GCTTCCGGGATAGAACGTCA_003,58
GGAGGGCGTCATGAGTCATG_001,145
GGAGGGCGTCATGAGTCATG_002,191
GGAGGGCGTCATGAGTCATG_003,21
GGAGGGCGTCATGAGTCATG_004,123
GGAGGGCGTCATGAGTCATG_005,185
GGAGGGCGTCATGAGTCATG_006,60
GGAGGGCGTCATGAGTCATG_007,98
GGAGGGCGTCATGAGTCATG_008,96
GGAGGGCGTCATGAGTCATG_009,4
GTGACGCCGCATAAAAGGGA_001,90
GTGACGCCGCATAAAAGGGA_002,12
GTGACGCCGCATAAAAGGGA_003,149
GTGACGCCGCATAAAAGGGA_004,188
GTGACGCCGCATAAAAGGGA_005,3
GTGACGCCGCATAAAAGGGA_006,43
GTGACGCCGCATAAAAGGGA_007,50
GTGACGCCGCATAAAAGGGA_008,111
GTGACGCCGCATAAAAGGGA_009,176
GTGACGCCGCATAAAAGGGA_010,20
GTGACGCCGCATAAAAGGGA_011,165
GTGACGCCGCATAAAAGGGA_012,33
GTGACGCCGCATAAAAGGGA_013,21
GTGACGCCGCATAAAAGGGA_014,68
GTGACGCCGCATAAAAGGGA_015,43
GTGACGCCGCATAAAAGGGA_016,57
TAGGGGATGAAATTGCCACG_001,191
TAGGGGATGAAATTGCCACG_002,153
TAGGGGATGAAATTGCCACG_003,162
CTCTGGGATCCCTTCAAGGA_001,9
CTCTGGGATCCCTTCAAGGA_002,32
CTCTGGGATCCCTTCAAGGA_003,144
TCCACCCACCACAATAACCA_001,9
TCCACCCACCACAATAACCA_002,127
TCCACCCACCACAATAACCA_003,16
TCCACCCACCACAATAACCA_004,76
TTGTGGTGGAAGACGCGCGC_001,166
TTGTGGTGGAAGACGCGCGC_002,86
TTGTGGTGGAAGACGCGCGC_003,2
TTGTGGTGGAAGACGCGCGC_004,94
TTGTGGTGGAAGACGCGCGC_005,114
TTGTGGTGGAAGACGCGCGC_006,102
TTGTGGTGGAAGACGCGCGC_007,34
TTGTGGTGGAAGACGCGCGC_008,73
TTGTGGTGGAAGACGCGCGC_009,29
AGTCCTGGGCAAGAAGCTGG_001,81
AGTCCTGGGCAAGAAGCTGG_002,182
AGTCCTGGGCAAGAAGCTGG_003,74
AGTCCTGGGCAAGAAGCTGG_004,157
AGTCCTGGGCAAGAAGCTGG_005,152
AGTCCTGGGCAAGAAGCTGG_006,144
AGTCCTGGGCAAGAAGCTGG_007,77
AGTCCTGGGCAAGAAGCTGG_008,17
AGTCCTGGGCAAGAAGCTGG_009,13
AGTCCTGGGCAAGAAGCTGG_010,173
AGTCCTGGGCAAGAAGCTGG_011,173
AGTCCTGGGCAAGAAGCTGG_012,40
AGTCCTGGGCAAGAAGCTGG_013,35
AGTCCTGGGCAAGAAGCTGG_014,23
AGTCCTGGGCAAGAAGCTGG_015,33
AGTCCTGGGCAAGAAGCTGG_016,83
AGTCCTGGGCAAGAAGCTGG_017,113
AGTCCTGGGCAAGAAGCTGG_018,16
AGTCCTGGGCAAGAAGCTGG_019,52
AGTCCTGGGCAAGAAGCTGG_020,0
AGTCCTGGGCAAGAAGCTGG_021,95
AGTCCTGGGCAAGAAGCTGG_022,22
AGTCCTGGGCAAGAAGCTGG_023,90
AGTCCTGGGCAAGAAGCTGG_024,74
AGTCCTGGGCAAGAAGCTGG_025,20
AGTCCTGGGCAAGAAGCTGG_026,161
AGTCCTGGGCAAGAAGCTGG_027,118
AGTCCTGGGCAAGAAGCTGG_028,172
AAGTGCCCCAAAGACCCATG_001,58
AAGTGCCCCAAAGACCCATG_002,77
AAGTGCCCCAAAGACCCATG_003,196
AAGTGCCCCAAAGACCCATG_004,112
AAGTGCCCCAAAGACCCATG_005,8
AAGTGCCCCAAAGACCCATG_006,169
AAGTGCCCCAAAGACCCATG_007,37
AAGTGCCCCAAAGACCCATG_008,185
AAGTGCCCCAAAGACCCATG_009,115
AAGTGCCCCAAAGACCCATG_010,175
AAGTGCCCCAAAGACCCATG_011,88
AAGTGCCCCAAAGACCCATG_012,103
AAGTGCCCCAAAGACCCATG_013,48
AAGTGCCCCAAAGACCCATG_014,34
AAGTGCCCCAAAGACCCATG_015,126
AAGTGCCCCAAAGACCCATG_016,33
AAGTGCCCCAAAGACCCATG_017,132
AAGTGCCCCAAAGACCCATG_018,76
AAGTGCCCCAAAGACCCATG_019,119
AAGTGCCCCAAAGACCCATG_020,41
AAGTGCCCCAAAGACCCATG_021,107
AAGTGCCCCAAAGACCCATG_022,127
AAGTGCCCCAAAGACCCATG_023,12
AAGTGCCCCAAAGACCCATG_024,28
AAGTGCCCCAAAGACCCATG_025,41
AAGTGCCCCAAAGACCCATG_026,1
AAGTGCCCCAAAGACCCATG_027,46
AAGTGCCCCAAAGACCCATG_028,56
AAGTGCCCCAAAGACCCATG_029,69
AAGTGCCCCAAAGACCCATG_030,94
GAATATCTATGGCAATATCG_001,19
TGAGGGACGAACTCGACTTG_001,2
TGAGGGACGAACTCGACTTG_002,188
TGAGGGACGAACTCGACTTG_003,119
TGAGGGACGAACTCGACTTG_004,168
TGAGGGACGAACTCGACTTG_005,57
TGAGGGACGAACTCGACTTG_006,41
TGAGGGACGAACTCGACTTG_007,58
TGAGGGACGAACTCGACTTG_008,1
TGAGGGACGAACTCGACTTG_009,69
TGAGGGACGAACTCGACTTG_010,24
TGAGGGACGAACTCGACTTG_011,17
TGAGGGACGAACTCGACTTG_012,129
TGAGGGACGAACTCGACTTG_013,175
TGAGGGACGAACTCGACTTG_014,150
TGAGGGACGAACTCGACTTG_015,13
TAGAGTCATAGCGTTAGGAG_001,70
TAGAGTCATAGCGTTAGGAG_002,30
ATCTGGAACATGTGGTACCG_001,35
ATCTGGAACATGTGGTACCG_002,188
ATCTGGAACATGTGGTACCG_003,76
ATCTGGAACATGTGGTACCG_004,112
ATCTGGAACATGTGGTACCG_005,162
ATCTGGAACATGTGGTACCG_006,40
ATCTGGAACATGTGGTACCG_007,48
ATCTGGAACATGTGGTACCG_008,118
ATCTGGAACATGTGGTACCG_009,72
ATCTGGAACATGTGGTACCG_010,21
ATCTGGAACATGTGGTACCG_011,9
ATCTGGAACATGTGGTACCG_012,128
ATCTGGAACATGTGGTACCG_013,180
ATCTGGAACATGTGGTACCG_014,175
ATCTGGAACATGTGGTACCG_015,174
ATCTGGAACATGTGGTACCG_016,35
ATCTGGAACATGTGGTACCG_017,4
ATCTGGAACATGTGGTACCG_018,28
ATCTGGAACATGTGGTACCG_019,170
ATCTGGAACATGTGGTACCG_020,17
CACAAAGCGATCCAAGCTCA_001,56
CACAAAGCGATCCAAGCTCA_002,170
CACAAAGCGATCCAAGCTCA_003,39
CACAAAGCGATCCAAGCTCA_004,185
CACAAAGCGATCCAAGCTCA_005,41
CACAAAGCGATCCAAGCTCA_006,52
GGTTGATATGCATGTGGTCA_001,44
GGTTGATATGCATGTGGTCA_002,173
GTGAGCAGCTTTGTGGACCC_001,78
GTGAGCAGCTTTGTGGACCC_002,18
GTGAGCAGCTTTGTGGACCC_003,138
ACACAGCGTAGACGGCCGTA_001,91
ACACAGCGTAGACGGCCGTA_002,29
ACACAGCGTAGACGGCCGTA_003,12
ACACAGCGTAGACGGCCGTA_004,145
ACACAGCGTAGACGGCCGTA_005,102
ACACAGCGTAGACGGCCGTA_006,114
ACACAGCGTAGACGGCCGTA_007,58
ACACAGCGTAGACGGCCGTA_008,83
ACACAGCGTAGACGGCCGTA_009,184
ACACAGCGTAGACGGCCGTA_010,150
ACACAGCGTAGACGGCCGTA_011,21
ACACAGCGTAGACGGCCGTA_012,80
ACACAGCGTAGACGGCCGTA_013,169
ACACAGCGTAGACGGCCGTA_014,101
ACACAGCGTAGACGGCCGTA_015,63
GCTGCATTTACAAAATGTGC_001,70
GCTGCATTTACAAAATGTGC_002,68
GCTGCATTTACAAAATGTGC_003,196
GCTGCATTTACAAAATGTGC_004,127
GCTGCATTTACAAAATGTGC_005,154
GCTGCATTTACAAAATGTGC_006,114
GCTGCATTTACAAAATGTGC_007,147
GCTGCATTTACAAAATGTGC_008,166
GCTGCATTTACAAAATGTGC_009,83
GCTGCATTTACAAAATGTGC_010,69
GCTGCATTTACAAAATGTGC_011,75
GCTGCATTTACAAAATGTGC_012,63
GCTGCATTTACAAAATGTGC_013,115
TCCTGGCTGAGATGCTTACG_001,105
TCCTGGCTGAGATGCTTACG_002,94
TCCTGGCTGAGATGCTTACG_003,5
TCCTGGCTGAGATGCTTACG_004,40
TCCTGGCTGAGATGCTTACG_005,148
TCCTGGCTGAGATGCTTACG_006,162
TGTGTTCCAGCTTAAACTGG_001,88
TGTGTTCCAGCTTAAACTGG_002,108
TGTGTTCCAGCTTAAACTGG_003,4
TGTGTTCCAGCTTAAACTGG_004,88
TGTGTTCCAGCTTAAACTGG_005,62
TGTGTTCCAGCTTAAACTGG_006,40
GTGTAGTACCGCTTGAGGAG_001,188
GTGTAGTACCGCTTGAGGAG_002,48
GTGTAGTACCGCTTGAGGAG_003,177
GTGTAGTACCGCTTGAGGAG_004,111
GTGTAGTACCGCTTGAGGAG_005,48
GTGTAGTACCGCTTGAGGAG_006,105
GTGTAGTACCGCTTGAGGAG_007,40
GTGTAGTACCGCTTGAGGAG_008,46
GTGTAGTACCGCTTGAGGAG_009,161
TGATGATCAAACCATAAACC_001,90
CCTGGAGCTGCGTTTCGCGG_001,194
CCTGGAGCTGCGTTTCGCGG_002,48
CCTGGAGCTGCGTTTCGCGG_003,5
CCTGGAGCTGCGTTTCGCGG_004,84
CCTGGAGCTGCGTTTCGCGG_005,157
CCTGGAGCTGCGTTTCGCGG_006,150
CCTACGTGGAGGCAAACATG_001,154
CCTACGTGGAGGCAAACATG_002,199
CCTACGTGGAGGCAAACATG_003,134
CCTACGTGGAGGCAAACATG_004,176
CCTACGTGGAGGCAAACATG_005,30
CCTACGTGGAGGCAAACATG_006,107
CCTACGTGGAGGCAAACATG_007,145
CCTACGTGGAGGCAAACATG_008,169
CCTACGTGGAGGCAAACATG_009,17
CCTACGTGGAGGCAAACATG_010,188
CCTACGTGGAGGCAAACATG_011,105
CCTACGTGGAGGCAAACATG_012,185
CCTACGTGGAGGCAAACATG_013,44
CCTACGTGGAGGCAAACATG_014,192
CCTACGTGGAGGCAAACATG_015,169
CCTACGTGGAGGCAAACATG_016,68
GAACAGGATCTCGCTGACCG_001,20
AGTTCACATAAACATAGGGA_001,183
AGTTCACATAAACATAGGGA_002,72
AGTTCACATAAACATAGGGA_003,102
AGTTCACATAAACATAGGGA_004,104
AGTTCACATAAACATAGGGA_005,137
AGTTCACATAAACATAGGGA_006,92
AGTTCACATAAACATAGGGA_007,77
AGTTCACATAAACATAGGGA_008,23
AGTTCACATAAACATAGGGA_009,48
AGTTCACATAAACATAGGGA_010,11
GGTGGAAGCAGACCTTGTGG_001,120
GGTGGAAGCAGACCTTGTGG_002,151
GGTGGAAGCAGACCTTGTGG_003,140
GGTGGAAGCAGACCTTGTGG_004,92
TGTCCCTGTTCGAGTAATGC_001,181
GCTTTCAATTGCAAAAATAC_001,174
GCTTTCAATTGCAAAAATAC_002,127
CCGAGTCGACTTGCTCAAAG_001,94
CCGAGTCGACTTGCTCAAAG_002,81
CCGAGTCGACTTGCTCAAAG_003,48
CCGAGTCGACTTGCTCAAAG_004,38
CCGAGTCGACTTGCTCAAAG_005,149
CCGAGTCGACTTGCTCAAAG_006,11
CCGAGTCGACTTGCTCAAAG_007,108
CCGAGTCGACTTGCTCAAAG_008,111
CCGAGTCGACTTGCTCAAAG_009,182
CCGAGTCGACTTGCTCAAAG_010,161
CCGAGTCGACTTGCTCAAAG_011,190
GAGATATCATCACGCTGACT_001,194
GAGATATCATCACGCTGACT_002,10
AACTGCACGTGGTATTTGTG_001,48
AACTGCACGTGGTATTTGTG_002,50
AACTGCACGTGGTATTTGTG_003,107
AACTGCACGTGGTATTTGTG_004,35
AACTGCACGTGGTATTTGTG_005,58
AACTGCACGTGGTATTTGTG_006,150
AACTGCACGTGGTATTTGTG_007,199
AACTGCACGTGGTATTTGTG_008,169
AACTGCACGTGGTATTTGTG_009,98
AACTGCACGTGGTATTTGTG_010,65
AACTGCACGTGGTATTTGTG_011,149
AACTGCACGTGGTATTTGTG_012,50
GAGAACGGCCACGACTTCCG_001,188
GAGAACGGCCACGACTTCCG_002,15
GAGAACGGCCACGACTTCCG_003,185
GAGAACGGCCACGACTTCCG_004,143
GAGAACGGCCACGACTTCCG_005,198
GAGAACGGCCACGACTTCCG_006,113
GAGAACGGCCACGACTTCCG_007,199
GAGAACGGCCACGACTTCCG_008,4
GAGAACGGCCACGACTTCCG_009,82
GAGAACGGCCACGACTTCCG_010,156
GAGAACGGCCACGACTTCCG_011,146
GAGAACGGCCACGACTTCCG_012,108
GAGAACGGCCACGACTTCCG_013,133
GAGAACGGCCACGACTTCCG_014,88
GAGAACGGCCACGACTTCCG_015,41
GAGAACGGCCACGACTTCCG_016,101
GAGAACGGCCACGACTTCCG_017,60
GAGAACGGCCACGACTTCCG_018,28
GAGAACGGCCACGACTTCCG_019,142
GAGAACGGCCACGACTTCCG_020,188
GAGAACGGCCACGACTTCCG_021,19
ATGTCTGCATGATCAGGCAA_001,8
ATGTCTGCATGATCAGGCAA_002,159
ATGTCTGCATGATCAGGCAA_003,138
GCAATCTGGTCATTAAGCAG_001,17
GCAATCTGGTCATTAAGCAG_002,93
GCAATCTGGTCATTAAGCAG_003,115
GCAATCTGGTCATTAAGCAG_004,64
GCAATCTGGTCATTAAGCAG_005,101
GCAATCTGGTCATTAAGCAG_006,174
GCAATCTGGTCATTAAGCAG_007,140
GCAATCTGGTCATTAAGCAG_008,141
GCAATCTGGTCATTAAGCAG_009,68
GCAATCTGGTCATTAAGCAG_010,14
GCAATCTGGTCATTAAGCAG_011,22
GCAATCTGGTCATTAAGCAG_012,149
GCAATCTGGTCATTAAGCAG_013,19
GCAATCTGGTCATTAAGCAG_014,148
GCAATCTGGTCATTAAGCAG_015,1
GCAATCTGGTCATTAAGCAG_016,149
GCAATCTGGTCATTAAGCAG_017,104
GCAATCTGGTCATTAAGCAG_018,171
GCAATCTGGTCATTAAGCAG_019,64
GCAATCTGGTCATTAAGCAG_020,168
GCAGTGCCGTGACCACGAGG_001,157
GCAGTGCCGTGACCACGAGG_002,47
GCAGTGCCGTGACCACGAGG_003,54
GCAGTGCCGTGACCACGAGG_004,130
GCAGTGCCGTGACCACGAGG_005,168
GCAGTGCCGTGACCACGAGG_006,160
GCAGTGCCGTGACCACGAGG_007,189
GCAGTGCCGTGACCACGAGG_008,171
GCAGTGCCGTGACCACGAGG_009,78
GCAGTGCCGTGACCACGAGG_010,78
GCAGTGCCGTGACCACGAGG_011,98
GCAGTGCCGTGACCACGAGG_012,144
GCAGTGCCGTGACCACGAGG_013,63
GCAGTGCCGTGACCACGAGG_014,190
GCAGTGCCGTGACCACGAGG_015,103
GCAGTGCCGTGACCACGAGG_016,164
GCAGTGCCGTGACCACGAGG_017,93
GCAGTGCCGTGACCACGAGG_018,93
GCAGTGCCGTGACCACGAGG_019,40
GCAGTGCCGTGACCACGAGG_020,69
GCAGTGCCGTGACCACGAGG_021,122
GCAGTGCCGTGACCACGAGG_022,160
GCAGTGCCGTGACCACGAGG_023,50
GCAGTGCCGTGACCACGAGG_024,174
GCAGTGCCGTGACCACGAGG_025,145
GCAGTGCCGTGACCACGAGG_026,91
GCAGTGCCGTGACCACGAGG_027,65
GCAGTGCCGTGACCACGAGG_028,152
GCAGTGCCGTGACCACGAGG_029,123
GCAGTGCCGTGACCACGAGG_030,98
GCAGTGCCGTGACCACGAGG_031,130
GCAGTGCCGTGACCACGAGG_032,78
GCAGTGCCGTGACCACGAGG_033,146
GCAGTGCCGTGACCACGAGG_034,19
GCAGTGCCGTGACCACGAGG_035,115
AGTGGTTCGGGAGCCAACGT_001,146
AGTGGTTCGGGAGCCAACGT_002,197
AGTGGTTCGGGAGCCAACGT_003,168
AGTGGTTCGGGAGCCAACGT_004,48
AGTGGTTCGGGAGCCAACGT_005,96
AGTGGTTCGGGAGCCAACGT_006,118
AGTGGTTCGGGAGCCAACGT_007,12
AGTGGTTCGGGAGCCAACGT_008,137
AGTGGTTCGGGAGCCAACGT_009,150
AGTGGTTCGGGAGCCAACGT_010,78
AGTGGTTCGGGAGCCAACGT_011,122
AGTGGTTCGGGAGCCAACGT_012,183
AGTGGTTCGGGAGCCAACGT_013,170
AGTGGTTCGGGAGCCAACGT_014,178
TCCATCTTGAGGATGACATG_001,195
TCCATCTTGAGGATGACATG_002,175
TCCATCTTGAGGATGACATG_003,48
TCCATCTTGAGGATGACATG_004,192
TCCATCTTGAGGATGACATG_005,144
TCCATCTTGAGGATGACATG_006,187
AAGTCTGGCAGCAACAACCT_001,23
AAGTCTGGCAGCAACAACCT_002,77
AAGTCTGGCAGCAACAACCT_003,29
AAGTCTGGCAGCAACAACCT_004,27
AAGTCTGGCAGCAACAACCT_005,140
AAGTCTGGCAGCAACAACCT_006,38
AAGTCTGGCAGCAACAACCT_007,174
AAGTCTGGCAGCAACAACCT_008,177
AAGTCTGGCAGCAACAACCT_009,190
AAGTCTGGCAGCAACAACCT_010,62
AAGTCTGGCAGCAACAACCT_011,77
AAGTCTGGCAGCAACAACCT_012,94
AAGTCTGGCAGCAACAACCT_013,114
AAGTCTGGCAGCAACAACCT_014,115
AAGTCTGGCAGCAACAACCT_015,2
AAGTCTGGCAGCAACAACCT_016,120
CGTTCCGCGGGATCTTGCAG_001,48
CGTTCCGCGGGATCTTGCAG_002,28
CACAGCGATTTCTTCGCGTG_001,118
CACAGCGATTTCTTCGCGTG_002,197
CACAGCGATTTCTTCGCGTG_003,170
CACAGCGATTTCTTCGCGTG_004,172
CACAGCGATTTCTTCGCGTG_005,168
CACAGCGATTTCTTCGCGTG_006,174
CACAGCGATTTCTTCGCGTG_007,136
CACAGCGATTTCTTCGCGTG_008,57
CACAGCGATTTCTTCGCGTG_009,144
CACAGCGATTTCTTCGCGTG_010,21
CACAGCGATTTCTTCGCGTG_011,65
CACAGCGATTTCTTCGCGTG_012,72
GTAGGGTAAGAAGTACCAAT_001,24
GTAGGGTAAGAAGTACCAAT_002,7
GTAGGGTAAGAAGTACCAAT_003,62
GTAGGGTAAGAAGTACCAAT_004,15
GTAGGGTAAGAAGTACCAAT_005,150
GTAGGGTAAGAAGTACCAAT_006,16
GTAGGGTAAGAAGTACCAAT_007,72
GTAGGGTAAGAAGTACCAAT_008,137
GTAGGGTAAGAAGTACCAAT_009,177
GTAGGGTAAGAAGTACCAAT_010,98
GTAGGGTAAGAAGTACCAAT_011,69
CTCCCAGGAACCAAATCGGG_001,0
CTCCCAGGAACCAAATCGGG_002,8
CTCCCAGGAACCAAATCGGG_003,177
CTCCCAGGAACCAAATCGGG_004,94
CTCCCAGGAACCAAATCGGG_005,182
CTCCCAGGAACCAAATCGGG_006,169
CTCCCAGGAACCAAATCGGG_007,86
CTCCCAGGAACCAAATCGGG_008,48
CTCCCAGGAACCAAATCGGG_009,78
CTCCCAGGAACCAAATCGGG_010,138
CTCCCAGGAACCAAATCGGG_011,65
CTCCCAGGAACCAAATCGGG_012,87
CTCCCAGGAACCAAATCGGG_013,19
CTCCCAGGAACCAAATCGGG_014,115
CTCCCAGGAACCAAATCGGG_015,129
CTCCCAGGAACCAAATCGGG_016,92
TGGGCCACAAGGCCCTATTG_001,61
TGGGCCACAAGGCCCTATTG_002,111
TGGGCCACAAGGCCCTATTG_003,162
TGGGCCACAAGGCCCTATTG_004,163
AAAGACGAGAACAGGCACAG_001,96
AAAGACGAGAACAGGCACAG_002,108
AAAGACGAGAACAGGCACAG_003,173
AAAGACGAGAACAGGCACAG_004,149
AAAGACGAGAACAGGCACAG_005,19
AAAGACGAGAACAGGCACAG_006,193
AAAGACGAGAACAGGCACAG_007,145
AAAGACGAGAACAGGCACAG_008,102
AAAGACGAGAACAGGCACAG_009,104
AAAGACGAGAACAGGCACAG_010,190
AAAGACGAGAACAGGCACAG_011,178
AAAGACGAGAACAGGCACAG_012,19
AAAGACGAGAACAGGCACAG_013,11
AAAGACGAGAACAGGCACAG_014,15
AAAGACGAGAACAGGCACAG_015,96
AAAGACGAGAACAGGCACAG_016,67
AAAGACGAGAACAGGCACAG_017,78
AAAGACGAGAACAGGCACAG_018,58
AAAGACGAGAACAGGCACAG_019,12
AAAGACGAGAACAGGCACAG_020,106
AAAGACGAGAACAGGCACAG_021,52
AAAGACGAGAACAGGCACAG_022,34
AAAGACGAGAACAGGCACAG_023,94
AAAGACGAGAACAGGCACAG_024,151
AAAGACGAGAACAGGCACAG_025,188
AAAGACGAGAACAGGCACAG_026,117
ACAAAACTCACCTACTGTCA_001,9
ACAAAACTCACCTACTGTCA_002,146
ACAAAACTCACCTACTGTCA_003,77
ACAAAACTCACCTACTGTCA_004,20
ACAAAACTCACCTACTGTCA_005,53
ACAAAACTCACCTACTGTCA_006,48
ACAAAACTCACCTACTGTCA_007,128
AACCCAATGTCTATTGAGGT_001,124
AACCCAATGTCTATTGAGGT_002,174
CCCGTCATGTGTGATATCCA_001,134
CCCGTCATGTGTGATATCCA_002,75
CCCGTCATGTGTGATATCCA_003,74
CCCGTCATGTGTGATATCCA_004,172
CCCGTCATGTGTGATATCCA_005,15
GCTGTTAGGAACCTAACAGA_001,50
GCTGTTAGGAACCTAACAGA_002,174
GCTGTTAGGAACCTAACAGA_003,45
GGATTGTCTGGTGACGAACA_001,132
GGATTGTCTGGTGACGAACA_002,70
GGATTGTCTGGTGACGAACA_003,42
GGATTGTCTGGTGACGAACA_004,163
GGATTGTCTGGTGACGAACA_005,88
GGATTGTCTGGTGACGAACA_006,9
GGATTGTCTGGTGACGAACA_007,199
GGATTGTCTGGTGACGAACA_008,158
GGATTGTCTGGTGACGAACA_009,115
GGATTGTCTGGTGACGAACA_010,30
GGATTGTCTGGTGACGAACA_011,69
GGATTGTCTGGTGACGAACA_012,106
GCCCTGGCTGGATCCCGCAG_001,176
GCCCTGGCTGGATCCCGCAG_002,62
GCCCTGGCTGGATCCCGCAG_003,55
GCCCTGGCTGGATCCCGCAG_004,140
GCCCTGGCTGGATCCCGCAG_005,83
GCCCTGGCTGGATCCCGCAG_006,142
GCCCTGGCTGGATCCCGCAG_007,57
CCACGTGCTAAAAAGATGAA_001,76
CCACGTGCTAAAAAGATGAA_002,81
CCACGTGCTAAAAAGATGAA_003,24
CCACGTGCTAAAAAGATGAA_004,44
CCACGTGCTAAAAAGATGAA_005,180
CCACGTGCTAAAAAGATGAA_006,144
CCACGTGCTAAAAAGATGAA_007,141
CCACGTGCTAAAAAGATGAA_008,169
CCACGTGCTAAAAAGATGAA_009,192
CCACGTGCTAAAAAGATGAA_010,65
CCACGTGCTAAAAAGATGAA_011,104
CCACGTGCTAAAAAGATGAA_012,68
AGGGGAACTTCGTTCAGTGA_001,21
AGGGGAACTTCGTTCAGTGA_002,172
AGGGGAACTTCGTTCAGTGA_003,129
AGGGGAACTTCGTTCAGTGA_004,177
AGGGGAACTTCGTTCAGTGA_005,48
AGGGGAACTTCGTTCAGTGA_006,78
AGGGGAACTTCGTTCAGTGA_007,188
AGGGGAACTTCGTTCAGTGA_008,1
AGGGGAACTTCGTTCAGTGA_009,180
AGGGGAACTTCGTTCAGTGA_010,162
AGGGGAACTTCGTTCAGTGA_011,170
AGGGGAACTTCGTTCAGTGA_012,155
GAGCACTGGCCCCACACCAG_001,130
GAGCACTGGCCCCACACCAG_002,146
GAGCACTGGCCCCACACCAG_003,105
GAGCACTGGCCCCACACCAG_004,2
GAGCACTGGCCCCACACCAG_005,2
GAGCACTGGCCCCACACCAG_006,145
GAGCACTGGCCCCACACCAG_007,76
GAGCACTGGCCCCACACCAG_008,49
GAGCACTGGCCCCACACCAG_009,63
GAGCACTGGCCCCACACCAG_010,137
GAGCACTGGCCCCACACCAG_011,76
GAGCACTGGCCCCACACCAG_012,78
GAGCACTGGCCCCACACCAG_013,26
GAGCACTGGCCCCACACCAG_014,8
GAGCACTGGCCCCACACCAG_015,45
GAGCACTGGCCCCACACCAG_016,153
GAGCACTGGCCCCACACCAG_017,32
GAGCACTGGCCCCACACCAG_018,13
GAGCACTGGCCCCACACCAG_019,10
GAGCACTGGCCCCACACCAG_020,141
GAGCACTGGCCCCACACCAG_021,47
GAGCACTGGCCCCACACCAG_022,150
GAGCACTGGCCCCACACCAG_023,81
GAGCACTGGCCCCACACCAG_024,158
GAGCACTGGCCCCACACCAG_025,170
GAGCACTGGCCCCACACCAG_026,52
GAGCACTGGCCCCACACCAG_027,115
GAGCACTGGCCCCACACCAG_028,56
GAGCACTGGCCCCACACCAG_029,144
GAGCACTGGCCCCACACCAG_030,135
GAGCACTGGCCCCACACCAG_031,144
GAGCACTGGCCCCACACCAG_032,139
GAGCACTGGCCCCACACCAG_033,23
GAGCACTGGCCCCACACCAG_034,194
GAGCACTGGCCCCACACCAG_035,48
GAGCACTGGCCCCACACCAG_036,144
GAGCACTGGCCCCACACCAG_037,118
GAGCACTGGCCCCACACCAG_038,121
GAGCACTGGCCCCACACCAG_039,19
GAGCACTGGCCCCACACCAG_040,4
GAGCACTGGCCCCACACCAG_041,43
GAGCACTGGCCCCACACCAG_042,78
GAGCACTGGCCCCACACCAG_043,174
GAGCACTGGCCCCACACCAG_044,16
CATGGTTATTCCCAGTGACA_001,6
CATGGTTATTCCCAGTGACA_002,30
CATGGTTATTCCCAGTGACA_003,127
CATGGTTATTCCCAGTGACA_004,9
CATGGTTATTCCCAGTGACA_005,40
GGCGATGACCGCGTACTGGG_001,143
GGCGATGACCGCGTACTGGG_002,6
GGCGATGACCGCGTACTGGG_003,65
GGCGATGACCGCGTACTGGG_004,15
GGCGATGACCGCGTACTGGG_005,91
GGCGATGACCGCGTACTGGG_006,190
GGCGATGACCGCGTACTGGG_007,140
GGCGATGACCGCGTACTGGG_008,22
GGCGATGACCGCGTACTGGG_009,162
GGCGATGACCGCGTACTGGG_010,105
GGCGATGACCGCGTACTGGG_011,127
GGCGATGACCGCGTACTGGG_012,17
GGCGATGACCGCGTACTGGG_013,77
GGCGATGACCGCGTACTGGG_014,139
GGCGATGACCGCGTACTGGG_015,168
GGCGATGACCGCGTACTGGG_016,34
GGCGATGACCGCGTACTGGG_017,41
GGCGATGACCGCGTACTGGG_018,2
GGCAAGTGGAGCAGCCAACG_001,88
GGCAAGTGGAGCAGCCAACG_002,88
GGCAAGTGGAGCAGCCAACG_003,170
GGCAAGTGGAGCAGCCAACG_004,107
GGCAAGTGGAGCAGCCAACG_005,16
GGCAAGTGGAGCAGCCAACG_006,168
GGCAAGTGGAGCAGCCAACG_007,33
GGCAAGTGGAGCAGCCAACG_008,52
GGCAAGTGGAGCAGCCAACG_009,81
GGCAAGTGGAGCAGCCAACG_010,160
GGCAAGTGGAGCAGCCAACG_011,176
GGCAAGTGGAGCAGCCAACG_012,49
GGCAAGTGGAGCAGCCAACG_013,59
AAGACCTTCGCGAATCCAAG_001,124
AAGACCTTCGCGAATCCAAG_002,86
AAGACCTTCGCGAATCCAAG_003,164
AAGACCTTCGCGAATCCAAG_004,130
AAGACCTTCGCGAATCCAAG_005,91
AAGACCTTCGCGAATCCAAG_006,110
AAGACCTTCGCGAATCCAAG_007,150
CCAGCCTTAACACGCATCAG_001,152
CCAGCCTTAACACGCATCAG_002,57
CCAGCCTTAACACGCATCAG_003,41
CCAGCCTTAACACGCATCAG_004,132
CCAGCCTTAACACGCATCAG_005,67
CCAGCCTTAACACGCATCAG_006,10
CCAGCCTTAACACGCATCAG_007,159
CCAGCCTTAACACGCATCAG_008,140
CCAGCCTTAACACGCATCAG_009,152
CCAGCCTTAACACGCATCAG_010,79
CCAGCCTTAACACGCATCAG_011,43
CCAGCCTTAACACGCATCAG_012,147
GGAAGTTAATCCGGAGCAGA_001,106
GGAAGTTAATCCGGAGCAGA_002,106
GGAAGTTAATCCGGAGCAGA_003,168
GGAAGTTAATCCGGAGCAGA_004,170
GGAAGTTAATCCGGAGCAGA_005,165
GGAAGTTAATCCGGAGCAGA_006,195
GGAAGTTAATCCGGAGCAGA_007,168
GGAAGTTAATCCGGAGCAGA_008,74
GGAAGTTAATCCGGAGCAGA_009,121
GGAAGTTAATCCGGAGCAGA_010,197
GGAAGTTAATCCGGAGCAGA_011,107
GGAAGTTAATCCGGAGCAGA_012,137
GGAAGTTAATCCGGAGCAGA_013,74
GGAAGTTAATCCGGAGCAGA_014,158
TTGTGTATGACATCAGTGAT_001,95
TTGTGTATGACATCAGTGAT_002,1
CACTGAATGAGCCCCGCAGT_001,169
CACTGAATGAGCCCCGCAGT_002,112
CACTGAATGAGCCCCGCAGT_003,112
CACTGAATGAGCCCCGCAGT_004,92
CACTGAATGAGCCCCGCAGT_005,185
CACTGAATGAGCCCCGCAGT_006,58
CACTGAATGAGCCCCGCAGT_007,98
CACTGAATGAGCCCCGCAGT_008,188
CACTGAATGAGCCCCGCAGT_009,151
CATACCTTATGGGAATAATG_001,58
CATACCTTATGGGAATAATG_002,162
CATACCTTATGGGAATAATG_003,80
CATACCTTATGGGAATAATG_004,108
CATACCTTATGGGAATAATG_005,104
CATACCTTATGGGAATAATG_006,143
CATACCTTATGGGAATAATG_007,168
CATACCTTATGGGAATAATG_008,96
CATACCTTATGGGAATAATG_009,197
CATACCTTATGGGAATAATG_010,171
CATACCTTATGGGAATAATG_011,138
CATACCTTATGGGAATAATG_012,198
ACAATATCAAGGAACAGGAG_001,41
ACAATATCAAGGAACAGGAG_002,103
ACAATATCAAGGAACAGGAG_003,19
ACAATATCAAGGAACAGGAG_004,62
ACAATATCAAGGAACAGGAG_005,114
ACAATATCAAGGAACAGGAG_006,5
ACAATATCAAGGAACAGGAG_007,44
ACAATATCAAGGAACAGGAG_008,21
CATTCTGGTAACATATGTAG_001,198
CATTCTGGTAACATATGTAG_002,180
CATTCTGGTAACATATGTAG_003,106
CATTCTGGTAACATATGTAG_004,115
GACAGTGTTTAGCTCGAGCG_001,74
GACAGTGTTTAGCTCGAGCG_002,8
GACAGTGTTTAGCTCGAGCG_003,2
GACAGTGTTTAGCTCGAGCG_004,76
GACAGTGTTTAGCTCGAGCG_005,1
GACAGTGTTTAGCTCGAGCG_006,187
GACAGTGTTTAGCTCGAGCG_007,1
GACAGTGTTTAGCTCGAGCG_008,49
GACAGTGTTTAGCTCGAGCG_009,65
GACAGTGTTTAGCTCGAGCG_010,146
GACAGTGTTTAGCTCGAGCG_011,145
GACAGTGTTTAGCTCGAGCG_012,162
GACAGTGTTTAGCTCGAGCG_013,198
GACAGTGTTTAGCTCGAGCG_014,199
CCAAGTATGATGAGTCTATG_001,170
CCAAGTATGATGAGTCTATG_002,127
CCAAGTATGATGAGTCTATG_003,48
CCAAGTATGATGAGTCTATG_004,81
CCAAGTATGATGAGTCTATG_005,58
CCAAGTATGATGAGTCTATG_006,179
CCAAGTATGATGAGTCTATG_007,169
CCAAGTATGATGAGTCTATG_008,36
CCAAGTATGATGAGTCTATG_009,155
CCAAGTATGATGAGTCTATG_010,82
CCAAGTATGATGAGTCTATG_011,11
ATCTAATTCAACAACATCAG_001,90
ATCTAATTCAACAACATCAG_002,152
ATCTAATTCAACAACATCAG_003,40
ATCTAATTCAACAACATCAG_004,108
ATCTAATTCAACAACATCAG_005,196
ATCTAATTCAACAACATCAG_006,124
CTTGCGCTGCCCCTTCACGT_001,107
CTTGCGCTGCCCCTTCACGT_002,95
AGGCGGGAACTAGAGCCCAA_001,103
AGGCGGGAACTAGAGCCCAA_002,58
AGGCGGGAACTAGAGCCCAA_003,188
AGGCGGGAACTAGAGCCCAA_004,19
AGGCGGGAACTAGAGCCCAA_005,199
AGGCGGGAACTAGAGCCCAA_006,149
AGGCGGGAACTAGAGCCCAA_007,105
AGGCGGGAACTAGAGCCCAA_008,108
AGGCGGGAACTAGAGCCCAA_009,108
AGGCGGGAACTAGAGCCCAA_010,98
AGGCGGGAACTAGAGCCCAA_011,197
AGGCGGGAACTAGAGCCCAA_012,197
AGGCGGGAACTAGAGCCCAA_013,15
AGGCGGGAACTAGAGCCCAA_014,160
AGGCGGGAACTAGAGCCCAA_015,88
AGGCGGGAACTAGAGCCCAA_016,80
AGGCGGGAACTAGAGCCCAA_017,48
AGGCGGGAACTAGAGCCCAA_018,184
AGGCGGGAACTAGAGCCCAA_019,77
AGGCGGGAACTAGAGCCCAA_020,48
AGGCGGGAACTAGAGCCCAA_021,189
AGGCGGGAACTAGAGCCCAA_022,14
AGGCGGGAACTAGAGCCCAA_023,157
AGGCGGGAACTAGAGCCCAA_024,154
AGGCGGGAACTAGAGCCCAA_025,82
AGGCGGGAACTAGAGCCCAA_026,67
AGGCGGGAACTAGAGCCCAA_027,77
AGGCGGGAACTAGAGCCCAA_028,13
AGGCGGGAACTAGAGCCCAA_029,102
AGGCGGGAACTAGAGCCCAA_030,9
AGGACTGTGGACCTCAGTAA_001,157
AGGACTGTGGACCTCAGTAA_002,184
AGGACTGTGGACCTCAGTAA_003,17
AGGACTGTGGACCTCAGTAA_004,68
AGGACTGTGGACCTCAGTAA_005,116
AGGACTGTGGACCTCAGTAA_006,128
AGGACTGTGGACCTCAGTAA_007,105
AGGACTGTGGACCTCAGTAA_008,50
AGGACTGTGGACCTCAGTAA_009,68
AGGACTGTGGACCTCAGTAA_010,113
TGAGCACAGCACTAACTGGG_001,169
TGAGCACAGCACTAACTGGG_002,149
TGAGCACAGCACTAACTGGG_003,97
TGAGCACAGCACTAACTGGG_004,62
TGAGCACAGCACTAACTGGG_005,33
TGAGCACAGCACTAACTGGG_006,196
TGAGCACAGCACTAACTGGG_007,70
TGAGCACAGCACTAACTGGG_008,192
TGAGCACAGCACTAACTGGG_009,33
TGAGCACAGCACTAACTGGG_010,75
TGAGCACAGCACTAACTGGG_011,2
TGAGCACAGCACTAACTGGG_012,174
TGAGCACAGCACTAACTGGG_013,83
TGAGCACAGCACTAACTGGG_014,66
TGAGCACAGCACTAACTGGG_015,54
CAGCCAAAGAGGGATTTGCA_001,130
CAGCCAAAGAGGGATTTGCA_002,107
CAGCCAAAGAGGGATTTGCA_003,83
CAGCCAAAGAGGGATTTGCA_004,160
CAGCCAAAGAGGGATTTGCA_005,139
CAGCCAAAGAGGGATTTGCA_006,55
CAGCCAAAGAGGGATTTGCA_007,104
CAGCCAAAGAGGGATTTGCA_008,44
CAGCCAAAGAGGGATTTGCA_009,44
CAGCCAAAGAGGGATTTGCA_010,83
CAGCCAAAGAGGGATTTGCA_011,158
CAGCCAAAGAGGGATTTGCA_012,68
CAGCCAAAGAGGGATTTGCA_013,43
CAGCCAAAGAGGGATTTGCA_014,0
CAGCCAAAGAGGGATTTGCA_015,120
CAGCCAAAGAGGGATTTGCA_016,43
CAGCCAAAGAGGGATTTGCA_017,2
CAGCCAAAGAGGGATTTGCA_018,106
CAGCCAAAGAGGGATTTGCA_019,32
CAGCCAAAGAGGGATTTGCA_020,172
CAGCCAAAGAGGGATTTGCA_021,80
CCAGGTGGATGTATGCACAC_001,46
CCAGGTGGATGTATGCACAC_002,187
CCAGGTGGATGTATGCACAC_003,121
CCAGGTGGATGTATGCACAC_004,94
CCAGGTGGATGTATGCACAC_005,106
CCAGGTGGATGTATGCACAC_006,15
GCAGTTCTGGATGTAGCAGG_001,70
GCGCTGAAGGCGGATCGCGG_001,81
GCGCTGAAGGCGGATCGCGG_002,62
GCGCTGAAGGCGGATCGCGG_003,158
GCGCTGAAGGCGGATCGCGG_004,81
GCGCTGAAGGCGGATCGCGG_005,63
GCGCTGAAGGCGGATCGCGG_006,184
GCGCTGAAGGCGGATCGCGG_007,111
GCGCTGAAGGCGGATCGCGG_008,154
GCGCTGAAGGCGGATCGCGG_009,60
GCGCTGAAGGCGGATCGCGG_010,113
GCGCTGAAGGCGGATCGCGG_011,1
GCGCTGAAGGCGGATCGCGG_012,34
GCGCTGAAGGCGGATCGCGG_013,115
GCGCTGAAGGCGGATCGCGG_014,160
GCGCTGAAGGCGGATCGCGG_015,26
GCGCTGAAGGCGGATCGCGG_016,177
GCGCTGAAGGCGGATCGCGG_017,42
GCGCTGAAGGCGGATCGCGG_018,193
GCGCTGAAGGCGGATCGCGG_019,84
GCGCTGAAGGCGGATCGCGG_020,3
GCGCTGAAGGCGGATCGCGG_021,50
GCGCTGAAGGCGGATCGCGG_022,74
ACAAATCAGACAAATCCTAG_001,158
ACAAATCAGACAAATCCTAG_002,19
ACAAATCAGACAAATCCTAG_003,117
ACAAATCAGACAAATCCTAG_004,15
AGCCAGACCGAGGCGCCGGT_001,89
AGCCAGACCGAGGCGCCGGT_002,17
AGCCAGACCGAGGCGCCGGT_003,146
AGCCAGACCGAGGCGCCGGT_004,130
AGCCAGACCGAGGCGCCGGT_005,172
AGCCAGACCGAGGCGCCGGT_006,163
AGCCAGACCGAGGCGCCGGT_007,32
AGCCAGACCGAGGCGCCGGT_008,168
AGCCAGACCGAGGCGCCGGT_009,127
AGCCAGACCGAGGCGCCGGT_010,11
AGCCAGACCGAGGCGCCGGT_011,101
AGCCAGACCGAGGCGCCGGT_012,182
AGCCAGACCGAGGCGCCGGT_013,115
AGCCAGACCGAGGCGCCGGT_014,84
AGCCAGACCGAGGCGCCGGT_015,50
AGCCAGACCGAGGCGCCGGT_016,19
AGCCAGACCGAGGCGCCGGT_017,58
AGCCAGACCGAGGCGCCGGT_018,149
AGCCAGACCGAGGCGCCGGT_019,49
AGCCAGACCGAGGCGCCGGT_020,63
AGCCAGACCGAGGCGCCGGT_021,138
AGCCAGACCGAGGCGCCGGT_022,166
AGCCAGACCGAGGCGCCGGT_023,191
CCAGACCTGCCATCACTCCG_001,99
CCAGACCTGCCATCACTCCG_002,54
CCAGACCTGCCATCACTCCG_003,17
CCAGACCTGCCATCACTCCG_004,113
CCAGACCTGCCATCACTCCG_005,104
CCAGACCTGCCATCACTCCG_006,117
CCAGACCTGCCATCACTCCG_007,165
CCAGACCTGCCATCACTCCG_008,35
GACCCATAGAGAGAATCTTG_001,1
GACCCATAGAGAGAATCTTG_002,9
GACCCATAGAGAGAATCTTG_003,198
GACCCATAGAGAGAATCTTG_004,63
GCTTGGTACAAATCCGCCAG_001,56
GGTCCCTTCGGCACGAACCA_001,121
GGTCCCTTCGGCACGAACCA_002,69
GGTCCCTTCGGCACGAACCA_003,132
GGTCCCTTCGGCACGAACCA_004,70
GGTCCCTTCGGCACGAACCA_005,61
GGTCCCTTCGGCACGAACCA_006,43
GGTCCCTTCGGCACGAACCA_007,104
GGTCCCTTCGGCACGAACCA_008,116
GGTCCCTTCGGCACGAACCA_009,5
GCCGGCTGGTAATTCTTAGG_001,45
GTCCGGGGTAGCACACACGT_001,56
GTCCGGGGTAGCACACACGT_002,103
GTCCGGGGTAGCACACACGT_003,134
GTCCGGGGTAGCACACACGT_004,8
GTCCGGGGTAGCACACACGT_005,106
GTCCGGGGTAGCACACACGT_006,119
TGTCGCCTCTCCTCGCGTCG_001,157
TGTCGCCTCTCCTCGCGTCG_002,176
TGTCGCCTCTCCTCGCGTCG_003,120
TGTCGCCTCTCCTCGCGTCG_004,179
TGTCGCCTCTCCTCGCGTCG_005,10
TGTCGCCTCTCCTCGCGTCG_006,186
GAAGGGCAGATGAAATACTA_001,193
GAAGGGCAGATGAAATACTA_002,85
GAAGGGCAGATGAAATACTA_003,130
GAAGGGCAGATGAAATACTA_004,154
GAAGGGCAGATGAAATACTA_005,171
GAAGGGCAGATGAAATACTA_006,6
GAAGGGCAGATGAAATACTA_007,64
GAAGGGCAGATGAAATACTA_008,130
GAAGGGCAGATGAAATACTA_009,81
GAAGGGCAGATGAAATACTA_010,5
GAAGGGCAGATGAAATACTA_011,175
GAAGGGCAGATGAAATACTA_012,149
GAAGGGCAGATGAAATACTA_013,43
GAAGGGCAGATGAAATACTA_014,113
GAAGGGCAGATGAAATACTA_015,116
GAAGGGCAGATGAAATACTA_016,88
GAAGGGCAGATGAAATACTA_017,14
CCAAATCAGAGTCTTGCTGG_001,116
GAGGTATGTCATCGCCATGA_001,42
GAGGTATGTCATCGCCATGA_002,74
GAGGTATGTCATCGCCATGA_003,99
GAGGTATGTCATCGCCATGA_004,163
GAGGTATGTCATCGCCATGA_005,16
GAGGTATGTCATCGCCATGA_006,31
GAGGTATGTCATCGCCATGA_007,192
GAGGTATGTCATCGCCATGA_008,29
GAGGTATGTCATCGCCATGA_009,24
GAGGTATGTCATCGCCATGA_010,10
TCTTTAAGGAGCTACACACT_001,112
TCTTTAAGGAGCTACACACT_002,10
TCTTTAAGGAGCTACACACT_003,17
TCTTTAAGGAGCTACACACT_004,8
TCTTTAAGGAGCTACACACT_005,114
TCTTTAAGGAGCTACACACT_006,160
TCTTTAAGGAGCTACACACT_007,194
TCTTTAAGGAGCTACACACT_008,129
TCTTTAAGGAGCTACACACT_009,49
TCTTTAAGGAGCTACACACT_010,127
TCTTTAAGGAGCTACACACT_011,199
TCTTTAAGGAGCTACACACT_012,41
TCTTTAAGGAGCTACACACT_013,113
TCTTTAAGGAGCTACACACT_014,0
TCTTTAAGGAGCTACACACT_015,117
TCTTTAAGGAGCTACACACT_016,43
TCTTTAAGGAGCTACACACT_017,91
TCTTTAAGGAGCTACACACT_018,171
TCGATTCAGACATCTAAGAT_001,178
TCGATTCAGACATCTAAGAT_002,139
TCGATTCAGACATCTAAGAT_003,154
GCGGGAACGACTCCGGAACA_001,135
GCGGGAACGACTCCGGAACA_002,138
GAGAAAGAGTTTCAAAGCCC_001,154
GAGAAAGAGTTTCAAAGCCC_002,122
CCCACATGCTCAAGCCCAGA_001,109
CCCACATGCTCAAGCCCAGA_002,146
CTTAGAGTGGCCGTTGACAC_001,72
CTTAGAGTGGCCGTTGACAC_002,149
CTTAGAGTGGCCGTTGACAC_003,20
CTTAGAGTGGCCGTTGACAC_004,174
CTTAGAGTGGCCGTTGACAC_005,76
CTTAGAGTGGCCGTTGACAC_006,146
TTGAACGTGTACATAAATTG_001,5
TTGAACGTGTACATAAATTG_002,121
TTGAACGTGTACATAAATTG_003,105
TTGAACGTGTACATAAATTG_004,174
TTGAACGTGTACATAAATTG_005,65
TTGAACGTGTACATAAATTG_006,150
TTGAACGTGTACATAAATTG_007,81
TTGAACGTGTACATAAATTG_008,118
TTGAACGTGTACATAAATTG_009,3
TTGAACGTGTACATAAATTG_010,3
AAGGCCCGAGATGAGACCCG_001,62
AAGGCCCGAGATGAGACCCG_002,169
AAGGCCCGAGATGAGACCCG_003,45
AAGGCCCGAGATGAGACCCG_004,82
AAGGCCCGAGATGAGACCCG_005,184
AAGGCCCGAGATGAGACCCG_006,130
AAGGCCCGAGATGAGACCCG_007,102
AAGGCCCGAGATGAGACCCG_008,15
AAGGCCCGAGATGAGACCCG_009,15
AAGGCCCGAGATGAGACCCG_010,102
AAGGCCCGAGATGAGACCCG_011,35
AAGGCCCGAGATGAGACCCG_012,131
AAGGCCCGAGATGAGACCCG_013,117
AAGGCCCGAGATGAGACCCG_014,11
AAGGCCCGAGATGAGACCCG_015,4
AAGGCCCGAGATGAGACCCG_016,8
AAGGCCCGAGATGAGACCCG_017,120
AAGGCCCGAGATGAGACCCG_018,92
AAGGCCCGAGATGAGACCCG_019,160
AAGGCCCGAGATGAGACCCG_020,130
AAGGCCCGAGATGAGACCCG_021,104
AAGGCCCGAGATGAGACCCG_022,153
AAGGCCCGAGATGAGACCCG_023,152
AAGGCCCGAGATGAGACCCG_024,177
GCCTGTCGCTGCGCTGGAGT_001,145
GCCTGTCGCTGCGCTGGAGT_002,70
GCCTGTCGCTGCGCTGGAGT_003,143
GCCTGTCGCTGCGCTGGAGT_004,189
GCCTGTCGCTGCGCTGGAGT_005,68
GCCTGTCGCTGCGCTGGAGT_006,116
GCCTGTCGCTGCGCTGGAGT_007,77
AGTGGTACCAGACTTCATAG_001,8
AGTGGTACCAGACTTCATAG_002,53
AGTGGTACCAGACTTCATAG_003,187
AGTGGTACCAGACTTCATAG_004,81
AGTGGTACCAGACTTCATAG_005,73
AGTGGTACCAGACTTCATAG_006,21
AGTGGTACCAGACTTCATAG_007,148
AGTGGTACCAGACTTCATAG_008,76
AGTGGTACCAGACTTCATAG_009,50
TCACTGGGGTTGTAATAACC_001,2
TCACTGGGGTTGTAATAACC_002,85
GTTCCACAATGACTGGACGA_001,147
GTTCCACAATGACTGGACGA_002,86
AGGACAAGCAGAAACTCAAG_001,106
AGGACAAGCAGAAACTCAAG_002,182
AGGACAAGCAGAAACTCAAG_003,127
AGGACAAGCAGAAACTCAAG_004,72
AGGACAAGCAGAAACTCAAG_005,174
AGGACAAGCAGAAACTCAAG_006,144
AGGACAAGCAGAAACTCAAG_007,133
AGGACAAGCAGAAACTCAAG_008,120
GGAGGTCAGTTTAGTTGGTG_001,57
GGAGGTCAGTTTAGTTGGTG_002,45
GGAGGTCAGTTTAGTTGGTG_003,155
GGAGGTCAGTTTAGTTGGTG_004,148
GGAGGTCAGTTTAGTTGGTG_005,40
GGAGGTCAGTTTAGTTGGTG_006,61
GGAGGTCAGTTTAGTTGGTG_007,179
GGAGGTCAGTTTAGTTGGTG_008,115
GGAGGTCAGTTTAGTTGGTG_009,130
GGAGGTCAGTTTAGTTGGTG_010,197
GGAGGTCAGTTTAGTTGGTG_011,160
GGAGGTCAGTTTAGTTGGTG_012,147
GGAGGTCAGTTTAGTTGGTG_013,70
GGAGGTCAGTTTAGTTGGTG_014,40
GGAGGTCAGTTTAGTTGGTG_015,124
GGAGGTCAGTTTAGTTGGTG_016,144
GGAGGTCAGTTTAGTTGGTG_017,172
GGTTCCTGGTATGGAAACCT_001,74
GGTTCCTGGTATGGAAACCT_002,2
GGTTCCTGGTATGGAAACCT_003,81
TGAAGATCGGTGCTTCAGGG_001,141
TGAAGATCGGTGCTTCAGGG_002,114
TGAAGATCGGTGCTTCAGGG_003,191
TGAAGATCGGTGCTTCAGGG_004,77
TGAAGATCGGTGCTTCAGGG_005,2
TGAAGATCGGTGCTTCAGGG_006,142
TGAAGATCGGTGCTTCAGGG_007,106
CAACAACAAGCTGTACCAGC_001,147
CAACAACAAGCTGTACCAGC_002,155
CAACAACAAGCTGTACCAGC_003,17
AGTTCAGTGATGCTGCACCG_001,63
AGTTCAGTGATGCTGCACCG_002,15
AGTTCAGTGATGCTGCACCG_003,6
AGTTCAGTGATGCTGCACCG_004,35
AGTTCAGTGATGCTGCACCG_005,127
AGTTCAGTGATGCTGCACCG_006,49
CTATAACATATACCACCCCA_001,53
CTATAACATATACCACCCCA_002,96
CTCCACCTCCCCACCCACCG_001,60
CTCCACCTCCCCACCCACCG_002,102
CTCCACCTCCCCACCCACCG_003,12
CTCCACCTCCCCACCCACCG_004,27
CTCCACCTCCCCACCCACCG_005,108
CTCCACCTCCCCACCCACCG_006,114
CTCCACCTCCCCACCCACCG_007,114
CTCCACCTCCCCACCCACCG_008,31
CTCCACCTCCCCACCCACCG_009,144
CTCCACCTCCCCACCCACCG_010,76
CTCCACCTCCCCACCCACCG_011,105
CTCCACCTCCCCACCCACCG_012,77
CTCCACCTCCCCACCCACCG_013,169
CTCCACCTCCCCACCCACCG_014,12
CTCCACCTCCCCACCCACCG_015,102
CTCCACCTCCCCACCCACCG_016,5
CTCCACCTCCCCACCCACCG_017,114
CTCCACCTCCCCACCCACCG_018,162
CTCCACCTCCCCACCCACCG_019,87
CTCCACCTCCCCACCCACCG_020,119
CTCCACCTCCCCACCCACCG_021,79
CTCCACCTCCCCACCCACCG_022,105
CTCCACCTCCCCACCCACCG_023,105
CTCCACCTCCCCACCCACCG_024,116
CTCCACCTCCCCACCCACCG_025,103
CTCCACCTCCCCACCCACCG_026,58
CTCCACCTCCCCACCCACCG_027,9
CTCCACCTCCCCACCCACCG_028,59
CTCCACCTCCCCACCCACCG_029,185
CTCCACCTCCCCACCCACCG_030,5
CTCCACCTCCCCACCCACCG_031,112
CTCCACCTCCCCACCCACCG_032,135
CTCCACCTCCCCACCCACCG_033,120
CTCCACCTCCCCACCCACCG_034,169
CTCCACCTCCCCACCCACCG_035,65
CTCCACCTCCCCACCCACCG_036,172
CTCCACCTCCCCACCCACCG_037,170
CTCCACCTCCCCACCCACCG_038,162
CTCCACCTCCCCACCCACCG_039,27
CTCCACCTCCCCACCCACCG_040,134
CTCCACCTCCCCACCCACCG_041,160
CTCCACCTCCCCACCCACCG_042,1
CTCCACCTCCCCACCCACCG_043,53
CTCCACCTCCCCACCCACCG_044,12
CTCCACCTCCCCACCCACCG_045,193
CTCCACCTCCCCACCCACCG_046,15
CTCCACCTCCCCACCCACCG_047,140
CTCCACCTCCCCACCCACCG_048,65
CTCCACCTCCCCACCCACCG_049,98
CTCCACCTCCCCACCCACCG_050,162
CTCCACCTCCCCACCCACCG_051,35
CTCCACCTCCCCACCCACCG_052,112
CTCCACCTCCCCACCCACCG_053,50
CTCCACCTCCCCACCCACCG_054,116
CTCCACCTCCCCACCCACCG_055,49
CTCCACCTCCCCACCCACCG_056,40
CTCCACCTCCCCACCCACCG_057,152
CTCCACCTCCCCACCCACCG_058,159
CTCCACCTCCCCACCCACCG_059,56
CTCCACCTCCCCACCCACCG_060,160
CTCCACCTCCCCACCCACCG_061,35
GTCCGTGTGAGACTGCTAAG_001,63
GTCCGTGTGAGACTGCTAAG_002,19
GTCCGTGTGAGACTGCTAAG_003,68
GTCCGTGTGAGACTGCTAAG_004,8
GTCCGTGTGAGACTGCTAAG_005,34
GTCCGTGTGAGACTGCTAAG_006,51
TAGGTACAGCCCAAGCACCT_001,138
TAGGTACAGCCCAAGCACCT_002,51
TAGGTACAGCCCAAGCACCT_003,78
TAGGTACAGCCCAAGCACCT_004,10
TAGGTACAGCCCAAGCACCT_005,104
CAGTCTGTGTGACACCGTCG_001,166
CAGTCTGTGTGACACCGTCG_002,71
CAGTCTGTGTGACACCGTCG_003,16
CAGTCTGTGTGACACCGTCG_004,183
CAGTCTGTGTGACACCGTCG_005,94
CAGTCTGTGTGACACCGTCG_006,58
TGGGGCTGATAGCCATTGCG_001,153
CGCGGGTAGGATAGACCGCG_001,196
CGCGGGTAGGATAGACCGCG_002,150
CGCGGGTAGGATAGACCGCG_003,185
CGCGGGTAGGATAGACCGCG_004,6
CCTTGAACAAGGCCGCAAGG_001,98
CCTTGAACAAGGCCGCAAGG_002,54
CCTTGAACAAGGCCGCAAGG_003,61
CCTTGAACAAGGCCGCAAGG_004,149
CCTTGAACAAGGCCGCAAGG_005,179
CCTTGAACAAGGCCGCAAGG_006,15
CCTTGAACAAGGCCGCAAGG_007,78
CCTTGAACAAGGCCGCAAGG_008,81
CCTTGAACAAGGCCGCAAGG_009,56
CCTTGAACAAGGCCGCAAGG_010,15
CCTTGAACAAGGCCGCAAGG_011,157
CCTTGAACAAGGCCGCAAGG_012,85
GATGTGGTCCAGCAGATCGC_001,182
GATGTGGTCCAGCAGATCGC_002,112
GATGTGGTCCAGCAGATCGC_003,133
GATGTGGTCCAGCAGATCGC_004,48
GATGTGGTCCAGCAGATCGC_005,89
GATGTGGTCCAGCAGATCGC_006,147
GATGTGGTCCAGCAGATCGC_007,50
GATGTGGTCCAGCAGATCGC_008,149
GATGTGGTCCAGCAGATCGC_009,1
GATGTGGTCCAGCAGATCGC_010,147
GATGTGGTCCAGCAGATCGC_011,16
GATGTGGTCCAGCAGATCGC_012,153
GATGTGGTCCAGCAGATCGC_013,110
TGTAGTCGCGATAGACCGGG_001,166
GAAGGCTACTTAGAAAAGGA_001,81
GAAGGCTACTTAGAAAAGGA_002,77
GAAGGCTACTTAGAAAAGGA_003,6
GAAGGCTACTTAGAAAAGGA_004,112
GAAGGCTACTTAGAAAAGGA_005,180
GAAGGCTACTTAGAAAAGGA_006,98
CCAGTCATCAGGTGGAAAAG_001,127
TTAGAGTTCACCGACCATGG_001,137
TTAGAGTTCACCGACCATGG_002,175
TTAGAGTTCACCGACCATGG_003,133
TTAGAGTTCACCGACCATGG_004,198
TTAGAGTTCACCGACCATGG_005,94
TTAGAGTTCACCGACCATGG_006,146
TTAGAGTTCACCGACCATGG_007,198
TCAGCACGAACCATCGCCGC_001,27
TCAGCACGAACCATCGCCGC_002,51
TCAGCACGAACCATCGCCGC_003,133
TCAGCACGAACCATCGCCGC_004,27
TCAGCACGAACCATCGCCGC_005,98
TCAGCACGAACCATCGCCGC_006,52
TCAGCACGAACCATCGCCGC_007,48
TCAGCACGAACCATCGCCGC_008,172
TCAGCACGAACCATCGCCGC_009,150
TCAGCACGAACCATCGCCGC_010,146
TTCATTGACCAGTACCTGGG_001,138
TTCATTGACCAGTACCTGGG_002,191
TTCATTGACCAGTACCTGGG_003,83
TTCATTGACCAGTACCTGGG_004,194
TTCATTGACCAGTACCTGGG_005,157
TCTGAGCCGCCAGCAAAATG_001,115
TCTGAGCCGCCAGCAAAATG_002,115
TCTGAGCCGCCAGCAAAATG_003,188
TCTGAGCCGCCAGCAAAATG_004,8
TCTGAGCCGCCAGCAAAATG_005,71
TCTGAGCCGCCAGCAAAATG_006,94
TCTGAGCCGCCAGCAAAATG_007,184
TCTGAGCCGCCAGCAAAATG_008,26
TCTGAGCCGCCAGCAAAATG_009,4
TCTGAGCCGCCAGCAAAATG_010,102
TCTGAGCCGCCAGCAAAATG_011,106
TCTGAGCCGCCAGCAAAATG_012,174
GCCATATCAGAATCACACTG_001,76
GCCATATCAGAATCACACTG_002,150
TGCAGAGCATGTGAGTCCTG_001,49
TGCAGAGCATGTGAGTCCTG_002,94
TGCAGAGCATGTGAGTCCTG_003,170
TGCAGAGCATGTGAGTCCTG_004,41
TGCAGAGCATGTGAGTCCTG_005,76
CAAAGTTCAGATCTCAGAGG_001,7
CAAAGTTCAGATCTCAGAGG_002,41
CAAAGTTCAGATCTCAGAGG_003,63
CAAAGTTCAGATCTCAGAGG_004,128
CAAAGTTCAGATCTCAGAGG_005,41
CCAGGATCCGTACGGACTGG_001,178
CCAGGATCCGTACGGACTGG_002,93
CCAGGATCCGTACGGACTGG_003,152
CCAGGATCCGTACGGACTGG_004,80
CCAGGATCCGTACGGACTGG_005,47
GAGGACAAGTCAGCTGCCAG_001,17
GAGGACAAGTCAGCTGCCAG_002,29
GAGGACAAGTCAGCTGCCAG_003,101
GAGGACAAGTCAGCTGCCAG_004,129
GAGGACAAGTCAGCTGCCAG_005,174
GAGGACAAGTCAGCTGCCAG_006,174
GAGGACAAGTCAGCTGCCAG_007,77
GAGGACAAGTCAGCTGCCAG_008,49
GAGGACAAGTCAGCTGCCAG_009,40
GAGGACAAGTCAGCTGCCAG_010,3
GAGGACAAGTCAGCTGCCAG_011,96
GAGGACAAGTCAGCTGCCAG_012,40
GAGGACAAGTCAGCTGCCAG_013,2
GAGGACAAGTCAGCTGCCAG_014,199
GAGGACAAGTCAGCTGCCAG_015,42
GAGGACAAGTCAGCTGCCAG_016,19
GAGGACAAGTCAGCTGCCAG_017,148
GAGGACAAGTCAGCTGCCAG_018,188
ACATAAGCTTGAACCAACCA_001,116
ACATAAGCTTGAACCAACCA_002,16
ACATAAGCTTGAACCAACCA_003,184
ACATAAGCTTGAACCAACCA_004,76
ACATAAGCTTGAACCAACCA_005,56
ACATAAGCTTGAACCAACCA_006,28
ACATAAGCTTGAACCAACCA_007,57
CGAATCGGCCCATGATGTAG_001,81
CGAATCGGCCCATGATGTAG_002,105
CGAATCGGCCCATGATGTAG_003,27
CGAATCGGCCCATGATGTAG_004,72
CGAATCGGCCCATGATGTAG_005,73
CGAATCGGCCCATGATGTAG_006,158
CGAATCGGCCCATGATGTAG_007,50
CGAATCGGCCCATGATGTAG_008,88
CGAATCGGCCCATGATGTAG_009,12
CGAATCGGCCCATGATGTAG_010,163
CGAATCGGCCCATGATGTAG_011,90
CGAATCGGCCCATGATGTAG_012,100
CGAATCGGCCCATGATGTAG_013,83
CGAATCGGCCCATGATGTAG_014,174
CGAATCGGCCCATGATGTAG_015,118
CGAATCGGCCCATGATGTAG_016,59
CGAATCGGCCCATGATGTAG_017,9
CTGAAAATGATGGCTAACGG_001,139
CTGAAAATGATGGCTAACGG_002,50
CTGAAAATGATGGCTAACGG_003,24
CTGAAAATGATGGCTAACGG_004,121
CTGAAAATGATGGCTAACGG_005,76
CAGGGAGTGATACACGTTGG_001,71
CTATGTACCGTCCAACTACG_001,29
CTATGTACCGTCCAACTACG_002,4
CTATGTACCGTCCAACTACG_003,127
CTATGTACCGTCCAACTACG_004,31
CTATGTACCGTCCAACTACG_005,152
CTATGTACCGTCCAACTACG_006,28
CTATGTACCGTCCAACTACG_007,94
CTATGTACCGTCCAACTACG_008,16
ACTATTAAGGACTATAGTGT_001,185
CGATCAGGATAGCGAACCTG_001,40
CGATCAGGATAGCGAACCTG_002,78
CGATCAGGATAGCGAACCTG_003,189
CGATCAGGATAGCGAACCTG_004,68
CGATCAGGATAGCGAACCTG_005,44
CGATCAGGATAGCGAACCTG_006,169
CGATCAGGATAGCGAACCTG_007,185
CGATCAGGATAGCGAACCTG_008,110
CGATCAGGATAGCGAACCTG_009,110
CGATCAGGATAGCGAACCTG_010,4
CGATCAGGATAGCGAACCTG_011,41
CGATCAGGATAGCGAACCTG_012,82
CGATCAGGATAGCGAACCTG_013,144
CGATCAGGATAGCGAACCTG_014,169
CGATCAGGATAGCGAACCTG_015,70
CGCCAAATAGATGTCCCCGA_001,12
CGCCAAATAGATGTCCCCGA_002,46
TCAGCACACCTACAGGACTG_001,17
TCAGCACACCTACAGGACTG_002,165
TCAGCACACCTACAGGACTG_003,85
TCAGCACACCTACAGGACTG_004,178
TCAGCACACCTACAGGACTG_005,25
TCAGCACACCTACAGGACTG_006,117
TCAGCACACCTACAGGACTG_007,24
TCAGCACACCTACAGGACTG_008,30
TCAGCACACCTACAGGACTG_009,160
TCAGCACACCTACAGGACTG_010,0
TCAGCACACCTACAGGACTG_011,50
TCAGCACACCTACAGGACTG_012,150
TCAGCACACCTACAGGACTG_013,150
TCAGCACACCTACAGGACTG_014,54
TCAGCACACCTACAGGACTG_015,116
TCAGCACACCTACAGGACTG_016,17
TCAGCACACCTACAGGACTG_017,191
TCAGCACACCTACAGGACTG_018,5
TCAGCACACCTACAGGACTG_019,81
TCAGCACACCTACAGGACTG_020,144
TCAGCACACCTACAGGACTG_021,147
CCTCACCTGCCTCCTTCTAT_001,56
CCTCACCTGCCTCCTTCTAT_002,141
CCTCACCTGCCTCCTTCTAT_003,113
CCTCACCTGCCTCCTTCTAT_004,164
CCTCACCTGCCTCCTTCTAT_005,196
CCTCACCTGCCTCCTTCTAT_006,137
CCTCACCTGCCTCCTTCTAT_007,110
CCTCACCTGCCTCCTTCTAT_008,197
CCTCACCTGCCTCCTTCTAT_009,153
CCTCACCTGCCTCCTTCTAT_010,182
CCTCACCTGCCTCCTTCTAT_011,96
CCTCACCTGCCTCCTTCTAT_012,39
CCTCACCTGCCTCCTTCTAT_013,163
CCTCACCTGCCTCCTTCTAT_014,81
TGGCTGAACTCAGTAACCGC_001,88
TGGCTGAACTCAGTAACCGC_002,172
TGGCTGAACTCAGTAACCGC_003,53
TGGCTGAACTCAGTAACCGC_004,96
TGGCTGAACTCAGTAACCGC_005,78
TGGCTGAACTCAGTAACCGC_006,127
TGGCTGAACTCAGTAACCGC_007,134
TGGCTGAACTCAGTAACCGC_008,105
TGGCTGAACTCAGTAACCGC_009,77
TGGCTGAACTCAGTAACCGC_010,92
CTTTACATGAACACGCACCC_001,122
CTTTACATGAACACGCACCC_002,27
CTTTACATGAACACGCACCC_003,59
CTTTACATGAACACGCACCC_004,121
AAGCAAGCCTAATTGCACAA_001,105
AAGCAAGCCTAATTGCACAA_002,0
AAGCAAGCCTAATTGCACAA_003,33
AAGCAAGCCTAATTGCACAA_004,144
AAGCAAGCCTAATTGCACAA_005,36
AAGCAAGCCTAATTGCACAA_006,139
AAGCAAGCCTAATTGCACAA_007,156
AAGCAAGCCTAATTGCACAA_008,127
AAGCAAGCCTAATTGCACAA_009,69
AAGCAAGCCTAATTGCACAA_010,158
AAGCAAGCCTAATTGCACAA_011,0
AAGCAAGCCTAATTGCACAA_012,94
AAGCAAGCCTAATTGCACAA_013,76
AAGCAAGCCTAATTGCACAA_014,103
AAGCAAGCCTAATTGCACAA_015,77
AAGCAAGCCTAATTGCACAA_016,69
AAGCAAGCCTAATTGCACAA_017,48
AAGCAAGCCTAATTGCACAA_018,126
AAGCAAGCCTAATTGCACAA_019,96
AAGCAAGCCTAATTGCACAA_020,9
AAGCAAGCCTAATTGCACAA_021,138
ATCCATAGAGAGTTACGGAG_001,110
ATCCATAGAGAGTTACGGAG_002,155
ATCCATAGAGAGTTACGGAG_003,55
ATCCATAGAGAGTTACGGAG_004,187
ATCCATAGAGAGTTACGGAG_005,64
ATCCATAGAGAGTTACGGAG_006,159
ATCCATAGAGAGTTACGGAG_007,139
ATCCATAGAGAGTTACGGAG_008,170
ATCCATAGAGAGTTACGGAG_009,147
ATCCATAGAGAGTTACGGAG_010,81
ATCCATAGAGAGTTACGGAG_011,41
ATCCATAGAGAGTTACGGAG_012,50
ATCCATAGAGAGTTACGGAG_013,127
ATCCATAGAGAGTTACGGAG_014,42
ATCCATAGAGAGTTACGGAG_015,171
ATCCATAGAGAGTTACGGAG_016,41
ATCCATAGAGAGTTACGGAG_017,1
ATCCATAGAGAGTTACGGAG_018,176
ATCCATAGAGAGTTACGGAG_019,29
ATCCATAGAGAGTTACGGAG_020,35
CGACGTGCGCTCTCGCGAGG_001,19
CGACGTGCGCTCTCGCGAGG_002,144
CGACGTGCGCTCTCGCGAGG_003,130
CGACGTGCGCTCTCGCGAGG_004,137
CGACGTGCGCTCTCGCGAGG_005,169
CTGACAGTGGATCGAGCGGG_001,109
CTGACAGTGGATCGAGCGGG_002,109
CTGACAGTGGATCGAGCGGG_003,188
CTGACAGTGGATCGAGCGGG_004,134
CTGACAGTGGATCGAGCGGG_005,2
CTGACAGTGGATCGAGCGGG_006,60
CTGACAGTGGATCGAGCGGG_007,29
ATAGATTCAAAAGGCAAGTG_001,81
ATAGATTCAAAAGGCAAGTG_002,35
ATAGATTCAAAAGGCAAGTG_003,49
ATAGATTCAAAAGGCAAGTG_004,18
ATAGATTCAAAAGGCAAGTG_005,94
ATAGATTCAAAAGGCAAGTG_006,92
ATAGATTCAAAAGGCAAGTG_007,81
GAATGGGCCTATTACCAGTG_001,169
GAATGGGCCTATTACCAGTG_002,113
GAAAATGTGCCAGCAGCTGG_001,157
GAAAATGTGCCAGCAGCTGG_002,5
GAAAATGTGCCAGCAGCTGG_003,149
GAAAATGTGCCAGCAGCTGG_004,151
GAAAATGTGCCAGCAGCTGG_005,45
GAAAATGTGCCAGCAGCTGG_006,49
GAAAATGTGCCAGCAGCTGG_007,116
GAAAATGTGCCAGCAGCTGG_008,185
GAAAATGTGCCAGCAGCTGG_009,89
GAAAATGTGCCAGCAGCTGG_010,124
GAAAATGTGCCAGCAGCTGG_011,137
GAAAATGTGCCAGCAGCTGG_012,150
GAAAATGTGCCAGCAGCTGG_013,172
GAAAATGTGCCAGCAGCTGG_014,93
GAAAATGTGCCAGCAGCTGG_015,67
GAAAATGTGCCAGCAGCTGG_016,78
GAAAATGTGCCAGCAGCTGG_017,158
GAAAATGTGCCAGCAGCTGG_018,176
GAAAATGTGCCAGCAGCTGG_019,188
GAAAATGTGCCAGCAGCTGG_020,48
GATTCAAAAAGAGCTTCCGG_001,159
GATTCAAAAAGAGCTTCCGG_002,101
GATTCAAAAAGAGCTTCCGG_003,29
GATTCAAAAAGAGCTTCCGG_004,58
GATTCAAAAAGAGCTTCCGG_005,162
GATTCAAAAAGAGCTTCCGG_006,17
GATTCAAAAAGAGCTTCCGG_007,161
GATTCAAAAAGAGCTTCCGG_008,131
GATTCAAAAAGAGCTTCCGG_009,46
GCGTGCACATGACTGTGACA_001,6
GCGTGCACATGACTGTGACA_002,29
GCGTGCACATGACTGTGACA_003,192
GCGTGCACATGACTGTGACA_004,1
GCGTGCACATGACTGTGACA_005,67
GGGAAGCCTCGAAGGCCAGG_001,76
GGGAAGCCTCGAAGGCCAGG_002,121
GGGAAGCCTCGAAGGCCAGG_003,135
GGGAAGCCTCGAAGGCCAGG_004,190
GGGAAGCCTCGAAGGCCAGG_005,62
GCTGCACGCCAAGATCGATG_001,115
GCTGCACGCCAAGATCGATG_002,105
GCTGCACGCCAAGATCGATG_003,172
GCTGCACGCCAAGATCGATG_004,13
GCTGCACGCCAAGATCGATG_005,192
GGTAGATGGATGAGACATCG_001,47
GGTAGATGGATGAGACATCG_002,178
GGTAGATGGATGAGACATCG_003,9
GGTAGATGGATGAGACATCG_004,26
GGTAGATGGATGAGACATCG_005,197
GGTAGATGGATGAGACATCG_006,69
GGTAGATGGATGAGACATCG_007,77
GGTAGATGGATGAGACATCG_008,165
GGTAGATGGATGAGACATCG_009,37
GGTAGATGGATGAGACATCG_010,13
TGAGCCAGGTACAAGAGTGT_001,105
TGAGCCAGGTACAAGAGTGT_002,36
TGAGCCAGGTACAAGAGTGT_003,60
TGAGCCAGGTACAAGAGTGT_004,182
TGAGCCAGGTACAAGAGTGT_005,157
TGAGCCAGGTACAAGAGTGT_006,12
TGAGCCAGGTACAAGAGTGT_007,169
TGAGCCAGGTACAAGAGTGT_008,101
TGAGCCAGGTACAAGAGTGT_009,116
TGAGCCAGGTACAAGAGTGT_010,138
TGAGCCAGGTACAAGAGTGT_011,72
TGAGCCAGGTACAAGAGTGT_012,53
TGAGCCAGGTACAAGAGTGT_013,147
TGAGCCAGGTACAAGAGTGT_014,112
TGAGCCAGGTACAAGAGTGT_015,145
TGAGCCAGGTACAAGAGTGT_016,62
TGAGCCAGGTACAAGAGTGT_017,76
TGAGCCAGGTACAAGAGTGT_018,174
TGAGCCAGGTACAAGAGTGT_019,24
TGAGCCAGGTACAAGAGTGT_020,162
TGAGCCAGGTACAAGAGTGT_021,148
AAGGAGAAACCAAATTCCGG_001,80
AAGGAGAAACCAAATTCCGG_002,116
AAGGAGAAACCAAATTCCGG_003,182
AAGGAGAAACCAAATTCCGG_004,9
AAGGAGAAACCAAATTCCGG_005,127
AAGGAGAAACCAAATTCCGG_006,63
AAGGAGAAACCAAATTCCGG_007,162
AAGGAGAAACCAAATTCCGG_008,76
GGTGGTCACTTAACAAAACC_001,41
GGTGGTCACTTAACAAAACC_002,176
AAGAGGGGCAGTACTTATCA_001,186
CATCAAGGAACACCACACCA_001,74
CATCAAGGAACACCACACCA_002,49
CATCAAGGAACACCACACCA_003,182
CATCAAGGAACACCACACCA_004,181
CATCAAGGAACACCACACCA_005,159
CATCAAGGAACACCACACCA_006,9
CATCAAGGAACACCACACCA_007,40
CATCAAGGAACACCACACCA_008,175
CATCAAGGAACACCACACCA_009,34
CATCAAGGAACACCACACCA_010,60
CATCAAGGAACACCACACCA_011,41
CATCAAGGAACACCACACCA_012,85
CATCAAGGAACACCACACCA_013,84
CATCAAGGAACACCACACCA_014,58
CATCAAGGAACACCACACCA_015,29
CATCAAGGAACACCACACCA_016,113
CATCAAGGAACACCACACCA_017,147
CATCAAGGAACACCACACCA_018,50
CATCAAGGAACACCACACCA_019,142
CATCAAGGAACACCACACCA_020,199
GCACTGCTCAGTTCTCGTCA_001,53
GCACTGCTCAGTTCTCGTCA_002,34
GCACTGCTCAGTTCTCGTCA_003,138
GCACTGCTCAGTTCTCGTCA_004,137
GCACTGCTCAGTTCTCGTCA_005,50
GCACTGCTCAGTTCTCGTCA_006,191
TGGAGCAGCCAGAATCATTG_001,1
TGGAGCAGCCAGAATCATTG_002,58
TGGAGCAGCCAGAATCATTG_003,107
TGGAGCAGCCAGAATCATTG_004,85
TGGAGCAGCCAGAATCATTG_005,67
TGGAGCAGCCAGAATCATTG_006,101
TGGAGCAGCCAGAATCATTG_007,28
TGGAGCAGCCAGAATCATTG_008,38
TGGAGCAGCCAGAATCATTG_009,128
TGGAGCAGCCAGAATCATTG_010,57
TGGAGCAGCCAGAATCATTG_011,172
AGTACCAGGCACCACACGAA_001,177
AGTACCAGGCACCACACGAA_002,66
AGTACCAGGCACCACACGAA_003,160
AGTACCAGGCACCACACGAA_004,18
AGTACCAGGCACCACACGAA_005,168
AGTACCAGGCACCACACGAA_006,38
AGTACCAGGCACCACACGAA_007,82
AGTACCAGGCACCACACGAA_008,62
AGTACCAGGCACCACACGAA_009,173
AGTACCAGGCACCACACGAA_010,162
AGTACCAGGCACCACACGAA_011,24
AGTACCAGGCACCACACGAA_012,181
AGTACCAGGCACCACACGAA_013,105
AGTACCAGGCACCACACGAA_014,152
AGTACCAGGCACCACACGAA_015,190
AGTACCAGGCACCACACGAA_016,8
AGTACCAGGCACCACACGAA_017,189
AGTACCAGGCACCACACGAA_018,28
CATCAATGATGACCAATACC_001,105
CTCCTCAGGACCTACGCAGG_001,54
CTCCTCAGGACCTACGCAGG_002,166
CTCCTCAGGACCTACGCAGG_003,43
CTCCTCAGGACCTACGCAGG_004,43
CTCCTCAGGACCTACGCAGG_005,134
AGCCTAAGACATCTTTATCG_001,94
ATCAAGGACACACTGCCTGT_001,154
ATCAAGGACACACTGCCTGT_002,186
ATCAAGGACACACTGCCTGT_003,187
ATCAAGGACACACTGCCTGT_004,65
ATCAAGGACACACTGCCTGT_005,86
ATCAAGGACACACTGCCTGT_006,18
ATCAAGGACACACTGCCTGT_007,66
ATCAAGGACACACTGCCTGT_008,34
ATCAAGGACACACTGCCTGT_009,35
ATCAAGGACACACTGCCTGT_010,70
ATCAAGGACACACTGCCTGT_011,130
ATCAAGGACACACTGCCTGT_012,97
GGGCAGCTGACAGCTTCATG_001,127
GGGCAGCTGACAGCTTCATG_002,153
GGGCAGCTGACAGCTTCATG_003,76
GGGCAGCTGACAGCTTCATG_004,76
GGGCAGCTGACAGCTTCATG_005,165
GGGCAGCTGACAGCTTCATG_006,106
GGGCAGCTGACAGCTTCATG_007,139
GGGCAGCTGACAGCTTCATG_008,146
CTGGAGTACTCCACCCCGCA_001,56
CTGGAGTACTCCACCCCGCA_002,190
CTGGAGTACTCCACCCCGCA_003,167
TCCAACACTAGGCATGCAGG_001,62
TCCAACACTAGGCATGCAGG_002,62
TCCAACACTAGGCATGCAGG_003,33
TCCAACACTAGGCATGCAGG_004,153
TCCAACACTAGGCATGCAGG_005,131
TCCAACACTAGGCATGCAGG_006,192
TGATTGATAACCTAATCCGG_001,107
TGATTGATAACCTAATCCGG_002,148
TGATTGATAACCTAATCCGG_003,178
TGATTGATAACCTAATCCGG_004,180
TGATTGATAACCTAATCCGG_005,180
TGGAAAACCATATAGGTCGA_001,70
TGGAAAACCATATAGGTCGA_002,36
TGGAAAACCATATAGGTCGA_003,196
TGGAAAACCATATAGGTCGA_004,61
TGGAAAACCATATAGGTCGA_005,162
TGGAAAACCATATAGGTCGA_006,158
TGGCATCAGCTATGGCCAGG_001,4
TGGCATCAGCTATGGCCAGG_002,26
TGGCATCAGCTATGGCCAGG_003,58
TGGCATCAGCTATGGCCAGG_004,8
TGGCATCAGCTATGGCCAGG_005,69
TGGCATCAGCTATGGCCAGG_006,186
TGGCATCAGCTATGGCCAGG_007,128
TGGTAACACTCTCCCGTGTG_001,174
ACTGGTAGAACTCTCAGTGA_001,45
ACTGGTAGAACTCTCAGTGA_002,137
ACTGGTAGAACTCTCAGTGA_003,68
AAAGTAGCCAAGATAACATG_001,16
AAAGTAGCCAAGATAACATG_002,5
AAAGTAGCCAAGATAACATG_003,197
AAAGTAGCCAAGATAACATG_004,154
AAAGTAGCCAAGATAACATG_005,78
AAAGTAGCCAAGATAACATG_006,147
CTTGTGGCGAGTAATCATGA_001,108
CTTGTGGCGAGTAATCATGA_002,108
CTTGTGGCGAGTAATCATGA_003,10
TGTTGGCCGAAGCACCCGTG_001,0
TGTTGGCCGAAGCACCCGTG_002,133
TGTTGGCCGAAGCACCCGTG_003,133
TGTTGGCCGAAGCACCCGTG_004,54
TGTTGGCCGAAGCACCCGTG_005,163
TGTTGGCCGAAGCACCCGTG_006,164
TGTTGGCCGAAGCACCCGTG_007,0
TGTTGGCCGAAGCACCCGTG_008,150
TGTTGGCCGAAGCACCCGTG_009,142
TGTTGGCCGAAGCACCCGTG_010,9
TTTGATATCAAGCATGGCGA_001,43
TTTGATATCAAGCATGGCGA_002,130
TTTGATATCAAGCATGGCGA_003,149
TTTGATATCAAGCATGGCGA_004,2
CAGACCAAGTACCTCGATGT_001,9
CAGACCAAGTACCTCGATGT_002,87
CAGACCAAGTACCTCGATGT_003,123
TAATGGCAAGAAGCCCGCTG_001,2
TAATGGCAAGAAGCCCGCTG_002,146
TAATGGCAAGAAGCCCGCTG_003,17
TAATGGCAAGAAGCCCGCTG_004,43
TAATGGCAAGAAGCCCGCTG_005,41
TAATGGCAAGAAGCCCGCTG_006,19
TAATGGCAAGAAGCCCGCTG_007,101
TAATGGCAAGAAGCCCGCTG_008,43
TAATGGCAAGAAGCCCGCTG_009,146
TAATGGCAAGAAGCCCGCTG_010,76
TAATGGCAAGAAGCCCGCTG_011,40
TAATGGCAAGAAGCCCGCTG_012,20
TAATGGCAAGAAGCCCGCTG_013,1
TAATGGCAAGAAGCCCGCTG_014,18
TAATGGCAAGAAGCCCGCTG_015,137
TAATGGCAAGAAGCCCGCTG_016,65
TAATGGCAAGAAGCCCGCTG_017,160
TAATGGCAAGAAGCCCGCTG_018,11
TAATGGCAAGAAGCCCGCTG_019,0
TAATGGCAAGAAGCCCGCTG_020,104
TAATGGCAAGAAGCCCGCTG_021,186
TAATGGCAAGAAGCCCGCTG_022,84
TAATGGCAAGAAGCCCGCTG_023,112
TAATGGCAAGAAGCCCGCTG_024,27
TAATGGCAAGAAGCCCGCTG_025,151
TAATGGCAAGAAGCCCGCTG_026,12
AGGAATAAGTTACTTCCCCG_001,53
AGGAATAAGTTACTTCCCCG_002,67
GATTATGAGGAGTATCATGG_001,84
GATTATGAGGAGTATCATGG_002,27
GATTATGAGGAGTATCATGG_003,137
GATTATGAGGAGTATCATGG_004,23
GATTATGAGGAGTATCATGG_005,39
GATTATGAGGAGTATCATGG_006,140
ATGAATGAATGCTGTCTGTG_001,163
ATGAATGAATGCTGTCTGTG_002,163
ATGAATGAATGCTGTCTGTG_003,12
ATGAATGAATGCTGTCTGTG_004,111
ATGAATGAATGCTGTCTGTG_005,192
ATGAATGAATGCTGTCTGTG_006,60
ATGAATGAATGCTGTCTGTG_007,162
ATGAATGAATGCTGTCTGTG_008,43
ATGAATGAATGCTGTCTGTG_009,121
ATGAATGAATGCTGTCTGTG_010,56
TTGGCGCGTTCGCTATATGG_001,162
TTGGCGCGTTCGCTATATGG_002,94
TTGGCGCGTTCGCTATATGG_003,98
TTGGCGCGTTCGCTATATGG_004,40
AAGTTCTGGCGAGTGATCCA_001,82
AAGTTCTGGCGAGTGATCCA_002,127
AAGTTCTGGCGAGTGATCCA_003,45
AAGTTCTGGCGAGTGATCCA_004,132
AAGTTCTGGCGAGTGATCCA_005,134
AAGTTCTGGCGAGTGATCCA_006,49
AAGTTCTGGCGAGTGATCCA_007,188
AAGTTCTGGCGAGTGATCCA_008,147
AAGTTCTGGCGAGTGATCCA_009,185
AAGTTCTGGCGAGTGATCCA_010,96
AAGTTCTGGCGAGTGATCCA_011,150
AAGTTCTGGCGAGTGATCCA_012,170
AAGTTCTGGCGAGTGATCCA_013,17
AAGTTCTGGCGAGTGATCCA_014,65
AAGTTCTGGCGAGTGATCCA_015,104
AAGTTCTGGCGAGTGATCCA_016,174
AAGTTCTGGCGAGTGATCCA_017,9
AAGTTCTGGCGAGTGATCCA_018,158
AAGTTCTGGCGAGTGATCCA_019,149
AAGTTCTGGCGAGTGATCCA_020,48
AAGTTCTGGCGAGTGATCCA_021,74
AAGTTCTGGCGAGTGATCCA_022,55
AAGTTCTGGCGAGTGATCCA_023,150
AAGTTCTGGCGAGTGATCCA_024,199
AAGTTCTGGCGAGTGATCCA_025,191
AAGTTCTGGCGAGTGATCCA_026,5
AAGTTCTGGCGAGTGATCCA_027,57
ATCTCCGGGGAGTACAACGG_001,66
ATCTCCGGGGAGTACAACGG_002,33
ATCTCCGGGGAGTACAACGG_003,34
ATCTCCGGGGAGTACAACGG_004,15
ATCTCCGGGGAGTACAACGG_005,0
ATCTCCGGGGAGTACAACGG_006,175
AGGAGTAAGACTTACCCAAA_001,15
AGGAGTAAGACTTACCCAAA_002,94
AGGAGTAAGACTTACCCAAA_003,63
TGAGTTTCAGTGGCAAGAAG_001,102
TGAGTTTCAGTGGCAAGAAG_002,146
TCTTGGTGAGGCTTAGAGTG_001,48
TCTTGGTGAGGCTTAGAGTG_002,145
TCTTGGTGAGGCTTAGAGTG_003,15
TCTTGGTGAGGCTTAGAGTG_004,169
TCTTGGTGAGGCTTAGAGTG_005,17
TCTTGGTGAGGCTTAGAGTG_006,70
TCTTGGTGAGGCTTAGAGTG_007,96
TCTTGGTGAGGCTTAGAGTG_008,166
ACAACTACTTGACACCATCG_001,146
ACAACTACTTGACACCATCG_002,159
ACAACTACTTGACACCATCG_003,98
ACAACTACTTGACACCATCG_004,155
ACAACTACTTGACACCATCG_005,104
ACAACTACTTGACACCATCG_006,145
TACCCTGGATTGTCCTTGCG_001,13
TACCCTGGATTGTCCTTGCG_002,61
TACCCTGGATTGTCCTTGCG_003,2
TACCCTGGATTGTCCTTGCG_004,54
TACCCTGGATTGTCCTTGCG_005,6
TACCCTGGATTGTCCTTGCG_006,48
TACCCTGGATTGTCCTTGCG_007,145
TACCCTGGATTGTCCTTGCG_008,98
TACCCTGGATTGTCCTTGCG_009,82
TACCCTGGATTGTCCTTGCG_010,147
TACCCTGGATTGTCCTTGCG_011,98
TACCCTGGATTGTCCTTGCG_012,83
TACCCTGGATTGTCCTTGCG_013,98
TACCCTGGATTGTCCTTGCG_014,1
TACCCTGGATTGTCCTTGCG_015,187
TACCCTGGATTGTCCTTGCG_016,37
TACCCTGGATTGTCCTTGCG_017,153
GACACTGGGGAACGCACACG_001,17
GACACTGGGGAACGCACACG_002,199
GACACTGGGGAACGCACACG_003,106
GACACTGGGGAACGCACACG_004,81
GACACTGGGGAACGCACACG_005,6
GACACTGGGGAACGCACACG_006,88
GACACTGGGGAACGCACACG_007,41
GACACTGGGGAACGCACACG_008,115
GACACTGGGGAACGCACACG_009,113
GACACTGGGGAACGCACACG_010,101
GACACTGGGGAACGCACACG_011,38
GACACTGGGGAACGCACACG_012,36
GACACTGGGGAACGCACACG_013,67
GACACTGGGGAACGCACACG_014,10
GACACTGGGGAACGCACACG_015,93
GACACTGGGGAACGCACACG_016,12
GACACTGGGGAACGCACACG_017,16
GACACTGGGGAACGCACACG_018,185
GACACTGGGGAACGCACACG_019,169
GACACTGGGGAACGCACACG_020,106
GACACTGGGGAACGCACACG_021,174
GCTTGTTGACAACTATGTGA_001,83
CAAGCTCTACGACAACCACG_001,95
CAAGCTCTACGACAACCACG_002,197
CAAGCTCTACGACAACCACG_003,1
CAAGCTCTACGACAACCACG_004,195
CAAGCTCTACGACAACCACG_005,140
CAAGCTCTACGACAACCACG_006,92
CAAGCTCTACGACAACCACG_007,173
GGCTCTGGGGCTCACGGACG_001,73
GGCTCTGGGGCTCACGGACG_002,12
GGCTCTGGGGCTCACGGACG_003,43
GGCTCTGGGGCTCACGGACG_004,48
GGCTCTGGGGCTCACGGACG_005,197
GGCTCTGGGGCTCACGGACG_006,127
GGCTCTGGGGCTCACGGACG_007,53
GGCTCTGGGGCTCACGGACG_008,183
GGCTCTGGGGCTCACGGACG_009,80
GGCTCTGGGGCTCACGGACG_010,166
GGCTCTGGGGCTCACGGACG_011,76
GGCTCTGGGGCTCACGGACG_012,141
GGCTCTGGGGCTCACGGACG_013,41
GGCTCTGGGGCTCACGGACG_014,0
GGCTCTGGGGCTCACGGACG_015,108
GGCTCTGGGGCTCACGGACG_016,15
GGCTCTGGGGCTCACGGACG_017,67
GGCTCTGGGGCTCACGGACG_018,98
GGCTCTGGGGCTCACGGACG_019,37
GGCTCTGGGGCTCACGGACG_020,80
GGCTCTGGGGCTCACGGACG_021,168
GGCTCTGGGGCTCACGGACG_022,42
GGCTCTGGGGCTCACGGACG_023,130
GGCTCTGGGGCTCACGGACG_024,58
GGCTCTGGGGCTCACGGACG_025,5
GGCTCTGGGGCTCACGGACG_026,146
GGCTCTGGGGCTCACGGACG_027,6
GGCTCTGGGGCTCACGGACG_028,108
GGCTCTGGGGCTCACGGACG_029,94
GGCTCTGGGGCTCACGGACG_030,29
GGCTCTGGGGCTCACGGACG_031,169
GGCTCTGGGGCTCACGGACG_032,129
GGCTCTGGGGCTCACGGACG_033,189
GGCTCTGGGGCTCACGGACG_034,167
GGCTCTGGGGCTCACGGACG_035,1
GGCTCTGGGGCTCACGGACG_036,6
GGCTCTGGGGCTCACGGACG_037,80
GGCTCTGGGGCTCACGGACG_038,132
GGCTCTGGGGCTCACGGACG_039,157
GGCTCTGGGGCTCACGGACG_040,14
GGCTCTGGGGCTCACGGACG_041,48
GGCTCTGGGGCTCACGGACG_042,97
GGCTCTGGGGCTCACGGACG_043,130
GGCTCTGGGGCTCACGGACG_044,41
GGCTCTGGGGCTCACGGACG_045,138
GGCTCTGGGGCTCACGGACG_046,159
GAGTGACGATGTCCCTATCA_001,77
GAGTGACGATGTCCCTATCA_002,42
GAGTGACGATGTCCCTATCA_003,94
GAGTGACGATGTCCCTATCA_004,12
GAGTGACGATGTCCCTATCA_005,76
GAGTGACGATGTCCCTATCA_006,151
GAGTGACGATGTCCCTATCA_007,130
GGGCGCGATTGATGTCCGGA_001,1
GGGCGCGATTGATGTCCGGA_002,199
GGGCGCGATTGATGTCCGGA_003,73
GGGCGCGATTGATGTCCGGA_004,181
GGGCGCGATTGATGTCCGGA_005,80
GGGCGCGATTGATGTCCGGA_006,122
GGGCGCGATTGATGTCCGGA_007,113
GGGCGCGATTGATGTCCGGA_008,112
GGGCGCGATTGATGTCCGGA_009,85
GGGCGCGATTGATGTCCGGA_010,150
GGGCGCGATTGATGTCCGGA_011,13
GGGCGCGATTGATGTCCGGA_012,184
GGCGTATGCTTTGTACACCT_001,78
GGCGTATGCTTTGTACACCT_002,19
GGCGTATGCTTTGTACACCT_003,162
GGCGTATGCTTTGTACACCT_004,103
GGCGTATGCTTTGTACACCT_005,7
GGCGTATGCTTTGTACACCT_006,180
GCTGCCTGAAATTTGTAATG_001,58
GCTGCCTGAAATTTGTAATG_002,147
GCTGCCTGAAATTTGTAATG_003,169
GCTGCCTGAAATTTGTAATG_004,17
GCTGCCTGAAATTTGTAATG_005,41
GCTGCCTGAAATTTGTAATG_006,29
GCTGCCTGAAATTTGTAATG_007,194
GCTGCCTGAAATTTGTAATG_008,95
GCTGCCTGAAATTTGTAATG_009,52
GCTGCCTGAAATTTGTAATG_010,69
CTAGGAAGACTGTAGAGTAG_001,159
CTAGGAAGACTGTAGAGTAG_002,190
CTAGGAAGACTGTAGAGTAG_003,161
CTAGGAAGACTGTAGAGTAG_004,48
CTAGGAAGACTGTAGAGTAG_005,27
GCTGTGGTTGAACACATCCT_001,58
GCTGTGGTTGAACACATCCT_002,5
GCTGTGGTTGAACACATCCT_003,157
GCTGTGGTTGAACACATCCT_004,146
GCTGTGGTTGAACACATCCT_005,48
GCTGTGGTTGAACACATCCT_006,136
GCTGTGGTTGAACACATCCT_007,126
AGACCGAGGTATCCACGTGG_001,197
AGACCGAGGTATCCACGTGG_002,131
AGACCGAGGTATCCACGTGG_003,119
AGACCGAGGTATCCACGTGG_004,155
AGACCGAGGTATCCACGTGG_005,15
AGACCGAGGTATCCACGTGG_006,165
AGACCGAGGTATCCACGTGG_007,176
AGACCGAGGTATCCACGTGG_008,93
AGACCGAGGTATCCACGTGG_009,196
AGACCGAGGTATCCACGTGG_010,196
AGACCGAGGTATCCACGTGG_011,9
AGACCGAGGTATCCACGTGG_012,38
AGACCGAGGTATCCACGTGG_013,15
AGACCGAGGTATCCACGTGG_014,157
AGACCGAGGTATCCACGTGG_015,96
CTCAGGGATCCTTTACAGAG_001,31
CTCAGGGATCCTTTACAGAG_002,0
CTCAGGGATCCTTTACAGAG_003,176
CTCAGGGATCCTTTACAGAG_004,185
CTCAGGGATCCTTTACAGAG_005,124
CTCAGGGATCCTTTACAGAG_006,37
GGAGTTTGACCATCCACACG_001,85
GGAGTTTGACCATCCACACG_002,195
GGAGTTTGACCATCCACACG_003,56
GTAATGCCAGAACTCAGACT_001,40
GTAATGCCAGAACTCAGACT_002,127
GTAATGCCAGAACTCAGACT_003,159
GTAATGCCAGAACTCAGACT_004,24
GTAATGCCAGAACTCAGACT_005,77
GTTATCCTGTCGAAGTAAAG_001,170
GTTATCCTGTCGAAGTAAAG_002,107
GTTATCCTGTCGAAGTAAAG_003,39
GTTATCCTGTCGAAGTAAAG_004,127
GTTATCCTGTCGAAGTAAAG_005,19
GGATCGAGATGAGTTCGCTG_001,49
GGATCGAGATGAGTTCGCTG_002,29
GGATCGAGATGAGTTCGCTG_003,161
GGATCGAGATGAGTTCGCTG_004,160
GGATCGAGATGAGTTCGCTG_005,131
GGATCGAGATGAGTTCGCTG_006,115
GGATCGAGATGAGTTCGCTG_007,42
GGATCGAGATGAGTTCGCTG_008,64
GGATCGAGATGAGTTCGCTG_009,169
GGATCGAGATGAGTTCGCTG_010,140
GGATCGAGATGAGTTCGCTG_011,131
GGATCGAGATGAGTTCGCTG_012,47
GGATCGAGATGAGTTCGCTG_013,105
GGATCGAGATGAGTTCGCTG_014,43
GGATCGAGATGAGTTCGCTG_015,57
GGATCGAGATGAGTTCGCTG_016,168
GGATCGAGATGAGTTCGCTG_017,107
GGATCGAGATGAGTTCGCTG_018,83
GGATCGAGATGAGTTCGCTG_019,81
GGATCGAGATGAGTTCGCTG_020,50
GGATCGAGATGAGTTCGCTG_021,97
GGATCGAGATGAGTTCGCTG_022,194
GGATCGAGATGAGTTCGCTG_023,158
GGATCGAGATGAGTTCGCTG_024,102
GGATCGAGATGAGTTCGCTG_025,19
GGATCGAGATGAGTTCGCTG_026,99
GCAGACAAGCTGATTGCCGA_001,119
GCAGACAAGCTGATTGCCGA_002,9
GCAGACAAGCTGATTGCCGA_003,197
GCAGACAAGCTGATTGCCGA_004,174
GCAGACAAGCTGATTGCCGA_005,8
GCAGACAAGCTGATTGCCGA_006,57
GCAGACAAGCTGATTGCCGA_007,112
GCAGACAAGCTGATTGCCGA_008,127
GCAGACAAGCTGATTGCCGA_009,106
GCAGACAAGCTGATTGCCGA_010,88
CTGGACATTATAAAGCTGGC_001,16
CTGGACATTATAAAGCTGGC_002,76
CTGGACATTATAAAGCTGGC_003,39
GCTGGGCGATAAGGCACCGG_001,104
GCTGGGCGATAAGGCACCGG_002,68
GCTGGGCGATAAGGCACCGG_003,168
GCTGGGCGATAAGGCACCGG_004,27
GCTGGGCGATAAGGCACCGG_005,56
AGCATCGTCATCAGACAGTG_001,1
AGCATCGTCATCAGACAGTG_002,180
AGCATCGTCATCAGACAGTG_003,15
AGCATCGTCATCAGACAGTG_004,157
AGCATCGTCATCAGACAGTG_005,38
AGCATCGTCATCAGACAGTG_006,49
AGCATCGTCATCAGACAGTG_007,115
AGCATCGTCATCAGACAGTG_008,88
AGCATCGTCATCAGACAGTG_009,160
AGCATCGTCATCAGACAGTG_010,40
AGCATCGTCATCAGACAGTG_011,46
AGCATCGTCATCAGACAGTG_012,166
AGCATCGTCATCAGACAGTG_013,61
AGCATCGTCATCAGACAGTG_014,86
AGCATCGTCATCAGACAGTG_015,58
AGCATCGTCATCAGACAGTG_016,59
AGCATCGTCATCAGACAGTG_017,173
AGCATCGTCATCAGACAGTG_018,1
TAAAAAGTAGAAGCTCATTG_001,179
TAAAAAGTAGAAGCTCATTG_002,63
TTTATTTCTCTGACTACGAG_001,154
AGAAAGCTGGTGTTACACAC_001,81
AGAAAGCTGGTGTTACACAC_002,43
AGAAAGCTGGTGTTACACAC_003,174
AGAAAGCTGGTGTTACACAC_004,69
AGAAAGCTGGTGTTACACAC_005,77
AGAAAGCTGGTGTTACACAC_006,106
AGAAAGCTGGTGTTACACAC_007,166
AGAAAGCTGGTGTTACACAC_008,166
AGAAAGCTGGTGTTACACAC_009,147
AGAAAGCTGGTGTTACACAC_010,28
TGGCGGGAACCACTAAGGAA_001,91
TGGCGGGAACCACTAAGGAA_002,18
TGGCGGGAACCACTAAGGAA_003,105
TGGCGGGAACCACTAAGGAA_004,17
TGGCGGGAACCACTAAGGAA_005,157
TGGCGGGAACCACTAAGGAA_006,96
TGGCGGGAACCACTAAGGAA_007,7
TGGCGGGAACCACTAAGGAA_008,175
TGGCGGGAACCACTAAGGAA_009,63
TGGCGGGAACCACTAAGGAA_010,169
TGGCGGGAACCACTAAGGAA_011,40
TGGCGGGAACCACTAAGGAA_012,18
TGGCGGGAACCACTAAGGAA_013,105
GCTGCAGCGTGGGCAAGACG_001,119
GCTGCAGCGTGGGCAAGACG_002,159
GCTGCAGCGTGGGCAAGACG_003,69
GCTGCAGCGTGGGCAAGACG_004,107
GCTGCAGCGTGGGCAAGACG_005,94
GCTGCAGCGTGGGCAAGACG_006,48
GCTGCAGCGTGGGCAAGACG_007,49
GCTGCAGCGTGGGCAAGACG_008,114
GCTGCAGCGTGGGCAAGACG_009,148
GCAAAAGACTGGATGACATA_001,115
GCTGTAGAAGATAGATAACG_001,103
GCTGTAGAAGATAGATAACG_002,154
GCTGTAGAAGATAGATAACG_003,15
AATGGTGGTAGTATGCATTG_001,4
AATGGTGGTAGTATGCATTG_002,82
AATGGTGGTAGTATGCATTG_003,34
AATGGTGGTAGTATGCATTG_004,116
AATGGTGGTAGTATGCATTG_005,184
AATGGTGGTAGTATGCATTG_006,25
AATGGTGGTAGTATGCATTG_007,150
AATGGTGGTAGTATGCATTG_008,28
AATGGTGGTAGTATGCATTG_009,149
TAGGCAAGGAAGAGCTAGTG_001,106
TAGGCAAGGAAGAGCTAGTG_002,138
TAGGCAAGGAAGAGCTAGTG_003,62
TAGGCAAGGAAGAGCTAGTG_004,147
TAGGCAAGGAAGAGCTAGTG_005,52
TAGGCAAGGAAGAGCTAGTG_006,16
TAGGCAAGGAAGAGCTAGTG_007,178
TAGGCAAGGAAGAGCTAGTG_008,6
TAGGCAAGGAAGAGCTAGTG_009,140
TAGGCAAGGAAGAGCTAGTG_010,38
TAGGCAAGGAAGAGCTAGTG_011,75
TAGGCAAGGAAGAGCTAGTG_012,48
TAGGCAAGGAAGAGCTAGTG_013,42
TAGGCAAGGAAGAGCTAGTG_014,148
TAGGCAAGGAAGAGCTAGTG_015,88
TAGGCAAGGAAGAGCTAGTG_016,80
TAGGCAAGGAAGAGCTAGTG_017,125
TAGGCAAGGAAGAGCTAGTG_018,75
GAAGAAAGACCTGTCCCTGG_001,184
GAAGAAAGACCTGTCCCTGG_002,91
GAAGAAAGACCTGTCCCTGG_003,43
GAAGAAAGACCTGTCCCTGG_004,164
GAAGAAAGACCTGTCCCTGG_005,103
GAAGAAAGACCTGTCCCTGG_006,122
GAAGAAAGACCTGTCCCTGG_007,31
GAAGAAAGACCTGTCCCTGG_008,46
GAAGAAAGACCTGTCCCTGG_009,124
TCCATCATTCAATAGACCTG_001,133
TCCATCATTCAATAGACCTG_002,165
TCCATCATTCAATAGACCTG_003,182
TCCATCATTCAATAGACCTG_004,190
TCCATCATTCAATAGACCTG_005,127
TCCATCATTCAATAGACCTG_006,50
TCCATCATTCAATAGACCTG_007,172
TCCATCATTCAATAGACCTG_008,195
TCCATCATTCAATAGACCTG_009,66
TCCATCATTCAATAGACCTG_010,52
TGAAGACGTTGTCGTCAACA_001,69
TGAAGACGTTGTCGTCAACA_002,179
TGAAGACGTTGTCGTCAACA_003,80
TGAAGACGTTGTCGTCAACA_004,140
TGAAGACGTTGTCGTCAACA_005,82
TGAAGACGTTGTCGTCAACA_006,127
TGAAGACGTTGTCGTCAACA_007,65
TGAAGACGTTGTCGTCAACA_008,189
TATCACGAAGACCATCCGTC_001,43
TATCACGAAGACCATCCGTC_002,144
TATCACGAAGACCATCCGTC_003,53
TATCACGAAGACCATCCGTC_004,61
TATCACGAAGACCATCCGTC_005,110
TATCACGAAGACCATCCGTC_006,125
TATCACGAAGACCATCCGTC_007,67
TATCACGAAGACCATCCGTC_008,128
TATCACGAAGACCATCCGTC_009,148
TATCACGAAGACCATCCGTC_010,117
TATCACGAAGACCATCCGTC_011,163
TATCACGAAGACCATCCGTC_012,130
TATCACGAAGACCATCCGTC_013,128
TATCACGAAGACCATCCGTC_014,105
TATCACGAAGACCATCCGTC_015,48
TATCACGAAGACCATCCGTC_016,175
TATCACGAAGACCATCCGTC_017,17
TATCACGAAGACCATCCGTC_018,56
TGAATATGATCCCACCATAG_001,127
TGGGATTGAAGGTTAGGCTC_001,106
TGGGATTGAAGGTTAGGCTC_002,198
TGGGATTGAAGGTTAGGCTC_003,72
TGGGATTGAAGGTTAGGCTC_004,119
TGGGATTGAAGGTTAGGCTC_005,147
TGGTCTAGTCATAATCCCAG_001,1
AGGGGTTCTGCGTCACATCG_001,46
AGGGGTTCTGCGTCACATCG_002,175
AGGGGTTCTGCGTCACATCG_003,182
AGGGGTTCTGCGTCACATCG_004,177
AGGGGTTCTGCGTCACATCG_005,141
AGGGGTTCTGCGTCACATCG_006,198
AGGGGTTCTGCGTCACATCG_007,198
AGGGGTTCTGCGTCACATCG_008,13
AGGGGTTCTGCGTCACATCG_009,55
AGGGGTTCTGCGTCACATCG_010,104
AGGGGTTCTGCGTCACATCG_011,169
AGGGGTTCTGCGTCACATCG_012,121
AGGGGTTCTGCGTCACATCG_013,199
AGGGGTTCTGCGTCACATCG_014,168
AGGGGTTCTGCGTCACATCG_015,115
AGGGGTTCTGCGTCACATCG_016,14
ACATACCGGACACAACACTG_001,177
ACATACCGGACACAACACTG_002,37
ACATACCGGACACAACACTG_003,148
ACATACCGGACACAACACTG_004,40
ACATACCGGACACAACACTG_005,42
ACATACCGGACACAACACTG_006,26
ACATACCGGACACAACACTG_007,132
ACATACCGGACACAACACTG_008,50
ACATACCGGACACAACACTG_009,139
ACATACCGGACACAACACTG_010,124
ACATACCGGACACAACACTG_011,183
ACATACCGGACACAACACTG_012,0
ACATACCGGACACAACACTG_013,61
ACATACCGGACACAACACTG_014,197
CTGAACCAGTCGTACGAGAG_001,45
CTGAACCAGTCGTACGAGAG_002,198
CTGAACCAGTCGTACGAGAG_003,29
CTGAACCAGTCGTACGAGAG_004,172
CTGAACCAGTCGTACGAGAG_005,56
CTGAACCAGTCGTACGAGAG_006,135
CTGAACCAGTCGTACGAGAG_007,131
CTGAACCAGTCGTACGAGAG_008,170
CTGAACCAGTCGTACGAGAG_009,15
CTGAACCAGTCGTACGAGAG_010,199
CTGAACCAGTCGTACGAGAG_011,47
CTGAACCAGTCGTACGAGAG_012,11
CTGAACCAGTCGTACGAGAG_013,63
CTGAACCAGTCGTACGAGAG_014,174
CTGAACCAGTCGTACGAGAG_015,82
GCAAACATTTCATCATAAGG_001,130
GCAAACATTTCATCATAAGG_002,159
GCAAACATTTCATCATAAGG_003,172
GCAAACATTTCATCATAAGG_004,119
GCAAACATTTCATCATAAGG_005,7
ACATGGACAAAAACAGCGAA_001,85
ACATGGACAAAAACAGCGAA_002,9
ACATGGACAAAAACAGCGAA_003,96
ACATGGACAAAAACAGCGAA_004,97
ACATGGACAAAAACAGCGAA_005,2
ACATGGACAAAAACAGCGAA_006,10
ACATGGACAAAAACAGCGAA_007,167
ACATGGACAAAAACAGCGAA_008,119
ACATGGACAAAAACAGCGAA_009,63
ACATGGACAAAAACAGCGAA_010,2
ATCAACCAAAGCCTACAACA_001,63
ATCAACCAAAGCCTACAACA_002,19
ATCAACCAAAGCCTACAACA_003,168
ATCAACCAAAGCCTACAACA_004,8
ATCAACCAAAGCCTACAACA_005,102
ATCAACCAAAGCCTACAACA_006,44
ATCAACCAAAGCCTACAACA_007,84
ATCAACCAAAGCCTACAACA_008,11
ATCAACCAAAGCCTACAACA_009,37
ATCAACCAAAGCCTACAACA_010,54
ATCAACCAAAGCCTACAACA_011,1
ATCAACCAAAGCCTACAACA_012,107
ATGCTAGGTTGGAACAACTG_001,163
ATGCTAGGTTGGAACAACTG_002,50
ATGCTAGGTTGGAACAACTG_003,158
ATGCTAGGTTGGAACAACTG_004,142
ATGCTAGGTTGGAACAACTG_005,150
ATGCTAGGTTGGAACAACTG_006,39
CCATGGGGGCCTCACCCGAA_001,156
CCATGGGGGCCTCACCCGAA_002,48
GGCAGCACATGCCATCTCGG_001,51
GGCAGCACATGCCATCTCGG_002,105
GGCAGCACATGCCATCTCGG_003,4
GGCAGCACATGCCATCTCGG_004,28
GGCAGCACATGCCATCTCGG_005,198
GGCAGCACATGCCATCTCGG_006,173
GGCAGCACATGCCATCTCGG_007,9
GGCAGCACATGCCATCTCGG_008,4
GGCAGCACATGCCATCTCGG_009,107
GGCAGCACATGCCATCTCGG_010,94
GGCAGCACATGCCATCTCGG_011,78
GGCAGCACATGCCATCTCGG_012,174
GGCAGCACATGCCATCTCGG_013,7
GGCAGCACATGCCATCTCGG_014,60
GGCAGCACATGCCATCTCGG_015,118
GGCAGCACATGCCATCTCGG_016,138
GGCAGCACATGCCATCTCGG_017,191
GGCAGCACATGCCATCTCGG_018,148
GGCAGCACATGCCATCTCGG_019,36
GGCAGCACATGCCATCTCGG_020,168
GGCAGCACATGCCATCTCGG_021,43
GGCAGCACATGCCATCTCGG_022,101
GATCGACCGCAACTTACGGG_001,42
GATCGACCGCAACTTACGGG_002,119
GATCGACCGCAACTTACGGG_003,119
GATCGACCGCAACTTACGGG_004,81
GATCGACCGCAACTTACGGG_005,41
GATCGACCGCAACTTACGGG_006,105
GATCGACCGCAACTTACGGG_007,83
GATCGACCGCAACTTACGGG_008,146
GATCGACCGCAACTTACGGG_009,77
GATCGACCGCAACTTACGGG_010,118
GATCGACCGCAACTTACGGG_011,155
GATCGACCGCAACTTACGGG_012,76
GATCGACCGCAACTTACGGG_013,33
GATCGACCGCAACTTACGGG_014,171
GATCGACCGCAACTTACGGG_015,60
GATCGACCGCAACTTACGGG_016,88
GATCGACCGCAACTTACGGG_017,102
GATCGACCGCAACTTACGGG_018,35
GATCGACCGCAACTTACGGG_019,163
GATCGACCGCAACTTACGGG_020,39
GATCGACCGCAACTTACGGG_021,152
GATCGACCGCAACTTACGGG_022,172
GATCGACCGCAACTTACGGG_023,135
GATCGACCGCAACTTACGGG_024,66
GATCGACCGCAACTTACGGG_025,94
CTTGGCCAATTACCTAGACA_001,136
CTTGGCCAATTACCTAGACA_002,113
CTTGGCCAATTACCTAGACA_003,171
CTTGGCCAATTACCTAGACA_004,68
CTTGGCCAATTACCTAGACA_005,98
CTTGGCCAATTACCTAGACA_006,37
GGAGTTTGCCATAATGAATG_001,175
CCTGTATGAGACAGTCCCCG_001,132
CCTGTATGAGACAGTCCCCG_002,37
CCTGTATGAGACAGTCCCCG_003,27
CCTGTATGAGACAGTCCCCG_004,113
CCTGTATGAGACAGTCCCCG_005,75
CCTGTATGAGACAGTCCCCG_006,34
CCTGTATGAGACAGTCCCCG_007,182
CCTGTATGAGACAGTCCCCG_008,176
CCTGTATGAGACAGTCCCCG_009,140
AGCCTACAAAGTTACAACAC_001,175
AGCCTACAAAGTTACAACAC_002,79
AGCCTACAAAGTTACAACAC_003,12
CAGACGGTTCCGCTTCCAAG_001,176
CAGACGGTTCCGCTTCCAAG_002,29
CAGACGGTTCCGCTTCCAAG_003,8
CAGACGGTTCCGCTTCCAAG_004,179
CAGACGGTTCCGCTTCCAAG_005,98
CAGACGGTTCCGCTTCCAAG_006,25
CAGACGGTTCCGCTTCCAAG_007,25
CAGACGGTTCCGCTTCCAAG_008,141
CAGACGGTTCCGCTTCCAAG_009,174
CAGACGGTTCCGCTTCCAAG_010,12
GCTTGCCTTACTAAAAAAGG_001,68
GCTTGCCTTACTAAAAAAGG_002,16
GCTTGCCTTACTAAAAAAGG_003,151
GCTTGCCTTACTAAAAAAGG_004,53
TGAGCTCATTCGTGCCTCGG_001,184
TGAGCTCATTCGTGCCTCGG_002,199
TGAGCTCATTCGTGCCTCGG_003,44
TGAGCTCATTCGTGCCTCGG_004,74
TGAGCTCATTCGTGCCTCGG_005,163
TGAGCTCATTCGTGCCTCGG_006,146
TGAGCTCATTCGTGCCTCGG_007,157
TGAGCTCATTCGTGCCTCGG_008,174
TGAGCTCATTCGTGCCTCGG_009,186
TGAGCTCATTCGTGCCTCGG_010,42
TGAGCTCATTCGTGCCTCGG_011,148
TGCCAAGGAGGGTCAAGAGG_001,80
TGCCAAGGAGGGTCAAGAGG_002,29
TGCCAAGGAGGGTCAAGAGG_003,32
TGCCAAGGAGGGTCAAGAGG_004,69
TGCCAAGGAGGGTCAAGAGG_005,143
TGCCAAGGAGGGTCAAGAGG_006,88
TGCCAAGGAGGGTCAAGAGG_007,60
TGCCAAGGAGGGTCAAGAGG_008,114
TGCCAAGGAGGGTCAAGAGG_009,127
TGCCAAGGAGGGTCAAGAGG_010,19
TGCCAAGGAGGGTCAAGAGG_011,1
TGCCAAGGAGGGTCAAGAGG_012,78
TGCCAAGGAGGGTCAAGAGG_013,161
TGCCAAGGAGGGTCAAGAGG_014,147
ATACGTACCACATATGACGG_001,171
CACCTCAATAAGGGAAGACC_001,147
CACCTCAATAAGGGAAGACC_002,158
CACCTCAATAAGGGAAGACC_003,61
CACCTCAATAAGGGAAGACC_004,144
CACCTCAATAAGGGAAGACC_005,17
CACCTCAATAAGGGAAGACC_006,96
ACGACTGATGCTCCGAAGGG_001,54
ACGACTGATGCTCCGAAGGG_002,26
ACGACTGATGCTCCGAAGGG_003,5
ACGACTGATGCTCCGAAGGG_004,195
ACGACTGATGCTCCGAAGGG_005,17
AGCCCGAGACCCTGACACGA_001,130
AGCCCGAGACCCTGACACGA_002,66
AGCCCGAGACCCTGACACGA_003,88
AGCCCGAGACCCTGACACGA_004,48
AGCCCGAGACCCTGACACGA_005,12
AGCCCGAGACCCTGACACGA_006,60
AGCCCGAGACCCTGACACGA_007,176
AGCCCGAGACCCTGACACGA_008,158
AGCCCGAGACCCTGACACGA_009,147
AGCCCGAGACCCTGACACGA_010,147
AGCCCGAGACCCTGACACGA_011,2
AGCCCGAGACCCTGACACGA_012,68
AGCCCGAGACCCTGACACGA_013,40
AGCCCGAGACCCTGACACGA_014,179
AGCCCGAGACCCTGACACGA_015,12
AGCCCGAGACCCTGACACGA_016,13
AGCCCGAGACCCTGACACGA_017,9
AGCCCGAGACCCTGACACGA_018,13
AGCCCGAGACCCTGACACGA_019,5
AGCCCGAGACCCTGACACGA_020,36
AGCCCGAGACCCTGACACGA_021,57
AGCCCGAGACCCTGACACGA_022,13
AGCCCGAGACCCTGACACGA_023,13
AGCCCGAGACCCTGACACGA_024,135
AGCCCGAGACCCTGACACGA_025,170
AGCCCGAGACCCTGACACGA_026,150
AGCCCGAGACCCTGACACGA_027,147
AGCCCGAGACCCTGACACGA_028,127
AGCCCGAGACCCTGACACGA_029,17
AGCCCGAGACCCTGACACGA_030,198
AGCCCGAGACCCTGACACGA_031,1
AGCCCGAGACCCTGACACGA_032,53
AGCCCGAGACCCTGACACGA_033,23
AGCCCGAGACCCTGACACGA_034,159
AGCCCGAGACCCTGACACGA_035,8
AGCCCGAGACCCTGACACGA_036,123
AGCCCGAGACCCTGACACGA_037,184
AGCCCGAGACCCTGACACGA_038,73
AGCCCGAGACCCTGACACGA_039,59
AGCCCGAGACCCTGACACGA_040,117
AGCCCGAGACCCTGACACGA_041,56
AGCCCGAGACCCTGACACGA_042,19
AGCCCGAGACCCTGACACGA_043,11
AGCCCGAGACCCTGACACGA_044,196
AGCCCGAGACCCTGACACGA_045,36
AGCCCGAGACCCTGACACGA_046,166
AGCCCGAGACCCTGACACGA_047,10
AGCCCGAGACCCTGACACGA_048,197
AGCCCGAGACCCTGACACGA_049,195
CCTTATGGAATCAGACCGTT_001,9
CCTTATGGAATCAGACCGTT_002,177
CCTTATGGAATCAGACCGTT_003,60
CCTTATGGAATCAGACCGTT_004,150
CCTTATGGAATCAGACCGTT_005,78
CCTTATGGAATCAGACCGTT_006,19
CCTTATGGAATCAGACCGTT_007,94
CCTTATGGAATCAGACCGTT_008,124
CCTTATGGAATCAGACCGTT_009,19
CCTTATGGAATCAGACCGTT_010,3
CCTTATGGAATCAGACCGTT_011,173
CCTTATGGAATCAGACCGTT_012,152
CCTTATGGAATCAGACCGTT_013,56
CCTTATGGAATCAGACCGTT_014,115
CCTTATGGAATCAGACCGTT_015,151
CCTTATGGAATCAGACCGTT_016,144
GACCCCAGAGTCTGCACTGG_001,29
GACCCCAGAGTCTGCACTGG_002,11
GACCCCAGAGTCTGCACTGG_003,33
ATGACCTCAGCCCCATTGAG_001,199
ATGACCTCAGCCCCATTGAG_002,177
ATGACCTCAGCCCCATTGAG_003,56
ATGACCTCAGCCCCATTGAG_004,67
ATGACCTCAGCCCCATTGAG_005,197
ATGACCTCAGCCCCATTGAG_006,197
ATGACCTCAGCCCCATTGAG_007,184
ATGACCTCAGCCCCATTGAG_008,45
ATGACCTCAGCCCCATTGAG_009,33
ATGACCTCAGCCCCATTGAG_010,58
ATGACCTCAGCCCCATTGAG_011,141
ATGACCTCAGCCCCATTGAG_012,184
ATGACCTCAGCCCCATTGAG_013,127
ATGACCTCAGCCCCATTGAG_014,190
ATGACCTCAGCCCCATTGAG_015,12
ATGACCTCAGCCCCATTGAG_016,112
ATGACCTCAGCCCCATTGAG_017,137
TCTCGGCCGGAAAATCAAGG_001,147
TCTTACTGGAACTATAGCTG_001,169
TCTTACTGGAACTATAGCTG_002,1
TCTTACTGGAACTATAGCTG_003,115
TCTTACTGGAACTATAGCTG_004,148
TCTTACTGGAACTATAGCTG_005,165
TCTTACTGGAACTATAGCTG_006,2
TCTTACTGGAACTATAGCTG_007,56
GACCTGCGTAGACAAAGAGC_001,147
GACCTGCGTAGACAAAGAGC_002,58
GCATCCTGTGCTCCTCACGG_001,196
GCATCCTGTGCTCCTCACGG_002,85
GCATCCTGTGCTCCTCACGG_003,8
GCATCCTGTGCTCCTCACGG_004,175
GCATCCTGTGCTCCTCACGG_005,88
GAAGGCCTTAGGATCTACTG_001,52
GAAGGCCTTAGGATCTACTG_002,5
GAAGGCCTTAGGATCTACTG_003,112
GAAGGCCTTAGGATCTACTG_004,16
GAAGGCCTTAGGATCTACTG_005,24
GAAGGCCTTAGGATCTACTG_006,104
GAAGGCCTTAGGATCTACTG_007,83
GAAGGCCTTAGGATCTACTG_008,8
GAAGGCCTTAGGATCTACTG_009,90
GAAGGCCTTAGGATCTACTG_010,56
CCTCTGCCGTGTCATCAACG_001,50
CCTCTGCCGTGTCATCAACG_002,105
CCTCTGCCGTGTCATCAACG_003,58
CCTCTGCCGTGTCATCAACG_004,165
CCTCTGCCGTGTCATCAACG_005,104
CAGTGCCACCCCCAAAACTG_001,188
CAGTGCCACCCCCAAAACTG_002,124
CAGTGCCACCCCCAAAACTG_003,151
CAGTGCCACCCCCAAAACTG_004,8
CAGTGCCACCCCCAAAACTG_005,85
CAGTGCCACCCCCAAAACTG_006,8
CAGTGCCACCCCCAAAACTG_007,181
CAGTGCCACCCCCAAAACTG_008,53
CAGTGCCACCCCCAAAACTG_009,105
CAGTGCCACCCCCAAAACTG_010,19
CAGTGCCACCCCCAAAACTG_011,156
CAGTGCCACCCCCAAAACTG_012,145
CAGTGCCACCCCCAAAACTG_013,113
CAGTGCCACCCCCAAAACTG_014,2
CAGTGCCACCCCCAAAACTG_015,192
CAGTGCCACCCCCAAAACTG_016,31
CAGTGCCACCCCCAAAACTG_017,112
CAGTGCCACCCCCAAAACTG_018,174
CAGTGCCACCCCCAAAACTG_019,94
CAGTGCCACCCCCAAAACTG_020,15
CAGTGCCACCCCCAAAACTG_021,149
CAGTGCCACCCCCAAAACTG_022,185
CAGTGCCACCCCCAAAACTG_023,177
CAGTGCCACCCCCAAAACTG_024,131
CAGTGCCACCCCCAAAACTG_025,22
CAGTGCCACCCCCAAAACTG_026,33
CAGTGCCACCCCCAAAACTG_027,53
CAGTGCCACCCCCAAAACTG_028,7
CAGTGCCACCCCCAAAACTG_029,40
CAGTGCCACCCCCAAAACTG_030,151
CAGTGCCACCCCCAAAACTG_031,104
CAGTGCCACCCCCAAAACTG_032,98
CAGTGCCACCCCCAAAACTG_033,142
CAGTGCCACCCCCAAAACTG_034,142
CAGTGCCACCCCCAAAACTG_035,178
CAGTGCCACCCCCAAAACTG_036,104
CAGTGCCACCCCCAAAACTG_037,87
CAGTGCCACCCCCAAAACTG_038,87
CAGTGCCACCCCCAAAACTG_039,87
CAGTGCCACCCCCAAAACTG_040,53
AGGAATGAAACTGTTAAACC_001,90
CACCATCTCCGAGGACACGT_001,35
CACCATCTCCGAGGACACGT_002,105
CACCATCTCCGAGGACACGT_003,127
CACCATCTCCGAGGACACGT_004,51
CACCATCTCCGAGGACACGT_005,120
CACCATCTCCGAGGACACGT_006,77
CACCATCTCCGAGGACACGT_007,37
CACCATCTCCGAGGACACGT_008,77
CACCATCTCCGAGGACACGT_009,165
CACCATCTCCGAGGACACGT_010,171
CACCATCTCCGAGGACACGT_011,50
CACCATCTCCGAGGACACGT_012,161
CACCATCTCCGAGGACACGT_013,36
CACCATCTCCGAGGACACGT_014,151
CACCATCTCCGAGGACACGT_015,197
CACCATCTCCGAGGACACGT_016,199
CACCATCTCCGAGGACACGT_017,78
CACCATCTCCGAGGACACGT_018,41
CACCATCTCCGAGGACACGT_019,112
CACCATCTCCGAGGACACGT_020,150
CACCATCTCCGAGGACACGT_021,137
CACCATCTCCGAGGACACGT_022,188
CACCATCTCCGAGGACACGT_023,178
CACCATCTCCGAGGACACGT_024,141
CACCATCTCCGAGGACACGT_025,52
CACCATCTCCGAGGACACGT_026,52
CACCATCTCCGAGGACACGT_027,119
CACCATCTCCGAGGACACGT_028,22
CACCATCTCCGAGGACACGT_029,17
CACCATCTCCGAGGACACGT_030,70
CACCATCTCCGAGGACACGT_031,12
CACCATCTCCGAGGACACGT_032,12
CACCATCTCCGAGGACACGT_033,9
GGCTTTCGTCTACGGCTCCG_001,146
GGCTTTCGTCTACGGCTCCG_002,129
GGCTTTCGTCTACGGCTCCG_003,127
GGCTTTCGTCTACGGCTCCG_004,58
GGCTTTCGTCTACGGCTCCG_005,70
GGCTTTCGTCTACGGCTCCG_006,29
GGCTTTCGTCTACGGCTCCG_007,106
GGCTTTCGTCTACGGCTCCG_008,114
GGCTTTCGTCTACGGCTCCG_009,43
GGCTTTCGTCTACGGCTCCG_010,35
TGACACGGTCCTCCGCATCG_001,169
TGACACGGTCCTCCGCATCG_002,118
TGACACGGTCCTCCGCATCG_003,60
TGACACGGTCCTCCGCATCG_004,158
TGACACGGTCCTCCGCATCG_005,34
TGACACGGTCCTCCGCATCG_006,150
TGACACGGTCCTCCGCATCG_007,81
TGACACGGTCCTCCGCATCG_008,174
GACTGGATAATAAAAGACAT_001,178
GACTGGATAATAAAAGACAT_002,43
GACTGGATAATAAAAGACAT_003,22
GACTGGATAATAAAAGACAT_004,22
GACTGGATAATAAAAGACAT_005,116
GACTGGATAATAAAAGACAT_006,195
ATGTCCGCTGCAATCTGCTC_001,12
ATGTCCGCTGCAATCTGCTC_002,45
ATGTCCGCTGCAATCTGCTC_003,130
ATGTCCGCTGCAATCTGCTC_004,169
ATGTCCGCTGCAATCTGCTC_005,114
ATGTCCGCTGCAATCTGCTC_006,114
ATGTCCGCTGCAATCTGCTC_007,40
ATGTCCGCTGCAATCTGCTC_008,57
ATGTCCGCTGCAATCTGCTC_009,162
ATGTCCGCTGCAATCTGCTC_010,68
ATGTCCGCTGCAATCTGCTC_011,91
ATGTCCGCTGCAATCTGCTC_012,1
ATGTCCGCTGCAATCTGCTC_013,149
ATGTCCGCTGCAATCTGCTC_014,136
ATGTCCGCTGCAATCTGCTC_015,97
ATGTCCGCTGCAATCTGCTC_016,47
ATGTCCGCTGCAATCTGCTC_017,186
ATGTCCGCTGCAATCTGCTC_018,97
ATGTCCGCTGCAATCTGCTC_019,135
CTCCCATTGATCTACGATGG_001,55
CTCCCATTGATCTACGATGG_002,1
CTCCCATTGATCTACGATGG_003,185
CTCCCATTGATCTACGATGG_004,60
CTCCCATTGATCTACGATGG_005,188
CTCCCATTGATCTACGATGG_006,166
GATCGGCAGACTTTACACTG_001,11
GATCGGCAGACTTTACACTG_002,30
GATCGGCAGACTTTACACTG_003,88
GATCGGCAGACTTTACACTG_004,82
GATCGGCAGACTTTACACTG_005,171
GATCGGCAGACTTTACACTG_006,53
GATCGGCAGACTTTACACTG_007,181
GATCGGCAGACTTTACACTG_008,150
GATCGGCAGACTTTACACTG_009,133
GATCGGCAGACTTTACACTG_010,174
GGAATTCATTGCTGCCACTG_001,158
GACGCAGTGTCAGAGCGTGT_001,121
GACGCAGTGTCAGAGCGTGT_002,117
GACGCAGTGTCAGAGCGTGT_003,140
GACGCAGTGTCAGAGCGTGT_004,118
GACGCAGTGTCAGAGCGTGT_005,161
GACGCAGTGTCAGAGCGTGT_006,111
AAAGGGGAAAAGTTTGGTCG_001,170
AAAGGGGAAAAGTTTGGTCG_002,126
AAAGGGGAAAAGTTTGGTCG_003,84
AAAGGGGAAAAGTTTGGTCG_004,174
AAAGGGGAAAAGTTTGGTCG_005,63
AAAGGGGAAAAGTTTGGTCG_006,106
AAGCGAAAGAACAGGACTAG_001,154
AAGCGAAAGAACAGGACTAG_002,139
AAGCGAAAGAACAGGACTAG_003,91
AAGCGAAAGAACAGGACTAG_004,134
AAGCGAAAGAACAGGACTAG_005,130
AAGCGAAAGAACAGGACTAG_006,98
AAGCGAAAGAACAGGACTAG_007,40
AAGCGAAAGAACAGGACTAG_008,78
AAGCGAAAGAACAGGACTAG_009,6
AAGCGAAAGAACAGGACTAG_010,123
TGGAGAGAATTGCTTCAGAG_001,62
TGGAGAGAATTGCTTCAGAG_002,48
TGGAGAGAATTGCTTCAGAG_003,0
TGGAGAGAATTGCTTCAGAG_004,5
TGGAGAGAATTGCTTCAGAG_005,151
TGGAGAGAATTGCTTCAGAG_006,191
CTGTTCGACTGCATCGTCCG_001,20
CTGTTCGACTGCATCGTCCG_002,15
CTGTTCGACTGCATCGTCCG_003,4
CTGTTCGACTGCATCGTCCG_004,0
CTGTTCGACTGCATCGTCCG_005,46
CTGTTCGACTGCATCGTCCG_006,102
CTGTTCGACTGCATCGTCCG_007,104
GAATTGCCAAAATATTACTG_001,185
GAATTGCCAAAATATTACTG_002,19
GAATTGCCAAAATATTACTG_003,107
GAATTGCCAAAATATTACTG_004,160
CAGTATGCAAGGCAGTTGCA_001,116
CAGTATGCAAGGCAGTTGCA_002,3
CAGTATGCAAGGCAGTTGCA_003,78
CAGTATGCAAGGCAGTTGCA_004,77
CAGTATGCAAGGCAGTTGCA_005,169
GAACCACGCCAAAATACGTG_001,48
GAACCACGCCAAAATACGTG_002,40
GAACCACGCCAAAATACGTG_003,151
GAACCACGCCAAAATACGTG_004,142
GAACCACGCCAAAATACGTG_005,106
CCTTTCGAGGAGCTCTCCCA_001,147
CCTTTCGAGGAGCTCTCCCA_002,4
CCTTTCGAGGAGCTCTCCCA_003,199
CCTTTCGAGGAGCTCTCCCA_004,199
CCTTTCGAGGAGCTCTCCCA_005,26
CCTTTCGAGGAGCTCTCCCA_006,41
CCTTTCGAGGAGCTCTCCCA_007,156
CCTTTCGAGGAGCTCTCCCA_008,2
CCTTTCGAGGAGCTCTCCCA_009,182
CCTTTCGAGGAGCTCTCCCA_010,173
GCAACTGCACACATTTACCC_001,137
GGTCTTCCTTGCATGCAGAG_001,8
GGTCTTCCTTGCATGCAGAG_002,49
GGTCTTCCTTGCATGCAGAG_003,191
GGTCTTCCTTGCATGCAGAG_004,69
GGTCTTCCTTGCATGCAGAG_005,50
TTCGGCCCGGAGTTCTGCTA_001,158
TTCGGCCCGGAGTTCTGCTA_002,120
TTCGGCCCGGAGTTCTGCTA_003,166
TTCGGCCCGGAGTTCTGCTA_004,130
TTCGGCCCGGAGTTCTGCTA_005,88
TTCGGCCCGGAGTTCTGCTA_006,63
TTCGGCCCGGAGTTCTGCTA_007,188
TTCGGCCCGGAGTTCTGCTA_008,138
TTCGGCCCGGAGTTCTGCTA_009,29
TTCGGCCCGGAGTTCTGCTA_010,0
TTCGGCCCGGAGTTCTGCTA_011,57
TTCGGCCCGGAGTTCTGCTA_012,185
TTCGGCCCGGAGTTCTGCTA_013,44
TTCGGCCCGGAGTTCTGCTA_014,101
TTCGGCCCGGAGTTCTGCTA_015,98
TTCGGCCCGGAGTTCTGCTA_016,40
TTCGGCCCGGAGTTCTGCTA_017,115
TTCGGCCCGGAGTTCTGCTA_018,5
TTCGGCCCGGAGTTCTGCTA_019,69
TTCGGCCCGGAGTTCTGCTA_020,9
TTCGGCCCGGAGTTCTGCTA_021,184
TTCGGCCCGGAGTTCTGCTA_022,12
TTCGGCCCGGAGTTCTGCTA_023,53
TTCGGCCCGGAGTTCTGCTA_024,189
TTCGGCCCGGAGTTCTGCTA_025,82
TTCGGCCCGGAGTTCTGCTA_026,160
TTCGGCCCGGAGTTCTGCTA_027,83
TTCGGCCCGGAGTTCTGCTA_028,116
TTCGGCCCGGAGTTCTGCTA_029,28
TTCGGCCCGGAGTTCTGCTA_030,178
TTCGGCCCGGAGTTCTGCTA_031,172
ACCAAATTGGGTAGCCAGCG_001,27
ACCAAATTGGGTAGCCAGCG_002,29
ACCAAATTGGGTAGCCAGCG_003,8
ACCAAATTGGGTAGCCAGCG_004,81
ACCAAATTGGGTAGCCAGCG_005,63
ACCAAATTGGGTAGCCAGCG_006,43
TCATTCTCAAGGCGGGAAGG_001,29
TCATTCTCAAGGCGGGAAGG_002,77
TCATTCTCAAGGCGGGAAGG_003,118
TCATTCTCAAGGCGGGAAGG_004,174
TCATTCTCAAGGCGGGAAGG_005,188
TCATTCTCAAGGCGGGAAGG_006,130
TCATTCTCAAGGCGGGAAGG_007,83
TCATTCTCAAGGCGGGAAGG_008,85
TCATTCTCAAGGCGGGAAGG_009,173
TCATTCTCAAGGCGGGAAGG_010,173
TCATTCTCAAGGCGGGAAGG_011,173
TCATTCTCAAGGCGGGAAGG_012,166
TCCTGTACTATGTCTACATG_001,113
CCAATCTGTTAACCACCTCA_001,196
CCAATCTGTTAACCACCTCA_002,178
CCAATCTGTTAACCACCTCA_003,67
CCAATCTGTTAACCACCTCA_004,129
CCAATCTGTTAACCACCTCA_005,110
CCAATCTGTTAACCACCTCA_006,158
CCAATCTGTTAACCACCTCA_007,116
CCAATCTGTTAACCACCTCA_008,130
CCAATCTGTTAACCACCTCA_009,101
CCAATCTGTTAACCACCTCA_010,177
GAGCAGAAAGCCGAAGGACA_001,26
GAGCAGAAAGCCGAAGGACA_002,102
GAGCAGAAAGCCGAAGGACA_003,112
GAGCAGAAAGCCGAAGGACA_004,108
GAGCAGAAAGCCGAAGGACA_005,158
GAGCAGAAAGCCGAAGGACA_006,183
GAGCAGAAAGCCGAAGGACA_007,27
GAGCAGAAAGCCGAAGGACA_008,60
GAGCAGAAAGCCGAAGGACA_009,158
GAGCAGAAAGCCGAAGGACA_010,40
GAGCAGAAAGCCGAAGGACA_011,172
GAGCAGAAAGCCGAAGGACA_012,30
GTTTCATCGAAAACTACGCA_001,40
GTTTCATCGAAAACTACGCA_002,147
TTCTATCTAGTCGAGCCCAA_001,65
TTCTATCTAGTCGAGCCCAA_002,22
TTCTATCTAGTCGAGCCCAA_003,2
TTCTATCTAGTCGAGCCCAA_004,3
TTCTATCTAGTCGAGCCCAA_005,28
TTCTATCTAGTCGAGCCCAA_006,11
GAAATTCACGAAAGTCTGTG_001,118
GAAATTCACGAAAGTCTGTG_002,48
GAAATTCACGAAAGTCTGTG_003,94
GAAATTCACGAAAGTCTGTG_004,56
GAAATTCACGAAAGTCTGTG_005,115
GAAATTCACGAAAGTCTGTG_006,123
AAGGTATGTGCTTAATCGAA_001,170
AAGGTATGTGCTTAATCGAA_002,17
AAGGTATGTGCTTAATCGAA_003,120
AAGGTATGTGCTTAATCGAA_004,36
GCTGGTTACCAATCGGCCGG_001,191
GCTGGTTACCAATCGGCCGG_002,151
GCTGGTTACCAATCGGCCGG_003,33
GCTGGTTACCAATCGGCCGG_004,56
GCTGGTTACCAATCGGCCGG_005,44
GCTGGTTACCAATCGGCCGG_006,66
ACAGTTGATTACCTGACATG_001,57
TGTGCAACAAGTGCACCACT_001,82
TGTGCAACAAGTGCACCACT_002,127
TGTGCAACAAGTGCACCACT_003,136
TGTGCAACAAGTGCACCACT_004,73
TGTGCAACAAGTGCACCACT_005,62
TGTGCAACAAGTGCACCACT_006,116
TGTGCAACAAGTGCACCACT_007,45
TGTGCAACAAGTGCACCACT_008,35
TGTGCAACAAGTGCACCACT_009,70
TGTGCAACAAGTGCACCACT_010,9
TGTGCAACAAGTGCACCACT_011,57
TGTGCAACAAGTGCACCACT_012,103
TGTGCAACAAGTGCACCACT_013,195
TGTGCAACAAGTGCACCACT_014,38
TGTGCAACAAGTGCACCACT_015,146
TGTGCAACAAGTGCACCACT_016,65
TGTGCAACAAGTGCACCACT_017,9
TGTGCAACAAGTGCACCACT_018,197
TGTGCAACAAGTGCACCACT_019,53
TGTGCAACAAGTGCACCACT_020,185
TGTGCAACAAGTGCACCACT_021,190
TGTGCAACAAGTGCACCACT_022,199
TGTGCAACAAGTGCACCACT_023,75
TGTGCAACAAGTGCACCACT_024,185
TGTGCAACAAGTGCACCACT_025,83
TGTGCAACAAGTGCACCACT_026,188
ATTAACAGTGTCATGTAACA_001,28
TGTACCAGTGCGATTTCATA_001,81
TGTACCAGTGCGATTTCATA_002,15
TGTACCAGTGCGATTTCATA_003,168
TGTACCAGTGCGATTTCATA_004,50
TGTACCAGTGCGATTTCATA_005,8
TGTACCAGTGCGATTTCATA_006,68
TGTACCAGTGCGATTTCATA_007,174
CATTAAGATGGGCACAGGGT_001,8
CGTGCCTGTGGCATACACGG_001,158
CGTGCCTGTGGCATACACGG_002,39
CGTGCCTGTGGCATACACGG_003,18
CGTGCCTGTGGCATACACGG_004,139
CGTGCCTGTGGCATACACGG_005,127
CGTGCCTGTGGCATACACGG_006,81
CGTGCCTGTGGCATACACGG_007,12
CGTGCCTGTGGCATACACGG_008,5
CGTGCCTGTGGCATACACGG_009,147
CGTGCCTGTGGCATACACGG_010,170
CGTGCCTGTGGCATACACGG_011,50
CGTGCCTGTGGCATACACGG_012,120
CGTGCCTGTGGCATACACGG_013,73
CGTGCCTGTGGCATACACGG_014,85
CGTGCCTGTGGCATACACGG_015,158
CGTGCCTGTGGCATACACGG_016,174
CGTGCCTGTGGCATACACGG_017,167
CGTGCCTGTGGCATACACGG_018,167
CGTGCCTGTGGCATACACGG_019,81
CGTGCCTGTGGCATACACGG_020,11
CGTGCCTGTGGCATACACGG_021,55
CGTGCCTGTGGCATACACGG_022,96
TGAGGAGTGCAGTATAGACG_001,147
TGAGGAGTGCAGTATAGACG_002,132
TGAGGAGTGCAGTATAGACG_003,192
TGAGGAGTGCAGTATAGACG_004,165
TGAGGAGTGCAGTATAGACG_005,32
TGAGGAGTGCAGTATAGACG_006,119
TGAGGAGTGCAGTATAGACG_007,115
TGAGGAGTGCAGTATAGACG_008,94
TGAGGAGTGCAGTATAGACG_009,88
TGAGGAGTGCAGTATAGACG_010,170
TGAGGAGTGCAGTATAGACG_011,76
TGAGGAGTGCAGTATAGACG_012,88
TGAGGAGTGCAGTATAGACG_013,113
TGAGGAGTGCAGTATAGACG_014,152
ATTGTTATAGGCAACTACAG_001,127
ATTGTTATAGGCAACTACAG_002,197
GCCGCTGTGACCGAGTAACA_001,175
GCCGCTGTGACCGAGTAACA_002,32
GGAGCACTACTGGTCGCTGG_001,73
GGAGCACTACTGGTCGCTGG_002,103
GGAGCACTACTGGTCGCTGG_003,61
GGAGCACTACTGGTCGCTGG_004,171
GGAGCACTACTGGTCGCTGG_005,146
GGAGCACTACTGGTCGCTGG_006,60
GGAGCACTACTGGTCGCTGG_007,98
GGAGCACTACTGGTCGCTGG_008,49
GGAGCACTACTGGTCGCTGG_009,195
GGAGCACTACTGGTCGCTGG_010,95
GGAGCACTACTGGTCGCTGG_011,142
GGAGCACTACTGGTCGCTGG_012,10
GGAGCACTACTGGTCGCTGG_013,104
GGAGCACTACTGGTCGCTGG_014,130
GGAGCACTACTGGTCGCTGG_015,119
GTCATCTCCAGAGAAATTGC_001,119
GTCATCTCCAGAGAAATTGC_002,197
GTGATGCCCGGACTCTTAGG_001,47
GTGATGCCCGGACTCTTAGG_002,29
GTGATGCCCGGACTCTTAGG_003,144
GTGATGCCCGGACTCTTAGG_004,131
GTGATGCCCGGACTCTTAGG_005,57
TGTGCAGCCTCCTTTCGACG_001,65
TGTGCGACCCCTACCCCGCG_001,94
TGTGCGACCCCTACCCCGCG_002,188
TGTGCGACCCCTACCCCGCG_003,118
TGTGCGACCCCTACCCCGCG_004,48
TGTGCGACCCCTACCCCGCG_005,1
TGTGCGACCCCTACCCCGCG_006,16
TGTGCGACCCCTACCCCGCG_007,4
TGTGCGACCCCTACCCCGCG_008,22
TGTGCGACCCCTACCCCGCG_009,158
TGTGCGACCCCTACCCCGCG_010,49
TGTGCGACCCCTACCCCGCG_011,104
TGTGCGACCCCTACCCCGCG_012,158
TGTGCGACCCCTACCCCGCG_013,160
TGTGCGACCCCTACCCCGCG_014,20
TGTGCGACCCCTACCCCGCG_015,143
TGTGCGACCCCTACCCCGCG_016,58
TGTGCGACCCCTACCCCGCG_017,19
TGTGCGACCCCTACCCCGCG_018,198
TGTGCGACCCCTACCCCGCG_019,148
TGTGCGACCCCTACCCCGCG_020,145
TGTGCGACCCCTACCCCGCG_021,152
TGTGCGACCCCTACCCCGCG_022,124
TGTGCGACCCCTACCCCGCG_023,196
TGTGCGACCCCTACCCCGCG_024,49
TGTGCGACCCCTACCCCGCG_025,158
TGTGCGACCCCTACCCCGCG_026,156
TTCCAGAAGAGAAAAAGCCC_001,7
TTCCAGAAGAGAAAAAGCCC_002,111
TTCCAGAAGAGAAAAAGCCC_003,172
TTCCAGAAGAGAAAAAGCCC_004,184
TTCCAGAAGAGAAAAAGCCC_005,68
CCAGTGAAACTGTCATCCTG_001,29
CCAGTGAAACTGTCATCCTG_002,172
CCAGTGAAACTGTCATCCTG_003,147
CCAGTGAAACTGTCATCCTG_004,116
CCAGTGAAACTGTCATCCTG_005,19
CCAGTGAAACTGTCATCCTG_006,141
CCAGTGAAACTGTCATCCTG_007,40
CCAGTGAAACTGTCATCCTG_008,79
CCAGTGAAACTGTCATCCTG_009,11
CCAGTGAAACTGTCATCCTG_010,156
CCAGTGAAACTGTCATCCTG_011,150
CCAGTGAAACTGTCATCCTG_012,2
CCAGTGAAACTGTCATCCTG_013,63
CCAGTGAAACTGTCATCCTG_014,110
CCAGTGAAACTGTCATCCTG_015,126
GTCCAGTACGACCTCCAGTG_001,121
GTCCAGTACGACCTCCAGTG_002,37
GTCCAGTACGACCTCCAGTG_003,113
GTCCAGTACGACCTCCAGTG_004,60
GTCCAGTACGACCTCCAGTG_005,28
GTCCAGTACGACCTCCAGTG_006,87
GTCCAGTACGACCTCCAGTG_007,87
GTCCAGTACGACCTCCAGTG_008,96
GTCCAGTACGACCTCCAGTG_009,159
CTTGGGAGTGAAATCTCCCA_001,162
CTTGGGAGTGAAATCTCCCA_002,16
CTTGGGAGTGAAATCTCCCA_003,77
CTTGGGAGTGAAATCTCCCA_004,98
CACACATCTTAATCTCACTG_001,150
CACACATCTTAATCTCACTG_002,56
CCTGCCGGACACCAACGATG_001,188
CCTGCCGGACACCAACGATG_002,21
CCTGCCGGACACCAACGATG_003,146
CCTGCCGGACACCAACGATG_004,88
CCTGCCGGACACCAACGATG_005,2
CCTGCCGGACACCAACGATG_006,105
CCTGCCGGACACCAACGATG_007,105
CCTGCCGGACACCAACGATG_008,166
CCTGCCGGACACCAACGATG_009,60
CCTGCCGGACACCAACGATG_010,106
CCTGCCGGACACCAACGATG_011,176
CCTGCCGGACACCAACGATG_012,41
CCTGCCGGACACCAACGATG_013,14
CCTGCCGGACACCAACGATG_014,29
CCTGCCGGACACCAACGATG_015,78
CCTGCCGGACACCAACGATG_016,199
CCTGCCGGACACCAACGATG_017,68
CCTGCCGGACACCAACGATG_018,138
CCTGCCGGACACCAACGATG_019,157
CCTGCCGGACACCAACGATG_020,155
CCTGCCGGACACCAACGATG_021,83
CCTGCCGGACACCAACGATG_022,45
CCTGCCGGACACCAACGATG_023,170
CCTGCCGGACACCAACGATG_024,197
CCTGCCGGACACCAACGATG_025,150
CCTGCCGGACACCAACGATG_026,15
CACATACAGAGATGGCCGAG_001,145
CACATACAGAGATGGCCGAG_002,135
CACATACAGAGATGGCCGAG_003,30
CACATACAGAGATGGCCGAG_004,129
AGCAACGAGCAGTACAATGT_001,119
AGCAACGAGCAGTACAATGT_002,113
AGCAACGAGCAGTACAATGT_003,94
AGCAACGAGCAGTACAATGT_004,62
AGCAACGAGCAGTACAATGT_005,119
AGCAACGAGCAGTACAATGT_006,56
AGCAACGAGCAGTACAATGT_007,104
AGCAACGAGCAGTACAATGT_008,96
AGCAACGAGCAGTACAATGT_009,56
AGCAACGAGCAGTACAATGT_010,175
AGCAACGAGCAGTACAATGT_011,152
AGCAACGAGCAGTACAATGT_012,101
AGCAACGAGCAGTACAATGT_013,194
AGCAACGAGCAGTACAATGT_014,199
AGCAACGAGCAGTACAATGT_015,169
AGCAACGAGCAGTACAATGT_016,145
AGCAACGAGCAGTACAATGT_017,69
AGCAACGAGCAGTACAATGT_018,177
AGCAACGAGCAGTACAATGT_019,88
ACACCACTTACCCTTTCCGG_001,69
ACACCACTTACCCTTTCCGG_002,34
TGGATTACCTGTCGACCTAG_001,178
TGGATTACCTGTCGACCTAG_002,141
TCACACCTTGTAAGACATCG_001,193
TCACACCTTGTAAGACATCG_002,1
TCACACCTTGTAAGACATCG_003,32
TCACACCTTGTAAGACATCG_004,148
TCACACCTTGTAAGACATCG_005,117
TCACACCTTGTAAGACATCG_006,48
TCACACCTTGTAAGACATCG_007,8
TCACACCTTGTAAGACATCG_008,197
TCACACCTTGTAAGACATCG_009,12
TCACACCTTGTAAGACATCG_010,119
TCACACCTTGTAAGACATCG_011,67
TCACACCTTGTAAGACATCG_012,30
TCACACCTTGTAAGACATCG_013,148
TCACACCTTGTAAGACATCG_014,104
TCACACCTTGTAAGACATCG_015,57
TCACACCTTGTAAGACATCG_016,144
TCACACCTTGTAAGACATCG_017,111
TCACACCTTGTAAGACATCG_018,104
TCACACCTTGTAAGACATCG_019,21
TTCGGAGTGCTTATGCCAAG_001,77
TTCGGAGTGCTTATGCCAAG_002,94
TTCGGAGTGCTTATGCCAAG_003,49
TTCGGAGTGCTTATGCCAAG_004,77
TTCGGAGTGCTTATGCCAAG_005,155
TTCGGAGTGCTTATGCCAAG_006,49
TTCGGAGTGCTTATGCCAAG_007,65
TTCGGAGTGCTTATGCCAAG_008,170
TCTATAGTGGGCCGTACTCG_001,6
TCTATAGTGGGCCGTACTCG_002,6
TCTATAGTGGGCCGTACTCG_003,134
TCTATAGTGGGCCGTACTCG_004,124
TCTATAGTGGGCCGTACTCG_005,170
TCTATAGTGGGCCGTACTCG_006,35
GAAGCGGTTGATATTGCAGA_001,74
GAAGCGGTTGATATTGCAGA_002,128
GAAGCGGTTGATATTGCAGA_003,83
GAAGCGGTTGATATTGCAGA_004,198
GAAGCGGTTGATATTGCAGA_005,160
GAAGCGGTTGATATTGCAGA_006,146
GAAGCGGTTGATATTGCAGA_007,105
GAAGCGGTTGATATTGCAGA_008,183
GGCCCAGGTTTAAATAAGGC_001,197
CCACCTTATAGAAACATCAG_001,141
CCACCTTATAGAAACATCAG_002,192
CCACCTTATAGAAACATCAG_003,23
CCACCTTATAGAAACATCAG_004,43
AGCCCGTTTAGGCATATCAA_001,29
AGCCCGTTTAGGCATATCAA_002,160
AGCCCGTTTAGGCATATCAA_003,96
AGCCCGTTTAGGCATATCAA_004,96
AGCCCGTTTAGGCATATCAA_005,52
AGCCCGTTTAGGCATATCAA_006,96
AGCCCGTTTAGGCATATCAA_007,169
AGCCCGTTTAGGCATATCAA_008,158
AGCCCGTTTAGGCATATCAA_009,110
AGCCCGTTTAGGCATATCAA_010,40
AGCCCGTTTAGGCATATCAA_011,199
AGCCCGTTTAGGCATATCAA_012,139
AGCCCGTTTAGGCATATCAA_013,81
AGCCCGTTTAGGCATATCAA_014,169
AGCCCGTTTAGGCATATCAA_015,181
AGCCCGTTTAGGCATATCAA_016,128
AGCCCGTTTAGGCATATCAA_017,17
AGCCCGTTTAGGCATATCAA_018,16
AGCCCGTTTAGGCATATCAA_019,185
AGCCCGTTTAGGCATATCAA_020,197
GGTGTCGCCGCGGTCGATGG_001,142
GGTGTCGCCGCGGTCGATGG_002,150
GGTGTCGCCGCGGTCGATGG_003,1
GGTGTCGCCGCGGTCGATGG_004,22
GGTGTCGCCGCGGTCGATGG_005,125
GGTGTCGCCGCGGTCGATGG_006,33
GGTGTCGCCGCGGTCGATGG_007,55
GGTGTCGCCGCGGTCGATGG_008,177
GGTGTCGCCGCGGTCGATGG_009,33
GGTGTCGCCGCGGTCGATGG_010,17
GGTGTCGCCGCGGTCGATGG_011,126
GGTGTCGCCGCGGTCGATGG_012,184
GGTGTCGCCGCGGTCGATGG_013,183
GGTGTCGCCGCGGTCGATGG_014,21
GGTGTCGCCGCGGTCGATGG_015,68
GGTGTCGCCGCGGTCGATGG_016,124
GGTGTCGCCGCGGTCGATGG_017,2
GGTGTCGCCGCGGTCGATGG_018,170
TTTAACCAGAAGATCTCCGG_001,188
TTTAACCAGAAGATCTCCGG_002,152
TTTAACCAGAAGATCTCCGG_003,8
TTTAACCAGAAGATCTCCGG_004,60
TTTAACCAGAAGATCTCCGG_005,158
TTTAACCAGAAGATCTCCGG_006,158
TTTAACCAGAAGATCTCCGG_007,77
TTTAACCAGAAGATCTCCGG_008,9
TTTAACCAGAAGATCTCCGG_009,16
TTTAACCAGAAGATCTCCGG_010,8
GCACTCACATGATTCCCGGG_001,107
AAGACAAGTGCTCTGTCAGA_001,29
AAGACAAGTGCTCTGTCAGA_002,82
GAGCCCTTATGAAATGTTTG_001,63
GAGCCCTTATGAAATGTTTG_002,105
GAGCCCTTATGAAATGTTTG_003,145
GAGCCCTTATGAAATGTTTG_004,186
GAGCCCTTATGAAATGTTTG_005,134
GAGCCCTTATGAAATGTTTG_006,19
AGCATTCTCACCAAGACCGA_001,120
AGCATTCTCACCAAGACCGA_002,32
AGCATTCTCACCAAGACCGA_003,187
AGCATTCTCACCAAGACCGA_004,102
AGCATTCTCACCAAGACCGA_005,169
AGCATTCTCACCAAGACCGA_006,62
AGCATTCTCACCAAGACCGA_007,145
AGCATTCTCACCAAGACCGA_008,180
AGCATTCTCACCAAGACCGA_009,7
AGCATTCTCACCAAGACCGA_010,10
AGCATTCTCACCAAGACCGA_011,15
AGCATTCTCACCAAGACCGA_012,188
AGCATTCTCACCAAGACCGA_013,138
AGCATTCTCACCAAGACCGA_014,147
CCAGGGCGTCAACAACTGGT_001,176
CCAGGGCGTCAACAACTGGT_002,174
CCAGGGCGTCAACAACTGGT_003,147
CCAGGGCGTCAACAACTGGT_004,25
CCAGGGCGTCAACAACTGGT_005,111
CCAGGGCGTCAACAACTGGT_006,45
CCAGGGCGTCAACAACTGGT_007,174
CCAGGGCGTCAACAACTGGT_008,158
CCAGGGCGTCAACAACTGGT_009,58
CCAGGGCGTCAACAACTGGT_010,147
GGAAGTAAACAAGTCAGTGA_001,192
GGAAGTAAACAAGTCAGTGA_002,121
AAAGGACTCTACATCAACCG_001,147
AAAGGACTCTACATCAACCG_002,130
AAAGGACTCTACATCAACCG_003,48
AAAGGACTCTACATCAACCG_004,88
AAAGGACTCTACATCAACCG_005,49
AAAGGACTCTACATCAACCG_006,150
AAAGGACTCTACATCAACCG_007,33
AAAGGACTCTACATCAACCG_008,113
AAAGGACTCTACATCAACCG_009,0
AAAGGACTCTACATCAACCG_010,29
AAAGGACTCTACATCAACCG_011,157
AAAGGACTCTACATCAACCG_012,144
CCAACACTCACACGAAGTGG_001,88
GACTTCTTTGGGAATCGAAG_001,160
GACTTCTTTGGGAATCGAAG_002,171
GACTTCTTTGGGAATCGAAG_003,96
GACTTCTTTGGGAATCGAAG_004,40
GACTTCTTTGGGAATCGAAG_005,108
GACTTCTTTGGGAATCGAAG_006,68
GACTTCTTTGGGAATCGAAG_007,115
GACTTCTTTGGGAATCGAAG_008,89
GACTTCTTTGGGAATCGAAG_009,32
GACTTCTTTGGGAATCGAAG_010,10
GACTTCTTTGGGAATCGAAG_011,196
CCTTGCCGCCGGTCGACTTG_001,147
CCTTGCCGCCGGTCGACTTG_002,145
CCTTGCCGCCGGTCGACTTG_003,12
CCTTGCCGCCGGTCGACTTG_004,63
CCTTGCCGCCGGTCGACTTG_005,146
CCTTGCCGCCGGTCGACTTG_006,26
CCTTGCCGCCGGTCGACTTG_007,21
CCTTGCCGCCGGTCGACTTG_008,19
CTGTTTCGAAGGCTACGCCG_001,138
CTGTTTCGAAGGCTACGCCG_002,82
CTGTTTCGAAGGCTACGCCG_003,1
AGGAGAAGGGTCAATGACGA_001,55
AGGAGAAGGGTCAATGACGA_002,117
AGGAGAAGGGTCAATGACGA_003,198
AGGAGAAGGGTCAATGACGA_004,101
AGGAGAAGGGTCAATGACGA_005,108
AGGAGAAGGGTCAATGACGA_006,154
AGGAGAAGGGTCAATGACGA_007,174
AGGAGAAGGGTCAATGACGA_008,30
AGGAGAAGGGTCAATGACGA_009,174
AGGAGAAGGGTCAATGACGA_010,199
AGGAGAAGGGTCAATGACGA_011,65
AGGAGAAGGGTCAATGACGA_012,8
AGGAGAAGGGTCAATGACGA_013,128
AGGAGAAGGGTCAATGACGA_014,43
AGGAGAAGGGTCAATGACGA_015,199
AGGAGAAGGGTCAATGACGA_016,8
GGCCGTGTACTTCTCTCCCG_001,166
GGCCGTGTACTTCTCTCCCG_002,36
GGCCGTGTACTTCTCTCCCG_003,158
TCAATAAAGTAATTGCCTTG_001,198
TCAATAAAGTAATTGCCTTG_002,20
TCAATAAAGTAATTGCCTTG_003,65
TCAATAAAGTAATTGCCTTG_004,82
GGTGCTGACGGGGTTCGAGG_001,186
GGTGCTGACGGGGTTCGAGG_002,115
GGTGCTGACGGGGTTCGAGG_003,183
GGTGCTGACGGGGTTCGAGG_004,51
GGTGCTGACGGGGTTCGAGG_005,48
GGTGCTGACGGGGTTCGAGG_006,191
GGTGCTGACGGGGTTCGAGG_007,10
GGTGCTGACGGGGTTCGAGG_008,17
GGTGCTGACGGGGTTCGAGG_009,172
GGTGCTGACGGGGTTCGAGG_010,150
GGTGCTGACGGGGTTCGAGG_011,187
GGTGCTGACGGGGTTCGAGG_012,37
GGTGCTGACGGGGTTCGAGG_013,133
GGTGCTGACGGGGTTCGAGG_014,185
GGTGCTGACGGGGTTCGAGG_015,33
GGTGCTGACGGGGTTCGAGG_016,78
GGTGCTGACGGGGTTCGAGG_017,46
GGTGCTGACGGGGTTCGAGG_018,7
GGTGCTGACGGGGTTCGAGG_019,91
GGTGCTGACGGGGTTCGAGG_020,105
GGTGCTGACGGGGTTCGAGG_021,29
GGTGCTGACGGGGTTCGAGG_022,71
GGTGCTGACGGGGTTCGAGG_023,7
GGTGCTGACGGGGTTCGAGG_024,188
GGTGCTGACGGGGTTCGAGG_025,27
GGTGCTGACGGGGTTCGAGG_026,22
GGTGCTGACGGGGTTCGAGG_027,158
GGTGCTGACGGGGTTCGAGG_028,144
TTAGTCCCTATTACCAACAG_001,164
TTAGTCCCTATTACCAACAG_002,184
TTAGTCCCTATTACCAACAG_003,16
TTAGTCCCTATTACCAACAG_004,2
TTAGTCCCTATTACCAACAG_005,199
TTAGTCCCTATTACCAACAG_006,12
TTAGTCCCTATTACCAACAG_007,166
TTAGTCCCTATTACCAACAG_008,117
TTCAATAGTGGTTTGAAAGG_001,140
TTCAATAGTGGTTTGAAAGG_002,198
TTCAATAGTGGTTTGAAAGG_003,104
TTCAATAGTGGTTTGAAAGG_004,104
TTCAATAGTGGTTTGAAAGG_005,178
GTATACTCCATCGCAGACCG_001,130
GTATACTCCATCGCAGACCG_002,78
GTATACTCCATCGCAGACCG_003,198
GTATACTCCATCGCAGACCG_004,182
GTATACTCCATCGCAGACCG_005,138
GTATACTCCATCGCAGACCG_006,25
GTATACTCCATCGCAGACCG_007,168
GTATACTCCATCGCAGACCG_008,150
GTATACTCCATCGCAGACCG_009,127
GTATACTCCATCGCAGACCG_010,16
GTATACTCCATCGCAGACCG_011,199
GTATACTCCATCGCAGACCG_012,73
GTATACTCCATCGCAGACCG_013,92
GTATACTCCATCGCAGACCG_014,133
GTATACTCCATCGCAGACCG_015,160
GTATACTCCATCGCAGACCG_016,66
GTATACTCCATCGCAGACCG_017,82
GTATACTCCATCGCAGACCG_018,34
GTATACTCCATCGCAGACCG_019,90
GTATACTCCATCGCAGACCG_020,153
GAAGCAAAGAAAACAGCAAT_001,107
GAAGCAAAGAAAACAGCAAT_002,12
GAAGCAAAGAAAACAGCAAT_003,2
GAAGCAAAGAAAACAGCAAT_004,55
GAAGCAAAGAAAACAGCAAT_005,5
GAAGCAAAGAAAACAGCAAT_006,123
GAAGCAAAGAAAACAGCAAT_007,84
CCATGACCGATGGGGCTACG_001,162
CCATGACCGATGGGGCTACG_002,118
CCATGACCGATGGGGCTACG_003,76
CCATGACCGATGGGGCTACG_004,84
CCATGACCGATGGGGCTACG_005,130
CCATGACCGATGGGGCTACG_006,174
CCATGACCGATGGGGCTACG_007,48
CCATGACCGATGGGGCTACG_008,168
CCATGACCGATGGGGCTACG_009,121
AGAACACACGCATGACCAAG_001,82
AGAACACACGCATGACCAAG_002,33
AGAACACACGCATGACCAAG_003,49
AGAACACACGCATGACCAAG_004,63
CCTGGCAGAAATCAGCACGC_001,48
CCTGGCAGAAATCAGCACGC_002,177
CCTGGCAGAAATCAGCACGC_003,38
CCTGGCAGAAATCAGCACGC_004,21
CCTGGCAGAAATCAGCACGC_005,115
CCTGGCAGAAATCAGCACGC_006,84
CCTGGCAGAAATCAGCACGC_007,190
CCTGGCAGAAATCAGCACGC_008,153
CCTGGCAGAAATCAGCACGC_009,105
CCTGGCAGAAATCAGCACGC_010,177
CCTGGCAGAAATCAGCACGC_011,150
CCTGGCAGAAATCAGCACGC_012,117
CCTGGCAGAAATCAGCACGC_013,144
CCTGGCAGAAATCAGCACGC_014,78
CCTGGCAGAAATCAGCACGC_015,155
CCTGGCAGAAATCAGCACGC_016,21
CCTGGCAGAAATCAGCACGC_017,31
CCTGGCAGAAATCAGCACGC_018,81
CCTGGCAGAAATCAGCACGC_019,8
CCTGGCAGAAATCAGCACGC_020,150
CCTGGCAGAAATCAGCACGC_021,49
CCTGGCAGAAATCAGCACGC_022,182
CCTGGCAGAAATCAGCACGC_023,72
CCTGGCAGAAATCAGCACGC_024,64
CCTGGCAGAAATCAGCACGC_025,19
CCTGGCAGAAATCAGCACGC_026,3
CCTGGCAGAAATCAGCACGC_027,59
CCTGGCAGAAATCAGCACGC_028,74
CCTGGCAGAAATCAGCACGC_029,60
CCTGGCAGAAATCAGCACGC_030,48
CCTGGCAGAAATCAGCACGC_031,17
CCTGGCAGAAATCAGCACGC_032,43
CCTGGCAGAAATCAGCACGC_033,48
CCTGGCAGAAATCAGCACGC_034,8
GTATGGATACCGTTAATGTG_001,198
GTATGGATACCGTTAATGTG_002,165
GTATGGATACCGTTAATGTG_003,83
GTATGGATACCGTTAATGTG_004,160
GTATGGATACCGTTAATGTG_005,149
GTATGGATACCGTTAATGTG_006,193
TGTGGTCATGGAAAAAGAAG_001,73
TGTGGTCATGGAAAAAGAAG_002,198
TGTGGTCATGGAAAAAGAAG_003,55
TGTGGTCATGGAAAAAGAAG_004,163
TGAGCACACCAGGCACACTG_001,106
TGAGCACACCAGGCACACTG_002,12
TGAGCACACCAGGCACACTG_003,41
TGAGCACACCAGGCACACTG_004,162
TGAGCACACCAGGCACACTG_005,76
TGAGCACACCAGGCACACTG_006,12
TGAGCACACCAGGCACACTG_007,176
TGAGCACACCAGGCACACTG_008,105
TGAGCACACCAGGCACACTG_009,23
TGAGCACACCAGGCACACTG_010,37
TGAGCACACCAGGCACACTG_011,150
TGAGCACACCAGGCACACTG_012,102
TGAGCACACCAGGCACACTG_013,144
TGAGCACACCAGGCACACTG_014,17
TGAGCACACCAGGCACACTG_015,77
TGAGCACACCAGGCACACTG_016,82
TGAGCACACCAGGCACACTG_017,197
TGAGCACACCAGGCACACTG_018,177
TGAGCACACCAGGCACACTG_019,64
TGAGCACACCAGGCACACTG_020,76
TGAGCACACCAGGCACACTG_021,76
TGAGCACACCAGGCACACTG_022,184
TGAGCACACCAGGCACACTG_023,84
TGAGCACACCAGGCACACTG_024,77
TGAGCACACCAGGCACACTG_025,82
TGAGCACACCAGGCACACTG_026,65
TGAGCACACCAGGCACACTG_027,48
TGAGCACACCAGGCACACTG_028,9
TGAGCACACCAGGCACACTG_029,134
TGAGCACACCAGGCACACTG_030,199
TGAGCACACCAGGCACACTG_031,140
TGAGCACACCAGGCACACTG_032,56
CTTTGTACAGAGCTTCACAG_001,40
CTTTGTACAGAGCTTCACAG_002,118
CTTTGTACAGAGCTTCACAG_003,137
CTTTGTACAGAGCTTCACAG_004,10
CTTTGTACAGAGCTTCACAG_005,110
CTTTGTACAGAGCTTCACAG_006,125
CTTTGTACAGAGCTTCACAG_007,78
CTTTGTACAGAGCTTCACAG_008,78
CTTTGTACAGAGCTTCACAG_009,38
CTTTGTACAGAGCTTCACAG_010,151
CTTTGTACAGAGCTTCACAG_011,80
CTTTGTACAGAGCTTCACAG_012,47
CTTTGTACAGAGCTTCACAG_013,0
CTTTGTACAGAGCTTCACAG_014,77
CTTTGTACAGAGCTTCACAG_015,23
CTTTGTACAGAGCTTCACAG_016,129
CGGACAGGTACAACTGCCGA_001,84
CGGACAGGTACAACTGCCGA_002,188
CGGACAGGTACAACTGCCGA_003,133
CGGACAGGTACAACTGCCGA_004,72
CGGACAGGTACAACTGCCGA_005,46
CGGACAGGTACAACTGCCGA_006,69
CGGACAGGTACAACTGCCGA_007,144
CGGACAGGTACAACTGCCGA_008,57
CGGACAGGTACAACTGCCGA_009,51
CGGACAGGTACAACTGCCGA_010,9
CGGACAGGTACAACTGCCGA_011,198
CGGACAGGTACAACTGCCGA_012,41
CGGACAGGTACAACTGCCGA_013,172
CGGACAGGTACAACTGCCGA_014,197
CGGACAGGTACAACTGCCGA_015,154
CGGACAGGTACAACTGCCGA_016,177
CGGACAGGTACAACTGCCGA_017,155
GTGCATCGCCTGCTCCGCAA_001,115
GTGCATCGCCTGCTCCGCAA_002,120
GTGCATCGCCTGCTCCGCAA_003,13
GTGCATCGCCTGCTCCGCAA_004,136
GTGCATCGCCTGCTCCGCAA_005,28
GTGCATCGCCTGCTCCGCAA_006,144
GCCAGGGGAAAAGTGCACAA_001,24
GCCAGGGGAAAAGTGCACAA_002,63
GCCAGGGGAAAAGTGCACAA_003,19
GCCAGGGGAAAAGTGCACAA_004,139
GCCAGGGGAAAAGTGCACAA_005,140
GCCAGGGGAAAAGTGCACAA_006,151
GCCAGGGGAAAAGTGCACAA_007,193
GCCAGGGGAAAAGTGCACAA_008,185
GCCAGGGGAAAAGTGCACAA_009,76
GCCAGGGGAAAAGTGCACAA_010,51
GCCAGGGGAAAAGTGCACAA_011,104
GCCAGGGGAAAAGTGCACAA_012,192
GCCAGGGGAAAAGTGCACAA_013,83
GCCAGGGGAAAAGTGCACAA_014,72
CTACTCCGTTTACGTGTACA_001,157
TTTGTGAATAAGGTCAACAC_001,199
TTTGTGAATAAGGTCAACAC_002,119
TTTGTGAATAAGGTCAACAC_003,181
TTTGTGAATAAGGTCAACAC_004,121
GACCGGGACGGGACCCAACG_001,3
GACCGGGACGGGACCCAACG_002,94
GACCGGGACGGGACCCAACG_003,15
GACCGGGACGGGACCCAACG_004,149
GACCGGGACGGGACCCAACG_005,77
GACCGGGACGGGACCCAACG_006,15
GACCGGGACGGGACCCAACG_007,134
GACCGGGACGGGACCCAACG_008,48
GACCGGGACGGGACCCAACG_009,63
GACCGGGACGGGACCCAACG_010,177
GACCGGGACGGGACCCAACG_011,43
GACCGGGACGGGACCCAACG_012,172
GACCGGGACGGGACCCAACG_013,29
GACCGGGACGGGACCCAACG_014,48
GACCGGGACGGGACCCAACG_015,119
GACCGGGACGGGACCCAACG_016,8
GACCGGGACGGGACCCAACG_017,161
GACCGGGACGGGACCCAACG_018,189
GACCGGGACGGGACCCAACG_019,6
GACCGGGACGGGACCCAACG_020,139
GACCGGGACGGGACCCAACG_021,191
GACCGGGACGGGACCCAACG_022,153
GACCGGGACGGGACCCAACG_023,107
GACCGGGACGGGACCCAACG_024,170
TTAGGATAGGCCAATAACTG_001,58
TTAGGATAGGCCAATAACTG_002,175
TTAGGATAGGCCAATAACTG_003,134
TTAGGATAGGCCAATAACTG_004,34
TTAGGATAGGCCAATAACTG_005,19
TTAGGATAGGCCAATAACTG_006,159
TTAGGATAGGCCAATAACTG_007,55
TTAGGATAGGCCAATAACTG_008,137
TTAGGATAGGCCAATAACTG_009,170
TTAGGATAGGCCAATAACTG_010,121
TTTATCCCCACAGCACACGG_001,105
TTTATCCCCACAGCACACGG_002,183
TTTATCCCCACAGCACACGG_003,8
TTTATCCCCACAGCACACGG_004,112
TTTATCCCCACAGCACACGG_005,92
TTTATCCCCACAGCACACGG_006,82
TTTATCCCCACAGCACACGG_007,157
TTTATCCCCACAGCACACGG_008,168
TTTATCCCCACAGCACACGG_009,12
TTTATCCCCACAGCACACGG_010,133
TTTATCCCCACAGCACACGG_011,26
TTTATCCCCACAGCACACGG_012,61
TTTATCCCCACAGCACACGG_013,47
TTTATCCCCACAGCACACGG_014,88
TTTATCCCCACAGCACACGG_015,46
TTTATCCCCACAGCACACGG_016,83
TTTATCCCCACAGCACACGG_017,12
TTTATCCCCACAGCACACGG_018,40
TTTATCCCCACAGCACACGG_019,59
TTTATCCCCACAGCACACGG_020,88
ATGGTGAAATGTCCAAATGA_001,60
ATGGTGAAATGTCCAAATGA_002,107
ATGGTGAAATGTCCAAATGA_003,150
ATGGTGAAATGTCCAAATGA_004,82
ATGGTGAAATGTCCAAATGA_005,160
CATGTTGGAGTAAACACCCG_001,68
CATGTTGGAGTAAACACCCG_002,96
CATGTTGGAGTAAACACCCG_003,137
CATGTTGGAGTAAACACCCG_004,19
CATGTTGGAGTAAACACCCG_005,57
CATGTTGGAGTAAACACCCG_006,30
CATGTTGGAGTAAACACCCG_007,111
CATGTTGGAGTAAACACCCG_008,62
CATGTTGGAGTAAACACCCG_009,44
CATGTTGGAGTAAACACCCG_010,35
CATGTTGGAGTAAACACCCG_011,104
CATGTTGGAGTAAACACCCG_012,80
ACGAATTGCAGTATGAACAG_001,162
ACGAATTGCAGTATGAACAG_002,106
ACGAATTGCAGTATGAACAG_003,78
ACGAATTGCAGTATGAACAG_004,171
ACGAATTGCAGTATGAACAG_005,137
CAGAGACCATGAAACTAAAG_001,60
CAGAGACCATGAAACTAAAG_002,169
CAGAGACCATGAAACTAAAG_003,76
CAGAGACCATGAAACTAAAG_004,76
CAGAGACCATGAAACTAAAG_005,40
TCTTAAATATGGCATATCAA_001,88
AATAGCTATCAGGATTAATG_001,112
AATAGCTATCAGGATTAATG_002,17
AATAGCTATCAGGATTAATG_003,184
AATAGCTATCAGGATTAATG_004,37
AATAGCTATCAGGATTAATG_005,177
ATACACATCCCATATGGTGA_001,166
ATACACATCCCATATGGTGA_002,171
CATTTCCAGGAGAAGCACTG_001,26
CATTTCCAGGAGAAGCACTG_002,94
CATTTCCAGGAGAAGCACTG_003,65
CATTTCCAGGAGAAGCACTG_004,192
CATTTCCAGGAGAAGCACTG_005,28
CATTTCCAGGAGAAGCACTG_006,176
CATTTCCAGGAGAAGCACTG_007,68
CATTTCCAGGAGAAGCACTG_008,148
CATTTCCAGGAGAAGCACTG_009,147
CATTTCCAGGAGAAGCACTG_010,166
CATTTCCAGGAGAAGCACTG_011,117
GCAGCACTCGCCAAAGTCGT_001,54
GCAGCACTCGCCAAAGTCGT_002,168
GCAGCACTCGCCAAAGTCGT_003,113
GCAGCACTCGCCAAAGTCGT_004,136
GCAGCACTCGCCAAAGTCGT_005,148
GCAGCACTCGCCAAAGTCGT_006,120
GCAGCACTCGCCAAAGTCGT_007,182
GCAGCACTCGCCAAAGTCGT_008,2
GCAGCACTCGCCAAAGTCGT_009,185
GCAGCACTCGCCAAAGTCGT_010,27
GCAGCACTCGCCAAAGTCGT_011,40
GCAGCACTCGCCAAAGTCGT_012,176
GCAGCACTCGCCAAAGTCGT_013,121
GCAGCACTCGCCAAAGTCGT_014,197
GCAGCACTCGCCAAAGTCGT_015,48
GCAGCACTCGCCAAAGTCGT_016,191
GCAGCACTCGCCAAAGTCGT_017,15
GCAGCACTCGCCAAAGTCGT_018,102
GCAGCACTCGCCAAAGTCGT_019,8
GCAGCACTCGCCAAAGTCGT_020,78
GCAGCACTCGCCAAAGTCGT_021,78
GCAGCACTCGCCAAAGTCGT_022,133
GCAGCACTCGCCAAAGTCGT_023,58
GCAGCACTCGCCAAAGTCGT_024,61
GCAGCACTCGCCAAAGTCGT_025,167
GCAGCACTCGCCAAAGTCGT_026,167
GCAGCACTCGCCAAAGTCGT_027,153
GCAGCACTCGCCAAAGTCGT_028,69
GCAGCACTCGCCAAAGTCGT_029,98
GCAGCACTCGCCAAAGTCGT_030,144
GCAGCACTCGCCAAAGTCGT_031,147
GCAGCACTCGCCAAAGTCGT_032,37
GCAGCACTCGCCAAAGTCGT_033,130
ACACCAGCGGACTCATAGTG_001,121
ACACCAGCGGACTCATAGTG_002,107
ACACCAGCGGACTCATAGTG_003,76
ACACCAGCGGACTCATAGTG_004,141
ACACCAGCGGACTCATAGTG_005,30
ACACCAGCGGACTCATAGTG_006,41
ACACCAGCGGACTCATAGTG_007,133
ACACCAGCGGACTCATAGTG_008,190
ACACCAGCGGACTCATAGTG_009,88
ACACCAGCGGACTCATAGTG_010,169
ACACCAGCGGACTCATAGTG_011,121
ACACCAGCGGACTCATAGTG_012,4
CAGACTCCTGACATGCAACG_001,111
CAGACTCCTGACATGCAACG_002,176
CAGACTCCTGACATGCAACG_003,43
CAGACTCCTGACATGCAACG_004,81
CAGACTCCTGACATGCAACG_005,184
CAGACTCCTGACATGCAACG_006,36
CAGACTCCTGACATGCAACG_007,134
CAGACTCCTGACATGCAACG_008,74
CAGACTCCTGACATGCAACG_009,61
CAGACTCCTGACATGCAACG_010,78
CAGACTCCTGACATGCAACG_011,178
CAGACTCCTGACATGCAACG_012,26
CAGACTCCTGACATGCAACG_013,136
TAACATTTCTACTTTACCAG_001,103
AATCCCCATACCTTTGTGAG_001,178
AATCCCCATACCTTTGTGAG_002,54
AATCCCCATACCTTTGTGAG_003,88
AATCCCCATACCTTTGTGAG_004,75
AATCCCCATACCTTTGTGAG_005,96
AATCCCCATACCTTTGTGAG_006,169
AATCCCCATACCTTTGTGAG_007,128
AATCCCCATACCTTTGTGAG_008,1
AATCCCCATACCTTTGTGAG_009,2
AATCCCCATACCTTTGTGAG_010,150
AATCCCCATACCTTTGTGAG_011,54
AATCCCCATACCTTTGTGAG_012,120
AATCCCCATACCTTTGTGAG_013,1
AATCCCCATACCTTTGTGAG_014,16
AATCCCCATACCTTTGTGAG_015,27
AATCCCCATACCTTTGTGAG_016,47
AATCCCCATACCTTTGTGAG_017,9
ATTCTTCCAATCCCCGACGT_001,62
ATTCTTCCAATCCCCGACGT_002,165
ATTCTTCCAATCCCCGACGT_003,68
ATTCTTCCAATCCCCGACGT_004,101
ATTCTTCCAATCCCCGACGT_005,195
CCGCTCCAGAGAGTGTACCC_001,50
CCGCTCCAGAGAGTGTACCC_002,52
CCGCTCCAGAGAGTGTACCC_003,194
CCGCTCCAGAGAGTGTACCC_004,49
CCGCTCCAGAGAGTGTACCC_005,184
GCGCCACGCCAACCGCCGTG_001,120
GCGCCACGCCAACCGCCGTG_002,17
GCGCCACGCCAACCGCCGTG_003,150
GCGCCACGCCAACCGCCGTG_004,164
GCGCCACGCCAACCGCCGTG_005,154
GCGCCACGCCAACCGCCGTG_006,171
GCGCCACGCCAACCGCCGTG_007,129
GCGCCACGCCAACCGCCGTG_008,169
GCGCCACGCCAACCGCCGTG_009,94
GCGCCACGCCAACCGCCGTG_010,37
GCGCCACGCCAACCGCCGTG_011,31
GCGCCACGCCAACCGCCGTG_012,197
GCGCCACGCCAACCGCCGTG_013,15
GCGCCACGCCAACCGCCGTG_014,28
GCGCCACGCCAACCGCCGTG_015,76
GCGCCACGCCAACCGCCGTG_016,139
GCGCCACGCCAACCGCCGTG_017,101
GCGCCACGCCAACCGCCGTG_018,46
GCGCCACGCCAACCGCCGTG_019,97
GCGCCACGCCAACCGCCGTG_020,145
GCGCCACGCCAACCGCCGTG_021,127
GCGCCACGCCAACCGCCGTG_022,198
GCGCCACGCCAACCGCCGTG_023,178
CTAGAACCAGCAGTCCACAG_001,84
CTAGAACCAGCAGTCCACAG_002,122
GGCTGGTTGACCTTCCCGCT_001,119
GGCTGGTTGACCTTCCCGCT_002,23
GGCTGGTTGACCTTCCCGCT_003,17
GGCTGGTTGACCTTCCCGCT_004,5
GGCTGGTTGACCTTCCCGCT_005,78
GGCTGGTTGACCTTCCCGCT_006,118
GGCTGGTTGACCTTCCCGCT_007,191
GGCTGGTTGACCTTCCCGCT_008,29
GGCTGGTTGACCTTCCCGCT_009,29
GGCTGGTTGACCTTCCCGCT_010,144
GGCTGGTTGACCTTCCCGCT_011,119
GGCTGGTTGACCTTCCCGCT_012,48
GGCTGGTTGACCTTCCCGCT_013,123
GGCTGGTTGACCTTCCCGCT_014,160
GGCTGGTTGACCTTCCCGCT_015,70
GGCTGGTTGACCTTCCCGCT_016,115
GGCTGGTTGACCTTCCCGCT_017,19
GGCTGGTTGACCTTCCCGCT_018,155
GGCTGGTTGACCTTCCCGCT_019,2
GGCTGGTTGACCTTCCCGCT_020,70
GGCTGGTTGACCTTCCCGCT_021,121
TTCAACTCCTATCTCCACTC_001,15
TTCAACTCCTATCTCCACTC_002,69
GAGCGGGTAGGGGATAGCCT_001,102
GAGCGGGTAGGGGATAGCCT_002,102
GAGCGGGTAGGGGATAGCCT_003,138
GAGCGGGTAGGGGATAGCCT_004,178
GAGCGGGTAGGGGATAGCCT_005,80
GAGCGGGTAGGGGATAGCCT_006,161
GAGCGGGTAGGGGATAGCCT_007,121
GAGCGGGTAGGGGATAGCCT_008,105
GAGCGGGTAGGGGATAGCCT_009,188
GAGCGGGTAGGGGATAGCCT_010,12
GAGCGGGTAGGGGATAGCCT_011,175
GAGCGGGTAGGGGATAGCCT_012,59
GAGCGGGTAGGGGATAGCCT_013,98
GAGCGGGTAGGGGATAGCCT_014,130
GAGCGGGTAGGGGATAGCCT_015,67
GAGCGGGTAGGGGATAGCCT_016,171
GAGCGGGTAGGGGATAGCCT_017,138
GAGCGGGTAGGGGATAGCCT_018,31
CATCAAGCCCGGGAATACAA_001,2
CATCAAGCCCGGGAATACAA_002,119
CATCAAGCCCGGGAATACAA_003,130
CATCAAGCCCGGGAATACAA_004,98
AGCGCCGGATCGAAGTCGCG_001,169
AGCGCCGGATCGAAGTCGCG_002,12
AGCGCCGGATCGAAGTCGCG_003,55
AGCGCCGGATCGAAGTCGCG_004,57
AGCGCCGGATCGAAGTCGCG_005,176
AGCGCCGGATCGAAGTCGCG_006,115
AGCGCCGGATCGAAGTCGCG_007,20
AGCGCCGGATCGAAGTCGCG_008,141
AGCGCCGGATCGAAGTCGCG_009,48
AGCGCCGGATCGAAGTCGCG_010,19
AGCGCCGGATCGAAGTCGCG_011,137
AGCGCCGGATCGAAGTCGCG_012,175
AGCGCCGGATCGAAGTCGCG_013,81
AGCGCCGGATCGAAGTCGCG_014,79
GTCGTGGCCCGAAGTATGGG_001,163
GTCGTGGCCCGAAGTATGGG_002,28
GTCGTGGCCCGAAGTATGGG_003,174
GTCGTGGCCCGAAGTATGGG_004,195
GTCGTGGCCCGAAGTATGGG_005,120
GTCGTGGCCCGAAGTATGGG_006,32
GTCGTGGCCCGAAGTATGGG_007,103
GTCGTGGCCCGAAGTATGGG_008,186
GTCGTGGCCCGAAGTATGGG_009,26
GTCGTGGCCCGAAGTATGGG_010,108
GTCGTGGCCCGAAGTATGGG_011,157
GTCGTGGCCCGAAGTATGGG_012,43
GTCGTGGCCCGAAGTATGGG_013,105
GTCGTGGCCCGAAGTATGGG_014,168
GTCGTGGCCCGAAGTATGGG_015,184
GTCGTGGCCCGAAGTATGGG_016,66
CTGACCGCAACCTTCCCGTG_001,192
CTGACCGCAACCTTCCCGTG_002,15
CTGACCGCAACCTTCCCGTG_003,58
CTGACCGCAACCTTCCCGTG_004,58
CTGACCGCAACCTTCCCGTG_005,157
CTGACCGCAACCTTCCCGTG_006,166
CTGACCGCAACCTTCCCGTG_007,60
CTGACCGCAACCTTCCCGTG_008,182
CTGACCGCAACCTTCCCGTG_009,48
CTGACCGCAACCTTCCCGTG_010,126
TGGCGGTCATCCACTTTGCG_001,46
TGGCGGTCATCCACTTTGCG_002,54
TGGCGGTCATCCACTTTGCG_003,23
TGGCGGTCATCCACTTTGCG_004,47
TGGCGGTCATCCACTTTGCG_005,128
TGGCGGTCATCCACTTTGCG_006,15
CTGCGGGGGATACTCCCTCG_001,169
CTGCGGGGGATACTCCCTCG_002,113
CTGCGGGGGATACTCCCTCG_003,133
CTGCGGGGGATACTCCCTCG_004,101
CTGCGGGGGATACTCCCTCG_005,142
CTGCGGGGGATACTCCCTCG_006,113
CTGCGGGGGATACTCCCTCG_007,78
CTGCGGGGGATACTCCCTCG_008,81
CTGCGGGGGATACTCCCTCG_009,48
CTGCGGGGGATACTCCCTCG_010,130
CTGCGGGGGATACTCCCTCG_011,198
CTGCGGGGGATACTCCCTCG_012,130
CTGCGGGGGATACTCCCTCG_013,70
CTGCGGGGGATACTCCCTCG_014,124
CTGCGGGGGATACTCCCTCG_015,63
CTGCGGGGGATACTCCCTCG_016,41
CTGCGGGGGATACTCCCTCG_017,176
CTGCGGGGGATACTCCCTCG_018,144
CTGCGGGGGATACTCCCTCG_019,72
GCTAGTACCTTGTATGAAGA_001,144
GCTAGTACCTTGTATGAAGA_002,163
GCTAGTACCTTGTATGAAGA_003,197
GCTAGTACCTTGTATGAAGA_004,104
GCTAGTACCTTGTATGAAGA_005,101
GAGGGAGGCGCACAGCACCA_001,170
GAGGGAGGCGCACAGCACCA_002,9
GAGGGAGGCGCACAGCACCA_003,70
GAGGGAGGCGCACAGCACCA_004,122
GAGGGAGGCGCACAGCACCA_005,92
GAGGGAGGCGCACAGCACCA_006,139
GAGGGAGGCGCACAGCACCA_007,54
GAGGGAGGCGCACAGCACCA_008,153
GAGGGAGGCGCACAGCACCA_009,88
GAGGGAGGCGCACAGCACCA_010,14
GAGGGAGGCGCACAGCACCA_011,113
GAGGGAGGCGCACAGCACCA_012,151
GAGGGAGGCGCACAGCACCA_013,160
GAGGGAGGCGCACAGCACCA_014,15
GAGGGAGGCGCACAGCACCA_015,188
GAGGGAGGCGCACAGCACCA_016,182
GAGGGAGGCGCACAGCACCA_017,121
GAGGGAGGCGCACAGCACCA_018,148
GAGGGAGGCGCACAGCACCA_019,169
GAGGGAGGCGCACAGCACCA_020,81
GAGGGAGGCGCACAGCACCA_021,91
GAGGGAGGCGCACAGCACCA_022,147
GAGGGAGGCGCACAGCACCA_023,111
GAGGGAGGCGCACAGCACCA_024,161
GAGGGAGGCGCACAGCACCA_025,135
GAGGGAGGCGCACAGCACCA_026,97
GAGGGAGGCGCACAGCACCA_027,98
GAGGGAGGCGCACAGCACCA_028,172
GAGGGAGGCGCACAGCACCA_029,70
GAGGGAGGCGCACAGCACCA_030,148
GAGGGAGGCGCACAGCACCA_031,150
GAGGGAGGCGCACAGCACCA_032,34
GAGGGAGGCGCACAGCACCA_033,138
GAGGGAGGCGCACAGCACCA_034,129
ACTGTCTTAGCACTACACAA_001,78
ACTGTCTTAGCACTACACAA_002,48
ACTGTCTTAGCACTACACAA_003,127
ACTGTCTTAGCACTACACAA_004,86
ACTGTCTTAGCACTACACAA_005,123
ACTGTCTTAGCACTACACAA_006,185
ACTGTCTTAGCACTACACAA_007,196
ACTGTCTTAGCACTACACAA_008,16
ACTGTCTTAGCACTACACAA_009,43
ACTGTCTTAGCACTACACAA_010,102
TCAGGACAGACTGATAAACC_001,121
TGCAGGGCCATTCATACGTG_001,167
TGCAGGGCCATTCATACGTG_002,180
TGCAGGGCCATTCATACGTG_003,16
TGCAGGGCCATTCATACGTG_004,83
TGCAGGGCCATTCATACGTG_005,130
TGCAGGGCCATTCATACGTG_006,134
TGCAGGGCCATTCATACGTG_007,15
AGACTTCAGAACTAACTTTG_001,127
AGACTTCAGAACTAACTTTG_002,48
AGACTTCAGAACTAACTTTG_003,169
AGACTTCAGAACTAACTTTG_004,198
AGACTTCAGAACTAACTTTG_005,132
AGACTTCAGAACTAACTTTG_006,41
AGACTTCAGAACTAACTTTG_007,146
AGACTTCAGAACTAACTTTG_008,146
AGACTTCAGAACTAACTTTG_009,136
AGACTTCAGAACTAACTTTG_010,118
AGACTTCAGAACTAACTTTG_011,152
AGACTTCAGAACTAACTTTG_012,138
AGACTTCAGAACTAACTTTG_013,184
AGACTTCAGAACTAACTTTG_014,149
TTGGCTCAGTCCATATCACA_001,156
GCTGGTGGAGATCAATATCG_001,55
GCTGGTGGAGATCAATATCG_002,127
GCTGGTGGAGATCAATATCG_003,41
CCAGTACAAACCCCAGAACG_001,41
CCAGTACAAACCCCAGAACG_002,41
CCAGTACAAACCCCAGAACG_003,127
CCAGTACAAACCCCAGAACG_004,120
CCAGTACAAACCCCAGAACG_005,119
CCAGTACAAACCCCAGAACG_006,151
CCAGTACAAACCCCAGAACG_007,152
CCAGTACAAACCCCAGAACG_008,112
AGAAATATCTTGCAGCAGTG_001,154
AGAAATATCTTGCAGCAGTG_002,70
AGAAATATCTTGCAGCAGTG_003,69
AGAAATATCTTGCAGCAGTG_004,91
AGAAATATCTTGCAGCAGTG_005,108
AGAAATATCTTGCAGCAGTG_006,117
AGAAATATCTTGCAGCAGTG_007,141
AGAAATATCTTGCAGCAGTG_008,162
AGAAATATCTTGCAGCAGTG_009,168
AGCACTCCTCAACGATGCCA_001,6
AGCACTCCTCAACGATGCCA_002,64
AGCACTCCTCAACGATGCCA_003,159
AGCACTCCTCAACGATGCCA_004,125
AGCACTCCTCAACGATGCCA_005,125
AGCACTCCTCAACGATGCCA_006,198
AGCACTCCTCAACGATGCCA_007,169
AGCACTCCTCAACGATGCCA_008,192
AGCACTCCTCAACGATGCCA_009,63
AGCACTCCTCAACGATGCCA_010,162
AGCACTCCTCAACGATGCCA_011,87
GGAGGTTGTTGATGACGCGG_001,119
GGAGGTTGTTGATGACGCGG_002,181
GGAGGTTGTTGATGACGCGG_003,28
GGAGGTTGTTGATGACGCGG_004,127
GGAGGTTGTTGATGACGCGG_005,57
GGAGGTTGTTGATGACGCGG_006,78
GGAGGTTGTTGATGACGCGG_007,129
GGAGGTTGTTGATGACGCGG_008,21
GGAGGTTGTTGATGACGCGG_009,155
GGAGGTTGTTGATGACGCGG_010,36
GGAGGTTGTTGATGACGCGG_011,196
GGAGGTTGTTGATGACGCGG_012,101
GGAGGTTGTTGATGACGCGG_013,154
GGAGGTTGTTGATGACGCGG_014,194
GGAGGTTGTTGATGACGCGG_015,194
GGAGGTTGTTGATGACGCGG_016,19
GGAGGTTGTTGATGACGCGG_017,19
GGAGGTTGTTGATGACGCGG_018,156
GGAGGTTGTTGATGACGCGG_019,96
GGAGGTTGTTGATGACGCGG_020,1
GGAGGTTGTTGATGACGCGG_021,49
GGAGGTTGTTGATGACGCGG_022,83
GGAGGTTGTTGATGACGCGG_023,121
GGAGGTTGTTGATGACGCGG_024,62
GGAGGTTGTTGATGACGCGG_025,199
GGAGGTTGTTGATGACGCGG_026,92
GGAGGTTGTTGATGACGCGG_027,136
GGAGGTTGTTGATGACGCGG_028,16
GGAGGTTGTTGATGACGCGG_029,171
GGAGGTTGTTGATGACGCGG_030,120
GGAGGTTGTTGATGACGCGG_031,66
GGAGGTTGTTGATGACGCGG_032,191
GGAGGTTGTTGATGACGCGG_033,94
TACCATCTATCCAGGGAGGG_001,146
TACCATCTATCCAGGGAGGG_002,83
TACCATCTATCCAGGGAGGG_003,8
TACCATCTATCCAGGGAGGG_004,114
TACCATCTATCCAGGGAGGG_005,88
TTCATTCACATCAGACACAG_001,4
TTCATTCACATCAGACACAG_002,68
TTCATTCACATCAGACACAG_003,25
TTCATTCACATCAGACACAG_004,176
GGAGTCTCAGAGCCACTATG_001,96
GGAGTCTCAGAGCCACTATG_002,2
GGAGTCTCAGAGCCACTATG_003,181
GGAGTCTCAGAGCCACTATG_004,58
GGAGTCTCAGAGCCACTATG_005,41
GGAGTCTCAGAGCCACTATG_006,177
GGAGTCTCAGAGCCACTATG_007,76
GGAGTCTCAGAGCCACTATG_008,108
GGAGTCTCAGAGCCACTATG_009,150
GGAGTCTCAGAGCCACTATG_010,15
GGAGTCTCAGAGCCACTATG_011,43
GGAGTCTCAGAGCCACTATG_012,19
GGAGTCTCAGAGCCACTATG_013,116
AGACAAGCCCAATAGCGAAG_001,50
AGACAAGCCCAATAGCGAAG_002,3
AGACAAGCCCAATAGCGAAG_003,41
AGACAAGCCCAATAGCGAAG_004,8
AGACAAGCCCAATAGCGAAG_005,66
AGACAAGCCCAATAGCGAAG_006,15
AGACAAGCCCAATAGCGAAG_007,189
GCGACTGAAGCAGGCAAAGG_001,49
GCGACTGAAGCAGGCAAAGG_002,194
GCGACTGAAGCAGGCAAAGG_003,96
GCGACTGAAGCAGGCAAAGG_004,153
GCGACTGAAGCAGGCAAAGG_005,107
GCGACTGAAGCAGGCAAAGG_006,121
GCGACTGAAGCAGGCAAAGG_007,111
GCGACTGAAGCAGGCAAAGG_008,199
GCGACTGAAGCAGGCAAAGG_009,153
GCGACTGAAGCAGGCAAAGG_010,10
GCGACTGAAGCAGGCAAAGG_011,106
GCGACTGAAGCAGGCAAAGG_012,134
GCGACTGAAGCAGGCAAAGG_013,68
GCGACTGAAGCAGGCAAAGG_014,100
CCCACCCGACTACCTGACGG_001,78
CCCACCCGACTACCTGACGG_002,15
CCCACCCGACTACCTGACGG_003,98
CCCACCCGACTACCTGACGG_004,83
CCCACCCGACTACCTGACGG_005,115
CCCACCCGACTACCTGACGG_006,84
CCCACCCGACTACCTGACGG_007,197
CACTGCCCTCACCTAAAAGG_001,89
ACGCACAGAACATCTGACCG_001,98
ACGCACAGAACATCTGACCG_002,57
ACGCACAGAACATCTGACCG_003,8
ACGCACAGAACATCTGACCG_004,134
ACGCACAGAACATCTGACCG_005,31
ACGCACAGAACATCTGACCG_006,158
ACGCACAGAACATCTGACCG_007,80
ACGCACAGAACATCTGACCG_008,132
ACGCACAGAACATCTGACCG_009,130
ACGCACAGAACATCTGACCG_010,40
ACGCACAGAACATCTGACCG_011,42
ACGCACAGAACATCTGACCG_012,34
ACGCACAGAACATCTGACCG_013,80
ACGCACAGAACATCTGACCG_014,119
ACGCACAGAACATCTGACCG_015,141
ACGCACAGAACATCTGACCG_016,117
ACGCACAGAACATCTGACCG_017,171
ACGCACAGAACATCTGACCG_018,90
ACGCACAGAACATCTGACCG_019,14
ACGCACAGAACATCTGACCG_020,102
TCTGGCCCATCAGTTCACAC_001,1
TCTGGCCCATCAGTTCACAC_002,199
TCTGGCCCATCAGTTCACAC_003,36
TCTGGCCCATCAGTTCACAC_004,111
TCTGGCCCATCAGTTCACAC_005,188
TCTGGCCCATCAGTTCACAC_006,188
TCTGGCCCATCAGTTCACAC_007,160
TCTGGCCCATCAGTTCACAC_008,155
TCTGGCCCATCAGTTCACAC_009,30
TCTGGCCCATCAGTTCACAC_010,55
TCTGGCCCATCAGTTCACAC_011,65
TCTGGCCCATCAGTTCACAC_012,50
TCTGGCCCATCAGTTCACAC_013,53
TCTGGCCCATCAGTTCACAC_014,112
TCTGGCCCATCAGTTCACAC_015,64
TCTGGCCCATCAGTTCACAC_016,97
TCTGGCCCATCAGTTCACAC_017,55
TTCCATTGCTGAGACAACCA_001,160
TTCCATTGCTGAGACAACCA_002,124
TTCCATTGCTGAGACAACCA_003,39
TTCCATTGCTGAGACAACCA_004,15
TTCCATTGCTGAGACAACCA_005,115
TTCCATTGCTGAGACAACCA_006,75
TTCCATTGCTGAGACAACCA_007,166
TTCCATTGCTGAGACAACCA_008,35
TTCCATTGCTGAGACAACCA_009,99
GTGGCCTTCCAGAAGTCGAA_001,7
GTGGCCTTCCAGAAGTCGAA_002,38
GTGGCCTTCCAGAAGTCGAA_003,114
GTGGCCTTCCAGAAGTCGAA_004,113
GTGGCCTTCCAGAAGTCGAA_005,89
TACTGCCTCTCACAACCGCA_001,103
TACTGCCTCTCACAACCGCA_002,64
TACTGCCTCTCACAACCGCA_003,129
TACTGCCTCTCACAACCGCA_004,156
TACTGCCTCTCACAACCGCA_005,48
TACTGCCTCTCACAACCGCA_006,98
TACTGCCTCTCACAACCGCA_007,141
TACTGCCTCTCACAACCGCA_008,37
TACTGCCTCTCACAACCGCA_009,62
TACTGCCTCTCACAACCGCA_010,58
TACTGCCTCTCACAACCGCA_011,48
TACTGCCTCTCACAACCGCA_012,98
TACTGCCTCTCACAACCGCA_013,152
TACTGCCTCTCACAACCGCA_014,39
CTTAACAGCAGATAGCAGTG_001,37
CTTAACAGCAGATAGCAGTG_002,105
CTTAACAGCAGATAGCAGTG_003,144
CTTAACAGCAGATAGCAGTG_004,76
CTTAACAGCAGATAGCAGTG_005,132
CTTAACAGCAGATAGCAGTG_006,35
CTTAACAGCAGATAGCAGTG_007,185
CCTCACTCTTAATGGCTGTG_001,68
CCTCACTCTTAATGGCTGTG_002,132
CCTCACTCTTAATGGCTGTG_003,132
CCTCACTCTTAATGGCTGTG_004,154
CCTCACTCTTAATGGCTGTG_005,57
GGTATTTGGCACCAATGTGA_001,187
CCCCGAGTGCGACCAACAGG_001,44
CCCCGAGTGCGACCAACAGG_002,137
CCCCGAGTGCGACCAACAGG_003,82
CCCCGAGTGCGACCAACAGG_004,43
CCCCGAGTGCGACCAACAGG_005,155
CCCCGAGTGCGACCAACAGG_006,80
CCCCGAGTGCGACCAACAGG_007,29
CCCCGAGTGCGACCAACAGG_008,113
CCCCGAGTGCGACCAACAGG_009,4
CCCCGAGTGCGACCAACAGG_010,5
CCCCGAGTGCGACCAACAGG_011,19
CCCCGAGTGCGACCAACAGG_012,175
CCCCGAGTGCGACCAACAGG_013,188
CCCCGAGTGCGACCAACAGG_014,168
CCCCGAGTGCGACCAACAGG_015,170
CCGTACACTCAGCATGACCC_001,52
CTTTGGTTAGGATCACACCC_001,20
CTTTGGTTAGGATCACACCC_002,162
CTGGCGCTCTCAATTGCTAG_001,88
CTGGCGCTCTCAATTGCTAG_002,113
CTGGCGCTCTCAATTGCTAG_003,136
CTGGCGCTCTCAATTGCTAG_004,121
CTGGCGCTCTCAATTGCTAG_005,184
GGAGTTGATTGAGCCAACAC_001,64
GGAGTTGATTGAGCCAACAC_002,29
GGAGTTGATTGAGCCAACAC_003,33
GGAGTTGATTGAGCCAACAC_004,101
GGAGTTGATTGAGCCAACAC_005,13
CCCTGCCAGCCCAATCAGGT_001,17
CCCTGCCAGCCCAATCAGGT_002,146
CCCTGCCAGCCCAATCAGGT_003,91
CCCTGCCAGCCCAATCAGGT_004,0
CCCTGCCAGCCCAATCAGGT_005,119
CCCTGCCAGCCCAATCAGGT_006,199
CCCTGCCAGCCCAATCAGGT_007,70
CCCTGCCAGCCCAATCAGGT_008,171
CCCTGCCAGCCCAATCAGGT_009,194
CCCTGCCAGCCCAATCAGGT_010,94
CCCTGCCAGCCCAATCAGGT_011,95
CCCTGCCAGCCCAATCAGGT_012,81
CCCTGCCAGCCCAATCAGGT_013,159
CCCTGCCAGCCCAATCAGGT_014,42
CCCTGCCAGCCCAATCAGGT_015,175
CCCTGCCAGCCCAATCAGGT_016,6
CCCTGCCAGCCCAATCAGGT_017,36
CCCTGCCAGCCCAATCAGGT_018,9
CCCTGCCAGCCCAATCAGGT_019,55
CCCTGCCAGCCCAATCAGGT_020,166
CCCTGCCAGCCCAATCAGGT_021,13
CCCTGCCAGCCCAATCAGGT_022,60
CCCTGCCAGCCCAATCAGGT_023,85
CCCTGCCAGCCCAATCAGGT_024,29
CCCTGCCAGCCCAATCAGGT_025,165
CCCTGCCAGCCCAATCAGGT_026,131
CCCTGCCAGCCCAATCAGGT_027,156
CCCTGCCAGCCCAATCAGGT_028,72
CCCTGCCAGCCCAATCAGGT_029,61
CCCTGCCAGCCCAATCAGGT_030,50
CCCTGCCAGCCCAATCAGGT_031,52
CCCTGCCAGCCCAATCAGGT_032,68
CCCTGCCAGCCCAATCAGGT_033,74
GAGGGGGCTTCAAACATGTG_001,60
GAGGGGGCTTCAAACATGTG_002,19
GAGGGGGCTTCAAACATGTG_003,198
GAGGGGGCTTCAAACATGTG_004,105
GAGGGGGCTTCAAACATGTG_005,54
GAGGGGGCTTCAAACATGTG_006,44
GAGGGGGCTTCAAACATGTG_007,47
GAGGGGGCTTCAAACATGTG_008,80
GAGGGGGCTTCAAACATGTG_009,58
GAGGGGGCTTCAAACATGTG_010,158
GAGGGGGCTTCAAACATGTG_011,102
GAGGGGGCTTCAAACATGTG_012,42
GAGGGGGCTTCAAACATGTG_013,15
GAGGGGGCTTCAAACATGTG_014,167
GAGGGGGCTTCAAACATGTG_015,9
GAGGGGGCTTCAAACATGTG_016,2
GAGGGGGCTTCAAACATGTG_017,151
GAGGGGGCTTCAAACATGTG_018,115
GAGGGGGCTTCAAACATGTG_019,118
GAGGGGGCTTCAAACATGTG_020,149
GAGGGGGCTTCAAACATGTG_021,168
GAGGGGGCTTCAAACATGTG_022,113
GAGGGGGCTTCAAACATGTG_023,17
GAGGGGGCTTCAAACATGTG_024,121
GAGGGGGCTTCAAACATGTG_025,56
GAGGGGGCTTCAAACATGTG_026,44
GAGGGGGCTTCAAACATGTG_027,149
GAGGGGGCTTCAAACATGTG_028,15
GAGGGGGCTTCAAACATGTG_029,148
GAGGGGGCTTCAAACATGTG_030,33
GAGGGGGCTTCAAACATGTG_031,11
GAGGGGGCTTCAAACATGTG_032,145
GAGGGGGCTTCAAACATGTG_033,130
GAGGGGGCTTCAAACATGTG_034,111
GAGGGGGCTTCAAACATGTG_035,59
GAGGGGGCTTCAAACATGTG_036,165
GAGGGGGCTTCAAACATGTG_037,9
GATGGGATAAGTTCTTCGCA_001,198
GATGGGATAAGTTCTTCGCA_002,78
GATGGGATAAGTTCTTCGCA_003,188
GATGGGATAAGTTCTTCGCA_004,190
GATGGGATAAGTTCTTCGCA_005,67
GATGGGATAAGTTCTTCGCA_006,41
GATGGGATAAGTTCTTCGCA_007,150
GATGGGATAAGTTCTTCGCA_008,134
GATGGGATAAGTTCTTCGCA_009,169
GATGGGATAAGTTCTTCGCA_010,173
ATCCAGACACAGCCAATCCG_001,94
ATCCAGACACAGCCAATCCG_002,138
ATCCAGACACAGCCAATCCG_003,147
ATCCAGACACAGCCAATCCG_004,72
ATCCAGACACAGCCAATCCG_005,174
ATCCAGACACAGCCAATCCG_006,59
ATCCAGACACAGCCAATCCG_007,61
ATCCAGACACAGCCAATCCG_008,2
ATCCAGACACAGCCAATCCG_009,169
ATCCAGACACAGCCAATCCG_010,37
ATCCAGACACAGCCAATCCG_011,141
ATCCAGACACAGCCAATCCG_012,199
ATCCAGACACAGCCAATCCG_013,146
ATCCAGACACAGCCAATCCG_014,28
ATCCAGACACAGCCAATCCG_015,38
ATCCAGACACAGCCAATCCG_016,158
ATCCAGACACAGCCAATCCG_017,66
TGAAAGCAGAGATCAAGGAT_001,49
TGAAAGCAGAGATCAAGGAT_002,108
TGAAAGCAGAGATCAAGGAT_003,181
TGAAAGCAGAGATCAAGGAT_004,109
TGAAAGCAGAGATCAAGGAT_005,173
TGAAAGCAGAGATCAAGGAT_006,192
TGAAAGCAGAGATCAAGGAT_007,48
TGAAAGCAGAGATCAAGGAT_008,1
TGAAAGCAGAGATCAAGGAT_009,63
TGAAAGCAGAGATCAAGGAT_010,188
TGAAAGCAGAGATCAAGGAT_011,168
TGAAAGCAGAGATCAAGGAT_012,175
TGAAAGCAGAGATCAAGGAT_013,106
TGAAAGCAGAGATCAAGGAT_014,136
TGGACATTTGATATGAACAC_001,6
TGGACATTTGATATGAACAC_002,151
TGGACATTTGATATGAACAC_003,19
CGTGGACATGTAATACACCA_001,127
CGTGGACATGTAATACACCA_002,88
CGTGGACATGTAATACACCA_003,42
CGTGGACATGTAATACACCA_004,147
ATGCAAAGGAAACTGTAAGC_001,62
ATGCAAAGGAAACTGTAAGC_002,105
ATGCAAAGGAAACTGTAAGC_003,29
ATGCAAAGGAAACTGTAAGC_004,116
ATGCAAAGGAAACTGTAAGC_005,161
TTCACTGTCGAGATGAACAC_001,166
TTCACTGTCGAGATGAACAC_002,44
TTCACTGTCGAGATGAACAC_003,5
TTCACTGTCGAGATGAACAC_004,22
TTCACTGTCGAGATGAACAC_005,163
TTCACTGTCGAGATGAACAC_006,31
TTCACTGTCGAGATGAACAC_007,22
TTCACTGTCGAGATGAACAC_008,94
TTCACTGTCGAGATGAACAC_009,50
TTCACTGTCGAGATGAACAC_010,48
TTCACTGTCGAGATGAACAC_011,177
ATGAAAAAGCTGATATCAAG_001,102
ATGAAAAAGCTGATATCAAG_002,9
ATGAAAAAGCTGATATCAAG_003,80
ATGATCCAGAAAACTGTCCG_001,185
ATGATCCAGAAAACTGTCCG_002,41
ATGATCCAGAAAACTGTCCG_003,48
ATGATCCAGAAAACTGTCCG_004,103
ATGATCCAGAAAACTGTCCG_005,121
ATGATCCAGAAAACTGTCCG_006,129
ATGATCCAGAAAACTGTCCG_007,147
ATGATCCAGAAAACTGTCCG_008,130
ATGATCCAGAAAACTGTCCG_009,116
ATGATTCAAAGGGAGACCAG_001,45
TGCGTTTAGATAATGACCAG_001,140
CGACGAGGCCTTCGACCATG_001,111
CGACGAGGCCTTCGACCATG_002,62
CGACGAGGCCTTCGACCATG_003,170
CGACGAGGCCTTCGACCATG_004,127
CGACGAGGCCTTCGACCATG_005,70
CGACGAGGCCTTCGACCATG_006,28
CGACGAGGCCTTCGACCATG_007,88
CGACGAGGCCTTCGACCATG_008,97
CGACGAGGCCTTCGACCATG_009,56
CGACGAGGCCTTCGACCATG_010,134
CGACGAGGCCTTCGACCATG_011,62
CGACGAGGCCTTCGACCATG_012,152
TCCTCACCAAGTCCTCCTTG_001,69
TCCTCACCAAGTCCTCCTTG_002,81
TCCTCACCAAGTCCTCCTTG_003,137
TCCTCACCAAGTCCTCCTTG_004,188
TCCTCACCAAGTCCTCCTTG_005,138
TGTGATAAGCCTCCAACCCA_001,27
TGTGATAAGCCTCCAACCCA_002,124
TGTGATAAGCCTCCAACCCA_003,162
TGTGATAAGCCTCCAACCCA_004,179
TGTGATAAGCCTCCAACCCA_005,87
TGTGATAAGCCTCCAACCCA_006,52
TGTGATAAGCCTCCAACCCA_007,68
TGTGATAAGCCTCCAACCCA_008,149
TGTGATAAGCCTCCAACCCA_009,19
TGTGATAAGCCTCCAACCCA_010,3
TGTGATAAGCCTCCAACCCA_011,155
TGTGATAAGCCTCCAACCCA_012,181
TGTGATAAGCCTCCAACCCA_013,3
AGCCTTACACCAGTACACGT_001,116
AGCCTTACACCAGTACACGT_002,77
AGCCTTACACCAGTACACGT_003,127
AGCCTTACACCAGTACACGT_004,21
AGCCTTACACCAGTACACGT_005,33
AGCCTTACACCAGTACACGT_006,91
CCTCTGGACTCCATGCACCA_001,134
CCTCTGGACTCCATGCACCA_002,50
CCTCTGGACTCCATGCACCA_003,74
CCTCTGGACTCCATGCACCA_004,12
CCTCTGGACTCCATGCACCA_005,197
CCTCTGGACTCCATGCACCA_006,130
CCTCTGGACTCCATGCACCA_007,126
CCTCTGGACTCCATGCACCA_008,82
CCTCTGGACTCCATGCACCA_009,55
CCTCTGGACTCCATGCACCA_010,140
CCTCTGGACTCCATGCACCA_011,88
CCTCTGGACTCCATGCACCA_012,77
CCTCTGGACTCCATGCACCA_013,177
CCTCTGGACTCCATGCACCA_014,160
CCTCTGGACTCCATGCACCA_015,121
CCTCTGGACTCCATGCACCA_016,22
CCTCTGGACTCCATGCACCA_017,62
CCTCTGGACTCCATGCACCA_018,96
CCTCTGGACTCCATGCACCA_019,1
CCTCTGGACTCCATGCACCA_020,188
TCTGCCCGGCAGATGACGAG_001,159
TCTGCCCGGCAGATGACGAG_002,29
TCTGCCCGGCAGATGACGAG_003,78
TCTGCCCGGCAGATGACGAG_004,97
TCTGCCCGGCAGATGACGAG_005,48
TCTGCCCGGCAGATGACGAG_006,11
TCTGCCCGGCAGATGACGAG_007,135
TCTGCCCGGCAGATGACGAG_008,76
TCTGCCCGGCAGATGACGAG_009,125
TCTGCCCGGCAGATGACGAG_010,96
TCTGCCCGGCAGATGACGAG_011,80
TCTGCCCGGCAGATGACGAG_012,192
TCTGCCCGGCAGATGACGAG_013,177
TCTGCCCGGCAGATGACGAG_014,1
TCTGCCCGGCAGATGACGAG_015,6
TCTGCCCGGCAGATGACGAG_016,178
TCTGCCCGGCAGATGACGAG_017,57
TCTGCCCGGCAGATGACGAG_018,198
TCTGCCCGGCAGATGACGAG_019,12
TCTGCCCGGCAGATGACGAG_020,52
TCTGCCCGGCAGATGACGAG_021,15
TCTGCCCGGCAGATGACGAG_022,27
TTACAATCCCGTAAATAGTG_001,188
TTACAATCCCGTAAATAGTG_002,48
TTACAATCCCGTAAATAGTG_003,43
TTACAATCCCGTAAATAGTG_004,73
TTACAATCCCGTAAATAGTG_005,68
TTACAATCCCGTAAATAGTG_006,159
TTACAATCCCGTAAATAGTG_007,94
TTACAATCCCGTAAATAGTG_008,22
TTGTAGTGGATGCAGAACCC_001,36
TTGTAGTGGATGCAGAACCC_002,116
GGTGTATCCAGGTGTAACGA_001,25
GGTGTATCCAGGTGTAACGA_002,87
AGAAGATGGTCAGGGTATTG_001,127
AGAAGATGGTCAGGGTATTG_002,9
TCAGGGGTAATGATGAGGCG_001,1
TCAGGGGTAATGATGAGGCG_002,165
TCAGGGGTAATGATGAGGCG_003,117
TCAGGGGTAATGATGAGGCG_004,115
TCAGGGGTAATGATGAGGCG_005,106
TCAGGGGTAATGATGAGGCG_006,53
TCAGGGGTAATGATGAGGCG_007,33
TCAGGGGTAATGATGAGGCG_008,134
TTACTAGTGACAGCAAACGA_001,17
TTACTAGTGACAGCAAACGA_002,199
TTACTAGTGACAGCAAACGA_003,132
TTACTAGTGACAGCAAACGA_004,65
TTACTAGTGACAGCAAACGA_005,22
TTACTAGTGACAGCAAACGA_006,195
TTACTAGTGACAGCAAACGA_007,112
TTACTAGTGACAGCAAACGA_008,160
TTACTAGTGACAGCAAACGA_009,131
TTACTAGTGACAGCAAACGA_010,137
TTTGAAGTGCGCGACATGGA_001,28
TTTGAAGTGCGCGACATGGA_002,113
TTTGAAGTGCGCGACATGGA_003,141
TTTGAAGTGCGCGACATGGA_004,123
TTTGAAGTGCGCGACATGGA_005,161
TTTGAAGTGCGCGACATGGA_006,80
TTTGAAGTGCGCGACATGGA_007,28
TTTGAAGTGCGCGACATGGA_008,29
TTTGAAGTGCGCGACATGGA_009,45
TTTGAAGTGCGCGACATGGA_010,52
TTTGAAGTGCGCGACATGGA_011,199
TTTGAAGTGCGCGACATGGA_012,43
TTTGAAGTGCGCGACATGGA_013,27
TCAAACAGCTCTCTAACACC_001,150
CGGTAGCATTTACTGCAAGG_001,28
CGGTAGCATTTACTGCAAGG_002,15
CGGTAGCATTTACTGCAAGG_003,160
CGGTAGCATTTACTGCAAGG_004,52
CGGTAGCATTTACTGCAAGG_005,146
CGGTAGCATTTACTGCAAGG_006,58
CGGTAGCATTTACTGCAAGG_007,76
CGGTAGCATTTACTGCAAGG_008,115
CGGTAGCATTTACTGCAAGG_009,115
CGGTAGCATTTACTGCAAGG_010,131
CGGTAGCATTTACTGCAAGG_011,9
CGGTAGCATTTACTGCAAGG_012,124
CGGTAGCATTTACTGCAAGG_013,61
CGGTAGCATTTACTGCAAGG_014,33
CGGTAGCATTTACTGCAAGG_015,140
CGGTAGCATTTACTGCAAGG_016,50
CGGTAGCATTTACTGCAAGG_017,153
CGGTAGCATTTACTGCAAGG_018,10
CGGTAGCATTTACTGCAAGG_019,104
AGAGGCGGGCCCGATCAGAG_001,61
AGAGGCGGGCCCGATCAGAG_002,81
AGAGGCGGGCCCGATCAGAG_003,106
AGAGGCGGGCCCGATCAGAG_004,77
AGAGGCGGGCCCGATCAGAG_005,188
AGAGGCGGGCCCGATCAGAG_006,78
AGAGGCGGGCCCGATCAGAG_007,30
AGAGGCGGGCCCGATCAGAG_008,183
AGAGGCGGGCCCGATCAGAG_009,85
ATGTTGTAAATTCCATACGC_001,59
ATGTTGTAAATTCCATACGC_002,35
ATGTTGTAAATTCCATACGC_003,172
TAGTCACCCAAACAGACAAG_001,130
TAGTCACCCAAACAGACAAG_002,32
TAGTCACCCAAACAGACAAG_003,195
TAGTCACCCAAACAGACAAG_004,116
TAGTCACCCAAACAGACAAG_005,137
TAGTCACCCAAACAGACAAG_006,154
TAGTCACCCAAACAGACAAG_007,16
TAGTCACCCAAACAGACAAG_008,120
TAGTCACCCAAACAGACAAG_009,149
TAGTCACCCAAACAGACAAG_010,157
TAGTCACCCAAACAGACAAG_011,4
TAGTCACCCAAACAGACAAG_012,41
TAGTCACCCAAACAGACAAG_013,169
TAGTCACCCAAACAGACAAG_014,29
TAGTCACCCAAACAGACAAG_015,124
TAGTCACCCAAACAGACAAG_016,123
GAGGGAATGGAATACACAGA_001,106
GAGGGAATGGAATACACAGA_002,67
GAGGGAATGGAATACACAGA_003,1
GAGGGAATGGAATACACAGA_004,47
GCTCCGCCAGACCGCGCTGG_001,149
GCTCCGCCAGACCGCGCTGG_002,49
GCTCCGCCAGACCGCGCTGG_003,5
GCTCCGCCAGACCGCGCTGG_004,76
GCTCCGCCAGACCGCGCTGG_005,29
GCTCCGCCAGACCGCGCTGG_006,196
GCTCCGCCAGACCGCGCTGG_007,89
GCTCCGCCAGACCGCGCTGG_008,45
GCTCCGCCAGACCGCGCTGG_009,108
GCTCCGCCAGACCGCGCTGG_010,19
GCTCCGCCAGACCGCGCTGG_011,8
GCTCCGCCAGACCGCGCTGG_012,160
GCTCCGCCAGACCGCGCTGG_013,100
GCTCCGCCAGACCGCGCTGG_014,80
GCTCCGCCAGACCGCGCTGG_015,80
GCTCCGCCAGACCGCGCTGG_016,199
GCTCCGCCAGACCGCGCTGG_017,49
GCTCCGCCAGACCGCGCTGG_018,11
TTTCACGTACTGGTCGCCCA_001,64
TTTCACGTACTGGTCGCCCA_002,70
TTTCACGTACTGGTCGCCCA_003,186
TTTCACGTACTGGTCGCCCA_004,134
TTTCACGTACTGGTCGCCCA_005,2
TTTCACGTACTGGTCGCCCA_006,184
TTTCACGTACTGGTCGCCCA_007,100
TTTCACGTACTGGTCGCCCA_008,149
TTTCACGTACTGGTCGCCCA_009,87
TTTCACGTACTGGTCGCCCA_010,46
TTTCACGTACTGGTCGCCCA_011,118
TTTCACGTACTGGTCGCCCA_012,166
TTTCACGTACTGGTCGCCCA_013,105
TTTCACGTACTGGTCGCCCA_014,98
TTTCACGTACTGGTCGCCCA_015,86
TTTCACGTACTGGTCGCCCA_016,78
TTTCACGTACTGGTCGCCCA_017,145
TTTCACGTACTGGTCGCCCA_018,3
TTTCACGTACTGGTCGCCCA_019,166
TTTCACGTACTGGTCGCCCA_020,52
TTTCACGTACTGGTCGCCCA_021,130
AAATTGACCTATCCGCGAAG_001,171
AAATTGACCTATCCGCGAAG_002,125
GGCGGCTTCTTGGAATATCG_001,181
GGCGGCTTCTTGGAATATCG_002,150
GGCGGCTTCTTGGAATATCG_003,75
GGCGGCTTCTTGGAATATCG_004,192
GGCGGCTTCTTGGAATATCG_005,42
GGCGGCTTCTTGGAATATCG_006,88
GGCGGCTTCTTGGAATATCG_007,56
AAAGCCTCTACTTCATTACG_001,70
TTCAGAGGGCTCACTACAGT_001,92
TTCAGAGGGCTCACTACAGT_002,115
TTCAGAGGGCTCACTACAGT_003,32
TTCAGAGGGCTCACTACAGT_004,181
TTCAGAGGGCTCACTACAGT_005,108
TTCAGAGGGCTCACTACAGT_006,196
TTCAGAGGGCTCACTACAGT_007,29
TTCAGAGGGCTCACTACAGT_008,2
TTCAGAGGGCTCACTACAGT_009,169
TTCAGAGGGCTCACTACAGT_010,75
TTCAGAGGGCTCACTACAGT_011,174
TTCAGAGGGCTCACTACAGT_012,127
TTCAGAGGGCTCACTACAGT_013,174
TTCAGAGGGCTCACTACAGT_014,58
TTCAGAGGGCTCACTACAGT_015,144
CATGGATAACAACAAAACGC_001,17
CATGGATAACAACAAAACGC_002,29
CATGGATAACAACAAAACGC_003,76
CATGGATAACAACAAAACGC_004,197
CATGGATAACAACAAAACGC_005,86
CATGGATAACAACAAAACGC_006,74
CATGGATAACAACAAAACGC_007,157
CATGGATAACAACAAAACGC_008,90
CATGGATAACAACAAAACGC_009,126
GCAGAAGTATGATGCGGACC_001,92
GCAGAAGTATGATGCGGACC_002,132
AGTTTGTAGAAGGTGCTATG_001,199
AGTTTGTAGAAGGTGCTATG_002,19
AGTTTGTAGAAGGTGCTATG_003,18
AGTTTGTAGAAGGTGCTATG_004,23
AGTTTGTAGAAGGTGCTATG_005,131
AGTTTGTAGAAGGTGCTATG_006,193
AGTTTGTAGAAGGTGCTATG_007,164
AGTTTGTAGAAGGTGCTATG_008,173
CGACAGCGATGTTTCCGTAA_001,78
CACAAGTATCCACACCATCG_001,127
CACAAGTATCCACACCATCG_002,175
CACAAGTATCCACACCATCG_003,95
CACAAGTATCCACACCATCG_004,88
CACAAGTATCCACACCATCG_005,101
CACAAGTATCCACACCATCG_006,9
CACAAGTATCCACACCATCG_007,53
CACAAGTATCCACACCATCG_008,10
CACAAGTATCCACACCATCG_009,102
CACAAGTATCCACACCATCG_010,138
CACAAGTATCCACACCATCG_011,28
CACAAGTATCCACACCATCG_012,56
CACAAGTATCCACACCATCG_013,58
CCTGCACAATGCCTTAACTG_001,7
CCTGCACAATGCCTTAACTG_002,19
CCTGCACAATGCCTTAACTG_003,150
GGAAGCGGAGATAGACTAGG_001,137
GGAAGCGGAGATAGACTAGG_002,171
GGAAGCGGAGATAGACTAGG_003,34
GGAAGCGGAGATAGACTAGG_004,27
GGAAGCGGAGATAGACTAGG_005,199
GGAAGCGGAGATAGACTAGG_006,50
GGAAGCGGAGATAGACTAGG_007,67
GGAAGCGGAGATAGACTAGG_008,177
GGAAGCGGAGATAGACTAGG_009,98
GGAAGCGGAGATAGACTAGG_010,96
GGAAGCGGAGATAGACTAGG_011,38
GGAAGCGGAGATAGACTAGG_012,176
GGAAGCGGAGATAGACTAGG_013,50
GGAAGCGGAGATAGACTAGG_014,85
GGAAGCGGAGATAGACTAGG_015,28
GGAAGCGGAGATAGACTAGG_016,74
GGAAGCGGAGATAGACTAGG_017,80
GGAAGCGGAGATAGACTAGG_018,175
GGAAGCGGAGATAGACTAGG_019,174
GGAAGCGGAGATAGACTAGG_020,120
GGAAGCGGAGATAGACTAGG_021,68
GGAAGCGGAGATAGACTAGG_022,8
GGAAGCGGAGATAGACTAGG_023,123
GGAAGCGGAGATAGACTAGG_024,134
AGCTAGCAGCAAGCACACCA_001,88
AGCTAGCAGCAAGCACACCA_002,198
AGCTAGCAGCAAGCACACCA_003,11
AGCTAGCAGCAAGCACACCA_004,138
AGCTAGCAGCAAGCACACCA_005,152
AGCTAGCAGCAAGCACACCA_006,62
AGCTAGCAGCAAGCACACCA_007,2
AGCTAGCAGCAAGCACACCA_008,199
AGCTAGCAGCAAGCACACCA_009,69
AGCTAGCAGCAAGCACACCA_010,189
AGCTAGCAGCAAGCACACCA_011,113
AGCTAGCAGCAAGCACACCA_012,88
AGCTAGCAGCAAGCACACCA_013,128
AGCTAGCAGCAAGCACACCA_014,34
AGCTAGCAGCAAGCACACCA_015,19
AGCTAGCAGCAAGCACACCA_016,172
AGCTAGCAGCAAGCACACCA_017,23
AGCTAGCAGCAAGCACACCA_018,86
AGCTAGCAGCAAGCACACCA_019,172
AGCTAGCAGCAAGCACACCA_020,124
AGCTAGCAGCAAGCACACCA_021,102
AGCTAGCAGCAAGCACACCA_022,198
AGCTAGCAGCAAGCACACCA_023,67
AATGCCAGTAAATCTTCTAG_001,196
AATGCCAGTAAATCTTCTAG_002,188
AATGCCAGTAAATCTTCTAG_003,124
AATGCCAGTAAATCTTCTAG_004,51
TACACAGGCTACCCGATTTG_001,175
TACACAGGCTACCCGATTTG_002,119
TACACAGGCTACCCGATTTG_003,96
TACACAGGCTACCCGATTTG_004,168
TACACAGGCTACCCGATTTG_005,184
TACACAGGCTACCCGATTTG_006,19
TGTAGGTCTCAGCATTAGAG_001,154
TGTAGGTCTCAGCATTAGAG_002,65
TGTAGGTCTCAGCATTAGAG_003,13
TGTAGGTCTCAGCATTAGAG_004,33
TGTAGGTCTCAGCATTAGAG_005,183
TGTAGGTCTCAGCATTAGAG_006,112
AGTTGTGCATCCAGAGTACG_001,162
AGTTGTGCATCCAGAGTACG_002,197
AGTTGTGCATCCAGAGTACG_003,130
AGTTGTGCATCCAGAGTACG_004,176
AGTTGTGCATCCAGAGTACG_005,61
AGTTGTGCATCCAGAGTACG_006,150
AGTTGTGCATCCAGAGTACG_007,101
AGTTGTGCATCCAGAGTACG_008,93
AGTTGTGCATCCAGAGTACG_009,8
AGTTGTGCATCCAGAGTACG_010,6
AGTTGTGCATCCAGAGTACG_011,145
AGTTGTGCATCCAGAGTACG_012,80
AGTTGTGCATCCAGAGTACG_013,80
AGTTGTGCATCCAGAGTACG_014,104
CTGACGTGTCTGAAATGAGT_001,19
CTGACGTGTCTGAAATGAGT_002,169
CTGACGTGTCTGAAATGAGT_003,12
CTGACGTGTCTGAAATGAGT_004,32
CTGACGTGTCTGAAATGAGT_005,185
CTGACGTGTCTGAAATGAGT_006,127
CTGACGTGTCTGAAATGAGT_007,188
CTGACGTGTCTGAAATGAGT_008,8
CTGACGTGTCTGAAATGAGT_009,0
CTGACGTGTCTGAAATGAGT_010,191
CTGACGTGTCTGAAATGAGT_011,33
CTGACGTGTCTGAAATGAGT_012,66
GGACGATTTACCGCCCAGGT_001,24
GGACGATTTACCGCCCAGGT_002,61
GGACGATTTACCGCCCAGGT_003,70
GGACGATTTACCGCCCAGGT_004,7
GGACGATTTACCGCCCAGGT_005,121
ACGGACCCGTCCGAACCGCG_001,78
ACGGACCCGTCCGAACCGCG_002,18
ACGGACCCGTCCGAACCGCG_003,148
ACGGACCCGTCCGAACCGCG_004,19
ACGGACCCGTCCGAACCGCG_005,9
ACGGACCCGTCCGAACCGCG_006,139
ACGGACCCGTCCGAACCGCG_007,20
ACGGACCCGTCCGAACCGCG_008,122
ACGGACCCGTCCGAACCGCG_009,115
ACGGACCCGTCCGAACCGCG_010,91
ACGGACCCGTCCGAACCGCG_011,24
ACGGACCCGTCCGAACCGCG_012,116
ACGGACCCGTCCGAACCGCG_013,50
ACGGACCCGTCCGAACCGCG_014,162
ACGGACCCGTCCGAACCGCG_015,175
ACGGACCCGTCCGAACCGCG_016,173
ACGGACCCGTCCGAACCGCG_017,27
ACGGACCCGTCCGAACCGCG_018,168
ACGGACCCGTCCGAACCGCG_019,56
ACGGACCCGTCCGAACCGCG_020,13
ATAAGAAAATCCCTAAGCAG_001,106
ATAAGAAAATCCCTAAGCAG_002,188
AGATCTTTCTTAAGGGCTAG_001,22
AGATCTTTCTTAAGGGCTAG_002,52
AGATCTTTCTTAAGGGCTAG_003,16
AGATCTTTCTTAAGGGCTAG_004,31
AGATCTTTCTTAAGGGCTAG_005,122
AGATCTTTCTTAAGGGCTAG_006,139
AGATCTTTCTTAAGGGCTAG_007,12
CCCGTGGGTGCGGTTTCCCA_001,2
CCCGTGGGTGCGGTTTCCCA_002,147
CCCGTGGGTGCGGTTTCCCA_003,147
CCCGTGGGTGCGGTTTCCCA_004,191
CCCGTGGGTGCGGTTTCCCA_005,150
TTCATTCTGCCGTTTGTAGG_001,0
TTCATTCTGCCGTTTGTAGG_002,153
AAGTGAACCTATTTCAAAGC_001,58
GTGAAGGTGTACAATGCGGT_001,170
AGATTATCTTCTTCGCAGAG_001,166
AGATTATCTTCTTCGCAGAG_002,42
AGATTATCTTCTTCGCAGAG_003,48
AGATTATCTTCTTCGCAGAG_004,9
AGCGCGTTGTAGCTGAACGG_001,161
AGCGCGTTGTAGCTGAACGG_002,78
AGCGCGTTGTAGCTGAACGG_003,191
AGCGCGTTGTAGCTGAACGG_004,146
AGCGCGTTGTAGCTGAACGG_005,138
AGCGCGTTGTAGCTGAACGG_006,4
AGCGCGTTGTAGCTGAACGG_007,167
AGCGCGTTGTAGCTGAACGG_008,162
AGCGCGTTGTAGCTGAACGG_009,189
AGCGCGTTGTAGCTGAACGG_010,159
AGCGCGTTGTAGCTGAACGG_011,29
AGCGCGTTGTAGCTGAACGG_012,78
AGCGCGTTGTAGCTGAACGG_013,78
AGCGCGTTGTAGCTGAACGG_014,108
AGCGCGTTGTAGCTGAACGG_015,16
AGCGCGTTGTAGCTGAACGG_016,75
AGCGCGTTGTAGCTGAACGG_017,134
AGCGCGTTGTAGCTGAACGG_018,170
AGCGCGTTGTAGCTGAACGG_019,134
CAGGAAGGAACATCGACTGA_001,162
CAGGAAGGAACATCGACTGA_002,1
CAGGAAGGAACATCGACTGA_003,9
CAGGAAGGAACATCGACTGA_004,65
CAGGAAGGAACATCGACTGA_005,10
CAGGAAGGAACATCGACTGA_006,162
CAGGAAGGAACATCGACTGA_007,119
CAGGAAGGAACATCGACTGA_008,44
CAGGAAGGAACATCGACTGA_009,153
CAGGAAGGAACATCGACTGA_010,117
CAGGAAGGAACATCGACTGA_011,102
CAGGAAGGAACATCGACTGA_012,152
CAGGAAGGAACATCGACTGA_013,42
CAGGAAGGAACATCGACTGA_014,130
CAGGAAGGAACATCGACTGA_015,50
CAGGAAGGAACATCGACTGA_016,137
GCTGGACACACGGCTCACTG_001,34
GCTGGACACACGGCTCACTG_002,88
GCTGGACACACGGCTCACTG_003,49
GCTGGACACACGGCTCACTG_004,10
GCTGGACACACGGCTCACTG_005,52
GCTGGACACACGGCTCACTG_006,6
GCTGGACACACGGCTCACTG_007,118
GGAAGCGCTCAAAGACGTAG_001,199
GGAAGCGCTCAAAGACGTAG_002,149
GGAAGCGCTCAAAGACGTAG_003,178
GGAAGCGCTCAAAGACGTAG_004,24
TTATTGGAAATAAACAGCGA_001,3
TTATTGGAAATAAACAGCGA_002,77
TTATTGGAAATAAACAGCGA_003,188
TTATTGGAAATAAACAGCGA_004,39
TTATTGGAAATAAACAGCGA_005,77
TTATTGGAAATAAACAGCGA_006,170
TTATTGGAAATAAACAGCGA_007,56
GCGACTTGACAGAGTGCAGG_001,13
GCGACTTGACAGAGTGCAGG_002,192
GCGACTTGACAGAGTGCAGG_003,56
GCGACTTGACAGAGTGCAGG_004,137
GCGACTTGACAGAGTGCAGG_005,149
GCGACTTGACAGAGTGCAGG_006,149
GCGACTTGACAGAGTGCAGG_007,134
GCGACTTGACAGAGTGCAGG_008,50
GCGACTTGACAGAGTGCAGG_009,29
GCGACTTGACAGAGTGCAGG_010,6
GCGACTTGACAGAGTGCAGG_011,198
GCGACTTGACAGAGTGCAGG_012,2
GCGACTTGACAGAGTGCAGG_013,76
GCGACTTGACAGAGTGCAGG_014,41
GCGACTTGACAGAGTGCAGG_015,98
ACTCGCCACTGGAAGCAACA_001,15
ACTCGCCACTGGAAGCAACA_002,90
ACTCGCCACTGGAAGCAACA_003,183
ACTCGCCACTGGAAGCAACA_004,62
ACTCGCCACTGGAAGCAACA_005,88
ACTCGCCACTGGAAGCAACA_006,24
ACTCGCCACTGGAAGCAACA_007,146
ACTCGCCACTGGAAGCAACA_008,127
ACTCGCCACTGGAAGCAACA_009,70
ACTCGCCACTGGAAGCAACA_010,175
ACTCGCCACTGGAAGCAACA_011,28
ACTCGCCACTGGAAGCAACA_012,188
ACTCGCCACTGGAAGCAACA_013,188
ACTCGCCACTGGAAGCAACA_014,149
ACTCGCCACTGGAAGCAACA_015,33
ACTCGCCACTGGAAGCAACA_016,130
ACTCGCCACTGGAAGCAACA_017,162
ACTCGCCACTGGAAGCAACA_018,64
ACTCGCCACTGGAAGCAACA_019,8
ACTCGCCACTGGAAGCAACA_020,2
ACTCGCCACTGGAAGCAACA_021,116
ACTCGCCACTGGAAGCAACA_022,17
ATGTGGACCTTCTTTAGCCG_001,160
ATGTGGACCTTCTTTAGCCG_002,126
GATACGTGACACTTACGGGG_001,84
GATACGTGACACTTACGGGG_002,144
GATACGTGACACTTACGGGG_003,78
GATACGTGACACTTACGGGG_004,2
GATACGTGACACTTACGGGG_005,110
GATACGTGACACTTACGGGG_006,158
GATACGTGACACTTACGGGG_007,48
GATACGTGACACTTACGGGG_008,40
GATACGTGACACTTACGGGG_009,19
GATACGTGACACTTACGGGG_010,95
GATACGTGACACTTACGGGG_011,48
GATACGTGACACTTACGGGG_012,78
GATACGTGACACTTACGGGG_013,61
GATACGTGACACTTACGGGG_014,172
GATACGTGACACTTACGGGG_015,144
GATACGTGACACTTACGGGG_016,2
GATACGTGACACTTACGGGG_017,91
GATACGTGACACTTACGGGG_018,152
GATACGTGACACTTACGGGG_019,191
GGAGATGGACACAAGCAACG_001,69
GGAGATGGACACAAGCAACG_002,16
GGAGATGGACACAAGCAACG_003,174
GGAGATGGACACAAGCAACG_004,148
GGAGATGGACACAAGCAACG_005,169
GGAGATGGACACAAGCAACG_006,182
GGAGATGGACACAAGCAACG_007,43
GGAGATGGACACAAGCAACG_008,137
GGAGATGGACACAAGCAACG_009,3
GGAGATGGACACAAGCAACG_010,57
AGGGGGTGAGCCCTTCATGG_001,60
AGGGGGTGAGCCCTTCATGG_002,162
AGGGGGTGAGCCCTTCATGG_003,1
AGGGGGTGAGCCCTTCATGG_004,193
AGGGGGTGAGCCCTTCATGG_005,62
AGGGGGTGAGCCCTTCATGG_006,116
AGGGGGTGAGCCCTTCATGG_007,182
AGGGGGTGAGCCCTTCATGG_008,94
AGGGGGTGAGCCCTTCATGG_009,147
AGGGGGTGAGCCCTTCATGG_010,197
AGGGGGTGAGCCCTTCATGG_011,1
AGGGGGTGAGCCCTTCATGG_012,83
AGGGGGTGAGCCCTTCATGG_013,21
AGGGGGTGAGCCCTTCATGG_014,130
AGGGGGTGAGCCCTTCATGG_015,130
AGGGGGTGAGCCCTTCATGG_016,164
AGGGGGTGAGCCCTTCATGG_017,168
GCACGTGCTGGCACTAACCA_001,114
GCACGTGCTGGCACTAACCA_002,162
GCACGTGCTGGCACTAACCA_003,32
GCACGTGCTGGCACTAACCA_004,185
GCACGTGCTGGCACTAACCA_005,60
ATCACATTGCTGTTCATGAG_001,15
ATCACATTGCTGTTCATGAG_002,94
ATCACATTGCTGTTCATGAG_003,188
ATCACATTGCTGTTCATGAG_004,188
ATCACATTGCTGTTCATGAG_005,182
ATCACATTGCTGTTCATGAG_006,62
GACTAGAGGAGAGACATCAA_001,91
TTAAGACACAGCCAAACTGA_001,45
TTAAGACACAGCCAAACTGA_002,61
TTAAGACACAGCCAAACTGA_003,119
TTAAGACACAGCCAAACTGA_004,137
TTAAGACACAGCCAAACTGA_005,116
ACGCAGCCTCTCGTCCAATG_001,7
ACGCAGCCTCTCGTCCAATG_002,76
ACGCAGCCTCTCGTCCAATG_003,70
ACGCAGCCTCTCGTCCAATG_004,81
ACGCAGCCTCTCGTCCAATG_005,175
ACGCAGCCTCTCGTCCAATG_006,97
ACGCAGCCTCTCGTCCAATG_007,188
ACGCAGCCTCTCGTCCAATG_008,84
ACGCAGCCTCTCGTCCAATG_009,198
ACGCAGCCTCTCGTCCAATG_010,16
ACGCAGCCTCTCGTCCAATG_011,126
ACGCAGCCTCTCGTCCAATG_012,93
ACGCAGCCTCTCGTCCAATG_013,121
ACGCAGCCTCTCGTCCAATG_014,65
ACGCAGCCTCTCGTCCAATG_015,63
ACGCAGCCTCTCGTCCAATG_016,38
ACGCAGCCTCTCGTCCAATG_017,59
ACGCAGCCTCTCGTCCAATG_018,182
ACGCAGCCTCTCGTCCAATG_019,17
AAAGCATTGAAACGATATGA_001,50
AAAGCATTGAAACGATATGA_002,52
AAAGCATTGAAACGATATGA_003,81
AAAGCATTGAAACGATATGA_004,1
AAAGCATTGAAACGATATGA_005,142
AAAGCATTGAAACGATATGA_006,146
AGTGACATCTGAGCACGACA_001,45
AGTGACATCTGAGCACGACA_002,8
AGTGACATCTGAGCACGACA_003,61
AGTGACATCTGAGCACGACA_004,184
AGTGACATCTGAGCACGACA_005,17
AGTGACATCTGAGCACGACA_006,22
AGTGACATCTGAGCACGACA_007,161
AGTGACATCTGAGCACGACA_008,145
AGTGACATCTGAGCACGACA_009,94
AGTGACATCTGAGCACGACA_010,61
AGTGACATCTGAGCACGACA_011,143
AGTGACATCTGAGCACGACA_012,61
AGTGACATCTGAGCACGACA_013,174
AGTGACATCTGAGCACGACA_014,60
AGTGACATCTGAGCACGACA_015,48
AGTGACATCTGAGCACGACA_016,162
AGTGACATCTGAGCACGACA_017,19
ATGTACTGCTCATATAGCAG_001,116
ATGTACTGCTCATATAGCAG_002,15
ATGTACTGCTCATATAGCAG_003,76
ATGTACTGCTCATATAGCAG_004,76
ATGTACTGCTCATATAGCAG_005,144
TATAATCCAAATTTCAAGCG_001,69
TATAATCCAAATTTCAAGCG_002,101
TATAATCCAAATTTCAAGCG_003,6
CATTAAACCTTGCCCCACAA_001,68
CATTAAACCTTGCCCCACAA_002,196
CATTAAACCTTGCCCCACAA_003,146
CATTAAACCTTGCCCCACAA_004,144
CATTAAACCTTGCCCCACAA_005,152
CATTAAACCTTGCCCCACAA_006,152
CATTAAACCTTGCCCCACAA_007,17
CATTAAACCTTGCCCCACAA_008,150
CATTAAACCTTGCCCCACAA_009,124
CATTAAACCTTGCCCCACAA_010,141
CATTAAACCTTGCCCCACAA_011,168
CATTAAACCTTGCCCCACAA_012,63
CATTAAACCTTGCCCCACAA_013,1
CATTAAACCTTGCCCCACAA_014,199
CATTAAACCTTGCCCCACAA_015,17
TGAGGGTGGAATCCGAGAGT_001,166
TGAGGGTGGAATCCGAGAGT_002,46
TGAGGGTGGAATCCGAGAGT_003,183
TGAGGGTGGAATCCGAGAGT_004,160
TGAGGGTGGAATCCGAGAGT_005,167
TGAGGGTGGAATCCGAGAGT_006,90
TGAGGGTGGAATCCGAGAGT_007,78
TGAGGGTGGAATCCGAGAGT_008,168
GTTGGCTCCTGTGCCTGTGC_001,88
GTTGGCTCCTGTGCCTGTGC_002,43
GTTGGCTCCTGTGCCTGTGC_003,76
GTTGGCTCCTGTGCCTGTGC_004,103
GTTGGCTCCTGTGCCTGTGC_005,140
GTTGGCTCCTGTGCCTGTGC_006,140
GTTGGCTCCTGTGCCTGTGC_007,182
GTTGGCTCCTGTGCCTGTGC_008,77
GTTGGCTCCTGTGCCTGTGC_009,12
GTTGGCTCCTGTGCCTGTGC_010,132
GTTGGCTCCTGTGCCTGTGC_011,1
GTTGGCTCCTGTGCCTGTGC_012,138
GTTGGCTCCTGTGCCTGTGC_013,81
GTTGGCTCCTGTGCCTGTGC_014,138
GTTGGCTCCTGTGCCTGTGC_015,89
TTTCCTTCACAGTTACCATG_001,70
TTTCCTTCACAGTTACCATG_002,8
TTTCCTTCACAGTTACCATG_003,183
TTTCCTTCACAGTTACCATG_004,152
TTTCCTTCACAGTTACCATG_005,94
TTTCCTTCACAGTTACCATG_006,49
TTTCCTTCACAGTTACCATG_007,0
TTTCCTTCACAGTTACCATG_008,3
TTTCCTTCACAGTTACCATG_009,199
TTTCCTTCACAGTTACCATG_010,125
TTTCCTTCACAGTTACCATG_011,121
GAGAGCATGAGCATCCCAAA_001,68
GAGAGCATGAGCATCCCAAA_002,37
GAGAGCATGAGCATCCCAAA_003,184
GAGAGCATGAGCATCCCAAA_004,119
GAGAGCATGAGCATCCCAAA_005,161
GAGAGCATGAGCATCCCAAA_006,115
GAGAGCATGAGCATCCCAAA_007,49
GAGAGCATGAGCATCCCAAA_008,13
GAGAGCATGAGCATCCCAAA_009,93
GAGAGCATGAGCATCCCAAA_010,114
GAGAGCATGAGCATCCCAAA_011,130
GAGAGCATGAGCATCCCAAA_012,57
GAGAGCATGAGCATCCCAAA_013,34
GAGAGCATGAGCATCCCAAA_014,187
GAGAGCATGAGCATCCCAAA_015,68
GAGAGCATGAGCATCCCAAA_016,45
CGGACAAGAGCTACATCGAG_001,98
CGGACAAGAGCTACATCGAG_002,70
CGGACAAGAGCTACATCGAG_003,192
CGGACAAGAGCTACATCGAG_004,199
CGGACAAGAGCTACATCGAG_005,111
ACTGCCCGCACATTGCGGGG_001,0
ACTGCCCGCACATTGCGGGG_002,77
ACTGCCCGCACATTGCGGGG_003,22
ACTGCCCGCACATTGCGGGG_004,117
ACTGCCCGCACATTGCGGGG_005,72
ACTGCCCGCACATTGCGGGG_006,22
ACTGCCCGCACATTGCGGGG_007,78
ACTGCCCGCACATTGCGGGG_008,132
TAAGGCTAAAAAGGCAGGCG_001,188
TAAGGCTAAAAAGGCAGGCG_002,22
TAAGGCTAAAAAGGCAGGCG_003,120
TAAGGCTAAAAAGGCAGGCG_004,49
TAAGGCTAAAAAGGCAGGCG_005,182
TAAGGCTAAAAAGGCAGGCG_006,30
TAAGGCTAAAAAGGCAGGCG_007,112
TAAGGCTAAAAAGGCAGGCG_008,144
TGATGAGGATGGACATACCT_001,155
TGATGAGGATGGACATACCT_002,158
TGATGAGGATGGACATACCT_003,149
TGATGAGGATGGACATACCT_004,61
TGATGAGGATGGACATACCT_005,10
TGATGAGGATGGACATACCT_006,63
TGATGAGGATGGACATACCT_007,133
TGATGAGGATGGACATACCT_008,46
TGATGAGGATGGACATACCT_009,56
TGATGAGGATGGACATACCT_010,177
TGATGAGGATGGACATACCT_011,65
GGAAGTCTATCATGGAACCA_001,163
GGAAGTCTATCATGGAACCA_002,41
GGGGCTTGTGTGGCAAACTG_001,108
GGGGCTTGTGTGGCAAACTG_002,139
GGGGCTTGTGTGGCAAACTG_003,178
GGGGCTTGTGTGGCAAACTG_004,89
GGGGCTTGTGTGGCAAACTG_005,144
GGGGCTTGTGTGGCAAACTG_006,184
GGGGCTTGTGTGGCAAACTG_007,63
GGGGCTTGTGTGGCAAACTG_008,34
GGGGCTTGTGTGGCAAACTG_009,77
GGGGCTTGTGTGGCAAACTG_010,15
GGGGCTTGTGTGGCAAACTG_011,49
GGGGCTTGTGTGGCAAACTG_012,15
GGGGCTTGTGTGGCAAACTG_013,41
GGGGCTTGTGTGGCAAACTG_014,50
GGGGCTTGTGTGGCAAACTG_015,6
GGGGCTTGTGTGGCAAACTG_016,31
GGGGCTTGTGTGGCAAACTG_017,194
GGGGCTTGTGTGGCAAACTG_018,12
GGGGCTTGTGTGGCAAACTG_019,13
GGGGCTTGTGTGGCAAACTG_020,149
GGGGCTTGTGTGGCAAACTG_021,70
GGGGCTTGTGTGGCAAACTG_022,170
GGGGCTTGTGTGGCAAACTG_023,70
GGTACGCAGGCAGTGCCACG_001,48
GGTACGCAGGCAGTGCCACG_002,152
GGTACGCAGGCAGTGCCACG_003,85
TCATTGTAGGAACGGTACGT_001,52
TCATTGTAGGAACGGTACGT_002,0
TCATTGTAGGAACGGTACGT_003,107
TCATTGTAGGAACGGTACGT_004,106
TCATTGTAGGAACGGTACGT_005,157
TCATTGTAGGAACGGTACGT_006,181
TCATTGTAGGAACGGTACGT_007,101
TCATTGTAGGAACGGTACGT_008,50
TCATTGTAGGAACGGTACGT_009,0
TCATTGTAGGAACGGTACGT_010,147
TCATTGTAGGAACGGTACGT_011,159
TCATTGTAGGAACGGTACGT_012,185
TCATTGTAGGAACGGTACGT_013,103
TCATTGTAGGAACGGTACGT_014,8
TCATTGTAGGAACGGTACGT_015,85
TCATTGTAGGAACGGTACGT_016,41
TCATTGTAGGAACGGTACGT_017,115
TCATTGTAGGAACGGTACGT_018,81
TCATTGTAGGAACGGTACGT_019,88
TCATTGTAGGAACGGTACGT_020,132
TCATTGTAGGAACGGTACGT_021,179
TCATTGTAGGAACGGTACGT_022,136
GGTTTCGTATGCGTGGACGT_001,70
GGTTTCGTATGCGTGGACGT_002,41
GGTTTCGTATGCGTGGACGT_003,181
GGTTTCGTATGCGTGGACGT_004,125
GGTTTCGTATGCGTGGACGT_005,70
GGTTTCGTATGCGTGGACGT_006,115
GGTTTCGTATGCGTGGACGT_007,148
GGTTTCGTATGCGTGGACGT_008,177
GGTTTCGTATGCGTGGACGT_009,161
GGTTTCGTATGCGTGGACGT_010,131
CTCATGATGTACTACCAGAC_001,118
CTCATGATGTACTACCAGAC_002,21
CTCATGATGTACTACCAGAC_003,159
CTCATGATGTACTACCAGAC_004,159
CTCATGATGTACTACCAGAC_005,6
CTCATGATGTACTACCAGAC_006,94
CTGGAGCGGAAGCCTAGCGG_001,92
CTGGAGCGGAAGCCTAGCGG_002,14
CTGGAGCGGAAGCCTAGCGG_003,28
CTGGAGCGGAAGCCTAGCGG_004,146
CTGGAGCGGAAGCCTAGCGG_005,100
CTGGAGCGGAAGCCTAGCGG_006,49
CTGGAGCGGAAGCCTAGCGG_007,124
CACCGTCGGAACACATCCGT_001,133
CACCGTCGGAACACATCCGT_002,36
CACCGTCGGAACACATCCGT_003,32
CACCGTCGGAACACATCCGT_004,36
CACCGTCGGAACACATCCGT_005,36
CACCGTCGGAACACATCCGT_006,25
CACCGTCGGAACACATCCGT_007,76
CACCGTCGGAACACATCCGT_008,153
CACCGTCGGAACACATCCGT_009,127
CACCGTCGGAACACATCCGT_010,194
CACCGTCGGAACACATCCGT_011,21
CACCGTCGGAACACATCCGT_012,92
CACCGTCGGAACACATCCGT_013,144
CACCGTCGGAACACATCCGT_014,184
CACCGTCGGAACACATCCGT_015,62
CACCGTCGGAACACATCCGT_016,153
CACCGTCGGAACACATCCGT_017,77
CACCGTCGGAACACATCCGT_018,30
CACCGTCGGAACACATCCGT_019,58
CACCGTCGGAACACATCCGT_020,51
CACCGTCGGAACACATCCGT_021,96
CACCGTCGGAACACATCCGT_022,147
CACCGTCGGAACACATCCGT_023,56
CACCGTCGGAACACATCCGT_024,151
TCCAGTGCGCCGGTCCAAGG_001,77
TCCAGTGCGCCGGTCCAAGG_002,156
TCCAGTGCGCCGGTCCAAGG_003,190
TCCAGTGCGCCGGTCCAAGG_004,168
TCCAGTGCGCCGGTCCAAGG_005,164
TCCAGTGCGCCGGTCCAAGG_006,166
TCCAGTGCGCCGGTCCAAGG_007,62
TCCAGTGCGCCGGTCCAAGG_008,83
TCCAGTGCGCCGGTCCAAGG_009,169
TCCAGTGCGCCGGTCCAAGG_010,55
TCCAGTGCGCCGGTCCAAGG_011,118
TCCAGTGCGCCGGTCCAAGG_012,149
TCCAGTGCGCCGGTCCAAGG_013,170
TCCAGTGCGCCGGTCCAAGG_014,133
TCCAGTGCGCCGGTCCAAGG_015,27
TCCAGTGCGCCGGTCCAAGG_016,63
TCCAGTGCGCCGGTCCAAGG_017,63
TCCAGTGCGCCGGTCCAAGG_018,156
TCCAGTGCGCCGGTCCAAGG_019,3
TCCAGTGCGCCGGTCCAAGG_020,34
TCCAGTGCGCCGGTCCAAGG_021,106
TCCAGTGCGCCGGTCCAAGG_022,152
GCCCAAGAAGGAGACCTCCA_001,29
GCCCAAGAAGGAGACCTCCA_002,189
GCCCAAGAAGGAGACCTCCA_003,49
GCCCAAGAAGGAGACCTCCA_004,85
AAGCAATAGAACATATCACC_001,30
AAATACGCTCTTACCTAACG_001,134
GCGTGTGAGAGACTTAGCCC_001,114
GCGTGTGAGAGACTTAGCCC_002,20
GCGTGTGAGAGACTTAGCCC_003,139
GCGTGTGAGAGACTTAGCCC_004,176
GCGTGTGAGAGACTTAGCCC_005,22
GCGTGTGAGAGACTTAGCCC_006,142
GCGACTGAGAGACCAACTGA_001,33
GCGACTGAGAGACCAACTGA_002,129
GCGACTGAGAGACCAACTGA_003,164
GCGACTGAGAGACCAACTGA_004,164
GCGACTGAGAGACCAACTGA_005,142
GCGACTGAGAGACCAACTGA_006,176
GCGACTGAGAGACCAACTGA_007,125
GCGACTGAGAGACCAACTGA_008,9
GCGACTGAGAGACCAACTGA_009,155
GCGACTGAGAGACCAACTGA_010,83
GCGACTGAGAGACCAACTGA_011,84
GCGACTGAGAGACCAACTGA_012,183
GCGACTGAGAGACCAACTGA_013,14
GCGACTGAGAGACCAACTGA_014,33
GCGACTGAGAGACCAACTGA_015,147
AGACCACGAAGCCGCACTTG_001,178
AGACCACGAAGCCGCACTTG_002,43
AGACCACGAAGCCGCACTTG_003,72
AGACCACGAAGCCGCACTTG_004,171
AGACCACGAAGCCGCACTTG_005,168
AGACCACGAAGCCGCACTTG_006,55
AGACCACGAAGCCGCACTTG_007,96
AGACCACGAAGCCGCACTTG_008,47
GGAAGCATGAACTCAATGGC_001,4
GGAAGCATGAACTCAATGGC_002,83
GGAAGCATGAACTCAATGGC_003,7
TCCCTCAACAGGACTAGTGG_001,98
TCCCTCAACAGGACTAGTGG_002,105
TCCCTCAACAGGACTAGTGG_003,35
TCCCTCAACAGGACTAGTGG_004,36
TCCCTCAACAGGACTAGTGG_005,86
TCCCTCAACAGGACTAGTGG_006,95
TCCCTCAACAGGACTAGTGG_007,60
TCCCTCAACAGGACTAGTGG_008,137
AGGCTTTCCACAGAAAAGGG_001,52
AGGCTTTCCACAGAAAAGGG_002,169
AGGCTTTCCACAGAAAAGGG_003,199
AGGCTTTCCACAGAAAAGGG_004,17
AGGCTTTCCACAGAAAAGGG_005,48
AGGCTTTCCACAGAAAAGGG_006,195
AGGCTTTCCACAGAAAAGGG_007,177
AGGCTTTCCACAGAAAAGGG_008,194
AGGCTTTCCACAGAAAAGGG_009,133
AGGCTTTCCACAGAAAAGGG_010,102
AGGCTTTCCACAGAAAAGGG_011,49
AGGCTTTCCACAGAAAAGGG_012,199
AGGCTTTCCACAGAAAAGGG_013,91
GTGCCACAAGCTCCCGACAA_001,191
GTGCCACAAGCTCCCGACAA_002,56
GTGCCACAAGCTCCCGACAA_003,9
GTGCCACAAGCTCCCGACAA_004,115
GTGCCACAAGCTCCCGACAA_005,3
GTGCCACAAGCTCCCGACAA_006,172
GTGCCACAAGCTCCCGACAA_007,158
GTGCCACAAGCTCCCGACAA_008,83
GTGCCACAAGCTCCCGACAA_009,4
GTGCCACAAGCTCCCGACAA_010,188
GTGCCACAAGCTCCCGACAA_011,113
GTGCCACAAGCTCCCGACAA_012,31
GTGCCACAAGCTCCCGACAA_013,170
GTGCCACAAGCTCCCGACAA_014,84
GTGCCACAAGCTCCCGACAA_015,90
GTGCCACAAGCTCCCGACAA_016,190
GTGCCACAAGCTCCCGACAA_017,24
GTGCCACAAGCTCCCGACAA_018,184
GTTGGTGGTGAACATAGGGA_001,163
GTTGGTGGTGAACATAGGGA_002,170
GTTGGTGGTGAACATAGGGA_003,43
GTTGGTGGTGAACATAGGGA_004,98
GTTGGTGGTGAACATAGGGA_005,181
GTTGGTGGTGAACATAGGGA_006,120
GTTGGTGGTGAACATAGGGA_007,23
GTTGGTGGTGAACATAGGGA_008,103
GTTGGTGGTGAACATAGGGA_009,83
GTTGGTGGTGAACATAGGGA_010,112
GTTGGTGGTGAACATAGGGA_011,175
GTTGGTGGTGAACATAGGGA_012,104
GTTGGTGGTGAACATAGGGA_013,150
GTTGGTGGTGAACATAGGGA_014,78
GTTGGTGGTGAACATAGGGA_015,148
GTTGGTGGTGAACATAGGGA_016,126
GTTGGTGGTGAACATAGGGA_017,162
GTTGGTGGTGAACATAGGGA_018,115
GTTGGTGGTGAACATAGGGA_019,144
AGCTCACAGGCACTTCCAAG_001,122
AGCTCACAGGCACTTCCAAG_002,122
AGCTCACAGGCACTTCCAAG_003,94
AGCTCACAGGCACTTCCAAG_004,28
AGCTCACAGGCACTTCCAAG_005,94
AGCTCACAGGCACTTCCAAG_006,130
AGCTCACAGGCACTTCCAAG_007,119
AGCTCACAGGCACTTCCAAG_008,150
AGCTCACAGGCACTTCCAAG_009,191
AGCTCACAGGCACTTCCAAG_010,172
AGCTCACAGGCACTTCCAAG_011,36
AGCTCACAGGCACTTCCAAG_012,62
AGCTCACAGGCACTTCCAAG_013,161
AGCTCACAGGCACTTCCAAG_014,72
AGCTCACAGGCACTTCCAAG_015,59
AGCTCACAGGCACTTCCAAG_016,24
AGCTCACAGGCACTTCCAAG_017,105
AGCTCACAGGCACTTCCAAG_018,94
AGCTCACAGGCACTTCCAAG_019,122
AGCTCACAGGCACTTCCAAG_020,9
AGCTCACAGGCACTTCCAAG_021,62
AGCTCACAGGCACTTCCAAG_022,169
AGCTCACAGGCACTTCCAAG_023,130
AGCTCACAGGCACTTCCAAG_024,88
AGCTCACAGGCACTTCCAAG_025,75
AGCTCACAGGCACTTCCAAG_026,127
AGCTCACAGGCACTTCCAAG_027,41
AGCTCACAGGCACTTCCAAG_028,199
AGCTCACAGGCACTTCCAAG_029,17
AGCTCACAGGCACTTCCAAG_030,81
AGCTCACAGGCACTTCCAAG_031,1
TGCCAATTGTTTCAGCACCT_001,82
TGCCAATTGTTTCAGCACCT_002,154
TGCCAATTGTTTCAGCACCT_003,102
TGCCAATTGTTTCAGCACCT_004,62
TGCCAATTGTTTCAGCACCT_005,78
TGCCAATTGTTTCAGCACCT_006,16
TGCCAATTGTTTCAGCACCT_007,188
TGCCAATTGTTTCAGCACCT_008,48
TGCCAATTGTTTCAGCACCT_009,20
TGCCAATTGTTTCAGCACCT_010,60
TGCCAATTGTTTCAGCACCT_011,157
TGCCAATTGTTTCAGCACCT_012,63
AGAAACCATGTAGCACCCGG_001,175
AGAAACCATGTAGCACCCGG_002,115
AGAAACCATGTAGCACCCGG_003,108
AGAAACCATGTAGCACCCGG_004,91
AGAAACCATGTAGCACCCGG_005,16
AGAAACCATGTAGCACCCGG_006,104
AGAAACCATGTAGCACCCGG_007,141
AGAAACCATGTAGCACCCGG_008,113
AGAAACCATGTAGCACCCGG_009,188
AGAAACCATGTAGCACCCGG_010,106
AGAAACCATGTAGCACCCGG_011,162
TGAATTCTGCACAATAACGT_001,98
TGAATTCTGCACAATAACGT_002,67
TGAATTCTGCACAATAACGT_003,137
TGAATTCTGCACAATAACGT_004,158
TGAATTCTGCACAATAACGT_005,113
CTGGGGCGAGAGTCAAGTGG_001,48
CTGGGGCGAGAGTCAAGTGG_002,83
CTGGGGCGAGAGTCAAGTGG_003,49
CTGGGGCGAGAGTCAAGTGG_004,166
CTGGGGCGAGAGTCAAGTGG_005,12
CTGGGGCGAGAGTCAAGTGG_006,121
CTGGGGCGAGAGTCAAGTGG_007,20
CTGGGGCGAGAGTCAAGTGG_008,105
CTGGGGCGAGAGTCAAGTGG_009,172
CTGGGGCGAGAGTCAAGTGG_010,26
CTGGGGCGAGAGTCAAGTGG_011,162
CTGGGGCGAGAGTCAAGTGG_012,0
ATGTCTAGAATGTCGTCGTC_001,116
ATGTCTAGAATGTCGTCGTC_002,105
ATGTCTAGAATGTCGTCGTC_003,115
ATGTCTAGAATGTCGTCGTC_004,157
ATGTCTAGAATGTCGTCGTC_005,105
TCATCTCTTACATCGTCCCA_001,76
TCATCTCTTACATCGTCCCA_002,186
TCATCTCTTACATCGTCCCA_003,49
GCAAGAGAAGTTCTCATAGT_001,133
GCAAGAGAAGTTCTCATAGT_002,32
GCAAGAGAAGTTCTCATAGT_003,118
CGTTGCGCAAAAGTCTCTCC_001,12
CGTTGCGCAAAAGTCTCTCC_002,48
CGTTGCGCAAAAGTCTCTCC_003,21
GGGTCAGCACGGTCAACGAG_001,112
GGGTCAGCACGGTCAACGAG_002,27
GGGTCAGCACGGTCAACGAG_003,147
GGGTCAGCACGGTCAACGAG_004,39
GGGCGACCGACATAGCCGCA_001,157
CACAGGGTGCTGGAAACACG_001,61
CACAGGGTGCTGGAAACACG_002,113
CACAGGGTGCTGGAAACACG_003,55
CACAGGGTGCTGGAAACACG_004,191
CACAGGGTGCTGGAAACACG_005,154
CACAGGGTGCTGGAAACACG_006,22
CACAGGGTGCTGGAAACACG_007,8
CACAGGGTGCTGGAAACACG_008,78
CACAGGGTGCTGGAAACACG_009,177
CACAGGGTGCTGGAAACACG_010,125
CACAGGGTGCTGGAAACACG_011,16
CACAGGGTGCTGGAAACACG_012,103
CACAGGGTGCTGGAAACACG_013,162
CACAGGGTGCTGGAAACACG_014,88
CACAGGGTGCTGGAAACACG_015,48
CACAGGGTGCTGGAAACACG_016,11
CACAGGGTGCTGGAAACACG_017,23
CACAGGGTGCTGGAAACACG_018,141
CACAGGGTGCTGGAAACACG_019,159
CCAAGATGTCGGAGACACGG_001,1
CCAAGATGTCGGAGACACGG_002,195
CCAAGATGTCGGAGACACGG_003,132
CCAAGATGTCGGAGACACGG_004,58
CCAAGATGTCGGAGACACGG_005,63
CCAAGATGTCGGAGACACGG_006,8
CCAAGATGTCGGAGACACGG_007,158
GATTTAACAAGAACTACAAG_001,82
GATTTAACAAGAACTACAAG_002,86
GATTTAACAAGAACTACAAG_003,104
GATTTAACAAGAACTACAAG_004,140
GATTTAACAAGAACTACAAG_005,99
GATTTAACAAGAACTACAAG_006,191
GATTTAACAAGAACTACAAG_007,191
GCAGAAGTGCAACAACACCT_001,49
GCAGAAGTGCAACAACACCT_002,34
GCAGAAGTGCAACAACACCT_003,110
GCAGAAGTGCAACAACACCT_004,154
GCAGAAGTGCAACAACACCT_005,113
GCAGAAGTGCAACAACACCT_006,156
GCAGAAGTGCAACAACACCT_007,158
GCAGAAGTGCAACAACACCT_008,8
CAGTGGCCCATAGGTGACGT_001,82
CAGTGGCCCATAGGTGACGT_002,41
CAGTGGCCCATAGGTGACGT_003,105
CAGTGGCCCATAGGTGACGT_004,162
CAGTGGCCCATAGGTGACGT_005,1
CAGTGGCCCATAGGTGACGT_006,190
CAGTGGCCCATAGGTGACGT_007,110
CAGTGGCCCATAGGTGACGT_008,121
CAGTGGCCCATAGGTGACGT_009,169
CAGTGGCCCATAGGTGACGT_010,30
CAGTGGCCCATAGGTGACGT_011,149
CAGTGGCCCATAGGTGACGT_012,116
CAGTGGCCCATAGGTGACGT_013,53
TATGTGAAAAAAGGGTTGCA_001,17
TATGTGAAAAAAGGGTTGCA_002,140
TATGTGAAAAAAGGGTTGCA_003,89
TATGTGAAAAAAGGGTTGCA_004,50
TATGTGAAAAAAGGGTTGCA_005,27
TATGTGAAAAAAGGGTTGCA_006,124
GAACGAGCTAATGAAGCGGG_001,150
GAACGAGCTAATGAAGCGGG_002,183
GAACGAGCTAATGAAGCGGG_003,102
TCACCTTCAGATAATACATG_001,168
CAATTCTGAGTGCTATGTGT_001,158
CAATTCTGAGTGCTATGTGT_002,63
CAATTCTGAGTGCTATGTGT_003,104
CTGAACGTCATCAACGAGGG_001,20
CTGAACGTCATCAACGAGGG_002,199
CTGAACGTCATCAACGAGGG_003,57
CTGAACGTCATCAACGAGGG_004,15
CTGAACGTCATCAACGAGGG_005,84
CTGAACGTCATCAACGAGGG_006,72
CTGAACGTCATCAACGAGGG_007,56
CTGAACGTCATCAACGAGGG_008,188
CTGAACGTCATCAACGAGGG_009,63
CTGAACGTCATCAACGAGGG_010,20
CTGAACGTCATCAACGAGGG_011,81
CTGAACGTCATCAACGAGGG_012,170
CTGAACGTCATCAACGAGGG_013,127
CTGAACGTCATCAACGAGGG_014,153
CTGAACGTCATCAACGAGGG_015,100
CTGAACGTCATCAACGAGGG_016,119
CTGAACGTCATCAACGAGGG_017,0
CTGAACGTCATCAACGAGGG_018,160
CTGAACGTCATCAACGAGGG_019,199
CTGAACGTCATCAACGAGGG_020,33
CTGAACGTCATCAACGAGGG_021,25
GCTCGTCCCAGACACTCAGT_001,52
GCTCGTCCCAGACACTCAGT_002,167
GCTCGTCCCAGACACTCAGT_003,32
GCTCGTCCCAGACACTCAGT_004,83
GCTCGTCCCAGACACTCAGT_005,59
GCTCGTCCCAGACACTCAGT_006,99
GCTCGTCCCAGACACTCAGT_007,98
GCTCGTCCCAGACACTCAGT_008,83
GCTCGTCCCAGACACTCAGT_009,99
GCTCGTCCCAGACACTCAGT_010,160
GCTCGTCCCAGACACTCAGT_011,168
GCTCGTCCCAGACACTCAGT_012,40
GCTCGTCCCAGACACTCAGT_013,169
GCTCGTCCCAGACACTCAGT_014,127
GCTCGTCCCAGACACTCAGT_015,47
GCTCGTCCCAGACACTCAGT_016,88
GCTCGTCCCAGACACTCAGT_017,45
GCTCGTCCCAGACACTCAGT_018,41
GCTCGTCCCAGACACTCAGT_019,163
GCTCGTCCCAGACACTCAGT_020,102
GCTCGTCCCAGACACTCAGT_021,62
GCTCGTCCCAGACACTCAGT_022,144
GCTCGTCCCAGACACTCAGT_023,126
TGCAGCTACTGGACTCTACG_001,169
TGCAGCTACTGGACTCTACG_002,187
TGCAGCTACTGGACTCTACG_003,22
TGCAGCTACTGGACTCTACG_004,57
TGCAGCTACTGGACTCTACG_005,83
TGCAGCTACTGGACTCTACG_006,151
TGCAGCTACTGGACTCTACG_007,31
TGCAGCTACTGGACTCTACG_008,156
TGCAGCTACTGGACTCTACG_009,198
TGCAGCTACTGGACTCTACG_010,1
AAGGTCAGTTGCATTCAGGT_001,24
AAGGTCAGTTGCATTCAGGT_002,50
AAGGTCAGTTGCATTCAGGT_003,177
AAGGTCAGTTGCATTCAGGT_004,140
CTCTAGGAACCCTATCTCTG_001,177
CTCTAGGAACCCTATCTCTG_002,187
CAACAAGGTAGTCTTGTCTG_001,27
CAACAAGGTAGTCTTGTCTG_002,84
CAACAAGGTAGTCTTGTCTG_003,29
CAACAAGGTAGTCTTGTCTG_004,132
CAACAAGGTAGTCTTGTCTG_005,48
TGGTAATAGTCACTTCTCAG_001,70
CCCAGGAATACACGTCAGAG_001,49
CCCAGGAATACACGTCAGAG_002,65
ATAATTCCTAAGTCACTCTG_001,6
ATAATTCCTAAGTCACTCTG_002,6
ATAATTCCTAAGTCACTCTG_003,158
ATAATTCCTAAGTCACTCTG_004,2
ATAATTCCTAAGTCACTCTG_005,49
ATAATTCCTAAGTCACTCTG_006,51
ATAATTCCTAAGTCACTCTG_007,199
ATAATTCCTAAGTCACTCTG_008,185
ATAATTCCTAAGTCACTCTG_009,34
ATAATTCCTAAGTCACTCTG_010,105
ATAATTCCTAAGTCACTCTG_011,85
ATAATTCCTAAGTCACTCTG_012,194
ATAATTCCTAAGTCACTCTG_013,9
ATAATTCCTAAGTCACTCTG_014,121
ATAATTCCTAAGTCACTCTG_015,78
ATAATTCCTAAGTCACTCTG_016,165
ATAATTCCTAAGTCACTCTG_017,68
ATAATTCCTAAGTCACTCTG_018,60
ATAATTCCTAAGTCACTCTG_019,38
ATAATTCCTAAGTCACTCTG_020,198
ATAATTCCTAAGTCACTCTG_021,184
ATAATTCCTAAGTCACTCTG_022,144
ATAATTCCTAAGTCACTCTG_023,46
ATAATTCCTAAGTCACTCTG_024,158
TACCCCATCTGACTGGACCA_001,83
TACCCCATCTGACTGGACCA_002,148
TACCCCATCTGACTGGACCA_003,130
TACCCCATCTGACTGGACCA_004,133
TACCCCATCTGACTGGACCA_005,173
TACCCCATCTGACTGGACCA_006,94
TACCCCATCTGACTGGACCA_007,168
TACCCCATCTGACTGGACCA_008,23
TACCCCATCTGACTGGACCA_009,10
TACCCCATCTGACTGGACCA_010,54
TACCCCATCTGACTGGACCA_011,85
TACCCCATCTGACTGGACCA_012,199
TACCCCATCTGACTGGACCA_013,104
TACCCCATCTGACTGGACCA_014,98
TACCCCATCTGACTGGACCA_015,76
TACCCCATCTGACTGGACCA_016,105
CTTGATCCGCCACTATACGA_001,77
CTTGATCCGCCACTATACGA_002,142
CTTGATCCGCCACTATACGA_003,144
CTTGATCCGCCACTATACGA_004,70
CTTGATCCGCCACTATACGA_005,89
CTTGATCCGCCACTATACGA_006,181
CTTGATCCGCCACTATACGA_007,194
CTTGATCCGCCACTATACGA_008,171
CTTGATCCGCCACTATACGA_009,98
CTTGATCCGCCACTATACGA_010,130
CTTGATCCGCCACTATACGA_011,65
CTTGATCCGCCACTATACGA_012,23
CTTGATCCGCCACTATACGA_013,91
CTTGATCCGCCACTATACGA_014,105
CTTGATCCGCCACTATACGA_015,169
CTTGATCCGCCACTATACGA_016,64
CTTGATCCGCCACTATACGA_017,90
CTTGATCCGCCACTATACGA_018,10
CTTGATCCGCCACTATACGA_019,197
CTTGATCCGCCACTATACGA_020,180
CTTGATCCGCCACTATACGA_021,156
CTTGATCCGCCACTATACGA_022,4
CTTGATCCGCCACTATACGA_023,138
CTTGATCCGCCACTATACGA_024,19
CTTGATCCGCCACTATACGA_025,82
CTTGATCCGCCACTATACGA_026,180
CTTGATCCGCCACTATACGA_027,186
CTTGATCCGCCACTATACGA_028,40
CTTGATCCGCCACTATACGA_029,76
CTTGATCCGCCACTATACGA_030,178
CAGCCAAACCAATGCCAGCG_001,83
CAGCCAAACCAATGCCAGCG_002,132
CAGCCAAACCAATGCCAGCG_003,189
CAGCCAAACCAATGCCAGCG_004,130
CAGCCAAACCAATGCCAGCG_005,108
CAGCCAAACCAATGCCAGCG_006,61
CAGCCAAACCAATGCCAGCG_007,190
CAGCCAAACCAATGCCAGCG_008,61
CAGCCAAACCAATGCCAGCG_009,83
CAGCCAAACCAATGCCAGCG_010,140
CAGCCAAACCAATGCCAGCG_011,29
CAGCCAAACCAATGCCAGCG_012,53
CAGCCAAACCAATGCCAGCG_013,176
CAGCCAAACCAATGCCAGCG_014,72
CAGCCAAACCAATGCCAGCG_015,5
CAGCCAAACCAATGCCAGCG_016,43
CAGCCAAACCAATGCCAGCG_017,0
CAGCCAAACCAATGCCAGCG_018,78
CAGCCAAACCAATGCCAGCG_019,40
CAGCCAAACCAATGCCAGCG_020,175
CAGCCAAACCAATGCCAGCG_021,18
CAGCCAAACCAATGCCAGCG_022,174
AACAAGGAAAGCGAGTCCTG_001,183
AACAAGGAAAGCGAGTCCTG_002,118
AACAAGGAAAGCGAGTCCTG_003,131
AACAAGGAAAGCGAGTCCTG_004,15
AACAAGGAAAGCGAGTCCTG_005,7
AACAAGGAAAGCGAGTCCTG_006,158
AACAAGGAAAGCGAGTCCTG_007,104
AACAAGGAAAGCGAGTCCTG_008,198
AACAAGGAAAGCGAGTCCTG_009,6
AACAAGGAAAGCGAGTCCTG_010,111
AACAAGGAAAGCGAGTCCTG_011,152
AACAAGGAAAGCGAGTCCTG_012,138
AACAAGGAAAGCGAGTCCTG_013,170
AACAAGGAAAGCGAGTCCTG_014,3
AACAAGGAAAGCGAGTCCTG_015,164
AACAAGGAAAGCGAGTCCTG_016,134
AACAAGGAAAGCGAGTCCTG_017,39
CACAACATCTACCACCACTG_001,53
CACAACATCTACCACCACTG_002,118
CACAACATCTACCACCACTG_003,50
CACAACATCTACCACCACTG_004,28
CACAACATCTACCACCACTG_005,178
CACAACATCTACCACCACTG_006,78
CACAACATCTACCACCACTG_007,168
CACAACATCTACCACCACTG_008,168
CACAACATCTACCACCACTG_009,177
CACAACATCTACCACCACTG_010,88
CACAACATCTACCACCACTG_011,123
CACAACATCTACCACCACTG_012,45
CACAACATCTACCACCACTG_013,0
CACAACATCTACCACCACTG_014,39
CAGAGACCTATGCACTGGTG_001,113
CAGAGACCTATGCACTGGTG_002,118
CAGAGACCTATGCACTGGTG_003,80
CAGAGACCTATGCACTGGTG_004,172
CAGAGACCTATGCACTGGTG_005,155
CAGAGACCTATGCACTGGTG_006,174
CAGAGACCTATGCACTGGTG_007,0
CAGAGACCTATGCACTGGTG_008,16
CAGAGACCTATGCACTGGTG_009,10
CAGAGACCTATGCACTGGTG_010,19
GAGTCGCTATGAGACAAATG_001,47
GAGTCGCTATGAGACAAATG_002,119
GAGTCGCTATGAGACAAATG_003,170
GAGTCGCTATGAGACAAATG_004,119
GAGTCGCTATGAGACAAATG_005,112
GAGTCGCTATGAGACAAATG_006,53
GAGTCGCTATGAGACAAATG_007,171
GAGTCGCTATGAGACAAATG_008,88
GAGTCGCTATGAGACAAATG_009,40
GAGTCGCTATGAGACAAATG_010,12
GAGTCGCTATGAGACAAATG_011,33
GAGTCGCTATGAGACAAATG_012,81
GAGTCGCTATGAGACAAATG_013,147
GAGTCGCTATGAGACAAATG_014,165
GTTCCGGAAGCCCTTAAGCA_001,169
GTTCCGGAAGCCCTTAAGCA_002,114
GTTCCGGAAGCCCTTAAGCA_003,114
GTTCCGGAAGCCCTTAAGCA_004,14
GTTCCGGAAGCCCTTAAGCA_005,167
GTTCCGGAAGCCCTTAAGCA_006,16
GTTCCGGAAGCCCTTAAGCA_007,16
GTTCCGGAAGCCCTTAAGCA_008,15
GTTCCGGAAGCCCTTAAGCA_009,142
GTTCCGGAAGCCCTTAAGCA_010,52
GCCAAGTCGGCAGTTTGTAA_001,17
GCCAAGTCGGCAGTTTGTAA_002,144
GCCAAGTCGGCAGTTTGTAA_003,70
GCCAAGTCGGCAGTTTGTAA_004,77
GCCAAGTCGGCAGTTTGTAA_005,127
GCCAAGTCGGCAGTTTGTAA_006,33
GCCAAGTCGGCAGTTTGTAA_007,30
GCCAAGTCGGCAGTTTGTAA_008,63
GCCAAGTCGGCAGTTTGTAA_009,76
GCCAAGTCGGCAGTTTGTAA_010,15
GCCAAGTCGGCAGTTTGTAA_011,126
GCCAAGTCGGCAGTTTGTAA_012,34
GCCAAGTCGGCAGTTTGTAA_013,70
GCCAAGTCGGCAGTTTGTAA_014,151
GCCAAGTCGGCAGTTTGTAA_015,136
GCCAAGTCGGCAGTTTGTAA_016,2
GCCAAGTCGGCAGTTTGTAA_017,63
GCCAAGTCGGCAGTTTGTAA_018,0
ACAGCAGGACTGTTGACACG_001,123
ACAGCAGGACTGTTGACACG_002,174
ACAGCAGGACTGTTGACACG_003,156
ACAGCAGGACTGTTGACACG_004,25
ACAGCAGGACTGTTGACACG_005,25
AGGACACGCTCTCTCCTACG_001,54
AGGACACGCTCTCTCCTACG_002,115
AGGACACGCTCTCTCCTACG_003,158
AGGACACGCTCTCTCCTACG_004,99
AGGACACGCTCTCTCCTACG_005,68
CCTTAGCTAGACTGAACCTG_001,8
CCTTAGCTAGACTGAACCTG_002,171
CCTTAGCTAGACTGAACCTG_003,53
CCTTAGCTAGACTGAACCTG_004,183
CCTTAGCTAGACTGAACCTG_005,21
CCTTAGCTAGACTGAACCTG_006,161
CCTTAGCTAGACTGAACCTG_007,191
CCTTAGCTAGACTGAACCTG_008,115
CCTTAGCTAGACTGAACCTG_009,56
CCTTAGCTAGACTGAACCTG_010,147
CCTTAGCTAGACTGAACCTG_011,36
CCTTAGCTAGACTGAACCTG_012,9
CCTTAGCTAGACTGAACCTG_013,147
CCTTAGCTAGACTGAACCTG_014,1
CCTTAGCTAGACTGAACCTG_015,198
CCTTAGCTAGACTGAACCTG_016,170
CCTTAGCTAGACTGAACCTG_017,186
CCTTAGCTAGACTGAACCTG_018,102
CCTTAGCTAGACTGAACCTG_019,11
CCTTAGCTAGACTGAACCTG_020,174
CCTTAGCTAGACTGAACCTG_021,107
CCTTAGCTAGACTGAACCTG_022,74
GTGAGGCAGGCAGAAATGGT_001,102
GTGAGGCAGGCAGAAATGGT_002,177
GTGAGGCAGGCAGAAATGGT_003,5
GTGAGGCAGGCAGAAATGGT_004,147
GTGAGGCAGGCAGAAATGGT_005,56
GTGAGGCAGGCAGAAATGGT_006,132
GTGAGGCAGGCAGAAATGGT_007,139
GTGAGGCAGGCAGAAATGGT_008,94
GTGAGGCAGGCAGAAATGGT_009,2
GTGAGGCAGGCAGAAATGGT_010,177
GTGAGGCAGGCAGAAATGGT_011,141
GTGAGGCAGGCAGAAATGGT_012,158
GTGAGGCAGGCAGAAATGGT_013,43
GTGAGGCAGGCAGAAATGGT_014,63
GTGAGGCAGGCAGAAATGGT_015,59
GTGAGGCAGGCAGAAATGGT_016,78
GTGAGGCAGGCAGAAATGGT_017,184
GTGAGGCAGGCAGAAATGGT_018,191
GTGAGGCAGGCAGAAATGGT_019,62
GTGAGGCAGGCAGAAATGGT_020,198
GTGAGGCAGGCAGAAATGGT_021,0
GTGAGGCAGGCAGAAATGGT_022,72
GTGAGGCAGGCAGAAATGGT_023,65
CAAACCAGGTACCTCCACGG_001,97
CAAACCAGGTACCTCCACGG_002,127
CAAACCAGGTACCTCCACGG_003,2
CAAACCAGGTACCTCCACGG_004,182
CAAACCAGGTACCTCCACGG_005,162
CAAACCAGGTACCTCCACGG_006,62
CAAACCAGGTACCTCCACGG_007,160
CAAACCAGGTACCTCCACGG_008,95
CAAACCAGGTACCTCCACGG_009,98
CAAACCAGGTACCTCCACGG_010,144
CAAACCAGGTACCTCCACGG_011,23
CAAACCAGGTACCTCCACGG_012,16
CAAACCAGGTACCTCCACGG_013,28
CAAACCAGGTACCTCCACGG_014,2
CAAACCAGGTACCTCCACGG_015,1
CAAACCAGGTACCTCCACGG_016,9
CAAACCAGGTACCTCCACGG_017,172
CAAACCAGGTACCTCCACGG_018,145
CAAACCAGGTACCTCCACGG_019,63
CAAACCAGGTACCTCCACGG_020,130
TTACTTTACTGACAACAAAG_001,9
TTACTTTACTGACAACAAAG_002,149
TTACTTTACTGACAACAAAG_003,58
GTGAGGAAAAAAGGCATGAG_001,159
GTGAGGAAAAAAGGCATGAG_002,88
GTGAGGAAAAAAGGCATGAG_003,49
GTGAGGAAAAAAGGCATGAG_004,29
GTGAGGAAAAAAGGCATGAG_005,192
GTGAGGAAAAAAGGCATGAG_006,169
GTGAGGAAAAAAGGCATGAG_007,166
GTGAGGAAAAAAGGCATGAG_008,69
GTGAGGAAAAAAGGCATGAG_009,88
GTGAGGAAAAAAGGCATGAG_010,26
GTGAGGAAAAAAGGCATGAG_011,194
GTGAGGAAAAAAGGCATGAG_012,16
GTGAGGAAAAAAGGCATGAG_013,141
GTGAGGAAAAAAGGCATGAG_014,192
GTGAGGAAAAAAGGCATGAG_015,190
GTGAGGAAAAAAGGCATGAG_016,82
GTCCTCACTGGCTCCCTCGG_001,68
GTCCTCACTGGCTCCCTCGG_002,81
GTCCTCACTGGCTCCCTCGG_003,117
GTCCTCACTGGCTCCCTCGG_004,73
GTCCTCACTGGCTCCCTCGG_005,39
GTCCTCACTGGCTCCCTCGG_006,12
GTCCTCACTGGCTCCCTCGG_007,10
GCCTCAACATGGCTGTGAAG_001,120
GCCTCAACATGGCTGTGAAG_002,127
GCCTCAACATGGCTGTGAAG_003,16
GCCTCAACATGGCTGTGAAG_004,127
GCCTCAACATGGCTGTGAAG_005,111
GCCTCAACATGGCTGTGAAG_006,148
GCCTCAACATGGCTGTGAAG_007,9
GCCTCAACATGGCTGTGAAG_008,153
GCCTCAACATGGCTGTGAAG_009,108
GCCTCAACATGGCTGTGAAG_010,199
GCCTCAACATGGCTGTGAAG_011,46
GGGAGGCGGCACCCCCACTG_001,108
GGGAGGCGGCACCCCCACTG_002,107
GGGAGGCGGCACCCCCACTG_003,94
GGGAGGCGGCACCCCCACTG_004,145
GGGAGGCGGCACCCCCACTG_005,186
GGGAGGCGGCACCCCCACTG_006,121
GGGAGGCGGCACCCCCACTG_007,66
GGGAGGCGGCACCCCCACTG_008,28
GGGAGGCGGCACCCCCACTG_009,92
GGGAGGCGGCACCCCCACTG_010,9
GGGAGGCGGCACCCCCACTG_011,38
CATTAAGTGCCCCTACCAGT_001,4
CATTAAGTGCCCCTACCAGT_002,105
CATTAAGTGCCCCTACCAGT_003,86
CATTAAGTGCCCCTACCAGT_004,36
CATTAAGTGCCCCTACCAGT_005,47
GTAGATATGTTTAAGTTCCG_001,45
GTAGATATGTTTAAGTTCCG_002,130
GTAGATATGTTTAAGTTCCG_003,140
GTAGATATGTTTAAGTTCCG_004,4
GTAGATATGTTTAAGTTCCG_005,131
GTTACTAAAACCAGTAACCC_001,138
GTTACTAAAACCAGTAACCC_002,160
GTTACTAAAACCAGTAACCC_003,127
GTTACTAAAACCAGTAACCC_004,48
CTTGCTCATTATAAGTTCCA_001,68
CTTGCTCATTATAAGTTCCA_002,13
CTTGCTCATTATAAGTTCCA_003,61
CTTGCTCATTATAAGTTCCA_004,197
CTTGCTCATTATAAGTTCCA_005,141
CTTGCTCATTATAAGTTCCA_006,177
CTTGCTCATTATAAGTTCCA_007,52
CTTGCTCATTATAAGTTCCA_008,41
TGCGTATTATGACCCGACTG_001,159
TGCGTATTATGACCCGACTG_002,146
TGCGTATTATGACCCGACTG_003,153
TGCGTATTATGACCCGACTG_004,68
TTTGGAACTAAAACCATGTG_001,162
TTTGGAACTAAAACCATGTG_002,153
TTTGGAACTAAAACCATGTG_003,134
TTTGGAACTAAAACCATGTG_004,49
TTTGGAACTAAAACCATGTG_005,129
TTTGGAACTAAAACCATGTG_006,72
TTTGGAACTAAAACCATGTG_007,33
TTTGGAACTAAAACCATGTG_008,138
TGCCGTTAGCATGCGATCCC_001,7
TGCCGTTAGCATGCGATCCC_002,97
TGCCGTTAGCATGCGATCCC_003,49
GTTGTGAAAACCATACAGAG_001,134
GTTGTGAAAACCATACAGAG_002,98
GTTGTGAAAACCATACAGAG_003,98
GTTGTGAAAACCATACAGAG_004,109
GTTGTGAAAACCATACAGAG_005,135
GTTGTGAAAACCATACAGAG_006,137
CAGTAACCCTCATCCGAGGA_001,17
CAGTAACCCTCATCCGAGGA_002,150
TTACTTACATTACTACCAGG_001,126
TTACTTACATTACTACCAGG_002,1
CACAGTAAACTTGGTTGGAT_001,175
CACAGTAAACTTGGTTGGAT_002,199
CACAGTAAACTTGGTTGGAT_003,105
CACAGTAAACTTGGTTGGAT_004,110
CACAGTAAACTTGGTTGGAT_005,190
CACAGTAAACTTGGTTGGAT_006,75
CACAGTAAACTTGGTTGGAT_007,76
CACAGTAAACTTGGTTGGAT_008,171
CACAGTAAACTTGGTTGGAT_009,53
CACAGTAAACTTGGTTGGAT_010,9
CACAGTAAACTTGGTTGGAT_011,64
CACAGTAAACTTGGTTGGAT_012,138
CACAGTAAACTTGGTTGGAT_013,56
CACAGTAAACTTGGTTGGAT_014,147
CACAGTAAACTTGGTTGGAT_015,8
CACAGTAAACTTGGTTGGAT_016,49
CACAGTAAACTTGGTTGGAT_017,44
GCCATCCATAAATTCCCACT_001,107
GCCATCCATAAATTCCCACT_002,62
GCCATCCATAAATTCCCACT_003,172
GCCATCCATAAATTCCCACT_004,115
GCCATCCATAAATTCCCACT_005,2
GCCATCCATAAATTCCCACT_006,184
GCCATCCATAAATTCCCACT_007,118
GCCATCCATAAATTCCCACT_008,158
GCCATCCATAAATTCCCACT_009,162
GCCATCCATAAATTCCCACT_010,29
GCCATCCATAAATTCCCACT_011,26
GCCATCCATAAATTCCCACT_012,50
GCCATCCATAAATTCCCACT_013,199
GCCATCCATAAATTCCCACT_014,53
GCCATCCATAAATTCCCACT_015,38
GCCATCCATAAATTCCCACT_016,168
GCCATCCATAAATTCCCACT_017,1
GGCACCGGCTGAGCCACTCG_001,96
GGCACCGGCTGAGCCACTCG_002,62
GGCACCGGCTGAGCCACTCG_003,128
GGCACCGGCTGAGCCACTCG_004,144
GGCACCGGCTGAGCCACTCG_005,59
GGCACCGGCTGAGCCACTCG_006,122
GGCACCGGCTGAGCCACTCG_007,197
GGCACCGGCTGAGCCACTCG_008,98
GGCACCGGCTGAGCCACTCG_009,78
GGCACCGGCTGAGCCACTCG_010,145
GGCACCGGCTGAGCCACTCG_011,183
GGCACCGGCTGAGCCACTCG_012,33
GGCACCGGCTGAGCCACTCG_013,133
GGCACCGGCTGAGCCACTCG_014,173
GGCACCGGCTGAGCCACTCG_015,49
GGCACCGGCTGAGCCACTCG_016,199
GGCACCGGCTGAGCCACTCG_017,17
GGCACCGGCTGAGCCACTCG_018,76
GGCACCGGCTGAGCCACTCG_019,17
GGGACGGAGTCCTCATAGTG_001,129
GGGACGGAGTCCTCATAGTG_002,147
TGCGTGTTCCACGGACATGG_001,133
TGCGTGTTCCACGGACATGG_002,174
TGCGTGTTCCACGGACATGG_003,178
TGCGTGTTCCACGGACATGG_004,174
TGCGTGTTCCACGGACATGG_005,32
TGCGTGTTCCACGGACATGG_006,194
GCCTTAAAGACGTAGCACCA_001,143
GCCTTAAAGACGTAGCACCA_002,112
GCCTTAAAGACGTAGCACCA_003,50
GCCTTAAAGACGTAGCACCA_004,1
GCCTTAAAGACGTAGCACCA_005,15
GCCTTAAAGACGTAGCACCA_006,149
GCCTTAAAGACGTAGCACCA_007,19
GCCTTAAAGACGTAGCACCA_008,153
GCCTTAAAGACGTAGCACCA_009,94
GCCTTAAAGACGTAGCACCA_010,43
GCCTTAAAGACGTAGCACCA_011,34
TATTATGAGGGTGACTGGTG_001,77
TATTATGAGGGTGACTGGTG_002,87
TATTATGAGGGTGACTGGTG_003,166
TATTATGAGGGTGACTGGTG_004,159
TTTGCCGTCGAGTAGCGTGA_001,174
TTTGCCGTCGAGTAGCGTGA_002,117
TTTGCCGTCGAGTAGCGTGA_003,174
TTTGCCGTCGAGTAGCGTGA_004,134
TTTGCCGTCGAGTAGCGTGA_005,107
TTTGCCGTCGAGTAGCGTGA_006,51
TTTGCCGTCGAGTAGCGTGA_007,116
TTTGCCGTCGAGTAGCGTGA_008,46
TTTGCCGTCGAGTAGCGTGA_009,24
TTTGCCGTCGAGTAGCGTGA_010,119
TTTGCCGTCGAGTAGCGTGA_011,87
TTTGCCGTCGAGTAGCGTGA_012,91
TTTGCCGTCGAGTAGCGTGA_013,98
TTTGCCGTCGAGTAGCGTGA_014,146
TTTGCCGTCGAGTAGCGTGA_015,160
TTTGCCGTCGAGTAGCGTGA_016,60
TTTGCCGTCGAGTAGCGTGA_017,81
TTTGCCGTCGAGTAGCGTGA_018,94
TTTGCCGTCGAGTAGCGTGA_019,117
TTTGCCGTCGAGTAGCGTGA_020,8
TTTGCCGTCGAGTAGCGTGA_021,199
TTTGCCGTCGAGTAGCGTGA_022,17
TTTGCCGTCGAGTAGCGTGA_023,180
TTTGCCGTCGAGTAGCGTGA_024,152
TTTGCCGTCGAGTAGCGTGA_025,77
TTTGCCGTCGAGTAGCGTGA_026,168
TTTGCCGTCGAGTAGCGTGA_027,168
TGTCGCCTGCATGAATCCGA_001,112
TGTCGCCTGCATGAATCCGA_002,41
TGTCGCCTGCATGAATCCGA_003,11
TGTCGCCTGCATGAATCCGA_004,155
TGTCGCCTGCATGAATCCGA_005,14
TGTCGCCTGCATGAATCCGA_006,58
TGTCGCCTGCATGAATCCGA_007,20
TGTCGCCTGCATGAATCCGA_008,176
TGTCGCCTGCATGAATCCGA_009,34
TGTCGCCTGCATGAATCCGA_010,26
TGTCGCCTGCATGAATCCGA_011,29
TGTCGCCTGCATGAATCCGA_012,101
TGTCGCCTGCATGAATCCGA_013,82
AAAAGATTGAATGTAACAAG_001,98
AAAAGATTGAATGTAACAAG_002,93
AAAAGATTGAATGTAACAAG_003,50
AAAAGATTGAATGTAACAAG_004,185
CCACCTACCAAGATTTGCGT_001,174
CCACCTACCAAGATTTGCGT_002,29
CCACCTACCAAGATTTGCGT_003,75
CCACCTACCAAGATTTGCGT_004,11
CCACCTACCAAGATTTGCGT_005,134
CCACCTACCAAGATTTGCGT_006,50
CCACCTACCAAGATTTGCGT_007,112
CCACCTACCAAGATTTGCGT_008,168
CCACCTACCAAGATTTGCGT_009,35
CCACCTACCAAGATTTGCGT_010,76
CCACCTACCAAGATTTGCGT_011,158
CTCATGTGCCAAGAAAGTGG_001,15
CTCATGTGCCAAGAAAGTGG_002,50
CCGTTGATCCCCAGGCGTGC_001,2
CCGTTGATCCCCAGGCGTGC_002,1
CCGTTGATCCCCAGGCGTGC_003,60
CCGTTGATCCCCAGGCGTGC_004,139
CCGTTGATCCCCAGGCGTGC_005,151
CCGTTGATCCCCAGGCGTGC_006,119
CCGTTGATCCCCAGGCGTGC_007,124
CCGTTGATCCCCAGGCGTGC_008,28
CCGTTGATCCCCAGGCGTGC_009,9
CCGTTGATCCCCAGGCGTGC_010,110
CCGTTGATCCCCAGGCGTGC_011,156
CCGTTGATCCCCAGGCGTGC_012,133
CCGTTGATCCCCAGGCGTGC_013,108
CCGTTGATCCCCAGGCGTGC_014,96
CCGTTGATCCCCAGGCGTGC_015,8
CCGTTGATCCCCAGGCGTGC_016,162
CCGTTGATCCCCAGGCGTGC_017,154
CCGTTGATCCCCAGGCGTGC_018,123
CCGTTGATCCCCAGGCGTGC_019,74
CCGTTGATCCCCAGGCGTGC_020,94
CCGTTGATCCCCAGGCGTGC_021,165
CCGTTGATCCCCAGGCGTGC_022,14
CCGTTGATCCCCAGGCGTGC_023,136
CCGTTGATCCCCAGGCGTGC_024,173
CCGTTGATCCCCAGGCGTGC_025,118
CCGTTGATCCCCAGGCGTGC_026,97
CCGTTGATCCCCAGGCGTGC_027,124
CCGTTGATCCCCAGGCGTGC_028,39
CCGTTGATCCCCAGGCGTGC_029,52
CCGTTGATCCCCAGGCGTGC_030,126
CCGTTGATCCCCAGGCGTGC_031,20
CGTGAATAAGCTTCCCCAGG_001,10
CGTGAATAAGCTTCCCCAGG_002,134
ACTGCCCAATATGGTAACCA_001,180
AGAAGTCCTGCATTTGGATG_001,102
AGAAGTCCTGCATTTGGATG_002,118
AGAAGTCCTGCATTTGGATG_003,121
AGAAGTCCTGCATTTGGATG_004,62
AGAAGTCCTGCATTTGGATG_005,45
AGAAGTCCTGCATTTGGATG_006,30
AGAAGTCCTGCATTTGGATG_007,147
AGAAGTCCTGCATTTGGATG_008,1
AGAAGTCCTGCATTTGGATG_009,26
AGAAGTCCTGCATTTGGATG_010,96
AGAAGTCCTGCATTTGGATG_011,24
AGAAGTCCTGCATTTGGATG_012,1
AGAAGTCCTGCATTTGGATG_013,18
AGAAGTCCTGCATTTGGATG_014,115
AGAAGTCCTGCATTTGGATG_015,48
AGAAGTCCTGCATTTGGATG_016,19
AGAAGTCCTGCATTTGGATG_017,43
AGAAGTCCTGCATTTGGATG_018,198
AGAAGTCCTGCATTTGGATG_019,63
AGAAGTCCTGCATTTGGATG_020,63
AGAAGTCCTGCATTTGGATG_021,35
AGAAGTCCTGCATTTGGATG_022,142
GGAGACTTCTGCATACAAGT_001,157
GGAGGTAACACAGTCTGGGA_001,184
GGAGGTAACACAGTCTGGGA_002,41
GGAGGTAACACAGTCTGGGA_003,133
GGAGGTAACACAGTCTGGGA_004,9
GGAGGTAACACAGTCTGGGA_005,78
GCATGCAAGCAGCTTAGAGG_001,12
GCATGCAAGCAGCTTAGAGG_002,48
GCATGCAAGCAGCTTAGAGG_003,60
GCATGCAAGCAGCTTAGAGG_004,176
GCATGCAAGCAGCTTAGAGG_005,15
GCATGCAAGCAGCTTAGAGG_006,144
GCATGCAAGCAGCTTAGAGG_007,172
GCATGCAAGCAGCTTAGAGG_008,199
GCATGCAAGCAGCTTAGAGG_009,19
GCATGCAAGCAGCTTAGAGG_010,143
GCATGCAAGCAGCTTAGAGG_011,143
GCATGCAAGCAGCTTAGAGG_012,115
GCATGCAAGCAGCTTAGAGG_013,181
GCATGCAAGCAGCTTAGAGG_014,42
GCATGCAAGCAGCTTAGAGG_015,198
GCATGCAAGCAGCTTAGAGG_016,94
GCATGCAAGCAGCTTAGAGG_017,104
GCATGCAAGCAGCTTAGAGG_018,156
GCATGCAAGCAGCTTAGAGG_019,96
GCATGCAAGCAGCTTAGAGG_020,185
GCATGCAAGCAGCTTAGAGG_021,65
GCATGCAAGCAGCTTAGAGG_022,179
GCATGCAAGCAGCTTAGAGG_023,103
GCATGCAAGCAGCTTAGAGG_024,150
GCATGCAAGCAGCTTAGAGG_025,48
GCATGCAAGCAGCTTAGAGG_026,115
GCATGCAAGCAGCTTAGAGG_027,45
GCATGCAAGCAGCTTAGAGG_028,2
GCATGCAAGCAGCTTAGAGG_029,130
GCATGCAAGCAGCTTAGAGG_030,157
GCATGCAAGCAGCTTAGAGG_031,188
GCATGCAAGCAGCTTAGAGG_032,15
GCATGCAAGCAGCTTAGAGG_033,93
GCATGCAAGCAGCTTAGAGG_034,50
GCATGCAAGCAGCTTAGAGG_035,58
GCATGCAAGCAGCTTAGAGG_036,39
GCATGCAAGCAGCTTAGAGG_037,183
GCATGCAAGCAGCTTAGAGG_038,4
GCATGCAAGCAGCTTAGAGG_039,23
GCATGCAAGCAGCTTAGAGG_040,34
CGAGTTCAAGCTCACGGACC_001,107
CGAGTTCAAGCTCACGGACC_002,39
CGAGTTCAAGCTCACGGACC_003,183
CGAGTTCAAGCTCACGGACC_004,185
CGAGTTCAAGCTCACGGACC_005,185
CGAGTTCAAGCTCACGGACC_006,132
CGAGTTCAAGCTCACGGACC_007,51
CTCCCTGTACATCGTCCTCG_001,118
CTCCCTGTACATCGTCCTCG_002,169
CTCCCTGTACATCGTCCTCG_003,68
CTCCCTGTACATCGTCCTCG_004,56
CTCCCTGTACATCGTCCTCG_005,158
CTCCCTGTACATCGTCCTCG_006,120
CTCCCTGTACATCGTCCTCG_007,118
GCGACCGCCGCAGGTTTGGG_001,172
GCGACCGCCGCAGGTTTGGG_002,119
GCGACCGCCGCAGGTTTGGG_003,38
GCGACCGCCGCAGGTTTGGG_004,12
GCGACCGCCGCAGGTTTGGG_005,158
GCGACCGCCGCAGGTTTGGG_006,57
GCGACCGCCGCAGGTTTGGG_007,95
GCGACCGCCGCAGGTTTGGG_008,130
GCGACCGCCGCAGGTTTGGG_009,162
GCGACCGCCGCAGGTTTGGG_010,9
GTCTGAGTATTTCCCCACAG_001,68
GTCTGAGTATTTCCCCACAG_002,182
GTCTGAGTATTTCCCCACAG_003,105
GGCAGATGTAGCACTACTGG_001,70
GGCAGATGTAGCACTACTGG_002,48
GGCAGATGTAGCACTACTGG_003,57
GGCAGATGTAGCACTACTGG_004,35
CTGCTAAAGTGAGAGTGACC_001,12
CTGCTAAAGTGAGAGTGACC_002,112
CTGCTAAAGTGAGAGTGACC_003,41
CTGCTAAAGTGAGAGTGACC_004,123
CTGCTAAAGTGAGAGTGACC_005,40
CTGCTAAAGTGAGAGTGACC_006,175
CTGCTAAAGTGAGAGTGACC_007,119
AGGACATGAGCCGATCACTG_001,15
AGGACATGAGCCGATCACTG_002,82
AGGACATGAGCCGATCACTG_003,169
AGGACATGAGCCGATCACTG_004,77
AGGACATGAGCCGATCACTG_005,116
AGGACATGAGCCGATCACTG_006,89
AGGACATGAGCCGATCACTG_007,188
AGGACATGAGCCGATCACTG_008,95
AGGACATGAGCCGATCACTG_009,81
AGGACATGAGCCGATCACTG_010,37
AGGACATGAGCCGATCACTG_011,125
AGGACATGAGCCGATCACTG_012,58
AGGACATGAGCCGATCACTG_013,177
AGGACATGAGCCGATCACTG_014,64
AGGACATGAGCCGATCACTG_015,75
AGGACATGAGCCGATCACTG_016,105
AGGACATGAGCCGATCACTG_017,19
AGGACATGAGCCGATCACTG_018,158
AGGACATGAGCCGATCACTG_019,116
AGGACATGAGCCGATCACTG_020,60
AGGACATGAGCCGATCACTG_021,136
AGGACATGAGCCGATCACTG_022,61
AGTGCCGGAAGAAGTCTGCT_001,141
AGTGCCGGAAGAAGTCTGCT_002,54
AGTGCCGGAAGAAGTCTGCT_003,77
AGTGCCGGAAGAAGTCTGCT_004,174
AGTGCCGGAAGAAGTCTGCT_005,89
AGTGCCGGAAGAAGTCTGCT_006,61
AGTGCCGGAAGAAGTCTGCT_007,121
AGTGCCGGAAGAAGTCTGCT_008,40
AGTGCCGGAAGAAGTCTGCT_009,17
AGTGCCGGAAGAAGTCTGCT_010,83
AGTGCCGGAAGAAGTCTGCT_011,184
AGTGCCGGAAGAAGTCTGCT_012,41
AGTGCCGGAAGAAGTCTGCT_013,78
AGTGCCGGAAGAAGTCTGCT_014,49
AGTGCCGGAAGAAGTCTGCT_015,92
AGTGCCGGAAGAAGTCTGCT_016,121
AGTGCCGGAAGAAGTCTGCT_017,58
AGTGCCGGAAGAAGTCTGCT_018,199
AGTGCCGGAAGAAGTCTGCT_019,176
AGTGCCGGAAGAAGTCTGCT_020,57
AGGACACAGGATACGCAGCT_001,172
AGGACACAGGATACGCAGCT_002,78
AGGACACAGGATACGCAGCT_003,69
AGGACACAGGATACGCAGCT_004,41
AGGACACAGGATACGCAGCT_005,190
AGGACACAGGATACGCAGCT_006,160
AGGACACAGGATACGCAGCT_007,56
AGGACACAGGATACGCAGCT_008,61
AGGACACAGGATACGCAGCT_009,30
AGGACACAGGATACGCAGCT_010,17
AGGACACAGGATACGCAGCT_011,53
AGGACACAGGATACGCAGCT_012,157
AGGACACAGGATACGCAGCT_013,97
AGGACACAGGATACGCAGCT_014,179
AGGACACAGGATACGCAGCT_015,157
GCAGCCGTACATGCTCTGGA_001,49
ACAGTCCACCCAGCACATGG_001,149
ACAGTCCACCCAGCACATGG_002,188
ACAGTCCACCCAGCACATGG_003,113
ACAGTCCACCCAGCACATGG_004,19
ACAGTCCACCCAGCACATGG_005,5
ACAGTCCACCCAGCACATGG_006,146
ACAGTCCACCCAGCACATGG_007,16
ACAGTCCACCCAGCACATGG_008,27
ACAGTCCACCCAGCACATGG_009,175
ACAGTCCACCCAGCACATGG_010,34
ACAGTCCACCCAGCACATGG_011,145
ACAGTCCACCCAGCACATGG_012,147
ACAGTCCACCCAGCACATGG_013,126
ACAGTCCACCCAGCACATGG_014,83
CATGAAGTTCTTAGCAGTCC_001,76
CATGAAGTTCTTAGCAGTCC_002,159
AATTTAAGAACAGATGAACA_001,127
AATTTAAGAACAGATGAACA_002,47
CCACCCTTACAGGCATCGCA_001,4
CCACCCTTACAGGCATCGCA_002,158
CCACCCTTACAGGCATCGCA_003,119
CCACCCTTACAGGCATCGCA_004,91
CCACCCTTACAGGCATCGCA_005,104
AGACAGATGCACTATTAAGA_001,98
AGACAGATGCACTATTAAGA_002,68
AGACAGATGCACTATTAAGA_003,188
AGACAGATGCACTATTAAGA_004,17
AGACAGATGCACTATTAAGA_005,10
AGACAGATGCACTATTAAGA_006,75
AGACAGATGCACTATTAAGA_007,15
CATACACGTGTGTACAGCCA_001,147
CATACACGTGTGTACAGCCA_002,49
CATACACGTGTGTACAGCCA_003,82
CATACACGTGTGTACAGCCA_004,169
CATACACGTGTGTACAGCCA_005,199
CATACACGTGTGTACAGCCA_006,19
CATACACGTGTGTACAGCCA_007,66
CATACACGTGTGTACAGCCA_008,33
CCCGGACGTCAAAGCTGGAT_001,76
CCCGGACGTCAAAGCTGGAT_002,99
CCCGGACGTCAAAGCTGGAT_003,35
CCCGGACGTCAAAGCTGGAT_004,113
CCCGGACGTCAAAGCTGGAT_005,38
CCCGGACGTCAAAGCTGGAT_006,27
CCCGGACGTCAAAGCTGGAT_007,95
CCCGGACGTCAAAGCTGGAT_008,181
CCCGGACGTCAAAGCTGGAT_009,74
CCCGGACGTCAAAGCTGGAT_010,102
CCCGGACGTCAAAGCTGGAT_011,140
CCCGGACGTCAAAGCTGGAT_012,67
CCCGGACGTCAAAGCTGGAT_013,198
CCCGGACGTCAAAGCTGGAT_014,125
CCCGGACGTCAAAGCTGGAT_015,61
CCCGGACGTCAAAGCTGGAT_016,199
CCCGGACGTCAAAGCTGGAT_017,113
CCCGGACGTCAAAGCTGGAT_018,140
CCCGGACGTCAAAGCTGGAT_019,133
CCCGGACGTCAAAGCTGGAT_020,77
CCCGGACGTCAAAGCTGGAT_021,150
CCCGGACGTCAAAGCTGGAT_022,1
CAGAGCTCTTGGATGACTAG_001,81
CAGAGCTCTTGGATGACTAG_002,107
CAGAGCTCTTGGATGACTAG_003,47
CAGAGCTCTTGGATGACTAG_004,188
CAGAGCTCTTGGATGACTAG_005,16
CCAACGAGAAGCCGTTCACG_001,134
CCAACGAGAAGCCGTTCACG_002,188
CCAACGAGAAGCCGTTCACG_003,17
CCAACGAGAAGCCGTTCACG_004,77
CCAACGAGAAGCCGTTCACG_005,115
CCAACGAGAAGCCGTTCACG_006,143
CCAACGAGAAGCCGTTCACG_007,100
CCAACGAGAAGCCGTTCACG_008,138
CCAACGAGAAGCCGTTCACG_009,80
CCAACGAGAAGCCGTTCACG_010,149
CCAACGAGAAGCCGTTCACG_011,169
CCAACGAGAAGCCGTTCACG_012,52
CCGTTTGAGTGTGACACCTG_001,9
CCGTTTGAGTGTGACACCTG_002,147
CCGTTTGAGTGTGACACCTG_003,169
CCGTTTGAGTGTGACACCTG_004,7
CCGTTTGAGTGTGACACCTG_005,50
CCGTTTGAGTGTGACACCTG_006,150
CCGTTTGAGTGTGACACCTG_007,80
CCGTTTGAGTGTGACACCTG_008,155
CCGTTTGAGTGTGACACCTG_009,69
CCGTTTGAGTGTGACACCTG_010,69
CCGTTTGAGTGTGACACCTG_011,39
CCGTTTGAGTGTGACACCTG_012,56
CCGTTTGAGTGTGACACCTG_013,7
CGGTGTGCCCCCAAATATTG_001,94
CGGTGTGCCCCCAAATATTG_002,35
CGGTGTGCCCCCAAATATTG_003,17
CGGTGTGCCCCCAAATATTG_004,181
CGGTGTGCCCCCAAATATTG_005,20
CGGTGTGCCCCCAAATATTG_006,41
CGGTGTGCCCCCAAATATTG_007,174
CGGTGTGCCCCCAAATATTG_008,183
CGGTGTGCCCCCAAATATTG_009,33
CGGTGTGCCCCCAAATATTG_010,8
ACTCCGTCATGTAGAGCACA_001,59
ACTCCGTCATGTAGAGCACA_002,130
ACTCCGTCATGTAGAGCACA_003,54
ACTCCGTCATGTAGAGCACA_004,48
ACTCCGTCATGTAGAGCACA_005,84
ACTCCGTCATGTAGAGCACA_006,122
ACTCCGTCATGTAGAGCACA_007,31
ACTGGTCGAGGGTGACCCGG_001,48
ACTGGTCGAGGGTGACCCGG_002,154
ACTGGTCGAGGGTGACCCGG_003,24
ACTGGTCGAGGGTGACCCGG_004,134
ACTGGTCGAGGGTGACCCGG_005,34
ACTGGTCGAGGGTGACCCGG_006,92
ACTGGTCGAGGGTGACCCGG_007,183
ACTGGTCGAGGGTGACCCGG_008,144
ACTGGTCGAGGGTGACCCGG_009,118
ACTGGTCGAGGGTGACCCGG_010,23
ACTGGTCGAGGGTGACCCGG_011,198
ACTGGTCGAGGGTGACCCGG_012,13
ACTGGTCGAGGGTGACCCGG_013,41
ACTGGTCGAGGGTGACCCGG_014,2
ACTGGTCGAGGGTGACCCGG_015,43
ACTGGTCGAGGGTGACCCGG_016,160
ACTGGTCGAGGGTGACCCGG_017,76
ACTGGTCGAGGGTGACCCGG_018,57
ACTGGTCGAGGGTGACCCGG_019,71
ACTGGTCGAGGGTGACCCGG_020,65
ACTGGTCGAGGGTGACCCGG_021,91
ACTGGTCGAGGGTGACCCGG_022,19
ACTGGTCGAGGGTGACCCGG_023,58
ACTGGTCGAGGGTGACCCGG_024,147
ACTGGTCGAGGGTGACCCGG_025,95
ACTGGTCGAGGGTGACCCGG_026,38
ACTGGTCGAGGGTGACCCGG_027,13
ACTGGTCGAGGGTGACCCGG_028,170
ACTGGTCGAGGGTGACCCGG_029,195
ACTGGTCGAGGGTGACCCGG_030,80
ACTGGTCGAGGGTGACCCGG_031,15
ACTGGTCGAGGGTGACCCGG_032,12
ACTGGTCGAGGGTGACCCGG_033,5
ACTGGTCGAGGGTGACCCGG_034,194
ACTGGTCGAGGGTGACCCGG_035,101
ACTGGTCGAGGGTGACCCGG_036,53
ACTGGTCGAGGGTGACCCGG_037,64
ACTGGTCGAGGGTGACCCGG_038,16
ACTGGTCGAGGGTGACCCGG_039,30
ACTGGTCGAGGGTGACCCGG_040,159
ACTGGTCGAGGGTGACCCGG_041,182
ACTGGTCGAGGGTGACCCGG_042,148
ACTGGTCGAGGGTGACCCGG_043,176
ACTGGTCGAGGGTGACCCGG_044,77
ACTGGTCGAGGGTGACCCGG_045,19
ACTGGTCGAGGGTGACCCGG_046,130
ACTGGTCGAGGGTGACCCGG_047,191
ACTGGTCGAGGGTGACCCGG_048,5
ACTGGTCGAGGGTGACCCGG_049,169
ACTGGTCGAGGGTGACCCGG_050,191
ACTGGTCGAGGGTGACCCGG_051,63
ACTGGTCGAGGGTGACCCGG_052,49
ACTGGTCGAGGGTGACCCGG_053,39
ACTGGTCGAGGGTGACCCGG_054,46
ACTGGTCGAGGGTGACCCGG_055,39
ACTGGTCGAGGGTGACCCGG_056,44
ACTGGTCGAGGGTGACCCGG_057,69
TAGGATGTTTGGACGATGTG_001,63
TAGGATGTTTGGACGATGTG_002,26
TAGGATGTTTGGACGATGTG_003,34
TAGGATGTTTGGACGATGTG_004,97
TAGGATGTTTGGACGATGTG_005,134
TAGGATGTTTGGACGATGTG_006,9
TAGGATGTTTGGACGATGTG_007,48
TGAGAGACTCCAGTTGCCAG_001,45
TGAGAGACTCCAGTTGCCAG_002,102
TGAGAGACTCCAGTTGCCAG_003,80
TGAGAGACTCCAGTTGCCAG_004,41
TGAGAGACTCCAGTTGCCAG_005,141
TGAGAGACTCCAGTTGCCAG_006,41
TGAGAGACTCCAGTTGCCAG_007,182
TGAGAGACTCCAGTTGCCAG_008,112
TGAGAGACTCCAGTTGCCAG_009,142
TGAGAGACTCCAGTTGCCAG_010,19
TGAGAGACTCCAGTTGCCAG_011,8
TGAGAGACTCCAGTTGCCAG_012,162
TGAGAGACTCCAGTTGCCAG_013,78
TGAGAGACTCCAGTTGCCAG_014,122
TGAGAGACTCCAGTTGCCAG_015,2
GGATAGTGACAACCTCTGGT_001,2
GGATAGTGACAACCTCTGGT_002,11
GGATAGTGACAACCTCTGGT_003,71
GGATAGTGACAACCTCTGGT_004,168
GGATAGTGACAACCTCTGGT_005,190
GGATAGTGACAACCTCTGGT_006,127
GGATAGTGACAACCTCTGGT_007,172
GCGAGTTCGACAGCTCACTG_001,39
GCGAGTTCGACAGCTCACTG_002,17
GCGAGTTCGACAGCTCACTG_003,166
GCGAGTTCGACAGCTCACTG_004,82
GCGAGTTCGACAGCTCACTG_005,32
GCGAGTTCGACAGCTCACTG_006,72
GCGAGTTCGACAGCTCACTG_007,86
GCGAGTTCGACAGCTCACTG_008,52
GCGAGTTCGACAGCTCACTG_009,89
GCGAGTTCGACAGCTCACTG_010,152
GCGAGTTCGACAGCTCACTG_011,144
GCGAGTTCGACAGCTCACTG_012,98
GCGAGTTCGACAGCTCACTG_013,150
GCGAGTTCGACAGCTCACTG_014,159
GCGAGTTCGACAGCTCACTG_015,28
GCGAGTTCGACAGCTCACTG_016,100
GCGAGTTCGACAGCTCACTG_017,3
GCGAGTTCGACAGCTCACTG_018,130
GCGTCTTCTGGAGCAATGGG_001,167
GCGTCTTCTGGAGCAATGGG_002,101
GCGTCTTCTGGAGCAATGGG_003,16
GCGTCTTCTGGAGCAATGGG_004,54
GCGTCTTCTGGAGCAATGGG_005,51
GCGTCTTCTGGAGCAATGGG_006,1
GCGTCTTCTGGAGCAATGGG_007,145
GCGTCTTCTGGAGCAATGGG_008,183
GCGTCTTCTGGAGCAATGGG_009,77
GCGTCTTCTGGAGCAATGGG_010,43
GCGTCTTCTGGAGCAATGGG_011,102
GCGTCTTCTGGAGCAATGGG_012,160
GCGTCTTCTGGAGCAATGGG_013,160
GCGTCTTCTGGAGCAATGGG_014,144
GCGTCTTCTGGAGCAATGGG_015,143
GCGTCTTCTGGAGCAATGGG_016,176
GCGTCTTCTGGAGCAATGGG_017,20
GCGTCTTCTGGAGCAATGGG_018,115
GCGTCTTCTGGAGCAATGGG_019,149
GCGTCTTCTGGAGCAATGGG_020,92
GCGTCTTCTGGAGCAATGGG_021,194
GCGTCTTCTGGAGCAATGGG_022,55
GCGTCTTCTGGAGCAATGGG_023,126
GCGTCTTCTGGAGCAATGGG_024,105
GCGTCTTCTGGAGCAATGGG_025,57
GCGTCTTCTGGAGCAATGGG_026,137
GCGTCTTCTGGAGCAATGGG_027,116
GCGTCTTCTGGAGCAATGGG_028,94
GCGTCTTCTGGAGCAATGGG_029,126
CACCTCTCCGAAATGACTGG_001,170
CACCTCTCCGAAATGACTGG_002,94
CACCTCTCCGAAATGACTGG_003,105
CACCTCTCCGAAATGACTGG_004,102
CACCTCTCCGAAATGACTGG_005,157
CACCTCTCCGAAATGACTGG_006,29
CACCTCTCCGAAATGACTGG_007,15
CCCCAGAGGAGCTCTATGAG_001,191
CCCCAGAGGAGCTCTATGAG_002,183
CCCCAGAGGAGCTCTATGAG_003,128
CCCCAGAGGAGCTCTATGAG_004,183
CCCCAGAGGAGCTCTATGAG_005,13
CCCCAGAGGAGCTCTATGAG_006,146
CCCCAGAGGAGCTCTATGAG_007,2
CCCCAGAGGAGCTCTATGAG_008,122
CCCCAGAGGAGCTCTATGAG_009,49
CCCCAGAGGAGCTCTATGAG_010,106
CCCCAGAGGAGCTCTATGAG_011,179
TGAAGTTGAGCGACAGCCAG_001,74
TGAAGTTGAGCGACAGCCAG_002,121
TGAAGTTGAGCGACAGCCAG_003,186
CAGCTCCATCTGCTCCAATG_001,50
CAGCTCCATCTGCTCCAATG_002,59
CAGCTCCATCTGCTCCAATG_003,73
CAGCTCCATCTGCTCCAATG_004,169
CAGCTCCATCTGCTCCAATG_005,108
CAGCTCCATCTGCTCCAATG_006,125
CAGCTCCATCTGCTCCAATG_007,72
CAGCTCCATCTGCTCCAATG_008,147
CAGCTCCATCTGCTCCAATG_009,26
CAGCTCCATCTGCTCCAATG_010,111
CAGCTCCATCTGCTCCAATG_011,157
CAGCTCCATCTGCTCCAATG_012,39
CAGCTCCATCTGCTCCAATG_013,50
CAGCTCCATCTGCTCCAATG_014,94
TTCCGAAATTTACCGCATGG_001,188
TTCCGAAATTTACCGCATGG_002,183
TTCCGAAATTTACCGCATGG_003,88
TTCCGAAATTTACCGCATGG_004,77
TTCCGAAATTTACCGCATGG_005,9
TTCCGAAATTTACCGCATGG_006,83
TTCCGAAATTTACCGCATGG_007,114
TTCCGAAATTTACCGCATGG_008,2
TTCCGAAATTTACCGCATGG_009,125
TTCCGAAATTTACCGCATGG_010,153
TTCCGAAATTTACCGCATGG_011,161
CGCCAGCAGAAGCGCCACCA_001,116
CGCCAGCAGAAGCGCCACCA_002,27
CGCCAGCAGAAGCGCCACCA_003,75
CGCCAGCAGAAGCGCCACCA_004,169
CGCCAGCAGAAGCGCCACCA_005,133
CGCCAGCAGAAGCGCCACCA_006,121
CGCCAGCAGAAGCGCCACCA_007,49
CGCCAGCAGAAGCGCCACCA_008,15
CGCCAGCAGAAGCGCCACCA_009,1
CGCCAGCAGAAGCGCCACCA_010,166
CGCCAGCAGAAGCGCCACCA_011,175
CGCCAGCAGAAGCGCCACCA_012,1
CGCCAGCAGAAGCGCCACCA_013,190
CGCCAGCAGAAGCGCCACCA_014,15
CGCCAGCAGAAGCGCCACCA_015,126
CTCAAGTACTTGCACCAGCG_001,7
CTCAAGTACTTGCACCAGCG_002,27
CTCAAGTACTTGCACCAGCG_003,183
CAAATTTACAGTGCACACAA_001,158
GAAGCTGGAGGAACCTCACG_001,194
GAAGCTGGAGGAACCTCACG_002,170
GAAGCTGGAGGAACCTCACG_003,74
GAAGCTGGAGGAACCTCACG_004,69
GAAGCTGGAGGAACCTCACG_005,155
GAAGCTGGAGGAACCTCACG_006,43
GAAGCTGGAGGAACCTCACG_007,152
GAAGCTGGAGGAACCTCACG_008,144
GAAGCTGGAGGAACCTCACG_009,126
GAAGCTGGAGGAACCTCACG_010,114
GAAGCTGGAGGAACCTCACG_011,82
GAAGCTGGAGGAACCTCACG_012,118
GAAGCTGGAGGAACCTCACG_013,98
CAGCACGAAGTAAGGCAGCG_001,137
CAGCACGAAGTAAGGCAGCG_002,59
CAGCACGAAGTAAGGCAGCG_003,108
CAGCACGAAGTAAGGCAGCG_004,34
CAGCACGAAGTAAGGCAGCG_005,103
CAGCACGAAGTAAGGCAGCG_006,93
CAGCACGAAGTAAGGCAGCG_007,93
CAGCACGAAGTAAGGCAGCG_008,147
CAGCACGAAGTAAGGCAGCG_009,69
CAGCACGAAGTAAGGCAGCG_010,190
CAGCACGAAGTAAGGCAGCG_011,117
CAGCACGAAGTAAGGCAGCG_012,148
CTAGAAAAAATGATTTCACA_001,78
CTAGAAAAAATGATTTCACA_002,48
CTAGAAAAAATGATTTCACA_003,98
CTAGAAAAAATGATTTCACA_004,17
CTAGAAAAAATGATTTCACA_005,66
ATGGTACAAAAGCACATGCG_001,80
ATGGTACAAAAGCACATGCG_002,69
ATGGTACAAAAGCACATGCG_003,108
ATGGTACAAAAGCACATGCG_004,62
ATGGTACAAAAGCACATGCG_005,94
ATGGTACAAAAGCACATGCG_006,4
ATGGTACAAAAGCACATGCG_007,27
ATGGTACAAAAGCACATGCG_008,168
ATGGTACAAAAGCACATGCG_009,99
ATGGTACAAAAGCACATGCG_010,120
ATGGTACAAAAGCACATGCG_011,108
ATGGTACAAAAGCACATGCG_012,91
ATGGTACAAAAGCACATGCG_013,46
ATGGTACAAAAGCACATGCG_014,105
ATGGTACAAAAGCACATGCG_015,52
ATGGTACAAAAGCACATGCG_016,174
ATGGTACAAAAGCACATGCG_017,101
ATGGTACAAAAGCACATGCG_018,192
ATGGTACAAAAGCACATGCG_019,158
ATGGTACAAAAGCACATGCG_020,169
ATGGTACAAAAGCACATGCG_021,117
ATGGTACAAAAGCACATGCG_022,121
ATGGTACAAAAGCACATGCG_023,41
ATGGTACAAAAGCACATGCG_024,14
ATGGTACAAAAGCACATGCG_025,177
ATGGTACAAAAGCACATGCG_026,65
ATGGTACAAAAGCACATGCG_027,134
ATGGTACAAAAGCACATGCG_028,137
ATGGTACAAAAGCACATGCG_029,10
ATGGTACAAAAGCACATGCG_030,45
ATGGTACAAAAGCACATGCG_031,49
ATGGTACAAAAGCACATGCG_032,166
ATGGTACAAAAGCACATGCG_033,39
GGGACACTCACTCAATATGA_001,121
GATTTGCGTTGACTGTGCCA_001,81
GATTTGCGTTGACTGTGCCA_002,45
GATTTGCGTTGACTGTGCCA_003,113
GATTTGCGTTGACTGTGCCA_004,194
GATTTGCGTTGACTGTGCCA_005,28
GATTTGCGTTGACTGTGCCA_006,44
GATTTGCGTTGACTGTGCCA_007,20
GATTTGCGTTGACTGTGCCA_008,48
GGTCTTGCAGAAGCGAGAGC_001,6
GGTCTTGCAGAAGCGAGAGC_002,152
GGTCTTGCAGAAGCGAGAGC_003,168
GGTCTTGCAGAAGCGAGAGC_004,158
TAAGCATGCGGAAAGAGATG_001,57
TAAGCATGCGGAAAGAGATG_002,196
TAAGCATGCGGAAAGAGATG_003,80
TAAGCATGCGGAAAGAGATG_004,86
TCTTGGTTACCACTATCACC_001,150
TCTTGGTTACCACTATCACC_002,40
TCTTGGTTACCACTATCACC_003,177
CCATTCCGTAAGGGCTTGGA_001,17
CCATTCCGTAAGGGCTTGGA_002,176
CCATTCCGTAAGGGCTTGGA_003,199
CCATTCCGTAAGGGCTTGGA_004,199
CCATTCCGTAAGGGCTTGGA_005,113
CCATTCCGTAAGGGCTTGGA_006,127
CCATTCCGTAAGGGCTTGGA_007,115
CCATTCCGTAAGGGCTTGGA_008,115
CCATTCCGTAAGGGCTTGGA_009,63
CCATTCCGTAAGGGCTTGGA_010,9
CCATTCCGTAAGGGCTTGGA_011,88
CCATTCCGTAAGGGCTTGGA_012,150
CCATTCCGTAAGGGCTTGGA_013,36
CCATTCCGTAAGGGCTTGGA_014,6
CCATTCCGTAAGGGCTTGGA_015,172
CCATTCCGTAAGGGCTTGGA_016,154
CCATTCCGTAAGGGCTTGGA_017,83
CCATTCCGTAAGGGCTTGGA_018,29
CCATTCCGTAAGGGCTTGGA_019,80
CCATTCCGTAAGGGCTTGGA_020,72
CCATTCCGTAAGGGCTTGGA_021,191
CCATTCCGTAAGGGCTTGGA_022,82
CCATTCCGTAAGGGCTTGGA_023,94
CCATTCCGTAAGGGCTTGGA_024,35
CCATTCCGTAAGGGCTTGGA_025,146
CCATTCCGTAAGGGCTTGGA_026,163
CCATTCCGTAAGGGCTTGGA_027,42
CCATTCCGTAAGGGCTTGGA_028,172
CCATTCCGTAAGGGCTTGGA_029,113
CCATTCCGTAAGGGCTTGGA_030,80
CCATTCCGTAAGGGCTTGGA_031,117
CCATTCCGTAAGGGCTTGGA_032,98
CCATTCCGTAAGGGCTTGGA_033,25
CCATTCCGTAAGGGCTTGGA_034,177
CCATTCCGTAAGGGCTTGGA_035,2
CCATTCCGTAAGGGCTTGGA_036,129
CCATTCCGTAAGGGCTTGGA_037,152
CCATTCCGTAAGGGCTTGGA_038,80
CCATTCCGTAAGGGCTTGGA_039,148
CCATTCCGTAAGGGCTTGGA_040,192
CCATTCCGTAAGGGCTTGGA_041,103
CCATTCCGTAAGGGCTTGGA_042,2
CCATTCCGTAAGGGCTTGGA_043,158
TGTAGTCTGGGGTAGACTCC_001,13
TGTAGTCTGGGGTAGACTCC_002,178
TGTAGTCTGGGGTAGACTCC_003,105
TGTAGTCTGGGGTAGACTCC_004,62
TGTAGTCTGGGGTAGACTCC_005,36
TGTAGTCTGGGGTAGACTCC_006,137
TGTAGTCTGGGGTAGACTCC_007,125
TGTAGTCTGGGGTAGACTCC_008,115
TGTAGTCTGGGGTAGACTCC_009,150
TGTAGTCTGGGGTAGACTCC_010,181
TGTAGTCTGGGGTAGACTCC_011,156
TGTAGTCTGGGGTAGACTCC_012,79
TGTAGTCTGGGGTAGACTCC_013,184
TGTAGTCTGGGGTAGACTCC_014,92
TGTAGTCTGGGGTAGACTCC_015,134
TGTAGTCTGGGGTAGACTCC_016,103
TGTAGTCTGGGGTAGACTCC_017,84
AACATATCAAGCCATCGATG_001,70
AACATATCAAGCCATCGATG_002,15
AACATATCAAGCCATCGATG_003,82
AACATATCAAGCCATCGATG_004,16
AACATATCAAGCCATCGATG_005,29
AGATGTCATTGATTGTACCA_001,59
AGATGTCATTGATTGTACCA_002,49
AGATGTCATTGATTGTACCA_003,186
TGTGCAGCTCAATGCAGCGA_001,70
TGTGCAGCTCAATGCAGCGA_002,191
GGGAGATGATGGATTCGCAG_001,94
GGGAGATGATGGATTCGCAG_002,116
GGGAGATGATGGATTCGCAG_003,8
GGGAGATGATGGATTCGCAG_004,165
GGGAGATGATGGATTCGCAG_005,148
GGGAGATGATGGATTCGCAG_006,70
AGCGACGCTGGCAATACTGG_001,92
AGCGACGCTGGCAATACTGG_002,193
AGCGACGCTGGCAATACTGG_003,106
AGCGACGCTGGCAATACTGG_004,168
AGCGACGCTGGCAATACTGG_005,11
AGCTGGAGACAGCCTCACAA_001,104
AGCTGGAGACAGCCTCACAA_002,49
AGCTGGAGACAGCCTCACAA_003,169
AGCTGGAGACAGCCTCACAA_004,38
AGCTGGAGACAGCCTCACAA_005,50
AGCTGGAGACAGCCTCACAA_006,150
AGCTGGAGACAGCCTCACAA_007,16
AGCTGGAGACAGCCTCACAA_008,191
AGCTGGAGACAGCCTCACAA_009,163
AGCTGGAGACAGCCTCACAA_010,11
AGCTGGAGACAGCCTCACAA_011,28
AGCTGGAGACAGCCTCACAA_012,28
AGCTGGAGACAGCCTCACAA_013,66
AGCTGGAGACAGCCTCACAA_014,52
AAGGATCAAGGGATAAACCA_001,78
AAGGATCAAGGGATAAACCA_002,150
AAGGATCAAGGGATAAACCA_003,102
AAGGATCAAGGGATAAACCA_004,148
AAGGATCAAGGGATAAACCA_005,1
AAGGATCAAGGGATAAACCA_006,164
AAGGATCAAGGGATAAACCA_007,107
AAGAGAAGCCCTCCGCTGGG_001,151
AAGAGAAGCCCTCCGCTGGG_002,134
AAGAGAAGCCCTCCGCTGGG_003,80
AAGAGAAGCCCTCCGCTGGG_004,38
AAGAGAAGCCCTCCGCTGGG_005,26
AAGAGAAGCCCTCCGCTGGG_006,182
AAGAGAAGCCCTCCGCTGGG_007,12
AAGAGAAGCCCTCCGCTGGG_008,148
AAGAGAAGCCCTCCGCTGGG_009,188
AAGAGAAGCCCTCCGCTGGG_010,188
AAGAGAAGCCCTCCGCTGGG_011,113
AAGAGAAGCCCTCCGCTGGG_012,111
AAGAGAAGCCCTCCGCTGGG_013,118
AAGAGAAGCCCTCCGCTGGG_014,197
AAGAGAAGCCCTCCGCTGGG_015,62
AAGAGAAGCCCTCCGCTGGG_016,149
AAGAGAAGCCCTCCGCTGGG_017,80
AAGAGAAGCCCTCCGCTGGG_018,47
AAGAGAAGCCCTCCGCTGGG_019,175
AAGAGAAGCCCTCCGCTGGG_020,2
AAGAGAAGCCCTCCGCTGGG_021,71
AAGAGAAGCCCTCCGCTGGG_022,102
AAGAGAAGCCCTCCGCTGGG_023,66
AAGAGAAGCCCTCCGCTGGG_024,31
AAGAGAAGCCCTCCGCTGGG_025,149
AAGAGAAGCCCTCCGCTGGG_026,140
AAGAGAAGCCCTCCGCTGGG_027,127
AAGAGAAGCCCTCCGCTGGG_028,169
AAGAGAAGCCCTCCGCTGGG_029,115
AAGAGAAGCCCTCCGCTGGG_030,96
AAGAGAAGCCCTCCGCTGGG_031,96
AAGAGAAGCCCTCCGCTGGG_032,12
AAGAGAAGCCCTCCGCTGGG_033,107
AAGAGAAGCCCTCCGCTGGG_034,34
AAGAGAAGCCCTCCGCTGGG_035,11
AAGAGAAGCCCTCCGCTGGG_036,68
AAGAGAAGCCCTCCGCTGGG_037,152
AAGAGAAGCCCTCCGCTGGG_038,166
GGGAGCAGATCACCAGGACA_001,110
GGGAGCAGATCACCAGGACA_002,192
GGGAGCAGATCACCAGGACA_003,65
GGGAGCAGATCACCAGGACA_004,154
GGGAGCAGATCACCAGGACA_005,84
GGGAGCAGATCACCAGGACA_006,42
GGGAGCAGATCACCAGGACA_007,9
GGGAGCAGATCACCAGGACA_008,49
GGGAGCAGATCACCAGGACA_009,41
GGGAGCAGATCACCAGGACA_010,76
GGGAGCAGATCACCAGGACA_011,117
GGGAGCAGATCACCAGGACA_012,120
GGGAGCAGATCACCAGGACA_013,40
GGGAGCAGATCACCAGGACA_014,102
GGGAGCAGATCACCAGGACA_015,119
GGGAGCAGATCACCAGGACA_016,168
GGGAGCAGATCACCAGGACA_017,163
GGGAGCAGATCACCAGGACA_018,27
GGGAGCAGATCACCAGGACA_019,105
AGAGCGGAAAAGCCCCCCGG_001,59
AGAGCGGAAAAGCCCCCCGG_002,94
AGAGCGGAAAAGCCCCCCGG_003,76
AGAGCGGAAAAGCCCCCCGG_004,71
AGAGCGGAAAAGCCCCCCGG_005,62
AGAGCGGAAAAGCCCCCCGG_006,168
AGAGCGGAAAAGCCCCCCGG_007,147
AGAGCGGAAAAGCCCCCCGG_008,40
AGAGCGGAAAAGCCCCCCGG_009,42
AGAGCGGAAAAGCCCCCCGG_010,115
AGAGCGGAAAAGCCCCCCGG_011,135
AGAGCGGAAAAGCCCCCCGG_012,77
AGAGCGGAAAAGCCCCCCGG_013,184
AGAGCGGAAAAGCCCCCCGG_014,144
AGAGCGGAAAAGCCCCCCGG_015,161
AGAGCGGAAAAGCCCCCCGG_016,80
AGAGCGGAAAAGCCCCCCGG_017,157
AGAGCGGAAAAGCCCCCCGG_018,19
AGAGCGGAAAAGCCCCCCGG_019,114
AGAGCGGAAAAGCCCCCCGG_020,155
AGAGCGGAAAAGCCCCCCGG_021,107
AGAGCGGAAAAGCCCCCCGG_022,111
AGAGCGGAAAAGCCCCCCGG_023,38
AGAGCGGAAAAGCCCCCCGG_024,79
AGAGCGGAAAAGCCCCCCGG_025,0
AGAGCGGAAAAGCCCCCCGG_026,144
AGAGCGGAAAAGCCCCCCGG_027,175
AGAGCGGAAAAGCCCCCCGG_028,176
AGAGCGGAAAAGCCCCCCGG_029,28
AGAGCGGAAAAGCCCCCCGG_030,28
CATTGCACAAAAGTTAACGG_001,154
CATTGCACAAAAGTTAACGG_002,42
CATTGCACAAAAGTTAACGG_003,2
CATTGCACAAAAGTTAACGG_004,199
CATTGCACAAAAGTTAACGG_005,172
CATTGCACAAAAGTTAACGG_006,118
CATTGCACAAAAGTTAACGG_007,17
CATTGCACAAAAGTTAACGG_008,70
CATTGCACAAAAGTTAACGG_009,64
CATTGCACAAAAGTTAACGG_010,17
CATTGCACAAAAGTTAACGG_011,2
CATTGCACAAAAGTTAACGG_012,169
CATTGCACAAAAGTTAACGG_013,9
CATTGCACAAAAGTTAACGG_014,48
CATTGCACAAAAGTTAACGG_015,129
CATTGCACAAAAGTTAACGG_016,106
CATTGCACAAAAGTTAACGG_017,48
CATTGCACAAAAGTTAACGG_018,58
CATTGCACAAAAGTTAACGG_019,105
CATTGCACAAAAGTTAACGG_020,172
CATTGCACAAAAGTTAACGG_021,72
CATTGCACAAAAGTTAACGG_022,165
CATTGCACAAAAGTTAACGG_023,62
CATTGCACAAAAGTTAACGG_024,57
CATTGCACAAAAGTTAACGG_025,36
CATTGCACAAAAGTTAACGG_026,15
AAGAGCCTGAAGTGACAGTG_001,102
AAGAGCCTGAAGTGACAGTG_002,116
AAGAGCCTGAAGTGACAGTG_003,96
AAGAGCCTGAAGTGACAGTG_004,102
AAGAGCCTGAAGTGACAGTG_005,121
AAGAGCCTGAAGTGACAGTG_006,1
AAGAGCCTGAAGTGACAGTG_007,76
AAGAGCCTGAAGTGACAGTG_008,104
AAGAGCCTGAAGTGACAGTG_009,105
AAGAGCCTGAAGTGACAGTG_010,80
AAGAGCCTGAAGTGACAGTG_011,80
CGATGCCAATCAGACGTGGA_001,69
CGATGCCAATCAGACGTGGA_002,77
CGATGCCAATCAGACGTGGA_003,4
CGATGCCAATCAGACGTGGA_004,105
CGATGCCAATCAGACGTGGA_005,121
CGATGCCAATCAGACGTGGA_006,55
GGCAAAACCAGTGGACACGA_001,31
GGCAAAACCAGTGGACACGA_002,105
GGCAAAACCAGTGGACACGA_003,9
GGCAAAACCAGTGGACACGA_004,94
GGCAAAACCAGTGGACACGA_005,31
GGCAAAACCAGTGGACACGA_006,169
GGCAAAACCAGTGGACACGA_007,41
GGCAAAACCAGTGGACACGA_008,149
GGCAAAACCAGTGGACACGA_009,83
GGCAAAACCAGTGGACACGA_010,29
GGCAAAACCAGTGGACACGA_011,105
GGCAAAACCAGTGGACACGA_012,68
GGCAAAACCAGTGGACACGA_013,162
GGCAAAACCAGTGGACACGA_014,49
GGCAAAACCAGTGGACACGA_015,0
AGATCTTGCTATCTCTACAG_001,61
TGCCAATTGCAACAGCAGGT_001,129
TGCCAATTGCAACAGCAGGT_002,158
TGCCAATTGCAACAGCAGGT_003,84
TGCCAATTGCAACAGCAGGT_004,120
ACGAACTGGACGATCCAGCA_001,190
ACGAACTGGACGATCCAGCA_002,105
ACGAACTGGACGATCCAGCA_003,127
ACGAACTGGACGATCCAGCA_004,142
ACGAACTGGACGATCCAGCA_005,40
ACGAACTGGACGATCCAGCA_006,29
ACGAACTGGACGATCCAGCA_007,154
ACGAACTGGACGATCCAGCA_008,174
ACGAACTGGACGATCCAGCA_009,29
ACGAACTGGACGATCCAGCA_010,198
ACGAACTGGACGATCCAGCA_011,62
ACGAACTGGACGATCCAGCA_012,156
ACGAACTGGACGATCCAGCA_013,148
ACGAACTGGACGATCCAGCA_014,82
ACGAACTGGACGATCCAGCA_015,136
ACGAACTGGACGATCCAGCA_016,108
ACGAACTGGACGATCCAGCA_017,192
ACGAACTGGACGATCCAGCA_018,140
ACGAACTGGACGATCCAGCA_019,44
ACGAACTGGACGATCCAGCA_020,169
ACGAACTGGACGATCCAGCA_021,175
ACGAACTGGACGATCCAGCA_022,63
ACGAACTGGACGATCCAGCA_023,147
ACGAACTGGACGATCCAGCA_024,159
ACGAACTGGACGATCCAGCA_025,149
ACGAACTGGACGATCCAGCA_026,106
ACGAACTGGACGATCCAGCA_027,149
ACGAACTGGACGATCCAGCA_028,1
ACGAACTGGACGATCCAGCA_029,2
ACGAACTGGACGATCCAGCA_030,177
ACGAACTGGACGATCCAGCA_031,107
ACGAACTGGACGATCCAGCA_032,58
ACGAACTGGACGATCCAGCA_033,62
ACGAACTGGACGATCCAGCA_034,64
ACGAACTGGACGATCCAGCA_035,88
ACGAACTGGACGATCCAGCA_036,148
ACGAACTGGACGATCCAGCA_037,23
ACGAACTGGACGATCCAGCA_038,103
ACGAACTGGACGATCCAGCA_039,69
ACGAACTGGACGATCCAGCA_040,1
ACGAACTGGACGATCCAGCA_041,82
ACGAACTGGACGATCCAGCA_042,91
TGGGTTCGACCAAAACGGAA_001,60
TGGGTTCGACCAAAACGGAA_002,17
TGGGTTCGACCAAAACGGAA_003,98
TGGGTTCGACCAAAACGGAA_004,169
TGGGTTCGACCAAAACGGAA_005,77
TGGGTTCGACCAAAACGGAA_006,11
TGGGTTCGACCAAAACGGAA_007,0
TGGGTTCGACCAAAACGGAA_008,105
TCAACTTGGAAATCACGACG_001,183
TCAACTTGGAAATCACGACG_002,189
TCAACTTGGAAATCACGACG_003,193
TCAACTTGGAAATCACGACG_004,46
TCAACTTGGAAATCACGACG_005,137
TCAACTTGGAAATCACGACG_006,123
TCAACTTGGAAATCACGACG_007,156
TCAACTTGGAAATCACGACG_008,162
TCAACTTGGAAATCACGACG_009,37
TCAACTTGGAAATCACGACG_010,19
GTCCTTATTATCGGACCCCG_001,1
GTCCTTATTATCGGACCCCG_002,122
TGGAGCCGTCCGAGCACGAG_001,146
TGGAGCCGTCCGAGCACGAG_002,65
TGGAGCCGTCCGAGCACGAG_003,45
TGGAGCCGTCCGAGCACGAG_004,62
TGGAGCCGTCCGAGCACGAG_005,70
TGGAGCCGTCCGAGCACGAG_006,115
TGGAGCCGTCCGAGCACGAG_007,146
TGGAGCCGTCCGAGCACGAG_008,53
TGGAGCCGTCCGAGCACGAG_009,73
TGGAGCCGTCCGAGCACGAG_010,15
TGGAGCCGTCCGAGCACGAG_011,58
TGGAGCCGTCCGAGCACGAG_012,16
TGGAGCCGTCCGAGCACGAG_013,77
TGGAGCCGTCCGAGCACGAG_014,5
TGGAGCCGTCCGAGCACGAG_015,6
TGGAGCCGTCCGAGCACGAG_016,185
TGGAGCCGTCCGAGCACGAG_017,60
TGGAGCCGTCCGAGCACGAG_018,21
TGGAGCCGTCCGAGCACGAG_019,158
TGGAGCCGTCCGAGCACGAG_020,94
TGGAGCCGTCCGAGCACGAG_021,94
TGGAGCCGTCCGAGCACGAG_022,59
TGGAGCCGTCCGAGCACGAG_023,30
TGGAGCCGTCCGAGCACGAG_024,8
TGGAGCCGTCCGAGCACGAG_025,194
TGGAGCCGTCCGAGCACGAG_026,4
TGGAGCCGTCCGAGCACGAG_027,0
TGGAGCCGTCCGAGCACGAG_028,52
TGGAGCCGTCCGAGCACGAG_029,163
TGGAGCCGTCCGAGCACGAG_030,18
TGGAGCCGTCCGAGCACGAG_031,124
TGGAGCCGTCCGAGCACGAG_032,77
TGGAGCCGTCCGAGCACGAG_033,139
TGGAGCCGTCCGAGCACGAG_034,92
TGGAGCCGTCCGAGCACGAG_035,177
TGTGCCAATTTAACGAACGG_001,49
TGTGCCAATTTAACGAACGG_002,181
TGTGCCAATTTAACGAACGG_003,7
TGCAGGTGCATTTCACAGAG_001,0
TGCAGGTGCATTTCACAGAG_002,43
TGCAGGTGCATTTCACAGAG_003,60
TGCAGGTGCATTTCACAGAG_004,171
TGCAGGTGCATTTCACAGAG_005,136
TGCAGGTGCATTTCACAGAG_006,68
TGCAGGTGCATTTCACAGAG_007,50
TGCAGGTGCATTTCACAGAG_008,84
TGCAGGTGCATTTCACAGAG_009,172
TGCAGGTGCATTTCACAGAG_010,130
TGCAGGTGCATTTCACAGAG_011,40
TGCAGGTGCATTTCACAGAG_012,28
TGCAGGTGCATTTCACAGAG_013,130
AGAGGTCTCAAAGACCCCAG_001,40
AGAGGTCTCAAAGACCCCAG_002,2
AGAGGTCTCAAAGACCCCAG_003,2
AGAGGTCTCAAAGACCCCAG_004,102
AGAGGTCTCAAAGACCCCAG_005,70
AGAGGTCTCAAAGACCCCAG_006,104
AGAGGTCTCAAAGACCCCAG_007,94
AGAGGTCTCAAAGACCCCAG_008,41
AGAGGTCTCAAAGACCCCAG_009,86
AGAGGTCTCAAAGACCCCAG_010,60
AGAGGTCTCAAAGACCCCAG_011,9
AGAGGTCTCAAAGACCCCAG_012,141
AGAGGTCTCAAAGACCCCAG_013,141
AGAGGTCTCAAAGACCCCAG_014,144
AGAGGTCTCAAAGACCCCAG_015,188
AGAGGTCTCAAAGACCCCAG_016,115
AGAGGTCTCAAAGACCCCAG_017,30
AGAGGTCTCAAAGACCCCAG_018,128
AGAGGTCTCAAAGACCCCAG_019,119
AGAGGTCTCAAAGACCCCAG_020,197
AGAGGTCTCAAAGACCCCAG_021,141
AGAGGTCTCAAAGACCCCAG_022,192
AGAGGTCTCAAAGACCCCAG_023,27
AGAGGTCTCAAAGACCCCAG_024,169
AGAGGTCTCAAAGACCCCAG_025,17
AGAGGTCTCAAAGACCCCAG_026,150
AGAGGTCTCAAAGACCCCAG_027,152
AGAGGTCTCAAAGACCCCAG_028,166
AGAGGTCTCAAAGACCCCAG_029,188
CATTCTCAGACTTGTGATTG_001,194
CATTCTCAGACTTGTGATTG_002,48
CATTCTCAGACTTGTGATTG_003,158
CATTCTCAGACTTGTGATTG_004,83
CATTCTCAGACTTGTGATTG_005,86
CATTCTCAGACTTGTGATTG_006,107
CATTCTCAGACTTGTGATTG_007,14
CATTCTCAGACTTGTGATTG_008,19
CATTCTCAGACTTGTGATTG_009,40
CATTCTCAGACTTGTGATTG_010,55
TCGGACGCTGAAACGTCACT_001,145
TCGGACGCTGAAACGTCACT_002,184
TCGGACGCTGAAACGTCACT_003,1
TCGGACGCTGAAACGTCACT_004,8
TCGGACGCTGAAACGTCACT_005,121
TCGGACGCTGAAACGTCACT_006,104
TCGGACGCTGAAACGTCACT_007,181
TCGGACGCTGAAACGTCACT_008,24
TCGGACGCTGAAACGTCACT_009,96
TCGGACGCTGAAACGTCACT_010,119
TCGGACGCTGAAACGTCACT_011,181
TCGGACGCTGAAACGTCACT_012,118
TCGGACGCTGAAACGTCACT_013,170
TCGGACGCTGAAACGTCACT_014,68
TCGGACGCTGAAACGTCACT_015,114
TCGGACGCTGAAACGTCACT_016,113
TCGGACGCTGAAACGTCACT_017,121
TCGGACGCTGAAACGTCACT_018,65
TCGGACGCTGAAACGTCACT_019,53
TCGGACGCTGAAACGTCACT_020,175
TCGGACGCTGAAACGTCACT_021,197
TCGGACGCTGAAACGTCACT_022,53
TGCAACTATCACAGCCACGC_001,43
AAGAAAATGAGCTACTACTG_001,170
AAGAAAATGAGCTACTACTG_002,102
AAGAAAATGAGCTACTACTG_003,99
AAGAAAATGAGCTACTACTG_004,12
AAGAAAATGAGCTACTACTG_005,17
AAGAAAATGAGCTACTACTG_006,10
AAGAAAATGAGCTACTACTG_007,101
CCAGTGTGGCCCGACTGATG_001,9
CCAGTGTGGCCCGACTGATG_002,65
CCAGTGTGGCCCGACTGATG_003,199
CCAGTGTGGCCCGACTGATG_004,126
CCAGTGTGGCCCGACTGATG_005,68
CCAGTGTGGCCCGACTGATG_006,139
CCAGTGTGGCCCGACTGATG_007,4
GGAACAGCATACGTTCTACG_001,159
GGAACAGCATACGTTCTACG_002,132
GGAACAGCATACGTTCTACG_003,10
AAGTAAGAGGGTGTGCATGG_001,4
AAGTAAGAGGGTGTGCATGG_002,102
AAGTAAGAGGGTGTGCATGG_003,157
AAGTAAGAGGGTGTGCATGG_004,91
AAGTAAGAGGGTGTGCATGG_005,126
AAGTAAGAGGGTGTGCATGG_006,9
AAGTAAGAGGGTGTGCATGG_007,31
AAGTAAGAGGGTGTGCATGG_008,2
AAGTAAGAGGGTGTGCATGG_009,149
AAGTAAGAGGGTGTGCATGG_010,41
AAGTAAGAGGGTGTGCATGG_011,146
AAGTAAGAGGGTGTGCATGG_012,146
AAGTAAGAGGGTGTGCATGG_013,153
AAGTAAGAGGGTGTGCATGG_014,48
AAGTAAGAGGGTGTGCATGG_015,58
AAGTAAGAGGGTGTGCATGG_016,107
AAGTAAGAGGGTGTGCATGG_017,11
AAGTAAGAGGGTGTGCATGG_018,142
AAGTAAGAGGGTGTGCATGG_019,137
AAGTAAGAGGGTGTGCATGG_020,144
AAGTAAGAGGGTGTGCATGG_021,172
AAGTAAGAGGGTGTGCATGG_022,127
AAGTAAGAGGGTGTGCATGG_023,130
AAGTAAGAGGGTGTGCATGG_024,146
AAGTAAGAGGGTGTGCATGG_025,88
AAGTAAGAGGGTGTGCATGG_026,20
AAGTAAGAGGGTGTGCATGG_027,148
AAGTAAGAGGGTGTGCATGG_028,6
AAGTAAGAGGGTGTGCATGG_029,108
AAGTAAGAGGGTGTGCATGG_030,63
AAGTAAGAGGGTGTGCATGG_031,166
AAGTAAGAGGGTGTGCATGG_032,41
AAGTAAGAGGGTGTGCATGG_033,35
AAGTAAGAGGGTGTGCATGG_034,188
AAGTAAGAGGGTGTGCATGG_035,52
AAGTAAGAGGGTGTGCATGG_036,138
CAGATGGGGCGCGTGCAGCG_001,171
CAGATGGGGCGCGTGCAGCG_002,77
CAGATGGGGCGCGTGCAGCG_003,38
CAGATGGGGCGCGTGCAGCG_004,23
CAGATGGGGCGCGTGCAGCG_005,11
CAGATGGGGCGCGTGCAGCG_006,49
CAGATGGGGCGCGTGCAGCG_007,36
CAGATGGGGCGCGTGCAGCG_008,14
CAGATGGGGCGCGTGCAGCG_009,157
CAGATGGGGCGCGTGCAGCG_010,160
CAGATGGGGCGCGTGCAGCG_011,127
CAGATGGGGCGCGTGCAGCG_012,126
CCTGTTGAGCCTGTACTCAG_001,56
CCTGTTGAGCCTGTACTCAG_002,105
CCTGTTGAGCCTGTACTCAG_003,94
CCTGTTGAGCCTGTACTCAG_004,197
CCTGTTGAGCCTGTACTCAG_005,191
CCTGTTGAGCCTGTACTCAG_006,27
CCTGTTGAGCCTGTACTCAG_007,168
CCTGTTGAGCCTGTACTCAG_008,56
CCTGTTGAGCCTGTACTCAG_009,32
CCTGTTGAGCCTGTACTCAG_010,73
CCTGTTGAGCCTGTACTCAG_011,190
CCTGTTGAGCCTGTACTCAG_012,112
CCTGTTGAGCCTGTACTCAG_013,92
CCTGTTGAGCCTGTACTCAG_014,48
CCTGTTGAGCCTGTACTCAG_015,52
CCTGTTGAGCCTGTACTCAG_016,52
CCTGTTGAGCCTGTACTCAG_017,118
CCTGTTGAGCCTGTACTCAG_018,77
CCTGTTGAGCCTGTACTCAG_019,3
CCTGTTGAGCCTGTACTCAG_020,67
AAAGTTAGAGCAGTTCAGAG_001,140
AAAGTTAGAGCAGTTCAGAG_002,82
AAAGTTAGAGCAGTTCAGAG_003,42
AAAGTTAGAGCAGTTCAGAG_004,49
AAAGTTAGAGCAGTTCAGAG_005,49
AAAGTTAGAGCAGTTCAGAG_006,185
AAAGTTAGAGCAGTTCAGAG_007,81
AAAGTTAGAGCAGTTCAGAG_008,81
AAAGTTAGAGCAGTTCAGAG_009,117
AAAGTTAGAGCAGTTCAGAG_010,66
AAAGTTAGAGCAGTTCAGAG_011,12
AAAGTTAGAGCAGTTCAGAG_012,106
AAAGTTAGAGCAGTTCAGAG_013,178
CCTTCATGGAAACCACTGGG_001,169
CCTTCATGGAAACCACTGGG_002,80
CCTTCATGGAAACCACTGGG_003,118
CCTTCATGGAAACCACTGGG_004,42
CCTTCATGGAAACCACTGGG_005,0
CCTTCATGGAAACCACTGGG_006,177
CCTTCATGGAAACCACTGGG_007,185
CCTTCATGGAAACCACTGGG_008,81
CCTTCATGGAAACCACTGGG_009,177
CCTTCATGGAAACCACTGGG_010,15
CCTTCATGGAAACCACTGGG_011,76
CCTTCATGGAAACCACTGGG_012,97
CCTTCATGGAAACCACTGGG_013,17
CCTTCATGGAAACCACTGGG_014,191
CCTTCATGGAAACCACTGGG_015,42
CCTTCATGGAAACCACTGGG_016,114
CCTTCATGGAAACCACTGGG_017,72
CCTTCATGGAAACCACTGGG_018,132
CCTTCATGGAAACCACTGGG_019,81
CCTTCATGGAAACCACTGGG_020,9
CTACAGAAGCTGCGCGACGA_001,139
CTACAGAAGCTGCGCGACGA_002,59
CTACAGAAGCTGCGCGACGA_003,40
CTACAGAAGCTGCGCGACGA_004,162
CTACAGAAGCTGCGCGACGA_005,157
CTACAGAAGCTGCGCGACGA_006,10
CTACAGAAGCTGCGCGACGA_007,160
CTACAGAAGCTGCGCGACGA_008,104
CTACAGAAGCTGCGCGACGA_009,145
GTTCCATAAGTGACCTGAGT_001,48
TGGTGCCCACCACACGCAGG_001,68
TGGTGCCCACCACACGCAGG_002,88
TGGTGCCCACCACACGCAGG_003,183
TGGTGCCCACCACACGCAGG_004,184
TGGTGCCCACCACACGCAGG_005,163
TGGTGCCCACCACACGCAGG_006,5
TGGTGCCCACCACACGCAGG_007,109
TGGTGCCCACCACACGCAGG_008,145
TGGTGCCCACCACACGCAGG_009,120
TGGTGCCCACCACACGCAGG_010,183
TGGTGCCCACCACACGCAGG_011,14
TGGTGCCCACCACACGCAGG_012,175
TGGTGCCCACCACACGCAGG_013,118
TGGTGCCCACCACACGCAGG_014,56
TGGTGCCCACCACACGCAGG_015,77
TGGTGCCCACCACACGCAGG_016,156
TGGTGCCCACCACACGCAGG_017,47
TGGTGCCCACCACACGCAGG_018,33
TGGTGCCCACCACACGCAGG_019,95
TGGTGCCCACCACACGCAGG_020,182
TGGTGCCCACCACACGCAGG_021,199
TGGTGCCCACCACACGCAGG_022,179
TGGTGCCCACCACACGCAGG_023,9
TGGTGCCCACCACACGCAGG_024,61
TGGTGCCCACCACACGCAGG_025,137
TGGTGCCCACCACACGCAGG_026,95
TGGTGCCCACCACACGCAGG_027,74
TGGTGCCCACCACACGCAGG_028,58
TGGTGCCCACCACACGCAGG_029,137
TGGTGCCCACCACACGCAGG_030,129
TGGTGCCCACCACACGCAGG_031,138
TGGTGCCCACCACACGCAGG_032,106
TGGTGCCCACCACACGCAGG_033,39
TGGTGCCCACCACACGCAGG_034,23
TGGTGCCCACCACACGCAGG_035,112
TGGTGCCCACCACACGCAGG_036,96
TGGTGCCCACCACACGCAGG_037,180
TGGTGCCCACCACACGCAGG_038,6
TGGTGCCCACCACACGCAGG_039,180
TGGTGCCCACCACACGCAGG_040,188
TTATTGTACCTTATGATGTG_001,198
TTATTGTACCTTATGATGTG_002,157
TTATTGTACCTTATGATGTG_003,139
TTATTGTACCTTATGATGTG_004,120
TTATTGTACCTTATGATGTG_005,181
TTATTGTACCTTATGATGTG_006,48
TTATTGTACCTTATGATGTG_007,67
AGGCTAGCAAATCACTGACA_001,141
AGGCTAGCAAATCACTGACA_002,174
AGGCTAGCAAATCACTGACA_003,192
AGGCTAGCAAATCACTGACA_004,75
AGGCTAGCAAATCACTGACA_005,43
AGGCTAGCAAATCACTGACA_006,32
GCAGCGCAGTTCAGTGACCA_001,103
GCAGCGCAGTTCAGTGACCA_002,16
GCAGCGCAGTTCAGTGACCA_003,67
GCAGCGCAGTTCAGTGACCA_004,80
GCAGCGCAGTTCAGTGACCA_005,161
GCAGCGCAGTTCAGTGACCA_006,108
GCAGCGCAGTTCAGTGACCA_007,43
GCAGCGCAGTTCAGTGACCA_008,63
GCAGCGCAGTTCAGTGACCA_009,199
GCAGCGCAGTTCAGTGACCA_010,91
GCAGCGCAGTTCAGTGACCA_011,188
GCAGCGCAGTTCAGTGACCA_012,169
ATATAATGGCATCGGCCATG_001,147
ATATAATGGCATCGGCCATG_002,63
ATATAATGGCATCGGCCATG_003,19
ATATAATGGCATCGGCCATG_004,30
ACTGTGCTGAGCTCTTTGGG_001,29
ACTGTGCTGAGCTCTTTGGG_002,117
ACTGTGCTGAGCTCTTTGGG_003,101
ACTGTGCTGAGCTCTTTGGG_004,88
ACTGTGCTGAGCTCTTTGGG_005,191
ACTGTGCTGAGCTCTTTGGG_006,93
ACTGTGCTGAGCTCTTTGGG_007,49
ACTGTGCTGAGCTCTTTGGG_008,175
ACTGTGCTGAGCTCTTTGGG_009,55
ACTGTGCTGAGCTCTTTGGG_010,105
ACTGTGCTGAGCTCTTTGGG_011,12
ACTGTGCTGAGCTCTTTGGG_012,44
ACTGTGCTGAGCTCTTTGGG_013,81
ACTGTGCTGAGCTCTTTGGG_014,10
ACTGTGCTGAGCTCTTTGGG_015,47
ACTGTGCTGAGCTCTTTGGG_016,125
ACTGTGCTGAGCTCTTTGGG_017,44
AAACATAAAATAATACATGC_001,152
GCCAGAAGAGATCGTGACGA_001,0
GCCAGAAGAGATCGTGACGA_002,63
GCCAGAAGAGATCGTGACGA_003,62
GCCAGAAGAGATCGTGACGA_004,94
GCCAGAAGAGATCGTGACGA_005,8
GCCAGAAGAGATCGTGACGA_006,40
GCCAGAAGAGATCGTGACGA_007,13
GCCAGAAGAGATCGTGACGA_008,149
GCCAGAAGAGATCGTGACGA_009,144
GCCAGAAGAGATCGTGACGA_010,169
GCTAATATTGACACACCCGA_001,188
GCTAATATTGACACACCCGA_002,184
GCTAATATTGACACACCCGA_003,147
GCTAATATTGACACACCCGA_004,116
TCCAGGCATCGCCGCCCGGG_001,170
TCCAGGCATCGCCGCCCGGG_002,126
TCCAGGCATCGCCGCCCGGG_003,40
TCCAGGCATCGCCGCCCGGG_004,113
TCCAGGCATCGCCGCCCGGG_005,95
TCCAGGCATCGCCGCCCGGG_006,130
TCCAGGCATCGCCGCCCGGG_007,124
TCCAGGCATCGCCGCCCGGG_008,92
GACAGGCTCCAGCTCCACAC_001,129
GACAGGCTCCAGCTCCACAC_002,184
GCAATCCACCTGTATCCTGG_001,81
GCAATCCACCTGTATCCTGG_002,11
GCAATCCACCTGTATCCTGG_003,97
GCAATCCACCTGTATCCTGG_004,5
GCAATCCACCTGTATCCTGG_005,148
GCAATCCACCTGTATCCTGG_006,118
GCAATCCACCTGTATCCTGG_007,108
GCAATCCACCTGTATCCTGG_008,50
GCAATCCACCTGTATCCTGG_009,118
GCAATCCACCTGTATCCTGG_010,187
GCAATCCACCTGTATCCTGG_011,190
GCAATCCACCTGTATCCTGG_012,8
GCAATCCACCTGTATCCTGG_013,174
GCAATCCACCTGTATCCTGG_014,12
GCAATCCACCTGTATCCTGG_015,59
GCAATCCACCTGTATCCTGG_016,127
GCAATCCACCTGTATCCTGG_017,20
GCAATCCACCTGTATCCTGG_018,156
GCAATCCACCTGTATCCTGG_019,2
GCAATCCACCTGTATCCTGG_020,1
GCAATCCACCTGTATCCTGG_021,28
GCAATCCACCTGTATCCTGG_022,124
GCAATCCACCTGTATCCTGG_023,198
GCAATCCACCTGTATCCTGG_024,131
ACGGGAGAAAACCGGGCGCA_001,56
ACGGGAGAAAACCGGGCGCA_002,83
ACGGGAGAAAACCGGGCGCA_003,88
ACGGGAGAAAACCGGGCGCA_004,101
ACGGGAGAAAACCGGGCGCA_005,104
ACGGGAGAAAACCGGGCGCA_006,30
ACGGGAGAAAACCGGGCGCA_007,113
ACGGGAGAAAACCGGGCGCA_008,134
ACGGGAGAAAACCGGGCGCA_009,100
ACGGGAGAAAACCGGGCGCA_010,52
GCGGGAAGTCCGTCACGTTG_001,170
GCGGGAAGTCCGTCACGTTG_002,147
GCGGGAAGTCCGTCACGTTG_003,58
GCGGGAAGTCCGTCACGTTG_004,12
GCGGGAAGTCCGTCACGTTG_005,172
CTATGACAAGAAATACAGCT_001,105
CTATGACAAGAAATACAGCT_002,142
CTATGACAAGAAATACAGCT_003,138
CTATGACAAGAAATACAGCT_004,57
GCTCTTCACAAGCGTCCCAG_001,115
GCTCTTCACAAGCGTCCCAG_002,112
GCTCTTCACAAGCGTCCCAG_003,137
GCTCTTCACAAGCGTCCCAG_004,49
GCTCTTCACAAGCGTCCCAG_005,1
GCTCTTCACAAGCGTCCCAG_006,126
GCTCTTCACAAGCGTCCCAG_007,34
GCTCTTCACAAGCGTCCCAG_008,176
GCTCTTCACAAGCGTCCCAG_009,1
GCTCTTCACAAGCGTCCCAG_010,137
GCTCTTCACAAGCGTCCCAG_011,16
GCTCTTCACAAGCGTCCCAG_012,33
GTAAGGGCCATGTAGAATTG_001,171
GTAAGGGCCATGTAGAATTG_002,47
GTAAGGGCCATGTAGAATTG_003,1
GTAAGGGCCATGTAGAATTG_004,75
GTAAGGGCCATGTAGAATTG_005,182
GTAAGGGCCATGTAGAATTG_006,23
GTAAGGGCCATGTAGAATTG_007,1
GTAAGGGCCATGTAGAATTG_008,77
GTAAGGGCCATGTAGAATTG_009,198
GTAAGGGCCATGTAGAATTG_010,11
GTAAGGGCCATGTAGAATTG_011,39
GTAAGGGCCATGTAGAATTG_012,89
GTAAGGGCCATGTAGAATTG_013,168
GTAAGGGCCATGTAGAATTG_014,1
GTAAGGGCCATGTAGAATTG_015,124
TCAATGCTGACTGTCCCATG_001,118
TCAATGCTGACTGTCCCATG_002,52
TCAATGCTGACTGTCCCATG_003,32
TCAATGCTGACTGTCCCATG_004,94
TCAATGCTGACTGTCCCATG_005,50
GTCACAGAAGTCTCTACCAA_001,62
GTCACAGAAGTCTCTACCAA_002,195
GTCACAGAAGTCTCTACCAA_003,34
GTCACAGAAGTCTCTACCAA_004,147
ATTACATCATATGTAGTACA_001,14
ATTACATCATATGTAGTACA_002,74
ATTACATCATATGTAGTACA_003,66
ATTACATCATATGTAGTACA_004,158
ATTACATCATATGTAGTACA_005,120
TCACGCGTGGAAAGGCCAGT_001,84
TCACGCGTGGAAAGGCCAGT_002,151
TCACGCGTGGAAAGGCCAGT_003,151
TCACGCGTGGAAAGGCCAGT_004,0
TTTCGAGATTTGTGCGACGG_001,29
TTTCGAGATTTGTGCGACGG_002,11
TTTCGAGATTTGTGCGACGG_003,54
TTTCGAGATTTGTGCGACGG_004,158
TTTCGAGATTTGTGCGACGG_005,128
TTTCGAGATTTGTGCGACGG_006,190
TTTCGAGATTTGTGCGACGG_007,117
TTTCGAGATTTGTGCGACGG_008,150
TTTCGAGATTTGTGCGACGG_009,191
TTTCGAGATTTGTGCGACGG_010,111
TTTCGAGATTTGTGCGACGG_011,145
TTTCGAGATTTGTGCGACGG_012,7
TTTCGAGATTTGTGCGACGG_013,169
TTTCGAGATTTGTGCGACGG_014,174
TTTCGAGATTTGTGCGACGG_015,65
TTTCGAGATTTGTGCGACGG_016,65
TTTCGAGATTTGTGCGACGG_017,142
TTTCGAGATTTGTGCGACGG_018,142
TTTCGAGATTTGTGCGACGG_019,172
TTTCGAGATTTGTGCGACGG_020,191
TTTCGAGATTTGTGCGACGG_021,168
TTTCGAGATTTGTGCGACGG_022,66
TTTCGAGATTTGTGCGACGG_023,33
CAAGATGGGAGATAACGCCT_001,50
CAAGATGGGAGATAACGCCT_002,28
CAAGATGGGAGATAACGCCT_003,184
CAAGATGGGAGATAACGCCT_004,151
TGGAGTAATTACCAGTGCGA_001,196
GATTCACAGATTCAATCACT_001,137
GATTCACAGATTCAATCACT_002,169
GATTCACAGATTCAATCACT_003,105
CGTCAACAGTATTAACTCCA_001,195
CGTCAACAGTATTAACTCCA_002,115
CGTCAACAGTATTAACTCCA_003,133
CGTCAACAGTATTAACTCCA_004,6
CGTGGACGAGATCCCCGAGT_001,26
CGTGGACGAGATCCCCGAGT_002,160
ATTTCTCCTTGGCCATACAA_001,93
ATTTCTCCTTGGCCATACAA_002,38
ATTTCTCCTTGGCCATACAA_003,130
ATTTCTCCTTGGCCATACAA_004,58
ATTTCTCCTTGGCCATACAA_005,50
ATTTCTCCTTGGCCATACAA_006,102
ATTTCTCCTTGGCCATACAA_007,111
ATTTCTCCTTGGCCATACAA_008,108
ATTTCTCCTTGGCCATACAA_009,178
ATTTCTCCTTGGCCATACAA_010,86
ATTTCTCCTTGGCCATACAA_011,58
ATTTCTCCTTGGCCATACAA_012,25
ATTTCTCCTTGGCCATACAA_013,188
ATTTCTCCTTGGCCATACAA_014,127
ATTTCTCCTTGGCCATACAA_015,22
ATTTCTCCTTGGCCATACAA_016,61
GCTGCTGCGTACATGGGCTC_001,69
GCTGCTGCGTACATGGGCTC_002,49
GCTGCTGCGTACATGGGCTC_003,175
GCTGCTGCGTACATGGGCTC_004,29
GCTGCTGCGTACATGGGCTC_005,77
GCTGCTGCGTACATGGGCTC_006,58
GCTGCTGCGTACATGGGCTC_007,82
GCTGCTGCGTACATGGGCTC_008,94
TACCAAAGTACGCTCAGCTG_001,44
TACCAAAGTACGCTCAGCTG_002,196
TACCAAAGTACGCTCAGCTG_003,111
TACCAAAGTACGCTCAGCTG_004,166
TAGATGCGGGCAGTATAGGG_001,115
TAGATGCGGGCAGTATAGGG_002,43
TAGATGCGGGCAGTATAGGG_003,69
TAGATGCGGGCAGTATAGGG_004,121
AACTGAGGAATTGTCACTGA_001,77
AACTGAGGAATTGTCACTGA_002,147
AACTGAGGAATTGTCACTGA_003,44
AACTGAGGAATTGTCACTGA_004,150
AACTGAGGAATTGTCACTGA_005,63
AACTGAGGAATTGTCACTGA_006,40
AACTGAGGAATTGTCACTGA_007,107
AACTGAGGAATTGTCACTGA_008,101
AACTGAGGAATTGTCACTGA_009,145
AACTGAGGAATTGTCACTGA_010,29
AACTGAGGAATTGTCACTGA_011,17
AACTGAGGAATTGTCACTGA_012,158
AACTGAGGAATTGTCACTGA_013,196
AACTGAGGAATTGTCACTGA_014,188
AACTGAGGAATTGTCACTGA_015,78
AACTGAGGAATTGTCACTGA_016,80
AACTGAGGAATTGTCACTGA_017,104
AACTGAGGAATTGTCACTGA_018,129
AACTGAGGAATTGTCACTGA_019,152
AACTGAGGAATTGTCACTGA_020,80
AACTGAGGAATTGTCACTGA_021,135
AACTGAGGAATTGTCACTGA_022,158
AACTGAGGAATTGTCACTGA_023,50
AACTGAGGAATTGTCACTGA_024,101
AACTGAGGAATTGTCACTGA_025,195
AACTGAGGAATTGTCACTGA_026,88
AACTGAGGAATTGTCACTGA_027,2
AACTGAGGAATTGTCACTGA_028,161
AACTGAGGAATTGTCACTGA_029,127
AACTGAGGAATTGTCACTGA_030,175
AACTGAGGAATTGTCACTGA_031,68
AACTGAGGAATTGTCACTGA_032,176
AACTGAGGAATTGTCACTGA_033,60
AACTGAGGAATTGTCACTGA_034,63
AACTGAGGAATTGTCACTGA_035,47
CGGCTTCAGAGACTTGTGAG_001,134
CGGCTTCAGAGACTTGTGAG_002,12
CGGCTTCAGAGACTTGTGAG_003,162
CGGCTTCAGAGACTTGTGAG_004,136
CGGCTTCAGAGACTTGTGAG_005,69
CGGCTTCAGAGACTTGTGAG_006,4
CGGCTTCAGAGACTTGTGAG_007,127
CGGCTTCAGAGACTTGTGAG_008,29
CGGCTTCAGAGACTTGTGAG_009,170
CGGCTTCAGAGACTTGTGAG_010,84
CGGCTTCAGAGACTTGTGAG_011,40
CGGCTTCAGAGACTTGTGAG_012,119
CGGCTTCAGAGACTTGTGAG_013,147
CGGCTTCAGAGACTTGTGAG_014,190
GAACCCAATGTGGCTCGCGT_001,96
GAACCCAATGTGGCTCGCGT_002,169
GAACCCAATGTGGCTCGCGT_003,25
GAACCCAATGTGGCTCGCGT_004,41
GAACCCAATGTGGCTCGCGT_005,17
GAACCCAATGTGGCTCGCGT_006,174
GAACCCAATGTGGCTCGCGT_007,94
GAACCCAATGTGGCTCGCGT_008,192
GAACCCAATGTGGCTCGCGT_009,190
GAACCCAATGTGGCTCGCGT_010,107
GAACCCAATGTGGCTCGCGT_011,114
GAACCCAATGTGGCTCGCGT_012,1
GAACCCAATGTGGCTCGCGT_013,150
GAACCCAATGTGGCTCGCGT_014,80
GAACCCAATGTGGCTCGCGT_015,57
GTGAGAATGTGTCACCACCA_001,119
GTGAGAATGTGTCACCACCA_002,86
GTGAGAATGTGTCACCACCA_003,187
GTGAGAATGTGTCACCACCA_004,170
AATGTATATGGCAACACAAT_001,154
AATGTATATGGCAACACAAT_002,188
AATGTATATGGCAACACAAT_003,174
AATGTATATGGCAACACAAT_004,40
AATGTATATGGCAACACAAT_005,174
AATGTATATGGCAACACAAT_006,81
AATGTATATGGCAACACAAT_007,159
CAGCTGTTTGAGGATCAGTG_001,83
CAGCTGTTTGAGGATCAGTG_002,162
CAGCTGTTTGAGGATCAGTG_003,118
CAGCTGTTTGAGGATCAGTG_004,172
CAGCTGTTTGAGGATCAGTG_005,175
CAGCTGTTTGAGGATCAGTG_006,52
CAGCTGTTTGAGGATCAGTG_007,49
CAGCTGTTTGAGGATCAGTG_008,148
CAGCTGTTTGAGGATCAGTG_009,137
CAGCTGTTTGAGGATCAGTG_010,34
CAGCTGTTTGAGGATCAGTG_011,61
CAGCTGTTTGAGGATCAGTG_012,172
CAGCTGTTTGAGGATCAGTG_013,116
CAGCTGTTTGAGGATCAGTG_014,162
CAGCTGTTTGAGGATCAGTG_015,192
CAGCTGTTTGAGGATCAGTG_016,47
CCAGAGAACCTTGTATCAGG_001,174
CCAGAGAACCTTGTATCAGG_002,184
CCAACACCGTGCAGCCACAA_001,117
CCAACACCGTGCAGCCACAA_002,1
CCAACACCGTGCAGCCACAA_003,68
GGCGAACAGAAGGACCGCGA_001,161
GGCGAACAGAAGGACCGCGA_002,127
GGCGAACAGAAGGACCGCGA_003,186
GGCGAACAGAAGGACCGCGA_004,139
GGCGAACAGAAGGACCGCGA_005,9
GGCGAACAGAAGGACCGCGA_006,97
GGCGAACAGAAGGACCGCGA_007,32
GGCGAACAGAAGGACCGCGA_008,74
GGCGAACAGAAGGACCGCGA_009,60
GGCGAACAGAAGGACCGCGA_010,60
GGCGAACAGAAGGACCGCGA_011,68
GGCGAACAGAAGGACCGCGA_012,2
GGCGAACAGAAGGACCGCGA_013,91
GGCGAACAGAAGGACCGCGA_014,169
GGCGAACAGAAGGACCGCGA_015,53
GGCGAACAGAAGGACCGCGA_016,12
GGCGAACAGAAGGACCGCGA_017,46
GGCGAACAGAAGGACCGCGA_018,19
GGCGAACAGAAGGACCGCGA_019,13
GGCGAACAGAAGGACCGCGA_020,41
GGCGAACAGAAGGACCGCGA_021,10
GGCGAACAGAAGGACCGCGA_022,41
GGCGAACAGAAGGACCGCGA_023,49
GGCGAACAGAAGGACCGCGA_024,188
GGCGAACAGAAGGACCGCGA_025,162
GGCGAACAGAAGGACCGCGA_026,8
GGCGAACAGAAGGACCGCGA_027,36
GGCGAACAGAAGGACCGCGA_028,166
GGCGAACAGAAGGACCGCGA_029,33
GGCGAACAGAAGGACCGCGA_030,10
GGCGAACAGAAGGACCGCGA_031,115
GGCGAACAGAAGGACCGCGA_032,155
GTGGGAAGAATTGTGTTCAC_001,168
GTGGGAAGAATTGTGTTCAC_002,66
GTGGGAAGAATTGTGTTCAC_003,183
GTGGGAAGAATTGTGTTCAC_004,137
GTGGGAAGAATTGTGTTCAC_005,171
CCGCTGCGAGGACGTAGAGA_001,27
GCAGCTTACCAGGTAGCAGG_001,96
GCAGCTTACCAGGTAGCAGG_002,63
GCAGCTTACCAGGTAGCAGG_003,160
GCAGCTTACCAGGTAGCAGG_004,54
GCAGCTTACCAGGTAGCAGG_005,88
GCAGCTTACCAGGTAGCAGG_006,105
GCAGCTTACCAGGTAGCAGG_007,106
GCAGCTTACCAGGTAGCAGG_008,197
GCAGCTTACCAGGTAGCAGG_009,169
GCAGCTTACCAGGTAGCAGG_010,41
GCAGCTTACCAGGTAGCAGG_011,76
GCAGCTTACCAGGTAGCAGG_012,97
GCAGCTTACCAGGTAGCAGG_013,154
GCAGCTTACCAGGTAGCAGG_014,178
GCAGCTTACCAGGTAGCAGG_015,194
GCAGCTTACCAGGTAGCAGG_016,116
GCAGCTTACCAGGTAGCAGG_017,143
GCAGCTTACCAGGTAGCAGG_018,150
GCAGCTTACCAGGTAGCAGG_019,65
GCAGCTTACCAGGTAGCAGG_020,7
GCAGCTTACCAGGTAGCAGG_021,170
GCAGCTTACCAGGTAGCAGG_022,107
GCAGCTTACCAGGTAGCAGG_023,175
GCAGCTTACCAGGTAGCAGG_024,105
GCAGCTTACCAGGTAGCAGG_025,151
GCAGCTTACCAGGTAGCAGG_026,132
GCAGCTTACCAGGTAGCAGG_027,137
GCAGCTTACCAGGTAGCAGG_028,8
GCAGCTTACCAGGTAGCAGG_029,6
CCAAGACTCACATCCCTAGG_001,144
CCAAGACTCACATCCCTAGG_002,40
ATATGTAAACGACAAGCCAG_001,81
ATATGTAAACGACAAGCCAG_002,133
ATATGTAAACGACAAGCCAG_003,9
ATGCTATGTCAGAACACCGG_001,42
ATGCTATGTCAGAACACCGG_002,161
ATGCTATGTCAGAACACCGG_003,65
ATGCTATGTCAGAACACCGG_004,96
ATGCTATGTCAGAACACCGG_005,172
ATGCTATGTCAGAACACCGG_006,144
ATGCTATGTCAGAACACCGG_007,56
ATGCTATGTCAGAACACCGG_008,127
ATGCTATGTCAGAACACCGG_009,160
ATGCTATGTCAGAACACCGG_010,56
ATGCTATGTCAGAACACCGG_011,108
ATGCTATGTCAGAACACCGG_012,106
ATGCTATGTCAGAACACCGG_013,106
ATGCTATGTCAGAACACCGG_014,63
ATGCTATGTCAGAACACCGG_015,182
AGTTGACAGAGACACAGTAC_001,108
AGTTGACAGAGACACAGTAC_002,70
AGTTGACAGAGACACAGTAC_003,98
AGTTGACAGAGACACAGTAC_004,13
AGTTGACAGAGACACAGTAC_005,13
AGTTGACAGAGACACAGTAC_006,170
AGTTGACAGAGACACAGTAC_007,70
CCCACTGGTTTGCATCAAGT_001,101
CCCACTGGTTTGCATCAAGT_002,90
CCCACTGGTTTGCATCAAGT_003,34
CCCACTGGTTTGCATCAAGT_004,160
CCCACTGGTTTGCATCAAGT_005,130
TATGGCTATGGAGTCCTGGG_001,154
TATGGCTATGGAGTCCTGGG_002,166
TATGGCTATGGAGTCCTGGG_003,190
TATGGCTATGGAGTCCTGGG_004,92
TTTACCATTGGAATTAACCA_001,17
TTTACCATTGGAATTAACCA_002,44
TTTACCATTGGAATTAACCA_003,136
TTTACCATTGGAATTAACCA_004,38
TTTACCATTGGAATTAACCA_005,139
TTTACCATTGGAATTAACCA_006,193
CTTGACCGCCGAGTACACCA_001,11
CTTGACCGCCGAGTACACCA_002,190
CTTGACCGCCGAGTACACCA_003,0
CTTGACCGCCGAGTACACCA_004,145
CTTGACCGCCGAGTACACCA_005,30
CTTGACCGCCGAGTACACCA_006,33
TGATGTCAACTCTGCCGCTG_001,58
TGATGTCAACTCTGCCGCTG_002,166
TGATGTCAACTCTGCCGCTG_003,49
TGATGTCAACTCTGCCGCTG_004,145
TGATGTCAACTCTGCCGCTG_005,65
TGATGTCAACTCTGCCGCTG_006,49
TGATGTCAACTCTGCCGCTG_007,48
TGATGTCAACTCTGCCGCTG_008,9
TGATGTCAACTCTGCCGCTG_009,62
TGATGTCAACTCTGCCGCTG_010,172
TGATGTCAACTCTGCCGCTG_011,107
TGATGTCAACTCTGCCGCTG_012,15
TGATGTCAACTCTGCCGCTG_013,124
TGATGTCAACTCTGCCGCTG_014,76
TAAAGCAAGGCAATTACCTG_001,73
TAAAGCAAGGCAATTACCTG_002,105
TAAAGCAAGGCAATTACCTG_003,194
TAAAGCAAGGCAATTACCTG_004,191
TAAAGCAAGGCAATTACCTG_005,48
TAAAGCAAGGCAATTACCTG_006,113
TAAAGCAAGGCAATTACCTG_007,147
TAAAGCAAGGCAATTACCTG_008,48
TAAAGCAAGGCAATTACCTG_009,91
ACTCACCTTCGTCCGACTCG_001,96
TGTACACGAAGGTCACCAGT_001,130
TGTACACGAAGGTCACCAGT_002,28
TGTACACGAAGGTCACCAGT_003,1
TGTACACGAAGGTCACCAGT_004,156
TGTACACGAAGGTCACCAGT_005,92
TGTACACGAAGGTCACCAGT_006,60
TGTACACGAAGGTCACCAGT_007,42
TGTACACGAAGGTCACCAGT_008,42
TGTACACGAAGGTCACCAGT_009,48
TGTACACGAAGGTCACCAGT_010,30
TGTACACGAAGGTCACCAGT_011,97
TGTACACGAAGGTCACCAGT_012,140
TGTACACGAAGGTCACCAGT_013,197
TGTACACGAAGGTCACCAGT_014,20
TTCAATTTGGAACCCAGCCA_001,126
TTCAATTTGGAACCCAGCCA_002,102
TTCAATTTGGAACCCAGCCA_003,174
TTCAATTTGGAACCCAGCCA_004,139
TTCAATTTGGAACCCAGCCA_005,31
TTCAATTTGGAACCCAGCCA_006,2
TTCAATTTGGAACCCAGCCA_007,57
TTCAATTTGGAACCCAGCCA_008,88
TTCAATTTGGAACCCAGCCA_009,148
TTCAATTTGGAACCCAGCCA_010,150
TTCAATTTGGAACCCAGCCA_011,181
TTCAATTTGGAACCCAGCCA_012,121
TTCAATTTGGAACCCAGCCA_013,76
TTCAATTTGGAACCCAGCCA_014,137
TTCAATTTGGAACCCAGCCA_015,122
TTCAATTTGGAACCCAGCCA_016,58
TCCCAATATAAAGACAACAC_001,116
TCCCAATATAAAGACAACAC_002,117
TCCCAATATAAAGACAACAC_003,32
TCCCAATATAAAGACAACAC_004,190
TGGGTCTCAAAAAAGACCGA_001,0
TGGGTCTCAAAAAAGACCGA_002,116
TGGGTCTCAAAAAAGACCGA_003,105
TGGGTCTCAAAAAAGACCGA_004,50
TGGGTCTCAAAAAAGACCGA_005,12
TGGGTCTCAAAAAAGACCGA_006,55
CGCATGACCACTGCTATGGG_001,188
CGCATGACCACTGCTATGGG_002,198
CGCATGACCACTGCTATGGG_003,156
CGCATGACCACTGCTATGGG_004,70
CGCATGACCACTGCTATGGG_005,60
CGCATGACCACTGCTATGGG_006,92
CGCATGACCACTGCTATGGG_007,158
CGCATGACCACTGCTATGGG_008,9
CGCATGACCACTGCTATGGG_009,0
CGCATGACCACTGCTATGGG_010,154
CGCATGACCACTGCTATGGG_011,32
CGCATGACCACTGCTATGGG_012,63
CGCATGACCACTGCTATGGG_013,30
CGCATGACCACTGCTATGGG_014,71
GATAGACCACATGCAGTGTG_001,105
GATAGACCACATGCAGTGTG_002,86
GATAGACCACATGCAGTGTG_003,17
GATAGACCACATGCAGTGTG_004,58
GATAGACCACATGCAGTGTG_005,115
ACTGCCACATTGATACAGGT_001,99
ACTGCCACATTGATACAGGT_002,6
ACTGCCACATTGATACAGGT_003,47
ACTGCCACATTGATACAGGT_004,102
ACTGCCACATTGATACAGGT_005,185
ACTGCCACATTGATACAGGT_006,131
ACTGCCACATTGATACAGGT_007,165
ACTGCCACATTGATACAGGT_008,5
ACTGCCACATTGATACAGGT_009,158
ACTGCCACATTGATACAGGT_010,163
ACTGCCACATTGATACAGGT_011,15
ACTGCCACATTGATACAGGT_012,108
ACTGCCACATTGATACAGGT_013,159
ACTGCCACATTGATACAGGT_014,177
TAATGTGGCAACTTACAGGC_001,94
TAATGTGGCAACTTACAGGC_002,98
TAATGTGGCAACTTACAGGC_003,35
TAATGTGGCAACTTACAGGC_004,18
AGCTGCCAGGCATAATAGGA_001,16
AGCTGCCAGGCATAATAGGA_002,117
AGCTGCCAGGCATAATAGGA_003,22
AGCTGCCAGGCATAATAGGA_004,80
AGCTGCCAGGCATAATAGGA_005,121
AGCTGCCAGGCATAATAGGA_006,105
AGCTGCCAGGCATAATAGGA_007,160
AGCTGCCAGGCATAATAGGA_008,65
AGCTGCCAGGCATAATAGGA_009,4
AGCTGCCAGGCATAATAGGA_010,127
AGCTGCCAGGCATAATAGGA_011,61
GAATAGCTTTACGAGTCTCA_001,182
GAATAGCTTTACGAGTCTCA_002,96
GAATAGCTTTACGAGTCTCA_003,174
TGAGCTTGATCGCAAGTTCA_001,91
TGAGCTTGATCGCAAGTTCA_002,2
TGAGCTTGATCGCAAGTTCA_003,119
TGAGCTTGATCGCAAGTTCA_004,49
TGAGCTTGATCGCAAGTTCA_005,67
TGAGCTTGATCGCAAGTTCA_006,70
TGAGCTTGATCGCAAGTTCA_007,166
TGAGCTTGATCGCAAGTTCA_008,78
TGAGCTTGATCGCAAGTTCA_009,59
TGAGCTTGATCGCAAGTTCA_010,160
TGAGCTTGATCGCAAGTTCA_011,185
TGAGCTTGATCGCAAGTTCA_012,126
TGAGCTTGATCGCAAGTTCA_013,128
TGAGCTTGATCGCAAGTTCA_014,85
TGAGCTTGATCGCAAGTTCA_015,64
TGAGCTTGATCGCAAGTTCA_016,58
TGAGCTTGATCGCAAGTTCA_017,169
TGAGCTTGATCGCAAGTTCA_018,127
TGAGCTTGATCGCAAGTTCA_019,183
TGAGCTTGATCGCAAGTTCA_020,12
TGAGCTTGATCGCAAGTTCA_021,121
TGAGCTTGATCGCAAGTTCA_022,127
TGAGCTTGATCGCAAGTTCA_023,166
TGAGCTTGATCGCAAGTTCA_024,19
TGAGCTTGATCGCAAGTTCA_025,54
GTTCGCGGCCTTCATCGACA_001,60
GTTCGCGGCCTTCATCGACA_002,134
TACGACCACATCCTCAGTAC_001,57
TACGACCACATCCTCAGTAC_002,130
TACGACCACATCCTCAGTAC_003,40
GAACTCTCTGATGATAGATG_001,82
GAACTCTCTGATGATAGATG_002,40
GAACTCTCTGATGATAGATG_003,174
GAACTCTCTGATGATAGATG_004,147
GAACTCTCTGATGATAGATG_005,2
GAACTCTCTGATGATAGATG_006,9
GAACTCTCTGATGATAGATG_007,47
GAACTCTCTGATGATAGATG_008,97
GAACTCTCTGATGATAGATG_009,48
GAACTCTCTGATGATAGATG_010,144
GAACTCTCTGATGATAGATG_011,103
GAACTCTCTGATGATAGATG_012,171
GAACTCTCTGATGATAGATG_013,27
GAACTCTCTGATGATAGATG_014,88
GAACTCTCTGATGATAGATG_015,144
GGCCAGGATGGAGGTCCATG_001,183
GGCCAGGATGGAGGTCCATG_002,27
GGCCAGGATGGAGGTCCATG_003,190
GGCCAGGATGGAGGTCCATG_004,140
GGCCAGGATGGAGGTCCATG_005,148
GGCCAGGATGGAGGTCCATG_006,1
GGCCAGGATGGAGGTCCATG_007,97
GGCCAGGATGGAGGTCCATG_008,97
GGCCAGGATGGAGGTCCATG_009,27
GGCCAGGATGGAGGTCCATG_010,2
GGCCAGGATGGAGGTCCATG_011,124
GGCCAGGATGGAGGTCCATG_012,110
GGCTTGAGAGTCGAAGTCGA_001,8
GGCTTGAGAGTCGAAGTCGA_002,82
GGCTTGAGAGTCGAAGTCGA_003,198
GGCTTGAGAGTCGAAGTCGA_004,168
GGCTTGAGAGTCGAAGTCGA_005,184
GGCTTGAGAGTCGAAGTCGA_006,130
TAAGGACACAACCAGCCACG_001,144
TAAGGACACAACCAGCCACG_002,78
TAAGGACACAACCAGCCACG_003,174
TAAGGACACAACCAGCCACG_004,75
TAAGGACACAACCAGCCACG_005,35
TAAGGACACAACCAGCCACG_006,77
ACCAGACTTTCTTCAATCCG_001,20
ACCAGACTTTCTTCAATCCG_002,47
CCCCCATATCCGCTACACCA_001,193
CCGCGGGTGAAATTGTAGCG_001,148
CCGCGGGTGAAATTGTAGCG_002,17
TTTATTCGGCCACTGCACGA_001,165
TTTATTCGGCCACTGCACGA_002,188
TTTATTCGGCCACTGCACGA_003,80
TTTATTCGGCCACTGCACGA_004,1
TTTATTCGGCCACTGCACGA_005,70
TTTATTCGGCCACTGCACGA_006,83
TTTATTCGGCCACTGCACGA_007,188
TTTATTCGGCCACTGCACGA_008,6
GTCCAACAAGTGGATTCGGG_001,107
GTCCAACAAGTGGATTCGGG_002,40
GTCCAACAAGTGGATTCGGG_003,190
GTCCAACAAGTGGATTCGGG_004,141
GTCCAACAAGTGGATTCGGG_005,106
GTCCAACAAGTGGATTCGGG_006,68
GTCCAACAAGTGGATTCGGG_007,12
GTCCAACAAGTGGATTCGGG_008,61
GTCCAACAAGTGGATTCGGG_009,78
GTCCAACAAGTGGATTCGGG_010,188
GTCCAACAAGTGGATTCGGG_011,199
CGTGAAAAGAACATCTCCAG_001,48
CGTGAAAAGAACATCTCCAG_002,193
CGTGAAAAGAACATCTCCAG_003,162
CGTGAAAAGAACATCTCCAG_004,16
CGTGAAAAGAACATCTCCAG_005,190
CGTGAAAAGAACATCTCCAG_006,15
CGTGAAAAGAACATCTCCAG_007,124
CGTGAAAAGAACATCTCCAG_008,138
CGTGAAAAGAACATCTCCAG_009,138
GGGGTGAGTGAGCTTCTGCG_001,149
GGGGTGAGTGAGCTTCTGCG_002,169
GGGGTGAGTGAGCTTCTGCG_003,21
GGGGTGAGTGAGCTTCTGCG_004,197
GGGGTGAGTGAGCTTCTGCG_005,126
GGGGTGAGTGAGCTTCTGCG_006,23
GGGGTGAGTGAGCTTCTGCG_007,48
GGGGTGAGTGAGCTTCTGCG_008,96
GGGGTGAGTGAGCTTCTGCG_009,175
GGGGTGAGTGAGCTTCTGCG_010,9
GGGGTGAGTGAGCTTCTGCG_011,130
GGGGTGAGTGAGCTTCTGCG_012,76
GGGGTGAGTGAGCTTCTGCG_013,121
GGGGTGAGTGAGCTTCTGCG_014,91
GGGGTGAGTGAGCTTCTGCG_015,13
GGGGTGAGTGAGCTTCTGCG_016,28
GGGGTGAGTGAGCTTCTGCG_017,81
GAGGTGTTTAGTCCCCCTCG_001,52
GAGGTGTTTAGTCCCCCTCG_002,144
GAGGTGTTTAGTCCCCCTCG_003,63
CAGAGTGTGTGGGCACACGT_001,199
CAGAGTGTGTGGGCACACGT_002,190
CAGAGTGTGTGGGCACACGT_003,88
CAGAGTGTGTGGGCACACGT_004,156
CAGAGTGTGTGGGCACACGT_005,57
CAGAGTGTGTGGGCACACGT_006,145
CAGAGTGTGTGGGCACACGT_007,88
CAGAGTGTGTGGGCACACGT_008,198
CAGAGTGTGTGGGCACACGT_009,177
CAGAGTGTGTGGGCACACGT_010,142
CAGAGTGTGTGGGCACACGT_011,44
CAGAGTGTGTGGGCACACGT_012,42
CAGAGTGTGTGGGCACACGT_013,192
CAGAGTGTGTGGGCACACGT_014,38
CAGAGTGTGTGGGCACACGT_015,116
CAGAGTGTGTGGGCACACGT_016,145
CAGAGTGTGTGGGCACACGT_017,21
CAGAGTGTGTGGGCACACGT_018,198
CAGAGTGTGTGGGCACACGT_019,136
CAGAGTGTGTGGGCACACGT_020,6
GGTGACTGAGAGGCAGACAA_001,68
GGTGACTGAGAGGCAGACAA_002,134
GGTGACTGAGAGGCAGACAA_003,140
GGTGACTGAGAGGCAGACAA_004,144
GGTGACTGAGAGGCAGACAA_005,148
GGTGACTGAGAGGCAGACAA_006,174
GGTGACTGAGAGGCAGACAA_007,15
GGTGACTGAGAGGCAGACAA_008,163
GGTGACTGAGAGGCAGACAA_009,21
GGTGACTGAGAGGCAGACAA_010,19
GGTGACTGAGAGGCAGACAA_011,48
GGTGACTGAGAGGCAGACAA_012,115
AAGGCGAATGACCATAAGGT_001,149
AAGGCGAATGACCATAAGGT_002,146
AAGGCGAATGACCATAAGGT_003,6
AAGGCGAATGACCATAAGGT_004,60
AAGGCGAATGACCATAAGGT_005,49
AAGGCGAATGACCATAAGGT_006,157
AAGGCGAATGACCATAAGGT_007,3
AAGGCGAATGACCATAAGGT_008,57
AAGGCGAATGACCATAAGGT_009,164
AAGGCGAATGACCATAAGGT_010,181
AAGGCGAATGACCATAAGGT_011,101
AAGGCGAATGACCATAAGGT_012,194
AAGGCGAATGACCATAAGGT_013,180
AAGGCGAATGACCATAAGGT_014,116
GTCTCAGTTCCATCAAAACT_001,156
GTCTCAGTTCCATCAAAACT_002,47
GTCTCAGTTCCATCAAAACT_003,5
GTCTCAGTTCCATCAAAACT_004,31
GTCTCAGTTCCATCAAAACT_005,170
GTCTCAGTTCCATCAAAACT_006,92
ATCTGGTACCTCCAGAAAGG_001,29
ATCTGGTACCTCCAGAAAGG_002,20
ATCTGGTACCTCCAGAAAGG_003,36
ATCTGGTACCTCCAGAAAGG_004,60
ATCTGGTACCTCCAGAAAGG_005,59
ATCTGGTACCTCCAGAAAGG_006,132
ATCTGGTACCTCCAGAAAGG_007,198
GGGGTCGGGACAGCACAATG_001,84
GGGGTCGGGACAGCACAATG_002,114
GGGGTCGGGACAGCACAATG_003,92
GGGGTCGGGACAGCACAATG_004,78
GGGGTCGGGACAGCACAATG_005,197
GGGGTCGGGACAGCACAATG_006,170
GGGGTCGGGACAGCACAATG_007,137
GAGATTCATTCATCAACACT_001,121
GAGATTCATTCATCAACACT_002,162
GAGATTCATTCATCAACACT_003,160
GGTGACATGATCGAGATGCA_001,34
GGTGACATGATCGAGATGCA_002,23
GGTGACATGATCGAGATGCA_003,23
GGTGACATGATCGAGATGCA_004,46
GGTGACATGATCGAGATGCA_005,66
GGTGACATGATCGAGATGCA_006,107
GGTGACATGATCGAGATGCA_007,152
GGTGACATGATCGAGATGCA_008,39
GGAGTAGGTCTTGATTTGCG_001,137
GGAGTAGGTCTTGATTTGCG_002,60
GGAGTAGGTCTTGATTTGCG_003,100
GGAGTAGGTCTTGATTTGCG_004,145
GGAGTAGGTCTTGATTTGCG_005,197
ATCTGGACCCCTACCGAACA_001,56
ATCTGGACCCCTACCGAACA_002,105
ATCTGGACCCCTACCGAACA_003,101
ATCTGGACCCCTACCGAACA_004,80
ATCTGGACCCCTACCGAACA_005,110
ATCTGGACCCCTACCGAACA_006,162
ATCTGGACCCCTACCGAACA_007,159
ATCTGGACCCCTACCGAACA_008,3
ATCTGGACCCCTACCGAACA_009,126
CTGGCACTGCTGAGGTGGGC_001,38
CTGGCACTGCTGAGGTGGGC_002,147
CTGGCACTGCTGAGGTGGGC_003,102
CTGGCACTGCTGAGGTGGGC_004,25
CTGGCACTGCTGAGGTGGGC_005,37
CTGGCACTGCTGAGGTGGGC_006,129
CTGGCACTGCTGAGGTGGGC_007,42
CTGGCACTGCTGAGGTGGGC_008,11
CTGGCACTGCTGAGGTGGGC_009,105
CTGGCACTGCTGAGGTGGGC_010,196
CTGGCACTGCTGAGGTGGGC_011,88
CTGGCACTGCTGAGGTGGGC_012,115
CTGGCACTGCTGAGGTGGGC_013,36
CTGGCACTGCTGAGGTGGGC_014,61
CTGGCACTGCTGAGGTGGGC_015,66
CTGGCACTGCTGAGGTGGGC_016,133
CTGGCACTGCTGAGGTGGGC_017,152
CTGGCACTGCTGAGGTGGGC_018,113
CTGGCACTGCTGAGGTGGGC_019,96
CTGGCACTGCTGAGGTGGGC_020,149
CTGGCACTGCTGAGGTGGGC_021,77
CTGGCACTGCTGAGGTGGGC_022,127
TCAGGAATCCAGGAATGACA_001,42
TCAGGAATCCAGGAATGACA_002,172
TCAGGAATCCAGGAATGACA_003,76
TCAGGAATCCAGGAATGACA_004,46
TCAGGAATCCAGGAATGACA_005,21
TCAGGAATCCAGGAATGACA_006,137
ATAGATGGTGATCAGAAGGG_001,94
ATAGATGGTGATCAGAAGGG_002,147
ATAGATGGTGATCAGAAGGG_003,79
GGGTACCGTTGACCCCCTTG_001,49
GGGTACCGTTGACCCCCTTG_002,146
GGGTACCGTTGACCCCCTTG_003,86
GGGTACCGTTGACCCCCTTG_004,105
GGGTACCGTTGACCCCCTTG_005,59
GGGTACCGTTGACCCCCTTG_006,91
GGGTACCGTTGACCCCCTTG_007,79
GGGTACCGTTGACCCCCTTG_008,42
CCCGGGCCGGATCAAAGCGT_001,175
CCCGGGCCGGATCAAAGCGT_002,130
CCCGGGCCGGATCAAAGCGT_003,85
GGGCTCACTGAGATATGCCA_001,149
GGGCTCACTGAGATATGCCA_002,157
GGGCTCACTGAGATATGCCA_003,102
GGGCTCACTGAGATATGCCA_004,57
CAGCTTCTAAAGAATAGGCA_001,170
CAGCTTCTAAAGAATAGGCA_002,23
CAGCTTCTAAAGAATAGGCA_003,26
CAGCTTCTAAAGAATAGGCA_004,105
CAGCTTCTAAAGAATAGGCA_005,1
CAGCTTCTAAAGAATAGGCA_006,106
CAGCTTCTAAAGAATAGGCA_007,144
CAGCTTCTAAAGAATAGGCA_008,104
CAGCTTCTAAAGAATAGGCA_009,27
CAGCTTCTAAAGAATAGGCA_010,96
CAGCTTCTAAAGAATAGGCA_011,182
CAGCTTCTAAAGAATAGGCA_012,52
CAGCTTCTAAAGAATAGGCA_013,40
AAAAGTGAACACAGACACCG_001,138
AAAAGTGAACACAGACACCG_002,62
AAAAGTGAACACAGACACCG_003,27
AAAAGTGAACACAGACACCG_004,88
AAAAGTGAACACAGACACCG_005,78
AAAAGTGAACACAGACACCG_006,28
AAAAGTGAACACAGACACCG_007,156
AAAAGTGAACACAGACACCG_008,148
AAAAGTGAACACAGACACCG_009,50
AAAAGTGAACACAGACACCG_010,119
AAAAGTGAACACAGACACCG_011,113
AAAAGTGAACACAGACACCG_012,26
AAAAGTGAACACAGACACCG_013,198
CATCAAGGTCTTTCCCAACG_001,42
CTGCACGATCACAGCCCTAG_001,37
CTGCACGATCACAGCCCTAG_002,65
CTGCACGATCACAGCCCTAG_003,27
CTGCACGATCACAGCCCTAG_004,22
CTGCACGATCACAGCCCTAG_005,40
CTGCACGATCACAGCCCTAG_006,78
CTGCACGATCACAGCCCTAG_007,146
CTGCACGATCACAGCCCTAG_008,37
CTGCACGATCACAGCCCTAG_009,184
CTGCACGATCACAGCCCTAG_010,28
CTGCACGATCACAGCCCTAG_011,90
CTGCACGATCACAGCCCTAG_012,23
CTGCACGATCACAGCCCTAG_013,191
GCTGGAGCTAAGTGAAATGG_001,123
GCTGGAGCTAAGTGAAATGG_002,142
GCTGGAGCTAAGTGAAATGG_003,17
CAGGATAGACCAAGCAAACC_001,175
GGTCACTGAGCCAACCGAAG_001,94
GGTCACTGAGCCAACCGAAG_002,114
GGTCACTGAGCCAACCGAAG_003,15
GTCAGGACTCACATCCATGT_001,0
GTCAGGACTCACATCCATGT_002,115
GTCAGGACTCACATCCATGT_003,55
GTCAGGACTCACATCCATGT_004,72
GTCAGGACTCACATCCATGT_005,28
GTCAGGACTCACATCCATGT_006,127
GTCAGGACTCACATCCATGT_007,93
GTCAGGACTCACATCCATGT_008,81
GTCAGGACTCACATCCATGT_009,156
GTCAGGACTCACATCCATGT_010,48
GTCAGGACTCACATCCATGT_011,74
GTCAGGACTCACATCCATGT_012,155
GTCAGGACTCACATCCATGT_013,56
GTCATGTCCATGGAGAACAA_001,54
GTCATGTCCATGGAGAACAA_002,9
GTCATGTCCATGGAGAACAA_003,24
GTCATGTCCATGGAGAACAA_004,84
GTCATGTCCATGGAGAACAA_005,192
GTCATGTCCATGGAGAACAA_006,160
GTCATGTCCATGGAGAACAA_007,156
GTCATGTCCATGGAGAACAA_008,143
GTCATGTCCATGGAGAACAA_009,69
GTCATGTCCATGGAGAACAA_010,19
GTCATGTCCATGGAGAACAA_011,127
GTCATGTCCATGGAGAACAA_012,31
GTCATGTCCATGGAGAACAA_013,70
GTCATGTCCATGGAGAACAA_014,187
GTCATGTCCATGGAGAACAA_015,190
GTCATGTCCATGGAGAACAA_016,48
GTCATGTCCATGGAGAACAA_017,27
GTCATGTCCATGGAGAACAA_018,198
GTCATGTCCATGGAGAACAA_019,158
GTCATGTCCATGGAGAACAA_020,108
TTTACTGGCATCTAGATCCG_001,6
TTTACTGGCATCTAGATCCG_002,15
TTTACTGGCATCTAGATCCG_003,15
TCGTCAAGGTGTGTAAGCGG_001,57
TCGTCAAGGTGTGTAAGCGG_002,38
TCGTCAAGGTGTGTAAGCGG_003,130
ACAAGGGCACCATGGGCGGA_001,15
ACAAGGGCACCATGGGCGGA_002,36
ACAAGGGCACCATGGGCGGA_003,12
ACAAGGGCACCATGGGCGGA_004,122
ACAAGGGCACCATGGGCGGA_005,134
ACAAGGGCACCATGGGCGGA_006,127
ACAAGGGCACCATGGGCGGA_007,93
ACAAGGGCACCATGGGCGGA_008,70
ACAAGGGCACCATGGGCGGA_009,83
ACAAGGGCACCATGGGCGGA_010,102
ACAAGGGCACCATGGGCGGA_011,58
ACAAGGGCACCATGGGCGGA_012,180
ACAAGGGCACCATGGGCGGA_013,99
ACAAGGGCACCATGGGCGGA_014,118
ACAAGGGCACCATGGGCGGA_015,28
ACAAGGGCACCATGGGCGGA_016,179
ACAAGGGCACCATGGGCGGA_017,78
ACAAGGGCACCATGGGCGGA_018,1
ACAAGGGCACCATGGGCGGA_019,38
ACAAGGGCACCATGGGCGGA_020,158
ATATTACATCAACCAAGACT_001,26
ATATTACATCAACCAAGACT_002,70
ATATTACATCAACCAAGACT_003,146
ATATTACATCAACCAAGACT_004,48
TTGGCACGGAATGAATCCAG_001,48
TTGGCACGGAATGAATCCAG_002,171
TTGGCACGGAATGAATCCAG_003,118
TTGGCACGGAATGAATCCAG_004,61
TTGGCACGGAATGAATCCAG_005,180
TTGGCACGGAATGAATCCAG_006,33
TTGGCACGGAATGAATCCAG_007,167
TTGGCACGGAATGAATCCAG_008,167
TTGGCACGGAATGAATCCAG_009,15
GGAACACCTTGAACACCCGG_001,77
GGAACACCTTGAACACCCGG_002,183
GGAACACCTTGAACACCCGG_003,3
GGAACACCTTGAACACCCGG_004,155
GGAACACCTTGAACACCCGG_005,15
GGAACACCTTGAACACCCGG_006,110
GGAACACCTTGAACACCCGG_007,83
GGAACACCTTGAACACCCGG_008,63
ACTGCAAACTCATGATACAT_001,140
ACTGCAAACTCATGATACAT_002,49
ACTGCAAACTCATGATACAT_003,19
ACTGCAAACTCATGATACAT_004,189
AACCACTGTAGGGTTAGCAT_001,161
AACCACTGTAGGGTTAGCAT_002,103
AACCACTGTAGGGTTAGCAT_003,103
AACCACTGTAGGGTTAGCAT_004,141
AACCACTGTAGGGTTAGCAT_005,168
AACCACTGTAGGGTTAGCAT_006,56
AACCACTGTAGGGTTAGCAT_007,65
AACCACTGTAGGGTTAGCAT_008,9
AACCACTGTAGGGTTAGCAT_009,12
AACCACTGTAGGGTTAGCAT_010,52
AACCACTGTAGGGTTAGCAT_011,115
AACCACTGTAGGGTTAGCAT_012,103
AACCACTGTAGGGTTAGCAT_013,138
CGGGCGTACGAAGGCGCCCA_001,8
CGGGCGTACGAAGGCGCCCA_002,115
CGGGCGTACGAAGGCGCCCA_003,113
CGGGCGTACGAAGGCGCCCA_004,182
CGGGCGTACGAAGGCGCCCA_005,40
CGGGCGTACGAAGGCGCCCA_006,135
CGGGCGTACGAAGGCGCCCA_007,11
CGGGCGTACGAAGGCGCCCA_008,154
CGGGCGTACGAAGGCGCCCA_009,91
CGGGCGTACGAAGGCGCCCA_010,183
CGGGCGTACGAAGGCGCCCA_011,124
CGGGCGTACGAAGGCGCCCA_012,184
CGGGCGTACGAAGGCGCCCA_013,169
CGGGCGTACGAAGGCGCCCA_014,138
CGGGCGTACGAAGGCGCCCA_015,80
CGGGCGTACGAAGGCGCCCA_016,166
CGGGCGTACGAAGGCGCCCA_017,113
CGAGCCTCCGCCGATCCACC_001,181
CGAGCCTCCGCCGATCCACC_002,175
CGAGCCTCCGCCGATCCACC_003,149
CGAGCCTCCGCCGATCCACC_004,155
AGAGCCATCGGAAATTTCCG_001,88
AGAGCCATCGGAAATTTCCG_002,15
CTCTTCGATTTGAAGCAACG_001,172
CTCTTCGATTTGAAGCAACG_002,92
CTCTTCGATTTGAAGCAACG_003,145
CTCTTCGATTTGAAGCAACG_004,197
CTCTTCGATTTGAAGCAACG_005,28
CTCTTCGATTTGAAGCAACG_006,121
CTCTTCGATTTGAAGCAACG_007,121
CTCTTCGATTTGAAGCAACG_008,105
CTCTTCGATTTGAAGCAACG_009,130
AACCTACTCCATTGATAACG_001,176
AACCTACTCCATTGATAACG_002,48
AACCTACTCCATTGATAACG_003,2
AACCTACTCCATTGATAACG_004,19
GCGATGCGCATAGATGCACT_001,46
GCGATGCGCATAGATGCACT_002,158
GCGATGCGCATAGATGCACT_003,48
GCGATGCGCATAGATGCACT_004,114
GCGATGCGCATAGATGCACT_005,51
GCGATGCGCATAGATGCACT_006,65
GCGATGCGCATAGATGCACT_007,158
GCGATGCGCATAGATGCACT_008,12
GCTACATCAAGCTGAGAACG_001,63
TCAAACGAGGCTCTGACTGA_001,121
TCAAACGAGGCTCTGACTGA_002,60
TCAAACGAGGCTCTGACTGA_003,130
TCAAACGAGGCTCTGACTGA_004,46
TCAAACGAGGCTCTGACTGA_005,152
TCAAACGAGGCTCTGACTGA_006,34
TCAAACGAGGCTCTGACTGA_007,112
TCAAACGAGGCTCTGACTGA_008,33
TCAAACGAGGCTCTGACTGA_009,141
TCAAACGAGGCTCTGACTGA_010,57
TGTTCTCCCATCTCAGTGCT_001,34
TGTTCTCCCATCTCAGTGCT_002,44
TGTTCTCCCATCTCAGTGCT_003,19
TGTTCTCCCATCTCAGTGCT_004,72
TGTTCTCCCATCTCAGTGCT_005,31
TGTTCTCCCATCTCAGTGCT_006,49
TGTTCTCCCATCTCAGTGCT_007,56
TGTTCTCCCATCTCAGTGCT_008,78
TGTTCTCCCATCTCAGTGCT_009,151
GAAGAAAAAGACAAGCCTCG_001,48
GAAGAAAAAGACAAGCCTCG_002,188
GAAGAAAAAGACAAGCCTCG_003,150
GAAGAAAAAGACAAGCCTCG_004,77
GAAGAAAAAGACAAGCCTCG_005,191
GAAGAAAAAGACAAGCCTCG_006,129
GAAGAAAAAGACAAGCCTCG_007,4
GAAGAAAAAGACAAGCCTCG_008,147
GAAGAAAAAGACAAGCCTCG_009,98
ATATCATCCAAATAGGACTC_001,59
ATATCATCCAAATAGGACTC_002,77
ATATCATCCAAATAGGACTC_003,63
ATATCATCCAAATAGGACTC_004,13
ATGACCACGATGAGCGCCAG_001,137
ATGACCACGATGAGCGCCAG_002,141
ATGACCACGATGAGCGCCAG_003,118
ATGACCACGATGAGCGCCAG_004,124
ATGACCACGATGAGCGCCAG_005,157
ATGACCACGATGAGCGCCAG_006,159
ATGACCACGATGAGCGCCAG_007,199
ATGACCACGATGAGCGCCAG_008,56
ATGACCACGATGAGCGCCAG_009,11
ATGACCACGATGAGCGCCAG_010,60
ATGACCACGATGAGCGCCAG_011,164
ATGACCACGATGAGCGCCAG_012,164
ATGACCACGATGAGCGCCAG_013,108
ATGACCACGATGAGCGCCAG_014,160
ATGACCACGATGAGCGCCAG_015,147
ATGACCACGATGAGCGCCAG_016,150
ATGACCACGATGAGCGCCAG_017,83
ATGACCACGATGAGCGCCAG_018,120
ATGACCACGATGAGCGCCAG_019,192
ATGACCACGATGAGCGCCAG_020,165
ATGACCACGATGAGCGCCAG_021,168
ATGACCACGATGAGCGCCAG_022,100
ATGACCACGATGAGCGCCAG_023,32
ATGACCACGATGAGCGCCAG_024,135
ATGACCACGATGAGCGCCAG_025,45
ATGACCACGATGAGCGCCAG_026,69
ATGACCACGATGAGCGCCAG_027,150
ATGACCACGATGAGCGCCAG_028,50
ATGACCACGATGAGCGCCAG_029,94
ATGACCACGATGAGCGCCAG_030,158
ATGACCACGATGAGCGCCAG_031,168
ATGACCACGATGAGCGCCAG_032,39
ATGACCACGATGAGCGCCAG_033,45
ATGACCACGATGAGCGCCAG_034,17
ATGACCACGATGAGCGCCAG_035,55
ATGACCACGATGAGCGCCAG_036,150
ATGACCACGATGAGCGCCAG_037,3
ATGACCACGATGAGCGCCAG_038,103
ATGACCACGATGAGCGCCAG_039,152
ATGACCACGATGAGCGCCAG_040,4
ATGACCACGATGAGCGCCAG_041,33
ATGACCACGATGAGCGCCAG_042,30
CACACACTGCCTTTCGCCAA_001,165
CACACACTGCCTTTCGCCAA_002,136
CACACACTGCCTTTCGCCAA_003,82
CACACACTGCCTTTCGCCAA_004,198
CACACACTGCCTTTCGCCAA_005,56
GTACACGGTGAACTCGTGCG_001,102
GTACACGGTGAACTCGTGCG_002,159
GTACACGGTGAACTCGTGCG_003,156
GTACACGGTGAACTCGTGCG_004,31
GTACACGGTGAACTCGTGCG_005,96
GTACACGGTGAACTCGTGCG_006,160
GTACACGGTGAACTCGTGCG_007,6
GTACACGGTGAACTCGTGCG_008,161
GTACACGGTGAACTCGTGCG_009,194
GTACACGGTGAACTCGTGCG_010,27
GTACACGGTGAACTCGTGCG_011,197
GTACACGGTGAACTCGTGCG_012,20
GTACACGGTGAACTCGTGCG_013,61
GTACACGGTGAACTCGTGCG_014,139
GTACACGGTGAACTCGTGCG_015,139
GTACACGGTGAACTCGTGCG_016,106
GTACACGGTGAACTCGTGCG_017,137
GTACACGGTGAACTCGTGCG_018,155
GTACACGGTGAACTCGTGCG_019,144
GTACACGGTGAACTCGTGCG_020,2
GTACACGGTGAACTCGTGCG_021,2
GTACACGGTGAACTCGTGCG_022,112
GTACACGGTGAACTCGTGCG_023,59
GGTGACCATGGCCGACCGGG_001,29
GGTGACCATGGCCGACCGGG_002,43
GGTGACCATGGCCGACCGGG_003,130
GGTGACCATGGCCGACCGGG_004,4
GGTGACCATGGCCGACCGGG_005,130
GGTGACCATGGCCGACCGGG_006,137
GGTGACCATGGCCGACCGGG_007,118
GGTGACCATGGCCGACCGGG_008,59
GGTGACCATGGCCGACCGGG_009,158
GGTGACCATGGCCGACCGGG_010,145
GGTGACCATGGCCGACCGGG_011,75
GGTGACCATGGCCGACCGGG_012,14
GGTGACCATGGCCGACCGGG_013,18
GGTGACCATGGCCGACCGGG_014,194
GGTGACCATGGCCGACCGGG_015,102
GGTGACCATGGCCGACCGGG_016,50
GGTGACCATGGCCGACCGGG_017,48
GGTGACCATGGCCGACCGGG_018,3
GGTGACCATGGCCGACCGGG_019,165
GGTGACCATGGCCGACCGGG_020,149
GGTGACCATGGCCGACCGGG_021,153
GGTGACCATGGCCGACCGGG_022,168
GGTGACCATGGCCGACCGGG_023,81
GAAGGTACAAGTAAAGCCTG_001,145
GAAGGTACAAGTAAAGCCTG_002,110
GAAGGTACAAGTAAAGCCTG_003,18
TTTAAACTGTAGTGACAGAC_001,86
TTTAAACTGTAGTGACAGAC_002,13
TTTAAACTGTAGTGACAGAC_003,196
TTTAAACTGTAGTGACAGAC_004,77
TTTAAACTGTAGTGACAGAC_005,162
TTTAAACTGTAGTGACAGAC_006,166
ATACCTCAGATCTGTACACC_001,115
ATACCTCAGATCTGTACACC_002,140
ATACCTCAGATCTGTACACC_003,197
ATACCTCAGATCTGTACACC_004,50
ATACCTCAGATCTGTACACC_005,144
ATACCTCAGATCTGTACACC_006,194
AGCCATTATCGTAAAGCCGT_001,166
AGCCATTATCGTAAAGCCGT_002,22
AGCCATTATCGTAAAGCCGT_003,44
AGCCATTATCGTAAAGCCGT_004,34
AGCCATTATCGTAAAGCCGT_005,75
ATCCTCACAGTAGTTACTGT_001,106
ATCCTCACAGTAGTTACTGT_002,119
ATCCTCACAGTAGTTACTGT_003,87
ATCCTCACAGTAGTTACTGT_004,76
ATCCTCACAGTAGTTACTGT_005,45
ATCCTCACAGTAGTTACTGT_006,81
ATCCTCACAGTAGTTACTGT_007,94
ATCCTCACAGTAGTTACTGT_008,55
ATCCTCACAGTAGTTACTGT_009,120
ATCCTCACAGTAGTTACTGT_010,9
ATCCTCACAGTAGTTACTGT_011,16
ATCCTCACAGTAGTTACTGT_012,106
ATCCTCACAGTAGTTACTGT_013,17
ATCCTCACAGTAGTTACTGT_014,98
GAGTCACCTCATTTAAAGGT_001,41
GAGTCACCTCATTTAAAGGT_002,15
ACCTTCGTGAGGAGCTAACC_001,47
ACCTTCGTGAGGAGCTAACC_002,16
ACCTTCGTGAGGAGCTAACC_003,66
GATTCAGGGCCTGTACACGT_001,127
GATTCAGGGCCTGTACACGT_002,5
GATTCAGGGCCTGTACACGT_003,160
GATTCAGGGCCTGTACACGT_004,102
CGTGGTTGTCCCAGGGCGCG_001,27
CGTGGTTGTCCCAGGGCGCG_002,98
CGTGGTTGTCCCAGGGCGCG_003,104
CGTGGTTGTCCCAGGGCGCG_004,44
CGTGGTTGTCCCAGGGCGCG_005,27
CGTGGTTGTCCCAGGGCGCG_006,182
CGTGGTTGTCCCAGGGCGCG_007,156
CGTGGTTGTCCCAGGGCGCG_008,1
CGTGGTTGTCCCAGGGCGCG_009,166
CGTGGTTGTCCCAGGGCGCG_010,49
CGTGGTTGTCCCAGGGCGCG_011,12
CGTGGTTGTCCCAGGGCGCG_012,54
CGTGGTTGTCCCAGGGCGCG_013,51
CGTGGTTGTCCCAGGGCGCG_014,134
CGTGGTTGTCCCAGGGCGCG_015,149
CGTGGTTGTCCCAGGGCGCG_016,199
CGTGGTTGTCCCAGGGCGCG_017,127
CGTGGTTGTCCCAGGGCGCG_018,70
CGTGGTTGTCCCAGGGCGCG_019,144
CGTGGTTGTCCCAGGGCGCG_020,175
CGTGGTTGTCCCAGGGCGCG_021,3
CGTGGTTGTCCCAGGGCGCG_022,104
CGTGGTTGTCCCAGGGCGCG_023,13
CAAGCCCCCAGTCCCAATCG_001,19
CAAGCCCCCAGTCCCAATCG_002,15
CAAGCCCCCAGTCCCAATCG_003,48
CAAGCCCCCAGTCCCAATCG_004,149
CAAGCCCCCAGTCCCAATCG_005,49
CAAGCCCCCAGTCCCAATCG_006,49
CAAGCCCCCAGTCCCAATCG_007,96
CAAGCCCCCAGTCCCAATCG_008,38
CAAGCCCCCAGTCCCAATCG_009,137
CAAGCCCCCAGTCCCAATCG_010,60
CAAGCCCCCAGTCCCAATCG_011,45
CAAGCCCCCAGTCCCAATCG_012,158
CAAGCCCCCAGTCCCAATCG_013,12
CAAGCCCCCAGTCCCAATCG_014,141
CAAGCCCCCAGTCCCAATCG_015,115
CAAGCCCCCAGTCCCAATCG_016,48
CAAGCCCCCAGTCCCAATCG_017,15
CAAGCCCCCAGTCCCAATCG_018,145
CTTTAAGGTCAAGTATAGCT_001,52
CTTTAAGGTCAAGTATAGCT_002,86
CTTTAAGGTCAAGTATAGCT_003,78
CTTTAAGGTCAAGTATAGCT_004,185
CTTTAAGGTCAAGTATAGCT_005,7
CTTTAAGGTCAAGTATAGCT_006,158
CTTTAAGGTCAAGTATAGCT_007,40
CTTTAAGGTCAAGTATAGCT_008,14
CTTTAAGGTCAAGTATAGCT_009,144
CTTTAAGGTCAAGTATAGCT_010,9
TGGCTGGGGACTAGATACAT_001,92
TGGCTGGGGACTAGATACAT_002,48
TGGCTGGGGACTAGATACAT_003,16
TGGCTGGGGACTAGATACAT_004,101
TGGCTGGGGACTAGATACAT_005,170
TGGCTGGGGACTAGATACAT_006,94
TGGCTGGGGACTAGATACAT_007,12
TGGCTGGGGACTAGATACAT_008,1
TGGCTGGGGACTAGATACAT_009,178
TGGCTGGGGACTAGATACAT_010,98
TGGCTGGGGACTAGATACAT_011,105
TGGCTGGGGACTAGATACAT_012,175
TGGCTGGGGACTAGATACAT_013,184
TGGCTGGGGACTAGATACAT_014,39
TGGCTGGGGACTAGATACAT_015,2
TGGCTGGGGACTAGATACAT_016,57
TGGCTGGGGACTAGATACAT_017,98
TGGCTGGGGACTAGATACAT_018,186
GCTGCATCAGTCAAACACCG_001,121
GCTGCATCAGTCAAACACCG_002,136
GCTGCATCAGTCAAACACCG_003,115
GCTGCATCAGTCAAACACCG_004,79
CAGCAGCAGAAAATTATCCA_001,194
CAGCAGCAGAAAATTATCCA_002,30
CAGCAGCAGAAAATTATCCA_003,161
CAGCAGCAGAAAATTATCCA_004,54
CAGCAGCAGAAAATTATCCA_005,181
CAGCAGCAGAAAATTATCCA_006,124
CAGCAGCAGAAAATTATCCA_007,168
CACCAACACCAGCCTGCTTG_001,29
CACCAACACCAGCCTGCTTG_002,69
CACCAACACCAGCCTGCTTG_003,183
CACCAACACCAGCCTGCTTG_004,79
CACCAACACCAGCCTGCTTG_005,144
CACCAACACCAGCCTGCTTG_006,28
CACCAACACCAGCCTGCTTG_007,68
CCTCCCGTGTACTTACACGA_001,186
CCTCCCGTGTACTTACACGA_002,188
CCTCCCGTGTACTTACACGA_003,62
CCTCCCGTGTACTTACACGA_004,35
CCTCCCGTGTACTTACACGA_005,174
ACCTTATTGAAGATCAGCCC_001,39
ACCTTATTGAAGATCAGCCC_002,3
CTCCACTAGTCCCCGCGCCG_001,6
CTCCACTAGTCCCCGCGCCG_002,4
CTCCACTAGTCCCCGCGCCG_003,148
CTCCACTAGTCCCCGCGCCG_004,13
CTCCACTAGTCCCCGCGCCG_005,28
CTCCACTAGTCCCCGCGCCG_006,78
CTCCACTAGTCCCCGCGCCG_007,127
CTCCACTAGTCCCCGCGCCG_008,48
CTCCACTAGTCCCCGCGCCG_009,105
CTCCACTAGTCCCCGCGCCG_010,63
CTCCACTAGTCCCCGCGCCG_011,197
CTCCACTAGTCCCCGCGCCG_012,144
CTCCTTCAGTGATGGAACGG_001,21
CTCCTTCAGTGATGGAACGG_002,90
CTCCTTCAGTGATGGAACGG_003,199
CTCCTTCAGTGATGGAACGG_004,185
CTCCTTCAGTGATGGAACGG_005,103
CTCCTTCAGTGATGGAACGG_006,85
CTCCTTCAGTGATGGAACGG_007,57
CTCCTTCAGTGATGGAACGG_008,15
CTCCTTCAGTGATGGAACGG_009,81
CTTCTCTTCTATGTGGACCA_001,105
CTTCTCTTCTATGTGGACCA_002,85
CTTCTCTTCTATGTGGACCA_003,53
CTTCTCTTCTATGTGGACCA_004,190
CTTCTCTTCTATGTGGACCA_005,70
CTTCTCTTCTATGTGGACCA_006,41
CTTCTCTTCTATGTGGACCA_007,159
CTTCTCTTCTATGTGGACCA_008,24
CTTCTCTTCTATGTGGACCA_009,195
CTTCTCTTCTATGTGGACCA_010,2
CTTCTCTTCTATGTGGACCA_011,162
CTTCTCTTCTATGTGGACCA_012,66
GCTTGCAGATAGCCACACAC_001,53
GCTTGCAGATAGCCACACAC_002,171
GCTTGCAGATAGCCACACAC_003,8
GCTTGCAGATAGCCACACAC_004,187
GCTTGCAGATAGCCACACAC_005,177
GCTTGCAGATAGCCACACAC_006,22
GCTTGCAGATAGCCACACAC_007,19
GCTTGCAGATAGCCACACAC_008,188
CCAAGCTTCCGAAGGCTCTG_001,197
TGGGCGATACTCAGGGTCCG_001,178
TGGGCGATACTCAGGGTCCG_002,72
TGGGCGATACTCAGGGTCCG_003,63
TGGGCGATACTCAGGGTCCG_004,70
TGGGCGATACTCAGGGTCCG_005,82
TGGGCGATACTCAGGGTCCG_006,123
TGGGCGATACTCAGGGTCCG_007,125
TGGGCGATACTCAGGGTCCG_008,199
TGGGCGATACTCAGGGTCCG_009,81
TGGGCGATACTCAGGGTCCG_010,85
TGGGCGATACTCAGGGTCCG_011,68
TGGGCGATACTCAGGGTCCG_012,169
AGTTAAATCACTGCTGCTCA_001,187
AGTTAAATCACTGCTGCTCA_002,48
TTACTCAGTGCATGGTACAC_001,13
TTACTCAGTGCATGGTACAC_002,90
CTGGCCAAGAACAACCGGCT_001,124
CTGGCCAAGAACAACCGGCT_002,35
CTGGCCAAGAACAACCGGCT_003,9
CTGGCCAAGAACAACCGGCT_004,113
TCTGGCACACGCGCTTCACG_001,191
TCTGGCACACGCGCTTCACG_002,158
TCTGGCACACGCGCTTCACG_003,141
TCTGGCACACGCGCTTCACG_004,158
TCTGGCACACGCGCTTCACG_005,162
TCTGGCACACGCGCTTCACG_006,58
TCTGGCACACGCGCTTCACG_007,119
TCTGCATAGATGATGTCACT_001,15
TCTGCATAGATGATGTCACT_002,120
TCTGCATAGATGATGTCACT_003,162
TCTGCATAGATGATGTCACT_004,185
CGAGACCAATAACAACGACG_001,52
CGAGACCAATAACAACGACG_002,27
CGAGACCAATAACAACGACG_003,82
CGAGACCAATAACAACGACG_004,165
CGAGACCAATAACAACGACG_005,47
CGAGACCAATAACAACGACG_006,42
CGAGACCAATAACAACGACG_007,166
CGAGACCAATAACAACGACG_008,27
GTAATCCCGGACAGAGAAGT_001,117
GCACTGTGCGGCGAGTCTCA_001,56
GCACTGTGCGGCGAGTCTCA_002,168
GCACTGTGCGGCGAGTCTCA_003,127
GCACTGTGCGGCGAGTCTCA_004,174
GCACTGTGCGGCGAGTCTCA_005,38
GCACTGTGCGGCGAGTCTCA_006,25
GCACTGTGCGGCGAGTCTCA_007,190
GCACTGTGCGGCGAGTCTCA_008,136
GCACTGTGCGGCGAGTCTCA_009,153
GCACTGTGCGGCGAGTCTCA_010,99
GCACTGTGCGGCGAGTCTCA_011,126
GCACTGTGCGGCGAGTCTCA_012,175
GCACTGTGCGGCGAGTCTCA_013,170
CCGAGGCCGGATATTCTGTG_001,174
GAAGGCCTCAGACAGAATCG_001,117
GAAGGCCTCAGACAGAATCG_002,17
GAGTGCCACAGAATAAGCAA_001,152
GAGTGCCACAGAATAAGCAA_002,68
GAGTGCCACAGAATAAGCAA_003,91
GAGTGCCACAGAATAAGCAA_004,115
GAGTGCCACAGAATAAGCAA_005,8
GAGTGCCACAGAATAAGCAA_006,141
GAGTGCCACAGAATAAGCAA_007,110
GAGTGCCACAGAATAAGCAA_008,33
GAGTGCCACAGAATAAGCAA_009,152
GAGTGCCACAGAATAAGCAA_010,26
GAGTGCCACAGAATAAGCAA_011,121
GAGTGCCACAGAATAAGCAA_012,52
GAGTGCCACAGAATAAGCAA_013,13
GAGTGCCACAGAATAAGCAA_014,182
GAGTGCCACAGAATAAGCAA_015,21
GAGTGCCACAGAATAAGCAA_016,188
GAGTGCCACAGAATAAGCAA_017,106
ACACCATAAACAACACCCTG_001,120
ACACCATAAACAACACCCTG_002,106
ACACCATAAACAACACCCTG_003,65
ACACCATAAACAACACCCTG_004,81
ACACCATAAACAACACCCTG_005,163
ACACCATAAACAACACCCTG_006,105
ACACCATAAACAACACCCTG_007,52
ACACCATAAACAACACCCTG_008,130
ACACCATAAACAACACCCTG_009,150
ACACCATAAACAACACCCTG_010,181
ACACCATAAACAACACCCTG_011,98
ACACCATAAACAACACCCTG_012,169
ACACCATAAACAACACCCTG_013,3
ACACCATAAACAACACCCTG_014,74
ACACCATAAACAACACCCTG_015,12
ACACCATAAACAACACCCTG_016,166
ACACCATAAACAACACCCTG_017,71
ACACCATAAACAACACCCTG_018,138
ACACCATAAACAACACCCTG_019,56
ACACCATAAACAACACCCTG_020,3
ACACCATAAACAACACCCTG_021,114
ACACCATAAACAACACCCTG_022,17
ACACCATAAACAACACCCTG_023,31
ACACCATAAACAACACCCTG_024,77
ACACCATAAACAACACCCTG_025,88
ACACCATAAACAACACCCTG_026,184
ACACCATAAACAACACCCTG_027,4
ACACCATAAACAACACCCTG_028,72
GGGTGATCCATTAACTGACT_001,141
GGGTGATCCATTAACTGACT_002,172
GGGTGATCCATTAACTGACT_003,51
GGGTGATCCATTAACTGACT_004,0
GGGTGATCCATTAACTGACT_005,194
GGGTGATCCATTAACTGACT_006,55
GGGTGATCCATTAACTGACT_007,70
GGGTGATCCATTAACTGACT_008,160
GGGTGATCCATTAACTGACT_009,176
GGGTGATCCATTAACTGACT_010,127
CCAACTTCTACGCAGAACAG_001,191
CCAACTTCTACGCAGAACAG_002,81
CCAACTTCTACGCAGAACAG_003,20
CCAACTTCTACGCAGAACAG_004,80
CCAACTTCTACGCAGAACAG_005,18
CCAACTTCTACGCAGAACAG_006,105
CTTCGATCTGCTCGTACTTG_001,154
CTTCGATCTGCTCGTACTTG_002,115
CTTCGATCTGCTCGTACTTG_003,48
CAAACACTACAAGTCCACGG_001,2
CAAACACTACAAGTCCACGG_002,140
CAAACACTACAAGTCCACGG_003,53
CAAACACTACAAGTCCACGG_004,78
CAAACACTACAAGTCCACGG_005,14
CAAACACTACAAGTCCACGG_006,3
AGGACACTCCACTTACACAC_001,116
AGGACACTCCACTTACACAC_002,156
AGGACACTCCACTTACACAC_003,156
AGGACACTCCACTTACACAC_004,94
AGGACACTCCACTTACACAC_005,32
AGGACACTCCACTTACACAC_006,54
AGGACACTCCACTTACACAC_007,161
AGGACACTCCACTTACACAC_008,94
AGGACACTCCACTTACACAC_009,40
AGCTTGTAGAGCACCTCTCG_001,130
AGCTTGTAGAGCACCTCTCG_002,140
AGCTTGTAGAGCACCTCTCG_003,32
AGCTTGTAGAGCACCTCTCG_004,23
AGCTTGTAGAGCACCTCTCG_005,190
AGCTTGTAGAGCACCTCTCG_006,146
AGCTTGTAGAGCACCTCTCG_007,91
AGCTTGTAGAGCACCTCTCG_008,15
AGCTTGTAGAGCACCTCTCG_009,56
AGCTTGTAGAGCACCTCTCG_010,30
AGCTTGTAGAGCACCTCTCG_011,44
AGCTTGTAGAGCACCTCTCG_012,49
AGCTTGTAGAGCACCTCTCG_013,121
AGCTTGTAGAGCACCTCTCG_014,127
AGCTTGTAGAGCACCTCTCG_015,134
AGCTTGTAGAGCACCTCTCG_016,88
AGCTTGTAGAGCACCTCTCG_017,21
AGCTTGTAGAGCACCTCTCG_018,118
AGCTTGTAGAGCACCTCTCG_019,150
AGCTTGTAGAGCACCTCTCG_020,68
AGCTTGTAGAGCACCTCTCG_021,62
CAGCTGACTTCGGCTTCGCG_001,80
CAGCTGACTTCGGCTTCGCG_002,1
CAGCTGACTTCGGCTTCGCG_003,158
GCGAGCGGCATGAACATGAG_001,60
GCGAGCGGCATGAACATGAG_002,188
GCGAGCGGCATGAACATGAG_003,62
GCGAGCGGCATGAACATGAG_004,111
GCGAGCGGCATGAACATGAG_005,24
GCGAGCGGCATGAACATGAG_006,1
GCGAGCGGCATGAACATGAG_007,6
GCGAGCGGCATGAACATGAG_008,81
GCGAGCGGCATGAACATGAG_009,48
GCGAGCGGCATGAACATGAG_010,88
GCGAGCGGCATGAACATGAG_011,61
GCGAGCGGCATGAACATGAG_012,171
GCGAGCGGCATGAACATGAG_013,137
GCGAGCGGCATGAACATGAG_014,89
GCGAGCGGCATGAACATGAG_015,32
GCGAGCGGCATGAACATGAG_016,61
GCGAGCGGCATGAACATGAG_017,116
GCGAGCGGCATGAACATGAG_018,45
GCGAGCGGCATGAACATGAG_019,129
GCGAGCGGCATGAACATGAG_020,0
GCGAGCGGCATGAACATGAG_021,45
GCGAGCGGCATGAACATGAG_022,130
GCGAGCGGCATGAACATGAG_023,116
GCGAGCGGCATGAACATGAG_024,177
GCGAGCGGCATGAACATGAG_025,56
GCGAGCGGCATGAACATGAG_026,28
TACAGTGATTAAGCCACCTG_001,37
TACAGTGATTAAGCCACCTG_002,162
TACAGTGATTAAGCCACCTG_003,8
TACAGTGATTAAGCCACCTG_004,149
TACAGTGATTAAGCCACCTG_005,150
TACAGTGATTAAGCCACCTG_006,13
TACAGTGATTAAGCCACCTG_007,147
TACAGTGATTAAGCCACCTG_008,40
TACAGTGATTAAGCCACCTG_009,37
TACAGTGATTAAGCCACCTG_010,62
TACAGTGATTAAGCCACCTG_011,75
TACAGTGATTAAGCCACCTG_012,130
TACAGTGATTAAGCCACCTG_013,38
TACAGTGATTAAGCCACCTG_014,78
GAGTAGTCCACGATGTGGGT_001,199
GAGTAGTCCACGATGTGGGT_002,145
GAGTAGTCCACGATGTGGGT_003,144
GAGTAGTCCACGATGTGGGT_004,148
GAGTAGTCCACGATGTGGGT_005,36
GTCACCCCAAGTACGCCTTG_001,62
GTCACCCCAAGTACGCCTTG_002,177
GTCACCCCAAGTACGCCTTG_003,41
GTCACCCCAAGTACGCCTTG_004,188
GTCACCCCAAGTACGCCTTG_005,171
GTCACCCCAAGTACGCCTTG_006,168
GTCACCCCAAGTACGCCTTG_007,63
GTCACCCCAAGTACGCCTTG_008,105
GTCACCCCAAGTACGCCTTG_009,75
GTCACCCCAAGTACGCCTTG_010,142
GTCACCCCAAGTACGCCTTG_011,18
GTGTTCGTCTGAGACATGTA_001,90
CAAGCGCTAGAAATCAGTGG_001,23
CAAGCGCTAGAAATCAGTGG_002,62
CAAGCGCTAGAAATCAGTGG_003,61
CAAGCGCTAGAAATCAGTGG_004,161
TCTGTAACCTGAGGCCAACT_001,175
TCTGTAACCTGAGGCCAACT_002,41
TCTGTAACCTGAGGCCAACT_003,146
ACTTTACTACATGAGTATGT_001,187
ATTGTCAGATATATTCCGGG_001,116
ATTGTCAGATATATTCCGGG_002,168
ACGGTGGCCAGACTTTAACC_001,150
ACGGTGGCCAGACTTTAACC_002,83
ACGGTGGCCAGACTTTAACC_003,16
ACGGTGGCCAGACTTTAACC_004,97
ACGGTGGCCAGACTTTAACC_005,5
ACGGTGGCCAGACTTTAACC_006,16
ACGGTGGCCAGACTTTAACC_007,115
ACGGTGGCCAGACTTTAACC_008,150
ACGGTGGCCAGACTTTAACC_009,144
ACGGTGGCCAGACTTTAACC_010,141
ACGGTGGCCAGACTTTAACC_011,10
CACTATCGGAGGTGTCATCG_001,92
CACTATCGGAGGTGTCATCG_002,198
CACTATCGGAGGTGTCATCG_003,70
CACTATCGGAGGTGTCATCG_004,1
CACTATCGGAGGTGTCATCG_005,88
CACTATCGGAGGTGTCATCG_006,68
CACTATCGGAGGTGTCATCG_007,103
CACTATCGGAGGTGTCATCG_008,157
CACTATCGGAGGTGTCATCG_009,169
CACTATCGGAGGTGTCATCG_010,137
CACTATCGGAGGTGTCATCG_011,177
CACTATCGGAGGTGTCATCG_012,50
CACTATCGGAGGTGTCATCG_013,16
CACTATCGGAGGTGTCATCG_014,19
CACTATCGGAGGTGTCATCG_015,154
CACTATCGGAGGTGTCATCG_016,141
CACTATCGGAGGTGTCATCG_017,191
CACTATCGGAGGTGTCATCG_018,46
CACTATCGGAGGTGTCATCG_019,2
CACTATCGGAGGTGTCATCG_020,175
CACTATCGGAGGTGTCATCG_021,175
CACTATCGGAGGTGTCATCG_022,43
CACTATCGGAGGTGTCATCG_023,61
CACTATCGGAGGTGTCATCG_024,105
CACTATCGGAGGTGTCATCG_025,17
CACTATCGGAGGTGTCATCG_026,77
CACTATCGGAGGTGTCATCG_027,49
CACTATCGGAGGTGTCATCG_028,175
CACTATCGGAGGTGTCATCG_029,100
CACTATCGGAGGTGTCATCG_030,155
CACTATCGGAGGTGTCATCG_031,19
CACTATCGGAGGTGTCATCG_032,124
CACTATCGGAGGTGTCATCG_033,57
CGTTGGGGGCTACATCTGTG_001,6
CGTTGGGGGCTACATCTGTG_002,15
CGTTGGGGGCTACATCTGTG_003,48
CGTTGGGGGCTACATCTGTG_004,90
GGAGAGACAGCTAATGAGTG_001,51
GGAGAGACAGCTAATGAGTG_002,65
GGAGAGACAGCTAATGAGTG_003,190
GGAGAGACAGCTAATGAGTG_004,57
GGAGAGACAGCTAATGAGTG_005,118
GGAGAGACAGCTAATGAGTG_006,40
GGAGAGACAGCTAATGAGTG_007,158
GGAGAGACAGCTAATGAGTG_008,147
GGAGAGACAGCTAATGAGTG_009,198
GGAGAGACAGCTAATGAGTG_010,121
GGAGAGACAGCTAATGAGTG_011,87
GGAGAGACAGCTAATGAGTG_012,1
GGAGAGACAGCTAATGAGTG_013,49
GAGGATGCCCTGAGACACGG_001,132
GAGGATGCCCTGAGACACGG_002,86
GAGGATGCCCTGAGACACGG_003,86
GAGGATGCCCTGAGACACGG_004,40
GAGGATGCCCTGAGACACGG_005,166
GAGGATGCCCTGAGACACGG_006,106
GAGGATGCCCTGAGACACGG_007,74
GAGGATGCCCTGAGACACGG_008,50
AGCTTGTCTACCACACGCGG_001,182
AGCTTGTCTACCACACGCGG_002,81
AGCTTGTCTACCACACGCGG_003,12
AGCTTGTCTACCACACGCGG_004,198
AGCTTGTCTACCACACGCGG_005,111
AGCTTGTCTACCACACGCGG_006,9
AGCTTGTCTACCACACGCGG_007,42
AGCTTGTCTACCACACGCGG_008,42
AGCTTGTCTACCACACGCGG_009,141
AGCTTGTCTACCACACGCGG_010,175
AGCTTGTCTACCACACGCGG_011,139
GCTGTATGAGAACCGAGACT_001,127
GCTGTATGAGAACCGAGACT_002,160
GCTGTATGAGAACCGAGACT_003,3
GCTGTATGAGAACCGAGACT_004,124
GCTGTATGAGAACCGAGACT_005,17
GCTGTATGAGAACCGAGACT_006,187
GCTGTATGAGAACCGAGACT_007,23
GCTGTATGAGAACCGAGACT_008,177
GCTGTATGAGAACCGAGACT_009,65
GCTGTATGAGAACCGAGACT_010,108
GCTGTATGAGAACCGAGACT_011,82
GCTGTATGAGAACCGAGACT_012,87
GCTGTATGAGAACCGAGACT_013,58
GCTGTATGAGAACCGAGACT_014,41
GCTGTATGAGAACCGAGACT_015,188
GCTGTATGAGAACCGAGACT_016,89
GCTGTATGAGAACCGAGACT_017,1
GCTGTATGAGAACCGAGACT_018,190
GCTGTATGAGAACCGAGACT_019,103
GCTGTATGAGAACCGAGACT_020,150
GCTGTATGAGAACCGAGACT_021,122
GTTGCGAGGAAGCTTCCTCG_001,193
GTTGCGAGGAAGCTTCCTCG_002,30
GTTGCGAGGAAGCTTCCTCG_003,2
GTTGCGAGGAAGCTTCCTCG_004,54
TCTTGAGCTGCTCATACTCG_001,67
TCTTGAGCTGCTCATACTCG_002,168
TCTTGAGCTGCTCATACTCG_003,44
GTACTACTGTAACTGCGACG_001,169
GTACTACTGTAACTGCGACG_002,3
GTACTACTGTAACTGCGACG_003,163
TGGGTTTAACTCAACTACAG_001,80
TGGGTTTAACTCAACTACAG_002,6
TGGGTTTAACTCAACTACAG_003,181
TGGGTTTAACTCAACTACAG_004,137
TGGGTTTAACTCAACTACAG_005,130
TGGGTTTAACTCAACTACAG_006,19
TGGGTTTAACTCAACTACAG_007,105
TGGGTTTAACTCAACTACAG_008,34
TGGGTTTAACTCAACTACAG_009,156
TGGGTTTAACTCAACTACAG_010,29
TGGGTTTAACTCAACTACAG_011,45
TGGGTTTAACTCAACTACAG_012,61
TGGGTTTAACTCAACTACAG_013,56
TGGGTTTAACTCAACTACAG_014,142
TGGGTTTAACTCAACTACAG_015,2
TGGGTTTAACTCAACTACAG_016,94
TGGGTTTAACTCAACTACAG_017,60
TGGGTTTAACTCAACTACAG_018,77
TGGGTTTAACTCAACTACAG_019,63
TGGGTTTAACTCAACTACAG_020,12
TGGGTTTAACTCAACTACAG_021,198
TGGGTTTAACTCAACTACAG_022,88
TGGGTTTAACTCAACTACAG_023,47
TGGGTTTAACTCAACTACAG_024,179
TGGGTTTAACTCAACTACAG_025,179
TGGGTTTAACTCAACTACAG_026,22
AAGATGCCAAAGCTCACGAG_001,137
AAGATGCCAAAGCTCACGAG_002,94
AAGATGCCAAAGCTCACGAG_003,146
AAGATGCCAAAGCTCACGAG_004,4
AAGATGCCAAAGCTCACGAG_005,170
AAGATGCCAAAGCTCACGAG_006,121
AAGATGCCAAAGCTCACGAG_007,80
AAGATGCCAAAGCTCACGAG_008,178
AAGATGCCAAAGCTCACGAG_009,78
AAGATGCCAAAGCTCACGAG_010,69
AAGATGCCAAAGCTCACGAG_011,52
AAGATGCCAAAGCTCACGAG_012,154
AAGATGCCAAAGCTCACGAG_013,76
AAGATGCCAAAGCTCACGAG_014,41
AAGATGCCAAAGCTCACGAG_015,48
AAGATGCCAAAGCTCACGAG_016,128
AAGATGCCAAAGCTCACGAG_017,175
AAGATGCCAAAGCTCACGAG_018,33
AAGATGCCAAAGCTCACGAG_019,36
AAGATGCCAAAGCTCACGAG_020,6
AAGATGCCAAAGCTCACGAG_021,191
AAGATGCCAAAGCTCACGAG_022,55
AAGATGCCAAAGCTCACGAG_023,86
AAGATGCCAAAGCTCACGAG_024,108
AAGATGCCAAAGCTCACGAG_025,125
GCGCTCGATGTCGATATAGT_001,0
GCGCTCGATGTCGATATAGT_002,154
GCGCTCGATGTCGATATAGT_003,129
GCGCTCGATGTCGATATAGT_004,11
GCGCTCGATGTCGATATAGT_005,140
GCGCTCGATGTCGATATAGT_006,9
GCGCCCAAAGAACTACCCGC_001,172
GCGCCCAAAGAACTACCCGC_002,169
GCGCCCAAAGAACTACCCGC_003,26
GCGCCCAAAGAACTACCCGC_004,104
GCGCCCAAAGAACTACCCGC_005,197
GCGCCCAAAGAACTACCCGC_006,197
GCGCCCAAAGAACTACCCGC_007,88
GCGCCCAAAGAACTACCCGC_008,26
GCGCCCAAAGAACTACCCGC_009,178
GCGCCCAAAGAACTACCCGC_010,88
GCGCCCAAAGAACTACCCGC_011,176
GCGCCCAAAGAACTACCCGC_012,177
GCGCCCAAAGAACTACCCGC_013,71
GCGCCCAAAGAACTACCCGC_014,67
GCGCCCAAAGAACTACCCGC_015,169
GCGCCCAAAGAACTACCCGC_016,192
GCGCCCAAAGAACTACCCGC_017,174
GCGCCCAAAGAACTACCCGC_018,147
GCGCCCAAAGAACTACCCGC_019,103
GCGCCCAAAGAACTACCCGC_020,108
GCGCCCAAAGAACTACCCGC_021,87
GCGCCCAAAGAACTACCCGC_022,88
GCGCCCAAAGAACTACCCGC_023,158
GCGCCCAAAGAACTACCCGC_024,16
GCGCCCAAAGAACTACCCGC_025,70
GCGCCCAAAGAACTACCCGC_026,162
GCGCCCAAAGAACTACCCGC_027,81
GCGCCCAAAGAACTACCCGC_028,96
GCGCCCAAAGAACTACCCGC_029,130
GCGCCCAAAGAACTACCCGC_030,12
GCGCCCAAAGAACTACCCGC_031,47
GCGCCCAAAGAACTACCCGC_032,15
GCGCCCAAAGAACTACCCGC_033,116
GCGCCCAAAGAACTACCCGC_034,135
GCGCCCAAAGAACTACCCGC_035,192
GCGCCCAAAGAACTACCCGC_036,60
GCGCCCAAAGAACTACCCGC_037,57
GCGCCCAAAGAACTACCCGC_038,3
GCGCCCAAAGAACTACCCGC_039,96
GCGCCCAAAGAACTACCCGC_040,81
GCGCCCAAAGAACTACCCGC_041,162
GCGCCCAAAGAACTACCCGC_042,10
GCGCCCAAAGAACTACCCGC_043,150
GCGCCCAAAGAACTACCCGC_044,52
GCGCCCAAAGAACTACCCGC_045,113
GCGCCCAAAGAACTACCCGC_046,135
GCGCCCAAAGAACTACCCGC_047,39
TGAAGGCAACTAAGGGACAA_001,198
TGAAGGCAACTAAGGGACAA_002,154
TGAAGGCAACTAAGGGACAA_003,151
TGAAGGCAACTAAGGGACAA_004,4
TGAAGGCAACTAAGGGACAA_005,34
TGAAGGCAACTAAGGGACAA_006,28
TGAAGGCAACTAAGGGACAA_007,49
TGAAGGCAACTAAGGGACAA_008,12
TGAAGGCAACTAAGGGACAA_009,28
TGAAGGCAACTAAGGGACAA_010,47
TGAAGGCAACTAAGGGACAA_011,107
TGAAGGCAACTAAGGGACAA_012,58
TGAAGGCAACTAAGGGACAA_013,141
TGAAGGCAACTAAGGGACAA_014,86
TGAAGGCAACTAAGGGACAA_015,0
TGAAGGCAACTAAGGGACAA_016,27
TGAAGGCAACTAAGGGACAA_017,99
TCCAGCATGCTGATTCCCTG_001,146
TCCAGCATGCTGATTCCCTG_002,140
TCCAGCATGCTGATTCCCTG_003,114
TCCAGCATGCTGATTCCCTG_004,139
TCCAGCATGCTGATTCCCTG_005,139
TCCAGCATGCTGATTCCCTG_006,31
TATTAAATTTAAATCCAAAG_001,29
TATTAAATTTAAATCCAAAG_002,88
GCAACAATGTCAGCCAGCTG_001,96
GCAACAATGTCAGCCAGCTG_002,147
GCAACAATGTCAGCCAGCTG_003,172
GCAACAATGTCAGCCAGCTG_004,36
GCAACAATGTCAGCCAGCTG_005,113
GCAACAATGTCAGCCAGCTG_006,176
GCAACAATGTCAGCCAGCTG_007,29
GCAACAATGTCAGCCAGCTG_008,84
GCAACAATGTCAGCCAGCTG_009,5
GCAACAATGTCAGCCAGCTG_010,198
GCAACAATGTCAGCCAGCTG_011,115
GCAACAATGTCAGCCAGCTG_012,1
GCAACAATGTCAGCCAGCTG_013,86
GCAACAATGTCAGCCAGCTG_014,25
GCAACAATGTCAGCCAGCTG_015,182
GCAACAATGTCAGCCAGCTG_016,28
GCAACAATGTCAGCCAGCTG_017,31
GCAACAATGTCAGCCAGCTG_018,182
GCAACAATGTCAGCCAGCTG_019,134
GCAACAATGTCAGCCAGCTG_020,24
GCAACAATGTCAGCCAGCTG_021,195
GCAACAATGTCAGCCAGCTG_022,102
GCAACAATGTCAGCCAGCTG_023,44
GCAACAATGTCAGCCAGCTG_024,115
GCAACAATGTCAGCCAGCTG_025,140
GCAACAATGTCAGCCAGCTG_026,107
GCAACAATGTCAGCCAGCTG_027,78
AGACCGTGAGGATCCATCAA_001,6
AGACCGTGAGGATCCATCAA_002,81
AGACCGTGAGGATCCATCAA_003,176
AGACCGTGAGGATCCATCAA_004,198
AGACCGTGAGGATCCATCAA_005,81
AGACCGTGAGGATCCATCAA_006,134
AGACCGTGAGGATCCATCAA_007,22
AGACCGTGAGGATCCATCAA_008,6
GCGATCAGCTGACCCCACAA_001,1
GCGATCAGCTGACCCCACAA_002,80
GCGATCAGCTGACCCCACAA_003,38
GCGATCAGCTGACCCCACAA_004,124
GCGATCAGCTGACCCCACAA_005,46
GCGATCAGCTGACCCCACAA_006,49
AAACTGCGCATAGACGAAGT_001,42
AAACTGCGCATAGACGAAGT_002,40
AAACTGCGCATAGACGAAGT_003,4
AAACTGCGCATAGACGAAGT_004,145
AAACTGCGCATAGACGAAGT_005,118
AAACTGCGCATAGACGAAGT_006,148
AAACTGCGCATAGACGAAGT_007,183
AAACTGCGCATAGACGAAGT_008,55
AAACTGCGCATAGACGAAGT_009,92
AAACTGCGCATAGACGAAGT_010,1
AAACTGCGCATAGACGAAGT_011,1
AAACTGCGCATAGACGAAGT_012,44
ATGCTAATTAAAGTGAAGGT_001,96
ATGCTAATTAAAGTGAAGGT_002,189
ATGCTAATTAAAGTGAAGGT_003,127
ATGCTAATTAAAGTGAAGGT_004,70
AGGTTCATGTAGTCCGGCGT_001,173
AGGTTCATGTAGTCCGGCGT_002,71
AGGTTCATGTAGTCCGGCGT_003,170
AGGTTCATGTAGTCCGGCGT_004,178
AGGTTCATGTAGTCCGGCGT_005,75
AGGTTCATGTAGTCCGGCGT_006,29
AGGTTCATGTAGTCCGGCGT_007,1
AGGTTCATGTAGTCCGGCGT_008,147
AGGTTCATGTAGTCCGGCGT_009,40
AGGTTCATGTAGTCCGGCGT_010,150
AGGTTCATGTAGTCCGGCGT_011,115
AGGTTCATGTAGTCCGGCGT_012,95
AGGTTCATGTAGTCCGGCGT_013,100
AGGTTCATGTAGTCCGGCGT_014,163
AGGTTCATGTAGTCCGGCGT_015,169
AGGTTCATGTAGTCCGGCGT_016,77
AGGTTCATGTAGTCCGGCGT_017,146
AGGTTCATGTAGTCCGGCGT_018,69
AGGTTCATGTAGTCCGGCGT_019,77
CGGATGACACGTCCTCCGAG_001,48
CGGATGACACGTCCTCCGAG_002,47
CGGATGACACGTCCTCCGAG_003,135
CGGATGACACGTCCTCCGAG_004,57
CGGATGACACGTCCTCCGAG_005,38
CGGATGACACGTCCTCCGAG_006,151
CGGATGACACGTCCTCCGAG_007,38
CGGATGACACGTCCTCCGAG_008,182
CGGATGACACGTCCTCCGAG_009,113
CGGATGACACGTCCTCCGAG_010,32
CGGATGACACGTCCTCCGAG_011,81
CGGATGACACGTCCTCCGAG_012,63
CGGATGACACGTCCTCCGAG_013,8
GTGAGTCACAAATCTACCAG_001,184
GTGAGTCACAAATCTACCAG_002,150
GTGAGTCACAAATCTACCAG_003,174
GTGAGTCACAAATCTACCAG_004,105
GTGAGTCACAAATCTACCAG_005,50
GTGAGTCACAAATCTACCAG_006,89
GTGAGTCACAAATCTACCAG_007,58
GTGAGTCACAAATCTACCAG_008,138
GTGAGTCACAAATCTACCAG_009,27
GTGAGTCACAAATCTACCAG_010,198
TATACCCGAAGACGTACTGG_001,133
TATACCCGAAGACGTACTGG_002,48
TATACCCGAAGACGTACTGG_003,20
TATACCCGAAGACGTACTGG_004,17
TATACCCGAAGACGTACTGG_005,139
TATACCCGAAGACGTACTGG_006,197
TATACCCGAAGACGTACTGG_007,168
TATACCCGAAGACGTACTGG_008,130
TATACCCGAAGACGTACTGG_009,68
TATACCCGAAGACGTACTGG_010,98
TATACCCGAAGACGTACTGG_011,148
GGAGGAGGCCAAAGTAGACG_001,171
GGAGGAGGCCAAAGTAGACG_002,47
TCAGGACTTGTATTGGTCAG_001,27
TCAGGACTTGTATTGGTCAG_002,47
TCAGGACTTGTATTGGTCAG_003,34
TCAGGACTTGTATTGGTCAG_004,11
TGGGCCATACCGGAGCTGTG_001,78
TGGGCCATACCGGAGCTGTG_002,122
TGGGCCATACCGGAGCTGTG_003,140
TGGGCCATACCGGAGCTGTG_004,161
TGGGCCATACCGGAGCTGTG_005,16
TGGGCCATACCGGAGCTGTG_006,63
TGGGCCATACCGGAGCTGTG_007,97
TGGGCCATACCGGAGCTGTG_008,16
TGGGCCATACCGGAGCTGTG_009,190
TGGGCCATACCGGAGCTGTG_010,184
TGGGCCATACCGGAGCTGTG_011,64
TGTGCTGAAGCGGCCACATG_001,195
TGTGCTGAAGCGGCCACATG_002,68
TGTGCTGAAGCGGCCACATG_003,96
TGTGCTGAAGCGGCCACATG_004,38
TGTGCTGAAGCGGCCACATG_005,17
TGTGCTGAAGCGGCCACATG_006,23
TGTGCTGAAGCGGCCACATG_007,172
TGTGCTGAAGCGGCCACATG_008,171
TGTGCTGAAGCGGCCACATG_009,13
TGTGCTGAAGCGGCCACATG_010,75
TGTGCTGAAGCGGCCACATG_011,98
TGTGCTGAAGCGGCCACATG_012,16
TGTGCTGAAGCGGCCACATG_013,83
TGTGCTGAAGCGGCCACATG_014,196
TGTGCTGAAGCGGCCACATG_015,59
TGTGCTGAAGCGGCCACATG_016,5
TGTGCTGAAGCGGCCACATG_017,120
TGTGCTGAAGCGGCCACATG_018,99
TGTGCTGAAGCGGCCACATG_019,169
TGTGCTGAAGCGGCCACATG_020,141
TGTGCTGAAGCGGCCACATG_021,129
TGTGCTGAAGCGGCCACATG_022,197
TGTGCTGAAGCGGCCACATG_023,199
TGTGCTGAAGCGGCCACATG_024,127
TGTGCTGAAGCGGCCACATG_025,162
CTGGTATCCAGTCACCTCGA_001,149
CTGGTATCCAGTCACCTCGA_002,49
CTGGTATCCAGTCACCTCGA_003,61
CTGGTATCCAGTCACCTCGA_004,191
CTGGTATCCAGTCACCTCGA_005,5
CTGGTATCCAGTCACCTCGA_006,97
CTGGTATCCAGTCACCTCGA_007,107
CTGGTATCCAGTCACCTCGA_008,92
CTGGTATCCAGTCACCTCGA_009,99
AGAGCATTAGGACCAAGGCT_001,172
AGAGCATTAGGACCAAGGCT_002,47
CTGACCACGACTACCCACCG_001,184
CTGACCACGACTACCCACCG_002,127
CTGACCACGACTACCCACCG_003,35
CTGACCACGACTACCCACCG_004,127
CTGACCACGACTACCCACCG_005,198
CTGACCACGACTACCCACCG_006,153
CTGACCACGACTACCCACCG_007,81
CTGACCACGACTACCCACCG_008,198
CTGACCACGACTACCCACCG_009,172
CTGACCACGACTACCCACCG_010,2
CTGACCACGACTACCCACCG_011,9
CTGACCACGACTACCCACCG_012,34
CTGACCACGACTACCCACCG_013,104
CTGACCACGACTACCCACCG_014,188
CTGACCACGACTACCCACCG_015,5
CTGACCACGACTACCCACCG_016,1
CTGACCACGACTACCCACCG_017,55
CTGACCACGACTACCCACCG_018,121
CTGACCACGACTACCCACCG_019,170
CTGACCACGACTACCCACCG_020,160
GGCATGCAGTGATAGCTGTG_001,137
GGCATGCAGTGATAGCTGTG_002,112
GGCATGCAGTGATAGCTGTG_003,175
GGCATGCAGTGATAGCTGTG_004,158
GGCATGCAGTGATAGCTGTG_005,45
GGCATGCAGTGATAGCTGTG_006,6
GGCATGCAGTGATAGCTGTG_007,65
GGCATGCAGTGATAGCTGTG_008,28
GGCATGCAGTGATAGCTGTG_009,74
CCTGCTATATCAACATAGCG_001,75
CCTGCTATATCAACATAGCG_002,121
CCTGCTATATCAACATAGCG_003,112
GCACACACCTCTCCCCACCA_001,110
GCACACACCTCTCCCCACCA_002,138
GCACACACCTCTCCCCACCA_003,82
GCACACACCTCTCCCCACCA_004,162
GCACACACCTCTCCCCACCA_005,141
GCACACACCTCTCCCCACCA_006,34
GCACACACCTCTCCCCACCA_007,38
GCACACACCTCTCCCCACCA_008,80
GCACACACCTCTCCCCACCA_009,162
GCACACACCTCTCCCCACCA_010,120
GCACACACCTCTCCCCACCA_011,34
GCACACACCTCTCCCCACCA_012,4
GCACACACCTCTCCCCACCA_013,134
GCACACACCTCTCCCCACCA_014,12
GCACACACCTCTCCCCACCA_015,133
GCACACACCTCTCCCCACCA_016,82
GCACACACCTCTCCCCACCA_017,158
GCACACACCTCTCCCCACCA_018,148
GCACACACCTCTCCCCACCA_019,127
GCACACACCTCTCCCCACCA_020,164
GCACACACCTCTCCCCACCA_021,164
GCACACACCTCTCCCCACCA_022,150
GCACACACCTCTCCCCACCA_023,158
GCTGTGACTGAACTCCAGAT_001,125
GCTGTGACTGAACTCCAGAT_002,183
GCTGTGACTGAACTCCAGAT_003,8
GCTGTGACTGAACTCCAGAT_004,77
GCTGTGACTGAACTCCAGAT_005,175
GCTGTGACTGAACTCCAGAT_006,34
GCTGTGACTGAACTCCAGAT_007,199
GCTGTGACTGAACTCCAGAT_008,177
GCTGTGACTGAACTCCAGAT_009,142
GCTGTGACTGAACTCCAGAT_010,149
GCTGTGACTGAACTCCAGAT_011,69
CAGGCGGGATTGTAACCCAG_001,172
CAGGCGGGATTGTAACCCAG_002,17
CAGGCGGGATTGTAACCCAG_003,88
CAGGCGGGATTGTAACCCAG_004,83
CAGGCGGGATTGTAACCCAG_005,77
CAGGCGGGATTGTAACCCAG_006,82
CAGGCGGGATTGTAACCCAG_007,158
TCACTGGCAACTCTCCGTCG_001,13
TCACTGGCAACTCTCCGTCG_002,48
TTCCCACGGGACAGCTACAG_001,50
TTCCCACGGGACAGCTACAG_002,127
TTCCCACGGGACAGCTACAG_003,145
TTCCCACGGGACAGCTACAG_004,190
TTCCCACGGGACAGCTACAG_005,93
TTCCCACGGGACAGCTACAG_006,11
TTCCCACGGGACAGCTACAG_007,107
TTCCCACGGGACAGCTACAG_008,146
TTCCCACGGGACAGCTACAG_009,105
TTCCCACGGGACAGCTACAG_010,147
TTCCCACGGGACAGCTACAG_011,43
AGAAATTCGGAGGTCTTCAG_001,51
AGAAATTCGGAGGTCTTCAG_002,45
AGAAATTCGGAGGTCTTCAG_003,106
AGAAATTCGGAGGTCTTCAG_004,11
AGAAATTCGGAGGTCTTCAG_005,27
AGAAATTCGGAGGTCTTCAG_006,47
AGAAATTCGGAGGTCTTCAG_007,40
AGAAATTCGGAGGTCTTCAG_008,61
AGAAATTCGGAGGTCTTCAG_009,58
AGAAATTCGGAGGTCTTCAG_010,62
AGAAATTCGGAGGTCTTCAG_011,17
AGAAATTCGGAGGTCTTCAG_012,134
AGAAATTCGGAGGTCTTCAG_013,141
AAGGTTCCTCATAACCCTCG_001,20
AAGGTTCCTCATAACCCTCG_002,49
AAGGTTCCTCATAACCCTCG_003,52
TCCTTGATATCTGAAATACT_001,66
TCCTTGATATCTGAAATACT_002,81
TGAGGTCCTGGGCGATCCAG_001,77
TGAGGTCCTGGGCGATCCAG_002,105
TGAGGTCCTGGGCGATCCAG_003,32
TGAGGTCCTGGGCGATCCAG_004,134
TGAGGTCCTGGGCGATCCAG_005,112
TGAGGTCCTGGGCGATCCAG_006,91
TTTCAAACATGACCCCACGT_001,161
TTTCAAACATGACCCCACGT_002,65
TTTCAAACATGACCCCACGT_003,8
TTTCAAACATGACCCCACGT_004,58
TTTCAAACATGACCCCACGT_005,28
TTTCAAACATGACCCCACGT_006,142
TTTCAAACATGACCCCACGT_007,172
TTTCAAACATGACCCCACGT_008,63
TTTGGTACATGACAGAGGCG_001,12
TTTGGTACATGACAGAGGCG_002,166
TTTGGTACATGACAGAGGCG_003,118
TTTGGTACATGACAGAGGCG_004,141
TTTGGTACATGACAGAGGCG_005,181
ACTCCGATAGTCCATAGCAA_001,189
ACTCCGATAGTCCATAGCAA_002,110
ACTCCGATAGTCCATAGCAA_003,121
ACTCCGATAGTCCATAGCAA_004,148
ACTCCGATAGTCCATAGCAA_005,174
TAGCCCTGTAAGAATCAATG_001,146
TAGCCCTGTAAGAATCAATG_002,49
TAGCCCTGTAAGAATCAATG_003,42
TGGAGCGCGGGAAGTCCACA_001,50
TGGAGCGCGGGAAGTCCACA_002,55
TGGAGCGCGGGAAGTCCACA_003,17
TGGAGCGCGGGAAGTCCACA_004,50
TGGAGCGCGGGAAGTCCACA_005,86
TGGAGCGCGGGAAGTCCACA_006,88
TGGAGCGCGGGAAGTCCACA_007,146
TGGAGCGCGGGAAGTCCACA_008,9
TGGAGCGCGGGAAGTCCACA_009,94
TGGAGCGCGGGAAGTCCACA_010,199
TGGAGCGCGGGAAGTCCACA_011,184
TGGAGCGCGGGAAGTCCACA_012,98
TGGAGCGCGGGAAGTCCACA_013,107
TGGAGCGCGGGAAGTCCACA_014,156
TGGAGCGCGGGAAGTCCACA_015,177
TGGAGCGCGGGAAGTCCACA_016,2
TGGAGCGCGGGAAGTCCACA_017,120
TGGAGCGCGGGAAGTCCACA_018,171
TGGAGCGCGGGAAGTCCACA_019,168
TGGAGCGCGGGAAGTCCACA_020,158
TGGAGCGCGGGAAGTCCACA_021,171
AACAGAATAGTCAATGGACA_001,184
AACAGAATAGTCAATGGACA_002,34
AACAGAATAGTCAATGGACA_003,115
AACAGAATAGTCAATGGACA_004,134
AACAGAATAGTCAATGGACA_005,102
AACAGAATAGTCAATGGACA_006,102
AACAGAATAGTCAATGGACA_007,30
AGCCAAGAGCTGAGTCCCGT_001,77
AGCCAAGAGCTGAGTCCCGT_002,37
AGCCAAGAGCTGAGTCCCGT_003,138
AGCCAAGAGCTGAGTCCCGT_004,107
AGCCAAGAGCTGAGTCCCGT_005,94
AGCCAAGAGCTGAGTCCCGT_006,50
AGCCAAGAGCTGAGTCCCGT_007,22
AGCCAAGAGCTGAGTCCCGT_008,42
AGCCAAGAGCTGAGTCCCGT_009,179
AGCCAAGAGCTGAGTCCCGT_010,174
AGCCAAGAGCTGAGTCCCGT_011,113
AGCCAAGAGCTGAGTCCCGT_012,22
AGCCAAGAGCTGAGTCCCGT_013,157
AGCCAAGAGCTGAGTCCCGT_014,157
AGCCAAGAGCTGAGTCCCGT_015,58
AGCCAAGAGCTGAGTCCCGT_016,132
AGCCAAGAGCTGAGTCCCGT_017,126
AGCCAAGAGCTGAGTCCCGT_018,21
AGCCAAGAGCTGAGTCCCGT_019,127
AGCCAAGAGCTGAGTCCCGT_020,76
AGCCAAGAGCTGAGTCCCGT_021,41
AGCCAAGAGCTGAGTCCCGT_022,184
AGCCAAGAGCTGAGTCCCGT_023,79
AGCCAAGAGCTGAGTCCCGT_024,86
AGCCAAGAGCTGAGTCCCGT_025,183
AGCCAAGAGCTGAGTCCCGT_026,96
AGCCAAGAGCTGAGTCCCGT_027,186
AGCCAAGAGCTGAGTCCCGT_028,24
AGCCAAGAGCTGAGTCCCGT_029,56
AGCCAAGAGCTGAGTCCCGT_030,166
AGCTACTATCATTCCCACAA_001,156
AAAGTACTGCATGAGGCCGA_001,148
AAAGTACTGCATGAGGCCGA_002,71
AAAGTACTGCATGAGGCCGA_003,171
GGGGGTCTGTAAGGACAGCA_001,127
GGGGGTCTGTAAGGACAGCA_002,88
GGGGGTCTGTAAGGACAGCA_003,35
GGGGGTCTGTAAGGACAGCA_004,146
GGGGGTCTGTAAGGACAGCA_005,97
GGGGGTCTGTAAGGACAGCA_006,175
ATGAAAGTGAACTCACCCTA_001,170
ATGAAAGTGAACTCACCCTA_002,102
ATGAAAGTGAACTCACCCTA_003,83
ATGAAAGTGAACTCACCCTA_004,104
ATGAAAGTGAACTCACCCTA_005,50
ATGAAAGTGAACTCACCCTA_006,188
GCCTGACGAGTTCTTCGAGG_001,166
GCCTGACGAGTTCTTCGAGG_002,62
GCCTGACGAGTTCTTCGAGG_003,104
GCCTGACGAGTTCTTCGAGG_004,8
GCCTGACGAGTTCTTCGAGG_005,169
GCCTGACGAGTTCTTCGAGG_006,6
GGTCATTGACAATCTGGCAC_001,2
GGTCATTGACAATCTGGCAC_002,155
GGTCATTGACAATCTGGCAC_003,191
AAGACCTTGGATTGCCAGTG_001,77
AAGACCTTGGATTGCCAGTG_002,49
AAGACCTTGGATTGCCAGTG_003,38
AAGACCTTGGATTGCCAGTG_004,158
AAGACCTTGGATTGCCAGTG_005,67
AAGACCTTGGATTGCCAGTG_006,177
AAGACCTTGGATTGCCAGTG_007,82
AAGACCTTGGATTGCCAGTG_008,61
AAGACCTTGGATTGCCAGTG_009,40
TGGAGATGCAGCAGCTAGGG_001,152
TGGAGATGCAGCAGCTAGGG_002,105
TGGAGATGCAGCAGCTAGGG_003,90
TGGAGATGCAGCAGCTAGGG_004,150
TGGAGATGCAGCAGCTAGGG_005,121
TGGAGATGCAGCAGCTAGGG_006,89
TGGAGATGCAGCAGCTAGGG_007,134
TGGAGATGCAGCAGCTAGGG_008,127
TGGAGATGCAGCAGCTAGGG_009,43
TGGAGATGCAGCAGCTAGGG_010,102
TGGAGATGCAGCAGCTAGGG_011,160
TGGAGATGCAGCAGCTAGGG_012,102
TGGAGATGCAGCAGCTAGGG_013,145
TGGAGATGCAGCAGCTAGGG_014,151
TGGAGATGCAGCAGCTAGGG_015,171
TGGAGATGCAGCAGCTAGGG_016,9
TGGAGATGCAGCAGCTAGGG_017,119
TGGAGATGCAGCAGCTAGGG_018,104
AGGCGGTCTCGATCACGCGG_001,183
AGGCGGTCTCGATCACGCGG_002,113
AAGCATCTCAGGTACAGCGC_001,42
AAGCATCTCAGGTACAGCGC_002,137
AAGCATCTCAGGTACAGCGC_003,8
AAGCATCTCAGGTACAGCGC_004,31
AAGCATCTCAGGTACAGCGC_005,103
AAGCATCTCAGGTACAGCGC_006,176
AAGCATCTCAGGTACAGCGC_007,146
AAGCATCTCAGGTACAGCGC_008,49
AAGCATCTCAGGTACAGCGC_009,15
AAGCATCTCAGGTACAGCGC_010,168
AAGCATCTCAGGTACAGCGC_011,107
AAGCATCTCAGGTACAGCGC_012,162
AAGCATCTCAGGTACAGCGC_013,70
AAGCATCTCAGGTACAGCGC_014,80
AAGCATCTCAGGTACAGCGC_015,133
AAGCATCTCAGGTACAGCGC_016,97
AAGCATCTCAGGTACAGCGC_017,92
AAGCATCTCAGGTACAGCGC_018,177
AAGCATCTCAGGTACAGCGC_019,47
AAGCATCTCAGGTACAGCGC_020,2
ACTTCGGCTTTGCAAGCTGG_001,134
ACTTCGGCTTTGCAAGCTGG_002,186
ACTTCGGCTTTGCAAGCTGG_003,45
ACTTCGGCTTTGCAAGCTGG_004,105
ACTTCGGCTTTGCAAGCTGG_005,91
ACTTCGGCTTTGCAAGCTGG_006,57
ACTTCGGCTTTGCAAGCTGG_007,72
ACTTCGGCTTTGCAAGCTGG_008,70
ACTTCGGCTTTGCAAGCTGG_009,19
ACTTCGGCTTTGCAAGCTGG_010,1
ACTTCGGCTTTGCAAGCTGG_011,121
ATTTACCCTTTGTGAATTCG_001,69
ATTTACCCTTTGTGAATTCG_002,160
ATTTACCCTTTGTGAATTCG_003,87
ATTTACCCTTTGTGAATTCG_004,117
ATTTACCCTTTGTGAATTCG_005,77
ATTTACCCTTTGTGAATTCG_006,199
ATTTACCCTTTGTGAATTCG_007,110
ATTTACCCTTTGTGAATTCG_008,95
ATTTACCCTTTGTGAATTCG_009,188
CCACCGAGGAGACCGAACGC_001,169
CCACCGAGGAGACCGAACGC_002,58
CCACCGAGGAGACCGAACGC_003,56
CCACCGAGGAGACCGAACGC_004,56
CCACCGAGGAGACCGAACGC_005,113
CCACCGAGGAGACCGAACGC_006,113
CCACCGAGGAGACCGAACGC_007,152
CCACCGAGGAGACCGAACGC_008,137
CCACCGAGGAGACCGAACGC_009,107
CCACCGAGGAGACCGAACGC_010,105
CCACCGAGGAGACCGAACGC_011,41
CCACCGAGGAGACCGAACGC_012,30
CCACCGAGGAGACCGAACGC_013,53
CCACCGAGGAGACCGAACGC_014,173
CCACCGAGGAGACCGAACGC_015,160
CCACCGAGGAGACCGAACGC_016,156
CCACCGAGGAGACCGAACGC_017,102
CCACCGAGGAGACCGAACGC_018,40
GAAATTCACCGACTTCGAGG_001,40
GAAATTCACCGACTTCGAGG_002,127
GAAATTCACCGACTTCGAGG_003,104
GAAATTCACCGACTTCGAGG_004,150
GAAATTCACCGACTTCGAGG_005,172
GAAATTCACCGACTTCGAGG_006,106
GAAATTCACCGACTTCGAGG_007,27
GAAATTCACCGACTTCGAGG_008,194
GAAATTCACCGACTTCGAGG_009,102
GAAATTCACCGACTTCGAGG_010,147
TGATCGCTTGATATGACATG_001,199
TGATCGCTTGATATGACATG_002,17
TGATCGCTTGATATGACATG_003,40
TGATCGCTTGATATGACATG_004,104
TGATCGCTTGATATGACATG_005,44
GCTCGGCTATGGACCACACG_001,125
GCTCGGCTATGGACCACACG_002,6
GCTCGGCTATGGACCACACG_003,15
GCTCGGCTATGGACCACACG_004,101
GCTCGGCTATGGACCACACG_005,107
GCTCGGCTATGGACCACACG_006,107
GCTCGGCTATGGACCACACG_007,76
GCTCGGCTATGGACCACACG_008,59
GCTCGGCTATGGACCACACG_009,9
GCTCGGCTATGGACCACACG_010,28
GCTCGGCTATGGACCACACG_011,144
GCTCGGCTATGGACCACACG_012,91
GCTCGGCTATGGACCACACG_013,39
GCTCGGCTATGGACCACACG_014,188
GCTCGGCTATGGACCACACG_015,82
TCTGCTTGACCCATAGAAGG_001,110
TCTGCTTGACCCATAGAAGG_002,141
TCTGCTTGACCCATAGAAGG_003,86
GGCCCCGTTCTGGCTCGCGG_001,144
GGCCCCGTTCTGGCTCGCGG_002,63
GGCCCCGTTCTGGCTCGCGG_003,189
GGCCCCGTTCTGGCTCGCGG_004,54
GGCCCCGTTCTGGCTCGCGG_005,118
GGCCCCGTTCTGGCTCGCGG_006,94
GGCCCCGTTCTGGCTCGCGG_007,13
GGCCCCGTTCTGGCTCGCGG_008,148
GGCCCCGTTCTGGCTCGCGG_009,12
GGCCCCGTTCTGGCTCGCGG_010,15
GGCCCCGTTCTGGCTCGCGG_011,50
GGCCCCGTTCTGGCTCGCGG_012,48
GGCCCCGTTCTGGCTCGCGG_013,82
GGCCCCGTTCTGGCTCGCGG_014,1
GGCCCCGTTCTGGCTCGCGG_015,49
GGCCCCGTTCTGGCTCGCGG_016,99
GGCCCCGTTCTGGCTCGCGG_017,103
GGCCCCGTTCTGGCTCGCGG_018,3
GGCCCCGTTCTGGCTCGCGG_019,140
TGATCTGTCAGCTCGGCAAG_001,115
TGATCTGTCAGCTCGGCAAG_002,29
TGATCTGTCAGCTCGGCAAG_003,146
TGATCTGTCAGCTCGGCAAG_004,19
TGATCTGTCAGCTCGGCAAG_005,154
TGATCTGTCAGCTCGGCAAG_006,41
TGATCTGTCAGCTCGGCAAG_007,109
TGATCTGTCAGCTCGGCAAG_008,144
TGATCTGTCAGCTCGGCAAG_009,35
TCGCAGCGGCGTGGGATCGG_001,113
TCGCAGCGGCGTGGGATCGG_002,160
TCGCAGCGGCGTGGGATCGG_003,18
TCGCAGCGGCGTGGGATCGG_004,29
TCGCAGCGGCGTGGGATCGG_005,198
TCGCAGCGGCGTGGGATCGG_006,32
TCGCAGCGGCGTGGGATCGG_007,16
TCGCAGCGGCGTGGGATCGG_008,70
TCGCAGCGGCGTGGGATCGG_009,163
TCGCAGCGGCGTGGGATCGG_010,17
TCGCAGCGGCGTGGGATCGG_011,196
TCGCAGCGGCGTGGGATCGG_012,101
TCGCAGCGGCGTGGGATCGG_013,94
TCGCAGCGGCGTGGGATCGG_014,147
TCGCAGCGGCGTGGGATCGG_015,154
TCGCAGCGGCGTGGGATCGG_016,19
TCGCAGCGGCGTGGGATCGG_017,12
TCGCAGCGGCGTGGGATCGG_018,121
TCGCAGCGGCGTGGGATCGG_019,172
TCGCAGCGGCGTGGGATCGG_020,170
TCGCAGCGGCGTGGGATCGG_021,139
TCGCAGCGGCGTGGGATCGG_022,16
TCGCAGCGGCGTGGGATCGG_023,169
TCGCAGCGGCGTGGGATCGG_024,155
TCGCAGCGGCGTGGGATCGG_025,120
TCGCAGCGGCGTGGGATCGG_026,63
TCGCAGCGGCGTGGGATCGG_027,108
TCGCAGCGGCGTGGGATCGG_028,163
TCGCAGCGGCGTGGGATCGG_029,42
TCGCAGCGGCGTGGGATCGG_030,180
TCGCAGCGGCGTGGGATCGG_031,94
TCGCAGCGGCGTGGGATCGG_032,108
TCGCAGCGGCGTGGGATCGG_033,9
TCGCAGCGGCGTGGGATCGG_034,141
TCGCAGCGGCGTGGGATCGG_035,162
TCGCAGCGGCGTGGGATCGG_036,110
TCGCAGCGGCGTGGGATCGG_037,115
TCGCAGCGGCGTGGGATCGG_038,50
TCGCAGCGGCGTGGGATCGG_039,42
TCGCAGCGGCGTGGGATCGG_040,83
TCGCAGCGGCGTGGGATCGG_041,81
TCGCAGCGGCGTGGGATCGG_042,149
TCGCAGCGGCGTGGGATCGG_043,148
TCGCAGCGGCGTGGGATCGG_044,31
TCGCAGCGGCGTGGGATCGG_045,160
TCGCAGCGGCGTGGGATCGG_046,116
TCGCAGCGGCGTGGGATCGG_047,153
TCGCAGCGGCGTGGGATCGG_048,175
TCGCAGCGGCGTGGGATCGG_049,138
TCGCAGCGGCGTGGGATCGG_050,142
TCGCAGCGGCGTGGGATCGG_051,63
TCGCAGCGGCGTGGGATCGG_052,94
TCGCAGCGGCGTGGGATCGG_053,162
TCGCAGCGGCGTGGGATCGG_054,175
TCGCAGCGGCGTGGGATCGG_055,2
GTGATAGACCTTCTCGGCCG_001,83
GTGATAGACCTTCTCGGCCG_002,69
GTGATAGACCTTCTCGGCCG_003,19
GTGATAGACCTTCTCGGCCG_004,27
TGCAATCCTACTGACTCCCG_001,165
TGCAATCCTACTGACTCCCG_002,139
TGCAATCCTACTGACTCCCG_003,88
TGCAATCCTACTGACTCCCG_004,0
TGCAATCCTACTGACTCCCG_005,77
TGCAATCCTACTGACTCCCG_006,178
TGCAATCCTACTGACTCCCG_007,24
TGCAATCCTACTGACTCCCG_008,12
TGCAATCCTACTGACTCCCG_009,162
TCACCTCCACATAATTAGCA_001,141
TCACCTCCACATAATTAGCA_002,48
TCACCTCCACATAATTAGCA_003,75
TCACCTCCACATAATTAGCA_004,146
TCACCTCCACATAATTAGCA_005,140
TCACCTCCACATAATTAGCA_006,60
TCACCTCCACATAATTAGCA_007,129
TCACCTCCACATAATTAGCA_008,151
TGCCGTCAGAAAGTGCTCAG_001,105
TGCCGTCAGAAAGTGCTCAG_002,55
TGCCGTCAGAAAGTGCTCAG_003,48
TGCCGTCAGAAAGTGCTCAG_004,146
TGCCGTCAGAAAGTGCTCAG_005,108
TGCCGTCAGAAAGTGCTCAG_006,145
TGCCGTCAGAAAGTGCTCAG_007,112
TGCCGTCAGAAAGTGCTCAG_008,6
TGCCGTCAGAAAGTGCTCAG_009,174
TGCCGTCAGAAAGTGCTCAG_010,83
TGCCGTCAGAAAGTGCTCAG_011,17
TGCCGTCAGAAAGTGCTCAG_012,101
TGCCGTCAGAAAGTGCTCAG_013,103
TGCCGTCAGAAAGTGCTCAG_014,41
TGCCGTCAGAAAGTGCTCAG_015,198
TGCCGTCAGAAAGTGCTCAG_016,141
TGCCGTCAGAAAGTGCTCAG_017,105
TGCCGTCAGAAAGTGCTCAG_018,107
TGCCGTCAGAAAGTGCTCAG_019,127
TGCCGTCAGAAAGTGCTCAG_020,193
TGCCGTCAGAAAGTGCTCAG_021,98
TGCCGTCAGAAAGTGCTCAG_022,48
TGCCGTCAGAAAGTGCTCAG_023,166
TGCCGTCAGAAAGTGCTCAG_024,11
TGCCGTCAGAAAGTGCTCAG_025,108
TGCCGTCAGAAAGTGCTCAG_026,9
TGCCGTCAGAAAGTGCTCAG_027,63
TGCCGTCAGAAAGTGCTCAG_028,37
TGCCGTCAGAAAGTGCTCAG_029,145
TGCCGTCAGAAAGTGCTCAG_030,160
TGCCGTCAGAAAGTGCTCAG_031,27
TGCCGTCAGAAAGTGCTCAG_032,162
TGTGTGCTGAGGTGTACTGA_001,61
TGTGTGCTGAGGTGTACTGA_002,6
TGTGTGCTGAGGTGTACTGA_003,105
TGTGTGCTGAGGTGTACTGA_004,178
TGTGTGCTGAGGTGTACTGA_005,161
TGTGTGCTGAGGTGTACTGA_006,183
TGTGTGCTGAGGTGTACTGA_007,32
TGTGTGCTGAGGTGTACTGA_008,182
TGTGTGCTGAGGTGTACTGA_009,189
TGTGTGCTGAGGTGTACTGA_010,14
TGTGTGCTGAGGTGTACTGA_011,59
TGTGTGCTGAGGTGTACTGA_012,141
TGTGTGCTGAGGTGTACTGA_013,176
TGTGTGCTGAGGTGTACTGA_014,40
TGTGTGCTGAGGTGTACTGA_015,158
TGTGTGCTGAGGTGTACTGA_016,82
TGTGTGCTGAGGTGTACTGA_017,61
TGTGTGCTGAGGTGTACTGA_018,39
TGTGTGCTGAGGTGTACTGA_019,34
TGTGTGCTGAGGTGTACTGA_020,63
TGTGTGCTGAGGTGTACTGA_021,10
AGTGCCAACTTCCGGAAGCG_001,151
AGTGCCAACTTCCGGAAGCG_002,120
AGTGCCAACTTCCGGAAGCG_003,141
AGTGCCAACTTCCGGAAGCG_004,166
AGTGCCAACTTCCGGAAGCG_005,158
AGTGCCAACTTCCGGAAGCG_006,25
AGTGCCAACTTCCGGAAGCG_007,40
AGTGCCAACTTCCGGAAGCG_008,92
AGTGCCAACTTCCGGAAGCG_009,141
AGTGCCAACTTCCGGAAGCG_010,56
AGTGCCAACTTCCGGAAGCG_011,121
AGTGCCAACTTCCGGAAGCG_012,16
AGTGCCAACTTCCGGAAGCG_013,4
AGTGCCAACTTCCGGAAGCG_014,174
AGTGCCAACTTCCGGAAGCG_015,106
AGTGCCAACTTCCGGAAGCG_016,77
AGTGCCAACTTCCGGAAGCG_017,184
CCAAATGTAGAGACACAATG_001,118
CCAAATGTAGAGACACAATG_002,139
CCAAATGTAGAGACACAATG_003,92
CCAAATGTAGAGACACAATG_004,94
CCAAATGTAGAGACACAATG_005,118
CCAAATGTAGAGACACAATG_006,134
CCAAATGTAGAGACACAATG_007,106
CCAAATGTAGAGACACAATG_008,149
TATGACGTGCCCAATGCCAG_001,102
TATGACGTGCCCAATGCCAG_002,73
TATGACGTGCCCAATGCCAG_003,133
TATGACGTGCCCAATGCCAG_004,128
TATGACGTGCCCAATGCCAG_005,102
TATGACGTGCCCAATGCCAG_006,6
TATGACGTGCCCAATGCCAG_007,40
TATGACGTGCCCAATGCCAG_008,175
GTGAAACGTGATCACCACGC_001,54
TCTAAGGGATAGTCCCAATG_001,130
TCTAAGGGATAGTCCCAATG_002,185
TCTAAGGGATAGTCCCAATG_003,5
TCTAAGGGATAGTCCCAATG_004,137
TCTAAGGGATAGTCCCAATG_005,8
TTCTACACTCGCCGCCCAAG_001,169
TTCTACACTCGCCGCCCAAG_002,45
TTCTACACTCGCCGCCCAAG_003,70
TTCTACACTCGCCGCCCAAG_004,130
TTCTACACTCGCCGCCCAAG_005,141
TTCTACACTCGCCGCCCAAG_006,17
TTCTACACTCGCCGCCCAAG_007,157
TTCTACACTCGCCGCCCAAG_008,102
GAGGAAACGACATTTGAAGC_001,120
GAGGAAACGACATTTGAAGC_002,26
GAGGAAACGACATTTGAAGC_003,191
GAGGAAACGACATTTGAAGC_004,2
GAGGAAACGACATTTGAAGC_005,146
ACGATGACTGGTCCCACCCG_001,45
ACGATGACTGGTCCCACCCG_002,174
ACGATGACTGGTCCCACCCG_003,65
ACGATGACTGGTCCCACCCG_004,56
ACGATGACTGGTCCCACCCG_005,8
CCAAAATATTCAGGGGCCGT_001,84
CGAACAAAATCCGTGCCCTG_001,137
CGAACAAAATCCGTGCCCTG_002,150
CGAACAAAATCCGTGCCCTG_003,160
CGAACAAAATCCGTGCCCTG_004,98
CGAACAAAATCCGTGCCCTG_005,30
CGAACAAAATCCGTGCCCTG_006,113
CGAACAAAATCCGTGCCCTG_007,21
CGAACAAAATCCGTGCCCTG_008,140
CGAACAAAATCCGTGCCCTG_009,146
CGAACAAAATCCGTGCCCTG_010,8
CGAACAAAATCCGTGCCCTG_011,69
CGAACAAAATCCGTGCCCTG_012,56
CGAACAAAATCCGTGCCCTG_013,50
CGAACAAAATCCGTGCCCTG_014,140
CGAACAAAATCCGTGCCCTG_015,84
CGAACAAAATCCGTGCCCTG_016,8
CGAACAAAATCCGTGCCCTG_017,14
CGAACAAAATCCGTGCCCTG_018,140
CGAACAAAATCCGTGCCCTG_019,164
AAGATAGCAATGATTGCCCA_001,138
AAGATAGCAATGATTGCCCA_002,81
AAGATAGCAATGATTGCCCA_003,23
AAGATAGCAATGATTGCCCA_004,119
AAGATAGCAATGATTGCCCA_005,90
AAGATAGCAATGATTGCCCA_006,113
AAGATAGCAATGATTGCCCA_007,138
AAGATAGCAATGATTGCCCA_008,76
AACCCTCGCTTCAACGCCCA_001,23
AACCCTCGCTTCAACGCCCA_002,191
AACCCTCGCTTCAACGCCCA_003,171
AACCCTCGCTTCAACGCCCA_004,134
AACCCTCGCTTCAACGCCCA_005,194
AACCCTCGCTTCAACGCCCA_006,38
AACCCTCGCTTCAACGCCCA_007,21
AACCCTCGCTTCAACGCCCA_008,191
AACCCTCGCTTCAACGCCCA_009,16
AACCCTCGCTTCAACGCCCA_010,156
AACCCTCGCTTCAACGCCCA_011,175
AACCCTCGCTTCAACGCCCA_012,131
AACCCTCGCTTCAACGCCCA_013,190
AACCCTCGCTTCAACGCCCA_014,12
AACCCTCGCTTCAACGCCCA_015,165
AACCCTCGCTTCAACGCCCA_016,60
AACCCTCGCTTCAACGCCCA_017,41
AACCCTCGCTTCAACGCCCA_018,163
AACCCTCGCTTCAACGCCCA_019,122
AACCCTCGCTTCAACGCCCA_020,11
AACCCTCGCTTCAACGCCCA_021,42
AACCCTCGCTTCAACGCCCA_022,174
AACCCTCGCTTCAACGCCCA_023,103
GCATGGCCGAGCTGTAAGCG_001,171
GCATGGCCGAGCTGTAAGCG_002,186
GCATGGCCGAGCTGTAAGCG_003,106
GCATGGCCGAGCTGTAAGCG_004,72
GCATGGCCGAGCTGTAAGCG_005,156
GCATGGCCGAGCTGTAAGCG_006,41
GCATGGCCGAGCTGTAAGCG_007,173
GCATGGCCGAGCTGTAAGCG_008,58
GCATGGCCGAGCTGTAAGCG_009,6
GCATGGCCGAGCTGTAAGCG_010,144
GCATGGCCGAGCTGTAAGCG_011,17
GCATGGCCGAGCTGTAAGCG_012,82
GCATGGCCGAGCTGTAAGCG_013,120
GCATGGCCGAGCTGTAAGCG_014,184
GCATGGCCGAGCTGTAAGCG_015,50
GCATGGCCGAGCTGTAAGCG_016,174
TGAAATGATAATCAGCCAGG_001,94
TGAAATGATAATCAGCCAGG_002,115
TGAAATGATAATCAGCCAGG_003,40
TGAAATGATAATCAGCCAGG_004,35
TCAATGCGATCTGAGTCACT_001,96
TCAATGCGATCTGAGTCACT_002,151
TCAATGCGATCTGAGTCACT_003,105
TGTGAGCAAGCTAATAAACT_001,166
TGTGAGCAAGCTAATAAACT_002,31
TGTGAGCAAGCTAATAAACT_003,150
TGTGAGCAAGCTAATAAACT_004,129
TGTGAGCAAGCTAATAAACT_005,118
TGTGAGCAAGCTAATAAACT_006,58
AAACAACAACCAGCATTGGG_001,77
AAACAACAACCAGCATTGGG_002,27
AAACAACAACCAGCATTGGG_003,70
AAACAACAACCAGCATTGGG_004,186
AAACAACAACCAGCATTGGG_005,69
AAACAACAACCAGCATTGGG_006,86
AAACAACAACCAGCATTGGG_007,144
AAACAACAACCAGCATTGGG_008,40
TGGTCTTGTCCTTGGACAGG_001,34
TGGTCTTGTCCTTGGACAGG_002,70
TGGTCTTGTCCTTGGACAGG_003,94
TGGTCTTGTCCTTGGACAGG_004,105
TGGTCTTGTCCTTGGACAGG_005,12
TGGTCTTGTCCTTGGACAGG_006,186
TGGTCTTGTCCTTGGACAGG_007,29
TGGTCTTGTCCTTGGACAGG_008,49
AGTGAATTACAACACGCATG_001,98
GAGATGGTAGATGAGTTACA_001,60
GAGATGGTAGATGAGTTACA_002,152
GAGATGGTAGATGAGTTACA_003,124
GAGATGGTAGATGAGTTACA_004,140
GAGATGGTAGATGAGTTACA_005,11
GAGATGGTAGATGAGTTACA_006,57
GAGATGGTAGATGAGTTACA_007,192
GAGATGGTAGATGAGTTACA_008,68
GAGATGGTAGATGAGTTACA_009,36
GAGATGGTAGATGAGTTACA_010,111
AGCGGCTGTCCATCTCCAAA_001,60
AGCGGCTGTCCATCTCCAAA_002,147
AGCGGCTGTCCATCTCCAAA_003,13
GGGCAATGTGCGGCAAACAA_001,94
GGGCAATGTGCGGCAAACAA_002,121
GGGCAATGTGCGGCAAACAA_003,12
GGGCAATGTGCGGCAAACAA_004,63
GGGCAATGTGCGGCAAACAA_005,134
GGGCAATGTGCGGCAAACAA_006,15
GGGCAATGTGCGGCAAACAA_007,70
GGGCAATGTGCGGCAAACAA_008,105
GGGCAATGTGCGGCAAACAA_009,61
GGGCAATGTGCGGCAAACAA_010,138
AGAGATGTACTAACTATGCG_001,27
AGAGATGTACTAACTATGCG_002,130
AGAGATGTACTAACTATGCG_003,134
AGAGATGTACTAACTATGCG_004,170
AGAGATGTACTAACTATGCG_005,47
AGAGATGTACTAACTATGCG_006,108
GATAGCGACGATTCACAGTG_001,80
GATAGCGACGATTCACAGTG_002,113
GATAGCGACGATTCACAGTG_003,113
GATAGCGACGATTCACAGTG_004,51
GATAGCGACGATTCACAGTG_005,142
GATAGCGACGATTCACAGTG_006,118
GATAGCGACGATTCACAGTG_007,118
CCAGGAGAATGATGGAAGCG_001,107
CCAGGAGAATGATGGAAGCG_002,15
CCAGGAGAATGATGGAAGCG_003,48
CCAGGAGAATGATGGAAGCG_004,163
CCAGGAGAATGATGGAAGCG_005,146
AAGCCCAGCTTGATCGCTGG_001,183
AAGCCCAGCTTGATCGCTGG_002,64
AAGCCCAGCTTGATCGCTGG_003,182
AAGCCCAGCTTGATCGCTGG_004,77
AAGCCCAGCTTGATCGCTGG_005,63
AAGCCCAGCTTGATCGCTGG_006,184
AAGCCCAGCTTGATCGCTGG_007,97
AAGCCCAGCTTGATCGCTGG_008,158
AAGCCCAGCTTGATCGCTGG_009,88
AAGCCCAGCTTGATCGCTGG_010,172
AAGCCCAGCTTGATCGCTGG_011,8
AAGCCCAGCTTGATCGCTGG_012,55
AAGCCCAGCTTGATCGCTGG_013,186
AAGCCCAGCTTGATCGCTGG_014,80
AAGCCCAGCTTGATCGCTGG_015,64
CACCACTGGATCCAGCTCGG_001,0
CACCACTGGATCCAGCTCGG_002,24
CACCACTGGATCCAGCTCGG_003,179
CACCACTGGATCCAGCTCGG_004,102
CACCACTGGATCCAGCTCGG_005,117
CACCACTGGATCCAGCTCGG_006,15
CACCACTGGATCCAGCTCGG_007,81
CACCACTGGATCCAGCTCGG_008,174
CACCACTGGATCCAGCTCGG_009,83
CACCACTGGATCCAGCTCGG_010,44
CACCACTGGATCCAGCTCGG_011,29
CACCACTGGATCCAGCTCGG_012,177
CACCACTGGATCCAGCTCGG_013,41
CACCACTGGATCCAGCTCGG_014,82
CACCACTGGATCCAGCTCGG_015,48
CACCACTGGATCCAGCTCGG_016,121
CACCACTGGATCCAGCTCGG_017,1
CACCACTGGATCCAGCTCGG_018,49
CACCACTGGATCCAGCTCGG_019,63
CACCACTGGATCCAGCTCGG_020,63
CACCACTGGATCCAGCTCGG_021,158
CACCACTGGATCCAGCTCGG_022,74
CACCACTGGATCCAGCTCGG_023,182
CACCACTGGATCCAGCTCGG_024,11
CACCACTGGATCCAGCTCGG_025,27
CACCACTGGATCCAGCTCGG_026,169
CACCACTGGATCCAGCTCGG_027,192
CACCACTGGATCCAGCTCGG_028,158
CGTGGTACCCCAGATAGACA_001,149
CGTGGTACCCCAGATAGACA_002,190
CGTGGTACCCCAGATAGACA_003,14
CGTGGTACCCCAGATAGACA_004,102
CGTGGTACCCCAGATAGACA_005,140
CGTGGTACCCCAGATAGACA_006,52
GAATGTGTATCAATATGAGC_001,71
GAATGTGTATCAATATGAGC_002,56
GAAATTGATGAAGAACCAGT_001,133
GAAATTGATGAAGAACCAGT_002,198
GAAATTGATGAAGAACCAGT_003,22
GAAATTGATGAAGAACCAGT_004,23
GAAATTGATGAAGAACCAGT_005,55
GAAATTGATGAAGAACCAGT_006,11
GAAATTGATGAAGAACCAGT_007,0
GAAATTGATGAAGAACCAGT_008,19
GAAATTGATGAAGAACCAGT_009,63
GGCCGGGAATGATTCAAACA_001,137
GGCCGGGAATGATTCAAACA_002,112
GGCCGGGAATGATTCAAACA_003,112
GGCCGGGAATGATTCAAACA_004,177
GGCCGGGAATGATTCAAACA_005,188
AAGTGAAATGAAAATCAAAG_001,139
AAGTGAAATGAAAATCAAAG_002,70
AAGTGAAATGAAAATCAAAG_003,15
AAGTGAAATGAAAATCAAAG_004,127
AAGTGAAATGAAAATCAAAG_005,67
AAGTGAAATGAAAATCAAAG_006,192
AAGTGAAATGAAAATCAAAG_007,108
AAGTGAAATGAAAATCAAAG_008,57
AAGTGAAATGAAAATCAAAG_009,26
AAGTGAAATGAAAATCAAAG_010,84
AAGTGAAATGAAAATCAAAG_011,77
AAGTGAAATGAAAATCAAAG_012,188
AAGTGAAATGAAAATCAAAG_013,188
CGTGACCCTGAATGACATGA_001,92
CGTGACCCTGAATGACATGA_002,51
CGTGACCCTGAATGACATGA_003,70
CGTGACCCTGAATGACATGA_004,94
CGTGACCCTGAATGACATGA_005,19
CGTGACCCTGAATGACATGA_006,19
CGTGACCCTGAATGACATGA_007,80
CGTGACCCTGAATGACATGA_008,11
CGTGACCCTGAATGACATGA_009,85
CGTGACCCTGAATGACATGA_010,183
CGTGACCCTGAATGACATGA_011,148
CGTGACCCTGAATGACATGA_012,188
CGTGACCCTGAATGACATGA_013,63
CGTGACCCTGAATGACATGA_014,157
CCAACCTTCCCGCCAGACTA_001,181
CCAACCTTCCCGCCAGACTA_002,64
CCAACCTTCCCGCCAGACTA_003,48
CCAACCTTCCCGCCAGACTA_004,139
CCAACCTTCCCGCCAGACTA_005,60
CCAACCTTCCCGCCAGACTA_006,8
CCAACCTTCCCGCCAGACTA_007,139
CCAACCTTCCCGCCAGACTA_008,81
CCAACCTTCCCGCCAGACTA_009,169
CCAACCTTCCCGCCAGACTA_010,169
CCAACCTTCCCGCCAGACTA_011,105
CCAACCTTCCCGCCAGACTA_012,156
CCAACCTTCCCGCCAGACTA_013,0
CCAACCTTCCCGCCAGACTA_014,38
CCAACCTTCCCGCCAGACTA_015,83
CCAACCTTCCCGCCAGACTA_016,33
CCAACCTTCCCGCCAGACTA_017,140
CCAACCTTCCCGCCAGACTA_018,139
CCAACCTTCCCGCCAGACTA_019,134
CCAACCTTCCCGCCAGACTA_020,102
CCAACCTTCCCGCCAGACTA_021,48
CCAACCTTCCCGCCAGACTA_022,126
CCAACCTTCCCGCCAGACTA_023,9
CCAACCTTCCCGCCAGACTA_024,186
CCAACCTTCCCGCCAGACTA_025,118
CCAACCTTCCCGCCAGACTA_026,188
CCAACCTTCCCGCCAGACTA_027,68
CCAACCTTCCCGCCAGACTA_028,13
CCTTAAGCTGAGCGGCGCCG_001,38
CCTTAAGCTGAGCGGCGCCG_002,175
CCTTAAGCTGAGCGGCGCCG_003,54
CCTTAAGCTGAGCGGCGCCG_004,137
CCTTAAGCTGAGCGGCGCCG_005,23
CCTTAAGCTGAGCGGCGCCG_006,115
CCTTAAGCTGAGCGGCGCCG_007,130
CCTTAAGCTGAGCGGCGCCG_008,177
CCTTAAGCTGAGCGGCGCCG_009,146
CCTTAAGCTGAGCGGCGCCG_010,121
CCTTAAGCTGAGCGGCGCCG_011,126
CTATTGCATTGGGACGATGA_001,46
ACCACAAGGTGAGCTTCTCG_001,19
ACCACAAGGTGAGCTTCTCG_002,78
ACCACAAGGTGAGCTTCTCG_003,60
ACCACAAGGTGAGCTTCTCG_004,131
ACCACAAGGTGAGCTTCTCG_005,141
ACCACAAGGTGAGCTTCTCG_006,38
ACCACAAGGTGAGCTTCTCG_007,63
ACCACAAGGTGAGCTTCTCG_008,147
ACCACAAGGTGAGCTTCTCG_009,23
ACCACAAGGTGAGCTTCTCG_010,23
ACCACAAGGTGAGCTTCTCG_011,8
GCCTTGTACTCTTCCAACAC_001,48
GCCTTGTACTCTTCCAACAC_002,194
GCCTTGTACTCTTCCAACAC_003,68
GCCTTGTACTCTTCCAACAC_004,124
GCCTTGTACTCTTCCAACAC_005,49
GCCTTGTACTCTTCCAACAC_006,13
GCCTTGTACTCTTCCAACAC_007,197
TGGCGCCTAGCATGGAGTCA_001,34
TGGCGCCTAGCATGGAGTCA_002,130
TGGCGCCTAGCATGGAGTCA_003,111
TGGCGCCTAGCATGGAGTCA_004,74
TGGCGCCTAGCATGGAGTCA_005,64
TGGCGCCTAGCATGGAGTCA_006,130
TGGCGCCTAGCATGGAGTCA_007,168
TGGCGCCTAGCATGGAGTCA_008,23
TGGCGCCTAGCATGGAGTCA_009,84
TGGCGCCTAGCATGGAGTCA_010,157
TGGCGCCTAGCATGGAGTCA_011,115
TGGCGCCTAGCATGGAGTCA_012,49
TGGCGCCTAGCATGGAGTCA_013,55
TGGCGCCTAGCATGGAGTCA_014,51
TGGCGCCTAGCATGGAGTCA_015,164
TGGCGCCTAGCATGGAGTCA_016,111
TGGCGCCTAGCATGGAGTCA_017,166
TGGCGCCTAGCATGGAGTCA_018,99
TGGCGCCTAGCATGGAGTCA_019,78
TGGCGCCTAGCATGGAGTCA_020,129
TGGCGCCTAGCATGGAGTCA_021,150
TGGCGCCTAGCATGGAGTCA_022,28
TGGCGCCTAGCATGGAGTCA_023,116
TGGCGCCTAGCATGGAGTCA_024,138
TGGCGCCTAGCATGGAGTCA_025,46
TGACGACGCCGAGTCCTCCG_001,8
TGACGACGCCGAGTCCTCCG_002,170
TGACGACGCCGAGTCCTCCG_003,62
TGACGACGCCGAGTCCTCCG_004,137
TGACGACGCCGAGTCCTCCG_005,172
TGACGACGCCGAGTCCTCCG_006,29
TGACGACGCCGAGTCCTCCG_007,9
TGACGACGCCGAGTCCTCCG_008,153
TGACGACGCCGAGTCCTCCG_009,29
TGACGACGCCGAGTCCTCCG_010,142
TGACGACGCCGAGTCCTCCG_011,16
TGACGACGCCGAGTCCTCCG_012,30
TGACGACGCCGAGTCCTCCG_013,62
TGACGACGCCGAGTCCTCCG_014,147
TGACGACGCCGAGTCCTCCG_015,113
TGACGACGCCGAGTCCTCCG_016,38
TGACGACGCCGAGTCCTCCG_017,18
TGACGACGCCGAGTCCTCCG_018,141
TGACGACGCCGAGTCCTCCG_019,53
TGACGACGCCGAGTCCTCCG_020,15
TGACGACGCCGAGTCCTCCG_021,184
TGACGACGCCGAGTCCTCCG_022,62
TGACGACGCCGAGTCCTCCG_023,198
TGACGACGCCGAGTCCTCCG_024,119
TGACGACGCCGAGTCCTCCG_025,40
TGACGACGCCGAGTCCTCCG_026,10
TGACGACGCCGAGTCCTCCG_027,103
TGACGACGCCGAGTCCTCCG_028,118
TGACGACGCCGAGTCCTCCG_029,15
TGACGACGCCGAGTCCTCCG_030,56
TGACGACGCCGAGTCCTCCG_031,36
TGACGACGCCGAGTCCTCCG_032,10
TGACGACGCCGAGTCCTCCG_033,74
TGACGACGCCGAGTCCTCCG_034,150
TGACGACGCCGAGTCCTCCG_035,40
TGACGACGCCGAGTCCTCCG_036,66
TGACGACGCCGAGTCCTCCG_037,77
TGACGACGCCGAGTCCTCCG_038,86
TGACGACGCCGAGTCCTCCG_039,150
CAAGAGGTACAACCGCCGAA_001,84
CAAGAGGTACAACCGCCGAA_002,146
CAAGAGGTACAACCGCCGAA_003,127
CAAGAGGTACAACCGCCGAA_004,78
CAAGAGGTACAACCGCCGAA_005,19
CAAGAGGTACAACCGCCGAA_006,96
CAAGAGGTACAACCGCCGAA_007,34
CAAGAGGTACAACCGCCGAA_008,150
CAAGAGGTACAACCGCCGAA_009,83
CAAGAGGTACAACCGCCGAA_010,29
CAAGAGGTACAACCGCCGAA_011,184
CAAGAGGTACAACCGCCGAA_012,197
CAAGAGGTACAACCGCCGAA_013,68
CAAGAGGTACAACCGCCGAA_014,69
CAAGAGGTACAACCGCCGAA_015,176
CAAGAGGTACAACCGCCGAA_016,154
CAAGAGGTACAACCGCCGAA_017,68
CAAGAGGTACAACCGCCGAA_018,113
CAAGAGGTACAACCGCCGAA_019,69
CAAGAGGTACAACCGCCGAA_020,88
CAAGAGGTACAACCGCCGAA_021,69
CAAGAGGTACAACCGCCGAA_022,34
CAAGAGGTACAACCGCCGAA_023,175
CAAGAGGTACAACCGCCGAA_024,8
CAAGAGGTACAACCGCCGAA_025,102
AACAGTAGTCTCTGCTCCGG_001,62
AACAGTAGTCTCTGCTCCGG_002,12
AACAGTAGTCTCTGCTCCGG_003,68
AACAGTAGTCTCTGCTCCGG_004,151
AACAGTAGTCTCTGCTCCGG_005,48
AACAGTAGTCTCTGCTCCGG_006,12
AACAGTAGTCTCTGCTCCGG_007,101
ATAAAAGCTCCAGGTTCCGG_001,152
ATAAAAGCTCCAGGTTCCGG_002,137
ATAAAAGCTCCAGGTTCCGG_003,176
ATAAAAGCTCCAGGTTCCGG_004,156
ATAAAAGCTCCAGGTTCCGG_005,78
ATAAAAGCTCCAGGTTCCGG_006,81
ATAAAAGCTCCAGGTTCCGG_007,69
AAGGTGGGAAAACTGACGAA_001,94
AAGGTGGGAAAACTGACGAA_002,105
AAGGTGGGAAAACTGACGAA_003,1
AAGGTGGGAAAACTGACGAA_004,4
AAGGTGGGAAAACTGACGAA_005,2
AAGGTGGGAAAACTGACGAA_006,47
AAGGTGGGAAAACTGACGAA_007,145
AAGGTGGGAAAACTGACGAA_008,107
AAGGTGGGAAAACTGACGAA_009,158
AAGGTGGGAAAACTGACGAA_010,127
AAGGTGGGAAAACTGACGAA_011,29
AAGGTGGGAAAACTGACGAA_012,27
AAGGTGGGAAAACTGACGAA_013,48
AAGGTGGGAAAACTGACGAA_014,40
AAGGTGGGAAAACTGACGAA_015,17
AAGGTGGGAAAACTGACGAA_016,96
GAGTCCCAGAAAAGTTCCCG_001,2
GAGTCCCAGAAAAGTTCCCG_002,58
GAGTCCCAGAAAAGTTCCCG_003,17
GAGTCCCAGAAAAGTTCCCG_004,170
GAGTCCCAGAAAAGTTCCCG_005,177
GAGTCCCAGAAAAGTTCCCG_006,154
GAGTCCCAGAAAAGTTCCCG_007,15
GAGTCCCAGAAAAGTTCCCG_008,17
GAGTCCCAGAAAAGTTCCCG_009,151
GAGTCCCAGAAAAGTTCCCG_010,153
GAGTCCCAGAAAAGTTCCCG_011,30
GAGTCCCAGAAAAGTTCCCG_012,34
GAGTCCCAGAAAAGTTCCCG_013,188
GAGTCCCAGAAAAGTTCCCG_014,39
GAGTCCCAGAAAAGTTCCCG_015,42
GAGTCCCAGAAAAGTTCCCG_016,78
GAGTCCCAGAAAAGTTCCCG_017,77
GAGTCCCAGAAAAGTTCCCG_018,43
TGCAAGCTCCATTTCCTGGG_001,112
TGCAAGCTCCATTTCCTGGG_002,13
TGCAAGCTCCATTTCCTGGG_003,191
TGCAAGCTCCATTTCCTGGG_004,76
TGCAAGCTCCATTTCCTGGG_005,72
TGGCCGAGTTCATTTCCGAG_001,159
TGGCCGAGTTCATTTCCGAG_002,149
TGGCCGAGTTCATTTCCGAG_003,188
TGGCCGAGTTCATTTCCGAG_004,188
TGGCCGAGTTCATTTCCGAG_005,194
TGGCCGAGTTCATTTCCGAG_006,30
TGGCCGAGTTCATTTCCGAG_007,41
TGGCCGAGTTCATTTCCGAG_008,41
TGGCCGAGTTCATTTCCGAG_009,197
TGGCCGAGTTCATTTCCGAG_010,66
TGGCCGAGTTCATTTCCGAG_011,48
TTTCAACAGACCCAACCACC_001,137
TTTCAACAGACCCAACCACC_002,151
TTTCAACAGACCCAACCACC_003,126
TTTCAACAGACCCAACCACC_004,28
TTTCAACAGACCCAACCACC_005,158
TTTCAACAGACCCAACCACC_006,186
TTTCAACAGACCCAACCACC_007,93
TTTCAACAGACCCAACCACC_008,90
TTTCAACAGACCCAACCACC_009,3
TTTCAACAGACCCAACCACC_010,136
TTTCAACAGACCCAACCACC_011,65
GAGCATCTCAAACACAACGA_001,101
GAGCATCTCAAACACAACGA_002,124
GAGCATCTCAAACACAACGA_003,131
GAGCATCTCAAACACAACGA_004,124
GAGCATCTCAAACACAACGA_005,181
GAGCATCTCAAACACAACGA_006,147
GAGCATCTCAAACACAACGA_007,177
GAGCATCTCAAACACAACGA_008,198
GAGCATCTCAAACACAACGA_009,188
GAGCATCTCAAACACAACGA_010,3
GAGCATCTCAAACACAACGA_011,78
GAGCATCTCAAACACAACGA_012,63
GAGCATCTCAAACACAACGA_013,43
GAGCATCTCAAACACAACGA_014,176
GAGCATCTCAAACACAACGA_015,134
GAGCATCTCAAACACAACGA_016,77
GAGCATCTCAAACACAACGA_017,162
GAGCATCTCAAACACAACGA_018,155
GCCATCTATGAAGTCCACCA_001,10
GCCATCTATGAAGTCCACCA_002,127
GCCATCTATGAAGTCCACCA_003,190
GCCCACAGTGTCGTAGAAGT_001,188
GCCCACAGTGTCGTAGAAGT_002,128
GCCCACAGTGTCGTAGAAGT_003,30
GCCCACAGTGTCGTAGAAGT_004,115
GCCCACAGTGTCGTAGAAGT_005,166
GCCCACAGTGTCGTAGAAGT_006,102
GCCCACAGTGTCGTAGAAGT_007,8
GCCCACAGTGTCGTAGAAGT_008,29
GCCCACAGTGTCGTAGAAGT_009,168
GCCCACAGTGTCGTAGAAGT_010,106
GCCCACAGTGTCGTAGAAGT_011,183
GCCCACAGTGTCGTAGAAGT_012,41
GCCCACAGTGTCGTAGAAGT_013,126
GCCCACAGTGTCGTAGAAGT_014,146
CTGGCTATGATAGCTCCGTG_001,55
CTGGCTATGATAGCTCCGTG_002,162
CTGGCTATGATAGCTCCGTG_003,76
CTGGCTATGATAGCTCCGTG_004,43
AGTTCTACGAGGGCCCGCCG_001,27
AGTTCTACGAGGGCCCGCCG_002,88
AGTTCTACGAGGGCCCGCCG_003,187
AGTTCTACGAGGGCCCGCCG_004,52
AGTTCTACGAGGGCCCGCCG_005,103
AGTTCTACGAGGGCCCGCCG_006,69
AGTTCTACGAGGGCCCGCCG_007,182
AGTTCTACGAGGGCCCGCCG_008,88
AGTTCTACGAGGGCCCGCCG_009,158
AGTTCTACGAGGGCCCGCCG_010,150
AGTTCTACGAGGGCCCGCCG_011,85
AGTTCTACGAGGGCCCGCCG_012,180
AGTTCTACGAGGGCCCGCCG_013,68
AGTTCTACGAGGGCCCGCCG_014,137
AGTTCTACGAGGGCCCGCCG_015,172
AGTTCTACGAGGGCCCGCCG_016,117
CCTCTCCCTAGGACTCGGTG_001,60
CCTCTCCCTAGGACTCGGTG_002,63
CCTCTCCCTAGGACTCGGTG_003,188
CCTCTCCCTAGGACTCGGTG_004,1
CCTCTCCCTAGGACTCGGTG_005,2
CCTCTCCCTAGGACTCGGTG_006,70
CCTCTCCCTAGGACTCGGTG_007,48
CCTCTCCCTAGGACTCGGTG_008,174
CCTCTCCCTAGGACTCGGTG_009,18
CCTCTCCCTAGGACTCGGTG_010,175
CCTCTCCCTAGGACTCGGTG_011,147
CCTCTCCCTAGGACTCGGTG_012,0
GTGTCACTCGGTATTCCTCG_001,12
GTGTCACTCGGTATTCCTCG_002,98
CCCAGAGATAGAGCTGTACG_001,162
CCCAGAGATAGAGCTGTACG_002,149
CCCAGAGATAGAGCTGTACG_003,118
CCCAGAGATAGAGCTGTACG_004,116
CCCAGAGATAGAGCTGTACG_005,182
CCCAGAGATAGAGCTGTACG_006,150
CCCAGAGATAGAGCTGTACG_007,162
CCCAGAGATAGAGCTGTACG_008,189
CCCAGAGATAGAGCTGTACG_009,162
CCCAGAGATAGAGCTGTACG_010,148
CCCAGAGATAGAGCTGTACG_011,174
CCCAGAGATAGAGCTGTACG_012,174
CCCAGAGATAGAGCTGTACG_013,165
ATGTTGGCTATGAACCGCCA_001,149
ATGTTGGCTATGAACCGCCA_002,111
ATGTTGGCTATGAACCGCCA_003,77
ATGTTGGCTATGAACCGCCA_004,12
ATGTTGGCTATGAACCGCCA_005,12
ATGTTGGCTATGAACCGCCA_006,191
ATGTTGGCTATGAACCGCCA_007,60
ATGTTGGCTATGAACCGCCA_008,5
ATGTTGGCTATGAACCGCCA_009,68
ATGTTGGCTATGAACCGCCA_010,148
ATGTTGGCTATGAACCGCCA_011,15
ATGTTGGCTATGAACCGCCA_012,26
ATGTTGGCTATGAACCGCCA_013,107
ATGTTGGCTATGAACCGCCA_014,116
ATGTTGGCTATGAACCGCCA_015,34
ATGTTGGCTATGAACCGCCA_016,96
ATGTTGGCTATGAACCGCCA_017,131
ATGTTGGCTATGAACCGCCA_018,170
ATGTTGGCTATGAACCGCCA_019,168
ATGTTGGCTATGAACCGCCA_020,174
ATGTTGGCTATGAACCGCCA_021,62
ATGTTGGCTATGAACCGCCA_022,58
ATGTTGGCTATGAACCGCCA_023,39
ATGTTGGCTATGAACCGCCA_024,138
ATGTTGGCTATGAACCGCCA_025,160
CTTCTACCCCAGTGTGACAT_001,162
CTTCTACCCCAGTGTGACAT_002,141
CTTCTACCCCAGTGTGACAT_003,157
CTTCTACCCCAGTGTGACAT_004,134
CTTCTACCCCAGTGTGACAT_005,194
CTTCTACCCCAGTGTGACAT_006,53
CTTCTACCCCAGTGTGACAT_007,50
CTTCTACCCCAGTGTGACAT_008,68
CTTCTACCCCAGTGTGACAT_009,9
CTTCTACCCCAGTGTGACAT_010,198
CTTCTACCCCAGTGTGACAT_011,35
CTTCTACCCCAGTGTGACAT_012,177
CTTCTACCCCAGTGTGACAT_013,145
CTTCTACCCCAGTGTGACAT_014,162
CTTCTACCCCAGTGTGACAT_015,173
CTTCTACCCCAGTGTGACAT_016,17
CTTCTACCCCAGTGTGACAT_017,110
CTTCTACCCCAGTGTGACAT_018,162
CTTCTACCCCAGTGTGACAT_019,9
CTTCTACCCCAGTGTGACAT_020,26
CTTCTACCCCAGTGTGACAT_021,63
CTTCTACCCCAGTGTGACAT_022,43
CTTCTACCCCAGTGTGACAT_023,116
GGCGCAAGGATCACCTCACC_001,82
GGCGCAAGGATCACCTCACC_002,18
GGCGCAAGGATCACCTCACC_003,38
GGCGCAAGGATCACCTCACC_004,60
TTCCTCTGAGACAACCTCGG_001,1
TTCCTCTGAGACAACCTCGG_002,169
TTCCTCTGAGACAACCTCGG_003,2
TTCCTCTGAGACAACCTCGG_004,160
TTCCTCTGAGACAACCTCGG_005,88
TTCCTCTGAGACAACCTCGG_006,119
TTCCTCTGAGACAACCTCGG_007,19
TTCCTCTGAGACAACCTCGG_008,103
TTCCTCTGAGACAACCTCGG_009,162
TTCCTCTGAGACAACCTCGG_010,76
TTCCTCTGAGACAACCTCGG_011,119
TTCCTCTGAGACAACCTCGG_012,198
TTCCTCTGAGACAACCTCGG_013,130
TTCCTCTGAGACAACCTCGG_014,8
TTCCTCTGAGACAACCTCGG_015,62
TTCCTCTGAGACAACCTCGG_016,190
TTCCTCTGAGACAACCTCGG_017,35
TTCCTCTGAGACAACCTCGG_018,190
TTCCTCTGAGACAACCTCGG_019,187
TTCCTCTGAGACAACCTCGG_020,16
TTCCTCTGAGACAACCTCGG_021,177
TTCCTCTGAGACAACCTCGG_022,98
TTCCTCTGAGACAACCTCGG_023,40
TTCCTCTGAGACAACCTCGG_024,169
TTCCTCTGAGACAACCTCGG_025,78
TTCCTCTGAGACAACCTCGG_026,98
TTCCTCTGAGACAACCTCGG_027,81
TTCCTCTGAGACAACCTCGG_028,111
TTCCTCTGAGACAACCTCGG_029,199
TTCCTCTGAGACAACCTCGG_030,111
TTCCTCTGAGACAACCTCGG_031,96
TTCCTCTGAGACAACCTCGG_032,140
TTCCTCTGAGACAACCTCGG_033,48
TTCCTCTGAGACAACCTCGG_034,130
TTCCTCTGAGACAACCTCGG_035,121
TTCCTCTGAGACAACCTCGG_036,69
TTCCTCTGAGACAACCTCGG_037,146
TTCCTCTGAGACAACCTCGG_038,159
TTCCTCTGAGACAACCTCGG_039,66
TTCCTCTGAGACAACCTCGG_040,23
TTCCTCTGAGACAACCTCGG_041,168
TTCCTCTGAGACAACCTCGG_042,8
TTCCTCTGAGACAACCTCGG_043,29
TTCCTCTGAGACAACCTCGG_044,196
TTCCTCTGAGACAACCTCGG_045,19
TTCCTCTGAGACAACCTCGG_046,124
AAAGTACCTTTCGTGCCAGT_001,19
AAAGTACCTTTCGTGCCAGT_002,4
AAAGTACCTTTCGTGCCAGT_003,198
AAAGTACCTTTCGTGCCAGT_004,82
AAAGTACCTTTCGTGCCAGT_005,46
AAAGTACCTTTCGTGCCAGT_006,104
AAAGTACCTTTCGTGCCAGT_007,184
AAAGTACCTTTCGTGCCAGT_008,56
GATGGCGATCGCAGACTCCA_001,85
GATGGCGATCGCAGACTCCA_002,104
GATGGCGATCGCAGACTCCA_003,52
GGGACTGGCTCGATCGCATG_001,105
GGGACTGGCTCGATCGCATG_002,183
GGGACTGGCTCGATCGCATG_003,137
GGGACTGGCTCGATCGCATG_004,98
CGGGAATCTAACCCACACTG_001,147
CGGGAATCTAACCCACACTG_002,194
CGGGAATCTAACCCACACTG_003,186
CACAGACGTTGCCTACCCAG_001,156
CACAGACGTTGCCTACCCAG_002,181
CACAGACGTTGCCTACCCAG_003,172
CAGCAGCTGGTCACACAGAT_001,29
CAGCAGCTGGTCACACAGAT_002,48
CAGCAGCTGGTCACACAGAT_003,105
CAGCAGCTGGTCACACAGAT_004,125
CAGCAGCTGGTCACACAGAT_005,151
CAGCAGCTGGTCACACAGAT_006,4
CAGCAGCTGGTCACACAGAT_007,23
CAGCAGCTGGTCACACAGAT_008,81
CAGCAGCTGGTCACACAGAT_009,34
CAGCAGCTGGTCACACAGAT_010,190
CAGCAGCTGGTCACACAGAT_011,144
CAGCAGCTGGTCACACAGAT_012,115
CAGCAGCTGGTCACACAGAT_013,141
CAGCAGCTGGTCACACAGAT_014,121
CAGCAGCTGGTCACACAGAT_015,158
CAGCAGCTGGTCACACAGAT_016,34
CAGCAGCTGGTCACACAGAT_017,185
CAGCAGCTGGTCACACAGAT_018,105
CAGCAGCTGGTCACACAGAT_019,199
CAGCAGCTGGTCACACAGAT_020,92
CAGCAGCTGGTCACACAGAT_021,104
CAGCAGCTGGTCACACAGAT_022,137
CAGCAGCTGGTCACACAGAT_023,58
CAGCAGCTGGTCACACAGAT_024,183
CAGCAGCTGGTCACACAGAT_025,116
CAGCAGCTGGTCACACAGAT_026,191
CAGCAGCTGGTCACACAGAT_027,10
CGGGCAACACCCAATACTCG_001,57
CGGGCAACACCCAATACTCG_002,22
CGGGCAACACCCAATACTCG_003,134
CGGGCAACACCCAATACTCG_004,149
CGGGCAACACCCAATACTCG_005,184
CGGGCAACACCCAATACTCG_006,64
CGGGCAACACCCAATACTCG_007,137
CGGGCAACACCCAATACTCG_008,32
CGGGCAACACCCAATACTCG_009,35
TAGGCACTGTCGCCTTCCCG_001,124
ATTCTCAAAATGACCCAGGT_001,181
ATTCTCAAAATGACCCAGGT_002,15
ATTCTCAAAATGACCCAGGT_003,94
ATTCTCAAAATGACCCAGGT_004,147
ATTCTCAAAATGACCCAGGT_005,35
ATTCTCAAAATGACCCAGGT_006,88
ATTCTCAAAATGACCCAGGT_007,106
CAAGTCTGACTCGATGACCG_001,61
CAAGTCTGACTCGATGACCG_002,13
CAAGTCTGACTCGATGACCG_003,179
CAAGTCTGACTCGATGACCG_004,115
CAAGTCTGACTCGATGACCG_005,104
CAAGTCTGACTCGATGACCG_006,50
CAAGTCTGACTCGATGACCG_007,58
CAAGTCTGACTCGATGACCG_008,115
CAAGTCTGACTCGATGACCG_009,162
CAAGTCTGACTCGATGACCG_010,91
CAAGTCTGACTCGATGACCG_011,81
CAAGTCTGACTCGATGACCG_012,140
ACACTGGCTGCACTATCCAT_001,170
ACACTGGCTGCACTATCCAT_002,42
ACACTGGCTGCACTATCCAT_003,187
ACACTGGCTGCACTATCCAT_004,105
ACACTGGCTGCACTATCCAT_005,29
ACACTGGCTGCACTATCCAT_006,70
ACACTGGCTGCACTATCCAT_007,197
ACACTGGCTGCACTATCCAT_008,34
ACACTGGCTGCACTATCCAT_009,169
ACACTGGCTGCACTATCCAT_010,77
ACACTGGCTGCACTATCCAT_011,63
ACACTGGCTGCACTATCCAT_012,189
ACACTGGCTGCACTATCCAT_013,174
ACACTGGCTGCACTATCCAT_014,150
ACACTGGCTGCACTATCCAT_015,54
ACACTGGCTGCACTATCCAT_016,24
ACACTGGCTGCACTATCCAT_017,168
ACACTGGCTGCACTATCCAT_018,66
CAAATATCGAGTGGTGTACA_001,174
CAAATATCGAGTGGTGTACA_002,60
CAAATATCGAGTGGTGTACA_003,146
CAAATATCGAGTGGTGTACA_004,85
CAAATATCGAGTGGTGTACA_005,21
CAAATATCGAGTGGTGTACA_006,68
CAAATATCGAGTGGTGTACA_007,62
CAAATATCGAGTGGTGTACA_008,33
CCTCTGACAACAAGCCACTG_001,8
CCTCTGACAACAAGCCACTG_002,116
CCTCTGACAACAAGCCACTG_003,183
CCTCTGACAACAAGCCACTG_004,1
CCTCTGACAACAAGCCACTG_005,174
CCTCTGACAACAAGCCACTG_006,55
CCTCTGACAACAAGCCACTG_007,76
CCTCTGACAACAAGCCACTG_008,124
CCTCTGACAACAAGCCACTG_009,80
TATAACCAAATCTTGCAGGG_001,142
GACAGCGCCAGGAATATCAA_001,85
GACAGCGCCAGGAATATCAA_002,168
GACAGCGCCAGGAATATCAA_003,110
GACAGCGCCAGGAATATCAA_004,149
GACAGCGCCAGGAATATCAA_005,83
GACAGCGCCAGGAATATCAA_006,41
CGTGCATGCAGTTTGTGAGA_001,51
CGTGCATGCAGTTTGTGAGA_002,165
CGTGCATGCAGTTTGTGAGA_003,1
CGTGCATGCAGTTTGTGAGA_004,141
AATATACCGGACGAACACAG_001,11
AATATACCGGACGAACACAG_002,158
AATATACCGGACGAACACAG_003,50
AATATACCGGACGAACACAG_004,27
AATATACCGGACGAACACAG_005,191
GACATCTCATATGAACCGAA_001,112
GACATCTCATATGAACCGAA_002,58
GACATCTCATATGAACCGAA_003,105
GACATCTCATATGAACCGAA_004,53
GAGATACTAGGATTGACCGA_001,188
GAGATACTAGGATTGACCGA_002,67
GAGATACTAGGATTGACCGA_003,68
TAATTGGTTTCTGTACCCAC_001,115
TCTTACTTCCTCATCACCGG_001,145
TCTTACTTCCTCATCACCGG_002,182
TCTTACTTCCTCATCACCGG_003,23
TCTTACTTCCTCATCACCGG_004,35
TCTTACTTCCTCATCACCGG_005,197
TCTTACTTCCTCATCACCGG_006,26
CAGTGACGTGAAAGTCTACA_001,174
CAGTGACGTGAAAGTCTACA_002,26
CAGTGACGTGAAAGTCTACA_003,5
CAGTGACGTGAAAGTCTACA_004,113
CAGTGACGTGAAAGTCTACA_005,88
CAGTGACGTGAAAGTCTACA_006,81
CAGTGACGTGAAAGTCTACA_007,80
CAGTGACGTGAAAGTCTACA_008,36
AGCAGATGTCCACACACGAG_001,29
AGCAGATGTCCACACACGAG_002,123
AGCAGATGTCCACACACGAG_003,5
AGCAGATGTCCACACACGAG_004,12
AGCAGATGTCCACACACGAG_005,192
AGCAGATGTCCACACACGAG_006,8
AGCAGATGTCCACACACGAG_007,157
AGCAGATGTCCACACACGAG_008,28
AGCAGATGTCCACACACGAG_009,51
AGCAGATGTCCACACACGAG_010,108
AGCAGATGTCCACACACGAG_011,13
AGCAGATGTCCACACACGAG_012,74
AGCAGATGTCCACACACGAG_013,40
AGCAGATGTCCACACACGAG_014,17
AGCAGATGTCCACACACGAG_015,78
AGCAGATGTCCACACACGAG_016,115
AGCAGATGTCCACACACGAG_017,33
AGCAGATGTCCACACACGAG_018,138
AGCAGATGTCCACACACGAG_019,131
AGCAGATGTCCACACACGAG_020,127
AGCAGATGTCCACACACGAG_021,0
CACAGCCATAGCCCAACCTG_001,181
CCCAACCAGGAAGCTTGCAG_001,162
CCCAACCAGGAAGCTTGCAG_002,60
CCCAACCAGGAAGCTTGCAG_003,14
CCCAACCAGGAAGCTTGCAG_004,113
TCGTGGGCAACTGGAACACG_001,150
TCGTGGGCAACTGGAACACG_002,118
TCGTGGGCAACTGGAACACG_003,44
TCGTGGGCAACTGGAACACG_004,135
TCGTGGGCAACTGGAACACG_005,29
TCGTGGGCAACTGGAACACG_006,56
TCGTGGGCAACTGGAACACG_007,15
TCGTGGGCAACTGGAACACG_008,125
TCGTGGGCAACTGGAACACG_009,138
TCGTGGGCAACTGGAACACG_010,89
GCTGAGCAGTCCCTCTCCAG_001,85
GCTGAGCAGTCCCTCTCCAG_002,38
GCTGAGCAGTCCCTCTCCAG_003,168
GCTGAGCAGTCCCTCTCCAG_004,149
GCTGAGCAGTCCCTCTCCAG_005,161
TGGAGCTCACGAGAAAACCC_001,19
TGGAGCTCACGAGAAAACCC_002,132
TGGAGCTCACGAGAAAACCC_003,32
TGGAGCTCACGAGAAAACCC_004,150
CCTCCACCTGACTTGAGTCG_001,40
CCTCCACCTGACTTGAGTCG_002,12
CCTCCACCTGACTTGAGTCG_003,82
CCTCCACCTGACTTGAGTCG_004,58
CCTCCACCTGACTTGAGTCG_005,91
CCTCCACCTGACTTGAGTCG_006,146
GGCTGTTGGAATAGTCCACA_001,103
GGCTGTTGGAATAGTCCACA_002,16
GGCTGTTGGAATAGTCCACA_003,150
GGCTGTTGGAATAGTCCACA_004,147
GGCTGTTGGAATAGTCCACA_005,121
CCAGCCGATGCACAAAACGT_001,10
CCAGCCGATGCACAAAACGT_002,22
CCAGCCGATGCACAAAACGT_003,64
CCAGCCGATGCACAAAACGT_004,30
CCAGCCGATGCACAAAACGT_005,65
CCAGCCGATGCACAAAACGT_006,41
CCAGCCGATGCACAAAACGT_007,24
CCAGCCGATGCACAAAACGT_008,188
CCAGCCGATGCACAAAACGT_009,127
GGTCCTAACCCAGGTTCACG_001,20
GGTCCTAACCCAGGTTCACG_002,70
GGTCCTAACCCAGGTTCACG_003,154
GGTCCTAACCCAGGTTCACG_004,8
GGTCCTAACCCAGGTTCACG_005,148
GGTCCTAACCCAGGTTCACG_006,188
GGTCCTAACCCAGGTTCACG_007,188
AGGCTGGAAGCAGACCAGCG_001,140
AGGCTGGAAGCAGACCAGCG_002,12
AGGCTGGAAGCAGACCAGCG_003,81
AGGCTGGAAGCAGACCAGCG_004,41
AGGCTGGAAGCAGACCAGCG_005,134
AGGCTGGAAGCAGACCAGCG_006,137
AGGCTGGAAGCAGACCAGCG_007,113
AGGCTGGAAGCAGACCAGCG_008,134
AGGCTGGAAGCAGACCAGCG_009,45
AGGCTGGAAGCAGACCAGCG_010,57
AGGCTGGAAGCAGACCAGCG_011,147
AGGCTGGAAGCAGACCAGCG_012,50
AGGCTGGAAGCAGACCAGCG_013,114
AGGCTGGAAGCAGACCAGCG_014,57
AGGCTGGAAGCAGACCAGCG_015,150
AGGCTGGAAGCAGACCAGCG_016,174
AGGCTGGAAGCAGACCAGCG_017,67
AGGCTGGAAGCAGACCAGCG_018,41
AGGCTGGAAGCAGACCAGCG_019,60
AGGCTGGAAGCAGACCAGCG_020,188
AGGCTGGAAGCAGACCAGCG_021,115
AGGCTGGAAGCAGACCAGCG_022,163
AGGCTGGAAGCAGACCAGCG_023,147
AGGCTGGAAGCAGACCAGCG_024,178
AGGCTGGAAGCAGACCAGCG_025,105
AGGCTGGAAGCAGACCAGCG_026,26
AGGCTGGAAGCAGACCAGCG_027,41
AGGCTGGAAGCAGACCAGCG_028,1
AGGCTGGAAGCAGACCAGCG_029,105
AGGCTGGAAGCAGACCAGCG_030,0
AGGCTGGAAGCAGACCAGCG_031,169
AGGCTGGAAGCAGACCAGCG_032,55
AGGCTGGAAGCAGACCAGCG_033,134
AGGCTGGAAGCAGACCAGCG_034,94
AGGCTGGAAGCAGACCAGCG_035,10
AGGCTGGAAGCAGACCAGCG_036,161
AGGCTGGAAGCAGACCAGCG_037,114
AGGCTGGAAGCAGACCAGCG_038,38
AGGCTGGAAGCAGACCAGCG_039,105
AGGCTGGAAGCAGACCAGCG_040,149
AGGCTGGAAGCAGACCAGCG_041,3
AGGCTGGAAGCAGACCAGCG_042,160
AGGCTGGAAGCAGACCAGCG_043,27
AGGCTGGAAGCAGACCAGCG_044,106
AGGCTGGAAGCAGACCAGCG_045,52
GGGATATGAGACTTTCTACT_001,5
GGGATATGAGACTTTCTACT_002,146
GGGATATGAGACTTTCTACT_003,2
GGGATATGAGACTTTCTACT_004,53
GGGATATGAGACTTTCTACT_005,138
GGGATATGAGACTTTCTACT_006,58
TTTCATCTTACTGTAAAACG_001,43
TTTCATCTTACTGTAAAACG_002,190
TTAAAACTTACGAACAACAA_001,188
TTAAAACTTACGAACAACAA_002,59
TTAAAACTTACGAACAACAA_003,120
TTAAAACTTACGAACAACAA_004,76
TAGGCCATGTGCCGGACATG_001,199
TAGGCCATGTGCCGGACATG_002,78
TAGGCCATGTGCCGGACATG_003,5
TAGGCCATGTGCCGGACATG_004,131
TAGGCCATGTGCCGGACATG_005,194
TAGGCCATGTGCCGGACATG_006,126
TAGGCCATGTGCCGGACATG_007,58
TAGGCCATGTGCCGGACATG_008,145
TAGGCCATGTGCCGGACATG_009,185
TAGGCCATGTGCCGGACATG_010,75
TAGGCCATGTGCCGGACATG_011,39
TAGGCCATGTGCCGGACATG_012,56
TAGGCCATGTGCCGGACATG_013,5
TAGGCCATGTGCCGGACATG_014,28
TAGGCCATGTGCCGGACATG_015,188
TAGGCCATGTGCCGGACATG_016,168
TAGGCCATGTGCCGGACATG_017,103
TAGGCCATGTGCCGGACATG_018,98
TAGGCCATGTGCCGGACATG_019,162
GGTATGCACCTTCCAAACGA_001,67
GGTATGCACCTTCCAAACGA_002,65
GGTATGCACCTTCCAAACGA_003,168
GGTATGCACCTTCCAAACGA_004,44
GGTATGCACCTTCCAAACGA_005,148
GGTATGCACCTTCCAAACGA_006,197
GGTATGCACCTTCCAAACGA_007,55
GGTATGCACCTTCCAAACGA_008,70
CTTGGGCAGAACCTTTCCCG_001,184
CTTGGGCAGAACCTTTCCCG_002,142
CTTGGGCAGAACCTTTCCCG_003,8
CTTGGGCAGAACCTTTCCCG_004,153
ACTCACCGATCATGGAGAGC_001,65
ACTCACCGATCATGGAGAGC_002,41
ACTCACCGATCATGGAGAGC_003,53
ACTCACCGATCATGGAGAGC_004,85
ACTCACCGATCATGGAGAGC_005,5
ACTCACCGATCATGGAGAGC_006,117
ACTCACCGATCATGGAGAGC_007,52
ACTCACCGATCATGGAGAGC_008,145
ACTCACCGATCATGGAGAGC_009,44
ACTCACCGATCATGGAGAGC_010,84
ACTCACCGATCATGGAGAGC_011,95
ACTCACCGATCATGGAGAGC_012,124
ACTCACCGATCATGGAGAGC_013,29
ACTCACCGATCATGGAGAGC_014,142
ACTCACCGATCATGGAGAGC_015,84
ACTCACCGATCATGGAGAGC_016,180
ACTCACCGATCATGGAGAGC_017,197
CCAGGAAATGTAGCTACATG_001,175
CCAGGAAATGTAGCTACATG_002,9
CCAGGAAATGTAGCTACATG_003,122
CCAGGAAATGTAGCTACATG_004,183
CCAGGAAATGTAGCTACATG_005,144
CCAGGAAATGTAGCTACATG_006,166
CCAGGAAATGTAGCTACATG_007,127
GATGGGCACCGGTACTAGGT_001,2
GATGGGCACCGGTACTAGGT_002,158
GATGGGCACCGGTACTAGGT_003,35
TTTAGGGGCTGGGTGACCGA_001,2
TTTAGGGGCTGGGTGACCGA_002,27
TTTAGGGGCTGGGTGACCGA_003,55
TTTAGGGGCTGGGTGACCGA_004,7
TTTAGGGGCTGGGTGACCGA_005,47
TTTAGGGGCTGGGTGACCGA_006,107
TTTAGGGGCTGGGTGACCGA_007,16
TTTAGGGGCTGGGTGACCGA_008,9
TTTAGGGGCTGGGTGACCGA_009,189
TTTAGGGGCTGGGTGACCGA_010,5
TTTAGGGGCTGGGTGACCGA_011,130
TTTAGGGGCTGGGTGACCGA_012,65
TTTAGGGGCTGGGTGACCGA_013,109
TTTAGGGGCTGGGTGACCGA_014,30
TTTAGGGGCTGGGTGACCGA_015,62
TTTAGGGGCTGGGTGACCGA_016,80
TTTAGGGGCTGGGTGACCGA_017,102
TTTAGGGGCTGGGTGACCGA_018,174
TTTAGGGGCTGGGTGACCGA_019,166
TTTAGGGGCTGGGTGACCGA_020,199
TTTAGGGGCTGGGTGACCGA_021,132
TTTAGGGGCTGGGTGACCGA_022,186
TTTAGGGGCTGGGTGACCGA_023,152
TTTAGGGGCTGGGTGACCGA_024,80
TTTAGGGGCTGGGTGACCGA_025,199
GTTTGAAATTGCACGCGTGA_001,59
GTTTGAAATTGCACGCGTGA_002,37
GTTTGAAATTGCACGCGTGA_003,44
GTTTGAAATTGCACGCGTGA_004,188
GTTTGAAATTGCACGCGTGA_005,41
AAGCTCCTCAAAATAGTGGA_001,147
AAGCTCCTCAAAATAGTGGA_002,194
AAGCTCCTCAAAATAGTGGA_003,181
AAGCTCCTCAAAATAGTGGA_004,7
AAGCTCCTCAAAATAGTGGA_005,70
AAGCTCCTCAAAATAGTGGA_006,13
AAGCTCCTCAAAATAGTGGA_007,104
AAGCTCCTCAAAATAGTGGA_008,40
AAGCTCCTCAAAATAGTGGA_009,116
AAGCTCCTCAAAATAGTGGA_010,136
AAGCTCCTCAAAATAGTGGA_011,150
AAGCTCCTCAAAATAGTGGA_012,115
AGGAAGAGCTACTGTTAACC_001,32
AGGAAGAGCTACTGTTAACC_002,81
CTTGGTAGAGCAGCTCAAGT_001,83
CTTGGTAGAGCAGCTCAAGT_002,20
CTTGGTAGAGCAGCTCAAGT_003,141
CTTGGTAGAGCAGCTCAAGT_004,58
CTTGGTAGAGCAGCTCAAGT_005,22
CTTGGTAGAGCAGCTCAAGT_006,50
CTTGGTAGAGCAGCTCAAGT_007,145
CTTGGTAGAGCAGCTCAAGT_008,147
GAAGAGTCACAAATGGGACC_001,160
GAAGAGTCACAAATGGGACC_002,185
GAAGAGTCACAAATGGGACC_003,127
GAAGAGTCACAAATGGGACC_004,132
CAAAAAATATGATGGACCCG_001,147
GTGACCAGCAACCACGACGG_001,18
GTGACCAGCAACCACGACGG_002,25
GTGACCAGCAACCACGACGG_003,0
GTGACCAGCAACCACGACGG_004,34
GTGACCAGCAACCACGACGG_005,168
GTGACCAGCAACCACGACGG_006,155
GTGACCAGCAACCACGACGG_007,60
GTGACCAGCAACCACGACGG_008,154
GTGACCAGCAACCACGACGG_009,15
GTGACCAGCAACCACGACGG_010,84
GTGACCAGCAACCACGACGG_011,54
GTGACCAGCAACCACGACGG_012,9
GTGACCAGCAACCACGACGG_013,19
GTGACCAGCAACCACGACGG_014,84
GTGACTGTCAAGCAAGAGCG_001,52
GTGACTGTCAAGCAAGAGCG_002,42
GTGACTGTCAAGCAAGAGCG_003,21
GTGACTGTCAAGCAAGAGCG_004,130
GTGACTGTCAAGCAAGAGCG_005,191
GTGACTGTCAAGCAAGAGCG_006,183
GTGACTGTCAAGCAAGAGCG_007,130
GTGACTGTCAAGCAAGAGCG_008,34
GTGACTGTCAAGCAAGAGCG_009,51
GTGACTGTCAAGCAAGAGCG_010,149
GTGACTGTCAAGCAAGAGCG_011,149
GTGACTGTCAAGCAAGAGCG_012,134
GTGACTGTCAAGCAAGAGCG_013,8
GTGACTGTCAAGCAAGAGCG_014,198
GTGACTGTCAAGCAAGAGCG_015,28
GTGACTGTCAAGCAAGAGCG_016,117
GTGACTGTCAAGCAAGAGCG_017,168
GTGACTGTCAAGCAAGAGCG_018,82
GTGACTGTCAAGCAAGAGCG_019,4
GTGACTGTCAAGCAAGAGCG_020,36
GTGACTGTCAAGCAAGAGCG_021,9
GTGACTGTCAAGCAAGAGCG_022,2
GTGACTGTCAAGCAAGAGCG_023,105
TATTTCCAACACCCTGCCGT_001,58
TATTTCCAACACCCTGCCGT_002,147
TATTTCCAACACCCTGCCGT_003,32
TATTTCCAACACCCTGCCGT_004,92
TATTTCCAACACCCTGCCGT_005,165
TATTTCCAACACCCTGCCGT_006,91
GGAGTCGCCATCATACAGGG_001,105
TGAAAGTGATAGCGATACTG_001,83
TGAAAGTGATAGCGATACTG_002,22
TGAAAGTGATAGCGATACTG_003,127
TGAAAGTGATAGCGATACTG_004,40
TGAAAGTGATAGCGATACTG_005,1
TTTCTAGCATGCATTAACCG_001,23
TTTCTAGCATGCATTAACCG_002,30
TTTCTAGCATGCATTAACCG_003,19
TTTCTAGCATGCATTAACCG_004,49
TTTCTAGCATGCATTAACCG_005,30
TTTCTAGCATGCATTAACCG_006,6
ACACGTAGTACATCACGCTC_001,77
ACACGTAGTACATCACGCTC_002,142
ACACGTAGTACATCACGCTC_003,162
ACACGTAGTACATCACGCTC_004,181
ACACGTAGTACATCACGCTC_005,96
ACACGTAGTACATCACGCTC_006,81
ACACGTAGTACATCACGCTC_007,176
ACACGTAGTACATCACGCTC_008,83
ACACGTAGTACATCACGCTC_009,58
ACACGTAGTACATCACGCTC_010,123
ACACGTAGTACATCACGCTC_011,0
ACACGTAGTACATCACGCTC_012,172
ACACGTAGTACATCACGCTC_013,8
ACCATACCAAGACGCTCCAG_001,0
ACCATACCAAGACGCTCCAG_002,62
ACCATACCAAGACGCTCCAG_003,167
ACCATACCAAGACGCTCCAG_004,120
ACCATACCAAGACGCTCCAG_005,133
ACCATACCAAGACGCTCCAG_006,108
ACCATACCAAGACGCTCCAG_007,143
ACCATACCAAGACGCTCCAG_008,143
ACCATACCAAGACGCTCCAG_009,191
ACCATACCAAGACGCTCCAG_010,133
ACCATACCAAGACGCTCCAG_011,169
ACCATACCAAGACGCTCCAG_012,25
ACCATACCAAGACGCTCCAG_013,116
ACCATACCAAGACGCTCCAG_014,160
ACCATACCAAGACGCTCCAG_015,39
ACCATACCAAGACGCTCCAG_016,127
ACCATACCAAGACGCTCCAG_017,46
ACCATACCAAGACGCTCCAG_018,146
ACCATACCAAGACGCTCCAG_019,41
ACCATACCAAGACGCTCCAG_020,47
ACAAGACCAATAAGAGGCGT_001,146
ACAAGACCAATAAGAGGCGT_002,198
ACAAGACCAATAAGAGGCGT_003,48
ACAAGACCAATAAGAGGCGT_004,115
ACAAGACCAATAAGAGGCGT_005,66
ACAAGACCAATAAGAGGCGT_006,107
ACAAGACCAATAAGAGGCGT_007,124
GCCCATGGGGGAGAAGCCAG_001,158
GCCCATGGGGGAGAAGCCAG_002,112
GCCCATGGGGGAGAAGCCAG_003,141
GCCCATGGGGGAGAAGCCAG_004,166
GCCCATGGGGGAGAAGCCAG_005,194
GCCCATGGGGGAGAAGCCAG_006,118
GCCCATGGGGGAGAAGCCAG_007,196
GCCCATGGGGGAGAAGCCAG_008,187
GCCCATGGGGGAGAAGCCAG_009,48
GCCCATGGGGGAGAAGCCAG_010,94
GCCCATGGGGGAGAAGCCAG_011,97
GCCCATGGGGGAGAAGCCAG_012,2
GCCCATGGGGGAGAAGCCAG_013,85
GCCCATGGGGGAGAAGCCAG_014,137
GCCCATGGGGGAGAAGCCAG_015,59
GCCCATGGGGGAGAAGCCAG_016,137
GCCCATGGGGGAGAAGCCAG_017,10
GCCCATGGGGGAGAAGCCAG_018,173
GCCCATGGGGGAGAAGCCAG_019,57
GCCCATGGGGGAGAAGCCAG_020,91
GCCCATGGGGGAGAAGCCAG_021,0
GCCCATGGGGGAGAAGCCAG_022,49
GCCCATGGGGGAGAAGCCAG_023,168
GGAGCCGTAAACCACGACCT_001,98
GGAGCCGTAAACCACGACCT_002,49
GGAGCCGTAAACCACGACCT_003,178
GGAGCCGTAAACCACGACCT_004,105
GGAGCCGTAAACCACGACCT_005,84
GGAGCCGTAAACCACGACCT_006,25
GGAGCCGTAAACCACGACCT_007,9
GGAGCCGTAAACCACGACCT_008,124
TCTCCACACCACCAACGACG_001,150
TCTCCACACCACCAACGACG_002,154
TCTCCACACCACCAACGACG_003,23
GGGGTGGCAACGGTGTCGAG_001,58
GGGGTGGCAACGGTGTCGAG_002,127
GTTTCCATCCGTGTCAACCG_001,101
CGAGGGATTTCAGAACATCG_001,23
CGAGGGATTTCAGAACATCG_002,102
CGAGGGATTTCAGAACATCG_003,176
CGAGGGATTTCAGAACATCG_004,134
CGAGGGATTTCAGAACATCG_005,42
CGAGGGATTTCAGAACATCG_006,110
CGAGGGATTTCAGAACATCG_007,146
GTAATTTTATGAGTTAAGTG_001,130
GTAATTTTATGAGTTAAGTG_002,159
GTAATTTTATGAGTTAAGTG_003,159
GTAATTTTATGAGTTAAGTG_004,43
GTAATTTTATGAGTTAAGTG_005,150
GTAATTTTATGAGTTAAGTG_006,127
GTAATTTTATGAGTTAAGTG_007,177
TCAGCTAAAACGCTGACAGT_001,177
TCAGCTAAAACGCTGACAGT_002,170
TTTACGCCATTACCTTGTTG_001,88
TCTGCGGGAGGCAGGCCTTG_001,190
TTAACCAGTCATCAACAATC_001,8
TTAACCAGTCATCAACAATC_002,172
TTAACCAGTCATCAACAATC_003,87
TTAACCAGTCATCAACAATC_004,94
TTAACCAGTCATCAACAATC_005,144
TTAACCAGTCATCAACAATC_006,78
TTAACCAGTCATCAACAATC_007,118
TTAACCAGTCATCAACAATC_008,151
TTAACCAGTCATCAACAATC_009,78
TTAACCAGTCATCAACAATC_010,94
TTAACCAGTCATCAACAATC_011,50
TTAACCAGTCATCAACAATC_012,15
CGCGCGCAGGGTGCAGAGCA_001,172
CGCGCGCAGGGTGCAGAGCA_002,119
CGCGCGCAGGGTGCAGAGCA_003,150
CGCGCGCAGGGTGCAGAGCA_004,129
CGCGCGCAGGGTGCAGAGCA_005,168
CGCGCGCAGGGTGCAGAGCA_006,169
CGCGCGCAGGGTGCAGAGCA_007,6
GCATCGACGGATCCATACGG_001,129
GCATCGACGGATCCATACGG_002,9
GCATCGACGGATCCATACGG_003,103
GCATCGACGGATCCATACGG_004,92
GCATCGACGGATCCATACGG_005,96
GCATCGACGGATCCATACGG_006,124
GCATCGACGGATCCATACGG_007,124
GACTTGGTCGATGATCACCA_001,112
GACTTGGTCGATGATCACCA_002,115
GACTTGGTCGATGATCACCA_003,12
GACTTGGTCGATGATCACCA_004,169
GACTTGGTCGATGATCACCA_005,146
GACTTGGTCGATGATCACCA_006,100
GACTTGGTCGATGATCACCA_007,31
GACTTGGTCGATGATCACCA_008,102
GACTTGGTCGATGATCACCA_009,162
GACTTGGTCGATGATCACCA_010,147
GACTTGGTCGATGATCACCA_011,66
GACTTGGTCGATGATCACCA_012,31
GACTTGGTCGATGATCACCA_013,121
TCAAGCCACTTGATAATCAG_001,78
TCAAGCCACTTGATAATCAG_002,191
TCAAGCCACTTGATAATCAG_003,68
TCAAGCCACTTGATAATCAG_004,145
ATATGACCAATAGTAACCAA_001,23
ATATGACCAATAGTAACCAA_002,3
CAAAGCCACAAGTCATACGC_001,63
CAAAGCCACAAGTCATACGC_002,127
CAAAGCCACAAGTCATACGC_003,55
CAAAGCCACAAGTCATACGC_004,82
CAAAGCCACAAGTCATACGC_005,35
CAAAGCCACAAGTCATACGC_006,162
CAAAGCCACAAGTCATACGC_007,90
CAAAGCCACAAGTCATACGC_008,182
CAAAGCCACAAGTCATACGC_009,70
CAAAGCCACAAGTCATACGC_010,78
TAGAAGTAGAATTTCCACAT_001,105
TAGAAGTAGAATTTCCACAT_002,25
TAGAAGTAGAATTTCCACAT_003,1
TAGAAGTAGAATTTCCACAT_004,37
TAGAAGTAGAATTTCCACAT_005,49
TAGAAGTAGAATTTCCACAT_006,168
GCGAGGTACAGACCGTTCCA_001,168
GCGAGGTACAGACCGTTCCA_002,177
GCGAGGTACAGACCGTTCCA_003,88
GCGAGGTACAGACCGTTCCA_004,197
AGCTGCTAGTAGAGCCAATG_001,78
AGCTGCTAGTAGAGCCAATG_002,129
AGCTGCTAGTAGAGCCAATG_003,102
AGCTGCTAGTAGAGCCAATG_004,178
AGCTGCTAGTAGAGCCAATG_005,53
AGCTGCTAGTAGAGCCAATG_006,21
AGCTGCTAGTAGAGCCAATG_007,1
AGCTGCTAGTAGAGCCAATG_008,47
AGCTGCTAGTAGAGCCAATG_009,97
AGCTGCTAGTAGAGCCAATG_010,29
AGCTGCTAGTAGAGCCAATG_011,86
AGCTGCTAGTAGAGCCAATG_012,98
AGCTGCTAGTAGAGCCAATG_013,62
AGCTGCTAGTAGAGCCAATG_014,168
AGCTGCTAGTAGAGCCAATG_015,117
AGCTGCTAGTAGAGCCAATG_016,191
AGCTGCTAGTAGAGCCAATG_017,49
AGCTGCTAGTAGAGCCAATG_018,165
AGCTGCTAGTAGAGCCAATG_019,154
AGCTGCTAGTAGAGCCAATG_020,104
CAACGCAGGGAACCAAACGG_001,151
CAACGCAGGGAACCAAACGG_002,137
CAACGCAGGGAACCAAACGG_003,75
CAACGCAGGGAACCAAACGG_004,150
CAACGCAGGGAACCAAACGG_005,108
TTACCTACTTACGATGCATG_001,16
TTACCTACTTACGATGCATG_002,78
TTACCTACTTACGATGCATG_003,129
TTACCTACTTACGATGCATG_004,169
TTACCTACTTACGATGCATG_005,4
CAAAGTTGTGGTCCGAAGGG_001,107
CAAAGTTGTGGTCCGAAGGG_002,169
CAAAGTTGTGGTCCGAAGGG_003,113
CAAAGTTGTGGTCCGAAGGG_004,176
CAAAGTTGTGGTCCGAAGGG_005,70
GTTGATGGACTCTAGAGTTG_001,75
GTTGATGGACTCTAGAGTTG_002,116
GTTGATGGACTCTAGAGTTG_003,11
GTTGATGGACTCTAGAGTTG_004,40
GTTGATGGACTCTAGAGTTG_005,153
GTTGATGGACTCTAGAGTTG_006,112
AGTTCTTGGGCTCAGTCTTG_001,94
AGTTCTTGGGCTCAGTCTTG_002,84
AGTTCTTGGGCTCAGTCTTG_003,152
AGTTCTTGGGCTCAGTCTTG_004,76
AGTTCTTGGGCTCAGTCTTG_005,57
AGTTCTTGGGCTCAGTCTTG_006,43
AGTTCTTGGGCTCAGTCTTG_007,195
AGTTCTTGGGCTCAGTCTTG_008,21
AGTTCTTGGGCTCAGTCTTG_009,42
AGTTCTTGGGCTCAGTCTTG_010,18
AGTTCTTGGGCTCAGTCTTG_011,63
AGTTCTTGGGCTCAGTCTTG_012,44
AGTTCTTGGGCTCAGTCTTG_013,5
AGTTCTTGGGCTCAGTCTTG_014,50
AGTTCTTGGGCTCAGTCTTG_015,1
AGTTCTTGGGCTCAGTCTTG_016,40
AGTTCTTGGGCTCAGTCTTG_017,190
AGTTCTTGGGCTCAGTCTTG_018,12
AGTTCTTGGGCTCAGTCTTG_019,37
AGTTCTTGGGCTCAGTCTTG_020,125
AGTTCTTGGGCTCAGTCTTG_021,152
TCTTATGAGAGGTTTAACCT_001,163
ACGCCGAGCTAGACGCCGAA_001,7
ACGCCGAGCTAGACGCCGAA_002,23
ACGCCGAGCTAGACGCCGAA_003,107
ACGCCGAGCTAGACGCCGAA_004,103
ACGCCGAGCTAGACGCCGAA_005,103
ACGCCGAGCTAGACGCCGAA_006,140
ACGCCGAGCTAGACGCCGAA_007,82
ACGCCGAGCTAGACGCCGAA_008,88
ACGCCGAGCTAGACGCCGAA_009,198
ACGCCGAGCTAGACGCCGAA_010,63
ACGCCGAGCTAGACGCCGAA_011,63
TAATGAAGACCGTGAGACCT_001,154
TAATGAAGACCGTGAGACCT_002,22
TAATGAAGACCGTGAGACCT_003,9
TAATGAAGACCGTGAGACCT_004,58
TAATGAAGACCGTGAGACCT_005,41
TAATGAAGACCGTGAGACCT_006,177
TAATGAAGACCGTGAGACCT_007,46
TAATGAAGACCGTGAGACCT_008,63
TAATGAAGACCGTGAGACCT_009,119
TAATGAAGACCGTGAGACCT_010,136
TCAGGGAGACACGAGCACCA_001,78
TCAGGGAGACACGAGCACCA_002,37
TCAGGGAGACACGAGCACCA_003,23
TCAGGGAGACACGAGCACCA_004,102
TCAGGGAGACACGAGCACCA_005,1
TCAGGGAGACACGAGCACCA_006,96
TCAGGGAGACACGAGCACCA_007,150
TCAGGGAGACACGAGCACCA_008,157
TCAGGGAGACACGAGCACCA_009,70
TCAGGGAGACACGAGCACCA_010,110
TCAGGGAGACACGAGCACCA_011,89
TCAGGGAGACACGAGCACCA_012,44
TCAGGGAGACACGAGCACCA_013,5
TCAGGGAGACACGAGCACCA_014,98
TCAGGGAGACACGAGCACCA_015,57
TCAGGGAGACACGAGCACCA_016,112
TCAGGGAGACACGAGCACCA_017,78
TCAGGGAGACACGAGCACCA_018,15
TCAGGGAGACACGAGCACCA_019,36
TCAGGGAGACACGAGCACCA_020,41
TCAGGGAGACACGAGCACCA_021,36
TCAGGGAGACACGAGCACCA_022,34
TCAGGGAGACACGAGCACCA_023,51
TCTTCTCTGAGTCAAAGAGT_001,81
TCTTCTCTGAGTCAAAGAGT_002,31
TTGTGGACTACCGAACCAGG_001,64
TTGTGGACTACCGAACCAGG_002,122
TTGTGGACTACCGAACCAGG_003,80
TTGTGGACTACCGAACCAGG_004,22
TTGTGGACTACCGAACCAGG_005,198
TTGTGGACTACCGAACCAGG_006,105
TTGTGGACTACCGAACCAGG_007,16
TTGTGGACTACCGAACCAGG_008,145
TTGTGGACTACCGAACCAGG_009,127
CAAAACCTACGCCACCACCG_001,198
CAAAACCTACGCCACCACCG_002,77
CAAAACCTACGCCACCACCG_003,36
CAAAACCTACGCCACCACCG_004,36
CAAAACCTACGCCACCACCG_005,111
CAAAACCTACGCCACCACCG_006,36
CAAAACCTACGCCACCACCG_007,146
CAAAACCTACGCCACCACCG_008,42
CAAAACCTACGCCACCACCG_009,3
CAAAACCTACGCCACCACCG_010,36
CAAAACCTACGCCACCACCG_011,92
CAAAACCTACGCCACCACCG_012,35
GGAGCTCTTCGACAGCAGTG_001,127
GGAGCTCTTCGACAGCAGTG_002,56
GGAGCTCTTCGACAGCAGTG_003,70
GGAGCTCTTCGACAGCAGTG_004,191
GGAGCTCTTCGACAGCAGTG_005,194
GGAGCTCTTCGACAGCAGTG_006,31
GGAGCTCTTCGACAGCAGTG_007,69
GGAGCTCTTCGACAGCAGTG_008,169
GGAGCTCTTCGACAGCAGTG_009,50
GGAGCTCTTCGACAGCAGTG_010,46
GGAGCTCTTCGACAGCAGTG_011,18
GGAGCTCTTCGACAGCAGTG_012,191
GGAGCTCTTCGACAGCAGTG_013,80
GGAGCTCTTCGACAGCAGTG_014,98
GGAGCTCTTCGACAGCAGTG_015,52
GGAGCTCTTCGACAGCAGTG_016,88
GGAGCTCTTCGACAGCAGTG_017,55
AGCAACACAGTCACTCCTGG_001,62
AGCAACACAGTCACTCCTGG_002,9
AGCAACACAGTCACTCCTGG_003,151
AGCAACACAGTCACTCCTGG_004,130
AGCAACACAGTCACTCCTGG_005,172
AGCAACACAGTCACTCCTGG_006,115
AGCAACACAGTCACTCCTGG_007,162
AACCAAGTCTTGTAGTGGAG_001,1
AACCAAGTCTTGTAGTGGAG_002,44
AACCAAGTCTTGTAGTGGAG_003,34
AACCAAGTCTTGTAGTGGAG_004,158
AACCAAGTCTTGTAGTGGAG_005,178
AGCCATGATCAAAAGCCTGG_001,138
AGCCATGATCAAAAGCCTGG_002,33
AGCCATGATCAAAAGCCTGG_003,74
AGCCATGATCAAAAGCCTGG_004,87
AGCCATGATCAAAAGCCTGG_005,17
AGCCATGATCAAAAGCCTGG_006,36
ATAGCCACCAGACACAATGC_001,133
ATAGCCACCAGACACAATGC_002,159
ATAGCCACCAGACACAATGC_003,147
ATAGCCACCAGACACAATGC_004,57
ATAGCCACCAGACACAATGC_005,24
ATAGCCACCAGACACAATGC_006,191
ATAGCCACCAGACACAATGC_007,38
ATAGCCACCAGACACAATGC_008,96
ATAGCCACCAGACACAATGC_009,161
AGACTCGGTGGGATCCATCG_001,48
AGACTCGGTGGGATCCATCG_002,126
AGACTCGGTGGGATCCATCG_003,174
AGACTCGGTGGGATCCATCG_004,7
AGACTCGGTGGGATCCATCG_005,104
AGACTCGGTGGGATCCATCG_006,60
AGACTCGGTGGGATCCATCG_007,26
AGACTCGGTGGGATCCATCG_008,115
AGACTCGGTGGGATCCATCG_009,199
AGACTCGGTGGGATCCATCG_010,58
AGACTCGGTGGGATCCATCG_011,60
AGACTCGGTGGGATCCATCG_012,168
AGACTCGGTGGGATCCATCG_013,16
AGACTCGGTGGGATCCATCG_014,9
AGACTCGGTGGGATCCATCG_015,199
AGACTCGGTGGGATCCATCG_016,58
AGACTCGGTGGGATCCATCG_017,172
AGACTCGGTGGGATCCATCG_018,19
TGACACGTTCTAGCTCCATG_001,82
TGACACGTTCTAGCTCCATG_002,79
TGACACGTTCTAGCTCCATG_003,49
TGACACGTTCTAGCTCCATG_004,150
TGACACGTTCTAGCTCCATG_005,39
TGACACGTTCTAGCTCCATG_006,43
TGACACGTTCTAGCTCCATG_007,5
TGACACGTTCTAGCTCCATG_008,24
CTTCAGTGTTTGATATCGTG_001,129
CTTCAGTGTTTGATATCGTG_002,40
GAGCGGCAGGTATCACATCG_001,168
GAGCGGCAGGTATCACATCG_002,199
GAGCGGCAGGTATCACATCG_003,102
GAGCGGCAGGTATCACATCG_004,39
GAGCGGCAGGTATCACATCG_005,40
GAGCGGCAGGTATCACATCG_006,147
GAGCGGCAGGTATCACATCG_007,10
GAGCGGCAGGTATCACATCG_008,92
GACCTGGAGACAGATGGCGG_001,189
GACCTGGAGACAGATGGCGG_002,110
GACCTGGAGACAGATGGCGG_003,174
GACCTGGAGACAGATGGCGG_004,160
GACCTGGAGACAGATGGCGG_005,40
GACCTGGAGACAGATGGCGG_006,58
GACCTGGAGACAGATGGCGG_007,90
GACCTGGAGACAGATGGCGG_008,152
GACCTGGAGACAGATGGCGG_009,150
GACCTGGAGACAGATGGCGG_010,170
GACCTGGAGACAGATGGCGG_011,102
GACCTGGAGACAGATGGCGG_012,184
GACCTGGAGACAGATGGCGG_013,55
GCTTCCGCCACTGTACGGAG_001,117
GCTTCCGCCACTGTACGGAG_002,166
TCCAAGCGTGTCGAGTTCGG_001,102
CACGTGCAGCAATAACATCG_001,3
CACGTGCAGCAATAACATCG_002,74
CACGTGCAGCAATAACATCG_003,73
CACGTGCAGCAATAACATCG_004,149
CACGTGCAGCAATAACATCG_005,94
CACGTGCAGCAATAACATCG_006,88
CACGTGCAGCAATAACATCG_007,26
CACGTGCAGCAATAACATCG_008,28
CACGTGCAGCAATAACATCG_009,125
CATCTGAGAAAGCCGCCGCG_001,54
CATCTGAGAAAGCCGCCGCG_002,25
CATCTGAGAAAGCCGCCGCG_003,33
CATCTGAGAAAGCCGCCGCG_004,130
CATCTGAGAAAGCCGCCGCG_005,41
CATCTGAGAAAGCCGCCGCG_006,152
CATCTGAGAAAGCCGCCGCG_007,32
CATCTGAGAAAGCCGCCGCG_008,177
CATCTGAGAAAGCCGCCGCG_009,197
CAAGGATAAAAGGACTCCAG_001,41
CAAGGATAAAAGGACTCCAG_002,159
CAAGGATAAAAGGACTCCAG_003,173
CAAGGATAAAAGGACTCCAG_004,173
CAAGGATAAAAGGACTCCAG_005,123
CAAGGATAAAAGGACTCCAG_006,108
CAAGGATAAAAGGACTCCAG_007,9
CAAGGATAAAAGGACTCCAG_008,184
CAAGGATAAAAGGACTCCAG_009,81
CAAGGATAAAAGGACTCCAG_010,155
CAAGGATAAAAGGACTCCAG_011,32
CAAGGATAAAAGGACTCCAG_012,197
CAAGGATAAAAGGACTCCAG_013,160
CAAGGATAAAAGGACTCCAG_014,76
CAAGGATAAAAGGACTCCAG_015,148
CAAGGATAAAAGGACTCCAG_016,158
CAAGGATAAAAGGACTCCAG_017,140
GGACCACCTATGGACTATAG_001,116
GGACCACCTATGGACTATAG_002,178
GGACCACCTATGGACTATAG_003,161
GGACCACCTATGGACTATAG_004,66
GGACCACCTATGGACTATAG_005,76
GGACCACCTATGGACTATAG_006,130
GGACCACCTATGGACTATAG_007,19
GGACCACCTATGGACTATAG_008,40
GGACCACCTATGGACTATAG_009,58
GGACCACCTATGGACTATAG_010,58
GGACCACCTATGGACTATAG_011,86
GGACCACCTATGGACTATAG_012,80
GTTGCTGGGTATTTCCCTGG_001,137
GTTGCTGGGTATTTCCCTGG_002,132
GTTGCTGGGTATTTCCCTGG_003,199
GTTGCTGGGTATTTCCCTGG_004,140
GTTGCTGGGTATTTCCCTGG_005,33
GTTGCTGGGTATTTCCCTGG_006,33
AGTGACAAACTGCACAGTAA_001,87
AGTGACAAACTGCACAGTAA_002,8
AGTGACAAACTGCACAGTAA_003,84
AGTGACAAACTGCACAGTAA_004,4
AGTGACAAACTGCACAGTAA_005,188
TGTACCAGGTCTCGTCGTTG_001,153
TGTACCAGGTCTCGTCGTTG_002,191
TGTACCAGGTCTCGTCGTTG_003,146
TGTACCAGGTCTCGTCGTTG_004,29
TGTACCAGGTCTCGTCGTTG_005,1
AGTTGTAATTACCTTGCACG_001,44
CATCTAGTGAAAGCTCCTCG_001,88
CATCTAGTGAAAGCTCCTCG_002,120
CATCTAGTGAAAGCTCCTCG_003,77
CATCTAGTGAAAGCTCCTCG_004,1
CATCTAGTGAAAGCTCCTCG_005,147
CATCTAGTGAAAGCTCCTCG_006,54
CATCTAGTGAAAGCTCCTCG_007,160
CATCTAGTGAAAGCTCCTCG_008,50
CATCTAGTGAAAGCTCCTCG_009,75
CATCTAGTGAAAGCTCCTCG_010,125
CATCTAGTGAAAGCTCCTCG_011,8
CATCTAGTGAAAGCTCCTCG_012,152
CATCTAGTGAAAGCTCCTCG_013,177
GTCAAGCTGAGTGGTGACGA_001,150
GTCAAGCTGAGTGGTGACGA_002,133
GTCAAGCTGAGTGGTGACGA_003,2
GTCAAGCTGAGTGGTGACGA_004,146
GTCAAGCTGAGTGGTGACGA_005,127
GTCAAGCTGAGTGGTGACGA_006,9
GTCAAGCTGAGTGGTGACGA_007,83
GTCAAGCTGAGTGGTGACGA_008,41
GTCAAGCTGAGTGGTGACGA_009,139
GTCAAGCTGAGTGGTGACGA_010,110
GTCAAGCTGAGTGGTGACGA_011,94
GTCAAGCTGAGTGGTGACGA_012,188
GTCAAGCTGAGTGGTGACGA_013,12
GTCAAGCTGAGTGGTGACGA_014,31
GTCAAGCTGAGTGGTGACGA_015,61
GTCAAGCTGAGTGGTGACGA_016,70
GTCAAGCTGAGTGGTGACGA_017,166
GTCAAGCTGAGTGGTGACGA_018,184
GTCAAGCTGAGTGGTGACGA_019,58
GTCAAGCTGAGTGGTGACGA_020,160
GTCAAGCTGAGTGGTGACGA_021,94
GTCAAGCTGAGTGGTGACGA_022,160
GTCAAGCTGAGTGGTGACGA_023,49
GTCAAGCTGAGTGGTGACGA_024,77
GTCAAGCTGAGTGGTGACGA_025,190
GTCAAGCTGAGTGGTGACGA_026,196
GTCAAGCTGAGTGGTGACGA_027,115
GTCAAGCTGAGTGGTGACGA_028,84
TTCCGTCGGCAGGTACAGTG_001,102
TTCCGTCGGCAGGTACAGTG_002,37
TTCCGTCGGCAGGTACAGTG_003,49
TTCCGTCGGCAGGTACAGTG_004,88
TTCCGTCGGCAGGTACAGTG_005,77
TTCCGTCGGCAGGTACAGTG_006,185
TTCCGTCGGCAGGTACAGTG_007,24
TTCCGTCGGCAGGTACAGTG_008,44
TTCCGTCGGCAGGTACAGTG_009,34
TTCCGTCGGCAGGTACAGTG_010,77
TTCCGTCGGCAGGTACAGTG_011,5
TTCCGTCGGCAGGTACAGTG_012,18
TTCCGTCGGCAGGTACAGTG_013,9
TTCCGTCGGCAGGTACAGTG_014,12
TTCCGTCGGCAGGTACAGTG_015,169
TTCCGTCGGCAGGTACAGTG_016,194
TTCCGTCGGCAGGTACAGTG_017,102
TTCCGTCGGCAGGTACAGTG_018,120
TTCCGTCGGCAGGTACAGTG_019,170
TTCCGTCGGCAGGTACAGTG_020,28
TTCCGTCGGCAGGTACAGTG_021,105
TTCCGTCGGCAGGTACAGTG_022,140
TTCCGTCGGCAGGTACAGTG_023,6
TTCCGTCGGCAGGTACAGTG_024,61
TTCCGTCGGCAGGTACAGTG_025,188
TTCCGTCGGCAGGTACAGTG_026,188
TTCCGTCGGCAGGTACAGTG_027,127
TTCCGTCGGCAGGTACAGTG_028,34
TTCCGTCGGCAGGTACAGTG_029,71
TTCCGTCGGCAGGTACAGTG_030,13
TTCCGTCGGCAGGTACAGTG_031,94
TTCCGTCGGCAGGTACAGTG_032,95
TTCCGTCGGCAGGTACAGTG_033,95
TTCCGTCGGCAGGTACAGTG_034,46
TGTGGCCGCAGATCAAAGGG_001,35
TGTGGCCGCAGATCAAAGGG_002,169
TGTGGCCGCAGATCAAAGGG_003,88
TGTGGCCGCAGATCAAAGGG_004,1
TGTGGCCGCAGATCAAAGGG_005,182
TGTGGCCGCAGATCAAAGGG_006,47
TTACCAGACCCTGAGGATTG_001,170
TTACCAGACCCTGAGGATTG_002,98
TTACCAGACCCTGAGGATTG_003,55
TTACCAGACCCTGAGGATTG_004,53
TTACCAGACCCTGAGGATTG_005,199
TTACCAGACCCTGAGGATTG_006,4
TTACCAGACCCTGAGGATTG_007,3
TTACCAGACCCTGAGGATTG_008,39
TTACCAGACCCTGAGGATTG_009,136
GAGCATACCGCAGTACCCTG_001,149
GAGCATACCGCAGTACCCTG_002,88
GAGCATACCGCAGTACCCTG_003,155
GAGCATACCGCAGTACCCTG_004,7
GAGCATACCGCAGTACCCTG_005,132
GAGCATACCGCAGTACCCTG_006,176
GAGCATACCGCAGTACCCTG_007,115
GAGCATACCGCAGTACCCTG_008,32
GAGCATACCGCAGTACCCTG_009,126
GAGCATACCGCAGTACCCTG_010,40
GAGCATACCGCAGTACCCTG_011,9
TGTGGTAAGGCATATCCAAG_001,29
CACCAGCAATTACTGAATGA_001,181
CACCAGCAATTACTGAATGA_002,119
CACCAGCAATTACTGAATGA_003,75
CACCAGCAATTACTGAATGA_004,38
CACCAGCAATTACTGAATGA_005,125
CACCAGCAATTACTGAATGA_006,147
CACCAGCAATTACTGAATGA_007,78
CACCAGCAATTACTGAATGA_008,56
ATGATCATTTGATAGCGAAG_001,118
ATGATCATTTGATAGCGAAG_002,199
ATGATCATTTGATAGCGAAG_003,170
ATGATCATTTGATAGCGAAG_004,14
ATGATCATTTGATAGCGAAG_005,183
ACTGAGTGGGTAACACGCAT_001,50
ACTGAGTGGGTAACACGCAT_002,43
ACTGAGTGGGTAACACGCAT_003,64
ACTGAGTGGGTAACACGCAT_004,32
ACTGAGTGGGTAACACGCAT_005,19
ACTGAGTGGGTAACACGCAT_006,40
ACTGAGTGGGTAACACGCAT_007,93
ACTGAGTGGGTAACACGCAT_008,172
ACTGAGTGGGTAACACGCAT_009,84
ACTGAGTGGGTAACACGCAT_010,19
ACTGAGTGGGTAACACGCAT_011,81
ACTGAGTGGGTAACACGCAT_012,145
ACTGAGTGGGTAACACGCAT_013,1
ACTGAGTGGGTAACACGCAT_014,2
ACTGAGTGGGTAACACGCAT_015,43
ACTGAGTGGGTAACACGCAT_016,102
ACTGAGTGGGTAACACGCAT_017,135
ACTGAGTGGGTAACACGCAT_018,28
ACTGAGTGGGTAACACGCAT_019,182
GCCAGCCTCCTTAGCTCTCG_001,76
GCCAGCCTCCTTAGCTCTCG_002,105
GCCAGCCTCCTTAGCTCTCG_003,178
GCCAGCCTCCTTAGCTCTCG_004,69
GCCAGCCTCCTTAGCTCTCG_005,65
GCCAGCCTCCTTAGCTCTCG_006,156
GCCAGCCTCCTTAGCTCTCG_007,41
GCCAGCCTCCTTAGCTCTCG_008,129
GCCAGCCTCCTTAGCTCTCG_009,119
GCCAGCCTCCTTAGCTCTCG_010,144
GCCAGCCTCCTTAGCTCTCG_011,145
GCCAGCCTCCTTAGCTCTCG_012,36
GCCAGCCTCCTTAGCTCTCG_013,153
GGGCAGGGCTCAGGGCACTT_001,169
GGGCAGGGCTCAGGGCACTT_002,106
GGGCAGGGCTCAGGGCACTT_003,106
GGGCAGGGCTCAGGGCACTT_004,170
GGGCAGGGCTCAGGGCACTT_005,119
GGGCAGGGCTCAGGGCACTT_006,184
GGGCAGGGCTCAGGGCACTT_007,103
TGATGATGGGAGGCATTGAA_001,3
TGATGATGGGAGGCATTGAA_002,197
TGATGATGGGAGGCATTGAA_003,192
TGATGATGGGAGGCATTGAA_004,61
CACACCAAACTGCAGACGTG_001,121
CACACCAAACTGCAGACGTG_002,29
CACACCAAACTGCAGACGTG_003,78
CACACCAAACTGCAGACGTG_004,149
CACACCAAACTGCAGACGTG_005,74
CACACCAAACTGCAGACGTG_006,129
CACACCAAACTGCAGACGTG_007,32
CACACCAAACTGCAGACGTG_008,199
CACACCAAACTGCAGACGTG_009,58
CACACCAAACTGCAGACGTG_010,184
CACACCAAACTGCAGACGTG_011,23
CACACCAAACTGCAGACGTG_012,137
CACACCAAACTGCAGACGTG_013,12
CACACCAAACTGCAGACGTG_014,4
CACACCAAACTGCAGACGTG_015,30
CACACCAAACTGCAGACGTG_016,158
CACACCAAACTGCAGACGTG_017,41
CACACCAAACTGCAGACGTG_018,8
CACACCAAACTGCAGACGTG_019,84
CACACCAAACTGCAGACGTG_020,19
CACACCAAACTGCAGACGTG_021,92
CACACCAAACTGCAGACGTG_022,83
CACACCAAACTGCAGACGTG_023,0
CACACCAAACTGCAGACGTG_024,94
CACACCAAACTGCAGACGTG_025,19
CACACCAAACTGCAGACGTG_026,185
CACACCAAACTGCAGACGTG_027,118
CACACCAAACTGCAGACGTG_028,39
CACACCAAACTGCAGACGTG_029,0
CACACCAAACTGCAGACGTG_030,180
CACACCAAACTGCAGACGTG_031,39
CACACCAAACTGCAGACGTG_032,168
CACACCAAACTGCAGACGTG_033,196
CACACCAAACTGCAGACGTG_034,152
CACACCAAACTGCAGACGTG_035,10
CACACCAAACTGCAGACGTG_036,41
CACACCAAACTGCAGACGTG_037,57
CACACCAAACTGCAGACGTG_038,26
CACACCAAACTGCAGACGTG_039,174
CTGACCCCGCACCCTCACTG_001,104
CTGACCCCGCACCCTCACTG_002,96
CTGACCCCGCACCCTCACTG_003,60
CTGACCCCGCACCCTCACTG_004,138
CTGACCCCGCACCCTCACTG_005,58
CTGACCCCGCACCCTCACTG_006,38
CTGACCCCGCACCCTCACTG_007,100
CTGACCCCGCACCCTCACTG_008,9
CTGACCCCGCACCCTCACTG_009,1
CTGACCCCGCACCCTCACTG_010,165
CTGACCCCGCACCCTCACTG_011,62
CTGACCCCGCACCCTCACTG_012,81
CTGACCCCGCACCCTCACTG_013,57
CTGACCCCGCACCCTCACTG_014,132
CTGACCCCGCACCCTCACTG_015,94
CTGACCCCGCACCCTCACTG_016,2
CTGACCCCGCACCCTCACTG_017,101
CTGACCCCGCACCCTCACTG_018,182
CTGACCCCGCACCCTCACTG_019,81
CTGACCCCGCACCCTCACTG_020,98
CTGACCCCGCACCCTCACTG_021,91
CTGACCCCGCACCCTCACTG_022,44
CTGACCCCGCACCCTCACTG_023,102
CTGACCCCGCACCCTCACTG_024,19
CTGACCCCGCACCCTCACTG_025,118
CTGACCCCGCACCCTCACTG_026,106
CTGACCCCGCACCCTCACTG_027,88
CTGACCCCGCACCCTCACTG_028,61
TGTTTACATCATCACAAGAG_001,123
CGACTGACCCCTGGGTGAAG_001,44
CGACTGACCCCTGGGTGAAG_002,15
CGACTGACCCCTGGGTGAAG_003,111
CGACTGACCCCTGGGTGAAG_004,197
CGACTGACCCCTGGGTGAAG_005,163
CGACTGACCCCTGGGTGAAG_006,53
CGACTGACCCCTGGGTGAAG_007,110
CGACTGACCCCTGGGTGAAG_008,127
CGACTGACCCCTGGGTGAAG_009,76
CGACTGACCCCTGGGTGAAG_010,186
CGACTGACCCCTGGGTGAAG_011,98
CGACTGACCCCTGGGTGAAG_012,42
CGACTGACCCCTGGGTGAAG_013,145
CGACTGACCCCTGGGTGAAG_014,168
CGACTGACCCCTGGGTGAAG_015,93
CGACTGACCCCTGGGTGAAG_016,91
CGACTGACCCCTGGGTGAAG_017,125
CGACTGACCCCTGGGTGAAG_018,111
CGACTGACCCCTGGGTGAAG_019,96
CGACTGACCCCTGGGTGAAG_020,92
CGACTGACCCCTGGGTGAAG_021,56
CGACTGACCCCTGGGTGAAG_022,37
CGACTGACCCCTGGGTGAAG_023,37
CGACTGACCCCTGGGTGAAG_024,199
CGACTGACCCCTGGGTGAAG_025,105
CGACTGACCCCTGGGTGAAG_026,166
CGACTGACCCCTGGGTGAAG_027,92
TGAGAACGCGCCTGAAACTG_001,54
TGAGAACGCGCCTGAAACTG_002,113
TGAGAACGCGCCTGAAACTG_003,27
TGAGAACGCGCCTGAAACTG_004,124
CGGACAGCACATTACCAGTG_001,125
CGGACAGCACATTACCAGTG_002,156
CGGACAGCACATTACCAGTG_003,29
GTACGCCGACCCGTTCGCGC_001,5
GTACGCCGACCCGTTCGCGC_002,184
GTACGCCGACCCGTTCGCGC_003,96
GTACGCCGACCCGTTCGCGC_004,174
GTACGCCGACCCGTTCGCGC_005,40
GTACGCCGACCCGTTCGCGC_006,93
GTACGCCGACCCGTTCGCGC_007,187
GTACGCCGACCCGTTCGCGC_008,168
GTACGCCGACCCGTTCGCGC_009,86
GTACGCCGACCCGTTCGCGC_010,120
GTACGCCGACCCGTTCGCGC_011,67
GTACGCCGACCCGTTCGCGC_012,8
GTACGCCGACCCGTTCGCGC_013,86
GTACGCCGACCCGTTCGCGC_014,56
GTACGCCGACCCGTTCGCGC_015,76
GTACGCCGACCCGTTCGCGC_016,146
GTACGCCGACCCGTTCGCGC_017,105
GTACGCCGACCCGTTCGCGC_018,149
GTACGCCGACCCGTTCGCGC_019,148
GTACGCCGACCCGTTCGCGC_020,109
GTACGCCGACCCGTTCGCGC_021,146
GTACGCCGACCCGTTCGCGC_022,108
GTACGCCGACCCGTTCGCGC_023,189
GTACGCCGACCCGTTCGCGC_024,53
GTACGCCGACCCGTTCGCGC_025,147
GTACGCCGACCCGTTCGCGC_026,131
GTACGCCGACCCGTTCGCGC_027,147
GTACGCCGACCCGTTCGCGC_028,143
GTACGCCGACCCGTTCGCGC_029,143
GTACGCCGACCCGTTCGCGC_030,145
GTACGCCGACCCGTTCGCGC_031,135
GTACGCCGACCCGTTCGCGC_032,148
GTACGCCGACCCGTTCGCGC_033,137
GTACGCCGACCCGTTCGCGC_034,51
GTACGCCGACCCGTTCGCGC_035,10
GTACGCCGACCCGTTCGCGC_036,30
ACATGCAAAGCCTCGGCCGT_001,29
ACATGCAAAGCCTCGGCCGT_002,60
ACATGCAAAGCCTCGGCCGT_003,145
ACATGCAAAGCCTCGGCCGT_004,88
ACATGCAAAGCCTCGGCCGT_005,77
ACATGCAAAGCCTCGGCCGT_006,78
ACATGCAAAGCCTCGGCCGT_007,175
ACATGCAAAGCCTCGGCCGT_008,133
ACATGCAAAGCCTCGGCCGT_009,199
ACATGCAAAGCCTCGGCCGT_010,8
ACATGCAAAGCCTCGGCCGT_011,195
ACATGCAAAGCCTCGGCCGT_012,162
ACATGCAAAGCCTCGGCCGT_013,11
ACATGCAAAGCCTCGGCCGT_014,193
AGGCTACGCAGGTTGGCCAG_001,116
AGGCTACGCAGGTTGGCCAG_002,138
AGGCTACGCAGGTTGGCCAG_003,172
AGGCTACGCAGGTTGGCCAG_004,96
AGGCTACGCAGGTTGGCCAG_005,137
AGGCTACGCAGGTTGGCCAG_006,158
AGGCTACGCAGGTTGGCCAG_007,94
AGGCTACGCAGGTTGGCCAG_008,17
AGGCTACGCAGGTTGGCCAG_009,188
AGGCTACGCAGGTTGGCCAG_010,90
AGGCTACGCAGGTTGGCCAG_011,152
AGAGACAGAGACTTACTCAG_001,29
AGAGACAGAGACTTACTCAG_002,40
AGAGACAGAGACTTACTCAG_003,132
AGAGACAGAGACTTACTCAG_004,108
AGAGACAGAGACTTACTCAG_005,104
AGAGACAGAGACTTACTCAG_006,108
AGAGACAGAGACTTACTCAG_007,178
AGAGACAGAGACTTACTCAG_008,172
AGGTTAGAGTTGAATGACGA_001,69
AGGTTAGAGTTGAATGACGA_002,53
AGGTTAGAGTTGAATGACGA_003,9
AGGTTAGAGTTGAATGACGA_004,55
AGGTTAGAGTTGAATGACGA_005,57
AGGTTAGAGTTGAATGACGA_006,88
AGGTTAGAGTTGAATGACGA_007,172
AGGTTAGAGTTGAATGACGA_008,12
ACAGCCAAGGGTAAATATGG_001,45
ACAGCCAAGGGTAAATATGG_002,172
ACAGCCAAGGGTAAATATGG_003,20
ACAGCCAAGGGTAAATATGG_004,175
ACAGCCAAGGGTAAATATGG_005,81
ACAGCCAAGGGTAAATATGG_006,161
ACAGCCAAGGGTAAATATGG_007,8
ACAGCCAAGGGTAAATATGG_008,7
TGTACTCCTCATATGCCAGG_001,144
TGTACTCCTCATATGCCAGG_002,92
TGTACTCCTCATATGCCAGG_003,112
TGTACTCCTCATATGCCAGG_004,171
TGTACTCCTCATATGCCAGG_005,198
TGTACTCCTCATATGCCAGG_006,141
TGTACTCCTCATATGCCAGG_007,10
TGTACTCCTCATATGCCAGG_008,169
GGATGCGCGCGAGAACAGGC_001,102
GGATGCGCGCGAGAACAGGC_002,29
GAGAGCCCAACCATAGTCCA_001,38
GAGAGCCCAACCATAGTCCA_002,29
GAGAGCCCAACCATAGTCCA_003,65
GAGAGCCCAACCATAGTCCA_004,84
GAGAGCCCAACCATAGTCCA_005,41
GAGAGCCCAACCATAGTCCA_006,95
GAGAGCCCAACCATAGTCCA_007,126
GAGAGCCCAACCATAGTCCA_008,150
GAGAGCCCAACCATAGTCCA_009,147
GAGAGCCCAACCATAGTCCA_010,12
GAGAGCCCAACCATAGTCCA_011,113
GAGAGCCCAACCATAGTCCA_012,25
GAGAGCCCAACCATAGTCCA_013,24
GAGAGCCCAACCATAGTCCA_014,30
GAGAGCCCAACCATAGTCCA_015,168
GAGAGCCCAACCATAGTCCA_016,128
GAGAGCCCAACCATAGTCCA_017,147
GAGAGCCCAACCATAGTCCA_018,106
GAGAGCCCAACCATAGTCCA_019,107
GAGAGCCCAACCATAGTCCA_020,49
GAGAGCCCAACCATAGTCCA_021,146
GAGAGCCCAACCATAGTCCA_022,141
GAGAGCCCAACCATAGTCCA_023,61
GAGAGCCCAACCATAGTCCA_024,29
GAGAGCCCAACCATAGTCCA_025,70
GAGAGCCCAACCATAGTCCA_026,34
GAGAGCCCAACCATAGTCCA_027,180
GAGAGCCCAACCATAGTCCA_028,61
GAGAGCCCAACCATAGTCCA_029,123
GAGAGCCCAACCATAGTCCA_030,47
GAAATGTTACAACGATCTCT_001,72
GAAATGTTACAACGATCTCT_002,38
GAAATGTTACAACGATCTCT_003,196
GAAATGTTACAACGATCTCT_004,72
GAAATGTTACAACGATCTCT_005,92
GAAATGTTACAACGATCTCT_006,45
CTGCCGAACCAAGTATACAC_001,102
CTGCCGAACCAAGTATACAC_002,188
GATAGCTGGTATTCGAAACT_001,23
TGGCACTGCAAAATAGACGA_001,142
TGGCACTGCAAAATAGACGA_002,158
TGGCACTGCAAAATAGACGA_003,56
TGGCACTGCAAAATAGACGA_004,197
TGGCACTGCAAAATAGACGA_005,176
TGGCACTGCAAAATAGACGA_006,77
TGGCACTGCAAAATAGACGA_007,48
TGGCACTGCAAAATAGACGA_008,105
TGGCACTGCAAAATAGACGA_009,130
TGGCACTGCAAAATAGACGA_010,130
TGGCACTGCAAAATAGACGA_011,119
TGGCACTGCAAAATAGACGA_012,119
TGTGCAGATGCTCCGTCTGT_001,162
TGTGCAGATGCTCCGTCTGT_002,142
TGTGCAGATGCTCCGTCTGT_003,32
TGTGCAGATGCTCCGTCTGT_004,24
TGTGCAGATGCTCCGTCTGT_005,24
TGTGCAGATGCTCCGTCTGT_006,170
TGTGCAGATGCTCCGTCTGT_007,75
TGTGCAGATGCTCCGTCTGT_008,98
TGTGCAGATGCTCCGTCTGT_009,162
TGTGCAGATGCTCCGTCTGT_010,138
TGTGCAGATGCTCCGTCTGT_011,31
CAAGGAGTCCCGCATCACAA_001,178
CAAGGAGTCCCGCATCACAA_002,118
CAAGGAGTCCCGCATCACAA_003,2
CAAGGAGTCCCGCATCACAA_004,2
CAAGGAGTCCCGCATCACAA_005,170
CAAGGAGTCCCGCATCACAA_006,127
CAAGGAGTCCCGCATCACAA_007,146
CAAGGAGTCCCGCATCACAA_008,61
CAAGGAGTCCCGCATCACAA_009,95
CAAGGAGTCCCGCATCACAA_010,41
CAAGGAGTCCCGCATCACAA_011,89
CAAGGAGTCCCGCATCACAA_012,52
GCAGTGATGATCCATTGCAT_001,76
GGTGCTGCGTCTGTACACTG_001,50
GGTGCTGCGTCTGTACACTG_002,38
GGTGCTGCGTCTGTACACTG_003,171
GGTGCTGCGTCTGTACACTG_004,167
GGTGCTGCGTCTGTACACTG_005,30
GGTGCTGCGTCTGTACACTG_006,102
GGTGCTGCGTCTGTACACTG_007,174
GGTGCTGCGTCTGTACACTG_008,182
GGTGCTGCGTCTGTACACTG_009,120
GGTGCTGCGTCTGTACACTG_010,135
GGTGCTGCGTCTGTACACTG_011,19
GGTGCTGCGTCTGTACACTG_012,81
GGTGCTGCGTCTGTACACTG_013,5
GTTGGCGAGCTAGCAAAACT_001,120
GTTGGCGAGCTAGCAAAACT_002,58
GTTGGCGAGCTAGCAAAACT_003,149
GCGACGCTGCTTCTATTCTG_001,63
GCGACGCTGCTTCTATTCTG_002,94
GCGACGCTGCTTCTATTCTG_003,130
GCGACGCTGCTTCTATTCTG_004,166
GCGACGCTGCTTCTATTCTG_005,177
TGCGCGGGGAGCGTTCCTAC_001,78
TGCGCGGGGAGCGTTCCTAC_002,160
TGCGCGGGGAGCGTTCCTAC_003,40
TGCGCGGGGAGCGTTCCTAC_004,145
TGCGCGGGGAGCGTTCCTAC_005,86
TGCGCGGGGAGCGTTCCTAC_006,65
TGCGCGGGGAGCGTTCCTAC_007,84
TTTCCCAGAACCGCTTATGG_001,5
TTTCCCAGAACCGCTTATGG_002,6
TTTCCCAGAACCGCTTATGG_003,167
TTTCCCAGAACCGCTTATGG_004,170
TTTCCCAGAACCGCTTATGG_005,72
GAGTTGGCATGGGATAGCCG_001,24
GAGTTGGCATGGGATAGCCG_002,90
GAGTTGGCATGGGATAGCCG_003,84
GAGTTGGCATGGGATAGCCG_004,57
GAGTTGGCATGGGATAGCCG_005,107
GAGTTGGCATGGGATAGCCG_006,3
GAGTTGGCATGGGATAGCCG_007,57
GGAGTCACACAAGCTAAAGA_001,28
GGAGTCACACAAGCTAAAGA_002,7
TCTAAAGAGCAACCACCCCG_001,129
TCTAAAGAGCAACCACCCCG_002,130
TCTAAAGAGCAACCACCCCG_003,63
TCTAAAGAGCAACCACCCCG_004,6
TCTAAAGAGCAACCACCCCG_005,124
TCTAAAGAGCAACCACCCCG_006,88
TCTAAAGAGCAACCACCCCG_007,178
TCTAAAGAGCAACCACCCCG_008,14
TCTAAAGAGCAACCACCCCG_009,198
TCTAAAGAGCAACCACCCCG_010,118
TCTAAAGAGCAACCACCCCG_011,124
AAGGCGAAGAACCTCAACGG_001,144
AAGGCGAAGAACCTCAACGG_002,1
AAGGCGAAGAACCTCAACGG_003,54
AAGGCGAAGAACCTCAACGG_004,189
AAGGCGAAGAACCTCAACGG_005,17
AAGGCGAAGAACCTCAACGG_006,119
AAGGCGAAGAACCTCAACGG_007,47
AAGGCGAAGAACCTCAACGG_008,197
AAGGCGAAGAACCTCAACGG_009,198
AAGGCGAAGAACCTCAACGG_010,158
AAGGCGAAGAACCTCAACGG_011,35
AAGGCGAAGAACCTCAACGG_012,5
AAGGCGAAGAACCTCAACGG_013,63
AAGGCGAAGAACCTCAACGG_014,1
AAGGCGAAGAACCTCAACGG_015,138
AAGGCGAAGAACCTCAACGG_016,44
AAGGCGAAGAACCTCAACGG_017,139
AAGGCGAAGAACCTCAACGG_018,127
AAGGCGAAGAACCTCAACGG_019,145
AAGGCGAAGAACCTCAACGG_020,58
AAGGCGAAGAACCTCAACGG_021,90
AAGGCGAAGAACCTCAACGG_022,65
AAGGCGAAGAACCTCAACGG_023,146
AGGCGACAGAGGTGTCGGCG_001,97
AGGCGACAGAGGTGTCGGCG_002,113
AGGCGACAGAGGTGTCGGCG_003,58
AGGCGACAGAGGTGTCGGCG_004,85
AGGCGACAGAGGTGTCGGCG_005,12
AGGCGACAGAGGTGTCGGCG_006,21
AGGCGACAGAGGTGTCGGCG_007,152
AGGCGACAGAGGTGTCGGCG_008,40
AGGCGACAGAGGTGTCGGCG_009,99
AGGCGACAGAGGTGTCGGCG_010,121
GGAGTGGTTCAAACAATCGC_001,44
GGAGTGGTTCAAACAATCGC_002,190
GGAGTGGTTCAAACAATCGC_003,59
GGAGTGGTTCAAACAATCGC_004,43
GGAGTGGTTCAAACAATCGC_005,8
GGAGTGGTTCAAACAATCGC_006,191
GGAGTGGTTCAAACAATCGC_007,6
AGTAATATACCTAGCCAGAG_001,11
AGTAATATACCTAGCCAGAG_002,98
AGTAATATACCTAGCCAGAG_003,98
AGTAATATACCTAGCCAGAG_004,127
GATCCGCAACAATAGCGACC_001,143
GATCCGCAACAATAGCGACC_002,115
GATCCGCAACAATAGCGACC_003,17
GATCCGCAACAATAGCGACC_004,179
GATCCGCAACAATAGCGACC_005,3
GATCCGCAACAATAGCGACC_006,140
GATCCGCAACAATAGCGACC_007,17
TCTTCGTAAGACTATCCTGG_001,70
TCTTCGTAAGACTATCCTGG_002,8
TCTTCGTAAGACTATCCTGG_003,174
TCTTCGTAAGACTATCCTGG_004,136
TCTTCGTAAGACTATCCTGG_005,25
TCTTCGTAAGACTATCCTGG_006,91
TCTTCGTAAGACTATCCTGG_007,75
TCTTCGTAAGACTATCCTGG_008,169
CAGTGCCCATCGAGAACCCG_001,105
CAGTGCCCATCGAGAACCCG_002,16
CAGTGCCCATCGAGAACCCG_003,169
CAGTGCCCATCGAGAACCCG_004,70
CAGTGCCCATCGAGAACCCG_005,9
CAGTGCCCATCGAGAACCCG_006,140
CAGTGCCCATCGAGAACCCG_007,100
CAGTGCCCATCGAGAACCCG_008,82
CAGTGCCCATCGAGAACCCG_009,6
CAGTGCCCATCGAGAACCCG_010,36
CAGTGCCCATCGAGAACCCG_011,178
CAGTGCCCATCGAGAACCCG_012,161
CAGTGCCCATCGAGAACCCG_013,156
CTTGTCATAGATCACACCAT_001,23
AGAGCCGAAAGGGTGCACGC_001,188
AGAGCCGAAAGGGTGCACGC_002,106
AGAGCCGAAAGGGTGCACGC_003,118
AGAGCCGAAAGGGTGCACGC_004,42
AGAGCCGAAAGGGTGCACGC_005,115
AGAGCCGAAAGGGTGCACGC_006,48
AGAGCCGAAAGGGTGCACGC_007,121
AGAGCCGAAAGGGTGCACGC_008,105
AGAGCCGAAAGGGTGCACGC_009,172
AGAGCCGAAAGGGTGCACGC_010,1
AGAGCCGAAAGGGTGCACGC_011,172
AGAGCCGAAAGGGTGCACGC_012,198
AGAGCCGAAAGGGTGCACGC_013,150
AGAGCCGAAAGGGTGCACGC_014,7
AGAGCCGAAAGGGTGCACGC_015,23
AGAGCCGAAAGGGTGCACGC_016,197
AGAGCCGAAAGGGTGCACGC_017,81
AGAGCCGAAAGGGTGCACGC_018,195
AGAGCCGAAAGGGTGCACGC_019,69
AGAGCCGAAAGGGTGCACGC_020,146
AGAGCCGAAAGGGTGCACGC_021,60
AGAGCCGAAAGGGTGCACGC_022,14
AGAGCCGAAAGGGTGCACGC_023,49
AGAGCCGAAAGGGTGCACGC_024,55
AGAGCCGAAAGGGTGCACGC_025,158
AGAGCCGAAAGGGTGCACGC_026,42
AGAGCCGAAAGGGTGCACGC_027,92
AGAGCCGAAAGGGTGCACGC_028,77
AGAGCCGAAAGGGTGCACGC_029,12
AGAGCCGAAAGGGTGCACGC_030,188
AGAGCCGAAAGGGTGCACGC_031,160
AGAGCCGAAAGGGTGCACGC_032,177
AGAGCCGAAAGGGTGCACGC_033,28
AGAGCCGAAAGGGTGCACGC_034,107
AGAGCCGAAAGGGTGCACGC_035,63
AGAGCCGAAAGGGTGCACGC_036,154
AGAGCCGAAAGGGTGCACGC_037,98
AGGAATTGAATGATCTGGCA_001,148
AGGAATTGAATGATCTGGCA_002,188
AGGAATTGAATGATCTGGCA_003,168
AGGAATTGAATGATCTGGCA_004,90
AGGAATTGAATGATCTGGCA_005,128
AGGAATTGAATGATCTGGCA_006,28
AGCTACGGCGGGAACACGCG_001,162
AGCTACGGCGGGAACACGCG_002,15
AGCTACGGCGGGAACACGCG_003,94
AGCTACGGCGGGAACACGCG_004,133
AGCTACGGCGGGAACACGCG_005,88
AGCTACGGCGGGAACACGCG_006,84
AGCTACGGCGGGAACACGCG_007,30
AGCTACGGCGGGAACACGCG_008,18
AGCTACGGCGGGAACACGCG_009,161
AGCTACGGCGGGAACACGCG_010,68
AGCTACGGCGGGAACACGCG_011,27
AGCTACGGCGGGAACACGCG_012,50
AGCTACGGCGGGAACACGCG_013,183
AGCTACGGCGGGAACACGCG_014,146
AGCTACGGCGGGAACACGCG_015,107
AGCTACGGCGGGAACACGCG_016,134
AGCTACGGCGGGAACACGCG_017,169
AGCTACGGCGGGAACACGCG_018,116
AGCTACGGCGGGAACACGCG_019,121
AGCTACGGCGGGAACACGCG_020,147
AGCTACGGCGGGAACACGCG_021,193
AGCTACGGCGGGAACACGCG_022,95
AGCTACGGCGGGAACACGCG_023,29
AGCTACGGCGGGAACACGCG_024,24
AGCTACGGCGGGAACACGCG_025,48
AGCTACGGCGGGAACACGCG_026,50
AGCTACGGCGGGAACACGCG_027,162
AGCTACGGCGGGAACACGCG_028,144
AGCTACGGCGGGAACACGCG_029,8
AGCTACGGCGGGAACACGCG_030,99
AGCTACGGCGGGAACACGCG_031,77
AGCTACGGCGGGAACACGCG_032,108
AGCTACGGCGGGAACACGCG_033,131
AGCTACGGCGGGAACACGCG_034,121
TGCAGGAGCCGAACTAAGGT_001,127
TGCAGGAGCCGAACTAAGGT_002,127
TGCAGGAGCCGAACTAAGGT_003,163
TGCAGGAGCCGAACTAAGGT_004,43
AGTACTACATCTTACCCGCA_001,137
TTTCGGAAGGAGACCACAAA_001,0
TTTCGGAAGGAGACCACAAA_002,119
TTTCGGAAGGAGACCACAAA_003,107
TTTCGGAAGGAGACCACAAA_004,160
TTTCGGAAGGAGACCACAAA_005,81
TTTCGGAAGGAGACCACAAA_006,129
TTTCGGAAGGAGACCACAAA_007,189
TTTCGGAAGGAGACCACAAA_008,14
TTTCGGAAGGAGACCACAAA_009,158
TTTCGGAAGGAGACCACAAA_010,75
TTTCGGAAGGAGACCACAAA_011,112
TTTCGGAAGGAGACCACAAA_012,53
TTTCGGAAGGAGACCACAAA_013,187
TTTCGGAAGGAGACCACAAA_014,64
TTTCGGAAGGAGACCACAAA_015,55
TTTCGGAAGGAGACCACAAA_016,46
TTTCGGAAGGAGACCACAAA_017,63
TTTCGGAAGGAGACCACAAA_018,194
TTTCGGAAGGAGACCACAAA_019,82
TTTCGGAAGGAGACCACAAA_020,116
TTTCGGAAGGAGACCACAAA_021,83
TTTCGGAAGGAGACCACAAA_022,132
TTTCGGAAGGAGACCACAAA_023,87
TTTCGGAAGGAGACCACAAA_024,28
TTTCGGAAGGAGACCACAAA_025,58
TTTCGGAAGGAGACCACAAA_026,59
TTTCGGAAGGAGACCACAAA_027,105
TTTCGGAAGGAGACCACAAA_028,97
CAAGCTCGAATGTGACAAGT_001,43
CAAGCTCGAATGTGACAAGT_002,119
CAAGCTCGAATGTGACAAGT_003,13
CAAGCTCGAATGTGACAAGT_004,91
CAAGCTCGAATGTGACAAGT_005,137
CATGACAGCACCCACGACGA_001,126
CATGACAGCACCCACGACGA_002,60
CATGACAGCACCCACGACGA_003,82
CATGACAGCACCCACGACGA_004,70
TGAATCTCATAACCTAAGAG_001,153
TGAATCTCATAACCTAAGAG_002,1
TGAATCTCATAACCTAAGAG_003,121
TGAATCTCATAACCTAAGAG_004,158
TGAATCTCATAACCTAAGAG_005,194
TGAATCTCATAACCTAAGAG_006,8
TGAATCTCATAACCTAAGAG_007,38
TGAATCTCATAACCTAAGAG_008,175
TGAGCGATATTTAGCTCCCA_001,140
TGAGCGATATTTAGCTCCCA_002,25
TGAGCGATATTTAGCTCCCA_003,105
TGAGCGATATTTAGCTCCCA_004,60
TGAGCGATATTTAGCTCCCA_005,98
TGAGCGATATTTAGCTCCCA_006,99
TGAGCGATATTTAGCTCCCA_007,147
TGAGCGATATTTAGCTCCCA_008,0
TGAGCGATATTTAGCTCCCA_009,62
AAGTTAGTTCTCCACAACTA_001,88
GCTGACGAATCTTATGAACC_001,177
TTAGGCTTCAGGTCCGTGAA_001,47
TTAGGCTTCAGGTCCGTGAA_002,185
TTAGGCTTCAGGTCCGTGAA_003,58
TTAGGCTTCAGGTCCGTGAA_004,192
TTAGGCTTCAGGTCCGTGAA_005,6
TTAGGCTTCAGGTCCGTGAA_006,80
TTAGGCTTCAGGTCCGTGAA_007,64
TTAGGCTTCAGGTCCGTGAA_008,137
TTAGGCTTCAGGTCCGTGAA_009,158
TTAGGCTTCAGGTCCGTGAA_010,75
TTAGGCTTCAGGTCCGTGAA_011,124
TTAGGCTTCAGGTCCGTGAA_012,10
CCACCTAGAACATGCGTGTG_001,94
CCACCTAGAACATGCGTGTG_002,114
CCACCTAGAACATGCGTGTG_003,177
CCACCTAGAACATGCGTGTG_004,197
CCACCTAGAACATGCGTGTG_005,28
CCACCTAGAACATGCGTGTG_006,62
AGTGATATCTTAATAGTCCG_001,152
TTTCCTCCTATTGACAGGGG_001,1
TTTCCTCCTATTGACAGGGG_002,60
TTTCCTCCTATTGACAGGGG_003,127
CAGCTGCAGTTGAACTACCT_001,133
CAGCTGCAGTTGAACTACCT_002,133
CAGCTGCAGTTGAACTACCT_003,88
CAGCTGCAGTTGAACTACCT_004,158
GCCAAACGGACTCACCATGG_001,166
GCCAAACGGACTCACCATGG_002,191
GCCAAACGGACTCACCATGG_003,60
GCCAAACGGACTCACCATGG_004,29
GCCAAACGGACTCACCATGG_005,80
GCCAAACGGACTCACCATGG_006,183
GCCAAACGGACTCACCATGG_007,33
GCCAAACGGACTCACCATGG_008,78
GCCAAACGGACTCACCATGG_009,2
GCCAAACGGACTCACCATGG_010,41
TTGGATACCAGGATTCACCT_001,114
TTGGATACCAGGATTCACCT_002,114
TTGGATACCAGGATTCACCT_003,113
TTGGATACCAGGATTCACCT_004,67
TTGGATACCAGGATTCACCT_005,170
TTGGATACCAGGATTCACCT_006,35
TTGGATACCAGGATTCACCT_007,94
TTGGATACCAGGATTCACCT_008,98
TTGGATACCAGGATTCACCT_009,184
TTGGATACCAGGATTCACCT_010,29
TTGGATACCAGGATTCACCT_011,149
TTGGATACCAGGATTCACCT_012,130
TTGGATACCAGGATTCACCT_013,3
TTGGATACCAGGATTCACCT_014,120
TTGGATACCAGGATTCACCT_015,81
CTGCTGGAGATCTCGGGACA_001,187
CTGCTGGAGATCTCGGGACA_002,114
CTGCTGGAGATCTCGGGACA_003,69
CTGCTGGAGATCTCGGGACA_004,190
CTGCTGGAGATCTCGGGACA_005,198
CTGCTGGAGATCTCGGGACA_006,103
CTGCTGGAGATCTCGGGACA_007,38
CTGCTGGAGATCTCGGGACA_008,59
CTGCTGGAGATCTCGGGACA_009,83
CTGCTGGAGATCTCGGGACA_010,47
CTGCTGGAGATCTCGGGACA_011,154
CTGCTGGAGATCTCGGGACA_012,33
CTGCTGGAGATCTCGGGACA_013,85
CTGCTGGAGATCTCGGGACA_014,29
CTGCTGGAGATCTCGGGACA_015,118
CTGCTGGAGATCTCGGGACA_016,198
CCTCACCCTGCACGCAGTCG_001,192
CCTCACCCTGCACGCAGTCG_002,160
CCTCACCCTGCACGCAGTCG_003,106
CCTCACCCTGCACGCAGTCG_004,42
CCTCACCCTGCACGCAGTCG_005,70
CCTCACCCTGCACGCAGTCG_006,106
CCTCACCCTGCACGCAGTCG_007,44
CCTCACCCTGCACGCAGTCG_008,100
CCTCACCCTGCACGCAGTCG_009,112
CCTCACCCTGCACGCAGTCG_010,176
CCTCACCCTGCACGCAGTCG_011,184
CCTCACCCTGCACGCAGTCG_012,40
CCTCACCCTGCACGCAGTCG_013,62
CCTCACCCTGCACGCAGTCG_014,127
CCCCTACGTCAACAGTCCTG_001,127
CCCCTACGTCAACAGTCCTG_002,163
CCCCTACGTCAACAGTCCTG_003,8
CCCCTACGTCAACAGTCCTG_004,176
CCCCTACGTCAACAGTCCTG_005,16
CCCCTACGTCAACAGTCCTG_006,101
CCCCTACGTCAACAGTCCTG_007,56
CCCCTACGTCAACAGTCCTG_008,72
CCCCTACGTCAACAGTCCTG_009,8
CCCCTACGTCAACAGTCCTG_010,157
CCCCTACGTCAACAGTCCTG_011,177
TGTGCACGCTGTATGCGGGG_001,56
TGTGCACGCTGTATGCGGGG_002,20
TGTGCACGCTGTATGCGGGG_003,49
TGTGCACGCTGTATGCGGGG_004,49
TGTGCACGCTGTATGCGGGG_005,43
AGCGGCGCATTCCCTGACAG_001,62
AGCGGCGCATTCCCTGACAG_002,174
GTTATTTCTCGACATGATTG_001,198
GTTATTTCTCGACATGATTG_002,70
GTTATTTCTCGACATGATTG_003,145
GTTATTTCTCGACATGATTG_004,61
GTTATTTCTCGACATGATTG_005,139
GTTATTTCTCGACATGATTG_006,61
GTTATTTCTCGACATGATTG_007,177
GTTATTTCTCGACATGATTG_008,47
GTTATTTCTCGACATGATTG_009,63
GTTATTTCTCGACATGATTG_010,22
ATTGGTGTTGACGTGCATGA_001,159
ATTGGTGTTGACGTGCATGA_002,96
ATTGGTGTTGACGTGCATGA_003,140
ATTGGTGTTGACGTGCATGA_004,52
ATTGGTGTTGACGTGCATGA_005,90
ATTGGTGTTGACGTGCATGA_006,162
ATTGGTGTTGACGTGCATGA_007,156
ATTGGTGTTGACGTGCATGA_008,191
ATTGGTGTTGACGTGCATGA_009,149
ATTGGTGTTGACGTGCATGA_010,29
ATTGGTGTTGACGTGCATGA_011,135
ATTGGTGTTGACGTGCATGA_012,119
ATTGGTGTTGACGTGCATGA_013,6
ATTGGTGTTGACGTGCATGA_014,48
ATTGGTGTTGACGTGCATGA_015,62
ATTGGTGTTGACGTGCATGA_016,132
ATTGGTGTTGACGTGCATGA_017,39
ATTGGTGTTGACGTGCATGA_018,77
ATTGGTGTTGACGTGCATGA_019,146
ATTGGTGTTGACGTGCATGA_020,70
ATTGGTGTTGACGTGCATGA_021,98
ATTGGTGTTGACGTGCATGA_022,52
ATTGGTGTTGACGTGCATGA_023,180
ATTGGTGTTGACGTGCATGA_024,106
ATTGGTGTTGACGTGCATGA_025,50
GAGCCTCTGAGCTCCCACTC_001,166
GAGCCTCTGAGCTCCCACTC_002,144
GAGCCTCTGAGCTCCCACTC_003,34
GAGCCTCTGAGCTCCCACTC_004,32
GAGCCTCTGAGCTCCCACTC_005,67
GAGCCTCTGAGCTCCCACTC_006,185
GAGCCTCTGAGCTCCCACTC_007,162
GAGCCTCTGAGCTCCCACTC_008,6
GAGCCTCTGAGCTCCCACTC_009,166
GTCCACAGGTGAAGGCAGCA_001,54
GTCCACAGGTGAAGGCAGCA_002,171
GTCCACAGGTGAAGGCAGCA_003,59
GTCCACAGGTGAAGGCAGCA_004,101
GTCCACAGGTGAAGGCAGCA_005,88
GTCCACAGGTGAAGGCAGCA_006,26
GTCCACAGGTGAAGGCAGCA_007,137
GTCCACAGGTGAAGGCAGCA_008,158
GTCCACAGGTGAAGGCAGCA_009,44
GTCCACAGGTGAAGGCAGCA_010,101
GTCCACAGGTGAAGGCAGCA_011,52
GTCCACAGGTGAAGGCAGCA_012,126
GTCCACAGGTGAAGGCAGCA_013,37
GTCCACAGGTGAAGGCAGCA_014,103
GTCCACAGGTGAAGGCAGCA_015,91
GTCCACAGGTGAAGGCAGCA_016,165
GTCCACAGGTGAAGGCAGCA_017,49
GTCCACAGGTGAAGGCAGCA_018,197
TCCGCATCGTCATCAAACTG_001,134
TCCGCATCGTCATCAAACTG_002,83
TCCGCATCGTCATCAAACTG_003,157
TCCGCATCGTCATCAAACTG_004,112
TCCGCATCGTCATCAAACTG_005,4
TCCGCATCGTCATCAAACTG_006,87
TCCGCATCGTCATCAAACTG_007,150
TCCGCATCGTCATCAAACTG_008,49
TACCAATCTAGACAACTCAG_001,31
TACCAATCTAGACAACTCAG_002,114
TACCAATCTAGACAACTCAG_003,78
TACCAATCTAGACAACTCAG_004,8
AGCTATCAAAGCTCGAGTCA_001,133
ACCGTACAGCGCATAACCTG_001,77
ACCGTACAGCGCATAACCTG_002,139
ACCGTACAGCGCATAACCTG_003,162
ACCGTACAGCGCATAACCTG_004,186
ACCGTACAGCGCATAACCTG_005,58
ACCGTACAGCGCATAACCTG_006,79
ACCGTACAGCGCATAACCTG_007,37
ACCGTACAGCGCATAACCTG_008,104
ACCGTACAGCGCATAACCTG_009,36
ACCGTACAGCGCATAACCTG_010,103
ACCGTACAGCGCATAACCTG_011,84
ACCGTACAGCGCATAACCTG_012,37
ACCGTACAGCGCATAACCTG_013,10
ACCGTACAGCGCATAACCTG_014,174
ACCGTACAGCGCATAACCTG_015,53
GCTCTACTAGGGAAGCGTCG_001,32
GCTCTACTAGGGAAGCGTCG_002,142
GCTCTACTAGGGAAGCGTCG_003,10
TTAAACTATGGACGACTCCG_001,144
TTAAACTATGGACGACTCCG_002,40
TTAAACTATGGACGACTCCG_003,77
TTAAACTATGGACGACTCCG_004,17
TTAAACTATGGACGACTCCG_005,183
TTAAACTATGGACGACTCCG_006,183
TTAAACTATGGACGACTCCG_007,184
TTAAACTATGGACGACTCCG_008,66
TTAAACTATGGACGACTCCG_009,52
TTGGTCTCGTTCAAAAACAT_001,72
TTGGTCTCGTTCAAAAACAT_002,98
TTGGTCTCGTTCAAAAACAT_003,150
TTGGTCTCGTTCAAAAACAT_004,60
TTGGTCTCGTTCAAAAACAT_005,48
GAGCCGTCAACCGTCCTCAG_001,62
GAGCCGTCAACCGTCCTCAG_002,162
GAGCCGTCAACCGTCCTCAG_003,2
GAGCCGTCAACCGTCCTCAG_004,137
GAGCCGTCAACCGTCCTCAG_005,174
GAGCCGTCAACCGTCCTCAG_006,95
GAGCCGTCAACCGTCCTCAG_007,89
GAGCCGTCAACCGTCCTCAG_008,15
GAGCCGTCAACCGTCCTCAG_009,83
GAGCCGTCAACCGTCCTCAG_010,163
GAGCCGTCAACCGTCCTCAG_011,137
GAGCCGTCAACCGTCCTCAG_012,185
GAGCCGTCAACCGTCCTCAG_013,130
GAGCCGTCAACCGTCCTCAG_014,57
GAGCCGTCAACCGTCCTCAG_015,106
GAGCCGTCAACCGTCCTCAG_016,174
GATCATCTGGGAATGTGCAG_001,131
GATCATCTGGGAATGTGCAG_002,155
GATCATCTGGGAATGTGCAG_003,28
GATCATCTGGGAATGTGCAG_004,78
GATCATCTGGGAATGTGCAG_005,39
GATCATCTGGGAATGTGCAG_006,168
GATCATCTGGGAATGTGCAG_007,162
GATCATCTGGGAATGTGCAG_008,130
GATCATCTGGGAATGTGCAG_009,17
TCATCATGAACCAAAGGACA_001,12
TCATCATGAACCAAAGGACA_002,169
TCATCATGAACCAAAGGACA_003,162
TCATCATGAACCAAAGGACA_004,134
AGTAGGTTCTTCGCAGACAG_001,181
AGTAGGTTCTTCGCAGACAG_002,168
AGTAGGTTCTTCGCAGACAG_003,3
AGTAGGTTCTTCGCAGACAG_004,198
AGTAGGTTCTTCGCAGACAG_005,188
AGTAGGTTCTTCGCAGACAG_006,82
AGTAGGTTCTTCGCAGACAG_007,193
AGTAGGTTCTTCGCAGACAG_008,96
AGTAGGTTCTTCGCAGACAG_009,134
AGTAGGTTCTTCGCAGACAG_010,5
AGTAGGTTCTTCGCAGACAG_011,157
AGTAGGTTCTTCGCAGACAG_012,15
AGTAGGTTCTTCGCAGACAG_013,19
AAAGCTACTATATCGCCACA_001,78
AAAGCTACTATATCGCCACA_002,159
AAAGCTACTATATCGCCACA_003,168
AATAGTGGGATGCGAGTCCA_001,150
AATAGTGGGATGCGAGTCCA_002,1
AATAGTGGGATGCGAGTCCA_003,28
AATAGTGGGATGCGAGTCCA_004,90
AATAGTGGGATGCGAGTCCA_005,39
ACTGCTTGTCCAGATGACTT_001,50
ACTGCTTGTCCAGATGACTT_002,41
ACTGCTTGTCCAGATGACTT_003,152
ACTGCTTGTCCAGATGACTT_004,16
ACTGCTTGTCCAGATGACTT_005,175
ACTGCTTGTCCAGATGACTT_006,62
ACTGCTTGTCCAGATGACTT_007,48
ACTGCTTGTCCAGATGACTT_008,175
ACTGCTTGTCCAGATGACTT_009,140
ACTGCTTGTCCAGATGACTT_010,139
ACTGCTTGTCCAGATGACTT_011,73
ACTGCTTGTCCAGATGACTT_012,168
ACTGCTTGTCCAGATGACTT_013,88
ACTGCTTGTCCAGATGACTT_014,121
ACTGCTTGTCCAGATGACTT_015,127
ACTGCTTGTCCAGATGACTT_016,199
ACTGCTTGTCCAGATGACTT_017,2
ACTGCTTGTCCAGATGACTT_018,68
ACTGCTTGTCCAGATGACTT_019,180
ACTGCTTGTCCAGATGACTT_020,66
ATCATCGTCTATCTTCTCTG_001,128
ATCATCGTCTATCTTCTCTG_002,120
ATCATCGTCTATCTTCTCTG_003,143
ATCATCGTCTATCTTCTCTG_004,98
ATCATCGTCTATCTTCTCTG_005,76
ATCATCGTCTATCTTCTCTG_006,1
ATCATCGTCTATCTTCTCTG_007,49
ATCATCGTCTATCTTCTCTG_008,83
GCAGGAACTTGTAGGGCTCG_001,1
GCAGGAACTTGTAGGGCTCG_002,29
GCAGGAACTTGTAGGGCTCG_003,61
GCAGGAACTTGTAGGGCTCG_004,131
GCAGGAACTTGTAGGGCTCG_005,56
GCAGGAACTTGTAGGGCTCG_006,43
GCAGGAACTTGTAGGGCTCG_007,32
GCAGGAACTTGTAGGGCTCG_008,119
GCAGGAACTTGTAGGGCTCG_009,68
GCAGGAACTTGTAGGGCTCG_010,16
GCAGGAACTTGTAGGGCTCG_011,9
GCAGGAACTTGTAGGGCTCG_012,48
GCAGGAACTTGTAGGGCTCG_013,43
AAACGAGGGACTACCCGCGG_001,142
AAACGAGGGACTACCCGCGG_002,191
AAACGAGGGACTACCCGCGG_003,1
AAACGAGGGACTACCCGCGG_004,109
AAACGAGGGACTACCCGCGG_005,96
AAACGAGGGACTACCCGCGG_006,65
AAACGAGGGACTACCCGCGG_007,186
AAACGAGGGACTACCCGCGG_008,121
AAACGAGGGACTACCCGCGG_009,179
AAACGAGGGACTACCCGCGG_010,176
AAACGAGGGACTACCCGCGG_011,146
AAACGAGGGACTACCCGCGG_012,149
AAACGAGGGACTACCCGCGG_013,156
AAACGAGGGACTACCCGCGG_014,8
AAACGAGGGACTACCCGCGG_015,105
AAACGAGGGACTACCCGCGG_016,98
AATGATGCGACGACAAGCCA_001,140
AATGATGCGACGACAAGCCA_002,88
AATGATGCGACGACAAGCCA_003,176
AATGATGCGACGACAAGCCA_004,48
AATGATGCGACGACAAGCCA_005,31
AATGATGCGACGACAAGCCA_006,13
AATGATGCGACGACAAGCCA_007,5
AATGATGCGACGACAAGCCA_008,17
AATGATGCGACGACAAGCCA_009,177
AATGATGCGACGACAAGCCA_010,45
AATGATGCGACGACAAGCCA_011,119
AATGATGCGACGACAAGCCA_012,70
AATGATGCGACGACAAGCCA_013,45
AATGATGCGACGACAAGCCA_014,94
AATGATGCGACGACAAGCCA_015,81
AATGATGCGACGACAAGCCA_016,50
AATGATGCGACGACAAGCCA_017,149
AATGATGCGACGACAAGCCA_018,160
AATGATGCGACGACAAGCCA_019,10
AATGATGCGACGACAAGCCA_020,124
AAGGGAGTCGTAAATGGTCA_001,58
AAGGGAGTCGTAAATGGTCA_002,29
AAGGGAGTCGTAAATGGTCA_003,19
AAGGGAGTCGTAAATGGTCA_004,25
AAGGGAGTCGTAAATGGTCA_005,123
AAGGGAGTCGTAAATGGTCA_006,188
AAGGGAGTCGTAAATGGTCA_007,75
AAGGGAGTCGTAAATGGTCA_008,57
AAGGGAGTCGTAAATGGTCA_009,18
AAGGGAGTCGTAAATGGTCA_010,5
AAGGGAGTCGTAAATGGTCA_011,70
AAGGGAGTCGTAAATGGTCA_012,147
AAGGGAGTCGTAAATGGTCA_013,136
AAGGGAGTCGTAAATGGTCA_014,98
AAGGGAGTCGTAAATGGTCA_015,61
AAGGGAGTCGTAAATGGTCA_016,39
AAGGGAGTCGTAAATGGTCA_017,58
AAGGGAGTCGTAAATGGTCA_018,12
AAGGGAGTCGTAAATGGTCA_019,147
ATGCTGTGGACACTCCAGCG_001,9
ATGCTGTGGACACTCCAGCG_002,125
ATGCTGTGGACACTCCAGCG_003,159
ATGCTGTGGACACTCCAGCG_004,171
ATGCTGTGGACACTCCAGCG_005,97
ATGCTGTGGACACTCCAGCG_006,161
ATGCTGTGGACACTCCAGCG_007,1
ATGCTGTGGACACTCCAGCG_008,176
AGGGCATCGTGCGTGCCAAG_001,74
AGGGCATCGTGCGTGCCAAG_002,84
AGGGCATCGTGCGTGCCAAG_003,134
AGGGCATCGTGCGTGCCAAG_004,61
AGGGCATCGTGCGTGCCAAG_005,72
AGGGCATCGTGCGTGCCAAG_006,108
AGGGCATCGTGCGTGCCAAG_007,148
AGGGCATCGTGCGTGCCAAG_008,185
AGGGCATCGTGCGTGCCAAG_009,49
AGGGCATCGTGCGTGCCAAG_010,10
AGGGCATCGTGCGTGCCAAG_011,165
AGGGCATCGTGCGTGCCAAG_012,38
AGGGCATCGTGCGTGCCAAG_013,46
AGGGCATCGTGCGTGCCAAG_014,88
AGGGCATCGTGCGTGCCAAG_015,172
AGGGCATCGTGCGTGCCAAG_016,178
AGGGCATCGTGCGTGCCAAG_017,178
AGGGCATCGTGCGTGCCAAG_018,130
CGCACGGCGGAGAGGCGACG_001,117
CGCACGGCGGAGAGGCGACG_002,145
CGCACGGCGGAGAGGCGACG_003,16
TGGGCCCAGGGATACGACGG_001,68
TGGGCCCAGGGATACGACGG_002,47
TGGGCCCAGGGATACGACGG_003,77
TGGGCCCAGGGATACGACGG_004,68
TGGGCCCAGGGATACGACGG_005,121
TGGGCCCAGGGATACGACGG_006,43
TGGGCCCAGGGATACGACGG_007,50
TGGGCCCAGGGATACGACGG_008,181
TGGGCCCAGGGATACGACGG_009,27
TGGGCCCAGGGATACGACGG_010,80
TGGGCCCAGGGATACGACGG_011,106
AGGGAGGTTAACTACCATGG_001,194
AGGGAGGTTAACTACCATGG_002,102
AGGGAGGTTAACTACCATGG_003,5
AGGGAGGTTAACTACCATGG_004,105
GCTCCCCCTGACAGACCGCG_001,50
GCTCCCCCTGACAGACCGCG_002,88
GCTCCCCCTGACAGACCGCG_003,31
GCTCCCCCTGACAGACCGCG_004,12
GCTCCCCCTGACAGACCGCG_005,144
GCTCCCCCTGACAGACCGCG_006,91
GCTCCCCCTGACAGACCGCG_007,163
GCTCCCCCTGACAGACCGCG_008,177
GCTCCCCCTGACAGACCGCG_009,83
GCTCCCCCTGACAGACCGCG_010,160
GCTCCCCCTGACAGACCGCG_011,106
GCTCCCCCTGACAGACCGCG_012,88
GCTCCCCCTGACAGACCGCG_013,176
GCTCCCCCTGACAGACCGCG_014,96
GCTCCCCCTGACAGACCGCG_015,131
GCTCCCCCTGACAGACCGCG_016,82
GCTCCCCCTGACAGACCGCG_017,105
GCTCCCCCTGACAGACCGCG_018,119
GCTCCCCCTGACAGACCGCG_019,151
GCTCCCCCTGACAGACCGCG_020,94
GCTCCCCCTGACAGACCGCG_021,125
GCTCCCCCTGACAGACCGCG_022,113
GCTCCCCCTGACAGACCGCG_023,9
GCTCCCCCTGACAGACCGCG_024,91
AGCCCTACCTAGACACCTTG_001,72
AGCCCTACCTAGACACCTTG_002,76
AGCCCTACCTAGACACCTTG_003,112
AGCCCTACCTAGACACCTTG_004,195
AGCCCTACCTAGACACCTTG_005,123
AGCCCTACCTAGACACCTTG_006,31
AGCCCTACCTAGACACCTTG_007,22
AGCCCTACCTAGACACCTTG_008,70
AGCCCTACCTAGACACCTTG_009,18
AGCCCTACCTAGACACCTTG_010,182
AGCCCTACCTAGACACCTTG_011,137
AGCCCTACCTAGACACCTTG_012,76
AGCCCTACCTAGACACCTTG_013,188
AGCCCTACCTAGACACCTTG_014,183
AGCCCTACCTAGACACCTTG_015,84
CTATTATACAAACACCCCCT_001,169
CTATTATACAAACACCCCCT_002,166
CTATTATACAAACACCCCCT_003,119
CTATTATACAAACACCCCCT_004,43
GGGGAGCGGCACGAGCAACG_001,113
GGGGAGCGGCACGAGCAACG_002,106
GGGGAGCGGCACGAGCAACG_003,48
GGGGAGCGGCACGAGCAACG_004,38
GGGGAGCGGCACGAGCAACG_005,172
GGGGAGCGGCACGAGCAACG_006,150
GGGGAGCGGCACGAGCAACG_007,67
GGGGAGCGGCACGAGCAACG_008,1
GGGGAGCGGCACGAGCAACG_009,137
GGGGAGCGGCACGAGCAACG_010,0
GGGGAGCGGCACGAGCAACG_011,177
GGGGAGCGGCACGAGCAACG_012,136
GGGGAGCGGCACGAGCAACG_013,164
GGGGAGCGGCACGAGCAACG_014,78
GGGGAGCGGCACGAGCAACG_015,152
GGGGAGCGGCACGAGCAACG_016,180
GGGGAGCGGCACGAGCAACG_017,148
GGGGAGCGGCACGAGCAACG_018,88
GGGGAGCGGCACGAGCAACG_019,10
CTGCAAAAAAGGTTTGCCGG_001,156
CTGCAAAAAAGGTTTGCCGG_002,137
CTGCAAAAAAGGTTTGCCGG_003,24
CTGCAAAAAAGGTTTGCCGG_004,27
CTGCAAAAAAGGTTTGCCGG_005,18
CTGCAAAAAAGGTTTGCCGG_006,111
CTGCAAAAAAGGTTTGCCGG_007,25
CTGCAAAAAAGGTTTGCCGG_008,3
CTGCAAAAAAGGTTTGCCGG_009,165
CTGCAAAAAAGGTTTGCCGG_010,125
CTGCAAAAAAGGTTTGCCGG_011,183
CTGCAAAAAAGGTTTGCCGG_012,58
CTGCAAAAAAGGTTTGCCGG_013,62
CTGCAAAAAAGGTTTGCCGG_014,88
CTGCAAAAAAGGTTTGCCGG_015,174
CTGCAAAAAAGGTTTGCCGG_016,120
CTGCAAAAAAGGTTTGCCGG_017,140
CTGCAAAAAAGGTTTGCCGG_018,158
CTGCAAAAAAGGTTTGCCGG_019,157
CTGCAAAAAAGGTTTGCCGG_020,157
CTGCAAAAAAGGTTTGCCGG_021,81
CTGCAAAAAAGGTTTGCCGG_022,61
CTGCAAAAAAGGTTTGCCGG_023,144
CTGCAAAAAAGGTTTGCCGG_024,68
CTGCAAAAAAGGTTTGCCGG_025,29
CTGCAAAAAAGGTTTGCCGG_026,167
CTGCAAAAAAGGTTTGCCGG_027,167
CTGCAAAAAAGGTTTGCCGG_028,185
CTGCAAAAAAGGTTTGCCGG_029,124
CTGCAAAAAAGGTTTGCCGG_030,81
CTGCAAAAAAGGTTTGCCGG_031,197
CTGCAAAAAAGGTTTGCCGG_032,58
CTGCAAAAAAGGTTTGCCGG_033,158
CTGCAAAAAAGGTTTGCCGG_034,174
CTGCAAAAAAGGTTTGCCGG_035,147
GATGGCAAGTCAGAGAATTG_001,47
GATGGCAAGTCAGAGAATTG_002,27
GATGGCAAGTCAGAGAATTG_003,19
GATGGCAAGTCAGAGAATTG_004,103
GATGGCAAGTCAGAGAATTG_005,115
TCACCATAAAAGAGTCGCTG_001,22
TCACCATAAAAGAGTCGCTG_002,166
TCACCATAAAAGAGTCGCTG_003,181
TCACCATAAAAGAGTCGCTG_004,34
TCACCATAAAAGAGTCGCTG_005,1
TCACCATAAAAGAGTCGCTG_006,152
TCACCATAAAAGAGTCGCTG_007,57
TCACCATAAAAGAGTCGCTG_008,104
TCACCATAAAAGAGTCGCTG_009,4
TCACCATAAAAGAGTCGCTG_010,144
TCACCATAAAAGAGTCGCTG_011,39
TCACCATAAAAGAGTCGCTG_012,57
TCACCATAAAAGAGTCGCTG_013,77
TCACCATAAAAGAGTCGCTG_014,168
TCACCATAAAAGAGTCGCTG_015,77
GAAAAGTTCCTACCAGATGA_001,30
GAAAAGTTCCTACCAGATGA_002,83
GAAAAGTTCCTACCAGATGA_003,193
GAAAAGTTCCTACCAGATGA_004,47
GAAAAGTTCCTACCAGATGA_005,13
GAAAAGTTCCTACCAGATGA_006,119
GAAAAGTTCCTACCAGATGA_007,67
GAAAAGTTCCTACCAGATGA_008,85
CACTATGATGCCAAACCACA_001,116
CACTATGATGCCAAACCACA_002,74
CACTATGATGCCAAACCACA_003,82
CACTATGATGCCAAACCACA_004,70
CACTATGATGCCAAACCACA_005,170
CACTATGATGCCAAACCACA_006,71
GTGGCCAACGATGAGAACTG_001,175
GTGGCCAACGATGAGAACTG_002,194
GTGGCCAACGATGAGAACTG_003,169
GTGGCCAACGATGAGAACTG_004,103
GTGGCCAACGATGAGAACTG_005,15
GTGGCCAACGATGAGAACTG_006,178
GTGGCCAACGATGAGAACTG_007,31
GTGGCCAACGATGAGAACTG_008,90
GTGGCCAACGATGAGAACTG_009,123
GTGGCCAACGATGAGAACTG_010,61
GTGGCCAACGATGAGAACTG_011,28
GTGGCCAACGATGAGAACTG_012,74
GTGGCCAACGATGAGAACTG_013,162
GTGGCCAACGATGAGAACTG_014,77
GTGGCCAACGATGAGAACTG_015,178
GTGGCCAACGATGAGAACTG_016,70
TGACAGTGTACTGGAAAGGG_001,82
TGACAGTGTACTGGAAAGGG_002,122
CCGCCGAAGACGAGCCGTCG_001,6
CCGCCGAAGACGAGCCGTCG_002,160
CCGCCGAAGACGAGCCGTCG_003,119
CCGCCGAAGACGAGCCGTCG_004,50
CCGCCGAAGACGAGCCGTCG_005,117
CCGCCGAAGACGAGCCGTCG_006,139
TACCTGAGGTCATGTCGAGG_001,7
TACCTGAGGTCATGTCGAGG_002,80
TACCTGAGGTCATGTCGAGG_003,56
TACCTGAGGTCATGTCGAGG_004,57
TACCTGAGGTCATGTCGAGG_005,149
TACCTGAGGTCATGTCGAGG_006,35
TACCTGAGGTCATGTCGAGG_007,145
TACCTGAGGTCATGTCGAGG_008,88
TACCTGAGGTCATGTCGAGG_009,71
TACCTGAGGTCATGTCGAGG_010,97
TACCTGAGGTCATGTCGAGG_011,15
TACCTGAGGTCATGTCGAGG_012,30
TACCTGAGGTCATGTCGAGG_013,45
TACCTGAGGTCATGTCGAGG_014,43
TACCTGAGGTCATGTCGAGG_015,177
CAAGCACATCCTGGATATCT_001,81
ACGATGTAGGAGGTGAACGG_001,146
ACGATGTAGGAGGTGAACGG_002,166
ACGATGTAGGAGGTGAACGG_003,104
ACGATGTAGGAGGTGAACGG_004,97
ACGATGTAGGAGGTGAACGG_005,182
ACGATGTAGGAGGTGAACGG_006,72
ACGATGTAGGAGGTGAACGG_007,78
ACGATGTAGGAGGTGAACGG_008,76
ACGATGTAGGAGGTGAACGG_009,127
ACGATGTAGGAGGTGAACGG_010,57
ACGATGTAGGAGGTGAACGG_011,78
ACGATGTAGGAGGTGAACGG_012,35
ACGATGTAGGAGGTGAACGG_013,63
ACGATGTAGGAGGTGAACGG_014,198
ACGATGTAGGAGGTGAACGG_015,96
ACGATGTAGGAGGTGAACGG_016,40
ACGATGTAGGAGGTGAACGG_017,135
ACGATGTAGGAGGTGAACGG_018,97
ACGATGTAGGAGGTGAACGG_019,198
GGAGGCCTCTGTGTCGACAG_001,169
GGAGGCCTCTGTGTCGACAG_002,42
GGAGGCCTCTGTGTCGACAG_003,83
GGAGGCCTCTGTGTCGACAG_004,191
GGAGGCCTCTGTGTCGACAG_005,190
GGAGGCCTCTGTGTCGACAG_006,58
GGAGGCCTCTGTGTCGACAG_007,88
TAGCCATTGGAACGGTCACA_001,130
TAGCCATTGGAACGGTCACA_002,48
TAGCCATTGGAACGGTCACA_003,35
TAGCCATTGGAACGGTCACA_004,168
TAGCCATTGGAACGGTCACA_005,19
TAGCCATTGGAACGGTCACA_006,64
TAGCCATTGGAACGGTCACA_007,162
TAGCCATTGGAACGGTCACA_008,75
TAGCCATTGGAACGGTCACA_009,42
TAGCCATTGGAACGGTCACA_010,0
TAGCCATTGGAACGGTCACA_011,124
TAGCCATTGGAACGGTCACA_012,165
AACAGAACCACTCTCTACTC_001,78
AACAGAACCACTCTCTACTC_002,94
AACAGAACCACTCTCTACTC_003,130
AACAGAACCACTCTCTACTC_004,175
AACAGAACCACTCTCTACTC_005,42
AACAGAACCACTCTCTACTC_006,122
AACAGAACCACTCTCTACTC_007,169
TTACCACTACTACAGTCGAA_001,47
TGCACTGGCCGTAACAGAAG_001,17
ACCCACAGCAGTCCCGATGA_001,27
ACCCACAGCAGTCCCGATGA_002,94
ATCCGGGACAACGAGCGGAG_001,134
ATCCGGGACAACGAGCGGAG_002,177
ATCCGGGACAACGAGCGGAG_003,83
ATCCGGGACAACGAGCGGAG_004,121
ATCCGGGACAACGAGCGGAG_005,108
ATCCGGGACAACGAGCGGAG_006,115
ATCCGGGACAACGAGCGGAG_007,67
ATCCGGGACAACGAGCGGAG_008,185
ATCCGGGACAACGAGCGGAG_009,103
ATCCGGGACAACGAGCGGAG_010,127
ATCCGGGACAACGAGCGGAG_011,147
ATCCGGGACAACGAGCGGAG_012,114
ATCCGGGACAACGAGCGGAG_013,37
ATCCGGGACAACGAGCGGAG_014,82
ATCCGGGACAACGAGCGGAG_015,192
ATCCGGGACAACGAGCGGAG_016,74
AGGGCAGGTCCGGATACGTA_001,157
AGGGCAGGTCCGGATACGTA_002,185
AGGGCAGGTCCGGATACGTA_003,15
AGGGCAGGTCCGGATACGTA_004,150
AGGGCAGGTCCGGATACGTA_005,78
AGGGCAGGTCCGGATACGTA_006,61
AGGGCAGGTCCGGATACGTA_007,56
AGGGCAGGTCCGGATACGTA_008,150
AGGGCAGGTCCGGATACGTA_009,48
AGGGCAGGTCCGGATACGTA_010,19
AGGGCAGGTCCGGATACGTA_011,81
AGGGCAGGTCCGGATACGTA_012,9
AGGGCAGGTCCGGATACGTA_013,2
AGGGCAGGTCCGGATACGTA_014,85
CCCATGCCGGAAGCGTCCGG_001,1
CCCATGCCGGAAGCGTCCGG_002,8
CCCATGCCGGAAGCGTCCGG_003,3
CCCATGCCGGAAGCGTCCGG_004,8
CCCATGCCGGAAGCGTCCGG_005,130
CCCATGCCGGAAGCGTCCGG_006,169
CCCATGCCGGAAGCGTCCGG_007,56
CCCATGCCGGAAGCGTCCGG_008,24
CCCATGCCGGAAGCGTCCGG_009,40
CCCATGCCGGAAGCGTCCGG_010,102
CCCATGCCGGAAGCGTCCGG_011,68
CCCATGCCGGAAGCGTCCGG_012,62
CCCATGCCGGAAGCGTCCGG_013,157
CCCATGCCGGAAGCGTCCGG_014,157
GTGCTCTTAGAGTCGTAAGG_001,162
GTGCTCTTAGAGTCGTAAGG_002,113
GTGCTCTTAGAGTCGTAAGG_003,33
GTGCTCTTAGAGTCGTAAGG_004,139
GTGCTCTTAGAGTCGTAAGG_005,132
GTGCTCTTAGAGTCGTAAGG_006,78
GTGCTCTTAGAGTCGTAAGG_007,67
CACGAGCATGACGACGATCG_001,133
CACGAGCATGACGACGATCG_002,174
CACGAGCATGACGACGATCG_003,7
GGATAGACACGGATGACTGG_001,6
GGATAGACACGGATGACTGG_002,194
GGATAGACACGGATGACTGG_003,113
GGATAGACACGGATGACTGG_004,67
GGATAGACACGGATGACTGG_005,16
GGATAGACACGGATGACTGG_006,107
GGATAGACACGGATGACTGG_007,125
GGATAGACACGGATGACTGG_008,127
GGATAGACACGGATGACTGG_009,12
AACTACCACGTCCTGCGCAC_001,190
AACTACCACGTCCTGCGCAC_002,169
AACTACCACGTCCTGCGCAC_003,98
AACTACCACGTCCTGCGCAC_004,81
AACTACCACGTCCTGCGCAC_005,43
AACTACCACGTCCTGCGCAC_006,149
AACTACCACGTCCTGCGCAC_007,40
AACTACCACGTCCTGCGCAC_008,88
AACTACCACGTCCTGCGCAC_009,81
AACTACCACGTCCTGCGCAC_010,158
AACTACCACGTCCTGCGCAC_011,129
AACTACCACGTCCTGCGCAC_012,174
AACTACCACGTCCTGCGCAC_013,45
AACTACCACGTCCTGCGCAC_014,76
AACTACCACGTCCTGCGCAC_015,113
AACTACCACGTCCTGCGCAC_016,101
AACTACCACGTCCTGCGCAC_017,137
AACTACCACGTCCTGCGCAC_018,191
AACTACCACGTCCTGCGCAC_019,173
AACTACCACGTCCTGCGCAC_020,103
AACTACCACGTCCTGCGCAC_021,88
AACTACCACGTCCTGCGCAC_022,47
AACTACCACGTCCTGCGCAC_023,10
AACTACCACGTCCTGCGCAC_024,199
AACTACCACGTCCTGCGCAC_025,104
AACTACCACGTCCTGCGCAC_026,47
AACTACCACGTCCTGCGCAC_027,80
AACTACCACGTCCTGCGCAC_028,127
AACTACCACGTCCTGCGCAC_029,63
AACTACCACGTCCTGCGCAC_030,106
AACTACCACGTCCTGCGCAC_031,103
ACTGAAAGGTAACTCACACA_001,42
ACTGAAAGGTAACTCACACA_002,82
ACTGAAAGGTAACTCACACA_003,52
ACTGAAAGGTAACTCACACA_004,40
ACTGAAAGGTAACTCACACA_005,127
ACTGAAAGGTAACTCACACA_006,106
ACTGAAAGGTAACTCACACA_007,4
ACTGAAAGGTAACTCACACA_008,88
ACTGAAAGGTAACTCACACA_009,68
ACTGAAAGGTAACTCACACA_010,94
ACTGAAAGGTAACTCACACA_011,63
ATGGCAAAAACTGTATCCGG_001,137
ATGGCAAAAACTGTATCCGG_002,127
ATGGCAAAAACTGTATCCGG_003,150
CTTTCAAGAAGCCCCCATTG_001,197
CTTTCAAGAAGCCCCCATTG_002,152
CTTTCAAGAAGCCCCCATTG_003,57
CTTTCAAGAAGCCCCCATTG_004,16
CTTTCAAGAAGCCCCCATTG_005,108
CTTTCAAGAAGCCCCCATTG_006,168
CTTTCAAGAAGCCCCCATTG_007,10
CTTTCAAGAAGCCCCCATTG_008,151
CTTTCAAGAAGCCCCCATTG_009,27
GGACAGTCATTGACGACAGT_001,52
GGACAGTCATTGACGACAGT_002,105
GGACAGTCATTGACGACAGT_003,101
GGACAGTCATTGACGACAGT_004,81
GGACAGTCATTGACGACAGT_005,149
GGACAGTCATTGACGACAGT_006,194
GGACAGTCATTGACGACAGT_007,195
GGACAGTCATTGACGACAGT_008,139
GGACAGTCATTGACGACAGT_009,187
GGACAGTCATTGACGACAGT_010,72
GGACAGTCATTGACGACAGT_011,68
GGACAGTCATTGACGACAGT_012,150
GGACAGTCATTGACGACAGT_013,179
GGACAGTCATTGACGACAGT_014,92
GGACAGTCATTGACGACAGT_015,163
GGACAGTCATTGACGACAGT_016,76
GGACAGTCATTGACGACAGT_017,1
GGACAGTCATTGACGACAGT_018,141
GGACAGTCATTGACGACAGT_019,13
GGACAGTCATTGACGACAGT_020,180
GGACAGTCATTGACGACAGT_021,57
GGACAGTCATTGACGACAGT_022,153
GGACAGTCATTGACGACAGT_023,49
GGACAGTCATTGACGACAGT_024,41
ACAAACCTGTCACAGTCCGC_001,15
ACAAACCTGTCACAGTCCGC_002,147
ACAAACCTGTCACAGTCCGC_003,102
ACAAACCTGTCACAGTCCGC_004,177
ACAAACCTGTCACAGTCCGC_005,173
ACAAACCTGTCACAGTCCGC_006,153
ACAAACCTGTCACAGTCCGC_007,143
ACAAACCTGTCACAGTCCGC_008,92
ACAAACCTGTCACAGTCCGC_009,197
ACAAACCTGTCACAGTCCGC_010,15
ACAAACCTGTCACAGTCCGC_011,164
ACAAACCTGTCACAGTCCGC_012,61
ACAAACCTGTCACAGTCCGC_013,46
GTAGCAAACTGACCCTGAGT_001,91
GTAGCAAACTGACCCTGAGT_002,22
GTAGCAAACTGACCCTGAGT_003,1
GTAGCAAACTGACCCTGAGT_004,104
GTAGCAAACTGACCCTGAGT_005,55
GTAGCAAACTGACCCTGAGT_006,40
GAGTACAAGATAGATGAGGA_001,166
GAGTACAAGATAGATGAGGA_002,160
GAGTACAAGATAGATGAGGA_003,187
GAGTACAAGATAGATGAGGA_004,115
GAGTACAAGATAGATGAGGA_005,187
GAGTACAAGATAGATGAGGA_006,150
GAGTACAAGATAGATGAGGA_007,62
GAGTACAAGATAGATGAGGA_008,44
GAGTACAAGATAGATGAGGA_009,81
GAGTACAAGATAGATGAGGA_010,176
GAGTACAAGATAGATGAGGA_011,50
GAGTACAAGATAGATGAGGA_012,81
TATCTGTCAGCTGCCAGATG_001,34
TATCTGTCAGCTGCCAGATG_002,87
TATCTGTCAGCTGCCAGATG_003,97
AGGTGGAGGAAACCTTAAAG_001,156
AGGTGGAGGAAACCTTAAAG_002,49
AGGTGGAGGAAACCTTAAAG_003,61
AGGTGGAGGAAACCTTAAAG_004,61
AGGTGGAGGAAACCTTAAAG_005,80
AGGTGGAGGAAACCTTAAAG_006,97
CAGAGACTCTATAACACACG_001,42
TGAAGAAGAACTGACAATGT_001,190
TGAAGAAGAACTGACAATGT_002,81
TGAAGAAGAACTGACAATGT_003,198
TGAAGAAGAACTGACAATGT_004,77
TGAAGAAGAACTGACAATGT_005,149
GGGGACCAGTGAAGTACTTG_001,0
GGGGACCAGTGAAGTACTTG_002,96
GGGGACCAGTGAAGTACTTG_003,124
GGGGACCAGTGAAGTACTTG_004,21
GGGGACCAGTGAAGTACTTG_005,194
GGGGACCAGTGAAGTACTTG_006,64
TGCTGGAAGGATGACTCTTG_001,105
TGCTGGAAGGATGACTCTTG_002,29
TGCTGGAAGGATGACTCTTG_003,75
TGCTGGAAGGATGACTCTTG_004,8
TGCTGGAAGGATGACTCTTG_005,118
AAGGTTCAGTGCTGTAGACC_001,111
AAGGTTCAGTGCTGTAGACC_002,125
AAGGTTCAGTGCTGTAGACC_003,182
AAGGTTCAGTGCTGTAGACC_004,130
AAGGTTCAGTGCTGTAGACC_005,154
AAGGTTCAGTGCTGTAGACC_006,142
AAGGTTCAGTGCTGTAGACC_007,70
AAGGTTCAGTGCTGTAGACC_008,63
AGTGGAAACTCATCCAGACG_001,94
AGTGGAAACTCATCCAGACG_002,146
AGTGGAAACTCATCCAGACG_003,38
TACTACAAACTGCGCACAGA_001,65
TACTACAAACTGCGCACAGA_002,68
TACTACAAACTGCGCACAGA_003,56
TACTACAAACTGCGCACAGA_004,14
TACTACAAACTGCGCACAGA_005,3
TACTACAAACTGCGCACAGA_006,116
TCAGACACAGCTGATAAACA_001,19
TCAGACACAGCTGATAAACA_002,156
TGATGTACCTATGGTGCTAG_001,2
TGTATGAATAGCCGTTAGAG_001,194
TGTATGAATAGCCGTTAGAG_002,66
TGTATGAATAGCCGTTAGAG_003,83
TGTATGAATAGCCGTTAGAG_004,68
TGTATGAATAGCCGTTAGAG_005,198
AAGGTTGATAAAAATCTCAA_001,145
TAAAGGCAAGAGTGGACTGA_001,92
TAAAGGCAAGAGTGGACTGA_002,48
TAAAGGCAAGAGTGGACTGA_003,77
TAAAGGCAAGAGTGGACTGA_004,88
TAAAGGCAAGAGTGGACTGA_005,41
TAAAGGCAAGAGTGGACTGA_006,190
TAAAGGCAAGAGTGGACTGA_007,122
TAAAGGCAAGAGTGGACTGA_008,109
TAAAGGCAAGAGTGGACTGA_009,127
TAAAGGCAAGAGTGGACTGA_010,116
TAAAGGCAAGAGTGGACTGA_011,168
TAAAGGCAAGAGTGGACTGA_012,94
TAAAGGCAAGAGTGGACTGA_013,37
TAAAGGCAAGAGTGGACTGA_014,127
TAAAGGCAAGAGTGGACTGA_015,157
TGCGTGGAAAGGCATCACCC_001,63
TGCGTGGAAAGGCATCACCC_002,29
TGCGTGGAAAGGCATCACCC_003,190
TGCGTGGAAAGGCATCACCC_004,107
TGCGTGGAAAGGCATCACCC_005,36
TGCGTGGAAAGGCATCACCC_006,169
ACAGCGCCTTTGCCAAGCTG_001,60
ACAGCGCCTTTGCCAAGCTG_002,155
ACAGCGCCTTTGCCAAGCTG_003,56
ACAGCGCCTTTGCCAAGCTG_004,110
ACAGCGCCTTTGCCAAGCTG_005,173
ACAGCGCCTTTGCCAAGCTG_006,114
ACAGCGCCTTTGCCAAGCTG_007,192
ACAGCGCCTTTGCCAAGCTG_008,69
ACAGCGCCTTTGCCAAGCTG_009,50
ACAGCGCCTTTGCCAAGCTG_010,98
ACAGCGCCTTTGCCAAGCTG_011,18
ACAGCGCCTTTGCCAAGCTG_012,65
ACAGCGCCTTTGCCAAGCTG_013,61
ACAGCGCCTTTGCCAAGCTG_014,80
ACAGCGCCTTTGCCAAGCTG_015,124
ACAGCGCCTTTGCCAAGCTG_016,137
ACAGCGCCTTTGCCAAGCTG_017,81
ACAGCGCCTTTGCCAAGCTG_018,49
ACAGCGCCTTTGCCAAGCTG_019,104
ACAGCGCCTTTGCCAAGCTG_020,34
ACAGCGCCTTTGCCAAGCTG_021,170
ACAGCGCCTTTGCCAAGCTG_022,160
ACAGCGCCTTTGCCAAGCTG_023,23
CGTGCACTGCAACAGAATCG_001,183
CGTGCACTGCAACAGAATCG_002,184
CGTGCACTGCAACAGAATCG_003,169
CGTGCACTGCAACAGAATCG_004,190
CGTGCACTGCAACAGAATCG_005,138
CGTGCACTGCAACAGAATCG_006,94
CGTGCACTGCAACAGAATCG_007,9
CGTGCACTGCAACAGAATCG_008,102
CGTGCACTGCAACAGAATCG_009,146
CTGTGTCCACGCACACCGCG_001,145
CTGTGTCCACGCACACCGCG_002,60
CTGTGTCCACGCACACCGCG_003,1
CTGTGTCCACGCACACCGCG_004,94
CTGTGTCCACGCACACCGCG_005,43
CTGTGTCCACGCACACCGCG_006,92
CTGTGTCCACGCACACCGCG_007,188
GCTGGCCATTCAAATAGACG_001,102
GCTGGCCATTCAAATAGACG_002,63
GCTGGCCATTCAAATAGACG_003,59
GCTGGCCATTCAAATAGACG_004,67
GCTGGCCATTCAAATAGACG_005,175
GCTGGCCATTCAAATAGACG_006,78
GCTGGCCATTCAAATAGACG_007,41
GCTGGCCATTCAAATAGACG_008,88
GCTGGCCATTCAAATAGACG_009,49
AGCATTACAAGCATGCTGTC_001,2
AGCATTACAAGCATGCTGTC_002,149
AGCATTACAAGCATGCTGTC_003,177
AGCATTACAAGCATGCTGTC_004,95
AGCATTACAAGCATGCTGTC_005,182
AGCATTACAAGCATGCTGTC_006,168
AGCATTACAAGCATGCTGTC_007,1
AGCATTACAAGCATGCTGTC_008,23
AGCATTACAAGCATGCTGTC_009,166
AGCATTACAAGCATGCTGTC_010,52
AGCATTACAAGCATGCTGTC_011,34
AGCATTACAAGCATGCTGTC_012,144
CAACGGTACCTGTTTATGCG_001,107
CAACGGTACCTGTTTATGCG_002,77
CAGAACTCGTGATTGTCGGG_001,192
CAGAACTCGTGATTGTCGGG_002,195
CAGAACTCGTGATTGTCGGG_003,107
CAGAACTCGTGATTGTCGGG_004,70
CAGAACTCGTGATTGTCGGG_005,163
AGCAATGAGAGGACCCGCGT_001,166
AGCAATGAGAGGACCCGCGT_002,15
AGCAATGAGAGGACCCGCGT_003,84
AGCAATGAGAGGACCCGCGT_004,8
AGCAATGAGAGGACCCGCGT_005,145
AGCAATGAGAGGACCCGCGT_006,148
AGCAATGAGAGGACCCGCGT_007,119
AGCAATGAGAGGACCCGCGT_008,113
AGCAATGAGAGGACCCGCGT_009,183
AGCAATGAGAGGACCCGCGT_010,105
AGCAATGAGAGGACCCGCGT_011,151
AGCAATGAGAGGACCCGCGT_012,9
AGCAATGAGAGGACCCGCGT_013,18
AGCAATGAGAGGACCCGCGT_014,99
AGCAATGAGAGGACCCGCGT_015,5
AGCAATGAGAGGACCCGCGT_016,48
AGCAATGAGAGGACCCGCGT_017,116
CGCCTTCCCGCGGTCCACGC_001,156
CGCCTTCCCGCGGTCCACGC_002,118
CGCCTTCCCGCGGTCCACGC_003,127
CGCCTTCCCGCGGTCCACGC_004,34
CGCCTTCCCGCGGTCCACGC_005,97
CGCCTTCCCGCGGTCCACGC_006,116
CGCCTTCCCGCGGTCCACGC_007,62
CTGACACAACAATTAATGAG_001,111
CTGACACAACAATTAATGAG_002,176
CTGACACAACAATTAATGAG_003,28
ATTGAAGTGCTATCCAACTG_001,96
ATTGAAGTGCTATCCAACTG_002,113
ATTGAAGTGCTATCCAACTG_003,27
AAACCGAAATGAGACTCCAT_001,175
AAACCGAAATGAGACTCCAT_002,69
AAACCGAAATGAGACTCCAT_003,96
AAACCGAAATGAGACTCCAT_004,38
AAACCGAAATGAGACTCCAT_005,169
AAACCGAAATGAGACTCCAT_006,69
AAACCGAAATGAGACTCCAT_007,42
CTTGTTCCACTGCTTAACCC_001,55
GCCGTGGGAATGTCTAACGA_001,58
GGCGATCAGGTAGTTAGCCG_001,171
GGCGATCAGGTAGTTAGCCG_002,105
GGCGATCAGGTAGTTAGCCG_003,116
GGCGATCAGGTAGTTAGCCG_004,15
GTCATGGTCAAGTTCCAAGG_001,159
GTCATGGTCAAGTTCCAAGG_002,115
GTCATGGTCAAGTTCCAAGG_003,52
GTCATGGTCAAGTTCCAAGG_004,94
GTCATGGTCAAGTTCCAAGG_005,77
GTCATGGTCAAGTTCCAAGG_006,150
GTCATGGTCAAGTTCCAAGG_007,159
GTCATGGTCAAGTTCCAAGG_008,145
GTCATGGTCAAGTTCCAAGG_009,29
GTCATGGTCAAGTTCCAAGG_010,121
GTCATGGTCAAGTTCCAAGG_011,188
GTCATGGTCAAGTTCCAAGG_012,49
GTCATGGTCAAGTTCCAAGG_013,68
GTCATGGTCAAGTTCCAAGG_014,41
GTCATGGTCAAGTTCCAAGG_015,128
TCCTTACCTCTGCCGGACAG_001,31
TCCTTACCTCTGCCGGACAG_002,16
TGTGTACATGAGTGGTCACT_001,36
TGTGTACATGAGTGGTCACT_002,110
TGTGTACATGAGTGGTCACT_003,103
TGTGTACATGAGTGGTCACT_004,7
TGTGTACATGAGTGGTCACT_005,101
GTGGTGAACAGGACCAGAGA_001,67
GTGGTGAACAGGACCAGAGA_002,97
GTGGTGAACAGGACCAGAGA_003,125
GTGGTGAACAGGACCAGAGA_004,68
GTGGTGAACAGGACCAGAGA_005,166
GTGGTGAACAGGACCAGAGA_006,149
GTGGTGAACAGGACCAGAGA_007,46
AGGAGGAGCTACTACCTCAA_001,55
AGGAGGAGCTACTACCTCAA_002,183
AGGAGGAGCTACTACCTCAA_003,120
AGGAGGAGCTACTACCTCAA_004,184
AGGAGGAGCTACTACCTCAA_005,97
AGGAGGAGCTACTACCTCAA_006,55
AGGAGGAGCTACTACCTCAA_007,5
AGGAGGAGCTACTACCTCAA_008,108
AGGAGGAGCTACTACCTCAA_009,174
AGGAGGAGCTACTACCTCAA_010,41
AGGAGGAGCTACTACCTCAA_011,68
AGGAGGAGCTACTACCTCAA_012,69
GACGTCGCAGAACGCTCCAA_001,137
GACGTCGCAGAACGCTCCAA_002,63
GACGTCGCAGAACGCTCCAA_003,178
GACGTCGCAGAACGCTCCAA_004,137
GACGTCGCAGAACGCTCCAA_005,72
GACGTCGCAGAACGCTCCAA_006,22
GACGTCGCAGAACGCTCCAA_007,39
GACGTCGCAGAACGCTCCAA_008,39
GACGTCGCAGAACGCTCCAA_009,59
GACGTCGCAGAACGCTCCAA_010,19
GACGTCGCAGAACGCTCCAA_011,162
GACGTCGCAGAACGCTCCAA_012,141
GCGGATGATAAAGCCAAGAG_001,128
GCGGATGATAAAGCCAAGAG_002,118
GCGGATGATAAAGCCAAGAG_003,98
GCGGCCAGATGATGCCAACG_001,35
GCGGCCAGATGATGCCAACG_002,113
GCGGCCAGATGATGCCAACG_003,191
GCGGCCAGATGATGCCAACG_004,194
CTTACCTTAGAAGATGGAAC_001,53
CTTACCTTAGAAGATGGAAC_002,181
CTTACCTTAGAAGATGGAAC_003,169
CTTACCTTAGAAGATGGAAC_004,110
CTTACCTTAGAAGATGGAAC_005,122
CTTACCTTAGAAGATGGAAC_006,122
CTTACCTTAGAAGATGGAAC_007,97
CTTACCTTAGAAGATGGAAC_008,42
CTTACCTTAGAAGATGGAAC_009,42
CTTACCTTAGAAGATGGAAC_010,178
CTTACCTTAGAAGATGGAAC_011,192
TTCATGGAGCTCATTCAGTG_001,8
TTCATGGAGCTCATTCAGTG_002,147
TTCATGGAGCTCATTCAGTG_003,78
TTCATGGAGCTCATTCAGTG_004,52
TTCATGGAGCTCATTCAGTG_005,141
TTCATGGAGCTCATTCAGTG_006,35
TTCATGGAGCTCATTCAGTG_007,146
TTCATGGAGCTCATTCAGTG_008,162
TTCATGGAGCTCATTCAGTG_009,163
ACGAGCAGTCCAGACGTTTG_001,26
ACGAGCAGTCCAGACGTTTG_002,27
ACGAGCAGTCCAGACGTTTG_003,50
ACGAGCAGTCCAGACGTTTG_004,17
ACGAGCAGTCCAGACGTTTG_005,107
ACGAGCAGTCCAGACGTTTG_006,77
ACGAGCAGTCCAGACGTTTG_007,50
ACGAGCAGTCCAGACGTTTG_008,148
ACGAGCAGTCCAGACGTTTG_009,160
ACGAGCAGTCCAGACGTTTG_010,14
ACGAGCAGTCCAGACGTTTG_011,7
ACGAGCAGTCCAGACGTTTG_012,81
ACGAGCAGTCCAGACGTTTG_013,64
ACGAGCAGTCCAGACGTTTG_014,64
ACGAGCAGTCCAGACGTTTG_015,97
ACGAGCAGTCCAGACGTTTG_016,151
ACGAGCAGTCCAGACGTTTG_017,37
GGCTTCCTCCAACAATAAAG_001,176
GGCTTCCTCCAACAATAAAG_002,58
GGCTTCCTCCAACAATAAAG_003,112
GGCTTCCTCCAACAATAAAG_004,197
GGCTTCCTCCAACAATAAAG_005,47
GGCTTCCTCCAACAATAAAG_006,162
GGCTTCCTCCAACAATAAAG_007,103
ACCAGCGGGACTTCGGCTTG_001,108
ACCAGCGGGACTTCGGCTTG_002,160
ACCAGCGGGACTTCGGCTTG_003,115
ACCAGCGGGACTTCGGCTTG_004,18
ACCAGCGGGACTTCGGCTTG_005,12
ACCAGCGGGACTTCGGCTTG_006,130
ACCAGCGGGACTTCGGCTTG_007,8
ACCAGCGGGACTTCGGCTTG_008,146
ACCAGCGGGACTTCGGCTTG_009,143
ACCAGCGGGACTTCGGCTTG_010,170
ACCAGCGGGACTTCGGCTTG_011,169
ACCAGCGGGACTTCGGCTTG_012,176
ACCAGCGGGACTTCGGCTTG_013,128
ACCAGCGGGACTTCGGCTTG_014,86
ACCAGCGGGACTTCGGCTTG_015,86
ACCAGCGGGACTTCGGCTTG_016,130
ACCAGCGGGACTTCGGCTTG_017,27
ACCAGCGGGACTTCGGCTTG_018,139
ACCAGCGGGACTTCGGCTTG_019,52
ACCAGCGGGACTTCGGCTTG_020,162
ACCAGCGGGACTTCGGCTTG_021,129
ACCAGCGGGACTTCGGCTTG_022,61
ACCAGCGGGACTTCGGCTTG_023,88
ACCAGCGGGACTTCGGCTTG_024,130
ACCAGCGGGACTTCGGCTTG_025,28
ACCAGCGGGACTTCGGCTTG_026,63
ACCAGCGGGACTTCGGCTTG_027,183
ACCAGCGGGACTTCGGCTTG_028,183
ACCAGCGGGACTTCGGCTTG_029,170
ACCAGCGGGACTTCGGCTTG_030,97
ACCAGCGGGACTTCGGCTTG_031,150
ACCAGCGGGACTTCGGCTTG_032,98
ACCAGCGGGACTTCGGCTTG_033,68
ACCAGCGGGACTTCGGCTTG_034,160
ACCAGCGGGACTTCGGCTTG_035,121
ACCAGCGGGACTTCGGCTTG_036,112
ACCAGCGGGACTTCGGCTTG_037,96
ACCAGCGGGACTTCGGCTTG_038,48
GGTGTAGTACAGGCAGCGAA_001,48
GGTGTAGTACAGGCAGCGAA_002,41
GGTGTAGTACAGGCAGCGAA_003,102
GGTGTAGTACAGGCAGCGAA_004,24
GGTGTAGTACAGGCAGCGAA_005,181
GGTGTAGTACAGGCAGCGAA_006,183
GGTGTAGTACAGGCAGCGAA_007,0
GGTGTAGTACAGGCAGCGAA_008,82
GGTGTAGTACAGGCAGCGAA_009,176
GGTGTAGTACAGGCAGCGAA_010,148
GGTGTAGTACAGGCAGCGAA_011,16
GGTGTAGTACAGGCAGCGAA_012,145
GGTGTAGTACAGGCAGCGAA_013,25
GGTGTAGTACAGGCAGCGAA_014,129
GGTGTAGTACAGGCAGCGAA_015,19
GGTGTAGTACAGGCAGCGAA_016,153
GGTGTAGTACAGGCAGCGAA_017,76
GGTGTAGTACAGGCAGCGAA_018,34
GGTGTAGTACAGGCAGCGAA_019,32
GGTGTAGTACAGGCAGCGAA_020,19
TGACCCTGCAGGTACTACCG_001,150
TGACCCTGCAGGTACTACCG_002,198
GAATTCATAGCTTCGCACCC_001,158
GCTGCCTCTATCCCGCATCC_001,83
TGGGATTTGCCTTCTCGGGG_001,198
TGGGATTTGCCTTCTCGGGG_002,62
TGGGATTTGCCTTCTCGGGG_003,19
TGGGATTTGCCTTCTCGGGG_004,26
TGGGATTTGCCTTCTCGGGG_005,166
TGACCTGCAAATGATGTCCA_001,121
TGACCTGCAAATGATGTCCA_002,144
TGACCTGCAAATGATGTCCA_003,45
TGACCTGCAAATGATGTCCA_004,149
TGACCTGCAAATGATGTCCA_005,95
TGACCTGCAAATGATGTCCA_006,104
TGACCTGCAAATGATGTCCA_007,5
TGACCTGCAAATGATGTCCA_008,143
CAGGTGCTGCTCGAAGACTT_001,129
CAGGTGCTGCTCGAAGACTT_002,63
CAGGTGCTGCTCGAAGACTT_003,193
CAGGTGCTGCTCGAAGACTT_004,158
CAGGTGCTGCTCGAAGACTT_005,48
CAGGTGCTGCTCGAAGACTT_006,176
CAGGTGCTGCTCGAAGACTT_007,0
GTACCTCTGAAGATACTCCA_001,181
GTACCTCTGAAGATACTCCA_002,120
GTACCTCTGAAGATACTCCA_003,136
GTACCTCTGAAGATACTCCA_004,158
GTACCTCTGAAGATACTCCA_005,156
GTACCTCTGAAGATACTCCA_006,68
GTACCTCTGAAGATACTCCA_007,86
CAGGGTAAAATTTCTACCTG_001,65
CAGGGTAAAATTTCTACCTG_002,81
CAGGGTAAAATTTCTACCTG_003,174
CAGGGTAAAATTTCTACCTG_004,42
CAGGGTAAAATTTCTACCTG_005,107
CTGTGCGATTGCTATGCCGT_001,31
CTGTGCGATTGCTATGCCGT_002,146
CTGTGCGATTGCTATGCCGT_003,108
CTGTGCGATTGCTATGCCGT_004,172
CTGTGCGATTGCTATGCCGT_005,50
CTGTGCGATTGCTATGCCGT_006,184
CTGTGCGATTGCTATGCCGT_007,157
AACACGGTAGGTGAACTGGT_001,72
AACACGGTAGGTGAACTGGT_002,42
AACACGGTAGGTGAACTGGT_003,2
AACACGGTAGGTGAACTGGT_004,77
AACACGGTAGGTGAACTGGT_005,2
AACACGGTAGGTGAACTGGT_006,146
AACACGGTAGGTGAACTGGT_007,121
AACACGGTAGGTGAACTGGT_008,6
AACACGGTAGGTGAACTGGT_009,144
AACACGGTAGGTGAACTGGT_010,9
AACACGGTAGGTGAACTGGT_011,1
AACACGGTAGGTGAACTGGT_012,57
AACACGGTAGGTGAACTGGT_013,171
AACACGGTAGGTGAACTGGT_014,25
AACACGGTAGGTGAACTGGT_015,32
AACACGGTAGGTGAACTGGT_016,104
AACACGGTAGGTGAACTGGT_017,40
AACACGGTAGGTGAACTGGT_018,82
AACACGGTAGGTGAACTGGT_019,187
AACACGGTAGGTGAACTGGT_020,18
AACACGGTAGGTGAACTGGT_021,105
AACACGGTAGGTGAACTGGT_022,30
AACACGGTAGGTGAACTGGT_023,158
AACACGGTAGGTGAACTGGT_024,105
AACACGGTAGGTGAACTGGT_025,61
AACACGGTAGGTGAACTGGT_026,58
AACACGGTAGGTGAACTGGT_027,43
AACACGGTAGGTGAACTGGT_028,6
AACACGGTAGGTGAACTGGT_029,105
AACACGGTAGGTGAACTGGT_030,80
AACACGGTAGGTGAACTGGT_031,48
AACACGGTAGGTGAACTGGT_032,190
AACACGGTAGGTGAACTGGT_033,163
CCCAGGACCAGGGAGACTAT_001,147
CCCAGGACCAGGGAGACTAT_002,137
CCCAGGACCAGGGAGACTAT_003,69
CCCAGGACCAGGGAGACTAT_004,102
CCCAGGACCAGGGAGACTAT_005,88
CCCAGGACCAGGGAGACTAT_006,184
CCCAGGACCAGGGAGACTAT_007,138
CCCAGGACCAGGGAGACTAT_008,66
CCCAGGACCAGGGAGACTAT_009,140
CCCAGGACCAGGGAGACTAT_010,106
TGAGGAAGGTAAGAGACCCA_001,150
TGAGGAAGGTAAGAGACCCA_002,127
TGAGGAAGGTAAGAGACCCA_003,78
TGAGGAAGGTAAGAGACCCA_004,27
TGAGGAAGGTAAGAGACCCA_005,170
TGAGGAAGGTAAGAGACCCA_006,159
TGAGGAAGGTAAGAGACCCA_007,48
TGAGGAAGGTAAGAGACCCA_008,104
ACATCCAGAAGACCCATGAG_001,148
ACATCCAGAAGACCCATGAG_002,28
ACATCCAGAAGACCCATGAG_003,171
ACATCCAGAAGACCCATGAG_004,127
ACATCCAGAAGACCCATGAG_005,111
ACATCCAGAAGACCCATGAG_006,196
ACATCCAGAAGACCCATGAG_007,197
ACATCCAGAAGACCCATGAG_008,141
ACATCCAGAAGACCCATGAG_009,159
ACATCCAGAAGACCCATGAG_010,139
ACATCCAGAAGACCCATGAG_011,82
ACATCCAGAAGACCCATGAG_012,149
ACATCCAGAAGACCCATGAG_013,182
ACATCCAGAAGACCCATGAG_014,78
ACATCCAGAAGACCCATGAG_015,24
ACATCCAGAAGACCCATGAG_016,98
ACATCCAGAAGACCCATGAG_017,39
ACATCCAGAAGACCCATGAG_018,79
ACATCCAGAAGACCCATGAG_019,2
ACATCCAGAAGACCCATGAG_020,195
ACATCCAGAAGACCCATGAG_021,98
GCACTTGCAGGAACCAGCGC_001,133
GCACTTGCAGGAACCAGCGC_002,181
GCACTTGCAGGAACCAGCGC_003,198
GCACTTGCAGGAACCAGCGC_004,188
GCACTTGCAGGAACCAGCGC_005,170
GCACTTGCAGGAACCAGCGC_006,198
GCACTTGCAGGAACCAGCGC_007,116
GCACTTGCAGGAACCAGCGC_008,103
GCACTTGCAGGAACCAGCGC_009,17
GCACTTGCAGGAACCAGCGC_010,117
GCACTTGCAGGAACCAGCGC_011,68
GCACTTGCAGGAACCAGCGC_012,63
GCACTTGCAGGAACCAGCGC_013,46
GCACTTGCAGGAACCAGCGC_014,145
GCACTTGCAGGAACCAGCGC_015,115
GCACTTGCAGGAACCAGCGC_016,155
GCACTTGCAGGAACCAGCGC_017,114
GCACTTGCAGGAACCAGCGC_018,96
GCACTTGCAGGAACCAGCGC_019,52
GCACTTGCAGGAACCAGCGC_020,178
GCACTTGCAGGAACCAGCGC_021,100
AACGTCTTGAAGAACAATGG_001,15
AACGTCTTGAAGAACAATGG_002,158
AACGTCTTGAAGAACAATGG_003,172
AACGTCTTGAAGAACAATGG_004,118
TGTAACCGGTGATCACGTCG_001,148
TGTAACCGGTGATCACGTCG_002,70
TGTAACCGGTGATCACGTCG_003,4
TGTAACCGGTGATCACGTCG_004,41
CTTCTAGCTGGTTCATTGCT_001,160
CTTCTAGCTGGTTCATTGCT_002,19
CTTCTAGCTGGTTCATTGCT_003,25
CTTCTAGCTGGTTCATTGCT_004,94
CTTCTAGCTGGTTCATTGCT_005,70
CTTCTAGCTGGTTCATTGCT_006,96
CTTCTAGCTGGTTCATTGCT_007,112
CTTCTAGCTGGTTCATTGCT_008,137
CTTCTAGCTGGTTCATTGCT_009,113
CTTCTAGCTGGTTCATTGCT_010,40
CTTCTAGCTGGTTCATTGCT_011,141
CTTCTAGCTGGTTCATTGCT_012,75
CTTCTAGCTGGTTCATTGCT_013,169
CTTCTAGCTGGTTCATTGCT_014,127
CTTCTAGCTGGTTCATTGCT_015,12
CTTCTAGCTGGTTCATTGCT_016,169
CTTCTAGCTGGTTCATTGCT_017,169
CTTCTAGCTGGTTCATTGCT_018,94
CTTCTAGCTGGTTCATTGCT_019,102
CTTCTAGCTGGTTCATTGCT_020,121
CTTCTAGCTGGTTCATTGCT_021,96
CTTCTAGCTGGTTCATTGCT_022,17
AGCTCTGCTACAGAACACCA_001,69
AGCTCTGCTACAGAACACCA_002,36
AGCTCTGCTACAGAACACCA_003,103
AGCTCTGCTACAGAACACCA_004,41
AGCTCTGCTACAGAACACCA_005,127
AGCTCTGCTACAGAACACCA_006,81
AGCTCTGCTACAGAACACCA_007,132
AGCTCTGCTACAGAACACCA_008,2
AGCTCTGCTACAGAACACCA_009,145
AGCTCTGCTACAGAACACCA_010,176
AGCTCTGCTACAGAACACCA_011,185
AGCTCTGCTACAGAACACCA_012,78
AGCTCTGCTACAGAACACCA_013,6
TCGCGCCACCGTCTACGGGT_001,50
TCGCGCCACCGTCTACGGGT_002,65
TCGCGCCACCGTCTACGGGT_003,67
TCGCGCCACCGTCTACGGGT_004,11
TCGCGCCACCGTCTACGGGT_005,70
TCGCGCCACCGTCTACGGGT_006,60
TCGCGCCACCGTCTACGGGT_007,26
GATGTTTGAACACCACTGTG_001,105
GATGTTTGAACACCACTGTG_002,160
GATGTTTGAACACCACTGTG_003,82
GATGTTTGAACACCACTGTG_004,77
GATGTTTGAACACCACTGTG_005,14
GATGTTTGAACACCACTGTG_006,195
GATGTTTGAACACCACTGTG_007,16
TGAACAGAAATGTTGACCTG_001,137
TGAACAGAAATGTTGACCTG_002,137
TGAACAGAAATGTTGACCTG_003,77
TGAACAGAAATGTTGACCTG_004,172
TGAACAGAAATGTTGACCTG_005,80
TGAACAGAAATGTTGACCTG_006,182
TGAACAGAAATGTTGACCTG_007,171
TGAACAGAAATGTTGACCTG_008,105
TGAACAGAAATGTTGACCTG_009,37
TCACTAAGAACAGACTGTAC_001,23
TCACTAAGAACAGACTGTAC_002,46
TCACTAAGAACAGACTGTAC_003,68
TCACTAAGAACAGACTGTAC_004,169
TCACTAAGAACAGACTGTAC_005,116
GGCACTGTACATGAGGTCGT_001,178
GGCACTGTACATGAGGTCGT_002,42
GGCACTGTACATGAGGTCGT_003,114
GGCACTGTACATGAGGTCGT_004,114
GGCACTGTACATGAGGTCGT_005,112
GAGAGATAACTTCCAGAGCA_001,162
GAGAGATAACTTCCAGAGCA_002,156
GAGAGATAACTTCCAGAGCA_003,140
GAGAGATAACTTCCAGAGCA_004,115
CAAAGGTAAACCAGACCGGA_001,169
CAAAGGTAAACCAGACCGGA_002,0
ACACCCAGACCAGTGGACAT_001,194
ACACCCAGACCAGTGGACAT_002,187
ACACCCAGACCAGTGGACAT_003,100
ACACCCAGACCAGTGGACAT_004,50
ACACCCAGACCAGTGGACAT_005,62
ACACCCAGACCAGTGGACAT_006,56
ACACCCAGACCAGTGGACAT_007,9
ACACCCAGACCAGTGGACAT_008,162
ACACCCAGACCAGTGGACAT_009,44
ACACCCAGACCAGTGGACAT_010,80
ACACCCAGACCAGTGGACAT_011,146
ACACCCAGACCAGTGGACAT_012,28
ACACCCAGACCAGTGGACAT_013,169
ACACCCAGACCAGTGGACAT_014,159
ACACCCAGACCAGTGGACAT_015,132
ACACCCAGACCAGTGGACAT_016,55
ACACCCAGACCAGTGGACAT_017,42
ACACCCAGACCAGTGGACAT_018,186
ACACCCAGACCAGTGGACAT_019,44
ACACCCAGACCAGTGGACAT_020,56
ACACCCAGACCAGTGGACAT_021,72
ACACCCAGACCAGTGGACAT_022,64
ACACCCAGACCAGTGGACAT_023,89
ACACCCAGACCAGTGGACAT_024,44
ACACCCAGACCAGTGGACAT_025,13
ACACCCAGACCAGTGGACAT_026,103
ACACCCAGACCAGTGGACAT_027,34
ACACCCAGACCAGTGGACAT_028,20
ACACCCAGACCAGTGGACAT_029,195
ACACCCAGACCAGTGGACAT_030,75
ACACCCAGACCAGTGGACAT_031,19
ACACCCAGACCAGTGGACAT_032,28
ACACCCAGACCAGTGGACAT_033,120
ACACCCAGACCAGTGGACAT_034,88
ACACCCAGACCAGTGGACAT_035,45
ACACCCAGACCAGTGGACAT_036,65
ACACCCAGACCAGTGGACAT_037,129
ACACCCAGACCAGTGGACAT_038,175
ACACCCAGACCAGTGGACAT_039,50
ACACCCAGACCAGTGGACAT_040,141
ACACCCAGACCAGTGGACAT_041,36
ACACCCAGACCAGTGGACAT_042,80
ACACCCAGACCAGTGGACAT_043,127
ACACCCAGACCAGTGGACAT_044,169
ACACCCAGACCAGTGGACAT_045,101
CGGAGAACGACCTCAACCAG_001,38
CGGAGAACGACCTCAACCAG_002,9
CGGAGAACGACCTCAACCAG_003,60
CGGAGAACGACCTCAACCAG_004,22
CGGAGAACGACCTCAACCAG_005,85
CGGAGAACGACCTCAACCAG_006,147
CGGAGAACGACCTCAACCAG_007,160
CGGAGAACGACCTCAACCAG_008,151
GGATGATAAGATCATCACAT_001,78
GGATGATAAGATCATCACAT_002,12
TTTATGCCACATCTCGGGAG_001,3
TTTATGCCACATCTCGGGAG_002,199
TTTATGCCACATCTCGGGAG_003,126
TTTATGCCACATCTCGGGAG_004,183
TTTATGCCACATCTCGGGAG_005,153
TTTATGCCACATCTCGGGAG_006,115
AGTAGAAGCACAGCTCGGCG_001,1
AGTAGAAGCACAGCTCGGCG_002,51
AGTAGAAGCACAGCTCGGCG_003,91
AGTAGAAGCACAGCTCGGCG_004,145
AGTAGAAGCACAGCTCGGCG_005,89
AGTAGAAGCACAGCTCGGCG_006,147
AGTAGAAGCACAGCTCGGCG_007,22
AGTAGAAGCACAGCTCGGCG_008,112
AGTAGAAGCACAGCTCGGCG_009,76
AGTAGAAGCACAGCTCGGCG_010,101
AGTAGAAGCACAGCTCGGCG_011,172
AGTAGAAGCACAGCTCGGCG_012,84
AGTAGAAGCACAGCTCGGCG_013,155
AGTAGAAGCACAGCTCGGCG_014,147
AGTAGAAGCACAGCTCGGCG_015,18
AGTAGAAGCACAGCTCGGCG_016,58
AGTAGAAGCACAGCTCGGCG_017,60
AGTAGAAGCACAGCTCGGCG_018,156
AGTAGAAGCACAGCTCGGCG_019,67
AGTAGAAGCACAGCTCGGCG_020,165
AGTAGAAGCACAGCTCGGCG_021,52
AGTAGAAGCACAGCTCGGCG_022,187
AGTAGAAGCACAGCTCGGCG_023,158
AGTAGAAGCACAGCTCGGCG_024,49
AGTAGAAGCACAGCTCGGCG_025,97
AGTAGAAGCACAGCTCGGCG_026,47
AGTAGAAGCACAGCTCGGCG_027,49
AGTAGAAGCACAGCTCGGCG_028,138
AGTAGAAGCACAGCTCGGCG_029,138
AGTAGAAGCACAGCTCGGCG_030,11
AGTAGAAGCACAGCTCGGCG_031,158
AGTAGAAGCACAGCTCGGCG_032,88
AGTAGAAGCACAGCTCGGCG_033,98
AGTAGAAGCACAGCTCGGCG_034,91
AGTAGAAGCACAGCTCGGCG_035,129
CAGAGTATGAATCAACACAA_001,140
TGCTATTGGTCAGCGCATTG_001,118
TGCTATTGGTCAGCGCATTG_002,195
TGCTATTGGTCAGCGCATTG_003,199
TGCTATTGGTCAGCGCATTG_004,105
TGCTATTGGTCAGCGCATTG_005,181
TGCTATTGGTCAGCGCATTG_006,58
TGCTATTGGTCAGCGCATTG_007,121
GAAGCGCAAATTCGTCCCCA_001,47
GAAGCGCAAATTCGTCCCCA_002,111
GAAGCGCAAATTCGTCCCCA_003,134
GAAGCGCAAATTCGTCCCCA_004,145
GAAGCGCAAATTCGTCCCCA_005,70
GAAGCGCAAATTCGTCCCCA_006,48
GAAGCGCAAATTCGTCCCCA_007,169
GAAGCGCAAATTCGTCCCCA_008,135
GAAGCGCAAATTCGTCCCCA_009,156
GAAGCGCAAATTCGTCCCCA_010,150
GAAGCGCAAATTCGTCCCCA_011,102
GAAGCGCAAATTCGTCCCCA_012,66
GAAGCGCAAATTCGTCCCCA_013,168
GAAGCGCAAATTCGTCCCCA_014,81
GAAGCGCAAATTCGTCCCCA_015,138
GAAGCGCAAATTCGTCCCCA_016,103
GAAGCGCAAATTCGTCCCCA_017,140
GGATCCGGTCCCGTACCGGG_001,61
GGATCCGGTCCCGTACCGGG_002,138
GGATCCGGTCCCGTACCGGG_003,145
GGATCCGGTCCCGTACCGGG_004,168
GGATCCGGTCCCGTACCGGG_005,65
GGATCCGGTCCCGTACCGGG_006,160
GGATCCGGTCCCGTACCGGG_007,94
GGATCCGGTCCCGTACCGGG_008,137
GGATCCGGTCCCGTACCGGG_009,104
AAGCAGCCTTCTCAAATCGT_001,148
TGGCCGATACGAGGCAAACG_001,105
TGGCCGATACGAGGCAAACG_002,77
TGGCCGATACGAGGCAAACG_003,6
GACCCAATTGCGATCAGGTT_001,176
TGAAACCTTCTATAGATGGG_001,65
TGAAACCTTCTATAGATGGG_002,184
TGAAACCTTCTATAGATGGG_003,113
TGAAACCTTCTATAGATGGG_004,157
TGAAACCTTCTATAGATGGG_005,126
TGAAACCTTCTATAGATGGG_006,176
GGAGAGGAAAATCGGCACAG_001,67
GGAGAGGAAAATCGGCACAG_002,174
GGAGAGGAAAATCGGCACAG_003,4
GGAGAGGAAAATCGGCACAG_004,65
GGAGAGGAAAATCGGCACAG_005,31
GGAGAGGAAAATCGGCACAG_006,76
GGAGAGGAAAATCGGCACAG_007,138
GGAGAGGAAAATCGGCACAG_008,49
GGAGAGGAAAATCGGCACAG_009,5
GGAGAGGAAAATCGGCACAG_010,106
GGAGAGGAAAATCGGCACAG_011,198
GGAGAGGAAAATCGGCACAG_012,91
GGAGAGGAAAATCGGCACAG_013,168
GGAGAGGAAAATCGGCACAG_014,147
GGAGAGGAAAATCGGCACAG_015,169
GGAGAGGAAAATCGGCACAG_016,128
GGAGAGGAAAATCGGCACAG_017,111
GGAGAGGAAAATCGGCACAG_018,197
GGAGAGGAAAATCGGCACAG_019,169
GGAGAGGAAAATCGGCACAG_020,45
GGAGAGGAAAATCGGCACAG_021,149
GGAGAGGAAAATCGGCACAG_022,15
GGAGAGGAAAATCGGCACAG_023,14
GGAGAGGAAAATCGGCACAG_024,116
GGAGAGGAAAATCGGCACAG_025,123
GCAACATCTTTGACTACCTG_001,182
GCAACATCTTTGACTACCTG_002,53
GCAACATCTTTGACTACCTG_003,152
GCAACATCTTTGACTACCTG_004,39
GCAACATCTTTGACTACCTG_005,173
AAGAAGCAAGAGTTAGCCCG_001,145
AAGAAGCAAGAGTTAGCCCG_002,70
AAGAAGCAAGAGTTAGCCCG_003,17
CTGCTCTACCAAGCGCTGCA_001,113
CTGCTCTACCAAGCGCTGCA_002,106
CTGCTCTACCAAGCGCTGCA_003,69
CTGCTCTACCAAGCGCTGCA_004,65
CTGCTCTACCAAGCGCTGCA_005,198
CTGCTCTACCAAGCGCTGCA_006,38
CTGCTCTACCAAGCGCTGCA_007,40
CTGCTCTACCAAGCGCTGCA_008,108
CTGCTCTACCAAGCGCTGCA_009,40
CTGCTCTACCAAGCGCTGCA_010,199
CTGCTCTACCAAGCGCTGCA_011,2
CTGCTCTACCAAGCGCTGCA_012,62
CTGCTCTACCAAGCGCTGCA_013,184
CTGCTCTACCAAGCGCTGCA_014,134
CTGCTCTACCAAGCGCTGCA_015,138
CTGCTCTACCAAGCGCTGCA_016,184
CTGCTCTACCAAGCGCTGCA_017,16
CTGCTCTACCAAGCGCTGCA_018,78
CTGCTCTACCAAGCGCTGCA_019,162
GAGGACTCGCAAAGGCGCCG_001,70
GAGGACTCGCAAAGGCGCCG_002,59
GAGGACTCGCAAAGGCGCCG_003,128
GAGGACTCGCAAAGGCGCCG_004,38
GAGGACTCGCAAAGGCGCCG_005,19
GAGGACTCGCAAAGGCGCCG_006,28
GAGGACTCGCAAAGGCGCCG_007,94
TGTGTGCAATACTCCTCACG_001,62
TGTGTGCAATACTCCTCACG_002,54
TGTGTGCAATACTCCTCACG_003,35
TGTGTGCAATACTCCTCACG_004,16
TTACGACGCATACGTTTGGG_001,104
CCTCCATTGGCACAACACTG_001,139
CCTCCATTGGCACAACACTG_002,120
CCTCCATTGGCACAACACTG_003,137
CCTCCATTGGCACAACACTG_004,152
CCTCCATTGGCACAACACTG_005,39
CCTCCATTGGCACAACACTG_006,83
CCTCCATTGGCACAACACTG_007,177
CCTCCATTGGCACAACACTG_008,85
CCTCCATTGGCACAACACTG_009,82
CCTCCATTGGCACAACACTG_010,154
CCTCCATTGGCACAACACTG_011,11
CCTCCATTGGCACAACACTG_012,56
CCTCCATTGGCACAACACTG_013,100
CCTCCATTGGCACAACACTG_014,66
CCTCCATTGGCACAACACTG_015,19
CCTCCATTGGCACAACACTG_016,182
CTTCTGTGACATGACCACCG_001,27
CTTCTGTGACATGACCACCG_002,41
CTTCTGTGACATGACCACCG_003,15
CTTCTGTGACATGACCACCG_004,32
CTTCTGTGACATGACCACCG_005,134
CTTCTGTGACATGACCACCG_006,171
CTTCTGTGACATGACCACCG_007,144
CTTCTGTGACATGACCACCG_008,158
CTTCTGTGACATGACCACCG_009,191
CTTCTGTGACATGACCACCG_010,59
CTTCTGTGACATGACCACCG_011,197
GAAGCCAGAATGCATCGAAG_001,26
GAAGCCAGAATGCATCGAAG_002,44
GAAGCCAGAATGCATCGAAG_003,173
GAAGCCAGAATGCATCGAAG_004,134
GAAGCCAGAATGCATCGAAG_005,172
GAAGCCAGAATGCATCGAAG_006,28
AAAACCATGGAATTGCACAA_001,29
AAAACCATGGAATTGCACAA_002,176
AAAACCATGGAATTGCACAA_003,59
AAAACCATGGAATTGCACAA_004,144
AAAACCATGGAATTGCACAA_005,126
AAAACCATGGAATTGCACAA_006,127
AAAACCATGGAATTGCACAA_007,114
AAAACCATGGAATTGCACAA_008,114
AAAACCATGGAATTGCACAA_009,149
AAAACCATGGAATTGCACAA_010,113
AAAACCATGGAATTGCACAA_011,182
AAAACCATGGAATTGCACAA_012,176
AAAACCATGGAATTGCACAA_013,154
AAAACCATGGAATTGCACAA_014,127
AAAACCATGGAATTGCACAA_015,138
AATATTACTGATGACAGCAG_001,27
AATATTACTGATGACAGCAG_002,92
AATATTACTGATGACAGCAG_003,127
ATGACAAAGGCATCACAGAA_001,169
ATGACAAAGGCATCACAGAA_002,82
ATGACAAAGGCATCACAGAA_003,160
ATGACAAAGGCATCACAGAA_004,43
ATGACAAAGGCATCACAGAA_005,43
ATGACAAAGGCATCACAGAA_006,140
ATGACAAAGGCATCACAGAA_007,67
ATGACAAAGGCATCACAGAA_008,53
ATGACAAAGGCATCACAGAA_009,113
ATGACAAAGGCATCACAGAA_010,197
ATGACAAAGGCATCACAGAA_011,66
ATGACAAAGGCATCACAGAA_012,130
ATGACAAAGGCATCACAGAA_013,41
ATGACAAAGGCATCACAGAA_014,20
ATGACAAAGGCATCACAGAA_015,50
ATGACAAAGGCATCACAGAA_016,145
ATGACAAAGGCATCACAGAA_017,166
ATGACAAAGGCATCACAGAA_018,22
ATGACAAAGGCATCACAGAA_019,125
ATGACAAAGGCATCACAGAA_020,18
ATGACAAAGGCATCACAGAA_021,10
AAAATTGGATAGTATCCACA_001,18
GATGATCCCGTGAATTACTG_001,94
GATGATCCCGTGAATTACTG_002,144
GATGATCCCGTGAATTACTG_003,186
GATGATCCCGTGAATTACTG_004,123
GATGATCCCGTGAATTACTG_005,140
GATGATCCCGTGAATTACTG_006,108
CGCAACGAATACATCCACTC_001,36
CGCAACGAATACATCCACTC_002,47
CGCAACGAATACATCCACTC_003,6
CGCAACGAATACATCCACTC_004,32
CGCAACGAATACATCCACTC_005,158
CGCAACGAATACATCCACTC_006,5
CGCAACGAATACATCCACTC_007,68
CGCAACGAATACATCCACTC_008,137
CGCAACGAATACATCCACTC_009,0
CGCAACGAATACATCCACTC_010,155
CGCAACGAATACATCCACTC_011,104
CGCAACGAATACATCCACTC_012,27
CACCAGGTCCAAACAACGGT_001,174
CACCAGGTCCAAACAACGGT_002,129
CACCAGGTCCAAACAACGGT_003,98
CACCAGGTCCAAACAACGGT_004,65
CACCAGGTCCAAACAACGGT_005,116
CACCAGGTCCAAACAACGGT_006,48
CACCAGGTCCAAACAACGGT_007,160
CACCAGGTCCAAACAACGGT_008,49
CCTTCAATGCCAACTAGGAA_001,78
CCTTCAATGCCAACTAGGAA_002,152
CCTTCAATGCCAACTAGGAA_003,152
CCTTCAATGCCAACTAGGAA_004,173
CCTTCAATGCCAACTAGGAA_005,118
CCTTCAATGCCAACTAGGAA_006,148
CCTTCAATGCCAACTAGGAA_007,1
CCTTCAATGCCAACTAGGAA_008,117
CCTTCAATGCCAACTAGGAA_009,145
CTGCTGATAGCACCAAAAGG_001,11
CTGCTGATAGCACCAAAAGG_002,146
CTGCTGATAGCACCAAAAGG_003,60
CTGCTGATAGCACCAAAAGG_004,81
CTGCTGATAGCACCAAAAGG_005,48
GGTCACCTAGCAAAATGGGT_001,64
GGTCACCTAGCAAAATGGGT_002,82
GGTCACCTAGCAAAATGGGT_003,157
GGTCACCTAGCAAAATGGGT_004,135
GGTCACCTAGCAAAATGGGT_005,127
GGTCACCTAGCAAAATGGGT_006,127
ACTTGGTTCCACTATCAAGG_001,169
ACTTGGTTCCACTATCAAGG_002,152
ACTTGGTTCCACTATCAAGG_003,112
ACTTGGTTCCACTATCAAGG_004,68
ACTTGGTTCCACTATCAAGG_005,166
ATCCTCACAGAAAACCCTCG_001,7
ATCCTCACAGAAAACCCTCG_002,130
ATCCTCACAGAAAACCCTCG_003,18
ATCCTCACAGAAAACCCTCG_004,184
ATCCTCACAGAAAACCCTCG_005,83
ATCCTCACAGAAAACCCTCG_006,192
ATCCTCACAGAAAACCCTCG_007,22
ATCCTCACAGAAAACCCTCG_008,70
ATCCTCACAGAAAACCCTCG_009,103
ATCCTCACAGAAAACCCTCG_010,76
CCTCTATGCCTCTCACGCGG_001,16
CCTCTATGCCTCTCACGCGG_002,42
CCTCTATGCCTCTCACGCGG_003,198
ACTGTGTAAGCGACCAGCAG_001,102
ACTGTGTAAGCGACCAGCAG_002,157
ACTGTGTAAGCGACCAGCAG_003,127
ACTGTGTAAGCGACCAGCAG_004,111
ACTGTGTAAGCGACCAGCAG_005,149
ACTGTGTAAGCGACCAGCAG_006,94
ACTGTGTAAGCGACCAGCAG_007,174
ACTGTGTAAGCGACCAGCAG_008,127
ACTGTGTAAGCGACCAGCAG_009,144
ACTGTGTAAGCGACCAGCAG_010,70
ACTGTGTAAGCGACCAGCAG_011,121
ACTGTGTAAGCGACCAGCAG_012,148
ACTGTGTAAGCGACCAGCAG_013,74
ACTGTGTAAGCGACCAGCAG_014,26
ACTGTGTAAGCGACCAGCAG_015,193
ACTGTGTAAGCGACCAGCAG_016,31
ACTGTGTAAGCGACCAGCAG_017,184
ACTGTGTAAGCGACCAGCAG_018,141
ACTGTGTAAGCGACCAGCAG_019,112
ACTGTGTAAGCGACCAGCAG_020,34
ACTGTGTAAGCGACCAGCAG_021,36
ACTGTGTAAGCGACCAGCAG_022,6
ACTGTGTAAGCGACCAGCAG_023,19
ACTGTGTAAGCGACCAGCAG_024,138
ACTGTGTAAGCGACCAGCAG_025,184
ACTGTGTAAGCGACCAGCAG_026,18
ACTGTGTAAGCGACCAGCAG_027,161
TCTTGCAGCAAATCCATCGC_001,171
TCTTGCAGCAAATCCATCGC_002,198
TCTTGCAGCAAATCCATCGC_003,127
TCTTGCAGCAAATCCATCGC_004,50
TCTTGCAGCAAATCCATCGC_005,78
TCTTGCAGCAAATCCATCGC_006,40
AATACACCCAACCTATGAAG_001,112
TACAAGTACGTGCATGACGA_001,80
TACAAGTACGTGCATGACGA_002,37
TACAAGTACGTGCATGACGA_003,37
TACAAGTACGTGCATGACGA_004,23
TACAAGTACGTGCATGACGA_005,149
TACAAGTACGTGCATGACGA_006,77
TACAAGTACGTGCATGACGA_007,6
TACATTGCAAAGTAGGACAT_001,110
TACATTGCAAAGTAGGACAT_002,74
TACATTGCAAAGTAGGACAT_003,156
TACATTGCAAAGTAGGACAT_004,86
TACATTGCAAAGTAGGACAT_005,70
TACATTGCAAAGTAGGACAT_006,5
TACATTGCAAAGTAGGACAT_007,138
TACATTGCAAAGTAGGACAT_008,10
TACATTGCAAAGTAGGACAT_009,152
TACATTGCAAAGTAGGACAT_010,175
TTGGCAGGCCACACGCCGGG_001,138
TTGGCAGGCCACACGCCGGG_002,35
TTGGCAGGCCACACGCCGGG_003,150
TTGGCAGGCCACACGCCGGG_004,76
TTGGCAGGCCACACGCCGGG_005,33
TTGGCAGGCCACACGCCGGG_006,17
TTGGCAGGCCACACGCCGGG_007,26
TTGGCAGGCCACACGCCGGG_008,104
TTGGCAGGCCACACGCCGGG_009,105
TTGGCAGGCCACACGCCGGG_010,78
TTGGCAGGCCACACGCCGGG_011,88
TTGGCAGGCCACACGCCGGG_012,103
TTGGCAGGCCACACGCCGGG_013,199
TTGGCAGGCCACACGCCGGG_014,78
TTGGCAGGCCACACGCCGGG_015,113
TTGGCAGGCCACACGCCGGG_016,20
TTGGCAGGCCACACGCCGGG_017,65
TTGGCAGGCCACACGCCGGG_018,54
TTGGCAGGCCACACGCCGGG_019,137
TTGGCAGGCCACACGCCGGG_020,6
TTGGCAGGCCACACGCCGGG_021,151
TTGGCAGGCCACACGCCGGG_022,43
TTGGCAGGCCACACGCCGGG_023,56
TTGGCAGGCCACACGCCGGG_024,79
TTGGCAGGCCACACGCCGGG_025,139
TTGGCAGGCCACACGCCGGG_026,80
TTGGCAGGCCACACGCCGGG_027,80
TTGGCAGGCCACACGCCGGG_028,12
TTGGCAGGCCACACGCCGGG_029,77
TTGGCAGGCCACACGCCGGG_030,184
TTGGCAGGCCACACGCCGGG_031,6
TTGGCAGGCCACACGCCGGG_032,184
TTGGCAGGCCACACGCCGGG_033,8
TTGGCAGGCCACACGCCGGG_034,23
TTGGCAGGCCACACGCCGGG_035,121
TTGGCAGGCCACACGCCGGG_036,28
TTGGCAGGCCACACGCCGGG_037,148
ACTGTTCTTCAAGCAACGGC_001,138
ACTGTTCTTCAAGCAACGGC_002,34
ACTGTTCTTCAAGCAACGGC_003,29
ACTGTTCTTCAAGCAACGGC_004,58
ACTGTTCTTCAAGCAACGGC_005,16
ACTGTTCTTCAAGCAACGGC_006,153
ACTGTTCTTCAAGCAACGGC_007,170
ACTGTTCTTCAAGCAACGGC_008,72
ACTGTTCTTCAAGCAACGGC_009,72
ACTGTTCTTCAAGCAACGGC_010,97
ACTGTTCTTCAAGCAACGGC_011,146
ACTGTTCTTCAAGCAACGGC_012,45
ACTGTTCTTCAAGCAACGGC_013,46
GTGGACCGGGACACCGTGTG_001,191
GTGGACCGGGACACCGTGTG_002,112
GTGGACCGGGACACCGTGTG_003,42
GTGGACCGGGACACCGTGTG_004,113
GTGGACCGGGACACCGTGTG_005,22
GTGGACCGGGACACCGTGTG_006,196
GTGGACCGGGACACCGTGTG_007,47
GTGGACCGGGACACCGTGTG_008,168
GTGGACCGGGACACCGTGTG_009,55
GTGGACCGGGACACCGTGTG_010,148
GTGGACCGGGACACCGTGTG_011,156
GTGGACCGGGACACCGTGTG_012,92
GTGGACCGGGACACCGTGTG_013,67
GTGGACCGGGACACCGTGTG_014,94
GTGGACCGGGACACCGTGTG_015,188
GTGGACCGGGACACCGTGTG_016,108
GTGGACCGGGACACCGTGTG_017,168
CACTAACAGATTATAATCAG_001,19
GGTAAACCATGCGGTCGATG_001,1
GGTAAACCATGCGGTCGATG_002,26
GGTAAACCATGCGGTCGATG_003,105
GGTAAACCATGCGGTCGATG_004,141
GGTAAACCATGCGGTCGATG_005,28
GGTAAACCATGCGGTCGATG_006,57
GGTAAACCATGCGGTCGATG_007,99
CCCCTTGGTAGGCATAAAAG_001,134
CCCCTTGGTAGGCATAAAAG_002,146
CCCCTTGGTAGGCATAAAAG_003,102
CCCCTTGGTAGGCATAAAAG_004,172
CCCCTTGGTAGGCATAAAAG_005,50
TATTCTCATCGGGGTCTCAG_001,34
TATTCTCATCGGGGTCTCAG_002,147
TATTCTCATCGGGGTCTCAG_003,15
TATTCTCATCGGGGTCTCAG_004,32
TATTCTCATCGGGGTCTCAG_005,176
TATTCTCATCGGGGTCTCAG_006,35
GCAGGTTGAACACCTCAATG_001,106
GCAGGTTGAACACCTCAATG_002,28
GCAGGTTGAACACCTCAATG_003,145
GCAGGTTGAACACCTCAATG_004,105
GCAGGTTGAACACCTCAATG_005,72
GCAGGTTGAACACCTCAATG_006,155
GCAGGTTGAACACCTCAATG_007,158
GCAGGTTGAACACCTCAATG_008,104
GCAGGTTGAACACCTCAATG_009,26
GCAGGTTGAACACCTCAATG_010,113
GCAGGTTGAACACCTCAATG_011,80
GCAGGTTGAACACCTCAATG_012,55
AGACTAGTCAGTACCGTGTG_001,28
AGACTAGTCAGTACCGTGTG_002,111
AGACTAGTCAGTACCGTGTG_003,129
AGACTAGTCAGTACCGTGTG_004,88
AGACTAGTCAGTACCGTGTG_005,15
AGACTAGTCAGTACCGTGTG_006,118
AGACTAGTCAGTACCGTGTG_007,184
AGACTAGTCAGTACCGTGTG_008,84
AGACTAGTCAGTACCGTGTG_009,193
AGACTAGTCAGTACCGTGTG_010,88
TGCACAGTTAGACCTCTGTG_001,146
TGCACAGTTAGACCTCTGTG_002,17
TGCACAGTTAGACCTCTGTG_003,57
TGCACAGTTAGACCTCTGTG_004,40
TGCACAGTTAGACCTCTGTG_005,183
TGCACAGTTAGACCTCTGTG_006,19
TGCACAGTTAGACCTCTGTG_007,127
TGCACAGTTAGACCTCTGTG_008,60
TGCACAGTTAGACCTCTGTG_009,51
TGCACAGTTAGACCTCTGTG_010,54
TGCACAGTTAGACCTCTGTG_011,27
TGCACAGTTAGACCTCTGTG_012,132
TGCACAGTTAGACCTCTGTG_013,175
TGCACAGTTAGACCTCTGTG_014,146
TGCACAGTTAGACCTCTGTG_015,88
TGCACAGTTAGACCTCTGTG_016,148
TGCACAGTTAGACCTCTGTG_017,41
TGCACAGTTAGACCTCTGTG_018,88
TGCACAGTTAGACCTCTGTG_019,128
TGCACAGTTAGACCTCTGTG_020,175
TGCACAGTTAGACCTCTGTG_021,11
TGCACAGTTAGACCTCTGTG_022,116
TGCACAGTTAGACCTCTGTG_023,81
TGCACAGTTAGACCTCTGTG_024,81
TGCACAGTTAGACCTCTGTG_025,68
TGCACAGTTAGACCTCTGTG_026,198
TGCACAGTTAGACCTCTGTG_027,133
TGCACAGTTAGACCTCTGTG_028,178
TGCACAGTTAGACCTCTGTG_029,58
TGCACAGTTAGACCTCTGTG_030,49
GAAACAATAACAGAGTCAGC_001,168
GAAACAATAACAGAGTCAGC_002,137
AAGCTGTCGGTGATCCACAG_001,157
AAGCTGTCGGTGATCCACAG_002,174
AAGCTGTCGGTGATCCACAG_003,81
AAGCTGTCGGTGATCCACAG_004,65
AAGCTGTCGGTGATCCACAG_005,103
AAGCTGTCGGTGATCCACAG_006,50
AAGCTGTCGGTGATCCACAG_007,41
AAGCTGTCGGTGATCCACAG_008,185
AAGCTGTCGGTGATCCACAG_009,191
AAGCTGTCGGTGATCCACAG_010,89
AAGCTGTCGGTGATCCACAG_011,35
AAGCTGTCGGTGATCCACAG_012,96
TGCATTGGTCACACTGACGG_001,157
TGCATTGGTCACACTGACGG_002,62
TGCATTGGTCACACTGACGG_003,14
TGCATTGGTCACACTGACGG_004,182
TGCATTGGTCACACTGACGG_005,120
TGCATTGGTCACACTGACGG_006,23
TGCATTGGTCACACTGACGG_007,42
TGCATTGGTCACACTGACGG_008,95
TGCATTGGTCACACTGACGG_009,95
TGCATTGGTCACACTGACGG_010,85
TGCATTGGTCACACTGACGG_011,145
TGCATTGGTCACACTGACGG_012,4
TGCATTGGTCACACTGACGG_013,61
TGCATTGGTCACACTGACGG_014,59
CGGCGTCGAAGGCGAAAACG_001,103
CGGCGTCGAAGGCGAAAACG_002,94
CGGCGTCGAAGGCGAAAACG_003,65
CGGCGTCGAAGGCGAAAACG_004,148
CGGCGTCGAAGGCGAAAACG_005,137
CGGCGTCGAAGGCGAAAACG_006,151
CGGCGTCGAAGGCGAAAACG_007,68
CGGCGTCGAAGGCGAAAACG_008,50
CGGCGTCGAAGGCGAAAACG_009,29
CGGCGTCGAAGGCGAAAACG_010,88
CGGCGTCGAAGGCGAAAACG_011,36
CGGCGTCGAAGGCGAAAACG_012,188
CGGCGTCGAAGGCGAAAACG_013,106
ACTGCTGGTAGACCTCAAAG_001,36
ACTGCTGGTAGACCTCAAAG_002,77
ACTGCTGGTAGACCTCAAAG_003,160
ACTGCTGGTAGACCTCAAAG_004,96
ACTGCTGGTAGACCTCAAAG_005,23
ACTGCTGGTAGACCTCAAAG_006,134
ACTGCTGGTAGACCTCAAAG_007,122
ACTGCTGGTAGACCTCAAAG_008,25
ACTGCTGGTAGACCTCAAAG_009,69
ACTGCTGGTAGACCTCAAAG_010,109
ACTGCTGGTAGACCTCAAAG_011,3
ACTGCTGGTAGACCTCAAAG_012,199
ACTGCTGGTAGACCTCAAAG_013,58
ACTGCTGGTAGACCTCAAAG_014,176
ACTGCTGGTAGACCTCAAAG_015,129
ACTGCTGGTAGACCTCAAAG_016,138
ACTGCTGGTAGACCTCAAAG_017,97
ACTGCTGGTAGACCTCAAAG_018,4
ACTGCTGGTAGACCTCAAAG_019,33
ACTGCTGGTAGACCTCAAAG_020,168
ATAGTAAAATGCTGCTGCAC_001,50
ATAGTAAAATGCTGCTGCAC_002,90
ATAGTAAAATGCTGCTGCAC_003,26
ATAGTAAAATGCTGCTGCAC_004,174
ATAGTAAAATGCTGCTGCAC_005,75
ATAGTAAAATGCTGCTGCAC_006,159
ATAGTAAAATGCTGCTGCAC_007,34
ATAGTAAAATGCTGCTGCAC_008,177
ATAGTAAAATGCTGCTGCAC_009,150
ATAGTAAAATGCTGCTGCAC_010,48
ATAGTAAAATGCTGCTGCAC_011,97
ATAGTAAAATGCTGCTGCAC_012,97
ATAGTAAAATGCTGCTGCAC_013,123
CATCCAAGAGCCAAGATGTG_001,154
CATCCAAGAGCCAAGATGTG_002,50
CATCCAAGAGCCAAGATGTG_003,78
CATCCAAGAGCCAAGATGTG_004,115
CATCCAAGAGCCAAGATGTG_005,103
CATCCAAGAGCCAAGATGTG_006,16
CATCCAAGAGCCAAGATGTG_007,12
CATCCAAGAGCCAAGATGTG_008,94
CATCCAAGAGCCAAGATGTG_009,84
CATCCAAGAGCCAAGATGTG_010,1
CATCCAAGAGCCAAGATGTG_011,117
CATCCAAGAGCCAAGATGTG_012,172
CATCCAAGAGCCAAGATGTG_013,115
CATCCAAGAGCCAAGATGTG_014,115
CATCCAAGAGCCAAGATGTG_015,151
CATCCAAGAGCCAAGATGTG_016,123
CATCCAAGAGCCAAGATGTG_017,152
CATCCAAGAGCCAAGATGTG_018,34
CATCCAAGAGCCAAGATGTG_019,8
CATCCAAGAGCCAAGATGTG_020,97
CATCCAAGAGCCAAGATGTG_021,57
CATCCAAGAGCCAAGATGTG_022,152
CATCCAAGAGCCAAGATGTG_023,175
CATCCAAGAGCCAAGATGTG_024,199
CATCCAAGAGCCAAGATGTG_025,8
CATCCAAGAGCCAAGATGTG_026,119
CATCCAAGAGCCAAGATGTG_027,70
GGGGTTGTATGCGCTCATGT_001,102
GGGGTTGTATGCGCTCATGT_002,94
GGGGTTGTATGCGCTCATGT_003,22
GGGGTTGTATGCGCTCATGT_004,58
GGGGTTGTATGCGCTCATGT_005,78
GGGGTTGTATGCGCTCATGT_006,55
GGGGTTGTATGCGCTCATGT_007,136
GGGGTTGTATGCGCTCATGT_008,169
GGGGTTGTATGCGCTCATGT_009,114
GGGGTTGTATGCGCTCATGT_010,96
GGGGTTGTATGCGCTCATGT_011,198
ATGCGTACCATCAGGAGACA_001,132
ATGCGTACCATCAGGAGACA_002,141
ATGCGTACCATCAGGAGACA_003,197
ATGCGTACCATCAGGAGACA_004,154
ATGCGTACCATCAGGAGACA_005,54
ATGCGTACCATCAGGAGACA_006,115
ATGCGTACCATCAGGAGACA_007,118
ATGCGTACCATCAGGAGACA_008,127
ATGCGTACCATCAGGAGACA_009,160
AATGCACCAAGCACAGACCA_001,41
AATGCACCAAGCACAGACCA_002,125
AATGCACCAAGCACAGACCA_003,166
AATGCACCAAGCACAGACCA_004,52
AATGCACCAAGCACAGACCA_005,172
AATGCACCAAGCACAGACCA_006,6
AATGCACCAAGCACAGACCA_007,178
AATGCACCAAGCACAGACCA_008,52
AATGCACCAAGCACAGACCA_009,130
AATGCACCAAGCACAGACCA_010,116
GTTTGGAGACTGGTACAGCT_001,146
GTTTGGAGACTGGTACAGCT_002,21
GTTTGGAGACTGGTACAGCT_003,145
GAAAAGAGCCTTGGAATGCG_001,12
GAAAAGAGCCTTGGAATGCG_002,158
GAAAAGAGCCTTGGAATGCG_003,105
GAAAAGAGCCTTGGAATGCG_004,184
GAAAAGAGCCTTGGAATGCG_005,170
GAAAAGAGCCTTGGAATGCG_006,161
GAAAAGAGCCTTGGAATGCG_007,57
GAAAAGAGCCTTGGAATGCG_008,48
GAAAAGAGCCTTGGAATGCG_009,9
CTTAAGTATTCCAATCCTGG_001,176
CTTAAGTATTCCAATCCTGG_002,129
AGCGGGTGGATGATCTGGTG_001,19
AGCGGGTGGATGATCTGGTG_002,179
AGCGGGTGGATGATCTGGTG_003,91
AGCGGGTGGATGATCTGGTG_004,169
AGCGGGTGGATGATCTGGTG_005,28
AGCGGGTGGATGATCTGGTG_006,61
AGCGGGTGGATGATCTGGTG_007,103
AGCGGGTGGATGATCTGGTG_008,41
AGCGGGTGGATGATCTGGTG_009,100
AGCGGGTGGATGATCTGGTG_010,25
AGCGGGTGGATGATCTGGTG_011,140
AGCGGGTGGATGATCTGGTG_012,37
AGCGGGTGGATGATCTGGTG_013,182
AGCGGGTGGATGATCTGGTG_014,196
ACCCGTGATTGAAGCCGGCG_001,103
ACCCGTGATTGAAGCCGGCG_002,155
ACCCGTGATTGAAGCCGGCG_003,162
ACCCGTGATTGAAGCCGGCG_004,105
ACCCGTGATTGAAGCCGGCG_005,182
CTTATGATTAGTAAGGTGTG_001,121
CTTATGATTAGTAAGGTGTG_002,132
CTTATGATTAGTAAGGTGTG_003,54
CTTATGATTAGTAAGGTGTG_004,137
GAGTGTTAATAGCATACAGG_001,91
GAGTGTTAATAGCATACAGG_002,84
GAGTGTTAATAGCATACAGG_003,48
GAGTGTTAATAGCATACAGG_004,184
GCGTTGTACTCGTTCAGCTG_001,104
GCGTTGTACTCGTTCAGCTG_002,140
GCGTTGTACTCGTTCAGCTG_003,17
CCTCGATGGTCACCTGTAGC_001,147
CCTCGATGGTCACCTGTAGC_002,115
CCTCGATGGTCACCTGTAGC_003,28
CCTCGATGGTCACCTGTAGC_004,69
CCTCGATGGTCACCTGTAGC_005,88
CCTCGATGGTCACCTGTAGC_006,14
CCTCGATGGTCACCTGTAGC_007,178
CCTCGATGGTCACCTGTAGC_008,108
CCTCGATGGTCACCTGTAGC_009,81
CCTCGATGGTCACCTGTAGC_010,19
CCTCGATGGTCACCTGTAGC_011,78
CCTCGATGGTCACCTGTAGC_012,105
CCTCGATGGTCACCTGTAGC_013,141
CCTCGATGGTCACCTGTAGC_014,49
CCTCGATGGTCACCTGTAGC_015,169
CCTCGATGGTCACCTGTAGC_016,149
TAGTAGGTTCGAAACAAAGG_001,63
TAGTAGGTTCGAAACAAAGG_002,13
TAGTAGGTTCGAAACAAAGG_003,40
TAGTAGGTTCGAAACAAAGG_004,142
TAGTAGGTTCGAAACAAAGG_005,106
TAGTAGGTTCGAAACAAAGG_006,11
TAGTAGGTTCGAAACAAAGG_007,169
TAGTAGGTTCGAAACAAAGG_008,143
TAGTAGGTTCGAAACAAAGG_009,7
TAGTAGGTTCGAAACAAAGG_010,190
TGTGGCCAAAGTGGTCAGGG_001,78
TGTGGCCAAAGTGGTCAGGG_002,121
TGTGGCCAAAGTGGTCAGGG_003,191
TGTGGCCAAAGTGGTCAGGG_004,184
TGTGGCCAAAGTGGTCAGGG_005,115
TGTGGCCAAAGTGGTCAGGG_006,78
TGTGGCCAAAGTGGTCAGGG_007,172
TGTGGCCAAAGTGGTCAGGG_008,75
TGTGGCCAAAGTGGTCAGGG_009,181
TGTGGCCAAAGTGGTCAGGG_010,186
TGTGGCCAAAGTGGTCAGGG_011,106
TGTGGCCAAAGTGGTCAGGG_012,34
TGTGGCCAAAGTGGTCAGGG_013,40
TGTGGCCAAAGTGGTCAGGG_014,15
TGTGGCCAAAGTGGTCAGGG_015,125
TGTGGCCAAAGTGGTCAGGG_016,70
TGTGGCCAAAGTGGTCAGGG_017,127
TGTGGCCAAAGTGGTCAGGG_018,133
TGTGGCCAAAGTGGTCAGGG_019,174
TGTGGCCAAAGTGGTCAGGG_020,175
TGTGGCCAAAGTGGTCAGGG_021,141
TGTTGGTGAGCTTGACACGA_001,198
TGTTGGTGAGCTTGACACGA_002,38
TGTTGGTGAGCTTGACACGA_003,72
CATTGGTGGACTGCAACCAT_001,43
CATTGGTGGACTGCAACCAT_002,105
CATTGGTGGACTGCAACCAT_003,169
CATTGGTGGACTGCAACCAT_004,133
CATTGGTGGACTGCAACCAT_005,199
CATTGGTGGACTGCAACCAT_006,48
CATTGGTGGACTGCAACCAT_007,169
CCGTCTGGCTGCGTTCAAGT_001,191
CCGTCTGGCTGCGTTCAAGT_002,150
CCGTCTGGCTGCGTTCAAGT_003,105
CCGTCTGGCTGCGTTCAAGT_004,174
CCGTCTGGCTGCGTTCAAGT_005,150
CCGTCTGGCTGCGTTCAAGT_006,111
CCGTCTGGCTGCGTTCAAGT_007,50
CCGTCTGGCTGCGTTCAAGT_008,76
CCGTCTGGCTGCGTTCAAGT_009,9
CCGTCTGGCTGCGTTCAAGT_010,130
CCGTCTGGCTGCGTTCAAGT_011,88
CCGTCTGGCTGCGTTCAAGT_012,162
CCGTCTGGCTGCGTTCAAGT_013,42
CCGTCTGGCTGCGTTCAAGT_014,24
GGTTGTTGTCATTTGTCGGG_001,81
GGTTGTTGTCATTTGTCGGG_002,38
GGTTGTTGTCATTTGTCGGG_003,169
GGTTGTTGTCATTTGTCGGG_004,188
TGATGCTTACTTGAACATGG_001,190
TGATGCTTACTTGAACATGG_002,141
TGATGCTTACTTGAACATGG_003,78
TGATGCTTACTTGAACATGG_004,94
TGATGCTTACTTGAACATGG_005,194
TGATGCTTACTTGAACATGG_006,165
TGATGCTTACTTGAACATGG_007,182
TGATGCTTACTTGAACATGG_008,86
TGATGCTTACTTGAACATGG_009,72
TGATGCTTACTTGAACATGG_010,128
TGATGCTTACTTGAACATGG_011,128
TGATGCTTACTTGAACATGG_012,150
TGATGCTTACTTGAACATGG_013,108
TGATGCTTACTTGAACATGG_014,178
TGATGCTTACTTGAACATGG_015,113
TGATGCTTACTTGAACATGG_016,84
TGATGCTTACTTGAACATGG_017,113
TGATGCTTACTTGAACATGG_018,15
TGATGCTTACTTGAACATGG_019,81
TGATGCTTACTTGAACATGG_020,19
TTACCTCCAACAAGAATCGT_001,133
TTACCTCCAACAAGAATCGT_002,70
TTACCTCCAACAAGAATCGT_003,86
TTACCTCCAACAAGAATCGT_004,5
TTACCTCCAACAAGAATCGT_005,29
TTACCTCCAACAAGAATCGT_006,169
TTACCTCCAACAAGAATCGT_007,1
TTACCTCCAACAAGAATCGT_008,178
TTACCTCCAACAAGAATCGT_009,156
TTACCTCCAACAAGAATCGT_010,129
TTACCTCCAACAAGAATCGT_011,58
TTACCTCCAACAAGAATCGT_012,105
TTACCTCCAACAAGAATCGT_013,22
TTACCTCCAACAAGAATCGT_014,96
ATGACTCCCCAAGGCAGATG_001,53
ATGACTCCCCAAGGCAGATG_002,160
ATGACTCCCCAAGGCAGATG_003,185
ATGACTCCCCAAGGCAGATG_004,78
ATGACTCCCCAAGGCAGATG_005,137
ATGACTCCCCAAGGCAGATG_006,13
ATGACTCCCCAAGGCAGATG_007,52
ATGACTCCCCAAGGCAGATG_008,97
ATGACTCCCCAAGGCAGATG_009,104
ATGACTCCCCAAGGCAGATG_010,169
ATGACTCCCCAAGGCAGATG_011,50
ATGACTCCCCAAGGCAGATG_012,158
ATGACTCCCCAAGGCAGATG_013,50
ATGACTCCCCAAGGCAGATG_014,60
ATGACTCCCCAAGGCAGATG_015,182
ATGACTCCCCAAGGCAGATG_016,61
ATGACTCCCCAAGGCAGATG_017,118
ATGACTCCCCAAGGCAGATG_018,177
ACCAAATGATGTCCGATGAG_001,26
ACCAAATGATGTCCGATGAG_002,16
AGACGGATGGTGCATAGCTG_001,176
CCACTCCGATAGCTGTTGCA_001,59
CCACTCCGATAGCTGTTGCA_002,177
CCACTCCGATAGCTGTTGCA_003,5
CCACTCCGATAGCTGTTGCA_004,8
CCACTCCGATAGCTGTTGCA_005,160
CCACTCCGATAGCTGTTGCA_006,160
CCACTCCGATAGCTGTTGCA_007,175
CCACTCCGATAGCTGTTGCA_008,83
CCACTCCGATAGCTGTTGCA_009,151
CCACTCCGATAGCTGTTGCA_010,155
CCACTCCGATAGCTGTTGCA_011,32
CCACTCCGATAGCTGTTGCA_012,174
CCACTCCGATAGCTGTTGCA_013,82
CCACTCCGATAGCTGTTGCA_014,61
CCACTCCGATAGCTGTTGCA_015,1
GCGTCCGTGGTGACCGACGA_001,161
GCGTCCGTGGTGACCGACGA_002,157
GCGTCCGTGGTGACCGACGA_003,21
GCGTCCGTGGTGACCGACGA_004,124
GCGTCCGTGGTGACCGACGA_005,191
GCGTCCGTGGTGACCGACGA_006,98
GCGTCCGTGGTGACCGACGA_007,50
GCGTCCGTGGTGACCGACGA_008,129
GCGTCCGTGGTGACCGACGA_009,149
GCGTCCGTGGTGACCGACGA_010,86
GCGTCCGTGGTGACCGACGA_011,79
GCGTCCGTGGTGACCGACGA_012,88
GCGTCCGTGGTGACCGACGA_013,106
GCGTCCGTGGTGACCGACGA_014,137
CTAGTGAAAATGGACAGACA_001,60
CTAGTGAAAATGGACAGACA_002,191
CTAGTGAAAATGGACAGACA_003,78
CTAGTGAAAATGGACAGACA_004,147
CTAGTGAAAATGGACAGACA_005,107
CTAGTGAAAATGGACAGACA_006,120
CTAGTGAAAATGGACAGACA_007,40
CTAGTGAAAATGGACAGACA_008,91
CTAGTGAAAATGGACAGACA_009,127
CTAGTGAAAATGGACAGACA_010,16
CTAGTGAAAATGGACAGACA_011,67
CTAGTGAAAATGGACAGACA_012,30
CTAGTGAAAATGGACAGACA_013,142
CTAGTGAAAATGGACAGACA_014,175
CTAGTGAAAATGGACAGACA_015,52
CTAGTGAAAATGGACAGACA_016,174
AAAAGTGGATCAATTTCCAA_001,87
AAAAGTGGATCAATTTCCAA_002,2
GGACTATTTATGACTACGTG_001,57
GGACTATTTATGACTACGTG_002,157
GGACTATTTATGACTACGTG_003,85
GGACTATTTATGACTACGTG_004,162
GGACTATTTATGACTACGTG_005,74
GGACTATTTATGACTACGTG_006,60
GGACTATTTATGACTACGTG_007,199
GGACTATTTATGACTACGTG_008,152
GTGGAAACACCAGACTGGTG_001,157
GTGGAAACACCAGACTGGTG_002,88
GTGGAAACACCAGACTGGTG_003,145
GTGGAAACACCAGACTGGTG_004,113
GTGGAAACACCAGACTGGTG_005,3
GTGGAAACACCAGACTGGTG_006,191
GTGGAAACACCAGACTGGTG_007,16
GTGGAAACACCAGACTGGTG_008,160
GTGGAAACACCAGACTGGTG_009,162
GTGGAAACACCAGACTGGTG_010,31
ACACTTAAGATGCCACTGTG_001,56
ACACTTAAGATGCCACTGTG_002,43
ACACTTAAGATGCCACTGTG_003,146
ACACTTAAGATGCCACTGTG_004,130
ACACTTAAGATGCCACTGTG_005,149
ACACTTAAGATGCCACTGTG_006,190
ACACTTAAGATGCCACTGTG_007,15
ACACTTAAGATGCCACTGTG_008,98
ACACTTAAGATGCCACTGTG_009,36
ACACTTAAGATGCCACTGTG_010,81
ACACTTAAGATGCCACTGTG_011,18
ACACTTAAGATGCCACTGTG_012,191
ACACTTAAGATGCCACTGTG_013,53
ACACTTAAGATGCCACTGTG_014,181
TCTGACAAAAGATCCCAGGC_001,5
TCTGACAAAAGATCCCAGGC_002,147
TCTGACAAAAGATCCCAGGC_003,125
TCTGACAAAAGATCCCAGGC_004,185
TCTGACAAAAGATCCCAGGC_005,55
TGGACAATCTCAATGAGACC_001,183
TGGACAATCTCAATGAGACC_002,83
TGGACAATCTCAATGAGACC_003,101
TGGACAATCTCAATGAGACC_004,190
TGGACAATCTCAATGAGACC_005,81
TGGACAATCTCAATGAGACC_006,121
TGGACAATCTCAATGAGACC_007,43
TTACTCATATAGGATCCCAA_001,105
TTACTCATATAGGATCCCAA_002,158
TTACTCATATAGGATCCCAA_003,104
CCGAGAGGAGCATCTCAGGC_001,104
CCGAGAGGAGCATCTCAGGC_002,189
CCGAGAGGAGCATCTCAGGC_003,17
CCGAGAGGAGCATCTCAGGC_004,160
CCGAGAGGAGCATCTCAGGC_005,81
CCGAGAGGAGCATCTCAGGC_006,1
CCGAGAGGAGCATCTCAGGC_007,56
CCGAGAGGAGCATCTCAGGC_008,76
CCGAGAGGAGCATCTCAGGC_009,186
CCGAGAGGAGCATCTCAGGC_010,19
CCGAGAGGAGCATCTCAGGC_011,19
CCGAGAGGAGCATCTCAGGC_012,143
CCGAGAGGAGCATCTCAGGC_013,149
CCGAGAGGAGCATCTCAGGC_014,180
TTGGACCACAATGCGCTAAG_001,182
TTGGACCACAATGCGCTAAG_002,4
TTGGACCACAATGCGCTAAG_003,174
TTGGACCACAATGCGCTAAG_004,67
TTGGACCACAATGCGCTAAG_005,56
TCCCGGCCGTGGGGACATAG_001,143
TCCCGGCCGTGGGGACATAG_002,143
TCCCGGCCGTGGGGACATAG_003,129
TCCCGGCCGTGGGGACATAG_004,64
TCCCGGCCGTGGGGACATAG_005,52
TCCCGGCCGTGGGGACATAG_006,1
TCCTGGACAGAAATAAAACT_001,29
TCCTGGACAGAAATAAAACT_002,142
TCCTGGACAGAAATAAAACT_003,17
TCCTGGACAGAAATAAAACT_004,2
TCCTGGACAGAAATAAAACT_005,88
TCCTGGACAGAAATAAAACT_006,2
ACATGGCCATTGGATAAGGG_001,29
ACATGGCCATTGGATAAGGG_002,61
ACATGGCCATTGGATAAGGG_003,119
ACATGGCCATTGGATAAGGG_004,156
ACATGGCCATTGGATAAGGG_005,130
ACATGGCCATTGGATAAGGG_006,145
ACATGGCCATTGGATAAGGG_007,182
ACATGGCCATTGGATAAGGG_008,101
ACATGGCCATTGGATAAGGG_009,105
ACATGGCCATTGGATAAGGG_010,86
ACATGGCCATTGGATAAGGG_011,148
ACATGGCCATTGGATAAGGG_012,190
ACATGGCCATTGGATAAGGG_013,120
ACATGGCCATTGGATAAGGG_014,0
ACATGGCCATTGGATAAGGG_015,96
ACATGGCCATTGGATAAGGG_016,193
ACATGGCCATTGGATAAGGG_017,112
ACATGGCCATTGGATAAGGG_018,37
ACATGGCCATTGGATAAGGG_019,85
ACATGGCCATTGGATAAGGG_020,9
ACATGGCCATTGGATAAGGG_021,4
ACATGGCCATTGGATAAGGG_022,78
ACATGGCCATTGGATAAGGG_023,83
ACATGGCCATTGGATAAGGG_024,40
ACATGGCCATTGGATAAGGG_025,137
GGGGGCGGCTTGATCCTACC_001,142
GGGGGCGGCTTGATCCTACC_002,43
GGGGGCGGCTTGATCCTACC_003,31
GGGGGCGGCTTGATCCTACC_004,23
ACCACGCAGTAGCGCGCCGG_001,135
ACCACGCAGTAGCGCGCCGG_002,158
ACCACGCAGTAGCGCGCCGG_003,168
ACCACGCAGTAGCGCGCCGG_004,82
ACCACGCAGTAGCGCGCCGG_005,105
ACCACGCAGTAGCGCGCCGG_006,77
ACCACGCAGTAGCGCGCCGG_007,57
ACCACGCAGTAGCGCGCCGG_008,75
ACCACGCAGTAGCGCGCCGG_009,14
ACCACGCAGTAGCGCGCCGG_010,29
GATCTCTGTGCTGACTACCG_001,176
GATCTCTGTGCTGACTACCG_002,182
GATCTCTGTGCTGACTACCG_003,17
GATCTCTGTGCTGACTACCG_004,29
GATCTCTGTGCTGACTACCG_005,149
GATCTCTGTGCTGACTACCG_006,175
GATCTCTGTGCTGACTACCG_007,114
GATCTCTGTGCTGACTACCG_008,131
GATCTCTGTGCTGACTACCG_009,22
GATCTCTGTGCTGACTACCG_010,150
GATCTCTGTGCTGACTACCG_011,170
GATCTCTGTGCTGACTACCG_012,149
GATCTCTGTGCTGACTACCG_013,39
GATCTCTGTGCTGACTACCG_014,138
AGGGCTTCGAGAACTTTGGG_001,87
AGGGCTTCGAGAACTTTGGG_002,150
AGGGCTTCGAGAACTTTGGG_003,194
AGGGCTTCGAGAACTTTGGG_004,47
AGGGCTTCGAGAACTTTGGG_005,6
AGGGCTTCGAGAACTTTGGG_006,60
AGGGCTTCGAGAACTTTGGG_007,71
AGGGCTTCGAGAACTTTGGG_008,148
AGGGCTTCGAGAACTTTGGG_009,9
AGGGCTTCGAGAACTTTGGG_010,80
AGGGCTTCGAGAACTTTGGG_011,104
AGGGCTTCGAGAACTTTGGG_012,117
AGGGCTTCGAGAACTTTGGG_013,188
AGGGCTTCGAGAACTTTGGG_014,1
AGGGCTTCGAGAACTTTGGG_015,150
AGGGCTTCGAGAACTTTGGG_016,36
AGGGCTTCGAGAACTTTGGG_017,159
TTTCTCTGCTCGAAAGTAGG_001,27
TTTCTCTGCTCGAAAGTAGG_002,72
TTTCTCTGCTCGAAAGTAGG_003,167
TTTCTCTGCTCGAAAGTAGG_004,127
TTTCTCTGCTCGAAAGTAGG_005,44
TTTCTCTGCTCGAAAGTAGG_006,34
TTTCTCTGCTCGAAAGTAGG_007,171
GCAACCACACCCATAGTGGT_001,44
GCAACCACACCCATAGTGGT_002,112
TTGCAGGAAAGTGCTGACGT_001,21
TTGCAGGAAAGTGCTGACGT_002,103
TTGCAGGAAAGTGCTGACGT_003,2
TTGCAGGAAAGTGCTGACGT_004,119
TTGCAGGAAAGTGCTGACGT_005,28
TTGCAGGAAAGTGCTGACGT_006,14
TTGCAGGAAAGTGCTGACGT_007,65
TTGCAGGAAAGTGCTGACGT_008,116
TTGCAGGAAAGTGCTGACGT_009,124
TTGCAGGAAAGTGCTGACGT_010,68
TTGCAGGAAAGTGCTGACGT_011,130
TTGCAGGAAAGTGCTGACGT_012,58
TTGCAGGAAAGTGCTGACGT_013,155
TTGCAGGAAAGTGCTGACGT_014,8
TTGCAGGAAAGTGCTGACGT_015,56
TTGCAGGAAAGTGCTGACGT_016,22
TTGCAGGAAAGTGCTGACGT_017,76
TTGCAGGAAAGTGCTGACGT_018,177
TTGCAGGAAAGTGCTGACGT_019,97
TTGCAGGAAAGTGCTGACGT_020,179
TTGCAGGAAAGTGCTGACGT_021,115
TTGCAGGAAAGTGCTGACGT_022,191
TTGCAGGAAAGTGCTGACGT_023,13
TTGCAGGAAAGTGCTGACGT_024,124
TTGCAGGAAAGTGCTGACGT_025,90
TTGCAGGAAAGTGCTGACGT_026,86
TCACGTCCAAGTAGCCATTG_001,60
TCACGTCCAAGTAGCCATTG_002,29
TCACGTCCAAGTAGCCATTG_003,191
TCACGTCCAAGTAGCCATTG_004,63
TCACGTCCAAGTAGCCATTG_005,154
TCACGTCCAAGTAGCCATTG_006,32
TCACGTCCAAGTAGCCATTG_007,5
TCACGTCCAAGTAGCCATTG_008,177
TCACGTCCAAGTAGCCATTG_009,27
TCACGTCCAAGTAGCCATTG_010,59
TCACGTCCAAGTAGCCATTG_011,64
TCACGTCCAAGTAGCCATTG_012,171
TCACGTCCAAGTAGCCATTG_013,82
TCACGTCCAAGTAGCCATTG_014,47
TCACGTCCAAGTAGCCATTG_015,130
TCACGTCCAAGTAGCCATTG_016,148
TCACGTCCAAGTAGCCATTG_017,105
TCACGTCCAAGTAGCCATTG_018,78
TCACGTCCAAGTAGCCATTG_019,49
TCACGTCCAAGTAGCCATTG_020,188
TCACGTCCAAGTAGCCATTG_021,34
TCACGTCCAAGTAGCCATTG_022,22
TCACGTCCAAGTAGCCATTG_023,117
TTGTTAGCCCTACATGATCG_001,40
TTGTTAGCCCTACATGATCG_002,111
TTGTTAGCCCTACATGATCG_003,162
TTGTTAGCCCTACATGATCG_004,31
TTGTTAGCCCTACATGATCG_005,90
TTGTTAGCCCTACATGATCG_006,15
TTGTTAGCCCTACATGATCG_007,48
ACTCACCCACTGACTGCTGG_001,73
ACTCACCCACTGACTGCTGG_002,152
ACTCACCCACTGACTGCTGG_003,45
ACTCACCCACTGACTGCTGG_004,84
ACTCACCCACTGACTGCTGG_005,92
ACTCACCCACTGACTGCTGG_006,69
ACTCACCCACTGACTGCTGG_007,68
ACTCACCCACTGACTGCTGG_008,92
ACTCACCCACTGACTGCTGG_009,50
ACTCACCCACTGACTGCTGG_010,67
ACTCACCCACTGACTGCTGG_011,141
ACTCACCCACTGACTGCTGG_012,26
ACTCACCCACTGACTGCTGG_013,26
ACTCACCCACTGACTGCTGG_014,172
ACTCACCCACTGACTGCTGG_015,146
ACTCACCCACTGACTGCTGG_016,147
ACTCACCCACTGACTGCTGG_017,92
ACTCACCCACTGACTGCTGG_018,163
ACTCACCCACTGACTGCTGG_019,197
ACTCACCCACTGACTGCTGG_020,42
ACTCACCCACTGACTGCTGG_021,18
ACTCACCCACTGACTGCTGG_022,43
ACTCACCCACTGACTGCTGG_023,115
ACTCACCCACTGACTGCTGG_024,98
ACTCACCCACTGACTGCTGG_025,48
ACTCACCCACTGACTGCTGG_026,11
ACTCACCCACTGACTGCTGG_027,34
ACTCACCCACTGACTGCTGG_028,158
ACTCACCCACTGACTGCTGG_029,88
ACTCACCCACTGACTGCTGG_030,76
ACTCACCCACTGACTGCTGG_031,98
ACTCACCCACTGACTGCTGG_032,191
ACTCACCCACTGACTGCTGG_033,197
ACTCACCCACTGACTGCTGG_034,88
AGATATGGCTCTGGCTATGG_001,35
AGATATGGCTCTGGCTATGG_002,18
AGATATGGCTCTGGCTATGG_003,41
CCATGAGAGACCAATACATG_001,103
CCATGAGAGACCAATACATG_002,77
CCATGAGAGACCAATACATG_003,58
CCATGAGAGACCAATACATG_004,50
CCATGAGAGACCAATACATG_005,169
AACATCCTGAGACAATCCAA_001,172
AACATCCTGAGACAATCCAA_002,43
AACATCCTGAGACAATCCAA_003,138
AACATCCTGAGACAATCCAA_004,48
AACATCCTGAGACAATCCAA_005,194
AACATCCTGAGACAATCCAA_006,44
AACATCCTGAGACAATCCAA_007,81
AACATCCTGAGACAATCCAA_008,149
AACATCCTGAGACAATCCAA_009,118
AACATCCTGAGACAATCCAA_010,123
AACATCCTGAGACAATCCAA_011,32
AACATCCTGAGACAATCCAA_012,5
AACATCCTGAGACAATCCAA_013,184
AACATCCTGAGACAATCCAA_014,141
AACATCCTGAGACAATCCAA_015,132
AACATCCTGAGACAATCCAA_016,58
AACATCCTGAGACAATCCAA_017,182
AACATCCTGAGACAATCCAA_018,139
AACATCCTGAGACAATCCAA_019,75
AACATCCTGAGACAATCCAA_020,125
AACATCCTGAGACAATCCAA_021,147
AACATCCTGAGACAATCCAA_022,34
AACATCCTGAGACAATCCAA_023,27
AACATCCTGAGACAATCCAA_024,137
AACATCCTGAGACAATCCAA_025,150
AGTCTTGCAGCGTGACGTTG_001,118
AGTCTTGCAGCGTGACGTTG_002,14
AGTCTTGCAGCGTGACGTTG_003,48
AGTCTTGCAGCGTGACGTTG_004,105
AGTCTTGCAGCGTGACGTTG_005,105
AGTCTTGCAGCGTGACGTTG_006,49
GCCGCGAACGACGGTACCTG_001,107
GCCGCGAACGACGGTACCTG_002,54
GCCGCGAACGACGGTACCTG_003,51
GCCGCGAACGACGGTACCTG_004,54
GCCGCGAACGACGGTACCTG_005,172
GCCGCGAACGACGGTACCTG_006,2
GCCGCGAACGACGGTACCTG_007,168
GCCGCGAACGACGGTACCTG_008,175
GCCGCGAACGACGGTACCTG_009,104
GCCGCGAACGACGGTACCTG_010,107
GCCGCGAACGACGGTACCTG_011,41
GCCGCGAACGACGGTACCTG_012,104
GCCGCGAACGACGGTACCTG_013,134
GCCGCGAACGACGGTACCTG_014,121
GCCGCGAACGACGGTACCTG_015,108
GCCGCGAACGACGGTACCTG_016,108
GCCGCGAACGACGGTACCTG_017,82
GCCGCGAACGACGGTACCTG_018,156
GCCGCGAACGACGGTACCTG_019,137
GCCGCGAACGACGGTACCTG_020,171
GCCGCGAACGACGGTACCTG_021,171
GCCGCGAACGACGGTACCTG_022,186
GCCGCGAACGACGGTACCTG_023,114
GCCGCGAACGACGGTACCTG_024,114
GCCGCGAACGACGGTACCTG_025,10
GCCGCGAACGACGGTACCTG_026,94
GCCGCGAACGACGGTACCTG_027,82
GCCGCGAACGACGGTACCTG_028,59
GCCGCGAACGACGGTACCTG_029,42
GCCGCGAACGACGGTACCTG_030,160
GCCGCGAACGACGGTACCTG_031,130
GCCGCGAACGACGGTACCTG_032,49
GCCGCGAACGACGGTACCTG_033,140
GCCGCGAACGACGGTACCTG_034,160
GCCGCGAACGACGGTACCTG_035,146
GCCGCGAACGACGGTACCTG_036,168
GCCGCGAACGACGGTACCTG_037,94
GCCGCGAACGACGGTACCTG_038,17
GCCGCGAACGACGGTACCTG_039,44
GCCGCGAACGACGGTACCTG_040,117
GGGCATGGTAGCCGACTGCG_001,178
GGGCATGGTAGCCGACTGCG_002,70
GGGCATGGTAGCCGACTGCG_003,153
GGGCATGGTAGCCGACTGCG_004,158
GGGCATGGTAGCCGACTGCG_005,145
GGGCATGGTAGCCGACTGCG_006,191
GGGCATGGTAGCCGACTGCG_007,183
GGGCATGGTAGCCGACTGCG_008,16
GGGCATGGTAGCCGACTGCG_009,49
TTGTGTAGCCAGGAGTAAAG_001,23
TTGTGTAGCCAGGAGTAAAG_002,12
TTGTGTAGCCAGGAGTAAAG_003,63
TTGTGTAGCCAGGAGTAAAG_004,38
TTGTGTAGCCAGGAGTAAAG_005,160
TTGTGTAGCCAGGAGTAAAG_006,176
TCCATGGTCCAGACTCCGTG_001,41
TCCATGGTCCAGACTCCGTG_002,176
TCCATGGTCCAGACTCCGTG_003,8
TCCATGGTCCAGACTCCGTG_004,78
TCCATGGTCCAGACTCCGTG_005,169
TCCATGGTCCAGACTCCGTG_006,172
TCCATGGTCCAGACTCCGTG_007,92
TCCATGGTCCAGACTCCGTG_008,92
TCCATGGTCCAGACTCCGTG_009,12
TCCATGGTCCAGACTCCGTG_010,58
TCCATGGTCCAGACTCCGTG_011,63
TCCATGGTCCAGACTCCGTG_012,153
TCCATGGTCCAGACTCCGTG_013,42
TCCATGGTCCAGACTCCGTG_014,133
TCCATGGTCCAGACTCCGTG_015,144
TCCATGGTCCAGACTCCGTG_016,116
TCCATGGTCCAGACTCCGTG_017,78
TCCATGGTCCAGACTCCGTG_018,176
TCCATGGTCCAGACTCCGTG_019,158
TCCATGGTCCAGACTCCGTG_020,183
TCCATGGTCCAGACTCCGTG_021,107
TCCATGGTCCAGACTCCGTG_022,102
TCCATGGTCCAGACTCCGTG_023,78
TCCATGGTCCAGACTCCGTG_024,80
TCCATGGTCCAGACTCCGTG_025,6
TCCATGGTCCAGACTCCGTG_026,7
TCCATGGTCCAGACTCCGTG_027,65
TCCATGGTCCAGACTCCGTG_028,83
TCCATGGTCCAGACTCCGTG_029,107
TCCATGGTCCAGACTCCGTG_030,42
TCCATGGTCCAGACTCCGTG_031,127
TCCATGGTCCAGACTCCGTG_032,127
TCCATGGTCCAGACTCCGTG_033,77
TCCATGGTCCAGACTCCGTG_034,1
GCAAGGATGGAATGATTCCA_001,50
GCAAGGATGGAATGATTCCA_002,27
GCAAGGATGGAATGATTCCA_003,46
GGGGTAAATCTTCAGAACCA_001,99
GGGGTAAATCTTCAGAACCA_002,120
GGGGTAAATCTTCAGAACCA_003,15
GGGGTAAATCTTCAGAACCA_004,149
GCTGCTTCTCCTGTCGCCGG_001,42
GCTGCTTCTCCTGTCGCCGG_002,140
GCTGCTTCTCCTGTCGCCGG_003,69
AAAAAAGACCCCATCCGAGA_001,99
AAAAAAGACCCCATCCGAGA_002,96
AAAAAAGACCCCATCCGAGA_003,19
AAAAAAGACCCCATCCGAGA_004,48
AAAAAAGACCCCATCCGAGA_005,169
AAAAAAGACCCCATCCGAGA_006,17
AAAAAAGACCCCATCCGAGA_007,138
AAAAAAGACCCCATCCGAGA_008,45
AAAAAAGACCCCATCCGAGA_009,47
AAAAAAGACCCCATCCGAGA_010,184
AAAAAAGACCCCATCCGAGA_011,65
AAAAAAGACCCCATCCGAGA_012,48
AAAAAAGACCCCATCCGAGA_013,1
AAAAAAGACCCCATCCGAGA_014,37
AAAAAAGACCCCATCCGAGA_015,37
CGACACCGATGGAATCCCAG_001,83
CGACACCGATGGAATCCCAG_002,12
CGACACCGATGGAATCCCAG_003,61
CGACACCGATGGAATCCCAG_004,40
CGACACCGATGGAATCCCAG_005,106
CGACACCGATGGAATCCCAG_006,93
CGACACCGATGGAATCCCAG_007,136
AGGTTGAGGGATACCATATG_001,116
AGGTTGAGGGATACCATATG_002,187
AGGTTGAGGGATACCATATG_003,110
AGGTTGAGGGATACCATATG_004,68
AGGTTGAGGGATACCATATG_005,175
AGGTTGAGGGATACCATATG_006,199
AGGTTGAGGGATACCATATG_007,124
AAGAATCTAGCCGAGAAGAA_001,149
AAGAATCTAGCCGAGAAGAA_002,81
AAGAATCTAGCCGAGAAGAA_003,119
AAGAATCTAGCCGAGAAGAA_004,61
AAGAATCTAGCCGAGAAGAA_005,56
AAGAATCTAGCCGAGAAGAA_006,70
AAGAATCTAGCCGAGAAGAA_007,28
AAGAATCTAGCCGAGAAGAA_008,103
AAGAATCTAGCCGAGAAGAA_009,150
GCTCAGCATCGACCGCTGGG_001,198
GCTCAGCATCGACCGCTGGG_002,159
GCTCAGCATCGACCGCTGGG_003,192
GCTCAGCATCGACCGCTGGG_004,197
GCTCAGCATCGACCGCTGGG_005,26
GCTCAGCATCGACCGCTGGG_006,179
GCTCAGCATCGACCGCTGGG_007,4
GCTCAGCATCGACCGCTGGG_008,78
AATGCTGCTGATGTACACTG_001,186
AATGCTGCTGATGTACACTG_002,160
AATGCTGCTGATGTACACTG_003,67
AATGCTGCTGATGTACACTG_004,163
AATGCTGCTGATGTACACTG_005,13
CAGCCTTGCTGCGTCCACTG_001,157
CAGCCTTGCTGCGTCCACTG_002,166
AAGAGTTTGAGCGACGGGTA_001,183
AAGAGTTTGAGCGACGGGTA_002,175
AAGAGTTTGAGCGACGGGTA_003,175
AAGAGTTTGAGCGACGGGTA_004,188
AAGAGTTTGAGCGACGGGTA_005,62
AAGAGTTTGAGCGACGGGTA_006,15
AAGAGTTTGAGCGACGGGTA_007,158
AAGAGTTTGAGCGACGGGTA_008,139
AAGAGTTTGAGCGACGGGTA_009,50
AAGAGTTTGAGCGACGGGTA_010,114
AAGAGTTTGAGCGACGGGTA_011,97
AAGAGTTTGAGCGACGGGTA_012,196
AAGAGTTTGAGCGACGGGTA_013,144
AAGAGTTTGAGCGACGGGTA_014,163
AAGAGTTTGAGCGACGGGTA_015,67
AAGAGTTTGAGCGACGGGTA_016,199
AAGAGTTTGAGCGACGGGTA_017,41
AAGAGTTTGAGCGACGGGTA_018,49
AAGAGTTTGAGCGACGGGTA_019,117
AAGAGTTTGAGCGACGGGTA_020,19
AAGAGTTTGAGCGACGGGTA_021,41
AAGAGTTTGAGCGACGGGTA_022,181
AAGAGTTTGAGCGACGGGTA_023,29
AAGAGTTTGAGCGACGGGTA_024,77
AAGAGTTTGAGCGACGGGTA_025,94
AAGAGTTTGAGCGACGGGTA_026,66
AAGAGTTTGAGCGACGGGTA_027,19
AAGAGTTTGAGCGACGGGTA_028,52
AAGAGTTTGAGCGACGGGTA_029,85
AAGAGTTTGAGCGACGGGTA_030,85
CTTTACCTGAAACACAAGTG_001,166
CTTTACCTGAAACACAAGTG_002,95
CTTTACCTGAAACACAAGTG_003,69
CTTTACCTGAAACACAAGTG_004,96
CTTTACCTGAAACACAAGTG_005,56
CTTTACCTGAAACACAAGTG_006,153
CTTTACCTGAAACACAAGTG_007,172
AGTAACTGCATGCTTGCTGG_001,150
AGTAACTGCATGCTTGCTGG_002,98
AGTAACTGCATGCTTGCTGG_003,181
AGTAACTGCATGCTTGCTGG_004,127
AGTAACTGCATGCTTGCTGG_005,65
AGTAACTGCATGCTTGCTGG_006,16
AGTAACTGCATGCTTGCTGG_007,137
AGTAACTGCATGCTTGCTGG_008,13
AAAGCTCTTCTTAAATACAA_001,113
AAAGCTCTTCTTAAATACAA_002,23
AAAGCTCTTCTTAAATACAA_003,115
AAAGCTCTTCTTAAATACAA_004,146
CCTATCACCTCTCCAAAATG_001,163
CCTATCACCTCTCCAAAATG_002,98
GTACACGAGCGGGTTCCCGG_001,20
GTACACGAGCGGGTTCCCGG_002,14
GTACACGAGCGGGTTCCCGG_003,60
GTACACGAGCGGGTTCCCGG_004,56
GTACACGAGCGGGTTCCCGG_005,2
GTACACGAGCGGGTTCCCGG_006,112
GTACACGAGCGGGTTCCCGG_007,13
GTACACGAGCGGGTTCCCGG_008,148
GTACACGAGCGGGTTCCCGG_009,189
GTACACGAGCGGGTTCCCGG_010,81
GTACACGAGCGGGTTCCCGG_011,102
GTACACGAGCGGGTTCCCGG_012,19
CCCAGAAAGCCGGTTCCCAG_001,27
CCCAGAAAGCCGGTTCCCAG_002,170
CCCAGAAAGCCGGTTCCCAG_003,17
CCCAGAAAGCCGGTTCCCAG_004,83
CCCAGAAAGCCGGTTCCCAG_005,9
CCCAGAAAGCCGGTTCCCAG_006,148
CCCAGAAAGCCGGTTCCCAG_007,61
CCCAGAAAGCCGGTTCCCAG_008,65
CCCAGAAAGCCGGTTCCCAG_009,80
CCCAGAAAGCCGGTTCCCAG_010,121
CCCAGAAAGCCGGTTCCCAG_011,32
CCCAGAAAGCCGGTTCCCAG_012,128
TCTTGGTGAAATCGACACAA_001,149
TCTTGGTGAAATCGACACAA_002,120
TCTTGGTGAAATCGACACAA_003,13
TCTTGGTGAAATCGACACAA_004,147
TCTTGGTGAAATCGACACAA_005,133
TCTTGGTGAAATCGACACAA_006,169
TCTTGGTGAAATCGACACAA_007,179
TCTTGGTGAAATCGACACAA_008,165
TCTTGGTGAAATCGACACAA_009,3
TCTTGGTGAAATCGACACAA_010,36
TCTTGGTGAAATCGACACAA_011,50
GTGGCTCCAAAGATCAACTC_001,102
GTGGCTCCAAAGATCAACTC_002,37
GTGGCTCCAAAGATCAACTC_003,157
GTGGCTCCAAAGATCAACTC_004,103
GTGGCTCCAAAGATCAACTC_005,188
GTGGCTCCAAAGATCAACTC_006,29
GTGGCTCCAAAGATCAACTC_007,29
GTGGCTCCAAAGATCAACTC_008,78
GTGGCTCCAAAGATCAACTC_009,22
GTGGCTCCAAAGATCAACTC_010,194
GTGGCTCCAAAGATCAACTC_011,148
GTGGCTCCAAAGATCAACTC_012,145
GTGGCTCCAAAGATCAACTC_013,82
GTGGCTCCAAAGATCAACTC_014,184
GTGGCTCCAAAGATCAACTC_015,142
GTGGCTCCAAAGATCAACTC_016,170
GTGGCTCCAAAGATCAACTC_017,146
GTGGCTCCAAAGATCAACTC_018,17
GTGGCTCCAAAGATCAACTC_019,91
GTGGCTCCAAAGATCAACTC_020,17
CCATGGGCAACGCCGAAGTG_001,121
CCATGGGCAACGCCGAAGTG_002,95
CCATGGGCAACGCCGAAGTG_003,140
CCATGGGCAACGCCGAAGTG_004,120
CCATGGGCAACGCCGAAGTG_005,179
CCATGGGCAACGCCGAAGTG_006,143
CCATGGGCAACGCCGAAGTG_007,15
CCATGGGCAACGCCGAAGTG_008,50
CCATGGGCAACGCCGAAGTG_009,28
CCATGGGCAACGCCGAAGTG_010,160
CCATGGGCAACGCCGAAGTG_011,78
CCATGGGCAACGCCGAAGTG_012,94
CCATGGGCAACGCCGAAGTG_013,144
CCATGGGCAACGCCGAAGTG_014,2
CCATGGGCAACGCCGAAGTG_015,162
CCATGGGCAACGCCGAAGTG_016,7
AGAGGAAAGTGAAGGCGACA_001,134
AGAGGAAAGTGAAGGCGACA_002,31
AGAGGAAAGTGAAGGCGACA_003,171
AGAGGAAAGTGAAGGCGACA_004,94
AGAGGAAAGTGAAGGCGACA_005,28
AGAGGAAAGTGAAGGCGACA_006,185
AGAGGAAAGTGAAGGCGACA_007,40
AGAGGAAAGTGAAGGCGACA_008,103
CTTGGATAGCATCATCGCCG_001,185
GTGCCTTACAAGATGTGACA_001,55
GTGCCTTACAAGATGTGACA_002,44
GTGCCTTACAAGATGTGACA_003,169
GTGCCTTACAAGATGTGACA_004,182
GTGCCTTACAAGATGTGACA_005,56
GTGCCTTACAAGATGTGACA_006,18
GTGCCTTACAAGATGTGACA_007,40
GTGCCTTACAAGATGTGACA_008,121
GTGGGGAACTATAGGCCCGA_001,157
GTGGGGAACTATAGGCCCGA_002,148
GTGGGGAACTATAGGCCCGA_003,94
GTTGAGCCAGATCGGGAGAA_001,96
GTTGAGCCAGATCGGGAGAA_002,151
GTTGAGCCAGATCGGGAGAA_003,62
GTTGAGCCAGATCGGGAGAA_004,144
GTTGAGCCAGATCGGGAGAA_005,58
GTTGAGCCAGATCGGGAGAA_006,60
GTTGAGCCAGATCGGGAGAA_007,127
GTTGAGCCAGATCGGGAGAA_008,148
GTTGAGCCAGATCGGGAGAA_009,193
GTTGAGCCAGATCGGGAGAA_010,170
GTTGAGCCAGATCGGGAGAA_011,137
GTTGAGCCAGATCGGGAGAA_012,160
GTTGAGCCAGATCGGGAGAA_013,141
GTTGAGCCAGATCGGGAGAA_014,98
GTTGAGCCAGATCGGGAGAA_015,62
GTTGAGCCAGATCGGGAGAA_016,70
GTTGAGCCAGATCGGGAGAA_017,52
GTTGAGCCAGATCGGGAGAA_018,60
GTTGAGCCAGATCGGGAGAA_019,90
GTTGAGCCAGATCGGGAGAA_020,79
GTTGAGCCAGATCGGGAGAA_021,158
GTTGAGCCAGATCGGGAGAA_022,124
GTTGAGCCAGATCGGGAGAA_023,2
GTTGAGCCAGATCGGGAGAA_024,172
GTTGAGCCAGATCGGGAGAA_025,186
CACAAGGCCAACATCATGTG_001,46
CACAAGGCCAACATCATGTG_002,75
CACAAGGCCAACATCATGTG_003,156
CACAAGGCCAACATCATGTG_004,137
CACAAGGCCAACATCATGTG_005,151
CACAAGGCCAACATCATGTG_006,138
CACAAGGCCAACATCATGTG_007,130
CACAAGGCCAACATCATGTG_008,61
CACAAGGCCAACATCATGTG_009,37
CACAAGGCCAACATCATGTG_010,1
CACAAGGCCAACATCATGTG_011,62
CACAAGGCCAACATCATGTG_012,35
CACAAGGCCAACATCATGTG_013,41
CACAAGGCCAACATCATGTG_014,148
AGAAGTAGCGGACACCGACG_001,197
AGAAGTAGCGGACACCGACG_002,94
AGAAGTAGCGGACACCGACG_003,198
AGAAGTAGCGGACACCGACG_004,49
AGAAGTAGCGGACACCGACG_005,129
AGAAGTAGCGGACACCGACG_006,94
AGAAGTAGCGGACACCGACG_007,84
AGAAGTAGCGGACACCGACG_008,82
AGAAGTAGCGGACACCGACG_009,72
AGAAGTAGCGGACACCGACG_010,78
AGAAGTAGCGGACACCGACG_011,103
AGAAGTAGCGGACACCGACG_012,55
AGAAGTAGCGGACACCGACG_013,162
AGAAGTAGCGGACACCGACG_014,137
AGAAGTAGCGGACACCGACG_015,168
AGAAGTAGCGGACACCGACG_016,118
AGAAGTAGCGGACACCGACG_017,121
AGAAGTAGCGGACACCGACG_018,117
AGAAGTAGCGGACACCGACG_019,10
AGAAGTAGCGGACACCGACG_020,75
AGAAGTAGCGGACACCGACG_021,158
AGCAGGTGGATCTCTACGAC_001,169
AGCAGGTGGATCTCTACGAC_002,15
AGCAGGTGGATCTCTACGAC_003,86
AGCAGGTGGATCTCTACGAC_004,151
AGCCATCTCCACAGCCTCTG_001,191
AGCCATCTCCACAGCCTCTG_002,85
AGCCATCTCCACAGCCTCTG_003,186
AGCCATCTCCACAGCCTCTG_004,57
AGCCATCTCCACAGCCTCTG_005,130
AGCCATCTCCACAGCCTCTG_006,120
AGCCATCTCCACAGCCTCTG_007,174
AGCCATCTCCACAGCCTCTG_008,67
AGCCATCTCCACAGCCTCTG_009,50
AGCCATCTCCACAGCCTCTG_010,175
AGCCATCTCCACAGCCTCTG_011,138
AGCCATCTCCACAGCCTCTG_012,17
AGCCATCTCCACAGCCTCTG_013,191
AGCCATCTCCACAGCCTCTG_014,185
TGGATGAAATCACAGCAAAG_001,2
TGGATGAAATCACAGCAAAG_002,84
TGGATGAAATCACAGCAAAG_003,72
TGGATGAAATCACAGCAAAG_004,163
TGGATGAAATCACAGCAAAG_005,39
TGGATGAAATCACAGCAAAG_006,104
ACGAAGCAGTACTGCTGTGA_001,114
ACGAAGCAGTACTGCTGTGA_002,138
AGAGAGGGAGCACTGTGACA_001,50
AGAGAGGGAGCACTGTGACA_002,40
AGAGAGGGAGCACTGTGACA_003,198
AGAGAGGGAGCACTGTGACA_004,140
AGAGAGGGAGCACTGTGACA_005,160
AGAGAGGGAGCACTGTGACA_006,23
GCTGGTAAGGATGTACCAGA_001,160
GCTGGTAAGGATGTACCAGA_002,50
GCTGGTAAGGATGTACCAGA_003,108
GCTGGTAAGGATGTACCAGA_004,31
GCTGGTAAGGATGTACCAGA_005,30
GCTGGTAAGGATGTACCAGA_006,43
TGCCCGGCACCCCCAAATCG_001,0
TGCCCGGCACCCCCAAATCG_002,21
TGCCCGGCACCCCCAAATCG_003,173
TGCCCGGCACCCCCAAATCG_004,60
TGATGGAGTATGCAGCCGGT_001,117
TGATGGAGTATGCAGCCGGT_002,184
TGATGGAGTATGCAGCCGGT_003,147
TGATGGAGTATGCAGCCGGT_004,105
TGATGGAGTATGCAGCCGGT_005,63
TGATGGAGTATGCAGCCGGT_006,14
TGATGGAGTATGCAGCCGGT_007,14
CTGCTCATAGCGGTGTAGCG_001,170
CTGCTCATAGCGGTGTAGCG_002,41
CTGCTCATAGCGGTGTAGCG_003,141
AAATCACCCTGCTTGAGCAA_001,197
AAATCACCCTGCTTGAGCAA_002,114
AAATCACCCTGCTTGAGCAA_003,43
AAATCACCCTGCTTGAGCAA_004,144
AAATCACCCTGCTTGAGCAA_005,146
AAATCACCCTGCTTGAGCAA_006,176
AAATCACCCTGCTTGAGCAA_007,44
AAATCACCCTGCTTGAGCAA_008,58
ATGATGATGGCAACAAGCGA_001,115
ATGATGATGGCAACAAGCGA_002,109
ATGATGATGGCAACAAGCGA_003,105
ATGATGATGGCAACAAGCGA_004,58
ATGATGATGGCAACAAGCGA_005,176
ATGATGATGGCAACAAGCGA_006,154
ATGATGATGGCAACAAGCGA_007,38
ATGATGATGGCAACAAGCGA_008,93
ATGATGATGGCAACAAGCGA_009,1
CTGCTGGCGCGCGACTACAC_001,103
CTGCTGGCGCGCGACTACAC_002,162
CTGCTGGCGCGCGACTACAC_003,41
CTGCTGGCGCGCGACTACAC_004,34
CTGCTGGCGCGCGACTACAC_005,56
GAAGTGGAACAAGCATATCG_001,105
GGGACACTCGGTGTGCGACG_001,107
GGGACACTCGGTGTGCGACG_002,163
GGGACACTCGGTGTGCGACG_003,6
GGGACACTCGGTGTGCGACG_004,152
GGGACACTCGGTGTGCGACG_005,18
ATTGAACTTTAGCAACTATG_001,65
ATTGAACTTTAGCAACTATG_002,178
ATTGAACTTTAGCAACTATG_003,49
ATTGAACTTTAGCAACTATG_004,9
ATTGAACTTTAGCAACTATG_005,29
ATTGAACTTTAGCAACTATG_006,3
GCCTCCAGGGAGCGTCCCCG_001,172
GCCTCCAGGGAGCGTCCCCG_002,172
GCCTCCAGGGAGCGTCCCCG_003,54
GCCTCCAGGGAGCGTCCCCG_004,159
GCCTCCAGGGAGCGTCCCCG_005,6
GCCTCCAGGGAGCGTCCCCG_006,182
GCCTCCAGGGAGCGTCCCCG_007,37
GCCTCCAGGGAGCGTCCCCG_008,199
GCCTCCAGGGAGCGTCCCCG_009,174
GCCTCCAGGGAGCGTCCCCG_010,192
GCCTCCAGGGAGCGTCCCCG_011,190
GCCTCCAGGGAGCGTCCCCG_012,127
GCCTCCAGGGAGCGTCCCCG_013,116
GCCTCCAGGGAGCGTCCCCG_014,155
GCCTCCAGGGAGCGTCCCCG_015,9
GCCTCCAGGGAGCGTCCCCG_016,16
GCCTCCAGGGAGCGTCCCCG_017,68
GCCTCCAGGGAGCGTCCCCG_018,131
GCCTCCAGGGAGCGTCCCCG_019,82
GCCTCCAGGGAGCGTCCCCG_020,17
GCCTCCAGGGAGCGTCCCCG_021,26
GCCTCCAGGGAGCGTCCCCG_022,139
GCCTCCAGGGAGCGTCCCCG_023,15
GCCTCCAGGGAGCGTCCCCG_024,88
GCCTCCAGGGAGCGTCCCCG_025,106
GCCTCCAGGGAGCGTCCCCG_026,99
GCCTCCAGGGAGCGTCCCCG_027,115
GCCTCCAGGGAGCGTCCCCG_028,43
GCCTCCAGGGAGCGTCCCCG_029,183
GCCTCCAGGGAGCGTCCCCG_030,184
GCCTCCAGGGAGCGTCCCCG_031,47
GCCTCCAGGGAGCGTCCCCG_032,178
GCCTCCAGGGAGCGTCCCCG_033,74
GCCTCCAGGGAGCGTCCCCG_034,127
GCCTCCAGGGAGCGTCCCCG_035,136
GCCTCCAGGGAGCGTCCCCG_036,130
GCCTCCAGGGAGCGTCCCCG_037,147
GCCTCCAGGGAGCGTCCCCG_038,114
GCCTCCAGGGAGCGTCCCCG_039,114
GCCTCCAGGGAGCGTCCCCG_040,166
GCCTCCAGGGAGCGTCCCCG_041,83
GCCTCCAGGGAGCGTCCCCG_042,1
ACTGCAAGTTGACACCAAGT_001,166
ACTGCAAGTTGACACCAAGT_002,38
ACTGCAAGTTGACACCAAGT_003,40
ACTGCAAGTTGACACCAAGT_004,98
ACTGCAAGTTGACACCAAGT_005,35
ACTGCAAGTTGACACCAAGT_006,182
ACTGCAAGTTGACACCAAGT_007,86
ACTGCAAGTTGACACCAAGT_008,71
ACTGCAAGTTGACACCAAGT_009,169
ACTGCAAGTTGACACCAAGT_010,37
ACTGCAAGTTGACACCAAGT_011,42
ACTGCAAGTTGACACCAAGT_012,42
ACTGCAAGTTGACACCAAGT_013,105
ACTGCAAGTTGACACCAAGT_014,78
CCGACAGCTCCACGCCCGTG_001,198
CCGACAGCTCCACGCCCGTG_002,181
CCGACAGCTCCACGCCCGTG_003,194
CCGACAGCTCCACGCCCGTG_004,74
CCGACAGCTCCACGCCCGTG_005,128
CCGACAGCTCCACGCCCGTG_006,106
CCGACAGCTCCACGCCCGTG_007,76
CCGACAGCTCCACGCCCGTG_008,4
CCGACAGCTCCACGCCCGTG_009,101
CCGACAGCTCCACGCCCGTG_010,47
CCGACAGCTCCACGCCCGTG_011,108
CCGACAGCTCCACGCCCGTG_012,161
CCGACAGCTCCACGCCCGTG_013,169
CCGACAGCTCCACGCCCGTG_014,28
CCGACAGCTCCACGCCCGTG_015,1
CCGACAGCTCCACGCCCGTG_016,130
CCGACAGCTCCACGCCCGTG_017,55
CCGACAGCTCCACGCCCGTG_018,191
CCGACAGCTCCACGCCCGTG_019,98
CCGACAGCTCCACGCCCGTG_020,198
CCGACAGCTCCACGCCCGTG_021,85
GAACAGTAGGATCCTTGCTG_001,130
GAACAGTAGGATCCTTGCTG_002,68
GAACAGTAGGATCCTTGCTG_003,160
GAACAGTAGGATCCTTGCTG_004,8
GAACAGTAGGATCCTTGCTG_005,72
GAACAGTAGGATCCTTGCTG_006,51
GAACAGTAGGATCCTTGCTG_007,117
TTTAGGAGACAATCAAGACA_001,157
TTTAGGAGACAATCAAGACA_002,49
ATCTGCTGGCCCGAGAAGGT_001,144
ATCTGCTGGCCCGAGAAGGT_002,4
ATCTGCTGGCCCGAGAAGGT_003,121
ATCTGCTGGCCCGAGAAGGT_004,102
ATCTGCTGGCCCGAGAAGGT_005,106
ATCTGCTGGCCCGAGAAGGT_006,106
CGAGGTGAACCCCAACACGC_001,22
CGAGGTGAACCCCAACACGC_002,137
CGAGGTGAACCCCAACACGC_003,2
CGAGGTGAACCCCAACACGC_004,70
CGAGGTGAACCCCAACACGC_005,125
CGAGGTGAACCCCAACACGC_006,58
CGAGGTGAACCCCAACACGC_007,4
CGAGGTGAACCCCAACACGC_008,59
CGAGGTGAACCCCAACACGC_009,59
CGAGGTGAACCCCAACACGC_010,133
CGAGGTGAACCCCAACACGC_011,175
CGAGGTGAACCCCAACACGC_012,150
CGAGGTGAACCCCAACACGC_013,117
CGAGGTGAACCCCAACACGC_014,147
CGAGGTGAACCCCAACACGC_015,140
CGAGGTGAACCCCAACACGC_016,140
CGAGGTGAACCCCAACACGC_017,65
CGAGGTGAACCCCAACACGC_018,192
CGAGGTGAACCCCAACACGC_019,146
CGAGGTGAACCCCAACACGC_020,88
CGAGGTGAACCCCAACACGC_021,93
CGAGGTGAACCCCAACACGC_022,49
CGAGGTGAACCCCAACACGC_023,109
CGAGGTGAACCCCAACACGC_024,80
CGAGGTGAACCCCAACACGC_025,133
CGAGGTGAACCCCAACACGC_026,15
CGAGGTGAACCCCAACACGC_027,97
CGAGGTGAACCCCAACACGC_028,169
CGAGGTGAACCCCAACACGC_029,199
CGAGGTGAACCCCAACACGC_030,40
CGAGGTGAACCCCAACACGC_031,148
CGAGGTGAACCCCAACACGC_032,139
CGAGGTGAACCCCAACACGC_033,95
CGAGGTGAACCCCAACACGC_034,19
CGAGGTGAACCCCAACACGC_035,51
CGAGGTGAACCCCAACACGC_036,100
CGAGGTGAACCCCAACACGC_037,18
CGAGGTGAACCCCAACACGC_038,150
CGAGGTGAACCCCAACACGC_039,145
CGAGGTGAACCCCAACACGC_040,160
CGAGGTGAACCCCAACACGC_041,136
CGAGGTGAACCCCAACACGC_042,166
CGAGGTGAACCCCAACACGC_043,168
CGAGGTGAACCCCAACACGC_044,40
CGAGGTGAACCCCAACACGC_045,115
CGAGGTGAACCCCAACACGC_046,115
CGAGGTGAACCCCAACACGC_047,182
GTGGCTTCAGCATGGAAGTG_001,169
GTGGCTTCAGCATGGAAGTG_002,125
GTGGCTTCAGCATGGAAGTG_003,146
GTGGCTTCAGCATGGAAGTG_004,96
GTGGCTTCAGCATGGAAGTG_005,112
GTGGCTTCAGCATGGAAGTG_006,161
GTGGCTTCAGCATGGAAGTG_007,36
GTGGCTTCAGCATGGAAGTG_008,185
GTGGCTTCAGCATGGAAGTG_009,56
GTGGCTTCAGCATGGAAGTG_010,68
GTGGCTTCAGCATGGAAGTG_011,44
TCTGGGATATCAATAAGGAG_001,12
TCTGGGATATCAATAAGGAG_002,178
TCTGGGATATCAATAAGGAG_003,101
TCTGGGATATCAATAAGGAG_004,66
TCTGGGATATCAATAAGGAG_005,106
TCTGGGATATCAATAAGGAG_006,132
TCTGGGATATCAATAAGGAG_007,60
TCTGGGATATCAATAAGGAG_008,48
TACAACACGGTGCAGACTGT_001,77
TACAACACGGTGCAGACTGT_002,190
TACAACACGGTGCAGACTGT_003,146
TACAACACGGTGCAGACTGT_004,19
GCACGCCACAGAGTAATGGA_001,98
GCACGCCACAGAGTAATGGA_002,152
GCACGCCACAGAGTAATGGA_003,28
GCACGCCACAGAGTAATGGA_004,111
GGAGCCCACAGAACGGATGG_001,173
GGAGCCCACAGAACGGATGG_002,130
GGAGCCCACAGAACGGATGG_003,162
GGAGCCCACAGAACGGATGG_004,121
GGAGCCCACAGAACGGATGG_005,74
GGAGCCCACAGAACGGATGG_006,50
GGAGCCCACAGAACGGATGG_007,37
GGAGCCCACAGAACGGATGG_008,108
GGAGCCCACAGAACGGATGG_009,22
GGAGCCCACAGAACGGATGG_010,74
GGAGCCCACAGAACGGATGG_011,88
GGAGCCCACAGAACGGATGG_012,2
CATACGCGGTGAGCGCAGCA_001,2
GCGGGCAATGTAGCACAAGA_001,130
GCGGGCAATGTAGCACAAGA_002,94
GCGGGCAATGTAGCACAAGA_003,168
GCGGGCAATGTAGCACAAGA_004,103
GCGGGCAATGTAGCACAAGA_005,32
GCGGGCAATGTAGCACAAGA_006,9
GCGGGCAATGTAGCACAAGA_007,43
TTGCCAACATGTGATGCCTG_001,196
TTGCCAACATGTGATGCCTG_002,9
TTGCCAACATGTGATGCCTG_003,49
TTGCCAACATGTGATGCCTG_004,42
TTGCCAACATGTGATGCCTG_005,166
ACAAAAAGACAGTCTACTCC_001,28
ACAAAAAGACAGTCTACTCC_002,75
ACAAAAAGACAGTCTACTCC_003,115
ACAAAAAGACAGTCTACTCC_004,27
ACAAAAAGACAGTCTACTCC_005,112
ACAAAAAGACAGTCTACTCC_006,56
ACAAAAAGACAGTCTACTCC_007,88
ACAAAAAGACAGTCTACTCC_008,184
ACAAAAAGACAGTCTACTCC_009,169
ACAAAAAGACAGTCTACTCC_010,60
ACAAAAAGACAGTCTACTCC_011,55
ACAAAAAGACAGTCTACTCC_012,129
ACAAAAAGACAGTCTACTCC_013,122
GGAGCAATGGTTCACCACGC_001,32
GGAGCAATGGTTCACCACGC_002,21
GGAGCAATGGTTCACCACGC_003,177
GGAGCAATGGTTCACCACGC_004,147
GGAGCAATGGTTCACCACGC_005,102
GGAGCAATGGTTCACCACGC_006,67
GGAGCAATGGTTCACCACGC_007,105
GGAGCAATGGTTCACCACGC_008,198
GGAGCAATGGTTCACCACGC_009,134
GGAGCAATGGTTCACCACGC_010,147
GACAGAGCAGGTGTAGCATT_001,82
GACAGAGCAGGTGTAGCATT_002,92
GACAGAGCAGGTGTAGCATT_003,113
GACAGAGCAGGTGTAGCATT_004,103
GACAGAGCAGGTGTAGCATT_005,105
CGACCAGCTTCAATCCACCA_001,139
CGACCAGCTTCAATCCACCA_002,82
CGACCAGCTTCAATCCACCA_003,92
CGACCAGCTTCAATCCACCA_004,183
CGACCAGCTTCAATCCACCA_005,30
CGACCAGCTTCAATCCACCA_006,42
CGACCAGCTTCAATCCACCA_007,168
CGACCAGCTTCAATCCACCA_008,55
CGACCAGCTTCAATCCACCA_009,26
CGACCAGCTTCAATCCACCA_010,148
CGACCAGCTTCAATCCACCA_011,2
CGACCAGCTTCAATCCACCA_012,148
CGACCAGCTTCAATCCACCA_013,91
CGACCAGCTTCAATCCACCA_014,78
CGACCAGCTTCAATCCACCA_015,106
CGACCAGCTTCAATCCACCA_016,49
CGACCAGCTTCAATCCACCA_017,108
CGACCAGCTTCAATCCACCA_018,45
GAGTTGTTTGAAGACCCACC_001,158
GAGTTGTTTGAAGACCCACC_002,106
GAGTTGTTTGAAGACCCACC_003,149
GAGTTGTTTGAAGACCCACC_004,150
GAGTTGTTTGAAGACCCACC_005,125
ACTCTCCGTGTCCGTACAGG_001,149
ACTCTCCGTGTCCGTACAGG_002,65
ACTCTCCGTGTCCGTACAGG_003,9
ACTCTCCGTGTCCGTACAGG_004,55
ACTCTCCGTGTCCGTACAGG_005,184
ACTCTCCGTGTCCGTACAGG_006,63
ACTCTCCGTGTCCGTACAGG_007,49
ACTCTCCGTGTCCGTACAGG_008,105
ACTCTCCGTGTCCGTACAGG_009,147
ACTCTCCGTGTCCGTACAGG_010,62
ACTCTCCGTGTCCGTACAGG_011,148
ACTCTCCGTGTCCGTACAGG_012,46
ACTCTCCGTGTCCGTACAGG_013,19
ACTCTCCGTGTCCGTACAGG_014,162
ACTCTCCGTGTCCGTACAGG_015,173
ACTCTCCGTGTCCGTACAGG_016,173
ACTCTCCGTGTCCGTACAGG_017,9
ACACAGCCACCAAATGGGAT_001,70
ACACAGCCACCAAATGGGAT_002,22
ACACAGCCACCAAATGGGAT_003,78
ACACAGCCACCAAATGGGAT_004,40
ACACAGCCACCAAATGGGAT_005,99
ACACAGCCACCAAATGGGAT_006,127
ACAGTGGAGTTGTTTCCACT_001,151
ACAGTGGAGTTGTTTCCACT_002,149
ACAGTGGAGTTGTTTCCACT_003,118
ACAGTGGAGTTGTTTCCACT_004,115
ACAGTGGAGTTGTTTCCACT_005,115
ACAGTGGAGTTGTTTCCACT_006,149
ACAGTGGAGTTGTTTCCACT_007,32
ACAGTGGAGTTGTTTCCACT_008,84
ACCCCAGAGATGAACACAGT_001,93
ACCCCAGAGATGAACACAGT_002,75
ACCCCAGAGATGAACACAGT_003,0
GTCCTATGAAGTCAATATCG_001,181
GTCCTATGAAGTCAATATCG_002,158
GTCCTATGAAGTCAATATCG_003,152
TGTGCACAGCTTCAAGCCAG_001,34
TGTGCACAGCTTCAAGCCAG_002,56
TGTGCACAGCTTCAAGCCAG_003,69
TGTGCACAGCTTCAAGCCAG_004,8
TGTGCACAGCTTCAAGCCAG_005,88
TGTGCACAGCTTCAAGCCAG_006,170
AGAATTTGCGACACAGACGT_001,150
AGAATTTGCGACACAGACGT_002,49
AGAATTTGCGACACAGACGT_003,22
AGAATTTGCGACACAGACGT_004,153
AGAATTTGCGACACAGACGT_005,133
AGAATTTGCGACACAGACGT_006,118
AGAATTTGCGACACAGACGT_007,5
AGAATTTGCGACACAGACGT_008,148
AGAATTTGCGACACAGACGT_009,92
AGAATTTGCGACACAGACGT_010,147
AGAATTTGCGACACAGACGT_011,46
AGAATTTGCGACACAGACGT_012,160
GCAGACCCGCAACATTACTG_001,33
GCAGACCCGCAACATTACTG_002,174
GCAGACCCGCAACATTACTG_003,95
GCAGACCCGCAACATTACTG_004,144
GCAGACCCGCAACATTACTG_005,83
GCAGACCCGCAACATTACTG_006,59
GCAGACCCGCAACATTACTG_007,84
GCAGACCCGCAACATTACTG_008,150
GCAGACCCGCAACATTACTG_009,158
GCAGACCCGCAACATTACTG_010,53
GCAGACCCGCAACATTACTG_011,59
GCAGACCCGCAACATTACTG_012,145
GCAGACCCGCAACATTACTG_013,5
GCAGACCCGCAACATTACTG_014,185
GCAGACCCGCAACATTACTG_015,199
GCAGACCCGCAACATTACTG_016,88
GCAGACCCGCAACATTACTG_017,148
GCAGACCCGCAACATTACTG_018,49
GCAGACCCGCAACATTACTG_019,1
GCAGACCCGCAACATTACTG_020,40
GCAGACCCGCAACATTACTG_021,100
GCAGACCCGCAACATTACTG_022,100
GCAGACCCGCAACATTACTG_023,61
GCAGACCCGCAACATTACTG_024,113
GCAGACCCGCAACATTACTG_025,147
TGTGGAGAGTACATCAGCTG_001,124
TGTGGAGAGTACATCAGCTG_002,166
TGTGGAGAGTACATCAGCTG_003,140
TGTGGAGAGTACATCAGCTG_004,77
TGTGGAGAGTACATCAGCTG_005,113
TGTGGAGAGTACATCAGCTG_006,24
TGTGGAGAGTACATCAGCTG_007,101
TGTGGAGAGTACATCAGCTG_008,99
TGTGGAGAGTACATCAGCTG_009,47
TGTGGAGAGTACATCAGCTG_010,127
TGTGGAGAGTACATCAGCTG_011,80
TGTGGAGAGTACATCAGCTG_012,70
CACCCTCTGAATCTGCATAG_001,108
CACCCTCTGAATCTGCATAG_002,47
CACCCTCTGAATCTGCATAG_003,183
CACCCTCTGAATCTGCATAG_004,129
CACCCTCTGAATCTGCATAG_005,168
CACCCTCTGAATCTGCATAG_006,127
CACCCTCTGAATCTGCATAG_007,5
CACCCTCTGAATCTGCATAG_008,77
CACCCTCTGAATCTGCATAG_009,49
CACCCTCTGAATCTGCATAG_010,77
TCTTGGCAGGGAACCCTCGG_001,170
TCTTGGCAGGGAACCCTCGG_002,118
TCTTGGCAGGGAACCCTCGG_003,76
TCTTGGCAGGGAACCCTCGG_004,160
TCTTGGCAGGGAACCCTCGG_005,86
TCTTGGCAGGGAACCCTCGG_006,49
TCTTGGCAGGGAACCCTCGG_007,185
TCTTGGCAGGGAACCCTCGG_008,106
TCTTGGCAGGGAACCCTCGG_009,185
TCTTGGCAGGGAACCCTCGG_010,127
TCTTGGCAGGGAACCCTCGG_011,147
TCTTGGCAGGGAACCCTCGG_012,61
TCTTGGCAGGGAACCCTCGG_013,71
TCTTGGCAGGGAACCCTCGG_014,107
TCTTGGCAGGGAACCCTCGG_015,87
TCTTGGCAGGGAACCCTCGG_016,88
TCTTGGCAGGGAACCCTCGG_017,188
TCTTGGCAGGGAACCCTCGG_018,107
TCTTGGCAGGGAACCCTCGG_019,77
TCTTGGCAGGGAACCCTCGG_020,139
TCTTGGCAGGGAACCCTCGG_021,113
TCTTGGCAGGGAACCCTCGG_022,45
TCTTGGCAGGGAACCCTCGG_023,19
TCTTGGCAGGGAACCCTCGG_024,0
TCTTGGCAGGGAACCCTCGG_025,193
TCTTGGCAGGGAACCCTCGG_026,41
TCTTGGCAGGGAACCCTCGG_027,27
TCTTGGCAGGGAACCCTCGG_028,76
TCTTGGCAGGGAACCCTCGG_029,187
TCTTGGCAGGGAACCCTCGG_030,60
CTTGCTCAAACTGTATGCAG_001,170
CTTGCTCAAACTGTATGCAG_002,11
CTTGCTCAAACTGTATGCAG_003,111
CTTGCTCAAACTGTATGCAG_004,118
GTAACCAGACCAAAACCGGG_001,150
GTAACCAGACCAAAACCGGG_002,91
GTAACCAGACCAAAACCGGG_003,105
GTAACCAGACCAAAACCGGG_004,145
GTAACCAGACCAAAACCGGG_005,58
GTAACCAGACCAAAACCGGG_006,114
GTAACCAGACCAAAACCGGG_007,122
GTAACCAGACCAAAACCGGG_008,80
GTAACCAGACCAAAACCGGG_009,6
GTAACCAGACCAAAACCGGG_010,84
GTAACCAGACCAAAACCGGG_011,39
GTAACCAGACCAAAACCGGG_012,161
AACGTCTACTTCAATTGCAG_001,116
AACGTCTACTTCAATTGCAG_002,97
AACGTCTACTTCAATTGCAG_003,15
AACGTCTACTTCAATTGCAG_004,195
AACGTCTACTTCAATTGCAG_005,145
CGAAACGTTTAATGTCCTGG_001,122
CGAAACGTTTAATGTCCTGG_002,62
CGAAACGTTTAATGTCCTGG_003,34
CGAAACGTTTAATGTCCTGG_004,12
CGAAACGTTTAATGTCCTGG_005,134
CGAAACGTTTAATGTCCTGG_006,40
CGAAACGTTTAATGTCCTGG_007,20
CGAAACGTTTAATGTCCTGG_008,49
CGAAACGTTTAATGTCCTGG_009,66
CGAAACGTTTAATGTCCTGG_010,42
CGAAACGTTTAATGTCCTGG_011,94
ACTTACCACCGACCATGCAT_001,81
ACTTACCACCGACCATGCAT_002,19
ACTTACCACCGACCATGCAT_003,60
ACTTACCACCGACCATGCAT_004,159
ACTTACCACCGACCATGCAT_005,71
ACTTACCACCGACCATGCAT_006,162
ACTTACCACCGACCATGCAT_007,115
ACTTACCACCGACCATGCAT_008,19
ACTTACCACCGACCATGCAT_009,124
ACTTACCACCGACCATGCAT_010,55
ACGCGCCGTGGACACAGACG_001,29
GGCGTGTCATGAGGTTGGTG_001,29
GGCGTGTCATGAGGTTGGTG_002,127
GGCGTGTCATGAGGTTGGTG_003,81
GGCGTGTCATGAGGTTGGTG_004,158
GGCGTGTCATGAGGTTGGTG_005,158
GGCGTGTCATGAGGTTGGTG_006,169
GGCGTGTCATGAGGTTGGTG_007,84
GGCGTGTCATGAGGTTGGTG_008,184
GGCGTGTCATGAGGTTGGTG_009,3
GGCGTGTCATGAGGTTGGTG_010,113
GGCGTGTCATGAGGTTGGTG_011,29
GGCGTGTCATGAGGTTGGTG_012,52
GGCGTGTCATGAGGTTGGTG_013,17
GGCGTGTCATGAGGTTGGTG_014,50
GGCGTGTCATGAGGTTGGTG_015,149
GGCGTGTCATGAGGTTGGTG_016,149
GGCGTGTCATGAGGTTGGTG_017,46
GGCGTGTCATGAGGTTGGTG_018,174
GGCGTGTCATGAGGTTGGTG_019,90
CCCGGACCCGAAAGTCAAGT_001,113
CCCGGACCCGAAAGTCAAGT_002,43
CCCGGACCCGAAAGTCAAGT_003,10
CCCGGACCCGAAAGTCAAGT_004,137
CCCGGACCCGAAAGTCAAGT_005,79
CCCGGACCCGAAAGTCAAGT_006,183
CCCGGACCCGAAAGTCAAGT_007,150
CCCGGACCCGAAAGTCAAGT_008,0
CCCGGACCCGAAAGTCAAGT_009,136
TGGTGGCTGCTGCAGCTCTG_001,192
AGACATGCATCAGATCCATG_001,193
AGACATGCATCAGATCCATG_002,135
AGACATGCATCAGATCCATG_003,123
AGACATGCATCAGATCCATG_004,143
AGACATGCATCAGATCCATG_005,84
AGACATGCATCAGATCCATG_006,149
AGACATGCATCAGATCCATG_007,1
AGACATGCATCAGATCCATG_008,82
AGACATGCATCAGATCCATG_009,140
AGACATGCATCAGATCCATG_010,177
AGACATGCATCAGATCCATG_011,52
AGACATGCATCAGATCCATG_012,135
GAGAAAGAAGGTTGATCCTG_001,53
GAGAAAGAAGGTTGATCCTG_002,141
GAGAAAGAAGGTTGATCCTG_003,177
GAGAAAGAAGGTTGATCCTG_004,2
GAGAAAGAAGGTTGATCCTG_005,199
GAGAAAGAAGGTTGATCCTG_006,127
GAGAAAGAAGGTTGATCCTG_007,169
GAGAAAGAAGGTTGATCCTG_008,19
GAGAAAGAAGGTTGATCCTG_009,42
GAGAAAGAAGGTTGATCCTG_010,88
GAGAAAGAAGGTTGATCCTG_011,182
CAAATACCAGTAATCCCGGG_001,162
CAAATACCAGTAATCCCGGG_002,41
CAAATACCAGTAATCCCGGG_003,70
CAAATACCAGTAATCCCGGG_004,121
CAAATACCAGTAATCCCGGG_005,117
AACAGACCAGAAGATTACCA_001,117
GTGGTTTACTTAGGATGCCG_001,8
GTGGTTTACTTAGGATGCCG_002,140
GTGGTTTACTTAGGATGCCG_003,33
CCATCATCAGATGAAACATG_001,70
CCATCATCAGATGAAACATG_002,180
AAATTGTTCCTCGAGATCTG_001,166
AAATTGTTCCTCGAGATCTG_002,37
AAATTGTTCCTCGAGATCTG_003,35
AAATTGTTCCTCGAGATCTG_004,62
AAATTGTTCCTCGAGATCTG_005,72
AAATTGTTCCTCGAGATCTG_006,152
AAATTGTTCCTCGAGATCTG_007,1
AAATTGTTCCTCGAGATCTG_008,16
AAATTGTTCCTCGAGATCTG_009,69
AAATTGTTCCTCGAGATCTG_010,50
AAATTGTTCCTCGAGATCTG_011,168
AAATTGTTCCTCGAGATCTG_012,169
AAATTGTTCCTCGAGATCTG_013,48
AAATTGTTCCTCGAGATCTG_014,150
AAATTGTTCCTCGAGATCTG_015,170
AAATTGTTCCTCGAGATCTG_016,138
AAATTGTTCCTCGAGATCTG_017,49
AAATTGTTCCTCGAGATCTG_018,56
AAATTGTTCCTCGAGATCTG_019,127
AAATTGTTCCTCGAGATCTG_020,21
AAATTGTTCCTCGAGATCTG_021,166
AAATTGTTCCTCGAGATCTG_022,16
GAGGCACCACGCCCGCACTT_001,61
GAGGCACCACGCCCGCACTT_002,29
GAGGCACCACGCCCGCACTT_003,184
GAGGCACCACGCCCGCACTT_004,49
GAGGCACCACGCCCGCACTT_005,146
GAGGCACCACGCCCGCACTT_006,188
GAGGCACCACGCCCGCACTT_007,70
GAGGCACCACGCCCGCACTT_008,72
GAGGCACCACGCCCGCACTT_009,72
GAGGCACCACGCCCGCACTT_010,34
GAGGCACCACGCCCGCACTT_011,48
GAGGCACCACGCCCGCACTT_012,1
GAGGCACCACGCCCGCACTT_013,77
GAGGCACCACGCCCGCACTT_014,47
GAGGCACCACGCCCGCACTT_015,17
GAGGCACCACGCCCGCACTT_016,68
GAGGCACCACGCCCGCACTT_017,1
GAGGCACCACGCCCGCACTT_018,170
GAGGCACCACGCCCGCACTT_019,191
GAGGCACCACGCCCGCACTT_020,10
GAGGCACCACGCCCGCACTT_021,191
GAGGCACCACGCCCGCACTT_022,152
TAATTGTGATAGATCCACCA_001,143
AGGTGATAAACTTTCCACGG_001,78
AGGTGATAAACTTTCCACGG_002,36
AGGTGATAAACTTTCCACGG_003,165
AAATCTCTTGCGATGCACTG_001,103
AAATCTCTTGCGATGCACTG_002,29
AAATCTCTTGCGATGCACTG_003,57
AAATCTCTTGCGATGCACTG_004,163
AAATCTCTTGCGATGCACTG_005,156
AAATCTCTTGCGATGCACTG_006,141
AAATCTCTTGCGATGCACTG_007,104
AAATCTCTTGCGATGCACTG_008,40
CATGCTAATGACGGTCTCGG_001,117
CATGCTAATGACGGTCTCGG_002,153
CATGCTAATGACGGTCTCGG_003,29
CATGCTAATGACGGTCTCGG_004,79
CATGCTAATGACGGTCTCGG_005,120
CATGCTAATGACGGTCTCGG_006,68
CATGCTAATGACGGTCTCGG_007,111
CATGCTAATGACGGTCTCGG_008,117
CATGCTAATGACGGTCTCGG_009,174
CATGCTAATGACGGTCTCGG_010,118
CATGCTAATGACGGTCTCGG_011,39
CATGCTAATGACGGTCTCGG_012,6
ACCCGTTGCTCTATCTTCGT_001,136
ACCTCCCCTGAGAAGAGCAG_001,171
ACCTCCCCTGAGAAGAGCAG_002,151
ACCTCCCCTGAGAAGAGCAG_003,15
ACCTCCCCTGAGAAGAGCAG_004,76
ACCTCCCCTGAGAAGAGCAG_005,62
ACCTCCCCTGAGAAGAGCAG_006,170
CAGCGACAAAAAATAAAGCT_001,101
CAGCGACAAAAAATAAAGCT_002,168
TGGCGGAGGACAGCGCACGT_001,85
TGGCGGAGGACAGCGCACGT_002,92
TGGCGGAGGACAGCGCACGT_003,139
TGGCGGAGGACAGCGCACGT_004,185
TGGCGGAGGACAGCGCACGT_005,176
TGGCGGAGGACAGCGCACGT_006,137
TGGCGGAGGACAGCGCACGT_007,184
TGGCGGAGGACAGCGCACGT_008,7
TGGCGGAGGACAGCGCACGT_009,138
TGGCGGAGGACAGCGCACGT_010,149
CCCAGGGTGAGGCTTACACC_001,75
CCCAGGGTGAGGCTTACACC_002,168
CCCAGGGTGAGGCTTACACC_003,36
CCCAGGGTGAGGCTTACACC_004,112
CCCAGGGTGAGGCTTACACC_005,150
CCCAGGGTGAGGCTTACACC_006,106
GCCCCGCAAGGAATTAACCT_001,56
GCCCCGCAAGGAATTAACCT_002,77
GCCCCGCAAGGAATTAACCT_003,138
GCCCCGCAAGGAATTAACCT_004,77
GCCCCGCAAGGAATTAACCT_005,136
GCCCCGCAAGGAATTAACCT_006,178
TGCATAGGCCCAACGAAGCA_001,1
TGCATAGGCCCAACGAAGCA_002,1
TGCATAGGCCCAACGAAGCA_003,180
TGCATAGGCCCAACGAAGCA_004,172
TGCATAGGCCCAACGAAGCA_005,193
TGCATAGGCCCAACGAAGCA_006,157
TGCATAGGCCCAACGAAGCA_007,14
TGCATAGGCCCAACGAAGCA_008,140
TGCATAGGCCCAACGAAGCA_009,1
TGCATAGGCCCAACGAAGCA_010,21
TGCATAGGCCCAACGAAGCA_011,162
TGCATAGGCCCAACGAAGCA_012,16
TGCATAGGCCCAACGAAGCA_013,149
TGCATAGGCCCAACGAAGCA_014,119
TGCATAGGCCCAACGAAGCA_015,104
TGCATAGGCCCAACGAAGCA_016,66
TGCATAGGCCCAACGAAGCA_017,68
TGCATAGGCCCAACGAAGCA_018,0
TGCATAGGCCCAACGAAGCA_019,28
TGCATAGGCCCAACGAAGCA_020,48
TGCATAGGCCCAACGAAGCA_021,63
CCCAAATCGTCCAGTCCAAG_001,174
CCCAAATCGTCCAGTCCAAG_002,134
CCCAAATCGTCCAGTCCAAG_003,186
CCCAAATCGTCCAGTCCAAG_004,186
CCCAAATCGTCCAGTCCAAG_005,61
CCCAAATCGTCCAGTCCAAG_006,86
CCCAAATCGTCCAGTCCAAG_007,144
CCCAAATCGTCCAGTCCAAG_008,168
CCCAAATCGTCCAGTCCAAG_009,65
CCCAAATCGTCCAGTCCAAG_010,184
CCACTCACCCCCACAAAGCT_001,14
CCACTCACCCCCACAAAGCT_002,106
CCACTCACCCCCACAAAGCT_003,138
CCACTCACCCCCACAAAGCT_004,94
CCACTCACCCCCACAAAGCT_005,143
CCACTCACCCCCACAAAGCT_006,160
CCACTCACCCCCACAAAGCT_007,169
CCACTCACCCCCACAAAGCT_008,118
CCACTCACCCCCACAAAGCT_009,105
CCACTCACCCCCACAAAGCT_010,1
CCACTCACCCCCACAAAGCT_011,193
CCACTCACCCCCACAAAGCT_012,184
CCACTCACCCCCACAAAGCT_013,70
CCACTCACCCCCACAAAGCT_014,127
CAGCATCGAGTATAAGACGT_001,0
CAGCATCGAGTATAAGACGT_002,88
CAGCATCGAGTATAAGACGT_003,7
CAGCATCGAGTATAAGACGT_004,168
AAGCCGGGCCTGAAAAGGTG_001,174
AAGCCGGGCCTGAAAAGGTG_002,68
AAGCCGGGCCTGAAAAGGTG_003,67
AAGCCGGGCCTGAAAAGGTG_004,133
CAGTATCATTAAAGAACACG_001,94
CCCCAGAGGATACATACCTG_001,118
CCCCAGAGGATACATACCTG_002,116
CCCCAGAGGATACATACCTG_003,12
CCCCAGAGGATACATACCTG_004,70
CCCCAGAGGATACATACCTG_005,63
CCCCAGAGGATACATACCTG_006,194
CCCCAGAGGATACATACCTG_007,17
CCCCAGAGGATACATACCTG_008,2
CCCCAGAGGATACATACCTG_009,15
CCCCAGAGGATACATACCTG_010,81
CCCCAGAGGATACATACCTG_011,104
CCCCAGAGGATACATACCTG_012,21
CCCCAGAGGATACATACCTG_013,123
GTGGCTGCAGCTGACACATG_001,42
GTGGCTGCAGCTGACACATG_002,80
GTGGCTGCAGCTGACACATG_003,197
GTGGCTGCAGCTGACACATG_004,30
GTGGCTGCAGCTGACACATG_005,107
GTGGCTGCAGCTGACACATG_006,111
GTGGCTGCAGCTGACACATG_007,86
GTGGCTGCAGCTGACACATG_008,191
GTGGCTGCAGCTGACACATG_009,34
GTGGCTGCAGCTGACACATG_010,197
CTCCTCGTGCAGCACTGCGA_001,182
CTCCTCGTGCAGCACTGCGA_002,128
CTCCTCGTGCAGCACTGCGA_003,168
CTCCTCGTGCAGCACTGCGA_004,175
CTCCTCGTGCAGCACTGCGA_005,170
CTCCTCGTGCAGCACTGCGA_006,154
CTCCTCGTGCAGCACTGCGA_007,170
CTCCTCGTGCAGCACTGCGA_008,194
CTCCTCGTGCAGCACTGCGA_009,187
CTCCTCGTGCAGCACTGCGA_010,59
CTCCTCGTGCAGCACTGCGA_011,133
CTCCTCGTGCAGCACTGCGA_012,78
CTCCTCGTGCAGCACTGCGA_013,117
CTCCTCGTGCAGCACTGCGA_014,98
CTCCTCGTGCAGCACTGCGA_015,86
CTCCTCGTGCAGCACTGCGA_016,116
CTCCTCGTGCAGCACTGCGA_017,141
CTCCTCGTGCAGCACTGCGA_018,43
CTCCTCGTGCAGCACTGCGA_019,73
CTCCTCGTGCAGCACTGCGA_020,98
CTCCTCGTGCAGCACTGCGA_021,125
CTCCTCGTGCAGCACTGCGA_022,50
CTCCTCGTGCAGCACTGCGA_023,145
CTCCTCGTGCAGCACTGCGA_024,88
CTCCTCGTGCAGCACTGCGA_025,168
CTCCTCGTGCAGCACTGCGA_026,152
CATATCCCATCACAGCAATG_001,192
CATATCCCATCACAGCAATG_002,1
CATATCCCATCACAGCAATG_003,44
CATATCCCATCACAGCAATG_004,186
CATATCCCATCACAGCAATG_005,108
CATATCCCATCACAGCAATG_006,93
CATATCCCATCACAGCAATG_007,11
CATATCCCATCACAGCAATG_008,169
CATATCCCATCACAGCAATG_009,68
CATATCCCATCACAGCAATG_010,175
CATATCCCATCACAGCAATG_011,35
ATTGGTACCAAGTCACACAA_001,41
ATTGGTACCAAGTCACACAA_002,186
ATTGGTACCAAGTCACACAA_003,2
ATTGGTACCAAGTCACACAA_004,156
ATTGGTACCAAGTCACACAA_005,52
ATTGGTACCAAGTCACACAA_006,8
ATTGGTACCAAGTCACACAA_007,50
ATTGGTACCAAGTCACACAA_008,8
AAGACTAGTCTGAATCGTAG_001,50
AAGACTAGTCTGAATCGTAG_002,53
AAGACTAGTCTGAATCGTAG_003,117
AAGACTAGTCTGAATCGTAG_004,103
AAGACTAGTCTGAATCGTAG_005,91
AAGACTAGTCTGAATCGTAG_006,48
AAGACTAGTCTGAATCGTAG_007,1
TCCAAGTCAAGACCAACTGA_001,121
TCCAAGTCAAGACCAACTGA_002,199
TCCAAGTCAAGACCAACTGA_003,176
TCCAAGTCAAGACCAACTGA_004,133
TCCAAGTCAAGACCAACTGA_005,33
GGTCCCCATTACGTCCCGAG_001,176
GGTCCCCATTACGTCCCGAG_002,81
TCAGGTCACCAAACTTACCC_001,69
TCAGGTCACCAAACTTACCC_002,8
TCAGGTCACCAAACTTACCC_003,28
TCAGGTCACCAAACTTACCC_004,15
TCAGGTCACCAAACTTACCC_005,100
TCAGGTCACCAAACTTACCC_006,147
TCAGGTCACCAAACTTACCC_007,0
TCAGGTCACCAAACTTACCC_008,69
GACAGGTGTGTGGATATCAT_001,54
GACAGGTGTGTGGATATCAT_002,176
AAATCGTTCAGATCATCATG_001,94
AAATCGTTCAGATCATCATG_002,174
AAATCGTTCAGATCATCATG_003,179
AAATCGTTCAGATCATCATG_004,49
GAGATCGAGTCGCGCCTCGG_001,38
GAGATCGAGTCGCGCCTCGG_002,83
GAGATCGAGTCGCGCCTCGG_003,4
GAGATCGAGTCGCGCCTCGG_004,162
GAGATCGAGTCGCGCCTCGG_005,141
GAGATCGAGTCGCGCCTCGG_006,2
GAGATCGAGTCGCGCCTCGG_007,81
GAGATCGAGTCGCGCCTCGG_008,158
GAGATCGAGTCGCGCCTCGG_009,154
GAGATCGAGTCGCGCCTCGG_010,198
GAGATCGAGTCGCGCCTCGG_011,31
GAGATCGAGTCGCGCCTCGG_012,91
GAGATCGAGTCGCGCCTCGG_013,112
GAGATCGAGTCGCGCCTCGG_014,7
GAGATCGAGTCGCGCCTCGG_015,47
GAGATCGAGTCGCGCCTCGG_016,142
GAGATCGAGTCGCGCCTCGG_017,6
GAGATCGAGTCGCGCCTCGG_018,33
GAGATCGAGTCGCGCCTCGG_019,18
GAGATCGAGTCGCGCCTCGG_020,69
CAGCTTGAGGCACATAACAA_001,18
CAGCTTGAGGCACATAACAA_002,31
CAGCTTGAGGCACATAACAA_003,89
CAGCTTGAGGCACATAACAA_004,95
CAGCTTGAGGCACATAACAA_005,135
CAGCTTGAGGCACATAACAA_006,80
CAGCTTGAGGCACATAACAA_007,101
CAGCTTGAGGCACATAACAA_008,62
CAGCTTGAGGCACATAACAA_009,147
CAGCTTGAGGCACATAACAA_010,19
CAGCTTGAGGCACATAACAA_011,164
CAGCTTGAGGCACATAACAA_012,88
CAGCTTGAGGCACATAACAA_013,2
CAGCTTGAGGCACATAACAA_014,184
CAGCTTGAGGCACATAACAA_015,17
CAGCTTGAGGCACATAACAA_016,101
CAGCTTGAGGCACATAACAA_017,129
CAGCTTGAGGCACATAACAA_018,94
CAGCTTGAGGCACATAACAA_019,58
CAGCTTGAGGCACATAACAA_020,144
CAGCTTGAGGCACATAACAA_021,107
CAGCTTGAGGCACATAACAA_022,74
CAGCTTGAGGCACATAACAA_023,158
CACTTACCCTATGACGATGC_001,139
CACTTACCCTATGACGATGC_002,75
CACTTACCCTATGACGATGC_003,171
TACCTCAACCGGAAGCGGCG_001,146
TACCTCAACCGGAAGCGGCG_002,40
TACCTCAACCGGAAGCGGCG_003,106
TACCTCAACCGGAAGCGGCG_004,145
TACCTCAACCGGAAGCGGCG_005,73
TACCTCAACCGGAAGCGGCG_006,2
TACCTCAACCGGAAGCGGCG_007,158
TACCTCAACCGGAAGCGGCG_008,187
TACCTCAACCGGAAGCGGCG_009,81
TACCTCAACCGGAAGCGGCG_010,85
TACCTCAACCGGAAGCGGCG_011,88
TACCTCAACCGGAAGCGGCG_012,112
TACCTCAACCGGAAGCGGCG_013,74
TACCTCAACCGGAAGCGGCG_014,13
TACCTCAACCGGAAGCGGCG_015,169
TACCTCAACCGGAAGCGGCG_016,95
TACCTCAACCGGAAGCGGCG_017,69
TACCTCAACCGGAAGCGGCG_018,106
TACCTCAACCGGAAGCGGCG_019,179
TACCTCAACCGGAAGCGGCG_020,102
TACCTCAACCGGAAGCGGCG_021,34
TACCTCAACCGGAAGCGGCG_022,182
AATTCGGGTGAAGTTATCTG_001,86
AATTCGGGTGAAGTTATCTG_002,188
AATTCGGGTGAAGTTATCTG_003,140
AATTCGGGTGAAGTTATCTG_004,41
AATTCGGGTGAAGTTATCTG_005,41
AATTCGGGTGAAGTTATCTG_006,107
AATTCGGGTGAAGTTATCTG_007,38
AATTCGGGTGAAGTTATCTG_008,136
AATTCGGGTGAAGTTATCTG_009,14
ATAAACTAAAACCCTACATG_001,97
ATAAACTAAAACCCTACATG_002,144
ATAAACTAAAACCCTACATG_003,138
ATAAACTAAAACCCTACATG_004,16
ATAAACTAAAACCCTACATG_005,140
ATAAACTAAAACCCTACATG_006,177
ATAAACTAAAACCCTACATG_007,136
ATAAACTAAAACCCTACATG_008,105
ATAAACTAAAACCCTACATG_009,35
ATAAACTAAAACCCTACATG_010,141
TATACTGATTCAGCTCCGGG_001,7
TATACTGATTCAGCTCCGGG_002,23
TATACTGATTCAGCTCCGGG_003,82
TATACTGATTCAGCTCCGGG_004,160
TATACTGATTCAGCTCCGGG_005,25
TATACTGATTCAGCTCCGGG_006,55
GCCATGCTTTAAGCGCTGGG_001,189
GCCATGCTTTAAGCGCTGGG_002,154
GCCATGCTTTAAGCGCTGGG_003,37
GCCATGCTTTAAGCGCTGGG_004,5
GCCATGCTTTAAGCGCTGGG_005,174
GCCATGCTTTAAGCGCTGGG_006,166
CCTTACCCTACAGACAGTGC_001,170
CCTTACCCTACAGACAGTGC_002,185
CCTTACCCTACAGACAGTGC_003,3
CCTTACCCTACAGACAGTGC_004,142
CCTTACCCTACAGACAGTGC_005,62
CTACTGTACAGCAAACAGAC_001,40
CTACTGTACAGCAAACAGAC_002,109
CTACTGTACAGCAAACAGAC_003,94
CTACTGTACAGCAAACAGAC_004,187
CTACTGTACAGCAAACAGAC_005,194
CTACTGTACAGCAAACAGAC_006,102
CTACTGTACAGCAAACAGAC_007,193
TGTCTCCGTGATGATCACAG_001,112
TGTCTCCGTGATGATCACAG_002,75
TGTCTCCGTGATGATCACAG_003,8
TGTCTCCGTGATGATCACAG_004,16
TGTCTCCGTGATGATCACAG_005,160
TGTCTCCGTGATGATCACAG_006,18
TGTCTCCGTGATGATCACAG_007,77
CCTGTCAGATAAGGGGCGAC_001,53
CCTGTCAGATAAGGGGCGAC_002,169
CCTGTCAGATAAGGGGCGAC_003,34
CCTGTCAGATAAGGGGCGAC_004,99
ATGCAGAACGATCGACTCGG_001,1
ATGCAGAACGATCGACTCGG_002,6
ATGCAGAACGATCGACTCGG_003,137
ATGCAGAACGATCGACTCGG_004,76
ATGCAGAACGATCGACTCGG_005,44
ATGCAGAACGATCGACTCGG_006,76
ATGCAGAACGATCGACTCGG_007,89
ATGCAGAACGATCGACTCGG_008,178
ATGCAGAACGATCGACTCGG_009,9
ATGCAGAACGATCGACTCGG_010,142
ATGCAGAACGATCGACTCGG_011,74
CAAATGTAAACGTACCTGCA_001,143
CAAATGTAAACGTACCTGCA_002,143
CAAATGTAAACGTACCTGCA_003,133
CAAATGTAAACGTACCTGCA_004,179
CAAATGTAAACGTACCTGCA_005,184
CAAATGTAAACGTACCTGCA_006,105
CAAATGTAAACGTACCTGCA_007,127
CAAATGTAAACGTACCTGCA_008,60
CAAATGTAAACGTACCTGCA_009,176
CAAATGTAAACGTACCTGCA_010,47
CAAATGTAAACGTACCTGCA_011,162
CAAATGTAAACGTACCTGCA_012,58
CAAATGTAAACGTACCTGCA_013,12
CAAATGTAAACGTACCTGCA_014,4
CAAATGTAAACGTACCTGCA_015,69
CAAATGTAAACGTACCTGCA_016,33
CAAATGTAAACGTACCTGCA_017,70
CAAATGTAAACGTACCTGCA_018,182
TTCCCGTCCCTGTACGACCG_001,172
TTCCCGTCCCTGTACGACCG_002,122
TTCCCGTCCCTGTACGACCG_003,168
TTCCCGTCCCTGTACGACCG_004,68
TTCCCGTCCCTGTACGACCG_005,118
TTCCCGTCCCTGTACGACCG_006,34
GATTGTGTGACCATGCTCTG_001,188
GATTGTGTGACCATGCTCTG_002,185
CAAGTGGCTCTCTACGAGCG_001,169
CAAGTGGCTCTCTACGAGCG_002,93
AGGTCGGCCGAACATACGGT_001,5
AGGTCGGCCGAACATACGGT_002,34
AGGTCGGCCGAACATACGGT_003,58
AGGTCGGCCGAACATACGGT_004,179
AGGTCGGCCGAACATACGGT_005,141
AGGTCGGCCGAACATACGGT_006,78
AGGTCGGCCGAACATACGGT_007,17
AGGTCGGCCGAACATACGGT_008,56
AGGTCGGCCGAACATACGGT_009,91
AGGTCGGCCGAACATACGGT_010,194
AGGTCGGCCGAACATACGGT_011,176
AGGTCGGCCGAACATACGGT_012,190
AGGTCGGCCGAACATACGGT_013,175
AGGTCGGCCGAACATACGGT_014,14
AGGTCGGCCGAACATACGGT_015,98
AGGTCGGCCGAACATACGGT_016,3
AGGTCGGCCGAACATACGGT_017,197
AGGTCGGCCGAACATACGGT_018,99
AGGTCGGCCGAACATACGGT_019,97
AGGTCGGCCGAACATACGGT_020,26
AGGTCGGCCGAACATACGGT_021,28
AGGTCGGCCGAACATACGGT_022,180
ACGTCCTGTTACACCAAAAG_001,55
ACGTCCTGTTACACCAAAAG_002,15
ACGTCCTGTTACACCAAAAG_003,138
ACGTCCTGTTACACCAAAAG_004,159
ACGTCCTGTTACACCAAAAG_005,28
ACGTCCTGTTACACCAAAAG_006,19
ACGTCCTGTTACACCAAAAG_007,16
ACGTCCTGTTACACCAAAAG_008,188
ACGTCCTGTTACACCAAAAG_009,162
ACGTCCTGTTACACCAAAAG_010,145
TCGGATCCACAAAGTTCATG_001,73
TCGGATCCACAAAGTTCATG_002,154
TCGGATCCACAAAGTTCATG_003,78
TCGGATCCACAAAGTTCATG_004,49
TCGGATCCACAAAGTTCATG_005,129
TCGGATCCACAAAGTTCATG_006,172
TCGGATCCACAAAGTTCATG_007,20
TCGGATCCACAAAGTTCATG_008,38
TCGGATCCACAAAGTTCATG_009,38
TCGGATCCACAAAGTTCATG_010,34
TCGGATCCACAAAGTTCATG_011,147
TCGGATCCACAAAGTTCATG_012,28
TCGGATCCACAAAGTTCATG_013,10
TCGGATCCACAAAGTTCATG_014,108
TCGGATCCACAAAGTTCATG_015,37
TCGGATCCACAAAGTTCATG_016,142
GAAGCCCCTTGATTCTACAG_001,4
GAAGCCCCTTGATTCTACAG_002,95
GAAGCCCCTTGATTCTACAG_003,77
GAAGCCCCTTGATTCTACAG_004,45
GAAGCCCCTTGATTCTACAG_005,32
GAAGCCCCTTGATTCTACAG_006,58
GAAGCCCCTTGATTCTACAG_007,105
GAAGCCCCTTGATTCTACAG_008,41
GAAGCCCCTTGATTCTACAG_009,160
GAAGCCCCTTGATTCTACAG_010,116
GAAGCCCCTTGATTCTACAG_011,81
GAAGCCCCTTGATTCTACAG_012,48
AGGAGCGATTCCGAAGCCTG_001,134
AGGAGCGATTCCGAAGCCTG_002,145
AGGAGCGATTCCGAAGCCTG_003,160
AGGAGCGATTCCGAAGCCTG_004,53
AGGAGCGATTCCGAAGCCTG_005,19
AGGAGCGATTCCGAAGCCTG_006,176
AGGAGCGATTCCGAAGCCTG_007,145
AGGAGCGATTCCGAAGCCTG_008,115
AGGAGCGATTCCGAAGCCTG_009,169
AGGAGCGATTCCGAAGCCTG_010,184
AGGAGCGATTCCGAAGCCTG_011,84
AGGAGCGATTCCGAAGCCTG_012,5
AGGAGCGATTCCGAAGCCTG_013,22
AGGAGCGATTCCGAAGCCTG_014,76
AGGAGCGATTCCGAAGCCTG_015,21
AGGAGCGATTCCGAAGCCTG_016,93
AGGAGCGATTCCGAAGCCTG_017,150
AGGAGCGATTCCGAAGCCTG_018,137
AGGAGCGATTCCGAAGCCTG_019,115
AGGAGCGATTCCGAAGCCTG_020,152
AGGAGCGATTCCGAAGCCTG_021,81
AGGAGCGATTCCGAAGCCTG_022,61
AGGAGCGATTCCGAAGCCTG_023,61
CCCAGCCCTGATGCACGCGG_001,191
CCCAGCCCTGATGCACGCGG_002,172
CCCAGCCCTGATGCACGCGG_003,104
CCCAGCCCTGATGCACGCGG_004,3
CCCAGCCCTGATGCACGCGG_005,195
CCCAGCCCTGATGCACGCGG_006,185
CCCAGCCCTGATGCACGCGG_007,19
CCCAGCCCTGATGCACGCGG_008,83
CCCAGCCCTGATGCACGCGG_009,110
CCCAGCCCTGATGCACGCGG_010,16
GGCCAACTAGAGGAGTCTGA_001,36
GGCCAACTAGAGGAGTCTGA_002,65
GGCCAACTAGAGGAGTCTGA_003,14
GGCCAACTAGAGGAGTCTGA_004,77
AATGTAACCATCAAAGCCTG_001,102
AATGTAACCATCAAAGCCTG_002,176
AATGTAACCATCAAAGCCTG_003,115
AATGTAACCATCAAAGCCTG_004,50
AATGTAACCATCAAAGCCTG_005,10
AATGTAACCATCAAAGCCTG_006,148
AATGTAACCATCAAAGCCTG_007,187
AATTCTTACTGGATGTCTCG_001,2
AGAATTAGAAGAGAGTCCTG_001,32
AGAATTAGAAGAGAGTCCTG_002,193
AGAATTAGAAGAGAGTCCTG_003,191
AGAATTAGAAGAGAGTCCTG_004,48
AGAATTAGAAGAGAGTCCTG_005,43
AGAATTAGAAGAGAGTCCTG_006,162
AGAATTAGAAGAGAGTCCTG_007,116
AGAATTAGAAGAGAGTCCTG_008,81
AGAATTAGAAGAGAGTCCTG_009,77
AGAATTAGAAGAGAGTCCTG_010,23
AGAATTAGAAGAGAGTCCTG_011,105
AGAATTAGAAGAGAGTCCTG_012,47
CGGCCACAGGAAGGACACTG_001,118
CGGCCACAGGAAGGACACTG_002,94
CGGCCACAGGAAGGACACTG_003,78
CGGCCACAGGAAGGACACTG_004,34
CGGCCACAGGAAGGACACTG_005,12
CGGCCACAGGAAGGACACTG_006,108
CGGCCACAGGAAGGACACTG_007,49
CGGCCACAGGAAGGACACTG_008,50
CGGCCACAGGAAGGACACTG_009,44
CGGCCACAGGAAGGACACTG_010,140
CGGCCACAGGAAGGACACTG_011,17
CGGCCACAGGAAGGACACTG_012,95
CGGCCACAGGAAGGACACTG_013,16
CGGCCACAGGAAGGACACTG_014,1
CGGCCACAGGAAGGACACTG_015,174
CGGCCACAGGAAGGACACTG_016,148
CGGCCACAGGAAGGACACTG_017,72
CGGCCACAGGAAGGACACTG_018,132
CGGCCACAGGAAGGACACTG_019,148
CGGCCACAGGAAGGACACTG_020,43
CGGCCACAGGAAGGACACTG_021,80
CGGCCACAGGAAGGACACTG_022,80
CGGCCACAGGAAGGACACTG_023,81
CGGCCACAGGAAGGACACTG_024,82
CGGCCACAGGAAGGACACTG_025,4
CGGCCACAGGAAGGACACTG_026,175
CGGCCACAGGAAGGACACTG_027,198
CGGCCACAGGAAGGACACTG_028,50
CGGCCACAGGAAGGACACTG_029,88
CGGCCACAGGAAGGACACTG_030,184
CGGCCACAGGAAGGACACTG_031,12
CGGCCACAGGAAGGACACTG_032,15
CGGCCACAGGAAGGACACTG_033,72
CGGCCACAGGAAGGACACTG_034,0
CGGCCACAGGAAGGACACTG_035,147
CGGCCACAGGAAGGACACTG_036,57
CGGCCACAGGAAGGACACTG_037,106
CGGCCACAGGAAGGACACTG_038,181
CGGCCACAGGAAGGACACTG_039,52
CGGCCACAGGAAGGACACTG_040,184
CGGCCACAGGAAGGACACTG_041,179
CGGCCACAGGAAGGACACTG_042,163
CGGCCACAGGAAGGACACTG_043,15
CGGCCACAGGAAGGACACTG_044,63
CGGCCACAGGAAGGACACTG_045,196
CGGCCACAGGAAGGACACTG_046,6
TGGTAAACATATGCAACACC_001,64
TGGTAAACATATGCAACACC_002,40
GCAACGGGGGTGATGCAGAG_001,98
GCAACGGGGGTGATGCAGAG_002,82
GCAACGGGGGTGATGCAGAG_003,194
GCAACGGGGGTGATGCAGAG_004,102
GCAACGGGGGTGATGCAGAG_005,62
GCAACGGGGGTGATGCAGAG_006,127
GCAACGGGGGTGATGCAGAG_007,188
GCAACGGGGGTGATGCAGAG_008,56
AGTTTACATGGTCCTACCCT_001,135
AGTTTACATGGTCCTACCCT_002,0
AGTTTACATGGTCCTACCCT_003,9
AGTTTACATGGTCCTACCCT_004,175
AGTTTACATGGTCCTACCCT_005,137
AGTTTACATGGTCCTACCCT_006,141
AGTTTACATGGTCCTACCCT_007,130
TAAACACCTCAACGATGACG_001,145
TAAACACCTCAACGATGACG_002,56
TAAACACCTCAACGATGACG_003,164
TAAACACCTCAACGATGACG_004,141
TTGACCTTAAAGCAGCAGGA_001,150
TTGACCTTAAAGCAGCAGGA_002,84
TTGACCTTAAAGCAGCAGGA_003,172
TTGACCTTAAAGCAGCAGGA_004,36
TTGACCTTAAAGCAGCAGGA_005,53
TTGACCTTAAAGCAGCAGGA_006,139
TTGACCTTAAAGCAGCAGGA_007,118
TTGACCTTAAAGCAGCAGGA_008,127
TTGACCTTAAAGCAGCAGGA_009,111
TTGACCTTAAAGCAGCAGGA_010,96
TTGACCTTAAAGCAGCAGGA_011,96
TTGACCTTAAAGCAGCAGGA_012,1
TTGACCTTAAAGCAGCAGGA_013,66
TTGACCTTAAAGCAGCAGGA_014,1
TTGACCTTAAAGCAGCAGGA_015,125
TTGACCTTAAAGCAGCAGGA_016,79
TTGACCTTAAAGCAGCAGGA_017,115
TTGACCTTAAAGCAGCAGGA_018,32
TTGACCTTAAAGCAGCAGGA_019,159
TTGACCTTAAAGCAGCAGGA_020,116
TTGACCTTAAAGCAGCAGGA_021,78
TTGACCTTAAAGCAGCAGGA_022,188
TTGACCTTAAAGCAGCAGGA_023,163
TAGCTTCCGAATTAACGTGT_001,9
TAGCTTCCGAATTAACGTGT_002,69
TAGCTTCCGAATTAACGTGT_003,148
TAGCTTCCGAATTAACGTGT_004,190
TAGCTTCCGAATTAACGTGT_005,1
TAGCTTCCGAATTAACGTGT_006,105
TAGCTTCCGAATTAACGTGT_007,148
TAGCTTCCGAATTAACGTGT_008,188
TAGCTTCCGAATTAACGTGT_009,8
TAGCTTCCGAATTAACGTGT_010,102
TAGCTTCCGAATTAACGTGT_011,10
TAGCTTCCGAATTAACGTGT_012,58
TAGCTTCCGAATTAACGTGT_013,185
GCGCTTTCACTGGACCGCGC_001,105
GCGCTTTCACTGGACCGCGC_002,199
GCGCTTTCACTGGACCGCGC_003,106
GCGCTTTCACTGGACCGCGC_004,129
GCGCTTTCACTGGACCGCGC_005,103
GCGCTTTCACTGGACCGCGC_006,157
GCGCTTTCACTGGACCGCGC_007,199
GCGCTTTCACTGGACCGCGC_008,60
GCGCTTTCACTGGACCGCGC_009,146
GCGCTTTCACTGGACCGCGC_010,141
GCGCTTTCACTGGACCGCGC_011,23
GCGCTTTCACTGGACCGCGC_012,25
GCGCTTTCACTGGACCGCGC_013,9
GCGCTTTCACTGGACCGCGC_014,115
GCGCTTTCACTGGACCGCGC_015,88
GCGCTTTCACTGGACCGCGC_016,147
GCGCTTTCACTGGACCGCGC_017,199
GCGCTTTCACTGGACCGCGC_018,113
GCGCTTTCACTGGACCGCGC_019,64
GCGCTTTCACTGGACCGCGC_020,122
GCGCTTTCACTGGACCGCGC_021,20
GCGCTTTCACTGGACCGCGC_022,187
GCGCTTTCACTGGACCGCGC_023,30
GCGCTTTCACTGGACCGCGC_024,2
GCGCTTTCACTGGACCGCGC_025,185
GCGCTTTCACTGGACCGCGC_026,76
GCGCTTTCACTGGACCGCGC_027,62
GCGCTTTCACTGGACCGCGC_028,93
GCGCTTTCACTGGACCGCGC_029,144
GCGCTTTCACTGGACCGCGC_030,115
GCGCTTTCACTGGACCGCGC_031,56
GCGCTTTCACTGGACCGCGC_032,52
GCGCTTTCACTGGACCGCGC_033,12
GCGCTTTCACTGGACCGCGC_034,63
GCGCTTTCACTGGACCGCGC_035,175
TCCACCACAACTTGATCAAG_001,75
TCCACCACAACTTGATCAAG_002,117
TCCACCACAACTTGATCAAG_003,106
GGCTGGACAACGATGTCAGG_001,74
GGCTGGACAACGATGTCAGG_002,96
GGCTGGACAACGATGTCAGG_003,18
GGCTGGACAACGATGTCAGG_004,158
GGCTGGACAACGATGTCAGG_005,40
GGCTGGACAACGATGTCAGG_006,102
GGCTGGACAACGATGTCAGG_007,30
GGCTGGACAACGATGTCAGG_008,173
GGCTGGACAACGATGTCAGG_009,50
GGCTGGACAACGATGTCAGG_010,169
GGCTGGACAACGATGTCAGG_011,28
GGCTGGACAACGATGTCAGG_012,40
GGCTGGACAACGATGTCAGG_013,112
GGCTGGACAACGATGTCAGG_014,160
AGGGCCAGAAACTAATGGAG_001,140
AGGGCCAGAAACTAATGGAG_002,148
CATAGGGTTGACATCCTCCA_001,158
CATAGGGTTGACATCCTCCA_002,178
CATAGGGTTGACATCCTCCA_003,178
CATAGGGTTGACATCCTCCA_004,40
CATAGGGTTGACATCCTCCA_005,146
CATAGGGTTGACATCCTCCA_006,95
CATAGGGTTGACATCCTCCA_007,40
CATAGGGTTGACATCCTCCA_008,151
CATAGGGTTGACATCCTCCA_009,156
CTCACCTGGGACCCAGCAGA_001,163
CTCACCTGGGACCCAGCAGA_002,103
CTCACCTGGGACCCAGCAGA_003,46
CTCACCTGGGACCCAGCAGA_004,138
CTCACCTGGGACCCAGCAGA_005,16
CTCACCTGGGACCCAGCAGA_006,177
CTCACCTGGGACCCAGCAGA_007,161
CTCACCTGGGACCCAGCAGA_008,58
CTCACCTGGGACCCAGCAGA_009,149
CTCACCTGGGACCCAGCAGA_010,169
CTCACCTGGGACCCAGCAGA_011,43
CTCACCTGGGACCCAGCAGA_012,115
CTCACCTGGGACCCAGCAGA_013,170
CTCACCTGGGACCCAGCAGA_014,121
CTCACCTGGGACCCAGCAGA_015,2
CTCACCTGGGACCCAGCAGA_016,15
CTCACCTGGGACCCAGCAGA_017,46
CTCACCTGGGACCCAGCAGA_018,142
CTGTACCCCCAGATTATAGA_001,140
CTGTACCCCCAGATTATAGA_002,56
CTGTACCCCCAGATTATAGA_003,127
CTGTACCCCCAGATTATAGA_004,142
CTGTACCCCCAGATTATAGA_005,120
GATACATGGCCGTCTGATAG_001,156
GATACATGGCCGTCTGATAG_002,136
GATACATGGCCGTCTGATAG_003,182
AGTAACCAACTTGTTGCTAT_001,197
AGTAACCAACTTGTTGCTAT_002,151
AGTAACCAACTTGTTGCTAT_003,170
GAGCAGACATCTCAACTCCA_001,115
GAGCAGACATCTCAACTCCA_002,53
GAGCAGACATCTCAACTCCA_003,188
GAGCAGACATCTCAACTCCA_004,98
GAGCAGACATCTCAACTCCA_005,17
GAGCAGACATCTCAACTCCA_006,56
GAGCAGACATCTCAACTCCA_007,169
GAGCAGACATCTCAACTCCA_008,88
GAGCAGACATCTCAACTCCA_009,17
GAGCAGACATCTCAACTCCA_010,165
GAGCAGACATCTCAACTCCA_011,20
GAGCAGACATCTCAACTCCA_012,21
GAGCAGACATCTCAACTCCA_013,103
GAGCAGACATCTCAACTCCA_014,187
AAAATGGTGCAGTCCCGCGT_001,119
AAAATGGTGCAGTCCCGCGT_002,172
AAAATGGTGCAGTCCCGCGT_003,11
AAAATGGTGCAGTCCCGCGT_004,85
AAAATGGTGCAGTCCCGCGT_005,25
AAAATGGTGCAGTCCCGCGT_006,140
AAAATGGTGCAGTCCCGCGT_007,84
AAAATGGTGCAGTCCCGCGT_008,16
AAAATGGTGCAGTCCCGCGT_009,114
AAAATGGTGCAGTCCCGCGT_010,153
AAAATGGTGCAGTCCCGCGT_011,185
TAGACAACATCGAAGTAGCT_001,37
TAGACAACATCGAAGTAGCT_002,49
TAGACAACATCGAAGTAGCT_003,94
TAGACAACATCGAAGTAGCT_004,127
TAGACAACATCGAAGTAGCT_005,15
TAGACAACATCGAAGTAGCT_006,104
TAGACAACATCGAAGTAGCT_007,114
TAGACAACATCGAAGTAGCT_008,91
TAGACAACATCGAAGTAGCT_009,52
TAGACAACATCGAAGTAGCT_010,50
TAGACAACATCGAAGTAGCT_011,90
TAGACAACATCGAAGTAGCT_012,58
TAGACAACATCGAAGTAGCT_013,0
TAGACAACATCGAAGTAGCT_014,172
TAGACAACATCGAAGTAGCT_015,0
TAGACAACATCGAAGTAGCT_016,180
TGGCTCGTGCATGACAGGAG_001,139
TGGCTCGTGCATGACAGGAG_002,105
TGGCTCGTGCATGACAGGAG_003,115
TGGCTCGTGCATGACAGGAG_004,72
TGGCTCGTGCATGACAGGAG_005,53
TGGCTCGTGCATGACAGGAG_006,13
TGGCTCGTGCATGACAGGAG_007,25
TGGCTCGTGCATGACAGGAG_008,61
TGGCTCGTGCATGACAGGAG_009,169
TGGCTCGTGCATGACAGGAG_010,141
TGGCTCGTGCATGACAGGAG_011,64
TGGCTCGTGCATGACAGGAG_012,83
TGGCTCGTGCATGACAGGAG_013,185
TGGCTCGTGCATGACAGGAG_014,118
TGGCTCGTGCATGACAGGAG_015,48
TGGCTCGTGCATGACAGGAG_016,153
TGGCTCGTGCATGACAGGAG_017,175
TGGCTCGTGCATGACAGGAG_018,106
CAGAAGATCATGGATCTGTA_001,152
CAGAAGATCATGGATCTGTA_002,144
CAGAAGATCATGGATCTGTA_003,108
CAGAAGATCATGGATCTGTA_004,110
CAGAAGATCATGGATCTGTA_005,105
ATACTTTACTATCAAATGGA_001,193
ATACTTTACTATCAAATGGA_002,166
ATACTTTACTATCAAATGGA_003,88
ATACTTTACTATCAAATGGA_004,84
ATACTTTACTATCAAATGGA_005,171
ACATATCAGGGCAATGCTGA_001,79
ACATATCAGGGCAATGCTGA_002,65
ACATATCAGGGCAATGCTGA_003,184
ACATATCAGGGCAATGCTGA_004,121
ACATATCAGGGCAATGCTGA_005,19
AGTTGTAGGGCTCCCGACGG_001,60
AGTTGTAGGGCTCCCGACGG_002,65
AGTTGTAGGGCTCCCGACGG_003,157
AGTTGTAGGGCTCCCGACGG_004,116
AGTTGTAGGGCTCCCGACGG_005,52
AGTTGTAGGGCTCCCGACGG_006,36
AGTTGTAGGGCTCCCGACGG_007,136
AGTTGTAGGGCTCCCGACGG_008,155
AGTTGTAGGGCTCCCGACGG_009,175
AGTTGTAGGGCTCCCGACGG_010,149
AGTTGTAGGGCTCCCGACGG_011,130
AGTTGTAGGGCTCCCGACGG_012,61
ATATCATAGAAATCGTTTAG_001,198
ATATCATAGAAATCGTTTAG_002,98
GGGATCCATAAATCACAAGG_001,179
GGGATCCATAAATCACAAGG_002,26
GGGATCCATAAATCACAAGG_003,112
GGGATCCATAAATCACAAGG_004,140
GGGATCCATAAATCACAAGG_005,188
GGGATCCATAAATCACAAGG_006,145
GGGCAGCCAGTAGCATGGCA_001,35
GGGCAGCCAGTAGCATGGCA_002,29
GGGCAGCCAGTAGCATGGCA_003,138
GGGCAGCCAGTAGCATGGCA_004,14
GGGCAGCCAGTAGCATGGCA_005,27
GGGCAGCCAGTAGCATGGCA_006,90
GGGCAGCCAGTAGCATGGCA_007,197
GGGCAGCCAGTAGCATGGCA_008,160
GGGCAGCCAGTAGCATGGCA_009,138
GGGCAGCCAGTAGCATGGCA_010,81
GGGCAGCCAGTAGCATGGCA_011,50
GGGCAGCCAGTAGCATGGCA_012,192
GGGCAGCCAGTAGCATGGCA_013,174
GGGCAGCCAGTAGCATGGCA_014,88
GGGCAGCCAGTAGCATGGCA_015,52
GGGCAGCCAGTAGCATGGCA_016,40
GGGCAGCCAGTAGCATGGCA_017,67
GGGCAGCCAGTAGCATGGCA_018,83
GGGCAGCCAGTAGCATGGCA_019,48
GGGCAGCCAGTAGCATGGCA_020,81
GGGCAGCCAGTAGCATGGCA_021,176
GGGCAGCCAGTAGCATGGCA_022,150
GGGCAGCCAGTAGCATGGCA_023,2
TCTAAGAGATTGTACGGCAT_001,166
TCTAAGAGATTGTACGGCAT_002,63
TCTAAGAGATTGTACGGCAT_003,16
TCTAAGAGATTGTACGGCAT_004,190
TCTAAGAGATTGTACGGCAT_005,147
GCTATTGGGCGTCCTAATGG_001,176
GGGGGCGCAAGGCACAATGT_001,170
GGGGGCGCAAGGCACAATGT_002,102
GGGGGCGCAAGGCACAATGT_003,181
GGGGGCGCAAGGCACAATGT_004,57
GGGGGCGCAAGGCACAATGT_005,78
GGGGGCGCAAGGCACAATGT_006,155
GGGGGCGCAAGGCACAATGT_007,184
GGGGGCGCAAGGCACAATGT_008,150
GGGGGCGCAAGGCACAATGT_009,184
GGGGGCGCAAGGCACAATGT_010,78
GGGGGCGCAAGGCACAATGT_011,55
GGGGGCGCAAGGCACAATGT_012,134
GGGGGCGCAAGGCACAATGT_013,118
GGGGGCGCAAGGCACAATGT_014,57
GGGGGCGCAAGGCACAATGT_015,17
GGGGGCGCAAGGCACAATGT_016,182
GGGGGCGCAAGGCACAATGT_017,150
GGGGGCGCAAGGCACAATGT_018,199
GGGGGCGCAAGGCACAATGT_019,149
GGGGGCGCAAGGCACAATGT_020,170
GGGGGCGCAAGGCACAATGT_021,90
GGGGGCGCAAGGCACAATGT_022,12
GGGGGCGCAAGGCACAATGT_023,141
CAAGCCCAATAAAGGTCCTG_001,101
CAAGCCCAATAAAGGTCCTG_002,101
CAAGCCCAATAAAGGTCCTG_003,34
CAAGCCCAATAAAGGTCCTG_004,34
CAAGCCCAATAAAGGTCCTG_005,66
CAAGCCCAATAAAGGTCCTG_006,127
CAAGCCCAATAAAGGTCCTG_007,88
CAAGCCCAATAAAGGTCCTG_008,138
CAAGCCCAATAAAGGTCCTG_009,13
CAAGCCCAATAAAGGTCCTG_010,148
CAAGCCCAATAAAGGTCCTG_011,9
CAAGCCCAATAAAGGTCCTG_012,175
CAAGCCCAATAAAGGTCCTG_013,40
CAAGCCCAATAAAGGTCCTG_014,186
CAAGCCCAATAAAGGTCCTG_015,32
CAAGCCCAATAAAGGTCCTG_016,19
CAAGCCCAATAAAGGTCCTG_017,84
CAAGCCCAATAAAGGTCCTG_018,147
CAAGCCCAATAAAGGTCCTG_019,67
GCTTTCCTGTTAGTCCATTG_001,171
GCTTTCCTGTTAGTCCATTG_002,8
CTTTCACAGAAACATCACTG_001,33
CTTTCACAGAAACATCACTG_002,102
CTTTCACAGAAACATCACTG_003,77
CTTTCACAGAAACATCACTG_004,52
CTTTCACAGAAACATCACTG_005,27
CTTTCACAGAAACATCACTG_006,147
CTTTCACAGAAACATCACTG_007,151
CTTTCACAGAAACATCACTG_008,23
CTTTCACAGAAACATCACTG_009,198
CTTTCACAGAAACATCACTG_010,131
CTTTCACAGAAACATCACTG_011,102
CTTTCACAGAAACATCACTG_012,39
ACTGAAACCAGAATACCTGC_001,149
ACTGAAACCAGAATACCTGC_002,37
ACTGAAACCAGAATACCTGC_003,94
ACTGAAACCAGAATACCTGC_004,174
ACTGAAACCAGAATACCTGC_005,41
ACTGAAACCAGAATACCTGC_006,168
ACTGAAACCAGAATACCTGC_007,142
ACTGAAACCAGAATACCTGC_008,130
ACTGAAACCAGAATACCTGC_009,58
ACTGAAACCAGAATACCTGC_010,29
CTTGCACGGCATACTCCCAC_001,192
CTTGCACGGCATACTCCCAC_002,148
AGAGTTGCGGAAACGCTACG_001,198
AGAGTTGCGGAAACGCTACG_002,17
AGAGTTGCGGAAACGCTACG_003,140
AGAGTTGCGGAAACGCTACG_004,49
AGAGTTGCGGAAACGCTACG_005,15
AGAGTTGCGGAAACGCTACG_006,106
AGAGTTGCGGAAACGCTACG_007,190
AGAGTTGCGGAAACGCTACG_008,50
AGAGTTGCGGAAACGCTACG_009,117
AGAGTTGCGGAAACGCTACG_010,9
AGAGTTGCGGAAACGCTACG_011,184
AGAGTTGCGGAAACGCTACG_012,151
AGAGTTGCGGAAACGCTACG_013,84
AGAGTTGCGGAAACGCTACG_014,106
AGAGTTGCGGAAACGCTACG_015,57
AGAGTTGCGGAAACGCTACG_016,98
AGGTTATTAGACTTCATCGG_001,181
AGGTTATTAGACTTCATCGG_002,58
AGGTTATTAGACTTCATCGG_003,17
AGGTTATTAGACTTCATCGG_004,144
ACCACAGCCTCTGTATGGAG_001,77
ACCACAGCCTCTGTATGGAG_002,101
ACCACAGCCTCTGTATGGAG_003,112
ACCACAGCCTCTGTATGGAG_004,101
ACCACAGCCTCTGTATGGAG_005,14
ACCACAGCCTCTGTATGGAG_006,72
ACCACAGCCTCTGTATGGAG_007,28
TGGAATCTCGTGTGGCACCG_001,147
TGGAATCTCGTGTGGCACCG_002,58
TGGAATCTCGTGTGGCACCG_003,187
TGGAATCTCGTGTGGCACCG_004,180
TGGAATCTCGTGTGGCACCG_005,142
TGGAATCTCGTGTGGCACCG_006,146
TGGAATCTCGTGTGGCACCG_007,147
TGGAATCTCGTGTGGCACCG_008,105
TGGAATCTCGTGTGGCACCG_009,172
TGGAATCTCGTGTGGCACCG_010,184
TGGAATCTCGTGTGGCACCG_011,50
AGGAACGCCAGAATGGCTGT_001,82
AGGAACGCCAGAATGGCTGT_002,148
AGGAACGCCAGAATGGCTGT_003,62
AGGAACGCCAGAATGGCTGT_004,136
TGCACGATTACTACTACCGA_001,57
TGCACGATTACTACTACCGA_002,177
TGCACGATTACTACTACCGA_003,98
CTATCTGAAGACAAACCGAG_001,69
CTATCTGAAGACAAACCGAG_002,159
CTATCTGAAGACAAACCGAG_003,27
CTATCTGAAGACAAACCGAG_004,181
CTATCTGAAGACAAACCGAG_005,193
CTATCTGAAGACAAACCGAG_006,144
CTATCTGAAGACAAACCGAG_007,60
CTATCTGAAGACAAACCGAG_008,62
CTATCTGAAGACAAACCGAG_009,49
CTATCTGAAGACAAACCGAG_010,87
CTATCTGAAGACAAACCGAG_011,140
CTATCTGAAGACAAACCGAG_012,20
CTATCTGAAGACAAACCGAG_013,125
AGTCCAAGGCAAGACACAAG_001,175
AGTCCAAGGCAAGACACAAG_002,197
AGTCCAAGGCAAGACACAAG_003,148
AGTCCAAGGCAAGACACAAG_004,70
AGTCCAAGGCAAGACACAAG_005,53
AGTCCAAGGCAAGACACAAG_006,170
AGTCCAAGGCAAGACACAAG_007,156
AGTCCAAGGCAAGACACAAG_008,119
AGTCCAAGGCAAGACACAAG_009,62
AGTCCAAGGCAAGACACAAG_010,143
AGTCCAAGGCAAGACACAAG_011,28
AGTCCAAGGCAAGACACAAG_012,149
AGTCCAAGGCAAGACACAAG_013,152
AGTCCAAGGCAAGACACAAG_014,26
AGTCCAAGGCAAGACACAAG_015,21
AGGACAACCAAGCTGAGCCT_001,49
AGGACAACCAAGCTGAGCCT_002,166
AGGACAACCAAGCTGAGCCT_003,6
AGGACAACCAAGCTGAGCCT_004,177
AGGACAACCAAGCTGAGCCT_005,191
AGGACAACCAAGCTGAGCCT_006,17
AGGACAACCAAGCTGAGCCT_007,77
AGGACAACCAAGCTGAGCCT_008,106
AGGACAACCAAGCTGAGCCT_009,45
AGGACAACCAAGCTGAGCCT_010,182
AGGACAACCAAGCTGAGCCT_011,157
AGGACAACCAAGCTGAGCCT_012,16
AGGACAACCAAGCTGAGCCT_013,150
AGGACAACCAAGCTGAGCCT_014,108
AGGACAACCAAGCTGAGCCT_015,80
AGGACAACCAAGCTGAGCCT_016,36
AGGACAACCAAGCTGAGCCT_017,171
AGGACAACCAAGCTGAGCCT_018,169
AGGACAACCAAGCTGAGCCT_019,130
AGGACAACCAAGCTGAGCCT_020,179
AGGACAACCAAGCTGAGCCT_021,115
AGGACAACCAAGCTGAGCCT_022,34
AGGACAACCAAGCTGAGCCT_023,76
AGGACAACCAAGCTGAGCCT_024,117
AGGACAACCAAGCTGAGCCT_025,54
AGGACAACCAAGCTGAGCCT_026,95
AGGACAACCAAGCTGAGCCT_027,32
AGGACAACCAAGCTGAGCCT_028,27
AGGACAACCAAGCTGAGCCT_029,147
AGGACAACCAAGCTGAGCCT_030,17
AGGACAACCAAGCTGAGCCT_031,11
AGGACAACCAAGCTGAGCCT_032,11
AGGACAACCAAGCTGAGCCT_033,68
AGGACAACCAAGCTGAGCCT_034,166
AGGACAACCAAGCTGAGCCT_035,46
AGGACAACCAAGCTGAGCCT_036,159
AGGACAACCAAGCTGAGCCT_037,32
AGGACAACCAAGCTGAGCCT_038,15
AAGGGTAAAGTGCATAACTG_001,7
AAGGGTAAAGTGCATAACTG_002,73
AAGGGTAAAGTGCATAACTG_003,187
AAGGGTAAAGTGCATAACTG_004,137
AAGGGTAAAGTGCATAACTG_005,89
AAGGGTAAAGTGCATAACTG_006,84
AAGGGTAAAGTGCATAACTG_007,128
TATCTTCCCAGAGTTACTGG_001,157
TATCTTCCCAGAGTTACTGG_002,17
ACCATGGCTACCACTACTGG_001,126
ACCATGGCTACCACTACTGG_002,58
ACCATGGCTACCACTACTGG_003,177
ACCATGGCTACCACTACTGG_004,91
ACCATGGCTACCACTACTGG_005,182
ACCATGGCTACCACTACTGG_006,33
ACCATGGCTACCACTACTGG_007,18
GATATTATTCGGTTGACCAG_001,121
GATATTATTCGGTTGACCAG_002,9
GATATTATTCGGTTGACCAG_003,133
TGGCCATGGCACTTAAATAG_001,162
GAGGTAACAGATGATGCTGC_001,9
GAGGTAACAGATGATGCTGC_002,90
GAGGTAACAGATGATGCTGC_003,115
CACAGCCAATACCACCACTG_001,115
CACAGCCAATACCACCACTG_002,158
CACAGCCAATACCACCACTG_003,159
CACAGCCAATACCACCACTG_004,189
CACAGCCAATACCACCACTG_005,81
CACAGCCAATACCACCACTG_006,122
CACAGCCAATACCACCACTG_007,168
CTGCTGCGATATCCCCAAAG_001,136
CTGCTGCGATATCCCCAAAG_002,198
CTGCTGCGATATCCCCAAAG_003,174
GGCACGCCGTGGACCCCTCA_001,17
GGCACGCCGTGGACCCCTCA_002,151
GGCACGCCGTGGACCCCTCA_003,119
GGCACGCCGTGGACCCCTCA_004,10
GGCACGCCGTGGACCCCTCA_005,50
GGCACGCCGTGGACCCCTCA_006,121
GGCACGCCGTGGACCCCTCA_007,152
GGCACGCCGTGGACCCCTCA_008,138
GGCACGCCGTGGACCCCTCA_009,121
GGCACGCCGTGGACCCCTCA_010,115
GGCACGCCGTGGACCCCTCA_011,6
GGCACGCCGTGGACCCCTCA_012,154
GGCACGCCGTGGACCCCTCA_013,125
GGCACGCCGTGGACCCCTCA_014,184
GGCACGCCGTGGACCCCTCA_015,145
GGCACGCCGTGGACCCCTCA_016,20
GGCACGCCGTGGACCCCTCA_017,130
GGCACGCCGTGGACCCCTCA_018,2
GGCACGCCGTGGACCCCTCA_019,155
GGCACGCCGTGGACCCCTCA_020,105
GGCACGCCGTGGACCCCTCA_021,103
GGCACGCCGTGGACCCCTCA_022,1
GGCACGCCGTGGACCCCTCA_023,8
GGCACGCCGTGGACCCCTCA_024,27
GGCACGCCGTGGACCCCTCA_025,0
GGCACGCCGTGGACCCCTCA_026,156
GGCACGCCGTGGACCCCTCA_027,188
GGCACGCCGTGGACCCCTCA_028,138
GGCACGCCGTGGACCCCTCA_029,53
GGCACGCCGTGGACCCCTCA_030,65
GGCACGCCGTGGACCCCTCA_031,25
GGCACGCCGTGGACCCCTCA_032,191
GGCACGCCGTGGACCCCTCA_033,151
GGCACGCCGTGGACCCCTCA_034,55
GGCACGCCGTGGACCCCTCA_035,197
GGCACGCCGTGGACCCCTCA_036,4
GGCACGCCGTGGACCCCTCA_037,66
GGCACGCCGTGGACCCCTCA_038,66
GGCACGCCGTGGACCCCTCA_039,10
GGCACGCCGTGGACCCCTCA_040,9
GTCAAGAAGATCGTAATCCG_001,27
GTCAAGAAGATCGTAATCCG_002,9
GTCAAGAAGATCGTAATCCG_003,8
GTCAAGAAGATCGTAATCCG_004,23
GTCAAGAAGATCGTAATCCG_005,158
GTCAAGAAGATCGTAATCCG_006,5
GTCAAGAAGATCGTAATCCG_007,44
GTCAAGAAGATCGTAATCCG_008,55
GTCAAGAAGATCGTAATCCG_009,60
GTCAAGAAGATCGTAATCCG_010,131
GTCAAGAAGATCGTAATCCG_011,144
GTCAAGAAGATCGTAATCCG_012,83
GTCAAGAAGATCGTAATCCG_013,6
ATGGCTGGGAATGAATACAT_001,94
ATGGCTGGGAATGAATACAT_002,52
ACATCCGAGAGAATACTCGA_001,121
ACATCCGAGAGAATACTCGA_002,182
ACATCCGAGAGAATACTCGA_003,29
ACATCCGAGAGAATACTCGA_004,2
ACATCCGAGAGAATACTCGA_005,188
ACATCCGAGAGAATACTCGA_006,178
ACATCCGAGAGAATACTCGA_007,121
GGACCACGACATCATCGACC_001,160
ACTAGGCGATGTCCACAAAG_001,64
ACTAGGCGATGTCCACAAAG_002,73
ACTAGGCGATGTCCACAAAG_003,128
ACTAGGCGATGTCCACAAAG_004,180
ACTAGGCGATGTCCACAAAG_005,136
ACTAGGCGATGTCCACAAAG_006,68
ACTAGGCGATGTCCACAAAG_007,113
ACTAGGCGATGTCCACAAAG_008,57
ACTAGGCGATGTCCACAAAG_009,132
ACTAGGCGATGTCCACAAAG_010,94
ACTAGGCGATGTCCACAAAG_011,50
ACTAGGCGATGTCCACAAAG_012,56
ACTAGGCGATGTCCACAAAG_013,161
ACTAGGCGATGTCCACAAAG_014,105
ACTAGGCGATGTCCACAAAG_015,45
ACTAGGCGATGTCCACAAAG_016,147
ACTTCAACAGAGGTGGCACG_001,27
ACTTCAACAGAGGTGGCACG_002,70
ACTTCAACAGAGGTGGCACG_003,70
ACTTCAACAGAGGTGGCACG_004,98
ACTTCAACAGAGGTGGCACG_005,149
ACTTCAACAGAGGTGGCACG_006,169
GTCGAGATGAGTGAAAGACG_001,50
GTCGAGATGAGTGAAAGACG_002,53
GTCGAGATGAGTGAAAGACG_003,7
GGTTCAGCACGAATTCATGA_001,182
GGTTCAGCACGAATTCATGA_002,114
GGTTCAGCACGAATTCATGA_003,127
GGTTCAGCACGAATTCATGA_004,77
GGTTCAGCACGAATTCATGA_005,195
GGTTCAGCACGAATTCATGA_006,162
GGTTCAGCACGAATTCATGA_007,166
GGTTCAGCACGAATTCATGA_008,3
GGTTCAGCACGAATTCATGA_009,14
GGTTCAGCACGAATTCATGA_010,138
GGTTCAGCACGAATTCATGA_011,138
GGTTCAGCACGAATTCATGA_012,119
CGGAACTTAGGGTCTTCTGG_001,68
CGGAACTTAGGGTCTTCTGG_002,20
CGGAACTTAGGGTCTTCTGG_003,174
CGGAACTTAGGGTCTTCTGG_004,163
CGGAACTTAGGGTCTTCTGG_005,121
CGGAACTTAGGGTCTTCTGG_006,124
CGGAACTTAGGGTCTTCTGG_007,87
CGGAACTTAGGGTCTTCTGG_008,66
TCAACTTCAAAGAACCTCAA_001,190
TCAACTTCAAAGAACCTCAA_002,115
TCAACTTCAAAGAACCTCAA_003,6
TCAACTTCAAAGAACCTCAA_004,81
TCAACTTCAAAGAACCTCAA_005,77
TCAACTTCAAAGAACCTCAA_006,170
TCAACTTCAAAGAACCTCAA_007,43
TCAACTTCAAAGAACCTCAA_008,68
TCAACTTCAAAGAACCTCAA_009,56
TCAACTTCAAAGAACCTCAA_010,191
CACTCCGGCTCAGAACCCAG_001,173
CACTCCGGCTCAGAACCCAG_002,11
CACTCCGGCTCAGAACCCAG_003,176
CACTCCGGCTCAGAACCCAG_004,106
CACTCCGGCTCAGAACCCAG_005,75
CACTCCGGCTCAGAACCCAG_006,181
CACTCCGGCTCAGAACCCAG_007,45
CACTCCGGCTCAGAACCCAG_008,75
CACTCCGGCTCAGAACCCAG_009,30
CACTCCGGCTCAGAACCCAG_010,122
CACTCCGGCTCAGAACCCAG_011,24
CACTCCGGCTCAGAACCCAG_012,10
GCGGACAGGTTTCGGCTCTG_001,45
GCGGACAGGTTTCGGCTCTG_002,88
GCGGACAGGTTTCGGCTCTG_003,52
GCGGACAGGTTTCGGCTCTG_004,141
ACAGCATAGACAGACATGCT_001,127
ACAGCATAGACAGACATGCT_002,9
ACAGCATAGACAGACATGCT_003,53
ACAGCATAGACAGACATGCT_004,188
ACAGCATAGACAGACATGCT_005,141
ACAGCATAGACAGACATGCT_006,158
ACAGCATAGACAGACATGCT_007,76
ACAGCATAGACAGACATGCT_008,48
ACAGCATAGACAGACATGCT_009,180
ACAGCATAGACAGACATGCT_010,15
ACAGCATAGACAGACATGCT_011,191
ACAGCATAGACAGACATGCT_012,37
GAAAATCCCAAAGTGTCCAG_001,134
GAAAATCCCAAAGTGTCCAG_002,48
GAAAATCCCAAAGTGTCCAG_003,2
GAAAATCCCAAAGTGTCCAG_004,154
GAAAATCCCAAAGTGTCCAG_005,169
GAAAATCCCAAAGTGTCCAG_006,30
GAAAATCCCAAAGTGTCCAG_007,113
GAAAATCCCAAAGTGTCCAG_008,31
GAAAATCCCAAAGTGTCCAG_009,83
GAAAATCCCAAAGTGTCCAG_010,6
GAAAATCCCAAAGTGTCCAG_011,135
GAAAATCCCAAAGTGTCCAG_012,49
GAAAATCCCAAAGTGTCCAG_013,34
GAAAATCCCAAAGTGTCCAG_014,140
GAAAATCCCAAAGTGTCCAG_015,147
GAAAATCCCAAAGTGTCCAG_016,6
GAAAATCCCAAAGTGTCCAG_017,78
GAAAATCCCAAAGTGTCCAG_018,2
GAAAATCCCAAAGTGTCCAG_019,187
GAAAATCCCAAAGTGTCCAG_020,168
GAAAATCCCAAAGTGTCCAG_021,178
CACATCATTTAATATCAGTG_001,130
CACATCATTTAATATCAGTG_002,137
CACATCATTTAATATCAGTG_003,69
CACATCATTTAATATCAGTG_004,48
CACATCATTTAATATCAGTG_005,23
CACATCATTTAATATCAGTG_006,156
CACATCATTTAATATCAGTG_007,55
CACATCATTTAATATCAGTG_008,70
CACATCATTTAATATCAGTG_009,172
CACATCATTTAATATCAGTG_010,47
CCTTGGACGCCATCTTACTC_001,77
CCTTGGACGCCATCTTACTC_002,2
CCTTGGACGCCATCTTACTC_003,48
CCTTGGACGCCATCTTACTC_004,17
CCTTGGACGCCATCTTACTC_005,63
GGCAGCTTGAAGATCTTAGG_001,105
GGCAGCTTGAAGATCTTAGG_002,146
GGCAGCTTGAAGATCTTAGG_003,42
GGCAGCTTGAAGATCTTAGG_004,174
GGCAGCTTGAAGATCTTAGG_005,65
GGCAGCTTGAAGATCTTAGG_006,113
GGCAGCTTGAAGATCTTAGG_007,19
GGCAGCTTGAAGATCTTAGG_008,105
GGCAGCTTGAAGATCTTAGG_009,76
GGCAGCTTGAAGATCTTAGG_010,94
GGCAGCTTGAAGATCTTAGG_011,65
GGCAGCTTGAAGATCTTAGG_012,2
GGCAGCTTGAAGATCTTAGG_013,174
CGTTACCTACCGGTCCCCCG_001,130
CGTTACCTACCGGTCCCCCG_002,53
CGTTACCTACCGGTCCCCCG_003,101
CGTTACCTACCGGTCCCCCG_004,85
CGTTACCTACCGGTCCCCCG_005,52
TTGGTGGCTCTAGCCCTCTG_001,2
TTGGTGGCTCTAGCCCTCTG_002,16
TTGGTGGCTCTAGCCCTCTG_003,192
AGCAACTACACTCGAGCGTG_001,82
AGCAACTACACTCGAGCGTG_002,154
AGCAACTACACTCGAGCGTG_003,116
AGCAACTACACTCGAGCGTG_004,50
GGCCGGCTGACCATCACGCA_001,195
CTGTTGCCAGGGTGCTACGG_001,120
CTGTTGCCAGGGTGCTACGG_002,1
CTGTTGCCAGGGTGCTACGG_003,128
CTGTTGCCAGGGTGCTACGG_004,102
CTGTTGCCAGGGTGCTACGG_005,117
CTGTTGCCAGGGTGCTACGG_006,61
CTGTTGCCAGGGTGCTACGG_007,177
CTGTTGCCAGGGTGCTACGG_008,33
CTGTTGCCAGGGTGCTACGG_009,102
CTGTTGCCAGGGTGCTACGG_010,94
CTGTTGCCAGGGTGCTACGG_011,102
CTGTTGCCAGGGTGCTACGG_012,76
CTGTTGCCAGGGTGCTACGG_013,42
CTGTTGCCAGGGTGCTACGG_014,160
CTGTTGCCAGGGTGCTACGG_015,157
CTGTTGCCAGGGTGCTACGG_016,146
CTGTTGCCAGGGTGCTACGG_017,130
ACCTGCTACCAAACAGTGCT_001,115
ACCTGCTACCAAACAGTGCT_002,60
ACCTGCTACCAAACAGTGCT_003,160
ACCTGCTACCAAACAGTGCT_004,94
ACCTGCTACCAAACAGTGCT_005,48
ACCTGCTACCAAACAGTGCT_006,58
ACCTGCTACCAAACAGTGCT_007,177
ACCTGCTACCAAACAGTGCT_008,137
ACCTGCTACCAAACAGTGCT_009,43
CAATTTGGTGACGGAAAACA_001,83
CAATTTGGTGACGGAAAACA_002,17
CAATTTGGTGACGGAAAACA_003,81
GGAGAAGATGGCGCTAAAGG_001,135
GGAGAAGATGGCGCTAAAGG_002,58
GGAGAAGATGGCGCTAAAGG_003,161
GGAGAAGATGGCGCTAAAGG_004,108
GGAGAAGATGGCGCTAAAGG_005,62
TCATCGTTCTGCTCTGAACT_001,87
TCATCGTTCTGCTCTGAACT_002,184
TCATCGTTCTGCTCTGAACT_003,149
TCATCGTTCTGCTCTGAACT_004,48
TCATCGTTCTGCTCTGAACT_005,94
TCATCGTTCTGCTCTGAACT_006,130
TCGCCTCAGCAGCTCTACGG_001,178
TCGCCTCAGCAGCTCTACGG_002,108
TCGCCTCAGCAGCTCTACGG_003,149
TCGCCTCAGCAGCTCTACGG_004,172
TCGCCTCAGCAGCTCTACGG_005,159
TCGCCTCAGCAGCTCTACGG_006,9
TCGCCTCAGCAGCTCTACGG_007,197
TCGCCTCAGCAGCTCTACGG_008,44
TCGCCTCAGCAGCTCTACGG_009,3
TCGCCTCAGCAGCTCTACGG_010,128
TCGCCTCAGCAGCTCTACGG_011,112
TCGCCTCAGCAGCTCTACGG_012,186
TCGCCTCAGCAGCTCTACGG_013,51
TCGCCTCAGCAGCTCTACGG_014,24
TCGCCTCAGCAGCTCTACGG_015,30
TCGCCTCAGCAGCTCTACGG_016,136
TCGCCTCAGCAGCTCTACGG_017,191
TCGCCTCAGCAGCTCTACGG_018,104
TCGCCTCAGCAGCTCTACGG_019,14
TCGCCTCAGCAGCTCTACGG_020,15
AAGACTGCAGATAATTTCAC_001,50
AAGACTGCAGATAATTTCAC_002,169
AAGACTGCAGATAATTTCAC_003,70
GCCTTGAAGAGCGAGTGTCA_001,50
GCCTTGAAGAGCGAGTGTCA_002,158
GCCTTGAAGAGCGAGTGTCA_003,146
GCCTTGAAGAGCGAGTGTCA_004,90
GCCTTGAAGAGCGAGTGTCA_005,113
GCCTTGAAGAGCGAGTGTCA_006,86
GCCTTGAAGAGCGAGTGTCA_007,174
GCCTTGAAGAGCGAGTGTCA_008,94
GCCTTGAAGAGCGAGTGTCA_009,98
GCCTTGAAGAGCGAGTGTCA_010,192
GCCTTGAAGAGCGAGTGTCA_011,191
GCCTTGAAGAGCGAGTGTCA_012,146
GCCTTGAAGAGCGAGTGTCA_013,102
GCCTTGAAGAGCGAGTGTCA_014,49
GCCTTGAAGAGCGAGTGTCA_015,69
GCCTTGAAGAGCGAGTGTCA_016,74
GCCTTGAAGAGCGAGTGTCA_017,61
ATGACAGTAGGATAGTGCAG_001,17
ATGACAGTAGGATAGTGCAG_002,198
ATGACAGTAGGATAGTGCAG_003,7
ATGACAGTAGGATAGTGCAG_004,176
ATGACAGTAGGATAGTGCAG_005,130
ATGACAGTAGGATAGTGCAG_006,84
ATGACAGTAGGATAGTGCAG_007,62
ATGACAGTAGGATAGTGCAG_008,118
ATGACAGTAGGATAGTGCAG_009,167
ATGACAGTAGGATAGTGCAG_010,41
ATGACAGTAGGATAGTGCAG_011,70
ATGACAGTAGGATAGTGCAG_012,53
ATGACAGTAGGATAGTGCAG_013,81
ATGACAGTAGGATAGTGCAG_014,85
ATGACAGTAGGATAGTGCAG_015,48
ATGACAGTAGGATAGTGCAG_016,139
ATGACAGTAGGATAGTGCAG_017,52
ATGACAGTAGGATAGTGCAG_018,40
ATGACAGTAGGATAGTGCAG_019,11
ATGACAGTAGGATAGTGCAG_020,7
ATGACAGTAGGATAGTGCAG_021,126
ATGACAGTAGGATAGTGCAG_022,9
ATGACAGTAGGATAGTGCAG_023,162
ATGACAGTAGGATAGTGCAG_024,153
ATGACAGTAGGATAGTGCAG_025,22
ATGACAGTAGGATAGTGCAG_026,126
CAGCATCCCCAGGCCGATGG_001,148
CAGCATCCCCAGGCCGATGG_002,88
CAGCATCCCCAGGCCGATGG_003,8
CAGCATCCCCAGGCCGATGG_004,184
CAGCATCCCCAGGCCGATGG_005,188
CAGCATCCCCAGGCCGATGG_006,54
CAGCATCCCCAGGCCGATGG_007,60
CAGCATCCCCAGGCCGATGG_008,60
CAGCATCCCCAGGCCGATGG_009,104
CAGCATCCCCAGGCCGATGG_010,160
CAGCATCCCCAGGCCGATGG_011,185
CAGCATCCCCAGGCCGATGG_012,113
CAGCATCCCCAGGCCGATGG_013,88
CAGCATCCCCAGGCCGATGG_014,26
CAGCATCCCCAGGCCGATGG_015,168
GCGGAGGACACGGTGCACGA_001,53
GCGGAGGACACGGTGCACGA_002,12
GCGGAGGACACGGTGCACGA_003,149
GCGGAGGACACGGTGCACGA_004,17
GCGGAGGACACGGTGCACGA_005,145
GCGGAGGACACGGTGCACGA_006,181
GCGGAGGACACGGTGCACGA_007,99
GTCCGAGCATACCTGGCTAA_001,50
GTCCGAGCATACCTGGCTAA_002,102
GATTCAGCATCTGAACACAT_001,159
TGTGCCTGGTGCCAGAAAGT_001,42
TGTGCCTGGTGCCAGAAAGT_002,45
TGTGCCTGGTGCCAGAAAGT_003,167
TGTGCCTGGTGCCAGAAAGT_004,167
TGTGCCTGGTGCCAGAAAGT_005,91
TGTGCCTGGTGCCAGAAAGT_006,16
TGTGCCTGGTGCCAGAAAGT_007,98
TGTGCCTGGTGCCAGAAAGT_008,57
TCAATGTCGAATCTACCCAG_001,175
TCAATGTCGAATCTACCCAG_002,29
GTTCAGTCACTAACCTGGTG_001,191
GTTCAGTCACTAACCTGGTG_002,96
GTTCAGTCACTAACCTGGTG_003,125
GTTCAGTCACTAACCTGGTG_004,99
GTTCAGTCACTAACCTGGTG_005,55
GTTCAGTCACTAACCTGGTG_006,65
GTTCAGTCACTAACCTGGTG_007,150
GTTCAGTCACTAACCTGGTG_008,89
GTTCAGTCACTAACCTGGTG_009,26
GTTCAGTCACTAACCTGGTG_010,35
GTTCAGTCACTAACCTGGTG_011,148
GTTCAGTCACTAACCTGGTG_012,78
AGAACTATGAGATTGAGACA_001,171
AGAACTATGAGATTGAGACA_002,150
AGAACTATGAGATTGAGACA_003,34
AGAACTATGAGATTGAGACA_004,38
AGAACTATGAGATTGAGACA_005,25
AGAACTATGAGATTGAGACA_006,96
AGAACTATGAGATTGAGACA_007,101
AGAACTATGAGATTGAGACA_008,6
AGAACTATGAGATTGAGACA_009,152
AGAACTATGAGATTGAGACA_010,184
AGAACTATGAGATTGAGACA_011,184
AGAACTATGAGATTGAGACA_012,147
GTGGCATTCCCTCTAATGTG_001,142
GTGGCATTCCCTCTAATGTG_002,8
GTGGCATTCCCTCTAATGTG_003,165
GTGGCATTCCCTCTAATGTG_004,124
GTGGCATTCCCTCTAATGTG_005,123
GTGGCATTCCCTCTAATGTG_006,19
GTGGCATTCCCTCTAATGTG_007,70
ATGGATAGAGATCTGATGGT_001,132
ATGGATAGAGATCTGATGGT_002,73
ATGGATAGAGATCTGATGGT_003,50
ATGGATAGAGATCTGATGGT_004,22
ATGGATAGAGATCTGATGGT_005,102
ATGGATAGAGATCTGATGGT_006,43
ATGGATAGAGATCTGATGGT_007,41
ATGGATAGAGATCTGATGGT_008,68
ATGGATAGAGATCTGATGGT_009,2
ATGGATAGAGATCTGATGGT_010,191
ATGGATAGAGATCTGATGGT_011,63
ATGGATAGAGATCTGATGGT_012,50
ATGGATAGAGATCTGATGGT_013,44
ATGGATAGAGATCTGATGGT_014,29
ATGGATAGAGATCTGATGGT_015,99
ATGGATAGAGATCTGATGGT_016,102
CACAGAAGGTATAGCCACCA_001,178
CACAGAAGGTATAGCCACCA_002,163
CACAGAAGGTATAGCCACCA_003,17
CACAGAAGGTATAGCCACCA_004,173
GAAGCACTGTATGGATTACA_001,144
AAAACAAGTCCAGCTAGAGC_001,165
AAAACAAGTCCAGCTAGAGC_002,127
AAAACAAGTCCAGCTAGAGC_003,127
AAAACAAGTCCAGCTAGAGC_004,16
AAAACAAGTCCAGCTAGAGC_005,35
AAAACAAGTCCAGCTAGAGC_006,46
AGGATGACACCCCCAATGCA_001,80
AGGATGACACCCCCAATGCA_002,161
AGGATGACACCCCCAATGCA_003,147
AGGATGACACCCCCAATGCA_004,105
AGGATGACACCCCCAATGCA_005,151
AGGATGACACCCCCAATGCA_006,132
AGGATGACACCCCCAATGCA_007,85
AGGATGACACCCCCAATGCA_008,75
AGGATGACACCCCCAATGCA_009,95
AGGATGACACCCCCAATGCA_010,119
AGGATGACACCCCCAATGCA_011,119
AGGATGACACCCCCAATGCA_012,71
AGGATGACACCCCCAATGCA_013,93
AGGATGACACCCCCAATGCA_014,140
AGGATGACACCCCCAATGCA_015,31
AGGATGACACCCCCAATGCA_016,92
AGGATGACACCCCCAATGCA_017,138
AGGATGACACCCCCAATGCA_018,152
AGGATGACACCCCCAATGCA_019,75
AGGATGACACCCCCAATGCA_020,174
AGGATGACACCCCCAATGCA_021,14
AGGATGACACCCCCAATGCA_022,94
AGGATGACACCCCCAATGCA_023,178
AGGATGACACCCCCAATGCA_024,110
AGGATGACACCCCCAATGCA_025,5
AGGATGACACCCCCAATGCA_026,22
AGGATGACACCCCCAATGCA_027,3
AGGATGACACCCCCAATGCA_028,108
AGGATGACACCCCCAATGCA_029,6
AGGATGACACCCCCAATGCA_030,135
AGGATGACACCCCCAATGCA_031,22
GGACTTCGATCCGCCCTGGG_001,76
GGACTTCGATCCGCCCTGGG_002,59
GGACTTCGATCCGCCCTGGG_003,40
GGACTTCGATCCGCCCTGGG_004,184
GGACTTCGATCCGCCCTGGG_005,34
GGACTTCGATCCGCCCTGGG_006,142
GGACTTCGATCCGCCCTGGG_007,34
GGACTTCGATCCGCCCTGGG_008,72
GGACTTCGATCCGCCCTGGG_009,105
GGACTTCGATCCGCCCTGGG_010,79
GGACTTCGATCCGCCCTGGG_011,189
GGACTTCGATCCGCCCTGGG_012,105
GGACTTCGATCCGCCCTGGG_013,4
GGACTTCGATCCGCCCTGGG_014,161
GGACTTCGATCCGCCCTGGG_015,9
GGACTTCGATCCGCCCTGGG_016,171
GGACTTCGATCCGCCCTGGG_017,104
GGACTTCGATCCGCCCTGGG_018,181
GGACTTCGATCCGCCCTGGG_019,179
GGACTTCGATCCGCCCTGGG_020,20
GGACTTCGATCCGCCCTGGG_021,166
GGACTTCGATCCGCCCTGGG_022,176
GGACTTCGATCCGCCCTGGG_023,105
GGACTTCGATCCGCCCTGGG_024,77
GGACTTCGATCCGCCCTGGG_025,172
GGACTTCGATCCGCCCTGGG_026,150
GGACTTCGATCCGCCCTGGG_027,1
GGACTTCGATCCGCCCTGGG_028,159
GGACTTCGATCCGCCCTGGG_029,44
GGACTTCGATCCGCCCTGGG_030,160
GGACTTCGATCCGCCCTGGG_031,165
GGACTTCGATCCGCCCTGGG_032,114
GGACTTCGATCCGCCCTGGG_033,127
GGACTTCGATCCGCCCTGGG_034,172
GGACTTCGATCCGCCCTGGG_035,51
GGACTTCGATCCGCCCTGGG_036,184
GGACTTCGATCCGCCCTGGG_037,188
GGACTTCGATCCGCCCTGGG_038,177
GGACTTCGATCCGCCCTGGG_039,191
GGACTTCGATCCGCCCTGGG_040,41
GGACTTCGATCCGCCCTGGG_041,168
GGACTTCGATCCGCCCTGGG_042,125
GGACTTCGATCCGCCCTGGG_043,106
GGACTTCGATCCGCCCTGGG_044,65
GGACTTCGATCCGCCCTGGG_045,177
GGACTTCGATCCGCCCTGGG_046,81
CGCCCCCGGACTCACCCCGG_001,73
CGCCCCCGGACTCACCCCGG_002,98
CGCCCCCGGACTCACCCCGG_003,47
CGCCCCCGGACTCACCCCGG_004,96
CGCCCCCGGACTCACCCCGG_005,75
CGCCCCCGGACTCACCCCGG_006,82
AGACGCTGCTGCCCGCAACG_001,162
AGAAGCAGAAAAGGCAAAAG_001,8
AGAAGCAGAAAAGGCAAAAG_002,154
AGAAGCAGAAAAGGCAAAAG_003,79
GAAAATCACAGAACATTGCT_001,36
TCCCAGAGCATGGATATCGA_001,76
TCCCAGAGCATGGATATCGA_002,95
TCCCAGAGCATGGATATCGA_003,159
TCCCAGAGCATGGATATCGA_004,164
TCCCAGAGCATGGATATCGA_005,85
TCCCAGAGCATGGATATCGA_006,159
TGATCGACTTGGTATCCAGA_001,81
CTTCTACGAACCGGGCCGGG_001,70
CTTCTACGAACCGGGCCGGG_002,18
CTTCTACGAACCGGGCCGGG_003,66
CTTCTACGAACCGGGCCGGG_004,10
CTTCTACGAACCGGGCCGGG_005,171
CTTCTACGAACCGGGCCGGG_006,105
CTTCTACGAACCGGGCCGGG_007,53
CTTCTACGAACCGGGCCGGG_008,42
CTTCTACGAACCGGGCCGGG_009,9
CTTCTACGAACCGGGCCGGG_010,92
CTTCTACGAACCGGGCCGGG_011,40
CTTCTACGAACCGGGCCGGG_012,137
CTTCTACGAACCGGGCCGGG_013,154
CTTCTACGAACCGGGCCGGG_014,12
CTTCTACGAACCGGGCCGGG_015,147
CTTCTACGAACCGGGCCGGG_016,160
CTTCTACGAACCGGGCCGGG_017,162
CTTCTACGAACCGGGCCGGG_018,123
CTTCTACGAACCGGGCCGGG_019,76
CTTCTACGAACCGGGCCGGG_020,98
ATTCGGAGCAGATTTCCTAT_001,169
ATTCGGAGCAGATTTCCTAT_002,166
ATTCGGAGCAGATTTCCTAT_003,106
ATTCGGAGCAGATTTCCTAT_004,61
ATTCGGAGCAGATTTCCTAT_005,106
ATTCGGAGCAGATTTCCTAT_006,1
ATTCGGAGCAGATTTCCTAT_007,63
ATTCGGAGCAGATTTCCTAT_008,2
ATTCGGAGCAGATTTCCTAT_009,168
ATTCGGAGCAGATTTCCTAT_010,106
ATTCGGAGCAGATTTCCTAT_011,127
ATTCGGAGCAGATTTCCTAT_012,34
GCCCATCATTTCTCTGAACC_001,102
GCCCATCATTTCTCTGAACC_002,77
ACTCCCACAATGTCAACACC_001,90
ACTCCCACAATGTCAACACC_002,154
ACTCCCACAATGTCAACACC_003,102
ACTCCCACAATGTCAACACC_004,36
CTGGTACGATGGCGTTCGGG_001,83
CTGGTACGATGGCGTTCGGG_002,48
TGGGGAGGAACCAACAGCTG_001,115
TGGGGAGGAACCAACAGCTG_002,72
TGGGGAGGAACCAACAGCTG_003,69
TGGGGAGGAACCAACAGCTG_004,31
TGGGGAGGAACCAACAGCTG_005,148
TGGGGAGGAACCAACAGCTG_006,144
TGGGGAGGAACCAACAGCTG_007,42
TGGGGAGGAACCAACAGCTG_008,76
TGGGGAGGAACCAACAGCTG_009,129
TGGGGAGGAACCAACAGCTG_010,143
TGGGGAGGAACCAACAGCTG_011,85
TGGGGAGGAACCAACAGCTG_012,195
TGGGGAGGAACCAACAGCTG_013,39
TGGGGAGGAACCAACAGCTG_014,27
TGGGGAGGAACCAACAGCTG_015,88
TGTACTTGTGCCGATCACAC_001,41
TGTACTTGTGCCGATCACAC_002,180
TGTACTTGTGCCGATCACAC_003,124
GCTCACCGAAGTCGGGCCGT_001,198
GCTCACCGAAGTCGGGCCGT_002,107
GCTCACCGAAGTCGGGCCGT_003,145
GCTCACCGAAGTCGGGCCGT_004,188
GCTCACCGAAGTCGGGCCGT_005,28
GCTCACCGAAGTCGGGCCGT_006,184
GCTCACCGAAGTCGGGCCGT_007,116
GCTCACCGAAGTCGGGCCGT_008,170
GCTCACCGAAGTCGGGCCGT_009,27
GCTCACCGAAGTCGGGCCGT_010,145
GCTCACCGAAGTCGGGCCGT_011,105
GCTCACCGAAGTCGGGCCGT_012,57
GCTCACCGAAGTCGGGCCGT_013,198
ACGCTGATGCTGTTGATTTG_001,94
ACGCTGATGCTGTTGATTTG_002,70
CGAATCGGAACTTTGTACCG_001,169
CGAATCGGAACTTTGTACCG_002,150
CGAATCGGAACTTTGTACCG_003,64
CGAATCGGAACTTTGTACCG_004,171
CGAATCGGAACTTTGTACCG_005,161
CGAATCGGAACTTTGTACCG_006,160
CGAATCGGAACTTTGTACCG_007,68
CGAATCGGAACTTTGTACCG_008,11
CGAATCGGAACTTTGTACCG_009,93
CGAATCGGAACTTTGTACCG_010,169
CGAATCGGAACTTTGTACCG_011,2
CGAATCGGAACTTTGTACCG_012,102
CGAATCGGAACTTTGTACCG_013,19
CGAATCGGAACTTTGTACCG_014,181
CGAATCGGAACTTTGTACCG_015,38
CGAATCGGAACTTTGTACCG_016,149
CGAATCGGAACTTTGTACCG_017,139
CGAATCGGAACTTTGTACCG_018,134
CGAATCGGAACTTTGTACCG_019,164
CGAATCGGAACTTTGTACCG_020,30
CGAATCGGAACTTTGTACCG_021,42
CAGAAACTTGCGGATCACGT_001,60
CAGAAACTTGCGGATCACGT_002,198
GGTCACCTGAAGATGCGGTA_001,115
GGTCACCTGAAGATGCGGTA_002,9
GGTCACCTGAAGATGCGGTA_003,48
GGTCACCTGAAGATGCGGTA_004,6
GGTCACCTGAAGATGCGGTA_005,50
GGTCACCTGAAGATGCGGTA_006,162
GGTCACCTGAAGATGCGGTA_007,12
GGTCACCTGAAGATGCGGTA_008,60
GGTCACCTGAAGATGCGGTA_009,176
GGTCACCTGAAGATGCGGTA_010,61
GGTCACCTGAAGATGCGGTA_011,58
GGTCACCTGAAGATGCGGTA_012,148
GGTCACCTGAAGATGCGGTA_013,113
GGTCACCTGAAGATGCGGTA_014,127
GGTCACCTGAAGATGCGGTA_015,9
GGTCACCTGAAGATGCGGTA_016,77
GGTCACCTGAAGATGCGGTA_017,63
CTCACCGGCCAAAGAGCCCG_001,130
CTCACCGGCCAAAGAGCCCG_002,169
CTCACCGGCCAAAGAGCCCG_003,168
CTCACCGGCCAAAGAGCCCG_004,45
CTCACCGGCCAAAGAGCCCG_005,144
CTCACCGGCCAAAGAGCCCG_006,28
CTCACCGGCCAAAGAGCCCG_007,106
CTCACCGGCCAAAGAGCCCG_008,116
TCTGCGCACTTGTTCCGCGG_001,106
TCTGCGCACTTGTTCCGCGG_002,26
TCTGCGCACTTGTTCCGCGG_003,165
TCTGCGCACTTGTTCCGCGG_004,59
TCTGCGCACTTGTTCCGCGG_005,198
TCTGCGCACTTGTTCCGCGG_006,135
TCTGCGCACTTGTTCCGCGG_007,19
TCTGCGCACTTGTTCCGCGG_008,12
TTCCAAATTTCACAGTAGGC_001,120
TTCCAAATTTCACAGTAGGC_002,80
TTCCAAATTTCACAGTAGGC_003,27
TTCCAAATTTCACAGTAGGC_004,0
TTCCAAATTTCACAGTAGGC_005,123
GGCCGCTGACAATCTCCCTG_001,162
GGCTTCGAGAGAGACTCGGA_001,51
GGCTTCGAGAGAGACTCGGA_002,77
GGCTTCGAGAGAGACTCGGA_003,105
GGCTTCGAGAGAGACTCGGA_004,8
GGCTTCGAGAGAGACTCGGA_005,137
GGCTTCGAGAGAGACTCGGA_006,68
GGCTTCGAGAGAGACTCGGA_007,4
GGCTTCGAGAGAGACTCGGA_008,30
GGCTTCGAGAGAGACTCGGA_009,189
GGCTTCGAGAGAGACTCGGA_010,158
GGCTTCGAGAGAGACTCGGA_011,9
GGCTTCGAGAGAGACTCGGA_012,149
GGCTTCGAGAGAGACTCGGA_013,69
GGCTTCGAGAGAGACTCGGA_014,158
GGCTTCGAGAGAGACTCGGA_015,30
GGCTTCGAGAGAGACTCGGA_016,39
GGCTTCGAGAGAGACTCGGA_017,6
GGCTTCGAGAGAGACTCGGA_018,121
GGCTTCGAGAGAGACTCGGA_019,175
GGCTTCGAGAGAGACTCGGA_020,56
GGCTTCGAGAGAGACTCGGA_021,152
GGCTTCGAGAGAGACTCGGA_022,28
GATCTCTGGCCTCATTTACG_001,125
GATCTCTGGCCTCATTTACG_002,181
GATCTCTGGCCTCATTTACG_003,177
GATCTCTGGCCTCATTTACG_004,188
GGGCATGTACAACACCGACG_001,183
GGGCATGTACAACACCGACG_002,182
GGGCATGTACAACACCGACG_003,23
GGGCATGTACAACACCGACG_004,198
GGGCATGTACAACACCGACG_005,134
GGGCATGTACAACACCGACG_006,113
GGGCATGTACAACACCGACG_007,10
GGTTGTCAGGTCATCACTGG_001,151
GGTTGTCAGGTCATCACTGG_002,146
GGTTGTCAGGTCATCACTGG_003,91
GGTTGTCAGGTCATCACTGG_004,178
GGTTGTCAGGTCATCACTGG_005,188
GGTTGTCAGGTCATCACTGG_006,192
GGTTGTCAGGTCATCACTGG_007,10
GGTTGTCAGGTCATCACTGG_008,177
GGTTGTCAGGTCATCACTGG_009,60
GGTTGTCAGGTCATCACTGG_010,76
TCACATGAGGATTTACACCA_001,24
TCACATGAGGATTTACACCA_002,15
TCACATGAGGATTTACACCA_003,80
TCACATGAGGATTTACACCA_004,182
TCACATGAGGATTTACACCA_005,72
TCACATGAGGATTTACACCA_006,78
TCACATGAGGATTTACACCA_007,58
TCACATGAGGATTTACACCA_008,178
TCACATGAGGATTTACACCA_009,89
AAGAGCAAAGACCACAACGC_001,12
AAGAGCAAAGACCACAACGC_002,18
AAGAGCAAAGACCACAACGC_003,29
AAGAGCAAAGACCACAACGC_004,115
AAGAGCAAAGACCACAACGC_005,193
AAGAGCAAAGACCACAACGC_006,151
AAGAGCAAAGACCACAACGC_007,3
AAGAGCAAAGACCACAACGC_008,154
AAGAGCAAAGACCACAACGC_009,192
AAGAGCAAAGACCACAACGC_010,191
AAGAGCAAAGACCACAACGC_011,84
AAGAGCAAAGACCACAACGC_012,49
AAGAGCAAAGACCACAACGC_013,119
AAGAGCAAAGACCACAACGC_014,155
AAGAGCAAAGACCACAACGC_015,177
AAGAGCAAAGACCACAACGC_016,42
AAGAGCAAAGACCACAACGC_017,170
AAGAGCAAAGACCACAACGC_018,130
AAGAGCAAAGACCACAACGC_019,83
AAGAGCAAAGACCACAACGC_020,9
AAGAGCAAAGACCACAACGC_021,101
AAGAGCAAAGACCACAACGC_022,83
AAGAGCAAAGACCACAACGC_023,168
AAGAGCAAAGACCACAACGC_024,137
AAGAGCAAAGACCACAACGC_025,106
AAGAGCAAAGACCACAACGC_026,195
AAGAGCAAAGACCACAACGC_027,183
AAGAGCAAAGACCACAACGC_028,22
AAGAGCAAAGACCACAACGC_029,29
AAGAGCAAAGACCACAACGC_030,188
AAGAGCAAAGACCACAACGC_031,184
AAGAGCAAAGACCACAACGC_032,69
AAGAGCAAAGACCACAACGC_033,61
AAGAGCAAAGACCACAACGC_034,68
TTGTCGAACACAAATCAGCA_001,183
TTGTCGAACACAAATCAGCA_002,50
TTGTCGAACACAAATCAGCA_003,67
TTGTCGAACACAAATCAGCA_004,72
TTGTCGAACACAAATCAGCA_005,91
TTGTCGAACACAAATCAGCA_006,61
TTGTCGAACACAAATCAGCA_007,149
TTGTCGAACACAAATCAGCA_008,50
TTGTCGAACACAAATCAGCA_009,55
TTGTCGAACACAAATCAGCA_010,70
TTGTCGAACACAAATCAGCA_011,60
TTGTCGAACACAAATCAGCA_012,149
TTGTCGAACACAAATCAGCA_013,132
TTGTCGAACACAAATCAGCA_014,154
TTGTCGAACACAAATCAGCA_015,43
TTGTCGAACACAAATCAGCA_016,147
TTGTCGAACACAAATCAGCA_017,75
TTGTCGAACACAAATCAGCA_018,67
AATATTGGCCTGCCTCCGGT_001,101
AATATTGGCCTGCCTCCGGT_002,177
GGGCCAAGTGTTGACGACCA_001,83
GGGCCAAGTGTTGACGACCA_002,16
GGGCCAAGTGTTGACGACCA_003,66
GGGCCAAGTGTTGACGACCA_004,27
GGGCCAAGTGTTGACGACCA_005,89
GGGCCAAGTGTTGACGACCA_006,108
GGGCCAAGTGTTGACGACCA_007,100
GGGCCAAGTGTTGACGACCA_008,73
GGGCCAAGTGTTGACGACCA_009,170
GGGCCAAGTGTTGACGACCA_010,114
GGGCCAAGTGTTGACGACCA_011,166
ACAGCACCAGTTCAAGAAGA_001,10
ACAGCACCAGTTCAAGAAGA_002,149
ACAGCACCAGTTCAAGAAGA_003,49
ACAGCACCAGTTCAAGAAGA_004,154
ACAGCACCAGTTCAAGAAGA_005,81
ACAGCACCAGTTCAAGAAGA_006,82
ACAGCACCAGTTCAAGAAGA_007,13
ATGGGAGCAGCGTCTTCCGT_001,150
ATGGGAGCAGCGTCTTCCGT_002,115
ATGGGAGCAGCGTCTTCCGT_003,37
ATGGGAGCAGCGTCTTCCGT_004,42
ATGGGAGCAGCGTCTTCCGT_005,62
ATGGGAGCAGCGTCTTCCGT_006,159
ATGGGAGCAGCGTCTTCCGT_007,194
ATGGGAGCAGCGTCTTCCGT_008,127
ATGGGAGCAGCGTCTTCCGT_009,148
ATGGGAGCAGCGTCTTCCGT_010,15
ATGGGAGCAGCGTCTTCCGT_011,38
ATGGGAGCAGCGTCTTCCGT_012,70
ATGGGAGCAGCGTCTTCCGT_013,150
ATGGGAGCAGCGTCTTCCGT_014,66
ATGGGAGCAGCGTCTTCCGT_015,163
GGCTGCGACAAAGAGAAGCA_001,25
GGCTGCGACAAAGAGAAGCA_002,11
GGCTGCGACAAAGAGAAGCA_003,139
GGCTGCGACAAAGAGAAGCA_004,6
GGCTGCGACAAAGAGAAGCA_005,152
GGCTGCGACAAAGAGAAGCA_006,141
GGCTGCGACAAAGAGAAGCA_007,125
GGCTGCGACAAAGAGAAGCA_008,65
GGCTGCGACAAAGAGAAGCA_009,162
GGCTGCGACAAAGAGAAGCA_010,186
GGCTGCGACAAAGAGAAGCA_011,192
GGCTGCGACAAAGAGAAGCA_012,99
GGCTGCGACAAAGAGAAGCA_013,135
GGCTGCGACAAAGAGAAGCA_014,118
GGCTGCGACAAAGAGAAGCA_015,175
GGCTGCGACAAAGAGAAGCA_016,197
GGCTGCGACAAAGAGAAGCA_017,48
GGCTGCGACAAAGAGAAGCA_018,48
GGCTGCGACAAAGAGAAGCA_019,176
GGCTGCGACAAAGAGAAGCA_020,35
GGCTGCGACAAAGAGAAGCA_021,136
GGCTGCGACAAAGAGAAGCA_022,50
GGCTGCGACAAAGAGAAGCA_023,127
GGCTGCGACAAAGAGAAGCA_024,153
GGCTGCGACAAAGAGAAGCA_025,72
GGCTGCGACAAAGAGAAGCA_026,72
ACATGAATATTCCAGCACGA_001,116
ACATGAATATTCCAGCACGA_002,76
ACATGAATATTCCAGCACGA_003,193
ACATGAATATTCCAGCACGA_004,186
ACATGAATATTCCAGCACGA_005,183
ACATGAATATTCCAGCACGA_006,43
ACATGAATATTCCAGCACGA_007,162
ATCAGCCCAAGCAACAATGG_001,182
ATCAGCCCAAGCAACAATGG_002,103
ATCAGCCCAAGCAACAATGG_003,105
ATCAGCCCAAGCAACAATGG_004,42
ATCAGCCCAAGCAACAATGG_005,129
ATCAGCCCAAGCAACAATGG_006,186
ATCAGCCCAAGCAACAATGG_007,144
CTGACATGTTGGCTGAATCG_001,150
CTGACATGTTGGCTGAATCG_002,98
CTGACATGTTGGCTGAATCG_003,162
CTGACATGTTGGCTGAATCG_004,127
CTGACATGTTGGCTGAATCG_005,14
CTGACATGTTGGCTGAATCG_006,104
GCAGGCCCCAACCCACGCAA_001,22
GCAGGCCCCAACCCACGCAA_002,119
GCAGGCCCCAACCCACGCAA_003,5
GCAGGCCCCAACCCACGCAA_004,85
GCAGGCCCCAACCCACGCAA_005,26
GCAGGCCCCAACCCACGCAA_006,88
GCAGGCCCCAACCCACGCAA_007,43
GCAGGCCCCAACCCACGCAA_008,168
GCAGGCCCCAACCCACGCAA_009,162
GCAGGCCCCAACCCACGCAA_010,1
GCAGGCCCCAACCCACGCAA_011,170
GCAGGCCCCAACCCACGCAA_012,172
GCAGGCCCCAACCCACGCAA_013,63
GCAGGCCCCAACCCACGCAA_014,118
GCAGGCCCCAACCCACGCAA_015,115
GCAGGCCCCAACCCACGCAA_016,78
GCAGGCCCCAACCCACGCAA_017,8
GCAGGCCCCAACCCACGCAA_018,63
GCAGGCCCCAACCCACGCAA_019,77
GCAGGCCCCAACCCACGCAA_020,40
GCAGGCCCCAACCCACGCAA_021,82
GCAGGCCCCAACCCACGCAA_022,38
GCAGGCCCCAACCCACGCAA_023,146
GCAGGCCCCAACCCACGCAA_024,60
GCAGGCCCCAACCCACGCAA_025,188
GCAGGCCCCAACCCACGCAA_026,69
GCAGGCCCCAACCCACGCAA_027,49
GCAGGCCCCAACCCACGCAA_028,59
GCAGGCCCCAACCCACGCAA_029,62
GCAGGCCCCAACCCACGCAA_030,148
GCAGGCCCCAACCCACGCAA_031,116
GCAGGCCCCAACCCACGCAA_032,55
GCAGGCCCCAACCCACGCAA_033,14
GCAGGCCCCAACCCACGCAA_034,127
GCAGGCCCCAACCCACGCAA_035,126
GCAGGCCCCAACCCACGCAA_036,49
GCAGGCCCCAACCCACGCAA_037,188
GCAGGCCCCAACCCACGCAA_038,88
GCAGGCCCCAACCCACGCAA_039,58
GCAGGCCCCAACCCACGCAA_040,5
GCAGGCCCCAACCCACGCAA_041,98
GCAGGCCCCAACCCACGCAA_042,124
GCAGGCCCCAACCCACGCAA_043,145
GCAGGCCCCAACCCACGCAA_044,53
GCAGGCCCCAACCCACGCAA_045,151
GCAGGCCCCAACCCACGCAA_046,3
GCAGGCCCCAACCCACGCAA_047,197
GCAGGCCCCAACCCACGCAA_048,115
GCAGGCCCCAACCCACGCAA_049,98
GCAGGCCCCAACCCACGCAA_050,39
GCAGGCCCCAACCCACGCAA_051,118
GCAGGCCCCAACCCACGCAA_052,62
GCAGGCCCCAACCCACGCAA_053,105
GCAGGCCCCAACCCACGCAA_054,63
GCAGGCCCCAACCCACGCAA_055,169
GCAGGCCCCAACCCACGCAA_056,134
GCAGGCCCCAACCCACGCAA_057,198
GCAGGCCCCAACCCACGCAA_058,15
GCAGGCCCCAACCCACGCAA_059,49
CATCGGGAACTAGACCGGAG_001,51
CATCGGGAACTAGACCGGAG_002,147
CATCGGGAACTAGACCGGAG_003,199
CATCGGGAACTAGACCGGAG_004,41
CATCGGGAACTAGACCGGAG_005,19
CATCGGGAACTAGACCGGAG_006,148
CATCGGGAACTAGACCGGAG_007,102
CATCGGGAACTAGACCGGAG_008,89
CATCGGGAACTAGACCGGAG_009,133
CATCGGGAACTAGACCGGAG_010,194
CATCGGGAACTAGACCGGAG_011,127
GAATGTTCTTGACGTCATGG_001,19
GAATGTTCTTGACGTCATGG_002,48
GAATGTTCTTGACGTCATGG_003,140
GAATGTTCTTGACGTCATGG_004,58
GAATGTTCTTGACGTCATGG_005,3
GAATGTTCTTGACGTCATGG_006,182
GAATGTTCTTGACGTCATGG_007,68
GAATGTTCTTGACGTCATGG_008,35
GAATGTTCTTGACGTCATGG_009,1
AGGCCAAGTTTATGCAACCA_001,170
AGGCCAAGTTTATGCAACCA_002,40
AGGCCAAGTTTATGCAACCA_003,47
AGGCCAAGTTTATGCAACCA_004,42
AGGCCAAGTTTATGCAACCA_005,27
AGGCCAAGTTTATGCAACCA_006,37
AGAGATGATGACTGGCGTAT_001,193
AGAGATGATGACTGGCGTAT_002,61
AGAGATGATGACTGGCGTAT_003,68
AGAGATGATGACTGGCGTAT_004,26
AGAGATGATGACTGGCGTAT_005,48
AGAGATGATGACTGGCGTAT_006,173
GCATCTCCATGAGTTCCAGT_001,85
GCATCTCCATGAGTTCCAGT_002,197
GCATCTCCATGAGTTCCAGT_003,151
GCATCTCCATGAGTTCCAGT_004,182
GCATCTCCATGAGTTCCAGT_005,113
GCATCTCCATGAGTTCCAGT_006,72
GCATCTCCATGAGTTCCAGT_007,125
GCATCTCCATGAGTTCCAGT_008,178
GCATCTCCATGAGTTCCAGT_009,39
GCATCTCCATGAGTTCCAGT_010,103
GCATCTCCATGAGTTCCAGT_011,104
GCATCTCCATGAGTTCCAGT_012,68
GCATCTCCATGAGTTCCAGT_013,70
GCATCTCCATGAGTTCCAGT_014,0
GCATCTCCATGAGTTCCAGT_015,188
GCATCTCCATGAGTTCCAGT_016,9
GCATCTCCATGAGTTCCAGT_017,144
GAGGGCACGCACAGCCAGTG_001,89
GAGGGCACGCACAGCCAGTG_002,0
GAGGGCACGCACAGCCAGTG_003,177
GAGGGCACGCACAGCCAGTG_004,57
GAGGGCACGCACAGCCAGTG_005,191
GAGGGCACGCACAGCCAGTG_006,138
GAGGGCACGCACAGCCAGTG_007,175
AAGGCCTGTGTATGGAGTAG_001,198
AAGGCCTGTGTATGGAGTAG_002,1
AAGGCCTGTGTATGGAGTAG_003,155
AAGGCCTGTGTATGGAGTAG_004,132
GGGGAAGCACTCACGGCCGT_001,34
GGGGAAGCACTCACGGCCGT_002,12
GGGGAAGCACTCACGGCCGT_003,117
GGGGAAGCACTCACGGCCGT_004,194
GGGGAAGCACTCACGGCCGT_005,133
GGGGAAGCACTCACGGCCGT_006,34
GGGGAAGCACTCACGGCCGT_007,64
GGGGAAGCACTCACGGCCGT_008,68
AGGGTCAGTCTGTCCTTTTT_001,189
AGGGTCAGTCTGTCCTTTTT_002,32
AGGGTCAGTCTGTCCTTTTT_003,163
AGGGTCAGTCTGTCCTTTTT_004,35
AGGGTCAGTCTGTCCTTTTT_005,152
AGGGTCAGTCTGTCCTTTTT_006,121
AGGGTCAGTCTGTCCTTTTT_007,47
AGGGTCAGTCTGTCCTTTTT_008,112
AGGGTCAGTCTGTCCTTTTT_009,159
AGGGTCAGTCTGTCCTTTTT_010,172
AGGGTCAGTCTGTCCTTTTT_011,129
AGGGTCAGTCTGTCCTTTTT_012,151
AGGGTCAGTCTGTCCTTTTT_013,137
AGGGTCAGTCTGTCCTTTTT_014,119
GAGAGGAGTTATTGAAAACA_001,118
CTTCACCCGCCACAAGCGCA_001,81
CTTCACCCGCCACAAGCGCA_002,36
CTTCACCCGCCACAAGCGCA_003,56
CTTCACCCGCCACAAGCGCA_004,178
CTTCACCCGCCACAAGCGCA_005,9
CTTCACCCGCCACAAGCGCA_006,111
CTTCACCCGCCACAAGCGCA_007,79
CTTCACCCGCCACAAGCGCA_008,92
CTTCACCCGCCACAAGCGCA_009,193
CTTCACCCGCCACAAGCGCA_010,115
CTTCACCCGCCACAAGCGCA_011,154
CTTCACCCGCCACAAGCGCA_012,124
CTTCACCCGCCACAAGCGCA_013,172
CTTCACCCGCCACAAGCGCA_014,157
CTTCACCCGCCACAAGCGCA_015,62
CTTCACCCGCCACAAGCGCA_016,81
CTTCACCCGCCACAAGCGCA_017,1
CTTCACCCGCCACAAGCGCA_018,17
CTTCACCCGCCACAAGCGCA_019,70
CTTCACCCGCCACAAGCGCA_020,192
CTTCACCCGCCACAAGCGCA_021,148
CTTCACCCGCCACAAGCGCA_022,35
CTTCACCCGCCACAAGCGCA_023,81
CTTCACCCGCCACAAGCGCA_024,180
CTTCACCCGCCACAAGCGCA_025,198
CTTCACCCGCCACAAGCGCA_026,111
CTTCACCCGCCACAAGCGCA_027,102
CTTCACCCGCCACAAGCGCA_028,138
CTTCACCCGCCACAAGCGCA_029,1
CTTCACCCGCCACAAGCGCA_030,172
CTTCACCCGCCACAAGCGCA_031,184
CTTGGTGCAATAGTTGCATG_001,198
CTTGGTGCAATAGTTGCATG_002,94
CTTGGTGCAATAGTTGCATG_003,178
CTTGGTGCAATAGTTGCATG_004,57
CTTGGTGCAATAGTTGCATG_005,19
CTTGGTGCAATAGTTGCATG_006,168
TCAAGAAAATCTCCATCGAA_001,55
TCAAGAAAATCTCCATCGAA_002,154
TCAAGAAAATCTCCATCGAA_003,11
TCAAGAAAATCTCCATCGAA_004,17
TCAAGAAAATCTCCATCGAA_005,77
TTACCACACATGCCACCGGG_001,81
TTACCACACATGCCACCGGG_002,59
TTACCACACATGCCACCGGG_003,18
TTACCACACATGCCACCGGG_004,192
TTACCACACATGCCACCGGG_005,127
TTACCACACATGCCACCGGG_006,15
TTACCACACATGCCACCGGG_007,178
TTACCACACATGCCACCGGG_008,61
GGTCCCGACGGCCTACACAT_001,41
GGTCCCGACGGCCTACACAT_002,147
GGTCCCGACGGCCTACACAT_003,50
GGTCCCGACGGCCTACACAT_004,177
GGTCCCGACGGCCTACACAT_005,70
GGTCCCGACGGCCTACACAT_006,177
GGTCCCGACGGCCTACACAT_007,171
GGTCCCGACGGCCTACACAT_008,7
GGTCCCGACGGCCTACACAT_009,169
GGTCCCGACGGCCTACACAT_010,133
GGTCCCGACGGCCTACACAT_011,119
GGTCCCGACGGCCTACACAT_012,19
GGTCCCGACGGCCTACACAT_013,149
GGTCCCGACGGCCTACACAT_014,170
GGTCCCGACGGCCTACACAT_015,70
GGTCCCGACGGCCTACACAT_016,56
GGTCCCGACGGCCTACACAT_017,168
GGTCCCGACGGCCTACACAT_018,199
GGTCCCGACGGCCTACACAT_019,105
GGTCCCGACGGCCTACACAT_020,161
GGTCCCGACGGCCTACACAT_021,13
GGTCCCGACGGCCTACACAT_022,127
GGTCCCGACGGCCTACACAT_023,197
GGTCCCGACGGCCTACACAT_024,100
GGTCCCGACGGCCTACACAT_025,41
GGTCCCGACGGCCTACACAT_026,127
GGTCCCGACGGCCTACACAT_027,11
GGTCCCGACGGCCTACACAT_028,6
GGTCCCGACGGCCTACACAT_029,170
GGTCCCGACGGCCTACACAT_030,78
GGTCCCGACGGCCTACACAT_031,88
GGTCCCGACGGCCTACACAT_032,162
GGTCCCGACGGCCTACACAT_033,9
GGTCCCGACGGCCTACACAT_034,111
GGTCCCGACGGCCTACACAT_035,19
GGTCCCGACGGCCTACACAT_036,67
GGTCCCGACGGCCTACACAT_037,150
GGTCCCGACGGCCTACACAT_038,5
GGTCCCGACGGCCTACACAT_039,106
GGTCCCGACGGCCTACACAT_040,153
GGTCCCGACGGCCTACACAT_041,99
GGTCCCGACGGCCTACACAT_042,124
GGTCCCGACGGCCTACACAT_043,126
GGTCCCGACGGCCTACACAT_044,45
ATGACAAACAGGATGACACT_001,47
ATGACAAACAGGATGACACT_002,14
ATGACAAACAGGATGACACT_003,147
ATGACAAACAGGATGACACT_004,5
ATGACAAACAGGATGACACT_005,5
ATGACAAACAGGATGACACT_006,186
ATGACAAACAGGATGACACT_007,71
ATGACAAACAGGATGACACT_008,86
ATGACAAACAGGATGACACT_009,48
ATGACAAACAGGATGACACT_010,98
ATGACAAACAGGATGACACT_011,52
ATGACAAACAGGATGACACT_012,3
ATGACAAACAGGATGACACT_013,130
ATGACAAACAGGATGACACT_014,81
ATGACAAACAGGATGACACT_015,81
ATGACAAACAGGATGACACT_016,34
ATGACAAACAGGATGACACT_017,149
ATGACAAACAGGATGACACT_018,188
ATGACAAACAGGATGACACT_019,1
ATGACAAACAGGATGACACT_020,16
ATGACAAACAGGATGACACT_021,68
ATGACAAACAGGATGACACT_022,14
ATGACAAACAGGATGACACT_023,178
ATGACAAACAGGATGACACT_024,108
ATGACAAACAGGATGACACT_025,57
AACAGTCGGAGCATTCTGTG_001,19
AACAGTCGGAGCATTCTGTG_002,68
AACAGTCGGAGCATTCTGTG_003,7
AACAGTCGGAGCATTCTGTG_004,70
AACAGTCGGAGCATTCTGTG_005,162
AACAGTCGGAGCATTCTGTG_006,78
AACAGTCGGAGCATTCTGTG_007,6
CCTGTTACAAAGCATTAACG_001,15
CCTGTTACAAAGCATTAACG_002,100
CCTGTTACAAAGCATTAACG_003,34
CCTGTTACAAAGCATTAACG_004,116
CCTGTTACAAAGCATTAACG_005,0
ATAACGGCGGATCTCACGCA_001,25
ATAACGGCGGATCTCACGCA_002,33
ATAACGGCGGATCTCACGCA_003,82
ATAACGGCGGATCTCACGCA_004,140
ATAACGGCGGATCTCACGCA_005,76
ATAACGGCGGATCTCACGCA_006,170
ATAACGGCGGATCTCACGCA_007,51
ATAACGGCGGATCTCACGCA_008,17
ATAACGGCGGATCTCACGCA_009,8
TCCAGAAGGAGATCCATGAG_001,45
TCCAGAAGGAGATCCATGAG_002,106
TCCAGAAGGAGATCCATGAG_003,165
TCCAGAAGGAGATCCATGAG_004,48
TCCAGAAGGAGATCCATGAG_005,163
TCCAGAAGGAGATCCATGAG_006,24
TCCAGAAGGAGATCCATGAG_007,14
TCCAGAAGGAGATCCATGAG_008,155
TCCAGAAGGAGATCCATGAG_009,145
TCCAGAAGGAGATCCATGAG_010,46
AAGATACTTGGATGGGCCAC_001,12
AAGATACTTGGATGGGCCAC_002,105
AAGATACTTGGATGGGCCAC_003,56
AAGATACTTGGATGGGCCAC_004,15
AAGATACTTGGATGGGCCAC_005,9
AAGATACTTGGATGGGCCAC_006,94
AAGATACTTGGATGGGCCAC_007,40
AAGATACTTGGATGGGCCAC_008,94
AAGATACTTGGATGGGCCAC_009,45
AAGATACTTGGATGGGCCAC_010,61
AAGATACTTGGATGGGCCAC_011,185
AAGATACTTGGATGGGCCAC_012,158
AAGATACTTGGATGGGCCAC_013,22
AAGATACTTGGATGGGCCAC_014,178
AAGATACTTGGATGGGCCAC_015,108
AAGATACTTGGATGGGCCAC_016,1
AAGATACTTGGATGGGCCAC_017,158
AAGATACTTGGATGGGCCAC_018,94
AAGATACTTGGATGGGCCAC_019,131
AAGATACTTGGATGGGCCAC_020,188
AAGATACTTGGATGGGCCAC_021,79
GAAGTGTCGAGACTGTCGTG_001,84
GAAGTGTCGAGACTGTCGTG_002,57
GAAGTGTCGAGACTGTCGTG_003,123
GAAGTGTCGAGACTGTCGTG_004,165
GAAGTGTCGAGACTGTCGTG_005,177
GAAGTGTCGAGACTGTCGTG_006,136
AGTACTGCTAGAACTTCGGA_001,142
AGTACTGCTAGAACTTCGGA_002,70
AGTACTGCTAGAACTTCGGA_003,127
AGTACTGCTAGAACTTCGGA_004,143
AGTACTGCTAGAACTTCGGA_005,76
AGTACTGCTAGAACTTCGGA_006,108
AGTACTGCTAGAACTTCGGA_007,129
AGTACTGCTAGAACTTCGGA_008,95
AGTACTGCTAGAACTTCGGA_009,28
TACGGCGAAAGCGCGAGCCG_001,150
TACGGCGAAAGCGCGAGCCG_002,19
TACGGCGAAAGCGCGAGCCG_003,2
TACGGCGAAAGCGCGAGCCG_004,137
TACGGCGAAAGCGCGAGCCG_005,40
TACGGCGAAAGCGCGAGCCG_006,122
TACGGCGAAAGCGCGAGCCG_007,2
TACGGCGAAAGCGCGAGCCG_008,137
TACGGCGAAAGCGCGAGCCG_009,169
TACGGCGAAAGCGCGAGCCG_010,22
TACGGCGAAAGCGCGAGCCG_011,172
TACGGCGAAAGCGCGAGCCG_012,59
TACGGCGAAAGCGCGAGCCG_013,187
TACGGCGAAAGCGCGAGCCG_014,98
TACGGCGAAAGCGCGAGCCG_015,76
TACGGCGAAAGCGCGAGCCG_016,82
TACGGCGAAAGCGCGAGCCG_017,112
TACGGCGAAAGCGCGAGCCG_018,13
TACGGCGAAAGCGCGAGCCG_019,61
TACGGCGAAAGCGCGAGCCG_020,17
TACGGCGAAAGCGCGAGCCG_021,140
TACGGCGAAAGCGCGAGCCG_022,150
TACGGCGAAAGCGCGAGCCG_023,78
TACGGCGAAAGCGCGAGCCG_024,61
TACGGCGAAAGCGCGAGCCG_025,94
TACGGCGAAAGCGCGAGCCG_026,156
TACGGCGAAAGCGCGAGCCG_027,11
TACGGCGAAAGCGCGAGCCG_028,138
ATGTCTGAGAGACTTACTCA_001,199
ATGTCTGAGAGACTTACTCA_002,48
ATGTCTGAGAGACTTACTCA_003,106
ATGTCTGAGAGACTTACTCA_004,21
ATGTCTGAGAGACTTACTCA_005,100
ATGTCTGAGAGACTTACTCA_006,192
ATGTCTGAGAGACTTACTCA_007,162
ATGTCTGAGAGACTTACTCA_008,40
ATGTCTGAGAGACTTACTCA_009,110
ATGTCTGAGAGACTTACTCA_010,80
ATGTCTGAGAGACTTACTCA_011,137
ATGTCTGAGAGACTTACTCA_012,137
ATGTCTGAGAGACTTACTCA_013,121
ATGTCTGAGAGACTTACTCA_014,187
ATGTCTGAGAGACTTACTCA_015,8
ATGTCTGAGAGACTTACTCA_016,75
AACCAGCCCTCAAAATCGGT_001,27
AACCAGCCCTCAAAATCGGT_002,144
AACCAGCCCTCAAAATCGGT_003,8
AACCAGCCCTCAAAATCGGT_004,168
AACCAGCCCTCAAAATCGGT_005,146
AACCAGCCCTCAAAATCGGT_006,105
AACCAGCCCTCAAAATCGGT_007,9
AACCAGCCCTCAAAATCGGT_008,9
AACCAGCCCTCAAAATCGGT_009,16
AACCAGCCCTCAAAATCGGT_010,124
AACCAGCCCTCAAAATCGGT_011,22
AACCAGCCCTCAAAATCGGT_012,144
AACCAGCCCTCAAAATCGGT_013,0
AACCAGCCCTCAAAATCGGT_014,147
AACCAGCCCTCAAAATCGGT_015,152
AACCAGCCCTCAAAATCGGT_016,124
GATCGAAACCCTTACTACGG_001,78
GATCGAAACCCTTACTACGG_002,30
GATCGAAACCCTTACTACGG_003,183
GATCGAAACCCTTACTACGG_004,137
GATCGAAACCCTTACTACGG_005,150
GATCGAAACCCTTACTACGG_006,157
GATCGAAACCCTTACTACGG_007,105
GATCGAAACCCTTACTACGG_008,177
GATCGAAACCCTTACTACGG_009,152
GATCGAAACCCTTACTACGG_010,124
TACAATGCACGTAAACACAC_001,45
TACAATGCACGTAAACACAC_002,130
TACAATGCACGTAAACACAC_003,160
TACAATGCACGTAAACACAC_004,61
TACAATGCACGTAAACACAC_005,23
TACAATGCACGTAAACACAC_006,52
TACAATGCACGTAAACACAC_007,168
TTTCGACTCCAGTGTCACTG_001,123
TTTCGACTCCAGTGTCACTG_002,141
TTTCGACTCCAGTGTCACTG_003,60
TTTCGACTCCAGTGTCACTG_004,33
ATAGCTACCGGATAGACCCC_001,118
ATAGCTACCGGATAGACCCC_002,94
CCAATCCAACTCACCCAATG_001,152
CCAATCCAACTCACCCAATG_002,106
CCAATCCAACTCACCCAATG_003,144
CCAATCCAACTCACCCAATG_004,73
CCAATCCAACTCACCCAATG_005,82
ATGTTAACGGAACTCCTGAG_001,169
ATGTTAACGGAACTCCTGAG_002,5
ATGTTAACGGAACTCCTGAG_003,56
ATGTTAACGGAACTCCTGAG_004,89
ATGTTAACGGAACTCCTGAG_005,193
ATGTTAACGGAACTCCTGAG_006,162
ATGTTAACGGAACTCCTGAG_007,61
ATGTTAACGGAACTCCTGAG_008,69
ATGTTAACGGAACTCCTGAG_009,46
ATGTTAACGGAACTCCTGAG_010,10
ATGTTAACGGAACTCCTGAG_011,153
ATGTTAACGGAACTCCTGAG_012,142
ATGTTAACGGAACTCCTGAG_013,147
ATGTTAACGGAACTCCTGAG_014,34
ATGTTAACGGAACTCCTGAG_015,166
GGAGGTCGAGTCCTCCTACT_001,6
GGAGGTCGAGTCCTCCTACT_002,29
GGAGGTCGAGTCCTCCTACT_003,116
GGAGGTCGAGTCCTCCTACT_004,184
GGAGGTCGAGTCCTCCTACT_005,105
GGAGGTCGAGTCCTCCTACT_006,138
GGAGGTCGAGTCCTCCTACT_007,148
GGAGGTCGAGTCCTCCTACT_008,65
GGAGGTCGAGTCCTCCTACT_009,29
GGAGGTCGAGTCCTCCTACT_010,145
GGAGGTCGAGTCCTCCTACT_011,75
GGAGGTCGAGTCCTCCTACT_012,19
GGAGGTCGAGTCCTCCTACT_013,124
GGAGGTCGAGTCCTCCTACT_014,15
GGAGGTCGAGTCCTCCTACT_015,175
GAAACGCAGAAAGGACTCAG_001,121
GAAACGCAGAAAGGACTCAG_002,197
GAAACGCAGAAAGGACTCAG_003,44
GAAACGCAGAAAGGACTCAG_004,44
GAAACGCAGAAAGGACTCAG_005,164
GAAACGCAGAAAGGACTCAG_006,183
GAAACGCAGAAAGGACTCAG_007,55
GAAACGCAGAAAGGACTCAG_008,162
GAAACGCAGAAAGGACTCAG_009,130
GAAACGCAGAAAGGACTCAG_010,147
GAAACGCAGAAAGGACTCAG_011,148
GAAACGCAGAAAGGACTCAG_012,57
GAAACGCAGAAAGGACTCAG_013,69
GAAACGCAGAAAGGACTCAG_014,166
GAAACGCAGAAAGGACTCAG_015,75
GAAACGCAGAAAGGACTCAG_016,145
GAAACGCAGAAAGGACTCAG_017,15
GAAACGCAGAAAGGACTCAG_018,76
GAAACGCAGAAAGGACTCAG_019,62
GAAACGCAGAAAGGACTCAG_020,91
GAAACGCAGAAAGGACTCAG_021,50
GAAACGCAGAAAGGACTCAG_022,77
GAAACGCAGAAAGGACTCAG_023,174
GAAACGCAGAAAGGACTCAG_024,34
GAAACGCAGAAAGGACTCAG_025,63
GAAACGCAGAAAGGACTCAG_026,52
GAAACGCAGAAAGGACTCAG_027,17
GAAACGCAGAAAGGACTCAG_028,86
GAAACGCAGAAAGGACTCAG_029,20
GAAACGCAGAAAGGACTCAG_030,138
TCCATGGACCCGAGACCAAG_001,119
TCCATGGACCCGAGACCAAG_002,184
TCCATGGACCCGAGACCAAG_003,14
TCCTCCCGCCGACGTGACCG_001,174
AGGCAGTATAACTCCAACTG_001,42
AGGCAGTATAACTCCAACTG_002,166
TGGACCCTGAGACCAGACAA_001,7
TGGACCCTGAGACCAGACAA_002,7
TGGACCCTGAGACCAGACAA_003,173
TGGACCCTGAGACCAGACAA_004,173
TGGACCCTGAGACCAGACAA_005,135
TGGACCCTGAGACCAGACAA_006,100
TGGACCCTGAGACCAGACAA_007,190
TGGACCCTGAGACCAGACAA_008,62
TGGACCCTGAGACCAGACAA_009,133
TGGACCCTGAGACCAGACAA_010,147
TGGACCCTGAGACCAGACAA_011,47
TGGACCCTGAGACCAGACAA_012,188
TGGACCCTGAGACCAGACAA_013,166
TGGACCCTGAGACCAGACAA_014,132
TGGACCCTGAGACCAGACAA_015,108
TGGACCCTGAGACCAGACAA_016,126
TGGACCCTGAGACCAGACAA_017,63
TGGACCCTGAGACCAGACAA_018,150
TGGACCCTGAGACCAGACAA_019,35
TGGACCCTGAGACCAGACAA_020,33
CTGATGGCCAGAATGTCGTG_001,62
CTGATGGCCAGAATGTCGTG_002,47
CTGGATCAGCCCTTTCACGA_001,124
CTGGATCAGCCCTTTCACGA_002,70
CTGGATCAGCCCTTTCACGA_003,159
AGTCCCTCAACAGTAATGAT_001,180
TGACGGAGTACTTGAAGTAG_001,183
TGACGGAGTACTTGAAGTAG_002,138
CCCCACTGTGCGCGCCACCG_001,50
CCCCACTGTGCGCGCCACCG_002,120
CCCCACTGTGCGCGCCACCG_003,145
CCCCACTGTGCGCGCCACCG_004,171
CCCCACTGTGCGCGCCACCG_005,19
CCCCACTGTGCGCGCCACCG_006,41
CCCCACTGTGCGCGCCACCG_007,105
CCCCACTGTGCGCGCCACCG_008,121
CCCCACTGTGCGCGCCACCG_009,190
CCCCACTGTGCGCGCCACCG_010,49
CCCCACTGTGCGCGCCACCG_011,57
CCCCACTGTGCGCGCCACCG_012,84
TACTTACTGGAACCTCTCGG_001,106
TACTTACTGGAACCTCTCGG_002,60
TACTTACTGGAACCTCTCGG_003,95
TACTTACTGGAACCTCTCGG_004,183
TACTTACTGGAACCTCTCGG_005,62
TACTTACTGGAACCTCTCGG_006,127
TACTTACTGGAACCTCTCGG_007,2
CGAAACCAGCTCCTCCACTG_001,99
CGAAACCAGCTCCTCCACTG_002,48
CGAAACCAGCTCCTCCACTG_003,62
CGAAACCAGCTCCTCCACTG_004,142
CGAAACCAGCTCCTCCACTG_005,146
CGAAACCAGCTCCTCCACTG_006,0
CGAAACCAGCTCCTCCACTG_007,180
CGAAACCAGCTCCTCCACTG_008,116
CGAAACCAGCTCCTCCACTG_009,29
CGAAACCAGCTCCTCCACTG_010,70
CGAAACCAGCTCCTCCACTG_011,88
CGAAACCAGCTCCTCCACTG_012,76
CGAAACCAGCTCCTCCACTG_013,28
CGAAACCAGCTCCTCCACTG_014,141
CGAAACCAGCTCCTCCACTG_015,29
CGAAACCAGCTCCTCCACTG_016,68
CGAAACCAGCTCCTCCACTG_017,9
CGAAACCAGCTCCTCCACTG_018,186
CGAAACCAGCTCCTCCACTG_019,108
CGAAACCAGCTCCTCCACTG_020,62
CGAAACCAGCTCCTCCACTG_021,121
CGAAACCAGCTCCTCCACTG_022,130
CGAAACCAGCTCCTCCACTG_023,168
CGAAACCAGCTCCTCCACTG_024,62
CGAAACCAGCTCCTCCACTG_025,120
GCCCGTGGAAGGCCTCGGGG_001,54
GCCCGTGGAAGGCCTCGGGG_002,170
GCCCGTGGAAGGCCTCGGGG_003,183
GCCCGTGGAAGGCCTCGGGG_004,186
GCCCGTGGAAGGCCTCGGGG_005,150
GCCCGTGGAAGGCCTCGGGG_006,150
GCCCGTGGAAGGCCTCGGGG_007,150
GCCCGTGGAAGGCCTCGGGG_008,184
GCCCGTGGAAGGCCTCGGGG_009,172
GCCCGTGGAAGGCCTCGGGG_010,13
CGCCCCTCGAGAGCGGACAC_001,91
CGCCCCTCGAGAGCGGACAC_002,70
CGCCCCTCGAGAGCGGACAC_003,74
CGCCCCTCGAGAGCGGACAC_004,120
CGCCCCTCGAGAGCGGACAC_005,190
CGCCCCTCGAGAGCGGACAC_006,105
CGCCCCTCGAGAGCGGACAC_007,176
CGCCCCTCGAGAGCGGACAC_008,108
CGCCCCTCGAGAGCGGACAC_009,58
CGCCCCTCGAGAGCGGACAC_010,147
CGCCCCTCGAGAGCGGACAC_011,135
CGCCCCTCGAGAGCGGACAC_012,136
CGCCCCTCGAGAGCGGACAC_013,102
GGCTTACATGCACGACGCGG_001,106
ATAGAGTACTATCGTAACAC_001,156
ATAGAGTACTATCGTAACAC_002,49
ACCTTGCCAGCCTCCACCCC_001,188
ACCTTGCCAGCCTCCACCCC_002,168
ACCTTGCCAGCCTCCACCCC_003,107
ACCTTGCCAGCCTCCACCCC_004,32
TCTGCGCCTTCAATGCCCAG_001,23
TCTGCGCCTTCAATGCCCAG_002,58
TCTGCGCCTTCAATGCCCAG_003,3
TCTGCGCCTTCAATGCCCAG_004,111
TCATAAGCAGGAGAAACACC_001,132
TCATAAGCAGGAGAAACACC_002,198
TCATAAGCAGGAGAAACACC_003,8
CTTTGTAACTGGAGTCCATG_001,119
CTTTGTAACTGGAGTCCATG_002,32
CTTTGTAACTGGAGTCCATG_003,94
CTTTGTAACTGGAGTCCATG_004,101
GAGGCCAGCGATGTATGCGA_001,47
GAGGCCAGCGATGTATGCGA_002,23
GAGGCCAGCGATGTATGCGA_003,131
GAGGCCAGCGATGTATGCGA_004,93
GAGGCCAGCGATGTATGCGA_005,25
GAGGCCAGCGATGTATGCGA_006,133
GAGGCCAGCGATGTATGCGA_007,116
GAGGCCAGCGATGTATGCGA_008,15
GAGGCCAGCGATGTATGCGA_009,107
GAGGCCAGCGATGTATGCGA_010,127
GAGGCCAGCGATGTATGCGA_011,105
GAGGCCAGCGATGTATGCGA_012,141
GAGGCCAGCGATGTATGCGA_013,169
GAGGCCAGCGATGTATGCGA_014,29
GAGGCCAGCGATGTATGCGA_015,193
GAGGCCAGCGATGTATGCGA_016,196
GAGGCCAGCGATGTATGCGA_017,158
GAGGCCAGCGATGTATGCGA_018,68
GAGGCCAGCGATGTATGCGA_019,84
GAGGCCAGCGATGTATGCGA_020,16
GAGGCCAGCGATGTATGCGA_021,94
GAGGCCAGCGATGTATGCGA_022,150
GGGATGCCGAGAAGACCGAT_001,35
GGGATGCCGAGAAGACCGAT_002,16
GGGATGCCGAGAAGACCGAT_003,72
GGGATGCCGAGAAGACCGAT_004,172
GGGATGCCGAGAAGACCGAT_005,159
GGGATGCCGAGAAGACCGAT_006,102
GGGATGCCGAGAAGACCGAT_007,198
AGATCGATTCAATCATTCTG_001,157
AGCCCCAGAAGTGGAAGTTA_001,62
AGCCCCAGAAGTGGAAGTTA_002,191
AGCCCCAGAAGTGGAAGTTA_003,162
AGCCCCAGAAGTGGAAGTTA_004,165
AGCCCCAGAAGTGGAAGTTA_005,56
AGCCCCAGAAGTGGAAGTTA_006,27
AGCCCCAGAAGTGGAAGTTA_007,89
AGCCCCAGAAGTGGAAGTTA_008,146
AGCCCCAGAAGTGGAAGTTA_009,190
AGCCCCAGAAGTGGAAGTTA_010,84
AGCCCCAGAAGTGGAAGTTA_011,8
AGCCCCAGAAGTGGAAGTTA_012,162
AGCCCCAGAAGTGGAAGTTA_013,60
AGCCCCAGAAGTGGAAGTTA_014,79
AGCCCCAGAAGTGGAAGTTA_015,2
AGCCCCAGAAGTGGAAGTTA_016,156
AGCCCCAGAAGTGGAAGTTA_017,36
AGCCCCAGAAGTGGAAGTTA_018,64
AGCCCCAGAAGTGGAAGTTA_019,126
AGCCCCAGAAGTGGAAGTTA_020,68
AGCCCCAGAAGTGGAAGTTA_021,166
AGCCCCAGAAGTGGAAGTTA_022,169
AAGAAGACCAAACCATCCCA_001,25
AAGAAGACCAAACCATCCCA_002,32
AAGAAGACCAAACCATCCCA_003,80
AAGAAGACCAAACCATCCCA_004,170
AAGAAGACCAAACCATCCCA_005,70
AAGAAGACCAAACCATCCCA_006,114
AAGAAGACCAAACCATCCCA_007,94
AAGAAGACCAAACCATCCCA_008,35
AAGAAGACCAAACCATCCCA_009,81
AAGAAGACCAAACCATCCCA_010,170
AAGAAGACCAAACCATCCCA_011,175
CTGCCATCGCAGTTCATGGG_001,29
CTGCCATCGCAGTTCATGGG_002,115
CTGCCATCGCAGTTCATGGG_003,146
CTGCCATCGCAGTTCATGGG_004,5
CTGCCATCGCAGTTCATGGG_005,196
CTGCCATCGCAGTTCATGGG_006,11
CTGCCATCGCAGTTCATGGG_007,127
CTGCCATCGCAGTTCATGGG_008,166
CTGCCATCGCAGTTCATGGG_009,50
CTGCCATCGCAGTTCATGGG_010,48
CTGCCATCGCAGTTCATGGG_011,172
CTGCCATCGCAGTTCATGGG_012,193
CTGCCATCGCAGTTCATGGG_013,108
CTGCCATCGCAGTTCATGGG_014,108
CTGCCATCGCAGTTCATGGG_015,137
CTGCCATCGCAGTTCATGGG_016,188
CTGCCATCGCAGTTCATGGG_017,183
CTGCCATCGCAGTTCATGGG_018,182
CTGCCATCGCAGTTCATGGG_019,68
GGAGGTGGAAGAGATCGTGG_001,106
GGAGGTGGAAGAGATCGTGG_002,16
GGAGGTGGAAGAGATCGTGG_003,137
GGAGGTGGAAGAGATCGTGG_004,160
GGAGGTGGAAGAGATCGTGG_005,29
GGAGGTGGAAGAGATCGTGG_006,185
GGAGGTGGAAGAGATCGTGG_007,112
GGAGGTGGAAGAGATCGTGG_008,60
GGAGGTGGAAGAGATCGTGG_009,138
GGAGGTGGAAGAGATCGTGG_010,178
GGAGGTGGAAGAGATCGTGG_011,93
GGAGGTGGAAGAGATCGTGG_012,138
GGAGAACAGCCGGTCTACAT_001,68
GGAGAACAGCCGGTCTACAT_002,104
GGAGAACAGCCGGTCTACAT_003,139
GGAGAACAGCCGGTCTACAT_004,1
GGAGAACAGCCGGTCTACAT_005,1
GGAGAACAGCCGGTCTACAT_006,19
GGAGAACAGCCGGTCTACAT_007,68
GGAGAACAGCCGGTCTACAT_008,158
GGAGAACAGCCGGTCTACAT_009,30
GGAGAACAGCCGGTCTACAT_010,145
GGAGAACAGCCGGTCTACAT_011,160
GGAGAACAGCCGGTCTACAT_012,65
GGAGAACAGCCGGTCTACAT_013,141
GGAGAACAGCCGGTCTACAT_014,80
GGAGAACAGCCGGTCTACAT_015,49
GGAGAACAGCCGGTCTACAT_016,158
GGAGAACAGCCGGTCTACAT_017,146
GGAGAACAGCCGGTCTACAT_018,2
GGAGAACAGCCGGTCTACAT_019,175
GTGGTGAGGACAGAGTTATA_001,132
GTGGTGAGGACAGAGTTATA_002,105
GTGGTGAGGACAGAGTTATA_003,173
ATTGCCCCCCTCCAAACACG_001,96
ATTGCCCCCCTCCAAACACG_002,45
ATTGCCCCCCTCCAAACACG_003,126
ATTGCCCCCCTCCAAACACG_004,66
ATTGCCCCCCTCCAAACACG_005,80
ATTGCCCCCCTCCAAACACG_006,72
ATTGCCCCCCTCCAAACACG_007,110
ATTGCCCCCCTCCAAACACG_008,162
ATTGCCCCCCTCCAAACACG_009,189
ATTGCCCCCCTCCAAACACG_010,60
ATTGCCCCCCTCCAAACACG_011,2
ATTGCCCCCCTCCAAACACG_012,88
ATTGCCCCCCTCCAAACACG_013,162
ATTGCCCCCCTCCAAACACG_014,113
ATTGCCCCCCTCCAAACACG_015,68
ATTGCCCCCCTCCAAACACG_016,197
ATTGCCCCCCTCCAAACACG_017,51
ATTGCCCCCCTCCAAACACG_018,162
ATTGCCCCCCTCCAAACACG_019,163
ATTGCCCCCCTCCAAACACG_020,193
ATTGCCCCCCTCCAAACACG_021,160
ATTGCCCCCCTCCAAACACG_022,141
ATTGCCCCCCTCCAAACACG_023,112
ATTGCCCCCCTCCAAACACG_024,177
ATTGCCCCCCTCCAAACACG_025,38
ATTGCCCCCCTCCAAACACG_026,74
ATTGCCCCCCTCCAAACACG_027,9
ATTGCCCCCCTCCAAACACG_028,52
ATTGCCCCCCTCCAAACACG_029,77
ATTGCCCCCCTCCAAACACG_030,174
ATTGCCCCCCTCCAAACACG_031,0
ATTGCCCCCCTCCAAACACG_032,108
ATTGCCCCCCTCCAAACACG_033,124
ATTGCCCCCCTCCAAACACG_034,80
ATTGCCCCCCTCCAAACACG_035,33
ATTGCCCCCCTCCAAACACG_036,148
ATTGCCCCCCTCCAAACACG_037,77
ATTGCCCCCCTCCAAACACG_038,89
ATTGCCCCCCTCCAAACACG_039,63
ATTGCCCCCCTCCAAACACG_040,112
ATTGCCCCCCTCCAAACACG_041,33
ATTGCCCCCCTCCAAACACG_042,168
ATTGCCCCCCTCCAAACACG_043,49
ATTGCCCCCCTCCAAACACG_044,10
ATTGCCCCCCTCCAAACACG_045,7
ATTGCCCCCCTCCAAACACG_046,63
ATTGCCCCCCTCCAAACACG_047,158
ATTGCCCCCCTCCAAACACG_048,188
TGCAGGTGTTCAGTGCTCAG_001,174
TGCAGGTGTTCAGTGCTCAG_002,53
TGCAGGTGTTCAGTGCTCAG_003,77
TGCAGGTGTTCAGTGCTCAG_004,175
TGCAGGTGTTCAGTGCTCAG_005,191
TGCAGGTGTTCAGTGCTCAG_006,102
TGCAGGTGTTCAGTGCTCAG_007,150
TGCAGGTGTTCAGTGCTCAG_008,22
GCTTGGCAGGAAAACGAGAA_001,5
GCTTGGCAGGAAAACGAGAA_002,157
GCTTGGCAGGAAAACGAGAA_003,141
GCTTGGCAGGAAAACGAGAA_004,58
GCTTGGCAGGAAAACGAGAA_005,62
GCTTGGCAGGAAAACGAGAA_006,147
GCTTGGCAGGAAAACGAGAA_007,0
GCTTGGCAGGAAAACGAGAA_008,89
GCTTGGCAGGAAAACGAGAA_009,30
TGGAAGAGCAGAATACTGGG_001,119
TGGAAGAGCAGAATACTGGG_002,50
TGGAAGAGCAGAATACTGGG_003,199
TGGAAGAGCAGAATACTGGG_004,34
TGGAAGAGCAGAATACTGGG_005,19
TGGAAGAGCAGAATACTGGG_006,92
TGGAAGAGCAGAATACTGGG_007,57
TTTGTAGGAATATGAAAACG_001,199
GGAGATGCAGAAACTACCAG_001,189
GGAGATGCAGAAACTACCAG_002,158
GGAGATGCAGAAACTACCAG_003,64
TACCACCCAAGGCTACACTT_001,44
TACCACCCAAGGCTACACTT_002,25
TACCACCCAAGGCTACACTT_003,119
TACCACCCAAGGCTACACTT_004,172
TACCACCCAAGGCTACACTT_005,3
TACCACCCAAGGCTACACTT_006,191
TACCACCCAAGGCTACACTT_007,127
TACCACCCAAGGCTACACTT_008,89
TACCACCCAAGGCTACACTT_009,163
TACCACCCAAGGCTACACTT_010,67
TACCACCCAAGGCTACACTT_011,111
TACCACCCAAGGCTACACTT_012,127
TACCACCCAAGGCTACACTT_013,150
TACCACCCAAGGCTACACTT_014,126
TACCACCCAAGGCTACACTT_015,98
TACCACCCAAGGCTACACTT_016,150
TACCACCCAAGGCTACACTT_017,91
TACCACCCAAGGCTACACTT_018,55
TACCACCCAAGGCTACACTT_019,28
TACCACCCAAGGCTACACTT_020,197
TACCACCCAAGGCTACACTT_021,162
GAATTCCTGAAAGTTGACCA_001,42
GAATTCCTGAAAGTTGACCA_002,74
GAATTCCTGAAAGTTGACCA_003,159
GAATTCCTGAAAGTTGACCA_004,23
TCTTGTCATCTGCTCAACAC_001,147
TCTTGTCATCTGCTCAACAC_002,158
TCTTGTCATCTGCTCAACAC_003,38
TCTTGTCATCTGCTCAACAC_004,30
TCTTGTCATCTGCTCAACAC_005,147
TCTTGTCATCTGCTCAACAC_006,11
TCTTGTCATCTGCTCAACAC_007,189
TCTTGTCATCTGCTCAACAC_008,57
TCTTGTCATCTGCTCAACAC_009,107
TCTTGTCATCTGCTCAACAC_010,15
AATACTTACTAGATCTAGTG_001,43
AAGACGGGGTTACCCCGGGA_001,42
AAGACGGGGTTACCCCGGGA_002,198
AAGACGGGGTTACCCCGGGA_003,3
AAGACGGGGTTACCCCGGGA_004,94
AAGACGGGGTTACCCCGGGA_005,162
AATAATTCTTGTGTCACATG_001,23
AATAATTCTTGTGTCACATG_002,34
AATAATTCTTGTGTCACATG_003,147
AATAATTCTTGTGTCACATG_004,160
AATAATTCTTGTGTCACATG_005,7
AATAATTCTTGTGTCACATG_006,133
AATAATTCTTGTGTCACATG_007,115
AATAATTCTTGTGTCACATG_008,112
AATAATTCTTGTGTCACATG_009,15
AATAATTCTTGTGTCACATG_010,147
AATAATTCTTGTGTCACATG_011,121
CTGCAGGAGATGATCGCTCT_001,106
CTGCAGGAGATGATCGCTCT_002,61
CTGCAGGAGATGATCGCTCT_003,15
CTGCAGGAGATGATCGCTCT_004,115
CTGCAGGAGATGATCGCTCT_005,149
CTGCAGGAGATGATCGCTCT_006,28
CAACTCAGCCGCCTGATGGT_001,157
CAACTCAGCCGCCTGATGGT_002,84
CAACTCAGCCGCCTGATGGT_003,53
CAACTCAGCCGCCTGATGGT_004,149
CAACTCAGCCGCCTGATGGT_005,98
CAACTCAGCCGCCTGATGGT_006,160
CAACTCAGCCGCCTGATGGT_007,151
CAACTCAGCCGCCTGATGGT_008,92
CAACTCAGCCGCCTGATGGT_009,194
CAACTCAGCCGCCTGATGGT_010,134
CAGACTCACTTGTACGCCTG_001,19
CAGACTCACTTGTACGCCTG_002,159
CAGACTCACTTGTACGCCTG_003,91
CAGACTCACTTGTACGCCTG_004,62
CAGACTCACTTGTACGCCTG_005,190
CAGACTCACTTGTACGCCTG_006,141
CAGACTCACTTGTACGCCTG_007,133
CAGACTCACTTGTACGCCTG_008,170
CAGACTCACTTGTACGCCTG_009,6
CAGACTCACTTGTACGCCTG_010,82
CTGAGCCCGATGTACCCCAG_001,34
CTGAGCCCGATGTACCCCAG_002,115
CTGAGCCCGATGTACCCCAG_003,138
CTGAGCCCGATGTACCCCAG_004,63
CTGAGCCCGATGTACCCCAG_005,34
CTGAGCCCGATGTACCCCAG_006,88
CTGAGCCCGATGTACCCCAG_007,160
CTGAGCCCGATGTACCCCAG_008,158
CTGAGCCCGATGTACCCCAG_009,1
CTGAGCCCGATGTACCCCAG_010,58
CTGAGCCCGATGTACCCCAG_011,106
CTGAGCCCGATGTACCCCAG_012,77
CTGAGCCCGATGTACCCCAG_013,50
CTGAGCCCGATGTACCCCAG_014,103
CTGAGCCCGATGTACCCCAG_015,185
CTGAGCCCGATGTACCCCAG_016,91
AGAATTCCAGAAGATTGCCA_001,12
AGAATTCCAGAAGATTGCCA_002,105
AGAATTCCAGAAGATTGCCA_003,147
ATCCGGTCACTACTAGAGGT_001,17
ATCCGGTCACTACTAGAGGT_002,191
ATCCGGTCACTACTAGAGGT_003,96
ATCCGGTCACTACTAGAGGT_004,174
ATCCGGTCACTACTAGAGGT_005,86
ATCCGGTCACTACTAGAGGT_006,82
ATCCGGTCACTACTAGAGGT_007,15
ATCCGGTCACTACTAGAGGT_008,138
ATCCGGTCACTACTAGAGGT_009,10
ATCCGGTCACTACTAGAGGT_010,176
ATCCGGTCACTACTAGAGGT_011,155
ATCCGGTCACTACTAGAGGT_012,35
ACAGCTGTATTCTGTACGGG_001,123
TGTGTACAGTAGTCAAGGCG_001,75
TGTGTACAGTAGTCAAGGCG_002,8
TTTGCGCAGCCGCTTACAGG_001,162
TTTGCGCAGCCGCTTACAGG_002,49
TTTGCGCAGCCGCTTACAGG_003,162
TTTGCGCAGCCGCTTACAGG_004,12
TTTGCGCAGCCGCTTACAGG_005,109
TTTGCGCAGCCGCTTACAGG_006,65
TTTGCGCAGCCGCTTACAGG_007,101
TTTGCGCAGCCGCTTACAGG_008,94
TTTGCGCAGCCGCTTACAGG_009,10
TTTGCGCAGCCGCTTACAGG_010,98
TTTGCGCAGCCGCTTACAGG_011,10
AACGGGATACAGACTCGTTG_001,177
AACGGGATACAGACTCGTTG_002,149
AACGGGATACAGACTCGTTG_003,115
AACGGGATACAGACTCGTTG_004,2
AACGGGATACAGACTCGTTG_005,184
AACGGGATACAGACTCGTTG_006,149
AACGGGATACAGACTCGTTG_007,28
AACGGGATACAGACTCGTTG_008,141
TGGAAGATATCATTAAACAG_001,135
TCCTGGGAGGAACGATGGAG_001,40
TCCTGGGAGGAACGATGGAG_002,147
TCCTGGGAGGAACGATGGAG_003,153
TCCTGGGAGGAACGATGGAG_004,128
AGTCCCCGATGAGACACACC_001,4
AGTCCCCGATGAGACACACC_002,105
AGTCCCCGATGAGACACACC_003,136
AGTCCCCGATGAGACACACC_004,58
AGTCCCCGATGAGACACACC_005,120
AGTCCCCGATGAGACACACC_006,132
AGTCCCCGATGAGACACACC_007,117
AGTCCCCGATGAGACACACC_008,197
AGTCCCCGATGAGACACACC_009,80
AGTCCCCGATGAGACACACC_010,129
AGTCCCCGATGAGACACACC_011,73
AGTCCCCGATGAGACACACC_012,104
AGTCCCCGATGAGACACACC_013,67
GATCCCATTAAAATTGTCGA_001,25
GATCCCATTAAAATTGTCGA_002,7
GATCCCATTAAAATTGTCGA_003,156
GATCCCATTAAAATTGTCGA_004,50
GATCCCATTAAAATTGTCGA_005,19
GATCCCATTAAAATTGTCGA_006,54
GATCCCATTAAAATTGTCGA_007,31
GATCCCATTAAAATTGTCGA_008,48
GATCCCATTAAAATTGTCGA_009,150
GATCCCATTAAAATTGTCGA_010,5
GATCCCATTAAAATTGTCGA_011,183
GATCCCATTAAAATTGTCGA_012,52
GGATACTCCTAGAGCACCAC_001,12
GGATACTCCTAGAGCACCAC_002,70
GGATACTCCTAGAGCACCAC_003,14
GGATACTCCTAGAGCACCAC_004,186
GGATACTCCTAGAGCACCAC_005,45
GGATACTCCTAGAGCACCAC_006,12
GGATACTCCTAGAGCACCAC_007,11
GGATACTCCTAGAGCACCAC_008,162
GGATACTCCTAGAGCACCAC_009,160
GGATACTCCTAGAGCACCAC_010,42
GGATACTCCTAGAGCACCAC_011,172
GGATACTCCTAGAGCACCAC_012,59
GGATACTCCTAGAGCACCAC_013,80
GGATACTCCTAGAGCACCAC_014,80
GGATACTCCTAGAGCACCAC_015,74
GGATACTCCTAGAGCACCAC_016,121
GGATACTCCTAGAGCACCAC_017,103
GGATACTCCTAGAGCACCAC_018,180
GGATACTCCTAGAGCACCAC_019,52
GGATACTCCTAGAGCACCAC_020,52
GGATACTCCTAGAGCACCAC_021,164
GGATACTCCTAGAGCACCAC_022,164
GGATACTCCTAGAGCACCAC_023,61
GGATACTCCTAGAGCACCAC_024,65
GGATACTCCTAGAGCACCAC_025,153
GGGTGCGCGCAGGTAGTAGG_001,8
GGGTGCGCGCAGGTAGTAGG_002,50
GGGTGCGCGCAGGTAGTAGG_003,94
GGGTGCGCGCAGGTAGTAGG_004,48
GGGTGCGCGCAGGTAGTAGG_005,107
GGGTGCGCGCAGGTAGTAGG_006,52
GGGTGCGCGCAGGTAGTAGG_007,124
GGGTGCGCGCAGGTAGTAGG_008,10
CAATTACTGCAATTACCGCA_001,154
CAATTACTGCAATTACCGCA_002,104
CAATTACTGCAATTACCGCA_003,185
CAATTACTGCAATTACCGCA_004,114
CAATTACTGCAATTACCGCA_005,63
CAATTACTGCAATTACCGCA_006,35
CAATTACTGCAATTACCGCA_007,100
CTGATCATTAAGTTAAGGCG_001,101
CTGATCATTAAGTTAAGGCG_002,88
CTGATCATTAAGTTAAGGCG_003,28
CTGATCATTAAGTTAAGGCG_004,8
CTGATCATTAAGTTAAGGCG_005,64
CTGATCATTAAGTTAAGGCG_006,161
CTGATCATTAAGTTAAGGCG_007,29
CTGATCATTAAGTTAAGGCG_008,33
CCCACAGGCGTACTCCGCGA_001,65
CCCACAGGCGTACTCCGCGA_002,173
CCCACAGGCGTACTCCGCGA_003,165
TCAATCGCATCTTCCACGAG_001,21
TCAATCGCATCTTCCACGAG_002,32
TCAATCGCATCTTCCACGAG_003,115
TCAATCGCATCTTCCACGAG_004,133
TCAATCGCATCTTCCACGAG_005,94
TCGAACAAGAGGAATCCGAC_001,24
TCGAACAAGAGGAATCCGAC_002,140
TCGAACAAGAGGAATCCGAC_003,107
CAGGTCCCGCAGCCGTGGAG_001,69
CAGGTCCCGCAGCCGTGGAG_002,163
CAGGTCCCGCAGCCGTGGAG_003,104
CAGGTCCCGCAGCCGTGGAG_004,47
CAGGTCCCGCAGCCGTGGAG_005,15
CAGGTCCCGCAGCCGTGGAG_006,29
CAGGTCCCGCAGCCGTGGAG_007,111
CAGGTCCCGCAGCCGTGGAG_008,154
CAGGTCCCGCAGCCGTGGAG_009,53
CAGGTCCCGCAGCCGTGGAG_010,119
CAGGTCCCGCAGCCGTGGAG_011,4
CAGGTCCCGCAGCCGTGGAG_012,181
CAGGTCCCGCAGCCGTGGAG_013,171
CAGGTCCCGCAGCCGTGGAG_014,121
CAGGTCCCGCAGCCGTGGAG_015,188
CAGGTCCCGCAGCCGTGGAG_016,162
CAGGTCCCGCAGCCGTGGAG_017,27
CAGGTCCCGCAGCCGTGGAG_018,83
CAGGTCCCGCAGCCGTGGAG_019,49
CAGGTCCCGCAGCCGTGGAG_020,22
CAGGTCCCGCAGCCGTGGAG_021,113
CAGGTCCCGCAGCCGTGGAG_022,49
CAGGTCCCGCAGCCGTGGAG_023,34
CAGGTCCCGCAGCCGTGGAG_024,34
CAGGTCCCGCAGCCGTGGAG_025,39
CAGGTCCCGCAGCCGTGGAG_026,9
CAGGTCCCGCAGCCGTGGAG_027,91
CAGGTCCCGCAGCCGTGGAG_028,165
CAGGTCCCGCAGCCGTGGAG_029,49
CAGGTCCCGCAGCCGTGGAG_030,163
CAGGTCCCGCAGCCGTGGAG_031,144
CAGGTCCCGCAGCCGTGGAG_032,133
CAGGTCCCGCAGCCGTGGAG_033,154
CAGGTCCCGCAGCCGTGGAG_034,149
CAGGTCCCGCAGCCGTGGAG_035,96
CAGGTCCCGCAGCCGTGGAG_036,0
CAGGTCCCGCAGCCGTGGAG_037,149
CAGGTCCCGCAGCCGTGGAG_038,138
CAGGTCCCGCAGCCGTGGAG_039,39
CAGGTCCCGCAGCCGTGGAG_040,3
CAGGTCCCGCAGCCGTGGAG_041,124
CAGGTCCCGCAGCCGTGGAG_042,191
AGAAGGTGAAGAATATATGC_001,168
GATGAAGGAGTTGATAACTC_001,3
GATGAAGGAGTTGATAACTC_002,149
GATGAAGGAGTTGATAACTC_003,115
GATGAAGGAGTTGATAACTC_004,88
GATGAAGGAGTTGATAACTC_005,60
GATGAAGGAGTTGATAACTC_006,9
GCATCTCTTCCAAGGCAATG_001,27
GCATCTCTTCCAAGGCAATG_002,119
GCATCTCTTCCAAGGCAATG_003,42
GCATCTCTTCCAAGGCAATG_004,51
GCATCTCTTCCAAGGCAATG_005,170
GCATCTCTTCCAAGGCAATG_006,198
GCATCTCTTCCAAGGCAATG_007,143
GCATCTCTTCCAAGGCAATG_008,132
GCATCTCTTCCAAGGCAATG_009,132
GCATCTCTTCCAAGGCAATG_010,4
GCATCTCTTCCAAGGCAATG_011,196
GCATCTCTTCCAAGGCAATG_012,4
GCATCTCTTCCAAGGCAATG_013,90
GCATCTCTTCCAAGGCAATG_014,55
GCATCTCTTCCAAGGCAATG_015,90
CTGGTACCGCTTCAAAGAGG_001,54
CTGGTACCGCTTCAAAGAGG_002,40
CTGGTACCGCTTCAAAGAGG_003,139
AACCACCTTCAGCGCGACGA_001,149
AACCACCTTCAGCGCGACGA_002,103
AACCACCTTCAGCGCGACGA_003,79
AACCACCTTCAGCGCGACGA_004,29
AACCACCTTCAGCGCGACGA_005,1
AACCACCTTCAGCGCGACGA_006,52
AACCACCTTCAGCGCGACGA_007,116
AACCACCTTCAGCGCGACGA_008,65
AACCACCTTCAGCGCGACGA_009,95
AACCACCTTCAGCGCGACGA_010,60
AACCACCTTCAGCGCGACGA_011,29
AACCACCTTCAGCGCGACGA_012,114
AACCACCTTCAGCGCGACGA_013,45
AACCACCTTCAGCGCGACGA_014,137
AACCACCTTCAGCGCGACGA_015,177
AACCACCTTCAGCGCGACGA_016,149
AACCACCTTCAGCGCGACGA_017,78
AACCACCTTCAGCGCGACGA_018,105
AACCACCTTCAGCGCGACGA_019,12
AACCACCTTCAGCGCGACGA_020,91
AACCACCTTCAGCGCGACGA_021,12
AACCACCTTCAGCGCGACGA_022,97
AACCACCTTCAGCGCGACGA_023,47
ATATGATACAGAAAGATGCA_001,65
ATATGATACAGAAAGATGCA_002,78
ATATGATACAGAAAGATGCA_003,55
ATATGATACAGAAAGATGCA_004,127
ACAGCTGTGACCATACCCCT_001,77
ACAGCTGTGACCATACCCCT_002,4
ACAGCTGTGACCATACCCCT_003,146
ACAGCTGTGACCATACCCCT_004,49
ACAGCTGTGACCATACCCCT_005,10
ACAGCTGTGACCATACCCCT_006,44
ACAGCTGTGACCATACCCCT_007,83
ACAGCTGTGACCATACCCCT_008,0
AGCGCGCGAATTCAGCTCGG_001,8
AGCGCGCGAATTCAGCTCGG_002,15
CATTACCTGGTAAGACGCTG_001,116
CATTACCTGGTAAGACGCTG_002,62
CATTACCTGGTAAGACGCTG_003,3
CATTACCTGGTAAGACGCTG_004,33
CATTACCTGGTAAGACGCTG_005,80
CATTACCTGGTAAGACGCTG_006,88
CATTACCTGGTAAGACGCTG_007,17
CATTACCTGGTAAGACGCTG_008,147
CATTACCTGGTAAGACGCTG_009,68
CATTACCTGGTAAGACGCTG_010,28
GACTTTGTTAATCCGCTCAG_001,185
GACTTTGTTAATCCGCTCAG_002,116
GACTTTGTTAATCCGCTCAG_003,49
GACTTTGTTAATCCGCTCAG_004,166
GACTTTGTTAATCCGCTCAG_005,133
GACTTTGTTAATCCGCTCAG_006,15
GACTTTGTTAATCCGCTCAG_007,49
GACTTTGTTAATCCGCTCAG_008,138
GACTTTGTTAATCCGCTCAG_009,124
GACTTTGTTAATCCGCTCAG_010,63
GACTTTGTTAATCCGCTCAG_011,175
GAGTGTGTGTACTCTCAATG_001,148
GAGTGTGTGTACTCTCAATG_002,29
GAGTGTGTGTACTCTCAATG_003,20
GAGTGTGTGTACTCTCAATG_004,174
GAGTGTGTGTACTCTCAATG_005,107
GAGTGTGTGTACTCTCAATG_006,102
AACGTGCTCGTCTACGAGGG_001,65
AACGTGCTCGTCTACGAGGG_002,65
AACGTGCTCGTCTACGAGGG_003,156
AACGTGCTCGTCTACGAGGG_004,124
GATAGACACCAAGAACTACG_001,125
GATAGACACCAAGAACTACG_002,181
GATAGACACCAAGAACTACG_003,26
GATAGACACCAAGAACTACG_004,82
GATAGACACCAAGAACTACG_005,11
GATAGACACCAAGAACTACG_006,22
GATAGACACCAAGAACTACG_007,41
GATAGACACCAAGAACTACG_008,16
GATAGACACCAAGAACTACG_009,157
GATAGACACCAAGAACTACG_010,17
GATAGACACCAAGAACTACG_011,50
GATAGACACCAAGAACTACG_012,9
GATAGACACCAAGAACTACG_013,141
GATAGACACCAAGAACTACG_014,141
GCAACACTGATGGTCCCTCG_001,174
GCAACACTGATGGTCCCTCG_002,129
GCAACACTGATGGTCCCTCG_003,0
GTCAGGAGCTCGTGTAACAG_001,149
GTCAGGAGCTCGTGTAACAG_002,127
GTCAGGAGCTCGTGTAACAG_003,107
GTCAGGAGCTCGTGTAACAG_004,33
GTCAGGAGCTCGTGTAACAG_005,22
GTCAGGAGCTCGTGTAACAG_006,8
TACCATCTTCGGGAACATCG_001,172
TACCATCTTCGGGAACATCG_002,92
TACCATCTTCGGGAACATCG_003,10
TACCATCTTCGGGAACATCG_004,117
TACCATCTTCGGGAACATCG_005,160
TACCATCTTCGGGAACATCG_006,55
TACCATCTTCGGGAACATCG_007,50
TACCATCTTCGGGAACATCG_008,13
TACCATCTTCGGGAACATCG_009,58
TACCATCTTCGGGAACATCG_010,35
TGTGTTGTTAGAAAGCCCAG_001,165
TGTGTTGTTAGAAAGCCCAG_002,60
TTCATCCAGCGACCACCTGA_001,39
TTCATCCAGCGACCACCTGA_002,107
TTCATCCAGCGACCACCTGA_003,6
TTCATCCAGCGACCACCTGA_004,108
TTCATCCAGCGACCACCTGA_005,185
TTCATCCAGCGACCACCTGA_006,170
TTCATCCAGCGACCACCTGA_007,35
TTCATCCAGCGACCACCTGA_008,115
TTCATCCAGCGACCACCTGA_009,154
TTCATCCAGCGACCACCTGA_010,158
TTCATCCAGCGACCACCTGA_011,88
TTCATCCAGCGACCACCTGA_012,170
TTTGCAGATGGTGTTCTCAG_001,3
AAGGAAACGGTTGCAGAAAG_001,65
AAGGAAACGGTTGCAGAAAG_002,25
AAGGAAACGGTTGCAGAAAG_003,174
AAGGAAACGGTTGCAGAAAG_004,0
AAGGAAACGGTTGCAGAAAG_005,56
AAGGAAACGGTTGCAGAAAG_006,10
AAGGAAACGGTTGCAGAAAG_007,147
AAGGAAACGGTTGCAGAAAG_008,73
CTGTGCCCAGAAATCCGCCA_001,146
CTGTGCCCAGAAATCCGCCA_002,89
CTGTGCCCAGAAATCCGCCA_003,61
CTGTGCCCAGAAATCCGCCA_004,155
CTGTGCCCAGAAATCCGCCA_005,102
CTGTGCCCAGAAATCCGCCA_006,94
CTGTGCCCAGAAATCCGCCA_007,167
CTGTGCCCAGAAATCCGCCA_008,167
CTGTGCCCAGAAATCCGCCA_009,25
CTGTGCCCAGAAATCCGCCA_010,65
GAGGAATAGCATGGAGTCAG_001,111
GAGGAATAGCATGGAGTCAG_002,2
GAGGAATAGCATGGAGTCAG_003,185
GAGGAATAGCATGGAGTCAG_004,185
GAGGAATAGCATGGAGTCAG_005,44
GAGGAATAGCATGGAGTCAG_006,159
GAGGAATAGCATGGAGTCAG_007,141
GAGGAATAGCATGGAGTCAG_008,41
GAGGAATAGCATGGAGTCAG_009,9
TCCGAGCCACCAATTCAACC_001,159
TCCGAGCCACCAATTCAACC_002,49
TCCGAGCCACCAATTCAACC_003,9
TCCGAGCCACCAATTCAACC_004,39
TCGCGCAGACCTCCAACCTG_001,144
TCGCGCAGACCTCCAACCTG_002,162
TCGCGCAGACCTCCAACCTG_003,144
TCGCGCAGACCTCCAACCTG_004,130
TCGCGCAGACCTCCAACCTG_005,96
TCGCGCAGACCTCCAACCTG_006,50
TCGCGCAGACCTCCAACCTG_007,43
TCGCGCAGACCTCCAACCTG_008,105
TCGCGCAGACCTCCAACCTG_009,150
TCGCGCAGACCTCCAACCTG_010,133
TCGCGCAGACCTCCAACCTG_011,48
TCGCGCAGACCTCCAACCTG_012,138
TCGCGCAGACCTCCAACCTG_013,105
TCGCGCAGACCTCCAACCTG_014,60
TCGCGCAGACCTCCAACCTG_015,51
TCGCGCAGACCTCCAACCTG_016,83
TCGCGCAGACCTCCAACCTG_017,175
TCGCGCAGACCTCCAACCTG_018,97
TCGCGCAGACCTCCAACCTG_019,15
TCGCGCAGACCTCCAACCTG_020,96
AGTTCAGAATGAACTTCCGG_001,177
AGTTCAGAATGAACTTCCGG_002,92
AGTTCAGAATGAACTTCCGG_003,114
AGTTCAGAATGAACTTCCGG_004,114
AGTTCAGAATGAACTTCCGG_005,148
AGTTCAGAATGAACTTCCGG_006,70
TCATCGAACAGTACGCACTG_001,50
TCATCGAACAGTACGCACTG_002,53
TCATCGAACAGTACGCACTG_003,198
TCATCGAACAGTACGCACTG_004,52
TCATCGAACAGTACGCACTG_005,187
TCATCGAACAGTACGCACTG_006,56
TCATCGAACAGTACGCACTG_007,18
TCATCGAACAGTACGCACTG_008,85
TCATCGAACAGTACGCACTG_009,137
TCATCGAACAGTACGCACTG_010,12
AGAACTAAATGCACTCCAGG_001,107
AGAACTAAATGCACTCCAGG_002,2
AGAACTAAATGCACTCCAGG_003,185
GCTGACGGCGAGCGGACCGG_001,191
GCTGACGGCGAGCGGACCGG_002,4
GCTGACGGCGAGCGGACCGG_003,127
GCTGACGGCGAGCGGACCGG_004,77
GCTGACGGCGAGCGGACCGG_005,34
GCTGACGGCGAGCGGACCGG_006,59
GCTGACGGCGAGCGGACCGG_007,172
GCTGACGGCGAGCGGACCGG_008,88
GCTGACGGCGAGCGGACCGG_009,127
GCTGACGGCGAGCGGACCGG_010,119
GCTGACGGCGAGCGGACCGG_011,81
GCTGACGGCGAGCGGACCGG_012,45
GCTGACGGCGAGCGGACCGG_013,115
GCTGACGGCGAGCGGACCGG_014,67
GCTGACGGCGAGCGGACCGG_015,61
GCTGACGGCGAGCGGACCGG_016,133
GCTGACGGCGAGCGGACCGG_017,102
GCTGACGGCGAGCGGACCGG_018,122
GCTGACGGCGAGCGGACCGG_019,104
GCTGACGGCGAGCGGACCGG_020,49
GCTGACGGCGAGCGGACCGG_021,82
GCTGACGGCGAGCGGACCGG_022,107
GCTGACGGCGAGCGGACCGG_023,166
GCTGACGGCGAGCGGACCGG_024,81
GCTGACGGCGAGCGGACCGG_025,188
GCTGACGGCGAGCGGACCGG_026,189
GCTGACGGCGAGCGGACCGG_027,102
AGATAAACATATAACGATTG_001,73
AGATAAACATATAACGATTG_002,6
GCGGGCAGCTCGGTCCGCGG_001,188
GCGGGCAGCTCGGTCCGCGG_002,137
GCGGGCAGCTCGGTCCGCGG_003,169
GCGGGCAGCTCGGTCCGCGG_004,174
GCGGGCAGCTCGGTCCGCGG_005,104
GCGGGCAGCTCGGTCCGCGG_006,26
GCGGGCAGCTCGGTCCGCGG_007,84
GCGGGCAGCTCGGTCCGCGG_008,2
GCGGGCAGCTCGGTCCGCGG_009,136
GCGGGCAGCTCGGTCCGCGG_010,8
GCGGGCAGCTCGGTCCGCGG_011,45
GCGGGCAGCTCGGTCCGCGG_012,25
GCGGGCAGCTCGGTCCGCGG_013,60
GCGGGCAGCTCGGTCCGCGG_014,188
GCGGGCAGCTCGGTCCGCGG_015,81
GCGGGCAGCTCGGTCCGCGG_016,153
GCGGGCAGCTCGGTCCGCGG_017,147
AAGTACGGCTCTCAGTTCCA_001,121
AAGTACGGCTCTCAGTTCCA_002,186
AAGTACGGCTCTCAGTTCCA_003,135
AAGTACGGCTCTCAGTTCCA_004,156
AAGTACGGCTCTCAGTTCCA_005,168
AAGTACGGCTCTCAGTTCCA_006,67
AAGTACGGCTCTCAGTTCCA_007,67
AAGTACGGCTCTCAGTTCCA_008,56
AAGTACGGCTCTCAGTTCCA_009,164
AAGTACGGCTCTCAGTTCCA_010,53
AAGTACGGCTCTCAGTTCCA_011,26
GGAAGGCTACGATCCTACAG_001,156
GGAAGGCTACGATCCTACAG_002,144
GGAAGGCTACGATCCTACAG_003,164
GGAAGGCTACGATCCTACAG_004,108
GGAAGGCTACGATCCTACAG_005,57
GATGGCGTCCAGGTCGCACA_001,94
GATGGCGTCCAGGTCGCACA_002,88
GATGGCGTCCAGGTCGCACA_003,56
GATGGCGTCCAGGTCGCACA_004,191
GATGGCGTCCAGGTCGCACA_005,52
GATGGCGTCCAGGTCGCACA_006,34
GATGGCGTCCAGGTCGCACA_007,148
GATGGCGTCCAGGTCGCACA_008,113
GATGGCGTCCAGGTCGCACA_009,4
GATGGCGTCCAGGTCGCACA_010,75
GATGGCGTCCAGGTCGCACA_011,111
GATGGCGTCCAGGTCGCACA_012,80
GATGGCGTCCAGGTCGCACA_013,88
GATGGCGTCCAGGTCGCACA_014,137
GATGGCGTCCAGGTCGCACA_015,127
GATGGCGTCCAGGTCGCACA_016,92
GATGGCGTCCAGGTCGCACA_017,188
GATGGCGTCCAGGTCGCACA_018,16
GATGGCGTCCAGGTCGCACA_019,43
GATGGCGTCCAGGTCGCACA_020,174
GATGGCGTCCAGGTCGCACA_021,55
GATGGCGTCCAGGTCGCACA_022,27
GATGGCGTCCAGGTCGCACA_023,121
GATGGCGTCCAGGTCGCACA_024,47
GATGGCGTCCAGGTCGCACA_025,126
GATGGCGTCCAGGTCGCACA_026,11
GATGGCGTCCAGGTCGCACA_027,37
GATGGCGTCCAGGTCGCACA_028,39
TGACTGGTCTGTAGTGAGCG_001,142
TGACTGGTCTGTAGTGAGCG_002,158
TGACTGGTCTGTAGTGAGCG_003,44
TGACTGGTCTGTAGTGAGCG_004,128
TGACTGGTCTGTAGTGAGCG_005,119
TGACTGGTCTGTAGTGAGCG_006,176
TGACTGGTCTGTAGTGAGCG_007,35
TGACTGGTCTGTAGTGAGCG_008,196
TGACTGGTCTGTAGTGAGCG_009,158
TGACTGGTCTGTAGTGAGCG_010,189
GCTTCGAGCCACATTCATGG_001,113
GCTTCGAGCCACATTCATGG_002,105
GCTTCGAGCCACATTCATGG_003,172
GCTTCGAGCCACATTCATGG_004,57
GCTTCGAGCCACATTCATGG_005,169
GCTTCGAGCCACATTCATGG_006,113
GCTTCGAGCCACATTCATGG_007,34
GCTTCGAGCCACATTCATGG_008,141
GCTTCGAGCCACATTCATGG_009,76
GCTTCGAGCCACATTCATGG_010,176
GCAGCGAGATAACTTGACTC_001,8
GCAGCGAGATAACTTGACTC_002,51
GCAGCGAGATAACTTGACTC_003,143
GCAGCGAGATAACTTGACTC_004,29
GCAGCGAGATAACTTGACTC_005,70
GCAGCGAGATAACTTGACTC_006,127
GCAGCGAGATAACTTGACTC_007,43
GCAGCGAGATAACTTGACTC_008,25
GCAGCGAGATAACTTGACTC_009,58
GCAGCGAGATAACTTGACTC_010,16
GCAGCGAGATAACTTGACTC_011,184
GCAGCGAGATAACTTGACTC_012,102
GCAGCGAGATAACTTGACTC_013,119
GCAGCGAGATAACTTGACTC_014,21
GCAGCGAGATAACTTGACTC_015,178
GCAGCGAGATAACTTGACTC_016,145
GCAGCGAGATAACTTGACTC_017,177
GCAGCGAGATAACTTGACTC_018,8
GCAGCGAGATAACTTGACTC_019,182
GCAGCGAGATAACTTGACTC_020,140
GCAGCGAGATAACTTGACTC_021,56
CATCACAGACGAGCAGAAAG_001,176
CATCACAGACGAGCAGAAAG_002,107
TCATCTCCAGGCCCACAACG_001,32
TCATCTCCAGGCCCACAACG_002,77
TCATCTCCAGGCCCACAACG_003,98
TCATCTCCAGGCCCACAACG_004,4
TCATCTCCAGGCCCACAACG_005,7
TCATCTCCAGGCCCACAACG_006,63
TCATCTCCAGGCCCACAACG_007,191
TCATCTCCAGGCCCACAACG_008,177
TCATCTCCAGGCCCACAACG_009,162
TCATCTCCAGGCCCACAACG_010,66
TCATCTCCAGGCCCACAACG_011,162
AATCAATAAAACACACCTGC_001,138
AATCAATAAAACACACCTGC_002,81
AATCAATAAAACACACCTGC_003,91
AATCAATAAAACACACCTGC_004,120
AATCAATAAAACACACCTGC_005,137
AATCAATAAAACACACCTGC_006,60
AATCAATAAAACACACCTGC_007,199
AATCAATAAAACACACCTGC_008,133
AATCAATAAAACACACCTGC_009,40
ACTGTCAAAAGACCTAAAGC_001,47
ACTGTCAAAAGACCTAAAGC_002,75
ACTGTCAAAAGACCTAAAGC_003,102
ACTGTCAAAAGACCTAAAGC_004,8
ACTGTCAAAAGACCTAAAGC_005,57
ACTGTCAAAAGACCTAAAGC_006,75
ACTGTCAAAAGACCTAAAGC_007,177
ACTGTCAAAAGACCTAAAGC_008,102
ACTGTCAAAAGACCTAAAGC_009,64
ACTGTCAAAAGACCTAAAGC_010,80
ACTGTCAAAAGACCTAAAGC_011,125
ACTGTCAAAAGACCTAAAGC_012,56
ACTGTCAAAAGACCTAAAGC_013,165
ACTGTCAAAAGACCTAAAGC_014,36
ACTGTCAAAAGACCTAAAGC_015,91
ACTGTCAAAAGACCTAAAGC_016,140
CTGCGCACCAATCACCAGGT_001,51
CTGCGCACCAATCACCAGGT_002,25
CTGCGCACCAATCACCAGGT_003,110
CTGCGCACCAATCACCAGGT_004,185
CTGCGCACCAATCACCAGGT_005,3
CTGCGCACCAATCACCAGGT_006,124
CTGCGCACCAATCACCAGGT_007,22
CGACCAGCTGAACCGCCTCA_001,104
CGACCAGCTGAACCGCCTCA_002,20
CGACCAGCTGAACCGCCTCA_003,78
CGACCAGCTGAACCGCCTCA_004,194
CGACCAGCTGAACCGCCTCA_005,36
TCTGTCAGTAACCAACATGG_001,7
TCTGTCAGTAACCAACATGG_002,30
TCTGTCAGTAACCAACATGG_003,102
TCTGTCAGTAACCAACATGG_004,197
CAAAATTAGATGCCAAATCG_001,5
CAAAATTAGATGCCAAATCG_002,106
CAAAATTAGATGCCAAATCG_003,167
CAAAATTAGATGCCAAATCG_004,175
CAAAATTAGATGCCAAATCG_005,80
CAAAATTAGATGCCAAATCG_006,36
CCACCACCACCAGTCACGCG_001,96
CCACCACCACCAGTCACGCG_002,144
CCACCACCACCAGTCACGCG_003,137
CCACCACCACCAGTCACGCG_004,158
CCACCACCACCAGTCACGCG_005,127
CCACCACCACCAGTCACGCG_006,171
CCACCACCACCAGTCACGCG_007,138
CCACCACCACCAGTCACGCG_008,41
CCACCACCACCAGTCACGCG_009,155
CCACCACCACCAGTCACGCG_010,3
CCACCACCACCAGTCACGCG_011,160
CCACCACCACCAGTCACGCG_012,75
CCACCACCACCAGTCACGCG_013,126
CCACCACCACCAGTCACGCG_014,142
CCACCACCACCAGTCACGCG_015,77
AGCATAGTAGAAGTGTGCCA_001,156
AGCATAGTAGAAGTGTGCCA_002,112
AGCATAGTAGAAGTGTGCCA_003,38
AGCATAGTAGAAGTGTGCCA_004,90
AGCATAGTAGAAGTGTGCCA_005,66
AGCATAGTAGAAGTGTGCCA_006,83
AGCATAGTAGAAGTGTGCCA_007,96
AGCATAGTAGAAGTGTGCCA_008,24
AGCATAGTAGAAGTGTGCCA_009,48
AGCATAGTAGAAGTGTGCCA_010,166
AGCATAGTAGAAGTGTGCCA_011,104
AGCATAGTAGAAGTGTGCCA_012,114
AGCATAGTAGAAGTGTGCCA_013,41
AGCATAGTAGAAGTGTGCCA_014,35
AGCATAGTAGAAGTGTGCCA_015,48
AGCATAGTAGAAGTGTGCCA_016,36
AGCATAGTAGAAGTGTGCCA_017,100
AGCATAGTAGAAGTGTGCCA_018,148
AGCATAGTAGAAGTGTGCCA_019,5
AGCATAGTAGAAGTGTGCCA_020,164
AGCATAGTAGAAGTGTGCCA_021,107
AGCATAGTAGAAGTGTGCCA_022,65
AGCATAGTAGAAGTGTGCCA_023,29
AGCATAGTAGAAGTGTGCCA_024,123
AGCATAGTAGAAGTGTGCCA_025,151
GCTGGTATCCACCCCCAGGA_001,74
GCTGGTATCCACCCCCAGGA_002,32
GCTGGTATCCACCCCCAGGA_003,133
GCTGGTATCCACCCCCAGGA_004,50
GCTGGTATCCACCCCCAGGA_005,197
GCTGGTATCCACCCCCAGGA_006,157
GCTGGTATCCACCCCCAGGA_007,58
GCTGGTATCCACCCCCAGGA_008,161
GCTGGTATCCACCCCCAGGA_009,133
GCTGGTATCCACCCCCAGGA_010,158
GCTGGTATCCACCCCCAGGA_011,185
GCTGGTATCCACCCCCAGGA_012,146
GCTGGTATCCACCCCCAGGA_013,103
GCTGGTATCCACCCCCAGGA_014,197
CCAACTATCTAACTCCACTC_001,127
CCAACTATCTAACTCCACTC_002,73
CCAACTATCTAACTCCACTC_003,123
CCAACTATCTAACTCCACTC_004,151
CCAACTATCTAACTCCACTC_005,26
CCAACTATCTAACTCCACTC_006,152
AATTGAAGTGGAGCCAACGT_001,185
AATTGAAGTGGAGCCAACGT_002,169
AATTGAAGTGGAGCCAACGT_003,53
AATTGAAGTGGAGCCAACGT_004,115
AATTGAAGTGGAGCCAACGT_005,116
TGAAGTCAGAGAGCTCGTTG_001,171
TGAAGTCAGAGAGCTCGTTG_002,175
TGAAGTCAGAGAGCTCGTTG_003,191
TGAAGTCAGAGAGCTCGTTG_004,77
TGAAGTCAGAGAGCTCGTTG_005,77
TGAAGTCAGAGAGCTCGTTG_006,27
TGAAGTCAGAGAGCTCGTTG_007,105
TGAAGTCAGAGAGCTCGTTG_008,105
TGAAGTCAGAGAGCTCGTTG_009,50
TGAAGTCAGAGAGCTCGTTG_010,48
TGAAGTCAGAGAGCTCGTTG_011,116
TGAAGTCAGAGAGCTCGTTG_012,129
TGAAGTCAGAGAGCTCGTTG_013,58
TGAAGTCAGAGAGCTCGTTG_014,104
TGAAGTCAGAGAGCTCGTTG_015,147
TGAAGTCAGAGAGCTCGTTG_016,84
TGAAGTCAGAGAGCTCGTTG_017,171
TGAAGTCAGAGAGCTCGTTG_018,134
TGAAGTCAGAGAGCTCGTTG_019,73
TGAAGTCAGAGAGCTCGTTG_020,43
AAAGACATGAAAAAGACTAG_001,70
AGAAGTCAGAAAGTAACAAG_001,94
AGAAGTCAGAAAGTAACAAG_002,52
TGGGGACAGTCGATTAACAC_001,105
TGGGGACAGTCGATTAACAC_002,102
TGGGGACAGTCGATTAACAC_003,155
TGGGGACAGTCGATTAACAC_004,15
CCAGACACCCACCTGCAATG_001,181
CCAGACACCCACCTGCAATG_002,193
CCAGACACCCACCTGCAATG_003,51
CCAGACACCCACCTGCAATG_004,1
CCAGACACCCACCTGCAATG_005,191
CCAGACACCCACCTGCAATG_006,20
CCAGACACCCACCTGCAATG_007,68
CCAGACACCCACCTGCAATG_008,127
CCAGACACCCACCTGCAATG_009,48
CCAGACACCCACCTGCAATG_010,185
CCAGACACCCACCTGCAATG_011,85
CCAGACACCCACCTGCAATG_012,60
CCAGACACCCACCTGCAATG_013,158
CCAGACACCCACCTGCAATG_014,83
CCAGACACCCACCTGCAATG_015,15
CCAGACACCCACCTGCAATG_016,88
CCAGACACCCACCTGCAATG_017,50
CCAGACACCCACCTGCAATG_018,198
CCAGACACCCACCTGCAATG_019,146
CCAGACACCCACCTGCAATG_020,174
CCAGACACCCACCTGCAATG_021,8
CCAGACACCCACCTGCAATG_022,188
CCAGACACCCACCTGCAATG_023,173
CCAGACACCCACCTGCAATG_024,81
CCAGACACCCACCTGCAATG_025,60
CCAGACACCCACCTGCAATG_026,80
GATGTCTGAAGGCATAGGCG_001,58
GATGTCTGAAGGCATAGGCG_002,127
GATGTCTGAAGGCATAGGCG_003,177
GATGTCTGAAGGCATAGGCG_004,53
GATGTCTGAAGGCATAGGCG_005,58
GATGTCTGAAGGCATAGGCG_006,115
GATGTCTGAAGGCATAGGCG_007,1
GATGTCTGAAGGCATAGGCG_008,146
GATGTCTGAAGGCATAGGCG_009,89
GATGTCTGAAGGCATAGGCG_010,150
GATGTCTGAAGGCATAGGCG_011,65
GATGTCTGAAGGCATAGGCG_012,182
GATGTCTGAAGGCATAGGCG_013,19
GATGTCTGAAGGCATAGGCG_014,0
GACATACAAGCTACATAGAG_001,151
GACATACAAGCTACATAGAG_002,69
GACATACAAGCTACATAGAG_003,86
GACATACAAGCTACATAGAG_004,23
GACATACAAGCTACATAGAG_005,71
GACATACAAGCTACATAGAG_006,0
GACATACAAGCTACATAGAG_007,124
GACATACAAGCTACATAGAG_008,137
GACATACAAGCTACATAGAG_009,165
CACGAACTGCACGGTCAGGG_001,88
CACGAACTGCACGGTCAGGG_002,121
CACGAACTGCACGGTCAGGG_003,126
CACGAACTGCACGGTCAGGG_004,112
CACGAACTGCACGGTCAGGG_005,85
CACGAACTGCACGGTCAGGG_006,88
CACGAACTGCACGGTCAGGG_007,43
CACGAACTGCACGGTCAGGG_008,83
CACGAACTGCACGGTCAGGG_009,23
CACGAACTGCACGGTCAGGG_010,194
CACGAACTGCACGGTCAGGG_011,191
CTCGGTTGCTGTACTCCTCG_001,24
GCAGGCAAATTCTGAACTTG_001,148
GCAGGCAAATTCTGAACTTG_002,118
GCAGGCAAATTCTGAACTTG_003,145
GCAGGCAAATTCTGAACTTG_004,138
GCAGGCAAATTCTGAACTTG_005,16
AAGCGGAGGTCGGAGCGCCG_001,178
AAGCGGAGGTCGGAGCGCCG_002,174
AAGCGGAGGTCGGAGCGCCG_003,193
AAGCGGAGGTCGGAGCGCCG_004,170
AAGCGGAGGTCGGAGCGCCG_005,146
AAGCGGAGGTCGGAGCGCCG_006,105
AAGCGGAGGTCGGAGCGCCG_007,113
AAGCGGAGGTCGGAGCGCCG_008,192
AAGCGGAGGTCGGAGCGCCG_009,9
AAGCGGAGGTCGGAGCGCCG_010,46
AAGCGGAGGTCGGAGCGCCG_011,88
AAGCGGAGGTCGGAGCGCCG_012,198
AAGCGGAGGTCGGAGCGCCG_013,152
GTGTAGTCCTAGCCATGGGG_001,141
GTGTAGTCCTAGCCATGGGG_002,185
GTGTAGTCCTAGCCATGGGG_003,144
GTGTAGTCCTAGCCATGGGG_004,59
GTGTAGTCCTAGCCATGGGG_005,70
GTGTAGTCCTAGCCATGGGG_006,97
GTGTAGTCCTAGCCATGGGG_007,176
GTGTAGTCCTAGCCATGGGG_008,175
GTGTAGTCCTAGCCATGGGG_009,70
GTGTAGTCCTAGCCATGGGG_010,169
GTGTAGTCCTAGCCATGGGG_011,70
GTGTAGTCCTAGCCATGGGG_012,100
GTGTAGTCCTAGCCATGGGG_013,17
GTGTAGTCCTAGCCATGGGG_014,127
GTGTAGTCCTAGCCATGGGG_015,51
GTGTAGTCCTAGCCATGGGG_016,132
GTGTAGTCCTAGCCATGGGG_017,85
GTGTAGTCCTAGCCATGGGG_018,78
GTGTAGTCCTAGCCATGGGG_019,67
GTGTAGTCCTAGCCATGGGG_020,4
GTGTAGTCCTAGCCATGGGG_021,34
GTGTAGTCCTAGCCATGGGG_022,192
GTGTAGTCCTAGCCATGGGG_023,148
GTGTAGTCCTAGCCATGGGG_024,134
AAAAACCACAAGTTGGGACA_001,161
AAAAACCACAAGTTGGGACA_002,185
AAAAACCACAAGTTGGGACA_003,80
AAAAACCACAAGTTGGGACA_004,53
AAAAACCACAAGTTGGGACA_005,59
AAAAACCACAAGTTGGGACA_006,150
AAAAACCACAAGTTGGGACA_007,102
AAAAACCACAAGTTGGGACA_008,96
AAAAACCACAAGTTGGGACA_009,132
AAAAACCACAAGTTGGGACA_010,33
AAAAACCACAAGTTGGGACA_011,150
AAAAACCACAAGTTGGGACA_012,112
AAAAACCACAAGTTGGGACA_013,186
AAAAACCACAAGTTGGGACA_014,126
AAAAACCACAAGTTGGGACA_015,4
AAGAAGAGAGGTCTTATGCC_001,17
GAAACCAAGCAATGTGACTG_001,147
GAAACCAAGCAATGTGACTG_002,60
GAAACCAAGCAATGTGACTG_003,0
TGCAGTTCTACTAATAGTAT_001,25
TGCAGTTCTACTAATAGTAT_002,8
TGCAGTTCTACTAATAGTAT_003,191
AAATGCAATACATGATATCC_001,96
AAATGCAATACATGATATCC_002,112
AAATGCAATACATGATATCC_003,126
AAATGCAATACATGATATCC_004,2
AAATGCAATACATGATATCC_005,91
AAATGCAATACATGATATCC_006,138
CCAGTTACCAGAGAAACCTA_001,193
CCAGTTACCAGAGAAACCTA_002,65
CCAGTTACCAGAGAAACCTA_003,137
CCAGTTACCAGAGAAACCTA_004,42
CCAGTTACCAGAGAAACCTA_005,161
CCAGTTACCAGAGAAACCTA_006,99
CCAGTTACCAGAGAAACCTA_007,103
CCAGTTACCAGAGAAACCTA_008,48
CCAGTTACCAGAGAAACCTA_009,1
CCAGTTACCAGAGAAACCTA_010,105
CCAGTTACCAGAGAAACCTA_011,136
CTTATTATTAATCATGACAC_001,44
CTTATTATTAATCATGACAC_002,191
GCCATGAGAAGTAGCCCGTG_001,60
GCCATGAGAAGTAGCCCGTG_002,29
GCCATGAGAAGTAGCCCGTG_003,58
GCCATGAGAAGTAGCCCGTG_004,169
GCCATGAGAAGTAGCCCGTG_005,29
GCCATGAGAAGTAGCCCGTG_006,148
GCCATGAGAAGTAGCCCGTG_007,20
GCCATGAGAAGTAGCCCGTG_008,113
GCCATGAGAAGTAGCCCGTG_009,53
GCCATGAGAAGTAGCCCGTG_010,116
GCCATGAGAAGTAGCCCGTG_011,167
GCCATGAGAAGTAGCCCGTG_012,46
GCCATGAGAAGTAGCCCGTG_013,197
CTACTGCAGCATGTTCCGAG_001,183
CTACTGCAGCATGTTCCGAG_002,191
CTACTGCAGCATGTTCCGAG_003,81
CTACTGCAGCATGTTCCGAG_004,130
CTACTGCAGCATGTTCCGAG_005,57
CTACTGCAGCATGTTCCGAG_006,29
CTACTGCAGCATGTTCCGAG_007,79
CTACTGCAGCATGTTCCGAG_008,158
AGAAGGCGCAGAGGTAAAGT_001,78
AGAAGGCGCAGAGGTAAAGT_002,42
AGAAGGCGCAGAGGTAAAGT_003,159
AGAAGGCGCAGAGGTAAAGT_004,98
AGAAGGCGCAGAGGTAAAGT_005,29
AGGCTCCAGAGCCAACTTGT_001,29
AGGCTCCAGAGCCAACTTGT_002,87
AGGCTCCAGAGCCAACTTGT_003,32
AGGCTCCAGAGCCAACTTGT_004,186
AGGCTCCAGAGCCAACTTGT_005,163
AGGCTCCAGAGCCAACTTGT_006,171
AGGCTCCAGAGCCAACTTGT_007,105
AGGCTCCAGAGCCAACTTGT_008,8
AGGCTCCAGAGCCAACTTGT_009,88
AGGCTCCAGAGCCAACTTGT_010,97
AGGCTCCAGAGCCAACTTGT_011,41
AGGCTCCAGAGCCAACTTGT_012,75
AGGCTCCAGAGCCAACTTGT_013,17
AGGCTCCAGAGCCAACTTGT_014,167
AGGCTCCAGAGCCAACTTGT_015,42
AGGCTCCAGAGCCAACTTGT_016,101
AGGCTCCAGAGCCAACTTGT_017,161
AGGCTCCAGAGCCAACTTGT_018,47
AGGCTCCAGAGCCAACTTGT_019,149
AGGCTCCAGAGCCAACTTGT_020,111
AGGCTCCAGAGCCAACTTGT_021,144
AGGCTCCAGAGCCAACTTGT_022,119
AGGCTCCAGAGCCAACTTGT_023,29
AGGCTCCAGAGCCAACTTGT_024,72
AGGCTCCAGAGCCAACTTGT_025,156
AGGCTCCAGAGCCAACTTGT_026,62
AGGCTCCAGAGCCAACTTGT_027,96
AGGCTCCAGAGCCAACTTGT_028,12
AGGCTCCAGAGCCAACTTGT_029,71
AGGCTCCAGAGCCAACTTGT_030,132
AGGCTCCAGAGCCAACTTGT_031,104
AGGCTCCAGAGCCAACTTGT_032,88
AGGCTCCAGAGCCAACTTGT_033,177
AGGCTCCAGAGCCAACTTGT_034,162
AGGCTCCAGAGCCAACTTGT_035,138
GTAAGTACCGTATTCAAAGG_001,127
GCTGGTCAGGCACTGCACCA_001,115
GCTGGTCAGGCACTGCACCA_002,1
GCTGGTCAGGCACTGCACCA_003,138
GCTGGTCAGGCACTGCACCA_004,115
GCTGGTCAGGCACTGCACCA_005,8
GCTGGTCAGGCACTGCACCA_006,168
GCTGGTCAGGCACTGCACCA_007,152
GCTGGTCAGGCACTGCACCA_008,124
GCTGGTCAGGCACTGCACCA_009,37
GCTGGTCAGGCACTGCACCA_010,57
GCTGGTCAGGCACTGCACCA_011,1
GCTGGTCAGGCACTGCACCA_012,0
GGAGACCGAGTCCTGAAACT_001,8
GGAGACCGAGTCCTGAAACT_002,70
GGAGACCGAGTCCTGAAACT_003,141
GGAGACCGAGTCCTGAAACT_004,2
GGAGACCGAGTCCTGAAACT_005,2
GGAGACCGAGTCCTGAAACT_006,40
GGAGACCGAGTCCTGAAACT_007,36
GGAGACCGAGTCCTGAAACT_008,108
GGAGACCGAGTCCTGAAACT_009,47
GGAGACCGAGTCCTGAAACT_010,162
GGAGACCGAGTCCTGAAACT_011,191
GGAGACCGAGTCCTGAAACT_012,55
GGAGACCGAGTCCTGAAACT_013,185
GGAGACCGAGTCCTGAAACT_014,123
GTTCAGGAATGAGTTATGGT_001,75
GTTCAGGAATGAGTTATGGT_002,15
CATTGGCCTTCACCCCACAC_001,146
CATTGGCCTTCACCCCACAC_002,60
CATTGGCCTTCACCCCACAC_003,28
ACATTCACAGGACCATGCAG_001,174
ACATTCACAGGACCATGCAG_002,48
ACATTCACAGGACCATGCAG_003,117
ACATTCACAGGACCATGCAG_004,168
ACATTCACAGGACCATGCAG_005,24
ACATTCACAGGACCATGCAG_006,149
ACATTCACAGGACCATGCAG_007,43
ACATTCACAGGACCATGCAG_008,154
ACATTCACAGGACCATGCAG_009,146
ACATTCACAGGACCATGCAG_010,72
ACATTCACAGGACCATGCAG_011,119
ACATTCACAGGACCATGCAG_012,15
ACATTCACAGGACCATGCAG_013,60
ACATTCACAGGACCATGCAG_014,131
ACATTCACAGGACCATGCAG_015,144
ACATTCACAGGACCATGCAG_016,9
ACATTCACAGGACCATGCAG_017,131
ACATTCACAGGACCATGCAG_018,130
ACATTCACAGGACCATGCAG_019,3
ACATTCACAGGACCATGCAG_020,108
ACATTCACAGGACCATGCAG_021,123
TGTGGTGAGTACTGTTGGCG_001,23
TGTGGTGAGTACTGTTGGCG_002,28
TGTGGTGAGTACTGTTGGCG_003,107
TGTGGTGAGTACTGTTGGCG_004,148
TGTGGTGAGTACTGTTGGCG_005,41
GTCCTACCACCTGGACACCA_001,23
GTCCTACCACCTGGACACCA_002,70
GTCCTACCACCTGGACACCA_003,73
GTCCTACCACCTGGACACCA_004,155
GTCCTACCACCTGGACACCA_005,162
GTCCTACCACCTGGACACCA_006,166
GTCCTACCACCTGGACACCA_007,179
GTCCTACCACCTGGACACCA_008,136
GTCCTACCACCTGGACACCA_009,75
GTCCTACCACCTGGACACCA_010,155
GTCCTACCACCTGGACACCA_011,50
GTCCTACCACCTGGACACCA_012,147
GTCCTACCACCTGGACACCA_013,190
GTCCTACCACCTGGACACCA_014,19
GTCCTACCACCTGGACACCA_015,60
GTCCTACCACCTGGACACCA_016,184
GTCCTACCACCTGGACACCA_017,142
GTCCTACCACCTGGACACCA_018,138
GAGTGATGCTTAGACTCCGT_001,35
GAGTGATGCTTAGACTCCGT_002,52
GAGTGATGCTTAGACTCCGT_003,152
GAGTGATGCTTAGACTCCGT_004,172
GAGTGATGCTTAGACTCCGT_005,127
GGAAACTTACAACCAGATTG_001,108
GGAAACTTACAACCAGATTG_002,1
GGAAACTTACAACCAGATTG_003,135
GGAAACTTACAACCAGATTG_004,10
GGAAACTTACAACCAGATTG_005,41
GGAAACTTACAACCAGATTG_006,6
CTTCAGCACAGCCCTCACAA_001,146
CTTCAGCACAGCCCTCACAA_002,60
CTTCAGCACAGCCCTCACAA_003,68
CTTCAGCACAGCCCTCACAA_004,69
CTTCAGCACAGCCCTCACAA_005,145
CTTCAGCACAGCCCTCACAA_006,12
CTTCAGCACAGCCCTCACAA_007,88
CTTCAGCACAGCCCTCACAA_008,49
CTTCAGCACAGCCCTCACAA_009,158
CTTCAGCACAGCCCTCACAA_010,46
CTTCAGCACAGCCCTCACAA_011,126
TGTGAGAAGAGTGTTATCGC_001,125
TGAGAATGCCACAGGCCATG_001,181
TGAGAATGCCACAGGCCATG_002,70
TGAGAATGCCACAGGCCATG_003,6
TGAGAATGCCACAGGCCATG_004,107
TGAGAATGCCACAGGCCATG_005,160
TGAGAATGCCACAGGCCATG_006,168
TGAGAATGCCACAGGCCATG_007,150
TGAGAATGCCACAGGCCATG_008,184
TGAGAATGCCACAGGCCATG_009,19
TGAGAATGCCACAGGCCATG_010,35
TGAGAATGCCACAGGCCATG_011,140
CCTGTGCCAGAACTCACGGG_001,141
CCTGTGCCAGAACTCACGGG_002,113
CCTGTGCCAGAACTCACGGG_003,127
CCTGTGCCAGAACTCACGGG_004,150
CCTGTGCCAGAACTCACGGG_005,172
CCTGTGCCAGAACTCACGGG_006,132
CCTGTGCCAGAACTCACGGG_007,157
CCTGTGCCAGAACTCACGGG_008,9
CCTGTGCCAGAACTCACGGG_009,7
CCTGTGCCAGAACTCACGGG_010,166
GTGGAAGTGCTCACGGATCG_001,60
GTGGAAGTGCTCACGGATCG_002,191
TGAAGTAGGACTGGTAGCTG_001,98
TGAAGTAGGACTGGTAGCTG_002,27
TGAAGTAGGACTGGTAGCTG_003,21
TGAAGTAGGACTGGTAGCTG_004,38
TGAAGTAGGACTGGTAGCTG_005,1
TGAAGTAGGACTGGTAGCTG_006,52
TGAAGTAGGACTGGTAGCTG_007,12
TGAAGTAGGACTGGTAGCTG_008,81
TGAAGTAGGACTGGTAGCTG_009,169
TGAAGTAGGACTGGTAGCTG_010,170
TGAAGATCTCATCCTCCATG_001,140
TGAAGATCTCATCCTCCATG_002,164
TGAAGATCTCATCCTCCATG_003,196
GGCCAGGTTCTGTTCCGACG_001,107
GGCCAGGTTCTGTTCCGACG_002,105
GGCCAGGTTCTGTTCCGACG_003,9
GGCCAGGTTCTGTTCCGACG_004,82
GGCCAGGTTCTGTTCCGACG_005,122
GGCCAGGTTCTGTTCCGACG_006,40
GGCCAGGTTCTGTTCCGACG_007,111
GGCCAGGTTCTGTTCCGACG_008,192
GGCCAGGTTCTGTTCCGACG_009,69
TCTTCTCTCTGGATACCATG_001,154
TCTTCTCTCTGGATACCATG_002,50
CTGGTTGTCCGAGATCGCTG_001,171
CTGGTTGTCCGAGATCGCTG_002,95
CTGGTTGTCCGAGATCGCTG_003,28
CTGGTTGTCCGAGATCGCTG_004,8
CTGGTTGTCCGAGATCGCTG_005,190
CTGGTTGTCCGAGATCGCTG_006,49
CTGGTTGTCCGAGATCGCTG_007,149
CTGGTTGTCCGAGATCGCTG_008,82
CTGGTTGTCCGAGATCGCTG_009,169
CTGGTTGTCCGAGATCGCTG_010,48
CTGGTTGTCCGAGATCGCTG_011,106
CTGGTTGTCCGAGATCGCTG_012,64
CTGGTTGTCCGAGATCGCTG_013,49
CTGGTTGTCCGAGATCGCTG_014,18
GGACGAGGTTCCCGACGACG_001,154
GGACGAGGTTCCCGACGACG_002,60
GGACGAGGTTCCCGACGACG_003,60
GGACGAGGTTCCCGACGACG_004,0
GGACGAGGTTCCCGACGACG_005,96
GGACGAGGTTCCCGACGACG_006,115
GGACGAGGTTCCCGACGACG_007,102
GGACGAGGTTCCCGACGACG_008,118
GGACGAGGTTCCCGACGACG_009,166
GGACGAGGTTCCCGACGACG_010,101
GGACGAGGTTCCCGACGACG_011,192
GGACGAGGTTCCCGACGACG_012,174
GGACGAGGTTCCCGACGACG_013,174
GGACGAGGTTCCCGACGACG_014,133
GGACGAGGTTCCCGACGACG_015,105
GGACGAGGTTCCCGACGACG_016,176
GGACGAGGTTCCCGACGACG_017,41
GGACGAGGTTCCCGACGACG_018,45
GGACGAGGTTCCCGACGACG_019,51
GGACGAGGTTCCCGACGACG_020,188
GGACGAGGTTCCCGACGACG_021,101
GGACGAGGTTCCCGACGACG_022,134
CCAAGTACCCTTATTCCAGA_001,62
CCAAGTACCCTTATTCCAGA_002,77
AAAGATGGCAACCTTCACGA_001,15
AAAGATGGCAACCTTCACGA_002,62
AAAGATGGCAACCTTCACGA_003,134
AAAGATGGCAACCTTCACGA_004,175
AAAGATGGCAACCTTCACGA_005,127
AAAGATGGCAACCTTCACGA_006,149
AAAGATGGCAACCTTCACGA_007,72
AAAGATGGCAACCTTCACGA_008,188
AAAGATGGCAACCTTCACGA_009,123
AAAGATGGCAACCTTCACGA_010,156
AAAGATGGCAACCTTCACGA_011,127
AAAGATGGCAACCTTCACGA_012,174
AAAGATGGCAACCTTCACGA_013,8
AAAGATGGCAACCTTCACGA_014,8
AAAGATGGCAACCTTCACGA_015,23
AAAGATGGCAACCTTCACGA_016,83
AAAGATGGCAACCTTCACGA_017,153
AAAGATGGCAACCTTCACGA_018,185
AAAGATGGCAACCTTCACGA_019,166
AAAGATGGCAACCTTCACGA_020,78
AAAGATGGCAACCTTCACGA_021,188
AAAGATGGCAACCTTCACGA_022,149
AAAGATGGCAACCTTCACGA_023,40
AAAGATGGCAACCTTCACGA_024,15
AAAGATGGCAACCTTCACGA_025,52
AAAGATGGCAACCTTCACGA_026,2
GTTGCAAAGATAGCCACTCC_001,196
GTTGCAAAGATAGCCACTCC_002,80
GAAGTCAGGATTGAACTCAT_001,137
GAAGTCAGGATTGAACTCAT_002,190
GAAGTCAGGATTGAACTCAT_003,158
GAAGTCAGGATTGAACTCAT_004,74
GAAGTCAGGATTGAACTCAT_005,99
GAAGTCAGGATTGAACTCAT_006,130
GAAGTCAGGATTGAACTCAT_007,2
GAAGTCAGGATTGAACTCAT_008,4
GAAGTCAGGATTGAACTCAT_009,169
GAAGTCAGGATTGAACTCAT_010,168
GAGTATAACTGGGCAACTGT_001,61
GAGTATAACTGGGCAACTGT_002,183
GAGTATAACTGGGCAACTGT_003,121
GAGTATAACTGGGCAACTGT_004,59
GGACACAGGAACCACCGAGG_001,17
GGACACAGGAACCACCGAGG_002,134
GGACACAGGAACCACCGAGG_003,184
GGACACAGGAACCACCGAGG_004,160
GGACACAGGAACCACCGAGG_005,58
GGACACAGGAACCACCGAGG_006,155
GGACACAGGAACCACCGAGG_007,44
GGACACAGGAACCACCGAGG_008,198
GGACACAGGAACCACCGAGG_009,191
GGACACAGGAACCACCGAGG_010,178
GGACACAGGAACCACCGAGG_011,160
GGACACAGGAACCACCGAGG_012,39
GGACACAGGAACCACCGAGG_013,168
GGACACAGGAACCACCGAGG_014,78
GGACACAGGAACCACCGAGG_015,123
CGGGCGCGCACTTACTTCGC_001,154
CGGGCGCGCACTTACTTCGC_002,70
CGGGCGCGCACTTACTTCGC_003,48
GATGCATGTAAAGAATGGTT_001,30
GATGCATGTAAAGAATGGTT_002,120
GATGCATGTAAAGAATGGTT_003,113
GATGCATGTAAAGAATGGTT_004,44
CAGGGATAGTAATGCCTGAG_001,73
CAGGGATAGTAATGCCTGAG_002,168
CAGGGATAGTAATGCCTGAG_003,48
GAAGCGATATGGAGGCGAAG_001,151
GAAGCGATATGGAGGCGAAG_002,93
GAAGCGATATGGAGGCGAAG_003,145
TAAACCCTTGGCGCCCTCAC_001,32
TAAACCCTTGGCGCCCTCAC_002,62
TAAACCCTTGGCGCCCTCAC_003,114
TAAACCCTTGGCGCCCTCAC_004,178
TAAACCCTTGGCGCCCTCAC_005,54
TAAACCCTTGGCGCCCTCAC_006,84
TAAACCCTTGGCGCCCTCAC_007,78
TAAACCCTTGGCGCCCTCAC_008,147
TAAACCCTTGGCGCCCTCAC_009,181
TAAACCCTTGGCGCCCTCAC_010,58
TAAACCCTTGGCGCCCTCAC_011,94
TAAACCCTTGGCGCCCTCAC_012,182
TAAACCCTTGGCGCCCTCAC_013,127
TAAACCCTTGGCGCCCTCAC_014,110
TAAACCCTTGGCGCCCTCAC_015,172
TAAACCCTTGGCGCCCTCAC_016,170
TAAACCCTTGGCGCCCTCAC_017,56
TAAACCCTTGGCGCCCTCAC_018,108
TAAACCCTTGGCGCCCTCAC_019,36
ACGGCTATGTGCAATCTGCG_001,128
ACGGCTATGTGCAATCTGCG_002,139
ACGGCTATGTGCAATCTGCG_003,130
ACGGCTATGTGCAATCTGCG_004,0
ACGGCTATGTGCAATCTGCG_005,94
ACGGCTATGTGCAATCTGCG_006,29
ACGGCTATGTGCAATCTGCG_007,165
ACGGCTATGTGCAATCTGCG_008,60
ACGGCTATGTGCAATCTGCG_009,77
ACGGCTATGTGCAATCTGCG_010,156
ACGGCTATGTGCAATCTGCG_011,175
ACGGCTATGTGCAATCTGCG_012,35
GGTACGGCCAGAAGCATACA_001,116
GGTACGGCCAGAAGCATACA_002,113
GGTACGGCCAGAAGCATACA_003,78
GGTACGGCCAGAAGCATACA_004,47
GGTACGGCCAGAAGCATACA_005,71
GGTACGGCCAGAAGCATACA_006,61
GGTACGGCCAGAAGCATACA_007,113
GGTACGGCCAGAAGCATACA_008,144
TAATTATTCAGTCATCTGAG_001,67
TAATTATTCAGTCATCTGAG_002,29
AGCCTGGTTTGTGCTCACGC_001,21
AGCCTGGTTTGTGCTCACGC_002,198
AGCCTGGTTTGTGCTCACGC_003,69
AGCCTGGTTTGTGCTCACGC_004,0
AGCCTGGTTTGTGCTCACGC_005,130
AGCCTGGTTTGTGCTCACGC_006,112
AGCCTGGTTTGTGCTCACGC_007,38
CTTGATGTAATAATTTGTGT_001,43
CTTGATGTAATAATTTGTGT_002,98
CTTGATGTAATAATTTGTGT_003,184
CTTGATGTAATAATTTGTGT_004,96
CTTGATGTAATAATTTGTGT_005,161
CTTGATGTAATAATTTGTGT_006,199
CTTGATGTAATAATTTGTGT_007,139
GTGTACCCCTGCGACCTGTG_001,40
GTGTACCCCTGCGACCTGTG_002,134
GTGTACCCCTGCGACCTGTG_003,29
GTGTACCCCTGCGACCTGTG_004,115
GTGTACCCCTGCGACCTGTG_005,41
GTGTACCCCTGCGACCTGTG_006,2
GTGTACCCCTGCGACCTGTG_007,70
GTGTACCCCTGCGACCTGTG_008,192
GTGTACCCCTGCGACCTGTG_009,49
GTGTACCCCTGCGACCTGTG_010,10
GTGTACCCCTGCGACCTGTG_011,34
GTGTACCCCTGCGACCTGTG_012,63
GTGTACCCCTGCGACCTGTG_013,56
GTGTACCCCTGCGACCTGTG_014,136
GTGTACCCCTGCGACCTGTG_015,77
GTGTACCCCTGCGACCTGTG_016,39
CGACACGTACCCACTCTCGG_001,67
CGACACGTACCCACTCTCGG_002,141
CGACACGTACCCACTCTCGG_003,101
CGACACGTACCCACTCTCGG_004,26
CGACACGTACCCACTCTCGG_005,47
CGACACGTACCCACTCTCGG_006,80
CGACACGTACCCACTCTCGG_007,30
CGACACGTACCCACTCTCGG_008,115
CGACACGTACCCACTCTCGG_009,162
CGACACGTACCCACTCTCGG_010,156
CGACACGTACCCACTCTCGG_011,78
CGACACGTACCCACTCTCGG_012,183
GATGCAACCGAATATGCTGT_001,17
GATGCAACCGAATATGCTGT_002,185
GATGCAACCGAATATGCTGT_003,64
GATGCAACCGAATATGCTGT_004,195
GATGCAACCGAATATGCTGT_005,117
GATGCAACCGAATATGCTGT_006,137
TGTATTCAACACATGCAAGA_001,191
TGTATTCAACACATGCAAGA_002,116
TGTATTCAACACATGCAAGA_003,83
TGTATTCAACACATGCAAGA_004,86
AGTCTGTGGCCACTACACTC_001,151
AGTCTGTGGCCACTACACTC_002,70
AGTCTGTGGCCACTACACTC_003,164
AGTCTGTGGCCACTACACTC_004,167
AGTCTGTGGCCACTACACTC_005,15
AGTCTGTGGCCACTACACTC_006,49
AGTCTGTGGCCACTACACTC_007,160
AGTCTGTGGCCACTACACTC_008,172
AGTCTGTGGCCACTACACTC_009,2
AGTCTGTGGCCACTACACTC_010,97
AGTCTGTGGCCACTACACTC_011,60
AGTCTGTGGCCACTACACTC_012,119
AGTCTGTGGCCACTACACTC_013,186
AGTCTGTGGCCACTACACTC_014,147
AGTCTGTGGCCACTACACTC_015,62
AGTCTGTGGCCACTACACTC_016,46
AAATGCCAGAAGAACTCACC_001,51
AAATGCCAGAAGAACTCACC_002,48
AAATGCCAGAAGAACTCACC_003,127
AAATGCCAGAAGAACTCACC_004,47
AAATGCCAGAAGAACTCACC_005,8
AAATGCCAGAAGAACTCACC_006,50
AAATGCCAGAAGAACTCACC_007,69
AAATGCCAGAAGAACTCACC_008,21
AAATGCCAGAAGAACTCACC_009,34
AAATGCCAGAAGAACTCACC_010,1
AAATGCCAGAAGAACTCACC_011,69
AAATGCCAGAAGAACTCACC_012,88
AAATGCCAGAAGAACTCACC_013,62
AAATGCCAGAAGAACTCACC_014,45
AAATGCCAGAAGAACTCACC_015,65
AAATGCCAGAAGAACTCACC_016,88
AAATGCCAGAAGAACTCACC_017,113
AAATGCCAGAAGAACTCACC_018,2
AAATGCCAGAAGAACTCACC_019,15
AAATGCCAGAAGAACTCACC_020,7
AAATGCCAGAAGAACTCACC_021,43
CGAACGTAGCCCTCTCGCGG_001,41
CGAACGTAGCCCTCTCGCGG_002,142
CGAACGTAGCCCTCTCGCGG_003,85
CGAACGTAGCCCTCTCGCGG_004,98
CGAACGTAGCCCTCTCGCGG_005,116
CGAACGTAGCCCTCTCGCGG_006,84
CGAACGTAGCCCTCTCGCGG_007,48
CGAACGTAGCCCTCTCGCGG_008,65
CGAACGTAGCCCTCTCGCGG_009,99
CAAAATTGCGAGCATCCCGT_001,115
CAAAATTGCGAGCATCCCGT_002,103
CATTCAAGCAAATATCCCAG_001,115
CATTCAAGCAAATATCCCAG_002,196
CATTCAAGCAAATATCCCAG_003,99
CATTCAAGCAAATATCCCAG_004,28
AAATAGTGTACCATGTGCGG_001,107
AAATAGTGTACCATGTGCGG_002,11
AAATAGTGTACCATGTGCGG_003,190
AAATAGTGTACCATGTGCGG_004,94
AAATAGTGTACCATGTGCGG_005,77
AAATAGTGTACCATGTGCGG_006,4
AAATAGTGTACCATGTGCGG_007,43
AAATAGTGTACCATGTGCGG_008,1
AAATAGTGTACCATGTGCGG_009,11
AAATAGTGTACCATGTGCGG_010,149
AAATAGTGTACCATGTGCGG_011,158
AAATAGTGTACCATGTGCGG_012,181
AAATAGTGTACCATGTGCGG_013,13
AAATAGTGTACCATGTGCGG_014,10
AAATAGTGTACCATGTGCGG_015,10
ACGTCCGGGTAGCCCCGAAA_001,172
ACGTCCGGGTAGCCCCGAAA_002,189
ACGTCCGGGTAGCCCCGAAA_003,78
ACGTCCGGGTAGCCCCGAAA_004,7
ACGTCCGGGTAGCCCCGAAA_005,73
ACGTCCGGGTAGCCCCGAAA_006,78
ACGTCCGGGTAGCCCCGAAA_007,70
ACGTCCGGGTAGCCCCGAAA_008,193
ACGTCCGGGTAGCCCCGAAA_009,11
ACGTCCGGGTAGCCCCGAAA_010,159
ACGTCCGGGTAGCCCCGAAA_011,76
ACGTCCGGGTAGCCCCGAAA_012,145
ACGTCCGGGTAGCCCCGAAA_013,77
ACGTCCGGGTAGCCCCGAAA_014,178
ACGTCCGGGTAGCCCCGAAA_015,197
ACGTCCGGGTAGCCCCGAAA_016,121
ACGTCCGGGTAGCCCCGAAA_017,102
ACGTCCGGGTAGCCCCGAAA_018,10
ACGTCCGGGTAGCCCCGAAA_019,10
ACGTCCGGGTAGCCCCGAAA_020,42
TGTGACTACTGGGAGTCTCG_001,50
TGTGACTACTGGGAGTCTCG_002,5
TGAAATCCGACCATCCAGTG_001,109
TGAAATCCGACCATCCAGTG_002,37
TGAAATCCGACCATCCAGTG_003,105
TGAAATCCGACCATCCAGTG_004,161
TGAAATCCGACCATCCAGTG_005,83
TGAAATCCGACCATCCAGTG_006,168
TGAAATCCGACCATCCAGTG_007,67
TGAAATCCGACCATCCAGTG_008,91
TGAAATCCGACCATCCAGTG_009,38
AGGATCGACTTGTGGAACAA_001,118
AGGATCGACTTGTGGAACAA_002,19
AGGATCGACTTGTGGAACAA_003,76
AGGATCGACTTGTGGAACAA_004,119
AGGATCGACTTGTGGAACAA_005,29
AGGATCGACTTGTGGAACAA_006,160
AGGATCGACTTGTGGAACAA_007,177
AGGATCGACTTGTGGAACAA_008,57
AGGATCGACTTGTGGAACAA_009,32
AGGATCGACTTGTGGAACAA_010,38
AGGATCGACTTGTGGAACAA_011,108
AGGATCGACTTGTGGAACAA_012,80
AGGATCGACTTGTGGAACAA_013,174
AGGATCGACTTGTGGAACAA_014,10
AGGATCGACTTGTGGAACAA_015,12
AGGATCGACTTGTGGAACAA_016,198
AGGATCGACTTGTGGAACAA_017,6
TTTGGAAGAGTCAAATCCGG_001,62
TTTGGAAGAGTCAAATCCGG_002,105
TCTGCAAACAGGAAGTGGTG_001,99
TCTGCAAACAGGAAGTGGTG_002,52
TCTGCAAACAGGAAGTGGTG_003,151
TCTGCAAACAGGAAGTGGTG_004,43
TCTGCAAACAGGAAGTGGTG_005,24
TCTGCAAACAGGAAGTGGTG_006,191
TCTGCAAACAGGAAGTGGTG_007,58
TCTGCAAACAGGAAGTGGTG_008,134
TCTGCAAACAGGAAGTGGTG_009,129
TCTGCAAACAGGAAGTGGTG_010,19
TCTGCAAACAGGAAGTGGTG_011,121
TCTGCAAACAGGAAGTGGTG_012,119
TCTGCAAACAGGAAGTGGTG_013,124
TCTGCAAACAGGAAGTGGTG_014,28
TCTGCAAACAGGAAGTGGTG_015,123
GGCCCCTTGACTGACTAAGG_001,152
GGCCCCTTGACTGACTAAGG_002,46
GGCCCCTTGACTGACTAAGG_003,174
GGCCCCTTGACTGACTAAGG_004,174
GGCCCCTTGACTGACTAAGG_005,58
GGCCCCTTGACTGACTAAGG_006,65
GGCCCCTTGACTGACTAAGG_007,1
GGCCCCTTGACTGACTAAGG_008,28
GGCCCCTTGACTGACTAAGG_009,61
GGCCCCTTGACTGACTAAGG_010,130
GGCCCCTTGACTGACTAAGG_011,113
GGCCCCTTGACTGACTAAGG_012,142
GGCCCCTTGACTGACTAAGG_013,178
GGCCCCTTGACTGACTAAGG_014,40
GGCCCCTTGACTGACTAAGG_015,127
TGTGAACAAAATTCATGGTG_001,130
TGTGAACAAAATTCATGGTG_002,58
TGTGAACAAAATTCATGGTG_003,172
TGTGAACAAAATTCATGGTG_004,120
TGTGAACAAAATTCATGGTG_005,163
TGTGAACAAAATTCATGGTG_006,83
CATTTGTGACAGGTTGTGTG_001,114
CATTTGTGACAGGTTGTGTG_002,151
CATTTGTGACAGGTTGTGTG_003,88
CATTTGTGACAGGTTGTGTG_004,19
CATTTGTGACAGGTTGTGTG_005,77
CATTTGTGACAGGTTGTGTG_006,94
CATTTGTGACAGGTTGTGTG_007,17
CATTTGTGACAGGTTGTGTG_008,169
CATTTGTGACAGGTTGTGTG_009,181
CATTTGTGACAGGTTGTGTG_010,51
CATTTGTGACAGGTTGTGTG_011,20
CATTTGTGACAGGTTGTGTG_012,144
CATTTGTGACAGGTTGTGTG_013,58
CATTTGTGACAGGTTGTGTG_014,140
CATTTGTGACAGGTTGTGTG_015,2
CATTTGTGACAGGTTGTGTG_016,149
CATTTGTGACAGGTTGTGTG_017,48
CATTTGTGACAGGTTGTGTG_018,88
CATTTGTGACAGGTTGTGTG_019,162
CATTTGTGACAGGTTGTGTG_020,4
CATTTGTGACAGGTTGTGTG_021,97
CATTTGTGACAGGTTGTGTG_022,84
CATTTGTGACAGGTTGTGTG_023,17
CATTTGTGACAGGTTGTGTG_024,146
CATTTGTGACAGGTTGTGTG_025,134
CATTTGTGACAGGTTGTGTG_026,45
CATTTGTGACAGGTTGTGTG_027,32
CATTTGTGACAGGTTGTGTG_028,112
CATTTGTGACAGGTTGTGTG_029,35
CATTTGTGACAGGTTGTGTG_030,78
CATTTGTGACAGGTTGTGTG_031,192
CATTTGTGACAGGTTGTGTG_032,73
CATTTGTGACAGGTTGTGTG_033,78
CATTTGTGACAGGTTGTGTG_034,150
CATTTGTGACAGGTTGTGTG_035,83
CATTTGTGACAGGTTGTGTG_036,78
CATTTGTGACAGGTTGTGTG_037,46
CATTTGTGACAGGTTGTGTG_038,165
CATTTGTGACAGGTTGTGTG_039,81
CATTTGTGACAGGTTGTGTG_040,136
CATTTGTGACAGGTTGTGTG_041,77
CATTTGTGACAGGTTGTGTG_042,175
TTCTGCGCAGGATGTGATGG_001,134
TTCTGCGCAGGATGTGATGG_002,190
TTCTGCGCAGGATGTGATGG_003,120
TTCTGCGCAGGATGTGATGG_004,29
TTCTGCGCAGGATGTGATGG_005,127
TGGACAGTTACGTACTTACC_001,170
TGGACAGTTACGTACTTACC_002,69
GTCCATTGGGATTCACCAAG_001,174
GTCCATTGGGATTCACCAAG_002,9
GTCCATTGGGATTCACCAAG_003,68
GTCCATTGGGATTCACCAAG_004,198
GTCCATTGGGATTCACCAAG_005,133
GTCCATTGGGATTCACCAAG_006,69
GTCCATTGGGATTCACCAAG_007,93
GTCCATTGGGATTCACCAAG_008,93
GTCCATTGGGATTCACCAAG_009,194
GTCCATTGGGATTCACCAAG_010,1
AGAAGTGATTGACCTCATTG_001,32
AGAAGTGATTGACCTCATTG_002,15
AGAAGTGATTGACCTCATTG_003,160
AGAAGTGATTGACCTCATTG_004,98
AGAAGTGATTGACCTCATTG_005,164
AGAAGTGATTGACCTCATTG_006,164
AGAAGTGATTGACCTCATTG_007,82
AGAAGTGATTGACCTCATTG_008,38
AGAAGTGATTGACCTCATTG_009,30
AGAAGTGATTGACCTCATTG_010,53
AGAAGTGATTGACCTCATTG_011,168
AGAAGTGATTGACCTCATTG_012,190
AGAAGTGATTGACCTCATTG_013,113
AGAAGTGATTGACCTCATTG_014,109
AGAAGTGATTGACCTCATTG_015,108
AGAAGTGATTGACCTCATTG_016,125
AGAAGTGATTGACCTCATTG_017,13
AGAAGTGATTGACCTCATTG_018,29
AGAAGTGATTGACCTCATTG_019,130
AGAAGTGATTGACCTCATTG_020,27
AGAAGTGATTGACCTCATTG_021,185
AGAAGTGATTGACCTCATTG_022,4
AGAAGTGATTGACCTCATTG_023,101
TGGTGTGCGAGTGTAAACCT_001,29
TGGTGTGCGAGTGTAAACCT_002,82
TGGTGTGCGAGTGTAAACCT_003,76
TGGTGTGCGAGTGTAAACCT_004,7
TGGTGTGCGAGTGTAAACCT_005,88
TGGTGTGCGAGTGTAAACCT_006,88
TGGTGTGCGAGTGTAAACCT_007,188
TGGTGTGCGAGTGTAAACCT_008,98
TGGTGTGCGAGTGTAAACCT_009,145
TGGTGTGCGAGTGTAAACCT_010,41
TGGTGTGCGAGTGTAAACCT_011,69
TGGTGTGCGAGTGTAAACCT_012,41
TGGTGTGCGAGTGTAAACCT_013,16
TGGTGTGCGAGTGTAAACCT_014,50
TGGTGTGCGAGTGTAAACCT_015,62
TGGTGTGCGAGTGTAAACCT_016,176
TGGTGTGCGAGTGTAAACCT_017,78
TGGTGTGCGAGTGTAAACCT_018,3
TTTCCATGACGAGTTACAAG_001,68
TTTCCATGACGAGTTACAAG_002,175
TTTCCATGACGAGTTACAAG_003,36
TTTCCATGACGAGTTACAAG_004,46
CAACAGCAACTGGTTTAAAG_001,155
CAACAGCAACTGGTTTAAAG_002,145
CAACAGCAACTGGTTTAAAG_003,72
TACATCTCATCACAGACAAA_001,185
TACATCTCATCACAGACAAA_002,126
TACATCTCATCACAGACAAA_003,150
TACATCTCATCACAGACAAA_004,67
TACATCTCATCACAGACAAA_005,35
TACATCTCATCACAGACAAA_006,157
TACATCTCATCACAGACAAA_007,137
TACATCTCATCACAGACAAA_008,84
AGGAGACTGTGAATGAAACT_001,70
AGGAGACTGTGAATGAAACT_002,197
AGGAGACTGTGAATGAAACT_003,62
AGGAGACTGTGAATGAAACT_004,29
AGGAGACTGTGAATGAAACT_005,88
AGGAGACTGTGAATGAAACT_006,61
AGGAGACTGTGAATGAAACT_007,140
AGGAGACTGTGAATGAAACT_008,89
AGGAGACTGTGAATGAAACT_009,182
AGGAGACTGTGAATGAAACT_010,40
AGGAGACTGTGAATGAAACT_011,130
AGGAGACTGTGAATGAAACT_012,43
AGGAGACTGTGAATGAAACT_013,125
CCTTGCCCTGCTTAACACAA_001,190
CCTTGCCCTGCTTAACACAA_002,151
CCTTGCCCTGCTTAACACAA_003,152
CCTTGCCCTGCTTAACACAA_004,68
CCTTGCCCTGCTTAACACAA_005,13
CCTTGCCCTGCTTAACACAA_006,166
CCTTGCCCTGCTTAACACAA_007,156
CCTTGCCCTGCTTAACACAA_008,36
CCTTGCCCTGCTTAACACAA_009,115
TATCAACCATCGAGTTCCAG_001,60
TATCAACCATCGAGTTCCAG_002,105
TATCAACCATCGAGTTCCAG_003,166
TATCAACCATCGAGTTCCAG_004,14
TATCAACCATCGAGTTCCAG_005,169
TATCAACCATCGAGTTCCAG_006,106
TATCAACCATCGAGTTCCAG_007,11
TATCAACCATCGAGTTCCAG_008,176
TATCAACCATCGAGTTCCAG_009,12
TATCAACCATCGAGTTCCAG_010,193
TATCAACCATCGAGTTCCAG_011,81
TATCAACCATCGAGTTCCAG_012,166
TATCAACCATCGAGTTCCAG_013,79
TATCAACCATCGAGTTCCAG_014,160
TATCAACCATCGAGTTCCAG_015,17
TATCAACCATCGAGTTCCAG_016,175
TATCAACCATCGAGTTCCAG_017,140
TATCAACCATCGAGTTCCAG_018,186
TATCAACCATCGAGTTCCAG_019,182
TATCAACCATCGAGTTCCAG_020,29
TATCAACCATCGAGTTCCAG_021,160
TATCAACCATCGAGTTCCAG_022,63
TATCAACCATCGAGTTCCAG_023,105
TATCAACCATCGAGTTCCAG_024,130
GAGGAGCCGCCGATGATACG_001,88
GAGGAGCCGCCGATGATACG_002,45
GAGGAGCCGCCGATGATACG_003,191
GAGGAGCCGCCGATGATACG_004,5
GAGGAGCCGCCGATGATACG_005,170
GAGGAGCCGCCGATGATACG_006,46
GAGGAGCCGCCGATGATACG_007,77
GAGGAGCCGCCGATGATACG_008,147
GAGGAGCCGCCGATGATACG_009,63
GAGGAGCCGCCGATGATACG_010,187
GAGGAGCCGCCGATGATACG_011,91
GAGGAGCCGCCGATGATACG_012,20
GAGGAGCCGCCGATGATACG_013,53
GAGGAGCCGCCGATGATACG_014,130
GAGGAGCCGCCGATGATACG_015,140
GAGGAGCCGCCGATGATACG_016,84
GAGGAGCCGCCGATGATACG_017,2
GAGGAGCCGCCGATGATACG_018,19
GAGGAGCCGCCGATGATACG_019,52
GAGGAGCCGCCGATGATACG_020,50
GAGGAGCCGCCGATGATACG_021,13
GAGGAGCCGCCGATGATACG_022,177
GAGGAGCCGCCGATGATACG_023,170
GAGGAGCCGCCGATGATACG_024,49
GAGGAGCCGCCGATGATACG_025,110
TGTCCCCACAGGGTGAACGT_001,157
TGTCCCCACAGGGTGAACGT_002,49
TGTCCCCACAGGGTGAACGT_003,168
TGTCCCCACAGGGTGAACGT_004,7
GCATGTAGTAGTAACTTGTG_001,176
GCATGTAGTAGTAACTTGTG_002,51
GCATGTAGTAGTAACTTGTG_003,32
GCATGTAGTAGTAACTTGTG_004,37
TACCTGCCGAGCAAGCCGAG_001,149
TACCTGCCGAGCAAGCCGAG_002,31
TACCTGCCGAGCAAGCCGAG_003,50
TACCTGCCGAGCAAGCCGAG_004,170
TACCTGCCGAGCAAGCCGAG_005,174
TACCTGCCGAGCAAGCCGAG_006,147
TACCTGCCGAGCAAGCCGAG_007,11
TACCTGCCGAGCAAGCCGAG_008,115
TACCTGCCGAGCAAGCCGAG_009,104
TATGATCTCGAGGTAATGGG_001,31
TATGATCTCGAGGTAATGGG_002,129
TATGATCTCGAGGTAATGGG_003,134
AATCAACTGAATCGTATGGA_001,188
AATCAACTGAATCGTATGGA_002,65
AATCAACTGAATCGTATGGA_003,117
AATCAACTGAATCGTATGGA_004,168
AATCAACTGAATCGTATGGA_005,94
AATCAACTGAATCGTATGGA_006,97
AATCAACTGAATCGTATGGA_007,56
AATCAACTGAATCGTATGGA_008,102
AATCAACTGAATCGTATGGA_009,180
GGACTCATGCCCTATTACAA_001,55
GGACTCATGCCCTATTACAA_002,102
GGACTCATGCCCTATTACAA_003,146
GGACTCATGCCCTATTACAA_004,96
GGACTCATGCCCTATTACAA_005,183
GGACTCATGCCCTATTACAA_006,48
GGACTCATGCCCTATTACAA_007,83
ATATGTTAAATCTAGGCTTG_001,83
ATATGTTAAATCTAGGCTTG_002,160
ATATGTTAAATCTAGGCTTG_003,160
ATATGTTAAATCTAGGCTTG_004,94
ATATGTTAAATCTAGGCTTG_005,127
ATATGTTAAATCTAGGCTTG_006,149
ATATGTTAAATCTAGGCTTG_007,105
ATATGTTAAATCTAGGCTTG_008,162
ATGCAATGTACCGTCCATGT_001,72
ATGCAATGTACCGTCCATGT_002,167
ATGCAATGTACCGTCCATGT_003,15
ATGCAATGTACCGTCCATGT_004,199
ATGCAATGTACCGTCCATGT_005,107
TGCTCACGCAATTTACACCA_001,166
TGCTCACGCAATTTACACCA_002,50
TGCTCACGCAATTTACACCA_003,0
CAAGGTAGTGATTGAAACTG_001,46
CAAGGTAGTGATTGAAACTG_002,40
AGAGGAGGAGACACATGTCG_001,97
AGAGGAGGAGACACATGTCG_002,53
AGAGGAGGAGACACATGTCG_003,4
AGAGGAGGAGACACATGTCG_004,175
AGAGGAGGAGACACATGTCG_005,10
AGAGGAGGAGACACATGTCG_006,121
AGTTGGAAGAGTGGTACACA_001,134
AGTTGGAAGAGTGGTACACA_002,163
AGTTGGAAGAGTGGTACACA_003,84
AGTTGGAAGAGTGGTACACA_004,198
AGTTGGAAGAGTGGTACACA_005,40
AGTTGGAAGAGTGGTACACA_006,148
AGTTGGAAGAGTGGTACACA_007,158
AGTTGGAAGAGTGGTACACA_008,8
AGTTGGAAGAGTGGTACACA_009,88
AGTTGGAAGAGTGGTACACA_010,57
AGTTGGAAGAGTGGTACACA_011,38
AGTTGGAAGAGTGGTACACA_012,37
AGTTGGAAGAGTGGTACACA_013,174
AAGTAAAAACACCATCCATG_001,115
AAGTAAAAACACCATCCATG_002,90
AAGTAAAAACACCATCCATG_003,80
AAGTAAAAACACCATCCATG_004,47
AAGTAAAAACACCATCCATG_005,61
AAGTAAAAACACCATCCATG_006,94
AAGTAAAAACACCATCCATG_007,70
ATCCTAGGTACAAAAGGACG_001,60
ATCCTAGGTACAAAAGGACG_002,194
ATCCTAGGTACAAAAGGACG_003,117
ATCCTAGGTACAAAAGGACG_004,82
ATCCTAGGTACAAAAGGACG_005,5
ATCCTAGGTACAAAAGGACG_006,58
ATCCTAGGTACAAAAGGACG_007,174
ATCCTAGGTACAAAAGGACG_008,172
ATCCTAGGTACAAAAGGACG_009,63
ATCCTAGGTACAAAAGGACG_010,137
ATCCTAGGTACAAAAGGACG_011,90
CACCGGAGTCCAAGTCCATG_001,152
CACCGGAGTCCAAGTCCATG_002,50
CACCGGAGTCCAAGTCCATG_003,186
CACCGGAGTCCAAGTCCATG_004,194
CACCGGAGTCCAAGTCCATG_005,58
CACCGGAGTCCAAGTCCATG_006,158
CACCGGAGTCCAAGTCCATG_007,141
CACCGGAGTCCAAGTCCATG_008,44
CACCGGAGTCCAAGTCCATG_009,81
CACCGGAGTCCAAGTCCATG_010,65
CACCGGAGTCCAAGTCCATG_011,28
CACCGGAGTCCAAGTCCATG_012,144
CATGAGATGTCTATGGTTCG_001,15
TGCTGCCCCTGACATATGAA_001,128
TGCTGCCCCTGACATATGAA_002,50
TGCTGCCCCTGACATATGAA_003,137
TGCTGCCCCTGACATATGAA_004,178
TGCTGCCCCTGACATATGAA_005,115
TGCTGCCCCTGACATATGAA_006,4
TGCTGCCCCTGACATATGAA_007,177
TGCTGCCCCTGACATATGAA_008,44
TGCTGCCCCTGACATATGAA_009,33
TGCTGCCCCTGACATATGAA_010,11
TGCTGCCCCTGACATATGAA_011,50
TGCTGCCCCTGACATATGAA_012,81
TGCTGCCCCTGACATATGAA_013,102
TGCTGCCCCTGACATATGAA_014,184
TGCTGCCCCTGACATATGAA_015,106
TTACCTTGGAGAGCACAAAG_001,133
TTACCTTGGAGAGCACAAAG_002,136
TTACCTTGGAGAGCACAAAG_003,84
TTACCTTGGAGAGCACAAAG_004,97
TTACCTTGGAGAGCACAAAG_005,77
TTACCTTGGAGAGCACAAAG_006,193
TTACCTTGGAGAGCACAAAG_007,134
TTACCTTGGAGAGCACAAAG_008,81
TTACCTTGGAGAGCACAAAG_009,145
TTACCTTGGAGAGCACAAAG_010,84
TTACCTTGGAGAGCACAAAG_011,119
TTACCTTGGAGAGCACAAAG_012,60
TTACCTTGGAGAGCACAAAG_013,94
TTACCTTGGAGAGCACAAAG_014,5
TTACCTTGGAGAGCACAAAG_015,159
TTACCTTGGAGAGCACAAAG_016,12
TTACCTTGGAGAGCACAAAG_017,13
TTACCTTGGAGAGCACAAAG_018,196
TTACCTTGGAGAGCACAAAG_019,15
TTACCTTGGAGAGCACAAAG_020,112
TTACCTTGGAGAGCACAAAG_021,38
AGCAGAGTACTGATATACGT_001,34
AGCAGAGTACTGATATACGT_002,107
AGCAGAGTACTGATATACGT_003,6
AGCAGAGTACTGATATACGT_004,188
AGCAGAGTACTGATATACGT_005,49
AGCAGAGTACTGATATACGT_006,88
AGCAGAGTACTGATATACGT_007,46
AGCAGAGTACTGATATACGT_008,185
AGCAGAGTACTGATATACGT_009,126
AGCAGAGTACTGATATACGT_010,116
AGCAGAGTACTGATATACGT_011,152
AGCAGAGTACTGATATACGT_012,121
GCCACTGGTCCAAGCTGACG_001,141
GCCACTGGTCCAAGCTGACG_002,58
GCCACTGGTCCAAGCTGACG_003,188
GCCACTGGTCCAAGCTGACG_004,98
GCCACTGGTCCAAGCTGACG_005,158
GCCACTGGTCCAAGCTGACG_006,146
GCCACTGGTCCAAGCTGACG_007,17
GCCACTGGTCCAAGCTGACG_008,144
GCCACTGGTCCAAGCTGACG_009,148
GCCACTGGTCCAAGCTGACG_010,145
GCCACTGGTCCAAGCTGACG_011,170
GCCACTGGTCCAAGCTGACG_012,117
GCCACTGGTCCAAGCTGACG_013,147
GCCACTGGTCCAAGCTGACG_014,52
GCCACTGGTCCAAGCTGACG_015,56
GCCACTGGTCCAAGCTGACG_016,88
GCCACTGGTCCAAGCTGACG_017,98
GCCACTGGTCCAAGCTGACG_018,168
GCCACTGGTCCAAGCTGACG_019,49
GCCACTGGTCCAAGCTGACG_020,170
GCCACTGGTCCAAGCTGACG_021,130
GCCACTGGTCCAAGCTGACG_022,104
GAAGCCCCGGACAGTTAACG_001,91
GAAGCCCCGGACAGTTAACG_002,87
GAAGCCCCGGACAGTTAACG_003,28
GAAGCCCCGGACAGTTAACG_004,43
GAAGCCCCGGACAGTTAACG_005,94
GAAGCCCCGGACAGTTAACG_006,48
GAAGCCCCGGACAGTTAACG_007,116
GAAGCCCCGGACAGTTAACG_008,197
GAAGCCCCGGACAGTTAACG_009,168
GAAGCCCCGGACAGTTAACG_010,108
GAAGCCCCGGACAGTTAACG_011,88
GAAGCCCCGGACAGTTAACG_012,19
GAAGCCCCGGACAGTTAACG_013,94
GAAGCCCCGGACAGTTAACG_014,115
GAAGCCCCGGACAGTTAACG_015,102
GAAGCCCCGGACAGTTAACG_016,38
GAAGCCCCGGACAGTTAACG_017,23
GAAGCCCCGGACAGTTAACG_018,23
GTCCCTTCAGATACCCGTCT_001,107
GTCCCTTCAGATACCCGTCT_002,174
GTCCCTTCAGATACCCGTCT_003,111
TTACCGATTTGGTAATATCG_001,15
TTACCGATTTGGTAATATCG_002,34
CCTTACCTTCCAACACAGTG_001,130
CCTTACCTTCCAACACAGTG_002,174
CCTTACCTTCCAACACAGTG_003,122
CCTTACCTTCCAACACAGTG_004,162
CCTTACCTTCCAACACAGTG_005,147
CCTTACCTTCCAACACAGTG_006,162
CCTTACCTTCCAACACAGTG_007,48
CCTTACCTTCCAACACAGTG_008,19
CCTTACCTTCCAACACAGTG_009,38
CCTTACCTTCCAACACAGTG_010,152
CCCCAAGCACCACCAATGGG_001,146
CCCCAAGCACCACCAATGGG_002,5
CCCCAAGCACCACCAATGGG_003,92
CCCCAAGCACCACCAATGGG_004,141
CCCCAAGCACCACCAATGGG_005,77
CCCCAAGCACCACCAATGGG_006,106
CCCCAAGCACCACCAATGGG_007,175
CCCCAAGCACCACCAATGGG_008,10
CCCCAAGCACCACCAATGGG_009,175
CCCCAAGCACCACCAATGGG_010,33
GCACCAGCCTATGGTGTAGA_001,141
GCACCAGCCTATGGTGTAGA_002,142
GCACCAGCCTATGGTGTAGA_003,177
GCACCAGCCTATGGTGTAGA_004,31
GCACCAGCCTATGGTGTAGA_005,56
GCACCAGCCTATGGTGTAGA_006,105
GCACCAGCCTATGGTGTAGA_007,170
GCACCAGCCTATGGTGTAGA_008,166
GCACCAGCCTATGGTGTAGA_009,68
GCACCAGCCTATGGTGTAGA_010,192
GCACCAGCCTATGGTGTAGA_011,139
AGTTGGTAAAAAAATCCGCA_001,8
AGTTGGTAAAAAAATCCGCA_002,4
AGTTGGTAAAAAAATCCGCA_003,70
AGTTGGTAAAAAAATCCGCA_004,146
AGTTGGTAAAAAAATCCGCA_005,132
AGTTGGTAAAAAAATCCGCA_006,67
AGTTGGTAAAAAAATCCGCA_007,174
AGTTGGTAAAAAAATCCGCA_008,49
AGTTGGTAAAAAAATCCGCA_009,40
AGTTGGTAAAAAAATCCGCA_010,151
AGTTGGTAAAAAAATCCGCA_011,56
AGTTGGTAAAAAAATCCGCA_012,78
AGTTGGTAAAAAAATCCGCA_013,43
AGTTGGTAAAAAAATCCGCA_014,69
GCCTGCACCCAGACATGATG_001,196
GCCTGCACCCAGACATGATG_002,47
GCCTGCACCCAGACATGATG_003,139
GCCTGCACCCAGACATGATG_004,93
GCCTGCACCCAGACATGATG_005,73
GCCTGCACCCAGACATGATG_006,56
GCCTGCACCCAGACATGATG_007,56
GCCTGCACCCAGACATGATG_008,16
GCCTGCACCCAGACATGATG_009,81
GCCTGCACCCAGACATGATG_010,82
GCCTGCACCCAGACATGATG_011,55
TAAAAAACGCTCTAAATCAA_001,174
TAAAAAACGCTCTAAATCAA_002,141
TAAAAAACGCTCTAAATCAA_003,115
TAAAAAACGCTCTAAATCAA_004,63
TAAAAAACGCTCTAAATCAA_005,170
TAAAAAACGCTCTAAATCAA_006,38
TAAAAAACGCTCTAAATCAA_007,140
ACTGGTGACTCCCATGACCA_001,142
ACTGGTGACTCCCATGACCA_002,62
ACTGGTGACTCCCATGACCA_003,7
ACTGGTGACTCCCATGACCA_004,6
ACTGGTGACTCCCATGACCA_005,86
ACTGGTGACTCCCATGACCA_006,17
ACTGGTGACTCCCATGACCA_007,48
ACTGGTGACTCCCATGACCA_008,170
ACTGGTGACTCCCATGACCA_009,93
ACTGGTGACTCCCATGACCA_010,192
ACTGGTGACTCCCATGACCA_011,97
ACTGGTGACTCCCATGACCA_012,101
ACTGGTGACTCCCATGACCA_013,118
ACTGGTGACTCCCATGACCA_014,185
ACTGGTGACTCCCATGACCA_015,107
ACTGGTGACTCCCATGACCA_016,94
ACTGGTGACTCCCATGACCA_017,161
ACTGGTGACTCCCATGACCA_018,97
ACTGGTGACTCCCATGACCA_019,82
AAAATGTACCTTCTGCGAAG_001,184
AAAATGTACCTTCTGCGAAG_002,15
AAAATGTACCTTCTGCGAAG_003,29
AAAATGTACCTTCTGCGAAG_004,115
AAAATGTACCTTCTGCGAAG_005,77
CAGGCTCCAGACCATGAACA_001,156
CAGGCTCCAGACCATGAACA_002,15
CAGGCTCCAGACCATGAACA_003,168
CAGGCTCCAGACCATGAACA_004,105
CAGGCTCCAGACCATGAACA_005,42
CAGGCTCCAGACCATGAACA_006,4
CAGGCTCCAGACCATGAACA_007,125
CAGGCTCCAGACCATGAACA_008,26
CAGGCTCCAGACCATGAACA_009,6
CAGGCTCCAGACCATGAACA_010,91
CAGGCTCCAGACCATGAACA_011,28
CCAAGAGAAGCAACACGCAG_001,149
CCAAGAGAAGCAACACGCAG_002,49
CCAAGAGAAGCAACACGCAG_003,196
CCAAGAGAAGCAACACGCAG_004,81
CCAAGAGAAGCAACACGCAG_005,155
CCAAGAGAAGCAACACGCAG_006,40
CCAAGAGAAGCAACACGCAG_007,42
CCAAGAGAAGCAACACGCAG_008,163
CCAAGAGAAGCAACACGCAG_009,50
CCAAGAGAAGCAACACGCAG_010,4
CCAAGAGAAGCAACACGCAG_011,124
CCAGATATCGGGCCATACGG_001,83
CCAGATATCGGGCCATACGG_002,2
GTAGAGATATCCCATGATGC_001,78
AAGAAGCGCTGTCATTCTTA_001,16
GTGACACGCTCATGTGCAGA_001,4
GTGACACGCTCATGTGCAGA_002,183
CAGGCCTGCATGAATGGTAA_001,48
CAGGCCTGCATGAATGGTAA_002,48
CAGGCCTGCATGAATGGTAA_003,55
CAGGCCTGCATGAATGGTAA_004,198
CAGGCCTGCATGAATGGTAA_005,98
CAGGCCTGCATGAATGGTAA_006,65
CAGGCCTGCATGAATGGTAA_007,8
CAGGCCTGCATGAATGGTAA_008,127
CAGGCCTGCATGAATGGTAA_009,44
CAGGCCTGCATGAATGGTAA_010,151
CAGGCCTGCATGAATGGTAA_011,24
CAGGCCTGCATGAATGGTAA_012,0
CAGGCCTGCATGAATGGTAA_013,9
CAGGCCTGCATGAATGGTAA_014,172
CAGGCCTGCATGAATGGTAA_015,29
CAGGCCTGCATGAATGGTAA_016,147
CAGGCCTGCATGAATGGTAA_017,40
CAGGCCTGCATGAATGGTAA_018,33
CAGGCCTGCATGAATGGTAA_019,50
CAGGCCTGCATGAATGGTAA_020,50
GGAGGTCAACTTGTAATGGG_001,175
GGAGGTCAACTTGTAATGGG_002,166
GGAGGTCAACTTGTAATGGG_003,97
GGAGGTCAACTTGTAATGGG_004,72
GGAGGTCAACTTGTAATGGG_005,19
GGAGGTCAACTTGTAATGGG_006,144
GGAGGTCAACTTGTAATGGG_007,52
GGAGGTCAACTTGTAATGGG_008,18
GGCGCCGGCACTCATCACTG_001,17
GGCGCCGGCACTCATCACTG_002,78
GGCGCCGGCACTCATCACTG_003,16
GGCGCCGGCACTCATCACTG_004,190
GGCGCCGGCACTCATCACTG_005,57
GGCGCCGGCACTCATCACTG_006,40
GGCGCCGGCACTCATCACTG_007,130
GGCGCCGGCACTCATCACTG_008,76
TGCTCTGAACCCGATGCAGA_001,24
TGCTCTGAACCCGATGCAGA_002,127
TGCTCTGAACCCGATGCAGA_003,49
TGCTCTGAACCCGATGCAGA_004,134
TGCTCTGAACCCGATGCAGA_005,74
TGCTCTGAACCCGATGCAGA_006,191
TGCTCTGAACCCGATGCAGA_007,30
TGCTCTGAACCCGATGCAGA_008,154
TGCTCTGAACCCGATGCAGA_009,17
TGCTCTGAACCCGATGCAGA_010,193
TGCTCTGAACCCGATGCAGA_011,149
TGCTCTGAACCCGATGCAGA_012,171
TGCTCTGAACCCGATGCAGA_013,7
TGCTCTGAACCCGATGCAGA_014,142
TGCTCTGAACCCGATGCAGA_015,95
TGCTCTGAACCCGATGCAGA_016,165
TGCTCTGAACCCGATGCAGA_017,108
TGCTCTGAACCCGATGCAGA_018,178
TGCTCTGAACCCGATGCAGA_019,152
TGCTCTGAACCCGATGCAGA_020,152
TGCTCTGAACCCGATGCAGA_021,72
TGCTCTGAACCCGATGCAGA_022,63
TGCTCTGAACCCGATGCAGA_023,170
GACAGGTGGAACGAGACCGT_001,98
GACAGGTGGAACGAGACCGT_002,13
GACAGGTGGAACGAGACCGT_003,16
GACAGGTGGAACGAGACCGT_004,65
GACAGGTGGAACGAGACCGT_005,77
GACAGGTGGAACGAGACCGT_006,130
GACAGGTGGAACGAGACCGT_007,74
GACAGGTGGAACGAGACCGT_008,178
GACAGGTGGAACGAGACCGT_009,143
GACAGGTGGAACGAGACCGT_010,61
GACAGGTGGAACGAGACCGT_011,186
GACAGGTGGAACGAGACCGT_012,147
GACAGGTGGAACGAGACCGT_013,105
GACAGGTGGAACGAGACCGT_014,23
GACAGGTGGAACGAGACCGT_015,169
GACAGGTGGAACGAGACCGT_016,63
GACAGGTGGAACGAGACCGT_017,130
GACAGGTGGAACGAGACCGT_018,68
GACAGGTGGAACGAGACCGT_019,3
GACAGGTGGAACGAGACCGT_020,182
GACAGGTGGAACGAGACCGT_021,142
GACAGGTGGAACGAGACCGT_022,191
GACAGGTGGAACGAGACCGT_023,151
TCAGCTAACGAGTTCACCAG_001,30
TCAGCTAACGAGTTCACCAG_002,193
TCAGCTAACGAGTTCACCAG_003,29
TCAGCTAACGAGTTCACCAG_004,60
TCAGCTAACGAGTTCACCAG_005,70
TCAGCTAACGAGTTCACCAG_006,89
TCAGCTAACGAGTTCACCAG_007,126
TCAGCTAACGAGTTCACCAG_008,161
TCAGCTAACGAGTTCACCAG_009,155
TCAGCTAACGAGTTCACCAG_010,144
TCAGCTAACGAGTTCACCAG_011,35
TCAGCTAACGAGTTCACCAG_012,68
TCAGCTAACGAGTTCACCAG_013,120
TCAGCTAACGAGTTCACCAG_014,188
TCAGCTAACGAGTTCACCAG_015,169
TCAGCTAACGAGTTCACCAG_016,34
TTCACGGATAGTTGCCGGGG_001,161
TTCACGGATAGTTGCCGGGG_002,9
TTCACGGATAGTTGCCGGGG_003,105
TTCACGGATAGTTGCCGGGG_004,105
TTCACGGATAGTTGCCGGGG_005,132
TTCACGGATAGTTGCCGGGG_006,199
TTCACGGATAGTTGCCGGGG_007,170
TTCACGGATAGTTGCCGGGG_008,144
TTCACGGATAGTTGCCGGGG_009,158
TTCACGGATAGTTGCCGGGG_010,159
TTCACGGATAGTTGCCGGGG_011,8
TTCACGGATAGTTGCCGGGG_012,163
TTCACGGATAGTTGCCGGGG_013,145
TTCACGGATAGTTGCCGGGG_014,74
TTCACGGATAGTTGCCGGGG_015,29
AAAACCCCTGATACTCTCTG_001,96
AAAACCCCTGATACTCTCTG_002,121
AAAACCCCTGATACTCTCTG_003,108
GAAGCACTACCCATATTCGC_001,53
GAAGCACTACCCATATTCGC_002,40
GAAGCACTACCCATATTCGC_003,4
GAAGCACTACCCATATTCGC_004,140
GAAGCACTACCCATATTCGC_005,58
GAAGCACTACCCATATTCGC_006,88
GAAGCACTACCCATATTCGC_007,15
GCTGCTGCAATAACCCACAC_001,139
GCTGCTGCAATAACCCACAC_002,9
GCTGCTGCAATAACCCACAC_003,184
GCTGCTGCAATAACCCACAC_004,192
GCTGCTGCAATAACCCACAC_005,41
GCTGCTGCAATAACCCACAC_006,78
GCTGCTGCAATAACCCACAC_007,34
TTGCAAGGAATTCGGTCCAG_001,159
CTCTACTGGGCCACGTTCCG_001,15
CTCTACTGGGCCACGTTCCG_002,115
CTCTACTGGGCCACGTTCCG_003,188
CTCTACTGGGCCACGTTCCG_004,8
CTCTACTGGGCCACGTTCCG_005,61
CTCTACTGGGCCACGTTCCG_006,27
CTCTACTGGGCCACGTTCCG_007,16
CTCTACTGGGCCACGTTCCG_008,121
CTCTACTGGGCCACGTTCCG_009,62
CTCTACTGGGCCACGTTCCG_010,61
CTCTACTGGGCCACGTTCCG_011,100
CTCTACTGGGCCACGTTCCG_012,146
CTCTACTGGGCCACGTTCCG_013,83
CTCTACTGGGCCACGTTCCG_014,57
CTCTACTGGGCCACGTTCCG_015,9
CTCTACTGGGCCACGTTCCG_016,33
CTCTACTGGGCCACGTTCCG_017,67
CTCTACTGGGCCACGTTCCG_018,184
CTCTACTGGGCCACGTTCCG_019,149
CTCTACTGGGCCACGTTCCG_020,70
CTCTACTGGGCCACGTTCCG_021,132
CTCTACTGGGCCACGTTCCG_022,15
CTCTACTGGGCCACGTTCCG_023,94
CTCTACTGGGCCACGTTCCG_024,11
CTCTACTGGGCCACGTTCCG_025,150
CTCTACTGGGCCACGTTCCG_026,166
TAGCACTTGTCCCATTGGTG_001,189
TAGCACTTGTCCCATTGGTG_002,73
TAGCACTTGTCCCATTGGTG_003,0
TAGCACTTGTCCCATTGGTG_004,176
TAGCACTTGTCCCATTGGTG_005,69
TAGCACTTGTCCCATTGGTG_006,175
TAGCACTTGTCCCATTGGTG_007,142
TAGCACTTGTCCCATTGGTG_008,9
TAGCACTTGTCCCATTGGTG_009,86
TAGCACTTGTCCCATTGGTG_010,130
TAGCACTTGTCCCATTGGTG_011,161
TAGCACTTGTCCCATTGGTG_012,182
TAGCACTTGTCCCATTGGTG_013,44
TAGCACTTGTCCCATTGGTG_014,69
TAGCACTTGTCCCATTGGTG_015,175
TAGCACTTGTCCCATTGGTG_016,43
TAGCACTTGTCCCATTGGTG_017,75
TAGCACTTGTCCCATTGGTG_018,102
TAGCACTTGTCCCATTGGTG_019,79
TAGCACTTGTCCCATTGGTG_020,130
TAGCACTTGTCCCATTGGTG_021,47
TAGCACTTGTCCCATTGGTG_022,160
GTGAAGATCGTGAGGCACGA_001,12
GTGAAGATCGTGAGGCACGA_002,77
GTGAAGATCGTGAGGCACGA_003,123
GTGAAGATCGTGAGGCACGA_004,19
GTGAAGATCGTGAGGCACGA_005,76
GTGAAGATCGTGAGGCACGA_006,81
GTGAAGATCGTGAGGCACGA_007,85
GTGAAGATCGTGAGGCACGA_008,81
GTGAAGATCGTGAGGCACGA_009,103
GTGAAGATCGTGAGGCACGA_010,25
GTGAAGATCGTGAGGCACGA_011,70
GTGAAGATCGTGAGGCACGA_012,139
GTGAAGATCGTGAGGCACGA_013,129
GTGAAGATCGTGAGGCACGA_014,145
GTGAAGATCGTGAGGCACGA_015,135
GTGAAGATCGTGAGGCACGA_016,121
GTGAAGATCGTGAGGCACGA_017,82
GTGAAGATCGTGAGGCACGA_018,169
GTGAAGATCGTGAGGCACGA_019,51
GTGAAGATCGTGAGGCACGA_020,115
GTGAAGATCGTGAGGCACGA_021,9
GTGAAGATCGTGAGGCACGA_022,137
GTGAAGATCGTGAGGCACGA_023,158
GAAGCAGCAGGATTCACCCA_001,58
GAAGCAGCAGGATTCACCCA_002,137
GAAGCAGCAGGATTCACCCA_003,45
GAAGCCTGCATTGTCCACCG_001,77
GAAGCCTGCATTGTCCACCG_002,18
GAAGCCTGCATTGTCCACCG_003,10
GAAGCCTGCATTGTCCACCG_004,144
GAAGCCTGCATTGTCCACCG_005,127
GAAGCCTGCATTGTCCACCG_006,11
GAAGCCTGCATTGTCCACCG_007,195
ACTGAGGATCGACTACCCGA_001,78
ACTGAGGATCGACTACCCGA_002,145
ACTGAGGATCGACTACCCGA_003,6
ACTGAGGATCGACTACCCGA_004,125
ACTGAGGATCGACTACCCGA_005,29
ACTGAGGATCGACTACCCGA_006,132
ACTGAGGATCGACTACCCGA_007,63
ACTGAGGATCGACTACCCGA_008,147
ACTGAGGATCGACTACCCGA_009,58
ACTGAGGATCGACTACCCGA_010,3
ACTGAGGATCGACTACCCGA_011,19
ACTGAGGATCGACTACCCGA_012,106
ACTGAGGATCGACTACCCGA_013,157
ACTGAGGATCGACTACCCGA_014,82
TCGAGCGAAATATCCCGACA_001,103
TCGAGCGAAATATCCCGACA_002,96
TCGAGCGAAATATCCCGACA_003,16
GCGCGCCTTCGATCAAGGCG_001,52
GCGCGCCTTCGATCAAGGCG_002,184
GCGCGCCTTCGATCAAGGCG_003,105
GCGCGCCTTCGATCAAGGCG_004,98
GCGCGCCTTCGATCAAGGCG_005,115
GCGCGCCTTCGATCAAGGCG_006,141
GCGCGCCTTCGATCAAGGCG_007,8
GCGCGCCTTCGATCAAGGCG_008,130
GCGCGCCTTCGATCAAGGCG_009,107
GCGCGCCTTCGATCAAGGCG_010,108
GCGCGCCTTCGATCAAGGCG_011,18
GCGCGCCTTCGATCAAGGCG_012,193
GCGCGCCTTCGATCAAGGCG_013,157
GCGCGCCTTCGATCAAGGCG_014,30
GCGCGCCTTCGATCAAGGCG_015,1
GCGCGCCTTCGATCAAGGCG_016,184
GCGCGCCTTCGATCAAGGCG_017,127
GCGCGCCTTCGATCAAGGCG_018,105
GCGCGCCTTCGATCAAGGCG_019,77
GCGCGCCTTCGATCAAGGCG_020,146
GCGCGCCTTCGATCAAGGCG_021,43
GCGCGCCTTCGATCAAGGCG_022,70
GCGCGCCTTCGATCAAGGCG_023,121
GCGCGCCTTCGATCAAGGCG_024,43
GCGCGCCTTCGATCAAGGCG_025,169
GCGCGCCTTCGATCAAGGCG_026,22
GCGCGCCTTCGATCAAGGCG_027,67
GCGCGCCTTCGATCAAGGCG_028,104
GCGCGCCTTCGATCAAGGCG_029,89
GCGCGCCTTCGATCAAGGCG_030,78
GCGCGCCTTCGATCAAGGCG_031,1
GCGCGCCTTCGATCAAGGCG_032,176
GCGCGCCTTCGATCAAGGCG_033,41
GCGCGCCTTCGATCAAGGCG_034,68
GCGCGCCTTCGATCAAGGCG_035,150
TGTCAAAGAATAGCAACAGA_001,102
TGTCAAAGAATAGCAACAGA_002,152
CGGGGTCACAATTAACCCGG_001,187
CGGGGTCACAATTAACCCGG_002,51
CGGGGTCACAATTAACCCGG_003,97
CGGGGTCACAATTAACCCGG_004,188
CGGGGTCACAATTAACCCGG_005,102
CGGGGTCACAATTAACCCGG_006,77
CGGGGTCACAATTAACCCGG_007,13
CGGGGTCACAATTAACCCGG_008,158
CGGGGTCACAATTAACCCGG_009,76
CGGGGTCACAATTAACCCGG_010,138
CGGGGTCACAATTAACCCGG_011,14
CGGGGTCACAATTAACCCGG_012,44
CGGGGTCACAATTAACCCGG_013,12
CGGGGTCACAATTAACCCGG_014,91
CGGGGTCACAATTAACCCGG_015,155
CGGGGTCACAATTAACCCGG_016,116
TCGTAGACTTTGATGCCCAG_001,28
TCGTAGACTTTGATGCCCAG_002,73
TCGTAGACTTTGATGCCCAG_003,32
TCGTAGACTTTGATGCCCAG_004,91
TCGTAGACTTTGATGCCCAG_005,116
TCGTAGACTTTGATGCCCAG_006,119
TCGTAGACTTTGATGCCCAG_007,60
TCGTAGACTTTGATGCCCAG_008,70
TCGTAGACTTTGATGCCCAG_009,147
TCGTAGACTTTGATGCCCAG_010,41
TCGTAGACTTTGATGCCCAG_011,184
TCGTAGACTTTGATGCCCAG_012,17
TCGTAGACTTTGATGCCCAG_013,55
TCGTAGACTTTGATGCCCAG_014,22
TCGTAGACTTTGATGCCCAG_015,98
TCGTAGACTTTGATGCCCAG_016,76
TCGTAGACTTTGATGCCCAG_017,165
TCGTAGACTTTGATGCCCAG_018,53
TCGTAGACTTTGATGCCCAG_019,119
TCGTAGACTTTGATGCCCAG_020,147
TCGTAGACTTTGATGCCCAG_021,168
TCGTAGACTTTGATGCCCAG_022,25
TCGTAGACTTTGATGCCCAG_023,170
TCGTAGACTTTGATGCCCAG_024,196
TCGTAGACTTTGATGCCCAG_025,177
CTGGGATTGGAACTGCAGGG_001,120
CTGGGATTGGAACTGCAGGG_002,163
CTGGGATTGGAACTGCAGGG_003,39
CTGGGATTGGAACTGCAGGG_004,45
CCACTTTGAAGGAACAAATG_001,44
CCACTTTGAAGGAACAAATG_002,132
CCACTTTGAAGGAACAAATG_003,185
CCACTTTGAAGGAACAAATG_004,48
CCACTTTGAAGGAACAAATG_005,75
CCACTTTGAAGGAACAAATG_006,57
CCACTTTGAAGGAACAAATG_007,52
CCACTTTGAAGGAACAAATG_008,43
CCACTTTGAAGGAACAAATG_009,42
CCACTTTGAAGGAACAAATG_010,42
TCGAAAGCGTCAAAGAACTG_001,52
TCGAAAGCGTCAAAGAACTG_002,141
TCGAAAGCGTCAAAGAACTG_003,174
TCGAAAGCGTCAAAGAACTG_004,147
TCGAAAGCGTCAAAGAACTG_005,39
TCGAAAGCGTCAAAGAACTG_006,34
TCGAAAGCGTCAAAGAACTG_007,192
TCGAAAGCGTCAAAGAACTG_008,199
TCGAAAGCGTCAAAGAACTG_009,108
TCGAAAGCGTCAAAGAACTG_010,57
TCGAAAGCGTCAAAGAACTG_011,153
TCGAAAGCGTCAAAGAACTG_012,17
CGATAACGAGTGTTTCGGCG_001,196
CGATAACGAGTGTTTCGGCG_002,30
CGATAACGAGTGTTTCGGCG_003,16
CGATAACGAGTGTTTCGGCG_004,105
AACATGAGTAACCATCACCG_001,77
AACATGAGTAACCATCACCG_002,15
AACATGAGTAACCATCACCG_003,170
AACATGAGTAACCATCACCG_004,81
TAGTTGCACAAACCGGAACA_001,62
TAGTTGCACAAACCGGAACA_002,192
TAGTTGCACAAACCGGAACA_003,94
TAGTTGCACAAACCGGAACA_004,103
TAGTTGCACAAACCGGAACA_005,168
CACACCGGCCACGAACATCA_001,127
CACACCGGCCACGAACATCA_002,75
CACACCGGCCACGAACATCA_003,54
CACACCGGCCACGAACATCA_004,33
GACAGGAGGACAATCCCAAG_001,1
GACAGGAGGACAATCCCAAG_002,88
GACAGGAGGACAATCCCAAG_003,155
GACAGGAGGACAATCCCAAG_004,192
GACAGGAGGACAATCCCAAG_005,104
GACAGGAGGACAATCCCAAG_006,60
CGTGCCTCTTACCACAAACA_001,134
CGTGCCTCTTACCACAAACA_002,111
CGTGCCTCTTACCACAAACA_003,117
CGTGCCTCTTACCACAAACA_004,85
CGTGCCTCTTACCACAAACA_005,110
CTTAGACTGGACAGCATACG_001,140
CTTAGACTGGACAGCATACG_002,60
CTTAGACTGGACAGCATACG_003,60
CTTAGACTGGACAGCATACG_004,134
CTTAGACTGGACAGCATACG_005,80
CTTAGACTGGACAGCATACG_006,46
CTTAGACTGGACAGCATACG_007,138
CTTAGACTGGACAGCATACG_008,5
ACTTCTCAAGATAAACCTAG_001,58
ACTTCTCAAGATAAACCTAG_002,161
ACTTCTCAAGATAAACCTAG_003,129
ACTTCTCAAGATAAACCTAG_004,28
GGTGTCTCCTGCGCCTGCAC_001,152
GGTGTCTCCTGCGCCTGCAC_002,46
GGTGTCTCCTGCGCCTGCAC_003,77
GGTGTCTCCTGCGCCTGCAC_004,83
GGTGTCTCCTGCGCCTGCAC_005,48
GGTGTCTCCTGCGCCTGCAC_006,2
ATGTGCCAACAAATGTATAT_001,193
ATGTGCCAACAAATGTATAT_002,15
ATGTGCCAACAAATGTATAT_003,96
ATGTGCCAACAAATGTATAT_004,133
ATGTGCCAACAAATGTATAT_005,103
ATGTGCCAACAAATGTATAT_006,30
ATGTGCCAACAAATGTATAT_007,130
ATGTGCCAACAAATGTATAT_008,138
ATGTGCCAACAAATGTATAT_009,150
ATGTGCCAACAAATGTATAT_010,158
ATGTGCCAACAAATGTATAT_011,98
ATGTGCCAACAAATGTATAT_012,69
ATGTGCCAACAAATGTATAT_013,40
AGGGGCTGCGACAAAGATGG_001,178
AGGGGCTGCGACAAAGATGG_002,6
AGGGGCTGCGACAAAGATGG_003,41
AGGGGCTGCGACAAAGATGG_004,37
AGGGGCTGCGACAAAGATGG_005,178
AGGGGCTGCGACAAAGATGG_006,178
AGGGGCTGCGACAAAGATGG_007,41
AGGGGCTGCGACAAAGATGG_008,1
AGGGGCTGCGACAAAGATGG_009,70
AGGGGCTGCGACAAAGATGG_010,188
AGGGGCTGCGACAAAGATGG_011,58
AGGGGCTGCGACAAAGATGG_012,19
ATATGCACATCAAGTAGAAG_001,63
ATATGCACATCAAGTAGAAG_002,30
ATATGCACATCAAGTAGAAG_003,8
ATCAAAAATTGGAAAGCGTG_001,7
ATCAAAAATTGGAAAGCGTG_002,159
ATCAAAAATTGGAAAGCGTG_003,191
ATCAAAAATTGGAAAGCGTG_004,105
ATCAAAAATTGGAAAGCGTG_005,175
AGGCAGTTGACTTTCTCGGT_001,53
AGGCAGTTGACTTTCTCGGT_002,195
AGGCAGTTGACTTTCTCGGT_003,167
GGGAGGCCGGCAGGACTCGG_001,48
GGGAGGCCGGCAGGACTCGG_002,152
GGGAGGCCGGCAGGACTCGG_003,89
GGGAGGCCGGCAGGACTCGG_004,140
GGGAGGCCGGCAGGACTCGG_005,101
GGGAGGCCGGCAGGACTCGG_006,86
GGGAGGCCGGCAGGACTCGG_007,78
GGGAGGCCGGCAGGACTCGG_008,94
GGGAGGCCGGCAGGACTCGG_009,155
GGGAGGCCGGCAGGACTCGG_010,194
GGGAGGCCGGCAGGACTCGG_011,154
GGGAGGCCGGCAGGACTCGG_012,43
GGGAGGCCGGCAGGACTCGG_013,136
GGGAGGCCGGCAGGACTCGG_014,48
GGGAGGCCGGCAGGACTCGG_015,63
GGGAGGCCGGCAGGACTCGG_016,130
TCTACCTTGGAAACATCCAC_001,116
TCTACCTTGGAAACATCCAC_002,113
TCTACCTTGGAAACATCCAC_003,175
TCTACCTTGGAAACATCCAC_004,56
TCTACCTTGGAAACATCCAC_005,71
TGAGTGCTGTGATGGACACG_001,12
TGAGTGCTGTGATGGACACG_002,76
TGAGTGCTGTGATGGACACG_003,130
TGAGTGCTGTGATGGACACG_004,166
TGAGTGCTGTGATGGACACG_005,169
TGAGTGCTGTGATGGACACG_006,19
TGAGTGCTGTGATGGACACG_007,168
TGAGTGCTGTGATGGACACG_008,36
TGAGTGCTGTGATGGACACG_009,62
TGAGTGCTGTGATGGACACG_010,15
TGAGTGCTGTGATGGACACG_011,79
TGAGTGCTGTGATGGACACG_012,50
TGAGTGCTGTGATGGACACG_013,178
TGAGTGCTGTGATGGACACG_014,69
TGAGTGCTGTGATGGACACG_015,78
GCCACCTTCAAAGCTTACAT_001,92
GCCACCTTCAAAGCTTACAT_002,60
GCCACCTTCAAAGCTTACAT_003,134
GCCACCTTCAAAGCTTACAT_004,147
GCCACCTTCAAAGCTTACAT_005,137
GCCACCTTCAAAGCTTACAT_006,124
GCCACCTTCAAAGCTTACAT_007,159
GCCACCTTCAAAGCTTACAT_008,169
GCCACCTTCAAAGCTTACAT_009,176
GCCACCTTCAAAGCTTACAT_010,81
GCCACCTTCAAAGCTTACAT_011,108
GCCACCTTCAAAGCTTACAT_012,74
GCCACCTTCAAAGCTTACAT_013,38
GCCACCTTCAAAGCTTACAT_014,184
GCCACCTTCAAAGCTTACAT_015,90
GCCACCTTCAAAGCTTACAT_016,59
GCCACCTTCAAAGCTTACAT_017,170
GCCACCTTCAAAGCTTACAT_018,145
GCCACCTTCAAAGCTTACAT_019,48
GCCACCTTCAAAGCTTACAT_020,28
GCCACCTTCAAAGCTTACAT_021,24
GCCACCTTCAAAGCTTACAT_022,16
ACTAACGTTAGGATGCACTG_001,145
ACTAACGTTAGGATGCACTG_002,123
ACTAACGTTAGGATGCACTG_003,48
ACTAACGTTAGGATGCACTG_004,102
ACTAACGTTAGGATGCACTG_005,82
ACTAACGTTAGGATGCACTG_006,60
ACTAACGTTAGGATGCACTG_007,69
ACTAACGTTAGGATGCACTG_008,194
ACTAACGTTAGGATGCACTG_009,167
ACTAACGTTAGGATGCACTG_010,167
ACTAACGTTAGGATGCACTG_011,27
ACTAACGTTAGGATGCACTG_012,142
ACTAACGTTAGGATGCACTG_013,128
ACTAACGTTAGGATGCACTG_014,63
ACTAACGTTAGGATGCACTG_015,63
ACTAACGTTAGGATGCACTG_016,166
ACTAACGTTAGGATGCACTG_017,14
ACTAACGTTAGGATGCACTG_018,190
ACTAACGTTAGGATGCACTG_019,185
ACTAACGTTAGGATGCACTG_020,77
ACTAACGTTAGGATGCACTG_021,149
ACTAACGTTAGGATGCACTG_022,78
ACTAACGTTAGGATGCACTG_023,133
ACTAACGTTAGGATGCACTG_024,145
ACTAACGTTAGGATGCACTG_025,63
ACTAACGTTAGGATGCACTG_026,81
ACTAACGTTAGGATGCACTG_027,56
ACTAACGTTAGGATGCACTG_028,130
ACTAACGTTAGGATGCACTG_029,25
ACTAACGTTAGGATGCACTG_030,197
ACTAACGTTAGGATGCACTG_031,4
TGGACGCCCTCTACTCTCTG_001,19
TGGACGCCCTCTACTCTCTG_002,158
TGGACGCCCTCTACTCTCTG_003,31
TGGACGCCCTCTACTCTCTG_004,156
TGGACGCCCTCTACTCTCTG_005,171
TGGACGCCCTCTACTCTCTG_006,140
TGGACGCCCTCTACTCTCTG_007,47
TGGACGCCCTCTACTCTCTG_008,118
TTTCTACACTGAGATGAATG_001,172
GGTCCCAACCAGAAGAACAG_001,37
GGTCCCAACCAGAAGAACAG_002,174
GGTCCCAACCAGAAGAACAG_003,158
GGTCCCAACCAGAAGAACAG_004,125
GGTCCCAACCAGAAGAACAG_005,159
GGTCCCAACCAGAAGAACAG_006,17
CGCCACCGAGAACGGACATG_001,72
CGCCACCGAGAACGGACATG_002,64
CGCCACCGAGAACGGACATG_003,130
CGCCACCGAGAACGGACATG_004,17
CGCCACCGAGAACGGACATG_005,196
CGCCACCGAGAACGGACATG_006,30
CGCCACCGAGAACGGACATG_007,153
CGCCACCGAGAACGGACATG_008,162
CGCCACCGAGAACGGACATG_009,62
CGCCACCGAGAACGGACATG_010,10
CGCCACCGAGAACGGACATG_011,121
CGCCACCGAGAACGGACATG_012,18
CGCCACCGAGAACGGACATG_013,50
CGCCACCGAGAACGGACATG_014,76
CGCCACCGAGAACGGACATG_015,89
CGCCACCGAGAACGGACATG_016,98
TTGCTACTATGGGAACCGAG_001,34
TTGCTACTATGGGAACCGAG_002,188
TTGCTACTATGGGAACCGAG_003,16
TTGCTACTATGGGAACCGAG_004,145
TTGCTACTATGGGAACCGAG_005,158
TTGCTACTATGGGAACCGAG_006,134
TTGCTACTATGGGAACCGAG_007,90
TTGCTACTATGGGAACCGAG_008,161
TTGCTACTATGGGAACCGAG_009,137
TTGCTACTATGGGAACCGAG_010,175
TTGCTACTATGGGAACCGAG_011,103
TTGCTACTATGGGAACCGAG_012,147
TTGCTACTATGGGAACCGAG_013,140
TTGCTACTATGGGAACCGAG_014,42
AGTAGAAGTCATCATCGGGA_001,127
AGTAGAAGTCATCATCGGGA_002,112
AGTAGAAGTCATCATCGGGA_003,101
AGTAGAAGTCATCATCGGGA_004,145
AGTAGAAGTCATCATCGGGA_005,53
AGTAGAAGTCATCATCGGGA_006,137
AGTAGAAGTCATCATCGGGA_007,181
AGTAGAAGTCATCATCGGGA_008,48
AGGTAAAACTCAGTAACTCC_001,60
GACCGAGCTACTCAGCACCA_001,107
GACCGAGCTACTCAGCACCA_002,44
GACCGAGCTACTCAGCACCA_003,183
GACCGAGCTACTCAGCACCA_004,120
GACCGAGCTACTCAGCACCA_005,55
GACCGAGCTACTCAGCACCA_006,144
GACCGAGCTACTCAGCACCA_007,152
GACCGAGCTACTCAGCACCA_008,6
GACCGAGCTACTCAGCACCA_009,68
GACCGAGCTACTCAGCACCA_010,121
GACCGAGCTACTCAGCACCA_011,52
GACCGAGCTACTCAGCACCA_012,90
GACCGAGCTACTCAGCACCA_013,58
GACCGAGCTACTCAGCACCA_014,99
GACCGAGCTACTCAGCACCA_015,62
GACCGAGCTACTCAGCACCA_016,74
GACCGAGCTACTCAGCACCA_017,6
GACCGAGCTACTCAGCACCA_018,10
GACCGAGCTACTCAGCACCA_019,39
GACCGAGCTACTCAGCACCA_020,87
GACCGAGCTACTCAGCACCA_021,147
GACCGAGCTACTCAGCACCA_022,40
GACCGAGCTACTCAGCACCA_023,67
GACCGAGCTACTCAGCACCA_024,66
GACCGAGCTACTCAGCACCA_025,17
GACCGAGCTACTCAGCACCA_026,46
GACCGAGCTACTCAGCACCA_027,3
GACCGAGCTACTCAGCACCA_028,68
GACCGAGCTACTCAGCACCA_029,31
GACCGAGCTACTCAGCACCA_030,89
GGTACTGAACGGTCATCTCG_001,149
GGTACTGAACGGTCATCTCG_002,50
GGTACTGAACGGTCATCTCG_003,38
GGTACTGAACGGTCATCTCG_004,149
GGTACTGAACGGTCATCTCG_005,175
GGTACTGAACGGTCATCTCG_006,9
GGTACTGAACGGTCATCTCG_007,45
GGTACTGAACGGTCATCTCG_008,74
CCGGCAAGAAACTATACTTG_001,16
CCGGCAAGAAACTATACTTG_002,58
CCGGCAAGAAACTATACTTG_003,185
CCGGCAAGAAACTATACTTG_004,87
CCGGCAAGAAACTATACTTG_005,158
CCGGCAAGAAACTATACTTG_006,166
CCGGCAAGAAACTATACTTG_007,76
CCGGCAAGAAACTATACTTG_008,61
CTGATCATGCATGTCAACCG_001,49
CTGATCATGCATGTCAACCG_002,161
CTGATCATGCATGTCAACCG_003,15
CTGATCATGCATGTCAACCG_004,38
CTGATCATGCATGTCAACCG_005,1
CTGATCATGCATGTCAACCG_006,9
CTGATCATGCATGTCAACCG_007,83
CTGATCATGCATGTCAACCG_008,66
AGTATTTGACAGTGCCAACG_001,127
AGTATTTGACAGTGCCAACG_002,78
AGTATTTGACAGTGCCAACG_003,176
AGTATTTGACAGTGCCAACG_004,147
AGTATTTGACAGTGCCAACG_005,118
AGTATTTGACAGTGCCAACG_006,77
AGTATTTGACAGTGCCAACG_007,17
AGTATTTGACAGTGCCAACG_008,76
AGTATTTGACAGTGCCAACG_009,182
AGTATTTGACAGTGCCAACG_010,64
AGTATTTGACAGTGCCAACG_011,15
AGTATTTGACAGTGCCAACG_012,69
GTGAACTACGACACCAAGAG_001,103
GTGAACTACGACACCAAGAG_002,85
GTGAACTACGACACCAAGAG_003,66
GTGAACTACGACACCAAGAG_004,100
GTGAACTACGACACCAAGAG_005,57
GTGAACTACGACACCAAGAG_006,145
GTGAACTACGACACCAAGAG_007,115
GTGAACTACGACACCAAGAG_008,145
GTGAACTACGACACCAAGAG_009,150
GTGAACTACGACACCAAGAG_010,41
GTGAACTACGACACCAAGAG_011,150
GTGAACTACGACACCAAGAG_012,184
GTGAACTACGACACCAAGAG_013,146
ATGGTTCTTCTCGAAGTACG_001,73
ATGTGGGAGATACTGATGCA_001,105
ATGTGGGAGATACTGATGCA_002,189
ATGTGGGAGATACTGATGCA_003,181
ATGTGGGAGATACTGATGCA_004,73
ATGTGGGAGATACTGATGCA_005,91
ATGTGGGAGATACTGATGCA_006,76
ATGTGGGAGATACTGATGCA_007,176
ATGTGGGAGATACTGATGCA_008,121
ATGTGGGAGATACTGATGCA_009,29
ATGTGGGAGATACTGATGCA_010,127
ATGTGGGAGATACTGATGCA_011,81
ATGTGGGAGATACTGATGCA_012,119
ATGTGGGAGATACTGATGCA_013,108
ATATGTTGCCAGCAAAATAG_001,170
ATATGTTGCCAGCAAAATAG_002,78
ATATGTTGCCAGCAAAATAG_003,73
ATATGTTGCCAGCAAAATAG_004,78
ATATGTTGCCAGCAAAATAG_005,192
ATATGTTGCCAGCAAAATAG_006,134
ATATGTTGCCAGCAAAATAG_007,175
AGAGTTGGCCCAGAAAACTG_001,32
AGAGTTGGCCCAGAAAACTG_002,178
AGAGTTGGCCCAGAAAACTG_003,36
AGAGTTGGCCCAGAAAACTG_004,41
AGAGTTGGCCCAGAAAACTG_005,48
AGAGTTGGCCCAGAAAACTG_006,186
AGAGTTGGCCCAGAAAACTG_007,94
AGAGTTGGCCCAGAAAACTG_008,126
AGAGTTGGCCCAGAAAACTG_009,76
AGAGTTGGCCCAGAAAACTG_010,182
AGAGTTGGCCCAGAAAACTG_011,153
AGAGTTGGCCCAGAAAACTG_012,119
AGAGTTGGCCCAGAAAACTG_013,70
AGAGTTGGCCCAGAAAACTG_014,76
AGAGTTGGCCCAGAAAACTG_015,48
AGAGTTGGCCCAGAAAACTG_016,92
AGAGTTGGCCCAGAAAACTG_017,7
CGATAACTACACCCACAGGA_001,188
GCCCAGCCTCTCATCATCGA_001,60
GCCCAGCCTCTCATCATCGA_002,169
GCCCAGCCTCTCATCATCGA_003,88
GCCCAGCCTCTCATCATCGA_004,56
GCCCAGCCTCTCATCATCGA_005,174
GCCCAGCCTCTCATCATCGA_006,0
GCCCAGCCTCTCATCATCGA_007,56
AACATATTTCAGCAGCACCG_001,88
AACATATTTCAGCAGCACCG_002,151
AACATATTTCAGCAGCACCG_003,44
AACATATTTCAGCAGCACCG_004,148
CCTCACCCACCGTTGCGCGG_001,19
CCTCACCCACCGTTGCGCGG_002,77
CCTCACCCACCGTTGCGCGG_003,188
CCTCACCCACCGTTGCGCGG_004,197
CCTCACCCACCGTTGCGCGG_005,162
CCTCACCCACCGTTGCGCGG_006,102
CCTCACCCACCGTTGCGCGG_007,38
CCTCACCCACCGTTGCGCGG_008,156
CCTCACCCACCGTTGCGCGG_009,21
CCTCACCCACCGTTGCGCGG_010,158
CCTCACCCACCGTTGCGCGG_011,27
CCTCACCCACCGTTGCGCGG_012,36
AGAAATGAAGACTAGCCAAG_001,16
AGAAATGAAGACTAGCCAAG_002,65
AGAAATGAAGACTAGCCAAG_003,41
AGAAATGAAGACTAGCCAAG_004,5
AGAAATGAAGACTAGCCAAG_005,40
AGAAATGAAGACTAGCCAAG_006,10
AGAAATGAAGACTAGCCAAG_007,38
AGAAATGAAGACTAGCCAAG_008,177
AGATAACTGTAAAAGTGTCA_001,76
AGATAACTGTAAAAGTGTCA_002,105
AGATAACTGTAAAAGTGTCA_003,49
AGATAACTGTAAAAGTGTCA_004,40
AGATAACTGTAAAAGTGTCA_005,2
AGATAACTGTAAAAGTGTCA_006,104
AGATAACTGTAAAAGTGTCA_007,94
AGATAACTGTAAAAGTGTCA_008,57
CCTGACCGTGCACAACAGGG_001,137
CCTGACCGTGCACAACAGGG_002,104
CCTGACCGTGCACAACAGGG_003,58
CCTGACCGTGCACAACAGGG_004,41
CCTGACCGTGCACAACAGGG_005,106
CCTGACCGTGCACAACAGGG_006,65
CCTGACCGTGCACAACAGGG_007,15
CTTTCCAACACCACGGACTG_001,144
CTTTCCAACACCACGGACTG_002,157
CTTTCCAACACCACGGACTG_003,7
CTTTCCAACACCACGGACTG_004,170
CTTTCCAACACCACGGACTG_005,53
CTTTCCAACACCACGGACTG_006,132
CTTTCCAACACCACGGACTG_007,166
CTTTCCAACACCACGGACTG_008,190
CTTTCCAACACCACGGACTG_009,74
CTTTCCAACACCACGGACTG_010,50
CTTTCCAACACCACGGACTG_011,61
CTTTCCAACACCACGGACTG_012,40
CTTTCCAACACCACGGACTG_013,40
CTTTCCAACACCACGGACTG_014,194
CTTTCCAACACCACGGACTG_015,163
CTTTCCAACACCACGGACTG_016,54
CTTTCCAACACCACGGACTG_017,103
CTTTCCAACACCACGGACTG_018,17
CTTTCCAACACCACGGACTG_019,15
CTTTCCAACACCACGGACTG_020,15
CTTTCCAACACCACGGACTG_021,113
CTTTCCAACACCACGGACTG_022,169
CTTTCCAACACCACGGACTG_023,150
CTTTCCAACACCACGGACTG_024,112
CTTTCCAACACCACGGACTG_025,183
CTTTCCAACACCACGGACTG_026,126
CTTTCCAACACCACGGACTG_027,144
CTTTCCAACACCACGGACTG_028,147
CTTTCCAACACCACGGACTG_029,197
CTTTCCAACACCACGGACTG_030,52
ACTGACCAACTGTCATCCCG_001,11
ACTGACCAACTGTCATCCCG_002,48
ACTGACCAACTGTCATCCCG_003,94
ACTGACCAACTGTCATCCCG_004,7
ACTGACCAACTGTCATCCCG_005,111
ACTGACCAACTGTCATCCCG_006,54
ACTGACCAACTGTCATCCCG_007,79
ACTGACCAACTGTCATCCCG_008,0
ACTGACCAACTGTCATCCCG_009,67
ACTGACCAACTGTCATCCCG_010,3
ACTGACCAACTGTCATCCCG_011,42
ACTGACCAACTGTCATCCCG_012,170
ACTGACCAACTGTCATCCCG_013,29
ACTGACCAACTGTCATCCCG_014,175
ACTGACCAACTGTCATCCCG_015,134
ACTGACCAACTGTCATCCCG_016,28
ACTGACCAACTGTCATCCCG_017,130
ACTGACCAACTGTCATCCCG_018,94
ACTGACCAACTGTCATCCCG_019,76
ACTGACCAACTGTCATCCCG_020,57
ACTGACCAACTGTCATCCCG_021,172
ACTGACCAACTGTCATCCCG_022,168
ACTGACCAACTGTCATCCCG_023,102
ACTGACCAACTGTCATCCCG_024,174
ACTGACCAACTGTCATCCCG_025,4
ACTGACCAACTGTCATCCCG_026,183
ACTGACCAACTGTCATCCCG_027,19
ACTGACCAACTGTCATCCCG_028,105
ACTGACCAACTGTCATCCCG_029,161
ACTGACCAACTGTCATCCCG_030,171
CAAGAAAGGCAACTGCAACG_001,118
CAAGAAAGGCAACTGCAACG_002,26
CAAGAAAGGCAACTGCAACG_003,65
CAAGAAAGGCAACTGCAACG_004,30
CCACTTCACACGGGCCACCG_001,61
CCACTTCACACGGGCCACCG_002,135
CCACTTCACACGGGCCACCG_003,141
CCACTTCACACGGGCCACCG_004,2
CCACTTCACACGGGCCACCG_005,48
CCACTTCACACGGGCCACCG_006,127
CCACTTCACACGGGCCACCG_007,17
CCACTTCACACGGGCCACCG_008,126
CCACTTCACACGGGCCACCG_009,116
CCACTTCACACGGGCCACCG_010,20
CCACTTCACACGGGCCACCG_011,165
CCACTTCACACGGGCCACCG_012,40
CCACTTCACACGGGCCACCG_013,173
CCACTTCACACGGGCCACCG_014,42
CCACTTCACACGGGCCACCG_015,76
CCACTTCACACGGGCCACCG_016,41
CCACTTCACACGGGCCACCG_017,117
CCACTTCACACGGGCCACCG_018,69
CCACTTCACACGGGCCACCG_019,109
CCACTTCACACGGGCCACCG_020,172
CCACTTCACACGGGCCACCG_021,41
CCACTTCACACGGGCCACCG_022,112
CCACTTCACACGGGCCACCG_023,134
CCACTTCACACGGGCCACCG_024,160
CCACTTCACACGGGCCACCG_025,191
CCACTTCACACGGGCCACCG_026,151
CCACTTCACACGGGCCACCG_027,71
CCACTTCACACGGGCCACCG_028,68
CCACTTCACACGGGCCACCG_029,95
CCACTTCACACGGGCCACCG_030,100
CCACTTCACACGGGCCACCG_031,114
CCACTTCACACGGGCCACCG_032,133
CCACTTCACACGGGCCACCG_033,39
CCACTTCACACGGGCCACCG_034,39
CCACTTCACACGGGCCACCG_035,152
CCACTTCACACGGGCCACCG_036,102
CCACTTCACACGGGCCACCG_037,79
CCACTTCACACGGGCCACCG_038,46
CCACTTCACACGGGCCACCG_039,180
CCACTTCACACGGGCCACCG_040,149
CCACTTCACACGGGCCACCG_041,132
CCACTTCACACGGGCCACCG_042,100
CCACTTCACACGGGCCACCG_043,78
CCACTTCACACGGGCCACCG_044,3
CCACTTCACACGGGCCACCG_045,61
CCACTTCACACGGGCCACCG_046,108
CCACTTCACACGGGCCACCG_047,108
CCACTTCACACGGGCCACCG_048,10
CCAGTGATTTAGAAGCTCTG_001,184
CCAGTGATTTAGAAGCTCTG_002,28
CCAGTGATTTAGAAGCTCTG_003,98
CCAGTGATTTAGAAGCTCTG_004,147
CCAGTGATTTAGAAGCTCTG_005,45
CCAGTGATTTAGAAGCTCTG_006,70
CCAGTGATTTAGAAGCTCTG_007,160
CCAGTGATTTAGAAGCTCTG_008,188
CCAGTGATTTAGAAGCTCTG_009,50
CCAGTGATTTAGAAGCTCTG_010,177
CCAGTGATTTAGAAGCTCTG_011,158
CCAGTGATTTAGAAGCTCTG_012,22
CCAGTGATTTAGAAGCTCTG_013,175
CCAGTGATTTAGAAGCTCTG_014,120
CCAGTGATTTAGAAGCTCTG_015,77
CCAGTGATTTAGAAGCTCTG_016,65
CCAGTGATTTAGAAGCTCTG_017,2
CCAGTGATTTAGAAGCTCTG_018,163
CCAGTGATTTAGAAGCTCTG_019,41
CCAGTGATTTAGAAGCTCTG_020,156
CCAGTGATTTAGAAGCTCTG_021,89
CCAGTGATTTAGAAGCTCTG_022,165
CCAGTGATTTAGAAGCTCTG_023,91
CCAGTGATTTAGAAGCTCTG_024,135
CCAGTGATTTAGAAGCTCTG_025,190
CCAGTGATTTAGAAGCTCTG_026,32
CCAGTGATTTAGAAGCTCTG_027,183
CCAGTGATTTAGAAGCTCTG_028,173
CCAGTGATTTAGAAGCTCTG_029,180
TGTCCCGATAAGGTACACGA_001,169
TGTCCCGATAAGGTACACGA_002,38
TGTCCCGATAAGGTACACGA_003,121
TGTCCCGATAAGGTACACGA_004,70
TGTCCCGATAAGGTACACGA_005,8
TGTCCCGATAAGGTACACGA_006,64
TGTCCCGATAAGGTACACGA_007,28
CTCTTCTAGACCAAATGCTG_001,15
CTCTTCTAGACCAAATGCTG_002,10
CTCTTCTAGACCAAATGCTG_003,192
CTCTTCTAGACCAAATGCTG_004,41
CTCTTCTAGACCAAATGCTG_005,57
CTCTTCTAGACCAAATGCTG_006,121
CTCTTCTAGACCAAATGCTG_007,152
CGGGGCCCGACAATAGCACG_001,8
CGGGGCCCGACAATAGCACG_002,103
CGGGGCCCGACAATAGCACG_003,94
CGGGGCCCGACAATAGCACG_004,168
CGGGGCCCGACAATAGCACG_005,75
CGGGGCCCGACAATAGCACG_006,166
CGGGGCCCGACAATAGCACG_007,56
CGGGGCCCGACAATAGCACG_008,158
GCGGTCGCACGGCGTTGACG_001,90
GCGGTCGCACGGCGTTGACG_002,49
GCGGTCGCACGGCGTTGACG_003,5
GCGGTCGCACGGCGTTGACG_004,10
GCGGTCGCACGGCGTTGACG_005,149
GCGGTCGCACGGCGTTGACG_006,178
GCGGTCGCACGGCGTTGACG_007,128
GCGGTCGCACGGCGTTGACG_008,43
GCGGTCGCACGGCGTTGACG_009,135
GCGGTCGCACGGCGTTGACG_010,103
GCGGTCGCACGGCGTTGACG_011,63
GCGGTCGCACGGCGTTGACG_012,11
GCGGTCGCACGGCGTTGACG_013,198
TGGGAGAAGATTCCTCTGAG_001,49
TGGGAGAAGATTCCTCTGAG_002,38
TGGGAGAAGATTCCTCTGAG_003,36
TGGGAGAAGATTCCTCTGAG_004,121
TGGGAGAAGATTCCTCTGAG_005,11
TGGGAGAAGATTCCTCTGAG_006,142
TGGGAGAAGATTCCTCTGAG_007,138
GAAACCAGTCGAACTCGAAG_001,23
GAAACCAGTCGAACTCGAAG_002,112
GAAACCAGTCGAACTCGAAG_003,168
GAAACCAGTCGAACTCGAAG_004,83
GAAACCAGTCGAACTCGAAG_005,10
GAAACCAGTCGAACTCGAAG_006,137
GGACAGAAGATGCATCAGGT_001,170
GGACAGAAGATGCATCAGGT_002,12
GGACAGAAGATGCATCAGGT_003,65
GGACAGAAGATGCATCAGGT_004,9
GGACAGAAGATGCATCAGGT_005,129
GGACAGAAGATGCATCAGGT_006,146
GGACAGAAGATGCATCAGGT_007,148
GGACAGAAGATGCATCAGGT_008,28
GGACAGAAGATGCATCAGGT_009,138
GGACAGAAGATGCATCAGGT_010,197
GGACAGAAGATGCATCAGGT_011,61
GGACAGAAGATGCATCAGGT_012,59
GGACAGAAGATGCATCAGGT_013,64
GGACAGAAGATGCATCAGGT_014,20
GGACAGAAGATGCATCAGGT_015,199
GGACAGAAGATGCATCAGGT_016,72
GGACAGAAGATGCATCAGGT_017,121
GGACAGAAGATGCATCAGGT_018,54
GGACAGAAGATGCATCAGGT_019,145
GGACAGAAGATGCATCAGGT_020,172
GGACAGAAGATGCATCAGGT_021,147
GGACAGAAGATGCATCAGGT_022,187
TCCGGGAGGACATCGCACGC_001,124
TCCGGGAGGACATCGCACGC_002,105
TCCGGGAGGACATCGCACGC_003,88
TCCGGGAGGACATCGCACGC_004,74
TCCGGGAGGACATCGCACGC_005,170
TCCGGGAGGACATCGCACGC_006,76
TCCGGGAGGACATCGCACGC_007,98
TCCGGGAGGACATCGCACGC_008,61
TCCGGGAGGACATCGCACGC_009,76
TCCGGGAGGACATCGCACGC_010,23
TCCGGGAGGACATCGCACGC_011,116
TCCGGGAGGACATCGCACGC_012,29
TCCGGGAGGACATCGCACGC_013,75
TCCGGGAGGACATCGCACGC_014,150
TCCGGGAGGACATCGCACGC_015,71
TCCGGGAGGACATCGCACGC_016,41
TCCGGGAGGACATCGCACGC_017,74
TCCGGGAGGACATCGCACGC_018,2
TCCGGGAGGACATCGCACGC_019,49
TCCGGGAGGACATCGCACGC_020,48
TCCGGGAGGACATCGCACGC_021,28
TCCGGGAGGACATCGCACGC_022,192
TCCGGGAGGACATCGCACGC_023,129
TCCGGGAGGACATCGCACGC_024,16
TCCGGGAGGACATCGCACGC_025,41
TCCGGGAGGACATCGCACGC_026,74
TCCGGGAGGACATCGCACGC_027,70
TCCGGGAGGACATCGCACGC_028,10
TCCGGGAGGACATCGCACGC_029,18
TCCGGGAGGACATCGCACGC_030,115
TCCGGGAGGACATCGCACGC_031,144
TCCGGGAGGACATCGCACGC_032,0
TCCGGGAGGACATCGCACGC_033,127
TCCGGGAGGACATCGCACGC_034,137
TCCGGGAGGACATCGCACGC_035,184
TCCGGGAGGACATCGCACGC_036,104
TCCGGGAGGACATCGCACGC_037,178
TCCGGGAGGACATCGCACGC_038,0
TCCGGGAGGACATCGCACGC_039,80
TCCGGGAGGACATCGCACGC_040,159
AGCGCTTATTGTAGTGAGCC_001,78
AGCGCTTATTGTAGTGAGCC_002,2
AGCGCTTATTGTAGTGAGCC_003,198
AGCGCTTATTGTAGTGAGCC_004,62
AGCGCTTATTGTAGTGAGCC_005,29
AGCGCTTATTGTAGTGAGCC_006,129
AGCGCTTATTGTAGTGAGCC_007,187
AGCGCTTATTGTAGTGAGCC_008,81
AGCGCTTATTGTAGTGAGCC_009,94
AGCGCTTATTGTAGTGAGCC_010,156
CCTGTAATTGCATCAAGTCG_001,93
GCCCATCGATGACTCATCGG_001,96
GCCCATCGATGACTCATCGG_002,166
GCCCATCGATGACTCATCGG_003,101
GCCCATCGATGACTCATCGG_004,119
GCCCATCGATGACTCATCGG_005,81
GCCCATCGATGACTCATCGG_006,8
GCCCATCGATGACTCATCGG_007,67
GCCCATCGATGACTCATCGG_008,79
GCCCATCGATGACTCATCGG_009,79
GCCCATCGATGACTCATCGG_010,188
GCCCATCGATGACTCATCGG_011,71
GGCACCCGTGAGGCACACAG_001,27
GGCACCCGTGAGGCACACAG_002,50
GGCACCCGTGAGGCACACAG_003,154
GGCACCCGTGAGGCACACAG_004,63
GGCACCCGTGAGGCACACAG_005,172
GGCACCCGTGAGGCACACAG_006,126
GACACATAAAACGGAGTCGT_001,62
GACACATAAAACGGAGTCGT_002,194
GACACATAAAACGGAGTCGT_003,88
GACACATAAAACGGAGTCGT_004,50
GACACATAAAACGGAGTCGT_005,75
GACACATAAAACGGAGTCGT_006,175
GACACATAAAACGGAGTCGT_007,1
GACACATAAAACGGAGTCGT_008,80
GACACATAAAACGGAGTCGT_009,170
GTGCTGCTTAAGTAGAGCCG_001,195
GTGCTGCTTAAGTAGAGCCG_002,112
GTGCTGCTTAAGTAGAGCCG_003,56
GTGCTGCTTAAGTAGAGCCG_004,89
GCCTCAGAACATTTCCCCAG_001,72
GCCTCAGAACATTTCCCCAG_002,89
GCCTCAGAACATTTCCCCAG_003,155
ATAAAACTTACACTGGATGG_001,88
ATAAAACTTACACTGGATGG_002,80
ATAAAACTTACACTGGATGG_003,161
GAAAACAGACTATATCGAGA_001,130
TGCTTGCACACATTTAGATG_001,15
TGCTTGCACACATTTAGATG_002,55
TGCTTGCACACATTTAGATG_003,37
TGCTTGCACACATTTAGATG_004,71
TGCTTGCACACATTTAGATG_005,184
TGCTTGCACACATTTAGATG_006,46
AATTCGGCAGAAATCGAGAG_001,47
AATTCGGCAGAAATCGAGAG_002,17
CATGCCCTTCACAATAGCAG_001,12
CATGCCCTTCACAATAGCAG_002,127
CATGCCCTTCACAATAGCAG_003,141
CATGCCCTTCACAATAGCAG_004,169
CATGCCCTTCACAATAGCAG_005,144
CATGCCCTTCACAATAGCAG_006,10
CATGCCCTTCACAATAGCAG_007,98
CATGCCCTTCACAATAGCAG_008,120
CATGCCCTTCACAATAGCAG_009,48
CATGCCCTTCACAATAGCAG_010,160
CATGCCCTTCACAATAGCAG_011,103
CATGCCCTTCACAATAGCAG_012,142
CATGCCCTTCACAATAGCAG_013,144
CATGCCCTTCACAATAGCAG_014,48
GCTGCCCCTATTGTTCCAAG_001,129
GCTGCCCCTATTGTTCCAAG_002,178
GCTGCCCCTATTGTTCCAAG_003,169
GCTGCCCCTATTGTTCCAAG_004,82
GCTGCCCCTATTGTTCCAAG_005,134
GCTGCCCCTATTGTTCCAAG_006,60
GCTGCCCCTATTGTTCCAAG_007,43
GCTGCCCCTATTGTTCCAAG_008,168
GCTGCCCCTATTGTTCCAAG_009,18
GGAGACTCGTGGCGTTCTCA_001,162
GGAGACTCGTGGCGTTCTCA_002,151
TGACACCCATCTATATCCAC_001,155
AGAGGCGAGCTCGCGATGAG_001,199
AGAGGCGAGCTCGCGATGAG_002,134
AGAGGCGAGCTCGCGATGAG_003,198
AGAGGCGAGCTCGCGATGAG_004,34
AGAGGCGAGCTCGCGATGAG_005,133
AGAGGCGAGCTCGCGATGAG_006,25
AGAGGCGAGCTCGCGATGAG_007,16
AGAGGCGAGCTCGCGATGAG_008,48
AGAGGCGAGCTCGCGATGAG_009,104
AGAGGCGAGCTCGCGATGAG_010,6
AGAGGCGAGCTCGCGATGAG_011,36
AGAGGCGAGCTCGCGATGAG_012,42
AGAGGCGAGCTCGCGATGAG_013,27
AGAGGCGAGCTCGCGATGAG_014,188
ATAAAGACCATACTTCTCAG_001,48
ATAAAGACCATACTTCTCAG_002,163
ATAAAGACCATACTTCTCAG_003,84
ATAAAGACCATACTTCTCAG_004,175
AGATGGCATGAGCGTGCGTG_001,191
AGATGGCATGAGCGTGCGTG_002,17
AGATGGCATGAGCGTGCGTG_003,3
AGATGGCATGAGCGTGCGTG_004,129
AGATGGCATGAGCGTGCGTG_005,161
AGATGGCATGAGCGTGCGTG_006,49
AGATGGCATGAGCGTGCGTG_007,28
AGATGGCATGAGCGTGCGTG_008,153
AGATGGCATGAGCGTGCGTG_009,174
AGATGGCATGAGCGTGCGTG_010,25
AGATGGCATGAGCGTGCGTG_011,97
AGATGGCATGAGCGTGCGTG_012,106
AGATGGCATGAGCGTGCGTG_013,77
AGATGGCATGAGCGTGCGTG_014,106
AGATGGCATGAGCGTGCGTG_015,3
TGGTCTGCGATCCTGAATGG_001,194
TGGTCTGCGATCCTGAATGG_002,197
TGGTCTGCGATCCTGAATGG_003,83
TGGTCTGCGATCCTGAATGG_004,140
TGGTCTGCGATCCTGAATGG_005,161
TGGTCTGCGATCCTGAATGG_006,70
TGGTCTGCGATCCTGAATGG_007,1
TGGTCTGCGATCCTGAATGG_008,83
ACACCTGAATCCATATCCAA_001,38
ACACCTGAATCCATATCCAA_002,160
GCAGAGCAGTCCATCTAAGG_001,127
GCAGAGCAGTCCATCTAAGG_002,17
GCAGAGCAGTCCATCTAAGG_003,44
GCAGAGCAGTCCATCTAAGG_004,44
GCAGAGCAGTCCATCTAAGG_005,116
GCAGAGCAGTCCATCTAAGG_006,162
GCAGAGCAGTCCATCTAAGG_007,129
AACCTCGAACCATAGGATCT_001,161
AACCTCGAACCATAGGATCT_002,85
AACCTCGAACCATAGGATCT_003,153
AACCTCGAACCATAGGATCT_004,174
AACCTCGAACCATAGGATCT_005,1
AACCTCGAACCATAGGATCT_006,3
AACCTCGAACCATAGGATCT_007,40
AACCTCGAACCATAGGATCT_008,172
AACCTCGAACCATAGGATCT_009,170
TTCGAAAGAGGCTCAATGGG_001,59
TTCGAAAGAGGCTCAATGGG_002,68
TTCGAAAGAGGCTCAATGGG_003,177
TTCGAAAGAGGCTCAATGGG_004,105
TTCGAAAGAGGCTCAATGGG_005,48
TTCGAAAGAGGCTCAATGGG_006,48
TTCGAAAGAGGCTCAATGGG_007,9
TTCGAAAGAGGCTCAATGGG_008,148
TTCGAAAGAGGCTCAATGGG_009,111
TTCGAAAGAGGCTCAATGGG_010,96
TTCGAAAGAGGCTCAATGGG_011,35
TTCGAAAGAGGCTCAATGGG_012,118
TTCGAAAGAGGCTCAATGGG_013,160
TTCGAAAGAGGCTCAATGGG_014,147
TTCGAAAGAGGCTCAATGGG_015,151
TTCGAAAGAGGCTCAATGGG_016,42
TTCGAAAGAGGCTCAATGGG_017,9
TTCGAAAGAGGCTCAATGGG_018,158
TTCGAAAGAGGCTCAATGGG_019,115
TTCGAAAGAGGCTCAATGGG_020,146
TTCGAAAGAGGCTCAATGGG_021,19
TTCGAAAGAGGCTCAATGGG_022,161
TTCGAAAGAGGCTCAATGGG_023,39
TTCGAAAGAGGCTCAATGGG_024,178
TTCGAAAGAGGCTCAATGGG_025,106
TTCGAAAGAGGCTCAATGGG_026,142
ACTTGCCATGTGTACGACTG_001,45
ACTTGCCATGTGTACGACTG_002,193
ACTTGCCATGTGTACGACTG_003,88
ACTTGCCATGTGTACGACTG_004,15
ACTTGCCATGTGTACGACTG_005,146
ACTTGCCATGTGTACGACTG_006,199
ACTTGCCATGTGTACGACTG_007,47
ACTTGCCATGTGTACGACTG_008,122
ACTTGCCATGTGTACGACTG_009,145
ACTTGCCATGTGTACGACTG_010,52
AATGTGTCAGGTGATTACAG_001,139
AATGTGTCAGGTGATTACAG_002,116
AATGTGTCAGGTGATTACAG_003,15
AATGTGTCAGGTGATTACAG_004,48
AATGTGTCAGGTGATTACAG_005,16
AATGTGTCAGGTGATTACAG_006,32
AATGTGTCAGGTGATTACAG_007,12
AATGTGTCAGGTGATTACAG_008,148
AATGTGTCAGGTGATTACAG_009,24
AATGTGTCAGGTGATTACAG_010,43
AATGTGTCAGGTGATTACAG_011,15
AGCAGGAGTCCGGAGTCGGA_001,160
AGCAGGAGTCCGGAGTCGGA_002,100
AGCAGGAGTCCGGAGTCGGA_003,49
AGCAGGAGTCCGGAGTCGGA_004,97
AGCAGGAGTCCGGAGTCGGA_005,161
AGCAGGAGTCCGGAGTCGGA_006,192
AGCAGGAGTCCGGAGTCGGA_007,10
AGCAGGAGTCCGGAGTCGGA_008,89
AGCAGGAGTCCGGAGTCGGA_009,3
AGCAGGAGTCCGGAGTCGGA_010,188
AGCAGGAGTCCGGAGTCGGA_011,168
AGCAGGAGTCCGGAGTCGGA_012,96
AGTGTTAAAACTAGTCACAG_001,2
AGTGTTAAAACTAGTCACAG_002,97
AGTGTTAAAACTAGTCACAG_003,194
AAAAAGCAATCGTTCAGCAG_001,137
AAAAAGCAATCGTTCAGCAG_002,166
AAAAAGCAATCGTTCAGCAG_003,165
AAAAAGCAATCGTTCAGCAG_004,34
AAAAAGCAATCGTTCAGCAG_005,184
AAAAAGCAATCGTTCAGCAG_006,132
AAAAAGCAATCGTTCAGCAG_007,53
CACGGTCGGTGGCCACGAGT_001,7
CACGGTCGGTGGCCACGAGT_002,49
GCCGTGGTATCAAGTCGGTA_001,44
GCCGTGGTATCAAGTCGGTA_002,48
GCCGTGGTATCAAGTCGGTA_003,199
GCCGTGGTATCAAGTCGGTA_004,4
GCCGTGGTATCAAGTCGGTA_005,163
GCCGTGGTATCAAGTCGGTA_006,15
GCCGTGGTATCAAGTCGGTA_007,88
GCCGTGGTATCAAGTCGGTA_008,162
GCCGTGGTATCAAGTCGGTA_009,141
GCCGTGGTATCAAGTCGGTA_010,121
GCCGTGGTATCAAGTCGGTA_011,32
GCCGTGGTATCAAGTCGGTA_012,32
GCCGTGGTATCAAGTCGGTA_013,4
GCCGTGGTATCAAGTCGGTA_014,42
GCCGTGGTATCAAGTCGGTA_015,170
GCCGTGGTATCAAGTCGGTA_016,166
GCCGTGGTATCAAGTCGGTA_017,3
GCCGTGGTATCAAGTCGGTA_018,90
GCCGTGGTATCAAGTCGGTA_019,146
GCCGTGGTATCAAGTCGGTA_020,148
GCCGTGGTATCAAGTCGGTA_021,50
GCCGTGGTATCAAGTCGGTA_022,18
GCCGTGGTATCAAGTCGGTA_023,130
GCCGTGGTATCAAGTCGGTA_024,62
GATGGCCTCCAAAGACCGCG_001,142
GATGGCCTCCAAAGACCGCG_002,153
GATGGCCTCCAAAGACCGCG_003,78
GATGGCCTCCAAAGACCGCG_004,91
GATGGCCTCCAAAGACCGCG_005,130
GATGGCCTCCAAAGACCGCG_006,27
GATGGCCTCCAAAGACCGCG_007,105
GATGGCCTCCAAAGACCGCG_008,42
GATGGCCTCCAAAGACCGCG_009,17
GATGGCCTCCAAAGACCGCG_010,154
GATGGCCTCCAAAGACCGCG_011,122
GATGGCCTCCAAAGACCGCG_012,98
GATGGCCTCCAAAGACCGCG_013,37
GATGGCCTCCAAAGACCGCG_014,62
GATGGCCTCCAAAGACCGCG_015,94
GATGGCCTCCAAAGACCGCG_016,168
GATGGCCTCCAAAGACCGCG_017,170
GATGGCCTCCAAAGACCGCG_018,127
GATGGCCTCCAAAGACCGCG_019,176
GATGGCCTCCAAAGACCGCG_020,127
GATGGCCTCCAAAGACCGCG_021,121
GATGGCCTCCAAAGACCGCG_022,104
GATGGCCTCCAAAGACCGCG_023,158
GATGGCCTCCAAAGACCGCG_024,146
GATGGCCTCCAAAGACCGCG_025,127
GATGGCCTCCAAAGACCGCG_026,134
GATGGCCTCCAAAGACCGCG_027,96
GATGGCCTCCAAAGACCGCG_028,150
GATGGCCTCCAAAGACCGCG_029,171
GATGGCCTCCAAAGACCGCG_030,23
GATGGCCTCCAAAGACCGCG_031,113
GATGGCCTCCAAAGACCGCG_032,31
GATGGCCTCCAAAGACCGCG_033,31
GATGGCCTCCAAAGACCGCG_034,41
GATGGCCTCCAAAGACCGCG_035,11
GATGGCCTCCAAAGACCGCG_036,55
GATGGCCTCCAAAGACCGCG_037,145
GATGGCCTCCAAAGACCGCG_038,125
GATGGCCTCCAAAGACCGCG_039,108
GATGGCCTCCAAAGACCGCG_040,68
GATGGCCTCCAAAGACCGCG_041,68
GATGGCCTCCAAAGACCGCG_042,191
GATGGCCTCCAAAGACCGCG_043,77
GATGGCCTCCAAAGACCGCG_044,29
GATGGCCTCCAAAGACCGCG_045,68
GATGGCCTCCAAAGACCGCG_046,178
GATGGCCTCCAAAGACCGCG_047,6
GATGGCCTCCAAAGACCGCG_048,108
GCTCTCGGGGAGCACGATGG_001,118
GCTCTCGGGGAGCACGATGG_002,2
GCTCTCGGGGAGCACGATGG_003,19
GCTCTCGGGGAGCACGATGG_004,61
GCTCTCGGGGAGCACGATGG_005,91
GCTCTCGGGGAGCACGATGG_006,146
GCTCTCGGGGAGCACGATGG_007,63
GCTCTCGGGGAGCACGATGG_008,46
GCTCTCGGGGAGCACGATGG_009,1
GCTCTCGGGGAGCACGATGG_010,138
GCTCTCGGGGAGCACGATGG_011,173
GCTCTCGGGGAGCACGATGG_012,199
GCTGAGTTCACCACGCCCGA_001,104
GCTGAGTTCACCACGCCCGA_002,13
GCTGAGTTCACCACGCCCGA_003,41
GCTGAGTTCACCACGCCCGA_004,28
ACCCTAGAAAAAGGCCTAGA_001,147
ACCCTAGAAAAAGGCCTAGA_002,162
ACCCTAGAAAAAGGCCTAGA_003,85
ACCCTAGAAAAAGGCCTAGA_004,47
ACCCTAGAAAAAGGCCTAGA_005,112
ACCCTAGAAAAAGGCCTAGA_006,192
ACCCTAGAAAAAGGCCTAGA_007,41
ACCCTAGAAAAAGGCCTAGA_008,140
ACCCTAGAAAAAGGCCTAGA_009,140
ACCCTAGAAAAAGGCCTAGA_010,82
ACCCTAGAAAAAGGCCTAGA_011,150
ACCCTAGAAAAAGGCCTAGA_012,162
GCGCCCGCCGAGCTCAAGAT_001,58
GCGCCCGCCGAGCTCAAGAT_002,151
GCGCCCGCCGAGCTCAAGAT_003,139
GCGCCCGCCGAGCTCAAGAT_004,36
GCGCCCGCCGAGCTCAAGAT_005,108
GCGCCCGCCGAGCTCAAGAT_006,113
GCGCCCGCCGAGCTCAAGAT_007,83
GCGCCCGCCGAGCTCAAGAT_008,131
GCGCCCGCCGAGCTCAAGAT_009,184
TCCACCAAATGGTTCCACAA_001,4
TCCACCAAATGGTTCCACAA_002,170
TCCACCAAATGGTTCCACAA_003,15
TCCACCAAATGGTTCCACAA_004,189
TCCACCAAATGGTTCCACAA_005,34
TCCACCAAATGGTTCCACAA_006,98
TCCACCAAATGGTTCCACAA_007,50
TCCACCAAATGGTTCCACAA_008,93
TCCACCAAATGGTTCCACAA_009,142
TCCACCAAATGGTTCCACAA_010,68
TCCACCAAATGGTTCCACAA_011,144
TCCACCAAATGGTTCCACAA_012,117
TCCACCAAATGGTTCCACAA_013,9
TCCACCAAATGGTTCCACAA_014,60
TCCACCAAATGGTTCCACAA_015,194
TCCACCAAATGGTTCCACAA_016,31
TCCACCAAATGGTTCCACAA_017,75
TCCACCAAATGGTTCCACAA_018,106
TCCACCAAATGGTTCCACAA_019,169
TTTAGAAGATTGGTATACTG_001,51
TTTAGAAGATTGGTATACTG_002,70
GGTACCCCACATCACGCCCA_001,169
GGTACCCCACATCACGCCCA_002,96
GGTACCCCACATCACGCCCA_003,106
GGTACCCCACATCACGCCCA_004,148
GGTACCCCACATCACGCCCA_005,139
GGTACCCCACATCACGCCCA_006,77
GGTACCCCACATCACGCCCA_007,11
GGTACCCCACATCACGCCCA_008,55
GGTACCCCACATCACGCCCA_009,186
GGTACCCCACATCACGCCCA_010,58
GGTACCCCACATCACGCCCA_011,105
GGTACCCCACATCACGCCCA_012,167
GGTACCCCACATCACGCCCA_013,21
GGTACCCCACATCACGCCCA_014,189
GGTACCCCACATCACGCCCA_015,155
GGTACCCCACATCACGCCCA_016,130
GGTACCCCACATCACGCCCA_017,138
GGTACCCCACATCACGCCCA_018,112
GGTACCCCACATCACGCCCA_019,61
GGTACCCCACATCACGCCCA_020,39
GGTACCCCACATCACGCCCA_021,198
GGTACCCCACATCACGCCCA_022,56
GGTACCCCACATCACGCCCA_023,52
GGTACCCCACATCACGCCCA_024,1
GGTACCCCACATCACGCCCA_025,87
AGGTTTATAGCTCGGTGCTG_001,168
AGGTTTATAGCTCGGTGCTG_002,137
AGGTTTATAGCTCGGTGCTG_003,144
AGGTTTATAGCTCGGTGCTG_004,123
AGGTTTATAGCTCGGTGCTG_005,170
AGGTTTATAGCTCGGTGCTG_006,158
AGGTTTATAGCTCGGTGCTG_007,1
AGGTTTATAGCTCGGTGCTG_008,171
AGGTTTATAGCTCGGTGCTG_009,65
AGGTTTATAGCTCGGTGCTG_010,89
AGGTTTATAGCTCGGTGCTG_011,1
GGGATGGACTACGACCGGGA_001,163
GGGATGGACTACGACCGGGA_002,61
GGGATGGACTACGACCGGGA_003,163
GGGATGGACTACGACCGGGA_004,194
GGGATGGACTACGACCGGGA_005,197
GGGATGGACTACGACCGGGA_006,101
GGGATGGACTACGACCGGGA_007,67
TCACTTCGTGCTCCTGGACA_001,68
AAGCCACGGCAGTAATACCA_001,170
AAGCCACGGCAGTAATACCA_002,24
AAGCCACGGCAGTAATACCA_003,17
AAGGTCATGACCAGCGCGTG_001,128
AAGGTCATGACCAGCGCGTG_002,143
AAGGTCATGACCAGCGCGTG_003,143
AAGGTCATGACCAGCGCGTG_004,170
AAGGTCATGACCAGCGCGTG_005,159
AAGGTCATGACCAGCGCGTG_006,119
AAGGTCATGACCAGCGCGTG_007,127
AAGGTCATGACCAGCGCGTG_008,125
AAGGTCATGACCAGCGCGTG_009,147
AAGGTCATGACCAGCGCGTG_010,116
AAGGTCATGACCAGCGCGTG_011,147
AAGGTCATGACCAGCGCGTG_012,131
AAGGTCATGACCAGCGCGTG_013,92
AAATGCGCGCAACTCAGAAG_001,172
AAATGCGCGCAACTCAGAAG_002,25
CACTGCAGTATTCGTGGCCT_001,94
GTAGTCGTTGGGATAAACGA_001,1
GTAGTCGTTGGGATAAACGA_002,1
GTAGTCGTTGGGATAAACGA_003,127
GTAGTCGTTGGGATAAACGA_004,199
GTAGTCGTTGGGATAAACGA_005,148
TTTATGTGAGTGGACACAGA_001,9
TTTATGTGAGTGGACACAGA_002,48
TTTATGTGAGTGGACACAGA_003,40
TTTATGTGAGTGGACACAGA_004,103
CCTCACTTACAGCCCACCGT_001,146
CCTCACTTACAGCCCACCGT_002,118
CCTCACTTACAGCCCACCGT_003,130
CCTCACTTACAGCCCACCGT_004,171
CCTCACTTACAGCCCACCGT_005,69
CCTCACTTACAGCCCACCGT_006,48
CCTCACTTACAGCCCACCGT_007,76
CCTCACTTACAGCCCACCGT_008,130
CCTCACTTACAGCCCACCGT_009,133
CCTCACTTACAGCCCACCGT_010,146
CCTCACTTACAGCCCACCGT_011,119
CCTCACTTACAGCCCACCGT_012,96
CCTCACTTACAGCCCACCGT_013,131
CCTCACTTACAGCCCACCGT_014,95
CCATGAATAAGCAAACCCTG_001,189
CCATGAATAAGCAAACCCTG_002,137
CCATGAATAAGCAAACCCTG_003,19
CCATGAATAAGCAAACCCTG_004,83
CCATGAATAAGCAAACCCTG_005,169
CCATGAATAAGCAAACCCTG_006,161
CCATGAATAAGCAAACCCTG_007,178
CCATGAATAAGCAAACCCTG_008,115
CCATGAATAAGCAAACCCTG_009,158
CCATGAATAAGCAAACCCTG_010,19
CCATGAATAAGCAAACCCTG_011,23
CCATGAATAAGCAAACCCTG_012,68
CCATGAATAAGCAAACCCTG_013,187
CCATGAATAAGCAAACCCTG_014,31
CCATGAATAAGCAAACCCTG_015,146
CCATGAATAAGCAAACCCTG_016,138
CCATGAATAAGCAAACCCTG_017,43
CTAGTCCTGATGAATCAAGG_001,160
CTAGTCCTGATGAATCAAGG_002,94
CTAGTCCTGATGAATCAAGG_003,147
CTAGTCCTGATGAATCAAGG_004,15
CTAGTCCTGATGAATCAAGG_005,177
CTAGTCCTGATGAATCAAGG_006,35
CTAGTCCTGATGAATCAAGG_007,94
CTAGTCCTGATGAATCAAGG_008,182
CTAGTCCTGATGAATCAAGG_009,28
CTAGTCCTGATGAATCAAGG_010,13
CTAGTCCTGATGAATCAAGG_011,132
CTAGTCCTGATGAATCAAGG_012,180
GGCGGTCCCGCCGATCGTGG_001,128
GGCGGTCCCGCCGATCGTGG_002,130
GGCGGTCCCGCCGATCGTGG_003,64
GGCGGTCCCGCCGATCGTGG_004,135
GGCGGTCCCGCCGATCGTGG_005,134
GGCGGTCCCGCCGATCGTGG_006,107
GGCGGTCCCGCCGATCGTGG_007,94
GGCGGTCCCGCCGATCGTGG_008,184
GGATGATCAGCGTACCATTG_001,184
GGATGATCAGCGTACCATTG_002,61
GGATGATCAGCGTACCATTG_003,116
GGATGATCAGCGTACCATTG_004,1
GGATGATCAGCGTACCATTG_005,67
GGATGATCAGCGTACCATTG_006,127
GGATGATCAGCGTACCATTG_007,49
GGATGATCAGCGTACCATTG_008,197
GGATGATCAGCGTACCATTG_009,165
CCTCATCATCGGCGAGAGTG_001,158
CCTCATCATCGGCGAGAGTG_002,49
CCTCATCATCGGCGAGAGTG_003,110
CCTCATCATCGGCGAGAGTG_004,30
CCTCATCATCGGCGAGAGTG_005,131
CCTCATCATCGGCGAGAGTG_006,178
CCTCATCATCGGCGAGAGTG_007,84
CCTCATCATCGGCGAGAGTG_008,65
CCTCATCATCGGCGAGAGTG_009,186
CCTCATCATCGGCGAGAGTG_010,17
CCTCATCATCGGCGAGAGTG_011,105
CCTCATCATCGGCGAGAGTG_012,175
ACCTATTGTCCCTTCAAGCT_001,134
ACCTATTGTCCCTTCAAGCT_002,12
ACCTATTGTCCCTTCAAGCT_003,172
ACCTATTGTCCCTTCAAGCT_004,50
ACCTATTGTCCCTTCAAGCT_005,88
ACCTATTGTCCCTTCAAGCT_006,130
ACCTATTGTCCCTTCAAGCT_007,29
ACCTATTGTCCCTTCAAGCT_008,1
ACCTATTGTCCCTTCAAGCT_009,85
ACCTATTGTCCCTTCAAGCT_010,112
ACCTATTGTCCCTTCAAGCT_011,141
ACCTATTGTCCCTTCAAGCT_012,194
ACCTATTGTCCCTTCAAGCT_013,32
ACCTATTGTCCCTTCAAGCT_014,177
ACCTATTGTCCCTTCAAGCT_015,94
ACCTATTGTCCCTTCAAGCT_016,35
ACCTATTGTCCCTTCAAGCT_017,136
ACCTATTGTCCCTTCAAGCT_018,122
ACCTATTGTCCCTTCAAGCT_019,1
ACCTATTGTCCCTTCAAGCT_020,43
ACCTATTGTCCCTTCAAGCT_021,3
ACCTATTGTCCCTTCAAGCT_022,124
ACCTATTGTCCCTTCAAGCT_023,27
ACCTATTGTCCCTTCAAGCT_024,161
TGACTGGCACACAGGTCTCA_001,98
TGACTGGCACACAGGTCTCA_002,125
TGACTGGCACACAGGTCTCA_003,59
TGACTGGCACACAGGTCTCA_004,80
TGACTGGCACACAGGTCTCA_005,71
TGACTGGCACACAGGTCTCA_006,47
TGACTGGCACACAGGTCTCA_007,50
TGACTGGCACACAGGTCTCA_008,148
TGACTGGCACACAGGTCTCA_009,75
TGACTGGCACACAGGTCTCA_010,131
TGACTGGCACACAGGTCTCA_011,195
TGACTGGCACACAGGTCTCA_012,111
TGACTGGCACACAGGTCTCA_013,124
AGCAGACAACCGGAAAGTAA_001,16
AGCAGACAACCGGAAAGTAA_002,192
AGCAGACAACCGGAAAGTAA_003,9
AGCAGACAACCGGAAAGTAA_004,95
AGCAGACAACCGGAAAGTAA_005,178
AGCAGACAACCGGAAAGTAA_006,123
AGCAGACAACCGGAAAGTAA_007,175
AGCAGACAACCGGAAAGTAA_008,73
AGCAGACAACCGGAAAGTAA_009,136
TCACAGGTATCTCCATACTC_001,145
TCACAGGTATCTCCATACTC_002,198
TGAAATGCCATACCATGTGG_001,69
TGAAATGCCATACCATGTGG_002,19
TGAAATGCCATACCATGTGG_003,78
TGAAATGCCATACCATGTGG_004,22
TGAAATGCCATACCATGTGG_005,2
GGACACAATAGTCTTCCCAC_001,76
GGACACAATAGTCTTCCCAC_002,49
GGACACAATAGTCTTCCCAC_003,69
GGACACAATAGTCTTCCCAC_004,42
GGACACAATAGTCTTCCCAC_005,1
GGACACAATAGTCTTCCCAC_006,118
GGACACAATAGTCTTCCCAC_007,10
GGACACAATAGTCTTCCCAC_008,68
TGGAGAAGTTGGGATCCGAA_001,85
TGGAGAAGTTGGGATCCGAA_002,105
TGGAGAAGTTGGGATCCGAA_003,1
TGGAGAAGTTGGGATCCGAA_004,110
TGGAGAAGTTGGGATCCGAA_005,42
TGGAGAAGTTGGGATCCGAA_006,194
TGGAGAAGTTGGGATCCGAA_007,158
TGGAGAAGTTGGGATCCGAA_008,158
TGGAGAAGTTGGGATCCGAA_009,56
GGAGCGGCGGATCAATCACA_001,69
GGAGCGGCGGATCAATCACA_002,35
GGAGCGGCGGATCAATCACA_003,198
GGAGCGGCGGATCAATCACA_004,19
GGAGCGGCGGATCAATCACA_005,97
GGAGCGGCGGATCAATCACA_006,77
GGAGCGGCGGATCAATCACA_007,33
GGAGCGGCGGATCAATCACA_008,74
GGAGCGGCGGATCAATCACA_009,18
CTCCAAACAATGATGACCAG_001,191
CTCCAAACAATGATGACCAG_002,50
CTCCAAACAATGATGACCAG_003,40
CAATAATGAGACATGCACAG_001,15
CAATAATGAGACATGCACAG_002,18
CAATAATGAGACATGCACAG_003,21
CAATAATGAGACATGCACAG_004,122
CAATAATGAGACATGCACAG_005,16
CAATAATGAGACATGCACAG_006,128
CAATAATGAGACATGCACAG_007,177
CAATAATGAGACATGCACAG_008,139
CAATAATGAGACATGCACAG_009,176
CAATAATGAGACATGCACAG_010,166
CAATAATGAGACATGCACAG_011,186
CAATAATGAGACATGCACAG_012,17
CAATAATGAGACATGCACAG_013,191
CAATAATGAGACATGCACAG_014,57
ACTTGAACTAAACAAGGCCC_001,193
ATACTTACAAAGTACTGTTG_001,115
ATACTTACAAAGTACTGTTG_002,140
ATACTTACAAAGTACTGTTG_003,160
ATACTTACAAAGTACTGTTG_004,17
ATACTTACAAAGTACTGTTG_005,54
ATACTTACAAAGTACTGTTG_006,189
ATACTTACAAAGTACTGTTG_007,50
ATACTTACAAAGTACTGTTG_008,175
ATACTTACAAAGTACTGTTG_009,52
CAGCATTACATAACTTATGT_001,144
CAGCATTACATAACTTATGT_002,9
CAGCATTACATAACTTATGT_003,11
CAGCATTACATAACTTATGT_004,99
GAGATATTCATGATCTGAGG_001,178
GGTAGCTCTCGAGAATCTAG_001,43
GGTAGCTCTCGAGAATCTAG_002,15
GGTAGCTCTCGAGAATCTAG_003,37
GGTAGCTCTCGAGAATCTAG_004,126
ACAGGTCCCGCGAACCCCGC_001,23
ACAGGTCCCGCGAACCCCGC_002,78
ACAGGTCCCGCGAACCCCGC_003,36
ACAGGTCCCGCGAACCCCGC_004,81
ACAGGTCCCGCGAACCCCGC_005,116
ACAGGTCCCGCGAACCCCGC_006,83
ACAGGTCCCGCGAACCCCGC_007,149
ACAGGTCCCGCGAACCCCGC_008,81
ACAGGTCCCGCGAACCCCGC_009,150
ACAGGTCCCGCGAACCCCGC_010,160
ACAGGTCCCGCGAACCCCGC_011,115
ACAGGTCCCGCGAACCCCGC_012,188
ACAGGTCCCGCGAACCCCGC_013,175
ACAGGTCCCGCGAACCCCGC_014,127
ACAGGTCCCGCGAACCCCGC_015,127
ACAGGTCCCGCGAACCCCGC_016,198
ACAGGTCCCGCGAACCCCGC_017,124
ACAGGTCCCGCGAACCCCGC_018,102
ACAGGTCCCGCGAACCCCGC_019,175
ACAGGTCCCGCGAACCCCGC_020,50
TTTAAGCCTTATGTAAAGCA_001,98
TTTAAGCCTTATGTAAAGCA_002,42
TTTAAGCCTTATGTAAAGCA_003,43
TCTCTGCCTGACATTTGCTG_001,83
GGAGTCTGACATCTACACCG_001,159
GGAGTCTGACATCTACACCG_002,117
GGAGTCTGACATCTACACCG_003,80
GGAGTCTGACATCTACACCG_004,178
GGAGTCTGACATCTACACCG_005,84
GGAGTCTGACATCTACACCG_006,78
GGAGTCTGACATCTACACCG_007,169
GGAGTCTGACATCTACACCG_008,52
CGGTCGCCCAGATCAAGGTA_001,23
CGGTCGCCCAGATCAAGGTA_002,1
CGGTCGCCCAGATCAAGGTA_003,2
CGGTCGCCCAGATCAAGGTA_004,146
CGGTCGCCCAGATCAAGGTA_005,176
CTAACACTGACGTTCCCAAG_001,1
CTAACACTGACGTTCCCAAG_002,114
CTAACACTGACGTTCCCAAG_003,0
GATGATGCAAGATACATGAA_001,53
GATGATGCAAGATACATGAA_002,138
GATGATGCAAGATACATGAA_003,91
GATGATGCAAGATACATGAA_004,149
GATGATGCAAGATACATGAA_005,192
GATGATGCAAGATACATGAA_006,178
GATGATGCAAGATACATGAA_007,186
GATGATGCAAGATACATGAA_008,144
GATGATGCAAGATACATGAA_009,82
GATGATGCAAGATACATGAA_010,138
GATGATGCAAGATACATGAA_011,179
AACGGCTCCAATGAGGACCG_001,92
AACGGCTCCAATGAGGACCG_002,94
AACGGCTCCAATGAGGACCG_003,42
AACGGCTCCAATGAGGACCG_004,196
CCTTCTTATTAATGGACCTG_001,102
CCTTCTTATTAATGGACCTG_002,50
CCTTCTTATTAATGGACCTG_003,8
CCTTCTTATTAATGGACCTG_004,140
CCTTCTTATTAATGGACCTG_005,76
CCTTCTTATTAATGGACCTG_006,27
CCTTCTTATTAATGGACCTG_007,19
CCTTCTTATTAATGGACCTG_008,175
CCTTCTTATTAATGGACCTG_009,106
AGTGTGAAAGCTATAAACGA_001,106
AGTGTGAAAGCTATAAACGA_002,68
AGTGTGAAAGCTATAAACGA_003,113
AGTGTGAAAGCTATAAACGA_004,28
AGTGTGAAAGCTATAAACGA_005,121
ACCCACAAAGAGGACTTAGG_001,48
ACCCACAAAGAGGACTTAGG_002,88
ACCCACAAAGAGGACTTAGG_003,48
ACCCACAAAGAGGACTTAGG_004,10
ACCCACAAAGAGGACTTAGG_005,67
ACCCACAAAGAGGACTTAGG_006,130
ACCCACAAAGAGGACTTAGG_007,3
ACCCACAAAGAGGACTTAGG_008,127
ACCCACAAAGAGGACTTAGG_009,52
ACCCACAAAGAGGACTTAGG_010,3
ACCCACAAAGAGGACTTAGG_011,66
ACCCACAAAGAGGACTTAGG_012,27
ACCCACAAAGAGGACTTAGG_013,49
CCCCTATCCCGCAGATACGC_001,8
CCCCTATCCCGCAGATACGC_002,199
CCCCTATCCCGCAGATACGC_003,137
CCCCTATCCCGCAGATACGC_004,48
GCAAAAAGTGAGTCCGAACA_001,150
GCAAAAAGTGAGTCCGAACA_002,17
GCAAAAAGTGAGTCCGAACA_003,102
GCAAAAAGTGAGTCCGAACA_004,9
GCAAAAAGTGAGTCCGAACA_005,8
GCAAAAAGTGAGTCCGAACA_006,34
GCAAAAAGTGAGTCCGAACA_007,125
GCCCGCTTCAAGGAACGGGT_001,199
GCCCGCTTCAAGGAACGGGT_002,34
GCCCGCTTCAAGGAACGGGT_003,48
GCCCGCTTCAAGGAACGGGT_004,166
GCCCGCTTCAAGGAACGGGT_005,166
GCCCGCTTCAAGGAACGGGT_006,139
GCCCGCTTCAAGGAACGGGT_007,182
GCCCGCTTCAAGGAACGGGT_008,116
GCCCGCTTCAAGGAACGGGT_009,166
GCCCGCTTCAAGGAACGGGT_010,130
GCCCGCTTCAAGGAACGGGT_011,52
GCCCGCTTCAAGGAACGGGT_012,13
GCCCGCTTCAAGGAACGGGT_013,182
GTGAGGCAGTGGAATCTCCG_001,133
GTGAGGCAGTGGAATCTCCG_002,17
GTGAGGCAGTGGAATCTCCG_003,169
GTGAGGCAGTGGAATCTCCG_004,27
GTGAGGCAGTGGAATCTCCG_005,169
GTGAGGCAGTGGAATCTCCG_006,55
GTGAGGCAGTGGAATCTCCG_007,28
GTGAGGCAGTGGAATCTCCG_008,162
GTGAGGCAGTGGAATCTCCG_009,187
GTGAGGCAGTGGAATCTCCG_010,92
GTGAGGCAGTGGAATCTCCG_011,195
GTGAGGCAGTGGAATCTCCG_012,198
GTGAGGCAGTGGAATCTCCG_013,177
GTGAGGCAGTGGAATCTCCG_014,198
GTGAGGCAGTGGAATCTCCG_015,63
GTGAGGCAGTGGAATCTCCG_016,166
GTGAGGCAGTGGAATCTCCG_017,152
CTTATCAAGAGTCCTGCTCA_001,83
CTTATCAAGAGTCCTGCTCA_002,195
CTTATCAAGAGTCCTGCTCA_003,168
GCAAACAAATGCAAATGCAA_001,66
GCAAACAAATGCAAATGCAA_002,10
GCAAACAAATGCAAATGCAA_003,191
GCAAACAAATGCAAATGCAA_004,88
GCAAACAAATGCAAATGCAA_005,74
GCAAACAAATGCAAATGCAA_006,12
GCAAACAAATGCAAATGCAA_007,6
GCAAACAAATGCAAATGCAA_008,160
GCAAACAAATGCAAATGCAA_009,142
ATTGATGACAATTTGCACAA_001,134
ATTGATGACAATTTGCACAA_002,88
ATTGATGACAATTTGCACAA_003,160
ATTGATGACAATTTGCACAA_004,112
ATTGATGACAATTTGCACAA_005,116
ATTGATGACAATTTGCACAA_006,58
ATTGATGACAATTTGCACAA_007,142
ATTGATGACAATTTGCACAA_008,78
ATTGATGACAATTTGCACAA_009,188
ATTGATGACAATTTGCACAA_010,168
AGGAGAACCTCAGTCCAAAG_001,42
AGGAGAACCTCAGTCCAAAG_002,13
AGGTCAGGCAGCTCGAAACA_001,184
AGGTCAGGCAGCTCGAAACA_002,121
AGGTCAGGCAGCTCGAAACA_003,105
AGGTCAGGCAGCTCGAAACA_004,89
AGGTCAGGCAGCTCGAAACA_005,131
AGGTCAGGCAGCTCGAAACA_006,11
AGGTCAGGCAGCTCGAAACA_007,98
AGGTCAGGCAGCTCGAAACA_008,15
AGGTCAGGCAGCTCGAAACA_009,117
AGGTCAGGCAGCTCGAAACA_010,77
AGGTCAGGCAGCTCGAAACA_011,70
AGGTCAGGCAGCTCGAAACA_012,1
AGGTCAGGCAGCTCGAAACA_013,76
AGGTCAGGCAGCTCGAAACA_014,94
AGGTCAGGCAGCTCGAAACA_015,124
AGGTCAGGCAGCTCGAAACA_016,48
AGGTCAGGCAGCTCGAAACA_017,182
AGGTCAGGCAGCTCGAAACA_018,190
AGGTCAGGCAGCTCGAAACA_019,181
AGGTCAGGCAGCTCGAAACA_020,124
AGGTCAGGCAGCTCGAAACA_021,197
GGTGGCTCCTGCACGTGCGC_001,143
GGTGGCTCCTGCACGTGCGC_002,184
GGTGGCTCCTGCACGTGCGC_003,37
TGAAAGCTGAGCGCACGCCG_001,192
TGAAAGCTGAGCGCACGCCG_002,104
TGAAAGCTGAGCGCACGCCG_003,119
TGAAAGCTGAGCGCACGCCG_004,156
ATGACCAGAAAAACATAAGA_001,10
ATGACCAGAAAAACATAAGA_002,98
ATGACCAGAAAAACATAAGA_003,173
ATGACCAGAAAAACATAAGA_004,173
ATGACCAGAAAAACATAAGA_005,173
ATGACCAGAAAAACATAAGA_006,85
ATGACCAGAAAAACATAAGA_007,189
ATGACCAGAAAAACATAAGA_008,37
ATGACCAGAAAAACATAAGA_009,102
GGAGCCCCCACAAGAACCAC_001,147
GGAGCCCCCACAAGAACCAC_002,2
GGAGCCCCCACAAGAACCAC_003,133
GGAGCCCCCACAAGAACCAC_004,158
GGAGCCCCCACAAGAACCAC_005,77
GGAGCCCCCACAAGAACCAC_006,28
GGAGCCCCCACAAGAACCAC_007,160
ATCTCCCGTGGCCATCAGGT_001,169
ATCTCCCGTGGCCATCAGGT_002,112
ATCTCCCGTGGCCATCAGGT_003,8
ATCTCCCGTGGCCATCAGGT_004,132
ATCTCCCGTGGCCATCAGGT_005,42
ATCTCCCGTGGCCATCAGGT_006,91
ATCTCCCGTGGCCATCAGGT_007,126
ATCTCCCGTGGCCATCAGGT_008,40
ATCTCCCGTGGCCATCAGGT_009,86
ATCTCCCGTGGCCATCAGGT_010,97
ATCTCCCGTGGCCATCAGGT_011,169
ATCTCCCGTGGCCATCAGGT_012,145
ATCTCCCGTGGCCATCAGGT_013,142
ATCTCCCGTGGCCATCAGGT_014,142
ATCTCCCGTGGCCATCAGGT_015,65
ATCTCCCGTGGCCATCAGGT_016,11
CGGCTGCCTCGTAACGCGAG_001,85
CGGCTGCCTCGTAACGCGAG_002,190
GGGGCTAGAAGCTCCCGACG_001,2
TGCACCAACTACACACACAG_001,160
TGCACCAACTACACACACAG_002,111
TGCACCAACTACACACACAG_003,65
TGCACCAACTACACACACAG_004,7
TGCACCAACTACACACACAG_005,126
TGCACCAACTACACACACAG_006,94
TGCACCAACTACACACACAG_007,106
TGCACCAACTACACACACAG_008,43
TGCACCAACTACACACACAG_009,55
TGCACCAACTACACACACAG_010,55
TGCACCAACTACACACACAG_011,62
TGCACCAACTACACACACAG_012,50
TGCACCAACTACACACACAG_013,115
TGCACCAACTACACACACAG_014,147
TGCACCAACTACACACACAG_015,15
TGCACCAACTACACACACAG_016,58
TGCACCAACTACACACACAG_017,146
TGCACCAACTACACACACAG_018,170
TGCACCAACTACACACACAG_019,37
TGCACCAACTACACACACAG_020,68
TGCACCAACTACACACACAG_021,43
TGCACCAACTACACACACAG_022,67
TGCACCAACTACACACACAG_023,60
TGCACCAACTACACACACAG_024,127
TGCACCAACTACACACACAG_025,58
TGCACCAACTACACACACAG_026,127
TGCACCAACTACACACACAG_027,29
TGCACCAACTACACACACAG_028,88
TGCACCAACTACACACACAG_029,198
TGCACCAACTACACACACAG_030,149
TGCACCAACTACACACACAG_031,72
TGCACCAACTACACACACAG_032,137
TGCACCAACTACACACACAG_033,186
TGCACCAACTACACACACAG_034,145
TGCACCAACTACACACACAG_035,33
TGCACCAACTACACACACAG_036,113
TGCACCAACTACACACACAG_037,118
TGCACCAACTACACACACAG_038,18
CTGCATAAGCAGCATCGATG_001,149
CTGCATAAGCAGCATCGATG_002,181
CTGCATAAGCAGCATCGATG_003,140
CTGCATAAGCAGCATCGATG_004,187
CTGCATAAGCAGCATCGATG_005,169
CTGCATAAGCAGCATCGATG_006,16
CTGCATAAGCAGCATCGATG_007,64
CTGCATAAGCAGCATCGATG_008,40
CTGCATAAGCAGCATCGATG_009,130
CTGCATAAGCAGCATCGATG_010,107
CTGCATAAGCAGCATCGATG_011,134
CAGAGATGGTTTCATCGACA_001,95
CAGAGATGGTTTCATCGACA_002,139
CAGAGATGGTTTCATCGACA_003,134
CAGAGATGGTTTCATCGACA_004,10
CAGAGATGGTTTCATCGACA_005,65
AGAAAAGAAGAAATCTGGTA_001,94
TACCTGCTTGTTCAACCAAA_001,137
TACCTGCTTGTTCAACCAAA_002,192
TACCTGCTTGTTCAACCAAA_003,28
TACCTGCTTGTTCAACCAAA_004,68
TACCTGCTTGTTCAACCAAA_005,95
TACCTGCTTGTTCAACCAAA_006,170
TACCTGCTTGTTCAACCAAA_007,11
TACCTGCTTGTTCAACCAAA_008,139
TACCTGCTTGTTCAACCAAA_009,56
TACCTGCTTGTTCAACCAAA_010,68
TACCTGCTTGTTCAACCAAA_011,185
TACCTGCTTGTTCAACCAAA_012,23
CAAGGTCAATTACACCAGGT_001,74
CAAGGTCAATTACACCAGGT_002,47
CAAGGTCAATTACACCAGGT_003,0
CAAGGTCAATTACACCAGGT_004,84
CAAGGTCAATTACACCAGGT_005,116
GAGCTGAGATAACCAGACCG_001,168
GAGCTGAGATAACCAGACCG_002,183
GAGCTGAGATAACCAGACCG_003,169
GAGCTGAGATAACCAGACCG_004,49
GAGCTGAGATAACCAGACCG_005,185
GAGCTGAGATAACCAGACCG_006,199
GAGCTGAGATAACCAGACCG_007,41
GAGCTGAGATAACCAGACCG_008,121
GAGCTGAGATAACCAGACCG_009,60
GAGCTGAGATAACCAGACCG_010,73
ACACAGATGCACGATCGACG_001,27
ACACAGATGCACGATCGACG_002,63
ACACAGATGCACGATCGACG_003,2
ACACAGATGCACGATCGACG_004,69
ACACAGATGCACGATCGACG_005,157
ACACAGATGCACGATCGACG_006,188
ACACAGATGCACGATCGACG_007,77
CTTTGGAACAATCAGACGAG_001,88
CCCCCCGGGCTATGAGCCAG_001,78
CCCCCCGGGCTATGAGCCAG_002,104
CCCCCCGGGCTATGAGCCAG_003,189
CCCCCCGGGCTATGAGCCAG_004,19
CCCCCCGGGCTATGAGCCAG_005,48
CCCCCCGGGCTATGAGCCAG_006,66
CCCCCCGGGCTATGAGCCAG_007,43
CCCCCCGGGCTATGAGCCAG_008,45
CCCCCCGGGCTATGAGCCAG_009,159
CCCCCCGGGCTATGAGCCAG_010,91
CCCCCCGGGCTATGAGCCAG_011,77
CCCCCCGGGCTATGAGCCAG_012,145
CCCCCCGGGCTATGAGCCAG_013,119
CCCCCCGGGCTATGAGCCAG_014,72
CCCCCCGGGCTATGAGCCAG_015,141
CCCCCCGGGCTATGAGCCAG_016,0
CCCCCCGGGCTATGAGCCAG_017,33
CCCCCCGGGCTATGAGCCAG_018,74
CCCCCCGGGCTATGAGCCAG_019,198
CCCCCCGGGCTATGAGCCAG_020,114
CCCCCCGGGCTATGAGCCAG_021,28
CCCCCCGGGCTATGAGCCAG_022,41
CCCCCCGGGCTATGAGCCAG_023,192
CCCCCCGGGCTATGAGCCAG_024,116
CCCCCCGGGCTATGAGCCAG_025,153
CCCCCCGGGCTATGAGCCAG_026,61
CCCCCCGGGCTATGAGCCAG_027,72
GCCTGCGAAAAGAGCACGCG_001,124
GCCTGCGAAAAGAGCACGCG_002,48
GCCTGCGAAAAGAGCACGCG_003,174
GCCTGCGAAAAGAGCACGCG_004,17
GCCTGCGAAAAGAGCACGCG_005,144
GCCTGCGAAAAGAGCACGCG_006,192
GCCTGCGAAAAGAGCACGCG_007,49
GCCTGCGAAAAGAGCACGCG_008,129
GCCTGCGAAAAGAGCACGCG_009,79
GCCTGCGAAAAGAGCACGCG_010,2
GCCTGCGAAAAGAGCACGCG_011,49
GCCTGCGAAAAGAGCACGCG_012,82
GCCTGCGAAAAGAGCACGCG_013,158
GCCTGCGAAAAGAGCACGCG_014,174
GCCTGCGAAAAGAGCACGCG_015,141
GCCTGCGAAAAGAGCACGCG_016,117
GCCTGCGAAAAGAGCACGCG_017,88
GCCTGCGAAAAGAGCACGCG_018,93
GCCTGCGAAAAGAGCACGCG_019,35
GCCTGCGAAAAGAGCACGCG_020,160
GCCTGCGAAAAGAGCACGCG_021,93
GCCTGCGAAAAGAGCACGCG_022,152
GCCTGCGAAAAGAGCACGCG_023,117
GCCTGCGAAAAGAGCACGCG_024,185
GCCTGCGAAAAGAGCACGCG_025,131
GCCTGCGAAAAGAGCACGCG_026,82
GCCTGCGAAAAGAGCACGCG_027,111
GCCTGCGAAAAGAGCACGCG_028,147
GCCTGCGAAAAGAGCACGCG_029,74
GCCTGCGAAAAGAGCACGCG_030,184
GCCTGCGAAAAGAGCACGCG_031,48
GCCTGCGAAAAGAGCACGCG_032,12
GCCTGCGAAAAGAGCACGCG_033,192
GCCTGCGAAAAGAGCACGCG_034,125
GCCTGCGAAAAGAGCACGCG_035,104
GCCTGCGAAAAGAGCACGCG_036,3
GCCTGCGAAAAGAGCACGCG_037,166
GCCTGCGAAAAGAGCACGCG_038,193
GCCTGCGAAAAGAGCACGCG_039,49
GCCTGCGAAAAGAGCACGCG_040,70
GCCTGCGAAAAGAGCACGCG_041,144
GCCTGCGAAAAGAGCACGCG_042,118
GCCTGCGAAAAGAGCACGCG_043,4
GCCTGCGAAAAGAGCACGCG_044,106
GCCTGCGAAAAGAGCACGCG_045,34
GGAAGCTATGACTTATGATG_001,146
GGAAGCTATGACTTATGATG_002,52
GGAAGCTATGACTTATGATG_003,140
GGAAGCTATGACTTATGATG_004,23
TGAAACAGGACTTCAAACTG_001,47
TGAAACAGGACTTCAAACTG_002,86
TGAAACAGGACTTCAAACTG_003,77
TGAAACAGGACTTCAAACTG_004,141
TGAAACAGGACTTCAAACTG_005,34
TGAAACAGGACTTCAAACTG_006,166
TGAAACAGGACTTCAAACTG_007,39
TGAAACAGGACTTCAAACTG_008,28
GACGCATATAATCCACTCTG_001,58
GTACACAACATTCCGGGACA_001,87
GTACACAACATTCCGGGACA_002,27
GTACACAACATTCCGGGACA_003,166
CAGTGTCGTTGCAACCCCGT_001,45
CAGTGTCGTTGCAACCCCGT_002,141
CAGTGTCGTTGCAACCCCGT_003,159
CAGTGTCGTTGCAACCCCGT_004,119
CAGTGTCGTTGCAACCCCGT_005,52
CAGTGTCGTTGCAACCCCGT_006,178
CAGTGTCGTTGCAACCCCGT_007,80
CAGTGTCGTTGCAACCCCGT_008,98
CAGTGTCGTTGCAACCCCGT_009,50
CAGTGTCGTTGCAACCCCGT_010,59
CAGTGTCGTTGCAACCCCGT_011,76
CAGTGTCGTTGCAACCCCGT_012,106
CAGTGTCGTTGCAACCCCGT_013,34
CAGTGTCGTTGCAACCCCGT_014,137
CAGTGTCGTTGCAACCCCGT_015,146
ACAAGTTCAAGGGACGCGTG_001,65
ACAAGTTCAAGGGACGCGTG_002,193
ACAAGTTCAAGGGACGCGTG_003,147
ACAAGTTCAAGGGACGCGTG_004,93
ACAAGTTCAAGGGACGCGTG_005,62
ACAAGTTCAAGGGACGCGTG_006,32
ACAAGTTCAAGGGACGCGTG_007,53
ACAAGTTCAAGGGACGCGTG_008,35
ACAAGTTCAAGGGACGCGTG_009,84
ACAAGTTCAAGGGACGCGTG_010,16
ACAAGTTCAAGGGACGCGTG_011,15
AGAAGACCATCATGACAGAA_001,139
AGAAGACCATCATGACAGAA_002,189
AGAAGACCATCATGACAGAA_003,98
AGGAGCCTATCTGATTGACA_001,150
AGGAGCCTATCTGATTGACA_002,51
AGGAGCCTATCTGATTGACA_003,87
AGGAGCCTATCTGATTGACA_004,15
CACAAGGCGAATTGATAGGG_001,72
CACAAGGCGAATTGATAGGG_002,161
CTGCCAGCGAGACAGGTCCA_001,171
CTGCCAGCGAGACAGGTCCA_002,82
CTGCCAGCGAGACAGGTCCA_003,22
CTGCCAGCGAGACAGGTCCA_004,128
CTGCCAGCGAGACAGGTCCA_005,84
AGGAGGTGCAGCTTACCTGG_001,118
AGGAGGTGCAGCTTACCTGG_002,51
AGGAGGTGCAGCTTACCTGG_003,19
AGGAGGTGCAGCTTACCTGG_004,165
AGGAGGTGCAGCTTACCTGG_005,130
AGGAGGTGCAGCTTACCTGG_006,97
AGGAGGTGCAGCTTACCTGG_007,159
AGGAGGTGCAGCTTACCTGG_008,72
AGGAGGTGCAGCTTACCTGG_009,138
AGGAGGTGCAGCTTACCTGG_010,159
AGGAGGTGCAGCTTACCTGG_011,197
AGGAGGTGCAGCTTACCTGG_012,63
AGGAGGTGCAGCTTACCTGG_013,121
AGGAGGTGCAGCTTACCTGG_014,158
AGGAGGTGCAGCTTACCTGG_015,63
AGGAGGTGCAGCTTACCTGG_016,56
GAAGGACGCGGCGTTCTGCG_001,163
GAAGGACGCGGCGTTCTGCG_002,119
GAAGGACGCGGCGTTCTGCG_003,58
AGAACTCAAACTCGATGCCA_001,182
AGAACTCAAACTCGATGCCA_002,174
AGAACTCAAACTCGATGCCA_003,8
AGAACTCAAACTCGATGCCA_004,174
AGAACTCAAACTCGATGCCA_005,4
AGAACTCAAACTCGATGCCA_006,84
AGAACTCAAACTCGATGCCA_007,156
AGAACTCAAACTCGATGCCA_008,158
AGAACTCAAACTCGATGCCA_009,146
AGAACTCAAACTCGATGCCA_010,161
AGAACTCAAACTCGATGCCA_011,1
AGAACTCAAACTCGATGCCA_012,137
AGAACTCAAACTCGATGCCA_013,1
AGAACTCAAACTCGATGCCA_014,8
AGAACTCAAACTCGATGCCA_015,130
AGAACTCAAACTCGATGCCA_016,191
ACCCTCACGACCCTGGAAGG_001,38
ACCCTCACGACCCTGGAAGG_002,119
ACCCTCACGACCCTGGAAGG_003,127
ACCCTCACGACCCTGGAAGG_004,144
ACCCTCACGACCCTGGAAGG_005,147
ACCCTCACGACCCTGGAAGG_006,114
ACCCTCACGACCCTGGAAGG_007,30
ACCCTCACGACCCTGGAAGG_008,170
ACCCTCACGACCCTGGAAGG_009,127
ACCCTCACGACCCTGGAAGG_010,176
ACCCTCACGACCCTGGAAGG_011,57
ACCCTCACGACCCTGGAAGG_012,45
ACCCTCACGACCCTGGAAGG_013,89
ACCCTCACGACCCTGGAAGG_014,6
ACCCTCACGACCCTGGAAGG_015,175
ACCCTCACGACCCTGGAAGG_016,69
ACCCTCACGACCCTGGAAGG_017,34
ACCCTCACGACCCTGGAAGG_018,95
ACCCTCACGACCCTGGAAGG_019,134
ACCCTCACGACCCTGGAAGG_020,77
ACCCTCACGACCCTGGAAGG_021,172
ACCCTCACGACCCTGGAAGG_022,8
ACCCTCACGACCCTGGAAGG_023,76
ACCCTCACGACCCTGGAAGG_024,155
ACCCTCACGACCCTGGAAGG_025,183
GTACAACCTGGCACTCTGCT_001,12
GTACAACCTGGCACTCTGCT_002,168
GTACAACCTGGCACTCTGCT_003,70
GTACAACCTGGCACTCTGCT_004,175
GTACAACCTGGCACTCTGCT_005,72
GTACAACCTGGCACTCTGCT_006,190
GTACAACCTGGCACTCTGCT_007,81
GTACAACCTGGCACTCTGCT_008,111
GTACAACCTGGCACTCTGCT_009,49
CCTGAGCTCGCACCTGACCG_001,114
CCTGAGCTCGCACCTGACCG_002,77
CCTGAGCTCGCACCTGACCG_003,176
CCTGAGCTCGCACCTGACCG_004,70
CCTGAGCTCGCACCTGACCG_005,94
CCTGAGCTCGCACCTGACCG_006,83
CCTGAGCTCGCACCTGACCG_007,49
CCTGAGCTCGCACCTGACCG_008,49
CCTGAGCTCGCACCTGACCG_009,0
CCTGAGCTCGCACCTGACCG_010,102
CCTGAGCTCGCACCTGACCG_011,162
CCTGAGCTCGCACCTGACCG_012,76
CCTGAGCTCGCACCTGACCG_013,171
CCTGAGCTCGCACCTGACCG_014,107
CCTGAGCTCGCACCTGACCG_015,96
CCTGAGCTCGCACCTGACCG_016,75
CCTGAGCTCGCACCTGACCG_017,187
CCTGAGCTCGCACCTGACCG_018,192
GTACATTGGTGTGTGCAGAT_001,44
GTACATTGGTGTGTGCAGAT_002,132
GTACATTGGTGTGTGCAGAT_003,115
GTACATTGGTGTGTGCAGAT_004,77
GTACATTGGTGTGTGCAGAT_005,174
GTACATTGGTGTGTGCAGAT_006,50
GTACATTGGTGTGTGCAGAT_007,183
GTACATTGGTGTGTGCAGAT_008,182
GTACATTGGTGTGTGCAGAT_009,150
GTACATTGGTGTGTGCAGAT_010,80
GTACATTGGTGTGTGCAGAT_011,115
GTACATTGGTGTGTGCAGAT_012,81
GTACATTGGTGTGTGCAGAT_013,117
GTACATTGGTGTGTGCAGAT_014,161
GTACATTGGTGTGTGCAGAT_015,110
GTACATTGGTGTGTGCAGAT_016,106
GTACATTGGTGTGTGCAGAT_017,36
TCCGTGTCATTGGCTACCTG_001,127
TCCGTGTCATTGGCTACCTG_002,53
TCCGTGTCATTGGCTACCTG_003,17
ATAAGAGACTGGACGCTGTG_001,126
ATAAGAGACTGGACGCTGTG_002,53
ATAAGAGACTGGACGCTGTG_003,193
ATAAGAGACTGGACGCTGTG_004,76
ATAAGAGACTGGACGCTGTG_005,127
ATAAGAGACTGGACGCTGTG_006,141
ATAAGAGACTGGACGCTGTG_007,125
ATAAGAGACTGGACGCTGTG_008,147
ATAAGAGACTGGACGCTGTG_009,126
ATAAGAGACTGGACGCTGTG_010,124
ATAAGAGACTGGACGCTGTG_011,16
ATAAGAGACTGGACGCTGTG_012,13
ATAAGAGACTGGACGCTGTG_013,77
ATAAGAGACTGGACGCTGTG_014,58
ATAAGAGACTGGACGCTGTG_015,63
ATAAGAGACTGGACGCTGTG_016,184
ATAAGAGACTGGACGCTGTG_017,1
ATAAGAGACTGGACGCTGTG_018,102
ATAAGAGACTGGACGCTGTG_019,126
ATAAGAGACTGGACGCTGTG_020,53
ATAAGAGACTGGACGCTGTG_021,147
ATAAGAGACTGGACGCTGTG_022,96
ATAAGAGACTGGACGCTGTG_023,162
ATAAGAGACTGGACGCTGTG_024,48
ATAAGAGACTGGACGCTGTG_025,47
ATAAGAGACTGGACGCTGTG_026,181
ATAAGAGACTGGACGCTGTG_027,107
ATAAGAGACTGGACGCTGTG_028,22
ATAAGAGACTGGACGCTGTG_029,184
ATAAGAGACTGGACGCTGTG_030,130
ATAAGAGACTGGACGCTGTG_031,124
ATAAGAGACTGGACGCTGTG_032,168
ATAAGAGACTGGACGCTGTG_033,136
ATAAGAGACTGGACGCTGTG_034,62
CTTCTGTGAGCTCATTGCGC_001,35
CTTCTGTGAGCTCATTGCGC_002,96
CTTCTGTGAGCTCATTGCGC_003,48
CTTCTGTGAGCTCATTGCGC_004,23
CTTCTGTGAGCTCATTGCGC_005,37
GAACCCCTGACTAAAATGAC_001,154
GAACCCCTGACTAAAATGAC_002,29
GAACCCCTGACTAAAATGAC_003,145
GAGACAAAGCCAGCCGACTG_001,29
GAGACAAAGCCAGCCGACTG_002,48
GAGACAAAGCCAGCCGACTG_003,54
GAGACAAAGCCAGCCGACTG_004,95
GAGACAAAGCCAGCCGACTG_005,64
GAGACAAAGCCAGCCGACTG_006,80
GAGACAAAGCCAGCCGACTG_007,168
GAGACAAAGCCAGCCGACTG_008,124
GAGACAAAGCCAGCCGACTG_009,75
TGAGATCACCAGCCAAACTG_001,113
TGAGATCACCAGCCAAACTG_002,45
TGAGATCACCAGCCAAACTG_003,116
CTGGGGAGAAGATACAACTG_001,60
CTGGGGAGAAGATACAACTG_002,105
CTGGGGAGAAGATACAACTG_003,19
CTGGGGAGAAGATACAACTG_004,64
CTGGGGAGAAGATACAACTG_005,105
AGATCCGAAGGCGAATGCCA_001,0
AGATCCGAAGGCGAATGCCA_002,53
AGATCCGAAGGCGAATGCCA_003,48
AGATCCGAAGGCGAATGCCA_004,124
AGATCCGAAGGCGAATGCCA_005,120
AGATCCGAAGGCGAATGCCA_006,117
AGATCCGAAGGCGAATGCCA_007,145
TATTCGACCCTCTGGTACAG_001,171
TATTCGACCCTCTGGTACAG_002,92
TATTCGACCCTCTGGTACAG_003,160
TATTCGACCCTCTGGTACAG_004,108
TATTCGACCCTCTGGTACAG_005,108
TATTCGACCCTCTGGTACAG_006,182
TATTCGACCCTCTGGTACAG_007,94
TATTCGACCCTCTGGTACAG_008,177
TATTCGACCCTCTGGTACAG_009,188
TATTCGACCCTCTGGTACAG_010,167
TATTCGACCCTCTGGTACAG_011,45
TTCTACTACAACCATCACAG_001,175
TTCTACTACAACCATCACAG_002,84
TTCTACTACAACCATCACAG_003,170
TTCTACTACAACCATCACAG_004,43
TTCTACTACAACCATCACAG_005,3
TTCTACTACAACCATCACAG_006,115
TTCTACTACAACCATCACAG_007,95
TTCTACTACAACCATCACAG_008,94
TTCTACTACAACCATCACAG_009,82
AATCCATTCAAGGACTCGAG_001,32
AATCCATTCAAGGACTCGAG_002,36
AATCCATTCAAGGACTCGAG_003,198
AATCCATTCAAGGACTCGAG_004,148
AATCCATTCAAGGACTCGAG_005,115
AATCCATTCAAGGACTCGAG_006,103
AATCCATTCAAGGACTCGAG_007,56
GCAGATGCCCTTAATCCCTG_001,48
GCAGATGCCCTTAATCCCTG_002,113
GCAGATGCCCTTAATCCCTG_003,72
GCAGATGCCCTTAATCCCTG_004,49
GCAGATGCCCTTAATCCCTG_005,54
GCAGATGCCCTTAATCCCTG_006,144
GCAGATGCCCTTAATCCCTG_007,50
GCAGATGCCCTTAATCCCTG_008,137
GCAGATGCCCTTAATCCCTG_009,128
GCAGATGCCCTTAATCCCTG_010,5
GCAGATGCCCTTAATCCCTG_011,6
GCAGATGCCCTTAATCCCTG_012,166
GTCTGTGATCATCCCACACG_001,19
ATGGCAAATTTCTTGATACG_001,105
ATGGCAAATTTCTTGATACG_002,48
ATGGCAAATTTCTTGATACG_003,32
ATGGCAAATTTCTTGATACG_004,108
ACTTCTGTCCATTCCAAGTG_001,198
ACTTCTGTCCATTCCAAGTG_002,147
ACTTCTGTCCATTCCAAGTG_003,6
ACTTCTGTCCATTCCAAGTG_004,137
ACTTCTGTCCATTCCAAGTG_005,138
ACTTCTGTCCATTCCAAGTG_006,89
GGTCCTCATTGGAAGAATCG_001,69
GGTCCTCATTGGAAGAATCG_002,134
GGTCCTCATTGGAAGAATCG_003,100
GGTCCTCATTGGAAGAATCG_004,107
GGTCCTCATTGGAAGAATCG_005,61
GGTCCTCATTGGAAGAATCG_006,185
GGTCCTCATTGGAAGAATCG_007,112
GGTCCTCATTGGAAGAATCG_008,193
GGTCCTCATTGGAAGAATCG_009,146
GGTCCTCATTGGAAGAATCG_010,30
GGTCCTCATTGGAAGAATCG_011,144
GGTCCTCATTGGAAGAATCG_012,97
GGTCCTCATTGGAAGAATCG_013,94
GGTCCTCATTGGAAGAATCG_014,182
GGTCCTCATTGGAAGAATCG_015,0
GGTCCTCATTGGAAGAATCG_016,75
GGTCCTCATTGGAAGAATCG_017,186
CAGTGGACTTCTGATAACGG_001,6
GGGGCCAAACAAAACACCCG_001,162
GGGGCCAAACAAAACACCCG_002,50
GGGGCCAAACAAAACACCCG_003,83
GGGGCCAAACAAAACACCCG_004,69
GGGGCCAAACAAAACACCCG_005,177
GGGGCCAAACAAAACACCCG_006,109
GGGGCCAAACAAAACACCCG_007,42
GGGGCCAAACAAAACACCCG_008,146
GGGGCCAAACAAAACACCCG_009,69
GGGGCCAAACAAAACACCCG_010,98
GGGGCCAAACAAAACACCCG_011,34
GGGGCCAAACAAAACACCCG_012,61
GGGGCCAAACAAAACACCCG_013,71
GGGGCCAAACAAAACACCCG_014,30
GGGGCCAAACAAAACACCCG_015,29
GGGGCCAAACAAAACACCCG_016,42
GGGGCCAAACAAAACACCCG_017,12
GGGGCCAAACAAAACACCCG_018,149
GGGGCCAAACAAAACACCCG_019,128
GGCAGAAGCTGGCACCAGTG_001,198
GGCAGAAGCTGGCACCAGTG_002,172
GGCAGAAGCTGGCACCAGTG_003,181
GGCAGAAGCTGGCACCAGTG_004,169
GGCAGAAGCTGGCACCAGTG_005,20
GGCAGAAGCTGGCACCAGTG_006,171
GGCAGAAGCTGGCACCAGTG_007,74
GGCAGAAGCTGGCACCAGTG_008,8
GGCAGAAGCTGGCACCAGTG_009,2
GGCAGAAGCTGGCACCAGTG_010,161
GGCAGAAGCTGGCACCAGTG_011,97
GGCAGAAGCTGGCACCAGTG_012,0
GTGGGTAGTGAATACTCCTG_001,113
TTACCTTAACGAAATTGTCA_001,119
TTACCTTAACGAAATTGTCA_002,98
TTACCTTAACGAAATTGTCA_003,190
TTACCTTAACGAAATTGTCA_004,160
TCTGTATAAATGGCTCATCG_001,105
TCTGTATAAATGGCTCATCG_002,19
TCTGTATAAATGGCTCATCG_003,16
TCTGTATAAATGGCTCATCG_004,32
TCTGTATAAATGGCTCATCG_005,15
AGATGCCCGAGAGTTAATCA_001,17
AGATGCCCGAGAGTTAATCA_002,168
AGATGCCCGAGAGTTAATCA_003,114
AGATGCCCGAGAGTTAATCA_004,114
AGATGCCCGAGAGTTAATCA_005,176
AGATGCCCGAGAGTTAATCA_006,199
AGATGCCCGAGAGTTAATCA_007,23
AGATGCCCGAGAGTTAATCA_008,178
AGATGCCCGAGAGTTAATCA_009,60
AGATGCCCGAGAGTTAATCA_010,148
AGATGCCCGAGAGTTAATCA_011,16
AGATGCCCGAGAGTTAATCA_012,163
AGATGCCCGAGAGTTAATCA_013,76
AGATGCCCGAGAGTTAATCA_014,19
AGATGCCCGAGAGTTAATCA_015,199
AGATGCCCGAGAGTTAATCA_016,38
AGATGCCCGAGAGTTAATCA_017,61
AGATGCCCGAGAGTTAATCA_018,81
AGATGCCCGAGAGTTAATCA_019,103
ATCCTCGCAGGGACTACAGG_001,84
ATCCTCGCAGGGACTACAGG_002,173
ATCCTCGCAGGGACTACAGG_003,172
ATCCTCGCAGGGACTACAGG_004,113
ATCCTCGCAGGGACTACAGG_005,76
ATCCTCGCAGGGACTACAGG_006,88
ATCCTCGCAGGGACTACAGG_007,182
ATCCTCGCAGGGACTACAGG_008,58
ATCCTCGCAGGGACTACAGG_009,62
ATCCTCGCAGGGACTACAGG_010,72
ATCCTCGCAGGGACTACAGG_011,27
ATCCTCGCAGGGACTACAGG_012,153
ATCCTCGCAGGGACTACAGG_013,11
ATCCTCGCAGGGACTACAGG_014,145
ATCCTCGCAGGGACTACAGG_015,148
ATCCTCGCAGGGACTACAGG_016,43
ATCCTCGCAGGGACTACAGG_017,106
ATCCTCGCAGGGACTACAGG_018,127
ATCCTCGCAGGGACTACAGG_019,126
ATCCTCGCAGGGACTACAGG_020,147
ATCCTCGCAGGGACTACAGG_021,130
ATCCTCGCAGGGACTACAGG_022,156
ATCCTCGCAGGGACTACAGG_023,1
ATCCTCGCAGGGACTACAGG_024,145
ATCCTCGCAGGGACTACAGG_025,122
ATCCTCGCAGGGACTACAGG_026,79
ATCCTCGCAGGGACTACAGG_027,126
ATCCTCGCAGGGACTACAGG_028,133
CCTTTCCGGTATCCGTACGG_001,79
CCTTTCCGGTATCCGTACGG_002,146
CCTTTCCGGTATCCGTACGG_003,134
CCTTTCCGGTATCCGTACGG_004,84
CCTTTCCGGTATCCGTACGG_005,0
CCTTTCCGGTATCCGTACGG_006,144
CTTCGGTCATTTGAACACTT_001,107
CTTCGGTCATTTGAACACTT_002,106
CTTCGGTCATTTGAACACTT_003,141
CTTCGGTCATTTGAACACTT_004,134
CTTCGGTCATTTGAACACTT_005,134
CTTCGGTCATTTGAACACTT_006,9
CTTCGGTCATTTGAACACTT_007,20
CTTCGGTCATTTGAACACTT_008,114
CTTCGGTCATTTGAACACTT_009,114
CTTCGGTCATTTGAACACTT_010,14
CTTCGGTCATTTGAACACTT_011,69
CTTCGGTCATTTGAACACTT_012,117
CTTCGGTCATTTGAACACTT_013,16
CTTCGGTCATTTGAACACTT_014,28
CTTCGGTCATTTGAACACTT_015,163
CTTCGGTCATTTGAACACTT_016,169
CTTCGGTCATTTGAACACTT_017,48
CTTCGGTCATTTGAACACTT_018,120
CTTCGGTCATTTGAACACTT_019,88
CTTCGGTCATTTGAACACTT_020,116
CTTCGGTCATTTGAACACTT_021,23
GGCTGCATGTCACGGCACTT_001,105
GGCTGCATGTCACGGCACTT_002,49
TCCCAGAAAAAACTGTAACC_001,169
TCCCAGAAAAAACTGTAACC_002,97
TCCCAGAAAAAACTGTAACC_003,102
TCCCAGAAAAAACTGTAACC_004,72
TTACATAAGTCCATATGTGA_001,92
TTACATAAGTCCATATGTGA_002,121
TTACATAAGTCCATATGTGA_003,182
TTACATAAGTCCATATGTGA_004,135
TTACATAAGTCCATATGTGA_005,82
TTACATAAGTCCATATGTGA_006,119
TTACATAAGTCCATATGTGA_007,133
CGAGTGGAGCTACTACCCGG_001,105
CGAGTGGAGCTACTACCCGG_002,198
CGAGTGGAGCTACTACCCGG_003,147
CGAGTGGAGCTACTACCCGG_004,12
CGAGTGGAGCTACTACCCGG_005,79
CGAGTGGAGCTACTACCCGG_006,93
CGAGTGGAGCTACTACCCGG_007,141
CGAGTGGAGCTACTACCCGG_008,57
CGAGTGGAGCTACTACCCGG_009,13
CGAGTGGAGCTACTACCCGG_010,94
CGAGTGGAGCTACTACCCGG_011,121
CGAGTGGAGCTACTACCCGG_012,123
CGAGTGGAGCTACTACCCGG_013,151
CGAGTGGAGCTACTACCCGG_014,62
CTTCCTCGTTCATATACATG_001,192
CTTCCTCGTTCATATACATG_002,190
CTTCCTCGTTCATATACATG_003,187
CTTCCTCGTTCATATACATG_004,192
CTTCCTCGTTCATATACATG_005,24
CTTCCTCGTTCATATACATG_006,195
TGCAGGAGAGTTGAGCCACT_001,49
TGCAGGAGAGTTGAGCCACT_002,191
TGCAGGAGAGTTGAGCCACT_003,41
TGCAGGAGAGTTGAGCCACT_004,72
TGCAGGAGAGTTGAGCCACT_005,169
TGCAGGAGAGTTGAGCCACT_006,184
TGCAGGAGAGTTGAGCCACT_007,184
TGCAGGAGAGTTGAGCCACT_008,199
GCCATGTCAGGTTGATGCGG_001,104
GCCATGTCAGGTTGATGCGG_002,91
GCCATGTCAGGTTGATGCGG_003,181
GCCATGTCAGGTTGATGCGG_004,106
GCCATGTCAGGTTGATGCGG_005,174
GCCATGTCAGGTTGATGCGG_006,142
GCCATGTCAGGTTGATGCGG_007,124
TCTGCTGCCTCCAGGTACAA_001,165
TCTGCTGCCTCCAGGTACAA_002,163
TCTGCTGCCTCCAGGTACAA_003,160
TCTGCTGCCTCCAGGTACAA_004,187
ACTGATTGGGTGCCACACAA_001,157
ACTGATTGGGTGCCACACAA_002,44
ACTGATTGGGTGCCACACAA_003,137
ACTGATTGGGTGCCACACAA_004,43
ACTGATTGGGTGCCACACAA_005,69
ACTGATTGGGTGCCACACAA_006,0
ACTGATTGGGTGCCACACAA_007,2
ACTGATTGGGTGCCACACAA_008,84
ACTGATTGGGTGCCACACAA_009,115
ACTGATTGGGTGCCACACAA_010,86
ACTGATTGGGTGCCACACAA_011,6
ACTGATTGGGTGCCACACAA_012,152
ACTGATTGGGTGCCACACAA_013,2
ACTGATTGGGTGCCACACAA_014,126
ACTGATTGGGTGCCACACAA_015,143
ACTGATTGGGTGCCACACAA_016,143
ACTGATTGGGTGCCACACAA_017,56
ACTGATTGGGTGCCACACAA_018,34
ACTGATTGGGTGCCACACAA_019,38
ACTGATTGGGTGCCACACAA_020,22
ACTGATTGGGTGCCACACAA_021,15
ACTGATTGGGTGCCACACAA_022,168
ACTGATTGGGTGCCACACAA_023,107
CGAGAGTCGGAAGAGATGCA_001,194
CGAGAGTCGGAAGAGATGCA_002,105
CGAGAGTCGGAAGAGATGCA_003,81
CGAGAGTCGGAAGAGATGCA_004,197
AATGCCCTCTACCTTCAAGA_001,3
AATGCCCTCTACCTTCAAGA_002,115
AATGCCCTCTACCTTCAAGA_003,40
AATGCCCTCTACCTTCAAGA_004,49
AATGCCCTCTACCTTCAAGA_005,4
AATGCCCTCTACCTTCAAGA_006,58
AATGCCCTCTACCTTCAAGA_007,162
AATGCCCTCTACCTTCAAGA_008,41
AATGCCCTCTACCTTCAAGA_009,114
AATGCCCTCTACCTTCAAGA_010,149
AATGCCCTCTACCTTCAAGA_011,9
AATGCCCTCTACCTTCAAGA_012,12
AATGCCCTCTACCTTCAAGA_013,138
AATGCCCTCTACCTTCAAGA_014,138
AATGCCCTCTACCTTCAAGA_015,37
AATGCCCTCTACCTTCAAGA_016,137
AATGCCCTCTACCTTCAAGA_017,132
AACTTGGTCGATGTAAGCGG_001,171
AACTTGGTCGATGTAAGCGG_002,160
AACTTGGTCGATGTAAGCGG_003,63
AACTTGGTCGATGTAAGCGG_004,139
AACTTGGTCGATGTAAGCGG_005,144
AACTTGGTCGATGTAAGCGG_006,35
AACTTGGTCGATGTAAGCGG_007,59
AACTTGGTCGATGTAAGCGG_008,85
AACTTGGTCGATGTAAGCGG_009,85
AACTTGGTCGATGTAAGCGG_010,188
AACTTGGTCGATGTAAGCGG_011,115
AACTTGGTCGATGTAAGCGG_012,156
AACTTGGTCGATGTAAGCGG_013,115
AACTTGGTCGATGTAAGCGG_014,137
AACTTGGTCGATGTAAGCGG_015,40
AACTTGGTCGATGTAAGCGG_016,69
AGATACTCACGATCTCATTG_001,4
AGATACTCACGATCTCATTG_002,32
AGATACTCACGATCTCATTG_003,25
AGATACTCACGATCTCATTG_004,188
AGATACTCACGATCTCATTG_005,74
TACCATGACATACCAGACAC_001,78
TACCATGACATACCAGACAC_002,105
TACCATGACATACCAGACAC_003,50
TACCATGACATACCAGACAC_004,69
TACCATGACATACCAGACAC_005,74
TACCATGACATACCAGACAC_006,105
TACCATGACATACCAGACAC_007,40
TACCATGACATACCAGACAC_008,37
TACCATGACATACCAGACAC_009,28
TACCATGACATACCAGACAC_010,90
TACCATGACATACCAGACAC_011,172
CAGGATCTGTGCATACGTCG_001,48
CAGGATCTGTGCATACGTCG_002,104
CAGGATCTGTGCATACGTCG_003,182
CAGGATCTGTGCATACGTCG_004,15
CAGGATCTGTGCATACGTCG_005,157
CAGGATCTGTGCATACGTCG_006,199
CAGGATCTGTGCATACGTCG_007,27
CAGGATCTGTGCATACGTCG_008,28
CAAACACTCACAGTGCAAGT_001,43
CAAACACTCACAGTGCAAGT_002,10
CAAACACTCACAGTGCAAGT_003,135
CAAACACTCACAGTGCAAGT_004,88
CTCTTTGCGAAAGAATCGCG_001,190
CTCTTTGCGAAAGAATCGCG_002,72
CTCTTTGCGAAAGAATCGCG_003,184
CTCTTTGCGAAAGAATCGCG_004,26
CTCTTTGCGAAAGAATCGCG_005,183
CTCTTTGCGAAAGAATCGCG_006,184
CTCTTTGCGAAAGAATCGCG_007,64
CTCTTTGCGAAAGAATCGCG_008,113
CTCTTTGCGAAAGAATCGCG_009,9
CTCTTTGCGAAAGAATCGCG_010,149
CTCTTTGCGAAAGAATCGCG_011,88
CTCTTTGCGAAAGAATCGCG_012,178
CTCTTTGCGAAAGAATCGCG_013,28
CCTAGGGCTTTAAAATCTAG_001,88
CCTAGGGCTTTAAAATCTAG_002,102
CCTAGGGCTTTAAAATCTAG_003,24
AAGAGACACCACTTAAGCTG_001,154
AAGAGACACCACTTAAGCTG_002,63
AAGAGACACCACTTAAGCTG_003,159
AAGAGACACCACTTAAGCTG_004,119
AAGAGACACCACTTAAGCTG_005,7
AGGTATTTCCAGAGCCCCGG_001,15
AGGTATTTCCAGAGCCCCGG_002,57
AGGTATTTCCAGAGCCCCGG_003,57
AGGTATTTCCAGAGCCCCGG_004,6
AGGTATTTCCAGAGCCCCGG_005,49
GCAAAGCCCACCTGGTTACG_001,153
GCAAAGCCCACCTGGTTACG_002,168
GCAAAGCCCACCTGGTTACG_003,144
GCAAAGCCCACCTGGTTACG_004,118
GCAAAGCCCACCTGGTTACG_005,15
GCAAAGCCCACCTGGTTACG_006,172
GCAAAGCCCACCTGGTTACG_007,170
GCAAAGCCCACCTGGTTACG_008,88
GCAAAGCCCACCTGGTTACG_009,103
GCAAAGCCCACCTGGTTACG_010,28
GCAAAGCCCACCTGGTTACG_011,15
GCAAAGCCCACCTGGTTACG_012,140
GCAAAGCCCACCTGGTTACG_013,32
GCAAAGCCCACCTGGTTACG_014,130
GCAAAGCCCACCTGGTTACG_015,81
GCAAAGCCCACCTGGTTACG_016,55
GCAAAGCCCACCTGGTTACG_017,153
GCAAAGCCCACCTGGTTACG_018,7
GCAAAGCCCACCTGGTTACG_019,15
GCAAAGCCCACCTGGTTACG_020,34
GCAAAGCCCACCTGGTTACG_021,152
GCAAAGCCCACCTGGTTACG_022,166
GCAAAGCCCACCTGGTTACG_023,10
AGGAGGTGATTATCCACTTG_001,137
GTGGTCACCCGCGCAAACGT_001,127
GTGGTCACCCGCGCAAACGT_002,68
GTGGTCACCCGCGCAAACGT_003,34
GTGGTCACCCGCGCAAACGT_004,62
GAGAATCAAAATCAAGCACA_001,60
GAGAATCAAAATCAAGCACA_002,132
GAGAATCAAAATCAAGCACA_003,21
GAGAATCAAAATCAAGCACA_004,179
GAGAATCAAAATCAAGCACA_005,8
GAGAATCAAAATCAAGCACA_006,131
GAGAATCAAAATCAAGCACA_007,113
TGGCAACATGAACGAACCTG_001,121
TGGCAACATGAACGAACCTG_002,184
TGGCAACATGAACGAACCTG_003,186
TGGCAACATGAACGAACCTG_004,54
TTCCTTTCATTAGACAACAG_001,101
ACATTTGCGAACTGGCCGCG_001,33
ACATTTGCGAACTGGCCGCG_002,82
ACATTTGCGAACTGGCCGCG_003,45
ACATTTGCGAACTGGCCGCG_004,63
ACATTTGCGAACTGGCCGCG_005,170
ACATTTGCGAACTGGCCGCG_006,82
ACATTTGCGAACTGGCCGCG_007,60
ACATTTGCGAACTGGCCGCG_008,113
ACATTTGCGAACTGGCCGCG_009,130
ACATTTGCGAACTGGCCGCG_010,5
ACATTTGCGAACTGGCCGCG_011,165
ACATTTGCGAACTGGCCGCG_012,62
ACATTTGCGAACTGGCCGCG_013,170
ACATTTGCGAACTGGCCGCG_014,114
ACATTTGCGAACTGGCCGCG_015,152
TGTACATGGGCATGAGCTGG_001,101
TGTACATGGGCATGAGCTGG_002,160
TGTACATGGGCATGAGCTGG_003,193
TGTACATGGGCATGAGCTGG_004,101
TGTACATGGGCATGAGCTGG_005,111
TGTACATGGGCATGAGCTGG_006,167
TGTACATGGGCATGAGCTGG_007,147
TGTACATGGGCATGAGCTGG_008,146
TGTACATGGGCATGAGCTGG_009,141
GGAGTAACCCCAAATATATG_001,72
GGAGTAACCCCAAATATATG_002,2
GGAGTAACCCCAAATATATG_003,170
GGAGTAACCCCAAATATATG_004,178
GGAGTAACCCCAAATATATG_005,76
TGTTCACAGAAGACTTATAG_001,181
TGTTCACAGAAGACTTATAG_002,140
TGTTCACAGAAGACTTATAG_003,172
TGTTCACAGAAGACTTATAG_004,76
TGTTCACAGAAGACTTATAG_005,103
TGTTCACAGAAGACTTATAG_006,192
TGTTCACAGAAGACTTATAG_007,108
ACTTACCTTAAGCCATAGCA_001,88
ACTTACCTTAAGCCATAGCA_002,149
ACTTACCTTAAGCCATAGCA_003,189
ACTTACCTTAAGCCATAGCA_004,24
ACTTACCTTAAGCCATAGCA_005,44
ACTTACCTTAAGCCATAGCA_006,175
ACTTACCTTAAGCCATAGCA_007,48
ACTTACCTTAAGCCATAGCA_008,76
ACTTACCTTAAGCCATAGCA_009,44
ACTTACCTTAAGCCATAGCA_010,8
ACTTACCTTAAGCCATAGCA_011,84
ACTTACCTTAAGCCATAGCA_012,61
ACTTACCTTAAGCCATAGCA_013,9
ACTTACCTTAAGCCATAGCA_014,62
ACTTACCTTAAGCCATAGCA_015,15
ACTTACCTTAAGCCATAGCA_016,58
ACTTACCTTAAGCCATAGCA_017,190
GCCGTACAGAAAGTACTGGC_001,105
GCCGTACAGAAAGTACTGGC_002,145
GCCGTACAGAAAGTACTGGC_003,198
GCCGTACAGAAAGTACTGGC_004,173
GCCGTACAGAAAGTACTGGC_005,37
GCCGTACAGAAAGTACTGGC_006,148
GCCGTACAGAAAGTACTGGC_007,151
GCCGTACAGAAAGTACTGGC_008,23
GCCGTACAGAAAGTACTGGC_009,52
GCCGTACAGAAAGTACTGGC_010,182
GCCGTACAGAAAGTACTGGC_011,11
GCCGTACAGAAAGTACTGGC_012,175
GCCGTACAGAAAGTACTGGC_013,34
GCCGTACAGAAAGTACTGGC_014,168
GCCGTACAGAAAGTACTGGC_015,180
GCCGTACAGAAAGTACTGGC_016,10
GCCGTACAGAAAGTACTGGC_017,66
GCCGTACAGAAAGTACTGGC_018,188
AAATACCAAGGAGTACAGAG_001,70
AAATACCAAGGAGTACAGAG_002,196
AAATACCAAGGAGTACAGAG_003,61
AAATACCAAGGAGTACAGAG_004,31
AAATACCAAGGAGTACAGAG_005,39
AAATACCAAGGAGTACAGAG_006,3
TGGGGAGGACCAGAATGACT_001,161
TGGGGAGGACCAGAATGACT_002,107
TGGGGAGGACCAGAATGACT_003,41
TGGGGAGGACCAGAATGACT_004,105
TGGGGAGGACCAGAATGACT_005,170
TGGGGAGGACCAGAATGACT_006,17
TGGGGAGGACCAGAATGACT_007,11
TGGGGAGGACCAGAATGACT_008,112
TGGGGAGGACCAGAATGACT_009,78
TGGGGAGGACCAGAATGACT_010,30
TGGGGAGGACCAGAATGACT_011,185
TGGGGAGGACCAGAATGACT_012,58
TGGGGAGGACCAGAATGACT_013,177
TGGGGAGGACCAGAATGACT_014,106
TGGGGAGGACCAGAATGACT_015,94
TGGGGAGGACCAGAATGACT_016,71
TGGGGAGGACCAGAATGACT_017,92
TGGGGAGGACCAGAATGACT_018,49
TGGGGAGGACCAGAATGACT_019,2
TGGGGAGGACCAGAATGACT_020,63
GGGTACGGCGTCGCGCAATG_001,49
GGGTACGGCGTCGCGCAATG_002,27
GGGTACGGCGTCGCGCAATG_003,50
GGGTACGGCGTCGCGCAATG_004,185
GGGTACGGCGTCGCGCAATG_005,60
GGGTACGGCGTCGCGCAATG_006,105
GGGTACGGCGTCGCGCAATG_007,150
GGGTACGGCGTCGCGCAATG_008,174
TGTACACCATGCAACGACAG_001,76
TGTACACCATGCAACGACAG_002,48
TGTACACCATGCAACGACAG_003,55
TGTACACCATGCAACGACAG_004,107
TGTACACCATGCAACGACAG_005,190
TGTACACCATGCAACGACAG_006,96
TGTACACCATGCAACGACAG_007,28
TGTACACCATGCAACGACAG_008,82
AGGCCGACTGATTCTCTGTG_001,98
AGGCCGACTGATTCTCTGTG_002,191
AGGCCGACTGATTCTCTGTG_003,179
AGGCCGACTGATTCTCTGTG_004,156
AGGCCGACTGATTCTCTGTG_005,137
AGGCCGACTGATTCTCTGTG_006,30
AGGCCGACTGATTCTCTGTG_007,22
AGGCCGACTGATTCTCTGTG_008,0
AGGCCGACTGATTCTCTGTG_009,179
AGGCCGACTGATTCTCTGTG_010,190
AGGCCGACTGATTCTCTGTG_011,82
AGGCCGACTGATTCTCTGTG_012,43
AGGCCGACTGATTCTCTGTG_013,197
AGGCCGACTGATTCTCTGTG_014,93
AGGCCGACTGATTCTCTGTG_015,12
AGGCCGACTGATTCTCTGTG_016,173
AAGATGTAGACTATTTCCCA_001,97
AAGATGTAGACTATTTCCCA_002,165
AAGATGTAGACTATTTCCCA_003,32
AAGATGTAGACTATTTCCCA_004,16
GGATTGCGGATCGGTGTCCG_001,64
GGATTGCGGATCGGTGTCCG_002,175
GGATTGCGGATCGGTGTCCG_003,84
GGATTGCGGATCGGTGTCCG_004,154
GGATTGCGGATCGGTGTCCG_005,2
GGATTGCGGATCGGTGTCCG_006,194
GGATTGCGGATCGGTGTCCG_007,154
GGATTGCGGATCGGTGTCCG_008,150
GGATTGCGGATCGGTGTCCG_009,46
GGATTGCGGATCGGTGTCCG_010,158
GGATTGCGGATCGGTGTCCG_011,41
GGATTGCGGATCGGTGTCCG_012,84
GGATTGCGGATCGGTGTCCG_013,68
GGATTGCGGATCGGTGTCCG_014,34
GGATTGCGGATCGGTGTCCG_015,106
GGATTGCGGATCGGTGTCCG_016,68
GGATTGCGGATCGGTGTCCG_017,19
TTGTGCTCAATGTCTCCTTG_001,106
TTGTGCTCAATGTCTCCTTG_002,19
TTGTGCTCAATGTCTCCTTG_003,71
GCAGCATGCACACACAACTC_001,132
GCAGCATGCACACACAACTC_002,1
GCAGCATGCACACACAACTC_003,149
GGATTTAGCTATTCCCACGC_001,194
TGATCTTTATCCAAATCCAA_001,13
TGATCTTTATCCAAATCCAA_002,192
TGATCTTTATCCAAATCCAA_003,132
AGTTGTCCAGAGCGTCGTTG_001,34
AGTTGTCCAGAGCGTCGTTG_002,48
AGTTGTCCAGAGCGTCGTTG_003,198
AGTTGTCCAGAGCGTCGTTG_004,94
AGTTGTCCAGAGCGTCGTTG_005,68
AGTTGTCCAGAGCGTCGTTG_006,183
AGTTGTCCAGAGCGTCGTTG_007,77
AGTTGTCCAGAGCGTCGTTG_008,53
AGTTGTCCAGAGCGTCGTTG_009,180
AGTTGTCCAGAGCGTCGTTG_010,110
AGTTGTCCAGAGCGTCGTTG_011,182
AGTTGTCCAGAGCGTCGTTG_012,166
AGTTGTCCAGAGCGTCGTTG_013,183
AGTTGTCCAGAGCGTCGTTG_014,199
AGTTGTCCAGAGCGTCGTTG_015,85
AGTTGTCCAGAGCGTCGTTG_016,67
AGTTGTCCAGAGCGTCGTTG_017,1
AGTTGTCCAGAGCGTCGTTG_018,50
AGTTGTCCAGAGCGTCGTTG_019,137
AGTTGTCCAGAGCGTCGTTG_020,177
AGTTGTCCAGAGCGTCGTTG_021,130
AGTTGTCCAGAGCGTCGTTG_022,36
AGTTGTCCAGAGCGTCGTTG_023,11
AGTTGTCCAGAGCGTCGTTG_024,15
AGTTGTCCAGAGCGTCGTTG_025,30
AGTTGTCCAGAGCGTCGTTG_026,184
AGTTGTCCAGAGCGTCGTTG_027,165
AGTTGTCCAGAGCGTCGTTG_028,89
AGTTGTCCAGAGCGTCGTTG_029,38
AGTTGTCCAGAGCGTCGTTG_030,188
AGTTGTCCAGAGCGTCGTTG_031,81
AGTTGTCCAGAGCGTCGTTG_032,191
AGTTGTCCAGAGCGTCGTTG_033,56
AGTTGTCCAGAGCGTCGTTG_034,147
AGTTGTCCAGAGCGTCGTTG_035,96
CGTTCCCGCTTAGTCCTCCG_001,45
CGTTCCCGCTTAGTCCTCCG_002,162
CGTTCCCGCTTAGTCCTCCG_003,118
CGAAAATCTCACGTGCTTCG_001,194
GAGGTGCTCTCAACAGAACC_001,55
GAGGTGCTCTCAACAGAACC_002,116
GAGGTGCTCTCAACAGAACC_003,29
GAGGTGCTCTCAACAGAACC_004,175
GAACTTGGTAGCATAGACCA_001,144
GAACTTGGTAGCATAGACCA_002,147
GAACTTGGTAGCATAGACCA_003,10
CATCTGTAGGGTTGCAAGCC_001,130
CATCTGTAGGGTTGCAAGCC_002,96
CATCTGTAGGGTTGCAAGCC_003,58
CATCTGTAGGGTTGCAAGCC_004,154
CATCTGTAGGGTTGCAAGCC_005,194
CATCTGTAGGGTTGCAAGCC_006,12
CATCTGTAGGGTTGCAAGCC_007,11
CATCTGTAGGGTTGCAAGCC_008,105
CATCTGTAGGGTTGCAAGCC_009,168
CATCTGTAGGGTTGCAAGCC_010,89
CATCTGTAGGGTTGCAAGCC_011,193
CATCTGTAGGGTTGCAAGCC_012,27
CATCTGTAGGGTTGCAAGCC_013,191
CATCTGTAGGGTTGCAAGCC_014,94
CATCTGTAGGGTTGCAAGCC_015,145
CATCTGTAGGGTTGCAAGCC_016,86
CATCTGTAGGGTTGCAAGCC_017,36
CATCTGTAGGGTTGCAAGCC_018,105
CATCTGTAGGGTTGCAAGCC_019,79
CATCTGTAGGGTTGCAAGCC_020,18
CATCTGTAGGGTTGCAAGCC_021,134
CATCTGTAGGGTTGCAAGCC_022,112
CATCTGTAGGGTTGCAAGCC_023,187
CATCTGTAGGGTTGCAAGCC_024,199
CATCTGTAGGGTTGCAAGCC_025,32
GAGCACTTTACAGATATCAT_001,24
GAGCACTTTACAGATATCAT_002,168
GAGCACTTTACAGATATCAT_003,169
GAGCACTTTACAGATATCAT_004,128
GAGCACTTTACAGATATCAT_005,50
GAGCACTTTACAGATATCAT_006,197
GAGCACTTTACAGATATCAT_007,20
GAGCACTTTACAGATATCAT_008,21
GAGCACTTTACAGATATCAT_009,165
GAGCACTTTACAGATATCAT_010,124
ATGGGGTCGATGATCCACGT_001,175
ATGGGGTCGATGATCCACGT_002,80
ATGGGGTCGATGATCCACGT_003,161
ATGGGGTCGATGATCCACGT_004,15
ATGGGGTCGATGATCCACGT_005,77
ATGGGGTCGATGATCCACGT_006,50
ATGGGGTCGATGATCCACGT_007,94
ATGGGGTCGATGATCCACGT_008,56
ATGGGGTCGATGATCCACGT_009,15
ATGGGGTCGATGATCCACGT_010,115
ATGGGGTCGATGATCCACGT_011,103
ATGGGGTCGATGATCCACGT_012,19
ATGGGGTCGATGATCCACGT_013,1
ATGGGGTCGATGATCCACGT_014,12
ATGGGGTCGATGATCCACGT_015,142
ATGGGGTCGATGATCCACGT_016,45
ATGGGGTCGATGATCCACGT_017,98
GTTTGACATTACCTGGCTGA_001,187
GTTTGACATTACCTGGCTGA_002,61
GTTTGACATTACCTGGCTGA_003,82
GTTTGACATTACCTGGCTGA_004,1
GTTTGACATTACCTGGCTGA_005,13
TCTGCAGGAAACCGTAGTGA_001,48
TCTGCAGGAAACCGTAGTGA_002,147
TCTGCAGGAAACCGTAGTGA_003,102
TCTGCAGGAAACCGTAGTGA_004,60
ACGGTGCTGGAAGGGTCAAG_001,160
ACGGTGCTGGAAGGGTCAAG_002,130
ACGGTGCTGGAAGGGTCAAG_003,62
ACGGTGCTGGAAGGGTCAAG_004,106
ACGGTGCTGGAAGGGTCAAG_005,77
ACGGTGCTGGAAGGGTCAAG_006,172
ACGGTGCTGGAAGGGTCAAG_007,149
ACGGTGCTGGAAGGGTCAAG_008,165
ACGGTGCTGGAAGGGTCAAG_009,140
ACGGTGCTGGAAGGGTCAAG_010,29
ACGGTGCTGGAAGGGTCAAG_011,23
ACGGTGCTGGAAGGGTCAAG_012,107
ACGGTGCTGGAAGGGTCAAG_013,101
ACGGTGCTGGAAGGGTCAAG_014,96
ACGGTGCTGGAAGGGTCAAG_015,107
ACGGTGCTGGAAGGGTCAAG_016,197
ACGGTGCTGGAAGGGTCAAG_017,147
ACGGTGCTGGAAGGGTCAAG_018,135
ACGGTGCTGGAAGGGTCAAG_019,141
ACGGTGCTGGAAGGGTCAAG_020,129
ACGGTGCTGGAAGGGTCAAG_021,44
ACGGTGCTGGAAGGGTCAAG_022,181
ACGGTGCTGGAAGGGTCAAG_023,197
ACGGTGCTGGAAGGGTCAAG_024,96
ACGGTGCTGGAAGGGTCAAG_025,117
ACGGTGCTGGAAGGGTCAAG_026,114
ACGGTGCTGGAAGGGTCAAG_027,159
ACGGTGCTGGAAGGGTCAAG_028,195
ACGGTGCTGGAAGGGTCAAG_029,64
ACGGTGCTGGAAGGGTCAAG_030,161
ACGGTGCTGGAAGGGTCAAG_031,65
ACGGTGCTGGAAGGGTCAAG_032,1
ACGGTGCTGGAAGGGTCAAG_033,146
ACGGTGCTGGAAGGGTCAAG_034,175
ACGGTGCTGGAAGGGTCAAG_035,34
ACGGTGCTGGAAGGGTCAAG_036,57
ACGGTGCTGGAAGGGTCAAG_037,17
ACGGTGCTGGAAGGGTCAAG_038,62
ACGGTGCTGGAAGGGTCAAG_039,22
ACGGTGCTGGAAGGGTCAAG_040,55
ACGGTGCTGGAAGGGTCAAG_041,19
ACGGTGCTGGAAGGGTCAAG_042,172
ACGGTGCTGGAAGGGTCAAG_043,123
ACGGTGCTGGAAGGGTCAAG_044,131
ACGGTGCTGGAAGGGTCAAG_045,116
ACGGTGCTGGAAGGGTCAAG_046,84
ACGGTGCTGGAAGGGTCAAG_047,71
ACGGTGCTGGAAGGGTCAAG_048,17
ACGGTGCTGGAAGGGTCAAG_049,78
ACGGTGCTGGAAGGGTCAAG_050,187
ACGGTGCTGGAAGGGTCAAG_051,57
ATTGCTCCGAGCACTGAAGG_001,21
ATTGCTCCGAGCACTGAAGG_002,163
ATTGCTCCGAGCACTGAAGG_003,158
ATTGCTCCGAGCACTGAAGG_004,116
ATTGCTCCGAGCACTGAAGG_005,81
ATTGCTCCGAGCACTGAAGG_006,32
ATTGCTCCGAGCACTGAAGG_007,115
ATTGCTCCGAGCACTGAAGG_008,157
ATTGCTCCGAGCACTGAAGG_009,50
ATTGCTCCGAGCACTGAAGG_010,78
ATTGCTCCGAGCACTGAAGG_011,29
ATTGCTCCGAGCACTGAAGG_012,33
ATTGCTCCGAGCACTGAAGG_013,70
ATTGCTCCGAGCACTGAAGG_014,120
ATTGCTCCGAGCACTGAAGG_015,48
ATTGCTCCGAGCACTGAAGG_016,140
ATTGCTCCGAGCACTGAAGG_017,140
ATTGCTCCGAGCACTGAAGG_018,28
ATTGCTCCGAGCACTGAAGG_019,1
ATTGCTCCGAGCACTGAAGG_020,4
ATTGCTCCGAGCACTGAAGG_021,66
ATTGCTCCGAGCACTGAAGG_022,116
ATTGCTCCGAGCACTGAAGG_023,148
ATTGCTCCGAGCACTGAAGG_024,82
ATTGCTCCGAGCACTGAAGG_025,98
TAAGACCAAGAAGCAAACCG_001,157
TAGCAGCCGTACAAGCACTA_001,48
TAGCAGCCGTACAAGCACTA_002,4
TAGCAGCCGTACAAGCACTA_003,24
TAGCAGCCGTACAAGCACTA_004,179
TAGCAGCCGTACAAGCACTA_005,154
TAGCAGCCGTACAAGCACTA_006,188
TAGCAGCCGTACAAGCACTA_007,188
TAGCAGCCGTACAAGCACTA_008,102
TAGCAGCCGTACAAGCACTA_009,29
TAGCAGCCGTACAAGCACTA_010,130
AGGCAAATCTGACATAGACC_001,13
CAGCCCACGATGTTCCCCCG_001,41
CAGCCCACGATGTTCCCCCG_002,165
CAGCCCACGATGTTCCCCCG_003,121
CAGCCCACGATGTTCCCCCG_004,116
CAGCCCACGATGTTCCCCCG_005,86
CAGCCCACGATGTTCCCCCG_006,121
CAGCCCACGATGTTCCCCCG_007,81
GCTGAGGAGCCATCACATCG_001,172
GCTGAGGAGCCATCACATCG_002,23
GCTGAGGAGCCATCACATCG_003,91
GCTGAGGAGCCATCACATCG_004,19
GCTGAGGAGCCATCACATCG_005,10
GCTGAGGAGCCATCACATCG_006,48
GCTGAGGAGCCATCACATCG_007,127
GCTGAGGAGCCATCACATCG_008,127
GCTGAGGAGCCATCACATCG_009,76
GCTGAGGAGCCATCACATCG_010,48
GCTGAGGAGCCATCACATCG_011,171
GCTGAGGAGCCATCACATCG_012,44
GGACATGATGGATGGACGCG_001,89
GGACATGATGGATGGACGCG_002,67
GGACATGATGGATGGACGCG_003,36
GGACATGATGGATGGACGCG_004,60
GGACATGATGGATGGACGCG_005,188
GGACATGATGGATGGACGCG_006,38
GGACATGATGGATGGACGCG_007,88
GGACATGATGGATGGACGCG_008,83
GGACATGATGGATGGACGCG_009,122
GGACATGATGGATGGACGCG_010,160
GGACATGATGGATGGACGCG_011,81
GGACATGATGGATGGACGCG_012,43
GGACATGATGGATGGACGCG_013,81
GGACATGATGGATGGACGCG_014,113
GGACATGATGGATGGACGCG_015,48
GGACATGATGGATGGACGCG_016,57
GGACATGATGGATGGACGCG_017,102
GATCATAATCGCTTCAAGCA_001,96
GATCATAATCGCTTCAAGCA_002,174
GATCATAATCGCTTCAAGCA_003,174
GATCATAATCGCTTCAAGCA_004,150
CCTGCGCTCCAATGACTCTG_001,137
CCTGCGCTCCAATGACTCTG_002,95
GGCTCCCACTGTATAAACGA_001,146
GGCTCCCACTGTATAAACGA_002,172
GGCTCCCACTGTATAAACGA_003,19
GGCTCCCACTGTATAAACGA_004,184
GGCTCCCACTGTATAAACGA_005,93
GGCTCCCACTGTATAAACGA_006,193
GGCTCCCACTGTATAAACGA_007,60
GGCTCCCACTGTATAAACGA_008,1
GGCTCCCACTGTATAAACGA_009,127
GGCTCCCACTGTATAAACGA_010,130
GGCTCCCACTGTATAAACGA_011,142
GGCTCCCACTGTATAAACGA_012,57
GGCTCCCACTGTATAAACGA_013,62
GGCTCCCACTGTATAAACGA_014,4
CAGGATGTACCAGTAGTCGC_001,49
CAGGATGTACCAGTAGTCGC_002,70
CAGGATGTACCAGTAGTCGC_003,68
CAGGATGTACCAGTAGTCGC_004,95
CAGGATGTACCAGTAGTCGC_005,92
CAGGATGTACCAGTAGTCGC_006,25
CAGGATGTACCAGTAGTCGC_007,127
CAGGATGTACCAGTAGTCGC_008,130
CAGGATGTACCAGTAGTCGC_009,41
CAGGATGTACCAGTAGTCGC_010,63
TATGTAACTAACCTGCTCGG_001,171
TATGTAACTAACCTGCTCGG_002,169
TATGTAACTAACCTGCTCGG_003,116
TATGTAACTAACCTGCTCGG_004,100
TATGTAACTAACCTGCTCGG_005,17
TATGTAACTAACCTGCTCGG_006,138
CGAAGCCCGGGAAAAAACAC_001,113
CGAAGCCCGGGAAAAAACAC_002,4
CGAAGCCCGGGAAAAAACAC_003,75
CGAAGCCCGGGAAAAAACAC_004,177
CGAAGCCCGGGAAAAAACAC_005,184
CGAAGCCCGGGAAAAAACAC_006,146
CGAAGCCCGGGAAAAAACAC_007,0
CGAAGCCCGGGAAAAAACAC_008,170
TGGACGCGCACAGGTCGTTG_001,11
AGAAGGGGCCATCATCGGAA_001,15
AGAAGGGGCCATCATCGGAA_002,48
AGAAGGGGCCATCATCGGAA_003,149
AGAAGGGGCCATCATCGGAA_004,35
AGAGTGTTTCTGCATATCGA_001,144
AGAGTGTTTCTGCATATCGA_002,41
AGAGTGTTTCTGCATATCGA_003,11
GGTATCCGAGACTGTGTCGA_001,34
GGTATCCGAGACTGTGTCGA_002,115
GGTATCCGAGACTGTGTCGA_003,50
GGTATCCGAGACTGTGTCGA_004,121
GGTATCCGAGACTGTGTCGA_005,185
GGTATCCGAGACTGTGTCGA_006,106
GGTATCCGAGACTGTGTCGA_007,150
GGTATCCGAGACTGTGTCGA_008,61
GGTATCCGAGACTGTGTCGA_009,15
GGTATCCGAGACTGTGTCGA_010,56
GGTATCCGAGACTGTGTCGA_011,104
GGTATCCGAGACTGTGTCGA_012,81
GGTATCCGAGACTGTGTCGA_013,154
GGTATCCGAGACTGTGTCGA_014,191
GGTATCCGAGACTGTGTCGA_015,61
TGACCTGAAATGTTCAGCCA_001,65
TGACCTGAAATGTTCAGCCA_002,72
TGACCTGAAATGTTCAGCCA_003,161
TGACCTGAAATGTTCAGCCA_004,29
GCAGGCATGTCCACACCACT_001,188
GCAGGCATGTCCACACCACT_002,19
GCAGGCATGTCCACACCACT_003,188
GCAGGCATGTCCACACCACT_004,9
GCAGGCATGTCCACACCACT_005,185
GCAGGCATGTCCACACCACT_006,163
GCAGGCATGTCCACACCACT_007,132
GCAGGCATGTCCACACCACT_008,77
GCAGGCATGTCCACACCACT_009,106
GCAGGCATGTCCACACCACT_010,137
GCAGGCATGTCCACACCACT_011,28
GCAGGCATGTCCACACCACT_012,75
GCAGGCATGTCCACACCACT_013,184
GCAGGCATGTCCACACCACT_014,0
GCAGGCATGTCCACACCACT_015,162
GCAGGCATGTCCACACCACT_016,132
GCAGGCATGTCCACACCACT_017,134
GCAGGCATGTCCACACCACT_018,60
GCAGGCATGTCCACACCACT_019,176
GCAGGCATGTCCACACCACT_020,21
GCAGGCATGTCCACACCACT_021,92
GCAGGCATGTCCACACCACT_022,14
GCAGGCATGTCCACACCACT_023,169
GCAGGCATGTCCACACCACT_024,190
GCAGGCATGTCCACACCACT_025,97
GCAGGCATGTCCACACCACT_026,168
GCAGGCATGTCCACACCACT_027,162
GCAGGCATGTCCACACCACT_028,126
GCAGGCATGTCCACACCACT_029,150
GCAGGCATGTCCACACCACT_030,106
GCAGGCATGTCCACACCACT_031,52
GCAGGCATGTCCACACCACT_032,197
CGAGCCTGGCAGATCCAAGG_001,125
CGAGCCTGGCAGATCCAAGG_002,169
CGAGCCTGGCAGATCCAAGG_003,30
CGAGCCTGGCAGATCCAAGG_004,163
CGAGCCTGGCAGATCCAAGG_005,24
CGAGCCTGGCAGATCCAAGG_006,51
CGAGCCTGGCAGATCCAAGG_007,21
CGAGCCTGGCAGATCCAAGG_008,163
CGAGCCTGGCAGATCCAAGG_009,193
CGAGCCTGGCAGATCCAAGG_010,178
GGGGCTCTACCTCCTGACGT_001,86
GGGGCTCTACCTCCTGACGT_002,69
GGGGCTCTACCTCCTGACGT_003,147
GGGGCTCTACCTCCTGACGT_004,88
GGGGCTCTACCTCCTGACGT_005,95
GGGGCTCTACCTCCTGACGT_006,178
GGGGCTCTACCTCCTGACGT_007,6
GGGGCTCTACCTCCTGACGT_008,142
AACCACTCTCGGCATCGGTG_001,2
AACCACTCTCGGCATCGGTG_002,144
AACCACTCTCGGCATCGGTG_003,29
AACCACTCTCGGCATCGGTG_004,55
AACCACTCTCGGCATCGGTG_005,173
AACCACTCTCGGCATCGGTG_006,80
AACCACTCTCGGCATCGGTG_007,149
AACCACTCTCGGCATCGGTG_008,112
AACCACTCTCGGCATCGGTG_009,9
AACCACTCTCGGCATCGGTG_010,130
AACCACTCTCGGCATCGGTG_011,44
AACCACTCTCGGCATCGGTG_012,197
AACCACTCTCGGCATCGGTG_013,12
AACCACTCTCGGCATCGGTG_014,8
AACCACTCTCGGCATCGGTG_015,197
AACCACTCTCGGCATCGGTG_016,107
AACCACTCTCGGCATCGGTG_017,44
AACCACTCTCGGCATCGGTG_018,0
AACCACTCTCGGCATCGGTG_019,137
AACCACTCTCGGCATCGGTG_020,177
AACCACTCTCGGCATCGGTG_021,172
TCTGACATTTAATTCCGTGG_001,41
TCTGACATTTAATTCCGTGG_002,40
ACCACTGACATAAGGTAAGT_001,88
TTCCTGGCCTGAATATCAGA_001,154
TTCCTGGCCTGAATATCAGA_002,56
TTCCTGGCCTGAATATCAGA_003,12
AGCTCGAACTCGTATCCTGG_001,60
AGCTCGAACTCGTATCCTGG_002,195
AGCTCGAACTCGTATCCTGG_003,186
AGCTCGAACTCGTATCCTGG_004,70
CAAGAAAATACGCTTTGTGG_001,64
CAAGAAAATACGCTTTGTGG_002,160
GAGGCCAAAGATTAACGGAA_001,116
GAGGCCAAAGATTAACGGAA_002,88
GAGGCCAAAGATTAACGGAA_003,116
GAGGCCAAAGATTAACGGAA_004,96
GAGGCCAAAGATTAACGGAA_005,50
GTGAAAAGTCCCATTCCAAG_001,2
GTGAAAAGTCCCATTCCAAG_002,19
CGGCGGTGGAGCTCCTTCGT_001,149
CGGCGGTGGAGCTCCTTCGT_002,49
CGGCGGTGGAGCTCCTTCGT_003,51
GAAGAAGTTAGTCCTCACTC_001,145
GAAGAAGTTAGTCCTCACTC_002,152
GAAGAAGTTAGTCCTCACTC_003,104
GAAGAAGTTAGTCCTCACTC_004,41
GAAGAAGTTAGTCCTCACTC_005,73
GAAGAAGTTAGTCCTCACTC_006,109
GAAGAAGTTAGTCCTCACTC_007,27
TTAGGTCCCACATTTGACCA_001,196
TTAGGTCCCACATTTGACCA_002,19
TTAGGTCCCACATTTGACCA_003,15
TTAGGTCCCACATTTGACCA_004,172
TTAGGTCCCACATTTGACCA_005,69
TTAGGTCCCACATTTGACCA_006,30
TTAGGTCCCACATTTGACCA_007,82
TTAGGTCCCACATTTGACCA_008,37
TTAGGTCCCACATTTGACCA_009,48
TTAGGTCCCACATTTGACCA_010,98
TTAGGTCCCACATTTGACCA_011,31
TTAGGTCCCACATTTGACCA_012,182
TTAGGTCCCACATTTGACCA_013,37
TTAGGTCCCACATTTGACCA_014,147
TTAGGTCCCACATTTGACCA_015,136
TTAGGTCCCACATTTGACCA_016,170
TTAGGTCCCACATTTGACCA_017,56
TTAGGTCCCACATTTGACCA_018,69
TTAGGTCCCACATTTGACCA_019,127
TTAGGTCCCACATTTGACCA_020,168
TTAGGTCCCACATTTGACCA_021,52
TTTCTGGTTGATAAGCACTG_001,29
TTTCTGGTTGATAAGCACTG_002,17
TTTCTGGTTGATAAGCACTG_003,168
TTTCTGGTTGATAAGCACTG_004,33
TTTCTGGTTGATAAGCACTG_005,105
TTTCTGGTTGATAAGCACTG_006,64
TTTCTGGTTGATAAGCACTG_007,150
TTTCTGGTTGATAAGCACTG_008,184
TTTCTGGTTGATAAGCACTG_009,137
TATCGCCGTTCACTGGCCTG_001,122
TATCGCCGTTCACTGGCCTG_002,105
TATCGCCGTTCACTGGCCTG_003,116
TATCGCCGTTCACTGGCCTG_004,25
TATCGCCGTTCACTGGCCTG_005,137
TATCGCCGTTCACTGGCCTG_006,35
TATCGCCGTTCACTGGCCTG_007,143
TATCGCCGTTCACTGGCCTG_008,143
CTGGTGAAGAGAAATTTGCC_001,134
GACATTGTATACGAGAAGGG_001,148
GACATTGTATACGAGAAGGG_002,1
GACATTGTATACGAGAAGGG_003,116
GACATTGTATACGAGAAGGG_004,28
GACATTGTATACGAGAAGGG_005,1
GACATTGTATACGAGAAGGG_006,157
GTGCAACCAGGCCAAGGCGT_001,29
GTGCAACCAGGCCAAGGCGT_002,176
GTGCAACCAGGCCAAGGCGT_003,133
GTGCAACCAGGCCAAGGCGT_004,133
GTGCAACCAGGCCAAGGCGT_005,96
GTGCAACCAGGCCAAGGCGT_006,58
GTGCAACCAGGCCAAGGCGT_007,16
GTGCAACCAGGCCAAGGCGT_008,107
GTGCAACCAGGCCAAGGCGT_009,67
GTGCAACCAGGCCAAGGCGT_010,56
GTGCAACCAGGCCAAGGCGT_011,185
GTGCAACCAGGCCAAGGCGT_012,119
GTGCAACCAGGCCAAGGCGT_013,194
GTGCAACCAGGCCAAGGCGT_014,163
GTGCAACCAGGCCAAGGCGT_015,137
GTGCAACCAGGCCAAGGCGT_016,56
GTGCAACCAGGCCAAGGCGT_017,81
GTGCAACCAGGCCAAGGCGT_018,170
GTGCAACCAGGCCAAGGCGT_019,155
GTGCAACCAGGCCAAGGCGT_020,6
GTGCAACCAGGCCAAGGCGT_021,35
GTGCAACCAGGCCAAGGCGT_022,188
GTGCAACCAGGCCAAGGCGT_023,63
GTGCAACCAGGCCAAGGCGT_024,116
GTGCAACCAGGCCAAGGCGT_025,17
GTGCAACCAGGCCAAGGCGT_026,158
GTGCAACCAGGCCAAGGCGT_027,88
GTGCAACCAGGCCAAGGCGT_028,141
GTGCAACCAGGCCAAGGCGT_029,49
GTGCAACCAGGCCAAGGCGT_030,77
GTGCAACCAGGCCAAGGCGT_031,166
GTGCAACCAGGCCAAGGCGT_032,56
CATCTATGCCACCATCAGCG_001,135
CATCTATGCCACCATCAGCG_002,112
CAGAATCGTTAGGAGAAAAC_001,25
CAGAATCGTTAGGAGAAAAC_002,105
CAGAATCGTTAGGAGAAAAC_003,140
CAGAATCGTTAGGAGAAAAC_004,133
CAGAATCGTTAGGAGAAAAC_005,134
CAGAATCGTTAGGAGAAAAC_006,152
CAGAATCGTTAGGAGAAAAC_007,152
GGTGCAGTGGTACAACACAA_001,8
GGTGCAGTGGTACAACACAA_002,47
GGTGCAGTGGTACAACACAA_003,53
GGTGCAGTGGTACAACACAA_004,171
GGTGCAGTGGTACAACACAA_005,181
GGTGCAGTGGTACAACACAA_006,83
GGTGCAGTGGTACAACACAA_007,149
GGTGCAGTGGTACAACACAA_008,147
GGTGCAGTGGTACAACACAA_009,11
GGTGCAGTGGTACAACACAA_010,174
GGTGCAGTGGTACAACACAA_011,169
GGTGCAGTGGTACAACACAA_012,63
GGTGCAGTGGTACAACACAA_013,115
GGTGCAGTGGTACAACACAA_014,98
GGTGCAGTGGTACAACACAA_015,9
GGTGCAGTGGTACAACACAA_016,169
GGTGCAGTGGTACAACACAA_017,48
GGTGCAGTGGTACAACACAA_018,18
GGTGCAGTGGTACAACACAA_019,55
GGTGCAGTGGTACAACACAA_020,175
GGTGCAGTGGTACAACACAA_021,114
CCGGCCTGATGGGAAATACG_001,125
CCGGCCTGATGGGAAATACG_002,100
CCGGCCTGATGGGAAATACG_003,76
CCGGCCTGATGGGAAATACG_004,50
CCGGCCTGATGGGAAATACG_005,20
CCGGCCTGATGGGAAATACG_006,136
CCGGCCTGATGGGAAATACG_007,113
CCGGCCTGATGGGAAATACG_008,29
CCGGCCTGATGGGAAATACG_009,145
CCGGCCTGATGGGAAATACG_010,62
CCGGCCTGATGGGAAATACG_011,184
CCGGCCTGATGGGAAATACG_012,158
CCGGCCTGATGGGAAATACG_013,17
CCGGCCTGATGGGAAATACG_014,188
AATATAGACTATATTGACCT_001,120
AATATAGACTATATTGACCT_002,186
AATATAGACTATATTGACCT_003,184
CCTCTCGGATGGGATCCATG_001,76
CCTCTCGGATGGGATCCATG_002,119
CCTCTCGGATGGGATCCATG_003,9
CCTCTCGGATGGGATCCATG_004,146
CCTCTCGGATGGGATCCATG_005,93
CCTCTCGGATGGGATCCATG_006,70
CCTCTCGGATGGGATCCATG_007,103
CCTCTCGGATGGGATCCATG_008,150
CCTCTCGGATGGGATCCATG_009,148
CCTCTCGGATGGGATCCATG_010,113
CCTCTCGGATGGGATCCATG_011,139
CCTCTCGGATGGGATCCATG_012,115
CCTCTCGGATGGGATCCATG_013,1
CCTCTCGGATGGGATCCATG_014,4
CCTCTCGGATGGGATCCATG_015,127
CCTCTCGGATGGGATCCATG_016,104
CCTCTCGGATGGGATCCATG_017,158
CTGGAGCCCACCAGGCAAGA_001,49
CTGGAGCCCACCAGGCAAGA_002,191
CTGGAGCCCACCAGGCAAGA_003,182
CTGGAGCCCACCAGGCAAGA_004,77
CTGGAGCCCACCAGGCAAGA_005,131
CTGGAGCCCACCAGGCAAGA_006,170
CTGGAGCCCACCAGGCAAGA_007,15
CTGGAGCCCACCAGGCAAGA_008,116
CTGGAGCCCACCAGGCAAGA_009,183
CTGGAGCCCACCAGGCAAGA_010,103
CTGGAGCCCACCAGGCAAGA_011,168
CTGGAGCCCACCAGGCAAGA_012,114
CTGGAGCCCACCAGGCAAGA_013,103
CTGGAGCCCACCAGGCAAGA_014,147
CTGGAGCCCACCAGGCAAGA_015,125
CTGGAGCCCACCAGGCAAGA_016,125
CTGGAGCCCACCAGGCAAGA_017,41
CTGGAGCCCACCAGGCAAGA_018,68
CTGGAGCCCACCAGGCAAGA_019,48
CTGGAGCCCACCAGGCAAGA_020,110
CTGGAGCCCACCAGGCAAGA_021,144
CTGGAGCCCACCAGGCAAGA_022,82
CTGGAGCCCACCAGGCAAGA_023,103
CTGGAGCCCACCAGGCAAGA_024,130
CTGGAGCCCACCAGGCAAGA_025,115
CTGGAGCCCACCAGGCAAGA_026,2
CTGGAGCCCACCAGGCAAGA_027,12
CTGGAGCCCACCAGGCAAGA_028,29
CTGGAGCCCACCAGGCAAGA_029,166
CTGGAGCCCACCAGGCAAGA_030,68
CTGGAGCCCACCAGGCAAGA_031,191
CTGGAGCCCACCAGGCAAGA_032,158
CTGGAGCCCACCAGGCAAGA_033,10
CTGGAGCCCACCAGGCAAGA_034,3
CTGGAGCCCACCAGGCAAGA_035,199
CTGGAGCCCACCAGGCAAGA_036,176
CTGGAGCCCACCAGGCAAGA_037,122
CTGGAGCCCACCAGGCAAGA_038,16
CTGGAGCCCACCAGGCAAGA_039,148
GGCCCAGGGACTCTTAGAGA_001,62
GGCCCAGGGACTCTTAGAGA_002,104
AGTGGATGAACAAGTACTGA_001,161
AGTGGATGAACAAGTACTGA_002,171
AGTGGATGAACAAGTACTGA_003,69
AGTGGATGAACAAGTACTGA_004,45
AGTGGATGAACAAGTACTGA_005,22
AGTGGATGAACAAGTACTGA_006,36
TTTGTGATGATTCGGCCACG_001,78
GCCTACGCCACTCACCGCAG_001,56
GCCTACGCCACTCACCGCAG_002,76
GCCTACGCCACTCACCGCAG_003,29
GCCTACGCCACTCACCGCAG_004,78
GCCTACGCCACTCACCGCAG_005,149
GCCTACGCCACTCACCGCAG_006,182
GCCTACGCCACTCACCGCAG_007,60
GCCTACGCCACTCACCGCAG_008,105
GCCTACGCCACTCACCGCAG_009,127
GCCTACGCCACTCACCGCAG_010,181
GCCTACGCCACTCACCGCAG_011,115
GCCTACGCCACTCACCGCAG_012,175
GCCTACGCCACTCACCGCAG_013,122
GCCTACGCCACTCACCGCAG_014,162
GCCTACGCCACTCACCGCAG_015,91
GCCTACGCCACTCACCGCAG_016,31
GCCTACGCCACTCACCGCAG_017,124
GCCTACGCCACTCACCGCAG_018,44
GCCTACGCCACTCACCGCAG_019,28
GCCTACGCCACTCACCGCAG_020,85
GCCTACGCCACTCACCGCAG_021,14
GCCTACGCCACTCACCGCAG_022,17
GCCTACGCCACTCACCGCAG_023,3
GCCTACGCCACTCACCGCAG_024,105
GCCTACGCCACTCACCGCAG_025,10
GCCTACGCCACTCACCGCAG_026,106
GCCTACGCCACTCACCGCAG_027,60
GCCTACGCCACTCACCGCAG_028,48
CCGGAAAGATGACCGTTGCG_001,27
CCGGAAAGATGACCGTTGCG_002,136
CCGGAAAGATGACCGTTGCG_003,19
AGTGAACAAGAAGCACGGTG_001,137
AGTGAACAAGAAGCACGGTG_002,121
AGTGAACAAGAAGCACGGTG_003,69
AGTGAACAAGAAGCACGGTG_004,188
AGTGAACAAGAAGCACGGTG_005,197
AGTGAACAAGAAGCACGGTG_006,198
ACTGCAGCAACCCCCAGAGC_001,26
ACTGCAGCAACCCCCAGAGC_002,84
ACTGCAGCAACCCCCAGAGC_003,105
ACTGCAGCAACCCCCAGAGC_004,56
ACTGCAGCAACCCCCAGAGC_005,162
ACTGCAGCAACCCCCAGAGC_006,148
ACTGCAGCAACCCCCAGAGC_007,127
ACTGCAGCAACCCCCAGAGC_008,99
ACTGCAGCAACCCCCAGAGC_009,40
GACTTATTGAAAACGAACAC_001,108
AATTGGAGGATCCAAACCAA_001,143
AATTGGAGGATCCAAACCAA_002,40
AATTGGAGGATCCAAACCAA_003,42
AATTGGAGGATCCAAACCAA_004,174
AATTGGAGGATCCAAACCAA_005,83
AATTGGAGGATCCAAACCAA_006,162
AATTGGAGGATCCAAACCAA_007,52
GTTTGACTTTGCGTACACGG_001,194
GTTTGACTTTGCGTACACGG_002,54
GTTTGACTTTGCGTACACGG_003,175
GTTTGACTTTGCGTACACGG_004,48
GTTTGACTTTGCGTACACGG_005,19
GTTTGACTTTGCGTACACGG_006,86
GTTTGACTTTGCGTACACGG_007,20
GTTTGACTTTGCGTACACGG_008,48
GTTTGACTTTGCGTACACGG_009,16
GTTTGACTTTGCGTACACGG_010,13
GTTTGACTTTGCGTACACGG_011,8
GTTTGACTTTGCGTACACGG_012,88
CTTGAAAATAGGCTCATCGA_001,12
CTTGAAAATAGGCTCATCGA_002,94
CTTGAAAATAGGCTCATCGA_003,189
CTTGAAAATAGGCTCATCGA_004,157
CTTGAAAATAGGCTCATCGA_005,17
CTTGAAAATAGGCTCATCGA_006,131
CTTGAAAATAGGCTCATCGA_007,2
CTTGAAAATAGGCTCATCGA_008,67
GAGGCGGCAATGCCGGCTTG_001,168
GAGGCGGCAATGCCGGCTTG_002,27
GAGGCGGCAATGCCGGCTTG_003,32
GAGGCGGCAATGCCGGCTTG_004,140
GAGGCGGCAATGCCGGCTTG_005,56
GAGGCGGCAATGCCGGCTTG_006,194
GAGGCGGCAATGCCGGCTTG_007,27
GAGGCGGCAATGCCGGCTTG_008,74
GAGGCGGCAATGCCGGCTTG_009,172
GAGGCGGCAATGCCGGCTTG_010,182
GAGGCGGCAATGCCGGCTTG_011,50
GAGGCGGCAATGCCGGCTTG_012,29
GAGGCGGCAATGCCGGCTTG_013,184
GGATGGACCAGAATACGAGG_001,115
GGATGGACCAGAATACGAGG_002,100
CCACGGTTGAGTCCACCAAG_001,62
CCACGGTTGAGTCCACCAAG_002,127
CCACGGTTGAGTCCACCAAG_003,77
CCACGGTTGAGTCCACCAAG_004,88
CCACGGTTGAGTCCACCAAG_005,192
CCACGGTTGAGTCCACCAAG_006,138
CCACGGTTGAGTCCACCAAG_007,156
CTGCACAGATACATTCCTAG_001,184
CTGCACAGATACATTCCTAG_002,142
CTGCACAGATACATTCCTAG_003,194
CTGCACAGATACATTCCTAG_004,150
CTGCACAGATACATTCCTAG_005,43
CTGCACAGATACATTCCTAG_006,57
CTGCACAGATACATTCCTAG_007,172
ACTTGGTCCAGAATGAAAAG_001,98
ACTTGGTCCAGAATGAAAAG_002,24
GCAGTATTTCCAAGTAACAG_001,52
GCAGTATTTCCAAGTAACAG_002,17
GCAGTATTTCCAAGTAACAG_003,116
GCAGTATTTCCAAGTAACAG_004,67
GCAGTATTTCCAAGTAACAG_005,74
GCAGTATTTCCAAGTAACAG_006,56
GGACTCGCAGATCACTACTG_001,51
GGACTCGCAGATCACTACTG_002,46
GGACTCGCAGATCACTACTG_003,50
GGACTCGCAGATCACTACTG_004,188
GGACTCGCAGATCACTACTG_005,158
GGACTCGCAGATCACTACTG_006,7
GGACTCGCAGATCACTACTG_007,107
GGACTCGCAGATCACTACTG_008,32
AAACGGAATGTGGACTCGAG_001,111
AAACGGAATGTGGACTCGAG_002,47
AAACGGAATGTGGACTCGAG_003,178
AAACGGAATGTGGACTCGAG_004,70
AAACGGAATGTGGACTCGAG_005,154
AAACGGAATGTGGACTCGAG_006,154
AAACGGAATGTGGACTCGAG_007,149
AAACGGAATGTGGACTCGAG_008,185
AAACGGAATGTGGACTCGAG_009,49
AAACGGAATGTGGACTCGAG_010,43
AAACGGAATGTGGACTCGAG_011,192
AAACGGAATGTGGACTCGAG_012,187
AAACGGAATGTGGACTCGAG_013,137
AAACGGAATGTGGACTCGAG_014,9
AAACGGAATGTGGACTCGAG_015,85
AAACGGAATGTGGACTCGAG_016,58
AAACGGAATGTGGACTCGAG_017,184
AAACGGAATGTGGACTCGAG_018,175
AAACGGAATGTGGACTCGAG_019,60
AAACGGAATGTGGACTCGAG_020,152
AAACGGAATGTGGACTCGAG_021,68
TGTGTTAAGGAATGGTACTG_001,77
TGTGTTAAGGAATGGTACTG_002,140
TGTGTTAAGGAATGGTACTG_003,19
TGTGTTAAGGAATGGTACTG_004,139
TGTGTTAAGGAATGGTACTG_005,12
TGTGTTAAGGAATGGTACTG_006,101
TGTGTTAAGGAATGGTACTG_007,197
TGTGTTAAGGAATGGTACTG_008,138
TGTGTTAAGGAATGGTACTG_009,28
AACTACTGGACGTTCGCGGG_001,29
AACTACTGGACGTTCGCGGG_002,176
AACTACTGGACGTTCGCGGG_003,78
AACTACTGGACGTTCGCGGG_004,127
AACTACTGGACGTTCGCGGG_005,11
AACTACTGGACGTTCGCGGG_006,199
AACTACTGGACGTTCGCGGG_007,183
AACTACTGGACGTTCGCGGG_008,24
AACTACTGGACGTTCGCGGG_009,194
AACTACTGGACGTTCGCGGG_010,76
AACTACTGGACGTTCGCGGG_011,125
AACTACTGGACGTTCGCGGG_012,160
AACTACTGGACGTTCGCGGG_013,174
AACTACTGGACGTTCGCGGG_014,117
AACTACTGGACGTTCGCGGG_015,34
AACTACTGGACGTTCGCGGG_016,62
AACTACTGGACGTTCGCGGG_017,190
AACTACTGGACGTTCGCGGG_018,185
AACTACTGGACGTTCGCGGG_019,22
AACTACTGGACGTTCGCGGG_020,48
AACTACTGGACGTTCGCGGG_021,58
AACTACTGGACGTTCGCGGG_022,175
AACTACTGGACGTTCGCGGG_023,187
AACTACTGGACGTTCGCGGG_024,91
AACTACTGGACGTTCGCGGG_025,62
AACTACTGGACGTTCGCGGG_026,133
AACTACTGGACGTTCGCGGG_027,17
AACTACTGGACGTTCGCGGG_028,70
AACTACTGGACGTTCGCGGG_029,60
AACTACTGGACGTTCGCGGG_030,12
AACTACTGGACGTTCGCGGG_031,27
AACTACTGGACGTTCGCGGG_032,83
AACTACTGGACGTTCGCGGG_033,69
AACTACTGGACGTTCGCGGG_034,87
GAGGAATTTCTCCTGCTGAG_001,177
GAGGAATTTCTCCTGCTGAG_002,9
AGATATGTTTGATGGCCGCT_001,3
AGATATGTTTGATGGCCGCT_002,76
AGATATGTTTGATGGCCGCT_003,77
AGATATGTTTGATGGCCGCT_004,77
AGATATGTTTGATGGCCGCT_005,181
AGATATGTTTGATGGCCGCT_006,5
AGATATGTTTGATGGCCGCT_007,147
AGATATGTTTGATGGCCGCT_008,182
AGATATGTTTGATGGCCGCT_009,161
AGATATGTTTGATGGCCGCT_010,25
AGATATGTTTGATGGCCGCT_011,61
AGATATGTTTGATGGCCGCT_012,163
AGATATGTTTGATGGCCGCT_013,112
AGATATGTTTGATGGCCGCT_014,190
AGATATGTTTGATGGCCGCT_015,32
AGATATGTTTGATGGCCGCT_016,191
AGATATGTTTGATGGCCGCT_017,171
AGATATGTTTGATGGCCGCT_018,76
AGATATGTTTGATGGCCGCT_019,188
AGATATGTTTGATGGCCGCT_020,78
AGATATGTTTGATGGCCGCT_021,52
AGATATGTTTGATGGCCGCT_022,124
AGATATGTTTGATGGCCGCT_023,49
AGATATGTTTGATGGCCGCT_024,99
AGATATGTTTGATGGCCGCT_025,188
AGATATGTTTGATGGCCGCT_026,173
AGATATGTTTGATGGCCGCT_027,177
GCAGATTTACCAGCCAACTC_001,181
GCAGATTTACCAGCCAACTC_002,45
GCAGATTTACCAGCCAACTC_003,171
GCAGATTTACCAGCCAACTC_004,88
GCAGATTTACCAGCCAACTC_005,114
GCAGATTTACCAGCCAACTC_006,49
GCAGATTTACCAGCCAACTC_007,137
GCAGATTTACCAGCCAACTC_008,6
GCAGATTTACCAGCCAACTC_009,39
GCAGATTTACCAGCCAACTC_010,61
GCAGATTTACCAGCCAACTC_011,184
GCAGATTTACCAGCCAACTC_012,172
GCCGGATGAACTGCCCGCGG_001,193
GCCGGATGAACTGCCCGCGG_002,101
GCCGGATGAACTGCCCGCGG_003,102
GCCGGATGAACTGCCCGCGG_004,84
GCCGGATGAACTGCCCGCGG_005,134
CCACAGGCCACATACAACTG_001,13
CCACAGGCCACATACAACTG_002,188
GACCAGTGAGTGCATCACGC_001,105
GACCAGTGAGTGCATCACGC_002,180
GACCAGTGAGTGCATCACGC_003,78
GACCAGTGAGTGCATCACGC_004,49
GACCAGTGAGTGCATCACGC_005,139
GACCAGTGAGTGCATCACGC_006,198
GACCAGTGAGTGCATCACGC_007,121
GACCAGTGAGTGCATCACGC_008,162
GACCAGTGAGTGCATCACGC_009,96
GACCAGTGAGTGCATCACGC_010,154
GACCAGTGAGTGCATCACGC_011,140
GACCAGTGAGTGCATCACGC_012,146
GACCAGTGAGTGCATCACGC_013,76
GACCAGTGAGTGCATCACGC_014,13
GACCAGTGAGTGCATCACGC_015,168
GACCAGTGAGTGCATCACGC_016,158
GACCAGTGAGTGCATCACGC_017,88
GACCAGTGAGTGCATCACGC_018,82
GACCAGTGAGTGCATCACGC_019,76
GACCAGTGAGTGCATCACGC_020,2
GACCAGTGAGTGCATCACGC_021,130
GACCAGTGAGTGCATCACGC_022,15
GACCAGTGAGTGCATCACGC_023,60
GACCAGTGAGTGCATCACGC_024,0
GACCAGTGAGTGCATCACGC_025,5
TATTAGATAGGTGTTATGAG_001,110
TATTAGATAGGTGTTATGAG_002,41
TATTAGATAGGTGTTATGAG_003,2
GCCAAAGCTTTGCCTAAGGT_001,56
TGTGACAATACCTGCTGTGG_001,38
TGTGACAATACCTGCTGTGG_002,193
TGTGACAATACCTGCTGTGG_003,112
TACCCCCCGCTATAACACAT_001,175
TACCCCCCGCTATAACACAT_002,151
GAGGCTGGTTGGAGTCACAA_001,17
GAGGCTGGTTGGAGTCACAA_002,57
GAGGCTGGTTGGAGTCACAA_003,73
CGCCATAAAGAAGGGAGTCG_001,50
CGCCATAAAGAAGGGAGTCG_002,199
CGCCATAAAGAAGGGAGTCG_003,19
AGTCTCTCATCCCATCCGCT_001,46
AGTCTCTCATCCCATCCGCT_002,176
AGTCTCTCATCCCATCCGCT_003,158
AGTCTCTCATCCCATCCGCT_004,8
AGTCTCTCATCCCATCCGCT_005,115
AGTCTCTCATCCCATCCGCT_006,8
AGTCTCTCATCCCATCCGCT_007,98
AGTCTCTCATCCCATCCGCT_008,78
AGTCTCTCATCCCATCCGCT_009,0
TGTCCAGCTCAGTGTCTCGA_001,109
GACGTCGCCGGCGAGACACA_001,150
GACGTCGCCGGCGAGACACA_002,138
GACGTCGCCGGCGAGACACA_003,77
GCAACAAGTAGACAGTTGAG_001,103
GCAACAAGTAGACAGTTGAG_002,171
GCAACAAGTAGACAGTTGAG_003,160
GCAACAAGTAGACAGTTGAG_004,146
GCAACAAGTAGACAGTTGAG_005,168
GCAACAAGTAGACAGTTGAG_006,105
GCAACAAGTAGACAGTTGAG_007,185
GCAACAAGTAGACAGTTGAG_008,93
GCAACAAGTAGACAGTTGAG_009,110
GCAACAAGTAGACAGTTGAG_010,129
GCAACAAGTAGACAGTTGAG_011,155
GCAACAAGTAGACAGTTGAG_012,148
GCAACAAGTAGACAGTTGAG_013,105
GCAACAAGTAGACAGTTGAG_014,153
GCAACAAGTAGACAGTTGAG_015,127
GCAACAAGTAGACAGTTGAG_016,127
GCAACAAGTAGACAGTTGAG_017,106
GCAACAAGTAGACAGTTGAG_018,198
GCAACAAGTAGACAGTTGAG_019,15
CAGTTAAAACAGATCGACTG_001,177
CAGTTAAAACAGATCGACTG_002,126
CAGTTAAAACAGATCGACTG_003,12
CAGTTAAAACAGATCGACTG_004,82
CAGTTAAAACAGATCGACTG_005,169
CAGTTAAAACAGATCGACTG_006,0
CAGTTAAAACAGATCGACTG_007,188
CAGTTAAAACAGATCGACTG_008,165
CAGTTAAAACAGATCGACTG_009,67
ACTTCAATGACCAGTCAATG_001,185
ACTTCAATGACCAGTCAATG_002,147
ACTTCAATGACCAGTCAATG_003,145
ACTTCAATGACCAGTCAATG_004,147
ACTTCAATGACCAGTCAATG_005,183
ACTTCAATGACCAGTCAATG_006,52
ACTTCAATGACCAGTCAATG_007,94
ACTTCAATGACCAGTCAATG_008,9
ACTTCAATGACCAGTCAATG_009,48
ACTTCAATGACCAGTCAATG_010,96
ACTTCAATGACCAGTCAATG_011,96
ACTTCAATGACCAGTCAATG_012,130
ACTTCAATGACCAGTCAATG_013,56
ACTTCAATGACCAGTCAATG_014,147
ACTTCAATGACCAGTCAATG_015,81
ACTTCAATGACCAGTCAATG_016,81
CCAGCAATTAGATACTGTGT_001,197
CAGATGATACCACCTCACCA_001,52
CAGATGATACCACCTCACCA_002,137
CAGATGATACCACCTCACCA_003,68
CAGATGATACCACCTCACCA_004,72
CAGATGATACCACCTCACCA_005,134
CAGATGATACCACCTCACCA_006,106
CAGATGATACCACCTCACCA_007,77
CAGATGATACCACCTCACCA_008,192
CAGATGATACCACCTCACCA_009,121
CAGATGATACCACCTCACCA_010,185
CAGATGATACCACCTCACCA_011,76
CAGATGATACCACCTCACCA_012,81
CAGATGATACCACCTCACCA_013,125
CAGATGATACCACCTCACCA_014,97
CAGATGATACCACCTCACCA_015,1
CAGATGATACCACCTCACCA_016,184
CAGATGATACCACCTCACCA_017,19
CAGATGATACCACCTCACCA_018,40
ACGTGCGTGTCGACCCAGAA_001,199
ACGTGCGTGTCGACCCAGAA_002,184
ACGTGCGTGTCGACCCAGAA_003,60
ACGTGCGTGTCGACCCAGAA_004,140
ACGTGCGTGTCGACCCAGAA_005,120
ACGTGCGTGTCGACCCAGAA_006,170
ACGTGCGTGTCGACCCAGAA_007,110
ACGTGCGTGTCGACCCAGAA_008,33
ACGTGCGTGTCGACCCAGAA_009,171
ACGTGCGTGTCGACCCAGAA_010,27
ACGTGCGTGTCGACCCAGAA_011,50
ACGTGCGTGTCGACCCAGAA_012,184
ACGTGCGTGTCGACCCAGAA_013,35
ACGTGCGTGTCGACCCAGAA_014,5
ACGTGCGTGTCGACCCAGAA_015,57
ACGTGCGTGTCGACCCAGAA_016,63
ACGTGCGTGTCGACCCAGAA_017,60
ACGTGCGTGTCGACCCAGAA_018,9
ACGTGCGTGTCGACCCAGAA_019,194
ACGTGCGTGTCGACCCAGAA_020,141
ACGTGCGTGTCGACCCAGAA_021,115
ACGTGCGTGTCGACCCAGAA_022,158
ACGTGCGTGTCGACCCAGAA_023,192
ACGTGCGTGTCGACCCAGAA_024,29
ACGTGCGTGTCGACCCAGAA_025,5
ACGTGCGTGTCGACCCAGAA_026,112
ACGTGCGTGTCGACCCAGAA_027,16
ATATACTAATATGATCCCCT_001,71
ATATACTAATATGATCCCCT_002,86
GCTGAGCCTGCACACCAAAG_001,21
GCTGAGCCTGCACACCAAAG_002,55
GCTGAGCCTGCACACCAAAG_003,16
GCTGAGCCTGCACACCAAAG_004,150
GCTGAGCCTGCACACCAAAG_005,192
GCTGAGCCTGCACACCAAAG_006,27
GCTGAGCCTGCACACCAAAG_007,68
GCTGAGCCTGCACACCAAAG_008,66
GCTGAGCCTGCACACCAAAG_009,69
GCTGAGCCTGCACACCAAAG_010,56
GCTGAGCCTGCACACCAAAG_011,152
GCTGAGCCTGCACACCAAAG_012,7
GCTGAGCCTGCACACCAAAG_013,154
GCTGAGCCTGCACACCAAAG_014,93
GCTGAGCCTGCACACCAAAG_015,68
AAAATGAGTTCCAGTGAAGT_001,26
AAAATGAGTTCCAGTGAAGT_002,137
AAAATGAGTTCCAGTGAAGT_003,187
AAAATGAGTTCCAGTGAAGT_004,103
AAAATGAGTTCCAGTGAAGT_005,82
AAAATGAGTTCCAGTGAAGT_006,48
AAAATGAGTTCCAGTGAAGT_007,86
AAAATGAGTTCCAGTGAAGT_008,16
AAAATGAGTTCCAGTGAAGT_009,86
GTCGAAGTGGACCTCCAGAG_001,127
GTCGAAGTGGACCTCCAGAG_002,191
GTCGAAGTGGACCTCCAGAG_003,128
GTCGAAGTGGACCTCCAGAG_004,115
GTCGAAGTGGACCTCCAGAG_005,106
GTCGAAGTGGACCTCCAGAG_006,194
GTCGAAGTGGACCTCCAGAG_007,124
GTCGAAGTGGACCTCCAGAG_008,101
GTCGAAGTGGACCTCCAGAG_009,170
GTCGAAGTGGACCTCCAGAG_010,126
GTCGAAGTGGACCTCCAGAG_011,47
GTCGAAGTGGACCTCCAGAG_012,88
GTCGAAGTGGACCTCCAGAG_013,9
GTCGAAGTGGACCTCCAGAG_014,12
GTCGAAGTGGACCTCCAGAG_015,48
GTCGAAGTGGACCTCCAGAG_016,198
GTCGAAGTGGACCTCCAGAG_017,27
GTCGAAGTGGACCTCCAGAG_018,110
GCAGTAATTGCCATCCACTG_001,88
GCAGTAATTGCCATCCACTG_002,132
GCAGTAATTGCCATCCACTG_003,158
GCAGTAATTGCCATCCACTG_004,76
GCAGTAATTGCCATCCACTG_005,190
GCAGTAATTGCCATCCACTG_006,173
GCAGTAATTGCCATCCACTG_007,187
GCAGTAATTGCCATCCACTG_008,132
GCAGTAATTGCCATCCACTG_009,149
GCAGTAATTGCCATCCACTG_010,148
GCAGTAATTGCCATCCACTG_011,145
GCAGTAATTGCCATCCACTG_012,180
ATTGCTGCTGATCTTTGTGG_001,94
CGGGGGCAGATGCAACCCAG_001,80
CGGGGGCAGATGCAACCCAG_002,31
GCAAACTCTCAAAACCAACA_001,124
ACAAAGCAGCTCATGAGCCA_001,23
ACAAAGCAGCTCATGAGCCA_002,1
ACAAAGCAGCTCATGAGCCA_003,184
ACAAAGCAGCTCATGAGCCA_004,85
ACAAAGCAGCTCATGAGCCA_005,190
ACAAAGCAGCTCATGAGCCA_006,75
ACAAAGCAGCTCATGAGCCA_007,74
ACAAAGCAGCTCATGAGCCA_008,22
ACAAAGCAGCTCATGAGCCA_009,169
ACAAAGCAGCTCATGAGCCA_010,30
GGCACAGTTGTCATAGACGG_001,164
GGCACAGTTGTCATAGACGG_002,107
GGCACAGTTGTCATAGACGG_003,17
GGCACAGTTGTCATAGACGG_004,171
GGCACAGTTGTCATAGACGG_005,95
GGCACAGTTGTCATAGACGG_006,26
GGCACAGTTGTCATAGACGG_007,188
GGCACAGTTGTCATAGACGG_008,178
GGCACAGTTGTCATAGACGG_009,63
GCATGTCGTATCAATGCTTG_001,170
GCATGTCGTATCAATGCTTG_002,84
GCATGTCGTATCAATGCTTG_003,1
GCATGTCGTATCAATGCTTG_004,77
GCATGTCGTATCAATGCTTG_005,148
GCATGTCGTATCAATGCTTG_006,126
GCATGTCGTATCAATGCTTG_007,144
GCATGTCGTATCAATGCTTG_008,97
GCATGTCGTATCAATGCTTG_009,97
GCATGTCGTATCAATGCTTG_010,152
GGACAGCGGTCATCTCATCG_001,101
GGACAGCGGTCATCTCATCG_002,169
GGACAGCGGTCATCTCATCG_003,184
GGACAGCGGTCATCTCATCG_004,157
GGACAGCGGTCATCTCATCG_005,175
GGACAGCGGTCATCTCATCG_006,88
AGGGACGCTTAGCTCAGGAG_001,133
AGGGACGCTTAGCTCAGGAG_002,67
AGGGACGCTTAGCTCAGGAG_003,20
AGGGACGCTTAGCTCAGGAG_004,158
AGGGACGCTTAGCTCAGGAG_005,8
GTGTCACCGATTATAGAGAT_001,147
GTGTCACCGATTATAGAGAT_002,168
GTGTCACCGATTATAGAGAT_003,121
TGAAGTGGAGGCTTGAGGCA_001,182
TGAAGTGGAGGCTTGAGGCA_002,57
TGAAGTGGAGGCTTGAGGCA_003,11
TGAAGTGGAGGCTTGAGGCA_004,119
TGAAGTGGAGGCTTGAGGCA_005,10
TGAAGTGGAGGCTTGAGGCA_006,168
TGAAGTGGAGGCTTGAGGCA_007,82
TGAAGTGGAGGCTTGAGGCA_008,161
TGAAGTGGAGGCTTGAGGCA_009,70
TGAAGTGGAGGCTTGAGGCA_010,174
TGAAGTGGAGGCTTGAGGCA_011,145
TGAAGTGGAGGCTTGAGGCA_012,124
AGAGGATGAATATTATCAGG_001,96
AGAGGATGAATATTATCAGG_002,176
GCCATGAGGAAAGCGTACAA_001,48
GCCATGAGGAAAGCGTACAA_002,127
GCCATGAGGAAAGCGTACAA_003,130
GCCATGAGGAAAGCGTACAA_004,199
GCCATGAGGAAAGCGTACAA_005,56
GCCATGAGGAAAGCGTACAA_006,104
GCCATGAGGAAAGCGTACAA_007,77
GCCATGAGGAAAGCGTACAA_008,148
GCCATGAGGAAAGCGTACAA_009,162
GCCATGAGGAAAGCGTACAA_010,49
GCCATGAGGAAAGCGTACAA_011,149
TTGCCTCAAGGAAAAATCCG_001,62
TTGCCTCAAGGAAAAATCCG_002,58
TTGCCTCAAGGAAAAATCCG_003,127
TTGCCTCAAGGAAAAATCCG_004,111
TTGCCTCAAGGAAAAATCCG_005,136
TTGCCTCAAGGAAAAATCCG_006,150
TTGCCTCAAGGAAAAATCCG_007,49
TTGCCTCAAGGAAAAATCCG_008,144
TTGCCTCAAGGAAAAATCCG_009,131
TCTGTTGGACCTCTAATGAT_001,119
TCTGTTGGACCTCTAATGAT_002,165
TCTGTTGGACCTCTAATGAT_003,81
TCTGTTGGACCTCTAATGAT_004,50
AGTGGGGAGATCAAAAATGA_001,38
AGTGGGGAGATCAAAAATGA_002,80
AGTGGGGAGATCAAAAATGA_003,113
AGTGGGGAGATCAAAAATGA_004,13
AGTGGGGAGATCAAAAATGA_005,91
AGTGGGGAGATCAAAAATGA_006,77
AGTGGGGAGATCAAAAATGA_007,91
AGTGGGGAGATCAAAAATGA_008,169
AGTGGGGAGATCAAAAATGA_009,145
AGTGGGGAGATCAAAAATGA_010,94
AGTGGGGAGATCAAAAATGA_011,58
CACAGATGCCATGGCCCACG_001,176
CACAGATGCCATGGCCCACG_002,45
GGCCCGTACTCCTCCCAGCG_001,182
GGCCCGTACTCCTCCCAGCG_002,109
GGCCCGTACTCCTCCCAGCG_003,109
GGCCCGTACTCCTCCCAGCG_004,141
GGCCCGTACTCCTCCCAGCG_005,157
GGCCCGTACTCCTCCCAGCG_006,199
GGCCCGTACTCCTCCCAGCG_007,91
GGCCCGTACTCCTCCCAGCG_008,6
GGCCCGTACTCCTCCCAGCG_009,82
GGCCCGTACTCCTCCCAGCG_010,41
GGCCCGTACTCCTCCCAGCG_011,146
GGCCCGTACTCCTCCCAGCG_012,141
GGCCCGTACTCCTCCCAGCG_013,100
GGCCCGTACTCCTCCCAGCG_014,183
GGCCCGTACTCCTCCCAGCG_015,123
GGCCCGTACTCCTCCCAGCG_016,78
GGCCCGTACTCCTCCCAGCG_017,157
GGCCCGTACTCCTCCCAGCG_018,77
GGCCCGTACTCCTCCCAGCG_019,166
GGCCCGTACTCCTCCCAGCG_020,152
GGCCCGTACTCCTCCCAGCG_021,155
GGCCCGTACTCCTCCCAGCG_022,10
GTGCTCACTTGTCAAACATG_001,178
GTGCTCACTTGTCAAACATG_002,57
GTGCTCACTTGTCAAACATG_003,50
GTGCTCACTTGTCAAACATG_004,91
GTGCTCACTTGTCAAACATG_005,184
GTGCTCACTTGTCAAACATG_006,6
GTGCTCACTTGTCAAACATG_007,6
GTGCTCACTTGTCAAACATG_008,121
GTGCTCACTTGTCAAACATG_009,88
GAAGTATCACACCACACGTA_001,127
GAAGTATCACACCACACGTA_002,28
GAAGTATCACACCACACGTA_003,28
GAAGTATCACACCACACGTA_004,12
GAAGTATCACACCACACGTA_005,127
GAAGTATCACACCACACGTA_006,48
GAAGTATCACACCACACGTA_007,127
GAAGTATCACACCACACGTA_008,60
TTGATTCTAATGTCCCACGG_001,60
TTGATTCTAATGTCCCACGG_002,130
TTGATTCTAATGTCCCACGG_003,156
TTGATTCTAATGTCCCACGG_004,22
TTGATTCTAATGTCCCACGG_005,97
TTGATTCTAATGTCCCACGG_006,177
TTGATTCTAATGTCCCACGG_007,96
TTGATTCTAATGTCCCACGG_008,177
TTGATTCTAATGTCCCACGG_009,32
TTGATTCTAATGTCCCACGG_010,166
TTGATTCTAATGTCCCACGG_011,174
TTGATTCTAATGTCCCACGG_012,41
TGCGGACCCTGAAGGCTCCG_001,47
TGCGGACCCTGAAGGCTCCG_002,125
TGCGGACCCTGAAGGCTCCG_003,119
TGCGGACCCTGAAGGCTCCG_004,191
TGCGGACCCTGAAGGCTCCG_005,10
TGCGGACCCTGAAGGCTCCG_006,159
TGCGGACCCTGAAGGCTCCG_007,84
TGCGGACCCTGAAGGCTCCG_008,29
TGCGGACCCTGAAGGCTCCG_009,161
TGCGGACCCTGAAGGCTCCG_010,80
TGCGGACCCTGAAGGCTCCG_011,144
TGCGGACCCTGAAGGCTCCG_012,174
TGCGGACCCTGAAGGCTCCG_013,134
TGCGGACCCTGAAGGCTCCG_014,12
TGCGGACCCTGAAGGCTCCG_015,46
TGCGGACCCTGAAGGCTCCG_016,108
TGCGGACCCTGAAGGCTCCG_017,182
TGCGGACCCTGAAGGCTCCG_018,137
TGCGGACCCTGAAGGCTCCG_019,69
GTACCTCGCACATTCCGCGC_001,29
GTACCTCGCACATTCCGCGC_002,169
GTACCTCGCACATTCCGCGC_003,48
TGCTCAGGAATTCAGTGATG_001,137
TGCTCAGGAATTCAGTGATG_002,121
TGCTCAGGAATTCAGTGATG_003,174
GAGAGTACGTGACTGTACGG_001,183
GAGAGTACGTGACTGTACGG_002,109
GAGAGTACGTGACTGTACGG_003,51
GAGAGTACGTGACTGTACGG_004,17
GAGAGTACGTGACTGTACGG_005,168
GAGAGTACGTGACTGTACGG_006,119
GAGAGTACGTGACTGTACGG_007,28
GAGAGTACGTGACTGTACGG_008,83
GAGAGTACGTGACTGTACGG_009,11
GAGAGTACGTGACTGTACGG_010,159
GAGAGTACGTGACTGTACGG_011,50
GAGAGTACGTGACTGTACGG_012,26
GAGAGTACGTGACTGTACGG_013,170
GAGAGTACGTGACTGTACGG_014,150
GAGAGTACGTGACTGTACGG_015,116
GAGAGTACGTGACTGTACGG_016,15
GAGAGTACGTGACTGTACGG_017,130
GAGAGTACGTGACTGTACGG_018,156
GAGAGTACGTGACTGTACGG_019,34
GAGAGTACGTGACTGTACGG_020,82
GAGAGTACGTGACTGTACGG_021,163
CACACAAGTGTTCATCCTCA_001,114
CACACAAGTGTTCATCCTCA_002,74
CACACAAGTGTTCATCCTCA_003,141
CACACAAGTGTTCATCCTCA_004,106
CACACAAGTGTTCATCCTCA_005,169
CACACAAGTGTTCATCCTCA_006,52
CACACAAGTGTTCATCCTCA_007,26
GGTGTGGGGTGGATACACCA_001,145
GGTGTGGGGTGGATACACCA_002,20
GGTGTGGGGTGGATACACCA_003,116
GGTGTGGGGTGGATACACCA_004,166
GGTGTGGGGTGGATACACCA_005,78
TGAATTTCATAATTATAACT_001,1
TGAATTTCATAATTATAACT_002,182
TGAATTTCATAATTATAACT_003,11
TGTCCTTTAGGGAATATCCC_001,63
CCTGCTACGGAAAGAAGTAT_001,94
ACTCACATAAAAGAGTGGAT_001,59
ACTCACATAAAAGAGTGGAT_002,11
ACTCACATAAAAGAGTGGAT_003,193
ACTCACATAAAAGAGTGGAT_004,170
ACTCACATAAAAGAGTGGAT_005,116
ACTCACATAAAAGAGTGGAT_006,88
ACTCACATAAAAGAGTGGAT_007,17
ACTCACATAAAAGAGTGGAT_008,124
ATTAACTCGAGTGTCAGAGA_001,94
ATTAACTCGAGTGTCAGAGA_002,142
ATTAACTCGAGTGTCAGAGA_003,177
ATTAACTCGAGTGTCAGAGA_004,58
ATTAACTCGAGTGTCAGAGA_005,127
ATTAACTCGAGTGTCAGAGA_006,10
ATTAACTCGAGTGTCAGAGA_007,96
ATTAACTCGAGTGTCAGAGA_008,40
ATTAACTCGAGTGTCAGAGA_009,83
ATTAACTCGAGTGTCAGAGA_010,144
ATTAACTCGAGTGTCAGAGA_011,88
ATTAACTCGAGTGTCAGAGA_012,138
ATTAACTCGAGTGTCAGAGA_013,102
ATTAACTCGAGTGTCAGAGA_014,43
GCAGGAAGTAGTGTTCCGGG_001,105
GCAGGAAGTAGTGTTCCGGG_002,187
GCAGGAAGTAGTGTTCCGGG_003,170
GCAGGAAGTAGTGTTCCGGG_004,58
GCAGGAAGTAGTGTTCCGGG_005,126
GCAGGAAGTAGTGTTCCGGG_006,16
GCAGGAAGTAGTGTTCCGGG_007,108
GCAGGAAGTAGTGTTCCGGG_008,84
GCAGGAAGTAGTGTTCCGGG_009,89
TATTCATTCCTAGACTACCT_001,151
TATTCATTCCTAGACTACCT_002,157
TATTCATTCCTAGACTACCT_003,157
TATTCATTCCTAGACTACCT_004,91
TATTCATTCCTAGACTACCT_005,36
GCTGGCTCAGATGCTACAGA_001,29
GCTGGCTCAGATGCTACAGA_002,160
GCTGGCTCAGATGCTACAGA_003,94
GTTATTACAGGCCCCTCCAG_001,43
GTTATTACAGGCCCCTCCAG_002,45
GTTATTACAGGCCCCTCCAG_003,16
GTTATTACAGGCCCCTCCAG_004,141
GTTATTACAGGCCCCTCCAG_005,77
GTTATTACAGGCCCCTCCAG_006,70
GTTATTACAGGCCCCTCCAG_007,195
GTTATTACAGGCCCCTCCAG_008,195
GTTATTACAGGCCCCTCCAG_009,51
TTGTGGTGTTTGTCTCCAGA_001,158
TTGTGGTGTTTGTCTCCAGA_002,94
TTGTGGTGTTTGTCTCCAGA_003,32
TTGTGGTGTTTGTCTCCAGA_004,160
TCCTCAATAATAACTTACTG_001,27
TCCTCAATAATAACTTACTG_002,181
TCCTCAATAATAACTTACTG_003,82
TCCTCAATAATAACTTACTG_004,15
GCGCGGCAGCCCTCGCTCAG_001,121
GCGCGGCAGCCCTCGCTCAG_002,8
GCGCGGCAGCCCTCGCTCAG_003,78
GCGCGGCAGCCCTCGCTCAG_004,119
GCGCGGCAGCCCTCGCTCAG_005,140
GCGCGGCAGCCCTCGCTCAG_006,117
GCGCGGCAGCCCTCGCTCAG_007,184
GCGCGGCAGCCCTCGCTCAG_008,149
GCGCGGCAGCCCTCGCTCAG_009,146
GCGCGGCAGCCCTCGCTCAG_010,48
GCGCGGCAGCCCTCGCTCAG_011,157
GCGCGGCAGCCCTCGCTCAG_012,60
GCGCGGCAGCCCTCGCTCAG_013,166
GCGCGGCAGCCCTCGCTCAG_014,102
TAGTAGGCCAGGTACACTCA_001,150
TAGTAGGCCAGGTACACTCA_002,185
TAGTAGGCCAGGTACACTCA_003,196
TAGTAGGCCAGGTACACTCA_004,162
TAAAGGATTTCTGCACACAT_001,53
TAAAGGATTTCTGCACACAT_002,19
TTGGTGACCATCTCAGAACT_001,11
TTGGTGACCATCTCAGAACT_002,49
TTGGTGACCATCTCAGAACT_003,4
GAGTTGATTGAGGTAAAGCG_001,60
GAGTTGATTGAGGTAAAGCG_002,165
GAGTTGATTGAGGTAAAGCG_003,17
GAGTTGATTGAGGTAAAGCG_004,60
GAGTTGATTGAGGTAAAGCG_005,21
GAGTTGATTGAGGTAAAGCG_006,92
GAGTTGATTGAGGTAAAGCG_007,80
GAGTTGATTGAGGTAAAGCG_008,36
GAGTTGATTGAGGTAAAGCG_009,168
GAGTTGATTGAGGTAAAGCG_010,158
GAGTTGATTGAGGTAAAGCG_011,121
GAGTTGATTGAGGTAAAGCG_012,155
GAGTTGATTGAGGTAAAGCG_013,172
GAGTTGATTGAGGTAAAGCG_014,77
GAGTTGATTGAGGTAAAGCG_015,116
GAGTTGATTGAGGTAAAGCG_016,26
GAGTTGATTGAGGTAAAGCG_017,2
GAGTTGATTGAGGTAAAGCG_018,70
GAGTTGATTGAGGTAAAGCG_019,13
TCTGACTGTACATACACCAG_001,171
AGGTATGTACGTCCCAGAGG_001,95
CTACTGCCTCTACGACTCGG_001,40
CTACTGCCTCTACGACTCGG_002,149
CTACTGCCTCTACGACTCGG_003,88
CTACTGCCTCTACGACTCGG_004,170
CTACTGCCTCTACGACTCGG_005,108
CTACTGCCTCTACGACTCGG_006,184
CTACTGCCTCTACGACTCGG_007,127
CAAGAGGGCCATGTCCGACC_001,30
AAAGACGCCCATCTGAGCCA_001,95
AAAGACGCCCATCTGAGCCA_002,51
AAAGACGCCCATCTGAGCCA_003,12
AAAGACGCCCATCTGAGCCA_004,167
AAAGACGCCCATCTGAGCCA_005,169
AAAGACGCCCATCTGAGCCA_006,141
AAAGACGCCCATCTGAGCCA_007,82
AAAGACGCCCATCTGAGCCA_008,11
AAAGACGCCCATCTGAGCCA_009,192
AAAGACGCCCATCTGAGCCA_010,161
AAAGACGCCCATCTGAGCCA_011,108
AAAGACGCCCATCTGAGCCA_012,138
AAAGACGCCCATCTGAGCCA_013,106
AAAGACGCCCATCTGAGCCA_014,55
AAAGACGCCCATCTGAGCCA_015,76
AGTACAAGTTCATCAGCGTG_001,169
AGTACAAGTTCATCAGCGTG_002,94
AGTACAAGTTCATCAGCGTG_003,153
AGTACAAGTTCATCAGCGTG_004,12
AGTACAAGTTCATCAGCGTG_005,73
AGTACAAGTTCATCAGCGTG_006,139
AGTACAAGTTCATCAGCGTG_007,130
AGTACAAGTTCATCAGCGTG_008,174
AGTACAAGTTCATCAGCGTG_009,8
AGTACAAGTTCATCAGCGTG_010,9
AGTACAAGTTCATCAGCGTG_011,177
AGTACAAGTTCATCAGCGTG_012,104
AGTACAAGTTCATCAGCGTG_013,62
AGTACAAGTTCATCAGCGTG_014,117
AGTACAAGTTCATCAGCGTG_015,98
AGTACAAGTTCATCAGCGTG_016,158
AGTACAAGTTCATCAGCGTG_017,106
AGTACAAGTTCATCAGCGTG_018,28
AGTACAAGTTCATCAGCGTG_019,42
AGTACAAGTTCATCAGCGTG_020,162
AGTACAAGTTCATCAGCGTG_021,1
AGTACAAGTTCATCAGCGTG_022,29
AGTACAAGTTCATCAGCGTG_023,6
AGTACAAGTTCATCAGCGTG_024,6
AGTACAAGTTCATCAGCGTG_025,127
AGTACAAGTTCATCAGCGTG_026,63
AGTACAAGTTCATCAGCGTG_027,16
ATGCATCCAAATATCCTCGA_001,91
ATGCATCCAAATATCCTCGA_002,58
ATGCATCCAAATATCCTCGA_003,41
ATGCATCCAAATATCCTCGA_004,57
ATGCATCCAAATATCCTCGA_005,47
CAATTGGAGGAGACTCAGGA_001,126
CAATTGGAGGAGACTCAGGA_002,150
CAATTGGAGGAGACTCAGGA_003,162
CAATTGGAGGAGACTCAGGA_004,80
CAATTGGAGGAGACTCAGGA_005,80
CAATTGGAGGAGACTCAGGA_006,198
CAATTGGAGGAGACTCAGGA_007,149
CAATTGGAGGAGACTCAGGA_008,145
CAATTGGAGGAGACTCAGGA_009,108
CAATTGGAGGAGACTCAGGA_010,42
CAATTGGAGGAGACTCAGGA_011,165
CAATTGGAGGAGACTCAGGA_012,89
CAATTGGAGGAGACTCAGGA_013,52
CAATTGGAGGAGACTCAGGA_014,161
CAATTGGAGGAGACTCAGGA_015,112
CAATTGGAGGAGACTCAGGA_016,130
AAAGTGAACTGGGACGGAAG_001,149
AAAGTGAACTGGGACGGAAG_002,169
AAAGTGAACTGGGACGGAAG_003,76
AAAGTGAACTGGGACGGAAG_004,160
AAAGTGAACTGGGACGGAAG_005,118
AAAGTGAACTGGGACGGAAG_006,105
AAAGTGAACTGGGACGGAAG_007,26
AAAGTGAACTGGGACGGAAG_008,26
AAAGTGAACTGGGACGGAAG_009,191
AAAGTGAACTGGGACGGAAG_010,56
AAAGTGAACTGGGACGGAAG_011,70
AAAGTGAACTGGGACGGAAG_012,198
TCATTAAAATCAATTTGGAG_001,150
TCATTAAAATCAATTTGGAG_002,184
TCATTAAAATCAATTTGGAG_003,138
TCATTAAAATCAATTTGGAG_004,161
TCATTAAAATCAATTTGGAG_005,147
TGCAGTCAAGATGCCCACAG_001,50
TGCAGTCAAGATGCCCACAG_002,82
TGCAGTCAAGATGCCCACAG_003,23
TGCAGTCAAGATGCCCACAG_004,50
TGCAGTCAAGATGCCCACAG_005,119
TGCAGTCAAGATGCCCACAG_006,135
TGCAGTCAAGATGCCCACAG_007,132
TGTCTCTGCACACGGCTTCG_001,166
TGTCTCTGCACACGGCTTCG_002,149
TGTCTCTGCACACGGCTTCG_003,105
TGTCTCTGCACACGGCTTCG_004,127
TGTCTCTGCACACGGCTTCG_005,103
TGTCTCTGCACACGGCTTCG_006,30
TGTCTCTGCACACGGCTTCG_007,52
TGTCTCTGCACACGGCTTCG_008,125
TGTCTCTGCACACGGCTTCG_009,182
TGTCTCTGCACACGGCTTCG_010,127
TGTCTCTGCACACGGCTTCG_011,50
TGTCTCTGCACACGGCTTCG_012,163
TGTCTCTGCACACGGCTTCG_013,58
TGTCTCTGCACACGGCTTCG_014,118
TGTCTCTGCACACGGCTTCG_015,128
TGTCTCTGCACACGGCTTCG_016,77
TGTCTCTGCACACGGCTTCG_017,19
GGTAGTGCTCAAAGCACACG_001,90
GGTAGTGCTCAAAGCACACG_002,131
GGTAGTGCTCAAAGCACACG_003,146
GGCCCTCGGACACCAGATCG_001,154
GGCCCTCGGACACCAGATCG_002,199
GGCCCTCGGACACCAGATCG_003,176
GGCCCTCGGACACCAGATCG_004,2
GGCCCTCGGACACCAGATCG_005,82
GGCCCTCGGACACCAGATCG_006,26
GGCCCTCGGACACCAGATCG_007,162
GGCCCTCGGACACCAGATCG_008,2
GGCCCTCGGACACCAGATCG_009,169
GGCCCTCGGACACCAGATCG_010,81
GGCCCTCGGACACCAGATCG_011,131
GGCCCTCGGACACCAGATCG_012,156
GGCCCTCGGACACCAGATCG_013,194
GGCCCTCGGACACCAGATCG_014,76
GGCCCTCGGACACCAGATCG_015,175
GGCCCTCGGACACCAGATCG_016,87
GGCCCTCGGACACCAGATCG_017,50
GGCCCTCGGACACCAGATCG_018,102
GGCCCTCGGACACCAGATCG_019,9
GGCCCTCGGACACCAGATCG_020,110
GGCCCTCGGACACCAGATCG_021,16
GGCCCTCGGACACCAGATCG_022,141
GGCCCTCGGACACCAGATCG_023,145
GGCCCTCGGACACCAGATCG_024,137
GGCCCTCGGACACCAGATCG_025,15
GGCCCTCGGACACCAGATCG_026,49
GGCCCTCGGACACCAGATCG_027,4
GGCCCTCGGACACCAGATCG_028,132
GGCCCTCGGACACCAGATCG_029,139
GGCCCTCGGACACCAGATCG_030,120
GGCCCTCGGACACCAGATCG_031,77
GGCCCTCGGACACCAGATCG_032,31
GGCCCTCGGACACCAGATCG_033,1
GGCCCTCGGACACCAGATCG_034,137
GGCCCTCGGACACCAGATCG_035,124
GGCCCTCGGACACCAGATCG_036,185
GTGGTTTAAGACAAACACAA_001,49
GTGGTTTAAGACAAACACAA_002,79
GTGGTTTAAGACAAACACAA_003,29
GTGGTTTAAGACAAACACAA_004,176
GTGGTTTAAGACAAACACAA_005,33
CACTGAGACATTGATGACCA_001,17
CACTGAGACATTGATGACCA_002,133
CACTGAGACATTGATGACCA_003,182
CACTGAGACATTGATGACCA_004,15
CACTGAGACATTGATGACCA_005,197
CACTGAGACATTGATGACCA_006,15
CACTGAGACATTGATGACCA_007,35
CACTGAGACATTGATGACCA_008,107
CACTGAGACATTGATGACCA_009,199
CACTGAGACATTGATGACCA_010,107
CACTGAGACATTGATGACCA_011,127
GGTCCACGCTACTTTCGGGC_001,50
GGTCGGCCAGCAAGGCATGG_001,91
GGTCGGCCAGCAAGGCATGG_002,122
GGTCGGCCAGCAAGGCATGG_003,84
GGTCGGCCAGCAAGGCATGG_004,29
GGTCGGCCAGCAAGGCATGG_005,108
GGTCGGCCAGCAAGGCATGG_006,140
GGTCGGCCAGCAAGGCATGG_007,73
GGTCGGCCAGCAAGGCATGG_008,98
GGTCGGCCAGCAAGGCATGG_009,103
GGTCGGCCAGCAAGGCATGG_010,66
TGGAACCAGCAACTCTGTCA_001,148
TGGAACCAGCAACTCTGTCA_002,9
TGGAACCAGCAACTCTGTCA_003,153
TGGAACCAGCAACTCTGTCA_004,41
TGGAACCAGCAACTCTGTCA_005,74
TGGAACCAGCAACTCTGTCA_006,177
TGGAACCAGCAACTCTGTCA_007,119
TGGAACCAGCAACTCTGTCA_008,70
TGGAACCAGCAACTCTGTCA_009,48
TGGAACCAGCAACTCTGTCA_010,60
ACAAGTATAAAGTCTCCAGA_001,139
ACAAGTATAAAGTCTCCAGA_002,158
ACAAGTATAAAGTCTCCAGA_003,141
ACAAGTATAAAGTCTCCAGA_004,12
TCTGCGCCTAGCCATGAGAC_001,158
ACGCATCCGTCCAGCGACGA_001,2
ACGCATCCGTCCAGCGACGA_002,102
ACGCATCCGTCCAGCGACGA_003,113
ACGCATCCGTCCAGCGACGA_004,184
ACGCATCCGTCCAGCGACGA_005,12
ACGCATCCGTCCAGCGACGA_006,185
ACGCATCCGTCCAGCGACGA_007,185
ACGCATCCGTCCAGCGACGA_008,147
ACGCATCCGTCCAGCGACGA_009,113
ACGCATCCGTCCAGCGACGA_010,168
ACGCATCCGTCCAGCGACGA_011,40
ACGCATCCGTCCAGCGACGA_012,31
ACGCATCCGTCCAGCGACGA_013,52
ACGCATCCGTCCAGCGACGA_014,75
ACGCATCCGTCCAGCGACGA_015,2
ACGCATCCGTCCAGCGACGA_016,27
ACGCATCCGTCCAGCGACGA_017,146
ACGCATCCGTCCAGCGACGA_018,199
ACGCATCCGTCCAGCGACGA_019,68
ACGCATCCGTCCAGCGACGA_020,77
GTTTAATCCTACCTGTACCA_001,55
GTTTAATCCTACCTGTACCA_002,9
TTGGCCAAGGAATGCAGACA_001,152
TTGGCCAAGGAATGCAGACA_002,173
TTGGCCAAGGAATGCAGACA_003,28
CACTAATCAGAACGGATCCA_001,10
CACTAATCAGAACGGATCCA_002,124
CACTAATCAGAACGGATCCA_003,110
CACTAATCAGAACGGATCCA_004,1
CACTAATCAGAACGGATCCA_005,155
CACTAATCAGAACGGATCCA_006,93
CACTAATCAGAACGGATCCA_007,13
AGTATAGCCAACAAGTCGAA_001,17
AGTATAGCCAACAAGTCGAA_002,149
AGTATAGCCAACAAGTCGAA_003,158
AGTATAGCCAACAAGTCGAA_004,119
AGTATAGCCAACAAGTCGAA_005,158
AGTATAGCCAACAAGTCGAA_006,147
AGTATAGCCAACAAGTCGAA_007,34
AGTATAGCCAACAAGTCGAA_008,83
GGGGGTTGTGAAGCACCGAG_001,160
GGGGGTTGTGAAGCACCGAG_002,37
GGGGGTTGTGAAGCACCGAG_003,130
GGGGGTTGTGAAGCACCGAG_004,57
GGGGGTTGTGAAGCACCGAG_005,98
GGGGGTTGTGAAGCACCGAG_006,171
GGGGGTTGTGAAGCACCGAG_007,127
GGGGGTTGTGAAGCACCGAG_008,146
GGGGGTTGTGAAGCACCGAG_009,116
TGATGACTGTGTATCTAAGG_001,49
GAGCCCTTCGAGGTCCAGGT_001,137
GAGCCCTTCGAGGTCCAGGT_002,130
GAGCCCTTCGAGGTCCAGGT_003,127
GAGCCCTTCGAGGTCCAGGT_004,58
GAGCCCTTCGAGGTCCAGGT_005,187
GAGCCCTTCGAGGTCCAGGT_006,132
GAGCCCTTCGAGGTCCAGGT_007,110
GAGCCCTTCGAGGTCCAGGT_008,127
GAGCCCTTCGAGGTCCAGGT_009,47
GAGCCCTTCGAGGTCCAGGT_010,34
GAGCCCTTCGAGGTCCAGGT_011,152
GTTTGCTGAGGAGAAAGAAT_001,52
GTTTGCTGAGGAGAAAGAAT_002,9
GTTTGCTGAGGAGAAAGAAT_003,86
GTTTGCTGAGGAGAAAGAAT_004,71
GTTTGCTGAGGAGAAAGAAT_005,75
GTTTGCTGAGGAGAAAGAAT_006,6
GTTTGCTGAGGAGAAAGAAT_007,6
CACCTGAACCTGGGAGACAG_001,171
CACCTGAACCTGGGAGACAG_002,120
CACCTGAACCTGGGAGACAG_003,66
CACCTGAACCTGGGAGACAG_004,106
CACCTGAACCTGGGAGACAG_005,153
CACCTGAACCTGGGAGACAG_006,167
CGAACTCTAACAGACCAATG_001,9
CGAACTCTAACAGACCAATG_002,61
TACCGCTCAGCATTCAGTGT_001,9
TACCGCTCAGCATTCAGTGT_002,149
TACCGCTCAGCATTCAGTGT_003,49
TACCGCTCAGCATTCAGTGT_004,46
TACCGCTCAGCATTCAGTGT_005,146
TGAGTTGCACGCCGTAGCGG_001,176
TGAGTTGCACGCCGTAGCGG_002,177
TGAGTTGCACGCCGTAGCGG_003,88
TGAGTTGCACGCCGTAGCGG_004,40
GGCCAGACATTCCACGCAGA_001,94
AGTATGTGGAGTAATCTTGG_001,107
AGTATGTGGAGTAATCTTGG_002,169
AGTATGTGGAGTAATCTTGG_003,14
AGTATGTGGAGTAATCTTGG_004,186
AGTATGTGGAGTAATCTTGG_005,22
AGTATGTGGAGTAATCTTGG_006,82
AGTATGTGGAGTAATCTTGG_007,27
AGTATGTGGAGTAATCTTGG_008,50
AGTATGTGGAGTAATCTTGG_009,121
AGTATGTGGAGTAATCTTGG_010,169
AGTATGTGGAGTAATCTTGG_011,138
GGATTGATGGAGTTAGTACT_001,142
GGATTGATGGAGTTAGTACT_002,148
GGATTGATGGAGTTAGTACT_003,43
GGATTGATGGAGTTAGTACT_004,150
GGATTGATGGAGTTAGTACT_005,9
GGATTGATGGAGTTAGTACT_006,149
GGATTGATGGAGTTAGTACT_007,169
GGATTGATGGAGTTAGTACT_008,179
GGATTGATGGAGTTAGTACT_009,168
AGTTTCGGGCCAGAATCATG_001,18
AGTTTCGGGCCAGAATCATG_002,168
AGTTTCGGGCCAGAATCATG_003,40
AGTTTCGGGCCAGAATCATG_004,6
AGTTTCGGGCCAGAATCATG_005,28
AGTTTCGGGCCAGAATCATG_006,62
AGTTTCGGGCCAGAATCATG_007,73
AGTTTCGGGCCAGAATCATG_008,21
AGTTTCGGGCCAGAATCATG_009,81
AGTTTCGGGCCAGAATCATG_010,63
ATACCTGAACAGGAAGTACG_001,45
ATACCTGAACAGGAAGTACG_002,121
ATACCTGAACAGGAAGTACG_003,116
ATACCTGAACAGGAAGTACG_004,22
ATACCTGAACAGGAAGTACG_005,79
ATACCTGAACAGGAAGTACG_006,112
ATACCTGAACAGGAAGTACG_007,60
GGTGTTCCACTTACTTCTTG_001,130
GGTGTTCCACTTACTTCTTG_002,70
GGTGTTCCACTTACTTCTTG_003,170
GGTGTTCCACTTACTTCTTG_004,64
GGTGTTCCACTTACTTCTTG_005,80
GGTGTTCCACTTACTTCTTG_006,58
GGTGTTCCACTTACTTCTTG_007,197
CACAGCATAGCTGTACACGA_001,2
CACAGCATAGCTGTACACGA_002,4
CACAGCATAGCTGTACACGA_003,148
CACAGCATAGCTGTACACGA_004,178
CACAGCATAGCTGTACACGA_005,36
CACAGCATAGCTGTACACGA_006,156
CACAGCATAGCTGTACACGA_007,4
CACCATGACAGATTTCCTGG_001,178
CACCATGACAGATTTCCTGG_002,47
CACCATGACAGATTTCCTGG_003,166
CACCATGACAGATTTCCTGG_004,183
CACCATGACAGATTTCCTGG_005,71
CACCATGACAGATTTCCTGG_006,50
CACCATGACAGATTTCCTGG_007,102
CACCATGACAGATTTCCTGG_008,62
CACCATGACAGATTTCCTGG_009,126
GTAGGAAACCTCCATGAATG_001,32
GTAGGAAACCTCCATGAATG_002,185
GTAGGAAACCTCCATGAATG_003,83
GTAGGAAACCTCCATGAATG_004,95
GTAGGAAACCTCCATGAATG_005,48
GAGCCAGTGAGTCTGACACG_001,17
GAGCCAGTGAGTCTGACACG_002,78
GAGCCAGTGAGTCTGACACG_003,90
GAGCCAGTGAGTCTGACACG_004,109
GAGCCAGTGAGTCTGACACG_005,48
GAGCCAGTGAGTCTGACACG_006,178
GAGCCAGTGAGTCTGACACG_007,54
GAGCCAGTGAGTCTGACACG_008,186
GAGCCAGTGAGTCTGACACG_009,91
GCGCTGTAAGATCCTGATGA_001,0
GCGCTGTAAGATCCTGATGA_002,172
GCGCTGTAAGATCCTGATGA_003,81
GCGCTGTAAGATCCTGATGA_004,29
ACATGTTCTCGAAAGTATGA_001,169
ACATGTTCTCGAAAGTATGA_002,158
ACATGTTCTCGAAAGTATGA_003,27
ACATGTTCTCGAAAGTATGA_004,77
ACATGTTCTCGAAAGTATGA_005,155
AGTGAAAGAACTGGTATGGG_001,120
AGTGAAAGAACTGGTATGGG_002,141
AGTGAAAGAACTGGTATGGG_003,103
AGTGAAAGAACTGGTATGGG_004,150
TGAACCCAGAACATAAAAAG_001,9
TGAACCCAGAACATAAAAAG_002,162
TGAACCCAGAACATAAAAAG_003,1
TGAACCCAGAACATAAAAAG_004,190
TGAACCCAGAACATAAAAAG_005,133
TGAACCCAGAACATAAAAAG_006,169
TGAACCCAGAACATAAAAAG_007,156
TACATCTTCGAGATCGAGGG_001,9
TACATCTTCGAGATCGAGGG_002,120
TACATCTTCGAGATCGAGGG_003,3
GGTGCTGCCATCAAAGATGA_001,27
GGTGCTGCCATCAAAGATGA_002,193
GGTGCTGCCATCAAAGATGA_003,154
GGTGCTGCCATCAAAGATGA_004,58
GGTGCTGCCATCAAAGATGA_005,170
GGTGCTGCCATCAAAGATGA_006,31
GGTGCTGCCATCAAAGATGA_007,145
GGTGCTGCCATCAAAGATGA_008,13
GGTGCTGCCATCAAAGATGA_009,12
TACCTTCTCAGCATTCCGAA_001,116
TACCTTCTCAGCATTCCGAA_002,169
TACCTTCTCAGCATTCCGAA_003,137
TACCTTCTCAGCATTCCGAA_004,146
TACCTTCTCAGCATTCCGAA_005,67
TACCTTCTCAGCATTCCGAA_006,58
TACCTTCTCAGCATTCCGAA_007,11
TACCTTCTCAGCATTCCGAA_008,58
TCTGGAGCACAAACCAGCTA_001,151
TCTGGAGCACAAACCAGCTA_002,106
TCTGGAGCACAAACCAGCTA_003,24
TCTGGAGCACAAACCAGCTA_004,112
TCTGGAGCACAAACCAGCTA_005,66
CTGGAGAAAATAAAGCACAG_001,107
CTGGAGAAAATAAAGCACAG_002,168
CTGGAGAAAATAAAGCACAG_003,26
CTGGAGAAAATAAAGCACAG_004,184
CTGGAGAAAATAAAGCACAG_005,153
CTGGAGAAAATAAAGCACAG_006,153
CTGGAGAAAATAAAGCACAG_007,149
CTGGAGAAAATAAAGCACAG_008,8
CTGGAGAAAATAAAGCACAG_009,16
CTGGAGAAAATAAAGCACAG_010,185
CTGGAGAAAATAAAGCACAG_011,141
CTGGAGAAAATAAAGCACAG_012,9
CTGGAGAAAATAAAGCACAG_013,62
CTGGAGAAAATAAAGCACAG_014,1
CTGGAGAAAATAAAGCACAG_015,94
CTGGAGAAAATAAAGCACAG_016,158
CTGGAGAAAATAAAGCACAG_017,40
CTGGAGAAAATAAAGCACAG_018,124
AGCTGAGAGAGTACATCAGG_001,103
AGCTGAGAGAGTACATCAGG_002,199
AGCTGAGAGAGTACATCAGG_003,41
AGCTGAGAGAGTACATCAGG_004,40
AGCTGAGAGAGTACATCAGG_005,112
AGCTGAGAGAGTACATCAGG_006,112
CAATAATAGACAGACTGACA_001,50
CAATAATAGACAGACTGACA_002,32
CAATAATAGACAGACTGACA_003,8
CAATAATAGACAGACTGACA_004,88
CAATAATAGACAGACTGACA_005,166
CAATAATAGACAGACTGACA_006,105
CAATAATAGACAGACTGACA_007,162
CAATAATAGACAGACTGACA_008,27
CAATAATAGACAGACTGACA_009,198
CAATAATAGACAGACTGACA_010,64
GATGACTAAAACCATTTCTG_001,111
GATGACTAAAACCATTTCTG_002,111
GATGACTAAAACCATTTCTG_003,127
TCAGGTCACACCAAGCATCA_001,94
TCAGGTCACACCAAGCATCA_002,65
TCAGGTCACACCAAGCATCA_003,6
TCAGGTCACACCAAGCATCA_004,84
TCAGGTCACACCAAGCATCA_005,127
TCAGGTCACACCAAGCATCA_006,58
TCAGGTCACACCAAGCATCA_007,199
TCAGGTCACACCAAGCATCA_008,9
TCAGGTCACACCAAGCATCA_009,82
TCAGGTCACACCAAGCATCA_010,23
TCAGGTCACACCAAGCATCA_011,23
TCAGGTCACACCAAGCATCA_012,161
TCAGGTCACACCAAGCATCA_013,161
CGAAAAAGCAGTTCCGCTGG_001,199
CGAAAAAGCAGTTCCGCTGG_002,60
CGAAAAAGCAGTTCCGCTGG_003,108
CGAAAAAGCAGTTCCGCTGG_004,28
CGAAAAAGCAGTTCCGCTGG_005,66
CGAAAAAGCAGTTCCGCTGG_006,63
TTGGTAAAAATAGAGCAGCG_001,5
TTGGTAAAAATAGAGCAGCG_002,104
TTGGTAAAAATAGAGCAGCG_003,101
TTGGTAAAAATAGAGCAGCG_004,122
TTGGTAAAAATAGAGCAGCG_005,20
TTGGTAAAAATAGAGCAGCG_006,116
AAATAGGAGCAATAAACCAG_001,165
AAATAGGAGCAATAAACCAG_002,114
AAATAGGAGCAATAAACCAG_003,65
AAATAGGAGCAATAAACCAG_004,41
AAATAGGAGCAATAAACCAG_005,50
AAATAGGAGCAATAAACCAG_006,93
AAATAGGAGCAATAAACCAG_007,6
AAATAGGAGCAATAAACCAG_008,48
AAATAGGAGCAATAAACCAG_009,58
AAATAGGAGCAATAAACCAG_010,34
AAATAGGAGCAATAAACCAG_011,152
CCGCCAACGATGTCCAAAAG_001,17
CCGCCAACGATGTCCAAAAG_002,9
CCGCCAACGATGTCCAAAAG_003,72
CCGCCAACGATGTCCAAAAG_004,81
CCGCCAACGATGTCCAAAAG_005,188
GCTCACGGATCACTCGTGCT_001,88
GCTCACGGATCACTCGTGCT_002,105
GCTCACGGATCACTCGTGCT_003,10
GCTCACGGATCACTCGTGCT_004,88
GCTCACGGATCACTCGTGCT_005,88
GCTCACGGATCACTCGTGCT_006,198
GCTCACGGATCACTCGTGCT_007,182
GCTCACGGATCACTCGTGCT_008,85
GCTCACGGATCACTCGTGCT_009,198
GCTCACGGATCACTCGTGCT_010,8
GCTCACGGATCACTCGTGCT_011,160
GCTCACGGATCACTCGTGCT_012,162
GCTCACGGATCACTCGTGCT_013,27
GCTCACGGATCACTCGTGCT_014,75
GCTCACGGATCACTCGTGCT_015,146
GCTCACGGATCACTCGTGCT_016,159
GCTCACGGATCACTCGTGCT_017,3
CATCTCAGGCCTTATATACG_001,190
CATCTCAGGCCTTATATACG_002,141
CATCTCAGGCCTTATATACG_003,88
CATCTCAGGCCTTATATACG_004,98
CATCTCAGGCCTTATATACG_005,99
TGAGATCTTCCCGAACAACA_001,148
TGAGATCTTCCCGAACAACA_002,5
TGAGATCTTCCCGAACAACA_003,57
GAATGTGGGGTAGAAGTAGC_001,150
GAATGTGGGGTAGAAGTAGC_002,83
GAATGTGGGGTAGAAGTAGC_003,163
GAATGTGGGGTAGAAGTAGC_004,109
GAATGTGGGGTAGAAGTAGC_005,28
AGGCTCTGGAAAACCTCCAG_001,106
AGGCTCTGGAAAACCTCCAG_002,29
AGGCTCTGGAAAACCTCCAG_003,43
AGGCTCTGGAAAACCTCCAG_004,50
AGGCTCTGGAAAACCTCCAG_005,164
AGGCTCTGGAAAACCTCCAG_006,41
AGGCTCTGGAAAACCTCCAG_007,57
AGGCTCTGGAAAACCTCCAG_008,84
AGGCTCTGGAAAACCTCCAG_009,163
AGGCTCTGGAAAACCTCCAG_010,1
AGGCTCTGGAAAACCTCCAG_011,94
AGGCTCTGGAAAACCTCCAG_012,183
AGGCTCTGGAAAACCTCCAG_013,91
AGGCTCTGGAAAACCTCCAG_014,163
AGGCTCTGGAAAACCTCCAG_015,78
AGGCTCTGGAAAACCTCCAG_016,188
AGGCTCTGGAAAACCTCCAG_017,133
AGGCTCTGGAAAACCTCCAG_018,73
AGGCTCTGGAAAACCTCCAG_019,194
AGGCTCTGGAAAACCTCCAG_020,92
AGGCTCTGGAAAACCTCCAG_021,199
AGGCTCTGGAAAACCTCCAG_022,157
AGGCTCTGGAAAACCTCCAG_023,108
AGGCTCTGGAAAACCTCCAG_024,58
TTCTGAGAAATGTCGCGACG_001,154
TTCTGAGAAATGTCGCGACG_002,50
TTCTGAGAAATGTCGCGACG_003,60
TTCTGAGAAATGTCGCGACG_004,70
TTCTGAGAAATGTCGCGACG_005,176
TTCTGAGAAATGTCGCGACG_006,147
TTCTGAGAAATGTCGCGACG_007,92
TTCTGAGAAATGTCGCGACG_008,186
TTCTGAGAAATGTCGCGACG_009,57
TTCTGAGAAATGTCGCGACG_010,8
TTCTGAGAAATGTCGCGACG_011,77
TTCTGAGAAATGTCGCGACG_012,107
TTCTGAGAAATGTCGCGACG_013,105
TTCTGAGAAATGTCGCGACG_014,181
TTCTGAGAAATGTCGCGACG_015,16
TTCTGAGAAATGTCGCGACG_016,127
TTCTGAGAAATGTCGCGACG_017,102
TTCTGAGAAATGTCGCGACG_018,15
TCTGGTGGTGATCAACACCA_001,41
TCTGGTGGTGATCAACACCA_002,176
TCTGGTGGTGATCAACACCA_003,58
TCTGGTGGTGATCAACACCA_004,83
TCTGGTGGTGATCAACACCA_005,83
TCTTCAAAGCATTTAGAGTG_001,119
TCTTCAAAGCATTTAGAGTG_002,1
TCTTCAAAGCATTTAGAGTG_003,121
TCTTCAAAGCATTTAGAGTG_004,106
AGGCCAAGGACCATGTCCTG_001,183
AGGCCAAGGACCATGTCCTG_002,183
AGGCCAAGGACCATGTCCTG_003,38
AGGCCAAGGACCATGTCCTG_004,147
AGGCCAAGGACCATGTCCTG_005,137
AGGCCAAGGACCATGTCCTG_006,106
AGGCCAAGGACCATGTCCTG_007,22
AGGCCAAGGACCATGTCCTG_008,61
AGGCCAAGGACCATGTCCTG_009,136
AGGCCAAGGACCATGTCCTG_010,28
AGGCCAAGGACCATGTCCTG_011,148
AGGCCAAGGACCATGTCCTG_012,105
AGGCCAAGGACCATGTCCTG_013,182
AGGCCAAGGACCATGTCCTG_014,105
AGGCCAAGGACCATGTCCTG_015,22
AGGCCAAGGACCATGTCCTG_016,145
AGGCCAAGGACCATGTCCTG_017,106
AGGCCAAGGACCATGTCCTG_018,62
AGGCCAAGGACCATGTCCTG_019,166
GAGAGAGCCTCCAGTTTGAG_001,1
GAGAGAGCCTCCAGTTTGAG_002,29
GAGAGAGCCTCCAGTTTGAG_003,78
GAGAGAGCCTCCAGTTTGAG_004,134
GAGAGAGCCTCCAGTTTGAG_005,8
GTTCGTCAGGAATCCCATTG_001,139
GTTCGTCAGGAATCCCATTG_002,148
GTTCGTCAGGAATCCCATTG_003,156
GTTCGTCAGGAATCCCATTG_004,118
CCCGACACACCTGAGAGCTA_001,199
CCCGACACACCTGAGAGCTA_002,115
CCCGACACACCTGAGAGCTA_003,158
CCCGACACACCTGAGAGCTA_004,49
CCCGACACACCTGAGAGCTA_005,17
CCCGACACACCTGAGAGCTA_006,103
CCCGACACACCTGAGAGCTA_007,158
CCCGACACACCTGAGAGCTA_008,145
CCCGACACACCTGAGAGCTA_009,199
CCCGACACACCTGAGAGCTA_010,48
CCCGACACACCTGAGAGCTA_011,123
CCCGACACACCTGAGAGCTA_012,65
CCCGACACACCTGAGAGCTA_013,104
CCCGACACACCTGAGAGCTA_014,2
CCCGACACACCTGAGAGCTA_015,88
CCCGACACACCTGAGAGCTA_016,12
CCCGACACACCTGAGAGCTA_017,97
CCCGACACACCTGAGAGCTA_018,162
CCCGACACACCTGAGAGCTA_019,160
CCCGACACACCTGAGAGCTA_020,121
CCCGACACACCTGAGAGCTA_021,153
CCCGACACACCTGAGAGCTA_022,2
CCCGACACACCTGAGAGCTA_023,29
CCCGACACACCTGAGAGCTA_024,191
CCCGACACACCTGAGAGCTA_025,104
CCCGACACACCTGAGAGCTA_026,174
TGTGACATGGATTACAGAGG_001,78
TGTGACATGGATTACAGAGG_002,20
TGTGACATGGATTACAGAGG_003,127
TTGGTGATGCCAAAGTACTG_001,4
TTGGTGATGCCAAAGTACTG_002,26
TTGGTGATGCCAAAGTACTG_003,117
TTGGTGATGCCAAAGTACTG_004,180
TAAAGTTCACCACACACAGT_001,126
TAAAGTTCACCACACACAGT_002,106
TAAAGTTCACCACACACAGT_003,35
TAAAGTTCACCACACACAGT_004,85
TAAAGTTCACCACACACAGT_005,134
TAAAGTTCACCACACACAGT_006,66
TAAAGTTCACCACACACAGT_007,108
TTGTGTTGCACGCATGCTTG_001,140
TTGTGTTGCACGCATGCTTG_002,195
TTGTGTTGCACGCATGCTTG_003,24
TTGTGTTGCACGCATGCTTG_004,103
TTGTGTTGCACGCATGCTTG_005,10
TTGTGTTGCACGCATGCTTG_006,46
TTGTGTTGCACGCATGCTTG_007,95
TTGTGTTGCACGCATGCTTG_008,127
TTGTGTTGCACGCATGCTTG_009,60
TTGTGTTGCACGCATGCTTG_010,104
TTGTGTTGCACGCATGCTTG_011,6
TTGTGTTGCACGCATGCTTG_012,6
TTGTGTTGCACGCATGCTTG_013,172
AAGATGCTCCGCACGTCGCG_001,102
AAGATGCTCCGCACGTCGCG_002,49
AAGATGCTCCGCACGTCGCG_003,22
AAGATGCTCCGCACGTCGCG_004,63
AAGATGCTCCGCACGTCGCG_005,2
AAGATGCTCCGCACGTCGCG_006,178
AAGATGCTCCGCACGTCGCG_007,72
CAGGGCCTGGCACTTCACAT_001,168
CAGGGCCTGGCACTTCACAT_002,153
CAGGGCCTGGCACTTCACAT_003,117
CAGGGCCTGGCACTTCACAT_004,175
TGCTGGTGTACTGTTGAGGG_001,12
TGCTGGTGTACTGTTGAGGG_002,49
GTAAAGTTGAAAGACCCGGT_001,60
GTAAAGTTGAAAGACCCGGT_002,40
GTAAAGTTGAAAGACCCGGT_003,169
AATCAACCCCCTCCAAATGG_001,135
AATCAACCCCCTCCAAATGG_002,108
AATCAACCCCCTCCAAATGG_003,142
AATCAACCCCCTCCAAATGG_004,144
AATCAACCCCCTCCAAATGG_005,109
AATCAACCCCCTCCAAATGG_006,109
AATCAACCCCCTCCAAATGG_007,59
AATCAACCCCCTCCAAATGG_008,131
AATCAACCCCCTCCAAATGG_009,83
AATCAACCCCCTCCAAATGG_010,117
AATCAACCCCCTCCAAATGG_011,150
AATCAACCCCCTCCAAATGG_012,190
AATCAACCCCCTCCAAATGG_013,117
AATCAACCCCCTCCAAATGG_014,175
AATCAACCCCCTCCAAATGG_015,115
AATCAACCCCCTCCAAATGG_016,47
AATCAACCCCCTCCAAATGG_017,19
AATCAACCCCCTCCAAATGG_018,168
AATCAACCCCCTCCAAATGG_019,65
AATCAACCCCCTCCAAATGG_020,162
AATCAACCCCCTCCAAATGG_021,115
AATCAACCCCCTCCAAATGG_022,123
AATCAACCCCCTCCAAATGG_023,64
AATCAACCCCCTCCAAATGG_024,8
AATCAACCCCCTCCAAATGG_025,149
AATCAACCCCCTCCAAATGG_026,156
AATCAACCCCCTCCAAATGG_027,158
AATCAACCCCCTCCAAATGG_028,105
AATCAACCCCCTCCAAATGG_029,17
AATCAACCCCCTCCAAATGG_030,7
AATCAACCCCCTCCAAATGG_031,181
AATCAACCCCCTCCAAATGG_032,179
AATCAACCCCCTCCAAATGG_033,137
AATCAACCCCCTCCAAATGG_034,35
AATCAACCCCCTCCAAATGG_035,151
AATCAACCCCCTCCAAATGG_036,160
AATCAACCCCCTCCAAATGG_037,166
AATCAACCCCCTCCAAATGG_038,150
AATCAACCCCCTCCAAATGG_039,185
AATCAACCCCCTCCAAATGG_040,158
AATCAACCCCCTCCAAATGG_041,17
AATCAACCCCCTCCAAATGG_042,107
AATCAACCCCCTCCAAATGG_043,177
AATCAACCCCCTCCAAATGG_044,99
AATCAACCCCCTCCAAATGG_045,188
AATCAACCCCCTCCAAATGG_046,2
AATCAACCCCCTCCAAATGG_047,50
AATCAACCCCCTCCAAATGG_048,62
AATCAACCCCCTCCAAATGG_049,43
AATCAACCCCCTCCAAATGG_050,124
AATCAACCCCCTCCAAATGG_051,84
AATCAACCCCCTCCAAATGG_052,10
AATCAACCCCCTCCAAATGG_053,56
AATCAACCCCCTCCAAATGG_054,61
AATCAACCCCCTCCAAATGG_055,153
AATCAACCCCCTCCAAATGG_056,83
AATCAACCCCCTCCAAATGG_057,197
AATCAACCCCCTCCAAATGG_058,58
AATCAACCCCCTCCAAATGG_059,80
AATCAACCCCCTCCAAATGG_060,169
AATCAACCCCCTCCAAATGG_061,165
AATCAACCCCCTCCAAATGG_062,50
AATCAACCCCCTCCAAATGG_063,149
AATCAACCCCCTCCAAATGG_064,99
AATCAACCCCCTCCAAATGG_065,188
AATCAACCCCCTCCAAATGG_066,99
AATCAACCCCCTCCAAATGG_067,66
AATCAACCCCCTCCAAATGG_068,57
AATCAACCCCCTCCAAATGG_069,47
AATCAACCCCCTCCAAATGG_070,39
AATCAACCCCCTCCAAATGG_071,10
AATCAACCCCCTCCAAATGG_072,144
AATCAACCCCCTCCAAATGG_073,136
AATCAACCCCCTCCAAATGG_074,121
AATCAACCCCCTCCAAATGG_075,165
AATCAACCCCCTCCAAATGG_076,13
AATCAACCCCCTCCAAATGG_077,74
AATCAACCCCCTCCAAATGG_078,81
TCATTGTGTGTATTGATCAA_001,108
TCATTGTGTGTATTGATCAA_002,94
TAATGAACGGGTGCTAGATG_001,48
TAATGAACGGGTGCTAGATG_002,145
TAATGAACGGGTGCTAGATG_003,141
TAATGAACGGGTGCTAGATG_004,174
AGGGTGACGTGGGACCTGCG_001,186
AGGGTGACGTGGGACCTGCG_002,21
AGGGTGACGTGGGACCTGCG_003,64
AGGGTGACGTGGGACCTGCG_004,114
AGGGTGACGTGGGACCTGCG_005,38
AGGGTGACGTGGGACCTGCG_006,49
AGGGTGACGTGGGACCTGCG_007,119
AGGGTGACGTGGGACCTGCG_008,33
AGGGTGACGTGGGACCTGCG_009,114
AGGGTGACGTGGGACCTGCG_010,169
AGGGTGACGTGGGACCTGCG_011,89
AGGGTGACGTGGGACCTGCG_012,115
AGGGTGACGTGGGACCTGCG_013,105
AGGGTGACGTGGGACCTGCG_014,170
AGGGTGACGTGGGACCTGCG_015,158
AGGGTGACGTGGGACCTGCG_016,99
AGGGTGACGTGGGACCTGCG_017,20
AGGGTGACGTGGGACCTGCG_018,77
AGGGTGACGTGGGACCTGCG_019,156
AGGGTGACGTGGGACCTGCG_020,169
AGGGTGACGTGGGACCTGCG_021,107
AGGGTGACGTGGGACCTGCG_022,51
AGGGTGACGTGGGACCTGCG_023,199
AGGGTGACGTGGGACCTGCG_024,28
AGGGTGACGTGGGACCTGCG_025,79
AGGGTGACGTGGGACCTGCG_026,3
AGGGTGACGTGGGACCTGCG_027,180
AGGGTGACGTGGGACCTGCG_028,35
AGGGTGACGTGGGACCTGCG_029,82
AGGGTGACGTGGGACCTGCG_030,67
AGGGTGACGTGGGACCTGCG_031,199
AGGGTGACGTGGGACCTGCG_032,199
AGGGTGACGTGGGACCTGCG_033,189
AGGGTGACGTGGGACCTGCG_034,102
AGGGTGACGTGGGACCTGCG_035,43
AGGGTGACGTGGGACCTGCG_036,198
AGGGTGACGTGGGACCTGCG_037,98
AGGGTGACGTGGGACCTGCG_038,1
AGGGTGACGTGGGACCTGCG_039,141
AGGGTGACGTGGGACCTGCG_040,9
AGGGTGACGTGGGACCTGCG_041,8
CTCATTAAAGCTACCCACGT_001,174
CTCATTAAAGCTACCCACGT_002,85
CTCATTAAAGCTACCCACGT_003,95
CTCATTAAAGCTACCCACGT_004,168
TGTCGCCGTAGCCAATGGAG_001,97
TGTCGCCGTAGCCAATGGAG_002,106
TGTCGCCGTAGCCAATGGAG_003,191
TGTCGCCGTAGCCAATGGAG_004,47
TGTCGCCGTAGCCAATGGAG_005,196
TGTCGCCGTAGCCAATGGAG_006,47
TGTCGCCGTAGCCAATGGAG_007,108
TGTCGCCGTAGCCAATGGAG_008,147
TGTCGCCGTAGCCAATGGAG_009,40
TGTCGCCGTAGCCAATGGAG_010,128
TGTCGCCGTAGCCAATGGAG_011,179
TGTCGCCGTAGCCAATGGAG_012,133
TGTCGCCGTAGCCAATGGAG_013,98
TGTCGCCGTAGCCAATGGAG_014,78
TGTCGCCGTAGCCAATGGAG_015,176
TGTCGCCGTAGCCAATGGAG_016,6
TGTCGCCGTAGCCAATGGAG_017,169
TGTCGCCGTAGCCAATGGAG_018,43
TGTCGCCGTAGCCAATGGAG_019,65
AGTTTCCTGAAAGTAGATAG_001,76
AGTTTCCTGAAAGTAGATAG_002,43
AGTTTCCTGAAAGTAGATAG_003,161
AGTTTCCTGAAAGTAGATAG_004,170
AGTTTCCTGAAAGTAGATAG_005,183
AGTTTCCTGAAAGTAGATAG_006,49
AGTTTCCTGAAAGTAGATAG_007,15
AGTTTCCTGAAAGTAGATAG_008,56
CGCACCGTGTCGTGCCCCAG_001,29
CGCACCGTGTCGTGCCCCAG_002,170
CGCACCGTGTCGTGCCCCAG_003,171
CGCACCGTGTCGTGCCCCAG_004,149
CGCACCGTGTCGTGCCCCAG_005,37
CGCACCGTGTCGTGCCCCAG_006,58
CGCACCGTGTCGTGCCCCAG_007,199
CGCACCGTGTCGTGCCCCAG_008,171
CGCACCGTGTCGTGCCCCAG_009,172
CGCACCGTGTCGTGCCCCAG_010,182
CGCACCGTGTCGTGCCCCAG_011,29
CGCACCGTGTCGTGCCCCAG_012,16
CGCACCGTGTCGTGCCCCAG_013,19
CGCACCGTGTCGTGCCCCAG_014,47
CGCACCGTGTCGTGCCCCAG_015,187
CGCACCGTGTCGTGCCCCAG_016,184
CGCACCGTGTCGTGCCCCAG_017,125
AGAGACTCCCAAGCAGACAC_001,38
AGAGACTCCCAAGCAGACAC_002,9
AGAGACTCCCAAGCAGACAC_003,127
AGAGACTCCCAAGCAGACAC_004,17
AGAGACTCCCAAGCAGACAC_005,138
AGAGACTCCCAAGCAGACAC_006,173
AGAGACTCCCAAGCAGACAC_007,182
AGAGACTCCCAAGCAGACAC_008,1
AGAGACTCCCAAGCAGACAC_009,127
AGAGACTCCCAAGCAGACAC_010,17
AGAGACTCCCAAGCAGACAC_011,142
AGAGACTCCCAAGCAGACAC_012,36
AGAGACTCCCAAGCAGACAC_013,160
AGAGACTCCCAAGCAGACAC_014,88
AGAGACTCCCAAGCAGACAC_015,6
AGAGACTCCCAAGCAGACAC_016,6
AGAGACTCCCAAGCAGACAC_017,182
AGAGACTCCCAAGCAGACAC_018,56
GGCCTTCAACCGCATCTACG_001,44
GGCCTTCAACCGCATCTACG_002,159
GGCCTTCAACCGCATCTACG_003,157
GGCCTTCAACCGCATCTACG_004,24
GGCCTTCAACCGCATCTACG_005,53
GGCCTTCAACCGCATCTACG_006,101
GGCCTTCAACCGCATCTACG_007,12
GGCCTTCAACCGCATCTACG_008,156
GGCCTTCAACCGCATCTACG_009,18
GGCCTTCAACCGCATCTACG_010,72
ACTGGCATTAGCCAGCCTGT_001,32
ACTGGCATTAGCCAGCCTGT_002,127
ACTGGCATTAGCCAGCCTGT_003,196
ACTGGCATTAGCCAGCCTGT_004,105
ACTGGCATTAGCCAGCCTGT_005,15
TGGAACAAGCTCCGGACTCG_001,105
TGGAACAAGCTCCGGACTCG_002,12
TGGAACAAGCTCCGGACTCG_003,78
TGGAACAAGCTCCGGACTCG_004,87
TGGAACAAGCTCCGGACTCG_005,38
TGGAACAAGCTCCGGACTCG_006,190
TGGAACAAGCTCCGGACTCG_007,41
TGGAACAAGCTCCGGACTCG_008,199
TGGAACAAGCTCCGGACTCG_009,50
TGGAACAAGCTCCGGACTCG_010,20
TGGAACAAGCTCCGGACTCG_011,164
TGGAACAAGCTCCGGACTCG_012,126
TGGAACAAGCTCCGGACTCG_013,77
TGGAACAAGCTCCGGACTCG_014,192
TGGAACAAGCTCCGGACTCG_015,103
TGCAACGGAGCTCGCCTGCT_001,149
TGCAACGGAGCTCGCCTGCT_002,171
TGCAACGGAGCTCGCCTGCT_003,144
TGCAACGGAGCTCGCCTGCT_004,195
TGCAACGGAGCTCGCCTGCT_005,151
TGCAACGGAGCTCGCCTGCT_006,53
TGCAACGGAGCTCGCCTGCT_007,26
TGCAACGGAGCTCGCCTGCT_008,72
TGCAACGGAGCTCGCCTGCT_009,12
TGCAACGGAGCTCGCCTGCT_010,181
TGCAACGGAGCTCGCCTGCT_011,7
TGCAACGGAGCTCGCCTGCT_012,1
TGCAACGGAGCTCGCCTGCT_013,198
TGCAACGGAGCTCGCCTGCT_014,27
TGCAACGGAGCTCGCCTGCT_015,12
TGCAACGGAGCTCGCCTGCT_016,105
TGCAACGGAGCTCGCCTGCT_017,184
TGCAACGGAGCTCGCCTGCT_018,49
TGCAACGGAGCTCGCCTGCT_019,123
TGCAACGGAGCTCGCCTGCT_020,103
TGCAACGGAGCTCGCCTGCT_021,81
TGCAACGGAGCTCGCCTGCT_022,120
TGCAACGGAGCTCGCCTGCT_023,184
TGCAACGGAGCTCGCCTGCT_024,155
TGCAACGGAGCTCGCCTGCT_025,156
TGCAACGGAGCTCGCCTGCT_026,144
TGCAACGGAGCTCGCCTGCT_027,62
TGCAACGGAGCTCGCCTGCT_028,174
TGCAACGGAGCTCGCCTGCT_029,171
TGCAACGGAGCTCGCCTGCT_030,49
TGCAACGGAGCTCGCCTGCT_031,40
TGCAACGGAGCTCGCCTGCT_032,188
TGCAACGGAGCTCGCCTGCT_033,4
TGCAACGGAGCTCGCCTGCT_034,140
TGCAACGGAGCTCGCCTGCT_035,159
TGCAACGGAGCTCGCCTGCT_036,21
TGCAACGGAGCTCGCCTGCT_037,150
TGCAACGGAGCTCGCCTGCT_038,44
TGCAACGGAGCTCGCCTGCT_039,15
TGCAACGGAGCTCGCCTGCT_040,15
TGCAACGGAGCTCGCCTGCT_041,122
TGCAACGGAGCTCGCCTGCT_042,114
TGTGGGGCCCGTAGTACCCA_001,176
TGTGGGGCCCGTAGTACCCA_002,41
GGTGTAGAGGGTGATGACCG_001,117
GGTGTAGAGGGTGATGACCG_002,60
GGTGTAGAGGGTGATGACCG_003,88
GGTGTAGAGGGTGATGACCG_004,15
GGTGTAGAGGGTGATGACCG_005,14
GGTGTAGAGGGTGATGACCG_006,81
GGTGTAGAGGGTGATGACCG_007,75
GGTGTAGAGGGTGATGACCG_008,91
GGTGTAGAGGGTGATGACCG_009,65
GGTGTAGAGGGTGATGACCG_010,33
CCCTGTTTAGGCCCGACTGG_001,150
CCCTGTTTAGGCCCGACTGG_002,108
CCCTGTTTAGGCCCGACTGG_003,13
CCCTGTTTAGGCCCGACTGG_004,75
CCCTGTTTAGGCCCGACTGG_005,97
CCCTGTTTAGGCCCGACTGG_006,26
CCCTGTTTAGGCCCGACTGG_007,116
CCCTGTTTAGGCCCGACTGG_008,15
ACTCAGTCGGATTCAATGGA_001,144
ACTCAGTCGGATTCAATGGA_002,148
ACTCAGTCGGATTCAATGGA_003,84
ACTCAGTCGGATTCAATGGA_004,43
ACTCAGTCGGATTCAATGGA_005,48
ACTCAGTCGGATTCAATGGA_006,144
ACTCAGTCGGATTCAATGGA_007,94
ACTCAGTCGGATTCAATGGA_008,17
ACTCAGTCGGATTCAATGGA_009,30
TCTTGGAGAGGCCTGACGTC_001,169
TCTTGGAGAGGCCTGACGTC_002,0
TCTTGGAGAGGCCTGACGTC_003,105
TCTTGGAGAGGCCTGACGTC_004,82
TCTTGGAGAGGCCTGACGTC_005,16
TCTTGGAGAGGCCTGACGTC_006,5
TCTTGGAGAGGCCTGACGTC_007,5
TCTTGGAGAGGCCTGACGTC_008,151
TCTTGGAGAGGCCTGACGTC_009,68
TCAAAGTGCTTTCTACCCGG_001,174
TCAAAGTGCTTTCTACCCGG_002,55
CACCTTGTGTGTCTGCCGTG_001,80
CACCTTGTGTGTCTGCCGTG_002,107
CACCTTGTGTGTCTGCCGTG_003,78
GGTATTCTACAGAAGCAACG_001,17
GGTATTCTACAGAAGCAACG_002,97
GGTATTCTACAGAAGCAACG_003,129
GGTATTCTACAGAAGCAACG_004,190
CTGGGGCAGGTTCAATAGTG_001,27
CTGGGGCAGGTTCAATAGTG_002,78
CTGGGGCAGGTTCAATAGTG_003,122
CTGGGGCAGGTTCAATAGTG_004,73
GAGCTACAAGGGGGAGACCA_001,29
GAGCTACAAGGGGGAGACCA_002,33
GAGCTACAAGGGGGAGACCA_003,190
GAGCTACAAGGGGGAGACCA_004,46
GAGCTACAAGGGGGAGACCA_005,73
GAGCTACAAGGGGGAGACCA_006,12
GAGCTACAAGGGGGAGACCA_007,63
GAGCTACAAGGGGGAGACCA_008,77
GAGCTACAAGGGGGAGACCA_009,50
GAGCTACAAGGGGGAGACCA_010,144
GAGCTACAAGGGGGAGACCA_011,197
GAGCTACAAGGGGGAGACCA_012,194
GAGCTACAAGGGGGAGACCA_013,171
GAGCTACAAGGGGGAGACCA_014,46
GCCACTGGGTTCACTCTAGG_001,6
GCCACTGGGTTCACTCTAGG_002,62
GCCACTGGGTTCACTCTAGG_003,106
GCCACTGGGTTCACTCTAGG_004,70
GCCACTGGGTTCACTCTAGG_005,188
GCCACTGGGTTCACTCTAGG_006,193
GCCACTGGGTTCACTCTAGG_007,141
GCCACTGGGTTCACTCTAGG_008,114
GCCACTGGGTTCACTCTAGG_009,38
AAAAGCCGGACCCTACAAAG_001,83
AAAAGCCGGACCCTACAAAG_002,169
AAAAGCCGGACCCTACAAAG_003,49
AAAAGCCGGACCCTACAAAG_004,188
AAAAGCCGGACCCTACAAAG_005,90
AGTCTCGGGCAGTTATCACC_001,69
AGTCTCGGGCAGTTATCACC_002,129
ACAGGAAGAATTCAGTTATG_001,149
ACAGGAAGAATTCAGTTATG_002,154
CTGCAACGAACAATCATTCG_001,0
GTCCGCATTTGCCGACAGAG_001,6
GTCCGCATTTGCCGACAGAG_002,47
GTCCGCATTTGCCGACAGAG_003,134
GTCCGCATTTGCCGACAGAG_004,144
GTCCGCATTTGCCGACAGAG_005,103
GTCCGCATTTGCCGACAGAG_006,77
GTCCGCATTTGCCGACAGAG_007,19
GTCCGCATTTGCCGACAGAG_008,40
GTCCGCATTTGCCGACAGAG_009,144
GTCCGCATTTGCCGACAGAG_010,120
GTCCGCATTTGCCGACAGAG_011,48
GTCCGCATTTGCCGACAGAG_012,117
GTCCGCATTTGCCGACAGAG_013,41
GTCCGCATTTGCCGACAGAG_014,60
GTCCGCATTTGCCGACAGAG_015,115
GTCCGCATTTGCCGACAGAG_016,56
GTCCGCATTTGCCGACAGAG_017,94
GTCCGCATTTGCCGACAGAG_018,141
TGGTTACCAGAGACACAAGG_001,78
TGGTTACCAGAGACACAAGG_002,52
TGGTTACCAGAGACACAAGG_003,84
TGGTTACCAGAGACACAAGG_004,34
TGGTTACCAGAGACACAAGG_005,177
TGGTTACCAGAGACACAAGG_006,168
TGGTTACCAGAGACACAAGG_007,116
TGGTTACCAGAGACACAAGG_008,147
TGGTTACCAGAGACACAAGG_009,66
TGGTTACCAGAGACACAAGG_010,170
TGGTTACCAGAGACACAAGG_011,1
TGGTTACCAGAGACACAAGG_012,67
TGGTTACCAGAGACACAAGG_013,144
TGGTTACCAGAGACACAAGG_014,38
CTTCAGGAACCGACTCCGGG_001,110
CTTCAGGAACCGACTCCGGG_002,0
CTTCAGGAACCGACTCCGGG_003,62
CTTCAGGAACCGACTCCGGG_004,105
CTTCAGGAACCGACTCCGGG_005,63
CTTCAGGAACCGACTCCGGG_006,83
CTTCAGGAACCGACTCCGGG_007,27
CTTCAGGAACCGACTCCGGG_008,162
CTTCAGGAACCGACTCCGGG_009,37
CTTCAGGAACCGACTCCGGG_010,77
CTTCAGGAACCGACTCCGGG_011,127
CTTCAGGAACCGACTCCGGG_012,48
CTTCAGGAACCGACTCCGGG_013,138
CTTCAGGAACCGACTCCGGG_014,193
CTTCAGGAACCGACTCCGGG_015,140
CTTCAGGAACCGACTCCGGG_016,60
CTTCAGGAACCGACTCCGGG_017,81
CTTCAGGAACCGACTCCGGG_018,142
CTTCAGGAACCGACTCCGGG_019,49
CTTCAGGAACCGACTCCGGG_020,150
CTTCAGGAACCGACTCCGGG_021,9
CTTCAGGAACCGACTCCGGG_022,94
CTTCAGGAACCGACTCCGGG_023,149
CTTCAGGAACCGACTCCGGG_024,149
CTTCAGGAACCGACTCCGGG_025,57
CTTCAGGAACCGACTCCGGG_026,150
CTTCAGGAACCGACTCCGGG_027,48
CTTCAGGAACCGACTCCGGG_028,140
ATGACGTCATGATGCCCCAG_001,106
ATGACGTCATGATGCCCCAG_002,170
ATGACGTCATGATGCCCCAG_003,25
ATGACGTCATGATGCCCCAG_004,63
ATGACGTCATGATGCCCCAG_005,53
ATGACGTCATGATGCCCCAG_006,121
ATGACGTCATGATGCCCCAG_007,121
ATGACGTCATGATGCCCCAG_008,191
ACGGGATGCCTAGAAATCGA_001,42
ACGGGATGCCTAGAAATCGA_002,38
ACGGGATGCCTAGAAATCGA_003,138
ACGGGATGCCTAGAAATCGA_004,83
ACGGGATGCCTAGAAATCGA_005,130
AGATCCACGACAACTAACAC_001,166
AGATCCACGACAACTAACAC_002,49
AGATCCACGACAACTAACAC_003,147
AGATCCACGACAACTAACAC_004,40
AGATCCACGACAACTAACAC_005,111
AGATCCACGACAACTAACAC_006,60
AGATCCACGACAACTAACAC_007,99
GAGGTGGCTAAGGCAGACGT_001,67
GAGGTGGCTAAGGCAGACGT_002,82
GAGGTGGCTAAGGCAGACGT_003,145
GAGGTGGCTAAGGCAGACGT_004,6
GAGGTGGCTAAGGCAGACGT_005,6
GAGGTGGCTAAGGCAGACGT_006,67
GAGGTGGCTAAGGCAGACGT_007,11
GAGGTGGCTAAGGCAGACGT_008,162
GAGGTGGCTAAGGCAGACGT_009,80
GAGGTGGCTAAGGCAGACGT_010,63
GAGGTGGCTAAGGCAGACGT_011,72
GAGGTGGCTAAGGCAGACGT_012,5
GAGGTGGCTAAGGCAGACGT_013,168
AGAATACGGCTACAGCACGG_001,145
AGAATACGGCTACAGCACGG_002,88
AGAATACGGCTACAGCACGG_003,2
AGAATACGGCTACAGCACGG_004,198
AGAATACGGCTACAGCACGG_005,97
AGAATACGGCTACAGCACGG_006,8
AGAATACGGCTACAGCACGG_007,83
AGAATACGGCTACAGCACGG_008,116
AGAATACGGCTACAGCACGG_009,49
AGAATACGGCTACAGCACGG_010,22
AGAATACGGCTACAGCACGG_011,48
CCTTTGTCAACGTCAAGCGG_001,55
CCTTTGTCAACGTCAAGCGG_002,144
CCTTTGTCAACGTCAAGCGG_003,190
CCTTTGTCAACGTCAAGCGG_004,114
CCTTTGTCAACGTCAAGCGG_005,114
CCTTTGTCAACGTCAAGCGG_006,146
CCTTTGTCAACGTCAAGCGG_007,52
CCTTTGTCAACGTCAAGCGG_008,46
CCTTTGTCAACGTCAAGCGG_009,106
CCTTTGTCAACGTCAAGCGG_010,140
GTAGGAATAATATTTGGCTG_001,103
TACAGGAGCTCGTTGTGAAG_001,132
TACAGGAGCTCGTTGTGAAG_002,53
TACAGGAGCTCGTTGTGAAG_003,117
TACAGGAGCTCGTTGTGAAG_004,43
TACAGGAGCTCGTTGTGAAG_005,55
CCGCGTTCAGTCCGTGCATG_001,32
CCGCGTTCAGTCCGTGCATG_002,28
CCGCGTTCAGTCCGTGCATG_003,149
CCGCGTTCAGTCCGTGCATG_004,117
CCGCGTTCAGTCCGTGCATG_005,23
CCGCGTTCAGTCCGTGCATG_006,197
CCGCGTTCAGTCCGTGCATG_007,130
CCGCGTTCAGTCCGTGCATG_008,40
CCGCGTTCAGTCCGTGCATG_009,196
CCGCGTTCAGTCCGTGCATG_010,187
CCGCGTTCAGTCCGTGCATG_011,157
CCGCGTTCAGTCCGTGCATG_012,94
CCGCGTTCAGTCCGTGCATG_013,116
CCGCGTTCAGTCCGTGCATG_014,53
CCGCGTTCAGTCCGTGCATG_015,193
CCGCGTTCAGTCCGTGCATG_016,33
CCGCGTTCAGTCCGTGCATG_017,188
CCGCGTTCAGTCCGTGCATG_018,188
CCGCGTTCAGTCCGTGCATG_019,160
CCGCGTTCAGTCCGTGCATG_020,98
CCGCGTTCAGTCCGTGCATG_021,91
CCGCGTTCAGTCCGTGCATG_022,46
CCGCGTTCAGTCCGTGCATG_023,46
CCGCGTTCAGTCCGTGCATG_024,77
CCGCGTTCAGTCCGTGCATG_025,138
CCGCGTTCAGTCCGTGCATG_026,121
TACCTGTAGTCTGATCCACG_001,174
TACCTGTAGTCTGATCCACG_002,57
TACCTGTAGTCTGATCCACG_003,115
TACCTGTAGTCTGATCCACG_004,148
TACCTGTAGTCTGATCCACG_005,96
TGACATGCGATCATTTCTCC_001,8
TGACATGCGATCATTTCTCC_002,35
AGTGACTATCTTTGGCTCGG_001,34
AGTGACTATCTTTGGCTCGG_002,83
AGTGACTATCTTTGGCTCGG_003,125
AGTGACTATCTTTGGCTCGG_004,30
AGTGACTATCTTTGGCTCGG_005,2
AGTGACTATCTTTGGCTCGG_006,176
AGTGACTATCTTTGGCTCGG_007,10
AGTGACTATCTTTGGCTCGG_008,29
CCAGATGGCACTTACACCCG_001,48
CCAGATGGCACTTACACCCG_002,175
CCAGATGGCACTTACACCCG_003,117
TGAGGCAAACACAACCGTGA_001,125
TGAGGCAAACACAACCGTGA_002,36
TGAGGCAAACACAACCGTGA_003,70
TGAGGCAAACACAACCGTGA_004,185
TGAGGCAAACACAACCGTGA_005,47
TGAGGCAAACACAACCGTGA_006,28
TGAGGCAAACACAACCGTGA_007,177
TGAGGCAAACACAACCGTGA_008,105
TGAGGCAAACACAACCGTGA_009,162
TGAGGCAAACACAACCGTGA_010,34
TGAGGCAAACACAACCGTGA_011,146
CTGGCTCACAGGCATCATCA_001,130
CTGGCTCACAGGCATCATCA_002,70
CTGGCTCACAGGCATCATCA_003,178
CTGGCTCACAGGCATCATCA_004,36
CTGGCTCACAGGCATCATCA_005,118
CTGGCTCACAGGCATCATCA_006,8
CTGGCTCACAGGCATCATCA_007,178
CTGGCTCACAGGCATCATCA_008,43
CAACACCACCAAATGCAACG_001,178
CAACACCACCAAATGCAACG_002,58
CAACACCACCAAATGCAACG_003,130
CAACACCACCAAATGCAACG_004,102
CAACACCACCAAATGCAACG_005,87
CAACACCACCAAATGCAACG_006,95
CAACACCACCAAATGCAACG_007,125
CAACACCACCAAATGCAACG_008,132
CAACACCACCAAATGCAACG_009,111
CAACACCACCAAATGCAACG_010,49
CAACACCACCAAATGCAACG_011,144
CAACACCACCAAATGCAACG_012,16
CAACACCACCAAATGCAACG_013,43
CAACACCACCAAATGCAACG_014,166
CAACACCACCAAATGCAACG_015,126
AGATGGCTACATGAACATGC_001,129
CATGTGGTGTGAGCTCTCCG_001,26
CATGTGGTGTGAGCTCTCCG_002,114
ACCACCCACGGTGCTCAACA_001,120
ACCACCCACGGTGCTCAACA_002,183
ACCACCCACGGTGCTCAACA_003,17
ACCACCCACGGTGCTCAACA_004,50
ACCACCCACGGTGCTCAACA_005,114
ACCACCCACGGTGCTCAACA_006,2
ACCACCCACGGTGCTCAACA_007,88
ACCACCCACGGTGCTCAACA_008,157
ACCACCCACGGTGCTCAACA_009,197
ACCACCCACGGTGCTCAACA_010,103
ACCACCCACGGTGCTCAACA_011,45
ACCACCCACGGTGCTCAACA_012,138
ACCACCCACGGTGCTCAACA_013,81
ACCACCCACGGTGCTCAACA_014,2
ACCACCCACGGTGCTCAACA_015,179
ACCACCCACGGTGCTCAACA_016,10
ACCACCCACGGTGCTCAACA_017,60
ACCACCCACGGTGCTCAACA_018,17
ACCACCCACGGTGCTCAACA_019,95
ACCACCCACGGTGCTCAACA_020,132
ACCACCCACGGTGCTCAACA_021,115
ACCACCCACGGTGCTCAACA_022,169
ACCACCCACGGTGCTCAACA_023,48
ACCACCCACGGTGCTCAACA_024,94
ACTGGGACAACTGTAACCGT_001,126
ACTGGGACAACTGTAACCGT_002,53
ACTGGGACAACTGTAACCGT_003,62
ACTGGGACAACTGTAACCGT_004,158
ACTGGGACAACTGTAACCGT_005,103
CCACCTCTTCTACAAACCAG_001,91
CCACCTCTTCTACAAACCAG_002,19
CCACCTCTTCTACAAACCAG_003,34
CCACCTCTTCTACAAACCAG_004,13
CCACCTCTTCTACAAACCAG_005,13
CCACCTCTTCTACAAACCAG_006,172
CCACCTCTTCTACAAACCAG_007,10
GTGGACAGCATAGTGTAGAG_001,36
GTGGACAGCATAGTGTAGAG_002,103
GTGGACAGCATAGTGTAGAG_003,27
GTGGACAGCATAGTGTAGAG_004,80
GTGGACAGCATAGTGTAGAG_005,167
GTGGACAGCATAGTGTAGAG_006,88
GTGGACAGCATAGTGTAGAG_007,43
ATAGGACGCTTCAGAGTAAT_001,118
ATAGGACGCTTCAGAGTAAT_002,118
ATAGGACGCTTCAGAGTAAT_003,43
ATAGGACGCTTCAGAGTAAT_004,107
ATAGGACGCTTCAGAGTAAT_005,67
ATAGGACGCTTCAGAGTAAT_006,34
ATAGGACGCTTCAGAGTAAT_007,0
CGTGGCCATTTGCACCACCG_001,43
CGTGGCCATTTGCACCACCG_002,121
CGTGGCCATTTGCACCACCG_003,121
CGTGGCCATTTGCACCACCG_004,149
CGTGGCCATTTGCACCACCG_005,1
CGTGGCCATTTGCACCACCG_006,162
CGTGGCCATTTGCACCACCG_007,170
CGTGGCCATTTGCACCACCG_008,162
CGTGGCCATTTGCACCACCG_009,157
CGTGGCCATTTGCACCACCG_010,108
CGTGGCCATTTGCACCACCG_011,7
CGTGGCCATTTGCACCACCG_012,108
CGTGGCCATTTGCACCACCG_013,161
CGTGGCCATTTGCACCACCG_014,197
CGTGGCCATTTGCACCACCG_015,91
CGTGGCCATTTGCACCACCG_016,9
GATAGCCCAACCTATCCATG_001,185
GATAGCCCAACCTATCCATG_002,149
GATAGCCCAACCTATCCATG_003,50
GATAGCCCAACCTATCCATG_004,41
GATAGCCCAACCTATCCATG_005,106
GATAGCCCAACCTATCCATG_006,166
GATAGCCCAACCTATCCATG_007,48
GATAGCCCAACCTATCCATG_008,2
GATAGCCCAACCTATCCATG_009,26
GATAGCCCAACCTATCCATG_010,104
GATAGCCCAACCTATCCATG_011,9
TGTTTCGTTTGTTAATGACG_001,161
TGTTTCGTTTGTTAATGACG_002,63
TGTTTCGTTTGTTAATGACG_003,33
TGTTTCGTTTGTTAATGACG_004,173
TGTTTCGTTTGTTAATGACG_005,173
GTCGACCACACAGCACTCCT_001,185
GTCGACCACACAGCACTCCT_002,27
GTCGACCACACAGCACTCCT_003,5
GTCGACCACACAGCACTCCT_004,115
GTCGACCACACAGCACTCCT_005,20
GTCGACCACACAGCACTCCT_006,27
GTCGACCACACAGCACTCCT_007,139
GTCGACCACACAGCACTCCT_008,7
GTCGACCACACAGCACTCCT_009,31
GTCGACCACACAGCACTCCT_010,140
GTCGACCACACAGCACTCCT_011,169
GTCGACCACACAGCACTCCT_012,49
GTCGACCACACAGCACTCCT_013,69
GTCGACCACACAGCACTCCT_014,92
GTCGACCACACAGCACTCCT_015,11
GTCGACCACACAGCACTCCT_016,35
GTCGACCACACAGCACTCCT_017,77
GTCGACCACACAGCACTCCT_018,177
GTCGACCACACAGCACTCCT_019,105
GTCGACCACACAGCACTCCT_020,163
GTCGACCACACAGCACTCCT_021,190
GTCGACCACACAGCACTCCT_022,193
GTCGACCACACAGCACTCCT_023,170
GTCGACCACACAGCACTCCT_024,79
GTCGACCACACAGCACTCCT_025,162
GTCGACCACACAGCACTCCT_026,97
GTCGACCACACAGCACTCCT_027,102
GTCGACCACACAGCACTCCT_028,78
GTCGACCACACAGCACTCCT_029,112
GTCGACCACACAGCACTCCT_030,102
GTCGACCACACAGCACTCCT_031,177
CAGTCTTCAGTATCCGGGAA_001,107
CAGTCTTCAGTATCCGGGAA_002,107
GAAGAGCCCACCTGTTGACA_001,170
GAAGAGCCCACCTGTTGACA_002,59
GAAGAGCCCACCTGTTGACA_003,116
GAAGAGCCCACCTGTTGACA_004,10
GAAGAGCCCACCTGTTGACA_005,137
GAAGAGCCCACCTGTTGACA_006,90
GAAGAGCCCACCTGTTGACA_007,27
GAAGAGCCCACCTGTTGACA_008,111
TAAGACCATCACTCTCGAAG_001,172
TAAGACCATCACTCTCGAAG_002,168
TAAGACCATCACTCTCGAAG_003,58
GTAGAGCGAACCAGCTACAA_001,90
GTAGAGCGAACCAGCTACAA_002,147
GTAGAGCGAACCAGCTACAA_003,42
GTAGAGCGAACCAGCTACAA_004,105
GTAGAGCGAACCAGCTACAA_005,104
GTAGAGCGAACCAGCTACAA_006,89
GTAGAGCGAACCAGCTACAA_007,192
GTAGAGCGAACCAGCTACAA_008,97
GTAGAGCGAACCAGCTACAA_009,188
GTAGAGCGAACCAGCTACAA_010,62
GTAGAGCGAACCAGCTACAA_011,195
GTAGAGCGAACCAGCTACAA_012,124
GTAGAGCGAACCAGCTACAA_013,177
AGCAAGACGAAGCTATTACC_001,10
AGCAAGACGAAGCTATTACC_002,62
AGCAAGACGAAGCTATTACC_003,70
AGCAAGACGAAGCTATTACC_004,192
AGCAAGACGAAGCTATTACC_005,170
AGCAAGACGAAGCTATTACC_006,50
AGCAAGACGAAGCTATTACC_007,102
CATCTTATAAAGTCCGTCCA_001,105
CATCTTATAAAGTCCGTCCA_002,67
CATCTTATAAAGTCCGTCCA_003,50
CATCTTATAAAGTCCGTCCA_004,19
CATCTTATAAAGTCCGTCCA_005,107
CATCTTATAAAGTCCGTCCA_006,29
CATCTTATAAAGTCCGTCCA_007,169
CATCTTATAAAGTCCGTCCA_008,181
CATCTTATAAAGTCCGTCCA_009,170
CATCTTATAAAGTCCGTCCA_010,138
ATGGCTTTGAAGGCGAAAAG_001,127
ATGGCTTTGAAGGCGAAAAG_002,115
ATGGCTTTGAAGGCGAAAAG_003,151
ATGGCTTTGAAGGCGAAAAG_004,195
ATGGCTTTGAAGGCGAAAAG_005,177
CCACTGGGAGCCCTAACTTG_001,170
CCACTGGGAGCCCTAACTTG_002,77
CCACTGGGAGCCCTAACTTG_003,169
CCACTGGGAGCCCTAACTTG_004,48
CCACTGGGAGCCCTAACTTG_005,115
CCACTGGGAGCCCTAACTTG_006,191
CCACTGGGAGCCCTAACTTG_007,105
CCACTGGGAGCCCTAACTTG_008,85
CCACTGGGAGCCCTAACTTG_009,184
CCACTGGGAGCCCTAACTTG_010,150
CCACTGGGAGCCCTAACTTG_011,17
CCACTGGGAGCCCTAACTTG_012,115
CCACTGGGAGCCCTAACTTG_013,137
CCACTGGGAGCCCTAACTTG_014,129
CCACTGGGAGCCCTAACTTG_015,95
CCACTGGGAGCCCTAACTTG_016,172
CTGCACTTGTGTCATAAGGT_001,63
CTGCACTTGTGTCATAAGGT_002,56
CTGCACTTGTGTCATAAGGT_003,127
CTGCACTTGTGTCATAAGGT_004,157
CTGCACTTGTGTCATAAGGT_005,75
CTGCACTTGTGTCATAAGGT_006,65
CTGCACTTGTGTCATAAGGT_007,60
CTGCACTTGTGTCATAAGGT_008,165
CTGCACTTGTGTCATAAGGT_009,158
CTGCACTTGTGTCATAAGGT_010,48
CTGCACTTGTGTCATAAGGT_011,40
ACAGAAACCTAAATTTCCAA_001,8
ACAGAAACCTAAATTTCCAA_002,197
ACAGAAACCTAAATTTCCAA_003,119
GCTGTGGCGTGAGATCACCA_001,156
GCTGTGGCGTGAGATCACCA_002,161
GCTGTGGCGTGAGATCACCA_003,185
GCTGTGGCGTGAGATCACCA_004,138
GCTGTGGCGTGAGATCACCA_005,63
GCTGTGGCGTGAGATCACCA_006,35
GCTGTGGCGTGAGATCACCA_007,50
TCGCTGCACGGAGTATTCAA_001,115
TCGCTGCACGGAGTATTCAA_002,70
TCGCTGCACGGAGTATTCAA_003,123
TCGCTGCACGGAGTATTCAA_004,177
TCGCTGCACGGAGTATTCAA_005,160
TCGCTGCACGGAGTATTCAA_006,108
GTGGCAATACAGATGGTCTG_001,51
TCCCGCCCCTACCTTCGATG_001,103
TCCCGCCCCTACCTTCGATG_002,104
TCCCGCCCCTACCTTCGATG_003,44
TCCCGCCCCTACCTTCGATG_004,94
TCCCGCCCCTACCTTCGATG_005,5
TCCCGCCCCTACCTTCGATG_006,149
TCCCGCCCCTACCTTCGATG_007,63
TCCCGCCCCTACCTTCGATG_008,48
TCCCGCCCCTACCTTCGATG_009,138
TCCCGCCCCTACCTTCGATG_010,43
TCCCGCCCCTACCTTCGATG_011,144
TCCCGCCCCTACCTTCGATG_012,3
TCCCGCCCCTACCTTCGATG_013,50
TCCCGCCCCTACCTTCGATG_014,159
TCCCGCCCCTACCTTCGATG_015,115
TCCCGCCCCTACCTTCGATG_016,178
TCCCGCCCCTACCTTCGATG_017,82
TCCCGCCCCTACCTTCGATG_018,155
TCCCGCCCCTACCTTCGATG_019,74
TCCCGCCCCTACCTTCGATG_020,107
TCCCGCCCCTACCTTCGATG_021,177
TCCCGCCCCTACCTTCGATG_022,3
TCCCGCCCCTACCTTCGATG_023,139
TCCCGCCCCTACCTTCGATG_024,151
TCCCGCCCCTACCTTCGATG_025,61
CCTGGTCAAGCGGCTCAAAG_001,179
CCTGGTCAAGCGGCTCAAAG_002,101
CCTGGTCAAGCGGCTCAAAG_003,113
CCTGGTCAAGCGGCTCAAAG_004,161
CCTGGTCAAGCGGCTCAAAG_005,96
CCTGGTCAAGCGGCTCAAAG_006,78
CCTGGTCAAGCGGCTCAAAG_007,188
CCTGGTCAAGCGGCTCAAAG_008,35
CCTGGTCAAGCGGCTCAAAG_009,72
CCTGGTCAAGCGGCTCAAAG_010,49
CATATGCCATTGCTGCCAGT_001,142
CATATGCCATTGCTGCCAGT_002,110
CATATGCCATTGCTGCCAGT_003,27
CATATGCCATTGCTGCCAGT_004,2
CATATGCCATTGCTGCCAGT_005,148
CATATGCCATTGCTGCCAGT_006,66
CATATGCCATTGCTGCCAGT_007,35
CATATGCCATTGCTGCCAGT_008,103
GATTTCTGATGAAAAAGACG_001,94
GATTTCTGATGAAAAAGACG_002,182
TAGATGACAACTTTATCCTG_001,199
TAGATGACAACTTTATCCTG_002,157
TAGATGACAACTTTATCCTG_003,164
GCAACGTCTGGAGTGCATCG_001,190
GCAACGTCTGGAGTGCATCG_002,30
GCAACGTCTGGAGTGCATCG_003,134
GCAACGTCTGGAGTGCATCG_004,152
GCAACGTCTGGAGTGCATCG_005,49
GCAACGTCTGGAGTGCATCG_006,137
GCAACGTCTGGAGTGCATCG_007,198
GCAACGTCTGGAGTGCATCG_008,62
GCAACGTCTGGAGTGCATCG_009,198
GCAACGTCTGGAGTGCATCG_010,102
ACAAATCTGTACAGATGATG_001,170
ACAAATCTGTACAGATGATG_002,35
ACAAATCTGTACAGATGATG_003,188
ACAAATCTGTACAGATGATG_004,183
ACAAATCTGTACAGATGATG_005,68
GTTGGGGGCCAACAAAGCTC_001,67
GTTGGGGGCCAACAAAGCTC_002,105
GTTGGGGGCCAACAAAGCTC_003,2
GTTGGGGGCCAACAAAGCTC_004,193
GTTGGGGGCCAACAAAGCTC_005,15
GTTGGGGGCCAACAAAGCTC_006,191
GTTGGGGGCCAACAAAGCTC_007,175
GTTGGGGGCCAACAAAGCTC_008,134
GTTGGGGGCCAACAAAGCTC_009,84
GTTGGGGGCCAACAAAGCTC_010,39
GTTGGGGGCCAACAAAGCTC_011,81
GTTGGGGGCCAACAAAGCTC_012,28
GTTGGGGGCCAACAAAGCTC_013,48
GTTGGGGGCCAACAAAGCTC_014,198
GTTGGGGGCCAACAAAGCTC_015,181
GTTGGGGGCCAACAAAGCTC_016,71
GTTGGGGGCCAACAAAGCTC_017,149
GTTGGGGGCCAACAAAGCTC_018,194
GTTGGGGGCCAACAAAGCTC_019,58
GTTGGGGGCCAACAAAGCTC_020,170
GTTGGGGGCCAACAAAGCTC_021,56
GTTGGGGGCCAACAAAGCTC_022,104
GTTGGGGGCCAACAAAGCTC_023,104
CTAAACTCACTAGACCAGCC_001,194
CTAAACTCACTAGACCAGCC_002,148
CTAAACTCACTAGACCAGCC_003,1
CTAAACTCACTAGACCAGCC_004,17
CTAAACTCACTAGACCAGCC_005,185
CTAAACTCACTAGACCAGCC_006,30
CTAAACTCACTAGACCAGCC_007,46
CTAAACTCACTAGACCAGCC_008,76
CTAAACTCACTAGACCAGCC_009,98
CTAAACTCACTAGACCAGCC_010,56
CTAAACTCACTAGACCAGCC_011,78
CTAAACTCACTAGACCAGCC_012,19
CTAAACTCACTAGACCAGCC_013,127
CTAAACTCACTAGACCAGCC_014,41
CTAAACTCACTAGACCAGCC_015,145
CTAAACTCACTAGACCAGCC_016,102
CTAAACTCACTAGACCAGCC_017,35
GCTTCAGAGATTGGCAACGG_001,12
GCTTCAGAGATTGGCAACGG_002,78
GCTTCAGAGATTGGCAACGG_003,188
GCTTCAGAGATTGGCAACGG_004,2
GCTTCAGAGATTGGCAACGG_005,29
GCTTCAGAGATTGGCAACGG_006,183
GCTTCAGAGATTGGCAACGG_007,70
GCTTCAGAGATTGGCAACGG_008,70
GCTTCAGAGATTGGCAACGG_009,50
GCTTCAGAGATTGGCAACGG_010,162
GCTTCAGAGATTGGCAACGG_011,155
GCTTCAGAGATTGGCAACGG_012,77
GCTTCAGAGATTGGCAACGG_013,41
GCTTCAGAGATTGGCAACGG_014,141
GCTTCAGAGATTGGCAACGG_015,184
GCTTCAGAGATTGGCAACGG_016,175
GCTTCAGAGATTGGCAACGG_017,147
GCTTCAGAGATTGGCAACGG_018,60
GCTTCAGAGATTGGCAACGG_019,117
GCTTCAGAGATTGGCAACGG_020,109
GCTTCAGAGATTGGCAACGG_021,63
GCTTCAGAGATTGGCAACGG_022,74
GCTTCAGAGATTGGCAACGG_023,130
GCTTCAGAGATTGGCAACGG_024,94
GCTTCAGAGATTGGCAACGG_025,182
GCTTCAGAGATTGGCAACGG_026,22
GCTTCAGAGATTGGCAACGG_027,35
AGGAGACATTGGGCTCCCCT_001,4
AGGAGACATTGGGCTCCCCT_002,104
AGGAGACATTGGGCTCCCCT_003,191
AGGAGACATTGGGCTCCCCT_004,189
AGGAGACATTGGGCTCCCCT_005,23
AGGAGACATTGGGCTCCCCT_006,19
AGGAGACATTGGGCTCCCCT_007,188
AGGAGACATTGGGCTCCCCT_008,138
AGGAGACATTGGGCTCCCCT_009,150
GGTGTCATAGCGGAGTCCTG_001,150
GGTGTCATAGCGGAGTCCTG_002,101
GGTGTCATAGCGGAGTCCTG_003,1
GGTGTCATAGCGGAGTCCTG_004,34
GGTGTCATAGCGGAGTCCTG_005,48
CAGCGCTGAGGTCTACACGG_001,71
CAGCGCTGAGGTCTACACGG_002,52
CAGCGCTGAGGTCTACACGG_003,172
CAGCGCTGAGGTCTACACGG_004,185
CAGCGCTGAGGTCTACACGG_005,105
CAGCGCTGAGGTCTACACGG_006,0
CAGCGCTGAGGTCTACACGG_007,137
CAGCGCTGAGGTCTACACGG_008,124
TTGGGATCCATATGTACCAA_001,73
TTGGGATCCATATGTACCAA_002,62
TTGGGATCCATATGTACCAA_003,4
TTGGGATCCATATGTACCAA_004,165
ACGATCATTTGCTGATCCGA_001,31
ACGATCATTTGCTGATCCGA_002,131
ACGATCATTTGCTGATCCGA_003,175
ACGATCATTTGCTGATCCGA_004,106
ACGATCATTTGCTGATCCGA_005,27
ACGATCATTTGCTGATCCGA_006,158
ACGATCATTTGCTGATCCGA_007,76
ACGATCATTTGCTGATCCGA_008,160
ACGATCATTTGCTGATCCGA_009,48
ACGATCATTTGCTGATCCGA_010,124
GGACTGGCTGTACACACACG_001,185
GGACTGGCTGTACACACACG_002,46
GGACTGGCTGTACACACACG_003,114
GGACTGGCTGTACACACACG_004,70
GGACTGGCTGTACACACACG_005,172
GGACTGGCTGTACACACACG_006,32
GGACTGGCTGTACACACACG_007,34
GGACTGGCTGTACACACACG_008,57
GGACTGGCTGTACACACACG_009,50
GGACTGGCTGTACACACACG_010,171
GGACTGGCTGTACACACACG_011,55
AGCCACATCTGAGAGCGTCG_001,26
AGCCACATCTGAGAGCGTCG_002,104
AGCCACATCTGAGAGCGTCG_003,58
AGCCACATCTGAGAGCGTCG_004,57
AGCCACATCTGAGAGCGTCG_005,141
AGCCACATCTGAGAGCGTCG_006,117
TAAACAAAAAGGAAATAGTT_001,98
TAAACAAAAAGGAAATAGTT_002,169
TAAACAAAAAGGAAATAGTT_003,50
TAAACAAAAAGGAAATAGTT_004,12
TAAACAAAAAGGAAATAGTT_005,160
TAAACAAAAAGGAAATAGTT_006,149
TAAACAAAAAGGAAATAGTT_007,182
TAAACAAAAAGGAAATAGTT_008,24
TAAACAAAAAGGAAATAGTT_009,111
AATAATTCTAGAGTAACTGT_001,112
AATAATTCTAGAGTAACTGT_002,26
AATAATTCTAGAGTAACTGT_003,104
AATAATTCTAGAGTAACTGT_004,121
GTGCCGAGAAGTTAGCACCA_001,118
GTGCCGAGAAGTTAGCACCA_002,19
GTGCCGAGAAGTTAGCACCA_003,43
GTGCCGAGAAGTTAGCACCA_004,62
GTGCCGAGAAGTTAGCACCA_005,159
GTGCCGAGAAGTTAGCACCA_006,28
GTGCCGAGAAGTTAGCACCA_007,150
GTGCCGAGAAGTTAGCACCA_008,80
GTGCCGAGAAGTTAGCACCA_009,172
GTGCCGAGAAGTTAGCACCA_010,102
GTGCCGAGAAGTTAGCACCA_011,174
GTGCCGAGAAGTTAGCACCA_012,80
GTGCCGAGAAGTTAGCACCA_013,111
TAGGATGCAAAGCATCGCAT_001,159
TAGGATGCAAAGCATCGCAT_002,101
TAGGATGCAAAGCATCGCAT_003,186
TAGGATGCAAAGCATCGCAT_004,190
TAGGATGCAAAGCATCGCAT_005,22
TAGGATGCAAAGCATCGCAT_006,103
TAGGATGCAAAGCATCGCAT_007,56
TAGGATGCAAAGCATCGCAT_008,199
TAGGATGCAAAGCATCGCAT_009,13
TAGGATGCAAAGCATCGCAT_010,77
TAGGATGCAAAGCATCGCAT_011,34
TAGGATGCAAAGCATCGCAT_012,56
TGTCGGGCACAGTCGTAGCA_001,125
TGTCGGGCACAGTCGTAGCA_002,94
TGTCGGGCACAGTCGTAGCA_003,12
TGTCGGGCACAGTCGTAGCA_004,141
TGTCGGGCACAGTCGTAGCA_005,171
TGTCGGGCACAGTCGTAGCA_006,94
TGTCGGGCACAGTCGTAGCA_007,150
TGTCGGGCACAGTCGTAGCA_008,142
TGTCGGGCACAGTCGTAGCA_009,27
TGTCGGGCACAGTCGTAGCA_010,199
TGTCGGGCACAGTCGTAGCA_011,126
GCGTCTACGAGATCCGCGAG_001,53
GCGTCTACGAGATCCGCGAG_002,189
GCGTCTACGAGATCCGCGAG_003,9
GCGTCTACGAGATCCGCGAG_004,47
GCGTCTACGAGATCCGCGAG_005,43
GCGTCTACGAGATCCGCGAG_006,168
GCGTCTACGAGATCCGCGAG_007,28
GCGTCTACGAGATCCGCGAG_008,30
GCGTCTACGAGATCCGCGAG_009,17
GCGTCTACGAGATCCGCGAG_010,98
GCGTCTACGAGATCCGCGAG_011,197
GCGTCTACGAGATCCGCGAG_012,152
GCGTCTACGAGATCCGCGAG_013,120
GCGTCTACGAGATCCGCGAG_014,148
GCGTCTACGAGATCCGCGAG_015,67
GCGTCTACGAGATCCGCGAG_016,197
GCGTCTACGAGATCCGCGAG_017,37
GCGTCTACGAGATCCGCGAG_018,53
GCGTCTACGAGATCCGCGAG_019,49
GCGTCTACGAGATCCGCGAG_020,108
GCGTCTACGAGATCCGCGAG_021,6
GCGTCTACGAGATCCGCGAG_022,9
GCGTCTACGAGATCCGCGAG_023,81
GCGTCTACGAGATCCGCGAG_024,158
GCGTCTACGAGATCCGCGAG_025,137
GCGTCTACGAGATCCGCGAG_026,147
GCGTCTACGAGATCCGCGAG_027,56
GCGTCTACGAGATCCGCGAG_028,20
GCGTCTACGAGATCCGCGAG_029,130
CAGAATGACAGTCCCTATCA_001,9
CAGAATGACAGTCCCTATCA_002,93
CAGAATGACAGTCCCTATCA_003,92
GTGAAGTCACTCACAAGCAT_001,29
GTGAAGTCACTCACAAGCAT_002,107
GTGAAGTCACTCACAAGCAT_003,60
GTGAAGTCACTCACAAGCAT_004,141
GTGAAGTCACTCACAAGCAT_005,8
GTGAAGTCACTCACAAGCAT_006,43
GTGAAGTCACTCACAAGCAT_007,170
GTGAAGTCACTCACAAGCAT_008,127
GTGAAGTCACTCACAAGCAT_009,4
GTGAAGTCACTCACAAGCAT_010,115
GCACAAGGCTCTTCACAGTG_001,56
GCACAAGGCTCTTCACAGTG_002,177
CAGCTGGTGCAACAGATCTG_001,185
CAGCTGGTGCAACAGATCTG_002,38
CAGCTGGTGCAACAGATCTG_003,189
CAGCTGGTGCAACAGATCTG_004,144
CAGCTGGTGCAACAGATCTG_005,105
CAGCTGGTGCAACAGATCTG_006,72
CAGCTGGTGCAACAGATCTG_007,168
CAGCTGGTGCAACAGATCTG_008,52
CAGCTGGTGCAACAGATCTG_009,61
CAGCTGGTGCAACAGATCTG_010,150
CAGCTGGTGCAACAGATCTG_011,29
CAGCTGGTGCAACAGATCTG_012,58
TGGTGCTGGTCACCCCACCG_001,86
TGGTGCTGGTCACCCCACCG_002,70
TGGTGCTGGTCACCCCACCG_003,103
TGGTGCTGGTCACCCCACCG_004,61
TGGTGCTGGTCACCCCACCG_005,120
TGGTGCTGGTCACCCCACCG_006,55
TGGTGCTGGTCACCCCACCG_007,78
TGGTGCTGGTCACCCCACCG_008,73
TGGTGCTGGTCACCCCACCG_009,194
TGGTGCTGGTCACCCCACCG_010,53
TGGTGCTGGTCACCCCACCG_011,178
TGGTGCTGGTCACCCCACCG_012,127
TGGTGCTGGTCACCCCACCG_013,184
TGGTGCTGGTCACCCCACCG_014,61
TGGTGCTGGTCACCCCACCG_015,171
TGGTGCTGGTCACCCCACCG_016,160
TGGTGCTGGTCACCCCACCG_017,61
TGGTGCTGGTCACCCCACCG_018,161
TGGTGCTGGTCACCCCACCG_019,105
TGGTGCTGGTCACCCCACCG_020,33
TGGTGCTGGTCACCCCACCG_021,5
TGGTGCTGGTCACCCCACCG_022,29
TGGTGCTGGTCACCCCACCG_023,1
TGGTGCTGGTCACCCCACCG_024,48
TGGTGCTGGTCACCCCACCG_025,63
TGGTGCTGGTCACCCCACCG_026,41
CGTTAATGAAGGCTGCCATG_001,19
CGTTAATGAAGGCTGCCATG_002,48
CGTTAATGAAGGCTGCCATG_003,172
CGTTAATGAAGGCTGCCATG_004,93
CGTTAATGAAGGCTGCCATG_005,126
CGTTAATGAAGGCTGCCATG_006,59
CGTTAATGAAGGCTGCCATG_007,185
CGTTAATGAAGGCTGCCATG_008,168
CGTTAATGAAGGCTGCCATG_009,178
CGTTAATGAAGGCTGCCATG_010,151
CACCAACATCAAACATGCTG_001,148
CACCAACATCAAACATGCTG_002,124
CCACAGACTGAACCTAGCTC_001,101
CCACAGACTGAACCTAGCTC_002,198
CCACAGACTGAACCTAGCTC_003,76
CCACAGACTGAACCTAGCTC_004,24
CCACAGACTGAACCTAGCTC_005,194
CCACAGACTGAACCTAGCTC_006,121
AAACACGCAGAAGCCACACT_001,77
AAACACGCAGAAGCCACACT_002,101
AAACACGCAGAAGCCACACT_003,176
AAACACGCAGAAGCCACACT_004,152
AAACACGCAGAAGCCACACT_005,77
TGAAGGCCAAGGGAATCAGG_001,154
TGAAGGCCAAGGGAATCAGG_002,138
TGAAGGCCAAGGGAATCAGG_003,145
TGAAGGCCAAGGGAATCAGG_004,192
TGAAGGCCAAGGGAATCAGG_005,141
TGAAGGCCAAGGGAATCAGG_006,175
TGAAGGCCAAGGGAATCAGG_007,107
TGAAGGCCAAGGGAATCAGG_008,49
TGAAGGCCAAGGGAATCAGG_009,94
TGAAGGCCAAGGGAATCAGG_010,149
TGAAGGCCAAGGGAATCAGG_011,88
TGAAGGCCAAGGGAATCAGG_012,149
TGAAGGCCAAGGGAATCAGG_013,78
TGAAGGCCAAGGGAATCAGG_014,30
TGAAGGCCAAGGGAATCAGG_015,128
TGAAGGCCAAGGGAATCAGG_016,97
TGAAGGCCAAGGGAATCAGG_017,132
TGAAGGCCAAGGGAATCAGG_018,170
TGAAGGCCAAGGGAATCAGG_019,0
TGAAGGCCAAGGGAATCAGG_020,165
TGAAGGCCAAGGGAATCAGG_021,148
TGAAGGCCAAGGGAATCAGG_022,136
TGAAGGCCAAGGGAATCAGG_023,75
CCCGAGGAGAAGGAGCGCAT_001,153
CCCGAGGAGAAGGAGCGCAT_002,115
CCCGAGGAGAAGGAGCGCAT_003,191
CCCGAGGAGAAGGAGCGCAT_004,103
CCCGAGGAGAAGGAGCGCAT_005,113
CCCGAGGAGAAGGAGCGCAT_006,130
CCCGAGGAGAAGGAGCGCAT_007,137
CCCGAGGAGAAGGAGCGCAT_008,38
CCCGAGGAGAAGGAGCGCAT_009,105
CCCGAGGAGAAGGAGCGCAT_010,47
TGGAGACCTTCTGCTCTCCG_001,149
TGGAGACCTTCTGCTCTCCG_002,155
TGGAGACCTTCTGCTCTCCG_003,7
TGGAGACCTTCTGCTCTCCG_004,7
TGGAGACCTTCTGCTCTCCG_005,21
TGGAGACCTTCTGCTCTCCG_006,105
TGGAGACCTTCTGCTCTCCG_007,163
TGGAGACCTTCTGCTCTCCG_008,153
TGGAGACCTTCTGCTCTCCG_009,191
TGGAGACCTTCTGCTCTCCG_010,10
TGGAGACCTTCTGCTCTCCG_011,106
ATGCACTCACACCATCGACT_001,98
ATGCACTCACACCATCGACT_002,41
ATGCACTCACACCATCGACT_003,1
ATGCACTCACACCATCGACT_004,33
ATGCACTCACACCATCGACT_005,86
ATGCACTCACACCATCGACT_006,75
ATGCACTCACACCATCGACT_007,183
ATGCACTCACACCATCGACT_008,185
ATGCACTCACACCATCGACT_009,191
ATGCACTCACACCATCGACT_010,61
ATGCACTCACACCATCGACT_011,179
ATGCACTCACACCATCGACT_012,105
ATGCACTCACACCATCGACT_013,8
ATGCACTCACACCATCGACT_014,59
ATGCACTCACACCATCGACT_015,70
ATGCACTCACACCATCGACT_016,38
ATGCACTCACACCATCGACT_017,198
ATGCACTCACACCATCGACT_018,98
ATGCACTCACACCATCGACT_019,127
ATGCACTCACACCATCGACT_020,39
ATGCACTCACACCATCGACT_021,136
ATGCACTCACACCATCGACT_022,128
GACATGGAAAGACTCTTAGG_001,78
GACATGGAAAGACTCTTAGG_002,191
GACATGGAAAGACTCTTAGG_003,2
GACATGGAAAGACTCTTAGG_004,127
GACATGGAAAGACTCTTAGG_005,150
GACATGGAAAGACTCTTAGG_006,103
GACATGGAAAGACTCTTAGG_007,17
GACATGGAAAGACTCTTAGG_008,92
GACATGGAAAGACTCTTAGG_009,38
GACATGGAAAGACTCTTAGG_010,152
GACATGGAAAGACTCTTAGG_011,22
GACATGGAAAGACTCTTAGG_012,104
GACATGGAAAGACTCTTAGG_013,194
GACATGGAAAGACTCTTAGG_014,85
GACATGGAAAGACTCTTAGG_015,63
GACATGGAAAGACTCTTAGG_016,100
GACATGGAAAGACTCTTAGG_017,188
GACATGGAAAGACTCTTAGG_018,63
GACATGGAAAGACTCTTAGG_019,41
GACATGGAAAGACTCTTAGG_020,148
GACATGGAAAGACTCTTAGG_021,129
ACAGTGCGAAGTGACCGCCA_001,1
ACAGTGCGAAGTGACCGCCA_002,103
ACAGTGCGAAGTGACCGCCA_003,73
ACAGTGCGAAGTGACCGCCA_004,62
ACAGTGCGAAGTGACCGCCA_005,168
ACAGTGCGAAGTGACCGCCA_006,36
ACAGTGCGAAGTGACCGCCA_007,13
ACAGTGCGAAGTGACCGCCA_008,86
ACAGTGCGAAGTGACCGCCA_009,43
ACAGTGCGAAGTGACCGCCA_010,193
ACAGTGCGAAGTGACCGCCA_011,14
ACAGTGCGAAGTGACCGCCA_012,93
ACAGTGCGAAGTGACCGCCA_013,181
ACAGTGCGAAGTGACCGCCA_014,65
ACAGTGCGAAGTGACCGCCA_015,49
ACAGTGCGAAGTGACCGCCA_016,63
ACAGTGCGAAGTGACCGCCA_017,79
ACAGTGCGAAGTGACCGCCA_018,188
ACAGTGCGAAGTGACCGCCA_019,78
GATGCTGGAGGAGAAACCCT_001,151
GACAACACCCTTCCCCATAG_001,81
GACAACACCCTTCCCCATAG_002,139
GACAACACCCTTCCCCATAG_003,56
GACAACACCCTTCCCCATAG_004,198
GACAACACCCTTCCCCATAG_005,188
GACAACACCCTTCCCCATAG_006,29
GACAACACCCTTCCCCATAG_007,83
GACAACACCCTTCCCCATAG_008,83
GACAACACCCTTCCCCATAG_009,127
GACAACACCCTTCCCCATAG_010,45
GACAACACCCTTCCCCATAG_011,32
GACAACACCCTTCCCCATAG_012,185
GACAACACCCTTCCCCATAG_013,174
GACAACACCCTTCCCCATAG_014,50
GACAACACCCTTCCCCATAG_015,112
GACAACACCCTTCCCCATAG_016,29
GACAACACCCTTCCCCATAG_017,190
GACAACACCCTTCCCCATAG_018,152
GACAACACCCTTCCCCATAG_019,127
GACAACACCCTTCCCCATAG_020,117
GGAAAACATCTACGACATGG_001,33
TATTCCTAAGAGTAAAACCA_001,55
TACTAATCCTCCAATCACAT_001,127
GCCTAGAACTCACTGAAGCA_001,28
GCCTAGAACTCACTGAAGCA_002,181
GCCTAGAACTCACTGAAGCA_003,116
GCCTAGAACTCACTGAAGCA_004,5
GCCTAGAACTCACTGAAGCA_005,155
GCCTAGAACTCACTGAAGCA_006,166
GACACTCATGATGACTCCGG_001,29
GACACTCATGATGACTCCGG_002,72
GACACTCATGATGACTCCGG_003,159
GACACTCATGATGACTCCGG_004,34
GACACTCATGATGACTCCGG_005,161
GACACTCATGATGACTCCGG_006,135
GACACTCATGATGACTCCGG_007,14
GACACTCATGATGACTCCGG_008,4
GACACTCATGATGACTCCGG_009,60
GACACTCATGATGACTCCGG_010,19
GACACTCATGATGACTCCGG_011,65
GACACTCATGATGACTCCGG_012,142
AAGTAGATGGTAACATGATG_001,23
AAGTAGATGGTAACATGATG_002,26
AAGTAGATGGTAACATGATG_003,174
AAGTAGATGGTAACATGATG_004,187
AAGTAGATGGTAACATGATG_005,68
AAGTAGATGGTAACATGATG_006,147
AAGTAGATGGTAACATGATG_007,58
TAATGTCAGCAGACAGATTG_001,94
TAATGTCAGCAGACAGATTG_002,58
TAATGTCAGCAGACAGATTG_003,77
TAATGTCAGCAGACAGATTG_004,6
TAATGTCAGCAGACAGATTG_005,50
TAATGTCAGCAGACAGATTG_006,108
TAATGTCAGCAGACAGATTG_007,177
TAATGTCAGCAGACAGATTG_008,28
TAATGTCAGCAGACAGATTG_009,2
TAATGTCAGCAGACAGATTG_010,126
TAATGTCAGCAGACAGATTG_011,70
TAATGTCAGCAGACAGATTG_012,107
TAATGTCAGCAGACAGATTG_013,34
TAATGTCAGCAGACAGATTG_014,175
GGTCTTGGTGCGATAACTGG_001,104
GGTCTTGGTGCGATAACTGG_002,134
TAGAAACCGTGCAGGTGACA_001,151
TAGAAACCGTGCAGGTGACA_002,68
TAGAAACCGTGCAGGTGACA_003,33
TAGAAACCGTGCAGGTGACA_004,93
TAGAAACCGTGCAGGTGACA_005,141
GCGCTATGGGCCCTACAGCG_001,68
GCGCTATGGGCCCTACAGCG_002,52
GCGCTATGGGCCCTACAGCG_003,162
GCGCTATGGGCCCTACAGCG_004,104
GCGCTATGGGCCCTACAGCG_005,56
GCGCTATGGGCCCTACAGCG_006,87
GCGCTATGGGCCCTACAGCG_007,127
GCGCTATGGGCCCTACAGCG_008,54
GCGCTATGGGCCCTACAGCG_009,159
GCGCTATGGGCCCTACAGCG_010,48
GCGCTATGGGCCCTACAGCG_011,83
GCGCTATGGGCCCTACAGCG_012,156
GCGCTATGGGCCCTACAGCG_013,166
GCGCTATGGGCCCTACAGCG_014,43
GCGCTATGGGCCCTACAGCG_015,25
GCGCTATGGGCCCTACAGCG_016,170
GCGCTATGGGCCCTACAGCG_017,23
GCGCTATGGGCCCTACAGCG_018,175
GCGCTATGGGCCCTACAGCG_019,81
GCGCTATGGGCCCTACAGCG_020,42
GCGCTATGGGCCCTACAGCG_021,191
GCGCTATGGGCCCTACAGCG_022,165
GCGCTATGGGCCCTACAGCG_023,114
AAAGGATAAAGAATTAGTTG_001,52
AAAGGATAAAGAATTAGTTG_002,183
AAAGGATAAAGAATTAGTTG_003,25
GTGAAGAAAATCTTCGTTGG_001,94
GTGAAGAAAATCTTCGTTGG_002,22
GTGAAGAAAATCTTCGTTGG_003,62
TCACTCTCGTTGAATCCCCG_001,50
TCACTCTCGTTGAATCCCCG_002,146
TCACTCTCGTTGAATCCCCG_003,173
TCACTCTCGTTGAATCCCCG_004,80
TCACTCTCGTTGAATCCCCG_005,6
TCACTCTCGTTGAATCCCCG_006,117
TCACTCTCGTTGAATCCCCG_007,35
TCACTCTCGTTGAATCCCCG_008,141
TCACTCTCGTTGAATCCCCG_009,104
TCACTCTCGTTGAATCCCCG_010,62
TCACTCTCGTTGAATCCCCG_011,170
GAGACATACAGGCTATGTGA_001,174
GAGACATACAGGCTATGTGA_002,58
GAGACATACAGGCTATGTGA_003,50
GAGACATACAGGCTATGTGA_004,198
GAGACATACAGGCTATGTGA_005,136
GTGCACATAGCCCAACACGT_001,19
GTGCACATAGCCCAACACGT_002,36
GTGCACATAGCCCAACACGT_003,130
GTGCACATAGCCCAACACGT_004,77
GTGCACATAGCCCAACACGT_005,118
GTGCACATAGCCCAACACGT_006,17
GTGCACATAGCCCAACACGT_007,188
GTGCACATAGCCCAACACGT_008,107
GTGCACATAGCCCAACACGT_009,172
CCCCGGTGGCCTGACGACGG_001,166
CCCCGGTGGCCTGACGACGG_002,166
CCCCGGTGGCCTGACGACGG_003,91
CCCCGGTGGCCTGACGACGG_004,105
CCCCGGTGGCCTGACGACGG_005,129
CCCCGGTGGCCTGACGACGG_006,184
CCCCGGTGGCCTGACGACGG_007,115
CCCCGGTGGCCTGACGACGG_008,115
CCCCGGTGGCCTGACGACGG_009,2
CCCCGGTGGCCTGACGACGG_010,9
CCCCGGTGGCCTGACGACGG_011,28
CTGACCGCAGCGCACTGCGT_001,48
CTGACCGCAGCGCACTGCGT_002,82
CTGACCGCAGCGCACTGCGT_003,74
CTGACCGCAGCGCACTGCGT_004,158
CTGACCGCAGCGCACTGCGT_005,195
CTGACCGCAGCGCACTGCGT_006,84
CTGACCGCAGCGCACTGCGT_007,3
CTGACCGCAGCGCACTGCGT_008,55
ACAGCATTCATAGACGGCAG_001,143
ACAGCATTCATAGACGGCAG_002,198
ACAGCATTCATAGACGGCAG_003,12
GGCAAAGGAGCCATTCCACT_001,83
GGCAAAGGAGCCATTCCACT_002,171
TAGCTCGGACGCAATCTGTG_001,166
TAGCTCGGACGCAATCTGTG_002,82
TAGCTCGGACGCAATCTGTG_003,8
TAGCTCGGACGCAATCTGTG_004,130
TAGCTCGGACGCAATCTGTG_005,184
TAGCTCGGACGCAATCTGTG_006,58
TAGCTCGGACGCAATCTGTG_007,50
TAGCTCGGACGCAATCTGTG_008,66
TAGCTCGGACGCAATCTGTG_009,146
TAGCTCGGACGCAATCTGTG_010,184
TAGCTCGGACGCAATCTGTG_011,185
TAGCTCGGACGCAATCTGTG_012,1
TAGCTCGGACGCAATCTGTG_013,20
TAGCTCGGACGCAATCTGTG_014,84
TAGCTCGGACGCAATCTGTG_015,39
TAGCTCGGACGCAATCTGTG_016,173
TAGCTCGGACGCAATCTGTG_017,192
TAGCTCGGACGCAATCTGTG_018,88
TAGCTCGGACGCAATCTGTG_019,61
TAGCTCGGACGCAATCTGTG_020,128
TAGCTCGGACGCAATCTGTG_021,5
TAGCTCGGACGCAATCTGTG_022,77
CCTGAAGAGGCAGTGAAATG_001,48
CCTGAAGAGGCAGTGAAATG_002,150
CCTGAAGAGGCAGTGAAATG_003,141
CCTGAAGAGGCAGTGAAATG_004,60
CCTGAAGAGGCAGTGAAATG_005,38
CCTGAAGAGGCAGTGAAATG_006,106
CCTGAAGAGGCAGTGAAATG_007,39
CACTCACCATACTGACAGCG_001,106
AAGGCACAAAAAGCCTGACT_001,144
AAGGCACAAAAAGCCTGACT_002,106
AAGGCACAAAAAGCCTGACT_003,15
AAGGCACAAAAAGCCTGACT_004,72
AAGGCACAAAAAGCCTGACT_005,151
AAGGCACAAAAAGCCTGACT_006,39
AAGGCACAAAAAGCCTGACT_007,76
AAGGCACAAAAAGCCTGACT_008,63
AATGGAAAAGTCTTTCAGGG_001,78
AATGGAAAAGTCTTTCAGGG_002,147
AGAATTTATGGATAGCAGTG_001,0
AGAATTTATGGATAGCAGTG_002,185
AGAATTTATGGATAGCAGTG_003,148
AGAATTTATGGATAGCAGTG_004,198
AGAATTTATGGATAGCAGTG_005,96
AGAATTTATGGATAGCAGTG_006,152
AGAATTTATGGATAGCAGTG_007,56
AGAATTTATGGATAGCAGTG_008,170
AGAATTTATGGATAGCAGTG_009,63
AGTGCTCTGAGTACAATGAG_001,171
AGTGCTCTGAGTACAATGAG_002,183
AGTGCTCTGAGTACAATGAG_003,82
TGCCGGCCACGTTGGCTACG_001,78
TGCCGGCCACGTTGGCTACG_002,37
TGCCGGCCACGTTGGCTACG_003,27
TGCCGGCCACGTTGGCTACG_004,118
TGCCGGCCACGTTGGCTACG_005,56
TGCCGGCCACGTTGGCTACG_006,175
TGCCGGCCACGTTGGCTACG_007,121
TGCCGGCCACGTTGGCTACG_008,88
TGCCGGCCACGTTGGCTACG_009,58
AGTTCCCAAAACCATAAGGA_001,101
AGTTCCCAAAACCATAAGGA_002,0
AGTTCCCAAAACCATAAGGA_003,47
AGTTCCCAAAACCATAAGGA_004,166
AGTTCCCAAAACCATAAGGA_005,158
AGTTCCCAAAACCATAAGGA_006,174
AGTTCCCAAAACCATAAGGA_007,74
AGTTCCCAAAACCATAAGGA_008,128
AGTTCCCAAAACCATAAGGA_009,177
AGTTCCCAAAACCATAAGGA_010,111
GTCATAGTCCCGGTACGTGT_001,135
GTCATAGTCCCGGTACGTGT_002,22
GTCATAGTCCCGGTACGTGT_003,82
GTCATAGTCCCGGTACGTGT_004,147
TATCAGGAAGACTTGCGAAG_001,68
TATCAGGAAGACTTGCGAAG_002,65
TATCAGGAAGACTTGCGAAG_003,60
TATCAGGAAGACTTGCGAAG_004,163
TATCAGGAAGACTTGCGAAG_005,37
TATCAGGAAGACTTGCGAAG_006,75
TATCAGGAAGACTTGCGAAG_007,174
TATCAGGAAGACTTGCGAAG_008,94
TATCAGGAAGACTTGCGAAG_009,156
TATCAGGAAGACTTGCGAAG_010,161
TATCAGGAAGACTTGCGAAG_011,173
TATCAGGAAGACTTGCGAAG_012,28
TATCAGGAAGACTTGCGAAG_013,69
TATCAGGAAGACTTGCGAAG_014,130
TATCAGGAAGACTTGCGAAG_015,9
GCACGGACAACATCACCGTG_001,54
GCACGGACAACATCACCGTG_002,120
GCACGGACAACATCACCGTG_003,28
GCACGGACAACATCACCGTG_004,188
GCACGGACAACATCACCGTG_005,198
GCACGGACAACATCACCGTG_006,177
GCACGGACAACATCACCGTG_007,21
GCACGGACAACATCACCGTG_008,68
GCACGGACAACATCACCGTG_009,124
GCACGGACAACATCACCGTG_010,77
GCACGGACAACATCACCGTG_011,189
ATGGCACGGCTCCTTCCCAA_001,146
ATGGCACGGCTCCTTCCCAA_002,53
ATGGCACGGCTCCTTCCCAA_003,122
ATGGCACGGCTCCTTCCCAA_004,19
ATGGCACGGCTCCTTCCCAA_005,141
ATGGCACGGCTCCTTCCCAA_006,8
ATGGCACGGCTCCTTCCCAA_007,75
ATTGCATCATAGAGACACCG_001,164
ATTGCATCATAGAGACACCG_002,63
ATTGCATCATAGAGACACCG_003,32
ATTGCATCATAGAGACACCG_004,69
ATTGCATCATAGAGACACCG_005,197
ATTGCATCATAGAGACACCG_006,160
ATTGCATCATAGAGACACCG_007,111
ATTGCATCATAGAGACACCG_008,102
ATTGCATCATAGAGACACCG_009,169
ATTGCATCATAGAGACACCG_010,68
ATTGCATCATAGAGACACCG_011,188
ATTGCATCATAGAGACACCG_012,141
ATTGCATCATAGAGACACCG_013,1
ATTGCATCATAGAGACACCG_014,34
ATTGCATCATAGAGACACCG_015,169
ATTGCATCATAGAGACACCG_016,126
ATTGCATCATAGAGACACCG_017,172
ATTGCATCATAGAGACACCG_018,62
ATTGCATCATAGAGACACCG_019,3
ATTGCATCATAGAGACACCG_020,55
ATTGCATCATAGAGACACCG_021,159
ATTGCATCATAGAGACACCG_022,168
ATTGCATCATAGAGACACCG_023,175
CAGCCCCGACCCGACCATGG_001,161
CAGCCCCGACCCGACCATGG_002,168
CAGCCCCGACCCGACCATGG_003,169
CAGCCCCGACCCGACCATGG_004,51
CAGCCCCGACCCGACCATGG_005,22
CAGCCCCGACCCGACCATGG_006,30
CAGCCCCGACCCGACCATGG_007,2
CAGCCCCGACCCGACCATGG_008,42
CAGCCCCGACCCGACCATGG_009,72
CAGCCCCGACCCGACCATGG_010,74
CAGCCCCGACCCGACCATGG_011,144
CAGCCCCGACCCGACCATGG_012,88
CAGCCCCGACCCGACCATGG_013,178
CAGCCCCGACCCGACCATGG_014,178
CAGCCCCGACCCGACCATGG_015,58
CAGCCCCGACCCGACCATGG_016,66
CAGCCCCGACCCGACCATGG_017,28
GAGCCACGAAGCGATAGGTG_001,198
GAGCCACGAAGCGATAGGTG_002,62
GAGCCACGAAGCGATAGGTG_003,194
AGGGCCACTTACCCCCACGT_001,74
AGGGCCACTTACCCCCACGT_002,164
GCTGCAATCTCCACCCTTCG_001,148
GCTGCAATCTCCACCCTTCG_002,144
GCTGCAATCTCCACCCTTCG_003,7
GCTGCAATCTCCACCCTTCG_004,36
ATTACAAAATGACCTAGACC_001,88
ATTACAAAATGACCTAGACC_002,63
ATTACAAAATGACCTAGACC_003,94
ATTACAAAATGACCTAGACC_004,98
ATTACAAAATGACCTAGACC_005,118
GGATGTCAAAAAAAGAAGAG_001,8
GGATGTCAAAAAAAGAAGAG_002,127
GGATGTCAAAAAAAGAAGAG_003,126
GGATGTCAAAAAAAGAAGAG_004,65
GGATGTCAAAAAAAGAAGAG_005,98
GGATGTCAAAAAAAGAAGAG_006,177
GGATGTCAAAAAAAGAAGAG_007,123
GGATGTCAAAAAAAGAAGAG_008,29
GGATGTCAAAAAAAGAAGAG_009,0
GGATGTCAAAAAAAGAAGAG_010,60
GGATGTCAAAAAAAGAAGAG_011,163
GGATGTCAAAAAAAGAAGAG_012,136
CAGCGCTCCTAGCTACAGTG_001,1
CAGCGCTCCTAGCTACAGTG_002,189
CAGCGCTCCTAGCTACAGTG_003,138
CAGCGCTCCTAGCTACAGTG_004,188
CAGCGCTCCTAGCTACAGTG_005,149
CAGCGCTCCTAGCTACAGTG_006,133
CAGCGCTCCTAGCTACAGTG_007,190
CAGCGCTCCTAGCTACAGTG_008,32
CAGCGCTCCTAGCTACAGTG_009,8
CAGCGCTCCTAGCTACAGTG_010,170
CAGCGCTCCTAGCTACAGTG_011,60
CAGCGCTCCTAGCTACAGTG_012,199
CAGCGCTCCTAGCTACAGTG_013,81
CAGCGCTCCTAGCTACAGTG_014,146
CAGCGCTCCTAGCTACAGTG_015,10
CAGCGCTCCTAGCTACAGTG_016,91
CAGCGCTCCTAGCTACAGTG_017,9
CAGCGCTCCTAGCTACAGTG_018,63
AAAATGCCACTCGAAGCACC_001,169
AAAATGCCACTCGAAGCACC_002,21
GGCGGGCAAGCGTTCCGCTG_001,102
GGCGGGCAAGCGTTCCGCTG_002,82
GGCGGGCAAGCGTTCCGCTG_003,76
GGCGGGCAAGCGTTCCGCTG_004,18
GGCGGGCAAGCGTTCCGCTG_005,72
GGCGGGCAAGCGTTCCGCTG_006,43
GGCGGGCAAGCGTTCCGCTG_007,94
GGCGGGCAAGCGTTCCGCTG_008,180
GGCGGGCAAGCGTTCCGCTG_009,124
GGCGGGCAAGCGTTCCGCTG_010,60
GGCGGGCAAGCGTTCCGCTG_011,170
GGCGGGCAAGCGTTCCGCTG_012,57
GGCGGGCAAGCGTTCCGCTG_013,12
GGCGGGCAAGCGTTCCGCTG_014,141
GGCGGGCAAGCGTTCCGCTG_015,146
GGCGGGCAAGCGTTCCGCTG_016,75
GGCGGGCAAGCGTTCCGCTG_017,138
GGCGGGCAAGCGTTCCGCTG_018,17
GGCGGGCAAGCGTTCCGCTG_019,180
GGCGGGCAAGCGTTCCGCTG_020,88
GGCGGGCAAGCGTTCCGCTG_021,197
TGGTTGGCGATCTCTACGTG_001,19
AGCAAAACCTGAATACAGAG_001,49
AGCAAAACCTGAATACAGAG_002,99
AGCAAAACCTGAATACAGAG_003,131
AGCAAAACCTGAATACAGAG_004,46
GAGTACTCGGCGCACAAAGA_001,188
GAGTACTCGGCGCACAAAGA_002,156
GAGTACTCGGCGCACAAAGA_003,148
GAGTACTCGGCGCACAAAGA_004,68
GACTCGAATGGAGAGAACAT_001,166
GACTCGAATGGAGAGAACAT_002,165
GACTCGAATGGAGAGAACAT_003,68
GACTCGAATGGAGAGAACAT_004,137
GACTCGAATGGAGAGAACAT_005,172
GACTCGAATGGAGAGAACAT_006,96
GACTCGAATGGAGAGAACAT_007,129
GACTCGAATGGAGAGAACAT_008,8
GACTCGAATGGAGAGAACAT_009,115
CCCTTCGGCTCCCTTCGCAG_001,8
CCCTTCGGCTCCCTTCGCAG_002,142
CCCTTCGGCTCCCTTCGCAG_003,77
CCCTTCGGCTCCCTTCGCAG_004,112
CCCTTCGGCTCCCTTCGCAG_005,65
CCCTTCGGCTCCCTTCGCAG_006,69
CCCTTCGGCTCCCTTCGCAG_007,96
CCCTTCGGCTCCCTTCGCAG_008,8
CCCTTCGGCTCCCTTCGCAG_009,174
CCCTTCGGCTCCCTTCGCAG_010,168
CCCTTCGGCTCCCTTCGCAG_011,38
CCCTTCGGCTCCCTTCGCAG_012,133
CCCTTCGGCTCCCTTCGCAG_013,17
CCCTTCGGCTCCCTTCGCAG_014,23
CCCTTCGGCTCCCTTCGCAG_015,157
CCCTTCGGCTCCCTTCGCAG_016,118
CCCTTCGGCTCCCTTCGCAG_017,149
CCCTTCGGCTCCCTTCGCAG_018,81
CCCTTCGGCTCCCTTCGCAG_019,125
CCCTTCGGCTCCCTTCGCAG_020,35
CCCTTCGGCTCCCTTCGCAG_021,29
CCCTTCGGCTCCCTTCGCAG_022,197
CCCTTCGGCTCCCTTCGCAG_023,28
CCCTTCGGCTCCCTTCGCAG_024,137
GCAGGTTTGACTGTAAACTT_001,9
GCAGGTTTGACTGTAAACTT_002,184
GCAGGTTTGACTGTAAACTT_003,194
TGATATGGCATCACCCGATG_001,84
TGATATGGCATCACCCGATG_002,36
TGATATGGCATCACCCGATG_003,16
TGATATGGCATCACCCGATG_004,168
TGATATGGCATCACCCGATG_005,152
CTCCTCGGGGTAGTACTCGG_001,18
CTCCTCGGGGTAGTACTCGG_002,115
CTCCTCGGGGTAGTACTCGG_003,103
CTCCTCGGGGTAGTACTCGG_004,44
CTCCTCGGGGTAGTACTCGG_005,14
CTCCTCGGGGTAGTACTCGG_006,126
CTCCTCGGGGTAGTACTCGG_007,197
GATCCGGTGATGACCGACTG_001,53
GATCCGGTGATGACCGACTG_002,58
GATCCGGTGATGACCGACTG_003,42
GATCCGGTGATGACCGACTG_004,73
GATCCGGTGATGACCGACTG_005,19
GATCCGGTGATGACCGACTG_006,136
CGCCATCACGCTCAGCGAGA_001,115
CGCCATCACGCTCAGCGAGA_002,199
CGCCATCACGCTCAGCGAGA_003,156
CGCCATCACGCTCAGCGAGA_004,186
CGCCATCACGCTCAGCGAGA_005,186
CGCCATCACGCTCAGCGAGA_006,11
CGCCATCACGCTCAGCGAGA_007,78
GAGCAACAACTTGGTAACCC_001,105
GAGCAACAACTTGGTAACCC_002,63
GGCACCGGCAGATTCGGCAG_001,68
GGCACCGGCAGATTCGGCAG_002,190
GGCACCGGCAGATTCGGCAG_003,199
GGCACCGGCAGATTCGGCAG_004,101
GGCACCGGCAGATTCGGCAG_005,154
AGGAAGATACTGCTAAGTCC_001,24
AGGAAGATACTGCTAAGTCC_002,68
AGGAAGATACTGCTAAGTCC_003,179
AGGAAGATACTGCTAAGTCC_004,45
AGGAAGATACTGCTAAGTCC_005,9
AGGAAGATACTGCTAAGTCC_006,184
AGGAAGATACTGCTAAGTCC_007,118
AGGAAGATACTGCTAAGTCC_008,142
AGGAAGATACTGCTAAGTCC_009,49
GTGTAGTCACCACCAAAGGC_001,85
GTGTAGTCACCACCAAAGGC_002,50
GTGTAGTCACCACCAAAGGC_003,179
GTGTAGTCACCACCAAAGGC_004,5
GTGTAGTCACCACCAAAGGC_005,15
GTGTAGTCACCACCAAAGGC_006,169
GTGTAGTCACCACCAAAGGC_007,19
GTGTAGTCACCACCAAAGGC_008,198
GTGTAGTCACCACCAAAGGC_009,174
GTGTAGTCACCACCAAAGGC_010,55
CAAACAAACCCTCGCTGTCA_001,0
CAAACAAACCCTCGCTGTCA_002,70
CAAACAAACCCTCGCTGTCA_003,134
CAAACAAACCCTCGCTGTCA_004,113
CAAACAAACCCTCGCTGTCA_005,127
CAAACAAACCCTCGCTGTCA_006,20
CAAACAAACCCTCGCTGTCA_007,89
CAAACAAACCCTCGCTGTCA_008,85
CAAACAAACCCTCGCTGTCA_009,143
CAAACAAACCCTCGCTGTCA_010,94
CAAACAAACCCTCGCTGTCA_011,67
CAAACAAACCCTCGCTGTCA_012,20
CAAACAAACCCTCGCTGTCA_013,127
CAAACAAACCCTCGCTGTCA_014,145
CAAACAAACCCTCGCTGTCA_015,145
CAAACAAACCCTCGCTGTCA_016,58
CAAACAAACCCTCGCTGTCA_017,166
CCTGCACGACATCATCACGG_001,60
CCTGCACGACATCATCACGG_002,34
CCTGCACGACATCATCACGG_003,5
AACACAACAGTGTTAAACCG_001,23
AACACAACAGTGTTAAACCG_002,19
AACACAACAGTGTTAAACCG_003,105
AACACAACAGTGTTAAACCG_004,77
AACACAACAGTGTTAAACCG_005,115
AACACAACAGTGTTAAACCG_006,94
AACACAACAGTGTTAAACCG_007,181
AACACAACAGTGTTAAACCG_008,35
AACACAACAGTGTTAAACCG_009,106
AACACAACAGTGTTAAACCG_010,22
AACACAACAGTGTTAAACCG_011,162
AACACAACAGTGTTAAACCG_012,21
AACACAACAGTGTTAAACCG_013,194
AACACAACAGTGTTAAACCG_014,162
AACACAACAGTGTTAAACCG_015,50
AACACAACAGTGTTAAACCG_016,199
AACACAACAGTGTTAAACCG_017,11
AACACAACAGTGTTAAACCG_018,180
AACACAACAGTGTTAAACCG_019,97
TTAGAGTGAATCCTACCCAA_001,141
TTAGAGTGAATCCTACCCAA_002,199
TTAGAGTGAATCCTACCCAA_003,29
TTAGAGTGAATCCTACCCAA_004,62
TTAGAGTGAATCCTACCCAA_005,116
TTAGAGTGAATCCTACCCAA_006,168
TTAGAGTGAATCCTACCCAA_007,170
TTAGAGTGAATCCTACCCAA_008,19
TTAGAGTGAATCCTACCCAA_009,1
TTAGAGTGAATCCTACCCAA_010,190
GTCTCCACAGTGGATCATTG_001,157
GTCTCCACAGTGGATCATTG_002,21
GTCTCCACAGTGGATCATTG_003,141
GTCTCCACAGTGGATCATTG_004,159
GTCTCCACAGTGGATCATTG_005,102
GTCTCCACAGTGGATCATTG_006,174
GTCTCCACAGTGGATCATTG_007,192
GTCTCCACAGTGGATCATTG_008,127
GTCTCCACAGTGGATCATTG_009,197
GTCTCCACAGTGGATCATTG_010,199
GTCCGGCATTACAACTACAC_001,17
GTCCGGCATTACAACTACAC_002,48
GTCCGGCATTACAACTACAC_003,145
GTCCGGCATTACAACTACAC_004,28
GTCCGGCATTACAACTACAC_005,154
GTCCGGCATTACAACTACAC_006,80
GTCCGGCATTACAACTACAC_007,38
GTCCGGCATTACAACTACAC_008,3
GTCCGGCATTACAACTACAC_009,104
TTACATTATAATGACCCCAA_001,101
TTACATTATAATGACCCCAA_002,42
CCTTGCAAGATATAACACGT_001,35
CGCCTGCGATGTAGTCGATG_001,15
CGCCTGCGATGTAGTCGATG_002,182
CGCCTGCGATGTAGTCGATG_003,176
CGCCTGCGATGTAGTCGATG_004,70
CGCCTGCGATGTAGTCGATG_005,176
CGCCTGCGATGTAGTCGATG_006,163
CGCCTGCGATGTAGTCGATG_007,26
CGCCTGCGATGTAGTCGATG_008,17
CGCCTGCGATGTAGTCGATG_009,107
CGCCTGCGATGTAGTCGATG_010,166
CGCCTGCGATGTAGTCGATG_011,180
CGCCTGCGATGTAGTCGATG_012,88
TGGGCCAAACACAGTGATGC_001,38
TGGGCCAAACACAGTGATGC_002,58
TGGGCCAAACACAGTGATGC_003,50
TGGGCCAAACACAGTGATGC_004,150
TGGGCCAAACACAGTGATGC_005,151
TGGGCCAAACACAGTGATGC_006,149
TGGGCCAAACACAGTGATGC_007,69
TGGGCCAAACACAGTGATGC_008,110
TGGGCCAAACACAGTGATGC_009,135
TGGGCCAAACACAGTGATGC_010,135
TGGGCCAAACACAGTGATGC_011,69
TGGGCCAAACACAGTGATGC_012,72
TGGGCCAAACACAGTGATGC_013,82
TGGGCCAAACACAGTGATGC_014,147
TGGGCCAAACACAGTGATGC_015,29
AGCTGACAATAGAAAGACCA_001,23
AGCTGACAATAGAAAGACCA_002,132
AGCTGACAATAGAAAGACCA_003,181
AGCTGACAATAGAAAGACCA_004,161
AGCTGACAATAGAAAGACCA_005,178
AGCTGACAATAGAAAGACCA_006,105
AGCTGACAATAGAAAGACCA_007,199
AGCTGACAATAGAAAGACCA_008,43
AGCTGACAATAGAAAGACCA_009,141
AGCTGACAATAGAAAGACCA_010,175
AGCTGACAATAGAAAGACCA_011,128
AGCTGACAATAGAAAGACCA_012,4
AGCTGACAATAGAAAGACCA_013,154
AGCTGACAATAGAAAGACCA_014,58
AGCTGACAATAGAAAGACCA_015,76
AGCTGACAATAGAAAGACCA_016,161
AGCTGACAATAGAAAGACCA_017,17
AGCTGACAATAGAAAGACCA_018,113
AGCTGACAATAGAAAGACCA_019,145
AGCTGACAATAGAAAGACCA_020,19
AGCTGACAATAGAAAGACCA_021,46
AGCTGACAATAGAAAGACCA_022,61
AGCTGACAATAGAAAGACCA_023,56
AGCTGACAATAGAAAGACCA_024,29
AGGACTATTTGCACTCTTTG_001,43
AGGACTATTTGCACTCTTTG_002,35
AGGACTATTTGCACTCTTTG_003,124
AGGACTATTTGCACTCTTTG_004,4
AGGACTATTTGCACTCTTTG_005,73
AGGACTATTTGCACTCTTTG_006,40
AGGACTATTTGCACTCTTTG_007,40
AGGACTATTTGCACTCTTTG_008,147
AGGACTATTTGCACTCTTTG_009,74
AGGACTATTTGCACTCTTTG_010,142
GCGGTCGCCTTCGGAGCGAA_001,88
GCGGTCGCCTTCGGAGCGAA_002,19
GCGGTCGCCTTCGGAGCGAA_003,80
GCGGTCGCCTTCGGAGCGAA_004,97
GCGGTCGCCTTCGGAGCGAA_005,6
GCGGTCGCCTTCGGAGCGAA_006,161
GCGGTCGCCTTCGGAGCGAA_007,108
GCGGTCGCCTTCGGAGCGAA_008,26
GCGGTCGCCTTCGGAGCGAA_009,144
GCGGTCGCCTTCGGAGCGAA_010,124
GCGGTCGCCTTCGGAGCGAA_011,197
TCCACCAACTGCCTGAAGCA_001,95
TCCACCAACTGCCTGAAGCA_002,17
TCCACCAACTGCCTGAAGCA_003,5
TCCACCAACTGCCTGAAGCA_004,196
TCCACCAACTGCCTGAAGCA_005,98
TCCACCAACTGCCTGAAGCA_006,98
TCCACCAACTGCCTGAAGCA_007,198
TCCACCAACTGCCTGAAGCA_008,198
TCCACCAACTGCCTGAAGCA_009,16
TCCACCAACTGCCTGAAGCA_010,23
TCCACCAACTGCCTGAAGCA_011,184
TCCACCAACTGCCTGAAGCA_012,177
TCCACCAACTGCCTGAAGCA_013,70
TCCACCAACTGCCTGAAGCA_014,94
TCCACCAACTGCCTGAAGCA_015,97
TCCACCAACTGCCTGAAGCA_016,103
TCCACCAACTGCCTGAAGCA_017,144
TCCACCAACTGCCTGAAGCA_018,160
TCCACCAACTGCCTGAAGCA_019,174
TGTGCTGCAGATCGGCGTGG_001,17
TGTGCTGCAGATCGGCGTGG_002,27
TGTGCTGCAGATCGGCGTGG_003,113
TGTGCTGCAGATCGGCGTGG_004,155
TGTGCTGCAGATCGGCGTGG_005,15
TGTGCTGCAGATCGGCGTGG_006,77
TGTGCTGCAGATCGGCGTGG_007,104
TGTGCTGCAGATCGGCGTGG_008,144
ATGGAGGCTAAGGTGAACAG_001,50
ATGGAGGCTAAGGTGAACAG_002,117
ATGGAGGCTAAGGTGAACAG_003,72
ATGGAGGCTAAGGTGAACAG_004,5
ATGGAGGCTAAGGTGAACAG_005,84
ATGGAGGCTAAGGTGAACAG_006,48
ATGGAGGCTAAGGTGAACAG_007,155
ATGGAGGCTAAGGTGAACAG_008,174
ATGGAGGCTAAGGTGAACAG_009,179
ATGGAGGCTAAGGTGAACAG_010,103
ATGGAGGCTAAGGTGAACAG_011,184
ATGGAGGCTAAGGTGAACAG_012,174
ATGGAGGCTAAGGTGAACAG_013,98
ATGGAGGCTAAGGTGAACAG_014,108
ATGGAGGCTAAGGTGAACAG_015,113
ATGGAGGCTAAGGTGAACAG_016,53
ATGGAGGCTAAGGTGAACAG_017,137
ATGGAGGCTAAGGTGAACAG_018,138
ATGGAGGCTAAGGTGAACAG_019,29
ATGGAGGCTAAGGTGAACAG_020,199
ATGGAGGCTAAGGTGAACAG_021,20
ATGGAGGCTAAGGTGAACAG_022,11
ATGGAGGCTAAGGTGAACAG_023,32
ATGGAGGCTAAGGTGAACAG_024,197
ATGGAGGCTAAGGTGAACAG_025,166
ATGGAGGCTAAGGTGAACAG_026,41
ATGGAGGCTAAGGTGAACAG_027,27
ATGGAGGCTAAGGTGAACAG_028,1
ATGGAGGCTAAGGTGAACAG_029,23
ATGGAGGCTAAGGTGAACAG_030,124
ATGGAGGCTAAGGTGAACAG_031,15
ATGGAGGCTAAGGTGAACAG_032,121
CAGGACTGTGTGCCACAACG_001,105
CAGGACTGTGTGCCACAACG_002,8
CAGGACTGTGTGCCACAACG_003,105
CAGGACTGTGTGCCACAACG_004,25
CAGGACTGTGTGCCACAACG_005,15
CAGGACTGTGTGCCACAACG_006,110
CAGGACTGTGTGCCACAACG_007,24
CAGGACTGTGTGCCACAACG_008,162
CAGGACTGTGTGCCACAACG_009,11
CAGGACTGTGTGCCACAACG_010,149
CAGGACTGTGTGCCACAACG_011,56
GAGAACATGCAGCCACTGAA_001,102
GAGAACATGCAGCCACTGAA_002,150
GAGAACATGCAGCCACTGAA_003,137
GAGAACATGCAGCCACTGAA_004,192
GAGAACATGCAGCCACTGAA_005,41
GAGAACATGCAGCCACTGAA_006,117
GAGAACATGCAGCCACTGAA_007,142
GAGAACATGCAGCCACTGAA_008,125
GAGAACATGCAGCCACTGAA_009,106
GAGAACATGCAGCCACTGAA_010,77
GAGAACATGCAGCCACTGAA_011,167
GAGAACATGCAGCCACTGAA_012,113
GAGAACATGCAGCCACTGAA_013,172
GAGAACATGCAGCCACTGAA_014,53
GAGAACATGCAGCCACTGAA_015,76
GAGAACATGCAGCCACTGAA_016,58
GAGAACATGCAGCCACTGAA_017,103
GAGAACATGCAGCCACTGAA_018,85
GCTGTCCTGAGGCCTACAAG_001,53
GCTGTCCTGAGGCCTACAAG_002,146
GCTGTCCTGAGGCCTACAAG_003,70
GCTGTCCTGAGGCCTACAAG_004,140
GCTGTCCTGAGGCCTACAAG_005,23
GCTGTCCTGAGGCCTACAAG_006,69
GCTGTCCTGAGGCCTACAAG_007,113
GCTGTCCTGAGGCCTACAAG_008,141
GCTGTCCTGAGGCCTACAAG_009,48
GCTGTCCTGAGGCCTACAAG_010,180
GCTGTCCTGAGGCCTACAAG_011,150
AGCCGAGCACCACATCACTA_001,127
AGCCGAGCACCACATCACTA_002,26
AGCCGAGCACCACATCACTA_003,141
AGCCGAGCACCACATCACTA_004,141
AGCCGAGCACCACATCACTA_005,59
AGCCGAGCACCACATCACTA_006,2
AGCCGAGCACCACATCACTA_007,188
AGCCGAGCACCACATCACTA_008,197
AGCCGAGCACCACATCACTA_009,139
AGCCGAGCACCACATCACTA_010,19
AGCCGAGCACCACATCACTA_011,147
AGCCGAGCACCACATCACTA_012,139
AGCCGAGCACCACATCACTA_013,33
CCAGGGCGATTACCCACTGG_001,161
CCAGGGCGATTACCCACTGG_002,102
CCAGGGCGATTACCCACTGG_003,29
CCAGGGCGATTACCCACTGG_004,197
CCAGGGCGATTACCCACTGG_005,142
CCATCGGCATAAACTCTCAC_001,135
CCATCGGCATAAACTCTCAC_002,60
CCATCGGCATAAACTCTCAC_003,56
CCATCGGCATAAACTCTCAC_004,82
CCATCGGCATAAACTCTCAC_005,182
CCATCGGCATAAACTCTCAC_006,57
CCATCGGCATAAACTCTCAC_007,103
ACTCCTTGCTTGTTCCCGTG_001,80
ACTCCTTGCTTGTTCCCGTG_002,137
ACTCCTTGCTTGTTCCCGTG_003,76
ACTCCTTGCTTGTTCCCGTG_004,177
ACTCCTTGCTTGTTCCCGTG_005,150
ACTCCTTGCTTGTTCCCGTG_006,28
ACTCCTTGCTTGTTCCCGTG_007,96
CATTAAGGTGAGTGTGCCGG_001,166
CATTAAGGTGAGTGTGCCGG_002,137
CATTAAGGTGAGTGTGCCGG_003,14
CATTAAGGTGAGTGTGCCGG_004,119
CATTAAGGTGAGTGTGCCGG_005,126
CATTAAGGTGAGTGTGCCGG_006,92
CATTAAGGTGAGTGTGCCGG_007,21
CATTAAGGTGAGTGTGCCGG_008,175
CATTAAGGTGAGTGTGCCGG_009,50
CCTTCCTCACATGAGATGAG_001,19
CCTTCCTCACATGAGATGAG_002,142
CCTTCCTCACATGAGATGAG_003,78
CCTTCCTCACATGAGATGAG_004,75
CCTTCCTCACATGAGATGAG_005,60
CCTTCCTCACATGAGATGAG_006,187
CCTTCCTCACATGAGATGAG_007,91
CCTTCCTCACATGAGATGAG_008,174
CCTTCCTCACATGAGATGAG_009,191
CCTTCCTCACATGAGATGAG_010,94
CCTTCCTCACATGAGATGAG_011,175
CCTTCCTCACATGAGATGAG_012,184
CCTTCCTCACATGAGATGAG_013,94
CCTTCCTCACATGAGATGAG_014,7
TTAAAGCTGAGGGATAACCT_001,41
TTAAAGCTGAGGGATAACCT_002,146
TTAAAGCTGAGGGATAACCT_003,172
TTAAAGCTGAGGGATAACCT_004,184
TTAAAGCTGAGGGATAACCT_005,141
TTAAAGCTGAGGGATAACCT_006,53
GACATACCACATGCCTGACG_001,4
GACATACCACATGCCTGACG_002,4
GACATACCACATGCCTGACG_003,185
GACATACCACATGCCTGACG_004,60
GACATACCACATGCCTGACG_005,124
CACTACAAGACCTATGTCGG_001,20
CACTACAAGACCTATGTCGG_002,174
CACTACAAGACCTATGTCGG_003,24
CACTACAAGACCTATGTCGG_004,48
CACTACAAGACCTATGTCGG_005,153
CACTACAAGACCTATGTCGG_006,1
CACTACAAGACCTATGTCGG_007,176
CACTACAAGACCTATGTCGG_008,54
CACTACAAGACCTATGTCGG_009,127
ATTCCATCAAAATAGTATAC_001,71
AGAACTTGGACTCGCCAATG_001,77
AGAACTTGGACTCGCCAATG_002,97
AGAACTTGGACTCGCCAATG_003,118
AGAACTTGGACTCGCCAATG_004,83
AGAACTTGGACTCGCCAATG_005,15
AGAACTTGGACTCGCCAATG_006,48
AGAACTTGGACTCGCCAATG_007,48
AGAACTTGGACTCGCCAATG_008,82
AGAACTTGGACTCGCCAATG_009,169
AGAACTTGGACTCGCCAATG_010,98
CTGAGGAACGACCATGACAT_001,48
CTGAGGAACGACCATGACAT_002,57
CTGAGGAACGACCATGACAT_003,135
CTGAGGAACGACCATGACAT_004,62
CTGAGGAACGACCATGACAT_005,162
CTGAGGAACGACCATGACAT_006,144
CTGAGGAACGACCATGACAT_007,166
CTGAGGAACGACCATGACAT_008,34
CTGAGGAACGACCATGACAT_009,58
CTGAGGAACGACCATGACAT_010,83
CTGAGGAACGACCATGACAT_011,13
CTGAGGAACGACCATGACAT_012,146
CTGAGGAACGACCATGACAT_013,104
CTGAGGAACGACCATGACAT_014,143
CTGAGGAACGACCATGACAT_015,143
CTGAGGAACGACCATGACAT_016,4
CTGAGGAACGACCATGACAT_017,170
CCTGTGCCACCCGATGCAGG_001,196
CCTGTGCCACCCGATGCAGG_002,140
CCTGTGCCACCCGATGCAGG_003,77
CCTGTGCCACCCGATGCAGG_004,7
CCTGTGCCACCCGATGCAGG_005,31
CCTGTGCCACCCGATGCAGG_006,159
CCTGTGCCACCCGATGCAGG_007,120
CCTGTGCCACCCGATGCAGG_008,147
CCTGTGCCACCCGATGCAGG_009,85
CCTGTGCCACCCGATGCAGG_010,82
CCTGTGCCACCCGATGCAGG_011,148
CCTGTGCCACCCGATGCAGG_012,158
CCTGTGCCACCCGATGCAGG_013,13
GGGGACGTGCTCACTCGCGA_001,68
GGGGACGTGCTCACTCGCGA_002,175
GGGGACGTGCTCACTCGCGA_003,176
GGGGACGTGCTCACTCGCGA_004,119
GGGGACGTGCTCACTCGCGA_005,6
GGGGACGTGCTCACTCGCGA_006,49
GGGGACGTGCTCACTCGCGA_007,43
GGGGACGTGCTCACTCGCGA_008,121
TCTGTTCAGAGAAGTATGCA_001,150
TCTGTTCAGAGAAGTATGCA_002,175
TCTGTTCAGAGAAGTATGCA_003,20
TCTGTTCAGAGAAGTATGCA_004,90
TCTGTTCAGAGAAGTATGCA_005,71
TCTGTTCAGAGAAGTATGCA_006,124
TCTGTTCAGAGAAGTATGCA_007,136
TCTGTTCAGAGAAGTATGCA_008,160
TCTGTTCAGAGAAGTATGCA_009,91
GCTTCGTGCAACTCTCCGGG_001,154
GCTTCGTGCAACTCTCCGGG_002,132
GCTTCGTGCAACTCTCCGGG_003,176
GCTTCGTGCAACTCTCCGGG_004,116
GCTTCGTGCAACTCTCCGGG_005,23
GCTTCGTGCAACTCTCCGGG_006,194
GCTTCGTGCAACTCTCCGGG_007,48
GCTTCGTGCAACTCTCCGGG_008,91
GCTTCGTGCAACTCTCCGGG_009,164
GCTTCGTGCAACTCTCCGGG_010,120
GCTTCGTGCAACTCTCCGGG_011,41
GCTTCGTGCAACTCTCCGGG_012,48
GCTTCGTGCAACTCTCCGGG_013,60
GCTTCGTGCAACTCTCCGGG_014,16
GCTTCGTGCAACTCTCCGGG_015,128
GCTTCGTGCAACTCTCCGGG_016,196
GCTTCGTGCAACTCTCCGGG_017,33
GCTTCGTGCAACTCTCCGGG_018,124
CATCTCAAGATGCCCTCAGG_001,181
CATCTCAAGATGCCCTCAGG_002,30
CATCTCAAGATGCCCTCAGG_003,191
CATCTCAAGATGCCCTCAGG_004,54
CATCTCAAGATGCCCTCAGG_005,185
CATCTCAAGATGCCCTCAGG_006,102
CATCTCAAGATGCCCTCAGG_007,2
CATCTCAAGATGCCCTCAGG_008,98
CATCTCAAGATGCCCTCAGG_009,98
CATCTCAAGATGCCCTCAGG_010,171
CATCTCAAGATGCCCTCAGG_011,135
CATCTCAAGATGCCCTCAGG_012,44
CATCTCAAGATGCCCTCAGG_013,15
CATCTCAAGATGCCCTCAGG_014,65
CATCTCAAGATGCCCTCAGG_015,69
CATCTCAAGATGCCCTCAGG_016,64
CATCTCAAGATGCCCTCAGG_017,107
CATCTCAAGATGCCCTCAGG_018,155
CATCTCAAGATGCCCTCAGG_019,77
CATCTCAAGATGCCCTCAGG_020,2
CATCTCAAGATGCCCTCAGG_021,27
CATCTCAAGATGCCCTCAGG_022,178
CATCTCAAGATGCCCTCAGG_023,97
CATCTCAAGATGCCCTCAGG_024,166
CATCTCAAGATGCCCTCAGG_025,22
CATCTCAAGATGCCCTCAGG_026,56
CATCTCAAGATGCCCTCAGG_027,60
AAATTCACCACGTCACACTG_001,136
AAATTCACCACGTCACACTG_002,160
AAATTCACCACGTCACACTG_003,120
AAATTCACCACGTCACACTG_004,190
AAATTCACCACGTCACACTG_005,145
AAATTCACCACGTCACACTG_006,9
AAATTCACCACGTCACACTG_007,156
AAATTCACCACGTCACACTG_008,62
AAATTCACCACGTCACACTG_009,161
AAATTCACCACGTCACACTG_010,61
AAATTCACCACGTCACACTG_011,52
AAATTCACCACGTCACACTG_012,0
AAATTCACCACGTCACACTG_013,65
AGTGGACGGGCATACATCAG_001,175
AGTGGACGGGCATACATCAG_002,165
AGTGGACGGGCATACATCAG_003,145
AGTGGACGGGCATACATCAG_004,17
AGTGGACGGGCATACATCAG_005,127
AGTGGACGGGCATACATCAG_006,121
AGTGGACGGGCATACATCAG_007,122
AGTGGACGGGCATACATCAG_008,30
AGTGGACGGGCATACATCAG_009,16
AGTGGACGGGCATACATCAG_010,115
AGTGGACGGGCATACATCAG_011,11
AGTGGACGGGCATACATCAG_012,114
AGTGGACGGGCATACATCAG_013,1
AGTGGACGGGCATACATCAG_014,156
AGTGGACGGGCATACATCAG_015,6
GATGCCAAGGATGTTCCAGG_001,162
GATGCCAAGGATGTTCCAGG_002,88
GATGCCAAGGATGTTCCAGG_003,192
TTTGATCCTACTCATTAGAG_001,70
TTTGATCCTACTCATTAGAG_002,196
TTTGATCCTACTCATTAGAG_003,127
TTTGATCCTACTCATTAGAG_004,198
TTTGATCCTACTCATTAGAG_005,175
GCACAGCATATTAGGTACCA_001,177
GCACAGCATATTAGGTACCA_002,48
TGACAATGGACAAACTATGG_001,38
TGACAATGGACAAACTATGG_002,126
GCCAGCGATCATGTCTACAA_001,1
GCCAGCGATCATGTCTACAA_002,78
GCCAGCGATCATGTCTACAA_003,126
CAATGTGGCACTCAAAAAGC_001,9
CAATGTGGCACTCAAAAAGC_002,78
CAATGTGGCACTCAAAAAGC_003,135
CAATGTGGCACTCAAAAAGC_004,106
CAATGTGGCACTCAAAAAGC_005,126
CAATGTGGCACTCAAAAAGC_006,145
TGACGAAGTCGTACTCGCAG_001,152
TGACGAAGTCGTACTCGCAG_002,126
TGACGAAGTCGTACTCGCAG_003,1
TGACGAAGTCGTACTCGCAG_004,182
CTGCAGGTGATGTATGACGC_001,158
CTGCAGGTGATGTATGACGC_002,149
AAATGTGACTATTCAACTCT_001,60
AAATGTGACTATTCAACTCT_002,39
AAATGTGACTATTCAACTCT_003,160
AAATGTGACTATTCAACTCT_004,64
AAATGTGACTATTCAACTCT_005,39
CTTACCTTGGAAGTGGACGT_001,166
CTTACCTTGGAAGTGGACGT_002,191
CTTACCTTGGAAGTGGACGT_003,127
CTTACCTTGGAAGTGGACGT_004,153
CTTACCTTGGAAGTGGACGT_005,9
CTTACCTTGGAAGTGGACGT_006,27
CTTACCTTGGAAGTGGACGT_007,188
CTTACCTTGGAAGTGGACGT_008,34
CTTACCTTGGAAGTGGACGT_009,26
CTTACCTTGGAAGTGGACGT_010,58
CTTACCTTGGAAGTGGACGT_011,5
CTTACCTTGGAAGTGGACGT_012,184
CTTACCTTGGAAGTGGACGT_013,126
CTTACCTTGGAAGTGGACGT_014,4
CTTACCTTGGAAGTGGACGT_015,50
CTTACCTTGGAAGTGGACGT_016,24
CTTACCTTGGAAGTGGACGT_017,114
CTTACCTTGGAAGTGGACGT_018,37
CTTACCTTGGAAGTGGACGT_019,57
CTTACCTTGGAAGTGGACGT_020,40
CTTACCTTGGAAGTGGACGT_021,1
CTTACCTTGGAAGTGGACGT_022,12
GGCTGCCATTCCACACCACG_001,15
GGCTGCCATTCCACACCACG_002,28
GGCTGCCATTCCACACCACG_003,59
GGCTGCCATTCCACACCACG_004,127
GGCTGCCATTCCACACCACG_005,3
GGCTGCCATTCCACACCACG_006,43
GGCTGCCATTCCACACCACG_007,174
GGCTGCCATTCCACACCACG_008,163
GAAGTGACCAAGGACCAGAG_001,70
GAAGTGACCAAGGACCAGAG_002,83
GAAGTGACCAAGGACCAGAG_003,117
GAAGTGACCAAGGACCAGAG_004,86
GAAGTGACCAAGGACCAGAG_005,50
GAAGTGACCAAGGACCAGAG_006,172
GAAGTGACCAAGGACCAGAG_007,62
GAAGTGACCAAGGACCAGAG_008,63
GAAGTGACCAAGGACCAGAG_009,88
GAAGTGACCAAGGACCAGAG_010,153
GAAGTGACCAAGGACCAGAG_011,197
GAAGTGACCAAGGACCAGAG_012,160
GAAGTGACCAAGGACCAGAG_013,15
GAAGTGACCAAGGACCAGAG_014,77
GAAGTGACCAAGGACCAGAG_015,148
GGTTACTGGAGCAATATGAA_001,172
GGTTACTGGAGCAATATGAA_002,81
CCACAGATGCAACATAAGCT_001,176
CCACAGATGCAACATAAGCT_002,176
ACTCTCACGTACACGCCGTC_001,97
ACTCTCACGTACACGCCGTC_002,102
ACTCTCACGTACACGCCGTC_003,77
ACTCTCACGTACACGCCGTC_004,163
ACTCTCACGTACACGCCGTC_005,4
ACTCTCACGTACACGCCGTC_006,7
ACTCTCACGTACACGCCGTC_007,9
TTGATTGCAGGATTTACGGA_001,188
GCAGCAGGGCTTACAGCAGT_001,8
GCAGCAGGGCTTACAGCAGT_002,19
GCAGCAGGGCTTACAGCAGT_003,114
AGAAGCTGACCATACACTGG_001,41
AGAAGCTGACCATACACTGG_002,108
AGAAGCTGACCATACACTGG_003,108
AGAAGCTGACCATACACTGG_004,157
AGAAGCTGACCATACACTGG_005,172
AGAAGCTGACCATACACTGG_006,187
AGAAGCTGACCATACACTGG_007,65
AGAAGCTGACCATACACTGG_008,107
GTTCAACAGCAGCCAACTGC_001,139
GTTCAACAGCAGCCAACTGC_002,29
GTTCAACAGCAGCCAACTGC_003,174
GTTCAACAGCAGCCAACTGC_004,188
GTTCAACAGCAGCCAACTGC_005,103
ATTGCCATTCGAAAAGCCCA_001,175
ATTGCCATTCGAAAAGCCCA_002,24
ATTGCCATTCGAAAAGCCCA_003,2
GTTTGCAAGACAGAGGCGAA_001,34
GTTTGCAAGACAGAGGCGAA_002,150
GTTTGCAAGACAGAGGCGAA_003,52
GTTTGCAAGACAGAGGCGAA_004,76
GTTTGCAAGACAGAGGCGAA_005,87
GTTTGCAAGACAGAGGCGAA_006,131
GTTTGCAAGACAGAGGCGAA_007,56
GTTTGCAAGACAGAGGCGAA_008,145
GTTTGCAAGACAGAGGCGAA_009,165
GTTTGCAAGACAGAGGCGAA_010,162
GTTTGCAAGACAGAGGCGAA_011,172
GTTTGCAAGACAGAGGCGAA_012,12
ACATTTACTCACAAATCGGG_001,181
ACATTTACTCACAAATCGGG_002,20
ACATTTACTCACAAATCGGG_003,63
ATCGAGACTATGACCGCAAG_001,85
ATCGAGACTATGACCGCAAG_002,93
ATCGAGACTATGACCGCAAG_003,192
ATCGAGACTATGACCGCAAG_004,2
ATCGAGACTATGACCGCAAG_005,87
CCCCAGCCACAAGACTCAAG_001,176
CCCCAGCCACAAGACTCAAG_002,141
CCCCAGCCACAAGACTCAAG_003,110
CCCCAGCCACAAGACTCAAG_004,16
CCCCAGCCACAAGACTCAAG_005,135
CCCCAGCCACAAGACTCAAG_006,135
CCCCAGCCACAAGACTCAAG_007,67
GCTTGTGTAATGTTGATACC_001,82
TCAGTGTCTTCAACCAACCA_001,27
TCAGTGTCTTCAACCAACCA_002,51
TCAGTGTCTTCAACCAACCA_003,172
TCAGTGTCTTCAACCAACCA_004,5
TCAGTGTCTTCAACCAACCA_005,186
TCAGTGTCTTCAACCAACCA_006,86
TTAATATTAGGTCCCCAACT_001,48
TTAATATTAGGTCCCCAACT_002,169
TTAATATTAGGTCCCCAACT_003,40
TTAATATTAGGTCCCCAACT_004,11
TTAATATTAGGTCCCCAACT_005,52
TTAATATTAGGTCCCCAACT_006,12
TTAATATTAGGTCCCCAACT_007,18
TTAATATTAGGTCCCCAACT_008,2
TTAATATTAGGTCCCCAACT_009,137
TTAATATTAGGTCCCCAACT_010,42
TTAATATTAGGTCCCCAACT_011,168
TTAATATTAGGTCCCCAACT_012,179
TTAATATTAGGTCCCCAACT_013,40
AATGACCTGCCTCGACACAC_001,169
AATGACCTGCCTCGACACAC_002,12
AATGACCTGCCTCGACACAC_003,160
AATGACCTGCCTCGACACAC_004,159
AATGACCTGCCTCGACACAC_005,190
AATGACCTGCCTCGACACAC_006,139
AATGACCTGCCTCGACACAC_007,144
AATGACCTGCCTCGACACAC_008,151
AATGACCTGCCTCGACACAC_009,166
AATGACCTGCCTCGACACAC_010,39
AATGACCTGCCTCGACACAC_011,5
AATGACCTGCCTCGACACAC_012,57
AATGACCTGCCTCGACACAC_013,75
AATGACCTGCCTCGACACAC_014,176
AATGACCTGCCTCGACACAC_015,58
AATGACCTGCCTCGACACAC_016,146
AATGACCTGCCTCGACACAC_017,125
AATGACCTGCCTCGACACAC_018,77
AATGACCTGCCTCGACACAC_019,65
AATGACCTGCCTCGACACAC_020,180
AATGACCTGCCTCGACACAC_021,138
AATGACCTGCCTCGACACAC_022,144
AATGACCTGCCTCGACACAC_023,108
AATGACCTGCCTCGACACAC_024,140
AATGACCTGCCTCGACACAC_025,126
CATGACAGAGCCATCAACAC_001,104
CATGACAGAGCCATCAACAC_002,14
CATGACAGAGCCATCAACAC_003,119
CATGACAGAGCCATCAACAC_004,197
CATGACAGAGCCATCAACAC_005,49
CATGACAGAGCCATCAACAC_006,89
CATGACAGAGCCATCAACAC_007,46
CATGACAGAGCCATCAACAC_008,10
CATGACAGAGCCATCAACAC_009,1
AGGAGAACTCAACCATCCTG_001,196
AGGAGAACTCAACCATCCTG_002,94
AGGAGAACTCAACCATCCTG_003,157
AGGAGAACTCAACCATCCTG_004,144
AGGAGAACTCAACCATCCTG_005,9
AGGAGAACTCAACCATCCTG_006,169
AGGAGAACTCAACCATCCTG_007,166
AGGAGAACTCAACCATCCTG_008,17
AGGAGAACTCAACCATCCTG_009,169
AGGAGAACTCAACCATCCTG_010,160
AGGAGAACTCAACCATCCTG_011,117
AGGAGAACTCAACCATCCTG_012,88
AGGAGAACTCAACCATCCTG_013,146
AGGAGAACTCAACCATCCTG_014,121
AGGAGAACTCAACCATCCTG_015,36
AGGAGAACTCAACCATCCTG_016,158
AGGAGAACTCAACCATCCTG_017,138
AGGAGAACTCAACCATCCTG_018,180
AGGAGAACTCAACCATCCTG_019,45
AGGAGAACTCAACCATCCTG_020,190
AGGAGAACTCAACCATCCTG_021,144
AGGAGAACTCAACCATCCTG_022,19
AGGAGAACTCAACCATCCTG_023,129
AGGAGAACTCAACCATCCTG_024,50
TGTGGCAACAAGAACGACCA_001,147
TGTGGCAACAAGAACGACCA_002,43
TGTGGCAACAAGAACGACCA_003,172
TGTGGCAACAAGAACGACCA_004,81
TGTGGCAACAAGAACGACCA_005,162
TGTGGCAACAAGAACGACCA_006,116
TGTGGCAACAAGAACGACCA_007,9
TGTGGCAACAAGAACGACCA_008,83
TGTGGCAACAAGAACGACCA_009,94
TGTGGCAACAAGAACGACCA_010,61
TGTGGCAACAAGAACGACCA_011,145
TGTGGCAACAAGAACGACCA_012,145
GGCAGCCGCCCGATGACCAG_001,41
GGCAGCCGCCCGATGACCAG_002,12
CAAAATCAGAACCAAAACCA_001,87
CAAAATCAGAACCAAAACCA_002,116
CAAAATCAGAACCAAAACCA_003,162
CAAAATCAGAACCAAAACCA_004,60
CAAAATCAGAACCAAAACCA_005,168
CAAAATCAGAACCAAAACCA_006,22
CAAAATCAGAACCAAAACCA_007,168
ACTGTCCACACGGCCCGAGG_001,42
ACTGTCCACACGGCCCGAGG_002,42
ACTGTCCACACGGCCCGAGG_003,26
ACTGTCCACACGGCCCGAGG_004,77
ACTGTCCACACGGCCCGAGG_005,104
ACTGTCCACACGGCCCGAGG_006,149
ACTGTCCACACGGCCCGAGG_007,115
ACTGTCCACACGGCCCGAGG_008,85
ACTGTCCACACGGCCCGAGG_009,10
ACTGTCCACACGGCCCGAGG_010,77
ACTGTCCACACGGCCCGAGG_011,171
ACTGTCCACACGGCCCGAGG_012,104
ACTGTCCACACGGCCCGAGG_013,185
ACTGTCCACACGGCCCGAGG_014,55
ACTGTCCACACGGCCCGAGG_015,155
ACTGTCCACACGGCCCGAGG_016,192
ACTGTCCACACGGCCCGAGG_017,27
ACTGTCCACACGGCCCGAGG_018,175
ACTGTCCACACGGCCCGAGG_019,188
ACTGTCCACACGGCCCGAGG_020,181
ACTGTCCACACGGCCCGAGG_021,89
ACTGTCCACACGGCCCGAGG_022,174
ACTGTCCACACGGCCCGAGG_023,82
ACTGTCCACACGGCCCGAGG_024,92
ACTGTCCACACGGCCCGAGG_025,9
ACTGTCCACACGGCCCGAGG_026,135
ACTGTCCACACGGCCCGAGG_027,184
ACTGTCCACACGGCCCGAGG_028,148
ACTGTCCACACGGCCCGAGG_029,59
ACTGTCCACACGGCCCGAGG_030,48
ACTGTCCACACGGCCCGAGG_031,50
ACTGTCCACACGGCCCGAGG_032,136
ACTGTCCACACGGCCCGAGG_033,40
ACTGTCCACACGGCCCGAGG_034,112
GCCCGAGACCCACCTCCCCG_001,163
GCCCGAGACCCACCTCCCCG_002,60
GCCCGAGACCCACCTCCCCG_003,174
GCCCGAGACCCACCTCCCCG_004,130
GCCCGAGACCCACCTCCCCG_005,158
GCCCGAGACCCACCTCCCCG_006,177
GCCCGAGACCCACCTCCCCG_007,112
GCCCGAGACCCACCTCCCCG_008,147
GCCCGAGACCCACCTCCCCG_009,88
GCCCGAGACCCACCTCCCCG_010,88
GCCCGAGACCCACCTCCCCG_011,88
GCCCGAGACCCACCTCCCCG_012,162
GCCCGAGACCCACCTCCCCG_013,42
GCCCGAGACCCACCTCCCCG_014,183
GCCCGAGACCCACCTCCCCG_015,140
GCCCGAGACCCACCTCCCCG_016,105
GCCCGAGACCCACCTCCCCG_017,15
GCCCGAGACCCACCTCCCCG_018,77
GCCCGAGACCCACCTCCCCG_019,169
GCCCGAGACCCACCTCCCCG_020,49
GCCCGAGACCCACCTCCCCG_021,50
GCCCGAGACCCACCTCCCCG_022,121
GCCCGAGACCCACCTCCCCG_023,107
GCCCGAGACCCACCTCCCCG_024,15
GTGAAATTCTAACCTTGGCG_001,175
GTGAAATTCTAACCTTGGCG_002,168
GTGAAATTCTAACCTTGGCG_003,95
GTGAAATTCTAACCTTGGCG_004,174
GTGAAATTCTAACCTTGGCG_005,148
GTGAAATTCTAACCTTGGCG_006,88
GTGAAATTCTAACCTTGGCG_007,197
GTGAAATTCTAACCTTGGCG_008,11
GTGAAATTCTAACCTTGGCG_009,151
AAGTCCATGAGTTAATCGAG_001,149
AAGTCCATGAGTTAATCGAG_002,51
AAGTCCATGAGTTAATCGAG_003,80
AAGTCCATGAGTTAATCGAG_004,196
AAGTCCATGAGTTAATCGAG_005,128
AAGTCCATGAGTTAATCGAG_006,8
AAGTCCATGAGTTAATCGAG_007,188
AAGTCCATGAGTTAATCGAG_008,157
AAGTCCATGAGTTAATCGAG_009,98
AAGTCCATGAGTTAATCGAG_010,115
AAGTCCATGAGTTAATCGAG_011,94
AAGTCCATGAGTTAATCGAG_012,98
AAGTCCATGAGTTAATCGAG_013,53
AAGTCCATGAGTTAATCGAG_014,170
AAGTCCATGAGTTAATCGAG_015,99
AAGTCCATGAGTTAATCGAG_016,93
CGCAGGTACAGCGCTCCATG_001,44
CGCAGGTACAGCGCTCCATG_002,105
CGCAGGTACAGCGCTCCATG_003,56
CGCAGGTACAGCGCTCCATG_004,41
CGCAGGTACAGCGCTCCATG_005,103
CGCAGGTACAGCGCTCCATG_006,167
CGCAGGTACAGCGCTCCATG_007,167
CGCAGGTACAGCGCTCCATG_008,149
CGCAGGTACAGCGCTCCATG_009,108
CGCAGGTACAGCGCTCCATG_010,160
CGCAGGTACAGCGCTCCATG_011,134
CGCAGGTACAGCGCTCCATG_012,183
CGCAGGTACAGCGCTCCATG_013,153
CGCAGGTACAGCGCTCCATG_014,2
CGCAGGTACAGCGCTCCATG_015,40
CGCAGGTACAGCGCTCCATG_016,62
CGCAGGTACAGCGCTCCATG_017,197
GTTGTATTACAGTTCTGTCA_001,49
GAGCCCGAGAAGAGGCACGG_001,146
GAGCCCGAGAAGAGGCACGG_002,58
GAGCCCGAGAAGAGGCACGG_003,153
GAGCCCGAGAAGAGGCACGG_004,153
GAGCCCGAGAAGAGGCACGG_005,172
GAGCCCGAGAAGAGGCACGG_006,60
GAGCCCGAGAAGAGGCACGG_007,49
GAGCCCGAGAAGAGGCACGG_008,15
GAGCCCGAGAAGAGGCACGG_009,197
GAGCCCGAGAAGAGGCACGG_010,175
GAGCCCGAGAAGAGGCACGG_011,123
GAGCCCGAGAAGAGGCACGG_012,160
GAGCCCGAGAAGAGGCACGG_013,30
GAGCCCGAGAAGAGGCACGG_014,161
GAGCCCGAGAAGAGGCACGG_015,0
GAGCCCGAGAAGAGGCACGG_016,67
GAGCCCGAGAAGAGGCACGG_017,64
GAGCCCGAGAAGAGGCACGG_018,191
GAGCCCGAGAAGAGGCACGG_019,6
GAGCCCGAGAAGAGGCACGG_020,13
GAGCCCGAGAAGAGGCACGG_021,88
GAGCCCGAGAAGAGGCACGG_022,13
AAATCCGACAAGTTCCAGAG_001,72
AAATCCGACAAGTTCCAGAG_002,112
AAATCCGACAAGTTCCAGAG_003,78
AAATCCGACAAGTTCCAGAG_004,169
AAATCCGACAAGTTCCAGAG_005,25
AAATCCGACAAGTTCCAGAG_006,138
AAATCCGACAAGTTCCAGAG_007,149
AAATCCGACAAGTTCCAGAG_008,35
AAATCCGACAAGTTCCAGAG_009,182
AAATCCGACAAGTTCCAGAG_010,82
AAATCCGACAAGTTCCAGAG_011,82
AAATCCGACAAGTTCCAGAG_012,70
AAATCCGACAAGTTCCAGAG_013,2
AAATCCGACAAGTTCCAGAG_014,105
AAATCCGACAAGTTCCAGAG_015,88
AAATCCGACAAGTTCCAGAG_016,169
AAATCCGACAAGTTCCAGAG_017,50
AAATCCGACAAGTTCCAGAG_018,58
AACCAGGTCAGCTTCGGACA_001,34
AACCAGGTCAGCTTCGGACA_002,41
AACCAGGTCAGCTTCGGACA_003,27
AACCAGGTCAGCTTCGGACA_004,156
AACCAGGTCAGCTTCGGACA_005,47
AACCAGGTCAGCTTCGGACA_006,191
AACCAGGTCAGCTTCGGACA_007,69
AACCAGGTCAGCTTCGGACA_008,94
AACCAGGTCAGCTTCGGACA_009,38
AACCAGGTCAGCTTCGGACA_010,49
AACCAGGTCAGCTTCGGACA_011,188
AACCAGGTCAGCTTCGGACA_012,60
AACCAGGTCAGCTTCGGACA_013,28
AACCAGGTCAGCTTCGGACA_014,172
AACCAGGTCAGCTTCGGACA_015,77
AACCAGGTCAGCTTCGGACA_016,94
AACCAGGTCAGCTTCGGACA_017,17
AACCAGGTCAGCTTCGGACA_018,188
AACCAGGTCAGCTTCGGACA_019,191
AACCAGGTCAGCTTCGGACA_020,77
AACCAGGTCAGCTTCGGACA_021,2
AACCAGGTCAGCTTCGGACA_022,8
AACCAGGTCAGCTTCGGACA_023,69
AACCAGGTCAGCTTCGGACA_024,103
AACCAGGTCAGCTTCGGACA_025,10
AACCAGGTCAGCTTCGGACA_026,130
AACCAGGTCAGCTTCGGACA_027,130
AACCAGGTCAGCTTCGGACA_028,115
AACCAGGTCAGCTTCGGACA_029,56
AACCAGGTCAGCTTCGGACA_030,106
AACCAGGTCAGCTTCGGACA_031,77
AACCAGGTCAGCTTCGGACA_032,103
AACCAGGTCAGCTTCGGACA_033,1
AACTACAGCCGCGAACAGCA_001,162
AACTACAGCCGCGAACAGCA_002,166
AACTACAGCCGCGAACAGCA_003,162
AACTACAGCCGCGAACAGCA_004,156
AACTACAGCCGCGAACAGCA_005,141
AACTACAGCCGCGAACAGCA_006,152
AACTACAGCCGCGAACAGCA_007,152
AACTACAGCCGCGAACAGCA_008,114
AACTACAGCCGCGAACAGCA_009,32
GGAATGTATAAAATTAAAGG_001,191
GGAATGTATAAAATTAAAGG_002,106
TAGCGGGTGTCATAGAACCG_001,8
TAGCGGGTGTCATAGAACCG_002,140
TAGCGGGTGTCATAGAACCG_003,81
AATAACCAATCAGTCAGACC_001,84
AATAACCAATCAGTCAGACC_002,54
AATAACCAATCAGTCAGACC_003,38
CACAATTCTGTCTTTCACGG_001,198
CACAATTCTGTCTTTCACGG_002,166
CACAATTCTGTCTTTCACGG_003,135
CACAATTCTGTCTTTCACGG_004,83
CACAATTCTGTCTTTCACGG_005,3
CACAATTCTGTCTTTCACGG_006,125
CACAATTCTGTCTTTCACGG_007,96
CACAATTCTGTCTTTCACGG_008,20
GGTTCTATAAAATCCCACGA_001,181
GGTTCTATAAAATCCCACGA_002,193
GGTTCTATAAAATCCCACGA_003,94
GGTTCTATAAAATCCCACGA_004,48
GGTTCTATAAAATCCCACGA_005,94
GGTTCTATAAAATCCCACGA_006,62
GGTTCTATAAAATCCCACGA_007,76
GGTTCTATAAAATCCCACGA_008,163
GGTTCTATAAAATCCCACGA_009,134
TGCTCAGCATTACGTAAGAA_001,94
TGCTCAGCATTACGTAAGAA_002,132
TGCTCAGCATTACGTAAGAA_003,42
TGCTCAGCATTACGTAAGAA_004,62
GCAAATATTCTATATATGTG_001,16
GCAAATATTCTATATATGTG_002,77
GCAAATATTCTATATATGTG_003,1
GCAAATATTCTATATATGTG_004,127
GCAAATATTCTATATATGTG_005,144
AAGGTATCCCTGGATCCCTG_001,145
AAGGTATCCCTGGATCCCTG_002,199
AAGGTATCCCTGGATCCCTG_003,102
AAGGTATCCCTGGATCCCTG_004,166
AAGGTATCCCTGGATCCCTG_005,80
AAGGTATCCCTGGATCCCTG_006,48
AAGGTATCCCTGGATCCCTG_007,193
AAGGTATCCCTGGATCCCTG_008,88
AAGGTATCCCTGGATCCCTG_009,82
AAGGTATCCCTGGATCCCTG_010,83
AAGGTATCCCTGGATCCCTG_011,6
AAGGTATCCCTGGATCCCTG_012,28
AAGGTATCCCTGGATCCCTG_013,56
AAGGTATCCCTGGATCCCTG_014,70
AAGGTATCCCTGGATCCCTG_015,134
AAGGTATCCCTGGATCCCTG_016,37
AAGGTATCCCTGGATCCCTG_017,34
TATGTTGGTGGGATGTTACG_001,188
TATGTTGGTGGGATGTTACG_002,15
TATGTTGGTGGGATGTTACG_003,8
TATGTTGGTGGGATGTTACG_004,162
TATGTTGGTGGGATGTTACG_005,14
TATGTTGGTGGGATGTTACG_006,82
TATGTTGGTGGGATGTTACG_007,187
TATGTTGGTGGGATGTTACG_008,181
TATGTTGGTGGGATGTTACG_009,37
TATGTTGGTGGGATGTTACG_010,125
TATGTTGGTGGGATGTTACG_011,162
CCCTTGACGTCGGAGAAGAA_001,197
CCCTTGACGTCGGAGAAGAA_002,147
CCCTTGACGTCGGAGAAGAA_003,142
CCCTTGACGTCGGAGAAGAA_004,159
CCCTTGACGTCGGAGAAGAA_005,169
CCCTTGACGTCGGAGAAGAA_006,184
CAGGGCTCCTTGATGCCTCG_001,6
CAGGGCTCCTTGATGCCTCG_002,191
CAGGGCTCCTTGATGCCTCG_003,43
CAGGGCTCCTTGATGCCTCG_004,55
CAGGGCTCCTTGATGCCTCG_005,88
CAGGGCTCCTTGATGCCTCG_006,19
CAGGGCTCCTTGATGCCTCG_007,2
CAGGGCTCCTTGATGCCTCG_008,9
CAGGGCTCCTTGATGCCTCG_009,138
CAGGGCTCCTTGATGCCTCG_010,165
CAGGGCTCCTTGATGCCTCG_011,175
CAGGGCTCCTTGATGCCTCG_012,28
CAGGGCTCCTTGATGCCTCG_013,185
CAGGGCTCCTTGATGCCTCG_014,72
CAGGGCTCCTTGATGCCTCG_015,33
CAGGGCTCCTTGATGCCTCG_016,96
CAGGGCTCCTTGATGCCTCG_017,197
CAGGGCTCCTTGATGCCTCG_018,156
CAGGGCTCCTTGATGCCTCG_019,156
CAGGGCTCCTTGATGCCTCG_020,58
CAGGGCTCCTTGATGCCTCG_021,151
CAGGGCTCCTTGATGCCTCG_022,157
CAGGGCTCCTTGATGCCTCG_023,16
CAGGGCTCCTTGATGCCTCG_024,182
CAGGGCTCCTTGATGCCTCG_025,152
CAGGGCTCCTTGATGCCTCG_026,11
CAGGGCTCCTTGATGCCTCG_027,179
CAGGGCTCCTTGATGCCTCG_028,98
CAGGGCTCCTTGATGCCTCG_029,115
CAGGGCTCCTTGATGCCTCG_030,62
CAGGGCTCCTTGATGCCTCG_031,91
CAGGGCTCCTTGATGCCTCG_032,46
CAGGGCTCCTTGATGCCTCG_033,56
CAGGGCTCCTTGATGCCTCG_034,3
CAGGGCTCCTTGATGCCTCG_035,50
CAGGGCTCCTTGATGCCTCG_036,188
AGCAGCGTCCCATCCTCAGG_001,49
AGCAGCGTCCCATCCTCAGG_002,41
AGCAGCGTCCCATCCTCAGG_003,82
AGCAGCGTCCCATCCTCAGG_004,60
AGCAGCGTCCCATCCTCAGG_005,159
AGCAGCGTCCCATCCTCAGG_006,195
AGCAGCGTCCCATCCTCAGG_007,96
AGCAGCGTCCCATCCTCAGG_008,51
AGCAGCGTCCCATCCTCAGG_009,38
AGCAGCGTCCCATCCTCAGG_010,150
AGCAGCGTCCCATCCTCAGG_011,76
AGCAGCGTCCCATCCTCAGG_012,120
AGCAGCGTCCCATCCTCAGG_013,170
AGCAGCGTCCCATCCTCAGG_014,65
AGCAGCGTCCCATCCTCAGG_015,195
AGCAGCGTCCCATCCTCAGG_016,119
AGCAGCGTCCCATCCTCAGG_017,21
AGCAGCGTCCCATCCTCAGG_018,26
AGCAGCGTCCCATCCTCAGG_019,62
AGCAGCGTCCCATCCTCAGG_020,157
AGCAGCGTCCCATCCTCAGG_021,49
AGCAGCGTCCCATCCTCAGG_022,92
AGCAGCGTCCCATCCTCAGG_023,60
AGCAGCGTCCCATCCTCAGG_024,15
AGCAGCGTCCCATCCTCAGG_025,40
AGCAGCGTCCCATCCTCAGG_026,57
AGCAGCGTCCCATCCTCAGG_027,61
AGGTTATCGGACCAGTGCTG_001,140
AGGTTATCGGACCAGTGCTG_002,7
AGGTTATCGGACCAGTGCTG_003,156
AGGTTATCGGACCAGTGCTG_004,56
AGGTTATCGGACCAGTGCTG_005,156
AGGTTATCGGACCAGTGCTG_006,53
AGGTTATCGGACCAGTGCTG_007,181
TCTAGGTAACTCTTGTGTCG_001,170
TGGTGCAGCAAGCCGGCTGG_001,115
TGGTGCAGCAAGCCGGCTGG_002,191
TGGTGCAGCAAGCCGGCTGG_003,150
TGGTGCAGCAAGCCGGCTGG_004,58
TGGTGCAGCAAGCCGGCTGG_005,17
TGGTGCAGCAAGCCGGCTGG_006,48
TGGTGCAGCAAGCCGGCTGG_007,169
TGGTGCAGCAAGCCGGCTGG_008,37
TGGTGCAGCAAGCCGGCTGG_009,67
TGGTGCAGCAAGCCGGCTGG_010,16
TGGTGCAGCAAGCCGGCTGG_011,93
TGGTGCAGCAAGCCGGCTGG_012,91
TGGTGCAGCAAGCCGGCTGG_013,38
TGGTGCAGCAAGCCGGCTGG_014,9
TGGTGCAGCAAGCCGGCTGG_015,72
TGGTGCAGCAAGCCGGCTGG_016,104
TGGTGCAGCAAGCCGGCTGG_017,197
TGGTGCAGCAAGCCGGCTGG_018,162
TGGTGCAGCAAGCCGGCTGG_019,175
TGGTGCAGCAAGCCGGCTGG_020,195
TGGTGCAGCAAGCCGGCTGG_021,108
TGGTGCAGCAAGCCGGCTGG_022,69
TGGTGCAGCAAGCCGGCTGG_023,26
TGGTGCAGCAAGCCGGCTGG_024,132
TGGTGCAGCAAGCCGGCTGG_025,176
TGGTGCAGCAAGCCGGCTGG_026,54
TGGTGCAGCAAGCCGGCTGG_027,174
TGGTGCAGCAAGCCGGCTGG_028,94
TGGTGCAGCAAGCCGGCTGG_029,169
TGGTGCAGCAAGCCGGCTGG_030,174
TGGTGCAGCAAGCCGGCTGG_031,161
TGGTGCAGCAAGCCGGCTGG_032,125
TGGTGCAGCAAGCCGGCTGG_033,100
CAAATAGTGCTGGATCTGGT_001,73
CAAATAGTGCTGGATCTGGT_002,141
CAAATAGTGCTGGATCTGGT_003,185
CAAATAGTGCTGGATCTGGT_004,177
CAAATAGTGCTGGATCTGGT_005,138
CAAATAGTGCTGGATCTGGT_006,81
CAAATAGTGCTGGATCTGGT_007,106
CAAATAGTGCTGGATCTGGT_008,115
CAAATAGTGCTGGATCTGGT_009,34
CACCTTCTTACTGTAGACGC_001,127
CACCTTCTTACTGTAGACGC_002,181
CACCTTCTTACTGTAGACGC_003,181
CACCTTCTTACTGTAGACGC_004,168
TCAATCAATGGCAGCAACAT_001,166
TCAATCAATGGCAGCAACAT_002,43
TCAATCAATGGCAGCAACAT_003,82
TCAATCAATGGCAGCAACAT_004,178
TCAATCAATGGCAGCAACAT_005,150
CTGGAGAACCTAACCAACGG_001,71
CTGGAGAACCTAACCAACGG_002,113
CTGGAGAACCTAACCAACGG_003,77
CTGGAGAACCTAACCAACGG_004,185
CTGGAGAACCTAACCAACGG_005,145
CTGGAGAACCTAACCAACGG_006,105
CTGGAGAACCTAACCAACGG_007,29
GTCCTTGTTGAGCACATGGT_001,118
GTCCTTGTTGAGCACATGGT_002,139
GTCCTTGTTGAGCACATGGT_003,163
GTCCTTGTTGAGCACATGGT_004,115
GTCCTTGTTGAGCACATGGT_005,9
GTCCTTGTTGAGCACATGGT_006,64
GTCCTTGTTGAGCACATGGT_007,34
GTCCTTGTTGAGCACATGGT_008,67
GTCCTTGTTGAGCACATGGT_009,147
GTCCTTGTTGAGCACATGGT_010,66
GTCCTTGTTGAGCACATGGT_011,124
TAGCTGCGATCGAAGAAATG_001,137
TAGCTGCGATCGAAGAAATG_002,17
TAGCTGCGATCGAAGAAATG_003,179
TAGCTGCGATCGAAGAAATG_004,174
TAGCTGCGATCGAAGAAATG_005,146
TAGCTGCGATCGAAGAAATG_006,198
TAGCTGCGATCGAAGAAATG_007,34
TTAGGATGGAAGAACGCTCT_001,17
TTAGGATGGAAGAACGCTCT_002,76
TTAGGATGGAAGAACGCTCT_003,34
TTAGGATGGAAGAACGCTCT_004,15
TTAGGATGGAAGAACGCTCT_005,33
TTAGGATGGAAGAACGCTCT_006,83
TTAGGATGGAAGAACGCTCT_007,148
TTAGGATGGAAGAACGCTCT_008,158
TTAGGATGGAAGAACGCTCT_009,33
TTAGGATGGAAGAACGCTCT_010,183
TTAGGATGGAAGAACGCTCT_011,160
TTAGGATGGAAGAACGCTCT_012,44
TTAGGATGGAAGAACGCTCT_013,9
TTAGGATGGAAGAACGCTCT_014,160
TTAGGATGGAAGAACGCTCT_015,48
TTAGGATGGAAGAACGCTCT_016,105
TTAGGATGGAAGAACGCTCT_017,41
TTAGGATGGAAGAACGCTCT_018,88
TTAGGATGGAAGAACGCTCT_019,33
AGGTGTTTCCTCAGTAACCA_001,7
AGGTGTTTCCTCAGTAACCA_002,7
AGGTGTTTCCTCAGTAACCA_003,196
AGGTGTTTCCTCAGTAACCA_004,164
AGGTGTTTCCTCAGTAACCA_005,116
AGGTGTTTCCTCAGTAACCA_006,189
AGGTGTTTCCTCAGTAACCA_007,50
AGGTGTTTCCTCAGTAACCA_008,31
AGGTGTTTCCTCAGTAACCA_009,194
AGGTGTTTCCTCAGTAACCA_010,152
AGGTGTTTCCTCAGTAACCA_011,94
CGTTGGGCATAGCGAACACT_001,64
CGTTGGGCATAGCGAACACT_002,64
CGTTGGGCATAGCGAACACT_003,8
CGTTGGGCATAGCGAACACT_004,57
CGTTGGGCATAGCGAACACT_005,81
CGTTGGGCATAGCGAACACT_006,70
CGTTGGGCATAGCGAACACT_007,156
CGTTGGGCATAGCGAACACT_008,77
CGTTGGGCATAGCGAACACT_009,169
TGCCTGTGAAGCGAAGTCAT_001,18
TGCCTGTGAAGCGAAGTCAT_002,115
TGCCTGTGAAGCGAAGTCAT_003,29
TGCCTGTGAAGCGAAGTCAT_004,28
TGCCTGTGAAGCGAAGTCAT_005,3
TGCCTGTGAAGCGAAGTCAT_006,16
TGCCTGTGAAGCGAAGTCAT_007,137
TGCCTGTGAAGCGAAGTCAT_008,168
TGCCTGTGAAGCGAAGTCAT_009,187
CAAAGATTATCACTTTAAGG_001,192
AAGGCTGGAACAATGCCCTG_001,172
AAGGCTGGAACAATGCCCTG_002,76
AAGGCTGGAACAATGCCCTG_003,77
AAGGCTGGAACAATGCCCTG_004,2
AAGGCTGGAACAATGCCCTG_005,83
AAGGCTGGAACAATGCCCTG_006,84
AAGGCTGGAACAATGCCCTG_007,111
AAGGCTGGAACAATGCCCTG_008,115
AAGGCTGGAACAATGCCCTG_009,64
AAGGCTGGAACAATGCCCTG_010,77
AAGGCTGGAACAATGCCCTG_011,168
AAGGCTGGAACAATGCCCTG_012,140
AAGGCTGGAACAATGCCCTG_013,28
AAGGCTGGAACAATGCCCTG_014,34
AAGGCTGGAACAATGCCCTG_015,186
AGTGGGGCGCTAAGTGGGGG_001,192
AGTGGGGCGCTAAGTGGGGG_002,81
AGTGGGGCGCTAAGTGGGGG_003,34
AGTGGGGCGCTAAGTGGGGG_004,16
AGTGGGGCGCTAAGTGGGGG_005,78
AGTGGGGCGCTAAGTGGGGG_006,83
AGTGGGGCGCTAAGTGGGGG_007,172
AGTGGGGCGCTAAGTGGGGG_008,6
AGTGGGGCGCTAAGTGGGGG_009,1
AGTGGGGCGCTAAGTGGGGG_010,41
AGTGGGGCGCTAAGTGGGGG_011,18
AGTGGGGCGCTAAGTGGGGG_012,106
AGTGGGGCGCTAAGTGGGGG_013,48
AGTGGGGCGCTAAGTGGGGG_014,77
AGTGGGGCGCTAAGTGGGGG_015,54
AGTGGGGCGCTAAGTGGGGG_016,199
AGTGGGGCGCTAAGTGGGGG_017,174
AGTGGGGCGCTAAGTGGGGG_018,38
AGTGGGGCGCTAAGTGGGGG_019,166
AGTGGGGCGCTAAGTGGGGG_020,151
AGTGGGGCGCTAAGTGGGGG_021,195
AGTGGGGCGCTAAGTGGGGG_022,171
AGTGGGGCGCTAAGTGGGGG_023,113
AGTGGGGCGCTAAGTGGGGG_024,65
AGTGGGGCGCTAAGTGGGGG_025,160
AGTGGGGCGCTAAGTGGGGG_026,94
AGTGGGGCGCTAAGTGGGGG_027,129
AGTGGGGCGCTAAGTGGGGG_028,17
AGTGGGGCGCTAAGTGGGGG_029,68
AGTGGGGCGCTAAGTGGGGG_030,169
AGTGGGGCGCTAAGTGGGGG_031,162
AGTGGGGCGCTAAGTGGGGG_032,78
AGTGGGGCGCTAAGTGGGGG_033,13
AGTGGGGCGCTAAGTGGGGG_034,182
AGTGGGGCGCTAAGTGGGGG_035,187
AGTGGGGCGCTAAGTGGGGG_036,88
AGTGGGGCGCTAAGTGGGGG_037,174
AGTGGGGCGCTAAGTGGGGG_038,67
AGTGGGGCGCTAAGTGGGGG_039,80
AGTGGGGCGCTAAGTGGGGG_040,178
AGTGGGGCGCTAAGTGGGGG_041,144
AGTGGGGCGCTAAGTGGGGG_042,29
AGTGGGGCGCTAAGTGGGGG_043,98
AGTGGGGCGCTAAGTGGGGG_044,37
AGTGGGGCGCTAAGTGGGGG_045,152
AGTGGGGCGCTAAGTGGGGG_046,185
AGTGGGGCGCTAAGTGGGGG_047,12
AGTGGGGCGCTAAGTGGGGG_048,31
AGTGGGGCGCTAAGTGGGGG_049,12
AGTGGGGCGCTAAGTGGGGG_050,146
AGTGGGGCGCTAAGTGGGGG_051,131
AGTGGGGCGCTAAGTGGGGG_052,147
AGTGGGGCGCTAAGTGGGGG_053,104
AGTGGGGCGCTAAGTGGGGG_054,147
AGTGGGGCGCTAAGTGGGGG_055,192
AGTGGGGCGCTAAGTGGGGG_056,39
AGTGGGGCGCTAAGTGGGGG_057,111
AGTGGGGCGCTAAGTGGGGG_058,63
AGTGGGGCGCTAAGTGGGGG_059,149
AGTGGGGCGCTAAGTGGGGG_060,94
AGTGGGGCGCTAAGTGGGGG_061,25
AGTGGGGCGCTAAGTGGGGG_062,34
AGTGGGGCGCTAAGTGGGGG_063,165
AGTGGGGCGCTAAGTGGGGG_064,35
AGGTAAAAGACTGATCAGCG_001,160
AGGTAAAAGACTGATCAGCG_002,70
AGGTAAAAGACTGATCAGCG_003,148
AGGTAAAAGACTGATCAGCG_004,171
AGGTAAAAGACTGATCAGCG_005,62
AGGTAAAAGACTGATCAGCG_006,29
AGGTAAAAGACTGATCAGCG_007,33
AGGTAAAAGACTGATCAGCG_008,169
AGGTAAAAGACTGATCAGCG_009,113
AGGTAAAAGACTGATCAGCG_010,98
AGGTAAAAGACTGATCAGCG_011,67
AGGTAAAAGACTGATCAGCG_012,97
AGGTAAAAGACTGATCAGCG_013,88
AGGTAAAAGACTGATCAGCG_014,40
CTCGTCCTCCCACGGCCCCG_001,130
CTCGTCCTCCCACGGCCCCG_002,65
CTCGTCCTCCCACGGCCCCG_003,2
CTCGTCCTCCCACGGCCCCG_004,105
CTCGTCCTCCCACGGCCCCG_005,88
CTCGTCCTCCCACGGCCCCG_006,127
CTCGTCCTCCCACGGCCCCG_007,31
CTCGTCCTCCCACGGCCCCG_008,88
CTCGTCCTCCCACGGCCCCG_009,129
CTCGTCCTCCCACGGCCCCG_010,190
CTCGTCCTCCCACGGCCCCG_011,100
CTCGTCCTCCCACGGCCCCG_012,48
CTCGTCCTCCCACGGCCCCG_013,153
TCAGGGAGTAAACCCCTAAG_001,131
TCAGGGAGTAAACCCCTAAG_002,149
TCAGGGAGTAAACCCCTAAG_003,102
TCAGGGAGTAAACCCCTAAG_004,35
TCAGGGAGTAAACCCCTAAG_005,69
TCAGGGAGTAAACCCCTAAG_006,95
TCAGGGAGTAAACCCCTAAG_007,156
TCAGGGAGTAAACCCCTAAG_008,15
TCAGGGAGTAAACCCCTAAG_009,153
TCAGGGAGTAAACCCCTAAG_010,16
TCAGGGAGTAAACCCCTAAG_011,174
TGGTCTGGCAGTAGCTGGGA_001,33
GAAGAATTCTTTATCAAACA_001,148
CAGCTGCACACCACTTCCGG_001,182
CAGCTGCACACCACTTCCGG_002,78
CAGCTGCACACCACTTCCGG_003,77
CAGCTGCACACCACTTCCGG_004,169
CCTTGAACTTCACACCACTG_001,145
CCTTGAACTTCACACCACTG_002,105
CCTTGAACTTCACACCACTG_003,182
CCTTGAACTTCACACCACTG_004,150
CCTTGAACTTCACACCACTG_005,121
TACAATAGCTGGCCACCTAG_001,88
TACAATAGCTGGCCACCTAG_002,29
TACAATAGCTGGCCACCTAG_003,6
TACAATAGCTGGCCACCTAG_004,63
TACAATAGCTGGCCACCTAG_005,65
TACAATAGCTGGCCACCTAG_006,60
TACAATAGCTGGCCACCTAG_007,25
TACAATAGCTGGCCACCTAG_008,92
TACAATAGCTGGCCACCTAG_009,151
TACAATAGCTGGCCACCTAG_010,127
TACAATAGCTGGCCACCTAG_011,81
TACAATAGCTGGCCACCTAG_012,29
GATGGAGACTTTATATGCTG_001,154
GATGGAGACTTTATATGCTG_002,127
GATGGAGACTTTATATGCTG_003,94
GATGGAGACTTTATATGCTG_004,160
GATGGAGACTTTATATGCTG_005,117
GATGGAGACTTTATATGCTG_006,198
GATGGAGACTTTATATGCTG_007,32
GATGGAGACTTTATATGCTG_008,31
GATGGAGACTTTATATGCTG_009,19
GATGGAGACTTTATATGCTG_010,113
GATGGAGACTTTATATGCTG_011,158
GATGGAGACTTTATATGCTG_012,64
GATGGAGACTTTATATGCTG_013,137
GATGGAGACTTTATATGCTG_014,121
CTTATCCCTATATGATGCTG_001,146
CTTATCCCTATATGATGCTG_002,117
CTTATCCCTATATGATGCTG_003,15
TCACCGTATGATATTGAACT_001,76
GATGGATCCTGTGCAAAAAG_001,47
GATGGATCCTGTGCAAAAAG_002,197
GATGGATCCTGTGCAAAAAG_003,63
GATGGATCCTGTGCAAAAAG_004,162
CAAGAACTATGATCACGACC_001,123
GATCATTAAGGCCAACCACT_001,133
GATCATTAAGGCCAACCACT_002,73
GATCATTAAGGCCAACCACT_003,178
GATCATTAAGGCCAACCACT_004,137
GATCATTAAGGCCAACCACT_005,194
GATCATTAAGGCCAACCACT_006,28
CAGTTCAACTACTCGAGGGT_001,144
CAGTTCAACTACTCGAGGGT_002,197
CAGTTCAACTACTCGAGGGT_003,146
CAGTTCAACTACTCGAGGGT_004,22
CATCCAGATGGAAATGACCA_001,68
CATCCAGATGGAAATGACCA_002,140
CATCCAGATGGAAATGACCA_003,195
CATCCAGATGGAAATGACCA_004,26
CAGCTGGGGCGGGAACAAGT_001,127
CAGCTGGGGCGGGAACAAGT_002,158
CAGCTGGGGCGGGAACAAGT_003,31
CAGCTGGGGCGGGAACAAGT_004,158
CAGCTGGGGCGGGAACAAGT_005,166
CAGCTGGGGCGGGAACAAGT_006,109
CCGCTTTCCAGTGACCGACG_001,56
CCGCTTTCCAGTGACCGACG_002,155
CCGCTTTCCAGTGACCGACG_003,158
CCGCTTTCCAGTGACCGACG_004,68
CCGCTTTCCAGTGACCGACG_005,23
CCGCTTTCCAGTGACCGACG_006,129
CCGCTTTCCAGTGACCGACG_007,191
CCGCTTTCCAGTGACCGACG_008,170
CCGCTTTCCAGTGACCGACG_009,17
CCGCTTTCCAGTGACCGACG_010,9
CCGCTTTCCAGTGACCGACG_011,9
CCGCTTTCCAGTGACCGACG_012,50
CCGCTTTCCAGTGACCGACG_013,115
CCGCTTTCCAGTGACCGACG_014,44
CCGCTTTCCAGTGACCGACG_015,174
CCGCTTTCCAGTGACCGACG_016,46
CCGCTTTCCAGTGACCGACG_017,62
CCGCTTTCCAGTGACCGACG_018,118
CCGCTTTCCAGTGACCGACG_019,176
CCGCTTTCCAGTGACCGACG_020,176
CCGCTTTCCAGTGACCGACG_021,112
GAGGCAGCTGTACTGTTACG_001,161
GAATCAATTCAATCATCCCC_001,48
GAATCAATTCAATCATCCCC_002,198
CTCATCCCCAAAGAGTTGAT_001,149
CTCATCCCCAAAGAGTTGAT_002,52
CTCATCCCCAAAGAGTTGAT_003,31
CTCATCCCCAAAGAGTTGAT_004,21
CTCATCCCCAAAGAGTTGAT_005,103
CTCATCCCCAAAGAGTTGAT_006,77
CTCATCCCCAAAGAGTTGAT_007,121
CTCATCCCCAAAGAGTTGAT_008,84
TGGCTGTGGGAAGACCATGT_001,176
TGGCTGTGGGAAGACCATGT_002,137
TGGCTGTGGGAAGACCATGT_003,41
TCGCGCACAAGATCGAGGCG_001,112
TCGCGCACAAGATCGAGGCG_002,44
TCGCGCACAAGATCGAGGCG_003,160
TCGCGCACAAGATCGAGGCG_004,135
TCGCGCACAAGATCGAGGCG_005,13
TCGCGCACAAGATCGAGGCG_006,123
CGGGACGTCGCGAAAATGTA_001,2
CGGGACGTCGCGAAAATGTA_002,144
CGGGACGTCGCGAAAATGTA_003,6
CGGGACGTCGCGAAAATGTA_004,29
CGGGACGTCGCGAAAATGTA_005,117
CGGGACGTCGCGAAAATGTA_006,94
CGGGACGTCGCGAAAATGTA_007,111
CGGGACGTCGCGAAAATGTA_008,110
CGGGACGTCGCGAAAATGTA_009,144
TTTCGAGACACATAGTGTTG_001,37
TTTCGAGACACATAGTGTTG_002,33
ACTATCTCTAAGCTCTAATG_001,184
ACTATCTCTAAGCTCTAATG_002,85
ACTATCTCTAAGCTCTAATG_003,59
ACTATCTCTAAGCTCTAATG_004,4
ACTATCTCTAAGCTCTAATG_005,76
AGGTGTCAGATCCAGATAGG_001,77
AGGTGTCAGATCCAGATAGG_002,162
AGGTGTCAGATCCAGATAGG_003,193
AGGATTAAATGAGCAAGTGC_001,52
AGGATTAAATGAGCAAGTGC_002,47
GGGCTCAGAGCCATCAACAA_001,48
GGGCTCAGAGCCATCAACAA_002,119
GGGCTCAGAGCCATCAACAA_003,151
CTAAACATCAGACTAATCCC_001,187
GGATGCCCCTCACTAACTGC_001,111
GGATGCCCCTCACTAACTGC_002,158
GGATGCCCCTCACTAACTGC_003,98
GGATGCCCCTCACTAACTGC_004,88
GGATGCCCCTCACTAACTGC_005,41
GGATGCCCCTCACTAACTGC_006,132
GGATGCCCCTCACTAACTGC_007,145
GGATGCCCCTCACTAACTGC_008,103
GGATGCCCCTCACTAACTGC_009,114
GGATGCCCCTCACTAACTGC_010,158
GGATGCCCCTCACTAACTGC_011,165
GGATGCCCCTCACTAACTGC_012,46
GGATGCCCCTCACTAACTGC_013,50
GGATGCCCCTCACTAACTGC_014,108
GGATGCCCCTCACTAACTGC_015,170
GGATGCCCCTCACTAACTGC_016,146
GGATGCCCCTCACTAACTGC_017,140
GCCGACAAGAAGCACCCGAG_001,188
GCCGACAAGAAGCACCCGAG_002,188
GCCGACAAGAAGCACCCGAG_003,166
GCCGACAAGAAGCACCCGAG_004,48
GCCGACAAGAAGCACCCGAG_005,171
GCCGACAAGAAGCACCCGAG_006,159
GCCGACAAGAAGCACCCGAG_007,29
GCCGACAAGAAGCACCCGAG_008,6
GCCGACAAGAAGCACCCGAG_009,171
GCCGACAAGAAGCACCCGAG_010,197
GCCGACAAGAAGCACCCGAG_011,147
GCCGACAAGAAGCACCCGAG_012,121
GCCGACAAGAAGCACCCGAG_013,155
GCCGACAAGAAGCACCCGAG_014,88
GCCGACAAGAAGCACCCGAG_015,51
GCCGACAAGAAGCACCCGAG_016,93
GCCGACAAGAAGCACCCGAG_017,93
GCCGACAAGAAGCACCCGAG_018,23
GCCGACAAGAAGCACCCGAG_019,147
GCCGACAAGAAGCACCCGAG_020,19
GCCGACAAGAAGCACCCGAG_021,111
GCCGACAAGAAGCACCCGAG_022,199
GCCGACAAGAAGCACCCGAG_023,146
GCCGACAAGAAGCACCCGAG_024,158
GCCGACAAGAAGCACCCGAG_025,10
GCCGACAAGAAGCACCCGAG_026,79
GCCGACAAGAAGCACCCGAG_027,188
GCCGACAAGAAGCACCCGAG_028,68
GCCGACAAGAAGCACCCGAG_029,118
GCCGACAAGAAGCACCCGAG_030,92
AAGCGTGGAATATACAGGCA_001,15
AAGCGTGGAATATACAGGCA_002,172
AAGCGTGGAATATACAGGCA_003,10
AAGCGTGGAATATACAGGCA_004,115
AAGCGTGGAATATACAGGCA_005,84
AAGCGTGGAATATACAGGCA_006,119
AAGCGTGGAATATACAGGCA_007,5
AAGCGTGGAATATACAGGCA_008,5
AAGCGTGGAATATACAGGCA_009,12
TCAGCACACCAAATAAACTG_001,162
TCAGCACACCAAATAAACTG_002,185
TCAGCACACCAAATAAACTG_003,170
TCAGCACACCAAATAAACTG_004,50
TCAGCACACCAAATAAACTG_005,81
TCAGCACACCAAATAAACTG_006,64
TCAGCACACCAAATAAACTG_007,96
TGCGCTTAGAATTATCAATG_001,73
TGCGCTTAGAATTATCAATG_002,156
TGCGCTTAGAATTATCAATG_003,122
TGCGCTTAGAATTATCAATG_004,108
GGATTTATCAAATAGCCTTG_001,135
GGATTTATCAAATAGCCTTG_002,31
GGATTTATCAAATAGCCTTG_003,24
CAGAACTGTTTGCAATAGGG_001,134
CAGAACTGTTTGCAATAGGG_002,125
CAGAACTGTTTGCAATAGGG_003,70
CAGAACTGTTTGCAATAGGG_004,35
CAGAACTGTTTGCAATAGGG_005,170
CAGAACTGTTTGCAATAGGG_006,84
CAGAACTGTTTGCAATAGGG_007,116
CAGAACTGTTTGCAATAGGG_008,135
CAGAACTGTTTGCAATAGGG_009,188
CAGAACTGTTTGCAATAGGG_010,126
CAGAACTGTTTGCAATAGGG_011,95
CAGAACTGTTTGCAATAGGG_012,68
CAGAACTGTTTGCAATAGGG_013,168
CAGAACTGTTTGCAATAGGG_014,77
CAGAACTGTTTGCAATAGGG_015,178
CAGAACTGTTTGCAATAGGG_016,9
CAGAACTGTTTGCAATAGGG_017,148
CAGAACTGTTTGCAATAGGG_018,82
CAGAACTGTTTGCAATAGGG_019,13
CAGAACTGTTTGCAATAGGG_020,197
CAGAACTGTTTGCAATAGGG_021,40
CAGAACTGTTTGCAATAGGG_022,181
CAGAACTGTTTGCAATAGGG_023,102
CAGAACTGTTTGCAATAGGG_024,70
GGTTCTGGCCTCCCGATACG_001,57
GGTTCTGGCCTCCCGATACG_002,177
GGTTCTGGCCTCCCGATACG_003,137
GGTTCTGGCCTCCCGATACG_004,137
GGTTCTGGCCTCCCGATACG_005,52
GGTTCTGGCCTCCCGATACG_006,56
TAAGAGATGAACGACCCATG_001,149
TAAGAGATGAACGACCCATG_002,161
TAAGAGATGAACGACCCATG_003,158
TAAGAGATGAACGACCCATG_004,75
TAAGAGATGAACGACCCATG_005,129
TAAGAGATGAACGACCCATG_006,129
TAAGAGATGAACGACCCATG_007,168
TAAGAGATGAACGACCCATG_008,196
TAAGAGATGAACGACCCATG_009,6
TAAGAGATGAACGACCCATG_010,35
ACAGCAGCTGGGGCGACAGT_001,149
ACAGCAGCTGGGGCGACAGT_002,32
ACAGCAGCTGGGGCGACAGT_003,65
ACAGCAGCTGGGGCGACAGT_004,56
ACAGCAGCTGGGGCGACAGT_005,115
ACAGCAGCTGGGGCGACAGT_006,60
ACAGCAGCTGGGGCGACAGT_007,149
ACAGCAGCTGGGGCGACAGT_008,49
ACAGCAGCTGGGGCGACAGT_009,139
ACAGCAGCTGGGGCGACAGT_010,170
ACAGCAGCTGGGGCGACAGT_011,128
ACAGCAGCTGGGGCGACAGT_012,50
ATTATGTGATACATGCCCCT_001,99
ATTATGTGATACATGCCCCT_002,123
ATTATGTGATACATGCCCCT_003,177
ATTATGTGATACATGCCCCT_004,184
ATTATGTGATACATGCCCCT_005,176
ATTATGTGATACATGCCCCT_006,198
TCATGACACAACAAAGTCCG_001,76
TCATGACACAACAAAGTCCG_002,170
TCATGACACAACAAAGTCCG_003,64
TCATGACACAACAAAGTCCG_004,169
TCATGACACAACAAAGTCCG_005,136
TCATGACACAACAAAGTCCG_006,89
TCATGACACAACAAAGTCCG_007,117
TCATGACACAACAAAGTCCG_008,141
TCATGACACAACAAAGTCCG_009,88
TCATGACACAACAAAGTCCG_010,43
TCATGACACAACAAAGTCCG_011,174
TCATGACACAACAAAGTCCG_012,48
TCATGACACAACAAAGTCCG_013,146
TCATGACACAACAAAGTCCG_014,160
TCATGACACAACAAAGTCCG_015,105
TCATGACACAACAAAGTCCG_016,176
TCATGACACAACAAAGTCCG_017,78
TCATGACACAACAAAGTCCG_018,126
TCATGACACAACAAAGTCCG_019,134
TCATGACACAACAAAGTCCG_020,28
TCATGACACAACAAAGTCCG_021,35
GGGAAGGCATGATGTGAATG_001,40
GGGAAGGCATGATGTGAATG_002,162
GGGAAGGCATGATGTGAATG_003,30
GGGAAGGCATGATGTGAATG_004,90
GGGAAGGCATGATGTGAATG_005,171
GTAGCGGTAAAGCAGTGTGT_001,130
GTAGCGGTAAAGCAGTGTGT_002,94
GTAGCGGTAAAGCAGTGTGT_003,42
GTAGCGGTAAAGCAGTGTGT_004,16
GTAGCGGTAAAGCAGTGTGT_005,89
GTAGCGGTAAAGCAGTGTGT_006,166
GTAGCGGTAAAGCAGTGTGT_007,158
GTAGCGGTAAAGCAGTGTGT_008,80
GTAGCGGTAAAGCAGTGTGT_009,192
GTAGCGGTAAAGCAGTGTGT_010,116
GTAGCGGTAAAGCAGTGTGT_011,60
GTAGCGGTAAAGCAGTGTGT_012,155
GTAGCGGTAAAGCAGTGTGT_013,33
TGATCTGGATCGACACCCAG_001,70
TGATCTGGATCGACACCCAG_002,100
TGATCTGGATCGACACCCAG_003,122
TGATCTGGATCGACACCCAG_004,19
TGATCTGGATCGACACCCAG_005,81
TGATCTGGATCGACACCCAG_006,50
TGATCTGGATCGACACCCAG_007,34
TGATCTGGATCGACACCCAG_008,173
TGATCTGGATCGACACCCAG_009,29
TGATCTGGATCGACACCCAG_010,2
TGATCTGGATCGACACCCAG_011,188
TGATCTGGATCGACACCCAG_012,19
TGATCTGGATCGACACCCAG_013,41
TGATCTGGATCGACACCCAG_014,121
GTTAACAAAAGAAAGGGCAA_001,77
GTTAACAAAAGAAAGGGCAA_002,102
GTTAACAAAAGAAAGGGCAA_003,148
GTTAACAAAAGAAAGGGCAA_004,153
GTTAACAAAAGAAAGGGCAA_005,12
GTTAACAAAAGAAAGGGCAA_006,17
GTTAACAAAAGAAAGGGCAA_007,98
GTTAACAAAAGAAAGGGCAA_008,95
GTTAACAAAAGAAAGGGCAA_009,71
GTTAACAAAAGAAAGGGCAA_010,101
GTTAACAAAAGAAAGGGCAA_011,140
GTTAACAAAAGAAAGGGCAA_012,168
GTTAACAAAAGAAAGGGCAA_013,17
GTTAACAAAAGAAAGGGCAA_014,130
GTTAACAAAAGAAAGGGCAA_015,18
GTTAACAAAAGAAAGGGCAA_016,121
GCCAGGAGGTCATCTTTGTA_001,68
GCCAGGAGGTCATCTTTGTA_002,58
GCCAGGAGGTCATCTTTGTA_003,82
GAAGATGACAGGAACAACCG_001,193
GAAGATGACAGGAACAACCG_002,193
GAAGATGACAGGAACAACCG_003,40
GAAGATGACAGGAACAACCG_004,15
GAAGATGACAGGAACAACCG_005,15
GAAGATGACAGGAACAACCG_006,43
GAAGATGACAGGAACAACCG_007,34
GATTCGACGGATACTTCGGG_001,50
GGACTCTCTGATGAATACGA_001,181
GGACTCTCTGATGAATACGA_002,169
GGACTCTCTGATGAATACGA_003,103
GGACTCTCTGATGAATACGA_004,58
GGACTCTCTGATGAATACGA_005,13
AACTCCGTGGAGTCTCCATG_001,13
AACTCCGTGGAGTCTCCATG_002,197
AACTCCGTGGAGTCTCCATG_003,144
AACTCCGTGGAGTCTCCATG_004,72
AACTCCGTGGAGTCTCCATG_005,129
AACTCCGTGGAGTCTCCATG_006,95
AACTCCGTGGAGTCTCCATG_007,132
AACTCCGTGGAGTCTCCATG_008,121
AACTCCGTGGAGTCTCCATG_009,188
AACTCCGTGGAGTCTCCATG_010,106
AACTCCGTGGAGTCTCCATG_011,98
AACTCCGTGGAGTCTCCATG_012,56
AACTCCGTGGAGTCTCCATG_013,194
AACTCCGTGGAGTCTCCATG_014,45
AGGAGGCAGGGCAGTCATAG_001,182
AGGAGGCAGGGCAGTCATAG_002,52
AGGAGGCAGGGCAGTCATAG_003,53
AGGAGGCAGGGCAGTCATAG_004,185
AGGAGGCAGGGCAGTCATAG_005,15
AGGAGGCAGGGCAGTCATAG_006,41
AGGAGGCAGGGCAGTCATAG_007,85
AGGAGGCAGGGCAGTCATAG_008,169
AGGAGGCAGGGCAGTCATAG_009,97
AGGAGGCAGGGCAGTCATAG_010,92
AGGAGGCAGGGCAGTCATAG_011,88
AGGAGGCAGGGCAGTCATAG_012,61
AGAGTGCTGGACAATTGTTA_001,169
AGAGTGCTGGACAATTGTTA_002,4
AGAGTGCTGGACAATTGTTA_003,56
AGAGTGCTGGACAATTGTTA_004,90
AGAGTGCTGGACAATTGTTA_005,144
AGAGTGCTGGACAATTGTTA_006,58
AGAGTGCTGGACAATTGTTA_007,9
AGAGTGCTGGACAATTGTTA_008,35
AGAGTGCTGGACAATTGTTA_009,140
AGAGTGCTGGACAATTGTTA_010,160
TATCACGTAGCACACCCACG_001,78
TATCACGTAGCACACCCACG_002,81
ACAGTGTATAAACTCCCACA_001,64
ACAGTGTATAAACTCCCACA_002,82
ACAGTGTATAAACTCCCACA_003,169
ACAGTGTATAAACTCCCACA_004,69
ACAGTGTATAAACTCCCACA_005,69
ACAGTGTATAAACTCCCACA_006,67
ACAGTGTATAAACTCCCACA_007,50
ACAGTGTATAAACTCCCACA_008,168
TAGAACAACAGATGAATCGG_001,190
TAGAACAACAGATGAATCGG_002,172
TAGAACAACAGATGAATCGG_003,83
TAGAACAACAGATGAATCGG_004,141
TAGAACAACAGATGAATCGG_005,50
TAGAACAACAGATGAATCGG_006,162
TAGAACAACAGATGAATCGG_007,18
TAGAACAACAGATGAATCGG_008,127
TAGAACAACAGATGAATCGG_009,7
TAGAACAACAGATGAATCGG_010,24
TAGAACAACAGATGAATCGG_011,31
TAGAACAACAGATGAATCGG_012,63
TAGAACAACAGATGAATCGG_013,97
TAGAACAACAGATGAATCGG_014,97
TAGAACAACAGATGAATCGG_015,62
GAGAGCAACCCCCTGTACCA_001,190
GAGAGCAACCCCCTGTACCA_002,73
GAGAGCAACCCCCTGTACCA_003,177
GAGAGCAACCCCCTGTACCA_004,81
GAGAGCAACCCCCTGTACCA_005,155
GAGAGCAACCCCCTGTACCA_006,62
GAGAGCAACCCCCTGTACCA_007,136
GAGAGCAACCCCCTGTACCA_008,108
ACAGGATTGATCAGTTTCTG_001,72
ACAGGATTGATCAGTTTCTG_002,80
ACAGGATTGATCAGTTTCTG_003,7
ACAGGATTGATCAGTTTCTG_004,40
ACAGGATTGATCAGTTTCTG_005,94
AGCAGCTCCTATCTTCGCCA_001,182
AGCAGCTCCTATCTTCGCCA_002,114
AGCAGCTCCTATCTTCGCCA_003,27
AGCAGCTCCTATCTTCGCCA_004,15
AGCAGCTCCTATCTTCGCCA_005,61
AGCAGCTCCTATCTTCGCCA_006,145
AGCAGCTCCTATCTTCGCCA_007,169
AGCAGCTCCTATCTTCGCCA_008,91
AGCAGCTCCTATCTTCGCCA_009,67
AGCAGCTCCTATCTTCGCCA_010,186
AGCAGCTCCTATCTTCGCCA_011,123
AGCAGCTCCTATCTTCGCCA_012,148
AGCAGCTCCTATCTTCGCCA_013,149
AGCAGCTCCTATCTTCGCCA_014,15
CACCTGGCTAAATACCATGG_001,12
CACCTGGCTAAATACCATGG_002,75
CACCTGGCTAAATACCATGG_003,119
CAGAGCATCCGCAATCAGAG_001,28
CAGAGCATCCGCAATCAGAG_002,170
CAGAGCATCCGCAATCAGAG_003,32
CAGAGCATCCGCAATCAGAG_004,128
CAGAGCATCCGCAATCAGAG_005,171
CAGAGCATCCGCAATCAGAG_006,177
CAGAGCATCCGCAATCAGAG_007,118
CAGAGCATCCGCAATCAGAG_008,102
CAGAGCATCCGCAATCAGAG_009,102
CAGAGCATCCGCAATCAGAG_010,8
CAGAGCATCCGCAATCAGAG_011,162
CAGAGCATCCGCAATCAGAG_012,58
CAGAGCATCCGCAATCAGAG_013,120
CAGAGCATCCGCAATCAGAG_014,23
CAGAGCATCCGCAATCAGAG_015,115
CAGAGCATCCGCAATCAGAG_016,161
CAGAGCATCCGCAATCAGAG_017,28
CAGAGCATCCGCAATCAGAG_018,122
CAGAGCATCCGCAATCAGAG_019,137
CAGAGCATCCGCAATCAGAG_020,66
CAGAGCATCCGCAATCAGAG_021,174
CAGAGCATCCGCAATCAGAG_022,75
CAGAGCATCCGCAATCAGAG_023,33
TCTGCTTTAGAGTACTTGCA_001,107
TCTGCTTTAGAGTACTTGCA_002,181
TCTGCTTTAGAGTACTTGCA_003,91
CTGCTGCAGGACTTCTTCAA_001,106
CTGCTGCAGGACTTCTTCAA_002,83
CTGCTGCAGGACTTCTTCAA_003,141
CTGCTGCAGGACTTCTTCAA_004,58
CTGCTGCAGGACTTCTTCAA_005,60
CTGCTGCAGGACTTCTTCAA_006,77
GAGCTTGAAGAATCTCGAAG_001,106
GAGCTTGAAGAATCTCGAAG_002,115
GAGCTTGAAGAATCTCGAAG_003,140
GAGCTTGAAGAATCTCGAAG_004,154
GAGCTTGAAGAATCTCGAAG_005,164
GAGCTTGAAGAATCTCGAAG_006,164
GAGCTTGAAGAATCTCGAAG_007,164
GAGCTTGAAGAATCTCGAAG_008,50
GAGCTTGAAGAATCTCGAAG_009,169
GAGCTTGAAGAATCTCGAAG_010,0
GAGCTTGAAGAATCTCGAAG_011,139
GAATGTTCCATTGATAAGCC_001,48
GAATGTTCCATTGATAAGCC_002,183
TGACACATGGTCATTAGACT_001,134
TGACACATGGTCATTAGACT_002,115
TGACACATGGTCATTAGACT_003,183
TGACACATGGTCATTAGACT_004,11
TGACACATGGTCATTAGACT_005,70
TGACACATGGTCATTAGACT_006,148
TGACACATGGTCATTAGACT_007,106
TGACACATGGTCATTAGACT_008,189
TGACACATGGTCATTAGACT_009,29
TGACACATGGTCATTAGACT_010,160
TGACACATGGTCATTAGACT_011,121
TGACACATGGTCATTAGACT_012,83
TGACACATGGTCATTAGACT_013,62
TGACACATGGTCATTAGACT_014,11
TGACACATGGTCATTAGACT_015,121
GCTGATCCAGAATGTCACGC_001,16
GCTGATCCAGAATGTCACGC_002,101
GCTGATCCAGAATGTCACGC_003,146
GCTGATCCAGAATGTCACGC_004,71
GCTGATCCAGAATGTCACGC_005,158
GCTGATCCAGAATGTCACGC_006,178
GCTGATCCAGAATGTCACGC_007,167
GCTGATCCAGAATGTCACGC_008,66
TTACCCACAATATAGCCCAT_001,41
GATCACATGCTTGATTTGCA_001,184
GATCACATGCTTGATTTGCA_002,162
GATCACATGCTTGATTTGCA_003,192
GATCACATGCTTGATTTGCA_004,8
GATCACATGCTTGATTTGCA_005,145
GATCACATGCTTGATTTGCA_006,124
GATCACATGCTTGATTTGCA_007,155
GATCACATGCTTGATTTGCA_008,78
GATCACATGCTTGATTTGCA_009,81
GATCACATGCTTGATTTGCA_010,169
GATCACATGCTTGATTTGCA_011,34
GATCACATGCTTGATTTGCA_012,124
GATCACATGCTTGATTTGCA_013,59
GATCACATGCTTGATTTGCA_014,67
GATCACATGCTTGATTTGCA_015,91
GATCACATGCTTGATTTGCA_016,165
CCCACAGAAAGGCCATCGCA_001,103
CCCACAGAAAGGCCATCGCA_002,1
CCCACAGAAAGGCCATCGCA_003,56
CCCACAGAAAGGCCATCGCA_004,77
CCCACAGAAAGGCCATCGCA_005,58
CCCACAGAAAGGCCATCGCA_006,35
CCCACAGAAAGGCCATCGCA_007,149
CCCACAGAAAGGCCATCGCA_008,58
CCCACAGAAAGGCCATCGCA_009,60
CCCACAGAAAGGCCATCGCA_010,107
CCCACAGAAAGGCCATCGCA_011,100
CCCACAGAAAGGCCATCGCA_012,127
CCCACAGAAAGGCCATCGCA_013,82
CCCACAGAAAGGCCATCGCA_014,69
CCCACAGAAAGGCCATCGCA_015,175
CCCACAGAAAGGCCATCGCA_016,138
CCCACAGAAAGGCCATCGCA_017,162
CCCACAGAAAGGCCATCGCA_018,176
CCCACAGAAAGGCCATCGCA_019,103
CCCACAGAAAGGCCATCGCA_020,145
CCCACAGAAAGGCCATCGCA_021,42
CCCACAGAAAGGCCATCGCA_022,141
CCCACAGAAAGGCCATCGCA_023,76
CCCACAGAAAGGCCATCGCA_024,150
CCCACAGAAAGGCCATCGCA_025,156
CCCACAGAAAGGCCATCGCA_026,181
CCCACAGAAAGGCCATCGCA_027,190
CCCACAGAAAGGCCATCGCA_028,141
CCCACAGAAAGGCCATCGCA_029,141
CCCACAGAAAGGCCATCGCA_030,160
CCCACAGAAAGGCCATCGCA_031,185
CCCACAGAAAGGCCATCGCA_032,70
CCCACAGAAAGGCCATCGCA_033,70
CCCACAGAAAGGCCATCGCA_034,57
CCCACAGAAAGGCCATCGCA_035,142
CCCACAGAAAGGCCATCGCA_036,172
CCCACAGAAAGGCCATCGCA_037,112
CCCACAGAAAGGCCATCGCA_038,198
CCCACAGAAAGGCCATCGCA_039,108
CCCACAGAAAGGCCATCGCA_040,192
CCCACAGAAAGGCCATCGCA_041,186
CCCACAGAAAGGCCATCGCA_042,122
CCCACAGAAAGGCCATCGCA_043,194
CCCACAGAAAGGCCATCGCA_044,192
CCCACAGAAAGGCCATCGCA_045,110
CCCACAGAAAGGCCATCGCA_046,178
CCCACAGAAAGGCCATCGCA_047,108
CCCACAGAAAGGCCATCGCA_048,168
CCCACAGAAAGGCCATCGCA_049,57
CCCACAGAAAGGCCATCGCA_050,70
CCCACAGAAAGGCCATCGCA_051,147
TGCTCTGTCAATGATGCGTA_001,94
TGCTCTGTCAATGATGCGTA_002,75
TGCTCTGTCAATGATGCGTA_003,41
TGGACAGGAGCTCGACAGAG_001,198
TGGACAGGAGCTCGACAGAG_002,192
TGGACAGGAGCTCGACAGAG_003,82
TGGACAGGAGCTCGACAGAG_004,138
CTCCAGCCTACCATTTACCA_001,196
CTCCAGCCTACCATTTACCA_002,103
CTCCAGCCTACCATTTACCA_003,68
CTCCAGCCTACCATTTACCA_004,84
CTCCAGCCTACCATTTACCA_005,81
CTCCAGCCTACCATTTACCA_006,1
CTCCAGCCTACCATTTACCA_007,86
CTCCAGCCTACCATTTACCA_008,87
CTCCAGCCTACCATTTACCA_009,87
CTCCAGCCTACCATTTACCA_010,139
CTCCAGCCTACCATTTACCA_011,176
CTCCAGCCTACCATTTACCA_012,141
CTCCAGCCTACCATTTACCA_013,62
CTCCAGCCTACCATTTACCA_014,102
CTCCAGCCTACCATTTACCA_015,37
CTCCAGCCTACCATTTACCA_016,90
TGGTGCCTGCGATAGCTCCG_001,0
TGGTGCCTGCGATAGCTCCG_002,29
TGGTGCCTGCGATAGCTCCG_003,7
AAGTAGGCAATGACGGCCAG_001,132
AAGTAGGCAATGACGGCCAG_002,19
CGCAGCCCGACGGCGCCTTG_001,84
CGCAGCCCGACGGCGCCTTG_002,155
CGCAGCCCGACGGCGCCTTG_003,65
CGCAGCCCGACGGCGCCTTG_004,24
CGCAGCCCGACGGCGCCTTG_005,193
CGCAGCCCGACGGCGCCTTG_006,163
CGCAGCCCGACGGCGCCTTG_007,23
CGCAGCCCGACGGCGCCTTG_008,195
CGCAGCCCGACGGCGCCTTG_009,56
CGCAGCCCGACGGCGCCTTG_010,148
CGCAGCCCGACGGCGCCTTG_011,147
TGTCAGTGGACAAACACGGA_001,178
TGTCAGTGGACAAACACGGA_002,149
TGTCAGTGGACAAACACGGA_003,2
TGTCAGTGGACAAACACGGA_004,111
TGTCAGTGGACAAACACGGA_005,192
TGTCAGTGGACAAACACGGA_006,160
TGTCAGTGGACAAACACGGA_007,55
ACTTGCCAATGATACTACAT_001,102
TGTCATTAATCGTTTCAACG_001,94
TGTCATTAATCGTTTCAACG_002,127
TGTCATTAATCGTTTCAACG_003,80
TGTCATTAATCGTTTCAACG_004,118
TGGCGGCCAACCAGACGGGA_001,105
TGGCGGCCAACCAGACGGGA_002,60
TGGCGGCCAACCAGACGGGA_003,140
TGGCGGCCAACCAGACGGGA_004,20
TGGCGGCCAACCAGACGGGA_005,198
TGGCGGCCAACCAGACGGGA_006,40
TGGCGGCCAACCAGACGGGA_007,147
TGGCGGCCAACCAGACGGGA_008,188
AAAGCCTTGTGTTTCAAGCT_001,83
AAAGCCTTGTGTTTCAAGCT_002,105
AATTCCCATCCAGTCCAAGT_001,22
AATTCCCATCCAGTCCAAGT_002,68
AATTCCCATCCAGTCCAAGT_003,6
AATTCCCATCCAGTCCAAGT_004,84
AAGACACAACCCAAGCATAG_001,17
AAGACACAACCCAAGCATAG_002,149
AAGACACAACCCAAGCATAG_003,146
AAGACACAACCCAAGCATAG_004,50
AAGACACAACCCAAGCATAG_005,199
CAGGTAGACCAGGCCGCACA_001,21
CAGGTAGACCAGGCCGCACA_002,171
CAGGTAGACCAGGCCGCACA_003,119
CAGGTAGACCAGGCCGCACA_004,48
CAGGTAGACCAGGCCGCACA_005,196
CAGGTAGACCAGGCCGCACA_006,107
CAGGTAGACCAGGCCGCACA_007,76
CAGGTAGACCAGGCCGCACA_008,185
CAGGTAGACCAGGCCGCACA_009,69
CAGGTAGACCAGGCCGCACA_010,124
CAGGTAGACCAGGCCGCACA_011,20
CAGGTAGACCAGGCCGCACA_012,118
CAGGTAGACCAGGCCGCACA_013,166
CAGGTAGACCAGGCCGCACA_014,100
CAGGTAGACCAGGCCGCACA_015,173
CAGGTAGACCAGGCCGCACA_016,173
CAGGTAGACCAGGCCGCACA_017,41
CAGGTAGACCAGGCCGCACA_018,197
CAGGTAGACCAGGCCGCACA_019,85
CAGGTAGACCAGGCCGCACA_020,94
CAGGTAGACCAGGCCGCACA_021,174
CAGGTAGACCAGGCCGCACA_022,92
CAGGTAGACCAGGCCGCACA_023,145
CAGGTAGACCAGGCCGCACA_024,41
CAGGTAGACCAGGCCGCACA_025,84
CAGGTAGACCAGGCCGCACA_026,16
CAGGTAGACCAGGCCGCACA_027,3
CAGGTAGACCAGGCCGCACA_028,106
AGACGAGGTGGAAGCGCCTG_001,48
AGACGAGGTGGAAGCGCCTG_002,11
AGACGAGGTGGAAGCGCCTG_003,178
AGACGAGGTGGAAGCGCCTG_004,108
AGACGAGGTGGAAGCGCCTG_005,178
AGACGAGGTGGAAGCGCCTG_006,144
AGACGAGGTGGAAGCGCCTG_007,130
AGACGAGGTGGAAGCGCCTG_008,117
AGACGAGGTGGAAGCGCCTG_009,29
CCAGACTGGGCGGCACACGT_001,82
CCAGACTGGGCGGCACACGT_002,117
CCAGACTGGGCGGCACACGT_003,127
CCAGACTGGGCGGCACACGT_004,122
CCAGACTGGGCGGCACACGT_005,3
CCAGACTGGGCGGCACACGT_006,125
CCAGACTGGGCGGCACACGT_007,12
CCAGACTGGGCGGCACACGT_008,102
CCAGACTGGGCGGCACACGT_009,62
CCAGACTGGGCGGCACACGT_010,41
CCAGACTGGGCGGCACACGT_011,67
CCAGACTGGGCGGCACACGT_012,30
CCAGACTGGGCGGCACACGT_013,192
CCAGACTGGGCGGCACACGT_014,28
CCAGACTGGGCGGCACACGT_015,9
CCAGACTGGGCGGCACACGT_016,27
CCAGACTGGGCGGCACACGT_017,99
CTTGTAGAGTCAATAAAACC_001,13
GTTGTTGAGATCTTGTGGGT_001,113
GTTGTTGAGATCTTGTGGGT_002,87
GTTGTTGAGATCTTGTGGGT_003,83
GTTGTTGAGATCTTGTGGGT_004,29
GTTGTTGAGATCTTGTGGGT_005,29
GTTGTTGAGATCTTGTGGGT_006,131
GTTGTTGAGATCTTGTGGGT_007,130
GATGAGTGTAAGATGCACAA_001,17
GATGAGTGTAAGATGCACAA_002,76
GATGAGTGTAAGATGCACAA_003,183
GATGAGTGTAAGATGCACAA_004,102
GATGAGTGTAAGATGCACAA_005,119
GATGAGTGTAAGATGCACAA_006,14
GATGAGTGTAAGATGCACAA_007,170
GATGAGTGTAAGATGCACAA_008,79
GATGAGTGTAAGATGCACAA_009,60
GATGAGTGTAAGATGCACAA_010,80
GATGAGTGTAAGATGCACAA_011,154
GATGAGTGTAAGATGCACAA_012,21
GATGAGTGTAAGATGCACAA_013,124
GATGAGTGTAAGATGCACAA_014,9
GATGAGTGTAAGATGCACAA_015,174
GATGAGTGTAAGATGCACAA_016,110
GATGAGTGTAAGATGCACAA_017,38
GATGAGTGTAAGATGCACAA_018,176
CACCGTCTTGAGAACCCATG_001,149
CACCGTCTTGAGAACCCATG_002,29
CACCGTCTTGAGAACCCATG_003,169
CACCGTCTTGAGAACCCATG_004,100
CACCGTCTTGAGAACCCATG_005,38
CACCGTCTTGAGAACCCATG_006,70
CACCGTCTTGAGAACCCATG_007,95
CACCGTCTTGAGAACCCATG_008,80
CACCGTCTTGAGAACCCATG_009,170
ATGTCTGGCAACGTACCCGT_001,98
ATGTCTGGCAACGTACCCGT_002,48
ATGTCTGGCAACGTACCCGT_003,189
ATGTCTGGCAACGTACCCGT_004,191
ATGTCTGGCAACGTACCCGT_005,77
ATGTCTGGCAACGTACCCGT_006,120
ATGTCTGGCAACGTACCCGT_007,27
TCTGACTTCGTGTGCAACAA_001,169
TCTGACTTCGTGTGCAACAA_002,127
TCTGACTTCGTGTGCAACAA_003,37
TCTGACTTCGTGTGCAACAA_004,55
TCTGACTTCGTGTGCAACAA_005,102
TCTGACTTCGTGTGCAACAA_006,178
TCTGACTTCGTGTGCAACAA_007,17
TCTGACTTCGTGTGCAACAA_008,168
AGAGACACAAACTGCCCCAG_001,62
AGAGACACAAACTGCCCCAG_002,9
AGAGACACAAACTGCCCCAG_003,185
AGAGACACAAACTGCCCCAG_004,28
AGAGACACAAACTGCCCCAG_005,13
AGAGACACAAACTGCCCCAG_006,175
AGAGACACAAACTGCCCCAG_007,198
AGAGACACAAACTGCCCCAG_008,76
AGAGACACAAACTGCCCCAG_009,22
AGAGACACAAACTGCCCCAG_010,44
AGAGACACAAACTGCCCCAG_011,168
AGAGACACAAACTGCCCCAG_012,172
AGAGACACAAACTGCCCCAG_013,17
AGAGACACAAACTGCCCCAG_014,2
AGAGACACAAACTGCCCCAG_015,160
TTTATGGCAACCCTATCAAG_001,12
TTTATGGCAACCCTATCAAG_002,150
TTTATGGCAACCCTATCAAG_003,121
TTTCATCCACCCCTAAATCT_001,21
TTTCATCCACCCCTAAATCT_002,84
TTTCATCCACCCCTAAATCT_003,168
TTTCATCCACCCCTAAATCT_004,71
TTTCATCCACCCCTAAATCT_005,103
TTTCATCCACCCCTAAATCT_006,95
TTTCATCCACCCCTAAATCT_007,141
TTTCATCCACCCCTAAATCT_008,60
TTTCATCCACCCCTAAATCT_009,40
TTTCATCCACCCCTAAATCT_010,48
TTTCATCCACCCCTAAATCT_011,69
TTTCATCCACCCCTAAATCT_012,188
TTTCATCCACCCCTAAATCT_013,115
TTTCATCCACCCCTAAATCT_014,63
TTTCATCCACCCCTAAATCT_015,44
TGGCCTGTATGATTGTACCG_001,1
TGGCCTGTATGATTGTACCG_002,138
TGGCCTGTATGATTGTACCG_003,30
GACAATCCAGAATTTAACAT_001,137
GACAATCCAGAATTTAACAT_002,88
GACAATCCAGAATTTAACAT_003,88
GACAATCCAGAATTTAACAT_004,6
GACAATCCAGAATTTAACAT_005,116
GACAATCCAGAATTTAACAT_006,61
GACAATCCAGAATTTAACAT_007,79
GGACGTCTTCCATTCCGGGA_001,63
GGACGTCTTCCATTCCGGGA_002,49
GGACGTCTTCCATTCCGGGA_003,113
GGACGTCTTCCATTCCGGGA_004,63
GGACGTCTTCCATTCCGGGA_005,148
GGACGTCTTCCATTCCGGGA_006,59
GGACGTCTTCCATTCCGGGA_007,145
GGACGTCTTCCATTCCGGGA_008,158
GGACGTCTTCCATTCCGGGA_009,73
GGACGTCTTCCATTCCGGGA_010,27
GGACGTCTTCCATTCCGGGA_011,38
GGACGTCTTCCATTCCGGGA_012,138
GGACGTCTTCCATTCCGGGA_013,30
GGACGTCTTCCATTCCGGGA_014,150
GTCAGAGTCTAATTTAAGAT_001,2
GTCAGAGTCTAATTTAAGAT_002,127
GTCAGAGTCTAATTTAAGAT_003,16
GTCAGAGTCTAATTTAAGAT_004,9
GAGGTTGGGATTGCTTAGGG_001,66
GAGGTTGGGATTGCTTAGGG_002,49
GAGGTTGGGATTGCTTAGGG_003,98
GAGGTTGGGATTGCTTAGGG_004,50
GAGGTTGGGATTGCTTAGGG_005,113
GAGGTTGGGATTGCTTAGGG_006,63
CATTCTGTGCGGGATAGCGA_001,6
CATTCTGTGCGGGATAGCGA_002,80
CATTCTGTGCGGGATAGCGA_003,139
CATTCTGTGCGGGATAGCGA_004,50
CATTCTGTGCGGGATAGCGA_005,173
CATTCTGTGCGGGATAGCGA_006,82
CATTCTGTGCGGGATAGCGA_007,69
CAGAAAGGGCGTCACCGCTG_001,1
CAGAAAGGGCGTCACCGCTG_002,158
CAGAAAGGGCGTCACCGCTG_003,41
CAGAAAGGGCGTCACCGCTG_004,103
CAGAAAGGGCGTCACCGCTG_005,148
CAGAAAGGGCGTCACCGCTG_006,156
CAGAAAGGGCGTCACCGCTG_007,186
CAGAAAGGGCGTCACCGCTG_008,129
CAGAAAGGGCGTCACCGCTG_009,21
CAGAAAGGGCGTCACCGCTG_010,113
CAGAAAGGGCGTCACCGCTG_011,152
CAGAAAGGGCGTCACCGCTG_012,83
CAGAAAGGGCGTCACCGCTG_013,14
CAGAAAGGGCGTCACCGCTG_014,19
CCACCCGGTTCCGTTCAGCA_001,183
CCACCCGGTTCCGTTCAGCA_002,14
CCACCCGGTTCCGTTCAGCA_003,42
CCACCCGGTTCCGTTCAGCA_004,49
CCACCCGGTTCCGTTCAGCA_005,7
CCACCCGGTTCCGTTCAGCA_006,150
CCACCCGGTTCCGTTCAGCA_007,168
CCACCCGGTTCCGTTCAGCA_008,2
CCACCCGGTTCCGTTCAGCA_009,102
GGGAGAACGCGAGTACGCCG_001,8
GGGAGAACGCGAGTACGCCG_002,84
GGGAGAACGCGAGTACGCCG_003,120
GGGAGAACGCGAGTACGCCG_004,125
GGGAGAACGCGAGTACGCCG_005,5
GGGAGAACGCGAGTACGCCG_006,93
GGGAGAACGCGAGTACGCCG_007,42
GGGAGAACGCGAGTACGCCG_008,70
GGGAGAACGCGAGTACGCCG_009,148
GGGAGAACGCGAGTACGCCG_010,158
GGGAGAACGCGAGTACGCCG_011,199
GGGAGAACGCGAGTACGCCG_012,67
ACAGAAAGGTCTGCATCATG_001,169
ACAGAAAGGTCTGCATCATG_002,82
ACAGAAAGGTCTGCATCATG_003,7
ACAGAAAGGTCTGCATCATG_004,46
ACAGAAAGGTCTGCATCATG_005,12
ACAGAAAGGTCTGCATCATG_006,178
ACAGAAAGGTCTGCATCATG_007,6
ACAGAAAGGTCTGCATCATG_008,141
ACAGAAAGGTCTGCATCATG_009,11
ACAGAAAGGTCTGCATCATG_010,167
ACAGAAAGGTCTGCATCATG_011,127
ACAGAAAGGTCTGCATCATG_012,32
ACAGAAAGGTCTGCATCATG_013,158
ACAGAAAGGTCTGCATCATG_014,9
ACAGAAAGGTCTGCATCATG_015,124
ACAGAAAGGTCTGCATCATG_016,16
ACAGAAAGGTCTGCATCATG_017,83
ACAGAAAGGTCTGCATCATG_018,150
ACAGAAAGGTCTGCATCATG_019,12
ACAGAAAGGTCTGCATCATG_020,175
ACAGAAAGGTCTGCATCATG_021,38
ACAGAAAGGTCTGCATCATG_022,37
ACAGAAAGGTCTGCATCATG_023,37
ACAGAAAGGTCTGCATCATG_024,15
ACAGAAAGGTCTGCATCATG_025,155
ACAGAAAGGTCTGCATCATG_026,126
ACAGAAAGGTCTGCATCATG_027,43
ACAGAAAGGTCTGCATCATG_028,105
AGAACAATGGAAATAACTCG_001,10
AGATCAGATTCCGATTTGGT_001,198
AGATCAGATTCCGATTTGGT_002,38
AGATCAGATTCCGATTTGGT_003,48
AGATCAGATTCCGATTTGGT_004,146
AGATCAGATTCCGATTTGGT_005,116
GTTCCAACATGTACTCTGGT_001,78
GTTCCAACATGTACTCTGGT_002,68
GTTCCAACATGTACTCTGGT_003,159
GCAAAGCTGGAAAGGACAGT_001,105
GCAAAGCTGGAAAGGACAGT_002,103
GCAAAGCTGGAAAGGACAGT_003,27
GCAAAGCTGGAAAGGACAGT_004,24
GCAAAGCTGGAAAGGACAGT_005,138
GCAAAGCTGGAAAGGACAGT_006,106
GCAAAGCTGGAAAGGACAGT_007,105
GCAAAGCTGGAAAGGACAGT_008,139
GCAAAGCTGGAAAGGACAGT_009,50
GCAAAGCTGGAAAGGACAGT_010,150
GCAAAGCTGGAAAGGACAGT_011,98
GCAAAGCTGGAAAGGACAGT_012,5
GCAAAGCTGGAAAGGACAGT_013,24
GCAAAGCTGGAAAGGACAGT_014,34
GCAAAGCTGGAAAGGACAGT_015,158
GCAAAGCTGGAAAGGACAGT_016,0
GCAAAGCTGGAAAGGACAGT_017,0
GCAAAGCTGGAAAGGACAGT_018,15
GCAAAGCTGGAAAGGACAGT_019,89
GCAAAGCTGGAAAGGACAGT_020,99
GCAAAGCTGGAAAGGACAGT_021,39
GCAAAGCTGGAAAGGACAGT_022,46
GGTGGCTACGGACCACAACA_001,171
GGTGGCTACGGACCACAACA_002,97
AAATCAGTGATGCTGGCAAG_001,15
AAATCAGTGATGCTGGCAAG_002,40
AAATCAGTGATGCTGGCAAG_003,68
AAATCAGTGATGCTGGCAAG_004,163
AAATCAGTGATGCTGGCAAG_005,163
AAATCAGTGATGCTGGCAAG_006,190
AAATCAGTGATGCTGGCAAG_007,130
AAATCAGTGATGCTGGCAAG_008,188
AAATCAGTGATGCTGGCAAG_009,148
AAATCAGTGATGCTGGCAAG_010,96
AAATCAGTGATGCTGGCAAG_011,187
AGCATGAGCATATCGAGCGT_001,10
AGCATGAGCATATCGAGCGT_002,15
AGCATGAGCATATCGAGCGT_003,115
AGCATGAGCATATCGAGCGT_004,56
AGCATGAGCATATCGAGCGT_005,176
AGCATGAGCATATCGAGCGT_006,48
AGCATGAGCATATCGAGCGT_007,34
AGCATGAGCATATCGAGCGT_008,46
AGCATGAGCATATCGAGCGT_009,174
AGCATGAGCATATCGAGCGT_010,30
AGGAAGTCAACCCCAAAAAG_001,63
AGGAAGTCAACCCCAAAAAG_002,184
AGGAAGTCAACCCCAAAAAG_003,140
AGGAAGTCAACCCCAAAAAG_004,155
AGGAAGTCAACCCCAAAAAG_005,81
AGGAAGTCAACCCCAAAAAG_006,140
AGGAAGTCAACCCCAAAAAG_007,48
TCTGCTTAGAGTCCAGTAGA_001,183
TCTGCTTAGAGTCCAGTAGA_002,67
TCTGCTTAGAGTCCAGTAGA_003,185
TCTGCTTAGAGTCCAGTAGA_004,2
TCTGCTTAGAGTCCAGTAGA_005,168
TCTGCTTAGAGTCCAGTAGA_006,62
GTCCTACAGATACCACAACC_001,16
TGATGAAAAAGGGCCACAGA_001,138
TGATGAAAAAGGGCCACAGA_002,172
TGATGAAAAAGGGCCACAGA_003,185
TGATGAAAAAGGGCCACAGA_004,77
TGATGAAAAAGGGCCACAGA_005,183
TGATGAAAAAGGGCCACAGA_006,137
TGATGAAAAAGGGCCACAGA_007,48
TGATGAAAAAGGGCCACAGA_008,17
TGATGAAAAAGGGCCACAGA_009,90
TGATGAAAAAGGGCCACAGA_010,170
TGATGAAAAAGGGCCACAGA_011,113
TGATGAAAAAGGGCCACAGA_012,77
TGATGAAAAAGGGCCACAGA_013,105
TGATGAAAAAGGGCCACAGA_014,170
TGATGAAAAAGGGCCACAGA_015,69
TGATGAAAAAGGGCCACAGA_016,81
TGATGAAAAAGGGCCACAGA_017,136
TCCGTGCGCCGCATCCAGAG_001,22
TCCGTGCGCCGCATCCAGAG_002,86
TCCGTGCGCCGCATCCAGAG_003,94
TCCGTGCGCCGCATCCAGAG_004,184
TCCGTGCGCCGCATCCAGAG_005,165
TCCGTGCGCCGCATCCAGAG_006,60
TGTGCCAGCCCAGTATGTGA_001,127
TGTGCCAGCCCAGTATGTGA_002,140
TGTGCCAGCCCAGTATGTGA_003,14
TGTGCCAGCCCAGTATGTGA_004,151
TGTGCCAGCCCAGTATGTGA_005,138
TGTGCCAGCCCAGTATGTGA_006,12
TGTGCCAGCCCAGTATGTGA_007,163
AATGTAATGAATGTGGCAAG_001,98
AATGTAATGAATGTGGCAAG_002,158
AATGTAATGAATGTGGCAAG_003,102
AATGTAATGAATGTGGCAAG_004,173
AATGTAATGAATGTGGCAAG_005,0
AATGTAATGAATGTGGCAAG_006,16
AATGTAATGAATGTGGCAAG_007,81
AATGTAATGAATGTGGCAAG_008,69
AATGTAATGAATGTGGCAAG_009,148
AATGTAATGAATGTGGCAAG_010,166
CATATATCCCAAGAACACGA_001,137
CATATATCCCAAGAACACGA_002,168
CATATATCCCAAGAACACGA_003,38
AGACCACGACGAGATGACGG_001,22
AAGTCCAAACAATACCCAAG_001,147
AAGTCCAAACAATACCCAAG_002,99
AAGTCCAAACAATACCCAAG_003,60
AAGTCCAAACAATACCCAAG_004,4
AAGTCCAAACAATACCCAAG_005,154
AAGTCCAAACAATACCCAAG_006,113
AAGTCCAAACAATACCCAAG_007,105
AAGTCCAAACAATACCCAAG_008,125
AAGTCCAAACAATACCCAAG_009,108
AAGTCCAAACAATACCCAAG_010,91
AAGTCCAAACAATACCCAAG_011,63
GCAGAGAGATGCTCCACACG_001,75
GCAGAGAGATGCTCCACACG_002,57
GCAGAGAGATGCTCCACACG_003,53
GCAGAGAGATGCTCCACACG_004,183
GCAGAGAGATGCTCCACACG_005,198
GCAGAGAGATGCTCCACACG_006,162
GCAGAGAGATGCTCCACACG_007,17
GCAGAGAGATGCTCCACACG_008,62
GCAGAGAGATGCTCCACACG_009,27
GCAGAGAGATGCTCCACACG_010,59
GCAGAGAGATGCTCCACACG_011,124
GCAGAGAGATGCTCCACACG_012,147
GCAGAGAGATGCTCCACACG_013,60
GCAGAGAGATGCTCCACACG_014,49
GCAGAGAGATGCTCCACACG_015,3
GCAGAGAGATGCTCCACACG_016,120
GCAGAGAGATGCTCCACACG_017,94
GCAGAGAGATGCTCCACACG_018,12
GCAGAGAGATGCTCCACACG_019,74
GCAGAGAGATGCTCCACACG_020,158
GCAGAGAGATGCTCCACACG_021,2
GCAGAGAGATGCTCCACACG_022,1
AAAAGTTTCTTATCACACGT_001,85
AAAAGTTTCTTATCACACGT_002,126
CTATAGTAGTGAATGGCCAT_001,145
CTATAGTAGTGAATGGCCAT_002,60
CTATAGTAGTGAATGGCCAT_003,124
CTATAGTAGTGAATGGCCAT_004,1
CTATAGTAGTGAATGGCCAT_005,169
CTATAGTAGTGAATGGCCAT_006,20
CTATAGTAGTGAATGGCCAT_007,170
CTATAGTAGTGAATGGCCAT_008,61
ACACCTGAAAACGTTACCAA_001,17
ACACCTGAAAACGTTACCAA_002,68
ACACCTGAAAACGTTACCAA_003,175
ACACCTGAAAACGTTACCAA_004,76
ACACCTGAAAACGTTACCAA_005,141
ACACCTGAAAACGTTACCAA_006,49
ACACCTGAAAACGTTACCAA_007,142
ACACCTGAAAACGTTACCAA_008,60
ACACCTGAAAACGTTACCAA_009,148
ACACCTGAAAACGTTACCAA_010,76
ACACCTGAAAACGTTACCAA_011,19
ACACCTGAAAACGTTACCAA_012,63
ACACCTGAAAACGTTACCAA_013,52
ACACCTGAAAACGTTACCAA_014,16
CGAGCTGGGGCGGAGCATCG_001,190
CGAGCTGGGGCGGAGCATCG_002,133
CGAGCTGGGGCGGAGCATCG_003,73
CGAGCTGGGGCGGAGCATCG_004,63
CGAGCTGGGGCGGAGCATCG_005,23
CGAGCTGGGGCGGAGCATCG_006,80
CGAGCTGGGGCGGAGCATCG_007,72
AATGGACTCCTGATAAACTG_001,146
AATGGACTCCTGATAAACTG_002,190
AATGGACTCCTGATAAACTG_003,149
AATGGACTCCTGATAAACTG_004,115
AATGGACTCCTGATAAACTG_005,151
AATGGACTCCTGATAAACTG_006,17
AATGGACTCCTGATAAACTG_007,170
AATGGACTCCTGATAAACTG_008,20
AATGGACTCCTGATAAACTG_009,63
AGGATGGATTGGTAGCTCTG_001,102
AGGATGGATTGGTAGCTCTG_002,42
AGGATGGATTGGTAGCTCTG_003,186
AGGATGGATTGGTAGCTCTG_004,9
AGGATGGATTGGTAGCTCTG_005,144
AGGATGGATTGGTAGCTCTG_006,148
AGGATGGATTGGTAGCTCTG_007,166
AGGATGGATTGGTAGCTCTG_008,187
AGGATGGATTGGTAGCTCTG_009,33
GAGCCTCAAGAACATGACTG_001,47
GAGCCTCAAGAACATGACTG_002,125
GAGCCTCAAGAACATGACTG_003,189
GAGCCTCAAGAACATGACTG_004,15
GAGCCTCAAGAACATGACTG_005,85
GAGCCTCAAGAACATGACTG_006,149
GAGCCTCAAGAACATGACTG_007,104
GAGCCTCAAGAACATGACTG_008,28
GGCGCGGCCGAGTCCCCGTA_001,189
GGCGCGGCCGAGTCCCCGTA_002,189
GGCGCGGCCGAGTCCCCGTA_003,79
GGCGCGGCCGAGTCCCCGTA_004,78
GGCGCGGCCGAGTCCCCGTA_005,106
GGCGCGGCCGAGTCCCCGTA_006,138
GGCGCGGCCGAGTCCCCGTA_007,48
GGCGCGGCCGAGTCCCCGTA_008,178
GGCGCGGCCGAGTCCCCGTA_009,13
GGCGCGGCCGAGTCCCCGTA_010,156
GGCGCGGCCGAGTCCCCGTA_011,198
GGCGCGGCCGAGTCCCCGTA_012,183
GGCGCGGCCGAGTCCCCGTA_013,199
GGCGCGGCCGAGTCCCCGTA_014,178
GGCGCGGCCGAGTCCCCGTA_015,178
GGCGCGGCCGAGTCCCCGTA_016,48
GGCGCGGCCGAGTCCCCGTA_017,118
GGCGCGGCCGAGTCCCCGTA_018,149
GGCGCGGCCGAGTCCCCGTA_019,94
AAAGATGTCATCATCAACCA_001,77
AAAGATGTCATCATCAACCA_002,162
AAAGATGTCATCATCAACCA_003,38
AAAGATGTCATCATCAACCA_004,121
AAAGATGTCATCATCAACCA_005,184
AAAGATGTCATCATCAACCA_006,19
AAAGATGTCATCATCAACCA_007,62
AAAGATGTCATCATCAACCA_008,2
AAAGATGTCATCATCAACCA_009,79
AAAGATGTCATCATCAACCA_010,147
AAAGATGTCATCATCAACCA_011,46
GAGAAGTCTCCTAATAATCG_001,77
ATACTTTGAAGATCGTCATG_001,49
ATACTTTGAAGATCGTCATG_002,8
ATACTTTGAAGATCGTCATG_003,162
ATACTTTGAAGATCGTCATG_004,77
GGAAGGCACTAGATTCCCGG_001,1
GGAAGGCACTAGATTCCCGG_002,3
GGAAGGCACTAGATTCCCGG_003,133
GGAAGGCACTAGATTCCCGG_004,149
GGAAGGCACTAGATTCCCGG_005,59
GGAAGGCACTAGATTCCCGG_006,147
GGAAGGCACTAGATTCCCGG_007,178
GGAAGGCACTAGATTCCCGG_008,88
GGAAGGCACTAGATTCCCGG_009,50
GGAAGGCACTAGATTCCCGG_010,115
GGAAGGCACTAGATTCCCGG_011,65
GGAAGGCACTAGATTCCCGG_012,175
GGAAGGCACTAGATTCCCGG_013,50
GGAAGGCACTAGATTCCCGG_014,169
GGAAGGCACTAGATTCCCGG_015,27
GGAAGGCACTAGATTCCCGG_016,124
GGAAGGCACTAGATTCCCGG_017,29
GGAAGGCACTAGATTCCCGG_018,145
GGAAGGCACTAGATTCCCGG_019,138
TTTGCTTACCAAAGTAACTT_001,74
TTTGCTTACCAAAGTAACTT_002,17
TTTGCTTACCAAAGTAACTT_003,121
TTTGCTTACCAAAGTAACTT_004,48
GAAGTCTCTCCGTTCCACCC_001,113
TTCTTTACAGCACTACACGT_001,59
TTCTTTACAGCACTACACGT_002,121
TTCTTTACAGCACTACACGT_003,192
TTCTTTACAGCACTACACGT_004,45
TTCTTTACAGCACTACACGT_005,51
TTCTTTACAGCACTACACGT_006,58
TTCTTTACAGCACTACACGT_007,48
ACTTGAGAGGAAAAGACTCA_001,69
ACTTGAGAGGAAAAGACTCA_002,118
ACTTGAGAGGAAAAGACTCA_003,168
ACTTGAGAGGAAAAGACTCA_004,132
ACTTGAGAGGAAAAGACTCA_005,123
ACTTGAGAGGAAAAGACTCA_006,50
ACTTGAGAGGAAAAGACTCA_007,41
ACTTGAGAGGAAAAGACTCA_008,19
ACTTGAGAGGAAAAGACTCA_009,130
ACTTGAGAGGAAAAGACTCA_010,184
CCGGATAGAGGAAACTAAGT_001,44
CCGGATAGAGGAAACTAAGT_002,71
CCGGATAGAGGAAACTAAGT_003,195
CCGGATAGAGGAAACTAAGT_004,124
CCGGATAGAGGAAACTAAGT_005,126
CCGGATAGAGGAAACTAAGT_006,190
CACCACGAAGAGTGCCACGC_001,70
CACCACGAAGAGTGCCACGC_002,8
CACCACGAAGAGTGCCACGC_003,105
CACCACGAAGAGTGCCACGC_004,2
CACCACGAAGAGTGCCACGC_005,137
CACCACGAAGAGTGCCACGC_006,115
CACCACGAAGAGTGCCACGC_007,116
CACCACGAAGAGTGCCACGC_008,21
CACCACGAAGAGTGCCACGC_009,170
CACCACGAAGAGTGCCACGC_010,32
CACCACGAAGAGTGCCACGC_011,96
CACCACGAAGAGTGCCACGC_012,145
CACCACGAAGAGTGCCACGC_013,199
CACCACGAAGAGTGCCACGC_014,65
CACCACGAAGAGTGCCACGC_015,22
CACCACGAAGAGTGCCACGC_016,81
CACCACGAAGAGTGCCACGC_017,15
CACCACGAAGAGTGCCACGC_018,41
CACCACGAAGAGTGCCACGC_019,174
CACCACGAAGAGTGCCACGC_020,67
CACCACGAAGAGTGCCACGC_021,160
CACCACGAAGAGTGCCACGC_022,70
CACCACGAAGAGTGCCACGC_023,137
CACCACGAAGAGTGCCACGC_024,115
CACCACGAAGAGTGCCACGC_025,23
CACCACGAAGAGTGCCACGC_026,169
CACCACGAAGAGTGCCACGC_027,48
CACCACGAAGAGTGCCACGC_028,84
CACCACGAAGAGTGCCACGC_029,163
CACCACGAAGAGTGCCACGC_030,108
CACCACGAAGAGTGCCACGC_031,88
CACCACGAAGAGTGCCACGC_032,104
CACCACGAAGAGTGCCACGC_033,94
CACCACGAAGAGTGCCACGC_034,96
CACCACGAAGAGTGCCACGC_035,62
CACCACGAAGAGTGCCACGC_036,7
CACCACGAAGAGTGCCACGC_037,7
AATGTTGGGGCAAGTCAGGC_001,159
AATGTTGGGGCAAGTCAGGC_002,75
AATGTTGGGGCAAGTCAGGC_003,43
AATGTTGGGGCAAGTCAGGC_004,129
AATGTTGGGGCAAGTCAGGC_005,150
AATGTTGGGGCAAGTCAGGC_006,141
AATGTTGGGGCAAGTCAGGC_007,34
AATGTTGGGGCAAGTCAGGC_008,175
AATGTTGGGGCAAGTCAGGC_009,152
AATGTTGGGGCAAGTCAGGC_010,138
AATGTTGGGGCAAGTCAGGC_011,94
AATGTTGGGGCAAGTCAGGC_012,46
AATGTTGGGGCAAGTCAGGC_013,31
AATGTTGGGGCAAGTCAGGC_014,83
ATCCACTTATCCAACCAATG_001,145
ATCCACTTATCCAACCAATG_002,85
ATCCACTTATCCAACCAATG_003,30
ATCCACTTATCCAACCAATG_004,32
ATCCACTTATCCAACCAATG_005,15
ATCCACTTATCCAACCAATG_006,17
ATCCACTTATCCAACCAATG_007,63
ATCCACTTATCCAACCAATG_008,162
ATCCACTTATCCAACCAATG_009,62
ATCCACTTATCCAACCAATG_010,80
ATCCACTTATCCAACCAATG_011,156
GAGGCCGTGCTCAACAACGA_001,109
GAGGCCGTGCTCAACAACGA_002,150
GAGGCCGTGCTCAACAACGA_003,54
GAGGCCGTGCTCAACAACGA_004,106
GAGGCCGTGCTCAACAACGA_005,94
GAGGCCGTGCTCAACAACGA_006,159
GAGGCCGTGCTCAACAACGA_007,180
GAGGCCGTGCTCAACAACGA_008,180
GAGGCCGTGCTCAACAACGA_009,37
TAAAACTGGAAATGTTGCTC_001,62
TAAAACTGGAAATGTTGCTC_002,45
TAAAACTGGAAATGTTGCTC_003,116
TAAAACTGGAAATGTTGCTC_004,77
TAAAACTGGAAATGTTGCTC_005,19
TAAAACTGGAAATGTTGCTC_006,48
TAAAACTGGAAATGTTGCTC_007,2
TAAAACTGGAAATGTTGCTC_008,88
TAAAACTGGAAATGTTGCTC_009,114
CCTCAGCCAGTCCGGTACGA_001,128
CCTCAGCCAGTCCGGTACGA_002,48
CCTCAGCCAGTCCGGTACGA_003,42
CCTCAGCCAGTCCGGTACGA_004,198
CCTCAGCCAGTCCGGTACGA_005,85
CCTCAGCCAGTCCGGTACGA_006,49
CCTCAGCCAGTCCGGTACGA_007,179
CCTCAGCCAGTCCGGTACGA_008,83
CCTCAGCCAGTCCGGTACGA_009,190
CCTCAGCCAGTCCGGTACGA_010,104
CCTCAGCCAGTCCGGTACGA_011,45
CCTCAGCCAGTCCGGTACGA_012,169
CCTCAGCCAGTCCGGTACGA_013,38
CCTCAGCCAGTCCGGTACGA_014,13
CCTCAGCCAGTCCGGTACGA_015,83
CCTCAGCCAGTCCGGTACGA_016,22
CCTCAGCCAGTCCGGTACGA_017,134
CCTCAGCCAGTCCGGTACGA_018,169
CCTCAGCCAGTCCGGTACGA_019,6
CCTCAGCCAGTCCGGTACGA_020,156
CCTCAGCCAGTCCGGTACGA_021,108
CCTCAGCCAGTCCGGTACGA_022,199
CCTCAGCCAGTCCGGTACGA_023,199
CCTCAGCCAGTCCGGTACGA_024,97
GACACCAGACCGGCTCGCGG_001,20
GACACCAGACCGGCTCGCGG_002,13
GACACCAGACCGGCTCGCGG_003,97
GACACCAGACCGGCTCGCGG_004,169
GACACCAGACCGGCTCGCGG_005,17
GACACCAGACCGGCTCGCGG_006,54
GACACCAGACCGGCTCGCGG_007,193
GACACCAGACCGGCTCGCGG_008,117
GACACCAGACCGGCTCGCGG_009,96
GACACCAGACCGGCTCGCGG_010,22
GACACCAGACCGGCTCGCGG_011,169
GACACCAGACCGGCTCGCGG_012,41
GACACCAGACCGGCTCGCGG_013,41
GACACCAGACCGGCTCGCGG_014,22
GACACCAGACCGGCTCGCGG_015,81
GACACCAGACCGGCTCGCGG_016,145
GACACCAGACCGGCTCGCGG_017,12
GACACCAGACCGGCTCGCGG_018,9
GACACCAGACCGGCTCGCGG_019,68
GACACCAGACCGGCTCGCGG_020,63
GACACCAGACCGGCTCGCGG_021,59
GACACCAGACCGGCTCGCGG_022,38
GACACCAGACCGGCTCGCGG_023,10
GACACCAGACCGGCTCGCGG_024,174
GACACCAGACCGGCTCGCGG_025,140
GACACCAGACCGGCTCGCGG_026,77
GACACCAGACCGGCTCGCGG_027,43
GACACCAGACCGGCTCGCGG_028,124
TTTCACGTGCCTCAAACCAG_001,169
TTTCACGTGCCTCAAACCAG_002,66
TTTCACGTGCCTCAAACCAG_003,64
TTTCACGTGCCTCAAACCAG_004,113
TTTCACGTGCCTCAAACCAG_005,157
TTTCACGTGCCTCAAACCAG_006,198
TTTCACGTGCCTCAAACCAG_007,9
GATACAACAAACTGTACAAG_001,146
GATACAACAAACTGTACAAG_002,83
GATACAACAAACTGTACAAG_003,115
ACCTACCGTGCAGGACCAGA_001,163
ACCTACCGTGCAGGACCAGA_002,111
ACCTACCGTGCAGGACCAGA_003,192
ACCTACCGTGCAGGACCAGA_004,116
ACCTACCGTGCAGGACCAGA_005,106
AGCAGGACAGACCCTCTCGA_001,117
AGCAGGACAGACCCTCTCGA_002,75
AGCAGGACAGACCCTCTCGA_003,88
AGCAGGACAGACCCTCTCGA_004,27
AGCAGGACAGACCCTCTCGA_005,148
AGCAGGACAGACCCTCTCGA_006,42
AGCAGGACAGACCCTCTCGA_007,17
AGCAGGACAGACCCTCTCGA_008,187
AGCAGGACAGACCCTCTCGA_009,60
AGCAGGACAGACCCTCTCGA_010,41
AGCAGGACAGACCCTCTCGA_011,9
AGCAGGACAGACCCTCTCGA_012,17
AGCAGGACAGACCCTCTCGA_013,105
AGCAGGACAGACCCTCTCGA_014,14
AGCAGGACAGACCCTCTCGA_015,191
AGCAGGACAGACCCTCTCGA_016,118
AGCAGGACAGACCCTCTCGA_017,28
AGCAGGACAGACCCTCTCGA_018,28
AGCAGGACAGACCCTCTCGA_019,49
AGCAGGACAGACCCTCTCGA_020,146
AGCAGGACAGACCCTCTCGA_021,46
AGCAGGACAGACCCTCTCGA_022,114
AGCAGGACAGACCCTCTCGA_023,50
AGAACTGATGCAACTTGACA_001,48
AGAACTGATGCAACTTGACA_002,163
AGAACTGATGCAACTTGACA_003,58
AGAACTGATGCAACTTGACA_004,141
AGAACTGATGCAACTTGACA_005,43
AGAACTGATGCAACTTGACA_006,146
CCTCAGGAAGACCCCAACCG_001,114
CCTCAGGAAGACCCCAACCG_002,62
CCTCAGGAAGACCCCAACCG_003,42
CCTCAGGAAGACCCCAACCG_004,183
CCTCAGGAAGACCCCAACCG_005,63
CCTCAGGAAGACCCCAACCG_006,68
CCTCAGGAAGACCCCAACCG_007,135
CCTCAGGAAGACCCCAACCG_008,121
CCTCAGGAAGACCCCAACCG_009,57
CCTCAGGAAGACCCCAACCG_010,197
CCTCAGGAAGACCCCAACCG_011,42
CCTCAGGAAGACCCCAACCG_012,181
CCTCAGGAAGACCCCAACCG_013,42
CCTCAGGAAGACCCCAACCG_014,58
CTACATCCACTGTCCCAAGC_001,50
GTAGTGTAATGGACGACAGA_001,139
GTAGTGTAATGGACGACAGA_002,17
GTAGTGTAATGGACGACAGA_003,146
GTAGTGTAATGGACGACAGA_004,34
GTAGTGTAATGGACGACAGA_005,80
GTAGTGTAATGGACGACAGA_006,6
GTAGTGTAATGGACGACAGA_007,146
GTAGTGTAATGGACGACAGA_008,142
GTAGTGTAATGGACGACAGA_009,175
GTAGTGTAATGGACGACAGA_010,113
GTAGTGTAATGGACGACAGA_011,58
GTAGTGTAATGGACGACAGA_012,178
GTAGTGTAATGGACGACAGA_013,16
GTAGTGTAATGGACGACAGA_014,28
GTAGTGTAATGGACGACAGA_015,84
GTAGTGTAATGGACGACAGA_016,83
CCTGCCCAAAGAGTCTTGGA_001,56
CCTGCCCAAAGAGTCTTGGA_002,184
CCTGCCCAAAGAGTCTTGGA_003,29
CCTGCCCAAAGAGTCTTGGA_004,65
CCTGCCCAAAGAGTCTTGGA_005,51
CCTGCCCAAAGAGTCTTGGA_006,189
CCTGCCCAAAGAGTCTTGGA_007,43
CCTGCCCAAAGAGTCTTGGA_008,150
CCTGCCCAAAGAGTCTTGGA_009,63
CCTGCCCAAAGAGTCTTGGA_010,172
CCTGCCCAAAGAGTCTTGGA_011,131
CCTGCCCAAAGAGTCTTGGA_012,176
CCTGCCCAAAGAGTCTTGGA_013,115
CCTGCCCAAAGAGTCTTGGA_014,78
CCTGCCCAAAGAGTCTTGGA_015,169
CCTGCCCAAAGAGTCTTGGA_016,114
CCTGCCCAAAGAGTCTTGGA_017,45
CCTGCCCAAAGAGTCTTGGA_018,28
CCTGCCCAAAGAGTCTTGGA_019,50
CCTGCCCAAAGAGTCTTGGA_020,58
CCTGCCCAAAGAGTCTTGGA_021,145
CCTGCCCAAAGAGTCTTGGA_022,182
CCTGCCCAAAGAGTCTTGGA_023,148
CCTGCCCAAAGAGTCTTGGA_024,188
CCTGCCCAAAGAGTCTTGGA_025,92
CCTGCCCAAAGAGTCTTGGA_026,187
TTCATGTGAGATTCAAACAG_001,17
TTCATGTGAGATTCAAACAG_002,198
TTCATGTGAGATTCAAACAG_003,6
TTCATGTGAGATTCAAACAG_004,147
GGGTAGCAACAAAAGGCGGG_001,58
GGGTAGCAACAAAAGGCGGG_002,150
GGGTAGCAACAAAAGGCGGG_003,119
GGGTAGCAACAAAAGGCGGG_004,156
GGGTAGCAACAAAAGGCGGG_005,34
GGGTAGCAACAAAAGGCGGG_006,175
GGGTAGCAACAAAAGGCGGG_007,134
GGGTAGCAACAAAAGGCGGG_008,11
GGGTAGCAACAAAAGGCGGG_009,81
GACTTGCAGACTGAACCCTG_001,157
GACTTGCAGACTGAACCCTG_002,121
GACTTGCAGACTGAACCCTG_003,21
GACTTGCAGACTGAACCCTG_004,80
GACTTGCAGACTGAACCCTG_005,137
GACTTGCAGACTGAACCCTG_006,31
GACTTGCAGACTGAACCCTG_007,62
GACTTGCAGACTGAACCCTG_008,89
GACTTGCAGACTGAACCCTG_009,95
GACTTGCAGACTGAACCCTG_010,86
GACTTGCAGACTGAACCCTG_011,96
GACTTGCAGACTGAACCCTG_012,174
GACTTGCAGACTGAACCCTG_013,58
GACTTGCAGACTGAACCCTG_014,58
GACTTGCAGACTGAACCCTG_015,113
GACTTGCAGACTGAACCCTG_016,110
GACTTGCAGACTGAACCCTG_017,189
GACTTGCAGACTGAACCCTG_018,157
GACTTGCAGACTGAACCCTG_019,58
GACTTGCAGACTGAACCCTG_020,159
GACTTGCAGACTGAACCCTG_021,81
GACTTGCAGACTGAACCCTG_022,83
ACATGACGATGAGTGTCCTG_001,194
ACATGACGATGAGTGTCCTG_002,108
ACATGACGATGAGTGTCCTG_003,52
ACATGACGATGAGTGTCCTG_004,147
ACATGACGATGAGTGTCCTG_005,22
ACATGACGATGAGTGTCCTG_006,50
ACATGACGATGAGTGTCCTG_007,169
ACATGACGATGAGTGTCCTG_008,5
GCTGGTTGAGTCGAAGTCTG_001,64
GCTGGTTGAGTCGAAGTCTG_002,29
GCTGGTTGAGTCGAAGTCTG_003,70
GCTGGTTGAGTCGAAGTCTG_004,65
GCTGGTTGAGTCGAAGTCTG_005,29
GCTGGTTGAGTCGAAGTCTG_006,1
GCTGGTTGAGTCGAAGTCTG_007,130
GCTGGTTGAGTCGAAGTCTG_008,174
GCTGGTTGAGTCGAAGTCTG_009,107
GCTGGTTGAGTCGAAGTCTG_010,146
GCTGGTTGAGTCGAAGTCTG_011,17
GCTGGTTGAGTCGAAGTCTG_012,31
GCTGGTTGAGTCGAAGTCTG_013,52
GCTGGTTGAGTCGAAGTCTG_014,178
ACTCCAGTTACTATGATGAC_001,44
GGAATAAGAACAGTCAACGT_001,163
GGAATAAGAACAGTCAACGT_002,147
GGAATAAGAACAGTCAACGT_003,73
GGAATAAGAACAGTCAACGT_004,112
GGAATAAGAACAGTCAACGT_005,12
GGAATAAGAACAGTCAACGT_006,5
GGAATAAGAACAGTCAACGT_007,115
GGAATAAGAACAGTCAACGT_008,0
GGAATAAGAACAGTCAACGT_009,133
GTTGCAAGCCACCAACCTCG_001,12
GTTGCAAGCCACCAACCTCG_002,150
GTTGCAAGCCACCAACCTCG_003,197
GTTGCAAGCCACCAACCTCG_004,78
TCTTTGTTTCGCATGAACAG_001,57
TCTTTGTTTCGCATGAACAG_002,59
TCTTTGTTTCGCATGAACAG_003,120
TCTTTGTTTCGCATGAACAG_004,84
TCTTTGTTTCGCATGAACAG_005,36
TCTTTGTTTCGCATGAACAG_006,80
TCTTTGTTTCGCATGAACAG_007,32
TCTTTGTTTCGCATGAACAG_008,122
TCTTTGTTTCGCATGAACAG_009,138
TCTTTGTTTCGCATGAACAG_010,56
TCTTTGTTTCGCATGAACAG_011,42
TCTTTGTTTCGCATGAACAG_012,40
TCTTTGTTTCGCATGAACAG_013,168
TCTTTGTTTCGCATGAACAG_014,182
TCTTTGTTTCGCATGAACAG_015,43
TCTTTGTTTCGCATGAACAG_016,174
TCTTTGTTTCGCATGAACAG_017,8
ACGAGCTGAGCTTCAAAAGG_001,113
ACGAGCTGAGCTTCAAAAGG_002,137
ACGAGCTGAGCTTCAAAAGG_003,129
CACTTACGGTCACTAAGCAA_001,180
CACTTACGGTCACTAAGCAA_002,150
CACTTACGGTCACTAAGCAA_003,188
CACTTACGGTCACTAAGCAA_004,73
TGCCAGTAACATGCTAAAGA_001,115
TGCCAGTAACATGCTAAAGA_002,81
TGCCAGTAACATGCTAAAGA_003,89
TGCCAGTAACATGCTAAAGA_004,175
TGGGTCAAGACTCAAACCAA_001,149
TGGGTCAAGACTCAAACCAA_002,78
TGGGTCAAGACTCAAACCAA_003,173
TGGGTCAAGACTCAAACCAA_004,28
TGGGTCAAGACTCAAACCAA_005,15
TGGGTCAAGACTCAAACCAA_006,130
TGGGTCAAGACTCAAACCAA_007,107
TGGGTCAAGACTCAAACCAA_008,48
TGGGTCAAGACTCAAACCAA_009,12
TGGGTCAAGACTCAAACCAA_010,12
TGGGTCAAGACTCAAACCAA_011,115
TGGGTCAAGACTCAAACCAA_012,158
TGGGTCAAGACTCAAACCAA_013,83
TGGGTCAAGACTCAAACCAA_014,75
TGGGTCAAGACTCAAACCAA_015,12
TGGGTCAAGACTCAAACCAA_016,150
TGGGTCAAGACTCAAACCAA_017,94
TGGGTCAAGACTCAAACCAA_018,81
TGGGTCAAGACTCAAACCAA_019,145
TGGGTCAAGACTCAAACCAA_020,45
TGGGTCAAGACTCAAACCAA_021,25
TGGGTCAAGACTCAAACCAA_022,32
TGGGTCAAGACTCAAACCAA_023,67
TGGGTCAAGACTCAAACCAA_024,10
TGGGTCAAGACTCAAACCAA_025,135
TGGGTCAAGACTCAAACCAA_026,115
TGGGTCAAGACTCAAACCAA_027,152
TGGGTCAAGACTCAAACCAA_028,168
TGGGTCAAGACTCAAACCAA_029,169
TGGGTCAAGACTCAAACCAA_030,81
TGGGTCAAGACTCAAACCAA_031,180
TGGGTCAAGACTCAAACCAA_032,48
TGGGTCAAGACTCAAACCAA_033,90
TGGGTCAAGACTCAAACCAA_034,128
TGGGTCAAGACTCAAACCAA_035,196
TGGGTCAAGACTCAAACCAA_036,94
TGGGTCAAGACTCAAACCAA_037,49
GGTCCAAACATAGCAAATCG_001,82
GGTCCAAACATAGCAAATCG_002,38
GGTCCAAACATAGCAAATCG_003,147
GGTCCAAACATAGCAAATCG_004,30
AGGCGATTCGGATTGCACAT_001,73
AGGCGATTCGGATTGCACAT_002,26
AGGCGATTCGGATTGCACAT_003,138
AGGCGATTCGGATTGCACAT_004,133
AGGCGATTCGGATTGCACAT_005,179
AGGCGATTCGGATTGCACAT_006,6
AGGCGATTCGGATTGCACAT_007,36
AGGCGATTCGGATTGCACAT_008,133
AGGCGATTCGGATTGCACAT_009,72
AGGCGATTCGGATTGCACAT_010,93
AGGCGATTCGGATTGCACAT_011,165
AGGCGATTCGGATTGCACAT_012,28
TGTCTCGATAGGTTGTGTGA_001,44
TGTCTCGATAGGTTGTGTGA_002,27
TGTCTCGATAGGTTGTGTGA_003,1
TGTCTCGATAGGTTGTGTGA_004,1
TGTCTCGATAGGTTGTGTGA_005,43
TGGACTGTTTCAGAAATACG_001,16
ACTTGCCGGAGTCCATTGCC_001,78
ACTTGCCGGAGTCCATTGCC_002,122
ACTTGCCGGAGTCCATTGCC_003,190
ACTTGCCGGAGTCCATTGCC_004,175
ACTTGCCGGAGTCCATTGCC_005,47
ACTTGCCGGAGTCCATTGCC_006,148
ACTTGCCGGAGTCCATTGCC_007,197
ACTTGCCGGAGTCCATTGCC_008,108
ACTTGCCGGAGTCCATTGCC_009,140
ACTTGCCGGAGTCCATTGCC_010,140
TGGTGACCGACCCAGATTCG_001,88
TGGTGACCGACCCAGATTCG_002,141
TGGTGACCGACCCAGATTCG_003,81
TGGTGACCGACCCAGATTCG_004,184
TGGTGACCGACCCAGATTCG_005,148
TGGTGACCGACCCAGATTCG_006,97
TGGTGACCGACCCAGATTCG_007,142
TGGTGACCGACCCAGATTCG_008,124
TGGTGACCGACCCAGATTCG_009,58
TGGTGACCGACCCAGATTCG_010,153
TGGTGACCGACCCAGATTCG_011,147
TGGTGACCGACCCAGATTCG_012,34
GTTACGGGCACTGCTCCAAG_001,17
GTTACGGGCACTGCTCCAAG_002,133
GTTACGGGCACTGCTCCAAG_003,157
GTTACGGGCACTGCTCCAAG_004,182
GTTACGGGCACTGCTCCAAG_005,68
GTTACGGGCACTGCTCCAAG_006,20
AGAAGTAGCTGAGGCATACG_001,122
AGAAGTAGCTGAGGCATACG_002,58
AGAAGTAGCTGAGGCATACG_003,181
AGAAGTAGCTGAGGCATACG_004,44
AGAAGTAGCTGAGGCATACG_005,38
AGAAGTAGCTGAGGCATACG_006,37
AGAAGTAGCTGAGGCATACG_007,84
AGAAGTAGCTGAGGCATACG_008,96
AGAAGTAGCTGAGGCATACG_009,72
AGAAGTAGCTGAGGCATACG_010,147
AGAAGTAGCTGAGGCATACG_011,11
AGAAGTAGCTGAGGCATACG_012,29
AGAAGTAGCTGAGGCATACG_013,107
AGAAGTAGCTGAGGCATACG_014,48
AGAAGTAGCTGAGGCATACG_015,36
AGAAGTAGCTGAGGCATACG_016,156
AGAAGTAGCTGAGGCATACG_017,150
AGAAGTAGCTGAGGCATACG_018,57
AGAAGTAGCTGAGGCATACG_019,56
AGAAGTAGCTGAGGCATACG_020,142
TTGCACACCACATCCCAGGA_001,186
TTGCACACCACATCCCAGGA_002,90
TTGCACACCACATCCCAGGA_003,35
GTGCCCGTGGGGTCGGACGT_001,19
GTGCCCGTGGGGTCGGACGT_002,129
GTGCCCGTGGGGTCGGACGT_003,84
GTGCCCGTGGGGTCGGACGT_004,157
GTGCCCGTGGGGTCGGACGT_005,82
GTGCCCGTGGGGTCGGACGT_006,64
GTGCCCGTGGGGTCGGACGT_007,52
GTGCCCGTGGGGTCGGACGT_008,27
GTGCCCGTGGGGTCGGACGT_009,167
GTGCCCGTGGGGTCGGACGT_010,70
GTGCCCGTGGGGTCGGACGT_011,34
GTGCCCGTGGGGTCGGACGT_012,104
GTGCCCGTGGGGTCGGACGT_013,35
GTGCCCGTGGGGTCGGACGT_014,140
GTGCCCGTGGGGTCGGACGT_015,4
GTGCCCGTGGGGTCGGACGT_016,63
GTGCCCGTGGGGTCGGACGT_017,78
GTGCCCGTGGGGTCGGACGT_018,14
GTGCCCGTGGGGTCGGACGT_019,49
GTGCCCGTGGGGTCGGACGT_020,11
GTGCCCGTGGGGTCGGACGT_021,182
GTGCCCGTGGGGTCGGACGT_022,0
GTGCCCGTGGGGTCGGACGT_023,1
GTGCCCGTGGGGTCGGACGT_024,34
GTGCCCGTGGGGTCGGACGT_025,77
GTGCCCGTGGGGTCGGACGT_026,96
GTGCCCGTGGGGTCGGACGT_027,40
GTGCCCGTGGGGTCGGACGT_028,50
GTGCCCGTGGGGTCGGACGT_029,48
GTGCCCGTGGGGTCGGACGT_030,72
GTGCCCGTGGGGTCGGACGT_031,11
GTGCCCGTGGGGTCGGACGT_032,104
GTGCCCGTGGGGTCGGACGT_033,94
GTGCCCGTGGGGTCGGACGT_034,115
GTGCCCGTGGGGTCGGACGT_035,101
GTGCCCGTGGGGTCGGACGT_036,56
GTGCCCGTGGGGTCGGACGT_037,30
GTGCCCGTGGGGTCGGACGT_038,30
GTGCCCGTGGGGTCGGACGT_039,182
GTGCCCGTGGGGTCGGACGT_040,58
GTGCCCGTGGGGTCGGACGT_041,168
GTGCCCGTGGGGTCGGACGT_042,49
GTGCCCGTGGGGTCGGACGT_043,136
GTGCCCGTGGGGTCGGACGT_044,77
CACACACAGAGAACTTAGGG_001,134
CACACACAGAGAACTTAGGG_002,24
CACACACAGAGAACTTAGGG_003,174
GCTGCGGCCATGGACTACGT_001,6
GCTGCGGCCATGGACTACGT_002,47
GCTGCGGCCATGGACTACGT_003,55
GCTGCGGCCATGGACTACGT_004,55
GCTGCGGCCATGGACTACGT_005,50
GCTGCGGCCATGGACTACGT_006,173
GCTGCGGCCATGGACTACGT_007,69
GCTGCGGCCATGGACTACGT_008,9
GCTGCGGCCATGGACTACGT_009,67
GCTGCGGCCATGGACTACGT_010,42
GCTGCGGCCATGGACTACGT_011,198
GCTGCGGCCATGGACTACGT_012,154
GCTGCGGCCATGGACTACGT_013,100
GCTGCGGCCATGGACTACGT_014,34
GCTGCGGCCATGGACTACGT_015,138
GCTGCGGCCATGGACTACGT_016,10
GCTGCGGCCATGGACTACGT_017,49
GCTGCGGCCATGGACTACGT_018,52
GCTGCGGCCATGGACTACGT_019,170
GCTGCGGCCATGGACTACGT_020,43
GCTGCGGCCATGGACTACGT_021,99
GCTGCGGCCATGGACTACGT_022,105
GCTGCGGCCATGGACTACGT_023,35
GCTGCGGCCATGGACTACGT_024,29
GCTGCGGCCATGGACTACGT_025,190
TAGGCTGCAGGATTCAGCAT_001,130
TAGGCTGCAGGATTCAGCAT_002,117
TAGGCTGCAGGATTCAGCAT_003,100
TAGGCTGCAGGATTCAGCAT_004,67
TAGGCTGCAGGATTCAGCAT_005,158
TAGGCTGCAGGATTCAGCAT_006,95
TAGGCTGCAGGATTCAGCAT_007,63
TAGGCTGCAGGATTCAGCAT_008,190
TAGGCTGCAGGATTCAGCAT_009,182
TAGGCTGCAGGATTCAGCAT_010,182
TAGGCTGCAGGATTCAGCAT_011,43
TAGGCTGCAGGATTCAGCAT_012,48
TAGGCTGCAGGATTCAGCAT_013,24
ACACGTTACTGTTGATGACT_001,59
ACACGTTACTGTTGATGACT_002,144
ACACGTTACTGTTGATGACT_003,95
ACACGTTACTGTTGATGACT_004,95
ACACGTTACTGTTGATGACT_005,48
ACACGTTACTGTTGATGACT_006,145
ACACGTTACTGTTGATGACT_007,28
GCTCAGGTGCAGAACACTTG_001,63
GCTCAGGTGCAGAACACTTG_002,2
GCTCAGGTGCAGAACACTTG_003,118
GCTCAGGTGCAGAACACTTG_004,15
GCTCAGGTGCAGAACACTTG_005,169
ACGGAGAAAAGAACGGACGG_001,59
ACGGAGAAAAGAACGGACGG_002,146
ACGGAGAAAAGAACGGACGG_003,122
ACGGAGAAAAGAACGGACGG_004,105
ACGGAGAAAAGAACGGACGG_005,154
ACGGAGAAAAGAACGGACGG_006,92
ACGGAGAAAAGAACGGACGG_007,88
ACGGAGAAAAGAACGGACGG_008,161
ACGGAGAAAAGAACGGACGG_009,4
ACGGAGAAAAGAACGGACGG_010,12
ACGGAGAAAAGAACGGACGG_011,108
ACGGAGAAAAGAACGGACGG_012,158
ACGGAGAAAAGAACGGACGG_013,142
ACGGAGAAAAGAACGGACGG_014,106
ACGGAGAAAAGAACGGACGG_015,168
ACGGAGAAAAGAACGGACGG_016,22
ACGGAGAAAAGAACGGACGG_017,42
ACGGAGAAAAGAACGGACGG_018,77
GCAGTAGAAAGCACCCATGG_001,19
GCAGTAGAAAGCACCCATGG_002,132
GCAGTAGAAAGCACCCATGG_003,147
GCAGTAGAAAGCACCCATGG_004,74
GCAGTAGAAAGCACCCATGG_005,43
GCAGTAGAAAGCACCCATGG_006,84
GCAGTAGAAAGCACCCATGG_007,70
GCAGTAGAAAGCACCCATGG_008,169
GCAGTAGAAAGCACCCATGG_009,173
GCAGTAGAAAGCACCCATGG_010,190
GCAGTAGAAAGCACCCATGG_011,58
AGGAACTGGAGCAAGGATCG_001,114
AGGAACTGGAGCAAGGATCG_002,88
AGGAACTGGAGCAAGGATCG_003,127
AGGAACTGGAGCAAGGATCG_004,150
AGGAACTGGAGCAAGGATCG_005,12
AGGAACTGGAGCAAGGATCG_006,186
AGGAACTGGAGCAAGGATCG_007,181
AGGAACTGGAGCAAGGATCG_008,95
AGGAACTGGAGCAAGGATCG_009,161
AGGAACTGGAGCAAGGATCG_010,104
AGGAACTGGAGCAAGGATCG_011,97
AGGAACTGGAGCAAGGATCG_012,176
AGGAACTGGAGCAAGGATCG_013,137
AGGAACTGGAGCAAGGATCG_014,111
AGGAACTGGAGCAAGGATCG_015,63
AGGAACTGGAGCAAGGATCG_016,137
AGGAACTGGAGCAAGGATCG_017,198
GTGTCAGGCTCTGATAGCCG_001,118
GTGTCAGGCTCTGATAGCCG_002,152
GTGTCAGGCTCTGATAGCCG_003,117
GTGTCAGGCTCTGATAGCCG_004,124
GTGTCAGGCTCTGATAGCCG_005,17
GTGTCAGGCTCTGATAGCCG_006,103
GTGTCAGGCTCTGATAGCCG_007,26
GTGTCAGGCTCTGATAGCCG_008,103
GTGTCAGGCTCTGATAGCCG_009,45
GTGTCAGGCTCTGATAGCCG_010,197
ACTGACAATGGGTAGCGCTG_001,184
ACTGACAATGGGTAGCGCTG_002,137
ACTGACAATGGGTAGCGCTG_003,32
ACTGACAATGGGTAGCGCTG_004,158
ACTGACAATGGGTAGCGCTG_005,150
ACTGACAATGGGTAGCGCTG_006,11
ACTGACAATGGGTAGCGCTG_007,186
ACTGACAATGGGTAGCGCTG_008,41
ACTGACAATGGGTAGCGCTG_009,191
ACTGACAATGGGTAGCGCTG_010,127
ACTGACAATGGGTAGCGCTG_011,146
ACTGACAATGGGTAGCGCTG_012,65
ACTGACAATGGGTAGCGCTG_013,190
ACTGACAATGGGTAGCGCTG_014,179
ACTGACAATGGGTAGCGCTG_015,94
TGCCACGAAAAGAGCCTCAG_001,102
TGCCACGAAAAGAGCCTCAG_002,175
TGCCACGAAAAGAGCCTCAG_003,127
TGCCACGAAAAGAGCCTCAG_004,9
TGCCACGAAAAGAGCCTCAG_005,46
TGCCACGAAAAGAGCCTCAG_006,147
TGCCACGAAAAGAGCCTCAG_007,130
TGCCACGAAAAGAGCCTCAG_008,94
TGCCACGAAAAGAGCCTCAG_009,13
TGCCACGAAAAGAGCCTCAG_010,5
TGCCACGAAAAGAGCCTCAG_011,144
TGCCACGAAAAGAGCCTCAG_012,69
TGCCACGAAAAGAGCCTCAG_013,107
TGCCACGAAAAGAGCCTCAG_014,52
TGCCACGAAAAGAGCCTCAG_015,158
TGCCACGAAAAGAGCCTCAG_016,9
TGCCACGAAAAGAGCCTCAG_017,98
TGCCACGAAAAGAGCCTCAG_018,68
TGCCACGAAAAGAGCCTCAG_019,137
TGCCACGAAAAGAGCCTCAG_020,168
TGCCACGAAAAGAGCCTCAG_021,89
TGCCACGAAAAGAGCCTCAG_022,13
TGCCACGAAAAGAGCCTCAG_023,58
TGCCACGAAAAGAGCCTCAG_024,6
TGCCACGAAAAGAGCCTCAG_025,6
TGCCACGAAAAGAGCCTCAG_026,48
TGCCACGAAAAGAGCCTCAG_027,62
CCTGACGGAGTTTACCCAGG_001,198
CCTGACGGAGTTTACCCAGG_002,143
CCTGACGGAGTTTACCCAGG_003,144
CCTGACGGAGTTTACCCAGG_004,57
CCTGACGGAGTTTACCCAGG_005,81
CCTGACGGAGTTTACCCAGG_006,197
CCTGACGGAGTTTACCCAGG_007,50
CCTGACGGAGTTTACCCAGG_008,171
CCTGACGGAGTTTACCCAGG_009,92
TCGGTAGAAATAGAATGGGG_001,130
TCGGTAGAAATAGAATGGGG_002,163
TCGGTAGAAATAGAATGGGG_003,72
TCGGTAGAAATAGAATGGGG_004,182
TCGGTAGAAATAGAATGGGG_005,129
TCGGTAGAAATAGAATGGGG_006,8
TCGGTAGAAATAGAATGGGG_007,101
ATTGCAGAAACCATGGCTAG_001,130
ATTGCAGAAACCATGGCTAG_002,172
ATTGCAGAAACCATGGCTAG_003,17
ATTGCAGAAACCATGGCTAG_004,145
ATTGCAGAAACCATGGCTAG_005,26
ATTGCAGAAACCATGGCTAG_006,34
ATTGCAGAAACCATGGCTAG_007,19
ATTGCAGAAACCATGGCTAG_008,105
CAATTGAGATCGACCCACAC_001,86
CAATTGAGATCGACCCACAC_002,96
CAATTGAGATCGACCCACAC_003,21
CAATTGAGATCGACCCACAC_004,150
CAATTGAGATCGACCCACAC_005,30
TCTTTACCCTCCATCCCGGA_001,69
TCTTTACCCTCCATCCCGGA_002,78
TCTTTACCCTCCATCCCGGA_003,180
TCTTTACCCTCCATCCCGGA_004,11
TCTTTACCCTCCATCCCGGA_005,197
TCTTTACCCTCCATCCCGGA_006,197
TCTTTACCCTCCATCCCGGA_007,166
TCTTTACCCTCCATCCCGGA_008,58
TCTTTACCCTCCATCCCGGA_009,157
TCTTTACCCTCCATCCCGGA_010,42
TCTTTACCCTCCATCCCGGA_011,44
TCTTTACCCTCCATCCCGGA_012,4
TCTTTACCCTCCATCCCGGA_013,168
TCTTTACCCTCCATCCCGGA_014,144
TCTTTACCCTCCATCCCGGA_015,187
TCTTTACCCTCCATCCCGGA_016,65
CGGAAAACAACATTGTAGAA_001,89
GGGGTACTTTGAGCACCGAG_001,50
GGGGTACTTTGAGCACCGAG_002,162
GGGGTACTTTGAGCACCGAG_003,78
GGGGTACTTTGAGCACCGAG_004,127
GGGGTACTTTGAGCACCGAG_005,83
GGGGTACTTTGAGCACCGAG_006,156
GGGGTACTTTGAGCACCGAG_007,48
GGGGTACTTTGAGCACCGAG_008,184
GGGGTACTTTGAGCACCGAG_009,141
GGGGTACTTTGAGCACCGAG_010,67
GGGGTACTTTGAGCACCGAG_011,51
GGGGTACTTTGAGCACCGAG_012,149
GGGGTACTTTGAGCACCGAG_013,8
GGGGTACTTTGAGCACCGAG_014,50
GGGGTACTTTGAGCACCGAG_015,139
GGGGTACTTTGAGCACCGAG_016,105
GGGGTACTTTGAGCACCGAG_017,148
GGGGTACTTTGAGCACCGAG_018,56
GGGGTACTTTGAGCACCGAG_019,172
GGGGTACTTTGAGCACCGAG_020,115
GGGGTACTTTGAGCACCGAG_021,39
GGGGTACTTTGAGCACCGAG_022,149
GGGGTACTTTGAGCACCGAG_023,149
AGGATGCTGAACAAGTACGT_001,168
AGGATGCTGAACAAGTACGT_002,19
AGGATGCTGAACAAGTACGT_003,97
AGGATGCTGAACAAGTACGT_004,120
AGGATGCTGAACAAGTACGT_005,141
AGGATGCTGAACAAGTACGT_006,62
AGGATGCTGAACAAGTACGT_007,175
AGGATGCTGAACAAGTACGT_008,169
AGGATGCTGAACAAGTACGT_009,8
AGGATGCTGAACAAGTACGT_010,168
AGGATGCTGAACAAGTACGT_011,17
AGGATGCTGAACAAGTACGT_012,94
AGGATGCTGAACAAGTACGT_013,29
AGGATGCTGAACAAGTACGT_014,198
AGGATGCTGAACAAGTACGT_015,183
AGGATGCTGAACAAGTACGT_016,0
AGGATGCTGAACAAGTACGT_017,116
AGGATGCTGAACAAGTACGT_018,141
AGGATGCTGAACAAGTACGT_019,137
AGGATGCTGAACAAGTACGT_020,15
AGGATGCTGAACAAGTACGT_021,94
AGGATGCTGAACAAGTACGT_022,115
AGGATGCTGAACAAGTACGT_023,7
AGGATGCTGAACAAGTACGT_024,125
AGGATGCTGAACAAGTACGT_025,6
AGGATGCTGAACAAGTACGT_026,63
AGGATGCTGAACAAGTACGT_027,190
CTGAGGAACGGAGACATCAT_001,147
CTGAGGAACGGAGACATCAT_002,107
CTGAGGAACGGAGACATCAT_003,78
CTGAGGAACGGAGACATCAT_004,133
CTGAGGAACGGAGACATCAT_005,59
CTGAGGAACGGAGACATCAT_006,82
CTGAGGAACGGAGACATCAT_007,132
CTGAGGAACGGAGACATCAT_008,127
CTGAGGAACGGAGACATCAT_009,127
CTGAGGAACGGAGACATCAT_010,160
CTGAGGAACGGAGACATCAT_011,83
CTGAGGAACGGAGACATCAT_012,187
CTGAGGAACGGAGACATCAT_013,81
CTGAGGAACGGAGACATCAT_014,64
CTGAGGAACGGAGACATCAT_015,97
CTGAGGAACGGAGACATCAT_016,183
CTGAGGAACGGAGACATCAT_017,116
CTGAGGAACGGAGACATCAT_018,77
CTGAGGAACGGAGACATCAT_019,102
CTGAGGAACGGAGACATCAT_020,63
CTGAGGAACGGAGACATCAT_021,138
CTGAGGAACGGAGACATCAT_022,171
CTGAGGAACGGAGACATCAT_023,159
GGGTCGTGAGAGTAGACTTG_001,114
GGGTCGTGAGAGTAGACTTG_002,115
GGGTCGTGAGAGTAGACTTG_003,81
GGGTCGTGAGAGTAGACTTG_004,25
GGGTCGTGAGAGTAGACTTG_005,140
GGGTCGTGAGAGTAGACTTG_006,8
GGGTCGTGAGAGTAGACTTG_007,8
GGGTCGTGAGAGTAGACTTG_008,172
GGGTCGTGAGAGTAGACTTG_009,114
GGGTCGTGAGAGTAGACTTG_010,19
GGGTCGTGAGAGTAGACTTG_011,137
GGGTCGTGAGAGTAGACTTG_012,160
GGGTCGTGAGAGTAGACTTG_013,55
GGGTCGTGAGAGTAGACTTG_014,42
GGGTCGTGAGAGTAGACTTG_015,62
GGGTCGTGAGAGTAGACTTG_016,138
GGGTCGTGAGAGTAGACTTG_017,123
GGGTCGTGAGAGTAGACTTG_018,43
TTTGGGCCGATCACATCTCG_001,22
TTTGGGCCGATCACATCTCG_002,42
TTTGGGCCGATCACATCTCG_003,116
TTTGGGCCGATCACATCTCG_004,46
CTGAGTCATAAGGTCCTCTG_001,53
CTGAGTCATAAGGTCCTCTG_002,124
CTGAGTCATAAGGTCCTCTG_003,44
CTGAGTCATAAGGTCCTCTG_004,120
CTGAGTCATAAGGTCCTCTG_005,82
ATAGTGCCAGCGTTTACCTG_001,175
ATAGTGCCAGCGTTTACCTG_002,104
ATAGTGCCAGCGTTTACCTG_003,68
ATAGTGCCAGCGTTTACCTG_004,116
ATAGTGCCAGCGTTTACCTG_005,48
ATAGTGCCAGCGTTTACCTG_006,192
ATAGTGCCAGCGTTTACCTG_007,146
ATAGTGCCAGCGTTTACCTG_008,186
ATAGTGCCAGCGTTTACCTG_009,98
ATAGTGCCAGCGTTTACCTG_010,56
ATAGTGCCAGCGTTTACCTG_011,57
ATAGTGCCAGCGTTTACCTG_012,182
ATAGTGCCAGCGTTTACCTG_013,177
ATAGTGCCAGCGTTTACCTG_014,50
ATAGTGCCAGCGTTTACCTG_015,77
ATAGTGCCAGCGTTTACCTG_016,2
ATAGTGCCAGCGTTTACCTG_017,15
ATAGTGCCAGCGTTTACCTG_018,26
ATAGTGCCAGCGTTTACCTG_019,62
ATAGTGCCAGCGTTTACCTG_020,107
ATAGTGCCAGCGTTTACCTG_021,183
ATAGTGCCAGCGTTTACCTG_022,8
ATAGTGCCAGCGTTTACCTG_023,50
ATAGTGCCAGCGTTTACCTG_024,89
ATAGTGCCAGCGTTTACCTG_025,157
ATAGTGCCAGCGTTTACCTG_026,69
TTGGTCAACATAGATCTCTG_001,134
TTGGTCAACATAGATCTCTG_002,22
TTTGGAGGCAGTGCAGCTTG_001,152
TTTGGAGGCAGTGCAGCTTG_002,182
TTTGGAGGCAGTGCAGCTTG_003,31
TTTGGAGGCAGTGCAGCTTG_004,65
TTTGGAGGCAGTGCAGCTTG_005,47
TTTGGAGGCAGTGCAGCTTG_006,65
TTTGGAGGCAGTGCAGCTTG_007,81
TTTGGAGGCAGTGCAGCTTG_008,124
TTTGGAGGCAGTGCAGCTTG_009,193
TTTGGAGGCAGTGCAGCTTG_010,12
CATACTACGAATGGTTGCCA_001,23
CATACTACGAATGGTTGCCA_002,65
CATACTACGAATGGTTGCCA_003,64
CATACTACGAATGGTTGCCA_004,111
CATACTACGAATGGTTGCCA_005,156
CATACTACGAATGGTTGCCA_006,184
TAAGTAAATATCTCCCCTTG_001,199
CCAAATCAGAAGGAACCGTG_001,175
CCAAATCAGAAGGAACCGTG_002,140
CCAAATCAGAAGGAACCGTG_003,15
GCGAAGGCCTTGCCGCAACG_001,60
GCGAAGGCCTTGCCGCAACG_002,185
GCGAAGGCCTTGCCGCAACG_003,141
GCGAAGGCCTTGCCGCAACG_004,194
GCGAAGGCCTTGCCGCAACG_005,58
GCGAAGGCCTTGCCGCAACG_006,2
GCGAAGGCCTTGCCGCAACG_007,144
GCGAAGGCCTTGCCGCAACG_008,4
GCGAAGGCCTTGCCGCAACG_009,27
GCGAAGGCCTTGCCGCAACG_010,150
GCGAAGGCCTTGCCGCAACG_011,1
GCGAAGGCCTTGCCGCAACG_012,136
GCGAAGGCCTTGCCGCAACG_013,104
GCGAAGGCCTTGCCGCAACG_014,31
GCGAAGGCCTTGCCGCAACG_015,94
GCGAAGGCCTTGCCGCAACG_016,188
GCGAAGGCCTTGCCGCAACG_017,2
GCGAAGGCCTTGCCGCAACG_018,124
TCGGATCCAAGCCAGTTCTG_001,50
TCGGATCCAAGCCAGTTCTG_002,197
TCGGATCCAAGCCAGTTCTG_003,128
TCGGATCCAAGCCAGTTCTG_004,67
TCGGATCCAAGCCAGTTCTG_005,166
TCGGATCCAAGCCAGTTCTG_006,77
TCGGATCCAAGCCAGTTCTG_007,105
TCGGATCCAAGCCAGTTCTG_008,114
TCGGATCCAAGCCAGTTCTG_009,120
TCGGATCCAAGCCAGTTCTG_010,150
TCGGATCCAAGCCAGTTCTG_011,19
TCGGATCCAAGCCAGTTCTG_012,16
TCGGATCCAAGCCAGTTCTG_013,188
TCGGATCCAAGCCAGTTCTG_014,14
TCGGATCCAAGCCAGTTCTG_015,88
TCGGATCCAAGCCAGTTCTG_016,127
TCGGATCCAAGCCAGTTCTG_017,107
TCGGATCCAAGCCAGTTCTG_018,127
TCGGATCCAAGCCAGTTCTG_019,41
CAGTTTGGTCCACATCTACC_001,198
CAGTTTGGTCCACATCTACC_002,49
CAGTTTGGTCCACATCTACC_003,81
TCAGAGTCATACTCAACTGG_001,158
TCAGAGTCATACTCAACTGG_002,181
TCAGAGTCATACTCAACTGG_003,123
CCTCCAGAGAGTATCGCCGT_001,75
GTGCCGAGACATGTGTACCT_001,133
GTGCCGAGACATGTGTACCT_002,49
GTGCCGAGACATGTGTACCT_003,138
GTGCCGAGACATGTGTACCT_004,35
GTGCCGAGACATGTGTACCT_005,160
GTGCCGAGACATGTGTACCT_006,130
GTGCCGAGACATGTGTACCT_007,113
GTGCCGAGACATGTGTACCT_008,5
GTGCCGAGACATGTGTACCT_009,26
GTGCCGAGACATGTGTACCT_010,36
GTGCCGAGACATGTGTACCT_011,179
GTGCCGAGACATGTGTACCT_012,58
GTGCCGAGACATGTGTACCT_013,8
GTGCCGAGACATGTGTACCT_014,56
GTTCAAACATGGTGCCCATG_001,41
GTTCAAACATGGTGCCCATG_002,76
GTTCAAACATGGTGCCCATG_003,24
GTTCAAACATGGTGCCCATG_004,23
GTTCAAACATGGTGCCCATG_005,150
GTTCAAACATGGTGCCCATG_006,12
CAAAGACAAGGAATTCCTTG_001,103
CAAAGACAAGGAATTCCTTG_002,162
CAAAGACAAGGAATTCCTTG_003,58
CAAAGACAAGGAATTCCTTG_004,62
CAAAGACAAGGAATTCCTTG_005,98
TTGAGCACGCAGTCGAAGCG_001,18
TTGAGCACGCAGTCGAAGCG_002,138
TTGAGCACGCAGTCGAAGCG_003,85
TTGAGCACGCAGTCGAAGCG_004,171
TTGAGCACGCAGTCGAAGCG_005,97
TTGAGCACGCAGTCGAAGCG_006,54
TTGAGCACGCAGTCGAAGCG_007,49
TTGAGCACGCAGTCGAAGCG_008,63
TTGAGCACGCAGTCGAAGCG_009,83
TTGAGCACGCAGTCGAAGCG_010,7
TTGAGCACGCAGTCGAAGCG_011,1
TTGAGCACGCAGTCGAAGCG_012,39
TTGAGCACGCAGTCGAAGCG_013,136
TTGAGCACGCAGTCGAAGCG_014,137
TTGAGCACGCAGTCGAAGCG_015,48
TTGAGCACGCAGTCGAAGCG_016,32
TACTACGCGAGGCCCGACTG_001,141
TACTACGCGAGGCCCGACTG_002,134
TACTACGCGAGGCCCGACTG_003,115
TACTACGCGAGGCCCGACTG_004,1
TACTACGCGAGGCCCGACTG_005,92
TACTACGCGAGGCCCGACTG_006,124
TACTACGCGAGGCCCGACTG_007,168
TACTACGCGAGGCCCGACTG_008,95
TACTACGCGAGGCCCGACTG_009,149
TACTACGCGAGGCCCGACTG_010,175
TTGCGATGACAACGTAACTC_001,62
TTGCGATGACAACGTAACTC_002,137
TTGCGATGACAACGTAACTC_003,188
TTGCGATGACAACGTAACTC_004,5
TTGCGATGACAACGTAACTC_005,67
TTGCGATGACAACGTAACTC_006,194
TTGCGATGACAACGTAACTC_007,129
TTGCGATGACAACGTAACTC_008,8
TTGCGATGACAACGTAACTC_009,11
AGAAGTTGCCCTCGATCCAG_001,2
AGAAGTTGCCCTCGATCCAG_002,105
AGAAGTTGCCCTCGATCCAG_003,113
AGAAGTTGCCCTCGATCCAG_004,87
AGAAGTTGCCCTCGATCCAG_005,87
AGAAGTTGCCCTCGATCCAG_006,134
AGAAGTTGCCCTCGATCCAG_007,9
AGAAGTTGCCCTCGATCCAG_008,88
AGAAGTTGCCCTCGATCCAG_009,20
AGAAGTTGCCCTCGATCCAG_010,118
GAACCCTTCAAAGAACCCAG_001,133
GAACCCTTCAAAGAACCCAG_002,145
GAACCCTTCAAAGAACCCAG_003,38
GAACCCTTCAAAGAACCCAG_004,122
GAACCCTTCAAAGAACCCAG_005,28
CTCTGGGTTGGCTAGCTGCG_001,102
CTCTGGGTTGGCTAGCTGCG_002,19
CTCTGGGTTGGCTAGCTGCG_003,63
CTCTGGGTTGGCTAGCTGCG_004,157
CTCTGGGTTGGCTAGCTGCG_005,9
CTCTGGGTTGGCTAGCTGCG_006,137
AAGGAACACTTTAAGTACGT_001,122
GCAAGGCTGGTTACCCAACA_001,161
GCAAGGCTGGTTACCCAACA_002,178
GCAAGGCTGGTTACCCAACA_003,187
GCAAGGCTGGTTACCCAACA_004,97
GCAAGGCTGGTTACCCAACA_005,84
GCAAGGCTGGTTACCCAACA_006,3
GCAAGGCTGGTTACCCAACA_007,3
GCAAGGCTGGTTACCCAACA_008,148
AATACCATCCTGCGTCACCT_001,115
AATACCATCCTGCGTCACCT_002,62
AATACCATCCTGCGTCACCT_003,98
AATACCATCCTGCGTCACCT_004,78
AATACCATCCTGCGTCACCT_005,63
AATACCATCCTGCGTCACCT_006,157
AATACCATCCTGCGTCACCT_007,35
AATACCATCCTGCGTCACCT_008,197
AATACCATCCTGCGTCACCT_009,179
AATACCATCCTGCGTCACCT_010,131
AATACCATCCTGCGTCACCT_011,72
AATACCATCCTGCGTCACCT_012,168
AATACCATCCTGCGTCACCT_013,160
AATACCATCCTGCGTCACCT_014,121
AATACCATCCTGCGTCACCT_015,43
AATACCATCCTGCGTCACCT_016,149
AATACCATCCTGCGTCACCT_017,72
AATACCATCCTGCGTCACCT_018,114
AATACCATCCTGCGTCACCT_019,98
AATACCATCCTGCGTCACCT_020,118
TCTCATAGTACCCCACACGC_001,49
GGAATAACTAACTCCTTCAA_001,72
GGAATAACTAACTCCTTCAA_002,188
GGAATAACTAACTCCTTCAA_003,35
GGAATAACTAACTCCTTCAA_004,76
GGAATAACTAACTCCTTCAA_005,141
GGAATAACTAACTCCTTCAA_006,54
CGGAACACCACATTAGTGGA_001,88
CGGAACACCACATTAGTGGA_002,104
CGGAACACCACATTAGTGGA_003,76
CGGAACACCACATTAGTGGA_004,170
CGGAACACCACATTAGTGGA_005,78
CGGAACACCACATTAGTGGA_006,118
CGGAACACCACATTAGTGGA_007,68
CGGAACACCACATTAGTGGA_008,102
TCTATCTTAGTCGCTCCTAG_001,11
TCTATCTTAGTCGCTCCTAG_002,55
TCTATCTTAGTCGCTCCTAG_003,32
TCTATCTTAGTCGCTCCTAG_004,127
TCTATCTTAGTCGCTCCTAG_005,193
TCTATCTTAGTCGCTCCTAG_006,104
TCTATCTTAGTCGCTCCTAG_007,106
TCTATCTTAGTCGCTCCTAG_008,191
TCTATCTTAGTCGCTCCTAG_009,56
TCTATCTTAGTCGCTCCTAG_010,104
TCTATCTTAGTCGCTCCTAG_011,68
ATTCAGAAGATGGAGCGGCG_001,4
ATTCAGAAGATGGAGCGGCG_002,140
ATTCAGAAGATGGAGCGGCG_003,102
ATTCAGAAGATGGAGCGGCG_004,72
ATTCAGAAGATGGAGCGGCG_005,44
ATTCAGAAGATGGAGCGGCG_006,116
ATTCAGAAGATGGAGCGGCG_007,32
ATTCAGAAGATGGAGCGGCG_008,1
ATTCAGAAGATGGAGCGGCG_009,190
ATTCAGAAGATGGAGCGGCG_010,82
ATTCAGAAGATGGAGCGGCG_011,151
ATTCAGAAGATGGAGCGGCG_012,108
ATAGGACCACCCCTGACACC_001,170
ATAGGACCACCCCTGACACC_002,142
ATAGGACCACCCCTGACACC_003,81
ATAGGACCACCCCTGACACC_004,2
ATAGGACCACCCCTGACACC_005,169
ATAGGACCACCCCTGACACC_006,82
ATAGGACCACCCCTGACACC_007,188
ATAGGACCACCCCTGACACC_008,92
ATAGGACCACCCCTGACACC_009,107
ATAGGACCACCCCTGACACC_010,0
ATAGGACCACCCCTGACACC_011,16
ATAGGACCACCCCTGACACC_012,22
ATAGGACCACCCCTGACACC_013,19
ATAGGACCACCCCTGACACC_014,198
ATAGGACCACCCCTGACACC_015,189
ATAGGACCACCCCTGACACC_016,96
ATAGGACCACCCCTGACACC_017,116
ATAGGACCACCCCTGACACC_018,83
ATAGGACCACCCCTGACACC_019,48
ATAGGACCACCCCTGACACC_020,61
ATAGGACCACCCCTGACACC_021,90
ATAGGACCACCCCTGACACC_022,29
ATAGGACCACCCCTGACACC_023,168
ATAGGACCACCCCTGACACC_024,49
ATAGGACCACCCCTGACACC_025,73
TGTCTGTTTAGTTTCCCAGG_001,26
TGTCTGTTTAGTTTCCCAGG_002,5
TGTCTGTTTAGTTTCCCAGG_003,58
TGTCTGTTTAGTTTCCCAGG_004,17
TGTCTGTTTAGTTTCCCAGG_005,102
TGTCTGTTTAGTTTCCCAGG_006,188
TGTCTGTTTAGTTTCCCAGG_007,98
TGTCTGTTTAGTTTCCCAGG_008,122
TGTCTGTTTAGTTTCCCAGG_009,72
AGTAGGGTAGGACCTTATTG_001,105
AGTAGGGTAGGACCTTATTG_002,137
AGTAGGGTAGGACCTTATTG_003,106
TGGGGCACCACAATATAAGC_001,75
TTGCAGAGGATGCTGTCAGG_001,152
TTGCAGAGGATGCTGTCAGG_002,163
TTGCAGAGGATGCTGTCAGG_003,67
TTGCAGAGGATGCTGTCAGG_004,58
TTGCAGAGGATGCTGTCAGG_005,19
TTGCAGAGGATGCTGTCAGG_006,161
GTGCCTCCGACGTTCCCCTC_001,181
GTGCCTCCGACGTTCCCCTC_002,121
GTGCCTCCGACGTTCCCCTC_003,112
GTGCCTCCGACGTTCCCCTC_004,115
GTGCCTCCGACGTTCCCCTC_005,58
GTGCCTCCGACGTTCCCCTC_006,53
GTGCCTCCGACGTTCCCCTC_007,65
GTGCCTCCGACGTTCCCCTC_008,124
GTGCCTCCGACGTTCCCCTC_009,67
GTGCCTCCGACGTTCCCCTC_010,61
GTTGTGTGCCACATAACGAA_001,49
GTTGTGTGCCACATAACGAA_002,67
ATGGGTCCACAGGTCCCACG_001,172
ATGGGTCCACAGGTCCCACG_002,154
ATGGGTCCACAGGTCCCACG_003,121
ATGGGTCCACAGGTCCCACG_004,172
ATGGGTCCACAGGTCCCACG_005,9
ATGGGTCCACAGGTCCCACG_006,104
TTGTTTAAGGGGAGTAACCA_001,149
TTGTTTAAGGGGAGTAACCA_002,111
TTGTTTAAGGGGAGTAACCA_003,176
TTGTTTAAGGGGAGTAACCA_004,141
TTGTTTAAGGGGAGTAACCA_005,83
TTGTTTAAGGGGAGTAACCA_006,154
TTGTTTAAGGGGAGTAACCA_007,8
TTGTTTAAGGGGAGTAACCA_008,7
TTGTTTAAGGGGAGTAACCA_009,175
TTGTTTAAGGGGAGTAACCA_010,14
TTGTTTAAGGGGAGTAACCA_011,93
TTGTTTAAGGGGAGTAACCA_012,149
TTGTTTAAGGGGAGTAACCA_013,172
TTGTTTAAGGGGAGTAACCA_014,117
TTGTTTAAGGGGAGTAACCA_015,5
TTGTTTAAGGGGAGTAACCA_016,78
TTGTTTAAGGGGAGTAACCA_017,69
TTGTTTAAGGGGAGTAACCA_018,58
TTGTTTAAGGGGAGTAACCA_019,184
TTGTTTAAGGGGAGTAACCA_020,25
TTGTTTAAGGGGAGTAACCA_021,11
TTGTTTAAGGGGAGTAACCA_022,187
TTGTTTAAGGGGAGTAACCA_023,104
TTGTTTAAGGGGAGTAACCA_024,83
CCTCTCACCGACTCTGTGTC_001,60
CCTCTCACCGACTCTGTGTC_002,172
CCTCTCACCGACTCTGTGTC_003,37
CCTCTCACCGACTCTGTGTC_004,82
CCTCTCACCGACTCTGTGTC_005,55
CCTCTCACCGACTCTGTGTC_006,72
CCTCTCACCGACTCTGTGTC_007,48
CCTCTCACCGACTCTGTGTC_008,15
CCTCTCACCGACTCTGTGTC_009,52
CCTCTCACCGACTCTGTGTC_010,162
CCTCTCACCGACTCTGTGTC_011,82
CCTCTCACCGACTCTGTGTC_012,151
CCTCTCACCGACTCTGTGTC_013,127
CCTCTCACCGACTCTGTGTC_014,161
CCTCTCACCGACTCTGTGTC_015,63
CCTCTCACCGACTCTGTGTC_016,41
CCTCTCACCGACTCTGTGTC_017,88
CCTCTCACCGACTCTGTGTC_018,55
CCTCTCACCGACTCTGTGTC_019,94
CCTCTCACCGACTCTGTGTC_020,93
CCTCTCACCGACTCTGTGTC_021,91
CCTCTCACCGACTCTGTGTC_022,65
CCTCTCACCGACTCTGTGTC_023,70
CCTCTCACCGACTCTGTGTC_024,146
CCTCTCACCGACTCTGTGTC_025,160
CCTCTCACCGACTCTGTGTC_026,52
CCTCTCACCGACTCTGTGTC_027,28
CCTCTCACCGACTCTGTGTC_028,115
CTCCATGCCACCATAAGGGA_001,105
CTCCATGCCACCATAAGGGA_002,137
CTCCATGCCACCATAAGGGA_003,27
CTCCATGCCACCATAAGGGA_004,35
CTCCATGCCACCATAAGGGA_005,77
CTCCATGCCACCATAAGGGA_006,193
CTCCATGCCACCATAAGGGA_007,10
CTCCATGCCACCATAAGGGA_008,39
CTCCATGCCACCATAAGGGA_009,10
CTCCATGCCACCATAAGGGA_010,39
CTCCATGCCACCATAAGGGA_011,66
CTCCATGCCACCATAAGGGA_012,112
CTCCATGCCACCATAAGGGA_013,26
AGCGGGGAAACCTCAACACC_001,118
AGCGGGGAAACCTCAACACC_002,133
AGCGGGGAAACCTCAACACC_003,42
AGCGGGGAAACCTCAACACC_004,103
AGCGGGGAAACCTCAACACC_005,191
AGCGGGGAAACCTCAACACC_006,179
AGCGGGGAAACCTCAACACC_007,165
AGCGGGGAAACCTCAACACC_008,2
AGCGGGGAAACCTCAACACC_009,132
AGCGGGGAAACCTCAACACC_010,29
AGCGGGGAAACCTCAACACC_011,154
AGCGGGGAAACCTCAACACC_012,41
AGCGGGGAAACCTCAACACC_013,2
AGCGGGGAAACCTCAACACC_014,126
AGCGGGGAAACCTCAACACC_015,150
GGTATGAAGACATTCTGTGA_001,30
GCACTCACGAGACAGTCTCT_001,182
GCACTCACGAGACAGTCTCT_002,132
GCACTCACGAGACAGTCTCT_003,18
GCACTCACGAGACAGTCTCT_004,35
GCACTCACGAGACAGTCTCT_005,156
GCACTCACGAGACAGTCTCT_006,162
GCACTCACGAGACAGTCTCT_007,161
GCACTCACGAGACAGTCTCT_008,124
GCACTCACGAGACAGTCTCT_009,175
GCACTCACGAGACAGTCTCT_010,158
GCACTCACGAGACAGTCTCT_011,184
GCCTTTCTTGAAACTGAACA_001,34
GCCTTTCTTGAAACTGAACA_002,166
GCCTTTCTTGAAACTGAACA_003,170
TGCCGTGGAGGAAGTGGTGA_001,139
TGCCGTGGAGGAAGTGGTGA_002,117
TGCCGTGGAGGAAGTGGTGA_003,16
TGCCGTGGAGGAAGTGGTGA_004,192
TGCCGTGGAGGAAGTGGTGA_005,90
TGCCGTGGAGGAAGTGGTGA_006,92
TGCCGTGGAGGAAGTGGTGA_007,53
TGCCGTGGAGGAAGTGGTGA_008,175
TGCCGTGGAGGAAGTGGTGA_009,11
CTCCCGAGGACTAATGCAGA_001,26
CTCCCGAGGACTAATGCAGA_002,152
CTCCCGAGGACTAATGCAGA_003,177
CAAAGCCACTGTGCTAACCA_001,137
CAAAGCCACTGTGCTAACCA_002,47
CAAAGCCACTGTGCTAACCA_003,187
CAAAGCCACTGTGCTAACCA_004,94
CAAAGCCACTGTGCTAACCA_005,130
CAAAGCCACTGTGCTAACCA_006,166
CAAAGCCACTGTGCTAACCA_007,98
GGATATTTGGGATATACCAG_001,145
GGATATTTGGGATATACCAG_002,62
TCCCGTCCGGACCCTCCAAG_001,116
TCCCGTCCGGACCCTCCAAG_002,145
TCCCGTCCGGACCCTCCAAG_003,59
TCCCGTCCGGACCCTCCAAG_004,57
TCCCGTCCGGACCCTCCAAG_005,60
TCCCGTCCGGACCCTCCAAG_006,107
TCCCGTCCGGACCCTCCAAG_007,15
TCCCGTCCGGACCCTCCAAG_008,43
TCCCGTCCGGACCCTCCAAG_009,48
TCCCGTCCGGACCCTCCAAG_010,0
TCCCGTCCGGACCCTCCAAG_011,32
TCCCGTCCGGACCCTCCAAG_012,121
TCCCGTCCGGACCCTCCAAG_013,142
TCCCGTCCGGACCCTCCAAG_014,168
TCCCGTCCGGACCCTCCAAG_015,197
TCCCGTCCGGACCCTCCAAG_016,94
TCCCGTCCGGACCCTCCAAG_017,34
TGTATATGACAATTGGCCAA_001,9
TGTATATGACAATTGGCCAA_002,146
TGTATATGACAATTGGCCAA_003,106
TGTATATGACAATTGGCCAA_004,67
TGTATATGACAATTGGCCAA_005,118
ATGTACCTCGTGATCCTGCT_001,122
ATGTACCTCGTGATCCTGCT_002,189
ATGTACCTCGTGATCCTGCT_003,114
ATGTACCTCGTGATCCTGCT_004,80
ATGTACCTCGTGATCCTGCT_005,72
ATGTACCTCGTGATCCTGCT_006,134
ATGTACCTCGTGATCCTGCT_007,68
ATGTACCTCGTGATCCTGCT_008,175
ATGTACCTCGTGATCCTGCT_009,85
ATGTACCTCGTGATCCTGCT_010,166
ATGTACCTCGTGATCCTGCT_011,168
ATGTACCTCGTGATCCTGCT_012,147
ATGTACCTCGTGATCCTGCT_013,169
ATGTACCTCGTGATCCTGCT_014,74
ATGTACCTCGTGATCCTGCT_015,44
ATGTACCTCGTGATCCTGCT_016,166
ATGTACCTCGTGATCCTGCT_017,140
ATGTACCTCGTGATCCTGCT_018,107
ATGTACCTCGTGATCCTGCT_019,20
ATGTACCTCGTGATCCTGCT_020,195
ATGTACCTCGTGATCCTGCT_021,192
ATGTACCTCGTGATCCTGCT_022,151
CTCTGATAAACACACTAGTG_001,48
CTCTGATAAACACACTAGTG_002,127
CTCTGATAAACACACTAGTG_003,199
CTCTGATAAACACACTAGTG_004,94
CTCTGATAAACACACTAGTG_005,28
CTCTGATAAACACACTAGTG_006,71
CTCTGATAAACACACTAGTG_007,19
CTCTGATAAACACACTAGTG_008,77
CTCTGATAAACACACTAGTG_009,163
GCCCCTGACATAGCCCACAC_001,58
GCCCCTGACATAGCCCACAC_002,98
GCCCCTGACATAGCCCACAC_003,94
GCCCCTGACATAGCCCACAC_004,148
GCCCCTGACATAGCCCACAC_005,174
GCCCCTGACATAGCCCACAC_006,47
GCCCCTGACATAGCCCACAC_007,191
GCCCCTGACATAGCCCACAC_008,191
GCCCCTGACATAGCCCACAC_009,70
GCCCCTGACATAGCCCACAC_010,129
GCCCCTGACATAGCCCACAC_011,134
GCCCCTGACATAGCCCACAC_012,37
GCCCCTGACATAGCCCACAC_013,34
GCCCCTGACATAGCCCACAC_014,32
GTTGAAACCTATCTCCAGGA_001,167
GTTGAAACCTATCTCCAGGA_002,36
AAGCAGCAGTGACTCGAAGT_001,122
AAGCAGCAGTGACTCGAAGT_002,163
AAGCAGCAGTGACTCGAAGT_003,147
AAGCAGCAGTGACTCGAAGT_004,8
AAGCAGCAGTGACTCGAAGT_005,105
AAGCAGCAGTGACTCGAAGT_006,42
AAGCAGCAGTGACTCGAAGT_007,160
AAGCAGCAGTGACTCGAAGT_008,129
AAGCAGCAGTGACTCGAAGT_009,79
AAGCAGCAGTGACTCGAAGT_010,135
AAGCAGCAGTGACTCGAAGT_011,132
AAGCAGCAGTGACTCGAAGT_012,147
AAGCAGCAGTGACTCGAAGT_013,111
AAGCAGCAGTGACTCGAAGT_014,183
AAGCAGCAGTGACTCGAAGT_015,188
AAGCAGCAGTGACTCGAAGT_016,3
AAGCAGCAGTGACTCGAAGT_017,182
AAGCAGCAGTGACTCGAAGT_018,140
GTACAGACCGACATGATCAA_001,106
GTACAGACCGACATGATCAA_002,49
GTACAGACCGACATGATCAA_003,100
GTACAGACCGACATGATCAA_004,55
GTACAGACCGACATGATCAA_005,199
GTACAGACCGACATGATCAA_006,182
GTACAGACCGACATGATCAA_007,198
GTACAGACCGACATGATCAA_008,84
GTACAGACCGACATGATCAA_009,199
GTACAGACCGACATGATCAA_010,55
GTACAGACCGACATGATCAA_011,168
GTACAGACCGACATGATCAA_012,173
GTACAGACCGACATGATCAA_013,173
GTACAGACCGACATGATCAA_014,105
GTACAGACCGACATGATCAA_015,132
GTACAGACCGACATGATCAA_016,123
GTACAGACCGACATGATCAA_017,140
GTACAGACCGACATGATCAA_018,0
GTACAGACCGACATGATCAA_019,130
TAAGCAATCTACGAAGACCG_001,22
TGCTATTCGAGTGCTAGTGG_001,43
TGCTATTCGAGTGCTAGTGG_002,113
TGCTATTCGAGTGCTAGTGG_003,138
TGCTATTCGAGTGCTAGTGG_004,149
TGCTATTCGAGTGCTAGTGG_005,61
TGCTATTCGAGTGCTAGTGG_006,84
TGCTATTCGAGTGCTAGTGG_007,107
TGCTATTCGAGTGCTAGTGG_008,28
TGCTATTCGAGTGCTAGTGG_009,38
GTGGGCGAGAACGTCCACTG_001,115
GTGGGCGAGAACGTCCACTG_002,108
GTGGGCGAGAACGTCCACTG_003,65
GTGGGCGAGAACGTCCACTG_004,48
GTGGGCGAGAACGTCCACTG_005,44
GTGGGCGAGAACGTCCACTG_006,81
GTGGGCGAGAACGTCCACTG_007,177
GTGGGCGAGAACGTCCACTG_008,43
GTGGGCGAGAACGTCCACTG_009,11
GTGGGCGAGAACGTCCACTG_010,40
GTGGGCGAGAACGTCCACTG_011,23
GTGGGCGAGAACGTCCACTG_012,38
GTGGGCGAGAACGTCCACTG_013,96
GTGGGCGAGAACGTCCACTG_014,94
GTGGGCGAGAACGTCCACTG_015,177
GTGGGCGAGAACGTCCACTG_016,193
GCAGGTGGACTTCCTGAACT_001,158
GCAGGTGGACTTCCTGAACT_002,169
GCAGGTGGACTTCCTGAACT_003,11
GCAGGTGGACTTCCTGAACT_004,184
GCAGGTGGACTTCCTGAACT_005,19
GCAGGTGGACTTCCTGAACT_006,3
AGCATCATCCAGACGTGCAG_001,72
AGCATCATCCAGACGTGCAG_002,107
AGCATCATCCAGACGTGCAG_003,188
AGCATCATCCAGACGTGCAG_004,12
AGCATCATCCAGACGTGCAG_005,55
AGCATCATCCAGACGTGCAG_006,78
AGCATCATCCAGACGTGCAG_007,174
AGCATCATCCAGACGTGCAG_008,43
AGCATCATCCAGACGTGCAG_009,152
AGCATCATCCAGACGTGCAG_010,149
AGCATCATCCAGACGTGCAG_011,26
AGCATCATCCAGACGTGCAG_012,26
AGCATCATCCAGACGTGCAG_013,91
AGCATCATCCAGACGTGCAG_014,71
AGCATCATCCAGACGTGCAG_015,34
AGCATCATCCAGACGTGCAG_016,138
AGCATCATCCAGACGTGCAG_017,62
AGCATCATCCAGACGTGCAG_018,124
AGCATCATCCAGACGTGCAG_019,9
AGCATCATCCAGACGTGCAG_020,135
AGCATGAAAGACGTCCGTGG_001,62
AGCATGAAAGACGTCCGTGG_002,176
AGCATGAAAGACGTCCGTGG_003,162
AGCATGAAAGACGTCCGTGG_004,72
AGCATGAAAGACGTCCGTGG_005,54
AGCATGAAAGACGTCCGTGG_006,106
AGCATGAAAGACGTCCGTGG_007,118
AGGAGCAGTAAACATAGCCA_001,190
AGGAGCAGTAAACATAGCCA_002,69
AGGAGCAGTAAACATAGCCA_003,94
AGGAGCAGTAAACATAGCCA_004,126
AGGAGCAGTAAACATAGCCA_005,61
AGGAGCAGTAAACATAGCCA_006,158
AGGAGCAGTAAACATAGCCA_007,158
AGGAGCAGTAAACATAGCCA_008,118
CACCGGATCCACCAGCTGGG_001,95
CACCGGATCCACCAGCTGGG_002,85
CACCGGATCCACCAGCTGGG_003,65
CACCGGATCCACCAGCTGGG_004,119
CACCGGATCCACCAGCTGGG_005,15
CACCGGATCCACCAGCTGGG_006,43
CACCGGATCCACCAGCTGGG_007,168
CACCGGATCCACCAGCTGGG_008,76
CACCGGATCCACCAGCTGGG_009,9
CACCGGATCCACCAGCTGGG_010,1
CACCGGATCCACCAGCTGGG_011,122
CACCGGATCCACCAGCTGGG_012,75
CACCGGATCCACCAGCTGGG_013,83
CACCGGATCCACCAGCTGGG_014,50
CACCGGATCCACCAGCTGGG_015,26
CACCGGATCCACCAGCTGGG_016,45
CACCGGATCCACCAGCTGGG_017,169
CACCGGATCCACCAGCTGGG_018,80
CACCGGATCCACCAGCTGGG_019,7
CACCGGATCCACCAGCTGGG_020,156
CACCGGATCCACCAGCTGGG_021,81
CACCGGATCCACCAGCTGGG_022,170
CACCGGATCCACCAGCTGGG_023,146
CACCGGATCCACCAGCTGGG_024,150
CACCGGATCCACCAGCTGGG_025,115
ACAGCAGCTTTCAACCCCCA_001,95
ACAGCAGCTTTCAACCCCCA_002,154
ACAGCAGCTTTCAACCCCCA_003,125
ACAGCAGCTTTCAACCCCCA_004,150
ACAGCAGCTTTCAACCCCCA_005,46
ACAGCAGCTTTCAACCCCCA_006,16
ACAGCAGCTTTCAACCCCCA_007,182
ACAGCAGCTTTCAACCCCCA_008,112
ACAGCAGCTTTCAACCCCCA_009,16
ACAGCAGCTTTCAACCCCCA_010,147
ACAGCAGCTTTCAACCCCCA_011,140
ACAGCAGCTTTCAACCCCCA_012,140
ACAGCAGCTTTCAACCCCCA_013,101
ACAGCAGCTTTCAACCCCCA_014,13
ACAGCAGCTTTCAACCCCCA_015,74
ACAGCAGCTTTCAACCCCCA_016,12
TATGGCAGGAGCCAGTCTTG_001,65
TATGGCAGGAGCCAGTCTTG_002,4
TATGGCAGGAGCCAGTCTTG_003,161
TATGGCAGGAGCCAGTCTTG_004,117
TATGGCAGGAGCCAGTCTTG_005,8
TATGGCAGGAGCCAGTCTTG_006,145
ATCTCGAGCCACAAGAACTG_001,19
ATCTCGAGCCACAAGAACTG_002,172
ATCTCGAGCCACAAGAACTG_003,23
ATCTCGAGCCACAAGAACTG_004,4
ATCTCGAGCCACAAGAACTG_005,196
ATCTCGAGCCACAAGAACTG_006,63
ATCTCGAGCCACAAGAACTG_007,65
ATCTCGAGCCACAAGAACTG_008,44
ATCTCGAGCCACAAGAACTG_009,14
ATCTCGAGCCACAAGAACTG_010,147
ATCTCGAGCCACAAGAACTG_011,137
ATCTCGAGCCACAAGAACTG_012,46
ATCTCGAGCCACAAGAACTG_013,77
ATCTCGAGCCACAAGAACTG_014,175
ATCTCGAGCCACAAGAACTG_015,169
ATCTCGAGCCACAAGAACTG_016,129
ATCTCGAGCCACAAGAACTG_017,173
ATCTCGAGCCACAAGAACTG_018,171
ATCTCGAGCCACAAGAACTG_019,8
ATCTCGAGCCACAAGAACTG_020,147
ATCTCGAGCCACAAGAACTG_021,191
ATCTCGAGCCACAAGAACTG_022,67
ATCTCGAGCCACAAGAACTG_023,29
ATCTCGAGCCACAAGAACTG_024,29
ATCTCGAGCCACAAGAACTG_025,1
ATCTCGAGCCACAAGAACTG_026,16
ATCTCGAGCCACAAGAACTG_027,38
ATCTCGAGCCACAAGAACTG_028,191
ATCTCGAGCCACAAGAACTG_029,177
GGCCGGAGTCGCCGCCCTCC_001,142
GGCCGGAGTCGCCGCCCTCC_002,197
GGCCGGAGTCGCCGCCCTCC_003,42
GGCCGGAGTCGCCGCCCTCC_004,48
GGCCGGAGTCGCCGCCCTCC_005,184
GGCCGGAGTCGCCGCCCTCC_006,145
GGCCGGAGTCGCCGCCCTCC_007,57
GGCCGGAGTCGCCGCCCTCC_008,9
GGCCGGAGTCGCCGCCCTCC_009,74
GGCCGGAGTCGCCGCCCTCC_010,134
GGCCGGAGTCGCCGCCCTCC_011,31
GGCCGGAGTCGCCGCCCTCC_012,76
GGCCGGAGTCGCCGCCCTCC_013,36
GGCCGGAGTCGCCGCCCTCC_014,1
GGCCGGAGTCGCCGCCCTCC_015,144
GGCCGGAGTCGCCGCCCTCC_016,56
GGCCGGAGTCGCCGCCCTCC_017,88
GGCCGGAGTCGCCGCCCTCC_018,96
GGCCGGAGTCGCCGCCCTCC_019,4
GGCCGGAGTCGCCGCCCTCC_020,63
GGCCGGAGTCGCCGCCCTCC_021,106
GGCCGGAGTCGCCGCCCTCC_022,96
AAGTGCTGTTCGATTCACAC_001,76
AAGTGCTGTTCGATTCACAC_002,23
AAGTGCTGTTCGATTCACAC_003,40
AAGTGCTGTTCGATTCACAC_004,11
AAGTGCTGTTCGATTCACAC_005,185
AAGTGCTGTTCGATTCACAC_006,76
AAGTGCTGTTCGATTCACAC_007,82
AAGTGCTGTTCGATTCACAC_008,158
AAGTGCTGTTCGATTCACAC_009,151
AAGTGCTGTTCGATTCACAC_010,49
AAGTGCTGTTCGATTCACAC_011,134
AAGTGCTGTTCGATTCACAC_012,82
AAGTGCTGTTCGATTCACAC_013,187
AAGTGCTGTTCGATTCACAC_014,197
AAGTGCTGTTCGATTCACAC_015,170
AAGTGCTGTTCGATTCACAC_016,26
AAGTGCTGTTCGATTCACAC_017,149
AAGTGCTGTTCGATTCACAC_018,127
AAGTGCTGTTCGATTCACAC_019,159
AAGTGCTGTTCGATTCACAC_020,34
AAGTGCTGTTCGATTCACAC_021,35
AAGTGCTGTTCGATTCACAC_022,124
AAGTGCTGTTCGATTCACAC_023,146
AAGTGCTGTTCGATTCACAC_024,138
AAGTGCTGTTCGATTCACAC_025,106
GGAGGTGACAAAGCTAAGGA_001,100
GGAGGTGACAAAGCTAAGGA_002,29
GGAGGTGACAAAGCTAAGGA_003,28
GGAGGTGACAAAGCTAAGGA_004,39
TGGAGATCTATATGCCACCG_001,140
TGGAGATCTATATGCCACCG_002,187
TGGAGATCTATATGCCACCG_003,72
TGGAGATCTATATGCCACCG_004,160
TGGAGATCTATATGCCACCG_005,151
AAAACTCTGACTATTTCGCA_001,16
CAATGTATTCACCAGATACG_001,116
CAATGTATTCACCAGATACG_002,58
CAATGTATTCACCAGATACG_003,41
CAATGTATTCACCAGATACG_004,111
CAATGTATTCACCAGATACG_005,88
CAATGTATTCACCAGATACG_006,37
CAATGTATTCACCAGATACG_007,2
CAATGTATTCACCAGATACG_008,144
CAATGTATTCACCAGATACG_009,48
CAATGTATTCACCAGATACG_010,70
GCCTGGAGCGATTTCTCCCG_001,107
GCCTGGAGCGATTTCTCCCG_002,82
GCCTGGAGCGATTTCTCCCG_003,28
GCCTGGAGCGATTTCTCCCG_004,98
GCCTGGAGCGATTTCTCCCG_005,13
TGCCAAATACAACCCTATTG_001,55
GATGCACATAAAAGAACCCG_001,62
GATGCACATAAAAGAACCCG_002,74
GATGCACATAAAAGAACCCG_003,116
GGGTCACGCTCTTGCGCACG_001,198
GGGTCACGCTCTTGCGCACG_002,48
GGGTCACGCTCTTGCGCACG_003,115
GGGTCACGCTCTTGCGCACG_004,69
GGAACTAGAACGGGACAAGA_001,95
GGAACTAGAACGGGACAAGA_002,54
GCACTTGAGCAGCCACAGCG_001,168
GCACTTGAGCAGCCACAGCG_002,91
GCACTTGAGCAGCCACAGCG_003,50
GCACTTGAGCAGCCACAGCG_004,15
GCACTTGAGCAGCCACAGCG_005,131
GCACTTGAGCAGCCACAGCG_006,148
CCAACAATGAGACCTACTGC_001,174
CCAACAATGAGACCTACTGC_002,185
CCAACAATGAGACCTACTGC_003,130
GAAATAGCAGCAATTACACA_001,56
GAAATAGCAGCAATTACACA_002,28
GAAATAGCAGCAATTACACA_003,82
GAAATAGCAGCAATTACACA_004,117
GAAATAGCAGCAATTACACA_005,168
GAAATAGCAGCAATTACACA_006,81
GAAATAGCAGCAATTACACA_007,77
GCTCCCCCCTCCGTACGAGG_001,177
GCTCCCCCCTCCGTACGAGG_002,175
GCTCCCCCCTCCGTACGAGG_003,106
GCTCCCCCCTCCGTACGAGG_004,67
GCTCCCCCCTCCGTACGAGG_005,30
GCTCCCCCCTCCGTACGAGG_006,177
GCTCCCCCCTCCGTACGAGG_007,165
GCTCCCCCCTCCGTACGAGG_008,89
GCTCCCCCCTCCGTACGAGG_009,52
GCTCCCCCCTCCGTACGAGG_010,69
GCTCCCCCCTCCGTACGAGG_011,190
GCTCCCCCCTCCGTACGAGG_012,46
GCTCCCCCCTCCGTACGAGG_013,104
GCTCCCCCCTCCGTACGAGG_014,63
GCTCCCCCCTCCGTACGAGG_015,135
GCTCCCCCCTCCGTACGAGG_016,136
GCTCCCCCCTCCGTACGAGG_017,33
ACGCTTCAACACGTAGACCT_001,7
ACGCTTCAACACGTAGACCT_002,27
ACGCTTCAACACGTAGACCT_003,147
ACGCTTCAACACGTAGACCT_004,12
ACGCTTCAACACGTAGACCT_005,62
ACGCTTCAACACGTAGACCT_006,17
ACGCTTCAACACGTAGACCT_007,191
ACGCTTCAACACGTAGACCT_008,42
ACGCTTCAACACGTAGACCT_009,42
ACGCTTCAACACGTAGACCT_010,155
ACGCTTCAACACGTAGACCT_011,44
ACGCTTCAACACGTAGACCT_012,121
ACGCTTCAACACGTAGACCT_013,78
ACGCTTCAACACGTAGACCT_014,164
ACGCTTCAACACGTAGACCT_015,5
ACGCTTCAACACGTAGACCT_016,4
ACGCTTCAACACGTAGACCT_017,132
ACGCTTCAACACGTAGACCT_018,192
ACGCTTCAACACGTAGACCT_019,1
ACGCTTCAACACGTAGACCT_020,49
ACGCTTCAACACGTAGACCT_021,138
ACGCTTCAACACGTAGACCT_022,62
ACGCTTCAACACGTAGACCT_023,94
ACGCTTCAACACGTAGACCT_024,120
ACGCTTCAACACGTAGACCT_025,176
ACGCTTCAACACGTAGACCT_026,36
CTTTCGGCACAAGCTCAGCT_001,12
CTTTCGGCACAAGCTCAGCT_002,115
CTTTCGGCACAAGCTCAGCT_003,125
CTTTCGGCACAAGCTCAGCT_004,27
CTTTCGGCACAAGCTCAGCT_005,29
CTTTCGGCACAAGCTCAGCT_006,3
CTTTCGGCACAAGCTCAGCT_007,181
CTTTCGGCACAAGCTCAGCT_008,176
CTTTCGGCACAAGCTCAGCT_009,176
CTTTCGGCACAAGCTCAGCT_010,26
CTTTCGGCACAAGCTCAGCT_011,36
CTTTCGGCACAAGCTCAGCT_012,179
CTTTCGGCACAAGCTCAGCT_013,7
CTTTCGGCACAAGCTCAGCT_014,23
CTTTCGGCACAAGCTCAGCT_015,131
CTTTCGGCACAAGCTCAGCT_016,15
CTTTCGGCACAAGCTCAGCT_017,63
CTTTCGGCACAAGCTCAGCT_018,60
CTTTCGGCACAAGCTCAGCT_019,199
CTTTCGGCACAAGCTCAGCT_020,136
CTTTCGGCACAAGCTCAGCT_021,17
CTTTCGGCACAAGCTCAGCT_022,119
CTTTCGGCACAAGCTCAGCT_023,85
CTTTCGGCACAAGCTCAGCT_024,21
GCAAGTCAAGTCCCTGTCGT_001,1
GCAAGTCAAGTCCCTGTCGT_002,77
GCAAGTCAAGTCCCTGTCGT_003,49
GCAAGTCAAGTCCCTGTCGT_004,71
GCAAGTCAAGTCCCTGTCGT_005,194
GCAAGTCAAGTCCCTGTCGT_006,27
GCAAGTCAAGTCCCTGTCGT_007,91
GCAAGTCAAGTCCCTGTCGT_008,170
TTGTTGAGCAGCCAGCAAGT_001,19
TTGTTGAGCAGCCAGCAAGT_002,77
TTGTTGAGCAGCCAGCAAGT_003,37
TTGTTGAGCAGCCAGCAAGT_004,181
TTGTTGAGCAGCCAGCAAGT_005,199
TTGTTGAGCAGCCAGCAAGT_006,3
TTGTTGAGCAGCCAGCAAGT_007,54
TTGTTGAGCAGCCAGCAAGT_008,57
TTGTTGAGCAGCCAGCAAGT_009,127
TTGTTGAGCAGCCAGCAAGT_010,194
TTGTTGAGCAGCCAGCAAGT_011,145
TTGTTGAGCAGCCAGCAAGT_012,113
TTGTTGAGCAGCCAGCAAGT_013,177
TTGTTGAGCAGCCAGCAAGT_014,44
TTGTTGAGCAGCCAGCAAGT_015,137
TTGTTGAGCAGCCAGCAAGT_016,58
TTGTTGAGCAGCCAGCAAGT_017,197
TTGTTGAGCAGCCAGCAAGT_018,67
GTTTCGTTTCGGGTAACAGG_001,150
GTTTCGTTTCGGGTAACAGG_002,169
GTTTCGTTTCGGGTAACAGG_003,138
GTTTCGTTTCGGGTAACAGG_004,94
CCACAGTCGCCACATGCGTA_001,150
CCACAGTCGCCACATGCGTA_002,191
CCACAGTCGCCACATGCGTA_003,92
CCACAGTCGCCACATGCGTA_004,116
CCACAGTCGCCACATGCGTA_005,154
CCACAGTCGCCACATGCGTA_006,65
CCACAGTCGCCACATGCGTA_007,42
CCACAGTCGCCACATGCGTA_008,105
CCACAGTCGCCACATGCGTA_009,134
CCACAGTCGCCACATGCGTA_010,16
CCACAGTCGCCACATGCGTA_011,186
CCACAGTCGCCACATGCGTA_012,197
CCACAGTCGCCACATGCGTA_013,160
CCACAGTCGCCACATGCGTA_014,163
CCACAGTCGCCACATGCGTA_015,162
CCACAGTCGCCACATGCGTA_016,84
CCACAGTCGCCACATGCGTA_017,93
CCACAGTCGCCACATGCGTA_018,148
CCACAGTCGCCACATGCGTA_019,100
CCACAGTCGCCACATGCGTA_020,8
CCACAGTCGCCACATGCGTA_021,166
CCACAGTCGCCACATGCGTA_022,83
CCACAGTCGCCACATGCGTA_023,147
CCACAGTCGCCACATGCGTA_024,25
CCACAGTCGCCACATGCGTA_025,104
CCACAGTCGCCACATGCGTA_026,171
CCACAGTCGCCACATGCGTA_027,170
CCACAGTCGCCACATGCGTA_028,77
CCACAGTCGCCACATGCGTA_029,66
CCACAGTCGCCACATGCGTA_030,99
CCACAGTCGCCACATGCGTA_031,43
CCACAGTCGCCACATGCGTA_032,128
CCACAGTCGCCACATGCGTA_033,184
CCACAGTCGCCACATGCGTA_034,31
CCACAGTCGCCACATGCGTA_035,150
CCACAGTCGCCACATGCGTA_036,63
CCACAGTCGCCACATGCGTA_037,106
CCACAGTCGCCACATGCGTA_038,103
CCACAGTCGCCACATGCGTA_039,55
CCACAGTCGCCACATGCGTA_040,15
CCACAGTCGCCACATGCGTA_041,196
CCACAGTCGCCACATGCGTA_042,70
CAAGGAGAAGCTTATTCGTG_001,62
CAAGGAGAAGCTTATTCGTG_002,64
CAAGGAGAAGCTTATTCGTG_003,174
CAAGGAGAAGCTTATTCGTG_004,2
CAAGGAGAAGCTTATTCGTG_005,1
CAAGGCACTAAAGAGAAGTG_001,81
CAAGGCACTAAAGAGAAGTG_002,32
CAAGGCACTAAAGAGAAGTG_003,57
CAAGGCACTAAAGAGAAGTG_004,6
CAAGGCACTAAAGAGAAGTG_005,47
CAAGGCACTAAAGAGAAGTG_006,69
CAAGGCACTAAAGAGAAGTG_007,145
CAAGGCACTAAAGAGAAGTG_008,47
CAAGGCACTAAAGAGAAGTG_009,111
CAAGGCACTAAAGAGAAGTG_010,75
CAAGGCACTAAAGAGAAGTG_011,90
CAAGGCACTAAAGAGAAGTG_012,148
CAAGGCACTAAAGAGAAGTG_013,68
CAAGGCACTAAAGAGAAGTG_014,76
CAAGGCACTAAAGAGAAGTG_015,198
CAGTTAGTGATTGTCAAGTG_001,45
CAGTTAGTGATTGTCAAGTG_002,136
CCACCACAAACACTATGGAT_001,85
CCACCACAAACACTATGGAT_002,174
CCAGACCCATTACCCCGGTG_001,86
CCAGACCCATTACCCCGGTG_002,169
CCAGACCCATTACCCCGGTG_003,168
CCAGACCCATTACCCCGGTG_004,26
GTCCGCAGACCATGTTACAT_001,187
GTCCGCAGACCATGTTACAT_002,190
GTCCGCAGACCATGTTACAT_003,137
GTCCGCAGACCATGTTACAT_004,192
GTGTACTACAAGCTTGAGGG_001,56
GTGTACTACAAGCTTGAGGG_002,142
GTGTACTACAAGCTTGAGGG_003,152
GTGTACTACAAGCTTGAGGG_004,95
GTGTACTACAAGCTTGAGGG_005,23
GTGTACTACAAGCTTGAGGG_006,151
GTGTACTACAAGCTTGAGGG_007,43
GTGTACTACAAGCTTGAGGG_008,27
GTGTACTACAAGCTTGAGGG_009,101
GTGTACTACAAGCTTGAGGG_010,34
GTGTACTACAAGCTTGAGGG_011,33
GTGTACTACAAGCTTGAGGG_012,16
GTGTACTACAAGCTTGAGGG_013,127
GTGTACTACAAGCTTGAGGG_014,72
GTGTACTACAAGCTTGAGGG_015,4
GTGTACTACAAGCTTGAGGG_016,68
GGTGGATTTCTACACTGACA_001,56
GGTGGATTTCTACACTGACA_002,143
TGAGTTTAATAAAGCACACG_001,22
TGAGTTTAATAAAGCACACG_002,125
TGAGTTTAATAAAGCACACG_003,58
GGTGGCCACACGTCACACAG_001,28
GGTGGCCACACGTCACACAG_002,123
GGTGGCCACACGTCACACAG_003,12
GGTGGCCACACGTCACACAG_004,178
GGTGGCCACACGTCACACAG_005,94
GGTGGCCACACGTCACACAG_006,96
GGTGGCCACACGTCACACAG_007,162
GGTGGCCACACGTCACACAG_008,77
GGTGGCCACACGTCACACAG_009,134
GGTGGCCACACGTCACACAG_010,94
GGTGGCCACACGTCACACAG_011,127
GGTGGCCACACGTCACACAG_012,96
GGTGGCCACACGTCACACAG_013,2
GGTGGCCACACGTCACACAG_014,75
GGTGGCCACACGTCACACAG_015,80
GGTGGCCACACGTCACACAG_016,160
GGTGGCCACACGTCACACAG_017,11
GGTGGCCACACGTCACACAG_018,140
GGTGGCCACACGTCACACAG_019,23
GGTGGCCACACGTCACACAG_020,36
GGTGGCCACACGTCACACAG_021,91
CTGGCTCATGGCCCCCGCGG_001,144
CTGGCTCATGGCCCCCGCGG_002,97
CTGGCTCATGGCCCCCGCGG_003,85
GCAGTAGATGACGAATGTTG_001,24
CTTGACAGCATACTCCATGT_001,162
CAGGTTCAGACAAACCGGAA_001,63
CAGGTTCAGACAAACCGGAA_002,106
CAGGTTCAGACAAACCGGAA_003,81
CAGGTTCAGACAAACCGGAA_004,40
CAGGTTCAGACAAACCGGAA_005,198
CAGGTTCAGACAAACCGGAA_006,67
CAGGTTCAGACAAACCGGAA_007,125
GTGTACTGCTTGCCTTGACG_001,48
GTGTACTGCTTGCCTTGACG_002,103
GTGTACTGCTTGCCTTGACG_003,66
GTGTACTGCTTGCCTTGACG_004,52
TGGACAAGAACCCACCGCAG_001,2
TGGACAAGAACCCACCGCAG_002,89
TGGACAAGAACCCACCGCAG_003,160
TGGACAAGAACCCACCGCAG_004,169
TGGACAAGAACCCACCGCAG_005,171
TGGACAAGAACCCACCGCAG_006,88
TGGACAAGAACCCACCGCAG_007,188
TGGACAAGAACCCACCGCAG_008,134
TGGACAAGAACCCACCGCAG_009,147
TGGACAAGAACCCACCGCAG_010,77
TGGACAAGAACCCACCGCAG_011,117
TGGACAAGAACCCACCGCAG_012,182
TGGACAAGAACCCACCGCAG_013,121
TGGACAAGAACCCACCGCAG_014,42
TGGACAAGAACCCACCGCAG_015,196
TGGACAAGAACCCACCGCAG_016,152
CTGCCCCACAAAACCAAGCG_001,29
CTGCCCCACAAAACCAAGCG_002,48
CTGCCCCACAAAACCAAGCG_003,102
CTGCCCCACAAAACCAAGCG_004,96
CTGCCCCACAAAACCAAGCG_005,65
CTGCCCCACAAAACCAAGCG_006,156
CTGCCCCACAAAACCAAGCG_007,127
CTGCCCCACAAAACCAAGCG_008,162
CTGCCCCACAAAACCAAGCG_009,38
CTGCCCCACAAAACCAAGCG_010,52
AGAGTGCAGATTTCCATAAG_001,73
AGAGTGCAGATTTCCATAAG_002,50
AGAGTGCAGATTTCCATAAG_003,104
AGAGTGCAGATTTCCATAAG_004,72
AGAGTGCAGATTTCCATAAG_005,3
AGAGTGCAGATTTCCATAAG_006,10
GGTGCTGTGCTATTCGATCG_001,144
GGTGCTGTGCTATTCGATCG_002,9
GGTGCTGTGCTATTCGATCG_003,114
GGTGCTGTGCTATTCGATCG_004,64
GGTGCTGTGCTATTCGATCG_005,148
GGTGCTGTGCTATTCGATCG_006,170
GGTGCTGTGCTATTCGATCG_007,35
AATGGTCCCACGTAGAACAT_001,41
AATGGTCCCACGTAGAACAT_002,193
AATGGTCCCACGTAGAACAT_003,64
AATGGTCCCACGTAGAACAT_004,128
AATGGTCCCACGTAGAACAT_005,80
AATGGTCCCACGTAGAACAT_006,66
GTGGAGTTCAGGAGCAAGGG_001,134
GTGGAGTTCAGGAGCAAGGG_002,150
GTGGAGTTCAGGAGCAAGGG_003,199
GTGGAGTTCAGGAGCAAGGG_004,81
GTGGAGTTCAGGAGCAAGGG_005,144
GTGGAGTTCAGGAGCAAGGG_006,144
GTGGAGTTCAGGAGCAAGGG_007,133
ATTCCCGCGAGCCTTGCCCC_001,9
GAAGCAGAGAAACACCAACA_001,15
GAAGCAGAGAAACACCAACA_002,41
GAAGCAGAGAAACACCAACA_003,12
GAAGCAGAGAAACACCAACA_004,115
GAAGCAGAGAAACACCAACA_005,113
GAAGCAGAGAAACACCAACA_006,144
GAAGCAGAGAAACACCAACA_007,9
GAAGCAGAGAAACACCAACA_008,114
GAAGCAGAGAAACACCAACA_009,34
GAAGCAGAGAAACACCAACA_010,122
GAAGCAGAGAAACACCAACA_011,175
GAAGCAGAGAAACACCAACA_012,175
GAAGCAGAGAAACACCAACA_013,168
GAAGCAGAGAAACACCAACA_014,124
GAAGCAGAGAAACACCAACA_015,30
TAGAATATCTACCTGAACAC_001,47
TAGAATATCTACCTGAACAC_002,158
TAGAATATCTACCTGAACAC_003,91
TAGAATATCTACCTGAACAC_004,36
TAGAATATCTACCTGAACAC_005,2
TAGAATATCTACCTGAACAC_006,136
ACTTACATGATCAACCACGT_001,50
ACTTACATGATCAACCACGT_002,42
ACTTACATGATCAACCACGT_003,17
ACTTACATGATCAACCACGT_004,125
ACTTACATGATCAACCACGT_005,188
ACTTACATGATCAACCACGT_006,77
GAACTGCATGAGTCTGACCT_001,154
GAACTGCATGAGTCTGACCT_002,153
GAACTGCATGAGTCTGACCT_003,82
GAACTGCATGAGTCTGACCT_004,117
GAACTGCATGAGTCTGACCT_005,41
GAACTGCATGAGTCTGACCT_006,43
GAACTGCATGAGTCTGACCT_007,76
GAACTGCATGAGTCTGACCT_008,62
GAACTGCATGAGTCTGACCT_009,107
GAACTGCATGAGTCTGACCT_010,92
GAACTGCATGAGTCTGACCT_011,104
GAACTGCATGAGTCTGACCT_012,115
ACAGAGCCATACTAAATCGT_001,56
ACAGAGCCATACTAAATCGT_002,75
ACAGAGCCATACTAAATCGT_003,2
ACAGAGCCATACTAAATCGT_004,199
ACAGAGCCATACTAAATCGT_005,143
ACAGAGCCATACTAAATCGT_006,103
ACAGAGCCATACTAAATCGT_007,102
ACAGAGCCATACTAAATCGT_008,126
ACAGAGCCATACTAAATCGT_009,137
TCCACCAAGGCATTGCTCGG_001,193
TCCACCAAGGCATTGCTCGG_002,137
TCCACCAAGGCATTGCTCGG_003,118
TCCACCAAGGCATTGCTCGG_004,115
TCCACCAAGGCATTGCTCGG_005,29
TCCACCAAGGCATTGCTCGG_006,168
TCCACCAAGGCATTGCTCGG_007,158
TCCACCAAGGCATTGCTCGG_008,102
TCCACCAAGGCATTGCTCGG_009,72
TCCACCAAGGCATTGCTCGG_010,65
TGGGACTTTCATGATCCCCG_001,91
AAGGCCAGACTTCGACGACA_001,158
AAGGCCAGACTTCGACGACA_002,161
TTTCATGGACAAGTACTACC_001,59
TTTCATGGACAAGTACTACC_002,3
TTTCATGGACAAGTACTACC_003,52
TTTCATGGACAAGTACTACC_004,118
TTCCACTTCAAAGTTCACCA_001,61
TTCCACTTCAAAGTTCACCA_002,170
TTCCACTTCAAAGTTCACCA_003,51
TTCCACTTCAAAGTTCACCA_004,70
TTCCACTTCAAAGTTCACCA_005,69
AGGAGCTGCTCTACTCACTG_001,115
AGGAGCTGCTCTACTCACTG_002,147
AGGAGCTGCTCTACTCACTG_003,96
AGGAGCTGCTCTACTCACTG_004,0
AGGAGCTGCTCTACTCACTG_005,58
AGGAGCTGCTCTACTCACTG_006,172
AGGAGCTGCTCTACTCACTG_007,122
AGGAGCTGCTCTACTCACTG_008,17
AGGAGCTGCTCTACTCACTG_009,44
AGGAGCTGCTCTACTCACTG_010,116
AGGAGCTGCTCTACTCACTG_011,2
AGGAGCTGCTCTACTCACTG_012,65
AGGAGCTGCTCTACTCACTG_013,87
AGGAGCTGCTCTACTCACTG_014,87
AGGAGCTGCTCTACTCACTG_015,170
AGGAGCTGCTCTACTCACTG_016,80
AGGAGCTGCTCTACTCACTG_017,191
AGGAGCTGCTCTACTCACTG_018,34
AGGAGCTGCTCTACTCACTG_019,172
AGGAGCTGCTCTACTCACTG_020,69
AGGAGCTGCTCTACTCACTG_021,191
AGGAGCTGCTCTACTCACTG_022,144
AGGAGCTGCTCTACTCACTG_023,127
AGGAGCTGCTCTACTCACTG_024,19
AGGAGCTGCTCTACTCACTG_025,124
AGGAGCTGCTCTACTCACTG_026,88
CCGGCCCAGCGTAGAAAGGG_001,169
CCGGCCCAGCGTAGAAAGGG_002,60
CCGGCCCAGCGTAGAAAGGG_003,176
CCGGCCCAGCGTAGAAAGGG_004,64
CCGGCCCAGCGTAGAAAGGG_005,148
CCGGCCCAGCGTAGAAAGGG_006,11
CCGGCCCAGCGTAGAAAGGG_007,76
CCGGCCCAGCGTAGAAAGGG_008,162
CCGGCCCAGCGTAGAAAGGG_009,32
CCGGCCCAGCGTAGAAAGGG_010,104
CCGGCCCAGCGTAGAAAGGG_011,129
CCGGCCCAGCGTAGAAAGGG_012,58
CCGGCCCAGCGTAGAAAGGG_013,171
CCGGCCCAGCGTAGAAAGGG_014,190
CCGGCCCAGCGTAGAAAGGG_015,109
CCGGCCCAGCGTAGAAAGGG_016,109
CCGGCCCAGCGTAGAAAGGG_017,122
CCGGCCCAGCGTAGAAAGGG_018,110
CCGGCCCAGCGTAGAAAGGG_019,9
CCGGCCCAGCGTAGAAAGGG_020,94
CCGGCCCAGCGTAGAAAGGG_021,91
CCGGCCCAGCGTAGAAAGGG_022,162
CCGGCCCAGCGTAGAAAGGG_023,17
CCGGCCCAGCGTAGAAAGGG_024,157
CCGGCCCAGCGTAGAAAGGG_025,91
CCGGCCCAGCGTAGAAAGGG_026,9
CCGGCCCAGCGTAGAAAGGG_027,43
CCGGCCCAGCGTAGAAAGGG_028,48
CCGGCCCAGCGTAGAAAGGG_029,16
CCGGCCCAGCGTAGAAAGGG_030,59
CCGGCCCAGCGTAGAAAGGG_031,35
TTTGGGCCTTAGCCCTCACA_001,170
TTTGGGCCTTAGCCCTCACA_002,188
TTTGGGCCTTAGCCCTCACA_003,34
TTTGGGCCTTAGCCCTCACA_004,148
TTTGGGCCTTAGCCCTCACA_005,86
TTTGGGCCTTAGCCCTCACA_006,19
TTTGGGCCTTAGCCCTCACA_007,52
GCAACAGTGATGAGAGAGCG_001,160
GCAACAGTGATGAGAGAGCG_002,147
GCAACAGTGATGAGAGAGCG_003,93
GCAACAGTGATGAGAGAGCG_004,56
GGGTATACAGAAATGTCCAG_001,151
GGGTATACAGAAATGTCCAG_002,94
GGGTATACAGAAATGTCCAG_003,162
GGGTATACAGAAATGTCCAG_004,16
GGGTATACAGAAATGTCCAG_005,101
GGGTATACAGAAATGTCCAG_006,28
CATCAGCTAATAATCCATCT_001,12
CATCAGCTAATAATCCATCT_002,148
CATCAGCTAATAATCCATCT_003,184
CCGAGGACTCAATACCACCC_001,178
CCGAGGACTCAATACCACCC_002,191
GGGTCCACCTGGTCAAAAAG_001,181
GGGTCCACCTGGTCAAAAAG_002,129
GGGTCCACCTGGTCAAAAAG_003,87
TTATGTTGCTGGATGCTGAG_001,65
TTATGTTGCTGGATGCTGAG_002,68
TTATGTTGCTGGATGCTGAG_003,144
TTATGTTGCTGGATGCTGAG_004,84
TTATGTTGCTGGATGCTGAG_005,145
CGATGTGACACCATATACCA_001,50
CGATGTGACACCATATACCA_002,78
CGATGTGACACCATATACCA_003,181
CGATGTGACACCATATACCA_004,169
CGATGTGACACCATATACCA_005,103
CGATGTGACACCATATACCA_006,192
CGATGTGACACCATATACCA_007,83
CGATGTGACACCATATACCA_008,140
CGATGTGACACCATATACCA_009,94
CGATGTGACACCATATACCA_010,119
CGATGTGACACCATATACCA_011,193
AATGTTCGCCATGAAAACTA_001,132
AATGTTCGCCATGAAAACTA_002,4
AATGTTCGCCATGAAAACTA_003,162
AATGTTCGCCATGAAAACTA_004,130
AATGTTCGCCATGAAAACTA_005,130
AATGTTCGCCATGAAAACTA_006,43
GAATCGACGTAATTCCAGTG_001,106
TGAAGGCGTCCTCTGAGAAG_001,88
TGAAGGCGTCCTCTGAGAAG_002,154
TGAAGGCGTCCTCTGAGAAG_003,62
TGAAGGCGTCCTCTGAGAAG_004,122
TGAAGGCGTCCTCTGAGAAG_005,144
TGAAGGCGTCCTCTGAGAAG_006,108
TGAAGGCGTCCTCTGAGAAG_007,107
TGAAGGCGTCCTCTGAGAAG_008,153
TGAAGGCGTCCTCTGAGAAG_009,101
ACTCATTCCTGCCTATCACC_001,32
ACTCATTCCTGCCTATCACC_002,133
ACTCATTCCTGCCTATCACC_003,102
ACTCATTCCTGCCTATCACC_004,192
ACTCATTCCTGCCTATCACC_005,9
ACTCATTCCTGCCTATCACC_006,98
ACTCATTCCTGCCTATCACC_007,95
ACTCATTCCTGCCTATCACC_008,33
ACTCATTCCTGCCTATCACC_009,61
GGCATGCTGATTATCGTGCT_001,118
GGCATGCTGATTATCGTGCT_002,112
GGCATGCTGATTATCGTGCT_003,142
GGCATGCTGATTATCGTGCT_004,10
GGCATGCTGATTATCGTGCT_005,166
AGATGGCAAGGACCAATCTG_001,78
AGATGGCAAGGACCAATCTG_002,105
AGATGGCAAGGACCAATCTG_003,149
AGATGGCAAGGACCAATCTG_004,184
AGATGGCAAGGACCAATCTG_005,43
AGATGGCAAGGACCAATCTG_006,103
AGATGGCAAGGACCAATCTG_007,1
AGATGGCAAGGACCAATCTG_008,50
AGATGGCAAGGACCAATCTG_009,38
AGATGGCAAGGACCAATCTG_010,146
AGATGGCAAGGACCAATCTG_011,16
AGATGGCAAGGACCAATCTG_012,144
AGATGGCAAGGACCAATCTG_013,101
AGATGGCAAGGACCAATCTG_014,22
AGATGGCAAGGACCAATCTG_015,174
AGATGGCAAGGACCAATCTG_016,168
AGATGGCAAGGACCAATCTG_017,134
AGATGGCAAGGACCAATCTG_018,15
AGATGGCAAGGACCAATCTG_019,191
AGATGGCAAGGACCAATCTG_020,174
AGATGGCAAGGACCAATCTG_021,138
AGATGGCAAGGACCAATCTG_022,56
AGATGGCAAGGACCAATCTG_023,5
AGATGGCAAGGACCAATCTG_024,106
AGATGGCAAGGACCAATCTG_025,17
AGATGGCAAGGACCAATCTG_026,130
AGATGGCAAGGACCAATCTG_027,78
CTGGGAACGTCCTCGCGAGG_001,50
CTGGGAACGTCCTCGCGAGG_002,52
CTGGGAACGTCCTCGCGAGG_003,100
CTGGGAACGTCCTCGCGAGG_004,159
CTGGGAACGTCCTCGCGAGG_005,108
CTGGGAACGTCCTCGCGAGG_006,47
CTGGGAACGTCCTCGCGAGG_007,43
CTGGGAACGTCCTCGCGAGG_008,30
CTGGGAACGTCCTCGCGAGG_009,145
CTGGGAACGTCCTCGCGAGG_010,113
CTGGGAACGTCCTCGCGAGG_011,10
CTGGGAACGTCCTCGCGAGG_012,78
CTGGGAACGTCCTCGCGAGG_013,62
CTGGGAACGTCCTCGCGAGG_014,87
GTTACACAGCCCACCACCTG_001,172
GTTACACAGCCCACCACCTG_002,175
GTTACACAGCCCACCACCTG_003,137
GTTACACAGCCCACCACCTG_004,188
GTTACACAGCCCACCACCTG_005,118
GTTACACAGCCCACCACCTG_006,156
GTTACACAGCCCACCACCTG_007,34
GTTACACAGCCCACCACCTG_008,43
GTTACACAGCCCACCACCTG_009,133
GTTACACAGCCCACCACCTG_010,149
GTTACACAGCCCACCACCTG_011,199
GTTACACAGCCCACCACCTG_012,92
GTTACACAGCCCACCACCTG_013,113
GTTACACAGCCCACCACCTG_014,177
GTTACACAGCCCACCACCTG_015,27
GTTACACAGCCCACCACCTG_016,49
GTTACACAGCCCACCACCTG_017,107
GTTACACAGCCCACCACCTG_018,152
GTTACACAGCCCACCACCTG_019,146
GTTACACAGCCCACCACCTG_020,141
GTTACACAGCCCACCACCTG_021,87
GTTACACAGCCCACCACCTG_022,96
GTTACACAGCCCACCACCTG_023,145
GTTACACAGCCCACCACCTG_024,160
GTTACACAGCCCACCACCTG_025,106
TAGGGTCTGGGTGTTCGATG_001,198
TAGGGTCTGGGTGTTCGATG_002,78
TAGGGTCTGGGTGTTCGATG_003,41
TAGGGTCTGGGTGTTCGATG_004,137
TAGGGTCTGGGTGTTCGATG_005,96
TAGGGTCTGGGTGTTCGATG_006,159
TAGGGTCTGGGTGTTCGATG_007,41
TAGGGTCTGGGTGTTCGATG_008,190
ATCTGCACATTTGACTAGGA_001,96
ATCTGCACATTTGACTAGGA_002,121
ATCTGCACATTTGACTAGGA_003,11
ATCTGCACATTTGACTAGGA_004,141
ATCTGCACATTTGACTAGGA_005,53
ATCTGCACATTTGACTAGGA_006,191
ATCTGCACATTTGACTAGGA_007,19
ATCTGCACATTTGACTAGGA_008,189
ATCTGCACATTTGACTAGGA_009,28
ATCTGCACATTTGACTAGGA_010,162
ATCTGCACATTTGACTAGGA_011,30
ATCTGCACATTTGACTAGGA_012,105
ATCTGCACATTTGACTAGGA_013,141
ATCTGCACATTTGACTAGGA_014,58
ATCTGCACATTTGACTAGGA_015,199
ATCTGCACATTTGACTAGGA_016,77
ATCTGCACATTTGACTAGGA_017,88
ATCTGCACATTTGACTAGGA_018,24
ATCTGCACATTTGACTAGGA_019,69
ATCTGCACATTTGACTAGGA_020,91
TTCCGCCACACCATGCACGT_001,61
TTCCGCCACACCATGCACGT_002,194
TTCCGCCACACCATGCACGT_003,76
TTCCGCCACACCATGCACGT_004,186
TTCCGCCACACCATGCACGT_005,116
TTCCGCCACACCATGCACGT_006,98
TTCCGCCACACCATGCACGT_007,16
TTCCGCCACACCATGCACGT_008,162
TTCCGCCACACCATGCACGT_009,28
TTCCGCCACACCATGCACGT_010,7
TTCCGCCACACCATGCACGT_011,179
TTCCGCCACACCATGCACGT_012,106
TTCCGCCACACCATGCACGT_013,77
TTCCGCCACACCATGCACGT_014,177
TTCCGCCACACCATGCACGT_015,77
TTCCGCCACACCATGCACGT_016,150
TTCCGCCACACCATGCACGT_017,182
TTCCGCCACACCATGCACGT_018,167
TTCCGCCACACCATGCACGT_019,167
TTCCGCCACACCATGCACGT_020,149
TTCCGCCACACCATGCACGT_021,124
TTCCGCCACACCATGCACGT_022,103
GGTCCATTGTACCAAGTCCG_001,43
GGTCCATTGTACCAAGTCCG_002,151
GGTCCATTGTACCAAGTCCG_003,123
GGTCCATTGTACCAAGTCCG_004,22
GGTCCATTGTACCAAGTCCG_005,146
GGTCCATTGTACCAAGTCCG_006,167
GGTCCATTGTACCAAGTCCG_007,132
GCTCTGTTACTATGGACAAG_001,23
GCTCTGTTACTATGGACAAG_002,132
GCTCTGTTACTATGGACAAG_003,128
GCTCTGTTACTATGGACAAG_004,199
GCTCTGTTACTATGGACAAG_005,139
GCTCTGTTACTATGGACAAG_006,88
GATTACCTGCCATTCCGCAC_001,130
GATTACCTGCCATTCCGCAC_002,127
GATTACCTGCCATTCCGCAC_003,170
GATTACCTGCCATTCCGCAC_004,129
GATTACCTGCCATTCCGCAC_005,191
GATTACCTGCCATTCCGCAC_006,17
GATTACCTGCCATTCCGCAC_007,6
GATTACCTGCCATTCCGCAC_008,57
GATTACCTGCCATTCCGCAC_009,96
GCTTAAACAATTTGACAGTG_001,44
GCTTAAACAATTTGACAGTG_002,26
GCTTAAACAATTTGACAGTG_003,53
GCTTAAACAATTTGACAGTG_004,41
GCTTAAACAATTTGACAGTG_005,163
GCTTAAACAATTTGACAGTG_006,166
GCTTAAACAATTTGACAGTG_007,11
GCTTAAACAATTTGACAGTG_008,69
GCTTAAACAATTTGACAGTG_009,172
GCTTAAACAATTTGACAGTG_010,87
GCTTAAACAATTTGACAGTG_011,148
GCTTAAACAATTTGACAGTG_012,77
GCTTAAACAATTTGACAGTG_013,160
TGCATGGCATATTATGAGAG_001,18
TGCATGGCATATTATGAGAG_002,40
TGGCACGCAAACAGCGACAC_001,157
TGGCACGCAAACAGCGACAC_002,94
TGGCACGCAAACAGCGACAC_003,8
TGGCACGCAAACAGCGACAC_004,3
TGGCACGCAAACAGCGACAC_005,48
TGGCACGCAAACAGCGACAC_006,139
TGGCACGCAAACAGCGACAC_007,38
TGGCACGCAAACAGCGACAC_008,116
TGGCACGCAAACAGCGACAC_009,172
TGGCACGCAAACAGCGACAC_010,108
TGGCACGCAAACAGCGACAC_011,94
TGGCACGCAAACAGCGACAC_012,92
TGGCACGCAAACAGCGACAC_013,104
TGGCACGCAAACAGCGACAC_014,177
TGGCACGCAAACAGCGACAC_015,81
TGGCACGCAAACAGCGACAC_016,166
ATGACAATGAGCGAACGCGG_001,94
ATGACAATGAGCGAACGCGG_002,85
ATGACAATGAGCGAACGCGG_003,186
ATGACAATGAGCGAACGCGG_004,32
ATGACAATGAGCGAACGCGG_005,121
ATGACAATGAGCGAACGCGG_006,3
GAGCGCCGAGGCACTCAGTG_001,62
GAGCGCCGAGGCACTCAGTG_002,83
GAGCGCCGAGGCACTCAGTG_003,181
GAGCGCCGAGGCACTCAGTG_004,62
GAGCGCCGAGGCACTCAGTG_005,148
GAGCGCCGAGGCACTCAGTG_006,99
GAGCGCCGAGGCACTCAGTG_007,177
GAGCGCCGAGGCACTCAGTG_008,19
GAGCGCCGAGGCACTCAGTG_009,105
GAGCGCCGAGGCACTCAGTG_010,2
GAGCGCCGAGGCACTCAGTG_011,41
GAGCGCCGAGGCACTCAGTG_012,158
GAGCGCCGAGGCACTCAGTG_013,40
GAGCGCCGAGGCACTCAGTG_014,104
GAGCGCCGAGGCACTCAGTG_015,34
GAGCGCCGAGGCACTCAGTG_016,2
GAGCGCCGAGGCACTCAGTG_017,60
CCAGAAAGGACAAATTACTG_001,119
CCAGAAAGGACAAATTACTG_002,176
CCAGAAAGGACAAATTACTG_003,159
CCAGAAAGGACAAATTACTG_004,155
CCAGAAAGGACAAATTACTG_005,150
CCAGAAAGGACAAATTACTG_006,50
CCAGAAAGGACAAATTACTG_007,157
CCAGAAAGGACAAATTACTG_008,56
CCAGAAAGGACAAATTACTG_009,56
AAAGGGATGAGGACTCGACT_001,82
AAAGGGATGAGGACTCGACT_002,150
AAAGGGATGAGGACTCGACT_003,145
AAAGGGATGAGGACTCGACT_004,13
AAAGGGATGAGGACTCGACT_005,117
AAAGGGATGAGGACTCGACT_006,170
AAAGGGATGAGGACTCGACT_007,116
AAAGGGATGAGGACTCGACT_008,185
AAAGGGATGAGGACTCGACT_009,163
AAAGGGATGAGGACTCGACT_010,30
AAAGGGATGAGGACTCGACT_011,41
AAAGGGATGAGGACTCGACT_012,49
AAAGGGATGAGGACTCGACT_013,127
AAAGGGATGAGGACTCGACT_014,150
AAAGGGATGAGGACTCGACT_015,121
AAAGGGATGAGGACTCGACT_016,70
AAAGGGATGAGGACTCGACT_017,170
AAAGGGATGAGGACTCGACT_018,79
AAAGGGATGAGGACTCGACT_019,123
AAAGGGATGAGGACTCGACT_020,57
AAAGGGATGAGGACTCGACT_021,17
AAAGGGATGAGGACTCGACT_022,191
AAAGGGATGAGGACTCGACT_023,63
AAAGGGATGAGGACTCGACT_024,36
CAGACGAAGCAAGTAACCAT_001,169
CAGACGAAGCAAGTAACCAT_002,96
CAGACGAAGCAAGTAACCAT_003,197
CAGACGAAGCAAGTAACCAT_004,61
CAGACGAAGCAAGTAACCAT_005,199
CAGAGAAAACTATTGGGTCA_001,11
CAGAGAAAACTATTGGGTCA_002,26
CAGAGAAAACTATTGGGTCA_003,124
CAGAGAAAACTATTGGGTCA_004,118
CAGAGAAAACTATTGGGTCA_005,43
CAGAGAAAACTATTGGGTCA_006,152
CAGCATAGCGAGCTATAAGA_001,66
TTAGGGTCGACAAAAATCAG_001,130
TTAGGGTCGACAAAAATCAG_002,146
TTAGGGTCGACAAAAATCAG_003,76
TCCTCAAATGAAATGACTCT_001,70
TCCTCAAATGAAATGACTCT_002,115
TCCTCAAATGAAATGACTCT_003,52
GGAACTGAAACACTTTGCCG_001,1
GGAACTGAAACACTTTGCCG_002,96
GGAACTGAAACACTTTGCCG_003,150
GGAACTGAAACACTTTGCCG_004,92
GGAACTGAAACACTTTGCCG_005,34
GGAACTGAAACACTTTGCCG_006,27
GGAACTGAAACACTTTGCCG_007,60
GGAACTGAAACACTTTGCCG_008,199
GGAACTGAAACACTTTGCCG_009,12
GAAATACTTACCACAGCACC_001,102
GAAATACTTACCACAGCACC_002,139
GAAATACTTACCACAGCACC_003,144
GAAATACTTACCACAGCACC_004,104
GGAGCCACATCTGCTAGGCG_001,5
GGAGCCACATCTGCTAGGCG_002,141
GGAGCCACATCTGCTAGGCG_003,0
GGAGCCACATCTGCTAGGCG_004,103
GGAGCCACATCTGCTAGGCG_005,96
GGAGCCACATCTGCTAGGCG_006,83
GGAGCCACATCTGCTAGGCG_007,197
GGAGCCACATCTGCTAGGCG_008,144
GGAGCCACATCTGCTAGGCG_009,78
GGAGCCACATCTGCTAGGCG_010,5
GGAGCCACATCTGCTAGGCG_011,61
GGAGCCACATCTGCTAGGCG_012,142
GGAGCCACATCTGCTAGGCG_013,99
GGTCGCAGCACACCGGGCGG_001,70
GGTCGCAGCACACCGGGCGG_002,12
GGTCGCAGCACACCGGGCGG_003,4
GGTCGCAGCACACCGGGCGG_004,69
GGTCGCAGCACACCGGGCGG_005,28
GGTCGCAGCACACCGGGCGG_006,179
GGTCGCAGCACACCGGGCGG_007,101
GGTCGCAGCACACCGGGCGG_008,147
GGTCGCAGCACACCGGGCGG_009,48
TACATAAGGAGCTTTGGTCC_001,147
TACATAAGGAGCTTTGGTCC_002,36
TACATAAGGAGCTTTGGTCC_003,156
TACATAAGGAGCTTTGGTCC_004,78
CAGGGTCTCCAACGTGTCGG_001,117
CAGGGTCTCCAACGTGTCGG_002,98
CAGGGTCTCCAACGTGTCGG_003,2
CAGGGTCTCCAACGTGTCGG_004,162
CAGGGTCTCCAACGTGTCGG_005,185
CAGGGTCTCCAACGTGTCGG_006,49
CAGGGTCTCCAACGTGTCGG_007,153
CAGGGTCTCCAACGTGTCGG_008,23
CAGGGTCTCCAACGTGTCGG_009,115
CAGGGTCTCCAACGTGTCGG_010,69
CAGGGTCTCCAACGTGTCGG_011,168
CAGGGTCTCCAACGTGTCGG_012,197
CAGGGTCTCCAACGTGTCGG_013,59
CAGGGTCTCCAACGTGTCGG_014,169
CAGGGTCTCCAACGTGTCGG_015,47
CAGGGTCTCCAACGTGTCGG_016,103
CAGGGTCTCCAACGTGTCGG_017,148
CAGGGTCTCCAACGTGTCGG_018,169
CAGGGTCTCCAACGTGTCGG_019,68
CAGGGTCTCCAACGTGTCGG_020,84
CAGGGTCTCCAACGTGTCGG_021,22
CAGGGTCTCCAACGTGTCGG_022,153
CAGGGTCTCCAACGTGTCGG_023,163
CATCAAGATATACCACATGG_001,19
CATCAAGATATACCACATGG_002,78
CGCATCGTGTCACAGAACGT_001,0
CGCATCGTGTCACAGAACGT_002,155
CGCATCGTGTCACAGAACGT_003,125
CGGCTGAGGACTCGACCCAG_001,32
CGGCTGAGGACTCGACCCAG_002,191
CGGCTGAGGACTCGACCCAG_003,144
CGGCTGAGGACTCGACCCAG_004,92
CGGCTGAGGACTCGACCCAG_005,44
CGGCTGAGGACTCGACCCAG_006,156
CGGCTGAGGACTCGACCCAG_007,17
CGGCTGAGGACTCGACCCAG_008,60
CGGCTGAGGACTCGACCCAG_009,116
CGGCTGAGGACTCGACCCAG_010,146
CGGCTGAGGACTCGACCCAG_011,2
CGGCTGAGGACTCGACCCAG_012,63
CGGCTGAGGACTCGACCCAG_013,61
CGGCTGAGGACTCGACCCAG_014,59
CGGCTGAGGACTCGACCCAG_015,180
CGGCTGAGGACTCGACCCAG_016,30
CGGCTGAGGACTCGACCCAG_017,173
CGGCTGAGGACTCGACCCAG_018,60
CGGCTGAGGACTCGACCCAG_019,46
CGGCTGAGGACTCGACCCAG_020,68
CGGCTGAGGACTCGACCCAG_021,150
CGGCTGAGGACTCGACCCAG_022,150
CGGCTGAGGACTCGACCCAG_023,29
CGGCTGAGGACTCGACCCAG_024,48
CGGCTGAGGACTCGACCCAG_025,61
CGGCTGAGGACTCGACCCAG_026,96
CGGCTGAGGACTCGACCCAG_027,28
CGGCTGAGGACTCGACCCAG_028,176
CGGCTGAGGACTCGACCCAG_029,6
CGGCTGAGGACTCGACCCAG_030,7
TTATATGGTTTTAAACGGCT_001,105
TTATATGGTTTTAAACGGCT_002,101
TTATATGGTTTTAAACGGCT_003,118
TTATATGGTTTTAAACGGCT_004,3
TTATATGGTTTTAAACGGCT_005,110
TGTTTCTTTCAGTGCCACCG_001,137
TGTTTCTTTCAGTGCCACCG_002,162
TGTTTCTTTCAGTGCCACCG_003,47
AGCAGGAACAGGTTGGCACA_001,121
AGCAGGAACAGGTTGGCACA_002,169
AGCAGGAACAGGTTGGCACA_003,88
AGCAGGAACAGGTTGGCACA_004,155
AGCAGGAACAGGTTGGCACA_005,120
AGCAGGAACAGGTTGGCACA_006,1
AGCAGGAACAGGTTGGCACA_007,36
AGCAGGAACAGGTTGGCACA_008,97
AGCAGGAACAGGTTGGCACA_009,69
AGCAGGAACAGGTTGGCACA_010,15
AGCAGGAACAGGTTGGCACA_011,82
AGCAGGAACAGGTTGGCACA_012,3
AGCAGGAACAGGTTGGCACA_013,77
AGCAGGAACAGGTTGGCACA_014,191
AGCAGGAACAGGTTGGCACA_015,50
AGCAGGAACAGGTTGGCACA_016,26
AGCAGGAACAGGTTGGCACA_017,9
AGCAGGAACAGGTTGGCACA_018,136
AGCAGGAACAGGTTGGCACA_019,56
GATTTCAAAGTGCGCCATGG_001,36
GATTTCAAAGTGCGCCATGG_002,197
GATTTCAAAGTGCGCCATGG_003,95
GATTTCAAAGTGCGCCATGG_004,29
GATTTCAAAGTGCGCCATGG_005,115
GATTTCAAAGTGCGCCATGG_006,95
GATTTCAAAGTGCGCCATGG_007,111
GATTTCAAAGTGCGCCATGG_008,30
GATTTCAAAGTGCGCCATGG_009,97
GATTTCAAAGTGCGCCATGG_010,189
GATTTCAAAGTGCGCCATGG_011,188
GATTTCAAAGTGCGCCATGG_012,38
GATTTCAAAGTGCGCCATGG_013,145
GATTTCAAAGTGCGCCATGG_014,169
GATTTCAAAGTGCGCCATGG_015,198
GATTTCAAAGTGCGCCATGG_016,13
GATTTCAAAGTGCGCCATGG_017,3
GATTTCAAAGTGCGCCATGG_018,174
GATTTCAAAGTGCGCCATGG_019,141
TGTGGAGGTATTAGACCATG_001,69
TGTGGAGGTATTAGACCATG_002,152
TGTGGAGGTATTAGACCATG_003,196
AGAGGAAACGTAGTCCCAGG_001,166
AGAGGAAACGTAGTCCCAGG_002,142
AGAGGAAACGTAGTCCCAGG_003,10
AGAGGAAACGTAGTCCCAGG_004,124
AGAGGAAACGTAGTCCCAGG_005,151
GATTATGACAGAGAAGCCAC_001,26
GATTATGACAGAGAAGCCAC_002,34
GATTATGACAGAGAAGCCAC_003,9
GATTATGACAGAGAAGCCAC_004,168
GATTATGACAGAGAAGCCAC_005,2
GATTATGACAGAGAAGCCAC_006,2
GGCAGAAGCACTCACTTCCG_001,158
GGCAGAAGCACTCACTTCCG_002,102
GGCAGAAGCACTCACTTCCG_003,149
GGCAGAAGCACTCACTTCCG_004,102
GGCAGAAGCACTCACTTCCG_005,50
GGCAGAAGCACTCACTTCCG_006,95
GGCAGAAGCACTCACTTCCG_007,76
GGCAGAAGCACTCACTTCCG_008,147
GGCAGAAGCACTCACTTCCG_009,85
GGCAGAAGCACTCACTTCCG_010,180
GGCAGAAGCACTCACTTCCG_011,3
AGGATGAAGCTGGATTCCCG_001,136
AGGATGAAGCTGGATTCCCG_002,113
AGGATGAAGCTGGATTCCCG_003,115
AGGATGAAGCTGGATTCCCG_004,115
AGGATGAAGCTGGATTCCCG_005,186
AGGATGAAGCTGGATTCCCG_006,184
AGGATGAAGCTGGATTCCCG_007,160
AGGATGAAGCTGGATTCCCG_008,112
AGGATGAAGCTGGATTCCCG_009,15
AGGATGAAGCTGGATTCCCG_010,149
AGGATGAAGCTGGATTCCCG_011,118
AGGATGAAGCTGGATTCCCG_012,152
AGGATGAAGCTGGATTCCCG_013,102
AGGATGAAGCTGGATTCCCG_014,6
AGGATGAAGCTGGATTCCCG_015,6
AGGATGAAGCTGGATTCCCG_016,184
GGTTTCACTAGTTGTAAACG_001,124
GGTTTCACTAGTTGTAAACG_002,86
GGTTTCACTAGTTGTAAACG_003,184
GGTTTCACTAGTTGTAAACG_004,160
GGTTTCACTAGTTGTAAACG_005,191
CAGGACCAACAAGTTCTACG_001,171
CAGGACCAACAAGTTCTACG_002,188
CAGGACCAACAAGTTCTACG_003,5
CAGGACCAACAAGTTCTACG_004,9
CAGGACCAACAAGTTCTACG_005,161
CAGGACCAACAAGTTCTACG_006,103
CAGGACCAACAAGTTCTACG_007,68
CAGGACCAACAAGTTCTACG_008,121
TCTACTTCTACTGTTTGGAG_001,101
CCACGTACACGTACACCCAG_001,5
CCACGTACACGTACACCCAG_002,104
CCACGTACACGTACACCCAG_003,159
CCACGTACACGTACACCCAG_004,176
CCACGTACACGTACACCCAG_005,98
CCACGTACACGTACACCCAG_006,197
ATGAGTGCTAAAATGCTGGG_001,76
ATGAGTGCTAAAATGCTGGG_002,161
ATGAGTGCTAAAATGCTGGG_003,47
ATGAGTGCTAAAATGCTGGG_004,144
ATGAGTGCTAAAATGCTGGG_005,168
TCTCAGCAAAGAGTCCCGTG_001,102
AGTAATAGTGCACAATCCTC_001,146
AGTAATAGTGCACAATCCTC_002,41
AGTAATAGTGCACAATCCTC_003,157
AGTAATAGTGCACAATCCTC_004,40
AGTAATAGTGCACAATCCTC_005,62
AGTAATAGTGCACAATCCTC_006,131
CACCTGAAGATCCAAAACTG_001,70
CACCTGAAGATCCAAAACTG_002,65
CACCTGAAGATCCAAAACTG_003,134
CACCTGAAGATCCAAAACTG_004,83
CACCTGAAGATCCAAAACTG_005,115
CACCTGAAGATCCAAAACTG_006,94
CACCTGAAGATCCAAAACTG_007,174
CACCTGAAGATCCAAAACTG_008,173
CACCTGAAGATCCAAAACTG_009,185
CACCTGAAGATCCAAAACTG_010,168
CACCTGAAGATCCAAAACTG_011,16
CACCTGAAGATCCAAAACTG_012,130
GCTGAACCCAAGAACAAACA_001,32
GCTGAACCCAAGAACAAACA_002,73
GCTGAACCCAAGAACAAACA_003,62
GCTGAACCCAAGAACAAACA_004,83
GCTGAACCCAAGAACAAACA_005,163
GCTGAACCCAAGAACAAACA_006,45
GCTGAACCCAAGAACAAACA_007,179
GCTGAACCCAAGAACAAACA_008,152
GCTGAACCCAAGAACAAACA_009,152
TTTGGCGCGGGGCACACAGG_001,118
TTTGGCGCGGGGCACACAGG_002,25
TTTGGCGCGGGGCACACAGG_003,6
TTTGGCGCGGGGCACACAGG_004,177
TTTGGCGCGGGGCACACAGG_005,172
TTTGGCGCGGGGCACACAGG_006,17
TTTGGCGCGGGGCACACAGG_007,31
TTTGGCGCGGGGCACACAGG_008,84
TTTGGCGCGGGGCACACAGG_009,182
TTTGGCGCGGGGCACACAGG_010,18
TTTGGCGCGGGGCACACAGG_011,34
TTTGGCGCGGGGCACACAGG_012,68
TTTGGCGCGGGGCACACAGG_013,145
TTTGGCGCGGGGCACACAGG_014,114
TTTGGCGCGGGGCACACAGG_015,172
TTTGGCGCGGGGCACACAGG_016,172
TTTGGCGCGGGGCACACAGG_017,78
TTTGGCGCGGGGCACACAGG_018,74
TTTGGCGCGGGGCACACAGG_019,126
GAATTCAACAGAGAAACGGC_001,29
GAATTCAACAGAGAAACGGC_002,63
GAATTCAACAGAGAAACGGC_003,160
GAATTCAACAGAGAAACGGC_004,50
GAATTCAACAGAGAAACGGC_005,148
GAATTCAACAGAGAAACGGC_006,37
GAATTCAACAGAGAAACGGC_007,133
GAATTCAACAGAGAAACGGC_008,42
GAATTCAACAGAGAAACGGC_009,29
TGACCTTTGAAGCACCACTG_001,149
TGACCTTTGAAGCACCACTG_002,50
TGACCTTTGAAGCACCACTG_003,188
TGACCTTTGAAGCACCACTG_004,167
TGACCTTTGAAGCACCACTG_005,91
TGACCTTTGAAGCACCACTG_006,189
TGACCTTTGAAGCACCACTG_007,48
TGACCTTTGAAGCACCACTG_008,16
TGACCTTTGAAGCACCACTG_009,85
TGACCTTTGAAGCACCACTG_010,73
CCACGGCGATCTTGACCAGG_001,26
CCACGGCGATCTTGACCAGG_002,130
CCACGGCGATCTTGACCAGG_003,28
CCACGGCGATCTTGACCAGG_004,69
CCACGGCGATCTTGACCAGG_005,112
CCACGGCGATCTTGACCAGG_006,83
CCACGGCGATCTTGACCAGG_007,192
CCACGGCGATCTTGACCAGG_008,155
CCACGGCGATCTTGACCAGG_009,83
CCACGGCGATCTTGACCAGG_010,169
TCAGTCTAAAGCCTTCTGTG_001,6
TCAGTCTAAAGCCTTCTGTG_002,184
GAAGGTGTGGCAATGTGTCC_001,191
GAAGGTGTGGCAATGTGTCC_002,48
GAAGGTGTGGCAATGTGTCC_003,99
GAAGGTGTGGCAATGTGTCC_004,47
GAAGGTGTGGCAATGTGTCC_005,103
GAAGGTGTGGCAATGTGTCC_006,107
GAAGGTGTGGCAATGTGTCC_007,166
GAAGGTGTGGCAATGTGTCC_008,1
GAAGGTGTGGCAATGTGTCC_009,2
GAAGGTGTGGCAATGTGTCC_010,178
GAAGGTGTGGCAATGTGTCC_011,197
GAAGGTGTGGCAATGTGTCC_012,115
GAAGGTGTGGCAATGTGTCC_013,120
GAAGGTGTGGCAATGTGTCC_014,130
GAAGGTGTGGCAATGTGTCC_015,158
GAGCAAACTTTGCAGATCCA_001,154
GAGCAAACTTTGCAGATCCA_002,47
GAGCAAACTTTGCAGATCCA_003,175
GAGCAAACTTTGCAGATCCA_004,50
GAGCAAACTTTGCAGATCCA_005,105
GAGCAAACTTTGCAGATCCA_006,43
GAGCAAACTTTGCAGATCCA_007,91
GAGCAAACTTTGCAGATCCA_008,39
GAGCAAACTTTGCAGATCCA_009,197
AAAATGGCCACATCTCGCGG_001,145
AAAATGGCCACATCTCGCGG_002,121
AAAATGGCCACATCTCGCGG_003,128
AAAATGGCCACATCTCGCGG_004,116
AAAATGGCCACATCTCGCGG_005,138
AAAATGGCCACATCTCGCGG_006,59
AAAATGGCCACATCTCGCGG_007,34
ACCTGAAATAGAGACTATGG_001,178
ACCTGAAATAGAGACTATGG_002,111
AGTCACAGCTACATGATACA_001,172
AGTCACAGCTACATGATACA_002,140
ACCCGGCTGTGCGGTATCGG_001,0
ACCCGGCTGTGCGGTATCGG_002,51
ACCCGGCTGTGCGGTATCGG_003,102
ACCCGGCTGTGCGGTATCGG_004,52
ACCCGGCTGTGCGGTATCGG_005,190
ACCCGGCTGTGCGGTATCGG_006,72
ACCCGGCTGTGCGGTATCGG_007,5
ACCCGGCTGTGCGGTATCGG_008,107
ACCCGGCTGTGCGGTATCGG_009,76
ACCCGGCTGTGCGGTATCGG_010,31
ACCCGGCTGTGCGGTATCGG_011,174
ACCCGGCTGTGCGGTATCGG_012,2
ACCCGGCTGTGCGGTATCGG_013,183
ACCCGGCTGTGCGGTATCGG_014,38
ACCCGGCTGTGCGGTATCGG_015,155
CTTATTCTTAAGTGACGCTG_001,78
CTTATTCTTAAGTGACGCTG_002,29
CTTATTCTTAAGTGACGCTG_003,185
CTTATTCTTAAGTGACGCTG_004,152
CTTATTCTTAAGTGACGCTG_005,1
CTTATTCTTAAGTGACGCTG_006,90
CTTATTCTTAAGTGACGCTG_007,130
CTTATTCTTAAGTGACGCTG_008,149
CTTATTCTTAAGTGACGCTG_009,58
CTTATTCTTAAGTGACGCTG_010,48
CTTATTCTTAAGTGACGCTG_011,156
CTTATTCTTAAGTGACGCTG_012,176
CTTATTCTTAAGTGACGCTG_013,23
CTTATTCTTAAGTGACGCTG_014,4
CTTATTCTTAAGTGACGCTG_015,58
GTGCCACAAAGACCATCAAG_001,88
GTGCCACAAAGACCATCAAG_002,84
GTGCCACAAAGACCATCAAG_003,102
GTGCCACAAAGACCATCAAG_004,40
GTGCCACAAAGACCATCAAG_005,52
GTGCCACAAAGACCATCAAG_006,158
GTGCCACAAAGACCATCAAG_007,149
GTGCCACAAAGACCATCAAG_008,156
GTGCCACAAAGACCATCAAG_009,198
TGCAACAGCCCTTGTCAACG_001,17
TGCAACAGCCCTTGTCAACG_002,157
TGCAACAGCCCTTGTCAACG_003,35
TGCAACAGCCCTTGTCAACG_004,105
TGCAACAGCCCTTGTCAACG_005,76
TGCAACAGCCCTTGTCAACG_006,74
TGCAACAGCCCTTGTCAACG_007,155
TGCAACAGCCCTTGTCAACG_008,135
TGCAACAGCCCTTGTCAACG_009,134
TGCAACAGCCCTTGTCAACG_010,197
TGCAACAGCCCTTGTCAACG_011,58
TGCAACAGCCCTTGTCAACG_012,151
TGCAACAGCCCTTGTCAACG_013,122
TGCAACAGCCCTTGTCAACG_014,183
TGCAACAGCCCTTGTCAACG_015,138
TGGGATGTACCTCCTGCATG_001,105
TGGGATGTACCTCCTGCATG_002,80
TGGGATGTACCTCCTGCATG_003,36
CACCTACTTCTACGCCAATG_001,73
CACCTACTTCTACGCCAATG_002,117
CCGGGGTGGGCGCAACTACG_001,27
CCGGGGTGGGCGCAACTACG_002,77
CCGGGGTGGGCGCAACTACG_003,130
CCGGGGTGGGCGCAACTACG_004,148
CCGGGGTGGGCGCAACTACG_005,18
ATTTCTCGGAGCTCAAGCCA_001,57
ATTTCTCGGAGCTCAAGCCA_002,191
ATTTCTCGGAGCTCAAGCCA_003,35
ATTTCTCGGAGCTCAAGCCA_004,99
ATTTCTCGGAGCTCAAGCCA_005,16
ATTTCTCGGAGCTCAAGCCA_006,138
ATTTCTCGGAGCTCAAGCCA_007,15
ATTTCTCGGAGCTCAAGCCA_008,127
ATTTCTCGGAGCTCAAGCCA_009,15
ATTTCTCGGAGCTCAAGCCA_010,151
ATTTCTCGGAGCTCAAGCCA_011,113
ATTTCTCGGAGCTCAAGCCA_012,1
ATTTCTCGGAGCTCAAGCCA_013,23
GTGCGGCCAGACGGACCAGT_001,102
GTGCGGCCAGACGGACCAGT_002,88
GTGCGGCCAGACGGACCAGT_003,106
GTGCGGCCAGACGGACCAGT_004,168
GTGCGGCCAGACGGACCAGT_005,190
GTGCGGCCAGACGGACCAGT_006,119
GTGCGGCCAGACGGACCAGT_007,175
GTGCGGCCAGACGGACCAGT_008,82
GTGCGGCCAGACGGACCAGT_009,125
GTGCGGCCAGACGGACCAGT_010,127
GTGCGGCCAGACGGACCAGT_011,97
GTGCGGCCAGACGGACCAGT_012,65
GTGCGGCCAGACGGACCAGT_013,138
GTGCGGCCAGACGGACCAGT_014,188
GTGCGGCCAGACGGACCAGT_015,136
GTGCGGCCAGACGGACCAGT_016,96
CTCACCCATCTTGAGCCTGG_001,34
CTCACCCATCTTGAGCCTGG_002,34
CTCACCCATCTTGAGCCTGG_003,26
AGGATGACTGCGCTATCGGC_001,172
AGGATGACTGCGCTATCGGC_002,171
AGGATGACTGCGCTATCGGC_003,174
AGGATGACTGCGCTATCGGC_004,127
AGGATGACTGCGCTATCGGC_005,149
AGGATGACTGCGCTATCGGC_006,136
AGGATGACTGCGCTATCGGC_007,99
AGGATGACTGCGCTATCGGC_008,188
AGGATGACTGCGCTATCGGC_009,82
AGGATGACTGCGCTATCGGC_010,104
AGGATGACTGCGCTATCGGC_011,19
AGGATGACTGCGCTATCGGC_012,197
AGGATGACTGCGCTATCGGC_013,171
CTCCTCTACTGTAACACCTA_001,138
CTCCTCTACTGTAACACCTA_002,154
CTCCTCTACTGTAACACCTA_003,104
CTCCTCTACTGTAACACCTA_004,17
CTCCTCTACTGTAACACCTA_005,197
CTCCTCTACTGTAACACCTA_006,16
CTCCTCTACTGTAACACCTA_007,94
CTCCTCTACTGTAACACCTA_008,91
CTCCTCTACTGTAACACCTA_009,94
CTCCTCTACTGTAACACCTA_010,127
CTCCTCTACTGTAACACCTA_011,43
CAGGATGAAGGTAGTTACGT_001,118
CAGGATGAAGGTAGTTACGT_002,58
CAGGATGAAGGTAGTTACGT_003,190
CAGGATGAAGGTAGTTACGT_004,60
CAGGATGAAGGTAGTTACGT_005,27
GTTCCCAGGTCACAAACCAT_001,4
GTTCCCAGGTCACAAACCAT_002,62
GTTCCCAGGTCACAAACCAT_003,171
GTTCCCAGGTCACAAACCAT_004,42
GTTCCCAGGTCACAAACCAT_005,112
GTTCCCAGGTCACAAACCAT_006,43
GTTCCCAGGTCACAAACCAT_007,20
GTTCCCAGGTCACAAACCAT_008,98
GTTCCCAGGTCACAAACCAT_009,173
GTTCCCAGGTCACAAACCAT_010,22
GTTCCCAGGTCACAAACCAT_011,161
GTTCCCAGGTCACAAACCAT_012,60
GTTCCCAGGTCACAAACCAT_013,115
GTTCCCAGGTCACAAACCAT_014,118
AGGCATCCGTGGGACCCCAG_001,96
AGGCATCCGTGGGACCCCAG_002,127
AGGCATCCGTGGGACCCCAG_003,70
AGGCATCCGTGGGACCCCAG_004,60
AGGCATCCGTGGGACCCCAG_005,127
AGGCATCCGTGGGACCCCAG_006,191
AGGCATCCGTGGGACCCCAG_007,178
AGGCATCCGTGGGACCCCAG_008,46
AGGCATCCGTGGGACCCCAG_009,101
AGGCATCCGTGGGACCCCAG_010,37
AGGCATCCGTGGGACCCCAG_011,50
AGGCATCCGTGGGACCCCAG_012,63
AGGCATCCGTGGGACCCCAG_013,102
AGGCATCCGTGGGACCCCAG_014,125
AGGCATCCGTGGGACCCCAG_015,80
AGGCATCCGTGGGACCCCAG_016,97
AGGCATCCGTGGGACCCCAG_017,115
AGGCATCCGTGGGACCCCAG_018,137
AGGCATCCGTGGGACCCCAG_019,55
AGGCATCCGTGGGACCCCAG_020,191
AGGCATCCGTGGGACCCCAG_021,11
AGGCATCCGTGGGACCCCAG_022,13
AGGCATCCGTGGGACCCCAG_023,75
AGGCATCCGTGGGACCCCAG_024,108
AGGCATCCGTGGGACCCCAG_025,99
AGGCATCCGTGGGACCCCAG_026,75
AGGCATCCGTGGGACCCCAG_027,159
AGGCATCCGTGGGACCCCAG_028,142
AGGCATCCGTGGGACCCCAG_029,105
AGGCATCCGTGGGACCCCAG_030,22
AGGCATCCGTGGGACCCCAG_031,22
AGGCATCCGTGGGACCCCAG_032,50
AGGCATCCGTGGGACCCCAG_033,21
AGGCATCCGTGGGACCCCAG_034,18
AGGCATCCGTGGGACCCCAG_035,197
AGGCATCCGTGGGACCCCAG_036,137
AGGCATCCGTGGGACCCCAG_037,62
AGGCATCCGTGGGACCCCAG_038,168
AGGCATCCGTGGGACCCCAG_039,147
AGGCATCCGTGGGACCCCAG_040,172
AGGCATCCGTGGGACCCCAG_041,105
AGGCATCCGTGGGACCCCAG_042,100
AGGCATCCGTGGGACCCCAG_043,30
TCGGGCTGTCATGAACAGAA_001,194
TCGGGCTGTCATGAACAGAA_002,183
TCGGGCTGTCATGAACAGAA_003,18
TCGGGCTGTCATGAACAGAA_004,149
TCGGGCTGTCATGAACAGAA_005,195
TCGGGCTGTCATGAACAGAA_006,137
TCGGGCTGTCATGAACAGAA_007,53
TCGGGCTGTCATGAACAGAA_008,107
TCGGGCTGTCATGAACAGAA_009,145
TCGGGCTGTCATGAACAGAA_010,88
TCGGGCTGTCATGAACAGAA_011,118
TCGGGCTGTCATGAACAGAA_012,118
TCGGGCTGTCATGAACAGAA_013,32
TCGGGCTGTCATGAACAGAA_014,82
TCGGGCTGTCATGAACAGAA_015,18
TCGGGCTGTCATGAACAGAA_016,121
TCGGGCTGTCATGAACAGAA_017,198
TCGGGCTGTCATGAACAGAA_018,97
TCGGGCTGTCATGAACAGAA_019,178
TCGGGCTGTCATGAACAGAA_020,6
TCGGGCTGTCATGAACAGAA_021,34
TCGGGCTGTCATGAACAGAA_022,152
TCGGGCTGTCATGAACAGAA_023,25
AGTAACTTAGGGGTACCGCC_001,6
AGTAACTTAGGGGTACCGCC_002,44
AGTAACTTAGGGGTACCGCC_003,92
AGTAACTTAGGGGTACCGCC_004,113
AGTAACTTAGGGGTACCGCC_005,85
AGTAACTTAGGGGTACCGCC_006,38
AGTAACTTAGGGGTACCGCC_007,107
AGTAACTTAGGGGTACCGCC_008,1
AGTAACTTAGGGGTACCGCC_009,94
AGTAACTTAGGGGTACCGCC_010,149
TGCCATTCCAGAGAACGGTG_001,119
TGCCATTCCAGAGAACGGTG_002,9
TGCCATTCCAGAGAACGGTG_003,88
TGCCATTCCAGAGAACGGTG_004,68
TGCCATTCCAGAGAACGGTG_005,106
TGCCATTCCAGAGAACGGTG_006,61
TGCCATTCCAGAGAACGGTG_007,181
TGCCATTCCAGAGAACGGTG_008,163
ATAAAGTTGTCATTACCCTC_001,46
ATAAAGTTGTCATTACCCTC_002,1
ATAAAGTTGTCATTACCCTC_003,28
ATAAAGTTGTCATTACCCTC_004,121
ATAAAGTTGTCATTACCCTC_005,65
ATAAAGTTGTCATTACCCTC_006,138
ATAAAGTTGTCATTACCCTC_007,160
CACCGCCTTGAGCGACGCCA_001,169
CACCGCCTTGAGCGACGCCA_002,94
CACCGCCTTGAGCGACGCCA_003,78
CACCGCCTTGAGCGACGCCA_004,36
CACCGCCTTGAGCGACGCCA_005,9
CACCGCCTTGAGCGACGCCA_006,68
CACCGCCTTGAGCGACGCCA_007,188
CACCGCCTTGAGCGACGCCA_008,34
CACCGCCTTGAGCGACGCCA_009,9
CACCGCCTTGAGCGACGCCA_010,141
CACCGCCTTGAGCGACGCCA_011,161
CACCGCCTTGAGCGACGCCA_012,103
CACCGCCTTGAGCGACGCCA_013,65
CACCGCCTTGAGCGACGCCA_014,169
CACCGCCTTGAGCGACGCCA_015,1
CACCGCCTTGAGCGACGCCA_016,173
CACCGCCTTGAGCGACGCCA_017,173
CACCGCCTTGAGCGACGCCA_018,168
CACCGCCTTGAGCGACGCCA_019,26
CACCGCCTTGAGCGACGCCA_020,148
CATTACCCGCTGCAAGCCAG_001,150
CATTACCCGCTGCAAGCCAG_002,50
CATTACCCGCTGCAAGCCAG_003,60
CATTACCCGCTGCAAGCCAG_004,56
CATTACCCGCTGCAAGCCAG_005,126
CATTACCCGCTGCAAGCCAG_006,116
CATTACCCGCTGCAAGCCAG_007,15
CATTACCCGCTGCAAGCCAG_008,1
CATTACCCGCTGCAAGCCAG_009,140
CATTACCCGCTGCAAGCCAG_010,3
CATTACCCGCTGCAAGCCAG_011,134
CATTACCCGCTGCAAGCCAG_012,15
CATTACCCGCTGCAAGCCAG_013,10
CATTACCCGCTGCAAGCCAG_014,147
GCACGTGTGGAGTGAGAGCG_001,172
GCACGTGTGGAGTGAGAGCG_002,117
GCACGTGTGGAGTGAGAGCG_003,19
GCACGTGTGGAGTGAGAGCG_004,94
GCACGTGTGGAGTGAGAGCG_005,86
GCACGTGTGGAGTGAGAGCG_006,175
GCACGTGTGGAGTGAGAGCG_007,149
GCACGTGTGGAGTGAGAGCG_008,103
GCACGTGTGGAGTGAGAGCG_009,169
GCACGTGTGGAGTGAGAGCG_010,175
GCACGTGTGGAGTGAGAGCG_011,94
GCACGTGTGGAGTGAGAGCG_012,123
GCACGTGTGGAGTGAGAGCG_013,83
GCACGTGTGGAGTGAGAGCG_014,11
GCACGTGTGGAGTGAGAGCG_015,176
GCACGTGTGGAGTGAGAGCG_016,5
GCACGTGTGGAGTGAGAGCG_017,178
GCACGTGTGGAGTGAGAGCG_018,153
TGGATAAAGTGGCTGCCGAG_001,28
TGGATAAAGTGGCTGCCGAG_002,41
TGGATAAAGTGGCTGCCGAG_003,148
TGGATAAAGTGGCTGCCGAG_004,137
TGGATAAAGTGGCTGCCGAG_005,80
TGGATAAAGTGGCTGCCGAG_006,91
ACCCGTTAGGATATGGGCGA_001,198
ACCCGTTAGGATATGGGCGA_002,121
ACCCGTTAGGATATGGGCGA_003,134
ACCCGTTAGGATATGGGCGA_004,177
ACCCGTTAGGATATGGGCGA_005,150
ACCCGTTAGGATATGGGCGA_006,175
ACCCGTTAGGATATGGGCGA_007,199
ACCCGTTAGGATATGGGCGA_008,56
ACCCGTTAGGATATGGGCGA_009,180
ACCCGTTAGGATATGGGCGA_010,97
GCATCAGATAGACCACACAG_001,176
GCATCAGATAGACCACACAG_002,188
GCATCAGATAGACCACACAG_003,137
GCATCAGATAGACCACACAG_004,168
GCATCAGATAGACCACACAG_005,77
GCATCAGATAGACCACACAG_006,48
GCATCAGATAGACCACACAG_007,104
GCATCAGATAGACCACACAG_008,83
GCATCAGATAGACCACACAG_009,193
GCATCAGATAGACCACACAG_010,83
GCATCAGATAGACCACACAG_011,48
GCATCAGATAGACCACACAG_012,14
GCATCAGATAGACCACACAG_013,9
GCATCAGATAGACCACACAG_014,195
GCATCAGATAGACCACACAG_015,21
GCATCAGATAGACCACACAG_016,25
GCATCAGATAGACCACACAG_017,41
GCATCAGATAGACCACACAG_018,102
GCATCAGATAGACCACACAG_019,116
GCATCAGATAGACCACACAG_020,152
GAAGAGGGTGAATGCCATCG_001,178
GAAGAGGGTGAATGCCATCG_002,192
GAAGAGGGTGAATGCCATCG_003,76
GAAGAGGGTGAATGCCATCG_004,75
GAAGAGGGTGAATGCCATCG_005,56
GAAGAGGGTGAATGCCATCG_006,68
GAAGAGGGTGAATGCCATCG_007,23
GAAGAGGGTGAATGCCATCG_008,192
GAAGAGGGTGAATGCCATCG_009,57
GAAGAGGGTGAATGCCATCG_010,188
GAAGAGGGTGAATGCCATCG_011,99
GAAGAGGGTGAATGCCATCG_012,66
GAAGAGGGTGAATGCCATCG_013,102
GGTTCTTTGAGCAACATGGG_001,38
GGTTCTTTGAGCAACATGGG_002,19
GGTTCTTTGAGCAACATGGG_003,134
GGTTCTTTGAGCAACATGGG_004,134
GGTTCTTTGAGCAACATGGG_005,119
GGTTCTTTGAGCAACATGGG_006,8
GGTTCTTTGAGCAACATGGG_007,50
GGTTCTTTGAGCAACATGGG_008,136
GGTTCTTTGAGCAACATGGG_009,83
GGTTCTTTGAGCAACATGGG_010,2
GGTTCTTTGAGCAACATGGG_011,35
GGTTCTTTGAGCAACATGGG_012,9
GGTTCTTTGAGCAACATGGG_013,175
GGTTCTTTGAGCAACATGGG_014,137
GGTTCTTTGAGCAACATGGG_015,105
GGTTCTTTGAGCAACATGGG_016,188
GGTTCTTTGAGCAACATGGG_017,65
GGTTCTTTGAGCAACATGGG_018,169
GGTTCTTTGAGCAACATGGG_019,41
GGTTCTTTGAGCAACATGGG_020,173
GGTTCTTTGAGCAACATGGG_021,79
GGTTCTTTGAGCAACATGGG_022,177
GGTTCTTTGAGCAACATGGG_023,133
AGTTCCCGATGATGCCCAGG_001,77
AGTTCCCGATGATGCCCAGG_002,84
AGTTCCCGATGATGCCCAGG_003,140
AGTTCCCGATGATGCCCAGG_004,188
AGTTCCCGATGATGCCCAGG_005,177
AGTTCCCGATGATGCCCAGG_006,174
AGTTCCCGATGATGCCCAGG_007,88
AGTTCCCGATGATGCCCAGG_008,94
TTGGCTGGGTGAAATACGGA_001,198
TTGGCTGGGTGAAATACGGA_002,175
TTGGCTGGGTGAAATACGGA_003,107
TTGGCTGGGTGAAATACGGA_004,41
TTGGCTGGGTGAAATACGGA_005,105
TTGGCTGGGTGAAATACGGA_006,77
TTGGCTGGGTGAAATACGGA_007,102
TTGGCTGGGTGAAATACGGA_008,91
TTGGCTGGGTGAAATACGGA_009,78
TTGGCTGGGTGAAATACGGA_010,184
TTGGCTGGGTGAAATACGGA_011,148
TTGGCTGGGTGAAATACGGA_012,162
TTGGCTGGGTGAAATACGGA_013,150
TTGGCTGGGTGAAATACGGA_014,91
TTGGCTGGGTGAAATACGGA_015,68
TTGGCTGGGTGAAATACGGA_016,162
TTGGCTGGGTGAAATACGGA_017,55
TTGGCTGGGTGAAATACGGA_018,157
GTAGCTTTATGGGATACCTA_001,115
GTAGCTTTATGGGATACCTA_002,5
GTAGCTTTATGGGATACCTA_003,52
GTAGCTTTATGGGATACCTA_004,15
GTAGCTTTATGGGATACCTA_005,175
GTAGCTTTATGGGATACCTA_006,19
GTAGCTTTATGGGATACCTA_007,72
TGGGAGGCTGCAATGATGAA_001,10
TGGGAGGCTGCAATGATGAA_002,142
TGGGAGGCTGCAATGATGAA_003,177
ATGACGTTGACGCCTCGCAA_001,168
ATGACGTTGACGCCTCGCAA_002,67
ATGACGTTGACGCCTCGCAA_003,183
ATGACGTTGACGCCTCGCAA_004,102
ATGACGTTGACGCCTCGCAA_005,150
ATGACGTTGACGCCTCGCAA_006,157
ATGACGTTGACGCCTCGCAA_007,141
ATGACGTTGACGCCTCGCAA_008,171
ATGACGTTGACGCCTCGCAA_009,129
ATGACGTTGACGCCTCGCAA_010,60
ATGACGTTGACGCCTCGCAA_011,69
ATGACGTTGACGCCTCGCAA_012,82
ATGACGTTGACGCCTCGCAA_013,136
ATGACGTTGACGCCTCGCAA_014,158
ATGACGTTGACGCCTCGCAA_015,184
ATGACGTTGACGCCTCGCAA_016,78
ATGACGTTGACGCCTCGCAA_017,188
ATGACGTTGACGCCTCGCAA_018,94
ATGACGTTGACGCCTCGCAA_019,10
ATGACGTTGACGCCTCGCAA_020,15
ATGACGTTGACGCCTCGCAA_021,169
ATGACGTTGACGCCTCGCAA_022,35
ATGACGTTGACGCCTCGCAA_023,137
ATGACGTTGACGCCTCGCAA_024,37
ATGACGTTGACGCCTCGCAA_025,150
ATGACGTTGACGCCTCGCAA_026,50
GTACCCGGAATAACTCGAGT_001,43
GTACCCGGAATAACTCGAGT_002,102
GTACCCGGAATAACTCGAGT_003,51
GTACCCGGAATAACTCGAGT_004,186
GTACCCGGAATAACTCGAGT_005,38
GTACCCGGAATAACTCGAGT_006,116
CGCCGCCTACCACATGACGG_001,50
CGCCGCCTACCACATGACGG_002,15
CGCCGCCTACCACATGACGG_003,174
CGCCGCCTACCACATGACGG_004,17
CGCCGCCTACCACATGACGG_005,1
CGCCGCCTACCACATGACGG_006,145
CGCCGCCTACCACATGACGG_007,186
GCTCTCCATCCATGAGACCG_001,17
GCTCTCCATCCATGAGACCG_002,144
GCTCTCCATCCATGAGACCG_003,137
GCTCTCCATCCATGAGACCG_004,81
GCTCTCCATCCATGAGACCG_005,88
GCTCTCCATCCATGAGACCG_006,47
GCTCTCCATCCATGAGACCG_007,67
GCTCTCCATCCATGAGACCG_008,35
GCTGCCTACGAACCTCCCCG_001,134
GCTGCCTACGAACCTCCCCG_002,58
GCTGCCTACGAACCTCCCCG_003,75
GCTGCCTACGAACCTCCCCG_004,70
GCTGCCTACGAACCTCCCCG_005,22
GCTGCCTACGAACCTCCCCG_006,89
GCTGCCTACGAACCTCCCCG_007,180
GCTGCCTACGAACCTCCCCG_008,44
GCTGCCTACGAACCTCCCCG_009,51
GCTGCCTACGAACCTCCCCG_010,7
GCTGCCTACGAACCTCCCCG_011,9
GCTGCCTACGAACCTCCCCG_012,112
GCTGCCTACGAACCTCCCCG_013,11
GCTGCCTACGAACCTCCCCG_014,77
GCTGCCTACGAACCTCCCCG_015,82
TCCCCGAAGAGCAACAAGCG_001,112
TCCCCGAAGAGCAACAAGCG_002,34
TCCCCGAAGAGCAACAAGCG_003,49
TCCCCGAAGAGCAACAAGCG_004,191
TCCCCGAAGAGCAACAAGCG_005,20
TCCCCGAAGAGCAACAAGCG_006,198
TCCCCGAAGAGCAACAAGCG_007,25
TCCCCGAAGAGCAACAAGCG_008,25
TCCCCGAAGAGCAACAAGCG_009,71
TCCCCGAAGAGCAACAAGCG_010,161
TCCCCGAAGAGCAACAAGCG_011,144
TCCCCGAAGAGCAACAAGCG_012,27
TCCCCGAAGAGCAACAAGCG_013,65
TCCCCGAAGAGCAACAAGCG_014,174
TCCCCGAAGAGCAACAAGCG_015,126
TCCCCGAAGAGCAACAAGCG_016,127
TCCCCGAAGAGCAACAAGCG_017,138
TCCCCGAAGAGCAACAAGCG_018,94
TCCCCGAAGAGCAACAAGCG_019,127
TTGGAATAAATTCAAAAGTA_001,27
TGGTGGCCACGAGTCATACA_001,137
TGGTGGCCACGAGTCATACA_002,44
TGGTGGCCACGAGTCATACA_003,190
TGGTGGCCACGAGTCATACA_004,70
TGGTGGCCACGAGTCATACA_005,147
TGGTGGCCACGAGTCATACA_006,71
TGGTGGCCACGAGTCATACA_007,6
TGGTGGCCACGAGTCATACA_008,199
TGGTGGCCACGAGTCATACA_009,138
TGGTGGCCACGAGTCATACA_010,29
TGGTGGCCACGAGTCATACA_011,18
AGGGTACCACACATCAGGTG_001,17
AGGGTACCACACATCAGGTG_002,76
AGGGTACCACACATCAGGTG_003,52
AGGGTACCACACATCAGGTG_004,169
AGGGTACCACACATCAGGTG_005,57
CAGCATCTGCAGATTAACGA_001,133
CAGCATCTGCAGATTAACGA_002,191
CAGCATCTGCAGATTAACGA_003,2
CAGCATCTGCAGATTAACGA_004,9
CAGCATCTGCAGATTAACGA_005,27
CAGCATCTGCAGATTAACGA_006,67
GCAGCTAAAGCACCAATCGG_001,146
GCAGCTAAAGCACCAATCGG_002,161
GCAGCTAAAGCACCAATCGG_003,23
GCAGCTAAAGCACCAATCGG_004,58
GCAGCTAAAGCACCAATCGG_005,53
GCAGCTAAAGCACCAATCGG_006,42
GCAGCTAAAGCACCAATCGG_007,175
GCAGCTAAAGCACCAATCGG_008,60
GCAGCTAAAGCACCAATCGG_009,175
AATCGGGGTACAAGGCGACA_001,32
AATCGGGGTACAAGGCGACA_002,46
AATCGGGGTACAAGGCGACA_003,158
AATCGGGGTACAAGGCGACA_004,6
AGTCGAACTTCTGGCCGTCG_001,24
CCTTCCGAAGACACCTGCCG_001,44
CCTTCCGAAGACACCTGCCG_002,182
CCTTCCGAAGACACCTGCCG_003,188
CCTTCCGAAGACACCTGCCG_004,86
CCTTCCGAAGACACCTGCCG_005,16
CCTTCCGAAGACACCTGCCG_006,106
CCTTCCGAAGACACCTGCCG_007,184
CCTTCCGAAGACACCTGCCG_008,49
CCTTCCGAAGACACCTGCCG_009,3
CCTTCCGAAGACACCTGCCG_010,73
CCTTCCGAAGACACCTGCCG_011,64
CCTTCCGAAGACACCTGCCG_012,49
CCTTCCGAAGACACCTGCCG_013,140
CCTTCCGAAGACACCTGCCG_014,185
CCTTCCGAAGACACCTGCCG_015,28
CCTTCCGAAGACACCTGCCG_016,19
CCTTCCGAAGACACCTGCCG_017,108
CCTTCCGAAGACACCTGCCG_018,161
CCTTCCGAAGACACCTGCCG_019,62
CCTTCCGAAGACACCTGCCG_020,126
CCTTCCGAAGACACCTGCCG_021,29
ACCAAACGTGTGTTCTGGAA_001,102
ACCAAACGTGTGTTCTGGAA_002,106
ACCAAACGTGTGTTCTGGAA_003,104
GCGATCCAGGGACAAATCGT_001,77
GCGATCCAGGGACAAATCGT_002,188
GCGATCCAGGGACAAATCGT_003,185
GCGATCCAGGGACAAATCGT_004,17
GCGATCCAGGGACAAATCGT_005,11
GCGATCCAGGGACAAATCGT_006,145
GCGATCCAGGGACAAATCGT_007,146
GCGATCCAGGGACAAATCGT_008,94
GCGATCCAGGGACAAATCGT_009,130
GCGATCCAGGGACAAATCGT_010,107
GCGATCCAGGGACAAATCGT_011,158
GCGATCCAGGGACAAATCGT_012,110
GCGATCCAGGGACAAATCGT_013,98
GCGATCCAGGGACAAATCGT_014,73
GCGATCCAGGGACAAATCGT_015,140
GCGATCCAGGGACAAATCGT_016,105
GCGATCCAGGGACAAATCGT_017,58
GCGATCCAGGGACAAATCGT_018,41
GCGATCCAGGGACAAATCGT_019,76
GCGATCCAGGGACAAATCGT_020,12
GCGATCCAGGGACAAATCGT_021,176
GCGATCCAGGGACAAATCGT_022,11
GCGATCCAGGGACAAATCGT_023,77
GCGATCCAGGGACAAATCGT_024,40
GCGATCCAGGGACAAATCGT_025,168
GCGATCCAGGGACAAATCGT_026,94
GCGATCCAGGGACAAATCGT_027,92
CAGGAGGTGTGTCTAAGCCG_001,16
CAGGAGGTGTGTCTAAGCCG_002,184
TTAGCTGTAAGGATAACTCC_001,152
TTAGCTGTAAGGATAACTCC_002,115
TTAGCTGTAAGGATAACTCC_003,96
TTAGCTGTAAGGATAACTCC_004,199
TTAGCTGTAAGGATAACTCC_005,118
CCACAAGGAGGAGCTAACTG_001,169
CCACAAGGAGGAGCTAACTG_002,122
CCACAAGGAGGAGCTAACTG_003,31
CCACAAGGAGGAGCTAACTG_004,12
CCACAAGGAGGAGCTAACTG_005,188
CCACAAGGAGGAGCTAACTG_006,156
CCACAAGGAGGAGCTAACTG_007,30
CCACAAGGAGGAGCTAACTG_008,4
CCACAAGGAGGAGCTAACTG_009,168
CCACAAGGAGGAGCTAACTG_010,61
CCACAAGGAGGAGCTAACTG_011,38
CCACAAGGAGGAGCTAACTG_012,150
CCACAAGGAGGAGCTAACTG_013,176
CCACAAGGAGGAGCTAACTG_014,176
CCACAAGGAGGAGCTAACTG_015,120
CCACAAGGAGGAGCTAACTG_016,7
CCACAAGGAGGAGCTAACTG_017,62
CCACAAGGAGGAGCTAACTG_018,48
CAAGAACGAGAGACACCATG_001,1
CAAGAACGAGAGACACCATG_002,87
CAAGAACGAGAGACACCATG_003,183
CAAGAACGAGAGACACCATG_004,125
CAAGAACGAGAGACACCATG_005,89
CAAGAACGAGAGACACCATG_006,89
CACCCTGTGAATGACCCAGA_001,48
CACCCTGTGAATGACCCAGA_002,29
CACCCTGTGAATGACCCAGA_003,156
CACCCTGTGAATGACCCAGA_004,16
CACCCTGTGAATGACCCAGA_005,103
CACCCTGTGAATGACCCAGA_006,9
CACCCTGTGAATGACCCAGA_007,104
TCGTAGCAAGACAGAAGTGG_001,119
TCGTAGCAAGACAGAAGTGG_002,45
TCGTAGCAAGACAGAAGTGG_003,146
TCGTAGCAAGACAGAAGTGG_004,55
TCGTAGCAAGACAGAAGTGG_005,14
TCGTAGCAAGACAGAAGTGG_006,35
TCGTAGCAAGACAGAAGTGG_007,197
TCGTAGCAAGACAGAAGTGG_008,190
TCGTAGCAAGACAGAAGTGG_009,56
TGGCCCCACAGCCCCCAGCA_001,137
TGGCCCCACAGCCCCCAGCA_002,125
TGGCCCCACAGCCCCCAGCA_003,96
TGGCCCCACAGCCCCCAGCA_004,104
TGGCCCCACAGCCCCCAGCA_005,177
TGGCCCCACAGCCCCCAGCA_006,107
TGGCCCCACAGCCCCCAGCA_007,29
TTATGACCGATACCTACGAA_001,75
TTATGACCGATACCTACGAA_002,124
TTATGACCGATACCTACGAA_003,75
TTATGACCGATACCTACGAA_004,42
TTATGACCGATACCTACGAA_005,120
TTATGACCGATACCTACGAA_006,98
TTATGACCGATACCTACGAA_007,79
GAGCACTGGCCATCTACGAG_001,197
GAGCACTGGCCATCTACGAG_002,158
GAGCACTGGCCATCTACGAG_003,89
GAGCACTGGCCATCTACGAG_004,9
GAGCACTGGCCATCTACGAG_005,193
GAGCACTGGCCATCTACGAG_006,20
GAGCACTGGCCATCTACGAG_007,44
GAGCACTGGCCATCTACGAG_008,48
GAGCACTGGCCATCTACGAG_009,55
CGACTACTATAAGCGATACC_001,133
CGACTACTATAAGCGATACC_002,188
CGACTACTATAAGCGATACC_003,142
CGACTACTATAAGCGATACC_004,33
ATTGGTCAAACAATGTATGA_001,49
ATTGGTCAAACAATGTATGA_002,104
ATTGGTCAAACAATGTATGA_003,76
ATTGGTCAAACAATGTATGA_004,120
ATTGGTCAAACAATGTATGA_005,60
ACTCGAAGAATGGTTTGGTG_001,112
ACTCGAAGAATGGTTTGGTG_002,107
ACTCGAAGAATGGTTTGGTG_003,161
ACTCGAAGAATGGTTTGGTG_004,158
ACTCGAAGAATGGTTTGGTG_005,135
ACTCGAAGAATGGTTTGGTG_006,133
ACTCGAAGAATGGTTTGGTG_007,8
ACTCGAAGAATGGTTTGGTG_008,121
ACTCGAAGAATGGTTTGGTG_009,164
GAGCTTAAAAGCAGTCAGGA_001,106
GAGCTTAAAAGCAGTCAGGA_002,141
GAGCTTAAAAGCAGTCAGGA_003,137
GAGCTTAAAAGCAGTCAGGA_004,107
GAGCTTAAAAGCAGTCAGGA_005,171
GAGCTTAAAAGCAGTCAGGA_006,144
GAGCTTAAAAGCAGTCAGGA_007,82
GAGCTTAAAAGCAGTCAGGA_008,104
GAGCTTAAAAGCAGTCAGGA_009,59
GAGCTTAAAAGCAGTCAGGA_010,133
GAGCTTAAAAGCAGTCAGGA_011,169
GAGCTTAAAAGCAGTCAGGA_012,58
GAGCTTAAAAGCAGTCAGGA_013,117
GAGCTTAAAAGCAGTCAGGA_014,169
GAGCTTAAAAGCAGTCAGGA_015,196
AAAGCATTCGGTAAACATTG_001,127
AAAGCATTCGGTAAACATTG_002,26
AAAGCATTCGGTAAACATTG_003,23
AAAGCATTCGGTAAACATTG_004,148
GGGCGGGGAATAATAACCTG_001,19
GGGCGGGGAATAATAACCTG_002,176
GGGCGGGGAATAATAACCTG_003,176
GGGCGGGGAATAATAACCTG_004,22
GGGCGGGGAATAATAACCTG_005,173
CGGGACCGGCTGCAGCCGAT_001,101
CGGGACCGGCTGCAGCCGAT_002,177
GAAGATCATGAAAAATACGG_001,49
GAAGATCATGAAAAATACGG_002,35
GAAGATCATGAAAAATACGG_003,85
GAAGATCATGAAAAATACGG_004,96
GAAGATCATGAAAAATACGG_005,188
GAAGATCATGAAAAATACGG_006,48
GAAGATCATGAAAAATACGG_007,120
GAAGATCATGAAAAATACGG_008,69
GGTGGGAAGCGATACTGCCA_001,47
GGTGGGAAGCGATACTGCCA_002,161
GGTGGGAAGCGATACTGCCA_003,2
GGTGGGAAGCGATACTGCCA_004,65
GGTGGGAAGCGATACTGCCA_005,42
GGTGGGAAGCGATACTGCCA_006,60
GGTGGGAAGCGATACTGCCA_007,132
GGTGGGAAGCGATACTGCCA_008,149
GGTGGGAAGCGATACTGCCA_009,89
GGTGGGAAGCGATACTGCCA_010,38
GGTGGGAAGCGATACTGCCA_011,35
GGTGGGAAGCGATACTGCCA_012,9
GGTGGGAAGCGATACTGCCA_013,145
GGTGGGAAGCGATACTGCCA_014,146
GGTGGGAAGCGATACTGCCA_015,26
GGTGGGAAGCGATACTGCCA_016,43
GGTGGGAAGCGATACTGCCA_017,4
AAAGCACAGTTGCCGTTCAA_001,65
AAAGCACAGTTGCCGTTCAA_002,121
AAAGCACAGTTGCCGTTCAA_003,122
AAAGCACAGTTGCCGTTCAA_004,60
AAAGCACAGTTGCCGTTCAA_005,134
AAAGCACAGTTGCCGTTCAA_006,68
AAAGCACAGTTGCCGTTCAA_007,115
AAAGCACAGTTGCCGTTCAA_008,9
AAAGCACAGTTGCCGTTCAA_009,136
AAAGCACAGTTGCCGTTCAA_010,3
GCAGGAACTATACTTGACTG_001,16
GCAGGAACTATACTTGACTG_002,68
GCAGGAACTATACTTGACTG_003,94
AGTGTCCCTGACTAGCAGGG_001,197
AGTGTCCCTGACTAGCAGGG_002,35
AGTGTCCCTGACTAGCAGGG_003,91
AGTGTCCCTGACTAGCAGGG_004,77
AGTGTCCCTGACTAGCAGGG_005,92
AAGACGTGGACATGTTACTC_001,183
AAGACGTGGACATGTTACTC_002,95
GCCAAGAGCTACGAAGCCCG_001,16
GCCAAGAGCTACGAAGCCCG_002,40
GCCAAGAGCTACGAAGCCCG_003,113
GCCAAGAGCTACGAAGCCCG_004,117
GCCAAGAGCTACGAAGCCCG_005,126
GCCAAGAGCTACGAAGCCCG_006,40
GCCAAGAGCTACGAAGCCCG_007,15
GCCAAGAGCTACGAAGCCCG_008,106
GCCAAGAGCTACGAAGCCCG_009,165
GCCAAGAGCTACGAAGCCCG_010,153
GCCAAGAGCTACGAAGCCCG_011,56
GCCAAGAGCTACGAAGCCCG_012,56
GCCAAGAGCTACGAAGCCCG_013,144
GCCAAGAGCTACGAAGCCCG_014,157
CAAAACATTATACTGGCATG_001,144
CAAAACATTATACTGGCATG_002,57
TCTGTGATGCCAAGACAGAT_001,3
TCTGTGATGCCAAGACAGAT_002,74
TCTGTGATGCCAAGACAGAT_003,169
TCTGTGATGCCAAGACAGAT_004,94
TCTGTGATGCCAAGACAGAT_005,95
TCTGTGATGCCAAGACAGAT_006,150
TCTGTGATGCCAAGACAGAT_007,113
GTTGTTAACATCAGGATAGG_001,68
GTTGTTAACATCAGGATAGG_002,53
GTTGTTAACATCAGGATAGG_003,69
GTTGTTAACATCAGGATAGG_004,139
GTTGTTAACATCAGGATAGG_005,195
GTTGTTAACATCAGGATAGG_006,82
GTTGTTAACATCAGGATAGG_007,53
GTTGTTAACATCAGGATAGG_008,159
GTTGTTAACATCAGGATAGG_009,162
AACTTCTTGTGTGTCGCTCA_001,115
AACTTCTTGTGTGTCGCTCA_002,51
AACTTCTTGTGTGTCGCTCA_003,91
AACTTCTTGTGTGTCGCTCA_004,84
AACTTCTTGTGTGTCGCTCA_005,139
AACTTCTTGTGTGTCGCTCA_006,76
AACTTCTTGTGTGTCGCTCA_007,154
AACTTCTTGTGTGTCGCTCA_008,98
AACTTCTTGTGTGTCGCTCA_009,85
CAAACACCAGAGACCCACCT_001,95
CAAACACCAGAGACCCACCT_002,15
CAAACACCAGAGACCCACCT_003,113
CAAACACCAGAGACCCACCT_004,104
CAAACACCAGAGACCCACCT_005,175
CAAACACCAGAGACCCACCT_006,142
CAAACACCAGAGACCCACCT_007,116
CAAACACCAGAGACCCACCT_008,196
CAAACACCAGAGACCCACCT_009,80
CAAACACCAGAGACCCACCT_010,36
CAAACACCAGAGACCCACCT_011,138
CAAACACCAGAGACCCACCT_012,166
GAGAGATAAAACCAGGCAGT_001,78
GAGAGATAAAACCAGGCAGT_002,195
GAGAGATAAAACCAGGCAGT_003,76
TGCATCCCCAATATCGAACA_001,199
TGCATCCCCAATATCGAACA_002,160
TGGCATTGAAGCATGTCGGA_001,68
TGGCATTGAAGCATGTCGGA_002,36
TGGCATTGAAGCATGTCGGA_003,161
TGGCATTGAAGCATGTCGGA_004,168
TGGCATTGAAGCATGTCGGA_005,41
TGGCATTGAAGCATGTCGGA_006,153
TGGCATTGAAGCATGTCGGA_007,29
TGGCATTGAAGCATGTCGGA_008,191
TGGCATTGAAGCATGTCGGA_009,78
TGGCATTGAAGCATGTCGGA_010,104
TGGCATTGAAGCATGTCGGA_011,52
TGGCATTGAAGCATGTCGGA_012,129
TGGCATTGAAGCATGTCGGA_013,66
TGGCATTGAAGCATGTCGGA_014,138
TGGCATTGAAGCATGTCGGA_015,52
TGGCATTGAAGCATGTCGGA_016,61
AAAAACACTCACATATCGCT_001,70
AAAAACACTCACATATCGCT_002,2
AAAAACACTCACATATCGCT_003,38
AAAAACACTCACATATCGCT_004,180
TGGATTATATTGTCTCAACA_001,181
TGGATTATATTGTCTCAACA_002,91
TGGATTATATTGTCTCAACA_003,13
CACACAGGTGTGGTACATGG_001,140
CACACAGGTGTGGTACATGG_002,113
CACACAGGTGTGGTACATGG_003,120
CACACAGGTGTGGTACATGG_004,149
CACACAGGTGTGGTACATGG_005,199
CACACAGGTGTGGTACATGG_006,112
CAGTAACCCAGAAGTCACTG_001,19
CAGTAACCCAGAAGTCACTG_002,20
CAGTAACCCAGAAGTCACTG_003,2
CAGTAACCCAGAAGTCACTG_004,30
CAGTAACCCAGAAGTCACTG_005,102
CAGTAACCCAGAAGTCACTG_006,55
CAGTAACCCAGAAGTCACTG_007,77
CAGTAACCCAGAAGTCACTG_008,32
CAGTAACCCAGAAGTCACTG_009,162
CAGTAACCCAGAAGTCACTG_010,36
CAGTAACCCAGAAGTCACTG_011,36
CAGTAACCCAGAAGTCACTG_012,69
CAGTAACCCAGAAGTCACTG_013,29
CAGTAACCCAGAAGTCACTG_014,1
CAGTAACCCAGAAGTCACTG_015,68
CAGTAACCCAGAAGTCACTG_016,56
CAGTAACCCAGAAGTCACTG_017,86
CAGTAACCCAGAAGTCACTG_018,91
CAGTAACCCAGAAGTCACTG_019,74
CAGTAACCCAGAAGTCACTG_020,122
CAGTAACCCAGAAGTCACTG_021,121
CAGTAACCCAGAAGTCACTG_022,50
CAGTAACCCAGAAGTCACTG_023,150
CAGTAACCCAGAAGTCACTG_024,12
CAGTAACCCAGAAGTCACTG_025,144
CAGTAACCCAGAAGTCACTG_026,91
CAGTAACCCAGAAGTCACTG_027,100
CAGTAACCCAGAAGTCACTG_028,76
CAGTAACCCAGAAGTCACTG_029,134
CAGTAACCCAGAAGTCACTG_030,130
CAGTAACCCAGAAGTCACTG_031,169
CAGTAACCCAGAAGTCACTG_032,127
CAGTAACCCAGAAGTCACTG_033,163
CAGTAACCCAGAAGTCACTG_034,94
CAGTAACCCAGAAGTCACTG_035,149
CAGTAACCCAGAAGTCACTG_036,119
CAGTAACCCAGAAGTCACTG_037,162
CAGTAACCCAGAAGTCACTG_038,60
CAGTAACCCAGAAGTCACTG_039,46
CAGTAACCCAGAAGTCACTG_040,34
CAGTAACCCAGAAGTCACTG_041,26
GAAGGTGTATCTGTCCAGAG_001,78
ACACCGGCGAAGTGTCACTG_001,113
ACACCGGCGAAGTGTCACTG_002,104
ACACCGGCGAAGTGTCACTG_003,105
ACACCGGCGAAGTGTCACTG_004,151
ACACCGGCGAAGTGTCACTG_005,115
ACACCGGCGAAGTGTCACTG_006,34
ACACCGGCGAAGTGTCACTG_007,115
ACACCGGCGAAGTGTCACTG_008,79
ACACCGGCGAAGTGTCACTG_009,94
ACACCGGCGAAGTGTCACTG_010,47
ACACCGGCGAAGTGTCACTG_011,123
ACACCGGCGAAGTGTCACTG_012,13
ACACCGGCGAAGTGTCACTG_013,58
ACACCGGCGAAGTGTCACTG_014,191
ACACCGGCGAAGTGTCACTG_015,191
ACACCGGCGAAGTGTCACTG_016,29
ACACCGGCGAAGTGTCACTG_017,126
ACACCGGCGAAGTGTCACTG_018,41
ACACCGGCGAAGTGTCACTG_019,198
ACACCGGCGAAGTGTCACTG_020,151
ACACCGGCGAAGTGTCACTG_021,160
ACACCGGCGAAGTGTCACTG_022,10
ACACCGGCGAAGTGTCACTG_023,196
ACACCGGCGAAGTGTCACTG_024,157
ACACCGGCGAAGTGTCACTG_025,148
ACACCGGCGAAGTGTCACTG_026,19
ACACCGGCGAAGTGTCACTG_027,39
ACACCGGCGAAGTGTCACTG_028,141
ACACCGGCGAAGTGTCACTG_029,31
GATCTCAGTTACTTGCATCG_001,44
TGGTTGCAGCCAGCGCACTG_001,63
TGGTTGCAGCCAGCGCACTG_002,134
TGGTTGCAGCCAGCGCACTG_003,107
TGGTTGCAGCCAGCGCACTG_004,156
TGGTTGCAGCCAGCGCACTG_005,155
TGGTTGCAGCCAGCGCACTG_006,29
TGGTTGCAGCCAGCGCACTG_007,38
CGGCTGGCTCCCGTTCGTCA_001,169
CGGCTGGCTCCCGTTCGTCA_002,73
CGGCTGGCTCCCGTTCGTCA_003,171
CGGCTGGCTCCCGTTCGTCA_004,182
CGGCTGGCTCCCGTTCGTCA_005,163
CGGCTGGCTCCCGTTCGTCA_006,174
CGGCTGGCTCCCGTTCGTCA_007,36
CGGCTGGCTCCCGTTCGTCA_008,19
CGGCTGGCTCCCGTTCGTCA_009,141
CGGCTGGCTCCCGTTCGTCA_010,58
TTTGAACGAATCAAGACCCT_001,154
TTTGAACGAATCAAGACCCT_002,103
TTTGAACGAATCAAGACCCT_003,94
TTTGAACGAATCAAGACCCT_004,129
TTTGAACGAATCAAGACCCT_005,115
TTTGAACGAATCAAGACCCT_006,138
CTCCTTCAATGGTAGCGAGA_001,96
CGCCACCGCAGAAACAGACC_001,185
CGCCACCGCAGAAACAGACC_002,48
CGCCACCGCAGAAACAGACC_003,129
CGCCACCGCAGAAACAGACC_004,177
TCAGCAAGATTGTCGGCAAG_001,115
TCAGCAAGATTGTCGGCAAG_002,61
TCAGCAAGATTGTCGGCAAG_003,9
TCAGCAAGATTGTCGGCAAG_004,191
TCAGCAAGATTGTCGGCAAG_005,192
TCAGCAAGATTGTCGGCAAG_006,159
TCAGCAAGATTGTCGGCAAG_007,159
TCAGCAAGATTGTCGGCAAG_008,193
TCAGCAAGATTGTCGGCAAG_009,68
ACGTCGATGAGCGTGTAGAG_001,70
ACGTCGATGAGCGTGTAGAG_002,199
ACGTCGATGAGCGTGTAGAG_003,69
ACGTCGATGAGCGTGTAGAG_004,49
ACGTCGATGAGCGTGTAGAG_005,127
ACGTCGATGAGCGTGTAGAG_006,117
ACGTCGATGAGCGTGTAGAG_007,120
ACGTCGATGAGCGTGTAGAG_008,133
ACGTCGATGAGCGTGTAGAG_009,186
ACGTCGATGAGCGTGTAGAG_010,191
ACGTCGATGAGCGTGTAGAG_011,69
ACGTCGATGAGCGTGTAGAG_012,150
ACGTCGATGAGCGTGTAGAG_013,148
ACGTCGATGAGCGTGTAGAG_014,171
ACGTCGATGAGCGTGTAGAG_015,175
ACGTCGATGAGCGTGTAGAG_016,8
ACGTCGATGAGCGTGTAGAG_017,191
ACGTCGATGAGCGTGTAGAG_018,113
ACGTCGATGAGCGTGTAGAG_019,88
ACGTCGATGAGCGTGTAGAG_020,63
ACGTCGATGAGCGTGTAGAG_021,119
ACGTCGATGAGCGTGTAGAG_022,137
ACGTCGATGAGCGTGTAGAG_023,188
ACGTCGATGAGCGTGTAGAG_024,106
ACGTCGATGAGCGTGTAGAG_025,140
ACGTCGATGAGCGTGTAGAG_026,46
ACGTCGATGAGCGTGTAGAG_027,146
ACGTCGATGAGCGTGTAGAG_028,149
ACGTCGATGAGCGTGTAGAG_029,121
CAAGTTTTCTGAAAGGCAAT_001,73
CAAGTTTTCTGAAAGGCAAT_002,127
CAAGTTTTCTGAAAGGCAAT_003,41
CAAGTTTTCTGAAAGGCAAT_004,65
CAAGTTTTCTGAAAGGCAAT_005,105
CAAGTTTTCTGAAAGGCAAT_006,94
CAAGTTTTCTGAAAGGCAAT_007,17
CAAGTTTTCTGAAAGGCAAT_008,56
CAAGTTTTCTGAAAGGCAAT_009,19
CAAGTTTTCTGAAAGGCAAT_010,73
CAAGTTTTCTGAAAGGCAAT_011,147
CAAGTTTTCTGAAAGGCAAT_012,199
CCTGGCGAGCCTCATCGATG_001,174
CCTGGCGAGCCTCATCGATG_002,183
CCTGGCGAGCCTCATCGATG_003,193
CCTGGCGAGCCTCATCGATG_004,132
CCTGGCGAGCCTCATCGATG_005,29
CCTGGCGAGCCTCATCGATG_006,185
CCTGGCGAGCCTCATCGATG_007,103
CCTGGCGAGCCTCATCGATG_008,57
AGGCAAAACGACTTGTGACT_001,77
AGGCAAAACGACTTGTGACT_002,192
AGGCAAAACGACTTGTGACT_003,186
AGGCAAAACGACTTGTGACT_004,1
AGGCAAAACGACTTGTGACT_005,160
AGGCAAAACGACTTGTGACT_006,84
AGGCAAAACGACTTGTGACT_007,124
AGGCAAAACGACTTGTGACT_008,166
ACTTTGTAGATAAAGTTATG_001,188
ACTTTGTAGATAAAGTTATG_002,28
ACTTTGTAGATAAAGTTATG_003,20
CTCATGCAATGCCCTCACCA_001,127
CTCATGCAATGCCCTCACCA_002,164
CTCATGCAATGCCCTCACCA_003,120
CTCATGCAATGCCCTCACCA_004,180
CTCATGCAATGCCCTCACCA_005,42
CTCATGCAATGCCCTCACCA_006,139
CTCATGCAATGCCCTCACCA_007,168
CTCATGCAATGCCCTCACCA_008,56
CTCATGCAATGCCCTCACCA_009,88
CTCATGCAATGCCCTCACCA_010,160
CTCATGCAATGCCCTCACCA_011,82
CTCATGCAATGCCCTCACCA_012,48
CTCATGCAATGCCCTCACCA_013,41
CTCATGCAATGCCCTCACCA_014,39
CTCATGCAATGCCCTCACCA_015,96
CTCATGCAATGCCCTCACCA_016,81
CTCATGCAATGCCCTCACCA_017,152
CTCATGCAATGCCCTCACCA_018,142
TTCTTCAGGAGAGCGCCCCA_001,115
TTCTTCAGGAGAGCGCCCCA_002,163
TTCTTCAGGAGAGCGCCCCA_003,12
TTCTTCAGGAGAGCGCCCCA_004,55
TTCTTCAGGAGAGCGCCCCA_005,3
TTCTTCAGGAGAGCGCCCCA_006,34
TTCTTCAGGAGAGCGCCCCA_007,77
TTCTTCAGGAGAGCGCCCCA_008,105
TTCTTCAGGAGAGCGCCCCA_009,168
TTCTTCAGGAGAGCGCCCCA_010,93
TTCTTCAGGAGAGCGCCCCA_011,82
TTCTTCAGGAGAGCGCCCCA_012,119
TTCTTCAGGAGAGCGCCCCA_013,49
TTCTTCAGGAGAGCGCCCCA_014,40
TTCTTCAGGAGAGCGCCCCA_015,98
TTCTTCAGGAGAGCGCCCCA_016,50
TTCTTCAGGAGAGCGCCCCA_017,177
TTCTTCAGGAGAGCGCCCCA_018,98
TTCTTCAGGAGAGCGCCCCA_019,63
TTCTTCAGGAGAGCGCCCCA_020,106
TTCTTCAGGAGAGCGCCCCA_021,63
TTCTTCAGGAGAGCGCCCCA_022,61
TTCTTCAGGAGAGCGCCCCA_023,65
TTCTTCAGGAGAGCGCCCCA_024,127
TTCTTCAGGAGAGCGCCCCA_025,143
TTCTTCAGGAGAGCGCCCCA_026,194
TTCTTCAGGAGAGCGCCCCA_027,9
TTCTTCAGGAGAGCGCCCCA_028,77
TTCTTCAGGAGAGCGCCCCA_029,24
TTCTTCAGGAGAGCGCCCCA_030,18
TTCTTCAGGAGAGCGCCCCA_031,91
TTCTTCAGGAGAGCGCCCCA_032,77
TTCTTCAGGAGAGCGCCCCA_033,40
TTCTTCAGGAGAGCGCCCCA_034,156
TTCTTCAGGAGAGCGCCCCA_035,175
TTCTTCAGGAGAGCGCCCCA_036,63
TTCTTCAGGAGAGCGCCCCA_037,37
TTCTTCAGGAGAGCGCCCCA_038,147
TTCTTCAGGAGAGCGCCCCA_039,75
TTCTTCAGGAGAGCGCCCCA_040,138
TTCTTCAGGAGAGCGCCCCA_041,180
TTCTTCAGGAGAGCGCCCCA_042,56
AGACAGAATGATCCGATGAG_001,40
AGACAGAATGATCCGATGAG_002,1
AGACAGAATGATCCGATGAG_003,94
AGACAGAATGATCCGATGAG_004,128
CCAGAGCAGACCGAACTCTG_001,51
CCAGAGCAGACCGAACTCTG_002,43
CCAGAGCAGACCGAACTCTG_003,191
CCAGAGCAGACCGAACTCTG_004,116
CCAGAGCAGACCGAACTCTG_005,185
CCAGAGCAGACCGAACTCTG_006,12
CCAGAGCAGACCGAACTCTG_007,13
CCAGAGCAGACCGAACTCTG_008,191
CCAGAGCAGACCGAACTCTG_009,174
CCAGAGCAGACCGAACTCTG_010,158
CCAGAGCAGACCGAACTCTG_011,174
CCAGAGCAGACCGAACTCTG_012,19
CCAGAGCAGACCGAACTCTG_013,63
TGCTCTATGAGAGCAGAAAG_001,116
TGCTCTATGAGAGCAGAAAG_002,33
TGCTCTATGAGAGCAGAAAG_003,71
TGCTCTATGAGAGCAGAAAG_004,162
TGCTCTATGAGAGCAGAAAG_005,108
TGCTCTATGAGAGCAGAAAG_006,124
AAATCGGGCACGGGTAATGG_001,162
AAATCGGGCACGGGTAATGG_002,172
AAATCGGGCACGGGTAATGG_003,164
AAATCGGGCACGGGTAATGG_004,42
AAATCGGGCACGGGTAATGG_005,129
AAATCGGGCACGGGTAATGG_006,145
AAATCGGGCACGGGTAATGG_007,17
AAATCGGGCACGGGTAATGG_008,83
AAATCGGGCACGGGTAATGG_009,68
AAATCGGGCACGGGTAATGG_010,5
AAATCGGGCACGGGTAATGG_011,94
AAATCGGGCACGGGTAATGG_012,175
TCGTACAGAAGCAATGCCAA_001,109
TCGTACAGAAGCAATGCCAA_002,29
TCGTACAGAAGCAATGCCAA_003,29
TCGTACAGAAGCAATGCCAA_004,48
TCGTACAGAAGCAATGCCAA_005,115
TCGTACAGAAGCAATGCCAA_006,186
TCGTACAGAAGCAATGCCAA_007,92
ACAGGGCTGCAGAAGATGTG_001,98
ACAGGGCTGCAGAAGATGTG_002,87
ACAGGGCTGCAGAAGATGTG_003,116
ACAGGGCTGCAGAAGATGTG_004,178
ACAGGGCTGCAGAAGATGTG_005,64
ACAGGGCTGCAGAAGATGTG_006,88
ACAGGGCTGCAGAAGATGTG_007,141
ACAGGGCTGCAGAAGATGTG_008,1
ACAGGGCTGCAGAAGATGTG_009,102
ACAGGGCTGCAGAAGATGTG_010,2
ACAGGGCTGCAGAAGATGTG_011,31
ACAGGGCTGCAGAAGATGTG_012,52
ACAGGGCTGCAGAAGATGTG_013,135
ACAGGGCTGCAGAAGATGTG_014,167
ACAGGGCTGCAGAAGATGTG_015,48
ACAGGGCTGCAGAAGATGTG_016,22
ACAGGGCTGCAGAAGATGTG_017,157
ACAGGGCTGCAGAAGATGTG_018,75
ACAGGGCTGCAGAAGATGTG_019,86
ACAGGGCTGCAGAAGATGTG_020,106
ACAGGGCTGCAGAAGATGTG_021,150
ACAGGGCTGCAGAAGATGTG_022,19
ACAGGGCTGCAGAAGATGTG_023,50
ACAGGGCTGCAGAAGATGTG_024,41
ACAGGGCTGCAGAAGATGTG_025,181
ACAGGGCTGCAGAAGATGTG_026,60
ACAGGGCTGCAGAAGATGTG_027,21
ACAGGGCTGCAGAAGATGTG_028,92
ACAGGGCTGCAGAAGATGTG_029,47
ACAGGGCTGCAGAAGATGTG_030,170
ACAGGGCTGCAGAAGATGTG_031,132
ACAGGGCTGCAGAAGATGTG_032,106
ACAGGGCTGCAGAAGATGTG_033,32
ACAGGGCTGCAGAAGATGTG_034,145
ACAGGGCTGCAGAAGATGTG_035,81
ACAGGGCTGCAGAAGATGTG_036,61
ACAGGGCTGCAGAAGATGTG_037,124
ACAGGGCTGCAGAAGATGTG_038,0
ACAGGGCTGCAGAAGATGTG_039,114
ACAGGGCTGCAGAAGATGTG_040,114
ACAGGGCTGCAGAAGATGTG_041,197
ACAGGGCTGCAGAAGATGTG_042,177
ACAGGGCTGCAGAAGATGTG_043,199
ACAGGGCTGCAGAAGATGTG_044,117
TATCCAAATGTCATTCCAGT_001,121
TATCCAAATGTCATTCCAGT_002,83
TATCCAAATGTCATTCCAGT_003,181
CCAGCCTAATCCAAAGACTG_001,8
CCAGCCTAATCCAAAGACTG_002,63
CCAGCCTAATCCAAAGACTG_003,34
CCAGCCTAATCCAAAGACTG_004,15
CCAGCCTAATCCAAAGACTG_005,88
CCAGCCTAATCCAAAGACTG_006,29
CCAGCCTAATCCAAAGACTG_007,173
CCAGCCTAATCCAAAGACTG_008,119
CCAGCCTAATCCAAAGACTG_009,119
CCAGCCTAATCCAAAGACTG_010,95
CCAGCCTAATCCAAAGACTG_011,85
CCAGCCTAATCCAAAGACTG_012,78
CCAGCCTAATCCAAAGACTG_013,104
GAGGAGGCACACTACAGACA_001,160
GAGGAGGCACACTACAGACA_002,94
GAGGAGGCACACTACAGACA_003,10
GAGGAGGCACACTACAGACA_004,82
GAGGAGGCACACTACAGACA_005,40
GAGGAGGCACACTACAGACA_006,116
CCTGTCGCTCCCGGTCCTGG_001,172
CCTGTCGCTCCCGGTCCTGG_002,184
CCTGTCGCTCCCGGTCCTGG_003,98
CCTGTCGCTCCCGGTCCTGG_004,19
CCTGTCGCTCCCGGTCCTGG_005,29
CCTGTCGCTCCCGGTCCTGG_006,73
CCTGTCGCTCCCGGTCCTGG_007,165
CCTGTCGCTCCCGGTCCTGG_008,190
CCTGTCGCTCCCGGTCCTGG_009,106
CCTGTCGCTCCCGGTCCTGG_010,11
CCTGTCGCTCCCGGTCCTGG_011,117
CCTGTCGCTCCCGGTCCTGG_012,121
CCTGTCGCTCCCGGTCCTGG_013,96
CCTGTCGCTCCCGGTCCTGG_014,96
CCTGTCGCTCCCGGTCCTGG_015,77
CCTGTCGCTCCCGGTCCTGG_016,155
CCTGTCGCTCCCGGTCCTGG_017,70
CCTGTCGCTCCCGGTCCTGG_018,15
CCTGTCGCTCCCGGTCCTGG_019,49
CCTGTCGCTCCCGGTCCTGG_020,90
CCTGTCGCTCCCGGTCCTGG_021,139
CCTGTCGCTCCCGGTCCTGG_022,27
GTGCCGGCATTCATTCTGCG_001,46
GTGCCGGCATTCATTCTGCG_002,32
GTGCCGGCATTCATTCTGCG_003,39
GTGCCGGCATTCATTCTGCG_004,131
GCCACCTTTGGAGCCCCCAC_001,172
GCCACCTTTGGAGCCCCCAC_002,19
GCCACCTTTGGAGCCCCCAC_003,163
GCCACCTTTGGAGCCCCCAC_004,54
GCCACCTTTGGAGCCCCCAC_005,69
GCCACCTTTGGAGCCCCCAC_006,83
GCCACCTTTGGAGCCCCCAC_007,51
GCCACCTTTGGAGCCCCCAC_008,118
GCCACCTTTGGAGCCCCCAC_009,199
GCCACCTTTGGAGCCCCCAC_010,22
GCCACCTTTGGAGCCCCCAC_011,52
GCCACCTTTGGAGCCCCCAC_012,124
GCCACCTTTGGAGCCCCCAC_013,144
GCCACCTTTGGAGCCCCCAC_014,36
GCTGTCTTCCAGAAGTATGC_001,18
GCTGTCTTCCAGAAGTATGC_002,162
GCTGTCTTCCAGAAGTATGC_003,121
AAGAAGGCATGGCAAGACTG_001,21
AAGAAGGCATGGCAAGACTG_002,134
AAGAAGGCATGGCAAGACTG_003,132
AAGAAGGCATGGCAAGACTG_004,32
AAGAAGGCATGGCAAGACTG_005,52
AAGAAGGCATGGCAAGACTG_006,100
AAGAAGGCATGGCAAGACTG_007,87
AAGAAGGCATGGCAAGACTG_008,81
AAGAAGGCATGGCAAGACTG_009,77
AAGAAGGCATGGCAAGACTG_010,31
TCAGTGTATTGGTCATAGCG_001,189
TCATGATGGTCATGTAGTGT_001,28
TCATGATGGTCATGTAGTGT_002,177
TGGAGTCCCATCATGACACG_001,132
TGGAGTCCCATCATGACACG_002,196
TGGAGTCCCATCATGACACG_003,53
TGGAGTCCCATCATGACACG_004,106
TGGAGTCCCATCATGACACG_005,193
TGGAGTCCCATCATGACACG_006,63
TGGAGTCCCATCATGACACG_007,72
TGGAGTCCCATCATGACACG_008,9
TGGAGTCCCATCATGACACG_009,191
AAATCTGAGAGCAGAGAATG_001,140
AAATCTGAGAGCAGAGAATG_002,148
AAATCTGAGAGCAGAGAATG_003,132
AAATCTGAGAGCAGAGAATG_004,145
AAATCTGAGAGCAGAGAATG_005,157
AAATCTGAGAGCAGAGAATG_006,26
AAATCTGAGAGCAGAGAATG_007,60
AAATCTGAGAGCAGAGAATG_008,191
AAATCTGAGAGCAGAGAATG_009,168
AAATCTGAGAGCAGAGAATG_010,184
TAAGCGGAAAGGATCCGATG_001,24
TAAGCGGAAAGGATCCGATG_002,33
TAAGCGGAAAGGATCCGATG_003,69
TAAGCGGAAAGGATCCGATG_004,28
TAAGCGGAAAGGATCCGATG_005,199
TAAGCGGAAAGGATCCGATG_006,105
TAAGCGGAAAGGATCCGATG_007,22
TAAGCGGAAAGGATCCGATG_008,40
TAAGCGGAAAGGATCCGATG_009,117
TAAGCGGAAAGGATCCGATG_010,185
TAAGCGGAAAGGATCCGATG_011,92
TAAGCGGAAAGGATCCGATG_012,105
TAAGCGGAAAGGATCCGATG_013,23
TAAGCGGAAAGGATCCGATG_014,61
TGGTTGCTATCCTACTCCAT_001,199
TGGTTGCTATCCTACTCCAT_002,135
TGGTTGCTATCCTACTCCAT_003,61
TGGTTGCTATCCTACTCCAT_004,47
TGGTTGCTATCCTACTCCAT_005,6
TGGTTGCTATCCTACTCCAT_006,191
TCTGCGTTCAATCCAAACTG_001,60
TCTGCGTTCAATCCAAACTG_002,34
TCTGCGTTCAATCCAAACTG_003,192
TCTGCGTTCAATCCAAACTG_004,66
GCACGCTTGCAAGGACATTG_001,150
GCACGCTTGCAAGGACATTG_002,124
GCACGCTTGCAAGGACATTG_003,23
GCACGCTTGCAAGGACATTG_004,146
GCACGCTTGCAAGGACATTG_005,188
GCACGCTTGCAAGGACATTG_006,166
GCACGCTTGCAAGGACATTG_007,29
GCACGCTTGCAAGGACATTG_008,72
GCACGCTTGCAAGGACATTG_009,118
GCACGCTTGCAAGGACATTG_010,28
GCACGCTTGCAAGGACATTG_011,157
GCACGCTTGCAAGGACATTG_012,70
GCACGCTTGCAAGGACATTG_013,170
GCACGCTTGCAAGGACATTG_014,24
GCACGCTTGCAAGGACATTG_015,150
GCACGCTTGCAAGGACATTG_016,156
GCACGCTTGCAAGGACATTG_017,39
GCACGCTTGCAAGGACATTG_018,137
GCACGCTTGCAAGGACATTG_019,70
GCACGCTTGCAAGGACATTG_020,196
ACCTTGATGTCACTTAGGAT_001,56
ACCTTGATGTCACTTAGGAT_002,108
ACCTTGATGTCACTTAGGAT_003,22
ACCTTGATGTCACTTAGGAT_004,198
ACCTTGATGTCACTTAGGAT_005,12
ACCTTGATGTCACTTAGGAT_006,46
ATTATATTGGCATCAGACTT_001,181
ATTATATTGGCATCAGACTT_002,147
ATTATATTGGCATCAGACTT_003,177
ATTATATTGGCATCAGACTT_004,81
ATTATATTGGCATCAGACTT_005,199
ATTATATTGGCATCAGACTT_006,12
ATTATATTGGCATCAGACTT_007,17
ATTATATTGGCATCAGACTT_008,105
ATTATATTGGCATCAGACTT_009,134
GGAACAGACCAGCTACATGG_001,106
GGAACAGACCAGCTACATGG_002,127
GGAACAGACCAGCTACATGG_003,107
GGAACAGACCAGCTACATGG_004,160
GGAACAGACCAGCTACATGG_005,83
GGAACAGACCAGCTACATGG_006,50
GGAACAGACCAGCTACATGG_007,65
ACTCCCGGAAATCAATTAGG_001,144
ACTCCCGGAAATCAATTAGG_002,11
GTATAGCTCGGGCACCAATG_001,156
GTATAGCTCGGGCACCAATG_002,86
GTATAGCTCGGGCACCAATG_003,28
GTATAGCTCGGGCACCAATG_004,190
GTATAGCTCGGGCACCAATG_005,76
GTATAGCTCGGGCACCAATG_006,11
GTATAGCTCGGGCACCAATG_007,100
GTATAGCTCGGGCACCAATG_008,135
GTATAGCTCGGGCACCAATG_009,25
GTATAGCTCGGGCACCAATG_010,47
TTCGTACCTAGTAATCCCAT_001,164
GCGGTTACAAAGAACTGAGG_001,77
GCGGTTACAAAGAACTGAGG_002,37
GCGGTTACAAAGAACTGAGG_003,8
GCGGTTACAAAGAACTGAGG_004,22
AATGATCTACAAACCTCTCG_001,168
AATGATCTACAAACCTCTCG_002,120
ATGGCCTAGTCAGTGCCTCG_001,141
ATGGCCTAGTCAGTGCCTCG_002,15
ATGGCCTAGTCAGTGCCTCG_003,148
ATGGCCTAGTCAGTGCCTCG_004,146
ATGGCCTAGTCAGTGCCTCG_005,98
ATGGCCTAGTCAGTGCCTCG_006,145
ATGGCCTAGTCAGTGCCTCG_007,72
ATGGCCTAGTCAGTGCCTCG_008,162
ATGGCCTAGTCAGTGCCTCG_009,105
ATGGCCTAGTCAGTGCCTCG_010,105
ATGGCCTAGTCAGTGCCTCG_011,2
ATGGCCTAGTCAGTGCCTCG_012,163
ATGGCCTAGTCAGTGCCTCG_013,2
ATGGCCTAGTCAGTGCCTCG_014,127
ATGGCCTAGTCAGTGCCTCG_015,177
ATGGCCTAGTCAGTGCCTCG_016,126
ATGGCCTAGTCAGTGCCTCG_017,11
ATGGCCTAGTCAGTGCCTCG_018,191
ATGGCCTAGTCAGTGCCTCG_019,19
ATGGCCTAGTCAGTGCCTCG_020,35
ATGGCCTAGTCAGTGCCTCG_021,127
ATGGCCTAGTCAGTGCCTCG_022,63
AATGTGACGTAGCGGCAGAT_001,33
AATGTGACGTAGCGGCAGAT_002,112
AATGTGACGTAGCGGCAGAT_003,169
AATGTGACGTAGCGGCAGAT_004,140
AATGTGACGTAGCGGCAGAT_005,48
AATGTGACGTAGCGGCAGAT_006,15
AATGTGACGTAGCGGCAGAT_007,10
AATGTGACGTAGCGGCAGAT_008,28
AATGTGACGTAGCGGCAGAT_009,187
AATGTGACGTAGCGGCAGAT_010,83
AATGTGACGTAGCGGCAGAT_011,160
AATGTGACGTAGCGGCAGAT_012,70
AATGTGACGTAGCGGCAGAT_013,105
AATGTGACGTAGCGGCAGAT_014,157
AATGTGACGTAGCGGCAGAT_015,194
AATGTGACGTAGCGGCAGAT_016,184
AATGTGACGTAGCGGCAGAT_017,30
AATGTGACGTAGCGGCAGAT_018,9
AATGTGACGTAGCGGCAGAT_019,127
AATGTGACGTAGCGGCAGAT_020,40
AATGTGACGTAGCGGCAGAT_021,148
AATGTGACGTAGCGGCAGAT_022,144
AATGTGACGTAGCGGCAGAT_023,111
AATGTGACGTAGCGGCAGAT_024,14
AATGTGACGTAGCGGCAGAT_025,155
AATGTGACGTAGCGGCAGAT_026,94
GGCTGGTGGACATAAAGAAA_001,98
GGCTGGTGGACATAAAGAAA_002,21
GGCTGGTGGACATAAAGAAA_003,105
GGCTGGTGGACATAAAGAAA_004,58
GGCTGGTGGACATAAAGAAA_005,116
GGCTGGTGGACATAAAGAAA_006,87
GGCTGGTGGACATAAAGAAA_007,41
GGCTGGTGGACATAAAGAAA_008,88
GGCTGGTGGACATAAAGAAA_009,76
GGCTGGTGGACATAAAGAAA_010,179
GGCTGGTGGACATAAAGAAA_011,50
GGCTGGTGGACATAAAGAAA_012,20
GGCTGGTGGACATAAAGAAA_013,22
GTTGGTATTGCCACGAGAAG_001,50
GTTGGTATTGCCACGAGAAG_002,97
GTTGGTATTGCCACGAGAAG_003,108
GTTGGTATTGCCACGAGAAG_004,144
GTTGGTATTGCCACGAGAAG_005,33
GTTGGTATTGCCACGAGAAG_006,154
GTTGGTATTGCCACGAGAAG_007,7
GTTGGTATTGCCACGAGAAG_008,49
GTTGGTATTGCCACGAGAAG_009,32
GTTGGTATTGCCACGAGAAG_010,172
GTTGGTATTGCCACGAGAAG_011,133
GTTGGTATTGCCACGAGAAG_012,10
GTTGGTATTGCCACGAGAAG_013,144
GTTGGTATTGCCACGAGAAG_014,68
GTTGGTATTGCCACGAGAAG_015,188
GTTGGTATTGCCACGAGAAG_016,49
GTTGGTATTGCCACGAGAAG_017,173
GTTGGTATTGCCACGAGAAG_018,194
AGAGATACCACAGTCAAACC_001,113
AGAGATACCACAGTCAAACC_002,147
AGAGATACCACAGTCAAACC_003,54
TGCCAAACAGCAAAGATCAG_001,83
TGCCAAACAGCAAAGATCAG_002,127
TGCCAAACAGCAAAGATCAG_003,28
TGCCAAACAGCAAAGATCAG_004,16
TGCCAAACAGCAAAGATCAG_005,184
TGCCAAACAGCAAAGATCAG_006,150
TGCCAAACAGCAAAGATCAG_007,113
TGCCAAACAGCAAAGATCAG_008,43
TGCCAAACAGCAAAGATCAG_009,57
TGCCAAACAGCAAAGATCAG_010,198
TGCCAAACAGCAAAGATCAG_011,19
TGCCAAACAGCAAAGATCAG_012,166
TGCCAAACAGCAAAGATCAG_013,184
TGCCAAACAGCAAAGATCAG_014,81
TGCCAAACAGCAAAGATCAG_015,147
TGCCAAACAGCAAAGATCAG_016,1
TGCCAAACAGCAAAGATCAG_017,94
TGCCAAACAGCAAAGATCAG_018,61
TGCCAAACAGCAAAGATCAG_019,170
TGCCAAACAGCAAAGATCAG_020,171
TGCCAAACAGCAAAGATCAG_021,162
TGCCAAACAGCAAAGATCAG_022,182
TGCCAAACAGCAAAGATCAG_023,199
TGCCAAACAGCAAAGATCAG_024,169
GCAGGATGGACATGAAATGC_001,49
GCAGGATGGACATGAAATGC_002,68
GCAGGATGGACATGAAATGC_003,1
GCAGGATGGACATGAAATGC_004,105
GCAGGATGGACATGAAATGC_005,146
GCAGGATGGACATGAAATGC_006,160
GCAGGATGGACATGAAATGC_007,3
GGCATGATGAGCTTTCGCGA_001,150
GGCATGATGAGCTTTCGCGA_002,73
GGCATGATGAGCTTTCGCGA_003,86
GGCATGATGAGCTTTCGCGA_004,76
GGCATGATGAGCTTTCGCGA_005,152
GGCATGATGAGCTTTCGCGA_006,115
TCGTTTCAAAGTAACTCTCC_001,81
TCGTTTCAAAGTAACTCTCC_002,163
TCGTTTCAAAGTAACTCTCC_003,95
TCGTTTCAAAGTAACTCTCC_004,192
GCAGATCGAGTCCTACCCCA_001,42
GCAGATCGAGTCCTACCCCA_002,50
GCAGATCGAGTCCTACCCCA_003,98
GCAGATCGAGTCCTACCCCA_004,113
GGTACGTTTGTAAATCACTC_001,2
GGTACGTTTGTAAATCACTC_002,12
GGTACGTTTGTAAATCACTC_003,122
GGTACGTTTGTAAATCACTC_004,70
GGTACGTTTGTAAATCACTC_005,146
GGTACGTTTGTAAATCACTC_006,182
GGTACGTTTGTAAATCACTC_007,58
GGTACGTTTGTAAATCACTC_008,32
GGTACGTTTGTAAATCACTC_009,113
GGTACGTTTGTAAATCACTC_010,103
GGTACGTTTGTAAATCACTC_011,29
GGAGTACATCGTCCTCAACG_001,9
GGAGTACATCGTCCTCAACG_002,142
GGAGTACATCGTCCTCAACG_003,51
GGAGTACATCGTCCTCAACG_004,133
GGAGTACATCGTCCTCAACG_005,68
GGAGTACATCGTCCTCAACG_006,192
GGAGTACATCGTCCTCAACG_007,163
TACCTGTATAGTGAGACCTG_001,42
TACCTGTATAGTGAGACCTG_002,50
TACCTGTATAGTGAGACCTG_003,193
TACCTGTATAGTGAGACCTG_004,122
TACCTGTATAGTGAGACCTG_005,164
TACCTGTATAGTGAGACCTG_006,40
TCCAGCCCTTCCACTCAATG_001,165
TCCAGCCCTTCCACTCAATG_002,59
TCCAGCCCTTCCACTCAATG_003,15
TCCAGCCCTTCCACTCAATG_004,57
TCCAGCCCTTCCACTCAATG_005,154
TCCAGCCCTTCCACTCAATG_006,94
TCCAGCCCTTCCACTCAATG_007,74
TCCAGCCCTTCCACTCAATG_008,60
TCCAGCCCTTCCACTCAATG_009,114
TCCAGCCCTTCCACTCAATG_010,90
TCCAGCCCTTCCACTCAATG_011,168
TCCAGCCCTTCCACTCAATG_012,70
TCCAGCCCTTCCACTCAATG_013,175
TCCAGCCCTTCCACTCAATG_014,88
GGGGACGAGTCTCCGAGCTG_001,11
GGGGACGAGTCTCCGAGCTG_002,116
GGGGACGAGTCTCCGAGCTG_003,158
GGGGACGAGTCTCCGAGCTG_004,158
GGGGACGAGTCTCCGAGCTG_005,147
GGGGACGAGTCTCCGAGCTG_006,114
GGGGACGAGTCTCCGAGCTG_007,114
GGGGACGAGTCTCCGAGCTG_008,127
GGGGACGAGTCTCCGAGCTG_009,11
GGGGACGAGTCTCCGAGCTG_010,135
GGGGACGAGTCTCCGAGCTG_011,11
GGGGACGAGTCTCCGAGCTG_012,146
GGGGACGAGTCTCCGAGCTG_013,198
GGGGACGAGTCTCCGAGCTG_014,30
GGGGACGAGTCTCCGAGCTG_015,92
GGGGACGAGTCTCCGAGCTG_016,49
GGGGACGAGTCTCCGAGCTG_017,8
GGGGACGAGTCTCCGAGCTG_018,48
GGGGACGAGTCTCCGAGCTG_019,26
GGGGACGAGTCTCCGAGCTG_020,138
GGGGACGAGTCTCCGAGCTG_021,29
GGGGACGAGTCTCCGAGCTG_022,88
GGGGACGAGTCTCCGAGCTG_023,13
GGGGACGAGTCTCCGAGCTG_024,45
GGGGACGAGTCTCCGAGCTG_025,17
GGGGACGAGTCTCCGAGCTG_026,166
GGGGACGAGTCTCCGAGCTG_027,147
GGGGACGAGTCTCCGAGCTG_028,28
GGGGACGAGTCTCCGAGCTG_029,65
GGGGACGAGTCTCCGAGCTG_030,3
GGGGACGAGTCTCCGAGCTG_031,184
CTGGTGAGCGAGATCTACGG_001,176
CGGGGAATTGCACGGCGGAA_001,134
CGGGGAATTGCACGGCGGAA_002,56
CGGGGAATTGCACGGCGGAA_003,65
CGGGGAATTGCACGGCGGAA_004,105
CGGGGAATTGCACGGCGGAA_005,100
CGGGGAATTGCACGGCGGAA_006,60
CGGGGAATTGCACGGCGGAA_007,68
CGGGGAATTGCACGGCGGAA_008,169
CGGGGAATTGCACGGCGGAA_009,149
CGGGGAATTGCACGGCGGAA_010,14
CGGGGAATTGCACGGCGGAA_011,75
CGGGGAATTGCACGGCGGAA_012,23
CGGGGAATTGCACGGCGGAA_013,137
CGGGGAATTGCACGGCGGAA_014,12
CGGGGAATTGCACGGCGGAA_015,188
CGGGGAATTGCACGGCGGAA_016,130
CGGGGAATTGCACGGCGGAA_017,147
CGGGGAATTGCACGGCGGAA_018,100
CGGGGAATTGCACGGCGGAA_019,141
CGGGGAATTGCACGGCGGAA_020,171
CGGGGAATTGCACGGCGGAA_021,32
CGGGGAATTGCACGGCGGAA_022,60
CGGGGAATTGCACGGCGGAA_023,42
GCTATGATGACCAGAACACG_001,127
GCTATGATGACCAGAACACG_002,8
GCTATGATGACCAGAACACG_003,115
GCTATGATGACCAGAACACG_004,102
GCTATGATGACCAGAACACG_005,68
GCTATGATGACCAGAACACG_006,179
GCTATGATGACCAGAACACG_007,38
GGAAGTGGGCGACAACGACC_001,144
GGAAGTGGGCGACAACGACC_002,30
GGCATCATACCAGGGCGAGG_001,109
GGCATCATACCAGGGCGAGG_002,85
GGCATCATACCAGGGCGAGG_003,6
GAATGATCGATTCAACTATG_001,7
GAATGATCGATTCAACTATG_002,70
GAATGATCGATTCAACTATG_003,11
TAGATGAGGATCCGCCGAGG_001,98
TAGATGAGGATCCGCCGAGG_002,0
TAGATGAGGATCCGCCGAGG_003,67
TAGATGAGGATCCGCCGAGG_004,121
TAGATGAGGATCCGCCGAGG_005,40
TAGATGAGGATCCGCCGAGG_006,33
TGAAGCCAAAGGCGAACCTG_001,60
TGAAGCCAAAGGCGAACCTG_002,177
TGAAGCCAAAGGCGAACCTG_003,23
TGAAGCCAAAGGCGAACCTG_004,24
TGAAGCCAAAGGCGAACCTG_005,51
TGAAGCCAAAGGCGAACCTG_006,147
TGAAGCCAAAGGCGAACCTG_007,48
TGAAGCCAAAGGCGAACCTG_008,34
TGAAGCCAAAGGCGAACCTG_009,157
TGAAGCCAAAGGCGAACCTG_010,133
TGAAGCCAAAGGCGAACCTG_011,28
TGAAGCCAAAGGCGAACCTG_012,102
AGGTGACGACAACTTGATGC_001,0
AGGTGACGACAACTTGATGC_002,32
AGGTGACGACAACTTGATGC_003,87
AGGTGACGACAACTTGATGC_004,62
AGGTGACGACAACTTGATGC_005,127
GAGGCTCATGTCAAACACGA_001,106
GAGGCTCATGTCAAACACGA_002,83
GAGGCTCATGTCAAACACGA_003,156
GAGGCTCATGTCAAACACGA_004,38
GAGGCTCATGTCAAACACGA_005,23
GGCCTCTACTCCTTCCACCG_001,60
GGCCTCTACTCCTTCCACCG_002,102
GGCCTCTACTCCTTCCACCG_003,144
TGGGCTCCGGAACAAACGTG_001,87
TGGGCTCCGGAACAAACGTG_002,191
TGGGCTCCGGAACAAACGTG_003,106
TGGGCTCCGGAACAAACGTG_004,70
TGGGCTCCGGAACAAACGTG_005,187
TGGGCTCCGGAACAAACGTG_006,176
TGGGCTCCGGAACAAACGTG_007,93
TCGCGCTATACAGGATCCGG_001,150
TCGCGCTATACAGGATCCGG_002,115
TCGCGCTATACAGGATCCGG_003,78
ACAAGAATAATCGAAGTTAG_001,13
AAAGATCCTTAAAACACGGA_001,17
AAAGATCCTTAAAACACGGA_002,12
AAAGATCCTTAAAACACGGA_003,169
AAAGATCCTTAAAACACGGA_004,123
AAAGATCCTTAAAACACGGA_005,104
AAAGATCCTTAAAACACGGA_006,107
AAAGATCCTTAAAACACGGA_007,128
AAAGATCCTTAAAACACGGA_008,12
AAAGATCCTTAAAACACGGA_009,137
AAAGATCCTTAAAACACGGA_010,60
AGCCATAGCTTGGAATATCG_001,59
AGCCATAGCTTGGAATATCG_002,116
AGCCATAGCTTGGAATATCG_003,107
GCCCTGAAGCAATACGGAGA_001,190
GCCCTGAAGCAATACGGAGA_002,8
GCCCTGAAGCAATACGGAGA_003,7
GCCCTGAAGCAATACGGAGA_004,77
GCCCTGAAGCAATACGGAGA_005,19
GCCCTGAAGCAATACGGAGA_006,159
GCCCTGAAGCAATACGGAGA_007,95
GCCCTGAAGCAATACGGAGA_008,29
GCCCTGAAGCAATACGGAGA_009,60
GCCCTGAAGCAATACGGAGA_010,121
GCCCTGAAGCAATACGGAGA_011,169
GCCCTGAAGCAATACGGAGA_012,132
GCCCTGAAGCAATACGGAGA_013,86
GCCCTGAAGCAATACGGAGA_014,99
AGAGAGGAACCTGCTCTACG_001,172
AGAGAGGAACCTGCTCTACG_002,196
AGAGAGGAACCTGCTCTACG_003,93
AGAGAGGAACCTGCTCTACG_004,54
AGAGAGGAACCTGCTCTACG_005,106
AGAGAGGAACCTGCTCTACG_006,5
AGAGAGGAACCTGCTCTACG_007,110
AGAGAGGAACCTGCTCTACG_008,110
AGAGAGGAACCTGCTCTACG_009,127
AGAGAGGAACCTGCTCTACG_010,66
AGAGAGGAACCTGCTCTACG_011,166
AGAGAGGAACCTGCTCTACG_012,137
AGAGAGGAACCTGCTCTACG_013,192
AGAGAGGAACCTGCTCTACG_014,2
AGAGAGGAACCTGCTCTACG_015,192
AGAGAGGAACCTGCTCTACG_016,9
AGAGAGGAACCTGCTCTACG_017,102
AGAGAGGAACCTGCTCTACG_018,168
AGAGAGGAACCTGCTCTACG_019,172
AGAGAGGAACCTGCTCTACG_020,138
AGAGAGGAACCTGCTCTACG_021,138
AGAGAGGAACCTGCTCTACG_022,106
AGAGAGGAACCTGCTCTACG_023,169
AGAGAGGAACCTGCTCTACG_024,85
AGAGAGGAACCTGCTCTACG_025,141
AGAGAGGAACCTGCTCTACG_026,33
AGAGAGGAACCTGCTCTACG_027,190
AGAGAGGAACCTGCTCTACG_028,84
AGAGAGGAACCTGCTCTACG_029,197
AGAGAGGAACCTGCTCTACG_030,178
AGAGAGGAACCTGCTCTACG_031,178
AGAGAGGAACCTGCTCTACG_032,155
AGAGAGGAACCTGCTCTACG_033,179
AGAGAGGAACCTGCTCTACG_034,179
AGAGAGGAACCTGCTCTACG_035,179
AGAGAGGAACCTGCTCTACG_036,5
AGAGAGGAACCTGCTCTACG_037,11
AGAGAGGAACCTGCTCTACG_038,35
GGGGTGGTGAAAAATCGGGC_001,131
GGGGTGGTGAAAAATCGGGC_002,102
GGGGTGGTGAAAAATCGGGC_003,134
GGGGTGGTGAAAAATCGGGC_004,15
TGCGAAGATGATATCACCTG_001,163
TGCGAAGATGATATCACCTG_002,34
GAACTGTCAGAACTTACGGG_001,43
GAACTGTCAGAACTTACGGG_002,58
GGTATCGTAGATGGTCAGCG_001,146
GGTATCGTAGATGGTCAGCG_002,188
GGTATCGTAGATGGTCAGCG_003,188
GGTATCGTAGATGGTCAGCG_004,43
GGTATCGTAGATGGTCAGCG_005,98
GGTATCGTAGATGGTCAGCG_006,134
GGTATCGTAGATGGTCAGCG_007,157
GGTATCGTAGATGGTCAGCG_008,102
CAGGACCCCAGTATTGTGTG_001,9
CATAGTAGCTAACATATCTG_001,148
CAGGGCAACCTCTACCAATG_001,126
CAGGGCAACCTCTACCAATG_002,82
CAGGGCAACCTCTACCAATG_003,35
CAGGGCAACCTCTACCAATG_004,150
CAGGGCAACCTCTACCAATG_005,184
CAGGGCAACCTCTACCAATG_006,137
CAGGGCAACCTCTACCAATG_007,102
AAGATGAGAGTTAAAACCAA_001,53
AAGATGAGAGTTAAAACCAA_002,132
AAGATGAGAGTTAAAACCAA_003,2
AAGATGAGAGTTAAAACCAA_004,90
AAGATGAGAGTTAAAACCAA_005,1
AAGATGAGAGTTAAAACCAA_006,188
AAGATGAGAGTTAAAACCAA_007,112
CTGCAGTTTCAGCGTATCCG_001,152
CTGCAGTTTCAGCGTATCCG_002,137
CTGCAGTTTCAGCGTATCCG_003,152
CTGCAGTTTCAGCGTATCCG_004,176
CTGCAGTTTCAGCGTATCCG_005,184
CTGCAGTTTCAGCGTATCCG_006,184
CTGCAGTTTCAGCGTATCCG_007,121
CTGCAGTTTCAGCGTATCCG_008,23
GTGCTTCAACCACATAGCAG_001,2
GTGCTTCAACCACATAGCAG_002,60
GTGCTTCAACCACATAGCAG_003,166
GTGCTTCAACCACATAGCAG_004,41
GTGCTTCAACCACATAGCAG_005,173
GTGCTTCAACCACATAGCAG_006,155
GTGCTTCAACCACATAGCAG_007,91
GTGCTTCAACCACATAGCAG_008,92
GTGCTTCAACCACATAGCAG_009,85
GTGCTTCAACCACATAGCAG_010,55
GTGCTTCAACCACATAGCAG_011,54
GTGCTTCAACCACATAGCAG_012,189
GTGCTTCAACCACATAGCAG_013,113
TCTGCTTATCCACATTCACC_001,36
TCTGCTTATCCACATTCACC_002,3
TCTGCTTATCCACATTCACC_003,116
GCCTCGGACATGGGACTCTG_001,81
GCCTCGGACATGGGACTCTG_002,48
GCCTCGGACATGGGACTCTG_003,84
GCCTCGGACATGGGACTCTG_004,41
GCCTCGGACATGGGACTCTG_005,78
GCCTCGGACATGGGACTCTG_006,146
CTTTGATAACGTGGGCGGTA_001,15
CTTTGATAACGTGGGCGGTA_002,138
CTTTGATAACGTGGGCGGTA_003,84
CTTTGATAACGTGGGCGGTA_004,188
CTTTGATAACGTGGGCGGTA_005,160
CTTTGATAACGTGGGCGGTA_006,87
CTTTGATAACGTGGGCGGTA_007,159
CTTTGATAACGTGGGCGGTA_008,181
CTTTGATAACGTGGGCGGTA_009,34
CTTTGATAACGTGGGCGGTA_010,32
CTTTGATAACGTGGGCGGTA_011,103
CTTTGATAACGTGGGCGGTA_012,155
CTTTGATAACGTGGGCGGTA_013,96
CTTTGATAACGTGGGCGGTA_014,27
CTTTGATAACGTGGGCGGTA_015,40
CTTTGATAACGTGGGCGGTA_016,105
CTTTGATAACGTGGGCGGTA_017,43
GCAAAAATAATACAGTGGTG_001,169
TTTCTCTGGATCAATCTACC_001,169
TTTCTCTGGATCAATCTACC_002,63
TTTCTCTGGATCAATCTACC_003,181
TTTCTCTGGATCAATCTACC_004,68
TTTCTCTGGATCAATCTACC_005,184
TTTCTCTGGATCAATCTACC_006,160
TGTCCCTCTATGCCTCAGGA_001,121
TGTCCCTCTATGCCTCAGGA_002,49
TGTCCCTCTATGCCTCAGGA_003,142
TGTCCCTCTATGCCTCAGGA_004,120
TGTCCCTCTATGCCTCAGGA_005,0
CGTGACAGGACATTTAAGCA_001,132
CGTGACAGGACATTTAAGCA_002,184
CGTGACAGGACATTTAAGCA_003,199
CGTGACAGGACATTTAAGCA_004,141
CGTGACAGGACATTTAAGCA_005,170
CGTGACAGGACATTTAAGCA_006,169
CGTGACAGGACATTTAAGCA_007,184
CGTGACAGGACATTTAAGCA_008,174
CGTGACAGGACATTTAAGCA_009,76
CGTGACAGGACATTTAAGCA_010,108
CGTGACAGGACATTTAAGCA_011,182
GGATGGTGTAAAGTTCGGCG_001,5
GGATGGTGTAAAGTTCGGCG_002,154
GGATGGTGTAAAGTTCGGCG_003,141
GGATGGTGTAAAGTTCGGCG_004,129
GTTCATGCCACCTACTGTAG_001,1
GTTCATGCCACCTACTGTAG_002,83
GTTCATGCCACCTACTGTAG_003,5
GTTCATGCCACCTACTGTAG_004,45
GTTCATGCCACCTACTGTAG_005,40
AGAAGTCGAACGGAGTCTGG_001,41
AGAAGTCGAACGGAGTCTGG_002,152
AGAAGTCGAACGGAGTCTGG_003,172
AGAAGTCGAACGGAGTCTGG_004,26
AGAAGTCGAACGGAGTCTGG_005,166
AGAAGTCGAACGGAGTCTGG_006,134
AGAAGTCGAACGGAGTCTGG_007,58
AGAAGTCGAACGGAGTCTGG_008,82
AGAAGTCGAACGGAGTCTGG_009,190
AGAAGTCGAACGGAGTCTGG_010,45
AGAAGTCGAACGGAGTCTGG_011,86
AGAAGTCGAACGGAGTCTGG_012,146
AGAAGTCGAACGGAGTCTGG_013,145
AGAAGTCGAACGGAGTCTGG_014,197
AGAAGTCGAACGGAGTCTGG_015,81
AGAAGTCGAACGGAGTCTGG_016,31
AGAAGTCGAACGGAGTCTGG_017,72
AGAAGTCGAACGGAGTCTGG_018,142
AGAAGTCGAACGGAGTCTGG_019,115
AGAAGTCGAACGGAGTCTGG_020,102
AGAAGTCGAACGGAGTCTGG_021,19
AGAAGTCGAACGGAGTCTGG_022,160
AGAAGTCGAACGGAGTCTGG_023,39
AGAAGTCGAACGGAGTCTGG_024,127
AGAAGTCGAACGGAGTCTGG_025,144
AGAAGTCGAACGGAGTCTGG_026,0
AGAAGTCGAACGGAGTCTGG_027,12
AGAAGTCGAACGGAGTCTGG_028,178
AGAAGTCGAACGGAGTCTGG_029,16
ATGACATTCGAAACCAGTTG_001,10
ATGACATTCGAAACCAGTTG_002,58
ATGACATTCGAAACCAGTTG_003,105
ATGACATTCGAAACCAGTTG_004,40
ATGACATTCGAAACCAGTTG_005,137
TTCATGTAGTGGTACTCGGA_001,78
TTCATGTAGTGGTACTCGGA_002,82
TTCATGTAGTGGTACTCGGA_003,29
TTCATGTAGTGGTACTCGGA_004,2
TTCATGTAGTGGTACTCGGA_005,174
TTCATGTAGTGGTACTCGGA_006,76
TTCATGTAGTGGTACTCGGA_007,41
TTCATGTAGTGGTACTCGGA_008,150
TTCATGTAGTGGTACTCGGA_009,48
TTCATGTAGTGGTACTCGGA_010,172
TTTAGATAACTGGAGTGCCA_001,169
TTTAGATAACTGGAGTGCCA_002,170
TTTAGATAACTGGAGTGCCA_003,58
TTTAGATAACTGGAGTGCCA_004,116
AGATTCGCATTGAAGATGAC_001,172
AGATTCGCATTGAAGATGAC_002,84
AGATTCGCATTGAAGATGAC_003,187
AGATTCGCATTGAAGATGAC_004,16
AGATTCGCATTGAAGATGAC_005,56
AGATTCGCATTGAAGATGAC_006,32
AGATTCGCATTGAAGATGAC_007,43
AGATTCGCATTGAAGATGAC_008,43
AGATTCGCATTGAAGATGAC_009,27
AGATTCGCATTGAAGATGAC_010,70
GTTGTTAAACCTGGCCGCGG_001,53
GTTGTTAAACCTGGCCGCGG_002,38
GTTGTTAAACCTGGCCGCGG_003,183
GTTGTTAAACCTGGCCGCGG_004,47
GTTGTTAAACCTGGCCGCGG_005,76
GTTGTTAAACCTGGCCGCGG_006,103
GTTGTTAAACCTGGCCGCGG_007,134
GTTGTTAAACCTGGCCGCGG_008,76
GTTGTTAAACCTGGCCGCGG_009,9
GTTGTTAAACCTGGCCGCGG_010,17
GTTGTTAAACCTGGCCGCGG_011,43
GTTGTTAAACCTGGCCGCGG_012,65
GTTGTTAAACCTGGCCGCGG_013,62
GTTGTTAAACCTGGCCGCGG_014,162
GTTGTTAAACCTGGCCGCGG_015,82
GTTGTTAAACCTGGCCGCGG_016,150
GTTGTTAAACCTGGCCGCGG_017,73
TCACAGCATTGAATTATACT_001,185
TCACAGCATTGAATTATACT_002,67
TCACAGCATTGAATTATACT_003,42
TCACAGCATTGAATTATACT_004,185
TCACAGCATTGAATTATACT_005,146
AGACCGGGCAGCTTTGTACG_001,182
AGACCGGGCAGCTTTGTACG_002,2
AGACCGGGCAGCTTTGTACG_003,62
AGACCGGGCAGCTTTGTACG_004,94
AGACCGGGCAGCTTTGTACG_005,2
AGACCGGGCAGCTTTGTACG_006,102
AGACCGGGCAGCTTTGTACG_007,29
GTAGAGACATGAGCCCCTCA_001,0
GTAGAGACATGAGCCCCTCA_002,104
GTAGAGACATGAGCCCCTCA_003,88
GTAGAGACATGAGCCCCTCA_004,49
GTAGAGACATGAGCCCCTCA_005,82
GTAGAGACATGAGCCCCTCA_006,178
GTAGAGACATGAGCCCCTCA_007,125
GTAGAGACATGAGCCCCTCA_008,6
GTAGAGACATGAGCCCCTCA_009,51
GTAGAGACATGAGCCCCTCA_010,88
GTAGAGACATGAGCCCCTCA_011,65
GTAGAGACATGAGCCCCTCA_012,185
GTAGAGACATGAGCCCCTCA_013,96
GTAGAGACATGAGCCCCTCA_014,143
GTAGAGACATGAGCCCCTCA_015,43
GTAGAGACATGAGCCCCTCA_016,90
GTAGAGACATGAGCCCCTCA_017,177
AATGTTGTGTTGAATACGAT_001,49
AATGTTGTGTTGAATACGAT_002,182
AATGTTGTGTTGAATACGAT_003,69
CCCACACCCACGGATCAACA_001,115
CCCACACCCACGGATCAACA_002,156
CCCACACCCACGGATCAACA_003,148
CCCACACCCACGGATCAACA_004,62
CCCACACCCACGGATCAACA_005,75
CCCACACCCACGGATCAACA_006,70
CCCACACCCACGGATCAACA_007,151
CCCACACCCACGGATCAACA_008,134
CCCACACCCACGGATCAACA_009,123
CCCACACCCACGGATCAACA_010,135
CCCACACCCACGGATCAACA_011,150
CCCACACCCACGGATCAACA_012,21
CCCACACCCACGGATCAACA_013,34
CCCACACCCACGGATCAACA_014,70
CCCACACCCACGGATCAACA_015,91
CCCACACCCACGGATCAACA_016,88
AAAATGTGAACTTACCGGAT_001,141
AAAATGTGAACTTACCGGAT_002,144
AAAATGTGAACTTACCGGAT_003,98
AAAATGTGAACTTACCGGAT_004,81
AAAATGTGAACTTACCGGAT_005,76
AAAATGTGAACTTACCGGAT_006,180
AAAATGTGAACTTACCGGAT_007,180
AGTAGTACTCGTGGCCGGCG_001,62
AGTAGTACTCGTGGCCGGCG_002,1
AGTAGTACTCGTGGCCGGCG_003,121
AGTAGTACTCGTGGCCGGCG_004,41
AGTAGTACTCGTGGCCGGCG_005,119
CCTTAAATACTGGTCAATGA_001,36
GGAGCAGTTCCACAATGCCA_001,41
GGAGCAGTTCCACAATGCCA_002,156
GGAGCAGTTCCACAATGCCA_003,121
GGAGCAGTTCCACAATGCCA_004,41
GGAGCAGTTCCACAATGCCA_005,106
GAAACTCCCTTCCAGCGAAG_001,3
GAAACTCCCTTCCAGCGAAG_002,177
GAAACTCCCTTCCAGCGAAG_003,102
GAAACTCCCTTCCAGCGAAG_004,58
GAAACTCCCTTCCAGCGAAG_005,78
GAAACTCCCTTCCAGCGAAG_006,188
GAAACTCCCTTCCAGCGAAG_007,81
GAAACTCCCTTCCAGCGAAG_008,108
GAAACTCCCTTCCAGCGAAG_009,2
GAAACTCCCTTCCAGCGAAG_010,178
GAAACTCCCTTCCAGCGAAG_011,35
GAAACTCCCTTCCAGCGAAG_012,157
GAAACTCCCTTCCAGCGAAG_013,56
GAAACTCCCTTCCAGCGAAG_014,34
GAAACTCCCTTCCAGCGAAG_015,141
GAAACTCCCTTCCAGCGAAG_016,103
GAAACTCCCTTCCAGCGAAG_017,136
ATGTAAAGTTCTGCCCCGTG_001,188
AGAACAGTAACCGGCGACGA_001,182
AGAACAGTAACCGGCGACGA_002,85
AGTGGTAATCTCGTATGGCA_001,40
AGTGGTAATCTCGTATGGCA_002,166
AGTGGTAATCTCGTATGGCA_003,12
AGTGGTAATCTCGTATGGCA_004,183
AGTGGTAATCTCGTATGGCA_005,9
AGTGGTAATCTCGTATGGCA_006,5
AGTGGTAATCTCGTATGGCA_007,21
AGTGGTAATCTCGTATGGCA_008,174
AGTGGTAATCTCGTATGGCA_009,160
AGTGGTAATCTCGTATGGCA_010,138
AGTGGTAATCTCGTATGGCA_011,18
AGTGGTAATCTCGTATGGCA_012,50
CCAGGGCACGCATTGACTGG_001,72
CCAGGGCACGCATTGACTGG_002,166
CCAGGGCACGCATTGACTGG_003,44
CCAGGGCACGCATTGACTGG_004,134
CCAGGGCACGCATTGACTGG_005,38
CCAGGGCACGCATTGACTGG_006,70
CCAGGGCACGCATTGACTGG_007,69
CCAGGGCACGCATTGACTGG_008,44
CCAGGGCACGCATTGACTGG_009,72
TCTGCTTTATCCTCCTAACA_001,81
TCTGCTTTATCCTCCTAACA_002,15
TCTGCTTTATCCTCCTAACA_003,55
AAGCGGACCCTGATTGCTGA_001,78
AAGCGGACCCTGATTGCTGA_002,32
AAGCGGACCCTGATTGCTGA_003,162
AAGCGGACCCTGATTGCTGA_004,169
AAGCGGACCCTGATTGCTGA_005,124
AAGCGGACCCTGATTGCTGA_006,31
AAGCGGACCCTGATTGCTGA_007,178
AAGCGGACCCTGATTGCTGA_008,73
AAGCGGACCCTGATTGCTGA_009,5
AAGCGGACCCTGATTGCTGA_010,81
AAGCGGACCCTGATTGCTGA_011,10
CCGTACTCACCAGAACAGGT_001,22
CCGTACTCACCAGAACAGGT_002,40
CCGTACTCACCAGAACAGGT_003,152
CCGTACTCACCAGAACAGGT_004,73
CCGTACTCACCAGAACAGGT_005,159
CCGTACTCACCAGAACAGGT_006,83
CCGTACTCACCAGAACAGGT_007,7
CCGTACTCACCAGAACAGGT_008,57
CCGTACTCACCAGAACAGGT_009,81
CCGTACTCACCAGAACAGGT_010,160
CCGTACTCACCAGAACAGGT_011,12
CGCATTCAGATTCGCCGCCG_001,100
CGCATTCAGATTCGCCGCCG_002,178
CGCATTCAGATTCGCCGCCG_003,40
CGCATTCAGATTCGCCGCCG_004,22
CGCATTCAGATTCGCCGCCG_005,71
GGTTTAAAAGGATAATCTGT_001,193
GGTTTAAAAGGATAATCTGT_002,18
GGTTTAAAAGGATAATCTGT_003,163
GGTTTAAAAGGATAATCTGT_004,76
GGTTTAAAAGGATAATCTGT_005,180
AGCACAGCACGTACGACTCG_001,35
AGCACAGCACGTACGACTCG_002,174
AGCACAGCACGTACGACTCG_003,12
TGATGCTGGGCGATTACCGA_001,96
TGATGCTGGGCGATTACCGA_002,166
TGATGCTGGGCGATTACCGA_003,38
TGATGCTGGGCGATTACCGA_004,26
TGATGCTGGGCGATTACCGA_005,68
TGATGCTGGGCGATTACCGA_006,43
TGATGCTGGGCGATTACCGA_007,115
CAAGTCCAAATACAGCGCCC_001,119
CAAGTCCAAATACAGCGCCC_002,67
CAAGTCCAAATACAGCGCCC_003,185
GGAAAACCACAAGTTCACCA_001,174
GGAAAACCACAAGTTCACCA_002,58
GGAAAACCACAAGTTCACCA_003,69
GGAAAACCACAAGTTCACCA_004,197
GGAAAACCACAAGTTCACCA_005,49
GGAAAACCACAAGTTCACCA_006,117
TGCTCCGGGAGACTCTGCCA_001,27
TGCTCCGGGAGACTCTGCCA_002,142
TGCTCCGGGAGACTCTGCCA_003,158
TGCTCCGGGAGACTCTGCCA_004,172
TGCTCCGGGAGACTCTGCCA_005,32
TGCTCCGGGAGACTCTGCCA_006,126
TGCTCCGGGAGACTCTGCCA_007,191
TGCTCCGGGAGACTCTGCCA_008,162
TGCTCCGGGAGACTCTGCCA_009,160
TGCTCCGGGAGACTCTGCCA_010,75
TGCTCCGGGAGACTCTGCCA_011,186
TGCTCCGGGAGACTCTGCCA_012,76
TGCTCCGGGAGACTCTGCCA_013,182
TGCTCCGGGAGACTCTGCCA_014,147
TGCTCCGGGAGACTCTGCCA_015,196
TGCTCCGGGAGACTCTGCCA_016,98
TGCTCCGGGAGACTCTGCCA_017,108
TGCTCCGGGAGACTCTGCCA_018,43
AAAGCGATTGAAGCAAGCCA_001,185
AAAGCGATTGAAGCAAGCCA_002,70
AAAGCGATTGAAGCAAGCCA_003,72
AAAGCGATTGAAGCAAGCCA_004,77
AAAGCGATTGAAGCAAGCCA_005,40
AAAGCGATTGAAGCAAGCCA_006,21
AAAGCGATTGAAGCAAGCCA_007,169
AAAGCGATTGAAGCAAGCCA_008,138
AAAGCGATTGAAGCAAGCCA_009,138
AAAGCGATTGAAGCAAGCCA_010,103
AAAGCGATTGAAGCAAGCCA_011,168
AAAGCGATTGAAGCAAGCCA_012,137
AAAGCGATTGAAGCAAGCCA_013,174
AAAGCGATTGAAGCAAGCCA_014,50
AAAGCGATTGAAGCAAGCCA_015,185
AAAGCGATTGAAGCAAGCCA_016,82
AAAGCGATTGAAGCAAGCCA_017,75
AAAGCGATTGAAGCAAGCCA_018,58
AAAGCGATTGAAGCAAGCCA_019,17
AAAGCGATTGAAGCAAGCCA_020,150
AAAGCGATTGAAGCAAGCCA_021,198
AAAGCGATTGAAGCAAGCCA_022,77
AAAGCGATTGAAGCAAGCCA_023,175
AAAGCGATTGAAGCAAGCCA_024,133
AAAGCGATTGAAGCAAGCCA_025,58
AAAGCGATTGAAGCAAGCCA_026,180
AAAGCGATTGAAGCAAGCCA_027,142
AAAGCGATTGAAGCAAGCCA_028,174
ATACTTACGAAAAACTACTG_001,172
ATACTTACGAAAAACTACTG_002,4
ATACTTACGAAAAACTACTG_003,152
ATACTTACGAAAAACTACTG_004,44
ATACTTACGAAAAACTACTG_005,171
ATACTTACGAAAAACTACTG_006,105
ATACTTACGAAAAACTACTG_007,158
ATACTTACGAAAAACTACTG_008,33
ATACTTACGAAAAACTACTG_009,77
ATACTTACGAAAAACTACTG_010,65
ATACTTACGAAAAACTACTG_011,174
ATACTTACGAAAAACTACTG_012,75
ATACTTACGAAAAACTACTG_013,106
ATACTTACGAAAAACTACTG_014,72
ATACTTACGAAAAACTACTG_015,27
ATACTTACGAAAAACTACTG_016,91
TTCCGCGGCACTCAGCCGAA_001,97
TTCCGCGGCACTCAGCCGAA_002,198
TTCCGCGGCACTCAGCCGAA_003,87
TTCCGCGGCACTCAGCCGAA_004,81
TTCCGCGGCACTCAGCCGAA_005,195
TTCCGCGGCACTCAGCCGAA_006,36
TTCCGCGGCACTCAGCCGAA_007,19
TTCCGCGGCACTCAGCCGAA_008,184
TTCCGCGGCACTCAGCCGAA_009,49
TACCGAACAGAAAGGGACAA_001,12
TACCGAACAGAAAGGGACAA_002,19
TACCGAACAGAAAGGGACAA_003,14
TACCGAACAGAAAGGGACAA_004,123
TACCGAACAGAAAGGGACAA_005,128
TACCGAACAGAAAGGGACAA_006,160
TACCGAACAGAAAGGGACAA_007,121
TACCGAACAGAAAGGGACAA_008,124
TACCGAACAGAAAGGGACAA_009,77
TACCGAACAGAAAGGGACAA_010,94
TACCGAACAGAAAGGGACAA_011,107
TACCGAACAGAAAGGGACAA_012,185
TACCGAACAGAAAGGGACAA_013,162
TACCGAACAGAAAGGGACAA_014,184
TACCGAACAGAAAGGGACAA_015,169
TACCGAACAGAAAGGGACAA_016,175
TACCGAACAGAAAGGGACAA_017,178
TACCGAACAGAAAGGGACAA_018,4
TACCGAACAGAAAGGGACAA_019,121
TACCGAACAGAAAGGGACAA_020,72
TACCGAACAGAAAGGGACAA_021,29
GCACGCGTGCCAGCTGCGAG_001,8
GCACGCGTGCCAGCTGCGAG_002,174
GCACGCGTGCCAGCTGCGAG_003,68
GCACGCGTGCCAGCTGCGAG_004,79
GCACGCGTGCCAGCTGCGAG_005,188
GCACGCGTGCCAGCTGCGAG_006,50
GCACGCGTGCCAGCTGCGAG_007,16
GCACGCGTGCCAGCTGCGAG_008,150
GCACGCGTGCCAGCTGCGAG_009,79
GCACGCGTGCCAGCTGCGAG_010,16
GCACGCGTGCCAGCTGCGAG_011,141
GCACGCGTGCCAGCTGCGAG_012,160
GCACGCGTGCCAGCTGCGAG_013,121
GCACGCGTGCCAGCTGCGAG_014,175
GCACGCGTGCCAGCTGCGAG_015,43
GCACGCGTGCCAGCTGCGAG_016,50
GCACGCGTGCCAGCTGCGAG_017,28
CAAACTCGCCGCGGGCCGTG_001,56
CAAACTCGCCGCGGGCCGTG_002,156
CAAACTCGCCGCGGGCCGTG_003,15
CAAACTCGCCGCGGGCCGTG_004,135
CAAACTCGCCGCGGGCCGTG_005,44
CAAACTCGCCGCGGGCCGTG_006,77
CAAACTCGCCGCGGGCCGTG_007,88
CAAACTCGCCGCGGGCCGTG_008,67
CTCGTTCAGCTGATGCACTG_001,23
CTCGTTCAGCTGATGCACTG_002,175
CTCGTTCAGCTGATGCACTG_003,166
CTCGTTCAGCTGATGCACTG_004,191
CTCGTTCAGCTGATGCACTG_005,17
CTCGTTCAGCTGATGCACTG_006,115
CTCGTTCAGCTGATGCACTG_007,166
CTCGTTCAGCTGATGCACTG_008,145
CTCGTTCAGCTGATGCACTG_009,50
CTCGTTCAGCTGATGCACTG_010,99
CTCGTTCAGCTGATGCACTG_011,84
CTCGTTCAGCTGATGCACTG_012,55
CTCGTTCAGCTGATGCACTG_013,70
CTCGTTCAGCTGATGCACTG_014,49
CTCGTTCAGCTGATGCACTG_015,55
CTCGTTCAGCTGATGCACTG_016,9
CTCGTTCAGCTGATGCACTG_017,70
TGGTGGACGGGAAAACACTG_001,77
TGGTGGACGGGAAAACACTG_002,22
TGGTGGACGGGAAAACACTG_003,60
TGGTGGACGGGAAAACACTG_004,174
TGGTGGACGGGAAAACACTG_005,191
TGGTGGACGGGAAAACACTG_006,79
TGGTGGACGGGAAAACACTG_007,191
TGGTGGACGGGAAAACACTG_008,158
TGGTGGACGGGAAAACACTG_009,21
TGGTGGACGGGAAAACACTG_010,41
TGGTGGACGGGAAAACACTG_011,41
TGGTGGACGGGAAAACACTG_012,28
TGGTGGACGGGAAAACACTG_013,148
TGGTGGACGGGAAAACACTG_014,184
TGGTGGACGGGAAAACACTG_015,88
TGGTGGACGGGAAAACACTG_016,107
TGGTGGACGGGAAAACACTG_017,169
TGGTGGACGGGAAAACACTG_018,143
TGGTGGACGGGAAAACACTG_019,96
TGGTGGACGGGAAAACACTG_020,187
TGGTGGACGGGAAAACACTG_021,67
TGGTGGACGGGAAAACACTG_022,188
TGGTGGACGGGAAAACACTG_023,115
TGGTGGACGGGAAAACACTG_024,104
TGGTGGACGGGAAAACACTG_025,184
TGGTGGACGGGAAAACACTG_026,150
TGGTGGACGGGAAAACACTG_027,105
TGGTGGACGGGAAAACACTG_028,170
TGGTGGACGGGAAAACACTG_029,88
TGGTGGACGGGAAAACACTG_030,135
TGGTGGACGGGAAAACACTG_031,6
TGGTGGACGGGAAAACACTG_032,6
TGGTGGACGGGAAAACACTG_033,119
TGGTGGACGGGAAAACACTG_034,158
TGGTGGACGGGAAAACACTG_035,161
TGGTGGACGGGAAAACACTG_036,101
TGGTGGACGGGAAAACACTG_037,81
TGGTGGACGGGAAAACACTG_038,158
TGGTGGACGGGAAAACACTG_039,5
TGGTGGACGGGAAAACACTG_040,34
TGGTGGACGGGAAAACACTG_041,169
TGGTGGACGGGAAAACACTG_042,134
TGGTGGACGGGAAAACACTG_043,190
TGGTGGACGGGAAAACACTG_044,60
TGGTGGACGGGAAAACACTG_045,124
TGGTGGACGGGAAAACACTG_046,73
TGGTGGACGGGAAAACACTG_047,159
TGGTGGACGGGAAAACACTG_048,159
TGGTGGACGGGAAAACACTG_049,194
TGGTGGACGGGAAAACACTG_050,43
TGGTGGACGGGAAAACACTG_051,182
TGGTGGACGGGAAAACACTG_052,180
TGGTGGACGGGAAAACACTG_053,50
TGGTGGACGGGAAAACACTG_054,27
TGGTGGACGGGAAAACACTG_055,56
TGGTGGACGGGAAAACACTG_056,147
AGCCTTGAGACATGAGAGCT_001,157
AGCCTTGAGACATGAGAGCT_002,150
AGCCTTGAGACATGAGAGCT_003,96
AGCCTTGAGACATGAGAGCT_004,82
AGCCTTGAGACATGAGAGCT_005,188
AGCCTTGAGACATGAGAGCT_006,26
AGCCTTGAGACATGAGAGCT_007,155
AGCCTTGAGACATGAGAGCT_008,112
AGCCTTGAGACATGAGAGCT_009,67
AGCCTTGAGACATGAGAGCT_010,11
AGCCTTGAGACATGAGAGCT_011,72
AGCCTTGAGACATGAGAGCT_012,172
AGCCTTGAGACATGAGAGCT_013,149
AGCCTTGAGACATGAGAGCT_014,184
AGCCTTGAGACATGAGAGCT_015,185
AGCCTTGAGACATGAGAGCT_016,119
AGCCTTGAGACATGAGAGCT_017,3
AGCCTTGAGACATGAGAGCT_018,114
AGCCTTGAGACATGAGAGCT_019,111
AGCCTTGAGACATGAGAGCT_020,100
AGCCTTGAGACATGAGAGCT_021,75
AGCCTTGAGACATGAGAGCT_022,86
AGCCTTGAGACATGAGAGCT_023,69
AGCCTTGAGACATGAGAGCT_024,63
AGCCTTGAGACATGAGAGCT_025,130
AGCCTTGAGACATGAGAGCT_026,63
AGCCTTGAGACATGAGAGCT_027,107
AGCCTTGAGACATGAGAGCT_028,48
AGCCTTGAGACATGAGAGCT_029,94
AGCCTTGAGACATGAGAGCT_030,187
AGCCTTGAGACATGAGAGCT_031,46
AGCCTTGAGACATGAGAGCT_032,55
AGCATCACGTGCGCTTGGAG_001,115
AGCATCACGTGCGCTTGGAG_002,23
AGCATCACGTGCGCTTGGAG_003,0
AGCATCACGTGCGCTTGGAG_004,83
AGCATCACGTGCGCTTGGAG_005,50
AGCATCACGTGCGCTTGGAG_006,172
AGCATCACGTGCGCTTGGAG_007,84
AGCATCACGTGCGCTTGGAG_008,160
AGCATCACGTGCGCTTGGAG_009,91
AGCATCACGTGCGCTTGGAG_010,13
AGCATCACGTGCGCTTGGAG_011,143
AGCATCACGTGCGCTTGGAG_012,16
GATCAATCCATAAAGCATCT_001,125
GGGCAATAATGGTCTGACAC_001,116
GGGCAATAATGGTCTGACAC_002,10
GGGCAATAATGGTCTGACAC_003,68
AGGTGGAGCAGAATTCCATA_001,188
AGGTGGAGCAGAATTCCATA_002,76
AGGTGGAGCAGAATTCCATA_003,154
AGGTGGAGCAGAATTCCATA_004,86
AGGTGGAGCAGAATTCCATA_005,182
AGGTGGAGCAGAATTCCATA_006,156
AGGTGGAGCAGAATTCCATA_007,88
AGGTGGAGCAGAATTCCATA_008,48
AGGTGGAGCAGAATTCCATA_009,48
AGGTGGAGCAGAATTCCATA_010,15
AGGTGGAGCAGAATTCCATA_011,110
AGGTGGAGCAGAATTCCATA_012,155
CTTACCAAGGCCCATACAGT_001,103
CTTACCAAGGCCCATACAGT_002,176
CTTACCAAGGCCCATACAGT_003,16
CTTACCAAGGCCCATACAGT_004,57
CTTACCAAGGCCCATACAGT_005,34
CTTACCAAGGCCCATACAGT_006,134
CTTACCAAGGCCCATACAGT_007,175
CTTACCAAGGCCCATACAGT_008,83
CTTACCAAGGCCCATACAGT_009,107
CTTACCAAGGCCCATACAGT_010,130
CTTACCAAGGCCCATACAGT_011,2
CTTACCAAGGCCCATACAGT_012,81
CTTACCAAGGCCCATACAGT_013,63
CTTACCAAGGCCCATACAGT_014,4
CTTACCAAGGCCCATACAGT_015,3
CTTACCAAGGCCCATACAGT_016,160
CAGGTGACCCGAGTGACAAG_001,54
CAGGTGACCCGAGTGACAAG_002,41
CAGGTGACCCGAGTGACAAG_003,149
CAGGTGACCCGAGTGACAAG_004,147
CAGGTGACCCGAGTGACAAG_005,62
CAGGTGACCCGAGTGACAAG_006,57
CAGGTGACCCGAGTGACAAG_007,29
CAGGTGACCCGAGTGACAAG_008,47
CAGGTGACCCGAGTGACAAG_009,161
CAGGTGACCCGAGTGACAAG_010,12
CAGGTGACCCGAGTGACAAG_011,123
CAGGTGACCCGAGTGACAAG_012,128
CAGGTGACCCGAGTGACAAG_013,177
CAGGTGACCCGAGTGACAAG_014,52
CAGGTGACCCGAGTGACAAG_015,175
CAGGTGACCCGAGTGACAAG_016,38
CAGGTGACCCGAGTGACAAG_017,91
CAGGTGACCCGAGTGACAAG_018,179
TTCTGCGTCTTGGAGTAGCA_001,57
TTCTGCGTCTTGGAGTAGCA_002,37
TTCTGCGTCTTGGAGTAGCA_003,134
TTCTGCGTCTTGGAGTAGCA_004,177
TTCTGCGTCTTGGAGTAGCA_005,194
TTCTGCGTCTTGGAGTAGCA_006,103
TTCTGCGTCTTGGAGTAGCA_007,26
TTCTGCGTCTTGGAGTAGCA_008,41
TTCTGCGTCTTGGAGTAGCA_009,76
TTCTGCGTCTTGGAGTAGCA_010,145
TTCTGCGTCTTGGAGTAGCA_011,141
TTCTGCGTCTTGGAGTAGCA_012,184
TTCTGCGTCTTGGAGTAGCA_013,138
TTCTGCGTCTTGGAGTAGCA_014,188
TTCTGCGTCTTGGAGTAGCA_015,177
TTCTGCGTCTTGGAGTAGCA_016,48
TTCTGCGTCTTGGAGTAGCA_017,130
TTCTGCGTCTTGGAGTAGCA_018,159
TTCTGCGTCTTGGAGTAGCA_019,13
ACATCGCCTCAACATTGCTG_001,15
ACATCGCCTCAACATTGCTG_002,15
ACATCGCCTCAACATTGCTG_003,169
ACATCGCCTCAACATTGCTG_004,57
ACATCGCCTCAACATTGCTG_005,160
ACATCGCCTCAACATTGCTG_006,162
ACATCGCCTCAACATTGCTG_007,65
ACATCGCCTCAACATTGCTG_008,27
ACATCGCCTCAACATTGCTG_009,148
ACATCGCCTCAACATTGCTG_010,171
ACATCGCCTCAACATTGCTG_011,144
ACATCGCCTCAACATTGCTG_012,141
ACATCGCCTCAACATTGCTG_013,19
ACATCGCCTCAACATTGCTG_014,32
ACATCGCCTCAACATTGCTG_015,186
ACATCGCCTCAACATTGCTG_016,149
ACATCGCCTCAACATTGCTG_017,2
ACATCGCCTCAACATTGCTG_018,176
ACATCGCCTCAACATTGCTG_019,54
ACATCGCCTCAACATTGCTG_020,41
ACATCGCCTCAACATTGCTG_021,116
ACATCGCCTCAACATTGCTG_022,59
ACATCGCCTCAACATTGCTG_023,127
ACATCGCCTCAACATTGCTG_024,170
ACATCGCCTCAACATTGCTG_025,83
ACATCGCCTCAACATTGCTG_026,114
ACATCGCCTCAACATTGCTG_027,95
ACATCGCCTCAACATTGCTG_028,177
ACATCGCCTCAACATTGCTG_029,9
ACATCGCCTCAACATTGCTG_030,126
ACATCGCCTCAACATTGCTG_031,177
ACATCGCCTCAACATTGCTG_032,74
AGAGGGTCAAGGGTGGCACA_001,1
AGAGGGTCAAGGGTGGCACA_002,15
AGAGGGTCAAGGGTGGCACA_003,182
AGAGGGTCAAGGGTGGCACA_004,102
AGAGGGTCAAGGGTGGCACA_005,94
AGAGGGTCAAGGGTGGCACA_006,85
AGAGGGTCAAGGGTGGCACA_007,61
AGAGGGTCAAGGGTGGCACA_008,9
AGAGGGTCAAGGGTGGCACA_009,66
AGAGGGTCAAGGGTGGCACA_010,179
AGAGGGTCAAGGGTGGCACA_011,81
AGAGGGTCAAGGGTGGCACA_012,141
AGAGGGTCAAGGGTGGCACA_013,141
AGAGGGTCAAGGGTGGCACA_014,84
AGAGGGTCAAGGGTGGCACA_015,9
AGAGGGTCAAGGGTGGCACA_016,129
AGAGGGTCAAGGGTGGCACA_017,117
AGAGGGTCAAGGGTGGCACA_018,178
AGAGGGTCAAGGGTGGCACA_019,160
CTATGAGAACCTCTACTGCG_001,194
CTATGAGAACCTCTACTGCG_002,145
CTATGAGAACCTCTACTGCG_003,9
CTATGAGAACCTCTACTGCG_004,159
GCAGCCAAGATAACCCGTTG_001,95
GCAGCCAAGATAACCCGTTG_002,43
GCAGCCAAGATAACCCGTTG_003,192
GCAGCCAAGATAACCCGTTG_004,182
GCAGCCAAGATAACCCGTTG_005,91
GCAGCCAAGATAACCCGTTG_006,112
GCAGCCAAGATAACCCGTTG_007,34
GCAGCCAAGATAACCCGTTG_008,105
GCAGCCAAGATAACCCGTTG_009,87
TCTTGCACTGTATCACAAGG_001,88
TCTTGCACTGTATCACAAGG_002,50
TGAAGAACAACATGAACACC_001,42
TGAAGAACAACATGAACACC_002,168
TGAAGAACAACATGAACACC_003,15
TGAAGAACAACATGAACACC_004,155
TTGACCATAATTATGCTCAG_001,2
TCTGAAGTACATGTTGACTG_001,60
CAGCAGATGGAAGAAGTAGT_001,78
CAGCAGATGGAAGAAGTAGT_002,16
CAGCAGATGGAAGAAGTAGT_003,84
CAGCAGATGGAAGAAGTAGT_004,114
CAGCAGATGGAAGAAGTAGT_005,89
CAGCAGATGGAAGAAGTAGT_006,147
CAGCAGATGGAAGAAGTAGT_007,28
CCATAGCTCTAGCGATAAAC_001,9
CCATAGCTCTAGCGATAAAC_002,17
CCATAGCTCTAGCGATAAAC_003,158
CCATAGCTCTAGCGATAAAC_004,120
CCATAGCTCTAGCGATAAAC_005,127
CCATAGCTCTAGCGATAAAC_006,138
CCATAGCTCTAGCGATAAAC_007,65
CCATAGCTCTAGCGATAAAC_008,70
GATGGCAGGACCCTGTACGT_001,69
GATGGCAGGACCCTGTACGT_002,118
GATGGCAGGACCCTGTACGT_003,175
GATGGCAGGACCCTGTACGT_004,36
GATGGCAGGACCCTGTACGT_005,8
GATGGCAGGACCCTGTACGT_006,101
GATGGCAGGACCCTGTACGT_007,100
GATGGCAGGACCCTGTACGT_008,170
GATGGCAGGACCCTGTACGT_009,109
GATGGCAGGACCCTGTACGT_010,115
GATGGCAGGACCCTGTACGT_011,144
GATGGCAGGACCCTGTACGT_012,177
GATGGCAGGACCCTGTACGT_013,187
GATGGCAGGACCCTGTACGT_014,29
GATGGCAGGACCCTGTACGT_015,22
GATGGCAGGACCCTGTACGT_016,125
GATGGCAGGACCCTGTACGT_017,117
GATGGCAGGACCCTGTACGT_018,63
GATGGCAGGACCCTGTACGT_019,150
GATGGCAGGACCCTGTACGT_020,145
GATGGCAGGACCCTGTACGT_021,62
GATGGCAGGACCCTGTACGT_022,39
GATGGCAGGACCCTGTACGT_023,40
GATGGCAGGACCCTGTACGT_024,121
GATGGCAGGACCCTGTACGT_025,138
GATGGCAGGACCCTGTACGT_026,168
GATGGCAGGACCCTGTACGT_027,147
GATGGCAGGACCCTGTACGT_028,184
GATGGCAGGACCCTGTACGT_029,142
GATGGCAGGACCCTGTACGT_030,144
GATGGCAGGACCCTGTACGT_031,138
GATGGCAGGACCCTGTACGT_032,197
GACTTGTTGTCTCCTTGTGG_001,184
GACTTGTTGTCTCCTTGTGG_002,149
GACTTGTTGTCTCCTTGTGG_003,19
GACTTGTTGTCTCCTTGTGG_004,89
GACTTGTTGTCTCCTTGTGG_005,80
GACTTGTTGTCTCCTTGTGG_006,135
GACTTGTTGTCTCCTTGTGG_007,40
GGGAACAGTTCCATCAGCCT_001,187
GGGAACAGTTCCATCAGCCT_002,26
GGGAACAGTTCCATCAGCCT_003,160
GGGAACAGTTCCATCAGCCT_004,68
GGGAACAGTTCCATCAGCCT_005,94
GGGAACAGTTCCATCAGCCT_006,83
GGGAACAGTTCCATCAGCCT_007,14
GGGAACAGTTCCATCAGCCT_008,72
GGGAACAGTTCCATCAGCCT_009,23
GGGAACAGTTCCATCAGCCT_010,121
GGGAACAGTTCCATCAGCCT_011,106
GGGAACAGTTCCATCAGCCT_012,1
GGGAACAGTTCCATCAGCCT_013,114
GGGAACAGTTCCATCAGCCT_014,145
GGGAACAGTTCCATCAGCCT_015,179
GGGAACAGTTCCATCAGCCT_016,23
GGGAACAGTTCCATCAGCCT_017,168
GGGAACAGTTCCATCAGCCT_018,22
GGGAACAGTTCCATCAGCCT_019,75
GGGAACAGTTCCATCAGCCT_020,78
GGGAACAGTTCCATCAGCCT_021,3
GGGAACAGTTCCATCAGCCT_022,130
GCCGATAGTCAAGTTCCCGG_001,191
GCCGATAGTCAAGTTCCCGG_002,60
GCCGATAGTCAAGTTCCCGG_003,105
GCCGATAGTCAAGTTCCCGG_004,137
GCCGATAGTCAAGTTCCCGG_005,44
GCCGATAGTCAAGTTCCCGG_006,14
GCCGATAGTCAAGTTCCCGG_007,106
GCCGATAGTCAAGTTCCCGG_008,48
AGTGTGTGCGCAGAGTATTG_001,15
AGTGTGTGCGCAGAGTATTG_002,72
AGTGTGTGCGCAGAGTATTG_003,190
AGTGTGTGCGCAGAGTATTG_004,67
CCTTACCTGTTGACTCTACG_001,119
CCTTACCTGTTGACTCTACG_002,191
CCTTACCTGTTGACTCTACG_003,17
CCTTACCTGTTGACTCTACG_004,184
CCTTACCTGTTGACTCTACG_005,61
CCTTACCTGTTGACTCTACG_006,123
CCTTACCTGTTGACTCTACG_007,148
CCTTACCTGTTGACTCTACG_008,48
CCTTACCTGTTGACTCTACG_009,149
CCTTACCTGTTGACTCTACG_010,33
CCTTACCTGTTGACTCTACG_011,152
CCTTACCTGTTGACTCTACG_012,40
CCTTACCTGTTGACTCTACG_013,50
CCTTACCTGTTGACTCTACG_014,16
CCTTACCTGTTGACTCTACG_015,176
CCTTACCTGTTGACTCTACG_016,176
CCTTACCTGTTGACTCTACG_017,60
CCTTACCTGTTGACTCTACG_018,182
CCTTACCTGTTGACTCTACG_019,56
GGGAAGGACAACAGTTCCAG_001,184
GGGAAGGACAACAGTTCCAG_002,150
GGGAAGGACAACAGTTCCAG_003,94
AGGAATCCGTGAGACCACTG_001,7
AGGAATCCGTGAGACCACTG_002,175
AGGAATCCGTGAGACCACTG_003,43
AGGAATCCGTGAGACCACTG_004,199
AGGAATCCGTGAGACCACTG_005,133
AGGAATCCGTGAGACCACTG_006,14
AGGAATCCGTGAGACCACTG_007,104
AGGAATCCGTGAGACCACTG_008,165
AGGAATCCGTGAGACCACTG_009,14
AGGAATCCGTGAGACCACTG_010,198
AGGAATCCGTGAGACCACTG_011,16
AGGAATCCGTGAGACCACTG_012,137
AGGAATCCGTGAGACCACTG_013,114
AGGAATCCGTGAGACCACTG_014,131
AGGAATCCGTGAGACCACTG_015,196
CCCCACCGGCACCTACCACG_001,148
CCCCACCGGCACCTACCACG_002,148
CCCCACCGGCACCTACCACG_003,177
AACACGGTGTGCCGTCCGTG_001,137
AACACGGTGTGCCGTCCGTG_002,181
AACACGGTGTGCCGTCCGTG_003,160
AACACGGTGTGCCGTCCGTG_004,130
AACACGGTGTGCCGTCCGTG_005,40
AACACGGTGTGCCGTCCGTG_006,73
AACACGGTGTGCCGTCCGTG_007,40
AACACGGTGTGCCGTCCGTG_008,142
AACACGGTGTGCCGTCCGTG_009,37
AACACGGTGTGCCGTCCGTG_010,81
AACACGGTGTGCCGTCCGTG_011,33
AACACGGTGTGCCGTCCGTG_012,156
AACACGGTGTGCCGTCCGTG_013,96
AACACGGTGTGCCGTCCGTG_014,34
AACACGGTGTGCCGTCCGTG_015,199
AACACGGTGTGCCGTCCGTG_016,188
AACACGGTGTGCCGTCCGTG_017,29
AACACGGTGTGCCGTCCGTG_018,182
AAGATGCCTCATTCCCAAAG_001,57
AAGATGCCTCATTCCCAAAG_002,111
AAGATGCCTCATTCCCAAAG_003,65
AAGATGCCTCATTCCCAAAG_004,38
AAGATGCCTCATTCCCAAAG_005,1
AAGATGCCTCATTCCCAAAG_006,53
AAGATGCCTCATTCCCAAAG_007,65
AAGATGCCTCATTCCCAAAG_008,179
AAGATGCCTCATTCCCAAAG_009,179
AAGATGCCTCATTCCCAAAG_010,82
AAGATGCCTCATTCCCAAAG_011,46
AAGGCCCGGAGATCCACATG_001,8
AAGGCCCGGAGATCCACATG_002,12
AAGGCCCGGAGATCCACATG_003,78
AAGGCCCGGAGATCCACATG_004,133
AAGGCCCGGAGATCCACATG_005,199
AAGGCCCGGAGATCCACATG_006,183
AAGGCCCGGAGATCCACATG_007,98
AAGGCCCGGAGATCCACATG_008,102
AAGGCCCGGAGATCCACATG_009,179
AAGGCCCGGAGATCCACATG_010,94
AAGGCCCGGAGATCCACATG_011,50
AAGGCCCGGAGATCCACATG_012,76
AAGGCCCGGAGATCCACATG_013,185
AAGGCCCGGAGATCCACATG_014,154
AAGGCCCGGAGATCCACATG_015,16
AAGGCCCGGAGATCCACATG_016,23
AAGGCCCGGAGATCCACATG_017,23
AAGGCCCGGAGATCCACATG_018,70
AAGGCCCGGAGATCCACATG_019,148
AAGGCCCGGAGATCCACATG_020,50
AAGGCCCGGAGATCCACATG_021,172
AAGGCCCGGAGATCCACATG_022,116
AAGGCCCGGAGATCCACATG_023,145
AAGGCCCGGAGATCCACATG_024,105
AAGGCCCGGAGATCCACATG_025,95
AAGGCCCGGAGATCCACATG_026,59
AAGGCCCGGAGATCCACATG_027,72
AAGGCCCGGAGATCCACATG_028,81
AAGGCCCGGAGATCCACATG_029,125
AAGGCCCGGAGATCCACATG_030,0
AGGAAACAGGAGCCAACCAA_001,58
AGGAAACAGGAGCCAACCAA_002,34
AGGAAACAGGAGCCAACCAA_003,67
AGGAAACAGGAGCCAACCAA_004,15
AGGAAACAGGAGCCAACCAA_005,146
AGGAAACAGGAGCCAACCAA_006,7
AGGAAACAGGAGCCAACCAA_007,43
AGGAAACAGGAGCCAACCAA_008,41
AGGAAACAGGAGCCAACCAA_009,9
AGGAAACAGGAGCCAACCAA_010,192
AGGAAACAGGAGCCAACCAA_011,174
AGGAAACAGGAGCCAACCAA_012,176
AGGAAACAGGAGCCAACCAA_013,99
AGGAAACAGGAGCCAACCAA_014,105
AGGAAACAGGAGCCAACCAA_015,76
AGGAAACAGGAGCCAACCAA_016,149
AGGAAACAGGAGCCAACCAA_017,159
AGGAAACAGGAGCCAACCAA_018,151
AGGCTTGGCTAGAGGATGAA_001,72
AGGCTTGGCTAGAGGATGAA_002,162
AGGCTTGGCTAGAGGATGAA_003,77
AGGCTTGGCTAGAGGATGAA_004,141
AGGCTTGGCTAGAGGATGAA_005,16
AGGCTTGGCTAGAGGATGAA_006,177
AGGCTTGGCTAGAGGATGAA_007,75
AGGCTTGGCTAGAGGATGAA_008,137
AGGCTTGGCTAGAGGATGAA_009,74
AGGCTTGGCTAGAGGATGAA_010,11
AGGCTTGGCTAGAGGATGAA_011,176
AGGCTTGGCTAGAGGATGAA_012,108
AGGCTTGGCTAGAGGATGAA_013,81
AGGCTTGGCTAGAGGATGAA_014,10
AGGCTTGGCTAGAGGATGAA_015,168
AGGCTTGGCTAGAGGATGAA_016,177
AGGCTTGGCTAGAGGATGAA_017,94
AGGCTTGGCTAGAGGATGAA_018,120
ATAAGGGTTGATCTTCCCCT_001,27
ATAAGGGTTGATCTTCCCCT_002,137
ATAAGGGTTGATCTTCCCCT_003,114
ATAAGGGTTGATCTTCCCCT_004,26
ATAAGGGTTGATCTTCCCCT_005,2
GAAGGCTGGATGGATCGGCG_001,94
GAAGGCTGGATGGATCGGCG_002,192
GAAGGCTGGATGGATCGGCG_003,130
GAAGGCTGGATGGATCGGCG_004,84
GAAGGCTGGATGGATCGGCG_005,158
GAAGGCTGGATGGATCGGCG_006,9
GAAGGCTGGATGGATCGGCG_007,145
GAAGGCTGGATGGATCGGCG_008,170
GAAGGCTGGATGGATCGGCG_009,187
GAAGGCTGGATGGATCGGCG_010,193
GAAGGCTGGATGGATCGGCG_011,163
GAAGGCTGGATGGATCGGCG_012,132
GAAGGCTGGATGGATCGGCG_013,53
GAAGGCTGGATGGATCGGCG_014,68
GAAGGCTGGATGGATCGGCG_015,56
GAAGGCTGGATGGATCGGCG_016,115
GAAGGCTGGATGGATCGGCG_017,18
GAAGGCTGGATGGATCGGCG_018,91
GAAGGCTGGATGGATCGGCG_019,40
GAAGGCTGGATGGATCGGCG_020,98
GAAGGCTGGATGGATCGGCG_021,12
GAAGGCTGGATGGATCGGCG_022,38
GAAGGCTGGATGGATCGGCG_023,75
GAAGGCTGGATGGATCGGCG_024,57
GAAGGCTGGATGGATCGGCG_025,141
GAAGGCTGGATGGATCGGCG_026,188
GAAGGCTGGATGGATCGGCG_027,169
GAAGGCTGGATGGATCGGCG_028,161
GAAGGCTGGATGGATCGGCG_029,175
GAAGGCTGGATGGATCGGCG_030,50
GAAGGCTGGATGGATCGGCG_031,88
GAAGGCTGGATGGATCGGCG_032,120
GAAGGCTGGATGGATCGGCG_033,94
GAAGGCTGGATGGATCGGCG_034,145
GAAGGCTGGATGGATCGGCG_035,134
GAAGGCTGGATGGATCGGCG_036,178
GAAGGCTGGATGGATCGGCG_037,117
GAAGGCTGGATGGATCGGCG_038,0
GAAGGCTGGATGGATCGGCG_039,134
GAAGGCTGGATGGATCGGCG_040,12
GAAGGCTGGATGGATCGGCG_041,187
GAAGGCTGGATGGATCGGCG_042,103
GAAGGCTGGATGGATCGGCG_043,127
GAAGGCTGGATGGATCGGCG_044,121
GAAGGCTGGATGGATCGGCG_045,180
GAAGGCTGGATGGATCGGCG_046,15
GAAGGCTGGATGGATCGGCG_047,59
GAAGGCTGGATGGATCGGCG_048,102
GAAGGCTGGATGGATCGGCG_049,48
GAAGGCTGGATGGATCGGCG_050,34
GAAGGCTGGATGGATCGGCG_051,34
GAAGGCTGGATGGATCGGCG_052,177
GAAGGCTGGATGGATCGGCG_053,28
GAAGGCTGGATGGATCGGCG_054,19
TGCATCTTGATAGGGACCTG_001,29
TGCATCTTGATAGGGACCTG_002,11
TGCATCTTGATAGGGACCTG_003,197
TGCATCTTGATAGGGACCTG_004,78
TGCATCTTGATAGGGACCTG_005,81
TGCATCTTGATAGGGACCTG_006,39
GGGACCGGATCAGCACTCGA_001,181
GGGACCGGATCAGCACTCGA_002,181
GGGACCGGATCAGCACTCGA_003,168
GGGACCGGATCAGCACTCGA_004,178
GGGACCGGATCAGCACTCGA_005,136
GGGACCGGATCAGCACTCGA_006,150
GGGACCGGATCAGCACTCGA_007,106
GGGACCGGATCAGCACTCGA_008,135
GGGACCGGATCAGCACTCGA_009,80
GGGACCGGATCAGCACTCGA_010,6
GGGACCGGATCAGCACTCGA_011,86
GGGACCGGATCAGCACTCGA_012,188
GGGACCGGATCAGCACTCGA_013,1
GGGACCGGATCAGCACTCGA_014,159
GGGACCGGATCAGCACTCGA_015,125
GGGACCGGATCAGCACTCGA_016,152
TATCGCTCAGTACCTTGCGA_001,23
TATCGCTCAGTACCTTGCGA_002,14
TATCGCTCAGTACCTTGCGA_003,11
TATCGCTCAGTACCTTGCGA_004,48
TATCGCTCAGTACCTTGCGA_005,116
TATCGCTCAGTACCTTGCGA_006,168
TCCAACTTCAAAGAGCACAG_001,5
TCCAACTTCAAAGAGCACAG_002,118
TCCAACTTCAAAGAGCACAG_003,77
TCCAACTTCAAAGAGCACAG_004,34
TCCAACTTCAAAGAGCACAG_005,148
TCCAACTTCAAAGAGCACAG_006,59
TCCAACTTCAAAGAGCACAG_007,190
TCCAACTTCAAAGAGCACAG_008,81
TCCAACTTCAAAGAGCACAG_009,122
TCCAACTTCAAAGAGCACAG_010,115
TCCAACTTCAAAGAGCACAG_011,76
TCCAACTTCAAAGAGCACAG_012,2
TCCAACTTCAAAGAGCACAG_013,144
CCAGGCGCGTGGACTTCCCG_001,65
CCAGGCGCGTGGACTTCCCG_002,105
CCAGGCGCGTGGACTTCCCG_003,58
CCAGGCGCGTGGACTTCCCG_004,60
CCAGGCGCGTGGACTTCCCG_005,177
CCAGGCGCGTGGACTTCCCG_006,107
CCAGGCGCGTGGACTTCCCG_007,54
CCAGGCGCGTGGACTTCCCG_008,80
CCAGGCGCGTGGACTTCCCG_009,45
CCAGGCGCGTGGACTTCCCG_010,198
CCAGGCGCGTGGACTTCCCG_011,35
CCAGGCGCGTGGACTTCCCG_012,27
CCAGGCGCGTGGACTTCCCG_013,50
CCAGGCGCGTGGACTTCCCG_014,63
CCAGGCGCGTGGACTTCCCG_015,169
CCAGGCGCGTGGACTTCCCG_016,149
CCAGGCGCGTGGACTTCCCG_017,148
CCAGGCGCGTGGACTTCCCG_018,184
CCAGGCGCGTGGACTTCCCG_019,19
CCAGGCGCGTGGACTTCCCG_020,172
CCAGGCGCGTGGACTTCCCG_021,135
CCAGGCGCGTGGACTTCCCG_022,2
CCAGGCGCGTGGACTTCCCG_023,26
CCAGGCGCGTGGACTTCCCG_024,145
CCAGGCGCGTGGACTTCCCG_025,176
CCAGGCGCGTGGACTTCCCG_026,173
CCAGGCGCGTGGACTTCCCG_027,32
CCAGGCGCGTGGACTTCCCG_028,171
CCAGGCGCGTGGACTTCCCG_029,184
CCAGGCGCGTGGACTTCCCG_030,48
CCAGGCGCGTGGACTTCCCG_031,31
CCAGGCGCGTGGACTTCCCG_032,199
CCAGGCGCGTGGACTTCCCG_033,37
CCAGGCGCGTGGACTTCCCG_034,61
CCAGGCGCGTGGACTTCCCG_035,50
CCAGGCGCGTGGACTTCCCG_036,27
CCAGGCGCGTGGACTTCCCG_037,47
CCAGGCGCGTGGACTTCCCG_038,36
GGTGGTGTGATACCCATGCA_001,175
GGTGGTGTGATACCCATGCA_002,9
GGTGGTGTGATACCCATGCA_003,69
GGTGGTGTGATACCCATGCA_004,2
GGTGGTGTGATACCCATGCA_005,48
GGTGGTGTGATACCCATGCA_006,50
GGTGGTGTGATACCCATGCA_007,91
GGTGGTGTGATACCCATGCA_008,53
ACATTTGAGATGGCATTCCG_001,58
ACATTTGAGATGGCATTCCG_002,27
ACATTTGAGATGGCATTCCG_003,49
ACATTTGAGATGGCATTCCG_004,91
ACATTTGAGATGGCATTCCG_005,183
ACATTTGAGATGGCATTCCG_006,130
ACATTTGAGATGGCATTCCG_007,27
ACATTTGAGATGGCATTCCG_008,119
ACATTTGAGATGGCATTCCG_009,192
ACATTTGAGATGGCATTCCG_010,32
ACATTTGAGATGGCATTCCG_011,105
ACATTTGAGATGGCATTCCG_012,165
ACATTTGAGATGGCATTCCG_013,162
TGGTTGTCATAGTAGGATGG_001,199
TGGTTGTCATAGTAGGATGG_002,167
TGGTTGTCATAGTAGGATGG_003,34
TGGTTGTCATAGTAGGATGG_004,148
TGGTTGTCATAGTAGGATGG_005,57
TGTGAAGACCGCCATAACCA_001,27
TGTGAAGACCGCCATAACCA_002,118
TGTGAAGACCGCCATAACCA_003,183
TGTGAAGACCGCCATAACCA_004,136
TGTGAAGACCGCCATAACCA_005,169
TGTGAAGACCGCCATAACCA_006,9
TGTGAAGACCGCCATAACCA_007,15
TGTGAAGACCGCCATAACCA_008,113
TGTGAAGACCGCCATAACCA_009,118
TGTGAAGACCGCCATAACCA_010,15
TGTGAAGACCGCCATAACCA_011,106
TGTGAAGACCGCCATAACCA_012,53
ATGGTGACTGTGTACAACAG_001,194
ATGGTGACTGTGTACAACAG_002,27
ATGGTGACTGTGTACAACAG_003,66
ATGGTGACTGTGTACAACAG_004,105
ACAGACATGAGATTGCGACC_001,68
ACAGACATGAGATTGCGACC_002,50
CTCACAAGGCAGGATCTCGT_001,115
CTCACAAGGCAGGATCTCGT_002,1
CTCACAAGGCAGGATCTCGT_003,35
CTCACAAGGCAGGATCTCGT_004,198
CTCACAAGGCAGGATCTCGT_005,180
CTCACAAGGCAGGATCTCGT_006,131
CTCACAAGGCAGGATCTCGT_007,103
CTCACAAGGCAGGATCTCGT_008,188
CTCACAAGGCAGGATCTCGT_009,74
CTCACAAGGCAGGATCTCGT_010,0
CTCACAAGGCAGGATCTCGT_011,136
CTCACAAGGCAGGATCTCGT_012,65
CTCACAAGGCAGGATCTCGT_013,138
CTCACAAGGCAGGATCTCGT_014,2
CTCACAAGGCAGGATCTCGT_015,161
CTCACAAGGCAGGATCTCGT_016,131
GGCCCCCAGCAAAACTTCAG_001,157
GGCCCCCAGCAAAACTTCAG_002,1
GGCCCCCAGCAAAACTTCAG_003,83
GGCCCCCAGCAAAACTTCAG_004,62
GGCCCCCAGCAAAACTTCAG_005,88
GGCCCCCAGCAAAACTTCAG_006,104
GGCCCCCAGCAAAACTTCAG_007,128
GGCCCCCAGCAAAACTTCAG_008,110
GGCCCCCAGCAAAACTTCAG_009,106
GGCCCCCAGCAAAACTTCAG_010,42
GGCCCCCAGCAAAACTTCAG_011,20
GGCCCCCAGCAAAACTTCAG_012,148
GGCCCCCAGCAAAACTTCAG_013,0
GGCCCCCAGCAAAACTTCAG_014,65
GGCCCCCAGCAAAACTTCAG_015,78
GGCCCCCAGCAAAACTTCAG_016,76
GGCCCCCAGCAAAACTTCAG_017,178
GGCCCCCAGCAAAACTTCAG_018,108
GGCCCCCAGCAAAACTTCAG_019,60
GGCCCCCAGCAAAACTTCAG_020,140
CAATTATAGTCATCTGGTAG_001,73
TAACTAACAATTTGCAAGTG_001,183
TAACTAACAATTTGCAAGTG_002,38
TAACTAACAATTTGCAAGTG_003,183
GAACTCGATGAGCCCCTGCG_001,32
GAACTCGATGAGCCCCTGCG_002,9
GAACTCGATGAGCCCCTGCG_003,185
GAACTCGATGAGCCCCTGCG_004,2
GAACTCGATGAGCCCCTGCG_005,12
GAACTCGATGAGCCCCTGCG_006,150
GAACTCGATGAGCCCCTGCG_007,65
GAACTCGATGAGCCCCTGCG_008,158
GAACTCGATGAGCCCCTGCG_009,135
GAACTCGATGAGCCCCTGCG_010,185
GAACTCGATGAGCCCCTGCG_011,83
GAACTCGATGAGCCCCTGCG_012,105
GAACTCGATGAGCCCCTGCG_013,159
GAACTCGATGAGCCCCTGCG_014,145
GAACTCGATGAGCCCCTGCG_015,8
GAACTCGATGAGCCCCTGCG_016,8
GAACTCGATGAGCCCCTGCG_017,55
GAACTCGATGAGCCCCTGCG_018,130
GAACTCGATGAGCCCCTGCG_019,147
GAACTCGATGAGCCCCTGCG_020,130
GAACTCGATGAGCCCCTGCG_021,4
GAACTCGATGAGCCCCTGCG_022,75
GTGGTAACAGCACACGAGAG_001,78
GTGGTAACAGCACACGAGAG_002,166
GTGGTAACAGCACACGAGAG_003,51
GTGGTAACAGCACACGAGAG_004,157
GTGGTAACAGCACACGAGAG_005,104
GTGGTAACAGCACACGAGAG_006,180
GTGGTAACAGCACACGAGAG_007,58
GTGGTAACAGCACACGAGAG_008,77
GTGGTAACAGCACACGAGAG_009,34
GTGGTAACAGCACACGAGAG_010,144
GTGGTAACAGCACACGAGAG_011,188
ATCATTAGAAGTGAAGCTTC_001,168
ATCATTAGAAGTGAAGCTTC_002,45
ATCATTAGAAGTGAAGCTTC_003,99
ATCATTAGAAGTGAAGCTTC_004,64
TTGACCCATCTGGATATACG_001,25
TTGACCCATCTGGATATACG_002,110
GGATGTACGTTGTTACCAAG_001,134
GGATGTACGTTGTTACCAAG_002,5
GGATGTACGTTGTTACCAAG_003,126
GGATGTACGTTGTTACCAAG_004,127
GGATGTACGTTGTTACCAAG_005,9
GGATGTACGTTGTTACCAAG_006,181
GGATGTACGTTGTTACCAAG_007,69
GGATGTACGTTGTTACCAAG_008,119
CAGAGCCACCGCATCTTGAG_001,12
CAGAGCCACCGCATCTTGAG_002,13
CAGAGCCACCGCATCTTGAG_003,81
CAGAGCCACCGCATCTTGAG_004,166
CAGAGCCACCGCATCTTGAG_005,47
AAATATAGCAAAGCTTGGAA_001,105
GTGTTGAAGTAAATGTACAC_001,170
GTGTTGAAGTAAATGTACAC_002,72
GTGTTGAAGTAAATGTACAC_003,11
GTGTTGAAGTAAATGTACAC_004,85
GTGTTGAAGTAAATGTACAC_005,93
GTGTTGAAGTAAATGTACAC_006,27
GTGTTGAAGTAAATGTACAC_007,49
GTGTTGAAGTAAATGTACAC_008,33
GTGTTGAAGTAAATGTACAC_009,52
CAGAGCTGATACCTTCCCTC_001,15
CAGAGCTGATACCTTCCCTC_002,105
CAGAGCTGATACCTTCCCTC_003,2
CAGAGCTGATACCTTCCCTC_004,81
CAGAGCTGATACCTTCCCTC_005,49
CAGAGCTGATACCTTCCCTC_006,62
CAGAGCTGATACCTTCCCTC_007,111
CAGAGCTGATACCTTCCCTC_008,80
CAGAGCTGATACCTTCCCTC_009,196
CAGAGCTGATACCTTCCCTC_010,157
CAGAGCTGATACCTTCCCTC_011,157
CAGAGCTGATACCTTCCCTC_012,74
CAGAGCTGATACCTTCCCTC_013,147
CAGAGCTGATACCTTCCCTC_014,6
CAGAGCTGATACCTTCCCTC_015,191
AGGTACACAAGGGTTTCCAA_001,41
AGGTACACAAGGGTTTCCAA_002,16
AGGTACACAAGGGTTTCCAA_003,43
AGGTACACAAGGGTTTCCAA_004,116
AGGTACACAAGGGTTTCCAA_005,193
AGGTACACAAGGGTTTCCAA_006,50
AGGTACACAAGGGTTTCCAA_007,176
AGGTACACAAGGGTTTCCAA_008,63
AGGTACACAAGGGTTTCCAA_009,149
AGGTACACAAGGGTTTCCAA_010,199
AGGTACACAAGGGTTTCCAA_011,108
AGGTACACAAGGGTTTCCAA_012,159
AGGTACACAAGGGTTTCCAA_013,104
AGGTACACAAGGGTTTCCAA_014,43
AGGTACACAAGGGTTTCCAA_015,36
AGGTACACAAGGGTTTCCAA_016,65
AGGTACACAAGGGTTTCCAA_017,64
AGGTACACAAGGGTTTCCAA_018,59
AGGTACACAAGGGTTTCCAA_019,61
AGGTACACAAGGGTTTCCAA_020,81
AGGTACACAAGGGTTTCCAA_021,70
AATCCCAAAACCTAAGTCTG_001,94
AATCCCAAAACCTAAGTCTG_002,183
AATCCCAAAACCTAAGTCTG_003,45
AATCCCAAAACCTAAGTCTG_004,115
AATCCCAAAACCTAAGTCTG_005,60
AATCCCAAAACCTAAGTCTG_006,11
AATCCCAAAACCTAAGTCTG_007,8
AATCCCAAAACCTAAGTCTG_008,17
AATCCCAAAACCTAAGTCTG_009,8
ACCCATCGCACAGCCGTGTA_001,117
ACCCATCGCACAGCCGTGTA_002,105
ACCCATCGCACAGCCGTGTA_003,127
ACCCATCGCACAGCCGTGTA_004,43
ACCCATCGCACAGCCGTGTA_005,78
ACCCATCGCACAGCCGTGTA_006,113
ACCCATCGCACAGCCGTGTA_007,195
ACCCATCGCACAGCCGTGTA_008,170
ACCCATCGCACAGCCGTGTA_009,178
ACCCATCGCACAGCCGTGTA_010,78
ACCCATCGCACAGCCGTGTA_011,51
ACCCATCGCACAGCCGTGTA_012,159
ACCCATCGCACAGCCGTGTA_013,195
ACCCATCGCACAGCCGTGTA_014,189
ACCCATCGCACAGCCGTGTA_015,199
ACCCATCGCACAGCCGTGTA_016,62
ACCCATCGCACAGCCGTGTA_017,171
ACCCATCGCACAGCCGTGTA_018,5
ACCCATCGCACAGCCGTGTA_019,160
ACCCATCGCACAGCCGTGTA_020,77
ACCCATCGCACAGCCGTGTA_021,160
ACCCATCGCACAGCCGTGTA_022,60
ACCCATCGCACAGCCGTGTA_023,23
ACCCATCGCACAGCCGTGTA_024,145
ACCCATCGCACAGCCGTGTA_025,84
ACCCATCGCACAGCCGTGTA_026,149
ACCCATCGCACAGCCGTGTA_027,19
ACCCATCGCACAGCCGTGTA_028,118
ACCCATCGCACAGCCGTGTA_029,63
ACCCATCGCACAGCCGTGTA_030,178
ACCCATCGCACAGCCGTGTA_031,188
ACCCATCGCACAGCCGTGTA_032,9
ACCCATCGCACAGCCGTGTA_033,138
ACCCATCGCACAGCCGTGTA_034,70
ACCCATCGCACAGCCGTGTA_035,160
ACCCATCGCACAGCCGTGTA_036,63
ACCCATCGCACAGCCGTGTA_037,79
ACCCATCGCACAGCCGTGTA_038,113
ACCCATCGCACAGCCGTGTA_039,116
ACCCATCGCACAGCCGTGTA_040,62
ACCCATCGCACAGCCGTGTA_041,29
CCGCTTGTGTCATCGAAGAG_001,127
CCGCTTGTGTCATCGAAGAG_002,14
CCGCTTGTGTCATCGAAGAG_003,33
CCGCTTGTGTCATCGAAGAG_004,7
CCGCTTGTGTCATCGAAGAG_005,156
CTGTACATGGTGAGCCGCAA_001,0
CTGTACATGGTGAGCCGCAA_002,93
CTGTACATGGTGAGCCGCAA_003,150
GGAAGGCTGTCCATCCAATG_001,138
GGAAGGCTGTCCATCCAATG_002,49
GGAAGGCTGTCCATCCAATG_003,94
GGAAGGCTGTCCATCCAATG_004,68
GGAAGGCTGTCCATCCAATG_005,156
GGAAGGCTGTCCATCCAATG_006,76
GGAAGGCTGTCCATCCAATG_007,1
ACGACCAGTGCTTCAATCGC_001,71
ACGACCAGTGCTTCAATCGC_002,65
ACGACCAGTGCTTCAATCGC_003,140
ACGACCAGTGCTTCAATCGC_004,191
TTGTGACTTTAAAAGAGGCA_001,15
TTGTGACTTTAAAAGAGGCA_002,33
TTGTGACTTTAAAAGAGGCA_003,149
TTGTGACTTTAAAAGAGGCA_004,87
TTGTGACTTTAAAAGAGGCA_005,114
CACCCGGTGGTGCACCACGA_001,158
CACCCGGTGGTGCACCACGA_002,150
CACCCGGTGGTGCACCACGA_003,97
ACAAGGTTCTGGAAACAAAG_001,33
ACAAGGTTCTGGAAACAAAG_002,195
ACAAGGTTCTGGAAACAAAG_003,118
ACAAGGTTCTGGAAACAAAG_004,108
GTTTAGAGTCACATGCAACA_001,20
GTTTAGAGTCACATGCAACA_002,140
GTTTAGAGTCACATGCAACA_003,106
AGAAGCTCGTGAGTGCAAGA_001,158
AGAAGCTCGTGAGTGCAAGA_002,27
AGAAGCTCGTGAGTGCAAGA_003,132
AGAAGCTCGTGAGTGCAAGA_004,181
AGAAGCTCGTGAGTGCAAGA_005,7
AGAAGCTCGTGAGTGCAAGA_006,121
AGAAGCTCGTGAGTGCAAGA_007,38
AGAAGCTCGTGAGTGCAAGA_008,119
AGAAGCTCGTGAGTGCAAGA_009,196
AGAAGCTCGTGAGTGCAAGA_010,44
AGAAGCTCGTGAGTGCAAGA_011,150
AGAAGCTCGTGAGTGCAAGA_012,91
AGAAGCTCGTGAGTGCAAGA_013,134
AGAAGCTCGTGAGTGCAAGA_014,145
AGAAGCTCGTGAGTGCAAGA_015,177
CACCTTCCAGTTGAACACAT_001,124
CACCTTCCAGTTGAACACAT_002,169
CACCTTCCAGTTGAACACAT_003,171
CTGTCGTTGTAGAACGTCCG_001,20
CTGTCGTTGTAGAACGTCCG_002,168
CTGTCGTTGTAGAACGTCCG_003,174
CTGTCGTTGTAGAACGTCCG_004,81
CTGTCGTTGTAGAACGTCCG_005,24
TTACAACATAGGATGCACAA_001,28
TTACAACATAGGATGCACAA_002,170
GCACAAACGGAACAGCATCG_001,23
GCACAAACGGAACAGCATCG_002,8
GCACAAACGGAACAGCATCG_003,88
GCACAAACGGAACAGCATCG_004,44
GCACAAACGGAACAGCATCG_005,3
GCTGAATGTAGAGTCTGTGG_001,185
GCTGAATGTAGAGTCTGTGG_002,145
GCTGAATGTAGAGTCTGTGG_003,140
GCTGAATGTAGAGTCTGTGG_004,3
GCTGTCTCGCGAGCTCAGAG_001,44
GCTGTCTCGCGAGCTCAGAG_002,3
GCTGTCTCGCGAGCTCAGAG_003,174
GCTGTCTCGCGAGCTCAGAG_004,128
GCTGTCTCGCGAGCTCAGAG_005,128
GCTGTCTCGCGAGCTCAGAG_006,15
GCTGTCTCGCGAGCTCAGAG_007,43
GCTGTCTCGCGAGCTCAGAG_008,11
GCTGTCTCGCGAGCTCAGAG_009,30
GCTGTCTCGCGAGCTCAGAG_010,47
GCTGTCTCGCGAGCTCAGAG_011,57
GCTGTCTCGCGAGCTCAGAG_012,67
GCTGTCTCGCGAGCTCAGAG_013,120
TGGCGCACGCCATCCCCATG_001,89
TGGCGCACGCCATCCCCATG_002,118
TGGCGCACGCCATCCCCATG_003,161
TGGCGCACGCCATCCCCATG_004,150
TGGCGCACGCCATCCCCATG_005,94
TGGCGCACGCCATCCCCATG_006,195
TGGCGCACGCCATCCCCATG_007,42
TGGCGCACGCCATCCCCATG_008,78
TGGCGCACGCCATCCCCATG_009,42
AAGAGGGGCTACGTAAAGGC_001,152
AAGAGGGGCTACGTAAAGGC_002,188
AAGAGGGGCTACGTAAAGGC_003,68
CAAGCCCGACCAATACACTG_001,15
CAAGCCCGACCAATACACTG_002,72
CAAGCCCGACCAATACACTG_003,13
CAAGCCCGACCAATACACTG_004,43
CAAGCCCGACCAATACACTG_005,2
CAAGCCCGACCAATACACTG_006,94
CAAGCCCGACCAATACACTG_007,187
CAAGCCCGACCAATACACTG_008,104
GAAGTGCTTGGAAGACGATG_001,12
GAAGTGCTTGGAAGACGATG_002,6
GAAGTGCTTGGAAGACGATG_003,147
GAAGTGCTTGGAAGACGATG_004,58
GAAGTGCTTGGAAGACGATG_005,4
GAAGTGCTTGGAAGACGATG_006,78
GAAGTGCTTGGAAGACGATG_007,138
GAAGTGCTTGGAAGACGATG_008,169
GAAGTGCTTGGAAGACGATG_009,52
GAAGTGCTTGGAAGACGATG_010,177
GAAGTGCTTGGAAGACGATG_011,151
GAAGTGCTTGGAAGACGATG_012,154
TGAATAGGTCCTGGTCCGCT_001,182
TGAATAGGTCCTGGTCCGCT_002,19
TGAATAGGTCCTGGTCCGCT_003,67
TGAATAGGTCCTGGTCCGCT_004,29
TGAATAGGTCCTGGTCCGCT_005,160
TGAATAGGTCCTGGTCCGCT_006,114
TGAATAGGTCCTGGTCCGCT_007,114
TGAATAGGTCCTGGTCCGCT_008,77
TGAATAGGTCCTGGTCCGCT_009,82
TGAATAGGTCCTGGTCCGCT_010,84
TGAATAGGTCCTGGTCCGCT_011,142
TGAATAGGTCCTGGTCCGCT_012,138
TGAATAGGTCCTGGTCCGCT_013,94
TGAATAGGTCCTGGTCCGCT_014,39
TGAATAGGTCCTGGTCCGCT_015,188
TGAATAGGTCCTGGTCCGCT_016,199
TGAATAGGTCCTGGTCCGCT_017,169
TGAATAGGTCCTGGTCCGCT_018,153
GGTTTCTGAGCACGTACACG_001,23
GGTTTCTGAGCACGTACACG_002,115
GGTTTCTGAGCACGTACACG_003,78
GGTTTCTGAGCACGTACACG_004,49
GAACCAGGAGAACATCTCGT_001,28
GAACCAGGAGAACATCTCGT_002,105
GAACCAGGAGAACATCTCGT_003,46
GAACCAGGAGAACATCTCGT_004,138
GAACCAGGAGAACATCTCGT_005,177
GAACCAGGAGAACATCTCGT_006,121
GACAGACACGCTGCAGATCG_001,195
GACAGACACGCTGCAGATCG_002,190
TCGCCGGATGAGGAGTTGTG_001,160
TCGCCGGATGAGGAGTTGTG_002,119
TCGCCGGATGAGGAGTTGTG_003,178
TCGCCGGATGAGGAGTTGTG_004,96
TCGCCGGATGAGGAGTTGTG_005,174
TCGCCGGATGAGGAGTTGTG_006,115
TCGCCGGATGAGGAGTTGTG_007,80
TCGCCGGATGAGGAGTTGTG_008,127
TCGCCGGATGAGGAGTTGTG_009,2
TCGCCGGATGAGGAGTTGTG_010,168
TCGCCGGATGAGGAGTTGTG_011,166
TCGCCGGATGAGGAGTTGTG_012,137
TCGCCGGATGAGGAGTTGTG_013,6
TCGCCGGATGAGGAGTTGTG_014,17
TCGCCGGATGAGGAGTTGTG_015,81
TCGCCGGATGAGGAGTTGTG_016,74
TCGCCGGATGAGGAGTTGTG_017,126
ACTCAAAGAGCTCTTCCCAG_001,172
ACTCAAAGAGCTCTTCCCAG_002,76
ACTCAAAGAGCTCTTCCCAG_003,98
TTGAAAAAGGTGTCCGTCTG_001,190
TTGAAAAAGGTGTCCGTCTG_002,146
TTGAAAAAGGTGTCCGTCTG_003,145
TTGAAAAAGGTGTCCGTCTG_004,197
TTGAAAAAGGTGTCCGTCTG_005,1
TTGAAAAAGGTGTCCGTCTG_006,98
TTGAAAAAGGTGTCCGTCTG_007,58
TTGAAAAAGGTGTCCGTCTG_008,76
TTGAAAAAGGTGTCCGTCTG_009,119
TTGAAAAAGGTGTCCGTCTG_010,119
TTGAAAAAGGTGTCCGTCTG_011,46
TTGAAAAAGGTGTCCGTCTG_012,46
CTGGAGTTGACCAAGAACCT_001,48
CTGGAGTTGACCAAGAACCT_002,114
CTGGAGTTGACCAAGAACCT_003,112
CTGGAGTTGACCAAGAACCT_004,28
CTGGAGTTGACCAAGAACCT_005,176
CTGGAGTTGACCAAGAACCT_006,17
CTGGAGTTGACCAAGAACCT_007,76
CTGGAGTTGACCAAGAACCT_008,11
CTGGAGTTGACCAAGAACCT_009,24
CTGGAGTTGACCAAGAACCT_010,156
CTGGAGTTGACCAAGAACCT_011,74
CTGGAGTTGACCAAGAACCT_012,121
CTGGAGTTGACCAAGAACCT_013,103
CTGGAGTTGACCAAGAACCT_014,47
CTGGAGTTGACCAAGAACCT_015,174
CTGGAGTTGACCAAGAACCT_016,78
CTGGAGTTGACCAAGAACCT_017,199
CTGGAGTTGACCAAGAACCT_018,177
CTGGAGTTGACCAAGAACCT_019,37
CTGGAGTTGACCAAGAACCT_020,10
TGTGGTGATCACCAGTCAAG_001,11
TGTGGTGATCACCAGTCAAG_002,78
TGTGGTGATCACCAGTCAAG_003,156
TGTGGTGATCACCAGTCAAG_004,174
TGTGGTGATCACCAGTCAAG_005,61
TGTGGTGATCACCAGTCAAG_006,49
TGTGGTGATCACCAGTCAAG_007,29
TGTGGTGATCACCAGTCAAG_008,153
TGTGGTGATCACCAGTCAAG_009,146
GTGAGCAGCCCTCAACCTCG_001,148
GTGAGCAGCCCTCAACCTCG_002,59
GTGAGCAGCCCTCAACCTCG_003,194
GTGAGCAGCCCTCAACCTCG_004,182
GTGAGCAGCCCTCAACCTCG_005,105
GTGAGCAGCCCTCAACCTCG_006,94
GTGAGCAGCCCTCAACCTCG_007,58
GTGAGCAGCCCTCAACCTCG_008,72
GTGAGCAGCCCTCAACCTCG_009,134
AGAAGCCGTAGACATCGATG_001,188
AGAAGCCGTAGACATCGATG_002,113
AGAAGCCGTAGACATCGATG_003,98
AGAAGCCGTAGACATCGATG_004,193
AGAAGCCGTAGACATCGATG_005,82
AGAAGCCGTAGACATCGATG_006,179
AGAAGCCGTAGACATCGATG_007,73
AGAAGCCGTAGACATCGATG_008,188
AGAAGCCGTAGACATCGATG_009,31
AGAAGCCGTAGACATCGATG_010,72
AGAAGCCGTAGACATCGATG_011,9
AGAAGCCGTAGACATCGATG_012,148
AGAAGCCGTAGACATCGATG_013,192
AGAAGCCGTAGACATCGATG_014,70
AGAAGCCGTAGACATCGATG_015,94
AGAAGCCGTAGACATCGATG_016,62
AGAAGCCGTAGACATCGATG_017,199
AGAAGCCGTAGACATCGATG_018,41
AGAAGCCGTAGACATCGATG_019,162
AGAAGCCGTAGACATCGATG_020,134
AGAAGCCGTAGACATCGATG_021,161
AGAAGCCGTAGACATCGATG_022,188
AGAAGCCGTAGACATCGATG_023,48
AGAAGCCGTAGACATCGATG_024,139
TGTATAGGCAAATTCAAGGA_001,97
CGTCTACCTGGTGTACGACC_001,192
CGTCTACCTGGTGTACGACC_002,199
CTTCTAAGCCATGTGTACTC_001,117
CTTCTAAGCCATGTGTACTC_002,160
AAAAGGACGGCACTGAGAAG_001,192
AGTTCATCGACAACAAGCTG_001,133
AGTTCATCGACAACAAGCTG_002,147
AGTTCATCGACAACAAGCTG_003,53
AGTTCATCGACAACAAGCTG_004,101
AGTTCATCGACAACAAGCTG_005,68
AGTTCATCGACAACAAGCTG_006,137
AGTTCATCGACAACAAGCTG_007,62
AGTTCATCGACAACAAGCTG_008,126
AGTTCATCGACAACAAGCTG_009,139
AGTTCATCGACAACAAGCTG_010,162
AGTTCATCGACAACAAGCTG_011,98
AGTTCATCGACAACAAGCTG_012,67
AGTTCATCGACAACAAGCTG_013,11
AGTTCATCGACAACAAGCTG_014,84
AGTTCATCGACAACAAGCTG_015,41
AGTTCATCGACAACAAGCTG_016,126
AGTTCATCGACAACAAGCTG_017,5
AGTTCATCGACAACAAGCTG_018,177
AGTTCATCGACAACAAGCTG_019,140
AGTTCATCGACAACAAGCTG_020,78
CGGCACACCAATGCGTTCGT_001,130
CGGCACACCAATGCGTTCGT_002,42
CGGCACACCAATGCGTTCGT_003,95
CGGCACACCAATGCGTTCGT_004,137
CGGCACACCAATGCGTTCGT_005,76
CGGCACACCAATGCGTTCGT_006,94
CGGCACACCAATGCGTTCGT_007,160
CGGCACACCAATGCGTTCGT_008,178
CGGCACACCAATGCGTTCGT_009,197
CGGCACACCAATGCGTTCGT_010,187
CGGCACACCAATGCGTTCGT_011,114
CGGCACACCAATGCGTTCGT_012,62
CGGCACACCAATGCGTTCGT_013,152
CGGCACACCAATGCGTTCGT_014,182
CGGCACACCAATGCGTTCGT_015,89
CGGCACACCAATGCGTTCGT_016,55
CGGCACACCAATGCGTTCGT_017,103
CGGCACACCAATGCGTTCGT_018,115
CGGCACACCAATGCGTTCGT_019,77
CGGCACACCAATGCGTTCGT_020,8
CGGCACACCAATGCGTTCGT_021,93
CGGCACACCAATGCGTTCGT_022,187
CGGCACACCAATGCGTTCGT_023,191
GCCGGAGCCTGGTACCGTCG_001,1
CTGAAAAAGGGCGTTCAGGG_001,79
CTGAAAAAGGGCGTTCAGGG_002,42
CTGAAAAAGGGCGTTCAGGG_003,118
CTGAAAAAGGGCGTTCAGGG_004,81
CTGAAAAAGGGCGTTCAGGG_005,144
CTGAAAAAGGGCGTTCAGGG_006,144
CTGAAAAAGGGCGTTCAGGG_007,147
CTGAAAAAGGGCGTTCAGGG_008,61
CTGAAAAAGGGCGTTCAGGG_009,63
GCGTGTACCTGAGAGATCAG_001,114
GCGTGTACCTGAGAGATCAG_002,141
GCGTGTACCTGAGAGATCAG_003,83
GCGTGTACCTGAGAGATCAG_004,110
GCGTGTACCTGAGAGATCAG_005,187
GCGTGTACCTGAGAGATCAG_006,57
GCGTGTACCTGAGAGATCAG_007,1
GCGTGTACCTGAGAGATCAG_008,19
GCGTGTACCTGAGAGATCAG_009,45
GCGTGTACCTGAGAGATCAG_010,138
GCGTGTACCTGAGAGATCAG_011,11
GCGTGTACCTGAGAGATCAG_012,2
GCGTGTACCTGAGAGATCAG_013,48
GCGTGTACCTGAGAGATCAG_014,150
GCGTGTACCTGAGAGATCAG_015,39
GCGTGTACCTGAGAGATCAG_016,48
GCGTGTACCTGAGAGATCAG_017,130
GCGTGTACCTGAGAGATCAG_018,179
GCGTGTACCTGAGAGATCAG_019,144
GCGTGTACCTGAGAGATCAG_020,159
GCGTGTACCTGAGAGATCAG_021,22
GCGTGTACCTGAGAGATCAG_022,26
GAGACTCAGTGGGTAGCGAA_001,154
GAGACTCAGTGGGTAGCGAA_002,62
GAGACTCAGTGGGTAGCGAA_003,134
GAGACTCAGTGGGTAGCGAA_004,145
GAGACTCAGTGGGTAGCGAA_005,135
GAGACTCAGTGGGTAGCGAA_006,58
GAGACTCAGTGGGTAGCGAA_007,49
GAGACTCAGTGGGTAGCGAA_008,131
GAGACTCAGTGGGTAGCGAA_009,84
GACCAACGGGGATTGCCGTG_001,41
GACCAACGGGGATTGCCGTG_002,101
GACCAACGGGGATTGCCGTG_003,107
GACCAACGGGGATTGCCGTG_004,81
GACCAACGGGGATTGCCGTG_005,144
GACCAACGGGGATTGCCGTG_006,175
GACCAACGGGGATTGCCGTG_007,12
GACCAACGGGGATTGCCGTG_008,28
GACCAACGGGGATTGCCGTG_009,147
GACCAACGGGGATTGCCGTG_010,110
GACCAACGGGGATTGCCGTG_011,16
AAATTGGATGCACAAAACAT_001,78
AAATTGGATGCACAAAACAT_002,17
AAATTGGATGCACAAAACAT_003,134
AATATGTCATCTACATCGAG_001,93
AATATGTCATCTACATCGAG_002,68
AATATGTCATCTACATCGAG_003,41
GGTCAAAATCTAAAAAACTC_001,19
GGTCAAAATCTAAAAAACTC_002,30
GGTCAAAATCTAAAAAACTC_003,159
GCCCTGAAGGCACTTTGGAT_001,120
GCCCTGAAGGCACTTTGGAT_002,87
TGTTGTCATAAGGTCCAAAG_001,23
TGTTGTCATAAGGTCCAAAG_002,78
TGTTGTCATAAGGTCCAAAG_003,42
TGTTGTCATAAGGTCCAAAG_004,83
TGTTGTCATAAGGTCCAAAG_005,68
TGTTGTCATAAGGTCCAAAG_006,84
TGTTGTCATAAGGTCCAAAG_007,147
CCGTCACTTACCATATCCGC_001,32
CCGTCACTTACCATATCCGC_002,138
CCGTCACTTACCATATCCGC_003,174
CCGTCACTTACCATATCCGC_004,35
TGTGCAAGAGCACCAGATAG_001,153
TGTGCAAGAGCACCAGATAG_002,84
TGTGCAAGAGCACCAGATAG_003,176
TGTGCAAGAGCACCAGATAG_004,121
TGTGCAAGAGCACCAGATAG_005,9
TGTGCAAGAGCACCAGATAG_006,155
GCGTGTCCACGAATCCGCCG_001,59
GCGTGTCCACGAATCCGCCG_002,23
GCGTGTCCACGAATCCGCCG_003,133
GTCAACTCACCTGCTATCTG_001,136
GTCAACTCACCTGCTATCTG_002,122
GTCAACTCACCTGCTATCTG_003,177
GTCAACTCACCTGCTATCTG_004,55
GTCAACTCACCTGCTATCTG_005,147
GTCAACTCACCTGCTATCTG_006,187
CCGGCGCAACCTAAACAGTG_001,50
CCGGCGCAACCTAAACAGTG_002,188
CCGGCGCAACCTAAACAGTG_003,50
CCGGCGCAACCTAAACAGTG_004,64
CCGGCGCAACCTAAACAGTG_005,163
CCGGCGCAACCTAAACAGTG_006,163
CCGGCGCAACCTAAACAGTG_007,10
CCGGCGCAACCTAAACAGTG_008,125
CCGGCGCAACCTAAACAGTG_009,135
CCGGCGCAACCTAAACAGTG_010,119
CCGGCGCAACCTAAACAGTG_011,15
CCGGCGCAACCTAAACAGTG_012,49
CCGGCGCAACCTAAACAGTG_013,135
CCGGCGCAACCTAAACAGTG_014,19
CCGGCGCAACCTAAACAGTG_015,149
CCGGCGCAACCTAAACAGTG_016,61
CCGGCGCAACCTAAACAGTG_017,117
CCGGCGCAACCTAAACAGTG_018,72
CCGGCGCAACCTAAACAGTG_019,186
CCGGCGCAACCTAAACAGTG_020,186
CCGGCGCAACCTAAACAGTG_021,171
CCGGCGCAACCTAAACAGTG_022,65
CCGGCGCAACCTAAACAGTG_023,122
CCGGCGCAACCTAAACAGTG_024,194
CCGGCGCAACCTAAACAGTG_025,118
CCGGCGCAACCTAAACAGTG_026,184
CCGGCGCAACCTAAACAGTG_027,83
CCGGCGCAACCTAAACAGTG_028,39
CCGGCGCAACCTAAACAGTG_029,10
CCGGCGCAACCTAAACAGTG_030,93
CCGGCGCAACCTAAACAGTG_031,145
CCGGCGCAACCTAAACAGTG_032,19
CCGGCGCAACCTAAACAGTG_033,36
TGATTGAGCCAATACGAGAG_001,41
TGATTGAGCCAATACGAGAG_002,114
TGATTGAGCCAATACGAGAG_003,50
TGATTGAGCCAATACGAGAG_004,74
TGATTGAGCCAATACGAGAG_005,1
TGATTGAGCCAATACGAGAG_006,93
TGATTGAGCCAATACGAGAG_007,38
TGATTGAGCCAATACGAGAG_008,150
TGATTGAGCCAATACGAGAG_009,177
TGATTGAGCCAATACGAGAG_010,12
TGATTGAGCCAATACGAGAG_011,52
TGATTGAGCCAATACGAGAG_012,3
TGATTGAGCCAATACGAGAG_013,191
TGATTGAGCCAATACGAGAG_014,48
TGATTGAGCCAATACGAGAG_015,147
AGGATACGAAGTAGACCGAG_001,159
AGGATACGAAGTAGACCGAG_002,26
AGGATACGAAGTAGACCGAG_003,97
AGGATACGAAGTAGACCGAG_004,105
AGGATACGAAGTAGACCGAG_005,56
AGGATACGAAGTAGACCGAG_006,81
AGGATACGAAGTAGACCGAG_007,188
AGGATACGAAGTAGACCGAG_008,96
TGTGGGATCGACGCACCATG_001,96
TGTGGGATCGACGCACCATG_002,189
TGTGGGATCGACGCACCATG_003,62
TGTGGGATCGACGCACCATG_004,60
TGTGGGATCGACGCACCATG_005,165
TGTGGGATCGACGCACCATG_006,93
TGTGGGATCGACGCACCATG_007,194
TGTGGGATCGACGCACCATG_008,122
TGTGGGATCGACGCACCATG_009,174
TGTGGGATCGACGCACCATG_010,33
TGTGGGATCGACGCACCATG_011,177
TGTGGGATCGACGCACCATG_012,104
TGTGGGATCGACGCACCATG_013,160
TGTGGGATCGACGCACCATG_014,118
TGTGGGATCGACGCACCATG_015,59
TGTGGGATCGACGCACCATG_016,81
TGTGGGATCGACGCACCATG_017,138
TGTGGGATCGACGCACCATG_018,146
TGTGGGATCGACGCACCATG_019,185
TGTGGGATCGACGCACCATG_020,149
TGTGGGATCGACGCACCATG_021,1
TCATGATTAGAGTTGGCCAG_001,132
TCATGATTAGAGTTGGCCAG_002,41
TCATGATTAGAGTTGGCCAG_003,16
TCATGATTAGAGTTGGCCAG_004,157
TCATGATTAGAGTTGGCCAG_005,98
TCATGATTAGAGTTGGCCAG_006,184
TCATGATTAGAGTTGGCCAG_007,48
TCATGATTAGAGTTGGCCAG_008,185
TCATGATTAGAGTTGGCCAG_009,62
TCATGATTAGAGTTGGCCAG_010,2
TCATGATTAGAGTTGGCCAG_011,82
TCATGATTAGAGTTGGCCAG_012,177
TCATGATTAGAGTTGGCCAG_013,88
TCATGATTAGAGTTGGCCAG_014,124
TCATGATTAGAGTTGGCCAG_015,18
TCATGATTAGAGTTGGCCAG_016,129
TCATGATTAGAGTTGGCCAG_017,114
TCATGATTAGAGTTGGCCAG_018,160
TGATTGCCTTCATCTGTGTG_001,188
GGTGGATTTCCGAGAACGAG_001,141
GGTGGATTTCCGAGAACGAG_002,101
GGTGGATTTCCGAGAACGAG_003,69
CCTGTCTCGAAAGAGCATCA_001,169
CCTGTCTCGAAAGAGCATCA_002,60
CCTGTCTCGAAAGAGCATCA_003,59
CCTGTCTCGAAAGAGCATCA_004,199
CCTGTCTCGAAAGAGCATCA_005,16
CCTGTCTCGAAAGAGCATCA_006,31
CCTGTCTCGAAAGAGCATCA_007,54
CCTGTCTCGAAAGAGCATCA_008,21
CCTGTCTCGAAAGAGCATCA_009,40
CCTGTCTCGAAAGAGCATCA_010,72
CCTGTCTCGAAAGAGCATCA_011,56
CCTGTCTCGAAAGAGCATCA_012,58
CCTGTCTCGAAAGAGCATCA_013,187
CCTGTCTCGAAAGAGCATCA_014,31
CCTGTCTCGAAAGAGCATCA_015,59
CCTGTCTCGAAAGAGCATCA_016,137
CCTGTCTCGAAAGAGCATCA_017,21
CCTGTCTCGAAAGAGCATCA_018,21
CCTGTCTCGAAAGAGCATCA_019,20
CCTGTCTCGAAAGAGCATCA_020,146
TGGAAACATCCGGGTGTGCG_001,16
TGGAAACATCCGGGTGTGCG_002,69
TGGAAACATCCGGGTGTGCG_003,190
TGGAAACATCCGGGTGTGCG_004,32
TGGAAACATCCGGGTGTGCG_005,169
TGGAAACATCCGGGTGTGCG_006,64
ATCAGGATGAGACACTACCC_001,12
TGTGGATTTCAAGACCTATG_001,11
TGTGGATTTCAAGACCTATG_002,190
TGTGGATTTCAAGACCTATG_003,117
TGTGGATTTCAAGACCTATG_004,87
TGAGGACTTCGACAACCGCA_001,22
TGAGGACTTCGACAACCGCA_002,72
TGAGGACTTCGACAACCGCA_003,115
TGAGGACTTCGACAACCGCA_004,111
TGAGGACTTCGACAACCGCA_005,190
TGAGGACTTCGACAACCGCA_006,151
TGAGGACTTCGACAACCGCA_007,1
ACAGCAGAACACGATTGGAG_001,37
ACAGCAGAACACGATTGGAG_002,114
ACAGCAGAACACGATTGGAG_003,114
ACAGCAGAACACGATTGGAG_004,166
ACAGCAGAACACGATTGGAG_005,128
ACAGCAGAACACGATTGGAG_006,93
ACAGCAGAACACGATTGGAG_007,3
ACAGCAGAACACGATTGGAG_008,88
ACAGCAGAACACGATTGGAG_009,136
ACAGCAGAACACGATTGGAG_010,52
CTTTACAGGTACAATCACCT_001,41
CTTTACAGGTACAATCACCT_002,72
CTTTACAGGTACAATCACCT_003,60
CTTTACAGGTACAATCACCT_004,160
CTTTACAGGTACAATCACCT_005,73
CTTTACAGGTACAATCACCT_006,140
CTTTACAGGTACAATCACCT_007,13
CTTTACAGGTACAATCACCT_008,162
CTTTACAGGTACAATCACCT_009,174
CTTTACAGGTACAATCACCT_010,198
GAAGTTCTATCAGTTCTCGA_001,199
GAAGTTCTATCAGTTCTCGA_002,16
GAAGTTCTATCAGTTCTCGA_003,178
GGACACCAGTCTCTTCAGCG_001,143
GGACACCAGTCTCTTCAGCG_002,143
GGACACCAGTCTCTTCAGCG_003,150
GGACACCAGTCTCTTCAGCG_004,146
TGGCGCGCGTCATAGACGAA_001,190
TGGCGCGCGTCATAGACGAA_002,39
TGGCGCGCGTCATAGACGAA_003,162
TGGCGCGCGTCATAGACGAA_004,137
TGGCGCGCGTCATAGACGAA_005,140
TGGCGCGCGTCATAGACGAA_006,102
TGGCGCGCGTCATAGACGAA_007,127
TGGCGCGCGTCATAGACGAA_008,113
TGGCGCGCGTCATAGACGAA_009,41
TGGCGCGCGTCATAGACGAA_010,109
TGGCGCGCGTCATAGACGAA_011,94
TGGCGCGCGTCATAGACGAA_012,176
TGGCGCGCGTCATAGACGAA_013,29
TGGCGCGCGTCATAGACGAA_014,184
TGGCGCGCGTCATAGACGAA_015,126
TGGCGCGCGTCATAGACGAA_016,197
AAAACATCGGCAGATACCAA_001,0
AAAACATCGGCAGATACCAA_002,168
AAAACATCGGCAGATACCAA_003,169
AAAACATCGGCAGATACCAA_004,141
AAAACATCGGCAGATACCAA_005,160
AAAACATCGGCAGATACCAA_006,106
AAAGGACTGAAGCTTAAACT_001,168
AAAGGACTGAAGCTTAAACT_002,182
AAAGGACTGAAGCTTAAACT_003,78
AAAGGACTGAAGCTTAAACT_004,125
AAAGGACTGAAGCTTAAACT_005,182
AAAGGACTGAAGCTTAAACT_006,168
AAAGGACTGAAGCTTAAACT_007,135
AGGACCAGATGGTCTCTTAG_001,194
AGGACCAGATGGTCTCTTAG_002,126
AGGACCAGATGGTCTCTTAG_003,148
AGGACCAGATGGTCTCTTAG_004,65
AGGACCAGATGGTCTCTTAG_005,138
AGGACCAGATGGTCTCTTAG_006,96
CGCAGCGCCCGAACCTGCGT_001,32
CGCAGCGCCCGAACCTGCGT_002,16
CGCAGCGCCCGAACCTGCGT_003,63
CGCAGCGCCCGAACCTGCGT_004,38
CGCAGCGCCCGAACCTGCGT_005,182
CGCAGCGCCCGAACCTGCGT_006,77
CGCAGCGCCCGAACCTGCGT_007,81
CGCAGCGCCCGAACCTGCGT_008,150
CGCAGCGCCCGAACCTGCGT_009,163
CGCAGCGCCCGAACCTGCGT_010,53
CGCAGCGCCCGAACCTGCGT_011,10
CGCAGCGCCCGAACCTGCGT_012,38
CGCAGCGCCCGAACCTGCGT_013,164
CGCAGCGCCCGAACCTGCGT_014,75
AAGTCAGTAACACACCATCG_001,16
AAGTCAGTAACACACCATCG_002,155
AAGTCAGTAACACACCATCG_003,12
AAGTCAGTAACACACCATCG_004,46
AAGTCAGTAACACACCATCG_005,196
CCCGATGGACTATACCGAAC_001,186
CCCGATGGACTATACCGAAC_002,19
CCCGATGGACTATACCGAAC_003,35
CCCGATGGACTATACCGAAC_004,174
CCCGATGGACTATACCGAAC_005,43
GCCCCACACGAAGACGCGAT_001,101
GCCCCACACGAAGACGCGAT_002,130
GCCCCACACGAAGACGCGAT_003,136
GGATGTAAAATCATGGTCCG_001,198
GGATGTAAAATCATGGTCCG_002,140
GGATGTAAAATCATGGTCCG_003,157
GGATGTAAAATCATGGTCCG_004,73
GGATGTAAAATCATGGTCCG_005,54
GGATGTAAAATCATGGTCCG_006,105
GGATGTAAAATCATGGTCCG_007,116
GGATGTAAAATCATGGTCCG_008,195
GGATGTAAAATCATGGTCCG_009,157
GGATGTAAAATCATGGTCCG_010,50
GGATGTAAAATCATGGTCCG_011,177
GGATGTAAAATCATGGTCCG_012,2
GGATGTAAAATCATGGTCCG_013,154
GGATGTAAAATCATGGTCCG_014,91
GGATGTAAAATCATGGTCCG_015,197
GGATGTAAAATCATGGTCCG_016,41
TGGGACGGGAGGCCAAGTAC_001,114
TGGGACGGGAGGCCAAGTAC_002,191
TGGGACGGGAGGCCAAGTAC_003,48
TGGGACGGGAGGCCAAGTAC_004,105
TGGGACGGGAGGCCAAGTAC_005,52
CTCGGAGATCCGGCACACTG_001,171
CTCGGAGATCCGGCACACTG_002,160
CTCGGAGATCCGGCACACTG_003,13
CTCGGAGATCCGGCACACTG_004,60
CTCGGAGATCCGGCACACTG_005,103
CTCGGAGATCCGGCACACTG_006,191
CTCGGAGATCCGGCACACTG_007,17
CTCGGAGATCCGGCACACTG_008,77
CTCGGAGATCCGGCACACTG_009,56
CTCGGAGATCCGGCACACTG_010,41
CTCGGAGATCCGGCACACTG_011,36
CTCGGAGATCCGGCACACTG_012,161
CTCGGAGATCCGGCACACTG_013,185
CTCGGAGATCCGGCACACTG_014,94
CTCGGAGATCCGGCACACTG_015,94
CTCGGAGATCCGGCACACTG_016,122
CTCGGAGATCCGGCACACTG_017,8
CTCGGAGATCCGGCACACTG_018,63
CTCGGAGATCCGGCACACTG_019,113
CTCGGAGATCCGGCACACTG_020,86
CTCGGAGATCCGGCACACTG_021,81
CTCGGAGATCCGGCACACTG_022,102
CTCGGAGATCCGGCACACTG_023,152
CTCGGAGATCCGGCACACTG_024,149
TGGTGACTTGATGACGCCAG_001,118
TGGTGACTTGATGACGCCAG_002,198
TGGTGACTTGATGACGCCAG_003,123
TGGTGACTTGATGACGCCAG_004,8
TGGTGACTTGATGACGCCAG_005,166
TGGTGACTTGATGACGCCAG_006,161
TGGTGACTTGATGACGCCAG_007,3
TGGTGACTTGATGACGCCAG_008,65
TGGTGACTTGATGACGCCAG_009,8
TGGTGACTTGATGACGCCAG_010,28
TGGTGACTTGATGACGCCAG_011,57
TGGTGACTTGATGACGCCAG_012,115
TGGTGACTTGATGACGCCAG_013,174
TGGTGACTTGATGACGCCAG_014,175
TGGTGACTTGATGACGCCAG_015,77
TGGTGACTTGATGACGCCAG_016,77
GTGTCCGAAGGGATTTAATG_001,172
GTGTCCGAAGGGATTTAATG_002,146
GTGTCCGAAGGGATTTAATG_003,140
GTGTCCGAAGGGATTTAATG_004,97
GTGTCCGAAGGGATTTAATG_005,166
GTGTCCGAAGGGATTTAATG_006,22
GTGTCCGAAGGGATTTAATG_007,141
GTGTCCGAAGGGATTTAATG_008,56
GTGTCCGAAGGGATTTAATG_009,166
GTGTCCGAAGGGATTTAATG_010,166
GTGTCCGAAGGGATTTAATG_011,43
GTGTCCGAAGGGATTTAATG_012,80
GTGTCCGAAGGGATTTAATG_013,111
GTGTCCGAAGGGATTTAATG_014,17
GTGTCCGAAGGGATTTAATG_015,82
TTACCAGGACCACTTGTGGT_001,172
TTACCAGGACCACTTGTGGT_002,162
TTACCAGGACCACTTGTGGT_003,116
TTACCAGGACCACTTGTGGT_004,103
TTACCAGGACCACTTGTGGT_005,28
TTACCAGGACCACTTGTGGT_006,35
CCTCCAACATCACAGGATCG_001,199
CCTCCAACATCACAGGATCG_002,78
CCTCCAACATCACAGGATCG_003,34
CCTCCAACATCACAGGATCG_004,56
CCTCCAACATCACAGGATCG_005,96
CCTCCAACATCACAGGATCG_006,8
CCTCCAACATCACAGGATCG_007,33
CCTCCAACATCACAGGATCG_008,33
CCTCCAACATCACAGGATCG_009,138
CCTCCAACATCACAGGATCG_010,138
CCTCCAACATCACAGGATCG_011,12
CCTCCAACATCACAGGATCG_012,177
CCTCCAACATCACAGGATCG_013,178
CCTCCAACATCACAGGATCG_014,79
CCTCCAACATCACAGGATCG_015,104
CCTCCAACATCACAGGATCG_016,113
CCTCCAACATCACAGGATCG_017,70
CCTCCAACATCACAGGATCG_018,180
CCTCCAACATCACAGGATCG_019,8
CCTCCAACATCACAGGATCG_020,124
CCTCCAACATCACAGGATCG_021,170
CCTCCAACATCACAGGATCG_022,90
TAATAGACTTAACTCCACCA_001,189
TAATAGACTTAACTCCACCA_002,19
TAATAGACTTAACTCCACCA_003,181
TAATAGACTTAACTCCACCA_004,169
TAATAGACTTAACTCCACCA_005,83
TAATAGACTTAACTCCACCA_006,65
CTTGTCGTGAAAGCGAACGA_001,69
CTTGTCGTGAAAGCGAACGA_002,123
CTTGTCGTGAAAGCGAACGA_003,175
CTTGTCGTGAAAGCGAACGA_004,35
CTTGTCGTGAAAGCGAACGA_005,164
CTTGTCGTGAAAGCGAACGA_006,59
CTTGTCGTGAAAGCGAACGA_007,178
GACCACGACCGCATGTACGT_001,127
GACCACGACCGCATGTACGT_002,105
GACCACGACCGCATGTACGT_003,109
GACCACGACCGCATGTACGT_004,156
GACCACGACCGCATGTACGT_005,49
GACCACGACCGCATGTACGT_006,87
GACCACGACCGCATGTACGT_007,38
GACCACGACCGCATGTACGT_008,32
GACCACGACCGCATGTACGT_009,2
GACCACGACCGCATGTACGT_010,170
GACCACGACCGCATGTACGT_011,175
GACCACGACCGCATGTACGT_012,127
GACCACGACCGCATGTACGT_013,75
GACCACGACCGCATGTACGT_014,64
GACCACGACCGCATGTACGT_015,34
GACCACGACCGCATGTACGT_016,28
GACCACGACCGCATGTACGT_017,1
GACCACGACCGCATGTACGT_018,46
GACCACGACCGCATGTACGT_019,138
GACCACGACCGCATGTACGT_020,106
GACCACGACCGCATGTACGT_021,75
TGAGGCATTCCAATGACCAG_001,191
TGAGGCATTCCAATGACCAG_002,147
TGAGGCATTCCAATGACCAG_003,58
TGAGGCATTCCAATGACCAG_004,28
TGAGGCATTCCAATGACCAG_005,51
TGAGGCATTCCAATGACCAG_006,31
TGAGGCATTCCAATGACCAG_007,98
TGAGGCATTCCAATGACCAG_008,162
TGAGGCATTCCAATGACCAG_009,185
TGAGGCATTCCAATGACCAG_010,63
TGAGGCATTCCAATGACCAG_011,106
TGAGGCATTCCAATGACCAG_012,65
TGAGGCATTCCAATGACCAG_013,141
TGAGGCATTCCAATGACCAG_014,197
TGAGGCATTCCAATGACCAG_015,124
TGAGGCATTCCAATGACCAG_016,134
CGATGACCAGAGTGGCAGCG_001,4
CGATGACCAGAGTGGCAGCG_002,160
CGATGACCAGAGTGGCAGCG_003,97
CGATGACCAGAGTGGCAGCG_004,156
CGATGACCAGAGTGGCAGCG_005,78
CGATGACCAGAGTGGCAGCG_006,65
CGATGACCAGAGTGGCAGCG_007,33
GGAGGGGGTGTCCCCCATGG_001,113
GGAGGGGGTGTCCCCCATGG_002,191
TCAGATTCCAGTTGATCTGG_001,172
TCAGATTCCAGTTGATCTGG_002,7
ACAGGTGGTGAAAATAACTC_001,94
CAATCTCTAAGGTCCCGTTG_001,56
CAATCTCTAAGGTCCCGTTG_002,108
CAATCTCTAAGGTCCCGTTG_003,103
CGGTTCACCCCACAGTACAA_001,2
CGGTTCACCCCACAGTACAA_002,172
CGGTTCACCCCACAGTACAA_003,121
CGGTTCACCCCACAGTACAA_004,15
CGGTTCACCCCACAGTACAA_005,181
CGGTTCACCCCACAGTACAA_006,169
CGGTTCACCCCACAGTACAA_007,39
CGGTTCACCCCACAGTACAA_008,136
CGGTTCACCCCACAGTACAA_009,14
CGGTTCACCCCACAGTACAA_010,193
CGGTTCACCCCACAGTACAA_011,14
CTGACCGTATGGCTTAGCAT_001,158
CTGACCGTATGGCTTAGCAT_002,62
TGCCCTCAGAAACCCGATGG_001,197
TGCCCTCAGAAACCCGATGG_002,61
TGCCCTCAGAAACCCGATGG_003,0
TGCCCTCAGAAACCCGATGG_004,140
TGCCCTCAGAAACCCGATGG_005,98
TGCCCTCAGAAACCCGATGG_006,137
TGCCCTCAGAAACCCGATGG_007,75
TGCCCTCAGAAACCCGATGG_008,68
TGCCCTCAGAAACCCGATGG_009,121
TGCCCTCAGAAACCCGATGG_010,6
TGCCCTCAGAAACCCGATGG_011,19
GGGGCGCTACTACGTGACCT_001,194
GGGGCGCTACTACGTGACCT_002,187
GGGGCGCTACTACGTGACCT_003,81
GGGGCGCTACTACGTGACCT_004,43
GGGGCGCTACTACGTGACCT_005,62
GGGGCGCTACTACGTGACCT_006,4
GGGGCGCTACTACGTGACCT_007,112
GGGGCGCTACTACGTGACCT_008,64
GGGGCGCTACTACGTGACCT_009,42
GGGGCGCTACTACGTGACCT_010,63
GGGGCGCTACTACGTGACCT_011,184
GGGGCGCTACTACGTGACCT_012,168
AACATCTGCGATGACGCCAA_001,94
AACATCTGCGATGACGCCAA_002,172
AACATCTGCGATGACGCCAA_003,36
AACATCTGCGATGACGCCAA_004,130
AACATCTGCGATGACGCCAA_005,125
AACATCTGCGATGACGCCAA_006,158
AACATCTGCGATGACGCCAA_007,156
AACATCTGCGATGACGCCAA_008,82
AACATCTGCGATGACGCCAA_009,191
AACATCTGCGATGACGCCAA_010,2
AACATCTGCGATGACGCCAA_011,48
CGGGCACACTCTGCGCATGT_001,197
CGGGCACACTCTGCGCATGT_002,115
CGGGCACACTCTGCGCATGT_003,60
CGGGCACACTCTGCGCATGT_004,82
CGGGCACACTCTGCGCATGT_005,121
CGGGCACACTCTGCGCATGT_006,196
CGGGCACACTCTGCGCATGT_007,63
CGGGCACACTCTGCGCATGT_008,40
CGGGCACACTCTGCGCATGT_009,157
CGGGCACACTCTGCGCATGT_010,123
CCACTTCCTCTATCTCAATG_001,160
AGCTTCAGCAATGTGTCCCG_001,97
AGCTTCAGCAATGTGTCCCG_002,65
AGCTTCAGCAATGTGTCCCG_003,179
AGCTTCAGCAATGTGTCCCG_004,0
AGCTTCAGCAATGTGTCCCG_005,137
AGCTTCAGCAATGTGTCCCG_006,124
AGCTTCAGCAATGTGTCCCG_007,14
AGCTTCAGCAATGTGTCCCG_008,93
AGCTTCAGCAATGTGTCCCG_009,63
AGCTTCAGCAATGTGTCCCG_010,127
AGCTTCAGCAATGTGTCCCG_011,162
AGCTTCAGCAATGTGTCCCG_012,6
AGCTTCAGCAATGTGTCCCG_013,118
AGCTTCAGCAATGTGTCCCG_014,198
CTCCCAGTCGGACAACCCAT_001,119
CTCCCAGTCGGACAACCCAT_002,127
CTCCCAGTCGGACAACCCAT_003,117
CTCCCAGTCGGACAACCCAT_004,125
CTCCCAGTCGGACAACCCAT_005,16
CTCCCAGTCGGACAACCCAT_006,11
CTCCCAGTCGGACAACCCAT_007,78
CTCCCAGTCGGACAACCCAT_008,78
CTCCCAGTCGGACAACCCAT_009,120
CTCCCAGTCGGACAACCCAT_010,160
CTCCCAGTCGGACAACCCAT_011,2
CTCCCAGTCGGACAACCCAT_012,2
CTCCCAGTCGGACAACCCAT_013,105
CTCCCAGTCGGACAACCCAT_014,94
GGTGCTTGATCACCGCCGCG_001,137
GGTGCTTGATCACCGCCGCG_002,20
GGTGCTTGATCACCGCCGCG_003,151
GGTGCTTGATCACCGCCGCG_004,88
GGTGCTTGATCACCGCCGCG_005,84
GGTGCTTGATCACCGCCGCG_006,184
GGTGCTTGATCACCGCCGCG_007,46
CGATGGACGGGAAGACAGCG_001,62
CGATGGACGGGAAGACAGCG_002,17
CGATGGACGGGAAGACAGCG_003,172
CGATGGACGGGAAGACAGCG_004,17
CGATGGACGGGAAGACAGCG_005,159
CGATGGACGGGAAGACAGCG_006,170
CGATGGACGGGAAGACAGCG_007,19
CGATGGACGGGAAGACAGCG_008,41
CGATGGACGGGAAGACAGCG_009,95
CGATGGACGGGAAGACAGCG_010,52
CGATGGACGGGAAGACAGCG_011,91
CGATGGACGGGAAGACAGCG_012,58
CGATGGACGGGAAGACAGCG_013,105
CGATGGACGGGAAGACAGCG_014,55
CGATGGACGGGAAGACAGCG_015,70
CGATGGACGGGAAGACAGCG_016,33
CGATGGACGGGAAGACAGCG_017,134
CGATGGACGGGAAGACAGCG_018,28
CGATGGACGGGAAGACAGCG_019,169
CGATGGACGGGAAGACAGCG_020,98
CGATGGACGGGAAGACAGCG_021,198
CGATGGACGGGAAGACAGCG_022,8
CGATGGACGGGAAGACAGCG_023,28
TTATCCTCAAAGTATGTCAA_001,163
TTATCCTCAAAGTATGTCAA_002,54
TTATCCTCAAAGTATGTCAA_003,122
TTATCCTCAAAGTATGTCAA_004,122
TTATCCTCAAAGTATGTCAA_005,127
TTATCCTCAAAGTATGTCAA_006,86
TTATCCTCAAAGTATGTCAA_007,183
TTATCCTCAAAGTATGTCAA_008,1
TTATCCTCAAAGTATGTCAA_009,69
TTATCCTCAAAGTATGTCAA_010,92
TTATCCTCAAAGTATGTCAA_011,67
TTATCCTCAAAGTATGTCAA_012,154
TTATCCTCAAAGTATGTCAA_013,158
TTATCCTCAAAGTATGTCAA_014,169
TTATCCTCAAAGTATGTCAA_015,188
CAGAATTCTCCAGCAACATG_001,181
CAGAATTCTCCAGCAACATG_002,98
ATCTGTGGCTGGGATAAGAG_001,17
ATCTGTGGCTGGGATAAGAG_002,198
ATCTGTGGCTGGGATAAGAG_003,27
ATCTGTGGCTGGGATAAGAG_004,176
CTGGAGAGCCTCCGACACTC_001,183
CTGGAGAGCCTCCGACACTC_002,162
CTGGAGAGCCTCCGACACTC_003,160
CTGGAGAGCCTCCGACACTC_004,175
CTGGAGAGCCTCCGACACTC_005,100
CTGGAGAGCCTCCGACACTC_006,100
CTGGAGAGCCTCCGACACTC_007,105
CTGGAGAGCCTCCGACACTC_008,29
CTGGAGAGCCTCCGACACTC_009,111
CTGGAGAGCCTCCGACACTC_010,93
CTGGAGAGCCTCCGACACTC_011,81
CTGGAGAGCCTCCGACACTC_012,199
CTGGAGAGCCTCCGACACTC_013,38
CTGGAGAGCCTCCGACACTC_014,176
CTGGAGAGCCTCCGACACTC_015,154
CTGGAGAGCCTCCGACACTC_016,69
CTGGAGAGCCTCCGACACTC_017,135
CTGGAGAGCCTCCGACACTC_018,106
CTGGAGAGCCTCCGACACTC_019,106
CTGGAGAGCCTCCGACACTC_020,136
TCGGCGATACTCACCACTCG_001,2
TCGGCGATACTCACCACTCG_002,160
TCGGCGATACTCACCACTCG_003,45
TCGGCGATACTCACCACTCG_004,40
TCGGCGATACTCACCACTCG_005,114
TCGGCGATACTCACCACTCG_006,160
TCGGCGATACTCACCACTCG_007,29
TCGGCGATACTCACCACTCG_008,33
TCGGCGATACTCACCACTCG_009,198
TCGGCGATACTCACCACTCG_010,67
CGAGTCCTCGAGCAGCGACG_001,177
CGAGTCCTCGAGCAGCGACG_002,63
CGAGTCCTCGAGCAGCGACG_003,148
CCTACAGATTCTGTGTACCA_001,43
ACTGCACGTAGCATAGGCAC_001,148
ACTGCACGTAGCATAGGCAC_002,12
ACTGCACGTAGCATAGGCAC_003,82
ACTGCACGTAGCATAGGCAC_004,105
ACTGCACGTAGCATAGGCAC_005,127
ACTGCACGTAGCATAGGCAC_006,126
ACTGCACGTAGCATAGGCAC_007,126
AGCAGTGAGGACCGTCTGTG_001,94
AGCAGTGAGGACCGTCTGTG_002,117
AGCAGTGAGGACCGTCTGTG_003,106
AGCAGTGAGGACCGTCTGTG_004,17
AGCAGTGAGGACCGTCTGTG_005,16
AGCAGTGAGGACCGTCTGTG_006,120
AGCAGTGAGGACCGTCTGTG_007,197
AGCAGTGAGGACCGTCTGTG_008,154
AGCAGTGAGGACCGTCTGTG_009,148
AGCAGTGAGGACCGTCTGTG_010,141
AGCAGTGAGGACCGTCTGTG_011,96
AGCAGTGAGGACCGTCTGTG_012,44
AGCAGTGAGGACCGTCTGTG_013,54
AGCAGTGAGGACCGTCTGTG_014,31
AGCAGTGAGGACCGTCTGTG_015,164
AGCAGTGAGGACCGTCTGTG_016,164
AGCAGTGAGGACCGTCTGTG_017,116
AGCAGTGAGGACCGTCTGTG_018,192
GGACTATCCACCGTTTACTC_001,150
GGACTATCCACCGTTTACTC_002,41
GGACTATCCACCGTTTACTC_003,62
GGACTATCCACCGTTTACTC_004,91
GGACTATCCACCGTTTACTC_005,185
GGACTATCCACCGTTTACTC_006,185
CAGCTGCCAGACGTCCTATG_001,177
CAGCTGCCAGACGTCCTATG_002,64
CAGCTGCCAGACGTCCTATG_003,134
CAGCTGCCAGACGTCCTATG_004,6
CAGCTGCCAGACGTCCTATG_005,125
CAGCTGCCAGACGTCCTATG_006,45
CAGCTGCCAGACGTCCTATG_007,175
CAGCTGCCAGACGTCCTATG_008,15
CAGCTGCCAGACGTCCTATG_009,119
CAGCTGCCAGACGTCCTATG_010,49
CAGCTGCCAGACGTCCTATG_011,60
CAGCTGCCAGACGTCCTATG_012,60
CAGCTGCCAGACGTCCTATG_013,185
CAGCTGCCAGACGTCCTATG_014,77
CAGCTGCCAGACGTCCTATG_015,72
CAGCTGCCAGACGTCCTATG_016,41
CAGCTGCCAGACGTCCTATG_017,105
CAGCTGCCAGACGTCCTATG_018,124
CAGCTGCCAGACGTCCTATG_019,185
CAGCTGCCAGACGTCCTATG_020,98
CAGCTGCCAGACGTCCTATG_021,198
CAGCTGCCAGACGTCCTATG_022,56
CAGCTGCCAGACGTCCTATG_023,42
CAGCTGCCAGACGTCCTATG_024,84
CAGCTGCCAGACGTCCTATG_025,6
CAGCTGCCAGACGTCCTATG_026,158
CAGCTGCCAGACGTCCTATG_027,90
GCACGTAGGCTGTCTCCAAG_001,190
GCACGTAGGCTGTCTCCAAG_002,51
GCACGTAGGCTGTCTCCAAG_003,121
GCACGTAGGCTGTCTCCAAG_004,120
GCACGTAGGCTGTCTCCAAG_005,77
GCACGTAGGCTGTCTCCAAG_006,32
GCACGTAGGCTGTCTCCAAG_007,35
GCACGTAGGCTGTCTCCAAG_008,41
GCACGTAGGCTGTCTCCAAG_009,58
GCACGTAGGCTGTCTCCAAG_010,154
GCACGTAGGCTGTCTCCAAG_011,6
GCACGTAGGCTGTCTCCAAG_012,21
GCACGTAGGCTGTCTCCAAG_013,147
GCACGTAGGCTGTCTCCAAG_014,104
GCACGTAGGCTGTCTCCAAG_015,197
GCACGTAGGCTGTCTCCAAG_016,76
GCACGTAGGCTGTCTCCAAG_017,8
GCACGTAGGCTGTCTCCAAG_018,138
GCACGTAGGCTGTCTCCAAG_019,5
GCACGTAGGCTGTCTCCAAG_020,56
GCACGTAGGCTGTCTCCAAG_021,184
GCACGTAGGCTGTCTCCAAG_022,34
GCACGTAGGCTGTCTCCAAG_023,63
GCCAACGCATACACTTGCCA_001,196
GCCAACGCATACACTTGCCA_002,149
GCCAACGCATACACTTGCCA_003,161
GCCAACGCATACACTTGCCA_004,3
GCCAACGCATACACTTGCCA_005,9
GAGACTAAATCCAGCGGCCA_001,29
GAGACTAAATCCAGCGGCCA_002,180
GAGACTAAATCCAGCGGCCA_003,160
GAGACTAAATCCAGCGGCCA_004,49
GAGACTAAATCCAGCGGCCA_005,63
GAGACTAAATCCAGCGGCCA_006,25
GAGACTAAATCCAGCGGCCA_007,167
GAGACTAAATCCAGCGGCCA_008,167
GAGACTAAATCCAGCGGCCA_009,144
GAGACTAAATCCAGCGGCCA_010,177
GAGACTAAATCCAGCGGCCA_011,55
GAGACTAAATCCAGCGGCCA_012,172
GAGACTAAATCCAGCGGCCA_013,170
GAGACTAAATCCAGCGGCCA_014,73
GAGACTAAATCCAGCGGCCA_015,196
GAGACTAAATCCAGCGGCCA_016,94
GAGACTAAATCCAGCGGCCA_017,103
GAGACTAAATCCAGCGGCCA_018,175
GAGACTAAATCCAGCGGCCA_019,177
GAGACTAAATCCAGCGGCCA_020,90
GAGACTAAATCCAGCGGCCA_021,89
GAGACTAAATCCAGCGGCCA_022,10
GAGACTAAATCCAGCGGCCA_023,49
GAGACTAAATCCAGCGGCCA_024,113
AGTCATCAGTAACTAATGTG_001,78
AGTCATCAGTAACTAATGTG_002,78
AGTCATCAGTAACTAATGTG_003,117
AGTCATCAGTAACTAATGTG_004,18
AGTCATCAGTAACTAATGTG_005,105
AGTCATCAGTAACTAATGTG_006,198
AGTCATCAGTAACTAATGTG_007,105
AGTCATCAGTAACTAATGTG_008,88
AGTCATCAGTAACTAATGTG_009,107
AGTCATCAGTAACTAATGTG_010,160
AGTCATCAGTAACTAATGTG_011,48
AGTCATCAGTAACTAATGTG_012,129
GTGATGCAAATTTGGCATGC_001,191
GTGATGCAAATTTGGCATGC_002,30
GTGATGCAAATTTGGCATGC_003,115
GTGATGCAAATTTGGCATGC_004,50
GTGATGCAAATTTGGCATGC_005,56
GTGATGCAAATTTGGCATGC_006,138
GTGATGCAAATTTGGCATGC_007,127
GTGATGCAAATTTGGCATGC_008,124
GTGATGCAAATTTGGCATGC_009,182
GTGATGCAAATTTGGCATGC_010,70
GTGATGCAAATTTGGCATGC_011,191
GGAAAGTAGATATCCAACAG_001,145
GGAAAGTAGATATCCAACAG_002,156
GGAAAGTAGATATCCAACAG_003,156
GGAAAGTAGATATCCAACAG_004,13
GGAAAGTAGATATCCAACAG_005,103
GGAAAGTAGATATCCAACAG_006,88
GGAAAGTAGATATCCAACAG_007,61
GGAAAGTAGATATCCAACAG_008,141
GGAAAGTAGATATCCAACAG_009,13
GGAAAGTAGATATCCAACAG_010,174
GGAAAGTAGATATCCAACAG_011,72
CTTCACCTTAATGATCCAAG_001,177
CTTCACCTTAATGATCCAAG_002,184
GATATGGTTGGTCAAAATGG_001,51
GATATGGTTGGTCAAAATGG_002,41
GATATGGTTGGTCAAAATGG_003,93
GATATGGTTGGTCAAAATGG_004,23
GATATGGTTGGTCAAAATGG_005,96
GATATGGTTGGTCAAAATGG_006,198
CCTGTTCCCAGTCCGAATTG_001,130
CCTGTTCCCAGTCCGAATTG_002,170
CCTGTTCCCAGTCCGAATTG_003,152
CCTGTTCCCAGTCCGAATTG_004,26
CCTGTTCCCAGTCCGAATTG_005,177
CCTGTTCCCAGTCCGAATTG_006,132
CCTGTTCCCAGTCCGAATTG_007,82
CCTGTTCCCAGTCCGAATTG_008,134
CCTGTTCCCAGTCCGAATTG_009,48
CCTGTTCCCAGTCCGAATTG_010,102
CCTGTTCCCAGTCCGAATTG_011,58
CCTGTTCCCAGTCCGAATTG_012,40
GTGTGGCACAAAATGCAACA_001,88
GTGTGGCACAAAATGCAACA_002,48
GTGTGGCACAAAATGCAACA_003,18
GTGTGGCACAAAATGCAACA_004,67
GTGTGGCACAAAATGCAACA_005,162
GTGTGGCACAAAATGCAACA_006,77
GTGTGGCACAAAATGCAACA_007,158
GTGTGGCACAAAATGCAACA_008,91
GTGTGGCACAAAATGCAACA_009,14
TATAGCAGCCTAGTGTCACT_001,176
TATAGCAGCCTAGTGTCACT_002,41
TATAGCAGCCTAGTGTCACT_003,148
TATAGCAGCCTAGTGTCACT_004,15
CCAGGGCCTTCGAAGGCAGA_001,14
CCAGGGCCTTCGAAGGCAGA_002,74
CCAGGGCCTTCGAAGGCAGA_003,9
CCAGGGCCTTCGAAGGCAGA_004,39
TGCCCTATGATGTAGAAGTG_001,17
TGCCCTATGATGTAGAAGTG_002,26
TGCCCTATGATGTAGAAGTG_003,156
TGCCCTATGATGTAGAAGTG_004,151
TGCCCTATGATGTAGAAGTG_005,160
TGCCCTATGATGTAGAAGTG_006,15
TGCCCTATGATGTAGAAGTG_007,174
TGCCCTATGATGTAGAAGTG_008,56
TGCCCTATGATGTAGAAGTG_009,34
TGCCCTATGATGTAGAAGTG_010,146
TGCCCTATGATGTAGAAGTG_011,29
TGCGGAAAATGAAACGTGGG_001,161
TGCGGAAAATGAAACGTGGG_002,72
TGCGGAAAATGAAACGTGGG_003,145
TGCGGAAAATGAAACGTGGG_004,17
TGCGGAAAATGAAACGTGGG_005,113
TGCGGAAAATGAAACGTGGG_006,75
TGCGGAAAATGAAACGTGGG_007,7
TGCGGAAAATGAAACGTGGG_008,181
TGCGGAAAATGAAACGTGGG_009,177
TGCGGAAAATGAAACGTGGG_010,28
TGCGGAAAATGAAACGTGGG_011,0
TGCGGAAAATGAAACGTGGG_012,30
TGCGGAAAATGAAACGTGGG_013,175
TGCGGAAAATGAAACGTGGG_014,46
TGCGGAAAATGAAACGTGGG_015,61
TGCGGAAAATGAAACGTGGG_016,148
TGCGGAAAATGAAACGTGGG_017,93
TGCGGAAAATGAAACGTGGG_018,94
TGCGGAAAATGAAACGTGGG_019,147
TGCGGAAAATGAAACGTGGG_020,114
TGCGGAAAATGAAACGTGGG_021,199
TGCGGAAAATGAAACGTGGG_022,180
TGTTGTTGTTTAGTTCTGCG_001,9
TGTTGTTGTTTAGTTCTGCG_002,122
TGTTGTTGTTTAGTTCTGCG_003,48
TGTTGTTGTTTAGTTCTGCG_004,172
TGTTGTTGTTTAGTTCTGCG_005,123
TGTTGTTGTTTAGTTCTGCG_006,63
TGTTGTTGTTTAGTTCTGCG_007,58
AGGGCTATGTAGTCCACAAG_001,73
AGGGCTATGTAGTCCACAAG_002,84
AGGGCTATGTAGTCCACAAG_003,180
AGGGCTATGTAGTCCACAAG_004,172
AGGGCTATGTAGTCCACAAG_005,125
AGGGCTATGTAGTCCACAAG_006,50
AGGGCTATGTAGTCCACAAG_007,115
AGGGCTATGTAGTCCACAAG_008,98
AGGGCTATGTAGTCCACAAG_009,4
AGGGCTATGTAGTCCACAAG_010,182
AGGGCTATGTAGTCCACAAG_011,185
AGGGCTATGTAGTCCACAAG_012,41
AGGGCTATGTAGTCCACAAG_013,48
AGGGCTATGTAGTCCACAAG_014,185
AGGGCTATGTAGTCCACAAG_015,197
AGGGCTATGTAGTCCACAAG_016,180
AGGGCTATGTAGTCCACAAG_017,162
AGGGCTATGTAGTCCACAAG_018,130
CGACGCTGAACGAGAAGCCA_001,146
CGACGCTGAACGAGAAGCCA_002,29
CGACGCTGAACGAGAAGCCA_003,24
CGACGCTGAACGAGAAGCCA_004,6
CGACGCTGAACGAGAAGCCA_005,193
CGACGCTGAACGAGAAGCCA_006,42
CGACGCTGAACGAGAAGCCA_007,76
CGACGCTGAACGAGAAGCCA_008,182
CGACGCTGAACGAGAAGCCA_009,49
CGACGCTGAACGAGAAGCCA_010,137
CGACGCTGAACGAGAAGCCA_011,21
CGACGCTGAACGAGAAGCCA_012,163
CGACGCTGAACGAGAAGCCA_013,139
CGACGCTGAACGAGAAGCCA_014,177
CGACGCTGAACGAGAAGCCA_015,20
CGACGCTGAACGAGAAGCCA_016,104
CGACGCTGAACGAGAAGCCA_017,3
CGACGCTGAACGAGAAGCCA_018,35
CGACGCTGAACGAGAAGCCA_019,9
CGACGCTGAACGAGAAGCCA_020,177
CGACGCTGAACGAGAAGCCA_021,103
TGAGCCCATCCAAAGAGTGG_001,95
TGAGCCCATCCAAAGAGTGG_002,141
TGAGCCCATCCAAAGAGTGG_003,154
TGAGCCCATCCAAAGAGTGG_004,104
TGAGCCCATCCAAAGAGTGG_005,115
TGAGCCCATCCAAAGAGTGG_006,150
TGAGCCCATCCAAAGAGTGG_007,58
TGAGCCCATCCAAAGAGTGG_008,199
TGAGCCCATCCAAAGAGTGG_009,170
TGAGCCCATCCAAAGAGTGG_010,113
TGAGCCCATCCAAAGAGTGG_011,60
TGAGCCCATCCAAAGAGTGG_012,78
TGAGCCCATCCAAAGAGTGG_013,43
TGAGCCCATCCAAAGAGTGG_014,142
TGAGCCCATCCAAAGAGTGG_015,142
TGAGCCCATCCAAAGAGTGG_016,168
TGAGCCCATCCAAAGAGTGG_017,1
AAAAATTCATACCTGACTCG_001,32
AAAAATTCATACCTGACTCG_002,92
AAAAATTCATACCTGACTCG_003,70
GCAATAGCTGTGGAACACCG_001,17
GCAATAGCTGTGGAACACCG_002,53
GCAATAGCTGTGGAACACCG_003,156
GCAATAGCTGTGGAACACCG_004,111
GCAATAGCTGTGGAACACCG_005,90
GCCCATCCACTCGCTCACGA_001,160
GCCCATCCACTCGCTCACGA_002,17
GCCCATCCACTCGCTCACGA_003,105
GCCCATCCACTCGCTCACGA_004,172
GCCCATCCACTCGCTCACGA_005,43
GCCCATCCACTCGCTCACGA_006,44
GCCCATCCACTCGCTCACGA_007,31
GCCCATCCACTCGCTCACGA_008,49
GCCCATCCACTCGCTCACGA_009,145
GCCCATCCACTCGCTCACGA_010,89
GCCCATCCACTCGCTCACGA_011,61
GCCCATCCACTCGCTCACGA_012,43
GCCCATCCACTCGCTCACGA_013,150
GCCCATCCACTCGCTCACGA_014,68
GCCCATCCACTCGCTCACGA_015,184
GCCCATCCACTCGCTCACGA_016,105
GCCCATCCACTCGCTCACGA_017,64
GCCCATCCACTCGCTCACGA_018,134
GCCCATCCACTCGCTCACGA_019,149
GCCCATCCACTCGCTCACGA_020,48
GCCCATCCACTCGCTCACGA_021,0
CGAGGGCTGTTGGATCGCAA_001,146
CGAGGGCTGTTGGATCGCAA_002,160
CGAGGGCTGTTGGATCGCAA_003,49
CGAGGGCTGTTGGATCGCAA_004,62
CGAGGGCTGTTGGATCGCAA_005,198
CGAGGGCTGTTGGATCGCAA_006,178
CGAGGGCTGTTGGATCGCAA_007,63
CGAGGGCTGTTGGATCGCAA_008,156
CGAGGGCTGTTGGATCGCAA_009,156
CGAGGGCTGTTGGATCGCAA_010,9
CGAGGGCTGTTGGATCGCAA_011,91
CGAGGGCTGTTGGATCGCAA_012,90
CGAGGGCTGTTGGATCGCAA_013,167
CGAGGGCTGTTGGATCGCAA_014,178
CGAGGGCTGTTGGATCGCAA_015,32
CGAGGGCTGTTGGATCGCAA_016,155
CGAGGGCTGTTGGATCGCAA_017,194
CGAGGGCTGTTGGATCGCAA_018,169
CGAGGGCTGTTGGATCGCAA_019,119
CGAGGGCTGTTGGATCGCAA_020,102
CGAGGGCTGTTGGATCGCAA_021,107
CGAGGGCTGTTGGATCGCAA_022,15
CGAGGGCTGTTGGATCGCAA_023,140
CGAGGGCTGTTGGATCGCAA_024,193
CGAGGGCTGTTGGATCGCAA_025,0
CGAGGGCTGTTGGATCGCAA_026,34
CGAGGGCTGTTGGATCGCAA_027,46
GCTGGAGTCATATATCCTCG_001,77
GCTGGAGTCATATATCCTCG_002,19
GCTGGAGTCATATATCCTCG_003,41
GCTGGAGTCATATATCCTCG_004,6
GCTGGAGTCATATATCCTCG_005,175
TGAGTCCATGGAACGCACAG_001,156
TGAGTCCATGGAACGCACAG_002,169
TGAGTCCATGGAACGCACAG_003,53
TGAGTCCATGGAACGCACAG_004,184
TGAGTCCATGGAACGCACAG_005,115
TGAGTCCATGGAACGCACAG_006,54
TGAGTCCATGGAACGCACAG_007,121
TGAGTCCATGGAACGCACAG_008,0
TGAGTCCATGGAACGCACAG_009,27
TGAGTCCATGGAACGCACAG_010,118
TGAGTCCATGGAACGCACAG_011,182
TGAGTCCATGGAACGCACAG_012,144
TGAGTCCATGGAACGCACAG_013,6
TGAGTCCATGGAACGCACAG_014,56
TGAGTCCATGGAACGCACAG_015,78
TGAGTCCATGGAACGCACAG_016,78
TGAGTCCATGGAACGCACAG_017,105
TGAGTCCATGGAACGCACAG_018,121
TGAGTCCATGGAACGCACAG_019,171
TGAGTCCATGGAACGCACAG_020,131
TGAGTCCATGGAACGCACAG_021,16
TGAGTCCATGGAACGCACAG_022,8
TGAGTCCATGGAACGCACAG_023,197
TGAGTCCATGGAACGCACAG_024,40
TGAGTCCATGGAACGCACAG_025,19
TGAGTCCATGGAACGCACAG_026,186
TGAGTCCATGGAACGCACAG_027,24
TGAGTCCATGGAACGCACAG_028,107
TGAGTCCATGGAACGCACAG_029,111
TGAGTCCATGGAACGCACAG_030,62
TGAGTCCATGGAACGCACAG_031,157
TGAGTCCATGGAACGCACAG_032,1
TGAGTCCATGGAACGCACAG_033,172
TGAGTCCATGGAACGCACAG_034,55
TGAGTCCATGGAACGCACAG_035,90
TGAGTCCATGGAACGCACAG_036,56
TGAGTCCATGGAACGCACAG_037,106
CTAATTCCCATATTGACGAG_001,177
CTAATTCCCATATTGACGAG_002,199
CTAATTCCCATATTGACGAG_003,78
CTAATTCCCATATTGACGAG_004,198
CTAATTCCCATATTGACGAG_005,83
CTAATTCCCATATTGACGAG_006,84
CTAATTCCCATATTGACGAG_007,197
CTAATTCCCATATTGACGAG_008,86
CTAATTCCCATATTGACGAG_009,145
CTAATTCCCATATTGACGAG_010,191
CTAATTCCCATATTGACGAG_011,32
CTAATTCCCATATTGACGAG_012,144
CTAATTCCCATATTGACGAG_013,147
CTAGCTGGATACGTGTCAGC_001,27
CTAGCTGGATACGTGTCAGC_002,113
CTAGCTGGATACGTGTCAGC_003,197
CTAGCTGGATACGTGTCAGC_004,169
CTAGCTGGATACGTGTCAGC_005,52
CTAGCTGGATACGTGTCAGC_006,118
CTAGCTGGATACGTGTCAGC_007,77
CTAGCTGGATACGTGTCAGC_008,77
GAGGCACCGTTTCATCGGGT_001,0
GAGGCACCGTTTCATCGGGT_002,183
GAGGCACCGTTTCATCGGGT_003,149
GAGGCACCGTTTCATCGGGT_004,36
GAGGCACCGTTTCATCGGGT_005,122
GAGGCACCGTTTCATCGGGT_006,138
GAGGCACCGTTTCATCGGGT_007,194
GAGGCACCGTTTCATCGGGT_008,167
GAGGCACCGTTTCATCGGGT_009,102
GAGGCACCGTTTCATCGGGT_010,69
GAGGCACCGTTTCATCGGGT_011,152
GAGGCACCGTTTCATCGGGT_012,65
GAGGCACCGTTTCATCGGGT_013,116
GAGGCACCGTTTCATCGGGT_014,191
GAGGCACCGTTTCATCGGGT_015,106
GAGGCACCGTTTCATCGGGT_016,181
GAGGCACCGTTTCATCGGGT_017,166
GAGGCACCGTTTCATCGGGT_018,106
GAGGCACCGTTTCATCGGGT_019,153
GAGGCACCGTTTCATCGGGT_020,107
GTGTCTCCCATTCAGTGTGG_001,103
GTGTCTCCCATTCAGTGTGG_002,76
GTGTCTCCCATTCAGTGTGG_003,4
GTGTCTCCCATTCAGTGTGG_004,113
GTGTCTCCCATTCAGTGTGG_005,150
GTGTCTCCCATTCAGTGTGG_006,156
GTGTCTCCCATTCAGTGTGG_007,16
GTGTCTCCCATTCAGTGTGG_008,63
AGGCCTGCATCAAGTGTCTG_001,177
AGGCCTGCATCAAGTGTCTG_002,74
AGGCCTGCATCAAGTGTCTG_003,140
AGGCCTGCATCAAGTGTCTG_004,32
AGGCCTGCATCAAGTGTCTG_005,67
AGGCCTGCATCAAGTGTCTG_006,81
AGGCCTGCATCAAGTGTCTG_007,145
AGGCCTGCATCAAGTGTCTG_008,88
AGGCCTGCATCAAGTGTCTG_009,94
AGGCCTGCATCAAGTGTCTG_010,58
AGGCCTGCATCAAGTGTCTG_011,135
AGGCCTGCATCAAGTGTCTG_012,79
AGGCCTGCATCAAGTGTCTG_013,168
AGGCCTGCATCAAGTGTCTG_014,53
AGGCCTGCATCAAGTGTCTG_015,133
AGGCCTGCATCAAGTGTCTG_016,165
AGGCCTGCATCAAGTGTCTG_017,62
AGGCCTGCATCAAGTGTCTG_018,40
AGGCCTGCATCAAGTGTCTG_019,3
AATCTTGTTGCCTGTCACAT_001,170
AATCTTGTTGCCTGTCACAT_002,145
AATCTTGTTGCCTGTCACAT_003,1
AATCTTGTTGCCTGTCACAT_004,153
AATCTTGTTGCCTGTCACAT_005,7
AATCTTGTTGCCTGTCACAT_006,67
AATCTTGTTGCCTGTCACAT_007,146
AATCTTGTTGCCTGTCACAT_008,1
AGTCTGGAAAGCGTCACTTG_001,127
AGTCTGGAAAGCGTCACTTG_002,152
AGTCTGGAAAGCGTCACTTG_003,166
AGTCTGGAAAGCGTCACTTG_004,121
AGTCTGGAAAGCGTCACTTG_005,48
AGTCTGGAAAGCGTCACTTG_006,62
AGTCTGGAAAGCGTCACTTG_007,76
AGTCTGGAAAGCGTCACTTG_008,184
ATCCTGGCAACTGTCAACCA_001,44
ATCCTGGCAACTGTCAACCA_002,138
ATCCTGGCAACTGTCAACCA_003,48
ATCCTGGCAACTGTCAACCA_004,121
ATCCTGGCAACTGTCAACCA_005,167
ATCCTGGCAACTGTCAACCA_006,167
ATCCTGGCAACTGTCAACCA_007,147
ATCCTGGCAACTGTCAACCA_008,9
ATCCTGGCAACTGTCAACCA_009,58
ATCCTGGCAACTGTCAACCA_010,75
ATCCTGGCAACTGTCAACCA_011,192
ATCCTGGCAACTGTCAACCA_012,91
CACGTCTGCCTCCTCCCTTG_001,152
CACGTCTGCCTCCTCCCTTG_002,106
CACGTCTGCCTCCTCCCTTG_003,140
CACGTCTGCCTCCTCCCTTG_004,141
CACGTCTGCCTCCTCCCTTG_005,91
CACGTCTGCCTCCTCCCTTG_006,184
CACGTCTGCCTCCTCCCTTG_007,46
CACGTCTGCCTCCTCCCTTG_008,16
CACGTCTGCCTCCTCCCTTG_009,16
CACGTCTGCCTCCTCCCTTG_010,166
CACGTCTGCCTCCTCCCTTG_011,160
CACGTCTGCCTCCTCCCTTG_012,12
CACGTCTGCCTCCTCCCTTG_013,115
CACGTCTGCCTCCTCCCTTG_014,58
CACGTCTGCCTCCTCCCTTG_015,41
CACGTCTGCCTCCTCCCTTG_016,158
CACGTCTGCCTCCTCCCTTG_017,16
CACGTCTGCCTCCTCCCTTG_018,16
CACGTCTGCCTCCTCCCTTG_019,91
CACGTCTGCCTCCTCCCTTG_020,31
CACGTCTGCCTCCTCCCTTG_021,114
CACGTCTGCCTCCTCCCTTG_022,151
CACGTCTGCCTCCTCCCTTG_023,64
CACGTCTGCCTCCTCCCTTG_024,84
CACGTCTGCCTCCTCCCTTG_025,57
ACGGCCACCTCACAAAGTAA_001,171
ACGGCCACCTCACAAAGTAA_002,127
ACGGCCACCTCACAAAGTAA_003,114
ACGGCCACCTCACAAAGTAA_004,199
AGCTACTGGCGGATCCGCGG_001,63
AGCTACTGGCGGATCCGCGG_002,198
AGCTACTGGCGGATCCGCGG_003,92
AGCTACTGGCGGATCCGCGG_004,63
AGCTACTGGCGGATCCGCGG_005,36
AGCTACTGGCGGATCCGCGG_006,178
AGCTACTGGCGGATCCGCGG_007,6
AGCTACTGGCGGATCCGCGG_008,127
AGCTACTGGCGGATCCGCGG_009,115
AGCTACTGGCGGATCCGCGG_010,0
CAGCATGGTATCGTCTACTC_001,89
CAGCATGGTATCGTCTACTC_002,84
CAGCATGGTATCGTCTACTC_003,49
CAGCATGGTATCGTCTACTC_004,130
GAGCAGAACTGTGTTGAGAT_001,129
GAGCAGAACTGTGTTGAGAT_002,105
GAGCAGAACTGTGTTGAGAT_003,1
AAAACTTCGAAACTCATGCA_001,34
AAAACTTCGAAACTCATGCA_002,83
AACTCCCTAAGCAACTCCAG_001,55
AACTCCCTAAGCAACTCCAG_002,196
AACTCCCTAAGCAACTCCAG_003,132
AACTCCCTAAGCAACTCCAG_004,9
AACTCCCTAAGCAACTCCAG_005,183
AACTCCCTAAGCAACTCCAG_006,121
AACTCCCTAAGCAACTCCAG_007,99
AACTCCCTAAGCAACTCCAG_008,81
AACTCCCTAAGCAACTCCAG_009,103
AACTCCCTAAGCAACTCCAG_010,61
AAGAACGGCAGGGAGTTCCG_001,154
AAGAACGGCAGGGAGTTCCG_002,88
AAGAACGGCAGGGAGTTCCG_003,157
AAGAACGGCAGGGAGTTCCG_004,47
AAGAACGGCAGGGAGTTCCG_005,1
AAGAACGGCAGGGAGTTCCG_006,50
AAGAACGGCAGGGAGTTCCG_007,19
AAGAACGGCAGGGAGTTCCG_008,158
AAGAACGGCAGGGAGTTCCG_009,92
AAGAACGGCAGGGAGTTCCG_010,77
AAGAACGGCAGGGAGTTCCG_011,88
AAGAACGGCAGGGAGTTCCG_012,177
AAGAACGGCAGGGAGTTCCG_013,95
AAGAACGGCAGGGAGTTCCG_014,158
AAGAACGGCAGGGAGTTCCG_015,68
AAGAACGGCAGGGAGTTCCG_016,104
AAGAACGGCAGGGAGTTCCG_017,28
AAGAACGGCAGGGAGTTCCG_018,152
AAGAACGGCAGGGAGTTCCG_019,175
AAGAACGGCAGGGAGTTCCG_020,49
AAGAACGGCAGGGAGTTCCG_021,56
AAGAACGGCAGGGAGTTCCG_022,85
AAGAACGGCAGGGAGTTCCG_023,160
AAGAACGGCAGGGAGTTCCG_024,7
AAGAACGGCAGGGAGTTCCG_025,36
AAGAACGGCAGGGAGTTCCG_026,191
AAGAACGGCAGGGAGTTCCG_027,106
AAGAACGGCAGGGAGTTCCG_028,185
AAGAACGGCAGGGAGTTCCG_029,77
AAGAACGGCAGGGAGTTCCG_030,188
AAGAACGGCAGGGAGTTCCG_031,63
AAGAACGGCAGGGAGTTCCG_032,43
CCAGTGCTGAGCCTTAATGG_001,120
CCAGTGCTGAGCCTTAATGG_002,78
CCAGTGCTGAGCCTTAATGG_003,55
CCAGTGCTGAGCCTTAATGG_004,149
CCAGTGCTGAGCCTTAATGG_005,145
CCAGTGCTGAGCCTTAATGG_006,199
CCAGTGCTGAGCCTTAATGG_007,73
CCAGTGCTGAGCCTTAATGG_008,97
CCAGTGCTGAGCCTTAATGG_009,27
TGTGCCAGCAAAGTAAATGG_001,72
TGTGCCAGCAAAGTAAATGG_002,157
TGTGCCAGCAAAGTAAATGG_003,109
TGTGCCAGCAAAGTAAATGG_004,82
TGTGCCAGCAAAGTAAATGG_005,30
TGTGCCAGCAAAGTAAATGG_006,199
TGTGCCAGCAAAGTAAATGG_007,144
GGACACCCAAGGCGATCACA_001,15
GGACACCCAAGGCGATCACA_002,121
GGACACCCAAGGCGATCACA_003,194
GGACACCCAAGGCGATCACA_004,83
GGACACCCAAGGCGATCACA_005,44
GGACACCCAAGGCGATCACA_006,62
GGACACCCAAGGCGATCACA_007,94
GGACACCCAAGGCGATCACA_008,48
GGACACCCAAGGCGATCACA_009,89
GGACACCCAAGGCGATCACA_010,94
GGACACCCAAGGCGATCACA_011,15
GGACACCCAAGGCGATCACA_012,48
GGACACCCAAGGCGATCACA_013,64
GGACACCCAAGGCGATCACA_014,150
GGACACCCAAGGCGATCACA_015,127
GGACACCCAAGGCGATCACA_016,92
GGACACCCAAGGCGATCACA_017,166
GGACACCCAAGGCGATCACA_018,121
GGACACCCAAGGCGATCACA_019,22
GGACACCCAAGGCGATCACA_020,39
GGACACCCAAGGCGATCACA_021,166
GGACACCCAAGGCGATCACA_022,19
GGACACCCAAGGCGATCACA_023,168
GGACACCCAAGGCGATCACA_024,96
GGACACCCAAGGCGATCACA_025,50
TTAAGGCATCTACAGAGATG_001,80
TTAAGGCATCTACAGAGATG_002,6
TTTGAGGAAATCACGCCAGG_001,16
TTTGAGGAAATCACGCCAGG_002,185
TTTGAGGAAATCACGCCAGG_003,140
TTTGAGGAAATCACGCCAGG_004,16
TTTGAGGAAATCACGCCAGG_005,170
GTGACTGCTCAAAATCGCCG_001,118
GTGACTGCTCAAAATCGCCG_002,16
GTGACTGCTCAAAATCGCCG_003,47
GTGACTGCTCAAAATCGCCG_004,14
GTGACTGCTCAAAATCGCCG_005,84
GTGACTGCTCAAAATCGCCG_006,199
GTGACTGCTCAAAATCGCCG_007,147
GTGACTGCTCAAAATCGCCG_008,36
GTGACTGCTCAAAATCGCCG_009,22
GTGACTGCTCAAAATCGCCG_010,131
GTGACTGCTCAAAATCGCCG_011,48
GTGACTGCTCAAAATCGCCG_012,2
GTGACTGCTCAAAATCGCCG_013,147
CACCCAGAGAGCCTGCTAAG_001,63
CACCCAGAGAGCCTGCTAAG_002,65
CACCCAGAGAGCCTGCTAAG_003,140
CACCCAGAGAGCCTGCTAAG_004,150
CACCCAGAGAGCCTGCTAAG_005,169
CACCCAGAGAGCCTGCTAAG_006,113
CACCCAGAGAGCCTGCTAAG_007,149
TACAGAAACCTGTTCTCCCT_001,81
TACAGAAACCTGTTCTCCCT_002,96
TACAGAAACCTGTTCTCCCT_003,192
TACAGAAACCTGTTCTCCCT_004,50
TACAGAAACCTGTTCTCCCT_005,156
TACAGAAACCTGTTCTCCCT_006,191
TACAGAAACCTGTTCTCCCT_007,145
TACAGAAACCTGTTCTCCCT_008,184
TACAGAAACCTGTTCTCCCT_009,23
TACAGAAACCTGTTCTCCCT_010,106
TACAGAAACCTGTTCTCCCT_011,61
TACAGAAACCTGTTCTCCCT_012,165
TACAGAAACCTGTTCTCCCT_013,52
GGTAGTCAATGTTGGAGTCG_001,149
GGTAGTCAATGTTGGAGTCG_002,147
GGTAGTCAATGTTGGAGTCG_003,150
GGTAGTCAATGTTGGAGTCG_004,181
AGTCGTTCTTGACTGCGTGA_001,170
AGTCGTTCTTGACTGCGTGA_002,88
AGTCGTTCTTGACTGCGTGA_003,78
AGTCGTTCTTGACTGCGTGA_004,11
AGTCGTTCTTGACTGCGTGA_005,121
AGTCGTTCTTGACTGCGTGA_006,42
AGTCGTTCTTGACTGCGTGA_007,46
GATGGCAATTGGATCTACGG_001,9
GATGGCAATTGGATCTACGG_002,181
GATGGCAATTGGATCTACGG_003,155
GATGGCAATTGGATCTACGG_004,8
GATGGCAATTGGATCTACGG_005,99
GGGAGAATCCTTGGACCTAG_001,113
GGGAGAATCCTTGGACCTAG_002,9
GGGAGAATCCTTGGACCTAG_003,83
GGGAGAATCCTTGGACCTAG_004,181
GGGAGAATCCTTGGACCTAG_005,94
GGGAGAATCCTTGGACCTAG_006,78
GGGAGAATCCTTGGACCTAG_007,31
GGGAGAATCCTTGGACCTAG_008,12
GGGAGAATCCTTGGACCTAG_009,186
GGGAGAATCCTTGGACCTAG_010,81
GGGAGAATCCTTGGACCTAG_011,60
GGGAGAATCCTTGGACCTAG_012,50
GGGAGAATCCTTGGACCTAG_013,52
AGACACCCATAAAGCAATGT_001,138
AGACACCCATAAAGCAATGT_002,174
AGACACCCATAAAGCAATGT_003,122
CCAAGAACTTTAAGATCCGG_001,158
GAAGAATACCTTACACATTG_001,121
ATCTACGCAAAAGTTAGCAC_001,102
ATCTACGCAAAAGTTAGCAC_002,189
ATCTACGCAAAAGTTAGCAC_003,177
ATCTACGCAAAAGTTAGCAC_004,170
ATCTACGCAAAAGTTAGCAC_005,14
ATCTACGCAAAAGTTAGCAC_006,116
ATCTACGCAAAAGTTAGCAC_007,140
ATCTACGCAAAAGTTAGCAC_008,88
ATCTACGCAAAAGTTAGCAC_009,181
ATCTACGCAAAAGTTAGCAC_010,138
ATCTACGCAAAAGTTAGCAC_011,6
ATCTACGCAAAAGTTAGCAC_012,8
ATCTACGCAAAAGTTAGCAC_013,114
GTGGAGCTGGAGTTGCACCG_001,199
GTGGAGCTGGAGTTGCACCG_002,32
GTGGAGCTGGAGTTGCACCG_003,68
GTGGAGCTGGAGTTGCACCG_004,14
GTGGAGCTGGAGTTGCACCG_005,65
GTGGAGCTGGAGTTGCACCG_006,127
GTGGAGCTGGAGTTGCACCG_007,90
GTGGAGCTGGAGTTGCACCG_008,130
GTGGAGCTGGAGTTGCACCG_009,60
GTGGAGCTGGAGTTGCACCG_010,168
GTGGAGCTGGAGTTGCACCG_011,128
GTGGAGCTGGAGTTGCACCG_012,57
GTGGAGCTGGAGTTGCACCG_013,16
GTGGAGCTGGAGTTGCACCG_014,56
GTGGAGCTGGAGTTGCACCG_015,118
GTGGAGCTGGAGTTGCACCG_016,78
TGGAGTTGTACTCCAGCGCG_001,103
TGGAGTTGTACTCCAGCGCG_002,173
TGGAGTTGTACTCCAGCGCG_003,77
TGGAGTTGTACTCCAGCGCG_004,133
TGGAGTTGTACTCCAGCGCG_005,170
TGGAGTTGTACTCCAGCGCG_006,58
TGGAGTTGTACTCCAGCGCG_007,58
TGGAGTTGTACTCCAGCGCG_008,94
TGGAGTTGTACTCCAGCGCG_009,27
TGGAGTTGTACTCCAGCGCG_010,44
TCAACATCAATACAAAACAC_001,115
AGGGCACGCAGGTGCTCGAA_001,5
AGGGCACGCAGGTGCTCGAA_002,1
AGGGCACGCAGGTGCTCGAA_003,9
AGGGCACGCAGGTGCTCGAA_004,45
AGGGCACGCAGGTGCTCGAA_005,161
AGGGCACGCAGGTGCTCGAA_006,6
AGGGCACGCAGGTGCTCGAA_007,19
AGGGCACGCAGGTGCTCGAA_008,58
TTTGTCATGATGTTGACTTG_001,103
TTTGTCATGATGTTGACTTG_002,7
GCGCACATGATTGCTCTGAG_001,152
GCGCACATGATTGCTCTGAG_002,138
GCGCACATGATTGCTCTGAG_003,99
TTTATTCTTTCTTACCGCTG_001,27
TTTATTCTTTCTTACCGCTG_002,106
ACAACCAATACGGTGCTGCA_001,177
ACAACCAATACGGTGCTGCA_002,168
ACAACCAATACGGTGCTGCA_003,18
ACAACCAATACGGTGCTGCA_004,57
ACCAAGCACCAGGCCTTGAG_001,106
ACCAAGCACCAGGCCTTGAG_002,172
ACCAAGCACCAGGCCTTGAG_003,181
ACCAAGCACCAGGCCTTGAG_004,109
ACCAAGCACCAGGCCTTGAG_005,171
ACCAAGCACCAGGCCTTGAG_006,158
ACCAAGCACCAGGCCTTGAG_007,70
ACCAAGCACCAGGCCTTGAG_008,32
ACCAAGCACCAGGCCTTGAG_009,61
ACCAAGCACCAGGCCTTGAG_010,147
ACCAAGCACCAGGCCTTGAG_011,30
ACCAAGCACCAGGCCTTGAG_012,97
ACCAAGCACCAGGCCTTGAG_013,108
ACCAAGCACCAGGCCTTGAG_014,159
ACCAAGCACCAGGCCTTGAG_015,156
ACCAAGCACCAGGCCTTGAG_016,144
ACCAAGCACCAGGCCTTGAG_017,63
ACCAAGCACCAGGCCTTGAG_018,140
ACCAAGCACCAGGCCTTGAG_019,190
ACCAAGCACCAGGCCTTGAG_020,185
ACCAAGCACCAGGCCTTGAG_021,72
ACCAAGCACCAGGCCTTGAG_022,65
ACCAAGCACCAGGCCTTGAG_023,13
ACCAAGCACCAGGCCTTGAG_024,174
ACCAAGCACCAGGCCTTGAG_025,104
ACCAAGCACCAGGCCTTGAG_026,29
ACCAAGCACCAGGCCTTGAG_027,191
ACCAAGCACCAGGCCTTGAG_028,9
GTAACTAGGCTACAGGAACA_001,193
GTAACTAGGCTACAGGAACA_002,50
GTAACTAGGCTACAGGAACA_003,23
TAAGCAGTCTGTTCGAACTG_001,128
TAAGCAGTCTGTTCGAACTG_002,134
TAAGCAGTCTGTTCGAACTG_003,198
TAAGCAGTCTGTTCGAACTG_004,75
AAAAAGACAACCTCGCCCTG_001,197
AAAAAGACAACCTCGCCCTG_002,127
AAAAAGACAACCTCGCCCTG_003,155
AAAAAGACAACCTCGCCCTG_004,5
AAAAAGACAACCTCGCCCTG_005,68
AAAAAGACAACCTCGCCCTG_006,117
AAAAAGACAACCTCGCCCTG_007,129
AAAAAGACAACCTCGCCCTG_008,81
AAAAAGACAACCTCGCCCTG_009,24
AAAAAGACAACCTCGCCCTG_010,50
AAAAAGACAACCTCGCCCTG_011,79
AAAAAGACAACCTCGCCCTG_012,127
AAAAAGACAACCTCGCCCTG_013,98
CGAGTGTTATACGCACCGTT_001,48
CGAGTGTTATACGCACCGTT_002,6
CGAGTGTTATACGCACCGTT_003,89
CGAGTGTTATACGCACCGTT_004,194
CGAGTGTTATACGCACCGTT_005,70
CGAGTGTTATACGCACCGTT_006,18
CGAGTGTTATACGCACCGTT_007,173
CGAGTGTTATACGCACCGTT_008,173
CGAGTGTTATACGCACCGTT_009,173
CGAGTGTTATACGCACCGTT_010,91
CGAGTGTTATACGCACCGTT_011,37
CGAGTGTTATACGCACCGTT_012,192
CGAGTGTTATACGCACCGTT_013,139
CGAGTGTTATACGCACCGTT_014,163
CGAGTGTTATACGCACCGTT_015,153
CGAGTGTTATACGCACCGTT_016,27
ACAACTCTGCAGCCACCGAG_001,86
ACAACTCTGCAGCCACCGAG_002,53
ACAACTCTGCAGCCACCGAG_003,53
ACAACTCTGCAGCCACCGAG_004,75
ACAACTCTGCAGCCACCGAG_005,168
ACAACTCTGCAGCCACCGAG_006,76
AGGACAAACTAAGAGAAACT_001,92
AGGACAAACTAAGAGAAACT_002,46
AGGACAAACTAAGAGAAACT_003,99
AGGACAAACTAAGAGAAACT_004,15
AGGACAAACTAAGAGAAACT_005,162
GTCATGTCCCGAGCTTGTTG_001,45
GTCATGTCCCGAGCTTGTTG_002,192
GTCATGTCCCGAGCTTGTTG_003,184
GTCATGTCCCGAGCTTGTTG_004,73
GTCATGTCCCGAGCTTGTTG_005,43
GTCATGTCCCGAGCTTGTTG_006,130
TCGTTAAGGTCAATCTCGCG_001,35
TCGTTAAGGTCAATCTCGCG_002,138
TCGTTAAGGTCAATCTCGCG_003,124
CAGGACGCTGCACTTTACCG_001,194
TCCCAGGACAGGCTATGACT_001,17
TCCCAGGACAGGCTATGACT_002,45
TCCCAGGACAGGCTATGACT_003,144
TCCCAGGACAGGCTATGACT_004,188
TCCCAGGACAGGCTATGACT_005,117
TCCCAGGACAGGCTATGACT_006,108
TCCCAGGACAGGCTATGACT_007,125
TCCCAGGACAGGCTATGACT_008,62
TCCCAGGACAGGCTATGACT_009,187
TCCCAGGACAGGCTATGACT_010,171
TCCCAGGACAGGCTATGACT_011,177
TCCCAGGACAGGCTATGACT_012,56
TCCCAGGACAGGCTATGACT_013,70
TCCCAGGACAGGCTATGACT_014,4
TCCCAGGACAGGCTATGACT_015,68
TCCCAGGACAGGCTATGACT_016,188
GGTGAGATGCGCGATGTAGG_001,149
GGTGAGATGCGCGATGTAGG_002,147
GGTGAGATGCGCGATGTAGG_003,162
GGTGAGATGCGCGATGTAGG_004,136
GGTGAGATGCGCGATGTAGG_005,48
AGAAGTGAAGTCAATGTTCC_001,94
AGAAGTGAAGTCAATGTTCC_002,144
AGAAGTGAAGTCAATGTTCC_003,9
AGAAGTGAAGTCAATGTTCC_004,182
AGAAGTGAAGTCAATGTTCC_005,6
AGAAGTGAAGTCAATGTTCC_006,106
CACATGAGGAATTATACGGC_001,12
CACATGAGGAATTATACGGC_002,29
CTGAACAGGGACTGTTAGGA_001,151
CTGAACAGGGACTGTTAGGA_002,78
CTGAACAGGGACTGTTAGGA_003,18
CTGAACAGGGACTGTTAGGA_004,181
CTGAACAGGGACTGTTAGGA_005,198
CTGAACAGGGACTGTTAGGA_006,191
CTGAACAGGGACTGTTAGGA_007,139
CTGAACAGGGACTGTTAGGA_008,73
CTGAACAGGGACTGTTAGGA_009,107
CTGAACAGGGACTGTTAGGA_010,51
CTGAACAGGGACTGTTAGGA_011,26
CTGAACAGGGACTGTTAGGA_012,144
CTGAACAGGGACTGTTAGGA_013,29
CTGAACAGGGACTGTTAGGA_014,170
CTGAACAGGGACTGTTAGGA_015,134
CTGAACAGGGACTGTTAGGA_016,25
CTGAACAGGGACTGTTAGGA_017,8
CTGAACAGGGACTGTTAGGA_018,83
CTGAACAGGGACTGTTAGGA_019,115
CTGAACAGGGACTGTTAGGA_020,147
CTGAACAGGGACTGTTAGGA_021,118
CTGAACAGGGACTGTTAGGA_022,147
CTGAACAGGGACTGTTAGGA_023,115
CTGAACAGGGACTGTTAGGA_024,48
CTGAACAGGGACTGTTAGGA_025,10
CTGAACAGGGACTGTTAGGA_026,102
TATGTGGATTCGAGACCATG_001,76
TATGTGGATTCGAGACCATG_002,177
TATGTGGATTCGAGACCATG_003,37
TATGTGGATTCGAGACCATG_004,46
TATGTGGATTCGAGACCATG_005,46
TCTTACGAGTGTCCTCACTC_001,62
TCTTACGAGTGTCCTCACTC_002,175
TCTTACGAGTGTCCTCACTC_003,199
TCTTACGAGTGTCCTCACTC_004,134
TCTTACGAGTGTCCTCACTC_005,179
GCTTTATATTGACAACATCG_001,62
GCTTTATATTGACAACATCG_002,144
GGTGACGTTGGTCCCGCGCG_001,111
GGTGACGTTGGTCCCGCGCG_002,41
GGTGACGTTGGTCCCGCGCG_003,20
GGTGACGTTGGTCCCGCGCG_004,174
GGTGACGTTGGTCCCGCGCG_005,123
AGGCGTGCGGATGTAGACCT_001,181
AGGCGTGCGGATGTAGACCT_002,14
AGGCGTGCGGATGTAGACCT_003,96
AGGCGTGCGGATGTAGACCT_004,160
AGGCGTGCGGATGTAGACCT_005,16
AGGCGTGCGGATGTAGACCT_006,29
AGGCGTGCGGATGTAGACCT_007,99
AGGCGTGCGGATGTAGACCT_008,42
AGGCGTGCGGATGTAGACCT_009,180
AGTAACCCTCACACTTACCT_001,78
AGTAACCCTCACACTTACCT_002,125
AGTAACCCTCACACTTACCT_003,189
AGTAACCCTCACACTTACCT_004,181
AGTAACCCTCACACTTACCT_005,127
AGTAACCCTCACACTTACCT_006,70
AGTAACCCTCACACTTACCT_007,104
AGTAACCCTCACACTTACCT_008,53
AGTAACCCTCACACTTACCT_009,54
AGTAACCCTCACACTTACCT_010,122
AGTAACCCTCACACTTACCT_011,10
AGTAACCCTCACACTTACCT_012,54
AGTAACCCTCACACTTACCT_013,54
AGTAACCCTCACACTTACCT_014,177
AGTAACCCTCACACTTACCT_015,58
AGTAACCCTCACACTTACCT_016,96
AGTAACCCTCACACTTACCT_017,1
AGTAACCCTCACACTTACCT_018,23
AGTAACCCTCACACTTACCT_019,29
AGTAACCCTCACACTTACCT_020,105
AGTAACCCTCACACTTACCT_021,22
AGTAACCCTCACACTTACCT_022,49
AGTAACCCTCACACTTACCT_023,77
AGTAACCCTCACACTTACCT_024,9
AGTAACCCTCACACTTACCT_025,28
AGTAACCCTCACACTTACCT_026,25
ACATCCACTAGTGGGACACA_001,12
ACATCCACTAGTGGGACACA_002,58
ACATCCACTAGTGGGACACA_003,48
ACATCCACTAGTGGGACACA_004,45
ACATCCACTAGTGGGACACA_005,56
GTCCATAGACCTCTCCCAAG_001,32
GTCCATAGACCTCTCCCAAG_002,147
GTCCATAGACCTCTCCCAAG_003,70
GTCCATAGACCTCTCCCAAG_004,46
GTCCATAGACCTCTCCCAAG_005,157
GTCCATAGACCTCTCCCAAG_006,91
GTCCATAGACCTCTCCCAAG_007,56
TGTCTGCACTAGTTTCCGTA_001,184
TGTCTGCACTAGTTTCCGTA_002,88
TGTCTGCACTAGTTTCCGTA_003,50
TGTCTGCACTAGTTTCCGTA_004,162
CATGACACAACAGCTCACAT_001,187
CATGACACAACAGCTCACAT_002,165
CATGACACAACAGCTCACAT_003,153
CATGACACAACAGCTCACAT_004,121
CATGACACAACAGCTCACAT_005,156
CATGACACAACAGCTCACAT_006,183
CATGACACAACAGCTCACAT_007,101
CATGACACAACAGCTCACAT_008,82
CATGACACAACAGCTCACAT_009,126
CATGACACAACAGCTCACAT_010,109
CATGACACAACAGCTCACAT_011,66
CATGACACAACAGCTCACAT_012,131
CATGACACAACAGCTCACAT_013,74
CATGACACAACAGCTCACAT_014,126
GCACATGAAAGGTCTCCCCG_001,18
GCACATGAAAGGTCTCCCCG_002,92
GCACATGAAAGGTCTCCCCG_003,172
GCACATGAAAGGTCTCCCCG_004,171
GCACATGAAAGGTCTCCCCG_005,50
GCACATGAAAGGTCTCCCCG_006,154
GCACATGAAAGGTCTCCCCG_007,157
GCACATGAAAGGTCTCCCCG_008,62
GCACATGAAAGGTCTCCCCG_009,19
GCACATGAAAGGTCTCCCCG_010,2
GCACATGAAAGGTCTCCCCG_011,68
GCACATGAAAGGTCTCCCCG_012,150
GCACATGAAAGGTCTCCCCG_013,110
GCACATGAAAGGTCTCCCCG_014,116
GCACATGAAAGGTCTCCCCG_015,102
GCACATGAAAGGTCTCCCCG_016,10
GCACATGAAAGGTCTCCCCG_017,123
GCACATGAAAGGTCTCCCCG_018,187
CTGGCCCAGATCATTGTGAT_001,105
CTGGCCCAGATCATTGTGAT_002,65
CTGGCCCAGATCATTGTGAT_003,68
CTGGCCCAGATCATTGTGAT_004,159
CTGGCCCAGATCATTGTGAT_005,77
CTGGCCCAGATCATTGTGAT_006,113
CTGGCCCAGATCATTGTGAT_007,35
CTGGCCCAGATCATTGTGAT_008,28
TTATAAGTTCATAAAAACAG_001,127
TCAGCCACAGGATGACTCGT_001,89
TCAGCCACAGGATGACTCGT_002,125
TCAGCCACAGGATGACTCGT_003,162
TCAGCCACAGGATGACTCGT_004,121
TCAGCCACAGGATGACTCGT_005,169
TCAGCCACAGGATGACTCGT_006,187
TGACTGTATTTCAGTAGGTA_001,50
TGACTGTATTTCAGTAGGTA_002,101
TGACTGTATTTCAGTAGGTA_003,0
TGACTGTATTTCAGTAGGTA_004,145
TGGAGCACGGAAAATCTACG_001,29
TGGAGCACGGAAAATCTACG_002,153
TGGAGCACGGAAAATCTACG_003,82
TGGAGCACGGAAAATCTACG_004,48
TGGAGCACGGAAAATCTACG_005,176
TGGAGCACGGAAAATCTACG_006,72
TGGAGCACGGAAAATCTACG_007,140
TGGAGCACGGAAAATCTACG_008,129
TGGAGCACGGAAAATCTACG_009,136
TGGAGCACGGAAAATCTACG_010,33
TGGAGCACGGAAAATCTACG_011,182
TGGAGCACGGAAAATCTACG_012,169
TGGAGCACGGAAAATCTACG_013,132
TGGAGCACGGAAAATCTACG_014,45
TGGAGCACGGAAAATCTACG_015,197
CAAATTGACAACCTAGCCAC_001,112
CAAATTGACAACCTAGCCAC_002,121
CAAATTGACAACCTAGCCAC_003,137
CAAATTGACAACCTAGCCAC_004,52
TGTGTGCCAAAAAGATGGAC_001,2
TGTGTGCCAAAAAGATGGAC_002,134
TGTGTGCCAAAAAGATGGAC_003,26
TGTGTGCCAAAAAGATGGAC_004,192
TGTGTGCCAAAAAGATGGAC_005,199
AGTGCTGTGTTGGTGCACTA_001,50
AGTGCTGTGTTGGTGCACTA_002,10
AGTGCTGTGTTGGTGCACTA_003,199
AGTGCTGTGTTGGTGCACTA_004,58
AGTGCTGTGTTGGTGCACTA_005,16
AGTGCTGTGTTGGTGCACTA_006,49
AGTGCTGTGTTGGTGCACTA_007,171
AGTGCTGTGTTGGTGCACTA_008,121
AGTGCTGTGTTGGTGCACTA_009,61
AGTGCTGTGTTGGTGCACTA_010,67
AGTGCTGTGTTGGTGCACTA_011,127
AGTGCTGTGTTGGTGCACTA_012,5
AGTGCTGTGTTGGTGCACTA_013,165
AGTGCTGTGTTGGTGCACTA_014,81
GGATGCACTGCTTAACCTAG_001,118
GGATGCACTGCTTAACCTAG_002,196
GGATGCACTGCTTAACCTAG_003,68
GGATGCACTGCTTAACCTAG_004,56
GGATGCACTGCTTAACCTAG_005,27
GGATGCACTGCTTAACCTAG_006,3
TATGGTCAGATCTTCCATGG_001,96
TATGGTCAGATCTTCCATGG_002,27
TATGGTCAGATCTTCCATGG_003,177
TATGGTCAGATCTTCCATGG_004,197
AAAAGAGACTGAGCCCCGTG_001,82
AAAAGAGACTGAGCCCCGTG_002,41
AAAAGAGACTGAGCCCCGTG_003,107
AAAAGAGACTGAGCCCCGTG_004,160
AAAAGAGACTGAGCCCCGTG_005,171
AAAAGAGACTGAGCCCCGTG_006,136
CCCTACGACGACATGTACCC_001,24
CCCTACGACGACATGTACCC_002,89
CCCTACGACGACATGTACCC_003,118
CCCTACGACGACATGTACCC_004,142
ACATAGAGCGAGTTTCTGGG_001,91
ACATAGAGCGAGTTTCTGGG_002,104
ACATAGAGCGAGTTTCTGGG_003,188
ACATAGAGCGAGTTTCTGGG_004,105
ACATAGAGCGAGTTTCTGGG_005,4
ACATAGAGCGAGTTTCTGGG_006,192
ACATAGAGCGAGTTTCTGGG_007,98
ACATAGAGCGAGTTTCTGGG_008,82
ACATAGAGCGAGTTTCTGGG_009,169
ACATAGAGCGAGTTTCTGGG_010,158
ACATAGAGCGAGTTTCTGGG_011,10
ACATAGAGCGAGTTTCTGGG_012,53
ACATAGAGCGAGTTTCTGGG_013,180
ACATAGAGCGAGTTTCTGGG_014,41
GGTTGGCGAGTCCTACACCG_001,34
GGTTGGCGAGTCCTACACCG_002,7
GGTTGGCGAGTCCTACACCG_003,63
GGTTGGCGAGTCCTACACCG_004,70
CTTCTCGGCTGAGATGACCG_001,193
CTTCTCGGCTGAGATGACCG_002,103
CTTCTCGGCTGAGATGACCG_003,65
CTTCTCGGCTGAGATGACCG_004,100
CTTCTCGGCTGAGATGACCG_005,32
CTTCTCGGCTGAGATGACCG_006,94
CTTCTCGGCTGAGATGACCG_007,174
GTGGCTCCTGTAAGGCAGCA_001,27
GTGGCTCCTGTAAGGCAGCA_002,187
GTGGCTCCTGTAAGGCAGCA_003,69
GTGGCTCCTGTAAGGCAGCA_004,18
GTGGCTCCTGTAAGGCAGCA_005,30
GTGGCTCCTGTAAGGCAGCA_006,83
GTGGCTCCTGTAAGGCAGCA_007,67
GTGGCTCCTGTAAGGCAGCA_008,98
GTGGCTCCTGTAAGGCAGCA_009,162
GTGGCTCCTGTAAGGCAGCA_010,146
GTGGCTCCTGTAAGGCAGCA_011,160
GTGGCTCCTGTAAGGCAGCA_012,64
GTGGCTCCTGTAAGGCAGCA_013,1
GTGGCTCCTGTAAGGCAGCA_014,174
GTGGCTCCTGTAAGGCAGCA_015,194
GTGGCTCCTGTAAGGCAGCA_016,107
GTGGCTCCTGTAAGGCAGCA_017,161
GTGGCTCCTGTAAGGCAGCA_018,43
GTGGCTCCTGTAAGGCAGCA_019,165
GTGGCTCCTGTAAGGCAGCA_020,189
GTGGCTCCTGTAAGGCAGCA_021,160
GTGGCTCCTGTAAGGCAGCA_022,169
GTGGCTCCTGTAAGGCAGCA_023,198
GTGGCTCCTGTAAGGCAGCA_024,12
GTGGCTCCTGTAAGGCAGCA_025,46
GTGGCTCCTGTAAGGCAGCA_026,68
GTGGCTCCTGTAAGGCAGCA_027,1
GTGGCTCCTGTAAGGCAGCA_028,139
GTGGCTCCTGTAAGGCAGCA_029,92
GTGGCTCCTGTAAGGCAGCA_030,94
GTGGCTCCTGTAAGGCAGCA_031,166
GTGGCTCCTGTAAGGCAGCA_032,56
GTGGCTCCTGTAAGGCAGCA_033,76
GTGGCTCCTGTAAGGCAGCA_034,65
GTGGCTCCTGTAAGGCAGCA_035,134
CCAGTCAGTGCCAAGCCCAA_001,178
CCAGTCAGTGCCAAGCCCAA_002,176
CCAGTCAGTGCCAAGCCCAA_003,171
CCAGTCAGTGCCAAGCCCAA_004,178
CCAGTCAGTGCCAAGCCCAA_005,44
GCTGGGGACAGGTACTCATG_001,141
GCTGGGGACAGGTACTCATG_002,150
GCTGGGGACAGGTACTCATG_003,161
GCTGGGGACAGGTACTCATG_004,197
GCTGGGGACAGGTACTCATG_005,92
GCTGGGGACAGGTACTCATG_006,175
GCTGGGGACAGGTACTCATG_007,105
GCTGGGGACAGGTACTCATG_008,153
GCTGGGGACAGGTACTCATG_009,9
GCTGGGGACAGGTACTCATG_010,148
GCTGGGGACAGGTACTCATG_011,29
GCTGGGGACAGGTACTCATG_012,62
GCTGGGGACAGGTACTCATG_013,119
GCTGGGGACAGGTACTCATG_014,70
GCTGGGGACAGGTACTCATG_015,149
GCTGGGGACAGGTACTCATG_016,10
ATAGTTCACTAAGACCATGA_001,8
ATAGTTCACTAAGACCATGA_002,170
ATAGTTCACTAAGACCATGA_003,19
ATAGTTCACTAAGACCATGA_004,34
ATAGTTCACTAAGACCATGA_005,37
ATAGTTCACTAAGACCATGA_006,183
ATAGTTCACTAAGACCATGA_007,184
ATAGTTCACTAAGACCATGA_008,50
ATAGTTCACTAAGACCATGA_009,75
ATAGTTCACTAAGACCATGA_010,14
ATAGTTCACTAAGACCATGA_011,49
CGGTATGTCAAAGTCCCCCG_001,1
CGGTATGTCAAAGTCCCCCG_002,110
CGGTATGTCAAAGTCCCCCG_003,193
CGGTATGTCAAAGTCCCCCG_004,127
CGGTATGTCAAAGTCCCCCG_005,141
CGGTATGTCAAAGTCCCCCG_006,69
GGTGGGACGAGGTCTCCACG_001,120
GGTGGGACGAGGTCTCCACG_002,26
GGTGGGACGAGGTCTCCACG_003,134
GGTGGGACGAGGTCTCCACG_004,58
GGTGGGACGAGGTCTCCACG_005,48
GGTGGGACGAGGTCTCCACG_006,160
GGTGGGACGAGGTCTCCACG_007,183
GGTGGGACGAGGTCTCCACG_008,57
GGTGGGACGAGGTCTCCACG_009,187
GGTGGGACGAGGTCTCCACG_010,88
GGTGGGACGAGGTCTCCACG_011,121
GGTGGGACGAGGTCTCCACG_012,63
GGTGGGACGAGGTCTCCACG_013,43
GGTGGGACGAGGTCTCCACG_014,199
TACATTTACACTGACTAATC_001,8
TACATTTACACTGACTAATC_002,118
AGGAACTTAGGCCTCTCCGA_001,141
AGGAACTTAGGCCTCTCCGA_002,160
AGGAACTTAGGCCTCTCCGA_003,51
AGGAACTTAGGCCTCTCCGA_004,145
AGGAACTTAGGCCTCTCCGA_005,88
AGGAACTTAGGCCTCTCCGA_006,120
AGGAACTTAGGCCTCTCCGA_007,101
AGGAACTTAGGCCTCTCCGA_008,17
AGGAACTTAGGCCTCTCCGA_009,54
AGGAACTTAGGCCTCTCCGA_010,15
AGGAACTTAGGCCTCTCCGA_011,71
TCGGCTAAGGGATATCAACA_001,172
TCGGCTAAGGGATATCAACA_002,131
TCGGCTAAGGGATATCAACA_003,105
TCGGCTAAGGGATATCAACA_004,49
TCGGCTAAGGGATATCAACA_005,185
GAGCTTTGGCTCCAACGCAG_001,68
GAGCTTTGGCTCCAACGCAG_002,61
GAGCTTTGGCTCCAACGCAG_003,195
GAGCTTTGGCTCCAACGCAG_004,118
GAGCTTTGGCTCCAACGCAG_005,117
GAGCTTTGGCTCCAACGCAG_006,26
GAGCTTTGGCTCCAACGCAG_007,199
GAGCTTTGGCTCCAACGCAG_008,135
GAGCTTTGGCTCCAACGCAG_009,183
GAGCTTTGGCTCCAACGCAG_010,49
AAAGCAGTCAACACTGCCCA_001,70
AAAGCAGTCAACACTGCCCA_002,56
AAAGCAGTCAACACTGCCCA_003,32
AAAGCAGTCAACACTGCCCA_004,74
GCTTGTAGTGGAAAAAAACG_001,126
GCTTGTAGTGGAAAAAAACG_002,152
GCTTGTAGTGGAAAAAAACG_003,142
GTGACATGGCACAAGATGCG_001,166
GTGACATGGCACAAGATGCG_002,138
GTGACATGGCACAAGATGCG_003,69
GTGACATGGCACAAGATGCG_004,10
GTGACATGGCACAAGATGCG_005,49
GTGACATGGCACAAGATGCG_006,49
GTGACATGGCACAAGATGCG_007,144
GTGACATGGCACAAGATGCG_008,61
GCCCCCGATGGACTACCACG_001,187
GCCCCCGATGGACTACCACG_002,67
GCCCCCGATGGACTACCACG_003,182
GCCCCCGATGGACTACCACG_004,105
GCCCCCGATGGACTACCACG_005,15
GCCCCCGATGGACTACCACG_006,29
GCCCCCGATGGACTACCACG_007,131
GCCCCCGATGGACTACCACG_008,160
GCCCCCGATGGACTACCACG_009,22
AGAATGGAGAGGCCGCTGGT_001,130
AGAATGGAGAGGCCGCTGGT_002,8
AGAATGGAGAGGCCGCTGGT_003,53
AGAATGGAGAGGCCGCTGGT_004,137
AGAATGGAGAGGCCGCTGGT_005,176
AGAATGGAGAGGCCGCTGGT_006,32
AGAATGGAGAGGCCGCTGGT_007,194
AGAATGGAGAGGCCGCTGGT_008,13
AGAATGGAGAGGCCGCTGGT_009,56
AGAATGGAGAGGCCGCTGGT_010,94
AGAATGGAGAGGCCGCTGGT_011,29
AGAATGGAGAGGCCGCTGGT_012,198
AGAATGGAGAGGCCGCTGGT_013,70
CAAACCTCGTCAGCATGCAG_001,150
CAAACCTCGTCAGCATGCAG_002,193
CAAACCTCGTCAGCATGCAG_003,119
CAAACCTCGTCAGCATGCAG_004,119
CAAACCTCGTCAGCATGCAG_005,7
CAAACCTCGTCAGCATGCAG_006,32
CAAACCTCGTCAGCATGCAG_007,161
CAAACCTCGTCAGCATGCAG_008,26
CAAACCTCGTCAGCATGCAG_009,88
CCAGCGTGGCCGAGTAGAGT_001,70
CCAGCGTGGCCGAGTAGAGT_002,148
CCAGCGTGGCCGAGTAGAGT_003,6
CCAGCGTGGCCGAGTAGAGT_004,111
CCAGCGTGGCCGAGTAGAGT_005,80
CCAGCGTGGCCGAGTAGAGT_006,178
CCAGCGTGGCCGAGTAGAGT_007,101
CCAGCGTGGCCGAGTAGAGT_008,17
CCAGCGTGGCCGAGTAGAGT_009,126
CGACGGTGGCGTTTGACGTG_001,54
CGACGGTGGCGTTTGACGTG_002,124
CGACGGTGGCGTTTGACGTG_003,166
CGACGGTGGCGTTTGACGTG_004,81
CGACGGTGGCGTTTGACGTG_005,129
CGACGGTGGCGTTTGACGTG_006,48
ATTTCTGTGAAACGGCCCAA_001,84
ATTTCTGTGAAACGGCCCAA_002,160
ATTTCTGTGAAACGGCCCAA_003,184
ATTTCTGTGAAACGGCCCAA_004,127
ATTTCTGTGAAACGGCCCAA_005,98
CGGCGCATCTTCTCCACCAC_001,86
GGTGACTGCACAGCCCACTG_001,13
GGTGACTGCACAGCCCACTG_002,84
GGTGACTGCACAGCCCACTG_003,169
GGTGACTGCACAGCCCACTG_004,36
GGTGACTGCACAGCCCACTG_005,9
GGTGACTGCACAGCCCACTG_006,3
GGTGACTGCACAGCCCACTG_007,85
GGTGACTGCACAGCCCACTG_008,48
GGTGACTGCACAGCCCACTG_009,149
GGTGACTGCACAGCCCACTG_010,35
GGTGACTGCACAGCCCACTG_011,168
AAGACAAACCAGATGTACGA_001,159
AAGACAAACCAGATGTACGA_002,105
AAGACAAACCAGATGTACGA_003,108
AAGACAAACCAGATGTACGA_004,36
AAGACAAACCAGATGTACGA_005,55
AAGACAAACCAGATGTACGA_006,140
AAGACAAACCAGATGTACGA_007,56
AAGACAAACCAGATGTACGA_008,82
AAGACAAACCAGATGTACGA_009,48
AAGACAAACCAGATGTACGA_010,41
AAGACAAACCAGATGTACGA_011,49
AAGACAAACCAGATGTACGA_012,62
AAGACAAACCAGATGTACGA_013,177
AAGACAAACCAGATGTACGA_014,190
AAGACAAACCAGATGTACGA_015,62
AAGACAAACCAGATGTACGA_016,70
AAGACAAACCAGATGTACGA_017,123
AAGACAAACCAGATGTACGA_018,85
AAGACAAACCAGATGTACGA_019,34
AAGACAAACCAGATGTACGA_020,56
CAGCTGCGGATTGCAACACG_001,50
CAGCTGCGGATTGCAACACG_002,52
CAGCTGCGGATTGCAACACG_003,145
CAGCTGCGGATTGCAACACG_004,116
CAGCTGCGGATTGCAACACG_005,33
CAGCTGCGGATTGCAACACG_006,34
GCTGACCGCATGATCGACAT_001,14
GCTGACCGCATGATCGACAT_002,122
GCTGACCGCATGATCGACAT_003,112
GCTGACCGCATGATCGACAT_004,185
GCTGACCGCATGATCGACAT_005,151
GCTGACCGCATGATCGACAT_006,197
GCTGACCGCATGATCGACAT_007,75
GCTGACCGCATGATCGACAT_008,21
GCTGACCGCATGATCGACAT_009,181
GCTGACCGCATGATCGACAT_010,106
GCTGACCGCATGATCGACAT_011,169
GCTGACCGCATGATCGACAT_012,129
GCTGACCGCATGATCGACAT_013,106
GCTGACCGCATGATCGACAT_014,191
GCTGACCGCATGATCGACAT_015,33
GCTGACCGCATGATCGACAT_016,10
GCTGACCGCATGATCGACAT_017,56
CTGCTGGACATAAGCCACCG_001,11
CTGCTGGACATAAGCCACCG_002,70
CTGCTGGACATAAGCCACCG_003,113
CTGCTGGACATAAGCCACCG_004,15
CTGCTGGACATAAGCCACCG_005,58
AGAGATTTCACGGATGCGGG_001,137
AGAGATTTCACGGATGCGGG_002,76
AGAGATTTCACGGATGCGGG_003,52
AGAGATTTCACGGATGCGGG_004,72
AGAGATTTCACGGATGCGGG_005,87
AGAGATTTCACGGATGCGGG_006,88
AGAGATTTCACGGATGCGGG_007,68
AGAGATTTCACGGATGCGGG_008,16
AGAGATTTCACGGATGCGGG_009,25
AGAGATTTCACGGATGCGGG_010,125
AGAGATTTCACGGATGCGGG_011,141
AGAGATTTCACGGATGCGGG_012,190
AGAGATTTCACGGATGCGGG_013,192
AGAGATTTCACGGATGCGGG_014,38
AGAGATTTCACGGATGCGGG_015,148
AGAGATTTCACGGATGCGGG_016,68
AGAGATTTCACGGATGCGGG_017,127
AGAGATTTCACGGATGCGGG_018,169
CCGGACTGAGGATGCCAATG_001,174
CCGGACTGAGGATGCCAATG_002,137
CCGGACTGAGGATGCCAATG_003,180
CCGGACTGAGGATGCCAATG_004,12
CCGGACTGAGGATGCCAATG_005,181
CCGGACTGAGGATGCCAATG_006,154
CCGGACTGAGGATGCCAATG_007,148
CCGGACTGAGGATGCCAATG_008,126
CCGGACTGAGGATGCCAATG_009,130
CCGGACTGAGGATGCCAATG_010,160
CCGGACTGAGGATGCCAATG_011,15
CCGGACTGAGGATGCCAATG_012,112
CCGGACTGAGGATGCCAATG_013,10
CCGGACTGAGGATGCCAATG_014,163
CCGGACTGAGGATGCCAATG_015,196
CCGGACTGAGGATGCCAATG_016,117
CCGGACTGAGGATGCCAATG_017,32
CCGGACTGAGGATGCCAATG_018,48
CCGGACTGAGGATGCCAATG_019,158
CCGGACTGAGGATGCCAATG_020,6
CCGGACTGAGGATGCCAATG_021,13
TATAATGTATGCCCTCGGAA_001,6
TATAATGTATGCCCTCGGAA_002,50
TATAATGTATGCCCTCGGAA_003,33
TATAATGTATGCCCTCGGAA_004,36
TATAATGTATGCCCTCGGAA_005,196
TATAATGTATGCCCTCGGAA_006,127
TATAATGTATGCCCTCGGAA_007,167
TATAATGTATGCCCTCGGAA_008,167
TCAGTAGCACGTCGCCAGGG_001,115
TCAGTAGCACGTCGCCAGGG_002,59
TCAGTAGCACGTCGCCAGGG_003,58
TCAGTAGCACGTCGCCAGGG_004,11
TCAGTAGCACGTCGCCAGGG_005,157
TCAGTAGCACGTCGCCAGGG_006,184
TCAGTAGCACGTCGCCAGGG_007,48
TCAGTAGCACGTCGCCAGGG_008,98
TCAGTAGCACGTCGCCAGGG_009,146
TGACGTGCATCAGTCTTCAA_001,105
TGACGTGCATCAGTCTTCAA_002,127
TGACGTGCATCAGTCTTCAA_003,147
TGACGTGCATCAGTCTTCAA_004,38
TGACGTGCATCAGTCTTCAA_005,70
TGACGTGCATCAGTCTTCAA_006,27
TGACGTGCATCAGTCTTCAA_007,197
TGACGTGCATCAGTCTTCAA_008,76
TGACGTGCATCAGTCTTCAA_009,97
TGACGTGCATCAGTCTTCAA_010,105
TGACGTGCATCAGTCTTCAA_011,8
TGACGTGCATCAGTCTTCAA_012,102
AAGAATTGCCCAGCGTTGGA_001,0
AAGAATTGCCCAGCGTTGGA_002,102
AAGAATTGCCCAGCGTTGGA_003,42
AAGAATTGCCCAGCGTTGGA_004,22
AAGAATTGCCCAGCGTTGGA_005,151
AAGAATTGCCCAGCGTTGGA_006,183
AAGAATTGCCCAGCGTTGGA_007,26
AAGAATTGCCCAGCGTTGGA_008,150
AAGAATTGCCCAGCGTTGGA_009,134
TAAAGTAAATAATGTTGTGT_001,45
TCTGGCAGCCATAGGTCTCG_001,150
TCTGGCAGCCATAGGTCTCG_002,132
TCTGGCAGCCATAGGTCTCG_003,69
TCTGGCAGCCATAGGTCTCG_004,100
TCTGGCAGCCATAGGTCTCG_005,63
TTCTAGGCATACTTCCGACA_001,199
AAACTGTAAGTGCTTTGGAT_001,199
AAACTGTAAGTGCTTTGGAT_002,121
AAACTGTAAGTGCTTTGGAT_003,121
AAACTGTAAGTGCTTTGGAT_004,127
GAAGAGCGAGAAACTAGATG_001,178
GAAGAGCGAGAAACTAGATG_002,27
GGTACAGAGAATGGTCACCT_001,77
GGTACAGAGAATGGTCACCT_002,0
GGTACAGAGAATGGTCACCT_003,57
GGTACAGAGAATGGTCACCT_004,27
GGTACAGAGAATGGTCACCT_005,161
GGTACAGAGAATGGTCACCT_006,26
GGTACAGAGAATGGTCACCT_007,187
GGTACAGAGAATGGTCACCT_008,160
GGTACAGAGAATGGTCACCT_009,5
GGTACAGAGAATGGTCACCT_010,150
GGTACAGAGAATGGTCACCT_011,119
GGTACAGAGAATGGTCACCT_012,175
GGTACAGAGAATGGTCACCT_013,96
GGTACAGAGAATGGTCACCT_014,38
GGTACAGAGAATGGTCACCT_015,152
GGTACAGAGAATGGTCACCT_016,168
GGTACAGAGAATGGTCACCT_017,72
GGTACAGAGAATGGTCACCT_018,72
GTTGCAGTGGAATTTACCAG_001,84
GTTGCAGTGGAATTTACCAG_002,68
ACCAAGTTGGACTTACAGAG_001,84
ACCAAGTTGGACTTACAGAG_002,134
ACCAAGTTGGACTTACAGAG_003,49
ACCAAGTTGGACTTACAGAG_004,184
AGAGGAACAGCAGTCCACAG_001,149
AGAGGAACAGCAGTCCACAG_002,171
AGAGGAACAGCAGTCCACAG_003,51
AGAGGAACAGCAGTCCACAG_004,140
AGAGGAACAGCAGTCCACAG_005,24
AGAGGAACAGCAGTCCACAG_006,144
AGAGGAACAGCAGTCCACAG_007,15
AGAGGAACAGCAGTCCACAG_008,107
AGAGGAACAGCAGTCCACAG_009,189
AGAGGAACAGCAGTCCACAG_010,92
AGAGGAACAGCAGTCCACAG_011,31
AGAGGAACAGCAGTCCACAG_012,0
AGAGGAACAGCAGTCCACAG_013,16
AGAGGAACAGCAGTCCACAG_014,120
AGAGGAACAGCAGTCCACAG_015,68
AGAGGAACAGCAGTCCACAG_016,16
AGAGGAACAGCAGTCCACAG_017,55
AGAGGAACAGCAGTCCACAG_018,17
AGAGGAACAGCAGTCCACAG_019,150
AGAGGAACAGCAGTCCACAG_020,172
AGAGGAACAGCAGTCCACAG_021,2
AGAGGAACAGCAGTCCACAG_022,86
AGAGGAACAGCAGTCCACAG_023,183
AGAGGAACAGCAGTCCACAG_024,28
AGAGGAACAGCAGTCCACAG_025,152
AGAGGAACAGCAGTCCACAG_026,48
AGAGGAACAGCAGTCCACAG_027,152
AGAGGAACAGCAGTCCACAG_028,138
AGAGGAACAGCAGTCCACAG_029,171
CTGTGCACTTAACCACATGC_001,127
CTGTGCACTTAACCACATGC_002,47
CTGTGCACTTAACCACATGC_003,166
CTGTGCACTTAACCACATGC_004,41
CTGTGCACTTAACCACATGC_005,10
CTGTGCACTTAACCACATGC_006,197
CTGTGCACTTAACCACATGC_007,161
CTGTGCACTTAACCACATGC_008,52
CTGTGCACTTAACCACATGC_009,5
CTGTGCACTTAACCACATGC_010,92
CTGTGCACTTAACCACATGC_011,49
CTGTGCACTTAACCACATGC_012,144
CTGTGCACTTAACCACATGC_013,61
CTGTGCACTTAACCACATGC_014,147
CTGTGCACTTAACCACATGC_015,1
CTGTGCACTTAACCACATGC_016,18
CTGTGCACTTAACCACATGC_017,78
GAGGACATAGAAACAAATGG_001,83
GAGGACATAGAAACAAATGG_002,70
GAGGACATAGAAACAAATGG_003,109
GAGGACATAGAAACAAATGG_004,109
GAGGACATAGAAACAAATGG_005,92
GAGGACATAGAAACAAATGG_006,131
GAGGACATAGAAACAAATGG_007,141
GAGGACATAGAAACAAATGG_008,134
CGGCGCTGGGGCCATCGCCG_001,11
CGGCGCTGGGGCCATCGCCG_002,29
CGGCGCTGGGGCCATCGCCG_003,188
CGGCGCTGGGGCCATCGCCG_004,144
CGGCGCTGGGGCCATCGCCG_005,63
CGGCGCTGGGGCCATCGCCG_006,171
CGGCGCTGGGGCCATCGCCG_007,63
CGGCGCTGGGGCCATCGCCG_008,169
CGGCGCTGGGGCCATCGCCG_009,37
CGGCGCTGGGGCCATCGCCG_010,47
CGGCGCTGGGGCCATCGCCG_011,105
CGGCGCTGGGGCCATCGCCG_012,116
CGGCGCTGGGGCCATCGCCG_013,27
CGGCGCTGGGGCCATCGCCG_014,62
CGGCGCTGGGGCCATCGCCG_015,2
CGGCGCTGGGGCCATCGCCG_016,175
CGGCGCTGGGGCCATCGCCG_017,63
CGGCGCTGGGGCCATCGCCG_018,112
CGGCGCTGGGGCCATCGCCG_019,81
CAATGCAGGAGTACCCCCCG_001,182
CAATGCAGGAGTACCCCCCG_002,142
CAATGCAGGAGTACCCCCCG_003,148
CAATGCAGGAGTACCCCCCG_004,42
CAATGCAGGAGTACCCCCCG_005,168
CAATGCAGGAGTACCCCCCG_006,89
CAATGCAGGAGTACCCCCCG_007,75
CAATGCAGGAGTACCCCCCG_008,116
CAATGCAGGAGTACCCCCCG_009,145
CAATGCAGGAGTACCCCCCG_010,17
CAATGCAGGAGTACCCCCCG_011,78
CAATGCAGGAGTACCCCCCG_012,5
CAATGCAGGAGTACCCCCCG_013,71
CAATGCAGGAGTACCCCCCG_014,162
CAATGCAGGAGTACCCCCCG_015,189
CAATGCAGGAGTACCCCCCG_016,36
CAATGCAGGAGTACCCCCCG_017,32
CAATGCAGGAGTACCCCCCG_018,152
CAATGCAGGAGTACCCCCCG_019,106
CAATGCAGGAGTACCCCCCG_020,70
CAATGCAGGAGTACCCCCCG_021,8
CAATGCAGGAGTACCCCCCG_022,184
CAATGCAGGAGTACCCCCCG_023,151
CAATGCAGGAGTACCCCCCG_024,15
CAATGCAGGAGTACCCCCCG_025,128
CAATGCAGGAGTACCCCCCG_026,75
CAATGCAGGAGTACCCCCCG_027,186
CAATGCAGGAGTACCCCCCG_028,177
CAATGCAGGAGTACCCCCCG_029,80
CAATGCAGGAGTACCCCCCG_030,34
CAATGCAGGAGTACCCCCCG_031,88
CAATGCAGGAGTACCCCCCG_032,70
CAATGCAGGAGTACCCCCCG_033,183
CAATGCAGGAGTACCCCCCG_034,69
CAATGCAGGAGTACCCCCCG_035,58
CAATGCAGGAGTACCCCCCG_036,41
CAATGCAGGAGTACCCCCCG_037,164
CAATGCAGGAGTACCCCCCG_038,9
CAATGCAGGAGTACCCCCCG_039,59
CAATGCAGGAGTACCCCCCG_040,10
GGCACTGCTCCTACCCACGC_001,62
GGCACTGCTCCTACCCACGC_002,185
GGCACTGCTCCTACCCACGC_003,133
GGCACTGCTCCTACCCACGC_004,17
GGCACTGCTCCTACCCACGC_005,30
AGCTGTTAGACCCTTCCACG_001,62
AGCTGTTAGACCCTTCCACG_002,40
AGCTGTTAGACCCTTCCACG_003,181
AGCTGTTAGACCCTTCCACG_004,36
AGCTGTTAGACCCTTCCACG_005,157
AGCTGTTAGACCCTTCCACG_006,12
AGCTGTTAGACCCTTCCACG_007,82
AGCTGTTAGACCCTTCCACG_008,119
AGCTGTTAGACCCTTCCACG_009,41
AGCTGTTAGACCCTTCCACG_010,42
AGCTGTTAGACCCTTCCACG_011,97
AGCTGTTAGACCCTTCCACG_012,125
AGCTGTTAGACCCTTCCACG_013,127
AGCTGTTAGACCCTTCCACG_014,114
AGCTGTTAGACCCTTCCACG_015,168
AGCTGTTAGACCCTTCCACG_016,93
AGCTGTTAGACCCTTCCACG_017,69
CCCAGACAGAAATATCAGGT_001,113
CCGCTGCAGCAACGGTACCA_001,83
CCGCTGCAGCAACGGTACCA_002,93
CCGCTGCAGCAACGGTACCA_003,172
CCGCTGCAGCAACGGTACCA_004,140
CCGCTGCAGCAACGGTACCA_005,102
CCGCTGCAGCAACGGTACCA_006,177
CCGCTGCAGCAACGGTACCA_007,56
CCGCTGCAGCAACGGTACCA_008,18
AGATCCTGGCAGATCCTGTG_001,77
AGATCCTGGCAGATCCTGTG_002,18
AGATCCTGGCAGATCCTGTG_003,105
AGATCCTGGCAGATCCTGTG_004,199
AGATCCTGGCAGATCCTGTG_005,24
AGATCCTGGCAGATCCTGTG_006,12
AGATCCTGGCAGATCCTGTG_007,17
AGATCCTGGCAGATCCTGTG_008,93
AGATCCTGGCAGATCCTGTG_009,174
AGATCCTGGCAGATCCTGTG_010,150
AGATCCTGGCAGATCCTGTG_011,162
AGATCCTGGCAGATCCTGTG_012,40
AGATCCTGGCAGATCCTGTG_013,78
AGATCCTGGCAGATCCTGTG_014,77
AGATCCTGGCAGATCCTGTG_015,63
AGATCCTGGCAGATCCTGTG_016,50
TGGCACACAGTGTCCCCGCG_001,158
TGGCACACAGTGTCCCCGCG_002,42
TGGCACACAGTGTCCCCGCG_003,65
TGGCACACAGTGTCCCCGCG_004,197
TGGCACACAGTGTCCCCGCG_005,22
TGGCACACAGTGTCCCCGCG_006,96
TGGCACACAGTGTCCCCGCG_007,3
TGGCACACAGTGTCCCCGCG_008,183
TGGCACACAGTGTCCCCGCG_009,156
TGGCACACAGTGTCCCCGCG_010,156
TGGCACACAGTGTCCCCGCG_011,94
TGGCACACAGTGTCCCCGCG_012,134
TGGCACACAGTGTCCCCGCG_013,42
TGGCACACAGTGTCCCCGCG_014,123
TGGCACACAGTGTCCCCGCG_015,121
TGGCACACAGTGTCCCCGCG_016,160
TGGTCGGGATGACTTGGCAT_001,121
TGGTCGGGATGACTTGGCAT_002,174
TGGTCGGGATGACTTGGCAT_003,1
TGGTCGGGATGACTTGGCAT_004,1
TGGTCGGGATGACTTGGCAT_005,134
TGGTCGGGATGACTTGGCAT_006,19
TGGTCGGGATGACTTGGCAT_007,40
AACCCATGGAAGATTCTGGT_001,41
AACCCATGGAAGATTCTGGT_002,198
AACCCATGGAAGATTCTGGT_003,28
AACCCATGGAAGATTCTGGT_004,175
AACCCATGGAAGATTCTGGT_005,162
AACCCATGGAAGATTCTGGT_006,65
AACCCATGGAAGATTCTGGT_007,160
AAACCAATGAGAATTAAGGA_001,168
AAACCAATGAGAATTAAGGA_002,85
AAACCAATGAGAATTAAGGA_003,52
AACATGTCTGAGTCGGAGCT_001,115
AACATGTCTGAGTCGGAGCT_002,188
AACATGTCTGAGTCGGAGCT_003,166
AACATGTCTGAGTCGGAGCT_004,149
AACATGTCTGAGTCGGAGCT_005,188
AACATGTCTGAGTCGGAGCT_006,145
AACATGTCTGAGTCGGAGCT_007,9
AACATGTCTGAGTCGGAGCT_008,30
AACATGTCTGAGTCGGAGCT_009,162
AACATGTCTGAGTCGGAGCT_010,56
AACATGTCTGAGTCGGAGCT_011,88
AACATGTCTGAGTCGGAGCT_012,16
AACATGTCTGAGTCGGAGCT_013,124
AAAACAAAAGCAGATGACCG_001,28
AAAACAAAAGCAGATGACCG_002,78
AAAACAAAAGCAGATGACCG_003,131
AAAACAAAAGCAGATGACCG_004,113
AAAACAAAAGCAGATGACCG_005,1
AGGAACAAAATACCTGACTA_001,90
AGGAACAAAATACCTGACTA_002,93
AGGAACAAAATACCTGACTA_003,44
AGGAACAAAATACCTGACTA_004,170
AGGAACAAAATACCTGACTA_005,162
AGGAACAAAATACCTGACTA_006,192
AGGAACAAAATACCTGACTA_007,152
AGGAACAAAATACCTGACTA_008,127
AGGAACAAAATACCTGACTA_009,48
CTTGTTGTAAATGTAACAGT_001,65
CTTGTTGTAAATGTAACAGT_002,100
CTTGTTGTAAATGTAACAGT_003,43
ATTTATGGACTCCTGATAGG_001,24
ATTTATGGACTCCTGATAGG_002,24
GAATTCTCAGCACCGTGCCA_001,168
GAATTCTCAGCACCGTGCCA_002,17
GAATTCTCAGCACCGTGCCA_003,48
GAATTCTCAGCACCGTGCCA_004,162
GAATTCTCAGCACCGTGCCA_005,40
GAATTCTCAGCACCGTGCCA_006,91
GAATTCTCAGCACCGTGCCA_007,34
GAATTCTCAGCACCGTGCCA_008,18
GAATTCTCAGCACCGTGCCA_009,25
GAATTCTCAGCACCGTGCCA_010,120
GAATTCTCAGCACCGTGCCA_011,41
GAATTCTCAGCACCGTGCCA_012,23
GAATTCTCAGCACCGTGCCA_013,0
GAATTCTCAGCACCGTGCCA_014,81
GAATTCTCAGCACCGTGCCA_015,124
AATGTGAGAGTTCAACCCGG_001,8
AATGTGAGAGTTCAACCCGG_002,115
AATGTGAGAGTTCAACCCGG_003,196
AATGTGAGAGTTCAACCCGG_004,174
AATGTGAGAGTTCAACCCGG_005,19
AATGTGAGAGTTCAACCCGG_006,197
AATGTGAGAGTTCAACCCGG_007,163
AATGTGAGAGTTCAACCCGG_008,133
AATGTGAGAGTTCAACCCGG_009,137
ATCTGCGTCCAGGACCACAA_001,105
ATCTGCGTCCAGGACCACAA_002,169
ATCTGCGTCCAGGACCACAA_003,172
ATCTGCGTCCAGGACCACAA_004,1
ATCTGCGTCCAGGACCACAA_005,127
ATCTGCGTCCAGGACCACAA_006,107
ATCTGCGTCCAGGACCACAA_007,105
ATCTGCGTCCAGGACCACAA_008,35
ATCTGCGTCCAGGACCACAA_009,43
ATCTGCGTCCAGGACCACAA_010,187
ATCTGCGTCCAGGACCACAA_011,173
ATCTGCGTCCAGGACCACAA_012,173
ATCTGCGTCCAGGACCACAA_013,70
ATCTGCGTCCAGGACCACAA_014,130
ATCTGCGTCCAGGACCACAA_015,160
ATCTGCGTCCAGGACCACAA_016,80
ATCTGCGTCCAGGACCACAA_017,135
ATCTGCGTCCAGGACCACAA_018,166
ATCTGCGTCCAGGACCACAA_019,18
ATCTGCGTCCAGGACCACAA_020,48
ATCTGCGTCCAGGACCACAA_021,1
ATCTGCGTCCAGGACCACAA_022,62
ATCTGCGTCCAGGACCACAA_023,31
ATCTGCGTCCAGGACCACAA_024,26
ATCTGCGTCCAGGACCACAA_025,58
ATCTGCGTCCAGGACCACAA_026,51
ATCTGCGTCCAGGACCACAA_027,9
ATCTGCGTCCAGGACCACAA_028,185
ATCTGCGTCCAGGACCACAA_029,194
ATCTGCGTCCAGGACCACAA_030,68
ATCTGCGTCCAGGACCACAA_031,152
ATCTGCGTCCAGGACCACAA_032,7
ATCTGCGTCCAGGACCACAA_033,132
ATCTGCGTCCAGGACCACAA_034,62
ATCTGCGTCCAGGACCACAA_035,63
ATCTGCGTCCAGGACCACAA_036,46
ATCTGCGTCCAGGACCACAA_037,78
ATCTGCGTCCAGGACCACAA_038,69
ATCTGCGTCCAGGACCACAA_039,142
ATCTGCGTCCAGGACCACAA_040,101
TCACATGTGTGATTACCACA_001,0
TCACATGTGTGATTACCACA_002,62
TCACATGTGTGATTACCACA_003,194
TCACATGTGTGATTACCACA_004,159
TCACATGTGTGATTACCACA_005,150
TCACATGTGTGATTACCACA_006,48
TCACATGTGTGATTACCACA_007,1
TCACATGTGTGATTACCACA_008,56
TCACATGTGTGATTACCACA_009,64
GGAGCGCGCCCAAATCGCGC_001,199
GGAGCGCGCCCAAATCGCGC_002,170
GGAGCGCGCCCAAATCGCGC_003,155
GGAGCGCGCCCAAATCGCGC_004,40
GGAGCGCGCCCAAATCGCGC_005,56
GGAGCGCGCCCAAATCGCGC_006,41
GGAGCGCGCCCAAATCGCGC_007,19
GTCCCCGACTCCAGTCACCG_001,29
GTCCCCGACTCCAGTCACCG_002,127
GTCCCCGACTCCAGTCACCG_003,111
GTCCCCGACTCCAGTCACCG_004,61
GTCCCCGACTCCAGTCACCG_005,8
GTCCCCGACTCCAGTCACCG_006,147
GTCCCCGACTCCAGTCACCG_007,25
GTCCCCGACTCCAGTCACCG_008,34
GTCCCCGACTCCAGTCACCG_009,50
GTCCCCGACTCCAGTCACCG_010,69
GTCCCCGACTCCAGTCACCG_011,149
GTCCCCGACTCCAGTCACCG_012,84
GTCCCCGACTCCAGTCACCG_013,29
GTCCCCGACTCCAGTCACCG_014,44
GTCCCCGACTCCAGTCACCG_015,169
GTCCCCGACTCCAGTCACCG_016,142
GTCCCCGACTCCAGTCACCG_017,46
GTCCCCGACTCCAGTCACCG_018,91
GTCCCCGACTCCAGTCACCG_019,147
GTCCCCGACTCCAGTCACCG_020,81
GCTGGAAAACTTCGAAAGCG_001,58
GCTGGAAAACTTCGAAAGCG_002,107
GCTGGAAAACTTCGAAAGCG_003,121
GCTGGAAAACTTCGAAAGCG_004,81
ACAGGCCTGTACACACACAG_001,5
ACAGGCCTGTACACACACAG_002,118
ACAGGCCTGTACACACACAG_003,198
ACAGGCCTGTACACACACAG_004,23
ACAGGCCTGTACACACACAG_005,43
ACAGGCCTGTACACACACAG_006,96
ACAGGCCTGTACACACACAG_007,171
ACAGGCCTGTACACACACAG_008,7
ACAGGCCTGTACACACACAG_009,169
ACAGGCCTGTACACACACAG_010,160
ACAGGCCTGTACACACACAG_011,152
ACAGGCCTGTACACACACAG_012,147
ACAGGCCTGTACACACACAG_013,192
ACAGGCCTGTACACACACAG_014,75
ACAGGCCTGTACACACACAG_015,1
ACAGGCCTGTACACACACAG_016,121
ACAGGCCTGTACACACACAG_017,160
ACAGGCCTGTACACACACAG_018,105
ACAGGCCTGTACACACACAG_019,199
ACAGGCCTGTACACACACAG_020,146
ACAGGCCTGTACACACACAG_021,17
AGGCTGGCACTGTACGAGTG_001,170
AGGCTGGCACTGTACGAGTG_002,29
AGGCTGGCACTGTACGAGTG_003,169
AGGCTGGCACTGTACGAGTG_004,197
AGGCTGGCACTGTACGAGTG_005,197
AGGCTGGCACTGTACGAGTG_006,39
AGGCTGGCACTGTACGAGTG_007,51
AGGCTGGCACTGTACGAGTG_008,95
AGGCTGGCACTGTACGAGTG_009,139
AGGCTGGCACTGTACGAGTG_010,13
AGGCTGGCACTGTACGAGTG_011,173
AGGCTGGCACTGTACGAGTG_012,50
AGGCTGGCACTGTACGAGTG_013,160
AGGCTGGCACTGTACGAGTG_014,62
AGGCTGGCACTGTACGAGTG_015,133
AGGCTGGCACTGTACGAGTG_016,105
AGGCTGGCACTGTACGAGTG_017,53
AGGCTGGCACTGTACGAGTG_018,163
AGGCTGGCACTGTACGAGTG_019,6
AGGCTGGCACTGTACGAGTG_020,2
AGGCTGGCACTGTACGAGTG_021,77
AGGCTGGCACTGTACGAGTG_022,88
AGGCTGGCACTGTACGAGTG_023,110
AGGCTGGCACTGTACGAGTG_024,185
AGGCTGGCACTGTACGAGTG_025,68
CAAGAGGAAATAGATATTTG_001,103
CCTGTGAGGTCAGCGCCGTG_001,181
CCTGTGAGGTCAGCGCCGTG_002,151
CCTGTGAGGTCAGCGCCGTG_003,51
CCTGTGAGGTCAGCGCCGTG_004,55
CCTGTGAGGTCAGCGCCGTG_005,43
CCTGTGAGGTCAGCGCCGTG_006,8
CCTGTGAGGTCAGCGCCGTG_007,27
CCTGTGAGGTCAGCGCCGTG_008,116
CCTGTGAGGTCAGCGCCGTG_009,55
CCTGTGAGGTCAGCGCCGTG_010,126
CCTGTGAGGTCAGCGCCGTG_011,119
CCTGTGAGGTCAGCGCCGTG_012,155
CCTGTGAGGTCAGCGCCGTG_013,162
CCTGTGAGGTCAGCGCCGTG_014,156
CCTGTGAGGTCAGCGCCGTG_015,25
CCTGTGAGGTCAGCGCCGTG_016,174
CCTGTGAGGTCAGCGCCGTG_017,144
CCTGTGAGGTCAGCGCCGTG_018,198
CCTGTGAGGTCAGCGCCGTG_019,136
CCTGTGAGGTCAGCGCCGTG_020,60
CCTGTGAGGTCAGCGCCGTG_021,153
CCTGTGAGGTCAGCGCCGTG_022,180
CCTGTGAGGTCAGCGCCGTG_023,66
CCTGTGAGGTCAGCGCCGTG_024,41
CGCTACAACCTCAGCCAGGG_001,94
CGCTACAACCTCAGCCAGGG_002,98
TTAAAGACCCAAACTGTGTG_001,198
TTAAAGACCCAAACTGTGTG_002,71
TTAAAGACCCAAACTGTGTG_003,197
TTAAAGACCCAAACTGTGTG_004,72
TTAAAGACCCAAACTGTGTG_005,57
TTAAAGACCCAAACTGTGTG_006,173
TTAAAGACCCAAACTGTGTG_007,12
TTAAAGACCCAAACTGTGTG_008,101
TTAAAGACCCAAACTGTGTG_009,199
TTAAAGACCCAAACTGTGTG_010,76
AAGTTAAGGCTATGGGCGAA_001,106
AAGTTAAGGCTATGGGCGAA_002,161
AAGTTAAGGCTATGGGCGAA_003,184
AAGTTAAGGCTATGGGCGAA_004,32
AAGTTAAGGCTATGGGCGAA_005,3
AAGTTAAGGCTATGGGCGAA_006,184
AAGTTAAGGCTATGGGCGAA_007,169
AAGTTAAGGCTATGGGCGAA_008,122
AAGTTAAGGCTATGGGCGAA_009,127
AAGTTAAGGCTATGGGCGAA_010,45
AAGTTAAGGCTATGGGCGAA_011,180
AAGTTAAGGCTATGGGCGAA_012,77
AAGTTAAGGCTATGGGCGAA_013,33
AAGTTAAGGCTATGGGCGAA_014,169
ACCAGACCATTGCTCGCAAG_001,80
ACCAGACCATTGCTCGCAAG_002,56
ACCAGACCATTGCTCGCAAG_003,169
CCTCCAGCAGCAATTGAAGT_001,82
CCTCCAGCAGCAATTGAAGT_002,92
GGGCCATGAATAGTTCCAGG_001,60
GGGCCATGAATAGTTCCAGG_002,197
GGGCCATGAATAGTTCCAGG_003,58
AAGATTCCAACCATCTGGAT_001,197
AAGATTCCAACCATCTGGAT_002,177
AAGATTCCAACCATCTGGAT_003,197
AAGCAAACTTTACGTTCTCG_001,54
AAGCAAACTTTACGTTCTCG_002,60
AAGCAAACTTTACGTTCTCG_003,162
AAGCAAACTTTACGTTCTCG_004,138
AAGCAAACTTTACGTTCTCG_005,160
AAGCAAACTTTACGTTCTCG_006,50
AAGCAAACTTTACGTTCTCG_007,15
AAGCAAACTTTACGTTCTCG_008,116
TTGGGTACATCAGTGCTGAT_001,63
TTGGGTACATCAGTGCTGAT_002,118
TTGGGTACATCAGTGCTGAT_003,48
TTGGGTACATCAGTGCTGAT_004,191
TTGGGTACATCAGTGCTGAT_005,10
TTGGGTACATCAGTGCTGAT_006,177
TTGGGTACATCAGTGCTGAT_007,60
TTGGGTACATCAGTGCTGAT_008,83
TTGGGTACATCAGTGCTGAT_009,70
TTGGGTACATCAGTGCTGAT_010,46
TTGGGTACATCAGTGCTGAT_011,106
TTGGGTACATCAGTGCTGAT_012,144
TTGGGTACATCAGTGCTGAT_013,116
TTGGGTACATCAGTGCTGAT_014,149
TTGGGTACATCAGTGCTGAT_015,149
TTGGGTACATCAGTGCTGAT_016,61
TTGGGTACATCAGTGCTGAT_017,19
TTGGGTACATCAGTGCTGAT_018,16
TTGGGTACATCAGTGCTGAT_019,169
TTGGGTACATCAGTGCTGAT_020,68
TTGGGTACATCAGTGCTGAT_021,110
TTGGGTACATCAGTGCTGAT_022,54
TTGGGTACATCAGTGCTGAT_023,169
CTCACGGCACACATTGCAGT_001,152
CTCACGGCACACATTGCAGT_002,59
CTCACGGCACACATTGCAGT_003,33
GATGTTCTCTAGCTTAGCCA_001,17
GATGTTCTCTAGCTTAGCCA_002,60
GATGTTCTCTAGCTTAGCCA_003,66
GATGTTCTCTAGCTTAGCCA_004,78
GATGTTCTCTAGCTTAGCCA_005,166
GATGTTCTCTAGCTTAGCCA_006,107
GATGTTCTCTAGCTTAGCCA_007,174
GATGTTCTCTAGCTTAGCCA_008,141
GGACTGATTGAGACCACGCG_001,116
GGACTGATTGAGACCACGCG_002,172
GGACTGATTGAGACCACGCG_003,163
GGACTGATTGAGACCACGCG_004,102
GGACTGATTGAGACCACGCG_005,15
GGACTGATTGAGACCACGCG_006,184
GGACTGATTGAGACCACGCG_007,2
GGACTGATTGAGACCACGCG_008,29
GGACTGATTGAGACCACGCG_009,139
GGACTGATTGAGACCACGCG_010,7
GGACTGATTGAGACCACGCG_011,42
GGACTGATTGAGACCACGCG_012,43
GGACTGATTGAGACCACGCG_013,178
GGACTGATTGAGACCACGCG_014,188
GGACTGATTGAGACCACGCG_015,12
GGACTGATTGAGACCACGCG_016,148
GGACTGATTGAGACCACGCG_017,122
GGACTGATTGAGACCACGCG_018,69
GGACTGATTGAGACCACGCG_019,34
GGACTGATTGAGACCACGCG_020,169
GGACTGATTGAGACCACGCG_021,145
GGACTGATTGAGACCACGCG_022,1
GGACTGATTGAGACCACGCG_023,91
GGACTGATTGAGACCACGCG_024,127
GGACTGATTGAGACCACGCG_025,50
GGACTGATTGAGACCACGCG_026,112
GGACTGATTGAGACCACGCG_027,124
GGACTGATTGAGACCACGCG_028,166
GGACTGATTGAGACCACGCG_029,43
GGACTGATTGAGACCACGCG_030,2
GGACTGATTGAGACCACGCG_031,22
GGACTGATTGAGACCACGCG_032,102
GGACTGATTGAGACCACGCG_033,199
GGACTGATTGAGACCACGCG_034,168
GGACTGATTGAGACCACGCG_035,104
GGACTGATTGAGACCACGCG_036,197
GCTGGAGGACTCATCCAAGG_001,2
GCTGGAGGACTCATCCAAGG_002,199
GCTGGAGGACTCATCCAAGG_003,18
GCTGGAGGACTCATCCAAGG_004,34
GCTGGAGGACTCATCCAAGG_005,20
GCTGGAGGACTCATCCAAGG_006,116
GCTGGAGGACTCATCCAAGG_007,102
GCTGGAGGACTCATCCAAGG_008,95
GCTGGAGGACTCATCCAAGG_009,121
GCTGGAGGACTCATCCAAGG_010,141
GCTGGAGGACTCATCCAAGG_011,119
GCTGGAGGACTCATCCAAGG_012,13
GCTGGAGGACTCATCCAAGG_013,44
CCTAACTAGTTGGTAACCGT_001,176
CCTAACTAGTTGGTAACCGT_002,11
CCTAACTAGTTGGTAACCGT_003,38
CCTAACTAGTTGGTAACCGT_004,169
CCTAACTAGTTGGTAACCGT_005,199
CCTAACTAGTTGGTAACCGT_006,73
CCTAACTAGTTGGTAACCGT_007,36
CCTAACTAGTTGGTAACCGT_008,43
CCTAACTAGTTGGTAACCGT_009,50
CCTAACTAGTTGGTAACCGT_010,126
CCTAACTAGTTGGTAACCGT_011,13
AGGTCTGGTGAACTTGATGA_001,178
AGGTCTGGTGAACTTGATGA_002,76
AGGTCTGGTGAACTTGATGA_003,160
AGGTCTGGTGAACTTGATGA_004,10
AGGTGGAGGAAGGACCCGCG_001,168
AGGTGGAGGAAGGACCCGCG_002,48
AGGTGGAGGAAGGACCCGCG_003,132
AGGTGGAGGAAGGACCCGCG_004,87
AGGTGGAGGAAGGACCCGCG_005,121
AGGTGGAGGAAGGACCCGCG_006,160
AGGTGGAGGAAGGACCCGCG_007,169
AGGTGGAGGAAGGACCCGCG_008,40
AGGTGGAGGAAGGACCCGCG_009,182
AGGTGGAGGAAGGACCCGCG_010,70
AGGTGGAGGAAGGACCCGCG_011,76
AGGTGGAGGAAGGACCCGCG_012,182
AGGTGGAGGAAGGACCCGCG_013,50
AGGTGGAGGAAGGACCCGCG_014,8
AGGTGGAGGAAGGACCCGCG_015,170
AGGTGGAGGAAGGACCCGCG_016,123
AGGTGGAGGAAGGACCCGCG_017,94
AGGTGGAGGAAGGACCCGCG_018,43
AGGTGGAGGAAGGACCCGCG_019,145
AGGTGGAGGAAGGACCCGCG_020,25
AGGTGGAGGAAGGACCCGCG_021,94
AGGTGGAGGAAGGACCCGCG_022,137
AGGTGGAGGAAGGACCCGCG_023,77
AGGTGGAGGAAGGACCCGCG_024,103
AGGTGGAGGAAGGACCCGCG_025,175
AGGTGGAGGAAGGACCCGCG_026,169
AGGTGGAGGAAGGACCCGCG_027,183
AGGTGGAGGAAGGACCCGCG_028,193
AGGTGGAGGAAGGACCCGCG_029,147
AGGTGGAGGAAGGACCCGCG_030,162
AGGTGGAGGAAGGACCCGCG_031,22
AGGTGGAGGAAGGACCCGCG_032,69
AGGTGGAGGAAGGACCCGCG_033,159
AGGTGGAGGAAGGACCCGCG_034,159
AGGTGGAGGAAGGACCCGCG_035,82
AGGTGGAGGAAGGACCCGCG_036,188
AGGTGGAGGAAGGACCCGCG_037,170
AGGTGGAGGAAGGACCCGCG_038,42
AGGTGGAGGAAGGACCCGCG_039,47
AGGTGGAGGAAGGACCCGCG_040,33
AGGTGGAGGAAGGACCCGCG_041,118
AGGTGGAGGAAGGACCCGCG_042,194
AGGTGGAGGAAGGACCCGCG_043,166
AGGTGGAGGAAGGACCCGCG_044,165
AGGTGGAGGAAGGACCCGCG_045,68
AGGTGGAGGAAGGACCCGCG_046,133
GTTCCTCTTACCTTATGCCG_001,62
GTTCCTCTTACCTTATGCCG_002,1
GTTCCTCTTACCTTATGCCG_003,145
GTTCCTCTTACCTTATGCCG_004,101
GTTCCTCTTACCTTATGCCG_005,125
GTTCCTCTTACCTTATGCCG_006,148
GTTCCTCTTACCTTATGCCG_007,177
GTTCCTCTTACCTTATGCCG_008,141
GTTCCTCTTACCTTATGCCG_009,61
GTTCCTCTTACCTTATGCCG_010,100
GTTCCTCTTACCTTATGCCG_011,10
GTGTAGACCAGCGTGCCGAA_001,88
GTGTAGACCAGCGTGCCGAA_002,9
GTGTAGACCAGCGTGCCGAA_003,67
GTGTAGACCAGCGTGCCGAA_004,34
GTGTAGACCAGCGTGCCGAA_005,171
GTGTAGACCAGCGTGCCGAA_006,16
GTGTAGACCAGCGTGCCGAA_007,177
GTGTAGACCAGCGTGCCGAA_008,147
GTGTAGACCAGCGTGCCGAA_009,145
GTGTAGACCAGCGTGCCGAA_010,43
TCTGCACGGTGTATCGAGAG_001,102
TCTGCACGGTGTATCGAGAG_002,95
AAACATGCGCAGGTGCATGT_001,10
AAACATGCGCAGGTGCATGT_002,154
AAACATGCGCAGGTGCATGT_003,15
AAACATGCGCAGGTGCATGT_004,48
AAACATGCGCAGGTGCATGT_005,29
AAACATGCGCAGGTGCATGT_006,147
AAACATGCGCAGGTGCATGT_007,5
AAACATGCGCAGGTGCATGT_008,9
AAACATGCGCAGGTGCATGT_009,170
AAACATGCGCAGGTGCATGT_010,127
AAACATGCGCAGGTGCATGT_011,199
AAACATGCGCAGGTGCATGT_012,39
AAACATGCGCAGGTGCATGT_013,117
AAACATGCGCAGGTGCATGT_014,49
AAACATGCGCAGGTGCATGT_015,82
AAACATGCGCAGGTGCATGT_016,10
AAACATGCGCAGGTGCATGT_017,34
AAACATGCGCAGGTGCATGT_018,78
AAACATGCGCAGGTGCATGT_019,199
AAACATGCGCAGGTGCATGT_020,188
AAACATGCGCAGGTGCATGT_021,142
AAACATGCGCAGGTGCATGT_022,154
AAACATGCGCAGGTGCATGT_023,70
GACCGAGGCAGCAATCATCA_001,137
GACCGAGGCAGCAATCATCA_002,169
GACCGAGGCAGCAATCATCA_003,186
GACCGAGGCAGCAATCATCA_004,46
GACCGAGGCAGCAATCATCA_005,43
GACCGAGGCAGCAATCATCA_006,73
GACCGAGGCAGCAATCATCA_007,172
GACCGAGGCAGCAATCATCA_008,165
GACCGAGGCAGCAATCATCA_009,83
GACCGAGGCAGCAATCATCA_010,12
GGCGAGCGTGATGTCCGCAT_001,58
GGCGAGCGTGATGTCCGCAT_002,93
GGCGAGCGTGATGTCCGCAT_003,185
GGCGAGCGTGATGTCCGCAT_004,149
GGCGAGCGTGATGTCCGCAT_005,63
GGCGAGCGTGATGTCCGCAT_006,138
GGCGAGCGTGATGTCCGCAT_007,146
GGCGAGCGTGATGTCCGCAT_008,118
GGCGAGCGTGATGTCCGCAT_009,144
GGCGAGCGTGATGTCCGCAT_010,57
GTGGTGGAAGACCACGGCGT_001,185
GTGGTGGAAGACCACGGCGT_002,129
GTGGTGGAAGACCACGGCGT_003,80
ACAGCATCATCGATGCAGTG_001,5
AAACCCCAATTACGCCGGCG_001,188
AAACCCCAATTACGCCGGCG_002,28
ACAGCCGGTCCAGCTCAATG_001,102
ACAGCCGGTCCAGCTCAATG_002,51
ACAGCCGGTCCAGCTCAATG_003,186
ACAGCCGGTCCAGCTCAATG_004,88
ACAGCCGGTCCAGCTCAATG_005,145
ACAGCCGGTCCAGCTCAATG_006,19
ACAGCCGGTCCAGCTCAATG_007,111
ACAGCCGGTCCAGCTCAATG_008,111
ACAGCCGGTCCAGCTCAATG_009,75
ACAGCCGGTCCAGCTCAATG_010,100
ACAGCCGGTCCAGCTCAATG_011,161
ACAGCCGGTCCAGCTCAATG_012,82
ACAGCCGGTCCAGCTCAATG_013,23
ACAGCCGGTCCAGCTCAATG_014,11
ACAGCCGGTCCAGCTCAATG_015,7
ACAGCCGGTCCAGCTCAATG_016,49
ACAGCCGGTCCAGCTCAATG_017,81
ACAGCCGGTCCAGCTCAATG_018,137
ACAGCCGGTCCAGCTCAATG_019,57
ACAGCCGGTCCAGCTCAATG_020,86
ACAGCCGGTCCAGCTCAATG_021,9
ACAGCCGGTCCAGCTCAATG_022,161
ACAGCCGGTCCAGCTCAATG_023,103
ACAGCCGGTCCAGCTCAATG_024,169
ACAGCCGGTCCAGCTCAATG_025,103
ACAGCCGGTCCAGCTCAATG_026,136
ACAGCCGGTCCAGCTCAATG_027,33
ACAGCCGGTCCAGCTCAATG_028,124
ACAGCCGGTCCAGCTCAATG_029,142
ACAGCCGGTCCAGCTCAATG_030,185
GTGTCACAAAGATGTCTACA_001,146
GTGTCACAAAGATGTCTACA_002,195
GTGTCACAAAGATGTCTACA_003,24
GTGTCACAAAGATGTCTACA_004,149
GTGTCACAAAGATGTCTACA_005,165
GTGTCACAAAGATGTCTACA_006,105
GTGTCACAAAGATGTCTACA_007,140
GTTGGTACCTGGCTTGAACA_001,6
GTTGGTACCTGGCTTGAACA_002,48
CAACTGGGGCAGTGTAACTG_001,115
CAACTGGGGCAGTGTAACTG_002,166
CAACTGGGGCAGTGTAACTG_003,91
CAACTGGGGCAGTGTAACTG_004,173
CAACTGGGGCAGTGTAACTG_005,147
CAACTGGGGCAGTGTAACTG_006,146
CAACTGGGGCAGTGTAACTG_007,89
CAACTGGGGCAGTGTAACTG_008,38
CAACTGGGGCAGTGTAACTG_009,59
CAACTGGGGCAGTGTAACTG_010,155
CAACTGGGGCAGTGTAACTG_011,6
CAACTGGGGCAGTGTAACTG_012,182
CAACTGGGGCAGTGTAACTG_013,148
CAACTGGGGCAGTGTAACTG_014,102
CAACTGGGGCAGTGTAACTG_015,58
CAACTGGGGCAGTGTAACTG_016,148
CAACTGGGGCAGTGTAACTG_017,174
AATCCCGGACGTCTACATCG_001,141
AATCCCGGACGTCTACATCG_002,141
AATCCCGGACGTCTACATCG_003,84
AATCCCGGACGTCTACATCG_004,19
AATCCCGGACGTCTACATCG_005,150
AATCCCGGACGTCTACATCG_006,145
AATCCCGGACGTCTACATCG_007,29
AATCCCGGACGTCTACATCG_008,130
AATCCCGGACGTCTACATCG_009,149
GGGACAAGGCCTCTATCCCA_001,166
GGGACAAGGCCTCTATCCCA_002,181
GGGACAAGGCCTCTATCCCA_003,125
GGGACAAGGCCTCTATCCCA_004,56
GGGACAAGGCCTCTATCCCA_005,40
TCTAACTAAGTAAACTTCCA_001,115
TCTAACTAAGTAAACTTCCA_002,137
CCGTGTAAGGAAAGGGTCAG_001,16
CCGTGTAAGGAAAGGGTCAG_002,93
CCGTGTAAGGAAAGGGTCAG_003,133
CCGTGTAAGGAAAGGGTCAG_004,149
CCGTGTAAGGAAAGGGTCAG_005,36
CCGTGTAAGGAAAGGGTCAG_006,174
CCGTGTAAGGAAAGGGTCAG_007,130
CCGTGTAAGGAAAGGGTCAG_008,64
CCGTGTAAGGAAAGGGTCAG_009,189
CCGTGTAAGGAAAGGGTCAG_010,56
CCGTGTAAGGAAAGGGTCAG_011,61
CCGTGTAAGGAAAGGGTCAG_012,76
CCGTGTAAGGAAAGGGTCAG_013,62
CCGTGTAAGGAAAGGGTCAG_014,80
CCGTGTAAGGAAAGGGTCAG_015,58
CCGTGTAAGGAAAGGGTCAG_016,168
CCGTGTAAGGAAAGGGTCAG_017,158
CCGTGTAAGGAAAGGGTCAG_018,9
CCGTGTAAGGAAAGGGTCAG_019,58
CCGTGTAAGGAAAGGGTCAG_020,131
CCGTGTAAGGAAAGGGTCAG_021,119
CCGTGTAAGGAAAGGGTCAG_022,63
CCGTGTAAGGAAAGGGTCAG_023,161
GGTGCGGATTCTCATCAGCG_001,102
GGTGCGGATTCTCATCAGCG_002,196
GGTGCGGATTCTCATCAGCG_003,15
GGTGCGGATTCTCATCAGCG_004,42
GGTGCGGATTCTCATCAGCG_005,170
GGTGCGGATTCTCATCAGCG_006,198
GGTGCGGATTCTCATCAGCG_007,34
GGTGCGGATTCTCATCAGCG_008,113
GGTGCGGATTCTCATCAGCG_009,81
GTATTTCCAGAATCACGACG_001,132
AACATTCAGGACACATCCGA_001,198
AACATTCAGGACACATCCGA_002,70
AACATTCAGGACACATCCGA_003,1
AACATTCAGGACACATCCGA_004,57
AACATTCAGGACACATCCGA_005,50
AACATTCAGGACACATCCGA_006,69
AACATTCAGGACACATCCGA_007,114
AACATTCAGGACACATCCGA_008,43
GCTCATCTTGTAATTCACAC_001,16
GCTCATCTTGTAATTCACAC_002,29
GCTCATCTTGTAATTCACAC_003,123
GCTCATCTTGTAATTCACAC_004,70
GCTCATCTTGTAATTCACAC_005,38
GCTCATCTTGTAATTCACAC_006,184
GCTCATCTTGTAATTCACAC_007,19
TGGAAGCACTGTCCCCGATG_001,139
TGGAAGCACTGTCCCCGATG_002,183
TGGAAGCACTGTCCCCGATG_003,42
TGGAAGCACTGTCCCCGATG_004,69
TGGAAGCACTGTCCCCGATG_005,130
TGGAAGCACTGTCCCCGATG_006,6
GAAACAGCGAGACCAACGAT_001,53
GAAACAGCGAGACCAACGAT_002,194
GAAACAGCGAGACCAACGAT_003,9
GAAACAGCGAGACCAACGAT_004,198
GAAACAGCGAGACCAACGAT_005,81
GAAACAGCGAGACCAACGAT_006,88
GAAACAGCGAGACCAACGAT_007,115
GAAACAGCGAGACCAACGAT_008,77
GAAACAGCGAGACCAACGAT_009,172
GAAACAGCGAGACCAACGAT_010,65
GTTAGGAATAAAAGCTTTGA_001,5
GTTAGGAATAAAAGCTTTGA_002,161
GTTAGGAATAAAAGCTTTGA_003,32
GTTAGGAATAAAAGCTTTGA_004,157
GTTAGGAATAAAAGCTTTGA_005,74
GTTAGGAATAAAAGCTTTGA_006,58
GTTAGGAATAAAAGCTTTGA_007,178
TGTAGCCAGACTTCTGAGTG_001,58
TGTAGCCAGACTTCTGAGTG_002,160
TGTAGCCAGACTTCTGAGTG_003,113
TGTAGCCAGACTTCTGAGTG_004,69
TGTAGCCAGACTTCTGAGTG_005,150
TGTAGCCAGACTTCTGAGTG_006,171
TGTAGCCAGACTTCTGAGTG_007,12
TGTAGCCAGACTTCTGAGTG_008,176
TGTAGCCAGACTTCTGAGTG_009,16
TGTAGCCAGACTTCTGAGTG_010,191
TGTAGCCAGACTTCTGAGTG_011,191
TGTAGCCAGACTTCTGAGTG_012,92
TGTAGCCAGACTTCTGAGTG_013,137
TGTAGCCAGACTTCTGAGTG_014,8
TGTAGCCAGACTTCTGAGTG_015,168
TGTAGCCAGACTTCTGAGTG_016,199
TGTAGCCAGACTTCTGAGTG_017,41
AATGCGCTGGAAACAACACC_001,99
AATGCGCTGGAAACAACACC_002,48
AATGCGCTGGAAACAACACC_003,169
AATGCGCTGGAAACAACACC_004,169
AATGCGCTGGAAACAACACC_005,176
AATGCGCTGGAAACAACACC_006,14
AATGCGCTGGAAACAACACC_007,188
AATGCGCTGGAAACAACACC_008,91
AATGCGCTGGAAACAACACC_009,151
AAGTATGAGCACAATAAGGT_001,85
AAGTATGAGCACAATAAGGT_002,132
AAGTATGAGCACAATAAGGT_003,182
AAGTATGAGCACAATAAGGT_004,162
AAGTATGAGCACAATAAGGT_005,115
AAGTATGAGCACAATAAGGT_006,105
AAGTATGAGCACAATAAGGT_007,81
AAGTATGAGCACAATAAGGT_008,67
AAGTATGAGCACAATAAGGT_009,114
AAGTATGAGCACAATAAGGT_010,13
AAGTATGAGCACAATAAGGT_011,41
AAGTATGAGCACAATAAGGT_012,76
AAGTATGAGCACAATAAGGT_013,27
AAGTATGAGCACAATAAGGT_014,124
GATGAAAAAGAGCACCACGT_001,65
GATGAAAAAGAGCACCACGT_002,49
GATGAAAAAGAGCACCACGT_003,184
GATGAAAAAGAGCACCACGT_004,41
GATGAAAAAGAGCACCACGT_005,147
GATGAAAAAGAGCACCACGT_006,121
GATGAAAAAGAGCACCACGT_007,55
GATGAAAAAGAGCACCACGT_008,149
GATGAAAAAGAGCACCACGT_009,156
GATGAAAAAGAGCACCACGT_010,41
GATGAAAAAGAGCACCACGT_011,88
GATGAAAAAGAGCACCACGT_012,56
GATGAAAAAGAGCACCACGT_013,78
CAAGACGGGGCGTGTCGTGG_001,172
CAAGACGGGGCGTGTCGTGG_002,104
CAAGACGGGGCGTGTCGTGG_003,48
CAAGACGGGGCGTGTCGTGG_004,109
CAAGACGGGGCGTGTCGTGG_005,163
CAAGACGGGGCGTGTCGTGG_006,100
CAAGACGGGGCGTGTCGTGG_007,16
CAAGACGGGGCGTGTCGTGG_008,98
GTGATGGTGAAACTTAAGTG_001,22
GTGATGGTGAAACTTAAGTG_002,157
CACATTGTTGCAAATCACTG_001,134
CACATTGTTGCAAATCACTG_002,30
CACATTGTTGCAAATCACTG_003,171
CACATTGTTGCAAATCACTG_004,87
CACATTGTTGCAAATCACTG_005,87
CACATTGTTGCAAATCACTG_006,42
CACATTGTTGCAAATCACTG_007,169
CACATTGTTGCAAATCACTG_008,82
CACATTGTTGCAAATCACTG_009,141
CACATTGTTGCAAATCACTG_010,139
CACATTGTTGCAAATCACTG_011,16
CACATTGTTGCAAATCACTG_012,177
CACATTGTTGCAAATCACTG_013,130
CACATTGTTGCAAATCACTG_014,141
CACATTGTTGCAAATCACTG_015,196
CACATTGTTGCAAATCACTG_016,113
CACATTGTTGCAAATCACTG_017,94
CACATTGTTGCAAATCACTG_018,45
CACATTGTTGCAAATCACTG_019,177
CACATTGTTGCAAATCACTG_020,148
CACATTGTTGCAAATCACTG_021,63
GGCCGAGGATCAGTATGCAA_001,149
GGCCGAGGATCAGTATGCAA_002,115
GGCCGAGGATCAGTATGCAA_003,101
GGCCGAGGATCAGTATGCAA_004,151
GGCCGAGGATCAGTATGCAA_005,177
GGCCGAGGATCAGTATGCAA_006,192
GGCCGAGGATCAGTATGCAA_007,160
GGCCGAGGATCAGTATGCAA_008,82
GGCCGAGGATCAGTATGCAA_009,92
GGCCGAGGATCAGTATGCAA_010,134
GGCCGAGGATCAGTATGCAA_011,119
GGCCGAGGATCAGTATGCAA_012,189
ACATTGGAAGAAAGAACACG_001,189
ACATTGGAAGAAAGAACACG_002,101
ACGTGAGCCTCGGTTAGCGA_001,163
ACGTGAGCCTCGGTTAGCGA_002,32
ACGTGAGCCTCGGTTAGCGA_003,51
ACGTGAGCCTCGGTTAGCGA_004,9
ACGTGAGCCTCGGTTAGCGA_005,137
ACGTGAGCCTCGGTTAGCGA_006,8
ACGTGAGCCTCGGTTAGCGA_007,67
ACGTGAGCCTCGGTTAGCGA_008,170
ACGTGAGCCTCGGTTAGCGA_009,30
ACGTGAGCCTCGGTTAGCGA_010,175
ACGTGAGCCTCGGTTAGCGA_011,70
ACGTGAGCCTCGGTTAGCGA_012,151
ACGTGAGCCTCGGTTAGCGA_013,34
ACGTGAGCCTCGGTTAGCGA_014,40
ACGTGAGCCTCGGTTAGCGA_015,94
ACGTGAGCCTCGGTTAGCGA_016,93
ACGTGAGCCTCGGTTAGCGA_017,198
ACGTGAGCCTCGGTTAGCGA_018,15
ACGTGAGCCTCGGTTAGCGA_019,108
ACGTGAGCCTCGGTTAGCGA_020,127
ACGTGAGCCTCGGTTAGCGA_021,171
ACGTGAGCCTCGGTTAGCGA_022,69
ACGTGAGCCTCGGTTAGCGA_023,45
ACGTGAGCCTCGGTTAGCGA_024,81
ACGTGAGCCTCGGTTAGCGA_025,27
ACGTGAGCCTCGGTTAGCGA_026,101
ACGTGAGCCTCGGTTAGCGA_027,3
ACGTGAGCCTCGGTTAGCGA_028,166
ACGTGAGCCTCGGTTAGCGA_029,128
CATTAATGTGGACTTGACCG_001,88
CATTAATGTGGACTTGACCG_002,166
GAAAGCCCTGATCGAACAGA_001,80
GAAAGCCCTGATCGAACAGA_002,154
GAAAGCCCTGATCGAACAGA_003,25
GAAAGCCCTGATCGAACAGA_004,53
GAAAGCCCTGATCGAACAGA_005,143
GAAAGCCCTGATCGAACAGA_006,29
GAAAGCCCTGATCGAACAGA_007,156
GAAAGCCCTGATCGAACAGA_008,174
GAAAGCCCTGATCGAACAGA_009,159
GAAAGCCCTGATCGAACAGA_010,89
GAAAGCCCTGATCGAACAGA_011,49
GAAAGCCCTGATCGAACAGA_012,19
GAAAGCCCTGATCGAACAGA_013,141
GAAAGCCCTGATCGAACAGA_014,116
GGAAAGTATTATTGTCACCG_001,12
GGAAAGTATTATTGTCACCG_002,152
GGAAGGGGAGCATCGCTGAG_001,115
GGAAGGGGAGCATCGCTGAG_002,74
GGAAGGGGAGCATCGCTGAG_003,70
GGAAGGGGAGCATCGCTGAG_004,37
AATGTCTGATCACAGATACG_001,56
AATGTCTGATCACAGATACG_002,175
AATGTCTGATCACAGATACG_003,127
AATGTCTGATCACAGATACG_004,173
AATGTCTGATCACAGATACG_005,71
GGGTGTGCACGAGTAAAACG_001,58
GGGTGTGCACGAGTAAAACG_002,198
GGGTGTGCACGAGTAAAACG_003,75
GGGTGTGCACGAGTAAAACG_004,56
GGGTGTGCACGAGTAAAACG_005,24
GGGTGTGCACGAGTAAAACG_006,76
GGGTGTGCACGAGTAAAACG_007,78
GGGTGTGCACGAGTAAAACG_008,16
GGGTGTGCACGAGTAAAACG_009,160
GGGTGTGCACGAGTAAAACG_010,169
GGGTGTGCACGAGTAAAACG_011,177
GGGTGTGCACGAGTAAAACG_012,40
GGGTGTGCACGAGTAAAACG_013,134
GGGTGTGCACGAGTAAAACG_014,0
GGGTGTGCACGAGTAAAACG_015,51
GCACCGCCGCCGTATCCTGG_001,1
GCACCGCCGCCGTATCCTGG_002,98
GCACCGCCGCCGTATCCTGG_003,123
GCACCGCCGCCGTATCCTGG_004,123
GCACCGCCGCCGTATCCTGG_005,39
GCACCGCCGCCGTATCCTGG_006,70
GCACCGCCGCCGTATCCTGG_007,110
CAGCAAAAGCCAAGGCGGTG_001,51
CAGCAAAAGCCAAGGCGGTG_002,65
CAGCAAAAGCCAAGGCGGTG_003,191
CAGCAAAAGCCAAGGCGGTG_004,59
CAGCAAAAGCCAAGGCGGTG_005,172
CAGCAAAAGCCAAGGCGGTG_006,71
CAGCAAAAGCCAAGGCGGTG_007,150
CAGCAAAAGCCAAGGCGGTG_008,168
CAGCAAAAGCCAAGGCGGTG_009,175
CAGCAAAAGCCAAGGCGGTG_010,136
CAGCAAAAGCCAAGGCGGTG_011,124
CAGCAAAAGCCAAGGCGGTG_012,62
CAGCAAAAGCCAAGGCGGTG_013,176
CAGCAAAAGCCAAGGCGGTG_014,102
TGTGGACTACTCATCAGTCG_001,12
TGTGGACTACTCATCAGTCG_002,33
TGTGGACTACTCATCAGTCG_003,118
TGTGGACTACTCATCAGTCG_004,61
TGTGGACTACTCATCAGTCG_005,106
GGAGTGTCTTCGACAGAACG_001,9
GGAGTGTCTTCGACAGAACG_002,115
GGAGTGTCTTCGACAGAACG_003,104
GGAGTGTCTTCGACAGAACG_004,82
GGAGTGTCTTCGACAGAACG_005,199
GGAGTGTCTTCGACAGAACG_006,105
GGAGTGTCTTCGACAGAACG_007,52
GGAGTGTCTTCGACAGAACG_008,33
GGAGTGTCTTCGACAGAACG_009,95
GGAGTGTCTTCGACAGAACG_010,156
GGAGTGTCTTCGACAGAACG_011,125
GGAGTGTCTTCGACAGAACG_012,118
GGAGTGTCTTCGACAGAACG_013,61
GGAGTGTCTTCGACAGAACG_014,105
TCTGGAGCACAACCTCACGT_001,173
TCTGGAGCACAACCTCACGT_002,162
TCTGGAGCACAACCTCACGT_003,45
TCTGGAGCACAACCTCACGT_004,166
TCTGGAGCACAACCTCACGT_005,144
TCTGGAGCACAACCTCACGT_006,161
TCTGGAGCACAACCTCACGT_007,104
TCTGGAGCACAACCTCACGT_008,188
TCTGGAGCACAACCTCACGT_009,166
TCTGGAGCACAACCTCACGT_010,42
TCTGGAGCACAACCTCACGT_011,33
TCTGGAGCACAACCTCACGT_012,15
TCTGGAGCACAACCTCACGT_013,52
GCAATTGAAAAGCATAGTGG_001,189
GCAATTGAAAAGCATAGTGG_002,119
GCAATTGAAAAGCATAGTGG_003,133
GCAATTGAAAAGCATAGTGG_004,53
GCAATTGAAAAGCATAGTGG_005,101
GCAATTGAAAAGCATAGTGG_006,177
GCAATTGAAAAGCATAGTGG_007,126
GCAATTGAAAAGCATAGTGG_008,50
GCAATTGAAAAGCATAGTGG_009,197
GCAATTGAAAAGCATAGTGG_010,188
GCAATTGAAAAGCATAGTGG_011,149
GCAATTGAAAAGCATAGTGG_012,72
GCAATTGAAAAGCATAGTGG_013,162
GCAATTGAAAAGCATAGTGG_014,180
CCCGGGCGGGCAGCACACGG_001,94
CCCGGGCGGGCAGCACACGG_002,162
CCCGGGCGGGCAGCACACGG_003,145
CCCGGGCGGGCAGCACACGG_004,83
CCCGGGCGGGCAGCACACGG_005,23
CCCGGGCGGGCAGCACACGG_006,16
CCCGGGCGGGCAGCACACGG_007,28
CCCGGGCGGGCAGCACACGG_008,170
CCCGGGCGGGCAGCACACGG_009,188
CCCGGGCGGGCAGCACACGG_010,164
CTGGGACGACAGTATTGTGG_001,188
CTGGGACGACAGTATTGTGG_002,180
AGGTTGTTGGATGGATGTAT_001,113
AGGTTGTTGGATGGATGTAT_002,27
AGGTTGTTGGATGGATGTAT_003,88
AGGTTGTTGGATGGATGTAT_004,47
GGTGCTGCCTACATAGGCAG_001,80
GGTGCTGCCTACATAGGCAG_002,178
GGTGCTGCCTACATAGGCAG_003,48
GGTGCTGCCTACATAGGCAG_004,158
GGTGCTGCCTACATAGGCAG_005,108
CGCTCTATGACTTCACGGCG_001,2
CGCTCTATGACTTCACGGCG_002,134
CGCTCTATGACTTCACGGCG_003,48
CGCTCTATGACTTCACGGCG_004,82
CGCTCTATGACTTCACGGCG_005,149
CGCTCTATGACTTCACGGCG_006,182
CGCTCTATGACTTCACGGCG_007,174
CGCTCTATGACTTCACGGCG_008,161
CGCTCTATGACTTCACGGCG_009,60
CGCTCTATGACTTCACGGCG_010,95
CGCTCTATGACTTCACGGCG_011,190
CGCTCTATGACTTCACGGCG_012,177
CGCTCTATGACTTCACGGCG_013,148
CGCTCTATGACTTCACGGCG_014,155
CGCTCTATGACTTCACGGCG_015,184
CGCTCTATGACTTCACGGCG_016,69
CGCTCTATGACTTCACGGCG_017,19
ACCAGCAAAGGCACCGTGAC_001,152
ACCAGCAAAGGCACCGTGAC_002,1
ACCAGCAAAGGCACCGTGAC_003,134
ACCAGCAAAGGCACCGTGAC_004,105
ACCAGCAAAGGCACCGTGAC_005,199
ACCAGCAAAGGCACCGTGAC_006,185
ACCAGCAAAGGCACCGTGAC_007,139
ACCAGCAAAGGCACCGTGAC_008,32
ACCAGCAAAGGCACCGTGAC_009,3
ACCAGCAAAGGCACCGTGAC_010,12
ACCAGCAAAGGCACCGTGAC_011,195
ACCAGCAAAGGCACCGTGAC_012,158
ACCAGCAAAGGCACCGTGAC_013,120
ACCAGCAAAGGCACCGTGAC_014,19
ACCAGCAAAGGCACCGTGAC_015,170
ACCAGCAAAGGCACCGTGAC_016,33
ACCAGCAAAGGCACCGTGAC_017,145
ACCAGCAAAGGCACCGTGAC_018,55
ACCAGCAAAGGCACCGTGAC_019,178
ACCAGCAAAGGCACCGTGAC_020,108
ACCAGCAAAGGCACCGTGAC_021,17
ACCAGCAAAGGCACCGTGAC_022,48
ACCAGCAAAGGCACCGTGAC_023,199
ACCAGCAAAGGCACCGTGAC_024,107
ACCAGCAAAGGCACCGTGAC_025,48
ACCAGCAAAGGCACCGTGAC_026,99
GCACGAACACATGTTCTCGG_001,148
TGATCGAGCTGATCCGCCAG_001,46
TGATCGAGCTGATCCGCCAG_002,103
TGATCGAGCTGATCCGCCAG_003,147
TGATCGAGCTGATCCGCCAG_004,70
CCAGTGAGAAGCACATACAA_001,48
CCAGTGAGAAGCACATACAA_002,60
CCAGTGAGAAGCACATACAA_003,177
CCAGTGAGAAGCACATACAA_004,1
CCAGTGAGAAGCACATACAA_005,1
CCAGTGAGAAGCACATACAA_006,2
CCCAATACTTAGGAACACCC_001,130
CCCAATACTTAGGAACACCC_002,41
CCCAATACTTAGGAACACCC_003,70
CCCAATACTTAGGAACACCC_004,130
CCCAATACTTAGGAACACCC_005,105
CCCAATACTTAGGAACACCC_006,169
AATGTCGTTCTTAGACTCGA_001,38
AATGTCGTTCTTAGACTCGA_002,8
AATGTCGTTCTTAGACTCGA_003,150
AATGTCGTTCTTAGACTCGA_004,158
AATGTCGTTCTTAGACTCGA_005,130
TTTAATGTTGATCGGCATGT_001,149
TTTAATGTTGATCGGCATGT_002,63
TTTAATGTTGATCGGCATGT_003,149
TTTAATGTTGATCGGCATGT_004,80
TTTAATGTTGATCGGCATGT_005,35
TTTAATGTTGATCGGCATGT_006,50
TTTAATGTTGATCGGCATGT_007,178
TTTAATGTTGATCGGCATGT_008,94
TTTAATGTTGATCGGCATGT_009,147
TTTAATGTTGATCGGCATGT_010,52
TTTAATGTTGATCGGCATGT_011,74
TTTAATGTTGATCGGCATGT_012,47
TTTAATGTTGATCGGCATGT_013,47
TTTAATGTTGATCGGCATGT_014,136
GGGCCGGGTCTATGAGACAG_001,134
GGGCCGGGTCTATGAGACAG_002,8
GGGCCGGGTCTATGAGACAG_003,197
GGGCCGGGTCTATGAGACAG_004,120
GGGCCGGGTCTATGAGACAG_005,13
GGGCCGGGTCTATGAGACAG_006,101
AGAATAAACTTGAAGTACCA_001,176
AGAATAAACTTGAAGTACCA_002,43
AGAATAAACTTGAAGTACCA_003,72
AGAATAAACTTGAAGTACCA_004,9
AGAATAAACTTGAAGTACCA_005,119
AGAATAAACTTGAAGTACCA_006,16
AGAATAAACTTGAAGTACCA_007,19
AGAATAAACTTGAAGTACCA_008,56
AGAATAAACTTGAAGTACCA_009,19
AGAATAAACTTGAAGTACCA_010,36
AGAATAAACTTGAAGTACCA_011,102
AATATGCCATAAGGACTCAG_001,52
AAGATTATGTTGGAAGTGGG_001,0
AAGATTATGTTGGAAGTGGG_002,163
ATTCCTACTAAAACCTTCTG_001,177
ATTCCTACTAAAACCTTCTG_002,165
ATTCCTACTAAAACCTTCTG_003,81
ATTCCTACTAAAACCTTCTG_004,172
ATTCCTACTAAAACCTTCTG_005,22
ATTCCTACTAAAACCTTCTG_006,93
ATTCCTACTAAAACCTTCTG_007,160
ATTCCTACTAAAACCTTCTG_008,67
ATTCCTACTAAAACCTTCTG_009,123
ATTCCTACTAAAACCTTCTG_010,16
ATTCCTACTAAAACCTTCTG_011,72
ATTCCTACTAAAACCTTCTG_012,69
ATTCCTACTAAAACCTTCTG_013,152
ATTCCTACTAAAACCTTCTG_014,77
ATTCCTACTAAAACCTTCTG_015,138
ATTCCTACTAAAACCTTCTG_016,77
ATTCCTACTAAAACCTTCTG_017,126
CACCTGGCAGTTCCCTCATG_001,151
CACCTGGCAGTTCCCTCATG_002,9
CACCTGGCAGTTCCCTCATG_003,69
CACCTGGCAGTTCCCTCATG_004,14
CACCTGGCAGTTCCCTCATG_005,98
CACCTGGCAGTTCCCTCATG_006,149
CACCTGGCAGTTCCCTCATG_007,134
CACCTGGCAGTTCCCTCATG_008,117
CACCTGGCAGTTCCCTCATG_009,177
CACCTGGCAGTTCCCTCATG_010,142
CACCTGGCAGTTCCCTCATG_011,197
CACCTGGCAGTTCCCTCATG_012,44
CACCTGGCAGTTCCCTCATG_013,161
CACCTGGCAGTTCCCTCATG_014,145
CACCTGGCAGTTCCCTCATG_015,134
CACCTGGCAGTTCCCTCATG_016,72
CACCTGGCAGTTCCCTCATG_017,44
CACCTGGCAGTTCCCTCATG_018,96
CACCTGGCAGTTCCCTCATG_019,99
CCGCGGTACAGTGCTCGCTG_001,144
CCGCGGTACAGTGCTCGCTG_002,69
CCGCGGTACAGTGCTCGCTG_003,58
CTCCAGACACTGGACAACTC_001,195
CTCCAGACACTGGACAACTC_002,183
CTCCAGACACTGGACAACTC_003,18
CTCCAGACACTGGACAACTC_004,63
CTCCAGACACTGGACAACTC_005,128
CTCCAGACACTGGACAACTC_006,157
CTCCAGACACTGGACAACTC_007,9
CTCCAGACACTGGACAACTC_008,70
CTCCAGACACTGGACAACTC_009,169
CTCCAGACACTGGACAACTC_010,93
CTCCAGACACTGGACAACTC_011,152
CTCCAGACACTGGACAACTC_012,26
CTCCAGACACTGGACAACTC_013,12
CTCCAGACACTGGACAACTC_014,43
CTCCAGACACTGGACAACTC_015,145
CTCCAGACACTGGACAACTC_016,115
CTCCAGACACTGGACAACTC_017,16
CTCCAGACACTGGACAACTC_018,94
CTCCAGACACTGGACAACTC_019,70
CTCCAGACACTGGACAACTC_020,135
CTCCAGACACTGGACAACTC_021,93
CTCCAGACACTGGACAACTC_022,58
CTCCAGACACTGGACAACTC_023,77
CTCCAGACACTGGACAACTC_024,173
CTCCAGACACTGGACAACTC_025,90
CTCCAGACACTGGACAACTC_026,147
GGAAATTCACCACTTGACTG_001,42
GGAAATTCACCACTTGACTG_002,78
GGAAATTCACCACTTGACTG_003,17
GGAAATTCACCACTTGACTG_004,156
GGAAATTCACCACTTGACTG_005,29
GGAAATTCACCACTTGACTG_006,162
GGAAATTCACCACTTGACTG_007,188
GGAAATTCACCACTTGACTG_008,186
GGAAATTCACCACTTGACTG_009,90
GGAAATTCACCACTTGACTG_010,104
GGACATCGTACCTGCGCTCC_001,19
GGACATCGTACCTGCGCTCC_002,70
GGACATCGTACCTGCGCTCC_003,82
GGACATCGTACCTGCGCTCC_004,39
GGACATCGTACCTGCGCTCC_005,118
GGACATCGTACCTGCGCTCC_006,33
GGACATCGTACCTGCGCTCC_007,84
GGACATCGTACCTGCGCTCC_008,117
GGACATCGTACCTGCGCTCC_009,162
GGACATCGTACCTGCGCTCC_010,30
GGACATCGTACCTGCGCTCC_011,0
GGACATCGTACCTGCGCTCC_012,118
GGACATCGTACCTGCGCTCC_013,35
GGACATCGTACCTGCGCTCC_014,197
AAGTTAGTATACTCACCCAA_001,154
AAGTTAGTATACTCACCCAA_002,23
AGGCCACTGAGAGAGCGCGT_001,62
AGGCCACTGAGAGAGCGCGT_002,140
AGGCCACTGAGAGAGCGCGT_003,49
AGGCCACTGAGAGAGCGCGT_004,45
AGGCCACTGAGAGAGCGCGT_005,39
AGGCCACTGAGAGAGCGCGT_006,162
AGGCCACTGAGAGAGCGCGT_007,15
AGGCCACTGAGAGAGCGCGT_008,78
AGGCCACTGAGAGAGCGCGT_009,29
AGGCCACTGAGAGAGCGCGT_010,178
AGGCCACTGAGAGAGCGCGT_011,139
AGGCCACTGAGAGAGCGCGT_012,168
AGGCCACTGAGAGAGCGCGT_013,43
AGGCCACTGAGAGAGCGCGT_014,30
AGGCCACTGAGAGAGCGCGT_015,128
AGGCCACTGAGAGAGCGCGT_016,148
AGGCCACTGAGAGAGCGCGT_017,26
AGGCCACTGAGAGAGCGCGT_018,143
AGGCCACTGAGAGAGCGCGT_019,39
AGGCCACTGAGAGAGCGCGT_020,134
AGGCCACTGAGAGAGCGCGT_021,104
AGGCCACTGAGAGAGCGCGT_022,88
AGGCCACTGAGAGAGCGCGT_023,176
AGGCCACTGAGAGAGCGCGT_024,82
AGGCCACTGAGAGAGCGCGT_025,171
AGGCCACTGAGAGAGCGCGT_026,169
AGGCCACTGAGAGAGCGCGT_027,34
AGGCCACTGAGAGAGCGCGT_028,191
AGGCCACTGAGAGAGCGCGT_029,196
AGGCCACTGAGAGAGCGCGT_030,108
AGGCCACTGAGAGAGCGCGT_031,48
AGGCCACTGAGAGAGCGCGT_032,52
AGGCCACTGAGAGAGCGCGT_033,94
AGGCCACTGAGAGAGCGCGT_034,118
AGGCCACTGAGAGAGCGCGT_035,60
AGGCCACTGAGAGAGCGCGT_036,183
AGGCCACTGAGAGAGCGCGT_037,183
AGGCCACTGAGAGAGCGCGT_038,48
AGGCCACTGAGAGAGCGCGT_039,37
AGGCCACTGAGAGAGCGCGT_040,183
CCTATGCAGCTCTTCAATGG_001,112
CCTATGCAGCTCTTCAATGG_002,180
CCTATGCAGCTCTTCAATGG_003,33
ACTGGGTTGTCGATGGACGG_001,196
ACTGGGTTGTCGATGGACGG_002,115
ACTGGGTTGTCGATGGACGG_003,52
ACTGGGTTGTCGATGGACGG_004,150
ACTGGGTTGTCGATGGACGG_005,80
ACTGGGTTGTCGATGGACGG_006,64
ACTGGGTTGTCGATGGACGG_007,151
ACTGGGTTGTCGATGGACGG_008,130
ACTGGGTTGTCGATGGACGG_009,110
ACTGGGTTGTCGATGGACGG_010,120
ACTGGGTTGTCGATGGACGG_011,78
ACTGGGTTGTCGATGGACGG_012,40
ACTGGGTTGTCGATGGACGG_013,96
ACTGGGTTGTCGATGGACGG_014,78
ACTGGGTTGTCGATGGACGG_015,15
ACTGGGTTGTCGATGGACGG_016,121
TAAAAAAACACTCCTCCACG_001,103
TAAAAAAACACTCCTCCACG_002,94
TAAAAAAACACTCCTCCACG_003,118
TAAAAAAACACTCCTCCACG_004,32
TAAAAAAACACTCCTCCACG_005,56
TAAAAAAACACTCCTCCACG_006,50
ACAGCCACAGCCACTATCCA_001,83
ACAGCCACAGCCACTATCCA_002,81
ACAGCCACAGCCACTATCCA_003,74
ACAGCCACAGCCACTATCCA_004,150
ACAGCCACAGCCACTATCCA_005,188
ACAGCCACAGCCACTATCCA_006,68
ACAGCCACAGCCACTATCCA_007,74
ACAGCCACAGCCACTATCCA_008,126
ACAGCCACAGCCACTATCCA_009,147
ACAGCCACAGCCACTATCCA_010,197
ACAGCCACAGCCACTATCCA_011,92
ACAGCCACAGCCACTATCCA_012,180
TGAACAGCATCTGACACAGG_001,15
TGAACAGCATCTGACACAGG_002,193
TGAACAGCATCTGACACAGG_003,191
TGAACAGCATCTGACACAGG_004,114
TGAACAGCATCTGACACAGG_005,6
TGAACAGCATCTGACACAGG_006,6
TGAACAGCATCTGACACAGG_007,157
TGATTCTGGGGATTACAACA_001,107
TCCTCGATGTAGTCGACATG_001,64
TCCTCGATGTAGTCGACATG_002,80
TCCTCGATGTAGTCGACATG_003,47
TCCTCGATGTAGTCGACATG_004,82
TCCTCGATGTAGTCGACATG_005,82
TCCTCGATGTAGTCGACATG_006,198
TCCTCGATGTAGTCGACATG_007,9
TCCTCGATGTAGTCGACATG_008,185
TCCTCGATGTAGTCGACATG_009,36
TCCTCGATGTAGTCGACATG_010,32
TCCTCGATGTAGTCGACATG_011,55
TCCTCGATGTAGTCGACATG_012,23
TCCTCGATGTAGTCGACATG_013,129
TCCTCGATGTAGTCGACATG_014,183
CCCCGCCGCCGAATCCCTGG_001,5
CCCCGCCGCCGAATCCCTGG_002,154
CCCCGCCGCCGAATCCCTGG_003,148
CCCCGCCGCCGAATCCCTGG_004,172
CCCCGCCGCCGAATCCCTGG_005,70
CCCCGCCGCCGAATCCCTGG_006,59
CCCCGCCGCCGAATCCCTGG_007,1
CCCCGCCGCCGAATCCCTGG_008,76
CCCCGCCGCCGAATCCCTGG_009,121
CCCCGCCGCCGAATCCCTGG_010,132
CCCCGCCGCCGAATCCCTGG_011,23
CCCCGCCGCCGAATCCCTGG_012,144
CCCCGCCGCCGAATCCCTGG_013,79
CCCCGCCGCCGAATCCCTGG_014,138
CCCCGCCGCCGAATCCCTGG_015,34
CCCCGCCGCCGAATCCCTGG_016,124
CCCCGCCGCCGAATCCCTGG_017,116
CCCCGCCGCCGAATCCCTGG_018,3
CCCCGCCGCCGAATCCCTGG_019,5
CCCCGGCAAATAGTTCTCCG_001,0
CCCCGGCAAATAGTTCTCCG_002,52
CCCCGGCAAATAGTTCTCCG_003,108
CCCCGGCAAATAGTTCTCCG_004,144
GGGCATCTATAACGTGCCCG_001,194
GGGCATCTATAACGTGCCCG_002,108
GGGCCTCCGACACAGGATGT_001,105
GGGCCTCCGACACAGGATGT_002,198
GGGCCTCCGACACAGGATGT_003,19
GGGCCTCCGACACAGGATGT_004,175
GGGCCTCCGACACAGGATGT_005,197
GGGCCTCCGACACAGGATGT_006,32
GGGCCTCCGACACAGGATGT_007,162
GGGCCTCCGACACAGGATGT_008,142
GGGCCTCCGACACAGGATGT_009,96
GGGCCTCCGACACAGGATGT_010,24
GGGCCTCCGACACAGGATGT_011,28
GGGCCTCCGACACAGGATGT_012,171
GGGCCTCCGACACAGGATGT_013,61
GGGCCTCCGACACAGGATGT_014,44
GGGCCTCCGACACAGGATGT_015,77
GGGCCTCCGACACAGGATGT_016,168
GGGCCTCCGACACAGGATGT_017,122
GGGCCTCCGACACAGGATGT_018,162
GGGCCTCCGACACAGGATGT_019,137
GGGCCTCCGACACAGGATGT_020,0
GGGCCTCCGACACAGGATGT_021,89
GGGCCTCCGACACAGGATGT_022,12
GGGCCTCCGACACAGGATGT_023,58
GGGCCTCCGACACAGGATGT_024,57
GGGCCTCCGACACAGGATGT_025,41
GGGCCTCCGACACAGGATGT_026,88
CCACACCCTGTCCTACGATG_001,48
CCACACCCTGTCCTACGATG_002,77
CCACACCCTGTCCTACGATG_003,84
CCACACCCTGTCCTACGATG_004,8
CCACACCCTGTCCTACGATG_005,183
CCACACCCTGTCCTACGATG_006,174
CCACACCCTGTCCTACGATG_007,115
CCACACCCTGTCCTACGATG_008,144
CCACACCCTGTCCTACGATG_009,60
CCACACCCTGTCCTACGATG_010,58
CCACACCCTGTCCTACGATG_011,94
CCACACCCTGTCCTACGATG_012,42
CCACACCCTGTCCTACGATG_013,42
CCACACCCTGTCCTACGATG_014,67
CCACACCCTGTCCTACGATG_015,16
CCACACCCTGTCCTACGATG_016,29
CCACACCCTGTCCTACGATG_017,114
CCACACCCTGTCCTACGATG_018,60
CCACACCCTGTCCTACGATG_019,184
CCACACCCTGTCCTACGATG_020,176
CCACACCCTGTCCTACGATG_021,166
CCACACCCTGTCCTACGATG_022,13
CCACACCCTGTCCTACGATG_023,43
CCACACCCTGTCCTACGATG_024,16
CCACACCCTGTCCTACGATG_025,118
TGATGCGGCTTCTGTGTAAG_001,41
TGATGCGGCTTCTGTGTAAG_002,32
TGATGCGGCTTCTGTGTAAG_003,65
TGATGCGGCTTCTGTGTAAG_004,42
TGATGCGGCTTCTGTGTAAG_005,154
TGATGCGGCTTCTGTGTAAG_006,95
TGATGCGGCTTCTGTGTAAG_007,154
TGATGCGGCTTCTGTGTAAG_008,96
TGATGCGGCTTCTGTGTAAG_009,22
TGATGCGGCTTCTGTGTAAG_010,148
TGATGCGGCTTCTGTGTAAG_011,1
TGATGCGGCTTCTGTGTAAG_012,65
TGATGCGGCTTCTGTGTAAG_013,199
TGATGCGGCTTCTGTGTAAG_014,148
TGATGCGGCTTCTGTGTAAG_015,148
TGATGCGGCTTCTGTGTAAG_016,7
TGATGCGGCTTCTGTGTAAG_017,134
TGATGCGGCTTCTGTGTAAG_018,169
TGATGCGGCTTCTGTGTAAG_019,116
TGATGCGGCTTCTGTGTAAG_020,53
TGATGCGGCTTCTGTGTAAG_021,198
TGATGCGGCTTCTGTGTAAG_022,25
TGATGCGGCTTCTGTGTAAG_023,138
TGATGCGGCTTCTGTGTAAG_024,138
TGATGCGGCTTCTGTGTAAG_025,10
TGATGCGGCTTCTGTGTAAG_026,114
TGATGCGGCTTCTGTGTAAG_027,104
TCGATATGAGGACGGCATTG_001,38
TCGATATGAGGACGGCATTG_002,53
TCGATATGAGGACGGCATTG_003,168
TCGATATGAGGACGGCATTG_004,12
TCGATATGAGGACGGCATTG_005,10
TCGATATGAGGACGGCATTG_006,17
TCGATATGAGGACGGCATTG_007,12
TCGATATGAGGACGGCATTG_008,180
TCGATATGAGGACGGCATTG_009,52
TCGATATGAGGACGGCATTG_010,80
TCGATATGAGGACGGCATTG_011,42
TCGATATGAGGACGGCATTG_012,45
TCGATATGAGGACGGCATTG_013,198
TCGATATGAGGACGGCATTG_014,100
GACTGGCGTGCACTCCAATG_001,188
GACTGGCGTGCACTCCAATG_002,85
GACTGGCGTGCACTCCAATG_003,76
GACTGGCGTGCACTCCAATG_004,48
GACTGGCGTGCACTCCAATG_005,151
GACTGGCGTGCACTCCAATG_006,53
GACTGGCGTGCACTCCAATG_007,15
GACTGGCGTGCACTCCAATG_008,52
GACTGGCGTGCACTCCAATG_009,50
GACTGGCGTGCACTCCAATG_010,2
GACTGGCGTGCACTCCAATG_011,146
GACTGGCGTGCACTCCAATG_012,176
GACTGGCGTGCACTCCAATG_013,184
GACTGGCGTGCACTCCAATG_014,165
GACTGGCGTGCACTCCAATG_015,165
GACTGGCGTGCACTCCAATG_016,63
GACTGGCGTGCACTCCAATG_017,160
GACTGGCGTGCACTCCAATG_018,40
GACTGGCGTGCACTCCAATG_019,78
TAGTAGGTCTGGTCATCGTG_001,124
CACGGCGTAGAACATGCAGA_001,105
CACGGCGTAGAACATGCAGA_002,15
CACGGCGTAGAACATGCAGA_003,76
CACGGCGTAGAACATGCAGA_004,76
CACGGCGTAGAACATGCAGA_005,165
CACGGCGTAGAACATGCAGA_006,96
CACGGCGTAGAACATGCAGA_007,158
CACGGCGTAGAACATGCAGA_008,82
CACGGCGTAGAACATGCAGA_009,178
CACGGCGTAGAACATGCAGA_010,178
CACGGCGTAGAACATGCAGA_011,5
CACGGCGTAGAACATGCAGA_012,47
CACGGCGTAGAACATGCAGA_013,97
CACGGCGTAGAACATGCAGA_014,98
CACGGCGTAGAACATGCAGA_015,145
CACGGCGTAGAACATGCAGA_016,78
CACGGCGTAGAACATGCAGA_017,98
CACGGCGTAGAACATGCAGA_018,159
CACGGCGTAGAACATGCAGA_019,29
CACGGCGTAGAACATGCAGA_020,166
CACGGCGTAGAACATGCAGA_021,12
CACGGCGTAGAACATGCAGA_022,162
CACGGCGTAGAACATGCAGA_023,102
CACGGCGTAGAACATGCAGA_024,50
CACGGCGTAGAACATGCAGA_025,15
CACGGCGTAGAACATGCAGA_026,10
CACGGCGTAGAACATGCAGA_027,178
CACGGCGTAGAACATGCAGA_028,49
CACGGCGTAGAACATGCAGA_029,60
CACGGCGTAGAACATGCAGA_030,142
CACGGCGTAGAACATGCAGA_031,34
TCTTCCGCAAGAGCAAGCAC_001,53
TCTTCCGCAAGAGCAAGCAC_002,149
TCTTCCGCAAGAGCAAGCAC_003,8
TCTTCCGCAAGAGCAAGCAC_004,163
TCTTCCGCAAGAGCAAGCAC_005,115
TCTTCCGCAAGAGCAAGCAC_006,193
GCAGACCTCGAAATGATAGA_001,95
GCAGACCTCGAAATGATAGA_002,92
GCAGACCTCGAAATGATAGA_003,33
GCAGACCTCGAAATGATAGA_004,82
GCAGACCTCGAAATGATAGA_005,60
GCAGACCTCGAAATGATAGA_006,67
GCAGACCTCGAAATGATAGA_007,48
GCAGACCTCGAAATGATAGA_008,118
GCAGACCTCGAAATGATAGA_009,170
GCAGACCTCGAAATGATAGA_010,17
GCAGACCTCGAAATGATAGA_011,119
GCAGACCTCGAAATGATAGA_012,86
GCTGCATAAAAGGACTGGTG_001,147
GCTGCATAAAAGGACTGGTG_002,40
GCTGCATAAAAGGACTGGTG_003,9
GCTGCATAAAAGGACTGGTG_004,142
GCTGCATAAAAGGACTGGTG_005,57
GCTGCATAAAAGGACTGGTG_006,115
GCTGCATAAAAGGACTGGTG_007,168
GCTGCATAAAAGGACTGGTG_008,22
GCTGCATAAAAGGACTGGTG_009,117
GCTGCATAAAAGGACTGGTG_010,21
GCTGCATAAAAGGACTGGTG_011,103
GCTGCATAAAAGGACTGGTG_012,178
GCTGCATAAAAGGACTGGTG_013,146
GCTGCATAAAAGGACTGGTG_014,62
CACTATTGACAACAACAGTG_001,94
CACTATTGACAACAACAGTG_002,34
CACTATTGACAACAACAGTG_003,88
CACTATTGACAACAACAGTG_004,145
CACTATTGACAACAACAGTG_005,118
CACTATTGACAACAACAGTG_006,146
CACTATTGACAACAACAGTG_007,188
CACTATTGACAACAACAGTG_008,86
CACTATTGACAACAACAGTG_009,188
AAGCCACCTACAGCTATCCG_001,70
AAGCCACCTACAGCTATCCG_002,43
AAGCCACCTACAGCTATCCG_003,6
AAGCCACCTACAGCTATCCG_004,23
AAGCCACCTACAGCTATCCG_005,172
AAGCCACCTACAGCTATCCG_006,113
AAGCCACCTACAGCTATCCG_007,40
AAGCCACCTACAGCTATCCG_008,174
AAGCCACCTACAGCTATCCG_009,168
AAGCCACCTACAGCTATCCG_010,191
AAGCCACCTACAGCTATCCG_011,141
AAGCCACCTACAGCTATCCG_012,156
AAGCCACCTACAGCTATCCG_013,107
AAGCCACCTACAGCTATCCG_014,111
AAGCCACCTACAGCTATCCG_015,76
AAGCCACCTACAGCTATCCG_016,76
AAGCCACCTACAGCTATCCG_017,116
AAGCCACCTACAGCTATCCG_018,37
AAGCCACCTACAGCTATCCG_019,92
GGCCGACTACCTCAGAAGAG_001,146
GGCCGACTACCTCAGAAGAG_002,48
GGCCGACTACCTCAGAAGAG_003,150
GGCCGACTACCTCAGAAGAG_004,67
GGCCGACTACCTCAGAAGAG_005,75
GGCCGACTACCTCAGAAGAG_006,30
GGCCGACTACCTCAGAAGAG_007,140
AAAAGTTCTCGACCGTCGAG_001,78
AAAAGTTCTCGACCGTCGAG_002,198
AAAAGTTCTCGACCGTCGAG_003,106
AAAAGTTCTCGACCGTCGAG_004,190
AAAAGTTCTCGACCGTCGAG_005,62
AAAAGTTCTCGACCGTCGAG_006,172
AAAAGTTCTCGACCGTCGAG_007,115
AGACTCTGAGAAACAGAGGG_001,177
AGACTCTGAGAAACAGAGGG_002,69
AGACTCTGAGAAACAGAGGG_003,174
AGACTCTGAGAAACAGAGGG_004,15
AGACTCTGAGAAACAGAGGG_005,4
AGACTCTGAGAAACAGAGGG_006,77
AGACTCTGAGAAACAGAGGG_007,106
AGACTCTGAGAAACAGAGGG_008,77
AGACTCTGAGAAACAGAGGG_009,123
AGACTCTGAGAAACAGAGGG_010,176
AGACTCTGAGAAACAGAGGG_011,146
AGACTCTGAGAAACAGAGGG_012,27
AGACTCTGAGAAACAGAGGG_013,147
AGACTCTGAGAAACAGAGGG_014,106
AGACTCTGAGAAACAGAGGG_015,155
AGACTCTGAGAAACAGAGGG_016,169
AGACTCTGAGAAACAGAGGG_017,127
AGACTCTGAGAAACAGAGGG_018,83
AGACTCTGAGAAACAGAGGG_019,193
AGACTCTGAGAAACAGAGGG_020,1
AGACTCTGAGAAACAGAGGG_021,33
AGACTCTGAGAAACAGAGGG_022,144
AGACTCTGAGAAACAGAGGG_023,19
CAAAATAGAGTTCATTGTCG_001,177
CAAAATAGAGTTCATTGTCG_002,69
CAAAATAGAGTTCATTGTCG_003,39
GTAGGAGAATTTGACCACTC_001,15
GTAGGAGAATTTGACCACTC_002,150
GTAGGAGAATTTGACCACTC_003,20
TTACTGTGGCTCAAGGAGCG_001,159
TTACTGTGGCTCAAGGAGCG_002,162
TTACTGTGGCTCAAGGAGCG_003,183
TTACTGTGGCTCAAGGAGCG_004,158
TTACTGTGGCTCAAGGAGCG_005,98
TTACTGTGGCTCAAGGAGCG_006,176
TTACTGTGGCTCAAGGAGCG_007,148
TTACTGTGGCTCAAGGAGCG_008,162
TTACTGTGGCTCAAGGAGCG_009,76
TTACTGTGGCTCAAGGAGCG_010,70
TTACTGTGGCTCAAGGAGCG_011,173
TTACTGTGGCTCAAGGAGCG_012,58
TTACTGTGGCTCAAGGAGCG_013,141
TTACTGTGGCTCAAGGAGCG_014,41
TTACTGTGGCTCAAGGAGCG_015,78
TTACTGTGGCTCAAGGAGCG_016,67
TTACTGTGGCTCAAGGAGCG_017,124
TTACTGTGGCTCAAGGAGCG_018,141
TTACTGTGGCTCAAGGAGCG_019,31
TTACTGTGGCTCAAGGAGCG_020,177
TTACTGTGGCTCAAGGAGCG_021,178
TTACTGTGGCTCAAGGAGCG_022,44
TTACTGTGGCTCAAGGAGCG_023,84
TTACTGTGGCTCAAGGAGCG_024,137
TTACTGTGGCTCAAGGAGCG_025,40
TTACTGTGGCTCAAGGAGCG_026,18
ATCCTTCAGAGGTCACTGAG_001,12
ATCCTTCAGAGGTCACTGAG_002,6
ATCCTTCAGAGGTCACTGAG_003,191
ATCCTTCAGAGGTCACTGAG_004,197
ATCCTTCAGAGGTCACTGAG_005,149
ATCCTTCAGAGGTCACTGAG_006,40
ATCCTTCAGAGGTCACTGAG_007,10
ATCCTTCAGAGGTCACTGAG_008,121
ATCCTTCAGAGGTCACTGAG_009,49
ATCCTTCAGAGGTCACTGAG_010,159
ATCCTTCAGAGGTCACTGAG_011,69
ATCCTTCAGAGGTCACTGAG_012,12
ATCCTTCAGAGGTCACTGAG_013,50
ATCCTTCAGAGGTCACTGAG_014,52
ATCCTTCAGAGGTCACTGAG_015,138
ATCCTTCAGAGGTCACTGAG_016,168
ATCCTTCAGAGGTCACTGAG_017,191
ATCCTTCAGAGGTCACTGAG_018,191
ATCCTTCAGAGGTCACTGAG_019,130
ATCCTTCAGAGGTCACTGAG_020,2
ATCCTTCAGAGGTCACTGAG_021,138
GCTGTCAGACCACCTGCTGT_001,141
GCTGTCAGACCACCTGCTGT_002,67
GCTGTCAGACCACCTGCTGT_003,12
GCTGTCAGACCACCTGCTGT_004,73
GCTGTCAGACCACCTGCTGT_005,184
GCTGTCAGACCACCTGCTGT_006,94
GCTGTCAGACCACCTGCTGT_007,80
GCTGTCAGACCACCTGCTGT_008,33
GCTGTCAGACCACCTGCTGT_009,68
TAATAGATACGACCATATGT_001,35
TAATAGATACGACCATATGT_002,93
TAATAGATACGACCATATGT_003,144
TAATTGAACGTTCGAACACC_001,69
TAATTGAACGTTCGAACACC_002,26
TGCAGGAGAGTTTAAAGACA_001,72
TGCAGGAGAGTTTAAAGACA_002,183
TGCAGGAGAGTTTAAAGACA_003,94
TGCAGGAGAGTTTAAAGACA_004,65
TGCAGGAGAGTTTAAAGACA_005,106
TGCAGGAGAGTTTAAAGACA_006,117
TGCAGGAGAGTTTAAAGACA_007,1
TGCAGGAGAGTTTAAAGACA_008,185
TGCAGGAGAGTTTAAAGACA_009,37
TGCAGGAGAGTTTAAAGACA_010,138
TTTGACAACAAAGCACACAG_001,29
TTTGACAACAAAGCACACAG_002,109
TTTGACAACAAAGCACACAG_003,43
TTTGACAACAAAGCACACAG_004,6
TTTGACAACAAAGCACACAG_005,160
TTTGACAACAAAGCACACAG_006,156
TTTGACAACAAAGCACACAG_007,70
TTTGACAACAAAGCACACAG_008,150
TTTGACAACAAAGCACACAG_009,150
TTTGACAACAAAGCACACAG_010,105
TTTGACAACAAAGCACACAG_011,188
TTTGACAACAAAGCACACAG_012,90
TTTGACAACAAAGCACACAG_013,43
TTTGACAACAAAGCACACAG_014,160
TTTGACAACAAAGCACACAG_015,129
TTTGACAACAAAGCACACAG_016,158
TTTGACAACAAAGCACACAG_017,36
TTTGACAACAAAGCACACAG_018,56
TTTGACAACAAAGCACACAG_019,32
TTTGACAACAAAGCACACAG_020,32
TTTGACAACAAAGCACACAG_021,61
TTTGACAACAAAGCACACAG_022,63
TTTGACAACAAAGCACACAG_023,120
GATCCCTTGCAACAGCGCTG_001,43
GATCCCTTGCAACAGCGCTG_002,137
GATCCCTTGCAACAGCGCTG_003,59
GATCCCTTGCAACAGCGCTG_004,43
GATCCCTTGCAACAGCGCTG_005,98
GATCCCTTGCAACAGCGCTG_006,12
GATCCCTTGCAACAGCGCTG_007,43
GATCCCTTGCAACAGCGCTG_008,197
GATCCCTTGCAACAGCGCTG_009,181
GATCCCTTGCAACAGCGCTG_010,19
GATCCCTTGCAACAGCGCTG_011,184
GATCCCTTGCAACAGCGCTG_012,48
GATCCCTTGCAACAGCGCTG_013,55
GATCCCTTGCAACAGCGCTG_014,57
GATCCCTTGCAACAGCGCTG_015,5
GATCCCTTGCAACAGCGCTG_016,55
GATCCCTTGCAACAGCGCTG_017,151
GATCCCTTGCAACAGCGCTG_018,193
GATCCCTTGCAACAGCGCTG_019,193
GATCCCTTGCAACAGCGCTG_020,158
GATCCCTTGCAACAGCGCTG_021,174
CCCGTTGAGTAATATAGCCT_001,78
CCCGTTGAGTAATATAGCCT_002,61
GTGCCCTCAGCCAAATACCT_001,186
GTGCCCTCAGCCAAATACCT_002,91
GTGCCCTCAGCCAAATACCT_003,132
GTGCCCTCAGCCAAATACCT_004,52
GTGCCCTCAGCCAAATACCT_005,40
GTGCCCTCAGCCAAATACCT_006,141
GTGCCCTCAGCCAAATACCT_007,140
GTGCCCTCAGCCAAATACCT_008,166
GTGCCCTCAGCCAAATACCT_009,8
GTGCCCTCAGCCAAATACCT_010,2
GTGCCCTCAGCCAAATACCT_011,151
GTGCCCTCAGCCAAATACCT_012,59
GTGCCCTCAGCCAAATACCT_013,82
GTGCCCTCAGCCAAATACCT_014,117
CCCCCAAAATGGATTCTGCG_001,134
CCCCCAAAATGGATTCTGCG_002,158
CCCCCAAAATGGATTCTGCG_003,51
CCCCCAAAATGGATTCTGCG_004,50
CCCCCAAAATGGATTCTGCG_005,137
CCCCCAAAATGGATTCTGCG_006,79
CCCCCAAAATGGATTCTGCG_007,56
CCCCCAAAATGGATTCTGCG_008,148
CCCCCAAAATGGATTCTGCG_009,57
CCCCCAAAATGGATTCTGCG_010,63
TGGGAAGAATAGAGGCAGGT_001,4
TGGGAAGAATAGAGGCAGGT_002,83
TGGGAAGAATAGAGGCAGGT_003,149
TGGGAAGAATAGAGGCAGGT_004,42
TGGGAAGAATAGAGGCAGGT_005,94
TGGGAAGAATAGAGGCAGGT_006,94
TGGGAAGAATAGAGGCAGGT_007,2
TGGGAAGAATAGAGGCAGGT_008,169
TGGGAAGAATAGAGGCAGGT_009,51
AGCTGCAACCCGTCCCACCG_001,59
AGCTGCAACCCGTCCCACCG_002,85
AGCTGCAACCCGTCCCACCG_003,194
AGCTGCAACCCGTCCCACCG_004,199
AGCTGCAACCCGTCCCACCG_005,23
AGCTGCAACCCGTCCCACCG_006,62
AGCTGCAACCCGTCCCACCG_007,78
AGCTGCAACCCGTCCCACCG_008,94
AGCTGCAACCCGTCCCACCG_009,169
AGCTGCAACCCGTCCCACCG_010,35
AGCTGCAACCCGTCCCACCG_011,48
AGCTGCAACCCGTCCCACCG_012,117
AGCTGCAACCCGTCCCACCG_013,29
AGCTGCAACCCGTCCCACCG_014,81
AGCTGCAACCCGTCCCACCG_015,194
AGCTGCAACCCGTCCCACCG_016,198
AGCTGCAACCCGTCCCACCG_017,188
AGCTGCAACCCGTCCCACCG_018,17
AGCTGCAACCCGTCCCACCG_019,17
AGCTGCAACCCGTCCCACCG_020,77
AGCTGCAACCCGTCCCACCG_021,119
AGCTGCAACCCGTCCCACCG_022,189
AGCTGCAACCCGTCCCACCG_023,16
AGCTGCAACCCGTCCCACCG_024,83
AGCTGCAACCCGTCCCACCG_025,70
AGCTGCAACCCGTCCCACCG_026,199
AGCTGCAACCCGTCCCACCG_027,1
AGCTGCAACCCGTCCCACCG_028,56
AGCTGCAACCCGTCCCACCG_029,76
AGCTGCAACCCGTCCCACCG_030,190
AGCTGCAACCCGTCCCACCG_031,185
AGCTGCAACCCGTCCCACCG_032,130
AGCTGCAACCCGTCCCACCG_033,115
AGCTGCAACCCGTCCCACCG_034,76
AGCTGCAACCCGTCCCACCG_035,150
AGCTGCAACCCGTCCCACCG_036,50
AGCTGCAACCCGTCCCACCG_037,50
AGCTGCAACCCGTCCCACCG_038,9
AGCTGCAACCCGTCCCACCG_039,38
AGCTGCAACCCGTCCCACCG_040,65
AGCTGCAACCCGTCCCACCG_041,150
AGCTGCAACCCGTCCCACCG_042,98
AGCTGCAACCCGTCCCACCG_043,35
AGCTGCAACCCGTCCCACCG_044,32
AGCTGCAACCCGTCCCACCG_045,50
AGCTGCAACCCGTCCCACCG_046,50
AGCTGCAACCCGTCCCACCG_047,105
AGCTGCAACCCGTCCCACCG_048,2
AGCTGCAACCCGTCCCACCG_049,162
AGCTGCAACCCGTCCCACCG_050,161
AGCTGCAACCCGTCCCACCG_051,196
AGCTGCAACCCGTCCCACCG_052,65
AGCTGCAACCCGTCCCACCG_053,41
AGCTGCAACCCGTCCCACCG_054,45
AGCTGCAACCCGTCCCACCG_055,150
AGCTGCAACCCGTCCCACCG_056,31
AGCTGCAACCCGTCCCACCG_057,44
AGCTGCAACCCGTCCCACCG_058,41
AGCTGCAACCCGTCCCACCG_059,41
AGCTGCAACCCGTCCCACCG_060,185
AGCTGCAACCCGTCCCACCG_061,41
AGCTGCAACCCGTCCCACCG_062,162
AGCTGCAACCCGTCCCACCG_063,168
AGCTGCAACCCGTCCCACCG_064,38
AGCTGCAACCCGTCCCACCG_065,69
AGCTGCAACCCGTCCCACCG_066,168
AGCTGCAACCCGTCCCACCG_067,138
AGCTGCAACCCGTCCCACCG_068,106
AGCTGCAACCCGTCCCACCG_069,144
AGCTGCAACCCGTCCCACCG_070,170
AGCTGCAACCCGTCCCACCG_071,175
AGCTGCAACCCGTCCCACCG_072,133
AGCTGCAACCCGTCCCACCG_073,56
AGCTGCAACCCGTCCCACCG_074,140
AGCTGCAACCCGTCCCACCG_075,99
CAAAAGTTAAATCTACTACA_001,126
CAAAAGTTAAATCTACTACA_002,84
CAGGAGGTCCCTCTCGACCA_001,145
CAGGAGGTCCCTCTCGACCA_002,146
CAGGAGGTCCCTCTCGACCA_003,138
CAGGAGGTCCCTCTCGACCA_004,9
CAGGAGGTCCCTCTCGACCA_005,49
CAGGAGGTCCCTCTCGACCA_006,58
CAGGAGGTCCCTCTCGACCA_007,168
CAGGAGGTCCCTCTCGACCA_008,182
CAGGAGGTCCCTCTCGACCA_009,61
CAGGAGGTCCCTCTCGACCA_010,191
CAGGAGGTCCCTCTCGACCA_011,7
CAGGAGGTCCCTCTCGACCA_012,1
CAGGAGGTCCCTCTCGACCA_013,93
CAGGAGGTCCCTCTCGACCA_014,94
CAGGAGGTCCCTCTCGACCA_015,78
CAGGAGGTCCCTCTCGACCA_016,6
CAGGAGGTCCCTCTCGACCA_017,78
CAGGAGGTCCCTCTCGACCA_018,102
CAGGAGGTCCCTCTCGACCA_019,56
CAGGAGGTCCCTCTCGACCA_020,144
CAGGAGGTCCCTCTCGACCA_021,108
CAGGAGGTCCCTCTCGACCA_022,28
CAGGAGGTCCCTCTCGACCA_023,152
CAGGAGGTCCCTCTCGACCA_024,3
TGGGACACAGCAATGAGATG_001,71
TGGGACACAGCAATGAGATG_002,187
TGGGACACAGCAATGAGATG_003,112
AGATCCGGGAGATCGCGGAC_001,37
AGATCCGGGAGATCGCGGAC_002,174
AGATCCGGGAGATCGCGGAC_003,12
AGATCCGGGAGATCGCGGAC_004,104
AGATCCGGGAGATCGCGGAC_005,60
AGATCCGGGAGATCGCGGAC_006,102
AGATCCGGGAGATCGCGGAC_007,29
AGATCCGGGAGATCGCGGAC_008,24
AGATCCGGGAGATCGCGGAC_009,29
AGATCCGGGAGATCGCGGAC_010,57
AGATCCGGGAGATCGCGGAC_011,175
AGATCCGGGAGATCGCGGAC_012,56
AGATCCGGGAGATCGCGGAC_013,23
AGATCCGGGAGATCGCGGAC_014,190
AGATCCGGGAGATCGCGGAC_015,39
AGATCCGGGAGATCGCGGAC_016,169
AGATCCGGGAGATCGCGGAC_017,174
CATGATGGGGTACTGCACCG_001,112
CATGATGGGGTACTGCACCG_002,115
CATGATGGGGTACTGCACCG_003,166
CATGATGGGGTACTGCACCG_004,15
CATGATGGGGTACTGCACCG_005,60
CATGATGGGGTACTGCACCG_006,26
CATGATGGGGTACTGCACCG_007,117
CATGATGGGGTACTGCACCG_008,166
CATGATGGGGTACTGCACCG_009,63
CATGATGGGGTACTGCACCG_010,190
CATGATGGGGTACTGCACCG_011,162
CATGATGGGGTACTGCACCG_012,75
CATGATGGGGTACTGCACCG_013,93
CATGATGGGGTACTGCACCG_014,57
CATGATGGGGTACTGCACCG_015,58
CATGATGGGGTACTGCACCG_016,152
CATGATGGGGTACTGCACCG_017,63
CATGATGGGGTACTGCACCG_018,151
CATGATGGGGTACTGCACCG_019,164
CATGATGGGGTACTGCACCG_020,33
CATGATGGGGTACTGCACCG_021,52
CATGATGGGGTACTGCACCG_022,184
CATGATGGGGTACTGCACCG_023,147
CATGATGGGGTACTGCACCG_024,108
CATGATGGGGTACTGCACCG_025,161
CATGATGGGGTACTGCACCG_026,62
GGCATGAGGGAGGTACGTCG_001,80
GGCATGAGGGAGGTACGTCG_002,93
GGCATGAGGGAGGTACGTCG_003,169
GGCATGAGGGAGGTACGTCG_004,71
GGCATGAGGGAGGTACGTCG_005,158
GGCATGAGGGAGGTACGTCG_006,151
GGCATGAGGGAGGTACGTCG_007,8
GGCATGAGGGAGGTACGTCG_008,190
GGCATGAGGGAGGTACGTCG_009,146
GGCATGAGGGAGGTACGTCG_010,176
GGCATGAGGGAGGTACGTCG_011,36
GGCATGAGGGAGGTACGTCG_012,178
GGCATGAGGGAGGTACGTCG_013,57
CTGTATAAGACAATAGAGGT_001,76
CTGTATAAGACAATAGAGGT_002,168
CTGTATAAGACAATAGAGGT_003,54
CTGTATAAGACAATAGAGGT_004,169
CTGTATAAGACAATAGAGGT_005,142
CTGTATAAGACAATAGAGGT_006,151
CTGTATAAGACAATAGAGGT_007,121
CTGTATAAGACAATAGAGGT_008,83
CTGTATAAGACAATAGAGGT_009,48
CTGTATAAGACAATAGAGGT_010,190
CTGTATAAGACAATAGAGGT_011,169
CTGTATAAGACAATAGAGGT_012,99
CTGTATAAGACAATAGAGGT_013,189
AAATGGACGGAATGTTTGTG_001,52
AAATGGACGGAATGTTTGTG_002,147
AAATGGACGGAATGTTTGTG_003,77
AAATGGACGGAATGTTTGTG_004,1
ATTTGTAGTTTGTGCCAACA_001,183
ATTTGTAGTTTGTGCCAACA_002,117
ATTTGTAGTTTGTGCCAACA_003,45
ATTTGTAGTTTGTGCCAACA_004,129
GATGCTATCCAAGAAGCACG_001,191
GATGCTATCCAAGAAGCACG_002,150
GATGCTATCCAAGAAGCACG_003,151
GATGCTATCCAAGAAGCACG_004,17
GGCCTCGCAGAAGGTGTCGT_001,84
GGCCTCGCAGAAGGTGTCGT_002,195
GGCCTCGCAGAAGGTGTCGT_003,104
GGCCTCGCAGAAGGTGTCGT_004,68
GGCCTCGCAGAAGGTGTCGT_005,6
GGCCTCGCAGAAGGTGTCGT_006,1
GGCCTCGCAGAAGGTGTCGT_007,84
GGCCTCGCAGAAGGTGTCGT_008,5
AAGTAGCCTGTATACCAGCA_001,18
AAGTAGCCTGTATACCAGCA_002,52
AAGTAGCCTGTATACCAGCA_003,45
AAGTAGCCTGTATACCAGCA_004,62
AAGTAGCCTGTATACCAGCA_005,5
AAGTAGCCTGTATACCAGCA_006,187
AAGTAGCCTGTATACCAGCA_007,140
TGCATTCCCACAAAAAGGGG_001,147
TGCATTCCCACAAAAAGGGG_002,113
TGCATTCCCACAAAAAGGGG_003,34
TGCATTCCCACAAAAAGGGG_004,142
TGCATTCCCACAAAAAGGGG_005,141
TGCATTCCCACAAAAAGGGG_006,106
TGCATTCCCACAAAAAGGGG_007,5
TGCATTCCCACAAAAAGGGG_008,137
TGCATTCCCACAAAAAGGGG_009,191
TGCATTCCCACAAAAAGGGG_010,160
TGCATTCCCACAAAAAGGGG_011,138
TGCATTCCCACAAAAAGGGG_012,83
TGCATTCCCACAAAAAGGGG_013,110
TGCATTCCCACAAAAAGGGG_014,64
CACTAGACGGCACTGTTAGT_001,41
CACTAGACGGCACTGTTAGT_002,102
CACTAGACGGCACTGTTAGT_003,117
CACTAGACGGCACTGTTAGT_004,181
CACTAGACGGCACTGTTAGT_005,94
CACTAGACGGCACTGTTAGT_006,1
CACTAGACGGCACTGTTAGT_007,88
CACTAGACGGCACTGTTAGT_008,88
CACTAGACGGCACTGTTAGT_009,69
CACTAGACGGCACTGTTAGT_010,109
CACTAGACGGCACTGTTAGT_011,142
CTGGTCGTGGAGTACAGCAG_001,41
CTGGTCGTGGAGTACAGCAG_002,158
CTGGTCGTGGAGTACAGCAG_003,170
CTGGTCGTGGAGTACAGCAG_004,81
CTGGTCGTGGAGTACAGCAG_005,78
CTGGTCGTGGAGTACAGCAG_006,160
CTGGTCGTGGAGTACAGCAG_007,145
CTGGTCGTGGAGTACAGCAG_008,94
CTGGTCGTGGAGTACAGCAG_009,125
CTGGTCGTGGAGTACAGCAG_010,178
CTGGTCGTGGAGTACAGCAG_011,178
CTGGTCGTGGAGTACAGCAG_012,169
CTGGTCGTGGAGTACAGCAG_013,16
CTGGTCGTGGAGTACAGCAG_014,12
CTGGTCGTGGAGTACAGCAG_015,197
CTGGTCGTGGAGTACAGCAG_016,86
CTGGTCGTGGAGTACAGCAG_017,29
CTGGTCGTGGAGTACAGCAG_018,38
CTGGTCGTGGAGTACAGCAG_019,120
CTGGTCGTGGAGTACAGCAG_020,191
CTGGTCGTGGAGTACAGCAG_021,117
CTGGTCGTGGAGTACAGCAG_022,103
CTGGTCGTGGAGTACAGCAG_023,187
CTGGTCGTGGAGTACAGCAG_024,126
AGTTTATGGACAAGGTGTGG_001,2
AGTTTATGGACAAGGTGTGG_002,169
AGTTTATGGACAAGGTGTGG_003,94
AGTTTATGGACAAGGTGTGG_004,106
AGTTTATGGACAAGGTGTGG_005,35
AGTTTATGGACAAGGTGTGG_006,63
AGTTTATGGACAAGGTGTGG_007,65
CATGATGGTGGTGTAATGCA_001,166
CATGATGGTGGTGTAATGCA_002,83
CATGATGGTGGTGTAATGCA_003,155
CATGATGGTGGTGTAATGCA_004,12
CATGATGGTGGTGTAATGCA_005,115
CATGATGGTGGTGTAATGCA_006,145
CATGATGGTGGTGTAATGCA_007,151
CATGATGGTGGTGTAATGCA_008,173
CATGATGGTGGTGTAATGCA_009,173
CATGATGGTGGTGTAATGCA_010,173
CATGATGGTGGTGTAATGCA_011,180
ACGTAAACAGAACCACGACG_001,0
ACGTAAACAGAACCACGACG_002,174
ACGTAAACAGAACCACGACG_003,98
ACGTAAACAGAACCACGACG_004,81
ACGTAAACAGAACCACGACG_005,121
ACGTAAACAGAACCACGACG_006,137
ACGTAAACAGAACCACGACG_007,184
ACGTAAACAGAACCACGACG_008,73
ACGTAAACAGAACCACGACG_009,112
ACGTAAACAGAACCACGACG_010,17
ACGTAAACAGAACCACGACG_011,141
ACGTAAACAGAACCACGACG_012,198
GCATGGATGAGAGCTGCTTG_001,121
GCATGGATGAGAGCTGCTTG_002,94
GCATGGATGAGAGCTGCTTG_003,120
GCATGGATGAGAGCTGCTTG_004,166
GCATGGATGAGAGCTGCTTG_005,166
GCATGGATGAGAGCTGCTTG_006,36
GCATGGATGAGAGCTGCTTG_007,55
GCATGGATGAGAGCTGCTTG_008,55
GCATGGATGAGAGCTGCTTG_009,0
GCATGGATGAGAGCTGCTTG_010,43
GCATGGATGAGAGCTGCTTG_011,70
GCATGGATGAGAGCTGCTTG_012,145
GCATGGATGAGAGCTGCTTG_013,88
GCATGGATGAGAGCTGCTTG_014,110
GCATGGATGAGAGCTGCTTG_015,161
GCATGGATGAGAGCTGCTTG_016,75
GCATGGATGAGAGCTGCTTG_017,106
GCATGGATGAGAGCTGCTTG_018,169
GCATGGATGAGAGCTGCTTG_019,116
GCATGGATGAGAGCTGCTTG_020,74
GCATGGATGAGAGCTGCTTG_021,113
GCATGGATGAGAGCTGCTTG_022,77
GCATGGATGAGAGCTGCTTG_023,184
GCATGGATGAGAGCTGCTTG_024,83
GCATGGATGAGAGCTGCTTG_025,147
GCATGGATGAGAGCTGCTTG_026,57
GCATGGATGAGAGCTGCTTG_027,52
GCATGGATGAGAGCTGCTTG_028,52
GCATGGATGAGAGCTGCTTG_029,177
CATGTCTGACAAACCCGATA_001,78
CATGTCTGACAAACCCGATA_002,149
CATGTCTGACAAACCCGATA_003,120
CATGTCTGACAAACCCGATA_004,75
GAAGACATGTGCAATTACAG_001,60
GAAGACATGTGCAATTACAG_002,163
GAAGACATGTGCAATTACAG_003,31
GAAGACATGTGCAATTACAG_004,177
GAAGACATGTGCAATTACAG_005,166
GAAGACATGTGCAATTACAG_006,127
GCTGGCCGGCCAGGTCAATG_001,129
GCTGGCCGGCCAGGTCAATG_002,196
GCTGGCCGGCCAGGTCAATG_003,29
GCTGGCCGGCCAGGTCAATG_004,40
GCTGGCCGGCCAGGTCAATG_005,181
GCTGGCCGGCCAGGTCAATG_006,120
GCTGGCCGGCCAGGTCAATG_007,150
GCTGGCCGGCCAGGTCAATG_008,161
GCTGGCCGGCCAGGTCAATG_009,161
GCTGGCCGGCCAGGTCAATG_010,197
GCTGGCCGGCCAGGTCAATG_011,76
GCTGGCCGGCCAGGTCAATG_012,149
GCTGGCCGGCCAGGTCAATG_013,49
GCTGGCCGGCCAGGTCAATG_014,178
GCTGGCCGGCCAGGTCAATG_015,174
GCTGGCCGGCCAGGTCAATG_016,148
GCTGGCCGGCCAGGTCAATG_017,148
GCTGGCCGGCCAGGTCAATG_018,40
GCTGGCCGGCCAGGTCAATG_019,16
GCTGGCCGGCCAGGTCAATG_020,194
GCTGGCCGGCCAGGTCAATG_021,12
GCTGGCCGGCCAGGTCAATG_022,47
GCTGGCCGGCCAGGTCAATG_023,130
GCTGGCCGGCCAGGTCAATG_024,115
GCTGGCCGGCCAGGTCAATG_025,23
GCTGGCCGGCCAGGTCAATG_026,23
GCTGGCCGGCCAGGTCAATG_027,134
GCTGGCCGGCCAGGTCAATG_028,27
GCTGGCCGGCCAGGTCAATG_029,130
GCTGGCCGGCCAGGTCAATG_030,46
AGGAAATGGAAGACACACAA_001,77
AGGAAATGGAAGACACACAA_002,120
AGGAAATGGAAGACACACAA_003,146
AGGAAATGGAAGACACACAA_004,94
AGGAAATGGAAGACACACAA_005,106
AGGAAATGGAAGACACACAA_006,58
AGGAAATGGAAGACACACAA_007,144
AGGAAATGGAAGACACACAA_008,24
AGGAAATGGAAGACACACAA_009,146
CTTCAACTGTCGGAAACTGG_001,37
CTTCAACTGTCGGAAACTGG_002,6
CTTCAACTGTCGGAAACTGG_003,70
CTTCAACTGTCGGAAACTGG_004,134
CTTCAACTGTCGGAAACTGG_005,40
CTTCAACTGTCGGAAACTGG_006,176
CTTCAACTGTCGGAAACTGG_007,147
CTTCAACTGTCGGAAACTGG_008,78
GCAGGGCGCTCACGTCGTAG_001,88
GCAGGGCGCTCACGTCGTAG_002,98
GCAGGGCGCTCACGTCGTAG_003,98
GCAGGGCGCTCACGTCGTAG_004,17
GCAGGGCGCTCACGTCGTAG_005,102
GCAGGGCGCTCACGTCGTAG_006,130
GCAGGGCGCTCACGTCGTAG_007,42
GCAGGGCGCTCACGTCGTAG_008,176
GCAGGGCGCTCACGTCGTAG_009,144
GCAGGGCGCTCACGTCGTAG_010,32
GCAGGGCGCTCACGTCGTAG_011,153
GCAGGGCGCTCACGTCGTAG_012,118
GCAGGGCGCTCACGTCGTAG_013,49
GCAGGGCGCTCACGTCGTAG_014,157
GGAGAAACTAACCAGTTAGG_001,67
GGAGAAACTAACCAGTTAGG_002,65
GGAGAAACTAACCAGTTAGG_003,41
TGCGCGAGTTGGTACACACG_001,42
TGCGCGAGTTGGTACACACG_002,19
CCGGCCGGCCAGGGTCAACG_001,170
CCGGCCGGCCAGGGTCAACG_002,133
CCGGCCGGCCAGGGTCAACG_003,62
CCGGCCGGCCAGGGTCAACG_004,119
CCGGCCGGCCAGGGTCAACG_005,149
CCGGCCGGCCAGGGTCAACG_006,132
CCGGCCGGCCAGGGTCAACG_007,174
CCGGCCGGCCAGGGTCAACG_008,26
CCGGCCGGCCAGGGTCAACG_009,93
CCGGCCGGCCAGGGTCAACG_010,93
CCGGCCGGCCAGGGTCAACG_011,40
CCGGCCGGCCAGGGTCAACG_012,177
CCGGCCGGCCAGGGTCAACG_013,93
CCGGCCGGCCAGGGTCAACG_014,41
CCGGCCGGCCAGGGTCAACG_015,52
CCGGCCGGCCAGGGTCAACG_016,81
CCGGCCGGCCAGGGTCAACG_017,71
CCGGCCGGCCAGGGTCAACG_018,27
CCGGCCGGCCAGGGTCAACG_019,80
CCGGCCGGCCAGGGTCAACG_020,88
CCGGCCGGCCAGGGTCAACG_021,28
CTGCACCCGGAAGACGCTGA_001,19
CTGCACCCGGAAGACGCTGA_002,34
CTGCACCCGGAAGACGCTGA_003,88
CTGCACCCGGAAGACGCTGA_004,116
GATGAGCAAGAACTTACCTG_001,94
GATGAGCAAGAACTTACCTG_002,1
GATGAGCAAGAACTTACCTG_003,178
GATGAGCAAGAACTTACCTG_004,1
GATGAGCAAGAACTTACCTG_005,60
GATGAGCAAGAACTTACCTG_006,77
GATGAGCAAGAACTTACCTG_007,124
ACAATCCGAACAGCTATTTG_001,198
ACAATCCGAACAGCTATTTG_002,9
ACAATCCGAACAGCTATTTG_003,65
ACAATCCGAACAGCTATTTG_004,179
ACAATCCGAACAGCTATTTG_005,156
ACAATCCGAACAGCTATTTG_006,197
ACAATCCGAACAGCTATTTG_007,68
ACAATCCGAACAGCTATTTG_008,88
ACAATCCGAACAGCTATTTG_009,149
TGTGGACAGAGCACCAATAC_001,52
TGTGGACAGAGCACCAATAC_002,70
TGTGGACAGAGCACCAATAC_003,115
TGTGGACAGAGCACCAATAC_004,127
TATCTGGCTGCACAATGAGA_001,33
CGTAGACCAGGATGTAGGCG_001,85
CGTAGACCAGGATGTAGGCG_002,3
CGTAGACCAGGATGTAGGCG_003,139
CGTAGACCAGGATGTAGGCG_004,194
CGTAGACCAGGATGTAGGCG_005,94
GTGTCGAGTACTACTACCTG_001,105
GTGTCGAGTACTACTACCTG_002,176
GTGTCGAGTACTACTACCTG_003,19
AAAGAGCACTTGGTAATCGG_001,47
AAAGAGCACTTGGTAATCGG_002,97
AAAGAGCACTTGGTAATCGG_003,172
AAAGAGCACTTGGTAATCGG_004,25
AAAGAGCACTTGGTAATCGG_005,130
AAAGAGCACTTGGTAATCGG_006,98
AAAGAGCACTTGGTAATCGG_007,112
AAAGAGCACTTGGTAATCGG_008,9
AAAGAGCACTTGGTAATCGG_009,1
AAAGAGCACTTGGTAATCGG_010,75
AAAGAGCACTTGGTAATCGG_011,84
AAAGAGCACTTGGTAATCGG_012,152
AAAGAGCACTTGGTAATCGG_013,14
AAAGAGCACTTGGTAATCGG_014,14
AAAGAGCACTTGGTAATCGG_015,58
AAAGAGCACTTGGTAATCGG_016,3
AAAGAGCACTTGGTAATCGG_017,63
AAAGAGCACTTGGTAATCGG_018,106
AAAGAGCACTTGGTAATCGG_019,162
AAAGAGCACTTGGTAATCGG_020,137
AAAGAGCACTTGGTAATCGG_021,144
AAAGAGCACTTGGTAATCGG_022,138
AAAGAGCACTTGGTAATCGG_023,63
AAAGAGCACTTGGTAATCGG_024,23
TCAGAACTAGAGCCGGCACA_001,11
TCAGAACTAGAGCCGGCACA_002,38
TCAGAACTAGAGCCGGCACA_003,30
TCAGAACTAGAGCCGGCACA_004,94
TCAGAACTAGAGCCGGCACA_005,47
TCAGAACTAGAGCCGGCACA_006,178
TCAGAACTAGAGCCGGCACA_007,121
TCAGAACTAGAGCCGGCACA_008,158
AGGAGTGGCCGTACTGCTGT_001,19
AGGAGTGGCCGTACTGCTGT_002,1
AGGCCTTATCCCCGCCGGTG_001,94
AGGCCTTATCCCCGCCGGTG_002,106
AGGCCTTATCCCCGCCGGTG_003,25
AGGCCTTATCCCCGCCGGTG_004,170
AGGCCTTATCCCCGCCGGTG_005,170
AGGCCTTATCCCCGCCGGTG_006,133
AGGCCTTATCCCCGCCGGTG_007,72
AGGCCTTATCCCCGCCGGTG_008,154
AGGCCTTATCCCCGCCGGTG_009,69
AGGCCTTATCCCCGCCGGTG_010,120
AGGCCTTATCCCCGCCGGTG_011,68
AGGCCTTATCCCCGCCGGTG_012,162
AGGCCTTATCCCCGCCGGTG_013,86
AGGCCTTATCCCCGCCGGTG_014,47
AGGCCTTATCCCCGCCGGTG_015,73
AGGCCTTATCCCCGCCGGTG_016,199
AGGCCTTATCCCCGCCGGTG_017,58
AGGCCTTATCCCCGCCGGTG_018,57
AGGCCTTATCCCCGCCGGTG_019,104
AGGCCTTATCCCCGCCGGTG_020,140
AGGCCTTATCCCCGCCGGTG_021,77
AGGCCTTATCCCCGCCGGTG_022,105
AGGCCTTATCCCCGCCGGTG_023,137
AGGCCTTATCCCCGCCGGTG_024,40
AGGCCTTATCCCCGCCGGTG_025,122
AGGCCTTATCCCCGCCGGTG_026,6
AGGCCTTATCCCCGCCGGTG_027,29
AGGCCTTATCCCCGCCGGTG_028,46
AGGCCTTATCCCCGCCGGTG_029,138
AGGCCTTATCCCCGCCGGTG_030,43
AGGCCTTATCCCCGCCGGTG_031,88
GCACCGTGAAATTCGTGTGC_001,102
GCACCGTGAAATTCGTGTGC_002,121
GCACCGTGAAATTCGTGTGC_003,12
GCACCGTGAAATTCGTGTGC_004,159
GCACCGTGAAATTCGTGTGC_005,107
GCACCGTGAAATTCGTGTGC_006,30
GCACCGTGAAATTCGTGTGC_007,147
GCACCGTGAAATTCGTGTGC_008,98
GCACCGTGAAATTCGTGTGC_009,147
GCACCGTGAAATTCGTGTGC_010,34
GCACCGTGAAATTCGTGTGC_011,68
GCACCGTGAAATTCGTGTGC_012,106
GCACCGTGAAATTCGTGTGC_013,142
TGGTATGTGAAGCAGTGCGG_001,130
TGGTATGTGAAGCAGTGCGG_002,183
TGGTATGTGAAGCAGTGCGG_003,61
TGGTATGTGAAGCAGTGCGG_004,29
TGGTATGTGAAGCAGTGCGG_005,78
TGGTATGTGAAGCAGTGCGG_006,65
TGGTATGTGAAGCAGTGCGG_007,29
TGGTATGTGAAGCAGTGCGG_008,172
TGGTATGTGAAGCAGTGCGG_009,113
TGGTATGTGAAGCAGTGCGG_010,72
CTCGCCCTCAGAATGCAGAG_001,182
CTCGCCCTCAGAATGCAGAG_002,197
CTCGCCCTCAGAATGCAGAG_003,140
CTCGCCCTCAGAATGCAGAG_004,140
CTCGCCCTCAGAATGCAGAG_005,191
CTCGCCCTCAGAATGCAGAG_006,137
CTCGCCCTCAGAATGCAGAG_007,142
CTTCTGGTACAGTCCAACCA_001,9
CTTCTGGTACAGTCCAACCA_002,50
CTTCTGGTACAGTCCAACCA_003,137
CTTCTGGTACAGTCCAACCA_004,50
CTTCTGGTACAGTCCAACCA_005,124
CTTCTGGTACAGTCCAACCA_006,168
CTTCTGGTACAGTCCAACCA_007,142
ATGTTTACGACTTGCTCAGC_001,150
ATGTTTACGACTTGCTCAGC_002,4
ATGTTTACGACTTGCTCAGC_003,43
ATGTTTACGACTTGCTCAGC_004,141
ATGTTTACGACTTGCTCAGC_005,150
TGCCTGAAGTGCGAGAAATG_001,29
TGCCTGAAGTGCGAGAAATG_002,191
TGCCTGAAGTGCGAGAAATG_003,62
TGCCTGAAGTGCGAGAAATG_004,50
TGCCTGAAGTGCGAGAAATG_005,172
TGCCTGAAGTGCGAGAAATG_006,0
TGCCTGAAGTGCGAGAAATG_007,174
TGCCTGAAGTGCGAGAAATG_008,9
TGCCTGAAGTGCGAGAAATG_009,94
TGCCTGAAGTGCGAGAAATG_010,175
TGCCTGAAGTGCGAGAAATG_011,35
TGCCTGAAGTGCGAGAAATG_012,97
TGCCTGAAGTGCGAGAAATG_013,119
TGCCTGAAGTGCGAGAAATG_014,195
TGCCTGAAGTGCGAGAAATG_015,174
TGCCTGAAGTGCGAGAAATG_016,135
TGCCTGAAGTGCGAGAAATG_017,134
TGCCTGAAGTGCGAGAAATG_018,49
TGCCTGAAGTGCGAGAAATG_019,126
TGCCTGAAGTGCGAGAAATG_020,12
TGCCTGAAGTGCGAGAAATG_021,93
TGCCTGAAGTGCGAGAAATG_022,70
TGCCTGAAGTGCGAGAAATG_023,178
TGCCTGAAGTGCGAGAAATG_024,160
TCAGTGGGCTCCTGGACCTA_001,27
TCAGTGGGCTCCTGGACCTA_002,158
TCAGTGGGCTCCTGGACCTA_003,58
TCAGTGGGCTCCTGGACCTA_004,68
CGTATTTGAGCTGCCTGCAA_001,178
CGTATTTGAGCTGCCTGCAA_002,58
CGTATTTGAGCTGCCTGCAA_003,165
GATGAAGAACTACACGTCGG_001,185
GATGAAGAACTACACGTCGG_002,38
GATGAAGAACTACACGTCGG_003,74
GATGAAGAACTACACGTCGG_004,29
GATGAAGAACTACACGTCGG_005,9
GATGAAGAACTACACGTCGG_006,138
GATGAAGAACTACACGTCGG_007,38
GATGAAGAACTACACGTCGG_008,170
GATGAAGAACTACACGTCGG_009,192
GATGAAGAACTACACGTCGG_010,31
GATGAAGAACTACACGTCGG_011,125
GATGAAGAACTACACGTCGG_012,147
GATGAAGAACTACACGTCGG_013,169
GATGAAGAACTACACGTCGG_014,0
GATGAAGAACTACACGTCGG_015,8
GATGAAGAACTACACGTCGG_016,150
CTCTACGTGGACAAGTCGCG_001,84
CTCTACGTGGACAAGTCGCG_002,83
CTCTACGTGGACAAGTCGCG_003,43
CTCTACGTGGACAAGTCGCG_004,172
CTCTACGTGGACAAGTCGCG_005,4
CTCTACGTGGACAAGTCGCG_006,117
CTCTACGTGGACAAGTCGCG_007,180
CTCTACGTGGACAAGTCGCG_008,110
CTCTACGTGGACAAGTCGCG_009,45
CTCTACGTGGACAAGTCGCG_010,149
CTCTACGTGGACAAGTCGCG_011,22
CTCTACGTGGACAAGTCGCG_012,14
CTCTACGTGGACAAGTCGCG_013,44
CTCTACGTGGACAAGTCGCG_014,12
CTCTACGTGGACAAGTCGCG_015,10
CTCTACGTGGACAAGTCGCG_016,157
CTCTACGTGGACAAGTCGCG_017,68
TAATAGTCAGCACAACATCG_001,198
TAATAGTCAGCACAACATCG_002,74
TAATAGTCAGCACAACATCG_003,183
TAATAGTCAGCACAACATCG_004,183
TAATAGTCAGCACAACATCG_005,177
TAATAGTCAGCACAACATCG_006,81
TAATAGTCAGCACAACATCG_007,162
TAATAGTCAGCACAACATCG_008,48
CCCTGTGAAGGAGGCGTAAG_001,60
CCCTGTGAAGGAGGCGTAAG_002,107
CCCTGTGAAGGAGGCGTAAG_003,0
CCCTGTGAAGGAGGCGTAAG_004,22
CCCTGTGAAGGAGGCGTAAG_005,20
CCCTGTGAAGGAGGCGTAAG_006,75
CCCTGTGAAGGAGGCGTAAG_007,14
CCCTGTGAAGGAGGCGTAAG_008,177
CCCTGTGAAGGAGGCGTAAG_009,177
CCCTGTGAAGGAGGCGTAAG_010,161
CCCTGTGAAGGAGGCGTAAG_011,80
CCCTGTGAAGGAGGCGTAAG_012,15
CCCTGTGAAGGAGGCGTAAG_013,70
CCCTGTGAAGGAGGCGTAAG_014,82
CCCTGTGAAGGAGGCGTAAG_015,98
CCCTGTGAAGGAGGCGTAAG_016,81
CCCTGTGAAGGAGGCGTAAG_017,199
CCCTGTGAAGGAGGCGTAAG_018,82
CCCTGTGAAGGAGGCGTAAG_019,49
CCCTGTGAAGGAGGCGTAAG_020,174
CCCTGTGAAGGAGGCGTAAG_021,79
CCCTGTGAAGGAGGCGTAAG_022,91
CCCTGTGAAGGAGGCGTAAG_023,3
CCCTGTGAAGGAGGCGTAAG_024,19
CCCTGTGAAGGAGGCGTAAG_025,177
CCCTGTGAAGGAGGCGTAAG_026,198
CCCTGTGAAGGAGGCGTAAG_027,137
CCCTGTGAAGGAGGCGTAAG_028,9
CCCTGTGAAGGAGGCGTAAG_029,116
CCCTGTGAAGGAGGCGTAAG_030,98
CCCTGTGAAGGAGGCGTAAG_031,197
CCCTGTGAAGGAGGCGTAAG_032,15
CCCTGTGAAGGAGGCGTAAG_033,55
TCTACGATAAGTGATCTCAA_001,175
TCTACGATAAGTGATCTCAA_002,162
TCTACGATAAGTGATCTCAA_003,17
GCAAATCGCTTTCAAAAACC_001,157
GCAAATCGCTTTCAAAAACC_002,125
GCAAATCGCTTTCAAAAACC_003,29
GCAAATCGCTTTCAAAAACC_004,191
GCTCTTGAAATGGCATCCAA_001,28
GCTCTTGAAATGGCATCCAA_002,42
GCTCTTGAAATGGCATCCAA_003,13
GCTCTTGAAATGGCATCCAA_004,35
GCTCTTGAAATGGCATCCAA_005,94
GCTCTTGAAATGGCATCCAA_006,14
GCTCTTGAAATGGCATCCAA_007,38
GCTCTTGAAATGGCATCCAA_008,175
GCTCTTGAAATGGCATCCAA_009,84
GTACAAACTTCCTGTACAGG_001,12
GGAGTGGTTTCTGTATGACA_001,60
GGAGTGGTTTCTGTATGACA_002,82
GGAGTGGTTTCTGTATGACA_003,134
GCAAGGGGCAGATCGAGAAG_001,59
GCAAGGGGCAGATCGAGAAG_002,61
GCAAGGGGCAGATCGAGAAG_003,147
GCAAGGGGCAGATCGAGAAG_004,8
GCAAGGGGCAGATCGAGAAG_005,19
GGTGCCCGCCAGTATGACCA_001,147
GGTGCCCGCCAGTATGACCA_002,149
GGTGCCCGCCAGTATGACCA_003,102
GGTGCCCGCCAGTATGACCA_004,46
GGTGCCCGCCAGTATGACCA_005,61
GGATACTCACGGTGTAAAGC_001,50
GGATACTCACGGTGTAAAGC_002,165
GGATACTCACGGTGTAAAGC_003,94
GCCCTGTGACCTAATCCATG_001,175
GCCCTGTGACCTAATCCATG_002,186
GCCCTGTGACCTAATCCATG_003,0
GCCCTGTGACCTAATCCATG_004,186
GCCCTGTGACCTAATCCATG_005,16
GCCCTGTGACCTAATCCATG_006,116
GCCCTGTGACCTAATCCATG_007,197
GCCCTGTGACCTAATCCATG_008,78
GCCCTGTGACCTAATCCATG_009,153
GCCCTGTGACCTAATCCATG_010,162
GCCCTGTGACCTAATCCATG_011,17
GCCCTGTGACCTAATCCATG_012,138
GCCCTGTGACCTAATCCATG_013,191
GCCCTGTGACCTAATCCATG_014,17
GCCCTGTGACCTAATCCATG_015,27
GCCCTGTGACCTAATCCATG_016,49
GCCCTGTGACCTAATCCATG_017,66
GCCCTGTGACCTAATCCATG_018,138
TGTTATATATGGGTTCAGAG_001,94
TGTTATATATGGGTTCAGAG_002,138
TGTTATATATGGGTTCAGAG_003,139
TGTTATATATGGGTTCAGAG_004,150
TGTTATATATGGGTTCAGAG_005,115
TGTTATATATGGGTTCAGAG_006,70
TGCCCAATGTAATGTGACGC_001,15
TGCCCAATGTAATGTGACGC_002,132
TGCCCAATGTAATGTGACGC_003,105
TGCCCAATGTAATGTGACGC_004,20
TGCCCAATGTAATGTGACGC_005,188
TGCCCAATGTAATGTGACGC_006,56
TGCCCAATGTAATGTGACGC_007,22
GCAGCAAACTCTTCAGGACA_001,172
GCAGCAAACTCTTCAGGACA_002,19
GCAGCAAACTCTTCAGGACA_003,159
AACAGGAAACGTGACTAAAG_001,48
AACAGGAAACGTGACTAAAG_002,176
AACAGGAAACGTGACTAAAG_003,105
AACAGGAAACGTGACTAAAG_004,0
AACAGGAAACGTGACTAAAG_005,61
AACAGGAAACGTGACTAAAG_006,46
AACAGGAAACGTGACTAAAG_007,170
AACAGGAAACGTGACTAAAG_008,147
AACAGGAAACGTGACTAAAG_009,35
AACAGGAAACGTGACTAAAG_010,196
AACAGGAAACGTGACTAAAG_011,98
AACAGGAAACGTGACTAAAG_012,148
AACAGGAAACGTGACTAAAG_013,62
AACAGGAAACGTGACTAAAG_014,134
AACAGGAAACGTGACTAAAG_015,41
AACAGGAAACGTGACTAAAG_016,57
AACAGGAAACGTGACTAAAG_017,180
AACAGGAAACGTGACTAAAG_018,34
AACAGGAAACGTGACTAAAG_019,88
AACAGGAAACGTGACTAAAG_020,76
AACAGGAAACGTGACTAAAG_021,50
AACAGGAAACGTGACTAAAG_022,56
AACAGGAAACGTGACTAAAG_023,3
AACAGGAAACGTGACTAAAG_024,98
AACAGGAAACGTGACTAAAG_025,132
AACAGGAAACGTGACTAAAG_026,107
GCTTCCGGATCCTTGGTCTG_001,48
GCTTCCGGATCCTTGGTCTG_002,70
GCTTCCGGATCCTTGGTCTG_003,11
GCTTCCGGATCCTTGGTCTG_004,157
GCTTCCGGATCCTTGGTCTG_005,149
GCTTCCGGATCCTTGGTCTG_006,140
GCTTCCGGATCCTTGGTCTG_007,50
GCTTCCGGATCCTTGGTCTG_008,141
GCTTCCGGATCCTTGGTCTG_009,17
GCTTCCGGATCCTTGGTCTG_010,17
GCTTCCGGATCCTTGGTCTG_011,189
GCTTCCGGATCCTTGGTCTG_012,139
GCTTCCGGATCCTTGGTCTG_013,144
GCTTCCGGATCCTTGGTCTG_014,65
GCTTCCGGATCCTTGGTCTG_015,63
GCTTCCGGATCCTTGGTCTG_016,10
GTGAGCGGATAAGTCAAAGT_001,190
GTGAGCGGATAAGTCAAAGT_002,115
GTGAGCGGATAAGTCAAAGT_003,106
GTGAGCGGATAAGTCAAAGT_004,49
GTGAGCGGATAAGTCAAAGT_005,11
CTGAGGAAACTGCCTCCATG_001,107
CTGAGGAAACTGCCTCCATG_002,34
CTGAGGAAACTGCCTCCATG_003,105
CTGAGGAAACTGCCTCCATG_004,17
CTGAGGAAACTGCCTCCATG_005,79
CTGAGGAAACTGCCTCCATG_006,1
CTGAGGAAACTGCCTCCATG_007,108
CTGAGGAAACTGCCTCCATG_008,160
CTGAGGAAACTGCCTCCATG_009,151
CTGAGGAAACTGCCTCCATG_010,50
CTGAGGAAACTGCCTCCATG_011,62
CTGAGGAAACTGCCTCCATG_012,79
CTGAGGAAACTGCCTCCATG_013,170
TTGAGGAAGATCACGTTAAG_001,191
TTGAGGAAGATCACGTTAAG_002,127
TTGAGGAAGATCACGTTAAG_003,78
TTGAGGAAGATCACGTTAAG_004,34
TTGAGGAAGATCACGTTAAG_005,162
TTGAGGAAGATCACGTTAAG_006,134
TTGAGGAAGATCACGTTAAG_007,19
TTGAGGAAGATCACGTTAAG_008,33
TTGAGGAAGATCACGTTAAG_009,74
CTTCGCAGTTCTCCCAGATG_001,10
CTTCGCAGTTCTCCCAGATG_002,164
CTTCGCAGTTCTCCCAGATG_003,130
GTATTCAAAACTGTATAAGG_001,19
GTATTCAAAACTGTATAAGG_002,12
GTATTCAAAACTGTATAAGG_003,9
TGTGAAAGGCCAGTCAGAGA_001,61
TGTGAAAGGCCAGTCAGAGA_002,125
TGTGAAAGGCCAGTCAGAGA_003,138
TGTGAAAGGCCAGTCAGAGA_004,169
TGTGAAAGGCCAGTCAGAGA_005,45
TGTGAAAGGCCAGTCAGAGA_006,77
AGTGACTACTGGGCTCGTGG_001,69
AGTGACTACTGGGCTCGTGG_002,147
AGTGACTACTGGGCTCGTGG_003,29
AGTGACTACTGGGCTCGTGG_004,91
AGTGACTACTGGGCTCGTGG_005,182
AGTGACTACTGGGCTCGTGG_006,147
AGTGACTACTGGGCTCGTGG_007,153
GGACGCTGAGCAGAGTCCTG_001,49
GGACGCTGAGCAGAGTCCTG_002,119
GGACGCTGAGCAGAGTCCTG_003,80
GGACGCTGAGCAGAGTCCTG_004,111
GGACGCTGAGCAGAGTCCTG_005,9
GGACGCTGAGCAGAGTCCTG_006,30
GGACGCTGAGCAGAGTCCTG_007,163
GGACGCTGAGCAGAGTCCTG_008,18
GGACGCTGAGCAGAGTCCTG_009,113
GGACGCTGAGCAGAGTCCTG_010,104
GGACGCTGAGCAGAGTCCTG_011,83
GGACGCTGAGCAGAGTCCTG_012,137
GGACGCTGAGCAGAGTCCTG_013,33
GGACGCTGAGCAGAGTCCTG_014,3
GGACGCTGAGCAGAGTCCTG_015,88
GGACGCTGAGCAGAGTCCTG_016,26
GGACGCTGAGCAGAGTCCTG_017,125
GGACGCTGAGCAGAGTCCTG_018,144
GGACGCTGAGCAGAGTCCTG_019,177
GGACGCTGAGCAGAGTCCTG_020,77
GGACGCTGAGCAGAGTCCTG_021,106
GGACGCTGAGCAGAGTCCTG_022,118
CGTGTCACACAACTGCCCAA_001,191
CGTGTCACACAACTGCCCAA_002,105
CGTGTCACACAACTGCCCAA_003,17
CGTGTCACACAACTGCCCAA_004,77
CGTGTCACACAACTGCCCAA_005,107
CGTGTCACACAACTGCCCAA_006,174
CGTGTCACACAACTGCCCAA_007,168
CGTGTCACACAACTGCCCAA_008,115
CGTGTCACACAACTGCCCAA_009,78
CGTGTCACACAACTGCCCAA_010,191
CGTGTCACACAACTGCCCAA_011,27
CGTGTCACACAACTGCCCAA_012,119
CGTGTCACACAACTGCCCAA_013,159
CGTGTCACACAACTGCCCAA_014,72
CGTGTCACACAACTGCCCAA_015,107
CGTGTCACACAACTGCCCAA_016,179
CGTGTCACACAACTGCCCAA_017,5
CGTGTCACACAACTGCCCAA_018,126
CGTGTCACACAACTGCCCAA_019,126
CGTGTCACACAACTGCCCAA_020,168
CGTGTCACACAACTGCCCAA_021,94
CGTGTCACACAACTGCCCAA_022,0
CGTGTCACACAACTGCCCAA_023,184
CGTGTCACACAACTGCCCAA_024,85
CGTGTCACACAACTGCCCAA_025,83
CGTGTCACACAACTGCCCAA_026,76
CGTGTCACACAACTGCCCAA_027,48
GAAGATGCAACGAGTGCACT_001,57
GAAGATGCAACGAGTGCACT_002,52
GAAGATGCAACGAGTGCACT_003,84
GAAGATGCAACGAGTGCACT_004,58
GAAGATGCAACGAGTGCACT_005,19
GAAGATGCAACGAGTGCACT_006,104
GAAGATGCAACGAGTGCACT_007,63
GAAGATGCAACGAGTGCACT_008,44
GAAGATGCAACGAGTGCACT_009,83
TAGGAACAGGGTTTCTACGT_001,34
TAGGAACAGGGTTTCTACGT_002,162
TAGGAACAGGGTTTCTACGT_003,80
TAGGAACAGGGTTTCTACGT_004,178
TAGGAACAGGGTTTCTACGT_005,105
TAGGAACAGGGTTTCTACGT_006,12
TAGGAACAGGGTTTCTACGT_007,120
TAGGAACAGGGTTTCTACGT_008,192
TAGGAACAGGGTTTCTACGT_009,22
TAGGAACAGGGTTTCTACGT_010,187
TTAGGCAACATTCCAGCACA_001,140
TTAGGCAACATTCCAGCACA_002,114
ATTAATAACAAACTGCGTCG_001,104
ATTAATAACAAACTGCGTCG_002,48
ATTAATAACAAACTGCGTCG_003,78
ATTAATAACAAACTGCGTCG_004,21
ATTAATAACAAACTGCGTCG_005,33
ATTAATAACAAACTGCGTCG_006,191
ATTAATAACAAACTGCGTCG_007,146
ATTAATAACAAACTGCGTCG_008,127
CATGCTCACTCAGCTCCGAG_001,149
CATGCTCACTCAGCTCCGAG_002,1
CATGCTCACTCAGCTCCGAG_003,197
CATGCTCACTCAGCTCCGAG_004,156
CATGCTCACTCAGCTCCGAG_005,75
CATGCTCACTCAGCTCCGAG_006,47
CATGCTCACTCAGCTCCGAG_007,106
CATGCTCACTCAGCTCCGAG_008,134
CATGCTCACTCAGCTCCGAG_009,9
CATGCTCACTCAGCTCCGAG_010,60
CATGCTCACTCAGCTCCGAG_011,115
CATGCTCACTCAGCTCCGAG_012,83
CATGCTCACTCAGCTCCGAG_013,166
CATGCTCACTCAGCTCCGAG_014,24
CATGCTCACTCAGCTCCGAG_015,53
CATGCTCACTCAGCTCCGAG_016,137
CATGCTCACTCAGCTCCGAG_017,0
CATGCTCACTCAGCTCCGAG_018,120
CATGCTCACTCAGCTCCGAG_019,82
TTGAAAGTGTCTCCAATGGA_001,5
ATTCACGGATGTATTGTGGC_001,165
CGAGTGCGTGGATCCCGCCG_001,17
CGAGTGCGTGGATCCCGCCG_002,159
CGAGTGCGTGGATCCCGCCG_003,32
CGAGTGCGTGGATCCCGCCG_004,136
CGAGTGCGTGGATCCCGCCG_005,16
CGAGTGCGTGGATCCCGCCG_006,27
CGAGTGCGTGGATCCCGCCG_007,126
CGAGTGCGTGGATCCCGCCG_008,121
CGAGTGCGTGGATCCCGCCG_009,169
CGAGTGCGTGGATCCCGCCG_010,136
CGAGTGCGTGGATCCCGCCG_011,30
CGAGTGCGTGGATCCCGCCG_012,35
CGAGTGCGTGGATCCCGCCG_013,34
CGAGTGCGTGGATCCCGCCG_014,57
CGAGTGCGTGGATCCCGCCG_015,155
CGAGTGCGTGGATCCCGCCG_016,61
CGAGTGCGTGGATCCCGCCG_017,137
CGAGTGCGTGGATCCCGCCG_018,150
CGAGTGCGTGGATCCCGCCG_019,170
CGAGTGCGTGGATCCCGCCG_020,88
CGAGTGCGTGGATCCCGCCG_021,64
CGAGTGCGTGGATCCCGCCG_022,137
CGAGTGCGTGGATCCCGCCG_023,75
CGAGTGCGTGGATCCCGCCG_024,9
CAACGCGAGCAAGAATCAGC_001,27
CAACGCGAGCAAGAATCAGC_002,149
CAACGCGAGCAAGAATCAGC_003,108
CAACGCGAGCAAGAATCAGC_004,9
CAACGCGAGCAAGAATCAGC_005,62
CAACGCGAGCAAGAATCAGC_006,129
CAACGCGAGCAAGAATCAGC_007,30
CAACGCGAGCAAGAATCAGC_008,30
CAACGCGAGCAAGAATCAGC_009,141
CAACGCGAGCAAGAATCAGC_010,41
CAACGCGAGCAAGAATCAGC_011,118
CAACGCGAGCAAGAATCAGC_012,108
CAACGCGAGCAAGAATCAGC_013,63
CAACGCGAGCAAGAATCAGC_014,168
CAACGCGAGCAAGAATCAGC_015,60
CAACGCGAGCAAGAATCAGC_016,118
CAACGCGAGCAAGAATCAGC_017,48
CAACGCGAGCAAGAATCAGC_018,196
CAACGCGAGCAAGAATCAGC_019,36
CTTAAAGATGAGCCCTGATG_001,197
CTTAAAGATGAGCCCTGATG_002,151
CTTAAAGATGAGCCCTGATG_003,130
CTTAAAGATGAGCCCTGATG_004,74
CTTAAAGATGAGCCCTGATG_005,189
CTTAAAGATGAGCCCTGATG_006,8
CTTAAAGATGAGCCCTGATG_007,43
CTTAAAGATGAGCCCTGATG_008,138
CTTAAAGATGAGCCCTGATG_009,115
AAGTTGGCCTCGGTCCCGGG_001,126
AAGTTGGCCTCGGTCCCGGG_002,23
AAGTTGGCCTCGGTCCCGGG_003,47
AAGTTGGCCTCGGTCCCGGG_004,161
AAGTTGGCCTCGGTCCCGGG_005,82
AAGTTGGCCTCGGTCCCGGG_006,7
AAGTTGGCCTCGGTCCCGGG_007,183
AAGTTGGCCTCGGTCCCGGG_008,160
AAGTTGGCCTCGGTCCCGGG_009,28
AAGTTGGCCTCGGTCCCGGG_010,120
AAGTTGGCCTCGGTCCCGGG_011,132
AAGTTGGCCTCGGTCCCGGG_012,132
AAGTTGGCCTCGGTCCCGGG_013,61
AAGTTGGCCTCGGTCCCGGG_014,177
AAGTTGGCCTCGGTCCCGGG_015,184
AAGTTGGCCTCGGTCCCGGG_016,28
AAGTTGGCCTCGGTCCCGGG_017,193
GAAAACAAAGAAGAGTCCCA_001,94
GAAAACAAAGAAGAGTCCCA_002,50
GAAAACAAAGAAGAGTCCCA_003,130
GAAAACAAAGAAGAGTCCCA_004,121
GAAAACAAAGAAGAGTCCCA_005,77
GAAAACAAAGAAGAGTCCCA_006,51
GAAAACAAAGAAGAGTCCCA_007,127
GAAAACAAAGAAGAGTCCCA_008,2
GAAAACAAAGAAGAGTCCCA_009,12
GAAAACAAAGAAGAGTCCCA_010,167
GAAAACAAAGAAGAGTCCCA_011,167
GAAAACAAAGAAGAGTCCCA_012,47
GAAAACAAAGAAGAGTCCCA_013,175
GAAAACAAAGAAGAGTCCCA_014,39
GAAAACAAAGAAGAGTCCCA_015,148
GAAAACAAAGAAGAGTCCCA_016,69
GAAAACAAAGAAGAGTCCCA_017,23
GAAAACAAAGAAGAGTCCCA_018,30
GAAAACAAAGAAGAGTCCCA_019,40
GAAAACAAAGAAGAGTCCCA_020,56
GGTTGTAGGAAACACGACTT_001,126
GGTTGTAGGAAACACGACTT_002,14
GGTTGTAGGAAACACGACTT_003,177
GGTTGTAGGAAACACGACTT_004,13
GGTTGTAGGAAACACGACTT_005,14
GGTTGTAGGAAACACGACTT_006,86
GGTTGTAGGAAACACGACTT_007,148
GGTTGTAGGAAACACGACTT_008,119
GGTTGTAGGAAACACGACTT_009,75
GGTTGTAGGAAACACGACTT_010,75
GGTTGTAGGAAACACGACTT_011,81
GGTTGTAGGAAACACGACTT_012,148
GGTTGTAGGAAACACGACTT_013,114
GGTTGTAGGAAACACGACTT_014,114
GGTTGTAGGAAACACGACTT_015,134
TTCTACCAGGGCGCCTACCG_001,169
TTCTACCAGGGCGCCTACCG_002,71
TTCTACCAGGGCGCCTACCG_003,9
TTCTACCAGGGCGCCTACCG_004,170
TTCTACCAGGGCGCCTACCG_005,43
TTCTACCAGGGCGCCTACCG_006,53
TTCTACCAGGGCGCCTACCG_007,157
TTCTACCAGGGCGCCTACCG_008,101
TTCTACCAGGGCGCCTACCG_009,132
TTCTACCAGGGCGCCTACCG_010,108
TTCTACCAGGGCGCCTACCG_011,171
TTCTACCAGGGCGCCTACCG_012,153
TTCTACCAGGGCGCCTACCG_013,181
TTCTACCAGGGCGCCTACCG_014,62
TTCTACCAGGGCGCCTACCG_015,127
TTCTACCAGGGCGCCTACCG_016,60
TTCTACCAGGGCGCCTACCG_017,189
TTCTACCAGGGCGCCTACCG_018,149
TTCTACCAGGGCGCCTACCG_019,136
TTCTACCAGGGCGCCTACCG_020,158
TTCTACCAGGGCGCCTACCG_021,185
TTCTACCAGGGCGCCTACCG_022,81
TTCTACCAGGGCGCCTACCG_023,89
GGCGGTAGTAGGCATGGTAA_001,84
GGCGGTAGTAGGCATGGTAA_002,6
CCAGGTTGACCAACTTGACG_001,72
CCAGGTTGACCAACTTGACG_002,105
CCAGGTTGACCAACTTGACG_003,58
CCAGGTTGACCAACTTGACG_004,77
CCAGGTTGACCAACTTGACG_005,92
CCAGGTTGACCAACTTGACG_006,68
CCAGGTTGACCAACTTGACG_007,91
CCAGGTTGACCAACTTGACG_008,101
CCAGGTTGACCAACTTGACG_009,185
CCAGGTTGACCAACTTGACG_010,150
CCAGGTTGACCAACTTGACG_011,58
CCAGGTTGACCAACTTGACG_012,56
CCAGGTTGACCAACTTGACG_013,185
CCAGGTTGACCAACTTGACG_014,79
CCAGGTTGACCAACTTGACG_015,19
CCAGGTTGACCAACTTGACG_016,81
CCGCTTGCTGGCGTCGTCTG_001,133
CCGCTTGCTGGCGTCGTCTG_002,130
CCGCTTGCTGGCGTCGTCTG_003,146
CCGCTTGCTGGCGTCGTCTG_004,160
CCGCTTGCTGGCGTCGTCTG_005,169
CCGCTTGCTGGCGTCGTCTG_006,51
CCGCTTGCTGGCGTCGTCTG_007,185
CCGCTTGCTGGCGTCGTCTG_008,152
CCGCTTGCTGGCGTCGTCTG_009,60
CCGCTTGCTGGCGTCGTCTG_010,161
CCGCTTGCTGGCGTCGTCTG_011,47
CCGCTTGCTGGCGTCGTCTG_012,77
CCGCTTGCTGGCGTCGTCTG_013,138
CCGCTTGCTGGCGTCGTCTG_014,17
CCGCTTGCTGGCGTCGTCTG_015,140
CCGCTTGCTGGCGTCGTCTG_016,60
CCGCTTGCTGGCGTCGTCTG_017,82
CCGCTTGCTGGCGTCGTCTG_018,39
CCGCTTGCTGGCGTCGTCTG_019,2
CCGCTTGCTGGCGTCGTCTG_020,121
AGACAAAGTTCCTGTCGCAG_001,73
AGACAAAGTTCCTGTCGCAG_002,17
AGACAAAGTTCCTGTCGCAG_003,86
AGACAAAGTTCCTGTCGCAG_004,185
AGACAAAGTTCCTGTCGCAG_005,103
AGACAAAGTTCCTGTCGCAG_006,114
AGACAAAGTTCCTGTCGCAG_007,14
AGACAAAGTTCCTGTCGCAG_008,9
AGACAAAGTTCCTGTCGCAG_009,77
AGACAAAGTTCCTGTCGCAG_010,146
AGACAAAGTTCCTGTCGCAG_011,160
AGACAAAGTTCCTGTCGCAG_012,121
AGACAAAGTTCCTGTCGCAG_013,12
AGACAAAGTTCCTGTCGCAG_014,8
AGACAAAGTTCCTGTCGCAG_015,94
AGACAAAGTTCCTGTCGCAG_016,20
AGCTAGCTACTCCTAATGGT_001,198
AGCTAGCTACTCCTAATGGT_002,184
AGCTAGCTACTCCTAATGGT_003,29
CCTTCTGGATTATGGCGCAG_001,34
CCTTCTGGATTATGGCGCAG_002,162
AGGAGGGCTTCGGCTCGCTG_001,116
AGGAGGGCTTCGGCTCGCTG_002,120
AGGAGGGCTTCGGCTCGCTG_003,196
AGGAGGGCTTCGGCTCGCTG_004,2
AGGAGGGCTTCGGCTCGCTG_005,49
AGGAGGGCTTCGGCTCGCTG_006,6
AGGAGGGCTTCGGCTCGCTG_007,47
CTCGGCGCCACCATACCAGT_001,171
CTCGGCGCCACCATACCAGT_002,111
CTCGGCGCCACCATACCAGT_003,63
CTCGGCGCCACCATACCAGT_004,96
CTCGGCGCCACCATACCAGT_005,106
CTCGGCGCCACCATACCAGT_006,188
CTCGGCGCCACCATACCAGT_007,28
CTCGGCGCCACCATACCAGT_008,100
CTCGGCGCCACCATACCAGT_009,137
CTCGGCGCCACCATACCAGT_010,104
CTCGGCGCCACCATACCAGT_011,39
GGAGAGGTTATGGATGTAGT_001,199
GGAGAGGTTATGGATGTAGT_002,48
GGTCTTCTTGTTGTCACGCG_001,176
GGTCTTCTTGTTGTCACGCG_002,131
TGGCCGTGGAAATGTAACCA_001,154
TGGCCGTGGAAATGTAACCA_002,61
TGGCCGTGGAAATGTAACCA_003,112
TGGCCGTGGAAATGTAACCA_004,74
TGGCCGTGGAAATGTAACCA_005,100
TGGCCGTGGAAATGTAACCA_006,125
TGGCCGTGGAAATGTAACCA_007,164
GTACCTACTACAGGCCCGTG_001,152
GTACCTACTACAGGCCCGTG_002,89
GTACCTACTACAGGCCCGTG_003,170
GTACCTACTACAGGCCCGTG_004,179
GTACCTACTACAGGCCCGTG_005,58
GTACCTACTACAGGCCCGTG_006,107
GTACCTACTACAGGCCCGTG_007,124
GTACCTACTACAGGCCCGTG_008,102
GTACCTACTACAGGCCCGTG_009,141
GTACCTACTACAGGCCCGTG_010,195
GTACCTACTACAGGCCCGTG_011,7
GTACCTACTACAGGCCCGTG_012,174
GTACCTACTACAGGCCCGTG_013,57
GTACCTACTACAGGCCCGTG_014,52
GTACCTACTACAGGCCCGTG_015,121
GTACCTACTACAGGCCCGTG_016,151
GTACCTACTACAGGCCCGTG_017,115
TGGGGAGTAACCCTCCGCAG_001,9
TGGGGAGTAACCCTCCGCAG_002,105
TGGGGAGTAACCCTCCGCAG_003,133
TGGGGAGTAACCCTCCGCAG_004,139
TGGGGAGTAACCCTCCGCAG_005,195
TGGGGAGTAACCCTCCGCAG_006,50
TGGGGAGTAACCCTCCGCAG_007,177
TGGGGAGTAACCCTCCGCAG_008,84
TGGGGAGTAACCCTCCGCAG_009,60
TGGGGAGTAACCCTCCGCAG_010,91
TGGGGAGTAACCCTCCGCAG_011,174
TGGGGAGTAACCCTCCGCAG_012,171
TGGGGAGTAACCCTCCGCAG_013,53
TGGGGAGTAACCCTCCGCAG_014,1
AGACAACAGCCTCCCATGAG_001,103
AGACAACAGCCTCCCATGAG_002,61
AGACAACAGCCTCCCATGAG_003,52
AGACAACAGCCTCCCATGAG_004,175
AGACAACAGCCTCCCATGAG_005,71
AGACAACAGCCTCCCATGAG_006,113
TTCTTACGACCCATCAACAG_001,172
TTCTTACGACCCATCAACAG_002,95
TTCTTACGACCCATCAACAG_003,182
TTCTTACGACCCATCAACAG_004,105
TTCTTACGACCCATCAACAG_005,144
TTCTTACGACCCATCAACAG_006,126
GCCCGGCTACGACCTCAGAG_001,94
GCCCGGCTACGACCTCAGAG_002,82
GCCCGGCTACGACCTCAGAG_003,169
GCCCGGCTACGACCTCAGAG_004,8
GCCCGGCTACGACCTCAGAG_005,60
GCCCGGCTACGACCTCAGAG_006,169
GCCCGGCTACGACCTCAGAG_007,12
GCCCGGCTACGACCTCAGAG_008,146
GCCCGGCTACGACCTCAGAG_009,36
GCCCGGCTACGACCTCAGAG_010,17
GCCCGGCTACGACCTCAGAG_011,113
GCCCGGCTACGACCTCAGAG_012,27
GCCCGGCTACGACCTCAGAG_013,168
GCTATTCGATCAGCTCCCTG_001,129
GCTATTCGATCAGCTCCCTG_002,51
GCTATTCGATCAGCTCCCTG_003,133
GCTATTCGATCAGCTCCCTG_004,9
GCTATTCGATCAGCTCCCTG_005,178
GCTATTCGATCAGCTCCCTG_006,107
GCTATTCGATCAGCTCCCTG_007,150
GCTATTCGATCAGCTCCCTG_008,156
GCTATTCGATCAGCTCCCTG_009,184
GCTATTCGATCAGCTCCCTG_010,117
GCTATTCGATCAGCTCCCTG_011,94
CAAAGATGATGACACAACTA_001,96
CAAAGATGATGACACAACTA_002,13
CAAAGATGATGACACAACTA_003,141
CAAAGATGATGACACAACTA_004,83
CAAAGATGATGACACAACTA_005,175
CAAAGATGATGACACAACTA_006,38
GGTAGCAGTAGTGTTAGTGC_001,29
GGTAGCAGTAGTGTTAGTGC_002,140
GGTAGCAGTAGTGTTAGTGC_003,32
GGTAGCAGTAGTGTTAGTGC_004,62
GGTAGCAGTAGTGTTAGTGC_005,169
GGTAGCAGTAGTGTTAGTGC_006,45
GGTAGCAGTAGTGTTAGTGC_007,36
ATGGTCCTGAGACTTGAGCA_001,160
ATGGTCCTGAGACTTGAGCA_002,166
ATGGTCCTGAGACTTGAGCA_003,25
ATGGTCCTGAGACTTGAGCA_004,116
ATGGTCCTGAGACTTGAGCA_005,5
ATGGTCCTGAGACTTGAGCA_006,169
ATGGTCCTGAGACTTGAGCA_007,102
ATGGTCCTGAGACTTGAGCA_008,102
ATGGTCCTGAGACTTGAGCA_009,84
ATGGTCCTGAGACTTGAGCA_010,65
ATGGTCCTGAGACTTGAGCA_011,125
ATGGTCCTGAGACTTGAGCA_012,13
ATGGTCCTGAGACTTGAGCA_013,121
ATGGTCCTGAGACTTGAGCA_014,108
ATGGTCCTGAGACTTGAGCA_015,65
ATGGTCCTGAGACTTGAGCA_016,162
ATGGTCCTGAGACTTGAGCA_017,141
ATGGTCCTGAGACTTGAGCA_018,88
ATGGTCCTGAGACTTGAGCA_019,68
ATGGTCCTGAGACTTGAGCA_020,24
ATGGTCCTGAGACTTGAGCA_021,112
ATGGTCCTGAGACTTGAGCA_022,84
ATGGTCCTGAGACTTGAGCA_023,83
ATGGTCCTGAGACTTGAGCA_024,66
ATGGTCCTGAGACTTGAGCA_025,121
ATGGTCCTGAGACTTGAGCA_026,152
ATGGTCCTGAGACTTGAGCA_027,39
ATGGTCCTGAGACTTGAGCA_028,107
ATGGTCCTGAGACTTGAGCA_029,74
CACCTTCACGGAGCGATCGT_001,175
CACCTTCACGGAGCGATCGT_002,10
CACCTTCACGGAGCGATCGT_003,98
CACCTTCACGGAGCGATCGT_004,192
CACCTTCACGGAGCGATCGT_005,127
CACCTTCACGGAGCGATCGT_006,91
CACCTTCACGGAGCGATCGT_007,41
CACCTTCACGGAGCGATCGT_008,48
CACCTTCACGGAGCGATCGT_009,70
TTGGCTGCTTTACTCCGAGA_001,58
TTGGCTGCTTTACTCCGAGA_002,105
TTGGCTGCTTTACTCCGAGA_003,102
TTGGCTGCTTTACTCCGAGA_004,80
TTGGCTGCTTTACTCCGAGA_005,183
TTGGCTGCTTTACTCCGAGA_006,34
TTGGCTGCTTTACTCCGAGA_007,127
TTGGCTGCTTTACTCCGAGA_008,61
CCTTGGTGACATCGTAGCCA_001,146
CCTTGGTGACATCGTAGCCA_002,75
CCTTGGTGACATCGTAGCCA_003,50
CCTTGGTGACATCGTAGCCA_004,131
CCTTGGTGACATCGTAGCCA_005,21
GAGACTACCTACCGGGATTT_001,142
GAGACTACCTACCGGGATTT_002,137
GAGACTACCTACCGGGATTT_003,84
GAGACTACCTACCGGGATTT_004,58
GAGACTACCTACCGGGATTT_005,56
GAGACTACCTACCGGGATTT_006,14
GAGACTACCTACCGGGATTT_007,105
GAGACTACCTACCGGGATTT_008,174
GAGACTACCTACCGGGATTT_009,58
GAGACTACCTACCGGGATTT_010,53
GAGACTACCTACCGGGATTT_011,9
GAGACTACCTACCGGGATTT_012,58
GAGACTACCTACCGGGATTT_013,172
TATCACCTCAAAATGAAGGA_001,156
TATCACCTCAAAATGAAGGA_002,177
TCTGACTATCAACTGTACAA_001,199
TCTGACTATCAACTGTACAA_002,56
TCTGACTATCAACTGTACAA_003,88
TCTGACTATCAACTGTACAA_004,177
TCTGACTATCAACTGTACAA_005,58
TCTGACTATCAACTGTACAA_006,185
TCTGACTATCAACTGTACAA_007,0
TCTGACTATCAACTGTACAA_008,172
CCCAACACCATTCAGTACCG_001,2
CCCAACACCATTCAGTACCG_002,15
CCCAACACCATTCAGTACCG_003,175
CCCAACACCATTCAGTACCG_004,147
CCCAACACCATTCAGTACCG_005,162
CCCAACACCATTCAGTACCG_006,29
CCCAACACCATTCAGTACCG_007,1
AAACACGAAACCTTATAGGA_001,192
AAACACGAAACCTTATAGGA_002,60
AAACACGAAACCTTATAGGA_003,144
AAACACGAAACCTTATAGGA_004,75
AAACACGAAACCTTATAGGA_005,148
AAACACGAAACCTTATAGGA_006,138
AAACACGAAACCTTATAGGA_007,175
AAACACGAAACCTTATAGGA_008,175
AAACACGAAACCTTATAGGA_009,110
AAACACGAAACCTTATAGGA_010,40
AAACACGAAACCTTATAGGA_011,184
CGGAGCAGGAGACATCTCCA_001,104
CGGAGCAGGAGACATCTCCA_002,12
CGGAGCAGGAGACATCTCCA_003,138
CGGAGCAGGAGACATCTCCA_004,29
CGGAGCAGGAGACATCTCCA_005,41
CGGAGCAGGAGACATCTCCA_006,56
CGGAGCAGGAGACATCTCCA_007,41
CGGAGCAGGAGACATCTCCA_008,62
CGGAGCAGGAGACATCTCCA_009,70
CCTTCCAGGGACAGACCCCG_001,121
CCTTCCAGGGACAGACCCCG_002,155
CCTTCCAGGGACAGACCCCG_003,2
CCTTCCAGGGACAGACCCCG_004,118
CCTTCCAGGGACAGACCCCG_005,70
CCTTCCAGGGACAGACCCCG_006,20
CCTTCCAGGGACAGACCCCG_007,94
CCTTCCAGGGACAGACCCCG_008,175
CCTTCCAGGGACAGACCCCG_009,77
CCTTCCAGGGACAGACCCCG_010,154
CCTTCCAGGGACAGACCCCG_011,78
CCTTCCAGGGACAGACCCCG_012,127
CCTTCCAGGGACAGACCCCG_013,105
CCTTCCAGGGACAGACCCCG_014,188
CCTTCCAGGGACAGACCCCG_015,44
CCTTCCAGGGACAGACCCCG_016,83
CCTTCCAGGGACAGACCCCG_017,73
CCTTCCAGGGACAGACCCCG_018,147
CCTTCCAGGGACAGACCCCG_019,140
CCTTCCAGGGACAGACCCCG_020,151
CCTTCCAGGGACAGACCCCG_021,138
CCTTCCAGGGACAGACCCCG_022,164
CCTTCCAGGGACAGACCCCG_023,164
CCTTCCAGGGACAGACCCCG_024,134
CCTTCCAGGGACAGACCCCG_025,175
CCTTCCAGGGACAGACCCCG_026,175
CCTTCCAGGGACAGACCCCG_027,62
CCTTCCAGGGACAGACCCCG_028,192
CCTTCCAGGGACAGACCCCG_029,79
CCTTCCAGGGACAGACCCCG_030,56
CCTTCCAGGGACAGACCCCG_031,123
AGTTACGGAACTGAGCTAAG_001,129
AGTTACGGAACTGAGCTAAG_002,15
AGTTACGGAACTGAGCTAAG_003,58
AGTTACGGAACTGAGCTAAG_004,130
AGTTACGGAACTGAGCTAAG_005,188
AGTTACGGAACTGAGCTAAG_006,78
AGTTACGGAACTGAGCTAAG_007,120
ATGTGGGAAGCATACTGCAG_001,103
ATGTGGGAAGCATACTGCAG_002,96
ATGTGGGAAGCATACTGCAG_003,17
ATGTGGGAAGCATACTGCAG_004,15
ATGTGGGAAGCATACTGCAG_005,1
ATGTGGGAAGCATACTGCAG_006,158
CTCAGGTCTCAGACTCCATG_001,29
CTCAGGTCTCAGACTCCATG_002,42
CTCAGGTCTCAGACTCCATG_003,1
CTCAGGTCTCAGACTCCATG_004,63
CCCCACTCACACAGCCACTG_001,88
CCCCACTCACACAGCCACTG_002,57
CCCCACTCACACAGCCACTG_003,176
CCCCACTCACACAGCCACTG_004,120
CCCCACTCACACAGCCACTG_005,127
CCCCACTCACACAGCCACTG_006,192
CCCCACTCACACAGCCACTG_007,76
CCCCACTCACACAGCCACTG_008,132
CCCCACTCACACAGCCACTG_009,135
CCCCACTCACACAGCCACTG_010,185
CCCCACTCACACAGCCACTG_011,15
CCCCACTCACACAGCCACTG_012,64
CCCCACTCACACAGCCACTG_013,42
CTTCATACAACTGAAACCGA_001,162
CTTCATACAACTGAAACCGA_002,22
CTTCATACAACTGAAACCGA_003,59
CTTCATACAACTGAAACCGA_004,81
CTTCATACAACTGAAACCGA_005,169
CTTCATACAACTGAAACCGA_006,110
CTTCATACAACTGAAACCGA_007,77
CTTCATACAACTGAAACCGA_008,116
CTTCATACAACTGAAACCGA_009,80
CTTCATACAACTGAAACCGA_010,188
CTTCATACAACTGAAACCGA_011,9
CTTCATACAACTGAAACCGA_012,135
CTTCATACAACTGAAACCGA_013,135
CTTCATACAACTGAAACCGA_014,155
GGAGTACAAGACCTGATGTG_001,82
GGAGTACAAGACCTGATGTG_002,152
GGAGTACAAGACCTGATGTG_003,157
GGAGTACAAGACCTGATGTG_004,27
GGAGTACAAGACCTGATGTG_005,198
GGAGTACAAGACCTGATGTG_006,109
GGAGTACAAGACCTGATGTG_007,171
GGAGTACAAGACCTGATGTG_008,104
GGAGTACAAGACCTGATGTG_009,124
GGAGTACAAGACCTGATGTG_010,188
CATGTTGGGTCCAATGCAGA_001,42
CATGTTGGGTCCAATGCAGA_002,149
CATGTTGGGTCCAATGCAGA_003,95
CATGTTGGGTCCAATGCAGA_004,37
CATGTTGGGTCCAATGCAGA_005,65
CATGTTGGGTCCAATGCAGA_006,176
CATGTTGGGTCCAATGCAGA_007,153
CATGTTGGGTCCAATGCAGA_008,184
CATGTTGGGTCCAATGCAGA_009,60
CATGTTGGGTCCAATGCAGA_010,99
AGGCAAGTTTCGCACCTCGG_001,77
AGGCAAGTTTCGCACCTCGG_002,198
AGGCAAGTTTCGCACCTCGG_003,39
TCCCAGGACGCATCATCACT_001,9
TCCCAGGACGCATCATCACT_002,141
AAACCACAGAGTGAACCGGG_001,15
AAACCACAGAGTGAACCGGG_002,106
AAACCACAGAGTGAACCGGG_003,70
AAACCACAGAGTGAACCGGG_004,5
AAACCACAGAGTGAACCGGG_005,149
AAACCACAGAGTGAACCGGG_006,163
AAACCACAGAGTGAACCGGG_007,185
AAACCACAGAGTGAACCGGG_008,120
AAACCACAGAGTGAACCGGG_009,17
AAACCACAGAGTGAACCGGG_010,112
AAACCACAGAGTGAACCGGG_011,17
AAACCACAGAGTGAACCGGG_012,137
AAACCACAGAGTGAACCGGG_013,106
AAACCACAGAGTGAACCGGG_014,199
AAACCACAGAGTGAACCGGG_015,103
AAACCACAGAGTGAACCGGG_016,54
AAACCACAGAGTGAACCGGG_017,26
AAACCACAGAGTGAACCGGG_018,192
AAACCACAGAGTGAACCGGG_019,168
AAACCACAGAGTGAACCGGG_020,194
AAACCACAGAGTGAACCGGG_021,150
AAACCACAGAGTGAACCGGG_022,188
AAACCACAGAGTGAACCGGG_023,170
AAACCACAGAGTGAACCGGG_024,145
AAACCACAGAGTGAACCGGG_025,67
AAACCACAGAGTGAACCGGG_026,26
AAACCACAGAGTGAACCGGG_027,11
AAACCACAGAGTGAACCGGG_028,96
AAACCACAGAGTGAACCGGG_029,183
AAACCACAGAGTGAACCGGG_030,59
AAACCACAGAGTGAACCGGG_031,56
AAACCACAGAGTGAACCGGG_032,62
AAACCACAGAGTGAACCGGG_033,141
AAACCACAGAGTGAACCGGG_034,140
AAACCACAGAGTGAACCGGG_035,107
AAACCACAGAGTGAACCGGG_036,2
AAACCACAGAGTGAACCGGG_037,76
AAACCACAGAGTGAACCGGG_038,158
AAACCACAGAGTGAACCGGG_039,51
AAACCACAGAGTGAACCGGG_040,83
AAACCACAGAGTGAACCGGG_041,188
AAACCACAGAGTGAACCGGG_042,188
AAACCACAGAGTGAACCGGG_043,116
AAACCACAGAGTGAACCGGG_044,138
AAACCACAGAGTGAACCGGG_045,34
AAACCACAGAGTGAACCGGG_046,41
AAACCACAGAGTGAACCGGG_047,114
AAACCACAGAGTGAACCGGG_048,116
AAACCACAGAGTGAACCGGG_049,52
GGTCTCTAGATAAAAAGTCC_001,77
TCCCACCGACAAGCACACAC_001,184
TCCCACCGACAAGCACACAC_002,35
TCCCACCGACAAGCACACAC_003,67
TCCCACCGACAAGCACACAC_004,171
TCCCACCGACAAGCACACAC_005,88
TCCCACCGACAAGCACACAC_006,88
TCCCACCGACAAGCACACAC_007,19
TCCCACCGACAAGCACACAC_008,148
TCCCACCGACAAGCACACAC_009,176
TCCCACCGACAAGCACACAC_010,170
TCCCACCGACAAGCACACAC_011,92
TCCCACCGACAAGCACACAC_012,22
TCCCACCGACAAGCACACAC_013,96
GCAGATGAGGCACTCCACCG_001,64
GCAGATGAGGCACTCCACCG_002,191
GCAGATGAGGCACTCCACCG_003,138
GCAGATGAGGCACTCCACCG_004,199
GCAGATGAGGCACTCCACCG_005,192
GCAGATGAGGCACTCCACCG_006,151
GCAGATGAGGCACTCCACCG_007,35
GCAGATGAGGCACTCCACCG_008,91
GCAGATGAGGCACTCCACCG_009,181
GCAGATGAGGCACTCCACCG_010,82
GCAGATGAGGCACTCCACCG_011,78
GCAGATGAGGCACTCCACCG_012,199
GCAGATGAGGCACTCCACCG_013,11
GCAGATGAGGCACTCCACCG_014,111
TTGGAAGTCTCCTCTCAAGG_001,151
TTGGAAGTCTCCTCTCAAGG_002,119
TTGGAAGTCTCCTCTCAAGG_003,131
TTGGAAGTCTCCTCTCAAGG_004,106
TTGGAAGTCTCCTCTCAAGG_005,176
AGCTCAACGGCAGCTGCATG_001,168
AGCTCAACGGCAGCTGCATG_002,32
AGCTCAACGGCAGCTGCATG_003,7
AGCTCAACGGCAGCTGCATG_004,163
AGCTCAACGGCAGCTGCATG_005,73
AGCTCAACGGCAGCTGCATG_006,162
AGCTCAACGGCAGCTGCATG_007,30
AGCTCAACGGCAGCTGCATG_008,129
AGCTCAACGGCAGCTGCATG_009,162
AGCTCAACGGCAGCTGCATG_010,43
AGCTCAACGGCAGCTGCATG_011,1
AGCTCAACGGCAGCTGCATG_012,167
AGCTCAACGGCAGCTGCATG_013,115
AGCTCAACGGCAGCTGCATG_014,88
AGCTCAACGGCAGCTGCATG_015,75
AGCTCAACGGCAGCTGCATG_016,182
AGCTCAACGGCAGCTGCATG_017,189
AGCTCAACGGCAGCTGCATG_018,166
AGCTCAACGGCAGCTGCATG_019,155
AGCTCAACGGCAGCTGCATG_020,2
AGCTCAACGGCAGCTGCATG_021,44
AGCTCAACGGCAGCTGCATG_022,1
AGCTCAACGGCAGCTGCATG_023,57
AGCTCAACGGCAGCTGCATG_024,147
AGCTCAACGGCAGCTGCATG_025,101
GGAAGCGGCAAGAACAACAT_001,17
GGAAGCGGCAAGAACAACAT_002,15
GGAAGCGGCAAGAACAACAT_003,68
GGAAGCGGCAAGAACAACAT_004,1
GGAAGCGGCAAGAACAACAT_005,53
GGAAGCGGCAAGAACAACAT_006,21
GGAAGCGGCAAGAACAACAT_007,76
GGAAGCGGCAAGAACAACAT_008,59
GGAAGCGGCAAGAACAACAT_009,184
GGAAGCGGCAAGAACAACAT_010,166
GGAAGCGGCAAGAACAACAT_011,115
GGAAGCGGCAAGAACAACAT_012,62
GGAAGCGGCAAGAACAACAT_013,176
GGAAGCGGCAAGAACAACAT_014,176
GGAAGCGGCAAGAACAACAT_015,126
GGAAGCGGCAAGAACAACAT_016,104
GGAAGCGGCAAGAACAACAT_017,3
GGAAGCGGCAAGAACAACAT_018,144
GGAAGCGGCAAGAACAACAT_019,168
GGAAGCGGCAAGAACAACAT_020,0
GGAAGCGGCAAGAACAACAT_021,19
GGAAGCGGCAAGAACAACAT_022,158
TACAGGCCATCCCAACTGAG_001,109
TACAGGCCATCCCAACTGAG_002,53
TACAGGCCATCCCAACTGAG_003,55
TACAGGCCATCCCAACTGAG_004,177
TACAGGCCATCCCAACTGAG_005,94
TACAGGCCATCCCAACTGAG_006,144
TACAGGCCATCCCAACTGAG_007,144
TACAGGCCATCCCAACTGAG_008,177
TACAGGCCATCCCAACTGAG_009,105
TACAGGCCATCCCAACTGAG_010,162
TACAGGCCATCCCAACTGAG_011,58
TACAGGCCATCCCAACTGAG_012,2
TACAGGCCATCCCAACTGAG_013,83
TACAGGCCATCCCAACTGAG_014,85
TACAGGCCATCCCAACTGAG_015,122
TACAGGCCATCCCAACTGAG_016,84
TACAGGCCATCCCAACTGAG_017,104
TACAGGCCATCCCAACTGAG_018,118
TACAGGCCATCCCAACTGAG_019,12
TACAGGCCATCCCAACTGAG_020,121
TACAGGCCATCCCAACTGAG_021,62
TACAGGCCATCCCAACTGAG_022,144
GGACAGACACATGACCGCGT_001,106
GGACAGACACATGACCGCGT_002,156
AAACTGTTGCCTCTTCGCAG_001,62
AAACTGTTGCCTCTTCGCAG_002,57
AAACTGTTGCCTCTTCGCAG_003,123
AAACTGTTGCCTCTTCGCAG_004,168
AAACTGTTGCCTCTTCGCAG_005,28
AGTACCCCTAGGTATGGGGA_001,147
AGTACCCCTAGGTATGGGGA_002,9
AGTACCCCTAGGTATGGGGA_003,121
AGTACCCCTAGGTATGGGGA_004,56
AGTACCCCTAGGTATGGGGA_005,101
AGTACCCCTAGGTATGGGGA_006,48
AGTACCCCTAGGTATGGGGA_007,28
AGTACCCCTAGGTATGGGGA_008,41
AGTACCCCTAGGTATGGGGA_009,73
AGTACCCCTAGGTATGGGGA_010,145
AGTACCCCTAGGTATGGGGA_011,148
AGTACCCCTAGGTATGGGGA_012,126
AGTACCCCTAGGTATGGGGA_013,107
AGTACCCCTAGGTATGGGGA_014,132
AGTACCCCTAGGTATGGGGA_015,52
AGTACCCCTAGGTATGGGGA_016,28
AGTACCCCTAGGTATGGGGA_017,124
AGTACCCCTAGGTATGGGGA_018,5
AGTACCCCTAGGTATGGGGA_019,58
AGTACCCCTAGGTATGGGGA_020,120
AGTACCCCTAGGTATGGGGA_021,9
AGTACCCCTAGGTATGGGGA_022,49
AGTACCCCTAGGTATGGGGA_023,29
AGTACCCCTAGGTATGGGGA_024,161
AGTACCCCTAGGTATGGGGA_025,39
AGTACCCCTAGGTATGGGGA_026,138
AGTACCCCTAGGTATGGGGA_027,198
AGTACCCCTAGGTATGGGGA_028,147
AGTACCCCTAGGTATGGGGA_029,50
AGTACCCCTAGGTATGGGGA_030,144
AGTACCCCTAGGTATGGGGA_031,161
ATTTATCATGTCACTGGACA_001,182
ATTTATCATGTCACTGGACA_002,154
ATTTATCATGTCACTGGACA_003,44
ATTTATCATGTCACTGGACA_004,93
ATTTATCATGTCACTGGACA_005,52
ATTTATCATGTCACTGGACA_006,197
ATTTATCATGTCACTGGACA_007,197
ATTTATCATGTCACTGGACA_008,144
GAAATATCAACAGCTACAGA_001,56
GAAATATCAACAGCTACAGA_002,173
GAAATATCAACAGCTACAGA_003,17
ATTGGGCAGAGAGCAGAAGG_001,133
ATTGGGCAGAGAGCAGAAGG_002,87
ATTGGGCAGAGAGCAGAAGG_003,172
ATTGGGCAGAGAGCAGAAGG_004,56
ATTGGGCAGAGAGCAGAAGG_005,175
ATTGGGCAGAGAGCAGAAGG_006,28
TTTAGGAATCTGGAAAACCA_001,65
TTTAGGAATCTGGAAAACCA_002,104
TTTAGGAATCTGGAAAACCA_003,32
TTTAGGAATCTGGAAAACCA_004,168
TTTAGGAATCTGGAAAACCA_005,184
TGCCCTGGCTACTATGAGAG_001,72
TGCCCTGGCTACTATGAGAG_002,72
TGCCCTGGCTACTATGAGAG_003,172
TGCCCTGGCTACTATGAGAG_004,199
TGCCCTGGCTACTATGAGAG_005,33
AGGACATACGGATCGATGAG_001,138
AGGACATACGGATCGATGAG_002,3
AGGACATACGGATCGATGAG_003,8
AGGACATACGGATCGATGAG_004,150
AGGACATACGGATCGATGAG_005,24
ACGGCCGACATGTTCACGCA_001,43
ACGGCCGACATGTTCACGCA_002,189
ACGGCCGACATGTTCACGCA_003,117
ACGGCCGACATGTTCACGCA_004,128
ACGGCCGACATGTTCACGCA_005,98
ACGGCCGACATGTTCACGCA_006,184
ACGGCCGACATGTTCACGCA_007,24
ACGGCCGACATGTTCACGCA_008,61
ACGGCCGACATGTTCACGCA_009,50
ACGGCCGACATGTTCACGCA_010,197
TGCACTGAAGAATCTAGGTG_001,190
TGCACTGAAGAATCTAGGTG_002,86
TGCACTGAAGAATCTAGGTG_003,14
TGCACTGAAGAATCTAGGTG_004,141
GCTTCCAATACCCTGCGATG_001,124
GCTTCCAATACCCTGCGATG_002,63
GCTTCCAATACCCTGCGATG_003,45
GCTTCCAATACCCTGCGATG_004,42
GCTTCCAATACCCTGCGATG_005,69
GCTTCCAATACCCTGCGATG_006,58
GCTTCCAATACCCTGCGATG_007,161
GCTTCCAATACCCTGCGATG_008,5
GCTTCCAATACCCTGCGATG_009,80
GCTTCCAATACCCTGCGATG_010,164
GCTTCCAATACCCTGCGATG_011,126
GCTTCCAATACCCTGCGATG_012,115
AGGTTACGGTTACGACTGGA_001,122
AGGTTACGGTTACGACTGGA_002,50
AGGTTACGGTTACGACTGGA_003,193
AGGTTACGGTTACGACTGGA_004,42
AGGTTACGGTTACGACTGGA_005,63
AGGTTACGGTTACGACTGGA_006,63
AGGTTACGGTTACGACTGGA_007,50
AGGTTACGGTTACGACTGGA_008,47
AGGTTACGGTTACGACTGGA_009,32
AGGTTACGGTTACGACTGGA_010,189
AGGTTACGGTTACGACTGGA_011,84
AGGTTACGGTTACGACTGGA_012,132
AGGTTACGGTTACGACTGGA_013,2
AGGTTACGGTTACGACTGGA_014,3
CCCAGGCTGCATAGTTGGAG_001,172
CCCAGGCTGCATAGTTGGAG_002,127
CCCAGGCTGCATAGTTGGAG_003,199
CCCAGGCTGCATAGTTGGAG_004,12
CCCAGGCTGCATAGTTGGAG_005,79
AGAAAACTTGGAACGAAAGT_001,121
AGAAAACTTGGAACGAAAGT_002,65
AGAAAACTTGGAACGAAAGT_003,150
AGAAAACTTGGAACGAAAGT_004,50
AGAAAACTTGGAACGAAAGT_005,50
AGAAAACTTGGAACGAAAGT_006,169
AGAAAACTTGGAACGAAAGT_007,167
AGAAAACTTGGAACGAAAGT_008,115
ATCGAGGTCGTCTAGTGCAA_001,9
ATCGAGGTCGTCTAGTGCAA_002,81
ATCGAGGTCGTCTAGTGCAA_003,119
ATCGAGGTCGTCTAGTGCAA_004,91
ATCGAGGTCGTCTAGTGCAA_005,141
ATCGAGGTCGTCTAGTGCAA_006,56
ATCGAGGTCGTCTAGTGCAA_007,162
ATCGAGGTCGTCTAGTGCAA_008,33
ATCGAGGTCGTCTAGTGCAA_009,42
ATCGAGGTCGTCTAGTGCAA_010,20
ATCGAGGTCGTCTAGTGCAA_011,93
ATCGAGGTCGTCTAGTGCAA_012,40
ATCGAGGTCGTCTAGTGCAA_013,166
ATCGAGGTCGTCTAGTGCAA_014,16
ATCGAGGTCGTCTAGTGCAA_015,56
ATCGAGGTCGTCTAGTGCAA_016,159
ATCGAGGTCGTCTAGTGCAA_017,149
ATCGAGGTCGTCTAGTGCAA_018,169
ATCGAGGTCGTCTAGTGCAA_019,58
ATCGAGGTCGTCTAGTGCAA_020,139
ATCGAGGTCGTCTAGTGCAA_021,41
ATCGAGGTCGTCTAGTGCAA_022,127
ATCGAGGTCGTCTAGTGCAA_023,14
ATCGAGGTCGTCTAGTGCAA_024,126
ATCGAGGTCGTCTAGTGCAA_025,98
ATCGAGGTCGTCTAGTGCAA_026,88
ATCGAGGTCGTCTAGTGCAA_027,78
ATCGAGGTCGTCTAGTGCAA_028,147
ATCGAGGTCGTCTAGTGCAA_029,94
ATCGAGGTCGTCTAGTGCAA_030,3
ATCGAGGTCGTCTAGTGCAA_031,40
ATCGAGGTCGTCTAGTGCAA_032,165
ATCGAGGTCGTCTAGTGCAA_033,37
ATCGAGGTCGTCTAGTGCAA_034,138
ATCGAGGTCGTCTAGTGCAA_035,14
ATCGAGGTCGTCTAGTGCAA_036,2
ATCGAGGTCGTCTAGTGCAA_037,156
CAGCTGTGTCCTTAACAACC_001,105
CAGCTGTGTCCTTAACAACC_002,149
CAGCTGTGTCCTTAACAACC_003,156
CAGCTGTGTCCTTAACAACC_004,5
CAGCTGTGTCCTTAACAACC_005,167
CAGCTGTGTCCTTAACAACC_006,197
CAGCTGTGTCCTTAACAACC_007,82
CAGCTGTGTCCTTAACAACC_008,77
CAGCTGTGTCCTTAACAACC_009,12
CAGCTGTGTCCTTAACAACC_010,199
CAGCTGTGTCCTTAACAACC_011,104
CAGAGAAAGTCATCGATGGA_001,121
CAGAGAAAGTCATCGATGGA_002,192
CAGAGAAAGTCATCGATGGA_003,117
CAGAGAAAGTCATCGATGGA_004,137
CAGAGAAAGTCATCGATGGA_005,24
TGATGTTGCCAAAATCAGTG_001,28
TGATGTTGCCAAAATCAGTG_002,140
TGATGTTGCCAAAATCAGTG_003,188
TGATGTTGCCAAAATCAGTG_004,168
TGATGTTGCCAAAATCAGTG_005,81
TGATGTTGCCAAAATCAGTG_006,199
TGATGTTGCCAAAATCAGTG_007,151
TGATGTTGCCAAAATCAGTG_008,9
TGATGTTGCCAAAATCAGTG_009,77
TGATGTTGCCAAAATCAGTG_010,147
GTACAGTTGAAGGTTGTGAC_001,140
GTACAGTTGAAGGTTGTGAC_002,84
GTACAGTTGAAGGTTGTGAC_003,23
GTACAGTTGAAGGTTGTGAC_004,105
GTACAGTTGAAGGTTGTGAC_005,15
GTACAGTTGAAGGTTGTGAC_006,107
GTACAGTTGAAGGTTGTGAC_007,109
GTACAGTTGAAGGTTGTGAC_008,127
GTACAGTTGAAGGTTGTGAC_009,54
GTACAGTTGAAGGTTGTGAC_010,48
GTACAGTTGAAGGTTGTGAC_011,88
GTACAGTTGAAGGTTGTGAC_012,190
GTACAGTTGAAGGTTGTGAC_013,75
GTACAGTTGAAGGTTGTGAC_014,177
GTACAGTTGAAGGTTGTGAC_015,177
GTACAGTTGAAGGTTGTGAC_016,158
GTACAGTTGAAGGTTGTGAC_017,174
GTACAGTTGAAGGTTGTGAC_018,145
GTACAGTTGAAGGTTGTGAC_019,85
GTACAGTTGAAGGTTGTGAC_020,190
GTACAGTTGAAGGTTGTGAC_021,162
GTACAGTTGAAGGTTGTGAC_022,88
GTACAGTTGAAGGTTGTGAC_023,102
GTACAGTTGAAGGTTGTGAC_024,187
GTACAGTTGAAGGTTGTGAC_025,51
GTACAGTTGAAGGTTGTGAC_026,76
GTACAGTTGAAGGTTGTGAC_027,156
GTACAGTTGAAGGTTGTGAC_028,88
GTACAGTTGAAGGTTGTGAC_029,169
GTACAGTTGAAGGTTGTGAC_030,69
GTACAGTTGAAGGTTGTGAC_031,88
GTACAGTTGAAGGTTGTGAC_032,66
GTACAGTTGAAGGTTGTGAC_033,124
GTACAGTTGAAGGTTGTGAC_034,178
GTACAGTTGAAGGTTGTGAC_035,0
GTACAGTTGAAGGTTGTGAC_036,18
TTCACACTTGAAACTCTCAG_001,199
TTCACACTTGAAACTCTCAG_002,49
TTCACACTTGAAACTCTCAG_003,184
TTCACACTTGAAACTCTCAG_004,81
TTCACACTTGAAACTCTCAG_005,88
TTCACACTTGAAACTCTCAG_006,20
TTCACACTTGAAACTCTCAG_007,62
AGATGTATGCTATGTGTCTC_001,176
AGATGTATGCTATGTGTCTC_002,31
AGATGTATGCTATGTGTCTC_003,94
AGATGTATGCTATGTGTCTC_004,40
AGGATCCACCCGATGAATGT_001,29
AGGATCCACCCGATGAATGT_002,105
AGGATCCACCCGATGAATGT_003,118
AGGATCCACCCGATGAATGT_004,153
AGGATCCACCCGATGAATGT_005,170
AGGATCCACCCGATGAATGT_006,45
AGGATCCACCCGATGAATGT_007,158
AGGATCCACCCGATGAATGT_008,172
AGGATCCACCCGATGAATGT_009,148
AGGATCCACCCGATGAATGT_010,149
AGGATCCACCCGATGAATGT_011,13
AGGATCCACCCGATGAATGT_012,77
AGGATCCACCCGATGAATGT_013,62
AGGATCCACCCGATGAATGT_014,124
AGGATCCACCCGATGAATGT_015,3
AGGATCCACCCGATGAATGT_016,23
AGGATCCACCCGATGAATGT_017,184
AGGATCCACCCGATGAATGT_018,46
AGGATCCACCCGATGAATGT_019,40
AGGGCTGGGGCGGTTGGTGT_001,184
AGGGCTGGGGCGGTTGGTGT_002,176
AGGGCTGGGGCGGTTGGTGT_003,158
AGGGCTGGGGCGGTTGGTGT_004,3
AGGGCTGGGGCGGTTGGTGT_005,168
AGGGCTGGGGCGGTTGGTGT_006,115
CTCGATTTCATAGACAACCA_001,15
CTCGATTTCATAGACAACCA_002,130
CTCGATTTCATAGACAACCA_003,50
CTCGATTTCATAGACAACCA_004,174
CTCGATTTCATAGACAACCA_005,129
AGCCCTGTTTCAACGCAGCG_001,151
AGCCCTGTTTCAACGCAGCG_002,191
AGCCCTGTTTCAACGCAGCG_003,146
AGCCCTGTTTCAACGCAGCG_004,48
AGCCCTGTTTCAACGCAGCG_005,149
AGCCCTGTTTCAACGCAGCG_006,118
AGCCCTGTTTCAACGCAGCG_007,102
AGCCCTGTTTCAACGCAGCG_008,57
AGCCCTGTTTCAACGCAGCG_009,12
AGCCCTGTTTCAACGCAGCG_010,61
AGCCCTGTTTCAACGCAGCG_011,170
AGCCCTGTTTCAACGCAGCG_012,156
AGCCCTGTTTCAACGCAGCG_013,199
AGCCCTGTTTCAACGCAGCG_014,43
AGCCCTGTTTCAACGCAGCG_015,50
AGCCCTGTTTCAACGCAGCG_016,88
AGCCCTGTTTCAACGCAGCG_017,19
AGCCCTGTTTCAACGCAGCG_018,60
AGCCCTGTTTCAACGCAGCG_019,123
AGCCCTGTTTCAACGCAGCG_020,20
GCCATTCATGATGAACGATG_001,127
GCCATTCATGATGAACGATG_002,194
GCCATTCATGATGAACGATG_003,198
GCCATTCATGATGAACGATG_004,19
GCCATTCATGATGAACGATG_005,19
TTGCCTCATCACATGAAGTG_001,141
TTGCCTCATCACATGAAGTG_002,43
TTGCCTCATCACATGAAGTG_003,60
TTGCCTCATCACATGAAGTG_004,79
TTGCCTCATCACATGAAGTG_005,175
TTGCCTCATCACATGAAGTG_006,11
TTGCCTCATCACATGAAGTG_007,1
TTGCCTCATCACATGAAGTG_008,42
TTGCCTCATCACATGAAGTG_009,16
TTGCCTCATCACATGAAGTG_010,115
TTGCCTCATCACATGAAGTG_011,120
TTGCCTCATCACATGAAGTG_012,96
TTGCCTCATCACATGAAGTG_013,104
TTGCCTCATCACATGAAGTG_014,27
TTGCCTCATCACATGAAGTG_015,168
TTGCCTCATCACATGAAGTG_016,182
TAAGCCCAAGTCAGAGCATG_001,188
TAAGCCCAAGTCAGAGCATG_002,150
TAAGCCCAAGTCAGAGCATG_003,195
TAAGCCCAAGTCAGAGCATG_004,91
TAAGCCCAAGTCAGAGCATG_005,0
TAAGCCCAAGTCAGAGCATG_006,64
TAAGCCCAAGTCAGAGCATG_007,36
TAAGCCCAAGTCAGAGCATG_008,188
TAAGCCCAAGTCAGAGCATG_009,6
TAAGCCCAAGTCAGAGCATG_010,169
TAAGCCCAAGTCAGAGCATG_011,158
TAAGCCCAAGTCAGAGCATG_012,83
TAAGCCCAAGTCAGAGCATG_013,148
TAAGCCCAAGTCAGAGCATG_014,169
TAAGCCCAAGTCAGAGCATG_015,148
TAAGCCCAAGTCAGAGCATG_016,49
TAAGCCCAAGTCAGAGCATG_017,55
TAAGCCCAAGTCAGAGCATG_018,139
TAAGCCCAAGTCAGAGCATG_019,174
TAAGCCCAAGTCAGAGCATG_020,34
TAAGCCCAAGTCAGAGCATG_021,147
TAAGCCCAAGTCAGAGCATG_022,2
TAAGCCCAAGTCAGAGCATG_023,170
TAAGCCCAAGTCAGAGCATG_024,141
TAAGCCCAAGTCAGAGCATG_025,174
TAAGCCCAAGTCAGAGCATG_026,67
TAAGCCCAAGTCAGAGCATG_027,177
TAAGCCCAAGTCAGAGCATG_028,8
TAAGCCCAAGTCAGAGCATG_029,174
TAAGCCCAAGTCAGAGCATG_030,147
TAAGCCCAAGTCAGAGCATG_031,126
TAAGCCCAAGTCAGAGCATG_032,59
TAAGCCCAAGTCAGAGCATG_033,41
TAAGCCCAAGTCAGAGCATG_034,169
TAAGCCCAAGTCAGAGCATG_035,145
ACTCGGCAGGTACAGCACTT_001,20
ACTCGGCAGGTACAGCACTT_002,192
ACTCGGCAGGTACAGCACTT_003,185
ACTCGGCAGGTACAGCACTT_004,127
ACTCGGCAGGTACAGCACTT_005,192
CAAGTGGCTCGCCGCCAGGT_001,185
CAAGTGGCTCGCCGCCAGGT_002,113
CAAGTGGCTCGCCGCCAGGT_003,49
CAAGTGGCTCGCCGCCAGGT_004,179
CAAGTGGCTCGCCGCCAGGT_005,162
CAAGTGGCTCGCCGCCAGGT_006,115
CAAGTGGCTCGCCGCCAGGT_007,55
CAAGTGGCTCGCCGCCAGGT_008,48
CAAGTGGCTCGCCGCCAGGT_009,15
AAAGATGAGACATCCACAAG_001,170
AAAGATGAGACATCCACAAG_002,150
AAAGATGAGACATCCACAAG_003,155
AAAGATGAGACATCCACAAG_004,48
AAAGATGAGACATCCACAAG_005,15
AAAGATGAGACATCCACAAG_006,172
AAAGATGAGACATCCACAAG_007,19
AAAGATGAGACATCCACAAG_008,30
AAAGATGAGACATCCACAAG_009,122
AAAGATGAGACATCCACAAG_010,125
AAAGATGAGACATCCACAAG_011,176
AAAGATGAGACATCCACAAG_012,63
AAAGATGAGACATCCACAAG_013,19
GAGCAGAGGCGACAACTGCA_001,140
GAGCAGAGGCGACAACTGCA_002,53
GAGCAGAGGCGACAACTGCA_003,145
GAGCAGAGGCGACAACTGCA_004,15
GAGCAGAGGCGACAACTGCA_005,27
GAGCAGAGGCGACAACTGCA_006,199
GAGCAGAGGCGACAACTGCA_007,125
GAGCAGAGGCGACAACTGCA_008,22
GAGCAGAGGCGACAACTGCA_009,14
GAGCAGAGGCGACAACTGCA_010,111
GTAGAAGAGAATCTAACCCA_001,175
GTAGAAGAGAATCTAACCCA_002,146
GTAGAAGAGAATCTAACCCA_003,109
GTAGAAGAGAATCTAACCCA_004,109
GTAGAAGAGAATCTAACCCA_005,182
GATCAACCTCAACCCGCTCA_001,175
GATCAACCTCAACCCGCTCA_002,57
GATCAACCTCAACCCGCTCA_003,43
GATCAACCTCAACCCGCTCA_004,147
GATCAACCTCAACCCGCTCA_005,157
GATCAACCTCAACCCGCTCA_006,82
GATCAACCTCAACCCGCTCA_007,53
GATCAACCTCAACCCGCTCA_008,139
GATCAACCTCAACCCGCTCA_009,27
GATCAACCTCAACCCGCTCA_010,171
GATCAACCTCAACCCGCTCA_011,13
GATCAACCTCAACCCGCTCA_012,88
GATCAACCTCAACCCGCTCA_013,28
GATCAACCTCAACCCGCTCA_014,185
GATCAACCTCAACCCGCTCA_015,174
GATCAACCTCAACCCGCTCA_016,140
GATCAACCTCAACCCGCTCA_017,178
GATCAACCTCAACCCGCTCA_018,62
GATCAACCTCAACCCGCTCA_019,4
GATCAACCTCAACCCGCTCA_020,42
GATCAACCTCAACCCGCTCA_021,35
GATCAACCTCAACCCGCTCA_022,168
GATCAACCTCAACCCGCTCA_023,64
GATCAACCTCAACCCGCTCA_024,26
GATCAACCTCAACCCGCTCA_025,75
GATCAACCTCAACCCGCTCA_026,86
GATCAACCTCAACCCGCTCA_027,108
GATCAACCTCAACCCGCTCA_028,75
GATCAACCTCAACCCGCTCA_029,98
GATCAACCTCAACCCGCTCA_030,14
GATCAACCTCAACCCGCTCA_031,115
GATCAACCTCAACCCGCTCA_032,124
GATCAACCTCAACCCGCTCA_033,151
GATCAACCTCAACCCGCTCA_034,104
GATCAACCTCAACCCGCTCA_035,99
CATCATAATAGACTGGCTGC_001,82
CATCATAATAGACTGGCTGC_002,127
CATCATAATAGACTGGCTGC_003,49
CATCATAATAGACTGGCTGC_004,147
CATCATAATAGACTGGCTGC_005,30
CATCATAATAGACTGGCTGC_006,136
CATCATAATAGACTGGCTGC_007,188
CATCATAATAGACTGGCTGC_008,34
CTGTCACTACTGCTCCCGCA_001,171
CTGTCACTACTGCTCCCGCA_002,103
AATTACATAAGCCCTAAACT_001,88
AATTACATAAGCCCTAAACT_002,15
AATTACATAAGCCCTAAACT_003,78
AATTACATAAGCCCTAAACT_004,147
AATTACATAAGCCCTAAACT_005,171
AATTACATAAGCCCTAAACT_006,159
AATTACATAAGCCCTAAACT_007,158
AGCTCTACGTCTTCGTCGTG_001,158
AGCTCTACGTCTTCGTCGTG_002,191
AGCTCTACGTCTTCGTCGTG_003,47
AGCTCTACGTCTTCGTCGTG_004,49
GATTGATCATGAGCACAGAA_001,84
GATTGATCATGAGCACAGAA_002,62
GATTGATCATGAGCACAGAA_003,139
GATTGATCATGAGCACAGAA_004,87
GATTGATCATGAGCACAGAA_005,27
GATTGATCATGAGCACAGAA_006,107
GATTGATCATGAGCACAGAA_007,193
GATTGATCATGAGCACAGAA_008,57
GATTGATCATGAGCACAGAA_009,41
GATTGATCATGAGCACAGAA_010,5
GATTGATCATGAGCACAGAA_011,151
GATTGATCATGAGCACAGAA_012,126
GATTGATCATGAGCACAGAA_013,70
GATTGATCATGAGCACAGAA_014,144
GATTGATCATGAGCACAGAA_015,152
GATTGATCATGAGCACAGAA_016,146
GATTGATCATGAGCACAGAA_017,140
GATTGATCATGAGCACAGAA_018,102
GATTGATCATGAGCACAGAA_019,63
CTCGTCCTGCACGTCCCGGG_001,175
CTCGTCCTGCACGTCCCGGG_002,34
CTCGTCCTGCACGTCCCGGG_003,175
CTCGTCCTGCACGTCCCGGG_004,2
CTCGTCCTGCACGTCCCGGG_005,88
CTCGTCCTGCACGTCCCGGG_006,6
CTCGTCCTGCACGTCCCGGG_007,150
CTCGTCCTGCACGTCCCGGG_008,3
CTCGTCCTGCACGTCCCGGG_009,61
CTCGTCCTGCACGTCCCGGG_010,34
CTCGTCCTGCACGTCCCGGG_011,1
CTCGTCCTGCACGTCCCGGG_012,139
CTCGTCCTGCACGTCCCGGG_013,44
CTCGTCCTGCACGTCCCGGG_014,104
CTCGTCCTGCACGTCCCGGG_015,41
CTCGTCCTGCACGTCCCGGG_016,4
CTCGTCCTGCACGTCCCGGG_017,111
CTCGTCCTGCACGTCCCGGG_018,192
CTCGTCCTGCACGTCCCGGG_019,162
CTCGTCCTGCACGTCCCGGG_020,104
CTCGTCCTGCACGTCCCGGG_021,34
CTCGTCCTGCACGTCCCGGG_022,1
CTCGTCCTGCACGTCCCGGG_023,78
CTCGTCCTGCACGTCCCGGG_024,188
CTCGTCCTGCACGTCCCGGG_025,106
CTCGTCCTGCACGTCCCGGG_026,90
GACAATAACTTACAACTCAG_001,149
GACAATAACTTACAACTCAG_002,64
GACAATAACTTACAACTCAG_003,77
GACAATAACTTACAACTCAG_004,141
GACAATAACTTACAACTCAG_005,150
GACAATAACTTACAACTCAG_006,150
GACAATAACTTACAACTCAG_007,128
GACAATAACTTACAACTCAG_008,26
GACAATAACTTACAACTCAG_009,36
GACAATAACTTACAACTCAG_010,177
GACAATAACTTACAACTCAG_011,81
GACAATAACTTACAACTCAG_012,63
GACAATAACTTACAACTCAG_013,138
GACAATAACTTACAACTCAG_014,11
AATTCTGCAAGGTTTAGTGG_001,137
AATTCTGCAAGGTTTAGTGG_002,106
AATTCTGCAAGGTTTAGTGG_003,43
AATTCTGCAAGGTTTAGTGG_004,154
AATTCTGCAAGGTTTAGTGG_005,62
TGACACAGAGCGCACGAGGG_001,1
TGACACAGAGCGCACGAGGG_002,6
TGACACAGAGCGCACGAGGG_003,108
TGACACAGAGCGCACGAGGG_004,143
TGACACAGAGCGCACGAGGG_005,154
TGACACAGAGCGCACGAGGG_006,115
TGACACAGAGCGCACGAGGG_007,78
TGACACAGAGCGCACGAGGG_008,78
TGACACAGAGCGCACGAGGG_009,185
TGACACAGAGCGCACGAGGG_010,60
TGACACAGAGCGCACGAGGG_011,34
TGACACAGAGCGCACGAGGG_012,4
TGACACAGAGCGCACGAGGG_013,168
GCTGTACCTGCCAAGCGAGT_001,49
GCTGTACCTGCCAAGCGAGT_002,51
GCTGTACCTGCCAAGCGAGT_003,162
GCTGTACCTGCCAAGCGAGT_004,22
GCTGTACCTGCCAAGCGAGT_005,62
GCTGTACCTGCCAAGCGAGT_006,17
GCTGTACCTGCCAAGCGAGT_007,163
GCTGTACCTGCCAAGCGAGT_008,135
GCTGTACCTGCCAAGCGAGT_009,29
GCTGTACCTGCCAAGCGAGT_010,35
TCGATCTCAAGCGCCACATG_001,43
TCGATCTCAAGCGCCACATG_002,147
TCGATCTCAAGCGCCACATG_003,160
TCGATCTCAAGCGCCACATG_004,94
TCGATCTCAAGCGCCACATG_005,115
TCGATCTCAAGCGCCACATG_006,103
TCGATCTCAAGCGCCACATG_007,162
TCGATCTCAAGCGCCACATG_008,94
TCGATCTCAAGCGCCACATG_009,142
TCGATCTCAAGCGCCACATG_010,158
TCGATCTCAAGCGCCACATG_011,58
TCGATCTCAAGCGCCACATG_012,55
TCGATCTCAAGCGCCACATG_013,27
TCGATCTCAAGCGCCACATG_014,174
TCGATCTCAAGCGCCACATG_015,3
TCGATCTCAAGCGCCACATG_016,29
TCGATCTCAAGCGCCACATG_017,2
TCGATCTCAAGCGCCACATG_018,121
TCGATCTCAAGCGCCACATG_019,183
TCGATCTCAAGCGCCACATG_020,104
TCGATCTCAAGCGCCACATG_021,18
TCGATCTCAAGCGCCACATG_022,183
TCGATCTCAAGCGCCACATG_023,156
TCGATCTCAAGCGCCACATG_024,81
TCGATCTCAAGCGCCACATG_025,104
TTCCCAAATTGGTAACCTGG_001,15
TTCCCAAATTGGTAACCTGG_002,40
TTCCCAAATTGGTAACCTGG_003,45
TTCCCAAATTGGTAACCTGG_004,62
TTCCCAAATTGGTAACCTGG_005,170
AGGTCTACGCGGTAGACGAG_001,118
AGGTCTACGCGGTAGACGAG_002,147
AGGTCTACGCGGTAGACGAG_003,148
AGGTCTACGCGGTAGACGAG_004,135
TTAAGTTCCTTATTGCACCA_001,172
TTAAGTTCCTTATTGCACCA_002,9
TTAAGTTCCTTATTGCACCA_003,118
TTAAGTTCCTTATTGCACCA_004,132
TTAAGTTCCTTATTGCACCA_005,171
TTAAGTTCCTTATTGCACCA_006,138
TTAAGTTCCTTATTGCACCA_007,166
TTAAGTTCCTTATTGCACCA_008,12
TTAAGTTCCTTATTGCACCA_009,141
TTAAGTTCCTTATTGCACCA_010,9
TTAAGTTCCTTATTGCACCA_011,118
CGACCACGGCATGACGACCG_001,121
CGACCACGGCATGACGACCG_002,92
CGACCACGGCATGACGACCG_003,127
CGACCACGGCATGACGACCG_004,143
CGACCACGGCATGACGACCG_005,31
CGACCACGGCATGACGACCG_006,5
CGACCACGGCATGACGACCG_007,23
CGACCACGGCATGACGACCG_008,79
CGACCACGGCATGACGACCG_009,79
CGACCACGGCATGACGACCG_010,168
GCTCATGTATGTTATCACAG_001,189
GGTTCTGGCGTGCCTCGGCG_001,41
GGTTCTGGCGTGCCTCGGCG_002,94
GGTTCTGGCGTGCCTCGGCG_003,115
GGTTCTGGCGTGCCTCGGCG_004,0
GGTTCTGGCGTGCCTCGGCG_005,198
GGTTCTGGCGTGCCTCGGCG_006,121
GGTTCTGGCGTGCCTCGGCG_007,11
GGTTCTGGCGTGCCTCGGCG_008,145
GGTTCTGGCGTGCCTCGGCG_009,137
GGTTCTGGCGTGCCTCGGCG_010,156
GGTTCTGGCGTGCCTCGGCG_011,104
GGTTCTGGCGTGCCTCGGCG_012,42
GGTTCTGGCGTGCCTCGGCG_013,26
GGTTCTGGCGTGCCTCGGCG_014,37
GGTTCTGGCGTGCCTCGGCG_015,197
GGTTCTGGCGTGCCTCGGCG_016,147
GGAAGTGGTGCATGCCACGG_001,98
GGAAGTGGTGCATGCCACGG_002,54
GGAAGTGGTGCATGCCACGG_003,13
GGAAGTGGTGCATGCCACGG_004,170
GGAAGTGGTGCATGCCACGG_005,105
GGAAGTGGTGCATGCCACGG_006,183
GGAAGTGGTGCATGCCACGG_007,25
GGAAGTGGTGCATGCCACGG_008,113
GGAAGTGGTGCATGCCACGG_009,120
GGAAGTGGTGCATGCCACGG_010,4
GGAAGTGGTGCATGCCACGG_011,36
GGAAGTGGTGCATGCCACGG_012,160
AGATCAACTAAAAGAGGTAT_001,158
AGATCAACTAAAAGAGGTAT_002,146
AGATCAACTAAAAGAGGTAT_003,102
AGATCAACTAAAAGAGGTAT_004,175
AGATCAACTAAAAGAGGTAT_005,62
AGATCAACTAAAAGAGGTAT_006,180
AGATCAACTAAAAGAGGTAT_007,173
AGATCAACTAAAAGAGGTAT_008,130
AGATCAACTAAAAGAGGTAT_009,6
ATCATCTCGACAACAAATGG_001,130
ATCATCTCGACAACAAATGG_002,117
ATCATCTCGACAACAAATGG_003,50
ATCATCTCGACAACAAATGG_004,130
ATCATCTCGACAACAAATGG_005,129
ATCATCTCGACAACAAATGG_006,12
ATCATCTCGACAACAAATGG_007,145
GCGGAGCTCAGCCTACCTCG_001,199
GCGGAGCTCAGCCTACCTCG_002,115
GCGGAGCTCAGCCTACCTCG_003,163
GCGGAGCTCAGCCTACCTCG_004,88
GCGGAGCTCAGCCTACCTCG_005,105
GCGGAGCTCAGCCTACCTCG_006,7
GCGGAGCTCAGCCTACCTCG_007,16
GCGGAGCTCAGCCTACCTCG_008,22
GCGGAGCTCAGCCTACCTCG_009,83
GCGGAGCTCAGCCTACCTCG_010,171
GCGGAGCTCAGCCTACCTCG_011,172
TTTCACAATTAACAGACACC_001,94
TTTCACAATTAACAGACACC_002,104
TTTCACAATTAACAGACACC_003,27
TTTCACAATTAACAGACACC_004,160
TTTCACAATTAACAGACACC_005,72
TTTCACAATTAACAGACACC_006,17
CCTGTCGGCCGACCGCAAAG_001,175
CCTGTCGGCCGACCGCAAAG_002,190
CCTGTCGGCCGACCGCAAAG_003,175
CCTGTCGGCCGACCGCAAAG_004,70
CCTGTCGGCCGACCGCAAAG_005,160
CCTGTCGGCCGACCGCAAAG_006,105
CCTGTCGGCCGACCGCAAAG_007,118
CCTGTCGGCCGACCGCAAAG_008,115
CCTGTCGGCCGACCGCAAAG_009,140
CGTCGGCGTCTACACGACAG_001,9
AAGCACGGGCTGTCACTCTA_001,158
AAGCACGGGCTGTCACTCTA_002,150
AAGCACGGGCTGTCACTCTA_003,130
AAGCACGGGCTGTCACTCTA_004,168
AAGCACGGGCTGTCACTCTA_005,96
AAGCACGGGCTGTCACTCTA_006,104
AAGCACGGGCTGTCACTCTA_007,48
AAGCACGGGCTGTCACTCTA_008,58
AAGCACGGGCTGTCACTCTA_009,125
AAGCACGGGCTGTCACTCTA_010,188
AAGCACGGGCTGTCACTCTA_011,62
AAGCACGGGCTGTCACTCTA_012,82
AAGCACGGGCTGTCACTCTA_013,103
AAGCACGGGCTGTCACTCTA_014,5
AAGCACGGGCTGTCACTCTA_015,6
AAGCACGGGCTGTCACTCTA_016,58
AAGCACGGGCTGTCACTCTA_017,70
AAGCACGGGCTGTCACTCTA_018,58
AAGCACGGGCTGTCACTCTA_019,117
AAGCACGGGCTGTCACTCTA_020,19
AAGCACGGGCTGTCACTCTA_021,196
AAGCACGGGCTGTCACTCTA_022,52
AAGCACGGGCTGTCACTCTA_023,56
AAGCACGGGCTGTCACTCTA_024,168
AAGCACGGGCTGTCACTCTA_025,70
AAGCACGGGCTGTCACTCTA_026,94
AAGCACGGGCTGTCACTCTA_027,102
AAGCACGGGCTGTCACTCTA_028,148
AAGCACGGGCTGTCACTCTA_029,191
AAGCACGGGCTGTCACTCTA_030,39
AAGCACGGGCTGTCACTCTA_031,140
AAGCACGGGCTGTCACTCTA_032,80
AAGCACGGGCTGTCACTCTA_033,29
AAGCACGGGCTGTCACTCTA_034,10
CTTTGATGGAAACTGGAATG_001,22
CTTTGATGGAAACTGGAATG_002,153
CTTTGATGGAAACTGGAATG_003,58
CTTTGATGGAAACTGGAATG_004,146
AAGATGCAGGGGGACCCCTG_001,40
AAGATGCAGGGGGACCCCTG_002,13
AAGATGCAGGGGGACCCCTG_003,101
AAGATGCAGGGGGACCCCTG_004,93
AAGATGCAGGGGGACCCCTG_005,158
AAGATGCAGGGGGACCCCTG_006,127
AAGATGCAGGGGGACCCCTG_007,184
AAGATGCAGGGGGACCCCTG_008,82
AAGATGCAGGGGGACCCCTG_009,3
AAGATGCAGGGGGACCCCTG_010,96
GATGGCACATCAATTACAGG_001,58
GATGGCACATCAATTACAGG_002,142
GGAGCAAACGCAGCACCTCA_001,173
GGAGCAAACGCAGCACCTCA_002,173
GGAGCAAACGCAGCACCTCA_003,137
GGAGCAAACGCAGCACCTCA_004,157
GGAGCAAACGCAGCACCTCA_005,157
GGAGCAAACGCAGCACCTCA_006,73
GGAGCAAACGCAGCACCTCA_007,97
GGAGCAAACGCAGCACCTCA_008,7
GGAGCAAACGCAGCACCTCA_009,178
GGAGCAAACGCAGCACCTCA_010,64
GGAGCAAACGCAGCACCTCA_011,151
GGAGCAAACGCAGCACCTCA_012,75
GGAGCAAACGCAGCACCTCA_013,56
GGAGCAAACGCAGCACCTCA_014,137
GGAGCAAACGCAGCACCTCA_015,15
GGAGCAAACGCAGCACCTCA_016,91
GGAGCAAACGCAGCACCTCA_017,117
GGAGCAAACGCAGCACCTCA_018,104
GGAGCAAACGCAGCACCTCA_019,53
GGAGCAAACGCAGCACCTCA_020,27
GGAGCAAACGCAGCACCTCA_021,81
GGAGCAAACGCAGCACCTCA_022,68
GGAGCAAACGCAGCACCTCA_023,152
GGAGCAAACGCAGCACCTCA_024,183
GGAGCAAACGCAGCACCTCA_025,162
GGAGCAAACGCAGCACCTCA_026,197
GGAGCAAACGCAGCACCTCA_027,157
GGAGCAAACGCAGCACCTCA_028,131
GGAGCAAACGCAGCACCTCA_029,137
GGAGCAAACGCAGCACCTCA_030,3
GGAGCAAACGCAGCACCTCA_031,106
GGAGCAAACGCAGCACCTCA_032,191
GGAGCAAACGCAGCACCTCA_033,160
GGAGCAAACGCAGCACCTCA_034,3
GGAGCAAACGCAGCACCTCA_035,166
GGAGCAAACGCAGCACCTCA_036,152
GGAGCAAACGCAGCACCTCA_037,106
GGAGCAAACGCAGCACCTCA_038,48
GGAGCAAACGCAGCACCTCA_039,67
GAGGATGAGGAAAAGAAACA_001,191
GAGGATGAGGAAAAGAAACA_002,77
GAGGATGAGGAAAAGAAACA_003,147
GAGGATGAGGAAAAGAAACA_004,147
GAGGATGAGGAAAAGAAACA_005,134
GAGGATGAGGAAAAGAAACA_006,29
GAGGATGAGGAAAAGAAACA_007,58
GAGGATGAGGAAAAGAAACA_008,140
GAGGATGAGGAAAAGAAACA_009,118
TGCATCCTCTACTACCCTGG_001,14
TGCATCCTCTACTACCCTGG_002,106
TGCATCCTCTACTACCCTGG_003,10
TTGATCTTGGCAGTTTCTAG_001,146
TTGATCTTGGCAGTTTCTAG_002,43
TTGATCTTGGCAGTTTCTAG_003,121
TTGATCTTGGCAGTTTCTAG_004,177
TTGATCTTGGCAGTTTCTAG_005,2
TTGATCTTGGCAGTTTCTAG_006,105
TTGATCTTGGCAGTTTCTAG_007,39
TTGATCTTGGCAGTTTCTAG_008,138
TTGATCTTGGCAGTTTCTAG_009,165
GCCCCTGCACCCAGCCTCTG_001,0
GCCCCTGCACCCAGCCTCTG_002,176
GCCCCTGCACCCAGCCTCTG_003,130
GCCCCTGCACCCAGCCTCTG_004,172
GCCCCTGCACCCAGCCTCTG_005,83
GCCCCTGCACCCAGCCTCTG_006,169
GCCCCTGCACCCAGCCTCTG_007,34
GCCCCTGCACCCAGCCTCTG_008,152
GCCCCTGCACCCAGCCTCTG_009,67
GCCCCTGCACCCAGCCTCTG_010,77
GCCCCTGCACCCAGCCTCTG_011,150
GCCCCTGCACCCAGCCTCTG_012,155
GCCCCTGCACCCAGCCTCTG_013,88
GCCCCTGCACCCAGCCTCTG_014,193
GCCCCTGCACCCAGCCTCTG_015,24
GCCCCTGCACCCAGCCTCTG_016,107
GCCCCTGCACCCAGCCTCTG_017,55
GCCCCTGCACCCAGCCTCTG_018,39
GCCCCTGCACCCAGCCTCTG_019,20
GCCCCTGCACCCAGCCTCTG_020,182
GCCCCTGCACCCAGCCTCTG_021,112
GCCCCTGCACCCAGCCTCTG_022,73
GCCCCTGCACCCAGCCTCTG_023,118
GCCCCTGCACCCAGCCTCTG_024,66
GCCCCTGCACCCAGCCTCTG_025,197
AACACCAGCAGCCTCACCCA_001,139
AACACCAGCAGCCTCACCCA_002,50
AACACCAGCAGCCTCACCCA_003,188
AACACCAGCAGCCTCACCCA_004,96
AACACCAGCAGCCTCACCCA_005,144
AACACCAGCAGCCTCACCCA_006,177
AGCAATGAGAGCCAGTCAGA_001,34
AGCAATGAGAGCCAGTCAGA_002,58
AGCAATGAGAGCCAGTCAGA_003,166
AGCAATGAGAGCCAGTCAGA_004,170
AGCAATGAGAGCCAGTCAGA_005,33
AGCAATGAGAGCCAGTCAGA_006,62
AGCAATGAGAGCCAGTCAGA_007,191
AGCAATGAGAGCCAGTCAGA_008,56
AGCAATGAGAGCCAGTCAGA_009,170
AGCAATGAGAGCCAGTCAGA_010,42
AGCAATGAGAGCCAGTCAGA_011,13
AGCAATGAGAGCCAGTCAGA_012,30
AGCAATGAGAGCCAGTCAGA_013,130
AGCAATGAGAGCCAGTCAGA_014,82
AGCAATGAGAGCCAGTCAGA_015,111
AGCAATGAGAGCCAGTCAGA_016,161
AGCAATGAGAGCCAGTCAGA_017,152
AGCAATGAGAGCCAGTCAGA_018,57
AGCAATGAGAGCCAGTCAGA_019,96
AGCAATGAGAGCCAGTCAGA_020,176
AGCAATGAGAGCCAGTCAGA_021,17
AGCAATGAGAGCCAGTCAGA_022,164
AGCAATGAGAGCCAGTCAGA_023,164
AGCAATGAGAGCCAGTCAGA_024,157
AGCAATGAGAGCCAGTCAGA_025,18
AGCAATGAGAGCCAGTCAGA_026,50
AGTGGATCTCTGTGCCACAT_001,48
AGTGGATCTCTGTGCCACAT_002,98
AGTGGATCTCTGTGCCACAT_003,98
AGTGGATCTCTGTGCCACAT_004,15
AGTGGATCTCTGTGCCACAT_005,26
AAGCGGAACACAGTTCATCT_001,38
AAGCGGAACACAGTTCATCT_002,115
AAGCGGAACACAGTTCATCT_003,191
AAGCGGAACACAGTTCATCT_004,161
AAGCGGAACACAGTTCATCT_005,82
AAGCGGAACACAGTTCATCT_006,169
AAGCGGAACACAGTTCATCT_007,194
AAGCGGAACACAGTTCATCT_008,110
AAGCGGAACACAGTTCATCT_009,69
AAGCGGAACACAGTTCATCT_010,123
AAGCGGAACACAGTTCATCT_011,161
AAGCGGAACACAGTTCATCT_012,136
AAGCGGAACACAGTTCATCT_013,137
AAGCGGAACACAGTTCATCT_014,28
ATCAATAGAAAAATGCAGTG_001,82
ATCAATAGAAAAATGCAGTG_002,192
ATCAATAGAAAAATGCAGTG_003,88
ATCAATAGAAAAATGCAGTG_004,88
ATCAATAGAAAAATGCAGTG_005,94
ATCAATAGAAAAATGCAGTG_006,172
ATCAATAGAAAAATGCAGTG_007,78
ATCAATAGAAAAATGCAGTG_008,17
ATCAATAGAAAAATGCAGTG_009,173
ATCAATAGAAAAATGCAGTG_010,151
ATCAATAGAAAAATGCAGTG_011,138
ATCAATAGAAAAATGCAGTG_012,162
ATCAATAGAAAAATGCAGTG_013,182
ATCAATAGAAAAATGCAGTG_014,27
ATCAATAGAAAAATGCAGTG_015,197
ATCAATAGAAAAATGCAGTG_016,108
ATCAATAGAAAAATGCAGTG_017,193
ATCAATAGAAAAATGCAGTG_018,21
ATCAATAGAAAAATGCAGTG_019,32
ATCAATAGAAAAATGCAGTG_020,17
ATCAATAGAAAAATGCAGTG_021,137
ATCAATAGAAAAATGCAGTG_022,58
ATCAATAGAAAAATGCAGTG_023,77
ATCAATAGAAAAATGCAGTG_024,35
ATCAATAGAAAAATGCAGTG_025,174
ATCAATAGAAAAATGCAGTG_026,67
ATCAATAGAAAAATGCAGTG_027,117
ATCAATAGAAAAATGCAGTG_028,166
ATCAATAGAAAAATGCAGTG_029,6
ATCAATAGAAAAATGCAGTG_030,51
ATCAATAGAAAAATGCAGTG_031,137
ATCAATAGAAAAATGCAGTG_032,115
GCAGCTGATCACCTGCCGGT_001,76
GCTTCACCCCAGGATTACAA_001,137
GCTTCACCCCAGGATTACAA_002,39
GCTTCACCCCAGGATTACAA_003,83
GCTTCACCCCAGGATTACAA_004,98
GCTTCACCCCAGGATTACAA_005,104
GCTTCACCCCAGGATTACAA_006,102
GCTTCACCCCAGGATTACAA_007,162
GGGAGGGGACACCAAACGTG_001,120
GGGAGGGGACACCAAACGTG_002,19
GGGAGGGGACACCAAACGTG_003,97
GGGAGGGGACACCAAACGTG_004,106
GGGAGGGGACACCAAACGTG_005,109
GGGAGGGGACACCAAACGTG_006,171
GGGAGGGGACACCAAACGTG_007,24
GGGAGGGGACACCAAACGTG_008,42
GGGAGGGGACACCAAACGTG_009,191
GGGAGGGGACACCAAACGTG_010,3
GGGAGGGGACACCAAACGTG_011,133
GGGAGGGGACACCAAACGTG_012,177
GGGAGGGGACACCAAACGTG_013,89
GGGAGGGGACACCAAACGTG_014,7
GGGAGGGGACACCAAACGTG_015,92
GGGAGGGGACACCAAACGTG_016,171
GGGAGGGGACACCAAACGTG_017,27
GGGAGGGGACACCAAACGTG_018,184
GGGAGGGGACACCAAACGTG_019,160
GGGAGGGGACACCAAACGTG_020,159
GGGAGGGGACACCAAACGTG_021,131
GGGAGGGGACACCAAACGTG_022,129
GGGAGGGGACACCAAACGTG_023,14
GGGAGGGGACACCAAACGTG_024,46
GGGAGGGGACACCAAACGTG_025,156
GGGAGGGGACACCAAACGTG_026,76
GGGAGGGGACACCAAACGTG_027,46
GGGAGGGGACACCAAACGTG_028,105
GGGAGGGGACACCAAACGTG_029,34
GGGAGGGGACACCAAACGTG_030,52
GGGAGGGGACACCAAACGTG_031,19
GGGAGGGGACACCAAACGTG_032,17
CCAATGATGACTTGGGCAAG_001,16
CCAATGATGACTTGGGCAAG_002,158
CCAATGATGACTTGGGCAAG_003,156
CCAATGATGACTTGGGCAAG_004,41
CCAATGATGACTTGGGCAAG_005,33
CCAATGATGACTTGGGCAAG_006,147
CCAATGATGACTTGGGCAAG_007,126
CCAATGATGACTTGGGCAAG_008,88
CTTTGTCCAAGAGACCGTTG_001,146
CTTTGTCCAAGAGACCGTTG_002,35
CTTTGTCCAAGAGACCGTTG_003,199
CTTTGTCCAAGAGACCGTTG_004,174
CTTTGTCCAAGAGACCGTTG_005,125
AGAACTCAGCTCCCTACATG_001,55
AGAACTCAGCTCCCTACATG_002,173
AGAACTCAGCTCCCTACATG_003,116
AGAACTCAGCTCCCTACATG_004,157
AGAACTCAGCTCCCTACATG_005,7
AGAACTCAGCTCCCTACATG_006,5
AGAACTCAGCTCCCTACATG_007,161
AGAACTCAGCTCCCTACATG_008,107
AGAACTCAGCTCCCTACATG_009,21
AGAACTCAGCTCCCTACATG_010,138
AGAACTCAGCTCCCTACATG_011,10
AGAACTCAGCTCCCTACATG_012,31
GCATCAGCGGGTTCACGAGT_001,107
GCATCAGCGGGTTCACGAGT_002,57
GCATCAGCGGGTTCACGAGT_003,4
GCATCAGCGGGTTCACGAGT_004,144
GCATCAGCGGGTTCACGAGT_005,132
GCATCAGCGGGTTCACGAGT_006,33
GCATCAGCGGGTTCACGAGT_007,152
GCATCAGCGGGTTCACGAGT_008,25
GCATCAGCGGGTTCACGAGT_009,102
GCATCAGCGGGTTCACGAGT_010,48
GCATCAGCGGGTTCACGAGT_011,164
GCATCAGCGGGTTCACGAGT_012,60
GCATCAGCGGGTTCACGAGT_013,161
GCATCAGCGGGTTCACGAGT_014,82
GCATCAGCGGGTTCACGAGT_015,158
GCATCAGCGGGTTCACGAGT_016,68
GCATCAGCGGGTTCACGAGT_017,10
GCATCAGCGGGTTCACGAGT_018,117
GCATCAGCGGGTTCACGAGT_019,40
GCATCAGCGGGTTCACGAGT_020,56
GCATCAGCGGGTTCACGAGT_021,11
GCATCAGCGGGTTCACGAGT_022,54
GCATCAGCGGGTTCACGAGT_023,11
GCATCAGCGGGTTCACGAGT_024,135
GCATCAGCGGGTTCACGAGT_025,87
GCATCAGCGGGTTCACGAGT_026,50
GCATCAGCGGGTTCACGAGT_027,132
GCATCAGCGGGTTCACGAGT_028,162
GCATCAGCGGGTTCACGAGT_029,180
GCATCAGCGGGTTCACGAGT_030,178
GCATCAGCGGGTTCACGAGT_031,89
GCATCAGCGGGTTCACGAGT_032,98
TATATTGCAAGACATAATGC_001,156
TATATTGCAAGACATAATGC_002,104
TATATTGCAAGACATAATGC_003,99
TGGTAAGTTATCTGTACTGC_001,94
TGGTAAGTTATCTGTACTGC_002,149
TGGTAAGTTATCTGTACTGC_003,169
TGGTAAGTTATCTGTACTGC_004,1
TGGTAAGTTATCTGTACTGC_005,178
TGGTAAGTTATCTGTACTGC_006,177
TGGTAAGTTATCTGTACTGC_007,103
TGGTAAGTTATCTGTACTGC_008,23
TGGTAAGTTATCTGTACTGC_009,166
CACTGCCGAGAGGTCCTCCG_001,199
CACTGCCGAGAGGTCCTCCG_002,107
CACTGCCGAGAGGTCCTCCG_003,142
CACTGCCGAGAGGTCCTCCG_004,170
CACTGCCGAGAGGTCCTCCG_005,47
CACTGCCGAGAGGTCCTCCG_006,121
CACTGCCGAGAGGTCCTCCG_007,106
CACTGCCGAGAGGTCCTCCG_008,27
AGAGCTGATAGCATGTATGA_001,77
AGAGCTGATAGCATGTATGA_002,188
AGAGCTGATAGCATGTATGA_003,107
AGAGCTGATAGCATGTATGA_004,137
TGGATGTCGCCGCACACCTG_001,94
TGGATGTCGCCGCACACCTG_002,76
TGGATGTCGCCGCACACCTG_003,162
TGGATGTCGCCGCACACCTG_004,131
TGGATGTCGCCGCACACCTG_005,133
TGGATGTCGCCGCACACCTG_006,29
TGGATGTCGCCGCACACCTG_007,196
TGGATGTCGCCGCACACCTG_008,192
TGGATGTCGCCGCACACCTG_009,105
TGGATGTCGCCGCACACCTG_010,179
TGGATGTCGCCGCACACCTG_011,50
TGGATGTCGCCGCACACCTG_012,177
TGGATGTCGCCGCACACCTG_013,148
TGGATGTCGCCGCACACCTG_014,96
TGGATGTCGCCGCACACCTG_015,183
TGGATGTCGCCGCACACCTG_016,184
TGGATGTCGCCGCACACCTG_017,98
TGGATGTCGCCGCACACCTG_018,25
TGGATGTCGCCGCACACCTG_019,157
TGGATGTCGCCGCACACCTG_020,93
TGGATGTCGCCGCACACCTG_021,29
TGGATGTCGCCGCACACCTG_022,111
TGGATGTCGCCGCACACCTG_023,9
TGGATGTCGCCGCACACCTG_024,29
TGGATGTCGCCGCACACCTG_025,69
TGGATGTCGCCGCACACCTG_026,40
TGGATGTCGCCGCACACCTG_027,146
TGGATGTCGCCGCACACCTG_028,1
TGGATGTCGCCGCACACCTG_029,66
CGCTGTGGTATATTGCCTGG_001,103
GATGGCAATGACGATCCCCA_001,9
GATGGCAATGACGATCCCCA_002,185
GATGGCAATGACGATCCCCA_003,132
GATGGCAATGACGATCCCCA_004,188
GATGGCAATGACGATCCCCA_005,115
GATGGCAATGACGATCCCCA_006,169
GATGGCAATGACGATCCCCA_007,150
GATGGCAATGACGATCCCCA_008,176
GATGGCAATGACGATCCCCA_009,190
GATGGCAATGACGATCCCCA_010,163
GATGGCAATGACGATCCCCA_011,12
GATGGCAATGACGATCCCCA_012,182
GATGGCAATGACGATCCCCA_013,88
GATGGCAATGACGATCCCCA_014,78
GATGGCAATGACGATCCCCA_015,155
GATGGCAATGACGATCCCCA_016,28
GATGGCAATGACGATCCCCA_017,94
GATGGCAATGACGATCCCCA_018,137
GATGGCAATGACGATCCCCA_019,139
GATGGCAATGACGATCCCCA_020,171
GATGGCAATGACGATCCCCA_021,181
GATGGCAATGACGATCCCCA_022,28
GATGGCAATGACGATCCCCA_023,175
GATGGCAATGACGATCCCCA_024,29
GATGGCAATGACGATCCCCA_025,57
CAGTTTGATCACGACCGATG_001,144
CAGTTTGATCACGACCGATG_002,198
CAGTTTGATCACGACCGATG_003,48
CAGTTTGATCACGACCGATG_004,5
CAGTTTGATCACGACCGATG_005,178
CAGTTTGATCACGACCGATG_006,125
CAGTTTGATCACGACCGATG_007,120
CAGTTTGATCACGACCGATG_008,183
CAGTTTGATCACGACCGATG_009,139
CAGTTTGATCACGACCGATG_010,170
CAGTTTGATCACGACCGATG_011,134
CAGTTTGATCACGACCGATG_012,150
GCACTACAAAACCTTTGAGA_001,43
GCACTACAAAACCTTTGAGA_002,49
GCACTACAAAACCTTTGAGA_003,11
GCACTACAAAACCTTTGAGA_004,140
GTTCTGCTATGGAAGCTGCT_001,152
GTTCTGCTATGGAAGCTGCT_002,168
GTTCTGCTATGGAAGCTGCT_003,94
GTTCTGCTATGGAAGCTGCT_004,145
GTTCTGCTATGGAAGCTGCT_005,29
GTTCTGCTATGGAAGCTGCT_006,106
GTTCTGCTATGGAAGCTGCT_007,83
GTTCTGCTATGGAAGCTGCT_008,180
GTTCTGCTATGGAAGCTGCT_009,12
GTTCTGCTATGGAAGCTGCT_010,53
GTTCTGCTATGGAAGCTGCT_011,62
GTTCTGCTATGGAAGCTGCT_012,155
GTTCTGCTATGGAAGCTGCT_013,144
GTTCTGCTATGGAAGCTGCT_014,78
GTTCTGCTATGGAAGCTGCT_015,179
TTCCAAACACATGATGAAGG_001,175
ACGAACAGAGAGACTCCCGG_001,172
ACGAACAGAGAGACTCCCGG_002,51
ACGAACAGAGAGACTCCCGG_003,81
ACGAACAGAGAGACTCCCGG_004,3
ACGAACAGAGAGACTCCCGG_005,34
ACGAACAGAGAGACTCCCGG_006,43
ACGAACAGAGAGACTCCCGG_007,183
ACGAACAGAGAGACTCCCGG_008,31
ACGAACAGAGAGACTCCCGG_009,87
ACGAACAGAGAGACTCCCGG_010,37
ACGAACAGAGAGACTCCCGG_011,130
ACGAACAGAGAGACTCCCGG_012,191
GGAGAAACGGTACACGTGCG_001,113
GGAGAAACGGTACACGTGCG_002,115
GGAGAAACGGTACACGTGCG_003,145
GGAGAAACGGTACACGTGCG_004,174
GGAGAAACGGTACACGTGCG_005,88
GGAGAAACGGTACACGTGCG_006,108
GGAGAAACGGTACACGTGCG_007,98
GGAGAAACGGTACACGTGCG_008,170
GGAGAAACGGTACACGTGCG_009,65
GGAGAAACGGTACACGTGCG_010,197
GGAGAAACGGTACACGTGCG_011,145
TAGAGCTGGAAAGTGACGAA_001,26
TAGAGCTGGAAAGTGACGAA_002,150
TAGAGCTGGAAAGTGACGAA_003,171
TAGAGCTGGAAAGTGACGAA_004,137
TAGAGCTGGAAAGTGACGAA_005,1
TAGAGCTGGAAAGTGACGAA_006,170
TAGAGCTGGAAAGTGACGAA_007,97
TAGAGCTGGAAAGTGACGAA_008,155
TAGAGCTGGAAAGTGACGAA_009,28
TAGAGCTGGAAAGTGACGAA_010,8
TAGAGCTGGAAAGTGACGAA_011,159
TAGAGCTGGAAAGTGACGAA_012,34
TAGAGCTGGAAAGTGACGAA_013,153
CTTCCCAAAGCTTAACCCTG_001,191
CTTCCCAAAGCTTAACCCTG_002,191
CTTCCCAAAGCTTAACCCTG_003,89
CTTCCCAAAGCTTAACCCTG_004,29
CTTCCCAAAGCTTAACCCTG_005,91
CTTCCCAAAGCTTAACCCTG_006,75
CTTCCCAAAGCTTAACCCTG_007,29
CTTCCCAAAGCTTAACCCTG_008,166
CTTCCCAAAGCTTAACCCTG_009,138
CTTCCCAAAGCTTAACCCTG_010,63
CTTCCCAAAGCTTAACCCTG_011,158
CTTCCCAAAGCTTAACCCTG_012,16
CTTCCCAAAGCTTAACCCTG_013,2
CTTCCCAAAGCTTAACCCTG_014,111
CTTCCCAAAGCTTAACCCTG_015,135
CTTCCCAAAGCTTAACCCTG_016,6
CTTCCCAAAGCTTAACCCTG_017,145
CTTCCCAAAGCTTAACCCTG_018,4
CTTCCCAAAGCTTAACCCTG_019,62
CTTCCCAAAGCTTAACCCTG_020,142
CTTCCCAAAGCTTAACCCTG_021,28
CTTCCCAAAGCTTAACCCTG_022,78
TTATAGTCCGAATAAGCATG_001,104
TTATAGTCCGAATAAGCATG_002,56
AGGCGCGGCTTGGCAGACGG_001,97
AGGCGCGGCTTGGCAGACGG_002,16
AGGCGCGGCTTGGCAGACGG_003,112
AGGCGCGGCTTGGCAGACGG_004,118
AGGCGCGGCTTGGCAGACGG_005,62
AGGCGCGGCTTGGCAGACGG_006,57
AGGCGCGGCTTGGCAGACGG_007,187
AGGCGCGGCTTGGCAGACGG_008,12
AGGCGCGGCTTGGCAGACGG_009,56
AGGCGCGGCTTGGCAGACGG_010,141
AGGCGCGGCTTGGCAGACGG_011,198
AGGCGCGGCTTGGCAGACGG_012,169
AGGCGCGGCTTGGCAGACGG_013,125
AGGCGCGGCTTGGCAGACGG_014,106
AGGCGCGGCTTGGCAGACGG_015,8
AGGCGCGGCTTGGCAGACGG_016,134
AGGCGCGGCTTGGCAGACGG_017,178
AGGCGCGGCTTGGCAGACGG_018,134
AGGCGCGGCTTGGCAGACGG_019,170
AGGCGCGGCTTGGCAGACGG_020,78
TGACCGACTTCGGCCACACG_001,190
TGACCGACTTCGGCCACACG_002,78
TGACCGACTTCGGCCACACG_003,89
TGACCGACTTCGGCCACACG_004,75
TGACCGACTTCGGCCACACG_005,138
TGACCGACTTCGGCCACACG_006,40
TGACCGACTTCGGCCACACG_007,98
TGACCGACTTCGGCCACACG_008,87
TGACCGACTTCGGCCACACG_009,178
TGACCGACTTCGGCCACACG_010,141
TGACCGACTTCGGCCACACG_011,88
TGACCGACTTCGGCCACACG_012,32
TGACCGACTTCGGCCACACG_013,15
TGACCGACTTCGGCCACACG_014,81
TGACCGACTTCGGCCACACG_015,132
TGACCGACTTCGGCCACACG_016,94
TGACCGACTTCGGCCACACG_017,119
GGAGCCAAGAGTGATCGATG_001,17
GGAGCCAAGAGTGATCGATG_002,63
GGAGCCAAGAGTGATCGATG_003,80
GGAGCCAAGAGTGATCGATG_004,50
GGAGCCAAGAGTGATCGATG_005,163
GGAGCCAAGAGTGATCGATG_006,4
GGAGCCAAGAGTGATCGATG_007,2
GGAGCCAAGAGTGATCGATG_008,56
GGAGCCAAGAGTGATCGATG_009,28
CCAGCATGGTGGGATTTATG_001,27
CCAGCATGGTGGGATTTATG_002,146
CCAGCATGGTGGGATTTATG_003,7
CCAGCATGGTGGGATTTATG_004,163
CCAGCATGGTGGGATTTATG_005,115
CCAGCATGGTGGGATTTATG_006,16
CCAGCATGGTGGGATTTATG_007,12
GGCTCCCAGCAAAGCATCAG_001,77
GGCTCCCAGCAAAGCATCAG_002,169
GGCTCCCAGCAAAGCATCAG_003,178
GGCTCCCAGCAAAGCATCAG_004,101
GGCTCCCAGCAAAGCATCAG_005,113
GGCTCCCAGCAAAGCATCAG_006,68
GGCTCCCAGCAAAGCATCAG_007,64
GGCTCCCAGCAAAGCATCAG_008,16
GGCTCCCAGCAAAGCATCAG_009,145
GGCTCCCAGCAAAGCATCAG_010,147
GGCTCCCAGCAAAGCATCAG_011,1
GGCTCCCAGCAAAGCATCAG_012,44
GGCTCCCAGCAAAGCATCAG_013,154
GGCTCCCAGCAAAGCATCAG_014,73
GGCTCCCAGCAAAGCATCAG_015,30
GGCTCCCAGCAAAGCATCAG_016,27
GGCTCCCAGCAAAGCATCAG_017,104
GGCTCCCAGCAAAGCATCAG_018,52
GGCTCCCAGCAAAGCATCAG_019,180
GGCTCCCAGCAAAGCATCAG_020,56
ATTGTGGGCTTATCAACAGT_001,187
ATTGTGGGCTTATCAACAGT_002,162
ATTGTGGGCTTATCAACAGT_003,127
ATTGTGGGCTTATCAACAGT_004,70
ATTGTGGGCTTATCAACAGT_005,198
CTCTCTGCAATCCATCCCGA_001,78
CTCTCTGCAATCCATCCCGA_002,166
CTCTCTGCAATCCATCCCGA_003,76
CTCTCTGCAATCCATCCCGA_004,196
CTCTCTGCAATCCATCCCGA_005,183
CTCTCTGCAATCCATCCCGA_006,183
CTCTCTGCAATCCATCCCGA_007,72
CTCTCTGCAATCCATCCCGA_008,78
CTCTCTGCAATCCATCCCGA_009,198
CTCTCTGCAATCCATCCCGA_010,35
CTCTCTGCAATCCATCCCGA_011,108
CTCTCTGCAATCCATCCCGA_012,184
CTCTCTGCAATCCATCCCGA_013,49
CTCTCTGCAATCCATCCCGA_014,103
CTCTCTGCAATCCATCCCGA_015,6
GTGTACCAGACACAAGTCCA_001,97
GTGTACCAGACACAAGTCCA_002,108
GTGTACCAGACACAAGTCCA_003,113
GTGTACCAGACACAAGTCCA_004,62
GTGTACCAGACACAAGTCCA_005,41
GTGTACCAGACACAAGTCCA_006,94
GTGTACCAGACACAAGTCCA_007,28
GTGTACCAGACACAAGTCCA_008,125
GTGTACCAGACACAAGTCCA_009,16
GTGTACCAGACACAAGTCCA_010,0
GTGTACCAGACACAAGTCCA_011,147
GTGTACCAGACACAAGTCCA_012,126
GTGTACCAGACACAAGTCCA_013,108
GTGTACCAGACACAAGTCCA_014,170
GTGTACCAGACACAAGTCCA_015,49
GTGTACCAGACACAAGTCCA_016,29
GTGTACCAGACACAAGTCCA_017,168
GTGTACCAGACACAAGTCCA_018,50
GTGTACCAGACACAAGTCCA_019,137
GTGTACCAGACACAAGTCCA_020,165
GTGTACCAGACACAAGTCCA_021,14
GTGTACCAGACACAAGTCCA_022,138
GTGTACCAGACACAAGTCCA_023,155
TGAGCTCACTCATGTTGACA_001,179
TGAGCTCACTCATGTTGACA_002,116
TGAGCTCACTCATGTTGACA_003,68
TGAGCTCACTCATGTTGACA_004,34
TGAGCTCACTCATGTTGACA_005,180
AGGACACAGACAGTTCAGCA_001,77
AGGACACAGACAGTTCAGCA_002,139
AGGACACAGACAGTTCAGCA_003,85
AGGACACAGACAGTTCAGCA_004,188
GTCATTGCGGAGGGCCATGG_001,198
GTCATTGCGGAGGGCCATGG_002,127
GTCATTGCGGAGGGCCATGG_003,58
GTCATTGCGGAGGGCCATGG_004,27
GTCATTGCGGAGGGCCATGG_005,119
GTCATTGCGGAGGGCCATGG_006,6
GTCATTGCGGAGGGCCATGG_007,6
GTCATTGCGGAGGGCCATGG_008,162
GTCATTGCGGAGGGCCATGG_009,158
GTCATTGCGGAGGGCCATGG_010,52
GTCATTGCGGAGGGCCATGG_011,199
GTCATTGCGGAGGGCCATGG_012,126
GTCATTGCGGAGGGCCATGG_013,116
GTCATTGCGGAGGGCCATGG_014,195
GTCATTGCGGAGGGCCATGG_015,197
GTCATTGCGGAGGGCCATGG_016,2
GTCATTGCGGAGGGCCATGG_017,139
GTCATTGCGGAGGGCCATGG_018,83
GTCATTGCGGAGGGCCATGG_019,149
GTCATTGCGGAGGGCCATGG_020,16
GTCATTGCGGAGGGCCATGG_021,72
GTCATTGCGGAGGGCCATGG_022,60
GTCATTGCGGAGGGCCATGG_023,127
GTCATTGCGGAGGGCCATGG_024,168
GTCATTGCGGAGGGCCATGG_025,56
GTCATTGCGGAGGGCCATGG_026,94
GTCATTGCGGAGGGCCATGG_027,2
GTCATTGCGGAGGGCCATGG_028,19
GTCATTGCGGAGGGCCATGG_029,188
GTCATTGCGGAGGGCCATGG_030,63
CAGAATACAGACCCTGCCGG_001,56
CAGAATACAGACCCTGCCGG_002,183
CAGAATACAGACCCTGCCGG_003,187
CAGAATACAGACCCTGCCGG_004,115
CAGAATACAGACCCTGCCGG_005,129
CAGAATACAGACCCTGCCGG_006,12
CAGAATACAGACCCTGCCGG_007,83
CTTAATCAGTGAGGCCACGA_001,150
CTTAATCAGTGAGGCCACGA_002,9
CTTAATCAGTGAGGCCACGA_003,156
CTTAATCAGTGAGGCCACGA_004,162
CTTAATCAGTGAGGCCACGA_005,62
CTTAATCAGTGAGGCCACGA_006,171
CTTAATCAGTGAGGCCACGA_007,17
CTTAATCAGTGAGGCCACGA_008,63
CTTAATCAGTGAGGCCACGA_009,53
CTTAATCAGTGAGGCCACGA_010,89
CTTAATCAGTGAGGCCACGA_011,148
CTTAATCAGTGAGGCCACGA_012,120
CTTAATCAGTGAGGCCACGA_013,163
CTTAATCAGTGAGGCCACGA_014,17
CTTAATCAGTGAGGCCACGA_015,43
CTTAATCAGTGAGGCCACGA_016,19
CTTAATCAGTGAGGCCACGA_017,19
CTTAATCAGTGAGGCCACGA_018,10
CTTAATCAGTGAGGCCACGA_019,3
CTTAATCAGTGAGGCCACGA_020,179
ATTGAAGCGAATGTCGAAGG_001,2
ATTGAAGCGAATGTCGAAGG_002,0
ATTGAAGCGAATGTCGAAGG_003,27
ATTGAAGCGAATGTCGAAGG_004,2
ATTGAAGCGAATGTCGAAGG_005,102
ATTGAAGCGAATGTCGAAGG_006,29
ATTGAAGCGAATGTCGAAGG_007,49
ATTGAAGCGAATGTCGAAGG_008,29
TTTATTCAGAAGGATCCGCA_001,94
TTTATTCAGAAGGATCCGCA_002,137
TTTATTCAGAAGGATCCGCA_003,134
TTTATTCAGAAGGATCCGCA_004,60
TTTATTCAGAAGGATCCGCA_005,150
TTTATTCAGAAGGATCCGCA_006,63
TTTATTCAGAAGGATCCGCA_007,129
TTTATTCAGAAGGATCCGCA_008,191
TTTATTCAGAAGGATCCGCA_009,49
TTTATTCAGAAGGATCCGCA_010,8
CCGGCAATAATCCAGGACGG_001,188
CCGGCAATAATCCAGGACGG_002,48
CCGGCAATAATCCAGGACGG_003,81
CCGGCAATAATCCAGGACGG_004,149
CCGGCAATAATCCAGGACGG_005,63
CCGGCAATAATCCAGGACGG_006,147
CTACTCATCCTGTTAGTACG_001,78
CTACTCATCCTGTTAGTACG_002,0
CTACTCATCCTGTTAGTACG_003,85
CTACTCATCCTGTTAGTACG_004,74
CTACTCATCCTGTTAGTACG_005,1
CTACTCATCCTGTTAGTACG_006,198
CTACTCATCCTGTTAGTACG_007,140
CTACTCATCCTGTTAGTACG_008,67
CTACTCATCCTGTTAGTACG_009,187
CTACTCATCCTGTTAGTACG_010,177
GAAGTGGCGACTGAACCCGC_001,112
GAAGTGGCGACTGAACCCGC_002,15
GAAGTGGCGACTGAACCCGC_003,158
GAAGTGGCGACTGAACCCGC_004,107
GAAGTGGCGACTGAACCCGC_005,88
GAAGTGGCGACTGAACCCGC_006,133
GAAGTGGCGACTGAACCCGC_007,17
GAAGTGGCGACTGAACCCGC_008,149
GAAGTGGCGACTGAACCCGC_009,70
GAAGTGGCGACTGAACCCGC_010,150
GAAGTGGCGACTGAACCCGC_011,114
CAATGGGACTTAAAAATGCG_001,175
CAATGGGACTTAAAAATGCG_002,120
CACGCACACCCCCTCCACGT_001,176
CACGCACACCCCCTCCACGT_002,153
CACGCACACCCCCTCCACGT_003,43
CACGCACACCCCCTCCACGT_004,30
CACGCACACCCCCTCCACGT_005,149
CACGCACACCCCCTCCACGT_006,84
CACGCACACCCCCTCCACGT_007,169
CACGCACACCCCCTCCACGT_008,88
CACGCACACCCCCTCCACGT_009,85
CACGCACACCCCCTCCACGT_010,157
CACGCACACCCCCTCCACGT_011,22
CACGCACACCCCCTCCACGT_012,98
CACGCACACCCCCTCCACGT_013,177
CACGCACACCCCCTCCACGT_014,90
CACGCACACCCCCTCCACGT_015,57
CACGCACACCCCCTCCACGT_016,17
ATGTTCACGAGTGAGTTGAA_001,78
ATGTTCACGAGTGAGTTGAA_002,87
ATGTTCACGAGTGAGTTGAA_003,87
ATGTTCACGAGTGAGTTGAA_004,145
ATGTTCACGAGTGAGTTGAA_005,1
ATGTTCACGAGTGAGTTGAA_006,108
ATGTTCACGAGTGAGTTGAA_007,78
ATGTTCACGAGTGAGTTGAA_008,175
ATGTTCACGAGTGAGTTGAA_009,168
ATGTTCACGAGTGAGTTGAA_010,93
CTCCAGAGAATTTCTCCCCG_001,171
CTCCAGAGAATTTCTCCCCG_002,58
CTCCAGAGAATTTCTCCCCG_003,177
CTCCAGAGAATTTCTCCCCG_004,158
CTCACCCATCGACCCGAGCG_001,35
CTCACCCATCGACCCGAGCG_002,35
CTCACCCATCGACCCGAGCG_003,77
CTCACCCATCGACCCGAGCG_004,21
CTCACCCATCGACCCGAGCG_005,38
CTTCCGGAAACCCAAAGACA_001,178
CTTCCGGAAACCCAAAGACA_002,41
CTTCCGGAAACCCAAAGACA_003,148
CTTCCGGAAACCCAAAGACA_004,177
CTTCCGGAAACCCAAAGACA_005,83
CTTCCGGAAACCCAAAGACA_006,8
CTTCCGGAAACCCAAAGACA_007,37
CTTCCGGAAACCCAAAGACA_008,191
CTTCCGGAAACCCAAAGACA_009,137
CTTCGGGTACTTGGTAAAGG_001,116
CTTCGGGTACTTGGTAAAGG_002,9
CTTCGGGTACTTGGTAAAGG_003,149
CTTCGGGTACTTGGTAAAGG_004,134
CTTCGGGTACTTGGTAAAGG_005,199
CTTCGGGTACTTGGTAAAGG_006,17
CAGAAAGTCAGCTCCTATTG_001,188
GGTTGTGTCTTGAATGATCA_001,127
GGTTGTGTCTTGAATGATCA_002,62
GGTTGTGTCTTGAATGATCA_003,172
GGTTGTGTCTTGAATGATCA_004,130
GGTTGTGTCTTGAATGATCA_005,103
GGTTGTGTCTTGAATGATCA_006,63
GGTTGTGTCTTGAATGATCA_007,159
GGTTGTGTCTTGAATGATCA_008,73
GGTTGTGTCTTGAATGATCA_009,75
GGTTGTGTCTTGAATGATCA_010,183
GGTTGTGTCTTGAATGATCA_011,63
GGTTGTGTCTTGAATGATCA_012,137
GGTTGTGTCTTGAATGATCA_013,23
GGTTGTGTCTTGAATGATCA_014,161
GGTTGTGTCTTGAATGATCA_015,56
GGTTGTGTCTTGAATGATCA_016,198
GGTTGTGTCTTGAATGATCA_017,0
TCAGGAATGTCAATAAGCAG_001,190
TCAGGAATGTCAATAAGCAG_002,29
TCAGGAATGTCAATAAGCAG_003,191
TCAGGAATGTCAATAAGCAG_004,48
TCAGGAATGTCAATAAGCAG_005,48
TCAGGAATGTCAATAAGCAG_006,3
TCAGGAATGTCAATAAGCAG_007,121
TCAGGAATGTCAATAAGCAG_008,1
TCAGGAATGTCAATAAGCAG_009,34
TCAGGAATGTCAATAAGCAG_010,96
TCAGGAATGTCAATAAGCAG_011,110
TCAGGAATGTCAATAAGCAG_012,152
AAGGTCCTCATTGCAAACAG_001,11
AAGGTCCTCATTGCAAACAG_002,107
AAGGTCCTCATTGCAAACAG_003,142
AAGGTCCTCATTGCAAACAG_004,13
AAGGTCCTCATTGCAAACAG_005,53
CTTACACACTAACCTTCCCA_001,60
CTTACACACTAACCTTCCCA_002,132
CTTACACACTAACCTTCCCA_003,33
CTTACACACTAACCTTCCCA_004,162
CTTACACACTAACCTTCCCA_005,101
CTTACACACTAACCTTCCCA_006,117
CTTACACACTAACCTTCCCA_007,162
CTTACACACTAACCTTCCCA_008,99
CTTACACACTAACCTTCCCA_009,18
CTTACACACTAACCTTCCCA_010,15
TGATGACAGAAGCTTGTAGG_001,90
TGATGACAGAAGCTTGTAGG_002,107
TGATGACAGAAGCTTGTAGG_003,26
TGATGACAGAAGCTTGTAGG_004,47
TGATGACAGAAGCTTGTAGG_005,119
TGATGACAGAAGCTTGTAGG_006,114
TGATGACAGAAGCTTGTAGG_007,160
TGATGACAGAAGCTTGTAGG_008,17
TGATGACAGAAGCTTGTAGG_009,179
TGATGACAGAAGCTTGTAGG_010,55
TGATGACAGAAGCTTGTAGG_011,138
TGTTACTCTCCAAGCAACCA_001,143
TGTTACTCTCCAAGCAACCA_002,183
TGTTACTCTCCAAGCAACCA_003,198
TGTTACTCTCCAAGCAACCA_004,170
TGTTACTCTCCAAGCAACCA_005,190
TGTTACTCTCCAAGCAACCA_006,76
TGTTACTCTCCAAGCAACCA_007,116
TGTTACTCTCCAAGCAACCA_008,125
TGTTACTCTCCAAGCAACCA_009,161
GGTGCGCATAAAGACCACCG_001,2
GGTGCGCATAAAGACCACCG_002,7
GGTGCGCATAAAGACCACCG_003,171
GGTGCGCATAAAGACCACCG_004,170
GGTGCGCATAAAGACCACCG_005,28
CTGCAACATTAACTGTGATG_001,133
CTGCAACATTAACTGTGATG_002,130
CTGCAACATTAACTGTGATG_003,172
CTGCAACATTAACTGTGATG_004,182
AGAAGACATGTATATGAACA_001,76
AGAAGACATGTATATGAACA_002,108
ACACTCTCTCTTCGCAAGTG_001,145
ACACTCTCTCTTCGCAAGTG_002,113
ACACTCTCTCTTCGCAAGTG_003,75
CAGTGTCTTCTTCTACCCGG_001,196
CAGTGTCTTCTTCTACCCGG_002,88
CAGTGTCTTCTTCTACCCGG_003,115
CAGTGTCTTCTTCTACCCGG_004,0
GAAGAACTTGTACCCCAGCG_001,8
GCTGCCCCAGTCCTTGCAGT_001,45
GCTGCCCCAGTCCTTGCAGT_002,96
GCTGCCCCAGTCCTTGCAGT_003,99
GCTGCCCCAGTCCTTGCAGT_004,0
GCTGCCCCAGTCCTTGCAGT_005,188
GCTGCCCCAGTCCTTGCAGT_006,6
GCTGCCCCAGTCCTTGCAGT_007,172
GCTGCCCCAGTCCTTGCAGT_008,9
GCTGCCCCAGTCCTTGCAGT_009,21
GCTGCCCCAGTCCTTGCAGT_010,152
GTGTACGGTCCAATCCTGAA_001,191
GTGTACGGTCCAATCCTGAA_002,199
GTGTACGGTCCAATCCTGAA_003,1
GTGTACGGTCCAATCCTGAA_004,35
GTGTACGGTCCAATCCTGAA_005,162
GTGTACGGTCCAATCCTGAA_006,56
GTGTACGGTCCAATCCTGAA_007,168
GTGTACGGTCCAATCCTGAA_008,5
GTGTACGGTCCAATCCTGAA_009,43
GTGTACGGTCCAATCCTGAA_010,63
GTGTACGGTCCAATCCTGAA_011,105
GTGTACGGTCCAATCCTGAA_012,184
GTGTACGGTCCAATCCTGAA_013,107
GTGTGGGTTATCGAACCACA_001,19
GTGTGGGTTATCGAACCACA_002,77
GTGTGGGTTATCGAACCACA_003,98
TAAGAGTGATCTTACAAGTG_001,116
GTCTTGTTATAGCACAACAA_001,188
GTCTTGTTATAGCACAACAA_002,82
GTCTTGTTATAGCACAACAA_003,10
GTCTTGTTATAGCACAACAA_004,124
CATATGCTGTAAACACACTA_001,144
CATATGCTGTAAACACACTA_002,45
CATATGCTGTAAACACACTA_003,105
CATATGCTGTAAACACACTA_004,175
CATATGCTGTAAACACACTA_005,147
CATATGCTGTAAACACACTA_006,55
CATATGCTGTAAACACACTA_007,40
CATATGCTGTAAACACACTA_008,115
ACCCGTAGGGATGATGTGGT_001,5
ACCCGTAGGGATGATGTGGT_002,62
ACCCGTAGGGATGATGTGGT_003,43
ACCCGTAGGGATGATGTGGT_004,58
ACCCGTAGGGATGATGTGGT_005,185
ACCCGTAGGGATGATGTGGT_006,60
ACCCGTAGGGATGATGTGGT_007,80
ACCCGTAGGGATGATGTGGT_008,169
ACCCGTAGGGATGATGTGGT_009,0
ACCCGTAGGGATGATGTGGT_010,70
ACCCGTAGGGATGATGTGGT_011,75
ACCCGTAGGGATGATGTGGT_012,172
ACCCGTAGGGATGATGTGGT_013,97
ACCCGTAGGGATGATGTGGT_014,2
ACCCGTAGGGATGATGTGGT_015,144
ACCCGTAGGGATGATGTGGT_016,44
CTTACAAATCATGTCCCCAG_001,136
GATCCGTTCGTGTCTCCTAA_001,32
GATCCGTTCGTGTCTCCTAA_002,29
GATCCGTTCGTGTCTCCTAA_003,76
GATCCGTTCGTGTCTCCTAA_004,106
GATCCGTTCGTGTCTCCTAA_005,32
GATCCGTTCGTGTCTCCTAA_006,88
GATCCGTTCGTGTCTCCTAA_007,98
GATCCGTTCGTGTCTCCTAA_008,40
GATCCGTTCGTGTCTCCTAA_009,107
GTCATCGTTACTGTGCCAAG_001,118
GTCATCGTTACTGTGCCAAG_002,72
GTCATCGTTACTGTGCCAAG_003,195
GTCATCGTTACTGTGCCAAG_004,187
GTCATCGTTACTGTGCCAAG_005,14
GTCATCGTTACTGTGCCAAG_006,8
GTCATCGTTACTGTGCCAAG_007,3
TGCCCATCTACTTCTCCACG_001,122
TGGGATAAAGCTGTTCGTGG_001,40
TGGGATAAAGCTGTTCGTGG_002,82
TGGGATAAAGCTGTTCGTGG_003,58
TGGGATAAAGCTGTTCGTGG_004,160
TGGGATAAAGCTGTTCGTGG_005,166
AACAAGGATGAGCCTCCGCG_001,140
AACAAGGATGAGCCTCCGCG_002,147
AACAAGGATGAGCCTCCGCG_003,2
AACAAGGATGAGCCTCCGCG_004,105
AACAAGGATGAGCCTCCGCG_005,19
AACAAGGATGAGCCTCCGCG_006,142
AACAAGGATGAGCCTCCGCG_007,162
AACAAGGATGAGCCTCCGCG_008,181
AACAAGGATGAGCCTCCGCG_009,143
AACAAGGATGAGCCTCCGCG_010,88
AACAAGGATGAGCCTCCGCG_011,166
AACAAGGATGAGCCTCCGCG_012,98
ACATGAACAAAAACAGCAAG_001,60
ACATGAACAAAAACAGCAAG_002,76
ACATGAACAAAAACAGCAAG_003,134
ACATGAACAAAAACAGCAAG_004,115
ACATGAACAAAAACAGCAAG_005,74
ACATGAACAAAAACAGCAAG_006,22
ACATGAACAAAAACAGCAAG_007,170
ACATGAACAAAAACAGCAAG_008,137
AGCCTTATACCGATCAATCT_001,17
AGCCTTATACCGATCAATCT_002,196
AAGCTCGAAGGTGATCTCAG_001,57
AAGCTCGAAGGTGATCTCAG_002,91
AAGCTCGAAGGTGATCTCAG_003,108
AAGCTCGAAGGTGATCTCAG_004,189
AAGCTCGAAGGTGATCTCAG_005,93
AAGCTCGAAGGTGATCTCAG_006,145
AAGCTCGAAGGTGATCTCAG_007,79
AAGCTCGAAGGTGATCTCAG_008,175
AAGCTCGAAGGTGATCTCAG_009,98
AAGCTCGAAGGTGATCTCAG_010,177
AAGCTCGAAGGTGATCTCAG_011,123
AAGCTCGAAGGTGATCTCAG_012,46
AAGCTCGAAGGTGATCTCAG_013,111
ATACCTATGTAGGTGCACAA_001,195
ATACCTATGTAGGTGCACAA_002,133
ATACCTATGTAGGTGCACAA_003,183
ATACCTATGTAGGTGCACAA_004,196
ATACCTATGTAGGTGCACAA_005,26
ATACCTATGTAGGTGCACAA_006,150
ATACCTATGTAGGTGCACAA_007,42
ATACCTATGTAGGTGCACAA_008,172
ATACCTATGTAGGTGCACAA_009,140
ATACCTATGTAGGTGCACAA_010,144
ATACCTATGTAGGTGCACAA_011,148
ATACCTATGTAGGTGCACAA_012,89
ATACCTATGTAGGTGCACAA_013,7
ATACCTATGTAGGTGCACAA_014,170
ATACCTATGTAGGTGCACAA_015,197
ATACCTATGTAGGTGCACAA_016,50
ATACCTATGTAGGTGCACAA_017,130
ATACCTATGTAGGTGCACAA_018,72
ATACCTATGTAGGTGCACAA_019,180
ATACCTATGTAGGTGCACAA_020,24
ATACCTATGTAGGTGCACAA_021,187
ATACCTATGTAGGTGCACAA_022,127
ATACCTATGTAGGTGCACAA_023,102
ATACCTATGTAGGTGCACAA_024,188
ATACCTATGTAGGTGCACAA_025,12
ATACCTATGTAGGTGCACAA_026,187
ATACCTATGTAGGTGCACAA_027,57
ATACCTATGTAGGTGCACAA_028,88
ATACCTATGTAGGTGCACAA_029,138
ATACCTATGTAGGTGCACAA_030,60
ATACCTATGTAGGTGCACAA_031,55
ATACCTATGTAGGTGCACAA_032,60
ATACCTATGTAGGTGCACAA_033,2
ATACCTATGTAGGTGCACAA_034,17
GGTCCAGGAGCACCAACGAG_001,63
GGTCCAGGAGCACCAACGAG_002,89
GGTCCAGGAGCACCAACGAG_003,2
GGTCCAGGAGCACCAACGAG_004,159
GGTCCAGGAGCACCAACGAG_005,52
GGTCCAGGAGCACCAACGAG_006,8
GGTCCAGGAGCACCAACGAG_007,118
GGTCCAGGAGCACCAACGAG_008,40
GCTCACCAGACTTGTGTATG_001,116
GCTCACCAGACTTGTGTATG_002,120
GCTCACCAGACTTGTGTATG_003,38
CACAGTATACAATTGGACCG_001,92
CACAGTATACAATTGGACCG_002,127
CACAGTATACAATTGGACCG_003,56
CACAGTATACAATTGGACCG_004,46
CACAGTATACAATTGGACCG_005,138
CACAGTATACAATTGGACCG_006,137
TACACCACTGATGTACAGCT_001,178
TACACCACTGATGTACAGCT_002,113
TACACCACTGATGTACAGCT_003,50
TACACCACTGATGTACAGCT_004,28
TACACCACTGATGTACAGCT_005,158
TACACCACTGATGTACAGCT_006,0
GAGCACGGATCACCTACTGG_001,63
ATCGTCGAGAAGCCTATCAT_001,151
ATCGTCGAGAAGCCTATCAT_002,54
ATCGTCGAGAAGCCTATCAT_003,145
ATCGTCGAGAAGCCTATCAT_004,145
ATCGTCGAGAAGCCTATCAT_005,160
ATCGTCGAGAAGCCTATCAT_006,28
ATCGTCGAGAAGCCTATCAT_007,170
ATCGTCGAGAAGCCTATCAT_008,96
GCTAGCTAAAATCCGACGAC_001,60
GCTAGCTAAAATCCGACGAC_002,41
CTGTCCCTGAATATAGACAG_001,121
CTGTCCCTGAATATAGACAG_002,15
CTGTCCCTGAATATAGACAG_003,65
CTGTCCCTGAATATAGACAG_004,1
CTGTCCCTGAATATAGACAG_005,48
CTGTCCCTGAATATAGACAG_006,19
CTGTCCCTGAATATAGACAG_007,177
CTGTCCCTGAATATAGACAG_008,81
CTGTCCCTGAATATAGACAG_009,150
CCAGATCCTTACCAGTCATG_001,103
CCAGATCCTTACCAGTCATG_002,16
CCAGATCCTTACCAGTCATG_003,153
CCAGATCCTTACCAGTCATG_004,12
CCGGAACTCAGTGTTGACAG_001,177
CCGGAACTCAGTGTTGACAG_002,9
CCGGAACTCAGTGTTGACAG_003,191
CCGGAACTCAGTGTTGACAG_004,22
CCGGAACTCAGTGTTGACAG_005,88
CCGGAACTCAGTGTTGACAG_006,36
GGCGACTGCTTAACACACTG_001,26
GGCGACTGCTTAACACACTG_002,105
GGCGACTGCTTAACACACTG_003,60
GGCGACTGCTTAACACACTG_004,109
GGGGTCCTTGAACACCAACA_001,40
GGGGTCCTTGAACACCAACA_002,195
GGGGTCCTTGAACACCAACA_003,54
GGGGTCCTTGAACACCAACA_004,57
GGGGTCCTTGAACACCAACA_005,71
GGGGTCCTTGAACACCAACA_006,13
GGGGTCCTTGAACACCAACA_007,40
GGGGTCCTTGAACACCAACA_008,184
GGGGTCCTTGAACACCAACA_009,168
GGGGTCCTTGAACACCAACA_010,175
GGGGTCCTTGAACACCAACA_011,150
GGGGTCCTTGAACACCAACA_012,148
GGGGTCCTTGAACACCAACA_013,2
GGGGTCCTTGAACACCAACA_014,104
GGGGTCCTTGAACACCAACA_015,174
GGGGTCCTTGAACACCAACA_016,172
GTTGTATCTATGGCTAATAA_001,105
TGAATCAATATAAGACACTG_001,20
TGAATCAATATAAGACACTG_002,43
TGAATCAATATAAGACACTG_003,179
TGAATCAATATAAGACACTG_004,192
TGAATCAATATAAGACACTG_005,62
TGAATCAATATAAGACACTG_006,115
CCAACCATCCTAGACGACCC_001,28
GGCAATGGTGAATGACACGG_001,17
GGCAATGGTGAATGACACGG_002,50
GGCAATGGTGAATGACACGG_003,133
GGCAATGGTGAATGACACGG_004,38
GGCAATGGTGAATGACACGG_005,72
GGCAATGGTGAATGACACGG_006,167
GGCAATGGTGAATGACACGG_007,13
GGCAATGGTGAATGACACGG_008,20
GGCAATGGTGAATGACACGG_009,103
GGCAATGGTGAATGACACGG_010,158
GGCAATGGTGAATGACACGG_011,149
GGCAATGGTGAATGACACGG_012,121
GGCAATGGTGAATGACACGG_013,162
ACACAACCTCGCAAGCCGCA_001,94
ACACAACCTCGCAAGCCGCA_002,21
ACACAACCTCGCAAGCCGCA_003,88
ACACAACCTCGCAAGCCGCA_004,176
ACACAACCTCGCAAGCCGCA_005,39
ACACAACCTCGCAAGCCGCA_006,43
ACACAACCTCGCAAGCCGCA_007,68
GAACCACAGCCAAATCCAGG_001,113
GAACCACAGCCAAATCCAGG_002,78
GAACCACAGCCAAATCCAGG_003,114
GAACCACAGCCAAATCCAGG_004,198
GAACCACAGCCAAATCCAGG_005,160
GAACCACAGCCAAATCCAGG_006,166
GAACCACAGCCAAATCCAGG_007,142
GAACCACAGCCAAATCCAGG_008,142
GAACCACAGCCAAATCCAGG_009,50
GAACCACAGCCAAATCCAGG_010,83
GAACCACAGCCAAATCCAGG_011,115
GAACCACAGCCAAATCCAGG_012,25
GAACCACAGCCAAATCCAGG_013,131
GAACCACAGCCAAATCCAGG_014,3
TTATTCATCAGCCCACGCGG_001,195
TTATTCATCAGCCCACGCGG_002,70
TTATTCATCAGCCCACGCGG_003,73
TTATTCATCAGCCCACGCGG_004,180
TTATTCATCAGCCCACGCGG_005,169
TTATTCATCAGCCCACGCGG_006,192
TTATTCATCAGCCCACGCGG_007,197
TTATTCATCAGCCCACGCGG_008,70
AGGAGGTGATTGACTACCGG_001,70
AGGAGGTGATTGACTACCGG_002,48
AGGAGGTGATTGACTACCGG_003,84
AGGAGGTGATTGACTACCGG_004,88
AGGAGGTGATTGACTACCGG_005,181
AGGAGGTGATTGACTACCGG_006,5
AGGAGGTGATTGACTACCGG_007,102
AGGAGGTGATTGACTACCGG_008,15
AGGAGGTGATTGACTACCGG_009,176
AGGAGGTGATTGACTACCGG_010,77
AGGAGGTGATTGACTACCGG_011,159
AGGAGGTGATTGACTACCGG_012,186
AGGAGGTGATTGACTACCGG_013,184
AGGAGGTGATTGACTACCGG_014,70
AGGAGGTGATTGACTACCGG_015,76
AGGAGGTGATTGACTACCGG_016,192
AGGAGGTGATTGACTACCGG_017,146
AGGAGGTGATTGACTACCGG_018,33
AGGAGGTGATTGACTACCGG_019,182
AGGAGGTGATTGACTACCGG_020,134
AGGAGGTGATTGACTACCGG_021,127
AGGAGGTGATTGACTACCGG_022,29
AGGAGGTGATTGACTACCGG_023,46
AGGAGGTGATTGACTACCGG_024,188
AGGAGGTGATTGACTACCGG_025,6
AGGAGGTGATTGACTACCGG_026,80
AGGAGGTGATTGACTACCGG_027,138
AGGAGGTGATTGACTACCGG_028,77
AGGAGGTGATTGACTACCGG_029,54
AGGAGGTGATTGACTACCGG_030,33
TGGCACTTACCCCTGCAATG_001,104
TGGCACTTACCCCTGCAATG_002,25
TGGCACTTACCCCTGCAATG_003,171
TGGCACTTACCCCTGCAATG_004,42
GCAGCCAGTACACATGTACC_001,98
GCAGCCAGTACACATGTACC_002,165
GCAGCCAGTACACATGTACC_003,43
GCAGCCAGTACACATGTACC_004,137
GCAGCCAGTACACATGTACC_005,173
TTCCTGTAGTCAATTAACGA_001,6
TTCCTGTAGTCAATTAACGA_002,12
TTCCTGTAGTCAATTAACGA_003,188
TTCCTGTAGTCAATTAACGA_004,78
TTCCTGTAGTCAATTAACGA_005,105
TTCCTGTAGTCAATTAACGA_006,127
TTCCTGTAGTCAATTAACGA_007,38
TTCCTGTAGTCAATTAACGA_008,168
TTCCTGTAGTCAATTAACGA_009,42
TATTTAGAGGACATTATCAT_001,75
TATTTAGAGGACATTATCAT_002,53
TATTTAGAGGACATTATCAT_003,118
TATTTAGAGGACATTATCAT_004,68
ACTGGAAAACTACCTACGCA_001,142
ACTGGAAAACTACCTACGCA_002,138
ACTGGAAAACTACCTACGCA_003,28
ACTGGAAAACTACCTACGCA_004,1
ACTGGAAAACTACCTACGCA_005,133
ACTGGAAAACTACCTACGCA_006,97
ACTGGAAAACTACCTACGCA_007,19
ACTGGAAAACTACCTACGCA_008,6
ACTGGAAAACTACCTACGCA_009,174
ACTGGAAAACTACCTACGCA_010,27
AGCATGGCACCGATGCCGAG_001,49
AGCATGGCACCGATGCCGAG_002,122
AGCATGGCACCGATGCCGAG_003,38
AGCATGGCACCGATGCCGAG_004,112
AGCATGGCACCGATGCCGAG_005,140
AGCATGGCACCGATGCCGAG_006,177
TGGACACGGTTAAAGTGTGG_001,49
TGGACACGGTTAAAGTGTGG_002,118
TGGACACGGTTAAAGTGTGG_003,175
TGGACACGGTTAAAGTGTGG_004,114
TGGACACGGTTAAAGTGTGG_005,114
TGGACACGGTTAAAGTGTGG_006,153
TGGACACGGTTAAAGTGTGG_007,138
TGTGGCTATAGCTCCTGCTG_001,45
TGTGGCTATAGCTCCTGCTG_002,166
TGTGGCTATAGCTCCTGCTG_003,182
TGTGGCTATAGCTCCTGCTG_004,16
TGTGGCTATAGCTCCTGCTG_005,125
AAGACAAGTTCTCGAACCTG_001,1
AAGACAAGTTCTCGAACCTG_002,105
AAGACAAGTTCTCGAACCTG_003,119
AAGACAAGTTCTCGAACCTG_004,19
CCATATAGAAAATAATCCTG_001,17
GGCTCCAGGCCACGACAGGG_001,42
GGCTCCAGGCCACGACAGGG_002,198
GGCTCCAGGCCACGACAGGG_003,198
GGCTCCAGGCCACGACAGGG_004,141
GGCTCCAGGCCACGACAGGG_005,166
GGCTCCAGGCCACGACAGGG_006,137
GGCTCCAGGCCACGACAGGG_007,1
GGCTCCAGGCCACGACAGGG_008,141
GGCTCCAGGCCACGACAGGG_009,42
GGCTCCAGGCCACGACAGGG_010,35
GGCTCCAGGCCACGACAGGG_011,25
GGCTCCAGGCCACGACAGGG_012,190
GGCTCCAGGCCACGACAGGG_013,87
GGCTCCAGGCCACGACAGGG_014,69
GGCTCCAGGCCACGACAGGG_015,29
GGCTCCAGGCCACGACAGGG_016,35
GGCTCCAGGCCACGACAGGG_017,130
GGCTCCAGGCCACGACAGGG_018,197
GGCTCCAGGCCACGACAGGG_019,160
GGCTCCAGGCCACGACAGGG_020,130
GGCTCCAGGCCACGACAGGG_021,57
GGCTCCAGGCCACGACAGGG_022,103
GGCTCCAGGCCACGACAGGG_023,61
GGCTCCAGGCCACGACAGGG_024,104
GGCTCCAGGCCACGACAGGG_025,15
GGCTCCAGGCCACGACAGGG_026,188
GGCTCCAGGCCACGACAGGG_027,188
GGCTCCAGGCCACGACAGGG_028,1
GGCTCCAGGCCACGACAGGG_029,113
GGCTCCAGGCCACGACAGGG_030,148
GGCTCCAGGCCACGACAGGG_031,178
GGCTCCAGGCCACGACAGGG_032,158
GGCTCCAGGCCACGACAGGG_033,105
GGCTCCAGGCCACGACAGGG_034,115
GGCTCCAGGCCACGACAGGG_035,46
GGCTCCAGGCCACGACAGGG_036,49
GGCTCCAGGCCACGACAGGG_037,6
GGCTCCAGGCCACGACAGGG_038,97
GGCTCCAGGCCACGACAGGG_039,34
GGCTCCAGGCCACGACAGGG_040,199
TCTTTCGCAGCGTCCCAACA_001,121
TCTTTCGCAGCGTCCCAACA_002,5
TCTTTCGCAGCGTCCCAACA_003,157
TCTTTCGCAGCGTCCCAACA_004,94
TCTTTCGCAGCGTCCCAACA_005,78
TCTTTCGCAGCGTCCCAACA_006,2
CATGACTCGATTAAGCACAA_001,85
CATGACTCGATTAAGCACAA_002,159
CATGACTCGATTAAGCACAA_003,177
CATGACTCGATTAAGCACAA_004,37
GGCCGCTGGATGTACACGGG_001,199
GGCCGCTGGATGTACACGGG_002,181
GGCCGCTGGATGTACACGGG_003,75
GGCCGCTGGATGTACACGGG_004,80
GGCCGCTGGATGTACACGGG_005,5
GGCCGCTGGATGTACACGGG_006,81
GGCCGCTGGATGTACACGGG_007,125
GGCCGCTGGATGTACACGGG_008,168
GGCCGCTGGATGTACACGGG_009,60
GGCCGCTGGATGTACACGGG_010,140
GGCCGCTGGATGTACACGGG_011,138
GGCCGCTGGATGTACACGGG_012,4
GGCCGCTGGATGTACACGGG_013,187
GGCCGCTGGATGTACACGGG_014,6
GGGGACCACTCACATCCTTG_001,134
GGGGACCACTCACATCCTTG_002,29
GGGGACCACTCACATCCTTG_003,156
GGGGACCACTCACATCCTTG_004,174
GGGGACCACTCACATCCTTG_005,4
GGGGACCACTCACATCCTTG_006,78
ATTTCTATCCAAATCACTCA_001,181
ATTTCTATCCAAATCACTCA_002,57
ATTTCTATCCAAATCACTCA_003,184
ACCACGAACATCCAGCCTGT_001,113
ACCACGAACATCCAGCCTGT_002,11
ACCACGAACATCCAGCCTGT_003,158
ACCACGAACATCCAGCCTGT_004,97
ACCACGAACATCCAGCCTGT_005,2
GTCCTACTAATGCAGCACAT_001,16
GTCCTACTAATGCAGCACAT_002,127
GTCCTACTAATGCAGCACAT_003,58
TACCCCGGATTGTCAGTGAA_001,15
TACCCCGGATTGTCAGTGAA_002,69
TACCCCGGATTGTCAGTGAA_003,174
TACCCCGGATTGTCAGTGAA_004,121
TACCCCGGATTGTCAGTGAA_005,147
AGTTGTAGTTGAATTAAGGA_001,32
AGTTGTAGTTGAATTAAGGA_002,32
AGTTGTAGTTGAATTAAGGA_003,132
GTTTCCGGATGCTACGCAGG_001,42
GTTTCCGGATGCTACGCAGG_002,13
GTTTCCGGATGCTACGCAGG_003,141
GTTTCCGGATGCTACGCAGG_004,116
GTTTCCGGATGCTACGCAGG_005,189
ACGGCCCTCACGATAATCAA_001,145
ACGGCCCTCACGATAATCAA_002,26
ACGGCCCTCACGATAATCAA_003,196
ACGGCCCTCACGATAATCAA_004,110
ACGGCCCTCACGATAATCAA_005,141
ACGGCCCTCACGATAATCAA_006,88
ACGGCCCTCACGATAATCAA_007,104
ACGGCCCTCACGATAATCAA_008,73
ACGGCCCTCACGATAATCAA_009,18
ACGGCCCTCACGATAATCAA_010,158
ACGGCCCTCACGATAATCAA_011,188
ACGGCCCTCACGATAATCAA_012,198
ACGGCCCTCACGATAATCAA_013,58
ACGGCCCTCACGATAATCAA_014,15
ACGGCCCTCACGATAATCAA_015,33
GGCCTTCAGAGAATTCGACA_001,0
GGCCTTCAGAGAATTCGACA_002,163
GGCCTTCAGAGAATTCGACA_003,58
GGCCTTCAGAGAATTCGACA_004,23
GGCCTTCAGAGAATTCGACA_005,63
GGCCTTCAGAGAATTCGACA_006,152
TGACTTCGTGAAAAGTACCA_001,133
TGACTTCGTGAAAAGTACCA_002,20
TGACTTCGTGAAAAGTACCA_003,149
TGACTTCGTGAAAAGTACCA_004,76
TGACTTCGTGAAAAGTACCA_005,170
TGACTTCGTGAAAAGTACCA_006,88
TGACTTCGTGAAAAGTACCA_007,24
TGACTTCGTGAAAAGTACCA_008,166
TGACTTCGTGAAAAGTACCA_009,38
CTTCGACCCTTACAATCAGG_001,162
CTTCGACCCTTACAATCAGG_002,38
CTTCGACCCTTACAATCAGG_003,33
CTTCGACCCTTACAATCAGG_004,32
CTTCGACCCTTACAATCAGG_005,119
CTTCGACCCTTACAATCAGG_006,179
CTTCGACCCTTACAATCAGG_007,9
CTTCGACCCTTACAATCAGG_008,194
CTTCGACCCTTACAATCAGG_009,162
AGGTCGTCAGGGGAGCTGCG_001,17
AGGTCGTCAGGGGAGCTGCG_002,77
AGGTCGTCAGGGGAGCTGCG_003,51
AGGTCGTCAGGGGAGCTGCG_004,151
AGGTCGTCAGGGGAGCTGCG_005,109
AGGTCGTCAGGGGAGCTGCG_006,109
AGGTCGTCAGGGGAGCTGCG_007,29
AGGTCGTCAGGGGAGCTGCG_008,78
AGGTCGTCAGGGGAGCTGCG_009,4
AGGTCGTCAGGGGAGCTGCG_010,69
AGGTCGTCAGGGGAGCTGCG_011,119
AGGTCGTCAGGGGAGCTGCG_012,116
AGGTCGTCAGGGGAGCTGCG_013,78
AGGTCGTCAGGGGAGCTGCG_014,118
AGGTCGTCAGGGGAGCTGCG_015,161
AGGTCGTCAGGGGAGCTGCG_016,36
AGGTCGTCAGGGGAGCTGCG_017,115
AGGTCGTCAGGGGAGCTGCG_018,140
AGGTCGTCAGGGGAGCTGCG_019,49
AGGTCGTCAGGGGAGCTGCG_020,147
AGGTCGTCAGGGGAGCTGCG_021,156
AGGTCGTCAGGGGAGCTGCG_022,188
AGGTCGTCAGGGGAGCTGCG_023,98
AGGTCGTCAGGGGAGCTGCG_024,149
AGGTCGTCAGGGGAGCTGCG_025,88
AGGTCGTCAGGGGAGCTGCG_026,102
AGGTCGTCAGGGGAGCTGCG_027,127
AGGTCGTCAGGGGAGCTGCG_028,43
AGGTCGTCAGGGGAGCTGCG_029,166
AGGTCGTCAGGGGAGCTGCG_030,16
AGGTCGTCAGGGGAGCTGCG_031,12
AGGTCGTCAGGGGAGCTGCG_032,25
AGGTCGTCAGGGGAGCTGCG_033,102
AGGTCGTCAGGGGAGCTGCG_034,49
AGGTCGTCAGGGGAGCTGCG_035,175
AGGTCGTCAGGGGAGCTGCG_036,34
AGGTCGTCAGGGGAGCTGCG_037,184
AGGTCGTCAGGGGAGCTGCG_038,76
AGGTCGTCAGGGGAGCTGCG_039,149
AGGTCGTCAGGGGAGCTGCG_040,196
AGGTCGTCAGGGGAGCTGCG_041,103
AGGTCGTCAGGGGAGCTGCG_042,172
AGGTCGTCAGGGGAGCTGCG_043,6
AGGTCGTCAGGGGAGCTGCG_044,188
AGGTCGTCAGGGGAGCTGCG_045,57
AGGTCGTCAGGGGAGCTGCG_046,118
AGGTCGTCAGGGGAGCTGCG_047,117
AGGTCGTCAGGGGAGCTGCG_048,4
AGGTCGTCAGGGGAGCTGCG_049,77
AGGTCGTCAGGGGAGCTGCG_050,166
AGGTCGTCAGGGGAGCTGCG_051,68
AGGTCGTCAGGGGAGCTGCG_052,56
AGTACCAGCTGCCCTACCAG_001,172
AGTACCAGCTGCCCTACCAG_002,168
AGTACCAGCTGCCCTACCAG_003,141
AGTACCAGCTGCCCTACCAG_004,180
AGTACCAGCTGCCCTACCAG_005,189
AGTACCAGCTGCCCTACCAG_006,136
AGTACCAGCTGCCCTACCAG_007,148
AGTACCAGCTGCCCTACCAG_008,86
AGTACCAGCTGCCCTACCAG_009,0
AGTACCAGCTGCCCTACCAG_010,188
AGTACCAGCTGCCCTACCAG_011,170
AGTACCAGCTGCCCTACCAG_012,118
AGTACCAGCTGCCCTACCAG_013,84
AGTACCAGCTGCCCTACCAG_014,24
TCTGGCTGAAGGTTTGGCAA_001,125
TCTGGCTGAAGGTTTGGCAA_002,146
TCTGGCTGAAGGTTTGGCAA_003,105
TCTGGCTGAAGGTTTGGCAA_004,53
TCTGGCTGAAGGTTTGGCAA_005,139
TCTGGCTGAAGGTTTGGCAA_006,88
TCTGGCTGAAGGTTTGGCAA_007,68
TCTGGCTGAAGGTTTGGCAA_008,68
TCTGGCTGAAGGTTTGGCAA_009,166
TCTGGCTGAAGGTTTGGCAA_010,108
TCTGGCTGAAGGTTTGGCAA_011,10
GCTGCTGGCGCACATCGGTG_001,182
GCTGCTGGCGCACATCGGTG_002,158
GCTGCTGGCGCACATCGGTG_003,19
CCAGTTTCTTTAATGACCTG_001,144
CCAGTTTCTTTAATGACCTG_002,57
CCAGTTTCTTTAATGACCTG_003,174
CCAGTTTCTTTAATGACCTG_004,130
CCAGTTTCTTTAATGACCTG_005,38
CCAGTTTCTTTAATGACCTG_006,123
CCAGTTTCTTTAATGACCTG_007,43
CCAGTTTCTTTAATGACCTG_008,175
GACGGTGTTCCAGTACATTG_001,95
GACGGTGTTCCAGTACATTG_002,48
GACGGTGTTCCAGTACATTG_003,88
GACGGTGTTCCAGTACATTG_004,156
GACGGTGTTCCAGTACATTG_005,28
GACGGTGTTCCAGTACATTG_006,60
GACGGTGTTCCAGTACATTG_007,104
GACGGTGTTCCAGTACATTG_008,193
GACGGTGTTCCAGTACATTG_009,28
GACGGTGTTCCAGTACATTG_010,110
GACGGTGTTCCAGTACATTG_011,178
GACGGTGTTCCAGTACATTG_012,80
GACGGTGTTCCAGTACATTG_013,188
GACGGTGTTCCAGTACATTG_014,1
GACGGTGTTCCAGTACATTG_015,150
GACGGTGTTCCAGTACATTG_016,57
TTCCCGTGTACAAAAAAAGG_001,121
TTCCCGTGTACAAAAAAAGG_002,148
TTCCCGTGTACAAAAAAAGG_003,133
TTCCCGTGTACAAAAAAAGG_004,178
TTCCCGTGTACAAAAAAAGG_005,40
CATACTACTAGTTTGGTGGC_001,17
CATACTACTAGTTTGGTGGC_002,125
CATACTACTAGTTTGGTGGC_003,68
CATACTACTAGTTTGGTGGC_004,27
CATACTACTAGTTTGGTGGC_005,119
AAAAGCCTGCTCAAACTCAG_001,105
AAAAGCCTGCTCAAACTCAG_002,88
AAAAGCCTGCTCAAACTCAG_003,12
AAAAGCCTGCTCAAACTCAG_004,169
AAAAGCCTGCTCAAACTCAG_005,196
ATTCTGTGACTATGGAACCA_001,88
ATTCTGTGACTATGGAACCA_002,40
ATTCTGTGACTATGGAACCA_003,122
ATTCTGTGACTATGGAACCA_004,55
ATTCTGTGACTATGGAACCA_005,55
TCCATGAGCATCCTTCATCA_001,104
TCCATGAGCATCCTTCATCA_002,0
TGAGTGGCCTCTTGAAAGTG_001,198
TGAGTGGCCTCTTGAAAGTG_002,56
GACGGTCGGAATAGACGGCG_001,53
GACGGTCGGAATAGACGGCG_002,49
GACGGTCGGAATAGACGGCG_003,56
GACGGTCGGAATAGACGGCG_004,27
GACGGTCGGAATAGACGGCG_005,125
GACGGTCGGAATAGACGGCG_006,180
GACGGTCGGAATAGACGGCG_007,95
GACGGTCGGAATAGACGGCG_008,121
GACGGTCGGAATAGACGGCG_009,82
GACGGTCGGAATAGACGGCG_010,76
GACGGTCGGAATAGACGGCG_011,169
GACGGTCGGAATAGACGGCG_012,12
GACGGTCGGAATAGACGGCG_013,140
GACGGTCGGAATAGACGGCG_014,63
GACGGTCGGAATAGACGGCG_015,184
GACGGTCGGAATAGACGGCG_016,189
GACGGTCGGAATAGACGGCG_017,103
GAGGAGGCGGACAGCGACGT_001,106
GAGGAGGCGGACAGCGACGT_002,119
GAGGAGGCGGACAGCGACGT_003,153
GAGGAGGCGGACAGCGACGT_004,81
GAGGAGGCGGACAGCGACGT_005,130
GAGGAGGCGGACAGCGACGT_006,2
GAGGAGGCGGACAGCGACGT_007,96
GAGGAGGCGGACAGCGACGT_008,117
GAGGAGGCGGACAGCGACGT_009,42
GAGGAGGCGGACAGCGACGT_010,135
GAGGAGGCGGACAGCGACGT_011,36
GAGGAGGCGGACAGCGACGT_012,13
GAGGAGGCGGACAGCGACGT_013,117
GAGGAGGCGGACAGCGACGT_014,35
GAGGAGGCGGACAGCGACGT_015,88
GAGGAGGCGGACAGCGACGT_016,131
GAGGAGGCGGACAGCGACGT_017,127
GAGGAGGCGGACAGCGACGT_018,83
GAGGAGGCGGACAGCGACGT_019,0
GAGGAGGCGGACAGCGACGT_020,85
GAGGAGGCGGACAGCGACGT_021,198
GAGGAGGCGGACAGCGACGT_022,98
GAGGAGGCGGACAGCGACGT_023,76
GAGGAGGCGGACAGCGACGT_024,45
GAGGAGGCGGACAGCGACGT_025,69
GAGGAGGCGGACAGCGACGT_026,94
GAGGAGGCGGACAGCGACGT_027,150
GAGGAGGCGGACAGCGACGT_028,183
GAGGAGGCGGACAGCGACGT_029,159
GAGGAGGCGGACAGCGACGT_030,1
GAGGAGGCGGACAGCGACGT_031,199
GAGGAGGCGGACAGCGACGT_032,148
GAGGAGGCGGACAGCGACGT_033,95
GAGGAGGCGGACAGCGACGT_034,119
GAGGAGGCGGACAGCGACGT_035,149
GAGGAGGCGGACAGCGACGT_036,26
GAGGAGGCGGACAGCGACGT_037,22
GAGGAGGCGGACAGCGACGT_038,115
GAGGAGGCGGACAGCGACGT_039,50
GAGGAGGCGGACAGCGACGT_040,95
CAGTCACAACGACTCGCAGG_001,48
CAGTCACAACGACTCGCAGG_002,172
CAGTCACAACGACTCGCAGG_003,102
CAGTCACAACGACTCGCAGG_004,35
CAGTCACAACGACTCGCAGG_005,57
CAGTCACAACGACTCGCAGG_006,7
CAGTCACAACGACTCGCAGG_007,114
CAGTCACAACGACTCGCAGG_008,91
CAGTCACAACGACTCGCAGG_009,168
CAGTCACAACGACTCGCAGG_010,0
CAGTCACAACGACTCGCAGG_011,39
CAGTCACAACGACTCGCAGG_012,64
CAGTCACAACGACTCGCAGG_013,105
CAGTCACAACGACTCGCAGG_014,181
CAGTCACAACGACTCGCAGG_015,125
CAGTCACAACGACTCGCAGG_016,48
CAGTCACAACGACTCGCAGG_017,102
CCAGTCGGGGAAGAATGTGA_001,65
CCAGTCGGGGAAGAATGTGA_002,41
CCAGTCGGGGAAGAATGTGA_003,65
CGGAAGCACTATCAGGTCAC_001,44
CGGAAGCACTATCAGGTCAC_002,81
CATAAGGTTAACTGCGTGGA_001,191
CATAAGGTTAACTGCGTGGA_002,43
CATAAGGTTAACTGCGTGGA_003,107
CATAAGGTTAACTGCGTGGA_004,127
CATAAGGTTAACTGCGTGGA_005,102
CATAAGGTTAACTGCGTGGA_006,136
CATAAGGTTAACTGCGTGGA_007,184
CATAAGGTTAACTGCGTGGA_008,150
CATAAGGTTAACTGCGTGGA_009,191
CATAAGGTTAACTGCGTGGA_010,169
CATAAGGTTAACTGCGTGGA_011,62
CATAAGGTTAACTGCGTGGA_012,169
CATAAGGTTAACTGCGTGGA_013,160
CATAAGGTTAACTGCGTGGA_014,65
CATAAGGTTAACTGCGTGGA_015,81
CATAAGGTTAACTGCGTGGA_016,8
CATAAGGTTAACTGCGTGGA_017,168
CATAAGGTTAACTGCGTGGA_018,149
CATAAGGTTAACTGCGTGGA_019,115
CATAAGGTTAACTGCGTGGA_020,92
CATAAGGTTAACTGCGTGGA_021,91
CATAAGGTTAACTGCGTGGA_022,19
CATAAGGTTAACTGCGTGGA_023,105
CATAAGGTTAACTGCGTGGA_024,71
CATAAGGTTAACTGCGTGGA_025,81
CATAAGGTTAACTGCGTGGA_026,158
CGTCCTCAAATGAAACCCAG_001,107
CGTCCTCAAATGAAACCCAG_002,158
CGTCCTCAAATGAAACCCAG_003,134
CGTCCTCAAATGAAACCCAG_004,152
CGTCCTCAAATGAAACCCAG_005,77
CGTCCTCAAATGAAACCCAG_006,61
TAAAATAACTTGTAGTGTGA_001,53
TAAAATAACTTGTAGTGTGA_002,101
GCCGTCGTATCTTTGCCGGG_001,43
GCCGTCGTATCTTTGCCGGG_002,13
ATCAAAAGTGTACAATCACA_001,190
ATCAAAAGTGTACAATCACA_002,198
ATCAAAAGTGTACAATCACA_003,121
AATTTAACACAGCATCAGGG_001,77
AATTTAACACAGCATCAGGG_002,62
AATTTAACACAGCATCAGGG_003,43
AATTTAACACAGCATCAGGG_004,168
GAAGTTGCCTTATCACCTTG_001,91
GAAGTTGCCTTATCACCTTG_002,186
TTGATCCACAACAGCCACGG_001,19
TTGATCCACAACAGCCACGG_002,72
TTGATCCACAACAGCCACGG_003,147
TTGATCCACAACAGCCACGG_004,172
TTGATCCACAACAGCCACGG_005,139
TTGATCCACAACAGCCACGG_006,42
TTGATCCACAACAGCCACGG_007,133
TTGATCCACAACAGCCACGG_008,112
TTGATCCACAACAGCCACGG_009,173
TTGATCCACAACAGCCACGG_010,173
TTGATCCACAACAGCCACGG_011,107
TTGATCCACAACAGCCACGG_012,159
TTGATCCACAACAGCCACGG_013,61
TTGATCCACAACAGCCACGG_014,102
TTGATCCACAACAGCCACGG_015,151
TTGATCCACAACAGCCACGG_016,117
TTGATCCACAACAGCCACGG_017,185
TTGATCCACAACAGCCACGG_018,175
TTGATCCACAACAGCCACGG_019,161
TTGATCCACAACAGCCACGG_020,119
TTGATCCACAACAGCCACGG_021,99
TTGATCCACAACAGCCACGG_022,150
TTGATCCACAACAGCCACGG_023,115
TTGATCCACAACAGCCACGG_024,91
TTGATCCACAACAGCCACGG_025,23
TTGATCCACAACAGCCACGG_026,38
TTGATCCACAACAGCCACGG_027,102
TTGATCCACAACAGCCACGG_028,98
TTGATCCACAACAGCCACGG_029,142
TTGATCCACAACAGCCACGG_030,3
TTGATCCACAACAGCCACGG_031,58
AGGATCGTGTACCGGGGACG_001,32
AGGATCGTGTACCGGGGACG_002,188
AGGATCGTGTACCGGGGACG_003,66
AGGATCGTGTACCGGGGACG_004,35
AGGATCGTGTACCGGGGACG_005,59
AGGATCGTGTACCGGGGACG_006,15
AGGATCGTGTACCGGGGACG_007,178
AGGATCGTGTACCGGGGACG_008,148
AGGATCGTGTACCGGGGACG_009,20
AGGATCGTGTACCGGGGACG_010,34
AGGATCGTGTACCGGGGACG_011,193
AGGATCGTGTACCGGGGACG_012,189
AGGATCGTGTACCGGGGACG_013,186
AGGATCGTGTACCGGGGACG_014,58
AGGATCGTGTACCGGGGACG_015,177
AGGATCGTGTACCGGGGACG_016,138
AGGATCGTGTACCGGGGACG_017,2
AGGATCGTGTACCGGGGACG_018,62
AGGATCGTGTACCGGGGACG_019,0
AGGATCGTGTACCGGGGACG_020,186
CAGAACCCACCTGTCCTGGT_001,188
CAGAACCCACCTGTCCTGGT_002,179
CAGAACCCACCTGTCCTGGT_003,3
CAGAACCCACCTGTCCTGGT_004,119
CAGAACCCACCTGTCCTGGT_005,82
CAGAACCCACCTGTCCTGGT_006,160
CAGAACCCACCTGTCCTGGT_007,24
CAGAACCCACCTGTCCTGGT_008,101
CAGAACCCACCTGTCCTGGT_009,7
CAGAACCCACCTGTCCTGGT_010,101
CAGAACCCACCTGTCCTGGT_011,194
CAGAACCCACCTGTCCTGGT_012,88
CAGAACCCACCTGTCCTGGT_013,34
CAGAACCCACCTGTCCTGGT_014,1
CAGAACCCACCTGTCCTGGT_015,198
CAGAACCCACCTGTCCTGGT_016,41
CAGAACCCACCTGTCCTGGT_017,8
CAGAACCCACCTGTCCTGGT_018,35
CAGAACCCACCTGTCCTGGT_019,38
CAGAACCCACCTGTCCTGGT_020,154
CAGAACCCACCTGTCCTGGT_021,8
CAGAACCCACCTGTCCTGGT_022,3
CAGAACCCACCTGTCCTGGT_023,102
CAGAACCCACCTGTCCTGGT_024,48
CAGAACCCACCTGTCCTGGT_025,192
CAGAACCCACCTGTCCTGGT_026,68
ACATAAGATAATCCATACTG_001,108
AGATTAAGAGTCTTCCACTG_001,45
AGATTAAGAGTCTTCCACTG_002,125
AGATTAAGAGTCTTCCACTG_003,47
AGATTAAGAGTCTTCCACTG_004,157
AGATTAAGAGTCTTCCACTG_005,104
AGATTAAGAGTCTTCCACTG_006,150
AGATTAAGAGTCTTCCACTG_007,149
AGATTAAGAGTCTTCCACTG_008,4
AGATTAAGAGTCTTCCACTG_009,85
AGATTAAGAGTCTTCCACTG_010,85
GTGATAGAACACCCAGACGC_001,127
GTGATAGAACACCCAGACGC_002,141
GTGATAGAACACCCAGACGC_003,151
GTGATAGAACACCCAGACGC_004,156
GTGATAGAACACCCAGACGC_005,125
GTGATAGAACACCCAGACGC_006,9
GTGATAGAACACCCAGACGC_007,148
GTGATAGAACACCCAGACGC_008,185
GTGATAGAACACCCAGACGC_009,70
GTGATAGAACACCCAGACGC_010,59
GTGATAGAACACCCAGACGC_011,40
GTGATAGAACACCCAGACGC_012,112
GTGATAGAACACCCAGACGC_013,44
GTGATAGAACACCCAGACGC_014,63
GTGATAGAACACCCAGACGC_015,45
GTGATAGAACACCCAGACGC_016,92
GTGATAGAACACCCAGACGC_017,154
GTGATAGAACACCCAGACGC_018,82
GTGATAGAACACCCAGACGC_019,176
GTGATAGAACACCCAGACGC_020,196
GTGATAGAACACCCAGACGC_021,18
ATTACAGGGACATCTCAGGT_001,75
ATTACAGGGACATCTCAGGT_002,121
ATTACAGGGACATCTCAGGT_003,29
ATTACAGGGACATCTCAGGT_004,184
GTTGCAGAGGCAGTATCGAG_001,169
GTTGCAGAGGCAGTATCGAG_002,17
GTTGCAGAGGCAGTATCGAG_003,48
GTTGCAGAGGCAGTATCGAG_004,84
GTTGCAGAGGCAGTATCGAG_005,116
GTTGCAGAGGCAGTATCGAG_006,184
GTTGCAGAGGCAGTATCGAG_007,183
GTTGCAGAGGCAGTATCGAG_008,28
GTTGCAGAGGCAGTATCGAG_009,75
GTTGCAGAGGCAGTATCGAG_010,182
GTTGCAGAGGCAGTATCGAG_011,1
GTTGCAGAGGCAGTATCGAG_012,63
GTTGCAGAGGCAGTATCGAG_013,39
AGCGGCGACACGACAGACAT_001,188
AGCGGCGACACGACAGACAT_002,73
AGCGGCGACACGACAGACAT_003,92
AGCGGCGACACGACAGACAT_004,193
AGCGGCGACACGACAGACAT_005,177
AGCGGCGACACGACAGACAT_006,120
AGCGGCGACACGACAGACAT_007,170
AGCGGCGACACGACAGACAT_008,90
AGCGGCGACACGACAGACAT_009,6
TGGGGAAAGATATCATGCAC_001,48
AATCGATCAAGGAAACTGAG_001,9
AATCGATCAAGGAAACTGAG_002,70
AATCGATCAAGGAAACTGAG_003,76
AATCGATCAAGGAAACTGAG_004,178
AATCGATCAAGGAAACTGAG_005,158
AATCGATCAAGGAAACTGAG_006,58
AATCGATCAAGGAAACTGAG_007,56
AATCGATCAAGGAAACTGAG_008,127
AATCGATCAAGGAAACTGAG_009,70
AATCGATCAAGGAAACTGAG_010,191
GAAGATCCGAAAGAAATACC_001,182
GAAGATCCGAAAGAAATACC_002,136
TGGAGGCCGAACGTCAGGAG_001,48
TGGAGGCCGAACGTCAGGAG_002,2
TGGAGGCCGAACGTCAGGAG_003,72
TGGAGGCCGAACGTCAGGAG_004,150
TGGAGGCCGAACGTCAGGAG_005,58
TGGAGGCCGAACGTCAGGAG_006,176
TGGAGGCCGAACGTCAGGAG_007,147
TGGAGGCCGAACGTCAGGAG_008,129
TGGAGGCCGAACGTCAGGAG_009,149
TGGAGGCCGAACGTCAGGAG_010,77
TGGAGGCCGAACGTCAGGAG_011,191
TGGAGGCCGAACGTCAGGAG_012,144
TGGAGGCCGAACGTCAGGAG_013,39
TGGAGGCCGAACGTCAGGAG_014,177
TGGAGGCCGAACGTCAGGAG_015,172
TGGAGGCCGAACGTCAGGAG_016,28
TGGAGGCCGAACGTCAGGAG_017,175
TGGAGGCCGAACGTCAGGAG_018,8
TGGAGGCCGAACGTCAGGAG_019,146
TGGAGGCCGAACGTCAGGAG_020,149
TGGAGGCCGAACGTCAGGAG_021,81
TGGAGGCCGAACGTCAGGAG_022,106
TGGAGGCCGAACGTCAGGAG_023,43
TGGAGGCCGAACGTCAGGAG_024,187
ATGCTAGGTTATGCTTGTCA_001,62
ATGCTAGGTTATGCTTGTCA_002,140
ATGCTAGGTTATGCTTGTCA_003,58
ATGCTAGGTTATGCTTGTCA_004,117
AGTGCTGCTTCAAACGGGCA_001,116
AGTGCTGCTTCAAACGGGCA_002,130
AGTGCTGCTTCAAACGGGCA_003,162
AGTGCTGCTTCAAACGGGCA_004,170
AGTGCTGCTTCAAACGGGCA_005,102
AGTGCTGCTTCAAACGGGCA_006,121
AGTGCTGCTTCAAACGGGCA_007,32
AGTGCTGCTTCAAACGGGCA_008,104
AGTGCTGCTTCAAACGGGCA_009,38
AGTGCTGCTTCAAACGGGCA_010,158
AGTGCTGCTTCAAACGGGCA_011,141
AGTGCTGCTTCAAACGGGCA_012,24
AGTGCTGCTTCAAACGGGCA_013,33
AGTGCTGCTTCAAACGGGCA_014,192
AGTGCTGCTTCAAACGGGCA_015,178
AGTGCTGCTTCAAACGGGCA_016,105
AGTGCTGCTTCAAACGGGCA_017,8
AGTGCTGCTTCAAACGGGCA_018,38
AGTGCTGCTTCAAACGGGCA_019,9
AGTGCTGCTTCAAACGGGCA_020,121
AGTGCTGCTTCAAACGGGCA_021,103
AGTGCTGCTTCAAACGGGCA_022,57
AGTGCTGCTTCAAACGGGCA_023,36
AGTGCTGCTTCAAACGGGCA_024,36
AGTGCTGCTTCAAACGGGCA_025,106
AGTGCTGCTTCAAACGGGCA_026,174
AGTGCTGCTTCAAACGGGCA_027,16
AGTGCTGCTTCAAACGGGCA_028,153
GCTACACGTCAGTGCTGAAG_001,87
GCTACACGTCAGTGCTGAAG_002,75
GCTACACGTCAGTGCTGAAG_003,163
GCTACACGTCAGTGCTGAAG_004,53
GCTACACGTCAGTGCTGAAG_005,9
ACTTATGGGATAGTCTACGC_001,183
ACTTATGGGATAGTCTACGC_002,157
ACTTATGGGATAGTCTACGC_003,155
ACTTATGGGATAGTCTACGC_004,155
TAAGAAAGATGGCACTCATG_001,101
TAAGAAAGATGGCACTCATG_002,103
TAAGAAAGATGGCACTCATG_003,2
TAAGAAAGATGGCACTCATG_004,115
TAAGAAAGATGGCACTCATG_005,35
TAAGAAAGATGGCACTCATG_006,70
TAAGAAAGATGGCACTCATG_007,198
GCTGGTGCACGTGATCACAC_001,175
GCTGGTGCACGTGATCACAC_002,8
GCTGGTGCACGTGATCACAC_003,113
GCTGGTGCACGTGATCACAC_004,192
GCTGGTGCACGTGATCACAC_005,172
TAGCGCTGCAGCAGGTCTCG_001,188
TAGCGCTGCAGCAGGTCTCG_002,166
TAGCGCTGCAGCAGGTCTCG_003,51
TAGCGCTGCAGCAGGTCTCG_004,194
TAGCGCTGCAGCAGGTCTCG_005,4
TAGCGCTGCAGCAGGTCTCG_006,6
TAGCGCTGCAGCAGGTCTCG_007,97
TAGCGCTGCAGCAGGTCTCG_008,0
TAGCGCTGCAGCAGGTCTCG_009,61
TAGCGCTGCAGCAGGTCTCG_010,152
ATACGAAGCCCAAACCACAG_001,43
ATACGAAGCCCAAACCACAG_002,98
ATACGAAGCCCAAACCACAG_003,162
ATACGAAGCCCAAACCACAG_004,94
ATACGAAGCCCAAACCACAG_005,185
ATACGAAGCCCAAACCACAG_006,54
ATACGAAGCCCAAACCACAG_007,1
TCAACTCACTAGGGGAAGCG_001,27
TCAACTCACTAGGGGAAGCG_002,38
TCAACTCACTAGGGGAAGCG_003,6
TCAACTCACTAGGGGAAGCG_004,184
TCAACTCACTAGGGGAAGCG_005,79
TCAACTCACTAGGGGAAGCG_006,82
TCAACTCACTAGGGGAAGCG_007,150
TCAACTCACTAGGGGAAGCG_008,175
AGAAGCCAGTCACCTCCATG_001,29
AGAAGCCAGTCACCTCCATG_002,102
AGAAGCCAGTCACCTCCATG_003,185
AGAAGCCAGTCACCTCCATG_004,81
AGAAGCCAGTCACCTCCATG_005,4
AGAAGCCAGTCACCTCCATG_006,151
AGAAGCCAGTCACCTCCATG_007,175
AGAAGCCAGTCACCTCCATG_008,56
AGAAGCCAGTCACCTCCATG_009,56
TCGGAAGCAAACTTCTGGAG_001,82
TCGGAAGCAAACTTCTGGAG_002,161
TCGGAAGCAAACTTCTGGAG_003,19
TCGGAAGCAAACTTCTGGAG_004,153
TCGGAAGCAAACTTCTGGAG_005,4
TCGGAAGCAAACTTCTGGAG_006,16
TCGGAAGCAAACTTCTGGAG_007,2
TCGGAAGCAAACTTCTGGAG_008,56
AGAACCCTAAGAGAAGTCTG_001,113
AGAACCCTAAGAGAAGTCTG_002,4
AGAACCCTAAGAGAAGTCTG_003,98
AGAACCCTAAGAGAAGTCTG_004,98
AGAACCCTAAGAGAAGTCTG_005,16
AGAACCCTAAGAGAAGTCTG_006,108
AGAACCCTAAGAGAAGTCTG_007,98
AGAACCCTAAGAGAAGTCTG_008,20
AGAACCCTAAGAGAAGTCTG_009,175
AGAACCCTAAGAGAAGTCTG_010,152
AGAACCCTAAGAGAAGTCTG_011,142
AGAACCCTAAGAGAAGTCTG_012,169
AGAACCCTAAGAGAAGTCTG_013,105
AGAACCCTAAGAGAAGTCTG_014,1
TCCACGGACAGGACGCCACG_001,137
TCCACGGACAGGACGCCACG_002,60
TCCACGGACAGGACGCCACG_003,105
TCCACGGACAGGACGCCACG_004,0
TCCACGGACAGGACGCCACG_005,142
TCCACGGACAGGACGCCACG_006,162
TCCACGGACAGGACGCCACG_007,135
TCCACGGACAGGACGCCACG_008,103
TCCACGGACAGGACGCCACG_009,171
TCCACGGACAGGACGCCACG_010,26
TCCACGGACAGGACGCCACG_011,68
TCCACGGACAGGACGCCACG_012,147
TGGAGAAACGAGGTGTAATA_001,137
TGGAGAAACGAGGTGTAATA_002,105
TGGAGAAACGAGGTGTAATA_003,15
TATAGAAACACCTAATGTCA_001,153
TATAGAAACACCTAATGTCA_002,48
TATAGAAACACCTAATGTCA_003,198
TATAGAAACACCTAATGTCA_004,42
TATAGAAACACCTAATGTCA_005,129
TATAGAAACACCTAATGTCA_006,183
TATAGAAACACCTAATGTCA_007,60
TATAGAAACACCTAATGTCA_008,1
TGGGCGGCTTGTGCACACGC_001,77
TGGGCGGCTTGTGCACACGC_002,34
TGGGCGGCTTGTGCACACGC_003,150
TGGGCGGCTTGTGCACACGC_004,186
TGGGCGGCTTGTGCACACGC_005,155
TGGGCGGCTTGTGCACACGC_006,103
TGGGCGGCTTGTGCACACGC_007,165
TGGGCGGCTTGTGCACACGC_008,14
TCATAGGTTAGGATGTCCAA_001,50
TCATAGGTTAGGATGTCCAA_002,165
TCATAGGTTAGGATGTCCAA_003,195
TCATAGGTTAGGATGTCCAA_004,139
TCATAGGTTAGGATGTCCAA_005,42
TCATAGGTTAGGATGTCCAA_006,169
TCATAGGTTAGGATGTCCAA_007,176
TCATAGGTTAGGATGTCCAA_008,25
TCATAGGTTAGGATGTCCAA_009,43
TCATAGGTTAGGATGTCCAA_010,64
TCATAGGTTAGGATGTCCAA_011,34
CAGCGCGCAAAAGAGCACGT_001,134
CAGCGCGCAAAAGAGCACGT_002,38
CAGCGCGCAAAAGAGCACGT_003,130
CAGCGCGCAAAAGAGCACGT_004,2
CAGCGCGCAAAAGAGCACGT_005,151
CAGCGCGCAAAAGAGCACGT_006,95
CAGCGCGCAAAAGAGCACGT_007,140
CAGCGCGCAAAAGAGCACGT_008,110
CAGCGCGCAAAAGAGCACGT_009,58
CAGCGCGCAAAAGAGCACGT_010,186
CAGCGCGCAAAAGAGCACGT_011,3
CAGCGCGCAAAAGAGCACGT_012,107
CAGCGCGCAAAAGAGCACGT_013,1
CAGCGCGCAAAAGAGCACGT_014,144
CAGGACGTACACCCAAGCCA_001,80
CCATGACGCTGCAGACTAAG_001,72
CCATGACGCTGCAGACTAAG_002,140
CCATGACGCTGCAGACTAAG_003,88
CCATGACGCTGCAGACTAAG_004,8
CCATGACGCTGCAGACTAAG_005,188
CCATGACGCTGCAGACTAAG_006,94
CCATGACGCTGCAGACTAAG_007,126
AGTCATTAAAAAGTATCACA_001,145
AGTCATTAAAAAGTATCACA_002,49
AGTCATTAAAAAGTATCACA_003,106
AGTCATTAAAAAGTATCACA_004,68
AGTCATTAAAAAGTATCACA_005,52
AGTCATTAAAAAGTATCACA_006,43
CGAACTTAATCCCGTGGCAA_001,131
CGAACTTAATCCCGTGGCAA_002,115
CGAACTTAATCCCGTGGCAA_003,166
CGAACTTAATCCCGTGGCAA_004,114
CGAACTTAATCCCGTGGCAA_005,114
CGAACTTAATCCCGTGGCAA_006,117
CGAACTTAATCCCGTGGCAA_007,78
CGAACTTAATCCCGTGGCAA_008,58
CGAACTTAATCCCGTGGCAA_009,162
CGAACTTAATCCCGTGGCAA_010,169
CGAACTTAATCCCGTGGCAA_011,34
CGAACTTAATCCCGTGGCAA_012,63
CGAACTTAATCCCGTGGCAA_013,67
CGAACTTAATCCCGTGGCAA_014,147
CGAACTTAATCCCGTGGCAA_015,176
CGAACTTAATCCCGTGGCAA_016,141
CGAACTTAATCCCGTGGCAA_017,41
CGAACTTAATCCCGTGGCAA_018,184
CGAACTTAATCCCGTGGCAA_019,36
CGAACTTAATCCCGTGGCAA_020,160
CGAACTTAATCCCGTGGCAA_021,38
CGAACTTAATCCCGTGGCAA_022,30
CGAACTTAATCCCGTGGCAA_023,66
CGAACTTAATCCCGTGGCAA_024,37
CGAACTTAATCCCGTGGCAA_025,121
CGAACTTAATCCCGTGGCAA_026,196
GTGTCCAGTACCGGTCGATG_001,178
GTGTCCAGTACCGGTCGATG_002,162
GTGTCCAGTACCGGTCGATG_003,84
GTGTCCAGTACCGGTCGATG_004,94
GTGTCCAGTACCGGTCGATG_005,40
GTTCATCGTCCATACCATCG_001,6
GTTCATCGTCCATACCATCG_002,88
GTTCATCGTCCATACCATCG_003,12
GTTCATCGTCCATACCATCG_004,43
GTTCATCGTCCATACCATCG_005,0
GTTCATCGTCCATACCATCG_006,190
GTTCATCGTCCATACCATCG_007,62
GTTCATCGTCCATACCATCG_008,157
GTTCCCTATGCAAATGCCAA_001,193
GTTCCCTATGCAAATGCCAA_002,49
GTTCCCTATGCAAATGCCAA_003,188
GTTCCCTATGCAAATGCCAA_004,160
GAGAACCTCGGAACATACGG_001,105
GAGAACCTCGGAACATACGG_002,105
GAGAACCTCGGAACATACGG_003,84
GAGAACCTCGGAACATACGG_004,115
GAGAACCTCGGAACATACGG_005,162
GAGAACCTCGGAACATACGG_006,110
GAGAACCTCGGAACATACGG_007,65
GAGAACCTCGGAACATACGG_008,78
GAGAACCTCGGAACATACGG_009,107
GAGAACCTCGGAACATACGG_010,142
GAGAACCTCGGAACATACGG_011,49
GAGAACCTCGGAACATACGG_012,121
GGATATGTTTGATTCCCCCA_001,149
GGATATGTTTGATTCCCCCA_002,17
GGATATGTTTGATTCCCCCA_003,176
GGAGTGGAAGCGCTTCATCG_001,174
GGAGTGGAAGCGCTTCATCG_002,73
GGAGTGGAAGCGCTTCATCG_003,181
GGAGTGGAAGCGCTTCATCG_004,175
GGAGTGGAAGCGCTTCATCG_005,103
GGAGTGGAAGCGCTTCATCG_006,176
ACCTCTTCGCATCAACACGG_001,184
ACCTCTTCGCATCAACACGG_002,175
ACCTCTTCGCATCAACACGG_003,41
ACCTCTTCGCATCAACACGG_004,105
ACCTCTTCGCATCAACACGG_005,190
ACCTCTTCGCATCAACACGG_006,77
ACCTCTTCGCATCAACACGG_007,2
ACCTCTTCGCATCAACACGG_008,19
ACCTCTTCGCATCAACACGG_009,194
ACCTCTTCGCATCAACACGG_010,118
ACCTCTTCGCATCAACACGG_011,134
ACCTCTTCGCATCAACACGG_012,28
ACCTCTTCGCATCAACACGG_013,14
ACTGGGGCATTGATTGCATC_001,160
ACTGGGGCATTGATTGCATC_002,60
ACTGGGGCATTGATTGCATC_003,199
ACTGGGGCATTGATTGCATC_004,107
ACTGGGGCATTGATTGCATC_005,57
ACTGGGGCATTGATTGCATC_006,96
ACTGGGGCATTGATTGCATC_007,44
ACTGGGGCATTGATTGCATC_008,147
ACTGGGGCATTGATTGCATC_009,0
ACTGGGGCATTGATTGCATC_010,88
ACTGGGGCATTGATTGCATC_011,198
ACTGGGGCATTGATTGCATC_012,40
ACTGGGGCATTGATTGCATC_013,138
ACTGGGGCATTGATTGCATC_014,56
GAAGTAATGAATTTCTACTG_001,77
GAAGTAATGAATTTCTACTG_002,58
GAAGTAATGAATTTCTACTG_003,177
GAAGTAATGAATTTCTACTG_004,146
GAAGTAATGAATTTCTACTG_005,149
GAAGTAATGAATTTCTACTG_006,94
GAAGTAATGAATTTCTACTG_007,18
TGAGCACGATGAAACAGACC_001,131
TGAGCACGATGAAACAGACC_002,172
TGAGCACGATGAAACAGACC_003,175
TAATGACTTACATGAGACAT_001,129
TAATGACTTACATGAGACAT_002,71
TAATGACTTACATGAGACAT_003,45
TAATGACTTACATGAGACAT_004,115
TAATGACTTACATGAGACAT_005,0
TAATGACTTACATGAGACAT_006,52
CGGCCGTGGAGTACTCGTCG_001,94
CGGCCGTGGAGTACTCGTCG_002,88
CGGCCGTGGAGTACTCGTCG_003,40
CGGCCGTGGAGTACTCGTCG_004,22
CGCACACAGGCATCTCGTGG_001,98
CGCACACAGGCATCTCGTGG_002,113
ATTCGCCGTTTGGCTCGGCG_001,97
ATTCGCCGTTTGGCTCGGCG_002,154
ATTCGCCGTTTGGCTCGGCG_003,27
ATTCGCCGTTTGGCTCGGCG_004,82
ATTCGCCGTTTGGCTCGGCG_005,177
ATTCGCCGTTTGGCTCGGCG_006,160
GCGAGGCATGCATGCTCTTA_001,24
GCGAGGCATGCATGCTCTTA_002,48
GCGAGGCATGCATGCTCTTA_003,154
GCGAGGCATGCATGCTCTTA_004,54
GCGAGGCATGCATGCTCTTA_005,181
TCTACGTGTAGTTGTACATA_001,13
TCTACGTGTAGTTGTACATA_002,169
TCTACGTGTAGTTGTACATA_003,53
TCTACGTGTAGTTGTACATA_004,17
TCTACGTGTAGTTGTACATA_005,141
CTGACTGTGTTCTTAGCTCA_001,120
CTGACTGTGTTCTTAGCTCA_002,95
CTGACTGTGTTCTTAGCTCA_003,16
CTGACTGTGTTCTTAGCTCA_004,153
CTGACTGTGTTCTTAGCTCA_005,36
CTGACTGTGTTCTTAGCTCA_006,4
CAAGAGACAGGAATTCTGTG_001,52
CAAGAGACAGGAATTCTGTG_002,191
CAAGAGACAGGAATTCTGTG_003,117
CAAGAGACAGGAATTCTGTG_004,66
CAAGAGACAGGAATTCTGTG_005,190
CAAGAGACAGGAATTCTGTG_006,142
CCTACCTTCTGAGCGCAGCA_001,118
CCTACCTTCTGAGCGCAGCA_002,182
CCTACCTTCTGAGCGCAGCA_003,172
CCTACCTTCTGAGCGCAGCA_004,96
CCTACCTTCTGAGCGCAGCA_005,42
CCTACCTTCTGAGCGCAGCA_006,28
CAGACTGACTATGATGACCA_001,198
GAAAGTTGACCTGAGCCCGA_001,145
GAAAGTTGACCTGAGCCCGA_002,44
GAAAGTTGACCTGAGCCCGA_003,87
GAAAGTTGACCTGAGCCCGA_004,137
GAAAGTTGACCTGAGCCCGA_005,5
GAAAGTTGACCTGAGCCCGA_006,81
AGAGATTCTCTCAATGAGCG_001,127
AGAGATTCTCTCAATGAGCG_002,83
AGAGATTCTCTCAATGAGCG_003,156
AGAGATTCTCTCAATGAGCG_004,63
AGAGATTCTCTCAATGAGCG_005,191
AGAGATTCTCTCAATGAGCG_006,48
AGAGATTCTCTCAATGAGCG_007,3
TGGTTAGCAGTACTGTGACT_001,50
TGGTTAGCAGTACTGTGACT_002,151
TGGTTAGCAGTACTGTGACT_003,174
TGGTTAGCAGTACTGTGACT_004,115
AGGTTACTGTAGACATCACG_001,177
AGGTTACTGTAGACATCACG_002,155
CATTGGAAAGACCTAAATCG_001,90
CATTGGAAAGACCTAAATCG_002,89
CATTGGAAAGACCTAAATCG_003,32
CATTGGAAAGACCTAAATCG_004,135
CATTGGAAAGACCTAAATCG_005,135
CATTGGAAAGACCTAAATCG_006,17
AATGGCCCTATCAATATACT_001,107
AATGGCCCTATCAATATACT_002,78
AATGGCCCTATCAATATACT_003,184
AATGGCCCTATCAATATACT_004,105
AATGGCCCTATCAATATACT_005,37
CAACAACGCCCATGACAGGT_001,88
CAACAACGCCCATGACAGGT_002,3
CAACAACGCCCATGACAGGT_003,178
CAACAACGCCCATGACAGGT_004,116
CAACAACGCCCATGACAGGT_005,81
CAACAACGCCCATGACAGGT_006,19
CAACAACGCCCATGACAGGT_007,43
CAACAACGCCCATGACAGGT_008,76
CAACAACGCCCATGACAGGT_009,106
CAACAACGCCCATGACAGGT_010,41
CAACAACGCCCATGACAGGT_011,75
CAACAACGCCCATGACAGGT_012,70
CAACAACGCCCATGACAGGT_013,137
CAACAACGCCCATGACAGGT_014,37
CCGCACCAACCACGCCAGCG_001,40
CCGCACCAACCACGCCAGCG_002,127
CCGCACCAACCACGCCAGCG_003,34
CCGCACCAACCACGCCAGCG_004,112
CCGCACCAACCACGCCAGCG_005,12
CCGCACCAACCACGCCAGCG_006,101
CCGCACCAACCACGCCAGCG_007,41
CCGCACCAACCACGCCAGCG_008,3
CCGCACCAACCACGCCAGCG_009,39
CCGCACCAACCACGCCAGCG_010,19
GTATTGCATGACGACCTGGG_001,111
GTATTGCATGACGACCTGGG_002,30
GTATTGCATGACGACCTGGG_003,49
GTATTGCATGACGACCTGGG_004,164
GTATTGCATGACGACCTGGG_005,133
ATCGTTGGGATCCAGTCGGT_001,77
ATCGTTGGGATCCAGTCGGT_002,150
ATCGTTGGGATCCAGTCGGT_003,192
ATCGTTGGGATCCAGTCGGT_004,148
ATCGTTGGGATCCAGTCGGT_005,148
ATCGTTGGGATCCAGTCGGT_006,28
AGGACAGCTGGGTCTCCAAG_001,172
AGGACAGCTGGGTCTCCAAG_002,84
AGGACAGCTGGGTCTCCAAG_003,168
AGGACAGCTGGGTCTCCAAG_004,115
AGGACAGCTGGGTCTCCAAG_005,8
TGTCCTTCAGTGGACAACGA_001,89
TGTCCTTCAGTGGACAACGA_002,166
TGTCCTTCAGTGGACAACGA_003,53
TGTCCTTCAGTGGACAACGA_004,130
TGTCCTTCAGTGGACAACGA_005,169
TGTCCTTCAGTGGACAACGA_006,105
TGTCCTTCAGTGGACAACGA_007,141
TGTCCTTCAGTGGACAACGA_008,125
TGTCCTTCAGTGGACAACGA_009,63
TGTCCTTCAGTGGACAACGA_010,188
TGTCCTTCAGTGGACAACGA_011,44
TGTCCTTCAGTGGACAACGA_012,143
TGTCCTTCAGTGGACAACGA_013,76
TGTCCTTCAGTGGACAACGA_014,52
TGTCCTTCAGTGGACAACGA_015,174
GGTTATAGGCTGTAACCAAG_001,88
TCAAGTTGTGAACTACACAC_001,82
TCAAGTTGTGAACTACACAC_002,70
TCAAGTTGTGAACTACACAC_003,36
TCAAGTTGTGAACTACACAC_004,125
TCAAGTTGTGAACTACACAC_005,82
TCAAGTTGTGAACTACACAC_006,191
TCAAGTTGTGAACTACACAC_007,70
TCAAGTTGTGAACTACACAC_008,145
TCAAGTTGTGAACTACACAC_009,97
TCAAGTTGTGAACTACACAC_010,48
CTACATGGGCTTTGACGAAG_001,43
CTACATGGGCTTTGACGAAG_002,72
CTACATGGGCTTTGACGAAG_003,48
CTACATGGGCTTTGACGAAG_004,170
CTACATGGGCTTTGACGAAG_005,19
CTACATGGGCTTTGACGAAG_006,9
CTACATGGGCTTTGACGAAG_007,124
CTACATGGGCTTTGACGAAG_008,77
GACCTCGCACTTAAATCTAG_001,82
GACCTCGCACTTAAATCTAG_002,12
GCACCACTGCAGATAGCGGA_001,78
GCACCACTGCAGATAGCGGA_002,42
GCACCACTGCAGATAGCGGA_003,75
GCACCACTGCAGATAGCGGA_004,34
ACACTGACCGTGCATCTGGT_001,11
ACACTGACCGTGCATCTGGT_002,138
ACACTGACCGTGCATCTGGT_003,138
ACACTGACCGTGCATCTGGT_004,5
ACACTGACCGTGCATCTGGT_005,134
ACACTGACCGTGCATCTGGT_006,107
ACACTGACCGTGCATCTGGT_007,42
GCTGGGCCAATCAATCGGAA_001,196
GCTGGGCCAATCAATCGGAA_002,153
TTGCGTATAAGAGTCAACCT_001,6
TTGCGTATAAGAGTCAACCT_002,176
TTGCGTATAAGAGTCAACCT_003,176
TTGCGTATAAGAGTCAACCT_004,139
TTGCGTATAAGAGTCAACCT_005,173
TTGCGTATAAGAGTCAACCT_006,155
TTGCGTATAAGAGTCAACCT_007,175
TTGCGTATAAGAGTCAACCT_008,156
ACATCAGACATTACAATTGG_001,188
ACATCAGACATTACAATTGG_002,188
ACATCAGACATTACAATTGG_003,173
ACATCAGACATTACAATTGG_004,174
AGCCAACCAAAGTTTCCGAG_001,111
AGCCAACCAAAGTTTCCGAG_002,7
AGCCAACCAAAGTTTCCGAG_003,117
AGCCAACCAAAGTTTCCGAG_004,93
AGCCAACCAAAGTTTCCGAG_005,114
AGCCAACCAAAGTTTCCGAG_006,147
AGCCAACCAAAGTTTCCGAG_007,146
AGCCAACCAAAGTTTCCGAG_008,147
AGCCAACCAAAGTTTCCGAG_009,148
AGCCAACCAAAGTTTCCGAG_010,93
AGCCAACCAAAGTTTCCGAG_011,75
AGCCAACCAAAGTTTCCGAG_012,48
GAATCTCGAGTTAGTTTAAC_001,26
GAATCTCGAGTTAGTTTAAC_002,82
GAATCTCGAGTTAGTTTAAC_003,181
GAATCTCGAGTTAGTTTAAC_004,1
GAATCTCGAGTTAGTTTAAC_005,177
GAATCTCGAGTTAGTTTAAC_006,65
GAATCTCGAGTTAGTTTAAC_007,145
GAATCTCGAGTTAGTTTAAC_008,19
TAAGATCCAAAATCAAGACG_001,150
TAAGATCCAAAATCAAGACG_002,115
TAAGATCCAAAATCAAGACG_003,115
TAAGATCCAAAATCAAGACG_004,180
TAAGATCCAAAATCAAGACG_005,91
CCAGTACGCACTCACCAACG_001,157
CCAGTACGCACTCACCAACG_002,184
CCAGTACGCACTCACCAACG_003,102
CCAGTACGCACTCACCAACG_004,178
CCAGTACGCACTCACCAACG_005,58
CCAGTACGCACTCACCAACG_006,155
CCAGTACGCACTCACCAACG_007,106
GACTGCTCCCAACCAACTGG_001,101
GACTGCTCCCAACCAACTGG_002,178
GACTGCTCCCAACCAACTGG_003,178
GACTGCTCCCAACCAACTGG_004,80
GACTGCTCCCAACCAACTGG_005,34
GACTGCTCCCAACCAACTGG_006,188
GACTGCTCCCAACCAACTGG_007,115
GACTGCTCCCAACCAACTGG_008,146
GACTGCTCCCAACCAACTGG_009,67
GACTGCTCCCAACCAACTGG_010,91
GACTGCTCCCAACCAACTGG_011,68
GACTGCTCCCAACCAACTGG_012,113
GACTGCTCCCAACCAACTGG_013,148
GACTGCTCCCAACCAACTGG_014,6
GACTGCTCCCAACCAACTGG_015,6
GACTGCTCCCAACCAACTGG_016,65
GACTGCTCCCAACCAACTGG_017,85
GACTGCTCCCAACCAACTGG_018,33
GACTGCTCCCAACCAACTGG_019,69
GACTGCTCCCAACCAACTGG_020,141
GACTGCTCCCAACCAACTGG_021,169
GACTGCTCCCAACCAACTGG_022,197
GACTGCTCCCAACCAACTGG_023,184
GACTGCTCCCAACCAACTGG_024,17
GACTGCTCCCAACCAACTGG_025,37
GACTGCTCCCAACCAACTGG_026,85
GACTGCTCCCAACCAACTGG_027,141
GACTGCTCCCAACCAACTGG_028,20
GACTGCTCCCAACCAACTGG_029,22
GACTGCTCCCAACCAACTGG_030,35
GACTGCTCCCAACCAACTGG_031,173
GACTGCTCCCAACCAACTGG_032,11
GACTGCTCCCAACCAACTGG_033,191
GACTGCTCCCAACCAACTGG_034,41
GACTGCTCCCAACCAACTGG_035,119
GACTGCTCCCAACCAACTGG_036,169
GACTGCTCCCAACCAACTGG_037,148
GACTGCTCCCAACCAACTGG_038,162
GACTGCTCCCAACCAACTGG_039,9
GACTGCTCCCAACCAACTGG_040,85
GACTGCTCCCAACCAACTGG_041,24
GACTGCTCCCAACCAACTGG_042,163
GACTGCTCCCAACCAACTGG_043,113
GACTGCTCCCAACCAACTGG_044,57
GACTGCTCCCAACCAACTGG_045,50
GACTGCTCCCAACCAACTGG_046,56
GACTGCTCCCAACCAACTGG_047,7
GACTGCTCCCAACCAACTGG_048,190
GACTGCTCCCAACCAACTGG_049,187
GACTGCTCCCAACCAACTGG_050,8
GACTGCTCCCAACCAACTGG_051,66
GGAGAAGGCCCTTCTGACGA_001,102
GGAGAAGGCCCTTCTGACGA_002,66
GGAGAAGGCCCTTCTGACGA_003,83
GGAGAAGGCCCTTCTGACGA_004,115
GGAGAAGGCCCTTCTGACGA_005,148
GGAGAAGGCCCTTCTGACGA_006,140
GGAGAAGGCCCTTCTGACGA_007,17
AACCATCAAACCTCACACAG_001,168
AACCATCAAACCTCACACAG_002,144
AACCATCAAACCTCACACAG_003,104
AACCATCAAACCTCACACAG_004,154
AACCATCAAACCTCACACAG_005,24
AACCATCAAACCTCACACAG_006,58
AACCATCAAACCTCACACAG_007,187
AACCATCAAACCTCACACAG_008,18
AACCATCAAACCTCACACAG_009,143
AACCATCAAACCTCACACAG_010,102
AACCATCAAACCTCACACAG_011,94
AACCATCAAACCTCACACAG_012,105
AACCATCAAACCTCACACAG_013,105
AACCATCAAACCTCACACAG_014,155
AACCATCAAACCTCACACAG_015,30
AACCATCAAACCTCACACAG_016,86
AACCATCAAACCTCACACAG_017,111
AACCATCAAACCTCACACAG_018,30
AACCATCAAACCTCACACAG_019,69
AACCATCAAACCTCACACAG_020,100
AACCATCAAACCTCACACAG_021,108
AACCATCAAACCTCACACAG_022,18
AACCATCAAACCTCACACAG_023,115
AACCATCAAACCTCACACAG_024,150
AACCATCAAACCTCACACAG_025,145
AACCATCAAACCTCACACAG_026,106
AACCATCAAACCTCACACAG_027,39
AACCATCAAACCTCACACAG_028,152
AACCATCAAACCTCACACAG_029,16
AAGCGCTCAAATCGGACCAA_001,110
AAGCGCTCAAATCGGACCAA_002,88
AAGCGCTCAAATCGGACCAA_003,140
AAGCGCTCAAATCGGACCAA_004,153
AAGCGCTCAAATCGGACCAA_005,133
AAGCGCTCAAATCGGACCAA_006,147
AAGCGCTCAAATCGGACCAA_007,178
AAGCGCTCAAATCGGACCAA_008,162
AAGCGCTCAAATCGGACCAA_009,19
AAGCGCTCAAATCGGACCAA_010,162
AAGCGCTCAAATCGGACCAA_011,51
AAGCGCTCAAATCGGACCAA_012,8
AAGCGCTCAAATCGGACCAA_013,78
AAGCGCTCAAATCGGACCAA_014,35
AAGCGCTCAAATCGGACCAA_015,88
AAGCGCTCAAATCGGACCAA_016,19
AAGCGCTCAAATCGGACCAA_017,11
AAGCGCTCAAATCGGACCAA_018,98
AAGCGCTCAAATCGGACCAA_019,190
AAGCGCTCAAATCGGACCAA_020,118
AAGCGCTCAAATCGGACCAA_021,11
AAGCGCTCAAATCGGACCAA_022,57
AGTGAGGAGACACCCCCAGG_001,169
AGTGAGGAGACACCCCCAGG_002,21
AGTGAGGAGACACCCCCAGG_003,57
AGTGAGGAGACACCCCCAGG_004,128
AGTGAGGAGACACCCCCAGG_005,48
AGTGAGGAGACACCCCCAGG_006,32
AGTGAGGAGACACCCCCAGG_007,24
AGTGAGGAGACACCCCCAGG_008,24
AGTGAGGAGACACCCCCAGG_009,61
AGTGAGGAGACACCCCCAGG_010,102
AGTGAGGAGACACCCCCAGG_011,115
AGTGAGGAGACACCCCCAGG_012,149
AGTGAGGAGACACCCCCAGG_013,192
AGTGAGGAGACACCCCCAGG_014,30
AGTGAGGAGACACCCCCAGG_015,188
AGCTCTCTGGATATTCAAAG_001,147
TGCTCACCTCAGGACCACCC_001,44
TGTTCCCCGAGACAATGCAT_001,186
TGTTCCCCGAGACAATGCAT_002,88
TGTTCCCCGAGACAATGCAT_003,160
TGTTCCCCGAGACAATGCAT_004,97
TGTTCCCCGAGACAATGCAT_005,114
TGTTCCCCGAGACAATGCAT_006,197
TGTTCCCCGAGACAATGCAT_007,144
TGTTCCCCGAGACAATGCAT_008,35
TGTTCCCCGAGACAATGCAT_009,10
GAAGACTACTACTGGATGAC_001,25
GAAGACTACTACTGGATGAC_002,5
GATTCTATCTGCAGTCGAAG_001,170
GATTCTATCTGCAGTCGAAG_002,17
GATTCTATCTGCAGTCGAAG_003,17
GATAATGAATGGTACCAGAG_001,80
GATAATGAATGGTACCAGAG_002,8
GATAATGAATGGTACCAGAG_003,121
GATAATGAATGGTACCAGAG_004,60
GATAATGAATGGTACCAGAG_005,67
GATAATGAATGGTACCAGAG_006,6
GGAACCCCCCTGACTACCGA_001,88
GGAACCCCCCTGACTACCGA_002,170
GGAACCCCCCTGACTACCGA_003,88
GGAACCCCCCTGACTACCGA_004,72
GGAACCCCCCTGACTACCGA_005,102
GGAACCCCCCTGACTACCGA_006,88
GGAACCCCCCTGACTACCGA_007,85
GGAACCCCCCTGACTACCGA_008,192
GGAACCCCCCTGACTACCGA_009,24
GGAACCCCCCTGACTACCGA_010,61
GGAACCCCCCTGACTACCGA_011,142
GGAACCCCCCTGACTACCGA_012,60
GGAACCCCCCTGACTACCGA_013,110
GGAACCCCCCTGACTACCGA_014,107
GGAACCCCCCTGACTACCGA_015,147
GGAACCCCCCTGACTACCGA_016,50
GGAACCCCCCTGACTACCGA_017,49
GGAACCCCCCTGACTACCGA_018,149
GGAACCCCCCTGACTACCGA_019,192
GGAACCCCCCTGACTACCGA_020,15
GGAACCCCCCTGACTACCGA_021,138
GGAACCCCCCTGACTACCGA_022,139
GGAACCCCCCTGACTACCGA_023,62
GGAACCCCCCTGACTACCGA_024,144
GGAACCCCCCTGACTACCGA_025,191
GGAACCCCCCTGACTACCGA_026,83
GGAACCCCCCTGACTACCGA_027,8
GGAACCCCCCTGACTACCGA_028,81
GGAACCCCCCTGACTACCGA_029,121
GGAACCCCCCTGACTACCGA_030,104
GGAACCCCCCTGACTACCGA_031,85
GGAACCCCCCTGACTACCGA_032,14
GGAACCCCCCTGACTACCGA_033,119
GGAACCCCCCTGACTACCGA_034,194
GGAACCCCCCTGACTACCGA_035,183
GGAACCCCCCTGACTACCGA_036,35
GGAACCCCCCTGACTACCGA_037,123
GGAACCCCCCTGACTACCGA_038,6
GGAACCCCCCTGACTACCGA_039,22
GGAACCCCCCTGACTACCGA_040,34
GGAACCCCCCTGACTACCGA_041,190
GGAACCCCCCTGACTACCGA_042,192
GGCAGCCCGTCTAACCTCTG_001,116
GGCAGCCCGTCTAACCTCTG_002,148
GGCAGCCCGTCTAACCTCTG_003,127
GGCAGCCCGTCTAACCTCTG_004,1
GGCAGCCCGTCTAACCTCTG_005,142
GGCAGCCCGTCTAACCTCTG_006,188
GGCAGCCCGTCTAACCTCTG_007,16
GGCAGCCCGTCTAACCTCTG_008,22
CAGGACCGAAATAAACATCT_001,163
CAGGACCGAAATAAACATCT_002,137
CAGGACCGAAATAAACATCT_003,190
CAGGACCGAAATAAACATCT_004,170
CAGGACCGAAATAAACATCT_005,34
CAGGACCGAAATAAACATCT_006,48
CAGGACCGAAATAAACATCT_007,46
CAGGACCGAAATAAACATCT_008,77
CAGGACCGAAATAAACATCT_009,19
CAGGACCGAAATAAACATCT_010,19
CAGGACCGAAATAAACATCT_011,168
CAGGACCGAAATAAACATCT_012,165
CAGGACCGAAATAAACATCT_013,96
CGGGGCGCGTGTGGTACGCG_001,173
CGGGGCGCGTGTGGTACGCG_002,22
CGGGGCGCGTGTGGTACGCG_003,109
CGGGGCGCGTGTGGTACGCG_004,88
CGGGGCGCGTGTGGTACGCG_005,20
CGGGGCGCGTGTGGTACGCG_006,15
GATGCTGCCCAACCTTGAAG_001,95
GATGCTGCCCAACCTTGAAG_002,56
GATGCTGCCCAACCTTGAAG_003,115
GATGCTGCCCAACCTTGAAG_004,2
GATGCTGCCCAACCTTGAAG_005,177
GATGCTGCCCAACCTTGAAG_006,139
GATGCTGCCCAACCTTGAAG_007,145
GATGCTGCCCAACCTTGAAG_008,37
CGTTGGCTGAGCCCATAAGT_001,125
CGTTGGCTGAGCCCATAAGT_002,129
CGTTGGCTGAGCCCATAAGT_003,9
CGTTGGCTGAGCCCATAAGT_004,170
CGTTGGCTGAGCCCATAAGT_005,196
TGTTCAACACCAAATTCGAA_001,27
TGTTCAACACCAAATTCGAA_002,120
TGTTCAACACCAAATTCGAA_003,72
TGTTCAACACCAAATTCGAA_004,198
TGTTCAACACCAAATTCGAA_005,162
TGTTCAACACCAAATTCGAA_006,197
TGTTCAACACCAAATTCGAA_007,133
TGTTCAACACCAAATTCGAA_008,109
TGTTCAACACCAAATTCGAA_009,76
TGTTCAACACCAAATTCGAA_010,112
TGTTCAACACCAAATTCGAA_011,58
TGTTCAACACCAAATTCGAA_012,115
TGTTCAACACCAAATTCGAA_013,35
TGTTCAACACCAAATTCGAA_014,106
TGTTCAACACCAAATTCGAA_015,152
TGTTCAACACCAAATTCGAA_016,152
TGTTCAACACCAAATTCGAA_017,188
GGAGCACCAGACTCACGCCA_001,8
GGAGCACCAGACTCACGCCA_002,164
GGAGCACCAGACTCACGCCA_003,107
GGAGCACCAGACTCACGCCA_004,23
GGAGCACCAGACTCACGCCA_005,138
GGAGCACCAGACTCACGCCA_006,29
GGAGCACCAGACTCACGCCA_007,131
GGAGCACCAGACTCACGCCA_008,37
GGAGCACCAGACTCACGCCA_009,134
GGAGCACCAGACTCACGCCA_010,170
GGAGCACCAGACTCACGCCA_011,35
GGAGCACCAGACTCACGCCA_012,62
GGAGCACCAGACTCACGCCA_013,83
GGAGCACCAGACTCACGCCA_014,21
GGAGCACCAGACTCACGCCA_015,140
GGAGCACCAGACTCACGCCA_016,118
GGAGCACCAGACTCACGCCA_017,48
GGAGCACCAGACTCACGCCA_018,121
GGAGCACCAGACTCACGCCA_019,121
GGAGCACCAGACTCACGCCA_020,121
GGAGCACCAGACTCACGCCA_021,162
GGAGCACCAGACTCACGCCA_022,113
GGAGCACCAGACTCACGCCA_023,157
GGAGCACCAGACTCACGCCA_024,28
GGAGCACCAGACTCACGCCA_025,56
GGAGCACCAGACTCACGCCA_026,100
CATCTGAGGATCCCACCCGA_001,41
CATCTGAGGATCCCACCCGA_002,115
CATCTGAGGATCCCACCCGA_003,62
CATCTGAGGATCCCACCCGA_004,169
CATCTGAGGATCCCACCCGA_005,59
CATCTGAGGATCCCACCCGA_006,150
CATCTGAGGATCCCACCCGA_007,112
CATCTGAGGATCCCACCCGA_008,94
CATCTGAGGATCCCACCCGA_009,157
CATCTGAGGATCCCACCCGA_010,47
CTGGTCAACAGTATTGCTTC_001,194
CATGGACTGCGCGTCTTGCA_001,128
CATGGACTGCGCGTCTTGCA_002,87
CAGATGGAATGGCTGCACCG_001,132
CAGATGGAATGGCTGCACCG_002,95
CAGATGGAATGGCTGCACCG_003,15
CAGATGGAATGGCTGCACCG_004,157
CAGATGGAATGGCTGCACCG_005,81
AGCAGAACGGAATATTCTGG_001,38
AGCAGAACGGAATATTCTGG_002,132
CATGGCCTTAGAGGAGATGC_001,156
CTCGGGCAGGTTATCCTACG_001,29
TGCATACCTTGAGTACCCGG_001,107
TGCATACCTTGAGTACCCGG_002,181
TGCATACCTTGAGTACCCGG_003,183
TGCATACCTTGAGTACCCGG_004,32
TGCATACCTTGAGTACCCGG_005,182
TGCATACCTTGAGTACCCGG_006,147
TGCATACCTTGAGTACCCGG_007,82
TGCATACCTTGAGTACCCGG_008,77
GTAGCAGGCGACAATAAGGC_001,1
GTAGCAGGCGACAATAAGGC_002,62
GTAGCAGGCGACAATAAGGC_003,141
GTAGCAGGCGACAATAAGGC_004,37
GTAGCAGGCGACAATAAGGC_005,39
GTAGCAGGCGACAATAAGGC_006,124
AAGATGTCCACACCCTGGTG_001,26
AAGATGTCCACACCCTGGTG_002,53
AAGATGTCCACACCCTGGTG_003,58
AAGATGTCCACACCCTGGTG_004,35
AAGATGTCCACACCCTGGTG_005,135
AAGATGTCCACACCCTGGTG_006,166
AAGATGTCCACACCCTGGTG_007,73
AAGATGTCCACACCCTGGTG_008,20
AAGATGTCCACACCCTGGTG_009,18
AAGATGTCCACACCCTGGTG_010,66
AAGATGTCCACACCCTGGTG_011,60
AAGATGTCCACACCCTGGTG_012,117
GCTCCCACAAGATATCTGAG_001,58
TCTGGCAGACACAAGCGCCG_001,159
TCTGGCAGACACAAGCGCCG_002,171
TCTGGCAGACACAAGCGCCG_003,70
TCTGGCAGACACAAGCGCCG_004,32
TCTGGCAGACACAAGCGCCG_005,147
TCTGGCAGACACAAGCGCCG_006,184
TCTGGCAGACACAAGCGCCG_007,1
TCTGGCAGACACAAGCGCCG_008,188
TCTGGCAGACACAAGCGCCG_009,112
TCTGGCAGACACAAGCGCCG_010,140
TCTGGCAGACACAAGCGCCG_011,149
TCTGGCAGACACAAGCGCCG_012,94
TCTGGCAGACACAAGCGCCG_013,29
TCTGGCAGACACAAGCGCCG_014,19
TCTGGCAGACACAAGCGCCG_015,52
TCTGGCAGACACAAGCGCCG_016,77
TGGGAGACCCATTTATGCGT_001,183
TGGGAGACCCATTTATGCGT_002,145
TGGGAGACCCATTTATGCGT_003,0
TGGGAGACCCATTTATGCGT_004,15
TGGGAGACCCATTTATGCGT_005,78
TGGGAGACCCATTTATGCGT_006,115
TGGGAGACCCATTTATGCGT_007,83
TGGGAGACCCATTTATGCGT_008,103
GTGAGTCGTGCAAGCTTGGT_001,6
GTGAGTCGTGCAAGCTTGGT_002,48
GTGAGTCGTGCAAGCTTGGT_003,61
GTGAGTCGTGCAAGCTTGGT_004,66
GTGAGTCGTGCAAGCTTGGT_005,19
GTGAGTCGTGCAAGCTTGGT_006,40
AAGGTTGATCGTTCTGTCGC_001,115
AAGGTTGATCGTTCTGTCGC_002,154
GCGTATTCGGCAACAACAGG_001,17
GCGTATTCGGCAACAACAGG_002,32
GCGTATTCGGCAACAACAGG_003,48
GCGTATTCGGCAACAACAGG_004,96
TGATTATGAGCAACCACTGG_001,162
TGATTATGAGCAACCACTGG_002,94
TGATTATGAGCAACCACTGG_003,83
TGATTATGAGCAACCACTGG_004,197
TGATTATGAGCAACCACTGG_005,75
TGATTATGAGCAACCACTGG_006,169
TGATTATGAGCAACCACTGG_007,148
TGATTATGAGCAACCACTGG_008,164
TGATTATGAGCAACCACTGG_009,62
TGATTATGAGCAACCACTGG_010,19
TGATTATGAGCAACCACTGG_011,130
TGGCGGTAGAAGTAGCTTGG_001,134
TGGCGGTAGAAGTAGCTTGG_002,15
TGGCGGTAGAAGTAGCTTGG_003,77
TGGCGGTAGAAGTAGCTTGG_004,198
TGGCGGTAGAAGTAGCTTGG_005,6
TGGCGGTAGAAGTAGCTTGG_006,112
TGGCGGTAGAAGTAGCTTGG_007,143
TGGCGGTAGAAGTAGCTTGG_008,148
TGGCGGTAGAAGTAGCTTGG_009,126
TGGCGGTAGAAGTAGCTTGG_010,55
TGGCGGTAGAAGTAGCTTGG_011,78
TGGCGGTAGAAGTAGCTTGG_012,91
TGGCGGTAGAAGTAGCTTGG_013,153
TGGCGGTAGAAGTAGCTTGG_014,152
AGACCCTAACCAGTATACCA_001,159
AGACCCTAACCAGTATACCA_002,94
AGACCCTAACCAGTATACCA_003,169
AGACCCTAACCAGTATACCA_004,177
AGACCCTAACCAGTATACCA_005,25
AGACCCTAACCAGTATACCA_006,96
GCTGGTGTCTCCGTTCCCAA_001,152
GCTGGTGTCTCCGTTCCCAA_002,118
GCTGGTGTCTCCGTTCCCAA_003,69
GCTGGTGTCTCCGTTCCCAA_004,82
GCTGGTGTCTCCGTTCCCAA_005,152
GCTGGTGTCTCCGTTCCCAA_006,13
GCTGGTGTCTCCGTTCCCAA_007,103
GCTGGTGTCTCCGTTCCCAA_008,88
GCTGGTGTCTCCGTTCCCAA_009,63
GCTGGTGTCTCCGTTCCCAA_010,153
GCTGGTGTCTCCGTTCCCAA_011,142
CCTCCTGAGTCCCGTCAACG_001,101
CCTCCTGAGTCCCGTCAACG_002,62
CCTCCTGAGTCCCGTCAACG_003,115
CCTCCTGAGTCCCGTCAACG_004,6
CCTCCTGAGTCCCGTCAACG_005,50
CCTCCTGAGTCCCGTCAACG_006,19
CCTCCTGAGTCCCGTCAACG_007,113
CCTCCTGAGTCCCGTCAACG_008,26
GAAGGGACATCCCAACAAAG_001,158
GAAGGGACATCCCAACAAAG_002,15
GAAGGGACATCCCAACAAAG_003,31
GAGTGTCCCTTATGGCTCAG_001,120
GAGTGTCCCTTATGGCTCAG_002,101
GAGTGTCCCTTATGGCTCAG_003,101
GAGTGTCCCTTATGGCTCAG_004,155
GAGTGTCCCTTATGGCTCAG_005,101
GAGTGTCCCTTATGGCTCAG_006,170
GAGTGTCCCTTATGGCTCAG_007,138
GAGTGTCCCTTATGGCTCAG_008,81
GAGTGTCCCTTATGGCTCAG_009,61
GAGTGTCCCTTATGGCTCAG_010,160
GAGTGTCCCTTATGGCTCAG_011,134
TCAGTGATGATATAGAACGG_001,160
TGGAGATGAGCTGATCCGTG_001,115
TGGAGATGAGCTGATCCGTG_002,96
TGGAGATGAGCTGATCCGTG_003,44
TGGAGATGAGCTGATCCGTG_004,177
TGGAGATGAGCTGATCCGTG_005,28
TGGAGATGAGCTGATCCGTG_006,153
TGGAGATGAGCTGATCCGTG_007,197
TGGAGATGAGCTGATCCGTG_008,50
TGGAGATGAGCTGATCCGTG_009,106
TGGAGATGAGCTGATCCGTG_010,94
TGCTCCAAGTCCATATAACA_001,29
TGCTCCAAGTCCATATAACA_002,116
TGCTCCAAGTCCATATAACA_003,40
TGCTCCAAGTCCATATAACA_004,169
TGCTCCAAGTCCATATAACA_005,63
TGCTCCAAGTCCATATAACA_006,184
TGCTCCAAGTCCATATAACA_007,199
GAGAGAGCTGAGTTCGTCGG_001,76
GAGAGAGCTGAGTTCGTCGG_002,137
GAGAGAGCTGAGTTCGTCGG_003,183
GAGAGAGCTGAGTTCGTCGG_004,97
GAGAGAGCTGAGTTCGTCGG_005,1
GAGAGAGCTGAGTTCGTCGG_006,94
GAGAGAGCTGAGTTCGTCGG_007,181
GAGAGAGCTGAGTTCGTCGG_008,62
GAGAGAGCTGAGTTCGTCGG_009,117
GAGAGAGCTGAGTTCGTCGG_010,129
GAGAGAGCTGAGTTCGTCGG_011,127
GAGAGAGCTGAGTTCGTCGG_012,88
GAGAGAGCTGAGTTCGTCGG_013,118
GAGAGAGCTGAGTTCGTCGG_014,51
GAGAGAGCTGAGTTCGTCGG_015,127
GAGAGAGCTGAGTTCGTCGG_016,176
GAGAGAGCTGAGTTCGTCGG_017,185
GAGAGAGCTGAGTTCGTCGG_018,29
GAGAGAGCTGAGTTCGTCGG_019,101
GAGAGAGCTGAGTTCGTCGG_020,2
GAGAGAGCTGAGTTCGTCGG_021,184
GAGAGAGCTGAGTTCGTCGG_022,21
GAGAGAGCTGAGTTCGTCGG_023,24
GAGAGAGCTGAGTTCGTCGG_024,181
GAGAGAGCTGAGTTCGTCGG_025,30
GAGAGAGCTGAGTTCGTCGG_026,80
GAGAGAGCTGAGTTCGTCGG_027,17
GAGAGAGCTGAGTTCGTCGG_028,180
GAGAGAGCTGAGTTCGTCGG_029,14
GGATGTGTCTGGCGCCCTCG_001,133
GGATGTGTCTGGCGCCCTCG_002,179
GGATGTGTCTGGCGCCCTCG_003,96
GGATGTGTCTGGCGCCCTCG_004,175
GGATGTGTCTGGCGCCCTCG_005,133
GGGCGAACGCGGACTGATGG_001,113
GGGCGAACGCGGACTGATGG_002,34
GGGCGAACGCGGACTGATGG_003,172
GGGCGAACGCGGACTGATGG_004,107
GGGCGAACGCGGACTGATGG_005,192
GGACATTCGGAGTCTGTGCA_001,13
GGACATTCGGAGTCTGTGCA_002,183
GGACATTCGGAGTCTGTGCA_003,170
GGACATTCGGAGTCTGTGCA_004,151
GGACATTCGGAGTCTGTGCA_005,52
GGACATTCGGAGTCTGTGCA_006,186
GTCTGCCACCGTGATCCTCG_001,127
GTCTGCCACCGTGATCCTCG_002,168
GTCTGCCACCGTGATCCTCG_003,152
GTCTGCCACCGTGATCCTCG_004,105
GTCTGCCACCGTGATCCTCG_005,105
GTCTGCCACCGTGATCCTCG_006,176
GTCTGCCACCGTGATCCTCG_007,62
GTCTGCCACCGTGATCCTCG_008,81
GTCTGCCACCGTGATCCTCG_009,118
GTCTGCCACCGTGATCCTCG_010,104
GTCTGCCACCGTGATCCTCG_011,122
GTCTGCCACCGTGATCCTCG_012,182
GTCTGCCACCGTGATCCTCG_013,76
GTCTGCCACCGTGATCCTCG_014,81
GTCTGCCACCGTGATCCTCG_015,145
GTCTGCCACCGTGATCCTCG_016,105
GTCTGCCACCGTGATCCTCG_017,150
GTCTGCCACCGTGATCCTCG_018,158
GTCTGCCACCGTGATCCTCG_019,41
GTCTGCCACCGTGATCCTCG_020,50
GTCTGCCACCGTGATCCTCG_021,94
GTCTGCCACCGTGATCCTCG_022,168
GTCTGCCACCGTGATCCTCG_023,172
GCAACTATTCGCAGTCCGAG_001,68
GCAACTATTCGCAGTCCGAG_002,144
GCAACTATTCGCAGTCCGAG_003,134
GCAACTATTCGCAGTCCGAG_004,19
GCAACTATTCGCAGTCCGAG_005,134
GCAACTATTCGCAGTCCGAG_006,88
GCAACTATTCGCAGTCCGAG_007,48
GCAACTATTCGCAGTCCGAG_008,94
TGCTATTCCACCCAGCCAAT_001,103
TGCTATTCCACCCAGCCAAT_002,150
TGCTATTCCACCCAGCCAAT_003,43
TGCTATTCCACCCAGCCAAT_004,127
TGCTATTCCACCCAGCCAAT_005,21
TGCTATTCCACCCAGCCAAT_006,34
TGCTATTCCACCCAGCCAAT_007,176
TGCTATTCCACCCAGCCAAT_008,65
TGCTATTCCACCCAGCCAAT_009,45
ATGACCGTAGTCTGTTTCGA_001,160
ATGACCGTAGTCTGTTTCGA_002,45
ATGACCGTAGTCTGTTTCGA_003,31
ATGACCGTAGTCTGTTTCGA_004,13
ATGACCGTAGTCTGTTTCGA_005,40
ATGACCGTAGTCTGTTTCGA_006,14
ATGACCGTAGTCTGTTTCGA_007,84
ATGACCGTAGTCTGTTTCGA_008,17
ATGACCGTAGTCTGTTTCGA_009,118
ATGACCGTAGTCTGTTTCGA_010,20
ATGACCGTAGTCTGTTTCGA_011,103
ATGACCGTAGTCTGTTTCGA_012,23
ATGACCGTAGTCTGTTTCGA_013,42
ATGACCGTAGTCTGTTTCGA_014,62
ATGACCGTAGTCTGTTTCGA_015,56
ATGACCGTAGTCTGTTTCGA_016,68
ATGACCGTAGTCTGTTTCGA_017,16
ATGACCGTAGTCTGTTTCGA_018,186
ATGACCGTAGTCTGTTTCGA_019,19
ATGACCGTAGTCTGTTTCGA_020,15
ATGACCGTAGTCTGTTTCGA_021,144
ATGACCGTAGTCTGTTTCGA_022,155
TGAGTACCTTTGATGTCCCG_001,27
TGAGTACCTTTGATGTCCCG_002,15
TGAGTACCTTTGATGTCCCG_003,3
TGAGTACCTTTGATGTCCCG_004,111
TGAGTACCTTTGATGTCCCG_005,8
TGAGTACCTTTGATGTCCCG_006,8
TGAGTACCTTTGATGTCCCG_007,64
TGAGTACCTTTGATGTCCCG_008,176
TCTAAAACCTTACCACAGGG_001,105
TCTAAAACCTTACCACAGGG_002,150
TCTAAAACCTTACCACAGGG_003,2
AAGGCAACGACAACTTGAGT_001,85
AAGGCAACGACAACTTGAGT_002,17
AAGGCAACGACAACTTGAGT_003,154
AAGGCAACGACAACTTGAGT_004,73
AAGGCAACGACAACTTGAGT_005,170
AAGGCAACGACAACTTGAGT_006,162
AAGGCAACGACAACTTGAGT_007,44
AAGGCAACGACAACTTGAGT_008,85
AAGGCAACGACAACTTGAGT_009,41
AAGGCAACGACAACTTGAGT_010,62
AAGGCAACGACAACTTGAGT_011,65
AAGGCAACGACAACTTGAGT_012,82
AAGGCAACGACAACTTGAGT_013,185
GCGCTCACCCAAGTACGACA_001,48
GCGCTCACCCAAGTACGACA_002,81
GCGCTCACCCAAGTACGACA_003,156
GCGCTCACCCAAGTACGACA_004,161
GCGCTCACCCAAGTACGACA_005,119
GCGCTCACCCAAGTACGACA_006,152
GCGCTCACCCAAGTACGACA_007,74
GCGCTCACCCAAGTACGACA_008,40
GCGCTCACCCAAGTACGACA_009,160
GCGCTCACCCAAGTACGACA_010,62
GCGCTCACCCAAGTACGACA_011,188
GCGCTCACCCAAGTACGACA_012,147
GGCACCGAGACCCTCCAAGG_001,26
GGCACCGAGACCCTCCAAGG_002,36
GGCACCGAGACCCTCCAAGG_003,103
GGCACCGAGACCCTCCAAGG_004,169
GGCACCGAGACCCTCCAAGG_005,28
GGCACCGAGACCCTCCAAGG_006,29
GGCACCGAGACCCTCCAAGG_007,42
GGCACCGAGACCCTCCAAGG_008,168
GGCACCGAGACCCTCCAAGG_009,105
GGCACCGAGACCCTCCAAGG_010,62
GGCACCGAGACCCTCCAAGG_011,113
GGCACCGAGACCCTCCAAGG_012,17
GGCACCGAGACCCTCCAAGG_013,48
GGCACCGAGACCCTCCAAGG_014,53
GGCACCGAGACCCTCCAAGG_015,198
GGCACCGAGACCCTCCAAGG_016,140
GGCACCGAGACCCTCCAAGG_017,52
ACTGTTTCTTACAGCACGAA_001,142
ACTGTTTCTTACAGCACGAA_002,119
ACTGTTTCTTACAGCACGAA_003,60
ACTGTTTCTTACAGCACGAA_004,23
ACTGTTTCTTACAGCACGAA_005,70
ACTGTTTCTTACAGCACGAA_006,70
ACTGTTTCTTACAGCACGAA_007,177
ACTGTTTCTTACAGCACGAA_008,90
GAGAGGCCCAACTCAATCTG_001,0
GAGAGGCCCAACTCAATCTG_002,55
GAGAGGCCCAACTCAATCTG_003,62
GAGAGGCCCAACTCAATCTG_004,137
GAGAGGCCCAACTCAATCTG_005,168
GAGAGGCCCAACTCAATCTG_006,107
GAGAGGCCCAACTCAATCTG_007,77
GAGAGGCCCAACTCAATCTG_008,127
GAGAGGCCCAACTCAATCTG_009,168
GAGAGGCCCAACTCAATCTG_010,35
GAGAGGCCCAACTCAATCTG_011,4
GAGAGGCCCAACTCAATCTG_012,175
CAGTGCAAGGCCATGAAGTG_001,71
CAGTGCAAGGCCATGAAGTG_002,184
CAGTGCAAGGCCATGAAGTG_003,62
CAGTGCAAGGCCATGAAGTG_004,47
CAGTGCAAGGCCATGAAGTG_005,106
CAGTGCAAGGCCATGAAGTG_006,115
CAGTGCAAGGCCATGAAGTG_007,76
GGGACGTGACACGACCGCTG_001,196
GGGACGTGACACGACCGCTG_002,104
GGGACGTGACACGACCGCTG_003,94
GGGACGTGACACGACCGCTG_004,48
GGGACGTGACACGACCGCTG_005,5
GGGACGTGACACGACCGCTG_006,134
GGGACGTGACACGACCGCTG_007,136
GGGACGTGACACGACCGCTG_008,47
GGGACGTGACACGACCGCTG_009,39
GGGACGTGACACGACCGCTG_010,84
GGGACGTGACACGACCGCTG_011,161
GGGACGTGACACGACCGCTG_012,58
GGGACGTGACACGACCGCTG_013,105
GGGACGTGACACGACCGCTG_014,6
GGGACGTGACACGACCGCTG_015,61
GGGACGTGACACGACCGCTG_016,72
GGGACGTGACACGACCGCTG_017,142
GGGACGTGACACGACCGCTG_018,2
GGGACGTGACACGACCGCTG_019,152
GGGACGTGACACGACCGCTG_020,179
GGGACGTGACACGACCGCTG_021,182
GGGACGTGACACGACCGCTG_022,56
GGGACGTGACACGACCGCTG_023,179
GGGACGTGACACGACCGCTG_024,96
GGGACGTGACACGACCGCTG_025,11
GTACACGCACGTGAACGGCT_001,51
GTACACGCACGTGAACGGCT_002,77
TTCTTGTTTGCTAGACCGAA_001,29
TTCTTGTTTGCTAGACCGAA_002,145
TTCTTGTTTGCTAGACCGAA_003,58
TTCTTGTTTGCTAGACCGAA_004,58
TTGATACGTGAAGATCCCGG_001,17
TTGATACGTGAAGATCCCGG_002,162
TTGATACGTGAAGATCCCGG_003,15
TTGATACGTGAAGATCCCGG_004,38
TTGATACGTGAAGATCCCGG_005,39
TTGATACGTGAAGATCCCGG_006,198
TTGATACGTGAAGATCCCGG_007,169
TTGATACGTGAAGATCCCGG_008,162
TTGATACGTGAAGATCCCGG_009,126
TTGATACGTGAAGATCCCGG_010,48
TTGATACGTGAAGATCCCGG_011,45
TTGATACGTGAAGATCCCGG_012,169
TTGATACGTGAAGATCCCGG_013,195
TTGATACGTGAAGATCCCGG_014,85
CCAAATTTCAGATATGGTAC_001,50
CCAAATTTCAGATATGGTAC_002,149
CCAAATTTCAGATATGGTAC_003,106
ACATCGCTCTCGACTTGCAT_001,42
ACATCGCTCTCGACTTGCAT_002,5
ACATCGCTCTCGACTTGCAT_003,91
ACATCGCTCTCGACTTGCAT_004,185
ACATCGCTCTCGACTTGCAT_005,162
ACATCGCTCTCGACTTGCAT_006,163
ACATCGCTCTCGACTTGCAT_007,174
ACATCGCTCTCGACTTGCAT_008,32
ACATCGCTCTCGACTTGCAT_009,127
ACATCGCTCTCGACTTGCAT_010,76
ACATCGCTCTCGACTTGCAT_011,10
GCACTTCGGATCAAAAGCGA_001,51
GCACTTCGGATCAAAAGCGA_002,151
GCACTTCGGATCAAAAGCGA_003,153
TCTTAATAAAACTTATCTCG_001,182
CCTGCTCCACGTAGTCATTG_001,105
CCTGCTCCACGTAGTCATTG_002,127
CCTGCTCCACGTAGTCATTG_003,90
CCTGCTCCACGTAGTCATTG_004,21
CCTGCTCCACGTAGTCATTG_005,92
CCTGCTCCACGTAGTCATTG_006,102
CCTGCTCCACGTAGTCATTG_007,172
CCTGCTCCACGTAGTCATTG_008,158
CAGAGCGCGCTCCACCGACA_001,157
CAGAGCGCGCTCCACCGACA_002,67
AAGGGAGGCTGTGGCTCTTG_001,41
AAGGGAGGCTGTGGCTCTTG_002,72
AAGGGAGGCTGTGGCTCTTG_003,174
AAGGGAGGCTGTGGCTCTTG_004,15
AAGGGAGGCTGTGGCTCTTG_005,23
AAGGGAGGCTGTGGCTCTTG_006,21
AAGGGAGGCTGTGGCTCTTG_007,158
AAGGGAGGCTGTGGCTCTTG_008,68
AAGGGAGGCTGTGGCTCTTG_009,104
AAGGGAGGCTGTGGCTCTTG_010,124
AAGGGAGGCTGTGGCTCTTG_011,10
AAGGGAGGCTGTGGCTCTTG_012,90
AAGGGAGGCTGTGGCTCTTG_013,40
GCAGCATTCCTCCCACACCG_001,145
GCAGCATTCCTCCCACACCG_002,162
GCAGCATTCCTCCCACACCG_003,97
TAGGGTAATGTACACCACAT_001,31
TAGGGTAATGTACACCACAT_002,96
TAGGGTAATGTACACCACAT_003,68
TAGGGTAATGTACACCACAT_004,181
TAGGGTAATGTACACCACAT_005,149
TAGGGTAATGTACACCACAT_006,75
TAGGGTAATGTACACCACAT_007,185
TAGGGTAATGTACACCACAT_008,41
TAGGGTAATGTACACCACAT_009,43
TAGGGTAATGTACACCACAT_010,72
TAGGGTAATGTACACCACAT_011,24
TAGGGTAATGTACACCACAT_012,20
TAGGGTAATGTACACCACAT_013,63
TAGGGTAATGTACACCACAT_014,109
TAGGGTAATGTACACCACAT_015,94
TAGGGTAATGTACACCACAT_016,9
TACTACAGAAGCTATTATGG_001,127
TACTACAGAAGCTATTATGG_002,155
TACTACAGAAGCTATTATGG_003,5
TGAACATCAAGTCCTCTGCA_001,160
TGAACATCAAGTCCTCTGCA_002,190
TGAACATCAAGTCCTCTGCA_003,114
TGAACATCAAGTCCTCTGCA_004,81
TGAACATCAAGTCCTCTGCA_005,130
TGAACATCAAGTCCTCTGCA_006,134
TGAACATCAAGTCCTCTGCA_007,194
TGAACATCAAGTCCTCTGCA_008,68
TGAACATCAAGTCCTCTGCA_009,151
TGAACATCAAGTCCTCTGCA_010,28
GTCGGGCTTCCATTCGACGC_001,146
GTCGGGCTTCCATTCGACGC_002,130
GTCGGGCTTCCATTCGACGC_003,68
GTCGGGCTTCCATTCGACGC_004,109
GTCGGGCTTCCATTCGACGC_005,98
GTCGGGCTTCCATTCGACGC_006,104
GTCGGGCTTCCATTCGACGC_007,175
GTCGGGCTTCCATTCGACGC_008,78
GTCGGGCTTCCATTCGACGC_009,129
GTCGGGCTTCCATTCGACGC_010,49
GTCGGGCTTCCATTCGACGC_011,105
GTCGGGCTTCCATTCGACGC_012,197
GTCGGGCTTCCATTCGACGC_013,60
GTCGGGCTTCCATTCGACGC_014,182
TCTAAAAAGCTGTCGCCTGG_001,12
TCTAAAAAGCTGTCGCCTGG_002,91
TCTAAAAAGCTGTCGCCTGG_003,113
TCTAAAAAGCTGTCGCCTGG_004,35
TCTAAAAAGCTGTCGCCTGG_005,175
GGCTGCCTGACAGATCGAGA_001,142
GGCTGCCTGACAGATCGAGA_002,28
GGCTGCCTGACAGATCGAGA_003,161
GGCTGCCTGACAGATCGAGA_004,163
GGCTGCCTGACAGATCGAGA_005,194
GGCTGCCTGACAGATCGAGA_006,43
GGCTGCCTGACAGATCGAGA_007,130
GGCTGCCTGACAGATCGAGA_008,150
GGCTGCCTGACAGATCGAGA_009,161
GGCTGCCTGACAGATCGAGA_010,123
GGCTGCCTGACAGATCGAGA_011,98
GGCTGCCTGACAGATCGAGA_012,144
GGCTGCCTGACAGATCGAGA_013,70
GGCTGCCTGACAGATCGAGA_014,161
TCACGTGGTACAGGACCGAG_001,143
TCACGTGGTACAGGACCGAG_002,40
TCACGTGGTACAGGACCGAG_003,94
TTGTTACCATCCTCAATCCG_001,15
TTGTTACCATCCTCAATCCG_002,22
TTGTTACCATCCTCAATCCG_003,24
TTGTTACCATCCTCAATCCG_004,40
ACAGCATGTCCAAATCGATG_001,38
CCACGCTGAACCGAAGTAGT_001,9
CCACGCTGAACCGAAGTAGT_002,162
CCACGCTGAACCGAAGTAGT_003,29
CCACGCTGAACCGAAGTAGT_004,107
CCACGCTGAACCGAAGTAGT_005,115
CCACGCTGAACCGAAGTAGT_006,154
CCACGCTGAACCGAAGTAGT_007,40
CCACGCTGAACCGAAGTAGT_008,145
CCACGCTGAACCGAAGTAGT_009,149
CCACGCTGAACCGAAGTAGT_010,63
CCACGCTGAACCGAAGTAGT_011,8
CCACGCTGAACCGAAGTAGT_012,76
CCACGCTGAACCGAAGTAGT_013,2
GATGTACCCCAGACCAGATG_001,65
GATGTACCCCAGACCAGATG_002,166
GATGTACCCCAGACCAGATG_003,125
GATGTACCCCAGACCAGATG_004,157
GATGTACCCCAGACCAGATG_005,193
GATGTACCCCAGACCAGATG_006,1
GATGTACCCCAGACCAGATG_007,60
GATGTACCCCAGACCAGATG_008,85
GATGTACCCCAGACCAGATG_009,160
GATGTACCCCAGACCAGATG_010,70
GATGTACCCCAGACCAGATG_011,143
GATGTACCCCAGACCAGATG_012,185
GATGTACCCCAGACCAGATG_013,50
GATGTACCCCAGACCAGATG_014,177
GATGTACCCCAGACCAGATG_015,106
GATGTACCCCAGACCAGATG_016,6
GATGTACCCCAGACCAGATG_017,149
GATGTACCCCAGACCAGATG_018,85
GATGTACCCCAGACCAGATG_019,197
GATGTACCCCAGACCAGATG_020,4
GATGTACCCCAGACCAGATG_021,37
GATGTACCCCAGACCAGATG_022,68
GATGTACCCCAGACCAGATG_023,43
GATGTACCCCAGACCAGATG_024,81
GATGTACCCCAGACCAGATG_025,170
GATGTACCCCAGACCAGATG_026,126
GATGTACCCCAGACCAGATG_027,2
GATGTACCCCAGACCAGATG_028,4
GATGTACCCCAGACCAGATG_029,43
GATGTACCCCAGACCAGATG_030,175
GATGTACCCCAGACCAGATG_031,165
GATGTACCCCAGACCAGATG_032,77
CTAGTGGGTTATGCAAAAGG_001,36
CTAGTGGGTTATGCAAAAGG_002,38
CTAGTGGGTTATGCAAAAGG_003,101
CTAGTGGGTTATGCAAAAGG_004,190
CTAGTGGGTTATGCAAAAGG_005,127
CTAGTGGGTTATGCAAAAGG_006,0
TGATGCAACCTATGAGACCA_001,52
TGATGCAACCTATGAGACCA_002,63
TGATGCAACCTATGAGACCA_003,197
TGATGCAACCTATGAGACCA_004,197
TGATGCAACCTATGAGACCA_005,48
TGATGCAACCTATGAGACCA_006,41
TGATGCAACCTATGAGACCA_007,2
TGATGCAACCTATGAGACCA_008,83
TGATGCAACCTATGAGACCA_009,108
TGATGCAACCTATGAGACCA_010,135
TGATGCAACCTATGAGACCA_011,190
TGATGCAACCTATGAGACCA_012,16
TGATGCAACCTATGAGACCA_013,98
TGATGCAACCTATGAGACCA_014,107
TGATGCAACCTATGAGACCA_015,112
TGATGCAACCTATGAGACCA_016,89
TGATGCAACCTATGAGACCA_017,140
TGATGCAACCTATGAGACCA_018,146
TGATGCAACCTATGAGACCA_019,45
TGATGCAACCTATGAGACCA_020,137
TGATGCAACCTATGAGACCA_021,23
TGATGCAACCTATGAGACCA_022,13
TGATGCAACCTATGAGACCA_023,15
TGATGCAACCTATGAGACCA_024,192
AAGGTACAGCCTCACCACCG_001,65
AAGGTACAGCCTCACCACCG_002,158
AAGGTACAGCCTCACCACCG_003,169
AAGGTACAGCCTCACCACCG_004,102
AAGGTACAGCCTCACCACCG_005,197
AAGGTACAGCCTCACCACCG_006,132
AAGGTACAGCCTCACCACCG_007,58
AAGGTACAGCCTCACCACCG_008,134
AAGGTACAGCCTCACCACCG_009,112
AAGGTACAGCCTCACCACCG_010,52
AAGGTACAGCCTCACCACCG_011,29
AAGGTACAGCCTCACCACCG_012,121
AAGGTACAGCCTCACCACCG_013,44
AAGGTACAGCCTCACCACCG_014,149
AAGGTACAGCCTCACCACCG_015,88
AAGGTACAGCCTCACCACCG_016,84
AAGGTACAGCCTCACCACCG_017,93
AAGGTACAGCCTCACCACCG_018,171
AAGGTACAGCCTCACCACCG_019,98
AAGGTACAGCCTCACCACCG_020,78
AAGGTACAGCCTCACCACCG_021,161
AAGGTACAGCCTCACCACCG_022,82
AAGGTACAGCCTCACCACCG_023,108
AAGGTACAGCCTCACCACCG_024,94
AAGGTACAGCCTCACCACCG_025,137
AAGGTACAGCCTCACCACCG_026,179
AAGGTACAGCCTCACCACCG_027,129
CTGTAAGTGATTAACCTCCA_001,188
CTGTAAGTGATTAACCTCCA_002,191
CTGTAAGTGATTAACCTCCA_003,198
CTGTAAGTGATTAACCTCCA_004,130
CTGTAAGTGATTAACCTCCA_005,83
CTGTAAGTGATTAACCTCCA_006,195
CTGTAAGTGATTAACCTCCA_007,17
CTGTAAGTGATTAACCTCCA_008,190
CTGTAAGTGATTAACCTCCA_009,199
CTGTAAGTGATTAACCTCCA_010,172
TCTACCTCATCACTCTGACT_001,121
TCTACCTCATCACTCTGACT_002,185
TCTACCTCATCACTCTGACT_003,62
TCTACCTCATCACTCTGACT_004,145
GAAGGAGGTAGACCATTACT_001,88
GAAGGAGGTAGACCATTACT_002,176
ATGGGGATGATAGACTCTGT_001,10
ATGGGGATGATAGACTCTGT_002,67
ATGGGGATGATAGACTCTGT_003,140
ATGGGGATGATAGACTCTGT_004,199
ATGGGGATGATAGACTCTGT_005,33
ATGGGGATGATAGACTCTGT_006,110
ATGGGGATGATAGACTCTGT_007,41
ATGGGGATGATAGACTCTGT_008,110
ATGGGGATGATAGACTCTGT_009,10
ATGGGGATGATAGACTCTGT_010,5
ATGGGGATGATAGACTCTGT_011,160
ATGGGGATGATAGACTCTGT_012,77
ATGGGGATGATAGACTCTGT_013,64
ATGATGAACACGCATACAAG_001,65
ATGATGAACACGCATACAAG_002,42
ATGATGAACACGCATACAAG_003,83
ATGATGAACACGCATACAAG_004,29
ATGATGAACACGCATACAAG_005,58
ATGATGAACACGCATACAAG_006,174
ATGATGAACACGCATACAAG_007,30
AAGTCAACCCTCGCGTGCAT_001,18
AAGTCAACCCTCGCGTGCAT_002,2
AAGTCAACCCTCGCGTGCAT_003,60
AAGTCAACCCTCGCGTGCAT_004,71
AAGTCAACCCTCGCGTGCAT_005,56
AAGTCAACCCTCGCGTGCAT_006,166
AAGTCAACCCTCGCGTGCAT_007,72
AAGTCAACCCTCGCGTGCAT_008,81
AAGTCAACCCTCGCGTGCAT_009,137
AAGTCAACCCTCGCGTGCAT_010,69
AAGTCAACCCTCGCGTGCAT_011,54
AAGTCAACCCTCGCGTGCAT_012,21
AAGTCAACCCTCGCGTGCAT_013,104
AAGTCAACCCTCGCGTGCAT_014,56
AAGTCAACCCTCGCGTGCAT_015,115
AAGTCAACCCTCGCGTGCAT_016,98
AAGTCAACCCTCGCGTGCAT_017,111
AAGTCAACCCTCGCGTGCAT_018,188
AAGTCAACCCTCGCGTGCAT_019,157
AAGTCAACCCTCGCGTGCAT_020,5
AAGTCAACCCTCGCGTGCAT_021,41
AAGTCAACCCTCGCGTGCAT_022,143
AAGTCAACCCTCGCGTGCAT_023,143
AAGTCAACCCTCGCGTGCAT_024,74
AAGTCAACCCTCGCGTGCAT_025,124
AAGTCAACCCTCGCGTGCAT_026,98
AAGTCAACCCTCGCGTGCAT_027,66
AAGTCAACCCTCGCGTGCAT_028,86
AAGTCAACCCTCGCGTGCAT_029,197
AAGTCAACCCTCGCGTGCAT_030,56
AAGTCAACCCTCGCGTGCAT_031,81
AAGTCAACCCTCGCGTGCAT_032,148
AAGTCAACCCTCGCGTGCAT_033,50
AAGTCAACCCTCGCGTGCAT_034,29
AAGTCAACCCTCGCGTGCAT_035,9
AAGTCAACCCTCGCGTGCAT_036,118
AAGTCAACCCTCGCGTGCAT_037,12
AAGTCAACCCTCGCGTGCAT_038,6
AAGTCAACCCTCGCGTGCAT_039,145
AAGTCAACCCTCGCGTGCAT_040,103
AAGTCAACCCTCGCGTGCAT_041,2
AAGTCAACCCTCGCGTGCAT_042,169
AAGTCAACCCTCGCGTGCAT_043,63
AAGTCAACCCTCGCGTGCAT_044,1
AAGTCAACCCTCGCGTGCAT_045,52
AAGTCAACCCTCGCGTGCAT_046,20
AAGTCAACCCTCGCGTGCAT_047,88
GATGCTAACCTGTACGTCAG_001,148
GATGCTAACCTGTACGTCAG_002,114
GATGCTAACCTGTACGTCAG_003,141
GATGCTAACCTGTACGTCAG_004,122
GATGCTAACCTGTACGTCAG_005,158
GATGCTAACCTGTACGTCAG_006,160
GATGCTAACCTGTACGTCAG_007,147
GATGCTAACCTGTACGTCAG_008,156
GATGCTAACCTGTACGTCAG_009,13
GATGCTAACCTGTACGTCAG_010,186
GATGCTAACCTGTACGTCAG_011,68
GATGCTAACCTGTACGTCAG_012,56
GATGCTAACCTGTACGTCAG_013,8
GATGCTAACCTGTACGTCAG_014,33
GATGCTAACCTGTACGTCAG_015,199
GATGCTAACCTGTACGTCAG_016,76
GATGCTAACCTGTACGTCAG_017,169
GATGCTAACCTGTACGTCAG_018,54
GATGCTAACCTGTACGTCAG_019,53
GATGCTAACCTGTACGTCAG_020,158
GATGCTAACCTGTACGTCAG_021,38
GATGCTAACCTGTACGTCAG_022,35
TGAACCTTGTCACTGAGCTG_001,198
TGAACCTTGTCACTGAGCTG_002,1
TGAACCTTGTCACTGAGCTG_003,188
TGAACCTTGTCACTGAGCTG_004,1
TGAACCTTGTCACTGAGCTG_005,30
TGAACCTTGTCACTGAGCTG_006,196
TGAACCTTGTCACTGAGCTG_007,55
TGAACCTTGTCACTGAGCTG_008,43
TGAACCTTGTCACTGAGCTG_009,126
TGAACCTTGTCACTGAGCTG_010,117
TGAACCTTGTCACTGAGCTG_011,144
CTTCAAAGATGACCCACAGG_001,160
AGCCTGAAGAATCTCATGAA_001,166
AGCCTGAAGAATCTCATGAA_002,88
AGCCTGAAGAATCTCATGAA_003,9
AGCCTGAAGAATCTCATGAA_004,48
AGCCTGAAGAATCTCATGAA_005,78
CACCGAGGACGGGACTATGG_001,96
CACCGAGGACGGGACTATGG_002,168
CACCGAGGACGGGACTATGG_003,95
CACCGAGGACGGGACTATGG_004,144
CACCGAGGACGGGACTATGG_005,38
CACCGAGGACGGGACTATGG_006,139
CACCGAGGACGGGACTATGG_007,69
CACCGAGGACGGGACTATGG_008,52
CACCGAGGACGGGACTATGG_009,88
CACCGAGGACGGGACTATGG_010,28
CACCGAGGACGGGACTATGG_011,82
CACCGAGGACGGGACTATGG_012,57
CACCGAGGACGGGACTATGG_013,119
CACCGAGGACGGGACTATGG_014,46
TAGTTCTGGTGATAGTGTTG_001,81
TAGTTCTGGTGATAGTGTTG_002,149
TAGTTCTGGTGATAGTGTTG_003,197
TAGTTCTGGTGATAGTGTTG_004,199
TAGTTCTGGTGATAGTGTTG_005,197
AACTACTGACCACTACACTC_001,178
AACTACTGACCACTACACTC_002,125
AACTACTGACCACTACACTC_003,113
AACTACTGACCACTACACTC_004,174
AACTACTGACCACTACACTC_005,148
AACTACTGACCACTACACTC_006,45
AACTACTGACCACTACACTC_007,24
AACTACTGACCACTACACTC_008,40
AACTACTGACCACTACACTC_009,76
AACTACTGACCACTACACTC_010,44
AACTACTGACCACTACACTC_011,130
AACTACTGACCACTACACTC_012,68
GATGGAGTATGAGCGCCAAG_001,146
GATGGAGTATGAGCGCCAAG_002,42
GATGGAGTATGAGCGCCAAG_003,94
GATGGAGTATGAGCGCCAAG_004,190
GATGGAGTATGAGCGCCAAG_005,110
GATGGAGTATGAGCGCCAAG_006,156
GATGGAGTATGAGCGCCAAG_007,61
GATGGAGTATGAGCGCCAAG_008,197
GATGGAGTATGAGCGCCAAG_009,60
GATGGAGTATGAGCGCCAAG_010,32
GATGGAGTATGAGCGCCAAG_011,107
GATGGAGTATGAGCGCCAAG_012,100
GATGGAGTATGAGCGCCAAG_013,149
GATGGAGTATGAGCGCCAAG_014,50
GATGGAGTATGAGCGCCAAG_015,185
GATGGAGTATGAGCGCCAAG_016,18
GATGGAGTATGAGCGCCAAG_017,96
GATGGAGTATGAGCGCCAAG_018,3
GATGGAGTATGAGCGCCAAG_019,153
GATGGAGTATGAGCGCCAAG_020,1
GATGGAGTATGAGCGCCAAG_021,11
GTGCGCGAGGTCTACCCCGT_001,98
GTGCGCGAGGTCTACCCCGT_002,66
GTGCGCGAGGTCTACCCCGT_003,53
GTGCGCGAGGTCTACCCCGT_004,183
GTGCGCGAGGTCTACCCCGT_005,140
GTGCGCGAGGTCTACCCCGT_006,54
GTGCGCGAGGTCTACCCCGT_007,62
GTGCGCGAGGTCTACCCCGT_008,114
GTGCGCGAGGTCTACCCCGT_009,114
GTGCGCGAGGTCTACCCCGT_010,195
GTGCGCGAGGTCTACCCCGT_011,5
GTGCGCGAGGTCTACCCCGT_012,38
GTGCGCGAGGTCTACCCCGT_013,108
GTGCGCGAGGTCTACCCCGT_014,108
CGCGTCCGACAGGTCCTCCG_001,57
CGCGTCCGACAGGTCCTCCG_002,20
CGCGTCCGACAGGTCCTCCG_003,28
GGGAACATCTCGTCCACCGC_001,11
GGGAACATCTCGTCCACCGC_002,8
GGGAACATCTCGTCCACCGC_003,0
GGGAACATCTCGTCCACCGC_004,11
GGGAACATCTCGTCCACCGC_005,162
GGGAACATCTCGTCCACCGC_006,77
GGGAACATCTCGTCCACCGC_007,64
GGGAACATCTCGTCCACCGC_008,174
GGGAACATCTCGTCCACCGC_009,29
GGGAACATCTCGTCCACCGC_010,80
GGGAACATCTCGTCCACCGC_011,111
GGGAACATCTCGTCCACCGC_012,178
GGGAACATCTCGTCCACCGC_013,185
GGGAACATCTCGTCCACCGC_014,100
GGGAACATCTCGTCCACCGC_015,116
GGGAACATCTCGTCCACCGC_016,177
GGGAACATCTCGTCCACCGC_017,177
GGGAACATCTCGTCCACCGC_018,180
GGGAACATCTCGTCCACCGC_019,152
GGGAACATCTCGTCCACCGC_020,39
TATTCACTAGAGCCATTGAG_001,142
TATTCACTAGAGCCATTGAG_002,14
TATTCACTAGAGCCATTGAG_003,158
TATTCACTAGAGCCATTGAG_004,190
TATTCACTAGAGCCATTGAG_005,114
TATTCACTAGAGCCATTGAG_006,114
TATTCACTAGAGCCATTGAG_007,98
TATTCACTAGAGCCATTGAG_008,30
TATTCACTAGAGCCATTGAG_009,43
TATTCACTAGAGCCATTGAG_010,75
TATTCACTAGAGCCATTGAG_011,53
TATTCACTAGAGCCATTGAG_012,8
TATTCACTAGAGCCATTGAG_013,198
ATAACACAAATACAACTCAC_001,57
ATAACACAAATACAACTCAC_002,125
ATAACACAAATACAACTCAC_003,69
ATAACACAAATACAACTCAC_004,5
ATAACACAAATACAACTCAC_005,68
ATAACACAAATACAACTCAC_006,33
ATAACACAAATACAACTCAC_007,97
CATATCAATTCCATTACTGG_001,48
CATATCAATTCCATTACTGG_002,171
CATATCAATTCCATTACTGG_003,82
CATATCAATTCCATTACTGG_004,152
CATATCAATTCCATTACTGG_005,57
CATATCAATTCCATTACTGG_006,105
CATATCAATTCCATTACTGG_007,50
GTCAAGAGATTATGAGATTC_001,70
GTCAAGAGATTATGAGATTC_002,60
GTCAAGAGATTATGAGATTC_003,94
GTCAAGAGATTATGAGATTC_004,147
GTCAAGAGATTATGAGATTC_005,144
GTCAAGAGATTATGAGATTC_006,75
GTCAAGAGATTATGAGATTC_007,17
GTCAAGAGATTATGAGATTC_008,144
TGATTCCAGCTATTGCTCCC_001,41
CTGGATCTGTCGGAGCTGGA_001,88
CTGGATCTGTCGGAGCTGGA_002,146
GGAGGCCGCAGTCGTAATGG_001,62
GGAGGCCGCAGTCGTAATGG_002,170
GGAGGCCGCAGTCGTAATGG_003,191
GGAGGCCGCAGTCGTAATGG_004,97
GGAGGCCGCAGTCGTAATGG_005,149
GGAGGCCGCAGTCGTAATGG_006,61
GGAGGCCGCAGTCGTAATGG_007,123
GGAGGCCGCAGTCGTAATGG_008,166
GGAGGCCGCAGTCGTAATGG_009,1
GGAGGCCGCAGTCGTAATGG_010,159
GGAGGCCGCAGTCGTAATGG_011,48
GGAGGCCGCAGTCGTAATGG_012,82
GGAGGCCGCAGTCGTAATGG_013,88
GGAGGCCGCAGTCGTAATGG_014,70
GGAGGCCGCAGTCGTAATGG_015,56
GGAGGCCGCAGTCGTAATGG_016,137
CTTCTGTAAGGAGAAGACCG_001,94
CTTCTGTAAGGAGAAGACCG_002,49
CTTCTGTAAGGAGAAGACCG_003,105
CTTCTGTAAGGAGAAGACCG_004,13
CTTCTGTAAGGAGAAGACCG_005,110
CTTCTGTAAGGAGAAGACCG_006,183
CTTCTGTAAGGAGAAGACCG_007,161
CTTCTGTAAGGAGAAGACCG_008,45
CTTCTGTAAGGAGAAGACCG_009,121
CCCCGTCCCAGAAATTCGGA_001,172
CCCCGTCCCAGAAATTCGGA_002,50
CCCCGTCCCAGAAATTCGGA_003,80
GCCAAGTCTCGGCGTCAGAG_001,77
GCCAAGTCTCGGCGTCAGAG_002,152
GCCAAGTCTCGGCGTCAGAG_003,157
GCCAAGTCTCGGCGTCAGAG_004,104
GCCAAGTCTCGGCGTCAGAG_005,84
GCCAAGTCTCGGCGTCAGAG_006,127
GCCAAGTCTCGGCGTCAGAG_007,114
GCCAAGTCTCGGCGTCAGAG_008,34
GCCAAGTCTCGGCGTCAGAG_009,66
GCCAAGTCTCGGCGTCAGAG_010,41
GCCAAGTCTCGGCGTCAGAG_011,12
GCCAAGTCTCGGCGTCAGAG_012,109
GCCAAGTCTCGGCGTCAGAG_013,80
GCCAAGTCTCGGCGTCAGAG_014,80
GCCAAGTCTCGGCGTCAGAG_015,197
GCCAAGTCTCGGCGTCAGAG_016,124
GCCAAGTCTCGGCGTCAGAG_017,35
GCCAAGTCTCGGCGTCAGAG_018,168
GCCAAGTCTCGGCGTCAGAG_019,52
GTGCCCAAAGAGAGACACGC_001,83
GTGCCCAAAGAGAGACACGC_002,82
GTGCCCAAAGAGAGACACGC_003,141
GTGCCCAAAGAGAGACACGC_004,158
GTGCCCAAAGAGAGACACGC_005,56
GTGCCCAAAGAGAGACACGC_006,66
GTGCCCAAAGAGAGACACGC_007,112
GTGCCCAAAGAGAGACACGC_008,107
GTGCCCAAAGAGAGACACGC_009,44
GTGCCCAAAGAGAGACACGC_010,69
GTGCCCAAAGAGAGACACGC_011,105
GTGCCCAAAGAGAGACACGC_012,58
GTGCCCAAAGAGAGACACGC_013,5
GTGCCCAAAGAGAGACACGC_014,146
GTGCCCAAAGAGAGACACGC_015,15
GTGCCCAAAGAGAGACACGC_016,65
GTGCCCAAAGAGAGACACGC_017,127
GTGCCCAAAGAGAGACACGC_018,73
GTGCCCAAAGAGAGACACGC_019,69
GTGCCCAAAGAGAGACACGC_020,52
GTGCCCAAAGAGAGACACGC_021,13
GTGCCCAAAGAGAGACACGC_022,13
GTGCCCAAAGAGAGACACGC_023,69
GTGCCCAAAGAGAGACACGC_024,189
GTGCCCAAAGAGAGACACGC_025,52
GTGCCCAAAGAGAGACACGC_026,126
AGCTTCGGCGAGATCGCCAG_001,137
AGCTTCGGCGAGATCGCCAG_002,149
AGCTTCGGCGAGATCGCCAG_003,33
AGCTTCGGCGAGATCGCCAG_004,17
AGCTTCGGCGAGATCGCCAG_005,150
AGCTTCGGCGAGATCGCCAG_006,107
AGCTTCGGCGAGATCGCCAG_007,18
AGCTTCGGCGAGATCGCCAG_008,130
AGCTTCGGCGAGATCGCCAG_009,133
AGCTTCGGCGAGATCGCCAG_010,108
AGCTTCGGCGAGATCGCCAG_011,127
AGCTTCGGCGAGATCGCCAG_012,179
AGCTTCGGCGAGATCGCCAG_013,9
AGCTTCGGCGAGATCGCCAG_014,58
AGCTTCGGCGAGATCGCCAG_015,29
AGCTTCGGCGAGATCGCCAG_016,81
AGCTTCGGCGAGATCGCCAG_017,177
AGCTTCGGCGAGATCGCCAG_018,9
AGCTTCGGCGAGATCGCCAG_019,148
AGCTTCGGCGAGATCGCCAG_020,105
AGCTTCGGCGAGATCGCCAG_021,15
AGCTTCGGCGAGATCGCCAG_022,40
AGCTTCGGCGAGATCGCCAG_023,28
AGCTTCGGCGAGATCGCCAG_024,90
AGCTTCGGCGAGATCGCCAG_025,196
AGCTTCGGCGAGATCGCCAG_026,125
AGCTTCGGCGAGATCGCCAG_027,41
AGCTTCGGCGAGATCGCCAG_028,43
AGCTTCGGCGAGATCGCCAG_029,88
AGCTTCGGCGAGATCGCCAG_030,9
AACTCGCTCCCCAAGCCCAT_001,49
AACTCGCTCCCCAAGCCCAT_002,127
AACTCGCTCCCCAAGCCCAT_003,172
AACTCGCTCCCCAAGCCCAT_004,168
AACTCGCTCCCCAAGCCCAT_005,89
AACTCGCTCCCCAAGCCCAT_006,70
AACTCGCTCCCCAAGCCCAT_007,24
AACTCGCTCCCCAAGCCCAT_008,181
AACTCGCTCCCCAAGCCCAT_009,76
AACTCGCTCCCCAAGCCCAT_010,30
AACTCGCTCCCCAAGCCCAT_011,121
AACTCGCTCCCCAAGCCCAT_012,62
AACTCGCTCCCCAAGCCCAT_013,58
AACTCGCTCCCCAAGCCCAT_014,198
AACTCGCTCCCCAAGCCCAT_015,60
AACTCGCTCCCCAAGCCCAT_016,91
AACTCGCTCCCCAAGCCCAT_017,155
AACTCGCTCCCCAAGCCCAT_018,183
AACTCGCTCCCCAAGCCCAT_019,141
AACTCGCTCCCCAAGCCCAT_020,137
AACTCGCTCCCCAAGCCCAT_021,124
AACTCGCTCCCCAAGCCCAT_022,198
AACTCGCTCCCCAAGCCCAT_023,146
AACTCGCTCCCCAAGCCCAT_024,19
AACTCGCTCCCCAAGCCCAT_025,113
AACTCGCTCCCCAAGCCCAT_026,107
AACTCGCTCCCCAAGCCCAT_027,182
AACTCGCTCCCCAAGCCCAT_028,144
AACTCGCTCCCCAAGCCCAT_029,90
ACATCAGTATAAGAGGTGCT_001,156
ACATCAGTATAAGAGGTGCT_002,76
ACATCAGTATAAGAGGTGCT_003,29
AGGGAATTCCAATCCACACA_001,166
AGGGAATTCCAATCCACACA_002,36
AGGGAATTCCAATCCACACA_003,112
AGGGAATTCCAATCCACACA_004,88
CCATCGTCAGACACATCGTG_001,17
CCATCGTCAGACACATCGTG_002,41
CCATCGTCAGACACATCGTG_003,102
CCATCGTCAGACACATCGTG_004,49
CCATCGTCAGACACATCGTG_005,137
CCATCGTCAGACACATCGTG_006,87
CCATCGTCAGACACATCGTG_007,103
CCATCGTCAGACACATCGTG_008,143
CCATCGTCAGACACATCGTG_009,198
CCATCGTCAGACACATCGTG_010,104
CCATCGTCAGACACATCGTG_011,111
CCATCGTCAGACACATCGTG_012,164
CCATCGTCAGACACATCGTG_013,164
CCATCGTCAGACACATCGTG_014,29
CCATCGTCAGACACATCGTG_015,112
CCATCGTCAGACACATCGTG_016,96
CCATCGTCAGACACATCGTG_017,106
CCATCGTCAGACACATCGTG_018,75
CCATCGTCAGACACATCGTG_019,152
CCATCGTCAGACACATCGTG_020,191
CCATCGTCAGACACATCGTG_021,16
CCATCGTCAGACACATCGTG_022,129
TGACCTTGCTTATCACCGAG_001,105
TGACCTTGCTTATCACCGAG_002,153
TGACCTTGCTTATCACCGAG_003,117
TGACCTTGCTTATCACCGAG_004,70
TGGCTAATGGCATTTACAGG_001,61
TGGCTAATGGCATTTACAGG_002,17
TGGCTAATGGCATTTACAGG_003,114
TGGCTAATGGCATTTACAGG_004,184
TGGCTAATGGCATTTACAGG_005,105
TGGCTAATGGCATTTACAGG_006,29
TGGCTAATGGCATTTACAGG_007,44
TGGCTAATGGCATTTACAGG_008,162
TGGCTAATGGCATTTACAGG_009,51
TGGCTAATGGCATTTACAGG_010,10
TGGCTAATGGCATTTACAGG_011,76
TGGCTAATGGCATTTACAGG_012,191
TGGCTAATGGCATTTACAGG_013,35
TGGCTAATGGCATTTACAGG_014,88
TGGCTAATGGCATTTACAGG_015,48
TGGCTAATGGCATTTACAGG_016,141
TGGCTAATGGCATTTACAGG_017,89
TGGCTAATGGCATTTACAGG_018,40
TGGCTAATGGCATTTACAGG_019,10
GAGACTGTGCAGTACAAGCG_001,16
GAGACTGTGCAGTACAAGCG_002,3
GAGACTGTGCAGTACAAGCG_003,182
GAGACTGTGCAGTACAAGCG_004,6
GAGACTGTGCAGTACAAGCG_005,170
GAGACTGTGCAGTACAAGCG_006,62
GAGACTGTGCAGTACAAGCG_007,68
GAGACTGTGCAGTACAAGCG_008,19
GAGACTGTGCAGTACAAGCG_009,42
GAGACTGTGCAGTACAAGCG_010,124
AAACCCATTTAGGCTAACTG_001,183
AAACCCATTTAGGCTAACTG_002,60
AAACCCATTTAGGCTAACTG_003,95
AAACCCATTTAGGCTAACTG_004,76
AAACCCATTTAGGCTAACTG_005,81
AAACCCATTTAGGCTAACTG_006,56
AAACCCATTTAGGCTAACTG_007,19
AAACCCATTTAGGCTAACTG_008,117
AAACCCATTTAGGCTAACTG_009,60
AAACCCATTTAGGCTAACTG_010,54
AAACCCATTTAGGCTAACTG_011,29
AAACCCATTTAGGCTAACTG_012,127
AAACCCATTTAGGCTAACTG_013,52
AAACCCATTTAGGCTAACTG_014,119
AAACCCATTTAGGCTAACTG_015,191
CGACAAAATACCTCTATCCG_001,33
GCCCCGAGAAGCCGAGTCCA_001,183
GCCCCGAGAAGCCGAGTCCA_002,127
GCCCCGAGAAGCCGAGTCCA_003,168
GCCCCGAGAAGCCGAGTCCA_004,152
GCCCCGAGAAGCCGAGTCCA_005,57
GCCCCGAGAAGCCGAGTCCA_006,43
GCCCCGAGAAGCCGAGTCCA_007,161
GCCCCGAGAAGCCGAGTCCA_008,134
GCCCCGAGAAGCCGAGTCCA_009,175
GCCCCGAGAAGCCGAGTCCA_010,32
GCCCCGAGAAGCCGAGTCCA_011,144
GCCCCGAGAAGCCGAGTCCA_012,43
GCCCCGAGAAGCCGAGTCCA_013,132
GCCCCGAGAAGCCGAGTCCA_014,83
GCCCCGAGAAGCCGAGTCCA_015,73
GCCCCGAGAAGCCGAGTCCA_016,38
GCCCCGAGAAGCCGAGTCCA_017,88
GCCCCGAGAAGCCGAGTCCA_018,33
GCCCCGAGAAGCCGAGTCCA_019,119
GCCCCGAGAAGCCGAGTCCA_020,106
GCCCCGAGAAGCCGAGTCCA_021,140
GCCCCGAGAAGCCGAGTCCA_022,5
GCCCCGAGAAGCCGAGTCCA_023,22
GCCCCGAGAAGCCGAGTCCA_024,30
CCTACAGGCACCAGACACAG_001,162
CCTACAGGCACCAGACACAG_002,29
CCTACAGGCACCAGACACAG_003,114
CCTACAGGCACCAGACACAG_004,77
CCTACAGGCACCAGACACAG_005,14
CCTACAGGCACCAGACACAG_006,107
CCTACAGGCACCAGACACAG_007,32
CCTACAGGCACCAGACACAG_008,57
CCTACAGGCACCAGACACAG_009,16
CCTACAGGCACCAGACACAG_010,38
CCTACAGGCACCAGACACAG_011,37
CCTACAGGCACCAGACACAG_012,198
CCTACAGGCACCAGACACAG_013,77
CCTACAGGCACCAGACACAG_014,62
CCTACAGGCACCAGACACAG_015,122
CCTACAGGCACCAGACACAG_016,114
CCTACAGGCACCAGACACAG_017,177
CCTACAGGCACCAGACACAG_018,68
CCTACAGGCACCAGACACAG_019,127
CCTACAGGCACCAGACACAG_020,178
CCTACAGGCACCAGACACAG_021,39
CCTACAGGCACCAGACACAG_022,40
CCTACAGGCACCAGACACAG_023,27
CCTACAGGCACCAGACACAG_024,130
GGTGATGGAAGCCATCCAAG_001,123
GGTGATGGAAGCCATCCAAG_002,167
GGTGATGGAAGCCATCCAAG_003,172
GGTGATGGAAGCCATCCAAG_004,172
GGTGATGGAAGCCATCCAAG_005,178
GGTGATGGAAGCCATCCAAG_006,113
GGTGATGGAAGCCATCCAAG_007,178
GGTGATGGAAGCCATCCAAG_008,125
GGTGATGGAAGCCATCCAAG_009,172
GGTGATGGAAGCCATCCAAG_010,9
GGTGATGGAAGCCATCCAAG_011,115
TGTCGATGTACCCGGCGAAG_001,15
TGTCGATGTACCCGGCGAAG_002,57
TGTCGATGTACCCGGCGAAG_003,97
TGTCGATGTACCCGGCGAAG_004,125
TGTCGATGTACCCGGCGAAG_005,107
TGTCGATGTACCCGGCGAAG_006,141
TGTCGATGTACCCGGCGAAG_007,30
TGTCGATGTACCCGGCGAAG_008,18
TGTCGATGTACCCGGCGAAG_009,88
TTTCTAGTTACTACTGGACG_001,49
TTTCTAGTTACTACTGGACG_002,107
TTTCTAGTTACTACTGGACG_003,50
TTTCTAGTTACTACTGGACG_004,50
CAAGCGCCACGAGATGACAG_001,51
CAAGCGCCACGAGATGACAG_002,84
CAAGCGCCACGAGATGACAG_003,119
CAAGCGCCACGAGATGACAG_004,127
CAAGCGCCACGAGATGACAG_005,117
CAAGCGCCACGAGATGACAG_006,81
CAAGCGCCACGAGATGACAG_007,169
GGTGAAGGTCCTGGAACGTG_001,168
GGTGAAGGTCCTGGAACGTG_002,102
GGTGAAGGTCCTGGAACGTG_003,3
GGTGAAGGTCCTGGAACGTG_004,181
GGTGAAGGTCCTGGAACGTG_005,137
GGTGAAGGTCCTGGAACGTG_006,88
GGTGAAGGTCCTGGAACGTG_007,80
GGTGAAGGTCCTGGAACGTG_008,91
ACATGACCATCATAAGCCAG_001,9
ACATGACCATCATAAGCCAG_002,76
ACTGCAAGGGGGTAATTCAG_001,165
ACTGCAAGGGGGTAATTCAG_002,181
ACTGCAAGGGGGTAATTCAG_003,60
ACTGCAAGGGGGTAATTCAG_004,41
ACTGCAAGGGGGTAATTCAG_005,42
ACTGCAAGGGGGTAATTCAG_006,176
ACTGCAAGGGGGTAATTCAG_007,122
ACTGCAAGGGGGTAATTCAG_008,94
ACTGCAAGGGGGTAATTCAG_009,177
ACTGCAAGGGGGTAATTCAG_010,15
ACTGCAAGGGGGTAATTCAG_011,30
ACTGCAAGGGGGTAATTCAG_012,190
ACTGCAAGGGGGTAATTCAG_013,0
CCTGGCGCGATACAACGAGA_001,174
CGACATAGGACGGCGTGATG_001,6
CGACATAGGACGGCGTGATG_002,191
GATGGGGGGTATGCTTCTCG_001,199
GTGGTGCAAGCACCTCTGCA_001,137
GTGGTGCAAGCACCTCTGCA_002,106
GTGGTGCAAGCACCTCTGCA_003,9
GTGGTGCAAGCACCTCTGCA_004,147
GTGGTGCAAGCACCTCTGCA_005,76
GTGGTGCAAGCACCTCTGCA_006,50
GTGGTGCAAGCACCTCTGCA_007,4
GTGGTGCAAGCACCTCTGCA_008,43
GTGGTGCAAGCACCTCTGCA_009,84
GTGGTGCAAGCACCTCTGCA_010,14
GTGGTGCAAGCACCTCTGCA_011,149
GTGGTGCAAGCACCTCTGCA_012,169
GTGGTGCAAGCACCTCTGCA_013,147
GTGGTGCAAGCACCTCTGCA_014,34
GTGGTGCAAGCACCTCTGCA_015,0
GTGGTGCAAGCACCTCTGCA_016,188
GTGGTGCAAGCACCTCTGCA_017,9
GTGGTGCAAGCACCTCTGCA_018,140
GTGGTGCAAGCACCTCTGCA_019,117
GTGGTGCAAGCACCTCTGCA_020,37
GTGGTGCAAGCACCTCTGCA_021,113
GTGGTGCAAGCACCTCTGCA_022,105
AGAATGGGCAAGACCTCAGG_001,173
AGAATGGGCAAGACCTCAGG_002,173
AGAATGGGCAAGACCTCAGG_003,66
AGAATGGGCAAGACCTCAGG_004,146
AGAATGGGCAAGACCTCAGG_005,90
AGAATGGGCAAGACCTCAGG_006,76
AGAATGGGCAAGACCTCAGG_007,35
AGAATGGGCAAGACCTCAGG_008,88
CAGGAAGGTCAGACATACGT_001,78
CAGGAAGGTCAGACATACGT_002,144
CAGGAAGGTCAGACATACGT_003,169
CAGGAAGGTCAGACATACGT_004,59
CAGGAAGGTCAGACATACGT_005,193
CAGGAAGGTCAGACATACGT_006,54
CAGGAAGGTCAGACATACGT_007,63
CAGGAAGGTCAGACATACGT_008,145
CAGGAAGGTCAGACATACGT_009,184
CAGGAAGGTCAGACATACGT_010,43
CAGGAAGGTCAGACATACGT_011,177
CAGGAAGGTCAGACATACGT_012,113
CAGGAAGGTCAGACATACGT_013,177
CAGGAAGGTCAGACATACGT_014,152
CAGGAAGGTCAGACATACGT_015,0
CAGGAAGGTCAGACATACGT_016,65
CAGGAAGGTCAGACATACGT_017,62
CAGGAAGGTCAGACATACGT_018,34
CAGGAAGGTCAGACATACGT_019,88
CAGGAAGGTCAGACATACGT_020,10
CAGGAAGGTCAGACATACGT_021,61
CAGGAAGGTCAGACATACGT_022,88
CAGGAAGGTCAGACATACGT_023,152
CAGGAAGGTCAGACATACGT_024,105
CAGGAAGGTCAGACATACGT_025,169
TAGCGTAAGACCCCAGCGAG_001,16
TAGCGTAAGACCCCAGCGAG_002,41
TAGCGTAAGACCCCAGCGAG_003,32
TAGCGTAAGACCCCAGCGAG_004,169
TAGCGTAAGACCCCAGCGAG_005,37
TAGCGTAAGACCCCAGCGAG_006,68
TAGCGTAAGACCCCAGCGAG_007,8
TAGCGTAAGACCCCAGCGAG_008,171
TAGCGTAAGACCCCAGCGAG_009,58
TAGCGTAAGACCCCAGCGAG_010,32
TAGCGTAAGACCCCAGCGAG_011,92
TAGCGTAAGACCCCAGCGAG_012,174
TAGCGTAAGACCCCAGCGAG_013,96
TAGCGTAAGACCCCAGCGAG_014,94
TAGCGTAAGACCCCAGCGAG_015,30
TAGCGTAAGACCCCAGCGAG_016,189
TAGCGTAAGACCCCAGCGAG_017,198
TAGCGTAAGACCCCAGCGAG_018,58
TAGCGTAAGACCCCAGCGAG_019,146
TAGCGTAAGACCCCAGCGAG_020,49
TAGCGTAAGACCCCAGCGAG_021,4
TAGCGTAAGACCCCAGCGAG_022,62
TAGCGTAAGACCCCAGCGAG_023,158
TAGCGTAAGACCCCAGCGAG_024,8
TAGCGTAAGACCCCAGCGAG_025,98
TAGCGTAAGACCCCAGCGAG_026,63
TAGCGTAAGACCCCAGCGAG_027,117
TAGCGTAAGACCCCAGCGAG_028,49
TAGCGTAAGACCCCAGCGAG_029,57
TAGCGTAAGACCCCAGCGAG_030,43
TAGCGTAAGACCCCAGCGAG_031,35
TGGGCGTGCCACCATTCATG_001,130
TGGGCGTGCCACCATTCATG_002,82
ACACCTATGGGCGTACCACG_001,4
ACACCTATGGGCGTACCACG_002,55
ACACCTATGGGCGTACCACG_003,52
ACACCTATGGGCGTACCACG_004,66
ACACCTATGGGCGTACCACG_005,174
ACACCTATGGGCGTACCACG_006,94
ACACCTATGGGCGTACCACG_007,184
ACACCTATGGGCGTACCACG_008,150
ACACCTATGGGCGTACCACG_009,187
ACACCTATGGGCGTACCACG_010,191
ACACCTATGGGCGTACCACG_011,54
ACACCTATGGGCGTACCACG_012,166
AGCCGAACAGAATGCCCCCG_001,9
AGCCGAACAGAATGCCCCCG_002,3
AGCCGAACAGAATGCCCCCG_003,41
AGCCGAACAGAATGCCCCCG_004,21
AGCCGAACAGAATGCCCCCG_005,88
AGCCGAACAGAATGCCCCCG_006,178
AGCCGAACAGAATGCCCCCG_007,62
AGCCGAACAGAATGCCCCCG_008,66
CACACGCACCATCTGGGCGT_001,160
CACACGCACCATCTGGGCGT_002,48
CACACGCACCATCTGGGCGT_003,144
CGGGAAGACCCAATCAGAGC_001,4
CGGGAAGACCCAATCAGAGC_002,198
CGGGAAGACCCAATCAGAGC_003,169
CGGGAAGACCCAATCAGAGC_004,12
CCCTAGACAGGACTACTCGG_001,171
CCCTAGACAGGACTACTCGG_002,146
CCCTAGACAGGACTACTCGG_003,116
CCCTAGACAGGACTACTCGG_004,41
CCCTAGACAGGACTACTCGG_005,22
CCCTAGACAGGACTACTCGG_006,92
CCCTAGACAGGACTACTCGG_007,162
CCCTAGACAGGACTACTCGG_008,6
CCCTAGACAGGACTACTCGG_009,199
CCCTAGACAGGACTACTCGG_010,188
CCCTAGACAGGACTACTCGG_011,0
CCCTAGACAGGACTACTCGG_012,48
CCCTAGACAGGACTACTCGG_013,169
CCCTAGACAGGACTACTCGG_014,177
CCCTAGACAGGACTACTCGG_015,184
CCCTAGACAGGACTACTCGG_016,165
CCCTAGACAGGACTACTCGG_017,157
CCCTAGACAGGACTACTCGG_018,168
CCCTAGACAGGACTACTCGG_019,56
CCCTAGACAGGACTACTCGG_020,183
GTACAACTCACCATACCACC_001,116
GTACAACTCACCATACCACC_002,101
ACTCGAACTCTCCCTATGTG_001,24
ACTCGAACTCTCCCTATGTG_002,16
ACTCGAACTCTCCCTATGTG_003,25
ACTCGAACTCTCCCTATGTG_004,77
ACTCGAACTCTCCCTATGTG_005,33
ACTCGAACTCTCCCTATGTG_006,61
TATGACCCAGCCACACGCGA_001,197
TATGACCCAGCCACACGCGA_002,137
TATGACCCAGCCACACGCGA_003,93
TATGACCCAGCCACACGCGA_004,40
TATGACCCAGCCACACGCGA_005,102
TATGACCCAGCCACACGCGA_006,62
GCAGAACATGCTGTGACTGA_001,34
GCAGAACATGCTGTGACTGA_002,15
GGTCTCCTGCTACTCAGAGG_001,12
GGTCTCCTGCTACTCAGAGG_002,130
GGTCTCCTGCTACTCAGAGG_003,4
GGTCTCCTGCTACTCAGAGG_004,9
GGTCTCCTGCTACTCAGAGG_005,166
GGTCTCCTGCTACTCAGAGG_006,182
GGTCTCCTGCTACTCAGAGG_007,116
GGTCTCCTGCTACTCAGAGG_008,199
AGACAGCCTGTGAACAACCG_001,182
AGACAGCCTGTGAACAACCG_002,166
AGACAGCCTGTGAACAACCG_003,93
AGACAGCCTGTGAACAACCG_004,132
AGACAGCCTGTGAACAACCG_005,194
AGACAGCCTGTGAACAACCG_006,118
AGACAGCCTGTGAACAACCG_007,184
AGACAGCCTGTGAACAACCG_008,177
AGACAGCCTGTGAACAACCG_009,43
AGACAGCCTGTGAACAACCG_010,67
AGACAGCCTGTGAACAACCG_011,156
AGACAGCCTGTGAACAACCG_012,190
AGACAGCCTGTGAACAACCG_013,108
AGACAGCCTGTGAACAACCG_014,7
AGACAGCCTGTGAACAACCG_015,126
AGACAGCCTGTGAACAACCG_016,135
AGACAGCCTGTGAACAACCG_017,131
AGACAGCCTGTGAACAACCG_018,160
AGACAGCCTGTGAACAACCG_019,88
AGACAGCCTGTGAACAACCG_020,69
AGACAGCCTGTGAACAACCG_021,32
AGACAGCCTGTGAACAACCG_022,41
AGACAGCCTGTGAACAACCG_023,119
AGACAGCCTGTGAACAACCG_024,30
AGACAGCCTGTGAACAACCG_025,169
AGACAGCCTGTGAACAACCG_026,198
AGACAGCCTGTGAACAACCG_027,48
AGACAGCCTGTGAACAACCG_028,160
AGACAGCCTGTGAACAACCG_029,141
AGACAGCCTGTGAACAACCG_030,138
AGACAGCCTGTGAACAACCG_031,166
AGACAGCCTGTGAACAACCG_032,68
AGACAGCCTGTGAACAACCG_033,175
AGACAGCCTGTGAACAACCG_034,74
GATGTGGTGATGAGACTGCA_001,147
GATGTGGTGATGAGACTGCA_002,158
GATGTGGTGATGAGACTGCA_003,40
GATGTGGTGATGAGACTGCA_004,2
GATGTGGTGATGAGACTGCA_005,27
GATGTGGTGATGAGACTGCA_006,41
GATGTGGTGATGAGACTGCA_007,174
GATGTGGTGATGAGACTGCA_008,198
GATGTGGTGATGAGACTGCA_009,103
GATGTGGTGATGAGACTGCA_010,150
GATGTGGTGATGAGACTGCA_011,191
GATGTGGTGATGAGACTGCA_012,130
GATGTGGTGATGAGACTGCA_013,50
GATGTGGTGATGAGACTGCA_014,92
GATGTGGTGATGAGACTGCA_015,44
GATGTGGTGATGAGACTGCA_016,184
GATGTGGTGATGAGACTGCA_017,96
GATGTGGTGATGAGACTGCA_018,29
GATGTGGTGATGAGACTGCA_019,3
GATGTGGTGATGAGACTGCA_020,83
GATGTGGTGATGAGACTGCA_021,98
GTTCGTCACTTCTTTGATTG_001,196
GTTCGTCACTTCTTTGATTG_002,40
GTTCGTCACTTCTTTGATTG_003,160
GTTCGTCACTTCTTTGATTG_004,125
GTTCGTCACTTCTTTGATTG_005,193
GTTCGTCACTTCTTTGATTG_006,82
GTTCGTCACTTCTTTGATTG_007,56
GTTCGTCACTTCTTTGATTG_008,40
GTTCGTCACTTCTTTGATTG_009,2
TCAGAGGTTCACAACGCTGG_001,105
TCAGAGGTTCACAACGCTGG_002,141
TCAGAGGTTCACAACGCTGG_003,142
TCAGAGGTTCACAACGCTGG_004,178
TCAGAGGTTCACAACGCTGG_005,146
TCAGAGGTTCACAACGCTGG_006,71
TCAGAGGTTCACAACGCTGG_007,93
TCAGAGGTTCACAACGCTGG_008,38
TCAGAGGTTCACAACGCTGG_009,192
TCAGAGGTTCACAACGCTGG_010,42
TCAGAGGTTCACAACGCTGG_011,144
TCAGAGGTTCACAACGCTGG_012,163
TCAGAGGTTCACAACGCTGG_013,156
TCAGAGGTTCACAACGCTGG_014,120
TCAGAGGTTCACAACGCTGG_015,56
TCAGAGGTTCACAACGCTGG_016,46
TCAGAGGTTCACAACGCTGG_017,72
TCATTCGATAACGTTGCTTG_001,149
TCATTCGATAACGTTGCTTG_002,127
TCATTCGATAACGTTGCTTG_003,197
ACAAGTTAAATCCAAACGAC_001,78
ACAAGTTAAATCCAAACGAC_002,2
ACAAGTTAAATCCAAACGAC_003,184
GGCAGGTACCCAGCTACTGT_001,45
GGCAGGTACCCAGCTACTGT_002,157
GCGGGGCTTTACCAGTAACA_001,124
GCGGGGCTTTACCAGTAACA_002,78
GCGGGGCTTTACCAGTAACA_003,149
GCGGGGCTTTACCAGTAACA_004,124
GCGGGGCTTTACCAGTAACA_005,27
GCGGGGCTTTACCAGTAACA_006,160
TGAGACTGTAAAAATATGGG_001,102
TGGGTCGCCGGCTCTACGGG_001,149
TGGGTCGCCGGCTCTACGGG_002,51
TGGGTCGCCGGCTCTACGGG_003,170
TGGGTCGCCGGCTCTACGGG_004,62
TGGGTCGCCGGCTCTACGGG_005,188
TGGGTCGCCGGCTCTACGGG_006,160
TGGGTCGCCGGCTCTACGGG_007,113
TGGGTCGCCGGCTCTACGGG_008,169
TGGGTCGCCGGCTCTACGGG_009,33
TGGGTCGCCGGCTCTACGGG_010,123
TGGGTCGCCGGCTCTACGGG_011,8
TGGGTCGCCGGCTCTACGGG_012,101
TGGGTCGCCGGCTCTACGGG_013,113
TGGGTCGCCGGCTCTACGGG_014,49
TGGGTCGCCGGCTCTACGGG_015,188
TGGGTCGCCGGCTCTACGGG_016,50
TGGGTCGCCGGCTCTACGGG_017,77
TGGGTCGCCGGCTCTACGGG_018,1
TGGGTCGCCGGCTCTACGGG_019,48
TGGGTCGCCGGCTCTACGGG_020,198
TGGGTCGCCGGCTCTACGGG_021,137
TGGGTCGCCGGCTCTACGGG_022,62
TGGGTCGCCGGCTCTACGGG_023,3
TGGGTCGCCGGCTCTACGGG_024,168
TGGGTCGCCGGCTCTACGGG_025,94
TGGGTCGCCGGCTCTACGGG_026,63
TGGGTCGCCGGCTCTACGGG_027,119
TGGGTCGCCGGCTCTACGGG_028,14
TGGGTCGCCGGCTCTACGGG_029,13
GGGCGCTCACAATTTAGCTG_001,131
GGGCGCTCACAATTTAGCTG_002,140
GGGCGCTCACAATTTAGCTG_003,69
GGGCGCTCACAATTTAGCTG_004,149
GGGCGCTCACAATTTAGCTG_005,161
GGGCGCTCACAATTTAGCTG_006,64
GGGCGCTCACAATTTAGCTG_007,165
GGGCGCTCACAATTTAGCTG_008,41
GGGCGCTCACAATTTAGCTG_009,58
GGGCGCTCACAATTTAGCTG_010,49
ACTGCTCCCGGTCGCCCCTC_001,58
ACTGCTCCCGGTCGCCCCTC_002,83
ACTGCTCCCGGTCGCCCCTC_003,119
ACTGCTCCCGGTCGCCCCTC_004,51
ACTGCTCCCGGTCGCCCCTC_005,23
ACTGCTCCCGGTCGCCCCTC_006,114
ACTGCTCCCGGTCGCCCCTC_007,19
ACTGCTCCCGGTCGCCCCTC_008,48
ACTGCTCCCGGTCGCCCCTC_009,137
ACTGCTCCCGGTCGCCCCTC_010,115
ACTGCTCCCGGTCGCCCCTC_011,115
ACTGCTCCCGGTCGCCCCTC_012,96
ACTGCTCCCGGTCGCCCCTC_013,38
ACTGCTCCCGGTCGCCCCTC_014,76
ACTGCTCCCGGTCGCCCCTC_015,191
ACTGCTCCCGGTCGCCCCTC_016,23
ACTGCTCCCGGTCGCCCCTC_017,151
ACTGCTCCCGGTCGCCCCTC_018,170
ACTGCTCCCGGTCGCCCCTC_019,58
ACTGCTCCCGGTCGCCCCTC_020,50
ACTGCTCCCGGTCGCCCCTC_021,158
ACTGCTCCCGGTCGCCCCTC_022,0
ACTGCTCCCGGTCGCCCCTC_023,22
ACTGCTCCCGGTCGCCCCTC_024,121
ACTGCTCCCGGTCGCCCCTC_025,81
ACTGCTCCCGGTCGCCCCTC_026,81
ACTGCTCCCGGTCGCCCCTC_027,30
ACTGCTCCCGGTCGCCCCTC_028,58
ACTGCTCCCGGTCGCCCCTC_029,190
ACTGCTCCCGGTCGCCCCTC_030,150
ACTGCTCCCGGTCGCCCCTC_031,86
ACTGCTCCCGGTCGCCCCTC_032,104
ACTGCTCCCGGTCGCCCCTC_033,197
ACTGCTCCCGGTCGCCCCTC_034,28
ACTGCTCCCGGTCGCCCCTC_035,30
ACTGCTCCCGGTCGCCCCTC_036,147
ACTGCTCCCGGTCGCCCCTC_037,119
ACTGCTCCCGGTCGCCCCTC_038,70
ACTGCTCCCGGTCGCCCCTC_039,176
ACTGCTCCCGGTCGCCCCTC_040,88
ACTGCTCCCGGTCGCCCCTC_041,153
ACTGCTCCCGGTCGCCCCTC_042,113
ACTGCTCCCGGTCGCCCCTC_043,93
ACTGCTCCCGGTCGCCCCTC_044,3
ACTGCTCCCGGTCGCCCCTC_045,88
ACTGCTCCCGGTCGCCCCTC_046,129
ACTGCTCCCGGTCGCCCCTC_047,58
ACTGCTCCCGGTCGCCCCTC_048,9
ACTGCTCCCGGTCGCCCCTC_049,58
ACTGCTCCCGGTCGCCCCTC_050,70
ACTGCTCCCGGTCGCCCCTC_051,52
ACTGCTCCCGGTCGCCCCTC_052,1
ACTGCTCCCGGTCGCCCCTC_053,48
ACTGCTCCCGGTCGCCCCTC_054,44
ACTGCTCCCGGTCGCCCCTC_055,17
ACTGCTCCCGGTCGCCCCTC_056,24
ACTGCTCCCGGTCGCCCCTC_057,102
ACTGCTCCCGGTCGCCCCTC_058,71
ACTGCTCCCGGTCGCCCCTC_059,92
ACTGCTCCCGGTCGCCCCTC_060,197
ACTGCTCCCGGTCGCCCCTC_061,158
ACTGCTCCCGGTCGCCCCTC_062,162
ACTGCTCCCGGTCGCCCCTC_063,68
ACTGCTCCCGGTCGCCCCTC_064,67
ACTGCTCCCGGTCGCCCCTC_065,116
ACTGCTCCCGGTCGCCCCTC_066,63
ACTGCTCCCGGTCGCCCCTC_067,79
ACTGCTCCCGGTCGCCCCTC_068,165
ACTGCTCCCGGTCGCCCCTC_069,191
ACTGCTCCCGGTCGCCCCTC_070,175
ACTGCTCCCGGTCGCCCCTC_071,138
ACTGCTCCCGGTCGCCCCTC_072,77
ACTGCTCCCGGTCGCCCCTC_073,20
ACTGCTCCCGGTCGCCCCTC_074,80
ACTGCTCCCGGTCGCCCCTC_075,142
ACTGCTCCCGGTCGCCCCTC_076,138
ACTGCTCCCGGTCGCCCCTC_077,3
ACTGCTCCCGGTCGCCCCTC_078,164
ACTGCTCCCGGTCGCCCCTC_079,155
ACTGCTCCCGGTCGCCCCTC_080,106
ACTGCTCCCGGTCGCCCCTC_081,57
ACTGCTCCCGGTCGCCCCTC_082,100
ACTGCTCCCGGTCGCCCCTC_083,38
ACTGCTCCCGGTCGCCCCTC_084,115
ACTGCTCCCGGTCGCCCCTC_085,191
ACTGCTCCCGGTCGCCCCTC_086,74
ACTGCTCCCGGTCGCCCCTC_087,165
ACTGCTCCCGGTCGCCCCTC_088,177
ACTGCTCCCGGTCGCCCCTC_089,107
ACTGCTCCCGGTCGCCCCTC_090,187
GCTGTTCACATAGCACCCCA_001,62
GCTGTTCACATAGCACCCCA_002,82
GCTGTTCACATAGCACCCCA_003,146
GCTGTTCACATAGCACCCCA_004,108
GGCAGGACGCCTCTTCCCTG_001,83
GGCAGGACGCCTCTTCCCTG_002,132
GGCAGGACGCCTCTTCCCTG_003,26
GGCAGGACGCCTCTTCCCTG_004,118
GGCAGGACGCCTCTTCCCTG_005,137
GGCAGGACGCCTCTTCCCTG_006,85
GGCAGGACGCCTCTTCCCTG_007,168
GGCAGGACGCCTCTTCCCTG_008,94
GGCAGGACGCCTCTTCCCTG_009,44
GGCAGGACGCCTCTTCCCTG_010,33
GGCAGGACGCCTCTTCCCTG_011,148
GGCAGGACGCCTCTTCCCTG_012,43
GGCAGGACGCCTCTTCCCTG_013,126
CTGACAGGAATACATATGTT_001,192
CTGACAGGAATACATATGTT_002,142
CTGACAGGAATACATATGTT_003,137
CTGACAGGAATACATATGTT_004,145
CTGACAGGAATACATATGTT_005,134
TCGGGTAGGTCGTCTTGTCA_001,63
AGAAGTCCACTCCAAAGCAA_001,17
AGAAGTCCACTCCAAAGCAA_002,117
AGAAGTCCACTCCAAAGCAA_003,195
AGAAGTCCACTCCAAAGCAA_004,50
AGAAGTCCACTCCAAAGCAA_005,156
AGAAGTCCACTCCAAAGCAA_006,157
AGAAGTCCACTCCAAAGCAA_007,131
AGAAGTCCACTCCAAAGCAA_008,147
AGAAGTCCACTCCAAAGCAA_009,134
AGAAGTCCACTCCAAAGCAA_010,194
AGAAGTCCACTCCAAAGCAA_011,185
AGAAGTCCACTCCAAAGCAA_012,199
AGAAGTCCACTCCAAAGCAA_013,100
AGAAGTCCACTCCAAAGCAA_014,32
AGAAGTCCACTCCAAAGCAA_015,91
CCGATTACACCTCAACAAGA_001,85
CCGATTACACCTCAACAAGA_002,170
CCGATTACACCTCAACAAGA_003,172
CCGATTACACCTCAACAAGA_004,146
TGGTGCTACGACAGAACTGC_001,183
TGGTGCTACGACAGAACTGC_002,62
TGGTGCTACGACAGAACTGC_003,87
TGGTGCTACGACAGAACTGC_004,158
TGGTGCTACGACAGAACTGC_005,15
TGGTGCTACGACAGAACTGC_006,77
TGGTGCTACGACAGAACTGC_007,119
TGGTGCTACGACAGAACTGC_008,187
TGGTGCTACGACAGAACTGC_009,16
TGGTGCTACGACAGAACTGC_010,150
TGGTGCTACGACAGAACTGC_011,175
TGGTGCTACGACAGAACTGC_012,73
TGGTGCTACGACAGAACTGC_013,184
TGGTGCTACGACAGAACTGC_014,135
TGGTGCTACGACAGAACTGC_015,85
TGGTGCTACGACAGAACTGC_016,176
TGGTGCTACGACAGAACTGC_017,75
TGGTGCTACGACAGAACTGC_018,100
TGGTGCTACGACAGAACTGC_019,89
TGGTGCTACGACAGAACTGC_020,19
TGGTGCTACGACAGAACTGC_021,77
TGGTGCTACGACAGAACTGC_022,28
TGGTGCTACGACAGAACTGC_023,35
TGGTGCTACGACAGAACTGC_024,106
TGGTGCTACGACAGAACTGC_025,48
TGGTGCTACGACAGAACTGC_026,43
TTAGGCTCTGCTCTGGACAA_001,119
TTAGGCTCTGCTCTGGACAA_002,19
TTAGGCTCTGCTCTGGACAA_003,17
TGAGAATCCACCACTTGTTG_001,175
CTGGATCACAACATCCGCTG_001,158
CTGGATCACAACATCCGCTG_002,70
CTGGATCACAACATCCGCTG_003,11
CTGGATCACAACATCCGCTG_004,2
CTGGATCACAACATCCGCTG_005,61
CTGGATCACAACATCCGCTG_006,98
CTGGATCACAACATCCGCTG_007,15
CTGGATCACAACATCCGCTG_008,58
CTGGATCACAACATCCGCTG_009,65
CTGGATCACAACATCCGCTG_010,82
CTGGATCACAACATCCGCTG_011,50
CTGGATCACAACATCCGCTG_012,172
CTGGATCACAACATCCGCTG_013,171
CTGGATCACAACATCCGCTG_014,33
CTGGATCACAACATCCGCTG_015,146
CTGGATCACAACATCCGCTG_016,122
CTGGATCACAACATCCGCTG_017,68
CTGGATCACAACATCCGCTG_018,39
ATTACCAAATACAGTCCTAG_001,182
ATTACCAAATACAGTCCTAG_002,136
ATTACCAAATACAGTCCTAG_003,168
AGTGGACACAGCTGTAAGTG_001,115
AGTGGACACAGCTGTAAGTG_002,83
AGTGGACACAGCTGTAAGTG_003,62
AGTGGACACAGCTGTAAGTG_004,70
AGTGGACACAGCTGTAAGTG_005,92
AGTGGACACAGCTGTAAGTG_006,98
AGTGGACACAGCTGTAAGTG_007,56
CCAGAACATGGACCCGACCA_001,106
CCAGAACATGGACCCGACCA_002,160
CCAGAACATGGACCCGACCA_003,172
CCAGAACATGGACCCGACCA_004,113
CCAGAACATGGACCCGACCA_005,145
AAGCAGGGTTTGTACACTCG_001,196
AAGCAGGGTTTGTACACTCG_002,100
GGAGATCTACCAGGAGCTGA_001,181
GGAGATCTACCAGGAGCTGA_002,112
GGAGATCTACCAGGAGCTGA_003,15
GGAGATCTACCAGGAGCTGA_004,144
GGAGATCTACCAGGAGCTGA_005,94
GGAGATCTACCAGGAGCTGA_006,174
GGAGATCTACCAGGAGCTGA_007,42
TGAGCTTCACTGCCGACGAG_001,147
TGAGCTTCACTGCCGACGAG_002,151
TGAGCTTCACTGCCGACGAG_003,50
TGAGCTTCACTGCCGACGAG_004,37
TGAGCTTCACTGCCGACGAG_005,157
TGAGCTTCACTGCCGACGAG_006,181
TGAGCTTCACTGCCGACGAG_007,58
TGAGCTTCACTGCCGACGAG_008,138
TGAGCTTCACTGCCGACGAG_009,175
TGAGCTTCACTGCCGACGAG_010,123
TGAGCTTCACTGCCGACGAG_011,140
TGAGCTTCACTGCCGACGAG_012,150
TGAGCTTCACTGCCGACGAG_013,138
TGAGCTTCACTGCCGACGAG_014,106
TGAGCTTCACTGCCGACGAG_015,191
TGAGCTTCACTGCCGACGAG_016,0
TGAGCTTCACTGCCGACGAG_017,83
TGAGCTTCACTGCCGACGAG_018,83
TCACAAACACAATCGTCACT_001,141
TCACAAACACAATCGTCACT_002,131
TCACAAACACAATCGTCACT_003,152
TCACAAACACAATCGTCACT_004,83
TCACAAACACAATCGTCACT_005,102
TCACAAACACAATCGTCACT_006,35
TCACAAACACAATCGTCACT_007,56
CGCGGCCCACGCGTCATCGC_001,197
CGCGGCCCACGCGTCATCGC_002,88
CGCGGCCCACGCGTCATCGC_003,70
CGCGGCCCACGCGTCATCGC_004,187
CGCGGCCCACGCGTCATCGC_005,56
CGCGGCCCACGCGTCATCGC_006,175
CGCGGCCCACGCGTCATCGC_007,35
CGCGGCCCACGCGTCATCGC_008,41
CGCGGCCCACGCGTCATCGC_009,150
CGCGGCCCACGCGTCATCGC_010,156
CGCGGCCCACGCGTCATCGC_011,114
CGCGGCCCACGCGTCATCGC_012,152
CGCGGCCCACGCGTCATCGC_013,70
CGCGGCCCACGCGTCATCGC_014,76
CGCGGCCCACGCGTCATCGC_015,58
CGCGGCCCACGCGTCATCGC_016,169
CGCGGCCCACGCGTCATCGC_017,15
CGCGGCCCACGCGTCATCGC_018,127
CGCGGCCCACGCGTCATCGC_019,101
CGCGGCCCACGCGTCATCGC_020,121
CGCGGCCCACGCGTCATCGC_021,19
CGCGGCCCACGCGTCATCGC_022,173
CGCGGCCCACGCGTCATCGC_023,121
CGCGGCCCACGCGTCATCGC_024,15
CGCGGCCCACGCGTCATCGC_025,80
CGCGGCCCACGCGTCATCGC_026,80
CGCGGCCCACGCGTCATCGC_027,115
CGCGGCCCACGCGTCATCGC_028,15
CGCGGCCCACGCGTCATCGC_029,72
CGCGGCCCACGCGTCATCGC_030,51
CGCGGCCCACGCGTCATCGC_031,113
CGCGGCCCACGCGTCATCGC_032,141
CGCGGCCCACGCGTCATCGC_033,15
CGCGGCCCACGCGTCATCGC_034,90
CGCGGCCCACGCGTCATCGC_035,30
CGCGGCCCACGCGTCATCGC_036,94
CGCGGCCCACGCGTCATCGC_037,52
CGCGGCCCACGCGTCATCGC_038,113
CGCGGCCCACGCGTCATCGC_039,77
CGCGGCCCACGCGTCATCGC_040,18
CTTCCATTGGATAAGATCTG_001,30
CTTCCATTGGATAAGATCTG_002,91
CTTCCATTGGATAAGATCTG_003,36
CTTCCATTGGATAAGATCTG_004,36
CTTCCATTGGATAAGATCTG_005,119
CTTCCATTGGATAAGATCTG_006,167
CTTCCATTGGATAAGATCTG_007,96
GTTCAGCGTGGTGAGCGTCG_001,115
GTTCAGCGTGGTGAGCGTCG_002,60
GTTCAGCGTGGTGAGCGTCG_003,29
GTTCAGCGTGGTGAGCGTCG_004,188
GTTCAGCGTGGTGAGCGTCG_005,107
GTTCAGCGTGGTGAGCGTCG_006,34
GTTCAGCGTGGTGAGCGTCG_007,65
GTTCAGCGTGGTGAGCGTCG_008,129
GTTCAGCGTGGTGAGCGTCG_009,175
GTTCAGCGTGGTGAGCGTCG_010,155
GTTCAGCGTGGTGAGCGTCG_011,188
TCCATGAATGAGGACCACCC_001,4
TCCATGAATGAGGACCACCC_002,80
TCCATGAATGAGGACCACCC_003,127
TCCATGAATGAGGACCACCC_004,79
ACAAAGATCAACGAGACCCA_001,60
ACAAAGATCAACGAGACCCA_002,69
ACAAAGATCAACGAGACCCA_003,62
ACAAAGATCAACGAGACCCA_004,81
ACAAAGATCAACGAGACCCA_005,8
TGAAGGGGACCATAGAGTGA_001,50
TGAAGGGGACCATAGAGTGA_002,38
TGAAGGGGACCATAGAGTGA_003,56
TGCGTGACGTCGGGTCCGAG_001,55
TGCGTGACGTCGGGTCCGAG_002,130
TGCGTGACGTCGGGTCCGAG_003,96
TGCGTGACGTCGGGTCCGAG_004,144
TGCGTGACGTCGGGTCCGAG_005,156
TGCGTGACGTCGGGTCCGAG_006,2
TGCGTGACGTCGGGTCCGAG_007,168
TGTGGAGAGTATCCATGGCG_001,127
CTCTTCATGTAGCTAGAAGT_001,174
CTCTTCATGTAGCTAGAAGT_002,71
CTCTTCATGTAGCTAGAAGT_003,169
CTCTTCATGTAGCTAGAAGT_004,39
CTCTTCATGTAGCTAGAAGT_005,8
GCACCACCACAAATTGACAA_001,88
GCACCACCACAAATTGACAA_002,150
GCACCACCACAAATTGACAA_003,182
GCACCACCACAAATTGACAA_004,196
GCACCACCACAAATTGACAA_005,47
GCACCACCACAAATTGACAA_006,2
GCACCACCACAAATTGACAA_007,61
GCACCACCACAAATTGACAA_008,60
GCACCACCACAAATTGACAA_009,157
GCACCACCACAAATTGACAA_010,97
GCACCACCACAAATTGACAA_011,135
GCACCACCACAAATTGACAA_012,6
GCACCACCACAAATTGACAA_013,178
GCACCACCACAAATTGACAA_014,118
GCACCACCACAAATTGACAA_015,185
GCACCACCACAAATTGACAA_016,147
GCACCACCACAAATTGACAA_017,58
GCACCACCACAAATTGACAA_018,81
GCACCACCACAAATTGACAA_019,155
GCACCACCACAAATTGACAA_020,185
GCACCACCACAAATTGACAA_021,170
GCACCACCACAAATTGACAA_022,69
GCACCACCACAAATTGACAA_023,141
GCACCACCACAAATTGACAA_024,18
GCACCACCACAAATTGACAA_025,184
GCACCACCACAAATTGACAA_026,155
GCACCACCACAAATTGACAA_027,77
GCACCACCACAAATTGACAA_028,72
GCACCACCACAAATTGACAA_029,121
GCACCACCACAAATTGACAA_030,165
GCACCACCACAAATTGACAA_031,180
GGGCCCTGAGAATCCCAACA_001,42
GGGCCCTGAGAATCCCAACA_002,158
GAGCACGTTTGTGTGTCCAA_001,146
GAGCACGTTTGTGTGTCCAA_002,198
GAGCACGTTTGTGTGTCCAA_003,113
GAGCACGTTTGTGTGTCCAA_004,127
GAGCACGTTTGTGTGTCCAA_005,67
GAGCACGTTTGTGTGTCCAA_006,107
GAGCACGTTTGTGTGTCCAA_007,88
GAGCACGTTTGTGTGTCCAA_008,46
GAGCACGTTTGTGTGTCCAA_009,88
GAGCACGTTTGTGTGTCCAA_010,141
GAGCACGTTTGTGTGTCCAA_011,113
GAGCACGTTTGTGTGTCCAA_012,107
GAGCACGTTTGTGTGTCCAA_013,21
GAGCACGTTTGTGTGTCCAA_014,175
GAGCACGTTTGTGTGTCCAA_015,58
GAGCACGTTTGTGTGTCCAA_016,55
GAGCACGTTTGTGTGTCCAA_017,182
GAGCACGTTTGTGTGTCCAA_018,11
GGATACGATAGAAAATGTAA_001,110
GCAAATGCCACTCGCCCAGG_001,62
GCAAATGCCACTCGCCCAGG_002,4
GCAAATGCCACTCGCCCAGG_003,7
GCAAATGCCACTCGCCCAGG_004,42
GCAAATGCCACTCGCCCAGG_005,195
GCAAATGCCACTCGCCCAGG_006,85
GCAAATGCCACTCGCCCAGG_007,97
GCAAATGCCACTCGCCCAGG_008,169
GCAAATGCCACTCGCCCAGG_009,150
GCAAATGCCACTCGCCCAGG_010,89
GCAAATGCCACTCGCCCAGG_011,106
GCAAATGCCACTCGCCCAGG_012,166
GCAAATGCCACTCGCCCAGG_013,115
GCAAATGCCACTCGCCCAGG_014,113
GCAAATGCCACTCGCCCAGG_015,158
GCAAATGCCACTCGCCCAGG_016,89
GCAAATGCCACTCGCCCAGG_017,198
GCAAATGCCACTCGCCCAGG_018,116
GCAAATGCCACTCGCCCAGG_019,37
CCCACCAGCTCACAGTAATG_001,102
CCCACCAGCTCACAGTAATG_002,166
GCGCCGAGTTCCACTACACC_001,2
GCGCCGAGTTCCACTACACC_002,141
TACAGGCTGTTTGACGTCGG_001,181
TACAGGCTGTTTGACGTCGG_002,195
TACAGGCTGTTTGACGTCGG_003,5
TACAGGCTGTTTGACGTCGG_004,8
TACAGGCTGTTTGACGTCGG_005,113
TACAGGCTGTTTGACGTCGG_006,26
TACAGGCTGTTTGACGTCGG_007,118
TACAGGCTGTTTGACGTCGG_008,1
AGAGTGCATCGACCCCTCGG_001,115
AGAGTGCATCGACCCCTCGG_002,84
AGAGTGCATCGACCCCTCGG_003,29
AGAGTGCATCGACCCCTCGG_004,197
AGAGTGCATCGACCCCTCGG_005,153
AGAGTGCATCGACCCCTCGG_006,35
AGAGTGCATCGACCCCTCGG_007,3
AGAGTGCATCGACCCCTCGG_008,68
CAGGCACAGATCCACGACAG_001,115
CAGGCACAGATCCACGACAG_002,193
CAGGCACAGATCCACGACAG_003,36
CAGGCACAGATCCACGACAG_004,15
CAGGCACAGATCCACGACAG_005,142
CAGGCACAGATCCACGACAG_006,196
CAGGCACAGATCCACGACAG_007,91
CAGGCACAGATCCACGACAG_008,104
CAGGCACAGATCCACGACAG_009,56
TGACCTGGCTGCACGCACTG_001,19
TGACCTGGCTGCACGCACTG_002,94
TGACCTGGCTGCACGCACTG_003,158
TGACCTGGCTGCACGCACTG_004,19
TGACCTGGCTGCACGCACTG_005,6
TGACCTGGCTGCACGCACTG_006,36
TGACCTGGCTGCACGCACTG_007,62
TGACCTGGCTGCACGCACTG_008,51
TGACCTGGCTGCACGCACTG_009,95
TGACCTGGCTGCACGCACTG_010,128
TGACCTGGCTGCACGCACTG_011,82
TGACCTGGCTGCACGCACTG_012,34
TGACCTGGCTGCACGCACTG_013,15
TGACCTGGCTGCACGCACTG_014,60
TGACCTGGCTGCACGCACTG_015,19
TGACCTGGCTGCACGCACTG_016,148
TGACCTGGCTGCACGCACTG_017,38
TGACCTGGCTGCACGCACTG_018,151
TGACCTGGCTGCACGCACTG_019,104
TGACCTGGCTGCACGCACTG_020,105
TGACCTGGCTGCACGCACTG_021,194
TGACCTGGCTGCACGCACTG_022,27
TGACCTGGCTGCACGCACTG_023,15
TGACCTGGCTGCACGCACTG_024,80
TGACCTGGCTGCACGCACTG_025,6
TGACCTGGCTGCACGCACTG_026,149
TGACCTGGCTGCACGCACTG_027,138
TGACCTGGCTGCACGCACTG_028,184
TGACCTGGCTGCACGCACTG_029,112
TGACCTGGCTGCACGCACTG_030,168
TGACCTGGCTGCACGCACTG_031,59
TGACCTGGCTGCACGCACTG_032,10
TGACCTGGCTGCACGCACTG_033,56
TGACCTGGCTGCACGCACTG_034,166
TGACCTGGCTGCACGCACTG_035,38
TGACCTGGCTGCACGCACTG_036,119
TGACCTGGCTGCACGCACTG_037,13
TGACCTGGCTGCACGCACTG_038,183
TGACCTGGCTGCACGCACTG_039,130
TGACCTGGCTGCACGCACTG_040,149
TGACCTGGCTGCACGCACTG_041,147
TGACCTGGCTGCACGCACTG_042,61
TGACCTGGCTGCACGCACTG_043,60
TGACCTGGCTGCACGCACTG_044,58
TGACCTGGCTGCACGCACTG_045,24
TGACCTGGCTGCACGCACTG_046,144
TGACCTGGCTGCACGCACTG_047,2
TGACCTGGCTGCACGCACTG_048,57
TGACCTGGCTGCACGCACTG_049,122
TGACCTGGCTGCACGCACTG_050,113
TGACCTGGCTGCACGCACTG_051,170
TGACCTGGCTGCACGCACTG_052,193
TGACCTGGCTGCACGCACTG_053,6
TGACCTGGCTGCACGCACTG_054,64
TGACCTGGCTGCACGCACTG_055,6
TGACCTGGCTGCACGCACTG_056,183
TGACCTGGCTGCACGCACTG_057,81
TGACCTGGCTGCACGCACTG_058,160
AACCTGAAGGTGATCGACAA_001,140
AACCTGAAGGTGATCGACAA_002,162
AACCTGAAGGTGATCGACAA_003,154
AACCTGAAGGTGATCGACAA_004,51
AACCTGAAGGTGATCGACAA_005,145
AACCTGAAGGTGATCGACAA_006,158
AACCTGAAGGTGATCGACAA_007,23
AACCTGAAGGTGATCGACAA_008,112
AACCTGAAGGTGATCGACAA_009,8
AACCTGAAGGTGATCGACAA_010,80
AACCTGAAGGTGATCGACAA_011,72
AACCTGAAGGTGATCGACAA_012,198
AACCTGAAGGTGATCGACAA_013,52
AACCTGAAGGTGATCGACAA_014,105
AACCTGAAGGTGATCGACAA_015,107
AACCTGAAGGTGATCGACAA_016,7
AACCTGAAGGTGATCGACAA_017,95
AACCTGAAGGTGATCGACAA_018,73
AACCTGAAGGTGATCGACAA_019,94
AACCTGAAGGTGATCGACAA_020,52
AACCTGAAGGTGATCGACAA_021,34
AACCTGAAGGTGATCGACAA_022,184
GCTCCCTCGGCTTCGCAGCG_001,113
GCTCCCTCGGCTTCGCAGCG_002,12
GCTCCCTCGGCTTCGCAGCG_003,109
GCTCCCTCGGCTTCGCAGCG_004,159
GCTCCCTCGGCTTCGCAGCG_005,121
GCTCCCTCGGCTTCGCAGCG_006,118
GCTCCCTCGGCTTCGCAGCG_007,122
GCTCCCTCGGCTTCGCAGCG_008,159
TGAAAATGCTTTGTGCAGAA_001,105
TGAAAATGCTTTGTGCAGAA_002,170
CACGCCAACAGGATGCAGAC_001,29
CACGCCAACAGGATGCAGAC_002,172
CACGCCAACAGGATGCAGAC_003,16
CACGCCAACAGGATGCAGAC_004,44
CACGCCAACAGGATGCAGAC_005,122
CACGCCAACAGGATGCAGAC_006,146
CACGCCAACAGGATGCAGAC_007,8
CACGCCAACAGGATGCAGAC_008,68
CACGCCAACAGGATGCAGAC_009,81
CACGCCAACAGGATGCAGAC_010,16
CACGCCAACAGGATGCAGAC_011,146
CGACGCGTTACCACTCGTGT_001,42
CGACGCGTTACCACTCGTGT_002,22
CGACGCGTTACCACTCGTGT_003,62
CGACGCGTTACCACTCGTGT_004,195
CGACGCGTTACCACTCGTGT_005,67
CGACGCGTTACCACTCGTGT_006,56
CGACGCGTTACCACTCGTGT_007,131
GTGTATAATTACAGTGCACA_001,76
GTGTATAATTACAGTGCACA_002,169
GTGTATAATTACAGTGCACA_003,109
GACCTGAGCGTCATGTACCG_001,28
GACCTGAGCGTCATGTACCG_002,198
GACCTGAGCGTCATGTACCG_003,83
GACCTGAGCGTCATGTACCG_004,62
GACCTGAGCGTCATGTACCG_005,45
GACCTGAGCGTCATGTACCG_006,119
GACCTGAGCGTCATGTACCG_007,81
GACCTGAGCGTCATGTACCG_008,68
GACCTGAGCGTCATGTACCG_009,150
GACCTGAGCGTCATGTACCG_010,12
GACCTGAGCGTCATGTACCG_011,154
GACCTGAGCGTCATGTACCG_012,93
GACCTGAGCGTCATGTACCG_013,117
GACCTGAGCGTCATGTACCG_014,145
GACCTGAGCGTCATGTACCG_015,161
GACCTGAGCGTCATGTACCG_016,115
GACCTGAGCGTCATGTACCG_017,105
GACCTGAGCGTCATGTACCG_018,77
GACCTGAGCGTCATGTACCG_019,62
GACCTGAGCGTCATGTACCG_020,40
GACCTGAGCGTCATGTACCG_021,158
GTGTGGGCCTCTCATCAAGG_001,103
GTGTGGGCCTCTCATCAAGG_002,15
GTGTGGGCCTCTCATCAAGG_003,25
GTGTGGGCCTCTCATCAAGG_004,132
GTGTGGGCCTCTCATCAAGG_005,22
GTGTGGGCCTCTCATCAAGG_006,109
GTGTGGGCCTCTCATCAAGG_007,94
GTGTGGGCCTCTCATCAAGG_008,105
AATGGGAAAGGATATTGGAG_001,103
AATGGGAAAGGATATTGGAG_002,159
AATGGGAAAGGATATTGGAG_003,121
AATGGGAAAGGATATTGGAG_004,62
AATGGGAAAGGATATTGGAG_005,113
AATGGGAAAGGATATTGGAG_006,153
AATGGGAAAGGATATTGGAG_007,75
AATGGGAAAGGATATTGGAG_008,173
AATGGGAAAGGATATTGGAG_009,103
TCAACAACTGTTCAATATGC_001,2
TCAACAACTGTTCAATATGC_002,61
TCAACAACTGTTCAATATGC_003,182
ACTGTGAGTCTGCTCACGGT_001,147
ACTGTGAGTCTGCTCACGGT_002,11
ACTGTGAGTCTGCTCACGGT_003,117
ACTGTGAGTCTGCTCACGGT_004,43
ACTGTGAGTCTGCTCACGGT_005,16
ACTGTGAGTCTGCTCACGGT_006,43
ACTGTGAGTCTGCTCACGGT_007,5
ACTGTGAGTCTGCTCACGGT_008,118
GATGGCACACTCGCACCAGG_001,73
GATGGCACACTCGCACCAGG_002,62
GATGGCACACTCGCACCAGG_003,16
GATGGCACACTCGCACCAGG_004,15
GATGGCACACTCGCACCAGG_005,4
GATGGCACACTCGCACCAGG_006,160
GATGGCACACTCGCACCAGG_007,77
GATGGCACACTCGCACCAGG_008,3
GATGGCACACTCGCACCAGG_009,77
GATGGCACACTCGCACCAGG_010,149
GATGGCACACTCGCACCAGG_011,62
GATGGCACACTCGCACCAGG_012,41
GATGGCACACTCGCACCAGG_013,69
GATGGCACACTCGCACCAGG_014,104
GATGGCACACTCGCACCAGG_015,116
GATGGCACACTCGCACCAGG_016,106
GATGGCACACTCGCACCAGG_017,82
GATGGCACACTCGCACCAGG_018,156
GATGGCACACTCGCACCAGG_019,142
GATGGCACACTCGCACCAGG_020,84
GATGGCACACTCGCACCAGG_021,147
GATGGCACACTCGCACCAGG_022,162
GATGGCACACTCGCACCAGG_023,64
GATGGCACACTCGCACCAGG_024,97
GATGGCACACTCGCACCAGG_025,26
GTAGTGTCCCCCGAACCTGT_001,17
GTAGTGTCCCCCGAACCTGT_002,149
GTAGTGTCCCCCGAACCTGT_003,194
GTAGTGTCCCCCGAACCTGT_004,184
GTAGTGTCCCCCGAACCTGT_005,22
GTAGTGTCCCCCGAACCTGT_006,0
TCCGTACCTCCAAACATGTG_001,3
TCCGTACCTCCAAACATGTG_002,16
TCCGTACCTCCAAACATGTG_003,105
TCCGTACCTCCAAACATGTG_004,151
TCCGTACCTCCAAACATGTG_005,69
TCCGTACCTCCAAACATGTG_006,138
TCCGTACCTCCAAACATGTG_007,148
TCCGTACCTCCAAACATGTG_008,144
TCCGTACCTCCAAACATGTG_009,188
TCCGTACCTCCAAACATGTG_010,11
TCCGTACCTCCAAACATGTG_011,158
TCCGTACCTCCAAACATGTG_012,169
TCCGTACCTCCAAACATGTG_013,190
TCCGTACCTCCAAACATGTG_014,15
TCCGTACCTCCAAACATGTG_015,2
TCCGTACCTCCAAACATGTG_016,19
TCCGTACCTCCAAACATGTG_017,38
TCCGTACCTCCAAACATGTG_018,199
TCCGTACCTCCAAACATGTG_019,108
TCCGTACCTCCAAACATGTG_020,18
TCCGTACCTCCAAACATGTG_021,78
TCCGTACCTCCAAACATGTG_022,2
TCCGTACCTCCAAACATGTG_023,182
TCCGTACCTCCAAACATGTG_024,58
CAACCCTAGTAGGGACAGCG_001,105
CAACCCTAGTAGGGACAGCG_002,144
CAACCCTAGTAGGGACAGCG_003,1
CAACCCTAGTAGGGACAGCG_004,88
CAACCCTAGTAGGGACAGCG_005,92
CAACCCTAGTAGGGACAGCG_006,7
CAACCCTAGTAGGGACAGCG_007,177
CAACCCTAGTAGGGACAGCG_008,165
CAACCCTAGTAGGGACAGCG_009,42
CAACCCTAGTAGGGACAGCG_010,103
CAACCCTAGTAGGGACAGCG_011,148
CAACCCTAGTAGGGACAGCG_012,77
CAACCCTAGTAGGGACAGCG_013,79
CAACCCTAGTAGGGACAGCG_014,162
CAACCCTAGTAGGGACAGCG_015,177
CAACCCTAGTAGGGACAGCG_016,188
CAACCCTAGTAGGGACAGCG_017,184
CAACCCTAGTAGGGACAGCG_018,83
CAACCCTAGTAGGGACAGCG_019,198
CAACCCTAGTAGGGACAGCG_020,198
CAACCCTAGTAGGGACAGCG_021,9
CAACCCTAGTAGGGACAGCG_022,29
CAACCCTAGTAGGGACAGCG_023,192
CAACCCTAGTAGGGACAGCG_024,105
CAACCCTAGTAGGGACAGCG_025,23
CAACCCTAGTAGGGACAGCG_026,147
CAACCCTAGTAGGGACAGCG_027,69
CAACCCTAGTAGGGACAGCG_028,168
CAACCCTAGTAGGGACAGCG_029,19
CAACCCTAGTAGGGACAGCG_030,63
CAACCCTAGTAGGGACAGCG_031,12
CAACCCTAGTAGGGACAGCG_032,81
AATTGAATGAAATTATTACG_001,115
ACTCAAGGAACAGTATGCTC_001,55
CCTTAACAGATCCGAGCAGT_001,127
CCTTAACAGATCCGAGCAGT_002,132
TTCCATGAGTTCTGTCGAGG_001,32
TTCCATGAGTTCTGTCGAGG_002,32
TTCCATGAGTTCTGTCGAGG_003,143
TCGAAATCCGGTGTAAAGGG_001,56
TCGAAATCCGGTGTAAAGGG_002,17
TCGAAATCCGGTGTAAAGGG_003,155
TCGAAATCCGGTGTAAAGGG_004,156
TCGAAATCCGGTGTAAAGGG_005,147
TCGAAATCCGGTGTAAAGGG_006,169
TCGAAATCCGGTGTAAAGGG_007,70
GTAGTTTGTGCGGAGTGGGA_001,29
GTAGTTTGTGCGGAGTGGGA_002,11
AGGTTGTCCGGACCACACGA_001,108
AGGTTGTCCGGACCACACGA_002,17
AGGTTGTCCGGACCACACGA_003,44
AGGTTGTCCGGACCACACGA_004,1
AGGTTGTCCGGACCACACGA_005,192
AGGTTGTCCGGACCACACGA_006,72
AGGTTGTCCGGACCACACGA_007,97
AGGTTGTCCGGACCACACGA_008,18
AGGTTGTCCGGACCACACGA_009,47
AGGTTGTCCGGACCACACGA_010,75
AGGTTGTCCGGACCACACGA_011,171
AGGTTGTCCGGACCACACGA_012,22
AGGTTGTCCGGACCACACGA_013,17
AGGTTGTCCGGACCACACGA_014,47
AGGTTGTCCGGACCACACGA_015,146
AGGTTGTCCGGACCACACGA_016,169
AGGTTGTCCGGACCACACGA_017,160
AGGTTGTCCGGACCACACGA_018,121
AGGTTGTCCGGACCACACGA_019,28
AGGTTGTCCGGACCACACGA_020,180
AGGTTGTCCGGACCACACGA_021,62
AGGTTGTCCGGACCACACGA_022,158
AGGTTGTCCGGACCACACGA_023,130
AGGTTGTCCGGACCACACGA_024,0
TCTTTCGGAAGAAGTCCTGG_001,28
TCTTTCGGAAGAAGTCCTGG_002,9
TCTTTCGGAAGAAGTCCTGG_003,67
TCTTTCGGAAGAAGTCCTGG_004,50
TCTTTCGGAAGAAGTCCTGG_005,127
TCTTTCGGAAGAAGTCCTGG_006,42
TACACAGTTGAGAAGAATGG_001,154
TACACAGTTGAGAAGAATGG_002,140
TACACAGTTGAGAAGAATGG_003,178
GGACAAGCCCAACATCGTAG_001,13
GGACAAGCCCAACATCGTAG_002,138
GGACAAGCCCAACATCGTAG_003,185
GGACAAGCCCAACATCGTAG_004,160
GGACAAGCCCAACATCGTAG_005,197
GGACAAGCCCAACATCGTAG_006,67
GGACAAGCCCAACATCGTAG_007,66
GGACAAGCCCAACATCGTAG_008,137
GGACAAGCCCAACATCGTAG_009,178
GGACAAGCCCAACATCGTAG_010,6
AAACGTTTCCGACCCTGTCA_001,111
AAACGTTTCCGACCCTGTCA_002,102
AAACGTTTCCGACCCTGTCA_003,15
AAACGTTTCCGACCCTGTCA_004,133
AAACGTTTCCGACCCTGTCA_005,48
AAACGTTTCCGACCCTGTCA_006,159
AAACGTTTCCGACCCTGTCA_007,48
AAACGTTTCCGACCCTGTCA_008,145
AAACGTTTCCGACCCTGTCA_009,58
AAACGTTTCCGACCCTGTCA_010,70
AAACGTTTCCGACCCTGTCA_011,138
AAACGTTTCCGACCCTGTCA_012,38
AAACGTTTCCGACCCTGTCA_013,60
AGTCGTTGAAAGACAGCGAG_001,12
AGTCGTTGAAAGACAGCGAG_002,43
AGTCGTTGAAAGACAGCGAG_003,44
AGTCGTTGAAAGACAGCGAG_004,20
AGTCGTTGAAAGACAGCGAG_005,25
AGTCGTTGAAAGACAGCGAG_006,90
AGTCGTTGAAAGACAGCGAG_007,152
TGTGGCCAGAATGATCATCG_001,185
TGTGGCCAGAATGATCATCG_002,77
TGTGGCCAGAATGATCATCG_003,15
TGTGGCCAGAATGATCATCG_004,154
TGTGGCCAGAATGATCATCG_005,28
TGTGGCCAGAATGATCATCG_006,112
TGTGGCCAGAATGATCATCG_007,78
TGTGGCCAGAATGATCATCG_008,104
TGTGGCCAGAATGATCATCG_009,56
TGTGGCCAGAATGATCATCG_010,116
AGTGGGGTTGGGAGTAATCG_001,98
AGTGGGGTTGGGAGTAATCG_002,5
GATCAGGCCACGCTCGAAAG_001,78
GATCAGGCCACGCTCGAAAG_002,147
GATCAGGCCACGCTCGAAAG_003,45
GATCAGGCCACGCTCGAAAG_004,121
GATCAGGCCACGCTCGAAAG_005,141
GATCAGGCCACGCTCGAAAG_006,105
GATCAGGCCACGCTCGAAAG_007,46
GATCAGGCCACGCTCGAAAG_008,74
GATCAGGCCACGCTCGAAAG_009,8
GATCAGGCCACGCTCGAAAG_010,188
GATCAGGCCACGCTCGAAAG_011,9
GATCAGGCCACGCTCGAAAG_012,160
GATCAGGCCACGCTCGAAAG_013,63
GATCAGGCCACGCTCGAAAG_014,39
GATCAGGCCACGCTCGAAAG_015,8
TACAGGACTACACTTATAGG_001,33
TACAGGACTACACTTATAGG_002,116
AACCAGATGAAAGAGCGCCA_001,58
AACCAGATGAAAGAGCGCCA_002,82
AACCAGATGAAAGAGCGCCA_003,146
AACCAGATGAAAGAGCGCCA_004,38
AACCAGATGAAAGAGCGCCA_005,183
AACCAGATGAAAGAGCGCCA_006,152
AACCAGATGAAAGAGCGCCA_007,101
AACCAGATGAAAGAGCGCCA_008,39
AACCAGATGAAAGAGCGCCA_009,67
AACCAGATGAAAGAGCGCCA_010,177
AACCAGATGAAAGAGCGCCA_011,146
AACCAGATGAAAGAGCGCCA_012,169
AACCAGATGAAAGAGCGCCA_013,81
AACCAGATGAAAGAGCGCCA_014,146
AACCAGATGAAAGAGCGCCA_015,103
AACCAGATGAAAGAGCGCCA_016,10
AACCAGATGAAAGAGCGCCA_017,58
AACCAGATGAAAGAGCGCCA_018,90
AACCAGATGAAAGAGCGCCA_019,171
AACCAGATGAAAGAGCGCCA_020,162
AAACACCAGAATCCCATCCA_001,124
AAACACCAGAATCCCATCCA_002,165
AAACACCAGAATCCCATCCA_003,130
AAACACCAGAATCCCATCCA_004,35
AAACACCAGAATCCCATCCA_005,180
AAACACCAGAATCCCATCCA_006,93
AAACACCAGAATCCCATCCA_007,93
AGACAAAGCAAGTAATTCAG_001,26
AGACAAAGCAAGTAATTCAG_002,138
AGACAAAGCAAGTAATTCAG_003,63
AGACAAAGCAAGTAATTCAG_004,57
AGACAAAGCAAGTAATTCAG_005,137
AGACAAAGCAAGTAATTCAG_006,172
AGACAAAGCAAGTAATTCAG_007,189
AGACAAAGCAAGTAATTCAG_008,106
AGACAAAGCAAGTAATTCAG_009,175
AGACAAAGCAAGTAATTCAG_010,22
AGACAAAGCAAGTAATTCAG_011,178
AGACAAAGCAAGTAATTCAG_012,94
AGACAAAGCAAGTAATTCAG_013,7
AGACAAAGCAAGTAATTCAG_014,129
AGACAAAGCAAGTAATTCAG_015,21
AGACAAAGCAAGTAATTCAG_016,191
AGACAAAGCAAGTAATTCAG_017,134
AGACAAAGCAAGTAATTCAG_018,38
AGACAAAGCAAGTAATTCAG_019,89
AGACAAAGCAAGTAATTCAG_020,178
AAACAAGAAAGGTCCTCGAG_001,151
AAACAAGAAAGGTCCTCGAG_002,50
AAACAAGAAAGGTCCTCGAG_003,42
AAACAAGAAAGGTCCTCGAG_004,115
AAACAAGAAAGGTCCTCGAG_005,149
AAACAAGAAAGGTCCTCGAG_006,116
AAACAAGAAAGGTCCTCGAG_007,52
AAACAAGAAAGGTCCTCGAG_008,198
AACTACTTTGAGAGCACCGA_001,142
AACTACTTTGAGAGCACCGA_002,37
AACTACTTTGAGAGCACCGA_003,52
AACTACTTTGAGAGCACCGA_004,63
AACTACTTTGAGAGCACCGA_005,102
AACTACTTTGAGAGCACCGA_006,125
AACTACTTTGAGAGCACCGA_007,161
AACTACTTTGAGAGCACCGA_008,145
AACTACTTTGAGAGCACCGA_009,52
AACTACTTTGAGAGCACCGA_010,130
AGGTCACGAAGGAAAGAGCG_001,21
AGGTCACGAAGGAAAGAGCG_002,171
AGGTCACGAAGGAAAGAGCG_003,137
AGGTCACGAAGGAAAGAGCG_004,10
AGGTCACGAAGGAAAGAGCG_005,199
AGGTCACGAAGGAAAGAGCG_006,63
AGGTCACGAAGGAAAGAGCG_007,70
AGGTCACGAAGGAAAGAGCG_008,121
AGGACGAGGAGCGTTTCCAG_001,32
AGGACGAGGAGCGTTTCCAG_002,154
AGGACGAGGAGCGTTTCCAG_003,50
AGGACGAGGAGCGTTTCCAG_004,19
AGGACGAGGAGCGTTTCCAG_005,116
AGGACGAGGAGCGTTTCCAG_006,28
AGGACGAGGAGCGTTTCCAG_007,95
AGGACGAGGAGCGTTTCCAG_008,65
AGGACGAGGAGCGTTTCCAG_009,122
AGGACGAGGAGCGTTTCCAG_010,35
AGGACGAGGAGCGTTTCCAG_011,141
AGGACGAGGAGCGTTTCCAG_012,190
AGGACGAGGAGCGTTTCCAG_013,149
AGGACGAGGAGCGTTTCCAG_014,149
AGGACGAGGAGCGTTTCCAG_015,68
AGGACGAGGAGCGTTTCCAG_016,94
AGGACGAGGAGCGTTTCCAG_017,28
AGGACGAGGAGCGTTTCCAG_018,78
AGTCTAGGGCTGGTCAACTG_001,8
AGTCTAGGGCTGGTCAACTG_002,75
AGTCTAGGGCTGGTCAACTG_003,42
AGTCTAGGGCTGGTCAACTG_004,181
AGTCTAGGGCTGGTCAACTG_005,168
AGTCTAGGGCTGGTCAACTG_006,137
AGTCTAGGGCTGGTCAACTG_007,96
AGTCTAGGGCTGGTCAACTG_008,169
AGTCTAGGGCTGGTCAACTG_009,15
AGTCTAGGGCTGGTCAACTG_010,9
AGTCTAGGGCTGGTCAACTG_011,199
AGTCTAGGGCTGGTCAACTG_012,43
AGTCTAGGGCTGGTCAACTG_013,101
AGTCTAGGGCTGGTCAACTG_014,92
AGTCTAGGGCTGGTCAACTG_015,38
AGTCTAGGGCTGGTCAACTG_016,115
CAGATACAGACTGTGTGGTG_001,188
CAGATACAGACTGTGTGGTG_002,178
CAGATACAGACTGTGTGGTG_003,177
CAGATACAGACTGTGTGGTG_004,151
CAGATACAGACTGTGTGGTG_005,28
CAGATACAGACTGTGTGGTG_006,76
CAGATACAGACTGTGTGGTG_007,77
CAGATACAGACTGTGTGGTG_008,66
CAGATACAGACTGTGTGGTG_009,180
CAGATACAGACTGTGTGGTG_010,47
CAGATACAGACTGTGTGGTG_011,155
CAGATACAGACTGTGTGGTG_012,0
GGAAGTCTGACAGGTTGTCA_001,4
GGAAGTCTGACAGGTTGTCA_002,26
GGAAGTCTGACAGGTTGTCA_003,26
GGAAGTCTGACAGGTTGTCA_004,166
GGAAGTCTGACAGGTTGTCA_005,138
GTGGTAGTAGTCATAGCCTG_001,177
GTGGTAGTAGTCATAGCCTG_002,78
GTGGTAGTAGTCATAGCCTG_003,2
GTGGTAGTAGTCATAGCCTG_004,14
GTGGTAGTAGTCATAGCCTG_005,165
GTCACGCCTACTCTGTCACG_001,16
GCGCTCCGAATCCAGCCAGG_001,76
GCGCTCCGAATCCAGCCAGG_002,167
GCGCTCCGAATCCAGCCAGG_003,69
GCGCTCCGAATCCAGCCAGG_004,181
GCGCTCCGAATCCAGCCAGG_005,121
GCGCTCCGAATCCAGCCAGG_006,61
GCGCTCCGAATCCAGCCAGG_007,27
GCGCTCCGAATCCAGCCAGG_008,159
GCGCTCCGAATCCAGCCAGG_009,148
GCGCTCCGAATCCAGCCAGG_010,40
GCGCTCCGAATCCAGCCAGG_011,88
GCGCTCCGAATCCAGCCAGG_012,115
GCGCTCCGAATCCAGCCAGG_013,155
GCGCTCCGAATCCAGCCAGG_014,61
GCGCTCCGAATCCAGCCAGG_015,194
GCGCTCCGAATCCAGCCAGG_016,79
GCGCTCCGAATCCAGCCAGG_017,29
GCGCTCCGAATCCAGCCAGG_018,4
GCGCTCCGAATCCAGCCAGG_019,55
GCGCTCCGAATCCAGCCAGG_020,9
GCGCTCCGAATCCAGCCAGG_021,0
GCGCTCCGAATCCAGCCAGG_022,40
GCGCTCCGAATCCAGCCAGG_023,10
GCGCTCCGAATCCAGCCAGG_024,65
GCGCTCCGAATCCAGCCAGG_025,104
GCGCTCCGAATCCAGCCAGG_026,168
GCGCTCCGAATCCAGCCAGG_027,35
GCGCTCCGAATCCAGCCAGG_028,105
TCTTAATGCAGATGGTCAGT_001,186
TCTTAATGCAGATGGTCAGT_002,193
TCTTAATGCAGATGGTCAGT_003,111
TCTTAATGCAGATGGTCAGT_004,188
TCTTAATGCAGATGGTCAGT_005,122
TGCTCTTTGTACTAAGAACC_001,177
TGCTCTTTGTACTAAGAACC_002,169
GATTTGGTTCACCGAATAAG_001,34
GATTTGGTTCACCGAATAAG_002,115
GATTTGGTTCACCGAATAAG_003,19
CAGTAAGGTCAGAGGGCACT_001,80
CAGTAAGGTCAGAGGGCACT_002,9
CAGTAAGGTCAGAGGGCACT_003,75
CAGTAAGGTCAGAGGGCACT_004,157
CAGTAAGGTCAGAGGGCACT_005,19
CAGTAAGGTCAGAGGGCACT_006,188
CAGTAAGGTCAGAGGGCACT_007,14
CAGTAAGGTCAGAGGGCACT_008,160
CAGTAAGGTCAGAGGGCACT_009,190
CAGTAAGGTCAGAGGGCACT_010,197
CAGTAAGGTCAGAGGGCACT_011,188
CAGTAAGGTCAGAGGGCACT_012,5
CAGTAAGGTCAGAGGGCACT_013,121
CAGTAAGGTCAGAGGGCACT_014,20
GTGGATAAGTGGGCTACCAA_001,5
GTGGATAAGTGGGCTACCAA_002,32
GTGGATAAGTGGGCTACCAA_003,42
GTGGATAAGTGGGCTACCAA_004,147
GTGGATAAGTGGGCTACCAA_005,115
GTGGATAAGTGGGCTACCAA_006,192
GGAGGGTATAGGACCCCCGC_001,88
GGAGGGTATAGGACCCCCGC_002,61
GGAGGGTATAGGACCCCCGC_003,153
GGAGGGTATAGGACCCCCGC_004,142
GGAGGGTATAGGACCCCCGC_005,191
GGAGGGTATAGGACCCCCGC_006,56
GGAGGGTATAGGACCCCCGC_007,9
GGAGGGTATAGGACCCCCGC_008,144
GGAGGGTATAGGACCCCCGC_009,107
GGAGGGTATAGGACCCCCGC_010,2
GGAGGGTATAGGACCCCCGC_011,168
GGAGGGTATAGGACCCCCGC_012,168
GGAGGGTATAGGACCCCCGC_013,113
GGAGGGTATAGGACCCCCGC_014,188
TAGACGAATCCTTAGTACTG_001,154
TAGACGAATCCTTAGTACTG_002,101
TAGACGAATCCTTAGTACTG_003,118
TAGACGAATCCTTAGTACTG_004,69
TAGACGAATCCTTAGTACTG_005,136
TAGACGAATCCTTAGTACTG_006,79
TGCAGGAAGCACCAGGACAT_001,95
TGCAGGAAGCACCAGGACAT_002,14
TGCAGGAAGCACCAGGACAT_003,82
TGCAGGAAGCACCAGGACAT_004,145
TGCAGGAAGCACCAGGACAT_005,188
TGCAGGAAGCACCAGGACAT_006,115
TGCAGGAAGCACCAGGACAT_007,13
TGCAGGAAGCACCAGGACAT_008,192
TGCAGGAAGCACCAGGACAT_009,131
TGCAGGAAGCACCAGGACAT_010,122
TGCAGGAAGCACCAGGACAT_011,1
TGCAGGAAGCACCAGGACAT_012,60
TGCAGGAAGCACCAGGACAT_013,13
TGCAGGAAGCACCAGGACAT_014,140
TGCAGGAAGCACCAGGACAT_015,141
TGCAGGAAGCACCAGGACAT_016,149
TGCAGGAAGCACCAGGACAT_017,12
TGCAGGAAGCACCAGGACAT_018,35
TGCAGGAAGCACCAGGACAT_019,2
TGCAGGAAGCACCAGGACAT_020,11
TGCAGGAAGCACCAGGACAT_021,197
TGCAGGAAGCACCAGGACAT_022,102
TGCAGGAAGCACCAGGACAT_023,176
TGCAGGAAGCACCAGGACAT_024,198
TGCAGGAAGCACCAGGACAT_025,39
TGCAGGAAGCACCAGGACAT_026,199
TGCAGGAAGCACCAGGACAT_027,105
TGCAGGAAGCACCAGGACAT_028,188
TGCAGGAAGCACCAGGACAT_029,27
TGCAGGAAGCACCAGGACAT_030,41
TGCAGGAAGCACCAGGACAT_031,190
TGCAGGAAGCACCAGGACAT_032,177
TGCAGGAAGCACCAGGACAT_033,198
GCCAAGCATGAACGCGTCCA_001,41
GCCAAGCATGAACGCGTCCA_002,61
GCCAAGCATGAACGCGTCCA_003,53
GCCAAGCATGAACGCGTCCA_004,198
GCCAAGCATGAACGCGTCCA_005,144
GCCAAGCATGAACGCGTCCA_006,115
GCCAAGCATGAACGCGTCCA_007,121
GCCAAGCATGAACGCGTCCA_008,197
GCCAAGCATGAACGCGTCCA_009,171
GCCAAGCATGAACGCGTCCA_010,106
GCCAAGCATGAACGCGTCCA_011,177
GCCAAGCATGAACGCGTCCA_012,147
GCCAAGCATGAACGCGTCCA_013,44
GCCAAGCATGAACGCGTCCA_014,145
GCCAAGCATGAACGCGTCCA_015,115
GCCAAGCATGAACGCGTCCA_016,56
GCCAAGCATGAACGCGTCCA_017,119
GCCAAGCATGAACGCGTCCA_018,87
GCCAAGCATGAACGCGTCCA_019,175
GCCAAGCATGAACGCGTCCA_020,116
GTGGTCCACTCCCAATACTG_001,116
GTGGTCCACTCCCAATACTG_002,172
GTGGTCCACTCCCAATACTG_003,9
GTGGTCCACTCCCAATACTG_004,1
GTGGTCCACTCCCAATACTG_005,185
GTGGTCCACTCCCAATACTG_006,191
GTGGTCCACTCCCAATACTG_007,46
GCAAGATGAATTGCACCGGA_001,15
GCAAGATGAATTGCACCGGA_002,162
GCAAGATGAATTGCACCGGA_003,147
GCAAGATGAATTGCACCGGA_004,105
GCAAGATGAATTGCACCGGA_005,103
GCAAGATGAATTGCACCGGA_006,197
GCAAGATGAATTGCACCGGA_007,79
GCACAACCACAACTGGCACG_001,83
GCACAACCACAACTGGCACG_002,40
GCACAACCACAACTGGCACG_003,3
GCACAACCACAACTGGCACG_004,178
GCACAACCACAACTGGCACG_005,127
GCACAACCACAACTGGCACG_006,174
GCACAACCACAACTGGCACG_007,185
GCACAACCACAACTGGCACG_008,155
GCACAACCACAACTGGCACG_009,106
GCACAACCACAACTGGCACG_010,62
GCACAACCACAACTGGCACG_011,57
GCACAACCACAACTGGCACG_012,86
ACTCCAGATACGACACCATG_001,105
ACTCCAGATACGACACCATG_002,17
ACTCCAGATACGACACCATG_003,77
ACTCCAGATACGACACCATG_004,69
ACTCCAGATACGACACCATG_005,102
ACTCCAGATACGACACCATG_006,101
ACTCCAGATACGACACCATG_007,169
CTTCGACGGCGACTTCGCCA_001,120
CTTCGACGGCGACTTCGCCA_002,12
CTTCGACGGCGACTTCGCCA_003,1
CTTCGACGGCGACTTCGCCA_004,86
CTTCGACGGCGACTTCGCCA_005,162
CTTCGACGGCGACTTCGCCA_006,176
CTTCGACGGCGACTTCGCCA_007,178
CTTCGACGGCGACTTCGCCA_008,130
CACACAGGTATGGTGTGAAG_001,29
CACACAGGTATGGTGTGAAG_002,172
CACACAGGTATGGTGTGAAG_003,69
CACACAGGTATGGTGTGAAG_004,16
AGAGAGTCGCCTGCAACAAG_001,87
AGAGAGTCGCCTGCAACAAG_002,8
AGAGAGTCGCCTGCAACAAG_003,58
AGAGAGTCGCCTGCAACAAG_004,88
AGAGAGTCGCCTGCAACAAG_005,55
AGAGAGTCGCCTGCAACAAG_006,94
AGAGAGTCGCCTGCAACAAG_007,15
AGAGAGTCGCCTGCAACAAG_008,40
AGTTCGAAGAAGGAGCGGCG_001,77
AGTTCGAAGAAGGAGCGGCG_002,60
AGTTCGAAGAAGGAGCGGCG_003,64
AGTTCGAAGAAGGAGCGGCG_004,87
AGTTCGAAGAAGGAGCGGCG_005,188
AGTTCGAAGAAGGAGCGGCG_006,105
AGTTCGAAGAAGGAGCGGCG_007,71
AGTTCGAAGAAGGAGCGGCG_008,142
AGTTCGAAGAAGGAGCGGCG_009,65
AGTTCGAAGAAGGAGCGGCG_010,63
AGTTCGAAGAAGGAGCGGCG_011,169
AGTTCGAAGAAGGAGCGGCG_012,125
AGTTCGAAGAAGGAGCGGCG_013,150
AGTTCGAAGAAGGAGCGGCG_014,1
CAGATGTGCGCATTGACACC_001,162
CAGATGTGCGCATTGACACC_002,127
TCTGTGTGAAGCAGCACAAG_001,61
TCTGTGTGAAGCAGCACAAG_002,189
TCTGTGTGAAGCAGCACAAG_003,132
TCTGTGTGAAGCAGCACAAG_004,48
TCTGTGTGAAGCAGCACAAG_005,2
TCTGTGTGAAGCAGCACAAG_006,15
TCTGTGTGAAGCAGCACAAG_007,12
TCTGTGTGAAGCAGCACAAG_008,44
TCTGTGTGAAGCAGCACAAG_009,91
TCTGTGTGAAGCAGCACAAG_010,129
TCTGTGTGAAGCAGCACAAG_011,158
TCTGTGTGAAGCAGCACAAG_012,177
TCTGTGTGAAGCAGCACAAG_013,115
TCTGTGTGAAGCAGCACAAG_014,42
TCTGTGTGAAGCAGCACAAG_015,174
CCAACTCGAGCACAACCCTA_001,52
CCAACTCGAGCACAACCCTA_002,35
CCAACTCGAGCACAACCCTA_003,27
CCAACTCGAGCACAACCCTA_004,105
CCAACTCGAGCACAACCCTA_005,64
CCAACTCGAGCACAACCCTA_006,118
CCAACTCGAGCACAACCCTA_007,144
CCAACTCGAGCACAACCCTA_008,34
CCAACTCGAGCACAACCCTA_009,154
CCAACTCGAGCACAACCCTA_010,103
CCAACTCGAGCACAACCCTA_011,137
CCAACTCGAGCACAACCCTA_012,15
CCAACTCGAGCACAACCCTA_013,127
CCAACTCGAGCACAACCCTA_014,76
CCAACTCGAGCACAACCCTA_015,2
CCAACTCGAGCACAACCCTA_016,115
CCAACTCGAGCACAACCCTA_017,19
CCAACTCGAGCACAACCCTA_018,48
CCAACTCGAGCACAACCCTA_019,78
CCAACTCGAGCACAACCCTA_020,188
CCAACTCGAGCACAACCCTA_021,69
AGTAAACGTCAGTTCAGTAG_001,86
AGTAAACGTCAGTTCAGTAG_002,149
AGTAAACGTCAGTTCAGTAG_003,12
AGTAAACGTCAGTTCAGTAG_004,150
AGTAAACGTCAGTTCAGTAG_005,127
TGCCTGCCGTATTAAAACAA_001,188
TGCCTGCCGTATTAAAACAA_002,168
TGCCTGCCGTATTAAAACAA_003,116
TGCCTGCCGTATTAAAACAA_004,169
TGCCTGCCGTATTAAAACAA_005,168
TTGGTGAATCAAGGTCACTG_001,118
TTGGTGAATCAAGGTCACTG_002,56
TTGGTGAATCAAGGTCACTG_003,52
TTGGTGAATCAAGGTCACTG_004,195
TTGGTGAATCAAGGTCACTG_005,154
TTGGTGAATCAAGGTCACTG_006,17
TTGGTGAATCAAGGTCACTG_007,16
TTGGTGAATCAAGGTCACTG_008,75
TTGGTGAATCAAGGTCACTG_009,165
GACACCTCCATAGGGTACAA_001,82
GACACCTCCATAGGGTACAA_002,49
GACACCTCCATAGGGTACAA_003,118
GACACCTCCATAGGGTACAA_004,177
GACACCTCCATAGGGTACAA_005,117
CTGCAATGATAATATTCTGA_001,178
CGTCATTGAAGAACAGTCAG_001,172
CGTCATTGAAGAACAGTCAG_002,102
CGTCATTGAAGAACAGTCAG_003,102
CGTCATTGAAGAACAGTCAG_004,15
CGTCATTGAAGAACAGTCAG_005,83
CGTCATTGAAGAACAGTCAG_006,38
CGTCATTGAAGAACAGTCAG_007,29
CGTCATTGAAGAACAGTCAG_008,162
CGTCATTGAAGAACAGTCAG_009,52
CGTCATTGAAGAACAGTCAG_010,34
CGTCATTGAAGAACAGTCAG_011,102
CGTCATTGAAGAACAGTCAG_012,168
CGTCATTGAAGAACAGTCAG_013,63
CGTCATTGAAGAACAGTCAG_014,41
GGAAGACAGAAATACGCTGT_001,170
GGAAGACAGAAATACGCTGT_002,185
GGAAGACAGAAATACGCTGT_003,82
GGAAGACAGAAATACGCTGT_004,59
GGAAGACAGAAATACGCTGT_005,28
GGAAGACAGAAATACGCTGT_006,169
TGTCTGAGAAAAGCTGCGAT_001,62
GAGCTCCGTGAGCAAGACCG_001,149
GAGCTCCGTGAGCAAGACCG_002,121
GAGCTCCGTGAGCAAGACCG_003,15
GAGCTCCGTGAGCAAGACCG_004,75
GAGCTCCGTGAGCAAGACCG_005,185
GAGCTCCGTGAGCAAGACCG_006,16
GAGCTCCGTGAGCAAGACCG_007,113
GAGCTCCGTGAGCAAGACCG_008,139
GAGCTCCGTGAGCAAGACCG_009,21
GAGCTCCGTGAGCAAGACCG_010,87
GAGCTCCGTGAGCAAGACCG_011,131
GAGCTCCGTGAGCAAGACCG_012,47
GAGCTCCGTGAGCAAGACCG_013,191
GAAGATCACCCGGACCAAGG_001,28
GAAGATCACCCGGACCAAGG_002,97
GAAGATCACCCGGACCAAGG_003,190
GAAGATCACCCGGACCAAGG_004,77
GAAGATCACCCGGACCAAGG_005,8
GAAGATCACCCGGACCAAGG_006,84
GAAGATCACCCGGACCAAGG_007,147
GAAGATCACCCGGACCAAGG_008,159
GAAGATCACCCGGACCAAGG_009,82
GAAGATCACCCGGACCAAGG_010,27
GAAGATCACCCGGACCAAGG_011,17
GAAGATCACCCGGACCAAGG_012,107
GAAGATCACCCGGACCAAGG_013,49
GAAGATCACCCGGACCAAGG_014,197
GAAGATCACCCGGACCAAGG_015,121
GAAGATCACCCGGACCAAGG_016,23
GAAGATCACCCGGACCAAGG_017,102
GAAGATCACCCGGACCAAGG_018,19
GAAGATCACCCGGACCAAGG_019,29
GAAGATCACCCGGACCAAGG_020,6
GAAGATCACCCGGACCAAGG_021,150
GAAGATCACCCGGACCAAGG_022,138
GAAGATCACCCGGACCAAGG_023,187
GAAGATCACCCGGACCAAGG_024,141
GAAGATCACCCGGACCAAGG_025,70
GAAGATCACCCGGACCAAGG_026,168
GAAGATCACCCGGACCAAGG_027,20
GAAGATCACCCGGACCAAGG_028,162
GAAGATCACCCGGACCAAGG_029,63
GAAGATCACCCGGACCAAGG_030,70
GAAGATCACCCGGACCAAGG_031,170
GAAGATCACCCGGACCAAGG_032,133
GAAGATCACCCGGACCAAGG_033,113
CAGATGATTTCGGAGGCGTA_001,63
CAGATGATTTCGGAGGCGTA_002,188
CAGATGATTTCGGAGGCGTA_003,182
CAGATGATTTCGGAGGCGTA_004,20
CAGATGATTTCGGAGGCGTA_005,15
CAGATGATTTCGGAGGCGTA_006,22
CAGATGATTTCGGAGGCGTA_007,10
CCAGGTGTACTTGAGCTGTG_001,188
CCAGGTGTACTTGAGCTGTG_002,172
CCAGGTGTACTTGAGCTGTG_003,176
TTCGCACGATTGCACCTTGG_001,106
TTCGCACGATTGCACCTTGG_002,103
TTCGCACGATTGCACCTTGG_003,91
TTCGCACGATTGCACCTTGG_004,16
TTCGCACGATTGCACCTTGG_005,43
TTCGCACGATTGCACCTTGG_006,147
TTCGCACGATTGCACCTTGG_007,175
TTCGCACGATTGCACCTTGG_008,70
AGCAATCAGCAAACATTGGG_001,17
ACTATTCTGTCGAATACCAG_001,174
ACTATTCTGTCGAATACCAG_002,84
ACTATTCTGTCGAATACCAG_003,15
ACTATTCTGTCGAATACCAG_004,158
ACTATTCTGTCGAATACCAG_005,105
ACTATTCTGTCGAATACCAG_006,101
ACTATTCTGTCGAATACCAG_007,154
ACTATTCTGTCGAATACCAG_008,60
AGGTTGGCGAAAGCCCAGCT_001,150
AGGTTGGCGAAAGCCCAGCT_002,106
AGGTTGGCGAAAGCCCAGCT_003,116
AGGTTGGCGAAAGCCCAGCT_004,81
AGGTTGGCGAAAGCCCAGCT_005,6
AGGTTGGCGAAAGCCCAGCT_006,97
AGGTTGGCGAAAGCCCAGCT_007,88
AGGTTGGCGAAAGCCCAGCT_008,198
AGGTTGGCGAAAGCCCAGCT_009,75
AGGTTGGCGAAAGCCCAGCT_010,163
AGGTTGGCGAAAGCCCAGCT_011,198
AGGTTGGCGAAAGCCCAGCT_012,198
AGGTTGGCGAAAGCCCAGCT_013,182
AGGTTGGCGAAAGCCCAGCT_014,105
AGGTTGGCGAAAGCCCAGCT_015,65
AGGTTGGCGAAAGCCCAGCT_016,55
AGGTTGGCGAAAGCCCAGCT_017,182
AGGTTGGCGAAAGCCCAGCT_018,130
AGGTTGGCGAAAGCCCAGCT_019,68
AGGTTGGCGAAAGCCCAGCT_020,188
AGGTTGGCGAAAGCCCAGCT_021,56
GGCACAGCTTCGGTCCAAAG_001,189
GGCACAGCTTCGGTCCAAAG_002,115
GGCACAGCTTCGGTCCAAAG_003,154
GGCACAGCTTCGGTCCAAAG_004,154
GGCACAGCTTCGGTCCAAAG_005,53
GGCACAGCTTCGGTCCAAAG_006,183
GGCACAGCTTCGGTCCAAAG_007,116
CTCATCACGAGGAGTCGGTG_001,112
CTCATCACGAGGAGTCGGTG_002,53
CTCATCACGAGGAGTCGGTG_003,60
CTCATCACGAGGAGTCGGTG_004,115
CTCATCACGAGGAGTCGGTG_005,150
CTCATCACGAGGAGTCGGTG_006,7
CTCATCACGAGGAGTCGGTG_007,130
CTCATCACGAGGAGTCGGTG_008,48
CTCATCACGAGGAGTCGGTG_009,1
CTCATCACGAGGAGTCGGTG_010,49
CTCATCACGAGGAGTCGGTG_011,184
CTCATCACGAGGAGTCGGTG_012,193
CTCATCACGAGGAGTCGGTG_013,36
CTCATCACGAGGAGTCGGTG_014,178
CTCATCACGAGGAGTCGGTG_015,198
CTCATCACGAGGAGTCGGTG_016,50
CTCATCACGAGGAGTCGGTG_017,149
CTCATCACGAGGAGTCGGTG_018,30
CTCATCACGAGGAGTCGGTG_019,148
CTCATCACGAGGAGTCGGTG_020,15
CTCATCACGAGGAGTCGGTG_021,168
GCCCGTCGTAGACCATCCAC_001,112
GCCCGTCGTAGACCATCCAC_002,119
GCCCGTCGTAGACCATCCAC_003,156
GCCCGTCGTAGACCATCCAC_004,103
GCCCGTCGTAGACCATCCAC_005,103
GCCCGTCGTAGACCATCCAC_006,21
GCCCGTCGTAGACCATCCAC_007,162
GCCCGTCGTAGACCATCCAC_008,13
GCCCGTCGTAGACCATCCAC_009,86
GCCCGTCGTAGACCATCCAC_010,173
CCCCGCAGTGTATCACTGGG_001,98
CCCCGCAGTGTATCACTGGG_002,114
CCCCGCAGTGTATCACTGGG_003,148
TCACCAGCCATCTTGCCTAG_001,142
TCACCAGCCATCTTGCCTAG_002,37
TCACCAGCCATCTTGCCTAG_003,39
TCACCAGCCATCTTGCCTAG_004,131
TGCTGAGTAAACTGTCCGTG_001,64
TGCTGAGTAAACTGTCCGTG_002,88
TGCTGAGTAAACTGTCCGTG_003,148
TGCTGAGTAAACTGTCCGTG_004,29
TGCTGAGTAAACTGTCCGTG_005,183
TGCTGAGTAAACTGTCCGTG_006,162
TGCTGAGTAAACTGTCCGTG_007,194
TGCTGAGTAAACTGTCCGTG_008,23
TGCTGAGTAAACTGTCCGTG_009,134
TGCTGAGTAAACTGTCCGTG_010,103
TGCTGAGTAAACTGTCCGTG_011,188
TGCTGAGTAAACTGTCCGTG_012,193
TGCTGAGTAAACTGTCCGTG_013,60
TGCTGAGTAAACTGTCCGTG_014,68
TGCTGAGTAAACTGTCCGTG_015,29
TGCTGAGTAAACTGTCCGTG_016,115
TGCTGAGTAAACTGTCCGTG_017,29
TGCTGAGTAAACTGTCCGTG_018,48
TGCTGAGTAAACTGTCCGTG_019,177
TGCTGAGTAAACTGTCCGTG_020,40
GCAGAGGGCACATACACTAG_001,62
GCAGAGGGCACATACACTAG_002,198
GCAGAGGGCACATACACTAG_003,94
GCAGAGGGCACATACACTAG_004,199
GCAGAGGGCACATACACTAG_005,160
GCAGAGGGCACATACACTAG_006,80
GCAGAGGGCACATACACTAG_007,121
GCAGAGGGCACATACACTAG_008,80
GCAGAGGGCACATACACTAG_009,77
GCAGAGGGCACATACACTAG_010,184
CAGCCTATTTTGCTACCTAC_001,130
CAGCCTATTTTGCTACCTAC_002,95
CTGATTCTACAGCCCCCAGG_001,145
CTGATTCTACAGCCCCCAGG_002,94
CTGATTCTACAGCCCCCAGG_003,76
CTGATTCTACAGCCCCCAGG_004,30
CTGATTCTACAGCCCCCAGG_005,137
CTGATTCTACAGCCCCCAGG_006,29
CTGATTCTACAGCCCCCAGG_007,160
CTGATTCTACAGCCCCCAGG_008,60
CTGATTCTACAGCCCCCAGG_009,158
AGGGCGCTAGCGGGATCGCG_001,129
AGGGCGCTAGCGGGATCGCG_002,188
AGGGCGCTAGCGGGATCGCG_003,77
AGGGCGCTAGCGGGATCGCG_004,9
AGGGCGCTAGCGGGATCGCG_005,115
AGGGCGCTAGCGGGATCGCG_006,94
AGGGCGCTAGCGGGATCGCG_007,96
AGGGCGCTAGCGGGATCGCG_008,175
AGGGCGCTAGCGGGATCGCG_009,199
AGGGCGCTAGCGGGATCGCG_010,160
AGGGCGCTAGCGGGATCGCG_011,197
AGGGCGCTAGCGGGATCGCG_012,198
AGGGCGCTAGCGGGATCGCG_013,105
AGGGCGCTAGCGGGATCGCG_014,24
AGGGCGCTAGCGGGATCGCG_015,69
AGGGCGCTAGCGGGATCGCG_016,75
AGGGCGCTAGCGGGATCGCG_017,40
AGGGCGCTAGCGGGATCGCG_018,178
AGGGCGCTAGCGGGATCGCG_019,161
AGGGCGCTAGCGGGATCGCG_020,15
AGGGCGCTAGCGGGATCGCG_021,149
AGGGCGCTAGCGGGATCGCG_022,68
AGGGCGCTAGCGGGATCGCG_023,76
AGGGCGCTAGCGGGATCGCG_024,103
AGGGCGCTAGCGGGATCGCG_025,104
AGGGCGCTAGCGGGATCGCG_026,183
AGGGCGCTAGCGGGATCGCG_027,129
CCACAAAAGCACCCATTCTG_001,65
CCACAAAAGCACCCATTCTG_002,115
CCACAAAAGCACCCATTCTG_003,32
CCACAAAAGCACCCATTCTG_004,49
CCACAAAAGCACCCATTCTG_005,69
CCACAAAAGCACCCATTCTG_006,23
CCACAAAAGCACCCATTCTG_007,162
CCACAAAAGCACCCATTCTG_008,36
CCACAAAAGCACCCATTCTG_009,118
CCACAAAAGCACCCATTCTG_010,191
CCACAAAAGCACCCATTCTG_011,88
TGGTGTGAGAACCTCACGAG_001,9
TGGTGTGAGAACCTCACGAG_002,187
TGGTGTGAGAACCTCACGAG_003,9
TGGTGTGAGAACCTCACGAG_004,146
TGGTGTGAGAACCTCACGAG_005,184
TGGTGTGAGAACCTCACGAG_006,49
TGGTGTGAGAACCTCACGAG_007,178
TGGTGTGAGAACCTCACGAG_008,80
CGGCCCTCAGGTGTCCGGCG_001,98
CGGCCCTCAGGTGTCCGGCG_002,198
CGGCCCTCAGGTGTCCGGCG_003,48
CGGCCCTCAGGTGTCCGGCG_004,23
CGGCCCTCAGGTGTCCGGCG_005,6
CGGCCCTCAGGTGTCCGGCG_006,48
CGGCCCTCAGGTGTCCGGCG_007,46
CGGCCCTCAGGTGTCCGGCG_008,137
CGGCCCTCAGGTGTCCGGCG_009,59
CGGCCCTCAGGTGTCCGGCG_010,81
CGGCCCTCAGGTGTCCGGCG_011,104
CGGCCCTCAGGTGTCCGGCG_012,140
CGGCCCTCAGGTGTCCGGCG_013,57
CGGCCCTCAGGTGTCCGGCG_014,160
CGGCCCTCAGGTGTCCGGCG_015,88
CGGCCCTCAGGTGTCCGGCG_016,169
CGGCCCTCAGGTGTCCGGCG_017,49
CGGCCCTCAGGTGTCCGGCG_018,102
CGGCCCTCAGGTGTCCGGCG_019,112
CGGCCCTCAGGTGTCCGGCG_020,100
CGGCCCTCAGGTGTCCGGCG_021,167
CGGCCCTCAGGTGTCCGGCG_022,144
CGGCCCTCAGGTGTCCGGCG_023,50
TTAACCGGGCCTTTCGAGAG_001,135
TTAACCGGGCCTTTCGAGAG_002,188
TTAACCGGGCCTTTCGAGAG_003,184
TTAACCGGGCCTTTCGAGAG_004,71
TTAACCGGGCCTTTCGAGAG_005,90
TTAACCGGGCCTTTCGAGAG_006,153
TTAACCGGGCCTTTCGAGAG_007,144
TTAACCGGGCCTTTCGAGAG_008,7
TTAACCGGGCCTTTCGAGAG_009,69
CGGGGTGAAGATCCCCCACG_001,61
CGGGGTGAAGATCCCCCACG_002,122
GACCCCGACCAGCGACACGA_001,7
GACCCCGACCAGCGACACGA_002,57
GACCCCGACCAGCGACACGA_003,146
GACCCCGACCAGCGACACGA_004,178
GACCCCGACCAGCGACACGA_005,184
GACCCCGACCAGCGACACGA_006,160
GACCCCGACCAGCGACACGA_007,50
GACCCCGACCAGCGACACGA_008,50
GACCCCGACCAGCGACACGA_009,62
GACCCCGACCAGCGACACGA_010,67
GACCCCGACCAGCGACACGA_011,178
GACCCCGACCAGCGACACGA_012,108
GACCCCGACCAGCGACACGA_013,182
GACCCCGACCAGCGACACGA_014,47
GACCCCGACCAGCGACACGA_015,140
GACCCCGACCAGCGACACGA_016,127
GACCCCGACCAGCGACACGA_017,57
GACCCCGACCAGCGACACGA_018,83
GACCCCGACCAGCGACACGA_019,119
GACCCCGACCAGCGACACGA_020,119
GACCCCGACCAGCGACACGA_021,2
GACCCCGACCAGCGACACGA_022,150
GACCCCGACCAGCGACACGA_023,40
GACCCCGACCAGCGACACGA_024,110
GACCCCGACCAGCGACACGA_025,77
GACCCCGACCAGCGACACGA_026,78
GACCCCGACCAGCGACACGA_027,132
GACCCCGACCAGCGACACGA_028,5
GACCCCGACCAGCGACACGA_029,121
GACCCCGACCAGCGACACGA_030,45
GACCCCGACCAGCGACACGA_031,145
GACCCCGACCAGCGACACGA_032,107
GACCCCGACCAGCGACACGA_033,105
GACCCCGACCAGCGACACGA_034,64
GACCCCGACCAGCGACACGA_035,21
GACCCCGACCAGCGACACGA_036,175
GACCCCGACCAGCGACACGA_037,74
GACCCCGACCAGCGACACGA_038,82
GACCCCGACCAGCGACACGA_039,160
GACCCCGACCAGCGACACGA_040,119
GACCCCGACCAGCGACACGA_041,23
GACCCCGACCAGCGACACGA_042,191
GACCCCGACCAGCGACACGA_043,27
GACCCCGACCAGCGACACGA_044,13
GACCCCGACCAGCGACACGA_045,161
GACCCCGACCAGCGACACGA_046,52
GACCCCGACCAGCGACACGA_047,58
GACCCCGACCAGCGACACGA_048,191
GACCCCGACCAGCGACACGA_049,47
GACCCCGACCAGCGACACGA_050,174
AAGAAAAGCCAAAATCAGGT_001,7
AAGAAAAGCCAAAATCAGGT_002,144
AAGAAAAGCCAAAATCAGGT_003,103
AAGAAAAGCCAAAATCAGGT_004,137
AAGAAAAGCCAAAATCAGGT_005,37
AAGAAAAGCCAAAATCAGGT_006,152
AAGAAAAGCCAAAATCAGGT_007,39
AAGAAAAGCCAAAATCAGGT_008,136
AGCGAGACATAAGTAGCACG_001,19
AGCGAGACATAAGTAGCACG_002,149
AGCGAGACATAAGTAGCACG_003,154
AGCGAGACATAAGTAGCACG_004,39
AGCGAGACATAAGTAGCACG_005,39
AGCGAGACATAAGTAGCACG_006,42
GGCCCTTGTGCAATCCCCCG_001,109
GGCCCTTGTGCAATCCCCCG_002,109
GGCCCTTGTGCAATCCCCCG_003,197
GGCCCTTGTGCAATCCCCCG_004,179
GGCCCTTGTGCAATCCCCCG_005,140
GGCCCTTGTGCAATCCCCCG_006,140
GGCCCTTGTGCAATCCCCCG_007,2
GGCCCTTGTGCAATCCCCCG_008,27
GGCCCTTGTGCAATCCCCCG_009,41
GGCCCTTGTGCAATCCCCCG_010,30
GGCCCTTGTGCAATCCCCCG_011,30
GTGACCAACCTACCTACCCA_001,118
GTGACCAACCTACCTACCCA_002,114
GTGACCAACCTACCTACCCA_003,69
GTGACCAACCTACCTACCCA_004,184
GTGACCAACCTACCTACCCA_005,73
GTGACCAACCTACCTACCCA_006,157
GTGACCAACCTACCTACCCA_007,150
GTGACCAACCTACCTACCCA_008,140
GTGACCAACCTACCTACCCA_009,57
GTGACCAACCTACCTACCCA_010,117
GTGACCAACCTACCTACCCA_011,67
GTGACCAACCTACCTACCCA_012,198
GTGACCAACCTACCTACCCA_013,17
GTGACCAACCTACCTACCCA_014,35
ACAGATCAGTTCATTAACAG_001,19
ACAGATCAGTTCATTAACAG_002,13
ACAGATCAGTTCATTAACAG_003,91
ACAGATCAGTTCATTAACAG_004,48
ACAGATCAGTTCATTAACAG_005,198
ACAGATCAGTTCATTAACAG_006,40
ACAGATCAGTTCATTAACAG_007,54
CCTTCCCAGTGGACACACAA_001,164
CCTTCCCAGTGGACACACAA_002,84
CCTTCCCAGTGGACACACAA_003,88
CCTTCCCAGTGGACACACAA_004,94
CCTTCCCAGTGGACACACAA_005,80
CCTTCCCAGTGGACACACAA_006,146
CCTTCCCAGTGGACACACAA_007,88
CCTTCCCAGTGGACACACAA_008,177
CCTTCCCAGTGGACACACAA_009,67
CCTTCCCAGTGGACACACAA_010,197
CCTTCCCAGTGGACACACAA_011,98
CCTTCCCAGTGGACACACAA_012,82
CCTCATAATACCACTCCCGC_001,127
CCTCATAATACCACTCCCGC_002,183
CCTCATAATACCACTCCCGC_003,104
CCTCATAATACCACTCCCGC_004,61
CCTCATAATACCACTCCCGC_005,166
CCTCATAATACCACTCCCGC_006,68
CCTCATAATACCACTCCCGC_007,15
GCAGCTGGGGCAGCAGCAGG_001,44
GCAGCTGGGGCAGCAGCAGG_002,101
GCAGCTGGGGCAGCAGCAGG_003,169
GCAGCTGGGGCAGCAGCAGG_004,148
GCAGCTGGGGCAGCAGCAGG_005,34
GCAGCTGGGGCAGCAGCAGG_006,34
GCAGCTGGGGCAGCAGCAGG_007,142
GCAGCTGGGGCAGCAGCAGG_008,137
GCAGCTGGGGCAGCAGCAGG_009,22
GCCTACCGAGTGATTCCGGC_001,130
GCCTACCGAGTGATTCCGGC_002,47
GCCTACCGAGTGATTCCGGC_003,154
GCCTACCGAGTGATTCCGGC_004,19
GCCTACCGAGTGATTCCGGC_005,22
GCCTACCGAGTGATTCCGGC_006,174
GCCTACCGAGTGATTCCGGC_007,120
GCCTACCGAGTGATTCCGGC_008,158
GCCTACCGAGTGATTCCGGC_009,70
GCCTACCGAGTGATTCCGGC_010,131
GCCTACCGAGTGATTCCGGC_011,121
GCCTACCGAGTGATTCCGGC_012,106
GCCTACCGAGTGATTCCGGC_013,24
GCCTACCGAGTGATTCCGGC_014,53
GCCTACCGAGTGATTCCGGC_015,124
GCCTACCGAGTGATTCCGGC_016,171
GCCTACCGAGTGATTCCGGC_017,103
GCCTACCGAGTGATTCCGGC_018,130
GCCTACCGAGTGATTCCGGC_019,168
GCCTACCGAGTGATTCCGGC_020,33
GCTGAGTTGAGAGAAGTGGG_001,181
GCTGAGTTGAGAGAAGTGGG_002,182
TGGAAAGGCCGTCACTACTG_001,145
TGGAAAGGCCGTCACTACTG_002,174
TGGAAAGGCCGTCACTACTG_003,69
TGGAAAGGCCGTCACTACTG_004,185
TGGAAAGGCCGTCACTACTG_005,12
TGGAAAGGCCGTCACTACTG_006,55
TGGAAAGGCCGTCACTACTG_007,69
TGGAAAGGCCGTCACTACTG_008,63
TGGAAAGGCCGTCACTACTG_009,187
TGGAAAGGCCGTCACTACTG_010,175
TGGAAAGGCCGTCACTACTG_011,103
TGGAAAGGCCGTCACTACTG_012,96
TGGAAAGGCCGTCACTACTG_013,74
TGGAAAGGCCGTCACTACTG_014,48
TGGAAAGGCCGTCACTACTG_015,199
TGGAAAGGCCGTCACTACTG_016,69
TGGAAAGGCCGTCACTACTG_017,81
TGGAAAGGCCGTCACTACTG_018,9
TGGAAAGGCCGTCACTACTG_019,107
TGGAAAGGCCGTCACTACTG_020,116
TGGAAAGGCCGTCACTACTG_021,40
CAGATGGTTCGCGAACTCCA_001,4
CAGATGGTTCGCGAACTCCA_002,105
CAGATGGTTCGCGAACTCCA_003,25
CAGATGGTTCGCGAACTCCA_004,130
CAGATGGTTCGCGAACTCCA_005,46
CAGATGGTTCGCGAACTCCA_006,120
CAGATGGTTCGCGAACTCCA_007,43
GGACGTGTACTTCCCACGAC_001,130
CTGCTGCTAGATCCCGTAAC_001,117
CTGCTGCTAGATCCCGTAAC_002,122
GCGCCTGTCCACATTGATGT_001,34
GCGCCTGTCCACATTGATGT_002,118
GCGCCTGTCCACATTGATGT_003,156
GCGCCTGTCCACATTGATGT_004,6
GCGCCTGTCCACATTGATGT_005,88
GCGCCTGTCCACATTGATGT_006,141
GCGCCTGTCCACATTGATGT_007,158
GCGCCTGTCCACATTGATGT_008,159
GCGCCTGTCCACATTGATGT_009,30
GCGCCTGTCCACATTGATGT_010,70
GCGCCTGTCCACATTGATGT_011,66
GCGCCTGTCCACATTGATGT_012,115
TATGGCTGAGATATGAGGTG_001,62
TATGGCTGAGATATGAGGTG_002,181
TATGGCTGAGATATGAGGTG_003,159
TATGGCTGAGATATGAGGTG_004,94
TATGGCTGAGATATGAGGTG_005,107
TATGGCTGAGATATGAGGTG_006,34
TATGGCTGAGATATGAGGTG_007,58
TATGGCTGAGATATGAGGTG_008,123
TATGGCTGAGATATGAGGTG_009,44
TATGGCTGAGATATGAGGTG_010,96
TATGGCTGAGATATGAGGTG_011,28
TATGGCTGAGATATGAGGTG_012,91
TATGGCTGAGATATGAGGTG_013,160
TATGGCTGAGATATGAGGTG_014,138
TATGGCTGAGATATGAGGTG_015,79
TATGGCTGAGATATGAGGTG_016,80
TATGGCTGAGATATGAGGTG_017,168
TATGGCTGAGATATGAGGTG_018,66
TATGGCTGAGATATGAGGTG_019,76
TATGGCTGAGATATGAGGTG_020,17
TATGGCTGAGATATGAGGTG_021,121
GAAACAGATCTGGTCACAGT_001,5
GAAACAGATCTGGTCACAGT_002,62
ATGCGGATGAGATAGTGGAG_001,106
ATGCGGATGAGATAGTGGAG_002,77
ATGCGGATGAGATAGTGGAG_003,40
ATGCGGATGAGATAGTGGAG_004,182
GGACACGGCCATAGGATAGG_001,65
GGACACGGCCATAGGATAGG_002,78
GGACACGGCCATAGGATAGG_003,115
GGACACGGCCATAGGATAGG_004,13
GGACACGGCCATAGGATAGG_005,41
GGACACGGCCATAGGATAGG_006,146
GGACACGGCCATAGGATAGG_007,41
GGACACGGCCATAGGATAGG_008,194
GGACACGGCCATAGGATAGG_009,71
GGACACGGCCATAGGATAGG_010,165
GGACACGGCCATAGGATAGG_011,94
GGACACGGCCATAGGATAGG_012,166
GGACACGGCCATAGGATAGG_013,149
GGACACGGCCATAGGATAGG_014,149
GGACACGGCCATAGGATAGG_015,89
CAGTGTGAGCACATTTCCAA_001,147
CAGTGTGAGCACATTTCCAA_002,169
CAGTGTGAGCACATTTCCAA_003,102
CAGTGTGAGCACATTTCCAA_004,61
CAGTGTGAGCACATTTCCAA_005,160
CAGTGTGAGCACATTTCCAA_006,75
CAGTGTGAGCACATTTCCAA_007,82
CAGTGTGAGCACATTTCCAA_008,50
CAGTGTGAGCACATTTCCAA_009,97
CAGTGTGAGCACATTTCCAA_010,161
TGGGACACAGACTCTACAGG_001,9
TGGGACACAGACTCTACAGG_002,94
TGGGACACAGACTCTACAGG_003,114
TGGGACACAGACTCTACAGG_004,2
TGGGACACAGACTCTACAGG_005,126
AGAGCATGTGCGCTGCCTAG_001,114
AGAGCATGTGCGCTGCCTAG_002,158
AGAGCATGTGCGCTGCCTAG_003,83
AGAGCATGTGCGCTGCCTAG_004,9
AGAGCATGTGCGCTGCCTAG_005,69
AGAGCATGTGCGCTGCCTAG_006,61
AGAGCATGTGCGCTGCCTAG_007,168
AGAGCATGTGCGCTGCCTAG_008,50
AGAGCATGTGCGCTGCCTAG_009,2
AGAGCATGTGCGCTGCCTAG_010,137
AGAGCATGTGCGCTGCCTAG_011,162
AGAGCATGTGCGCTGCCTAG_012,19
AGAGCATGTGCGCTGCCTAG_013,169
CCTTCTTGTGGATGGAAACG_001,188
CCTTCTTGTGGATGGAAACG_002,130
CCTTCTTGTGGATGGAAACG_003,82
CCTTCTTGTGGATGGAAACG_004,141
CCTTCTTGTGGATGGAAACG_005,107
CCTTCTTGTGGATGGAAACG_006,61
CCTTCTTGTGGATGGAAACG_007,185
CCTTCTTGTGGATGGAAACG_008,14
CCTTCTTGTGGATGGAAACG_009,156
CCTTCTTGTGGATGGAAACG_010,15
CCTTCTTGTGGATGGAAACG_011,175
CCTTCTTGTGGATGGAAACG_012,83
CCTTCTTGTGGATGGAAACG_013,36
CCTTCTTGTGGATGGAAACG_014,8
CCTTCTTGTGGATGGAAACG_015,9
CCTTCTTGTGGATGGAAACG_016,60
CCTTCTTGTGGATGGAAACG_017,94
CCTTCTTGTGGATGGAAACG_018,124
CTTCACACCGTCAAAAGAGT_001,153
CTTCACACCGTCAAAAGAGT_002,152
CTTCACACCGTCAAAAGAGT_003,146
CTTCACACCGTCAAAAGAGT_004,80
CTTCACACCGTCAAAAGAGT_005,93
CTTCACACCGTCAAAAGAGT_006,40
CTTCACACCGTCAAAAGAGT_007,147
CTTCACACCGTCAAAAGAGT_008,158
CTTCACACCGTCAAAAGAGT_009,160
CTTCACACCGTCAAAAGAGT_010,75
CTTCACACCGTCAAAAGAGT_011,29
CTTCACACCGTCAAAAGAGT_012,0
CTTCACACCGTCAAAAGAGT_013,84
CTTCACACCGTCAAAAGAGT_014,151
CTTCACACCGTCAAAAGAGT_015,170
CTTCACACCGTCAAAAGAGT_016,33
CGCCGCCTTCACGAAGCTCG_001,60
CGCCGCCTTCACGAAGCTCG_002,28
CGCCGCCTTCACGAAGCTCG_003,119
CGCCGCCTTCACGAAGCTCG_004,169
CGCCGCCTTCACGAAGCTCG_005,175
CGCCGCCTTCACGAAGCTCG_006,169
CGCCGCCTTCACGAAGCTCG_007,35
CGCCGCCTTCACGAAGCTCG_008,97
CGCCGCCTTCACGAAGCTCG_009,104
CGCCGCCTTCACGAAGCTCG_010,153
CGCCGCCTTCACGAAGCTCG_011,15
CGCCGCCTTCACGAAGCTCG_012,158
CGCCGCCTTCACGAAGCTCG_013,1
CGCCGCCTTCACGAAGCTCG_014,166
CGCCGCCTTCACGAAGCTCG_015,141
CGCCGCCTTCACGAAGCTCG_016,171
CGCCGCCTTCACGAAGCTCG_017,103
CGCCGCCTTCACGAAGCTCG_018,157
CGCCGCCTTCACGAAGCTCG_019,92
CGCCGCCTTCACGAAGCTCG_020,119
CGCCGCCTTCACGAAGCTCG_021,166
CGCCGCCTTCACGAAGCTCG_022,138
CGCCGCCTTCACGAAGCTCG_023,188
GTTAGTGTGAGTTTATCATG_001,13
GTTAGTGTGAGTTTATCATG_002,157
GTTAGTGTGAGTTTATCATG_003,6
GTTAGTGTGAGTTTATCATG_004,118
GTTAGTGTGAGTTTATCATG_005,175
GTTAGTGTGAGTTTATCATG_006,40
TCCGTGCTGCTCGCAAGTTG_001,9
TCCGTGCTGCTCGCAAGTTG_002,135
TCCGTGCTGCTCGCAAGTTG_003,68
TCCGTGCTGCTCGCAAGTTG_004,56
TCCGTGCTGCTCGCAAGTTG_005,52
TCCGTGCTGCTCGCAAGTTG_006,184
TCCGTGCTGCTCGCAAGTTG_007,166
TCCGTGCTGCTCGCAAGTTG_008,62
TCCGTGCTGCTCGCAAGTTG_009,34
TCCGTGCTGCTCGCAAGTTG_010,104
TCCGTGCTGCTCGCAAGTTG_011,57
TCCGTGCTGCTCGCAAGTTG_012,58
TCCGTGCTGCTCGCAAGTTG_013,146
TCTTAGCTATCCACAGTGAT_001,40
AGGCCGCGCTGCCGTACGGG_001,84
AGGCCGCGCTGCCGTACGGG_002,57
AGGCCGCGCTGCCGTACGGG_003,77
AGGCCGCGCTGCCGTACGGG_004,137
AGGCCGCGCTGCCGTACGGG_005,40
AGGCCGCGCTGCCGTACGGG_006,139
AGGCCGCGCTGCCGTACGGG_007,172
AGGCCGCGCTGCCGTACGGG_008,7
AGGCCGCGCTGCCGTACGGG_009,84
AGGCCGCGCTGCCGTACGGG_010,32
AGGCCGCGCTGCCGTACGGG_011,50
AGGCCGCGCTGCCGTACGGG_012,48
AGGCCGCGCTGCCGTACGGG_013,93
AGGCCGCGCTGCCGTACGGG_014,175
AGGCCGCGCTGCCGTACGGG_015,126
AGGCCGCGCTGCCGTACGGG_016,177
AGGCCGCGCTGCCGTACGGG_017,194
AGGCCGCGCTGCCGTACGGG_018,183
AGGCCGCGCTGCCGTACGGG_019,90
AGGCCGCGCTGCCGTACGGG_020,113
AGGCCGCGCTGCCGTACGGG_021,2
AGGCCGCGCTGCCGTACGGG_022,148
AGGCCGCGCTGCCGTACGGG_023,131
AGGCCGCGCTGCCGTACGGG_024,189
AGGCCGCGCTGCCGTACGGG_025,147
AGGCCGCGCTGCCGTACGGG_026,155
AGGCCGCGCTGCCGTACGGG_027,29
AGGCCGCGCTGCCGTACGGG_028,59
AGGCCGCGCTGCCGTACGGG_029,69
AGGCCGCGCTGCCGTACGGG_030,53
AGGCCGCGCTGCCGTACGGG_031,39
AGGCCGCGCTGCCGTACGGG_032,188
AGGCCGCGCTGCCGTACGGG_033,169
AGGCCGCGCTGCCGTACGGG_034,115
AGGCCGCGCTGCCGTACGGG_035,2
AGGCCGCGCTGCCGTACGGG_036,54
AGGCCGCGCTGCCGTACGGG_037,199
AGGCCGCGCTGCCGTACGGG_038,105
AGGCCGCGCTGCCGTACGGG_039,111
AGGCCGCGCTGCCGTACGGG_040,192
CGAATTATCTGGCCCCTGGG_001,4
CGAATTATCTGGCCCCTGGG_002,122
CGAATTATCTGGCCCCTGGG_003,124
CGGAGGACACATCGTAGACA_001,191
CGGAGGACACATCGTAGACA_002,166
ATGTAGATCCAATTCCACGT_001,136
ATGTAGATCCAATTCCACGT_002,134
ATGTAGATCCAATTCCACGT_003,58
ATGTAGATCCAATTCCACGT_004,78
AGCGGTAACGGTCACTTACG_001,150
AGCGGTAACGGTCACTTACG_002,16
AGCGGTAACGGTCACTTACG_003,57
AGCGGTAACGGTCACTTACG_004,141
AGCGGTAACGGTCACTTACG_005,143
TGCACCTCGTGTCAGCAGGG_001,115
TGCACCTCGTGTCAGCAGGG_002,169
TGCACCTCGTGTCAGCAGGG_003,159
TGCACCTCGTGTCAGCAGGG_004,80
TGCACCTCGTGTCAGCAGGG_005,112
TGCACCTCGTGTCAGCAGGG_006,19
TGCACCTCGTGTCAGCAGGG_007,68
TGCACCTCGTGTCAGCAGGG_008,61
TGCACCTCGTGTCAGCAGGG_009,80
TGCACCTCGTGTCAGCAGGG_010,67
TGCACCTCGTGTCAGCAGGG_011,114
TGCACCTCGTGTCAGCAGGG_012,10
TGCACCTCGTGTCAGCAGGG_013,77
TTAAGATGTTCATTAGCGCT_001,19
TTAAGATGTTCATTAGCGCT_002,24
TTAAGATGTTCATTAGCGCT_003,88
TTAAGATGTTCATTAGCGCT_004,86
TTAAGATGTTCATTAGCGCT_005,143
TTAAGATGTTCATTAGCGCT_006,147
TTAAGATGTTCATTAGCGCT_007,83
TTAAGATGTTCATTAGCGCT_008,198
TTAAGATGTTCATTAGCGCT_009,115
TTAAGATGTTCATTAGCGCT_010,50
TTTGAATTCTAATAAAAGTG_001,196
TTTGAATTCTAATAAAAGTG_002,76
TTTGAATTCTAATAAAAGTG_003,47
ATATAGTATGATCAGATCGG_001,59
ATATAGTATGATCAGATCGG_002,60
ATATAGTATGATCAGATCGG_003,172
ATATAGTATGATCAGATCGG_004,78
ATATAGTATGATCAGATCGG_005,48
ATATAGTATGATCAGATCGG_006,169
ATATAGTATGATCAGATCGG_007,19
ATATAGTATGATCAGATCGG_008,156
ATATAGTATGATCAGATCGG_009,63
ATATAGTATGATCAGATCGG_010,29
GCGTGAAAACCGTGTCCTGT_001,82
GCGTGAAAACCGTGTCCTGT_002,188
GCGTGAAAACCGTGTCCTGT_003,43
GCGTGAAAACCGTGTCCTGT_004,68
GCGTGAAAACCGTGTCCTGT_005,140
GCGTGAAAACCGTGTCCTGT_006,125
GCGTGAAAACCGTGTCCTGT_007,60
GCGTGAAAACCGTGTCCTGT_008,162
GCGTGAAAACCGTGTCCTGT_009,76
GCGTGAAAACCGTGTCCTGT_010,42
GCGTGAAAACCGTGTCCTGT_011,50
GCGTGAAAACCGTGTCCTGT_012,176
GCGTGAAAACCGTGTCCTGT_013,60
GCGTGAAAACCGTGTCCTGT_014,45
GCGTGAAAACCGTGTCCTGT_015,94
GCGTGAAAACCGTGTCCTGT_016,121
GCGTGAAAACCGTGTCCTGT_017,174
GCGTGAAAACCGTGTCCTGT_018,130
GCGTGAAAACCGTGTCCTGT_019,22
GCGTGAAAACCGTGTCCTGT_020,34
CTGACACTGACCCAGCCCTG_001,94
CTGACACTGACCCAGCCCTG_002,87
CTGACACTGACCCAGCCCTG_003,127
CTGACACTGACCCAGCCCTG_004,77
CTGACACTGACCCAGCCCTG_005,94
CTGACACTGACCCAGCCCTG_006,131
CTGACACTGACCCAGCCCTG_007,55
CTGACACTGACCCAGCCCTG_008,17
CTGACACTGACCCAGCCCTG_009,28
CTGACACTGACCCAGCCCTG_010,54
CTGACACTGACCCAGCCCTG_011,92
CTGACACTGACCCAGCCCTG_012,186
CTGACACTGACCCAGCCCTG_013,94
CTGACACTGACCCAGCCCTG_014,165
CTGACACTGACCCAGCCCTG_015,90
TGATACCCCTGGACCCCGAG_001,161
TGATACCCCTGGACCCCGAG_002,198
TGATACCCCTGGACCCCGAG_003,133
TGATACCCCTGGACCCCGAG_004,100
TGATACCCCTGGACCCCGAG_005,48
TGATACCCCTGGACCCCGAG_006,194
TGATACCCCTGGACCCCGAG_007,62
TGATACCCCTGGACCCCGAG_008,50
TGATACCCCTGGACCCCGAG_009,77
TGATACCCCTGGACCCCGAG_010,75
TGATACCCCTGGACCCCGAG_011,15
TGATACCCCTGGACCCCGAG_012,169
TGATACCCCTGGACCCCGAG_013,3
TGATACCCCTGGACCCCGAG_014,147
TGATACCCCTGGACCCCGAG_015,42
TGATACCCCTGGACCCCGAG_016,58
TGATACCCCTGGACCCCGAG_017,50
TGATACCCCTGGACCCCGAG_018,50
TGATACCCCTGGACCCCGAG_019,192
TGATACCCCTGGACCCCGAG_020,127
TGATACCCCTGGACCCCGAG_021,137
TGATACCCCTGGACCCCGAG_022,115
TGATACCCCTGGACCCCGAG_023,81
TGATACCCCTGGACCCCGAG_024,121
TGATACCCCTGGACCCCGAG_025,123
CAGTCCCTGAAAGCATTACC_001,32
CAGTCCCTGAAAGCATTACC_002,4
CAGTCCCTGAAAGCATTACC_003,102
CAGTCCCTGAAAGCATTACC_004,25
CAGTCCCTGAAAGCATTACC_005,139
AAGCAACTTCAATTTGCCCA_001,115
AAGCAACTTCAATTTGCCCA_002,162
AAGCAACTTCAATTTGCCCA_003,60
AAGCAACTTCAATTTGCCCA_004,43
AAGCAACTTCAATTTGCCCA_005,41
AAGCAACTTCAATTTGCCCA_006,75
AAGCAACTTCAATTTGCCCA_007,17
AAGCAACTTCAATTTGCCCA_008,138
AAGCAACTTCAATTTGCCCA_009,170
CACCACAATCAGAGACCCGG_001,34
CACCACAATCAGAGACCCGG_002,5
CACCACAATCAGAGACCCGG_003,102
CACCACAATCAGAGACCCGG_004,0
CACCACAATCAGAGACCCGG_005,170
CACCACAATCAGAGACCCGG_006,90
CACCACAATCAGAGACCCGG_007,46
CACCACAATCAGAGACCCGG_008,33
CACCACAATCAGAGACCCGG_009,78
CACCATAATTTATGACTGCG_001,32
CACCATAATTTATGACTGCG_002,83
CACCATAATTTATGACTGCG_003,3
CACCATAATTTATGACTGCG_004,37
ACACTGTCCTCCGAGTACTG_001,138
ACACTGTCCTCCGAGTACTG_002,189
ACACTGTCCTCCGAGTACTG_003,92
ACACTGTCCTCCGAGTACTG_004,162
ACACTGTCCTCCGAGTACTG_005,27
ACACTGTCCTCCGAGTACTG_006,1
GACCACACAAGGACACGAGT_001,150
AGGAAGTCATCCGCTGACGC_001,168
AGGAAGTCATCCGCTGACGC_002,1
AGGAAGTCATCCGCTGACGC_003,152
AGAAGATGCCCAAAACGCTG_001,15
AGAAGATGCCCAAAACGCTG_002,16
AGAAGATGCCCAAAACGCTG_003,9
AGAAGATGCCCAAAACGCTG_004,63
AGAAGATGCCCAAAACGCTG_005,183
AGAAGATGCCCAAAACGCTG_006,32
AGAAGATGCCCAAAACGCTG_007,41
AGAAGATGCCCAAAACGCTG_008,172
AGAAGATGCCCAAAACGCTG_009,23
AGAAGATGCCCAAAACGCTG_010,117
AGAAGATGCCCAAAACGCTG_011,174
AGAAGATGCCCAAAACGCTG_012,115
AGAAGATGCCCAAAACGCTG_013,56
AGAAGATGCCCAAAACGCTG_014,192
AGAAGATGCCCAAAACGCTG_015,78
AGAAGATGCCCAAAACGCTG_016,144
AGAAGATGCCCAAAACGCTG_017,96
AGAAGATGCCCAAAACGCTG_018,157
AGAAGATGCCCAAAACGCTG_019,169
AGAAGATGCCCAAAACGCTG_020,27
AGAAGATGCCCAAAACGCTG_021,83
AGAAGATGCCCAAAACGCTG_022,145
AGAAGATGCCCAAAACGCTG_023,166
AGAAGATGCCCAAAACGCTG_024,145
AGAAGATGCCCAAAACGCTG_025,59
AGAAGATGCCCAAAACGCTG_026,60
AGAAGATGCCCAAAACGCTG_027,89
AGAAGATGCCCAAAACGCTG_028,127
AGAAGATGCCCAAAACGCTG_029,115
AGAAGATGCCCAAAACGCTG_030,114
AGAAGATGCCCAAAACGCTG_031,23
AGAAGATGCCCAAAACGCTG_032,67
AAAGGACTTCGGCTACGGCG_001,48
AAAGGACTTCGGCTACGGCG_002,139
AAAGGACTTCGGCTACGGCG_003,146
AAAGGACTTCGGCTACGGCG_004,17
AAAGGACTTCGGCTACGGCG_005,176
AAAGGACTTCGGCTACGGCG_006,41
ATAAATTGCAGATCCAAGGA_001,139
ATAAATTGCAGATCCAAGGA_002,68
ATAAATTGCAGATCCAAGGA_003,158
ATAAATTGCAGATCCAAGGA_004,114
ATAAATTGCAGATCCAAGGA_005,176
ATAAATTGCAGATCCAAGGA_006,103
ATAAATTGCAGATCCAAGGA_007,129
ATAAATTGCAGATCCAAGGA_008,156
GAAACGCTGACTACGCAGAA_001,5
GAAACGCTGACTACGCAGAA_002,76
GAAACGCTGACTACGCAGAA_003,150
GAAACGCTGACTACGCAGAA_004,141
GAAACGCTGACTACGCAGAA_005,26
GAAACGCTGACTACGCAGAA_006,41
GAAACGCTGACTACGCAGAA_007,9
GAAACGCTGACTACGCAGAA_008,50
GAAACGCTGACTACGCAGAA_009,199
GAAACGCTGACTACGCAGAA_010,34
GAAACGCTGACTACGCAGAA_011,83
GAAACGCTGACTACGCAGAA_012,15
TCAAACAGCACGTTGTACTG_001,41
CTGATCACCTGTCTGGAGCA_001,41
CTGATCACCTGTCTGGAGCA_002,41
CAGCCAATCAGAGCACACAG_001,95
CAGCCAATCAGAGCACACAG_002,9
CAGCCAATCAGAGCACACAG_003,155
CAGCCAATCAGAGCACACAG_004,182
CAGCCAATCAGAGCACACAG_005,88
CAGCCAATCAGAGCACACAG_006,122
CAGCCAATCAGAGCACACAG_007,82
CAGCCAATCAGAGCACACAG_008,192
CAGCCAATCAGAGCACACAG_009,58
CAGCCAATCAGAGCACACAG_010,190
CAGCCAATCAGAGCACACAG_011,149
CAGCCAATCAGAGCACACAG_012,44
CAGCCAATCAGAGCACACAG_013,8
CAGCCAATCAGAGCACACAG_014,105
CAGCCAATCAGAGCACACAG_015,10
CAGCCAATCAGAGCACACAG_016,165
CAGCCAATCAGAGCACACAG_017,169
AAGGAAAGATTCATGAACCA_001,140
AAGGAAAGATTCATGAACCA_002,117
AAGGAAAGATTCATGAACCA_003,185
AAGGAAAGATTCATGAACCA_004,60
AAGGAAAGATTCATGAACCA_005,127
AAGGAAAGATTCATGAACCA_006,135
AAGGAAAGATTCATGAACCA_007,27
AAGGAAAGATTCATGAACCA_008,144
AAGGAAAGATTCATGAACCA_009,20
AAGGAAAGATTCATGAACCA_010,152
AAGGAAAGATTCATGAACCA_011,103
AGGTAACCCCACATGGACCA_001,127
AGGTAACCCCACATGGACCA_002,70
AGGTAACCCCACATGGACCA_003,127
AGGTAACCCCACATGGACCA_004,62
AGGTAACCCCACATGGACCA_005,88
AGGTAACCCCACATGGACCA_006,147
AGGTAACCCCACATGGACCA_007,160
AGGTAACCCCACATGGACCA_008,20
AGGTAACCCCACATGGACCA_009,82
AGGTAACCCCACATGGACCA_010,172
AGGTAACCCCACATGGACCA_011,62
AGGTAACCCCACATGGACCA_012,118
AGGTAACCCCACATGGACCA_013,115
AGGTAACCCCACATGGACCA_014,103
AGGTAACCCCACATGGACCA_015,162
AGGTAACCCCACATGGACCA_016,48
AGGTAACCCCACATGGACCA_017,65
AGGTAACCCCACATGGACCA_018,127
AGGTAACCCCACATGGACCA_019,176
AGGTAACCCCACATGGACCA_020,174
AGGTAACCCCACATGGACCA_021,48
AGGTAACCCCACATGGACCA_022,63
AGGTAACCCCACATGGACCA_023,131
AGGTAACCCCACATGGACCA_024,199
AGGTAACCCCACATGGACCA_025,36
AGGTAACCCCACATGGACCA_026,134
AGGTAACCCCACATGGACCA_027,163
AGGTAACCCCACATGGACCA_028,117
AGGTAACCCCACATGGACCA_029,87
AGGTAACCCCACATGGACCA_030,178
AGGTAACCCCACATGGACCA_031,155
AGGTAACCCCACATGGACCA_032,50
AGGTAACCCCACATGGACCA_033,1
AGGTAACCCCACATGGACCA_034,3
AGGTAACCCCACATGGACCA_035,71
AGGTAACCCCACATGGACCA_036,60
AGGTAACCCCACATGGACCA_037,144
AGGTAACCCCACATGGACCA_038,124
CTTCACCCAGTGCCCCGACG_001,111
CTTCACCCAGTGCCCCGACG_002,111
CTTCACCCAGTGCCCCGACG_003,140
CTTCACCCAGTGCCCCGACG_004,8
CTTCACCCAGTGCCCCGACG_005,188
CTTCACCCAGTGCCCCGACG_006,21
CTTCACCCAGTGCCCCGACG_007,24
CTTCACCCAGTGCCCCGACG_008,166
CTTCACCCAGTGCCCCGACG_009,6
CTTCACCCAGTGCCCCGACG_010,64
CTTCACCCAGTGCCCCGACG_011,113
CTTCACCCAGTGCCCCGACG_012,163
CTTCACCCAGTGCCCCGACG_013,164
CTTCACCCAGTGCCCCGACG_014,115
CTTCACCCAGTGCCCCGACG_015,56
CTTCACCCAGTGCCCCGACG_016,113
CTTCACCCAGTGCCCCGACG_017,114
CTTCACCCAGTGCCCCGACG_018,11
CTTCACCCAGTGCCCCGACG_019,129
GCGGCCCATGGAGTTCGAGG_001,73
GCGGCCCATGGAGTTCGAGG_002,3
GCGGCCCATGGAGTTCGAGG_003,68
GAGCATGCAGACAACCCGGT_001,49
GAGCATGCAGACAACCCGGT_002,89
GAGCATGCAGACAACCCGGT_003,150
GAGCATGCAGACAACCCGGT_004,192
GCAACACTCAGTGAGAAGCT_001,130
GCAACACTCAGTGAGAAGCT_002,113
GCAACACTCAGTGAGAAGCT_003,50
GCAACACTCAGTGAGAAGCT_004,43
GCAACACTCAGTGAGAAGCT_005,29
GCAACACTCAGTGAGAAGCT_006,130
GCAACACTCAGTGAGAAGCT_007,8
GCAACACTCAGTGAGAAGCT_008,148
GCAACACTCAGTGAGAAGCT_009,55
GCAACACTCAGTGAGAAGCT_010,175
GCAACACTCAGTGAGAAGCT_011,34
GCAACACTCAGTGAGAAGCT_012,10
GCAACACTCAGTGAGAAGCT_013,104
GCAACACTCAGTGAGAAGCT_014,69
GCAACACTCAGTGAGAAGCT_015,174
CATGCATGGACTGACCTATG_001,80
CATGCATGGACTGACCTATG_002,166
CATGCATGGACTGACCTATG_003,60
CATGCATGGACTGACCTATG_004,27
CATGCATGGACTGACCTATG_005,94
CATGCATGGACTGACCTATG_006,190
CATGCATGGACTGACCTATG_007,45
CATGCATGGACTGACCTATG_008,153
CATGCATGGACTGACCTATG_009,3
CATGCATGGACTGACCTATG_010,83
CATGCATGGACTGACCTATG_011,58
CATGCATGGACTGACCTATG_012,73
CATGCATGGACTGACCTATG_013,160
CATGCATGGACTGACCTATG_014,77
CATGCATGGACTGACCTATG_015,8
CATGCATGGACTGACCTATG_016,43
CAAATTCCAAAAGACACACG_001,199
CAAATTCCAAAAGACACACG_002,19
CAAATTCCAAAAGACACACG_003,160
CAAATTCCAAAAGACACACG_004,138
GCGTGGTGCATTCGAAGCGT_001,80
GCGTGGTGCATTCGAAGCGT_002,67
GCGTGGTGCATTCGAAGCGT_003,159
GCGTGGTGCATTCGAAGCGT_004,174
GCGTGGTGCATTCGAAGCGT_005,193
GCGTGGTGCATTCGAAGCGT_006,77
GCGTGGTGCATTCGAAGCGT_007,34
GCGTGGTGCATTCGAAGCGT_008,138
GCGTGGTGCATTCGAAGCGT_009,121
CAATGTTATTAGGTCTGGAC_001,144
CAATGTTATTAGGTCTGGAC_002,169
CAATGTTATTAGGTCTGGAC_003,76
CAATGTTATTAGGTCTGGAC_004,58
CAATGTTATTAGGTCTGGAC_005,105
CAATGTTATTAGGTCTGGAC_006,83
CAATGTTATTAGGTCTGGAC_007,89
CAATGTTATTAGGTCTGGAC_008,94
CAATGTTATTAGGTCTGGAC_009,145
CAATGTTATTAGGTCTGGAC_010,46
CAATGTTATTAGGTCTGGAC_011,123
CAATGTTATTAGGTCTGGAC_012,28
CAATGTTATTAGGTCTGGAC_013,48
ACAGTGTTAAGGGCTGCTCG_001,69
ACAGTGTTAAGGGCTGCTCG_002,6
ACAGTGTTAAGGGCTGCTCG_003,130
ACAGTGTTAAGGGCTGCTCG_004,133
ACAGTGTTAAGGGCTGCTCG_005,181
ACAGTGTTAAGGGCTGCTCG_006,58
ACAGTGTTAAGGGCTGCTCG_007,132
ACAGTGTTAAGGGCTGCTCG_008,161
ACAGTGTTAAGGGCTGCTCG_009,100
ACAGTGTTAAGGGCTGCTCG_010,32
ACAGTGTTAAGGGCTGCTCG_011,96
ACAGTGTTAAGGGCTGCTCG_012,93
ACAGTGTTAAGGGCTGCTCG_013,147
ACAGTGTTAAGGGCTGCTCG_014,130
ACAGTGTTAAGGGCTGCTCG_015,69
ACAGTGTTAAGGGCTGCTCG_016,2
CAAAAACCTTACGTGTCCTG_001,9
CAAAAACCTTACGTGTCCTG_002,185
CAAAAACCTTACGTGTCCTG_003,13
CAAAAACCTTACGTGTCCTG_004,36
CAAAAACCTTACGTGTCCTG_005,61
CCTGCAGGAGCTGCCCGGGA_001,178
CCTGCAGGAGCTGCCCGGGA_002,172
CCTGCAGGAGCTGCCCGGGA_003,102
CCTGCAGGAGCTGCCCGGGA_004,102
CCTGCAGGAGCTGCCCGGGA_005,78
CCTGCAGGAGCTGCCCGGGA_006,151
CCTGCAGGAGCTGCCCGGGA_007,12
CCTGCAGGAGCTGCCCGGGA_008,110
CCTGCAGGAGCTGCCCGGGA_009,60
CCTGCAGGAGCTGCCCGGGA_010,22
CCTGCAGGAGCTGCCCGGGA_011,83
CCTGCAGGAGCTGCCCGGGA_012,169
CCTGCAGGAGCTGCCCGGGA_013,158
CCTGCAGGAGCTGCCCGGGA_014,32
CCTGCAGGAGCTGCCCGGGA_015,158
CCTGCAGGAGCTGCCCGGGA_016,168
CCTGCAGGAGCTGCCCGGGA_017,60
GAAATAGCCAAGTTCAACAG_001,157
GAAATAGCCAAGTTCAACAG_002,126
GAAATAGCCAAGTTCAACAG_003,134
GAAATAGCCAAGTTCAACAG_004,178
TCAGGGAATACACGTTAACC_001,184
TCAGGGAATACACGTTAACC_002,88
TCAGGGAATACACGTTAACC_003,31
TGGTCAGTATGCGTCCACAG_001,151
TGGTCAGTATGCGTCCACAG_002,107
TGGTCAGTATGCGTCCACAG_003,54
TGGTCAGTATGCGTCCACAG_004,188
TGGTCAGTATGCGTCCACAG_005,97
CTCAGCCAAGTACCCAACAA_001,184
CTCAGCCAAGTACCCAACAA_002,147
CTCAGCCAAGTACCCAACAA_003,109
CTCAGCCAAGTACCCAACAA_004,182
CTCAGCCAAGTACCCAACAA_005,105
CTCAGCCAAGTACCCAACAA_006,122
GACATTGGAGAGGATCACAC_001,163
GACATTGGAGAGGATCACAC_002,115
GACATTGGAGAGGATCACAC_003,162
GACATTGGAGAGGATCACAC_004,30
GACATTGGAGAGGATCACAC_005,146
GACATTGGAGAGGATCACAC_006,3
GACATTGGAGAGGATCACAC_007,58
GACATTGGAGAGGATCACAC_008,104
GACATTGGAGAGGATCACAC_009,141
GACATTGGAGAGGATCACAC_010,142
GACATTGGAGAGGATCACAC_011,152
GACATTGGAGAGGATCACAC_012,103
AGGAATGGACCATCTCCGAA_001,23
AGGAATGGACCATCTCCGAA_002,199
ACCTACCAATAAAACCATGG_001,148
ACCTACCAATAAAACCATGG_002,17
ACCTACCAATAAAACCATGG_003,63
ACCTACCAATAAAACCATGG_004,137
CACCTCATCAATAATCCTTG_001,4
CCTATTATTGGCCTAGACCA_001,130
CCTATTATTGGCCTAGACCA_002,54
CCTATTATTGGCCTAGACCA_003,65
CCTATTATTGGCCTAGACCA_004,166
CCTATTATTGGCCTAGACCA_005,137
CCTATTATTGGCCTAGACCA_006,61
ATCATCGAGGACCGGCACGG_001,29
ATCATCGAGGACCGGCACGG_002,58
ATCATCGAGGACCGGCACGG_003,77
ATCATCGAGGACCGGCACGG_004,16
ATCATCGAGGACCGGCACGG_005,116
ATCATCGAGGACCGGCACGG_006,105
ATCATCGAGGACCGGCACGG_007,149
ATCATCGAGGACCGGCACGG_008,113
ATCATCGAGGACCGGCACGG_009,147
ATCATCGAGGACCGGCACGG_010,115
ATCATCGAGGACCGGCACGG_011,147
ATCATCGAGGACCGGCACGG_012,188
ATCATCGAGGACCGGCACGG_013,170
ATCATCGAGGACCGGCACGG_014,52
ATCATCGAGGACCGGCACGG_015,102
ATCATCGAGGACCGGCACGG_016,1
ATCATCGAGGACCGGCACGG_017,135
ATCATCGAGGACCGGCACGG_018,177
ATCATCGAGGACCGGCACGG_019,20
ATCATCGAGGACCGGCACGG_020,12
ATCATCGAGGACCGGCACGG_021,76
ATCATCGAGGACCGGCACGG_022,108
ATCATCGAGGACCGGCACGG_023,5
ATCATCGAGGACCGGCACGG_024,32
ATCATCGAGGACCGGCACGG_025,162
ATCATCGAGGACCGGCACGG_026,198
ATCATCGAGGACCGGCACGG_027,69
ATCATCGAGGACCGGCACGG_028,189
ATCATCGAGGACCGGCACGG_029,182
ATCATCGAGGACCGGCACGG_030,35
ATCATCGAGGACCGGCACGG_031,175
ATCATCGAGGACCGGCACGG_032,121
ATCATCGAGGACCGGCACGG_033,188
ATCATCGAGGACCGGCACGG_034,1
ATCATCGAGGACCGGCACGG_035,184
ATCATCGAGGACCGGCACGG_036,3
ATCATCGAGGACCGGCACGG_037,50
ATCATCGAGGACCGGCACGG_038,103
ATCATCGAGGACCGGCACGG_039,58
ATCATCGAGGACCGGCACGG_040,6
ATCATCGAGGACCGGCACGG_041,96
ATCATCGAGGACCGGCACGG_042,147
ATCATCGAGGACCGGCACGG_043,44
ATCATCGAGGACCGGCACGG_044,88
ATCATCGAGGACCGGCACGG_045,16
ATCATCGAGGACCGGCACGG_046,12
ATCATCGAGGACCGGCACGG_047,56
ATCATCGAGGACCGGCACGG_048,57
ATCATCGAGGACCGGCACGG_049,94
ATCATCGAGGACCGGCACGG_050,172
ATCATCGAGGACCGGCACGG_051,184
ATCATCGAGGACCGGCACGG_052,69
ATCATCGAGGACCGGCACGG_053,124
ATCATCGAGGACCGGCACGG_054,2
ATCATCGAGGACCGGCACGG_055,4
ATCATCGAGGACCGGCACGG_056,46
ATCATCGAGGACCGGCACGG_057,184
ATCATCGAGGACCGGCACGG_058,105
ATCATCGAGGACCGGCACGG_059,176
ATCATCGAGGACCGGCACGG_060,178
ATCATCGAGGACCGGCACGG_061,108
ATCATCGAGGACCGGCACGG_062,155
ATCATCGAGGACCGGCACGG_063,160
ATCATCGAGGACCGGCACGG_064,162
GGTCTTAGGAGAGACTTATG_001,34
GGTCTTAGGAGAGACTTATG_002,177
GGTCTTAGGAGAGACTTATG_003,169
AGAGAAAATGCACTTCGCAA_001,160
AGAGAAAATGCACTTCGCAA_002,108
AGAGAAAATGCACTTCGCAA_003,141
AGAGAAAATGCACTTCGCAA_004,183
AGAGAAAATGCACTTCGCAA_005,149
AGAGAAAATGCACTTCGCAA_006,5
AGAGAAAATGCACTTCGCAA_007,62
ATTGCTCTGTCGCATCAATC_001,118
ATTGCTCTGTCGCATCAATC_002,51
ATTGCTCTGTCGCATCAATC_003,76
ATTGCTCTGTCGCATCAATC_004,190
ATTGCTCTGTCGCATCAATC_005,33
ATTGCTCTGTCGCATCAATC_006,170
ATTGCTCTGTCGCATCAATC_007,147
ATTGCTCTGTCGCATCAATC_008,130
ATTGCTCTGTCGCATCAATC_009,94
ATTGCTCTGTCGCATCAATC_010,94
ATTGCTCTGTCGCATCAATC_011,100
ATTGCTCTGTCGCATCAATC_012,27
ATTGCTCTGTCGCATCAATC_013,91
ATTGCTCTGTCGCATCAATC_014,25
ATTGCTCTGTCGCATCAATC_015,60
ATTGCTCTGTCGCATCAATC_016,40
ATTGCTCTGTCGCATCAATC_017,113
ATTGCTCTGTCGCATCAATC_018,79
ATTGCTCTGTCGCATCAATC_019,131
ATTGCTCTGTCGCATCAATC_020,149
ATTGCTCTGTCGCATCAATC_021,41
ATTGCTCTGTCGCATCAATC_022,106
ATTGCTCTGTCGCATCAATC_023,89
CATGAAGCCTAACAAGTATG_001,198
CATGAAGCCTAACAAGTATG_002,73
CATGAAGCCTAACAAGTATG_003,185
CATGAAGCCTAACAAGTATG_004,185
CATGAAGCCTAACAAGTATG_005,148
CATGAAGCCTAACAAGTATG_006,12
CATGAAGCCTAACAAGTATG_007,133
CATGAAGCCTAACAAGTATG_008,191
CATGAAGCCTAACAAGTATG_009,86
CATGAAGCCTAACAAGTATG_010,18
CATGAAGCCTAACAAGTATG_011,22
CATGAAGCCTAACAAGTATG_012,148
CATGAAGCCTAACAAGTATG_013,148
TTGGGTGGCATAAACCCAGT_001,14
TTGGGTGGCATAAACCCAGT_002,103
TTGGGTGGCATAAACCCAGT_003,18
TTGGGTGGCATAAACCCAGT_004,152
TTGGGTGGCATAAACCCAGT_005,0
TTGGGTGGCATAAACCCAGT_006,153
TTGGGTGGCATAAACCCAGT_007,50
TTGGGTGGCATAAACCCAGT_008,105
TTGGGTGGCATAAACCCAGT_009,12
GACATCGTCAATTACAACTC_001,105
GACATCGTCAATTACAACTC_002,154
GACATCGTCAATTACAACTC_003,7
GACATCGTCAATTACAACTC_004,62
GACATCGTCAATTACAACTC_005,78
GACATCGTCAATTACAACTC_006,157
GACATCGTCAATTACAACTC_007,78
GACATCGTCAATTACAACTC_008,44
GACATCGTCAATTACAACTC_009,130
GACATCGTCAATTACAACTC_010,50
GACATCGTCAATTACAACTC_011,106
GACATCGTCAATTACAACTC_012,115
GACATCGTCAATTACAACTC_013,7
GACATCGTCAATTACAACTC_014,56
GACATCGTCAATTACAACTC_015,130
GACATCGTCAATTACAACTC_016,127
GACATCGTCAATTACAACTC_017,161
GACATCGTCAATTACAACTC_018,6
GACATCGTCAATTACAACTC_019,106
GACATCGTCAATTACAACTC_020,179
GACATCGTCAATTACAACTC_021,22
GACATCGTCAATTACAACTC_022,52
GCCGACCGTCATGTTAACGT_001,62
GCCGACCGTCATGTTAACGT_002,9
GCCGACCGTCATGTTAACGT_003,40
GCCGACCGTCATGTTAACGT_004,57
GCCGACCGTCATGTTAACGT_005,67
GCCGACCGTCATGTTAACGT_006,24
GCCGACCGTCATGTTAACGT_007,134
AACAGACCTCCCTATTAAGG_001,114
AACAGACCTCCCTATTAAGG_002,88
AACAGACCTCCCTATTAAGG_003,107
AACAGACCTCCCTATTAAGG_004,155
ACTCCAAGACCCAATACAGG_001,187
ACTCCAAGACCCAATACAGG_002,171
ACTCCAAGACCCAATACAGG_003,24
ACTCCAAGACCCAATACAGG_004,154
ACTCCAAGACCCAATACAGG_005,28
CGTGGACGAGGACTAAATGT_001,132
GCCTCTGATGGTAAAAGTCG_001,11
GCCTCTGATGGTAAAAGTCG_002,11
GCCTCTGATGGTAAAAGTCG_003,140
GCCTCTGATGGTAAAAGTCG_004,7
GCCTCTGATGGTAAAAGTCG_005,30
CCTGCCGCTTGGGGACACCA_001,159
CCTGCCGCTTGGGGACACCA_002,90
CCTGCCGCTTGGGGACACCA_003,32
CCTGCCGCTTGGGGACACCA_004,184
CCTGCCGCTTGGGGACACCA_005,44
CCTGCCGCTTGGGGACACCA_006,48
CCTGCCGCTTGGGGACACCA_007,12
CCTGCCGCTTGGGGACACCA_008,105
CCTGCCGCTTGGGGACACCA_009,117
CCTGCCGCTTGGGGACACCA_010,150
CCTGCCGCTTGGGGACACCA_011,47
CCTGCCGCTTGGGGACACCA_012,16
CCTGCCGCTTGGGGACACCA_013,199
CCTGCCGCTTGGGGACACCA_014,17
CCTGCCGCTTGGGGACACCA_015,150
CCTGCCGCTTGGGGACACCA_016,124
CCTGCCGCTTGGGGACACCA_017,169
CCTGCCGCTTGGGGACACCA_018,163
CCTGCCGCTTGGGGACACCA_019,78
CCTGCCGCTTGGGGACACCA_020,30
CCTGCCGCTTGGGGACACCA_021,13
CCTGCCGCTTGGGGACACCA_022,97
CCTGCCGCTTGGGGACACCA_023,97
CCTGCCGCTTGGGGACACCA_024,57
CCTGCCGCTTGGGGACACCA_025,50
CCTGCCGCTTGGGGACACCA_026,78
CCTGCCGCTTGGGGACACCA_027,124
CCTGCCGCTTGGGGACACCA_028,19
CCTGCCGCTTGGGGACACCA_029,4
CCTGCCGCTTGGGGACACCA_030,166
CCTGCCGCTTGGGGACACCA_031,170
CCTGCCGCTTGGGGACACCA_032,157
CCTGCCGCTTGGGGACACCA_033,71
CGGGCACTGGAATGCCACGG_001,191
CGGGCACTGGAATGCCACGG_002,127
CGGGCACTGGAATGCCACGG_003,121
CGGGCACTGGAATGCCACGG_004,183
CGGGCACTGGAATGCCACGG_005,19
CTGGTCGTATTCACTCAGTG_001,187
CTGGTCGTATTCACTCAGTG_002,130
CTGGTCGTATTCACTCAGTG_003,27
GTTTGACCAGGGCTCTGACG_001,31
GTTTGACCAGGGCTCTGACG_002,24
GTTTGACCAGGGCTCTGACG_003,113
GTTTGACCAGGGCTCTGACG_004,102
GTTTGACCAGGGCTCTGACG_005,106
GTTTGACCAGGGCTCTGACG_006,93
GTTTGACCAGGGCTCTGACG_007,186
GTTTGACCAGGGCTCTGACG_008,108
GTTTGACCAGGGCTCTGACG_009,178
GTTTGACCAGGGCTCTGACG_010,84
GTTTGACCAGGGCTCTGACG_011,24
GTTTGACCAGGGCTCTGACG_012,42
GTTTGACCAGGGCTCTGACG_013,54
GTTTGACCAGGGCTCTGACG_014,197
GTTTGACCAGGGCTCTGACG_015,153
GTTTGACCAGGGCTCTGACG_016,27
GTTTGACCAGGGCTCTGACG_017,16
GTTTGACCAGGGCTCTGACG_018,142
GTTTGACCAGGGCTCTGACG_019,142
GTTTGACCAGGGCTCTGACG_020,52
GTTTGACCAGGGCTCTGACG_021,162
CAAGTCGCAGCGCTACATGG_001,81
CAAGTCGCAGCGCTACATGG_002,102
CAAGTCGCAGCGCTACATGG_003,140
CAAGTCGCAGCGCTACATGG_004,197
CAAGTCGCAGCGCTACATGG_005,102
CAAGTCGCAGCGCTACATGG_006,145
CAAGTCGCAGCGCTACATGG_007,138
CCTCCGGGGCGCCTGATCCG_001,126
CCTCCGGGGCGCCTGATCCG_002,127
CCTCCGGGGCGCCTGATCCG_003,88
CCTCCGGGGCGCCTGATCCG_004,50
CCTCCGGGGCGCCTGATCCG_005,72
CCTCCGGGGCGCCTGATCCG_006,77
CCTCCGGGGCGCCTGATCCG_007,35
CCTCCGGGGCGCCTGATCCG_008,144
CCTCCGGGGCGCCTGATCCG_009,198
CCTCCGGGGCGCCTGATCCG_010,27
CCTCCGGGGCGCCTGATCCG_011,125
CCTCCGGGGCGCCTGATCCG_012,110
CCTCCGGGGCGCCTGATCCG_013,61
CCTCCGGGGCGCCTGATCCG_014,88
CCTCCGGGGCGCCTGATCCG_015,147
CCTCCGGGGCGCCTGATCCG_016,72
CCTCCGGGGCGCCTGATCCG_017,2
CCTCCGGGGCGCCTGATCCG_018,145
CCTCCGGGGCGCCTGATCCG_019,174
CCTCCGGGGCGCCTGATCCG_020,134
CCTCCGGGGCGCCTGATCCG_021,141
CCTCCGGGGCGCCTGATCCG_022,105
CCTCCGGGGCGCCTGATCCG_023,138
CCTCCGGGGCGCCTGATCCG_024,176
CCTCCGGGGCGCCTGATCCG_025,176
CCTCCGGGGCGCCTGATCCG_026,124
CCTCCGGGGCGCCTGATCCG_027,79
CCTCCGGGGCGCCTGATCCG_028,88
CCTCCGGGGCGCCTGATCCG_029,114
TGTGGTCATAGGTCCAGGAG_001,31
TGTGGTCATAGGTCCAGGAG_002,131
TGTGGTCATAGGTCCAGGAG_003,169
TGTGGTCATAGGTCCAGGAG_004,174
TGTGGTCATAGGTCCAGGAG_005,79
TGTGGTCATAGGTCCAGGAG_006,17
TTATATAAACTGAAGAGCAG_001,121
TTATATAAACTGAAGAGCAG_002,151
TTATATAAACTGAAGAGCAG_003,15
TTATATAAACTGAAGAGCAG_004,168
TTATATAAACTGAAGAGCAG_005,52
TTATATAAACTGAAGAGCAG_006,27
TTATATAAACTGAAGAGCAG_007,91
TTATATAAACTGAAGAGCAG_008,85
GCCACGCGCGAACTCCTGGA_001,17
GCCACGCGCGAACTCCTGGA_002,144
GCCACGCGCGAACTCCTGGA_003,29
GCCACGCGCGAACTCCTGGA_004,130
GCCACGCGCGAACTCCTGGA_005,120
GCCACGCGCGAACTCCTGGA_006,60
GCCACGCGCGAACTCCTGGA_007,15
GCCACGCGCGAACTCCTGGA_008,62
GCCACGCGCGAACTCCTGGA_009,58
GCCACGCGCGAACTCCTGGA_010,56
GCCACGCGCGAACTCCTGGA_011,15
GCCACGCGCGAACTCCTGGA_012,58
GCCACGCGCGAACTCCTGGA_013,55
GCCACGCGCGAACTCCTGGA_014,140
GCCACGCGCGAACTCCTGGA_015,29
GCCACGCGCGAACTCCTGGA_016,84
GCCACGCGCGAACTCCTGGA_017,56
GCCACGCGCGAACTCCTGGA_018,166
GGAGCTACACTATGGGCGAG_001,172
GGAGCTACACTATGGGCGAG_002,118
GGAGCTACACTATGGGCGAG_003,138
GGAGCTACACTATGGGCGAG_004,113
GGAGCTACACTATGGGCGAG_005,111
GGAGCTACACTATGGGCGAG_006,15
GGAGCTACACTATGGGCGAG_007,17
GGAGCTACACTATGGGCGAG_008,153
GGAGCTACACTATGGGCGAG_009,13
GGAGCTACACTATGGGCGAG_010,188
GGAGCTACACTATGGGCGAG_011,49
GGAGCTACACTATGGGCGAG_012,28
TCAGACATCTCCTGAGACCG_001,183
GATGGCGCCTGCATACATGG_001,146
GATGGCGCCTGCATACATGG_002,151
GATGGCGCCTGCATACATGG_003,78
GATGGCGCCTGCATACATGG_004,138
GATGGCGCCTGCATACATGG_005,70
GATGGCGCCTGCATACATGG_006,51
GATGGCGCCTGCATACATGG_007,30
GATGGCGCCTGCATACATGG_008,11
GATGGCGCCTGCATACATGG_009,169
GATGGCGCCTGCATACATGG_010,80
GATGGCGCCTGCATACATGG_011,76
GATGGCGCCTGCATACATGG_012,176
GATGGCGCCTGCATACATGG_013,107
GATGGCGCCTGCATACATGG_014,33
GATGGCGCCTGCATACATGG_015,188
GATGGCGCCTGCATACATGG_016,142
TACCGGCAGGACGCCTACGA_001,17
TACCGGCAGGACGCCTACGA_002,29
TACCGGCAGGACGCCTACGA_003,76
TACCGGCAGGACGCCTACGA_004,62
TACCGGCAGGACGCCTACGA_005,106
TACCGGCAGGACGCCTACGA_006,182
TACCGGCAGGACGCCTACGA_007,169
TACCGGCAGGACGCCTACGA_008,168
TACCGGCAGGACGCCTACGA_009,158
TACCGGCAGGACGCCTACGA_010,20
TACCGGCAGGACGCCTACGA_011,35
TACCGGCAGGACGCCTACGA_012,83
TACCGGCAGGACGCCTACGA_013,140
TACCGGCAGGACGCCTACGA_014,10
TACCGGCAGGACGCCTACGA_015,60
TACCGGCAGGACGCCTACGA_016,127
TCATATTCAGCTGATAACCG_001,198
TTCCTGTGAGAGTATAGGCA_001,181
TTCCTGTGAGAGTATAGGCA_002,68
TTCCTGTGAGAGTATAGGCA_003,96
TTCCTGTGAGAGTATAGGCA_004,89
TTCCTGTGAGAGTATAGGCA_005,194
TTCCTGTGAGAGTATAGGCA_006,154
TTCCTGTGAGAGTATAGGCA_007,198
TTCCTGTGAGAGTATAGGCA_008,102
TTCCTGTGAGAGTATAGGCA_009,199
TTCCTGTGAGAGTATAGGCA_010,168
GCGTTGCGCGCCTGCTCACG_001,140
GCGTTGCGCGCCTGCTCACG_002,88
GCGTTGCGCGCCTGCTCACG_003,150
GCGTTGCGCGCCTGCTCACG_004,107
GCGTTGCGCGCCTGCTCACG_005,48
ATTGTGGTGTTTGTCTCCAG_001,158
ATTGTGGTGTTTGTCTCCAG_002,128
TGTGGGAAACAGTTTGTATG_001,195
TGTGGGAAACAGTTTGTATG_002,105
TGTGGGAAACAGTTTGTATG_003,12
TGTGGGAAACAGTTTGTATG_004,158
TGTGGGAAACAGTTTGTATG_005,13
CGAGTGGGACCTGAACGCGC_001,58
CGAGTGGGACCTGAACGCGC_002,19
CGAGTGGGACCTGAACGCGC_003,146
CGAGTGGGACCTGAACGCGC_004,26
CGAGTGGGACCTGAACGCGC_005,49
CGAGTGGGACCTGAACGCGC_006,16
CGAGTGGGACCTGAACGCGC_007,8
CGAGTGGGACCTGAACGCGC_008,149
CGAGTGGGACCTGAACGCGC_009,12
CGAGTGGGACCTGAACGCGC_010,107
CGAGTGGGACCTGAACGCGC_011,33
CGAGTGGGACCTGAACGCGC_012,110
CGAGTGGGACCTGAACGCGC_013,92
CGAGTGGGACCTGAACGCGC_014,47
CGAGTGGGACCTGAACGCGC_015,130
CGAGTGGGACCTGAACGCGC_016,177
AATGGGGCCTCACCAGACAA_001,119
AATGGGGCCTCACCAGACAA_002,4
AATGGGGCCTCACCAGACAA_003,146
AATGGGGCCTCACCAGACAA_004,76
AATGGGGCCTCACCAGACAA_005,60
AATGGGGCCTCACCAGACAA_006,147
AATGGGGCCTCACCAGACAA_007,161
AATGGGGCCTCACCAGACAA_008,0
AATGGGGCCTCACCAGACAA_009,16
AATGGGGCCTCACCAGACAA_010,41
AATGGGGCCTCACCAGACAA_011,11
AATGGGGCCTCACCAGACAA_012,3
AATGGGGCCTCACCAGACAA_013,166
AATGGGGCCTCACCAGACAA_014,176
AATGGGGCCTCACCAGACAA_015,35
AATGGGGCCTCACCAGACAA_016,186
CCCACAGTGTCAGAGTCAGG_001,172
CAAGTAATTCAGGATGTGAT_001,191
CAAGTAATTCAGGATGTGAT_002,34
GAAACTCACCGATCCATACA_001,127
GAAACTCACCGATCCATACA_002,47
GAAACTCACCGATCCATACA_003,138
GAAACTCACCGATCCATACA_004,44
AGCAGCCAGGAGCAAACTCT_001,92
AGCAGCCAGGAGCAAACTCT_002,131
AGCAGCCAGGAGCAAACTCT_003,94
AGCAGCCAGGAGCAAACTCT_004,49
AGCAGCCAGGAGCAAACTCT_005,2
AGCAGCCAGGAGCAAACTCT_006,47
AGCAGCCAGGAGCAAACTCT_007,84
AGCAGCCAGGAGCAAACTCT_008,23
AGCAGCCAGGAGCAAACTCT_009,46
AGCAGCCAGGAGCAAACTCT_010,60
AGCAGCCAGGAGCAAACTCT_011,159
AGCAGCCAGGAGCAAACTCT_012,171
AGCAGCCAGGAGCAAACTCT_013,131
AGCAGCCAGGAGCAAACTCT_014,147
AGCAGCCAGGAGCAAACTCT_015,172
AGCAGCCAGGAGCAAACTCT_016,172
AGCAGCCAGGAGCAAACTCT_017,29
AGCAGCCAGGAGCAAACTCT_018,53
AGCAGCCAGGAGCAAACTCT_019,40
AGCAGCCAGGAGCAAACTCT_020,40
AGCAGCCAGGAGCAAACTCT_021,123
AGCAGCCAGGAGCAAACTCT_022,120
AGCAGCCAGGAGCAAACTCT_023,121
AGCAGCCAGGAGCAAACTCT_024,35
AGCAGCCAGGAGCAAACTCT_025,147
AGCAGCCAGGAGCAAACTCT_026,147
AGCAGCCAGGAGCAAACTCT_027,1
AGCAGCCAGGAGCAAACTCT_028,176
AGCAGCCAGGAGCAAACTCT_029,2
AGCAGCCAGGAGCAAACTCT_030,184
AGCAGCCAGGAGCAAACTCT_031,115
AGCAGCCAGGAGCAAACTCT_032,36
AGCAGCCAGGAGCAAACTCT_033,174
AGCAGCCAGGAGCAAACTCT_034,198
AGCAGCCAGGAGCAAACTCT_035,15
AGCAGCCAGGAGCAAACTCT_036,47
AGCAGCCAGGAGCAAACTCT_037,47
AGCAGCCAGGAGCAAACTCT_038,116
AGCAGCCAGGAGCAAACTCT_039,180
AGCAGCCAGGAGCAAACTCT_040,124
AGCAGCCAGGAGCAAACTCT_041,188
AGCAGCCAGGAGCAAACTCT_042,27
AGCAGCCAGGAGCAAACTCT_043,62
AGCAGCCAGGAGCAAACTCT_044,106
AGCAGCCAGGAGCAAACTCT_045,146
AGCAGCCAGGAGCAAACTCT_046,66
TCTTCAAAATAGTCAATGTG_001,88
TCTTCAAAATAGTCAATGTG_002,152
TCTTCAAAATAGTCAATGTG_003,9
TCTTCAAAATAGTCAATGTG_004,128
TCTTCAAAATAGTCAATGTG_005,128
TCTTCAAAATAGTCAATGTG_006,36
TCTTCAAAATAGTCAATGTG_007,138
TCTTCAAAATAGTCAATGTG_008,43
TCTTCAAAATAGTCAATGTG_009,34
ACAAACTACTCAGAAGCAAG_001,105
ACAAACTACTCAGAAGCAAG_002,152
ACAAACTACTCAGAAGCAAG_003,166
ACAAACTACTCAGAAGCAAG_004,113
ACAAACTACTCAGAAGCAAG_005,0
ACAAACTACTCAGAAGCAAG_006,165
GTGTTTAGCAACCAACACTG_001,158
GTGTTTAGCAACCAACACTG_002,115
GTGTTTAGCAACCAACACTG_003,10
GTGTTTAGCAACCAACACTG_004,103
GTGTTTAGCAACCAACACTG_005,41
GTGTTTAGCAACCAACACTG_006,41
GTGTTTAGCAACCAACACTG_007,40
GTGTTTAGCAACCAACACTG_008,38
GTGTTTAGCAACCAACACTG_009,63
GTGTTTAGCAACCAACACTG_010,104
GTGTTTAGCAACCAACACTG_011,34
GTGTTTAGCAACCAACACTG_012,65
GTGTTTAGCAACCAACACTG_013,88
GTGTTTAGCAACCAACACTG_014,91
GTGTTTAGCAACCAACACTG_015,128
GTGTTTAGCAACCAACACTG_016,176
GTGTTTAGCAACCAACACTG_017,149
GTGTTTAGCAACCAACACTG_018,81
GTGTTTAGCAACCAACACTG_019,103
GTGTTTAGCAACCAACACTG_020,50
GTGTTTAGCAACCAACACTG_021,137
GTGTTTAGCAACCAACACTG_022,163
GTGTTTAGCAACCAACACTG_023,188
GTGTTTAGCAACCAACACTG_024,18
GTGTTTAGCAACCAACACTG_025,25
GTGTTTAGCAACCAACACTG_026,191
GTGTTTAGCAACCAACACTG_027,107
GTGTTTAGCAACCAACACTG_028,191
GTGTTTAGCAACCAACACTG_029,188
GTGTTTAGCAACCAACACTG_030,176
GTGTTTAGCAACCAACACTG_031,78
GTGTTTAGCAACCAACACTG_032,199
GTGTTTAGCAACCAACACTG_033,45
AAAGGGAAAACAGGCCGAAG_001,103
GGCAAAATGATGGATGCCAC_001,102
GGCAAAATGATGGATGCCAC_002,1
GGCAAAATGATGGATGCCAC_003,192
GGCAAAATGATGGATGCCAC_004,113
GGCAAAATGATGGATGCCAC_005,148
GGCAAAATGATGGATGCCAC_006,74
GGCAAAATGATGGATGCCAC_007,78
GGCAAAATGATGGATGCCAC_008,147
GGCAAAATGATGGATGCCAC_009,4
GGCAAAATGATGGATGCCAC_010,19
GGCAAAATGATGGATGCCAC_011,63
GGCAAAATGATGGATGCCAC_012,34
GGCAAAATGATGGATGCCAC_013,103
GGCAAAATGATGGATGCCAC_014,67
GGCAAAATGATGGATGCCAC_015,180
GGCAAAATGATGGATGCCAC_016,77
CAGGTCACGAAAAAGAACAC_001,54
CAGGTCACGAAAAAGAACAC_002,150
GCTTTGAGATCCCGGCGCAG_001,156
GCTTTGAGATCCCGGCGCAG_002,141
TCTGAGAGGTAGAATCATTG_001,47
TCTGAGAGGTAGAATCATTG_002,145
TCTGAGAGGTAGAATCATTG_003,140
TCTGAGAGGTAGAATCATTG_004,66
TCTGAGAGGTAGAATCATTG_005,16
TCTGAGAGGTAGAATCATTG_006,63
TCTGAGAGGTAGAATCATTG_007,45
GCGTGGTGATGTTCACCCTG_001,147
GCGTGGTGATGTTCACCCTG_002,17
GCGTGGTGATGTTCACCCTG_003,166
GCGTGGTGATGTTCACCCTG_004,68
GCGTGGTGATGTTCACCCTG_005,81
GCGTGGTGATGTTCACCCTG_006,88
GCGTGGTGATGTTCACCCTG_007,188
GCGTGGTGATGTTCACCCTG_008,144
GCGTGGTGATGTTCACCCTG_009,193
GCGTGGTGATGTTCACCCTG_010,129
GCGTGGTGATGTTCACCCTG_011,176
GCGTGGTGATGTTCACCCTG_012,72
GCGTGGTGATGTTCACCCTG_013,2
GCGTGGTGATGTTCACCCTG_014,191
GCGTGGTGATGTTCACCCTG_015,30
GCGTGGTGATGTTCACCCTG_016,84
GCGTGGTGATGTTCACCCTG_017,15
GCGTGGTGATGTTCACCCTG_018,62
GCGTGGTGATGTTCACCCTG_019,169
GCGTGGTGATGTTCACCCTG_020,198
GCGTGGTGATGTTCACCCTG_021,182
GCGTGGTGATGTTCACCCTG_022,169
GCGTGGTGATGTTCACCCTG_023,17
AAAGCTGTGCACACAGTCAG_001,183
AAAGCTGTGCACACAGTCAG_002,27
AAAGCTGTGCACACAGTCAG_003,126
AAAGCTGTGCACACAGTCAG_004,62
AAAGCTGTGCACACAGTCAG_005,8
AAAGCTGTGCACACAGTCAG_006,42
AAAGCTGTGCACACAGTCAG_007,131
GGTTGAATCCAGTAGACACA_001,80
GGTTGAATCCAGTAGACACA_002,73
GGTTGAATCCAGTAGACACA_003,38
GGTTGAATCCAGTAGACACA_004,2
GGTTGAATCCAGTAGACACA_005,78
GGTTGAATCCAGTAGACACA_006,116
GTGCCGAAGGCTGTACCAGT_001,50
GTGCCGAAGGCTGTACCAGT_002,160
GTGCCGAAGGCTGTACCAGT_003,182
GTGCCGAAGGCTGTACCAGT_004,72
GTGCCGAAGGCTGTACCAGT_005,76
GTGCCGAAGGCTGTACCAGT_006,140
GTGCCGAAGGCTGTACCAGT_007,194
GTGCCGAAGGCTGTACCAGT_008,184
GTGCCGAAGGCTGTACCAGT_009,105
GTGCCGAAGGCTGTACCAGT_010,36
GTGCCGAAGGCTGTACCAGT_011,107
GTGCCGAAGGCTGTACCAGT_012,125
GTGCCGAAGGCTGTACCAGT_013,108
GTGCCGAAGGCTGTACCAGT_014,134
GTGCCGAAGGCTGTACCAGT_015,36
GTGCCGAAGGCTGTACCAGT_016,116
GTGCCGAAGGCTGTACCAGT_017,88
GTGCCGAAGGCTGTACCAGT_018,110
GTGCCGAAGGCTGTACCAGT_019,149
GTGCCGAAGGCTGTACCAGT_020,144
TGTCTTCTTTCCTGCAACAA_001,8
TGTCTTCTTTCCTGCAACAA_002,130
TGGATTACAAAGCTGACGAG_001,17
TGGATTACAAAGCTGACGAG_002,84
TGGATTACAAAGCTGACGAG_003,48
TGGATTACAAAGCTGACGAG_004,126
TGGATTACAAAGCTGACGAG_005,42
TGGATTACAAAGCTGACGAG_006,33
TGGATTACAAAGCTGACGAG_007,33
TGGATTACAAAGCTGACGAG_008,117
TGGATTACAAAGCTGACGAG_009,185
TGGATTACAAAGCTGACGAG_010,66
TGGATTACAAAGCTGACGAG_011,75
TGGATTACAAAGCTGACGAG_012,59
TGGATTACAAAGCTGACGAG_013,91
TGGATTACAAAGCTGACGAG_014,86
TGGATTACAAAGCTGACGAG_015,148
TGGATTACAAAGCTGACGAG_016,158
TGGATTACAAAGCTGACGAG_017,76
CAGAGAGCCGAGATAAAGGG_001,92
CAGAGAGCCGAGATAAAGGG_002,1
CAGAGAGCCGAGATAAAGGG_003,191
CAGAGAGCCGAGATAAAGGG_004,9
CAGAGAGCCGAGATAAAGGG_005,33
CAGAGAGCCGAGATAAAGGG_006,35
ACAGACACCCCCAAAAGCGA_001,171
ACAGACACCCCCAAAAGCGA_002,178
ACAGACACCCCCAAAAGCGA_003,95
ACAGACACCCCCAAAAGCGA_004,61
ACAGACACCCCCAAAAGCGA_005,15
ACAGACACCCCCAAAAGCGA_006,148
ACAGACACCCCCAAAAGCGA_007,147
ACAGACACCCCCAAAAGCGA_008,48
ACAGACACCCCCAAAAGCGA_009,149
ACAGACACCCCCAAAAGCGA_010,105
ACAGACACCCCCAAAAGCGA_011,48
ACAGACACCCCCAAAAGCGA_012,38
ACAGACACCCCCAAAAGCGA_013,124
ACAGACACCCCCAAAAGCGA_014,192
ACAGACACCCCCAAAAGCGA_015,105
ACAGACACCCCCAAAAGCGA_016,43
ACAGACACCCCCAAAAGCGA_017,52
GCCAGCTCACGCTTCTCGCG_001,110
GCCAGCTCACGCTTCTCGCG_002,69
GCCAGCTCACGCTTCTCGCG_003,48
GCCAGCTCACGCTTCTCGCG_004,0
GCCAGCTCACGCTTCTCGCG_005,188
GCCAGCTCACGCTTCTCGCG_006,88
GCCAGCTCACGCTTCTCGCG_007,158
GGCTGCTGTGCACAGAACGG_001,184
GGCTGCTGTGCACAGAACGG_002,172
GGCTGCTGTGCACAGAACGG_003,166
GGCTGCTGTGCACAGAACGG_004,168
ACTTCAGGTTTACTCTGAGG_001,2
ACTTCAGGTTTACTCTGAGG_002,62
GAAGGATATTACAGCCGAAG_001,151
GAAGGATATTACAGCCGAAG_002,11
GCACCAGCACCTAGCGTACG_001,38
GCACCAGCACCTAGCGTACG_002,9
GCACCAGCACCTAGCGTACG_003,147
GCACCAGCACCTAGCGTACG_004,163
GCACCAGCACCTAGCGTACG_005,199
GCACCAGCACCTAGCGTACG_006,50
GCACCAGCACCTAGCGTACG_007,159
GCACCAGCACCTAGCGTACG_008,21
GCACCAGCACCTAGCGTACG_009,32
GCACCAGCACCTAGCGTACG_010,29
GCACCAGCACCTAGCGTACG_011,15
GCACCAGCACCTAGCGTACG_012,72
GCACCAGCACCTAGCGTACG_013,175
GCACCAGCACCTAGCGTACG_014,155
GCACCAGCACCTAGCGTACG_015,56
GCACCAGCACCTAGCGTACG_016,117
GCACCAGCACCTAGCGTACG_017,9
GCACCAGCACCTAGCGTACG_018,40
GCACCAGCACCTAGCGTACG_019,129
GCACCAGCACCTAGCGTACG_020,16
GCACCAGCACCTAGCGTACG_021,175
GCACCAGCACCTAGCGTACG_022,58
GCACCAGCACCTAGCGTACG_023,153
GCACCAGCACCTAGCGTACG_024,115
GCACCAGCACCTAGCGTACG_025,40
GCACCAGCACCTAGCGTACG_026,144
AAAATCAATGTGGATCGACG_001,158
AAAATCAATGTGGATCGACG_002,63
AAAATCAATGTGGATCGACG_003,31
AAAATCAATGTGGATCGACG_004,30
AAAATCAATGTGGATCGACG_005,193
ACCACTAGCCAGGTCTCGAA_001,175
ACCACTAGCCAGGTCTCGAA_002,162
ACCACTAGCCAGGTCTCGAA_003,177
ACCACTAGCCAGGTCTCGAA_004,147
ACCACTAGCCAGGTCTCGAA_005,148
ACCACTAGCCAGGTCTCGAA_006,158
ACCACTAGCCAGGTCTCGAA_007,49
ACCACTAGCCAGGTCTCGAA_008,185
ACCACTAGCCAGGTCTCGAA_009,57
CGGCCACTGTACCAACACCG_001,57
CGGCCACTGTACCAACACCG_002,193
CGGCCACTGTACCAACACCG_003,184
CGGCCACTGTACCAACACCG_004,82
CGGCCACTGTACCAACACCG_005,80
CGGCCACTGTACCAACACCG_006,152
CGGCCACTGTACCAACACCG_007,149
CGGCCACTGTACCAACACCG_008,17
CGGCCACTGTACCAACACCG_009,109
CCCCTGGCTATGTTCCTGAG_001,63
CCCCTGGCTATGTTCCTGAG_002,159
CCCCTGGCTATGTTCCTGAG_003,88
CCCCTGGCTATGTTCCTGAG_004,10
CCCCTGGCTATGTTCCTGAG_005,181
CCCCTGGCTATGTTCCTGAG_006,96
TGTGTTTCAGGGCTCTACAG_001,154
TGTGTTTCAGGGCTCTACAG_002,68
TGTGTTTCAGGGCTCTACAG_003,175
TGTGTTTCAGGGCTCTACAG_004,12
TGTGTTTCAGGGCTCTACAG_005,60
TGTGTTTCAGGGCTCTACAG_006,148
TGTGTTTCAGGGCTCTACAG_007,43
TGTGTTTCAGGGCTCTACAG_008,56
TGTGTTTCAGGGCTCTACAG_009,68
TGTGTTTCAGGGCTCTACAG_010,177
TTCATATCCTTCGAAAACGA_001,175
TTCATATCCTTCGAAAACGA_002,108
AGCTGTGGCCACCACCCGAG_001,190
AGCTGTGGCCACCACCCGAG_002,185
AGCTGTGGCCACCACCCGAG_003,130
AGCTGTGGCCACCACCCGAG_004,43
AGCTGTGGCCACCACCCGAG_005,48
AGCTGTGGCCACCACCCGAG_006,89
AGCTGTGGCCACCACCCGAG_007,24
AGCTGTGGCCACCACCCGAG_008,165
AGCTGTGGCCACCACCCGAG_009,62
AGCTGTGGCCACCACCCGAG_010,149
AGCTGTGGCCACCACCCGAG_011,88
AGCTGTGGCCACCACCCGAG_012,136
AGCTGTGGCCACCACCCGAG_013,114
ATGGACACAGTCTTAATGGG_001,130
ATGGACACAGTCTTAATGGG_002,186
ATGGACACAGTCTTAATGGG_003,95
ATGGACACAGTCTTAATGGG_004,24
ATGGACACAGTCTTAATGGG_005,197
ATGGACACAGTCTTAATGGG_006,92
ATGGACACAGTCTTAATGGG_007,2
ATGGACACAGTCTTAATGGG_008,17
ATGGACACAGTCTTAATGGG_009,152
ATGGACACAGTCTTAATGGG_010,123
ATGGACACAGTCTTAATGGG_011,162
ATGGACACAGTCTTAATGGG_012,137
ATGGACACAGTCTTAATGGG_013,164
ATGGACACAGTCTTAATGGG_014,164
GGCTCCTTAGACCCAGAGCA_001,113
GGCTCCTTAGACCCAGAGCA_002,113
GGCTCCTTAGACCCAGAGCA_003,161
GGCTCCTTAGACCCAGAGCA_004,54
GGCTCCTTAGACCCAGAGCA_005,172
GGCTCCTTAGACCCAGAGCA_006,160
GGCTCCTTAGACCCAGAGCA_007,32
GGCTCCTTAGACCCAGAGCA_008,122
GGCTCCTTAGACCCAGAGCA_009,162
GGCTCCTTAGACCCAGAGCA_010,52
TCTGCACGGTGTCGAAATGG_001,28
GGATCCCACACCGTGACAGG_001,133
GGATCCCACACCGTGACAGG_002,81
GGATCCCACACCGTGACAGG_003,183
GGATCCCACACCGTGACAGG_004,62
GGATCCCACACCGTGACAGG_005,190
GGATCCCACACCGTGACAGG_006,195
GGATCCCACACCGTGACAGG_007,183
ATGTCAATGATATCTGATGC_001,65
ATGTCAATGATATCTGATGC_002,147
GTCTGACTACAGTCCAAGTG_001,1
GTCTGACTACAGTCCAAGTG_002,170
GTCTGACTACAGTCCAAGTG_003,61
GTCTGACTACAGTCCAAGTG_004,15
GTCTGACTACAGTCCAAGTG_005,127
GTCTGACTACAGTCCAAGTG_006,108
GTCTGACTACAGTCCAAGTG_007,48
GTCTGACTACAGTCCAAGTG_008,145
GTCTGACTACAGTCCAAGTG_009,18
GTCTGACTACAGTCCAAGTG_010,121
GTCTGACTACAGTCCAAGTG_011,39
GTCTGACTACAGTCCAAGTG_012,29
GTCTGACTACAGTCCAAGTG_013,68
GTCTGACTACAGTCCAAGTG_014,115
ATTCTGCAACGACGCCATGA_001,188
ATTCTGCAACGACGCCATGA_002,19
ATTCTGCAACGACGCCATGA_003,140
ATTCTGCAACGACGCCATGA_004,170
ATTCTGCAACGACGCCATGA_005,50
ATTCTGCAACGACGCCATGA_006,137
ATTCTGCAACGACGCCATGA_007,152
ATTCTGCAACGACGCCATGA_008,14
ATTCTGCAACGACGCCATGA_009,5
ATTCTGCAACGACGCCATGA_010,58
ATTCTGCAACGACGCCATGA_011,147
ATTCTGCAACGACGCCATGA_012,150
ATTCTGCAACGACGCCATGA_013,28
ATTCTGCAACGACGCCATGA_014,190
ATTCTGCAACGACGCCATGA_015,27
ATTCTGCAACGACGCCATGA_016,5
ATTCTGCAACGACGCCATGA_017,50
ATTCTGCAACGACGCCATGA_018,2
ATTCTGCAACGACGCCATGA_019,94
ATTCTGCAACGACGCCATGA_020,121
ATTCTGCAACGACGCCATGA_021,107
ATTCTGCAACGACGCCATGA_022,3
ATTCTGCAACGACGCCATGA_023,58
ATTCTGCAACGACGCCATGA_024,158
ATTCTGCAACGACGCCATGA_025,184
TGAAGGCCTCGGAGAGCTCA_001,3
TGAAGGCCTCGGAGAGCTCA_002,142
TGAAGGCCTCGGAGAGCTCA_003,125
TGAAGGCCTCGGAGAGCTCA_004,36
ACTACATCAACTACCAGCAG_001,106
ACTACATCAACTACCAGCAG_002,163
ACTACATCAACTACCAGCAG_003,102
ACTACATCAACTACCAGCAG_004,76
ACTACATCAACTACCAGCAG_005,42
ACTACATCAACTACCAGCAG_006,159
ACTACATCAACTACCAGCAG_007,165
ACTACATCAACTACCAGCAG_008,40
ACTACATCAACTACCAGCAG_009,169
ACTACATCAACTACCAGCAG_010,78
ACTACATCAACTACCAGCAG_011,42
ACTACATCAACTACCAGCAG_012,13
ACTACATCAACTACCAGCAG_013,127
ACTACATCAACTACCAGCAG_014,168
ACTACATCAACTACCAGCAG_015,168
ACTACATCAACTACCAGCAG_016,179
GGACAGATTAGCAAGCAATG_001,144
GGACAGATTAGCAAGCAATG_002,98
GGACAGATTAGCAAGCAATG_003,145
GGACAGATTAGCAAGCAATG_004,61
GGACAGATTAGCAAGCAATG_005,172
ACTGGACCCAAGATCTCACT_001,111
ACTGGACCCAAGATCTCACT_002,126
ACTGGACCCAAGATCTCACT_003,127
ACTGGACCCAAGATCTCACT_004,78
GCTACTCGAAGAACAGCCAA_001,156
GCTACTCGAAGAACAGCCAA_002,104
GCTACTCGAAGAACAGCCAA_003,85
GCTACTCGAAGAACAGCCAA_004,48
TGGCTCGGCTCCCCACCAAG_001,92
TGGCTCGGCTCCCCACCAAG_002,154
TGGCTCGGCTCCCCACCAAG_003,151
AGAGTGGGTTACACAAGCTA_001,100
AGAGTGGGTTACACAAGCTA_002,67
AGAGTGGGTTACACAAGCTA_003,62
AGAGTGGGTTACACAAGCTA_004,155
AGAGTGGGTTACACAAGCTA_005,153
GCCTTGAGACCTAAACTGTG_001,57
GCCTTGAGACCTAAACTGTG_002,12
GCCTTGAGACCTAAACTGTG_003,76
GCCTTGAGACCTAAACTGTG_004,16
GCCTTGAGACCTAAACTGTG_005,34
GCCTTGAGACCTAAACTGTG_006,82
GCCTTGAGACCTAAACTGTG_007,43
GCCTTGAGACCTAAACTGTG_008,112
GCCTTGAGACCTAAACTGTG_009,44
GCCTTGAGACCTAAACTGTG_010,82
GCCTTGAGACCTAAACTGTG_011,58
GCCTTGAGACCTAAACTGTG_012,62
GCCTTGAGACCTAAACTGTG_013,105
GCCTTGAGACCTAAACTGTG_014,170
GCCTTGAGACCTAAACTGTG_015,9
GCCTTGAGACCTAAACTGTG_016,96
GCCTTGAGACCTAAACTGTG_017,58
GCCTTGAGACCTAAACTGTG_018,121
GCCTTGAGACCTAAACTGTG_019,102
GCCTTGAGACCTAAACTGTG_020,183
GCCTTGAGACCTAAACTGTG_021,140
GCCTTGAGACCTAAACTGTG_022,1
GCCTTGAGACCTAAACTGTG_023,9
GCCTTGAGACCTAAACTGTG_024,19
GCCTTGAGACCTAAACTGTG_025,103
GCCTTGAGACCTAAACTGTG_026,137
GCCTTGAGACCTAAACTGTG_027,112
GCCTTGAGACCTAAACTGTG_028,50
GCCTTGAGACCTAAACTGTG_029,84
GCCTTGAGACCTAAACTGTG_030,1
GTAGGAATTGGCAGACTACA_001,53
GTAGGAATTGGCAGACTACA_002,149
GTAGGAATTGGCAGACTACA_003,133
GTAGGAATTGGCAGACTACA_004,181
GTAGGAATTGGCAGACTACA_005,145
GTAGGAATTGGCAGACTACA_006,41
GTAGGAATTGGCAGACTACA_007,160
GTAGGAATTGGCAGACTACA_008,2
GTAGGAATTGGCAGACTACA_009,78
GTAGGAATTGGCAGACTACA_010,29
GTAGGAATTGGCAGACTACA_011,38
GTAGGAATTGGCAGACTACA_012,70
GTAGGAATTGGCAGACTACA_013,98
GTAGGAATTGGCAGACTACA_014,174
TCCTCGAAAAGTGTGCGACG_001,12
TCCTCGAAAAGTGTGCGACG_002,12
TCCTCGAAAAGTGTGCGACG_003,190
TCCTCGAAAAGTGTGCGACG_004,144
TCCTCGAAAAGTGTGCGACG_005,140
TCCTCGAAAAGTGTGCGACG_006,81
TCCTCGAAAAGTGTGCGACG_007,54
TCCTCGAAAAGTGTGCGACG_008,66
TCTCACACTCGGCTATGGCG_001,166
GAGATGCTGGGGGACAGTGA_001,191
GAGATGCTGGGGGACAGTGA_002,57
GAGATGCTGGGGGACAGTGA_003,168
GAGATGCTGGGGGACAGTGA_004,103
GAGATGCTGGGGGACAGTGA_005,61
GAGATGCTGGGGGACAGTGA_006,14
TGTTGCAAACTCTACTCCAA_001,81
TGTTGCAAACTCTACTCCAA_002,113
TGTTGCAAACTCTACTCCAA_003,162
TGTTGCAAACTCTACTCCAA_004,13
TGTTGCAAACTCTACTCCAA_005,13
TGTTGCAAACTCTACTCCAA_006,66
AGAGAGGAAAACTCTCCGAC_001,38
AGAGAGGAAAACTCTCCGAC_002,197
AGAGAGGAAAACTCTCCGAC_003,15
AGAGAGGAAAACTCTCCGAC_004,124
AGAGAGGAAAACTCTCCGAC_005,92
AGAGAGGAAAACTCTCCGAC_006,9
AGAGAGGAAAACTCTCCGAC_007,168
AGAGAGGAAAACTCTCCGAC_008,144
AGAGAGGAAAACTCTCCGAC_009,22
AGAGAGGAAAACTCTCCGAC_010,148
AGAGAGGAAAACTCTCCGAC_011,121
AGAGAGGAAAACTCTCCGAC_012,148
AACAGCGCTCATCTTGTACT_001,28
AACAGCGCTCATCTTGTACT_002,151
AACAGCGCTCATCTTGTACT_003,3
TGCAAGTTAGCAGACAGCCG_001,175
TGCAAGTTAGCAGACAGCCG_002,47
TGCAAGTTAGCAGACAGCCG_003,5
TGCAAGTTAGCAGACAGCCG_004,5
TGCAAGTTAGCAGACAGCCG_005,43
TGCAAGTTAGCAGACAGCCG_006,17
TGCAAGTTAGCAGACAGCCG_007,139
TGCAAGTTAGCAGACAGCCG_008,5
TGCAAGTTAGCAGACAGCCG_009,91
TGCAAGTTAGCAGACAGCCG_010,102
TGCAAGTTAGCAGACAGCCG_011,48
GCGCTCAGCCTCATCAAGCG_001,194
GCGCTCAGCCTCATCAAGCG_002,160
GCGCTCAGCCTCATCAAGCG_003,32
GCGCTCAGCCTCATCAAGCG_004,139
GCGCTCAGCCTCATCAAGCG_005,192
TCCACCGTGAGCCATATCTG_001,53
TCCACCGTGAGCCATATCTG_002,3
TCCACCGTGAGCCATATCTG_003,60
TCCACCGTGAGCCATATCTG_004,148
TCCACCGTGAGCCATATCTG_005,158
TCCACCGTGAGCCATATCTG_006,103
TCCACCGTGAGCCATATCTG_007,162
TCCACCGTGAGCCATATCTG_008,70
TCCACCGTGAGCCATATCTG_009,41
TCCACCGTGAGCCATATCTG_010,172
GAGTCCCGCTTCGTAGCAGG_001,176
GAGTCCCGCTTCGTAGCAGG_002,50
GAGTCCCGCTTCGTAGCAGG_003,154
GAGTCCCGCTTCGTAGCAGG_004,48
GAGTCCCGCTTCGTAGCAGG_005,35
GAGTCCCGCTTCGTAGCAGG_006,103
GAGTCCCGCTTCGTAGCAGG_007,18
GAGTCCCGCTTCGTAGCAGG_008,84
GAGTCCCGCTTCGTAGCAGG_009,106
GAGTCCCGCTTCGTAGCAGG_010,156
GAGTCCCGCTTCGTAGCAGG_011,121
GAGTCCCGCTTCGTAGCAGG_012,84
GAGTCCCGCTTCGTAGCAGG_013,40
GAGTCCCGCTTCGTAGCAGG_014,20
GAGTCCCGCTTCGTAGCAGG_015,60
GAGTCCCGCTTCGTAGCAGG_016,17
GAGTCCCGCTTCGTAGCAGG_017,141
GAGTCCCGCTTCGTAGCAGG_018,141
GAGTCCCGCTTCGTAGCAGG_019,46
GAGTCCCGCTTCGTAGCAGG_020,150
GAGTCCCGCTTCGTAGCAGG_021,51
GAGTCCCGCTTCGTAGCAGG_022,8
GAGTCCCGCTTCGTAGCAGG_023,175
GAGTCCCGCTTCGTAGCAGG_024,147
GAGTCCCGCTTCGTAGCAGG_025,73
GAGTCCCGCTTCGTAGCAGG_026,41
GAGTCCCGCTTCGTAGCAGG_027,158
GAGTCCCGCTTCGTAGCAGG_028,43
GAGTCCCGCTTCGTAGCAGG_029,62
CCGGGGAAGTCGGTCCAGCG_001,118
CCGGGGAAGTCGGTCCAGCG_002,147
CCGGGGAAGTCGGTCCAGCG_003,50
CCGGGGAAGTCGGTCCAGCG_004,140
CCGGGGAAGTCGGTCCAGCG_005,158
CCGGGGAAGTCGGTCCAGCG_006,63
CCGGGGAAGTCGGTCCAGCG_007,1
AGGCAGCCCTTCGAACTGCG_001,197
AGGCAGCCCTTCGAACTGCG_002,130
AGGCAGCCCTTCGAACTGCG_003,109
AGGCAGCCCTTCGAACTGCG_004,109
AGGCAGCCCTTCGAACTGCG_005,2
AGGCAGCCCTTCGAACTGCG_006,58
AGGCAGCCCTTCGAACTGCG_007,154
AGGCAGCCCTTCGAACTGCG_008,78
AGGCAGCCCTTCGAACTGCG_009,42
AGGCAGCCCTTCGAACTGCG_010,39
AGGCAGCCCTTCGAACTGCG_011,48
AGGCAGCCCTTCGAACTGCG_012,31
AGGCAGCCCTTCGAACTGCG_013,68
AGGCAGCCCTTCGAACTGCG_014,49
AGGCAGCCCTTCGAACTGCG_015,184
AGGCAGCCCTTCGAACTGCG_016,127
AGGCAGCCCTTCGAACTGCG_017,63
AGGCAGCCCTTCGAACTGCG_018,121
AGGCAGCCCTTCGAACTGCG_019,12
AGGCAGCCCTTCGAACTGCG_020,24
AGGCAGCCCTTCGAACTGCG_021,161
AGGCAGCCCTTCGAACTGCG_022,185
AGGCAGCCCTTCGAACTGCG_023,137
AGGCAGCCCTTCGAACTGCG_024,158
AGGCAGCCCTTCGAACTGCG_025,119
AGGCAGCCCTTCGAACTGCG_026,120
AGGCAGCCCTTCGAACTGCG_027,103
AGGCAGCCCTTCGAACTGCG_028,55
AGGCAGCCCTTCGAACTGCG_029,127
AGGCAGCCCTTCGAACTGCG_030,35
AGGCAGCCCTTCGAACTGCG_031,41
AGGCAGCCCTTCGAACTGCG_032,113
AGGCAGCCCTTCGAACTGCG_033,58
AGGCAGCCCTTCGAACTGCG_034,96
AGGCAGCCCTTCGAACTGCG_035,18
AGGCAGCCCTTCGAACTGCG_036,159
AGGCAGCCCTTCGAACTGCG_037,33
AGGCAGCCCTTCGAACTGCG_038,107
AGGCAGCCCTTCGAACTGCG_039,16
AGGCAGCCCTTCGAACTGCG_040,158
AGGCAGCCCTTCGAACTGCG_041,88
AGGCAGCCCTTCGAACTGCG_042,56
AGGCAGCCCTTCGAACTGCG_043,56
AGGCAGCCCTTCGAACTGCG_044,57
AGGCAGCCCTTCGAACTGCG_045,66
AGGCAGCCCTTCGAACTGCG_046,141
AGGCAGCCCTTCGAACTGCG_047,191
AGGCAGCCCTTCGAACTGCG_048,6
AGGCAGCCCTTCGAACTGCG_049,46
AGGCAGCCCTTCGAACTGCG_050,123
AGGCAGCCCTTCGAACTGCG_051,125
AGGCAGCCCTTCGAACTGCG_052,83
AGGCAGCCCTTCGAACTGCG_053,34
AGGCAGCCCTTCGAACTGCG_054,34
AGGCAGCCCTTCGAACTGCG_055,158
AGGCAGCCCTTCGAACTGCG_056,94
AGGCAGCCCTTCGAACTGCG_057,161
TGCATGGCACTGGACGACAG_001,119
TGCATGGCACTGGACGACAG_002,0
TGCATGGCACTGGACGACAG_003,93
TGCATGGCACTGGACGACAG_004,166
TGCATGGCACTGGACGACAG_005,13
TGCATGGCACTGGACGACAG_006,60
TGCATGGCACTGGACGACAG_007,55
TGCATGGCACTGGACGACAG_008,197
TGCATGGCACTGGACGACAG_009,15
TGCATGGCACTGGACGACAG_010,26
TGCATGGCACTGGACGACAG_011,2
TGCATGGCACTGGACGACAG_012,130
TGCATGGCACTGGACGACAG_013,178
TGCATGGCACTGGACGACAG_014,178
CTGTGCATAGGATCCCGGCG_001,184
CTGTGCATAGGATCCCGGCG_002,18
AAAGTCAAGCCACAATCACT_001,170
AAAGTCAAGCCACAATCACT_002,94
AAAGTCAAGCCACAATCACT_003,147
AAAGTCAAGCCACAATCACT_004,147
AAAGTCAAGCCACAATCACT_005,88
AAAGTCAAGCCACAATCACT_006,83
AAAGTCAAGCCACAATCACT_007,41
AAAGTCAAGCCACAATCACT_008,190
AAAGTCAAGCCACAATCACT_009,110
AAAGTCAAGCCACAATCACT_010,152
AAAGTCAAGCCACAATCACT_011,81
TGGAGAAAATCCCCATACTG_001,144
TGGAGAAAATCCCCATACTG_002,171
TGGAGAAAATCCCCATACTG_003,159
TGGAGAAAATCCCCATACTG_004,114
TGGAGAAAATCCCCATACTG_005,60
TGGAGAAAATCCCCATACTG_006,69
AAGTTGTATGGGGTGCCCAG_001,130
AAGTTGTATGGGGTGCCCAG_002,8
AAGTTGTATGGGGTGCCCAG_003,16
AAGTTGTATGGGGTGCCCAG_004,52
AAGTTGTATGGGGTGCCCAG_005,198
AAGTTGTATGGGGTGCCCAG_006,88
AAGTTGTATGGGGTGCCCAG_007,146
AAGTTGTATGGGGTGCCCAG_008,65
AAGTTGTATGGGGTGCCCAG_009,88
AAGTTGTATGGGGTGCCCAG_010,107
AAGTTGTATGGGGTGCCCAG_011,23
AAGTTGTATGGGGTGCCCAG_012,177
AAGTTGTATGGGGTGCCCAG_013,68
AAGTTGTATGGGGTGCCCAG_014,178
TGGACGGTGGTGCAGCACGG_001,70
TGGACGGTGGTGCAGCACGG_002,14
TGGACGGTGGTGCAGCACGG_003,189
TGGACGGTGGTGCAGCACGG_004,54
TGGACGGTGGTGCAGCACGG_005,111
TGGACGGTGGTGCAGCACGG_006,117
TGGACGGTGGTGCAGCACGG_007,77
TGGACGGTGGTGCAGCACGG_008,138
AAAGCAAATTGTTTATCTCA_001,60
GCTGCGTACTGGAAACGAGT_001,28
GCTGCGTACTGGAAACGAGT_002,150
GCTGCGTACTGGAAACGAGT_003,2
GCTGCGTACTGGAAACGAGT_004,164
AACAGTTCTTGTGTATACCG_001,116
AACAGTTCTTGTGTATACCG_002,9
AACAGTTCTTGTGTATACCG_003,108
AACAGTTCTTGTGTATACCG_004,68
GAATGTACGTACCACCCCTG_001,19
GAATGTACGTACCACCCCTG_002,36
GAATGTACGTACCACCCCTG_003,130
GAATGTACGTACCACCCCTG_004,78
GAATGTACGTACCACCCCTG_005,35
ATGCTGCCTTAACAGGCGAT_001,163
ATGCTGCCTTAACAGGCGAT_002,52
ATGCTGCCTTAACAGGCGAT_003,35
ATGCTGCCTTAACAGGCGAT_004,78
CTCAGAATCTGAGTCCACGG_001,48
CTCAGAATCTGAGTCCACGG_002,62
CTCAGAATCTGAGTCCACGG_003,72
ACCTCCCTAGAAGACTCAGA_001,144
ACCTCCCTAGAAGACTCAGA_002,5
ACCTCCCTAGAAGACTCAGA_003,97
GCTGGCCATAGGGCCACCCC_001,126
CAGCTGACCCCTGACCGATG_001,9
CAGCTGACCCCTGACCGATG_002,44
CAGCTGACCCCTGACCGATG_003,8
CAGCTGACCCCTGACCGATG_004,15
CAGCTGACCCCTGACCGATG_005,115
CAGCTGACCCCTGACCGATG_006,83
CAGCTGACCCCTGACCGATG_007,102
CAGCTGACCCCTGACCGATG_008,178
CAGCTGACCCCTGACCGATG_009,74
CAGCTGACCCCTGACCGATG_010,58
CAGCTGACCCCTGACCGATG_011,48
CAGCTGACCCCTGACCGATG_012,55
CAGCTGACCCCTGACCGATG_013,128
CAGCTGACCCCTGACCGATG_014,8
CAGCTGACCCCTGACCGATG_015,170
CAGCTGACCCCTGACCGATG_016,94
CAGCTGACCCCTGACCGATG_017,123
CAGCTGACCCCTGACCGATG_018,15
CAGCTGACCCCTGACCGATG_019,70
AGGTCACCTTGTCTCCAATG_001,52
AGGTCACCTTGTCTCCAATG_002,184
AGGTCACCTTGTCTCCAATG_003,137
AGGTCACCTTGTCTCCAATG_004,77
AGGTCACCTTGTCTCCAATG_005,43
AGGTCACCTTGTCTCCAATG_006,12
AGGTCACCTTGTCTCCAATG_007,67
AGGTCACCTTGTCTCCAATG_008,128
AGGTCACCTTGTCTCCAATG_009,182
AGGTCACCTTGTCTCCAATG_010,106
AGGTCACCTTGTCTCCAATG_011,61
CTTCACAGAACCGTAGAACA_001,84
CTTCACAGAACCGTAGAACA_002,121
CTTCACAGAACCGTAGAACA_003,158
CTTCACAGAACCGTAGAACA_004,195
CTTCACAGAACCGTAGAACA_005,182
GACATGCAGACACATTCCCT_001,135
GACATGCAGACACATTCCCT_002,65
GACATGCAGACACATTCCCT_003,174
GACATGCAGACACATTCCCT_004,42
GACATGCAGACACATTCCCT_005,57
GACATGCAGACACATTCCCT_006,147
GACATGCAGACACATTCCCT_007,15
GACATGCAGACACATTCCCT_008,119
GACATGCAGACACATTCCCT_009,3
GACATGCAGACACATTCCCT_010,43
GACATGCAGACACATTCCCT_011,168
GATCATCAGGAGGCCCGTAG_001,54
GATCATCAGGAGGCCCGTAG_002,124
GATCATCAGGAGGCCCGTAG_003,162
TGCCTGGAGACAATATGGTG_001,184
TGCCTGGAGACAATATGGTG_002,172
TGCCTGGAGACAATATGGTG_003,144
TGCCTGGAGACAATATGGTG_004,126
TGCCTGGAGACAATATGGTG_005,57
TGCCTGGAGACAATATGGTG_006,35
TGCCTGGTGAAAATCATCAC_001,140
TGCCTGGTGAAAATCATCAC_002,140
TGCCTGGTGAAAATCATCAC_003,176
TGCCTGGTGAAAATCATCAC_004,175
TGCCTGGTGAAAATCATCAC_005,165
TGTCACCTTTGTGAAATCCG_001,62
TGTCACCTTTGTGAAATCCG_002,196
TGTCACCTTTGTGAAATCCG_003,162
TGTCACCTTTGTGAAATCCG_004,196
TGTCACCTTTGTGAAATCCG_005,31
TGTCACCTTTGTGAAATCCG_006,105
TGTCACCTTTGTGAAATCCG_007,89
TGTCACCTTTGTGAAATCCG_008,41
TGTCACCTTTGTGAAATCCG_009,17
TGTCACCTTTGTGAAATCCG_010,12
TGTCACCTTTGTGAAATCCG_011,158
TGTCACCTTTGTGAAATCCG_012,162
TGTCACCTTTGTGAAATCCG_013,188
TGTCACCTTTGTGAAATCCG_014,107
TGTCACCTTTGTGAAATCCG_015,172
TGTCACCTTTGTGAAATCCG_016,28
TGTCACCTTTGTGAAATCCG_017,71
CAGGCTGCGCTTCGCAAGCT_001,47
CAGGCTGCGCTTCGCAAGCT_002,178
CAGGCTGCGCTTCGCAAGCT_003,20
CAGGCTGCGCTTCGCAAGCT_004,33
CAGGCTGCGCTTCGCAAGCT_005,110
CAGGCTGCGCTTCGCAAGCT_006,48
CAGGCTGCGCTTCGCAAGCT_007,155
CAGGCTGCGCTTCGCAAGCT_008,147
CAGGCTGCGCTTCGCAAGCT_009,38
CAGGCTGCGCTTCGCAAGCT_010,176
CAGGCTGCGCTTCGCAAGCT_011,102
CAGGCTGCGCTTCGCAAGCT_012,36
CCAAGAGGACCAAAAGACTG_001,78
CCAAGAGGACCAAAAGACTG_002,78
CCAAGAGGACCAAAAGACTG_003,159
CCAAGAGGACCAAAAGACTG_004,49
CCAAGAGGACCAAAAGACTG_005,188
CCAAGAGGACCAAAAGACTG_006,5
CCAAGAGGACCAAAAGACTG_007,56
CCAAGAGGACCAAAAGACTG_008,56
CCAAGAGGACCAAAAGACTG_009,75
CCAAGAGGACCAAAAGACTG_010,47
CCAAGAGGACCAAAAGACTG_011,149
CCAAGAGGACCAAAAGACTG_012,94
CCAAGAGGACCAAAAGACTG_013,176
CCAAGAGGACCAAAAGACTG_014,176
CCAAGAGGACCAAAAGACTG_015,83
CCAAGAGGACCAAAAGACTG_016,184
CCAAGAGGACCAAAAGACTG_017,3
CCAAGAGGACCAAAAGACTG_018,192
CCTGCGGACGGCATCCGACG_001,68
CCTGCGGACGGCATCCGACG_002,121
CCTGCAGCTGACAGCCAGCG_001,18
CCTGCAGCTGACAGCCAGCG_002,28
CCTGCAGCTGACAGCCAGCG_003,144
GGGCAGGACCACAGCTCACA_001,102
GGGCAGGACCACAGCTCACA_002,174
GGGCAGGACCACAGCTCACA_003,146
GGGCAGGACCACAGCTCACA_004,162
GGGCAGGACCACAGCTCACA_005,156
GGGCAGGACCACAGCTCACA_006,58
GGGCAGGACCACAGCTCACA_007,140
GGGCAGGACCACAGCTCACA_008,87
GGGCAGGACCACAGCTCACA_009,87
GGGCAGGACCACAGCTCACA_010,109
GGGCAGGACCACAGCTCACA_011,94
GGGCAGGACCACAGCTCACA_012,5
GGGCAGGACCACAGCTCACA_013,92
GGGCAGGACCACAGCTCACA_014,183
GGGCAGGACCACAGCTCACA_015,34
CCAGCGAGAAGATAGCCTTG_001,27
CCAGCGAGAAGATAGCCTTG_002,50
CCAGCGAGAAGATAGCCTTG_003,93
CCAGCGAGAAGATAGCCTTG_004,177
CCAGCGAGAAGATAGCCTTG_005,33
TTCCTAAGATTTTTAAGACT_001,163
TTCCTAAGATTTTTAAGACT_002,103
TTCCTAAGATTTTTAAGACT_003,132
TTCCTAAGATTTTTAAGACT_004,132
TTCCTAAGATTTTTAAGACT_005,47
AAGCAGATGCGGATTCTCAT_001,191
AAGCAGATGCGGATTCTCAT_002,191
AAGCAGATGCGGATTCTCAT_003,61
AAGCAGATGCGGATTCTCAT_004,4
AAGCAGATGCGGATTCTCAT_005,161
AAGCAGATGCGGATTCTCAT_006,185
AAGCAGATGCGGATTCTCAT_007,56
AAGCAGATGCGGATTCTCAT_008,79
AAGCAGATGCGGATTCTCAT_009,63
TTTGACGCCATGTTCAACGG_001,49
TACGGAAAGAGGCACCCATG_001,104
TACGGAAAGAGGCACCCATG_002,124
TACGGAAAGAGGCACCCATG_003,139
TACGGAAAGAGGCACCCATG_004,108
TACGGAAAGAGGCACCCATG_005,189
TACGGAAAGAGGCACCCATG_006,160
TACGGAAAGAGGCACCCATG_007,159
TACGGAAAGAGGCACCCATG_008,41
TACGGAAAGAGGCACCCATG_009,170
TACGGAAAGAGGCACCCATG_010,41
TACGGAAAGAGGCACCCATG_011,147
TACGGAAAGAGGCACCCATG_012,57
ACGGTCATATAATACACAAG_001,136
CCCGGTGACCGTGTACGACG_001,172
CCCGGTGACCGTGTACGACG_002,112
CCCGGTGACCGTGTACGACG_003,158
TGCTGGAGGACCTCAGACGA_001,150
TGCTGGAGGACCTCAGACGA_002,156
TGCTGGAGGACCTCAGACGA_003,97
TGCTGGAGGACCTCAGACGA_004,0
TGCTGGAGGACCTCAGACGA_005,29
TGCTGGAGGACCTCAGACGA_006,80
TGGGTTTAAACACGTCCTGG_001,27
TGGGTTTAAACACGTCCTGG_002,70
TGGGTTTAAACACGTCCTGG_003,162
TGGGTTTAAACACGTCCTGG_004,105
TGGGTTTAAACACGTCCTGG_005,2
TGGGTTTAAACACGTCCTGG_006,34
TGGGTTTAAACACGTCCTGG_007,118
TGGGTTTAAACACGTCCTGG_008,34
TGGGTTTAAACACGTCCTGG_009,44
TGGGTTTAAACACGTCCTGG_010,15
TGGGTTTAAACACGTCCTGG_011,178
TGGGTTTAAACACGTCCTGG_012,10
TGGGTTTAAACACGTCCTGG_013,168
TGGGTTTAAACACGTCCTGG_014,101
CCTTTATAAAAGCGTCCAAG_001,88
CCTTTATAAAAGCGTCCAAG_002,1
CCTTTATAAAAGCGTCCAAG_003,72
CCTTTATAAAAGCGTCCAAG_004,110
CCTTTATAAAAGCGTCCAAG_005,70
CCTTTATAAAAGCGTCCAAG_006,116
GCTGTTGGATGTGGTATCCG_001,68
GCTGTTGGATGTGGTATCCG_002,147
GCTGTTGGATGTGGTATCCG_003,195
GCTGTTGGATGTGGTATCCG_004,130
GCTGTTGGATGTGGTATCCG_005,111
GCTGTTGGATGTGGTATCCG_006,145
CCAGAACTCTTGAATTCAGA_001,56
CCATATTACAAAAACCATCG_001,63
GTGTAGTAATGCCGCCAGAG_001,145
GTGTAGTAATGCCGCCAGAG_002,29
TGGACTTCGAGGCTATGCTG_001,42
TGGACTTCGAGGCTATGCTG_002,73
TGGACTTCGAGGCTATGCTG_003,49
TGGACTTCGAGGCTATGCTG_004,175
TGGACTTCGAGGCTATGCTG_005,118
TGGACTTCGAGGCTATGCTG_006,171
TGGACTTCGAGGCTATGCTG_007,187
TGGACTTCGAGGCTATGCTG_008,32
TGGACTTCGAGGCTATGCTG_009,125
TGGACTTCGAGGCTATGCTG_010,170
TGGACTTCGAGGCTATGCTG_011,62
TGGACTTCGAGGCTATGCTG_012,129
TGGACTTCGAGGCTATGCTG_013,68
TGGACTTCGAGGCTATGCTG_014,124
TGGACTTCGAGGCTATGCTG_015,104
TGGACTTCGAGGCTATGCTG_016,77
CCAGTCACAGACTGACCGAG_001,188
CCAGTCACAGACTGACCGAG_002,150
CCAGTCACAGACTGACCGAG_003,82
CCAGTCACAGACTGACCGAG_004,179
CCAGTCACAGACTGACCGAG_005,63
CCAGTCACAGACTGACCGAG_006,40
CCAGTCACAGACTGACCGAG_007,24
CCAGTCACAGACTGACCGAG_008,51
CCAGTCACAGACTGACCGAG_009,41
CCAGTCACAGACTGACCGAG_010,40
CCAGTCACAGACTGACCGAG_011,184
CCAGTCACAGACTGACCGAG_012,91
CAGGCTACAACTGACGAGGA_001,94
GGAAGTCAGCACTAATGGAG_001,145
GGAAGTCAGCACTAATGGAG_002,194
GGAAGTCAGCACTAATGGAG_003,15
GGAAGTCAGCACTAATGGAG_004,162
GGAAGTCAGCACTAATGGAG_005,176
GGAAGTCAGCACTAATGGAG_006,95
GGAAGTCAGCACTAATGGAG_007,80
GGAAGTCAGCACTAATGGAG_008,70
GGAAGTCAGCACTAATGGAG_009,22
GGAAGTCAGCACTAATGGAG_010,41
GGAAGTCAGCACTAATGGAG_011,40
GGAAGTCAGCACTAATGGAG_012,49
TATGGTCATTCATGCTCCAA_001,6
TATGGTCATTCATGCTCCAA_002,178
TATGGTCATTCATGCTCCAA_003,183
TATGGTCATTCATGCTCCAA_004,175
TATGGTCATTCATGCTCCAA_005,184
CCAGGTGAGGGAATAAACAA_001,106
CCAGGTGAGGGAATAAACAA_002,77
CCAGGTGAGGGAATAAACAA_003,42
CCAGGTGAGGGAATAAACAA_004,102
AAGGAGTCATCCAGGAACAT_001,6
AAGGAGTCATCCAGGAACAT_002,83
AAGGAGTCATCCAGGAACAT_003,194
AAGGAGTCATCCAGGAACAT_004,45
AAGGAGTCATCCAGGAACAT_005,121
AAGGAGTCATCCAGGAACAT_006,50
AAGGAGTCATCCAGGAACAT_007,121
AAGGAGTCATCCAGGAACAT_008,98
AATCATGACACCGTTGACGT_001,96
AATCATGACACCGTTGACGT_002,43
AATCATGACACCGTTGACGT_003,155
AATCATGACACCGTTGACGT_004,58
AATCATGACACCGTTGACGT_005,20
AATCATGACACCGTTGACGT_006,70
AATCATGACACCGTTGACGT_007,187
AATCATGACACCGTTGACGT_008,156
AATCATGACACCGTTGACGT_009,169
AATCATGACACCGTTGACGT_010,71
AATCATGACACCGTTGACGT_011,133
AATCATGACACCGTTGACGT_012,58
AATCATGACACCGTTGACGT_013,122
AATCATGACACCGTTGACGT_014,12
AATCATGACACCGTTGACGT_015,195
AATCATGACACCGTTGACGT_016,91
AATCATGACACCGTTGACGT_017,62
AATCATGACACCGTTGACGT_018,81
AATCATGACACCGTTGACGT_019,101
AATCATGACACCGTTGACGT_020,191
ACAGATGAGTTGTATCCCAC_001,37
AGACATCTTAGACTCAAATG_001,139
AGACATCTTAGACTCAAATG_002,27
AGACATCTTAGACTCAAATG_003,6
AGACATCTTAGACTCAAATG_004,151
AGACATCTTAGACTCAAATG_005,9
AGACATCTTAGACTCAAATG_006,94
AGACATCTTAGACTCAAATG_007,60
AGACATCTTAGACTCAAATG_008,88
AGACATCTTAGACTCAAATG_009,56
AGACATCTTAGACTCAAATG_010,13
AGACATCTTAGACTCAAATG_011,58
AGACATCTTAGACTCAAATG_012,140
AGACATCTTAGACTCAAATG_013,169
AGACATCTTAGACTCAAATG_014,62
AGACATCTTAGACTCAAATG_015,88
GTTGAATGAGGACAGATACC_001,0
GTTGAATGAGGACAGATACC_002,37
GTTGAATGAGGACAGATACC_003,158
GTTGAATGAGGACAGATACC_004,198
GTTGAATGAGGACAGATACC_005,153
GTGAGGAGTAGCCTTTATTG_001,69
GTGAGGAGTAGCCTTTATTG_002,1
GTGAGGAGTAGCCTTTATTG_003,130
GTGAGGAGTAGCCTTTATTG_004,34
GTGAGGAGTAGCCTTTATTG_005,2
GTGAGGAGTAGCCTTTATTG_006,38
GTGAGGAGTAGCCTTTATTG_007,95
TGCTTGGTGTGCGATCCAGT_001,32
TGCTTGGTGTGCGATCCAGT_002,175
TGCTTGGTGTGCGATCCAGT_003,12
TGCTTGGTGTGCGATCCAGT_004,148
TGCTTGGTGTGCGATCCAGT_005,117
TGCTTGGTGTGCGATCCAGT_006,154
TGCTTGGTGTGCGATCCAGT_007,2
TGCTTGGTGTGCGATCCAGT_008,17
TGCTTGGTGTGCGATCCAGT_009,126
TGCTTGGTGTGCGATCCAGT_010,50
TGCTTGGTGTGCGATCCAGT_011,108
TGCTTGGTGTGCGATCCAGT_012,196
TGCTTGGTGTGCGATCCAGT_013,94
TGCTTGGTGTGCGATCCAGT_014,94
TGAAGGACATCCGGAACGCC_001,26
TGAAGGACATCCGGAACGCC_002,119
TGAAGGACATCCGGAACGCC_003,38
TGAAGGACATCCGGAACGCC_004,14
TGAAGGACATCCGGAACGCC_005,162
TGAAGGACATCCGGAACGCC_006,152
TGAAGGACATCCGGAACGCC_007,166
TGAAGGACATCCGGAACGCC_008,18
TGAAGGACATCCGGAACGCC_009,63
TTCTCGATCTCAGCCATACC_001,16
TTCTCGATCTCAGCCATACC_002,130
TTCTCGATCTCAGCCATACC_003,169
GTTGCCAAGGAGACTAGTGG_001,118
GTTGCCAAGGAGACTAGTGG_002,15
GTTGCCAAGGAGACTAGTGG_003,31
GTTGCCAAGGAGACTAGTGG_004,15
GTTGCCAAGGAGACTAGTGG_005,124
GTTGCCAAGGAGACTAGTGG_006,103
GTTGCCAAGGAGACTAGTGG_007,170
GTTGCCAAGGAGACTAGTGG_008,170
TTTGTGGAATTGCTGGACAG_001,70
TTTGTGGAATTGCTGGACAG_002,136
TTTGTGGAATTGCTGGACAG_003,65
TTTGTGGAATTGCTGGACAG_004,68
TTTGTGGAATTGCTGGACAG_005,143
TTTGTGGAATTGCTGGACAG_006,67
TTTGTGGAATTGCTGGACAG_007,194
TGGCCCCCATGTACTATCGG_001,177
TGGCCCCCATGTACTATCGG_002,104
TGGCCCCCATGTACTATCGG_003,89
TGGCCCCCATGTACTATCGG_004,118
CAGTGACGTCCTTCTACTGT_001,9
CAGTGACGTCCTTCTACTGT_002,169
CAGTGACGTCCTTCTACTGT_003,61
CAGTGACGTCCTTCTACTGT_004,176
CAGTGACGTCCTTCTACTGT_005,154
CAGTGACGTCCTTCTACTGT_006,103
GTCTCACGTAGTTGGCCCAG_001,80
GTCTCACGTAGTTGGCCCAG_002,157
GTCTCACGTAGTTGGCCCAG_003,105
GTCTCACGTAGTTGGCCCAG_004,94
GTCTCACGTAGTTGGCCCAG_005,141
GTCTCACGTAGTTGGCCCAG_006,70
GTCTCACGTAGTTGGCCCAG_007,182
GTCTCACGTAGTTGGCCCAG_008,20
GTCTCACGTAGTTGGCCCAG_009,42
GTCTCACGTAGTTGGCCCAG_010,118
AAATACGCCAAGTCATCTGT_001,78
AAATACGCCAAGTCATCTGT_002,167
AAATACGCCAAGTCATCTGT_003,38
AAATACGCCAAGTCATCTGT_004,83
AAATACGCCAAGTCATCTGT_005,156
AAATACGCCAAGTCATCTGT_006,149
AAATACGCCAAGTCATCTGT_007,8
AAATACGCCAAGTCATCTGT_008,124
AAATACGCCAAGTCATCTGT_009,99
CCGGAGTTTAAGGATAGTGC_001,36
CCGGAGTTTAAGGATAGTGC_002,70
CCGGAGTTTAAGGATAGTGC_003,62
ACCAGAATCCGGTTCAAGAG_001,163
ACCAGAATCCGGTTCAAGAG_002,84
ACCAGAATCCGGTTCAAGAG_003,196
ACCAGAATCCGGTTCAAGAG_004,80
ACCAGAATCCGGTTCAAGAG_005,41
ACCAGAATCCGGTTCAAGAG_006,114
ACCAGAATCCGGTTCAAGAG_007,184
ACCAGAATCCGGTTCAAGAG_008,175
ACCAGAATCCGGTTCAAGAG_009,122
ACCAGAATCCGGTTCAAGAG_010,85
ACCAGAATCCGGTTCAAGAG_011,29
ACCAGAATCCGGTTCAAGAG_012,127
GTCTGTAGGCTGACGCAGTG_001,73
GTCTGTAGGCTGACGCAGTG_002,4
GTCTGTAGGCTGACGCAGTG_003,174
GTCTGTAGGCTGACGCAGTG_004,81
GTCTGTAGGCTGACGCAGTG_005,145
GTCTGTAGGCTGACGCAGTG_006,9
GTCTGTAGGCTGACGCAGTG_007,53
GTCTGTAGGCTGACGCAGTG_008,111
GTCTGTAGGCTGACGCAGTG_009,124
TCCAATTTCTAGTGTCACGA_001,188
TCCAATTTCTAGTGTCACGA_002,134
TCCAATTTCTAGTGTCACGA_003,141
TCCAATTTCTAGTGTCACGA_004,0
TCCAATTTCTAGTGTCACGA_005,82
TCCAATTTCTAGTGTCACGA_006,8
TCCAATTTCTAGTGTCACGA_007,149
TCCAATTTCTAGTGTCACGA_008,27
TCCAATTTCTAGTGTCACGA_009,14
GCATGTCAACCAAACATCAG_001,96
GCATGTCAACCAAACATCAG_002,102
GCATGTCAACCAAACATCAG_003,88
GCATGTCAACCAAACATCAG_004,48
GCATGTCAACCAAACATCAG_005,129
GCATGTCAACCAAACATCAG_006,15
GCATGTCAACCAAACATCAG_007,191
GCATGTCAACCAAACATCAG_008,49
GCATGTCAACCAAACATCAG_009,197
GCATGTCAACCAAACATCAG_010,148
GCATGTCAACCAAACATCAG_011,142
GCATGTCAACCAAACATCAG_012,136
GTTACCCTTCTCAAAGCGCG_001,24
GTTACCCTTCTCAAAGCGCG_002,119
GTTACCCTTCTCAAAGCGCG_003,14
GTTACCCTTCTCAAAGCGCG_004,183
GTTACCCTTCTCAAAGCGCG_005,179
GTTACCCTTCTCAAAGCGCG_006,183
CGTCGGGTAGCTATTTCTTT_001,92
CGTCGGGTAGCTATTTCTTT_002,105
AGATCTCCTCTATGAAATGC_001,98
AGATCTCCTCTATGAAATGC_002,168
AGATCTCCTCTATGAAATGC_003,58
AGATCTCCTCTATGAAATGC_004,100
AGATCTCCTCTATGAAATGC_005,36
AGATCTCCTCTATGAAATGC_006,6
AGATCTCCTCTATGAAATGC_007,128
AGATCTCCTCTATGAAATGC_008,8
AGAGTCCATACAAAGCACAA_001,158
AGAGTCCATACAAAGCACAA_002,11
AGAGTCCATACAAAGCACAA_003,80
AGAGTCCATACAAAGCACAA_004,108
AGAGTCCATACAAAGCACAA_005,93
AGAGTCCATACAAAGCACAA_006,128
AGAGTCCATACAAAGCACAA_007,110
AGAGTCCATACAAAGCACAA_008,50
GATATCGTTGATGCCGTGTG_001,54
GATATCGTTGATGCCGTGTG_002,46
GATATCGTTGATGCCGTGTG_003,182
GATATCGTTGATGCCGTGTG_004,157
GATATCGTTGATGCCGTGTG_005,61
GATATCGTTGATGCCGTGTG_006,188
CAAACTCCATGTATTTCTCT_001,145
CAAACTCCATGTATTTCTCT_002,60
GTGAACCACAGTGCTCACGT_001,80
GTGAACCACAGTGCTCACGT_002,192
GTGAACCACAGTGCTCACGT_003,58
GTGAACCACAGTGCTCACGT_004,102
GTGAACCACAGTGCTCACGT_005,101
GTGAACCACAGTGCTCACGT_006,72
GTGAACCACAGTGCTCACGT_007,10
GTGAACCACAGTGCTCACGT_008,27
GTGAACCACAGTGCTCACGT_009,20
GCTTCTTTATCCACCCAGAG_001,9
GCTTCTTTATCCACCCAGAG_002,105
GCTTCTTTATCCACCCAGAG_003,69
GCTTCTTTATCCACCCAGAG_004,62
GCTTCTTTATCCACCCAGAG_005,145
GCTTCTTTATCCACCCAGAG_006,128
GCTTCTTTATCCACCCAGAG_007,188
GCTTCTTTATCCACCCAGAG_008,35
CGGAACATGACATATGGCAG_001,133
CGGAACATGACATATGGCAG_002,94
CGGAACATGACATATGGCAG_003,181
CGGAACATGACATATGGCAG_004,25
CGGAACATGACATATGGCAG_005,81
CGGAACATGACATATGGCAG_006,130
CGGAACATGACATATGGCAG_007,43
CGGAACATGACATATGGCAG_008,40
CTGCAAGAACCGCTACGACA_001,172
CTGCAAGAACCGCTACGACA_002,17
CTGCAAGAACCGCTACGACA_003,107
CTGCAAGAACCGCTACGACA_004,19
CTGCAAGAACCGCTACGACA_005,105
CGAGCACAACACATACACGA_001,11
CGAGCACAACACATACACGA_002,102
CGAGCACAACACATACACGA_003,69
CGAGCACAACACATACACGA_004,42
CGAGCACAACACATACACGA_005,136
GCACCCAGGCTAGTGCCTCG_001,29
GCACCCAGGCTAGTGCCTCG_002,169
GCACCCAGGCTAGTGCCTCG_003,69
GCACCCAGGCTAGTGCCTCG_004,147
GCACCCAGGCTAGTGCCTCG_005,60
GCACCCAGGCTAGTGCCTCG_006,198
GCACCCAGGCTAGTGCCTCG_007,48
GCACCCAGGCTAGTGCCTCG_008,129
GCACCCAGGCTAGTGCCTCG_009,78
GCACCCAGGCTAGTGCCTCG_010,119
GCACCCAGGCTAGTGCCTCG_011,162
GCACCCAGGCTAGTGCCTCG_012,29
GCACCCAGGCTAGTGCCTCG_013,148
GCACCCAGGCTAGTGCCTCG_014,169
GCACCCAGGCTAGTGCCTCG_015,193
GCACCCAGGCTAGTGCCTCG_016,60
GCACCCAGGCTAGTGCCTCG_017,38
GCACCCAGGCTAGTGCCTCG_018,158
GCACCCAGGCTAGTGCCTCG_019,175
GCACCCAGGCTAGTGCCTCG_020,42
TGTCATGAACCATCACCTGC_001,145
TGTCATGAACCATCACCTGC_002,122
TGTCATGAACCATCACCTGC_003,63
TGTCATGAACCATCACCTGC_004,41
TGTCATGAACCATCACCTGC_005,41
TGTCATGAACCATCACCTGC_006,169
GCAAACACCTGATCAAGGAA_001,121
GCAAACACCTGATCAAGGAA_002,58
GCAAACACCTGATCAAGGAA_003,176
GAGAAAACAACTTACGGCCA_001,138
GAGAAAACAACTTACGGCCA_002,98
GAGAAAACAACTTACGGCCA_003,86
GAGCAACCGGAAAACATCGA_001,148
GAGCAACCGGAAAACATCGA_002,88
GAGCAACCGGAAAACATCGA_003,149
GAGCAACCGGAAAACATCGA_004,63
GAGCAACCGGAAAACATCGA_005,158
GAGCAACCGGAAAACATCGA_006,106
GAGCAACCGGAAAACATCGA_007,188
GAGCAACCGGAAAACATCGA_008,150
GAGCAACCGGAAAACATCGA_009,67
GAGCAACCGGAAAACATCGA_010,13
GAGCAACCGGAAAACATCGA_011,17
GAGCAACCGGAAAACATCGA_012,176
GAGCAACCGGAAAACATCGA_013,179
GAGCAACCGGAAAACATCGA_014,117
GAGCAACCGGAAAACATCGA_015,105
GAGCAACCGGAAAACATCGA_016,0
GAGCAACCGGAAAACATCGA_017,99
GAGCAACCGGAAAACATCGA_018,8
GAGCAACCGGAAAACATCGA_019,137
GAGCAACCGGAAAACATCGA_020,68
GAGCAACCGGAAAACATCGA_021,113
CCCTGAACACCAGAGAGTCC_001,159
CCCTGAACACCAGAGAGTCC_002,8
CCCTGAACACCAGAGAGTCC_003,182
CCCTGAACACCAGAGAGTCC_004,104
TGCTGGACGCACGCACCAAG_001,9
TGCTGGACGCACGCACCAAG_002,178
TGCTGGACGCACGCACCAAG_003,88
TGCTGGACGCACGCACCAAG_004,147
TGCTGGACGCACGCACCAAG_005,94
TGCTGGACGCACGCACCAAG_006,114
TGCTGGACGCACGCACCAAG_007,80
TGCTGGACGCACGCACCAAG_008,142
ATAGCTTGACTACATCTAGT_001,31
ATAGCTTGACTACATCTAGT_002,161
CTGGGCCATTCTTAGCCGGG_001,15
TGTGCTGGCGTTCATAATGG_001,95
GATGCCTGGGAATTGCGTAA_001,80
GATGCCTGGGAATTGCGTAA_002,196
GATGCCTGGGAATTGCGTAA_003,178
GATGCCTGGGAATTGCGTAA_004,67
CTCTGCAGACAATAATGAAG_001,24
CTCTGCAGACAATAATGAAG_002,88
AGGTTGAATACCCCTTACTA_001,7
AGGTTGAATACCCCTTACTA_002,2
AGGTTGAATACCCCTTACTA_003,104
AGGTTGAATACCCCTTACTA_004,194
AGGTTGAATACCCCTTACTA_005,147
AGGTTGAATACCCCTTACTA_006,118
AGGTTGAATACCCCTTACTA_007,12
AGGTTGAATACCCCTTACTA_008,14
AGGTTGAATACCCCTTACTA_009,23
AGGTTGAATACCCCTTACTA_010,147
ATTGCCTGGACGCTGCACAG_001,13
ATTGCCTGGACGCTGCACAG_002,148
ATTGCCTGGACGCTGCACAG_003,49
ACGGCTGGTCTATGTCGAGG_001,174
ACGGCTGGTCTATGTCGAGG_002,188
ACGGCTGGTCTATGTCGAGG_003,60
ACGGCTGGTCTATGTCGAGG_004,12
ACGGCTGGTCTATGTCGAGG_005,92
ACGGCTGGTCTATGTCGAGG_006,194
ACGGCTGGTCTATGTCGAGG_007,21
ACGGCTGGTCTATGTCGAGG_008,152
ACGGCTGGTCTATGTCGAGG_009,117
ACGGCTGGTCTATGTCGAGG_010,39
ACGGCTGGTCTATGTCGAGG_011,78
ACGGCTGGTCTATGTCGAGG_012,127
ATAGACATCTAGGTAATTGG_001,161
ATAGACATCTAGGTAATTGG_002,108
CATTTAGTAATGCACCAGAG_001,53
CATTTAGTAATGCACCAGAG_002,102
CATTTAGTAATGCACCAGAG_003,81
CATTTAGTAATGCACCAGAG_004,69
CATTTAGTAATGCACCAGAG_005,50
CATTTAGTAATGCACCAGAG_006,70
CATTTAGTAATGCACCAGAG_007,162
GAGCTTATAGTCTTCACTGG_001,19
CCATTGCCAGTGCCCTACAT_001,127
CCATTGCCAGTGCCCTACAT_002,94
CCATTGCCAGTGCCCTACAT_003,102
CCATTGCCAGTGCCCTACAT_004,188
CCATTGCCAGTGCCCTACAT_005,1
CCATTGCCAGTGCCCTACAT_006,160
CCATTGCCAGTGCCCTACAT_007,60
CCATTGCCAGTGCCCTACAT_008,17
CCATTGCCAGTGCCCTACAT_009,170
CCATTGCCAGTGCCCTACAT_010,40
CCATTGCCAGTGCCCTACAT_011,29
CCATTGCCAGTGCCCTACAT_012,115
CCATTGCCAGTGCCCTACAT_013,163
CCATTGCCAGTGCCCTACAT_014,27
CCATTGCCAGTGCCCTACAT_015,166
CCATTGCCAGTGCCCTACAT_016,124
CCATTGCCAGTGCCCTACAT_017,180
CCATTGCCAGTGCCCTACAT_018,60
ACAAACATACACGCCACGTG_001,14
ACAAACATACACGCCACGTG_002,94
ACAAACATACACGCCACGTG_003,169
ACAAACATACACGCCACGTG_004,121
ACAAACATACACGCCACGTG_005,88
CCGGGCTCCCATCTACGTAC_001,91
CCGGGCTCCCATCTACGTAC_002,8
CCGGGCTCCCATCTACGTAC_003,61
CCACTTCTACCACATGGCCA_001,137
CCACTTCTACCACATGGCCA_002,108
CCACTTCTACCACATGGCCA_003,29
CCACTTCTACCACATGGCCA_004,170
CCACTTCTACCACATGGCCA_005,197
CCACTTCTACCACATGGCCA_006,176
CCACTTCTACCACATGGCCA_007,48
CCACTTCTACCACATGGCCA_008,76
CCACTTCTACCACATGGCCA_009,106
CCACTTCTACCACATGGCCA_010,138
CCACTTCTACCACATGGCCA_011,0
CCACTTCTACCACATGGCCA_012,15
CCACTTCTACCACATGGCCA_013,72
CCACTTCTACCACATGGCCA_014,71
CCACTTCTACCACATGGCCA_015,95
CCACTTCTACCACATGGCCA_016,31
CCACTTCTACCACATGGCCA_017,58
GATTGGCAACAAGATGGCAA_001,126
GATTGGCAACAAGATGGCAA_002,198
GATTGGCAACAAGATGGCAA_003,57
GATTGGCAACAAGATGGCAA_004,147
GATTGGCAACAAGATGGCAA_005,58
GATTGGCAACAAGATGGCAA_006,180
GATTGGCAACAAGATGGCAA_007,105
GATTGGCAACAAGATGGCAA_008,168
GATTGGCAACAAGATGGCAA_009,0
GATTGGCAACAAGATGGCAA_010,79
GATTGGCAACAAGATGGCAA_011,99
GATTGGCAACAAGATGGCAA_012,50
GATTGGCAACAAGATGGCAA_013,18
GATTGGCAACAAGATGGCAA_014,56
GGAACCCATATTTAGAACTG_001,92
GGAACCCATATTTAGAACTG_002,153
ACTTCTGCCCACAAGCAGCC_001,41
ACTTCTGCCCACAAGCAGCC_002,60
ACTTCTGCCCACAAGCAGCC_003,31
AGGCGACACTTCTGCCACTG_001,169
AGGCGACACTTCTGCCACTG_002,115
AGGCGACACTTCTGCCACTG_003,107
ATGTATTGCCTCCGACCTGG_001,134
ATGTATTGCCTCCGACCTGG_002,23
ATGTATTGCCTCCGACCTGG_003,174
ATGTATTGCCTCCGACCTGG_004,116
ATGTATTGCCTCCGACCTGG_005,96
ATGTATTGCCTCCGACCTGG_006,113
ATGTATTGCCTCCGACCTGG_007,145
ATGTATTGCCTCCGACCTGG_008,48
ATGTATTGCCTCCGACCTGG_009,55
ATGTATTGCCTCCGACCTGG_010,144
ATGTATTGCCTCCGACCTGG_011,9
GTAAAGCTGTTACTTCGTCA_001,182
GTAAAGCTGTTACTTCGTCA_002,7
GTAAAGCTGTTACTTCGTCA_003,44
GTAAAGCTGTTACTTCGTCA_004,174
GTAAAGCTGTTACTTCGTCA_005,62
GTAAAGCTGTTACTTCGTCA_006,41
GTAAAGCTGTTACTTCGTCA_007,94
GTAAAGCTGTTACTTCGTCA_008,67
GTAAAGCTGTTACTTCGTCA_009,153
TTGATGGTTGGATTCTCAAG_001,105
TTGATGGTTGGATTCTCAAG_002,170
TTGATGGTTGGATTCTCAAG_003,102
TTGATGGTTGGATTCTCAAG_004,8
ATCCTCTGCCATCATTGCAC_001,145
ATCCTCTGCCATCATTGCAC_002,100
ATCCTCTGCCATCATTGCAC_003,81
ATCCTCTGCCATCATTGCAC_004,19
ATCCTCTGCCATCATTGCAC_005,160
ATCCTCTGCCATCATTGCAC_006,76
ATCCTCTGCCATCATTGCAC_007,36
ATCCTCTGCCATCATTGCAC_008,135
ATCCTCTGCCATCATTGCAC_009,110
ATCCTCTGCCATCATTGCAC_010,2
ATGAAAGCGATCCCGGCCGA_001,148
ATGAAAGCGATCCCGGCCGA_002,187
ATGAAAGCGATCCCGGCCGA_003,75
ATGAAAGCGATCCCGGCCGA_004,70
ATGAAAGCGATCCCGGCCGA_005,55
ATGAAAGCGATCCCGGCCGA_006,94
ATGAAAGCGATCCCGGCCGA_007,115
ATGAAAGCGATCCCGGCCGA_008,168
ATAGTCTGTTATTACCTGTG_001,25
AGCAGCGTGACACTGAGGAT_001,107
AGCAGCGTGACACTGAGGAT_002,8
AGCAGCGTGACACTGAGGAT_003,107
AGCAGCGTGACACTGAGGAT_004,45
AGCAGCGTGACACTGAGGAT_005,198
AGCAGCGTGACACTGAGGAT_006,137
AGCAGCGTGACACTGAGGAT_007,191
AGCAGCGTGACACTGAGGAT_008,197
AGCAGCGTGACACTGAGGAT_009,115
AGCAGCGTGACACTGAGGAT_010,52
AGCAGCGTGACACTGAGGAT_011,44
AGCAGCGTGACACTGAGGAT_012,16
AGCAGCGTGACACTGAGGAT_013,32
AGCAGCGTGACACTGAGGAT_014,192
AGCAGCGTGACACTGAGGAT_015,69
AGCAGCGTGACACTGAGGAT_016,120
AGCAGCGTGACACTGAGGAT_017,176
AGCAGCGTGACACTGAGGAT_018,56
AGCAGCGTGACACTGAGGAT_019,141
AGCAGCGTGACACTGAGGAT_020,111
AGCAGCGTGACACTGAGGAT_021,12
AGCAGCGTGACACTGAGGAT_022,197
AGCAGCGTGACACTGAGGAT_023,145
AGCAGCGTGACACTGAGGAT_024,104
AGCAGCGTGACACTGAGGAT_025,68
ATGAGATTCACCGCGAGCTG_001,9
ATGAGATTCACCGCGAGCTG_002,33
ATGAGATTCACCGCGAGCTG_003,33
ATGAGATTCACCGCGAGCTG_004,83
ATGAGATTCACCGCGAGCTG_005,42
ATGAGATTCACCGCGAGCTG_006,154
ATGAGATTCACCGCGAGCTG_007,60
ATGAGATTCACCGCGAGCTG_008,169
ATGAGATTCACCGCGAGCTG_009,76
ATGAGATTCACCGCGAGCTG_010,12
ATGAGATTCACCGCGAGCTG_011,67
ATGAGATTCACCGCGAGCTG_012,98
ATGAGATTCACCGCGAGCTG_013,125
ATGAGATTCACCGCGAGCTG_014,119
ATGAGATTCACCGCGAGCTG_015,8
ATGAGATTCACCGCGAGCTG_016,104
ATGAGATTCACCGCGAGCTG_017,36
ATGAGATTCACCGCGAGCTG_018,44
ATGAGATTCACCGCGAGCTG_019,127
ATGAGATTCACCGCGAGCTG_020,17
ATGAGATTCACCGCGAGCTG_021,11
ATGAGATTCACCGCGAGCTG_022,149
ATGAGATTCACCGCGAGCTG_023,138
ATGAGATTCACCGCGAGCTG_024,170
ATGAGATTCACCGCGAGCTG_025,109
ATGAGATTCACCGCGAGCTG_026,102
ATGAGATTCACCGCGAGCTG_027,187
ATGAGATTCACCGCGAGCTG_028,105
ATGAGATTCACCGCGAGCTG_029,55
ATGAGATTCACCGCGAGCTG_030,192
ATGAGATTCACCGCGAGCTG_031,169
ATGAGATTCACCGCGAGCTG_032,115
ATGAGATTCACCGCGAGCTG_033,25
ATGAGATTCACCGCGAGCTG_034,62
ATGAGATTCACCGCGAGCTG_035,67
ATGAGATTCACCGCGAGCTG_036,35
ATGAGATTCACCGCGAGCTG_037,39
ATGAGATTCACCGCGAGCTG_038,40
ATGAGATTCACCGCGAGCTG_039,188
ATGAGATTCACCGCGAGCTG_040,28
ATGAGATTCACCGCGAGCTG_041,38
ATGAGATTCACCGCGAGCTG_042,108
CACCGATCTTGACGACCATG_001,76
CACCGATCTTGACGACCATG_002,29
CACCGATCTTGACGACCATG_003,185
CACCGATCTTGACGACCATG_004,21
CACCGATCTTGACGACCATG_005,173
CACCGATCTTGACGACCATG_006,187
CACCGATCTTGACGACCATG_007,120
CACCGATCTTGACGACCATG_008,82
CTAACAGTGTGGGCTCGATG_001,26
CTAACAGTGTGGGCTCGATG_002,159
CTAACAGTGTGGGCTCGATG_003,132
CTAACAGTGTGGGCTCGATG_004,61
CTAACAGTGTGGGCTCGATG_005,52
CAAAAAGTAAGCTCCTAAGG_001,15
CAAAAAGTAAGCTCCTAAGG_002,12
AAAAAGCAGTTTATCCAATG_001,3
AAAAAGCAGTTTATCCAATG_002,169
GTGCTGCCGAGCAAAGATCA_001,58
GTGCTGCCGAGCAAAGATCA_002,58
GTGCTGCCGAGCAAAGATCA_003,176
CTCTTCTAGACGCCTCCCTG_001,137
CTCTTCTAGACGCCTCCCTG_002,126
CTCTTCTAGACGCCTCCCTG_003,72
CTCTTCTAGACGCCTCCCTG_004,142
CTCTTCTAGACGCCTCCCTG_005,144
CTCTTCTAGACGCCTCCCTG_006,74
CTCTTCTAGACGCCTCCCTG_007,56
GCAGAGGCTGAGAAGATTGG_001,188
GCAGAGGCTGAGAAGATTGG_002,185
GCAGAGGCTGAGAAGATTGG_003,63
GCAGAGGCTGAGAAGATTGG_004,80
CTTATGTACATAAAGGATCG_001,184
CTTATGTACATAAAGGATCG_002,58
CTCGTTGGGTCGGTGCATGG_001,50
CTCGTTGGGTCGGTGCATGG_002,120
CTCGTTGGGTCGGTGCATGG_003,116
CTCGTTGGGTCGGTGCATGG_004,58
CTCGTTGGGTCGGTGCATGG_005,83
CTCGTTGGGTCGGTGCATGG_006,193
GGCTTACGTGGGGGGCAAAA_001,194
GGCTTACGTGGGGGGCAAAA_002,191
GGCTTACGTGGGGGGCAAAA_003,150
GGCTTACGTGGGGGGCAAAA_004,50
GGCTTACGTGGGGGGCAAAA_005,27
GGCTTACGTGGGGGGCAAAA_006,134
GGCTTACGTGGGGGGCAAAA_007,88
GGCTTACGTGGGGGGCAAAA_008,169
GGCTTACGTGGGGGGCAAAA_009,16
GGCTTACGTGGGGGGCAAAA_010,127
GGCTTACGTGGGGGGCAAAA_011,58
GGCTTACGTGGGGGGCAAAA_012,50
GGCTTACGTGGGGGGCAAAA_013,169
GGCTTACGTGGGGGGCAAAA_014,53
GGCTTACGTGGGGGGCAAAA_015,183
GGCTTACGTGGGGGGCAAAA_016,186
GGCTTACGTGGGGGGCAAAA_017,122
GGCTTACGTGGGGGGCAAAA_018,1
GGCTTACGTGGGGGGCAAAA_019,48
GGCTTACGTGGGGGGCAAAA_020,88
GGCTTACGTGGGGGGCAAAA_021,144
GGCTTACGTGGGGGGCAAAA_022,84
GGCTTACGTGGGGGGCAAAA_023,151
GGCTTACGTGGGGGGCAAAA_024,71
GGCTTACGTGGGGGGCAAAA_025,147
GGCTTACGTGGGGGGCAAAA_026,47
GGCTTACGTGGGGGGCAAAA_027,48
GGCTTACGTGGGGGGCAAAA_028,82
GGCTTACGTGGGGGGCAAAA_029,129
GGCTTACGTGGGGGGCAAAA_030,133
GGCTTACGTGGGGGGCAAAA_031,96
GGCTTACGTGGGGGGCAAAA_032,45
GGCTTACGTGGGGGGCAAAA_033,170
GGCTTACGTGGGGGGCAAAA_034,145
GGCTTACGTGGGGGGCAAAA_035,4
GGCTTACGTGGGGGGCAAAA_036,17
GGCTTACGTGGGGGGCAAAA_037,146
AGCCACATGCCCTTACATCA_001,194
AGCCACATGCCCTTACATCA_002,66
AGCCACATGCCCTTACATCA_003,56
CGATGTAGTAATCGGCGACG_001,72
CGATGTAGTAATCGGCGACG_002,53
CGATGTAGTAATCGGCGACG_003,19
CGATGTAGTAATCGGCGACG_004,91
CGATGTAGTAATCGGCGACG_005,162
CGATGTAGTAATCGGCGACG_006,177
CGATGTAGTAATCGGCGACG_007,43
CGATGTAGTAATCGGCGACG_008,125
CGATGTAGTAATCGGCGACG_009,154
CGATGTAGTAATCGGCGACG_010,127
CGATGTAGTAATCGGCGACG_011,77
CGATGTAGTAATCGGCGACG_012,98
CGATGTAGTAATCGGCGACG_013,72
CGATGTAGTAATCGGCGACG_014,114
CGATGTAGTAATCGGCGACG_015,77
CGATGTAGTAATCGGCGACG_016,79
CGATGTAGTAATCGGCGACG_017,40
CGATGTAGTAATCGGCGACG_018,152
GATGGATGTGAGTACGACAC_001,19
GATGGATGTGAGTACGACAC_002,147
GATGGATGTGAGTACGACAC_003,75
GTTCTGCCACCGACTTGGCC_001,66
GTTCTGCCACCGACTTGGCC_002,89
GTTCTGCCACCGACTTGGCC_003,149
GTTCTGCCACCGACTTGGCC_004,56
GTTCTGCCACCGACTTGGCC_005,9
GTTCTGCCACCGACTTGGCC_006,69
GTTCTGCCACCGACTTGGCC_007,145
GTTCTGCCACCGACTTGGCC_008,155
GTTCTGCCACCGACTTGGCC_009,61
GTTCTGCCACCGACTTGGCC_010,46
GTTCTGCCACCGACTTGGCC_011,161
GTTCTGCCACCGACTTGGCC_012,147
GTTCTGCCACCGACTTGGCC_013,130
GTTCTGCCACCGACTTGGCC_014,130
GTTCTGCCACCGACTTGGCC_015,176
GTTCTGCCACCGACTTGGCC_016,127
GTTCTGCCACCGACTTGGCC_017,134
GTTCTGCCACCGACTTGGCC_018,122
GTTCTGCCACCGACTTGGCC_019,5
GTTCTGCCACCGACTTGGCC_020,177
GTTCTGCCACCGACTTGGCC_021,41
GTTCTGCCACCGACTTGGCC_022,169
GTTCTGCCACCGACTTGGCC_023,148
GTTCTGCCACCGACTTGGCC_024,61
CGGATCGAGTTTGATAACGA_001,119
CGGATCGAGTTTGATAACGA_002,150
CGGATCGAGTTTGATAACGA_003,56
CGGATCGAGTTTGATAACGA_004,13
CGGATCGAGTTTGATAACGA_005,24
CGGATCGAGTTTGATAACGA_006,48
CGGATCGAGTTTGATAACGA_007,43
GCTAGTCGACTGGCTCAGCA_001,60
GCTAGTCGACTGGCTCAGCA_002,4
GCTAGTCGACTGGCTCAGCA_003,83
GCTAGTCGACTGGCTCAGCA_004,121
GCTAGTCGACTGGCTCAGCA_005,50
GCTAGTCGACTGGCTCAGCA_006,57
GCTAGTCGACTGGCTCAGCA_007,127
CTACATGGAGGTTCGAACCG_001,0
CTACATGGAGGTTCGAACCG_002,43
CTACATGGAGGTTCGAACCG_003,68
CTACATGGAGGTTCGAACCG_004,155
CTACATGGAGGTTCGAACCG_005,178
CTACATGGAGGTTCGAACCG_006,161
CTACATGGAGGTTCGAACCG_007,10
CTACATGGAGGTTCGAACCG_008,72
CTACATGGAGGTTCGAACCG_009,55
CTACATGGAGGTTCGAACCG_010,163
CTACATGGAGGTTCGAACCG_011,119
CTACATGGAGGTTCGAACCG_012,17
CTACATGGAGGTTCGAACCG_013,109
CTACATGGAGGTTCGAACCG_014,109
CTACATGGAGGTTCGAACCG_015,63
AGCTGAGGGTTTACCCCGTG_001,42
AGCTGAGGGTTTACCCCGTG_002,194
AGCTGAGGGTTTACCCCGTG_003,157
AGCTGAGGGTTTACCCCGTG_004,149
AGCTGAGGGTTTACCCCGTG_005,62
AGCTGAGGGTTTACCCCGTG_006,12
AGCTGAGGGTTTACCCCGTG_007,162
AGCTGAGGGTTTACCCCGTG_008,46
GAAGATATAGAGAATTCGTG_001,116
GGGGCGCACCCCCCTCATCG_001,3
GGGGCGCACCCCCCTCATCG_002,145
GGGGCGCACCCCCCTCATCG_003,28
GGGGCGCACCCCCCTCATCG_004,169
GGGGCGCACCCCCCTCATCG_005,22
GGGGCGCACCCCCCTCATCG_006,19
GGGGCGCACCCCCCTCATCG_007,77
GGGGCGCACCCCCCTCATCG_008,118
GGGGCGCACCCCCCTCATCG_009,103
GGGGCGCACCCCCCTCATCG_010,56
GGGGCGCACCCCCCTCATCG_011,115
GGGGCGCACCCCCCTCATCG_012,185
GGGGCGCACCCCCCTCATCG_013,0
GGGGCGCACCCCCCTCATCG_014,12
GGGGCGCACCCCCCTCATCG_015,24
GGGGCGCACCCCCCTCATCG_016,173
GGGGCGCACCCCCCTCATCG_017,82
GGGGCGCACCCCCCTCATCG_018,49
GGGGCGCACCCCCCTCATCG_019,42
GGGGCGCACCCCCCTCATCG_020,145
GGGGCGCACCCCCCTCATCG_021,61
GGGGCGCACCCCCCTCATCG_022,105
GGGGCGCACCCCCCTCATCG_023,191
GGGGCGCACCCCCCTCATCG_024,105
GGGGCGCACCCCCCTCATCG_025,169
GGGGCGCACCCCCCTCATCG_026,61
GGGGCGCACCCCCCTCATCG_027,49
GGGGCGCACCCCCCTCATCG_028,138
GGGGCGCACCCCCCTCATCG_029,142
GGGGCGCACCCCCCTCATCG_030,82
GGGGCGCACCCCCCTCATCG_031,9
GGGGCGCACCCCCCTCATCG_032,127
GGGGCGCACCCCCCTCATCG_033,165
GGGGCGCACCCCCCTCATCG_034,131
GGGGCGCACCCCCCTCATCG_035,39
GGGGCGCACCCCCCTCATCG_036,114
GGGGCGCACCCCCCTCATCG_037,35
GGGGCGCACCCCCCTCATCG_038,149
GGGGCGCACCCCCCTCATCG_039,125
GGGGCGCACCCCCCTCATCG_040,190
GGGGCGCACCCCCCTCATCG_041,170
GGACTCACCATTTGTGAACT_001,35
GGACTCACCATTTGTGAACT_002,158
CTGTCAGTGAAAACCACTCG_001,158
CTGTCAGTGAAAACCACTCG_002,145
CTGTCAGTGAAAACCACTCG_003,36
CTGTCAGTGAAAACCACTCG_004,115
CTGTCAGTGAAAACCACTCG_005,82
CTGTCAGTGAAAACCACTCG_006,127
CTGTCAGTGAAAACCACTCG_007,148
CTGTCAGTGAAAACCACTCG_008,61
CTGTCAGTGAAAACCACTCG_009,146
CTGTCAGTGAAAACCACTCG_010,175
CTGTCAGTGAAAACCACTCG_011,94
CTGTCAGTGAAAACCACTCG_012,180
AATCGTCATTTCAAAGCACT_001,77
AATCGTCATTTCAAAGCACT_002,19
AATCGTCATTTCAAAGCACT_003,49
AATCGTCATTTCAAAGCACT_004,107
AATCGTCATTTCAAAGCACT_005,123
AATCGTCATTTCAAAGCACT_006,41
AATCGTCATTTCAAAGCACT_007,146
AATCGTCATTTCAAAGCACT_008,104
TGAAGAATGCCTCCTCACAC_001,114
TGAAGAATGCCTCCTCACAC_002,112
TGAAGAATGCCTCCTCACAC_003,52
TGAAGAATGCCTCCTCACAC_004,183
TGAAGAATGCCTCCTCACAC_005,49
TGAAGAATGCCTCCTCACAC_006,113
TGAAGAATGCCTCCTCACAC_007,84
TGAAGAATGCCTCCTCACAC_008,126
TGAAGAATGCCTCCTCACAC_009,14
TGAAGAATGCCTCCTCACAC_010,151
TGAAGAATGCCTCCTCACAC_011,80
TGAAGAATGCCTCCTCACAC_012,144
TGAAGAATGCCTCCTCACAC_013,165
TGAAGAATGCCTCCTCACAC_014,103
TGAAGAATGCCTCCTCACAC_015,127
TGAAGAATGCCTCCTCACAC_016,123
CTTGTCTGCAAACAGTTTGA_001,184
CCGTAGAACAGAGCAAGAGG_001,48
CCGTAGAACAGAGCAAGAGG_002,110
CCGTAGAACAGAGCAAGAGG_003,11
CCGTAGAACAGAGCAAGAGG_004,24
CCGTAGAACAGAGCAAGAGG_005,120
CCGTAGAACAGAGCAAGAGG_006,81
CCGTAGAACAGAGCAAGAGG_007,59
CCGTAGAACAGAGCAAGAGG_008,92
CCGTAGAACAGAGCAAGAGG_009,174
CCGTAGAACAGAGCAAGAGG_010,172
CCGTAGAACAGAGCAAGAGG_011,145
ACCACCTCAACCGAGCCATG_001,15
ACCACCTCAACCGAGCCATG_002,14
ACCACCTCAACCGAGCCATG_003,27
ACCACCTCAACCGAGCCATG_004,198
ACCACCTCAACCGAGCCATG_005,15
ACCACCTCAACCGAGCCATG_006,121
ACCACCTCAACCGAGCCATG_007,170
ACCACCTCAACCGAGCCATG_008,73
ACCACCTCAACCGAGCCATG_009,165
ACCACCTCAACCGAGCCATG_010,124
ACCACCTCAACCGAGCCATG_011,197
ACCCTCGGAGTCCTAAAACC_001,129
ACCCTCGGAGTCCTAAAACC_002,32
GTTTGCCCTAGGGTTCACGA_001,127
GTTTGCCCTAGGGTTCACGA_002,160
GTTTGCCCTAGGGTTCACGA_003,68
GTTTGCCCTAGGGTTCACGA_004,69
GTTTGCCCTAGGGTTCACGA_005,150
GTTTGCCCTAGGGTTCACGA_006,78
GTTTGCCCTAGGGTTCACGA_007,123
GTTTGCCCTAGGGTTCACGA_008,88
GTTTGCCCTAGGGTTCACGA_009,135
GTTTGCCCTAGGGTTCACGA_010,106
GTTTGCCCTAGGGTTCACGA_011,93
GTTTGCCCTAGGGTTCACGA_012,70
GTTTGCCCTAGGGTTCACGA_013,12
TGACAACGATTGGTTCCGAC_001,7
TGACAACGATTGGTTCCGAC_002,34
TCTGAAACTTCATGAGCTCT_001,127
TCTGAAACTTCATGAGCTCT_002,76
TCTGAAACTTCATGAGCTCT_003,42
AAGTCGCGAGACATCGGCCA_001,1
AAGTCGCGAGACATCGGCCA_002,177
AAGTCGCGAGACATCGGCCA_003,27
AAGTCGCGAGACATCGGCCA_004,8
AAGTCGCGAGACATCGGCCA_005,129
AAGTCGCGAGACATCGGCCA_006,64
AAGTCGCGAGACATCGGCCA_007,123
AAGTCGCGAGACATCGGCCA_008,158
AAGTCGCGAGACATCGGCCA_009,81
AAGTCGCGAGACATCGGCCA_010,136
AAGTCGCGAGACATCGGCCA_011,0
AAGTCGCGAGACATCGGCCA_012,12
AAGTCGCGAGACATCGGCCA_013,183
AAGTCGCGAGACATCGGCCA_014,8
AAGTCGCGAGACATCGGCCA_015,131
AAGTCGCGAGACATCGGCCA_016,33
AAGTCGCGAGACATCGGCCA_017,16
AAGTCGCGAGACATCGGCCA_018,107
AAGTCGCGAGACATCGGCCA_019,40
AAGTCGCGAGACATCGGCCA_020,194
AAGTCGCGAGACATCGGCCA_021,82
AAGTCGCGAGACATCGGCCA_022,77
ATCAAAGCCCCCAATCAGCA_001,172
ATCAAAGCCCCCAATCAGCA_002,42
ATCAAAGCCCCCAATCAGCA_003,174
ATCAAAGCCCCCAATCAGCA_004,115
ATCAAAGCCCCCAATCAGCA_005,147
ATCAAAGCCCCCAATCAGCA_006,59
ATCAAAGCCCCCAATCAGCA_007,184
ATCAAAGCCCCCAATCAGCA_008,160
ATCAAAGCCCCCAATCAGCA_009,25
ATCAAAGCCCCCAATCAGCA_010,150
ATCAAAGCCCCCAATCAGCA_011,179
ATCAAAGCCCCCAATCAGCA_012,133
ATCAAAGCCCCCAATCAGCA_013,169
ATCAAAGCCCCCAATCAGCA_014,80
ATCAAAGCCCCCAATCAGCA_015,76
ATCAAAGCCCCCAATCAGCA_016,17
ATCAAAGCCCCCAATCAGCA_017,150
ATCAAAGCCCCCAATCAGCA_018,168
ATCAAAGCCCCCAATCAGCA_019,26
ATCAAAGCCCCCAATCAGCA_020,98
ATCAAAGCCCCCAATCAGCA_021,99
ATCAAAGCCCCCAATCAGCA_022,48
ATCAAAGCCCCCAATCAGCA_023,55
ATCAAAGCCCCCAATCAGCA_024,52
ATCAAAGCCCCCAATCAGCA_025,100
GCACGTTCTGCAGTACGCCA_001,128
GCACGTTCTGCAGTACGCCA_002,27
GCACGTTCTGCAGTACGCCA_003,154
GCACGTTCTGCAGTACGCCA_004,43
GCACGTTCTGCAGTACGCCA_005,135
GCACGTTCTGCAGTACGCCA_006,21
GCACGTTCTGCAGTACGCCA_007,87
GCACGTTCTGCAGTACGCCA_008,19
GCACGTTCTGCAGTACGCCA_009,78
GCACGTTCTGCAGTACGCCA_010,145
GCACGTTCTGCAGTACGCCA_011,89
GAGCAGGATATTGACGGAAG_001,111
GAGCAGGATATTGACGGAAG_002,19
GAGCAGGATATTGACGGAAG_003,62
GAGCAGGATATTGACGGAAG_004,10
GAGCAGGATATTGACGGAAG_005,169
GAGCAGGATATTGACGGAAG_006,33
AAGCTTTGCCGCATTCACGT_001,151
AAGCTTTGCCGCATTCACGT_002,96
AAGCTTTGCCGCATTCACGT_003,82
AAGCTTTGCCGCATTCACGT_004,133
AAGCTTTGCCGCATTCACGT_005,8
AAGCTTTGCCGCATTCACGT_006,7
AAGCTTTGCCGCATTCACGT_007,157
AAGCTTTGCCGCATTCACGT_008,191
CTTTACACAACACTTCGATG_001,195
CTTTACACAACACTTCGATG_002,17
CTTTACACAACACTTCGATG_003,9
CTTTACACAACACTTCGATG_004,162
CTTTACACAACACTTCGATG_005,19
CTTTACACAACACTTCGATG_006,121
CTTTACACAACACTTCGATG_007,40
TAGCCACACAGACTATTGTG_001,107
TAGCCACACAGACTATTGTG_002,72
TAGCCACACAGACTATTGTG_003,41
TAGCCACACAGACTATTGTG_004,84
TAGCCACACAGACTATTGTG_005,49
TAGCCACACAGACTATTGTG_006,65
CTGTTGGAAGAAGCAAACCG_001,193
CTGTTGGAAGAAGCAAACCG_002,183
CTGTTGGAAGAAGCAAACCG_003,185
CTGTTGGAAGAAGCAAACCG_004,72
CTGTTGGAAGAAGCAAACCG_005,192
CTGTTGGAAGAAGCAAACCG_006,67
CTGTTGGAAGAAGCAAACCG_007,142
CTGTTGGAAGAAGCAAACCG_008,115
CCTGTGGGGCAAGGTGAATG_001,34
CCTGTGGGGCAAGGTGAATG_002,60
CCTGTGGGGCAAGGTGAATG_003,76
CCTGTGGGGCAAGGTGAATG_004,119
CCTGTGGGGCAAGGTGAATG_005,3
CCTGTGGGGCAAGGTGAATG_006,58
CCTGTGGGGCAAGGTGAATG_007,15
CCTGTGGGGCAAGGTGAATG_008,94
GCGGCCGGGGACTCGCACGG_001,15
GCGGCCGGGGACTCGCACGG_002,97
GCGGCCGGGGACTCGCACGG_003,32
GCGGCCGGGGACTCGCACGG_004,2
GCGGCCGGGGACTCGCACGG_005,171
GCGGCCGGGGACTCGCACGG_006,137
GCGGCCGGGGACTCGCACGG_007,28
GCGGCCGGGGACTCGCACGG_008,94
GCGGCCGGGGACTCGCACGG_009,156
GCGGCCGGGGACTCGCACGG_010,117
GCGGCCGGGGACTCGCACGG_011,94
GCGGCCGGGGACTCGCACGG_012,149
GCGGCCGGGGACTCGCACGG_013,88
GCGGCCGGGGACTCGCACGG_014,54
GCGGCCGGGGACTCGCACGG_015,15
GCGGCCGGGGACTCGCACGG_016,151
GCGGCCGGGGACTCGCACGG_017,84
GCGGCCGGGGACTCGCACGG_018,26
GCGGCCGGGGACTCGCACGG_019,60
GCGGCCGGGGACTCGCACGG_020,62
GCGGCCGGGGACTCGCACGG_021,158
GCGGCCGGGGACTCGCACGG_022,61
GCGGCCGGGGACTCGCACGG_023,51
GCGGCCGGGGACTCGCACGG_024,116
GCGGCCGGGGACTCGCACGG_025,94
GCGGCCGGGGACTCGCACGG_026,106
GCGGCCGGGGACTCGCACGG_027,63
GCGGCCGGGGACTCGCACGG_028,18
GCGGCCGGGGACTCGCACGG_029,53
GGGCCTCCGAACCGTCGCGC_001,133
GGGCCTCCGAACCGTCGCGC_002,142
GGGCCTCCGAACCGTCGCGC_003,58
GGGCCTCCGAACCGTCGCGC_004,77
GGGCCTCCGAACCGTCGCGC_005,70
GGGCCTCCGAACCGTCGCGC_006,80
GGGCCTCCGAACCGTCGCGC_007,149
GGGCCTCCGAACCGTCGCGC_008,185
GGGCCTCCGAACCGTCGCGC_009,14
GGGCCTCCGAACCGTCGCGC_010,153
GGGCCTCCGAACCGTCGCGC_011,130
GGGCCTCCGAACCGTCGCGC_012,23
GGGCCTCCGAACCGTCGCGC_013,83
GGGCCTCCGAACCGTCGCGC_014,38
GGGCCTCCGAACCGTCGCGC_015,59
GGGCCTCCGAACCGTCGCGC_016,68
GGGCCTCCGAACCGTCGCGC_017,67
GGGCCTCCGAACCGTCGCGC_018,139
GGGCCTCCGAACCGTCGCGC_019,33
GGGCCTCCGAACCGTCGCGC_020,8
GGGCCTCCGAACCGTCGCGC_021,155
GGGCCTCCGAACCGTCGCGC_022,155
GGGCCTCCGAACCGTCGCGC_023,141
GGGCCTCCGAACCGTCGCGC_024,178
GGGCCTCCGAACCGTCGCGC_025,23
GGGCCTCCGAACCGTCGCGC_026,160
GGGCCTCCGAACCGTCGCGC_027,103
GGGCCTCCGAACCGTCGCGC_028,1
GGGCCTCCGAACCGTCGCGC_029,94
GGGCCTCCGAACCGTCGCGC_030,168
GGGCCTCCGAACCGTCGCGC_031,169
GGGCCTCCGAACCGTCGCGC_032,106
GGGCCTCCGAACCGTCGCGC_033,130
GGGCCTCCGAACCGTCGCGC_034,77
GGGCCTCCGAACCGTCGCGC_035,77
GGGCCTCCGAACCGTCGCGC_036,199
GGGCCTCCGAACCGTCGCGC_037,199
GGGCCTCCGAACCGTCGCGC_038,77
GGGCCTCCGAACCGTCGCGC_039,175
GGGCCTCCGAACCGTCGCGC_040,70
GGGCCTCCGAACCGTCGCGC_041,198
GGGCCTCCGAACCGTCGCGC_042,48
GGGCCTCCGAACCGTCGCGC_043,27
GGGCCTCCGAACCGTCGCGC_044,55
GGGCCTCCGAACCGTCGCGC_045,76
GGGCCTCCGAACCGTCGCGC_046,169
GGGCCTCCGAACCGTCGCGC_047,9
GGGCCTCCGAACCGTCGCGC_048,56
GGGCCTCCGAACCGTCGCGC_049,15
GGGCCTCCGAACCGTCGCGC_050,81
GGGCCTCCGAACCGTCGCGC_051,168
GGGCCTCCGAACCGTCGCGC_052,130
GGGCCTCCGAACCGTCGCGC_053,104
GGGCCTCCGAACCGTCGCGC_054,160
GGGCCTCCGAACCGTCGCGC_055,43
GGGCCTCCGAACCGTCGCGC_056,152
GGGCCTCCGAACCGTCGCGC_057,155
CTTTAGCTTGTAAAGACCAC_001,157
CTTTAGCTTGTAAAGACCAC_002,156
CTTTAGCTTGTAAAGACCAC_003,52
CTTTAGCTTGTAAAGACCAC_004,1
CTTTAGCTTGTAAAGACCAC_005,136
GGACAGAAGTCACAAAACAC_001,117
GGACAGAAGTCACAAAACAC_002,146
GGACAGAAGTCACAAAACAC_003,130
TGAAGGCCGACATCTTGCAG_001,9
TGAAGGCCGACATCTTGCAG_002,50
TGAAGGCCGACATCTTGCAG_003,4
TGAAGGCCGACATCTTGCAG_004,158
TGAAGGCCGACATCTTGCAG_005,158
TGAAGGCCGACATCTTGCAG_006,102
TGAAGGCCGACATCTTGCAG_007,157
TGAAGGCCGACATCTTGCAG_008,181
TGAAGGCCGACATCTTGCAG_009,153
TGAAGGCCGACATCTTGCAG_010,41
TGGGTGAGGGACACTTGGGT_001,111
TGGGTGAGGGACACTTGGGT_002,176
TGGGTGAGGGACACTTGGGT_003,187
TGGGTGAGGGACACTTGGGT_004,28
CCGACACGCCGGACTCCACG_001,78
CCGACACGCCGGACTCCACG_002,170
CCGACACGCCGGACTCCACG_003,105
CCGACACGCCGGACTCCACG_004,41
CCGACACGCCGGACTCCACG_005,147
CCGACACGCCGGACTCCACG_006,63
CCGACACGCCGGACTCCACG_007,16
CCGACACGCCGGACTCCACG_008,40
AAATTGACCCCGCCATCCAG_001,165
AAATTGACCCCGCCATCCAG_002,14
AAATTGACCCCGCCATCCAG_003,57
AAATTGACCCCGCCATCCAG_004,153
AAATTGACCCCGCCATCCAG_005,195
AAATTGACCCCGCCATCCAG_006,70
AAATTGACCCCGCCATCCAG_007,147
AAATTGACCCCGCCATCCAG_008,58
AAATTGACCCCGCCATCCAG_009,57
AAATTGACCCCGCCATCCAG_010,58
AAATTGACCCCGCCATCCAG_011,162
AAATTGACCCCGCCATCCAG_012,95
AAATTGACCCCGCCATCCAG_013,40
AAATTGACCCCGCCATCCAG_014,16
AAATTGACCCCGCCATCCAG_015,139
AAATTGACCCCGCCATCCAG_016,156
AAATTGACCCCGCCATCCAG_017,127
AAATTGACCCCGCCATCCAG_018,49
AAATTGACCCCGCCATCCAG_019,126
AAATTGACCCCGCCATCCAG_020,106
AAATTGACCCCGCCATCCAG_021,82
AAATTGACCCCGCCATCCAG_022,108
AAATTGACCCCGCCATCCAG_023,40
AAATTGACCCCGCCATCCAG_024,186
AAATTGACCCCGCCATCCAG_025,53
AAATTGACCCCGCCATCCAG_026,40
AAATTGACCCCGCCATCCAG_027,63
AAATTGACCCCGCCATCCAG_028,179
AAATTGACCCCGCCATCCAG_029,34
AAATTGACCCCGCCATCCAG_030,138
AAATTGACCCCGCCATCCAG_031,89
AAATTGACCCCGCCATCCAG_032,141
AAATTGACCCCGCCATCCAG_033,88
AAATTGACCCCGCCATCCAG_034,82
AAATTGACCCCGCCATCCAG_035,115
AAATTGACCCCGCCATCCAG_036,133
AAATTGACCCCGCCATCCAG_037,39
AAATTGACCCCGCCATCCAG_038,49
AAATTGACCCCGCCATCCAG_039,6
AAATTGACCCCGCCATCCAG_040,179
AAATTGACCCCGCCATCCAG_041,168
AAATTGACCCCGCCATCCAG_042,115
AAATTGACCCCGCCATCCAG_043,98
AAATTGACCCCGCCATCCAG_044,25
AAATTGACCCCGCCATCCAG_045,58
AAATTGACCCCGCCATCCAG_046,117
AAATTGACCCCGCCATCCAG_047,131
AAATTGACCCCGCCATCCAG_048,129
CTGGCTGGTAGCTAGACTGT_001,41
CTGGCTGGTAGCTAGACTGT_002,15
CTGGCTGGTAGCTAGACTGT_003,86
CTGGCTGGTAGCTAGACTGT_004,25
CTGGCTGGTAGCTAGACTGT_005,22
CTGGCTGGTAGCTAGACTGT_006,169
CTGGCTGGTAGCTAGACTGT_007,59
CTGGCTGGTAGCTAGACTGT_008,147
CTGGCTGGTAGCTAGACTGT_009,50
CTGGCTGGTAGCTAGACTGT_010,48
CACAAACGTGCGGCCATCGG_001,29
CACAAACGTGCGGCCATCGG_002,182
ATGAACGTAGGTTCTCTGCA_001,59
ATGAACGTAGGTTCTCTGCA_002,121
ATGAACGTAGGTTCTCTGCA_003,162
ATGAACGTAGGTTCTCTGCA_004,174
ATGAACGTAGGTTCTCTGCA_005,175
ATGAACGTAGGTTCTCTGCA_006,56
ATGAACGTAGGTTCTCTGCA_007,31
ATGAACGTAGGTTCTCTGCA_008,77
ATGAACGTAGGTTCTCTGCA_009,162
ATGAACGTAGGTTCTCTGCA_010,34
ATGAACGTAGGTTCTCTGCA_011,2
ATGAACGTAGGTTCTCTGCA_012,130
ATGAACGTAGGTTCTCTGCA_013,83
AGCCACTGGTCAGGCTGGCG_001,171
AGCCACTGGTCAGGCTGGCG_002,145
AGCCACTGGTCAGGCTGGCG_003,41
AGCCACTGGTCAGGCTGGCG_004,56
AGCCACTGGTCAGGCTGGCG_005,38
AGCCACTGGTCAGGCTGGCG_006,185
AGCCACTGGTCAGGCTGGCG_007,11
AGCCACTGGTCAGGCTGGCG_008,13
AGCCACTGGTCAGGCTGGCG_009,86
AGCCACTGGTCAGGCTGGCG_010,61
AGCCACTGGTCAGGCTGGCG_011,172
AGCCACTGGTCAGGCTGGCG_012,199
AGCCACTGGTCAGGCTGGCG_013,2
AGCCACTGGTCAGGCTGGCG_014,143
GAAAGCCTGCAAGTGACGAG_001,137
GAAAGCCTGCAAGTGACGAG_002,119
GAAAGCCTGCAAGTGACGAG_003,25
GAAAGCCTGCAAGTGACGAG_004,157
GAAAGCCTGCAAGTGACGAG_005,70
GAAAGCCTGCAAGTGACGAG_006,48
GAAAGCCTGCAAGTGACGAG_007,62
GAAAGCCTGCAAGTGACGAG_008,41
GAAAGCCTGCAAGTGACGAG_009,105
GAAAGCCTGCAAGTGACGAG_010,145
GAAAGCCTGCAAGTGACGAG_011,141
GAAAGCCTGCAAGTGACGAG_012,120
GAAAGCCTGCAAGTGACGAG_013,96
GAAAGCCTGCAAGTGACGAG_014,104
GAAAGCCTGCAAGTGACGAG_015,158
GAAAGCCTGCAAGTGACGAG_016,27
GAAAGCCTGCAAGTGACGAG_017,43
GAAAGCCTGCAAGTGACGAG_018,147
GAAAGCCTGCAAGTGACGAG_019,149
GAAAGCCTGCAAGTGACGAG_020,63
GAAAGCCTGCAAGTGACGAG_021,137
GAATATGATGAGGACGACCT_001,149
GAATATGATGAGGACGACCT_002,48
GAATATGATGAGGACGACCT_003,138
GAATATGATGAGGACGACCT_004,166
GAATATGATGAGGACGACCT_005,121
GAATATGATGAGGACGACCT_006,88
GAATATGATGAGGACGACCT_007,169
GCTACTGCGAGCATGACCAG_001,126
GCTACTGCGAGCATGACCAG_002,102
GGTAGTACTCCATGACACCC_001,114
GGTAGTACTCCATGACACCC_002,124
GTGAATAAGGGGCTAAGCTA_001,170
GTGAATAAGGGGCTAAGCTA_002,151
GTGAATAAGGGGCTAAGCTA_003,111
GTGAATAAGGGGCTAAGCTA_004,131
GTGAATAAGGGGCTAAGCTA_005,167
GTGAATAAGGGGCTAAGCTA_006,167
GCCCGGGAACTCGCTCACAA_001,188
GCCCGGGAACTCGCTCACAA_002,158
GCCCGGGAACTCGCTCACAA_003,100
GCCCGGGAACTCGCTCACAA_004,51
GCCCGGGAACTCGCTCACAA_005,94
GCCCGGGAACTCGCTCACAA_006,24
GCCCGGGAACTCGCTCACAA_007,27
GCCCGGGAACTCGCTCACAA_008,130
GCCCGGGAACTCGCTCACAA_009,34
GCCCGGGAACTCGCTCACAA_010,104
GCCCGGGAACTCGCTCACAA_011,145
GCCCGGGAACTCGCTCACAA_012,155
GCCCGGGAACTCGCTCACAA_013,192
GCCCGGGAACTCGCTCACAA_014,81
GCCCGGGAACTCGCTCACAA_015,149
GCCCGGGAACTCGCTCACAA_016,199
GCCCGGGAACTCGCTCACAA_017,155
GCCCGGGAACTCGCTCACAA_018,85
GCCCGGGAACTCGCTCACAA_019,35
GCCCGGGAACTCGCTCACAA_020,133
GCCCGGGAACTCGCTCACAA_021,126
GCCCGGGAACTCGCTCACAA_022,198
GCCCGGGAACTCGCTCACAA_023,70
GCCCGGGAACTCGCTCACAA_024,27
GCAACTACGATAGCCCAAAG_001,160
GCAACTACGATAGCCCAAAG_002,124
AAAAATACATCAGACTTACA_001,77
AAAAATACATCAGACTTACA_002,149
AAAAATACATCAGACTTACA_003,83
GTAGCCATTGAAAACACTGG_001,9
GTAGCCATTGAAAACACTGG_002,190
GTAGCCATTGAAAACACTGG_003,155
GTAGCCATTGAAAACACTGG_004,114
GTAGCCATTGAAAACACTGG_005,5
GTAGCCATTGAAAACACTGG_006,34
GTAGCCATTGAAAACACTGG_007,77
GTAGCCATTGAAAACACTGG_008,175
GTAGCCATTGAAAACACTGG_009,3
GTAGCCATTGAAAACACTGG_010,153
GTAGCCATTGAAAACACTGG_011,148
TGAATACCTGTGCGCCTACG_001,187
TGAATACCTGTGCGCCTACG_002,48
TGAATACCTGTGCGCCTACG_003,102
TGAATACCTGTGCGCCTACG_004,169
TGGAAAAGAACTTCACAAGG_001,88
TGGAAAAGAACTTCACAAGG_002,26
TGGAAAAGAACTTCACAAGG_003,105
TGGAAAAGAACTTCACAAGG_004,129
TGGAAAAGAACTTCACAAGG_005,168
TGGAAAAGAACTTCACAAGG_006,112
GGTCATAGGCCATCACAGTG_001,32
GGTCATAGGCCATCACAGTG_002,136
GGTCATAGGCCATCACAGTG_003,97
GGTCATAGGCCATCACAGTG_004,182
CTGAACCTACTAGCAGCCCG_001,157
CTGAACCTACTAGCAGCCCG_002,116
CTGAACCTACTAGCAGCCCG_003,62
CTGAACCTACTAGCAGCCCG_004,144
CTGAACCTACTAGCAGCCCG_005,144
AGGGAATTCACAGAAGAAGT_001,75
TTGAGAAGGATCCGAACGAG_001,102
TTGAGAAGGATCCGAACGAG_002,116
TTGAGAAGGATCCGAACGAG_003,186
TTGAGAAGGATCCGAACGAG_004,82
TTGAGAAGGATCCGAACGAG_005,170
TTGAGAAGGATCCGAACGAG_006,127
TTGAGAAGGATCCGAACGAG_007,40
TTGAGAAGGATCCGAACGAG_008,3
TTGAGAAGGATCCGAACGAG_009,70
TTGAGAAGGATCCGAACGAG_010,77
CACACACTACCATACCAGCG_001,195
CACACACTACCATACCAGCG_002,94
TCGCTCGTGAACGAGTCCGA_001,134
TGGAACTTAGAGCGAACACT_001,58
TGGAACTTAGAGCGAACACT_002,176
TGGAACTTAGAGCGAACACT_003,91
TGGAACTTAGAGCGAACACT_004,41
TGGAACTTAGAGCGAACACT_005,175
TGGAACTTAGAGCGAACACT_006,99
CCGCCTGAACAAGAGTAGTG_001,127
CCGCCTGAACAAGAGTAGTG_002,147
CCGCCTGAACAAGAGTAGTG_003,121
CCGCCTGAACAAGAGTAGTG_004,56
CCGCCTGAACAAGAGTAGTG_005,85
CCGCCTGAACAAGAGTAGTG_006,39
CCGCCTGAACAAGAGTAGTG_007,113
CCGCCTGAACAAGAGTAGTG_008,1
CCGCCTGAACAAGAGTAGTG_009,82
CCGCCTGAACAAGAGTAGTG_010,147
CCGCCTGAACAAGAGTAGTG_011,144
CCGCCTGAACAAGAGTAGTG_012,156
CCGCCTGAACAAGAGTAGTG_013,22
CCGCCTGAACAAGAGTAGTG_014,137
CCGCCTGAACAAGAGTAGTG_015,115
CCGCCTGAACAAGAGTAGTG_016,156
CCGCCTGAACAAGAGTAGTG_017,94
CCGCCTGAACAAGAGTAGTG_018,56
CCGCCTGAACAAGAGTAGTG_019,173
CCGCCTGAACAAGAGTAGTG_020,57
CCGCCTGAACAAGAGTAGTG_021,195
CCGCCTGAACAAGAGTAGTG_022,2
CCGCCTGAACAAGAGTAGTG_023,97
CCGCCTGAACAAGAGTAGTG_024,52
CCGCCTGAACAAGAGTAGTG_025,165
CCGCCTGAACAAGAGTAGTG_026,137
CCGCCTGAACAAGAGTAGTG_027,62
CCGCCTGAACAAGAGTAGTG_028,48
CCGCCTGAACAAGAGTAGTG_029,77
GTGGATGAGCCAAAGGGACA_001,183
GTGGATGAGCCAAAGGGACA_002,145
GTGGATGAGCCAAAGGGACA_003,147
GTGGATGAGCCAAAGGGACA_004,119
GTGGATGAGCCAAAGGGACA_005,127
GTGGATGAGCCAAAGGGACA_006,11
GTGGATGAGCCAAAGGGACA_007,178
GTGAGCCATGAGTACCACGA_001,81
GTGAGCCATGAGTACCACGA_002,43
GTGAGCCATGAGTACCACGA_003,108
GTGAGCCATGAGTACCACGA_004,29
GTGAGCCATGAGTACCACGA_005,21
GTGAGCCATGAGTACCACGA_006,197
GTGAGCCATGAGTACCACGA_007,114
GTGAGCCATGAGTACCACGA_008,74
GTGAGCCATGAGTACCACGA_009,126
GTGAGCCATGAGTACCACGA_010,198
GTGAGCCATGAGTACCACGA_011,199
GTGAGCCATGAGTACCACGA_012,42
GTGAGCCATGAGTACCACGA_013,42
GTGAGCCATGAGTACCACGA_014,127
GTGAGCCATGAGTACCACGA_015,196
GTGAGCCATGAGTACCACGA_016,178
GTGAGCCATGAGTACCACGA_017,17
GTGAGCCATGAGTACCACGA_018,182
GTGAGCCATGAGTACCACGA_019,47
GTGAGCCATGAGTACCACGA_020,40
GTGAGCCATGAGTACCACGA_021,10
TTATCGTACCTGTATGAACT_001,188
CCAGTCCCGAGGTTTGGACC_001,191
CCAGTCCCGAGGTTTGGACC_002,56
CCAGTCCCGAGGTTTGGACC_003,33
CCAGTCCCGAGGTTTGGACC_004,157
CCAGTCCCGAGGTTTGGACC_005,49
CCAGTCCCGAGGTTTGGACC_006,167
CCAGTCCCGAGGTTTGGACC_007,106
TGGCTTCTGGAACACCACAT_001,146
TGGCTTCTGGAACACCACAT_002,145
TGGCTTCTGGAACACCACAT_003,170
TGGCTTCTGGAACACCACAT_004,186
TGGCTTCTGGAACACCACAT_005,87
TGGCTTCTGGAACACCACAT_006,137
TGGCTTCTGGAACACCACAT_007,95
TGGCTTCTGGAACACCACAT_008,109
TGGCTTCTGGAACACCACAT_009,49
TGGCTTCTGGAACACCACAT_010,83
TGGCTTCTGGAACACCACAT_011,117
TGGCTTCTGGAACACCACAT_012,197
TGGCTTCTGGAACACCACAT_013,105
TGGCTTCTGGAACACCACAT_014,63
TGGCTTCTGGAACACCACAT_015,40
TACCGTGATTACTGTCCCCG_001,153
TAGGGCAAACAAACGCTGCG_001,181
TAGGGCAAACAAACGCTGCG_002,137
TAGGGCAAACAAACGCTGCG_003,175
TAGGGCAAACAAACGCTGCG_004,62
TAGGGCAAACAAACGCTGCG_005,166
TAGGGCAAACAAACGCTGCG_006,80
TAGGGCAAACAAACGCTGCG_007,131
GTCCTTAGCTACGCTGACCA_001,53
GTCCTTAGCTACGCTGACCA_002,127
GTCCTTAGCTACGCTGACCA_003,163
GTCCTTAGCTACGCTGACCA_004,168
GTCCTTAGCTACGCTGACCA_005,115
GTCCTTAGCTACGCTGACCA_006,171
GTCCTTAGCTACGCTGACCA_007,94
GTCCTTAGCTACGCTGACCA_008,162
GTCCTTAGCTACGCTGACCA_009,158
GTCCTTAGCTACGCTGACCA_010,5
GTCCTTAGCTACGCTGACCA_011,45
GTCCTTAGCTACGCTGACCA_012,61
GTCCTTAGCTACGCTGACCA_013,137
GTCCTTAGCTACGCTGACCA_014,155
GTCCTTAGCTACGCTGACCA_015,163
CCCCAGTCAAAGCTTCGAGG_001,137
CCCCAGTCAAAGCTTCGAGG_002,42
CCCCAGTCAAAGCTTCGAGG_003,149
CCCCAGTCAAAGCTTCGAGG_004,199
CCCCAGTCAAAGCTTCGAGG_005,102
CCCCAGTCAAAGCTTCGAGG_006,116
CCCCAGTCAAAGCTTCGAGG_007,12
GCAGACAGACCAAGCCATTG_001,130
GCAGACAGACCAAGCCATTG_002,102
GCAGACAGACCAAGCCATTG_003,130
GCAGACAGACCAAGCCATTG_004,44
GCAGACAGACCAAGCCATTG_005,163
GCAGACAGACCAAGCCATTG_006,35
GCAGACAGACCAAGCCATTG_007,89
GCAGACAGACCAAGCCATTG_008,91
AGTGGTGGTTGTGAAAGACA_001,80
AGTGGTGGTTGTGAAAGACA_002,147
AGTGGTGGTTGTGAAAGACA_003,126
AGTGGTGGTTGTGAAAGACA_004,187
AGTGGTGGTTGTGAAAGACA_005,50
AGTGGTGGTTGTGAAAGACA_006,154
AGTGGTGGTTGTGAAAGACA_007,123
ACTCCACAGAGCGACTCTCG_001,198
ACTCCACAGAGCGACTCTCG_002,124
ACTCCACAGAGCGACTCTCG_003,147
ACTCCACAGAGCGACTCTCG_004,42
ACTCCACAGAGCGACTCTCG_005,29
ACTCCACAGAGCGACTCTCG_006,199
ACTCCACAGAGCGACTCTCG_007,122
CACACTAACTAAAAGCAACG_001,105
CACACTAACTAAAAGCAACG_002,130
TAAAGACCAACTCCTCGGAA_001,127
TAAAGACCAACTCCTCGGAA_002,29
TAAAGACCAACTCCTCGGAA_003,171
TAAAGACCAACTCCTCGGAA_004,42
TAAAGACCAACTCCTCGGAA_005,74
TAAAGACCAACTCCTCGGAA_006,61
TAAAGACCAACTCCTCGGAA_007,184
TAAAGACCAACTCCTCGGAA_008,169
TAAAGACCAACTCCTCGGAA_009,58
TAAAGACCAACTCCTCGGAA_010,170
TAAAGACCAACTCCTCGGAA_011,92
TAAAGACCAACTCCTCGGAA_012,81
AGGGGTACAATACCTAGGGT_001,94
AGGGGTACAATACCTAGGGT_002,153
AGGGGTACAATACCTAGGGT_003,127
AGGGGTACAATACCTAGGGT_004,38
TACAACATCGTTCTATGGCA_001,197
ACTGGAGCCAGTGTACCCAG_001,150
ACTGGAGCCAGTGTACCCAG_002,54
ACTGGAGCCAGTGTACCCAG_003,118
ACTGGAGCCAGTGTACCCAG_004,193
ACTGGAGCCAGTGTACCCAG_005,28
ACTGGAGCCAGTGTACCCAG_006,9
ACTGGAGCCAGTGTACCCAG_007,132
ACTGGAGCCAGTGTACCCAG_008,43
ACTGGAGCCAGTGTACCCAG_009,3
ACTGGAGCCAGTGTACCCAG_010,57
TATCTCGGAGCAGCACAATG_001,160
TATCTCGGAGCAGCACAATG_002,63
TATCTCGGAGCAGCACAATG_003,9
TATCTCGGAGCAGCACAATG_004,176
TATCTCGGAGCAGCACAATG_005,21
TATCTCGGAGCAGCACAATG_006,168
TATCTCGGAGCAGCACAATG_007,149
TATCTCGGAGCAGCACAATG_008,158
AGCTGACAACCTGATCAATG_001,9
AGCTGACAACCTGATCAATG_002,174
AGCTGACAACCTGATCAATG_003,79
GACATACAGGTAGACCTCGT_001,76
GACATACAGGTAGACCTCGT_002,38
GACATACAGGTAGACCTCGT_003,148
GACATACAGGTAGACCTCGT_004,10
GACATACAGGTAGACCTCGT_005,49
GACATACAGGTAGACCTCGT_006,16
GACATACAGGTAGACCTCGT_007,105
GACATACAGGTAGACCTCGT_008,2
GACATACAGGTAGACCTCGT_009,2
GACATACAGGTAGACCTCGT_010,147
GACATACAGGTAGACCTCGT_011,132
GACATACAGGTAGACCTCGT_012,132
GACATACAGGTAGACCTCGT_013,113
GACATACAGGTAGACCTCGT_014,126
GACATACAGGTAGACCTCGT_015,152
GACATACAGGTAGACCTCGT_016,34
GACATACAGGTAGACCTCGT_017,122
GACATACAGGTAGACCTCGT_018,186
CTTTCAATACAATACCAATG_001,141
CTTTCAATACAATACCAATG_002,1
CTTTCAATACAATACCAATG_003,161
GCACAAACCCAAATAGCACA_001,162
GCACAAACCCAAATAGCACA_002,3
GCACAAACCCAAATAGCACA_003,76
GCACAAACCCAAATAGCACA_004,63
GCACAAACCCAAATAGCACA_005,81
GGAGAATTTACTTCCCACAA_001,160
GGAGAATTTACTTCCCACAA_002,27
GGAGAATTTACTTCCCACAA_003,82
GGAGAATTTACTTCCCACAA_004,78
GGAGAATTTACTTCCCACAA_005,169
GGAGAATTTACTTCCCACAA_006,172
GTAGTCATCCAGGCTAGGAG_001,185
GTAGTCATCCAGGCTAGGAG_002,55
GTAGTCATCCAGGCTAGGAG_003,29
GTAGTCATCCAGGCTAGGAG_004,163
GTAGTCATCCAGGCTAGGAG_005,162
GTAGTCATCCAGGCTAGGAG_006,8
GTAGTCATCCAGGCTAGGAG_007,72
GTAGTCATCCAGGCTAGGAG_008,27
GTAGTCATCCAGGCTAGGAG_009,60
GTAGTCATCCAGGCTAGGAG_010,196
GTAGTCATCCAGGCTAGGAG_011,48
GTAGTCATCCAGGCTAGGAG_012,82
GTAGTCATCCAGGCTAGGAG_013,49
GTAGTCATCCAGGCTAGGAG_014,199
GTAGTCATCCAGGCTAGGAG_015,41
GTAGTCATCCAGGCTAGGAG_016,126
GTTCGAGGCATTTGACAACG_001,19
GTTCGAGGCATTTGACAACG_002,172
CATAACGGTCATAAGACATG_001,104
CATAACGGTCATAAGACATG_002,148
CATAACGGTCATAAGACATG_003,128
CATAACGGTCATAAGACATG_004,81
TATGTATACTCACAGAACCA_001,160
TATGTATACTCACAGAACCA_002,175
TATGTATACTCACAGAACCA_003,123
TAGACCGGGACACCGAGGCG_001,147
TAGACCGGGACACCGAGGCG_002,77
TAGACCGGGACACCGAGGCG_003,175
TAGACCGGGACACCGAGGCG_004,49
TAGACCGGGACACCGAGGCG_005,33
TAGACCGGGACACCGAGGCG_006,193
TAGACCGGGACACCGAGGCG_007,72
TAGACCGGGACACCGAGGCG_008,37
TAGACCGGGACACCGAGGCG_009,161
TAGACCGGGACACCGAGGCG_010,52
TAGACCGGGACACCGAGGCG_011,29
TAGACCGGGACACCGAGGCG_012,52
TAGACCGGGACACCGAGGCG_013,35
TAGACCGGGACACCGAGGCG_014,166
TAGACCGGGACACCGAGGCG_015,77
TAGACCGGGACACCGAGGCG_016,151
TAGACCGGGACACCGAGGCG_017,129
TAGACCGGGACACCGAGGCG_018,141
TAGACCGGGACACCGAGGCG_019,160
TAGACCGGGACACCGAGGCG_020,70
TAGACCGGGACACCGAGGCG_021,156
TAGACCGGGACACCGAGGCG_022,3
TAGACCGGGACACCGAGGCG_023,138
TAGACCGGGACACCGAGGCG_024,144
TAGACCGGGACACCGAGGCG_025,136
TAGACCGGGACACCGAGGCG_026,107
CGCAGCGGCAGGTGCGACAG_001,75
CGCAGCGGCAGGTGCGACAG_002,118
CGCAGCGGCAGGTGCGACAG_003,15
CGCAGCGGCAGGTGCGACAG_004,116
CGCAGCGGCAGGTGCGACAG_005,58
CGCAGCGGCAGGTGCGACAG_006,52
TTTGCCATCAACTTCGTACA_001,100
TTTGCCATCAACTTCGTACA_002,178
AAAGATTTGGAAACATGACG_001,140
AAAGATTTGGAAACATGACG_002,102
AAAGATTTGGAAACATGACG_003,15
AAAGATTTGGAAACATGACG_004,196
AAAGATTTGGAAACATGACG_005,38
AAAGATTTGGAAACATGACG_006,35
AAAGATTTGGAAACATGACG_007,169
AAAGATTTGGAAACATGACG_008,112
AAAGATTTGGAAACATGACG_009,193
AAAGATTTGGAAACATGACG_010,86
TATGCTTCACCCCTGCACAC_001,36
TATGCTTCACCCCTGCACAC_002,115
TATGCTTCACCCCTGCACAC_003,184
TATGCTTCACCCCTGCACAC_004,149
TATGCTTCACCCCTGCACAC_005,148
TATGCTTCACCCCTGCACAC_006,40
TATGCTTCACCCCTGCACAC_007,8
TATGCTTCACCCCTGCACAC_008,29
TATGCTTCACCCCTGCACAC_009,148
TATGCTTCACCCCTGCACAC_010,158
TATGCTTCACCCCTGCACAC_011,115
TATGCTTCACCCCTGCACAC_012,167
TATGCTTCACCCCTGCACAC_013,120
TATGCTTCACCCCTGCACAC_014,15
TATGCTTCACCCCTGCACAC_015,48
TATGCTTCACCCCTGCACAC_016,77
TATGCTTCACCCCTGCACAC_017,158
TATGCTTCACCCCTGCACAC_018,94
TATGCTTCACCCCTGCACAC_019,71
TATGCTTCACCCCTGCACAC_020,174
TATGCTTCACCCCTGCACAC_021,83
TATGCTTCACCCCTGCACAC_022,144
TATGCTTCACCCCTGCACAC_023,84
TATGCTTCACCCCTGCACAC_024,38
TATGCTTCACCCCTGCACAC_025,58
TATGCTTCACCCCTGCACAC_026,113
TATGCTTCACCCCTGCACAC_027,70
TATGCTTCACCCCTGCACAC_028,68
TATGCTTCACCCCTGCACAC_029,130
TATGCTTCACCCCTGCACAC_030,99
TATGCTTCACCCCTGCACAC_031,33
TATGCTTCACCCCTGCACAC_032,6
TATGCTTCACCCCTGCACAC_033,6
TATGCTTCACCCCTGCACAC_034,142
TATGCTTCACCCCTGCACAC_035,153
TATGCTTCACCCCTGCACAC_036,129
TGCTAGCTGATAAAGAACTG_001,76
TGCTAGCTGATAAAGAACTG_002,8
TGCTAGCTGATAAAGAACTG_003,193
TGCTAGCTGATAAAGAACTG_004,172
TGCTAGCTGATAAAGAACTG_005,152
TGCTAGCTGATAAAGAACTG_006,188
TGCTAGCTGATAAAGAACTG_007,180
TGCTAGCTGATAAAGAACTG_008,78
TGCTAGCTGATAAAGAACTG_009,40
CTGGTGCAGAGTGACGCTCA_001,17
CTGGTGCAGAGTGACGCTCA_002,61
CTGGTGCAGAGTGACGCTCA_003,174
CTGGTGCAGAGTGACGCTCA_004,55
CTGGTGCAGAGTGACGCTCA_005,94
CTGGTGCAGAGTGACGCTCA_006,48
CTGGTGCAGAGTGACGCTCA_007,115
CTGGTGCAGAGTGACGCTCA_008,37
CTGGTGCAGAGTGACGCTCA_009,146
CTGGTGCAGAGTGACGCTCA_010,169
CTGGTGCAGAGTGACGCTCA_011,150
CTGGTGCAGAGTGACGCTCA_012,90
CTGGTGCAGAGTGACGCTCA_013,78
CTGGTGCAGAGTGACGCTCA_014,40
AGTCAACGGGATACCAGTGG_001,168
AGTCAACGGGATACCAGTGG_002,82
AGTCAACGGGATACCAGTGG_003,139
AGTCAACGGGATACCAGTGG_004,29
AAGGTAAAAAACAAGCAACC_001,35
AAGGTAAAAAACAAGCAACC_002,117
AAGGTAAAAAACAAGCAACC_003,103
AAGGTAAAAAACAAGCAACC_004,27
AAGGTAAAAAACAAGCAACC_005,162
AAGGTAAAAAACAAGCAACC_006,88
AAGGTAAAAAACAAGCAACC_007,150
AAGGTAAAAAACAAGCAACC_008,172
CGGGGAGTACACTCCCCCTG_001,48
CGGGGAGTACACTCCCCCTG_002,11
CGGGGAGTACACTCCCCCTG_003,81
CGGGGAGTACACTCCCCCTG_004,6
CGGGGAGTACACTCCCCCTG_005,6
CGGGGAGTACACTCCCCCTG_006,26
CGGGGAGTACACTCCCCCTG_007,178
CGGGGAGTACACTCCCCCTG_008,158
TGCGGGGCGATCAGACACCC_001,149
TGCGGGGCGATCAGACACCC_002,62
TGCGGGGCGATCAGACACCC_003,119
TGCGGGGCGATCAGACACCC_004,63
GTCTTCACTGCATCCTACAG_001,47
GTCTTCACTGCATCCTACAG_002,17
GTCTTCACTGCATCCTACAG_003,198
GTCTTCACTGCATCCTACAG_004,199
GTCTTCACTGCATCCTACAG_005,86
GTCTTCACTGCATCCTACAG_006,108
GTCTTCACTGCATCCTACAG_007,72
GTCTTCACTGCATCCTACAG_008,133
GTCTTCACTGCATCCTACAG_009,85
GTCTTCACTGCATCCTACAG_010,16
GTCTTCACTGCATCCTACAG_011,85
ACTGCTAAATCTCAACAGAG_001,141
ACTGCTAAATCTCAACAGAG_002,19
ACTGCTAAATCTCAACAGAG_003,59
ACTGCTAAATCTCAACAGAG_004,57
ACTGCTAAATCTCAACAGAG_005,162
ACTGCTAAATCTCAACAGAG_006,123
ACTGCTAAATCTCAACAGAG_007,94
ACTGCTAAATCTCAACAGAG_008,166
AATGGATGAGATTAACAACA_001,126
AATGGATGAGATTAACAACA_002,71
AATGGATGAGATTAACAACA_003,177
AATGGATGAGATTAACAACA_004,67
AAAGGGGAATTTCCCCACAA_001,10
ATCATCTTGATATCCTGCAT_001,125
ATCATCTTGATATCCTGCAT_002,94
ATCATCTTGATATCCTGCAT_003,58
ATCATCTTGATATCCTGCAT_004,102
ATCATCTTGATATCCTGCAT_005,9
ATCATCTTGATATCCTGCAT_006,116
ATCATCTTGATATCCTGCAT_007,91
AGAGAACTTGCCATTCTCGA_001,11
AGAGAACTTGCCATTCTCGA_002,169
AGAGAACTTGCCATTCTCGA_003,98
AGAGAACTTGCCATTCTCGA_004,1
AGAGAACTTGCCATTCTCGA_005,133
AGAGAACTTGCCATTCTCGA_006,144
AGAGAACTTGCCATTCTCGA_007,63
GCGGTGGTGCAGTATATATG_001,41
GCGGTGGTGCAGTATATATG_002,175
GCGGTGGTGCAGTATATATG_003,199
GCGGTGGTGCAGTATATATG_004,127
GCGGTGGTGCAGTATATATG_005,62
GCGGTGGTGCAGTATATATG_006,62
TCAGGCAGATTAATGCAGCA_001,84
TCAGGCAGATTAATGCAGCA_002,118
TCAGGCAGATTAATGCAGCA_003,21
TCAGGCAGATTAATGCAGCA_004,130
TCAGGCAGATTAATGCAGCA_005,114
TCAGGCAGATTAATGCAGCA_006,36
TCAGGCAGATTAATGCAGCA_007,24
TCAGGCAGATTAATGCAGCA_008,34
TCAGGCAGATTAATGCAGCA_009,86
TCAGGCAGATTAATGCAGCA_010,22
TCAGGCAGATTAATGCAGCA_011,102
TCAGGCAGATTAATGCAGCA_012,171
TCAGGCAGATTAATGCAGCA_013,196
TCAGGCAGATTAATGCAGCA_014,63
TCAGGCAGATTAATGCAGCA_015,185
TCAGGCAGATTAATGCAGCA_016,88
TCAGGCAGATTAATGCAGCA_017,80
TCAGGCAGATTAATGCAGCA_018,156
TCAGGCAGATTAATGCAGCA_019,23
CCCTGGAGAAACGCAGCTGA_001,69
CCCTGGAGAAACGCAGCTGA_002,118
CCCTGGAGAAACGCAGCTGA_003,144
CCCTGGAGAAACGCAGCTGA_004,17
CCCTGGAGAAACGCAGCTGA_005,66
CCCTGGAGAAACGCAGCTGA_006,5
CCCTGGAGAAACGCAGCTGA_007,151
CCCTGGAGAAACGCAGCTGA_008,144
CCCTGGAGAAACGCAGCTGA_009,148
CCCTGGAGAAACGCAGCTGA_010,160
CCCTGGAGAAACGCAGCTGA_011,142
CCCTGGAGAAACGCAGCTGA_012,84
CCCTGGAGAAACGCAGCTGA_013,159
CCCTGGAGAAACGCAGCTGA_014,21
CCCTGGAGAAACGCAGCTGA_015,148
CCCTGGAGAAACGCAGCTGA_016,162
CCCTGGAGAAACGCAGCTGA_017,15
CCCTGGAGAAACGCAGCTGA_018,55
CCCTGGAGAAACGCAGCTGA_019,147
CCCTGGAGAAACGCAGCTGA_020,16
CCCTGGAGAAACGCAGCTGA_021,121
CCCTGGAGAAACGCAGCTGA_022,28
CGGCCGCGACTGTCTCGCAG_001,103
CGGCCGCGACTGTCTCGCAG_002,81
CGGCCGCGACTGTCTCGCAG_003,16
CGGCCGCGACTGTCTCGCAG_004,23
CGGCCGCGACTGTCTCGCAG_005,75
CGGCCGCGACTGTCTCGCAG_006,83
CGGCCGCGACTGTCTCGCAG_007,108
TAGAGGGAGGCGAAAAACAG_001,104
TAGAGGGAGGCGAAAAACAG_002,31
TAGAGGGAGGCGAAAAACAG_003,15
TAGAGGGAGGCGAAAAACAG_004,88
TAGAGGGAGGCGAAAAACAG_005,147
AGGTATGCACTGTCAATACC_001,194
GGGAACTGTGCTGGTCAACG_001,175
GGGAACTGTGCTGGTCAACG_002,70
GGGAACTGTGCTGGTCAACG_003,5
GACAAATGTCAGCTACAGTG_001,48
GACAAATGTCAGCTACAGTG_002,102
GACAAATGTCAGCTACAGTG_003,150
CCTTCCTAAATGTATGACCA_001,166
CCTTCCTAAATGTATGACCA_002,162
CCTTCCTAAATGTATGACCA_003,192
CCTTCCTAAATGTATGACCA_004,191
CCTTCCTAAATGTATGACCA_005,146
CCTTCCTAAATGTATGACCA_006,88
CCTTCCTAAATGTATGACCA_007,62
CCTTCCTAAATGTATGACCA_008,12
CCTTCCTAAATGTATGACCA_009,2
CCTTCCTAAATGTATGACCA_010,107
CCTTCCTAAATGTATGACCA_011,82
CCTTCCTAAATGTATGACCA_012,40
CCTTCCTAAATGTATGACCA_013,58
CCTTCCTAAATGTATGACCA_014,50
CCTTCCTAAATGTATGACCA_015,145
GGGGCACTGTTGTGTAACAT_001,124
GGGGCACTGTTGTGTAACAT_002,57
GGGGCACTGTTGTGTAACAT_003,119
GGGGCACTGTTGTGTAACAT_004,93
GGGGCACTGTTGTGTAACAT_005,106
GGGGCACTGTTGTGTAACAT_006,137
GGGGCACTGTTGTGTAACAT_007,88
GGGGCACTGTTGTGTAACAT_008,158
GGGGCACTGTTGTGTAACAT_009,28
GGGGCACTGTTGTGTAACAT_010,106
GGGGCACTGTTGTGTAACAT_011,148
GGGGCACTGTTGTGTAACAT_012,169
GGGGCACTGTTGTGTAACAT_013,115
GGGGCACTGTTGTGTAACAT_014,33
GGGGCACTGTTGTGTAACAT_015,162
GAATTAACACTCCAGCGACG_001,173
GAATTAACACTCCAGCGACG_002,14
GAATTAACACTCCAGCGACG_003,104
GAATTAACACTCCAGCGACG_004,184
GAATTAACACTCCAGCGACG_005,40
CTACAAGAGGTTATCCCTCG_001,1
CTACAAGAGGTTATCCCTCG_002,82
CTACAAGAGGTTATCCCTCG_003,72
CTACAAGAGGTTATCCCTCG_004,52
TAAAAGTCTAGAAACTGACC_001,62
TAAAAGTCTAGAAACTGACC_002,14
TGGAGAGGAACAGCCCATGG_001,197
TGGAGAGGAACAGCCCATGG_002,147
TGGAGAGGAACAGCCCATGG_003,8
TGGAGAGGAACAGCCCATGG_004,121
TGGAGAGGAACAGCCCATGG_005,159
TGGAGAGGAACAGCCCATGG_006,93
TGGAGAGGAACAGCCCATGG_007,198
TGGAGAGGAACAGCCCATGG_008,118
TGGAGAGGAACAGCCCATGG_009,65
TGGAGAGGAACAGCCCATGG_010,58
TGGAGAGGAACAGCCCATGG_011,185
TGGAGAGGAACAGCCCATGG_012,76
TGGAGAGGAACAGCCCATGG_013,127
TGGAGAGGAACAGCCCATGG_014,17
TGGAGAGGAACAGCCCATGG_015,172
TGGAGAGGAACAGCCCATGG_016,178
TGGAGAGGAACAGCCCATGG_017,184
TGGAGAGGAACAGCCCATGG_018,113
TGGAGAGGAACAGCCCATGG_019,11
TGGAGAGGAACAGCCCATGG_020,186
TGGAGAGGAACAGCCCATGG_021,99
CCGGTGAGTCTGGAACCCTG_001,51
CCGGTGAGTCTGGAACCCTG_002,176
CCGGTGAGTCTGGAACCCTG_003,147
CCGGTGAGTCTGGAACCCTG_004,56
CCGGTGAGTCTGGAACCCTG_005,169
CCGGTGAGTCTGGAACCCTG_006,139
CCGGTGAGTCTGGAACCCTG_007,153
CCGGTGAGTCTGGAACCCTG_008,16
GCAAACGAGGAATTCAGACC_001,117
GCAAACGAGGAATTCAGACC_002,97
GCTGGACAATCAAGCTTAGG_001,19
GCTGGACAATCAAGCTTAGG_002,113
GCTGGACAATCAAGCTTAGG_003,176
GCTGGACAATCAAGCTTAGG_004,61
GCTGGACAATCAAGCTTAGG_005,157
AGGCCACTCTGTGCGCGAGT_001,142
AGGCCACTCTGTGCGCGAGT_002,118
AGGCCACTCTGTGCGCGAGT_003,143
AGGCCACTCTGTGCGCGAGT_004,143
AGGCCACTCTGTGCGCGAGT_005,179
AGGCCACTCTGTGCGCGAGT_006,28
AGGCCACTCTGTGCGCGAGT_007,149
AGGCCACTCTGTGCGCGAGT_008,48
AGGCCACTCTGTGCGCGAGT_009,168
AGGCCACTCTGTGCGCGAGT_010,110
AGGCCACTCTGTGCGCGAGT_011,104
AGGCCACTCTGTGCGCGAGT_012,130
AGGCCACTCTGTGCGCGAGT_013,195
AGGCCACTCTGTGCGCGAGT_014,106
AGGCCACTCTGTGCGCGAGT_015,163
AGGCCACTCTGTGCGCGAGT_016,47
AGGCCACTCTGTGCGCGAGT_017,184
AGGCCACTCTGTGCGCGAGT_018,152
AGGCCACTCTGTGCGCGAGT_019,41
AGATAAGCACCTTCTACACG_001,32
AGATAAGCACCTTCTACACG_002,1
AGATAAGCACCTTCTACACG_003,34
AGATAAGCACCTTCTACACG_004,37
GTTCAAGTGACCATTAACCC_001,99
GTTCAAGTGACCATTAACCC_002,166
GTTCAAGTGACCATTAACCC_003,75
GTTCAAGTGACCATTAACCC_004,181
AGATCTAGATGATGTATCAG_001,24
AGATCTAGATGATGTATCAG_002,99
AGATCTAGATGATGTATCAG_003,145
AGATCTAGATGATGTATCAG_004,105
AGATCTAGATGATGTATCAG_005,58
AGATCTAGATGATGTATCAG_006,67
AGATCTAGATGATGTATCAG_007,129
AGATCTAGATGATGTATCAG_008,40
CAGACGGGTCATTCCACGTG_001,119
CGCTATGAGAGTACACGCAG_001,171
CGCTATGAGAGTACACGCAG_002,34
CGCTATGAGAGTACACGCAG_003,94
CGCTATGAGAGTACACGCAG_004,199
CGCTATGAGAGTACACGCAG_005,47
CGCTATGAGAGTACACGCAG_006,130
CGCTATGAGAGTACACGCAG_007,112
GAATCCACCAGCTATCGACT_001,147
GAATCCACCAGCTATCGACT_002,105
GAATCCACCAGCTATCGACT_003,194
GAATCCACCAGCTATCGACT_004,130
AGGTATGAGAAGCTCATAGG_001,41
AGGTATGAGAAGCTCATAGG_002,122
AGGTATGAGAAGCTCATAGG_003,34
AGGTATGAGAAGCTCATAGG_004,158
AGGTATGAGAAGCTCATAGG_005,94
AGGTATGAGAAGCTCATAGG_006,168
AGGTATGAGAAGCTCATAGG_007,65
AGGTATGAGAAGCTCATAGG_008,65
AGGTATGAGAAGCTCATAGG_009,43
AGGTATGAGAAGCTCATAGG_010,189
AGGTATGAGAAGCTCATAGG_011,78
AGGTATGAGAAGCTCATAGG_012,177
GGGAGTGGGCAAATAACAAG_001,81
GGGAGTGGGCAAATAACAAG_002,192
GATAAAAACTACATACGCCC_001,78
CATCGAGGAGCTCACGCGCG_001,92
CATCGAGGAGCTCACGCGCG_002,31
CATCGAGGAGCTCACGCGCG_003,32
CATCGAGGAGCTCACGCGCG_004,27
CTCCGCAGGGTAGAAACCCA_001,84
CTCCGCAGGGTAGAAACCCA_002,171
CTCCGCAGGGTAGAAACCCA_003,158
CTCCGCAGGGTAGAAACCCA_004,198
CTCCGCAGGGTAGAAACCCA_005,20
CTCCGCAGGGTAGAAACCCA_006,3
CTCCGCAGGGTAGAAACCCA_007,49
CTCCGCAGGGTAGAAACCCA_008,103
CTCCGCAGGGTAGAAACCCA_009,192
CTCCGCAGGGTAGAAACCCA_010,45
CTCCGCAGGGTAGAAACCCA_011,189
CTCCGCAGGGTAGAAACCCA_012,162
CCAATTCAGGACCCACACGA_001,22
CCAATTCAGGACCCACACGA_002,2
CCAATTCAGGACCCACACGA_003,48
CCAATTCAGGACCCACACGA_004,127
CCAATTCAGGACCCACACGA_005,77
CCAATTCAGGACCCACACGA_006,65
CCAATTCAGGACCCACACGA_007,24
CCAATTCAGGACCCACACGA_008,143
CCAATTCAGGACCCACACGA_009,157
CCAATTCAGGACCCACACGA_010,121
CCAATTCAGGACCCACACGA_011,93
CCAATTCAGGACCCACACGA_012,141
CCAATTCAGGACCCACACGA_013,62
CCAATTCAGGACCCACACGA_014,58
CCAATTCAGGACCCACACGA_015,76
CCAATTCAGGACCCACACGA_016,116
CCAATTCAGGACCCACACGA_017,1
CCAATTCAGGACCCACACGA_018,195
CCAATTCAGGACCCACACGA_019,43
CCAATTCAGGACCCACACGA_020,77
CCAATTCAGGACCCACACGA_021,48
CCAATTCAGGACCCACACGA_022,127
CCAATTCAGGACCCACACGA_023,114
CCAATTCAGGACCCACACGA_024,17
CCAATTCAGGACCCACACGA_025,41
CCAATTCAGGACCCACACGA_026,175
CCAATTCAGGACCCACACGA_027,197
GGGCATCACCATGATTTACA_001,12
CGTGGACAAAATTGGCTTGC_001,43
TCTGGGGATCAGTCTCCATG_001,100
TGGGCTTGGAGTATGGAACG_001,48
TGGGCTTGGAGTATGGAACG_002,152
TGGGCTTGGAGTATGGAACG_003,119
TGGGCTTGGAGTATGGAACG_004,180
TGGGCTTGGAGTATGGAACG_005,102
CTATATGCAGCCCCTGACTG_001,101
CTATATGCAGCCCCTGACTG_002,190
CTATATGCAGCCCCTGACTG_003,112
ACAGGTGGTAACTTTCTCAC_001,43
ACAGGTGGTAACTTTCTCAC_002,102
ACAGGTGGTAACTTTCTCAC_003,146
ACAGGTGGTAACTTTCTCAC_004,182
ACAGGTGGTAACTTTCTCAC_005,127
ACAGGTGGTAACTTTCTCAC_006,184
ACAGGTGGTAACTTTCTCAC_007,192
ACAGGTGGTAACTTTCTCAC_008,50
ACAGGTGGTAACTTTCTCAC_009,177
ACAGGTGGTAACTTTCTCAC_010,46
ACAGGTGGTAACTTTCTCAC_011,179
ACATAAAAGACATCTGTGCT_001,16
ACATAAAAGACATCTGTGCT_002,105
ACATAAAAGACATCTGTGCT_003,120
ACATAAAAGACATCTGTGCT_004,131
ACATAAAAGACATCTGTGCT_005,60
ACATAAAAGACATCTGTGCT_006,78
ACATAAAAGACATCTGTGCT_007,125
ACATAAAAGACATCTGTGCT_008,174
ACATAAAAGACATCTGTGCT_009,67
GGTGAACCAGATGACGCACG_001,69
GGTGAACCAGATGACGCACG_002,190
GGTGAACCAGATGACGCACG_003,188
GGTGAACCAGATGACGCACG_004,134
GGTGAACCAGATGACGCACG_005,191
GGTGAACCAGATGACGCACG_006,144
GGTGAACCAGATGACGCACG_007,42
GGTGAACCAGATGACGCACG_008,82
GGTGAACCAGATGACGCACG_009,96
TGACCAAAGACTGTCGAAGT_001,115
TGACCAAAGACTGTCGAAGT_002,47
TGACCAAAGACTGTCGAAGT_003,6
TGACCAAAGACTGTCGAAGT_004,182
TGACCAAAGACTGTCGAAGT_005,17
TGACCAAAGACTGTCGAAGT_006,172
TGACCAAAGACTGTCGAAGT_007,2
TGACCAAAGACTGTCGAAGT_008,101
TGACCAAAGACTGTCGAAGT_009,93
TGACCAAAGACTGTCGAAGT_010,127
TGACCAAAGACTGTCGAAGT_011,136
AGGCCTTTACAACATTGGCA_001,134
AGGCCTTTACAACATTGGCA_002,51
AGGCCTTTACAACATTGGCA_003,44
AGGCCTTTACAACATTGGCA_004,45
AGGCCTTTACAACATTGGCA_005,85
AGGCCTTTACAACATTGGCA_006,163
AGGCCTTTACAACATTGGCA_007,5
AGGCCTTTACAACATTGGCA_008,147
AGGCCTTTACAACATTGGCA_009,50
AGGCCTTTACAACATTGGCA_010,109
AGGCCTTTACAACATTGGCA_011,184
AGGCCTTTACAACATTGGCA_012,175
AGGCCTTTACAACATTGGCA_013,181
AGGCCTTTACAACATTGGCA_014,101
AGGCCTTTACAACATTGGCA_015,158
AGGCCTTTACAACATTGGCA_016,88
AGGCCTTTACAACATTGGCA_017,56
AGGCCTTTACAACATTGGCA_018,199
AGGCCTTTACAACATTGGCA_019,2
AGGCCTTTACAACATTGGCA_020,32
AGGCCTTTACAACATTGGCA_021,10
AGGCCTTTACAACATTGGCA_022,175
AGGCCTTTACAACATTGGCA_023,133
AGGCCTTTACAACATTGGCA_024,56
AGGCCTTTACAACATTGGCA_025,23
AGGCCTTTACAACATTGGCA_026,38
AGGCCTTTACAACATTGGCA_027,56
AGGCCTTTACAACATTGGCA_028,183
AGGCCTTTACAACATTGGCA_029,153
GCCACAGCTCCTACCCCGCG_001,124
CTGTGTGCGAACTGAGTGCG_001,159
CTGTGTGCGAACTGAGTGCG_002,181
CTGTGTGCGAACTGAGTGCG_003,109
CTGTGTGCGAACTGAGTGCG_004,109
CTGTGTGCGAACTGAGTGCG_005,87
CTGTGTGCGAACTGAGTGCG_006,87
CTGTGTGCGAACTGAGTGCG_007,129
CTGTGTGCGAACTGAGTGCG_008,199
CTGTGTGCGAACTGAGTGCG_009,199
CTGTGTGCGAACTGAGTGCG_010,88
CTGTGTGCGAACTGAGTGCG_011,169
CTGTGTGCGAACTGAGTGCG_012,26
CTGTGTGCGAACTGAGTGCG_013,43
CTGTGTGCGAACTGAGTGCG_014,168
CTGTGTGCGAACTGAGTGCG_015,58
GGCTGAAATACCATTGAGGA_001,191
GGCTGAAATACCATTGAGGA_002,69
GGCTGAAATACCATTGAGGA_003,93
CAGCACAGTAGAAGTCTGCA_001,70
CAGCACAGTAGAAGTCTGCA_002,119
CAGCACAGTAGAAGTCTGCA_003,188
CAGCACAGTAGAAGTCTGCA_004,30
CAGCACAGTAGAAGTCTGCA_005,34
CAGCACAGTAGAAGTCTGCA_006,146
CAGCACAGTAGAAGTCTGCA_007,29
CAGCACAGTAGAAGTCTGCA_008,120
CAGCACAGTAGAAGTCTGCA_009,105
CAGCACAGTAGAAGTCTGCA_010,28
AAGAAGAGTGCACCTGACTG_001,107
AAGAAGAGTGCACCTGACTG_002,153
AAGAAGAGTGCACCTGACTG_003,105
AAGAAGAGTGCACCTGACTG_004,78
AAGAAGAGTGCACCTGACTG_005,105
AAGAAGAGTGCACCTGACTG_006,108
AAGAAGAGTGCACCTGACTG_007,159
AAGAAGAGTGCACCTGACTG_008,130
AAGAAGAGTGCACCTGACTG_009,144
AAGAAGAGTGCACCTGACTG_010,144
AAGAAGAGTGCACCTGACTG_011,19
AAGAAGAGTGCACCTGACTG_012,169
AAGAAGAGTGCACCTGACTG_013,149
AAGAAGAGTGCACCTGACTG_014,78
AAGAAGAGTGCACCTGACTG_015,85
AAGAAGAGTGCACCTGACTG_016,85
AAGAAGAGTGCACCTGACTG_017,198
AAGAAGAGTGCACCTGACTG_018,11
AAGAAGAGTGCACCTGACTG_019,180
AAGAAGAGTGCACCTGACTG_020,198
AAGAAGAGTGCACCTGACTG_021,130
AAGAAGAGTGCACCTGACTG_022,55
AAGAAGAGTGCACCTGACTG_023,38
CCATCCAGTACAGATCCTCG_001,58
CCATCCAGTACAGATCCTCG_002,127
CCATCCAGTACAGATCCTCG_003,12
CCATCCAGTACAGATCCTCG_004,188
CCATCCAGTACAGATCCTCG_005,1
GCACAGAGTAGCCGTGACTG_001,189
GCACAGAGTAGCCGTGACTG_002,35
GCACAGAGTAGCCGTGACTG_003,158
GCACAGAGTAGCCGTGACTG_004,101
GCACAGAGTAGCCGTGACTG_005,113
GCACAGAGTAGCCGTGACTG_006,9
GCCGCCCGACTCGGGTCCTA_001,15
GCCGCCCGACTCGGGTCCTA_002,176
GCCGCCCGACTCGGGTCCTA_003,75
GCCGCCCGACTCGGGTCCTA_004,146
GCCGCCCGACTCGGGTCCTA_005,14
GCCGCCCGACTCGGGTCCTA_006,40
GCCGCCCGACTCGGGTCCTA_007,130
GCCGCCCGACTCGGGTCCTA_008,115
GCCGCCCGACTCGGGTCCTA_009,181
GCCGCCCGACTCGGGTCCTA_010,183
GCCGCCCGACTCGGGTCCTA_011,70
GCCGCCCGACTCGGGTCCTA_012,62
GCCGCCCGACTCGGGTCCTA_013,148
GCCGCCCGACTCGGGTCCTA_014,160
GCCGCCCGACTCGGGTCCTA_015,103
GCCGCCCGACTCGGGTCCTA_016,127
GCCGCCCGACTCGGGTCCTA_017,18
GCCGCCCGACTCGGGTCCTA_018,33
GCCGCCCGACTCGGGTCCTA_019,173
GCCGCCCGACTCGGGTCCTA_020,166
GCCGCCCGACTCGGGTCCTA_021,13
GCCGCCCGACTCGGGTCCTA_022,155
GCCGCCCGACTCGGGTCCTA_023,60
GCCGCCCGACTCGGGTCCTA_024,107
GCCGCCCGACTCGGGTCCTA_025,169
GCCGCCCGACTCGGGTCCTA_026,1
GCCGCCCGACTCGGGTCCTA_027,9
GCCGCCCGACTCGGGTCCTA_028,76
GCCGCCCGACTCGGGTCCTA_029,96
GCCGCCCGACTCGGGTCCTA_030,188
GCCGCCCGACTCGGGTCCTA_031,152
GCCGCCCGACTCGGGTCCTA_032,34
GCCGCCCGACTCGGGTCCTA_033,144
GCCGCCCGACTCGGGTCCTA_034,163
GCCGCCCGACTCGGGTCCTA_035,120
GCCGCCCGACTCGGGTCCTA_036,61
GCCGCCCGACTCGGGTCCTA_037,158
GCCGCCCGACTCGGGTCCTA_038,81
GCCGCCCGACTCGGGTCCTA_039,6
GCCGCCCGACTCGGGTCCTA_040,150
GCCGCCCGACTCGGGTCCTA_041,37
GCCGCCCGACTCGGGTCCTA_042,83
GCCGCCCGACTCGGGTCCTA_043,52
GCCGCCCGACTCGGGTCCTA_044,115
TGGAATGACGCCTTTAATGT_001,137
TACCGCACAGACAAACACCG_001,169
TACCGCACAGACAAACACCG_002,69
TACCGCACAGACAAACACCG_003,102
TACCGCACAGACAAACACCG_004,155
TACCGCACAGACAAACACCG_005,13
TACCGCACAGACAAACACCG_006,191
TACCGCACAGACAAACACCG_007,62
TACCGCACAGACAAACACCG_008,41
TACCGCACAGACAAACACCG_009,8
TACCGCACAGACAAACACCG_010,29
TACCGCACAGACAAACACCG_011,57
TACCGCACAGACAAACACCG_012,69
TACCGCACAGACAAACACCG_013,128
TACCGCACAGACAAACACCG_014,104
TACCGCACAGACAAACACCG_015,102
TACCGCACAGACAAACACCG_016,136
TACCGCACAGACAAACACCG_017,184
TTATATGGCCAATCCCACTA_001,178
TTATATGGCCAATCCCACTA_002,196
TTATATGGCCAATCCCACTA_003,168
TTATATGGCCAATCCCACTA_004,60
TTATATGGCCAATCCCACTA_005,141
TTATATGGCCAATCCCACTA_006,150
TTATATGGCCAATCCCACTA_007,10
TTATATGGCCAATCCCACTA_008,102
GCGAGCTGGATGCATGAGCG_001,23
GCGAGCTGGATGCATGAGCG_002,38
GCGAGCTGGATGCATGAGCG_003,58
GCGAGCTGGATGCATGAGCG_004,67
GCGAGCTGGATGCATGAGCG_005,80
GCGAGCTGGATGCATGAGCG_006,61
GCGAGCTGGATGCATGAGCG_007,8
GCGAGCTGGATGCATGAGCG_008,8
GCGAGCTGGATGCATGAGCG_009,24
GCGAGCTGGATGCATGAGCG_010,26
GCGAGCTGGATGCATGAGCG_011,171
GCGAGCTGGATGCATGAGCG_012,64
GCGAGCTGGATGCATGAGCG_013,170
GCGAGCTGGATGCATGAGCG_014,188
GCGAGCTGGATGCATGAGCG_015,137
CCTTCCTGCGATTCAGCGCG_001,192
CCTTCCTGCGATTCAGCGCG_002,141
CCTTCCTGCGATTCAGCGCG_003,125
CCTTCCTGCGATTCAGCGCG_004,168
AACACACAGATGTCTCACAG_001,193
AACACACAGATGTCTCACAG_002,181
GCAGTTCCTCGGGATAACCC_001,12
GCAGTTCCTCGGGATAACCC_002,68
GCTCTCTCGGAATAAGACAG_001,148
GCTCTCTCGGAATAAGACAG_002,19
GCTCTCTCGGAATAAGACAG_003,163
GCTCTCTCGGAATAAGACAG_004,80
GCTCTCTCGGAATAAGACAG_005,131
GCTCTCTCGGAATAAGACAG_006,122
GCTCTCTCGGAATAAGACAG_007,32
GCTCTCTCGGAATAAGACAG_008,100
GCTCTCTCGGAATAAGACAG_009,44
GCTCTCTCGGAATAAGACAG_010,50
GCTCTCTCGGAATAAGACAG_011,159
AGCCAATTAACAGACGATGT_001,77
AGCCAATTAACAGACGATGT_002,146
AGCCAATTAACAGACGATGT_003,172
AGCCAATTAACAGACGATGT_004,196
AGCCAATTAACAGACGATGT_005,42
AGCCAATTAACAGACGATGT_006,43
AGCCAATTAACAGACGATGT_007,24
AGCCAATTAACAGACGATGT_008,67
AGCCAATTAACAGACGATGT_009,78
AGCCAATTAACAGACGATGT_010,174
AGCCAATTAACAGACGATGT_011,56
AGCCAATTAACAGACGATGT_012,10
AGCCAATTAACAGACGATGT_013,124
AGCCAATTAACAGACGATGT_014,152
GCAACAGGCAACATGTACCA_001,8
GCAACAGGCAACATGTACCA_002,94
GCAACAGGCAACATGTACCA_003,130
GCAACAGGCAACATGTACCA_004,102
GCAACAGGCAACATGTACCA_005,175
GCAACAGGCAACATGTACCA_006,182
GCAACAGGCAACATGTACCA_007,123
GCAACAGGCAACATGTACCA_008,198
GCAACAGGCAACATGTACCA_009,50
GCAACAGGCAACATGTACCA_010,147
GCAACAGGCAACATGTACCA_011,149
GCAACAGGCAACATGTACCA_012,160
GCAACAGGCAACATGTACCA_013,40
GCAACAGGCAACATGTACCA_014,128
GCAACAGGCAACATGTACCA_015,168
GCAACAGGCAACATGTACCA_016,49
GCAACAGGCAACATGTACCA_017,122
GCAACAGGCAACATGTACCA_018,141
GCAACAGGCAACATGTACCA_019,2
GCAACAGGCAACATGTACCA_020,43
GCAACAGGCAACATGTACCA_021,102
GCAACAGGCAACATGTACCA_022,9
GCAACAGGCAACATGTACCA_023,35
GCAACAGGCAACATGTACCA_024,98
GCAACAGGCAACATGTACCA_025,38
GCAACAGGCAACATGTACCA_026,90
GCAACAGGCAACATGTACCA_027,168
GCAACAGGCAACATGTACCA_028,86
CGTGCTGATGGTCATCAGAT_001,142
CGTGCTGATGGTCATCAGAT_002,103
CGTGCTGATGGTCATCAGAT_003,91
CGTGCTGATGGTCATCAGAT_004,107
CGTGCTGATGGTCATCAGAT_005,175
CGTGCTGATGGTCATCAGAT_006,115
CGTGCTGATGGTCATCAGAT_007,108
CGTGCTGATGGTCATCAGAT_008,57
CTGGATGGCCTATGACATGG_001,73
CTGGATGGCCTATGACATGG_002,7
CTGGATGGCCTATGACATGG_003,150
CTGGATGGCCTATGACATGG_004,105
CTGGATGGCCTATGACATGG_005,87
CTGGATGGCCTATGACATGG_006,29
GATAAGGACTAAGTCCAGTA_001,169
GATAAGGACTAAGTCCAGTA_002,49
GCTGACCTTGTTACGCACCA_001,169
GCTGACCTTGTTACGCACCA_002,122
GCTGACCTTGTTACGCACCA_003,9
GCTGACCTTGTTACGCACCA_004,83
GCTGACCTTGTTACGCACCA_005,9
GCTGACCTTGTTACGCACCA_006,46
GCTGACCTTGTTACGCACCA_007,26
GCTGACCTTGTTACGCACCA_008,192
TATTGGAAGTGACATAAACG_001,94
TATTGGAAGTGACATAAACG_002,102
TATTGGAAGTGACATAAACG_003,56
TATTGGAAGTGACATAAACG_004,17
TATTGGAAGTGACATAAACG_005,40
TATTGGAAGTGACATAAACG_006,34
TATTGGAAGTGACATAAACG_007,102
TATTGGAAGTGACATAAACG_008,69
TATTGGAAGTGACATAAACG_009,182
TATTGGAAGTGACATAAACG_010,2
ACAGCTCGTAAGTCCACTGG_001,197
ACAGCTCGTAAGTCCACTGG_002,60
ACAGCTCGTAAGTCCACTGG_003,43
CCAAGAATACTCACATGTGT_001,33
CCAAGAATACTCACATGTGT_002,169
CCAAGAATACTCACATGTGT_003,107
CCTTTGCCTACCTGACGTAG_001,170
CCTTTGCCTACCTGACGTAG_002,40
CCTTTGCCTACCTGACGTAG_003,45
CCTTTGCCTACCTGACGTAG_004,130
CCTTTGCCTACCTGACGTAG_005,166
CCTTTGCCTACCTGACGTAG_006,121
CCTTTGCCTACCTGACGTAG_007,10
CCTTTGCCTACCTGACGTAG_008,111
CCTTTGCCTACCTGACGTAG_009,48
CCTTTGCCTACCTGACGTAG_010,62
CCTTTGCCTACCTGACGTAG_011,177
GATCGCGCCAAGTATGTGCG_001,27
GATCGCGCCAAGTATGTGCG_002,70
GATCGCGCCAAGTATGTGCG_003,98
GATCGCGCCAAGTATGTGCG_004,171
GATCGCGCCAAGTATGTGCG_005,9
GATCGCGCCAAGTATGTGCG_006,188
GATCGCGCCAAGTATGTGCG_007,77
GATCGCGCCAAGTATGTGCG_008,46
GATCGCGCCAAGTATGTGCG_009,50
GATCGCGCCAAGTATGTGCG_010,102
GATCGCGCCAAGTATGTGCG_011,62
AAAATCCCATTACCACACAC_001,169
AAAATCCCATTACCACACAC_002,106
AAAATCCCATTACCACACAC_003,75
AAAATCCCATTACCACACAC_004,114
AAAATCCCATTACCACACAC_005,70
AAAATCCCATTACCACACAC_006,42
GCCTTCGCCGGAGCAGCGAG_001,46
GCCTTCGCCGGAGCAGCGAG_002,110
GCCTTCGCCGGAGCAGCGAG_003,170
GCCTTCGCCGGAGCAGCGAG_004,105
GCCTTCGCCGGAGCAGCGAG_005,61
GCCTTCGCCGGAGCAGCGAG_006,26
GCCTTCGCCGGAGCAGCGAG_007,68
TGAAAATGTATTCTCCATCG_001,4
TGAAAATGTATTCTCCATCG_002,185
TTACCAACTGCCCTTAATGC_001,174
TTACCAACTGCCCTTAATGC_002,184
TTACCAACTGCCCTTAATGC_003,1
TTACCAACTGCCCTTAATGC_004,187
TTACCAACTGCCCTTAATGC_005,156
TTACCAACTGCCCTTAATGC_006,138
TTACCAACTGCCCTTAATGC_007,126
TTACCAACTGCCCTTAATGC_008,28
TGCAGAAACTGATACCCCAG_001,98
TGCAGAAACTGATACCCCAG_002,150
TGCAGAAACTGATACCCCAG_003,13
TGCAGAAACTGATACCCCAG_004,13
TGCAGAAACTGATACCCCAG_005,156
TGCAGAAACTGATACCCCAG_006,171
TGCAGAAACTGATACCCCAG_007,4
TGCAGAAACTGATACCCCAG_008,157
TGCAGAAACTGATACCCCAG_009,150
TGCAGAAACTGATACCCCAG_010,156
TGCAGAAACTGATACCCCAG_011,127
TGCAGAAACTGATACCCCAG_012,41
TGCAGAAACTGATACCCCAG_013,82
TGAAGAGGTAATGTCTGTCC_001,130
TGAAGAGGTAATGTCTGTCC_002,134
TGAAGAGGTAATGTCTGTCC_003,29
TGTTAGGAGACATCAGTGAT_001,48
TGTTAGGAGACATCAGTGAT_002,197
TGTTAGGAGACATCAGTGAT_003,2
TGTTAGGAGACATCAGTGAT_004,103
TGTTAGGAGACATCAGTGAT_005,115
GGATCCTCCAATGGTCGGGA_001,18
GGATCCTCCAATGGTCGGGA_002,199
GGATCCTCCAATGGTCGGGA_003,176
GGATCCTCCAATGGTCGGGA_004,69
GGATCCTCCAATGGTCGGGA_005,141
GGATCCTCCAATGGTCGGGA_006,70
GGATCCTCCAATGGTCGGGA_007,130
GGATCCTCCAATGGTCGGGA_008,139
GGATCCTCCAATGGTCGGGA_009,48
GGATCCTCCAATGGTCGGGA_010,76
GGATCCTCCAATGGTCGGGA_011,140
GGATCCTCCAATGGTCGGGA_012,162
GGATCCTCCAATGGTCGGGA_013,9
GGATCCTCCAATGGTCGGGA_014,67
GGATCCTCCAATGGTCGGGA_015,6
GGATCCTCCAATGGTCGGGA_016,27
GGATCCTCCAATGGTCGGGA_017,102
GGATCCTCCAATGGTCGGGA_018,62
GGATCCTCCAATGGTCGGGA_019,141
GGATCCTCCAATGGTCGGGA_020,41
GGATCCTCCAATGGTCGGGA_021,55
GGATCCTCCAATGGTCGGGA_022,134
GGATCCTCCAATGGTCGGGA_023,26
GGATCCTCCAATGGTCGGGA_024,121
GGATCCTCCAATGGTCGGGA_025,33
GGATCCTCCAATGGTCGGGA_026,6
GGATCCTCCAATGGTCGGGA_027,27
GGATCCTCCAATGGTCGGGA_028,23
GGATCCTCCAATGGTCGGGA_029,114
GGATCCTCCAATGGTCGGGA_030,144
GGATCCTCCAATGGTCGGGA_031,127
GGATCCTCCAATGGTCGGGA_032,50
ACTTACCAGGAAATCTACTG_001,174
ACTTACCAGGAAATCTACTG_002,198
ACTTACCAGGAAATCTACTG_003,27
ACTTACCAGGAAATCTACTG_004,65
ACTTACCAGGAAATCTACTG_005,48
ACTTACCAGGAAATCTACTG_006,97
ACTTACCAGGAAATCTACTG_007,56
ACTTACCAGGAAATCTACTG_008,81
ACTTACCAGGAAATCTACTG_009,40
ACTTACCAGGAAATCTACTG_010,1
ACTTACCAGGAAATCTACTG_011,178
ACTTACCAGGAAATCTACTG_012,38
ACTTACCAGGAAATCTACTG_013,16
ACTTACCAGGAAATCTACTG_014,100
CATCAATGTGAGATCTACGA_001,48
CATCAATGTGAGATCTACGA_002,98
GGCCGTGGGCGAGTTCGACG_001,138
GGCCGTGGGCGAGTTCGACG_002,18
GGCCGTGGGCGAGTTCGACG_003,127
GGCCGTGGGCGAGTTCGACG_004,22
GGCCGTGGGCGAGTTCGACG_005,160
GGCCGTGGGCGAGTTCGACG_006,58
TGGAGTTTGAATCGAAAATG_001,130
TGGAGTTTGAATCGAAAATG_002,149
TGGAGTTTGAATCGAAAATG_003,78
TGGAGTTTGAATCGAAAATG_004,96
TGGAGTTTGAATCGAAAATG_005,104
TGGAGTTTGAATCGAAAATG_006,115
TGGAGTTTGAATCGAAAATG_007,104
TGGAGTTTGAATCGAAAATG_008,144
TGGAGTTTGAATCGAAAATG_009,170
TGTTCTTAGAAATATCAGCC_001,153
TGTTCTTAGAAATATCAGCC_002,150
CTTACATAGCTGGGTGACCA_001,158
ATGTTCAGAGAAGTTGTATG_001,1
ATGTTCAGAGAAGTTGTATG_002,76
ATGTTCAGAGAAGTTGTATG_003,50
ATGTTCAGAGAAGTTGTATG_004,6
ATGTTCAGAGAAGTTGTATG_005,34
ATGTTCAGAGAAGTTGTATG_006,165
GACAACTTGGTGTATAGACA_001,62
GACAACTTGGTGTATAGACA_002,152
GACAACTTGGTGTATAGACA_003,78
GGATAAGAAAGAGTTATCCG_001,143
GGATAAGAAAGAGTTATCCG_002,58
GGATAAGAAAGAGTTATCCG_003,81
GGATAAGAAAGAGTTATCCG_004,94
GGCCGAGCGCTGCTACTCTG_001,114
GGCCGAGCGCTGCTACTCTG_002,146
GGCCGAGCGCTGCTACTCTG_003,115
GGCCGAGCGCTGCTACTCTG_004,188
GGCCGAGCGCTGCTACTCTG_005,191
GGCCGAGCGCTGCTACTCTG_006,191
GGCCGAGCGCTGCTACTCTG_007,172
GGCCGAGCGCTGCTACTCTG_008,143
GGCCGAGCGCTGCTACTCTG_009,96
GGCCGAGCGCTGCTACTCTG_010,101
GGCCGAGCGCTGCTACTCTG_011,67
GGCCGAGCGCTGCTACTCTG_012,188
GGCCGAGCGCTGCTACTCTG_013,158
GGCCGAGCGCTGCTACTCTG_014,124
GGCCGAGCGCTGCTACTCTG_015,181
GTATAAATTTGGGCACACCA_001,42
GTATAAATTTGGGCACACCA_002,188
GTATAAATTTGGGCACACCA_003,84
GTATAAATTTGGGCACACCA_004,82
GTATAAATTTGGGCACACCA_005,104
TCCGCGGGCTGGCGACGTAG_001,46
TCCGCGGGCTGGCGACGTAG_002,178
TCCGCGGGCTGGCGACGTAG_003,57
TCCGCGGGCTGGCGACGTAG_004,97
TCCGCGGGCTGGCGACGTAG_005,136
TCCGCGGGCTGGCGACGTAG_006,10
TCCGCGGGCTGGCGACGTAG_007,106
GTTGACCAATACAACCACCT_001,10
GTTGACCAATACAACCACCT_002,124
GTTGACCAATACAACCACCT_003,68
AATTTGCAGCTGTGACGCGG_001,159
AATTTGCAGCTGTGACGCGG_002,24
AATTTGCAGCTGTGACGCGG_003,28
AATTTGCAGCTGTGACGCGG_004,172
AATTTGCAGCTGTGACGCGG_005,78
AATTTGCAGCTGTGACGCGG_006,116
AATTTGCAGCTGTGACGCGG_007,178
AATTTGCAGCTGTGACGCGG_008,157
AATTTGCAGCTGTGACGCGG_009,149
AATTTGCAGCTGTGACGCGG_010,80
AATTTGCAGCTGTGACGCGG_011,17
AATTTGCAGCTGTGACGCGG_012,104
AATTTGCAGCTGTGACGCGG_013,191
AATTTGCAGCTGTGACGCGG_014,41
AATTTGCAGCTGTGACGCGG_015,55
AATTTGCAGCTGTGACGCGG_016,9
AATTTGCAGCTGTGACGCGG_017,146
AATTTGCAGCTGTGACGCGG_018,94
AATTTGCAGCTGTGACGCGG_019,58
AATTTGCAGCTGTGACGCGG_020,145
AATTTGCAGCTGTGACGCGG_021,88
AATTTGCAGCTGTGACGCGG_022,48
AATTTGCAGCTGTGACGCGG_023,169
AATTTGCAGCTGTGACGCGG_024,156
CTACAATAGAAACAACAAGA_001,58
CTACAATAGAAACAACAAGA_002,29
CTACAATAGAAACAACAAGA_003,76
CTACAATAGAAACAACAAGA_004,126
CTACAATAGAAACAACAAGA_005,62
CTACAATAGAAACAACAAGA_006,19
CTACAATAGAAACAACAAGA_007,188
CTACAATAGAAACAACAAGA_008,1
CTACAATAGAAACAACAAGA_009,2
CTACAATAGAAACAACAAGA_010,89
CTACAATAGAAACAACAAGA_011,84
CTACAATAGAAACAACAAGA_012,180
CTACAATAGAAACAACAAGA_013,124
CTACAATAGAAACAACAAGA_014,56
CTACAATAGAAACAACAAGA_015,46
TCTGGAAAAGCTACAACACT_001,191
TCTGGAAAAGCTACAACACT_002,2
TCTGGAAAAGCTACAACACT_003,126
TCTGGAAAAGCTACAACACT_004,191
TCTGGAAAAGCTACAACACT_005,158
TCTGGAAAAGCTACAACACT_006,34
ACAGAAGCGACTCTACTACG_001,130
ACAGAAGCGACTCTACTACG_002,98
ACAGAAGCGACTCTACTACG_003,34
ACAGAAGCGACTCTACTACG_004,137
TTTGTACTGATACACCATGT_001,156
GCTGCGGGAAAAGTGCCACA_001,68
GCTGCGGGAAAAGTGCCACA_002,146
GCTGCGGGAAAAGTGCCACA_003,130
GCTGCGGGAAAAGTGCCACA_004,197
GCTGCGGGAAAAGTGCCACA_005,101
GCTGCGGGAAAAGTGCCACA_006,198
GCTGCGGGAAAAGTGCCACA_007,77
GCTGCGGGAAAAGTGCCACA_008,137
GCTGCGGGAAAAGTGCCACA_009,130
GCTGCGGGAAAAGTGCCACA_010,117
GCTGCGGGAAAAGTGCCACA_011,170
GCTGCGGGAAAAGTGCCACA_012,0
GCTGCGGGAAAAGTGCCACA_013,137
GCTGCGGGAAAAGTGCCACA_014,62
GCTGCGGGAAAAGTGCCACA_015,0
GCTGCGGGAAAAGTGCCACA_016,61
GCTGCGGGAAAAGTGCCACA_017,103
GCAGACAAAGCATCTGTACC_001,60
GCAGACAAAGCATCTGTACC_002,65
GCAGACAAAGCATCTGTACC_003,174
GCAGACAAAGCATCTGTACC_004,190
GCAGACAAAGCATCTGTACC_005,51
GCAGACAAAGCATCTGTACC_006,51
GCAGACAAAGCATCTGTACC_007,50
GCAGACAAAGCATCTGTACC_008,184
GCAGACAAAGCATCTGTACC_009,86
GCAGACAAAGCATCTGTACC_010,15
GCAGACAAAGCATCTGTACC_011,124
GCAGACAAAGCATCTGTACC_012,94
GCAGACAAAGCATCTGTACC_013,171
GCAGACAAAGCATCTGTACC_014,61
GCAGACAAAGCATCTGTACC_015,184
GCAGACAAAGCATCTGTACC_016,146
GCAGACAAAGCATCTGTACC_017,60
GCAGACAAAGCATCTGTACC_018,1
GGAGCCACAACCCCCACAGC_001,49
GGAGCCACAACCCCCACAGC_002,168
GGAGCCACAACCCCCACAGC_003,81
GGAGCCACAACCCCCACAGC_004,69
GGAGCCACAACCCCCACAGC_005,166
GGAGCCACAACCCCCACAGC_006,35
GGAGCCACAACCCCCACAGC_007,175
GGAGCCACAACCCCCACAGC_008,146
GGAGCCACAACCCCCACAGC_009,74
GGAGCCACAACCCCCACAGC_010,62
GGAGCCACAACCCCCACAGC_011,57
GGAGCCACAACCCCCACAGC_012,102
GGAGCCACAACCCCCACAGC_013,100
GGAGCCACAACCCCCACAGC_014,0
CTTCATCGAACACCTTCGAG_001,116
CTTCATCGAACACCTTCGAG_002,29
CTTCATCGAACACCTTCGAG_003,46
CTTCATCGAACACCTTCGAG_004,69
CTTCATCGAACACCTTCGAG_005,139
CTTCATCGAACACCTTCGAG_006,25
CTTCATCGAACACCTTCGAG_007,48
CTTCATCGAACACCTTCGAG_008,175
CTTCATCGAACACCTTCGAG_009,153
CTTCATCGAACACCTTCGAG_010,16
AAACTTGGACGATCTAGGCA_001,10
AAACTTGGACGATCTAGGCA_002,1
AAACTTGGACGATCTAGGCA_003,130
CAGCAAGCTGGGCGGCAGCA_001,183
CAGCAAGCTGGGCGGCAGCA_002,172
CAGCAAGCTGGGCGGCAGCA_003,170
CAGCAAGCTGGGCGGCAGCA_004,139
CAGCAAGCTGGGCGGCAGCA_005,148
TTGAGAATGCAGGCTCATGG_001,11
TTGAGAATGCAGGCTCATGG_002,191
TTGAGAATGCAGGCTCATGG_003,52
TTGAGAATGCAGGCTCATGG_004,31
TTGAGAATGCAGGCTCATGG_005,157
CCTCGGGAATCTCCACGACG_001,69
CCTCGGGAATCTCCACGACG_002,69
CCTCGGGAATCTCCACGACG_003,170
CCTCGGGAATCTCCACGACG_004,64
CCTCGGGAATCTCCACGACG_005,147
CCTCGGGAATCTCCACGACG_006,68
CCTCGGGAATCTCCACGACG_007,29
CCTCGGGAATCTCCACGACG_008,17
CCTCGGGAATCTCCACGACG_009,161
CCTCGGGAATCTCCACGACG_010,97
ATTGCATCACAGAGACACCA_001,188
ATTGCATCACAGAGACACCA_002,15
ATTGCATCACAGAGACACCA_003,37
ATTGCATCACAGAGACACCA_004,170
ATTGCATCACAGAGACACCA_005,29
ATTGCATCACAGAGACACCA_006,12
ATTGCATCACAGAGACACCA_007,134
ATTGCATCACAGAGACACCA_008,147
ATTGCATCACAGAGACACCA_009,102
ATTGCATCACAGAGACACCA_010,28
ATTGCATCACAGAGACACCA_011,188
ATTGCATCACAGAGACACCA_012,142
ATTGCATCACAGAGACACCA_013,4
ATTGCATCACAGAGACACCA_014,50
ATTGCATCACAGAGACACCA_015,184
ATTGCATCACAGAGACACCA_016,150
CAAGAACAATCACTCGACAG_001,67
CAAGAACAATCACTCGACAG_002,174
CAAGAACAATCACTCGACAG_003,98
GAATTATGCGTCACGACCCG_001,112
GAATTATGCGTCACGACCCG_002,180
GAATTATGCGTCACGACCCG_003,89
GAATTATGCGTCACGACCCG_004,139
AAAACCCAACTGATGTCTGA_001,154
AAAACCCAACTGATGTCTGA_002,64
AAAACCCAACTGATGTCTGA_003,174
AAAACCCAACTGATGTCTGA_004,126
AAAACCCAACTGATGTCTGA_005,93
AAAACCCAACTGATGTCTGA_006,146
AAAACCCAACTGATGTCTGA_007,188
AAAACCCAACTGATGTCTGA_008,53
AAAACCCAACTGATGTCTGA_009,163
AAAACCCAACTGATGTCTGA_010,188
AAAACCCAACTGATGTCTGA_011,163
AAAACCCAACTGATGTCTGA_012,25
AAAACCCAACTGATGTCTGA_013,81
CCACATTACCACTAACTGTG_001,55
CCACATTACCACTAACTGTG_002,156
CCACATTACCACTAACTGTG_003,197
CCACATTACCACTAACTGTG_004,113
CCACATTACCACTAACTGTG_005,72
CCACATTACCACTAACTGTG_006,78
CCACATTACCACTAACTGTG_007,61
CCACATTACCACTAACTGTG_008,8
CCACATTACCACTAACTGTG_009,41
CCACATTACCACTAACTGTG_010,75
CCACATTACCACTAACTGTG_011,5
CCACATTACCACTAACTGTG_012,5
CCACATTACCACTAACTGTG_013,158
CCACATTACCACTAACTGTG_014,57
CCACATTACCACTAACTGTG_015,27
CCATGCCGTTGCCATGATCG_001,75
CCATGCCGTTGCCATGATCG_002,15
CCATGCCGTTGCCATGATCG_003,88
CCATGCCGTTGCCATGATCG_004,103
CCATGCCGTTGCCATGATCG_005,76
CCATGCCGTTGCCATGATCG_006,62
CCATGCCGTTGCCATGATCG_007,196
CCATGCCGTTGCCATGATCG_008,15
CCATGCCGTTGCCATGATCG_009,107
CCATGCCGTTGCCATGATCG_010,100
GATGATAAGCCACTGCAAGC_001,185
GATGATAAGCCACTGCAAGC_002,79
GCTATAGGATCGGCTCCCCG_001,70
GCTATAGGATCGGCTCCCCG_002,160
GCTATAGGATCGGCTCCCCG_003,113
GCTATAGGATCGGCTCCCCG_004,124
GCTATAGGATCGGCTCCCCG_005,29
AAAAGAAGACCAACGTCACA_001,82
AAAAGAAGACCAACGTCACA_002,88
AAAAGAAGACCAACGTCACA_003,147
AAAAGAAGACCAACGTCACA_004,158
AAAAGAAGACCAACGTCACA_005,115
AAAAGAAGACCAACGTCACA_006,129
AAAAGAAGACCAACGTCACA_007,38
AAAAGAAGACCAACGTCACA_008,32
GGCTGCCCTTGACTTGGACG_001,32
GGCTGCCCTTGACTTGGACG_002,172
GGCTGCCCTTGACTTGGACG_003,103
GGCTGCCCTTGACTTGGACG_004,62
GGCTGCCCTTGACTTGGACG_005,105
GGCTGCCCTTGACTTGGACG_006,105
GGCTGCCCTTGACTTGGACG_007,41
GGCTGCCCTTGACTTGGACG_008,17
GGCTGCCCTTGACTTGGACG_009,48
GGCTGCCCTTGACTTGGACG_010,159
GGCTGCCCTTGACTTGGACG_011,155
GGCTGCCCTTGACTTGGACG_012,121
TATTGATCTTAGACGGAGTG_001,33
TATTGATCTTAGACGGAGTG_002,59
TATTGATCTTAGACGGAGTG_003,169
TATTGATCTTAGACGGAGTG_004,105
TATTGATCTTAGACGGAGTG_005,105
TATTGATCTTAGACGGAGTG_006,58
TATTGATCTTAGACGGAGTG_007,190
TATTGATCTTAGACGGAGTG_008,8
TATTGATCTTAGACGGAGTG_009,127
TATTGATCTTAGACGGAGTG_010,30
TATTGATCTTAGACGGAGTG_011,127
TATTGATCTTAGACGGAGTG_012,102
TGTGAGTGAGGAGTTCGGAG_001,34
TGTGAGTGAGGAGTTCGGAG_002,11
TGTGAGTGAGGAGTTCGGAG_003,113
TGTGAGTGAGGAGTTCGGAG_004,119
TGTGAGTGAGGAGTTCGGAG_005,125
TGTGAGTGAGGAGTTCGGAG_006,155
TGTGAGTGAGGAGTTCGGAG_007,190
TGTGAGTGAGGAGTTCGGAG_008,126
TGTGAGTGAGGAGTTCGGAG_009,48
TGTGAGTGAGGAGTTCGGAG_010,15
TGTGAGTGAGGAGTTCGGAG_011,147
TGTGAGTGAGGAGTTCGGAG_012,157
TGTGAGTGAGGAGTTCGGAG_013,94
TGTGAGTGAGGAGTTCGGAG_014,17
TGTGAGTGAGGAGTTCGGAG_015,58
TGTGAGTGAGGAGTTCGGAG_016,78
TGTGAGTGAGGAGTTCGGAG_017,131
TGTGAGTGAGGAGTTCGGAG_018,120
GAACCTGTAACTTACAAAAC_001,101
GAACCTGTAACTTACAAAAC_002,42
GAACCTGTAACTTACAAAAC_003,85
TTTATAAGCAGCACATGGAT_001,117
TTTATAAGCAGCACATGGAT_002,107
TTTATAAGCAGCACATGGAT_003,78
TTTATAAGCAGCACATGGAT_004,146
GAAAGAAGTCATCGGATGCG_001,184
GAAAGAAGTCATCGGATGCG_002,60
GAAAGAAGTCATCGGATGCG_003,15
TCCTCCAGTCAGTGACTACG_001,53
TCCTCCAGTCAGTGACTACG_002,98
TCCTCCAGTCAGTGACTACG_003,192
TCCTCCAGTCAGTGACTACG_004,182
TCCTCCAGTCAGTGACTACG_005,88
TCCTCCAGTCAGTGACTACG_006,140
TCCTCCAGTCAGTGACTACG_007,23
TCCTCCAGTCAGTGACTACG_008,44
TCCTCCAGTCAGTGACTACG_009,83
TCCTCCAGTCAGTGACTACG_010,28
AGATGGTTTAAAAACCCCCA_001,190
AGATGGTTTAAAAACCCCCA_002,104
AGATGGTTTAAAAACCCCCA_003,150
AGATGGTTTAAAAACCCCCA_004,168
GAGCGGGCAGTAGTCTGGGT_001,77
GAGCGGGCAGTAGTCTGGGT_002,158
GAGCGGGCAGTAGTCTGGGT_003,99
GTAAACGACTCAGTACTGAA_001,134
GTAAACGACTCAGTACTGAA_002,144
GTAAACGACTCAGTACTGAA_003,76
GTAAACGACTCAGTACTGAA_004,39
GTAAACGACTCAGTACTGAA_005,88
GTAAACGACTCAGTACTGAA_006,145
CGTCGATGCTGACGCTCCAG_001,38
CGTCGATGCTGACGCTCCAG_002,88
CGTCGATGCTGACGCTCCAG_003,197
GTACATACCTCAAAACTGAC_001,77
GTACATACCTCAAAACTGAC_002,12
GTACATACCTCAAAACTGAC_003,120
GTACATACCTCAAAACTGAC_004,98
GTACATACCTCAAAACTGAC_005,64
GTACATACCTCAAAACTGAC_006,34
GTACATACCTCAAAACTGAC_007,66
GTACATACCTCAAAACTGAC_008,152
ACCACCCAGATGATTGCCCG_001,26
ACCACCCAGATGATTGCCCG_002,42
ACCACCCAGATGATTGCCCG_003,102
ACCACCCAGATGATTGCCCG_004,80
ACCACCCAGATGATTGCCCG_005,15
CAGTACCTTAGGGATGAGAG_001,15
CAGTACCTTAGGGATGAGAG_002,105
CAGTACCTTAGGGATGAGAG_003,27
CAGTACCTTAGGGATGAGAG_004,15
CAGTACCTTAGGGATGAGAG_005,61
CAGTACCTTAGGGATGAGAG_006,91
CAGTACCTTAGGGATGAGAG_007,120
CAGTACCTTAGGGATGAGAG_008,145
CAGTACCTTAGGGATGAGAG_009,54
CAGTACCTTAGGGATGAGAG_010,8
AACTGAACACTTACAAGCAA_001,70
AACTGAACACTTACAAGCAA_002,41
AACTGAACACTTACAAGCAA_003,165
AACTGAACACTTACAAGCAA_004,127
AACTGAACACTTACAAGCAA_005,154
AACTGAACACTTACAAGCAA_006,118
GCTGAGTTAATATTGAGGAT_001,88
GCTGAGTTAATATTGAGGAT_002,77
GCTGAGTTAATATTGAGGAT_003,153
GCTGAGTTAATATTGAGGAT_004,64
TCTGGAAGACGCTATTACGG_001,172
TCTGGAAGACGCTATTACGG_002,185
TCTGGAAGACGCTATTACGG_003,141
TCTGGAAGACGCTATTACGG_004,137
TCTGGAAGACGCTATTACGG_005,152
TCTGGAAGACGCTATTACGG_006,128
TCTGGAAGACGCTATTACGG_007,40
TCTGGAAGACGCTATTACGG_008,123
TCTGGAAGACGCTATTACGG_009,74
TCTGGAAGACGCTATTACGG_010,158
TCTGGAAGACGCTATTACGG_011,83
TCTGGAAGACGCTATTACGG_012,183
TCTGGAAGACGCTATTACGG_013,130
TCTTTGCCATTCCTACTCTG_001,128
ATGCTGGACTGGAACGCTGT_001,37
ATGCTGGACTGGAACGCTGT_002,151
ATGCTGGACTGGAACGCTGT_003,34
ATGCTGGACTGGAACGCTGT_004,198
ATGCTGGACTGGAACGCTGT_005,150
ATGCTGGACTGGAACGCTGT_006,150
ATGCTGGACTGGAACGCTGT_007,162
ATGCTGGACTGGAACGCTGT_008,77
ATGCTGGACTGGAACGCTGT_009,81
ATGCTGGACTGGAACGCTGT_010,138
ATGCTGGACTGGAACGCTGT_011,63
ATGCTGGACTGGAACGCTGT_012,198
ATGCTGGACTGGAACGCTGT_013,184
ATGCTGGACTGGAACGCTGT_014,1
ATGCTGGACTGGAACGCTGT_015,76
ATGCTGGACTGGAACGCTGT_016,103
ATGCTGGACTGGAACGCTGT_017,61
ATGCTGGACTGGAACGCTGT_018,9
GGAGGTCTATCACCGGCCCG_001,115
GGAGGTCTATCACCGGCCCG_002,127
GGAGGTCTATCACCGGCCCG_003,150
GGAGGTCTATCACCGGCCCG_004,116
GGAGGTCTATCACCGGCCCG_005,22
GGAGGTCTATCACCGGCCCG_006,29
GGAGGTCTATCACCGGCCCG_007,8
GGAGGTCTATCACCGGCCCG_008,17
GGAGGTCTATCACCGGCCCG_009,85
GGAGGTCTATCACCGGCCCG_010,177
GGAGGTCTATCACCGGCCCG_011,194
GGAGGTCTATCACCGGCCCG_012,13
GGAGGTCTATCACCGGCCCG_013,194
GGAGGTCTATCACCGGCCCG_014,46
GGAGGTCTATCACCGGCCCG_015,197
GGAGGTCTATCACCGGCCCG_016,10
GGAGGTCTATCACCGGCCCG_017,134
CCACTCAGTAACCGATTCCG_001,6
CCACTCAGTAACCGATTCCG_002,105
CCACTCAGTAACCGATTCCG_003,154
CCACTCAGTAACCGATTCCG_004,53
CCACTCAGTAACCGATTCCG_005,3
CCACTCAGTAACCGATTCCG_006,150
CCACTCAGTAACCGATTCCG_007,162
CCACTCAGTAACCGATTCCG_008,145
CCACTCAGTAACCGATTCCG_009,82
CCACTCAGTAACCGATTCCG_010,22
CCACTCAGTAACCGATTCCG_011,81
CCACTCAGTAACCGATTCCG_012,52
CCACTCAGTAACCGATTCCG_013,144
AAGGCTAAATTTCTTCCCAG_001,58
AAGGCTAAATTTCTTCCCAG_002,96
GACTCCAATACACCGCTCAA_001,128
GACTCCAATACACCGCTCAA_002,0
GACTCCAATACACCGCTCAA_003,109
GACTCCAATACACCGCTCAA_004,2
GACTCCAATACACCGCTCAA_005,108
GACTCCAATACACCGCTCAA_006,32
GACTCCAATACACCGCTCAA_007,9
GACTCCAATACACCGCTCAA_008,70
GACTCCAATACACCGCTCAA_009,104
GACTCCAATACACCGCTCAA_010,42
GACTCCAATACACCGCTCAA_011,188
GACTCCAATACACCGCTCAA_012,113
GACTCCAATACACCGCTCAA_013,102
AGAGGTGGCTGCTTCAAACC_001,192
AGAGGTGGCTGCTTCAAACC_002,198
AGAGGTGGCTGCTTCAAACC_003,140
CCTGGCATGATCAAAGACTG_001,70
CCTGGCATGATCAAAGACTG_002,38
CCTGGCATGATCAAAGACTG_003,127
CCTGGCATGATCAAAGACTG_004,104
CCTGGCATGATCAAAGACTG_005,114
CCTGGCATGATCAAAGACTG_006,63
CCTGGCATGATCAAAGACTG_007,29
CCTGGCATGATCAAAGACTG_008,158
CCTGGCATGATCAAAGACTG_009,62
CCTGGCATGATCAAAGACTG_010,8
CCTGGCATGATCAAAGACTG_011,169
CCTGGCATGATCAAAGACTG_012,105
CCTGGCATGATCAAAGACTG_013,171
CCTGGCATGATCAAAGACTG_014,80
CCTGGCATGATCAAAGACTG_015,104
CCTGGCATGATCAAAGACTG_016,102
TTGTTGTAGGGTACACAACA_001,34
TTGTTGTAGGGTACACAACA_002,152
TTGTTGTAGGGTACACAACA_003,88
TTGTTGTAGGGTACACAACA_004,163
TTGTTGTAGGGTACACAACA_005,81
TTGTTGTAGGGTACACAACA_006,168
TTGTTGTAGGGTACACAACA_007,16
TTGTTGTAGGGTACACAACA_008,63
TTGTTGTAGGGTACACAACA_009,43
TTGTTGTAGGGTACACAACA_010,99
CTTGTCTTGTAGGCATGTCG_001,12
CTTGTCTTGTAGGCATGTCG_002,70
CTTGTCTTGTAGGCATGTCG_003,62
CTTGTCTTGTAGGCATGTCG_004,25
CTTGTCTTGTAGGCATGTCG_005,171
CTTTAACTGTGAGAGCACCG_001,84
CTTTAACTGTGAGAGCACCG_002,49
CTTTAACTGTGAGAGCACCG_003,174
CTTTAACTGTGAGAGCACCG_004,81
CTTTAACTGTGAGAGCACCG_005,81
CTTTAACTGTGAGAGCACCG_006,19
TCTCGTCCCGGTCGGCAGTG_001,132
TCTCGTCCCGGTCGGCAGTG_002,184
CCAGGCGGCGTTGAAAGTAG_001,138
CCAGGCGGCGTTGAAAGTAG_002,28
CCAGGCGGCGTTGAAAGTAG_003,182
CCAGGCGGCGTTGAAAGTAG_004,199
CCAGGCGGCGTTGAAAGTAG_005,172
CCAGGCGGCGTTGAAAGTAG_006,62
CCAGGCGGCGTTGAAAGTAG_007,160
CCAGGCGGCGTTGAAAGTAG_008,135
CCAGGCGGCGTTGAAAGTAG_009,78
CCAGGCGGCGTTGAAAGTAG_010,145
CCAGGCGGCGTTGAAAGTAG_011,65
CCAGGCGGCGTTGAAAGTAG_012,159
CCAGGCGGCGTTGAAAGTAG_013,21
CCAGGCGGCGTTGAAAGTAG_014,144
CCAGGCGGCGTTGAAAGTAG_015,188
CCAGGCGGCGTTGAAAGTAG_016,115
CCAGGCGGCGTTGAAAGTAG_017,46
CCAGGCGGCGTTGAAAGTAG_018,131
CCAGGCGGCGTTGAAAGTAG_019,172
CCAGGCGGCGTTGAAAGTAG_020,117
CCAGGCGGCGTTGAAAGTAG_021,63
CCAGGCGGCGTTGAAAGTAG_022,108
CCAGGCGGCGTTGAAAGTAG_023,26
TGGGGAATAAGAAGGACCTG_001,15
TGGGGAATAAGAAGGACCTG_002,40
TGGGGAATAAGAAGGACCTG_003,175
TGGGGAATAAGAAGGACCTG_004,70
TGGGGAATAAGAAGGACCTG_005,149
TGGGGAATAAGAAGGACCTG_006,94
TGGGGAATAAGAAGGACCTG_007,56
TGGGGAATAAGAAGGACCTG_008,29
TGGGGAATAAGAAGGACCTG_009,162
TGGGGAATAAGAAGGACCTG_010,98
ATGCAGTATTCCATTGAGGT_001,142
GTGACTATGGGACTTCTACC_001,74
GTGACTATGGGACTTCTACC_002,116
GTGACTATGGGACTTCTACC_003,42
GTGACTATGGGACTTCTACC_004,127
GTGACTATGGGACTTCTACC_005,175
GTGACTATGGGACTTCTACC_006,189
GTGACTATGGGACTTCTACC_007,60
ATGAGTGAGATCGACCGGGA_001,146
ATGAGTGAGATCGACCGGGA_002,58
ATGAGTGAGATCGACCGGGA_003,121
ATGAGTGAGATCGACCGGGA_004,23
ATGAGTGAGATCGACCGGGA_005,23
ATGAGTGAGATCGACCGGGA_006,184
ATGAGTGAGATCGACCGGGA_007,174
AGATTGTATAGAGTACCACG_001,124
CTTCACCAGCTGAGTAACGA_001,56
CTTCACCAGCTGAGTAACGA_002,5
CTTCACCAGCTGAGTAACGA_003,20
CTTCACCAGCTGAGTAACGA_004,141
CTTCACCAGCTGAGTAACGA_005,2
CTTCACCAGCTGAGTAACGA_006,127
CTTCACCAGCTGAGTAACGA_007,150
CTTGTACCAGCTGATCTGCT_001,32
CTTGTACCAGCTGATCTGCT_002,52
GTGGGGACAGTGCCCAAACG_001,58
GTGGGGACAGTGCCCAAACG_002,151
GTGGGGACAGTGCCCAAACG_003,154
GTGGGGACAGTGCCCAAACG_004,103
GTGGGGACAGTGCCCAAACG_005,20
GTGGGGACAGTGCCCAAACG_006,17
GTGGGGACAGTGCCCAAACG_007,169
GTGGGGACAGTGCCCAAACG_008,146
TATGTCATCCTTACCTACAG_001,160
TATGTCATCCTTACCTACAG_002,155
TCCAGGCTCCACCTGACTAG_001,191
TCCAGGCTCCACCTGACTAG_002,149
TCCAGGCTCCACCTGACTAG_003,113
TCCAGGCTCCACCTGACTAG_004,188
TCCAGGCTCCACCTGACTAG_005,137
TCCAGGCTCCACCTGACTAG_006,0
TCCAGGCTCCACCTGACTAG_007,75
TGCCATGGTACTTTGCGCTG_001,152
TGCCATGGTACTTTGCGCTG_002,44
TGCCATGGTACTTTGCGCTG_003,4
TGCCATGGTACTTTGCGCTG_004,174
TGCCATGGTACTTTGCGCTG_005,141
TGCCATGGTACTTTGCGCTG_006,157
TGCCATGGTACTTTGCGCTG_007,22
TGCCATGGTACTTTGCGCTG_008,69
TGCCATGGTACTTTGCGCTG_009,197
TGCCATGGTACTTTGCGCTG_010,20
TGCCATGGTACTTTGCGCTG_011,63
GTTGCTTGTTAGCAGATACT_001,195
GTTGCTTGTTAGCAGATACT_002,186
GTTGCTTGTTAGCAGATACT_003,58
GTTGCTTGTTAGCAGATACT_004,60
GTTGCTTGTTAGCAGATACT_005,126
GTTGCTTGTTAGCAGATACT_006,175
GTTGCTTGTTAGCAGATACT_007,117
GTTGCTTGTTAGCAGATACT_008,158
GTTGCTTGTTAGCAGATACT_009,155
GTTGCTTGTTAGCAGATACT_010,150
GTTGCTTGTTAGCAGATACT_011,84
GTTGCTTGTTAGCAGATACT_012,184
GTTGCTTGTTAGCAGATACT_013,65
GTTGCTTGTTAGCAGATACT_014,3
GTTGCTTGTTAGCAGATACT_015,2
GTTGCTTGTTAGCAGATACT_016,2
GTTGCTTGTTAGCAGATACT_017,152
GTTGCTTGTTAGCAGATACT_018,56
GTTGCTTGTTAGCAGATACT_019,6
GTTGCTTGTTAGCAGATACT_020,170
GTTGCTTGTTAGCAGATACT_021,63
GTTGCTTGTTAGCAGATACT_022,144
GTTGCTTGTTAGCAGATACT_023,43
GTTGCTTGTTAGCAGATACT_024,40
GTTGCTTGTTAGCAGATACT_025,152
GTTGCTTGTTAGCAGATACT_026,138
TGACGGCCATTAGTGTGGAG_001,198
TGACGGCCATTAGTGTGGAG_002,104
TGACGGCCATTAGTGTGGAG_003,197
TGACGGCCATTAGTGTGGAG_004,152
TGACGGCCATTAGTGTGGAG_005,198
TGACGGCCATTAGTGTGGAG_006,24
TGACGGCCATTAGTGTGGAG_007,127
TGACGGCCATTAGTGTGGAG_008,97
TGACGGCCATTAGTGTGGAG_009,81
TGACGGCCATTAGTGTGGAG_010,176
TGACGGCCATTAGTGTGGAG_011,107
TGACGGCCATTAGTGTGGAG_012,141
TGACGGCCATTAGTGTGGAG_013,137
TGACGGCCATTAGTGTGGAG_014,75
TGCGCAGAGGACTTTATACA_001,53
TGCGCAGAGGACTTTATACA_002,3
TGCGCAGAGGACTTTATACA_003,49
TGCGCAGAGGACTTTATACA_004,57
TGCGCAGAGGACTTTATACA_005,107
TGCGCAGAGGACTTTATACA_006,16
TGCGCAGAGGACTTTATACA_007,82
TGCGCAGAGGACTTTATACA_008,151
TGCGCAGAGGACTTTATACA_009,146
TGCGCAGAGGACTTTATACA_010,169
TGCGCAGAGGACTTTATACA_011,66
TGCGCAGAGGACTTTATACA_012,185
CCATCGATTTCACTCTATGG_001,8
CCATCGATTTCACTCTATGG_002,168
CCATCGATTTCACTCTATGG_003,35
CCATCGATTTCACTCTATGG_004,38
CCATCGATTTCACTCTATGG_005,158
ACAGCGGAATCATCGATGCA_001,108
ACAGCGGAATCATCGATGCA_002,146
ACAGCGGAATCATCGATGCA_003,114
ACAGCGGAATCATCGATGCA_004,20
ACAGCGGAATCATCGATGCA_005,145
ACAGCGGAATCATCGATGCA_006,162
ACAGCGGAATCATCGATGCA_007,166
ACAGCGGAATCATCGATGCA_008,1
ACAGCGGAATCATCGATGCA_009,58
ACCTTGGATACTCAGCAGTG_001,18
ACCTTGGATACTCAGCAGTG_002,4
ACCTTGGATACTCAGCAGTG_003,191
GGTTCCCGCGGGAATCACAC_001,43
GGTTCCCGCGGGAATCACAC_002,77
GGTTCCCGCGGGAATCACAC_003,198
GGTTCCCGCGGGAATCACAC_004,169
GGTTCCCGCGGGAATCACAC_005,72
GGTTCCCGCGGGAATCACAC_006,182
GGTTCCCGCGGGAATCACAC_007,82
GGTTCCCGCGGGAATCACAC_008,49
GGTTCCCGCGGGAATCACAC_009,175
TAAGAGCAAAGTGCCAACCG_001,98
TAAGAGCAAAGTGCCAACCG_002,94
TAAGAGCAAAGTGCCAACCG_003,137
TAAGAGCAAAGTGCCAACCG_004,149
TAAGAGCAAAGTGCCAACCG_005,88
TAAGAGCAAAGTGCCAACCG_006,134
TAAGAGCAAAGTGCCAACCG_007,134
TAAGAGCAAAGTGCCAACCG_008,133
GGTGAAGCCCAGATTCCAGT_001,133
GGTGAAGCCCAGATTCCAGT_002,128
GGTGAAGCCCAGATTCCAGT_003,88
GGTGAAGCCCAGATTCCAGT_004,169
TGTCACCAAAAGGCCAGTGG_001,82
TGTCACCAAAAGGCCAGTGG_002,69
TGTCACCAAAAGGCCAGTGG_003,168
TGTCACCAAAAGGCCAGTGG_004,144
TGTCACCAAAAGGCCAGTGG_005,113
TGTCACCAAAAGGCCAGTGG_006,16
TGTCACCAAAAGGCCAGTGG_007,124
GCTTAACTGAGGGGTCATAG_001,34
ACTCACACTTGGTTCAACAT_001,9
ACTCACACTTGGTTCAACAT_002,5
ACTCACACTTGGTTCAACAT_003,147
GAGAAGCACATACAAAGGCA_001,0
GAGAAGCACATACAAAGGCA_002,27
ATGTCCCGGAATGCCGGCAA_001,125
ATGTCCCGGAATGCCGGCAA_002,39
ATGTCCCGGAATGCCGGCAA_003,139
ATGTCCCGGAATGCCGGCAA_004,170
ATGTCCCGGAATGCCGGCAA_005,157
ATGTCCCGGAATGCCGGCAA_006,115
ATGTCCCGGAATGCCGGCAA_007,127
GCCACTGTCTTGTTCCGAGG_001,9
GCCACTGTCTTGTTCCGAGG_002,81
GCCACTGTCTTGTTCCGAGG_003,102
CTAAGCAGAAAGTACCCCCG_001,106
CTAAGCAGAAAGTACCCCCG_002,154
CTAAGCAGAAAGTACCCCCG_003,107
CTAAGCAGAAAGTACCCCCG_004,185
CTAAGCAGAAAGTACCCCCG_005,127
CTAAGCAGAAAGTACCCCCG_006,28
CTAAGCAGAAAGTACCCCCG_007,162
CTAAGCAGAAAGTACCCCCG_008,98
CTAAGCAGAAAGTACCCCCG_009,76
CTAAGCAGAAAGTACCCCCG_010,41
CTAAGCAGAAAGTACCCCCG_011,48
CTAAGCAGAAAGTACCCCCG_012,107
ATTACAGGATACCTGTACAG_001,107
ATTACAGGATACCTGTACAG_002,15
ATTACAGGATACCTGTACAG_003,36
ATTACAGGATACCTGTACAG_004,36
ATTACAGGATACCTGTACAG_005,162
ATTACAGGATACCTGTACAG_006,4
GGCACAGTGCCTGTCCCGCG_001,188
GGCACAGTGCCTGTCCCGCG_002,58
CCACCATCATTAGTCTTCGC_001,34
CCACCATCATTAGTCTTCGC_002,169
GGGTCCCGAAAAAAAAGACT_001,78
GCGGACCCACGAGAGCGCGT_001,42
GCGGACCCACGAGAGCGCGT_002,199
GCGGACCCACGAGAGCGCGT_003,17
GCGGACCCACGAGAGCGCGT_004,19
GCGGACCCACGAGAGCGCGT_005,176
GCGGACCCACGAGAGCGCGT_006,62
GCGGACCCACGAGAGCGCGT_007,62
GCGGACCCACGAGAGCGCGT_008,42
GCGGACCCACGAGAGCGCGT_009,42
GCGGACCCACGAGAGCGCGT_010,42
GCGGACCCACGAGAGCGCGT_011,108
GCGGACCCACGAGAGCGCGT_012,125
GCGGACCCACGAGAGCGCGT_013,111
GCGGACCCACGAGAGCGCGT_014,148
GCGGACCCACGAGAGCGCGT_015,76
GCAAGAGCAGAACGTTAACG_001,23
GCAAGAGCAGAACGTTAACG_002,105
GCAAGAGCAGAACGTTAACG_003,184
GCAAGAGCAGAACGTTAACG_004,145
GCAAGAGCAGAACGTTAACG_005,145
GTTTCCTACCAGCCCGACCA_001,80
GTTTCCTACCAGCCCGACCA_002,22
GTTTCCTACCAGCCCGACCA_003,70
GTTTCCTACCAGCCCGACCA_004,199
GTTTCCTACCAGCCCGACCA_005,154
GTTTCCTACCAGCCCGACCA_006,198
GTTTCCTACCAGCCCGACCA_007,191
GTTTCCTACCAGCCCGACCA_008,11
GTTTCCTACCAGCCCGACCA_009,8
GTTTCCTACCAGCCCGACCA_010,91
GTTTCCTACCAGCCCGACCA_011,1
GTTTCCTACCAGCCCGACCA_012,160
GTTTCCTACCAGCCCGACCA_013,16
GTTTCCTACCAGCCCGACCA_014,169
GTTTCCTACCAGCCCGACCA_015,19
GTTTCCTACCAGCCCGACCA_016,19
GTTTCCTACCAGCCCGACCA_017,168
GTTTCCTACCAGCCCGACCA_018,160
GTTTCCTACCAGCCCGACCA_019,63
GTTTCCTACCAGCCCGACCA_020,62
GTTTCCTACCAGCCCGACCA_021,104
GTTTCCTACCAGCCCGACCA_022,119
TACGTCCAGTCCTACAAATG_001,162
TACGTCCAGTCCTACAAATG_002,94
TACGTCCAGTCCTACAAATG_003,103
TACGTCCAGTCCTACAAATG_004,158
TACGTCCAGTCCTACAAATG_005,19
TACGTCCAGTCCTACAAATG_006,158
TACGTCCAGTCCTACAAATG_007,101
TACGTCCAGTCCTACAAATG_008,168
TACGTCCAGTCCTACAAATG_009,180
TACGTCCAGTCCTACAAATG_010,76
TACGTCCAGTCCTACAAATG_011,147
TAGAATGGGCGTACCCCGTG_001,191
TAGAATGGGCGTACCCCGTG_002,150
TAGAATGGGCGTACCCCGTG_003,16
TAGAATGGGCGTACCCCGTG_004,169
ACCTGCCAGTGTGATCAAGT_001,185
ACCTGCCAGTGTGATCAAGT_002,45
ACCTGCCAGTGTGATCAAGT_003,160
ACCTGCCAGTGTGATCAAGT_004,163
ACCTGCCAGTGTGATCAAGT_005,121
ACCTGCCAGTGTGATCAAGT_006,147
ACCTGCCAGTGTGATCAAGT_007,136
ACCTGCCAGTGTGATCAAGT_008,75
ACCTGCCAGTGTGATCAAGT_009,188
ACCTGCCAGTGTGATCAAGT_010,115
ACCTGCCAGTGTGATCAAGT_011,68
ACCTGCCAGTGTGATCAAGT_012,178
ACCTGCCAGTGTGATCAAGT_013,138
ACCTGCCAGTGTGATCAAGT_014,138
ACCTGCCAGTGTGATCAAGT_015,161
ACCTGCCAGTGTGATCAAGT_016,10
ACCTGCCAGTGTGATCAAGT_017,104
ACCTGCCAGTGTGATCAAGT_018,45
CCACCTGGACACATTCCATG_001,192
CCACCTGGACACATTCCATG_002,1
CCACCTGGACACATTCCATG_003,106
CCACCTGGACACATTCCATG_004,127
CCGAATGTACATGTTCCACG_001,41
CCGAATGTACATGTTCCACG_002,184
CCGAATGTACATGTTCCACG_003,184
CCGAATGTACATGTTCCACG_004,49
ACTCCATTCGGACTACCCCA_001,141
ACTCCATTCGGACTACCCCA_002,94
ACTCCATTCGGACTACCCCA_003,57
ACTCCATTCGGACTACCCCA_004,80
ACTCCATTCGGACTACCCCA_005,184
ACTCCATTCGGACTACCCCA_006,184
ACTCCATTCGGACTACCCCA_007,118
ACTCCATTCGGACTACCCCA_008,166
ACTCCATTCGGACTACCCCA_009,2
ACTCCATTCGGACTACCCCA_010,75
ACTCCATTCGGACTACCCCA_011,70
ACTCCATTCGGACTACCCCA_012,58
ACTCCATTCGGACTACCCCA_013,12
ACTCCATTCGGACTACCCCA_014,148
ACTCCATTCGGACTACCCCA_015,149
ACTCCATTCGGACTACCCCA_016,44
ACTCCATTCGGACTACCCCA_017,177
ACTCCATTCGGACTACCCCA_018,198
ACTCCATTCGGACTACCCCA_019,133
ACTCCATTCGGACTACCCCA_020,154
ACTCCATTCGGACTACCCCA_021,62
ACTCCATTCGGACTACCCCA_022,60
ACTCCATTCGGACTACCCCA_023,106
AACCAGTCAGCCACTTTGGT_001,54
AACCAGTCAGCCACTTTGGT_002,152
AACCAGTCAGCCACTTTGGT_003,127
TCAAAGACACCCGCTCCTGG_001,144
TCAAAGACACCCGCTCCTGG_002,196
TCAAAGACACCCGCTCCTGG_003,64
TCAAAGACACCCGCTCCTGG_004,63
TCAAAGACACCCGCTCCTGG_005,183
TCAAAGACACCCGCTCCTGG_006,163
TCAAAGACACCCGCTCCTGG_007,139
TCAAAGACACCCGCTCCTGG_008,65
TCAAAGACACCCGCTCCTGG_009,103
TCAAAGACACCCGCTCCTGG_010,148
TCAAAGACACCCGCTCCTGG_011,148
TCAAAGACACCCGCTCCTGG_012,184
TCAAAGACACCCGCTCCTGG_013,13
TCAAAGACACCCGCTCCTGG_014,82
TCAAAGACACCCGCTCCTGG_015,121
TCAAAGACACCCGCTCCTGG_016,73
TCAAAGACACCCGCTCCTGG_017,50
TCAAAGACACCCGCTCCTGG_018,21
TCAAAGACACCCGCTCCTGG_019,74
TCAAAGACACCCGCTCCTGG_020,63
TCAAAGACACCCGCTCCTGG_021,188
TCAAAGACACCCGCTCCTGG_022,94
TCAAAGACACCCGCTCCTGG_023,132
TCAAAGACACCCGCTCCTGG_024,50
TCAAAGACACCCGCTCCTGG_025,60
TCCCCCAGAGGCCTTACAGG_001,7
TCCCCCAGAGGCCTTACAGG_002,37
TCCCCCAGAGGCCTTACAGG_003,98
TCCCCCAGAGGCCTTACAGG_004,108
TCCCCCAGAGGCCTTACAGG_005,91
TCCCCCAGAGGCCTTACAGG_006,141
TCCCCCAGAGGCCTTACAGG_007,95
TCCCCCAGAGGCCTTACAGG_008,157
TCCCCCAGAGGCCTTACAGG_009,78
TCCCCCAGAGGCCTTACAGG_010,41
TCCCCCAGAGGCCTTACAGG_011,4
TCCCCCAGAGGCCTTACAGG_012,4
TCCCCCAGAGGCCTTACAGG_013,48
TCCCCCAGAGGCCTTACAGG_014,66
TCCCCCAGAGGCCTTACAGG_015,84
TTCTTAGAAGTTGCTCCACG_001,163
TTCTTAGAAGTTGCTCCACG_002,130
TTCTTAGAAGTTGCTCCACG_003,145
TTCTTAGAAGTTGCTCCACG_004,177
TTCTTAGAAGTTGCTCCACG_005,105
TTCTTAGAAGTTGCTCCACG_006,24
TTCTTAGAAGTTGCTCCACG_007,0
TTCTTAGAAGTTGCTCCACG_008,36
TTCTTAGAAGTTGCTCCACG_009,64
TTCTTAGAAGTTGCTCCACG_010,8
TTCTTAGAAGTTGCTCCACG_011,152
TTCTTAGAAGTTGCTCCACG_012,30
TTCTTAGAAGTTGCTCCACG_013,160
TTCTTAGAAGTTGCTCCACG_014,49
TTCTTAGAAGTTGCTCCACG_015,152
TTCTTAGAAGTTGCTCCACG_016,39
TTCTTAGAAGTTGCTCCACG_017,107
CCAGCGCTTACTCTGACTCC_001,168
CCAGCGCTTACTCTGACTCC_002,115
CCAGCGCTTACTCTGACTCC_003,90
TTCTCATAAAAGACCCCATG_001,152
TTCTCATAAAAGACCCCATG_002,152
TTCTCATAAAAGACCCCATG_003,24
TTCTCATAAAAGACCCCATG_004,93
TTCTCATAAAAGACCCCATG_005,15
TTCTCATAAAAGACCCCATG_006,8
TTCTCATAAAAGACCCCATG_007,121
TTCTCATAAAAGACCCCATG_008,168
TTCTCATAAAAGACCCCATG_009,172
TGTACCTAGTCACTTTCACC_001,159
TGTACCTAGTCACTTTCACC_002,104
TGTACCTAGTCACTTTCACC_003,152
TGTACCTAGTCACTTTCACC_004,49
TGTACCTAGTCACTTTCACC_005,177
TGTACCTAGTCACTTTCACC_006,160
TGTACCTAGTCACTTTCACC_007,199
TGTACCTAGTCACTTTCACC_008,49
TGTACCTAGTCACTTTCACC_009,175
TGTACCTAGTCACTTTCACC_010,118
AATTAATTCAGTCACTACAA_001,70
AATTAATTCAGTCACTACAA_002,128
AATTAATTCAGTCACTACAA_003,41
CTTGCGGTCAAACTCCCGGT_001,41
CTTGCGGTCAAACTCCCGGT_002,121
CTTGCGGTCAAACTCCCGGT_003,70
CTTGCGGTCAAACTCCCGGT_004,60
CTTGCGGTCAAACTCCCGGT_005,116
CTTGCGGTCAAACTCCCGGT_006,150
CTTGCGGTCAAACTCCCGGT_007,27
CTTGCGGTCAAACTCCCGGT_008,27
CTTGCGGTCAAACTCCCGGT_009,42
CTTGCGGTCAAACTCCCGGT_010,178
CTTGCGGTCAAACTCCCGGT_011,49
ACACGAAAAAGGGCCCGGGG_001,17
ACACGAAAAAGGGCCCGGGG_002,107
ACACGAAAAAGGGCCCGGGG_003,139
ACACGAAAAAGGGCCCGGGG_004,72
ACACGAAAAAGGGCCCGGGG_005,170
ACACGAAAAAGGGCCCGGGG_006,157
ACACGAAAAAGGGCCCGGGG_007,169
ACACGAAAAAGGGCCCGGGG_008,48
CAGCCTAACGGCCTGCCTAG_001,78
CAGCCTAACGGCCTGCCTAG_002,19
CAGCCTAACGGCCTGCCTAG_003,60
CAGCCTAACGGCCTGCCTAG_004,115
TGTCCCCCGACATGTCGTAG_001,198
TGTCCCCCGACATGTCGTAG_002,140
TGTCCCCCGACATGTCGTAG_003,121
TGTCCCCCGACATGTCGTAG_004,75
TGTCCCCCGACATGTCGTAG_005,165
TGTCCCCCGACATGTCGTAG_006,18
TGTCCCCCGACATGTCGTAG_007,155
TGTCCCCCGACATGTCGTAG_008,165
TGTCCCCCGACATGTCGTAG_009,47
TGTCCCCCGACATGTCGTAG_010,70
GGACTTGATCAACCGAGAGA_001,144
GGACTTGATCAACCGAGAGA_002,136
GGACTTGATCAACCGAGAGA_003,153
GGACTTGATCAACCGAGAGA_004,125
GGACTTGATCAACCGAGAGA_005,114
GGACTTGATCAACCGAGAGA_006,38
GGACTTGATCAACCGAGAGA_007,101
CAAGTGGAGACAGAGTCGGT_001,143
CAAGTGGAGACAGAGTCGGT_002,55
CAAGTGGAGACAGAGTCGGT_003,17
CAAGTGGAGACAGAGTCGGT_004,119
CAACACAATTCCCCACCCAG_001,134
CAACACAATTCCCCACCCAG_002,101
CAACACAATTCCCCACCCAG_003,162
CAACACAATTCCCCACCCAG_004,48
CAACACAATTCCCCACCCAG_005,163
CAACACAATTCCCCACCCAG_006,58
CAACACAATTCCCCACCCAG_007,56
CAACACAATTCCCCACCCAG_008,70
CAACACAATTCCCCACCCAG_009,188
AAATACAGCTTCGAAATAGG_001,152
AAATACAGCTTCGAAATAGG_002,52
AAATACAGCTTCGAAATAGG_003,175
AAATACAGCTTCGAAATAGG_004,107
AAATACAGCTTCGAAATAGG_005,94
TGTGGGCAAAGCTTCAAGTG_001,67
TGTGGGCAAAGCTTCAAGTG_002,98
TGTGGGCAAAGCTTCAAGTG_003,160
TGTGGGCAAAGCTTCAAGTG_004,9
TGTGGGCAAAGCTTCAAGTG_005,170
TGTGGGCAAAGCTTCAAGTG_006,63
TGTGGGCAAAGCTTCAAGTG_007,48
TGTGGGCAAAGCTTCAAGTG_008,16
TGTGGGCAAAGCTTCAAGTG_009,160
ACTATCATGGCACCCAATTG_001,130
ACTATCATGGCACCCAATTG_002,90
ACTATCATGGCACCCAATTG_003,184
ACTATCATGGCACCCAATTG_004,108
ACTATCATGGCACCCAATTG_005,116
ACTATCATGGCACCCAATTG_006,114
ACTATCATGGCACCCAATTG_007,33
ACTATCATGGCACCCAATTG_008,9
GTAAAACTCAGTGATCACTA_001,15
GTCATCCTCACCCACAGCGT_001,174
GTCATCCTCACCCACAGCGT_002,30
GTCATCCTCACCCACAGCGT_003,31
GTCATCCTCACCCACAGCGT_004,37
GTCATCCTCACCCACAGCGT_005,2
GTCATCCTCACCCACAGCGT_006,75
GTCATCCTCACCCACAGCGT_007,72
GTCATCCTCACCCACAGCGT_008,129
GTCATCCTCACCCACAGCGT_009,113
GTCATCCTCACCCACAGCGT_010,159
GTCATCCTCACCCACAGCGT_011,194
GTCATCCTCACCCACAGCGT_012,168
GTCATCCTCACCCACAGCGT_013,169
TATGGGTGCTGTGGATACGA_001,146
TATGGGTGCTGTGGATACGA_002,174
TATGGGTGCTGTGGATACGA_003,62
TCAATCCGCTTACAAAAGTG_001,76
TCAATCCGCTTACAAAAGTG_002,56
TCAATCCGCTTACAAAAGTG_003,31
TCAATCCGCTTACAAAAGTG_004,29
ACCCGACGGCTCAATCCCCG_001,169
ACCCGACGGCTCAATCCCCG_002,19
ACCCGACGGCTCAATCCCCG_003,15
ACCCGACGGCTCAATCCCCG_004,78
ACCCGACGGCTCAATCCCCG_005,2
ACCCGACGGCTCAATCCCCG_006,135
ACCCGACGGCTCAATCCCCG_007,69
ACCCGACGGCTCAATCCCCG_008,193
ACCCGACGGCTCAATCCCCG_009,184
ACCCGACGGCTCAATCCCCG_010,37
AACTTGATCAGCAGAAGTTG_001,34
AACTTGATCAGCAGAAGTTG_002,6
AACTTGATCAGCAGAAGTTG_003,16
AACTTGATCAGCAGAAGTTG_004,95
AACTTGATCAGCAGAAGTTG_005,87
TGTGGTAAAGCATTTAGCAG_001,59
TGTGGTAAAGCATTTAGCAG_002,74
TGTGGTAAAGCATTTAGCAG_003,122
TGTGGTAAAGCATTTAGCAG_004,174
TGTGGTAAAGCATTTAGCAG_005,46
TGTGGTAAAGCATTTAGCAG_006,81
GTTGATGTGTTAACTACGAT_001,169
GTTGATGTGTTAACTACGAT_002,54
GTTGATGTGTTAACTACGAT_003,31
GTTGATGTGTTAACTACGAT_004,71
GTTGATGTGTTAACTACGAT_005,113
GTTGATGTGTTAACTACGAT_006,158
GTTGATGTGTTAACTACGAT_007,172
ACTAATTACGGATTTCCCGG_001,158
ACTAATTACGGATTTCCCGG_002,53
ACTAATTACGGATTTCCCGG_003,62
ATCATTCCGTGGTCTGACAG_001,39
ATCATTCCGTGGTCTGACAG_002,78
ATCATTCCGTGGTCTGACAG_003,58
ATCATTCCGTGGTCTGACAG_004,157
ATCATTCCGTGGTCTGACAG_005,199
ATCATTCCGTGGTCTGACAG_006,61
ATCATTCCGTGGTCTGACAG_007,185
ATCATTCCGTGGTCTGACAG_008,142
ATCATTCCGTGGTCTGACAG_009,65
ATCATTCCGTGGTCTGACAG_010,29
ATCATTCCGTGGTCTGACAG_011,66
ATCATTCCGTGGTCTGACAG_012,18
ATCATTCCGTGGTCTGACAG_013,66
ATCATTCCGTGGTCTGACAG_014,1
ATCATTCCGTGGTCTGACAG_015,16
ATCATTCCGTGGTCTGACAG_016,39
ATCATTCCGTGGTCTGACAG_017,126
ATCATTCCGTGGTCTGACAG_018,17
ATCATTCCGTGGTCTGACAG_019,158
GGAGGCATGTTATATCCACA_001,141
GGAGGCATGTTATATCCACA_002,192
ACATTGAGTGAAGCTAGGGG_001,96
ACATTGAGTGAAGCTAGGGG_002,120
ACATTGAGTGAAGCTAGGGG_003,154
ACATTGAGTGAAGCTAGGGG_004,54
ACATTGAGTGAAGCTAGGGG_005,12
ACATTGAGTGAAGCTAGGGG_006,63
ACATTGAGTGAAGCTAGGGG_007,139
ACATTGAGTGAAGCTAGGGG_008,61
ACATTGAGTGAAGCTAGGGG_009,61
ACATTGAGTGAAGCTAGGGG_010,116
ACATTGAGTGAAGCTAGGGG_011,26
ACATTGAGTGAAGCTAGGGG_012,73
ACATTGAGTGAAGCTAGGGG_013,156
ACATTGAGTGAAGCTAGGGG_014,43
ACATTGAGTGAAGCTAGGGG_015,184
ACATTGAGTGAAGCTAGGGG_016,3
ACATTGAGTGAAGCTAGGGG_017,84
ACATTGAGTGAAGCTAGGGG_018,129
ACATTGAGTGAAGCTAGGGG_019,116
ACATTGAGTGAAGCTAGGGG_020,148
ACATTGAGTGAAGCTAGGGG_021,79
AGGAGTACTTCCTCCGCCTG_001,17
AGGAGTACTTCCTCCGCCTG_002,147
AGGAGTACTTCCTCCGCCTG_003,2
AGGAGTACTTCCTCCGCCTG_004,2
AGGAGTACTTCCTCCGCCTG_005,61
AGGAGTACTTCCTCCGCCTG_006,94
AGGAGTACTTCCTCCGCCTG_007,177
AGGAGTACTTCCTCCGCCTG_008,30
AGGAGTACTTCCTCCGCCTG_009,184
AGGAGTACTTCCTCCGCCTG_010,192
AGGAGTACTTCCTCCGCCTG_011,22
AGGAGTACTTCCTCCGCCTG_012,103
CACACCTGGTCAGACACAAG_001,105
CACACCTGGTCAGACACAAG_002,78
CACACCTGGTCAGACACAAG_003,94
CACACCTGGTCAGACACAAG_004,199
CACACCTGGTCAGACACAAG_005,58
CACACCTGGTCAGACACAAG_006,179
CACACCTGGTCAGACACAAG_007,70
CACACCTGGTCAGACACAAG_008,169
CACACCTGGTCAGACACAAG_009,74
CACACCTGGTCAGACACAAG_010,1
CACACCTGGTCAGACACAAG_011,32
CAGTCTAGCACAGACAGGGT_001,13
CCCATGCCGCAAGAGCTACG_001,199
CCCATGCCGCAAGAGCTACG_002,150
CCCATGCCGCAAGAGCTACG_003,170
CCCATGCCGCAAGAGCTACG_004,1
CCCATGCCGCAAGAGCTACG_005,103
CCCATGCCGCAAGAGCTACG_006,113
CCCATGCCGCAAGAGCTACG_007,24
CCCATGCCGCAAGAGCTACG_008,147
CCCATGCCGCAAGAGCTACG_009,105
CCCATGCCGCAAGAGCTACG_010,48
CCCATGCCGCAAGAGCTACG_011,185
CCCATGCCGCAAGAGCTACG_012,53
CCCATGCCGCAAGAGCTACG_013,171
CCCATGCCGCAAGAGCTACG_014,132
CCCATGCCGCAAGAGCTACG_015,5
CCCATGCCGCAAGAGCTACG_016,168
CCCATGCCGCAAGAGCTACG_017,30
CCCATGCCGCAAGAGCTACG_018,177
CCCATGCCGCAAGAGCTACG_019,84
CCCATGCCGCAAGAGCTACG_020,168
CCCATGCCGCAAGAGCTACG_021,25
CCCATGCCGCAAGAGCTACG_022,56
CCCATGCCGCAAGAGCTACG_023,174
CCCATGCCGCAAGAGCTACG_024,124
CCCATGCCGCAAGAGCTACG_025,196
CCCATGCCGCAAGAGCTACG_026,146
CCCATGCCGCAAGAGCTACG_027,2
CCCATGCCGCAAGAGCTACG_028,1
CCCATGCCGCAAGAGCTACG_029,140
CCCATGCCGCAAGAGCTACG_030,32
CCCATGCCGCAAGAGCTACG_031,138
CCCATGCCGCAAGAGCTACG_032,169
CCCATGCCGCAAGAGCTACG_033,31
CCCATGCCGCAAGAGCTACG_034,40
CCCATGCCGCAAGAGCTACG_035,65
CCCATGCCGCAAGAGCTACG_036,63
CCCATGCCGCAAGAGCTACG_037,122
CCCATGCCGCAAGAGCTACG_038,29
CCCATGCCGCAAGAGCTACG_039,41
AAAAAGAAGACCTTAGATTG_001,102
AAAAAGAAGACCTTAGATTG_002,116
AAAAAGAAGACCTTAGATTG_003,26
AAAAAGAAGACCTTAGATTG_004,5
CTGAGAACATTAGTGCTACG_001,50
CTGAGAACATTAGTGCTACG_002,138
CTGAGAACATTAGTGCTACG_003,29
CTGAGAACATTAGTGCTACG_004,145
CTGAGAACATTAGTGCTACG_005,48
CTGAGAACATTAGTGCTACG_006,141
CTGAGAACATTAGTGCTACG_007,34
CTGAGAACATTAGTGCTACG_008,22
CTGAGAACATTAGTGCTACG_009,160
CTGAGAACATTAGTGCTACG_010,10
CTGAGAACATTAGTGCTACG_011,90
CTGAGAACATTAGTGCTACG_012,90
CTGAGAACATTAGTGCTACG_013,151
CTGAGAACATTAGTGCTACG_014,96
TGCAACCTTCCTTTTCAGGA_001,68
TGCAACCTTCCTTTTCAGGA_002,92
TGCAACCTTCCTTTTCAGGA_003,15
TGCAACCTTCCTTTTCAGGA_004,141
TGCAACCTTCCTTTTCAGGA_005,130
TGCAACCTTCCTTTTCAGGA_006,96
TGCAACCTTCCTTTTCAGGA_007,5
TGCAACCTTCCTTTTCAGGA_008,117
TGCAACCTTCCTTTTCAGGA_009,169
TGCAACCTTCCTTTTCAGGA_010,176
TGCAACCTTCCTTTTCAGGA_011,5
TGCAACCTTCCTTTTCAGGA_012,163
TGCAACCTTCCTTTTCAGGA_013,184
TGCAACCTTCCTTTTCAGGA_014,82
TGCAACCTTCCTTTTCAGGA_015,56
TGCAACCTTCCTTTTCAGGA_016,142
TGCAACCTTCCTTTTCAGGA_017,52
ACATCCGCCGTAAAAGAATG_001,55
ACATCCGCCGTAAAAGAATG_002,7
ACATCCGCCGTAAAAGAATG_003,157
ACATCCGCCGTAAAAGAATG_004,77
ACATCCGCCGTAAAAGAATG_005,118
CATCGATGAGCAGTTCGATG_001,1
CATCGATGAGCAGTTCGATG_002,104
CATCGATGAGCAGTTCGATG_003,175
CTGATAACTGACATGCGGAG_001,168
CTGATAACTGACATGCGGAG_002,34
CTGATAACTGACATGCGGAG_003,139
CTGATAACTGACATGCGGAG_004,136
CTGATAACTGACATGCGGAG_005,96
CTGATAACTGACATGCGGAG_006,19
CTGATAACTGACATGCGGAG_007,117
GAGTTCTTTCATGGTCACGA_001,134
GAGTTCTTTCATGGTCACGA_002,139
GAGTTCTTTCATGGTCACGA_003,54
GAGTTCTTTCATGGTCACGA_004,157
GAGTTCTTTCATGGTCACGA_005,119
GAGTTCTTTCATGGTCACGA_006,72
GAGTTCTTTCATGGTCACGA_007,84
GAGTTCTTTCATGGTCACGA_008,108
GAGTTCTTTCATGGTCACGA_009,177
GAGTTCTTTCATGGTCACGA_010,165
GAGTTCTTTCATGGTCACGA_011,40
GTACTTGCGGTGGCTAGCAA_001,134
GTACTTGCGGTGGCTAGCAA_002,68
TGAGCGTCTTCATGACAAAG_001,175
TGAGCGTCTTCATGACAAAG_002,105
TGAGCGTCTTCATGACAAAG_003,47
TCTTACTGAATTGTCCGACT_001,75
TCTTACTGAATTGTCCGACT_002,168
TCTTACTGAATTGTCCGACT_003,147
TCTTACTGAATTGTCCGACT_004,188
TCTTACTGAATTGTCCGACT_005,90
CGAACATTTGCCGCAAGTCG_001,103
CGAACATTTGCCGCAAGTCG_002,115
CGAACATTTGCCGCAAGTCG_003,103
CGAACATTTGCCGCAAGTCG_004,12
CGAACATTTGCCGCAAGTCG_005,151
CGAACATTTGCCGCAAGTCG_006,54
CGAACATTTGCCGCAAGTCG_007,49
CGAACATTTGCCGCAAGTCG_008,61
CGAACATTTGCCGCAAGTCG_009,137
CGAACATTTGCCGCAAGTCG_010,62
CGAACATTTGCCGCAAGTCG_011,193
CGAACATTTGCCGCAAGTCG_012,166
CGAACATTTGCCGCAAGTCG_013,61
CGAACATTTGCCGCAAGTCG_014,181
CGAACATTTGCCGCAAGTCG_015,41
CGAACATTTGCCGCAAGTCG_016,129
CGAACATTTGCCGCAAGTCG_017,175
CGAACATTTGCCGCAAGTCG_018,19
CACTAACGATTCGGTCGTGG_001,15
AACAACAGAAGAGGCCTGCA_001,84
AACAACAGAAGAGGCCTGCA_002,132
AACAACAGAAGAGGCCTGCA_003,114
AACAACAGAAGAGGCCTGCA_004,70
AACAACAGAAGAGGCCTGCA_005,151
AACAACAGAAGAGGCCTGCA_006,178
AACAACAGAAGAGGCCTGCA_007,55
AACAACAGAAGAGGCCTGCA_008,9
AACAACAGAAGAGGCCTGCA_009,162
AACAACAGAAGAGGCCTGCA_010,49
AACAACAGAAGAGGCCTGCA_011,10
AACAACAGAAGAGGCCTGCA_012,2
GGTCTGGCTCATAACCCACT_001,133
GGTCTGGCTCATAACCCACT_002,189
GGTCTGGCTCATAACCCACT_003,81
GGTCTGGCTCATAACCCACT_004,158
GGTCTGGCTCATAACCCACT_005,44
GGTCTGGCTCATAACCCACT_006,125
TTATCAAATACTCTCTTGGA_001,174
GGATCTCGAATTCGGATCTG_001,188
GGATCTCGAATTCGGATCTG_002,91
GGATCTCGAATTCGGATCTG_003,68
GGATCTCGAATTCGGATCTG_004,150
AAGGATGGGACTCACGCACG_001,96
AAGGATGGGACTCACGCACG_002,181
AAGGATGGGACTCACGCACG_003,19
AAGGATGGGACTCACGCACG_004,98
AAGGATGGGACTCACGCACG_005,151
AAGGATGGGACTCACGCACG_006,177
AAGGATGGGACTCACGCACG_007,160
AAGGATGGGACTCACGCACG_008,181
AAGGATGGGACTCACGCACG_009,197
AAGGATGGGACTCACGCACG_010,90
TGTTCAATATACTCGAAATG_001,15
TGTTCAATATACTCGAAATG_002,121
TTATGTACGCTTCTACACTG_001,181
TTATGTACGCTTCTACACTG_002,71
TTATGTACGCTTCTACACTG_003,137
TTATGTACGCTTCTACACTG_004,48
TTATGTACGCTTCTACACTG_005,171
TTATGTACGCTTCTACACTG_006,70
TTATGTACGCTTCTACACTG_007,99
TTATGTACGCTTCTACACTG_008,56
TTATGTACGCTTCTACACTG_009,148
TTATGTACGCTTCTACACTG_010,150
TTATGTACGCTTCTACACTG_011,60
TTATGTACGCTTCTACACTG_012,125
CTTCACATCCAGCTCACCTG_001,118
CTTCACATCCAGCTCACCTG_002,154
CTTCACATCCAGCTCACCTG_003,87
CTTCACATCCAGCTCACCTG_004,190
CTTCACATCCAGCTCACCTG_005,118
CTTCACATCCAGCTCACCTG_006,183
CTTCACATCCAGCTCACCTG_007,157
CTTCACATCCAGCTCACCTG_008,95
CTTCACATCCAGCTCACCTG_009,25
AACACGGGGTTAATGTCACT_001,162
AACACGGGGTTAATGTCACT_002,96
GAGAATTCCTGAGAACCGAG_001,52
GAGAATTCCTGAGAACCGAG_002,62
GAGAATTCCTGAGAACCGAG_003,198
GAGAATTCCTGAGAACCGAG_004,43
GAGAATTCCTGAGAACCGAG_005,60
GAGAATTCCTGAGAACCGAG_006,136
GAGAATTCCTGAGAACCGAG_007,5
GAGAATTCCTGAGAACCGAG_008,129
GAGAATTCCTGAGAACCGAG_009,183
GAGAATTCCTGAGAACCGAG_010,78
GAGAATTCCTGAGAACCGAG_011,35
GATCACTGTAAATACAATCC_001,9
GATCACTGTAAATACAATCC_002,135
TCATATGATTAGGCACACTG_001,160
TCATATGATTAGGCACACTG_002,177
TCATATGATTAGGCACACTG_003,81
TCATATGATTAGGCACACTG_004,62
TCATATGATTAGGCACACTG_005,19
TCATATGATTAGGCACACTG_006,125
TCATATGATTAGGCACACTG_007,187
TCATATGATTAGGCACACTG_008,96
TCATATGATTAGGCACACTG_009,69
TCATATGATTAGGCACACTG_010,115
TCATATGATTAGGCACACTG_011,130
TCATATGATTAGGCACACTG_012,2
TCATATGATTAGGCACACTG_013,124
TCATATGATTAGGCACACTG_014,108
TCATATGATTAGGCACACTG_015,99
TTAAGCGTTACGTAACCGAT_001,49
TTAAGCGTTACGTAACCGAT_002,121
TTAAGCGTTACGTAACCGAT_003,30
TTAAGCGTTACGTAACCGAT_004,158
TTAAGCGTTACGTAACCGAT_005,9
CTGCTGGATAGCATCAGCGA_001,130
CTGCTGGATAGCATCAGCGA_002,77
CTGCTGGATAGCATCAGCGA_003,158
CTGCTGGATAGCATCAGCGA_004,191
CTGCTGGATAGCATCAGCGA_005,169
CTGCTGGATAGCATCAGCGA_006,38
CTGCTGGATAGCATCAGCGA_007,79
CTGCTGGATAGCATCAGCGA_008,47
CTGCTGGATAGCATCAGCGA_009,100
CTGCTGGATAGCATCAGCGA_010,17
CTGCTGGATAGCATCAGCGA_011,181
CCCCAGGCCCTATCCGTCCG_001,2
CCCCAGGCCCTATCCGTCCG_002,124
CCCCAGGCCCTATCCGTCCG_003,171
CCGCTGGGGAGCCAAACGAT_001,119
CCGCTGGGGAGCCAAACGAT_002,30
CCGCTGGGGAGCCAAACGAT_003,44
CCGCTGGGGAGCCAAACGAT_004,168
CCGCTGGGGAGCCAAACGAT_005,132
CCGCTGGGGAGCCAAACGAT_006,134
CCGCTGGGGAGCCAAACGAT_007,121
CCGCTGGGGAGCCAAACGAT_008,91
CCGCTGGGGAGCCAAACGAT_009,175
CCGCTGGGGAGCCAAACGAT_010,99
CCGCTGGGGAGCCAAACGAT_011,184
CCGCTGGGGAGCCAAACGAT_012,147
CCGCTGGGGAGCCAAACGAT_013,144
CCGCTGGGGAGCCAAACGAT_014,142
CCGCTGGGGAGCCAAACGAT_015,185
AGATAAAGAACAATCTAACT_001,149
ATCAGCATTAAGTACCACTG_001,151
ATCAGCATTAAGTACCACTG_002,57
ATCAGCATTAAGTACCACTG_003,56
ATCAGCATTAAGTACCACTG_004,123
ATCAGCATTAAGTACCACTG_005,103
ATCAGCATTAAGTACCACTG_006,94
ATCAGCATTAAGTACCACTG_007,17
ATCAGCATTAAGTACCACTG_008,43
ATCAGCATTAAGTACCACTG_009,145
ATCAGCATTAAGTACCACTG_010,58
ATCAGCATTAAGTACCACTG_011,189
ATCAGCATTAAGTACCACTG_012,94
ATCAGCATTAAGTACCACTG_013,94
ATCAGCATTAAGTACCACTG_014,162
ATCAGCATTAAGTACCACTG_015,174
ATCAGCATTAAGTACCACTG_016,158
ATCAGCATTAAGTACCACTG_017,44
ATCAGCATTAAGTACCACTG_018,43
ATCAGCATTAAGTACCACTG_019,180
ATCAGCATTAAGTACCACTG_020,180
ATCAGCATTAAGTACCACTG_021,25
AGGCAAACTTAAGGTACCTG_001,176
AGGCAAACTTAAGGTACCTG_002,127
AGGCAAACTTAAGGTACCTG_003,145
AGGCAAACTTAAGGTACCTG_004,50
AGGCAAACTTAAGGTACCTG_005,160
AGGCAAACTTAAGGTACCTG_006,148
AGGCAAACTTAAGGTACCTG_007,156
AGGCAAACTTAAGGTACCTG_008,52
AGGCAAACTTAAGGTACCTG_009,56
AGGCAAACTTAAGGTACCTG_010,178
AGGCAAACTTAAGGTACCTG_011,27
AGGCAAACTTAAGGTACCTG_012,0
AGGCAAACTTAAGGTACCTG_013,148
AGGCAAACTTAAGGTACCTG_014,62
AGGCAAACTTAAGGTACCTG_015,80
AGGCAAACTTAAGGTACCTG_016,106
AGGCAAACTTAAGGTACCTG_017,149
AGGCAAACTTAAGGTACCTG_018,34
AGGCAAACTTAAGGTACCTG_019,89
GGCACTCGTCGGTAAGCAGG_001,120
GGCACTCGTCGGTAAGCAGG_002,127
GGCACTCGTCGGTAAGCAGG_003,125
GGCACTCGTCGGTAAGCAGG_004,48
GGCACTCGTCGGTAAGCAGG_005,83
GGCACTCGTCGGTAAGCAGG_006,99
GGCACTCGTCGGTAAGCAGG_007,171
GGCACTCGTCGGTAAGCAGG_008,186
GGCACTCGTCGGTAAGCAGG_009,191
GGCACTCGTCGGTAAGCAGG_010,63
GGCACTCGTCGGTAAGCAGG_011,38
GGCACTCGTCGGTAAGCAGG_012,188
GGCACTCGTCGGTAAGCAGG_013,28
TGTTCTCGGAGTCTAGCGCA_001,68
TGTTCTCGGAGTCTAGCGCA_002,179
AAGGGCATTAGGAAAACGCT_001,48
AAGGGCATTAGGAAAACGCT_002,92
AAGGGCATTAGGAAAACGCT_003,88
AAGGGCATTAGGAAAACGCT_004,134
AAGGGCATTAGGAAAACGCT_005,31
AAGGGCATTAGGAAAACGCT_006,80
AAGGGCATTAGGAAAACGCT_007,108
AAGGGCATTAGGAAAACGCT_008,108
AAGGGCATTAGGAAAACGCT_009,32
AAGGGCATTAGGAAAACGCT_010,169
AAGGGCATTAGGAAAACGCT_011,34
AAGGGCATTAGGAAAACGCT_012,39
AAGGGCATTAGGAAAACGCT_013,134
AAGGGCATTAGGAAAACGCT_014,175
AAGGGCATTAGGAAAACGCT_015,149
TAAGGTGAAAACAATTTCAG_001,154
TAAGGTGAAAACAATTTCAG_002,58
TAAGGTGAAAACAATTTCAG_003,83
TAAGGTGAAAACAATTTCAG_004,160
TAAGGTGAAAACAATTTCAG_005,186
TAAGGTGAAAACAATTTCAG_006,187
TAAGGTGAAAACAATTTCAG_007,148
TAAGGTGAAAACAATTTCAG_008,17
AGAGAAAGTGCACCTAGAGG_001,100
AGAGAAAGTGCACCTAGAGG_002,41
AGAGAAAGTGCACCTAGAGG_003,34
AGAGAAAGTGCACCTAGAGG_004,123
AGAGAAAGTGCACCTAGAGG_005,24
AGAGAAAGTGCACCTAGAGG_006,144
AGAGAAAGTGCACCTAGAGG_007,150
AGAGAAAGTGCACCTAGAGG_008,26
AGAGAAAGTGCACCTAGAGG_009,19
AGAGAAAGTGCACCTAGAGG_010,124
AGAGAAAGTGCACCTAGAGG_011,103
AGAGAAAGTGCACCTAGAGG_012,114
ATGGATTGCCTACCTTCTTC_001,9
ATGGATTGCCTACCTTCTTC_002,101
ATGGATTGCCTACCTTCTTC_003,160
ATGGATTGCCTACCTTCTTC_004,177
ATGGATTGCCTACCTTCTTC_005,86
ATGGATTGCCTACCTTCTTC_006,198
ATGGATTGCCTACCTTCTTC_007,17
ATGGATTGCCTACCTTCTTC_008,76
ATGGATTGCCTACCTTCTTC_009,117
ATGGATTGCCTACCTTCTTC_010,34
ATGGATTGCCTACCTTCTTC_011,153
ATGGATTGCCTACCTTCTTC_012,15
ATGGATTGCCTACCTTCTTC_013,77
ATCCGCTGTACTTTGCCCGG_001,188
ATCCGCTGTACTTTGCCCGG_002,130
GATACTGATCTGCTTCGCCG_001,57
GATACTGATCTGCTTCGCCG_002,111
GATACTGATCTGCTTCGCCG_003,119
GATACTGATCTGCTTCGCCG_004,154
GATACTGATCTGCTTCGCCG_005,45
GATACTGATCTGCTTCGCCG_006,5
GATACTGATCTGCTTCGCCG_007,13
GATACTGATCTGCTTCGCCG_008,68
GATACTGATCTGCTTCGCCG_009,88
GATACTGATCTGCTTCGCCG_010,40
GCCTGAGCAATACTGGAAGG_001,9
GCCTGAGCAATACTGGAAGG_002,158
GCCTGAGCAATACTGGAAGG_003,68
GCCTGAGCAATACTGGAAGG_004,12
GCCTGAGCAATACTGGAAGG_005,8
GCCTGAGCAATACTGGAAGG_006,142
CCAAGCGGGATAAGGATGCG_001,137
CCAAGCGGGATAAGGATGCG_002,180
ATGAACGAGTATGTTTGCAG_001,182
ATGAACGAGTATGTTTGCAG_002,19
AAACACACATAGTCAAAACA_001,191
AAACACACATAGTCAAAACA_002,131
AAACACACATAGTCAAAACA_003,146
AAACACACATAGTCAAAACA_004,172
AAACACACATAGTCAAAACA_005,34
AAACACACATAGTCAAAACA_006,177
AAACACACATAGTCAAAACA_007,158
AAACACACATAGTCAAAACA_008,41
AAACACACATAGTCAAAACA_009,89
CAAGCTGGACAGTAAAACGG_001,2
CAAGCTGGACAGTAAAACGG_002,181
CAAGCTGGACAGTAAAACGG_003,172
CAAGCTGGACAGTAAAACGG_004,65
CAAGCTGGACAGTAAAACGG_005,175
CAAGCTGGACAGTAAAACGG_006,0
CAAGCTGGACAGTAAAACGG_007,4
CAAGCTGGACAGTAAAACGG_008,38
CAAGCTGGACAGTAAAACGG_009,114
CAAGCTGGACAGTAAAACGG_010,123
CAAGCTGGACAGTAAAACGG_011,84
CAAGCTGGACAGTAAAACGG_012,26
AGGGACGTTGGTCGGCAACG_001,141
AGGGACGTTGGTCGGCAACG_002,104
AGGGACGTTGGTCGGCAACG_003,115
AGGGACGTTGGTCGGCAACG_004,112
AGGGACGTTGGTCGGCAACG_005,81
AGGGACGTTGGTCGGCAACG_006,141
AGGGACGTTGGTCGGCAACG_007,1
AGGGACGTTGGTCGGCAACG_008,17
AGGGACGTTGGTCGGCAACG_009,130
AGGGACGTTGGTCGGCAACG_010,137
GCTCAGCCAAGGGCTCGAAG_001,182
GCTCAGCCAAGGGCTCGAAG_002,115
GCTCAGCCAAGGGCTCGAAG_003,93
GCTCAGCCAAGGGCTCGAAG_004,53
GCTCAGCCAAGGGCTCGAAG_005,149
GCTCAGCCAAGGGCTCGAAG_006,72
ACAATGCTGTCTCCCCCCAG_001,138
ACAATGCTGTCTCCCCCCAG_002,9
ACAATGCTGTCTCCCCCCAG_003,58
ACAATGCTGTCTCCCCCCAG_004,6
ACAATGCTGTCTCCCCCCAG_005,105
ACAATGCTGTCTCCCCCCAG_006,100
ACAATGCTGTCTCCCCCCAG_007,16
ACAATGCTGTCTCCCCCCAG_008,168
ACAATGCTGTCTCCCCCCAG_009,177
AATAATGAGCATCTTAGCAT_001,191
AATAATGAGCATCTTAGCAT_002,113
AATAATGAGCATCTTAGCAT_003,157
AATAATGAGCATCTTAGCAT_004,178
AATAATGAGCATCTTAGCAT_005,36
AATAATGAGCATCTTAGCAT_006,151
AATAATGAGCATCTTAGCAT_007,172
AATAATGAGCATCTTAGCAT_008,73
AATAATGAGCATCTTAGCAT_009,73
AATAATGAGCATCTTAGCAT_010,105
AATAATGAGCATCTTAGCAT_011,48
AGAGCTGCGTCACCGCGAGT_001,27
AGAGCTGCGTCACCGCGAGT_002,133
AGAGCTGCGTCACCGCGAGT_003,50
AGAGCTGCGTCACCGCGAGT_004,19
AGAGCTGCGTCACCGCGAGT_005,194
AGAGCTGCGTCACCGCGAGT_006,19
AGAGCTGCGTCACCGCGAGT_007,19
TATGGCCCGAGTAGGAACGC_001,76
TATGGCCCGAGTAGGAACGC_002,15
TATGGCCCGAGTAGGAACGC_003,62
TATGGCCCGAGTAGGAACGC_004,26
TATGGCCCGAGTAGGAACGC_005,37
TATGGCCCGAGTAGGAACGC_006,87
TATGGCCCGAGTAGGAACGC_007,87
GCCGGCCAACTACAGCCAAG_001,127
GCCGGCCAACTACAGCCAAG_002,183
GCCGGCCAACTACAGCCAAG_003,44
GCCGGCCAACTACAGCCAAG_004,88
GCCGGCCAACTACAGCCAAG_005,76
GCCGGCCAACTACAGCCAAG_006,29
ATCTAAACACCCATCTGTAG_001,41
ATCTAAACACCCATCTGTAG_002,52
CCTCTACAACATCGTCAAGG_001,35
CCTCTACAACATCGTCAAGG_002,83
CCTCTACAACATCGTCAAGG_003,20
CCTCTACAACATCGTCAAGG_004,138
CAACACGGGATTATATGGAT_001,93
CAACACGGGATTATATGGAT_002,63
CAACACGGGATTATATGGAT_003,44
CAACACGGGATTATATGGAT_004,72
CAACACGGGATTATATGGAT_005,34
CTTACTCAGGCGGCCGCCCG_001,92
CTTACTCAGGCGGCCGCCCG_002,147
CTTACTCAGGCGGCCGCCCG_003,154
CTTACTCAGGCGGCCGCCCG_004,147
CTTACTCAGGCGGCCGCCCG_005,150
CTTACTCAGGCGGCCGCCCG_006,82
CTTACTCAGGCGGCCGCCCG_007,95
CTTACTCAGGCGGCCGCCCG_008,175
CTTACTCAGGCGGCCGCCCG_009,38
CTTACTCAGGCGGCCGCCCG_010,82
CTTACTCAGGCGGCCGCCCG_011,1
CTTACTCAGGCGGCCGCCCG_012,115
CTTACTCAGGCGGCCGCCCG_013,104
CTTACTCAGGCGGCCGCCCG_014,117
CTTACTCAGGCGGCCGCCCG_015,9
CTTACTCAGGCGGCCGCCCG_016,52
CTTACTCAGGCGGCCGCCCG_017,56
CTTACTCAGGCGGCCGCCCG_018,8
GTTTCCCTGGATAAACACAG_001,105
GTTTCCCTGGATAAACACAG_002,120
GTTTCCCTGGATAAACACAG_003,16
GTTTCCCTGGATAAACACAG_004,58
GTTTCCCTGGATAAACACAG_005,120
GTTTCCCTGGATAAACACAG_006,151
GTTTCCCTGGATAAACACAG_007,160
GTTTCCCTGGATAAACACAG_008,61
GTTTCCCTGGATAAACACAG_009,193
GTTTCCCTGGATAAACACAG_010,167
AATCAATACACAGGAACCTG_001,166
AATCAATACACAGGAACCTG_002,146
AATCAATACACAGGAACCTG_003,48
AATCAATACACAGGAACCTG_004,135
AATCAATACACAGGAACCTG_005,70
AATCAATACACAGGAACCTG_006,69
ATGAAAAGGGATGTCCAGGA_001,144
ATGAAAAGGGATGTCCAGGA_002,140
ATGAAAAGGGATGTCCAGGA_003,115
ATGAAAAGGGATGTCCAGGA_004,146
ATGAAAAGGGATGTCCAGGA_005,115
ATGAAAAGGGATGTCCAGGA_006,117
ATGAAAAGGGATGTCCAGGA_007,169
ATGAAAAGGGATGTCCAGGA_008,144
ATGAAAAGGGATGTCCAGGA_009,20
ATGAAAAGGGATGTCCAGGA_010,27
ATGAAAAGGGATGTCCAGGA_011,197
ATGAAAAGGGATGTCCAGGA_012,54
ATGAAAAGGGATGTCCAGGA_013,170
ATGAAAAGGGATGTCCAGGA_014,102
ATGAAAAGGGATGTCCAGGA_015,94
ATGAAAAGGGATGTCCAGGA_016,51
ATGAAAAGGGATGTCCAGGA_017,11
ATGAAAAGGGATGTCCAGGA_018,137
ATGAAAAGGGATGTCCAGGA_019,199
GCAGTCAATGTACTGTGCCT_001,57
GCAGTCAATGTACTGTGCCT_002,188
GCAGTCAATGTACTGTGCCT_003,42
GCAGTCAATGTACTGTGCCT_004,83
GCAGTCAATGTACTGTGCCT_005,160
GCAGTCAATGTACTGTGCCT_006,132
GCAGTCAATGTACTGTGCCT_007,17
GCAGTCAATGTACTGTGCCT_008,184
GCAGTCAATGTACTGTGCCT_009,172
GCAGTCAATGTACTGTGCCT_010,142
CGAATGCCCCGGCATCACGC_001,154
CGAATGCCCCGGCATCACGC_002,115
CGAATGCCCCGGCATCACGC_003,50
CGAATGCCCCGGCATCACGC_004,93
CGAATGCCCCGGCATCACGC_005,163
CGAATGCCCCGGCATCACGC_006,126
CGAATGCCCCGGCATCACGC_007,6
CGAATGCCCCGGCATCACGC_008,17
CGAATGCCCCGGCATCACGC_009,192
CGAATGCCCCGGCATCACGC_010,148
CGAATGCCCCGGCATCACGC_011,172
CGAATGCCCCGGCATCACGC_012,169
CGGTAGGAGCACGTTTGCCG_001,12
CGGTAGGAGCACGTTTGCCG_002,42
CGGTAGGAGCACGTTTGCCG_003,92
CGGTAGGAGCACGTTTGCCG_004,187
CGGTAGGAGCACGTTTGCCG_005,145
CGGTAGGAGCACGTTTGCCG_006,19
CGGTAGGAGCACGTTTGCCG_007,58
CGGTAGGAGCACGTTTGCCG_008,0
GAGGACTTGGGAAATTCAAG_001,129
GAGGACTTGGGAAATTCAAG_002,111
GAGGACTTGGGAAATTCAAG_003,31
GAGGACTTGGGAAATTCAAG_004,61
GAGGACTTGGGAAATTCAAG_005,133
GAGGACTTGGGAAATTCAAG_006,191
GAGGACTTGGGAAATTCAAG_007,50
GAGGACTTGGGAAATTCAAG_008,124
GAGGACTTGGGAAATTCAAG_009,17
GAGAGTGCGCCTTGATAGTA_001,130
GAGAGTGCGCCTTGATAGTA_002,17
GAGAGTGCGCCTTGATAGTA_003,196
GAGAGTGCGCCTTGATAGTA_004,140
GAGAGTGCGCCTTGATAGTA_005,10
GAGAGTGCGCCTTGATAGTA_006,153
GAGAGTGCGCCTTGATAGTA_007,172
GAGAGTGCGCCTTGATAGTA_008,163
GAGAGTGCGCCTTGATAGTA_009,68
GAGAGTGCGCCTTGATAGTA_010,120
GAGAGTGCGCCTTGATAGTA_011,57
GTTGATGGCTGAATCCCATC_001,161
GTTGATGGCTGAATCCCATC_002,7
GTTGATGGCTGAATCCCATC_003,0
GTTGATGGCTGAATCCCATC_004,195
GTTGATGGCTGAATCCCATC_005,55
CCGGGAGACTAGAATCCACT_001,158
CCGGGAGACTAGAATCCACT_002,74
CCGGGAGACTAGAATCCACT_003,158
CCGGGAGACTAGAATCCACT_004,127
CCGGGAGACTAGAATCCACT_005,183
CCGGGAGACTAGAATCCACT_006,142
CCGGGAGACTAGAATCCACT_007,57
CCGGGAGACTAGAATCCACT_008,62
CCGGGAGACTAGAATCCACT_009,175
CCGGGAGACTAGAATCCACT_010,50
CCGGGAGACTAGAATCCACT_011,148
CCGGGAGACTAGAATCCACT_012,72
CCGGGAGACTAGAATCCACT_013,181
CCGGGAGACTAGAATCCACT_014,151
CCGGGAGACTAGAATCCACT_015,180
CCGGGAGACTAGAATCCACT_016,99
CCGGGAGACTAGAATCCACT_017,48
CCGGGAGACTAGAATCCACT_018,10
CCGGGAGACTAGAATCCACT_019,101
CCGGGAGACTAGAATCCACT_020,56
CATGTGGATAAAGCCGTCAG_001,48
CATGTGGATAAAGCCGTCAG_002,184
CATGTGGATAAAGCCGTCAG_003,152
CATGTGGATAAAGCCGTCAG_004,26
CATGTGGATAAAGCCGTCAG_005,96
CATGTGGATAAAGCCGTCAG_006,98
CATGTGGATAAAGCCGTCAG_007,156
CATGTGGATAAAGCCGTCAG_008,162
CATGTGGATAAAGCCGTCAG_009,77
CATGTGGATAAAGCCGTCAG_010,77
GAGATTTCACGTAACGACGA_001,145
TAATACTCTGCATGATGGGG_001,50
TAATACTCTGCATGATGGGG_002,127
TAATACTCTGCATGATGGGG_003,127
TAATACTCTGCATGATGGGG_004,137
TTACACCTACAACAATCTGT_001,51
TTACACCTACAACAATCTGT_002,104
TTACACCTACAACAATCTGT_003,194
TTACACCTACAACAATCTGT_004,9
TTACACCTACAACAATCTGT_005,175
TTACACCTACAACAATCTGT_006,184
TTACACCTACAACAATCTGT_007,29
TTACACCTACAACAATCTGT_008,166
TCTTCCCAGGAACACCATGG_001,57
TCTTCCCAGGAACACCATGG_002,169
TCTTCCCAGGAACACCATGG_003,195
TGTATCGACCAGAATCGTGA_001,102
TGTATCGACCAGAATCGTGA_002,193
TGTATCGACCAGAATCGTGA_003,147
TGTATCGACCAGAATCGTGA_004,169
TGTATCGACCAGAATCGTGA_005,85
TGTATCGACCAGAATCGTGA_006,116
TGTATCGACCAGAATCGTGA_007,106
TGTATCGACCAGAATCGTGA_008,81
TGTATCGACCAGAATCGTGA_009,2
TGTATCGACCAGAATCGTGA_010,177
TGTATCGACCAGAATCGTGA_011,74
TGTATCGACCAGAATCGTGA_012,115
TGTATCGACCAGAATCGTGA_013,57
TGTATCGACCAGAATCGTGA_014,57
TCCTCATGTCGTCCTACAGT_001,158
TCCTCATGTCGTCCTACAGT_002,58
TCCTCATGTCGTCCTACAGT_003,83
AACTATGTCTTCAAGCACAG_001,199
AACTATGTCTTCAAGCACAG_002,157
AACTATGTCTTCAAGCACAG_003,63
AACTATGTCTTCAAGCACAG_004,126
AACTATGTCTTCAAGCACAG_005,78
AACTATGTCTTCAAGCACAG_006,94
CTGCGCGCACCATCCCAGGG_001,141
CTGCGCGCACCATCCCAGGG_002,102
CTGCGCGCACCATCCCAGGG_003,103
CTGCGCGCACCATCCCAGGG_004,77
CTGCGCGCACCATCCCAGGG_005,38
CTGCGCGCACCATCCCAGGG_006,0
CTGCGCGCACCATCCCAGGG_007,26
CCCAGGATCACTTACAAAGA_001,196
CCCAGGATCACTTACAAAGA_002,102
GGGCCTACGATCAGAGGTGT_001,28
GGGCCTACGATCAGAGGTGT_002,192
GGGCCTACGATCAGAGGTGT_003,58
GGGCCTACGATCAGAGGTGT_004,127
GGGCCTACGATCAGAGGTGT_005,115
GGGCCTACGATCAGAGGTGT_006,189
GGGCCTACGATCAGAGGTGT_007,102
GGGCCTACGATCAGAGGTGT_008,95
GGGCCTACGATCAGAGGTGT_009,137
GGGCCTACGATCAGAGGTGT_010,75
GGGCCTACGATCAGAGGTGT_011,162
GGGCCTACGATCAGAGGTGT_012,33
GGGCCTACGATCAGAGGTGT_013,99
GGGCCTACGATCAGAGGTGT_014,28
GGGCCTACGATCAGAGGTGT_015,78
GGGCCTACGATCAGAGGTGT_016,169
GGGCCTACGATCAGAGGTGT_017,157
GGGCCTACGATCAGAGGTGT_018,10
GGGCCTACGATCAGAGGTGT_019,94
GGGCCTACGATCAGAGGTGT_020,106
CATCCTCCTGTGCTACACCA_001,28
CATCCTCCTGTGCTACACCA_002,191
CATCCTCCTGTGCTACACCA_003,127
CATCCTCCTGTGCTACACCA_004,88
CATCCTCCTGTGCTACACCA_005,151
CATCCTCCTGTGCTACACCA_006,84
CATCCTCCTGTGCTACACCA_007,169
CATCCTCCTGTGCTACACCA_008,72
CATCCTCCTGTGCTACACCA_009,102
ACATCGGACTTAGCATCCAG_001,160
ACATCGGACTTAGCATCCAG_002,26
ACATCGGACTTAGCATCCAG_003,9
ACATCGGACTTAGCATCCAG_004,77
ACATCGGACTTAGCATCCAG_005,174
ACATCGGACTTAGCATCCAG_006,9
ACATCGGACTTAGCATCCAG_007,8
ACATCGGACTTAGCATCCAG_008,10
ACATCGGACTTAGCATCCAG_009,198
ACATCGGACTTAGCATCCAG_010,115
ACATCGGACTTAGCATCCAG_011,197
AAGTCTACGGATAAGACATG_001,119
AAGTCTACGGATAAGACATG_002,172
AAGTCTACGGATAAGACATG_003,148
AAGTCTACGGATAAGACATG_004,117
AAGTCTACGGATAAGACATG_005,174
AAGTCTACGGATAAGACATG_006,128
AAGTCTACGGATAAGACATG_007,119
AAGTCTACGGATAAGACATG_008,84
AAGTCTACGGATAAGACATG_009,187
AAGTCTACGGATAAGACATG_010,88
AAGTCTACGGATAAGACATG_011,144
TACCTTGCAAATAATCTGCG_001,50
TACCTTGCAAATAATCTGCG_002,65
TACCTTGCAAATAATCTGCG_003,88
TACCTTGCAAATAATCTGCG_004,118
TACCTTGCAAATAATCTGCG_005,159
TACCTTGCAAATAATCTGCG_006,174
GCCCACACGGCTGTCGCTGT_001,17
GCCCACACGGCTGTCGCTGT_002,6
GCCCACACGGCTGTCGCTGT_003,168
GCCCACACGGCTGTCGCTGT_004,3
GCCCACACGGCTGTCGCTGT_005,31
GCCCACACGGCTGTCGCTGT_006,152
GCCCACACGGCTGTCGCTGT_007,89
TGTCGACAGAAAAATGACTC_001,69
TGTCGACAGAAAAATGACTC_002,77
TGTCGACAGAAAAATGACTC_003,137
TGTCGACAGAAAAATGACTC_004,144
TGTCGACAGAAAAATGACTC_005,0
TGTCGACAGAAAAATGACTC_006,121
TGTCGACAGAAAAATGACTC_007,191
TAGTTAATTACTACGAAGCT_001,44
CGGAAAGCGCCAGGCACGAC_001,170
CGGAAAGCGCCAGGCACGAC_002,147
CGGAAAGCGCCAGGCACGAC_003,116
CGGAAAGCGCCAGGCACGAC_004,58
CGGAAAGCGCCAGGCACGAC_005,112
CGGAAAGCGCCAGGCACGAC_006,138
CGGAAAGCGCCAGGCACGAC_007,78
CGGAAAGCGCCAGGCACGAC_008,180
TCAAAGCCTAAAAAGCAATG_001,26
TCAAAGCCTAAAAAGCAATG_002,94
TCAAAGCCTAAAAAGCAATG_003,164
TCAAAGCCTAAAAAGCAATG_004,57
TCAAAGCCTAAAAAGCAATG_005,183
TCAAAGCCTAAAAAGCAATG_006,126
GCAACTCTTCGTGAAACCTA_001,54
GCAACTCTTCGTGAAACCTA_002,141
GCAACTCTTCGTGAAACCTA_003,157
GCAACTCTTCGTGAAACCTA_004,6
GCAACTCTTCGTGAAACCTA_005,74
GGAGGATGCCAATCACACAC_001,12
GGAGGATGCCAATCACACAC_002,29
GGAGGATGCCAATCACACAC_003,6
GGAGGATGCCAATCACACAC_004,197
GGAGGATGCCAATCACACAC_005,154
GGAGGATGCCAATCACACAC_006,137
GGAGGATGCCAATCACACAC_007,149
GGAGGATGCCAATCACACAC_008,166
GGAGGATGCCAATCACACAC_009,177
GGAGGATGCCAATCACACAC_010,177
GGAGGATGCCAATCACACAC_011,126
GGAGGATGCCAATCACACAC_012,62
CATGGTTTGTGATGATCCGG_001,14
CATGGTTTGTGATGATCCGG_002,93
CATGGTTTGTGATGATCCGG_003,41
CATGGTTTGTGATGATCCGG_004,168
GCTGTTGTAACGGTAGATAT_001,146
GCTGTTGTAACGGTAGATAT_002,107
GCTGTTGTAACGGTAGATAT_003,117
GCTGTTGTAACGGTAGATAT_004,29
GCTGTTGTAACGGTAGATAT_005,41
GCTGTTGTAACGGTAGATAT_006,108
GCTGTTGTAACGGTAGATAT_007,161
GCTGTTGTAACGGTAGATAT_008,116
GCTGTTGTAACGGTAGATAT_009,62
GCTGTTGTAACGGTAGATAT_010,86
GCTGTTGTAACGGTAGATAT_011,91
TGTCAGGAAGTTCGTATGAG_001,153
GGCAAAATCTGACTTCACCA_001,40
GGCAAAATCTGACTTCACCA_002,125
GGCAAAATCTGACTTCACCA_003,68
GGCAAAATCTGACTTCACCA_004,116
GGCAAAATCTGACTTCACCA_005,94
GGCAAAATCTGACTTCACCA_006,62
GGCAAAATCTGACTTCACCA_007,70
GGCAAAATCTGACTTCACCA_008,108
TTTATCCACAAGTCCTAGTG_001,107
TTTATCCACAAGTCCTAGTG_002,172
TTTATCCACAAGTCCTAGTG_003,101
TTTATCCACAAGTCCTAGTG_004,123
TTTATCCACAAGTCCTAGTG_005,160
TTTATCCACAAGTCCTAGTG_006,113
TTTATCCACAAGTCCTAGTG_007,83
TTTATCCACAAGTCCTAGTG_008,110
TTTATCCACAAGTCCTAGTG_009,160
TTTATCCACAAGTCCTAGTG_010,166
TTTATCCACAAGTCCTAGTG_011,50
TTTATCCACAAGTCCTAGTG_012,164
TTTATCCACAAGTCCTAGTG_013,50
TTTATCCACAAGTCCTAGTG_014,152
TATCATAATAGATCCTCCAT_001,127
TATCATAATAGATCCTCCAT_002,45
TATCATAATAGATCCTCCAT_003,85
TATCATAATAGATCCTCCAT_004,57
TATCATAATAGATCCTCCAT_005,116
AAGGGAGAGAAGCTTCCCAA_001,127
AAGGGAGAGAAGCTTCCCAA_002,104
AAGGGAGAGAAGCTTCCCAA_003,198
AAGGGAGAGAAGCTTCCCAA_004,155
CTCAGCTGAAGCATCAGGTA_001,191
CTCAGCTGAAGCATCAGGTA_002,133
CTCAGCTGAAGCATCAGGTA_003,15
CTCAGCTGAAGCATCAGGTA_004,36
CTCAGCTGAAGCATCAGGTA_005,119
CTCAGCTGAAGCATCAGGTA_006,158
CTCAGCTGAAGCATCAGGTA_007,115
CTCAGCTGAAGCATCAGGTA_008,47
CTCAGCTGAAGCATCAGGTA_009,6
CTCAGCTGAAGCATCAGGTA_010,169
CTCAGCTGAAGCATCAGGTA_011,138
CTCAGCTGAAGCATCAGGTA_012,174
CTCAGCTGAAGCATCAGGTA_013,40
CTCAGCTGAAGCATCAGGTA_014,127
CTCAGCTGAAGCATCAGGTA_015,144
CTCAGCTGAAGCATCAGGTA_016,164
CTCAGCTGAAGCATCAGGTA_017,56
CTCAGCTGAAGCATCAGGTA_018,112
CTCAGCTGAAGCATCAGGTA_019,2
CTCAGCTGAAGCATCAGGTA_020,12
AAGGTGTAAATCGGCCAGCT_001,12
CAGGTCCCAGATGTGTACGG_001,199
CAGGTCCCAGATGTGTACGG_002,106
CAGGTCCCAGATGTGTACGG_003,115
CAGGTCCCAGATGTGTACGG_004,170
CAGGTCCCAGATGTGTACGG_005,98
CAGGTCCCAGATGTGTACGG_006,37
CAGGTCCCAGATGTGTACGG_007,12
CAGGTCCCAGATGTGTACGG_008,82
CAGGTCCCAGATGTGTACGG_009,33
CAGGTCCCAGATGTGTACGG_010,12
CAGGTCCCAGATGTGTACGG_011,28
CAGGTCCCAGATGTGTACGG_012,184
CAGGTCCCAGATGTGTACGG_013,16
CAGGTCCCAGATGTGTACGG_014,150
ACAGTTTCCAGAGAGAACAC_001,32
ACAGTTTCCAGAGAGAACAC_002,88
ACAGTTTCCAGAGAGAACAC_003,1
ACAGTTTCCAGAGAGAACAC_004,132
ACAGTTTCCAGAGAGAACAC_005,147
ACAGTTTCCAGAGAGAACAC_006,182
ACAGTTTCCAGAGAGAACAC_007,98
ACAGTTTCCAGAGAGAACAC_008,62
ACAGTTTCCAGAGAGAACAC_009,129
ACAGTTTCCAGAGAGAACAC_010,58
ACAGTTTCCAGAGAGAACAC_011,107
ACAGTTTCCAGAGAGAACAC_012,188
ACAGTTTCCAGAGAGAACAC_013,105
ACAGTTTCCAGAGAGAACAC_014,39
ACAGTTTCCAGAGAGAACAC_015,6
ACAGTTTCCAGAGAGAACAC_016,3
GACAATGACCATGCCAGAGA_001,178
GACAATGACCATGCCAGAGA_002,64
GACAATGACCATGCCAGAGA_003,178
GACAATGACCATGCCAGAGA_004,16
GACAATGACCATGCCAGAGA_005,23
GACAATGACCATGCCAGAGA_006,140
GACAATGACCATGCCAGAGA_007,197
ATGGCATCGTCAAAGCATTG_001,65
ATGGCATCGTCAAAGCATTG_002,188
ATGGCATCGTCAAAGCATTG_003,47
ATGGCATCGTCAAAGCATTG_004,178
ATGGCATCGTCAAAGCATTG_005,149
ATGGCATCGTCAAAGCATTG_006,107
ATGGCATCGTCAAAGCATTG_007,53
ATGGCATCGTCAAAGCATTG_008,36
ATGGCATCGTCAAAGCATTG_009,40
ATGGCATCGTCAAAGCATTG_010,78
ATGGCATCGTCAAAGCATTG_011,138
CCTTTAAAACTGGAATACAC_001,157
CCTTTAAAACTGGAATACAC_002,88
CCTTTAAAACTGGAATACAC_003,140
CAGTGCAGACTTCCTAACGT_001,43
CAGTGCAGACTTCCTAACGT_002,112
CAGTGCAGACTTCCTAACGT_003,15
CAGTGCAGACTTCCTAACGT_004,12
CAGTGCAGACTTCCTAACGT_005,61
CAGTGCAGACTTCCTAACGT_006,49
CAGTGCAGACTTCCTAACGT_007,179
CAGTGCAGACTTCCTAACGT_008,59
CAGTGCAGACTTCCTAACGT_009,176
CTACATCGACAACCTCATGG_001,166
CTACATCGACAACCTCATGG_002,62
CTACATCGACAACCTCATGG_003,42
CTACATCGACAACCTCATGG_004,77
CTACATCGACAACCTCATGG_005,168
CTACATCGACAACCTCATGG_006,15
CTACATCGACAACCTCATGG_007,144
CTACATCGACAACCTCATGG_008,88
CTACATCGACAACCTCATGG_009,176
CTACATCGACAACCTCATGG_010,68
CTACATCGACAACCTCATGG_011,88
TTACGTACAGAAATTGGTCA_001,45
AACACATCCAGTTAAAACTG_001,168
AACACATCCAGTTAAAACTG_002,8
AACACATCCAGTTAAAACTG_003,141
AACACATCCAGTTAAAACTG_004,188
AACACATCCAGTTAAAACTG_005,183
AACACATCCAGTTAAAACTG_006,182
AACACATCCAGTTAAAACTG_007,127
AACACATCCAGTTAAAACTG_008,130
AACACATCCAGTTAAAACTG_009,72
AACACATCCAGTTAAAACTG_010,141
AACACATCCAGTTAAAACTG_011,149
AACACATCCAGTTAAAACTG_012,127
AACACATCCAGTTAAAACTG_013,62
AACACATCCAGTTAAAACTG_014,13
AACACATCCAGTTAAAACTG_015,140
AACACATCCAGTTAAAACTG_016,161
GAAAAGCAGGGCAGGTCCGA_001,137
GAAAAGCAGGGCAGGTCCGA_002,164
GAAAAGCAGGGCAGGTCCGA_003,164
GAAAAGCAGGGCAGGTCCGA_004,70
GAAAAGCAGGGCAGGTCCGA_005,155
GAAAAGCAGGGCAGGTCCGA_006,1
GAAAAGCAGGGCAGGTCCGA_007,89
GAAAAGCAGGGCAGGTCCGA_008,190
GAAAAGCAGGGCAGGTCCGA_009,13
GTGCCGAGAGTCTGGACGCG_001,41
GTGCCGAGAGTCTGGACGCG_002,15
GTGCCGAGAGTCTGGACGCG_003,196
GTGCCGAGAGTCTGGACGCG_004,54
GTGCCGAGAGTCTGGACGCG_005,127
GTGCCGAGAGTCTGGACGCG_006,48
GTGCCGAGAGTCTGGACGCG_007,72
GTGCCGAGAGTCTGGACGCG_008,15
GTGCCGAGAGTCTGGACGCG_009,130
GTGCCGAGAGTCTGGACGCG_010,48
GTGCCGAGAGTCTGGACGCG_011,39
GTGCCGAGAGTCTGGACGCG_012,179
CCAGTTACATCAGTCGTGCC_001,96
CCAGTTACATCAGTCGTGCC_002,170
CGACTACGCCTACATGCTGG_001,169
CGACTACGCCTACATGCTGG_002,166
CGACTACGCCTACATGCTGG_003,80
TGTGCATCGGATGTTCTACG_001,137
TGTGCATCGGATGTTCTACG_002,35
TAGGTATGAGAATTGCCCCA_001,77
TAGGTATGAGAATTGCCCCA_002,124
TAGGTATGAGAATTGCCCCA_003,191
GGTGAAGAAAGGATCCACCG_001,14
GGTGAAGAAAGGATCCACCG_002,75
GGTGAAGAAAGGATCCACCG_003,94
GGTGAAGAAAGGATCCACCG_004,115
GGTGAAGAAAGGATCCACCG_005,160
GGTGAAGAAAGGATCCACCG_006,153
GGTGAAGAAAGGATCCACCG_007,41
GGTGAAGAAAGGATCCACCG_008,173
GGTGAAGAAAGGATCCACCG_009,57
GGTGAAGAAAGGATCCACCG_010,114
CTAGGAGGAAGACAATGTGT_001,5
CTAGGAGGAAGACAATGTGT_002,9
CTAGGAGGAAGACAATGTGT_003,67
CTAGGAGGAAGACAATGTGT_004,150
CTAGGAGGAAGACAATGTGT_005,177
CTAGGAGGAAGACAATGTGT_006,169
AGAAAAAGTGATCTACTTGG_001,148
AGAAAAAGTGATCTACTTGG_002,78
AAACATTTGGTGGTCAACAT_001,187
AAACATTTGGTGGTCAACAT_002,64
AAACATTTGGTGGTCAACAT_003,121
AAACATTTGGTGGTCAACAT_004,116
AAACATTTGGTGGTCAACAT_005,76
AAACATTTGGTGGTCAACAT_006,14
AAACATTTGGTGGTCAACAT_007,56
AAACATTTGGTGGTCAACAT_008,116
AAACATTTGGTGGTCAACAT_009,112
AAACATTTGGTGGTCAACAT_010,107
AAACATTTGGTGGTCAACAT_011,73
AAACATTTGGTGGTCAACAT_012,155
AAACATTTGGTGGTCAACAT_013,19
AAACATTTGGTGGTCAACAT_014,141
AAACATTTGGTGGTCAACAT_015,198
AGAGAACGGTTCACTACCAG_001,51
AGAGAACGGTTCACTACCAG_002,2
AGAGAACGGTTCACTACCAG_003,77
AGAGAACGGTTCACTACCAG_004,138
AGAGAACGGTTCACTACCAG_005,24
AGAGAACGGTTCACTACCAG_006,31
AGAGAACGGTTCACTACCAG_007,65
AGAGAACGGTTCACTACCAG_008,86
AGAGAACGGTTCACTACCAG_009,83
AGAGAACGGTTCACTACCAG_010,148
AGAGAACGGTTCACTACCAG_011,27
AGAGAACGGTTCACTACCAG_012,166
AGAGAACGGTTCACTACCAG_013,161
AGAGAACGGTTCACTACCAG_014,188
AGAGAACGGTTCACTACCAG_015,94
AGAGAACGGTTCACTACCAG_016,144
AGAGAACGGTTCACTACCAG_017,140
AGAGCGTGCAGATAATGACA_001,29
AGAGCGTGCAGATAATGACA_002,8
ATCTCCTACACAGCCGACAT_001,196
ATCTCCTACACAGCCGACAT_002,161
ATCTCCTACACAGCCGACAT_003,121
ATCTCCTACACAGCCGACAT_004,40
ATCTCCTACACAGCCGACAT_005,103
ATCTCCTACACAGCCGACAT_006,194
ATCTCCTACACAGCCGACAT_007,50
ATCTCCTACACAGCCGACAT_008,169
ATCTCCTACACAGCCGACAT_009,15
CAGGGAAGAACCTTGTGTGT_001,71
CAGGGAAGAACCTTGTGTGT_002,67
CAGGGAAGAACCTTGTGTGT_003,139
CAGGGAAGAACCTTGTGTGT_004,175
CAGGGAAGAACCTTGTGTGT_005,70
CAGGGAAGAACCTTGTGTGT_006,142
CAGGGAAGAACCTTGTGTGT_007,68
CAGGGAAGAACCTTGTGTGT_008,10
GACGCACCCCAACATCGACA_001,144
GACGCACCCCAACATCGACA_002,31
GACGCACCCCAACATCGACA_003,14
GACGCACCCCAACATCGACA_004,176
GACGCACCCCAACATCGACA_005,162
GACGCACCCCAACATCGACA_006,162
GACGCACCCCAACATCGACA_007,118
GACGCACCCCAACATCGACA_008,68
GACGCACCCCAACATCGACA_009,192
GACGCACCCCAACATCGACA_010,91
GACGCACCCCAACATCGACA_011,118
GACGCACCCCAACATCGACA_012,100
GACGCACCCCAACATCGACA_013,17
GACGCACCCCAACATCGACA_014,56
GACGCACCCCAACATCGACA_015,50
GACGCACCCCAACATCGACA_016,61
GACGCACCCCAACATCGACA_017,172
GACGCACCCCAACATCGACA_018,178
GACGCACCCCAACATCGACA_019,40
GACGCACCCCAACATCGACA_020,59
GACGCACCCCAACATCGACA_021,119
GACGCACCCCAACATCGACA_022,160
GACGCACCCCAACATCGACA_023,77
GACGCACCCCAACATCGACA_024,124
GACGCACCCCAACATCGACA_025,35
GACGCACCCCAACATCGACA_026,57
GACGCACCCCAACATCGACA_027,160
GACGCACCCCAACATCGACA_028,148
GCGTATGGGCACGGTGACAG_001,42
GCGTATGGGCACGGTGACAG_002,170
GCGTATGGGCACGGTGACAG_003,10
GCGTATGGGCACGGTGACAG_004,66
GCGTATGGGCACGGTGACAG_005,111
GCGTATGGGCACGGTGACAG_006,188
GCGTATGGGCACGGTGACAG_007,16
GCGTATGGGCACGGTGACAG_008,57
GGTGACCACGTCGCACACGT_001,48
GGTGACCACGTCGCACACGT_002,159
GGTGACCACGTCGCACACGT_003,172
GGTGACCACGTCGCACACGT_004,48
GGTGACCACGTCGCACACGT_005,12
GGTGACCACGTCGCACACGT_006,18
GGTGACCACGTCGCACACGT_007,3
AGAGAACTAAAAGAATGCTG_001,133
AGAGAACTAAAAGAATGCTG_002,130
AGAGAACTAAAAGAATGCTG_003,85
AGAGAACTAAAAGAATGCTG_004,36
AGAGAACTAAAAGAATGCTG_005,0
AGAGAACTAAAAGAATGCTG_006,93
AGAGAACTAAAAGAATGCTG_007,121
AGAGAACTAAAAGAATGCTG_008,159
AGAGAACTAAAAGAATGCTG_009,62
GCCGCTCTTCGTCTACTCCG_001,39
GCCGCTCTTCGTCTACTCCG_002,169
GCCGCTCTTCGTCTACTCCG_003,143
GCCGCTCTTCGTCTACTCCG_004,158
GCCGCTCTTCGTCTACTCCG_005,88
GCCGCTCTTCGTCTACTCCG_006,52
GCCGCTCTTCGTCTACTCCG_007,54
GCCGCTCTTCGTCTACTCCG_008,187
GCCGCTCTTCGTCTACTCCG_009,15
GCCGCTCTTCGTCTACTCCG_010,109
TGAACAGACCACTGGCCTTG_001,145
TGAACAGACCACTGGCCTTG_002,58
TGAACAGACCACTGGCCTTG_003,47
TGAACAGACCACTGGCCTTG_004,175
TGAACAGACCACTGGCCTTG_005,166
TGAACAGACCACTGGCCTTG_006,142
TGAACAGACCACTGGCCTTG_007,0
TGAACAGACCACTGGCCTTG_008,158
TGAACAGACCACTGGCCTTG_009,132
TGAACAGACCACTGGCCTTG_010,178
TGAACAGACCACTGGCCTTG_011,108
TGAACAGACCACTGGCCTTG_012,11
TGAACAGACCACTGGCCTTG_013,85
TGAACAGACCACTGGCCTTG_014,198
TGAACAGACCACTGGCCTTG_015,102
TGAACAGACCACTGGCCTTG_016,120
TGAACAGACCACTGGCCTTG_017,46
TGAACAGACCACTGGCCTTG_018,0
TGTGCCCCAGAATCAAACAA_001,21
TGTGCCCCAGAATCAAACAA_002,39
TGTGCCCCAGAATCAAACAA_003,114
TGTGCCCCAGAATCAAACAA_004,28
TTTGTGCAGTTATGCCAGCA_001,149
TTTGTGCAGTTATGCCAGCA_002,115
TTTGTGCAGTTATGCCAGCA_003,83
TTTGTGCAGTTATGCCAGCA_004,144
TTTGTGCAGTTATGCCAGCA_005,1
TTTGTGCAGTTATGCCAGCA_006,60
TTTGTGCAGTTATGCCAGCA_007,65
TTTGTGCAGTTATGCCAGCA_008,60
TTTGTGCAGTTATGCCAGCA_009,4
TGCCGTGCCCATGAAAGCAG_001,152
TGCCGTGCCCATGAAAGCAG_002,124
TGCCGTGCCCATGAAAGCAG_003,41
TGCCGTGCCCATGAAAGCAG_004,34
TGCCGTGCCCATGAAAGCAG_005,172
TGCCGTGCCCATGAAAGCAG_006,182
TGCCGTGCCCATGAAAGCAG_007,194
TGCCGTGCCCATGAAAGCAG_008,127
TGCCGTGCCCATGAAAGCAG_009,41
TGCCGTGCCCATGAAAGCAG_010,50
TGCCGTGCCCATGAAAGCAG_011,105
TGCCGTGCCCATGAAAGCAG_012,36
TGCCGTGCCCATGAAAGCAG_013,3
TGCCGTGCCCATGAAAGCAG_014,140
TGCCGTGCCCATGAAAGCAG_015,98
TGCCGTGCCCATGAAAGCAG_016,168
TGCCGTGCCCATGAAAGCAG_017,8
TGCCGTGCCCATGAAAGCAG_018,23
TGCCGTGCCCATGAAAGCAG_019,172
TGCCGTGCCCATGAAAGCAG_020,150
TGCCGTGCCCATGAAAGCAG_021,35
AGATGTCTAACGATAAGGAG_001,143
AGATGTCTAACGATAAGGAG_002,143
TGTGGTGGTATCGCACACGG_001,105
TGTGGTGGTATCGCACACGG_002,88
TGTGGTGGTATCGCACACGG_003,42
TGTGGTGGTATCGCACACGG_004,36
TGTGGTGGTATCGCACACGG_005,42
TGCTCGTCCATCAAGCCAAG_001,25
TGCTCGTCCATCAAGCCAAG_002,193
TGCTCGTCCATCAAGCCAAG_003,121
TGCTCGTCCATCAAGCCAAG_004,22
TGCTCGTCCATCAAGCCAAG_005,182
TGCTCGTCCATCAAGCCAAG_006,0
CATCTATCGACTACCTACGC_001,58
CATCTATCGACTACCTACGC_002,190
CATCTATCGACTACCTACGC_003,132
CATCTATCGACTACCTACGC_004,113
AAGACAGACATGAAGCAAGT_001,134
AGTTTGTTCTACTACATTTG_001,119
AGTTTGTTCTACTACATTTG_002,27
AGTTTGTTCTACTACATTTG_003,22
AGTTTGTTCTACTACATTTG_004,71
AGTTTGTTCTACTACATTTG_005,176
AGTTTGTTCTACTACATTTG_006,67
AGTTTGTTCTACTACATTTG_007,146
AGTTTGTTCTACTACATTTG_008,15
AGTTTGTTCTACTACATTTG_009,170
AGTTTGTTCTACTACATTTG_010,77
ACTGACCATTCAGAACAGAC_001,88
CCGCTGCTCGATGAGCGCTG_001,127
CCGCTGCTCGATGAGCGCTG_002,159
CCGCTGCTCGATGAGCGCTG_003,20
CCGCTGCTCGATGAGCGCTG_004,21
CCGCTGCTCGATGAGCGCTG_005,4
CCGCTGCTCGATGAGCGCTG_006,60
CCGCTGCTCGATGAGCGCTG_007,127
CCGCTGCTCGATGAGCGCTG_008,73
CCGCTGCTCGATGAGCGCTG_009,21
CCGCTGCTCGATGAGCGCTG_010,50
CCGCTGCTCGATGAGCGCTG_011,145
CCGCTGCTCGATGAGCGCTG_012,54
CCGCTGCTCGATGAGCGCTG_013,199
CCGCTGCTCGATGAGCGCTG_014,7
CCGCTGCTCGATGAGCGCTG_015,48
CCGCTGCTCGATGAGCGCTG_016,175
CCGCTGCTCGATGAGCGCTG_017,166
CCGCTGCTCGATGAGCGCTG_018,91
CTCCACGTTGAAACCAACAG_001,113
CTCCACGTTGAAACCAACAG_002,27
CTCCACGTTGAAACCAACAG_003,18
CTCCACGTTGAAACCAACAG_004,148
CTCCACGTTGAAACCAACAG_005,127
CTCCACGTTGAAACCAACAG_006,38
CTCCACGTTGAAACCAACAG_007,56
CTCCACGTTGAAACCAACAG_008,176
CTCCACGTTGAAACCAACAG_009,161
CTCCACGTTGAAACCAACAG_010,77
CTCCACGTTGAAACCAACAG_011,106
AAAATGGAGAAAGGTACACT_001,88
AAAATGGAGAAAGGTACACT_002,144
AAAATGGAGAAAGGTACACT_003,26
AAAATGGAGAAAGGTACACT_004,115
CCATACTCAATGGCTGCTTG_001,41
CCATACTCAATGGCTGCTTG_002,53
CCATACTCAATGGCTGCTTG_003,53
CCATACTCAATGGCTGCTTG_004,121
CCATACTCAATGGCTGCTTG_005,188
CCATACTCAATGGCTGCTTG_006,0
GTGACAGGTTGAACAAGCCA_001,145
GTGACAGGTTGAACAAGCCA_002,159
GTGACAGGTTGAACAAGCCA_003,129
GTGACAGGTTGAACAAGCCA_004,58
GTGACAGGTTGAACAAGCCA_005,160
GTGACAGGTTGAACAAGCCA_006,41
GTGACAGGTTGAACAAGCCA_007,7
GTGACAGGTTGAACAAGCCA_008,68
TACTCTCCGTACCACGGGCG_001,130
TACTCTCCGTACCACGGGCG_002,191
TACTCTCCGTACCACGGGCG_003,58
TCTTGGTGTACTTGTAAAGT_001,2
TCTTGGTGTACTTGTAAAGT_002,171
TCTTGGTGTACTTGTAAAGT_003,88
GAGCAATGGTGGCCAGGCTC_001,153
GAGCAATGGTGGCCAGGCTC_002,52
GAGCAATGGTGGCCAGGCTC_003,119
GAGCAATGGTGGCCAGGCTC_004,183
GAGCAATGGTGGCCAGGCTC_005,80
ACAGATCCCTTATTCAGCAG_001,172
ACAGATCCCTTATTCAGCAG_002,98
ACAGATCCCTTATTCAGCAG_003,144
ACAGATCCCTTATTCAGCAG_004,34
ACAGATCCCTTATTCAGCAG_005,115
ACAGATCCCTTATTCAGCAG_006,159
CCAACCCTGGATATCCGGGG_001,140
CCAACCCTGGATATCCGGGG_002,118
CCAACCCTGGATATCCGGGG_003,52
CCAACCCTGGATATCCGGGG_004,166
CCAACCCTGGATATCCGGGG_005,1
CCAACCCTGGATATCCGGGG_006,181
CCAACCCTGGATATCCGGGG_007,45
CCAACCCTGGATATCCGGGG_008,94
CCAACCCTGGATATCCGGGG_009,148
ATGGCGGTTATGATCGCCAG_001,147
GGGGCAGGTAATGAAAGCAT_001,192
GGGGCAGGTAATGAAAGCAT_002,160
GGGGCAGGTAATGAAAGCAT_003,67
ATAGCTATTGGATGGGCCCG_001,182
ATAGCTATTGGATGGGCCCG_002,125
ATAGCTATTGGATGGGCCCG_003,34
ATAGCTATTGGATGGGCCCG_004,96
ATAGCTATTGGATGGGCCCG_005,33
GTACTTAGCACCAACCAGAA_001,184
GTACTTAGCACCAACCAGAA_002,157
GTACTTAGCACCAACCAGAA_003,49
GTACTTAGCACCAACCAGAA_004,174
GTACTTAGCACCAACCAGAA_005,16
GTACTTAGCACCAACCAGAA_006,144
GTACTTAGCACCAACCAGAA_007,8
GTACTTAGCACCAACCAGAA_008,49
TCAAGCTCAGATGTCTAAGG_001,35
TCAAGCTCAGATGTCTAAGG_002,88
TCAAGCTCAGATGTCTAAGG_003,103
TCAAGCTCAGATGTCTAAGG_004,4
TCAAGCTCAGATGTCTAAGG_005,197
TCAAGCTCAGATGTCTAAGG_006,76
TTTGTCGATGTTCAGGAACG_001,34
TTTGTCGATGTTCAGGAACG_002,185
TTTGTCGATGTTCAGGAACG_003,137
TTTGTCGATGTTCAGGAACG_004,12
TTTGTCGATGTTCAGGAACG_005,176
TTTGTCGATGTTCAGGAACG_006,48
TTTGTCGATGTTCAGGAACG_007,191
TTTGTCGATGTTCAGGAACG_008,24
TTTGTCGATGTTCAGGAACG_009,65
TTTGTCGATGTTCAGGAACG_010,5
TTTGTCGATGTTCAGGAACG_011,168
TTTGTCGATGTTCAGGAACG_012,63
TTTGTCGATGTTCAGGAACG_013,103
TTTGTCGATGTTCAGGAACG_014,98
TTTGTCGATGTTCAGGAACG_015,61
TTTGTCGATGTTCAGGAACG_016,77
TTGTTGATGAGGGTCCCCAC_001,45
TTGTTGATGAGGGTCCCCAC_002,107
TTGTTGATGAGGGTCCCCAC_003,20
TTGTTGATGAGGGTCCCCAC_004,120
TTGTTGATGAGGGTCCCCAC_005,81
TTGTTGATGAGGGTCCCCAC_006,197
TTGTTGATGAGGGTCCCCAC_007,181
TTGTTGATGAGGGTCCCCAC_008,17
TTGTTGATGAGGGTCCCCAC_009,40
CAGCGCAGCACCAGTCACGG_001,70
CAGCGCAGCACCAGTCACGG_002,105
CAGCGCAGCACCAGTCACGG_003,185
CAGCGCAGCACCAGTCACGG_004,176
CAGCGCAGCACCAGTCACGG_005,2
CAGCGCAGCACCAGTCACGG_006,169
CAGCGCAGCACCAGTCACGG_007,19
CAGCGCAGCACCAGTCACGG_008,153
CAGCGCAGCACCAGTCACGG_009,174
CAGCGCAGCACCAGTCACGG_010,117
CAGCGCAGCACCAGTCACGG_011,88
CAGCGCAGCACCAGTCACGG_012,58
CAGCGCAGCACCAGTCACGG_013,58
CAGCGCAGCACCAGTCACGG_014,141
CAGCGCAGCACCAGTCACGG_015,62
CAGCGCAGCACCAGTCACGG_016,22
CAGCGCAGCACCAGTCACGG_017,104
CAGCGCAGCACCAGTCACGG_018,140
CAGCGCAGCACCAGTCACGG_019,73
CAGCGCAGCACCAGTCACGG_020,148
CAGCGCAGCACCAGTCACGG_021,81
CAGCGCAGCACCAGTCACGG_022,127
CAGCGCAGCACCAGTCACGG_023,112
CAGCGCAGCACCAGTCACGG_024,70
CAGCGCAGCACCAGTCACGG_025,168
CAGCGCAGCACCAGTCACGG_026,1
CAGCGCAGCACCAGTCACGG_027,50
CAGCGCAGCACCAGTCACGG_028,18
CAGCGCAGCACCAGTCACGG_029,70
CAGCGCAGCACCAGTCACGG_030,76
CAGCGCAGCACCAGTCACGG_031,41
GGTCATCCTGCGGATCAACC_001,45
GGTCATCCTGCGGATCAACC_002,122
GGTCATCCTGCGGATCAACC_003,11
CAGCATCGTGAGTGGTACGT_001,1
CAGCATCGTGAGTGGTACGT_002,102
CAGCATCGTGAGTGGTACGT_003,117
CAGCATCGTGAGTGGTACGT_004,3
CAGCATCGTGAGTGGTACGT_005,58
CAGCATCGTGAGTGGTACGT_006,58
CAGCATCGTGAGTGGTACGT_007,88
CAGCATCGTGAGTGGTACGT_008,43
CAGCATCGTGAGTGGTACGT_009,144
CAGCATCGTGAGTGGTACGT_010,77
CAGCATCGTGAGTGGTACGT_011,57
CAGCATCGTGAGTGGTACGT_012,1
CAGCATCGTGAGTGGTACGT_013,45
CAGCATCGTGAGTGGTACGT_014,82
CAGCATCGTGAGTGGTACGT_015,177
CAGCATCGTGAGTGGTACGT_016,52
CAGCATCGTGAGTGGTACGT_017,155
CAGCATCGTGAGTGGTACGT_018,0
CAGCATCGTGAGTGGTACGT_019,28
CAGCATCGTGAGTGGTACGT_020,168
CAGCATCGTGAGTGGTACGT_021,15
CAGCATCGTGAGTGGTACGT_022,11
CAGCATCGTGAGTGGTACGT_023,91
AAGGTGAGGACGATCAGGAT_001,41
AAGGTGAGGACGATCAGGAT_002,149
AAGGTGAGGACGATCAGGAT_003,56
AAGGTGAGGACGATCAGGAT_004,70
AAGGTGAGGACGATCAGGAT_005,105
AAGGTGAGGACGATCAGGAT_006,107
AAGGTGAGGACGATCAGGAT_007,186
AAGGTGAGGACGATCAGGAT_008,55
AAGGTGAGGACGATCAGGAT_009,38
AAGGTGAGGACGATCAGGAT_010,150
AAGGTGAGGACGATCAGGAT_011,59
AAGGTGAGGACGATCAGGAT_012,118
AAGGTGAGGACGATCAGGAT_013,113
AAGGTGAGGACGATCAGGAT_014,48
AAGGTGAGGACGATCAGGAT_015,138
AAGGTGAGGACGATCAGGAT_016,50
AAGGTGAGGACGATCAGGAT_017,2
AAGGTGAGGACGATCAGGAT_018,176
AAGGTGAGGACGATCAGGAT_019,41
AAGGTGAGGACGATCAGGAT_020,95
AAGGTGAGGACGATCAGGAT_021,20
AAGGTGAGGACGATCAGGAT_022,120
AAGGTGAGGACGATCAGGAT_023,116
AAGGTGAGGACGATCAGGAT_024,94
AAGGTGAGGACGATCAGGAT_025,110
AAGGTGAGGACGATCAGGAT_026,124
AAGGTGAGGACGATCAGGAT_027,28
AAGGTGAGGACGATCAGGAT_028,185
AAGGTGAGGACGATCAGGAT_029,2
AAGGTGAGGACGATCAGGAT_030,186
AAGGTGAGGACGATCAGGAT_031,15
AAGGTGAGGACGATCAGGAT_032,81
AAGGTGAGGACGATCAGGAT_033,191
AAGGTGAGGACGATCAGGAT_034,192
AAGGTGAGGACGATCAGGAT_035,162
AAGGTGAGGACGATCAGGAT_036,162
AAGGTGAGGACGATCAGGAT_037,199
AAGGTGAGGACGATCAGGAT_038,89
AAGGTGAGGACGATCAGGAT_039,148
AAGGTGAGGACGATCAGGAT_040,184
AAGGTGAGGACGATCAGGAT_041,88
AAGGTGAGGACGATCAGGAT_042,118
ATACAGCGCCTAATATGATA_001,29
ATACAGCGCCTAATATGATA_002,6
GGTGCTTAGCTCTGCGCACA_001,68
GGTGCTTAGCTCTGCGCACA_002,1
GGTGCTTAGCTCTGCGCACA_003,37
GGTGCTTAGCTCTGCGCACA_004,134
GGTGCTTAGCTCTGCGCACA_005,41
GGTGCTTAGCTCTGCGCACA_006,85
GGTGCTTAGCTCTGCGCACA_007,193
GGTGCTTAGCTCTGCGCACA_008,188
GGTGCTTAGCTCTGCGCACA_009,175
GGTGCTTAGCTCTGCGCACA_010,77
GGTGCTTAGCTCTGCGCACA_011,72
GGTGCTTAGCTCTGCGCACA_012,15
GGTGCTTAGCTCTGCGCACA_013,124
AGTTGCGCAAGTTGACAGCG_001,191
AGTTGCGCAAGTTGACAGCG_002,126
AGTTGCGCAAGTTGACAGCG_003,177
AGTTGCGCAAGTTGACAGCG_004,60
AGTTGCGCAAGTTGACAGCG_005,42
AGTTGCGCAAGTTGACAGCG_006,192
AGTTGCGCAAGTTGACAGCG_007,187
AGTTGCGCAAGTTGACAGCG_008,85
AGTTGCGCAAGTTGACAGCG_009,12
CAGCTGAGGCACTCCCAGTG_001,149
CAGCTGAGGCACTCCCAGTG_002,113
CAGCTGAGGCACTCCCAGTG_003,166
CAGCTGAGGCACTCCCAGTG_004,188
CAGCTGAGGCACTCCCAGTG_005,47
CAGCTGAGGCACTCCCAGTG_006,190
CAGCTGAGGCACTCCCAGTG_007,160
CAGCTGAGGCACTCCCAGTG_008,159
CAGCTGAGGCACTCCCAGTG_009,65
CAGCTGAGGCACTCCCAGTG_010,178
CAGCTGAGGCACTCCCAGTG_011,108
CAGCTGAGGCACTCCCAGTG_012,162
CAGCTGAGGCACTCCCAGTG_013,74
CAGCTGAGGCACTCCCAGTG_014,121
CAGCTGAGGCACTCCCAGTG_015,191
CAGCTGAGGCACTCCCAGTG_016,162
CAGCTGAGGCACTCCCAGTG_017,84
CAGCTGAGGCACTCCCAGTG_018,132
CAGCTGAGGCACTCCCAGTG_019,149
CAGCTGAGGCACTCCCAGTG_020,197
CAGCTGAGGCACTCCCAGTG_021,145
CAGCTGAGGCACTCCCAGTG_022,81
CAGCTGAGGCACTCCCAGTG_023,48
CAGCTGAGGCACTCCCAGTG_024,51
CAGCTGAGGCACTCCCAGTG_025,102
CGTCCACAGCAGGATCAGTA_001,116
CGTCCACAGCAGGATCAGTA_002,170
CGTCCACAGCAGGATCAGTA_003,40
CGTCCACAGCAGGATCAGTA_004,169
CGTCCACAGCAGGATCAGTA_005,134
TCTACAGGATTATCCTCAGG_001,4
TCCAGACTCACCGTGCTGAG_001,56
TCCAGACTCACCGTGCTGAG_002,119
TCCAGACTCACCGTGCTGAG_003,72
ATAACGTTCAAAGACTCCGA_001,145
ATAACGTTCAAAGACTCCGA_002,56
ATAACGTTCAAAGACTCCGA_003,180
ATAACGTTCAAAGACTCCGA_004,180
ATAACGTTCAAAGACTCCGA_005,127
ATAACGTTCAAAGACTCCGA_006,168
ATAACGTTCAAAGACTCCGA_007,15
ATAACGTTCAAAGACTCCGA_008,121
CATCTGCAGGTACATAGCCG_001,191
CATCTGCAGGTACATAGCCG_002,85
CATCTGCAGGTACATAGCCG_003,19
CATCTGCAGGTACATAGCCG_004,50
CATCTGCAGGTACATAGCCG_005,188
CATCTGCAGGTACATAGCCG_006,146
CATCTGCAGGTACATAGCCG_007,77
CATCTGCAGGTACATAGCCG_008,16
CATCTGCAGGTACATAGCCG_009,162
CATCTGCAGGTACATAGCCG_010,115
CATCTGCAGGTACATAGCCG_011,94
CATCTGCAGGTACATAGCCG_012,106
CATCTGCAGGTACATAGCCG_013,170
CATCTGCAGGTACATAGCCG_014,198
AAACCTTCGAAAATGAAACG_001,55
AAACCTTCGAAAATGAAACG_002,178
AAACCTTCGAAAATGAAACG_003,63
AAACCTTCGAAAATGAAACG_004,106
CAGGTGACGCAGCCTCCCCC_001,129
CAGGTGACGCAGCCTCCCCC_002,197
CAGGTGACGCAGCCTCCCCC_003,99
CAGGTGACGCAGCCTCCCCC_004,122
TTTCTGAAAACAACCGACGT_001,150
TTTCTGAAAACAACCGACGT_002,60
TTTCTGAAAACAACCGACGT_003,15
TTTCTGAAAACAACCGACGT_004,81
TTTCTGAAAACAACCGACGT_005,58
TTTCTGAAAACAACCGACGT_006,169
TTTCTGAAAACAACCGACGT_007,46
TTTCTGAAAACAACCGACGT_008,145
TTTCTGAAAACAACCGACGT_009,9
TTTCTGAAAACAACCGACGT_010,63
CCTCGACATAGAGTTAATGT_001,55
CCTCGACATAGAGTTAATGT_002,70
CCTCGACATAGAGTTAATGT_003,43
CCTCGACATAGAGTTAATGT_004,45
CCTCGACATAGAGTTAATGT_005,40
AGCTGATGTGCATTAGCACT_001,116
AGCTGATGTGCATTAGCACT_002,37
AGCTGATGTGCATTAGCACT_003,72
AGCTGATGTGCATTAGCACT_004,40
AGCTGATGTGCATTAGCACT_005,61
AGCTGATGTGCATTAGCACT_006,133
AGCTGATGTGCATTAGCACT_007,61
AGCTGATGTGCATTAGCACT_008,5
AGCTGATGTGCATTAGCACT_009,63
AGCTGATGTGCATTAGCACT_010,141
AGCTGATGTGCATTAGCACT_011,51
AGCTGATGTGCATTAGCACT_012,6
AGCTGATGTGCATTAGCACT_013,165
AGCTGATGTGCATTAGCACT_014,180
AGCTGATGTGCATTAGCACT_015,15
CATACAACAGGTAGCCACGA_001,130
CATACAACAGGTAGCCACGA_002,77
CATACAACAGGTAGCCACGA_003,44
CATACAACAGGTAGCCACGA_004,130
CATACAACAGGTAGCCACGA_005,106
CATACAACAGGTAGCCACGA_006,0
CATACAACAGGTAGCCACGA_007,34
TTAGTGTGCTTCTAAAATTG_001,119
TTAGTGTGCTTCTAAAATTG_002,12
TTAGTGTGCTTCTAAAATTG_003,42
TTAGTGTGCTTCTAAAATTG_004,121
CATACACCATGTCCATAGAG_001,48
CATACACCATGTCCATAGAG_002,105
CCACAGCCGGACTATCCCAA_001,29
CCACAGCCGGACTATCCCAA_002,9
CCACAGCCGGACTATCCCAA_003,101
CCACAGCCGGACTATCCCAA_004,58
CCACAGCCGGACTATCCCAA_005,29
CCACAGCCGGACTATCCCAA_006,167
CCACAGCCGGACTATCCCAA_007,167
TATAACCTGCCAGTAAGATG_001,70
TATAACCTGCCAGTAAGATG_002,127
TATAACCTGCCAGTAAGATG_003,77
TATAACCTGCCAGTAAGATG_004,193
TATAACCTGCCAGTAAGATG_005,105
TATAACCTGCCAGTAAGATG_006,170
TATAACCTGCCAGTAAGATG_007,184
TATAACCTGCCAGTAAGATG_008,134
TATAACCTGCCAGTAAGATG_009,100
TATAACCTGCCAGTAAGATG_010,8
TATAACCTGCCAGTAAGATG_011,128
TATAACCTGCCAGTAAGATG_012,137
CAAGTGCAAGAGACAGCGGC_001,168
CAAGTGCAAGAGACAGCGGC_002,160
CAAGTGCAAGAGACAGCGGC_003,108
GATCCAAACAATGGTTCCGG_001,94
GATCCAAACAATGGTTCCGG_002,145
GATCCAAACAATGGTTCCGG_003,186
GATCCAAACAATGGTTCCGG_004,36
GATCCAAACAATGGTTCCGG_005,178
CTGGTAACGTTTCCTCCCAC_001,68
CTGGTAACGTTTCCTCCCAC_002,121
CTGGTAACGTTTCCTCCCAC_003,73
CTGGTAACGTTTCCTCCCAC_004,1
AACTCCATAGTACCCCACGA_001,155
AACTCCATAGTACCCCACGA_002,99
AACTCCATAGTACCCCACGA_003,29
AACTCCATAGTACCCCACGA_004,137
AACTCCATAGTACCCCACGA_005,165
AACTCCATAGTACCCCACGA_006,117
GGATCCTAGAGCGACCAGTG_001,133
GGATCCTAGAGCGACCAGTG_002,54
GGATCCTAGAGCGACCAGTG_003,189
ATTTAGATCATCACAAACTG_001,48
ATTTAGATCATCACAAACTG_002,15
ATTTAGATCATCACAAACTG_003,189
ATTTAGATCATCACAAACTG_004,135
ATTTAGATCATCACAAACTG_005,64
TGTAGATAAAGAAAGGCACG_001,1
TGTAGATAAAGAAAGGCACG_002,1
TGTAGATAAAGAAAGGCACG_003,46
TGTAGATAAAGAAAGGCACG_004,21
TGTAGATAAAGAAAGGCACG_005,19
TGTAGATAAAGAAAGGCACG_006,175
TGTAGATAAAGAAAGGCACG_007,102
TGTAGATAAAGAAAGGCACG_008,142
TGTAGATAAAGAAAGGCACG_009,75
AATGCGAGTGTATCCGCAGT_001,0
AATGCGAGTGTATCCGCAGT_002,62
AATGCGAGTGTATCCGCAGT_003,153
AATGCGAGTGTATCCGCAGT_004,182
AATGCGAGTGTATCCGCAGT_005,96
AATGCGAGTGTATCCGCAGT_006,14
AATGCGAGTGTATCCGCAGT_007,143
AATGCGAGTGTATCCGCAGT_008,71
AATGCGAGTGTATCCGCAGT_009,125
AATGCGAGTGTATCCGCAGT_010,108
AATGCGAGTGTATCCGCAGT_011,41
AATGCGAGTGTATCCGCAGT_012,43
AATGCGAGTGTATCCGCAGT_013,28
AATGCGAGTGTATCCGCAGT_014,94
AATGCGAGTGTATCCGCAGT_015,168
AATGCGAGTGTATCCGCAGT_016,184
AATGCGAGTGTATCCGCAGT_017,74
AATGCGAGTGTATCCGCAGT_018,146
AATGCGAGTGTATCCGCAGT_019,2
AATGCGAGTGTATCCGCAGT_020,107
AATGCGAGTGTATCCGCAGT_021,166
AATGCGAGTGTATCCGCAGT_022,57
AATGCGAGTGTATCCGCAGT_023,185
AATGCGAGTGTATCCGCAGT_024,70
AATGCGAGTGTATCCGCAGT_025,17
CGATCATGTCTGAATACTTG_001,9
CGATCATGTCTGAATACTTG_002,117
GACCCAGTAACCATCATGGA_001,174
GACCCAGTAACCATCATGGA_002,44
GACCCAGTAACCATCATGGA_003,64
GACCCAGTAACCATCATGGA_004,13
GACCCAGTAACCATCATGGA_005,194
GACCCAGTAACCATCATGGA_006,144
GACCCAGTAACCATCATGGA_007,199
GACCCAGTAACCATCATGGA_008,43
GACCCAGTAACCATCATGGA_009,178
GACCCAGTAACCATCATGGA_010,163
GACCCAGTAACCATCATGGA_011,94
GACCCAGTAACCATCATGGA_012,169
GACCCAGTAACCATCATGGA_013,153
GACCCAGTAACCATCATGGA_014,158
GACCCAGTAACCATCATGGA_015,41
GGAGCTGAAAGATCGCAAAG_001,157
GGAGCTGAAAGATCGCAAAG_002,22
GGAGCTGAAAGATCGCAAAG_003,130
GGAGCTGAAAGATCGCAAAG_004,23
GGAGCTGAAAGATCGCAAAG_005,77
CAGGATCCTTATGTGCACAA_001,8
ATGTGCAGGACTGCCAAGCG_001,9
ATGTGCAGGACTGCCAAGCG_002,137
ATGTGCAGGACTGCCAAGCG_003,109
ATGTGCAGGACTGCCAAGCG_004,109
ATGTGCAGGACTGCCAAGCG_005,84
ATGTGCAGGACTGCCAAGCG_006,110
ATGTGCAGGACTGCCAAGCG_007,198
ATGTGCAGGACTGCCAAGCG_008,173
ATGTGCAGGACTGCCAAGCG_009,130
ATGTGCAGGACTGCCAAGCG_010,155
ATGTGCAGGACTGCCAAGCG_011,166
ATGTGCAGGACTGCCAAGCG_012,57
ATGTGCAGGACTGCCAAGCG_013,29
ATGTGCAGGACTGCCAAGCG_014,122
ATGTGCAGGACTGCCAAGCG_015,170
ATGTGCAGGACTGCCAAGCG_016,54
ATGTGCAGGACTGCCAAGCG_017,184
ATGTGCAGGACTGCCAAGCG_018,147
ATGTGCAGGACTGCCAAGCG_019,115
ATGTGCAGGACTGCCAAGCG_020,148
ATGTGCAGGACTGCCAAGCG_021,116
ATGTGCAGGACTGCCAAGCG_022,110
ATGTGCAGGACTGCCAAGCG_023,15
ATGTGCAGGACTGCCAAGCG_024,83
ATGTGCAGGACTGCCAAGCG_025,47
CCAGCCTGCGTAATATCGAA_001,76
CCAGCCTGCGTAATATCGAA_002,110
CTCCAGGGATGCCGCCCATT_001,99
TGCAGGGCATGTGATATATG_001,123
TGCAGGGCATGTGATATATG_002,98
TGCAGGGCATGTGATATATG_003,106
AAGATGTCGCAAAGGCACTC_001,29
AAGATGTCGCAAAGGCACTC_002,105
AAGATGTCGCAAAGGCACTC_003,105
AAGATGTCGCAAAGGCACTC_004,85
AAGATGTCGCAAAGGCACTC_005,26
AAGATGTCGCAAAGGCACTC_006,191
AAGATGTCGCAAAGGCACTC_007,48
AAGATGTCGCAAAGGCACTC_008,88
AAGATGTCGCAAAGGCACTC_009,174
AAGATGTCGCAAAGGCACTC_010,112
AAGATGTCGCAAAGGCACTC_011,16
AAGATGTCGCAAAGGCACTC_012,82
AAGATGTCGCAAAGGCACTC_013,159
AAGATGTCGCAAAGGCACTC_014,50
AAGATGTCGCAAAGGCACTC_015,92
AAGATGTCGCAAAGGCACTC_016,16
AAGATGTCGCAAAGGCACTC_017,4
AAGATGTCGCAAAGGCACTC_018,182
AAGATGTCGCAAAGGCACTC_019,31
AAGATGTCGCAAAGGCACTC_020,178
AAGATGTCGCAAAGGCACTC_021,148
AAGATGTCGCAAAGGCACTC_022,19
AAGATGTCGCAAAGGCACTC_023,141
AAGATGTCGCAAAGGCACTC_024,76
AAGATGTCGCAAAGGCACTC_025,182
AAGATGTCGCAAAGGCACTC_026,86
AAGATGTCGCAAAGGCACTC_027,172
AAGATGTCGCAAAGGCACTC_028,61
AAGATGTCGCAAAGGCACTC_029,42
CCAAGGCTATGACACAAAGT_001,198
CCAAGGCTATGACACAAAGT_002,153
CCAAGGCTATGACACAAAGT_003,49
CTACAGCTATGGCTGTGCAG_001,192
CTACAGCTATGGCTGTGCAG_002,82
CTACAGCTATGGCTGTGCAG_003,177
CTACAGCTATGGCTGTGCAG_004,126
GGAGAATCTAAAGACGGACC_001,182
GGAGAATCTAAAGACGGACC_002,77
GGAGAATCTAAAGACGGACC_003,63
GGAGAATCTAAAGACGGACC_004,176
GGAGAATCTAAAGACGGACC_005,84
TGCAGCGGATAGTCAATCAG_001,6
TGCAGCGGATAGTCAATCAG_002,135
TGCAGCGGATAGTCAATCAG_003,82
TGCAGCGGATAGTCAATCAG_004,158
TGCAGCGGATAGTCAATCAG_005,88
TGCAGCGGATAGTCAATCAG_006,180
TGCAGCGGATAGTCAATCAG_007,39
CCAGCACGGGCAGCACGTGT_001,79
CCAGCACGGGCAGCACGTGT_002,88
CCAGCACGGGCAGCACGTGT_003,76
CCAGCACGGGCAGCACGTGT_004,38
CCAGCACGGGCAGCACGTGT_005,32
CCAGCACGGGCAGCACGTGT_006,88
GATGTACCTATGGTCCTAGT_001,183
CAGGGGGTCTTACCTTACAT_001,147
CAGGGGGTCTTACCTTACAT_002,199
CAGGGGGTCTTACCTTACAT_003,186
CAGGGGGTCTTACCTTACAT_004,65
CAGGGGGTCTTACCTTACAT_005,175
CAGGGGGTCTTACCTTACAT_006,13
CAGGGGGTCTTACCTTACAT_007,166
AGATTGGAATAGCACAAGTG_001,94
AGATTGGAATAGCACAAGTG_002,61
AGATTGGAATAGCACAAGTG_003,104
AGATTGGAATAGCACAAGTG_004,91
AGATTGGAATAGCACAAGTG_005,19
AGATTGGAATAGCACAAGTG_006,160
AGATTGGAATAGCACAAGTG_007,170
AGATTGGAATAGCACAAGTG_008,55
AGATTGGAATAGCACAAGTG_009,89
AGATTGGAATAGCACAAGTG_010,96
AGATTGGAATAGCACAAGTG_011,96
AGATTGGAATAGCACAAGTG_012,57
AGATTGGAATAGCACAAGTG_013,46
AGATTGGAATAGCACAAGTG_014,62
AGATTGGAATAGCACAAGTG_015,2
AGATTGGAATAGCACAAGTG_016,150
AGATTGGAATAGCACAAGTG_017,186
AGATTGGAATAGCACAAGTG_018,91
AGATTGGAATAGCACAAGTG_019,10
AGATTGGAATAGCACAAGTG_020,151
GGACTCCAAACCACTGCAGG_001,67
GGACTCCAAACCACTGCAGG_002,174
GGACTCCAAACCACTGCAGG_003,127
GGACTCCAAACCACTGCAGG_004,108
CAAAAACAAGGCATAGCAGG_001,36
CAAAAACAAGGCATAGCAGG_002,102
CAAAAACAAGGCATAGCAGG_003,88
CAAATGGAAGTCAATAGTCA_001,62
CAAATGGAAGTCAATAGTCA_002,2
CAAATGGAAGTCAATAGTCA_003,13
CAAATGGAAGTCAATAGTCA_004,69
CAAATGGAAGTCAATAGTCA_005,168
CAAATGGAAGTCAATAGTCA_006,48
CAAATGGAAGTCAATAGTCA_007,197
CAAATGGAAGTCAATAGTCA_008,82
CAAATGGAAGTCAATAGTCA_009,107
CAAATGGAAGTCAATAGTCA_010,22
AGCCCTGCCTGATGAGACAG_001,41
AGCCCTGCCTGATGAGACAG_002,107
AGCCCTGCCTGATGAGACAG_003,2
AGCCCTGCCTGATGAGACAG_004,141
AGCCCTGCCTGATGAGACAG_005,78
AGCCCTGCCTGATGAGACAG_006,106
AGCCCTGCCTGATGAGACAG_007,107
AGCCCTGCCTGATGAGACAG_008,94
AGCCCTGCCTGATGAGACAG_009,40
GCTATAGCGAGAGAAGAGTG_001,77
GCTATAGCGAGAGAAGAGTG_002,147
GCTATAGCGAGAGAAGAGTG_003,170
CTGAAGCATTTGTCAATACG_001,180
CTGAAGCATTTGTCAATACG_002,46
CTGAAGCATTTGTCAATACG_003,2
ACCTGTTCTCGCAGTTGACG_001,158
ACCTGTTCTCGCAGTTGACG_002,62
ACCTGTTCTCGCAGTTGACG_003,149
ACCTGTTCTCGCAGTTGACG_004,168
ACCTGTTCTCGCAGTTGACG_005,84
ACCTGTTCTCGCAGTTGACG_006,164
ACCTGTTCTCGCAGTTGACG_007,174
ACCTGTTCTCGCAGTTGACG_008,162
ACCTGTTCTCGCAGTTGACG_009,177
ACCTGTTCTCGCAGTTGACG_010,34
ACCTGTTCTCGCAGTTGACG_011,1
ACCTGTTCTCGCAGTTGACG_012,199
ACCTGTTCTCGCAGTTGACG_013,187
ACCTGTTCTCGCAGTTGACG_014,162
ACCTGTTCTCGCAGTTGACG_015,120
GCACGAACCCGACGAATCGG_001,150
GCACGAACCCGACGAATCGG_002,149
GCACGAACCCGACGAATCGG_003,108
GCACGAACCCGACGAATCGG_004,168
GCACGAACCCGACGAATCGG_005,190
GCACGAACCCGACGAATCGG_006,119
GCACGAACCCGACGAATCGG_007,71
GCACGAACCCGACGAATCGG_008,61
GCACGAACCCGACGAATCGG_009,193
GCACGAACCCGACGAATCGG_010,90
GCACGAACCCGACGAATCGG_011,43
GCACGAACCCGACGAATCGG_012,151
GGTACGGCTGACGCAGACCG_001,78
GGTACGGCTGACGCAGACCG_002,90
TGTTGATATAGCAATCACCG_001,3
AAAATCAACAGATTCCACAC_001,8
AAAATCAACAGATTCCACAC_002,70
AAAATCAACAGATTCCACAC_003,124
GTAGGTGAAGCAGCACTCTG_001,94
GTAGGTGAAGCAGCACTCTG_002,17
GTAGGTGAAGCAGCACTCTG_003,39
GTAGGTGAAGCAGCACTCTG_004,83
GTAGGTGAAGCAGCACTCTG_005,12
GTAGGTGAAGCAGCACTCTG_006,149
GTAGGTGAAGCAGCACTCTG_007,77
GTAGGTGAAGCAGCACTCTG_008,24
GTAGGTGAAGCAGCACTCTG_009,149
GTAGGTGAAGCAGCACTCTG_010,104
GTAGGTGAAGCAGCACTCTG_011,156
GTAGGTGAAGCAGCACTCTG_012,177
GTAGGTGAAGCAGCACTCTG_013,127
GTAGGTGAAGCAGCACTCTG_014,115
GTAGGTGAAGCAGCACTCTG_015,139
GTAGGTGAAGCAGCACTCTG_016,126
GTAGGTGAAGCAGCACTCTG_017,166
GTAGGTGAAGCAGCACTCTG_018,147
GTAGGTGAAGCAGCACTCTG_019,157
GTAGGTGAAGCAGCACTCTG_020,48
GTAGGTGAAGCAGCACTCTG_021,97
GTAGGTGAAGCAGCACTCTG_022,138
GTAGGTGAAGCAGCACTCTG_023,19
GTGGACCAGACTGACTGGTG_001,192
GTGGACCAGACTGACTGGTG_002,28
GTGGACCAGACTGACTGGTG_003,48
GTGGACCAGACTGACTGGTG_004,26
GTGGACCAGACTGACTGGTG_005,5
GTGGACCAGACTGACTGGTG_006,94
GTGGACCAGACTGACTGGTG_007,179
GTGGACCAGACTGACTGGTG_008,17
GTGGACCAGACTGACTGGTG_009,169
GTGGACCAGACTGACTGGTG_010,60
GTGGACCAGACTGACTGGTG_011,47
GTGGACCAGACTGACTGGTG_012,133
GTGGACCAGACTGACTGGTG_013,81
GTGGACCAGACTGACTGGTG_014,94
GTGGACCAGACTGACTGGTG_015,132
GTGGACCAGACTGACTGGTG_016,21
GTGGACCAGACTGACTGGTG_017,57
GTGGACCAGACTGACTGGTG_018,146
GTGGACCAGACTGACTGGTG_019,94
GTGGACCAGACTGACTGGTG_020,159
GTGGACCAGACTGACTGGTG_021,48
GTGGACCAGACTGACTGGTG_022,61
GTGGACCAGACTGACTGGTG_023,16
GTGGACCAGACTGACTGGTG_024,75
GTGGACCAGACTGACTGGTG_025,28
GTGGACCAGACTGACTGGTG_026,78
GTGGACCAGACTGACTGGTG_027,184
GTGGACCAGACTGACTGGTG_028,17
GTGGACCAGACTGACTGGTG_029,52
GTGGACCAGACTGACTGGTG_030,153
GTGGACCAGACTGACTGGTG_031,53
GTGGACCAGACTGACTGGTG_032,100
TTGCCCTCTCTACGTCACAA_001,56
TTGCCCTCTCTACGTCACAA_002,186
TTGCCCTCTCTACGTCACAA_003,97
TTGCCCTCTCTACGTCACAA_004,168
TTGCCCTCTCTACGTCACAA_005,6
GGTGCCGTGTATGTCTACTT_001,60
GGTGCCGTGTATGTCTACTT_002,194
GGTGCCGTGTATGTCTACTT_003,80
GGTGCCGTGTATGTCTACTT_004,145
GGTGGTGAGTGCTGTCTCGG_001,169
GGTGGTGAGTGCTGTCTCGG_002,129
GGTGGTGAGTGCTGTCTCGG_003,124
GGTGGTGAGTGCTGTCTCGG_004,85
GGTGGTGAGTGCTGTCTCGG_005,6
GGTGGTGAGTGCTGTCTCGG_006,41
GGTGGTGAGTGCTGTCTCGG_007,172
GGTGGTGAGTGCTGTCTCGG_008,100
GGTGGTGAGTGCTGTCTCGG_009,11
GGTGGTGAGTGCTGTCTCGG_010,96
GGTGGTGAGTGCTGTCTCGG_011,165
GGTGGTGAGTGCTGTCTCGG_012,70
GGTGGTGAGTGCTGTCTCGG_013,69
CCTTAAAGAAGCCCATCAGT_001,2
CCTTAAAGAAGCCCATCAGT_002,40
CCTTAAAGAAGCCCATCAGT_003,81
CCTTAAAGAAGCCCATCAGT_004,138
CCTTAAAGAAGCCCATCAGT_005,50
CCTTAAAGAAGCCCATCAGT_006,128
CCTTAAAGAAGCCCATCAGT_007,56
CCTTAAAGAAGCCCATCAGT_008,9
CCTTAAAGAAGCCCATCAGT_009,81
CTTACGTATAAGTTTAGGGA_001,134
TCATCTTCATAGGCGTTCAG_001,7
TCATCTTCATAGGCGTTCAG_002,146
TCATCTTCATAGGCGTTCAG_003,129
TCATCTTCATAGGCGTTCAG_004,113
TCATCTTCATAGGCGTTCAG_005,160
TCATCTTCATAGGCGTTCAG_006,181
TCATCTTCATAGGCGTTCAG_007,38
TCATCTTCATAGGCGTTCAG_008,136
GATCATCAGTCCATAGCACA_001,16
GATCATCAGTCCATAGCACA_002,133
GATCATCAGTCCATAGCACA_003,184
GATCATCAGTCCATAGCACA_004,75
GATCATCAGTCCATAGCACA_005,147
AGCCGAACAGAAGGTTACAT_001,121
AGCCGAACAGAAGGTTACAT_002,94
AGCCGAACAGAAGGTTACAT_003,49
AGCCGAACAGAAGGTTACAT_004,23
AGCCGAACAGAAGGTTACAT_005,9
AGCCGAACAGAAGGTTACAT_006,1
AGCCGAACAGAAGGTTACAT_007,61
AGCCGAACAGAAGGTTACAT_008,61
AGCCGAACAGAAGGTTACAT_009,13
GGGCTTTGGACTGTCTACAC_001,160
GGGCTTTGGACTGTCTACAC_002,172
GGGCTTTGGACTGTCTACAC_003,5
GGGCTTTGGACTGTCTACAC_004,158
GGGCTTTGGACTGTCTACAC_005,158
GGGCTTTGGACTGTCTACAC_006,3
GGGCTTTGGACTGTCTACAC_007,74
GGGCTTTGGACTGTCTACAC_008,61
GGGCTTTGGACTGTCTACAC_009,104
GGGCTTTGGACTGTCTACAC_010,136
GGGCTTTGGACTGTCTACAC_011,106
TCGACAGGCAGAGATACGGA_001,96
TCGACAGGCAGAGATACGGA_002,98
TCGACAGGCAGAGATACGGA_003,49
TCGACAGGCAGAGATACGGA_004,43
GAGGTAGAAGAACCCAGCTA_001,21
GAGGTAGAAGAACCCAGCTA_002,114
GAGGTAGAAGAACCCAGCTA_003,31
GAGGTAGAAGAACCCAGCTA_004,188
GAGGTAGAAGAACCCAGCTA_005,12
GAGGTAGAAGAACCCAGCTA_006,105
GAGGTAGAAGAACCCAGCTA_007,162
GAGGTAGAAGAACCCAGCTA_008,189
CAGCTGGGCATTGATAAGAG_001,68
CAGCTGGGCATTGATAAGAG_002,172
CAGCTGGGCATTGATAAGAG_003,130
CAGCTGGGCATTGATAAGAG_004,55
CAGCTGGGCATTGATAAGAG_005,5
CAGCTGGGCATTGATAAGAG_006,163
CAGCTGGGCATTGATAAGAG_007,163
CAGCTGGGCATTGATAAGAG_008,7
CAGCTGGGCATTGATAAGAG_009,108
CAGCTGGGCATTGATAAGAG_010,53
CAGCTGGGCATTGATAAGAG_011,49
CAGCTGGGCATTGATAAGAG_012,19
CAGCTGGGCATTGATAAGAG_013,177
CAGCTGGGCATTGATAAGAG_014,127
CAGCTGGGCATTGATAAGAG_015,48
CAGCTGGGCATTGATAAGAG_016,173
CAGCTGGGCATTGATAAGAG_017,173
CAGCTGGGCATTGATAAGAG_018,117
CAGCTGGGCATTGATAAGAG_019,147
CAGCTGGGCATTGATAAGAG_020,116
CAGCTGGGCATTGATAAGAG_021,9
CAGCTGGGCATTGATAAGAG_022,103
CAGCTGGGCATTGATAAGAG_023,199
CAGCTGGGCATTGATAAGAG_024,14
CAGCTGGGCATTGATAAGAG_025,81
CAGCTGGGCATTGATAAGAG_026,12
CAGCTGGGCATTGATAAGAG_027,79
CAGCTGGGCATTGATAAGAG_028,158
CAGCTGGGCATTGATAAGAG_029,118
CAGCTGGGCATTGATAAGAG_030,152
TGGGAGACACGGATGAGCTG_001,195
TGGGAGACACGGATGAGCTG_002,198
TGGGAGACACGGATGAGCTG_003,76
TGGGAGACACGGATGAGCTG_004,59
TGGGAGACACGGATGAGCTG_005,153
TGGGAGACACGGATGAGCTG_006,199
TGGGAGACACGGATGAGCTG_007,138
TGGGAGACACGGATGAGCTG_008,63
TGGGAGACACGGATGAGCTG_009,127
TGGGAGACACGGATGAGCTG_010,149
TGGGAGACACGGATGAGCTG_011,33
TGGGAGACACGGATGAGCTG_012,33
TGAGGTATATCCGATGTGCA_001,96
TGAGGTATATCCGATGTGCA_002,42
TGAGGTATATCCGATGTGCA_003,134
TGAGGTATATCCGATGTGCA_004,116
TGAGGTATATCCGATGTGCA_005,129
TGAGGTATATCCGATGTGCA_006,173
TGAGGTATATCCGATGTGCA_007,33
TGAGGTATATCCGATGTGCA_008,60
TGAGGTATATCCGATGTGCA_009,67
TGAGGTATATCCGATGTGCA_010,74
TGAGGTATATCCGATGTGCA_011,168
TGAGGTATATCCGATGTGCA_012,91
TGAGGTATATCCGATGTGCA_013,146
TGAGGTATATCCGATGTGCA_014,159
TGAGGTATATCCGATGTGCA_015,16
TGAGGTATATCCGATGTGCA_016,2
CAAAAGTGTCTGAAATCCCG_001,135
CAAAAGTGTCTGAAATCCCG_002,111
CAAAAGTGTCTGAAATCCCG_003,130
GTTACTATGTCATGTAGTGA_001,57
GTTACTATGTCATGTAGTGA_002,184
GTTACTATGTCATGTAGTGA_003,104
GTTACTATGTCATGTAGTGA_004,99
GTTACTATGTCATGTAGTGA_005,147
ATCGGACCCTGAATACCATG_001,184
ATCGGACCCTGAATACCATG_002,174
ATCGGACCCTGAATACCATG_003,48
ATCGGACCCTGAATACCATG_004,151
GCCGCTGGAAGGGCAACTTG_001,127
GCCGCTGGAAGGGCAACTTG_002,164
GCCGCTGGAAGGGCAACTTG_003,90
GCCGCTGGAAGGGCAACTTG_004,84
GCCGCTGGAAGGGCAACTTG_005,117
GCCGCTGGAAGGGCAACTTG_006,162
GCCGCTGGAAGGGCAACTTG_007,157
GCCGCTGGAAGGGCAACTTG_008,90
GCCGCTGGAAGGGCAACTTG_009,154
GCCGCTGGAAGGGCAACTTG_010,17
GCCGCTGGAAGGGCAACTTG_011,105
GCCGCTGGAAGGGCAACTTG_012,114
GCCGCTGGAAGGGCAACTTG_013,39
GCCGCTGGAAGGGCAACTTG_014,2
GCCGCTGGAAGGGCAACTTG_015,160
GCCGCTGGAAGGGCAACTTG_016,117
GCCGCTGGAAGGGCAACTTG_017,162
GGAGAGAATGCCTATCCTTG_001,89
TTGTGCATAAAGTAACCACT_001,97
TTGTGCATAAAGTAACCACT_002,97
TTGTGCATAAAGTAACCACT_003,186
TTGTGCATAAAGTAACCACT_004,17
TTGTGCATAAAGTAACCACT_005,105
TTGTGCATAAAGTAACCACT_006,15
TTGTGCATAAAGTAACCACT_007,171
TTGTGCATAAAGTAACCACT_008,115
TTGTGCATAAAGTAACCACT_009,3
CATCTCTTCGCACACCCATG_001,175
CATCTCTTCGCACACCCATG_002,118
CATCTCTTCGCACACCCATG_003,77
CATCTCTTCGCACACCCATG_004,76
CATCTCTTCGCACACCCATG_005,120
CATCTCTTCGCACACCCATG_006,144
CATCTCTTCGCACACCCATG_007,1
CATCTCTTCGCACACCCATG_008,37
CATCTCTTCGCACACCCATG_009,57
CATCTCTTCGCACACCCATG_010,75
CATCTCTTCGCACACCCATG_011,48
CATCTCTTCGCACACCCATG_012,8
CATCTCTTCGCACACCCATG_013,153
CATCTCTTCGCACACCCATG_014,196
CATCTCTTCGCACACCCATG_015,99
CATCTCTTCGCACACCCATG_016,169
CATCTCTTCGCACACCCATG_017,36
CATCTCTTCGCACACCCATG_018,65
TCACCTGTCTGTGGTCGCAG_001,147
TCACCTGTCTGTGGTCGCAG_002,195
TCACCTGTCTGTGGTCGCAG_003,54
TCACCTGTCTGTGGTCGCAG_004,53
TCACCTGTCTGTGGTCGCAG_005,107
TCACCTGTCTGTGGTCGCAG_006,73
TCACCTGTCTGTGGTCGCAG_007,102
TCACCTGTCTGTGGTCGCAG_008,77
TCACCTGTCTGTGGTCGCAG_009,85
TCACCTGTCTGTGGTCGCAG_010,199
TCACCTGTCTGTGGTCGCAG_011,157
TCACCTGTCTGTGGTCGCAG_012,88
TCACCTGTCTGTGGTCGCAG_013,175
TCACCTGTCTGTGGTCGCAG_014,1
TCACCTGTCTGTGGTCGCAG_015,43
TCACCTGTCTGTGGTCGCAG_016,82
TCACCTGTCTGTGGTCGCAG_017,19
TCACCTGTCTGTGGTCGCAG_018,105
TCACCTGTCTGTGGTCGCAG_019,106
TCACCTGTCTGTGGTCGCAG_020,82
TCACCTGTCTGTGGTCGCAG_021,72
TCACCTGTCTGTGGTCGCAG_022,47
TCACCTGTCTGTGGTCGCAG_023,22
TCACCTGTCTGTGGTCGCAG_024,165
TCACCTGTCTGTGGTCGCAG_025,125
TCACCTGTCTGTGGTCGCAG_026,78
TCACCTGTCTGTGGTCGCAG_027,185
TCACCTGTCTGTGGTCGCAG_028,40
TCACCTGTCTGTGGTCGCAG_029,45
TCACCTGTCTGTGGTCGCAG_030,13
TCACCTGTCTGTGGTCGCAG_031,147
TCACCTGTCTGTGGTCGCAG_032,50
TCACCTGTCTGTGGTCGCAG_033,154
GTAACACTAACCAAATCTGT_001,94
GTAACACTAACCAAATCTGT_002,144
GTAACACTAACCAAATCTGT_003,24
GTAACACTAACCAAATCTGT_004,82
GTAACACTAACCAAATCTGT_005,2
GTAACACTAACCAAATCTGT_006,47
GTGCCATCGAGCTCATAGAG_001,3
GTGCCATCGAGCTCATAGAG_002,8
GTGCCATCGAGCTCATAGAG_003,42
GTGCCATCGAGCTCATAGAG_004,145
GTGCCATCGAGCTCATAGAG_005,83
GTGCCATCGAGCTCATAGAG_006,70
GTGCCATCGAGCTCATAGAG_007,32
GTGTGCCTAGAGGAAATCGT_001,61
GTGTGCCTAGAGGAAATCGT_002,172
GTGTGCCTAGAGGAAATCGT_003,147
GTGTGCCTAGAGGAAATCGT_004,81
TCGCACCACAAGCCATGGAA_001,33
TCGCACCACAAGCCATGGAA_002,149
TCGCACCACAAGCCATGGAA_003,188
TCGCACCACAAGCCATGGAA_004,4
TCGCACCACAAGCCATGGAA_005,163
TCGCACCACAAGCCATGGAA_006,62
TCGCACCACAAGCCATGGAA_007,126
TCGCACCACAAGCCATGGAA_008,25
TCGCACCACAAGCCATGGAA_009,110
TCGCACCACAAGCCATGGAA_010,35
TCGCACCACAAGCCATGGAA_011,91
TCGCACCACAAGCCATGGAA_012,196
TCGCACCACAAGCCATGGAA_013,86
TCGCACCACAAGCCATGGAA_014,125
TCGCACCACAAGCCATGGAA_015,137
TCGCACCACAAGCCATGGAA_016,147
TCGCACCACAAGCCATGGAA_017,75
TCGCACCACAAGCCATGGAA_018,152
TCGCACCACAAGCCATGGAA_019,164
TCGCACCACAAGCCATGGAA_020,165
AGAAGAGACAATGAGACCAC_001,69
GAGTAGCGAGTAGTTGACCT_001,130
GAGTAGCGAGTAGTTGACCT_002,169
GAGTAGCGAGTAGTTGACCT_003,182
GAGTAGCGAGTAGTTGACCT_004,148
GAGTAGCGAGTAGTTGACCT_005,68
ATCTGGTTTAGTACCGACAC_001,26
ATCTGGTTTAGTACCGACAC_002,124
ATCTGGTTTAGTACCGACAC_003,60
ATCTGGTTTAGTACCGACAC_004,12
ATCTGGTTTAGTACCGACAC_005,186
ATCTGGTTTAGTACCGACAC_006,12
ATCTGGTTTAGTACCGACAC_007,158
ATCTGGTTTAGTACCGACAC_008,155
ATCTGGTTTAGTACCGACAC_009,160
ATCTGGTTTAGTACCGACAC_010,55
ATCTGGTTTAGTACCGACAC_011,34
CTTAAGCTCGTTGTTAGCCA_001,163
CTTAAGCTCGTTGTTAGCCA_002,95
GCTGATGGGACGGTTGACAG_001,145
GCTGATGGGACGGTTGACAG_002,105
GCTGATGGGACGGTTGACAG_003,191
GCTGATGGGACGGTTGACAG_004,192
GCTGATGGGACGGTTGACAG_005,123
GCTGATGGGACGGTTGACAG_006,130
GCTGATGGGACGGTTGACAG_007,180
GCTGATGGGACGGTTGACAG_008,83
GCTGATGGGACGGTTGACAG_009,116
GCTGATGGGACGGTTGACAG_010,96
GCTGATGGGACGGTTGACAG_011,161
GCTGATGGGACGGTTGACAG_012,177
GCTGATGGGACGGTTGACAG_013,33
GCTGATGGGACGGTTGACAG_014,44
GCTGATGGGACGGTTGACAG_015,81
GCTGATGGGACGGTTGACAG_016,67
GTTCTATGTAACAACCTGCG_001,22
GTTCTATGTAACAACCTGCG_002,176
TTTAATCTCCTGATCCACAG_001,35
TTTAATCTCCTGATCCACAG_002,74
TTTAATCTCCTGATCCACAG_003,78
TTTAATCTCCTGATCCACAG_004,11
TTTAATCTCCTGATCCACAG_005,175
TTTAATCTCCTGATCCACAG_006,98
TTTAATCTCCTGATCCACAG_007,69
TTTAATCTCCTGATCCACAG_008,104
TTTAATCTCCTGATCCACAG_009,38
TTTAATCTCCTGATCCACAG_010,65
TTTAATCTCCTGATCCACAG_011,19
TTTAATCTCCTGATCCACAG_012,2
TTTAATCTCCTGATCCACAG_013,162
TCAAGCCTTGAGGTTTCATG_001,77
TCAAGCCTTGAGGTTTCATG_002,50
TCAAGCCTTGAGGTTTCATG_003,191
TGTGACGGCCTACCAGCTAG_001,97
AAGACCAACTATGTTGTTTG_001,175
AAGACCAACTATGTTGTTTG_002,144
ACCCCATGCCAATACCACCA_001,152
ACCCCATGCCAATACCACCA_002,166
ACCCCATGCCAATACCACCA_003,169
ACCCCATGCCAATACCACCA_004,104
CCTAGGTGAATGTGTCCCTG_001,70
CCTAGGTGAATGTGTCCCTG_002,60
CCTAGGTGAATGTGTCCCTG_003,43
CCTAGGTGAATGTGTCCCTG_004,169
CCTAGGTGAATGTGTCCCTG_005,188
CCTAGGTGAATGTGTCCCTG_006,149
CCTAGGTGAATGTGTCCCTG_007,133
CAATGGCAAGAACTATCCCA_001,107
CAATGGCAAGAACTATCCCA_002,58
CAATGGCAAGAACTATCCCA_003,50
CAATGGCAAGAACTATCCCA_004,13
CAATGGCAAGAACTATCCCA_005,82
CAATGGCAAGAACTATCCCA_006,150
CAATGGCAAGAACTATCCCA_007,48
CAATGGCAAGAACTATCCCA_008,24
CAATGGCAAGAACTATCCCA_009,54
CAATGGCAAGAACTATCCCA_010,153
CAATGGCAAGAACTATCCCA_011,165
CAATGGCAAGAACTATCCCA_012,52
CACCTGGCAGTCGCCCTACG_001,11
CACCTGGCAGTCGCCCTACG_002,113
CACCTGGCAGTCGCCCTACG_003,78
CACCTGGCAGTCGCCCTACG_004,149
CACCTGGCAGTCGCCCTACG_005,137
CACCTGGCAGTCGCCCTACG_006,90
CACCTGGCAGTCGCCCTACG_007,168
CTTAAGTCATGAGCAAAGAT_001,15
CTTAAGTCATGAGCAAAGAT_002,119
CTTAAGTCATGAGCAAAGAT_003,62
CTTAAGTCATGAGCAAAGAT_004,72
CTTAAGTCATGAGCAAAGAT_005,85
CTTAAGTCATGAGCAAAGAT_006,134
CTTAAGTCATGAGCAAAGAT_007,69
CTTAAGTCATGAGCAAAGAT_008,183
CTTAAGTCATGAGCAAAGAT_009,64
CTTAAGTCATGAGCAAAGAT_010,119
CTTAAGTCATGAGCAAAGAT_011,116
CTTAAGTCATGAGCAAAGAT_012,20
CTTAAGTCATGAGCAAAGAT_013,48
CTTAAGTCATGAGCAAAGAT_014,113
CTTAAGTCATGAGCAAAGAT_015,170
CTTAAGTCATGAGCAAAGAT_016,34
CTTAAGTCATGAGCAAAGAT_017,106
AGTTGGTGAGGTTACATACG_001,25
AGTTGGTGAGGTTACATACG_002,147
AGTTGGTGAGGTTACATACG_003,150
AGTTGGTGAGGTTACATACG_004,57
AGTTGGTGAGGTTACATACG_005,19
CTTCCTTATAGGCGTCAGCG_001,2
CTTCCTTATAGGCGTCAGCG_002,162
CTTCCTTATAGGCGTCAGCG_003,169
GTCCAAAGGCATGAAACTGG_001,41
GTCCAAAGGCATGAAACTGG_002,175
TGTAAAGCACGTAGTCAATG_001,27
TGTAAAGCACGTAGTCAATG_002,12
TGTAAAGCACGTAGTCAATG_003,111
TGTAAAGCACGTAGTCAATG_004,13
TGTAAAGCACGTAGTCAATG_005,74
AAAGTACTCGAAGAAGTCCG_001,110
AAAGTACTCGAAGAAGTCCG_002,174
AAAGTACTCGAAGAAGTCCG_003,177
AAAGTACTCGAAGAAGTCCG_004,6
AAAGTACTCGAAGAAGTCCG_005,63
AAAGTACTCGAAGAAGTCCG_006,26
AAAGTACTCGAAGAAGTCCG_007,144
AAAGTACTCGAAGAAGTCCG_008,61
AAAGTACTCGAAGAAGTCCG_009,68
AAAGTACTCGAAGAAGTCCG_010,46
ACGTCTACTTCGACTCTGTG_001,1
ACGTCTACTTCGACTCTGTG_002,130
ACGTCTACTTCGACTCTGTG_003,15
ACGTCTACTTCGACTCTGTG_004,127
ACGTCTACTTCGACTCTGTG_005,110
ACGTCTACTTCGACTCTGTG_006,166
ACGTCTACTTCGACTCTGTG_007,49
ACGTCTACTTCGACTCTGTG_008,159
ACGTCTACTTCGACTCTGTG_009,149
ACGTCTACTTCGACTCTGTG_010,2
ACGTCTACTTCGACTCTGTG_011,192
ACGTCTACTTCGACTCTGTG_012,35
ACGTCTACTTCGACTCTGTG_013,0
ACGTCTACTTCGACTCTGTG_014,92
AGGATATGAGCACCTCCGGA_001,31
AGGATATGAGCACCTCCGGA_002,161
AGGATATGAGCACCTCCGGA_003,147
AGGATATGAGCACCTCCGGA_004,35
AGGATATGAGCACCTCCGGA_005,80
AGGATATGAGCACCTCCGGA_006,28
AGGATATGAGCACCTCCGGA_007,76
AGGATATGAGCACCTCCGGA_008,48
AGGATATGAGCACCTCCGGA_009,158
AGGATATGAGCACCTCCGGA_010,115
AGGATATGAGCACCTCCGGA_011,121
AGGATATGAGCACCTCCGGA_012,169
AGGATATGAGCACCTCCGGA_013,15
AGGATATGAGCACCTCCGGA_014,59
AGGATATGAGCACCTCCGGA_015,42
AGGATATGAGCACCTCCGGA_016,15
AGGATATGAGCACCTCCGGA_017,89
AGGATATGAGCACCTCCGGA_018,169
AGGATATGAGCACCTCCGGA_019,106
AGGATATGAGCACCTCCGGA_020,48
AGGATATGAGCACCTCCGGA_021,14
AGGATATGAGCACCTCCGGA_022,9
AGGATATGAGCACCTCCGGA_023,77
AGGATATGAGCACCTCCGGA_024,77
AGGATATGAGCACCTCCGGA_025,62
AGGATATGAGCACCTCCGGA_026,175
AGGATATGAGCACCTCCGGA_027,138
AGGATATGAGCACCTCCGGA_028,168
AGGATATGAGCACCTCCGGA_029,177
AGGATATGAGCACCTCCGGA_030,46
AGGATATGAGCACCTCCGGA_031,115
AGGATATGAGCACCTCCGGA_032,21
GAGTGAAAAGAGGGCACGGA_001,157
GAGTGAAAAGAGGGCACGGA_002,157
GAGTGAAAAGAGGGCACGGA_003,184
GAGTGAAAAGAGGGCACGGA_004,162
GAGTGAAAAGAGGGCACGGA_005,134
GAGTGAAAAGAGGGCACGGA_006,121
GAGTGAAAAGAGGGCACGGA_007,0
AGCTGCTGTGAGCTCCCCTG_001,30
AGCTGCTGTGAGCTCCCCTG_002,82
AGCTGCTGTGAGCTCCCCTG_003,102
AGCTGCTGTGAGCTCCCCTG_004,45
AGCTGCTGTGAGCTCCCCTG_005,157
AGCTGCTGTGAGCTCCCCTG_006,185
AGCTGCTGTGAGCTCCCCTG_007,145
AGCTGCTGTGAGCTCCCCTG_008,107
AGCTGCTGTGAGCTCCCCTG_009,160
AGCTGCTGTGAGCTCCCCTG_010,128
AGCTGCTGTGAGCTCCCCTG_011,138
AGCTGCTGTGAGCTCCCCTG_012,90
AGCTGCTGTGAGCTCCCCTG_013,113
AGCTGCTGTGAGCTCCCCTG_014,162
AGCTGCTGTGAGCTCCCCTG_015,105
AGCTGCTGTGAGCTCCCCTG_016,137
AGCTGCTGTGAGCTCCCCTG_017,152
AGCTGCTGTGAGCTCCCCTG_018,151
AGCTGCTGTGAGCTCCCCTG_019,119
AGCTGCTGTGAGCTCCCCTG_020,56
AGCTGCTGTGAGCTCCCCTG_021,138
AGCTGCTGTGAGCTCCCCTG_022,134
AGCTGCTGTGAGCTCCCCTG_023,35
AGCTGCTGTGAGCTCCCCTG_024,157
TGGATAAAAAATGACTGTTG_001,55
TGGATAAAAAATGACTGTTG_002,127
TGGATAAAAAATGACTGTTG_003,83
TGGATAAAAAATGACTGTTG_004,27
TGGATAAAAAATGACTGTTG_005,56
AAAACACATCTTGGAGCACA_001,115
AAAACACATCTTGGAGCACA_002,148
AAAACACATCTTGGAGCACA_003,198
AAAACACATCTTGGAGCACA_004,94
AAAACACATCTTGGAGCACA_005,148
TGCTCTCCAGAAACAACGAG_001,8
TGCTCTCCAGAAACAACGAG_002,19
TGCTCTCCAGAAACAACGAG_003,103
TGCTCTCCAGAAACAACGAG_004,170
TGCTCTCCAGAAACAACGAG_005,155
TGCTCTCCAGAAACAACGAG_006,94
TGCTCTCCAGAAACAACGAG_007,116
TGCTCTCCAGAAACAACGAG_008,125
TGCTCTCCAGAAACAACGAG_009,74
TGCTCTCCAGAAACAACGAG_010,95
TGCTCTCCAGAAACAACGAG_011,137
TGCTCTCCAGAAACAACGAG_012,104
TGCTCTCCAGAAACAACGAG_013,98
GCTGAGCCTGATAAGATCCA_001,135
GCTGAGCCTGATAAGATCCA_002,31
TGGCCTGCACGACCCACAGA_001,18
TGGCCTGCACGACCCACAGA_002,111
TGGCCTGCACGACCCACAGA_003,189
TGGCCTGCACGACCCACAGA_004,59
GCCTCCCGTAGTACTCAGGA_001,127
GCCTCCCGTAGTACTCAGGA_002,101
GCCTCCCGTAGTACTCAGGA_003,170
GCCTCCCGTAGTACTCAGGA_004,174
GCCTCCCGTAGTACTCAGGA_005,43
GCCTCCCGTAGTACTCAGGA_006,9
GCCTCCCGTAGTACTCAGGA_007,72
GCCTCCCGTAGTACTCAGGA_008,9
GCCTCCCGTAGTACTCAGGA_009,144
GCCTCCCGTAGTACTCAGGA_010,13
GCCTCCCGTAGTACTCAGGA_011,94
GCCTCCCGTAGTACTCAGGA_012,143
GCCTCCCGTAGTACTCAGGA_013,197
GCCTCCCGTAGTACTCAGGA_014,117
GCCTCCCGTAGTACTCAGGA_015,127
GCCTCCCGTAGTACTCAGGA_016,160
GCCTCCCGTAGTACTCAGGA_017,61
GCCTCCCGTAGTACTCAGGA_018,191
GCCTCCCGTAGTACTCAGGA_019,45
GCCTCCCGTAGTACTCAGGA_020,133
GCCTCCCGTAGTACTCAGGA_021,95
GCCTCCCGTAGTACTCAGGA_022,124
GCCTCCCGTAGTACTCAGGA_023,2
GCCTCCCGTAGTACTCAGGA_024,77
GCCTCCCGTAGTACTCAGGA_025,118
GCCTCCCGTAGTACTCAGGA_026,63
GCCTCCCGTAGTACTCAGGA_027,138
TACAGGTAGGCAGTCCTCCG_001,129
TACAGGTAGGCAGTCCTCCG_002,97
TACAGGTAGGCAGTCCTCCG_003,107
GTATTCAAAAGCCAGTCGTG_001,175
GTATTCAAAAGCCAGTCGTG_002,121
GTATTCAAAAGCCAGTCGTG_003,86
GTATTCAAAAGCCAGTCGTG_004,127
GTATTCAAAAGCCAGTCGTG_005,119
GTATTCAAAAGCCAGTCGTG_006,1
GTATTCAAAAGCCAGTCGTG_007,125
GTATTCAAAAGCCAGTCGTG_008,29
GTATTCAAAAGCCAGTCGTG_009,91
TATGACGGTTACACTCTCCG_001,20
TGTCAAAGCGGAGTCGCCGG_001,135
TGTCAAAGCGGAGTCGCCGG_002,112
TGTCAAAGCGGAGTCGCCGG_003,18
TGTCAAAGCGGAGTCGCCGG_004,69
TGTCAAAGCGGAGTCGCCGG_005,95
TGTCAAAGCGGAGTCGCCGG_006,131
TGTCAAAGCGGAGTCGCCGG_007,43
TGTCAAAGCGGAGTCGCCGG_008,177
CGTGGGCTGCTACTTCAAGA_001,143
ACAACAGTCGAAGCCTCAGG_001,9
ACAACAGTCGAAGCCTCAGG_002,4
ACAACAGTCGAAGCCTCAGG_003,116
ACAACAGTCGAAGCCTCAGG_004,124
ACAACAGTCGAAGCCTCAGG_005,116
ACAACAGTCGAAGCCTCAGG_006,170
ACAACAGTCGAAGCCTCAGG_007,156
ACAACAGTCGAAGCCTCAGG_008,60
ACAACAGTCGAAGCCTCAGG_009,41
ACAACAGTCGAAGCCTCAGG_010,158
ACAACAGTCGAAGCCTCAGG_011,162
ACAACAGTCGAAGCCTCAGG_012,161
CTGCTGACGGCGGGAAGCGA_001,11
CTGCTGACGGCGGGAAGCGA_002,166
CTGCTGACGGCGGGAAGCGA_003,103
CTGCTGACGGCGGGAAGCGA_004,93
CTGCTGACGGCGGGAAGCGA_005,184
CTGCTGACGGCGGGAAGCGA_006,149
CTGCTGACGGCGGGAAGCGA_007,89
CTGCTGACGGCGGGAAGCGA_008,174
CTGCTGACGGCGGGAAGCGA_009,151
CTGCTGACGGCGGGAAGCGA_010,176
CTGCTGACGGCGGGAAGCGA_011,197
CTGCTGACGGCGGGAAGCGA_012,79
CTGCTGACGGCGGGAAGCGA_013,41
CTGCTGACGGCGGGAAGCGA_014,176
CTGCTGACGGCGGGAAGCGA_015,96
CTGCTGACGGCGGGAAGCGA_016,12
CTGCTGACGGCGGGAAGCGA_017,10
CTGCTGACGGCGGGAAGCGA_018,52
CTGCTGACGGCGGGAAGCGA_019,78
CTGCTGACGGCGGGAAGCGA_020,153
CTGCTGACGGCGGGAAGCGA_021,13
CTGCTGACGGCGGGAAGCGA_022,124
CCACGACGTACGGACCATTG_001,88
CCACGACGTACGGACCATTG_002,49
CCACGACGTACGGACCATTG_003,156
CCACGACGTACGGACCATTG_004,81
CCACGACGTACGGACCATTG_005,43
CTCGCGTACCAGCCGCTGGA_001,62
CTCGCGTACCAGCCGCTGGA_002,15
CTCGCGTACCAGCCGCTGGA_003,104
CTCGCGTACCAGCCGCTGGA_004,119
CTCGCGTACCAGCCGCTGGA_005,174
CTCGCGTACCAGCCGCTGGA_006,153
CTCGCGTACCAGCCGCTGGA_007,67
CTCGCGTACCAGCCGCTGGA_008,20
CTCGCGTACCAGCCGCTGGA_009,197
CTCGCGTACCAGCCGCTGGA_010,133
CTCGCGTACCAGCCGCTGGA_011,72
CTCGCGTACCAGCCGCTGGA_012,158
CTCGCGTACCAGCCGCTGGA_013,125
CTCGCGTACCAGCCGCTGGA_014,134
CTCGCGTACCAGCCGCTGGA_015,108
CTCGCGTACCAGCCGCTGGA_016,78
CTCGCGTACCAGCCGCTGGA_017,151
CTCGCGTACCAGCCGCTGGA_018,161
CTCGCGTACCAGCCGCTGGA_019,107
CTCGCGTACCAGCCGCTGGA_020,57
CTCGCGTACCAGCCGCTGGA_021,133
GAGGCTACCCGTGCGTCCAG_001,48
GAGGCTACCCGTGCGTCCAG_002,78
GAGGCTACCCGTGCGTCCAG_003,177
GAGGCTACCCGTGCGTCCAG_004,77
GAGGCTACCCGTGCGTCCAG_005,105
GAGGCTACCCGTGCGTCCAG_006,54
GAGGCTACCCGTGCGTCCAG_007,94
GAGGCTACCCGTGCGTCCAG_008,107
GAGGCTACCCGTGCGTCCAG_009,77
GAGGCTACCCGTGCGTCCAG_010,134
GAGGCTACCCGTGCGTCCAG_011,142
GAGGCTACCCGTGCGTCCAG_012,197
GAGGCTACCCGTGCGTCCAG_013,140
GAGGCTACCCGTGCGTCCAG_014,27
TTCTGGGGATCAAGGCATGA_001,98
TTCTGGGGATCAAGGCATGA_002,1
TTCTGGGGATCAAGGCATGA_003,56
TTCTGGGGATCAAGGCATGA_004,20
TTCTGGGGATCAAGGCATGA_005,166
TTCTGGGGATCAAGGCATGA_006,160
TTCTGGGGATCAAGGCATGA_007,72
TTCTGGGGATCAAGGCATGA_008,33
TTCTGGGGATCAAGGCATGA_009,168
TTCTGGGGATCAAGGCATGA_010,159
TTCTGGGGATCAAGGCATGA_011,152
TTCTGGGGATCAAGGCATGA_012,97
TTCTGGGGATCAAGGCATGA_013,19
TTCTGGGGATCAAGGCATGA_014,113
TTCTGGGGATCAAGGCATGA_015,70
TTCTGGGGATCAAGGCATGA_016,56
TTCTGGGGATCAAGGCATGA_017,97
TTCTGGGGATCAAGGCATGA_018,118
AACTTCTCTAGTCCACCAGG_001,139
AACTTCTCTAGTCCACCAGG_002,59
AACTTCTCTAGTCCACCAGG_003,62
AACTTCTCTAGTCCACCAGG_004,160
AACTTCTCTAGTCCACCAGG_005,75
AACTTCTCTAGTCCACCAGG_006,127
TCTTGGGAGAAGGTGCAACG_001,62
TCTTGGGAGAAGGTGCAACG_002,130
TCTTGGGAGAAGGTGCAACG_003,103
TCTTGGGAGAAGGTGCAACG_004,113
TCTTGGGAGAAGGTGCAACG_005,53
TCTTGGGAGAAGGTGCAACG_006,68
TCTTGGGAGAAGGTGCAACG_007,166
TCTTGGGAGAAGGTGCAACG_008,95
TCTTGGGAGAAGGTGCAACG_009,78
TCTTGGGAGAAGGTGCAACG_010,115
TCTTGGGAGAAGGTGCAACG_011,42
TCTTGGGAGAAGGTGCAACG_012,69
TCTTGGGAGAAGGTGCAACG_013,184
TCTTGGGAGAAGGTGCAACG_014,60
CATAAAACCGAGTCTCACGG_001,185
CATAAAACCGAGTCTCACGG_002,76
CATAAAACCGAGTCTCACGG_003,194
CATAAAACCGAGTCTCACGG_004,35
CATAAAACCGAGTCTCACGG_005,91
CATAAAACCGAGTCTCACGG_006,53
CATAAAACCGAGTCTCACGG_007,195
CATAAAACCGAGTCTCACGG_008,170
CATAAAACCGAGTCTCACGG_009,22
CATAAAACCGAGTCTCACGG_010,105
CATAAAACCGAGTCTCACGG_011,198
CATAAAACCGAGTCTCACGG_012,185
CATAAAACCGAGTCTCACGG_013,88
GAAGCGAAGCTTGGCCCGGA_001,92
CCAACCCATCGAGAATCAGT_001,96
CCAACCCATCGAGAATCAGT_002,105
CCAACCCATCGAGAATCAGT_003,17
CCAACCCATCGAGAATCAGT_004,70
CCAACCCATCGAGAATCAGT_005,10
CCAACCCATCGAGAATCAGT_006,67
CCAACCCATCGAGAATCAGT_007,50
CCAACCCATCGAGAATCAGT_008,43
CCAACCCATCGAGAATCAGT_009,160
CCAACCCATCGAGAATCAGT_010,167
CCAACCCATCGAGAATCAGT_011,167
CCAACCCATCGAGAATCAGT_012,49
CGTGTACCAAGCTTACTGGA_001,81
CGTGTACCAAGCTTACTGGA_002,76
GATAGTCAAACTCCGGCTCG_001,170
GATAGTCAAACTCCGGCTCG_002,102
GATAGTCAAACTCCGGCTCG_003,194
GATAGTCAAACTCCGGCTCG_004,150
GATAGTCAAACTCCGGCTCG_005,24
GATAGTCAAACTCCGGCTCG_006,111
GATAGTCAAACTCCGGCTCG_007,40
GATAGTCAAACTCCGGCTCG_008,131
GATAGTCAAACTCCGGCTCG_009,96
GATAGTCAAACTCCGGCTCG_010,166
GATAGTCAAACTCCGGCTCG_011,194
GATAGTCAAACTCCGGCTCG_012,154
GATAGTCAAACTCCGGCTCG_013,60
GATAGTCAAACTCCGGCTCG_014,146
ATCTGATAGGTCGACCCATG_001,38
ATCTGATAGGTCGACCCATG_002,141
ATCTGATAGGTCGACCCATG_003,41
ACCTATCACCGGATTAACGA_001,198
ACCTATCACCGGATTAACGA_002,158
ACCTATCACCGGATTAACGA_003,192
ACCTATCACCGGATTAACGA_004,60
ACCTATCACCGGATTAACGA_005,134
ACCTATCACCGGATTAACGA_006,107
ACCTATCACCGGATTAACGA_007,143
ACCTATCACCGGATTAACGA_008,137
ACCTATCACCGGATTAACGA_009,2
ACCTATCACCGGATTAACGA_010,182
ACCTATCACCGGATTAACGA_011,130
CCAAGCCGCTCACCACGCGG_001,29
CCAAGCCGCTCACCACGCGG_002,127
CCAAGCCGCTCACCACGCGG_003,101
CCAAGCCGCTCACCACGCGG_004,76
CCAAGCCGCTCACCACGCGG_005,49
CCAAGCCGCTCACCACGCGG_006,154
CCAAGCCGCTCACCACGCGG_007,24
CCAAGCCGCTCACCACGCGG_008,197
CCAAGCCGCTCACCACGCGG_009,106
CCAAGCCGCTCACCACGCGG_010,36
CCAAGCCGCTCACCACGCGG_011,38
CCAAGCCGCTCACCACGCGG_012,160
CCAAGCCGCTCACCACGCGG_013,36
CCAAGCCGCTCACCACGCGG_014,108
CCAAGCCGCTCACCACGCGG_015,134
CCAAGCCGCTCACCACGCGG_016,2
CCAAGCCGCTCACCACGCGG_017,12
CCAAGCCGCTCACCACGCGG_018,117
CCAAGCCGCTCACCACGCGG_019,44
CCAAGCCGCTCACCACGCGG_020,33
CCAAGCCGCTCACCACGCGG_021,70
CCAAGCCGCTCACCACGCGG_022,0
CCAAGCCGCTCACCACGCGG_023,94
CCAAGCCGCTCACCACGCGG_024,188
CCAAGCCGCTCACCACGCGG_025,77
CCAAGCCGCTCACCACGCGG_026,106
CCAAGCCGCTCACCACGCGG_027,10
AAAATGCCAGTGACCCTAGG_001,130
AAAATGCCAGTGACCCTAGG_002,29
AAAATGCCAGTGACCCTAGG_003,40
AAAATGCCAGTGACCCTAGG_004,184
AAAATGCCAGTGACCCTAGG_005,63
AAAATGCCAGTGACCCTAGG_006,63
GGCCACCTTCCGACTGAACG_001,147
GGCCACCTTCCGACTGAACG_002,107
GGCCACCTTCCGACTGAACG_003,107
GGCCACCTTCCGACTGAACG_004,36
GGCCACCTTCCGACTGAACG_005,47
GGCCACCTTCCGACTGAACG_006,94
GGCCACCTTCCGACTGAACG_007,49
GGCCACCTTCCGACTGAACG_008,84
GGCCACCTTCCGACTGAACG_009,77
GGCCACCTTCCGACTGAACG_010,48
GGCCACCTTCCGACTGAACG_011,117
GGCCACCTTCCGACTGAACG_012,17
GGCCACCTTCCGACTGAACG_013,69
GGCCACCTTCCGACTGAACG_014,171
GGCCACCTTCCGACTGAACG_015,101
GGCCACCTTCCGACTGAACG_016,2
GGCCACCTTCCGACTGAACG_017,12
GGCCACCTTCCGACTGAACG_018,1
GGCCACCTTCCGACTGAACG_019,2
GGCCACCTTCCGACTGAACG_020,64
GGCCACCTTCCGACTGAACG_021,34
GGCCACCTTCCGACTGAACG_022,139
GGCCACCTTCCGACTGAACG_023,1
GGCCACCTTCCGACTGAACG_024,177
TTTGGTTAAACGAATCAAAG_001,196
TTTGGTTAAACGAATCAAAG_002,80
TTTGGTTAAACGAATCAAAG_003,161
TTTGGTTAAACGAATCAAAG_004,14
TTTGGTTAAACGAATCAAAG_005,10
TTTGGTTAAACGAATCAAAG_006,112
ATTCCAATGATGTATCAGCA_001,196
ATTCCAATGATGTATCAGCA_002,63
ATTCCAATGATGTATCAGCA_003,9
ATTCCAATGATGTATCAGCA_004,38
ATTCCAATGATGTATCAGCA_005,68
ATTCCAATGATGTATCAGCA_006,96
ATTCCAATGATGTATCAGCA_007,68
ATTCCAATGATGTATCAGCA_008,145
ATTCCAATGATGTATCAGCA_009,69
ATTCCAATGATGTATCAGCA_010,105
ATTCCAATGATGTATCAGCA_011,146
ATTCCAATGATGTATCAGCA_012,46
CCTCAAGTGATCATTCGAGG_001,77
GATAAGTGCCGATGTGCCGT_001,47
ACAGGAAGTAACTAGAAAGT_001,81
ACAGGAAGTAACTAGAAAGT_002,147
ACAGGAAGTAACTAGAAAGT_003,134
ACAGGAAGTAACTAGAAAGT_004,45
ACAGGAAGTAACTAGAAAGT_005,155
GGTACTGAGAGTATTTGATG_001,106
GGTACTGAGAGTATTTGATG_002,98
CTGCGAAGCTAAAACACTCG_001,139
CTGCGAAGCTAAAACACTCG_002,116
GAGGTGTTCGGAAGAGTGCA_001,94
GAGGTGTTCGGAAGAGTGCA_002,94
GAGGTGTTCGGAAGAGTGCA_003,115
GAGGTGTTCGGAAGAGTGCA_004,75
GAGGTGTTCGGAAGAGTGCA_005,43
GAGGTGTTCGGAAGAGTGCA_006,6
ACTTGTTGCTTAGTAACCAA_001,50
ACTTGTTGCTTAGTAACCAA_002,62
ACTTGTTGCTTAGTAACCAA_003,145
ACTTGTTGCTTAGTAACCAA_004,3
CCTTGTGATAAACCTCCGGT_001,168
CCTTGTGATAAACCTCCGGT_002,168
CCTTGTGATAAACCTCCGGT_003,98
CCTTGTGATAAACCTCCGGT_004,29
CCTTGTGATAAACCTCCGGT_005,76
CCTTGTGATAAACCTCCGGT_006,95
CCTTGTGATAAACCTCCGGT_007,3
CCTTGTGATAAACCTCCGGT_008,34
CCTTGTGATAAACCTCCGGT_009,20
CCTTGTGATAAACCTCCGGT_010,82
CCTTGTGATAAACCTCCGGT_011,158
CCTTGTGATAAACCTCCGGT_012,148
CCTTGTGATAAACCTCCGGT_013,154
CCTTGTGATAAACCTCCGGT_014,150
CCTTGTGATAAACCTCCGGT_015,16
CCTTGTGATAAACCTCCGGT_016,34
CCTTGTGATAAACCTCCGGT_017,68
CCTTGTGATAAACCTCCGGT_018,17
CCTTGTGATAAACCTCCGGT_019,106
CCTTGTGATAAACCTCCGGT_020,49
CCTTGTGATAAACCTCCGGT_021,188
CCTTGTGATAAACCTCCGGT_022,81
TGATAGACACGGCATCAGCG_001,144
TGATAGACACGGCATCAGCG_002,197
TGATAGACACGGCATCAGCG_003,74
TGATAGACACGGCATCAGCG_004,58
TGATAGACACGGCATCAGCG_005,162
TGATAGACACGGCATCAGCG_006,56
TGATAGACACGGCATCAGCG_007,49
TGATAGACACGGCATCAGCG_008,42
TGATAGACACGGCATCAGCG_009,118
CATGGGTCACCTTCTATAGG_001,63
GCTGAAGCTGCTCCGCTACG_001,63
GCTGAAGCTGCTCCGCTACG_002,34
GCTGAAGCTGCTCCGCTACG_003,192
GCTGAAGCTGCTCCGCTACG_004,199
GCTGAAGCTGCTCCGCTACG_005,183
GCTGAAGCTGCTCCGCTACG_006,124
GAGCCGGGAAAATACACGGC_001,199
GAGCCGGGAAAATACACGGC_002,48
GAGCCGGGAAAATACACGGC_003,34
GAGCCGGGAAAATACACGGC_004,60
GAGCCGGGAAAATACACGGC_005,127
GAGCCGGGAAAATACACGGC_006,128
GAGCCGGGAAAATACACGGC_007,140
GAGCCGGGAAAATACACGGC_008,103
GTGGTGTCATCGGACAGCCA_001,49
GTGGTGTCATCGGACAGCCA_002,58
GTGGTGTCATCGGACAGCCA_003,193
GTGGTGTCATCGGACAGCCA_004,2
GTGGTGTCATCGGACAGCCA_005,59
GTGGTGTCATCGGACAGCCA_006,115
GTGGTGTCATCGGACAGCCA_007,139
GTGGTGTCATCGGACAGCCA_008,34
GTGGTGTCATCGGACAGCCA_009,6
GTGGTGTCATCGGACAGCCA_010,149
GTGGTGTCATCGGACAGCCA_011,184
GTGGTGTCATCGGACAGCCA_012,191
GTGGTGTCATCGGACAGCCA_013,98
GTGGTGTCATCGGACAGCCA_014,33
GTGGTGTCATCGGACAGCCA_015,80
GTGGTGTCATCGGACAGCCA_016,50
GTGGTGTCATCGGACAGCCA_017,158
GTGGTGTCATCGGACAGCCA_018,150
GTGGTGTCATCGGACAGCCA_019,98
GTGGTGTCATCGGACAGCCA_020,9
GTGGTGTCATCGGACAGCCA_021,65
GTGGTGTCATCGGACAGCCA_022,105
GTGGTGTCATCGGACAGCCA_023,149
GTGGTGTCATCGGACAGCCA_024,169
GTGGTGTCATCGGACAGCCA_025,29
GTGGTGTCATCGGACAGCCA_026,69
GTGGTGTCATCGGACAGCCA_027,68
GTGGTGTCATCGGACAGCCA_028,5
GTGGTGTCATCGGACAGCCA_029,144
GTGGTGTCATCGGACAGCCA_030,81
GTGGTGTCATCGGACAGCCA_031,149
GTGGTGTCATCGGACAGCCA_032,194
GTGGTGTCATCGGACAGCCA_033,13
GTGGTGTCATCGGACAGCCA_034,130
GTGGTGTCATCGGACAGCCA_035,199
GTGGTGTCATCGGACAGCCA_036,39
GTGGTGTCATCGGACAGCCA_037,169
GTGGTGTCATCGGACAGCCA_038,179
GTGGTGTCATCGGACAGCCA_039,117
GTGGTGTCATCGGACAGCCA_040,48
GACCCACTACATGTCAAAGA_001,152
GACCCACTACATGTCAAAGA_002,11
GACCCACTACATGTCAAAGA_003,94
GACCCACTACATGTCAAAGA_004,149
GACCCACTACATGTCAAAGA_005,50
GACCCACTACATGTCAAAGA_006,199
GACCCACTACATGTCAAAGA_007,102
AGTCCCACAGCAATGCCCCA_001,35
AGTCCCACAGCAATGCCCCA_002,105
AGTCCCACAGCAATGCCCCA_003,9
AGTCCCACAGCAATGCCCCA_004,144
AGTCCCACAGCAATGCCCCA_005,48
AGTCCCACAGCAATGCCCCA_006,146
AGTCCCACAGCAATGCCCCA_007,2
AGTCCCACAGCAATGCCCCA_008,72
AGTCCCACAGCAATGCCCCA_009,17
AGTCCCACAGCAATGCCCCA_010,41
AGTCCCACAGCAATGCCCCA_011,23
AGTCCCACAGCAATGCCCCA_012,48
AGTCCCACAGCAATGCCCCA_013,63
AGTCCCACAGCAATGCCCCA_014,172
AGTCCCACAGCAATGCCCCA_015,169
AGTCCCACAGCAATGCCCCA_016,13
AGTCCCACAGCAATGCCCCA_017,47
AGTCCCACAGCAATGCCCCA_018,62
AGTCCCACAGCAATGCCCCA_019,121
AGTCCCACAGCAATGCCCCA_020,130
AGTCCCACAGCAATGCCCCA_021,82
AGTCCCACAGCAATGCCCCA_022,123
AGTCCCACAGCAATGCCCCA_023,104
AGTCCCACAGCAATGCCCCA_024,157
AGTCCCACAGCAATGCCCCA_025,169
AGTCCCACAGCAATGCCCCA_026,66
AGTCCCACAGCAATGCCCCA_027,118
AGTCCCACAGCAATGCCCCA_028,103
AGTCCCACAGCAATGCCCCA_029,102
AGTCCCACAGCAATGCCCCA_030,198
AGTCCCACAGCAATGCCCCA_031,1
AGTCCCACAGCAATGCCCCA_032,88
AGTCCCACAGCAATGCCCCA_033,62
AGTCCCACAGCAATGCCCCA_034,41
AGTCCCACAGCAATGCCCCA_035,115
AGTCCCACAGCAATGCCCCA_036,50
AGTCCCACAGCAATGCCCCA_037,135
AGTCCCACAGCAATGCCCCA_038,64
AGTCCCACAGCAATGCCCCA_039,50
AGTCCCACAGCAATGCCCCA_040,149
AGTCCCACAGCAATGCCCCA_041,132
AGTCCCACAGCAATGCCCCA_042,107
AGTCCCACAGCAATGCCCCA_043,198
AGTCCCACAGCAATGCCCCA_044,115
AGTCCCACAGCAATGCCCCA_045,177
AGTCCCACAGCAATGCCCCA_046,127
AGTCCCACAGCAATGCCCCA_047,98
CTTCCCTGCAAACTATGACC_001,149
CTTCCCTGCAAACTATGACC_002,62
CTTCCCTGCAAACTATGACC_003,9
CTTCCCTGCAAACTATGACC_004,187
TCAGAAGAGAACTCGGAAGG_001,17
TCAGAAGAGAACTCGGAAGG_002,8
TCAGAAGAGAACTCGGAAGG_003,166
TCAGAAGAGAACTCGGAAGG_004,145
TCAGAAGAGAACTCGGAAGG_005,16
TCAGAAGAGAACTCGGAAGG_006,162
TCAGAAGAGAACTCGGAAGG_007,178
TCAGAAGAGAACTCGGAAGG_008,57
TCAGAAGAGAACTCGGAAGG_009,91
CAGACACAGCCTTGAACCTG_001,69
CAGACACAGCCTTGAACCTG_002,73
CAGACACAGCCTTGAACCTG_003,182
CAGACACAGCCTTGAACCTG_004,70
CAGACACAGCCTTGAACCTG_005,72
CAGACACAGCCTTGAACCTG_006,86
CAGACACAGCCTTGAACCTG_007,190
CAGACACAGCCTTGAACCTG_008,58
CAGACACAGCCTTGAACCTG_009,151
CAGACACAGCCTTGAACCTG_010,145
CAGACACAGCCTTGAACCTG_011,149
CAGACACAGCCTTGAACCTG_012,115
CAGACACAGCCTTGAACCTG_013,71
CAGACACAGCCTTGAACCTG_014,153
CAGACACAGCCTTGAACCTG_015,56
CAGACACAGCCTTGAACCTG_016,37
CAGACACAGCCTTGAACCTG_017,57
CAGACACAGCCTTGAACCTG_018,97
CGATTCCTATCATCGATGAT_001,17
CGATTCCTATCATCGATGAT_002,17
CGATTCCTATCATCGATGAT_003,11
CGATTCCTATCATCGATGAT_004,2
CGATTCCTATCATCGATGAT_005,57
AAGTCTTGCCATGATTGGAT_001,137
AAGTCTTGCCATGATTGGAT_002,134
AAGTCTTGCCATGATTGGAT_003,106
AAGTCTTGCCATGATTGGAT_004,76
AAGTCTTGCCATGATTGGAT_005,76
AAGTCTTGCCATGATTGGAT_006,179
AAGTCTTGCCATGATTGGAT_007,69
AAGTCTTGCCATGATTGGAT_008,68
AAGTCTTGCCATGATTGGAT_009,124
AAGTCTTGCCATGATTGGAT_010,96
AAGTCTTGCCATGATTGGAT_011,182
GCTGCACAGACAGCCACGAG_001,19
GCTGCACAGACAGCCACGAG_002,38
GCTGCACAGACAGCCACGAG_003,13
GCTGCACAGACAGCCACGAG_004,147
ACAACTGTAGCAATCCTGGC_001,138
ACAACTGTAGCAATCCTGGC_002,52
ACAACTGTAGCAATCCTGGC_003,2
ACAACTGTAGCAATCCTGGC_004,43
ACAACTGTAGCAATCCTGGC_005,22
ACAACTGTAGCAATCCTGGC_006,124
ACAACTGTAGCAATCCTGGC_007,127
GCTGGGGCTCGCCGTCAACG_001,15
GCTGGGGCTCGCCGTCAACG_002,89
GCTGGGGCTCGCCGTCAACG_003,52
GCTGGGGCTCGCCGTCAACG_004,20
GCTGGGGCTCGCCGTCAACG_005,162
GCTGGGGCTCGCCGTCAACG_006,22
GCTGGGGCTCGCCGTCAACG_007,154
GCTGGGGCTCGCCGTCAACG_008,92
GCTGGGGCTCGCCGTCAACG_009,40
GCTGGGGCTCGCCGTCAACG_010,28
GCTGGGGCTCGCCGTCAACG_011,51
GCTGGGGCTCGCCGTCAACG_012,15
GCTGGGGCTCGCCGTCAACG_013,93
GCTGGGGCTCGCCGTCAACG_014,166
GCTGGGGCTCGCCGTCAACG_015,165
CAATGAAGGAGAGATTGCCT_001,105
CAATGAAGGAGAGATTGCCT_002,2
CAATGAAGGAGAGATTGCCT_003,137
CAATGAAGGAGAGATTGCCT_004,158
CAATGAAGGAGAGATTGCCT_005,15
CAATGAAGGAGAGATTGCCT_006,81
CAATGAAGGAGAGATTGCCT_007,130
CAATGAAGGAGAGATTGCCT_008,59
CAATGAAGGAGAGATTGCCT_009,13
CAATGAAGGAGAGATTGCCT_010,176
CAATGAAGGAGAGATTGCCT_011,5
CAATGAAGGAGAGATTGCCT_012,40
CAATGAAGGAGAGATTGCCT_013,5
CCTGCAGCGTGTCGCCCGCG_001,184
CCTGCAGCGTGTCGCCCGCG_002,169
CCTGCAGCGTGTCGCCCGCG_003,169
CCTGCAGCGTGTCGCCCGCG_004,69
CCTGCAGCGTGTCGCCCGCG_005,194
CCTGCAGCGTGTCGCCCGCG_006,80
CCTGCAGCGTGTCGCCCGCG_007,83
CCTGCAGCGTGTCGCCCGCG_008,32
CCTGCAGCGTGTCGCCCGCG_009,62
CCTGCAGCGTGTCGCCCGCG_010,177
CCTGCAGCGTGTCGCCCGCG_011,168
CCTGCAGCGTGTCGCCCGCG_012,43
CCTGCAGCGTGTCGCCCGCG_013,170
CCTGCAGCGTGTCGCCCGCG_014,103
CCTGCAGCGTGTCGCCCGCG_015,19
GACTGGCGCCGCGAACGCTG_001,135
GACTGGCGCCGCGAACGCTG_002,17
GACTGGCGCCGCGAACGCTG_003,193
GACTGGCGCCGCGAACGCTG_004,106
GACTGGCGCCGCGAACGCTG_005,27
GACTGGCGCCGCGAACGCTG_006,102
GACTGGCGCCGCGAACGCTG_007,196
GACTGGCGCCGCGAACGCTG_008,87
GACTGGCGCCGCGAACGCTG_009,85
GACTGGCGCCGCGAACGCTG_010,72
GACTGGCGCCGCGAACGCTG_011,125
GACTGGCGCCGCGAACGCTG_012,43
GACTGGCGCCGCGAACGCTG_013,33
GCTACTACTACCGCCCGGCG_001,68
GCTACTACTACCGCCCGGCG_002,40
TGAGAGCATGGCAGTACACG_001,49
TGAGAGCATGGCAGTACACG_002,166
TGAGAGCATGGCAGTACACG_003,166
TGAGAGCATGGCAGTACACG_004,170
TGAGAGCATGGCAGTACACG_005,148
GCTGGAGACCTATAATCACC_001,15
GCTGGAGACCTATAATCACC_002,58
GCTGGAGACCTATAATCACC_003,94
GCTGGAGACCTATAATCACC_004,145
GCTGGAGACCTATAATCACC_005,81
GCTGGAGACCTATAATCACC_006,114
GCTGGAGACCTATAATCACC_007,115
GCTGGAGACCTATAATCACC_008,81
GCTGGAGACCTATAATCACC_009,63
ATAATAAGGCCATGACTACG_001,126
ATAATAAGGCCATGACTACG_002,102
ATAATAAGGCCATGACTACG_003,98
TGCAGAAAAATGACCCTCAG_001,84
TGCAGAAAAATGACCCTCAG_002,41
TGCAGAAAAATGACCCTCAG_003,195
TGCAGAAAAATGACCCTCAG_004,195
TGCAGAAAAATGACCCTCAG_005,9
TGCAGAAAAATGACCCTCAG_006,107
TGCAGAAAAATGACCCTCAG_007,147
TGCAGAAAAATGACCCTCAG_008,175
TGCAGAAAAATGACCCTCAG_009,70
TGCAGAAAAATGACCCTCAG_010,162
TGCAGAAAAATGACCCTCAG_011,178
TGCAGAAAAATGACCCTCAG_012,125
TGCAGAAAAATGACCCTCAG_013,69
TGCAGAAAAATGACCCTCAG_014,8
TGCAGAAAAATGACCCTCAG_015,78
TGCAGAAAAATGACCCTCAG_016,43
TGCAGAAAAATGACCCTCAG_017,44
TGCAGAAAAATGACCCTCAG_018,115
TGCAGAAAAATGACCCTCAG_019,77
TGCAGAAAAATGACCCTCAG_020,140
TGCAGAAAAATGACCCTCAG_021,176
TGCAGAAAAATGACCCTCAG_022,58
TGCAGAAAAATGACCCTCAG_023,198
TGCAGAAAAATGACCCTCAG_024,137
TGCAGAAAAATGACCCTCAG_025,179
TGCAGAAAAATGACCCTCAG_026,179
TGCAGAAAAATGACCCTCAG_027,63
GACCTACCGGTACGCAACAG_001,158
GACCTACCGGTACGCAACAG_002,108
AAGTAGTACCTTGCCCCGCA_001,127
AAGTAGTACCTTGCCCCGCA_002,36
AAGTAGTACCTTGCCCCGCA_003,156
AAGTAGTACCTTGCCCCGCA_004,13
AAGTAGTACCTTGCCCCGCA_005,177
AAGTAGTACCTTGCCCCGCA_006,113
AAGTAGTACCTTGCCCCGCA_007,10
AAGTAGTACCTTGCCCCGCA_008,170
GGAAACTGTTCAGCTCCCAC_001,165
GGAAACTGTTCAGCTCCCAC_002,48
GGAAACTGTTCAGCTCCCAC_003,29
GGAAACTGTTCAGCTCCCAC_004,148
GGAAACTGTTCAGCTCCCAC_005,155
GGAAACTGTTCAGCTCCCAC_006,106
GAACATTGGCTATGTCATAG_001,75
GAACATTGGCTATGTCATAG_002,178
GAACATTGGCTATGTCATAG_003,60
GAACATTGGCTATGTCATAG_004,190
GAACATTGGCTATGTCATAG_005,32
GAACATTGGCTATGTCATAG_006,16
GAACATTGGCTATGTCATAG_007,177
GAACATTGGCTATGTCATAG_008,86
GAACATTGGCTATGTCATAG_009,12
GAACATTGGCTATGTCATAG_010,52
GAACATTGGCTATGTCATAG_011,88
GAACATTGGCTATGTCATAG_012,12
GAACATTGGCTATGTCATAG_013,191
GAACATTGGCTATGTCATAG_014,82
GAACATTGGCTATGTCATAG_015,46
GAACATTGGCTATGTCATAG_016,175
GAACATTGGCTATGTCATAG_017,184
TGATGCCGGAGATGGCGCAT_001,125
TGATGCCGGAGATGGCGCAT_002,182
TGATGCCGGAGATGGCGCAT_003,24
TGATGCCGGAGATGGCGCAT_004,141
TGATGCCGGAGATGGCGCAT_005,8
TGATGCCGGAGATGGCGCAT_006,113
TGATGCCGGAGATGGCGCAT_007,119
TGATGCCGGAGATGGCGCAT_008,116
TGATGCCGGAGATGGCGCAT_009,169
TGATGCCGGAGATGGCGCAT_010,141
TGATGCCGGAGATGGCGCAT_011,181
TGATGCCGGAGATGGCGCAT_012,73
TGATGCCGGAGATGGCGCAT_013,156
TGATGCCGGAGATGGCGCAT_014,162
TGATGCCGGAGATGGCGCAT_015,169
TGATGCCGGAGATGGCGCAT_016,174
TGATGCCGGAGATGGCGCAT_017,43
TGATGCCGGAGATGGCGCAT_018,68
TGATGCCGGAGATGGCGCAT_019,174
TGATGCCGGAGATGGCGCAT_020,129
TGATGCCGGAGATGGCGCAT_021,174
TGATGCCGGAGATGGCGCAT_022,9
TGATGCCGGAGATGGCGCAT_023,148
TGATGCCGGAGATGGCGCAT_024,190
TGATGCCGGAGATGGCGCAT_025,1
TGATGCCGGAGATGGCGCAT_026,105
TGATGCCGGAGATGGCGCAT_027,105
TGATGCCGGAGATGGCGCAT_028,2
TGATGCCGGAGATGGCGCAT_029,182
TGATGCCGGAGATGGCGCAT_030,16
TGATGCCGGAGATGGCGCAT_031,50
TGATGCCGGAGATGGCGCAT_032,70
TGATGCCGGAGATGGCGCAT_033,157
TGATGCCGGAGATGGCGCAT_034,193
TGATGCCGGAGATGGCGCAT_035,82
TGATGCCGGAGATGGCGCAT_036,16
TGATGCCGGAGATGGCGCAT_037,96
TGATGCCGGAGATGGCGCAT_038,15
TGATGCCGGAGATGGCGCAT_039,63
TGATGCCGGAGATGGCGCAT_040,32
TGATGCCGGAGATGGCGCAT_041,188
TGATGCCGGAGATGGCGCAT_042,184
TGATGCCGGAGATGGCGCAT_043,178
TGAGCTGGACAATGTAACGA_001,149
TGAGCTGGACAATGTAACGA_002,19
TGAGCTGGACAATGTAACGA_003,14
TGAGCTGGACAATGTAACGA_004,67
TGAGCTGGACAATGTAACGA_005,105
TGAGCTGGACAATGTAACGA_006,176
TGAGCTGGACAATGTAACGA_007,199
GTGCTGGGCGTCGAACGGGA_001,114
GTGCTGGGCGTCGAACGGGA_002,63
GTGCTGGGCGTCGAACGGGA_003,29
GTGCTGGGCGTCGAACGGGA_004,77
GTGCTGGGCGTCGAACGGGA_005,53
GTGCTGGGCGTCGAACGGGA_006,98
GTGCTGGGCGTCGAACGGGA_007,140
GTGCTGGGCGTCGAACGGGA_008,153
GTGCTGGGCGTCGAACGGGA_009,86
GTGCTGGGCGTCGAACGGGA_010,161
GTGCTGGGCGTCGAACGGGA_011,80
GTGCTGGGCGTCGAACGGGA_012,35
GTGCTGGGCGTCGAACGGGA_013,118
GTGCTGGGCGTCGAACGGGA_014,94
GTGCTGGGCGTCGAACGGGA_015,62
GATGCGATCTGGATTAACGG_001,2
GATGCGATCTGGATTAACGG_002,117
GATGCGATCTGGATTAACGG_003,145
GATGCGATCTGGATTAACGG_004,2
GATGCGATCTGGATTAACGG_005,171
AAGGACAAGTCAGAGTCTAG_001,69
AAGGACAAGTCAGAGTCTAG_002,134
AAGGACAAGTCAGAGTCTAG_003,94
AAGGACAAGTCAGAGTCTAG_004,15
AAGGACAAGTCAGAGTCTAG_005,93
AAGGACAAGTCAGAGTCTAG_006,63
AAGGACAAGTCAGAGTCTAG_007,113
AAGGACAAGTCAGAGTCTAG_008,9
ATCCAGTTGGAGCAAGACAG_001,85
ATCCAGTTGGAGCAAGACAG_002,92
ATCCAGTTGGAGCAAGACAG_003,10
ATCCAGTTGGAGCAAGACAG_004,130
ATCCAGTTGGAGCAAGACAG_005,69
ATCCAGTTGGAGCAAGACAG_006,104
ATCCAGTTGGAGCAAGACAG_007,59
ATCCAGTTGGAGCAAGACAG_008,95
ATCCAGTTGGAGCAAGACAG_009,190
ATCCAGTTGGAGCAAGACAG_010,108
ATCCAGTTGGAGCAAGACAG_011,15
ATCCAGTTGGAGCAAGACAG_012,149
ATCCAGTTGGAGCAAGACAG_013,103
ATCCAGTTGGAGCAAGACAG_014,19
ATCCAGTTGGAGCAAGACAG_015,144
ATCCAGTTGGAGCAAGACAG_016,124
ATCCAGTTGGAGCAAGACAG_017,170
ATCCAGTTGGAGCAAGACAG_018,86
ATCCAGTTGGAGCAAGACAG_019,21
TGCAGGCAGCGAGTATGACG_001,122
AATGGGAGGTGCATACACTG_001,113
AATGGGAGGTGCATACACTG_002,50
AATGGGAGGTGCATACACTG_003,5
AATGGGAGGTGCATACACTG_004,176
AATGGGAGGTGCATACACTG_005,183
AATGGGAGGTGCATACACTG_006,132
AATGGGAGGTGCATACACTG_007,41
AATGGGAGGTGCATACACTG_008,50
AATGGGAGGTGCATACACTG_009,45
AATGGGAGGTGCATACACTG_010,15
AATGGGAGGTGCATACACTG_011,134
AATGGGAGGTGCATACACTG_012,36
AATGGGAGGTGCATACACTG_013,168
AATGGGAGGTGCATACACTG_014,30
AATGGGAGGTGCATACACTG_015,40
AATGGGAGGTGCATACACTG_016,6
AATGGGAGGTGCATACACTG_017,35
AATGGGAGGTGCATACACTG_018,176
AATGGGAGGTGCATACACTG_019,105
AATGGGAGGTGCATACACTG_020,2
AATGGGAGGTGCATACACTG_021,113
AATGGGAGGTGCATACACTG_022,172
AATGGGAGGTGCATACACTG_023,129
AATGGGAGGTGCATACACTG_024,147
AATGGGAGGTGCATACACTG_025,126
AATGGGAGGTGCATACACTG_026,170
AATGGGAGGTGCATACACTG_027,160
AATGGGAGGTGCATACACTG_028,8
AATGGGAGGTGCATACACTG_029,0
AATGGGAGGTGCATACACTG_030,1
AATGGGAGGTGCATACACTG_031,105
CCGTCATTCTCAGGGACACG_001,113
CCGTCATTCTCAGGGACACG_002,17
CCGTCATTCTCAGGGACACG_003,60
CGACACCGGCATCTCATCGA_001,169
CGACACCGGCATCTCATCGA_002,58
CGACACCGGCATCTCATCGA_003,160
CGACACCGGCATCTCATCGA_004,170
CGACACCGGCATCTCATCGA_005,126
CGACACCGGCATCTCATCGA_006,138
ACACATACTTATCTCTCAGG_001,178
CAGCCATATCAGTCTCGCCA_001,150
CAGCCATATCAGTCTCGCCA_002,103
CAGCCATATCAGTCTCGCCA_003,32
GAAGCTGGAGCAAAACCCGG_001,47
GAAGCTGGAGCAAAACCCGG_002,36
GAAGCTGGAGCAAAACCCGG_003,29
GAAGCTGGAGCAAAACCCGG_004,106
GAAGCTGGAGCAAAACCCGG_005,169
GAAGCTGGAGCAAAACCCGG_006,1
GAAGCTGGAGCAAAACCCGG_007,83
GAAGCTGGAGCAAAACCCGG_008,33
GACATGACTTTCCGGCACGT_001,78
GACATGACTTTCCGGCACGT_002,137
GACATGACTTTCCGGCACGT_003,23
GACATGACTTTCCGGCACGT_004,15
GACATGACTTTCCGGCACGT_005,185
GACATGACTTTCCGGCACGT_006,131
GACATGACTTTCCGGCACGT_007,178
GACATGACTTTCCGGCACGT_008,198
GACATGACTTTCCGGCACGT_009,160
GACATGACTTTCCGGCACGT_010,35
GACATGACTTTCCGGCACGT_011,116
GACATGACTTTCCGGCACGT_012,103
GACATGACTTTCCGGCACGT_013,75
GACATGACTTTCCGGCACGT_014,130
GACATGACTTTCCGGCACGT_015,24
GACATGACTTTCCGGCACGT_016,153
GACATGACTTTCCGGCACGT_017,16
GACATGACTTTCCGGCACGT_018,109
GACATGACTTTCCGGCACGT_019,174
GACATGACTTTCCGGCACGT_020,66
GACATGACTTTCCGGCACGT_021,66
ATACCATTTAATAGACCTCG_001,183
ATACCATTTAATAGACCTCG_002,117
TGCGGCCCAGCCTCATAACA_001,155
TGCGGCCCAGCCTCATAACA_002,172
TGCGGCCCAGCCTCATAACA_003,118
TGCGGCCCAGCCTCATAACA_004,58
TGCGGCCCAGCCTCATAACA_005,169
TGCGGCCCAGCCTCATAACA_006,183
TGCGGCCCAGCCTCATAACA_007,152
TGCGGCCCAGCCTCATAACA_008,163
TGCGGCCCAGCCTCATAACA_009,137
TGCGGCCCAGCCTCATAACA_010,162
TGCGGCCCAGCCTCATAACA_011,35
TGCGGCCCAGCCTCATAACA_012,179
TGCGGCCCAGCCTCATAACA_013,113
TGCGGCCCAGCCTCATAACA_014,190
TGCGGCCCAGCCTCATAACA_015,140
TGCGGCCCAGCCTCATAACA_016,139
TGCGGCCCAGCCTCATAACA_017,23
TGCGGCCCAGCCTCATAACA_018,23
TGCGGCCCAGCCTCATAACA_019,150
TGCGGCCCAGCCTCATAACA_020,10
TGCGGCCCAGCCTCATAACA_021,140
TGCGGCCCAGCCTCATAACA_022,141
TGCGGCCCAGCCTCATAACA_023,44
TGCGGCCCAGCCTCATAACA_024,44
TGCGGCCCAGCCTCATAACA_025,99
TGCGGCCCAGCCTCATAACA_026,106
TGCGGCCCAGCCTCATAACA_027,147
TGCGGCCCAGCCTCATAACA_028,11
TGCGGCCCAGCCTCATAACA_029,147
CTCTGTCTCCAGAATGCACG_001,127
CTCTGTCTCCAGAATGCACG_002,94
CTCTGTCTCCAGAATGCACG_003,132
CTCTGTCTCCAGAATGCACG_004,174
CTCTGTCTCCAGAATGCACG_005,175
GGAAAGTCATTACACAAACC_001,58
GGAAAGTCATTACACAAACC_002,185
GGAAAGTCATTACACAAACC_003,38
GGAAAGTCATTACACAAACC_004,151
TCATGGTAGAGAGCAATGTA_001,119
TCATGGTAGAGAGCAATGTA_002,119
TCATGGTAGAGAGCAATGTA_003,124
GACGAACCTGACCAGTAGGT_001,98
GACGAACCTGACCAGTAGGT_002,33
GACGAACCTGACCAGTAGGT_003,48
GACGAACCTGACCAGTAGGT_004,191
GACGAACCTGACCAGTAGGT_005,56
GACGAACCTGACCAGTAGGT_006,132
TGATGGTTGAACATCACCTG_001,17
TGATGGTTGAACATCACCTG_002,154
TGATGGTTGAACATCACCTG_003,49
TGATGGTTGAACATCACCTG_004,10
TGATGGTTGAACATCACCTG_005,178
TGATGGTTGAACATCACCTG_006,126
GAGAGTTATCTAGATGTAGG_001,120
GAGAGTTATCTAGATGTAGG_002,130
GAGAGTTATCTAGATGTAGG_003,182
GAGAGTTATCTAGATGTAGG_004,156
TGCAAAAGACCAGGCCCCCG_001,197
TGCAAAAGACCAGGCCCCCG_002,132
TGCAAAAGACCAGGCCCCCG_003,53
TGCAAAAGACCAGGCCCCCG_004,106
TGCAAAAGACCAGGCCCCCG_005,20
TGCAAAAGACCAGGCCCCCG_006,45
TGCAAAAGACCAGGCCCCCG_007,16
TGCAAAAGACCAGGCCCCCG_008,103
TGCAAAAGACCAGGCCCCCG_009,150
TGCAAAAGACCAGGCCCCCG_010,140
TGCAAAAGACCAGGCCCCCG_011,83
TGCAAAAGACCAGGCCCCCG_012,63
TGCAAAAGACCAGGCCCCCG_013,2
TGAAGTCTATAAACTTCACA_001,67
TGAAGTCTATAAACTTCACA_002,44
TGAAGTCTATAAACTTCACA_003,105
TGAAGTCTATAAACTTCACA_004,42
TGAAGTCTATAAACTTCACA_005,76
TGAAGTCTATAAACTTCACA_006,182
ACCCAGACACACAAACAGCA_001,105
ACCCAGACACACAAACAGCA_002,5
ACCCAGACACACAAACAGCA_003,83
ACCCAGACACACAAACAGCA_004,180
ACCCAGACACACAAACAGCA_005,174
ACCCAGACACACAAACAGCA_006,145
ACCCAGACACACAAACAGCA_007,101
ACCCAGACACACAAACAGCA_008,31
ACCCAGACACACAAACAGCA_009,62
ACCCAGACACACAAACAGCA_010,50
ACCCAGACACACAAACAGCA_011,174
ACCCAGACACACAAACAGCA_012,19
ACCCAGACACACAAACAGCA_013,112
ATATGAGCATAGAGGGACCC_001,159
ATGTCCTGCTCCGACCTAAG_001,123
ATGTCCTGCTCCGACCTAAG_002,182
ATGTCCTGCTCCGACCTAAG_003,91
ATGTCCTGCTCCGACCTAAG_004,141
TGGTAACCAGACCATTGATG_001,145
TGGTAACCAGACCATTGATG_002,198
TGCTGTGGTCCCATCTCTGG_001,166
TGCTGTGGTCCCATCTCTGG_002,175
AACAGATGTCAGGTTATAAG_001,96
AACAGATGTCAGGTTATAAG_002,146
AACAGATGTCAGGTTATAAG_003,150
AACAGATGTCAGGTTATAAG_004,70
AACAGATGTCAGGTTATAAG_005,194
CCGTACCTCGGCAATCTCTG_001,57
CCGTACCTCGGCAATCTCTG_002,127
CCGTACCTCGGCAATCTCTG_003,116
CCGTACCTCGGCAATCTCTG_004,59
CCGTACCTCGGCAATCTCTG_005,177
CCGTACCTCGGCAATCTCTG_006,102
CCGTACCTCGGCAATCTCTG_007,61
CCGTACCTCGGCAATCTCTG_008,50
CCGTACCTCGGCAATCTCTG_009,21
CCGTACCTCGGCAATCTCTG_010,60
CCGTACCTCGGCAATCTCTG_011,12
CCGTACCTCGGCAATCTCTG_012,99
ACGGGGACCCCTTCTACGCG_001,189
ACGGGGACCCCTTCTACGCG_002,160
ACGGGGACCCCTTCTACGCG_003,55
ACGGGGACCCCTTCTACGCG_004,148
ACGGGGACCCCTTCTACGCG_005,42
ACGGGGACCCCTTCTACGCG_006,105
ACGGGGACCCCTTCTACGCG_007,88
ACGGGGACCCCTTCTACGCG_008,2
ACGGGGACCCCTTCTACGCG_009,174
ACGGGGACCCCTTCTACGCG_010,121
ACGGGGACCCCTTCTACGCG_011,191
ACGGGGACCCCTTCTACGCG_012,40
ACGGGGACCCCTTCTACGCG_013,165
ACGGGGACCCCTTCTACGCG_014,179
ACGGGGACCCCTTCTACGCG_015,52
AAGGTAAATGAATTAACAGG_001,96
AAGGTAAATGAATTAACAGG_002,144
AAGGTAAATGAATTAACAGG_003,38
AAGGTAAATGAATTAACAGG_004,145
AAGGTAAATGAATTAACAGG_005,105
TGATGTTGAAATCCACGAAG_001,5
TGATGTTGAAATCCACGAAG_002,55
TGATGTTGAAATCCACGAAG_003,163
TGATGTTGAAATCCACGAAG_004,32
TGATGTTGAAATCCACGAAG_005,123
TGATGTTGAAATCCACGAAG_006,31
TGATGTTGAAATCCACGAAG_007,175
TGATGTTGAAATCCACGAAG_008,197
TGATGTTGAAATCCACGAAG_009,52
TGATGTTGAAATCCACGAAG_010,179
TGATGTTGAAATCCACGAAG_011,35
TGATGTTGAAATCCACGAAG_012,147
TGATGTTGAAATCCACGAAG_013,74
TGATGTTGAAATCCACGAAG_014,180
GTGTTGGCAAGATTTGCTTG_001,57
GTGTTGGCAAGATTTGCTTG_002,58
GTGTTGGCAAGATTTGCTTG_003,21
GTGTTGGCAAGATTTGCTTG_004,106
GTGTTGGCAAGATTTGCTTG_005,12
GTGTTGGCAAGATTTGCTTG_006,120
GTGTTGGCAAGATTTGCTTG_007,139
GTGTTGGCAAGATTTGCTTG_008,176
GTGTTGGCAAGATTTGCTTG_009,47
GTGTTGGCAAGATTTGCTTG_010,93
GTGTTGGCAAGATTTGCTTG_011,130
GTGTTGGCAAGATTTGCTTG_012,127
GTGTTGGCAAGATTTGCTTG_013,17
GTGTTGGCAAGATTTGCTTG_014,168
GTGTTGGCAAGATTTGCTTG_015,181
GTGTTGGCAAGATTTGCTTG_016,188
GTGTTGGCAAGATTTGCTTG_017,161
CAAGTGCAAGCCCTGTCCCG_001,134
CAAGTGCAAGCCCTGTCCCG_002,140
CAAGTGCAAGCCCTGTCCCG_003,5
CAAGTGCAAGCCCTGTCCCG_004,122
CAAGTGCAAGCCCTGTCCCG_005,197
CAAGTGCAAGCCCTGTCCCG_006,132
TCAAGTCTATGAGTGAGAGC_001,161
TCAAGTCTATGAGTGAGAGC_002,21
TCAAGTCTATGAGTGAGAGC_003,110
TCAAGTCTATGAGTGAGAGC_004,126
TTCTTCTGAGAACTCACTCG_001,116
TTCTTCTGAGAACTCACTCG_002,175
TTCTTCTGAGAACTCACTCG_003,162
CCTTATCCTACCTTAACATG_001,148
CCTTATCCTACCTTAACATG_002,162
CCTTATCCTACCTTAACATG_003,43
CCTTATCCTACCTTAACATG_004,14
CCTTATCCTACCTTAACATG_005,44
CCTTATCCTACCTTAACATG_006,24
CCTTATCCTACCTTAACATG_007,34
CCTTATCCTACCTTAACATG_008,36
GCCCAGTTATGTCGCCAGCG_001,13
GCCCAGTTATGTCGCCAGCG_002,199
GCCCAGTTATGTCGCCAGCG_003,147
GCCCAGTTATGTCGCCAGCG_004,157
GCCCAGTTATGTCGCCAGCG_005,12
GCCCAGTTATGTCGCCAGCG_006,23
GCCCAGTTATGTCGCCAGCG_007,174
GCCCAGTTATGTCGCCAGCG_008,144
GCCCAGTTATGTCGCCAGCG_009,81
GCCCAGTTATGTCGCCAGCG_010,81
GCCCAGTTATGTCGCCAGCG_011,177
TGAATTCAGCCACATGCTCA_001,188
TGAATTCAGCCACATGCTCA_002,137
TGAATTCAGCCACATGCTCA_003,3
TGAATTCAGCCACATGCTCA_004,144
AGCATGCCGAGAATTAACCA_001,140
AGCATGCCGAGAATTAACCA_002,34
AGCATGCCGAGAATTAACCA_003,99
AGCATGCCGAGAATTAACCA_004,7
TGAGTCACCAGACCAGTGCA_001,118
TGAGTCACCAGACCAGTGCA_002,51
TGAGTCACCAGACCAGTGCA_003,178
TGAGTCACCAGACCAGTGCA_004,183
TGAGTCACCAGACCAGTGCA_005,112
TGAGTCACCAGACCAGTGCA_006,50
TGAGTCACCAGACCAGTGCA_007,144
TGAGTCACCAGACCAGTGCA_008,70
TGAGTCACCAGACCAGTGCA_009,70
TGAGTCACCAGACCAGTGCA_010,37
TGAGTCACCAGACCAGTGCA_011,76
TGAGTCACCAGACCAGTGCA_012,48
TGAGTCACCAGACCAGTGCA_013,199
CATCAGAAGCTCCACCACAA_001,56
CATCAGAAGCTCCACCACAA_002,131
ATCGTGGAGTCGGTGTGCGT_001,191
ATCGTGGAGTCGGTGTGCGT_002,130
ATCGTGGAGTCGGTGTGCGT_003,148
ATCGTGGAGTCGGTGTGCGT_004,58
ATCGTGGAGTCGGTGTGCGT_005,154
ATCGTGGAGTCGGTGTGCGT_006,4
ATCGTGGAGTCGGTGTGCGT_007,114
ATCGTGGAGTCGGTGTGCGT_008,114
ATCGTGGAGTCGGTGTGCGT_009,51
ATCGTGGAGTCGGTGTGCGT_010,86
ATCGTGGAGTCGGTGTGCGT_011,74
ATCGTGGAGTCGGTGTGCGT_012,190
ATCGTGGAGTCGGTGTGCGT_013,17
ATCGTGGAGTCGGTGTGCGT_014,36
ATCGTGGAGTCGGTGTGCGT_015,44
ATCGTGGAGTCGGTGTGCGT_016,36
ATCGTGGAGTCGGTGTGCGT_017,108
ATCGTGGAGTCGGTGTGCGT_018,127
ATCGTGGAGTCGGTGTGCGT_019,13
ATCGTGGAGTCGGTGTGCGT_020,2
ATCGTGGAGTCGGTGTGCGT_021,38
ATCGTGGAGTCGGTGTGCGT_022,33
ATCGTGGAGTCGGTGTGCGT_023,130
ATCGTGGAGTCGGTGTGCGT_024,136
ATCGTGGAGTCGGTGTGCGT_025,130
ATCGTGGAGTCGGTGTGCGT_026,79
ATCGTGGAGTCGGTGTGCGT_027,46
ATCGTGGAGTCGGTGTGCGT_028,177
ATCGTGGAGTCGGTGTGCGT_029,115
ATCGTGGAGTCGGTGTGCGT_030,197
ATCGTGGAGTCGGTGTGCGT_031,33
ATCGTGGAGTCGGTGTGCGT_032,115
ATCGTGGAGTCGGTGTGCGT_033,166
ATCGTGGAGTCGGTGTGCGT_034,178
GTGGAGGACTACCTGGCAAG_001,7
GTGGAGGACTACCTGGCAAG_002,85
GTGGAGGACTACCTGGCAAG_003,88
GTGGAGGACTACCTGGCAAG_004,185
GTGGAGGACTACCTGGCAAG_005,190
TGGCCACACCTCTGCCCAGG_001,176
TGGCCACACCTCTGCCCAGG_002,100
TGGCCACACCTCTGCCCAGG_003,68
TGGCCACACCTCTGCCCAGG_004,77
TGGCCACACCTCTGCCCAGG_005,67
CTTTGATTGCTAACCCAAGG_001,151
CTTTGATTGCTAACCCAAGG_002,74
CTTTGATTGCTAACCCAAGG_003,33
CTTTGATTGCTAACCCAAGG_004,87
CTTTGATTGCTAACCCAAGG_005,87
GACGCTACAACATCAAACTG_001,152
GACGCTACAACATCAAACTG_002,108
GACGCTACAACATCAAACTG_003,106
GACGCTACAACATCAAACTG_004,155
GACGCTACAACATCAAACTG_005,50
AGCCGGCTTGTGACAGTGAA_001,16
AGCCGGCTTGTGACAGTGAA_002,42
AGCCGGCTTGTGACAGTGAA_003,166
AGCCGGCTTGTGACAGTGAA_004,34
AGCCGGCTTGTGACAGTGAA_005,49
AGCCGGCTTGTGACAGTGAA_006,102
AGCCGGCTTGTGACAGTGAA_007,2
AGCCGGCTTGTGACAGTGAA_008,118
AGCCGGCTTGTGACAGTGAA_009,91
AGCCGGCTTGTGACAGTGAA_010,172
AGCCGGCTTGTGACAGTGAA_011,197
AGCCGGCTTGTGACAGTGAA_012,84
AGCCGGCTTGTGACAGTGAA_013,83
AGCCGGCTTGTGACAGTGAA_014,115
AGCCGGCTTGTGACAGTGAA_015,118
AGCCGGCTTGTGACAGTGAA_016,168
AGCCGGCTTGTGACAGTGAA_017,14
AGCCGGCTTGTGACAGTGAA_018,127
AGCCGGCTTGTGACAGTGAA_019,2
AGCCGGCTTGTGACAGTGAA_020,2
AGCCGGCTTGTGACAGTGAA_021,63
AGCCGGCTTGTGACAGTGAA_022,49
AGCCGGCTTGTGACAGTGAA_023,149
AGCCGGCTTGTGACAGTGAA_024,5
AGCCGGCTTGTGACAGTGAA_025,13
AGCCGGCTTGTGACAGTGAA_026,162
AGCCGGCTTGTGACAGTGAA_027,190
AGCCGGCTTGTGACAGTGAA_028,9
AGCCGGCTTGTGACAGTGAA_029,16
AGCCGGCTTGTGACAGTGAA_030,184
AGCCGGCTTGTGACAGTGAA_031,56
AGCCGGCTTGTGACAGTGAA_032,56
AGCCGGCTTGTGACAGTGAA_033,46
AGCCGGCTTGTGACAGTGAA_034,1
AGCCGGCTTGTGACAGTGAA_035,118
AGCCGGCTTGTGACAGTGAA_036,88
AGCCGGCTTGTGACAGTGAA_037,88
AGCCGGCTTGTGACAGTGAA_038,9
AGCCGGCTTGTGACAGTGAA_039,125
AGCCGGCTTGTGACAGTGAA_040,147
TGAGCTCTCCGGAAACTGCT_001,112
TGAGCTCTCCGGAAACTGCT_002,141
TGAGCTCTCCGGAAACTGCT_003,190
TGAGCTCTCCGGAAACTGCT_004,186
TGAGCTCTCCGGAAACTGCT_005,149
TGAGCTCTCCGGAAACTGCT_006,39
TGAGCTCTCCGGAAACTGCT_007,124
TGAGCTCTCCGGAAACTGCT_008,81
TGAGCTCTCCGGAAACTGCT_009,56
TGAGCTCTCCGGAAACTGCT_010,76
TGAGCTCTCCGGAAACTGCT_011,113
CAGAATGAGAGTGAAAACGA_001,15
CAGAATGAGAGTGAAAACGA_002,134
TGATGACCTTTACGTGACCG_001,62
TGATGACCTTTACGTGACCG_002,96
TGATGACCTTTACGTGACCG_003,188
TGATGACCTTTACGTGACCG_004,27
TGATGACCTTTACGTGACCG_005,112
GGGCGCACAGAATTTATCTG_001,163
GGGCGCACAGAATTTATCTG_002,105
GGGCGCACAGAATTTATCTG_003,190
GGGCGCACAGAATTTATCTG_004,171
GGGCGCACAGAATTTATCTG_005,166
GGGCGCACAGAATTTATCTG_006,130
GGGCGCACAGAATTTATCTG_007,88
GGGCGCACAGAATTTATCTG_008,162
GGGCGCACAGAATTTATCTG_009,199
GGGCGCACAGAATTTATCTG_010,127
GGGCGCACAGAATTTATCTG_011,81
GGGCGCACAGAATTTATCTG_012,17
GGGCGCACAGAATTTATCTG_013,63
GGGCGCACAGAATTTATCTG_014,1
GGGCGCACAGAATTTATCTG_015,19
GGGCGCACAGAATTTATCTG_016,135
GGGCGCACAGAATTTATCTG_017,16
TGGGTCATGATCTCTGAACA_001,95
GCAAGGCGCCTACCTCCAGA_001,4
GCAAGGCGCCTACCTCCAGA_002,160
GCAAGGCGCCTACCTCCAGA_003,35
GCAAGGCGCCTACCTCCAGA_004,46
GAGGCTGAAAGTGTAACAGA_001,97
GAGGCTGAAAGTGTAACAGA_002,149
GAGGCTGAAAGTGTAACAGA_003,34
CATTCTTCAGTGTGCAAGTG_001,129
CATTCTTCAGTGTGCAAGTG_002,29
CATTCTTCAGTGTGCAAGTG_003,48
CATTCTTCAGTGTGCAAGTG_004,137
CATTCTTCAGTGTGCAAGTG_005,177
CATTCTTCAGTGTGCAAGTG_006,150
CATTCTTCAGTGTGCAAGTG_007,5
CATTCTTCAGTGTGCAAGTG_008,93
CATTCTTCAGTGTGCAAGTG_009,8
CATTCTTCAGTGTGCAAGTG_010,127
CATTCTTCAGTGTGCAAGTG_011,72
CATTCTTCAGTGTGCAAGTG_012,183
CATTCTTCAGTGTGCAAGTG_013,121
CATTCTTCAGTGTGCAAGTG_014,113
CATTCTTCAGTGTGCAAGTG_015,149
CATTCTTCAGTGTGCAAGTG_016,53
CATTCTTCAGTGTGCAAGTG_017,17
CATTCTTCAGTGTGCAAGTG_018,26
CATTCTTCAGTGTGCAAGTG_019,113
CATTCTTCAGTGTGCAAGTG_020,168
CATTCTTCAGTGTGCAAGTG_021,38
CATTCTTCAGTGTGCAAGTG_022,44
CATTCTTCAGTGTGCAAGTG_023,116
CATTCTTCAGTGTGCAAGTG_024,174
CATTCTTCAGTGTGCAAGTG_025,165
CATTCTTCAGTGTGCAAGTG_026,12
AAAACATAGAAAAACGTGTG_001,189
AAAACATAGAAAAACGTGTG_002,85
AACGTGGCAACCAACGCTGG_001,54
AACGTGGCAACCAACGCTGG_002,17
AACGTGGCAACCAACGCTGG_003,181
AACGTGGCAACCAACGCTGG_004,102
AACGTGGCAACCAACGCTGG_005,63
AACGTGGCAACCAACGCTGG_006,104
AACGTGGCAACCAACGCTGG_007,171
AACGTGGCAACCAACGCTGG_008,24
AACGTGGCAACCAACGCTGG_009,58
AACGTGGCAACCAACGCTGG_010,12
AACGTGGCAACCAACGCTGG_011,183
AACGTGGCAACCAACGCTGG_012,188
AACGTGGCAACCAACGCTGG_013,76
AACGTGGCAACCAACGCTGG_014,103
AACGTGGCAACCAACGCTGG_015,96
AACGTGGCAACCAACGCTGG_016,62
AACGTGGCAACCAACGCTGG_017,61
AACGTGGCAACCAACGCTGG_018,86
AACGTGGCAACCAACGCTGG_019,69
AACGTGGCAACCAACGCTGG_020,196
AACGTGGCAACCAACGCTGG_021,123
AACGTGGCAACCAACGCTGG_022,140
AACGTGGCAACCAACGCTGG_023,186
AACGTGGCAACCAACGCTGG_024,55
AACGTGGCAACCAACGCTGG_025,140
AACGTGGCAACCAACGCTGG_026,149
AACGTGGCAACCAACGCTGG_027,105
AACGTGGCAACCAACGCTGG_028,4
AACGTGGCAACCAACGCTGG_029,58
AACGTGGCAACCAACGCTGG_030,135
AACGTGGCAACCAACGCTGG_031,163
AACGTGGCAACCAACGCTGG_032,0
AACGTGGCAACCAACGCTGG_033,154
AACGTGGCAACCAACGCTGG_034,20
AACGTGGCAACCAACGCTGG_035,81
AACGTGGCAACCAACGCTGG_036,62
AACGTGGCAACCAACGCTGG_037,133
AACGTGGCAACCAACGCTGG_038,190
AACGTGGCAACCAACGCTGG_039,190
ATTGAAAAGTATGTAGACCA_001,12
ATTGAAAAGTATGTAGACCA_002,190
ATTGAAAAGTATGTAGACCA_003,113
ATTGAAAAGTATGTAGACCA_004,38
ATTGAAAAGTATGTAGACCA_005,61
ATTGAAAAGTATGTAGACCA_006,168
ATTGAAAAGTATGTAGACCA_007,91
CAGTGTGCTCTCAAGCCGGT_001,121
CAGTGTGCTCTCAAGCCGGT_002,102
CAGTGTGCTCTCAAGCCGGT_003,144
CAGTGTGCTCTCAAGCCGGT_004,35
AGATATGACGACTCAGTGAA_001,85
AGATATGACGACTCAGTGAA_002,58
GAGCTGCAGAAGATTCAGGC_001,49
GAGCTGCAGAAGATTCAGGC_002,106
GAGCTGCAGAAGATTCAGGC_003,62
GAGCTGCAGAAGATTCAGGC_004,179
GAGCTGCAGAAGATTCAGGC_005,22
GAGCTGCAGAAGATTCAGGC_006,168
GAGCTGCAGAAGATTCAGGC_007,174
GAGCTGCAGAAGATTCAGGC_008,188
GAGCTGCAGAAGATTCAGGC_009,46
GAGCTGCAGAAGATTCAGGC_010,157
GAGCTGCAGAAGATTCAGGC_011,169
GAGCTGCAGAAGATTCAGGC_012,104
GAGCTGCAGAAGATTCAGGC_013,3
GAGCTGCAGAAGATTCAGGC_014,147
GAGCTGCAGAAGATTCAGGC_015,106
GAGCTGCAGAAGATTCAGGC_016,74
ATGCTGAACATCTCGCCCAT_001,131
ATGCTGAACATCTCGCCCAT_002,19
ATGCTGAACATCTCGCCCAT_003,158
ATGCTGAACATCTCGCCCAT_004,53
ATGCTGAACATCTCGCCCAT_005,98
ATGCTGAACATCTCGCCCAT_006,16
ATGCTGAACATCTCGCCCAT_007,116
ATGCTGAACATCTCGCCCAT_008,169
ATGCTGAACATCTCGCCCAT_009,140
CTCAAATAGAAATGTGCCTG_001,191
CTCAAATAGAAATGTGCCTG_002,12
CTCAAATAGAAATGTGCCTG_003,147
CTCAAATAGAAATGTGCCTG_004,22
CTCAAATAGAAATGTGCCTG_005,26
CTCAAATAGAAATGTGCCTG_006,153
CTCAAATAGAAATGTGCCTG_007,81
AATACTGAACCAAATTGCTG_001,120
AATACTGAACCAAATTGCTG_002,48
TGAAGTCCGCTGTTGAAAGA_001,154
TGAAGTCCGCTGTTGAAAGA_002,41
TGAAGTCCGCTGTTGAAAGA_003,188
TGAAGTCCGCTGTTGAAAGA_004,105
TGAAGTCCGCTGTTGAAAGA_005,195
TATATCGCTCATAAATGGTG_001,151
TATATCGCTCATAAATGGTG_002,84
TATATCGCTCATAAATGGTG_003,13
TTAAAGGAGAAGTTACGGGA_001,140
TTAAAGGAGAAGTTACGGGA_002,92
TTAAAGGAGAAGTTACGGGA_003,193
TTAAAGGAGAAGTTACGGGA_004,60
TTAAAGGAGAAGTTACGGGA_005,182
TTAAAGGAGAAGTTACGGGA_006,84
AGCAAAGTTGTCATCACACA_001,42
AGCAAAGTTGTCATCACACA_002,98
AGCAAAGTTGTCATCACACA_003,27
AGCAAAGTTGTCATCACACA_004,177
AGTCATCAGAGCATGTATGG_001,91
AGTCATCAGAGCATGTATGG_002,9
AGTCATCAGAGCATGTATGG_003,138
GGAGGTACAGAATGCCGTGT_001,125
GGAGGTACAGAATGCCGTGT_002,130
GGAGGTACAGAATGCCGTGT_003,77
GGAGGTACAGAATGCCGTGT_004,49
GGAGGTACAGAATGCCGTGT_005,130
GGAGGTACAGAATGCCGTGT_006,62
GGAGGTACAGAATGCCGTGT_007,82
GGAGGTACAGAATGCCGTGT_008,40
GGAGGTACAGAATGCCGTGT_009,89
GGAGGTACAGAATGCCGTGT_010,177
TAGCCTGAAGAAACGTCTAC_001,12
TAGCCTGAAGAAACGTCTAC_002,43
TAGCCTGAAGAAACGTCTAC_003,141
TAGCCTGAAGAAACGTCTAC_004,127
TAGCCTGAAGAAACGTCTAC_005,81
TAGCCTGAAGAAACGTCTAC_006,115
TAGCCTGAAGAAACGTCTAC_007,108
TAGCCTGAAGAAACGTCTAC_008,61
TAGCCTGAAGAAACGTCTAC_009,184
TAGCCTGAAGAAACGTCTAC_010,72
TAGCCTGAAGAAACGTCTAC_011,20
TAGCCTGAAGAAACGTCTAC_012,57
TAGCCTGAAGAAACGTCTAC_013,50
TAGCCTGAAGAAACGTCTAC_014,118
TAGCCTGAAGAAACGTCTAC_015,118
CCGAGGACATCGAGTCTGCG_001,178
CCGAGGACATCGAGTCTGCG_002,178
CCGAGGACATCGAGTCTGCG_003,58
CCGAGGACATCGAGTCTGCG_004,60
CCGAGGACATCGAGTCTGCG_005,102
CCGAGGACATCGAGTCTGCG_006,127
ACTGGGTTACATGCCCAACG_001,28
ACTGGGTTACATGCCCAACG_002,104
ACTGGGTTACATGCCCAACG_003,81
CCTAAAGCTCCTTGACAACT_001,190
CCTAAAGCTCCTTGACAACT_002,52
CCTAAAGCTCCTTGACAACT_003,137
CCTAAAGCTCCTTGACAACT_004,133
CCTAAAGCTCCTTGACAACT_005,94
CCTAAAGCTCCTTGACAACT_006,134
CCTAAAGCTCCTTGACAACT_007,4
CCTAAAGCTCCTTGACAACT_008,107
CCTAAAGCTCCTTGACAACT_009,31
CCTAAAGCTCCTTGACAACT_010,137
CCTAAAGCTCCTTGACAACT_011,150
CCTAAAGCTCCTTGACAACT_012,26
TGACCATGCCTTGCTGAGCG_001,70
TGACCATGCCTTGCTGAGCG_002,15
TGACCATGCCTTGCTGAGCG_003,138
TGACCATGCCTTGCTGAGCG_004,58
TGACCATGCCTTGCTGAGCG_005,8
TGACCATGCCTTGCTGAGCG_006,4
TGACCATGCCTTGCTGAGCG_007,174
GGGCCTCAATCTCATCCGTG_001,51
GGGCCTCAATCTCATCCGTG_002,39
GGGCCTCAATCTCATCCGTG_003,197
GGGCCTCAATCTCATCCGTG_004,37
GGGCCTCAATCTCATCCGTG_005,63
GGGCCTCAATCTCATCCGTG_006,40
GGGCCTCAATCTCATCCGTG_007,98
GGGCCTCAATCTCATCCGTG_008,154
GGGCCTCAATCTCATCCGTG_009,130
GGGCCTCAATCTCATCCGTG_010,162
GGGCCTCAATCTCATCCGTG_011,144
AGAGCTGGACATCCGCCCAA_001,163
AGAGCTGGACATCCGCCCAA_002,77
AGAGCTGGACATCCGCCCAA_003,103
AGAGCTGGACATCCGCCCAA_004,87
AGAGCTGGACATCCGCCCAA_005,136
AGAGCTGGACATCCGCCCAA_006,168
AGAGCTGGACATCCGCCCAA_007,9
AGAGCTGGACATCCGCCCAA_008,135
AGAGCTGGACATCCGCCCAA_009,5
AGAGCTGGACATCCGCCCAA_010,160
AGAGCTGGACATCCGCCCAA_011,145
AGAGCTGGACATCCGCCCAA_012,134
AGAGCTGGACATCCGCCCAA_013,151
AGCCGGCTCAGGGACGCCCG_001,146
AGCCGGCTCAGGGACGCCCG_002,140
AGCCGGCTCAGGGACGCCCG_003,46
AGCCGGCTCAGGGACGCCCG_004,64
AGCCGGCTCAGGGACGCCCG_005,41
AGCCGGCTCAGGGACGCCCG_006,105
AGCCGGCTCAGGGACGCCCG_007,98
AGCCGGCTCAGGGACGCCCG_008,156
AGCCGGCTCAGGGACGCCCG_009,183
AGCCGGCTCAGGGACGCCCG_010,78
AGCCGGCTCAGGGACGCCCG_011,48
AGCCGGCTCAGGGACGCCCG_012,15
AGCCGGCTCAGGGACGCCCG_013,48
AGCCGGCTCAGGGACGCCCG_014,186
AGCCGGCTCAGGGACGCCCG_015,172
AGCCGGCTCAGGGACGCCCG_016,125
AGCCGGCTCAGGGACGCCCG_017,159
AGCCGGCTCAGGGACGCCCG_018,191
AGCCGGCTCAGGGACGCCCG_019,94
AGCCGGCTCAGGGACGCCCG_020,9
AGCCGGCTCAGGGACGCCCG_021,147
AGCCGGCTCAGGGACGCCCG_022,50
AGCCGGCTCAGGGACGCCCG_023,44
AGCCGGCTCAGGGACGCCCG_024,105
AGCCGGCTCAGGGACGCCCG_025,6
AGCCGGCTCAGGGACGCCCG_026,28
AGCCGGCTCAGGGACGCCCG_027,159
AGCCGGCTCAGGGACGCCCG_028,155
AGCCGGCTCAGGGACGCCCG_029,63
AGCCGGCTCAGGGACGCCCG_030,102
AGCCGGCTCAGGGACGCCCG_031,182
ATGTATTTCTACACGAACAG_001,85
ATGTATTTCTACACGAACAG_002,114
GATCAGCAAGATATTACCAA_001,74
GGTGAGCTCGGCCGGCACGT_001,129
GGTGAGCTCGGCCGGCACGT_002,177
GGTGAGCTCGGCCGGCACGT_003,30
GGTGAGCTCGGCCGGCACGT_004,82
GGTGAGCTCGGCCGGCACGT_005,152
GGTGAGCTCGGCCGGCACGT_006,91
GGTGAGCTCGGCCGGCACGT_007,83
GGTGAGCTCGGCCGGCACGT_008,47
GGTGAGCTCGGCCGGCACGT_009,108
GGTGAGCTCGGCCGGCACGT_010,121
GGTGAGCTCGGCCGGCACGT_011,111
GGTGAGCTCGGCCGGCACGT_012,35
GGTGAGCTCGGCCGGCACGT_013,159
GGTGAGCTCGGCCGGCACGT_014,52
GGTGAGCTCGGCCGGCACGT_015,77
GGTGAGCTCGGCCGGCACGT_016,69
CATTGAGCTCCCTGTCAAAG_001,127
CATTGAGCTCCCTGTCAAAG_002,191
CATTGAGCTCCCTGTCAAAG_003,88
CATTGAGCTCCCTGTCAAAG_004,150
CATTGAGCTCCCTGTCAAAG_005,156
CATTGAGCTCCCTGTCAAAG_006,116
CATTGAGCTCCCTGTCAAAG_007,129
CATTGAGCTCCCTGTCAAAG_008,48
CATTGAGCTCCCTGTCAAAG_009,170
CATTGAGCTCCCTGTCAAAG_010,111
GAACTTCTACAGTGCTACGC_001,148
GAACTTCTACAGTGCTACGC_002,58
GAACTTCTACAGTGCTACGC_003,105
GAACTTCTACAGTGCTACGC_004,115
GAACTTCTACAGTGCTACGC_005,169
CTGTGTTTGCAGAACGCAGT_001,177
CTGTGTTTGCAGAACGCAGT_002,177
CTGTGTTTGCAGAACGCAGT_003,21
CTGTGTTTGCAGAACGCAGT_004,85
CTGTGTTTGCAGAACGCAGT_005,159
CTGTGTTTGCAGAACGCAGT_006,117
CTGTGTTTGCAGAACGCAGT_007,149
CTGTGTTTGCAGAACGCAGT_008,102
CGCCAGAAACAGGATAATTG_001,12
CGCCAGAAACAGGATAATTG_002,31
CGCCAGAAACAGGATAATTG_003,43
CGCCAGAAACAGGATAATTG_004,199
CCAGACCTTGACAGTCTACG_001,27
CCAGACCTTGACAGTCTACG_002,70
CCAGACCTTGACAGTCTACG_003,39
CCAGACCTTGACAGTCTACG_004,7
CCAGACCTTGACAGTCTACG_005,158
CCAGACCTTGACAGTCTACG_006,139
CCAGACCTTGACAGTCTACG_007,194
CCAGACCTTGACAGTCTACG_008,28
CCAGACCTTGACAGTCTACG_009,82
CCAGACCTTGACAGTCTACG_010,5
CCAGACCTTGACAGTCTACG_011,125
CCAGACCTTGACAGTCTACG_012,147
CCAGACCTTGACAGTCTACG_013,151
CCAGACCTTGACAGTCTACG_014,58
CCAGACCTTGACAGTCTACG_015,120
CCAGACCTTGACAGTCTACG_016,12
CCAGACCTTGACAGTCTACG_017,142
CCAGACCTTGACAGTCTACG_018,147
CCAGACCTTGACAGTCTACG_019,147
CCAGACCTTGACAGTCTACG_020,16
CCAGACCTTGACAGTCTACG_021,18
CCAGACCTTGACAGTCTACG_022,115
CCAGACCTTGACAGTCTACG_023,20
TTGGAGGCTGCAAAATGTAG_001,107
TTGGAGGCTGCAAAATGTAG_002,178
TTGGAGGCTGCAAAATGTAG_003,82
TTGGAGGCTGCAAAATGTAG_004,55
TTGGAGGCTGCAAAATGTAG_005,28
TTGGAGGCTGCAAAATGTAG_006,198
TTGGAGGCTGCAAAATGTAG_007,18
TTGGAGGCTGCAAAATGTAG_008,28
TTGGAGGCTGCAAAATGTAG_009,124
AGTCCATCCAGTGTCCCCAG_001,97
AGTCCATCCAGTGTCCCCAG_002,34
AGTCCATCCAGTGTCCCCAG_003,115
AGTCCATCCAGTGTCCCCAG_004,158
AGTCCATCCAGTGTCCCCAG_005,178
AGTCCATCCAGTGTCCCCAG_006,188
AGTCCATCCAGTGTCCCCAG_007,168
AGTCCATCCAGTGTCCCCAG_008,9
AGTCCATCCAGTGTCCCCAG_009,115
AGTCCATCCAGTGTCCCCAG_010,36
TCATCAAATCCAATTATCAG_001,169
TCATCAAATCCAATTATCAG_002,68
TCATCAAATCCAATTATCAG_003,199
GCTGTGCCGGACTGTGAATG_001,101
GCTGTGCCGGACTGTGAATG_002,111
GCTGTGCCGGACTGTGAATG_003,196
GCTGTGCCGGACTGTGAATG_004,178
GCTGTGCCGGACTGTGAATG_005,38
GCTGTGCCGGACTGTGAATG_006,76
GCTGTGCCGGACTGTGAATG_007,30
GCTGTGCCGGACTGTGAATG_008,129
GCTGTGCCGGACTGTGAATG_009,87
GCTGTGCCGGACTGTGAATG_010,87
GCTGTGCCGGACTGTGAATG_011,47
GCTGTGCCGGACTGTGAATG_012,113
AAGAACCCACCTAAATGTTG_001,19
AAGAACCCACCTAAATGTTG_002,184
AAGAACCCACCTAAATGTTG_003,143
AAGAACCCACCTAAATGTTG_004,90
AAGAACCCACCTAAATGTTG_005,181
AAGAACCCACCTAAATGTTG_006,8
AAGAACCCACCTAAATGTTG_007,48
AAGAACCCACCTAAATGTTG_008,177
AAGAACCCACCTAAATGTTG_009,160
AAGAACCCACCTAAATGTTG_010,88
AAGAACCCACCTAAATGTTG_011,88
AAGAACCCACCTAAATGTTG_012,42
AAGAACCCACCTAAATGTTG_013,172
AAGAACCCACCTAAATGTTG_014,162
AAGAACCCACCTAAATGTTG_015,110
AAGAACCCACCTAAATGTTG_016,50
CATGCAGACTTTAGCCCCTG_001,168
CATGCAGACTTTAGCCCCTG_002,81
CATGCAGACTTTAGCCCCTG_003,8
CATGCAGACTTTAGCCCCTG_004,184
CATGCAGACTTTAGCCCCTG_005,149
CATGCAGACTTTAGCCCCTG_006,105
CATGCAGACTTTAGCCCCTG_007,172
CATGCAGACTTTAGCCCCTG_008,55
CATGCAGACTTTAGCCCCTG_009,77
CATGCAGACTTTAGCCCCTG_010,39
AGAGACAGGTACCTTGCAAG_001,53
AGAGACAGGTACCTTGCAAG_002,134
AGAGACAGGTACCTTGCAAG_003,105
AGAGACAGGTACCTTGCAAG_004,53
AGAGACAGGTACCTTGCAAG_005,165
AGAGACAGGTACCTTGCAAG_006,29
AGAGACAGGTACCTTGCAAG_007,27
AGAGACAGGTACCTTGCAAG_008,155
AGAGACAGGTACCTTGCAAG_009,97
AGAGACAGGTACCTTGCAAG_010,73
AGAGACAGGTACCTTGCAAG_011,103
AGAGACAGGTACCTTGCAAG_012,117
AGAGACAGGTACCTTGCAAG_013,81
AGAGACAGGTACCTTGCAAG_014,165
AGAGACAGGTACCTTGCAAG_015,177
AGAGACAGGTACCTTGCAAG_016,155
TTGGTGACAGAGGACTTACG_001,59
TTGGTGACAGAGGACTTACG_002,100
TTGGTGACAGAGGACTTACG_003,104
TTGGTGACAGAGGACTTACG_004,191
TTGGTGACAGAGGACTTACG_005,149
TTGGTGACAGAGGACTTACG_006,5
TTGGTGACAGAGGACTTACG_007,187
TTGGTGACAGAGGACTTACG_008,117
TTGGTGACAGAGGACTTACG_009,169
TTGGTGACAGAGGACTTACG_010,177
TTGGTGACAGAGGACTTACG_011,61
TTGGTGACAGAGGACTTACG_012,29
TTGGTGACAGAGGACTTACG_013,152
TTGGTGACAGAGGACTTACG_014,138
TTGGTGACAGAGGACTTACG_015,138
TTGGTGACAGAGGACTTACG_016,81
ATCAGCTCTCGACTCTAGCA_001,9
ATCAGCTCTCGACTCTAGCA_002,94
AGAGGGGGACTACAACGTCA_001,170
AGAGGGGGACTACAACGTCA_002,58
AGAGGGGGACTACAACGTCA_003,14
GAGGTGGTGGAACAAATCCT_001,70
GAGGTGGTGGAACAAATCCT_002,162
GGGTCCGTGTCGCCCAGGTA_001,177
GGGTCCGTGTCGCCCAGGTA_002,15
GGGTCCGTGTCGCCCAGGTA_003,60
GGGTCCGTGTCGCCCAGGTA_004,149
GGGTCCGTGTCGCCCAGGTA_005,104
GGGTCCGTGTCGCCCAGGTA_006,181
GGGTCCGTGTCGCCCAGGTA_007,62
GGGTCCGTGTCGCCCAGGTA_008,182
GGGTCCGTGTCGCCCAGGTA_009,5
GGGTCCGTGTCGCCCAGGTA_010,165
GGGTCCGTGTCGCCCAGGTA_011,12
GGGTCCGTGTCGCCCAGGTA_012,168
GGGTCCGTGTCGCCCAGGTA_013,91
GGGTCCGTGTCGCCCAGGTA_014,82
GGGTCCGTGTCGCCCAGGTA_015,198
GGGTCCGTGTCGCCCAGGTA_016,89
GGGTCCGTGTCGCCCAGGTA_017,126
GGGTCCGTGTCGCCCAGGTA_018,126
GGGTCCGTGTCGCCCAGGTA_019,171
GGGTCCGTGTCGCCCAGGTA_020,25
GGGTCCGTGTCGCCCAGGTA_021,173
GGGTCCGTGTCGCCCAGGTA_022,2
GGGTCCGTGTCGCCCAGGTA_023,58
GGGTCCGTGTCGCCCAGGTA_024,144
GGGTCCGTGTCGCCCAGGTA_025,69
GGGTCCGTGTCGCCCAGGTA_026,146
GGGTCCGTGTCGCCCAGGTA_027,121
GGGTCCGTGTCGCCCAGGTA_028,37
GGGTCCGTGTCGCCCAGGTA_029,128
GGGTCCGTGTCGCCCAGGTA_030,198
CAAGATCATCTTACAAGCGG_001,168
CAAGATCATCTTACAAGCGG_002,177
CAAGATCATCTTACAAGCGG_003,15
CAAGATCATCTTACAAGCGG_004,88
CAAGATCATCTTACAAGCGG_005,39
CAAGATCATCTTACAAGCGG_006,16
CAAGATCATCTTACAAGCGG_007,51
CAAGATCATCTTACAAGCGG_008,51
ATGCGGATGGGATAGTGAAG_001,92
ACAGTAGTTTAACTGATACC_001,115
ACAGTAGTTTAACTGATACC_002,138
ACAGTAGTTTAACTGATACC_003,166
ACAGTAGTTTAACTGATACC_004,194
ACAGTAGTTTAACTGATACC_005,83
ACAGTAGTTTAACTGATACC_006,68
ACAGTAGTTTAACTGATACC_007,136
AGACCAGCCTCAGCACAGGT_001,169
AGACCAGCCTCAGCACAGGT_002,29
AGACCAGCCTCAGCACAGGT_003,2
AGACCAGCCTCAGCACAGGT_004,146
AGACCAGCCTCAGCACAGGT_005,79
AGACCAGCCTCAGCACAGGT_006,61
AGACCAGCCTCAGCACAGGT_007,106
AGACCAGCCTCAGCACAGGT_008,69
AGACCAGCCTCAGCACAGGT_009,72
AGACCAGCCTCAGCACAGGT_010,103
AGACCAGCCTCAGCACAGGT_011,98
AGACCAGCCTCAGCACAGGT_012,31
AGACCAGCCTCAGCACAGGT_013,91
AGACCAGCCTCAGCACAGGT_014,8
AGACCAGCCTCAGCACAGGT_015,86
AGACCAGCCTCAGCACAGGT_016,42
AGACCAGCCTCAGCACAGGT_017,44
AGACCAGCCTCAGCACAGGT_018,117
AGACCAGCCTCAGCACAGGT_019,117
AGACCAGCCTCAGCACAGGT_020,11
AGACCAGCCTCAGCACAGGT_021,109
AGACCAGCCTCAGCACAGGT_022,172
AGACCAGCCTCAGCACAGGT_023,178
AGACCAGCCTCAGCACAGGT_024,149
AGACCAGCCTCAGCACAGGT_025,41
AGACCAGCCTCAGCACAGGT_026,132
AGACCAGCCTCAGCACAGGT_027,25
AGACCAGCCTCAGCACAGGT_028,147
AGACCAGCCTCAGCACAGGT_029,71
AGACCAGCCTCAGCACAGGT_030,3
AGACCAGCCTCAGCACAGGT_031,175
AGACCAGCCTCAGCACAGGT_032,99
AGACCAGCCTCAGCACAGGT_033,77
AGACCAGCCTCAGCACAGGT_034,188
AGACCAGCCTCAGCACAGGT_035,136
AGACCAGCCTCAGCACAGGT_036,45
AGACCAGCCTCAGCACAGGT_037,176
AGACCAGCCTCAGCACAGGT_038,35
AGACCAGCCTCAGCACAGGT_039,6
AGACCAGCCTCAGCACAGGT_040,84
AGACCAGCCTCAGCACAGGT_041,123
AGACCAGCCTCAGCACAGGT_042,89
AGACCAGCCTCAGCACAGGT_043,92
AGAGAGAACAGGATGCCCTG_001,18
AGAGAGAACAGGATGCCCTG_002,36
AGAGAGAACAGGATGCCCTG_003,151
AGAGAGAACAGGATGCCCTG_004,43
AGAGAGAACAGGATGCCCTG_005,126
AGAGAGAACAGGATGCCCTG_006,188
AGAGAGAACAGGATGCCCTG_007,115
AGAGAGAACAGGATGCCCTG_008,130
AGAGAGAACAGGATGCCCTG_009,160
AGAGAGAACAGGATGCCCTG_010,78
AGAGAGAACAGGATGCCCTG_011,8
AGAGAGAACAGGATGCCCTG_012,66
AGAGAGAACAGGATGCCCTG_013,11
AGAGAGAACAGGATGCCCTG_014,11
AGAGAGAACAGGATGCCCTG_015,43
AGAGAGAACAGGATGCCCTG_016,50
AGAGAGAACAGGATGCCCTG_017,48
AGAGAGAACAGGATGCCCTG_018,156
AGAGAGAACAGGATGCCCTG_019,68
AGAGAGAACAGGATGCCCTG_020,178
AGAGAGAACAGGATGCCCTG_021,183
CAGACCAGTCCGAGTCGGTG_001,92
CAGACCAGTCCGAGTCGGTG_002,149
CAGACCAGTCCGAGTCGGTG_003,84
CAGACCAGTCCGAGTCGGTG_004,184
CAGACCAGTCCGAGTCGGTG_005,77
CAGACCAGTCCGAGTCGGTG_006,135
CAGACCAGTCCGAGTCGGTG_007,105
CAGACCAGTCCGAGTCGGTG_008,94
CAGACCAGTCCGAGTCGGTG_009,169
CAGACCAGTCCGAGTCGGTG_010,74
CAGACCAGTCCGAGTCGGTG_011,4
CAGACCAGTCCGAGTCGGTG_012,184
CAGACCAGTCCGAGTCGGTG_013,67
CAGACCAGTCCGAGTCGGTG_014,162
CAGACCAGTCCGAGTCGGTG_015,176
CAGACCAGTCCGAGTCGGTG_016,145
CAGACCAGTCCGAGTCGGTG_017,99
CAGACCAGTCCGAGTCGGTG_018,137
CAGACCAGTCCGAGTCGGTG_019,32
CAGACCAGTCCGAGTCGGTG_020,42
CAGACCAGTCCGAGTCGGTG_021,199
CAGACCAGTCCGAGTCGGTG_022,63
CAGACCAGTCCGAGTCGGTG_023,42
CAGACCAGTCCGAGTCGGTG_024,106
CAGACCAGTCCGAGTCGGTG_025,10
ACTGACACTGACAGCCATTG_001,15
ACTGACACTGACAGCCATTG_002,115
ACTGACACTGACAGCCATTG_003,106
ACTGACACTGACAGCCATTG_004,49
ACTGACACTGACAGCCATTG_005,149
ACTGACACTGACAGCCATTG_006,169
ACTGACACTGACAGCCATTG_007,15
ACTGACACTGACAGCCATTG_008,172
ACTGACACTGACAGCCATTG_009,16
ACTGACACTGACAGCCATTG_010,39
ACTGACACTGACAGCCATTG_011,199
ACTGACACTGACAGCCATTG_012,72
ACTGACACTGACAGCCATTG_013,34
ACTGACACTGACAGCCATTG_014,95
ACTGACACTGACAGCCATTG_015,1
ACTGACACTGACAGCCATTG_016,165
GGATATGGTCATCACCAGGC_001,9
GGATATGGTCATCACCAGGC_002,6
GGATATGGTCATCACCAGGC_003,148
ATGGTATCATAAACGACTCG_001,24
AGCTTCCACGTGTTCGACCA_001,188
AGCTTCCACGTGTTCGACCA_002,34
AGCTTCCACGTGTTCGACCA_003,142
AGCTTCCACGTGTTCGACCA_004,17
AGCTTCCACGTGTTCGACCA_005,76
AGCTTCCACGTGTTCGACCA_006,57
AGCTTCCACGTGTTCGACCA_007,65
AGCTTCCACGTGTTCGACCA_008,141
AGCTTCCACGTGTTCGACCA_009,115
AGCTTCCACGTGTTCGACCA_010,118
AGCTTCCACGTGTTCGACCA_011,171
AGCTTCCACGTGTTCGACCA_012,119
AGCTTCCACGTGTTCGACCA_013,148
AGCTTCCACGTGTTCGACCA_014,95
AGCTTCCACGTGTTCGACCA_015,108
AGCTTCCACGTGTTCGACCA_016,95
AGCTTCCACGTGTTCGACCA_017,3
AGCTTCCACGTGTTCGACCA_018,41
AGCTTCCACGTGTTCGACCA_019,19
AGCTTCCACGTGTTCGACCA_020,139
AGCTTCCACGTGTTCGACCA_021,176
AGCTTCCACGTGTTCGACCA_022,176
AGCTTCCACGTGTTCGACCA_023,91
AGCTTCCACGTGTTCGACCA_024,194
AGCTTCCACGTGTTCGACCA_025,60
AGCTTCCACGTGTTCGACCA_026,118
CACAAGCCTGTACGACCGAG_001,195
CACAAGCCTGTACGACCGAG_002,157
CACAAGCCTGTACGACCGAG_003,149
CACAAGCCTGTACGACCGAG_004,104
CACAAGCCTGTACGACCGAG_005,174
CACAAGCCTGTACGACCGAG_006,137
CACAAGCCTGTACGACCGAG_007,81
CACAAGCCTGTACGACCGAG_008,9
CACAAGCCTGTACGACCGAG_009,5
CACAAGCCTGTACGACCGAG_010,48
CACAAGCCTGTACGACCGAG_011,159
CACAAGCCTGTACGACCGAG_012,134
CACAAGCCTGTACGACCGAG_013,149
CACAAGCCTGTACGACCGAG_014,150
CACAAGCCTGTACGACCGAG_015,174
CACAAGCCTGTACGACCGAG_016,3
GGTGGCAGCAGGCATCCGTG_001,9
GGTGGCAGCAGGCATCCGTG_002,35
GGTGGCAGCAGGCATCCGTG_003,169
GGTGGCAGCAGGCATCCGTG_004,168
GGTGGCAGCAGGCATCCGTG_005,138
GGTGGCAGCAGGCATCCGTG_006,60
TGTAGTTCTCAATCCCGGCG_001,27
TGTAGTTCTCAATCCCGGCG_002,6
TGTAGTTCTCAATCCCGGCG_003,77
TGTAGTTCTCAATCCCGGCG_004,102
TGTAGTTCTCAATCCCGGCG_005,174
TGTAGTTCTCAATCCCGGCG_006,3
CACCTGGTAGTTGTGTACCA_001,27
CAAAACGGTCTCCGTCCGCG_001,2
CAAAACGGTCTCCGTCCGCG_002,152
CAAAACGGTCTCCGTCCGCG_003,79
CCATGATGCAGCTTACGTCG_001,61
ATCAACGGAGAGTCAACGCA_001,54
ATCAACGGAGAGTCAACGCA_002,133
ATCAACGGAGAGTCAACGCA_003,104
ATCAACGGAGAGTCAACGCA_004,144
ATCAACGGAGAGTCAACGCA_005,50
ATCAACGGAGAGTCAACGCA_006,149
ATCAACGGAGAGTCAACGCA_007,172
ATCAACGGAGAGTCAACGCA_008,62
ATCAACGGAGAGTCAACGCA_009,43
ATCAACGGAGAGTCAACGCA_010,12
ATCAACGGAGAGTCAACGCA_011,94
ATCAACGGAGAGTCAACGCA_012,57
ATCAACGGAGAGTCAACGCA_013,60
ATCAACGGAGAGTCAACGCA_014,165
CTTGGACGAGACTATCCAAA_001,181
CTTGGACGAGACTATCCAAA_002,169
CTTGGACGAGACTATCCAAA_003,50
CTTGGACGAGACTATCCAAA_004,148
CTTGGACGAGACTATCCAAA_005,148
CTTGGACGAGACTATCCAAA_006,118
TTTGGATCTTTGGAGTAACG_001,137
TTTGGATCTTTGGAGTAACG_002,2
TTTGGATCTTTGGAGTAACG_003,26
TAAGCCACTGAAAGAACATG_001,9
TAAGCCACTGAAAGAACATG_002,121
TAAGCCACTGAAAGAACATG_003,119
TAAGCCACTGAAAGAACATG_004,87
TAAGCCACTGAAAGAACATG_005,60
TAAGCCACTGAAAGAACATG_006,95
TAAGCCACTGAAAGAACATG_007,168
TAAGCCACTGAAAGAACATG_008,105
TAAGCCACTGAAAGAACATG_009,35
TAAGCCACTGAAAGAACATG_010,94
AACTTTCCCACGGACACTAG_001,48
AACTTTCCCACGGACACTAG_002,57
AACTTTCCCACGGACACTAG_003,97
AACTTTCCCACGGACACTAG_004,97
AACTTTCCCACGGACACTAG_005,47
AACTTTCCCACGGACACTAG_006,80
AACTTTCCCACGGACACTAG_007,156
AACTTTCCCACGGACACTAG_008,149
AACTTTCCCACGGACACTAG_009,96
AACTTTCCCACGGACACTAG_010,169
AACTTTCCCACGGACACTAG_011,56
AACTTTCCCACGGACACTAG_012,145
AACTTTCCCACGGACACTAG_013,126
AACTTTCCCACGGACACTAG_014,126
AACTTTCCCACGGACACTAG_015,43
AACTTTCCCACGGACACTAG_016,45
AACTTTCCCACGGACACTAG_017,134
AACTTTCCCACGGACACTAG_018,27
AACTTTCCCACGGACACTAG_019,158
AACTTTCCCACGGACACTAG_020,77
AACTTTCCCACGGACACTAG_021,130
AACTTTCCCACGGACACTAG_022,41
AACTTTCCCACGGACACTAG_023,12
AACTTTCCCACGGACACTAG_024,107
AACTTTCCCACGGACACTAG_025,168
AACTTTCCCACGGACACTAG_026,105
AACTTTCCCACGGACACTAG_027,6
AACTTTCCCACGGACACTAG_028,47
AGCCACTTCGAAGAAGACAT_001,23
AGCCACTTCGAAGAAGACAT_002,23
AGCCACTTCGAAGAAGACAT_003,197
AGCCACTTCGAAGAAGACAT_004,177
AGCCACTTCGAAGAAGACAT_005,9
AGCCACTTCGAAGAAGACAT_006,151
AGGCTGAAGCAAAACAACCA_001,188
AGGCTGAAGCAAAACAACCA_002,50
AGGCTGAAGCAAAACAACCA_003,145
AGGCTGAAGCAAAACAACCA_004,1
AGGCTGAAGCAAAACAACCA_005,138
AGGCTGAAGCAAAACAACCA_006,162
AGGCTGAAGCAAAACAACCA_007,168
CCTTCTGGGCAGCTGATTCG_001,105
CCTTCTGGGCAGCTGATTCG_002,147
CCTTCTGGGCAGCTGATTCG_003,106
CCTTCTGGGCAGCTGATTCG_004,50
CCTTCTGGGCAGCTGATTCG_005,77
CCTTCTGGGCAGCTGATTCG_006,192
CCTTCTGGGCAGCTGATTCG_007,94
CCTTCTGGGCAGCTGATTCG_008,158
CCTTCTGGGCAGCTGATTCG_009,170
CCTTCTGGGCAGCTGATTCG_010,140
CCTTCTGGGCAGCTGATTCG_011,62
CCTTCTGGGCAGCTGATTCG_012,37
TCAGGGGGTAGATTGCCTCG_001,19
TCAGGGGGTAGATTGCCTCG_002,17
TCAGGGGGTAGATTGCCTCG_003,96
TCAGGGGGTAGATTGCCTCG_004,22
TCAGGGGGTAGATTGCCTCG_005,102
TCAGGGGGTAGATTGCCTCG_006,70
TCAGGGGGTAGATTGCCTCG_007,88
TCAGGGGGTAGATTGCCTCG_008,68
TGACCAGAGTGCATTACAGG_001,110
TGACCAGAGTGCATTACAGG_002,62
TGACCAGAGTGCATTACAGG_003,147
CCGCGCGAAGATGGCAACCG_001,196
CCGCGCGAAGATGGCAACCG_002,125
CCGCGCGAAGATGGCAACCG_003,6
CCGCGCGAAGATGGCAACCG_004,174
CCGCGCGAAGATGGCAACCG_005,72
CCGCGCGAAGATGGCAACCG_006,151
CCGCGCGAAGATGGCAACCG_007,8
CCGCGCGAAGATGGCAACCG_008,68
CCGCGCGAAGATGGCAACCG_009,114
CCGCGCGAAGATGGCAACCG_010,158
CCGCGCGAAGATGGCAACCG_011,191
CCGCGCGAAGATGGCAACCG_012,66
CCGCGCGAAGATGGCAACCG_013,14
CTTCAGAGGAAGAGCAACAA_001,19
CTTCAGAGGAAGAGCAACAA_002,62
CTTCAGAGGAAGAGCAACAA_003,77
CTTCAGAGGAAGAGCAACAA_004,114
CTTCAGAGGAAGAGCAACAA_005,178
CTTCAGAGGAAGAGCAACAA_006,128
CTTCAGAGGAAGAGCAACAA_007,3
CTTCAGAGGAAGAGCAACAA_008,124
CTTCAGAGGAAGAGCAACAA_009,94
CTTCAGAGGAAGAGCAACAA_010,145
CTTCAGAGGAAGAGCAACAA_011,158
CTTCAGAGGAAGAGCAACAA_012,72
CTTCAGAGGAAGAGCAACAA_013,134
CTTCAGAGGAAGAGCAACAA_014,9
CTTCAGAGGAAGAGCAACAA_015,40
CTTCAGAGGAAGAGCAACAA_016,180
CTTCAGAGGAAGAGCAACAA_017,184
CTTCAGAGGAAGAGCAACAA_018,138
CTTCAGAGGAAGAGCAACAA_019,52
CTTCAGAGGAAGAGCAACAA_020,62
CGACCATCTACACGGAACTG_001,93
CGACCATCTACACGGAACTG_002,72
CGACCATCTACACGGAACTG_003,177
CGACCATCTACACGGAACTG_004,2
CGACCATCTACACGGAACTG_005,3
CATCGTGATGAAGAGTGATA_001,155
CATCGTGATGAAGAGTGATA_002,194
CATCGTGATGAAGAGTGATA_003,194
CATCGTGATGAAGAGTGATA_004,121
CATCGTGATGAAGAGTGATA_005,94
CATCGTGATGAAGAGTGATA_006,116
CATCGTGATGAAGAGTGATA_007,15
CATCGTGATGAAGAGTGATA_008,74
CATCGTGATGAAGAGTGATA_009,0
AGCACCAGAGGGTGTCGGAG_001,113
AGCACCAGAGGGTGTCGGAG_002,12
AGCACCAGAGGGTGTCGGAG_003,127
AGCACCAGAGGGTGTCGGAG_004,127
AGCACCAGAGGGTGTCGGAG_005,61
AGCACCAGAGGGTGTCGGAG_006,23
AGCACCAGAGGGTGTCGGAG_007,84
AGCACCAGAGGGTGTCGGAG_008,84
AGCACCAGAGGGTGTCGGAG_009,133
AGCACCAGAGGGTGTCGGAG_010,145
AGCACCAGAGGGTGTCGGAG_011,1
AGCACCAGAGGGTGTCGGAG_012,93
AGCACCAGAGGGTGTCGGAG_013,93
AGCACCAGAGGGTGTCGGAG_014,158
AGCACCAGAGGGTGTCGGAG_015,147
AGCACCAGAGGGTGTCGGAG_016,147
AGCACCAGAGGGTGTCGGAG_017,81
AGCACCAGAGGGTGTCGGAG_018,66
AGCACCAGAGGGTGTCGGAG_019,49
AGCACCAGAGGGTGTCGGAG_020,155
AGTACTGGTACTGTTATCTG_001,67
AGTACTGGTACTGTTATCTG_002,156
GTTCAGGGAGCAAGTTTCCG_001,76
GTTCAGGGAGCAAGTTTCCG_002,121
GTTCAGGGAGCAAGTTTCCG_003,60
GTTCAGGGAGCAAGTTTCCG_004,174
GTTCAGGGAGCAAGTTTCCG_005,113
GTTCAGGGAGCAAGTTTCCG_006,36
GTTCAGGGAGCAAGTTTCCG_007,6
GTTCAGGGAGCAAGTTTCCG_008,198
GTTCAGGGAGCAAGTTTCCG_009,145
GTTCAGGGAGCAAGTTTCCG_010,79
GTTCAGGGAGCAAGTTTCCG_011,58
GTTCAGGGAGCAAGTTTCCG_012,132
GTTCAGGGAGCAAGTTTCCG_013,41
GTTCAGGGAGCAAGTTTCCG_014,57
GTTCAGGGAGCAAGTTTCCG_015,194
GTTCAGGGAGCAAGTTTCCG_016,195
GTTCAGGGAGCAAGTTTCCG_017,58
GTTCAGGGAGCAAGTTTCCG_018,96
GTTCAGGGAGCAAGTTTCCG_019,168
GTTCAGGGAGCAAGTTTCCG_020,19
GTTCAGGGAGCAAGTTTCCG_021,62
GTTCAGGGAGCAAGTTTCCG_022,144
GTTCAGGGAGCAAGTTTCCG_023,198
TCAATACACAAAATTATGCA_001,184
GTTGAGGTAGTGGACGTACG_001,58
GTTGAGGTAGTGGACGTACG_002,160
GTTGAGGTAGTGGACGTACG_003,41
GTTGAGGTAGTGGACGTACG_004,150
GTTGAGGTAGTGGACGTACG_005,125
GTTGAGGTAGTGGACGTACG_006,137
GTTGAGGTAGTGGACGTACG_007,103
GTTGAGGTAGTGGACGTACG_008,133
GTTGAGGTAGTGGACGTACG_009,23
GTTGAGGTAGTGGACGTACG_010,88
GTTGAGGTAGTGGACGTACG_011,174
GTTGAGGTAGTGGACGTACG_012,52
GTTGAGGTAGTGGACGTACG_013,147
AGGAAATGCGGCTGACATGG_001,40
AGGAAATGCGGCTGACATGG_002,27
AGAACCACTGACAGAGCTAG_001,44
AGAACCACTGACAGAGCTAG_002,126
CTAAGGAAGAGTCAACTGGT_001,1
CTAAGGAAGAGTCAACTGGT_002,139
CTAAGGAAGAGTCAACTGGT_003,72
CTAAGGAAGAGTCAACTGGT_004,187
CTAAGGAAGAGTCAACTGGT_005,190
CTAAGGAAGAGTCAACTGGT_006,166
CTAAGGAAGAGTCAACTGGT_007,25
CTAAGGAAGAGTCAACTGGT_008,36
CTAAGGAAGAGTCAACTGGT_009,124
CTAAGGAAGAGTCAACTGGT_010,178
CTAAGGAAGAGTCAACTGGT_011,178
CTAAGGAAGAGTCAACTGGT_012,37
CTAAGGAAGAGTCAACTGGT_013,40
TGAGGGACTGCTCTACAGTT_001,175
TGAGGGACTGCTCTACAGTT_002,199
TGAGGGACTGCTCTACAGTT_003,11
TGAGGGACTGCTCTACAGTT_004,97
TGAGGGACTGCTCTACAGTT_005,43
TGAGGGACTGCTCTACAGTT_006,12
TGAGGGACTGCTCTACAGTT_007,72
TGAGGGACTGCTCTACAGTT_008,147
TGAGGGACTGCTCTACAGTT_009,139
TGAGGGACTGCTCTACAGTT_010,152
TGAGGGACTGCTCTACAGTT_011,88
TGAGGGACTGCTCTACAGTT_012,91
TGAGGGACTGCTCTACAGTT_013,96
TGAGGGACTGCTCTACAGTT_014,165
TGAGGGACTGCTCTACAGTT_015,138
TGAGGGACTGCTCTACAGTT_016,137
CCTCGCCAAGTGCTCAAGTG_001,113
CCTCGCCAAGTGCTCAAGTG_002,45
CCTCGCCAAGTGCTCAAGTG_003,116
CCTCGCCAAGTGCTCAAGTG_004,116
CCTCGCCAAGTGCTCAAGTG_005,136
CCTCGCCAAGTGCTCAAGTG_006,100
CCTCGCCAAGTGCTCAAGTG_007,125
CCTCGCCAAGTGCTCAAGTG_008,22
CCTCGCCAAGTGCTCAAGTG_009,85
CCTCGCCAAGTGCTCAAGTG_010,150
CCTCGCCAAGTGCTCAAGTG_011,38
CCTCGCCAAGTGCTCAAGTG_012,197
CCTCGCCAAGTGCTCAAGTG_013,1
AGTGATTCGAAGCTACTTAG_001,185
AGTGATTCGAAGCTACTTAG_002,15
AGTGATTCGAAGCTACTTAG_003,77
AGTGATTCGAAGCTACTTAG_004,128
AGTGATTCGAAGCTACTTAG_005,116
AGTGATTCGAAGCTACTTAG_006,43
CTGCTGCTGCTGAAGCTGAG_001,34
GTGAATAACCTACCAAATCC_001,170
GTGAATAACCTACCAAATCC_002,106
GTGAATAACCTACCAAATCC_003,188
CGTAGCTGCTAATATGATGG_001,37
CGTAGCTGCTAATATGATGG_002,161
CGTAGCTGCTAATATGATGG_003,34
CGTAGCTGCTAATATGATGG_004,84
CGTAGCTGCTAATATGATGG_005,64
GCCTCAGGATGAGAACCACA_001,92
GCCTCAGGATGAGAACCACA_002,42
GCCTCAGGATGAGAACCACA_003,19
GCCTCAGGATGAGAACCACA_004,145
GCCTCAGGATGAGAACCACA_005,0
GCCTCAGGATGAGAACCACA_006,68
GCCTCAGGATGAGAACCACA_007,40
AGGGCCGGGTTCGTGCGGCT_001,181
AGGGCCGGGTTCGTGCGGCT_002,127
AGGGCCGGGTTCGTGCGGCT_003,12
AGGGCCGGGTTCGTGCGGCT_004,19
AGGGCCGGGTTCGTGCGGCT_005,192
AGGGCCGGGTTCGTGCGGCT_006,5
AGGGCCGGGTTCGTGCGGCT_007,58
AGGGCCGGGTTCGTGCGGCT_008,37
AGGGCCGGGTTCGTGCGGCT_009,102
GAGTTCACCATAGCGCCGGG_001,193
GAGTTCACCATAGCGCCGGG_002,168
GAGTTCACCATAGCGCCGGG_003,69
GGGCATGCTAACGTCATCGG_001,118
GGGCATGCTAACGTCATCGG_002,175
GGGCATGCTAACGTCATCGG_003,49
GGGCATGCTAACGTCATCGG_004,198
GGGCATGCTAACGTCATCGG_005,104
CAAAGGGAAGGTGTAGTCTG_001,125
CAAAGGGAAGGTGTAGTCTG_002,58
CAAAGGGAAGGTGTAGTCTG_003,4
CAAAGGGAAGGTGTAGTCTG_004,85
CAAAGGGAAGGTGTAGTCTG_005,70
CAAAGGGAAGGTGTAGTCTG_006,89
CAAAGGGAAGGTGTAGTCTG_007,3
CAAAGGGAAGGTGTAGTCTG_008,60
CAAAGGGAAGGTGTAGTCTG_009,160
CAAAGGGAAGGTGTAGTCTG_010,15
CAAAGGGAAGGTGTAGTCTG_011,145
CAAAGGGAAGGTGTAGTCTG_012,68
CAAAGGGAAGGTGTAGTCTG_013,184
CAAAGGGAAGGTGTAGTCTG_014,90
CAAAGGGAAGGTGTAGTCTG_015,113
CAAAGGGAAGGTGTAGTCTG_016,98
CAAAGGGAAGGTGTAGTCTG_017,196
CAAAGGGAAGGTGTAGTCTG_018,39
CAAAGGGAAGGTGTAGTCTG_019,10
CAAAGGGAAGGTGTAGTCTG_020,131
GCTCACGACCATCTGAACCT_001,69
GCTCACGACCATCTGAACCT_002,55
GCTCACGACCATCTGAACCT_003,62
GCTCACGACCATCTGAACCT_004,63
GCTCACGACCATCTGAACCT_005,19
GCTCACGACCATCTGAACCT_006,77
GCTCACGACCATCTGAACCT_007,48
GCTCACGACCATCTGAACCT_008,68
GCTCACGACCATCTGAACCT_009,46
GCTCACGACCATCTGAACCT_010,87
GCTCACGACCATCTGAACCT_011,3
GCTCACGACCATCTGAACCT_012,144
GCTCACGACCATCTGAACCT_013,126
GCTCACGACCATCTGAACCT_014,69
GCTCACGACCATCTGAACCT_015,127
GCTCACGACCATCTGAACCT_016,88
GCTCACGACCATCTGAACCT_017,82
TGAAGGTGAACATGGTACCA_001,23
TGAAGGTGAACATGGTACCA_002,58
TGAAGGTGAACATGGTACCA_003,70
TGAAGGTGAACATGGTACCA_004,19
ACTGTCTCTGATAAGCTCGA_001,9
TATTGCCGAAATGTGCTCAA_001,149
TATTGCCGAAATGTGCTCAA_002,104
TATTGCCGAAATGTGCTCAA_003,81
TATTGCCGAAATGTGCTCAA_004,10
TGTAGAGCTCATATTCACAA_001,60
TTTCAACGGACTTAGCAACA_001,138
TTTCAACGGACTTAGCAACA_002,138
TTTCAACGGACTTAGCAACA_003,118
TTTCAACGGACTTAGCAACA_004,115
TTTCAACGGACTTAGCAACA_005,0
TTTCAACGGACTTAGCAACA_006,28
TTTCAACGGACTTAGCAACA_007,94
GTAGAATCCTGACTTTGAGT_001,149
GTAGAATCCTGACTTTGAGT_002,97
GTAGAATCCTGACTTTGAGT_003,166
GTAGAATCCTGACTTTGAGT_004,175
GTAGAATCCTGACTTTGAGT_005,114
GTAGAATCCTGACTTTGAGT_006,60
GTAGAATCCTGACTTTGAGT_007,78
GTAGAATCCTGACTTTGAGT_008,28
GTAGAATCCTGACTTTGAGT_009,190
GTAGAATCCTGACTTTGAGT_010,76
GTAGAATCCTGACTTTGAGT_011,6
GTAGAATCCTGACTTTGAGT_012,70
GTAGAATCCTGACTTTGAGT_013,0
GATGTCTATGAGATGGAGGG_001,58
GATGTCTATGAGATGGAGGG_002,106
GATGTCTATGAGATGGAGGG_003,50
GATGTCTATGAGATGGAGGG_004,170
GATGTCTATGAGATGGAGGG_005,21
GATGTCTATGAGATGGAGGG_006,124
GATGTCTATGAGATGGAGGG_007,74
GATGTCTATGAGATGGAGGG_008,158
GATGTCTATGAGATGGAGGG_009,117
GATGTCTATGAGATGGAGGG_010,121
GATGTCTATGAGATGGAGGG_011,40
GATGTCTATGAGATGGAGGG_012,94
GATGTCTATGAGATGGAGGG_013,108
GATGTCTATGAGATGGAGGG_014,96
GATGTCTATGAGATGGAGGG_015,28
CCGGCACCGTCAGATGAGCG_001,22
CCGGCACCGTCAGATGAGCG_002,142
CCGGCACCGTCAGATGAGCG_003,160
TGGCTATGCCTTCGACGTAG_001,73
TGGCTATGCCTTCGACGTAG_002,150
TGGCTATGCCTTCGACGTAG_003,77
AGTGCAACGGTCATTCACCC_001,199
CAGCGGGTTGGAGCTCGGGG_001,102
CAGCGGGTTGGAGCTCGGGG_002,57
CAGCGGGTTGGAGCTCGGGG_003,49
CAGCGGGTTGGAGCTCGGGG_004,152
CAGCGGGTTGGAGCTCGGGG_005,32
CAGCGGGTTGGAGCTCGGGG_006,65
CAGCGGGTTGGAGCTCGGGG_007,135
CAGCGGGTTGGAGCTCGGGG_008,135
CAGCGGGTTGGAGCTCGGGG_009,77
CAGCGGGTTGGAGCTCGGGG_010,160
CAGCGGGTTGGAGCTCGGGG_011,170
CAGCGGGTTGGAGCTCGGGG_012,110
CAGCGGGTTGGAGCTCGGGG_013,174
CAGCGGGTTGGAGCTCGGGG_014,180
CAGCGGGTTGGAGCTCGGGG_015,141
CAGCGGGTTGGAGCTCGGGG_016,109
CAGCGGGTTGGAGCTCGGGG_017,28
CAGCGGGTTGGAGCTCGGGG_018,144
CAGCGGGTTGGAGCTCGGGG_019,106
CAGCGGGTTGGAGCTCGGGG_020,17
CAGCGGGTTGGAGCTCGGGG_021,12
CAGCGGGTTGGAGCTCGGGG_022,10
CCTTAGTCAGGACAAACAGG_001,73
CCTTAGTCAGGACAAACAGG_002,179
CCTTAGTCAGGACAAACAGG_003,104
CCTTAGTCAGGACAAACAGG_004,134
CCTTAGTCAGGACAAACAGG_005,188
CCTTAGTCAGGACAAACAGG_006,172
GACCCCAGAGTCTGCACCGG_001,78
GACCCCAGAGTCTGCACCGG_002,70
GACCCCAGAGTCTGCACCGG_003,172
GACCCCAGAGTCTGCACCGG_004,184
GACCCCAGAGTCTGCACCGG_005,11
GACCCCAGAGTCTGCACCGG_006,1
GACCCCAGAGTCTGCACCGG_007,1
GACCCCAGAGTCTGCACCGG_008,102
GACCCCAGAGTCTGCACCGG_009,20
GACCCCAGAGTCTGCACCGG_010,170
GACCCCAGAGTCTGCACCGG_011,127
GACCCCAGAGTCTGCACCGG_012,21
GACCCCAGAGTCTGCACCGG_013,127
GACCCCAGAGTCTGCACCGG_014,153
GACCCCAGAGTCTGCACCGG_015,146
GACCCCAGAGTCTGCACCGG_016,172
GACCCCAGAGTCTGCACCGG_017,188
CATGGGGCATGTTGAACACG_001,113
CATGGGGCATGTTGAACACG_002,174
CATGGGGCATGTTGAACACG_003,57
CATGGGGCATGTTGAACACG_004,27
CATGGGGCATGTTGAACACG_005,17
CATGGGGCATGTTGAACACG_006,151
CATGGGGCATGTTGAACACG_007,94
CATGGGGCATGTTGAACACG_008,23
CATGGGGCATGTTGAACACG_009,88
CATGGGGCATGTTGAACACG_010,180
CATGGGGCATGTTGAACACG_011,107
CATGGGGCATGTTGAACACG_012,19
CATGGGGCATGTTGAACACG_013,88
CATGGGGCATGTTGAACACG_014,40
CATGGGGCATGTTGAACACG_015,53
GGCCAGGGACTACTACACAA_001,171
GGCCAGGGACTACTACACAA_002,50
GGCCAGGGACTACTACACAA_003,67
GGCCAGGGACTACTACACAA_004,48
GGCCAGGGACTACTACACAA_005,72
GGCCAGGGACTACTACACAA_006,69
GGCCAGGGACTACTACACAA_007,139
GGCCAGGGACTACTACACAA_008,186
GGCCAGGGACTACTACACAA_009,40
GGCCAGGGACTACTACACAA_010,5
GGCCAGGGACTACTACACAA_011,31
GGCCAGGGACTACTACACAA_012,15
GGCAGTCACAACCCAATCGG_001,141
GGCAGTCACAACCCAATCGG_002,26
GGCAGTCACAACCCAATCGG_003,121
GGCAGTCACAACCCAATCGG_004,113
GGCAGTCACAACCCAATCGG_005,191
GGCAGTCACAACCCAATCGG_006,105
GGCAGTCACAACCCAATCGG_007,32
GGCAGTCACAACCCAATCGG_008,8
GGCAGTCACAACCCAATCGG_009,88
GGCAGTCACAACCCAATCGG_010,177
GGCAGTCACAACCCAATCGG_011,126
GGCAGTCACAACCCAATCGG_012,102
GGCAGTCACAACCCAATCGG_013,86
GGCAGTCACAACCCAATCGG_014,123
GGCAGTCACAACCCAATCGG_015,148
GGCAGTCACAACCCAATCGG_016,93
GGCAGTCACAACCCAATCGG_017,148
GGCAGTCACAACCCAATCGG_018,127
GGCAGTCACAACCCAATCGG_019,138
GGCAGTCACAACCCAATCGG_020,1
GGCAGTCACAACCCAATCGG_021,133
GGCAGTCACAACCCAATCGG_022,137
GGCAGTCACAACCCAATCGG_023,92
GGCAGTCACAACCCAATCGG_024,89
GGTGACGGCGACCCTTTCCA_001,149
GGTGACGGCGACCCTTTCCA_002,12
GGTGACGGCGACCCTTTCCA_003,148
GGTGACGGCGACCCTTTCCA_004,116
GGTGACGGCGACCCTTTCCA_005,62
GGTGACGGCGACCCTTTCCA_006,122
GGTGACGGCGACCCTTTCCA_007,104
GGTGACGGCGACCCTTTCCA_008,104
GTGTCCTGAAATCTTAGGCA_001,151
GTGTCCTGAAATCTTAGGCA_002,167
GTGTCCTGAAATCTTAGGCA_003,33
GTGTCCTGAAATCTTAGGCA_004,41
GTGTCCTGAAATCTTAGGCA_005,82
GTGTCCTGAAATCTTAGGCA_006,195
GTGTCCTGAAATCTTAGGCA_007,144
GTGTCCTGAAATCTTAGGCA_008,12
GTGTCCTGAAATCTTAGGCA_009,191
GTGTCCTGAAATCTTAGGCA_010,150
GTGTCCTGAAATCTTAGGCA_011,3
CCGCACTTCGACCTGAGCCA_001,8
CCGCACTTCGACCTGAGCCA_002,43
CCGCACTTCGACCTGAGCCA_003,23
CCGCACTTCGACCTGAGCCA_004,34
CCGCACTTCGACCTGAGCCA_005,161
CCGCACTTCGACCTGAGCCA_006,116
CCGCACTTCGACCTGAGCCA_007,130
CCGCACTTCGACCTGAGCCA_008,166
CCGCACTTCGACCTGAGCCA_009,94
CCGCACTTCGACCTGAGCCA_010,68
CCGCACTTCGACCTGAGCCA_011,192
CCGCACTTCGACCTGAGCCA_012,192
CCGCACTTCGACCTGAGCCA_013,13
CCGCACTTCGACCTGAGCCA_014,105
CCGCACTTCGACCTGAGCCA_015,181
CCGCACTTCGACCTGAGCCA_016,32
CCGCACTTCGACCTGAGCCA_017,126
CCGCACTTCGACCTGAGCCA_018,150
CCGCACTTCGACCTGAGCCA_019,164
CCGCACTTCGACCTGAGCCA_020,164
CCTTTCGTCGGGCTGTGAGC_001,77
CCTTTCGTCGGGCTGTGAGC_002,183
CCTTTCGTCGGGCTGTGAGC_003,150
CCTTTCGTCGGGCTGTGAGC_004,32
CCTTTCGTCGGGCTGTGAGC_005,80
CCTTTCGTCGGGCTGTGAGC_006,67
AGTGCGAGATCACCAAACGG_001,146
AGTGCGAGATCACCAAACGG_002,130
AGTGCGAGATCACCAAACGG_003,127
AGTGCGAGATCACCAAACGG_004,151
AGTGCGAGATCACCAAACGG_005,56
AGTGCGAGATCACCAAACGG_006,143
AGTGCGAGATCACCAAACGG_007,123
AGTGCGAGATCACCAAACGG_008,132
AGTGCGAGATCACCAAACGG_009,145
AGTGCGAGATCACCAAACGG_010,28
AGTGCGAGATCACCAAACGG_011,48
AGTGCGAGATCACCAAACGG_012,55
AGTGCGAGATCACCAAACGG_013,19
AGTGCGAGATCACCAAACGG_014,148
AGTGCGAGATCACCAAACGG_015,15
AGTGCGAGATCACCAAACGG_016,26
AGTGCGAGATCACCAAACGG_017,93
AGTGCGAGATCACCAAACGG_018,82
AGTGCGAGATCACCAAACGG_019,1
AGTGCGAGATCACCAAACGG_020,73
GCAACGGCGAAGCCGAAGGT_001,20
GCAACGGCGAAGCCGAAGGT_002,117
GCAACGGCGAAGCCGAAGGT_003,67
TGCTCGGTTCCAGTTCACGG_001,146
TGCTCGGTTCCAGTTCACGG_002,152
TGCTCGGTTCCAGTTCACGG_003,41
TGCTCGGTTCCAGTTCACGG_004,83
TGCTCGGTTCCAGTTCACGG_005,151
TGCTCGGTTCCAGTTCACGG_006,88
TGCTCGGTTCCAGTTCACGG_007,86
TGCTCGGTTCCAGTTCACGG_008,16
TGCTCGGTTCCAGTTCACGG_009,158
TGCTCGGTTCCAGTTCACGG_010,31
TGCTCGGTTCCAGTTCACGG_011,81
TGCTCGGTTCCAGTTCACGG_012,61
TGCTCGGTTCCAGTTCACGG_013,155
GATTGCCCATAAATTGATAG_001,69
GATTGCCCATAAATTGATAG_002,112
GATTGCCCATAAATTGATAG_003,127
GATTGCCCATAAATTGATAG_004,9
GATTGCCCATAAATTGATAG_005,144
GATTGCCCATAAATTGATAG_006,63
CGATTCTATAACAATAGCTG_001,150
CGATTCTATAACAATAGCTG_002,17
CGATTCTATAACAATAGCTG_003,53
CGATTCTATAACAATAGCTG_004,171
CGATTCTATAACAATAGCTG_005,147
CGATTCTATAACAATAGCTG_006,34
ATCCTCCCAGGACCCAAGCA_001,14
ATCCTCCCAGGACCCAAGCA_002,126
ATCCTCCCAGGACCCAAGCA_003,196
ATCCTCCCAGGACCCAAGCA_004,161
ATCCTCCCAGGACCCAAGCA_005,146
ATCCTCCCAGGACCCAAGCA_006,43
ATCCTCCCAGGACCCAAGCA_007,197
ATCCTCCCAGGACCCAAGCA_008,32
ATCCTCCCAGGACCCAAGCA_009,4
ATCCTCCCAGGACCCAAGCA_010,2
ATCCTCCCAGGACCCAAGCA_011,175
ATCCTCCCAGGACCCAAGCA_012,61
TCCATTGTGTCTGCAGCCCG_001,123
TCCATTGTGTCTGCAGCCCG_002,174
TCCATTGTGTCTGCAGCCCG_003,65
TCCATTGTGTCTGCAGCCCG_004,6
TCCATTGTGTCTGCAGCCCG_005,169
TCCATTGTGTCTGCAGCCCG_006,118
TCCATTGTGTCTGCAGCCCG_007,150
TCCATTGTGTCTGCAGCCCG_008,12
TCCATTGTGTCTGCAGCCCG_009,0
AAACAAGAAAACAGATCGCA_001,98
AAACAAGAAAACAGATCGCA_002,20
AAACAAGAAAACAGATCGCA_003,5
GGACCCGTTGAACAACTCTG_001,158
GGACCCGTTGAACAACTCTG_002,84
GGACCCGTTGAACAACTCTG_003,114
GGACCCGTTGAACAACTCTG_004,114
GGACCCGTTGAACAACTCTG_005,135
GGACCCGTTGAACAACTCTG_006,161
GGACCCGTTGAACAACTCTG_007,86
GGACCCGTTGAACAACTCTG_008,9
GGACCCGTTGAACAACTCTG_009,32
GGACCCGTTGAACAACTCTG_010,20
GGACCCGTTGAACAACTCTG_011,191
GGACCCGTTGAACAACTCTG_012,141
GGACCCGTTGAACAACTCTG_013,82
GGACCCGTTGAACAACTCTG_014,127
GGACCCGTTGAACAACTCTG_015,170
GGACCCGTTGAACAACTCTG_016,19
GGACCCGTTGAACAACTCTG_017,78
GGACCCGTTGAACAACTCTG_018,134
GGACCCGTTGAACAACTCTG_019,48
GGACCCGTTGAACAACTCTG_020,100
GGACCCGTTGAACAACTCTG_021,150
GGACCCGTTGAACAACTCTG_022,31
GGACCCGTTGAACAACTCTG_023,82
GGACCCGTTGAACAACTCTG_024,50
GGACCCGTTGAACAACTCTG_025,20
GGACCCGTTGAACAACTCTG_026,69
GGACCCGTTGAACAACTCTG_027,136
GGACCCGTTGAACAACTCTG_028,181
GGACCCGTTGAACAACTCTG_029,168
GGACCCGTTGAACAACTCTG_030,116
GGACCCGTTGAACAACTCTG_031,104
GGACCCGTTGAACAACTCTG_032,52
TCGGGGAGCACCAGGCTCGA_001,31
TCGGGGAGCACCAGGCTCGA_002,62
TCGGGGAGCACCAGGCTCGA_003,62
TCGGGGAGCACCAGGCTCGA_004,151
TCGGGGAGCACCAGGCTCGA_005,117
TCGGGGAGCACCAGGCTCGA_006,48
TCGGGGAGCACCAGGCTCGA_007,149
TCGGGGAGCACCAGGCTCGA_008,158
TCGGGGAGCACCAGGCTCGA_009,27
TCGGGGAGCACCAGGCTCGA_010,40
TCGGGGAGCACCAGGCTCGA_011,177
TCGGGGAGCACCAGGCTCGA_012,83
TCGGGGAGCACCAGGCTCGA_013,176
TCGGGGAGCACCAGGCTCGA_014,160
TCGGGGAGCACCAGGCTCGA_015,65
TCGGGGAGCACCAGGCTCGA_016,58
TCGGGGAGCACCAGGCTCGA_017,13
TCGGGGAGCACCAGGCTCGA_018,68
TCGGGGAGCACCAGGCTCGA_019,182
TCGGGGAGCACCAGGCTCGA_020,29
TCGGGGAGCACCAGGCTCGA_021,36
TCGGGGAGCACCAGGCTCGA_022,199
TCGGGGAGCACCAGGCTCGA_023,28
TCGGGGAGCACCAGGCTCGA_024,116
TCGGGGAGCACCAGGCTCGA_025,174
TGAGCCTCCATATGATGAAT_001,106
TGAGCCTCCATATGATGAAT_002,170
GTAATCCATGTCCTAAGATG_001,105
GTAATCCATGTCCTAAGATG_002,150
GTAATCCATGTCCTAAGATG_003,82
GTTTGGCGGAGGTCGAAGCG_001,154
GTTTGGCGGAGGTCGAAGCG_002,156
GTTTGGCGGAGGTCGAAGCG_003,23
TTGACATCACTACTGCACTC_001,46
TTGACATCACTACTGCACTC_002,102
TTGACATCACTACTGCACTC_003,140
TTGACATCACTACTGCACTC_004,161
TTGACATCACTACTGCACTC_005,2
TTGACATCACTACTGCACTC_006,119
TTGACATCACTACTGCACTC_007,162
TTGACATCACTACTGCACTC_008,28
TTGACATCACTACTGCACTC_009,130
TTGACATCACTACTGCACTC_010,61
GCAATGCCGCTTGGTCGGTG_001,48
GCAATGCCGCTTGGTCGGTG_002,12
GCAATGCCGCTTGGTCGGTG_003,92
GCAATGCCGCTTGGTCGGTG_004,8
GCAATGCCGCTTGGTCGGTG_005,18
GCAATGCCGCTTGGTCGGTG_006,83
GCAATGCCGCTTGGTCGGTG_007,98
GCAATGCCGCTTGGTCGGTG_008,98
GCAATGCCGCTTGGTCGGTG_009,199
GCAATGCCGCTTGGTCGGTG_010,183
GCAATGCCGCTTGGTCGGTG_011,48
GCAATGCCGCTTGGTCGGTG_012,176
GCAATGCCGCTTGGTCGGTG_013,60
GCAATGCCGCTTGGTCGGTG_014,58
GCAATGCCGCTTGGTCGGTG_015,149
GCAATGCCGCTTGGTCGGTG_016,178
GCAATGCCGCTTGGTCGGTG_017,56
GCAATGCCGCTTGGTCGGTG_018,187
GCAATGCCGCTTGGTCGGTG_019,95
GCAATGCCGCTTGGTCGGTG_020,51
GCAATGCCGCTTGGTCGGTG_021,29
GCAATGCCGCTTGGTCGGTG_022,63
GCAATGCCGCTTGGTCGGTG_023,77
GCAATGCCGCTTGGTCGGTG_024,56
GCAATGCCGCTTGGTCGGTG_025,83
GCAATGCCGCTTGGTCGGTG_026,11
GCAATGCCGCTTGGTCGGTG_027,184
GCAATGCCGCTTGGTCGGTG_028,170
GCAATGCCGCTTGGTCGGTG_029,166
GCAATGCCGCTTGGTCGGTG_030,79
GTTGGTCGACGTCCTTGAGG_001,187
GTTGGTCGACGTCCTTGAGG_002,81
GTTGGTCGACGTCCTTGAGG_003,9
GTTGGTCGACGTCCTTGAGG_004,181
GTTGGTCGACGTCCTTGAGG_005,181
GTTGGTCGACGTCCTTGAGG_006,94
GTTGGTCGACGTCCTTGAGG_007,19
GTTGGTCGACGTCCTTGAGG_008,16
GTTGGTCGACGTCCTTGAGG_009,9
GTTGGTCGACGTCCTTGAGG_010,88
GTTGGTCGACGTCCTTGAGG_011,72
GTTGGTCGACGTCCTTGAGG_012,175
GTTGGTCGACGTCCTTGAGG_013,121
GCCGCTATTGTAGCGAACTG_001,133
GCCGCTATTGTAGCGAACTG_002,148
GCCGCTATTGTAGCGAACTG_003,188
GCCGCTATTGTAGCGAACTG_004,94
GCCGCTATTGTAGCGAACTG_005,49
GCCGCTATTGTAGCGAACTG_006,36
GCCGCTATTGTAGCGAACTG_007,20
GCCGCTATTGTAGCGAACTG_008,88
GCCGCTATTGTAGCGAACTG_009,62
GCCGCTATTGTAGCGAACTG_010,102
GCCGCTATTGTAGCGAACTG_011,105
GCCGCTATTGTAGCGAACTG_012,10
GCCGCTATTGTAGCGAACTG_013,188
GCTGCATACACACAGCGAAG_001,195
GACCAATGAAACATCTCCGA_001,48
GACCAATGAAACATCTCCGA_002,52
GACCAATGAAACATCTCCGA_003,193
GACCAATGAAACATCTCCGA_004,60
GACCAATGAAACATCTCCGA_005,94
GACCAATGAAACATCTCCGA_006,133
GACCAATGAAACATCTCCGA_007,77
GACCAATGAAACATCTCCGA_008,60
GACCAATGAAACATCTCCGA_009,94
GACCAATGAAACATCTCCGA_010,169
GACCAATGAAACATCTCCGA_011,187
GACCAATGAAACATCTCCGA_012,198
GACCAATGAAACATCTCCGA_013,188
TCTTATACGCGAGCACGGGC_001,77
TCTTATACGCGAGCACGGGC_002,43
TCTTATACGCGAGCACGGGC_003,139
TCTTATACGCGAGCACGGGC_004,50
TCTTATACGCGAGCACGGGC_005,169
TCTTATACGCGAGCACGGGC_006,37
TCTTATACGCGAGCACGGGC_007,106
TCTTATACGCGAGCACGGGC_008,58
TCTTATACGCGAGCACGGGC_009,195
TCTTATACGCGAGCACGGGC_010,197
TCTTATACGCGAGCACGGGC_011,86
TCTTATACGCGAGCACGGGC_012,62
TCTTATACGCGAGCACGGGC_013,174
TCTTATACGCGAGCACGGGC_014,115
TCTTATACGCGAGCACGGGC_015,198
TCTTATACGCGAGCACGGGC_016,17
ATCATCATGGGTGTCAACGT_001,197
ATCATCATGGGTGTCAACGT_002,27
ATCATCATGGGTGTCAACGT_003,173
ATCATCATGGGTGTCAACGT_004,11
CATCACAAAAAAGCTGTCAG_001,124
CATCACAAAAAAGCTGTCAG_002,57
CATCACAAAAAAGCTGTCAG_003,158
CATCACAAAAAAGCTGTCAG_004,15
CATCACAAAAAAGCTGTCAG_005,48
CATCACAAAAAAGCTGTCAG_006,88
CATCACAAAAAAGCTGTCAG_007,108
CATCACAAAAAAGCTGTCAG_008,122
CATCACAAAAAAGCTGTCAG_009,34
CATCACAAAAAAGCTGTCAG_010,18
CATCACAAAAAAGCTGTCAG_011,54
CATCACAAAAAAGCTGTCAG_012,50
CATCACAAAAAAGCTGTCAG_013,185
CATCACAAAAAAGCTGTCAG_014,29
CATCACAAAAAAGCTGTCAG_015,45
CATCACAAAAAAGCTGTCAG_016,80
CATCACAAAAAAGCTGTCAG_017,70
CATCACAAAAAAGCTGTCAG_018,15
CAGGGAGCACTAATTCCAAG_001,14
CAGGGAGCACTAATTCCAAG_002,77
CAGGGAGCACTAATTCCAAG_003,54
TCTTGCACCTTTACAAACAA_001,193
TCTTGCACCTTTACAAACAA_002,113
TCTTGCACCTTTACAAACAA_003,33
AAAGGCTATCTCTCTTAAGG_001,84
AAAGGCTATCTCTCTTAAGG_002,166
AAAGGCTATCTCTCTTAAGG_003,69
AAAGGCTATCTCTCTTAAGG_004,69
GCAAATACCATAATTACATG_001,170
GCAAATACCATAATTACATG_002,141
GATTATGCGTACCAGAGCGA_001,138
AATGACCCTATCAGTGCAGG_001,26
AATGACCCTATCAGTGCAGG_002,4
ATTATCGTTCTGCTGCCCAA_001,151
ATTATCGTTCTGCTGCCCAA_002,149
ATTATCGTTCTGCTGCCCAA_003,11
ATTATCGTTCTGCTGCCCAA_004,35
ATTATCGTTCTGCTGCCCAA_005,112
ATTATCGTTCTGCTGCCCAA_006,12
ATTATCGTTCTGCTGCCCAA_007,180
CAGGTCCAGTACTCGCAGCG_001,127
CAGGTCCAGTACTCGCAGCG_002,76
CAGGTCCAGTACTCGCAGCG_003,170
CAGGTCCAGTACTCGCAGCG_004,189
CAGGTCCAGTACTCGCAGCG_005,58
CAGGTCCAGTACTCGCAGCG_006,120
CAGGTCCAGTACTCGCAGCG_007,158
CAGGTCCAGTACTCGCAGCG_008,107
CAGGTCCAGTACTCGCAGCG_009,92
CAGGTCCAGTACTCGCAGCG_010,44
CAGGTCCAGTACTCGCAGCG_011,172
CAGGTCCAGTACTCGCAGCG_012,171
CAGGTCCAGTACTCGCAGCG_013,197
CAGGTCCAGTACTCGCAGCG_014,48
CAGGTCCAGTACTCGCAGCG_015,140
CAGGTCCAGTACTCGCAGCG_016,24
CAGGTCCAGTACTCGCAGCG_017,168
CAGGTCCAGTACTCGCAGCG_018,35
CAGGTCCAGTACTCGCAGCG_019,88
CAGGTCCAGTACTCGCAGCG_020,162
CCTTCGACAAGAATGGGGTA_001,1
CCTTCGACAAGAATGGGGTA_002,184
CCTTCGACAAGAATGGGGTA_003,22
CCTTCGACAAGAATGGGGTA_004,32
CCTTCGACAAGAATGGGGTA_005,135
CCTTCGACAAGAATGGGGTA_006,185
CCTTCGACAAGAATGGGGTA_007,158
CCTTCGACAAGAATGGGGTA_008,91
CCTTCGACAAGAATGGGGTA_009,88
CCTTCGACAAGAATGGGGTA_010,77
CCTTCGACAAGAATGGGGTA_011,197
GCTGGACACACAGCTCACTG_001,82
GCTGGACACACAGCTCACTG_002,141
GCTGGACACACAGCTCACTG_003,175
GCTGGACACACAGCTCACTG_004,53
GCTGGACACACAGCTCACTG_005,138
GCTGGACACACAGCTCACTG_006,60
GCTGGACACACAGCTCACTG_007,34
GCTGGACACACAGCTCACTG_008,29
GCTGGACACACAGCTCACTG_009,197
GCTGGACACACAGCTCACTG_010,15
GCTGGACACACAGCTCACTG_011,29
GCTGGACACACAGCTCACTG_012,19
GCTGGACACACAGCTCACTG_013,6
GCTGGACACACAGCTCACTG_014,159
GCTGGACACACAGCTCACTG_015,76
GCTGGACACACAGCTCACTG_016,150
GCTGGACACACAGCTCACTG_017,73
GCTGGACACACAGCTCACTG_018,80
GCTGGACACACAGCTCACTG_019,94
GTCAGCAAGGCAATCGAGCA_001,174
GTCAGCAAGGCAATCGAGCA_002,56
GTCAGCAAGGCAATCGAGCA_003,6
GTCAGCAAGGCAATCGAGCA_004,2
GTCAGCAAGGCAATCGAGCA_005,12
GTCAGCAAGGCAATCGAGCA_006,138
GTCAGCAAGGCAATCGAGCA_007,178
GTCAGCAAGGCAATCGAGCA_008,108
GTCAGCAAGGCAATCGAGCA_009,97
GTCAGCAAGGCAATCGAGCA_010,127
GTCAGCAAGGCAATCGAGCA_011,101
GTCAGCAAGGCAATCGAGCA_012,168
GTCAGCAAGGCAATCGAGCA_013,113
GTCAGCAAGGCAATCGAGCA_014,20
GTCAGCAAGGCAATCGAGCA_015,59
GTCAGCAAGGCAATCGAGCA_016,120
GTCAGCAAGGCAATCGAGCA_017,61
GTCAGCAAGGCAATCGAGCA_018,75
GTCAGCAAGGCAATCGAGCA_019,150
GTCAGCAAGGCAATCGAGCA_020,150
GTCAGCAAGGCAATCGAGCA_021,65
GTCAGCAAGGCAATCGAGCA_022,127
GTCAGCAAGGCAATCGAGCA_023,88
GTCAGCAAGGCAATCGAGCA_024,144
GTCAGCAAGGCAATCGAGCA_025,148
GTCAGCAAGGCAATCGAGCA_026,187
GTCAGCAAGGCAATCGAGCA_027,184
GTCAGCAAGGCAATCGAGCA_028,50
GTCAGCAAGGCAATCGAGCA_029,162
GTCAGCAAGGCAATCGAGCA_030,185
GTCAGCAAGGCAATCGAGCA_031,197
GTCAGCAAGGCAATCGAGCA_032,69
CTGACCAACGTGCTCGTGGG_001,27
CTGACCAACGTGCTCGTGGG_002,198
CTGACCAACGTGCTCGTGGG_003,24
CTGACCAACGTGCTCGTGGG_004,181
CTGACCAACGTGCTCGTGGG_005,139
CTGACCAACGTGCTCGTGGG_006,65
CTGACCAACGTGCTCGTGGG_007,99
CTGACCAACGTGCTCGTGGG_008,85
CTGACCAACGTGCTCGTGGG_009,85
CTGACCAACGTGCTCGTGGG_010,62
CTGACCAACGTGCTCGTGGG_011,70
CTGACCAACGTGCTCGTGGG_012,168
CTGACCAACGTGCTCGTGGG_013,126
CTGACCAACGTGCTCGTGGG_014,77
ACGGGTGGCCCTCAACACGC_001,191
ACGGGTGGCCCTCAACACGC_002,100
ACGGGTGGCCCTCAACACGC_003,189
ACGGGTGGCCCTCAACACGC_004,50
ACGGGTGGCCCTCAACACGC_005,163
ACGGGTGGCCCTCAACACGC_006,19
CCGCCGCTGAGGTAACCGCC_001,29
CCGCCGCTGAGGTAACCGCC_002,146
CCGCCGCTGAGGTAACCGCC_003,145
CCGCCGCTGAGGTAACCGCC_004,25
CCGCCGCTGAGGTAACCGCC_005,24
CCGCCGCTGAGGTAACCGCC_006,51
CCGCCGCTGAGGTAACCGCC_007,54
CCGCCGCTGAGGTAACCGCC_008,139
CCGCCGCTGAGGTAACCGCC_009,7
CCGCCGCTGAGGTAACCGCC_010,142
CCGCCGCTGAGGTAACCGCC_011,137
CCGCCGCTGAGGTAACCGCC_012,56
CCGCCGCTGAGGTAACCGCC_013,58
CCGCCGCTGAGGTAACCGCC_014,107
CCGCCGCTGAGGTAACCGCC_015,77
CCGCCGCTGAGGTAACCGCC_016,101
CCGCCGCTGAGGTAACCGCC_017,191
CCGCCGCTGAGGTAACCGCC_018,187
TGACATCGTAGACTCGCCCA_001,67
TGACATCGTAGACTCGCCCA_002,184
TGACATCGTAGACTCGCCCA_003,28
TGACATCGTAGACTCGCCCA_004,55
TGACATCGTAGACTCGCCCA_005,43
TGACATCGTAGACTCGCCCA_006,41
TGACATCGTAGACTCGCCCA_007,105
TGACATCGTAGACTCGCCCA_008,85
TGACATCGTAGACTCGCCCA_009,113
TGACATCGTAGACTCGCCCA_010,99
TGACATCGTAGACTCGCCCA_011,16
AACCAACAGAACAACCTGTG_001,149
AACCAACAGAACAACCTGTG_002,137
AACCAACAGAACAACCTGTG_003,130
AACCAACAGAACAACCTGTG_004,74
AACCAACAGAACAACCTGTG_005,146
AACCAACAGAACAACCTGTG_006,120
AACCAACAGAACAACCTGTG_007,127
AACCAACAGAACAACCTGTG_008,166
AACCAACAGAACAACCTGTG_009,152
AACCAACAGAACAACCTGTG_010,33
AACCAACAGAACAACCTGTG_011,105
AACCAACAGAACAACCTGTG_012,149
AACCAACAGAACAACCTGTG_013,36
AACCAACAGAACAACCTGTG_014,2
AACCAACAGAACAACCTGTG_015,197
AACCAACAGAACAACCTGTG_016,47
AACCAACAGAACAACCTGTG_017,79
AACCAACAGAACAACCTGTG_018,146
AACCAACAGAACAACCTGTG_019,66
CCAGGCAGGATTGATGTCAG_001,134
CCAGGCAGGATTGATGTCAG_002,134
CCAGGCAGGATTGATGTCAG_003,102
CCAGGCAGGATTGATGTCAG_004,171
CCAGGCAGGATTGATGTCAG_005,60
CCAGGCAGGATTGATGTCAG_006,43
CCAGGCAGGATTGATGTCAG_007,147
CCAGGCAGGATTGATGTCAG_008,77
CCAGGCAGGATTGATGTCAG_009,116
CCAGGCAGGATTGATGTCAG_010,190
CCAGGCAGGATTGATGTCAG_011,127
CCAGGCAGGATTGATGTCAG_012,162
CCAGGCAGGATTGATGTCAG_013,103
CCAGGCAGGATTGATGTCAG_014,58
CCAGGCAGGATTGATGTCAG_015,171
CCAGGCAGGATTGATGTCAG_016,137
TTGCAAGCCATAACGTACTG_001,98
TTGCAAGCCATAACGTACTG_002,88
TTGCAAGCCATAACGTACTG_003,168
TTGCAAGCCATAACGTACTG_004,168
CGGCATGAAGTGGGGCAACG_001,8
CGGCATGAAGTGGGGCAACG_002,101
CGGCATGAAGTGGGGCAACG_003,125
CGGCATGAAGTGGGGCAACG_004,58
CGGCATGAAGTGGGGCAACG_005,23
CGGCATGAAGTGGGGCAACG_006,144
CGGCATGAAGTGGGGCAACG_007,80
CGGCATGAAGTGGGGCAACG_008,199
CGGCATGAAGTGGGGCAACG_009,121
CGGCATGAAGTGGGGCAACG_010,8
CGGCATGAAGTGGGGCAACG_011,108
CGGCATGAAGTGGGGCAACG_012,121
CGGCATGAAGTGGGGCAACG_013,87
CGGCATGAAGTGGGGCAACG_014,168
CGGCATGAAGTGGGGCAACG_015,188
CGGCATGAAGTGGGGCAACG_016,105
CGGCATGAAGTGGGGCAACG_017,4
CGGCATGAAGTGGGGCAACG_018,88
CGGCATGAAGTGGGGCAACG_019,107
CGGCATGAAGTGGGGCAACG_020,66
CGGCATGAAGTGGGGCAACG_021,89
CGGCATGAAGTGGGGCAACG_022,177
CTGTGGTGTTGCCGTACCAG_001,188
CTGTGGTGTTGCCGTACCAG_002,181
CTGTGGTGTTGCCGTACCAG_003,68
CTGTGGTGTTGCCGTACCAG_004,168
CTGTGGTGTTGCCGTACCAG_005,197
CTGTGGTGTTGCCGTACCAG_006,20
CTGTGGTGTTGCCGTACCAG_007,128
CTGTGGTGTTGCCGTACCAG_008,104
CTGTGGTGTTGCCGTACCAG_009,198
CTGTGGTGTTGCCGTACCAG_010,7
CTGTGGTGTTGCCGTACCAG_011,105
CTGTGGTGTTGCCGTACCAG_012,32
CTGTGGTGTTGCCGTACCAG_013,9
CTGTGGTGTTGCCGTACCAG_014,175
TGCCGGCCCTTCGAGGAGAG_001,36
TGCCGGCCCTTCGAGGAGAG_002,111
TGCCGGCCCTTCGAGGAGAG_003,48
TGCCGGCCCTTCGAGGAGAG_004,62
TGCCGGCCCTTCGAGGAGAG_005,95
TGCCGGCCCTTCGAGGAGAG_006,162
TGCCGGCCCTTCGAGGAGAG_007,141
TGCCGGCCCTTCGAGGAGAG_008,16
TGCCGGCCCTTCGAGGAGAG_009,98
TGCCGGCCCTTCGAGGAGAG_010,194
TGCCGGCCCTTCGAGGAGAG_011,31
TGCCGGCCCTTCGAGGAGAG_012,43
TGCCGGCCCTTCGAGGAGAG_013,172
TGCCGGCCCTTCGAGGAGAG_014,124
TGCCGGCCCTTCGAGGAGAG_015,168
TGCCGGCCCTTCGAGGAGAG_016,150
TGCCGGCCCTTCGAGGAGAG_017,172
TGCCGGCCCTTCGAGGAGAG_018,19
TGCCGGCCCTTCGAGGAGAG_019,146
TGCCGGCCCTTCGAGGAGAG_020,65
TGCCGGCCCTTCGAGGAGAG_021,27
TGCCGGCCCTTCGAGGAGAG_022,141
TCATCAACAGAGCCCGCCAA_001,159
TCATCAACAGAGCCCGCCAA_002,41
GTGGCCCAAGTGTTTGAACG_001,80
GTGGCCCAAGTGTTTGAACG_002,34
GTGGCCCAAGTGTTTGAACG_003,32
GTGGCCCAAGTGTTTGAACG_004,84
GTGGCCCAAGTGTTTGAACG_005,159
GTGGCCCAAGTGTTTGAACG_006,197
GTGGCCCAAGTGTTTGAACG_007,7
GTGGCCCAAGTGTTTGAACG_008,194
GTGGCCCAAGTGTTTGAACG_009,147
GTGGCCCAAGTGTTTGAACG_010,121
GTGGCCCAAGTGTTTGAACG_011,137
GTGGCCCAAGTGTTTGAACG_012,168
GTGGCCCAAGTGTTTGAACG_013,65
AAACAAAAGAGGATACGAAT_001,117
AAACAAAAGAGGATACGAAT_002,24
AAACAAAAGAGGATACGAAT_003,176
AAACAAAAGAGGATACGAAT_004,62
AAACAAAAGAGGATACGAAT_005,27
AAACAAAAGAGGATACGAAT_006,115
AAACAAAAGAGGATACGAAT_007,105
AAACAAAAGAGGATACGAAT_008,87
AAACAAAAGAGGATACGAAT_009,87
AAACAAAAGAGGATACGAAT_010,135
AAACAAAAGAGGATACGAAT_011,64
AAACAAAAGAGGATACGAAT_012,170
AAACAAAAGAGGATACGAAT_013,148
AAACAAAAGAGGATACGAAT_014,147
AAACAAAAGAGGATACGAAT_015,188
AAACAAAAGAGGATACGAAT_016,56
AAACAAAAGAGGATACGAAT_017,70
AAACAAAAGAGGATACGAAT_018,105
AAACAAAAGAGGATACGAAT_019,77
AAACAAAAGAGGATACGAAT_020,88
AAACAAAAGAGGATACGAAT_021,12
CCACCCAACTAGCATACCTC_001,48
CCACCCAACTAGCATACCTC_002,1
CCACCCAACTAGCATACCTC_003,49
CCACCCAACTAGCATACCTC_004,78
CCACCCAACTAGCATACCTC_005,29
CCACCCAACTAGCATACCTC_006,174
CCACCCAACTAGCATACCTC_007,174
CCACCCAACTAGCATACCTC_008,3
CCACCCAACTAGCATACCTC_009,193
CCACCCAACTAGCATACCTC_010,19
CCACCCAACTAGCATACCTC_011,158
CCACCCAACTAGCATACCTC_012,63
AGTGCTGTTGCAGGTTGTCG_001,5
AGTGCTGTTGCAGGTTGTCG_002,48
AGTGCTGTTGCAGGTTGTCG_003,85
AGTGCTGTTGCAGGTTGTCG_004,23
AGTGCTGTTGCAGGTTGTCG_005,170
AGTGCTGTTGCAGGTTGTCG_006,57
AGTGCTGTTGCAGGTTGTCG_007,121
AGTGCTGTTGCAGGTTGTCG_008,41
AGTGCTGTTGCAGGTTGTCG_009,151
AGTGCTGTTGCAGGTTGTCG_010,29
AGTGCTGTTGCAGGTTGTCG_011,38
AGTGCTGTTGCAGGTTGTCG_012,187
AGTGCTGTTGCAGGTTGTCG_013,116
AGTGCTGTTGCAGGTTGTCG_014,67
AGTGCTGTTGCAGGTTGTCG_015,16
AGTGCTGTTGCAGGTTGTCG_016,72
AGTGCTGTTGCAGGTTGTCG_017,26
AGTGCTGTTGCAGGTTGTCG_018,12
AGTGCTGTTGCAGGTTGTCG_019,149
AGTGCTGTTGCAGGTTGTCG_020,100
AGTGCTGTTGCAGGTTGTCG_021,78
AGTGCTGTTGCAGGTTGTCG_022,50
AGTGCTGTTGCAGGTTGTCG_023,28
AGTGCTGTTGCAGGTTGTCG_024,127
AGTGCTGTTGCAGGTTGTCG_025,130
AGTGCTGTTGCAGGTTGTCG_026,160
AGTGCTGTTGCAGGTTGTCG_027,77
AGTGCTGTTGCAGGTTGTCG_028,82
AGTGCTGTTGCAGGTTGTCG_029,153
CCAGGACACAGACGATGGAG_001,172
CCAGGACACAGACGATGGAG_002,115
CCAGGACACAGACGATGGAG_003,49
CCAGGACACAGACGATGGAG_004,182
CCAGGACACAGACGATGGAG_005,53
CCAGGACACAGACGATGGAG_006,6
ACAAAGCACATGCGCCGCAG_001,184
ACAAAGCACATGCGCCGCAG_002,183
CCCCAAAGAAAGGCGTTCAA_001,56
CCCCAAAGAAAGGCGTTCAA_002,43
CCCCAAAGAAAGGCGTTCAA_003,168
CCCCAAAGAAAGGCGTTCAA_004,125
CCCCAAAGAAAGGCGTTCAA_005,161
CCCCAAAGAAAGGCGTTCAA_006,171
CCCCAAAGAAAGGCGTTCAA_007,149
CCCCAAAGAAAGGCGTTCAA_008,145
AGTGGAACAATTTGTACACA_001,183
AGTGGAACAATTTGTACACA_002,75
AGTGGAACAATTTGTACACA_003,0
CCCGAGCAGTGACGGCACTG_001,199
CCCGAGCAGTGACGGCACTG_002,16
CCCGAGCAGTGACGGCACTG_003,190
CCCGAGCAGTGACGGCACTG_004,54
CCCGAGCAGTGACGGCACTG_005,149
CCCGAGCAGTGACGGCACTG_006,36
CCCGAGCAGTGACGGCACTG_007,125
CCCGAGCAGTGACGGCACTG_008,137
CCCGAGCAGTGACGGCACTG_009,29
CCCGAGCAGTGACGGCACTG_010,3
CCCGAGCAGTGACGGCACTG_011,45
CCCGAGCAGTGACGGCACTG_012,84
GCGATATGGTTCATGGCTTG_001,43
GCGATATGGTTCATGGCTTG_002,152
GCGATATGGTTCATGGCTTG_003,74
GCGATATGGTTCATGGCTTG_004,161
GCGATATGGTTCATGGCTTG_005,178
GCGATATGGTTCATGGCTTG_006,63
GCGATATGGTTCATGGCTTG_007,94
GCGATATGGTTCATGGCTTG_008,51
GCGATATGGTTCATGGCTTG_009,131
GCGATATGGTTCATGGCTTG_010,29
GCGATATGGTTCATGGCTTG_011,106
GCGATATGGTTCATGGCTTG_012,70
GCGATATGGTTCATGGCTTG_013,164
GCGATATGGTTCATGGCTTG_014,181
TTGGAGGATATTCAAATCCA_001,148
TTGGAGGATATTCAAATCCA_002,29
TTGGAGGATATTCAAATCCA_003,76
TTGGAGGATATTCAAATCCA_004,2
TTGGAGGATATTCAAATCCA_005,67
TTGGAGGATATTCAAATCCA_006,141
TTGGAGGATATTCAAATCCA_007,1
TTGGAGGATATTCAAATCCA_008,16
TTGGAGGATATTCAAATCCA_009,48
TTGGAGGATATTCAAATCCA_010,69
CACTACGTGATCCCGTACGA_001,69
CACTACGTGATCCCGTACGA_002,0
AACCCAAGGAGTTAATCCTA_001,16
AACCCAAGGAGTTAATCCTA_002,2
AACCCAAGGAGTTAATCCTA_003,76
AACCCAAGGAGTTAATCCTA_004,16
AACCCAAGGAGTTAATCCTA_005,23
AACCCAAGGAGTTAATCCTA_006,58
AACCCAAGGAGTTAATCCTA_007,121
AACCCAAGGAGTTAATCCTA_008,56
AACCCAAGGAGTTAATCCTA_009,50
AACCCAAGGAGTTAATCCTA_010,161
AACCCAAGGAGTTAATCCTA_011,159
AACCCAAGGAGTTAATCCTA_012,90
CCAGGGTAATCATTTCCCGT_001,6
CCAGGGTAATCATTTCCCGT_002,80
CCAGGGTAATCATTTCCCGT_003,193
CCAGGGTAATCATTTCCCGT_004,176
CTTCCGGAAAAATGGAGGAA_001,163
CTTCCGGAAAAATGGAGGAA_002,18
CTTCCGGAAAAATGGAGGAA_003,96
CTTCCGGAAAAATGGAGGAA_004,156
CTTCCGGAAAAATGGAGGAA_005,1
CTTCCGGAAAAATGGAGGAA_006,53
CTTCCGGAAAAATGGAGGAA_007,102
CTTCCGGAAAAATGGAGGAA_008,2
CTTCCGGAAAAATGGAGGAA_009,174
GAACTCAAGGAACCTCCACA_001,166
GAACTCAAGGAACCTCCACA_002,138
GAACTCAAGGAACCTCCACA_003,102
GAACTCAAGGAACCTCCACA_004,18
GAACTCAAGGAACCTCCACA_005,6
GAACTCAAGGAACCTCCACA_006,58
GAACTCAAGGAACCTCCACA_007,96
GAACTCAAGGAACCTCCACA_008,12
GAACTCAAGGAACCTCCACA_009,199
GAACTCAAGGAACCTCCACA_010,147
GAACTCAAGGAACCTCCACA_011,1
GAACTCAAGGAACCTCCACA_012,197
GAACTCAAGGAACCTCCACA_013,48
CAGAAGATTAGGCCTCGGCG_001,101
CAGAAGATTAGGCCTCGGCG_002,150
CAGAAGATTAGGCCTCGGCG_003,8
CAGAAGATTAGGCCTCGGCG_004,40
CAGAAGATTAGGCCTCGGCG_005,60
CAGAAGATTAGGCCTCGGCG_006,9
CAGAAGATTAGGCCTCGGCG_007,182
CAGAAGATTAGGCCTCGGCG_008,67
CAGAAGATTAGGCCTCGGCG_009,150
CAGAAGATTAGGCCTCGGCG_010,0
CAGAAGATTAGGCCTCGGCG_011,105
CAGAAGATTAGGCCTCGGCG_012,34
CAGAAGATTAGGCCTCGGCG_013,153
CAGAAGATTAGGCCTCGGCG_014,79
CAGAAGATTAGGCCTCGGCG_015,177
CAGAAGATTAGGCCTCGGCG_016,111
CAGAAGATTAGGCCTCGGCG_017,198
GGATTAATTCGCTAAATGAT_001,36
GGATTAATTCGCTAAATGAT_002,37
GGATTAATTCGCTAAATGAT_003,138
CTCCTCACCCCCGCTATCCG_001,191
CTCCTCACCCCCGCTATCCG_002,105
CTCCTCACCCCCGCTATCCG_003,97
CTCCTCACCCCCGCTATCCG_004,147
CTCCTCACCCCCGCTATCCG_005,88
CTCCTCACCCCCGCTATCCG_006,69
CTCCTCACCCCCGCTATCCG_007,19
CTCCTCACCCCCGCTATCCG_008,192
CTCCTCACCCCCGCTATCCG_009,60
CTCCTCACCCCCGCTATCCG_010,147
CTCCTCACCCCCGCTATCCG_011,106
CTCCTCACCCCCGCTATCCG_012,58
CTCCTCACCCCCGCTATCCG_013,142
CTCCTCACCCCCGCTATCCG_014,26
CTCCTCACCCCCGCTATCCG_015,126
CTCCTCACCCCCGCTATCCG_016,147
CTCCTCACCCCCGCTATCCG_017,157
CTCCTCACCCCCGCTATCCG_018,182
CTCCTCACCCCCGCTATCCG_019,116
CTCCTCACCCCCGCTATCCG_020,186
CTCCTCACCCCCGCTATCCG_021,70
CTCCTCACCCCCGCTATCCG_022,186
CTCCTCACCCCCGCTATCCG_023,57
CTCCTCACCCCCGCTATCCG_024,162
CTCCTCACCCCCGCTATCCG_025,48
CTCCTCACCCCCGCTATCCG_026,13
ACAGATACAGACATAACCTG_001,2
ACAGATACAGACATAACCTG_002,100
ATCGACAGGCCTAGGCCATG_001,62
ATCGACAGGCCTAGGCCATG_002,150
ATCGACAGGCCTAGGCCATG_003,43
ATCGACAGGCCTAGGCCATG_004,27
ATCGACAGGCCTAGGCCATG_005,169
ATCGACAGGCCTAGGCCATG_006,8
ATCGACAGGCCTAGGCCATG_007,85
ATCGACAGGCCTAGGCCATG_008,118
CTGCAGTAGGAACGGAACCG_001,171
CTGCAGTAGGAACGGAACCG_002,58
CTGCAGTAGGAACGGAACCG_003,152
CTGCAGTAGGAACGGAACCG_004,144
CTGCAGTAGGAACGGAACCG_005,5
CTGCAGTAGGAACGGAACCG_006,10
CTGCAGTAGGAACGGAACCG_007,62
CTGCAGTAGGAACGGAACCG_008,136
CTGCAGTAGGAACGGAACCG_009,9
CTGCAGTAGGAACGGAACCG_010,96
CTGCAGTAGGAACGGAACCG_011,121
CTGCAGTAGGAACGGAACCG_012,27
CTGCAGTAGGAACGGAACCG_013,175
CTGCAGTAGGAACGGAACCG_014,1
CTGCAGTAGGAACGGAACCG_015,113
CTGCAGTAGGAACGGAACCG_016,113
CTGCAGTAGGAACGGAACCG_017,27
CTGCAGTAGGAACGGAACCG_018,28
GCTACCAGGAGATCTCCAAG_001,65
GCTACCAGGAGATCTCCAAG_002,115
GCTACCAGGAGATCTCCAAG_003,73
GCTACCAGGAGATCTCCAAG_004,176
GCTACCAGGAGATCTCCAAG_005,12
GGAGTATGACAGTTCACCAA_001,188
GGAGTATGACAGTTCACCAA_002,18
GGAGTATGACAGTTCACCAA_003,113
GGAGTATGACAGTTCACCAA_004,88
GGAGTATGACAGTTCACCAA_005,57
GGAGTATGACAGTTCACCAA_006,187
GGAGTATGACAGTTCACCAA_007,60
GGAGTATGACAGTTCACCAA_008,184
GGAGTATGACAGTTCACCAA_009,178
GGAGTATGACAGTTCACCAA_010,169
GGCTTGCCAAATACTAACGC_001,149
GGCTTGCCAAATACTAACGC_002,1
GGCTTGCCAAATACTAACGC_003,185
GGCTTGCCAAATACTAACGC_004,192
GGCTTGCCAAATACTAACGC_005,157
GGCTTGCCAAATACTAACGC_006,4
GGCTTGCCAAATACTAACGC_007,4
TCAAAGAGTCCATCAAACAC_001,7
TCAAAGAGTCCATCAAACAC_002,77
TCAAAGAGTCCATCAAACAC_003,48
ACTGGCTACTGTAAGTGTAG_001,153
ACTGGCTACTGTAAGTGTAG_002,72
ACTGGCTACTGTAAGTGTAG_003,157
ACTGGCTACTGTAAGTGTAG_004,141
ACTGGCTACTGTAAGTGTAG_005,144
ACTGGCTACTGTAAGTGTAG_006,172
ACTGGCTACTGTAAGTGTAG_007,94
ACTGGCTACTGTAAGTGTAG_008,98
ACTGGCTACTGTAAGTGTAG_009,168
ACTGGCTACTGTAAGTGTAG_010,9
ACTGGCTACTGTAAGTGTAG_011,77
ACTGGCTACTGTAAGTGTAG_012,162
AGTAATTAAAGGAATAGGAG_001,29
AGTAATTAAAGGAATAGGAG_002,129
AGTAATTAAAGGAATAGGAG_003,187
AGTAATTAAAGGAATAGGAG_004,40
AGTAATTAAAGGAATAGGAG_005,86
CTAGTGAAATTCGACAGGAC_001,111
CTAGTGAAATTCGACAGGAC_002,78
CTAGTGAAATTCGACAGGAC_003,96
CTAGTGAAATTCGACAGGAC_004,86
CTAGTGAAATTCGACAGGAC_005,170
CTAGTGAAATTCGACAGGAC_006,22
CTAGTGAAATTCGACAGGAC_007,105
CTAGTGAAATTCGACAGGAC_008,17
CTAGTGAAATTCGACAGGAC_009,153
GTTTCTTTGAAGGAAGCGAG_001,0
GTTTCTTTGAAGGAAGCGAG_002,157
GTTTCTTTGAAGGAAGCGAG_003,102
GTTTCTTTGAAGGAAGCGAG_004,146
GTTTCTTTGAAGGAAGCGAG_005,84
GTTTCTTTGAAGGAAGCGAG_006,137
GTTTCTTTGAAGGAAGCGAG_007,172
GTTTCTTTGAAGGAAGCGAG_008,174
GTTTCTTTGAAGGAAGCGAG_009,184
GTTTCTTTGAAGGAAGCGAG_010,154
GTTTCTTTGAAGGAAGCGAG_011,188
GTTTCTTTGAAGGAAGCGAG_012,161
GTTTCTTTGAAGGAAGCGAG_013,180
GTTTCTTTGAAGGAAGCGAG_014,162
GGTGTCCAGAGAGACTCCCA_001,124
GGTGTCCAGAGAGACTCCCA_002,5
GGTGTCCAGAGAGACTCCCA_003,170
GGTGTCCAGAGAGACTCCCA_004,140
GGTGTCCAGAGAGACTCCCA_005,98
GGTGTCCAGAGAGACTCCCA_006,13
GGTGTCCAGAGAGACTCCCA_007,81
GGTGTCCAGAGAGACTCCCA_008,62
GGTGTCCAGAGAGACTCCCA_009,151
GGTGTCCAGAGAGACTCCCA_010,78
GGTGTCCAGAGAGACTCCCA_011,162
GGTGTCCAGAGAGACTCCCA_012,44
GGTGTCCAGAGAGACTCCCA_013,74
GGTGTCCAGAGAGACTCCCA_014,159
GGTGTCCAGAGAGACTCCCA_015,34
GGTGTCCAGAGAGACTCCCA_016,175
GGTGTCCAGAGAGACTCCCA_017,170
GGTGTCCAGAGAGACTCCCA_018,69
GGTGTCCAGAGAGACTCCCA_019,166
CTTTCCGCCTGGCGATAGTG_001,181
CTTTCCGCCTGGCGATAGTG_002,77
CTTTCCGCCTGGCGATAGTG_003,181
CTTTCCGCCTGGCGATAGTG_004,183
CTTTCCGCCTGGCGATAGTG_005,175
CTTTCCGCCTGGCGATAGTG_006,174
CTTTCCGCCTGGCGATAGTG_007,178
CTTTCCGCCTGGCGATAGTG_008,6
CTTTCCGCCTGGCGATAGTG_009,112
CTTTCCGCCTGGCGATAGTG_010,106
CTTTCCGCCTGGCGATAGTG_011,39
CTTTCCGCCTGGCGATAGTG_012,36
CTTTCCGCCTGGCGATAGTG_013,69
GTCAACATAAAAGATAACCA_001,0
GTCAACATAAAAGATAACCA_002,103
GTCAACATAAAAGATAACCA_003,163
GTCAACATAAAAGATAACCA_004,15
GTCAACATAAAAGATAACCA_005,71
GTCAACATAAAAGATAACCA_006,15
GTCAACATAAAAGATAACCA_007,154
GTCAACATAAAAGATAACCA_008,146
CTGGCTGGAAAGCACCTAGG_001,169
CTGGCTGGAAAGCACCTAGG_002,34
CTGGCTGGAAAGCACCTAGG_003,120
CTGGCTGGAAAGCACCTAGG_004,18
CTGGCTGGAAAGCACCTAGG_005,43
CTGGCTGGAAAGCACCTAGG_006,157
CTGGCTGGAAAGCACCTAGG_007,147
CTGGCTGGAAAGCACCTAGG_008,61
CTGGCTGGAAAGCACCTAGG_009,193
CTGGCTGGAAAGCACCTAGG_010,141
CTGGCTGGAAAGCACCTAGG_011,141
CTGGCTGGAAAGCACCTAGG_012,17
CTGGCTGGAAAGCACCTAGG_013,107
CTGGCTGGAAAGCACCTAGG_014,40
CTGGCTGGAAAGCACCTAGG_015,157
CTGGCTGGAAAGCACCTAGG_016,96
AAGCCAACATAACAACCCTA_001,153
AAGCCAACATAACAACCCTA_002,37
AAGCCAACATAACAACCCTA_003,162
CTTCCATAGAGGTGAGCAGG_001,12
CTTCCATAGAGGTGAGCAGG_002,34
CTTCCATAGAGGTGAGCAGG_003,42
CTTCCATAGAGGTGAGCAGG_004,48
CTTCCATAGAGGTGAGCAGG_005,69
CTTCCATAGAGGTGAGCAGG_006,48
CTTCCATAGAGGTGAGCAGG_007,148
CTTCCATAGAGGTGAGCAGG_008,148
CTTCCATAGAGGTGAGCAGG_009,48
CTTCCATAGAGGTGAGCAGG_010,140
CTTCCATAGAGGTGAGCAGG_011,30
CTTCCATAGAGGTGAGCAGG_012,134
CTTCCATAGAGGTGAGCAGG_013,63
TGGCAGCTCCTATGAAAATG_001,54
TGGCAGCTCCTATGAAAATG_002,182
TGGGAGGACGCTACTCGCTG_001,103
TGGGAGGACGCTACTCGCTG_002,116
TGGGAGGACGCTACTCGCTG_003,78
TGGGAGGACGCTACTCGCTG_004,116
TGGGAGGACGCTACTCGCTG_005,63
TGGGAGGACGCTACTCGCTG_006,46
TGGGAGGACGCTACTCGCTG_007,121
CTGCATGGTACGCACGACAG_001,125
CTGCATGGTACGCACGACAG_002,118
CTGCATGGTACGCACGACAG_003,197
CTGCATGGTACGCACGACAG_004,184
CTGCATGGTACGCACGACAG_005,153
CTGCATGGTACGCACGACAG_006,161
CTGCATGGTACGCACGACAG_007,80
CTGCATGGTACGCACGACAG_008,43
CTGCATGGTACGCACGACAG_009,169
CTGCATGGTACGCACGACAG_010,159
CTGCATGGTACGCACGACAG_011,190
CTGCATGGTACGCACGACAG_012,61
TAACACAGCTTATTCCGCGA_001,49
TAACACAGCTTATTCCGCGA_002,32
TCCGTGCTCTTCTGGCTCTG_001,34
TCCGTGCTCTTCTGGCTCTG_002,115
TCCGTGCTCTTCTGGCTCTG_003,153
TCCGTGCTCTTCTGGCTCTG_004,77
TCCGTGCTCTTCTGGCTCTG_005,110
TCCGTGCTCTTCTGGCTCTG_006,76
TCCGTGCTCTTCTGGCTCTG_007,4
TCCGTGCTCTTCTGGCTCTG_008,168
TCCGTGCTCTTCTGGCTCTG_009,49
TCCGTGCTCTTCTGGCTCTG_010,112
TCCGTGCTCTTCTGGCTCTG_011,28
TCCGTGCTCTTCTGGCTCTG_012,94
TCCGTGCTCTTCTGGCTCTG_013,10
CTTCTGATTGCATGCCTCGG_001,105
CTTCTGATTGCATGCCTCGG_002,188
CTTCTGATTGCATGCCTCGG_003,60
CTTCTGATTGCATGCCTCGG_004,84
CTTCTGATTGCATGCCTCGG_005,9
TGAGCAACACTCAAGCTGAG_001,94
TGAGCAACACTCAAGCTGAG_002,168
TGAGCAACACTCAAGCTGAG_003,184
TGAGCAACACTCAAGCTGAG_004,12
TGAGCAACACTCAAGCTGAG_005,94
TGAGCAACACTCAAGCTGAG_006,21
TGAGCAACACTCAAGCTGAG_007,199
TGAGCAACACTCAAGCTGAG_008,166
TGAGCAACACTCAAGCTGAG_009,19
TGAGCAACACTCAAGCTGAG_010,96
TGAGCAACACTCAAGCTGAG_011,86
TGAGCAACACTCAAGCTGAG_012,60
TGAGCAACACTCAAGCTGAG_013,162
TGAGCAACACTCAAGCTGAG_014,137
TGAGCAACACTCAAGCTGAG_015,169
TGAGCAACACTCAAGCTGAG_016,169
TGAGCAACACTCAAGCTGAG_017,147
TGAGCAACACTCAAGCTGAG_018,91
TGAGCAACACTCAAGCTGAG_019,152
TGAGCAACACTCAAGCTGAG_020,139
TGAGCAACACTCAAGCTGAG_021,91
TGAGCAACACTCAAGCTGAG_022,57
TGAGCAACACTCAAGCTGAG_023,115
TGAGCAACACTCAAGCTGAG_024,90
GGCAAGCATTGGATTACTCA_001,66
GGCAAGCATTGGATTACTCA_002,42
GTTCCAGGAGTGGATATATG_001,149
GTTCCAGGAGTGGATATATG_002,15
GTTCCAGGAGTGGATATATG_003,36
GTTCCAGGAGTGGATATATG_004,185
GTTCCAGGAGTGGATATATG_005,12
ACCATATCATAGTCAAGGAA_001,25
AGTCACACAGAATAAACGGC_001,119
AGTCACACAGAATAAACGGC_002,8
AGTCACACAGAATAAACGGC_003,9
AGTCACACAGAATAAACGGC_004,105
AGTCACACAGAATAAACGGC_005,42
AGTCACACAGAATAAACGGC_006,198
AGTCACACAGAATAAACGGC_007,137
ATTCATTGGAAAAAAGACAA_001,7
ATTCATTGGAAAAAAGACAA_002,50
ATTCATTGGAAAAAAGACAA_003,98
ATTCATTGGAAAAAAGACAA_004,120
ATTCATTGGAAAAAAGACAA_005,13
ATTCATTGGAAAAAAGACAA_006,127
ATTCATTGGAAAAAAGACAA_007,135
ATTCATTGGAAAAAAGACAA_008,150
ATTCATTGGAAAAAAGACAA_009,147
ATTCATTGGAAAAAAGACAA_010,75
TAGTGCCCGGATCCACCCCG_001,139
TAGTGCCCGGATCCACCCCG_002,171
TAGTGCCCGGATCCACCCCG_003,150
TAGTGCCCGGATCCACCCCG_004,82
TAGTGCCCGGATCCACCCCG_005,129
TAGTGCCCGGATCCACCCCG_006,160
TAGTGCCCGGATCCACCCCG_007,144
TAGTGCCCGGATCCACCCCG_008,2
TAGTGCCCGGATCCACCCCG_009,15
TAGTGCCCGGATCCACCCCG_010,80
TAGTGCCCGGATCCACCCCG_011,161
TAGTGCCCGGATCCACCCCG_012,171
TAGTGCCCGGATCCACCCCG_013,34
TAGTGCCCGGATCCACCCCG_014,63
TAGTGCCCGGATCCACCCCG_015,29
TAGTGCCCGGATCCACCCCG_016,60
TAGTGCCCGGATCCACCCCG_017,90
TAGTGCCCGGATCCACCCCG_018,8
TAGTGCCCGGATCCACCCCG_019,149
TAGTGCCCGGATCCACCCCG_020,53
TAGTGCCCGGATCCACCCCG_021,111
TAGTGCCCGGATCCACCCCG_022,111
TAGTGCCCGGATCCACCCCG_023,121
TAGTGCCCGGATCCACCCCG_024,63
TAGTGCCCGGATCCACCCCG_025,142
TAGTGCCCGGATCCACCCCG_026,163
CTGATTATGTGGCAACCCGA_001,88
CTGATTATGTGGCAACCCGA_002,78
CTGATTATGTGGCAACCCGA_003,37
CTGATTATGTGGCAACCCGA_004,64
CTGATTATGTGGCAACCCGA_005,111
CTGATTATGTGGCAACCCGA_006,152
CTAACATGAGTACATAGATA_001,12
CTAACATGAGTACATAGATA_002,32
CTAACATGAGTACATAGATA_003,199
CTAACATGAGTACATAGATA_004,127
TCAATTGCCTGAGATCGTAT_001,177
TCAATTGCCTGAGATCGTAT_002,18
TCAATTGCCTGAGATCGTAT_003,92
TCAATTGCCTGAGATCGTAT_004,108
TCAATTGCCTGAGATCGTAT_005,177
TTCTGATAAGAACCCAGGGG_001,178
TTCTGATAAGAACCCAGGGG_002,18
TTCTGATAAGAACCCAGGGG_003,113
TTCTGATAAGAACCCAGGGG_004,78
TTCTGATAAGAACCCAGGGG_005,28
GCTGTGATGACACCCAGTGA_001,176
GCTGTGATGACACCCAGTGA_002,55
GCTGTGATGACACCCAGTGA_003,58
GCTGTGATGACACCCAGTGA_004,29
GCTGTGATGACACCCAGTGA_005,148
GCTGTGATGACACCCAGTGA_006,147
GCTGTGATGACACCCAGTGA_007,43
GCTGTGATGACACCCAGTGA_008,138
GCTGTGATGACACCCAGTGA_009,10
GCTGTGATGACACCCAGTGA_010,102
CAGTCCACGGCAGAACTGTG_001,112
CAGTCCACGGCAGAACTGTG_002,28
CAGTCCACGGCAGAACTGTG_003,81
CAGTCCACGGCAGAACTGTG_004,43
CAGTCCACGGCAGAACTGTG_005,29
CAGTCCACGGCAGAACTGTG_006,130
CAGTCCACGGCAGAACTGTG_007,38
CAGTCCACGGCAGAACTGTG_008,169
CAGTCCACGGCAGAACTGTG_009,169
CAGTCCACGGCAGAACTGTG_010,126
CAGTCCACGGCAGAACTGTG_011,98
CAGTCCACGGCAGAACTGTG_012,184
CAGTCCACGGCAGAACTGTG_013,105
CAGTCCACGGCAGAACTGTG_014,9
CTCAAACCAACGGTTCCTGG_001,170
CTCAAACCAACGGTTCCTGG_002,186
CTCAAACCAACGGTTCCTGG_003,9
CTCAAACCAACGGTTCCTGG_004,148
CTCAAACCAACGGTTCCTGG_005,141
CTCAAACCAACGGTTCCTGG_006,30
CTCAAACCAACGGTTCCTGG_007,44
CTCAAACCAACGGTTCCTGG_008,175
CTCAAACCAACGGTTCCTGG_009,63
CTCAAACCAACGGTTCCTGG_010,138
TACCTGTCGAGGTTAGGCAC_001,183
TACCTGTCGAGGTTAGGCAC_002,102
TACCTGTCGAGGTTAGGCAC_003,58
TACCTGTCGAGGTTAGGCAC_004,94
TACCTGTCGAGGTTAGGCAC_005,91
TACCTGTCGAGGTTAGGCAC_006,81
TACCTGTCGAGGTTAGGCAC_007,182
TACCTGTCGAGGTTAGGCAC_008,190
TACCTGTCGAGGTTAGGCAC_009,156
TACCTGTCGAGGTTAGGCAC_010,37
TACCTGTCGAGGTTAGGCAC_011,17
TACCTGTCGAGGTTAGGCAC_012,15
TACCTGTCGAGGTTAGGCAC_013,18
TACCTGTCGAGGTTAGGCAC_014,57
TACCTGTCGAGGTTAGGCAC_015,46
TACCTGTCGAGGTTAGGCAC_016,2
TACCTGTCGAGGTTAGGCAC_017,141
TACCTGTCGAGGTTAGGCAC_018,105
TACCTGTCGAGGTTAGGCAC_019,13
TACCTGTCGAGGTTAGGCAC_020,56
TACCTGTCGAGGTTAGGCAC_021,132
TACCTGTCGAGGTTAGGCAC_022,47
TACCTGTCGAGGTTAGGCAC_023,165
TACCTGTCGAGGTTAGGCAC_024,149
TACCTGTCGAGGTTAGGCAC_025,19
TACCTGTCGAGGTTAGGCAC_026,134
GCTTCGCTCAAAGAACACAT_001,78
GCTTCGCTCAAAGAACACAT_002,38
GCTTCGCTCAAAGAACACAT_003,160
GCTTCGCTCAAAGAACACAT_004,43
GCTTCGCTCAAAGAACACAT_005,39
GCTTCGCTCAAAGAACACAT_006,67
AATAGAGGCTGGACTAATCG_001,94
AATAGAGGCTGGACTAATCG_002,198
AATAGAGGCTGGACTAATCG_003,131
AATAGAGGCTGGACTAATCG_004,48
AATAGAGGCTGGACTAATCG_005,17
AATAGAGGCTGGACTAATCG_006,48
AATAGAGGCTGGACTAATCG_007,116
AATAGAGGCTGGACTAATCG_008,85
AATAGAGGCTGGACTAATCG_009,134
AATAGAGGCTGGACTAATCG_010,148
AATAGAGGCTGGACTAATCG_011,135
AATAGAGGCTGGACTAATCG_012,84
AATAGAGGCTGGACTAATCG_013,45
AATAGAGGCTGGACTAATCG_014,139
AATAGAGGCTGGACTAATCG_015,20
AATAGAGGCTGGACTAATCG_016,145
AATAGAGGCTGGACTAATCG_017,36
AATAGAGGCTGGACTAATCG_018,88
AATAGAGGCTGGACTAATCG_019,70
CCCCAACACTGACCCAACAG_001,151
CCCCAACACTGACCCAACAG_002,35
CCCCAACACTGACCCAACAG_003,113
TACTGGAGTTTGCGACTCGG_001,107
TACTGGAGTTTGCGACTCGG_002,116
TACTGGAGTTTGCGACTCGG_003,70
TACTGGAGTTTGCGACTCGG_004,141
TACTGGAGTTTGCGACTCGG_005,110
TACTGGAGTTTGCGACTCGG_006,176
TACTGGAGTTTGCGACTCGG_007,3
TACTGGAGTTTGCGACTCGG_008,81
TACTGGAGTTTGCGACTCGG_009,97
TACTGGAGTTTGCGACTCGG_010,41
TACTGGAGTTTGCGACTCGG_011,158
TACTGGAGTTTGCGACTCGG_012,15
TACTGGAGTTTGCGACTCGG_013,30
TACTGGAGTTTGCGACTCGG_014,61
TACTGGAGTTTGCGACTCGG_015,186
TACTGGAGTTTGCGACTCGG_016,146
TACTGGAGTTTGCGACTCGG_017,61
TACTGGAGTTTGCGACTCGG_018,149
TACTGGAGTTTGCGACTCGG_019,118
TACTGGAGTTTGCGACTCGG_020,50
TACTGGAGTTTGCGACTCGG_021,37
TACTGGAGTTTGCGACTCGG_022,122
TACTGGAGTTTGCGACTCGG_023,24
TACTGGAGTTTGCGACTCGG_024,127
TACTGGAGTTTGCGACTCGG_025,41
TACTGGAGTTTGCGACTCGG_026,13
TACTGGAGTTTGCGACTCGG_027,11
TACTGGAGTTTGCGACTCGG_028,70
TACTGGAGTTTGCGACTCGG_029,69
TACTGGAGTTTGCGACTCGG_030,41
TACTGGAGTTTGCGACTCGG_031,48
TACTGGAGTTTGCGACTCGG_032,182
TACTGGAGTTTGCGACTCGG_033,140
TACTGGAGTTTGCGACTCGG_034,153
TACTGGAGTTTGCGACTCGG_035,75
TACTGGAGTTTGCGACTCGG_036,2
TACTGGAGTTTGCGACTCGG_037,97
TACTGGAGTTTGCGACTCGG_038,188
TACTGGAGTTTGCGACTCGG_039,152
TACTGGAGTTTGCGACTCGG_040,113
TACTGGAGTTTGCGACTCGG_041,178
TACTGGAGTTTGCGACTCGG_042,6
TACTGGAGTTTGCGACTCGG_043,198
ATCGCAGAGAGCTGTAAGGT_001,129
ATCGCAGAGAGCTGTAAGGT_002,68
ATCGCAGAGAGCTGTAAGGT_003,120
ATCGCAGAGAGCTGTAAGGT_004,166
ATCGCAGAGAGCTGTAAGGT_005,70
ATCGCAGAGAGCTGTAAGGT_006,81
ATCGCAGAGAGCTGTAAGGT_007,162
ATCGCAGAGAGCTGTAAGGT_008,26
ATCGCAGAGAGCTGTAAGGT_009,69
ATCGCAGAGAGCTGTAAGGT_010,197
ATCGCAGAGAGCTGTAAGGT_011,103
CCAGGAAGGAAACATTCAGT_001,78
CCAGGAAGGAAACATTCAGT_002,132
CCAGGAAGGAAACATTCAGT_003,24
CCAGGAAGGAAACATTCAGT_004,45
CCAGGAAGGAAACATTCAGT_005,66
CCAGGAAGGAAACATTCAGT_006,171
CCAGGAAGGAAACATTCAGT_007,199
CCAGGAAGGAAACATTCAGT_008,151
CCAGGAAGGAAACATTCAGT_009,170
CCAGGAAGGAAACATTCAGT_010,35
CCTCACAGGCAGGCTAAACA_001,160
CCTCACAGGCAGGCTAAACA_002,96
CCTCACAGGCAGGCTAAACA_003,79
CCTCACAGGCAGGCTAAACA_004,78
CCTCACAGGCAGGCTAAACA_005,28
AGCCATTCTGATGGTCCTAG_001,36
AGCCATTCTGATGGTCCTAG_002,177
AGCCATTCTGATGGTCCTAG_003,175
AGCCATTCTGATGGTCCTAG_004,43
AGCCATTCTGATGGTCCTAG_005,103
AGCCATTCTGATGGTCCTAG_006,134
AGCCATTCTGATGGTCCTAG_007,9
AGCCATTCTGATGGTCCTAG_008,145
AGCCATTCTGATGGTCCTAG_009,172
AGCCATTCTGATGGTCCTAG_010,17
AGCCATTCTGATGGTCCTAG_011,103
AGCCATTCTGATGGTCCTAG_012,116
AGCCATTCTGATGGTCCTAG_013,104
GGGATCAATATAGAGCACAG_001,0
GGGATCAATATAGAGCACAG_002,49
GGGATCAATATAGAGCACAG_003,112
CCCGTAAAACTGCTGCATAG_001,121
CCCGTAAAACTGCTGCATAG_002,80
CCCGTAAAACTGCTGCATAG_003,37
TGACTGGCACTCAAAAACCA_001,4
TGACTGGCACTCAAAAACCA_002,65
TGACTGGCACTCAAAAACCA_003,158
TGACTGGCACTCAAAAACCA_004,26
TGACTGGCACTCAAAAACCA_005,112
TGACTGGCACTCAAAAACCA_006,78
ACCCACGGCTGTGCTCGGAG_001,70
ACCCACGGCTGTGCTCGGAG_002,199
ACCCACGGCTGTGCTCGGAG_003,79
ACCCACGGCTGTGCTCGGAG_004,48
ACCCACGGCTGTGCTCGGAG_005,115
ACCCACGGCTGTGCTCGGAG_006,108
ACCCACGGCTGTGCTCGGAG_007,60
ACCCACGGCTGTGCTCGGAG_008,170
ACCCACGGCTGTGCTCGGAG_009,176
ACCCACGGCTGTGCTCGGAG_010,26
ACCCACGGCTGTGCTCGGAG_011,8
ACCCACGGCTGTGCTCGGAG_012,57
ACCCACGGCTGTGCTCGGAG_013,158
ACCCACGGCTGTGCTCGGAG_014,150
ACCCACGGCTGTGCTCGGAG_015,3
ATACTGTTCATAGTACGATG_001,7
ATACTGTTCATAGTACGATG_002,55
ATACTGTTCATAGTACGATG_003,81
ATACTGTTCATAGTACGATG_004,149
ATACTGTTCATAGTACGATG_005,149
ATACTGTTCATAGTACGATG_006,2
ATACTGTTCATAGTACGATG_007,78
ATACTGTTCATAGTACGATG_008,126
ATACTGTTCATAGTACGATG_009,146
ATACTGTTCATAGTACGATG_010,15
GTGCACTGGAAGGCAAAACT_001,70
GTGCACTGGAAGGCAAAACT_002,94
GTGCACTGGAAGGCAAAACT_003,91
GTGCACTGGAAGGCAAAACT_004,174
GTGCACTGGAAGGCAAAACT_005,105
GTGCACTGGAAGGCAAAACT_006,19
GTGCACTGGAAGGCAAAACT_007,46
GTGCACTGGAAGGCAAAACT_008,10
CTTTGCATTTATGACAAGCG_001,76
CTTTGCATTTATGACAAGCG_002,76
CTTTGCATTTATGACAAGCG_003,130
CTTTGCATTTATGACAAGCG_004,134
CTTTGCATTTATGACAAGCG_005,59
CTTTGCATTTATGACAAGCG_006,148
CTTTGCATTTATGACAAGCG_007,70
CTTTGCATTTATGACAAGCG_008,105
CTTTGCATTTATGACAAGCG_009,98
CTTTGCATTTATGACAAGCG_010,155
CTTTGCATTTATGACAAGCG_011,93
AGAACCGACTAGCATCTCGG_001,35
AGAACCGACTAGCATCTCGG_002,157
AGAACCGACTAGCATCTCGG_003,168
AGAACCGACTAGCATCTCGG_004,75
AGAACCGACTAGCATCTCGG_005,140
AGAACCGACTAGCATCTCGG_006,199
AGAACCGACTAGCATCTCGG_007,102
AGAACCGACTAGCATCTCGG_008,68
AGAACCGACTAGCATCTCGG_009,19
CGTGAGCCTGATCCCAGCTG_001,84
CGTGAGCCTGATCCCAGCTG_002,35
CGTGAGCCTGATCCCAGCTG_003,83
ACTACGACTAGAGTTTGCTA_001,82
ACTACGACTAGAGTTTGCTA_002,169
ACTACGACTAGAGTTTGCTA_003,177
ACTACGACTAGAGTTTGCTA_004,63
ACTACGACTAGAGTTTGCTA_005,172
ACTACGACTAGAGTTTGCTA_006,87
ACTACGACTAGAGTTTGCTA_007,106
ACTACGACTAGAGTTTGCTA_008,49
ACTACGACTAGAGTTTGCTA_009,166
TGTCTCTCAACCATACAGCT_001,127
ACCCGCCACTCCAGAAATCC_001,101
ACCCGCCACTCCAGAAATCC_002,48
ACCCGCCACTCCAGAAATCC_003,160
ACCCGCCACTCCAGAAATCC_004,101
TGCAACCCTAATGACAGATG_001,159
TGCAACCCTAATGACAGATG_002,185
CAAACAAATCAATTACCCCT_001,125
CAAACAAATCAATTACCCCT_002,59
CAAACAAATCAATTACCCCT_003,21
CAAACAAATCAATTACCCCT_004,101
CCTTGGACCAAAGTAAAGCG_001,130
CCTTGGACCAAAGTAAAGCG_002,81
CCTTGGACCAAAGTAAAGCG_003,49
CCTTGGACCAAAGTAAAGCG_004,40
CCTTGGACCAAAGTAAAGCG_005,50
CCTTGGACCAAAGTAAAGCG_006,136
TATTCGTGATTCTCGACAGA_001,144
TATTCGTGATTCTCGACAGA_002,1
TATTCGTGATTCTCGACAGA_003,138
CTGAACACATAGCTGGACCG_001,48
CTGAACACATAGCTGGACCG_002,63
CTGAACACATAGCTGGACCG_003,159
CTGAACACATAGCTGGACCG_004,122
CTGAACACATAGCTGGACCG_005,117
CTGAACACATAGCTGGACCG_006,102
CTGAACACATAGCTGGACCG_007,77
CTGAACACATAGCTGGACCG_008,86
CTGAACACATAGCTGGACCG_009,1
CTGAACACATAGCTGGACCG_010,26
CTGAACACATAGCTGGACCG_011,95
CTGAACACATAGCTGGACCG_012,84
CTGAACACATAGCTGGACCG_013,46
CTGAACACATAGCTGGACCG_014,2
CTGAACACATAGCTGGACCG_015,166
CTGAACACATAGCTGGACCG_016,125
CTTAGCAGTCGCTTATGGAG_001,78
CTTAGCAGTCGCTTATGGAG_002,83
CTTAGCAGTCGCTTATGGAG_003,76
CTTAGCAGTCGCTTATGGAG_004,115
CTTAGCAGTCGCTTATGGAG_005,94
CTTAGCAGTCGCTTATGGAG_006,171
CTTAGCAGTCGCTTATGGAG_007,172
GGGCACGAGCGACGCGTACG_001,45
GGGCACGAGCGACGCGTACG_002,174
GGGCACGAGCGACGCGTACG_003,15
GGGCACGAGCGACGCGTACG_004,40
GGGCACGAGCGACGCGTACG_005,153
GGGCACGAGCGACGCGTACG_006,82
GGGCACGAGCGACGCGTACG_007,18
GGGCACGAGCGACGCGTACG_008,49
GGGCACGAGCGACGCGTACG_009,98
GGGCACGAGCGACGCGTACG_010,55
GGGCACGAGCGACGCGTACG_011,148
GGGCACGAGCGACGCGTACG_012,9
GGGCACGAGCGACGCGTACG_013,2
GGGCACGAGCGACGCGTACG_014,61
GGGCACGAGCGACGCGTACG_015,38
GGGCACGAGCGACGCGTACG_016,190
GGGCACGAGCGACGCGTACG_017,129
GGGCACGAGCGACGCGTACG_018,78
GGGCACGAGCGACGCGTACG_019,11
GGGCACGAGCGACGCGTACG_020,20
GGGCACGAGCGACGCGTACG_021,29
GGGCACGAGCGACGCGTACG_022,177
GGGCACGAGCGACGCGTACG_023,127
GGGCACGAGCGACGCGTACG_024,101
GGGCACGAGCGACGCGTACG_025,175
GGGCACGAGCGACGCGTACG_026,48
GGGCACGAGCGACGCGTACG_027,199
GGGCACGAGCGACGCGTACG_028,50
GGGCACGAGCGACGCGTACG_029,183
GGGCACGAGCGACGCGTACG_030,175
GGGCACGAGCGACGCGTACG_031,3
GGGCACGAGCGACGCGTACG_032,1
GGGCACGAGCGACGCGTACG_033,139
GGGCACGAGCGACGCGTACG_034,77
GGGCACGAGCGACGCGTACG_035,7
GGGCACGAGCGACGCGTACG_036,179
TTGGGTCCCTGGATGAAAGG_001,5
TTGGGTCCCTGGATGAAAGG_002,117
TTGGGTCCCTGGATGAAAGG_003,144
TTGGGTCCCTGGATGAAAGG_004,113
TTGGGTCCCTGGATGAAAGG_005,183
TTGGGTCCCTGGATGAAAGG_006,183
TTGGGTCCCTGGATGAAAGG_007,122
TTGTGTCTATGAGTGGACCA_001,34
TTGTGTCTATGAGTGGACCA_002,69
TTGTGTCTATGAGTGGACCA_003,115
TTGTGTCTATGAGTGGACCA_004,9
TTGTGTCTATGAGTGGACCA_005,48
TTGTGTCTATGAGTGGACCA_006,130
TTGTGTCTATGAGTGGACCA_007,185
TTGTGTCTATGAGTGGACCA_008,144
TTGTGTCTATGAGTGGACCA_009,23
TTGTGTCTATGAGTGGACCA_010,72
TTGTGTCTATGAGTGGACCA_011,188
TTGTGTCTATGAGTGGACCA_012,19
TTGTGTCTATGAGTGGACCA_013,52
TTTGAATGTGAATGCCCCGA_001,14
TTTGAATGTGAATGCCCCGA_002,135
TTTGAATGTGAATGCCCCGA_003,139
CTTCTGGTAAAATATAGCCT_001,17
CTTCTGGTAAAATATAGCCT_002,81
CTTCTGGTAAAATATAGCCT_003,150
CTTCTGGTAAAATATAGCCT_004,168
CTTCTGGTAAAATATAGCCT_005,29
CTTGGGATGTAGCTTTATCA_001,27
CTTGGGATGTAGCTTTATCA_002,88
CTTGGGATGTAGCTTTATCA_003,12
TTTCCAGTGAAAAAATACAT_001,176
TTTCCAGTGAAAAAATACAT_002,152
TTTCCAGTGAAAAAATACAT_003,62
TTTCCAGTGAAAAAATACAT_004,101
CAATAAAATAGTACATGGGT_001,158
CAATAAAATAGTACATGGGT_002,142
CTCACTGCAGCACAGCAAGG_001,0
CTCACTGCAGCACAGCAAGG_002,6
CTCACTGCAGCACAGCAAGG_003,94
CTCACTGCAGCACAGCAAGG_004,77
CTCACTGCAGCACAGCAAGG_005,96
CTCACTGCAGCACAGCAAGG_006,34
CTCACTGCAGCACAGCAAGG_007,105
CTCACTGCAGCACAGCAAGG_008,138
GGGAGGCAGCATCAGGTCCA_001,8
GGGAGGCAGCATCAGGTCCA_002,59
GGGAGGCAGCATCAGGTCCA_003,114
GGGAGGCAGCATCAGGTCCA_004,29
GGGAGGCAGCATCAGGTCCA_005,48
GGGAGGCAGCATCAGGTCCA_006,58
GGGAGGCAGCATCAGGTCCA_007,83
GGGAGGCAGCATCAGGTCCA_008,166
GGGAGGCAGCATCAGGTCCA_009,2
GGGAGGCAGCATCAGGTCCA_010,172
GGGAGGCAGCATCAGGTCCA_011,7
GGGAGGCAGCATCAGGTCCA_012,48
GGGAGGCAGCATCAGGTCCA_013,12
GGGAGGCAGCATCAGGTCCA_014,137
GGGAGGCAGCATCAGGTCCA_015,126
GGGAGGCAGCATCAGGTCCA_016,158
GGGAGGCAGCATCAGGTCCA_017,191
GGGAGGCAGCATCAGGTCCA_018,150
GGGAGGCAGCATCAGGTCCA_019,115
GGGAGGCAGCATCAGGTCCA_020,118
GGGAGGCAGCATCAGGTCCA_021,149
GGGAGGCAGCATCAGGTCCA_022,177
GGGAGGCAGCATCAGGTCCA_023,158
GGGAGGCAGCATCAGGTCCA_024,50
GGGAGGCAGCATCAGGTCCA_025,80
GGGAGGCAGCATCAGGTCCA_026,178
GGGAGGCAGCATCAGGTCCA_027,58
GGGAGGCAGCATCAGGTCCA_028,170
GGGAGGCAGCATCAGGTCCA_029,182
GGGAGGCAGCATCAGGTCCA_030,42
GGGAGGCAGCATCAGGTCCA_031,192
GGGAGGCAGCATCAGGTCCA_032,35
GGGAGGCAGCATCAGGTCCA_033,161
GGGAGGCAGCATCAGGTCCA_034,14
GGGAGGCAGCATCAGGTCCA_035,42
GGGAGGCAGCATCAGGTCCA_036,60
GGGAGGCAGCATCAGGTCCA_037,148
GGGAGGCAGCATCAGGTCCA_038,147
GGGAGGCAGCATCAGGTCCA_039,81
GGGAGGCAGCATCAGGTCCA_040,174
GGGAGGCAGCATCAGGTCCA_041,187
GGGAGGCAGCATCAGGTCCA_042,178
GGGAGGCAGCATCAGGTCCA_043,169
GGGAGGCAGCATCAGGTCCA_044,151
GGGAGGCAGCATCAGGTCCA_045,178
GGGAGGCAGCATCAGGTCCA_046,1
GGGAGGCAGCATCAGGTCCA_047,120
GGGAGGCAGCATCAGGTCCA_048,48
GGGAGGCAGCATCAGGTCCA_049,153
GGGAGGCAGCATCAGGTCCA_050,77
GGGAGGCAGCATCAGGTCCA_051,116
GGGAGGCAGCATCAGGTCCA_052,105
GGGAGGCAGCATCAGGTCCA_053,104
GGGAGGCAGCATCAGGTCCA_054,52
GGGAGGCAGCATCAGGTCCA_055,162
GGGAGGCAGCATCAGGTCCA_056,52
TGAAGTCATTCAACACGTGG_001,199
GCTGAGTAAGAAGTACGGAC_001,131
GCTGAGTAAGAAGTACGGAC_002,15
GCTGAGTAAGAAGTACGGAC_003,169
GCTGAGTAAGAAGTACGGAC_004,26
GCTGAGTAAGAAGTACGGAC_005,141
GCTGAGTAAGAAGTACGGAC_006,53
GCTGAGTAAGAAGTACGGAC_007,121
GCTGAGTAAGAAGTACGGAC_008,156
GCTGAGTAAGAAGTACGGAC_009,144
GCTGAGTAAGAAGTACGGAC_010,177
GCTGAGTAAGAAGTACGGAC_011,81
GCTGAGTAAGAAGTACGGAC_012,115
GCTGAGTAAGAAGTACGGAC_013,91
GCTGAGTAAGAAGTACGGAC_014,37
GCTGAGTAAGAAGTACGGAC_015,184
TAATGTCTGACAATGAGTAG_001,199
TAATGTCTGACAATGAGTAG_002,41
TAATGTCTGACAATGAGTAG_003,157
TAATGTCTGACAATGAGTAG_004,176
TAATGTCTGACAATGAGTAG_005,107
TAATGTCTGACAATGAGTAG_006,197
ATACTGGAGAGAAACCCTGC_001,49
ATACTGGAGAGAAACCCTGC_002,17
ATACTGGAGAGAAACCCTGC_003,140
ATACTGGAGAGAAACCCTGC_004,11
ATACTGGAGAGAAACCCTGC_005,88
ATACTGGAGAGAAACCCTGC_006,29
ATACTGGAGAGAAACCCTGC_007,25
ATACTGGAGAGAAACCCTGC_008,146
TGGGCACGGGTACCCAACAG_001,77
TGGGCACGGGTACCCAACAG_002,77
TGGGCACGGGTACCCAACAG_003,5
TGGGCACGGGTACCCAACAG_004,58
TGGGCACGGGTACCCAACAG_005,69
TGGGCACGGGTACCCAACAG_006,91
TGGGCACGGGTACCCAACAG_007,50
TGGGCACGGGTACCCAACAG_008,2
TGGGCACGGGTACCCAACAG_009,162
CAAGGGCAACTGCACGTACA_001,169
CAAGGGCAACTGCACGTACA_002,141
CAAGGGCAACTGCACGTACA_003,63
CAAGGGCAACTGCACGTACA_004,188
CAAGGGCAACTGCACGTACA_005,108
CAAGGGCAACTGCACGTACA_006,6
CAAGGGCAACTGCACGTACA_007,115
CAAGGGCAACTGCACGTACA_008,11
CAAGGGCAACTGCACGTACA_009,88
CAAGGGCAACTGCACGTACA_010,96
CAAGGGCAACTGCACGTACA_011,32
CAAGGGCAACTGCACGTACA_012,139
CAAGGGCAACTGCACGTACA_013,104
CAAGGGCAACTGCACGTACA_014,33
CAAGGGCAACTGCACGTACA_015,50
CAAGGGCAACTGCACGTACA_016,40
CAAGGGCAACTGCACGTACA_017,26
CAAGGGCAACTGCACGTACA_018,34
CAAGGGCAACTGCACGTACA_019,85
CAAGGGCAACTGCACGTACA_020,191
CAAGGGCAACTGCACGTACA_021,81
CAAGGGCAACTGCACGTACA_022,194
CAAGGGCAACTGCACGTACA_023,94
CAAGGGCAACTGCACGTACA_024,199
CAAGGGCAACTGCACGTACA_025,86
CAAGGGCAACTGCACGTACA_026,68
CAAGGGCAACTGCACGTACA_027,148
CAAGGGCAACTGCACGTACA_028,110
CAAGGGCAACTGCACGTACA_029,178
CAAGGGCAACTGCACGTACA_030,121
CAAGGGCAACTGCACGTACA_031,22
CAAGGGCAACTGCACGTACA_032,144
CAAGGGCAACTGCACGTACA_033,6
GTCGTCCAGGGACCGACGTG_001,185
GTCGTCCAGGGACCGACGTG_002,23
GTCGTCCAGGGACCGACGTG_003,43
GTCGTCCAGGGACCGACGTG_004,29
GTCGTCCAGGGACCGACGTG_005,1
GTCGTCCAGGGACCGACGTG_006,25
GTCGTCCAGGGACCGACGTG_007,25
GTCGTCCAGGGACCGACGTG_008,78
GTCGTCCAGGGACCGACGTG_009,1
GTCGTCCAGGGACCGACGTG_010,158
GTCGTCCAGGGACCGACGTG_011,92
GTCGTCCAGGGACCGACGTG_012,60
GTCGTCCAGGGACCGACGTG_013,60
TAGAGGGCATGAATGTACCA_001,74
TAGAGGGCATGAATGTACCA_002,41
TAGAGGGCATGAATGTACCA_003,172
TAGAGGGCATGAATGTACCA_004,88
TAGAGGGCATGAATGTACCA_005,159
TAGAGGGCATGAATGTACCA_006,119
TGAGGGACTTTGCTAACCAG_001,88
TGAGGGACTTTGCTAACCAG_002,155
TGAGGGACTTTGCTAACCAG_003,96
TGAGGGACTTTGCTAACCAG_004,72
TGAGGGACTTTGCTAACCAG_005,145
TGAGGGACTTTGCTAACCAG_006,75
TGAGGGACTTTGCTAACCAG_007,197
TGAGGGACTTTGCTAACCAG_008,0
TGAGGGACTTTGCTAACCAG_009,172
TGAGGGACTTTGCTAACCAG_010,134
TGAGGGACTTTGCTAACCAG_011,159
TGAGGGACTTTGCTAACCAG_012,69
TAGTGAATATTGATCCGGGG_001,81
GCTTCTCTTTCCCAGCCCTG_001,153
GCTTCTCTTTCCCAGCCCTG_002,38
GCTTCTCTTTCCCAGCCCTG_003,165
GCTTCTCTTTCCCAGCCCTG_004,154
GCTTCTCTTTCCCAGCCCTG_005,172
GCTTCTCTTTCCCAGCCCTG_006,163
GCTTCTCTTTCCCAGCCCTG_007,8
GCTTCTCTTTCCCAGCCCTG_008,150
GCTTCTCTTTCCCAGCCCTG_009,157
GCTTCTCTTTCCCAGCCCTG_010,159
GCTTCTCTTTCCCAGCCCTG_011,150
GCTTCTCTTTCCCAGCCCTG_012,137
GCTTCTCTTTCCCAGCCCTG_013,25
GCTTCTCTTTCCCAGCCCTG_014,58
GCTTCTCTTTCCCAGCCCTG_015,91
GCTTCTCTTTCCCAGCCCTG_016,1
GACTTGTCAGGCCACTAGTG_001,119
GACTTGTCAGGCCACTAGTG_002,94
GACTTGTCAGGCCACTAGTG_003,2
GACTTGTCAGGCCACTAGTG_004,9
GACTTGTCAGGCCACTAGTG_005,138
GACTTGTCAGGCCACTAGTG_006,147
GACTTGTCAGGCCACTAGTG_007,103
GACTTGTCAGGCCACTAGTG_008,143
GACTTGTCAGGCCACTAGTG_009,70
GACTTGTCAGGCCACTAGTG_010,116
GACTTGTCAGGCCACTAGTG_011,54
GACTTGTCAGGCCACTAGTG_012,92
CTCATCTCGGAACCACGTGA_001,53
CTCATCTCGGAACCACGTGA_002,4
CTCATCTCGGAACCACGTGA_003,14
CTCATCTCGGAACCACGTGA_004,27
CTCATCTCGGAACCACGTGA_005,169
CTCATCTCGGAACCACGTGA_006,174
AATATGAAGCACGAACGGGG_001,41
AATATGAAGCACGAACGGGG_002,44
AATATGAAGCACGAACGGGG_003,48
AATATGAAGCACGAACGGGG_004,28
AATATGAAGCACGAACGGGG_005,110
AATATGAAGCACGAACGGGG_006,94
AATATGAAGCACGAACGGGG_007,115
AATATGAAGCACGAACGGGG_008,40
AATATGAAGCACGAACGGGG_009,72
AATATGAAGCACGAACGGGG_010,96
AATATGAAGCACGAACGGGG_011,34
AATATGAAGCACGAACGGGG_012,102
AATATGAAGCACGAACGGGG_013,46
GAGGTACACAAAGCCCGGAG_001,127
GAGGTACACAAAGCCCGGAG_002,144
GAGGTACACAAAGCCCGGAG_003,41
GAGGTACACAAAGCCCGGAG_004,145
GAGGTACACAAAGCCCGGAG_005,149
GAGGTACACAAAGCCCGGAG_006,144
GAGGTACACAAAGCCCGGAG_007,177
GAGGTACACAAAGCCCGGAG_008,65
GAGGTACACAAAGCCCGGAG_009,127
GAGGTACACAAAGCCCGGAG_010,160
GAGGTACACAAAGCCCGGAG_011,127
GAGGTACACAAAGCCCGGAG_012,132
GGTGTATTCTTCTGTAGGGG_001,160
AAGTGGTAGATTCTGATACT_001,168
AAGTGGTAGATTCTGATACT_002,42
AAGTGGTAGATTCTGATACT_003,199
AAGTGGTAGATTCTGATACT_004,170
AAGTGGTAGATTCTGATACT_005,77
CCCGGAAGAAACACCGTCGG_001,169
CCCGGAAGAAACACCGTCGG_002,41
CCCGGAAGAAACACCGTCGG_003,121
CCCGGAAGAAACACCGTCGG_004,174
CCCGGAAGAAACACCGTCGG_005,19
CCCGGAAGAAACACCGTCGG_006,41
CCCGGAAGAAACACCGTCGG_007,165
CCCGGAAGAAACACCGTCGG_008,58
CCCGGAAGAAACACCGTCGG_009,9
CCCGGAAGAAACACCGTCGG_010,105
CCCGGAAGAAACACCGTCGG_011,159
CCCGGAAGAAACACCGTCGG_012,183
CCCGGAAGAAACACCGTCGG_013,78
CCCGGAAGAAACACCGTCGG_014,114
CCCGGAAGAAACACCGTCGG_015,159
CCCGGAAGAAACACCGTCGG_016,27
CCCGGAAGAAACACCGTCGG_017,125
CCCGGAAGAAACACCGTCGG_018,128
CCCGGAAGAAACACCGTCGG_019,114
CCCGGAAGAAACACCGTCGG_020,60
CCCGGAAGAAACACCGTCGG_021,124
CCCGGAAGAAACACCGTCGG_022,151
CCCGGAAGAAACACCGTCGG_023,182
CCCGGAAGAAACACCGTCGG_024,6
CCCGGAAGAAACACCGTCGG_025,8
CCCGGAAGAAACACCGTCGG_026,28
CCCGGAAGAAACACCGTCGG_027,57
CCCGGAAGAAACACCGTCGG_028,66
CCCGGAAGAAACACCGTCGG_029,5
CCCGGAAGAAACACCGTCGG_030,9
GAGTAATTATGATGATACCG_001,193
GGGCCTACAAGTATCTACTA_001,182
GGGCCTACAAGTATCTACTA_002,41
GGGCCTACAAGTATCTACTA_003,150
GGGCCTACAAGTATCTACTA_004,40
GGGCCTACAAGTATCTACTA_005,148
TCGGCAGAAAGTGTTGACAC_001,76
TCGGCAGAAAGTGTTGACAC_002,134
TCGGCAGAAAGTGTTGACAC_003,148
TCGGCAGAAAGTGTTGACAC_004,129
TCGGCAGAAAGTGTTGACAC_005,171
TCGGCAGAAAGTGTTGACAC_006,28
TCGGCAGAAAGTGTTGACAC_007,110
TCGGCAGAAAGTGTTGACAC_008,119
TCGGCAGAAAGTGTTGACAC_009,169
TCGGCAGAAAGTGTTGACAC_010,91
TCGGCAGAAAGTGTTGACAC_011,147
TCGGCAGAAAGTGTTGACAC_012,63
GGTTCCAAAATCAGCACTGG_001,121
GGTTCCAAAATCAGCACTGG_002,15
GGTTCCAAAATCAGCACTGG_003,60
GGTTCCAAAATCAGCACTGG_004,58
GGTTCCAAAATCAGCACTGG_005,43
GGTTCCAAAATCAGCACTGG_006,139
GGTTCCAAAATCAGCACTGG_007,153
GGTTCCAAAATCAGCACTGG_008,146
GGTTCCAAAATCAGCACTGG_009,169
GGTTCCAAAATCAGCACTGG_010,105
CTAGCTGTAGACACACCCGG_001,90
CTAGCTGTAGACACACCCGG_002,198
CTAGCTGTAGACACACCCGG_003,41
CTAGCTGTAGACACACCCGG_004,158
CTAGCTGTAGACACACCCGG_005,40
CTAGCTGTAGACACACCCGG_006,15
CTAGCTGTAGACACACCCGG_007,183
CTAGCTGTAGACACACCCGG_008,40
CTAGCTGTAGACACACCCGG_009,174
CTAGCTGTAGACACACCCGG_010,35
CTAGCTGTAGACACACCCGG_011,177
CTAGCTGTAGACACACCCGG_012,82
CTAGCTGTAGACACACCCGG_013,118
CTAGCTGTAGACACACCCGG_014,8
CTAGCTGTAGACACACCCGG_015,70
CTAGCTGTAGACACACCCGG_016,112
CTAGCTGTAGACACACCCGG_017,198
CTAGCTGTAGACACACCCGG_018,127
CTAGCTGTAGACACACCCGG_019,28
CTAGCTGTAGACACACCCGG_020,10
CTAGCTGTAGACACACCCGG_021,63
CTAGCTGTAGACACACCCGG_022,39
CTAGCTGTAGACACACCCGG_023,36
CTAGCTGTAGACACACCCGG_024,196
CTAGCTGTAGACACACCCGG_025,177
GCAGTAGAGCCCCTCCACCA_001,55
GCAGTAGAGCCCCTCCACCA_002,76
GCAGTAGAGCCCCTCCACCA_003,169
GCAGTAGAGCCCCTCCACCA_004,13
GCAGTAGAGCCCCTCCACCA_005,166
GCAGTAGAGCCCCTCCACCA_006,3
GCAGTAGAGCCCCTCCACCA_007,192
GCAGTAGAGCCCCTCCACCA_008,1
GCAGTAGAGCCCCTCCACCA_009,126
AAGTGCTTAAGCTGTTCATA_001,25
AAGTGCTTAAGCTGTTCATA_002,105
AAGTTGTGAGCTCTTAGTAA_001,149
AAGTTGTGAGCTCTTAGTAA_002,4
AAGTTGTGAGCTCTTAGTAA_003,116
CACCCCATTCCACGCCCAGT_001,106
CACCCCATTCCACGCCCAGT_002,149
CACCCCATTCCACGCCCAGT_003,70
CACCCCATTCCACGCCCAGT_004,78
CACCCCATTCCACGCCCAGT_005,20
CACCCCATTCCACGCCCAGT_006,177
CACCCCATTCCACGCCCAGT_007,159
CACCCCATTCCACGCCCAGT_008,41
CACCCCATTCCACGCCCAGT_009,19
CACCCCATTCCACGCCCAGT_010,157
CACCCCATTCCACGCCCAGT_011,157
CACCCCATTCCACGCCCAGT_012,3
CACCCCATTCCACGCCCAGT_013,99
CACCCCATTCCACGCCCAGT_014,58
CACCCCATTCCACGCCCAGT_015,130
CTAAGAATTCAGATCACAGT_001,85
CTAAGAATTCAGATCACAGT_002,1
CTAAGAATTCAGATCACAGT_003,43
CTAAGAATTCAGATCACAGT_004,11
GGTCCGACTTCGGGAGACTG_001,60
GGTCCGACTTCGGGAGACTG_002,161
GGTCCGACTTCGGGAGACTG_003,47
GGTCCGACTTCGGGAGACTG_004,85
GGTCCGACTTCGGGAGACTG_005,70
GGTCCGACTTCGGGAGACTG_006,72
GGTCCGACTTCGGGAGACTG_007,196
GGTCCGACTTCGGGAGACTG_008,196
GGTCCGACTTCGGGAGACTG_009,198
GGTCCGACTTCGGGAGACTG_010,115
GGTCCGACTTCGGGAGACTG_011,110
GGTCCGACTTCGGGAGACTG_012,148
GAAACTCATGAACCCCCTCA_001,5
GAAACTCATGAACCCCCTCA_002,182
GAAACTCATGAACCCCCTCA_003,76
GAAACTCATGAACCCCCTCA_004,53
GAAACTCATGAACCCCCTCA_005,163
GAAACTCATGAACCCCCTCA_006,125
GAAACTCATGAACCCCCTCA_007,54
GAAACTCATGAACCCCCTCA_008,197
GAAACTCATGAACCCCCTCA_009,170
GAAACTCATGAACCCCCTCA_010,117
GAAACTCATGAACCCCCTCA_011,198
GAAACTCATGAACCCCCTCA_012,112
GAAACTCATGAACCCCCTCA_013,193
GAAACTCATGAACCCCCTCA_014,99
GAAACTCATGAACCCCCTCA_015,184
GAAACTCATGAACCCCCTCA_016,184
GAAACTCATGAACCCCCTCA_017,95
CACCCGCATATGCACAGCCT_001,27
CACCCGCATATGCACAGCCT_002,185
CACCCGCATATGCACAGCCT_003,162
CACCCGCATATGCACAGCCT_004,82
CACCCGCATATGCACAGCCT_005,151
CACCCGCATATGCACAGCCT_006,95
CGATGGACATGCGCACATCG_001,1
CGATGGACATGCGCACATCG_002,43
CGATGGACATGCGCACATCG_003,24
CGATGGACATGCGCACATCG_004,46
CGATGGACATGCGCACATCG_005,88
CGATGGACATGCGCACATCG_006,199
ACTTACAAATGACCGAAGCT_001,183
ACTTACAAATGACCGAAGCT_002,113
ACTTACAAATGACCGAAGCT_003,72
ACTTACAAATGACCGAAGCT_004,19
ACTTACAAATGACCGAAGCT_005,88
ACTTACAAATGACCGAAGCT_006,67
ATGGCCACGGTATAGAGCAG_001,106
ATGGCCACGGTATAGAGCAG_002,40
ATGGCCACGGTATAGAGCAG_003,13
ATGGCCACGGTATAGAGCAG_004,112
ATGGCCACGGTATAGAGCAG_005,63
CCACAGATGTCACACAAGTG_001,17
CCACAGATGTCACACAAGTG_002,108
CCACAGATGTCACACAAGTG_003,80
CCACAGATGTCACACAAGTG_004,158
CCACAGATGTCACACAAGTG_005,169
GGCGATCTACCTAATCACAC_001,183
GGCGATCTACCTAATCACAC_002,162
GGCGATCTACCTAATCACAC_003,41
GGCGATCTACCTAATCACAC_004,178
GGCGATCTACCTAATCACAC_005,35
GGCGATCTACCTAATCACAC_006,76
GGCGATCTACCTAATCACAC_007,56
GGCGATCTACCTAATCACAC_008,76
GGCTGAGCGATATGATGACA_001,47
GGCTGAGCGATATGATGACA_002,116
GGCTGAGCGATATGATGACA_003,157
GGCTGAGCGATATGATGACA_004,104
GGCTGAGCGATATGATGACA_005,134
GGCTGAGCGATATGATGACA_006,168
GGTTCCGTGACAGACACTGT_001,192
GGTTCCGTGACAGACACTGT_002,69
GGTTCCGTGACAGACACTGT_003,57
GGTTCCGTGACAGACACTGT_004,165
GGTTCCGTGACAGACACTGT_005,173
GGTTCCGTGACAGACACTGT_006,11
GGTTCCGTGACAGACACTGT_007,49
GGTTCCGTGACAGACACTGT_008,14
GGTTCCGTGACAGACACTGT_009,83
GTAACAACGCAGAAAATAAG_001,115
GTAACAACGCAGAAAATAAG_002,149
GTAACAACGCAGAAAATAAG_003,170
GTAACAACGCAGAAAATAAG_004,50
CGTGTTTGGAATTTGCCGCG_001,117
CGTGTTTGGAATTTGCCGCG_002,154
CGTGTTTGGAATTTGCCGCG_003,141
CGTGTTTGGAATTTGCCGCG_004,18
CGTGTTTGGAATTTGCCGCG_005,16
CGTGTTTGGAATTTGCCGCG_006,28
CGTGTTTGGAATTTGCCGCG_007,84
CGTGTTTGGAATTTGCCGCG_008,72
CGTGTTTGGAATTTGCCGCG_009,107
CGTGTTTGGAATTTGCCGCG_010,175
CGTGTTTGGAATTTGCCGCG_011,11
CGTGTTTGGAATTTGCCGCG_012,148
CGTGTTTGGAATTTGCCGCG_013,181
CGTGTTTGGAATTTGCCGCG_014,161
CGTGTTTGGAATTTGCCGCG_015,133
CGTGTTTGGAATTTGCCGCG_016,7
ACCACCAAATCCCACAAATG_001,6
ACCACCAAATCCCACAAATG_002,178
ACCACCAAATCCCACAAATG_003,16
ACCACCAAATCCCACAAATG_004,104
ACCACCAAATCCCACAAATG_005,168
ACCACCAAATCCCACAAATG_006,145
ACCACCAAATCCCACAAATG_007,156
ACCACCAAATCCCACAAATG_008,137
ACCACCAAATCCCACAAATG_009,67
ACCACCAAATCCCACAAATG_010,4
ACCACCAAATCCCACAAATG_011,52
ACCACCAAATCCCACAAATG_012,40
CTGGCGCTAGGCTGTTCGGG_001,146
CTGGCGCTAGGCTGTTCGGG_002,120
CTGGCGCTAGGCTGTTCGGG_003,48
CTGGCGCTAGGCTGTTCGGG_004,41
CTGGCGCTAGGCTGTTCGGG_005,81
CTGGCGCTAGGCTGTTCGGG_006,2
CTGGCGCTAGGCTGTTCGGG_007,7
GGAGGTCCCATCAAAGCAAG_001,17
GGAGGTCCCATCAAAGCAAG_002,51
GGAGGTCCCATCAAAGCAAG_003,74
GGAGGTCCCATCAAAGCAAG_004,80
GGAGGTCCCATCAAAGCAAG_005,19
GGAGGTCCCATCAAAGCAAG_006,60
GGAGGTCCCATCAAAGCAAG_007,147
GGAGGTCCCATCAAAGCAAG_008,5
GGAGGTCCCATCAAAGCAAG_009,43
GGAGGTCCCATCAAAGCAAG_010,144
GGAGGTCCCATCAAAGCAAG_011,130
GGAGGTCCCATCAAAGCAAG_012,184
GGAGGTCCCATCAAAGCAAG_013,123
GGAGGTCCCATCAAAGCAAG_014,68
GGAGGTCCCATCAAAGCAAG_015,197
GGAGGTCCCATCAAAGCAAG_016,49
GGAGGTCCCATCAAAGCAAG_017,153
TAAGCCATGTCAAAAACCAA_001,176
TAAGCCATGTCAAAAACCAA_002,178
TAAGCCATGTCAAAAACCAA_003,28
TAAGCCATGTCAAAAACCAA_004,183
TAAGCCATGTCAAAAACCAA_005,107
AAGAAATCAAGCATAGTCCT_001,94
AAGAAATCAAGCATAGTCCT_002,32
AAGAAATCAAGCATAGTCCT_003,56
AAGAAATCAAGCATAGTCCT_004,61
AAGAAATCAAGCATAGTCCT_005,60
AAGAAATCAAGCATAGTCCT_006,4
AAGAAATCAAGCATAGTCCT_007,61
AAGAAATCAAGCATAGTCCT_008,68
AAGAAATCAAGCATAGTCCT_009,34
TATAACGGTAATGGGATTCC_001,19
TATAACGGTAATGGGATTCC_002,15
TCACACCCATTATGGTAGCC_001,130
TCACACCCATTATGGTAGCC_002,92
TCACACCCATTATGGTAGCC_003,144
GCAATGACCGGCCTTCGATG_001,183
GCAATGACCGGCCTTCGATG_002,62
GCAATGACCGGCCTTCGATG_003,45
GCAATGACCGGCCTTCGATG_004,32
GCAATGACCGGCCTTCGATG_005,184
GCAATGACCGGCCTTCGATG_006,19
GCAATGACCGGCCTTCGATG_007,199
GCAATGACCGGCCTTCGATG_008,88
GCAATGACCGGCCTTCGATG_009,8
GCAATGACCGGCCTTCGATG_010,9
GCAATGACCGGCCTTCGATG_011,40
GGGCCCCACGCCGCGCACGT_001,102
GGGCCCCACGCCGCGCACGT_002,32
GGGCCCCACGCCGCGCACGT_003,176
GGGCCCCACGCCGCGCACGT_004,191
GGGCCCCACGCCGCGCACGT_005,33
GGGCCCCACGCCGCGCACGT_006,57
GGGCCCCACGCCGCGCACGT_007,142
GGGCCCCACGCCGCGCACGT_008,104
GGGCCCCACGCCGCGCACGT_009,198
GGGCCCCACGCCGCGCACGT_010,50
TCGATGGCGAGTCAACCGAG_001,66
TCGATGGCGAGTCAACCGAG_002,183
TCGATGGCGAGTCAACCGAG_003,50
TGACTGCACATGGAACATTG_001,53
TGACTGCACATGGAACATTG_002,134
TGACTGCACATGGAACATTG_003,88
TGACTGCACATGGAACATTG_004,130
TGACTGCACATGGAACATTG_005,174
TGACTGCACATGGAACATTG_006,105
TGACTGCACATGGAACATTG_007,58
TGACTGCACATGGAACATTG_008,191
TGACTGCACATGGAACATTG_009,124
TGACTGCACATGGAACATTG_010,171
TGACTGCACATGGAACATTG_011,132
TGACTGCACATGGAACATTG_012,182
TGACTGCACATGGAACATTG_013,3
TGACTGCACATGGAACATTG_014,34
TATGTGTAGTAAGGGTATAG_001,137
TATGTGTAGTAAGGGTATAG_002,83
TATGTGTAGTAAGGGTATAG_003,136
CGCATGTCAACAAGACATGA_001,110
CGCATGTCAACAAGACATGA_002,48
CGCATGTCAACAAGACATGA_003,103
CGCATGTCAACAAGACATGA_004,58
CGCATGTCAACAAGACATGA_005,41
CGCATGTCAACAAGACATGA_006,41
CGCATGTCAACAAGACATGA_007,12
CGCATGTCAACAAGACATGA_008,15
GAGCACCAGCCCGCACACCA_001,188
GAGCACCAGCCCGCACACCA_002,124
GAGCACCAGCCCGCACACCA_003,144
GAGCACCAGCCCGCACACCA_004,162
GAGCACCAGCCCGCACACCA_005,54
GAGCACCAGCCCGCACACCA_006,50
GAGCACCAGCCCGCACACCA_007,50
GAGCACCAGCCCGCACACCA_008,144
GAGCACCAGCCCGCACACCA_009,130
GAGCACCAGCCCGCACACCA_010,53
GAGCACCAGCCCGCACACCA_011,166
GAGCACCAGCCCGCACACCA_012,55
GAGCACCAGCCCGCACACCA_013,16
GAGCACCAGCCCGCACACCA_014,49
GAGCACCAGCCCGCACACCA_015,56
GAGCACCAGCCCGCACACCA_016,69
GAGCACCAGCCCGCACACCA_017,71
GAGCACCAGCCCGCACACCA_018,125
GAGCACCAGCCCGCACACCA_019,155
GAGCACCAGCCCGCACACCA_020,160
GAGCACCAGCCCGCACACCA_021,1
GAGCACCAGCCCGCACACCA_022,160
GAGCACCAGCCCGCACACCA_023,90
GAGCACCAGCCCGCACACCA_024,6
GAGCACCAGCCCGCACACCA_025,59
GAGCACCAGCCCGCACACCA_026,162
GAGCACCAGCCCGCACACCA_027,3
GAGCACCAGCCCGCACACCA_028,12
GAGCACCAGCCCGCACACCA_029,134
GAGCACCAGCCCGCACACCA_030,107
GAGCACCAGCCCGCACACCA_031,145
GAGCACCAGCCCGCACACCA_032,168
GAGCACCAGCCCGCACACCA_033,55
GAGCACCAGCCCGCACACCA_034,182
GAGCACCAGCCCGCACACCA_035,117
GAGCACCAGCCCGCACACCA_036,8
GAGCACCAGCCCGCACACCA_037,122
GAGCACCAGCCCGCACACCA_038,175
GAGCACCAGCCCGCACACCA_039,184
GAGCACCAGCCCGCACACCA_040,115
GAGCACCAGCCCGCACACCA_041,30
GAGCACCAGCCCGCACACCA_042,128
GAGCACCAGCCCGCACACCA_043,49
GAGCACCAGCCCGCACACCA_044,184
GAGCACCAGCCCGCACACCA_045,172
GAGCACCAGCCCGCACACCA_046,167
GAGCACCAGCCCGCACACCA_047,88
GAGCACCAGCCCGCACACCA_048,165
GAGCACCAGCCCGCACACCA_049,184
GAGCACCAGCCCGCACACCA_050,63
GAGCACCAGCCCGCACACCA_051,43
GAGCACCAGCCCGCACACCA_052,127
GAGCACCAGCCCGCACACCA_053,107
GAGCACCAGCCCGCACACCA_054,164
GAGCACCAGCCCGCACACCA_055,164
GAGCACCAGCCCGCACACCA_056,78
GAGCACCAGCCCGCACACCA_057,2
GAGCACCAGCCCGCACACCA_058,52
GAGCACCAGCCCGCACACCA_059,183
GAGCACCAGCCCGCACACCA_060,168
GAGCACCAGCCCGCACACCA_061,156
GAGCACCAGCCCGCACACCA_062,39
GAGCACCAGCCCGCACACCA_063,3
GAGCACCAGCCCGCACACCA_064,3
GAGCACCAGCCCGCACACCA_065,141
GAGCACCAGCCCGCACACCA_066,44
GAGCACCAGCCCGCACACCA_067,113
GAGCACCAGCCCGCACACCA_068,165
GAGCACCAGCCCGCACACCA_069,72
ATTCACCAGCATCCAAAGGG_001,182
ATTCACCAGCATCCAAAGGG_002,83
ATTCACCAGCATCCAAAGGG_003,75
ATTCACCAGCATCCAAAGGG_004,121
ATTCACCAGCATCCAAAGGG_005,50
ATTCACCAGCATCCAAAGGG_006,146
ATTCACCAGCATCCAAAGGG_007,111
ATTCACCAGCATCCAAAGGG_008,47
ATTCACCAGCATCCAAAGGG_009,47
ATTCACCAGCATCCAAAGGG_010,162
ACGTGGGGACATATACGTGT_001,115
ACGTGGGGACATATACGTGT_002,127
ACGTGGGGACATATACGTGT_003,185
ACGTGGGGACATATACGTGT_004,157
ACGTGGGGACATATACGTGT_005,170
ACGTGGGGACATATACGTGT_006,90
ACGTGGGGACATATACGTGT_007,155
ACGTGGGGACATATACGTGT_008,2
ACGTGGGGACATATACGTGT_009,76
ACGTGGGGACATATACGTGT_010,184
ACGTGGGGACATATACGTGT_011,160
ACGTGGGGACATATACGTGT_012,16
ACGTGGGGACATATACGTGT_013,168
ACGTGGGGACATATACGTGT_014,46
ACGTGGGGACATATACGTGT_015,175
ACGTGGGGACATATACGTGT_016,151
ACGTGGGGACATATACGTGT_017,68
ACGTGGGGACATATACGTGT_018,184
ACGTGGGGACATATACGTGT_019,199
ACGTGGGGACATATACGTGT_020,41
ACGTGGGGACATATACGTGT_021,81
GAATAAGATGTTCTACGCCG_001,94
GAATAAGATGTTCTACGCCG_002,171
GAATAAGATGTTCTACGCCG_003,170
GAATAAGATGTTCTACGCCG_004,180
GAATAAGATGTTCTACGCCG_005,68
GAATAAGATGTTCTACGCCG_006,32
CCTTCTTCTTCGGGCCACTG_001,156
CCTTCTTCTTCGGGCCACTG_002,29
CCTTCTTCTTCGGGCCACTG_003,158
CCTTCTTCTTCGGGCCACTG_004,94
CCTTCTTCTTCGGGCCACTG_005,188
CCTTCTTCTTCGGGCCACTG_006,16
CCTTCTTCTTCGGGCCACTG_007,115
CCTTCTTCTTCGGGCCACTG_008,29
CCTTCTTCTTCGGGCCACTG_009,112
CCTTCTTCTTCGGGCCACTG_010,98
CCTTCTTCTTCGGGCCACTG_011,62
CCTTCTTCTTCGGGCCACTG_012,168
CCTTCTTCTTCGGGCCACTG_013,102
CCTTCTTCTTCGGGCCACTG_014,151
CCTTCTTCTTCGGGCCACTG_015,47
CCTTCTTCTTCGGGCCACTG_016,140
CCTTCTTCTTCGGGCCACTG_017,138
CCTTCTTCTTCGGGCCACTG_018,66
CCTTCTTCTTCGGGCCACTG_019,191
CCTTCTTCTTCGGGCCACTG_020,50
CCTTCTTCTTCGGGCCACTG_021,56
ACTGGGACGAGGTGCGTACG_001,71
ACTGGGACGAGGTGCGTACG_002,191
AGCGCTGGTAGGGAGTCAGG_001,15
AGCGCTGGTAGGGAGTCAGG_002,106
AGCGCTGGTAGGGAGTCAGG_003,139
AGCGCTGGTAGGGAGTCAGG_004,12
AGCGCTGGTAGGGAGTCAGG_005,1
AGCGCTGGTAGGGAGTCAGG_006,113
AGCGCTGGTAGGGAGTCAGG_007,97
AGCGCTGGTAGGGAGTCAGG_008,149
AGCGCTGGTAGGGAGTCAGG_009,8
AGCGCTGGTAGGGAGTCAGG_010,147
AGCGCTGGTAGGGAGTCAGG_011,184
GGCGCACCCCGATAGCGTAG_001,119
GGCGCACCCCGATAGCGTAG_002,190
GGCGCACCCCGATAGCGTAG_003,94
GGCGCACCCCGATAGCGTAG_004,191
GGCGCACCCCGATAGCGTAG_005,85
GGCGCACCCCGATAGCGTAG_006,146
GGCGCACCCCGATAGCGTAG_007,48
GGCGCACCCCGATAGCGTAG_008,10
GGCGCACCCCGATAGCGTAG_009,124
GGCGCACCCCGATAGCGTAG_010,70
GGCGCACCCCGATAGCGTAG_011,63
GGCGCACCCCGATAGCGTAG_012,132
GGCGCACCCCGATAGCGTAG_013,103
GGCGCACCCCGATAGCGTAG_014,181
GGGCATTTGTACCTCTAAGA_001,150
GGGCATTTGTACCTCTAAGA_002,125
GGGCATTTGTACCTCTAAGA_003,100
GGGCATTTGTACCTCTAAGA_004,88
GGGCATTTGTACCTCTAAGA_005,49
GGGCATTTGTACCTCTAAGA_006,115
TAGATCCACGATCTGAGACA_001,127
GATATACTGGGCATAATCTG_001,96
GATATACTGGGCATAATCTG_002,184
GATATACTGGGCATAATCTG_003,9
GATATACTGGGCATAATCTG_004,151
CTGACTCTACTATTCTGCAC_001,127
CTGACTCTACTATTCTGCAC_002,50
CTGACTCTACTATTCTGCAC_003,10
GCTGCAGTACTTTGGACTCA_001,169
GCTGCAGTACTTTGGACTCA_002,17
AGGAGCACCCCGATTCCATG_001,83
AGGAGCACCCCGATTCCATG_002,146
AGGAGCACCCCGATTCCATG_003,158
AGGAGCACCCCGATTCCATG_004,15
AGGAGCACCCCGATTCCATG_005,21
AGGAGCACCCCGATTCCATG_006,193
AGGAGCACCCCGATTCCATG_007,129
AGGAGCACCCCGATTCCATG_008,28
AGGAGCACCCCGATTCCATG_009,105
AGGAGCACCCCGATTCCATG_010,78
AGGAGCACCCCGATTCCATG_011,168
AGGAGCACCCCGATTCCATG_012,177
AGGAGCACCCCGATTCCATG_013,58
AGGAGCACCCCGATTCCATG_014,165
AGGAGCACCCCGATTCCATG_015,168
AGGAGCACCCCGATTCCATG_016,24
CTGCCCGCCACAGTACAACG_001,94
CTGCCCGCCACAGTACAACG_002,170
CTGCCCGCCACAGTACAACG_003,141
CTGCCCGCCACAGTACAACG_004,159
CTGCCCGCCACAGTACAACG_005,78
GCTTTGTCTACGTCTACTTG_001,38
GCTTTGTCTACGTCTACTTG_002,101
GCTTTGTCTACGTCTACTTG_003,62
GCTTTGTCTACGTCTACTTG_004,88
GCTTTGTCTACGTCTACTTG_005,44
GCTTTGTCTACGTCTACTTG_006,29
GTGGAACAAGCGTCGCAATG_001,9
GTGGAACAAGCGTCGCAATG_002,1
GTGGAACAAGCGTCGCAATG_003,1
GTGGAACAAGCGTCGCAATG_004,23
GTGGAACAAGCGTCGCAATG_005,191
GTGGAACAAGCGTCGCAATG_006,72
GTGGAACAAGCGTCGCAATG_007,150
GTGGAACAAGCGTCGCAATG_008,84
GTGGAACAAGCGTCGCAATG_009,43
GTGGAACAAGCGTCGCAATG_010,155
GTGGAACAAGCGTCGCAATG_011,198
GTGGAACAAGCGTCGCAATG_012,32
GTGGAACAAGCGTCGCAATG_013,81
GTGGAACAAGCGTCGCAATG_014,129
GTGGAACAAGCGTCGCAATG_015,129
GTGGAACAAGCGTCGCAATG_016,14
GTGGAACAAGCGTCGCAATG_017,138
GTGGAACAAGCGTCGCAATG_018,106
GTGGAACAAGCGTCGCAATG_019,35
GTGGAACAAGCGTCGCAATG_020,162
ACTCTGAAGACCTCTACAGT_001,82
GTCCACGCCAGCGCTCCTAG_001,81
GTCCACGCCAGCGCTCCTAG_002,19
GTCCACGCCAGCGCTCCTAG_003,59
GTCCACGCCAGCGCTCCTAG_004,10
CAGAGAAGATACAAAAGGTG_001,9
CAGAGAAGATACAAAAGGTG_002,139
CAGAGAAGATACAAAAGGTG_003,175
CAGAGAAGATACAAAAGGTG_004,104
TCCAAGACGTCCATCCACCA_001,17
TCCAAGACGTCCATCCACCA_002,78
TCCAAGACGTCCATCCACCA_003,48
TCCAAGACGTCCATCCACCA_004,171
TCCAAGACGTCCATCCACCA_005,158
TCCAAGACGTCCATCCACCA_006,41
TCCAAGACGTCCATCCACCA_007,58
TCCAAGACGTCCATCCACCA_008,146
TCCAAGACGTCCATCCACCA_009,77
TCCAAGACGTCCATCCACCA_010,28
TCCAAGACGTCCATCCACCA_011,101
TCCAAGACGTCCATCCACCA_012,155
TCCAAGACGTCCATCCACCA_013,180
TCCAAGACGTCCATCCACCA_014,39
GAGAAACTGCTGGTTTAAGA_001,100
CTGCGGTGACAGTTTCGGAG_001,183
CTGCGGTGACAGTTTCGGAG_002,43
CTGCGGTGACAGTTTCGGAG_003,165
CTGCGGTGACAGTTTCGGAG_004,93
CTGCGGTGACAGTTTCGGAG_005,162
CTGCGGTGACAGTTTCGGAG_006,144
CTGCGGTGACAGTTTCGGAG_007,41
AATGGACTCTTCGTATTGGG_001,88
AATGGACTCTTCGTATTGGG_002,22
AATGGACTCTTCGTATTGGG_003,146
AATGGACTCTTCGTATTGGG_004,2
AATGGACTCTTCGTATTGGG_005,193
AATGGACTCTTCGTATTGGG_006,150
AATGGACTCTTCGTATTGGG_007,91
AATGGACTCTTCGTATTGGG_008,34
GGCCGCCAGACCCAGCGCTG_001,140
GGCCGCCAGACCCAGCGCTG_002,102
GGCCGCCAGACCCAGCGCTG_003,129
GGCCGCCAGACCCAGCGCTG_004,129
GGCCGCCAGACCCAGCGCTG_005,54
GGCCGCCAGACCCAGCGCTG_006,175
GGCCGCCAGACCCAGCGCTG_007,50
GGCCGCCAGACCCAGCGCTG_008,172
GGCCGCCAGACCCAGCGCTG_009,132
GGCCGCCAGACCCAGCGCTG_010,17
GGCCGCCAGACCCAGCGCTG_011,50
GGCCGCCAGACCCAGCGCTG_012,110
GGCCGCCAGACCCAGCGCTG_013,199
GGCCGCCAGACCCAGCGCTG_014,199
GGCCGCCAGACCCAGCGCTG_015,175
GGCCGCCAGACCCAGCGCTG_016,5
GGCCGCCAGACCCAGCGCTG_017,77
GGCCGCCAGACCCAGCGCTG_018,81
GGCCGCCAGACCCAGCGCTG_019,160
GGCCGCCAGACCCAGCGCTG_020,157
GGCCGCCAGACCCAGCGCTG_021,148
GTGTTGGGCACACTTCACAG_001,178
GTGTTGGGCACACTTCACAG_002,12
GTGTTGGGCACACTTCACAG_003,183
GTGTTGGGCACACTTCACAG_004,41
GTGTTGGGCACACTTCACAG_005,175
GTGTTGGGCACACTTCACAG_006,74
GTGTTGGGCACACTTCACAG_007,137
GTGTTGGGCACACTTCACAG_008,101
GTGTTGGGCACACTTCACAG_009,54
GTGTTGGGCACACTTCACAG_010,55
GTGTTGGGCACACTTCACAG_011,31
GTGTTGGGCACACTTCACAG_012,69
GTGTTGGGCACACTTCACAG_013,9
GTGTTGGGCACACTTCACAG_014,169
GTGTTGGGCACACTTCACAG_015,68
GTGTTGGGCACACTTCACAG_016,120
GTGTTGGGCACACTTCACAG_017,172
GTGTTGGGCACACTTCACAG_018,70
GTGTTGGGCACACTTCACAG_019,0
GTGTTGGGCACACTTCACAG_020,73
GTGTTGGGCACACTTCACAG_021,166
GTGTTGGGCACACTTCACAG_022,8
GTGTTGGGCACACTTCACAG_023,177
GTGTTGGGCACACTTCACAG_024,12
GTGTTGGGCACACTTCACAG_025,112
AGAACGCCGGAATGTGTCAA_001,140
AGAACGCCGGAATGTGTCAA_002,120
AGAACGCCGGAATGTGTCAA_003,49
AGAACGCCGGAATGTGTCAA_004,16
AGAACGCCGGAATGTGTCAA_005,106
AGAACGCCGGAATGTGTCAA_006,123
CTCAGCCTGCACCACGACGT_001,26
CTCAGCCTGCACCACGACGT_002,76
CTCAGCCTGCACCACGACGT_003,127
CTCAGCCTGCACCACGACGT_004,118
CTCAGCCTGCACCACGACGT_005,29
CTCAGCCTGCACCACGACGT_006,55
CTCAGCCTGCACCACGACGT_007,45
CTCAGCCTGCACCACGACGT_008,41
CTCAGCCTGCACCACGACGT_009,127
CTCAGCCTGCACCACGACGT_010,22
CTCAGCCTGCACCACGACGT_011,148
CTCAGCCTGCACCACGACGT_012,158
CTCAGCCTGCACCACGACGT_013,50
GCCCGACCAGTACCCCTGCG_001,62
GCCCGACCAGTACCCCTGCG_002,98
GCCCGACCAGTACCCCTGCG_003,67
GCCCGACCAGTACCCCTGCG_004,60
GCCCGACCAGTACCCCTGCG_005,112
GCCCGACCAGTACCCCTGCG_006,45
GCCCGACCAGTACCCCTGCG_007,61
GCCCGACCAGTACCCCTGCG_008,174
GCCCGACCAGTACCCCTGCG_009,35
GCCCGACCAGTACCCCTGCG_010,163
GCCCGACCAGTACCCCTGCG_011,1
GCCCGACCAGTACCCCTGCG_012,195
GCCCGACCAGTACCCCTGCG_013,145
GCCCGACCAGTACCCCTGCG_014,94
GCCCGACCAGTACCCCTGCG_015,14
GCCCGACCAGTACCCCTGCG_016,118
GTCCTGGCAGCAGATTGCAA_001,2
GTCCTGGCAGCAGATTGCAA_002,116
GTCCTGGCAGCAGATTGCAA_003,151
GTCCTGGCAGCAGATTGCAA_004,169
GTCCTGGCAGCAGATTGCAA_005,185
GTCCTGGCAGCAGATTGCAA_006,64
GTCCTGGCAGCAGATTGCAA_007,8
GTCCTGGCAGCAGATTGCAA_008,147
GTCCTGGCAGCAGATTGCAA_009,43
GTCCTGGCAGCAGATTGCAA_010,177
GTCCTGGCAGCAGATTGCAA_011,91
GTCCTGGCAGCAGATTGCAA_012,43
GTCCTGGCAGCAGATTGCAA_013,136
GTCCTGGCAGCAGATTGCAA_014,39
GTCCTGGCAGCAGATTGCAA_015,10
GTCCTGGCAGCAGATTGCAA_016,39
GTCCTGGCAGCAGATTGCAA_017,10
TTTGCAAAATCCTTCTGTAG_001,97
TTTGCAAAATCCTTCTGTAG_002,20
TTTGCAAAATCCTTCTGTAG_003,42
TTTGCAAAATCCTTCTGTAG_004,116
GCCCCTCACAAAAGTAATAC_001,27
TGTGCAAGTTATTCGGACGG_001,5
TGTGCAAGTTATTCGGACGG_002,177
TGTGCAAGTTATTCGGACGG_003,48
AAGAGCGAGATGATCTGGTG_001,8
AAGAGCGAGATGATCTGGTG_002,53
AAGAGCGAGATGATCTGGTG_003,188
AAGAGCGAGATGATCTGGTG_004,3
AAGAGCGAGATGATCTGGTG_005,40
AAGAGCGAGATGATCTGGTG_006,35
AAGAGCGAGATGATCTGGTG_007,125
AAGAGCGAGATGATCTGGTG_008,84
AAGAGCGAGATGATCTGGTG_009,32
AAGAGCGAGATGATCTGGTG_010,32
AAGAGCGAGATGATCTGGTG_011,90
AAGAGCGAGATGATCTGGTG_012,10
GGTGTCGGACCCCACCTCTG_001,88
GGTGTCGGACCCCACCTCTG_002,62
GGTGTCGGACCCCACCTCTG_003,62
GGTGTCGGACCCCACCTCTG_004,138
GGTGTCGGACCCCACCTCTG_005,101
GGTGTCGGACCCCACCTCTG_006,190
GGTGTCGGACCCCACCTCTG_007,32
GGTGTCGGACCCCACCTCTG_008,28
GGTGTCGGACCCCACCTCTG_009,20
GGTGTCGGACCCCACCTCTG_010,42
GGTGTCGGACCCCACCTCTG_011,15
GGTGTCGGACCCCACCTCTG_012,170
GGTGTCGGACCCCACCTCTG_013,129
GGTGTCGGACCCCACCTCTG_014,115
GGTGTCGGACCCCACCTCTG_015,138
GGTGTCGGACCCCACCTCTG_016,158
GGTGTCGGACCCCACCTCTG_017,166
GGTGTCGGACCCCACCTCTG_018,116
GGTGTCGGACCCCACCTCTG_019,165
GGTGTCGGACCCCACCTCTG_020,138
GGTGTCGGACCCCACCTCTG_021,124
GGTGTCGGACCCCACCTCTG_022,98
GGTGTCGGACCCCACCTCTG_023,63
GGTGTCGGACCCCACCTCTG_024,23
GGTGTCGGACCCCACCTCTG_025,78
CTGCCGTCAAACCAGAAGAC_001,38
CTGCCGTCAAACCAGAAGAC_002,67
CTGCCGTCAAACCAGAAGAC_003,20
TAAGAGCCTCATTCAAAAGT_001,88
TAAGAGCCTCATTCAAAAGT_002,62
TAAGAGCCTCATTCAAAAGT_003,186
GTATTATCGGGGGACCCACG_001,137
GTATTATCGGGGGACCCACG_002,115
GTATTATCGGGGGACCCACG_003,145
GTATTATCGGGGGACCCACG_004,182
GTATTATCGGGGGACCCACG_005,142
GTATTATCGGGGGACCCACG_006,20
GTATTATCGGGGGACCCACG_007,169
CCAGCGAGATGTCCTCAACA_001,141
CCAGCGAGATGTCCTCAACA_002,105
CCAGCGAGATGTCCTCAACA_003,184
CCAGCGAGATGTCCTCAACA_004,86
CCAGCGAGATGTCCTCAACA_005,1
CCAGCGAGATGTCCTCAACA_006,150
CCAGCGAGATGTCCTCAACA_007,15
CCAGCGAGATGTCCTCAACA_008,83
CCAGCGAGATGTCCTCAACA_009,174
CCAGCGAGATGTCCTCAACA_010,43
CCAGCGAGATGTCCTCAACA_011,48
CCAGCGAGATGTCCTCAACA_012,19
CCAGCGAGATGTCCTCAACA_013,167
GTTCCTCTTTCTCTACACAC_001,33
GTTCCTCTTTCTCTACACAC_002,47
GTTCCTCTTTCTCTACACAC_003,6
GTTCCTCTTTCTCTACACAC_004,10
GTTCCTCTTTCTCTACACAC_005,175
TCACAGACAGGGGTAACACT_001,166
TCACAGACAGGGGTAACACT_002,198
TCACAGACAGGGGTAACACT_003,115
CCAGCGCTGGGATATGCAGG_001,70
CCAGCGCTGGGATATGCAGG_002,1
CCAGCGCTGGGATATGCAGG_003,88
ACCAAGGCCTGTCGGTCACG_001,177
ACCAAGGCCTGTCGGTCACG_002,15
ACCAAGGCCTGTCGGTCACG_003,106
CTGAATGCACAAAGTCAACA_001,172
CTGAATGCACAAAGTCAACA_002,177
CTGAATGCACAAAGTCAACA_003,35
CTGAATGCACAAAGTCAACA_004,102
CTGAATGCACAAAGTCAACA_005,160
CTGAATGCACAAAGTCAACA_006,116
CTGAATGCACAAAGTCAACA_007,94
CTGAATGCACAAAGTCAACA_008,175
CTGAATGCACAAAGTCAACA_009,17
CTGAATGCACAAAGTCAACA_010,32
CTGAATGCACAAAGTCAACA_011,142
CTGAATGCACAAAGTCAACA_012,78
ACCTACGGTTCAGTTACACA_001,11
ACCTACGGTTCAGTTACACA_002,17
ACCTACGGTTCAGTTACACA_003,7
ACCTACGGTTCAGTTACACA_004,95
ACCTACGGTTCAGTTACACA_005,141
ACCTACGGTTCAGTTACACA_006,145
ACCTACGGTTCAGTTACACA_007,1
AAGTCTGAGGAGGTTCTACG_001,119
AAGTCTGAGGAGGTTCTACG_002,63
AAGTCTGAGGAGGTTCTACG_003,72
AAGTCTGAGGAGGTTCTACG_004,9
AAGTCTGAGGAGGTTCTACG_005,60
AAGTCTGAGGAGGTTCTACG_006,105
AAGTCTGAGGAGGTTCTACG_007,19
AAGTCTGAGGAGGTTCTACG_008,40
AAGTCTGAGGAGGTTCTACG_009,59
ATATTCTGGTATAATCTGAC_001,19
CAACCTCATTCAGCATAAGA_001,194
CAACCTCATTCAGCATAAGA_002,177
CAACCTCATTCAGCATAAGA_003,181
CAACCTCATTCAGCATAAGA_004,107
CAACCTCATTCAGCATAAGA_005,114
CAACCTCATTCAGCATAAGA_006,28
CTTTGTACAAACTGATGCAG_001,191
CTTTGTACAAACTGATGCAG_002,49
CTTTGTACAAACTGATGCAG_003,21
CTTTGTACAAACTGATGCAG_004,41
CTTTGTACAAACTGATGCAG_005,22
CTTTGTACAAACTGATGCAG_006,169
GTACCATCTACACCGCCGGG_001,8
GTACCATCTACACCGCCGGG_002,81
GTACCATCTACACCGCCGGG_003,199
GTACCATCTACACCGCCGGG_004,155
GTACCATCTACACCGCCGGG_005,11
GTACCATCTACACCGCCGGG_006,98
GTACCATCTACACCGCCGGG_007,92
GTACCATCTACACCGCCGGG_008,10
GTACCATCTACACCGCCGGG_009,179
GTACCATCTACACCGCCGGG_010,154
GTACCATCTACACCGCCGGG_011,95
GTACCATCTACACCGCCGGG_012,138
GTACCATCTACACCGCCGGG_013,155
GTACCATCTACACCGCCGGG_014,78
GTACCATCTACACCGCCGGG_015,180
ATACAGAACGTCGTCTAGCG_001,144
ATACAGAACGTCGTCTAGCG_002,72
ATACAGAACGTCGTCTAGCG_003,128
ATACAGAACGTCGTCTAGCG_004,62
ATACAGAACGTCGTCTAGCG_005,25
ATACAGAACGTCGTCTAGCG_006,170
ATACAGAACGTCGTCTAGCG_007,28
ATACAGAACGTCGTCTAGCG_008,31
ATACAGAACGTCGTCTAGCG_009,55
ATACAGAACGTCGTCTAGCG_010,147
ATACAGAACGTCGTCTAGCG_011,10
GTGAGTACTCACTTGAGGGT_001,171
GTGAGTACTCACTTGAGGGT_002,171
GTGAGTACTCACTTGAGGGT_003,130
GTGAGTACTCACTTGAGGGT_004,160
GTGAGTACTCACTTGAGGGT_005,70
GTGAGTACTCACTTGAGGGT_006,170
GTGAGTACTCACTTGAGGGT_007,48
GTGAGTACTCACTTGAGGGT_008,105
GTGAGTACTCACTTGAGGGT_009,183
GTGAGTACTCACTTGAGGGT_010,69
GTGAGTACTCACTTGAGGGT_011,13
GTGAGTACTCACTTGAGGGT_012,4
GTGAGTACTCACTTGAGGGT_013,4
GTCCGCCTGCTACTGAGTAA_001,80
GTCCGCCTGCTACTGAGTAA_002,188
GTCCGCCTGCTACTGAGTAA_003,76
AGAAAGGCCCGAGCGCATCG_001,15
AGAAAGGCCCGAGCGCATCG_002,27
AGAAAGGCCCGAGCGCATCG_003,128
AGAAAGGCCCGAGCGCATCG_004,150
AGAAAGGCCCGAGCGCATCG_005,32
AGAAAGGCCCGAGCGCATCG_006,29
AGAAAGGCCCGAGCGCATCG_007,19
AGAAAGGCCCGAGCGCATCG_008,152
AGAAAGGCCCGAGCGCATCG_009,188
AGAAAGGCCCGAGCGCATCG_010,81
AGAAAGGCCCGAGCGCATCG_011,63
AGAAAGGCCCGAGCGCATCG_012,166
AGAAAGGCCCGAGCGCATCG_013,45
GAGCAGCTAAATCCGCTGTG_001,78
GAGCAGCTAAATCCGCTGTG_002,134
GAGCAGCTAAATCCGCTGTG_003,89
GAGCAGCTAAATCCGCTGTG_004,10
GAGCAGCTAAATCCGCTGTG_005,113
CAATGCTTAGTACAAAGACA_001,49
CAATGCTTAGTACAAAGACA_002,175
CAATGCTTAGTACAAAGACA_003,16
CAATGCTTAGTACAAAGACA_004,160
CGATACTTAAGGTACCTGAG_001,141
CGATACTTAAGGTACCTGAG_002,42
CGATACTTAAGGTACCTGAG_003,78
CGATACTTAAGGTACCTGAG_004,52
CGATACTTAAGGTACCTGAG_005,163
CGATACTTAAGGTACCTGAG_006,87
CGATACTTAAGGTACCTGAG_007,43
CGATACTTAAGGTACCTGAG_008,166
CGATACTTAAGGTACCTGAG_009,87
CGATACTTAAGGTACCTGAG_010,146
CGATACTTAAGGTACCTGAG_011,68
CGATACTTAAGGTACCTGAG_012,9
CGATACTTAAGGTACCTGAG_013,188
CGATACTTAAGGTACCTGAG_014,11
GGAGAAAAGTGGTGACTTAT_001,50
GGAGAAAAGTGGTGACTTAT_002,44
GGAGAAAAGTGGTGACTTAT_003,1
GGAGAAAAGTGGTGACTTAT_004,126
GGAGAAAAGTGGTGACTTAT_005,109
GGAGAAAAGTGGTGACTTAT_006,108
GGAGAAAAGTGGTGACTTAT_007,140
GGAGAAAAGTGGTGACTTAT_008,48
GGAGAAAAGTGGTGACTTAT_009,197
GGAGAAAAGTGGTGACTTAT_010,128
ACAACCGGAAATGATCCCTC_001,76
ACAACCGGAAATGATCCCTC_002,23
ACAACCGGAAATGATCCCTC_003,105
ACAACCGGAAATGATCCCTC_004,58
ACAACCGGAAATGATCCCTC_005,12
ACAACCGGAAATGATCCCTC_006,146
ACAACCGGAAATGATCCCTC_007,25
ACAACCGGAAATGATCCCTC_008,81
ACAACCGGAAATGATCCCTC_009,5
AGGTCAACTTACCAATGTCA_001,102
AGGTCAACTTACCAATGTCA_002,17
AGGTCAACTTACCAATGTCA_003,111
GCAGCCTGTACAGCATTGTG_001,97
GCAGCCTGTACAGCATTGTG_002,58
GCAGCCTGTACAGCATTGTG_003,128
GCAGCCTGTACAGCATTGTG_004,60
GCAGCCTGTACAGCATTGTG_005,4
GCAGCCTGTACAGCATTGTG_006,29
GCAGCCTGTACAGCATTGTG_007,76
GAGACTGAGGAATCAGTCTG_001,119
GAGACTGAGGAATCAGTCTG_002,153
GAGACTGAGGAATCAGTCTG_003,127
GAGACTGAGGAATCAGTCTG_004,29
GAGACTGAGGAATCAGTCTG_005,29
GAGACTGAGGAATCAGTCTG_006,168
GAGACTGAGGAATCAGTCTG_007,50
GAGACTGAGGAATCAGTCTG_008,184
GAGACTGAGGAATCAGTCTG_009,12
GAGACTGAGGAATCAGTCTG_010,176
GAGACTGAGGAATCAGTCTG_011,61
GAGACTGAGGAATCAGTCTG_012,150
GAGACTGAGGAATCAGTCTG_013,12
GAGACTGAGGAATCAGTCTG_014,131
GAGACTGAGGAATCAGTCTG_015,50
GAGACTGAGGAATCAGTCTG_016,174
GAGACTGAGGAATCAGTCTG_017,19
GAGACTGAGGAATCAGTCTG_018,81
GAGACTGAGGAATCAGTCTG_019,67
GAGACTGAGGAATCAGTCTG_020,30
GAGACTGAGGAATCAGTCTG_021,86
GAGACTGAGGAATCAGTCTG_022,34
GAGACTGAGGAATCAGTCTG_023,60
GAGACTGAGGAATCAGTCTG_024,40
GAGACTGAGGAATCAGTCTG_025,51
GAGACTGAGGAATCAGTCTG_026,146
TGCTGTTGATGGGTAAAAGT_001,46
TGCTGTTGATGGGTAAAAGT_002,3
TGCTGTTGATGGGTAAAAGT_003,198
TGCTGTTGATGGGTAAAAGT_004,68
TGCTGTTGATGGGTAAAAGT_005,52
TGCTGTTGATGGGTAAAAGT_006,88
TGCTGTTGATGGGTAAAAGT_007,174
TGCTGTTGATGGGTAAAAGT_008,16
TGCTGTTGATGGGTAAAAGT_009,181
CCTCGTGACATACCTCATAG_001,48
CCTCGTGACATACCTCATAG_002,15
CCTCGTGACATACCTCATAG_003,105
CCTCGTGACATACCTCATAG_004,169
CCTCGTGACATACCTCATAG_005,102
ACGACACCTTCGACCTGAAG_001,160
ACGACACCTTCGACCTGAAG_002,163
ACGACACCTTCGACCTGAAG_003,44
ACGACACCTTCGACCTGAAG_004,174
ACGACACCTTCGACCTGAAG_005,180
ACTGATAAACTGGTAACACC_001,115
ACTGATAAACTGGTAACACC_002,49
ACTGATAAACTGGTAACACC_003,184
ACTGATAAACTGGTAACACC_004,63
ACTGATAAACTGGTAACACC_005,6
GGAGGGCTGGAGCTACACAG_001,121
GGAGGGCTGGAGCTACACAG_002,69
GGAGGGCTGGAGCTACACAG_003,134
GGAGGGCTGGAGCTACACAG_004,172
GGAGGGCTGGAGCTACACAG_005,156
GGAGGGCTGGAGCTACACAG_006,38
GGAGGGCTGGAGCTACACAG_007,146
GGAGGGCTGGAGCTACACAG_008,148
GGAGGGCTGGAGCTACACAG_009,162
GGAGGGCTGGAGCTACACAG_010,62
GGAGGGCTGGAGCTACACAG_011,7
GGAGGGCTGGAGCTACACAG_012,183
GGAGGGCTGGAGCTACACAG_013,130
GGAGGGCTGGAGCTACACAG_014,68
GGAGGGCTGGAGCTACACAG_015,13
GGAGGGCTGGAGCTACACAG_016,170
GGAGGGCTGGAGCTACACAG_017,146
GGAGGGCTGGAGCTACACAG_018,40
GGAGGGCTGGAGCTACACAG_019,63
GGAGGGCTGGAGCTACACAG_020,160
GGAGGGCTGGAGCTACACAG_021,10
GGAGGGCTGGAGCTACACAG_022,94
GGAGGGCTGGAGCTACACAG_023,159
GGAGGGCTGGAGCTACACAG_024,135
AGGATCAACTAACAACCATG_001,177
AGGATCAACTAACAACCATG_002,98
AGGATCAACTAACAACCATG_003,118
AGGATCAACTAACAACCATG_004,161
AGGATCAACTAACAACCATG_005,102
AGGATCAACTAACAACCATG_006,126
AGGATCAACTAACAACCATG_007,31
CCATTCTCCAGCATATCGCA_001,191
CCATTCTCCAGCATATCGCA_002,28
CCATTCTCCAGCATATCGCA_003,194
CCATTCTCCAGCATATCGCA_004,144
CCATTCTCCAGCATATCGCA_005,56
CCATTCTCCAGCATATCGCA_006,41
CTGACGGTGCATAAAAACGG_001,24
CTGACGGTGCATAAAAACGG_002,184
CTGACGGTGCATAAAAACGG_003,103
CTGACGGTGCATAAAAACGG_004,60
CTGACGGTGCATAAAAACGG_005,176
CTGACGGTGCATAAAAACGG_006,79
ATTGCAACATCCTTCTATCG_001,198
TGACAAGATTGACCCAGAGA_001,132
TGACAAGATTGACCCAGAGA_002,192
TGACAAGATTGACCCAGAGA_003,141
TGACAAGATTGACCCAGAGA_004,169
TGACAAGATTGACCCAGAGA_005,175
TGACAAGATTGACCCAGAGA_006,19
TGACAAGATTGACCCAGAGA_007,95
TGACAAGATTGACCCAGAGA_008,141
CTGTATGATGCCATCACCCG_001,15
CTGTATGATGCCATCACCCG_002,52
TTCCGCCAACTAGACCGGGA_001,27
TTCCGCCAACTAGACCGGGA_002,82
TTCCGCCAACTAGACCGGGA_003,34
TTCCGCCAACTAGACCGGGA_004,166
TTCCGCCAACTAGACCGGGA_005,192
TTCCGCCAACTAGACCGGGA_006,74
TTCCGCCAACTAGACCGGGA_007,1
TTCCGCCAACTAGACCGGGA_008,69
TTCCGCCAACTAGACCGGGA_009,103
TTCCGCCAACTAGACCGGGA_010,83
TTCCGCCAACTAGACCGGGA_011,20
TTCCGCCAACTAGACCGGGA_012,98
TTCCGCCAACTAGACCGGGA_013,27
TTCCGCCAACTAGACCGGGA_014,178
TTCCGCCAACTAGACCGGGA_015,63
CAAGGCACACGAACTGAGTG_001,57
CAAGGCACACGAACTGAGTG_002,121
CAAGGCACACGAACTGAGTG_003,183
CAAGGCACACGAACTGAGTG_004,58
CAAGGCACACGAACTGAGTG_005,150
CAAGGCACACGAACTGAGTG_006,118
CAAGGCACACGAACTGAGTG_007,77
CAAGGCACACGAACTGAGTG_008,195
CAAGGCACACGAACTGAGTG_009,14
CAAGGCACACGAACTGAGTG_010,48
CAAGGCACACGAACTGAGTG_011,6
CAAGGCACACGAACTGAGTG_012,75
CAAGGCACACGAACTGAGTG_013,43
CAAGGCACACGAACTGAGTG_014,63
CAAGGCACACGAACTGAGTG_015,141
CAAGGCACACGAACTGAGTG_016,57
CAAGGCACACGAACTGAGTG_017,182
CAAGGCACACGAACTGAGTG_018,127
CAAGGCACACGAACTGAGTG_019,146
CAAGGCACACGAACTGAGTG_020,125
CAAGGCACACGAACTGAGTG_021,40
CAAGGCACACGAACTGAGTG_022,7
CAAGGCACACGAACTGAGTG_023,66
CAAGGCACACGAACTGAGTG_024,136
CAAGGCACACGAACTGAGTG_025,127
TGGGGGAGTATCGCAAGATG_001,9
TGGGGGAGTATCGCAAGATG_002,80
TGGGGGAGTATCGCAAGATG_003,80
TGGGGGAGTATCGCAAGATG_004,24
GTTTCGAAGGGCACTGATGA_001,139
GTTTCGAAGGGCACTGATGA_002,1
GTTTCGAAGGGCACTGATGA_003,155
GTTTCGAAGGGCACTGATGA_004,60
GTTTCGAAGGGCACTGATGA_005,58
GTTTCGAAGGGCACTGATGA_006,141
GAACACAAAGTAATTATAGT_001,60
AAACAATCCACAAACAAAGT_001,4
AAACAATCCACAAACAAAGT_002,60
AAACAATCCACAAACAAAGT_003,176
AAACAATCCACAAACAAAGT_004,79
AAACAATCCACAAACAAAGT_005,50
AAACAATCCACAAACAAAGT_006,62
AAACAATCCACAAACAAAGT_007,160
AAACAATCCACAAACAAAGT_008,81
AAACAATCCACAAACAAAGT_009,121
AAACAATCCACAAACAAAGT_010,155
AAATATTGAACTGAACCAGC_001,194
AAATATTGAACTGAACCAGC_002,94
AAATATTGAACTGAACCAGC_003,60
ATAACACGGTCGTCACTCCT_001,28
ATAACACGGTCGTCACTCCT_002,96
ATAACACGGTCGTCACTCCT_003,48
ATAACACGGTCGTCACTCCT_004,37
ATAACACGGTCGTCACTCCT_005,2
ATAACACGGTCGTCACTCCT_006,126
ATAACACGGTCGTCACTCCT_007,160
GGGGACACTGCAGCTGCGAG_001,194
GGGGACACTGCAGCTGCGAG_002,25
GGGGACACTGCAGCTGCGAG_003,31
GGGGACACTGCAGCTGCGAG_004,2
GGGGACACTGCAGCTGCGAG_005,67
GGGGACACTGCAGCTGCGAG_006,116
GGGGACACTGCAGCTGCGAG_007,125
GGGGACACTGCAGCTGCGAG_008,129
GGGGACACTGCAGCTGCGAG_009,198
GGGGACACTGCAGCTGCGAG_010,66
GGGGACACTGCAGCTGCGAG_011,78
GGGGACACTGCAGCTGCGAG_012,158
GGGGACACTGCAGCTGCGAG_013,50
GGGGACACTGCAGCTGCGAG_014,67
GGGGACACTGCAGCTGCGAG_015,156
GGGGACACTGCAGCTGCGAG_016,138
GGGGACACTGCAGCTGCGAG_017,165
GGGGACACTGCAGCTGCGAG_018,40
GGGGACACTGCAGCTGCGAG_019,27
GGGGACACTGCAGCTGCGAG_020,124
GGGGACACTGCAGCTGCGAG_021,99
GGGGACACTGCAGCTGCGAG_022,190
GGGGACACTGCAGCTGCGAG_023,110
TTTCATGAGACAATGATGGT_001,156
TTTCATGAGACAATGATGGT_002,82
TTTCATGAGACAATGATGGT_003,1
TTTCATGAGACAATGATGGT_004,19
TTTCATGAGACAATGATGGT_005,158
TTTCATGAGACAATGATGGT_006,141
TTTCATGAGACAATGATGGT_007,16
TGAAATAGAATCAACCCAGT_001,178
TGAAATAGAATCAACCCAGT_002,125
TGGATTGCGTTCCTTCAGCA_001,58
TGGATTGCGTTCCTTCAGCA_002,198
CAACAAAGGACACTACATCA_001,170
CAACAAAGGACACTACATCA_002,107
CAACAAAGGACACTACATCA_003,0
CAACAAAGGACACTACATCA_004,8
CAACAAAGGACACTACATCA_005,184
CAACAAAGGACACTACATCA_006,50
CAACAAAGGACACTACATCA_007,162
CAACAAAGGACACTACATCA_008,31
CAACAAAGGACACTACATCA_009,139
CAACAAAGGACACTACATCA_010,174
CAACAAAGGACACTACATCA_011,34
CAACAAAGGACACTACATCA_012,83
CAACAAAGGACACTACATCA_013,10
CAACAAAGGACACTACATCA_014,0
CAACAAAGGACACTACATCA_015,34
AGCCTACAGAACATGGAGGA_001,92
AGCCTACAGAACATGGAGGA_002,175
AGCCTACAGAACATGGAGGA_003,138
AGCCTACAGAACATGGAGGA_004,142
AGCCTACAGAACATGGAGGA_005,124
AGCCTACAGAACATGGAGGA_006,120
AGCCTACAGAACATGGAGGA_007,115
AGCCTACAGAACATGGAGGA_008,81
AGCCTACAGAACATGGAGGA_009,68
AGCCTACAGAACATGGAGGA_010,157
AGCCTACAGAACATGGAGGA_011,113
AGCCTACAGAACATGGAGGA_012,188
AGCCTACAGAACATGGAGGA_013,34
AGCCTACAGAACATGGAGGA_014,2
CCGGGACGCACTGACCATGT_001,22
CCGGGACGCACTGACCATGT_002,152
CCGGGACGCACTGACCATGT_003,8
TGGACACCGTTCTACCAGCG_001,16
TGGACACCGTTCTACCAGCG_002,168
TTGGCTGCGATCATGTAAGG_001,121
TTGGCTGCGATCATGTAAGG_002,174
TTGGCTGCGATCATGTAAGG_003,41
TTGGCTGCGATCATGTAAGG_004,68
TTGGCTGCGATCATGTAAGG_005,77
GACCAGGCACCTGAATATCG_001,134
GACCAGGCACCTGAATATCG_002,113
CTGGCGAAGGCGACCACAAG_001,13
CTGGCGAAGGCGACCACAAG_002,94
CTGGCGAAGGCGACCACAAG_003,12
CTGGCGAAGGCGACCACAAG_004,121
CTGGCGAAGGCGACCACAAG_005,190
CTGGCGAAGGCGACCACAAG_006,88
CTGGCGAAGGCGACCACAAG_007,166
CTGGCGAAGGCGACCACAAG_008,118
CTGGCGAAGGCGACCACAAG_009,103
CTGGCGAAGGCGACCACAAG_010,169
CTGGCGAAGGCGACCACAAG_011,127
CTGGCGAAGGCGACCACAAG_012,171
CTGGCGAAGGCGACCACAAG_013,93
CTGGCGAAGGCGACCACAAG_014,116
CTGGCGAAGGCGACCACAAG_015,60
CTGGCGAAGGCGACCACAAG_016,175
CTGGCGAAGGCGACCACAAG_017,77
CTGGCGAAGGCGACCACAAG_018,4
CTGGCGAAGGCGACCACAAG_019,58
CTGGCGAAGGCGACCACAAG_020,152
CTGGCGAAGGCGACCACAAG_021,4
CTGGCGAAGGCGACCACAAG_022,62
CTGGCGAAGGCGACCACAAG_023,23
CTGGCGAAGGCGACCACAAG_024,97
CTGGCGAAGGCGACCACAAG_025,121
CTGGCGAAGGCGACCACAAG_026,94
CTGGCGAAGGCGACCACAAG_027,70
CTGGCGAAGGCGACCACAAG_028,8
CTGGCGAAGGCGACCACAAG_029,193
CTGGCGAAGGCGACCACAAG_030,178
CTGGCGAAGGCGACCACAAG_031,49
CTGGCGAAGGCGACCACAAG_032,142
CTGGCGAAGGCGACCACAAG_033,192
CTGGCGAAGGCGACCACAAG_034,94
CTGGCGAAGGCGACCACAAG_035,1
CTGGCGAAGGCGACCACAAG_036,56
CTGGCGAAGGCGACCACAAG_037,194
CTGGCGAAGGCGACCACAAG_038,2
CTGGCGAAGGCGACCACAAG_039,61
CTGGCGAAGGCGACCACAAG_040,138
CTGGCGAAGGCGACCACAAG_041,16
CTGGCGAAGGCGACCACAAG_042,83
CTGGCGAAGGCGACCACAAG_043,19
CTGGCGAAGGCGACCACAAG_044,91
CTGGCGAAGGCGACCACAAG_045,149
CTGGCGAAGGCGACCACAAG_046,108
CTGGCGAAGGCGACCACAAG_047,178
CTGGCGAAGGCGACCACAAG_048,69
CTGGCGAAGGCGACCACAAG_049,46
CTGGCGAAGGCGACCACAAG_050,152
CTGGCGAAGGCGACCACAAG_051,172
CTGGCGAAGGCGACCACAAG_052,166
CTGGCGAAGGCGACCACAAG_053,115
CTGGCGAAGGCGACCACAAG_054,31
CTGGCGAAGGCGACCACAAG_055,136
CACCAGTAGAACCATCAGTG_001,49
CACCAGTAGAACCATCAGTG_002,147
CACCAGTAGAACCATCAGTG_003,156
CACCAGTAGAACCATCAGTG_004,46
CACCAGTAGAACCATCAGTG_005,145
CACCAGTAGAACCATCAGTG_006,182
CACCAGTAGAACCATCAGTG_007,37
CACCAGTAGAACCATCAGTG_008,117
CACCAGTAGAACCATCAGTG_009,16
CACCAGTAGAACCATCAGTG_010,160
CACCAGTAGAACCATCAGTG_011,13
GCTGTCGACTGGAGAAATGG_001,175
GCTGTCGACTGGAGAAATGG_002,149
GCTGTCGACTGGAGAAATGG_003,41
GCTGTCGACTGGAGAAATGG_004,174
GCTGTCGACTGGAGAAATGG_005,185
GCTGTCGACTGGAGAAATGG_006,150
GCTGTCGACTGGAGAAATGG_007,23
GCTGTCGACTGGAGAAATGG_008,123
GCTGTCGACTGGAGAAATGG_009,92
GCTGTCGACTGGAGAAATGG_010,185
GCAGTCGTCCAATTGCGACG_001,150
GCAGTCGTCCAATTGCGACG_002,45
GCAGTCGTCCAATTGCGACG_003,182
GCAGTCGTCCAATTGCGACG_004,20
GCAGTCGTCCAATTGCGACG_005,40
GCAGTCGTCCAATTGCGACG_006,123
GCAGTCGTCCAATTGCGACG_007,17
GCAGTCGTCCAATTGCGACG_008,176
GCAGTCGTCCAATTGCGACG_009,138
GCAGTCGTCCAATTGCGACG_010,198
GCAGTCGTCCAATTGCGACG_011,144
CAGACCATTGTCAAACGCTG_001,1
CAGACCATTGTCAAACGCTG_002,168
CAGACCATTGTCAAACGCTG_003,169
CAGACCATTGTCAAACGCTG_004,178
CAGACCATTGTCAAACGCTG_005,166
CAGACCATTGTCAAACGCTG_006,141
CAGACCATTGTCAAACGCTG_007,6
CAGACCATTGTCAAACGCTG_008,175
GGCCACAGTCCATCCGCCGT_001,57
GGCCACAGTCCATCCGCCGT_002,146
GGCCACAGTCCATCCGCCGT_003,11
GGCCACAGTCCATCCGCCGT_004,166
TCGCGGGCTTGGAGTTCGCG_001,172
TCGCGGGCTTGGAGTTCGCG_002,8
TCGCGGGCTTGGAGTTCGCG_003,165
TCGCGGGCTTGGAGTTCGCG_004,158
TCGCGGGCTTGGAGTTCGCG_005,114
TCGCGGGCTTGGAGTTCGCG_006,171
TCGCGGGCTTGGAGTTCGCG_007,138
TCGCGGGCTTGGAGTTCGCG_008,198
TCGCGGGCTTGGAGTTCGCG_009,139
TCGCGGGCTTGGAGTTCGCG_010,51
TCGCGGGCTTGGAGTTCGCG_011,9
TCGCGGGCTTGGAGTTCGCG_012,178
TCGCGGGCTTGGAGTTCGCG_013,55
TCGCGGGCTTGGAGTTCGCG_014,6
TCGCGGGCTTGGAGTTCGCG_015,6
TCGCGGGCTTGGAGTTCGCG_016,115
TCGCGGGCTTGGAGTTCGCG_017,134
TCGCGGGCTTGGAGTTCGCG_018,91
TCGCGGGCTTGGAGTTCGCG_019,43
TCGCGGGCTTGGAGTTCGCG_020,57
TCGCGGGCTTGGAGTTCGCG_021,113
TCGCGGGCTTGGAGTTCGCG_022,132
TCGCGGGCTTGGAGTTCGCG_023,16
TCGCGGGCTTGGAGTTCGCG_024,41
TCGCGGGCTTGGAGTTCGCG_025,43
TCGCGGGCTTGGAGTTCGCG_026,58
TCGCGGGCTTGGAGTTCGCG_027,148
TCGCGGGCTTGGAGTTCGCG_028,60
TCGCGGGCTTGGAGTTCGCG_029,197
TCGCGGGCTTGGAGTTCGCG_030,163
TCGCGGGCTTGGAGTTCGCG_031,119
TCGCGGGCTTGGAGTTCGCG_032,128
TCGCGGGCTTGGAGTTCGCG_033,73
TCGCGGGCTTGGAGTTCGCG_034,121
TCGCGGGCTTGGAGTTCGCG_035,49
TCGCGGGCTTGGAGTTCGCG_036,87
TCGCGGGCTTGGAGTTCGCG_037,19
TCGCGGGCTTGGAGTTCGCG_038,150
TCCAACCATCAGGAACCGTA_001,184
TCCAACCATCAGGAACCGTA_002,172
TCCAACCATCAGGAACCGTA_003,127
TCCAACCATCAGGAACCGTA_004,4
TCCAACCATCAGGAACCGTA_005,52
TCCAACCATCAGGAACCGTA_006,144
TCCAACCATCAGGAACCGTA_007,28
TCCAACCATCAGGAACCGTA_008,1
TCCCCCTCAATTCTCTGAGT_001,106
TCCCCCTCAATTCTCTGAGT_002,77
TCCCCCTCAATTCTCTGAGT_003,199
TCCCCCTCAATTCTCTGAGT_004,40
TCCCCCTCAATTCTCTGAGT_005,198
TCCCCCTCAATTCTCTGAGT_006,35
TCCCCCTCAATTCTCTGAGT_007,24
AAACCAGTACCTGAACCTAG_001,60
AAACCAGTACCTGAACCTAG_002,96
AAACCAGTACCTGAACCTAG_003,127
AAACCAGTACCTGAACCTAG_004,63
AAACCAGTACCTGAACCTAG_005,168
AAACCAGTACCTGAACCTAG_006,15
AAACCAGTACCTGAACCTAG_007,15
ACACCCGAAACACTTGCACC_001,158
ACACCCGAAACACTTGCACC_002,197
ACACCCGAAACACTTGCACC_003,59
ACACCCGAAACACTTGCACC_004,145
ACACCCGAAACACTTGCACC_005,161
ACACCCGAAACACTTGCACC_006,61
ACACCCGAAACACTTGCACC_007,148
ACACCCGAAACACTTGCACC_008,127
ACACCCGAAACACTTGCACC_009,108
ACACCCGAAACACTTGCACC_010,78
ACACCCGAAACACTTGCACC_011,162
ACACCCGAAACACTTGCACC_012,184
ACACCCGAAACACTTGCACC_013,124
ACACCCGAAACACTTGCACC_014,0
ACACCCGAAACACTTGCACC_015,48
ACACCCGAAACACTTGCACC_016,10
TCTTTCAGCTTAAGGACCGA_001,188
TCTTTCAGCTTAAGGACCGA_002,176
TCTTTCAGCTTAAGGACCGA_003,189
GGGCACCCCCAGTACCCAGT_001,163
GGGCACCCCCAGTACCCAGT_002,72
GGGCACCCCCAGTACCCAGT_003,88
GGGCACCCCCAGTACCCAGT_004,52
GGGCACCCCCAGTACCCAGT_005,177
GGGCACCCCCAGTACCCAGT_006,49
GGGCACCCCCAGTACCCAGT_007,84
GGGCACCCCCAGTACCCAGT_008,161
GGGCACCCCCAGTACCCAGT_009,193
GGGCACCCCCAGTACCCAGT_010,110
GGGCACCCCCAGTACCCAGT_011,71
GGGCACCCCCAGTACCCAGT_012,1
GGGCACCCCCAGTACCCAGT_013,29
GGGCACCCCCAGTACCCAGT_014,126
GGGCACCCCCAGTACCCAGT_015,148
GGGCACCCCCAGTACCCAGT_016,46
GGGCACCCCCAGTACCCAGT_017,41
TAGAGAGAACCGCACCATTG_001,162
TAGAGAGAACCGCACCATTG_002,163
TAGAGAGAACCGCACCATTG_003,88
TAGAGAGAACCGCACCATTG_004,48
TAGAGAGAACCGCACCATTG_005,49
TAGAGAGAACCGCACCATTG_006,146
TAGAGAGAACCGCACCATTG_007,9
TAGAGAGAACCGCACCATTG_008,170
TAGAGAGAACCGCACCATTG_009,116
TAGAGAGAACCGCACCATTG_010,175
TAGAGAGAACCGCACCATTG_011,166
ATATATGCTGAACAAACCTG_001,184
ATATATGCTGAACAAACCTG_002,82
ATATATGCTGAACAAACCTG_003,193
ATATATGCTGAACAAACCTG_004,91
ATATATGCTGAACAAACCTG_005,160
ATATATGCTGAACAAACCTG_006,169
ATATATGCTGAACAAACCTG_007,64
ATATATGCTGAACAAACCTG_008,150
CAGCGGTCACCTGCACGACG_001,128
CAGCGGTCACCTGCACGACG_002,3
TCAAGACAGAAGTTGTAACC_001,83
TCAAGACAGAAGTTGTAACC_002,63
TCAAGACAGAAGTTGTAACC_003,44
TCAAGACAGAAGTTGTAACC_004,55
TCAAGACAGAAGTTGTAACC_005,55
TCAAGACAGAAGTTGTAACC_006,86
TCAAGACAGAAGTTGTAACC_007,54
TCAAGACAGAAGTTGTAACC_008,116
TGAGTCCCCTGCTAAGAGTG_001,32
TGAGTCCCCTGCTAAGAGTG_002,147
TGAGTCCCCTGCTAAGAGTG_003,158
TGAGTCCCCTGCTAAGAGTG_004,118
TGAGTCCCCTGCTAAGAGTG_005,173
TGAGTCCCCTGCTAAGAGTG_006,19
TGAGTCCCCTGCTAAGAGTG_007,184
TGAGTCCCCTGCTAAGAGTG_008,118
TGAGTCCCCTGCTAAGAGTG_009,169
TGAGTCCCCTGCTAAGAGTG_010,98
TGAGTCCCCTGCTAAGAGTG_011,6
TGAGTCCCCTGCTAAGAGTG_012,69
TGAGTCCCCTGCTAAGAGTG_013,146
TGAGTCCCCTGCTAAGAGTG_014,23
TGAGTCCCCTGCTAAGAGTG_015,51
TGAGTCCCCTGCTAAGAGTG_016,50
TGAGTCCCCTGCTAAGAGTG_017,94
TTTGGACAGATCTATTCCAG_001,185
TTTGGACAGATCTATTCCAG_002,144
AGGGGCGAGGTAGCTCACGT_001,60
AGGGGCGAGGTAGCTCACGT_002,162
AGGGGCGAGGTAGCTCACGT_003,95
AGGGGCGAGGTAGCTCACGT_004,130
AGGGGCGAGGTAGCTCACGT_005,184
AGGGGCGAGGTAGCTCACGT_006,41
AGGGGCGAGGTAGCTCACGT_007,9
AGGGGCGAGGTAGCTCACGT_008,82
AGGGGCGAGGTAGCTCACGT_009,66
AGGGGCGAGGTAGCTCACGT_010,189
AGGGGCGAGGTAGCTCACGT_011,189
AGGGGCGAGGTAGCTCACGT_012,39
AGGGGCGAGGTAGCTCACGT_013,68
AATAGTCGAAGGCGACATGT_001,131
AATAGTCGAAGGCGACATGT_002,81
AATAGTCGAAGGCGACATGT_003,94
AATAGTCGAAGGCGACATGT_004,98
AATAGTCGAAGGCGACATGT_005,88
AATAGTCGAAGGCGACATGT_006,40
AATAGTCGAAGGCGACATGT_007,58
AATAGTCGAAGGCGACATGT_008,150
AATAGTCGAAGGCGACATGT_009,159
AATAGTCGAAGGCGACATGT_010,116
AATAGTCGAAGGCGACATGT_011,106
AATAGTCGAAGGCGACATGT_012,106
AATAGTCGAAGGCGACATGT_013,166
AATAGTCGAAGGCGACATGT_014,50
AATAGTCGAAGGCGACATGT_015,6
GCTCCTTAGAGGTTAAGCCC_001,152
GCTCCTTAGAGGTTAAGCCC_002,23
GGAAACCAATCCAATCATAG_001,52
GGAAACCAATCCAATCATAG_002,70
GTAGCCATAACCATAGTACG_001,7
GTAGCCATAACCATAGTACG_002,41
GTAGCCATAACCATAGTACG_003,151
GTAGCCATAACCATAGTACG_004,3
GTAGCCATAACCATAGTACG_005,52
AAAGGACCTAGAAAAACAAG_001,7
AAAGGACCTAGAAAAACAAG_002,54
AAAGGACCTAGAAAAACAAG_003,49
AAAGGACCTAGAAAAACAAG_004,81
AAAGGACCTAGAAAAACAAG_005,17
AAAGGACCTAGAAAAACAAG_006,63
AGTGCTTGTCCAGCTCGGGT_001,27
AGTGCTTGTCCAGCTCGGGT_002,60
AGTGCTTGTCCAGCTCGGGT_003,158
AGTGCTTGTCCAGCTCGGGT_004,41
AGTGCTTGTCCAGCTCGGGT_005,112
AGTGCTTGTCCAGCTCGGGT_006,38
AGTGCTTGTCCAGCTCGGGT_007,72
AGTGCTTGTCCAGCTCGGGT_008,57
ATGGCATTATATTTCCCACA_001,122
ATGGCATTATATTTCCCACA_002,106
CCAGAGAGGTGGACCCACTC_001,162
CCAGAGAGGTGGACCCACTC_002,94
CCAGAGAGGTGGACCCACTC_003,5
CCAGAGAGGTGGACCCACTC_004,5
CCAGAGAGGTGGACCCACTC_005,22
CCAGAGAGGTGGACCCACTC_006,52
CCAGAGAGGTGGACCCACTC_007,132
CCAGAGAGGTGGACCCACTC_008,47
CCAGAGAGGTGGACCCACTC_009,91
GCGCGTCGACGACTTCGAGG_001,144
GCGCGTCGACGACTTCGAGG_002,29
GCGCGTCGACGACTTCGAGG_003,162
GCGCGTCGACGACTTCGAGG_004,140
GCGCGTCGACGACTTCGAGG_005,158
GCGCGTCGACGACTTCGAGG_006,102
GCGCGTCGACGACTTCGAGG_007,157
GAGATCACCCTTATTGCAGG_001,61
GAGATCACCCTTATTGCAGG_002,31
GAGATCACCCTTATTGCAGG_003,43
GAGATCACCCTTATTGCAGG_004,64
TTTCTTTGTAGACGGGAAGG_001,115
TTTCTTTGTAGACGGGAAGG_002,119
TTTCTTTGTAGACGGGAAGG_003,92
TTTCTTTGTAGACGGGAAGG_004,73
TTTCTTTGTAGACGGGAAGG_005,94
TTTCTTTGTAGACGGGAAGG_006,46
GATCAACAAAGACTGGCTGG_001,1
GATCAACAAAGACTGGCTGG_002,44
GATCAACAAAGACTGGCTGG_003,11
GATCAACAAAGACTGGCTGG_004,37
GATCAACAAAGACTGGCTGG_005,197
CAGCCTGGTATAATGCATGG_001,16
CAGCCTGGTATAATGCATGG_002,151
GCCATTCACGAGCAACTGCG_001,15
GCCATTCACGAGCAACTGCG_002,29
GCCATTCACGAGCAACTGCG_003,120
GCCATTCACGAGCAACTGCG_004,84
GCCATTCACGAGCAACTGCG_005,134
GCCATTCACGAGCAACTGCG_006,17
GCCATTCACGAGCAACTGCG_007,137
GCCATTCACGAGCAACTGCG_008,12
GCGTTGAGACTATGATCCCG_001,78
GCGTTGAGACTATGATCCCG_002,166
GCGTTGAGACTATGATCCCG_003,34
GCGTTGAGACTATGATCCCG_004,80
GCGTTGAGACTATGATCCCG_005,49
GCGTTGAGACTATGATCCCG_006,53
GCGTTGAGACTATGATCCCG_007,62
GCGTTGAGACTATGATCCCG_008,144
GCGTTGAGACTATGATCCCG_009,87
GCGTTGAGACTATGATCCCG_010,176
GCGTTGAGACTATGATCCCG_011,180
GCGTTGAGACTATGATCCCG_012,98
GCGTTGAGACTATGATCCCG_013,141
CAAACAGGGAAACCGACGTG_001,15
CAAACAGGGAAACCGACGTG_002,137
CAAACAGGGAAACCGACGTG_003,144
CAAACAGGGAAACCGACGTG_004,137
CAAACAGGGAAACCGACGTG_005,22
CAAACAGGGAAACCGACGTG_006,127
CAAACAGGGAAACCGACGTG_007,17
CAAACAGGGAAACCGACGTG_008,28
CAAACAGGGAAACCGACGTG_009,152
CAAACAGGGAAACCGACGTG_010,130
CAAACAGGGAAACCGACGTG_011,115
CAAACAGGGAAACCGACGTG_012,15
TAGACTTCGAGGTACAGGTA_001,8
TAGACTTCGAGGTACAGGTA_002,64
TTCCCGTAGGTATTTACATG_001,65
TTCCCGTAGGTATTTACATG_002,162
TTCCCGTAGGTATTTACATG_003,33
TTCCCGTAGGTATTTACATG_004,119
TTCCCGTAGGTATTTACATG_005,175
TTCCCGTAGGTATTTACATG_006,192
TTCCCGTAGGTATTTACATG_007,130
TTCCCGTAGGTATTTACATG_008,149
TTCCCGTAGGTATTTACATG_009,142
CACGATCATATAGCTCTCGG_001,79
ACACTGAATCCTATGACCAG_001,106
ACACTGAATCCTATGACCAG_002,107
CCCGGTATGATGCAGCCGAG_001,119
CCCGGTATGATGCAGCCGAG_002,159
CCCGGTATGATGCAGCCGAG_003,158
CCCGGTATGATGCAGCCGAG_004,44
CCCGGTATGATGCAGCCGAG_005,16
CCCGGTATGATGCAGCCGAG_006,41
CCCGGTATGATGCAGCCGAG_007,28
CCCGGTATGATGCAGCCGAG_008,168
AACCTCCACTATACAGACAG_001,45
AACCTCCACTATACAGACAG_002,158
AACCTCCACTATACAGACAG_003,104
AACCTCCACTATACAGACAG_004,62
AACCTCCACTATACAGACAG_005,41
AACCTCCACTATACAGACAG_006,166
AACCTCCACTATACAGACAG_007,33
AACCTCCACTATACAGACAG_008,175
AACCTCCACTATACAGACAG_009,29
AACCTCCACTATACAGACAG_010,138
GCTTCATGGAACAACCACCC_001,87
GCTTCATGGAACAACCACCC_002,6
GCTTCATGGAACAACCACCC_003,40
GCTTCATGGAACAACCACCC_004,143
GCTTCATGGAACAACCACCC_005,70
GCTTCATGGAACAACCACCC_006,15
GCTTCATGGAACAACCACCC_007,78
GCTTCATGGAACAACCACCC_008,157
GCTTCATGGAACAACCACCC_009,33
GCTTCATGGAACAACCACCC_010,107
GCTTCATGGAACAACCACCC_011,169
GCTTCATGGAACAACCACCC_012,198
GCTTCATGGAACAACCACCC_013,119
GCTTCATGGAACAACCACCC_014,29
GCTTCATGGAACAACCACCC_015,105
GCTTCATGGAACAACCACCC_016,29
GCTTCATGGAACAACCACCC_017,42
GCTTCATGGAACAACCACCC_018,33
AGTAGCCCTGACGACGTCGT_001,181
AGTAGCCCTGACGACGTCGT_002,23
AGTAGCCCTGACGACGTCGT_003,49
AGTAGCCCTGACGACGTCGT_004,43
AGTAGCCCTGACGACGTCGT_005,139
AGTAGCCCTGACGACGTCGT_006,37
AGTAGCCCTGACGACGTCGT_007,69
AGTAGCCCTGACGACGTCGT_008,134
AGTAGCCCTGACGACGTCGT_009,168
AGTAGCCCTGACGACGTCGT_010,20
ATTGGTAAATTCCATTGAGC_001,55
ATTGGTAAATTCCATTGAGC_002,127
CCCGGCCAGAATACAGAGAG_001,81
CCCGGCCAGAATACAGAGAG_002,144
CCCGGCCAGAATACAGAGAG_003,169
CCCGGCCAGAATACAGAGAG_004,107
CCCGGCCAGAATACAGAGAG_005,184
CACACTTCCCGAAAATCCTG_001,197
CACACTTCCCGAAAATCCTG_002,106
CACACTTCCCGAAAATCCTG_003,19
CACACTTCCCGAAAATCCTG_004,120
CACACTTCCCGAAAATCCTG_005,87
CACACTTCCCGAAAATCCTG_006,113
CACACTTCCCGAAAATCCTG_007,145
CACACTTCCCGAAAATCCTG_008,77
CACACTTCCCGAAAATCCTG_009,72
GCAGGCCCGCATCCCCCAAG_001,144
GCAGGCCCGCATCCCCCAAG_002,33
GCAGGCCCGCATCCCCCAAG_003,181
GCAGGCCCGCATCCCCCAAG_004,146
GCAGGCCCGCATCCCCCAAG_005,41
GCAGGCCCGCATCCCCCAAG_006,184
GCAGGCCCGCATCCCCCAAG_007,147
GCAGGCCCGCATCCCCCAAG_008,13
GCAGGCCCGCATCCCCCAAG_009,19
GCAGGCCCGCATCCCCCAAG_010,160
GCAGGCCCGCATCCCCCAAG_011,70
GCAGGCCCGCATCCCCCAAG_012,82
GCAGGCCCGCATCCCCCAAG_013,184
GCAGGCCCGCATCCCCCAAG_014,23
GCAGGCCCGCATCCCCCAAG_015,149
GCAGGCCCGCATCCCCCAAG_016,45
GCAGGCCCGCATCCCCCAAG_017,124
GCAGGCCCGCATCCCCCAAG_018,110
GCAGGCCCGCATCCCCCAAG_019,142
GCAGGCCCGCATCCCCCAAG_020,152
GCAGGCCCGCATCCCCCAAG_021,68
GCAGGCCCGCATCCCCCAAG_022,3
GCAGGCCCGCATCCCCCAAG_023,180
GGGTGCACAAAAGTTAACCG_001,8
GGGTGCACAAAAGTTAACCG_002,95
GGGTGCACAAAAGTTAACCG_003,117
GGGTGCACAAAAGTTAACCG_004,127
GGGTGCACAAAAGTTAACCG_005,48
GGGTGCACAAAAGTTAACCG_006,196
CAATCTGGCAGAACCGCATG_001,60
CAATCTGGCAGAACCGCATG_002,43
CAATCTGGCAGAACCGCATG_003,118
CAATCTGGCAGAACCGCATG_004,127
CAATCTGGCAGAACCGCATG_005,112
CAATCTGGCAGAACCGCATG_006,197
CAATCTGGCAGAACCGCATG_007,23
CAATCTGGCAGAACCGCATG_008,86
CAATCTGGCAGAACCGCATG_009,19
CAATCTGGCAGAACCGCATG_010,43
GTGGACCGAGACCTTCCCAA_001,178
GTGGACCGAGACCTTCCCAA_002,6
GTGGACCGAGACCTTCCCAA_003,41
GTGGACCGAGACCTTCCCAA_004,103
GTGGACCGAGACCTTCCCAA_005,147
GTGGACCGAGACCTTCCCAA_006,62
GTGGACCGAGACCTTCCCAA_007,40
GTGGACCGAGACCTTCCCAA_008,163
GTGGACCGAGACCTTCCCAA_009,72
GTGGACCGAGACCTTCCCAA_010,72
GTGGACCGAGACCTTCCCAA_011,195
GTGGACCGAGACCTTCCCAA_012,139
GTGGACCGAGACCTTCCCAA_013,95
GTGGACCGAGACCTTCCCAA_014,58
GTGGACCGAGACCTTCCCAA_015,126
TGGTGTGCCGCCTGTCCCTG_001,84
TGGTGTGCCGCCTGTCCCTG_002,81
TGGTGTGCCGCCTGTCCCTG_003,133
TGGTGTGCCGCCTGTCCCTG_004,151
TGGTGTGCCGCCTGTCCCTG_005,38
TGGTGTGCCGCCTGTCCCTG_006,58
TGGTGTGCCGCCTGTCCCTG_007,162
TGGTGTGCCGCCTGTCCCTG_008,121
TGGTGTGCCGCCTGTCCCTG_009,38
TGGTGTGCCGCCTGTCCCTG_010,184
TGGTGTGCCGCCTGTCCCTG_011,44
TGGTGTGCCGCCTGTCCCTG_012,42
TGGTGTGCCGCCTGTCCCTG_013,48
TGGTGTGCCGCCTGTCCCTG_014,94
TGGTGTGCCGCCTGTCCCTG_015,2
TGGTGTGCCGCCTGTCCCTG_016,158
TGGTGTGCCGCCTGTCCCTG_017,6
TGGTGTGCCGCCTGTCCCTG_018,28
TGGTGTGCCGCCTGTCCCTG_019,121
TGGTGTGCCGCCTGTCCCTG_020,83
TGGTGTGCCGCCTGTCCCTG_021,111
ACAGACGTATAGTTGCTGTA_001,133
ACAGACGTATAGTTGCTGTA_002,112
ACAGACGTATAGTTGCTGTA_003,95
ACAGACGTATAGTTGCTGTA_004,4
AAATCCTTATGAAACAGACG_001,127
AAATCCTTATGAAACAGACG_002,38
AAATCCTTATGAAACAGACG_003,195
AAATCCTTATGAAACAGACG_004,69
AAATCCTTATGAAACAGACG_005,150
GACGCTCCTCTTCACCCCGC_001,106
GACGCTCCTCTTCACCCCGC_002,77
GACGCTCCTCTTCACCCCGC_003,137
GACGCTCCTCTTCACCCCGC_004,30
GACGCTCCTCTTCACCCCGC_005,17
GACGCTCCTCTTCACCCCGC_006,9
GACGCTCCTCTTCACCCCGC_007,160
GACGCTCCTCTTCACCCCGC_008,157
GACGCTCCTCTTCACCCCGC_009,12
GACGCTCCTCTTCACCCCGC_010,142
GACGCTCCTCTTCACCCCGC_011,63
GACGCTCCTCTTCACCCCGC_012,63
GACGCTCCTCTTCACCCCGC_013,137
GACGCTCCTCTTCACCCCGC_014,174
GACGCTCCTCTTCACCCCGC_015,174
GACGCTCCTCTTCACCCCGC_016,148
GCACCGGGCAACGTTACGAA_001,157
GCACCGGGCAACGTTACGAA_002,6
GCACCGGGCAACGTTACGAA_003,0
GCACCGGGCAACGTTACGAA_004,32
GCACCGGGCAACGTTACGAA_005,179
GCACCGGGCAACGTTACGAA_006,56
GCACCGGGCAACGTTACGAA_007,81
GCACCGGGCAACGTTACGAA_008,153
GCACCGGGCAACGTTACGAA_009,115
GCACCGGGCAACGTTACGAA_010,119
GCACCGGGCAACGTTACGAA_011,18
GCACCGGGCAACGTTACGAA_012,137
GCCTTAACGATGTGGAGCCG_001,90
GCCTTAACGATGTGGAGCCG_002,158
GCCTTAACGATGTGGAGCCG_003,17
TGAGCAGACTGCGACTAATG_001,68
TGAGCAGACTGCGACTAATG_002,158
TGAGCAGACTGCGACTAATG_003,8
TGAGCAGACTGCGACTAATG_004,189
TGAGCAGACTGCGACTAATG_005,61
TGAGCAGACTGCGACTAATG_006,141
TGAGCAGACTGCGACTAATG_007,88
TGAGCAGACTGCGACTAATG_008,81
ATGTGGATATATGTGTTCAT_001,15
ATGTGGATATATGTGTTCAT_002,40
ATGTGGATATATGTGTTCAT_003,8
TGGGGAAGAGCTGTTATGAG_001,113
TGGGGAAGAGCTGTTATGAG_002,60
TGGGGAAGAGCTGTTATGAG_003,33
TGGGGAAGAGCTGTTATGAG_004,148
TGGGGAAGAGCTGTTATGAG_005,188
TGGGGAAGAGCTGTTATGAG_006,44
TGGGGAAGAGCTGTTATGAG_007,110
GATGGGACATCGTTGCTCAG_001,50
GATGGGACATCGTTGCTCAG_002,147
GATGGGACATCGTTGCTCAG_003,56
GATGGGACATCGTTGCTCAG_004,69
GATGGGACATCGTTGCTCAG_005,172
AAACGGGCCGAAGACTTCCA_001,113
AAACGGGCCGAAGACTTCCA_002,71
AAACGGGCCGAAGACTTCCA_003,56
AAACGGGCCGAAGACTTCCA_004,41
AAACGGGCCGAAGACTTCCA_005,196
AAACGGGCCGAAGACTTCCA_006,170
AAACGGGCCGAAGACTTCCA_007,105
AAACGGGCCGAAGACTTCCA_008,199
AAACGGGCCGAAGACTTCCA_009,54
AAACGGGCCGAAGACTTCCA_010,32
AAACGGGCCGAAGACTTCCA_011,34
AAACGGGCCGAAGACTTCCA_012,68
AAACGGGCCGAAGACTTCCA_013,0
AAACGGGCCGAAGACTTCCA_014,143
AAACGGGCCGAAGACTTCCA_015,140
AAACGGGCCGAAGACTTCCA_016,159
AAACGGGCCGAAGACTTCCA_017,151
AAACGGGCCGAAGACTTCCA_018,161
AAACGGGCCGAAGACTTCCA_019,178
AAACGGGCCGAAGACTTCCA_020,148
AAACGGGCCGAAGACTTCCA_021,84
AAACGGGCCGAAGACTTCCA_022,47
AAACGGGCCGAAGACTTCCA_023,143
AAACGGGCCGAAGACTTCCA_024,171
AAACGGGCCGAAGACTTCCA_025,196
AAACGGGCCGAAGACTTCCA_026,183
AAACGGGCCGAAGACTTCCA_027,41
AAACGGGCCGAAGACTTCCA_028,8
AAACGGGCCGAAGACTTCCA_029,154
AAACGGGCCGAAGACTTCCA_030,38
AAACGGGCCGAAGACTTCCA_031,9
AAACGGGCCGAAGACTTCCA_032,26
AAACGGGCCGAAGACTTCCA_033,82
AAACGGGCCGAAGACTTCCA_034,28
AAACGGGCCGAAGACTTCCA_035,49
AAACGGGCCGAAGACTTCCA_036,114
AAACGGGCCGAAGACTTCCA_037,114
AAACGGGCCGAAGACTTCCA_038,99
AAACGGGCCGAAGACTTCCA_039,6
AAACGGGCCGAAGACTTCCA_040,66
AAACGGGCCGAAGACTTCCA_041,149
AAACGGGCCGAAGACTTCCA_042,147
TGAGATGACTGGGGCATAGG_001,120
TGAGATGACTGGGGCATAGG_002,128
TGAGATGACTGGGGCATAGG_003,175
TGAGATGACTGGGGCATAGG_004,42
TAGTCCATATTATCGAACCA_001,113
TAGTCCATATTATCGAACCA_002,183
TGGTGGTAAATGTAACGTGG_001,149
TGGTGGTAAATGTAACGTGG_002,137
TGGTGGTAAATGTAACGTGG_003,17
TGGTGGTAAATGTAACGTGG_004,74
TGGTGGTAAATGTAACGTGG_005,176
TGGTGGTAAATGTAACGTGG_006,50
TGGTGGTAAATGTAACGTGG_007,3
TGGTGGTAAATGTAACGTGG_008,58
TGGTGGTAAATGTAACGTGG_009,48
TGGTGGTAAATGTAACGTGG_010,96
AGGCAAAGCAAACCGACACG_001,77
AGGCAAAGCAAACCGACACG_002,162
AGGCAAAGCAAACCGACACG_003,52
AGGCAAAGCAAACCGACACG_004,58
AGGCAAAGCAAACCGACACG_005,30
AGGCAAAGCAAACCGACACG_006,115
AGGCAAAGCAAACCGACACG_007,108
AGGCAAAGCAAACCGACACG_008,2
AGGCAAAGCAAACCGACACG_009,2
AGGCAAAGCAAACCGACACG_010,46
AGGCAAAGCAAACCGACACG_011,133
AACTACAGTTCTGTGTGTCA_001,155
AACTACAGTTCTGTGTGTCA_002,123
AAATCGCTGACCAGAGACCG_001,135
AAATCGCTGACCAGAGACCG_002,161
AAATCGCTGACCAGAGACCG_003,105
AAATCGCTGACCAGAGACCG_004,26
AAATCGCTGACCAGAGACCG_005,77
AAATCGCTGACCAGAGACCG_006,182
AAATCGCTGACCAGAGACCG_007,27
AAATCGCTGACCAGAGACCG_008,105
AAATCGCTGACCAGAGACCG_009,2
AAATCGCTGACCAGAGACCG_010,145
AAATCGCTGACCAGAGACCG_011,87
AAATCGCTGACCAGAGACCG_012,107
AAATCGCTGACCAGAGACCG_013,9
AAATCGCTGACCAGAGACCG_014,91
AAATCGCTGACCAGAGACCG_015,66
AAATCGCTGACCAGAGACCG_016,186
AAATCGCTGACCAGAGACCG_017,88
AAATCGCTGACCAGAGACCG_018,102
AAATCGCTGACCAGAGACCG_019,198
AAATCGCTGACCAGAGACCG_020,194
AAATCGCTGACCAGAGACCG_021,24
AAATCGCTGACCAGAGACCG_022,55
AAATCGCTGACCAGAGACCG_023,199
AAATCGCTGACCAGAGACCG_024,41
AAATCGCTGACCAGAGACCG_025,27
AAATCGCTGACCAGAGACCG_026,129
AAATCGCTGACCAGAGACCG_027,99
AAATCGCTGACCAGAGACCG_028,152
AAATCGCTGACCAGAGACCG_029,39
AAATCGCTGACCAGAGACCG_030,76
AAATCGCTGACCAGAGACCG_031,41
GGCCCAGTATGACGCCGTCG_001,153
GGCCCAGTATGACGCCGTCG_002,52
CAAACCCGCTTTGAGTGAAG_001,124
CAAACCCGCTTTGAGTGAAG_002,160
CAAACCCGCTTTGAGTGAAG_003,141
CAAACCCGCTTTGAGTGAAG_004,84
CAAACCCGCTTTGAGTGAAG_005,152
CAAACCCGCTTTGAGTGAAG_006,3
CAAACCCGCTTTGAGTGAAG_007,94
CAAACCCGCTTTGAGTGAAG_008,14
CAAACCCGCTTTGAGTGAAG_009,156
CAAACCCGCTTTGAGTGAAG_010,13
CAAACCCGCTTTGAGTGAAG_011,155
CAAACCCGCTTTGAGTGAAG_012,174
CAAACCCGCTTTGAGTGAAG_013,133
GGTGGAAATTCCCGCCAACG_001,22
GGTGGAAATTCCCGCCAACG_002,129
GGTGGAAATTCCCGCCAACG_003,155
GGTGGAAATTCCCGCCAACG_004,49
GCCAAAAAGTGCTTTCACTG_001,60
GCCAAAAAGTGCTTTCACTG_002,60
GCCAAAAAGTGCTTTCACTG_003,51
GCCAAAAAGTGCTTTCACTG_004,94
GCCAAAAAGTGCTTTCACTG_005,50
GCCAAAAAGTGCTTTCACTG_006,169
GCCAAAAAGTGCTTTCACTG_007,194
GCCAAAAAGTGCTTTCACTG_008,174
GCCAAAAAGTGCTTTCACTG_009,41
GCCAAAAAGTGCTTTCACTG_010,51
GCCAAAAAGTGCTTTCACTG_011,56
GCCAAAAAGTGCTTTCACTG_012,141
GCCAAAAAGTGCTTTCACTG_013,147
GCCAAAAAGTGCTTTCACTG_014,3
GGAGAACGACCATATCCGTG_001,191
GGGACGTGCTAGCCGTGCCG_001,77
AAGCCTAATGGATGTCACCG_001,40
AAGCCTAATGGATGTCACCG_002,132
AAGCCTAATGGATGTCACCG_003,91
AAGCCTAATGGATGTCACCG_004,33
AAGCCTAATGGATGTCACCG_005,69
AAGCCTAATGGATGTCACCG_006,9
AAGCCTAATGGATGTCACCG_007,175
AAGCCTAATGGATGTCACCG_008,175
AAGCCTAATGGATGTCACCG_009,169
AAGCCTAATGGATGTCACCG_010,189
AAGCCTAATGGATGTCACCG_011,77
AAGCCTAATGGATGTCACCG_012,152
AAGCCTAATGGATGTCACCG_013,80
AAGCCTAATGGATGTCACCG_014,61
AAGCCTAATGGATGTCACCG_015,40
CAACATTGAAGATCGGACAC_001,123
CAACATTGAAGATCGGACAC_002,57
CAACATTGAAGATCGGACAC_003,60
CAACATTGAAGATCGGACAC_004,112
CAACATTGAAGATCGGACAC_005,127
CAACATTGAAGATCGGACAC_006,26
CAACATTGAAGATCGGACAC_007,177
CAACATTGAAGATCGGACAC_008,191
CAACATTGAAGATCGGACAC_009,147
CAACATTGAAGATCGGACAC_010,77
CAACATTGAAGATCGGACAC_011,9
CAACATTGAAGATCGGACAC_012,82
CAACATTGAAGATCGGACAC_013,186
CAACATTGAAGATCGGACAC_014,174
CAACATTGAAGATCGGACAC_015,86
CAACATTGAAGATCGGACAC_016,124
CAACATTGAAGATCGGACAC_017,124
CAACATTGAAGATCGGACAC_018,124
GTCACGGAGTACATGAGCAA_001,115
GTCACGGAGTACATGAGCAA_002,149
GTCACGGAGTACATGAGCAA_003,9
GTCACGGAGTACATGAGCAA_004,2
GTCACGGAGTACATGAGCAA_005,190
AAAGTCGAAACCCACGATGA_001,2
AAAGTCGAAACCCACGATGA_002,133
AAAGTCGAAACCCACGATGA_003,102
AAAGTCGAAACCCACGATGA_004,12
AGCAATGGCCCGGCTACTAG_001,60
AGCAATGGCCCGGCTACTAG_002,57
AGCAATGGCCCGGCTACTAG_003,168
AGCAATGGCCCGGCTACTAG_004,151
AGCAATGGCCCGGCTACTAG_005,19
CAAAAGTGACCACTAACCAG_001,195
CAAAAGTGACCACTAACCAG_002,77
CAAAAGTGACCACTAACCAG_003,36
CAAAAGTGACCACTAACCAG_004,102
CAAAAGTGACCACTAACCAG_005,106
AAGTCTGGTCTGATTGTGCG_001,150
ATTGACACACCGCCACTCCT_001,7
ATTGACACACCGCCACTCCT_002,7
ATTGACACACCGCCACTCCT_003,42
ATTGACACACCGCCACTCCT_004,175
ATTGACACACCGCCACTCCT_005,16
ATTGACACACCGCCACTCCT_006,54
ATTGACACACCGCCACTCCT_007,41
ATTGACACACCGCCACTCCT_008,100
ATTGACACACCGCCACTCCT_009,105
ATTGACACACCGCCACTCCT_010,159
ATTGACACACCGCCACTCCT_011,161
ATTGACACACCGCCACTCCT_012,161
ATTGACACACCGCCACTCCT_013,75
ATTGACACACCGCCACTCCT_014,114
ATTGACACACCGCCACTCCT_015,45
ATTGACACACCGCCACTCCT_016,148
ATTGACACACCGCCACTCCT_017,23
ATTGACACACCGCCACTCCT_018,1
ATTGACACACCGCCACTCCT_019,16
ATTGACACACCGCCACTCCT_020,52
ATTGACACACCGCCACTCCT_021,17
ATTGACACACCGCCACTCCT_022,199
ATTGACACACCGCCACTCCT_023,15
ATTGACACACCGCCACTCCT_024,105
ATTGACACACCGCCACTCCT_025,185
ATTGACACACCGCCACTCCT_026,169
ATTGACACACCGCCACTCCT_027,106
ATTGACACACCGCCACTCCT_028,4
ATTGACACACCGCCACTCCT_029,168
ATTGACACACCGCCACTCCT_030,138
ATTGACACACCGCCACTCCT_031,106
ATTGACACACCGCCACTCCT_032,65
ATTGACACACCGCCACTCCT_033,148
ATTGACACACCGCCACTCCT_034,1
ATTGACACACCGCCACTCCT_035,191
ATTGACACACCGCCACTCCT_036,158
ATTGACACACCGCCACTCCT_037,75
AGCAGTGCGTCCTACCCGGA_001,27
AGCAGTGCGTCCTACCCGGA_002,168
AGCAGTGCGTCCTACCCGGA_003,154
AGCAGTGCGTCCTACCCGGA_004,58
AGCAGTGCGTCCTACCCGGA_005,77
AGCAGTGCGTCCTACCCGGA_006,89
CCAGGCGCCACTCGTACCTG_001,124
CCAGGCGCCACTCGTACCTG_002,65
CCAGGCGCCACTCGTACCTG_003,41
CCAGGCGCCACTCGTACCTG_004,97
CCAGGCGCCACTCGTACCTG_005,181
CCAGGCGCCACTCGTACCTG_006,108
CCAGGCGCCACTCGTACCTG_007,73
CCAGGCGCCACTCGTACCTG_008,16
CCAGGCGCCACTCGTACCTG_009,5
CCAGGCGCCACTCGTACCTG_010,166
CCAGTGGGCAATAAACCGAG_001,119
CCAGTGGGCAATAAACCGAG_002,58
CCAGTGGGCAATAAACCGAG_003,158
CCAGTGGGCAATAAACCGAG_004,160
CCAGTGGGCAATAAACCGAG_005,197
CCAGTGGGCAATAAACCGAG_006,175
CCAGTGGGCAATAAACCGAG_007,169
CACGACGTGAATCATGACAT_001,76
CACGACGTGAATCATGACAT_002,56
CACGACGTGAATCATGACAT_003,158
CACGACGTGAATCATGACAT_004,50
CACGACGTGAATCATGACAT_005,66
CACGACGTGAATCATGACAT_006,41
GATGCCACATCTGCGTGACG_001,72
GATGCCACATCTGCGTGACG_002,169
GATGCCACATCTGCGTGACG_003,169
GCTCAGGCCCAAGTACCGAG_001,120
GCTCAGGCCCAAGTACCGAG_002,196
GCTCAGGCCCAAGTACCGAG_003,192
GCTCAGGCCCAAGTACCGAG_004,187
GCTCAGGCCCAAGTACCGAG_005,9
GCTCAGGCCCAAGTACCGAG_006,199
GCTCAGGCCCAAGTACCGAG_007,158
GCTCAGGCCCAAGTACCGAG_008,104
GCTCAGGCCCAAGTACCGAG_009,35
GCTCAGGCCCAAGTACCGAG_010,58
GCTCAGGCCCAAGTACCGAG_011,52
GCTCAGGCCCAAGTACCGAG_012,134
GCTCAGGCCCAAGTACCGAG_013,86
GCTCAGGCCCAAGTACCGAG_014,94
GCTCAGGCCCAAGTACCGAG_015,147
GCTCAGGCCCAAGTACCGAG_016,142
GCTCAGGCCCAAGTACCGAG_017,35
GCTCAGGCCCAAGTACCGAG_018,16
AACCTTTCATGGTCCTAGCA_001,9
AACCTTTCATGGTCCTAGCA_002,149
AACCTTTCATGGTCCTAGCA_003,162
AACCTTTCATGGTCCTAGCA_004,197
AACCTTTCATGGTCCTAGCA_005,83
AACCTTTCATGGTCCTAGCA_006,175
AACCTTTCATGGTCCTAGCA_007,149
AACCTTTCATGGTCCTAGCA_008,18
AACCTTTCATGGTCCTAGCA_009,12
GAATTGCTAGTTAAAACGCC_001,184
TAGGCCCAGCAGGCGAAGCT_001,78
TAGGCCCAGCAGGCGAAGCT_002,13
TAGGCCCAGCAGGCGAAGCT_003,27
TAGGCCCAGCAGGCGAAGCT_004,195
TAGGCCCAGCAGGCGAAGCT_005,50
TAGGCCCAGCAGGCGAAGCT_006,76
TAGGCCCAGCAGGCGAAGCT_007,12
TAGGCCCAGCAGGCGAAGCT_008,191
TAGGCCCAGCAGGCGAAGCT_009,88
TAGGCCCAGCAGGCGAAGCT_010,184
TAGGCCCAGCAGGCGAAGCT_011,2
TAGGCCCAGCAGGCGAAGCT_012,2
TAGGCCCAGCAGGCGAAGCT_013,152
TAGGCCCAGCAGGCGAAGCT_014,81
TGAGAATGGCACCAGCCTGA_001,198
TGAGAATGGCACCAGCCTGA_002,147
TGAGAATGGCACCAGCCTGA_003,61
TGAGAATGGCACCAGCCTGA_004,66
TGAGAATGGCACCAGCCTGA_005,98
TGAGAATGGCACCAGCCTGA_006,147
TTGAACAATAGCTTCTAGAG_001,50
TTGAACAATAGCTTCTAGAG_002,81
TTGAACAATAGCTTCTAGAG_003,61
TTGAACAATAGCTTCTAGAG_004,199
GTCTTCGAGAGGATGTCATG_001,55
GTCTTCGAGAGGATGTCATG_002,20
GTCTTCGAGAGGATGTCATG_003,104
GTCTTCGAGAGGATGTCATG_004,107
GTCTTCGAGAGGATGTCATG_005,1
GTCTTCGAGAGGATGTCATG_006,81
GTCTTCGAGAGGATGTCATG_007,9
GTCTTCGAGAGGATGTCATG_008,94
CACCAGTGTCCGGGACATGT_001,26
CACCAGTGTCCGGGACATGT_002,192
CACCAGTGTCCGGGACATGT_003,45
CACCAGTGTCCGGGACATGT_004,120
CACCAGTGTCCGGGACATGT_005,149
CACCAGTGTCCGGGACATGT_006,168
CACCAGTGTCCGGGACATGT_007,105
CACCAGTGTCCGGGACATGT_008,191
GAGACAGCTGAAGCGTGTTG_001,198
GAGACAGCTGAAGCGTGTTG_002,189
GAGACAGCTGAAGCGTGTTG_003,198
GAGACAGCTGAAGCGTGTTG_004,18
GAGACAGCTGAAGCGTGTTG_005,4
GAGACAGCTGAAGCGTGTTG_006,182
GAGACAGCTGAAGCGTGTTG_007,66
GAGACAGCTGAAGCGTGTTG_008,35
CATCCCGGGAGAGAGAACGC_001,133
CATCCCGGGAGAGAGAACGC_002,4
CATCCCGGGAGAGAGAACGC_003,5
CATCCCGGGAGAGAGAACGC_004,96
CATCCCGGGAGAGAGAACGC_005,22
CATCCCGGGAGAGAGAACGC_006,49
CATCCCGGGAGAGAGAACGC_007,29
CATCCCGGGAGAGAGAACGC_008,7
CATCCCGGGAGAGAGAACGC_009,50
CATCCCGGGAGAGAGAACGC_010,108
AAATGTAGGAGACCCCAATG_001,120
AAATGTAGGAGACCCCAATG_002,49
AAATGTAGGAGACCCCAATG_003,106
AAATGTAGGAGACCCCAATG_004,70
TGGCCCTGCACGCACCATCG_001,1
TGGCCCTGCACGCACCATCG_002,88
TGGCCCTGCACGCACCATCG_003,50
TGGCCCTGCACGCACCATCG_004,150
TGGCCCTGCACGCACCATCG_005,41
TGGCCCTGCACGCACCATCG_006,76
TGGCCCTGCACGCACCATCG_007,102
TGGCCCTGCACGCACCATCG_008,144
TGGCCCTGCACGCACCATCG_009,171
TGGCCCTGCACGCACCATCG_010,53
TGGCCCTGCACGCACCATCG_011,11
TGGCCCTGCACGCACCATCG_012,176
TGGCCCTGCACGCACCATCG_013,198
TGGCCCTGCACGCACCATCG_014,81
TGGCCCTGCACGCACCATCG_015,160
TGGCCCTGCACGCACCATCG_016,103
TGGCCCTGCACGCACCATCG_017,66
TGGCCCTGCACGCACCATCG_018,177
TGGCCCTGCACGCACCATCG_019,42
TGGCCCTGCACGCACCATCG_020,1
TGGCCCTGCACGCACCATCG_021,88
TGGCCCTGCACGCACCATCG_022,128
TGGCCCTGCACGCACCATCG_023,177
TGGCCCTGCACGCACCATCG_024,64
GAAATTCTCCAACAACAACG_001,141
TGGGCCACGATGACGATGGT_001,147
TGGGCCACGATGACGATGGT_002,133
TGGGCCACGATGACGATGGT_003,57
AGCTTACTAGATAAGATCTG_001,154
AGCTTACTAGATAAGATCTG_002,166
AGCTTACTAGATAAGATCTG_003,156
ACCATCCAGAGCGCCAAGCT_001,45
ACCATCCAGAGCGCCAAGCT_002,58
ACCATCCAGAGCGCCAAGCT_003,69
ACCATCCAGAGCGCCAAGCT_004,50
ACCATCCAGAGCGCCAAGCT_005,35
ACCATCCAGAGCGCCAAGCT_006,71
ACCATCCAGAGCGCCAAGCT_007,112
ACCATCCAGAGCGCCAAGCT_008,54
ACCATCCAGAGCGCCAAGCT_009,52
ACCATCCAGAGCGCCAAGCT_010,77
ACCATCCAGAGCGCCAAGCT_011,110
ACCATCCAGAGCGCCAAGCT_012,135
ACCATCCAGAGCGCCAAGCT_013,108
ACCATCCAGAGCGCCAAGCT_014,70
ACCATCCAGAGCGCCAAGCT_015,41
ACCATCCAGAGCGCCAAGCT_016,177
ACCATCCAGAGCGCCAAGCT_017,90
ACCATCCAGAGCGCCAAGCT_018,171
ACCATCCAGAGCGCCAAGCT_019,41
ACCATCCAGAGCGCCAAGCT_020,176
ACCATCCAGAGCGCCAAGCT_021,145
ACCATCCAGAGCGCCAAGCT_022,137
ACCATCCAGAGCGCCAAGCT_023,142
ACCATCCAGAGCGCCAAGCT_024,107
ACCATCCAGAGCGCCAAGCT_025,148
ACCATCCAGAGCGCCAAGCT_026,119
ACCATCCAGAGCGCCAAGCT_027,117
AGAAAGTCAGCGTTACACAA_001,92
AGAAAGTCAGCGTTACACAA_002,120
AGAAAGTCAGCGTTACACAA_003,41
AGAAAGTCAGCGTTACACAA_004,105
AGAAAGTCAGCGTTACACAA_005,127
AGAAAGTCAGCGTTACACAA_006,15
AGAAAGTCAGCGTTACACAA_007,96
AGAAAGTCAGCGTTACACAA_008,23
AGAAAGTCAGCGTTACACAA_009,98
AGAAAGTCAGCGTTACACAA_010,170
AGAAAGTCAGCGTTACACAA_011,171
AGAAAGTCAGCGTTACACAA_012,158
AGAAAGTCAGCGTTACACAA_013,122
AGAAAGTCAGCGTTACACAA_014,78
AGAAAGTCAGCGTTACACAA_015,191
AGAAAGTCAGCGTTACACAA_016,72
AGAAAGTCAGCGTTACACAA_017,88
AGAAAGTCAGCGTTACACAA_018,148
AGAAAGTCAGCGTTACACAA_019,58
AGAAAGTCAGCGTTACACAA_020,197
AGAAAGTCAGCGTTACACAA_021,75
AGAAAGTCAGCGTTACACAA_022,1
AGAAAGTCAGCGTTACACAA_023,142
AGAAAGTCAGCGTTACACAA_024,129
AGAAAGTCAGCGTTACACAA_025,77
AGAAAGTCAGCGTTACACAA_026,58
AGAAAGTCAGCGTTACACAA_027,137
ACAGAGAGTCTCACTCAAAG_001,194
ACAGAGAGTCTCACTCAAAG_002,77
ACAGAGAGTCTCACTCAAAG_003,19
ACAGAGAGTCTCACTCAAAG_004,52
ACAGAGAGTCTCACTCAAAG_005,86
ACAGAGAGTCTCACTCAAAG_006,78
ACAGAGAGTCTCACTCAAAG_007,78
ACAGAGAGTCTCACTCAAAG_008,31
ACAGAGAGTCTCACTCAAAG_009,186
ACAGAGAGTCTCACTCAAAG_010,115
ACAGAGAGTCTCACTCAAAG_011,33
ATCATCCTACCCGAGATGGT_001,86
TGTGACGTTATGTATGACCA_001,73
TGTGACGTTATGTATGACCA_002,15
TGTGACGTTATGTATGACCA_003,145
TGTGACGTTATGTATGACCA_004,2
TGTGACGTTATGTATGACCA_005,76
TGTGACGTTATGTATGACCA_006,179
TGTGACGTTATGTATGACCA_007,41
TGTGACGTTATGTATGACCA_008,103
TGTGACGTTATGTATGACCA_009,130
TGTGACGTTATGTATGACCA_010,153
TGTGACGTTATGTATGACCA_011,107
TGTGACGTTATGTATGACCA_012,69
TGTGACGTTATGTATGACCA_013,52
TGTGACGTTATGTATGACCA_014,60
CGGCACAGCAGAGCCACACA_001,175
CGGCACAGCAGAGCCACACA_002,188
CGGCACAGCAGAGCCACACA_003,142
CGGCACAGCAGAGCCACACA_004,166
CGGCACAGCAGAGCCACACA_005,62
CGGCACAGCAGAGCCACACA_006,59
CGGCACAGCAGAGCCACACA_007,197
CGGCACAGCAGAGCCACACA_008,112
CGGCACAGCAGAGCCACACA_009,184
CGGCACAGCAGAGCCACACA_010,1
CGGCACAGCAGAGCCACACA_011,76
CGGCACAGCAGAGCCACACA_012,58
CGGCACAGCAGAGCCACACA_013,1
CGGCACAGCAGAGCCACACA_014,35
CGGCACAGCAGAGCCACACA_015,168
CGGCACAGCAGAGCCACACA_016,60
CGGCACAGCAGAGCCACACA_017,117
CGGCACAGCAGAGCCACACA_018,70
CGGCACAGCAGAGCCACACA_019,41
CGGCACAGCAGAGCCACACA_020,115
CGGCACAGCAGAGCCACACA_021,9
CGGCACAGCAGAGCCACACA_022,131
CGGCACAGCAGAGCCACACA_023,81
CGGCACAGCAGAGCCACACA_024,37
GACATAGCGGTGGAGGCCTG_001,149
GACATAGCGGTGGAGGCCTG_002,144
GACATAGCGGTGGAGGCCTG_003,81
GACATAGCGGTGGAGGCCTG_004,34
GACATAGCGGTGGAGGCCTG_005,127
GACATAGCGGTGGAGGCCTG_006,60
GACATAGCGGTGGAGGCCTG_007,147
GACATAGCGGTGGAGGCCTG_008,3
GACATAGCGGTGGAGGCCTG_009,1
TAGTGTAATTCTGTCCCTAG_001,167
TAGTGTAATTCTGTCCCTAG_002,167
GGTGCCATTGTCATAGACAG_001,70
GGTGCCATTGTCATAGACAG_002,65
GGTGCCATTGTCATAGACAG_003,68
GGTGCCATTGTCATAGACAG_004,156
TCTGCATCAGTATAGAAACA_001,62
TCTGCATCAGTATAGAAACA_002,104
GACCCGTAGGGAGAACGGTG_001,89
GACCCGTAGGGAGAACGGTG_002,157
GACCCGTAGGGAGAACGGTG_003,173
GACCCGTAGGGAGAACGGTG_004,191
GACCCGTAGGGAGAACGGTG_005,177
GACCCGTAGGGAGAACGGTG_006,88
GACCCGTAGGGAGAACGGTG_007,19
GACCCGTAGGGAGAACGGTG_008,70
GACCCGTAGGGAGAACGGTG_009,58
GACCCGTAGGGAGAACGGTG_010,121
GACCCGTAGGGAGAACGGTG_011,121
GACCCGTAGGGAGAACGGTG_012,143
GACCCGTAGGGAGAACGGTG_013,143
GACCCGTAGGGAGAACGGTG_014,173
GACCCGTAGGGAGAACGGTG_015,173
CCTTACCGCTGTAGAGCCAG_001,129
CCTTACCGCTGTAGAGCCAG_002,23
CCTTACCGCTGTAGAGCCAG_003,47
CCTTACCGCTGTAGAGCCAG_004,107
CCTTACCGCTGTAGAGCCAG_005,166
CCTTACCGCTGTAGAGCCAG_006,172
CCTTACCGCTGTAGAGCCAG_007,9
CCTTACCGCTGTAGAGCCAG_008,128
ATATGTGTTGCCAATACATT_001,105
ATATGTGTTGCCAATACATT_002,1
ATATGTGTTGCCAATACATT_003,125
ATATGTGTTGCCAATACATT_004,168
TCTGGCGGCTCTCATACAGG_001,32
TCTGGCGGCTCTCATACAGG_002,177
TCTGGCGGCTCTCATACAGG_003,128
AGCAGCTGACTTGCTAGTCA_001,45
AGCAGCTGACTTGCTAGTCA_002,160
AGCAGCTGACTTGCTAGTCA_003,126
AGCAGCTGACTTGCTAGTCA_004,111
AGCAGCTGACTTGCTAGTCA_005,57
AGCAGCTGACTTGCTAGTCA_006,153
AGCAGCTGACTTGCTAGTCA_007,70
AGCAGCTGACTTGCTAGTCA_008,153
AGCAGCTGACTTGCTAGTCA_009,185
AGCAGCTGACTTGCTAGTCA_010,98
AGCAGCTGACTTGCTAGTCA_011,14
AGCAGCTGACTTGCTAGTCA_012,67
AGCAGCTGACTTGCTAGTCA_013,158
AGCAGCTGACTTGCTAGTCA_014,59
AGCAGCTGACTTGCTAGTCA_015,32
AGCAGCTGACTTGCTAGTCA_016,49
AGCAGCTGACTTGCTAGTCA_017,116
AGCAGCTGACTTGCTAGTCA_018,189
AGCAGCTGACTTGCTAGTCA_019,83
AGCAGCTGACTTGCTAGTCA_020,172
AGCAGCTGACTTGCTAGTCA_021,168
AGCAGCTGACTTGCTAGTCA_022,89
AGCAGCTGACTTGCTAGTCA_023,34
AGCAGCTGACTTGCTAGTCA_024,67
AGCCAGGGAGAAATCCACCC_001,146
TAAAACGGGAACTTGTGAGG_001,12
TAAAACGGGAACTTGTGAGG_002,157
TAAAACGGGAACTTGTGAGG_003,150
TAAAACGGGAACTTGTGAGG_004,85
TAAAACGGGAACTTGTGAGG_005,34
TCCAGCTTATAACCACACAA_001,156
TCCAGCTTATAACCACACAA_002,156
TCCAGCTTATAACCACACAA_003,137
TCCAGCTTATAACCACACAA_004,35
TCCAGCTTATAACCACACAA_005,134
TCCAGCTTATAACCACACAA_006,138
ATGAGACCTACCACCAGCAG_001,7
ATGAGACCTACCACCAGCAG_002,29
ATGAGACCTACCACCAGCAG_003,76
ATGAGACCTACCACCAGCAG_004,84
ATGAGACCTACCACCAGCAG_005,7
ATGAGACCTACCACCAGCAG_006,9
AGTACCGTGTCACCACGTAA_001,42
AGTACCGTGTCACCACGTAA_002,175
AGTACCGTGTCACCACGTAA_003,77
AGTACCGTGTCACCACGTAA_004,144
AGTACCGTGTCACCACGTAA_005,33
CATGTCGCTCTCGTTGACCA_001,138
GCAGAAGAGTGCGCTCAGAG_001,67
GCAGAAGAGTGCGCTCAGAG_002,106
GCAGAAGAGTGCGCTCAGAG_003,141
GGGCACAGACCAATGCCGAC_001,62
GGGCACAGACCAATGCCGAC_002,26
GGGCACAGACCAATGCCGAC_003,198
GGGCACAGACCAATGCCGAC_004,29
GGGCACAGACCAATGCCGAC_005,38
GGGCACAGACCAATGCCGAC_006,102
GGGCACAGACCAATGCCGAC_007,82
GGGCACAGACCAATGCCGAC_008,17
GGGCACAGACCAATGCCGAC_009,50
GGGCACAGACCAATGCCGAC_010,60
GGGCACAGACCAATGCCGAC_011,142
GGGCACAGACCAATGCCGAC_012,178
GGGCACAGACCAATGCCGAC_013,94
GGGCACAGACCAATGCCGAC_014,184
GGGCACAGACCAATGCCGAC_015,26
GGGCACAGACCAATGCCGAC_016,4
GTGGACATTCCTGCACACGA_001,147
ACGACTGAAAACCCAAATGA_001,174
ACGACTGAAAACCCAAATGA_002,9
ACGACTGAAAACCCAAATGA_003,53
AGGGACACCGAGTGACACGC_001,191
AGGGACACCGAGTGACACGC_002,124
AGGGACACCGAGTGACACGC_003,83
AGGGACACCGAGTGACACGC_004,75
AGGGACACCGAGTGACACGC_005,119
AGGGACACCGAGTGACACGC_006,59
AGGGACACCGAGTGACACGC_007,56
AGGGACACCGAGTGACACGC_008,68
AGGGACACCGAGTGACACGC_009,101
AGGGACACCGAGTGACACGC_010,171
AGGGACACCGAGTGACACGC_011,175
AGGGACACCGAGTGACACGC_012,3
AGGGACACCGAGTGACACGC_013,104
AGGGACACCGAGTGACACGC_014,140
AGGGACACCGAGTGACACGC_015,72
AGGGACACCGAGTGACACGC_016,8
AGGGACACCGAGTGACACGC_017,142
AGGGACACCGAGTGACACGC_018,33
CCTGGAGAGACTCATACGGG_001,15
CCTGGAGAGACTCATACGGG_002,29
CCTGGAGAGACTCATACGGG_003,174
CCTGGAGAGACTCATACGGG_004,49
CCTGGAGAGACTCATACGGG_005,26
CCTGGAGAGACTCATACGGG_006,108
CCTGGAGAGACTCATACGGG_007,19
CCTGGAGAGACTCATACGGG_008,130
CCTGGAGAGACTCATACGGG_009,47
CCTGGAGAGACTCATACGGG_010,144
GCAACTAGGATGTCCTCATG_001,129
GCAACTAGGATGTCCTCATG_002,60
GCCTTTAAGATATCCACACG_001,150
GCCTTTAAGATATCCACACG_002,58
GCCTTTAAGATATCCACACG_003,81
TTCTGAATATCTGCATTGCG_001,134
GGGATGTAGACGTAGCCGTA_001,46
GGGATGTAGACGTAGCCGTA_002,166
GGGATGTAGACGTAGCCGTA_003,55
GGGATGTAGACGTAGCCGTA_004,72
GGGATGTAGACGTAGCCGTA_005,72
GGGATGTAGACGTAGCCGTA_006,154
GGGATGTAGACGTAGCCGTA_007,101
GGGATGTAGACGTAGCCGTA_008,165
GGGATGTAGACGTAGCCGTA_009,89
GGGATGTAGACGTAGCCGTA_010,19
GGGATGTAGACGTAGCCGTA_011,48
GGGATGTAGACGTAGCCGTA_012,76
GGGATGTAGACGTAGCCGTA_013,84
AGTGCAGTACAAAATGTTGA_001,112
AGTGCAGTACAAAATGTTGA_002,19
AGTGCAGTACAAAATGTTGA_003,68
AGTGCAGTACAAAATGTTGA_004,88
AGTGCAGTACAAAATGTTGA_005,137
AGTGCAGTACAAAATGTTGA_006,194
AGTGCAGTACAAAATGTTGA_007,82
AGTGCAGTACAAAATGTTGA_008,178
AGTGCAGTACAAAATGTTGA_009,50
GGACAATGCAATGCCCAAAG_001,12
GGACAATGCAATGCCCAAAG_002,158
GGACAATGCAATGCCCAAAG_003,82
GCAGCTCACGGGCAGGCACA_001,147
GCAGCTCACGGGCAGGCACA_002,106
GCAGCTCACGGGCAGGCACA_003,97
GCAGCTCACGGGCAGGCACA_004,157
GCAGCTCACGGGCAGGCACA_005,55
GCAGCTCACGGGCAGGCACA_006,29
GCAGCTCACGGGCAGGCACA_007,30
GCAGCTCACGGGCAGGCACA_008,30
GCAGCTCACGGGCAGGCACA_009,199
GCAGCTCACGGGCAGGCACA_010,146
GCAGCTCACGGGCAGGCACA_011,27
GCAGCTCACGGGCAGGCACA_012,46
GCAGCTCACGGGCAGGCACA_013,34
GCAGCTCACGGGCAGGCACA_014,136
GCAGCTCACGGGCAGGCACA_015,13
GCAGCTCACGGGCAGGCACA_016,115
GCAGCTCACGGGCAGGCACA_017,9
AATATTAAACCAAATCTGGG_001,4
AATATTAAACCAAATCTGGG_002,96
AATATTAAACCAAATCTGGG_003,127
AATATTAAACCAAATCTGGG_004,32
AATATTAAACCAAATCTGGG_005,33
AATATTAAACCAAATCTGGG_006,138
AATATTAAACCAAATCTGGG_007,9
AATATTAAACCAAATCTGGG_008,198
AATATTAAACCAAATCTGGG_009,42
AATATTAAACCAAATCTGGG_010,91
AATATTAAACCAAATCTGGG_011,174
AATATTAAACCAAATCTGGG_012,113
CAACATAATGGTGTGGAACG_001,34
CAACATAATGGTGTGGAACG_002,186
CAACATAATGGTGTGGAACG_003,88
TCCCTGTGCAATTACCTCAG_001,134
TCCCTGTGCAATTACCTCAG_002,102
TCCCTGTGCAATTACCTCAG_003,185
TCCCTGTGCAATTACCTCAG_004,42
TCCCTGTGCAATTACCTCAG_005,42
TCCCTGTGCAATTACCTCAG_006,127
ACTTAATGAACAAGCCAGTG_001,155
ACTTAATGAACAAGCCAGTG_002,184
ACTTAATGAACAAGCCAGTG_003,115
ACTTAATGAACAAGCCAGTG_004,41
GAAGACAAGGATAATCCTAG_001,82
GAAGACAAGGATAATCCTAG_002,16
GAAGACAAGGATAATCCTAG_003,184
GTGGTTCAACCCATAAGCAG_001,19
GTGGTTCAACCCATAAGCAG_002,181
GTGGTTCAACCCATAAGCAG_003,137
GTGGTTCAACCCATAAGCAG_004,50
GTGGTTCAACCCATAAGCAG_005,19
GTGGTTCAACCCATAAGCAG_006,151
GTGGTTCAACCCATAAGCAG_007,129
GTGGTTCAACCCATAAGCAG_008,130
GTGGTTCAACCCATAAGCAG_009,116
GTGGTTCAACCCATAAGCAG_010,148
GTGGTTCAACCCATAAGCAG_011,67
GTGGTTCAACCCATAAGCAG_012,178
TACAGCTGACAAATATCACG_001,104
CTCGGCGACAGGAGAATCGG_001,49
CTCGGCGACAGGAGAATCGG_002,49
CTCGGCGACAGGAGAATCGG_003,15
CTCGGCGACAGGAGAATCGG_004,171
CTCGGCGACAGGAGAATCGG_005,93
CTCGGCGACAGGAGAATCGG_006,86
CTCGGCGACAGGAGAATCGG_007,192
CTCGGCGACAGGAGAATCGG_008,12
CTCGGCGACAGGAGAATCGG_009,184
CTCGGCGACAGGAGAATCGG_010,153
CTCGGCGACAGGAGAATCGG_011,12
CTCGGCGACAGGAGAATCGG_012,14
CTCGGCGACAGGAGAATCGG_013,142
CTCGGCGACAGGAGAATCGG_014,178
CTCGGCGACAGGAGAATCGG_015,111
AAAGATGATGAGCTCAAACA_001,160
AAAGATGATGAGCTCAAACA_002,21
AAAGATGATGAGCTCAAACA_003,107
AAAGATGATGAGCTCAAACA_004,63
AAAGATGATGAGCTCAAACA_005,19
AAAGATGATGAGCTCAAACA_006,184
CCAATCAGATGCAGAGAATG_001,107
CCAATCAGATGCAGAGAATG_002,7
CCAATCAGATGCAGAGAATG_003,133
CCAATCAGATGCAGAGAATG_004,156
CCAATCAGATGCAGAGAATG_005,69
CCAATCAGATGCAGAGAATG_006,89
CCAATCAGATGCAGAGAATG_007,152
CCAATCAGATGCAGAGAATG_008,29
CCAATCAGATGCAGAGAATG_009,118
CCAATCAGATGCAGAGAATG_010,161
CCAATCAGATGCAGAGAATG_011,84
CCAATCAGATGCAGAGAATG_012,49
GTGGGGTCGTTCCACCACAG_001,84
GTGGGGTCGTTCCACCACAG_002,49
GTGGGGTCGTTCCACCACAG_003,33
GTGGGGTCGTTCCACCACAG_004,144
GTGGGGTCGTTCCACCACAG_005,20
GTGGGGTCGTTCCACCACAG_006,58
GTGGGGTCGTTCCACCACAG_007,103
GTGGGGTCGTTCCACCACAG_008,166
GTGGGGTCGTTCCACCACAG_009,22
GTGCCTCTGCCATGACATAG_001,179
GTGCCTCTGCCATGACATAG_002,162
GTGCCTCTGCCATGACATAG_003,170
GTGCCTCTGCCATGACATAG_004,113
GTGCCTCTGCCATGACATAG_005,156
GTGCCTCTGCCATGACATAG_006,85
GTGCCTCTGCCATGACATAG_007,78
GTGCCTCTGCCATGACATAG_008,161
GTGCCTCTGCCATGACATAG_009,72
GTGCCTCTGCCATGACATAG_010,18
GTGCCTCTGCCATGACATAG_011,174
GTGCCTCTGCCATGACATAG_012,46
GTGCCTCTGCCATGACATAG_013,127
GTGCCTCTGCCATGACATAG_014,69
GTGCCTCTGCCATGACATAG_015,3
GTGCCTCTGCCATGACATAG_016,168
GTGCCTCTGCCATGACATAG_017,69
CAGACCAGGGAATCCGGACC_001,48
CAGACCAGGGAATCCGGACC_002,9
CAGACCAGGGAATCCGGACC_003,191
CAGACCAGGGAATCCGGACC_004,42
CAGACCAGGGAATCCGGACC_005,197
CAGACCAGGGAATCCGGACC_006,72
CAGACCAGGGAATCCGGACC_007,78
CAGACCAGGGAATCCGGACC_008,116
CAGACCAGGGAATCCGGACC_009,149
CAGACCAGGGAATCCGGACC_010,81
CAGACCAGGGAATCCGGACC_011,148
CAGACCAGGGAATCCGGACC_012,157
CAGACCAGGGAATCCGGACC_013,127
CAGACCAGGGAATCCGGACC_014,29
CAGACCAGGGAATCCGGACC_015,172
CAGACCAGGGAATCCGGACC_016,27
CAGACCAGGGAATCCGGACC_017,40
CAGACCAGGGAATCCGGACC_018,88
CAGACCAGGGAATCCGGACC_019,16
CAGACCAGGGAATCCGGACC_020,30
CAGACCAGGGAATCCGGACC_021,148
CAGACCAGGGAATCCGGACC_022,142
TCTGGCACTGATACTCAAGG_001,46
TCTGGCACTGATACTCAAGG_002,171
TCTGGCACTGATACTCAAGG_003,107
TCTGGCACTGATACTCAAGG_004,115
TCTGGCACTGATACTCAAGG_005,45
TCTGGCACTGATACTCAAGG_006,28
ACAGCTCGGAAATCCACCGG_001,93
ACAGCTCGGAAATCCACCGG_002,11
ACAGCTCGGAAATCCACCGG_003,51
CCATCATAGTCAAAAATTCG_001,60
CCATCATAGTCAAAAATTCG_002,113
CCATCATAGTCAAAAATTCG_003,102
TTTATAACAACCGCTATGCT_001,12
TTTATAACAACCGCTATGCT_002,139
TTTATAACAACCGCTATGCT_003,24
TTTATAACAACCGCTATGCT_004,20
TTTATAACAACCGCTATGCT_005,157
GAAGGTGGTATCCCCCAGAG_001,12
GAAGGTGGTATCCCCCAGAG_002,88
GAAGGTGGTATCCCCCAGAG_003,1
GAAGGTGGTATCCCCCAGAG_004,141
GAAGGTGGTATCCCCCAGAG_005,161
GAAGGTGGTATCCCCCAGAG_006,124
GAAGGTGGTATCCCCCAGAG_007,165
GAAGGTGGTATCCCCCAGAG_008,142
GAATGACTGTATTATCCGAG_001,102
ACGGGGAGTCTACCCGAAGT_001,76
ACGGGGAGTCTACCCGAAGT_002,15
ACGGGGAGTCTACCCGAAGT_003,146
ACGGGGAGTCTACCCGAAGT_004,56
GGTGCCTGGGGAATCTACGT_001,63
GGTGCCTGGGGAATCTACGT_002,83
GGTGCCTGGGGAATCTACGT_003,40
GGTGCCTGGGGAATCTACGT_004,40
GGTGCCTGGGGAATCTACGT_005,78
GGTGCCTGGGGAATCTACGT_006,80
GGTGCCTGGGGAATCTACGT_007,122
GGTGCCTGGGGAATCTACGT_008,10
GGTGCCTGGGGAATCTACGT_009,0
GGTGCCTGGGGAATCTACGT_010,50
GGTGCCTGGGGAATCTACGT_011,83
GGTGCCTGGGGAATCTACGT_012,16
AAAAGGGGACGATGGACATG_001,19
AAAAGGGGACGATGGACATG_002,139
AAAAGGGGACGATGGACATG_003,15
AAAAGGGGACGATGGACATG_004,129
AAAAGGGGACGATGGACATG_005,146
AAAAGGGGACGATGGACATG_006,76
AAAAGGGGACGATGGACATG_007,128
GCACAACTATGACACACACG_001,97
CTTCCTGCAAGACTTGTGAG_001,188
CTTCCTGCAAGACTTGTGAG_002,47
CTTCCTGCAAGACTTGTGAG_003,140
CTTCCTGCAAGACTTGTGAG_004,61
CTTCCTGCAAGACTTGTGAG_005,80
CTTCCTGCAAGACTTGTGAG_006,146
CTTCCTGCAAGACTTGTGAG_007,188
CTTCCTGCAAGACTTGTGAG_008,66
CTTCCTGCAAGACTTGTGAG_009,78
CTTCCTGCAAGACTTGTGAG_010,28
CTTCCTGCAAGACTTGTGAG_011,187
AAAACCAACTGTTATCAAGA_001,51
AAAACCAACTGTTATCAAGA_002,116
AAAACCAACTGTTATCAAGA_003,191
AAAACCAACTGTTATCAAGA_004,55
AAAACCAACTGTTATCAAGA_005,88
AAAACCAACTGTTATCAAGA_006,168
GGAAGGCACCCAGATCCGGA_001,129
GGAAGGCACCCAGATCCGGA_002,121
GGAAGGCACCCAGATCCGGA_003,152
GGAAGGCACCCAGATCCGGA_004,70
GGAAGGCACCCAGATCCGGA_005,48
AAATGCGCCCCGAGACACCG_001,169
AAATGCGCCCCGAGACACCG_002,25
AAATGCGCCCCGAGACACCG_003,146
AAATGCGCCCCGAGACACCG_004,117
AAATGCGCCCCGAGACACCG_005,123
AAATGCGCCCCGAGACACCG_006,94
AAATGCGCCCCGAGACACCG_007,48
AAATGCGCCCCGAGACACCG_008,150
AAATGCGCCCCGAGACACCG_009,25
AAATGCGCCCCGAGACACCG_010,48
AAATGCGCCCCGAGACACCG_011,103
AAATGCGCCCCGAGACACCG_012,5
AAATGCGCCCCGAGACACCG_013,63
AAATGCGCCCCGAGACACCG_014,188
AAATGCGCCCCGAGACACCG_015,166
AAATGCGCCCCGAGACACCG_016,103
AATGGATCTGACACCGACCA_001,115
AATGGATCTGACACCGACCA_002,1
GAGAACATGGACAATGCCGC_001,144
GAGAACATGGACAATGCCGC_002,58
GAGAACATGGACAATGCCGC_003,69
GAGAACATGGACAATGCCGC_004,113
GAGAACATGGACAATGCCGC_005,50
GAGAACATGGACAATGCCGC_006,68
GAGAACATGGACAATGCCGC_007,26
GAGAACATGGACAATGCCGC_008,191
TGTCTCAAGACCTCAACCAA_001,5
TGTCTCAAGACCTCAACCAA_002,146
TGTCTCAAGACCTCAACCAA_003,114
TGTCTCAAGACCTCAACCAA_004,76
TGTCTCAAGACCTCAACCAA_005,60
TGTCTCAAGACCTCAACCAA_006,132
TGTCTCAAGACCTCAACCAA_007,177
TGTCTCAAGACCTCAACCAA_008,185
TGTCTCAAGACCTCAACCAA_009,6
TGTCTCAAGACCTCAACCAA_010,81
TGTCTCAAGACCTCAACCAA_011,115
TGTCTCAAGACCTCAACCAA_012,144
TGTCTCAAGACCTCAACCAA_013,23
TGTCTCAAGACCTCAACCAA_014,52
TGTCTCAAGACCTCAACCAA_015,118
TGTCTCAAGACCTCAACCAA_016,165
TGTCTCAAGACCTCAACCAA_017,34
GAGGTGCGGAGGGAATTCCG_001,197
GAGGTGCGGAGGGAATTCCG_002,189
GAGGTGCGGAGGGAATTCCG_003,63
GAGGTGCGGAGGGAATTCCG_004,66
GAGGTGCGGAGGGAATTCCG_005,58
TGTGAATTGGGATGTCTGAG_001,110
ATGGACAAGCTAGACGCGGG_001,183
ATGGACAAGCTAGACGCGGG_002,72
ATGGACAAGCTAGACGCGGG_003,106
ATGGACAAGCTAGACGCGGG_004,122
ATGGACAAGCTAGACGCGGG_005,17
ATGGACAAGCTAGACGCGGG_006,78
ATGGACAAGCTAGACGCGGG_007,184
ATGGACAAGCTAGACGCGGG_008,9
ATGGACAAGCTAGACGCGGG_009,63
CGAATGGAAGCTTCTGTCCG_001,140
CGAATGGAAGCTTCTGTCCG_002,135
CGAATGGAAGCTTCTGTCCG_003,0
CGAATGGAAGCTTCTGTCCG_004,74
CGAATGGAAGCTTCTGTCCG_005,81
CGAATGGAAGCTTCTGTCCG_006,81
CGAATGGAAGCTTCTGTCCG_007,17
CGAATGGAAGCTTCTGTCCG_008,18
CGAATGGAAGCTTCTGTCCG_009,18
CGAATGGAAGCTTCTGTCCG_010,131
CGAATGGAAGCTTCTGTCCG_011,13
CGAATGGAAGCTTCTGTCCG_012,56
CGAATGGAAGCTTCTGTCCG_013,126
TACCTTTACAACGATGCCTG_001,19
TACCTTTACAACGATGCCTG_002,137
TACCTTTACAACGATGCCTG_003,78
TACCTTTACAACGATGCCTG_004,58
CAGGGACAAGCACTTACGCA_001,78
CAGGGACAAGCACTTACGCA_002,185
CAGGGACAAGCACTTACGCA_003,72
CAGGGACAAGCACTTACGCA_004,14
CAGGGACAAGCACTTACGCA_005,48
CAGGGACAAGCACTTACGCA_006,193
CAGGGACAAGCACTTACGCA_007,15
CAGGGACAAGCACTTACGCA_008,168
CAGGGACAAGCACTTACGCA_009,144
CAGGGACAAGCACTTACGCA_010,48
CAGGGACAAGCACTTACGCA_011,186
CAGGGACAAGCACTTACGCA_012,179
CAGGGACAAGCACTTACGCA_013,61
CAGGGACAAGCACTTACGCA_014,174
CAGGGACAAGCACTTACGCA_015,168
CAGGGACAAGCACTTACGCA_016,51
CAGGGACAAGCACTTACGCA_017,21
CAGGGACAAGCACTTACGCA_018,116
CAGGGACAAGCACTTACGCA_019,175
CAGGGACAAGCACTTACGCA_020,41
CAGGGACAAGCACTTACGCA_021,19
CAGGGACAAGCACTTACGCA_022,34
CAGGGACAAGCACTTACGCA_023,35
CAGCCTCCTCTGATTCGCAA_001,22
CAGCCTCCTCTGATTCGCAA_002,105
CAGCCTCCTCTGATTCGCAA_003,5
CAGCCTCCTCTGATTCGCAA_004,113
CAGCCTCCTCTGATTCGCAA_005,22
CAGCCTCCTCTGATTCGCAA_006,24
CAGCCTCCTCTGATTCGCAA_007,58
CAGCCTCCTCTGATTCGCAA_008,6
CAGCCTCCTCTGATTCGCAA_009,150
CAGCCTCCTCTGATTCGCAA_010,54
CAGCCTCCTCTGATTCGCAA_011,54
TGGGAAGGCATTGTCAGATG_001,194
TGGGAAGGCATTGTCAGATG_002,12
TGGGAAGGCATTGTCAGATG_003,22
TGGGAAGGCATTGTCAGATG_004,74
TGGGAAGGCATTGTCAGATG_005,150
ATGCAAGACAGCCTCCCAGC_001,149
ATGCAAGACAGCCTCCCAGC_002,26
ATGCAAGACAGCCTCCCAGC_003,50
ATGCAAGACAGCCTCCCAGC_004,186
ATGCAAGACAGCCTCCCAGC_005,184
ATGCAAGACAGCCTCCCAGC_006,128
ATGCAAGACAGCCTCCCAGC_007,8
ATGCAAGACAGCCTCCCAGC_008,130
ATGCAAGACAGCCTCCCAGC_009,198
ATGCAAGACAGCCTCCCAGC_010,102
ATGCAAGACAGCCTCCCAGC_011,28
ATGCAAGACAGCCTCCCAGC_012,1
ATGCAAGACAGCCTCCCAGC_013,17
ATGCAAGACAGCCTCCCAGC_014,50
ATGCAAGACAGCCTCCCAGC_015,41
ATGCAAGACAGCCTCCCAGC_016,121
ATGCAAGACAGCCTCCCAGC_017,162
ATGCAAGACAGCCTCCCAGC_018,22
ATGCAAGACAGCCTCCCAGC_019,103
ATGCAAGACAGCCTCCCAGC_020,1
ATGCAAGACAGCCTCCCAGC_021,148
ATGCAAGACAGCCTCCCAGC_022,30
ATGCAAGACAGCCTCCCAGC_023,182
ATGCAAGACAGCCTCCCAGC_024,67
ATGCAAGACAGCCTCCCAGC_025,141
ATGCAAGACAGCCTCCCAGC_026,116
ATGCAAGACAGCCTCCCAGC_027,141
ATGCAAGACAGCCTCCCAGC_028,1
ATGCAAGACAGCCTCCCAGC_029,177
ATGCAAGACAGCCTCCCAGC_030,43
ATGCAAGACAGCCTCCCAGC_031,86
ATGCAAGACAGCCTCCCAGC_032,63
ATGCAAGACAGCCTCCCAGC_033,79
ATGCAAGACAGCCTCCCAGC_034,16
ATGCAAGACAGCCTCCCAGC_035,25
ATGCAAGACAGCCTCCCAGC_036,67
ATGCAAGACAGCCTCCCAGC_037,164
ATGCAAGACAGCCTCCCAGC_038,164
ATGCAAGACAGCCTCCCAGC_039,76
ATGCAAGACAGCCTCCCAGC_040,157
ATGCAAGACAGCCTCCCAGC_041,115
ATGCAAGACAGCCTCCCAGC_042,66
ATGCAAGACAGCCTCCCAGC_043,168
ATGCAAGACAGCCTCCCAGC_044,129
ATGCAAGACAGCCTCCCAGC_045,163
TATAGGGCTTCTCCTTTACG_001,17
TATAGGGCTTCTCCTTTACG_002,177
AGACGGTCTAGTGTTTGTGG_001,110
AGACGGTCTAGTGTTTGTGG_002,186
AACACCTGCTCGCCAACTGG_001,169
AACACCTGCTCGCCAACTGG_002,162
AACACCTGCTCGCCAACTGG_003,41
AACACCTGCTCGCCAACTGG_004,150
AACACCTGCTCGCCAACTGG_005,68
AACACCTGCTCGCCAACTGG_006,10
AACACCTGCTCGCCAACTGG_007,195
AACACCTGCTCGCCAACTGG_008,54
AACACCTGCTCGCCAACTGG_009,88
AACACCTGCTCGCCAACTGG_010,181
AACACCTGCTCGCCAACTGG_011,29
AACACCTGCTCGCCAACTGG_012,127
AACACCTGCTCGCCAACTGG_013,4
AACACCTGCTCGCCAACTGG_014,28
AACACCTGCTCGCCAACTGG_015,78
AACACCTGCTCGCCAACTGG_016,28
GAACGGCTGTGAGTGCACCA_001,70
GAACGGCTGTGAGTGCACCA_002,84
GAACGGCTGTGAGTGCACCA_003,12
GAACGGCTGTGAGTGCACCA_004,125
GAACGGCTGTGAGTGCACCA_005,194
GAACGGCTGTGAGTGCACCA_006,95
GAACGGCTGTGAGTGCACCA_007,194
GAACGGCTGTGAGTGCACCA_008,24
GAACGGCTGTGAGTGCACCA_009,48
GAACGGCTGTGAGTGCACCA_010,3
GAACGGCTGTGAGTGCACCA_011,28
GAACGGCTGTGAGTGCACCA_012,197
GAACGGCTGTGAGTGCACCA_013,57
GAACGGCTGTGAGTGCACCA_014,127
GAACGGCTGTGAGTGCACCA_015,117
GAACGGCTGTGAGTGCACCA_016,62
GAACGGCTGTGAGTGCACCA_017,87
GAACGGCTGTGAGTGCACCA_018,87
GAACGGCTGTGAGTGCACCA_019,162
GAACGGCTGTGAGTGCACCA_020,133
GAACGGCTGTGAGTGCACCA_021,98
GAACGGCTGTGAGTGCACCA_022,31
GAACGGCTGTGAGTGCACCA_023,29
GAACGGCTGTGAGTGCACCA_024,88
GAACGGCTGTGAGTGCACCA_025,64
GAACGGCTGTGAGTGCACCA_026,19
GAACGGCTGTGAGTGCACCA_027,107
GAACGGCTGTGAGTGCACCA_028,68
GAATTCCTGCGTTTCAAGTG_001,70
GAATTCCTGCGTTTCAAGTG_002,25
GAATTCCTGCGTTTCAAGTG_003,108
GAATTCCTGCGTTTCAAGTG_004,32
GTTGGATCGATCAACCCGGG_001,114
GTTGGATCGATCAACCCGGG_002,137
GTTGGATCGATCAACCCGGG_003,84
GTTGGATCGATCAACCCGGG_004,137
GTTGGATCGATCAACCCGGG_005,35
GTTGGATCGATCAACCCGGG_006,130
GTTGGATCGATCAACCCGGG_007,108
GTTGGATCGATCAACCCGGG_008,24
GTTGGATCGATCAACCCGGG_009,31
GTTGGATCGATCAACCCGGG_010,162
GTTGGATCGATCAACCCGGG_011,177
GTTGGATCGATCAACCCGGG_012,147
GGAATCGTTTCAGGACCGAA_001,175
GGAATCGTTTCAGGACCGAA_002,113
GGAATCGTTTCAGGACCGAA_003,11
GGAATCGTTTCAGGACCGAA_004,130
GGAATCGTTTCAGGACCGAA_005,186
GGAATCGTTTCAGGACCGAA_006,131
GGAATCGTTTCAGGACCGAA_007,168
GGAATCGTTTCAGGACCGAA_008,52
GGAATCGTTTCAGGACCGAA_009,156
GGAATCGTTTCAGGACCGAA_010,159
GGAATCGTTTCAGGACCGAA_011,150
AGGATGATGAACGAAGGCAG_001,178
AGGATGATGAACGAAGGCAG_002,9
AGGATGATGAACGAAGGCAG_003,4
AGGATGATGAACGAAGGCAG_004,61
AGGATGATGAACGAAGGCAG_005,192
AGGATGATGAACGAAGGCAG_006,76
AGGATGATGAACGAAGGCAG_007,42
AGGATGATGAACGAAGGCAG_008,49
AGGATGATGAACGAAGGCAG_009,162
AGGATGATGAACGAAGGCAG_010,123
AGGATGATGAACGAAGGCAG_011,100
AGGATGATGAACGAAGGCAG_012,147
AGGATGATGAACGAAGGCAG_013,69
AGGATGATGAACGAAGGCAG_014,168
AGGATGATGAACGAAGGCAG_015,78
AGGATGATGAACGAAGGCAG_016,61
AGGATGATGAACGAAGGCAG_017,49
AGGATGATGAACGAAGGCAG_018,175
AGGATGATGAACGAAGGCAG_019,194
AGGATGATGAACGAAGGCAG_020,177
AGGATGATGAACGAAGGCAG_021,164
AGGATGATGAACGAAGGCAG_022,162
AGGATGATGAACGAAGGCAG_023,107
AGGATGATGAACGAAGGCAG_024,198
AGGATGATGAACGAAGGCAG_025,171
AGGATGATGAACGAAGGCAG_026,177
AGGATGATGAACGAAGGCAG_027,199
AGGATGATGAACGAAGGCAG_028,172
AGGATGATGAACGAAGGCAG_029,2
AGGATGATGAACGAAGGCAG_030,28
AGGATGATGAACGAAGGCAG_031,38
AGGATGATGAACGAAGGCAG_032,115
AGGATGATGAACGAAGGCAG_033,1
AGGATGATGAACGAAGGCAG_034,182
AGGATGATGAACGAAGGCAG_035,168
AGGATGATGAACGAAGGCAG_036,135
AGGATGATGAACGAAGGCAG_037,124
AGGATGATGAACGAAGGCAG_038,38
AGGATGATGAACGAAGGCAG_039,129
AGGATGATGAACGAAGGCAG_040,67
AGGATGATGAACGAAGGCAG_041,124
GGGCCGCACTCACGAAACGC_001,28
GGGCCGCACTCACGAAACGC_002,43
GGGCCGCACTCACGAAACGC_003,94
GGGCCGCACTCACGAAACGC_004,108
GGGCCGCACTCACGAAACGC_005,8
GGGCCGCACTCACGAAACGC_006,199
GGGCCGCACTCACGAAACGC_007,161
TGAACACCCCTACTACTCGG_001,77
TGAACACCCCTACTACTCGG_002,156
TGAACACCCCTACTACTCGG_003,179
TGAACACCCCTACTACTCGG_004,123
TGAACACCCCTACTACTCGG_005,164
TGAACACCCCTACTACTCGG_006,44
TGAACACCCCTACTACTCGG_007,138
TGAACACCCCTACTACTCGG_008,39
TGAACACCCCTACTACTCGG_009,125
ACGTTGGCCAGATTATGTAA_001,183
ACGTTGGCCAGATTATGTAA_002,68
ACGTTGGCCAGATTATGTAA_003,57
ACGTTGGCCAGATTATGTAA_004,84
ACGTTGGCCAGATTATGTAA_005,175
ACGTTGGCCAGATTATGTAA_006,115
AGTCTGTACTCTGTGCGAGT_001,137
AGTCTGTACTCTGTGCGAGT_002,24
AGTCTGTACTCTGTGCGAGT_003,33
AGTCTGTACTCTGTGCGAGT_004,192
AGTCTGTACTCTGTGCGAGT_005,148
AGTCTGTACTCTGTGCGAGT_006,9
AGTCTGTACTCTGTGCGAGT_007,152
AGTCTGTACTCTGTGCGAGT_008,178
CAACAGGACATACGTATGAA_001,102
CAACAGGACATACGTATGAA_002,185
CAACAGGACATACGTATGAA_003,48
CAACAGGACATACGTATGAA_004,179
CAACAGGACATACGTATGAA_005,154
CAACAGGACATACGTATGAA_006,146
CAACAGGACATACGTATGAA_007,168
TTTGGAGAATGGGGAAGACG_001,174
TTTGGAGAATGGGGAAGACG_002,181
TTTGGAGAATGGGGAAGACG_003,122
TTTGGAGAATGGGGAAGACG_004,62
TTTGGAGAATGGGGAAGACG_005,75
TTTGGAGAATGGGGAAGACG_006,22
TTTGGAGAATGGGGAAGACG_007,70
TTTGGAGAATGGGGAAGACG_008,182
TTTGGAGAATGGGGAAGACG_009,174
TTTGGAGAATGGGGAAGACG_010,131
TTTGGAGAATGGGGAAGACG_011,66
GACAAATGCAATGAAAACTG_001,69
GACAAATGCAATGAAAACTG_002,161
GACAAATGCAATGAAAACTG_003,144
GACAAATGCAATGAAAACTG_004,95
GACAAATGCAATGAAAACTG_005,175
GACAAATGCAATGAAAACTG_006,150
GACAAATGCAATGAAAACTG_007,5
CTACTTGTGTCTTCCAACAA_001,162
CTACTTGTGTCTTCCAACAA_002,132
GCAAATTTGGCACTCACAGA_001,160
GCAAATTTGGCACTCACAGA_002,150
GCAAATTTGGCACTCACAGA_003,97
GCAAATTTGGCACTCACAGA_004,99
GCAAATTTGGCACTCACAGA_005,169
AAGTTGATTGAAAAACGTCA_001,15
AAGTTGATTGAAAAACGTCA_002,112
AAGTTGATTGAAAAACGTCA_003,198
AAGTTGATTGAAAAACGTCA_004,147
AAGTTGATTGAAAAACGTCA_005,154
AAGTTGATTGAAAAACGTCA_006,105
AAGTTGATTGAAAAACGTCA_007,159
AAGTTGATTGAAAAACGTCA_008,140
AAGTTGATTGAAAAACGTCA_009,141
AAGTTGATTGAAAAACGTCA_010,154
AGCCTAACTTTCGGATCACA_001,126
AGCCTAACTTTCGGATCACA_002,42
AGCCTAACTTTCGGATCACA_003,95
AGCCTAACTTTCGGATCACA_004,10
CCCACGCTACACTACTTGGG_001,171
CCCACGCTACACTACTTGGG_002,103
CCCACGCTACACTACTTGGG_003,148
CCCACGCTACACTACTTGGG_004,135
CCCACGCTACACTACTTGGG_005,198
ACTTGTCACAGAATTGACAC_001,198
ACTTGTCACAGAATTGACAC_002,166
ACTTGTCACAGAATTGACAC_003,72
ACTTGTCACAGAATTGACAC_004,15
ACTTGTCACAGAATTGACAC_005,54
ACTTGTCACAGAATTGACAC_006,194
ACTTGTCACAGAATTGACAC_007,56
ACTTGTCACAGAATTGACAC_008,58
ACTTGTCACAGAATTGACAC_009,103
ACTTGTCACAGAATTGACAC_010,163
ACTTGTCACAGAATTGACAC_011,77
ACTTGTCACAGAATTGACAC_012,102
ACTTGTCACAGAATTGACAC_013,15
ACTTGTCACAGAATTGACAC_014,150
GCTGTTCCATGGTCTCTCAG_001,185
GCTGTTCCATGGTCTCTCAG_002,179
GCTGTTCCATGGTCTCTCAG_003,75
GCTGTTCCATGGTCTCTCAG_004,22
GCTGTTCCATGGTCTCTCAG_005,54
GCTGTTCCATGGTCTCTCAG_006,175
GCTGTTCCATGGTCTCTCAG_007,43
GCTGTTCCATGGTCTCTCAG_008,137
GCTGTTCCATGGTCTCTCAG_009,153
GCTGTTCCATGGTCTCTCAG_010,36
GCTGTTCCATGGTCTCTCAG_011,45
GCTGTTCCATGGTCTCTCAG_012,34
GCTACAGCAACAATTAGCCG_001,100
GCTACAGCAACAATTAGCCG_002,49
GCTACAGCAACAATTAGCCG_003,136
AGACCTGAGGGTGTCAGACA_001,125
AGACCTGAGGGTGTCAGACA_002,127
AGACCTGAGGGTGTCAGACA_003,62
AGACCTGAGGGTGTCAGACA_004,130
AGACCTGAGGGTGTCAGACA_005,17
AGACCTGAGGGTGTCAGACA_006,77
AGACCTGAGGGTGTCAGACA_007,38
AGACCTGAGGGTGTCAGACA_008,0
AGACCTGAGGGTGTCAGACA_009,190
AGACCTGAGGGTGTCAGACA_010,11
AGACCTGAGGGTGTCAGACA_011,119
AGACCTGAGGGTGTCAGACA_012,50
AGACCTGAGGGTGTCAGACA_013,51
AGACCTGAGGGTGTCAGACA_014,60
AGACCTGAGGGTGTCAGACA_015,182
AGACCTGAGGGTGTCAGACA_016,82
AGACCTGAGGGTGTCAGACA_017,35
AGACCTGAGGGTGTCAGACA_018,70
AGACCTGAGGGTGTCAGACA_019,66
AGACCTGAGGGTGTCAGACA_020,29
AGACCTGAGGGTGTCAGACA_021,152
AGACCTGAGGGTGTCAGACA_022,92
AGACCTGAGGGTGTCAGACA_023,31
AGACCTGAGGGTGTCAGACA_024,165
AGACCTGAGGGTGTCAGACA_025,12
AGACCTGAGGGTGTCAGACA_026,6
AGACCTGAGGGTGTCAGACA_027,2
AGACCTGAGGGTGTCAGACA_028,121
AGACCTGAGGGTGTCAGACA_029,120
GAGCAGGTAGCACAGGCCAA_001,23
GAGCAGGTAGCACAGGCCAA_002,23
GAGCAGGTAGCACAGGCCAA_003,191
GAGCAGGTAGCACAGGCCAA_004,76
GAGCAGGTAGCACAGGCCAA_005,158
GAGCAGGTAGCACAGGCCAA_006,126
GAGCAGGTAGCACAGGCCAA_007,97
GAGCAGGTAGCACAGGCCAA_008,129
GAGCAGGTAGCACAGGCCAA_009,18
GAGCAGGTAGCACAGGCCAA_010,147
GAGCAGGTAGCACAGGCCAA_011,194
GAGCAGGTAGCACAGGCCAA_012,42
GAGCAGGTAGCACAGGCCAA_013,62
GAGCAGGTAGCACAGGCCAA_014,81
GAGCAGGTAGCACAGGCCAA_015,30
GAGCAGGTAGCACAGGCCAA_016,69
GAGCAGGTAGCACAGGCCAA_017,70
GAGCAGGTAGCACAGGCCAA_018,168
GAGCAGGTAGCACAGGCCAA_019,38
CCTTGGCCAAGCATGAACCA_001,78
CCTTGGCCAAGCATGAACCA_002,53
CCTTGGCCAAGCATGAACCA_003,17
CCTTGGCCAAGCATGAACCA_004,148
CCTTGGCCAAGCATGAACCA_005,112
CCTTGGCCAAGCATGAACCA_006,8
CCTTGGCCAAGCATGAACCA_007,42
CCTTGGCCAAGCATGAACCA_008,118
CCTTGGCCAAGCATGAACCA_009,62
CCTTGGCCAAGCATGAACCA_010,184
CCTTGGCCAAGCATGAACCA_011,179
CCTTGGCCAAGCATGAACCA_012,115
CCTTGGCCAAGCATGAACCA_013,141
CCTTGGCCAAGCATGAACCA_014,83
CCTTGGCCAAGCATGAACCA_015,111
CCTTGGCCAAGCATGAACCA_016,106
TGGAAAAAGAGCCCTTATCG_001,95
TGGAAAAAGAGCCCTTATCG_002,178
TGGAAAAAGAGCCCTTATCG_003,132
TGGAAAAAGAGCCCTTATCG_004,101
TGGAAAAAGAGCCCTTATCG_005,52
TGGAAAAAGAGCCCTTATCG_006,52
TGGAAAAAGAGCCCTTATCG_007,172
TGGAAAAAGAGCCCTTATCG_008,119
TGGAAAAAGAGCCCTTATCG_009,156
TGGAAAAAGAGCCCTTATCG_010,1
TGGAAAAAGAGCCCTTATCG_011,97
TGGAAAAAGAGCCCTTATCG_012,66
TGGAAAAAGAGCCCTTATCG_013,181
TGGAAAAAGAGCCCTTATCG_014,24
TGGAAAAAGAGCCCTTATCG_015,197
TGGAAAAAGAGCCCTTATCG_016,70
GAAGTTGGCCCCTTCAAACA_001,17
GAAGTTGGCCCCTTCAAACA_002,184
GAAGTTGGCCCCTTCAAACA_003,117
GAAGTTGGCCCCTTCAAACA_004,199
GAAGTTGGCCCCTTCAAACA_005,78
GAAGTTGGCCCCTTCAAACA_006,188
GAAGTTGGCCCCTTCAAACA_007,121
GAAGTTGGCCCCTTCAAACA_008,15
AGAAGAAATTGATTGCACAG_001,151
AGAAGAAATTGATTGCACAG_002,193
AGAAGAAATTGATTGCACAG_003,170
AGAAGAAATTGATTGCACAG_004,113
AGAAGAAATTGATTGCACAG_005,8
AGAAGAAATTGATTGCACAG_006,134
AGAAGAAATTGATTGCACAG_007,61
CCAGAGGGAAGTGGATGCGG_001,168
CCAGAGGGAAGTGGATGCGG_002,151
CCAGAGGGAAGTGGATGCGG_003,133
AAAAGCCATACAAAGGATCG_001,1
AAAAGCCATACAAAGGATCG_002,140
AAAAGCCATACAAAGGATCG_003,106
AAAAGCCATACAAAGGATCG_004,47
AAAAGCCATACAAAGGATCG_005,50
AAAAGCCATACAAAGGATCG_006,127
AAAAGCCATACAAAGGATCG_007,191
AGGACCAAGACACCCTATCC_001,100
AGGACCAAGACACCCTATCC_002,8
AGGACCAAGACACCCTATCC_003,82
AGGACCAAGACACCCTATCC_004,198
AGGACCAAGACACCCTATCC_005,0
AGGACCAAGACACCCTATCC_006,17
TTGTGCCTGCCAGCTACAGG_001,133
TTGTGCCTGCCAGCTACAGG_002,50
TTGTGCCTGCCAGCTACAGG_003,88
TTGTGCCTGCCAGCTACAGG_004,8
TACGAAACATCATGGGTTCC_001,170
TACGAAACATCATGGGTTCC_002,198
TACGAAACATCATGGGTTCC_003,129
TACGAAACATCATGGGTTCC_004,92
TACGAAACATCATGGGTTCC_005,82
TACGAAACATCATGGGTTCC_006,29
TACGAAACATCATGGGTTCC_007,144
TACGAAACATCATGGGTTCC_008,191
TACGAAACATCATGGGTTCC_009,72
TACGAAACATCATGGGTTCC_010,106
TACGAAACATCATGGGTTCC_011,180
TACGAAACATCATGGGTTCC_012,155
TGTCTATGTGCTGTATTGTG_001,6
TGTCTATGTGCTGTATTGTG_002,197
TGTCTATGTGCTGTATTGTG_003,15
TGTCTATGTGCTGTATTGTG_004,82
TGTCTATGTGCTGTATTGTG_005,156
TATTCCTTATTGCCGATCCA_001,130
TATTCCTTATTGCCGATCCA_002,48
CCTGTACAGGTCGTAGCCCG_001,22
CCTGTACAGGTCGTAGCCCG_002,101
CCTGTACAGGTCGTAGCCCG_003,102
CCTGTACAGGTCGTAGCCCG_004,24
CCTGTACAGGTCGTAGCCCG_005,41
CCTGTACAGGTCGTAGCCCG_006,155
CCTGTACAGGTCGTAGCCCG_007,34
CCTGTACAGGTCGTAGCCCG_008,166
CCTGTACAGGTCGTAGCCCG_009,84
CCTGTACAGGTCGTAGCCCG_010,185
CCTGTACAGGTCGTAGCCCG_011,149
CCTGTACAGGTCGTAGCCCG_012,172
CCTGTACAGGTCGTAGCCCG_013,123
CTTGGATCAACTGCCACGGT_001,103
CTTGGATCAACTGCCACGGT_002,54
CTTGGATCAACTGCCACGGT_003,10
GTCCAAGGCTGAGTTGATCA_001,186
GTCCAAGGCTGAGTTGATCA_002,150
GTCCAAGGCTGAGTTGATCA_003,62
GTCCAAGGCTGAGTTGATCA_004,148
GTCCAAGGCTGAGTTGATCA_005,195
GTCCAAGGCTGAGTTGATCA_006,75
GTCCAAGGCTGAGTTGATCA_007,22
GTCCAAGGCTGAGTTGATCA_008,124
GTCCAAGGCTGAGTTGATCA_009,9
AGCACCTGACTCAGATGCCG_001,125
AGCACCTGACTCAGATGCCG_002,115
AGCACCTGACTCAGATGCCG_003,199
AGCACCTGACTCAGATGCCG_004,121
AGCACCTGACTCAGATGCCG_005,92
AGCACCTGACTCAGATGCCG_006,2
AGCACCTGACTCAGATGCCG_007,34
AGCACCTGACTCAGATGCCG_008,192
AGCACCTGACTCAGATGCCG_009,33
AGCACCTGACTCAGATGCCG_010,132
AGCACCTGACTCAGATGCCG_011,112
AGCACCTGACTCAGATGCCG_012,3
AGCACCTGACTCAGATGCCG_013,137
AGCACCTGACTCAGATGCCG_014,163
AGCACCTGACTCAGATGCCG_015,169
AGCACCTGACTCAGATGCCG_016,63
AGCACCTGACTCAGATGCCG_017,148
AGCACCTGACTCAGATGCCG_018,130
AGCACCTGACTCAGATGCCG_019,151
ATGGCTTTCTAAAGGACATG_001,60
ATGGCTTTCTAAAGGACATG_002,55
ATGGCTTTCTAAAGGACATG_003,141
ATGGCTTTCTAAAGGACATG_004,84
ATGGCTTTCTAAAGGACATG_005,116
ATGGCTTTCTAAAGGACATG_006,172
ATGGCTTTCTAAAGGACATG_007,126
ATGGCTTTCTAAAGGACATG_008,7
ATGGCTTTCTAAAGGACATG_009,157
ATGGCTTTCTAAAGGACATG_010,169
ATGGCTTTCTAAAGGACATG_011,133
ATGGCTTTCTAAAGGACATG_012,28
ATGGCTTTCTAAAGGACATG_013,174
ATGGCTTTCTAAAGGACATG_014,60
ATGGCTTTCTAAAGGACATG_015,95
ATGGCTTTCTAAAGGACATG_016,34
CCTTCCTGAGAGAGGACCAG_001,102
CCTTCCTGAGAGAGGACCAG_002,158
CCTTCCTGAGAGAGGACCAG_003,120
CCTTCCTGAGAGAGGACCAG_004,0
CCTTCCTGAGAGAGGACCAG_005,29
CCTTCCTGAGAGAGGACCAG_006,197
CCTTCCTGAGAGAGGACCAG_007,153
CCTTCCTGAGAGAGGACCAG_008,23
CCTTCCTGAGAGAGGACCAG_009,113
CCTTCCTGAGAGAGGACCAG_010,28
TGGCGAAGAGCACGCCACCA_001,54
TGGCGAAGAGCACGCCACCA_002,8
TGGCGAAGAGCACGCCACCA_003,166
TGGCGAAGAGCACGCCACCA_004,100
TGGCGAAGAGCACGCCACCA_005,108
TGGCGAAGAGCACGCCACCA_006,177
TGGCGAAGAGCACGCCACCA_007,6
TGGCGAAGAGCACGCCACCA_008,50
CTGCATATCCTCAATCGCTA_001,9
CTGCATATCCTCAATCGCTA_002,2
CTGCATATCCTCAATCGCTA_003,57
CTGCATATCCTCAATCGCTA_004,102
CTGCATATCCTCAATCGCTA_005,104
CTGCATATCCTCAATCGCTA_006,67
CTGCATATCCTCAATCGCTA_007,62
AAATTCAAATCAACTGGAGA_001,184
AAATTCAAATCAACTGGAGA_002,198
AAATTCAAATCAACTGGAGA_003,72
AAATTCAAATCAACTGGAGA_004,144
AAATTCAAATCAACTGGAGA_005,48
AAATTCAAATCAACTGGAGA_006,159
AAATTCAAATCAACTGGAGA_007,86
AAATTCAAATCAACTGGAGA_008,15
AAATTCAAATCAACTGGAGA_009,127
AAATTCAAATCAACTGGAGA_010,162
AAATTCAAATCAACTGGAGA_011,156
AAATTCAAATCAACTGGAGA_012,49
AAATTCAAATCAACTGGAGA_013,183
AAATTCAAATCAACTGGAGA_014,172
AAATTCAAATCAACTGGAGA_015,161
AAATTCAAATCAACTGGAGA_016,185
AAATTCAAATCAACTGGAGA_017,30
ACATGCCAAACATCATACTT_001,0
ACATGCCAAACATCATACTT_002,149
ACATGCCAAACATCATACTT_003,74
ACATGCCAAACATCATACTT_004,101
TTTGGCTAGGAGATTGGAGT_001,118
TTTGGCTAGGAGATTGGAGT_002,120
TTTGGCTAGGAGATTGGAGT_003,88
TTTGGCTAGGAGATTGGAGT_004,76
TTTGGCTAGGAGATTGGAGT_005,137
TTTGGCTAGGAGATTGGAGT_006,127
TTTGGCTAGGAGATTGGAGT_007,55
TTTGGCTAGGAGATTGGAGT_008,94
TTTGGCTAGGAGATTGGAGT_009,57
TTTGGCTAGGAGATTGGAGT_010,106
TTTGGCTAGGAGATTGGAGT_011,46
TTTGGCTAGGAGATTGGAGT_012,148
TTTGGCTAGGAGATTGGAGT_013,48
TTTGGCTAGGAGATTGGAGT_014,162
TTTGGCTAGGAGATTGGAGT_015,116
TTTGGCTAGGAGATTGGAGT_016,94
AGGGATCCTGGTCATAGATG_001,73
AGGGATCCTGGTCATAGATG_002,69
AGGGATCCTGGTCATAGATG_003,118
AGGGATCCTGGTCATAGATG_004,47
AGGGATCCTGGTCATAGATG_005,191
AGGGATCCTGGTCATAGATG_006,49
AGGGATCCTGGTCATAGATG_007,188
AGGGATCCTGGTCATAGATG_008,178
AGGGATCCTGGTCATAGATG_009,68
AGGGATCCTGGTCATAGATG_010,168
AGGGATCCTGGTCATAGATG_011,149
AGGGATCCTGGTCATAGATG_012,64
AGGGATCCTGGTCATAGATG_013,38
AGGGATCCTGGTCATAGATG_014,170
AGGGATCCTGGTCATAGATG_015,106
AGGGATCCTGGTCATAGATG_016,48
AGGGATCCTGGTCATAGATG_017,77
GCTTTCAACGCCCGAATCGG_001,198
GCTTTCAACGCCCGAATCGG_002,58
GCTTTCAACGCCCGAATCGG_003,8
GCTTTCAACGCCCGAATCGG_004,134
GCTTTCAACGCCCGAATCGG_005,72
GCTTTCAACGCCCGAATCGG_006,60
GCTTTCAACGCCCGAATCGG_007,78
GCTTTCAACGCCCGAATCGG_008,174
GCTTTCAACGCCCGAATCGG_009,177
GCTTTCAACGCCCGAATCGG_010,36
GCTTTCAACGCCCGAATCGG_011,18
TTTACCTGGCCCATTTGATG_001,22
TTTACCTGGCCCATTTGATG_002,117
CTTAGGACCTCCGACATGAA_001,154
CTTAGGACCTCCGACATGAA_002,15
CTTAGGACCTCCGACATGAA_003,7
CTTAGGACCTCCGACATGAA_004,192
CTTAGGACCTCCGACATGAA_005,197
CTTAGGACCTCCGACATGAA_006,184
CTTAGGACCTCCGACATGAA_007,175
CTTAGGACCTCCGACATGAA_008,3
CTTAGGACCTCCGACATGAA_009,34
CTTAGGACCTCCGACATGAA_010,68
CTTAGGACCTCCGACATGAA_011,52
CGATTCCCTATAGCACAGCT_001,49
CGATTCCCTATAGCACAGCT_002,183
CGATTCCCTATAGCACAGCT_003,111
CGATTCCCTATAGCACAGCT_004,181
CGATTCCCTATAGCACAGCT_005,105
CGATTCCCTATAGCACAGCT_006,170
TCCCTTTGGGAGTATTCACG_001,175
TCCCTTTGGGAGTATTCACG_002,184
TCCCTTTGGGAGTATTCACG_003,8
CACTGAACAGACCTATGCTG_001,131
CACTGAACAGACCTATGCTG_002,81
CACTGAACAGACCTATGCTG_003,0
CACTGAACAGACCTATGCTG_004,148
CACTGAACAGACCTATGCTG_005,69
CTGTGTGTGCAGGTACCAGA_001,48
CTGTGTGTGCAGGTACCAGA_002,33
CTGTGTGTGCAGGTACCAGA_003,19
CTGTGTGTGCAGGTACCAGA_004,50
CTGTGTGTGCAGGTACCAGA_005,179
CTGTGTGTGCAGGTACCAGA_006,162
CTGTGTGTGCAGGTACCAGA_007,74
CTGTGTGTGCAGGTACCAGA_008,130
CTGTGTGTGCAGGTACCAGA_009,41
CTGTGTGTGCAGGTACCAGA_010,96
CTGTGTGTGCAGGTACCAGA_011,78
CTGTGTGTGCAGGTACCAGA_012,134
CTGTGTGTGCAGGTACCAGA_013,126
GACACAGGAGGAGTTCGTCG_001,11
GACACAGGAGGAGTTCGTCG_002,69
GACACAGGAGGAGTTCGTCG_003,89
GACACAGGAGGAGTTCGTCG_004,185
GACACAGGAGGAGTTCGTCG_005,107
GACACAGGAGGAGTTCGTCG_006,150
GACACAGGAGGAGTTCGTCG_007,27
GACACAGGAGGAGTTCGTCG_008,146
GACACAGGAGGAGTTCGTCG_009,185
GACACAGGAGGAGTTCGTCG_010,148
GACACAGGAGGAGTTCGTCG_011,17
GACACAGGAGGAGTTCGTCG_012,118
GGGACCCAGGAAGTTGACCA_001,29
GGGACCCAGGAAGTTGACCA_002,34
GGGACCCAGGAAGTTGACCA_003,121
GGGACCCAGGAAGTTGACCA_004,166
GGGACCCAGGAAGTTGACCA_005,119
GGGACCCAGGAAGTTGACCA_006,48
GGGACCCAGGAAGTTGACCA_007,48
GGGACCCAGGAAGTTGACCA_008,130
GGGACCCAGGAAGTTGACCA_009,8
GGGACCCAGGAAGTTGACCA_010,172
GGGACCCAGGAAGTTGACCA_011,67
TAAACAGAGAGAGATGCTCA_001,171
TAAACAGAGAGAGATGCTCA_002,115
TAAACAGAGAGAGATGCTCA_003,37
TAAACAGAGAGAGATGCTCA_004,81
TAAACAGAGAGAGATGCTCA_005,178
TAAACAGAGAGAGATGCTCA_006,8
TAAACAGAGAGAGATGCTCA_007,49
TAAACAGAGAGAGATGCTCA_008,76
TAAACAGAGAGAGATGCTCA_009,148
TAAACAGAGAGAGATGCTCA_010,123
TAAACAGAGAGAGATGCTCA_011,80
TAAACAGAGAGAGATGCTCA_012,3
TGCTGAGCTAATCTTTGTTG_001,40
GAACTCCCTGCCAGATATCG_001,30
TCCGAGACCACTGTGCCGAG_001,113
TCCGAGACCACTGTGCCGAG_002,43
TCCGAGACCACTGTGCCGAG_003,199
TCCGAGACCACTGTGCCGAG_004,190
TCCGAGACCACTGTGCCGAG_005,146
TCCGAGACCACTGTGCCGAG_006,150
GCATGTAATAGATAGCATTG_001,103
GGCGAAGTCAGGGATCTCGG_001,64
GGCGAAGTCAGGGATCTCGG_002,102
GGCGAAGTCAGGGATCTCGG_003,36
GGCGAAGTCAGGGATCTCGG_004,48
GGCGAAGTCAGGGATCTCGG_005,28
GGCGAAGTCAGGGATCTCGG_006,39
GGCGAAGTCAGGGATCTCGG_007,40
GGCGAAGTCAGGGATCTCGG_008,157
GGCGAAGTCAGGGATCTCGG_009,155
GGCGAAGTCAGGGATCTCGG_010,46
GGCGAAGTCAGGGATCTCGG_011,103
GGCGAAGTCAGGGATCTCGG_012,133
GGCGAAGTCAGGGATCTCGG_013,180
GGCGAAGTCAGGGATCTCGG_014,41
GGCGAAGTCAGGGATCTCGG_015,191
TGCACAGGATGAGTCCGCCG_001,61
TGCACAGGATGAGTCCGCCG_002,160
TGCACAGGATGAGTCCGCCG_003,23
TGCACAGGATGAGTCCGCCG_004,146
TGCACAGGATGAGTCCGCCG_005,37
TGCACAGGATGAGTCCGCCG_006,82
TGCACAGGATGAGTCCGCCG_007,190
TGCACAGGATGAGTCCGCCG_008,177
TGCACAGGATGAGTCCGCCG_009,60
TGCACAGGATGAGTCCGCCG_010,21
TGCACAGGATGAGTCCGCCG_011,1
TGCACAGGATGAGTCCGCCG_012,133
AGGGTAAGCTCAGTTGGACC_001,4
AGGGTAAGCTCAGTTGGACC_002,12
AGGGTAAGCTCAGTTGGACC_003,162
AGGGTAAGCTCAGTTGGACC_004,170
AGGGTAAGCTCAGTTGGACC_005,25
AGGGTAAGCTCAGTTGGACC_006,88
AATGTGGTGGAACAACTGAA_001,16
AATGTGGTGGAACAACTGAA_002,12
GCCGCCGCGTCCCAGTCCCG_001,184
GCCGCCGCGTCCCAGTCCCG_002,184
GCCGCCGCGTCCCAGTCCCG_003,102
GCCGCCGCGTCCCAGTCCCG_004,116
GTCAGACTATAACCCAGCCG_001,16
CGACGGAATTCCAGTCTCTG_001,182
CGACGGAATTCCAGTCTCTG_002,115
CGACGGAATTCCAGTCTCTG_003,70
CGACGGAATTCCAGTCTCTG_004,48
CGACGGAATTCCAGTCTCTG_005,127
CGACGGAATTCCAGTCTCTG_006,27
CGACGGAATTCCAGTCTCTG_007,26
CGACGGAATTCCAGTCTCTG_008,112
CGACGGAATTCCAGTCTCTG_009,74
CGACGGAATTCCAGTCTCTG_010,107
CGACGGAATTCCAGTCTCTG_011,4
CGACGGAATTCCAGTCTCTG_012,127
CGACGGAATTCCAGTCTCTG_013,19
TCTGGGCACTGCCTGATGAG_001,28
TCTGGGCACTGCCTGATGAG_002,27
AGCTGGAGCAAGTATTGGCG_001,56
AGCTGGAGCAAGTATTGGCG_002,144
AGCTGGAGCAAGTATTGGCG_003,137
AATTAATGTGATGAAGCGAA_001,107
AATTAATGTGATGAAGCGAA_002,170
AATTAATGTGATGAAGCGAA_003,177
AATTAATGTGATGAAGCGAA_004,184
AATTAATGTGATGAAGCGAA_005,106
GTGTATGGCGACTGGACTAG_001,170
GTGTATGGCGACTGGACTAG_002,64
GTGTATGGCGACTGGACTAG_003,49
GTGTATGGCGACTGGACTAG_004,129
GTGTATGGCGACTGGACTAG_005,80
GTGTATGGCGACTGGACTAG_006,10
GTGTATGGCGACTGGACTAG_007,25
GTGTATGGCGACTGGACTAG_008,150
GTGTATGGCGACTGGACTAG_009,147
GTGTATGGCGACTGGACTAG_010,164
TGACACATCAATATTTGAAG_001,126
TGACACATCAATATTTGAAG_002,182
TGACACATCAATATTTGAAG_003,198
AAGACCTGCGCTTCACACCA_001,141
AAGACCTGCGCTTCACACCA_002,132
AAGACCTGCGCTTCACACCA_003,125
AAGACCTGCGCTTCACACCA_004,146
AAGACCTGCGCTTCACACCA_005,116
AAGACCTGCGCTTCACACCA_006,182
AAGACCTGCGCTTCACACCA_007,96
AAGACCTGCGCTTCACACCA_008,148
AAGACCTGCGCTTCACACCA_009,78
AAGACCTGCGCTTCACACCA_010,112
AAGACCTGCGCTTCACACCA_011,137
AAGACCTGCGCTTCACACCA_012,48
AAGACCTGCGCTTCACACCA_013,192
AAGACCTGCGCTTCACACCA_014,19
AAGACCTGCGCTTCACACCA_015,41
AAGACCTGCGCTTCACACCA_016,138
AAGACCTGCGCTTCACACCA_017,49
CAGTCACAGATAAATTTCCA_001,24
CAGTCACAGATAAATTTCCA_002,186
CAGTCACAGATAAATTTCCA_003,1
CAGTCACAGATAAATTTCCA_004,129
CAGTCACAGATAAATTTCCA_005,83
GGACTCAGTGAAACCTGCTG_001,177
GGACTCAGTGAAACCTGCTG_002,106
GGACTCAGTGAAACCTGCTG_003,77
GGACTCAGTGAAACCTGCTG_004,162
GGACTCAGTGAAACCTGCTG_005,22
GGACTCAGTGAAACCTGCTG_006,155
GGACTCAGTGAAACCTGCTG_007,68
GGACTCAGTGAAACCTGCTG_008,121
GGACTCAGTGAAACCTGCTG_009,15
GGACTCAGTGAAACCTGCTG_010,57
GGACTCAGTGAAACCTGCTG_011,193
GGACTCAGTGAAACCTGCTG_012,163
GGACTCAGTGAAACCTGCTG_013,107
GGACTCAGTGAAACCTGCTG_014,176
GGACTCAGTGAAACCTGCTG_015,50
GGACTCAGTGAAACCTGCTG_016,150
GGACTCAGTGAAACCTGCTG_017,136
GGACTCAGTGAAACCTGCTG_018,148
GGACTCAGTGAAACCTGCTG_019,133
GGCCTGCTAGCTTGAATGAG_001,116
GGCCTGCTAGCTTGAATGAG_002,133
GGCCTGCTAGCTTGAATGAG_003,126
AATACACATCACCTCAGGAG_001,175
AATACACATCACCTCAGGAG_002,35
AATACACATCACCTCAGGAG_003,15
AATACACATCACCTCAGGAG_004,54
AATACACATCACCTCAGGAG_005,106
AATACACATCACCTCAGGAG_006,142
AATACACATCACCTCAGGAG_007,78
AATACACATCACCTCAGGAG_008,155
GGAATTACGACTAACCGATT_001,172
GGAATTACGACTAACCGATT_002,76
GGAATTACGACTAACCGATT_003,34
GGAATTACGACTAACCGATT_004,61
GGAATTACGACTAACCGATT_005,8
GGAATTACGACTAACCGATT_006,126
GGAATTACGACTAACCGATT_007,149
GGAATTACGACTAACCGATT_008,133
GGAATTACGACTAACCGATT_009,61
GGAATTACGACTAACCGATT_010,161
TCAAGCCTAGGTTCACAGCG_001,30
TCAAGCCTAGGTTCACAGCG_002,22
TCAAGCCTAGGTTCACAGCG_003,133
ACCTGCCTCACAGTGCAGGG_001,29
ACCTGCCTCACAGTGCAGGG_002,181
ACCTGCCTCACAGTGCAGGG_003,171
ACCTGCCTCACAGTGCAGGG_004,77
ACCTGCCTCACAGTGCAGGG_005,94
ACCTGCCTCACAGTGCAGGG_006,145
ACCTGCCTCACAGTGCAGGG_007,115
ACCTGCCTCACAGTGCAGGG_008,115
ACCTGCCTCACAGTGCAGGG_009,100
ACCTGCCTCACAGTGCAGGG_010,104
ACCTGCCTCACAGTGCAGGG_011,105
ACCTGCCTCACAGTGCAGGG_012,49
ACCTGCCTCACAGTGCAGGG_013,127
ACCTGCCTCACAGTGCAGGG_014,141
ACCTGCCTCACAGTGCAGGG_015,48
ACCTGCCTCACAGTGCAGGG_016,6
ACCTGCCTCACAGTGCAGGG_017,60
ACCTGCCTCACAGTGCAGGG_018,84
ACCTGCCTCACAGTGCAGGG_019,125
ACCTGCCTCACAGTGCAGGG_020,155
ACCTGCCTCACAGTGCAGGG_021,144
ACCTGCCTCACAGTGCAGGG_022,34
ACCTGCCTCACAGTGCAGGG_023,60
ACCTGCCTCACAGTGCAGGG_024,188
ACCTGCCTCACAGTGCAGGG_025,122
ACCTGCCTCACAGTGCAGGG_026,132
ACCTGCCTCACAGTGCAGGG_027,153
ACCTGCCTCACAGTGCAGGG_028,105
ACCTGCCTCACAGTGCAGGG_029,168
ACCTGCCTCACAGTGCAGGG_030,129
ACCTGCCTCACAGTGCAGGG_031,137
ACCTGCCTCACAGTGCAGGG_032,175
ACCTGCCTCACAGTGCAGGG_033,175
ACCTGCCTCACAGTGCAGGG_034,63
ACCTGCCTCACAGTGCAGGG_035,77
ACCTGCCTCACAGTGCAGGG_036,70
ACCTGCCTCACAGTGCAGGG_037,117
ACCTGCCTCACAGTGCAGGG_038,25
ACCTGCCTCACAGTGCAGGG_039,97
ACCTGCCTCACAGTGCAGGG_040,91
ACCTGCCTCACAGTGCAGGG_041,151
ACCTGCCTCACAGTGCAGGG_042,22
ACCTGCCTCACAGTGCAGGG_043,93
TCTACAGAGACCATGACTGT_001,187
TCTACAGAGACCATGACTGT_002,63
TCTACAGAGACCATGACTGT_003,94
TCTACAGAGACCATGACTGT_004,77
TCTACAGAGACCATGACTGT_005,70
TCTACAGAGACCATGACTGT_006,50
GCAGCAATTTGCAAACTAGG_001,157
GCAGCAATTTGCAAACTAGG_002,166
GCAGCAATTTGCAAACTAGG_003,75
GCAGCAATTTGCAAACTAGG_004,49
GCTCGCGGATCTCGCCCAGG_001,63
GCTCGCGGATCTCGCCCAGG_002,63
GCTCGCGGATCTCGCCCAGG_003,183
GCTCGCGGATCTCGCCCAGG_004,93
GCTCGCGGATCTCGCCCAGG_005,117
GCTCGCGGATCTCGCCCAGG_006,126
GCTCGCGGATCTCGCCCAGG_007,60
GCTCGCGGATCTCGCCCAGG_008,17
GCTCGCGGATCTCGCCCAGG_009,149
TAATCTTCCTACAACAAGTG_001,41
TAATCTTCCTACAACAAGTG_002,145
TAATCTTCCTACAACAAGTG_003,71
TAATCTTCCTACAACAAGTG_004,80
TAATCTTCCTACAACAAGTG_005,133
AGGCCAAATTCCCAGTAACA_001,61
AGGCCAAATTCCCAGTAACA_002,182
AGCCCACCCCTAGTACTGGG_001,169
AGCCCACCCCTAGTACTGGG_002,23
AGCCCACCCCTAGTACTGGG_003,72
AGCCCACCCCTAGTACTGGG_004,77
AGCCCACCCCTAGTACTGGG_005,50
AGCCCACCCCTAGTACTGGG_006,19
AGCCCACCCCTAGTACTGGG_007,108
AGCCCACCCCTAGTACTGGG_008,5
AGCCCACCCCTAGTACTGGG_009,65
AGCCCACCCCTAGTACTGGG_010,80
AGCCCACCCCTAGTACTGGG_011,57
AGCCCACCCCTAGTACTGGG_012,26
AGCCCACCCCTAGTACTGGG_013,4
AGCCCACCCCTAGTACTGGG_014,159
AGCCCACCCCTAGTACTGGG_015,181
AGCCCACCCCTAGTACTGGG_016,68
AGCCCACCCCTAGTACTGGG_017,94
AGCCCACCCCTAGTACTGGG_018,144
AGCCCACCCCTAGTACTGGG_019,106
AGCCCACCCCTAGTACTGGG_020,63
AGCCCACCCCTAGTACTGGG_021,102
AGCCCACCCCTAGTACTGGG_022,28
AGCCCACCCCTAGTACTGGG_023,137
AGCCCACCCCTAGTACTGGG_024,98
AGCCCACCCCTAGTACTGGG_025,88
AGCCCACCCCTAGTACTGGG_026,40
AGCCCACCCCTAGTACTGGG_027,180
AGCCCACCCCTAGTACTGGG_028,104
ATGATGAACAAAGTCAGATC_001,177
AGGATGGAGGAATAGACGTG_001,105
AGGATGGAGGAATAGACGTG_002,19
AGGATGGAGGAATAGACGTG_003,56
AGGATGGAGGAATAGACGTG_004,137
AGGATGGAGGAATAGACGTG_005,145
AGGATGGAGGAATAGACGTG_006,116
AGGATGGAGGAATAGACGTG_007,28
AGGATGGAGGAATAGACGTG_008,70
AGGATGGAGGAATAGACGTG_009,70
AGGATGGAGGAATAGACGTG_010,155
AGGATGGAGGAATAGACGTG_011,9
AGGATGGAGGAATAGACGTG_012,108
AGGATGGAGGAATAGACGTG_013,61
AGGATGGAGGAATAGACGTG_014,150
AGGATGGAGGAATAGACGTG_015,152
AGGATGGAGGAATAGACGTG_016,150
AGGATGGAGGAATAGACGTG_017,113
AGGATGGAGGAATAGACGTG_018,106
AGGATGGAGGAATAGACGTG_019,186
CCGACAGGTGGCCGATATAG_001,190
CCGACAGGTGGCCGATATAG_002,189
GTAGAGGTTCATAAGCGTCA_001,149
GTAGAGGTTCATAAGCGTCA_002,149
GTAGAGGTTCATAAGCGTCA_003,199
GTAGAGGTTCATAAGCGTCA_004,127
GTAGAGGTTCATAAGCGTCA_005,43
GTAGAGGTTCATAAGCGTCA_006,16
CCAGGCATCGCACATCACGG_001,125
CCAGGCATCGCACATCACGG_002,100
CCAGGCATCGCACATCACGG_003,19
CCAGGCATCGCACATCACGG_004,193
CCAGGCATCGCACATCACGG_005,59
CCAGGCATCGCACATCACGG_006,163
CCAGGCATCGCACATCACGG_007,113
CCAGGCATCGCACATCACGG_008,128
CCAGGCATCGCACATCACGG_009,57
AGCAGACTCTACACCACTGA_001,172
AGCAGACTCTACACCACTGA_002,48
AGCAGACTCTACACCACTGA_003,111
ATGGCCATTTATGTGGCTGG_001,188
ATGGCCATTTATGTGGCTGG_002,88
ATGGCCATTTATGTGGCTGG_003,152
ATGGCCATTTATGTGGCTGG_004,166
GGAATCACATAGACCCCCGG_001,159
GGAATCACATAGACCCCCGG_002,67
GGAATCACATAGACCCCCGG_003,62
GGAATCACATAGACCCCCGG_004,168
ACGCGCGGACCCAAGAGCGA_001,147
ACGCGCGGACCCAAGAGCGA_002,148
ACGCGCGGACCCAAGAGCGA_003,70
ACGCGCGGACCCAAGAGCGA_004,63
ACGCGCGGACCCAAGAGCGA_005,169
ACGCGCGGACCCAAGAGCGA_006,180
ACGCGCGGACCCAAGAGCGA_007,63
CGAGGGCAACAGGTACTACG_001,58
CGAGGGCAACAGGTACTACG_002,93
CGAGGGCAACAGGTACTACG_003,40
CGAGGGCAACAGGTACTACG_004,57
CGAGGGCAACAGGTACTACG_005,41
CGAGGGCAACAGGTACTACG_006,3
CGAGGGCAACAGGTACTACG_007,35
GTGGCCTGGAAAATCAGATG_001,196
GTGGCCTGGAAAATCAGATG_002,19
GTGGCCTGGAAAATCAGATG_003,61
GTGGCCTGGAAAATCAGATG_004,98
ACACCGAGCATGTTCTTGCG_001,25
ACACCGAGCATGTTCTTGCG_002,70
ATGTCAAGAATAAGACACAG_001,148
ATGTCAAGAATAAGACACAG_002,102
ATGTCAAGAATAAGACACAG_003,160
ATGTCAAGAATAAGACACAG_004,180
ATGTCAAGAATAAGACACAG_005,0
ATGTCAAGAATAAGACACAG_006,152
ATGTCAAGAATAAGACACAG_007,76
ATGTCAAGAATAAGACACAG_008,76
ATGTCAAGAATAAGACACAG_009,1
ATGTCAAGAATAAGACACAG_010,79
ATGTCAAGAATAAGACACAG_011,152
ATGTCAAGAATAAGACACAG_012,113
TCCGGTAGCTAGGCGGAAGT_001,151
TCCGGTAGCTAGGCGGAAGT_002,129
TCCGGTAGCTAGGCGGAAGT_003,145
TCCGGTAGCTAGGCGGAAGT_004,63
TGAATGGGCAACCAGTGTTG_001,107
TGAATGGGCAACCAGTGTTG_002,62
TGAATGGGCAACCAGTGTTG_003,191
ACTTCACAGGCCCAGAACAA_001,175
ACTTCACAGGCCCAGAACAA_002,23
ACTTCACAGGCCCAGAACAA_003,5
ACTTCACAGGCCCAGAACAA_004,108
ACTTCACAGGCCCAGAACAA_005,188
ACTTCACAGGCCCAGAACAA_006,183
ACTTCACAGGCCCAGAACAA_007,194
CAGAAGGCTGTACATTGCCG_001,19
CAGAAGGCTGTACATTGCCG_002,2
CAGAAGGCTGTACATTGCCG_003,127
CGTTAGCAAAAGTTGTAAGA_001,162
CGTTAGCAAAAGTTGTAAGA_002,181
CGTTAGCAAAAGTTGTAAGA_003,188
CGTTAGCAAAAGTTGTAAGA_004,45
CGTTAGCAAAAGTTGTAAGA_005,122
CGTTAGCAAAAGTTGTAAGA_006,157
CGTTAGCAAAAGTTGTAAGA_007,160
CGTTAGCAAAAGTTGTAAGA_008,178
CAGAGAAAACGCAAGGACAG_001,38
CAGAGAAAACGCAAGGACAG_002,24
CAGAGAAAACGCAAGGACAG_003,5
CAGAGAAAACGCAAGGACAG_004,161
CAGAGAAAACGCAAGGACAG_005,197
CTTCCCTACGATATCTACAG_001,171
CTTCCCTACGATATCTACAG_002,49
CTTCCCTACGATATCTACAG_003,177
CTTCCCTACGATATCTACAG_004,168
CTTCCCTACGATATCTACAG_005,152
AACGTGTGGGACAAGAGCGA_001,42
AACGTGTGGGACAAGAGCGA_002,40
AACGTGTGGGACAAGAGCGA_003,127
AACGTGTGGGACAAGAGCGA_004,17
AACGTGTGGGACAAGAGCGA_005,72
AACGTGTGGGACAAGAGCGA_006,68
AACGTGTGGGACAAGAGCGA_007,130
AACGTGTGGGACAAGAGCGA_008,181
AACGTGTGGGACAAGAGCGA_009,41
AACGTGTGGGACAAGAGCGA_010,134
AACGTGTGGGACAAGAGCGA_011,162
AACGTGTGGGACAAGAGCGA_012,177
AACGTGTGGGACAAGAGCGA_013,30
AACGTGTGGGACAAGAGCGA_014,101
AACGTGTGGGACAAGAGCGA_015,150
AACGTGTGGGACAAGAGCGA_016,75
AACGTGTGGGACAAGAGCGA_017,27
AACGTGTGGGACAAGAGCGA_018,98
AACGTGTGGGACAAGAGCGA_019,68
AACGTGTGGGACAAGAGCGA_020,172
AACGTGTGGGACAAGAGCGA_021,102
AACGTGTGGGACAAGAGCGA_022,41
AACGTGTGGGACAAGAGCGA_023,133
AACGTGTGGGACAAGAGCGA_024,69
AACGTGTGGGACAAGAGCGA_025,175
AACGTGTGGGACAAGAGCGA_026,35
AACGTGTGGGACAAGAGCGA_027,26
AACGTGTGGGACAAGAGCGA_028,107
AACGTGTGGGACAAGAGCGA_029,13
AACGTGTGGGACAAGAGCGA_030,99
AACGTGTGGGACAAGAGCGA_031,118
AACGTGTGGGACAAGAGCGA_032,78
AACGTGTGGGACAAGAGCGA_033,34
AACGTGTGGGACAAGAGCGA_034,138
AACGTGTGGGACAAGAGCGA_035,166
AACGTGTGGGACAAGAGCGA_036,36
AACGTGTGGGACAAGAGCGA_037,135
AACGTGTGGGACAAGAGCGA_038,160
AACGTGTGGGACAAGAGCGA_039,189
CAGGGCAAGTCCGAAGGTGA_001,133
CAGGGCAAGTCCGAAGGTGA_002,48
CAGGGCAAGTCCGAAGGTGA_003,142
CAGGGCAAGTCCGAAGGTGA_004,171
CAGGGCAAGTCCGAAGGTGA_005,77
CAGGGCAAGTCCGAAGGTGA_006,148
CAGGGCAAGTCCGAAGGTGA_007,38
ATCATCTCCAGCATTAAACA_001,15
ATCATCTCCAGCATTAAACA_002,188
ATCATCTCCAGCATTAAACA_003,125
ATCATCTCCAGCATTAAACA_004,125
ATCATCTCCAGCATTAAACA_005,166
ATCATCTCCAGCATTAAACA_006,122
ATCATCTCCAGCATTAAACA_007,146
ATCATCTCCAGCATTAAACA_008,126
TTGTTCTGAGAGCAAGACAT_001,140
TTGTTCTGAGAGCAAGACAT_002,132
TTGTTCTGAGAGCAAGACAT_003,72
TTGTTCTGAGAGCAAGACAT_004,68
TTGTTCTGAGAGCAAGACAT_005,43
TTGTTCTGAGAGCAAGACAT_006,145
TTGTTCTGAGAGCAAGACAT_007,72
TTGTTCTGAGAGCAAGACAT_008,66
GTCCAGAACGTCCACGTGTG_001,170
GTCCAGAACGTCCACGTGTG_002,48
GTCCAGAACGTCCACGTGTG_003,136
GTCCAGAACGTCCACGTGTG_004,162
GTCCAGAACGTCCACGTGTG_005,167
GTCCAGAACGTCCACGTGTG_006,146
GTCCAGAACGTCCACGTGTG_007,199
GTCCAGAACGTCCACGTGTG_008,57
GTCCAGAACGTCCACGTGTG_009,81
GTCCAGAACGTCCACGTGTG_010,74
GTCCAGAACGTCCACGTGTG_011,171
GTCCAGAACGTCCACGTGTG_012,58
GTCCAGAACGTCCACGTGTG_013,190
GTCCAGAACGTCCACGTGTG_014,133
GTCCAGAACGTCCACGTGTG_015,190
GTCCAGAACGTCCACGTGTG_016,21
GTCCAGAACGTCCACGTGTG_017,138
GTCCAGAACGTCCACGTGTG_018,46
GTCCAGAACGTCCACGTGTG_019,121
CTGCCCGATGATGACCGCCG_001,150
CTGCCCGATGATGACCGCCG_002,153
AGGCCTGACTTACGTGACTG_001,80
AGGCCTGACTTACGTGACTG_002,169
AGGCCTGACTTACGTGACTG_003,88
AGGCCTGACTTACGTGACTG_004,160
AGGCCTGACTTACGTGACTG_005,29
AGGCCTGACTTACGTGACTG_006,50
AGGCCTGACTTACGTGACTG_007,19
AGGCCTGACTTACGTGACTG_008,144
AGGCCTGACTTACGTGACTG_009,103
AGGCCTGACTTACGTGACTG_010,147
AGGCCTGACTTACGTGACTG_011,57
AGGCCTGACTTACGTGACTG_012,197
AGGCCTGACTTACGTGACTG_013,103
AGGCCTGACTTACGTGACTG_014,116
AGGCCTGACTTACGTGACTG_015,43
AGGCCTGACTTACGTGACTG_016,94
AGGCCTGACTTACGTGACTG_017,185
AGGCCTGACTTACGTGACTG_018,176
AGGCCTGACTTACGTGACTG_019,196
AGGCCTGACTTACGTGACTG_020,23
AGGCCTGACTTACGTGACTG_021,64
AGGCCTGACTTACGTGACTG_022,19
AGGCCTGACTTACGTGACTG_023,121
AGGCCTGACTTACGTGACTG_024,166
AGGCCTGACTTACGTGACTG_025,10
AGGCCTGACTTACGTGACTG_026,6
AGGCCTGACTTACGTGACTG_027,47
GGGGGGTAGAGTCTGATCAG_001,183
GGGGGGTAGAGTCTGATCAG_002,145
GGGGGGTAGAGTCTGATCAG_003,137
GGGGGGTAGAGTCTGATCAG_004,51
GGGGGGTAGAGTCTGATCAG_005,100
GGGGGGTAGAGTCTGATCAG_006,181
GGGGGGTAGAGTCTGATCAG_007,20
GGGGGGTAGAGTCTGATCAG_008,177
TCTGCTCATATGTCAACCAG_001,126
TCCAGAAGAGATCATTCAGG_001,60
TCCAGAAGAGATCATTCAGG_002,94
TCCAGAAGAGATCATTCAGG_003,88
ACAGTCCTGGCAATAGACAA_001,77
ACAGTCCTGGCAATAGACAA_002,150
ACAGTCCTGGCAATAGACAA_003,78
ACAGTCCTGGCAATAGACAA_004,41
ACAGTCCTGGCAATAGACAA_005,166
ACAGTCCTGGCAATAGACAA_006,0
ACAGTCCTGGCAATAGACAA_007,36
ACAGTCCTGGCAATAGACAA_008,183
ACAGTCCTGGCAATAGACAA_009,77
ACAGTCCTGGCAATAGACAA_010,77
ACAGTCCTGGCAATAGACAA_011,141
ACAGTCCTGGCAATAGACAA_012,149
ACAGTCCTGGCAATAGACAA_013,15
ACAGTCCTGGCAATAGACAA_014,70
ACAGTCCTGGCAATAGACAA_015,27
ACAGTCCTGGCAATAGACAA_016,185
ACAGTCCTGGCAATAGACAA_017,52
ACAGTCCTGGCAATAGACAA_018,77
ACAGTCCTGGCAATAGACAA_019,40
ACAGTCCTGGCAATAGACAA_020,69
ACAGTCCTGGCAATAGACAA_021,35
ACAGTCCTGGCAATAGACAA_022,27
ACAGTCCTGGCAATAGACAA_023,37
ACAGTCCTGGCAATAGACAA_024,138
ACAGTCCTGGCAATAGACAA_025,63
ACAGTCCTGGCAATAGACAA_026,107
ACAGTCCTGGCAATAGACAA_027,47
ACAGTCCTGGCAATAGACAA_028,6
ACAGTCCTGGCAATAGACAA_029,95
ACAGTCCTGGCAATAGACAA_030,61
ACAGTCCTGGCAATAGACAA_031,168
ACAGTCCTGGCAATAGACAA_032,32
ACAGTCCTGGCAATAGACAA_033,101
ACAGTCCTGGCAATAGACAA_034,11
ACAGTCCTGGCAATAGACAA_035,165
ACAGTCCTGGCAATAGACAA_036,183
ACAGTCCTGGCAATAGACAA_037,40
ACAGTCCTGGCAATAGACAA_038,27
ACAGTCCTGGCAATAGACAA_039,176
ACAGTCCTGGCAATAGACAA_040,107
ACAGTCCTGGCAATAGACAA_041,190
AGGCACTCGTACAGACTCAA_001,94
AGGCACTCGTACAGACTCAA_002,30
AGGCACTCGTACAGACTCAA_003,17
AGGCACTCGTACAGACTCAA_004,82
AGGCACTCGTACAGACTCAA_005,163
AGGCACTCGTACAGACTCAA_006,63
AGGCACTCGTACAGACTCAA_007,112
AGGCACTCGTACAGACTCAA_008,121
AGGCACTCGTACAGACTCAA_009,120
AGGCACTCGTACAGACTCAA_010,144
AGGCACTCGTACAGACTCAA_011,163
AGGCACTCGTACAGACTCAA_012,146
AGGCACTCGTACAGACTCAA_013,125
GGCATTCATCGTCTACACAG_001,93
GGCATTCATCGTCTACACAG_002,175
GGCATTCATCGTCTACACAG_003,125
GGCATTCATCGTCTACACAG_004,181
GGCATTCATCGTCTACACAG_005,12
ACTCTGCATGACAGTATCAC_001,130
ACTCTGCATGACAGTATCAC_002,161
ACTCTGCATGACAGTATCAC_003,16
ACTCTGCATGACAGTATCAC_004,28
ACTCTGCATGACAGTATCAC_005,102
GCCTCCGAGAGCTTCCACAG_001,166
GCCTCCGAGAGCTTCCACAG_002,114
GCCTCCGAGAGCTTCCACAG_003,114
GCCTCCGAGAGCTTCCACAG_004,34
GCCTCCGAGAGCTTCCACAG_005,129
GCCTCCGAGAGCTTCCACAG_006,107
GCCTCCGAGAGCTTCCACAG_007,194
GCCTCCGAGAGCTTCCACAG_008,174
GCCTCCGAGAGCTTCCACAG_009,30
GCCTCCGAGAGCTTCCACAG_010,27
GCCTCCGAGAGCTTCCACAG_011,191
GCCTCCGAGAGCTTCCACAG_012,96
GCCTCCGAGAGCTTCCACAG_013,149
GCCTCCGAGAGCTTCCACAG_014,71
GCCTCCGAGAGCTTCCACAG_015,188
GCCTCCGAGAGCTTCCACAG_016,141
GCCTCCGAGAGCTTCCACAG_017,177
GCCTCCGAGAGCTTCCACAG_018,108
GCCTCCGAGAGCTTCCACAG_019,1
GCCTCCGAGAGCTTCCACAG_020,22
GCCTCCGAGAGCTTCCACAG_021,127
GCCTCCGAGAGCTTCCACAG_022,150
GCCTCCGAGAGCTTCCACAG_023,26
GCCTCCGAGAGCTTCCACAG_024,116
GCCTCCGAGAGCTTCCACAG_025,23
GCCTCCGAGAGCTTCCACAG_026,148
GCCTCCGAGAGCTTCCACAG_027,130
GCCTCCGAGAGCTTCCACAG_028,120
GCCTCCGAGAGCTTCCACAG_029,105
GCCTCCGAGAGCTTCCACAG_030,103
GCCTCCGAGAGCTTCCACAG_031,63
GCCTCCGAGAGCTTCCACAG_032,159
GCCTCCGAGAGCTTCCACAG_033,32
GCCTCCGAGAGCTTCCACAG_034,36
GCCTCCGAGAGCTTCCACAG_035,133
GCCTCCGAGAGCTTCCACAG_036,15
GCCTCCGAGAGCTTCCACAG_037,124
GCCTCCGAGAGCTTCCACAG_038,147
TTGATAACCTAATCCGGCGG_001,73
TTGATAACCTAATCCGGCGG_002,137
TTGATAACCTAATCCGGCGG_003,121
TTGATAACCTAATCCGGCGG_004,111
TTGATAACCTAATCCGGCGG_005,45
TTGATAACCTAATCCGGCGG_006,185
TTGATAACCTAATCCGGCGG_007,144
TTGATAACCTAATCCGGCGG_008,92
CAGGACTCATGTTCAACACG_001,70
CAGGACTCATGTTCAACACG_002,65
CAGGACTCATGTTCAACACG_003,177
CAGGACTCATGTTCAACACG_004,162
CAGGACTCATGTTCAACACG_005,40
TTGTAGATCCTGGTGAATGT_001,117
CCAGACAGGAATACAACCAG_001,128
CCAGACAGGAATACAACCAG_002,141
CCAGACAGGAATACAACCAG_003,91
CCAGACAGGAATACAACCAG_004,190
CCAGACAGGAATACAACCAG_005,174
CCAGACAGGAATACAACCAG_006,41
CCAGACAGGAATACAACCAG_007,125
CCAGACAGGAATACAACCAG_008,188
CCAGACAGGAATACAACCAG_009,56
CCAGACAGGAATACAACCAG_010,160
CCAGACAGGAATACAACCAG_011,37
CCAGACAGGAATACAACCAG_012,188
CCAGACAGGAATACAACCAG_013,33
CCAGACAGGAATACAACCAG_014,115
CCAGACAGGAATACAACCAG_015,175
CCAGACAGGAATACAACCAG_016,113
CCAGACAGGAATACAACCAG_017,152
CACTAGACTCACCTTCAAAG_001,181
CACTAGACTCACCTTCAAAG_002,130
CACTAGACTCACCTTCAAAG_003,83
CACTAGACTCACCTTCAAAG_004,48
AGGTAGACGGCATCAAAGTG_001,23
AGGTAGACGGCATCAAAGTG_002,25
ACTGCTTGTCCTGTGACCAC_001,77
ACTGCTTGTCCTGTGACCAC_002,76
ACTGCTTGTCCTGTGACCAC_003,5
ACTGCTTGTCCTGTGACCAC_004,15
ACTGCTTGTCCTGTGACCAC_005,118
ACTGCTTGTCCTGTGACCAC_006,8
ACTGCTTGTCCTGTGACCAC_007,48
ACTGCTTGTCCTGTGACCAC_008,66
ACTGCTTGTCCTGTGACCAC_009,182
ACTGCTTGTCCTGTGACCAC_010,199
ACTGCTTGTCCTGTGACCAC_011,102
ACTGCTTGTCCTGTGACCAC_012,130
ACTGCTTGTCCTGTGACCAC_013,175
CATCCTATGATAAGACAGTG_001,175
TGGCGATGAAGTTTCCAGCG_001,119
TGGCGATGAAGTTTCCAGCG_002,44
TGGCGATGAAGTTTCCAGCG_003,41
TGGCGATGAAGTTTCCAGCG_004,145
TGGCGATGAAGTTTCCAGCG_005,8
CTTTGCCACTTGAAGATGGG_001,119
CTTTGCCACTTGAAGATGGG_002,156
CTTTGCCACTTGAAGATGGG_003,121
CTTTGCCACTTGAAGATGGG_004,73
CTTTGCCACTTGAAGATGGG_005,103
CTTTGCCACTTGAAGATGGG_006,84
CTTTGCCACTTGAAGATGGG_007,172
CTTTGCCACTTGAAGATGGG_008,20
CGCCTCGTCAGATGTCGACA_001,115
CGCCTCGTCAGATGTCGACA_002,188
CGCCTCGTCAGATGTCGACA_003,175
CGCCTCGTCAGATGTCGACA_004,79
CGCCTCGTCAGATGTCGACA_005,60
CTATGTGGCCAGAAATCCCA_001,118
CTATGTGGCCAGAAATCCCA_002,116
CTATGTGGCCAGAAATCCCA_003,8
CTATGTGGCCAGAAATCCCA_004,75
CTATGTGGCCAGAAATCCCA_005,174
CTATGTGGCCAGAAATCCCA_006,55
CTATGTGGCCAGAAATCCCA_007,127
CTATGTGGCCAGAAATCCCA_008,68
CTATGTGGCCAGAAATCCCA_009,178
CTATGTGGCCAGAAATCCCA_010,48
CTATGTGGCCAGAAATCCCA_011,114
CTATGTGGCCAGAAATCCCA_012,148
CTATGTGGCCAGAAATCCCA_013,162
CTATGTGGCCAGAAATCCCA_014,148
CTATGTGGCCAGAAATCCCA_015,142
CTATGTGGCCAGAAATCCCA_016,123
GCAGGTGGCGTGCGTCTGCG_001,166
GCAGGTGGCGTGCGTCTGCG_002,58
GCAGGTGGCGTGCGTCTGCG_003,137
GCAGGTGGCGTGCGTCTGCG_004,130
GCAGGTGGCGTGCGTCTGCG_005,121
GCAGGTGGCGTGCGTCTGCG_006,23
GCAGGTGGCGTGCGTCTGCG_007,114
GCAGGTGGCGTGCGTCTGCG_008,174
GCAGGTGGCGTGCGTCTGCG_009,191
GCAGGTGGCGTGCGTCTGCG_010,116
GCAGGTGGCGTGCGTCTGCG_011,9
GCAGGTGGCGTGCGTCTGCG_012,1
GCAGGTGGCGTGCGTCTGCG_013,168
GCAGGTGGCGTGCGTCTGCG_014,69
GCAGGTGGCGTGCGTCTGCG_015,12
GCAGGTGGCGTGCGTCTGCG_016,65
GCAGGTGGCGTGCGTCTGCG_017,129
GCCTCAGCGCCGAGTTGGTG_001,172
GCCTCAGCGCCGAGTTGGTG_002,56
GCCTCAGCGCCGAGTTGGTG_003,43
GCCTCAGCGCCGAGTTGGTG_004,70
GCCTCAGCGCCGAGTTGGTG_005,94
GCCTCAGCGCCGAGTTGGTG_006,147
GCCTCAGCGCCGAGTTGGTG_007,65
GCCTCAGCGCCGAGTTGGTG_008,55
GCCTCAGCGCCGAGTTGGTG_009,136
GCCTCAGCGCCGAGTTGGTG_010,136
GCCTCAGCGCCGAGTTGGTG_011,8
GCCTCAGCGCCGAGTTGGTG_012,76
GCCTCAGCGCCGAGTTGGTG_013,103
GCCTCAGCGCCGAGTTGGTG_014,88
GCCTCAGCGCCGAGTTGGTG_015,107
GCCTCAGCGCCGAGTTGGTG_016,103
GCCTCAGCGCCGAGTTGGTG_017,2
GCCTCAGCGCCGAGTTGGTG_018,52
GCCTCAGCGCCGAGTTGGTG_019,21
GCCTCAGCGCCGAGTTGGTG_020,95
GCCTCAGCGCCGAGTTGGTG_021,166
GCCTCAGCGCCGAGTTGGTG_022,81
GCCTCAGCGCCGAGTTGGTG_023,185
GCCTCAGCGCCGAGTTGGTG_024,166
GCCTCAGCGCCGAGTTGGTG_025,15
TCTGCTGTAACCACCGCTGG_001,32
TCTGCTGTAACCACCGCTGG_002,64
TCTGCTGTAACCACCGCTGG_003,150
TCTGCTGTAACCACCGCTGG_004,76
TCTGCTGTAACCACCGCTGG_005,85
TCTGCTGTAACCACCGCTGG_006,196
TCTGCTGTAACCACCGCTGG_007,134
TCTGCTGTAACCACCGCTGG_008,43
TCTGCTGTAACCACCGCTGG_009,108
TCTGCTGTAACCACCGCTGG_010,20
TCTGCTGTAACCACCGCTGG_011,121
TCTGCTGTAACCACCGCTGG_012,42
TCTGCTGTAACCACCGCTGG_013,142
TCTGCTGTAACCACCGCTGG_014,28
TCTGCTGTAACCACCGCTGG_015,191
TCTGCTGTAACCACCGCTGG_016,91
TCTGCTGTAACCACCGCTGG_017,148
TTGTCCCAGTCTCACTCGAG_001,152
TTGTCCCAGTCTCACTCGAG_002,188
TTGTCCCAGTCTCACTCGAG_003,67
TTGTCCCAGTCTCACTCGAG_004,83
TTGTCCCAGTCTCACTCGAG_005,47
TTGTCCCAGTCTCACTCGAG_006,80
TTGTCCCAGTCTCACTCGAG_007,55
TTGTCCCAGTCTCACTCGAG_008,129
TTGTCCCAGTCTCACTCGAG_009,41
GACAAGGTCCCAAAGACAGC_001,90
GACAAGGTCCCAAAGACAGC_002,90
GACAAGGTCCCAAAGACAGC_003,166
GACAAGGTCCCAAAGACAGC_004,197
GACAAGGTCCCAAAGACAGC_005,28
GACAAGGTCCCAAAGACAGC_006,179
GACAAGGTCCCAAAGACAGC_007,9
GACAAGGTCCCAAAGACAGC_008,4
GACAAGGTCCCAAAGACAGC_009,4
GACAAGGTCCCAAAGACAGC_010,12
GACAAGGTCCCAAAGACAGC_011,169
ACACGAGCCAGTACAAGGGT_001,53
ACACGAGCCAGTACAAGGGT_002,1
ACACGAGCCAGTACAAGGGT_003,149
ACACGAGCCAGTACAAGGGT_004,149
ACACGAGCCAGTACAAGGGT_005,77
ACACGAGCCAGTACAAGGGT_006,81
ACACGAGCCAGTACAAGGGT_007,139
ACACGAGCCAGTACAAGGGT_008,25
ACACGAGCCAGTACAAGGGT_009,121
CCTGGCCGAGTACTTTATCG_001,172
CCTGGCCGAGTACTTTATCG_002,62
CCTGGCCGAGTACTTTATCG_003,29
CCTGGCCGAGTACTTTATCG_004,19
GGTGACGCCTCCTCGTGGCA_001,171
GGTGACGCCTCCTCGTGGCA_002,121
AGGACCGACGCAATCCCATG_001,48
AGGACCGACGCAATCCCATG_002,105
AGGACCGACGCAATCCCATG_003,170
AGGACCGACGCAATCCCATG_004,9
AGGACCGACGCAATCCCATG_005,34
AGCAGATGGGAACTTGCCAG_001,50
AGCAGATGGGAACTTGCCAG_002,116
AGCAGATGGGAACTTGCCAG_003,78
AGCAGATGGGAACTTGCCAG_004,174
AGCAGATGGGAACTTGCCAG_005,65
AGCAGATGGGAACTTGCCAG_006,28
AGCAGATGGGAACTTGCCAG_007,94
AGCAGATGGGAACTTGCCAG_008,31
AGCAGATGGGAACTTGCCAG_009,103
AGCAGATGGGAACTTGCCAG_010,31
AGCAGATGGGAACTTGCCAG_011,194
AGCAGATGGGAACTTGCCAG_012,172
AGCAGATGGGAACTTGCCAG_013,184
AGCAGATGGGAACTTGCCAG_014,161
AGCAGATGGGAACTTGCCAG_015,160
CATACTGGAATCCAATCGGA_001,135
CATACTGGAATCCAATCGGA_002,135
CATACTGGAATCCAATCGGA_003,102
CATACTGGAATCCAATCGGA_004,199
CATACTGGAATCCAATCGGA_005,156
CATACTGGAATCCAATCGGA_006,64
CATACTGGAATCCAATCGGA_007,182
CATACTGGAATCCAATCGGA_008,136
CATACTGGAATCCAATCGGA_009,46
CATACTGGAATCCAATCGGA_010,60
CTCAGGCCACAGCATCACAG_001,52
CTCAGGCCACAGCATCACAG_002,157
CTCAGGCCACAGCATCACAG_003,41
CTCAGGCCACAGCATCACAG_004,159
CTCAGGCCACAGCATCACAG_005,2
CTCAGGCCACAGCATCACAG_006,115
CTCAGGCCACAGCATCACAG_007,55
CTCAGGCCACAGCATCACAG_008,95
CTCAGGCCACAGCATCACAG_009,179
CTCAGGCCACAGCATCACAG_010,91
CTCAGGCCACAGCATCACAG_011,17
CTCAGGCCACAGCATCACAG_012,62
TATATCCAGCCCCATCGGTG_001,61
TATATCCAGCCCCATCGGTG_002,91
TATATCCAGCCCCATCGGTG_003,67
TATATCCAGCCCCATCGGTG_004,161
TATATCCAGCCCCATCGGTG_005,195
TCACATCACTGCGTAGGACC_001,124
TCACATCACTGCGTAGGACC_002,113
TCACATCACTGCGTAGGACC_003,162
TCACATCACTGCGTAGGACC_004,12
TCACATCACTGCGTAGGACC_005,10
TCACATCACTGCGTAGGACC_006,84
TCACATCACTGCGTAGGACC_007,12
TCACATCACTGCGTAGGACC_008,1
TCACATCACTGCGTAGGACC_009,75
TCCCGGCCCTCCATCAAGCG_001,29
TCCCGGCCCTCCATCAAGCG_002,9
TCCCGGCCCTCCATCAAGCG_003,60
TCCCGGCCCTCCATCAAGCG_004,61
TCCCGGCCCTCCATCAAGCG_005,179
TCCCGGCCCTCCATCAAGCG_006,14
TCCCGGCCCTCCATCAAGCG_007,107
TCCCGGCCCTCCATCAAGCG_008,60
TCCCGGCCCTCCATCAAGCG_009,160
TCCCGGCCCTCCATCAAGCG_010,110
TCCCGGCCCTCCATCAAGCG_011,137
TCCCGGCCCTCCATCAAGCG_012,145
TCCCGGCCCTCCATCAAGCG_013,117
TCCCGGCCCTCCATCAAGCG_014,111
TCCCGGCCCTCCATCAAGCG_015,68
TCCCGGCCCTCCATCAAGCG_016,12
TCCCGGCCCTCCATCAAGCG_017,171
TCCCGGCCCTCCATCAAGCG_018,82
TCCCGGCCCTCCATCAAGCG_019,104
TCCCGGCCCTCCATCAAGCG_020,10
TCCCGGCCCTCCATCAAGCG_021,18
TCCCGGCCCTCCATCAAGCG_022,153
TCCCGGCCCTCCATCAAGCG_023,177
TCCCGGCCCTCCATCAAGCG_024,137
TCCCGGCCCTCCATCAAGCG_025,72
TCCCGGCCCTCCATCAAGCG_026,72
TCCCGGCCCTCCATCAAGCG_027,188
TCCCGGCCCTCCATCAAGCG_028,91
TCCCGGCCCTCCATCAAGCG_029,86
CATCGTTAAAAATGCCCCAG_001,14
CATCGTTAAAAATGCCCCAG_002,15
CATCGTTAAAAATGCCCCAG_003,184
CATCGTTAAAAATGCCCCAG_004,56
CATCGTTAAAAATGCCCCAG_005,16
CATCGTTAAAAATGCCCCAG_006,67
CATCGTTAAAAATGCCCCAG_007,156
CATCGTTAAAAATGCCCCAG_008,159
CATCGTTAAAAATGCCCCAG_009,121
CATCGTTAAAAATGCCCCAG_010,10
GCCAGCGTGACCAACGACAG_001,149
GCCAGCGTGACCAACGACAG_002,32
GCCAGCGTGACCAACGACAG_003,185
GCCAGCGTGACCAACGACAG_004,8
GCCAGCGTGACCAACGACAG_005,140
GCCAGCGTGACCAACGACAG_006,63
AGGGGACAAGCCAAGCGGGT_001,102
AGGGGACAAGCCAAGCGGGT_002,149
CCAGGTTCTCTCCGTCAACG_001,29
CCAGGTTCTCTCCGTCAACG_002,168
CCAGGTTCTCTCCGTCAACG_003,154
CCAGGTTCTCTCCGTCAACG_004,194
CCAGGTTCTCTCCGTCAACG_005,175
CCAGGTTCTCTCCGTCAACG_006,63
AGCTGCTAGTCCACTCGCTG_001,45
AGCTGCTAGTCCACTCGCTG_002,43
AGCTGCTAGTCCACTCGCTG_003,96
AGCTGCTAGTCCACTCGCTG_004,197
AGCTGCTAGTCCACTCGCTG_005,83
AGCTGCTAGTCCACTCGCTG_006,113
AGCTGCTAGTCCACTCGCTG_007,62
CAAGAGTGAAATCCAGAAGG_001,149
CGCGCACGGAAGTTCAACGT_001,115
CGCGCACGGAAGTTCAACGT_002,23
CGCGCACGGAAGTTCAACGT_003,91
CGCGCACGGAAGTTCAACGT_004,15
CGCGCACGGAAGTTCAACGT_005,170
CGCGCACGGAAGTTCAACGT_006,170
CGCGCACGGAAGTTCAACGT_007,58
CTGAAGGATGTGTCTCACAA_001,134
CTGAAGGATGTGTCTCACAA_002,6
CTGAAGGATGTGTCTCACAA_003,77
CTGAAGGATGTGTCTCACAA_004,38
CTGAAGGATGTGTCTCACAA_005,22
CTGAAGGATGTGTCTCACAA_006,42
CTGAAGGATGTGTCTCACAA_007,168
CTGAAGGATGTGTCTCACAA_008,10
CTGAAGGATGTGTCTCACAA_009,117
GAGGATGCTTGTCCATCGAG_001,178
GAGGATGCTTGTCCATCGAG_002,193
GAGGATGCTTGTCCATCGAG_003,26
GAGGATGCTTGTCCATCGAG_004,14
GAGGATGCTTGTCCATCGAG_005,122
GAGGATGCTTGTCCATCGAG_006,68
GAGGATGCTTGTCCATCGAG_007,124
GAGGATGCTTGTCCATCGAG_008,165
ATGTTGAGAGGCAGTCCTCA_001,8
ATGTTGAGAGGCAGTCCTCA_002,4
ATGTTGAGAGGCAGTCCTCA_003,60
ATGTTGAGAGGCAGTCCTCA_004,68
ATGTTGAGAGGCAGTCCTCA_005,68
ATGTTGAGAGGCAGTCCTCA_006,166
ATGTTGAGAGGCAGTCCTCA_007,18
ATGTTGAGAGGCAGTCCTCA_008,54
ATGTTGAGAGGCAGTCCTCA_009,83
ATGTTGAGAGGCAGTCCTCA_010,176
ATGTTGAGAGGCAGTCCTCA_011,184
ATGTTGAGAGGCAGTCCTCA_012,91
ATGTTGAGAGGCAGTCCTCA_013,98
ATGTTGAGAGGCAGTCCTCA_014,79
ATGTTGAGAGGCAGTCCTCA_015,83
GTCGCCAGGATCACCGACAA_001,48
GTCGCCAGGATCACCGACAA_002,77
GTCGCCAGGATCACCGACAA_003,154
GTCGCCAGGATCACCGACAA_004,106
GTCGCCAGGATCACCGACAA_005,164
GTCGCCAGGATCACCGACAA_006,164
GTCGCCAGGATCACCGACAA_007,168
GTCGCCAGGATCACCGACAA_008,58
GAAGCCATCGGAGACAGGAA_001,88
GAAGCCATCGGAGACAGGAA_002,198
GAAGCCATCGGAGACAGGAA_003,140
GAAGCCATCGGAGACAGGAA_004,93
GAAGCCATCGGAGACAGGAA_005,115
GAAGCCATCGGAGACAGGAA_006,92
GAAGCCATCGGAGACAGGAA_007,118
GAAGCCATCGGAGACAGGAA_008,26
GAAGCCATCGGAGACAGGAA_009,68
GAAGCCATCGGAGACAGGAA_010,138
GAAGCCATCGGAGACAGGAA_011,144
GAAGCCATCGGAGACAGGAA_012,169
GAAGCCATCGGAGACAGGAA_013,88
GAAGCCATCGGAGACAGGAA_014,60
GAAGCCATCGGAGACAGGAA_015,162
GAAGCCATCGGAGACAGGAA_016,17
GAAGCCATCGGAGACAGGAA_017,128
GAAGCCATCGGAGACAGGAA_018,83
GAAGCCATCGGAGACAGGAA_019,103
GAAGCCATCGGAGACAGGAA_020,137
GAAGCCATCGGAGACAGGAA_021,33
GAAGCCATCGGAGACAGGAA_022,9
TGAATCCCGTCATATGACTC_001,58
TGAATCCCGTCATATGACTC_002,70
TGAATCCCGTCATATGACTC_003,82
TGAATCCCGTCATATGACTC_004,88
AGAACTCCGTGTAAACGCAG_001,17
AGAACTCCGTGTAAACGCAG_002,114
CTGTGGTTGTCGAATCCCAG_001,1
CTGTGGTTGTCGAATCCCAG_002,9
CTGTGGTTGTCGAATCCCAG_003,128
CTGTGGTTGTCGAATCCCAG_004,38
CTGTGGTTGTCGAATCCCAG_005,4
CTGTGGTTGTCGAATCCCAG_006,193
CTGTGGTTGTCGAATCCCAG_007,41
CTGTGGTTGTCGAATCCCAG_008,15
CTGTGGTTGTCGAATCCCAG_009,48
CTGTGGTTGTCGAATCCCAG_010,70
CTGTGGTTGTCGAATCCCAG_011,175
CTGTGGTTGTCGAATCCCAG_012,47
CTGTGGTTGTCGAATCCCAG_013,150
CTGTGGTTGTCGAATCCCAG_014,99
AGTACTGGAATGACATCCAC_001,124
AGTACTGGAATGACATCCAC_002,30
AGTACTGGAATGACATCCAC_003,169
AGTACTGGAATGACATCCAC_004,106
AGTACTGGAATGACATCCAC_005,48
GGAGCATCCATGGTCCACAG_001,15
GGAGCATCCATGGTCCACAG_002,22
GGAGCATCCATGGTCCACAG_003,48
GGAGCATCCATGGTCCACAG_004,143
GGAGCATCCATGGTCCACAG_005,143
GGAGCATCCATGGTCCACAG_006,45
GGAGCATCCATGGTCCACAG_007,68
GGCCCCTAACTATTTGTCCA_001,170
GGCCCCTAACTATTTGTCCA_002,48
AGAGACTGGAGGGCACTTAG_001,51
AGAGACTGGAGGGCACTTAG_002,48
AGAGACTGGAGGGCACTTAG_003,158
AGAGACTGGAGGGCACTTAG_004,161
AGAGACTGGAGGGCACTTAG_005,88
AGAGACTGGAGGGCACTTAG_006,45
AGAGACTGGAGGGCACTTAG_007,77
AGAGACTGGAGGGCACTTAG_008,103
AGAGACTGGAGGGCACTTAG_009,72
AGAGACTGGAGGGCACTTAG_010,103
AGAGACTGGAGGGCACTTAG_011,198
AGAGACTGGAGGGCACTTAG_012,17
AGAGACTGGAGGGCACTTAG_013,48
AGAGACTGGAGGGCACTTAG_014,37
CAGGTAAGAACTCAAAGCCG_001,58
CAGGTAAGAACTCAAAGCCG_002,109
CAGGTAAGAACTCAAAGCCG_003,109
CAGGTAAGAACTCAAAGCCG_004,197
CAGGTAAGAACTCAAAGCCG_005,20
CAGGTAAGAACTCAAAGCCG_006,130
GAGCGCCAATCGAATCAAGG_001,147
GAGCGCCAATCGAATCAAGG_002,190
GAGCGCCAATCGAATCAAGG_003,42
CCCAGCTACAAAGTAGCACA_001,17
CCCAGCTACAAAGTAGCACA_002,41
AATATTTCAAAACGATGTGG_001,88
AATATTTCAAAACGATGTGG_002,190
AATATTTCAAAACGATGTGG_003,0
AATATTTCAAAACGATGTGG_004,133
GACGCCGCCTGCAGTCTGTG_001,169
GACGCCGCCTGCAGTCTGTG_002,130
GACGCCGCCTGCAGTCTGTG_003,134
GACGCCGCCTGCAGTCTGTG_004,134
GACGCCGCCTGCAGTCTGTG_005,52
GACGCCGCCTGCAGTCTGTG_006,46
GACGCCGCCTGCAGTCTGTG_007,186
GACGCCGCCTGCAGTCTGTG_008,182
GACGCCGCCTGCAGTCTGTG_009,8
GACGCCGCCTGCAGTCTGTG_010,22
GACGCCGCCTGCAGTCTGTG_011,15
GACGCCGCCTGCAGTCTGTG_012,116
GACGCCGCCTGCAGTCTGTG_013,113
GACGCCGCCTGCAGTCTGTG_014,117
GACGCCGCCTGCAGTCTGTG_015,34
GACGCCGCCTGCAGTCTGTG_016,103
GACGCCGCCTGCAGTCTGTG_017,136
GACGCCGCCTGCAGTCTGTG_018,169
GACGCCGCCTGCAGTCTGTG_019,14
GACGCCGCCTGCAGTCTGTG_020,162
GACGCCGCCTGCAGTCTGTG_021,96
GACGCCGCCTGCAGTCTGTG_022,134
GACGCCGCCTGCAGTCTGTG_023,123
GACGCCGCCTGCAGTCTGTG_024,51
GACGCCGCCTGCAGTCTGTG_025,19
GACGCCGCCTGCAGTCTGTG_026,106
GACGCCGCCTGCAGTCTGTG_027,169
GACGCCGCCTGCAGTCTGTG_028,158
GACGCCGCCTGCAGTCTGTG_029,175
GACGCCGCCTGCAGTCTGTG_030,105
GACGCCGCCTGCAGTCTGTG_031,176
GACGCCGCCTGCAGTCTGTG_032,138
GACGCCGCCTGCAGTCTGTG_033,146
GACGCCGCCTGCAGTCTGTG_034,127
GACGCCGCCTGCAGTCTGTG_035,108
GACGCCGCCTGCAGTCTGTG_036,190
GACGCCGCCTGCAGTCTGTG_037,77
GACGCCGCCTGCAGTCTGTG_038,52
GACGCCGCCTGCAGTCTGTG_039,52
GACGCCGCCTGCAGTCTGTG_040,38
GACGCCGCCTGCAGTCTGTG_041,94
GACGCCGCCTGCAGTCTGTG_042,121
GACGCCGCCTGCAGTCTGTG_043,177
GACGCCGCCTGCAGTCTGTG_044,113
GACGCCGCCTGCAGTCTGTG_045,196
GACGCCGCCTGCAGTCTGTG_046,50
GACGCCGCCTGCAGTCTGTG_047,50
GACGCCGCCTGCAGTCTGTG_048,162
GACGCCGCCTGCAGTCTGTG_049,32
GACGCCGCCTGCAGTCTGTG_050,26
GACGCCGCCTGCAGTCTGTG_051,18
GACGCCGCCTGCAGTCTGTG_052,129
GACGCCGCCTGCAGTCTGTG_053,147
GACGCCGCCTGCAGTCTGTG_054,156
GACGCCGCCTGCAGTCTGTG_055,38
GACGCCGCCTGCAGTCTGTG_056,102
GACGCCGCCTGCAGTCTGTG_057,13
GACGCCGCCTGCAGTCTGTG_058,94
GACGCCGCCTGCAGTCTGTG_059,123
GACGCCGCCTGCAGTCTGTG_060,8
CTGATCTAAGAGCCTAAGTA_001,25
CTGATCTAAGAGCCTAAGTA_002,89
CTGATCTAAGAGCCTAAGTA_003,62
CTGATCTAAGAGCCTAAGTA_004,13
CTGATCTAAGAGCCTAAGTA_005,96
CTGATCTAAGAGCCTAAGTA_006,197
CTGATCTAAGAGCCTAAGTA_007,174
CTGATCTAAGAGCCTAAGTA_008,89
GTAAAACAGACTTGTAGATG_001,70
TGTGTCAGTGCGTACCTCTG_001,70
TGTGTCAGTGCGTACCTCTG_002,70
TGTGTCAGTGCGTACCTCTG_003,41
TGTGTCAGTGCGTACCTCTG_004,15
TGTGTCAGTGCGTACCTCTG_005,169
TGTGTCAGTGCGTACCTCTG_006,58
TGTGTCAGTGCGTACCTCTG_007,29
TGTGTCAGTGCGTACCTCTG_008,91
TGTGTCAGTGCGTACCTCTG_009,148
CCTGCGACCATTGACCAAGG_001,36
CCTGCGACCATTGACCAAGG_002,132
CCTGCGACCATTGACCAAGG_003,128
CCTGCGACCATTGACCAAGG_004,37
CCTGCGACCATTGACCAAGG_005,62
CACCTGCCCGTACTGCAGGA_001,156
CACCTGCCCGTACTGCAGGA_002,54
CACCTGCCCGTACTGCAGGA_003,72
CACCTGCCCGTACTGCAGGA_004,84
CACCTGCCCGTACTGCAGGA_005,88
CACCTGCCCGTACTGCAGGA_006,94
CACCTGCCCGTACTGCAGGA_007,173
CACCTGCCCGTACTGCAGGA_008,48
CACCTGCCCGTACTGCAGGA_009,46
CACCTGCCCGTACTGCAGGA_010,79
CACCTGCCCGTACTGCAGGA_011,57
CACCTGCCCGTACTGCAGGA_012,1
CACCTGCCCGTACTGCAGGA_013,76
CACCTGCCCGTACTGCAGGA_014,48
CACCTGCCCGTACTGCAGGA_015,90
CACCTGCCCGTACTGCAGGA_016,81
CACCTGCCCGTACTGCAGGA_017,70
CACCTGCCCGTACTGCAGGA_018,16
ATGGAGCCTAGGACTCGACG_001,17
ATGGAGCCTAGGACTCGACG_002,160
ATGGAGCCTAGGACTCGACG_003,198
ATGGAGCCTAGGACTCGACG_004,177
ATGGAGCCTAGGACTCGACG_005,184
ATGGAGCCTAGGACTCGACG_006,15
ATGGAGCCTAGGACTCGACG_007,85
ATGGAGCCTAGGACTCGACG_008,115
ATGGAGCCTAGGACTCGACG_009,146
ATGGAGCCTAGGACTCGACG_010,154
ATGGAGCCTAGGACTCGACG_011,10
ATGGAGCCTAGGACTCGACG_012,121
ATGGAGCCTAGGACTCGACG_013,153
ATGGAGCCTAGGACTCGACG_014,36
ATGGAGCCTAGGACTCGACG_015,72
ATGGAGCCTAGGACTCGACG_016,1
ATGGAGCCTAGGACTCGACG_017,144
ATGGAGCCTAGGACTCGACG_018,9
ATGGAGCCTAGGACTCGACG_019,61
ATGGAGCCTAGGACTCGACG_020,80
ATGGAGCCTAGGACTCGACG_021,57
ATGGAGCCTAGGACTCGACG_022,171
ATGGAGCCTAGGACTCGACG_023,68
ATGGAGCCTAGGACTCGACG_024,154
ATGGAGCCTAGGACTCGACG_025,184
ATGGAGCCTAGGACTCGACG_026,102
ATGGAGCCTAGGACTCGACG_027,177
ATGGAGCCTAGGACTCGACG_028,23
ATGGAGCCTAGGACTCGACG_029,193
ATGGAGCCTAGGACTCGACG_030,108
ATGGAGCCTAGGACTCGACG_031,3
ATGGAGCCTAGGACTCGACG_032,172
ATGGAGCCTAGGACTCGACG_033,115
ATGGAGCCTAGGACTCGACG_034,190
ATGGAGCCTAGGACTCGACG_035,39
ATGGAGCCTAGGACTCGACG_036,138
ATGGAGCCTAGGACTCGACG_037,164
GCGGACGCAGGGGCGTTCAA_001,40
GCGGACGCAGGGGCGTTCAA_002,148
GCGGACGCAGGGGCGTTCAA_003,51
GCGGACGCAGGGGCGTTCAA_004,94
GCGGACGCAGGGGCGTTCAA_005,10
GCGGACGCAGGGGCGTTCAA_006,185
GCGGACGCAGGGGCGTTCAA_007,194
GCGGACGCAGGGGCGTTCAA_008,153
GCGGACGCAGGGGCGTTCAA_009,24
GCGGACGCAGGGGCGTTCAA_010,186
GCGGACGCAGGGGCGTTCAA_011,15
GCGGACGCAGGGGCGTTCAA_012,117
GCGGACGCAGGGGCGTTCAA_013,117
GCGGACGCAGGGGCGTTCAA_014,138
GCGGACGCAGGGGCGTTCAA_015,53
GCGGACGCAGGGGCGTTCAA_016,48
GCGGACGCAGGGGCGTTCAA_017,113
GCGGACGCAGGGGCGTTCAA_018,29
GCGGACGCAGGGGCGTTCAA_019,56
GCGGACGCAGGGGCGTTCAA_020,9
GCGGACGCAGGGGCGTTCAA_021,52
GCGGACGCAGGGGCGTTCAA_022,134
GCGGACGCAGGGGCGTTCAA_023,191
GCGGACGCAGGGGCGTTCAA_024,70
GCGGACGCAGGGGCGTTCAA_025,121
GCGGACGCAGGGGCGTTCAA_026,16
GCGGACGCAGGGGCGTTCAA_027,70
GGATAACACTCATTAATTGG_001,182
AATTCCATTCAGCAAAGCTA_001,163
AATTCCATTCAGCAAAGCTA_002,169
AATTCCATTCAGCAAAGCTA_003,101
AATTCCATTCAGCAAAGCTA_004,12
AATTCCATTCAGCAAAGCTA_005,174
AATTCCATTCAGCAAAGCTA_006,129
AATTCCATTCAGCAAAGCTA_007,148
AATTCCATTCAGCAAAGCTA_008,70
AATTCCATTCAGCAAAGCTA_009,11
AATTCCATTCAGCAAAGCTA_010,55
AATTCCATTCAGCAAAGCTA_011,81
AATTCCATTCAGCAAAGCTA_012,59
AATTCCATTCAGCAAAGCTA_013,17
AATTCCATTCAGCAAAGCTA_014,28
AATTCCATTCAGCAAAGCTA_015,168
AATTCCATTCAGCAAAGCTA_016,66
AATTCCATTCAGCAAAGCTA_017,28
AATTCCATTCAGCAAAGCTA_018,156
AGCAACACAGGTGCTAGTGG_001,198
AGCAACACAGGTGCTAGTGG_002,8
AGCAACACAGGTGCTAGTGG_003,43
AGCAACACAGGTGCTAGTGG_004,41
AGCAACACAGGTGCTAGTGG_005,141
AGCAACACAGGTGCTAGTGG_006,9
AGCAACACAGGTGCTAGTGG_007,62
AGCAACACAGGTGCTAGTGG_008,43
AGCAACACAGGTGCTAGTGG_009,43
AGCAACACAGGTGCTAGTGG_010,199
AGCAACACAGGTGCTAGTGG_011,61
AGCAACACAGGTGCTAGTGG_012,48
AGCAACACAGGTGCTAGTGG_013,149
AGCAACACAGGTGCTAGTGG_014,15
AGCAACACAGGTGCTAGTGG_015,156
AGCAACACAGGTGCTAGTGG_016,181
AGCAACACAGGTGCTAGTGG_017,56
AGCAACACAGGTGCTAGTGG_018,3
AGCAACACAGGTGCTAGTGG_019,61
AGCAACACAGGTGCTAGTGG_020,106
AGCAACACAGGTGCTAGTGG_021,119
TCCTTCATCTACCTAAAAAG_001,42
CACTCAGCGGAAGACACTCG_001,88
CACTCAGCGGAAGACACTCG_002,187
CACTCAGCGGAAGACACTCG_003,185
CACTCAGCGGAAGACACTCG_004,75
CACTCAGCGGAAGACACTCG_005,58
CACTCAGCGGAAGACACTCG_006,162
CACTCAGCGGAAGACACTCG_007,32
CACTCAGCGGAAGACACTCG_008,58
CACTCAGCGGAAGACACTCG_009,76
CACTCAGCGGAAGACACTCG_010,198
CACTCAGCGGAAGACACTCG_011,108
CACTCAGCGGAAGACACTCG_012,115
AGGTGCAATGTCCCTAACAT_001,119
AGGTGCAATGTCCCTAACAT_002,11
AGGTGCAATGTCCCTAACAT_003,119
AGGTGCAATGTCCCTAACAT_004,174
AGGTGCAATGTCCCTAACAT_005,34
AGGTGCAATGTCCCTAACAT_006,1
AGGTGCAATGTCCCTAACAT_007,67
AGGTGCAATGTCCCTAACAT_008,10
AGGTGCAATGTCCCTAACAT_009,121
AGGTGCAATGTCCCTAACAT_010,116
AGGTGCAATGTCCCTAACAT_011,168
GGAATTCAATGACTCACCCG_001,36
TCACCACACGTTCCTCACAG_001,130
TCACCACACGTTCCTCACAG_002,127
TCACCACACGTTCCTCACAG_003,79
TCACCACACGTTCCTCACAG_004,50
TCACCACACGTTCCTCACAG_005,91
TCACCACACGTTCCTCACAG_006,170
TCACCACACGTTCCTCACAG_007,34
TCACCACACGTTCCTCACAG_008,130
TGCGGTAGGGGCCCTCACAG_001,75
TGCGGTAGGGGCCCTCACAG_002,194
TGCGGTAGGGGCCCTCACAG_003,193
TGCGGTAGGGGCCCTCACAG_004,32
TGCGGTAGGGGCCCTCACAG_005,192
TGCGGTAGGGGCCCTCACAG_006,182
TGCGGTAGGGGCCCTCACAG_007,71
TGCGGTAGGGGCCCTCACAG_008,94
TGCGGTAGGGGCCCTCACAG_009,27
TGCGGTAGGGGCCCTCACAG_010,133
TGCGGTAGGGGCCCTCACAG_011,99
TGCGGTAGGGGCCCTCACAG_012,169
TGCGGTAGGGGCCCTCACAG_013,62
TGCGGTAGGGGCCCTCACAG_014,61
TGCGGTAGGGGCCCTCACAG_015,92
TGCGGTAGGGGCCCTCACAG_016,145
TGCGGTAGGGGCCCTCACAG_017,38
TGCGGTAGGGGCCCTCACAG_018,169
TGCGGTAGGGGCCCTCACAG_019,11
TGCGGTAGGGGCCCTCACAG_020,48
TGCGGTAGGGGCCCTCACAG_021,99
TGCGGTAGGGGCCCTCACAG_022,40
TGCGGTAGGGGCCCTCACAG_023,84
TGCGGTAGGGGCCCTCACAG_024,84
GCACCACAAGGAGTCGAGTA_001,58
GCACCACAAGGAGTCGAGTA_002,195
GCACCACAAGGAGTCGAGTA_003,13
GCACCACAAGGAGTCGAGTA_004,36
GCACCACAAGGAGTCGAGTA_005,6
GCACCACAAGGAGTCGAGTA_006,42
GCACCACAAGGAGTCGAGTA_007,92
GCACCACAAGGAGTCGAGTA_008,194
GCACCACAAGGAGTCGAGTA_009,2
GCACCACAAGGAGTCGAGTA_010,1
GCACCACAAGGAGTCGAGTA_011,99
GCACCACAAGGAGTCGAGTA_012,70
GCACCACAAGGAGTCGAGTA_013,12
GCACCACAAGGAGTCGAGTA_014,191
TGGCTATGAAGGTTCCGGAC_001,55
TGGCTATGAAGGTTCCGGAC_002,173
TGGCTATGAAGGTTCCGGAC_003,170
AATGCCAAGATTATGATCCG_001,150
AATGCCAAGATTATGATCCG_002,133
AATGCCAAGATTATGATCCG_003,94
AATGCCAAGATTATGATCCG_004,197
AATGCCAAGATTATGATCCG_005,33
GGATACTACGAAACGCAACG_001,178
GGATACTACGAAACGCAACG_002,174
GGATACTACGAAACGCAACG_003,40
GGATACTACGAAACGCAACG_004,197
GGATACTACGAAACGCAACG_005,68
GGATACTACGAAACGCAACG_006,19
GGATACTACGAAACGCAACG_007,17
GGATACTACGAAACGCAACG_008,106
TGGTACTTATCATGCTTGGA_001,145
TGGTACTTATCATGCTTGGA_002,50
TGGTACTTATCATGCTTGGA_003,92
TGGTACTTATCATGCTTGGA_004,186
TGGTACTTATCATGCTTGGA_005,81
TCGTCCATGATATACCACAC_001,5
AGACATAAGCGGCAACATCA_001,124
AGACATAAGCGGCAACATCA_002,160
AGACATAAGCGGCAACATCA_003,65
AGACATAAGCGGCAACATCA_004,97
AGACATAAGCGGCAACATCA_005,108
AGACATAAGCGGCAACATCA_006,56
AGACATAAGCGGCAACATCA_007,175
AGACATAAGCGGCAACATCA_008,147
AGACATAAGCGGCAACATCA_009,115
AGACATAAGCGGCAACATCA_010,116
AGACATAAGCGGCAACATCA_011,151
AGACATAAGCGGCAACATCA_012,27
AGACATAAGCGGCAACATCA_013,81
AGACATAAGCGGCAACATCA_014,199
AGACATAAGCGGCAACATCA_015,81
AGACATAAGCGGCAACATCA_016,19
AGACATAAGCGGCAACATCA_017,169
AGACATAAGCGGCAACATCA_018,88
AGACATAAGCGGCAACATCA_019,129
AGACATAAGCGGCAACATCA_020,41
AGACATAAGCGGCAACATCA_021,144
AGACATAAGCGGCAACATCA_022,72
AGACATAAGCGGCAACATCA_023,84
AGACATAAGCGGCAACATCA_024,168
GCTCATCGGCACTCTGAACG_001,8
GCTCATCGGCACTCTGAACG_002,31
GCTCATCGGCACTCTGAACG_003,114
GCTCATCGGCACTCTGAACG_004,118
ACCACACTCATAGACGGCGA_001,29
ACCACACTCATAGACGGCGA_002,49
ACCACACTCATAGACGGCGA_003,97
ACCACACTCATAGACGGCGA_004,175
ACCACACTCATAGACGGCGA_005,118
ACCACACTCATAGACGGCGA_006,91
ACCACACTCATAGACGGCGA_007,152
ACCACACTCATAGACGGCGA_008,118
ACCACACTCATAGACGGCGA_009,19
GGAAGAGCTGCAGTTCAAGG_001,132
GGAAGAGCTGCAGTTCAAGG_002,50
GGAAGAGCTGCAGTTCAAGG_003,191
GGAAGAGCTGCAGTTCAAGG_004,136
GGAAGAGCTGCAGTTCAAGG_005,88
AGGATGGCCAGCAATACCCA_001,102
AGGATGGCCAGCAATACCCA_002,27
AGGATGGCCAGCAATACCCA_003,179
AGGATGGCCAGCAATACCCA_004,76
AGGATGGCCAGCAATACCCA_005,141
AGGATGGCCAGCAATACCCA_006,198
AGGATGGCCAGCAATACCCA_007,177
AGGATGGCCAGCAATACCCA_008,112
AGGATGGCCAGCAATACCCA_009,161
AGGATGGCCAGCAATACCCA_010,174
AGGATGGCCAGCAATACCCA_011,19
AGGATGGCCAGCAATACCCA_012,157
AGGATGGCCAGCAATACCCA_013,2
AGGATGGCCAGCAATACCCA_014,96
AGGATGGCCAGCAATACCCA_015,48
AGGATGGCCAGCAATACCCA_016,185
AGGATGGCCAGCAATACCCA_017,126
CAGTGGGGAACTACCCCTAG_001,2
CAGTGGGGAACTACCCCTAG_002,31
CAGTGGGGAACTACCCCTAG_003,190
CAGTGGGGAACTACCCCTAG_004,172
CAGTGGGGAACTACCCCTAG_005,35
CCTGCAGGGATTCTTGACAG_001,118
CCTGCAGGGATTCTTGACAG_002,88
CCTGCAGGGATTCTTGACAG_003,181
CCTGCAGGGATTCTTGACAG_004,95
CCTGCAGGGATTCTTGACAG_005,148
CCTGCAGGGATTCTTGACAG_006,165
CCTGCAGGGATTCTTGACAG_007,115
CCTGCAGGGATTCTTGACAG_008,10
AATGTGAGGAACGGAGCTTG_001,147
AATGTGAGGAACGGAGCTTG_002,172
AATGTGAGGAACGGAGCTTG_003,122
AATGTGAGGAACGGAGCTTG_004,62
AATGTGAGGAACGGAGCTTG_005,129
AATGTGAGGAACGGAGCTTG_006,129
AATGTGAGGAACGGAGCTTG_007,129
AATGTGAGGAACGGAGCTTG_008,35
AATGTGAGGAACGGAGCTTG_009,125
AATGTGAGGAACGGAGCTTG_010,16
AATGTGAGGAACGGAGCTTG_011,134
AATGTGAGGAACGGAGCTTG_012,26
AATGTGAGGAACGGAGCTTG_013,147
AATGTGAGGAACGGAGCTTG_014,70
AATGTGAGGAACGGAGCTTG_015,93
AATGTGAGGAACGGAGCTTG_016,96
AATGTGAGGAACGGAGCTTG_017,160
AATGTGAGGAACGGAGCTTG_018,141
AATGTGAGGAACGGAGCTTG_019,23
AATGTGAGGAACGGAGCTTG_020,117
AATGTGAGGAACGGAGCTTG_021,112
AATGTGAGGAACGGAGCTTG_022,14
AATGTGAGGAACGGAGCTTG_023,158
AATGTGAGGAACGGAGCTTG_024,130
AATGTGAGGAACGGAGCTTG_025,191
AATGTGAGGAACGGAGCTTG_026,18
AATGTGAGGAACGGAGCTTG_027,2
AATGTGAGGAACGGAGCTTG_028,139
AATGTGAGGAACGGAGCTTG_029,24
ATACTTACGAAGAATGACGT_001,160
ATACTTACGAAGAATGACGT_002,115
ATACTTACGAAGAATGACGT_003,162
ATACTTACGAAGAATGACGT_004,157
ATACTTACGAAGAATGACGT_005,107
ATACTTACGAAGAATGACGT_006,147
ATACTTACGAAGAATGACGT_007,106
ATACTTACGAAGAATGACGT_008,86
ATACTTACGAAGAATGACGT_009,38
ATACTTACGAAGAATGACGT_010,19
AGCTGGAGGACAGATAACTG_001,152
AGCTGGAGGACAGATAACTG_002,182
AGCTGGAGGACAGATAACTG_003,43
AGCTGGAGGACAGATAACTG_004,52
AGCTGGAGGACAGATAACTG_005,76
AGCTGGAGGACAGATAACTG_006,3
AGCTGGAGGACAGATAACTG_007,94
AGCTGGAGGACAGATAACTG_008,146
AGCTGGAGGACAGATAACTG_009,82
ATGAGATCTCTGTCTACCAG_001,166
ATGAGATCTCTGTCTACCAG_002,12
ATGAGATCTCTGTCTACCAG_003,102
ATGAGATCTCTGTCTACCAG_004,84
ATGAGATCTCTGTCTACCAG_005,136
ATGAGATCTCTGTCTACCAG_006,133
ATGAGATCTCTGTCTACCAG_007,186
ATGAGATCTCTGTCTACCAG_008,58
ATGAGATCTCTGTCTACCAG_009,185
ATGAGATCTCTGTCTACCAG_010,147
ATGAGATCTCTGTCTACCAG_011,102
ATGAGATCTCTGTCTACCAG_012,50
ATGAGATCTCTGTCTACCAG_013,48
ATGAGATCTCTGTCTACCAG_014,169
GACCGGAGGCGATTTGTGGT_001,170
GACCGGAGGCGATTTGTGGT_002,47
GACCGGAGGCGATTTGTGGT_003,64
GACCGGAGGCGATTTGTGGT_004,130
GACCGGAGGCGATTTGTGGT_005,61
GACCGGAGGCGATTTGTGGT_006,94
GACCGGAGGCGATTTGTGGT_007,83
GACCGGAGGCGATTTGTGGT_008,138
GACCGGAGGCGATTTGTGGT_009,11
GACCGGAGGCGATTTGTGGT_010,188
GACCGGAGGCGATTTGTGGT_011,184
GACCGGAGGCGATTTGTGGT_012,125
GACCGGAGGCGATTTGTGGT_013,6
GACCGGAGGCGATTTGTGGT_014,6
GACCGGAGGCGATTTGTGGT_015,68
GACCGGAGGCGATTTGTGGT_016,46
GACCGGAGGCGATTTGTGGT_017,6
GACCGGAGGCGATTTGTGGT_018,33
GAGGAGAGTAATGCAAAGGG_001,191
GAGGAGAGTAATGCAAAGGG_002,97
GAGGAGAGTAATGCAAAGGG_003,141
GAGGAGAGTAATGCAAAGGG_004,141
GAGGAGAGTAATGCAAAGGG_005,152
GAGGAGAGTAATGCAAAGGG_006,178
GAGGAGAGTAATGCAAAGGG_007,125
GAGGAGAGTAATGCAAAGGG_008,178
GACTTGTGAATACATCATGT_001,145
GACTTGTGAATACATCATGT_002,140
GACTTGTGAATACATCATGT_003,192
GACTTGTGAATACATCATGT_004,42
GACTTGTGAATACATCATGT_005,106
CCCCTGGCCAAGGGTCACCG_001,158
CCCCTGGCCAAGGGTCACCG_002,130
CCCCTGGCCAAGGGTCACCG_003,117
CCCCTGGCCAAGGGTCACCG_004,106
CCCCTGGCCAAGGGTCACCG_005,49
CCCCTGGCCAAGGGTCACCG_006,132
CCCCTGGCCAAGGGTCACCG_007,58
CCCCTGGCCAAGGGTCACCG_008,162
CCCCTGGCCAAGGGTCACCG_009,169
CCCCTGGCCAAGGGTCACCG_010,196
CCCCTGGCCAAGGGTCACCG_011,169
CCCCTGGCCAAGGGTCACCG_012,169
CCCCTGGCCAAGGGTCACCG_013,123
CCCCTGGCCAAGGGTCACCG_014,94
CCCCTGGCCAAGGGTCACCG_015,127
CCCCTGGCCAAGGGTCACCG_016,91
CCCCTGGCCAAGGGTCACCG_017,199
CCCCTGGCCAAGGGTCACCG_018,33
CCCCTGGCCAAGGGTCACCG_019,82
CCCCTGGCCAAGGGTCACCG_020,69
CCCCTGGCCAAGGGTCACCG_021,127
CCGAGTGGTTATCTGCGACA_001,54
CCGAGTGGTTATCTGCGACA_002,62
CCGAGTGGTTATCTGCGACA_003,38
CCGAGTGGTTATCTGCGACA_004,10
CCGAGTGGTTATCTGCGACA_005,13
GGCAAGGAGCGCCACAAGAG_001,158
GGCAAGGAGCGCCACAAGAG_002,50
GGCAAGGAGCGCCACAAGAG_003,63
GGCAAGGAGCGCCACAAGAG_004,149
TTCATAATGATCCTCATGCA_001,177
ACTCCCGACACAGCGCCTCG_001,82
ACTCCCGACACAGCGCCTCG_002,165
ACTCCCGACACAGCGCCTCG_003,103
ACTCCCGACACAGCGCCTCG_004,176
ACTCCCGACACAGCGCCTCG_005,116
ACTCCCGACACAGCGCCTCG_006,69
ACTCCCGACACAGCGCCTCG_007,16
ACTCCCGACACAGCGCCTCG_008,191
ACTCCCGACACAGCGCCTCG_009,41
ACTCCCGACACAGCGCCTCG_010,171
ACTCCCGACACAGCGCCTCG_011,118
ACTCCCGACACAGCGCCTCG_012,150
ACTCCCGACACAGCGCCTCG_013,191
ACTCCCGACACAGCGCCTCG_014,10
ACTCCCGACACAGCGCCTCG_015,3
ACTCCCGACACAGCGCCTCG_016,20
ACTCCCGACACAGCGCCTCG_017,90
GAGCCTTGTCTTGACCGGTG_001,3
GAGCCTTGTCTTGACCGGTG_002,172
GAGCCTTGTCTTGACCGGTG_003,78
GAGCCTTGTCTTGACCGGTG_004,58
GAGCCTTGTCTTGACCGGTG_005,95
GAGCCTTGTCTTGACCGGTG_006,127
GAGCCTTGTCTTGACCGGTG_007,172
GAGCCTTGTCTTGACCGGTG_008,4
GAGCCTTGTCTTGACCGGTG_009,115
GAGCCTTGTCTTGACCGGTG_010,162
GAGCCTTGTCTTGACCGGTG_011,1
GAGCCTTGTCTTGACCGGTG_012,56
TTGGACGAAGTAGTAGACCC_001,82
AAGATGCCCACCATAAAGCA_001,168
AAGATGCCCACCATAAAGCA_002,112
AAGATGCCCACCATAAAGCA_003,15
AAGATGCCCACCATAAAGCA_004,114
AAGATGCCCACCATAAAGCA_005,105
AAGATGCCCACCATAAAGCA_006,199
AAGATGCCCACCATAAAGCA_007,88
AAGATGCCCACCATAAAGCA_008,141
AAGATGCCCACCATAAAGCA_009,25
AAGATGCCCACCATAAAGCA_010,196
AAGATGCCCACCATAAAGCA_011,190
AAGATGCCCACCATAAAGCA_012,192
AAGATGCCCACCATAAAGCA_013,116
AAGATGCCCACCATAAAGCA_014,117
AAGATGCCCACCATAAAGCA_015,4
AAGATGCCCACCATAAAGCA_016,170
AAGATGCCCACCATAAAGCA_017,11
AAGATGCCCACCATAAAGCA_018,125
AAGATGCCCACCATAAAGCA_019,190
AAGATGCCCACCATAAAGCA_020,179
AAGATGCCCACCATAAAGCA_021,34
AAGATGCCCACCATAAAGCA_022,197
CTGAACTAATCCCTAGACCA_001,132
CTGAACTAATCCCTAGACCA_002,104
CTGAACTAATCCCTAGACCA_003,191
CTGAACTAATCCCTAGACCA_004,161
CTGAACTAATCCCTAGACCA_005,156
CTGAACTAATCCCTAGACCA_006,107
CTGAACTAATCCCTAGACCA_007,68
CTGAACTAATCCCTAGACCA_008,102
TCCAGACGCAGAGAAACCTG_001,15
TCCAGACGCAGAGAAACCTG_002,117
TCCAGACGCAGAGAAACCTG_003,168
TCCAGACGCAGAGAAACCTG_004,76
TCCAGACGCAGAGAAACCTG_005,141
AAGGCAACCAGGTAATCAGA_001,29
AAGGCAACCAGGTAATCAGA_002,134
AAGGCAACCAGGTAATCAGA_003,90
AAGGCAACCAGGTAATCAGA_004,145
AAGGCAACCAGGTAATCAGA_005,132
AAGGCAACCAGGTAATCAGA_006,190
AAGGCAACCAGGTAATCAGA_007,146
AAGGCAACCAGGTAATCAGA_008,181
AAGGCAACCAGGTAATCAGA_009,168
AAGGCAACCAGGTAATCAGA_010,77
AAGGCAACCAGGTAATCAGA_011,3
AAGGCAACCAGGTAATCAGA_012,106
AAGGCAACCAGGTAATCAGA_013,184
AAGGCAACCAGGTAATCAGA_014,78
AGCTGATTACATAGACGGAA_001,95
AGCTGATTACATAGACGGAA_002,150
AGCTGATTACATAGACGGAA_003,160
AGCTGATTACATAGACGGAA_004,115
AGCTGATTACATAGACGGAA_005,106
AGCTGATTACATAGACGGAA_006,96
AGCTGATTACATAGACGGAA_007,171
AGCTGATTACATAGACGGAA_008,67
AGCTGATTACATAGACGGAA_009,121
AGCTGATTACATAGACGGAA_010,78
AGCTGATTACATAGACGGAA_011,82
AGCTGATTACATAGACGGAA_012,130
AGCTGATTACATAGACGGAA_013,83
AGCTGATTACATAGACGGAA_014,15
AGCTGATTACATAGACGGAA_015,60
AGCTGATTACATAGACGGAA_016,136
GACTTCAGCACATCAATACC_001,28
GACTTCAGCACATCAATACC_002,12
GACTTCAGCACATCAATACC_003,34
CTATTGAAGCTGTTTATCAC_001,49
GAAGTCAGGGAGGCTCCGAG_001,152
GAAGTCAGGGAGGCTCCGAG_002,104
GAAGTCAGGGAGGCTCCGAG_003,60
GAAGTCAGGGAGGCTCCGAG_004,46
GAAGTCAGGGAGGCTCCGAG_005,65
GAAGTCAGGGAGGCTCCGAG_006,64
GAAGTCAGGGAGGCTCCGAG_007,32
GAAGTCAGGGAGGCTCCGAG_008,34
GAAGTCAGGGAGGCTCCGAG_009,93
GAAGTCAGGGAGGCTCCGAG_010,102
GAAGTCAGGGAGGCTCCGAG_011,59
GAAGTCAGGGAGGCTCCGAG_012,31
GAAGTCAGGGAGGCTCCGAG_013,81
GAAGTCAGGGAGGCTCCGAG_014,94
GAAGTCAGGGAGGCTCCGAG_015,171
GAAGTCAGGGAGGCTCCGAG_016,194
GAAGTCAGGGAGGCTCCGAG_017,35
GAAGTCAGGGAGGCTCCGAG_018,157
GAAGTCAGGGAGGCTCCGAG_019,135
GAAGTCAGGGAGGCTCCGAG_020,100
GAAGTCAGGGAGGCTCCGAG_021,163
GAAGTCAGGGAGGCTCCGAG_022,188
GAAGTCAGGGAGGCTCCGAG_023,5
GAAGTCAGGGAGGCTCCGAG_024,103
GAAGTCAGGGAGGCTCCGAG_025,79
GAAGTCAGGGAGGCTCCGAG_026,44
GAAGTCAGGGAGGCTCCGAG_027,78
GAAGTCAGGGAGGCTCCGAG_028,83
GAAGTCAGGGAGGCTCCGAG_029,165
GAAGTCAGGGAGGCTCCGAG_030,130
GAAGTCAGGGAGGCTCCGAG_031,52
GAAGTCAGGGAGGCTCCGAG_032,121
AGCTGTGAGGTAGAGCCAGT_001,191
AGCTGTGAGGTAGAGCCAGT_002,94
AGCTGTGAGGTAGAGCCAGT_003,170
AGCTGTGAGGTAGAGCCAGT_004,51
AGCTGTGAGGTAGAGCCAGT_005,83
AGCTGTGAGGTAGAGCCAGT_006,133
AGCTGTGAGGTAGAGCCAGT_007,164
AGCTGTGAGGTAGAGCCAGT_008,98
AGCTGTGAGGTAGAGCCAGT_009,88
AGCTGTGAGGTAGAGCCAGT_010,63
AGCTGTGAGGTAGAGCCAGT_011,140
AGCTGTGAGGTAGAGCCAGT_012,185
AGCTGTGAGGTAGAGCCAGT_013,41
AGCTGTGAGGTAGAGCCAGT_014,67
AGCTGTGAGGTAGAGCCAGT_015,5
AGCTGTGAGGTAGAGCCAGT_016,134
AGCTGTGAGGTAGAGCCAGT_017,196
AGCTGTGAGGTAGAGCCAGT_018,40
AGCTGTGAGGTAGAGCCAGT_019,46
AGCTGTGAGGTAGAGCCAGT_020,161
AGCTGTGAGGTAGAGCCAGT_021,138
AGCTGTGAGGTAGAGCCAGT_022,88
AGCTGTGAGGTAGAGCCAGT_023,68
AGCTGTGAGGTAGAGCCAGT_024,37
AGCTGTGAGGTAGAGCCAGT_025,77
AGCTGTGAGGTAGAGCCAGT_026,77
ACCTCATCTTCACCGAGGAT_001,13
ACCTCATCTTCACCGAGGAT_002,96
ACCTCATCTTCACCGAGGAT_003,121
ACCTCATCTTCACCGAGGAT_004,7
ACCTCATCTTCACCGAGGAT_005,188
ACCTCATCTTCACCGAGGAT_006,130
ACCTCATCTTCACCGAGGAT_007,4
ACCTCATCTTCACCGAGGAT_008,145
ACCTCATCTTCACCGAGGAT_009,169
ACCTCATCTTCACCGAGGAT_010,60
ACCTCATCTTCACCGAGGAT_011,17
ACCTCATCTTCACCGAGGAT_012,4
TCACCAAAAACACCCCGGGG_001,140
TCACCAAAAACACCCCGGGG_002,8
TCACCAAAAACACCCCGGGG_003,94
TCACCAAAAACACCCCGGGG_004,102
TCACCAAAAACACCCCGGGG_005,98
TCACCAAAAACACCCCGGGG_006,96
CTATCTCCCACTCTTCAGGG_001,119
CTATCTCCCACTCTTCAGGG_002,17
CTATCTCCCACTCTTCAGGG_003,151
CTATCTCCCACTCTTCAGGG_004,155
CTATCTCCCACTCTTCAGGG_005,46
CTATCTCCCACTCTTCAGGG_006,28
CTATCTCCCACTCTTCAGGG_007,13
CTATCTCCCACTCTTCAGGG_008,118
CTATCTCCCACTCTTCAGGG_009,33
CTGATAATTTGGTGATTACG_001,9
CTGATAATTTGGTGATTACG_002,82
CTGATAATTTGGTGATTACG_003,129
CTGATAATTTGGTGATTACG_004,188
CTGATAATTTGGTGATTACG_005,82
CTGATAATTTGGTGATTACG_006,76
CTGATAATTTGGTGATTACG_007,171
CTGATAATTTGGTGATTACG_008,97
CTGATAATTTGGTGATTACG_009,9
CTGATAATTTGGTGATTACG_010,61
GGCGTGGTGCTGTAGCAGTC_001,2
GGCGTGGTGCTGTAGCAGTC_002,67
GGCGTGGTGCTGTAGCAGTC_003,83
GGCGTGGTGCTGTAGCAGTC_004,115
GGCGTGGTGCTGTAGCAGTC_005,110
GGCGTGGTGCTGTAGCAGTC_006,36
GGCGTGGTGCTGTAGCAGTC_007,166
GGCGTGGTGCTGTAGCAGTC_008,55
GGCGTGGTGCTGTAGCAGTC_009,178
GGCGTGGTGCTGTAGCAGTC_010,164
GGCGTGGTGCTGTAGCAGTC_011,164
GGCGTGGTGCTGTAGCAGTC_012,158
GGCGTGGTGCTGTAGCAGTC_013,9
GGCGTGGTGCTGTAGCAGTC_014,81
TGAAGAAATGAAAGGTCTGA_001,104
TGAAGAAATGAAAGGTCTGA_002,21
TGAAGAAATGAAAGGTCTGA_003,146
TGAAGAAATGAAAGGTCTGA_004,132
TGAAGAAATGAAAGGTCTGA_005,24
TGAAGAAATGAAAGGTCTGA_006,48
TGAAGAAATGAAAGGTCTGA_007,103
AAGCCTTCATTACAAGTACT_001,52
AAGCCTTCATTACAAGTACT_002,34
AAGCCTTCATTACAAGTACT_003,12
AAGCCTTCATTACAAGTACT_004,150
AAGCCTTCATTACAAGTACT_005,153
AAGCCTTCATTACAAGTACT_006,160
AAGCCTTCATTACAAGTACT_007,66
AAGCCTTCATTACAAGTACT_008,13
AAGCCTTCATTACAAGTACT_009,91
AAGCCTTCATTACAAGTACT_010,17
AAGCCTTCATTACAAGTACT_011,107
AAGCCTTCATTACAAGTACT_012,174
AAGCCTTCATTACAAGTACT_013,38
TGGAACCTTATGTGACCTGG_001,176
TGGAACCTTATGTGACCTGG_002,61
TGGAACCTTATGTGACCTGG_003,120
TGGAACCTTATGTGACCTGG_004,100
TGAATGAGTTGTCACCAAAG_001,129
TGAATGAGTTGTCACCAAAG_002,131
TGAATGAGTTGTCACCAAAG_003,105
TGAATGAGTTGTCACCAAAG_004,19
TGAATGAGTTGTCACCAAAG_005,187
TGAATGAGTTGTCACCAAAG_006,199
TGAATGAGTTGTCACCAAAG_007,124
TGAATGAGTTGTCACCAAAG_008,111
TGAATGAGTTGTCACCAAAG_009,152
TGAATGAGTTGTCACCAAAG_010,0
AGCAAGCAACAGATTGCACG_001,170
AGCAAGCAACAGATTGCACG_002,177
AGCAAGCAACAGATTGCACG_003,22
AGCAAGCAACAGATTGCACG_004,86
AGCAAGCAACAGATTGCACG_005,67
AGCAAGCAACAGATTGCACG_006,23
AAGAGGTTATGTCACATCAG_001,106
AAGAGGTTATGTCACATCAG_002,106
AAGAGGTTATGTCACATCAG_003,91
AAGAGGTTATGTCACATCAG_004,115
AAGAGGTTATGTCACATCAG_005,188
AAGAGGTTATGTCACATCAG_006,197
AAGAGGTTATGTCACATCAG_007,42
AAGAGGTTATGTCACATCAG_008,11
AAGAGGTTATGTCACATCAG_009,13
GTTGACGCTGTCCGTCAGGG_001,130
GTTGACGCTGTCCGTCAGGG_002,188
GTTGACGCTGTCCGTCAGGG_003,190
GTTGACGCTGTCCGTCAGGG_004,162
GTTGACGCTGTCCGTCAGGG_005,5
GTTGACGCTGTCCGTCAGGG_006,198
GTTGACGCTGTCCGTCAGGG_007,96
GTTGACGCTGTCCGTCAGGG_008,149
GTTGACGCTGTCCGTCAGGG_009,188
GTTGACGCTGTCCGTCAGGG_010,126
GATGGTGTTCAGTACAGCCA_001,83
GATGGTGTTCAGTACAGCCA_002,27
GATGGTGTTCAGTACAGCCA_003,50
GATGGTGTTCAGTACAGCCA_004,106
GATGGTGTTCAGTACAGCCA_005,10
GATGGTGTTCAGTACAGCCA_006,64
TGTTGTTAAGGAATTAATGG_001,132
TGTTGTTAAGGAATTAATGG_002,62
TGTTGTTAAGGAATTAATGG_003,60
TGTTGTTAAGGAATTAATGG_004,138
ACATGGGCTCATGAAGACTG_001,134
ACATGGGCTCATGAAGACTG_002,108
ACATGGGCTCATGAAGACTG_003,198
ACATGGGCTCATGAAGACTG_004,160
ACATGGGCTCATGAAGACTG_005,58
ACATGGGCTCATGAAGACTG_006,50
ACATGGGCTCATGAAGACTG_007,32
ACATGGGCTCATGAAGACTG_008,183
ACATGGGCTCATGAAGACTG_009,68
ACATGGGCTCATGAAGACTG_010,13
ACATGGGCTCATGAAGACTG_011,143
ACATGGGCTCATGAAGACTG_012,127
ACATGGGCTCATGAAGACTG_013,130
ACATGGGCTCATGAAGACTG_014,41
ACATGGGCTCATGAAGACTG_015,105
ACATGGGCTCATGAAGACTG_016,125
ACATGGGCTCATGAAGACTG_017,28
ACATGGGCTCATGAAGACTG_018,81
ACATGGGCTCATGAAGACTG_019,40
CGAAAGTGGAAATGTACTCT_001,101
CGAAAGTGGAAATGTACTCT_002,92
CGAAAGTGGAAATGTACTCT_003,62
CGAAAGTGGAAATGTACTCT_004,140
CGAAAGTGGAAATGTACTCT_005,62
CGAAAGTGGAAATGTACTCT_006,173
CGAAAGTGGAAATGTACTCT_007,93
CGAAAGTGGAAATGTACTCT_008,149
CGAAAGTGGAAATGTACTCT_009,69
GTGCAGCGTGCCAAAGAGGG_001,75
GTGCAGCGTGCCAAAGAGGG_002,19
GTGCAGCGTGCCAAAGAGGG_003,164
GTGCAGCGTGCCAAAGAGGG_004,188
GTGCAGCGTGCCAAAGAGGG_005,138
GTGCAGCGTGCCAAAGAGGG_006,40
GTGCAGCGTGCCAAAGAGGG_007,73
GTGCAGCGTGCCAAAGAGGG_008,165
GTGCAGCGTGCCAAAGAGGG_009,192
GTGCAGCGTGCCAAAGAGGG_010,187
GTGCAGCGTGCCAAAGAGGG_011,175
GTGCAGCGTGCCAAAGAGGG_012,4
GTGCAGCGTGCCAAAGAGGG_013,122
GTGCAGCGTGCCAAAGAGGG_014,157
GTGCAGCGTGCCAAAGAGGG_015,47
GTGCAGCGTGCCAAAGAGGG_016,28
GTGCAGCGTGCCAAAGAGGG_017,81
GTGCAGCGTGCCAAAGAGGG_018,112
GTGCAGCGTGCCAAAGAGGG_019,28
GTGCAGCGTGCCAAAGAGGG_020,175
GTGCAGCGTGCCAAAGAGGG_021,43
GTGCAGCGTGCCAAAGAGGG_022,112
GTGCAGCGTGCCAAAGAGGG_023,108
GTGCAGCGTGCCAAAGAGGG_024,169
GTGCAGCGTGCCAAAGAGGG_025,29
GTGCAGCGTGCCAAAGAGGG_026,119
GTGCAGCGTGCCAAAGAGGG_027,6
GTGCAGCGTGCCAAAGAGGG_028,82
GTGCAGCGTGCCAAAGAGGG_029,169
GTGCAGCGTGCCAAAGAGGG_030,58
GTGCAGCGTGCCAAAGAGGG_031,6
GTGCAGCGTGCCAAAGAGGG_032,112
GTGCAGCGTGCCAAAGAGGG_033,78
GTGCAGCGTGCCAAAGAGGG_034,81
GTGCAGCGTGCCAAAGAGGG_035,138
GTGCAGCGTGCCAAAGAGGG_036,148
GTGCAGCGTGCCAAAGAGGG_037,185
GTGCAGCGTGCCAAAGAGGG_038,174
GTGCAGCGTGCCAAAGAGGG_039,35
GTGCAGCGTGCCAAAGAGGG_040,82
GTGCAGCGTGCCAAAGAGGG_041,41
GTGCAGCGTGCCAAAGAGGG_042,195
GTGCAGCGTGCCAAAGAGGG_043,43
GTGGCCAGCAGCATCCAACG_001,198
GTGGCCAGCAGCATCCAACG_002,104
GTGGCCAGCAGCATCCAACG_003,27
GTGGCCAGCAGCATCCAACG_004,130
GTGGCCAGCAGCATCCAACG_005,138
GTGGCCAGCAGCATCCAACG_006,127
GTGGCCAGCAGCATCCAACG_007,132
GTGGCCAGCAGCATCCAACG_008,54
GTGGCCAGCAGCATCCAACG_009,22
GTGGCCAGCAGCATCCAACG_010,134
GTGGCCAGCAGCATCCAACG_011,177
GTGGCCAGCAGCATCCAACG_012,9
GTGGCCAGCAGCATCCAACG_013,178
GTGGCCAGCAGCATCCAACG_014,6
GTGGCCAGCAGCATCCAACG_015,49
GTGGCCAGCAGCATCCAACG_016,60
GTGGCCAGCAGCATCCAACG_017,187
GTGGCCAGCAGCATCCAACG_018,96
GTGGCCAGCAGCATCCAACG_019,64
GTGGCCAGCAGCATCCAACG_020,56
GTGGCCAGCAGCATCCAACG_021,130
GTGGCCAGCAGCATCCAACG_022,165
GTGGCCAGCAGCATCCAACG_023,162
AGCAACATGAGATTGAATCC_001,135
AGCAACATGAGATTGAATCC_002,179
AGCAACATGAGATTGAATCC_003,78
AGCAACATGAGATTGAATCC_004,8
AGCAACATGAGATTGAATCC_005,57
AGCAACATGAGATTGAATCC_006,90
TCTTACCTTGCAAATCCTTG_001,82
TCTTACCTTGCAAATCCTTG_002,160
TCTTACCTTGCAAATCCTTG_003,50
TCTTACCTTGCAAATCCTTG_004,199
TCTTACCTTGCAAATCCTTG_005,168
CTGAGCTCACCACTCCCCCA_001,115
CTGAGCTCACCACTCCCCCA_002,82
CTGAGCTCACCACTCCCCCA_003,149
CTGAGCTCACCACTCCCCCA_004,137
CTGAGCTCACCACTCCCCCA_005,117
CTGAGCTCACCACTCCCCCA_006,162
CTGAGCTCACCACTCCCCCA_007,146
CTGAGCTCACCACTCCCCCA_008,54
CTGAGCTCACCACTCCCCCA_009,157
CTGAGCTCACCACTCCCCCA_010,44
CTGAGCTCACCACTCCCCCA_011,16
CTGAGCTCACCACTCCCCCA_012,29
CTGAGCTCACCACTCCCCCA_013,35
CTGAGCTCACCACTCCCCCA_014,12
CTGAGCTCACCACTCCCCCA_015,69
CTGAGCTCACCACTCCCCCA_016,49
CTGAGCTCACCACTCCCCCA_017,180
CTGAGCTCACCACTCCCCCA_018,3
CTGAGCTCACCACTCCCCCA_019,63
TGCGCTTTGCGCTCTCAACG_001,42
GCAGGAACACCGTCACCCCG_001,41
GCAGGAACACCGTCACCCCG_002,141
GCAGGAACACCGTCACCCCG_003,146
GCAGGAACACCGTCACCCCG_004,73
GCAGGAACACCGTCACCCCG_005,135
GCAGGAACACCGTCACCCCG_006,102
GCAGGAACACCGTCACCCCG_007,194
GCAGGAACACCGTCACCCCG_008,101
GCAGGAACACCGTCACCCCG_009,111
GCAGGAACACCGTCACCCCG_010,78
GCAGGAACACCGTCACCCCG_011,30
GCAGGAACACCGTCACCCCG_012,80
GCAGGAACACCGTCACCCCG_013,13
GCAGGAACACCGTCACCCCG_014,102
GCAGGAACACCGTCACCCCG_015,85
GCAGGAACACCGTCACCCCG_016,58
GCAGGAACACCGTCACCCCG_017,19
GCAGGAACACCGTCACCCCG_018,162
GCAGGAACACCGTCACCCCG_019,87
GCAGGAACACCGTCACCCCG_020,143
GCAGGAACACCGTCACCCCG_021,62
GCAGGAACACCGTCACCCCG_022,108
GCAGGAACACCGTCACCCCG_023,118
GCAGGAACACCGTCACCCCG_024,5
GCAGGAACACCGTCACCCCG_025,113
GCAGGAACACCGTCACCCCG_026,40
GCAGGAACACCGTCACCCCG_027,34
GCAGGAACACCGTCACCCCG_028,79
GCAGGAACACCGTCACCCCG_029,175
GCAGGAACACCGTCACCCCG_030,175
GCAGGAACACCGTCACCCCG_031,78
GCAGGAACACCGTCACCCCG_032,184
GCAGGAACACCGTCACCCCG_033,155
GCAGGAACACCGTCACCCCG_034,40
GCAGGAACACCGTCACCCCG_035,162
GCAGGAACACCGTCACCCCG_036,35
GCAGGAACACCGTCACCCCG_037,30
AAGAGATCCCTTGTTGTACG_001,163
AAGAGATCCCTTGTTGTACG_002,29
AAGAGATCCCTTGTTGTACG_003,76
AAGAGATCCCTTGTTGTACG_004,78
GACAACGTCCCCCTCAAAGG_001,3
GACAACGTCCCCCTCAAAGG_002,150
GACAACGTCCCCCTCAAAGG_003,163
GACAACGTCCCCCTCAAAGG_004,100
GACAACGTCCCCCTCAAAGG_005,40
CCTTCACTGAGACTTGGCCG_001,1
CCTTCACTGAGACTTGGCCG_002,145
CCTTCACTGAGACTTGGCCG_003,72
CCTTCACTGAGACTTGGCCG_004,49
CCTTCACTGAGACTTGGCCG_005,48
CCTTCACTGAGACTTGGCCG_006,88
CCTTCACTGAGACTTGGCCG_007,137
CCCGCCGCGCAGCATCCGTG_001,178
CCCGCCGCGCAGCATCCGTG_002,141
CCCGCCGCGCAGCATCCGTG_003,95
CCCGCCGCGCAGCATCCGTG_004,89
CCCGCCGCGCAGCATCCGTG_005,103
CCCGCCGCGCAGCATCCGTG_006,8
CCCGCCGCGCAGCATCCGTG_007,136
CCCGCCGCGCAGCATCCGTG_008,154
CCCGCCGCGCAGCATCCGTG_009,105
CCCGCCGCGCAGCATCCGTG_010,28
CTCCTCTAATAAGAATGCAG_001,96
CTCCTCTAATAAGAATGCAG_002,138
CTCCTCTAATAAGAATGCAG_003,71
CTCCTCTAATAAGAATGCAG_004,117
CTCCTCTAATAAGAATGCAG_005,112
CTCCTCTAATAAGAATGCAG_006,42
CTCCTCTAATAAGAATGCAG_007,170
CTCCTCTAATAAGAATGCAG_008,16
CTCCTCTAATAAGAATGCAG_009,42
CAAAAGGGAACTCAATTATG_001,63
CAAAAGGGAACTCAATTATG_002,50
CAAAAGGGAACTCAATTATG_003,171
CAAAAGGGAACTCAATTATG_004,40
CAAAAGGGAACTCAATTATG_005,141
CAAAAGGGAACTCAATTATG_006,190
CAAAAGGGAACTCAATTATG_007,70
CAAAAGGGAACTCAATTATG_008,177
CAAAAGGGAACTCAATTATG_009,145
CAAAAGGGAACTCAATTATG_010,106
CAAAAGGGAACTCAATTATG_011,50
CAAAAGGGAACTCAATTATG_012,49
GTGTGCCAGGGATATTCCGG_001,37
GTGTGCCAGGGATATTCCGG_002,12
GTGTGCCAGGGATATTCCGG_003,127
GTGTGCCAGGGATATTCCGG_004,30
GTGTGCCAGGGATATTCCGG_005,150
GTGTGCCAGGGATATTCCGG_006,137
GTGTGCCAGGGATATTCCGG_007,40
GTGTGCCAGGGATATTCCGG_008,129
GTGTGCCAGGGATATTCCGG_009,100
GTGTGCCAGGGATATTCCGG_010,29
GTGTGCCAGGGATATTCCGG_011,130
GTGTGCCAGGGATATTCCGG_012,165
GTGTGCCAGGGATATTCCGG_013,94
TTGGCGTTCATAAGCCGCCG_001,147
TTGGCGTTCATAAGCCGCCG_002,123
TTGGCGTTCATAAGCCGCCG_003,168
TTGGCGTTCATAAGCCGCCG_004,102
AGCCATGGGACGGGCAGTCA_001,69
AGCCATGGGACGGGCAGTCA_002,69
AGCCATGGGACGGGCAGTCA_003,182
AGCCATGGGACGGGCAGTCA_004,146
AGCCATGGGACGGGCAGTCA_005,60
AGCCATGGGACGGGCAGTCA_006,0
AGCCATGGGACGGGCAGTCA_007,27
AGCCATGGGACGGGCAGTCA_008,42
CAGAGCAGCGCTCTCGACTG_001,178
CAGAGCAGCGCTCTCGACTG_002,73
CAGAGCAGCGCTCTCGACTG_003,188
CAGAGCAGCGCTCTCGACTG_004,8
CAGAGCAGCGCTCTCGACTG_005,103
CAGAGCAGCGCTCTCGACTG_006,49
CAGAGCAGCGCTCTCGACTG_007,107
CAGAGCAGCGCTCTCGACTG_008,146
CAGAGCAGCGCTCTCGACTG_009,156
CAGAGCAGCGCTCTCGACTG_010,54
CAGAGCAGCGCTCTCGACTG_011,160
CAGAGCAGCGCTCTCGACTG_012,61
CAGAGCAGCGCTCTCGACTG_013,157
CAGAGCAGCGCTCTCGACTG_014,105
CAGAGCAGCGCTCTCGACTG_015,132
CAGAGCAGCGCTCTCGACTG_016,80
GTTTGATGATGCCCAACAGG_001,149
GTTTGATGATGCCCAACAGG_002,156
GTTTGATGATGCCCAACAGG_003,101
ACTTCCATGAATCATGCAGG_001,160
ACTTCCATGAATCATGCAGG_002,8
ACTTCCATGAATCATGCAGG_003,103
ACTTCCATGAATCATGCAGG_004,59
TTCCCTTACGAAGCAGACGA_001,145
TTCCCTTACGAAGCAGACGA_002,7
TTCCCTTACGAAGCAGACGA_003,49
TTCCCTTACGAAGCAGACGA_004,169
TTCCCTTACGAAGCAGACGA_005,115
TTCCCTTACGAAGCAGACGA_006,178
GGTACTCGATGAGGCTCCAG_001,88
GGTACTCGATGAGGCTCCAG_002,26
GGTACTCGATGAGGCTCCAG_003,135
GGTACTCGATGAGGCTCCAG_004,169
GGTACTCGATGAGGCTCCAG_005,113
GGTACTCGATGAGGCTCCAG_006,76
GGTACTCGATGAGGCTCCAG_007,9
GGTACTCGATGAGGCTCCAG_008,66
GATGTGCTGCCACACGACAC_001,119
GATGTGCTGCCACACGACAC_002,158
GATGTGCTGCCACACGACAC_003,105
GATGTGCTGCCACACGACAC_004,126
GATGTGCTGCCACACGACAC_005,92
GATGTGCTGCCACACGACAC_006,141
GATGTGCTGCCACACGACAC_007,38
GATGTGCTGCCACACGACAC_008,60
GATGTGCTGCCACACGACAC_009,56
GATGTGCTGCCACACGACAC_010,170
GATGTGCTGCCACACGACAC_011,137
GATGTGCTGCCACACGACAC_012,66
GATGTGCTGCCACACGACAC_013,34
GATGTGCTGCCACACGACAC_014,149
GATGTGCTGCCACACGACAC_015,61
GGAGGCGCCCAACAACGGCT_001,172
GGAGGCGCCCAACAACGGCT_002,159
GGAGGCGCCCAACAACGGCT_003,96
CAGTAGATGACCACGATCGT_001,112
CAGTAGATGACCACGATCGT_002,28
CAGTAGATGACCACGATCGT_003,106
TTCACTGACACTTATAACTG_001,29
TTCACTGACACTTATAACTG_002,115
TTCACTGACACTTATAACTG_003,199
TTCCCCAGAAAAGATAGATG_001,112
TTCCCCAGAAAAGATAGATG_002,158
TTCCCCAGAAAAGATAGATG_003,49
TTCCCCAGAAAAGATAGATG_004,149
TTCCCCAGAAAAGATAGATG_005,132
TTCCCCAGAAAAGATAGATG_006,84
AGTGTCCCCGTAACCAGAGT_001,44
AGTGTCCCCGTAACCAGAGT_002,101
AGTGTCCCCGTAACCAGAGT_003,156
AGTGTCCCCGTAACCAGAGT_004,96
AGTGTCCCCGTAACCAGAGT_005,7
AGTGTCCCCGTAACCAGAGT_006,115
AGTGTCCCCGTAACCAGAGT_007,121
AGTGTCCCCGTAACCAGAGT_008,105
AGTGTCCCCGTAACCAGAGT_009,62
AGTGTCCCCGTAACCAGAGT_010,190
AGTGTCCCCGTAACCAGAGT_011,65
AGTGTCCCCGTAACCAGAGT_012,115
AGTGTCCCCGTAACCAGAGT_013,167
AGTGTCCCCGTAACCAGAGT_014,167
AGTGTCCCCGTAACCAGAGT_015,113
AGTGTCCCCGTAACCAGAGT_016,37
AGTGTCCCCGTAACCAGAGT_017,28
AGCACTGATTACTACAAGAG_001,121
AGCACTGATTACTACAAGAG_002,62
AGCACTGATTACTACAAGAG_003,30
AGCACTGATTACTACAAGAG_004,121
GTTCCACCCAAACCCAGGGA_001,115
GTTCCACCCAAACCCAGGGA_002,1
GTTCCACCCAAACCCAGGGA_003,127
GTTCCACCCAAACCCAGGGA_004,147
GTTCCACCCAAACCCAGGGA_005,139
GTTCCACCCAAACCCAGGGA_006,14
GTTCCACCCAAACCCAGGGA_007,174
GTTCCACCCAAACCCAGGGA_008,150
GTTCCACCCAAACCCAGGGA_009,135
GTTCCACCCAAACCCAGGGA_010,56
TGGGCTCGTAACCATAGGAA_001,62
TGGGCTCGTAACCATAGGAA_002,152
TGGGCTCGTAACCATAGGAA_003,115
TGGGCTCGTAACCATAGGAA_004,148
TGGGCTCGTAACCATAGGAA_005,185
TGGGCTCGTAACCATAGGAA_006,63
TGGGCTCGTAACCATAGGAA_007,188
TGGGCTCGTAACCATAGGAA_008,52
TGGGCTCGTAACCATAGGAA_009,188
CTTGACGACTCCAACCCCAG_001,15
CTTGACGACTCCAACCCCAG_002,115
CTTGACGACTCCAACCCCAG_003,36
CTTGACGACTCCAACCCCAG_004,140
CTTGACGACTCCAACCCCAG_005,13
CTTGACGACTCCAACCCCAG_006,13
CTTGACGACTCCAACCCCAG_007,114
CTTGACGACTCCAACCCCAG_008,94
CTTGACGACTCCAACCCCAG_009,88
CTTGACGACTCCAACCCCAG_010,108
CTTGACGACTCCAACCCCAG_011,117
CTTGACGACTCCAACCCCAG_012,48
CTTGACGACTCCAACCCCAG_013,91
CTTGACGACTCCAACCCCAG_014,47
CTTGACGACTCCAACCCCAG_015,176
CTTGACGACTCCAACCCCAG_016,137
CTTGACGACTCCAACCCCAG_017,62
CTTGACGACTCCAACCCCAG_018,177
GAAGTCGTGCAGTACAGGTG_001,171
GAAGTCGTGCAGTACAGGTG_002,60
GAAGTCGTGCAGTACAGGTG_003,176
GAAGTCGTGCAGTACAGGTG_004,8
GAAGTCGTGCAGTACAGGTG_005,52
GAAGTCGTGCAGTACAGGTG_006,169
GAAGTCGTGCAGTACAGGTG_007,105
GAAGTCGTGCAGTACAGGTG_008,8
GAAGTCGTGCAGTACAGGTG_009,84
GAAGTCGTGCAGTACAGGTG_010,158
GAAGTCGTGCAGTACAGGTG_011,144
GAAGTCGTGCAGTACAGGTG_012,147
GAAGTCGTGCAGTACAGGTG_013,147
GAAGTCGTGCAGTACAGGTG_014,60
GAAGTCGTGCAGTACAGGTG_015,102
GAAGTCGTGCAGTACAGGTG_016,172
GAAGTCGTGCAGTACAGGTG_017,128
GAAGTCGTGCAGTACAGGTG_018,61
GAAGTCGTGCAGTACAGGTG_019,113
GAAGTCGTGCAGTACAGGTG_020,13
GAAGTCGTGCAGTACAGGTG_021,67
GAAGTCGTGCAGTACAGGTG_022,30
GAAGTCGTGCAGTACAGGTG_023,40
GAAGTCGTGCAGTACAGGTG_024,76
GAAGTCGTGCAGTACAGGTG_025,149
GAAGTCGTGCAGTACAGGTG_026,149
GAAGTCGTGCAGTACAGGTG_027,104
GAAGTCGTGCAGTACAGGTG_028,68
GAAGTCGTGCAGTACAGGTG_029,25
GAAGTCGTGCAGTACAGGTG_030,88
GAAGTCGTGCAGTACAGGTG_031,68
GAAGTCGTGCAGTACAGGTG_032,105
GAAGTCGTGCAGTACAGGTG_033,16
GAAGTCGTGCAGTACAGGTG_034,121
GAAGTCGTGCAGTACAGGTG_035,12
GAAGTCGTGCAGTACAGGTG_036,107
GAAGTCGTGCAGTACAGGTG_037,178
GAAGTCGTGCAGTACAGGTG_038,5
GAAGTCGTGCAGTACAGGTG_039,107
GAAGTCGTGCAGTACAGGTG_040,6
GAAGTCGTGCAGTACAGGTG_041,48
GAAGTCGTGCAGTACAGGTG_042,180
GAAGTCGTGCAGTACAGGTG_043,18
TCTGATACCACAACTTATAG_001,106
TCTGATACCACAACTTATAG_002,119
TCTGATACCACAACTTATAG_003,11
TCTGATACCACAACTTATAG_004,86
AGGTCATCCACAGCGGCGAG_001,78
AGGTCATCCACAGCGGCGAG_002,52
AGGTCATCCACAGCGGCGAG_003,61
AGGTCATCCACAGCGGCGAG_004,62
AGGTCATCCACAGCGGCGAG_005,138
GCTGGTCAGAGCATGCGTCA_001,150
GCTGGTCAGAGCATGCGTCA_002,33
GCTGGTCAGAGCATGCGTCA_003,89
GCTGGTCAGAGCATGCGTCA_004,127
GCTGGTCAGAGCATGCGTCA_005,156
GCTGGTCAGAGCATGCGTCA_006,70
GCTGGTCAGAGCATGCGTCA_007,162
GCTGGTCAGAGCATGCGTCA_008,29
GCCAGAACCATGAACCCGGG_001,17
GCCAGAACCATGAACCCGGG_002,84
GCCAGAACCATGAACCCGGG_003,6
GCCAGAACCATGAACCCGGG_004,161
GCCAGAACCATGAACCCGGG_005,85
GCCAGAACCATGAACCCGGG_006,183
GCCAGAACCATGAACCCGGG_007,175
GCCAGAACCATGAACCCGGG_008,104
GCCAGAACCATGAACCCGGG_009,61
GCCAGAACCATGAACCCGGG_010,65
CAGGCCGTGTGGTACACCCG_001,149
CAGGCCGTGTGGTACACCCG_002,17
CAGGCCGTGTGGTACACCCG_003,175
CAGGCCGTGTGGTACACCCG_004,147
CAGGCCGTGTGGTACACCCG_005,1
CAGGCCGTGTGGTACACCCG_006,84
CATGGACCAGAGGTCCACGC_001,48
CAGGCACAAAAGAAGATCTT_001,195
GGGATGACCAAGGTCAAAGT_001,140
GGGATGACCAAGGTCAAAGT_002,162
GGGATGACCAAGGTCAAAGT_003,182
GGGATGACCAAGGTCAAAGT_004,105
GGGATGACCAAGGTCAAAGT_005,129
GGGATGACCAAGGTCAAAGT_006,132
GGGATGACCAAGGTCAAAGT_007,151
GGGATGACCAAGGTCAAAGT_008,122
GGGATGACCAAGGTCAAAGT_009,175
GGGATGACCAAGGTCAAAGT_010,199
GGGATGACCAAGGTCAAAGT_011,106
GGGATGACCAAGGTCAAAGT_012,100
GGGATGACCAAGGTCAAAGT_013,166
GGGATGACCAAGGTCAAAGT_014,94
TGAGCCTGTTTATATAGATG_001,106
TGAGCCTGTTTATATAGATG_002,84
TGAGCCTGTTTATATAGATG_003,118
TGAGCCTGTTTATATAGATG_004,166
GGCGGGCGGGTACGTGTACT_001,62
GGCGGGCGGGTACGTGTACT_002,163
GGCGGGCGGGTACGTGTACT_003,16
GGCGGGCGGGTACGTGTACT_004,58
GGCGGGCGGGTACGTGTACT_005,68
GGACCGATTGACTTTGGAGA_001,192
GGACCGATTGACTTTGGAGA_002,171
GGACCGATTGACTTTGGAGA_003,23
GGACCGATTGACTTTGGAGA_004,30
GGACCGATTGACTTTGGAGA_005,77
GGACCGATTGACTTTGGAGA_006,106
GGACCGATTGACTTTGGAGA_007,43
GGACCGATTGACTTTGGAGA_008,160
GGACCGATTGACTTTGGAGA_009,83
GGACCGATTGACTTTGGAGA_010,195
GGACCGATTGACTTTGGAGA_011,198
GGACCGATTGACTTTGGAGA_012,162
GGACCGATTGACTTTGGAGA_013,138
GGACCGATTGACTTTGGAGA_014,145
AATTTCGTGAACGTATAGAA_001,155
AATTTCGTGAACGTATAGAA_002,73
AATTTCGTGAACGTATAGAA_003,121
GAGCCAAGGGATTCACAGGA_001,130
GAGCCAAGGGATTCACAGGA_002,86
GAGCCAAGGGATTCACAGGA_003,58
GAGCCAAGGGATTCACAGGA_004,141
GAGCCAAGGGATTCACAGGA_005,15
GAGCCAAGGGATTCACAGGA_006,165
GAGCCAAGGGATTCACAGGA_007,48
GAGCCAAGGGATTCACAGGA_008,199
GAGCCAAGGGATTCACAGGA_009,166
GAGCCAAGGGATTCACAGGA_010,13
GAGCCAAGGGATTCACAGGA_011,80
GAGCCAAGGGATTCACAGGA_012,80
ACTTCGATAATGAACTTGCA_001,122
ACTTCGATAATGAACTTGCA_002,129
ACTTCGATAATGAACTTGCA_003,28
ACTTCGATAATGAACTTGCA_004,20
ACTTCGATAATGAACTTGCA_005,88
GCTGTGTCTCCGGAAATTTG_001,75
GCTGTGTCTCCGGAAATTTG_002,159
GCTGTGTCTCCGGAAATTTG_003,145
GCTGTGTCTCCGGAAATTTG_004,9
GCTGTGTCTCCGGAAATTTG_005,9
GCTGTGTCTCCGGAAATTTG_006,12
GCTGTGTCTCCGGAAATTTG_007,12
GCTGTGTCTCCGGAAATTTG_008,100
GCTGTGTCTCCGGAAATTTG_009,199
GCTGTGTCTCCGGAAATTTG_010,197
GCTGTGTCTCCGGAAATTTG_011,63
GCTGTGTCTCCGGAAATTTG_012,145
GCTGTGTCTCCGGAAATTTG_013,147
GCTGTGTCTCCGGAAATTTG_014,172
GCTGTGTCTCCGGAAATTTG_015,77
GCTGTGTCTCCGGAAATTTG_016,158
GCTGTGTCTCCGGAAATTTG_017,126
TATTAAACAGAGGACAAGTG_001,120
TATTAAACAGAGGACAAGTG_002,196
TATTAAACAGAGGACAAGTG_003,48
TATTAAACAGAGGACAAGTG_004,172
TATTAAACAGAGGACAAGTG_005,126
TATTAAACAGAGGACAAGTG_006,10
TATTAAACAGAGGACAAGTG_007,145
TATTAAACAGAGGACAAGTG_008,63
TATTAAACAGAGGACAAGTG_009,63
TATTAAACAGAGGACAAGTG_010,60
TATTAAACAGAGGACAAGTG_011,182
TATTAAACAGAGGACAAGTG_012,116
GTAAATTAATGTAACTACCG_001,24
GTAAATTAATGTAACTACCG_002,19
GTAAATTAATGTAACTACCG_003,132
GTAAATTAATGTAACTACCG_004,69
GTAAATTAATGTAACTACCG_005,144
TATTAAAGGATAAAGTGCTA_001,84
TATTAAAGGATAAAGTGCTA_002,152
AAACATTCGGAACACTATGG_001,178
AAACATTCGGAACACTATGG_002,32
AAACATTCGGAACACTATGG_003,133
AAACATTCGGAACACTATGG_004,133
AAACATTCGGAACACTATGG_005,25
AAACATTCGGAACACTATGG_006,163
GCGCTGGATCTGGTTCAGCA_001,197
GCGCTGGATCTGGTTCAGCA_002,156
GCGCTGGATCTGGTTCAGCA_003,181
GCGCTGGATCTGGTTCAGCA_004,7
GCGCTGGATCTGGTTCAGCA_005,113
GCGCTGGATCTGGTTCAGCA_006,88
GCGCTGGATCTGGTTCAGCA_007,146
GCGCTGGATCTGGTTCAGCA_008,189
GCGCTGGATCTGGTTCAGCA_009,150
GCGCTGGATCTGGTTCAGCA_010,119
GCGCTGGATCTGGTTCAGCA_011,83
GCGCTGGATCTGGTTCAGCA_012,82
GCGCTGGATCTGGTTCAGCA_013,61
GCGCTGGATCTGGTTCAGCA_014,107
GCGCTGGATCTGGTTCAGCA_015,68
GCGCTGGATCTGGTTCAGCA_016,145
GCGCTGGATCTGGTTCAGCA_017,193
GCGCTGGATCTGGTTCAGCA_018,23
GCGCTGGATCTGGTTCAGCA_019,199
GCGCTGGATCTGGTTCAGCA_020,94
GTTCTGTGAAATTTGCGATG_001,34
GTTCTGTGAAATTTGCGATG_002,63
GTTCTGTGAAATTTGCGATG_003,105
GTTCTGTGAAATTTGCGATG_004,110
GTTCTGTGAAATTTGCGATG_005,91
TGACCCACCCAATAACTGGT_001,9
TGACCCACCCAATAACTGGT_002,168
TGACCCACCCAATAACTGGT_003,58
TGACCCACCCAATAACTGGT_004,105
TGACCCACCCAATAACTGGT_005,96
ACCTGCCAGTTTCTGCTGTG_001,51
ACCTGCCAGTTTCTGCTGTG_002,62
ACCTGCCAGTTTCTGCTGTG_003,105
ACCTGCCAGTTTCTGCTGTG_004,70
ACCTGCCAGTTTCTGCTGTG_005,30
ACCTGCCAGTTTCTGCTGTG_006,13
ACCTGCCAGTTTCTGCTGTG_007,161
ACCTGCCAGTTTCTGCTGTG_008,105
ACCTGCCAGTTTCTGCTGTG_009,15
ACCTGCCAGTTTCTGCTGTG_010,61
ACCTGCCAGTTTCTGCTGTG_011,31
ACCTGCCAGTTTCTGCTGTG_012,156
ACCTGCCAGTTTCTGCTGTG_013,38
ACCTGCCAGTTTCTGCTGTG_014,124
ACCTGCCAGTTTCTGCTGTG_015,198
ACCTGCCAGTTTCTGCTGTG_016,85
ACCTGCCAGTTTCTGCTGTG_017,1
ACCTGCCAGTTTCTGCTGTG_018,105
ACCTGCCAGTTTCTGCTGTG_019,152
ACCTGCCAGTTTCTGCTGTG_020,118
ACCTGCCAGTTTCTGCTGTG_021,124
ACCTGCCAGTTTCTGCTGTG_022,70
CCTGCAGTTTACATCATCCT_001,150
CCTGCAGTTTACATCATCCT_002,128
CCTGCAGTTTACATCATCCT_003,111
CCTGCAGTTTACATCATCCT_004,186
CCTGCAGTTTACATCATCCT_005,95
CCTGCAGTTTACATCATCCT_006,8
CCTGCAGTTTACATCATCCT_007,42
CCTGCAGTTTACATCATCCT_008,102
CCTGCAGTTTACATCATCCT_009,102
CCTGCAGTTTACATCATCCT_010,126
CCTGCAGTTTACATCATCCT_011,176
CCTGCAGTTTACATCATCCT_012,172
ACAATAAGATTACTCTTCCT_001,4
CAGCTACTTCGTGACGCGAG_001,12
CAGCTACTTCGTGACGCGAG_002,37
CACTCAATAGTAGCTCCCAT_001,1
CACTCAATAGTAGCTCCCAT_002,158
CACTCAATAGTAGCTCCCAT_003,162
CACTCAATAGTAGCTCCCAT_004,57
TTCTCGAGAAATATTCGGCA_001,24
TTCTCGAGAAATATTCGGCA_002,120
TTCTCGAGAAATATTCGGCA_003,129
TTCTCGAGAAATATTCGGCA_004,91
TTCTCGAGAAATATTCGGCA_005,60
AAGTAAACAATGTGGCCGAG_001,35
AAGTAAACAATGTGGCCGAG_002,116
AAGTAAACAATGTGGCCGAG_003,52
AAGTAAACAATGTGGCCGAG_004,2
AGAGCCTCTTAAGTTGGAGC_001,45
AGAGCCTCTTAAGTTGGAGC_002,156
AGAGCCTCTTAAGTTGGAGC_003,55
AGAGCCTCTTAAGTTGGAGC_004,22
ACAGATCCGCATCTCCCTTG_001,140
ACAGATCCGCATCTCCCTTG_002,121
ACAGATCCGCATCTCCCTTG_003,9
ACAGATCCGCATCTCCCTTG_004,168
ACAGATCCGCATCTCCCTTG_005,95
ACAGATCCGCATCTCCCTTG_006,139
ACAGATCCGCATCTCCCTTG_007,66
ACAGATCCGCATCTCCCTTG_008,117
CCTCCTCCAAGCATCAGTAA_001,44
CCTCCTCCAAGCATCAGTAA_002,77
AGTACACGTTCTTCACGTTG_001,15
CCAGCCCATACCGGTAAGCG_001,77
CCAGCCCATACCGGTAAGCG_002,160
GAATAAGAAATAGCAAGGAG_001,129
GAATAAGAAATAGCAAGGAG_002,79
GAATAAGAAATAGCAAGGAG_003,17
ACCATCCCGTGGTCATACAT_001,145
ACCATCCCGTGGTCATACAT_002,1
ACCATCCCGTGGTCATACAT_003,50
ACCATCCCGTGGTCATACAT_004,198
ACCATCCCGTGGTCATACAT_005,130
ACCATCCCGTGGTCATACAT_006,164
ACCATCCCGTGGTCATACAT_007,156
ACCATCCCGTGGTCATACAT_008,70
ACCATCCCGTGGTCATACAT_009,193
ACCATCCCGTGGTCATACAT_010,168
ACCATCCCGTGGTCATACAT_011,68
ACCATCCCGTGGTCATACAT_012,34
ACCATCCCGTGGTCATACAT_013,9
ACCATCCCGTGGTCATACAT_014,61
ACCATCCCGTGGTCATACAT_015,17
ACCATCCCGTGGTCATACAT_016,162
ACCATCCCGTGGTCATACAT_017,181
ACCATCCCGTGGTCATACAT_018,94
ACCATCCCGTGGTCATACAT_019,41
ACCATCCCGTGGTCATACAT_020,185
ACCATCCCGTGGTCATACAT_021,63
ACCATCCCGTGGTCATACAT_022,35
ACCATCCCGTGGTCATACAT_023,61
ACCATCCCGTGGTCATACAT_024,74
GTCCCCGATGAAGACGACTT_001,118
GTCCCCGATGAAGACGACTT_002,11
GTCCCCGATGAAGACGACTT_003,93
GTCCCCGATGAAGACGACTT_004,35
GTCCCCGATGAAGACGACTT_005,154
GTCCCCGATGAAGACGACTT_006,188
GTCCCCGATGAAGACGACTT_007,190
GTCCCCGATGAAGACGACTT_008,190
GGACTCGGTAGGAAATTAGG_001,106
GGACTCGGTAGGAAATTAGG_002,188
GGACTCGGTAGGAAATTAGG_003,93
GGACTCGGTAGGAAATTAGG_004,177
GGACTCGGTAGGAAATTAGG_005,181
GGACTCGGTAGGAAATTAGG_006,40
GGACTCGGTAGGAAATTAGG_007,85
GGACTCGGTAGGAAATTAGG_008,55
GGACTCGGTAGGAAATTAGG_009,42
GGACTCGGTAGGAAATTAGG_010,87
GGACTCGGTAGGAAATTAGG_011,87
GTGGCTGCCGAACACCCGAA_001,29
GTGGCTGCCGAACACCCGAA_002,42
GTGGCTGCCGAACACCCGAA_003,170
GTGGCTGCCGAACACCCGAA_004,192
GTGGCTGCCGAACACCCGAA_005,122
GTGGCTGCCGAACACCCGAA_006,122
TTGATGTGTCACTGCATGAG_001,154
TTGATGTGTCACTGCATGAG_002,10
TTGATGTGTCACTGCATGAG_003,143
TTGATGTGTCACTGCATGAG_004,116
TTGATGTGTCACTGCATGAG_005,122
TTGATGTGTCACTGCATGAG_006,176
CAGGCTCCCCCCCAACCAAG_001,36
CAGGCTCCCCCCCAACCAAG_002,161
CAGGCTCCCCCCCAACCAAG_003,9
CAGGCTCCCCCCCAACCAAG_004,194
CAGGCTCCCCCCCAACCAAG_005,80
CAGGCTCCCCCCCAACCAAG_006,60
CAGGCTCCCCCCCAACCAAG_007,17
CAGGCTCCCCCCCAACCAAG_008,11
CAGGCTCCCCCCCAACCAAG_009,107
CAGGCTCCCCCCCAACCAAG_010,158
CAGGCTCCCCCCCAACCAAG_011,88
CAGGCTCCCCCCCAACCAAG_012,43
CAGGCTCCCCCCCAACCAAG_013,60
CAGGCTCCCCCCCAACCAAG_014,40
CAGGCTCCCCCCCAACCAAG_015,125
CAGGCTCCCCCCCAACCAAG_016,127
CAGGCTCCCCCCCAACCAAG_017,147
CAGGCTCCCCCCCAACCAAG_018,29
CAGGCTCCCCCCCAACCAAG_019,158
CAGGCTCCCCCCCAACCAAG_020,163
CAGGCTCCCCCCCAACCAAG_021,96
CAGGCTCCCCCCCAACCAAG_022,48
CAGGCTCCCCCCCAACCAAG_023,101
CAGGCTCCCCCCCAACCAAG_024,9
CAGGCTCCCCCCCAACCAAG_025,96
CAGGCTCCCCCCCAACCAAG_026,43
CAGGCTCCCCCCCAACCAAG_027,186
CAGGCTCCCCCCCAACCAAG_028,19
CAGGCTCCCCCCCAACCAAG_029,7
CAGGCTCCCCCCCAACCAAG_030,36
CAGGCTCCCCCCCAACCAAG_031,153
CAGGCTCCCCCCCAACCAAG_032,5
CAGGCTCCCCCCCAACCAAG_033,181
CAGGCTCCCCCCCAACCAAG_034,48
CAGGCTCCCCCCCAACCAAG_035,59
CAGGCTCCCCCCCAACCAAG_036,48
CAGGCTCCCCCCCAACCAAG_037,91
CAGGCTCCCCCCCAACCAAG_038,102
CAGGCTCCCCCCCAACCAAG_039,14
CAGGCTCCCCCCCAACCAAG_040,168
CAGGCTCCCCCCCAACCAAG_041,13
CAGGCTCCCCCCCAACCAAG_042,9
CAGGCTCCCCCCCAACCAAG_043,108
CAGGCTCCCCCCCAACCAAG_044,5
CAGGCTCCCCCCCAACCAAG_045,187
CAGGCTCCCCCCCAACCAAG_046,154
CAGGCTCCCCCCCAACCAAG_047,98
CAGGCTCCCCCCCAACCAAG_048,180
CAGGCTCCCCCCCAACCAAG_049,149
CAGGCTCCCCCCCAACCAAG_050,46
CAGGCTCCCCCCCAACCAAG_051,197
CAGGCTCCCCCCCAACCAAG_052,170
CAGGCTCCCCCCCAACCAAG_053,134
CAGGCTCCCCCCCAACCAAG_054,162
CAGGCTCCCCCCCAACCAAG_055,20
CAGGCTCCCCCCCAACCAAG_056,78
CAGGCTCCCCCCCAACCAAG_057,156
CAGGCTCCCCCCCAACCAAG_058,60
CAGGCTCCCCCCCAACCAAG_059,156
CAGGCTCCCCCCCAACCAAG_060,175
CAGGCTCCCCCCCAACCAAG_061,186
CAGGCTCCCCCCCAACCAAG_062,103
CAGGCTCCCCCCCAACCAAG_063,68
CAGGCTCCCCCCCAACCAAG_064,72
CAGGCTCCCCCCCAACCAAG_065,172
CAGGCTCCCCCCCAACCAAG_066,98
CAGGCTCCCCCCCAACCAAG_067,68
CAGGCTCCCCCCCAACCAAG_068,41
CAGGCTCCCCCCCAACCAAG_069,35
CAGGCTCCCCCCCAACCAAG_070,56
CAGGCTCCCCCCCAACCAAG_071,162
CAGGCTCCCCCCCAACCAAG_072,88
CAGGCTCCCCCCCAACCAAG_073,163
CAGGCTCCCCCCCAACCAAG_074,195
CAGGCTCCCCCCCAACCAAG_075,102
CAGGCTCCCCCCCAACCAAG_076,45
CAGGCTCCCCCCCAACCAAG_077,117
CAGGCTCCCCCCCAACCAAG_078,114
CAGGCTCCCCCCCAACCAAG_079,65
CAGGCTCCCCCCCAACCAAG_080,140
CAGGCTCCCCCCCAACCAAG_081,41
CAGGCTCCCCCCCAACCAAG_082,146
CAGGCTCCCCCCCAACCAAG_083,108
CAGGCTCCCCCCCAACCAAG_084,192
CAGGCTCCCCCCCAACCAAG_085,105
CAGGCTCCCCCCCAACCAAG_086,77
CAGGCTCCCCCCCAACCAAG_087,152
CAGGCTCCCCCCCAACCAAG_088,83
CAGGCTCCCCCCCAACCAAG_089,9
CAGGCTCCCCCCCAACCAAG_090,111
CAGGCTCCCCCCCAACCAAG_091,129
CAGGCTCCCCCCCAACCAAG_092,3
CAGGCTCCCCCCCAACCAAG_093,12
CAGGCTCCCCCCCAACCAAG_094,4
CAGGCTCCCCCCCAACCAAG_095,178
CAGGCTCCCCCCCAACCAAG_096,108
CAGGCTCCCCCCCAACCAAG_097,16
CAGGCTCCCCCCCAACCAAG_098,15
CAGGCTCCCCCCCAACCAAG_099,98
CAGGCTCCCCCCCAACCAAG_100,75
CAGGCTCCCCCCCAACCAAG_101,16
CAGGCTCCCCCCCAACCAAG_102,27
CAGGCTCCCCCCCAACCAAG_103,153
CAGGCTCCCCCCCAACCAAG_104,116
CAGGCTCCCCCCCAACCAAG_105,74
CAGGCTCCCCCCCAACCAAG_106,110
CAGGCTCCCCCCCAACCAAG_107,197
CAGGCTCCCCCCCAACCAAG_108,29
CAGGCTCCCCCCCAACCAAG_109,33
CAGGCTCCCCCCCAACCAAG_110,130
CAGGCTCCCCCCCAACCAAG_111,49
CAGGCTCCCCCCCAACCAAG_112,78
CAGGCTCCCCCCCAACCAAG_113,138
CAGGCTCCCCCCCAACCAAG_114,57
CAGGCTCCCCCCCAACCAAG_115,127
CAGGCTCCCCCCCAACCAAG_116,52
CAGGCTCCCCCCCAACCAAG_117,3
CAGGCTCCCCCCCAACCAAG_118,28
CAGGCTCCCCCCCAACCAAG_119,2
CAGGCTCCCCCCCAACCAAG_120,57
CAGGCTCCCCCCCAACCAAG_121,138
CAGGCTCCCCCCCAACCAAG_122,105
CAGGCTCCCCCCCAACCAAG_123,152
CAGGCTCCCCCCCAACCAAG_124,68
CAGGCTCCCCCCCAACCAAG_125,153
CAGGCTCCCCCCCAACCAAG_126,10
CAGGCTCCCCCCCAACCAAG_127,18
CAGGCTCCCCCCCAACCAAG_128,39
CAGGCTCCCCCCCAACCAAG_129,180
CAGGCTCCCCCCCAACCAAG_130,191
CAGGCTCCCCCCCAACCAAG_131,17
CAGGCTCCCCCCCAACCAAG_132,28
CAGGCTCCCCCCCAACCAAG_133,0
CAGGCTCCCCCCCAACCAAG_134,22
CAGGCTCCCCCCCAACCAAG_135,149
CAGGCTCCCCCCCAACCAAG_136,153
CAGGCTCCCCCCCAACCAAG_137,156
CAGGCTCCCCCCCAACCAAG_138,127
CAGGCTCCCCCCCAACCAAG_139,86
CAGGCTCCCCCCCAACCAAG_140,56
CAGGCTCCCCCCCAACCAAG_141,49
CAGGCTCCCCCCCAACCAAG_142,66
CAGGCTCCCCCCCAACCAAG_143,33
CAGGCTCCCCCCCAACCAAG_144,18
CAGGCTCCCCCCCAACCAAG_145,10
CAGGCTCCCCCCCAACCAAG_146,60
CAGGCTCCCCCCCAACCAAG_147,28
CAGGCTCCCCCCCAACCAAG_148,27
CAGGCTCCCCCCCAACCAAG_149,144
CAGGCTCCCCCCCAACCAAG_150,10
CAGGCTCCCCCCCAACCAAG_151,63
CAGGCTCCCCCCCAACCAAG_152,162
CAGGCTCCCCCCCAACCAAG_153,19
CAGGCTCCCCCCCAACCAAG_154,142
CAGGCTCCCCCCCAACCAAG_155,76
CAGGCTCCCCCCCAACCAAG_156,56
CAGGCTCCCCCCCAACCAAG_157,8
CAGGCTCCCCCCCAACCAAG_158,111
CAGGCTCCCCCCCAACCAAG_159,63
CAGGCTCCCCCCCAACCAAG_160,81
CAGGCTCCCCCCCAACCAAG_161,141
CAGGCTCCCCCCCAACCAAG_162,127
CAGGCTCCCCCCCAACCAAG_163,116
CAGGCTCCCCCCCAACCAAG_164,138
CAGGCTCCCCCCCAACCAAG_165,137
CAGGCTCCCCCCCAACCAAG_166,124
CAGGCTCCCCCCCAACCAAG_167,80
CAGGCTCCCCCCCAACCAAG_168,152
CAGGCTCCCCCCCAACCAAG_169,183
CAGGCTCCCCCCCAACCAAG_170,180
CAGGCTCCCCCCCAACCAAG_171,157
CAGGCTCCCCCCCAACCAAG_172,77
CAGGCTCCCCCCCAACCAAG_173,165
CAGGCTCCCCCCCAACCAAG_174,138
CAGGCTCCCCCCCAACCAAG_175,113
CAGGCTCCCCCCCAACCAAG_176,17
CAGGCTCCCCCCCAACCAAG_177,57
CAGGCTCCCCCCCAACCAAG_178,20
CAGGCTCCCCCCCAACCAAG_179,49
CAGGCTCCCCCCCAACCAAG_180,91
CAGGCTCCCCCCCAACCAAG_181,0
CAGGCTCCCCCCCAACCAAG_182,198
CAGGCTCCCCCCCAACCAAG_183,161
CAGGCTCCCCCCCAACCAAG_184,182
CAGGCTCCCCCCCAACCAAG_185,70
CAGGCTCCCCCCCAACCAAG_186,127
CAGGCTCCCCCCCAACCAAG_187,82
CAGGCTCCCCCCCAACCAAG_188,126
CAGGCTCCCCCCCAACCAAG_189,46
CAGGCTCCCCCCCAACCAAG_190,162
CAGGCTCCCCCCCAACCAAG_191,48
CAGGCTCCCCCCCAACCAAG_192,148
CAGGCTCCCCCCCAACCAAG_193,115
CAGGCTCCCCCCCAACCAAG_194,75
CAGGCTCCCCCCCAACCAAG_195,197
CAGGCTCCCCCCCAACCAAG_196,91
CAGGCTCCCCCCCAACCAAG_197,85
CAGGCTCCCCCCCAACCAAG_198,179
CAGGCTCCCCCCCAACCAAG_199,89
CAGGCTCCCCCCCAACCAAG_200,162
AATGTGACTGTGGAACCATA_001,12
AATGTGACTGTGGAACCATA_002,8
AATGTGACTGTGGAACCATA_003,144
AATGTGACTGTGGAACCATA_004,47
AATGTGACTGTGGAACCATA_005,55
AATGTGACTGTGGAACCATA_006,137
AATGTGACTGTGGAACCATA_007,172
AATGTGACTGTGGAACCATA_008,82
AATGTGACTGTGGAACCATA_009,98
AATGTGACTGTGGAACCATA_010,169
AATGTGACTGTGGAACCATA_011,124
AATGTGACTGTGGAACCATA_012,44
AATGTGACTGTGGAACCATA_013,147
AATGTGACTGTGGAACCATA_014,79
AATGTGACTGTGGAACCATA_015,170
AAAGGTTGGATTTCAAGGCG_001,22
CATGCACATTAAAGGGTCGG_001,15
CATGCACATTAAAGGGTCGG_002,168
CATGCACATTAAAGGGTCGG_003,8
CATGCACATTAAAGGGTCGG_004,112
CATGCACATTAAAGGGTCGG_005,102
CATGCACATTAAAGGGTCGG_006,46
CATGCACATTAAAGGGTCGG_007,22
CATGCACATTAAAGGGTCGG_008,144
CATGCACATTAAAGGGTCGG_009,49
CATGCACATTAAAGGGTCGG_010,2
CATGCACATTAAAGGGTCGG_011,105
CATGCACATTAAAGGGTCGG_012,117
CATGCACATTAAAGGGTCGG_013,141
CATGCACATTAAAGGGTCGG_014,121
CATGCACATTAAAGGGTCGG_015,169
CATGCACATTAAAGGGTCGG_016,41
CATGCACATTAAAGGGTCGG_017,126
CATGCACATTAAAGGGTCGG_018,33
CATTAATGCGATGCGCAGAG_001,12
CATTAATGCGATGCGCAGAG_002,67
CATTAATGCGATGCGCAGAG_003,0
CATTAATGCGATGCGCAGAG_004,146
CATTAATGCGATGCGCAGAG_005,68
CATTAATGCGATGCGCAGAG_006,104
CATTAATGCGATGCGCAGAG_007,81
CATTAATGCGATGCGCAGAG_008,12
CATTAATGCGATGCGCAGAG_009,197
CATTAATGCGATGCGCAGAG_010,65
CATTAATGCGATGCGCAGAG_011,175
CATTAATGCGATGCGCAGAG_012,67
CATTAATGCGATGCGCAGAG_013,115
CAGGACGGACGCCTTCACGG_001,77
CAGGACGGACGCCTTCACGG_002,169
CAGGACGGACGCCTTCACGG_003,34
CAGGACGGACGCCTTCACGG_004,152
CAGGACGGACGCCTTCACGG_005,28
CAGGACGGACGCCTTCACGG_006,25
CAGGACGGACGCCTTCACGG_007,105
CAGGACGGACGCCTTCACGG_008,60
CAGGACGGACGCCTTCACGG_009,165
CAGGACGGACGCCTTCACGG_010,65
CAGGACGGACGCCTTCACGG_011,150
CAGGACGGACGCCTTCACGG_012,198
CAGGACGGACGCCTTCACGG_013,156
CAGGACGGACGCCTTCACGG_014,75
CAGGACGGACGCCTTCACGG_015,147
CAGGACGGACGCCTTCACGG_016,94
CAGGACGGACGCCTTCACGG_017,136
CAGGACGGACGCCTTCACGG_018,82
CAGGACGGACGCCTTCACGG_019,94
CAGGACGGACGCCTTCACGG_020,60
CAGGACGGACGCCTTCACGG_021,70
CAGGACGGACGCCTTCACGG_022,166
CAGGACGGACGCCTTCACGG_023,148
CAGGACGGACGCCTTCACGG_024,57
CAGGACGGACGCCTTCACGG_025,190
CAGGACGGACGCCTTCACGG_026,177
CAGGACGGACGCCTTCACGG_027,138
CAGGACGGACGCCTTCACGG_028,37
TGGAGTCACAGAATTCGAGC_001,38
TGTCTGGTAAGGCATTCCGG_001,169
TGTCTGGTAAGGCATTCCGG_002,67
TGTCTGGTAAGGCATTCCGG_003,157
TGTCTGGTAAGGCATTCCGG_004,23
TGTCTGGTAAGGCATTCCGG_005,138
TGTCTGGTAAGGCATTCCGG_006,134
TGTCTGGTAAGGCATTCCGG_007,156
TGTCTGGTAAGGCATTCCGG_008,62
TGTCTGGTAAGGCATTCCGG_009,162
TGTCTGGTAAGGCATTCCGG_010,156
TGTCTGGTAAGGCATTCCGG_011,198
TGTCTGGTAAGGCATTCCGG_012,117
GGGACCACAACAGACTCGAC_001,118
GGGACCACAACAGACTCGAC_002,172
GGGACCACAACAGACTCGAC_003,87
GGGACCACAACAGACTCGAC_004,178
GGGACCACAACAGACTCGAC_005,74
GGGACCACAACAGACTCGAC_006,56
GGGACCACAACAGACTCGAC_007,31
GGGACCACAACAGACTCGAC_008,38
GGGACCACAACAGACTCGAC_009,130
GGGACCACAACAGACTCGAC_010,77
GGGACCACAACAGACTCGAC_011,19
GGGACCACAACAGACTCGAC_012,147
GGGACCACAACAGACTCGAC_013,77
GGGACCACAACAGACTCGAC_014,77
GGGACCACAACAGACTCGAC_015,63
GGGACCACAACAGACTCGAC_016,63
GGGACCACAACAGACTCGAC_017,152
GGGACCACAACAGACTCGAC_018,175
TGAAGTAGGACACGTTCATG_001,170
TGAAGTAGGACACGTTCATG_002,65
TGAAGTAGGACACGTTCATG_003,9
GCCGTTACCTGAGCCAGATG_001,62
GCCGTTACCTGAGCCAGATG_002,33
GCCGTTACCTGAGCCAGATG_003,43
GCTGCGGAGAGAATATTACG_001,132
GCTGCGGAGAGAATATTACG_002,68
GCTGCGGAGAGAATATTACG_003,22
CCTTGGAGATGAGGTCGTCG_001,120
AGGTGGGCATCAAGACGCGC_001,58
AGGTGGGCATCAAGACGCGC_002,39
CTCTCACCCGGACCCCCCGG_001,119
CTCTCACCCGGACCCCCCGG_002,142
CTCTCACCCGGACCCCCCGG_003,29
CTCTCACCCGGACCCCCCGG_004,146
CTCTCACCCGGACCCCCCGG_005,97
CTCTCACCCGGACCCCCCGG_006,106
CTCTCACCCGGACCCCCCGG_007,11
CTCTCACCCGGACCCCCCGG_008,70
CTCTCACCCGGACCCCCCGG_009,104
CTCTCACCCGGACCCCCCGG_010,84
CTCTCACCCGGACCCCCCGG_011,65
CTCTCACCCGGACCCCCCGG_012,31
CTCTCACCCGGACCCCCCGG_013,74
GTACAAAGCCGTTTACACAC_001,62
GTACAAAGCCGTTTACACAC_002,168
GTACAAAGCCGTTTACACAC_003,113
GTACAAAGCCGTTTACACAC_004,67
GTACAAAGCCGTTTACACAC_005,185
TGCGGGTCTGAGTCCCCAGT_001,15
TGCGGGTCTGAGTCCCCAGT_002,77
TGCGGGTCTGAGTCCCCAGT_003,175
TGCGGGTCTGAGTCCCCAGT_004,186
TGCGGGTCTGAGTCCCCAGT_005,37
TGCGGGTCTGAGTCCCCAGT_006,86
TGCGGGTCTGAGTCCCCAGT_007,89
TGCGGGTCTGAGTCCCCAGT_008,58
TGCGGGTCTGAGTCCCCAGT_009,141
GAACTATGGCTAACTCCCAG_001,170
GAACTATGGCTAACTCCCAG_002,49
GAACTATGGCTAACTCCCAG_003,177
GAACTATGGCTAACTCCCAG_004,86
GAACTATGGCTAACTCCCAG_005,106
GAACTATGGCTAACTCCCAG_006,48
GAACTATGGCTAACTCCCAG_007,28
GAACTATGGCTAACTCCCAG_008,64
GAACTATGGCTAACTCCCAG_009,162
GAACTATGGCTAACTCCCAG_010,84
GAACTATGGCTAACTCCCAG_011,8
GAACTATGGCTAACTCCCAG_012,122
GAACTATGGCTAACTCCCAG_013,34
TGTAACTTACTCTTTCGCGG_001,36
TGTAACTTACTCTTTCGCGG_002,2
TGTAACTTACTCTTTCGCGG_003,152
AAGAAGTCCAAGAACAAACG_001,117
AAGAAGTCCAAGAACAAACG_002,198
AAGAAGTCCAAGAACAAACG_003,100
CACACGTGAGCAGTCCGTAG_001,12
CACACGTGAGCAGTCCGTAG_002,191
CACACGTGAGCAGTCCGTAG_003,157
CACACGTGAGCAGTCCGTAG_004,65
AAGTCGTTCCAGATCCGCTG_001,147
AAGTCGTTCCAGATCCGCTG_002,189
AAGTCGTTCCAGATCCGCTG_003,70
AAGTCGTTCCAGATCCGCTG_004,84
AAGTCGTTCCAGATCCGCTG_005,168
AAGTCGTTCCAGATCCGCTG_006,8
AAGTCGTTCCAGATCCGCTG_007,171
AAGTCGTTCCAGATCCGCTG_008,76
AAGTCGTTCCAGATCCGCTG_009,146
AAGTCGTTCCAGATCCGCTG_010,17
ACTACTCGGAAGACTTGCCG_001,94
ACTACTCGGAAGACTTGCCG_002,60
ACTACTCGGAAGACTTGCCG_003,123
ACTACTCGGAAGACTTGCCG_004,52
ACTACTCGGAAGACTTGCCG_005,95
ACTACTCGGAAGACTTGCCG_006,121
ACTACTCGGAAGACTTGCCG_007,69
ACTACTCGGAAGACTTGCCG_008,119
ACTACTCGGAAGACTTGCCG_009,172
ACTACTCGGAAGACTTGCCG_010,40
ACTACTCGGAAGACTTGCCG_011,41
ACTACTCGGAAGACTTGCCG_012,78
ACTACTCGGAAGACTTGCCG_013,29
ACTACTCGGAAGACTTGCCG_014,50
ATACCGCCTAATCACCAAGC_001,26
ATACCGCCTAATCACCAAGC_002,56
ATACCGCCTAATCACCAAGC_003,188
ATACCGCCTAATCACCAAGC_004,35
ACCGTGACTCGAAGCTGACG_001,27
ACCGTGACTCGAAGCTGACG_002,175
ACCGTGACTCGAAGCTGACG_003,194
ACCGTGACTCGAAGCTGACG_004,174
ACCGTGACTCGAAGCTGACG_005,69
AATGTGCTGTTCGTGACCAT_001,173
AATGTGCTGTTCGTGACCAT_002,70
AATGTGCTGTTCGTGACCAT_003,51
AATGTGCTGTTCGTGACCAT_004,191
AATGTGCTGTTCGTGACCAT_005,98
AATGTGCTGTTCGTGACCAT_006,5
AATGTGCTGTTCGTGACCAT_007,56
AATGTGCTGTTCGTGACCAT_008,91
AATGTGCTGTTCGTGACCAT_009,145
AATGTGCTGTTCGTGACCAT_010,175
AATGTGCTGTTCGTGACCAT_011,96
AATGTGCTGTTCGTGACCAT_012,77
AATGTGCTGTTCGTGACCAT_013,128
AATGTGCTGTTCGTGACCAT_014,173
AATGTGCTGTTCGTGACCAT_015,144
AATGTGCTGTTCGTGACCAT_016,166
AATGTGCTGTTCGTGACCAT_017,161
AATGTGCTGTTCGTGACCAT_018,108
AATGTGCTGTTCGTGACCAT_019,178
AATGTGCTGTTCGTGACCAT_020,137
AATGTGCTGTTCGTGACCAT_021,196
AATGTGCTGTTCGTGACCAT_022,177
AATGTGCTGTTCGTGACCAT_023,158
AATGTGCTGTTCGTGACCAT_024,187
AATGTGCTGTTCGTGACCAT_025,145
AATGTGCTGTTCGTGACCAT_026,69
AATGTGCTGTTCGTGACCAT_027,10
AATGTGCTGTTCGTGACCAT_028,43
AATGTGCTGTTCGTGACCAT_029,153
AATGTGCTGTTCGTGACCAT_030,151
AATGTGCTGTTCGTGACCAT_031,57
AATGTGCTGTTCGTGACCAT_032,152
AGGACTGGGTTGGCTACCAG_001,17
AGGACTGGGTTGGCTACCAG_002,50
AGGACTGGGTTGGCTACCAG_003,127
AGGACTGGGTTGGCTACCAG_004,116
AGGACTGGGTTGGCTACCAG_005,172
AGGACTGGGTTGGCTACCAG_006,149
AGGACTGGGTTGGCTACCAG_007,193
AGGACTGGGTTGGCTACCAG_008,191
AGGACTGGGTTGGCTACCAG_009,48
AGGACTGGGTTGGCTACCAG_010,113
AGGACTGGGTTGGCTACCAG_011,177
AGGACTGGGTTGGCTACCAG_012,187
AGGACTGGGTTGGCTACCAG_013,181
AGGACTGGGTTGGCTACCAG_014,147
AGGACTGGGTTGGCTACCAG_015,127
AGGACTGGGTTGGCTACCAG_016,50
AGGACTGGGTTGGCTACCAG_017,154
AGGACTGGGTTGGCTACCAG_018,147
AGGACTGGGTTGGCTACCAG_019,179
AGGACTGGGTTGGCTACCAG_020,158
AGGACTGGGTTGGCTACCAG_021,1
AGGACTGGGTTGGCTACCAG_022,25
AGGACTGGGTTGGCTACCAG_023,60
AGGACTGGGTTGGCTACCAG_024,17
AGGACTGGGTTGGCTACCAG_025,15
AGGACTGGGTTGGCTACCAG_026,177
AGGACTGGGTTGGCTACCAG_027,147
AGGACTGGGTTGGCTACCAG_028,155
AGGACTGGGTTGGCTACCAG_029,101
AGGACTGGGTTGGCTACCAG_030,163
AGGACTGGGTTGGCTACCAG_031,188
AGGACTGGGTTGGCTACCAG_032,68
AGGACTGGGTTGGCTACCAG_033,137
AGGACTGGGTTGGCTACCAG_034,116
AGGACTGGGTTGGCTACCAG_035,52
AGGACTGGGTTGGCTACCAG_036,9
AGGACTGGGTTGGCTACCAG_037,133
AGGACTGGGTTGGCTACCAG_038,127
AGGACTGGGTTGGCTACCAG_039,13
AGGACTGGGTTGGCTACCAG_040,161
AGGACTGGGTTGGCTACCAG_041,15
AGGACTGGGTTGGCTACCAG_042,86
AGGACTGGGTTGGCTACCAG_043,70
AGGACTGGGTTGGCTACCAG_044,49
AGGACTGGGTTGGCTACCAG_045,6
AGGACTGGGTTGGCTACCAG_046,78
AGGACTGGGTTGGCTACCAG_047,68
AGGACTGGGTTGGCTACCAG_048,145
AGGACTGGGTTGGCTACCAG_049,89
AGGACTGGGTTGGCTACCAG_050,192
AGGACTGGGTTGGCTACCAG_051,170
AGGACTGGGTTGGCTACCAG_052,46
GCTTACAACAACATAGACGA_001,82
GCTTACAACAACATAGACGA_002,84
GCTTACAACAACATAGACGA_003,15
GCTTACAACAACATAGACGA_004,15
GCTTACAACAACATAGACGA_005,125
GCTTACAACAACATAGACGA_006,158
GCTTACAACAACATAGACGA_007,137
GCTTACAACAACATAGACGA_008,14
GCTTACAACAACATAGACGA_009,86
AACTTGGCTGTGCTTCACCG_001,117
AACTTGGCTGTGCTTCACCG_002,182
AACTTGGCTGTGCTTCACCG_003,11
AACTTGGCTGTGCTTCACCG_004,29
AACTTGGCTGTGCTTCACCG_005,3
AACTTGGCTGTGCTTCACCG_006,1
AACTTGGCTGTGCTTCACCG_007,168
AACTTGGCTGTGCTTCACCG_008,158
AACTTGGCTGTGCTTCACCG_009,147
AACTTGGCTGTGCTTCACCG_010,159
AACTTGGCTGTGCTTCACCG_011,184
AACTTGGCTGTGCTTCACCG_012,48
AACTTGGCTGTGCTTCACCG_013,199
AACTTGGCTGTGCTTCACCG_014,50
AACTTGGCTGTGCTTCACCG_015,4
AACTTGGCTGTGCTTCACCG_016,149
AACTTGGCTGTGCTTCACCG_017,127
ATTCCAGATCCAAGTGCGAA_001,115
ATTCCAGATCCAAGTGCGAA_002,59
ATTCCAGATCCAAGTGCGAA_003,163
ATTCCAGATCCAAGTGCGAA_004,108
ATTCCAGATCCAAGTGCGAA_005,74
ATTCCAGATCCAAGTGCGAA_006,30
ATTCCAGATCCAAGTGCGAA_007,11
ATTCCAGATCCAAGTGCGAA_008,35
AAACCACCTCTAGAAAAGCA_001,60
AAACCACCTCTAGAAAAGCA_002,24
AAGAGTTCGACATAGTCAAG_001,191
CCGGATCTCAAAGTCGACGT_001,158
CCGGATCTCAAAGTCGACGT_002,172
CCGGATCTCAAAGTCGACGT_003,175
TCTTACCTTCCCGTACTCCA_001,126
TCTTACCTTCCCGTACTCCA_002,157
TCTTACCTTCCCGTACTCCA_003,146
TCTTACCTTCCCGTACTCCA_004,8
TCTTACCTTCCCGTACTCCA_005,24
TCTTACCTTCCCGTACTCCA_006,53
TCTTACCTTCCCGTACTCCA_007,52
TCTTACCTTCCCGTACTCCA_008,190
TCTTACCTTCCCGTACTCCA_009,140
TCTTACCTTCCCGTACTCCA_010,35
TCTTACCTTCCCGTACTCCA_011,50
TCTTACCTTCCCGTACTCCA_012,108
TCTTACCTTCCCGTACTCCA_013,70
TCTTACCTTCCCGTACTCCA_014,28
TCTTACCTTCCCGTACTCCA_015,118
AGCATCATACACCTGACCTG_001,176
AGCATCATACACCTGACCTG_002,149
AGCATCATACACCTGACCTG_003,151
AGCATCATACACCTGACCTG_004,153
CGCTCGCTCACCGATCCGGG_001,80
CGCTCGCTCACCGATCCGGG_002,6
CGCTCGCTCACCGATCCGGG_003,29
CGCTCGCTCACCGATCCGGG_004,5
CGCTCGCTCACCGATCCGGG_005,197
CGCTCGCTCACCGATCCGGG_006,50
CGCTCGCTCACCGATCCGGG_007,136
TACCAAGCGAAACTGAACCA_001,154
TACCAAGCGAAACTGAACCA_002,140
TACCAAGCGAAACTGAACCA_003,176
TACCAAGCGAAACTGAACCA_004,158
TACCAAGCGAAACTGAACCA_005,77
TGTAAATTTGTAATCCAGAG_001,86
TGTAAATTTGTAATCCAGAG_002,95
TGTAAATTTGTAATCCAGAG_003,103
ATATGTGATCACGTTATTGG_001,157
CAACAAACCCACGTACAACG_001,62
CAACAAACCCACGTACAACG_002,137
CAACAAACCCACGTACAACG_003,189
CAACAAACCCACGTACAACG_004,84
CAACAAACCCACGTACAACG_005,177
CAACAAACCCACGTACAACG_006,186
CAACAAACCCACGTACAACG_007,130
CAACAAACCCACGTACAACG_008,3
CAACAAACCCACGTACAACG_009,144
CAACAAACCCACGTACAACG_010,36
CAACAAACCCACGTACAACG_011,161
CAACAAACCCACGTACAACG_012,98
CAACAAACCCACGTACAACG_013,99
CAACAAACCCACGTACAACG_014,26
CAACAAACCCACGTACAACG_015,81
CAACAAACCCACGTACAACG_016,49
CAACAAACCCACGTACAACG_017,173
CAACAAACCCACGTACAACG_018,173
TATCAGCCAACAGCGCACTC_001,51
TATCAGCCAACAGCGCACTC_002,147
TATCAGCCAACAGCGCACTC_003,50
TATCAGCCAACAGCGCACTC_004,103
TATCAGCCAACAGCGCACTC_005,95
TATCAGCCAACAGCGCACTC_006,112
TATCAGCCAACAGCGCACTC_007,82
TATCAGCCAACAGCGCACTC_008,73
TATCAGCCAACAGCGCACTC_009,77
TATCAGCCAACAGCGCACTC_010,106
TATCAGCCAACAGCGCACTC_011,142
TATCAGCCAACAGCGCACTC_012,66
TATCAGCCAACAGCGCACTC_013,166
TATCAGCCAACAGCGCACTC_014,66
AAAGGCTTATACATGTCCCA_001,77
AAAGGCTTATACATGTCCCA_002,77
AAAGGCTTATACATGTCCCA_003,29
AAAGGCTTATACATGTCCCA_004,9
AAAGGCTTATACATGTCCCA_005,123
AAAGGCTTATACATGTCCCA_006,48
AAAGGCTTATACATGTCCCA_007,94
CTGACCTCAGGACATGCTCA_001,34
CTGACCTCAGGACATGCTCA_002,56
CTGACCTCAGGACATGCTCA_003,56
CTGACCTCAGGACATGCTCA_004,68
CTGACCTCAGGACATGCTCA_005,158
CTGACCTCAGGACATGCTCA_006,94
CTGACCTCAGGACATGCTCA_007,3
CTGACCTCAGGACATGCTCA_008,6
CTGACCTCAGGACATGCTCA_009,3
TTCGACAGGTGCTACGAGCG_001,17
TTCGACAGGTGCTACGAGCG_002,50
TTCGACAGGTGCTACGAGCG_003,65
TTCGACAGGTGCTACGAGCG_004,156
TTCGACAGGTGCTACGAGCG_005,162
TTCGACAGGTGCTACGAGCG_006,75
TTCGACAGGTGCTACGAGCG_007,41
TTCGACAGGTGCTACGAGCG_008,64
TTCGACAGGTGCTACGAGCG_009,198
TTCGACAGGTGCTACGAGCG_010,173
TTCGACAGGTGCTACGAGCG_011,172
TTCGACAGGTGCTACGAGCG_012,129
TTCGACAGGTGCTACGAGCG_013,2
TTCGACAGGTGCTACGAGCG_014,71
TTCGACAGGTGCTACGAGCG_015,119
TTCGACAGGTGCTACGAGCG_016,137
TTCGACAGGTGCTACGAGCG_017,28
AGAAATCTTCAAATCGAAAG_001,16
AGAAATCTTCAAATCGAAAG_002,5
CAGAGCCGTTATTCCCCGAG_001,132
CAGAGCCGTTATTCCCCGAG_002,190
CAGAGCCGTTATTCCCCGAG_003,8
CAGAGCCGTTATTCCCCGAG_004,102
CAACAACTGCACCGAAGAGT_001,129
CAACAACTGCACCGAAGAGT_002,92
CAACAACTGCACCGAAGAGT_003,74
CAACAACTGCACCGAAGAGT_004,66
CAACAACTGCACCGAAGAGT_005,147
CAACAACTGCACCGAAGAGT_006,26
CAACAACTGCACCGAAGAGT_007,117
CAACAACTGCACCGAAGAGT_008,140
CAACAACTGCACCGAAGAGT_009,60
CAACAACTGCACCGAAGAGT_010,119
GGACACAACCGAAAAGCAGG_001,107
GGACACAACCGAAAAGCAGG_002,102
GGACACAACCGAAAAGCAGG_003,8
GGACACAACCGAAAAGCAGG_004,162
GGACACAACCGAAAAGCAGG_005,94
GGACACAACCGAAAAGCAGG_006,57
GGACACAACCGAAAAGCAGG_007,54
GGACACAACCGAAAAGCAGG_008,51
GGACACAACCGAAAAGCAGG_009,158
GGACACAACCGAAAAGCAGG_010,78
GGACACAACCGAAAAGCAGG_011,136
GGACACAACCGAAAAGCAGG_012,188
GGACACAACCGAAAAGCAGG_013,188
GGACACAACCGAAAAGCAGG_014,83
TCTTCACAAATACCAGGGAG_001,114
TCTTCACAAATACCAGGGAG_002,114
TGAACAGCCCACATGCAAGG_001,185
TGAACAGCCCACATGCAAGG_002,101
TGAACAGCCCACATGCAAGG_003,119
TGAACAGCCCACATGCAAGG_004,62
TGAACAGCCCACATGCAAGG_005,56
TGAACAGCCCACATGCAAGG_006,119
AGACTGCCCTCGAGTTCGAG_001,6
AGACTGCCCTCGAGTTCGAG_002,196
AGACTGCCCTCGAGTTCGAG_003,70
AGACTGCCCTCGAGTTCGAG_004,169
AGACTGCCCTCGAGTTCGAG_005,81
AGACTGCCCTCGAGTTCGAG_006,124
AGACTGCCCTCGAGTTCGAG_007,48
AGACTGCCCTCGAGTTCGAG_008,99
AGACTGCCCTCGAGTTCGAG_009,107
ACCGTATCAGTGCTCAATGG_001,89
ACCGTATCAGTGCTCAATGG_002,40
ACCGTATCAGTGCTCAATGG_003,27
ACCGTATCAGTGCTCAATGG_004,45
ACCGTATCAGTGCTCAATGG_005,160
ACCGTATCAGTGCTCAATGG_006,171
ACCGTATCAGTGCTCAATGG_007,98
ACCGTATCAGTGCTCAATGG_008,147
ACCGTATCAGTGCTCAATGG_009,85
ACCGTATCAGTGCTCAATGG_010,21
ACCGTATCAGTGCTCAATGG_011,94
ACCGTATCAGTGCTCAATGG_012,15
CTGCAACTGAAACGCAAGCG_001,86
CTGCAACTGAAACGCAAGCG_002,158
CTGCAACTGAAACGCAAGCG_003,140
CTGCAACTGAAACGCAAGCG_004,76
CTGCAACTGAAACGCAAGCG_005,21
CTGCAACTGAAACGCAAGCG_006,174
CTGCAACTGAAACGCAAGCG_007,1
CTGCAACTGAAACGCAAGCG_008,103
TCCGACGGACCCATCGACGT_001,23
TCCGACGGACCCATCGACGT_002,158
TCCGACGGACCCATCGACGT_003,197
TGTGATGAAAAGTGCACCAG_001,144
TGTGATGAAAAGTGCACCAG_002,181
TGTGATGAAAAGTGCACCAG_003,146
TGTGATGAAAAGTGCACCAG_004,193
TGTGATGAAAAGTGCACCAG_005,147
TGTGATGAAAAGTGCACCAG_006,25
TGTGATGAAAAGTGCACCAG_007,29
TGTGATGAAAAGTGCACCAG_008,76
TGTGATGAAAAGTGCACCAG_009,127
TGTGATGAAAAGTGCACCAG_010,197
TGTGATGAAAAGTGCACCAG_011,115
TGTGATGAAAAGTGCACCAG_012,150
TGTGATGAAAAGTGCACCAG_013,124
TGTGATGAAAAGTGCACCAG_014,113
TGTGATGAAAAGTGCACCAG_015,78
TGTGATGAAAAGTGCACCAG_016,87
TGTGATGAAAAGTGCACCAG_017,3
TGTGATGAAAAGTGCACCAG_018,76
TGTGATGAAAAGTGCACCAG_019,147
TGTGATGAAAAGTGCACCAG_020,127
TGTGATGAAAAGTGCACCAG_021,104
TGTTGAGTGGATATCACCCG_001,28
TGTTGAGTGGATATCACCCG_002,88
TGTTGAGTGGATATCACCCG_003,190
TGTTGAGTGGATATCACCCG_004,11
TGTTGAGTGGATATCACCCG_005,170
ACTGTGGACACTTTGATGGT_001,128
ACTGTGGACACTTTGATGGT_002,55
ACTGTGGACACTTTGATGGT_003,76
ACTGTGGACACTTTGATGGT_004,43
ACTGTGGACACTTTGATGGT_005,146
ACTGTGGACACTTTGATGGT_006,176
ACTGTGGACACTTTGATGGT_007,124
ACTGTGGACACTTTGATGGT_008,142
ACTGTGGACACTTTGATGGT_009,152
CATGCTTCTCAAATGGATCG_001,22
CATGCTTCTCAAATGGATCG_002,96
CATGCTTCTCAAATGGATCG_003,192
CATGCTTCTCAAATGGATCG_004,147
CATGCTTCTCAAATGGATCG_005,36
CATGCTTCTCAAATGGATCG_006,175
CATGCTTCTCAAATGGATCG_007,163
CATGCTTCTCAAATGGATCG_008,43
CATGCTTCTCAAATGGATCG_009,65
CATGCTTCTCAAATGGATCG_010,9
CATGCTTCTCAAATGGATCG_011,29
GGAGTATAAAAAAGTGGTGT_001,98
GGAGTATAAAAAAGTGGTGT_002,94
GGAGTATAAAAAAGTGGTGT_003,2
CTTTCACTGACTCCCAGCTG_001,115
CTTTCACTGACTCCCAGCTG_002,183
CTTTCACTGACTCCCAGCTG_003,148
CTTTCACTGACTCCCAGCTG_004,109
CTTTCACTGACTCCCAGCTG_005,109
CTTTCACTGACTCCCAGCTG_006,91
CTTTCACTGACTCCCAGCTG_007,195
CTTTCACTGACTCCCAGCTG_008,103
GAAGTTGACGAGAGTGACTG_001,105
GAAGTTGACGAGAGTGACTG_002,162
GAAGTTGACGAGAGTGACTG_003,189
GAAGTTGACGAGAGTGACTG_004,17
GAAGTTGACGAGAGTGACTG_005,84
GAAGTTGACGAGAGTGACTG_006,35
GAAGTTGACGAGAGTGACTG_007,11
GAAGTTGACGAGAGTGACTG_008,88
GAAGTTGACGAGAGTGACTG_009,6
GAAGTTGACGAGAGTGACTG_010,50
GGGTACTCACGGCCACCGCG_001,188
GGGTACTCACGGCCACCGCG_002,175
GGGTACTCACGGCCACCGCG_003,191
GGGTACTCACGGCCACCGCG_004,41
GGGTACTCACGGCCACCGCG_005,75
GGGTACTCACGGCCACCGCG_006,103
GGGTACTCACGGCCACCGCG_007,162
GGGTACTCACGGCCACCGCG_008,66
GGGTACTCACGGCCACCGCG_009,117
GGGTACTCACGGCCACCGCG_010,119
GGGTACTCACGGCCACCGCG_011,152
GGGTACTCACGGCCACCGCG_012,114
GGGTACTCACGGCCACCGCG_013,175
GGGTACTCACGGCCACCGCG_014,56
GGGTACTCACGGCCACCGCG_015,88
GCGGCACAGGACGTCACTGG_001,138
GCGGCACAGGACGTCACTGG_002,52
GCGGCACAGGACGTCACTGG_003,62
GCGGCACAGGACGTCACTGG_004,0
GCGGCACAGGACGTCACTGG_005,157
GCGGCACAGGACGTCACTGG_006,31
GCGGCACAGGACGTCACTGG_007,156
GCGGCACAGGACGTCACTGG_008,144
ATCCGCATCCGAAATCCCTG_001,15
ATCCGCATCCGAAATCCCTG_002,129
ATCCGCATCCGAAATCCCTG_003,182
ATCCGCATCCGAAATCCCTG_004,34
ATCCGCATCCGAAATCCCTG_005,8
ATCCGCATCCGAAATCCCTG_006,5
ATCCGCATCCGAAATCCCTG_007,134
ATCCGCATCCGAAATCCCTG_008,185
ATCCGCATCCGAAATCCCTG_009,15
ATCCGCATCCGAAATCCCTG_010,2
ATCCGCATCCGAAATCCCTG_011,40
ATCCGCATCCGAAATCCCTG_012,28
ATCCGCATCCGAAATCCCTG_013,59
ATCCGCATCCGAAATCCCTG_014,137
ATCCGCATCCGAAATCCCTG_015,56
ATCCGCATCCGAAATCCCTG_016,138
ATCCGCATCCGAAATCCCTG_017,4
AGAAAAACCTGATCATCATG_001,182
AGAAAAACCTGATCATCATG_002,15
AGAAAAACCTGATCATCATG_003,174
AGAAAAACCTGATCATCATG_004,178
AGAAAAACCTGATCATCATG_005,6
AGAAAAACCTGATCATCATG_006,160
GATCAAAGGACTTGGCAGGT_001,108
GATCAAAGGACTTGGCAGGT_002,151
GATCAAAGGACTTGGCAGGT_003,7
GATCAAAGGACTTGGCAGGT_004,161
GATCAAAGGACTTGGCAGGT_005,6
GATCAAAGGACTTGGCAGGT_006,15
GTATACCAGATGTTCAAACG_001,140
GTATACCAGATGTTCAAACG_002,19
GTATACCAGATGTTCAAACG_003,19
CCACCAAGACACCACCGCCG_001,70
CCACCAAGACACCACCGCCG_002,69
CCACCAAGACACCACCGCCG_003,59
CCACCAAGACACCACCGCCG_004,16
CCACCAAGACACCACCGCCG_005,169
CCACCAAGACACCACCGCCG_006,145
CCACCAAGACACCACCGCCG_007,9
CCACCAAGACACCACCGCCG_008,29
CCACCAAGACACCACCGCCG_009,172
CCACCAAGACACCACCGCCG_010,156
CCACCAAGACACCACCGCCG_011,55
CCACCAAGACACCACCGCCG_012,148
TAATCTGTTCTGGATTGCTA_001,11
TAATCTGTTCTGGATTGCTA_002,149
TAATCTGTTCTGGATTGCTA_003,16
TAATCTGTTCTGGATTGCTA_004,1
GGCCACCAGCAGCCCGACAC_001,36
GGCCACCAGCAGCCCGACAC_002,85
TTATGTGACAGGCACCTATG_001,50
TTATGTGACAGGCACCTATG_002,15
TTATGTGACAGGCACCTATG_003,107
TTATGTGACAGGCACCTATG_004,11
TTATGTGACAGGCACCTATG_005,169
TTATGTGACAGGCACCTATG_006,107
TTATGTGACAGGCACCTATG_007,36
TTATGTGACAGGCACCTATG_008,17
TTATGTGACAGGCACCTATG_009,94
TTATGTGACAGGCACCTATG_010,111
TTATGTGACAGGCACCTATG_011,107
TTATGTGACAGGCACCTATG_012,49
TTATGTGACAGGCACCTATG_013,113
TTATGTGACAGGCACCTATG_014,198
TTATGTGACAGGCACCTATG_015,104
TTATGTGACAGGCACCTATG_016,162
TTATGTGACAGGCACCTATG_017,17
TTATGTGACAGGCACCTATG_018,148
TTGGGTCATAGGGTAACTCA_001,113
TTGGGTCATAGGGTAACTCA_002,125
TTGGGTCATAGGGTAACTCA_003,54
GTGACCATCGGAAACATCAG_001,157
GTGACCATCGGAAACATCAG_002,114
GTGACCATCGGAAACATCAG_003,95
GTGACCATCGGAAACATCAG_004,152
GTGACCATCGGAAACATCAG_005,81
GTGACCATCGGAAACATCAG_006,6
GTGACCATCGGAAACATCAG_007,63
GTGACCATCGGAAACATCAG_008,115
GTGACCATCGGAAACATCAG_009,95
GTGACCATCGGAAACATCAG_010,102
GTGACCATCGGAAACATCAG_011,2
GGATGTGGACTTGGTTTGTG_001,2
GGATGTGGACTTGGTTTGTG_002,98
GGATGTGGACTTGGTTTGTG_003,146
GGATGTGGACTTGGTTTGTG_004,103
GGATGTGGACTTGGTTTGTG_005,12
GGATGTGGACTTGGTTTGTG_006,63
GGATGTGGACTTGGTTTGTG_007,71
GGATGTGGACTTGGTTTGTG_008,99
GGATGTGGACTTGGTTTGTG_009,49
GGATGTGGACTTGGTTTGTG_010,172
GGATGTGGACTTGGTTTGTG_011,160
GGATGTGGACTTGGTTTGTG_012,147
GGATGTGGACTTGGTTTGTG_013,157
GGATGTGGACTTGGTTTGTG_014,43
CATCACACGGGCTCTCATCG_001,22
CATCACACGGGCTCTCATCG_002,137
CATCACACGGGCTCTCATCG_003,99
CATCACACGGGCTCTCATCG_004,68
CATCACACGGGCTCTCATCG_005,124
GTAGTATATGATACAAGCAA_001,59
GTAGTATATGATACAAGCAA_002,19
AGGCAGGCGTCAGCAAGCGA_001,2
AGGCAGGCGTCAGCAAGCGA_002,2
AGGCAGGCGTCAGCAAGCGA_003,77
AGGCAGGCGTCAGCAAGCGA_004,141
AGGCAGGCGTCAGCAAGCGA_005,78
AGGCAGGCGTCAGCAAGCGA_006,145
AGGCAGGCGTCAGCAAGCGA_007,43
AGGCAGGCGTCAGCAAGCGA_008,109
AGGCAGGCGTCAGCAAGCGA_009,191
AGGCAGGCGTCAGCAAGCGA_010,168
AGGCAGGCGTCAGCAAGCGA_011,185
AGGCAGGCGTCAGCAAGCGA_012,185
AGGCAGGCGTCAGCAAGCGA_013,176
AGGCAGGCGTCAGCAAGCGA_014,65
AGGCAGGCGTCAGCAAGCGA_015,190
AGGCAGGCGTCAGCAAGCGA_016,169
AGGCAGGCGTCAGCAAGCGA_017,82
AGGCAGGCGTCAGCAAGCGA_018,116
AGGCAGGCGTCAGCAAGCGA_019,15
AGGCAGGCGTCAGCAAGCGA_020,58
AGGCAGGCGTCAGCAAGCGA_021,169
AGGCAGGCGTCAGCAAGCGA_022,127
AGGCAGGCGTCAGCAAGCGA_023,53
AGGCAGGCGTCAGCAAGCGA_024,88
AGGCAGGCGTCAGCAAGCGA_025,189
AGGCAGGCGTCAGCAAGCGA_026,187
AGGCAGGCGTCAGCAAGCGA_027,47
AGGCAGGCGTCAGCAAGCGA_028,88
AGGCAGGCGTCAGCAAGCGA_029,55
AGGCAGGCGTCAGCAAGCGA_030,77
AGGCAGGCGTCAGCAAGCGA_031,40
AGGCAGGCGTCAGCAAGCGA_032,115
AGGCAGGCGTCAGCAAGCGA_033,102
GCATATTGATAGCCATGCCG_001,53
GCATATTGATAGCCATGCCG_002,198
GCATATTGATAGCCATGCCG_003,176
GCATATTGATAGCCATGCCG_004,102
ATCCTCCACAGCCGTAGCCT_001,160
ATCCTCCACAGCCGTAGCCT_002,17
ATCCTCCACAGCCGTAGCCT_003,58
ATCCTCCACAGCCGTAGCCT_004,121
ATCCTCCACAGCCGTAGCCT_005,80
ATCCTCCACAGCCGTAGCCT_006,171
ATCCTCCACAGCCGTAGCCT_007,154
ATCCTCCACAGCCGTAGCCT_008,154
ATCCTCCACAGCCGTAGCCT_009,106
ATCCTCCACAGCCGTAGCCT_010,150
ATCCTCCACAGCCGTAGCCT_011,169
ATCCTCCACAGCCGTAGCCT_012,46
ATCCTCCACAGCCGTAGCCT_013,57
ATCCTCCACAGCCGTAGCCT_014,17
ATCCTCCACAGCCGTAGCCT_015,81
ATCCTCCACAGCCGTAGCCT_016,50
ATCCTCCACAGCCGTAGCCT_017,149
ATCCTCCACAGCCGTAGCCT_018,14
ATCCTCCACAGCCGTAGCCT_019,177
ATCCTCCACAGCCGTAGCCT_020,148
ATCCTCCACAGCCGTAGCCT_021,142
ATCCTCCACAGCCGTAGCCT_022,68
ATCCTCCACAGCCGTAGCCT_023,54
ATCCTCCACAGCCGTAGCCT_024,146
ATCCTCCACAGCCGTAGCCT_025,65
ATCCTCCACAGCCGTAGCCT_026,13
ATCCTCCACAGCCGTAGCCT_027,184
ATCCTCCACAGCCGTAGCCT_028,126
ATCCTCCACAGCCGTAGCCT_029,177
ATCCTCCACAGCCGTAGCCT_030,124
ATCCTCCACAGCCGTAGCCT_031,165
ATCCTCCACAGCCGTAGCCT_032,198
AGATACCTGACTCCAAGGCA_001,49
AGATACCTGACTCCAAGGCA_002,138
AGATACCTGACTCCAAGGCA_003,115
AGTGAATACCCACTGCCACG_001,40
AGTGAATACCCACTGCCACG_002,50
AGTGAATACCCACTGCCACG_003,88
AGTGAATACCCACTGCCACG_004,176
AGTGAATACCCACTGCCACG_005,113
AGTGAATACCCACTGCCACG_006,108
AGTGAATACCCACTGCCACG_007,141
AGTGAATACCCACTGCCACG_008,3
AGTGAATACCCACTGCCACG_009,144
AGTGAATACCCACTGCCACG_010,145
AGAAGATCCGAAGCCCCTTG_001,182
AGAAGATCCGAAGCCCCTTG_002,54
AGAAGATCCGAAGCCCCTTG_003,152
AGAAGATCCGAAGCCCCTTG_004,140
AGAAGATCCGAAGCCCCTTG_005,197
AGAAGATCCGAAGCCCCTTG_006,174
AGAAGATCCGAAGCCCCTTG_007,50
AGAAGATCCGAAGCCCCTTG_008,78
AGAAGATCCGAAGCCCCTTG_009,81
AGAAGATCCGAAGCCCCTTG_010,15
AGAAGATCCGAAGCCCCTTG_011,68
AGAAGATCCGAAGCCCCTTG_012,94
AGAAGATCCGAAGCCCCTTG_013,48
AGAAGATCCGAAGCCCCTTG_014,161
AGAAGATCCGAAGCCCCTTG_015,174
AACATACTTGAACTTACACT_001,30
AGGGCTCCAAACGAATCCTG_001,91
AGGGCTCCAAACGAATCCTG_002,175
AGGGCTCCAAACGAATCCTG_003,37
AGGGCTCCAAACGAATCCTG_004,29
AGGGCTCCAAACGAATCCTG_005,186
AGGGCTCCAAACGAATCCTG_006,74
AGGGCTCCAAACGAATCCTG_007,70
AGGGCTCCAAACGAATCCTG_008,174
AGGGCTCCAAACGAATCCTG_009,71
AGGGCTCCAAACGAATCCTG_010,58
AGGGCTCCAAACGAATCCTG_011,38
AGGGCTCCAAACGAATCCTG_012,82
AGGGCTCCAAACGAATCCTG_013,155
AGGGCTCCAAACGAATCCTG_014,176
AGGGCTCCAAACGAATCCTG_015,14
AGGGCTCCAAACGAATCCTG_016,89
AGGGCTCCAAACGAATCCTG_017,72
AGGGCTCCAAACGAATCCTG_018,100
AGGGCTCCAAACGAATCCTG_019,144
AGGGCTCCAAACGAATCCTG_020,76
AGGGCTCCAAACGAATCCTG_021,140
AGGGCTCCAAACGAATCCTG_022,121
AGGGCTCCAAACGAATCCTG_023,130
AGGGCTCCAAACGAATCCTG_024,84
AGGGCTCCAAACGAATCCTG_025,91
AGGGCTCCAAACGAATCCTG_026,3
AGGGCTCCAAACGAATCCTG_027,58
AGGGCTCCAAACGAATCCTG_028,46
AGGGCTCCAAACGAATCCTG_029,188
AGGGCTCCAAACGAATCCTG_030,188
AGGGCTCCAAACGAATCCTG_031,121
AGGGCTCCAAACGAATCCTG_032,94
AGGGCTCCAAACGAATCCTG_033,169
AGGGCTCCAAACGAATCCTG_034,34
AGGGCTCCAAACGAATCCTG_035,39
AGGGCTCCAAACGAATCCTG_036,10
AGGGCTCCAAACGAATCCTG_037,21
AGGGCTCCAAACGAATCCTG_038,105
AGGGCTCCAAACGAATCCTG_039,34
ATGTGATTTACTGTCGCGTG_001,158
ATGTGATTTACTGTCGCGTG_002,35
ATGTGATTTACTGTCGCGTG_003,147
ATGTGATTTACTGTCGCGTG_004,80
ATGTGATTTACTGTCGCGTG_005,80
ATGTGATTTACTGTCGCGTG_006,3
ATGTGATTTACTGTCGCGTG_007,197
AAATGTGAAACATGGTACAA_001,117
AAATGTGAAACATGGTACAA_002,127
AAATGTGAAACATGGTACAA_003,70
AAATGTGAAACATGGTACAA_004,16
AAATGTGAAACATGGTACAA_005,11
AAATGTGAAACATGGTACAA_006,185
GGGATGTGGACGCATCCAGG_001,105
GGGATGTGGACGCATCCAGG_002,124
GTCATCAGGATATTCTCGGT_001,148
GTCATCAGGATATTCTCGGT_002,110
GTCATCAGGATATTCTCGGT_003,53
GTCATCAGGATATTCTCGGT_004,192
TTGAAGTTGAACCCTTCGGA_001,8
TTGAAGTTGAACCCTTCGGA_002,92
TTGAAGTTGAACCCTTCGGA_003,118
TTGAAGTTGAACCCTTCGGA_004,38
TTGAAGTTGAACCCTTCGGA_005,174
TTGAAGTTGAACCCTTCGGA_006,130
TTGAAGTTGAACCCTTCGGA_007,16
TTGAAGTTGAACCCTTCGGA_008,196
TTGAAGTTGAACCCTTCGGA_009,175
TTGAAGTTGAACCCTTCGGA_010,22
TTGAAGTTGAACCCTTCGGA_011,51
TTGAAGTTGAACCCTTCGGA_012,199
TTGAAGTTGAACCCTTCGGA_013,192
TTGAAGTTGAACCCTTCGGA_014,46
TTGAAGTTGAACCCTTCGGA_015,157
TTGAAGTTGAACCCTTCGGA_016,136
TTGAAGTTGAACCCTTCGGA_017,80
TTGAAGTTGAACCCTTCGGA_018,5
TTGAAGTTGAACCCTTCGGA_019,80
TTGAAGTTGAACCCTTCGGA_020,64
CAGGACAACATAACGATGCA_001,49
CAGGACAACATAACGATGCA_002,102
TGCTCCAGTAGTTGAAGGCG_001,85
TGCTCCAGTAGTTGAAGGCG_002,6
TGCTCCAGTAGTTGAAGGCG_003,94
TGCTCCAGTAGTTGAAGGCG_004,130
TGCTCCAGTAGTTGAAGGCG_005,134
TGCTCCAGTAGTTGAAGGCG_006,32
TGCTCCAGTAGTTGAAGGCG_007,191
TGCTCCAGTAGTTGAAGGCG_008,191
TGCTCCAGTAGTTGAAGGCG_009,78
TGCTCCAGTAGTTGAAGGCG_010,65
TGCTCCAGTAGTTGAAGGCG_011,106
TGCTCCAGTAGTTGAAGGCG_012,38
TGCTCCAGTAGTTGAAGGCG_013,161
TGCTCCAGTAGTTGAAGGCG_014,161
TGCTCCAGTAGTTGAAGGCG_015,41
TGCTCCAGTAGTTGAAGGCG_016,14
TGCTCCAGTAGTTGAAGGCG_017,155
TGCTCCAGTAGTTGAAGGCG_018,175
TGCTCCAGTAGTTGAAGGCG_019,56
TGCTCCAGTAGTTGAAGGCG_020,84
TGCTCCAGTAGTTGAAGGCG_021,1
TGCTCCAGTAGTTGAAGGCG_022,46
TGCTCCAGTAGTTGAAGGCG_023,166
TGCTCCAGTAGTTGAAGGCG_024,34
TGCTCCAGTAGTTGAAGGCG_025,106
TGCTCCAGTAGTTGAAGGCG_026,52
TGCTCCAGTAGTTGAAGGCG_027,131
ATATTGGGGTAAAGGATCAC_001,29
ATATTGGGGTAAAGGATCAC_002,12
ATATTGGGGTAAAGGATCAC_003,150
ATATTGGGGTAAAGGATCAC_004,114
ATATTGGGGTAAAGGATCAC_005,190
ATATTGGGGTAAAGGATCAC_006,13
ATATTGGGGTAAAGGATCAC_007,68
ATATTGGGGTAAAGGATCAC_008,168
ATATTGGGGTAAAGGATCAC_009,102
AAAGCATCCTCAATCCCGAT_001,27
TGTCGTCGTAGTCTCCCCAA_001,115
TGTCGTCGTAGTCTCCCCAA_002,118
TGTCGTCGTAGTCTCCCCAA_003,183
TGTCGTCGTAGTCTCCCCAA_004,110
TGTCGTCGTAGTCTCCCCAA_005,88
TGTCGTCGTAGTCTCCCCAA_006,154
TGTCGTCGTAGTCTCCCCAA_007,54
TGTCGTCGTAGTCTCCCCAA_008,176
TGTCGTCGTAGTCTCCCCAA_009,94
TGTCGTCGTAGTCTCCCCAA_010,33
TGTCGTCGTAGTCTCCCCAA_011,78
TGTCGTCGTAGTCTCCCCAA_012,145
AGGAGCCGTAGCGATCCTTG_001,82
AGGAGCCGTAGCGATCCTTG_002,147
AGGAGCCGTAGCGATCCTTG_003,193
AGGAGCCGTAGCGATCCTTG_004,184
AGGAGCCGTAGCGATCCTTG_005,123
AGGGAAATTCTATCACATCA_001,137
AGGGAAATTCTATCACATCA_002,49
AGGGAAATTCTATCACATCA_003,195
AGGGAAATTCTATCACATCA_004,185
AGGGAAATTCTATCACATCA_005,128
AGCACTGCGTTGCTAGACAG_001,197
AGCACTGCGTTGCTAGACAG_002,15
AGCACTGCGTTGCTAGACAG_003,188
AGCACTGCGTTGCTAGACAG_004,94
AGCACTGCGTTGCTAGACAG_005,72
AGCACTGCGTTGCTAGACAG_006,50
AGCACTGCGTTGCTAGACAG_007,108
AGCACTGCGTTGCTAGACAG_008,193
AGCACTGCGTTGCTAGACAG_009,7
AGCACTGCGTTGCTAGACAG_010,62
AGCACTGCGTTGCTAGACAG_011,91
AGCACTGCGTTGCTAGACAG_012,165
AGCACTGCGTTGCTAGACAG_013,56
AGCACTGCGTTGCTAGACAG_014,176
AGCACTGCGTTGCTAGACAG_015,185
AGCACTGCGTTGCTAGACAG_016,59
AGCACTGCGTTGCTAGACAG_017,46
AGCACTGCGTTGCTAGACAG_018,130
AGCACTGCGTTGCTAGACAG_019,28
AGCACTGCGTTGCTAGACAG_020,188
AGCACTGCGTTGCTAGACAG_021,153
AGCACTGCGTTGCTAGACAG_022,165
AAGAGCATCGACGACATCGG_001,94
AAGAGCATCGACGACATCGG_002,130
AAGAGCATCGACGACATCGG_003,63
AAGAGCATCGACGACATCGG_004,184
AAGAGCATCGACGACATCGG_005,29
AAGAGCATCGACGACATCGG_006,130
AAGAGCATCGACGACATCGG_007,162
AAGAGCATCGACGACATCGG_008,108
AAGAGCATCGACGACATCGG_009,47
AAGAGCATCGACGACATCGG_010,128
AAGAGCATCGACGACATCGG_011,96
AAGAGCATCGACGACATCGG_012,6
AAGAGCATCGACGACATCGG_013,82
AAGAGCATCGACGACATCGG_014,158
AAGAGCATCGACGACATCGG_015,34
AAGAGCATCGACGACATCGG_016,142
AAGAGCATCGACGACATCGG_017,41
AAGAGCATCGACGACATCGG_018,60
AAGAGCATCGACGACATCGG_019,145
AAGAGCATCGACGACATCGG_020,37
AAGCCGTGATTTATGTCACA_001,70
AAGCCGTGATTTATGTCACA_002,147
AAGCCGTGATTTATGTCACA_003,149
AAGCCGTGATTTATGTCACA_004,78
AAGCCGTGATTTATGTCACA_005,149
AAGCCGTGATTTATGTCACA_006,184
AAGCCGTGATTTATGTCACA_007,159
AAGCCGTGATTTATGTCACA_008,191
AAGCCGTGATTTATGTCACA_009,56
TGATGAACAGTCTACACAGA_001,147
TGATGAACAGTCTACACAGA_002,15
TGATGAACAGTCTACACAGA_003,48
TGATGAACAGTCTACACAGA_004,124
CAGAAGACGCATATTTACAG_001,35
CAGAAGACGCATATTTACAG_002,48
ATTTCTGGAATCGTCGCACG_001,60
ATTTCTGGAATCGTCGCACG_002,75
ATTTCTGGAATCGTCGCACG_003,66
ATTTCTGGAATCGTCGCACG_004,100
CTACCTGGAGCGTATTGACA_001,184
CTACCTGGAGCGTATTGACA_002,52
CTACCTGGAGCGTATTGACA_003,81
CTACCTGGAGCGTATTGACA_004,138
CTACCTGGAGCGTATTGACA_005,96
CTACCTGGAGCGTATTGACA_006,190
CTACCTGGAGCGTATTGACA_007,34
CTACCTGGAGCGTATTGACA_008,129
CTACCTGGAGCGTATTGACA_009,138
ACAGATGGGCCCCAGCATCG_001,170
ACAGATGGGCCCCAGCATCG_002,76
ACAGATGGGCCCCAGCATCG_003,28
ACAGATGGGCCCCAGCATCG_004,105
ACAGATGGGCCCCAGCATCG_005,48
ACAGATGGGCCCCAGCATCG_006,11
ACAGATGGGCCCCAGCATCG_007,70
ACAGATGGGCCCCAGCATCG_008,189
ACAGATGGGCCCCAGCATCG_009,19
ACAGATGGGCCCCAGCATCG_010,150
ACAGATGGGCCCCAGCATCG_011,156
ACAGATGGGCCCCAGCATCG_012,160
ACAGATGGGCCCCAGCATCG_013,48
GGAAGGGGTCAATATTCTCA_001,49
GGAAGGGGTCAATATTCTCA_002,123
GGAAGGGGTCAATATTCTCA_003,159
GTGCCTGAGGGTAAACCCAA_001,60
GTGCCTGAGGGTAAACCCAA_002,6
GTGCCTGAGGGTAAACCCAA_003,102
GTGCCTGAGGGTAAACCCAA_004,4
GGAGCAGCCAGACTCCGGCT_001,137
GGAGCAGCCAGACTCCGGCT_002,116
GGAGCAGCCAGACTCCGGCT_003,193
GGAGCAGCCAGACTCCGGCT_004,46
GGAGCAGCCAGACTCCGGCT_005,32
GGAGCAGCCAGACTCCGGCT_006,121
GGAGCAGCCAGACTCCGGCT_007,91
GGAGCAGCCAGACTCCGGCT_008,99
AAGGTGGTGAGCGTACAGTT_001,133
AAGGTGGTGAGCGTACAGTT_002,32
AAGGTGGTGAGCGTACAGTT_003,86
AAGGTGGTGAGCGTACAGTT_004,160
AAGGTGGTGAGCGTACAGTT_005,158
AAGGTGGTGAGCGTACAGTT_006,144
AAGGTGGTGAGCGTACAGTT_007,45
AAGGTGGTGAGCGTACAGTT_008,196
AAGGTGGTGAGCGTACAGTT_009,7
AAGGTGGTGAGCGTACAGTT_010,27
AAGGTGGTGAGCGTACAGTT_011,127
AAGGTGGTGAGCGTACAGTT_012,58
CTGCAAGAGGCCCCAGTAGG_001,144
CTGCAAGAGGCCCCAGTAGG_002,93
CTGCAAGAGGCCCCAGTAGG_003,84
CTGCAAGAGGCCCCAGTAGG_004,60
CTGCAAGAGGCCCCAGTAGG_005,78
TGGCGGGCTCATCTGCGCTG_001,36
TGGCGGGCTCATCTGCGCTG_002,60
TGGCGGGCTCATCTGCGCTG_003,167
TGGCGGGCTCATCTGCGCTG_004,19
TGGCGGGCTCATCTGCGCTG_005,148
TGGCGGGCTCATCTGCGCTG_006,50
TGGCGGGCTCATCTGCGCTG_007,182
TGGCGGGCTCATCTGCGCTG_008,112
TGGCGGGCTCATCTGCGCTG_009,20
TGGCGGGCTCATCTGCGCTG_010,51
TGGCGGGCTCATCTGCGCTG_011,181
TGGCGGGCTCATCTGCGCTG_012,180
TGGCGGGCTCATCTGCGCTG_013,175
TGTACCTGGCCACAATGCTG_001,6
TGTACCTGGCCACAATGCTG_002,108
TGTACCTGGCCACAATGCTG_003,152
TGTACCTGGCCACAATGCTG_004,178
TGTACCTGGCCACAATGCTG_005,144
TGTACCTGGCCACAATGCTG_006,8
TGTACCTGGCCACAATGCTG_007,68
TGTACCTGGCCACAATGCTG_008,176
TGTACCTGGCCACAATGCTG_009,35
TGTACCTGGCCACAATGCTG_010,104
TGTACCTGGCCACAATGCTG_011,148
TGTACCTGGCCACAATGCTG_012,115
TGTACCTGGCCACAATGCTG_013,15
TGTACCTGGCCACAATGCTG_014,137
TGTACCTGGCCACAATGCTG_015,119
TGTACCTGGCCACAATGCTG_016,184
TGTACCTGGCCACAATGCTG_017,113
TGTACCTGGCCACAATGCTG_018,188
TGTACCTGGCCACAATGCTG_019,88
TGTACCTGGCCACAATGCTG_020,10
TGTACCTGGCCACAATGCTG_021,76
TGTACCTGGCCACAATGCTG_022,60
TGTACCTGGCCACAATGCTG_023,174
TGTACCTGGCCACAATGCTG_024,182
ATTTGCTATGTTCTTCATTT_001,104
ATTTGCTATGTTCTTCATTT_002,88
ATTTGCTATGTTCTTCATTT_003,82
ATTTGCTATGTTCTTCATTT_004,70
ATTTGCTATGTTCTTCATTT_005,177
CCTTATGGCTCATTATGACG_001,175
CCTTATGGCTCATTATGACG_002,146
CCTTATGGCTCATTATGACG_003,149
CAAAGACTCCAAAAGTGTAT_001,144
CAAAGACTCCAAAAGTGTAT_002,44
ATAATACAACGGAAGCTCCA_001,106
ATAATACAACGGAAGCTCCA_002,9
ATAATACAACGGAAGCTCCA_003,160
ATAATACAACGGAAGCTCCA_004,58
ATAATACAACGGAAGCTCCA_005,57
ATAATACAACGGAAGCTCCA_006,184
ATAATACAACGGAAGCTCCA_007,199
ATAATACAACGGAAGCTCCA_008,15
ATAATACAACGGAAGCTCCA_009,152
ATAATACAACGGAAGCTCCA_010,9
ATAATACAACGGAAGCTCCA_011,180
GGAGACTCGTGGTGTTCTGA_001,68
GGAGACTCGTGGTGTTCTGA_002,56
GGAGACTCGTGGTGTTCTGA_003,88
GGAGACTCGTGGTGTTCTGA_004,48
GGAGACTCGTGGTGTTCTGA_005,199
GGAGACTCGTGGTGTTCTGA_006,65
GGAGACTCGTGGTGTTCTGA_007,95
GGAGACTCGTGGTGTTCTGA_008,25
GGAGACTCGTGGTGTTCTGA_009,7
AAGGAGGACGAGTACCCAGT_001,62
AAGGAGGACGAGTACCCAGT_002,191
AAGGAGGACGAGTACCCAGT_003,119
AAGGAGGACGAGTACCCAGT_004,155
AAGGAGGACGAGTACCCAGT_005,82
AAGGAGGACGAGTACCCAGT_006,146
AAGGAGGACGAGTACCCAGT_007,53
AAGGAGGACGAGTACCCAGT_008,192
AAGGAGGACGAGTACCCAGT_009,1
AAGGAGGACGAGTACCCAGT_010,16
AAGGAGGACGAGTACCCAGT_011,41
AAGGAGGACGAGTACCCAGT_012,22
AAGGAGGACGAGTACCCAGT_013,42
AAGGAGGACGAGTACCCAGT_014,61
AAGGAGGACGAGTACCCAGT_015,182
AAGGAGGACGAGTACCCAGT_016,85
AAGGAGGACGAGTACCCAGT_017,59
AAGGAGGACGAGTACCCAGT_018,42
AAGGAGGACGAGTACCCAGT_019,146
AAGGAGGACGAGTACCCAGT_020,58
AAGGAGGACGAGTACCCAGT_021,69
AAGGAGGACGAGTACCCAGT_022,146
AAGGAGGACGAGTACCCAGT_023,55
AAGGAGGACGAGTACCCAGT_024,42
AAGGAGGACGAGTACCCAGT_025,107
AAGGAGGACGAGTACCCAGT_026,150
AAGGAGGACGAGTACCCAGT_027,38
AAGGAGGACGAGTACCCAGT_028,96
AAGGAGGACGAGTACCCAGT_029,34
AAGGAGGACGAGTACCCAGT_030,90
AAGGAGGACGAGTACCCAGT_031,19
AAGGAGGACGAGTACCCAGT_032,188
AAGGAGGACGAGTACCCAGT_033,80
AAGGAGGACGAGTACCCAGT_034,47
AAGGAGGACGAGTACCCAGT_035,12
AGTCGGCAATCCAACAGGCA_001,178
AGTCGGCAATCCAACAGGCA_002,105
AGTCGGCAATCCAACAGGCA_003,20
AACCCGAGTGATACACGATG_001,41
AACCCGAGTGATACACGATG_002,170
AACCCGAGTGATACACGATG_003,44
AACCCGAGTGATACACGATG_004,169
AACCCGAGTGATACACGATG_005,108
AACCCGAGTGATACACGATG_006,139
AACCCGAGTGATACACGATG_007,104
CATTCCCCCATTCCCAAGCA_001,166
CATTCCCCCATTCCCAAGCA_002,150
CATTCCCCCATTCCCAAGCA_003,137
CATTCCCCCATTCCCAAGCA_004,80
CATTCCCCCATTCCCAAGCA_005,60
CATTCCCCCATTCCCAAGCA_006,116
CATTCCCCCATTCCCAAGCA_007,78
CATTCCCCCATTCCCAAGCA_008,83
CATTCCCCCATTCCCAAGCA_009,1
CATTCCCCCATTCCCAAGCA_010,144
CGCTGTGTGGTAACTCAGTG_001,103
CGCTGTGTGGTAACTCAGTG_002,78
CGCTGTGTGGTAACTCAGTG_003,0
CGCTGTGTGGTAACTCAGTG_004,73
CGCTGTGTGGTAACTCAGTG_005,73
CGCTGTGTGGTAACTCAGTG_006,102
CGCTGTGTGGTAACTCAGTG_007,8
CGCTGTGTGGTAACTCAGTG_008,93
CGCTGTGTGGTAACTCAGTG_009,38
CGCTGTGTGGTAACTCAGTG_010,17
CGCTGTGTGGTAACTCAGTG_011,95
CGCTGTGTGGTAACTCAGTG_012,145
CGCTGTGTGGTAACTCAGTG_013,29
TGGCCCGCCTGTTCATACAG_001,199
TGGCCCGCCTGTTCATACAG_002,41
TGGCCCGCCTGTTCATACAG_003,56
TGGCCCGCCTGTTCATACAG_004,42
TGGCCCGCCTGTTCATACAG_005,32
TGGCCCGCCTGTTCATACAG_006,151
GCGGCGGCGATTGGGTACCG_001,70
GCGGCGGCGATTGGGTACCG_002,58
GCGGCGGCGATTGGGTACCG_003,94
AAACAACACCCATAGCAGAG_001,154
AAACAACACCCATAGCAGAG_002,70
AAACAACACCCATAGCAGAG_003,2
AAACAACACCCATAGCAGAG_004,8
AAACAACACCCATAGCAGAG_005,43
AAACAACACCCATAGCAGAG_006,36
AAACAACACCCATAGCAGAG_007,38
AAACAACACCCATAGCAGAG_008,66
ACCTGACTGATACCTTATTG_001,199
ACCTGACTGATACCTTATTG_002,171
ACCTGACTGATACCTTATTG_003,35
ACCTGACTGATACCTTATTG_004,37
ACCTGACTGATACCTTATTG_005,28
GGACTCTGGGAATATAACAG_001,149
CTGCACTACTACCCGCACGT_001,127
CTGCACTACTACCCGCACGT_002,17
CTGCACTACTACCCGCACGT_003,191
CTGCACTACTACCCGCACGT_004,17
CTGCACTACTACCCGCACGT_005,119
CTGCACTACTACCCGCACGT_006,79
AGAACCTGGGTACACTGCAC_001,78
AGAACCTGGGTACACTGCAC_002,11
AGAACCTGGGTACACTGCAC_003,171
AGAACCTGGGTACACTGCAC_004,139
AGAACCTGGGTACACTGCAC_005,169
AGAACCTGGGTACACTGCAC_006,141
AGAACCTGGGTACACTGCAC_007,116
AGAACCTGGGTACACTGCAC_008,12
AGAACCTGGGTACACTGCAC_009,146
AGAACCTGGGTACACTGCAC_010,24
AGAACCTGGGTACACTGCAC_011,19
AGAACCTGGGTACACTGCAC_012,194
AGAACCTGGGTACACTGCAC_013,146
AGAACCTGGGTACACTGCAC_014,116
AGAACCTGGGTACACTGCAC_015,116
AGAACCTGGGTACACTGCAC_016,137
AGAACCTGGGTACACTGCAC_017,76
GGGTCGTGAGCGATAAGGTG_001,2
GGGTCGTGAGCGATAAGGTG_002,127
GGGTCGTGAGCGATAAGGTG_003,160
GGGTCGTGAGCGATAAGGTG_004,8
GGGTCGTGAGCGATAAGGTG_005,122
GGGTCGTGAGCGATAAGGTG_006,122
GGGTCGTGAGCGATAAGGTG_007,41
GGGTCGTGAGCGATAAGGTG_008,26
GGGTCGTGAGCGATAAGGTG_009,160
GGGTCGTGAGCGATAAGGTG_010,9
TGAGTGTCAGGCCTTACCCA_001,145
TGAGTGTCAGGCCTTACCCA_002,12
TGAGTGTCAGGCCTTACCCA_003,87
TGAGTGTCAGGCCTTACCCA_004,23
TGAGTGTCAGGCCTTACCCA_005,166
TGAGTGTCAGGCCTTACCCA_006,166
TGAGTGTCAGGCCTTACCCA_007,56
TGAGTGTCAGGCCTTACCCA_008,64
TGAGTGTCAGGCCTTACCCA_009,13
TGAGTGTCAGGCCTTACCCA_010,44
TGAGTGTCAGGCCTTACCCA_011,34
TGAGTGTCAGGCCTTACCCA_012,81
TGAGTGTCAGGCCTTACCCA_013,126
TGAGTGTCAGGCCTTACCCA_014,36
TGAGTGTCAGGCCTTACCCA_015,116
TGAGTGTCAGGCCTTACCCA_016,69
TGAGTGTCAGGCCTTACCCA_017,81
TGAGTGTCAGGCCTTACCCA_018,15
TGAGTGTCAGGCCTTACCCA_019,121
TGAGTGTCAGGCCTTACCCA_020,104
TGAGTGTCAGGCCTTACCCA_021,158
TGAGTGTCAGGCCTTACCCA_022,46
TGAGTGTCAGGCCTTACCCA_023,9
CTGCCCTCTTGAAATAGCCA_001,15
CTGCCCTCTTGAAATAGCCA_002,149
CTGCCCTCTTGAAATAGCCA_003,94
CTGCCCTCTTGAAATAGCCA_004,77
CTGCCCTCTTGAAATAGCCA_005,68
CTGCCCTCTTGAAATAGCCA_006,147
CTGCCCTCTTGAAATAGCCA_007,158
CTGCCCTCTTGAAATAGCCA_008,76
CTGCCCTCTTGAAATAGCCA_009,177
CTGCCCTCTTGAAATAGCCA_010,172
CTGCCCTCTTGAAATAGCCA_011,139
CTGCCCTCTTGAAATAGCCA_012,18
CTGCCCTCTTGAAATAGCCA_013,44
TTCCACTTTGATCCCCCGTG_001,77
TTCCACTTTGATCCCCCGTG_002,168
TTCCACTTTGATCCCCCGTG_003,166
TTCCACTTTGATCCCCCGTG_004,133
TTCCACTTTGATCCCCCGTG_005,48
TTCCACTTTGATCCCCCGTG_006,97
TTCCACTTTGATCCCCCGTG_007,146
TTCCACTTTGATCCCCCGTG_008,88
TTCCACTTTGATCCCCCGTG_009,10
TTCCACTTTGATCCCCCGTG_010,9
TTCCACTTTGATCCCCCGTG_011,46
CATTACGGATCCGACCGTTG_001,160
CATTACGGATCCGACCGTTG_002,37
CATTACGGATCCGACCGTTG_003,130
CATTACGGATCCGACCGTTG_004,107
CATTACGGATCCGACCGTTG_005,11
CATTACGGATCCGACCGTTG_006,162
CATTACGGATCCGACCGTTG_007,105
CGTGTATGTACTGACTGTCA_001,115
CGTGTATGTACTGACTGTCA_002,78
CGTGTATGTACTGACTGTCA_003,106
CGTGTATGTACTGACTGTCA_004,150
ACAGCAACATTCCTCACGAA_001,94
ACAGCAACATTCCTCACGAA_002,102
TTCTATGGATCAGGTACCGG_001,146
TTCTATGGATCAGGTACCGG_002,19
TTCTATGGATCAGGTACCGG_003,17
TTCTATGGATCAGGTACCGG_004,144
CCAACCATAGTAAATACCAG_001,90
CCAACCATAGTAAATACCAG_002,182
CCAACCATAGTAAATACCAG_003,175
CCAACCATAGTAAATACCAG_004,127
CCAACCATAGTAAATACCAG_005,152
GCTACGACTGCTAGACAAGA_001,121
GCTACGACTGCTAGACAAGA_002,152
GCTACGACTGCTAGACAAGA_003,152
GCTACGACTGCTAGACAAGA_004,146
GCTACGACTGCTAGACAAGA_005,43
GCTACGACTGCTAGACAAGA_006,117
GCTACGACTGCTAGACAAGA_007,145
GCTACGACTGCTAGACAAGA_008,169
GCCAAAGCATACAAGTCACT_001,28
GCCAAAGCATACAAGTCACT_002,158
GCCAAAGCATACAAGTCACT_003,154
GCCAAAGCATACAAGTCACT_004,152
GCCAAAGCATACAAGTCACT_005,96
GCCAAAGCATACAAGTCACT_006,41
GCCAAAGCATACAAGTCACT_007,187
GCCAAAGCATACAAGTCACT_008,25
GCCAAAGCATACAAGTCACT_009,83
GCCAAAGCATACAAGTCACT_010,148
GCCAAAGCATACAAGTCACT_011,130
CCACCGAACGATACACACGT_001,14
CCACCGAACGATACACACGT_002,182
AAAGCCCAGGAGTATGGGAG_001,188
AAAGCCCAGGAGTATGGGAG_002,140
AAAGCCCAGGAGTATGGGAG_003,160
AAAGCCCAGGAGTATGGGAG_004,117
AAAGCCCAGGAGTATGGGAG_005,160
AAAGCCCAGGAGTATGGGAG_006,9
AAAGCCCAGGAGTATGGGAG_007,162
AAAGCCCAGGAGTATGGGAG_008,19
AAAGCCCAGGAGTATGGGAG_009,29
AAAGCCCAGGAGTATGGGAG_010,104
AAAGCCCAGGAGTATGGGAG_011,41
AAAGCCCAGGAGTATGGGAG_012,102
AAAGCCCAGGAGTATGGGAG_013,28
AAAGCCCAGGAGTATGGGAG_014,84
AAAGCCCAGGAGTATGGGAG_015,133
AAAGCCCAGGAGTATGGGAG_016,119
AAAGCCCAGGAGTATGGGAG_017,147
AAAGCCCAGGAGTATGGGAG_018,81
AAGAGCTCGCCGACGCGCGA_001,93
AAGAGCTCGCCGACGCGCGA_002,25
AAGAGCTCGCCGACGCGCGA_003,77
AAGAGCTCGCCGACGCGCGA_004,98
AAGAGCTCGCCGACGCGCGA_005,29
AAGAGCTCGCCGACGCGCGA_006,35
AAGAGCTCGCCGACGCGCGA_007,149
AAGAGCTCGCCGACGCGCGA_008,103
AAGAGCTCGCCGACGCGCGA_009,170
AAGAGCTCGCCGACGCGCGA_010,105
AAGAGCTCGCCGACGCGCGA_011,176
AAGAGCTCGCCGACGCGCGA_012,47
AAGAGCTCGCCGACGCGCGA_013,7
AAGAGCTCGCCGACGCGCGA_014,129
AAGAGCTCGCCGACGCGCGA_015,57
AAGAGCTCGCCGACGCGCGA_016,17
AAGAGCTCGCCGACGCGCGA_017,142
AAGAGCTCGCCGACGCGCGA_018,84
AAGAGCTCGCCGACGCGCGA_019,178
AAGAGCTCGCCGACGCGCGA_020,100
AAGAGCTCGCCGACGCGCGA_021,88
GATCAAAAGGAGCACGTCGT_001,26
GATCAAAAGGAGCACGTCGT_002,52
GATCAAAAGGAGCACGTCGT_003,169
GATCAAAAGGAGCACGTCGT_004,179
TCCAGCTTGATGCGAGCGTG_001,55
TCCAGCTTGATGCGAGCGTG_002,77
TCCAGCTTGATGCGAGCGTG_003,11
TCCAGCTTGATGCGAGCGTG_004,11
CCTTGTAGGAATAATACGCA_001,133
CCTTGTAGGAATAATACGCA_002,80
CCTTGTAGGAATAATACGCA_003,93
CCTTGTAGGAATAATACGCA_004,53
CCTTGTAGGAATAATACGCA_005,61
GAGGATGCACATAGAGCCCA_001,141
GAGGATGCACATAGAGCCCA_002,138
GAGGATGCACATAGAGCCCA_003,30
GAGGATGCACATAGAGCCCA_004,15
GAGGATGCACATAGAGCCCA_005,55
GAGGATGCACATAGAGCCCA_006,158
GAGGATGCACATAGAGCCCA_007,65
GAGGATGCACATAGAGCCCA_008,72
TGCACATAATAGACCCGCAG_001,60
TGCACATAATAGACCCGCAG_002,68
TGCACATAATAGACCCGCAG_003,199
AGAATGTGAAAGGGTCAAGG_001,106
AGAATGTGAAAGGGTCAAGG_002,148
AGAATGTGAAAGGGTCAAGG_003,187
AGAATGTGAAAGGGTCAAGG_004,142
AGAATGTGAAAGGGTCAAGG_005,106
AGAATGTGAAAGGGTCAAGG_006,28
AGAATGTGAAAGGGTCAAGG_007,2
AGAATGTGAAAGGGTCAAGG_008,41
AGAATGTGAAAGGGTCAAGG_009,127
AGAATGTGAAAGGGTCAAGG_010,19
AGAATGTGAAAGGGTCAAGG_011,162
AGAATGTGAAAGGGTCAAGG_012,197
CGGGAGCCTTACATCCGCAC_001,137
CAGAGATCCGTCCACAAAAG_001,159
CAGAGATCCGTCCACAAAAG_002,0
CAGAGATCCGTCCACAAAAG_003,150
CAGAGATCCGTCCACAAAAG_004,178
CAGAGATCCGTCCACAAAAG_005,7
CAGAGATCCGTCCACAAAAG_006,161
CAGAGATCCGTCCACAAAAG_007,3
CAGAGATCCGTCCACAAAAG_008,152
CAGAGATCCGTCCACAAAAG_009,48
TGTTAAGACTAGAGAGACTG_001,54
TGTTAAGACTAGAGAGACTG_002,156
TGTTAAGACTAGAGAGACTG_003,188
TGTTAAGACTAGAGAGACTG_004,82
TGTTAAGACTAGAGAGACTG_005,169
TGTTAAGACTAGAGAGACTG_006,160
TGTTAAGACTAGAGAGACTG_007,158
TGTTAAGACTAGAGAGACTG_008,50
TGTTAAGACTAGAGAGACTG_009,23
TGAGACACAACAATTCATCT_001,119
GATGGTAGATGGAGACTCAG_001,83
GATGGTAGATGGAGACTCAG_002,193
GATGGTAGATGGAGACTCAG_003,198
GATGGTAGATGGAGACTCAG_004,145
GATGGTAGATGGAGACTCAG_005,62
GATGGTAGATGGAGACTCAG_006,193
GATGGTAGATGGAGACTCAG_007,145
GATGGTAGATGGAGACTCAG_008,145
GATGGTAGATGGAGACTCAG_009,118
TGGAGTTGCAGAGTCCCCTG_001,68
TGGAGTTGCAGAGTCCCCTG_002,168
TGGAGTTGCAGAGTCCCCTG_003,41
TGGAGTTGCAGAGTCCCCTG_004,178
TGGAGTTGCAGAGTCCCCTG_005,135
TGGAGTTGCAGAGTCCCCTG_006,145
TGGAGTTGCAGAGTCCCCTG_007,94
TGGAGTTGCAGAGTCCCCTG_008,1
TGGAGTTGCAGAGTCCCCTG_009,93
TGGAGTTGCAGAGTCCCCTG_010,11
TGGAGTTGCAGAGTCCCCTG_011,10
TGGAGTTGCAGAGTCCCCTG_012,105
TGGAGTTGCAGAGTCCCCTG_013,119
CCCCGACTCGACCCCCCCGG_001,137
CCCCGACTCGACCCCCCCGG_002,177
CCCCGACTCGACCCCCCCGG_003,82
CCCCGACTCGACCCCCCCGG_004,115
CCCCGACTCGACCCCCCCGG_005,172
CCCCGACTCGACCCCCCCGG_006,11
CCCCGACTCGACCCCCCCGG_007,11
CCCCGACTCGACCCCCCCGG_008,169
CCCCGACTCGACCCCCCCGG_009,1
CCCCGACTCGACCCCCCCGG_010,8
CCCCGACTCGACCCCCCCGG_011,50
CCCCGACTCGACCCCCCCGG_012,10
CCCCGACTCGACCCCCCCGG_013,195
CCCCGACTCGACCCCCCCGG_014,43
CCCCGACTCGACCCCCCCGG_015,148
CCCCGACTCGACCCCCCCGG_016,145
CCCCGACTCGACCCCCCCGG_017,178
CCCCGACTCGACCCCCCCGG_018,86
CCCCGACTCGACCCCCCCGG_019,150
CCCCGACTCGACCCCCCCGG_020,194
CCCCGACTCGACCCCCCCGG_021,9
CCCCGACTCGACCCCCCCGG_022,49
CCCCGACTCGACCCCCCCGG_023,184
CCCCGACTCGACCCCCCCGG_024,48
CCCCGACTCGACCCCCCCGG_025,65
CCCCGACTCGACCCCCCCGG_026,123
ATGCACTAGTGACAACTGGA_001,190
ATGCACTAGTGACAACTGGA_002,160
ATGCACTAGTGACAACTGGA_003,13
ATGCACTAGTGACAACTGGA_004,59
ATGCACTAGTGACAACTGGA_005,58
ATGCACTAGTGACAACTGGA_006,16
ATGCACTAGTGACAACTGGA_007,77
ATGCACTAGTGACAACTGGA_008,106
ATGCACTAGTGACAACTGGA_009,48
ATGCACTAGTGACAACTGGA_010,187
GCAGGTCATTGCAGAGTACG_001,70
GCAGGTCATTGCAGAGTACG_002,73
GCAGGTCATTGCAGAGTACG_003,38
GCAGGTCATTGCAGAGTACG_004,50
GCCACGGCCAATACCCCTGG_001,28
GCCACGGCCAATACCCCTGG_002,48
GCCACGGCCAATACCCCTGG_003,40
TGGATCCCAAGTGTTTAGCA_001,65
TGGATCCCAAGTGTTTAGCA_002,76
TGGATCCCAAGTGTTTAGCA_003,66
TGGATCCCAAGTGTTTAGCA_004,179
TGGATCCCAAGTGTTTAGCA_005,116
TGGATCCCAAGTGTTTAGCA_006,86
TGGATCCCAAGTGTTTAGCA_007,89
TGGATCCCAAGTGTTTAGCA_008,177
TGGATCCCAAGTGTTTAGCA_009,15
TGGATCCCAAGTGTTTAGCA_010,178
TGGATCCCAAGTGTTTAGCA_011,68
TGGATCCCAAGTGTTTAGCA_012,23
TGGATCCCAAGTGTTTAGCA_013,10
TGGATCCCAAGTGTTTAGCA_014,66
TGGATCCCAAGTGTTTAGCA_015,40
CAAAGCCTTCTGGCAAAGTG_001,16
CAAAGCCTTCTGGCAAAGTG_002,29
GTGTAATTTAGAGAGCAGCG_001,99
GTGTAATTTAGAGAGCAGCG_002,93
GTGTAATTTAGAGAGCAGCG_003,59
GTGTAATTTAGAGAGCAGCG_004,59
GTGTAATTTAGAGAGCAGCG_005,150
TGTACTGGCAGCCTTCGTTG_001,9
TGTACTGGCAGCCTTCGTTG_002,166
TGTACTGGCAGCCTTCGTTG_003,150
CGCACGTTGAGCTTGACGTG_001,145
CGCACGTTGAGCTTGACGTG_002,84
CGCACGTTGAGCTTGACGTG_003,73
CGCACGTTGAGCTTGACGTG_004,58
CGCACGTTGAGCTTGACGTG_005,38
CGCACGTTGAGCTTGACGTG_006,158
CGCACGTTGAGCTTGACGTG_007,104
CGCACGTTGAGCTTGACGTG_008,33
CGCACGTTGAGCTTGACGTG_009,145
CGCACGTTGAGCTTGACGTG_010,140
CGCACGTTGAGCTTGACGTG_011,184
CGCACGTTGAGCTTGACGTG_012,121
CGCACGTTGAGCTTGACGTG_013,113
CGCACGTTGAGCTTGACGTG_014,163
CGCACGTTGAGCTTGACGTG_015,118
CGCACGTTGAGCTTGACGTG_016,127
CGCACGTTGAGCTTGACGTG_017,22
CGCACGTTGAGCTTGACGTG_018,75
CGCACGTTGAGCTTGACGTG_019,173
CGCACGTTGAGCTTGACGTG_020,173
CGCACGTTGAGCTTGACGTG_021,177
CGCACGTTGAGCTTGACGTG_022,162
CGCACGTTGAGCTTGACGTG_023,0
CGCACGTTGAGCTTGACGTG_024,199
CGCACGTTGAGCTTGACGTG_025,156
CGCACGTTGAGCTTGACGTG_026,39
CGCACGTTGAGCTTGACGTG_027,138
CGCACGTTGAGCTTGACGTG_028,56
CGCACGTTGAGCTTGACGTG_029,77
CGCACGTTGAGCTTGACGTG_030,48
TGGAAGTTGTCATTGGACCA_001,84
TGGAAGTTGTCATTGGACCA_002,146
TGGAAGTTGTCATTGGACCA_003,79
TGGAAGTTGTCATTGGACCA_004,30
TGGAAGTTGTCATTGGACCA_005,159
TGGAAGTTGTCATTGGACCA_006,12
TGGAAGTTGTCATTGGACCA_007,17
TGGAAGTTGTCATTGGACCA_008,147
TGGAAGTTGTCATTGGACCA_009,78
TGGAAGTTGTCATTGGACCA_010,188
TGGAAGTTGTCATTGGACCA_011,143
TGGAAGTTGTCATTGGACCA_012,143
GTCCACCTGAAACCATGGAT_001,127
GTCCACCTGAAACCATGGAT_002,170
GTCCACCTGAAACCATGGAT_003,36
GTCCACCTGAAACCATGGAT_004,196
GTCCACCTGAAACCATGGAT_005,141
GTCCACCTGAAACCATGGAT_006,121
GTCCACCTGAAACCATGGAT_007,144
GTCCACCTGAAACCATGGAT_008,165
GTCCACCTGAAACCATGGAT_009,27
ACAAGTGCAATTATTACCAA_001,55
ACAAGTGCAATTATTACCAA_002,92
TTCTTGAGGAGAGTGACTCT_001,58
TTCTTGAGGAGAGTGACTCT_002,170
TTCTTGAGGAGAGTGACTCT_003,129
TACCCAGTGATTATGAACAG_001,149
TACCCAGTGATTATGAACAG_002,133
TACCCAGTGATTATGAACAG_003,77
GCCATCGCAGCACATGTGTG_001,125
GCCATCGCAGCACATGTGTG_002,81
GCCATCGCAGCACATGTGTG_003,84
GCCATCGCAGCACATGTGTG_004,49
GCCATCGCAGCACATGTGTG_005,138
GCCATCGCAGCACATGTGTG_006,12
GCCATCGCAGCACATGTGTG_007,48
GCCATCGCAGCACATGTGTG_008,100
GCCATCGCAGCACATGTGTG_009,170
GCCATCGCAGCACATGTGTG_010,6
GCCATCGCAGCACATGTGTG_011,110
GCCATCGCAGCACATGTGTG_012,76
GCCATCGCAGCACATGTGTG_013,1
GCCATCGCAGCACATGTGTG_014,160
GCCATCGCAGCACATGTGTG_015,37
GCCATCGCAGCACATGTGTG_016,37
GCCATCGCAGCACATGTGTG_017,48
GCCATCGCAGCACATGTGTG_018,169
GCCATCGCAGCACATGTGTG_019,83
GCCATCGCAGCACATGTGTG_020,100
GCCATCGCAGCACATGTGTG_021,194
GCCATCGCAGCACATGTGTG_022,43
GCCATCGCAGCACATGTGTG_023,111
GCCATCGCAGCACATGTGTG_024,184
GCCATCGCAGCACATGTGTG_025,168
GCCATCGCAGCACATGTGTG_026,147
GCCATCGCAGCACATGTGTG_027,135
GCCATCGCAGCACATGTGTG_028,174
GCCATCGCAGCACATGTGTG_029,66
GCCATCGCAGCACATGTGTG_030,131
GCCATCGCAGCACATGTGTG_031,180
GCCATCGCAGCACATGTGTG_032,137
GCCATCGCAGCACATGTGTG_033,11
AGACACCTGTCAGCTAGAGG_001,133
AGACACCTGTCAGCTAGAGG_002,154
AGACACCTGTCAGCTAGAGG_003,160
AGACACCTGTCAGCTAGAGG_004,106
AGACACCTGTCAGCTAGAGG_005,65
AGACACCTGTCAGCTAGAGG_006,149
AGACACCTGTCAGCTAGAGG_007,145
AGACACCTGTCAGCTAGAGG_008,74
AGACACCTGTCAGCTAGAGG_009,113
AGACACCTGTCAGCTAGAGG_010,83
AGACACCTGTCAGCTAGAGG_011,155
AGACACCTGTCAGCTAGAGG_012,196
CAGCTACGGAGTTCGAGAAG_001,183
CAGCTACGGAGTTCGAGAAG_002,23
CAGCTACGGAGTTCGAGAAG_003,65
CAGCTACGGAGTTCGAGAAG_004,103
CAGCTACGGAGTTCGAGAAG_005,186
GTAGATTCACTCTCGATCCG_001,145
GTAGATTCACTCTCGATCCG_002,48
GTAGATTCACTCTCGATCCG_003,137
GTAGATTCACTCTCGATCCG_004,74
GTAGATTCACTCTCGATCCG_005,10
TCTGTAGACTCTAGCAGAGA_001,6
TCTGTAGACTCTAGCAGAGA_002,151
TCTGTAGACTCTAGCAGAGA_003,152
TTGGCTGTGAAGATCCCCGA_001,155
TTGGCTGTGAAGATCCCCGA_002,74
TTGGCTGTGAAGATCCCCGA_003,19
TTGGCTGTGAAGATCCCCGA_004,162
TTGGCTGTGAAGATCCCCGA_005,28
TTGGCTGTGAAGATCCCCGA_006,175
TTGGCTGTGAAGATCCCCGA_007,63
TTGGCTGTGAAGATCCCCGA_008,29
TTGGCTGTGAAGATCCCCGA_009,130
TTGGCTGTGAAGATCCCCGA_010,146
TTGGCTGTGAAGATCCCCGA_011,9
TTGGCTGTGAAGATCCCCGA_012,29
TTGGCTGTGAAGATCCCCGA_013,172
TTGGCTGTGAAGATCCCCGA_014,118
TTGGCTGTGAAGATCCCCGA_015,104
TTGGCTGTGAAGATCCCCGA_016,81
TTGGCTGTGAAGATCCCCGA_017,124
TTGGCTGTGAAGATCCCCGA_018,57
TTGGCTGTGAAGATCCCCGA_019,28
TTGGCTGTGAAGATCCCCGA_020,150
TTGGCTGTGAAGATCCCCGA_021,32
TTGGCTGTGAAGATCCCCGA_022,138
TTGGCTGTGAAGATCCCCGA_023,46
TTGGCTGTGAAGATCCCCGA_024,102
TTGGCTGTGAAGATCCCCGA_025,28
TTGGCTGTGAAGATCCCCGA_026,10
TTGGCTGTGAAGATCCCCGA_027,139
TTGGCTGTGAAGATCCCCGA_028,158
TTGGCTGTGAAGATCCCCGA_029,16
TTGGCTGTGAAGATCCCCGA_030,102
TTGGCTGTGAAGATCCCCGA_031,88
TTGGCTGTGAAGATCCCCGA_032,105
TTGGCTGTGAAGATCCCCGA_033,105
TTGGCTGTGAAGATCCCCGA_034,29
TTGGCTGTGAAGATCCCCGA_035,158
TTGGCTGTGAAGATCCCCGA_036,1
TTGGCTGTGAAGATCCCCGA_037,65
TTGGCTGTGAAGATCCCCGA_038,176
ACCAAGGTACTGATAAACAG_001,30
ACCAAGGTACTGATAAACAG_002,189
ACCAAGGTACTGATAAACAG_003,172
ACCAAGGTACTGATAAACAG_004,35
GAAAACAGATAATAGCACAA_001,44
GAAAACAGATAATAGCACAA_002,139
TACCCAGAAGGAAATCAGAG_001,29
TACCCAGAAGGAAATCAGAG_002,112
TACCCAGAAGGAAATCAGAG_003,181
TACCCAGAAGGAAATCAGAG_004,26
TACCCAGAAGGAAATCAGAG_005,137
TACCCAGAAGGAAATCAGAG_006,138
TACCCAGAAGGAAATCAGAG_007,58
TACCCAGAAGGAAATCAGAG_008,74
TACCCAGAAGGAAATCAGAG_009,184
TACCCAGAAGGAAATCAGAG_010,77
TACCCAGAAGGAAATCAGAG_011,183
TACCCAGAAGGAAATCAGAG_012,40
TACCCAGAAGGAAATCAGAG_013,59
TACCCAGAAGGAAATCAGAG_014,64
TACCCAGAAGGAAATCAGAG_015,14
TACCCAGAAGGAAATCAGAG_016,91
TACCCAGAAGGAAATCAGAG_017,6
TACCCAGAAGGAAATCAGAG_018,138
TACCCAGAAGGAAATCAGAG_019,168
TACCCAGAAGGAAATCAGAG_020,49
TACCCAGAAGGAAATCAGAG_021,29
TGGGGTGATACACTAATGAG_001,127
TGGGGTGATACACTAATGAG_002,30
TGGGGTGATACACTAATGAG_003,147
CAAGCAACAGAAGTACCTGT_001,19
CAAGCAACAGAAGTACCTGT_002,35
CAAGCAACAGAAGTACCTGT_003,174
CAAGCAACAGAAGTACCTGT_004,189
CAAGCAACAGAAGTACCTGT_005,190
TCTTAAGTTCTGAAACGCCG_001,171
TCTTAAGTTCTGAAACGCCG_002,159
TCTTAAGTTCTGAAACGCCG_003,95
TCTTAAGTTCTGAAACGCCG_004,188
GAAAACTGAGAGATTAACAG_001,131
GAAAACTGAGAGATTAACAG_002,83
GAAAACTGAGAGATTAACAG_003,50
GAAAACTGAGAGATTAACAG_004,12
GAAAACTGAGAGATTAACAG_005,82
CTCCCATCAATAGAACATAC_001,48
GATTGTAAGAGCCCCGAGTG_001,94
GATTGTAAGAGCCCCGAGTG_002,49
GATTGTAAGAGCCCCGAGTG_003,137
GATTGTAAGAGCCCCGAGTG_004,117
GATTGTAAGAGCCCCGAGTG_005,198
GATTGTAAGAGCCCCGAGTG_006,91
GATTGTAAGAGCCCCGAGTG_007,51
GATTGTAAGAGCCCCGAGTG_008,107
GATTGTAAGAGCCCCGAGTG_009,138
GATTGTAAGAGCCCCGAGTG_010,49
GATTGTAAGAGCCCCGAGTG_011,197
GATTGTAAGAGCCCCGAGTG_012,175
GATTGTAAGAGCCCCGAGTG_013,198
GATTGTAAGAGCCCCGAGTG_014,174
GATTGTAAGAGCCCCGAGTG_015,61
GATTGTAAGAGCCCCGAGTG_016,1
GATTGTAAGAGCCCCGAGTG_017,80
GATTGTAAGAGCCCCGAGTG_018,86
GATTGTAAGAGCCCCGAGTG_019,94
GATTGTAAGAGCCCCGAGTG_020,15
GATTGTAAGAGCCCCGAGTG_021,177
GATTGTAAGAGCCCCGAGTG_022,52
GATTGTAAGAGCCCCGAGTG_023,95
GATTGTAAGAGCCCCGAGTG_024,158
GATTGTAAGAGCCCCGAGTG_025,50
GATTGTAAGAGCCCCGAGTG_026,107
GATTGTAAGAGCCCCGAGTG_027,42
GATTGTAAGAGCCCCGAGTG_028,125
GATTGTAAGAGCCCCGAGTG_029,50
GATTGTAAGAGCCCCGAGTG_030,34
GATTGTAAGAGCCCCGAGTG_031,79
GATTGTAAGAGCCCCGAGTG_032,33
GATTGTAAGAGCCCCGAGTG_033,0
GATTGTAAGAGCCCCGAGTG_034,55
GTTTGCCTACCTCGTGAACG_001,141
GTTTGCCTACCTCGTGAACG_002,191
GTTTGCCTACCTCGTGAACG_003,48
GTTTGCCTACCTCGTGAACG_004,182
GTTTGCCTACCTCGTGAACG_005,87
GTTTGCCTACCTCGTGAACG_006,87
GTTTGCCTACCTCGTGAACG_007,190
GTTTGCCTACCTCGTGAACG_008,112
GTTTGCCTACCTCGTGAACG_009,137
GTTTGCCTACCTCGTGAACG_010,169
ACCCCAATACCTCGGCAGTG_001,150
ACCCCAATACCTCGGCAGTG_002,81
CCATCCAGTGTCGACCCTGG_001,183
CCATCCAGTGTCGACCCTGG_002,181
CCATCCAGTGTCGACCCTGG_003,156
CCATCCAGTGTCGACCCTGG_004,78
CCATCCAGTGTCGACCCTGG_005,3
GGAGTCCCGAAGGACTACAC_001,108
GGAGTCCCGAAGGACTACAC_002,108
GTACATTATGAGCCCACCGA_001,145
GTACATTATGAGCCCACCGA_002,127
GTACATTATGAGCCCACCGA_003,114
GTACATTATGAGCCCACCGA_004,66
GTACATTATGAGCCCACCGA_005,160
GTACATTATGAGCCCACCGA_006,102
GTACATTATGAGCCCACCGA_007,169
GTACATTATGAGCCCACCGA_008,120
GTACATTATGAGCCCACCGA_009,148
GTACATTATGAGCCCACCGA_010,88
GTACATTATGAGCCCACCGA_011,48
GTACATTATGAGCCCACCGA_012,160
GTACATTATGAGCCCACCGA_013,120
GTACATTATGAGCCCACCGA_014,129
GTACATTATGAGCCCACCGA_015,62
GTACATTATGAGCCCACCGA_016,96
GTACATTATGAGCCCACCGA_017,1
GTACATTATGAGCCCACCGA_018,9
GTACATTATGAGCCCACCGA_019,53
GTACATTATGAGCCCACCGA_020,39
GTACATTATGAGCCCACCGA_021,198
GTACATTATGAGCCCACCGA_022,115
GTACATTATGAGCCCACCGA_023,175
GTACATTATGAGCCCACCGA_024,52
GTACATTATGAGCCCACCGA_025,49
GCTGGTCCGGAGCTTCCGAG_001,41
GCTGGTCCGGAGCTTCCGAG_002,15
GCTGGTCCGGAGCTTCCGAG_003,193
GCTGGTCCGGAGCTTCCGAG_004,122
GCTGGTCCGGAGCTTCCGAG_005,102
GCTGGTCCGGAGCTTCCGAG_006,63
GCTGGTCCGGAGCTTCCGAG_007,154
GCTGGTCCGGAGCTTCCGAG_008,90
GCTGGTCCGGAGCTTCCGAG_009,8
GCTGGTCCGGAGCTTCCGAG_010,150
GCTGGTCCGGAGCTTCCGAG_011,29
GCTGGTCCGGAGCTTCCGAG_012,133
GCTGGTCCGGAGCTTCCGAG_013,88
GCTGGTCCGGAGCTTCCGAG_014,106
GCTGGTCCGGAGCTTCCGAG_015,78
GCTGGTCCGGAGCTTCCGAG_016,39
GCTGGTCCGGAGCTTCCGAG_017,19
GCTGGTCCGGAGCTTCCGAG_018,103
GCTGGTCCGGAGCTTCCGAG_019,0
GCTGGTCCGGAGCTTCCGAG_020,162
GCTGGTCCGGAGCTTCCGAG_021,111
GCTGGTCCGGAGCTTCCGAG_022,39
GCTGGTCCGGAGCTTCCGAG_023,3
GCTGGTCCGGAGCTTCCGAG_024,65
GCTGGTCCGGAGCTTCCGAG_025,130
GCTGGTCCGGAGCTTCCGAG_026,82
GCTGGTCCGGAGCTTCCGAG_027,174
GCTGGTCCGGAGCTTCCGAG_028,181
GCTGGTCCGGAGCTTCCGAG_029,100
GCTGGTCCGGAGCTTCCGAG_030,190
GCTGGTCCGGAGCTTCCGAG_031,199
GCTGGTCCGGAGCTTCCGAG_032,141
GCTGGTCCGGAGCTTCCGAG_033,115
GCTGGTCCGGAGCTTCCGAG_034,22
GCTGGTCCGGAGCTTCCGAG_035,80
GCTGGTCCGGAGCTTCCGAG_036,47
GCTGGTCCGGAGCTTCCGAG_037,11
GCTGGTCCGGAGCTTCCGAG_038,87
GCTGGTCCGGAGCTTCCGAG_039,142
GCTGGTCCGGAGCTTCCGAG_040,26
GCTGGTCCGGAGCTTCCGAG_041,26
GCTGGTCCGGAGCTTCCGAG_042,81
GCTGGTCCGGAGCTTCCGAG_043,84
GCTGGTCCGGAGCTTCCGAG_044,55
GCTGGTCCGGAGCTTCCGAG_045,20
GGCCGCGGCAGCGACCACTG_001,76
GGCCGCGGCAGCGACCACTG_002,175
GGCCGCGGCAGCGACCACTG_003,6
GGCCGCGGCAGCGACCACTG_004,148
GGCCGCGGCAGCGACCACTG_005,118
GGCCGCGGCAGCGACCACTG_006,190
GGCCGCGGCAGCGACCACTG_007,158
GGCCGCGGCAGCGACCACTG_008,57
GGCCGCGGCAGCGACCACTG_009,155
GGCCGCGGCAGCGACCACTG_010,1
GGCCGCGGCAGCGACCACTG_011,177
GGCCGCGGCAGCGACCACTG_012,40
GGCCGCGGCAGCGACCACTG_013,55
GGCCGCGGCAGCGACCACTG_014,40
GGCCGCGGCAGCGACCACTG_015,168
GGCCGCGGCAGCGACCACTG_016,29
GGCCGCGGCAGCGACCACTG_017,9
AGCCAGCCACGACTATCAGG_001,102
AGCCAGCCACGACTATCAGG_002,60
AGCCAGCCACGACTATCAGG_003,142
AGCCAGCCACGACTATCAGG_004,66
AGCCAGCCACGACTATCAGG_005,63
AGCCAGCCACGACTATCAGG_006,77
AGCCAGCCACGACTATCAGG_007,70
AGCCAGCCACGACTATCAGG_008,27
AGCCAGCCACGACTATCAGG_009,138
AGCCAGCCACGACTATCAGG_010,149
AGCCAGCCACGACTATCAGG_011,107
AGCCAGCCACGACTATCAGG_012,140
AGCCAGCCACGACTATCAGG_013,87
AGCCAGCCACGACTATCAGG_014,145
AGCCAGCCACGACTATCAGG_015,53
AGCCAGCCACGACTATCAGG_016,106
AGCCAGCCACGACTATCAGG_017,158
AGCCAGCCACGACTATCAGG_018,127
AGCCAGCCACGACTATCAGG_019,197
AGCCAGCCACGACTATCAGG_020,198
AGCCAGCCACGACTATCAGG_021,192
AGCCAGCCACGACTATCAGG_022,16
AGCCAGCCACGACTATCAGG_023,52
AGCCAGCCACGACTATCAGG_024,17
AGCCAGCCACGACTATCAGG_025,2
AGCCAGCCACGACTATCAGG_026,61
AGCCAGCCACGACTATCAGG_027,152
AGCCAGCCACGACTATCAGG_028,13
TTCTAAGCGCCCTGGGGACA_001,190
TTCTAAGCGCCCTGGGGACA_002,107
TTCTAAGCGCCCTGGGGACA_003,115
TTCTAAGCGCCCTGGGGACA_004,175
TTCTAAGCGCCCTGGGGACA_005,70
TTCTAAGCGCCCTGGGGACA_006,58
TTCTAAGCGCCCTGGGGACA_007,12
TCAATGTAACTTCGATGACT_001,50
TCAATGTAACTTCGATGACT_002,166
TCAATGTAACTTCGATGACT_003,102
TCAATGTAACTTCGATGACT_004,172
TCAATGTAACTTCGATGACT_005,61
TCTTACAATCTAAAGGCAGG_001,1
AGAAATATCCGACATAGGAG_001,40
AGAAATATCCGACATAGGAG_002,147
AGAAATATCCGACATAGGAG_003,25
AGAAATATCCGACATAGGAG_004,25
AGAAATATCCGACATAGGAG_005,58
AGAAATATCCGACATAGGAG_006,83
AGAAATATCCGACATAGGAG_007,38
AGAAATATCCGACATAGGAG_008,58
CTTCATGAATTAAGGCATGG_001,176
CTTCATGAATTAAGGCATGG_002,60
CTTCATGAATTAAGGCATGG_003,114
CTTCATGAATTAAGGCATGG_004,114
CTTCATGAATTAAGGCATGG_005,176
CTTCATGAATTAAGGCATGG_006,140
CTTCATGAATTAAGGCATGG_007,76
CTTCATGAATTAAGGCATGG_008,5
CTTCATGAATTAAGGCATGG_009,50
CTTCATGAATTAAGGCATGG_010,19
CTTCATGAATTAAGGCATGG_011,76
CTTCATGAATTAAGGCATGG_012,9
CTTCATGAATTAAGGCATGG_013,130
CTTCATGAATTAAGGCATGG_014,138
TCCACCAAAGTACTGCTGGA_001,15
TCCACCAAAGTACTGCTGGA_002,38
GAAGGTGCGTTCGATGACAG_001,42
GAAGGTGCGTTCGATGACAG_002,77
GAAGGTGCGTTCGATGACAG_003,114
GAAGGTGCGTTCGATGACAG_004,42
GAAGGTGCGTTCGATGACAG_005,96
GAAGGTGCGTTCGATGACAG_006,50
GAAGGTGCGTTCGATGACAG_007,121
GAAGGTGCGTTCGATGACAG_008,75
GAAGGTGCGTTCGATGACAG_009,43
GAAGGTGCGTTCGATGACAG_010,130
GAAGGTGCGTTCGATGACAG_011,148
GAAGGTGCGTTCGATGACAG_012,24
GAAGGTGCGTTCGATGACAG_013,58
GAAGGTGCGTTCGATGACAG_014,199
GAAGGTGCGTTCGATGACAG_015,169
GAAGGTGCGTTCGATGACAG_016,168
GAAGGTGCGTTCGATGACAG_017,158
GAAGGTGCGTTCGATGACAG_018,162
GAAGGTGCGTTCGATGACAG_019,170
GAAGGTGCGTTCGATGACAG_020,34
GAAGGTGCGTTCGATGACAG_021,68
GAAGGTGCGTTCGATGACAG_022,28
CCACGCCCGTGCCTATGCCG_001,152
CCACGCCCGTGCCTATGCCG_002,152
CCACGCCCGTGCCTATGCCG_003,48
CCACGCCCGTGCCTATGCCG_004,70
CCACGCCCGTGCCTATGCCG_005,11
CCACGCCCGTGCCTATGCCG_006,12
CCACGCCCGTGCCTATGCCG_007,113
CCACGCCCGTGCCTATGCCG_008,89
CCACGCCCGTGCCTATGCCG_009,76
CCACGCCCGTGCCTATGCCG_010,89
CCACGCCCGTGCCTATGCCG_011,117
CCACGCCCGTGCCTATGCCG_012,67
CCACGCCCGTGCCTATGCCG_013,105
CCACGCCCGTGCCTATGCCG_014,88
CCACGCCCGTGCCTATGCCG_015,141
CCACGCCCGTGCCTATGCCG_016,15
CCACGCCCGTGCCTATGCCG_017,88
CCACGCCCGTGCCTATGCCG_018,8
CCACGCCCGTGCCTATGCCG_019,83
CCACGCCCGTGCCTATGCCG_020,48
CCACGCCCGTGCCTATGCCG_021,65
CCACGCCCGTGCCTATGCCG_022,61
CCACGCCCGTGCCTATGCCG_023,165
CCACGCCCGTGCCTATGCCG_024,180
CCACGCCCGTGCCTATGCCG_025,158
CCACGCCCGTGCCTATGCCG_026,48
CCACGCCCGTGCCTATGCCG_027,142
CCACGCCCGTGCCTATGCCG_028,191
GGGGACACTTACTCTCAGTC_001,112
GGGGACACTTACTCTCAGTC_002,116
GGGGACACTTACTCTCAGTC_003,58
GGGGACACTTACTCTCAGTC_004,177
GGGGACACTTACTCTCAGTC_005,123
GGGGACACTTACTCTCAGTC_006,175
GGGGACACTTACTCTCAGTC_007,12
TCTGATACTAGGGCACAGTG_001,108
TCTGATACTAGGGCACAGTG_002,62
TCTGATACTAGGGCACAGTG_003,123
GCTCATCGACGACTACGGAG_001,4
GCTCATCGACGACTACGGAG_002,156
GCTCATCGACGACTACGGAG_003,134
GCTCATCGACGACTACGGAG_004,96
GCTCATCGACGACTACGGAG_005,185
GCTCATCGACGACTACGGAG_006,84
AAATCAAAAGCTACTTGGTG_001,49
AAATCAAAAGCTACTTGGTG_002,9
AAATCAAAAGCTACTTGGTG_003,72
AAATCAAAAGCTACTTGGTG_004,82
AAATCAAAAGCTACTTGGTG_005,59
AAATCAAAAGCTACTTGGTG_006,52
AAATCAAAAGCTACTTGGTG_007,34
AAATCAAAAGCTACTTGGTG_008,115
AAATCAAAAGCTACTTGGTG_009,198
AAATCAAAAGCTACTTGGTG_010,124
AGCATATAAGTGGTCAAACA_001,113
AGCATATAAGTGGTCAAACA_002,27
AGGCTGTTGGTAAGTATACA_001,58
AGGCTGTTGGTAAGTATACA_002,12
AGGCTGTTGGTAAGTATACA_003,130
AGGCTGTTGGTAAGTATACA_004,22
GTGGCCCGACGACTGTGACG_001,169
GTGGCCCGACGACTGTGACG_002,60
GTGGCCCGACGACTGTGACG_003,106
GTGGCCCGACGACTGTGACG_004,8
GTGGCCCGACGACTGTGACG_005,6
GTGGCCCGACGACTGTGACG_006,81
GTGGCCCGACGACTGTGACG_007,160
GTGGCCCGACGACTGTGACG_008,180
TACGAGAGGGAAGACCACAA_001,62
TACGAGAGGGAAGACCACAA_002,62
TACGAGAGGGAAGACCACAA_003,43
TACGAGAGGGAAGACCACAA_004,62
TACGAGAGGGAAGACCACAA_005,11
TACGAGAGGGAAGACCACAA_006,77
TACGAGAGGGAAGACCACAA_007,162
TACGAGAGGGAAGACCACAA_008,141
TACGAGAGGGAAGACCACAA_009,60
TACGAGAGGGAAGACCACAA_010,60
TACGAGAGGGAAGACCACAA_011,66
TACGAGAGGGAAGACCACAA_012,80
TACGAGAGGGAAGACCACAA_013,41
TACGAGAGGGAAGACCACAA_014,183
TACGAGAGGGAAGACCACAA_015,168
TACGAGAGGGAAGACCACAA_016,49
TACGAGAGGGAAGACCACAA_017,115
TACGAGAGGGAAGACCACAA_018,28
TACGAGAGGGAAGACCACAA_019,39
TACGAGAGGGAAGACCACAA_020,64
AGATCGCACGCTCCAACTGG_001,160
AGATCGCACGCTCCAACTGG_002,1
AGATCGCACGCTCCAACTGG_003,130
AGATCGCACGCTCCAACTGG_004,147
AGATCGCACGCTCCAACTGG_005,187
AGATCGCACGCTCCAACTGG_006,4
AGATCGCACGCTCCAACTGG_007,113
GATTTCCCGAAGGTTGCACA_001,120
GATTTCCCGAAGGTTGCACA_002,130
GATTTCCCGAAGGTTGCACA_003,121
GATTTCCCGAAGGTTGCACA_004,169
GATTTCCCGAAGGTTGCACA_005,98
GATTTCCCGAAGGTTGCACA_006,17
GATTTCCCGAAGGTTGCACA_007,15
GATTTCCCGAAGGTTGCACA_008,100
GATTTCCCGAAGGTTGCACA_009,30
GATTTCCCGAAGGTTGCACA_010,70
GATTTCCCGAAGGTTGCACA_011,145
GATTTCCCGAAGGTTGCACA_012,2
GATTTCCCGAAGGTTGCACA_013,11
GATTTCCCGAAGGTTGCACA_014,188
GATTTCCCGAAGGTTGCACA_015,188
GATTTCCCGAAGGTTGCACA_016,168
GTCCTCGAGAGGACGGAGTG_001,73
GTCCTCGAGAGGACGGAGTG_002,197
GTCCTCGAGAGGACGGAGTG_003,110
GTCCTCGAGAGGACGGAGTG_004,72
GTCCTCGAGAGGACGGAGTG_005,81
GTCCTCGAGAGGACGGAGTG_006,195
GTCCTCGAGAGGACGGAGTG_007,28
GTCCTCGAGAGGACGGAGTG_008,175
TTTCTGCAGAAACCAACCGA_001,149
TTTCTGCAGAAACCAACCGA_002,72
TTTCTGCAGAAACCAACCGA_003,106
TTTCTGCAGAAACCAACCGA_004,70
TTTCTGCAGAAACCAACCGA_005,62
TTTCTGCAGAAACCAACCGA_006,49
TTTCTGCAGAAACCAACCGA_007,172
TTTCTGCAGAAACCAACCGA_008,89
TTTCTGCAGAAACCAACCGA_009,10
ATTGTGGGCTCGGACAAGCG_001,104
ATTGTGGGCTCGGACAAGCG_002,10
ATTGTGGGCTCGGACAAGCG_003,41
ATTGTGGGCTCGGACAAGCG_004,105
ATTGTGGGCTCGGACAAGCG_005,105
ATTGTGGGCTCGGACAAGCG_006,171
ATTGTGGGCTCGGACAAGCG_007,130
ATTGTGGGCTCGGACAAGCG_008,60
ATTGTGGGCTCGGACAAGCG_009,12
ATTGTGGGCTCGGACAAGCG_010,194
ATTGTGGGCTCGGACAAGCG_011,38
ATTGTGGGCTCGGACAAGCG_012,74
ATTGTGGGCTCGGACAAGCG_013,174
ATTGTGGGCTCGGACAAGCG_014,69
ATTGTGGGCTCGGACAAGCG_015,104
ATTGTGGGCTCGGACAAGCG_016,170
ATTGTGGGCTCGGACAAGCG_017,54
ATTGTGGGCTCGGACAAGCG_018,112
ATTGTGGGCTCGGACAAGCG_019,162
ATTGTGGGCTCGGACAAGCG_020,141
ATTGTGGGCTCGGACAAGCG_021,2
ATTGTGGGCTCGGACAAGCG_022,178
ATTGTGGGCTCGGACAAGCG_023,23
ATTGTGGGCTCGGACAAGCG_024,35
ATTGTGGGCTCGGACAAGCG_025,133
ATTGTGGGCTCGGACAAGCG_026,76
ATTGTGGGCTCGGACAAGCG_027,175
ATTGTGGGCTCGGACAAGCG_028,172
ATTGTGGGCTCGGACAAGCG_029,147
ATTGTGGGCTCGGACAAGCG_030,14
ATTGTGGGCTCGGACAAGCG_031,19
ATTGTGGGCTCGGACAAGCG_032,179
ATGCGGGTCCCCATACATCG_001,4
ATGCGGGTCCCCATACATCG_002,145
ATGCGGGTCCCCATACATCG_003,197
AGGACACGTGGAATGCCTCA_001,73
AGGACACGTGGAATGCCTCA_002,81
AGGACACGTGGAATGCCTCA_003,174
AGGACACGTGGAATGCCTCA_004,149
AGGACACGTGGAATGCCTCA_005,51
AGGACACGTGGAATGCCTCA_006,42
AGGACACGTGGAATGCCTCA_007,139
AGGACACGTGGAATGCCTCA_008,176
AGGACACGTGGAATGCCTCA_009,78
AGGACACGTGGAATGCCTCA_010,161
AGGACACGTGGAATGCCTCA_011,125
AGGACACGTGGAATGCCTCA_012,122
AGGACACGTGGAATGCCTCA_013,16
AGGACACGTGGAATGCCTCA_014,44
AGGACACGTGGAATGCCTCA_015,43
AGGACACGTGGAATGCCTCA_016,105
AGGACACGTGGAATGCCTCA_017,191
AGGACACGTGGAATGCCTCA_018,15
AGGACACGTGGAATGCCTCA_019,16
AGGACACGTGGAATGCCTCA_020,150
AGGACACGTGGAATGCCTCA_021,23
CATCACTCTTTCGAGTGAGG_001,183
CATCACTCTTTCGAGTGAGG_002,188
CATCACTCTTTCGAGTGAGG_003,123
CATCACTCTTTCGAGTGAGG_004,190
CATCACTCTTTCGAGTGAGG_005,133
CTTCCCCTCACTCATCAGTG_001,190
CTTCCCCTCACTCATCAGTG_002,120
CTTCCCCTCACTCATCAGTG_003,182
CTTCCCCTCACTCATCAGTG_004,171
CTTCCCCTCACTCATCAGTG_005,150
CTTCCCCTCACTCATCAGTG_006,160
CTTCCCCTCACTCATCAGTG_007,69
CTTCCCCTCACTCATCAGTG_008,168
CTTCCCCTCACTCATCAGTG_009,9
CTTCCCCTCACTCATCAGTG_010,145
CTTCCCCTCACTCATCAGTG_011,184
CTTCCCCTCACTCATCAGTG_012,88
CTTCCCCTCACTCATCAGTG_013,25
CTTCCCCTCACTCATCAGTG_014,197
CTTCCCCTCACTCATCAGTG_015,1
CTTCCCCTCACTCATCAGTG_016,19
CTTCCCCTCACTCATCAGTG_017,184
CTTCCCCTCACTCATCAGTG_018,175
GGCGCGGATGCCTTTGAGCG_001,8
GGCGCGGATGCCTTTGAGCG_002,17
GGCGCGGATGCCTTTGAGCG_003,84
GGCGCGGATGCCTTTGAGCG_004,67
GGCGCGGATGCCTTTGAGCG_005,11
GGCGCGGATGCCTTTGAGCG_006,140
GGCGCGGATGCCTTTGAGCG_007,41
GGCGCGGATGCCTTTGAGCG_008,23
GGCGCGGATGCCTTTGAGCG_009,196
GGCGCGGATGCCTTTGAGCG_010,116
GGCGCGGATGCCTTTGAGCG_011,87
GGCGCGGATGCCTTTGAGCG_012,97
GGCGCGGATGCCTTTGAGCG_013,102
GGCGCGGATGCCTTTGAGCG_014,115
GGCGCGGATGCCTTTGAGCG_015,157
GGCGCGGATGCCTTTGAGCG_016,150
GGCGCGGATGCCTTTGAGCG_017,41
GGCGCGGATGCCTTTGAGCG_018,70
GTCATGAGCTTCGTCAACAT_001,157
GTCATGAGCTTCGTCAACAT_002,106
GTCATGAGCTTCGTCAACAT_003,125
GTCATGAGCTTCGTCAACAT_004,36
GTCATGAGCTTCGTCAACAT_005,97
GTCATGAGCTTCGTCAACAT_006,183
GTCATGAGCTTCGTCAACAT_007,138
CCTCCTGGCATACGGCCAGG_001,103
CCTCCTGGCATACGGCCAGG_002,130
CCTCCTGGCATACGGCCAGG_003,89
CCTCCTGGCATACGGCCAGG_004,82
CCTCCTGGCATACGGCCAGG_005,58
CCTCCTGGCATACGGCCAGG_006,158
CCTCCTGGCATACGGCCAGG_007,17
CCTCCTGGCATACGGCCAGG_008,155
CCTCCTGGCATACGGCCAGG_009,83
CCTCCTGGCATACGGCCAGG_010,152
CCTCCTGGCATACGGCCAGG_011,80
CCTCCTGGCATACGGCCAGG_012,141
CCTCCTGGCATACGGCCAGG_013,182
CCTCCTGGCATACGGCCAGG_014,158
CCTCCTGGCATACGGCCAGG_015,6
CCTCCTGGCATACGGCCAGG_016,3
CCTCCTGGCATACGGCCAGG_017,73
CCTCCTGGCATACGGCCAGG_018,161
AGACCTCTGGGGATAAGAAG_001,78
AGACCTCTGGGGATAAGAAG_002,8
AGACCTCTGGGGATAAGAAG_003,78
AGACCTCTGGGGATAAGAAG_004,175
AGACCTCTGGGGATAAGAAG_005,102
AGACCTCTGGGGATAAGAAG_006,7
AGACCTCTGGGGATAAGAAG_007,144
AGACCTCTGGGGATAAGAAG_008,23
AGACCTCTGGGGATAAGAAG_009,48
AGACCTCTGGGGATAAGAAG_010,67
AGCAAAGCAGCGAAAGCTCT_001,9
AGCAAAGCAGCGAAAGCTCT_002,51
AGCAAAGCAGCGAAAGCTCT_003,61
AGCAAAGCAGCGAAAGCTCT_004,187
AGCAAAGCAGCGAAAGCTCT_005,160
AGCAAAGCAGCGAAAGCTCT_006,115
AGCAAAGCAGCGAAAGCTCT_007,6
AGCAAAGCAGCGAAAGCTCT_008,47
CTGCAACGAGACAGGCATGT_001,80
CTGCAACGAGACAGGCATGT_002,90
CTGCAACGAGACAGGCATGT_003,121
CTGCAACGAGACAGGCATGT_004,2
CTGCAACGAGACAGGCATGT_005,68
CTGCAACGAGACAGGCATGT_006,108
ATACGGCCGAAGCCCCTTCA_001,189
ATACGGCCGAAGCCCCTTCA_002,183
ATACGGCCGAAGCCCCTTCA_003,41
ATACGGCCGAAGCCCCTTCA_004,70
ATACGGCCGAAGCCCCTTCA_005,12
ATACGGCCGAAGCCCCTTCA_006,169
ATACGGCCGAAGCCCCTTCA_007,102
ATACGGCCGAAGCCCCTTCA_008,32
ATACGGCCGAAGCCCCTTCA_009,129
ATACGGCCGAAGCCCCTTCA_010,58
ATACGGCCGAAGCCCCTTCA_011,169
ATACGGCCGAAGCCCCTTCA_012,144
ATACGGCCGAAGCCCCTTCA_013,127
ATACGGCCGAAGCCCCTTCA_014,162
ATACGGCCGAAGCCCCTTCA_015,105
ATACGGCCGAAGCCCCTTCA_016,154
ATACGGCCGAAGCCCCTTCA_017,190
ATACGGCCGAAGCCCCTTCA_018,115
ATACGGCCGAAGCCCCTTCA_019,106
ATACGGCCGAAGCCCCTTCA_020,81
ATACGGCCGAAGCCCCTTCA_021,199
ATACGGCCGAAGCCCCTTCA_022,80
ATACGGCCGAAGCCCCTTCA_023,36
ATACGGCCGAAGCCCCTTCA_024,174
ATACGGCCGAAGCCCCTTCA_025,42
ATACGGCCGAAGCCCCTTCA_026,161
ATACGGCCGAAGCCCCTTCA_027,129
ATACGGCCGAAGCCCCTTCA_028,160
ATACGGCCGAAGCCCCTTCA_029,174
ATACGGCCGAAGCCCCTTCA_030,168
ATACGGCCGAAGCCCCTTCA_031,184
ATACGGCCGAAGCCCCTTCA_032,49
ATACGGCCGAAGCCCCTTCA_033,177
ATACGGCCGAAGCCCCTTCA_034,183
ATACGGCCGAAGCCCCTTCA_035,67
ATACGGCCGAAGCCCCTTCA_036,30
ATACGGCCGAAGCCCCTTCA_037,26
ATACGGCCGAAGCCCCTTCA_038,23
ATACGGCCGAAGCCCCTTCA_039,68
ATACGGCCGAAGCCCCTTCA_040,149
ATACGGCCGAAGCCCCTTCA_041,20
ATACGGCCGAAGCCCCTTCA_042,41
ATACGGCCGAAGCCCCTTCA_043,125
ATACGGCCGAAGCCCCTTCA_044,146
ATACGGCCGAAGCCCCTTCA_045,144
ATACGGCCGAAGCCCCTTCA_046,140
ATACGGCCGAAGCCCCTTCA_047,1
ATACGGCCGAAGCCCCTTCA_048,2
ATACGGCCGAAGCCCCTTCA_049,176
ATACGGCCGAAGCCCCTTCA_050,82
ATACGGCCGAAGCCCCTTCA_051,91
ATACGGCCGAAGCCCCTTCA_052,9
ATACGGCCGAAGCCCCTTCA_053,15
ATACGGCCGAAGCCCCTTCA_054,142
ATACGGCCGAAGCCCCTTCA_055,175
ATACGGCCGAAGCCCCTTCA_056,169
ATACGGCCGAAGCCCCTTCA_057,78
ATACGGCCGAAGCCCCTTCA_058,58
ATACGGCCGAAGCCCCTTCA_059,127
ATACGGCCGAAGCCCCTTCA_060,197
ATACGGCCGAAGCCCCTTCA_061,37
ATACGGCCGAAGCCCCTTCA_062,175
ATACGGCCGAAGCCCCTTCA_063,68
ATACGGCCGAAGCCCCTTCA_064,124
ATACGGCCGAAGCCCCTTCA_065,98
ATACGGCCGAAGCCCCTTCA_066,14
ATACGGCCGAAGCCCCTTCA_067,146
AGCGGAGAGCCCTATAGACG_001,33
AGCGGAGAGCCCTATAGACG_002,73
AGCGGAGAGCCCTATAGACG_003,68
AGCGGAGAGCCCTATAGACG_004,3
AGCGGAGAGCCCTATAGACG_005,135
AGCGGAGAGCCCTATAGACG_006,45
AGCGGAGAGCCCTATAGACG_007,23
AGCGGAGAGCCCTATAGACG_008,52
AGCGGAGAGCCCTATAGACG_009,166
AGCGGAGAGCCCTATAGACG_010,34
AGCGGAGAGCCCTATAGACG_011,31
AGCGGAGAGCCCTATAGACG_012,142
AGCGGAGAGCCCTATAGACG_013,165
AGCGGAGAGCCCTATAGACG_014,123
GACGCTTATGAGAAGTGCCG_001,82
GACGCTTATGAGAAGTGCCG_002,80
GACGCTTATGAGAAGTGCCG_003,82
GACGCTTATGAGAAGTGCCG_004,77
GACGCTTATGAGAAGTGCCG_005,186
TATATTCGATGGATTACACA_001,9
TATATTCGATGGATTACACA_002,116
TATATTCGATGGATTACACA_003,74
TTATGCCGCTCTTCCGCCTG_001,86
ACTGGAGCGCTATTTGTCAG_001,40
ACTGGAGCGCTATTTGTCAG_002,194
ACTGGAGCGCTATTTGTCAG_003,0
CAGGTGGCAGAACTTCCCGG_001,9
CAGGTGGCAGAACTTCCCGG_002,155
CAGGTGGCAGAACTTCCCGG_003,12
ATACCAAAAAAGGCGAGGGT_001,1
ATACCAAAAAAGGCGAGGGT_002,197
ATACCAAAAAAGGCGAGGGT_003,22
ATACCAAAAAAGGCGAGGGT_004,130
ATACCAAAAAAGGCGAGGGT_005,9
ATACCAAAAAAGGCGAGGGT_006,50
TCTGCACTGATTGCGGCAAG_001,44
TCTGCACTGATTGCGGCAAG_002,158
TCTGCACTGATTGCGGCAAG_003,121
TCTGCACTGATTGCGGCAAG_004,6
TCTGCACTGATTGCGGCAAG_005,36
TCTGCACTGATTGCGGCAAG_006,77
TAATTCTGTAGGCGTGCATG_001,0
CATCGACTGTCTCCGGCAGG_001,98
CATCGACTGTCTCCGGCAGG_002,15
CATCGACTGTCTCCGGCAGG_003,160
CAGGCCTGATAAAATCCATG_001,161
CAGGCCTGATAAAATCCATG_002,55
CAGGCCTGATAAAATCCATG_003,193
CAGGCCTGATAAAATCCATG_004,51
CAGGCCTGATAAAATCCATG_005,30
CAGGCCTGATAAAATCCATG_006,174
CAGGCCTGATAAAATCCATG_007,26
AGAGGGACTACATTGCACCA_001,25
AGAGGGACTACATTGCACCA_002,107
GGCCGGCGTGACCATGACCA_001,11
GGCCGGCGTGACCATGACCA_002,197
GGCCGGCGTGACCATGACCA_003,50
GGCCGGCGTGACCATGACCA_004,70
GGCCGGCGTGACCATGACCA_005,7
GGCCGGCGTGACCATGACCA_006,168
GGCCGGCGTGACCATGACCA_007,117
ATGCATCTAGTAACCAACAG_001,36
ATGCATCTAGTAACCAACAG_002,169
ATGCATCTAGTAACCAACAG_003,94
ATGCATCTAGTAACCAACAG_004,15
ATGCATCTAGTAACCAACAG_005,121
ATGCATCTAGTAACCAACAG_006,50
GTCTTGTCTGTTGACTACAG_001,110
GTCTTGTCTGTTGACTACAG_002,15
GTCTTGTCTGTTGACTACAG_003,162
TGGGTGCAGGGGCCGCAGCC_001,140
TGGGTGCAGGGGCCGCAGCC_002,199
TGGGTGCAGGGGCCGCAGCC_003,22
TGGGTGCAGGGGCCGCAGCC_004,82
TGGGTGCAGGGGCCGCAGCC_005,72
CTGTTGAGTCTTCAATAATG_001,171
CTGTTGAGTCTTCAATAATG_002,58
CTGTTGAGTCTTCAATAATG_003,19
TCGACCCAGCAGTTAGCCAG_001,48
TCGACCCAGCAGTTAGCCAG_002,175
TCGACCCAGCAGTTAGCCAG_003,174
TCGACCCAGCAGTTAGCCAG_004,104
TCGACCCAGCAGTTAGCCAG_005,112
TCGACCCAGCAGTTAGCCAG_006,48
TCGACCCAGCAGTTAGCCAG_007,62
TCGACCCAGCAGTTAGCCAG_008,23
TCGACCCAGCAGTTAGCCAG_009,162
TCGACCCAGCAGTTAGCCAG_010,20
TCGACCCAGCAGTTAGCCAG_011,157
TCGACCCAGCAGTTAGCCAG_012,75
TCGACCCAGCAGTTAGCCAG_013,106
TCGACCCAGCAGTTAGCCAG_014,28
TCGACCCAGCAGTTAGCCAG_015,50
TCGACCCAGCAGTTAGCCAG_016,82
TCGACCCAGCAGTTAGCCAG_017,141
TCGACCCAGCAGTTAGCCAG_018,84
TCGACCCAGCAGTTAGCCAG_019,16
TCGACCCAGCAGTTAGCCAG_020,172
TCGACCCAGCAGTTAGCCAG_021,21
TCGACCCAGCAGTTAGCCAG_022,141
TCGACCCAGCAGTTAGCCAG_023,147
TCGACCCAGCAGTTAGCCAG_024,0
TCGACCCAGCAGTTAGCCAG_025,104
TCGACCCAGCAGTTAGCCAG_026,152
TCGACCCAGCAGTTAGCCAG_027,142
TCGACCCAGCAGTTAGCCAG_028,176
TCGACCCAGCAGTTAGCCAG_029,146
TCGACCCAGCAGTTAGCCAG_030,58
TCGACCCAGCAGTTAGCCAG_031,197
TCGACCCAGCAGTTAGCCAG_032,162
TCGACCCAGCAGTTAGCCAG_033,108
GCTGCTCCGGGACTACGCCG_001,76
GCTGCTCCGGGACTACGCCG_002,10
GCTGCTCCGGGACTACGCCG_003,121
GCTGCTCCGGGACTACGCCG_004,121
GCTGCTCCGGGACTACGCCG_005,8
GCTGCTCCGGGACTACGCCG_006,3
GCTGCTCCGGGACTACGCCG_007,126
ATACTTGTACTTACAAAACC_001,115
AAGCCGTAGTGTTACCAATG_001,33
AAGCCGTAGTGTTACCAATG_002,2
AATGACTTCCAAGTGCTCCG_001,115
AATGACTTCCAAGTGCTCCG_002,15
AATGACTTCCAAGTGCTCCG_003,39
ACACATAAGTGCATCTTGCG_001,104
ACACATAAGTGCATCTTGCG_002,61
ACACATAAGTGCATCTTGCG_003,102
ACACATAAGTGCATCTTGCG_004,193
ACACATAAGTGCATCTTGCG_005,146
ACACATAAGTGCATCTTGCG_006,68
ACACATAAGTGCATCTTGCG_007,58
ACACATAAGTGCATCTTGCG_008,155
GTACACACTTATGCCATCAC_001,1
GTACACACTTATGCCATCAC_002,56
GTACACACTTATGCCATCAC_003,38
GTACACACTTATGCCATCAC_004,41
GTACACACTTATGCCATCAC_005,56
GTACACACTTATGCCATCAC_006,56
GTACACACTTATGCCATCAC_007,43
GTACACACTTATGCCATCAC_008,141
GTACACACTTATGCCATCAC_009,128
GTACACACTTATGCCATCAC_010,107
GTACACACTTATGCCATCAC_011,184
GTACACACTTATGCCATCAC_012,147
GTACACACTTATGCCATCAC_013,194
GTACACACTTATGCCATCAC_014,155
GTACACACTTATGCCATCAC_015,27
CCCACCAGCTCCAAACCTAG_001,5
CCCACCAGCTCCAAACCTAG_002,139
CCCACCAGCTCCAAACCTAG_003,124
CCCACCAGCTCCAAACCTAG_004,84
CCCACCAGCTCCAAACCTAG_005,157
CAGTAGATAGGACGACTGAT_001,183
CAGTAGATAGGACGACTGAT_002,168
CAGTAGATAGGACGACTGAT_003,140
CAGTAGATAGGACGACTGAT_004,72
TCAGAGATACACGTTGTACG_001,196
TCAGAGATACACGTTGTACG_002,35
TCAGAGATACACGTTGTACG_003,87
TCAGAGATACACGTTGTACG_004,154
TCAGAGATACACGTTGTACG_005,2
TCAGAGATACACGTTGTACG_006,28
CACCAAGTAACAGTGGTGTG_001,49
CACCAAGTAACAGTGGTGTG_002,76
CCTCCAGTTCAGAAGTCGAG_001,12
CCTCCAGTTCAGAAGTCGAG_002,116
CCTCCAGTTCAGAAGTCGAG_003,148
CCTCCAGTTCAGAAGTCGAG_004,29
CCTCCAGTTCAGAAGTCGAG_005,81
CCTCCAGTTCAGAAGTCGAG_006,160
CCTCCAGTTCAGAAGTCGAG_007,15
CCTCCAGTTCAGAAGTCGAG_008,153
CCTCCAGTTCAGAAGTCGAG_009,102
CTTCGTTCAGATCTCCCGAG_001,102
CTTCGTTCAGATCTCCCGAG_002,113
CTTCGTTCAGATCTCCCGAG_003,118
GGTGCAGAGCCAGCTAAGCA_001,100
GGTGCAGAGCCAGCTAAGCA_002,72
GGTGCAGAGCCAGCTAAGCA_003,160
GGTGCAGAGCCAGCTAAGCA_004,103
GGTGCAGAGCCAGCTAAGCA_005,125
GGTGCAGAGCCAGCTAAGCA_006,35
GGTGCAGAGCCAGCTAAGCA_007,2
GGTGCAGAGCCAGCTAAGCA_008,135
GGTGCAGAGCCAGCTAAGCA_009,148
GGTGCAGAGCCAGCTAAGCA_010,75
GGTGCAGAGCCAGCTAAGCA_011,96
GGTGCAGAGCCAGCTAAGCA_012,71
GGTGCAGAGCCAGCTAAGCA_013,179
GGTGCAGAGCCAGCTAAGCA_014,179
GGTGCAGAGCCAGCTAAGCA_015,14
GGTGCAGAGCCAGCTAAGCA_016,19
GGTGCAGAGCCAGCTAAGCA_017,62
GGTGCAGAGCCAGCTAAGCA_018,176
GGTGCAGAGCCAGCTAAGCA_019,92
GGTGCAGAGCCAGCTAAGCA_020,163
GGTGCAGAGCCAGCTAAGCA_021,76
GGTGCAGAGCCAGCTAAGCA_022,108
GGTGCAGAGCCAGCTAAGCA_023,26
GGTGCAGAGCCAGCTAAGCA_024,112
GGTGCAGAGCCAGCTAAGCA_025,31
GGTGCAGAGCCAGCTAAGCA_026,172
GGTGCAGAGCCAGCTAAGCA_027,88
GGTGCAGAGCCAGCTAAGCA_028,65
GGTGCAGAGCCAGCTAAGCA_029,12
GGTGCAGAGCCAGCTAAGCA_030,174
GGTGCAGAGCCAGCTAAGCA_031,178
GGTGCAGAGCCAGCTAAGCA_032,35
GGTGCAGAGCCAGCTAAGCA_033,156
GGTGCAGAGCCAGCTAAGCA_034,104
GGTGCAGAGCCAGCTAAGCA_035,38
GGTGCAGAGCCAGCTAAGCA_036,38
GGTGCAGAGCCAGCTAAGCA_037,183
AAGTCCAAACTCTAGATCTA_001,107
AAGTCCAAACTCTAGATCTA_002,184
AAGTCCAAACTCTAGATCTA_003,47
AAGTCCAAACTCTAGATCTA_004,48
AAGTCCAAACTCTAGATCTA_005,60
AAGTCCAAACTCTAGATCTA_006,185
AAGTCCAAACTCTAGATCTA_007,34
AAGTCCAAACTCTAGATCTA_008,150
AAGTCCAAACTCTAGATCTA_009,23
AAGTCCAAACTCTAGATCTA_010,170
AAGTCCAAACTCTAGATCTA_011,133
AAGTCCAAACTCTAGATCTA_012,91
AAGTCCAAACTCTAGATCTA_013,198
CTGGACATTTCCAGCAGAGG_001,169
CTGGACATTTCCAGCAGAGG_002,48
CTGGACATTTCCAGCAGAGG_003,184
CTGGACATTTCCAGCAGAGG_004,1
CTGGACATTTCCAGCAGAGG_005,116
CCCTGCAGTAAACCACACCC_001,102
CCCTGCAGTAAACCACACCC_002,190
CCCTGCAGTAAACCACACCC_003,194
CCCTGCAGTAAACCACACCC_004,144
CGCTGTGCCAAGCTCAACAC_001,190
CGCTGTGCCAAGCTCAACAC_002,185
CGCTGTGCCAAGCTCAACAC_003,146
CGCTGTGCCAAGCTCAACAC_004,35
CGCTGTGCCAAGCTCAACAC_005,82
CGCTGTGCCAAGCTCAACAC_006,112
CAAGTACTCATAATTCAGGG_001,68
CGGAGCCTTCGGAGGACCGG_001,162
CGGAGCCTTCGGAGGACCGG_002,141
CGGAGCCTTCGGAGGACCGG_003,187
CGGAGCCTTCGGAGGACCGG_004,190
CGGAGCCTTCGGAGGACCGG_005,7
CGGAGCCTTCGGAGGACCGG_006,174
CGGAGCCTTCGGAGGACCGG_007,70
CGGAGCCTTCGGAGGACCGG_008,47
CGGAGCCTTCGGAGGACCGG_009,174
CGGAGCCTTCGGAGGACCGG_010,134
CGGAGCCTTCGGAGGACCGG_011,119
CGGAGCCTTCGGAGGACCGG_012,33
CGGAGCCTTCGGAGGACCGG_013,98
CGGAGCCTTCGGAGGACCGG_014,170
CGGAGCCTTCGGAGGACCGG_015,81
CGGAGCCTTCGGAGGACCGG_016,31
CGGAGCCTTCGGAGGACCGG_017,105
CGGAGCCTTCGGAGGACCGG_018,41
CGGAGCCTTCGGAGGACCGG_019,95
CGGAGCCTTCGGAGGACCGG_020,58
CGGAGCCTTCGGAGGACCGG_021,95
CGGAGCCTTCGGAGGACCGG_022,6
CGGAGCCTTCGGAGGACCGG_023,78
CGGAGCCTTCGGAGGACCGG_024,12
CGGAGCCTTCGGAGGACCGG_025,141
CGGAGCCTTCGGAGGACCGG_026,17
CGGAGCCTTCGGAGGACCGG_027,10
CGGAGCCTTCGGAGGACCGG_028,85
CGGAGCCTTCGGAGGACCGG_029,65
CGGAGCCTTCGGAGGACCGG_030,128
CTCCTGACGGACATACTCAA_001,160
CTCCTGACGGACATACTCAA_002,161
CTCCTGACGGACATACTCAA_003,41
CTCCTGACGGACATACTCAA_004,162
CTCCTGACGGACATACTCAA_005,159
CTCCTGACGGACATACTCAA_006,163
CTCCTGACGGACATACTCAA_007,183
CTCCTGACGGACATACTCAA_008,181
CTCCTGACGGACATACTCAA_009,116
CTCCTGACGGACATACTCAA_010,145
CTCCTGACGGACATACTCAA_011,158
CTCCTGACGGACATACTCAA_012,169
CTCCTGACGGACATACTCAA_013,128
CTCCTGACGGACATACTCAA_014,76
CTCCTGACGGACATACTCAA_015,32
CTCCTGACGGACATACTCAA_016,17
GCGCTCGGGGACGCACACGT_001,3
GCGCTCGGGGACGCACACGT_002,84
GCGCTCGGGGACGCACACGT_003,8
GCGCTCGGGGACGCACACGT_004,85
GCGCTCGGGGACGCACACGT_005,9
GCGCTCGGGGACGCACACGT_006,199
GCGCTCGGGGACGCACACGT_007,80
GCGCTCGGGGACGCACACGT_008,106
GCGCTCGGGGACGCACACGT_009,2
GCGCTCGGGGACGCACACGT_010,182
GCGCTCGGGGACGCACACGT_011,17
GCGCTCGGGGACGCACACGT_012,145
GCGCTCGGGGACGCACACGT_013,155
GCGCTCGGGGACGCACACGT_014,110
GCGCTCGGGGACGCACACGT_015,104
GCGCTCGGGGACGCACACGT_016,117
GCGCTCGGGGACGCACACGT_017,62
GCGCTCGGGGACGCACACGT_018,148
GCGCTCGGGGACGCACACGT_019,50
GCGCTCGGGGACGCACACGT_020,85
GCGCTCGGGGACGCACACGT_021,94
GCGCTCGGGGACGCACACGT_022,197
TCAAAGCCCCGCATTACCCA_001,178
TCAAAGCCCCGCATTACCCA_002,197
TCAAAGCCCCGCATTACCCA_003,168
TCAAAGCCCCGCATTACCCA_004,35
TCAAAGCCCCGCATTACCCA_005,108
TCAAAGCCCCGCATTACCCA_006,29
TCAAAGCCCCGCATTACCCA_007,151
CGCCTACGAGCCATGCATCG_001,62
CGCCTACGAGCCATGCATCG_002,172
CGCCTACGAGCCATGCATCG_003,145
CGCCTACGAGCCATGCATCG_004,199
CGCCTACGAGCCATGCATCG_005,132
CGCCTACGAGCCATGCATCG_006,196
GGGGTATCATCGGCGCCAGA_001,141
GGGGTATCATCGGCGCCAGA_002,22
GGGGTATCATCGGCGCCAGA_003,147
TGTCTCTGGATGCGTTAGGG_001,2
TGTCTCTGGATGCGTTAGGG_002,36
TGTCTCTGGATGCGTTAGGG_003,166
TGTCTCTGGATGCGTTAGGG_004,53
TGTCTCTGGATGCGTTAGGG_005,188
TGTCTCTGGATGCGTTAGGG_006,1
TGTCTCTGGATGCGTTAGGG_007,176
TGTCTCTGGATGCGTTAGGG_008,33
CGGTGTCCACCACTCCAGAG_001,9
CGGTGTCCACCACTCCAGAG_002,53
CGGTGTCCACCACTCCAGAG_003,32
CGGTGTCCACCACTCCAGAG_004,165
CGGTGTCCACCACTCCAGAG_005,9
CGGTGTCCACCACTCCAGAG_006,37
CGGTGTCCACCACTCCAGAG_007,177
CGGTGTCCACCACTCCAGAG_008,9
CGGTGTCCACCACTCCAGAG_009,67
CGGTGTCCACCACTCCAGAG_010,43
CGGTGTCCACCACTCCAGAG_011,183
CGGTGTCCACCACTCCAGAG_012,48
CGGTGTCCACCACTCCAGAG_013,199
CGGTGTCCACCACTCCAGAG_014,156
CGGTGTCCACCACTCCAGAG_015,158
CGGTGTCCACCACTCCAGAG_016,191
CGGTGTCCACCACTCCAGAG_017,63
CGGTGTCCACCACTCCAGAG_018,121
CGGTGTCCACCACTCCAGAG_019,29
CGGTGTCCACCACTCCAGAG_020,77
CGGTGTCCACCACTCCAGAG_021,43
CGGTGTCCACCACTCCAGAG_022,102
CGGTGTCCACCACTCCAGAG_023,197
CGGTGTCCACCACTCCAGAG_024,10
CGGTGTCCACCACTCCAGAG_025,199
TGAAAAGTATCGGTCAACTG_001,82
TGAAAAGTATCGGTCAACTG_002,191
TGAAAAGTATCGGTCAACTG_003,102
CACAGTGACACTCATCATCC_001,78
CACAGTGACACTCATCATCC_002,17
CACAGTGACACTCATCATCC_003,1
CACAGTGACACTCATCATCC_004,38
CACAGTGACACTCATCATCC_005,194
GTTATGCAAAATGGAGCTGG_001,98
GTTATGCAAAATGGAGCTGG_002,68
ACCTCGCTCCACACCCAGAA_001,34
ACCTCGCTCCACACCCAGAA_002,58
ACCTCGCTCCACACCCAGAA_003,108
ACCTCGCTCCACACCCAGAA_004,97
ACCTCGCTCCACACCCAGAA_005,183
ACCTCGCTCCACACCCAGAA_006,1
ACCTCGCTCCACACCCAGAA_007,166
ACCTCGCTCCACACCCAGAA_008,143
CTGGGCCGGAACCTCCCCGG_001,194
CTGGGCCGGAACCTCCCCGG_002,183
CTGGGCCGGAACCTCCCCGG_003,27
CTGGGCCGGAACCTCCCCGG_004,144
CTGGGCCGGAACCTCCCCGG_005,145
CTGGGCCGGAACCTCCCCGG_006,34
CTGGGCCGGAACCTCCCCGG_007,135
CTGGGCCGGAACCTCCCCGG_008,187
CTGGGCCGGAACCTCCCCGG_009,130
CTGGGCCGGAACCTCCCCGG_010,46
CTGGGCCGGAACCTCCCCGG_011,61
CTGGGCCGGAACCTCCCCGG_012,169
CTGGGCCGGAACCTCCCCGG_013,85
CTGGGCCGGAACCTCCCCGG_014,13
CTGGGCCGGAACCTCCCCGG_015,13
CTGGGCCGGAACCTCCCCGG_016,75
CTGGGCCGGAACCTCCCCGG_017,19
CTGGGCCGGAACCTCCCCGG_018,134
CTGGGCCGGAACCTCCCCGG_019,67
CTGGGCCGGAACCTCCCCGG_020,89
AGGATAGGCCTCACGACCAG_001,8
AGGATAGGCCTCACGACCAG_002,196
AGGATAGGCCTCACGACCAG_003,149
AGGATAGGCCTCACGACCAG_004,153
AGGATAGGCCTCACGACCAG_005,121
AAAAGGGAAACATGGACGTG_001,194
AAAAGGGAAACATGGACGTG_002,121
AAAAGGGAAACATGGACGTG_003,131
AAAAGGGAAACATGGACGTG_004,4
AAAAGGGAAACATGGACGTG_005,15
AAAAGGGAAACATGGACGTG_006,105
AAAAGGGAAACATGGACGTG_007,150
AAAAGGGAAACATGGACGTG_008,5
AAAAGGGAAACATGGACGTG_009,181
AAAAGGGAAACATGGACGTG_010,177
AAAAGGGAAACATGGACGTG_011,188
AAAAGGGAAACATGGACGTG_012,102
AAAAGGGAAACATGGACGTG_013,192
AAAAGGGAAACATGGACGTG_014,25
AAAAGGGAAACATGGACGTG_015,38
AAAAGGGAAACATGGACGTG_016,198
AAAAGGGAAACATGGACGTG_017,182
AAAAGGGAAACATGGACGTG_018,166
AAAAGGGAAACATGGACGTG_019,91
AAAGTTCCCCAACAAAATCC_001,23
AAAGTTCCCCAACAAAATCC_002,34
AAAGTTCCCCAACAAAATCC_003,53
AAAGTTCCCCAACAAAATCC_004,184
AAAGTTCCCCAACAAAATCC_005,67
AAAGTTCCCCAACAAAATCC_006,146
CTTGCTTCTGAAGTCGTCAG_001,37
CTTGCTTCTGAAGTCGTCAG_002,52
CTTGCTTCTGAAGTCGTCAG_003,115
CTTGCTTCTGAAGTCGTCAG_004,72
CTTGCTTCTGAAGTCGTCAG_005,21
CTTGCTTCTGAAGTCGTCAG_006,29
CTTGCTTCTGAAGTCGTCAG_007,15
CTTGCTTCTGAAGTCGTCAG_008,121
CTTGCTTCTGAAGTCGTCAG_009,134
CTTGCTTCTGAAGTCGTCAG_010,78
CTTGCTTCTGAAGTCGTCAG_011,83
CCAGGTACCGGACGACCGAG_001,113
CCAGGTACCGGACGACCGAG_002,75
CCAGGTACCGGACGACCGAG_003,33
CCAGGTACCGGACGACCGAG_004,130
CCAGGTACCGGACGACCGAG_005,138
CCAGGTACCGGACGACCGAG_006,83
CCAGGTACCGGACGACCGAG_007,99
CCAGGTACCGGACGACCGAG_008,97
CCAGGTACCGGACGACCGAG_009,127
CCAGGTACCGGACGACCGAG_010,75
CCAGGTACCGGACGACCGAG_011,1
CCAGGTACCGGACGACCGAG_012,97
GCCAAGATCGTGAAGCCCAA_001,12
GAACCATATGAAACTAGCCA_001,49
GAACCATATGAAACTAGCCA_002,183
GAACCATATGAAACTAGCCA_003,84
GAACCATATGAAACTAGCCA_004,158
GAACCATATGAAACTAGCCA_005,29
GAACCATATGAAACTAGCCA_006,141
GAACCATATGAAACTAGCCA_007,60
GAACCATATGAAACTAGCCA_008,122
GAACCATATGAAACTAGCCA_009,126
GAACCATATGAAACTAGCCA_010,136
TATGTCTTTATAGTAACCAG_001,150
TATGTCTTTATAGTAACCAG_002,12
TATGTCTTTATAGTAACCAG_003,199
TATGTCTTTATAGTAACCAG_004,83
TATGTCTTTATAGTAACCAG_005,103
TATCCTGACTACGAGTCCAA_001,158
TATCCTGACTACGAGTCCAA_002,123
AGAGGGCAATGCAACCATGG_001,17
AGAGGGCAATGCAACCATGG_002,2
AGAGGGCAATGCAACCATGG_003,84
AGAGGGCAATGCAACCATGG_004,83
AGAGGGCAATGCAACCATGG_005,88
AGAGGGCAATGCAACCATGG_006,76
AGAGGGCAATGCAACCATGG_007,12
AGAGGGCAATGCAACCATGG_008,4
AGAGGGCAATGCAACCATGG_009,137
AGAGGGCAATGCAACCATGG_010,188
AGAGGGCAATGCAACCATGG_011,42
AGAGGGCAATGCAACCATGG_012,184
AGAGGGCAATGCAACCATGG_013,175
TTCATAAAAATCCTGCTTTG_001,134
TTCATAAAAATCCTGCTTTG_002,154
TTCATAAAAATCCTGCTTTG_003,139
TTCATAAAAATCCTGCTTTG_004,48
TTCATAAAAATCCTGCTTTG_005,184
TTCATAAAAATCCTGCTTTG_006,152
ATTGACATCAGCACTCATCA_001,172
ATTGACATCAGCACTCATCA_002,134
ATTGACATCAGCACTCATCA_003,112
ATTGACATCAGCACTCATCA_004,19
ATTGACATCAGCACTCATCA_005,170
ATTGACATCAGCACTCATCA_006,111
ATTGACATCAGCACTCATCA_007,137
ATTGACATCAGCACTCATCA_008,149
ATTGACATCAGCACTCATCA_009,10
CATATTTCATATACTCCCTG_001,175
GGTGAGCAGCGTCAACACTG_001,62
GGTGAGCAGCGTCAACACTG_002,46
GGTGAGCAGCGTCAACACTG_003,30
GGTGAGCAGCGTCAACACTG_004,129
GGTGAGCAGCGTCAACACTG_005,2
ATTCACCCAGTGGAAATCGA_001,112
ATTCACCCAGTGGAAATCGA_002,26
ATTCACCCAGTGGAAATCGA_003,43
ATTCACCCAGTGGAAATCGA_004,75
ATTCACCCAGTGGAAATCGA_005,49
ATTCACCCAGTGGAAATCGA_006,56
ATTCACCCAGTGGAAATCGA_007,52
AAGACGTCCACCTCGTCTGG_001,64
AAGACGTCCACCTCGTCTGG_002,5
AAGACGTCCACCTCGTCTGG_003,8
AAGACGTCCACCTCGTCTGG_004,115
AAGACGTCCACCTCGTCTGG_005,4
AAGACGTCCACCTCGTCTGG_006,191
AAGACGTCCACCTCGTCTGG_007,9
AAGACGTCCACCTCGTCTGG_008,121
AAGACGTCCACCTCGTCTGG_009,26
AAGACGTCCACCTCGTCTGG_010,160
AAGACGTCCACCTCGTCTGG_011,3
AAGACGTCCACCTCGTCTGG_012,97
AAGACGTCCACCTCGTCTGG_013,123
CCCGGTGTTCCAGATTGCTG_001,115
CCCGGTGTTCCAGATTGCTG_002,8
CCCGGTGTTCCAGATTGCTG_003,46
CCCGGTGTTCCAGATTGCTG_004,169
CCCGGTGTTCCAGATTGCTG_005,24
CCCGGTGTTCCAGATTGCTG_006,41
CCCGGTGTTCCAGATTGCTG_007,97
CCCGGTGTTCCAGATTGCTG_008,130
CCCGGTGTTCCAGATTGCTG_009,57
CCCGGTGTTCCAGATTGCTG_010,178
CCCGGTGTTCCAGATTGCTG_011,126
CCCGGTGTTCCAGATTGCTG_012,42
CCCGGTGTTCCAGATTGCTG_013,61
CCCGGTGTTCCAGATTGCTG_014,58
CCCGGTGTTCCAGATTGCTG_015,47
CCCGGTGTTCCAGATTGCTG_016,146
CCCGGTGTTCCAGATTGCTG_017,176
CCCGGTGTTCCAGATTGCTG_018,198
CCCGGTGTTCCAGATTGCTG_019,187
CCCGGTGTTCCAGATTGCTG_020,153
CCCGGTGTTCCAGATTGCTG_021,191
GCACCTCGACATACTCCGCA_001,49
GCACCTCGACATACTCCGCA_002,121
GCACCTCGACATACTCCGCA_003,155
TTCTTCGAATAACTGAAACC_001,175
TTCTTCGAATAACTGAAACC_002,56
TTCTTCGAATAACTGAAACC_003,149
CCAGGTAGGAGCTGACATAG_001,141
CCAGGTAGGAGCTGACATAG_002,132
CCAGGTAGGAGCTGACATAG_003,32
CCAGGTAGGAGCTGACATAG_004,135
CCAGGTAGGAGCTGACATAG_005,96
CCAGGTAGGAGCTGACATAG_006,13
CCAGGTAGGAGCTGACATAG_007,122
CCAGGTAGGAGCTGACATAG_008,62
CCAGGTAGGAGCTGACATAG_009,101
AAAGACAAACTTCATGTACC_001,72
AAAGACAAACTTCATGTACC_002,169
AAAGACAAACTTCATGTACC_003,198
AAAGACAAACTTCATGTACC_004,66
AAAGACAAACTTCATGTACC_005,45
AAAGACAAACTTCATGTACC_006,120
AAAGACAAACTTCATGTACC_007,184
AAAGACAAACTTCATGTACC_008,147
AAAGACAAACTTCATGTACC_009,116
CCCCTACTCACTCGGCAATG_001,62
CCCCTACTCACTCGGCAATG_002,1
CCCCTACTCACTCGGCAATG_003,26
CCCCTACTCACTCGGCAATG_004,126
CAAGAATAACTATGCTGCCA_001,197
CAAGAATAACTATGCTGCCA_002,76
CAAGAATAACTATGCTGCCA_003,130
CAAGAATAACTATGCTGCCA_004,186
CAGATGTCGACACTACGCAG_001,15
CAGATGTCGACACTACGCAG_002,73
CAGATGTCGACACTACGCAG_003,139
CAGATGTCGACACTACGCAG_004,5
CAGATGTCGACACTACGCAG_005,48
CAGATGTCGACACTACGCAG_006,106
CAGATGTCGACACTACGCAG_007,115
CAGATGTCGACACTACGCAG_008,188
CAGATGTCGACACTACGCAG_009,170
CAGATGTCGACACTACGCAG_010,69
CAGATGTCGACACTACGCAG_011,83
CAGATGTCGACACTACGCAG_012,40
CAGATGTCGACACTACGCAG_013,49
CAGATGTCGACACTACGCAG_014,57
CAGATGTCGACACTACGCAG_015,24
CAGATGTCGACACTACGCAG_016,178
CAGATGTCGACACTACGCAG_017,78
CAGATGTCGACACTACGCAG_018,168
CAGATGTCGACACTACGCAG_019,174
CAGATGTCGACACTACGCAG_020,44
CAGCCAGGACCACAATGCCA_001,24
CAGCCAGGACCACAATGCCA_002,170
CAGCCAGGACCACAATGCCA_003,181
CAGCCAGGACCACAATGCCA_004,188
CAGCCAGGACCACAATGCCA_005,191
CAGCCAGGACCACAATGCCA_006,54
CAGCCAGGACCACAATGCCA_007,17
CAGCCAGGACCACAATGCCA_008,18
CAGCCAGGACCACAATGCCA_009,59
CAGCCAGGACCACAATGCCA_010,89
CAGCCAGGACCACAATGCCA_011,149
CAGCCAGGACCACAATGCCA_012,91
CAGCCAGGACCACAATGCCA_013,13
CAGCCAGGACCACAATGCCA_014,7
CAGCCAGGACCACAATGCCA_015,0
CAGCCAGGACCACAATGCCA_016,111
CAGCCAGGACCACAATGCCA_017,70
GCTATGTTAGCAACCATGTG_001,182
GCTATGTTAGCAACCATGTG_002,166
GCTATGTTAGCAACCATGTG_003,166
GCTATGTTAGCAACCATGTG_004,68
GCTATGTTAGCAACCATGTG_005,115
GCTATGTTAGCAACCATGTG_006,194
GCTATGTTAGCAACCATGTG_007,198
GCTATGTTAGCAACCATGTG_008,136
GACCTTGAGAGTCATGATGG_001,134
GACCTTGAGAGTCATGATGG_002,131
GACCTTGAGAGTCATGATGG_003,138
GACCTTGAGAGTCATGATGG_004,137
GACCTTGAGAGTCATGATGG_005,151
GACCTTGAGAGTCATGATGG_006,45
GACCTTGAGAGTCATGATGG_007,182
GACCTTGAGAGTCATGATGG_008,150
TTTACTTACAGGTGTTCTGG_001,1
TTTACTTACAGGTGTTCTGG_002,107
TTTACTTACAGGTGTTCTGG_003,169
TTTACTTACAGGTGTTCTGG_004,110
TTTACTTACAGGTGTTCTGG_005,102
TTTACTTACAGGTGTTCTGG_006,157
TTTACTTACAGGTGTTCTGG_007,10
TTTACTTACAGGTGTTCTGG_008,48
TTTACTTACAGGTGTTCTGG_009,38
CATCATTATTCCAACTCTCT_001,33
CATCATTATTCCAACTCTCT_002,0
CATCATTATTCCAACTCTCT_003,50
CATCATTATTCCAACTCTCT_004,77
CATCATTATTCCAACTCTCT_005,35
GGTGACAAACCTGATGCACG_001,53
GGTGACAAACCTGATGCACG_002,87
GGTGACAAACCTGATGCACG_003,87
GGTGACAAACCTGATGCACG_004,88
GGTGACAAACCTGATGCACG_005,192
GGTGACAAACCTGATGCACG_006,199
GGTGACAAACCTGATGCACG_007,68
GGTGACAAACCTGATGCACG_008,124
GGTGACAAACCTGATGCACG_009,194
GGTGACAAACCTGATGCACG_010,41
GGTGACAAACCTGATGCACG_011,140
TTTGCAAAAGTGGTGCGCAT_001,57
TTTGCAAAAGTGGTGCGCAT_002,181
TTTGCAAAAGTGGTGCGCAT_003,139
TTTGCAAAAGTGGTGCGCAT_004,15
TTTGCAAAAGTGGTGCGCAT_005,144
TTTGCAAAAGTGGTGCGCAT_006,190
TTTGCAAAAGTGGTGCGCAT_007,134
TTTGCAAAAGTGGTGCGCAT_008,26
TTTGCAAAAGTGGTGCGCAT_009,81
TTTGCAAAAGTGGTGCGCAT_010,20
TTTGCAAAAGTGGTGCGCAT_011,179
TTTGCAAAAGTGGTGCGCAT_012,105
TTTGCAAAAGTGGTGCGCAT_013,17
TTTGCAAAAGTGGTGCGCAT_014,165
TTTGCAAAAGTGGTGCGCAT_015,24
TTTGCAAAAGTGGTGCGCAT_016,103
TTTGCAAAAGTGGTGCGCAT_017,19
TTTGCAAAAGTGGTGCGCAT_018,85
TTTGCAAAAGTGGTGCGCAT_019,19
TTTGCAAAAGTGGTGCGCAT_020,29
TTTGCAAAAGTGGTGCGCAT_021,109
TTTGCAAAAGTGGTGCGCAT_022,141
TTTGCAAAAGTGGTGCGCAT_023,148
TTTGCAAAAGTGGTGCGCAT_024,103
TTTGCAAAAGTGGTGCGCAT_025,68
TTTGCAAAAGTGGTGCGCAT_026,33
TTTGCAAAAGTGGTGCGCAT_027,47
TTTGCAAAAGTGGTGCGCAT_028,119
TTTGCAAAAGTGGTGCGCAT_029,180
TTTGCAAAAGTGGTGCGCAT_030,47
TTTGCAAAAGTGGTGCGCAT_031,196
TTTGCAAAAGTGGTGCGCAT_032,127
TTTGCAAAAGTGGTGCGCAT_033,139
AGATCCAGTAGAGTGTTTGG_001,115
AGATCCAGTAGAGTGTTTGG_002,38
AGATCCAGTAGAGTGTTTGG_003,115
AGATCCAGTAGAGTGTTTGG_004,169
TCGGTGTACTTCAAAATCTG_001,115
TCGGTGTACTTCAAAATCTG_002,18
TCGGTGTACTTCAAAATCTG_003,145
TCGGTGTACTTCAAAATCTG_004,149
TCGGTGTACTTCAAAATCTG_005,192
TCGGTGTACTTCAAAATCTG_006,4
TCGGTGTACTTCAAAATCTG_007,152
TCGGTGTACTTCAAAATCTG_008,188
ACAGGCGACTTGGCACAGTG_001,106
ACAGGCGACTTGGCACAGTG_002,23
ACAGGCGACTTGGCACAGTG_003,53
ACAGGCGACTTGGCACAGTG_004,50
ACAGGCGACTTGGCACAGTG_005,198
ACAGGCGACTTGGCACAGTG_006,160
ACAGGCGACTTGGCACAGTG_007,141
ACAGGCGACTTGGCACAGTG_008,1
ACAGGCGACTTGGCACAGTG_009,62
ACAGGCGACTTGGCACAGTG_010,29
ACAGGCGACTTGGCACAGTG_011,49
ACAGGCGACTTGGCACAGTG_012,149
ACAGGCGACTTGGCACAGTG_013,13
ACAGGCGACTTGGCACAGTG_014,191
ACAGGCGACTTGGCACAGTG_015,77
ACAGGCGACTTGGCACAGTG_016,0
ACAGGCGACTTGGCACAGTG_017,169
ACAGGCGACTTGGCACAGTG_018,35
ACAGGCGACTTGGCACAGTG_019,151
ACAGGCGACTTGGCACAGTG_020,23
ACAGGCGACTTGGCACAGTG_021,157
ACAGGCGACTTGGCACAGTG_022,186
ACAGGCGACTTGGCACAGTG_023,123
ACAGGCGACTTGGCACAGTG_024,194
ACAGGCGACTTGGCACAGTG_025,132
ACAGGCGACTTGGCACAGTG_026,63
ACAGGCGACTTGGCACAGTG_027,97
ACAGGCGACTTGGCACAGTG_028,77
ACAGGCGACTTGGCACAGTG_029,149
ACAGGCGACTTGGCACAGTG_030,48
CCGCCTACCACAAGTCGGTG_001,171
CCGCCTACCACAAGTCGGTG_002,148
CCGCCTACCACAAGTCGGTG_003,172
CCGCCTACCACAAGTCGGTG_004,5
CCGCCTACCACAAGTCGGTG_005,58
CCGCCTACCACAAGTCGGTG_006,49
CCGCCTACCACAAGTCGGTG_007,27
CCGCCTACCACAAGTCGGTG_008,165
CCGCCTACCACAAGTCGGTG_009,55
CCGCCTACCACAAGTCGGTG_010,158
CCGCCTACCACAAGTCGGTG_011,50
CCGCCTACCACAAGTCGGTG_012,133
CCGCCTACCACAAGTCGGTG_013,153
CCGCCTACCACAAGTCGGTG_014,113
CCGCCTACCACAAGTCGGTG_015,2
CCGCCTACCACAAGTCGGTG_016,16
CCGCCTACCACAAGTCGGTG_017,109
CCGCCTACCACAAGTCGGTG_018,156
CCGCCTACCACAAGTCGGTG_019,149
CCGCCTACCACAAGTCGGTG_020,162
CCGCCTACCACAAGTCGGTG_021,102
CCGCCTACCACAAGTCGGTG_022,48
CCGCCTACCACAAGTCGGTG_023,22
CCGCCTACCACAAGTCGGTG_024,28
CCGCCTACCACAAGTCGGTG_025,61
CCGCCTACCACAAGTCGGTG_026,8
CCGCCTACCACAAGTCGGTG_027,162
CCGCCTACCACAAGTCGGTG_028,150
CCGCCTACCACAAGTCGGTG_029,48
CCGCCTACCACAAGTCGGTG_030,44
CCGCCTACCACAAGTCGGTG_031,126
CCGCCTACCACAAGTCGGTG_032,18
CCGCCTACCACAAGTCGGTG_033,64
CCGCCTACCACAAGTCGGTG_034,52
CCGCCTACCACAAGTCGGTG_035,48
CCGCCTACCACAAGTCGGTG_036,168
CCGCCTACCACAAGTCGGTG_037,50
CCGCCTACCACAAGTCGGTG_038,1
ACGCACGTGCAGACTGTGCG_001,132
ACGCACGTGCAGACTGTGCG_002,94
ACGCACGTGCAGACTGTGCG_003,158
ACGCACGTGCAGACTGTGCG_004,132
TGTCATCATAGTTACGCCAG_001,127
TGTCATCATAGTTACGCCAG_002,119
TGTCATCATAGTTACGCCAG_003,57
TGTCATCATAGTTACGCCAG_004,97
TGTCATCATAGTTACGCCAG_005,118
TTAGAAACTGCCATCAACAT_001,81
TTAGAAACTGCCATCAACAT_002,77
TTAGAAACTGCCATCAACAT_003,184
TTAGAAACTGCCATCAACAT_004,172
TTAGAAACTGCCATCAACAT_005,117
TTAGAAACTGCCATCAACAT_006,140
TTAGAAACTGCCATCAACAT_007,108
TTAGAAACTGCCATCAACAT_008,77
TTAGAAACTGCCATCAACAT_009,58
TTAGAAACTGCCATCAACAT_010,185
TTAGAAACTGCCATCAACAT_011,27
TTAGAAACTGCCATCAACAT_012,27
CAAAGAAGAGGCCCTAACCA_001,37
CAAAGAAGAGGCCCTAACCA_002,172
CAAAGAAGAGGCCCTAACCA_003,154
CAAAGAAGAGGCCCTAACCA_004,117
TGGACAGTGACTGCACCACA_001,53
TGGACAGTGACTGCACCACA_002,32
TGGACAGTGACTGCACCACA_003,3
TGGACAGTGACTGCACCACA_004,52
TGGACAGTGACTGCACCACA_005,65
TGGACAGTGACTGCACCACA_006,182
TGGACAGTGACTGCACCACA_007,45
TGGACAGTGACTGCACCACA_008,168
TGGACAGTGACTGCACCACA_009,118
TGGACAGTGACTGCACCACA_010,166
TGGACAGTGACTGCACCACA_011,40
TGGACAGTGACTGCACCACA_012,150
CAGTTCATCCGGCCTCATGG_001,114
CAGTTCATCCGGCCTCATGG_002,157
CAGTTCATCCGGCCTCATGG_003,119
CAGTTCATCCGGCCTCATGG_004,126
CAGTTCATCCGGCCTCATGG_005,74
GTGGCAGCCTCAACCCACGT_001,11
GTGGCAGCCTCAACCCACGT_002,48
GTGGCAGCCTCAACCCACGT_003,147
GTGGCAGCCTCAACCCACGT_004,162
GTGGCAGCCTCAACCCACGT_005,121
GTGGCAGCCTCAACCCACGT_006,24
GTGGCAGCCTCAACCCACGT_007,106
GTGGCAGCCTCAACCCACGT_008,63
GTGGCAGCCTCAACCCACGT_009,161
GTGGCAGCCTCAACCCACGT_010,71
ATAATAAGCTAGAGCCAACG_001,29
ATAATAAGCTAGAGCCAACG_002,173
ATAATAAGCTAGAGCCAACG_003,117
ATAATAAGCTAGAGCCAACG_004,117
ATAATAAGCTAGAGCCAACG_005,117
TAGATTGGCCCCACAAAGCG_001,199
TAGATTGGCCCCACAAAGCG_002,176
TAGATTGGCCCCACAAAGCG_003,55
TAGATTGGCCCCACAAAGCG_004,183
TAGATTGGCCCCACAAAGCG_005,168
TAGATTGGCCCCACAAAGCG_006,145
TAGATTGGCCCCACAAAGCG_007,36
TAGATTGGCCCCACAAAGCG_008,58
TAGATTGGCCCCACAAAGCG_009,16
TAGATTGGCCCCACAAAGCG_010,22
TAGATTGGCCCCACAAAGCG_011,27
TAGATTGGCCCCACAAAGCG_012,124
TAGATTGGCCCCACAAAGCG_013,142
GGTGAGCTGATATGGGCGCA_001,55
GGTGAGCTGATATGGGCGCA_002,138
GGTGAGCTGATATGGGCGCA_003,166
GGTGAGCTGATATGGGCGCA_004,11
GGTGAGCTGATATGGGCGCA_005,96
GGTGAGCTGATATGGGCGCA_006,68
GGTGAGCTGATATGGGCGCA_007,121
GGTGAGCTGATATGGGCGCA_008,179
GGTGAGCTGATATGGGCGCA_009,188
TCGGCCCCCACACCCCCAGG_001,99
TCGGCCCCCACACCCCCAGG_002,160
TCGGCCCCCACACCCCCAGG_003,150
TCGGCCCCCACACCCCCAGG_004,123
TCGGCCCCCACACCCCCAGG_005,94
TCGGCCCCCACACCCCCAGG_006,0
TCGGCCCCCACACCCCCAGG_007,42
TCGGCCCCCACACCCCCAGG_008,43
TCGGCCCCCACACCCCCAGG_009,15
TCGGCCCCCACACCCCCAGG_010,169
TCGGCCCCCACACCCCCAGG_011,131
TCGGCCCCCACACCCCCAGG_012,43
TCGGCCCCCACACCCCCAGG_013,153
TCGGCCCCCACACCCCCAGG_014,19
TCGGCCCCCACACCCCCAGG_015,106
TCGGCCCCCACACCCCCAGG_016,38
TCGGCCCCCACACCCCCAGG_017,75
TCGGCCCCCACACCCCCAGG_018,129
TCGGCCCCCACACCCCCAGG_019,148
TCGGCCCCCACACCCCCAGG_020,182
TCGGCCCCCACACCCCCAGG_021,83
TCGGCCCCCACACCCCCAGG_022,56
TCGGCCCCCACACCCCCAGG_023,68
TCGGCCCCCACACCCCCAGG_024,88
TCGGCCCCCACACCCCCAGG_025,184
TCGGCCCCCACACCCCCAGG_026,161
TCGGCCCCCACACCCCCAGG_027,21
TCGGCCCCCACACCCCCAGG_028,81
TCGGCCCCCACACCCCCAGG_029,169
TCGGCCCCCACACCCCCAGG_030,0
TCGGCCCCCACACCCCCAGG_031,12
TCGGCCCCCACACCCCCAGG_032,170
TCGGCCCCCACACCCCCAGG_033,117
TCGGCCCCCACACCCCCAGG_034,43
TCGGCCCCCACACCCCCAGG_035,60
TCGGCCCCCACACCCCCAGG_036,6
TCGGCCCCCACACCCCCAGG_037,71
TCGGCCCCCACACCCCCAGG_038,52
TCGGCCCCCACACCCCCAGG_039,160
TCGGCCCCCACACCCCCAGG_040,8
TCGGCCCCCACACCCCCAGG_041,55
TCGGCCCCCACACCCCCAGG_042,175
TCGGCCCCCACACCCCCAGG_043,115
TCGGCCCCCACACCCCCAGG_044,96
TCGGCCCCCACACCCCCAGG_045,38
TCGGCCCCCACACCCCCAGG_046,44
TCGGCCCCCACACCCCCAGG_047,56
TCGGCCCCCACACCCCCAGG_048,173
TCGGCCCCCACACCCCCAGG_049,28
TCGGCCCCCACACCCCCAGG_050,103
TCGGCCCCCACACCCCCAGG_051,144
TCGGCCCCCACACCCCCAGG_052,75
TCGGCCCCCACACCCCCAGG_053,161
TCGGCCCCCACACCCCCAGG_054,159
TCGGCCCCCACACCCCCAGG_055,67
TCGGCCCCCACACCCCCAGG_056,129
TCGGCCCCCACACCCCCAGG_057,64
TCGGCCCCCACACCCCCAGG_058,88
TCGGCCCCCACACCCCCAGG_059,106
TCGGCCCCCACACCCCCAGG_060,146
TCGGCCCCCACACCCCCAGG_061,116
TCGGCCCCCACACCCCCAGG_062,162
TCGGCCCCCACACCCCCAGG_063,115
TCGGCCCCCACACCCCCAGG_064,22
TCGGCCCCCACACCCCCAGG_065,75
TCGGCCCCCACACCCCCAGG_066,158
TCGGCCCCCACACCCCCAGG_067,108
TCGGCCCCCACACCCCCAGG_068,144
TCGGCCCCCACACCCCCAGG_069,83
TCGGCCCCCACACCCCCAGG_070,146
TCGGCCCCCACACCCCCAGG_071,173
TCGGCCCCCACACCCCCAGG_072,176
TCGGCCCCCACACCCCCAGG_073,37
TCGGCCCCCACACCCCCAGG_074,175
TCGGCCCCCACACCCCCAGG_075,16
TCGGCCCCCACACCCCCAGG_076,26
TCGGCCCCCACACCCCCAGG_077,182
TCGGCCCCCACACCCCCAGG_078,183
TCGGCCCCCACACCCCCAGG_079,53
TCGGCCCCCACACCCCCAGG_080,43
TCGGCCCCCACACCCCCAGG_081,151
TCGGCCCCCACACCCCCAGG_082,58
TCGGCCCCCACACCCCCAGG_083,63
TCGGCCCCCACACCCCCAGG_084,121
TCGGCCCCCACACCCCCAGG_085,67
TCGGCCCCCACACCCCCAGG_086,116
TCGGCCCCCACACCCCCAGG_087,129
TCGGCCCCCACACCCCCAGG_088,66
TCGGCCCCCACACCCCCAGG_089,80
TCGGCCCCCACACCCCCAGG_090,16
TCGGCCCCCACACCCCCAGG_091,37
TCGGCCCCCACACCCCCAGG_092,185
TCGGCCCCCACACCCCCAGG_093,22
TCGGCCCCCACACCCCCAGG_094,43
TCGGCCCCCACACCCCCAGG_095,164
TCGGCCCCCACACCCCCAGG_096,88
TCGGCCCCCACACCCCCAGG_097,97
TCGGCCCCCACACCCCCAGG_098,44
TCGGCCCCCACACCCCCAGG_099,29
TCGGCCCCCACACCCCCAGG_100,172
TCGGCCCCCACACCCCCAGG_101,87
TCGGCCCCCACACCCCCAGG_102,112
TCGGCCCCCACACCCCCAGG_103,122
TCGGCCCCCACACCCCCAGG_104,195
TCGGCCCCCACACCCCCAGG_105,121
TCGGCCCCCACACCCCCAGG_106,31
TCGGCCCCCACACCCCCAGG_107,194
TCGGCCCCCACACCCCCAGG_108,92
TCGGCCCCCACACCCCCAGG_109,175
TCGGCCCCCACACCCCCAGG_110,163
TCGGCCCCCACACCCCCAGG_111,117
TCGGCCCCCACACCCCCAGG_112,117
TCGGCCCCCACACCCCCAGG_113,179
TCGGCCCCCACACCCCCAGG_114,108
TCGGCCCCCACACCCCCAGG_115,147
TCGGCCCCCACACCCCCAGG_116,158
TCGGCCCCCACACCCCCAGG_117,158
TCGGCCCCCACACCCCCAGG_118,56
TCGGCCCCCACACCCCCAGG_119,184
TCGGCCCCCACACCCCCAGG_120,13
TCGGCCCCCACACCCCCAGG_121,177
TCGGCCCCCACACCCCCAGG_122,113
TCGGCCCCCACACCCCCAGG_123,57
TCGGCCCCCACACCCCCAGG_124,124
TCGGCCCCCACACCCCCAGG_125,131
TCGGCCCCCACACCCCCAGG_126,77
TCGGCCCCCACACCCCCAGG_127,154
TCGGCCCCCACACCCCCAGG_128,48
TCGGCCCCCACACCCCCAGG_129,63
TCGGCCCCCACACCCCCAGG_130,125
TCGGCCCCCACACCCCCAGG_131,147
TCGGCCCCCACACCCCCAGG_132,43
TCGGCCCCCACACCCCCAGG_133,166
TCGGCCCCCACACCCCCAGG_134,136
TCGGCCCCCACACCCCCAGG_135,10
TCGGCCCCCACACCCCCAGG_136,102
TCGGCCCCCACACCCCCAGG_137,175
TCGGCCCCCACACCCCCAGG_138,175
TCGGCCCCCACACCCCCAGG_139,49
TCGGCCCCCACACCCCCAGG_140,37
TCGGCCCCCACACCCCCAGG_141,52
TCGGCCCCCACACCCCCAGG_142,192
TCGGCCCCCACACCCCCAGG_143,78
TCGGCCCCCACACCCCCAGG_144,168
TCGGCCCCCACACCCCCAGG_145,124
TCGGCCCCCACACCCCCAGG_146,48
TCGGCCCCCACACCCCCAGG_147,179
TCGGCCCCCACACCCCCAGG_148,63
TCGGCCCCCACACCCCCAGG_149,74
TCGGCCCCCACACCCCCAGG_150,9
TCGGCCCCCACACCCCCAGG_151,162
TCGGCCCCCACACCCCCAGG_152,62
TCGGCCCCCACACCCCCAGG_153,3
TCGGCCCCCACACCCCCAGG_154,86
TCGGCCCCCACACCCCCAGG_155,28
TCGGCCCCCACACCCCCAGG_156,138
TCGGCCCCCACACCCCCAGG_157,155
TCGGCCCCCACACCCCCAGG_158,166
TCGGCCCCCACACCCCCAGG_159,19
TCGGCCCCCACACCCCCAGG_160,62
TCGGCCCCCACACCCCCAGG_161,81
TCGGCCCCCACACCCCCAGG_162,78
TCGGCCCCCACACCCCCAGG_163,20
TCGGCCCCCACACCCCCAGG_164,179
TCGGCCCCCACACCCCCAGG_165,2
TCGGCCCCCACACCCCCAGG_166,6
TCGGCCCCCACACCCCCAGG_167,199
TCGGCCCCCACACCCCCAGG_168,26
TCGGCCCCCACACCCCCAGG_169,137
TCGGCCCCCACACCCCCAGG_170,94
TCGGCCCCCACACCCCCAGG_171,115
TCGGCCCCCACACCCCCAGG_172,168
TCGGCCCCCACACCCCCAGG_173,74
TCGGCCCCCACACCCCCAGG_174,13
TCGGCCCCCACACCCCCAGG_175,72
TCGGCCCCCACACCCCCAGG_176,3
TCGGCCCCCACACCCCCAGG_177,163
TCGGCCCCCACACCCCCAGG_178,148
TCGGCCCCCACACCCCCAGG_179,98
TCGGCCCCCACACCCCCAGG_180,177
TCGGCCCCCACACCCCCAGG_181,113
TCGGCCCCCACACCCCCAGG_182,81
TCGGCCCCCACACCCCCAGG_183,152
TCGGCCCCCACACCCCCAGG_184,10
TCGGCCCCCACACCCCCAGG_185,62
TCGGCCCCCACACCCCCAGG_186,61
TCGGCCCCCACACCCCCAGG_187,71
TCGGCCCCCACACCCCCAGG_188,118
TCGGCCCCCACACCCCCAGG_189,181
TCGGCCCCCACACCCCCAGG_190,90
ACCACCAGAAATCCTACCAG_001,176
ACCACCAGAAATCCTACCAG_002,82
ACCACCAGAAATCCTACCAG_003,78
ACCACCAGAAATCCTACCAG_004,162
ACCACCAGAAATCCTACCAG_005,127
ACCACCAGAAATCCTACCAG_006,88
ACCACCAGAAATCCTACCAG_007,188
ACCACCAGAAATCCTACCAG_008,178
ACCACCAGAAATCCTACCAG_009,153
ACCACCAGAAATCCTACCAG_010,138
ACCACCAGAAATCCTACCAG_011,34
ACCACCAGAAATCCTACCAG_012,172
ACCACCAGAAATCCTACCAG_013,127
ACCACCAGAAATCCTACCAG_014,15
ACCACCAGAAATCCTACCAG_015,56
ACCACCAGAAATCCTACCAG_016,184
CCCAGAATGACCAGACCGAA_001,171
CCCAGAATGACCAGACCGAA_002,147
CCCAGAATGACCAGACCGAA_003,53
CCCAGAATGACCAGACCGAA_004,63
CCCAGAATGACCAGACCGAA_005,105
CCCAGAATGACCAGACCGAA_006,149
CCCAGAATGACCAGACCGAA_007,134
CCCAGAATGACCAGACCGAA_008,141
CCCAGAATGACCAGACCGAA_009,141
CCCAGAATGACCAGACCGAA_010,75
TTCCGCAAAATAGAGCCCCA_001,151
TTCCGCAAAATAGAGCCCCA_002,89
TTCCGCAAAATAGAGCCCCA_003,99
TTCCGCAAAATAGAGCCCCA_004,72
TTCCGCAAAATAGAGCCCCA_005,58
TTCCGCAAAATAGAGCCCCA_006,111
TTCCGCAAAATAGAGCCCCA_007,19
TTCCGCAAAATAGAGCCCCA_008,168
TTCCGCAAAATAGAGCCCCA_009,127
TTCCGCAAAATAGAGCCCCA_010,53
TTCCGCAAAATAGAGCCCCA_011,77
ACAGGACAGAAACCTTCCCA_001,2
ACAGGACAGAAACCTTCCCA_002,14
AAGTGCAGGTAATTGCTACG_001,139
AAGTGCAGGTAATTGCTACG_002,103
CGATCCAAATTTGAACGCCG_001,189
CGATCCAAATTTGAACGCCG_002,185
CGATCCAAATTTGAACGCCG_003,83
CGATCCAAATTTGAACGCCG_004,188
CGATCCAAATTTGAACGCCG_005,180
CGATCCAAATTTGAACGCCG_006,125
CGATCCAAATTTGAACGCCG_007,125
CTACACGCGTCCTTGCTCAG_001,137
CTACACGCGTCCTTGCTCAG_002,65
CTACACGCGTCCTTGCTCAG_003,139
CTACACGCGTCCTTGCTCAG_004,44
CTACACGCGTCCTTGCTCAG_005,44
CTACACGCGTCCTTGCTCAG_006,12
CTACACGCGTCCTTGCTCAG_007,82
CTACACGCGTCCTTGCTCAG_008,129
CTACACGCGTCCTTGCTCAG_009,149
CTACACGCGTCCTTGCTCAG_010,4
CTACACGCGTCCTTGCTCAG_011,147
CTACACGCGTCCTTGCTCAG_012,9
CTACACGCGTCCTTGCTCAG_013,184
CTACACGCGTCCTTGCTCAG_014,40
CTACACGCGTCCTTGCTCAG_015,169
CTACACGCGTCCTTGCTCAG_016,123
CTACACGCGTCCTTGCTCAG_017,137
CTACACGCGTCCTTGCTCAG_018,113
CTACACGCGTCCTTGCTCAG_019,142
CTGCGGCAAGTTTACTACGG_001,119
CTGCGGCAAGTTTACTACGG_002,38
CTGCGGCAAGTTTACTACGG_003,183
CTGCGGCAAGTTTACTACGG_004,141
CTGCGGCAAGTTTACTACGG_005,151
CTGCGGCAAGTTTACTACGG_006,0
CTGCGGCAAGTTTACTACGG_007,149
CTGCGGCAAGTTTACTACGG_008,94
CTGCGGCAAGTTTACTACGG_009,140
CTGCGGCAAGTTTACTACGG_010,35
CTGCGGCAAGTTTACTACGG_011,1
CTGCGGCAAGTTTACTACGG_012,37
CTGCGGCAAGTTTACTACGG_013,152
CTGCGGCAAGTTTACTACGG_014,41
CTGCGGCAAGTTTACTACGG_015,45
CTGCGGCAAGTTTACTACGG_016,182
CTGCGGCAAGTTTACTACGG_017,166
CTGCGGCAAGTTTACTACGG_018,175
CTGCGGCAAGTTTACTACGG_019,22
GGTGGAAGAGTTCTCCTCAG_001,126
GGTGGAAGAGTTCTCCTCAG_002,170
GGTGGAAGAGTTCTCCTCAG_003,62
GGTGGAAGAGTTCTCCTCAG_004,152
GAGGAGAATCAAGAGCTCCG_001,149
GAGGAGAATCAAGAGCTCCG_002,184
GAGGAGAATCAAGAGCTCCG_003,126
GAGGAGAATCAAGAGCTCCG_004,7
GAGGAGAATCAAGAGCTCCG_005,176
GAGGAGAATCAAGAGCTCCG_006,73
GAGGAGAATCAAGAGCTCCG_007,132
GAGGAGAATCAAGAGCTCCG_008,20
GAGGAGAATCAAGAGCTCCG_009,15
GAGGAGAATCAAGAGCTCCG_010,40
CTCCCAGCGCTCCGACTCCG_001,0
CTCCCAGCGCTCCGACTCCG_002,70
CTCCCAGCGCTCCGACTCCG_003,87
CTCCCAGCGCTCCGACTCCG_004,156
CTCCCAGCGCTCCGACTCCG_005,132
CTCCCAGCGCTCCGACTCCG_006,41
CTCCCAGCGCTCCGACTCCG_007,191
CTCCCAGCGCTCCGACTCCG_008,62
CTCCCAGCGCTCCGACTCCG_009,141
CTCCCAGCGCTCCGACTCCG_010,50
CTCCCAGCGCTCCGACTCCG_011,96
CTCCCAGCGCTCCGACTCCG_012,172
CTCCCAGCGCTCCGACTCCG_013,146
CTCCCAGCGCTCCGACTCCG_014,50
CTCCCAGCGCTCCGACTCCG_015,197
CTCCCAGCGCTCCGACTCCG_016,89
CTCCCAGCGCTCCGACTCCG_017,17
CTCCCAGCGCTCCGACTCCG_018,197
CTCCCAGCGCTCCGACTCCG_019,77
CTCCCAGCGCTCCGACTCCG_020,78
CTCCCAGCGCTCCGACTCCG_021,84
CTCCCAGCGCTCCGACTCCG_022,74
CTCCCAGCGCTCCGACTCCG_023,134
CTCCCAGCGCTCCGACTCCG_024,81
CTCCCAGCGCTCCGACTCCG_025,194
CTCCCAGCGCTCCGACTCCG_026,52
CTCCCAGCGCTCCGACTCCG_027,161
CTCCCAGCGCTCCGACTCCG_028,94
CTCCCAGCGCTCCGACTCCG_029,69
CTCCCAGCGCTCCGACTCCG_030,57
CTCCCAGCGCTCCGACTCCG_031,127
CTCCCAGCGCTCCGACTCCG_032,134
CTCCCAGCGCTCCGACTCCG_033,48
CTCCCAGCGCTCCGACTCCG_034,105
TTTGTAGGTGGAAGATCGAA_001,52
TTTGTAGGTGGAAGATCGAA_002,95
TTTGTAGGTGGAAGATCGAA_003,106
AATGCCCGGACACAATGGAG_001,34
AATGCCCGGACACAATGGAG_002,188
AATGCCCGGACACAATGGAG_003,175
AATGCCCGGACACAATGGAG_004,196
AATGCCCGGACACAATGGAG_005,147
AATGCCCGGACACAATGGAG_006,169
AATGCCCGGACACAATGGAG_007,21
AATGCCCGGACACAATGGAG_008,78
AATGCCCGGACACAATGGAG_009,185
AATGCCCGGACACAATGGAG_010,172
AATGCCCGGACACAATGGAG_011,80
CTCAGCCTATCTCAGTACAA_001,117
CTCAGCCTATCTCAGTACAA_002,22
ACCAGGTTTCTGAACCCTGG_001,4
ACCAGGTTTCTGAACCCTGG_002,75
ACCAGGTTTCTGAACCCTGG_003,82
ACCAGGTTTCTGAACCCTGG_004,20
ACCAGGTTTCTGAACCCTGG_005,85
ACCAGGTTTCTGAACCCTGG_006,94
ACCAGGTTTCTGAACCCTGG_007,118
ACCAGGTTTCTGAACCCTGG_008,26
ACCAGGTTTCTGAACCCTGG_009,17
ACCAGGTTTCTGAACCCTGG_010,63
ACCAGGTTTCTGAACCCTGG_011,79
ACCAGGTTTCTGAACCCTGG_012,98
ACCAGGTTTCTGAACCCTGG_013,58
ACCAGGTTTCTGAACCCTGG_014,77
GTTTGCCGAGAATTTCAGCG_001,132
GTTTGCCGAGAATTTCAGCG_002,6
GTTTGCCGAGAATTTCAGCG_003,193
AGGATCTCGTAGTCCATCAA_001,151
AGGATCTCGTAGTCCATCAA_002,15
AGGATCTCGTAGTCCATCAA_003,68
AGGATCTCGTAGTCCATCAA_004,184
AGGATCTCGTAGTCCATCAA_005,68
AGGATCTCGTAGTCCATCAA_006,26
GGGGTAAATATGAACAGCTG_001,106
GGGGTAAATATGAACAGCTG_002,78
GGGGTAAATATGAACAGCTG_003,58
GGGGTAAATATGAACAGCTG_004,77
GGGGTAAATATGAACAGCTG_005,177
GGGGTAAATATGAACAGCTG_006,124
GGGGTAAATATGAACAGCTG_007,10
TGCCAGGCTACAGATGCACT_001,146
TGCCAGGCTACAGATGCACT_002,192
TGCCAGGCTACAGATGCACT_003,100
TGCCAGGCTACAGATGCACT_004,0
TGCCAGGCTACAGATGCACT_005,130
TGCCAGGCTACAGATGCACT_006,126
TGCCAGGCTACAGATGCACT_007,136
TGCCAGGCTACAGATGCACT_008,35
TGCCAGGCTACAGATGCACT_009,97
GTGCTCCCTGGACGCACGGG_001,78
GTGCTCCCTGGACGCACGGG_002,80
GTGCTCCCTGGACGCACGGG_003,101
GTGCTCCCTGGACGCACGGG_004,160
GTGCTCCCTGGACGCACGGG_005,32
GTGCTCCCTGGACGCACGGG_006,76
GTGCTCCCTGGACGCACGGG_007,172
GTGCTCCCTGGACGCACGGG_008,52
GTGCTCCCTGGACGCACGGG_009,29
GTGCTCCCTGGACGCACGGG_010,125
GTGCTCCCTGGACGCACGGG_011,92
CTTGACATGTGGCGACAGCA_001,172
CTTGACATGTGGCGACAGCA_002,187
CTTGACATGTGGCGACAGCA_003,78
CTTGACATGTGGCGACAGCA_004,62
CTTGACATGTGGCGACAGCA_005,92
CTTGACATGTGGCGACAGCA_006,175
CTTGACATGTGGCGACAGCA_007,127
CTTGACATGTGGCGACAGCA_008,116
CTTGACATGTGGCGACAGCA_009,98
CTTGACATGTGGCGACAGCA_010,33
CTTGACATGTGGCGACAGCA_011,192
CTTGACATGTGGCGACAGCA_012,38
CTTGACATGTGGCGACAGCA_013,88
CTTGACATGTGGCGACAGCA_014,147
CTTGACATGTGGCGACAGCA_015,82
CTTGACATGTGGCGACAGCA_016,161
CTTGACATGTGGCGACAGCA_017,19
CTTGACATGTGGCGACAGCA_018,175
CTTGACATGTGGCGACAGCA_019,39
CTTGACATGTGGCGACAGCA_020,25
CTTGACATGTGGCGACAGCA_021,113
ATGAACAGGATCCACCACGA_001,176
ATGAACAGGATCCACCACGA_002,67
ATGAACAGGATCCACCACGA_003,184
ATGAACAGGATCCACCACGA_004,137
ATGAACAGGATCCACCACGA_005,107
ATGAACAGGATCCACCACGA_006,94
ATGAACAGGATCCACCACGA_007,184
ATGAACAGGATCCACCACGA_008,149
ATGAACAGGATCCACCACGA_009,25
ATGAACAGGATCCACCACGA_010,137
ATGAACAGGATCCACCACGA_011,106
ATGAACAGGATCCACCACGA_012,160
ATGAACAGGATCCACCACGA_013,9
ATGAACAGGATCCACCACGA_014,172
ATGAACAGGATCCACCACGA_015,186
ATGAACAGGATCCACCACGA_016,28
ATGAACAGGATCCACCACGA_017,15
CCAATGTTGGGTGCATGACT_001,81
CCAATGTTGGGTGCATGACT_002,182
CCAATGTTGGGTGCATGACT_003,134
CCAATGTTGGGTGCATGACT_004,54
CCAATGTTGGGTGCATGACT_005,172
CCAATGTTGGGTGCATGACT_006,147
CCAATGTTGGGTGCATGACT_007,145
CCAATGTTGGGTGCATGACT_008,33
CCAATGTTGGGTGCATGACT_009,24
CCAATGTTGGGTGCATGACT_010,154
CCAATGTTGGGTGCATGACT_011,40
CCAATGTTGGGTGCATGACT_012,184
CCAATGTTGGGTGCATGACT_013,133
GAATTACATCAACTTTCCGG_001,186
GAATTACATCAACTTTCCGG_002,83
GAATTACATCAACTTTCCGG_003,107
GATCTCATGAAAGTAGCATG_001,29
GATCTCATGAAAGTAGCATG_002,83
GATCTCATGAAAGTAGCATG_003,77
GATCTCATGAAAGTAGCATG_004,75
GATCTCATGAAAGTAGCATG_005,91
GATCTCATGAAAGTAGCATG_006,92
GATCTCATGAAAGTAGCATG_007,15
GATCTCATGAAAGTAGCATG_008,147
GATCTCATGAAAGTAGCATG_009,1
GATCTCATGAAAGTAGCATG_010,3
GATCTCATGAAAGTAGCATG_011,130
TGTGACCAAAACACCCCCAA_001,4
TGTGACCAAAACACCCCCAA_002,98
TGTGACCAAAACACCCCCAA_003,72
TGTGACCAAAACACCCCCAA_004,155
TGTGACCAAAACACCCCCAA_005,177
TGTGACCAAAACACCCCCAA_006,76
TGTGACCAAAACACCCCCAA_007,12
TGTGACCAAAACACCCCCAA_008,162
TGTGACCAAAACACCCCCAA_009,162
TGTGACCAAAACACCCCCAA_010,118
TGTGACCAAAACACCCCCAA_011,182
TGTGACCAAAACACCCCCAA_012,75
TCGGACCGCATGACGCATTG_001,4
TCGGACCGCATGACGCATTG_002,119
TCGGACCGCATGACGCATTG_003,182
TCGGACCGCATGACGCATTG_004,178
TCGGACCGCATGACGCATTG_005,80
TCGGACCGCATGACGCATTG_006,63
TCGGACCGCATGACGCATTG_007,150
CAGGTGCATCTAACTGTGCA_001,107
AAGCCGCAACTGGATTTCAG_001,0
AAGCCGCAACTGGATTTCAG_002,119
AAGCCGCAACTGGATTTCAG_003,142
AAGCCGCAACTGGATTTCAG_004,106
AAGCCGCAACTGGATTTCAG_005,166
AAGCCGCAACTGGATTTCAG_006,130
AAGCCGCAACTGGATTTCAG_007,17
AAGCCGCAACTGGATTTCAG_008,105
AAGCCGCAACTGGATTTCAG_009,12
AAGCCGCAACTGGATTTCAG_010,127
AAGCCGCAACTGGATTTCAG_011,121
AAGCCGCAACTGGATTTCAG_012,192
AAGCCGCAACTGGATTTCAG_013,178
AAGCCGCAACTGGATTTCAG_014,161
AAGCCGCAACTGGATTTCAG_015,185
AAGCCGCAACTGGATTTCAG_016,96
AAGCCGCAACTGGATTTCAG_017,44
AAGCCGCAACTGGATTTCAG_018,82
AAGCCGCAACTGGATTTCAG_019,141
AAGCCGCAACTGGATTTCAG_020,115
AAGCCGCAACTGGATTTCAG_021,108
AAGCCGCAACTGGATTTCAG_022,163
AAGCCGCAACTGGATTTCAG_023,190
AAGCCGCAACTGGATTTCAG_024,145
AAGCCGCAACTGGATTTCAG_025,38
AAGCCGCAACTGGATTTCAG_026,134
AAGCCGCAACTGGATTTCAG_027,127
AAGCCGCAACTGGATTTCAG_028,127
AAGCCGCAACTGGATTTCAG_029,50
AAGCCGCAACTGGATTTCAG_030,80
AAGCCGCAACTGGATTTCAG_031,121
AAGCCGCAACTGGATTTCAG_032,90
AAGCCGCAACTGGATTTCAG_033,174
GCTGGAAGATCTACTGGCCA_001,105
GCTGGAAGATCTACTGGCCA_002,127
GCTGGAAGATCTACTGGCCA_003,15
GCTGGAAGATCTACTGGCCA_004,194
GCTGGAAGATCTACTGGCCA_005,174
GCTGGAAGATCTACTGGCCA_006,174
GCTGGAAGATCTACTGGCCA_007,69
GCTGGAAGATCTACTGGCCA_008,124
GCTGGAAGATCTACTGGCCA_009,128
TCATTGAGTATGCATACACC_001,155
TGTGATAGGCAATCTTCAAG_001,187
TGTGATAGGCAATCTTCAAG_002,77
TGTGATAGGCAATCTTCAAG_003,76
GGTAAGGTGTGATGCGTGAG_001,15
GGTAAGGTGTGATGCGTGAG_002,194
GCATGTGCACTGATAGGCCA_001,139
GCATGTGCACTGATAGGCCA_002,16
GCATGTGCACTGATAGGCCA_003,2
GCATGTGCACTGATAGGCCA_004,32
GCATGTGCACTGATAGGCCA_005,159
GCATGTGCACTGATAGGCCA_006,90
AACAGCACTTAGATTCCCAT_001,176
AACAGCACTTAGATTCCCAT_002,160
AACAGCACTTAGATTCCCAT_003,1
AACAGCACTTAGATTCCCAT_004,191
AACAGCACTTAGATTCCCAT_005,32
AACAGCACTTAGATTCCCAT_006,10
AACAGCACTTAGATTCCCAT_007,147
AACAGCACTTAGATTCCCAT_008,126
AACAGCACTTAGATTCCCAT_009,136
AACAGCACTTAGATTCCCAT_010,141
AACAGCACTTAGATTCCCAT_011,127
AACAGCACTTAGATTCCCAT_012,126
AACAGCACTTAGATTCCCAT_013,16
AACAGCACTTAGATTCCCAT_014,29
AACAGCACTTAGATTCCCAT_015,74
AACAGCACTTAGATTCCCAT_016,142
AACAGCACTTAGATTCCCAT_017,27
AACAGCACTTAGATTCCCAT_018,115
AACAGCACTTAGATTCCCAT_019,151
AACAGCACTTAGATTCCCAT_020,112
AACAGCACTTAGATTCCCAT_021,10
AACAGCACTTAGATTCCCAT_022,137
AACAGCACTTAGATTCCCAT_023,77
AACAGCACTTAGATTCCCAT_024,68
AACAGCACTTAGATTCCCAT_025,129
CCACATCCAAGCGAGAACAA_001,5
CCACATCCAAGCGAGAACAA_002,29
CCACATCCAAGCGAGAACAA_003,84
CCACATCCAAGCGAGAACAA_004,20
CCACATCCAAGCGAGAACAA_005,94
TGTGATAAAAGCCCCCACAT_001,97
TGTGATAAAAGCCCCCACAT_002,155
TGTGATAAAAGCCCCCACAT_003,50
TGTGATAAAAGCCCCCACAT_004,29
TGTGATAAAAGCCCCCACAT_005,150
TGTGATAAAAGCCCCCACAT_006,84
ATAAATCTAATAACTCTACA_001,69
ATTCTGATAGGCCGTAACTG_001,94
ATTCTGATAGGCCGTAACTG_002,68
ATTCTGATAGGCCGTAACTG_003,127
ATTCTGATAGGCCGTAACTG_004,114
ATTCTGATAGGCCGTAACTG_005,198
ATTCTGATAGGCCGTAACTG_006,161
ATTCTGATAGGCCGTAACTG_007,197
ATTCTGATAGGCCGTAACTG_008,9
ATTCTGATAGGCCGTAACTG_009,21
ATTCTGATAGGCCGTAACTG_010,102
ATTCTGATAGGCCGTAACTG_011,70
ATTCTGATAGGCCGTAACTG_012,33
ATTCTGATAGGCCGTAACTG_013,101
ATTCTGATAGGCCGTAACTG_014,31
ATTCTGATAGGCCGTAACTG_015,103
ATTCTGATAGGCCGTAACTG_016,166
ATTCTGATAGGCCGTAACTG_017,78
ATTCTGATAGGCCGTAACTG_018,63
AAATCTCCAGACGTTCTAGA_001,172
AAATCTCCAGACGTTCTAGA_002,97
AAATCTCCAGACGTTCTAGA_003,117
AAATCTCCAGACGTTCTAGA_004,95
AAATCTCCAGACGTTCTAGA_005,95
AAATCTCCAGACGTTCTAGA_006,15
AAATCTCCAGACGTTCTAGA_007,123
AAATCTCCAGACGTTCTAGA_008,197
AAATCTCCAGACGTTCTAGA_009,164
AGAGCATTATGGGCAGACAG_001,31
AGAGCATTATGGGCAGACAG_002,197
AGAGCATTATGGGCAGACAG_003,182
AGAGCATTATGGGCAGACAG_004,62
AGAGCATTATGGGCAGACAG_005,197
AGAGCATTATGGGCAGACAG_006,74
AGAGCATTATGGGCAGACAG_007,29
AGAGCATTATGGGCAGACAG_008,53
AGAGCATTATGGGCAGACAG_009,117
AGAGCATTATGGGCAGACAG_010,60
AGAGCATTATGGGCAGACAG_011,156
AGAGCATTATGGGCAGACAG_012,62
AGAGCATTATGGGCAGACAG_013,14
AGAGCATTATGGGCAGACAG_014,27
AGAGCATTATGGGCAGACAG_015,190
AGAGCATTATGGGCAGACAG_016,82
AGAGCATTATGGGCAGACAG_017,41
AGAGCATTATGGGCAGACAG_018,52
AGAGCATTATGGGCAGACAG_019,36
AGAGCATTATGGGCAGACAG_020,178
AGAGCATTATGGGCAGACAG_021,88
AGAGCATTATGGGCAGACAG_022,120
AGAGCATTATGGGCAGACAG_023,49
AGAGCATTATGGGCAGACAG_024,52
AGAGCATTATGGGCAGACAG_025,88
AGAGCATTATGGGCAGACAG_026,56
AGAGCATTATGGGCAGACAG_027,102
AGAGCATTATGGGCAGACAG_028,58
AGAGCATTATGGGCAGACAG_029,134
AGAGCATTATGGGCAGACAG_030,85
AGAGCATTATGGGCAGACAG_031,122
AGAGCATTATGGGCAGACAG_032,115
AGAGCATTATGGGCAGACAG_033,115
AGAGCATTATGGGCAGACAG_034,102
AGAGCATTATGGGCAGACAG_035,141
AGAGCATTATGGGCAGACAG_036,80
AGAGCATTATGGGCAGACAG_037,38
AGAGCATTATGGGCAGACAG_038,82
AGAGCATTATGGGCAGACAG_039,148
AGAGCATTATGGGCAGACAG_040,27
AGAGCATTATGGGCAGACAG_041,88
AGAGCATTATGGGCAGACAG_042,2
CATCAAAGGAGCGGATCGAG_001,195
CATCAAAGGAGCGGATCGAG_002,59
GTTGACGCCCATGGCATATG_001,132
GTTGACGCCCATGGCATATG_002,78
GTTGACGCCCATGGCATATG_003,134
GTTGACGCCCATGGCATATG_004,147
GTTGACGCCCATGGCATATG_005,37
GTTGACGCCCATGGCATATG_006,49
GTTGACGCCCATGGCATATG_007,144
TAGAATTTGACCAAAGGCAC_001,55
TAGAATTTGACCAAAGGCAC_002,181
TAGAATTTGACCAAAGGCAC_003,116
TAGAATTTGACCAAAGGCAC_004,19
TAGAATTTGACCAAAGGCAC_005,58
TAGAATTTGACCAAAGGCAC_006,9
TAGAATTTGACCAAAGGCAC_007,150
TAGAATTTGACCAAAGGCAC_008,95
TAGAATTTGACCAAAGGCAC_009,48
TAGAATTTGACCAAAGGCAC_010,94
TAGAATTTGACCAAAGGCAC_011,191
TAGAATTTGACCAAAGGCAC_012,95
TAGAATTTGACCAAAGGCAC_013,31
TAGAATTTGACCAAAGGCAC_014,54
TAGAATTTGACCAAAGGCAC_015,132
TAGAATTTGACCAAAGGCAC_016,53
TAGAATTTGACCAAAGGCAC_017,193
TAGAATTTGACCAAAGGCAC_018,130
TGGAAAACTGAAGAGCCATG_001,17
TGGAAAACTGAAGAGCCATG_002,85
TGGAAAACTGAAGAGCCATG_003,119
TGGAAAACTGAAGAGCCATG_004,39
TGGAAAACTGAAGAGCCATG_005,180
TGGAAAACTGAAGAGCCATG_006,72
AGCAGTGCTCGAAGATTGGG_001,58
AGCAGTGCTCGAAGATTGGG_002,172
AGCAGTGCTCGAAGATTGGG_003,199
AGCAGTGCTCGAAGATTGGG_004,130
AGCAGTGCTCGAAGATTGGG_005,159
AGCAGTGCTCGAAGATTGGG_006,6
AGCAGTGCTCGAAGATTGGG_007,111
AGCAGTGCTCGAAGATTGGG_008,111
AGCAGTGCTCGAAGATTGGG_009,169
AGCAGTGCTCGAAGATTGGG_010,146
AGCAGTGCTCGAAGATTGGG_011,45
AGCAGTGCTCGAAGATTGGG_012,197
AGCAGTGCTCGAAGATTGGG_013,62
AGCAGTGCTCGAAGATTGGG_014,149
AGCAGTGCTCGAAGATTGGG_015,133
AGCAGTGCTCGAAGATTGGG_016,98
AGCAGTGCTCGAAGATTGGG_017,190
AGCAGTGCTCGAAGATTGGG_018,43
AGCAGTGCTCGAAGATTGGG_019,41
AGCAGTGCTCGAAGATTGGG_020,8
AGCAGTGCTCGAAGATTGGG_021,147
AGCAGTGCTCGAAGATTGGG_022,145
AGCAGTGCTCGAAGATTGGG_023,181
AGCAGTGCTCGAAGATTGGG_024,50
AGCAGTGCTCGAAGATTGGG_025,172
AGCAGTGCTCGAAGATTGGG_026,130
AGCAGTGCTCGAAGATTGGG_027,168
AGCAGTGCTCGAAGATTGGG_028,34
AGCAGTGCTCGAAGATTGGG_029,138
AGCAGTGCTCGAAGATTGGG_030,29
AGCAGTGCTCGAAGATTGGG_031,2
ACATGTGAAGGGTCGTAGAG_001,11
ACATGTGAAGGGTCGTAGAG_002,77
ACATGTGAAGGGTCGTAGAG_003,184
ACATGTGAAGGGTCGTAGAG_004,7
ACATGTGAAGGGTCGTAGAG_005,121
ACATGTGAAGGGTCGTAGAG_006,26
ACATGTGAAGGGTCGTAGAG_007,2
ACATGTGAAGGGTCGTAGAG_008,47
ACATGTGAAGGGTCGTAGAG_009,68
ACATGTGAAGGGTCGTAGAG_010,65
ACATGTGAAGGGTCGTAGAG_011,182
ACATGTGAAGGGTCGTAGAG_012,77
ACATGTGAAGGGTCGTAGAG_013,166
ACATGTGAAGGGTCGTAGAG_014,108
ACATGTGAAGGGTCGTAGAG_015,76
ACATGTGAAGGGTCGTAGAG_016,8
ACATGTGAAGGGTCGTAGAG_017,166
GTACCCACCGTCCGTGACTG_001,163
GTACCCACCGTCCGTGACTG_002,31
GTACCCACCGTCCGTGACTG_003,174
GTACCCACCGTCCGTGACTG_004,170
GTACCCACCGTCCGTGACTG_005,70
GTACCCACCGTCCGTGACTG_006,136
GTACCCACCGTCCGTGACTG_007,84
GTACCCACCGTCCGTGACTG_008,28
AGCAAGAAAACACCATGCTG_001,81
AGCAAGAAAACACCATGCTG_002,117
AGCAAGAAAACACCATGCTG_003,27
AGCAAGAAAACACCATGCTG_004,102
AGCAAGAAAACACCATGCTG_005,67
AGCAAGAAAACACCATGCTG_006,47
AGCAAGAAAACACCATGCTG_007,70
AGCAAGAAAACACCATGCTG_008,198
AGCAAGAAAACACCATGCTG_009,169
AGCAAGAAAACACCATGCTG_010,144
AGCAAGAAAACACCATGCTG_011,182
AGCAAGAAAACACCATGCTG_012,191
AGCAAGAAAACACCATGCTG_013,199
AGCAAGAAAACACCATGCTG_014,168
AGCAAGAAAACACCATGCTG_015,2
AGCAAGAAAACACCATGCTG_016,49
AGCAAGAAAACACCATGCTG_017,147
AGCAAGAAAACACCATGCTG_018,133
AGCAAGAAAACACCATGCTG_019,147
AGCAAGAAAACACCATGCTG_020,126
AGCAAGAAAACACCATGCTG_021,42
AGGAGTCATGGTGAGCACCT_001,190
AGGAGTCATGGTGAGCACCT_002,189
AGGAGTCATGGTGAGCACCT_003,34
AGGAGTCATGGTGAGCACCT_004,34
AGGAGTCATGGTGAGCACCT_005,16
AGGAGTCATGGTGAGCACCT_006,88
AGGAGTCATGGTGAGCACCT_007,127
AGGAGTCATGGTGAGCACCT_008,191
AGGAGTCATGGTGAGCACCT_009,8
AGGAGTCATGGTGAGCACCT_010,118
AGGAGTCATGGTGAGCACCT_011,114
AGGAGTCATGGTGAGCACCT_012,114
AGGAGTCATGGTGAGCACCT_013,148
AGGAGTCATGGTGAGCACCT_014,48
AGGAGTCATGGTGAGCACCT_015,165
AGGAGTCATGGTGAGCACCT_016,124
AGGAGTCATGGTGAGCACCT_017,43
AGGAGTCATGGTGAGCACCT_018,98
AGGAGTCATGGTGAGCACCT_019,16
AGGAGTCATGGTGAGCACCT_020,20
AGGAGTCATGGTGAGCACCT_021,33
AGGAGTCATGGTGAGCACCT_022,147
AGGAGTCATGGTGAGCACCT_023,171
AGGAGTCATGGTGAGCACCT_024,185
AGGAGTCATGGTGAGCACCT_025,122
AGGAGTCATGGTGAGCACCT_026,148
AGGAGTCATGGTGAGCACCT_027,46
AGGAGTCATGGTGAGCACCT_028,118
AGGAGTCATGGTGAGCACCT_029,104
AGGAGTCATGGTGAGCACCT_030,166
GCAGATGTGTTCGTGAACGT_001,121
GCAGATGTGTTCGTGAACGT_002,17
GCAGATGTGTTCGTGAACGT_003,88
CCACACCCACTGATGCCGAA_001,124
CCACACCCACTGATGCCGAA_002,151
CCACACCCACTGATGCCGAA_003,110
CCACACCCACTGATGCCGAA_004,76
CCACACCCACTGATGCCGAA_005,127
CCACACCCACTGATGCCGAA_006,76
AACTCTAAAAAAGAACCGAG_001,107
AACTCTAAAAAAGAACCGAG_002,55
AACTCTAAAAAAGAACCGAG_003,165
AACTCTAAAAAAGAACCGAG_004,138
AACTCTAAAAAAGAACCGAG_005,153
AACTCTAAAAAAGAACCGAG_006,12
AACTCTAAAAAAGAACCGAG_007,12
AACTCTAAAAAAGAACCGAG_008,127
AACTCTAAAAAAGAACCGAG_009,80
AACTCTAAAAAAGAACCGAG_010,6
AACTCTAAAAAAGAACCGAG_011,15
AACTCTAAAAAAGAACCGAG_012,191
AACTCTAAAAAAGAACCGAG_013,22
AACTCTAAAAAAGAACCGAG_014,177
AGCAGCCGCAACACGCCCAG_001,185
AGCAGCCGCAACACGCCCAG_002,150
AGCAGCCGCAACACGCCCAG_003,15
AGCAGCCGCAACACGCCCAG_004,121
AGCAGCCGCAACACGCCCAG_005,140
AGCAGCCGCAACACGCCCAG_006,168
AGCAGCCGCAACACGCCCAG_007,137
AGCAGCCGCAACACGCCCAG_008,183
AGCAGCCGCAACACGCCCAG_009,132
AGCAGCCGCAACACGCCCAG_010,163
AGCAGCCGCAACACGCCCAG_011,112
AGCAGCCGCAACACGCCCAG_012,165
AGCAGCCGCAACACGCCCAG_013,132
AGCAGCCGCAACACGCCCAG_014,18
AGCAGCCGCAACACGCCCAG_015,139
AGCAGCCGCAACACGCCCAG_016,58
AGCAGCCGCAACACGCCCAG_017,76
AGCAGCCGCAACACGCCCAG_018,185
AGCAGCCGCAACACGCCCAG_019,21
AGCAGCCGCAACACGCCCAG_020,151
AGCAGCCGCAACACGCCCAG_021,59
AGCAGCCGCAACACGCCCAG_022,27
AGCAGCCGCAACACGCCCAG_023,111
AGCAGCCGCAACACGCCCAG_024,196
AGCAGCCGCAACACGCCCAG_025,150
AGCAGCCGCAACACGCCCAG_026,104
AGCAGCCGCAACACGCCCAG_027,56
AGCAGCCGCAACACGCCCAG_028,169
AGCAGCCGCAACACGCCCAG_029,83
AGCAGCCGCAACACGCCCAG_030,76
AGCAGCCGCAACACGCCCAG_031,74
AGCAGCCGCAACACGCCCAG_032,50
AGCAGCCGCAACACGCCCAG_033,168
AGCAGCCGCAACACGCCCAG_034,135
AGCAGCCGCAACACGCCCAG_035,186
AGCAGCCGCAACACGCCCAG_036,185
AGCAGCCGCAACACGCCCAG_037,103
AGCAGCCGCAACACGCCCAG_038,61
AGCAGCCGCAACACGCCCAG_039,174
AGCAGCCGCAACACGCCCAG_040,88
AGCAGCCGCAACACGCCCAG_041,166
AGCAGCCGCAACACGCCCAG_042,159
AGCAGCCGCAACACGCCCAG_043,147
AGCAGCCGCAACACGCCCAG_044,169
AGCAGCCGCAACACGCCCAG_045,44
AGCAGCCGCAACACGCCCAG_046,49
AGCAGCCGCAACACGCCCAG_047,44
AGCAGCCGCAACACGCCCAG_048,171
AGCAGCCGCAACACGCCCAG_049,140
AGCAGCCGCAACACGCCCAG_050,48
AGCAGCCGCAACACGCCCAG_051,12
AGCAGCCGCAACACGCCCAG_052,7
AGCAGCCGCAACACGCCCAG_053,175
AGCAGCCGCAACACGCCCAG_054,171
AGCAGCCGCAACACGCCCAG_055,157
AGCAGCCGCAACACGCCCAG_056,115
AGCAGCCGCAACACGCCCAG_057,49
AGCAGCCGCAACACGCCCAG_058,33
AGCAGCCGCAACACGCCCAG_059,183
AGCAGCCGCAACACGCCCAG_060,127
AGCAGCCGCAACACGCCCAG_061,197
AGCAGCCGCAACACGCCCAG_062,81
AGCAGCCGCAACACGCCCAG_063,46
AGCAGCCGCAACACGCCCAG_064,108
AGCAGCCGCAACACGCCCAG_065,108
GGTAGTGTTGACATTCGCAG_001,29
GGTAGTGTTGACATTCGCAG_002,154
GGTAGTGTTGACATTCGCAG_003,105
GGTAGTGTTGACATTCGCAG_004,49
GGTAGTGTTGACATTCGCAG_005,50
GGTAGTGTTGACATTCGCAG_006,1
GGTAGTGTTGACATTCGCAG_007,138
GGTAGTGTTGACATTCGCAG_008,34
GATCAAAATGAGGTCAACCA_001,8
GATCAAAATGAGGTCAACCA_002,36
GATCAAAATGAGGTCAACCA_003,105
GATCAAAATGAGGTCAACCA_004,26
GATCAAAATGAGGTCAACCA_005,81
GATCAAAATGAGGTCAACCA_006,157
GATCAAAATGAGGTCAACCA_007,118
AAGGCACGCAAGGTGCACTG_001,174
AAGGCACGCAAGGTGCACTG_002,49
AAGGCACGCAAGGTGCACTG_003,89
AAGGCACGCAAGGTGCACTG_004,127
AAGGCACGCAAGGTGCACTG_005,53
AAGGCACGCAAGGTGCACTG_006,105
AAGGCACGCAAGGTGCACTG_007,170
AAGGCACGCAAGGTGCACTG_008,2
AAGGCACGCAAGGTGCACTG_009,104
AAGGCACGCAAGGTGCACTG_010,130
AAGGCACGCAAGGTGCACTG_011,4
AAGGCACGCAAGGTGCACTG_012,8
AAGGCACGCAAGGTGCACTG_013,146
AAGGCACGCAAGGTGCACTG_014,52
AAGGCACGCAAGGTGCACTG_015,115
AAGGCACGCAAGGTGCACTG_016,20
AAGGCACGCAAGGTGCACTG_017,193
AAGGCACGCAAGGTGCACTG_018,120
AAGGCACGCAAGGTGCACTG_019,49
AAGGCACGCAAGGTGCACTG_020,105
AAGGCACGCAAGGTGCACTG_021,52
AAGGCACGCAAGGTGCACTG_022,151
AAGGCACGCAAGGTGCACTG_023,6
AAGGCACGCAAGGTGCACTG_024,133
AAGGCACGCAAGGTGCACTG_025,162
AAGGCACGCAAGGTGCACTG_026,8
AAGGCACGCAAGGTGCACTG_027,52
AAGGCACGCAAGGTGCACTG_028,132
AAGGCACGCAAGGTGCACTG_029,14
AAGGCACGCAAGGTGCACTG_030,49
AAGGCACGCAAGGTGCACTG_031,115
AAGGCACGCAAGGTGCACTG_032,79
AAGGCACGCAAGGTGCACTG_033,68
AAGGCACGCAAGGTGCACTG_034,174
AGAGAATGAACCAACAGTTG_001,172
AGAGAATGAACCAACAGTTG_002,197
CCGGTCCGCGCCGACCCTTG_001,27
CCGGTCCGCGCCGACCCTTG_002,41
CCGGTCCGCGCCGACCCTTG_003,15
CCGGTCCGCGCCGACCCTTG_004,93
CCGGTCCGCGCCGACCCTTG_005,9
CCGGTCCGCGCCGACCCTTG_006,194
CCGGTCCGCGCCGACCCTTG_007,189
CCGGTCCGCGCCGACCCTTG_008,8
CCGGTCCGCGCCGACCCTTG_009,102
CCGGTCCGCGCCGACCCTTG_010,196
CCGGTCCGCGCCGACCCTTG_011,168
CCGGTCCGCGCCGACCCTTG_012,149
CCGGTCCGCGCCGACCCTTG_013,80
CCGGTCCGCGCCGACCCTTG_014,105
CCGGTCCGCGCCGACCCTTG_015,40
CCGGTCCGCGCCGACCCTTG_016,152
CCGGTCCGCGCCGACCCTTG_017,126
CCGGTCCGCGCCGACCCTTG_018,66
CCGGTCCGCGCCGACCCTTG_019,83
CCGGTCCGCGCCGACCCTTG_020,150
CCGGTCCGCGCCGACCCTTG_021,179
CTTCCCTGCATCTCTGAAAC_001,77
CTTCCCTGCATCTCTGAAAC_002,147
CTTCCCTGCATCTCTGAAAC_003,94
CTTCCCTGCATCTCTGAAAC_004,1
CTTCCCTGCATCTCTGAAAC_005,126
CTTCCCTGCATCTCTGAAAC_006,169
GAATGGAATGATCTCCCACC_001,162
GAATGGAATGATCTCCCACC_002,28
GCACAGGGAATGTTAACGAA_001,15
GCACAGGGAATGTTAACGAA_002,170
GCACAGGGAATGTTAACGAA_003,141
GCACAGGGAATGTTAACGAA_004,152
GCACAGGGAATGTTAACGAA_005,39
GCACAGGGAATGTTAACGAA_006,79
ATAAATACTACTAAGGCACA_001,158
ATAAATACTACTAAGGCACA_002,175
ATTTGTAATTAGCCTGAAGC_001,152
TCGACGGGAACAACGCAGGG_001,118
TCGACGGGAACAACGCAGGG_002,91
TCGACGGGAACAACGCAGGG_003,33
TCGACGGGAACAACGCAGGG_004,102
TCGACGGGAACAACGCAGGG_005,70
TCGACGGGAACAACGCAGGG_006,160
TCGACGGGAACAACGCAGGG_007,47
TCGACGGGAACAACGCAGGG_008,94
TCGACGGGAACAACGCAGGG_009,147
TCGACGGGAACAACGCAGGG_010,95
TCGACGGGAACAACGCAGGG_011,142
TCGACGGGAACAACGCAGGG_012,13
TCGACGGGAACAACGCAGGG_013,110
TCGACGGGAACAACGCAGGG_014,146
TCGACGGGAACAACGCAGGG_015,145
TCGACGGGAACAACGCAGGG_016,38
TCGACGGGAACAACGCAGGG_017,25
TCGACGGGAACAACGCAGGG_018,42
TCGACGGGAACAACGCAGGG_019,68
TCGACGGGAACAACGCAGGG_020,109
TCGACGGGAACAACGCAGGG_021,101
TCGACGGGAACAACGCAGGG_022,181
TCGACGGGAACAACGCAGGG_023,198
TCGACGGGAACAACGCAGGG_024,185
TCGACGGGAACAACGCAGGG_025,134
TCGACGGGAACAACGCAGGG_026,2
TGTCCCTAAATGCCCCCAAA_001,76
TGTCCCTAAATGCCCCCAAA_002,83
TGTCCCTAAATGCCCCCAAA_003,191
TGTCCCTAAATGCCCCCAAA_004,191
TGTCCCTAAATGCCCCCAAA_005,171
TCAAATCGCTGACTTACCTA_001,94
TCAAATCGCTGACTTACCTA_002,102
GGGGGGATGGCAATAAATGA_001,97
GGGGGGATGGCAATAAATGA_002,69
GGGGGGATGGCAATAAATGA_003,53
GGGGGGATGGCAATAAATGA_004,140
GGGGGGATGGCAATAAATGA_005,104
GGGGGGATGGCAATAAATGA_006,174
ATAAATTACCTTGACTGTGT_001,77
ATAAATTACCTTGACTGTGT_002,10
ATAAATTACCTTGACTGTGT_003,58
CATCATCAGGTCGCACGTGA_001,147
CATCATCAGGTCGCACGTGA_002,171
CATCATCAGGTCGCACGTGA_003,141
CATCATCAGGTCGCACGTGA_004,121
CATCATCAGGTCGCACGTGA_005,16
CATCATCAGGTCGCACGTGA_006,130
CATCATCAGGTCGCACGTGA_007,40
CATCATCAGGTCGCACGTGA_008,162
CATCATCAGGTCGCACGTGA_009,1
CATCATCAGGTCGCACGTGA_010,137
CATCATCAGGTCGCACGTGA_011,136
CGTATCAAGATGTCAGGATG_001,47
CGTATCAAGATGTCAGGATG_002,108
CGTATCAAGATGTCAGGATG_003,182
CGTATCAAGATGTCAGGATG_004,51
CGTATCAAGATGTCAGGATG_005,193
CTACCAATGGAACGGAGACC_001,183
CTACCAATGGAACGGAGACC_002,137
CTACCAATGGAACGGAGACC_003,120
CTACCAATGGAACGGAGACC_004,107
CTACCAATGGAACGGAGACC_005,42
CTACCAATGGAACGGAGACC_006,130
CTACCAATGGAACGGAGACC_007,82
CTACCAATGGAACGGAGACC_008,51
CTACCAATGGAACGGAGACC_009,17
CTACCAATGGAACGGAGACC_010,62
CTACCAATGGAACGGAGACC_011,113
CTACCAATGGAACGGAGACC_012,147
CTACCAATGGAACGGAGACC_013,27
TGAAGGTGGACAAATGTCCA_001,42
TGAAGGTGGACAAATGTCCA_002,179
TGAAGGTGGACAAATGTCCA_003,35
TGAAGGTGGACAAATGTCCA_004,130
TGAAGGTGGACAAATGTCCA_005,184
TGAAGGTGGACAAATGTCCA_006,87
TGAAGGTGGACAAATGTCCA_007,184
TGAAGGTGGACAAATGTCCA_008,63
TGAAGGTGGACAAATGTCCA_009,19
CGAGAAGTTCCAATGTTGTG_001,80
CGAGAAGTTCCAATGTTGTG_002,175
CGAGAAGTTCCAATGTTGTG_003,40
CGAGAAGTTCCAATGTTGTG_004,11
CGAGAAGTTCCAATGTTGTG_005,132
CGAGAAGTTCCAATGTTGTG_006,160
CGAGAAGTTCCAATGTTGTG_007,113
AGCCTCGAAGATTAGATGGA_001,104
AGCCTCGAAGATTAGATGGA_002,131
AGCCTCGAAGATTAGATGGA_003,94
AGCCTCGAAGATTAGATGGA_004,27
AGCCTCGAAGATTAGATGGA_005,64
AGCCTCGAAGATTAGATGGA_006,119
AGCCTCGAAGATTAGATGGA_007,62
AGCCTCGAAGATTAGATGGA_008,188
AGCCTCGAAGATTAGATGGA_009,130
AGCCTCGAAGATTAGATGGA_010,149
AGCCTCGAAGATTAGATGGA_011,1
AGCCTCGAAGATTAGATGGA_012,151
AGCCTCGAAGATTAGATGGA_013,184
AGCCTCGAAGATTAGATGGA_014,55
AGCCTCGAAGATTAGATGGA_015,127
AGCCTCGAAGATTAGATGGA_016,29
AGCCTCGAAGATTAGATGGA_017,146
AGCCTCGAAGATTAGATGGA_018,103
AGCCTCGAAGATTAGATGGA_019,50
AGCCTCGAAGATTAGATGGA_020,40
AGCCTCGAAGATTAGATGGA_021,48
AGCCTCGAAGATTAGATGGA_022,119
AGCCTCGAAGATTAGATGGA_023,50
TCCCGCCGTTGACAAAAGAG_001,32
TCCCGCCGTTGACAAAAGAG_002,163
TCCCGCCGTTGACAAAAGAG_003,94
TCCCGCCGTTGACAAAAGAG_004,78
TCCCGCCGTTGACAAAAGAG_005,94
TCCCGCCGTTGACAAAAGAG_006,183
TCCCGCCGTTGACAAAAGAG_007,91
TCCCGCCGTTGACAAAAGAG_008,137
TCCCGCCGTTGACAAAAGAG_009,174
TCCCGCCGTTGACAAAAGAG_010,56
TCCCGCCGTTGACAAAAGAG_011,11
TCCCGCCGTTGACAAAAGAG_012,92
TCCCGCCGTTGACAAAAGAG_013,34
TCCCGCCGTTGACAAAAGAG_014,8
TCCCGCCGTTGACAAAAGAG_015,72
TCCCGCCGTTGACAAAAGAG_016,61
TCCCGCCGTTGACAAAAGAG_017,174
TCCCGCCGTTGACAAAAGAG_018,56
TCCCGCCGTTGACAAAAGAG_019,133
TCCCGCCGTTGACAAAAGAG_020,194
TCCCGCCGTTGACAAAAGAG_021,150
TCCCGCCGTTGACAAAAGAG_022,85
TCCCGCCGTTGACAAAAGAG_023,13
TCCCGCCGTTGACAAAAGAG_024,137
TCCCGCCGTTGACAAAAGAG_025,37
TCCCGCCGTTGACAAAAGAG_026,148
TCCCGCCGTTGACAAAAGAG_027,28
TCCCGCCGTTGACAAAAGAG_028,60
TCCCGCCGTTGACAAAAGAG_029,63
TCCCGCCGTTGACAAAAGAG_030,57
CGTCATCCTGGAGACAACAG_001,49
CGTCATCCTGGAGACAACAG_002,171
CGTCATCCTGGAGACAACAG_003,48
GACCATGTGGACATTAGGTG_001,194
GACCATGTGGACATTAGGTG_002,52
GACCATGTGGACATTAGGTG_003,137
GACCATGTGGACATTAGGTG_004,68
GACCATGTGGACATTAGGTG_005,56
GACCATGTGGACATTAGGTG_006,121
GACCATGTGGACATTAGGTG_007,150
GACCATGTGGACATTAGGTG_008,160
GACCATGTGGACATTAGGTG_009,182
GGGAGCCTATCTCATCCACG_001,117
GGGAGCCTATCTCATCCACG_002,175
GGGAGCCTATCTCATCCACG_003,12
GGGAGCCTATCTCATCCACG_004,142
TGAGGCATTAGCTAAAGTGG_001,162
TGAGGCATTAGCTAAAGTGG_002,62
TGAGGCATTAGCTAAAGTGG_003,13
TGAGGCATTAGCTAAAGTGG_004,184
TGAGGCATTAGCTAAAGTGG_005,47
CCCTCCTCCGCTACCCGCGG_001,102
CCCTCCTCCGCTACCCGCGG_002,77
CCCTCCTCCGCTACCCGCGG_003,19
CCCTCCTCCGCTACCCGCGG_004,199
CCCTCCTCCGCTACCCGCGG_005,150
CCCTCCTCCGCTACCCGCGG_006,126
CCCTCCTCCGCTACCCGCGG_007,3
CCCTCCTCCGCTACCCGCGG_008,165
CCCTCCTCCGCTACCCGCGG_009,14
GATGTCCATCCAGCTACTAC_001,29
GATGTCCATCCAGCTACTAC_002,38
GATGTCCATCCAGCTACTAC_003,21
GATGTCCATCCAGCTACTAC_004,77
GATGTCCATCCAGCTACTAC_005,41
GATGTCCATCCAGCTACTAC_006,69
GATGTCCATCCAGCTACTAC_007,144
ACAGCCGGAACATCTCGGAG_001,99
ACAGCCGGAACATCTCGGAG_002,105
ACAGCCGGAACATCTCGGAG_003,192
ACAGCCGGAACATCTCGGAG_004,56
ACAGCCGGAACATCTCGGAG_005,8
GCCTGGACTACATTCCGCAA_001,19
GCCTGGACTACATTCCGCAA_002,134
GCCTGGACTACATTCCGCAA_003,45
GCCTGGACTACATTCCGCAA_004,29
GCCTGGACTACATTCCGCAA_005,168
GCCTGGACTACATTCCGCAA_006,65
GCCTGGACTACATTCCGCAA_007,130
GCCTGGACTACATTCCGCAA_008,3
GCCTGGACTACATTCCGCAA_009,102
GCCTGGACTACATTCCGCAA_010,41
GCCTGGACTACATTCCGCAA_011,126
GCCTGGACTACATTCCGCAA_012,149
GCCTGGACTACATTCCGCAA_013,77
GCCTGGACTACATTCCGCAA_014,152
GCCTGGACTACATTCCGCAA_015,147
GCCTGGACTACATTCCGCAA_016,167
GCCTGGACTACATTCCGCAA_017,70
GCCTGGACTACATTCCGCAA_018,69
TACGTGTATAGCATCATCAA_001,122
TACGTGTATAGCATCATCAA_002,0
TACGTGTATAGCATCATCAA_003,10
TACGTGTATAGCATCATCAA_004,70
TCCATGGATAGTCTCTACAG_001,162
TCCATGGATAGTCTCTACAG_002,105
TCTGGGCTTTATGTCATCGG_001,12
TCTGGGCTTTATGTCATCGG_002,66
TCTGGGCTTTATGTCATCGG_003,105
GAAGAGGCGTGAATATTGTG_001,81
GAAGAGGCGTGAATATTGTG_002,148
GAAGAGGCGTGAATATTGTG_003,42
GAAGAGGCGTGAATATTGTG_004,0
GAAGAGGCGTGAATATTGTG_005,45
GAAGAGGCGTGAATATTGTG_006,176
GAAGAGGCGTGAATATTGTG_007,47
GAAGAGGCGTGAATATTGTG_008,149
GAAGAGGCGTGAATATTGTG_009,104
GAAGAGGCGTGAATATTGTG_010,148
GAAGAGGCGTGAATATTGTG_011,141
GAAGAGGCGTGAATATTGTG_012,38
CAGCCCTAAATTGCCTATCA_001,52
CAGCCCTAAATTGCCTATCA_002,80
CAGCCCTAAATTGCCTATCA_003,2
CAGCCCTAAATTGCCTATCA_004,1
CAGCCCTAAATTGCCTATCA_005,9
CAGCCCTAAATTGCCTATCA_006,52
CAGCCCTAAATTGCCTATCA_007,77
CAGCCCTAAATTGCCTATCA_008,76
CAGCCCTAAATTGCCTATCA_009,141
CAGCCCTAAATTGCCTATCA_010,82
CAGCCCTAAATTGCCTATCA_011,94
CAGCCCTAAATTGCCTATCA_012,94
CAGCCCTAAATTGCCTATCA_013,50
CAGCCCTAAATTGCCTATCA_014,88
CAGCCCTAAATTGCCTATCA_015,12
CAGCCCTAAATTGCCTATCA_016,79
CAGCCCTAAATTGCCTATCA_017,121
CAGCCCTAAATTGCCTATCA_018,16
CAGCCCTAAATTGCCTATCA_019,191
CAGCCCTAAATTGCCTATCA_020,147
CAGCCCTAAATTGCCTATCA_021,127
GCTCCCGCTTCCTCTGAGAG_001,61
TTGACCAAATGGTGATTGAT_001,50
TTGACCAAATGGTGATTGAT_002,188
TTGACCAAATGGTGATTGAT_003,59
TTGACCAAATGGTGATTGAT_004,50
TTGACCAAATGGTGATTGAT_005,170
TTGACCAAATGGTGATTGAT_006,76
TTGACCAAATGGTGATTGAT_007,50
TTGACCAAATGGTGATTGAT_008,168
TTGACCAAATGGTGATTGAT_009,62
TCCTGTAAAAGGACGCAGAG_001,56
TCCTGTAAAAGGACGCAGAG_002,48
TCCTGTAAAAGGACGCAGAG_003,162
TCCTGTAAAAGGACGCAGAG_004,65
TCCTGTAAAAGGACGCAGAG_005,152
TCCTGTAAAAGGACGCAGAG_006,150
TCCTGTAAAAGGACGCAGAG_007,81
TCCTGTAAAAGGACGCAGAG_008,73
TCCTGTAAAAGGACGCAGAG_009,92
TCCTGTAAAAGGACGCAGAG_010,136
TCCTGTAAAAGGACGCAGAG_011,151
TCCTGTAAAAGGACGCAGAG_012,28
TCCTGTAAAAGGACGCAGAG_013,166
TCCTGTAAAAGGACGCAGAG_014,60
TCCTGTAAAAGGACGCAGAG_015,84
TCCTGTAAAAGGACGCAGAG_016,116
TCCTGTAAAAGGACGCAGAG_017,34
TCCTGTAAAAGGACGCAGAG_018,127
TCCTGTAAAAGGACGCAGAG_019,116
TCCTGTAAAAGGACGCAGAG_020,26
TCCTGTAAAAGGACGCAGAG_021,152
GAGCCAAGGTGTTTCAACGG_001,16
GAGCCAAGGTGTTTCAACGG_002,119
GAGCCAAGGTGTTTCAACGG_003,119
GAGCCAAGGTGTTTCAACGG_004,170
GAGCCAAGGTGTTTCAACGG_005,70
GCAATAGCAGCGGCAATACG_001,56
GCAATAGCAGCGGCAATACG_002,127
GCAATAGCAGCGGCAATACG_003,153
GCAATAGCAGCGGCAATACG_004,153
GCAATAGCAGCGGCAATACG_005,38
GCAATAGCAGCGGCAATACG_006,43
GCAATAGCAGCGGCAATACG_007,23
GCAATAGCAGCGGCAATACG_008,67
GCAATAGCAGCGGCAATACG_009,186
GCAATAGCAGCGGCAATACG_010,183
GCAATAGCAGCGGCAATACG_011,147
GCAATAGCAGCGGCAATACG_012,182
GCAATAGCAGCGGCAATACG_013,48
GCAATAGCAGCGGCAATACG_014,154
GCAATAGCAGCGGCAATACG_015,0
CCAGGAGAGCGACCGCCAGT_001,184
CCAGGAGAGCGACCGCCAGT_002,26
CCAGGAGAGCGACCGCCAGT_003,105
CCAGGAGAGCGACCGCCAGT_004,184
TTTCACTACTGGAGATGCCG_001,62
TTTCACTACTGGAGATGCCG_002,137
TTTCACTACTGGAGATGCCG_003,172
TTTCACTACTGGAGATGCCG_004,121
TTTCACTACTGGAGATGCCG_005,125
TTTCACTACTGGAGATGCCG_006,1
TTTCACTACTGGAGATGCCG_007,197
AGCAACAGGTCCAGCGACTG_001,154
AGCAACAGGTCCAGCGACTG_002,171
AGCAACAGGTCCAGCGACTG_003,76
AGCAACAGGTCCAGCGACTG_004,87
AGCAACAGGTCCAGCGACTG_005,149
AGCAACAGGTCCAGCGACTG_006,55
AGCAACAGGTCCAGCGACTG_007,53
AGCAACAGGTCCAGCGACTG_008,105
AGCAACAGGTCCAGCGACTG_009,89
AATCAGATGACAATGAGTCA_001,5
AATCAGATGACAATGAGTCA_002,8
AATCAGATGACAATGAGTCA_003,18
AATCAGATGACAATGAGTCA_004,145
AATCAGATGACAATGAGTCA_005,69
AATCAGATGACAATGAGTCA_006,188
AATCAGATGACAATGAGTCA_007,177
AATCAGATGACAATGAGTCA_008,131
AATCAGATGACAATGAGTCA_009,99
AATCAGATGACAATGAGTCA_010,42
AATCAGATGACAATGAGTCA_011,52
AATCAGATGACAATGAGTCA_012,156
AATCAGATGACAATGAGTCA_013,156
AATCAGATGACAATGAGTCA_014,26
CAAGGTTCCCAGTCAAACCC_001,179
CAAGGTTCCCAGTCAAACCC_002,19
CAAGGTTCCCAGTCAAACCC_003,9
CAAGGTTCCCAGTCAAACCC_004,169
CAAGGTTCCCAGTCAAACCC_005,82
CAAGGTTCCCAGTCAAACCC_006,105
CAAGGTTCCCAGTCAAACCC_007,26
AAGTGATGAATAATCATCAA_001,60
AAGTGATGAATAATCATCAA_002,140
AAGTGATGAATAATCATCAA_003,190
AAGTGATGAATAATCATCAA_004,165
AAGTGATGAATAATCATCAA_005,165
AAGTGATGAATAATCATCAA_006,144
AAGTGATGAATAATCATCAA_007,36
AAGTGATGAATAATCATCAA_008,85
AAGTGATGAATAATCATCAA_009,104
AAGTGATGAATAATCATCAA_010,148
AAGTGATGAATAATCATCAA_011,147
CCTTCGTCCTCACTGTTGTG_001,43
CCTTCGTCCTCACTGTTGTG_002,120
CCTTCGTCCTCACTGTTGTG_003,162
CCTTCGTCCTCACTGTTGTG_004,152
CCTTCGTCCTCACTGTTGTG_005,62
CCTTCGTCCTCACTGTTGTG_006,65
CCTTCGTCCTCACTGTTGTG_007,1
CCTTCGTCCTCACTGTTGTG_008,136
CCTTCGTCCTCACTGTTGTG_009,180
CCTTCGTCCTCACTGTTGTG_010,120
TTGTTGGCTACAACTATGAG_001,168
TTGTTGGCTACAACTATGAG_002,33
TTGTTGGCTACAACTATGAG_003,33
AATCATCAAGGCAATAAACG_001,58
AATCATCAAGGCAATAAACG_002,135
AATCATCAAGGCAATAAACG_003,168
AATCATCAAGGCAATAAACG_004,114
AATCATCAAGGCAATAAACG_005,99
AATCATCAAGGCAATAAACG_006,131
AATCATCAAGGCAATAAACG_007,82
GCTTTGCAGACATAACAGCT_001,19
GCTTTGCAGACATAACAGCT_002,197
GCTTTGCAGACATAACAGCT_003,105
GCTTTGCAGACATAACAGCT_004,161
GCTTTGCAGACATAACAGCT_005,131
GCTTTGCAGACATAACAGCT_006,77
GCTTTGCAGACATAACAGCT_007,19
GCTTTGCAGACATAACAGCT_008,136
GCTTTGCAGACATAACAGCT_009,63
GCTTTGCAGACATAACAGCT_010,22
GCTTTGCAGACATAACAGCT_011,50
GCTTTGCAGACATAACAGCT_012,158
GCTTTGCAGACATAACAGCT_013,49
CCAATGATAAGCCCGAACGG_001,63
CCAATGATAAGCCCGAACGG_002,72
CCAATGATAAGCCCGAACGG_003,127
CCAATGATAAGCCCGAACGG_004,12
CCAATGATAAGCCCGAACGG_005,53
CCAATGATAAGCCCGAACGG_006,189
CCAATGATAAGCCCGAACGG_007,63
CCAATGATAAGCCCGAACGG_008,191
CCAATGATAAGCCCGAACGG_009,58
CCAATGATAAGCCCGAACGG_010,102
CCAATGATAAGCCCGAACGG_011,185
CCAATGATAAGCCCGAACGG_012,148
CCAATGATAAGCCCGAACGG_013,63
CCAATGATAAGCCCGAACGG_014,82
CCAATGATAAGCCCGAACGG_015,33
CCAATGATAAGCCCGAACGG_016,45
CCAATGATAAGCCCGAACGG_017,176
CCAATGATAAGCCCGAACGG_018,95
CCAATGATAAGCCCGAACGG_019,95
CCAATGATAAGCCCGAACGG_020,27
CCAATGATAAGCCCGAACGG_021,1
CCAATGATAAGCCCGAACGG_022,115
CCAATGATAAGCCCGAACGG_023,28
CCAATGATAAGCCCGAACGG_024,9
CCAATGATAAGCCCGAACGG_025,127
CCAATGATAAGCCCGAACGG_026,160
CCAATGATAAGCCCGAACGG_027,49
CCAATGATAAGCCCGAACGG_028,82
GTTGGTCAACGAGAATTTCG_001,150
GTTGGTCAACGAGAATTTCG_002,105
GTTGGTCAACGAGAATTTCG_003,46
GTTGGTCAACGAGAATTTCG_004,31
GTTGGTCAACGAGAATTTCG_005,113
GTTGGTCAACGAGAATTTCG_006,75
GTTGGTCAACGAGAATTTCG_007,151
GTTGGTCAACGAGAATTTCG_008,86
GTTGGTCAACGAGAATTTCG_009,57
GTTGGTCAACGAGAATTTCG_010,175
TCCTGGGTCACTGTGTACTC_001,8
TCCTGGGTCACTGTGTACTC_002,190
GACACTATGGACCAGCCAAG_001,182
GACACTATGGACCAGCCAAG_002,12
GACACTATGGACCAGCCAAG_003,24
GACACTATGGACCAGCCAAG_004,84
TTTGTCATTGCAGGTCATGG_001,127
TTTGTCATTGCAGGTCATGG_002,49
TTTGTCATTGCAGGTCATGG_003,148
TTTGTCATTGCAGGTCATGG_004,34
TTTGTCATTGCAGGTCATGG_005,144
TTTGTCATTGCAGGTCATGG_006,150
TTTGTCATTGCAGGTCATGG_007,40
TTTGTCATTGCAGGTCATGG_008,147
TTTGTCATTGCAGGTCATGG_009,162
TTTGTCATTGCAGGTCATGG_010,168
TTGAGAGCTACAAAATCATA_001,55
TTGAGAGCTACAAAATCATA_002,81
TTGAGAGCTACAAAATCATA_003,160
AAGAAAGCTCTGTCTTCCAT_001,184
AAGAAAGCTCTGTCTTCCAT_002,42
AAGAAAGCTCTGTCTTCCAT_003,89
AAGAAAGCTCTGTCTTCCAT_004,29
AAGAAAGCTCTGTCTTCCAT_005,70
AAGAAAGCTCTGTCTTCCAT_006,188
AAGAAAGCTCTGTCTTCCAT_007,40
AAGAAAGCTCTGTCTTCCAT_008,150
AAGAAAGCTCTGTCTTCCAT_009,40
AAGAAAGCTCTGTCTTCCAT_010,35
AATGTAACCAACCGTAGCAA_001,145
AATGTAACCAACCGTAGCAA_002,17
AATGTAACCAACCGTAGCAA_003,97
AATGTAACCAACCGTAGCAA_004,53
AATGTAACCAACCGTAGCAA_005,158
AATGTAACCAACCGTAGCAA_006,199
AATGTAACCAACCGTAGCAA_007,50
AATGTAACCAACCGTAGCAA_008,28
AATGTAACCAACCGTAGCAA_009,50
AATGTAACCAACCGTAGCAA_010,50
AATGTAACCAACCGTAGCAA_011,76
AATGTAACCAACCGTAGCAA_012,120
AATGTAACCAACCGTAGCAA_013,148
AATGTAACCAACCGTAGCAA_014,21
AATGTAACCAACCGTAGCAA_015,54
AATGTAACCAACCGTAGCAA_016,185
AATGTAACCAACCGTAGCAA_017,9
AATGTAACCAACCGTAGCAA_018,94
AATGTAACCAACCGTAGCAA_019,11
AATGTAACCAACCGTAGCAA_020,85
AATGTAACCAACCGTAGCAA_021,50
AATGTAACCAACCGTAGCAA_022,37
AATGTAACCAACCGTAGCAA_023,150
AATGTAACCAACCGTAGCAA_024,125
AATGTAACCAACCGTAGCAA_025,46
AATGTAACCAACCGTAGCAA_026,145
AATGTAACCAACCGTAGCAA_027,129
AATGTAACCAACCGTAGCAA_028,12
ACTTGAGGAGTGAGACAACA_001,147
ACTTGAGGAGTGAGACAACA_002,172
ACTTGAGGAGTGAGACAACA_003,127
ACTTGAGGAGTGAGACAACA_004,160
ACTTGAGGAGTGAGACAACA_005,141
ACTTGAGGAGTGAGACAACA_006,110
ACTTGAGGAGTGAGACAACA_007,150
ACTTGAGGAGTGAGACAACA_008,159
ACTTGAGGAGTGAGACAACA_009,115
ACTTGAGGAGTGAGACAACA_010,160
ACTTGAGGAGTGAGACAACA_011,48
ACTTGAGGAGTGAGACAACA_012,188
ACTTGAGGAGTGAGACAACA_013,123
ACTTGAGGAGTGAGACAACA_014,65
ACTTGAGGAGTGAGACAACA_015,8
ACTTGAGGAGTGAGACAACA_016,7
AAACACCGAGAAGACATGCG_001,62
AAACACCGAGAAGACATGCG_002,62
AAACACCGAGAAGACATGCG_003,23
AAACACCGAGAAGACATGCG_004,29
AAACACCGAGAAGACATGCG_005,19
AAACACCGAGAAGACATGCG_006,158
AAACACCGAGAAGACATGCG_007,50
AAACACCGAGAAGACATGCG_008,64
AAACACCGAGAAGACATGCG_009,43
AAACACCGAGAAGACATGCG_010,50
AAACACCGAGAAGACATGCG_011,120
AAACACCGAGAAGACATGCG_012,103
AAACACCGAGAAGACATGCG_013,98
AAACACCGAGAAGACATGCG_014,8
AAACACCGAGAAGACATGCG_015,84
AAACACCGAGAAGACATGCG_016,37
AAACACCGAGAAGACATGCG_017,8
AAACACCGAGAAGACATGCG_018,5
AAACACCGAGAAGACATGCG_019,134
AAACACCGAGAAGACATGCG_020,132
AAACACCGAGAAGACATGCG_021,77
AAACACCGAGAAGACATGCG_022,60
AAACACCGAGAAGACATGCG_023,6
AAACACCGAGAAGACATGCG_024,50
AAACACCGAGAAGACATGCG_025,137
AAACACCGAGAAGACATGCG_026,122
AAACACCGAGAAGACATGCG_027,15
AAACACCGAGAAGACATGCG_028,135
AAACACCGAGAAGACATGCG_029,64
AAACACCGAGAAGACATGCG_030,181
AAACACCGAGAAGACATGCG_031,69
AAACACCGAGAAGACATGCG_032,148
AAACACCGAGAAGACATGCG_033,13
AAACACCGAGAAGACATGCG_034,147
AAACACCGAGAAGACATGCG_035,76
AAACACCGAGAAGACATGCG_036,48
AAACACCGAGAAGACATGCG_037,78
AAACACCGAGAAGACATGCG_038,165
AAACACCGAGAAGACATGCG_039,111
AAACACCGAGAAGACATGCG_040,96
AAACACCGAGAAGACATGCG_041,173
AAACACCGAGAAGACATGCG_042,80
AAACACCGAGAAGACATGCG_043,161
AGAGGAACCGTACAGCTGCA_001,50
AGAGGAACCGTACAGCTGCA_002,50
AGAGGAACCGTACAGCTGCA_003,112
AGAGGAACCGTACAGCTGCA_004,23
AGAGGAACCGTACAGCTGCA_005,190
AGAGGAACCGTACAGCTGCA_006,61
AGAGGAACCGTACAGCTGCA_007,162
AGAGGAACCGTACAGCTGCA_008,127
AGAGGAACCGTACAGCTGCA_009,65
AGAGGAACCGTACAGCTGCA_010,101
AGAGGAACCGTACAGCTGCA_011,102
AGAGGAACCGTACAGCTGCA_012,70
AGAGGAACCGTACAGCTGCA_013,24
AGAGGAACCGTACAGCTGCA_014,174
ACTGCAAATACCTTTGCTCT_001,88
ACTGCAAATACCTTTGCTCT_002,112
AAGAGGAGTGACGTGACCTG_001,147
AAGAGGAGTGACGTGACCTG_002,182
AAGAGGAGTGACGTGACCTG_003,177
AAGAGGAGTGACGTGACCTG_004,114
AAGAGGAGTGACGTGACCTG_005,34
AAGAGGAGTGACGTGACCTG_006,166
AAGAGGAGTGACGTGACCTG_007,188
AAGAGGAGTGACGTGACCTG_008,63
AAGAGGAGTGACGTGACCTG_009,192
AAGAGGAGTGACGTGACCTG_010,29
AAGAGGAGTGACGTGACCTG_011,100
AAGAGGAGTGACGTGACCTG_012,111
AAGAGGAGTGACGTGACCTG_013,32
AAGAGGAGTGACGTGACCTG_014,132
AAGAGGAGTGACGTGACCTG_015,146
AAGAGGAGTGACGTGACCTG_016,185
AAGAGGAGTGACGTGACCTG_017,29
AAGAGGAGTGACGTGACCTG_018,185
AAGAGGAGTGACGTGACCTG_019,48
AAGAGGAGTGACGTGACCTG_020,70
AAGAGGAGTGACGTGACCTG_021,33
AAGAGGAGTGACGTGACCTG_022,196
AAGAGGAGTGACGTGACCTG_023,108
AAGAGGAGTGACGTGACCTG_024,71
AAGAGGAGTGACGTGACCTG_025,33
AAGAGGAGTGACGTGACCTG_026,10
AAGAGGAGTGACGTGACCTG_027,6
AAGAGGAGTGACGTGACCTG_028,104
ATAATTGGCGGGAAAGAGCA_001,9
ATAATTGGCGGGAAAGAGCA_002,169
ATAATTGGCGGGAAAGAGCA_003,77
ATAATTGGCGGGAAAGAGCA_004,191
CGTCAAACAAGAGTGGCTGG_001,155
CGTCAAACAAGAGTGGCTGG_002,115
CGTCAAACAAGAGTGGCTGG_003,175
CGTCAAACAAGAGTGGCTGG_004,160
CGTCAAACAAGAGTGGCTGG_005,173
CGTCAAACAAGAGTGGCTGG_006,60
CAACTCGAATCATGGTCATG_001,59
CAACTCGAATCATGGTCATG_002,40
CAACTCGAATCATGGTCATG_003,140
CAACTCGAATCATGGTCATG_004,168
CAACTCGAATCATGGTCATG_005,94
CAACTCGAATCATGGTCATG_006,17
CAACTCGAATCATGGTCATG_007,1
CAACTCGAATCATGGTCATG_008,158
CAACTCGAATCATGGTCATG_009,144
CAACTCGAATCATGGTCATG_010,192
CAACTCGAATCATGGTCATG_011,40
CAACTCGAATCATGGTCATG_012,39
CAGCAAGGGAGTAACCTCCT_001,151
CAGCAAGGGAGTAACCTCCT_002,157
CAGCAAGGGAGTAACCTCCT_003,82
CAGCAAGGGAGTAACCTCCT_004,152
CAGCAAGGGAGTAACCTCCT_005,103
CAGCAAGGGAGTAACCTCCT_006,0
CAGCAAGGGAGTAACCTCCT_007,42
CAGCAAGGGAGTAACCTCCT_008,152
CAGCAAGGGAGTAACCTCCT_009,3
CAGCAAGGGAGTAACCTCCT_010,52
CAGCAAGGGAGTAACCTCCT_011,48
CAGCAAGGGAGTAACCTCCT_012,146
CAGCAAGGGAGTAACCTCCT_013,140
CAGCAAGGGAGTAACCTCCT_014,44
CAGCAAGGGAGTAACCTCCT_015,12
CAGCAAGGGAGTAACCTCCT_016,127
CAGCAAGGGAGTAACCTCCT_017,85
CAGCAAGGGAGTAACCTCCT_018,162
CAGCAAGGGAGTAACCTCCT_019,83
CAGCAAGGGAGTAACCTCCT_020,116
CAGCAAGGGAGTAACCTCCT_021,105
CAGCAAGGGAGTAACCTCCT_022,165
CAGCAAGGGAGTAACCTCCT_023,137
CAGCAAGGGAGTAACCTCCT_024,182
CAGCAAGGGAGTAACCTCCT_025,35
CAGCAAGGGAGTAACCTCCT_026,43
CAGCAAGGGAGTAACCTCCT_027,157
CTCAGCGTGCCCATCCCGGG_001,197
CTCAGCGTGCCCATCCCGGG_002,126
GTAGTCATGGGCATCACGAG_001,33
GTAGTCATGGGCATCACGAG_002,27
GTAGTCATGGGCATCACGAG_003,69
GTAGTCATGGGCATCACGAG_004,6
GTAGTCATGGGCATCACGAG_005,80
GTAGTCATGGGCATCACGAG_006,153
GTAGTCATGGGCATCACGAG_007,76
GTAGTCATGGGCATCACGAG_008,100
GTAGTCATGGGCATCACGAG_009,194
GTAGTCATGGGCATCACGAG_010,129
GTAGTCATGGGCATCACGAG_011,60
GTAGTCATGGGCATCACGAG_012,177
GTAGTCATGGGCATCACGAG_013,98
GTAGTCATGGGCATCACGAG_014,57
GTAGTCATGGGCATCACGAG_015,187
GTAGTCATGGGCATCACGAG_016,41
GTAGTCATGGGCATCACGAG_017,149
GTAGTCATGGGCATCACGAG_018,49
GTAGTCATGGGCATCACGAG_019,149
GTAGTCATGGGCATCACGAG_020,142
GTAGTCATGGGCATCACGAG_021,63
TGACTTAAACTGTTCTCCAC_001,29
TGACTTAAACTGTTCTCCAC_002,29
TGCTATGGCAAAGACCAACG_001,86
TGCTATGGCAAAGACCAACG_002,14
TGCTATGGCAAAGACCAACG_003,170
TGCTATGGCAAAGACCAACG_004,92
TGCTATGGCAAAGACCAACG_005,156
TGCTATGGCAAAGACCAACG_006,8
TGCTATGGCAAAGACCAACG_007,124
ACACCAAGGACAAATAACAT_001,161
ACACCAAGGACAAATAACAT_002,115
ACACCAAGGACAAATAACAT_003,104
ACACCAAGGACAAATAACAT_004,78
ACACCAAGGACAAATAACAT_005,177
ACACCAAGGACAAATAACAT_006,165
ACACCAAGGACAAATAACAT_007,64
ACACCAAGGACAAATAACAT_008,156
ACACCAAGGACAAATAACAT_009,93
ACACCAAGGACAAATAACAT_010,150
ACACCAAGGACAAATAACAT_011,150
ACACCAAGGACAAATAACAT_012,141
ACACCAAGGACAAATAACAT_013,34
ACACCAAGGACAAATAACAT_014,184
ACACCAAGGACAAATAACAT_015,137
ACACCAAGGACAAATAACAT_016,21
ACACCAAGGACAAATAACAT_017,197
ACACCAAGGACAAATAACAT_018,8
ACACCAAGGACAAATAACAT_019,147
ACACCAAGGACAAATAACAT_020,28
TGGCCCCAGAGCATAGATGG_001,3
TGGCCCCAGAGCATAGATGG_002,41
TGGCCCCAGAGCATAGATGG_003,9
TGGCCCCAGAGCATAGATGG_004,31
TGGCCCCAGAGCATAGATGG_005,185
TGGCCCCAGAGCATAGATGG_006,183
TGGCCCCAGAGCATAGATGG_007,100
TGGCCCCAGAGCATAGATGG_008,148
TGGCCCCAGAGCATAGATGG_009,13
TGGCCCCAGAGCATAGATGG_010,106
TGGCCCCAGAGCATAGATGG_011,31
TGGCCCCAGAGCATAGATGG_012,22
TGGCCCCAGAGCATAGATGG_013,169
TGGCCCCAGAGCATAGATGG_014,124
TGGCCCCAGAGCATAGATGG_015,39
TGGCCCCAGAGCATAGATGG_016,106
TGGCCCCAGAGCATAGATGG_017,62
TGGCCCCAGAGCATAGATGG_018,144
TGGCCCCAGAGCATAGATGG_019,150
TGGCCCCAGAGCATAGATGG_020,3
TGGCCCCAGAGCATAGATGG_021,137
TGGCCCCAGAGCATAGATGG_022,177
CGTACCTCGCTACCTCTGTG_001,106
CGTACCTCGCTACCTCTGTG_002,12
CGTACCTCGCTACCTCTGTG_003,128
CGTACCTCGCTACCTCTGTG_004,83
CACTAAAGGAATCAAGACAG_001,58
CACTAAAGGAATCAAGACAG_002,160
CACTAAAGGAATCAAGACAG_003,171
CACTAAAGGAATCAAGACAG_004,134
TGTGCTGACAGGGTGTACTG_001,158
TGTGCTGACAGGGTGTACTG_002,48
TGTGCTGACAGGGTGTACTG_003,96
TGTGCTGACAGGGTGTACTG_004,127
TGTGCTGACAGGGTGTACTG_005,146
TGTGCTGACAGGGTGTACTG_006,187
TGTGCTGACAGGGTGTACTG_007,18
CATGGTTGTTGACACCCATG_001,144
GAAAATGTCAGTGTTCGGCG_001,49
GAAAATGTCAGTGTTCGGCG_002,87
GAAAATGTCAGTGTTCGGCG_003,36
GAAAATGTCAGTGTTCGGCG_004,143
GAAAATGTCAGTGTTCGGCG_005,52
GAAAATGTCAGTGTTCGGCG_006,36
GAAAATGTCAGTGTTCGGCG_007,178
GAAAATGTCAGTGTTCGGCG_008,199
GAAAATGTCAGTGTTCGGCG_009,95
CCAGGACCCGGCACACGCTG_001,95
CCAGGACCCGGCACACGCTG_002,153
CCAGGACCCGGCACACGCTG_003,81
CCAGGACCCGGCACACGCTG_004,1
CCAGGACCCGGCACACGCTG_005,9
CCAGGACCCGGCACACGCTG_006,28
CCAGGACCCGGCACACGCTG_007,58
CCAGGACCCGGCACACGCTG_008,175
CCAGGACCCGGCACACGCTG_009,127
CCAGGACCCGGCACACGCTG_010,190
CCAGGACCCGGCACACGCTG_011,190
CCAGGACCCGGCACACGCTG_012,50
CCAGGACCCGGCACACGCTG_013,157
CCAGGACCCGGCACACGCTG_014,48
CCAGGACCCGGCACACGCTG_015,124
CCAGGACCCGGCACACGCTG_016,27
CCAGGACCCGGCACACGCTG_017,140
CACATGTCCCCTGAAAGATG_001,133
CACATGTCCCCTGAAAGATG_002,134
CACATGTCCCCTGAAAGATG_003,185
CACATGTCCCCTGAAAGATG_004,185
CACATGTCCCCTGAAAGATG_005,149
CACATGTCCCCTGAAAGATG_006,15
CACATGTCCCCTGAAAGATG_007,16
CACATGTCCCCTGAAAGATG_008,92
CACATGTCCCCTGAAAGATG_009,168
CACATGTCCCCTGAAAGATG_010,1
CACATGTCCCCTGAAAGATG_011,123
CACATGTCCCCTGAAAGATG_012,85
CACATGTCCCCTGAAAGATG_013,131
CACATGTCCCCTGAAAGATG_014,4
CACATGTCCCCTGAAAGATG_015,118
CACATGTCCCCTGAAAGATG_016,4
CACATGTCCCCTGAAAGATG_017,35
CACATGTCCCCTGAAAGATG_018,150
CACATGTCCCCTGAAAGATG_019,26
CCTTGCCTGAAACCTACCAG_001,134
CCTTGCCTGAAACCTACCAG_002,39
CCTTGCCTGAAACCTACCAG_003,63
CCTTGCCTGAAACCTACCAG_004,62
CCTTGCCTGAAACCTACCAG_005,127
CCTTGCCTGAAACCTACCAG_006,17
CCTTGCCTGAAACCTACCAG_007,175
CCTTGCCTGAAACCTACCAG_008,177
CCTTGCCTGAAACCTACCAG_009,198
CCTTGCCTGAAACCTACCAG_010,60
CCTTGCCTGAAACCTACCAG_011,198
CCTTGCCTGAAACCTACCAG_012,27
CCTTGCCTGAAACCTACCAG_013,111
CCTTGCCTGAAACCTACCAG_014,41
CCTTGCCTGAAACCTACCAG_015,85
CCTTGCCTGAAACCTACCAG_016,70
CCTTGCCTGAAACCTACCAG_017,116
CCTTGCCTGAAACCTACCAG_018,17
CCTTGCCTGAAACCTACCAG_019,116
CCTTGCCTGAAACCTACCAG_020,42
CCTTGCCTGAAACCTACCAG_021,129
GACATGTTAATATCTATCCG_001,101
AGTCAACTTGACAATTACGG_001,50
AGTCAACTTGACAATTACGG_002,144
AGTCAACTTGACAATTACGG_003,32
AGTCAACTTGACAATTACGG_004,130
AGTCAACTTGACAATTACGG_005,106
AGTCAACTTGACAATTACGG_006,179
AGTCAACTTGACAATTACGG_007,23
AGTCAACTTGACAATTACGG_008,50
AGTCAACTTGACAATTACGG_009,183
CTGCTGTACCAAATGTTGTG_001,70
CTGCTGTACCAAATGTTGTG_002,78
CTGCTGTACCAAATGTTGTG_003,77
CTGCTGTACCAAATGTTGTG_004,60
CTGCTGTACCAAATGTTGTG_005,2
CTGCTGTACCAAATGTTGTG_006,170
CTGCTGTACCAAATGTTGTG_007,2
CTGCTGTACCAAATGTTGTG_008,155
CTGCTGTACCAAATGTTGTG_009,163
CTGCTGTACCAAATGTTGTG_010,128
CTGCTGTACCAAATGTTGTG_011,89
CTGCTGTACCAAATGTTGTG_012,57
CTGCTGTACCAAATGTTGTG_013,8
CTGCTGTACCAAATGTTGTG_014,52
CTGCTGTACCAAATGTTGTG_015,74
CTGCTGTACCAAATGTTGTG_016,192
CTGCTGTACCAAATGTTGTG_017,11
CTGCTGTACCAAATGTTGTG_018,120
CTGCTGTACCAAATGTTGTG_019,3
CTGCTGTACCAAATGTTGTG_020,28
CTGCTGTACCAAATGTTGTG_021,50
CTGCTGTACCAAATGTTGTG_022,76
CTGCTGTACCAAATGTTGTG_023,126
CGGGGGCGTGATATGCACAC_001,29
CGGGGGCGTGATATGCACAC_002,103
CGGGGGCGTGATATGCACAC_003,132
CGGGGGCGTGATATGCACAC_004,68
CGGGGGCGTGATATGCACAC_005,193
CGGGGGCGTGATATGCACAC_006,113
CGGGGGCGTGATATGCACAC_007,179
CGGGGGCGTGATATGCACAC_008,12
CGGGGGCGTGATATGCACAC_009,124
CGGGGGCGTGATATGCACAC_010,49
CGGGGGCGTGATATGCACAC_011,137
CGGGGGCGTGATATGCACAC_012,43
GCAGAAACCTTATACGTCTG_001,166
GCAGAAACCTTATACGTCTG_002,62
GCAGAAACCTTATACGTCTG_003,17
GCAGAAACCTTATACGTCTG_004,8
AAAGGGCTGTAAGGCACGTG_001,29
AAAGGGCTGTAAGGCACGTG_002,169
AAAGGGCTGTAAGGCACGTG_003,127
AAAGGGCTGTAAGGCACGTG_004,57
AAAGGGCTGTAAGGCACGTG_005,156
AAAGGGCTGTAAGGCACGTG_006,35
AAAGGGCTGTAAGGCACGTG_007,174
AAAGGGCTGTAAGGCACGTG_008,199
AAAGGGCTGTAAGGCACGTG_009,58
AAAGGGCTGTAAGGCACGTG_010,158
AAAGGGCTGTAAGGCACGTG_011,40
AAAGGGCTGTAAGGCACGTG_012,139
AAAGGGCTGTAAGGCACGTG_013,152
AAAGGGCTGTAAGGCACGTG_014,23
AAAGGGCTGTAAGGCACGTG_015,198
AAAGGGCTGTAAGGCACGTG_016,107
AAAGGGCTGTAAGGCACGTG_017,36
AAAGGGCTGTAAGGCACGTG_018,92
AAAGGGCTGTAAGGCACGTG_019,159
AAAGGGCTGTAAGGCACGTG_020,156
AAAGGGCTGTAAGGCACGTG_021,147
AAAGGGCTGTAAGGCACGTG_022,69
CTTGCAGAACAATCAACCTG_001,169
CTTGCAGAACAATCAACCTG_002,137
CTTGCAGAACAATCAACCTG_003,5
CTTGCAGAACAATCAACCTG_004,19
CTTGCAGAACAATCAACCTG_005,91
CTTGCAGAACAATCAACCTG_006,143
CTTGCAGAACAATCAACCTG_007,85
CTTGCAGAACAATCAACCTG_008,27
CTTGCAGAACAATCAACCTG_009,193
CTTGCAGAACAATCAACCTG_010,21
CTTGCAGAACAATCAACCTG_011,63
CTTGCAGAACAATCAACCTG_012,198
CTTGCAGAACAATCAACCTG_013,150
TGAGTGACAAGCTGTACCAG_001,172
TGAGTGACAAGCTGTACCAG_002,5
TGAGTGACAAGCTGTACCAG_003,9
TGAGTGACAAGCTGTACCAG_004,30
TGAGTGACAAGCTGTACCAG_005,58
TGAGTGACAAGCTGTACCAG_006,156
TGAGTGACAAGCTGTACCAG_007,134
TGAGTGACAAGCTGTACCAG_008,174
TGAGTGACAAGCTGTACCAG_009,155
TGAGTGACAAGCTGTACCAG_010,147
TGAGTGACAAGCTGTACCAG_011,2
TGAGTGACAAGCTGTACCAG_012,138
ATGACAACTAAAGCACCGCA_001,47
ATGACAACTAAAGCACCGCA_002,161
ATGACAACTAAAGCACCGCA_003,147
ATGACAACTAAAGCACCGCA_004,9
ATGACAACTAAAGCACCGCA_005,2
ATGACAACTAAAGCACCGCA_006,177
ATGACAACTAAAGCACCGCA_007,114
ATGACAACTAAAGCACCGCA_008,172
ATGACAACTAAAGCACCGCA_009,52
ATGACAACTAAAGCACCGCA_010,11
ATGACAACTAAAGCACCGCA_011,172
TTCACCAGTTGACACTACAT_001,168
TTCACCAGTTGACACTACAT_002,49
TTCACCAGTTGACACTACAT_003,105
TTCACCAGTTGACACTACAT_004,145
TTCACCAGTTGACACTACAT_005,118
TTCACCAGTTGACACTACAT_006,49
TTCACCAGTTGACACTACAT_007,12
TTCACCAGTTGACACTACAT_008,28
TTCACCAGTTGACACTACAT_009,130
TTCACCAGTTGACACTACAT_010,9
TTCACCAGTTGACACTACAT_011,147
TTCACCAGTTGACACTACAT_012,121
TTCACCAGTTGACACTACAT_013,150
TTCACCAGTTGACACTACAT_014,141
TTCACCAGTTGACACTACAT_015,57
TTCACCAGTTGACACTACAT_016,8
TTCACCAGTTGACACTACAT_017,188
ATGGATCGACACCAAGATCG_001,42
ATGGATCGACACCAAGATCG_002,170
ATGGATCGACACCAAGATCG_003,29
ATGGATCGACACCAAGATCG_004,28
ATGGATCGACACCAAGATCG_005,141
ATGGATCGACACCAAGATCG_006,10
ATGGATCGACACCAAGATCG_007,137
ATGGATCGACACCAAGATCG_008,145
ATGGATCGACACCAAGATCG_009,98
ATGGATCGACACCAAGATCG_010,17
ATGGATCGACACCAAGATCG_011,135
ATGGATCGACACCAAGATCG_012,176
ATGGATCGACACCAAGATCG_013,29
ATGGATCGACACCAAGATCG_014,102
ATGGATCGACACCAAGATCG_015,108
ATGGATCGACACCAAGATCG_016,178
ATGGATCGACACCAAGATCG_017,199
ATGGATCGACACCAAGATCG_018,2
ATGGATCGACACCAAGATCG_019,2
ATGGATCGACACCAAGATCG_020,17
ATGGATCGACACCAAGATCG_021,124
ATGGATCGACACCAAGATCG_022,66
ATGGATCGACACCAAGATCG_023,102
ATGGATCGACACCAAGATCG_024,127
ATGGATCGACACCAAGATCG_025,190
TCTCTCACCAGTCCTAGAAG_001,172
TCTCTCACCAGTCCTAGAAG_002,158
CTGGGGACTCTTACCCACGT_001,134
CTGGGGACTCTTACCCACGT_002,10
CTCGTGTTCGTATTCTCTAG_001,151
CTCGTGTTCGTATTCTCTAG_002,172
CTCGTGTTCGTATTCTCTAG_003,34
CTCGTGTTCGTATTCTCTAG_004,13
CTCGTGTTCGTATTCTCTAG_005,172
GAGGGCTCGGCAGTGAACGG_001,112
GAGGGCTCGGCAGTGAACGG_002,170
GAGGGCTCGGCAGTGAACGG_003,183
GAGGGCTCGGCAGTGAACGG_004,78
GAGGGCTCGGCAGTGAACGG_005,181
GAGGGCTCGGCAGTGAACGG_006,140
GAGGGCTCGGCAGTGAACGG_007,120
GAGGGCTCGGCAGTGAACGG_008,49
GAGGGCTCGGCAGTGAACGG_009,112
GAGGGCTCGGCAGTGAACGG_010,119
GAGGGCTCGGCAGTGAACGG_011,107
GAGGGCTCGGCAGTGAACGG_012,173
GAGGGCTCGGCAGTGAACGG_013,50
GAGGGCTCGGCAGTGAACGG_014,78
GAGGGCTCGGCAGTGAACGG_015,169
GAGGGCTCGGCAGTGAACGG_016,18
GAGGGCTCGGCAGTGAACGG_017,58
GAGGGCTCGGCAGTGAACGG_018,150
GAGGGCTCGGCAGTGAACGG_019,47
GAGGGCTCGGCAGTGAACGG_020,10
GAGGGCTCGGCAGTGAACGG_021,60
GAGGGCTCGGCAGTGAACGG_022,150
GAGGGCTCGGCAGTGAACGG_023,47
GAGGGCTCGGCAGTGAACGG_024,127
GAGGGCTCGGCAGTGAACGG_025,160
GCCGTGGCCCAGCTCTACAA_001,165
GCCGTGGCCCAGCTCTACAA_002,197
GCCGTGGCCCAGCTCTACAA_003,82
GCCGTGGCCCAGCTCTACAA_004,70
GCCGTGGCCCAGCTCTACAA_005,41
GCCGTGGCCCAGCTCTACAA_006,182
GCTGTGGACACTTTGGTGGT_001,103
GCTGTGGACACTTTGGTGGT_002,23
GCTGTGGACACTTTGGTGGT_003,197
GCTGTGGACACTTTGGTGGT_004,189
GCTGTGGACACTTTGGTGGT_005,12
GCTGTGGACACTTTGGTGGT_006,16
GCTGTGGACACTTTGGTGGT_007,148
GCTGTGGACACTTTGGTGGT_008,49
GCTGTGGACACTTTGGTGGT_009,170
GCTGTGGACACTTTGGTGGT_010,106
GCTGTGGACACTTTGGTGGT_011,49
GCTGTGGACACTTTGGTGGT_012,22
GCTGTGGACACTTTGGTGGT_013,191
TCACCGAGATGTGCGCCTTG_001,7
TCACCGAGATGTGCGCCTTG_002,108
TCACCGAGATGTGCGCCTTG_003,46
TCACCGAGATGTGCGCCTTG_004,177
TCACCGAGATGTGCGCCTTG_005,16
CCATGTTGGACATTACCTCG_001,12
CCATGTTGGACATTACCTCG_002,183
CCATGTTGGACATTACCTCG_003,117
CCATGTTGGACATTACCTCG_004,6
CCATGTTGGACATTACCTCG_005,12
CCATGTTGGACATTACCTCG_006,181
CCATGTTGGACATTACCTCG_007,95
CCATGTTGGACATTACCTCG_008,182
CCATGTTGGACATTACCTCG_009,47
CCATGTTGGACATTACCTCG_010,178
CCATGTTGGACATTACCTCG_011,124
CCATGTTGGACATTACCTCG_012,46
CCATGTTGGACATTACCTCG_013,1
CCATGTTGGACATTACCTCG_014,45
CCATGTTGGACATTACCTCG_015,62
CCATGTTGGACATTACCTCG_016,43
GGTAGATCCAACTTTACACA_001,96
GGTAGATCCAACTTTACACA_002,70
GGTAGATCCAACTTTACACA_003,127
GGTAGATCCAACTTTACACA_004,177
GGTAGATCCAACTTTACACA_005,49
GGTAGATCCAACTTTACACA_006,43
GTAGCAACCGTAGCCCACGA_001,108
GTAGCAACCGTAGCCCACGA_002,158
GTAGCAACCGTAGCCCACGA_003,119
GTAGCAACCGTAGCCCACGA_004,79
GTAGCAACCGTAGCCCACGA_005,188
AGAAGAGCGAGAGCGTGTTG_001,127
AGAAGAGCGAGAGCGTGTTG_002,197
AGAAGAGCGAGAGCGTGTTG_003,121
AGAAGAGCGAGAGCGTGTTG_004,105
AGAAGAGCGAGAGCGTGTTG_005,115
AGAAGAGCGAGAGCGTGTTG_006,140
AGAAGAGCGAGAGCGTGTTG_007,120
AGAAGAGCGAGAGCGTGTTG_008,89
AGAAGAGCGAGAGCGTGTTG_009,137
AGAAGAGCGAGAGCGTGTTG_010,48
AGAAGAGCGAGAGCGTGTTG_011,31
AGAAGAGCGAGAGCGTGTTG_012,13
ATCAAGTCCAGCCGGACACT_001,78
ATCAAGTCCAGCCGGACACT_002,70
ATCAAGTCCAGCCGGACACT_003,199
ATCAAGTCCAGCCGGACACT_004,115
ATCAAGTCCAGCCGGACACT_005,94
ATCAAGTCCAGCCGGACACT_006,131
ATCAAGTCCAGCCGGACACT_007,146
ATCAAGTCCAGCCGGACACT_008,50
ATCAAGTCCAGCCGGACACT_009,56
ATCAAGTCCAGCCGGACACT_010,141
ATCAAGTCCAGCCGGACACT_011,41
ATCAAGTCCAGCCGGACACT_012,110
ATCAAGTCCAGCCGGACACT_013,134
ATCAAGTCCAGCCGGACACT_014,81
ATCAAGTCCAGCCGGACACT_015,198
ATCAAGTCCAGCCGGACACT_016,50
ATCAAGTCCAGCCGGACACT_017,49
ATCAAGTCCAGCCGGACACT_018,161
ATCAAGTCCAGCCGGACACT_019,179
ATCAAGTCCAGCCGGACACT_020,52
ATCAAGTCCAGCCGGACACT_021,188
ATCAAGTCCAGCCGGACACT_022,94
ATCAAGTCCAGCCGGACACT_023,126
ATCAAGTCCAGCCGGACACT_024,191
ATCAAGTCCAGCCGGACACT_025,35
ATCAAGTCCAGCCGGACACT_026,29
ATCAAGTCCAGCCGGACACT_027,8
AGGTACACCAGCATGATGAG_001,147
AGGTACACCAGCATGATGAG_002,81
AGGTACACCAGCATGATGAG_003,62
AGGTACACCAGCATGATGAG_004,72
AGGTACACCAGCATGATGAG_005,78
AGGTACACCAGCATGATGAG_006,78
AGGTACACCAGCATGATGAG_007,23
AGGTACACCAGCATGATGAG_008,117
AGGTACACCAGCATGATGAG_009,98
AGGTACACCAGCATGATGAG_010,174
AGGTACACCAGCATGATGAG_011,159
AGGTACACCAGCATGATGAG_012,63
AGGTACACCAGCATGATGAG_013,19
AGGTACACCAGCATGATGAG_014,178
GTTAAAGGCTGAGTGGACCG_001,76
GTTAAAGGCTGAGTGGACCG_002,183
GTTAAAGGCTGAGTGGACCG_003,138
AAAACAACATCGAAGATGTG_001,2
AAAACAACATCGAAGATGTG_002,9
AAAACAACATCGAAGATGTG_003,2
AAAACAACATCGAAGATGTG_004,41
GCACGTGACTACCTGCAGCT_001,127
GCACGTGACTACCTGCAGCT_002,34
GCACGTGACTACCTGCAGCT_003,166
GCACGTGACTACCTGCAGCT_004,165
AAAGGGGTCGTAAACGCAGG_001,58
AAAGGGGTCGTAAACGCAGG_002,18
AAAGGGGTCGTAAACGCAGG_003,52
AAAGGGGTCGTAAACGCAGG_004,148
AAAGGGGTCGTAAACGCAGG_005,55
AAAGGGGTCGTAAACGCAGG_006,98
AAAGGGGTCGTAAACGCAGG_007,62
AAAGGGGTCGTAAACGCAGG_008,121
AAAGGGGTCGTAAACGCAGG_009,9
CTGTACGTGAACATGACTAG_001,157
CTGTACGTGAACATGACTAG_002,156
CTGTACGTGAACATGACTAG_003,22
CTGTACGTGAACATGACTAG_004,84
TCTGTAATAATCAAGAACCT_001,152
TCTGTAATAATCAAGAACCT_002,34
TCTGTAATAATCAAGAACCT_003,152
TCTGTAATAATCAAGAACCT_004,99
TCTGTAATAATCAAGAACCT_005,82
TCTGTAATAATCAAGAACCT_006,3
TCTGTAATAATCAAGAACCT_007,19
TCATGTCTCTTCATATTACA_001,73
TCATGTCTCTTCATATTACA_002,127
TCATGTCTCTTCATATTACA_003,150
TCATGTCTCTTCATATTACA_004,184
TGGTGGCCTGCATCGTGTCG_001,106
TGGTGGCCTGCATCGTGTCG_002,29
TGGTGGCCTGCATCGTGTCG_003,171
GTGGTCCTTCTGCTAAGCCA_001,54
GTGGTCCTTCTGCTAAGCCA_002,19
GTGGTCCTTCTGCTAAGCCA_003,181
GTGGTCCTTCTGCTAAGCCA_004,33
GTGGTCCTTCTGCTAAGCCA_005,19
GTGGTCCTTCTGCTAAGCCA_006,19
GTGGTCCTTCTGCTAAGCCA_007,20
GTGGTCCTTCTGCTAAGCCA_008,149
GTGGTCCTTCTGCTAAGCCA_009,166
GTGGTCCTTCTGCTAAGCCA_010,136
GTGGTCCTTCTGCTAAGCCA_011,48
GTGGTCCTTCTGCTAAGCCA_012,91
TGTGCTGGCTCCATCTTCTG_001,78
TGTGCTGGCTCCATCTTCTG_002,105
TGTGCTGGCTCCATCTTCTG_003,72
TGTGCTGGCTCCATCTTCTG_004,115
TGTGCTGGCTCCATCTTCTG_005,18
TGTGCTGGCTCCATCTTCTG_006,154
TGTGCTGGCTCCATCTTCTG_007,4
GGGGACCCCAGCGCACGCAG_001,194
GGGGACCCCAGCGCACGCAG_002,57
GGGGACCCCAGCGCACGCAG_003,134
GGGGACCCCAGCGCACGCAG_004,33
GGGGACCCCAGCGCACGCAG_005,41
GGGGACCCCAGCGCACGCAG_006,176
GGGGACCCCAGCGCACGCAG_007,145
GGGGACCCCAGCGCACGCAG_008,115
GGGGACCCCAGCGCACGCAG_009,177
GGGGACCCCAGCGCACGCAG_010,137
GGGGACCCCAGCGCACGCAG_011,132
GGGGACCCCAGCGCACGCAG_012,127
GGGGACCCCAGCGCACGCAG_013,42
GGGGACCCCAGCGCACGCAG_014,169
GGGGACCCCAGCGCACGCAG_015,144
GGGGACCCCAGCGCACGCAG_016,147
GGGGACCCCAGCGCACGCAG_017,187
GGGGACCCCAGCGCACGCAG_018,32
GGGGACCCCAGCGCACGCAG_019,148
GGGGACCCCAGCGCACGCAG_020,70
GGGGACCCCAGCGCACGCAG_021,72
GGGGACCCCAGCGCACGCAG_022,83
GGGGACCCCAGCGCACGCAG_023,101
GGGGACCCCAGCGCACGCAG_024,188
GGGGACCCCAGCGCACGCAG_025,19
GGGGACCCCAGCGCACGCAG_026,89
GGGGACCCCAGCGCACGCAG_027,87
GGGGACCCCAGCGCACGCAG_028,87
GGGGACCCCAGCGCACGCAG_029,38
GGGGACCCCAGCGCACGCAG_030,20
GGGGACCCCAGCGCACGCAG_031,64
GGGGACCCCAGCGCACGCAG_032,184
GGGGACCCCAGCGCACGCAG_033,157
GGGGACCCCAGCGCACGCAG_034,169
GGGGACCCCAGCGCACGCAG_035,61
GGGGACCCCAGCGCACGCAG_036,102
GGGGACCCCAGCGCACGCAG_037,82
GGGGACCCCAGCGCACGCAG_038,144
GGGGACCCCAGCGCACGCAG_039,72
GGGGACCCCAGCGCACGCAG_040,188
GGGGACCCCAGCGCACGCAG_041,108
GGGGACCCCAGCGCACGCAG_042,122
GGGGACCCCAGCGCACGCAG_043,24
GGGGACCCCAGCGCACGCAG_044,25
GGGGACCCCAGCGCACGCAG_045,127
GGGGACCCCAGCGCACGCAG_046,164
GGGGACCCCAGCGCACGCAG_047,114
GGGGACCCCAGCGCACGCAG_048,96
GGGGACCCCAGCGCACGCAG_049,112
GGGGACCCCAGCGCACGCAG_050,197
GGGGACCCCAGCGCACGCAG_051,61
GGGGACCCCAGCGCACGCAG_052,86
AGGAGAGAGACTTTCCATCA_001,107
AGGAGAGAGACTTTCCATCA_002,199
AGGAGAGAGACTTTCCATCA_003,93
AGGAGAGAGACTTTCCATCA_004,41
AGGAGAGAGACTTTCCATCA_005,56
AGGAGAGAGACTTTCCATCA_006,152
AGGAGAGAGACTTTCCATCA_007,65
AGGAGAGAGACTTTCCATCA_008,127
AGGAGAGAGACTTTCCATCA_009,152
AGGAGAGAGACTTTCCATCA_010,58
AGGAGAGAGACTTTCCATCA_011,169
AGGAGAGAGACTTTCCATCA_012,147
AGGAGAGAGACTTTCCATCA_013,58
AGGAGAGAGACTTTCCATCA_014,19
AGGAGAGAGACTTTCCATCA_015,2
AGGAGAGAGACTTTCCATCA_016,56
AGGAGAGAGACTTTCCATCA_017,75
TGAAGAGAGATACGACATAG_001,2
TGAAGAGAGATACGACATAG_002,61
TGAAGAGAGATACGACATAG_003,98
TGAAGAGAGATACGACATAG_004,128
TGAAGAGAGATACGACATAG_005,181
TGAAGAGAGATACGACATAG_006,124
CGGATCGGCCTGTCTCACCG_001,29
CGGATCGGCCTGTCTCACCG_002,84
CGGATCGGCCTGTCTCACCG_003,52
CGGATCGGCCTGTCTCACCG_004,142
CGGATCGGCCTGTCTCACCG_005,118
CGGATCGGCCTGTCTCACCG_006,153
CGGATCGGCCTGTCTCACCG_007,32
GCCTGCGGGACGGAGTACTG_001,25
GCCTGCGGGACGGAGTACTG_002,118
GCCTGCGGGACGGAGTACTG_003,38
GCCTGCGGGACGGAGTACTG_004,154
GCCTGCGGGACGGAGTACTG_005,163
GCCTGCGGGACGGAGTACTG_006,133
GCCTGCGGGACGGAGTACTG_007,42
GCCTGCGGGACGGAGTACTG_008,53
GCCTGCGGGACGGAGTACTG_009,58
GCCTGCGGGACGGAGTACTG_010,34
GCCTGCGGGACGGAGTACTG_011,19
GCCTGCGGGACGGAGTACTG_012,140
GCCTGCGGGACGGAGTACTG_013,163
GCCTGCGGGACGGAGTACTG_014,142
GCCTGCGGGACGGAGTACTG_015,1
GCCTGCGGGACGGAGTACTG_016,147
GCCTGCGGGACGGAGTACTG_017,116
GCCTGCGGGACGGAGTACTG_018,147
GCCTGCGGGACGGAGTACTG_019,130
GCCTGCGGGACGGAGTACTG_020,63
GCCTGCGGGACGGAGTACTG_021,24
GCCTGCGGGACGGAGTACTG_022,29
GCCTGCGGGACGGAGTACTG_023,82
GCCTGCGGGACGGAGTACTG_024,140
GCCTGCGGGACGGAGTACTG_025,76
GCCTGCGGGACGGAGTACTG_026,49
GCCTGCGGGACGGAGTACTG_027,17
GCCTGCGGGACGGAGTACTG_028,27
TAAGCGAAATAGTACCCATG_001,48
TAAGCGAAATAGTACCCATG_002,87
TAAGCGAAATAGTACCCATG_003,158
TAAGCGAAATAGTACCCATG_004,67
TAAGCGAAATAGTACCCATG_005,57
TAAGCGAAATAGTACCCATG_006,85
CCTTCCTGGCATAACCAGAG_001,160
CCTTCCTGGCATAACCAGAG_002,122
CCTTCCTGGCATAACCAGAG_003,116
CCTTCCTGGCATAACCAGAG_004,0
CCTTCCTGGCATAACCAGAG_005,22
CCTTCCTGGCATAACCAGAG_006,118
CCTTCCTGGCATAACCAGAG_007,0
CCTTCCTGGCATAACCAGAG_008,26
CCTTCCTGGCATAACCAGAG_009,81
CCTTCCTGGCATAACCAGAG_010,42
CCTTCCTGGCATAACCAGAG_011,148
CCTTCCTGGCATAACCAGAG_012,49
CCTTCCTGGCATAACCAGAG_013,59
CCTTCCTGGCATAACCAGAG_014,191
CCTTCCTGGCATAACCAGAG_015,167
CCTTCCTGGCATAACCAGAG_016,45
CCTTCCTGGCATAACCAGAG_017,96
CTGTCCTTCACAATAAGCCG_001,73
CTGTCCTTCACAATAAGCCG_002,151
CTGTCCTTCACAATAAGCCG_003,149
ATATTCCTGCAACATAGGCT_001,99
ATATTCCTGCAACATAGGCT_002,92
ATATTCCTGCAACATAGGCT_003,145
ATATTCCTGCAACATAGGCT_004,20
ATATTCCTGCAACATAGGCT_005,145
ATATTCCTGCAACATAGGCT_006,56
ATATTCCTGCAACATAGGCT_007,112
ATATTCCTGCAACATAGGCT_008,96
ATATTCCTGCAACATAGGCT_009,188
ATATTCCTGCAACATAGGCT_010,169
ATATTCCTGCAACATAGGCT_011,63
ATATTCCTGCAACATAGGCT_012,49
ATATTCCTGCAACATAGGCT_013,17
ATATTCCTGCAACATAGGCT_014,107
ATATTCCTGCAACATAGGCT_015,69
CAGCCAGGGCCCATCGCCAG_001,154
CAGCCAGGGCCCATCGCCAG_002,198
CAGCCAGGGCCCATCGCCAG_003,175
CAGCCAGGGCCCATCGCCAG_004,103
CAGCCAGGGCCCATCGCCAG_005,48
CAGCCAGGGCCCATCGCCAG_006,148
CAGCCAGGGCCCATCGCCAG_007,102
CAGCCAGGGCCCATCGCCAG_008,8
CAGCCAGGGCCCATCGCCAG_009,42
CAGCCAGGGCCCATCGCCAG_010,144
CAGCCAGGGCCCATCGCCAG_011,85
CAGCCAGGGCCCATCGCCAG_012,103
CAGCCAGGGCCCATCGCCAG_013,130
CAGCCAGGGCCCATCGCCAG_014,123
CAGCCAGGGCCCATCGCCAG_015,166
CAGCCAGGGCCCATCGCCAG_016,182
CAGCCAGGGCCCATCGCCAG_017,58
CAGCCAGGGCCCATCGCCAG_018,183
CAGCCAGGGCCCATCGCCAG_019,160
CAGCCAGGGCCCATCGCCAG_020,48
ATTTCACCAGGTGACCTGGG_001,106
ATTTCACCAGGTGACCTGGG_002,130
ATTTCACCAGGTGACCTGGG_003,68
ATTTCACCAGGTGACCTGGG_004,12
ATTTCACCAGGTGACCTGGG_005,48
ATTTCACCAGGTGACCTGGG_006,186
ATTTCACCAGGTGACCTGGG_007,182
ATTTCACCAGGTGACCTGGG_008,130
ATTTCACCAGGTGACCTGGG_009,166
CATTAAAGATAGTCATCTTG_001,13
TATAACCAAGTATACACAAG_001,76
TATAACCAAGTATACACAAG_002,132
TATAACCAAGTATACACAAG_003,3
AAAGTACTTTGGTCCCAGCG_001,147
AAAGTACTTTGGTCCCAGCG_002,69
AAAGTACTTTGGTCCCAGCG_003,82
AAAGTACTTTGGTCCCAGCG_004,93
AAAGTACTTTGGTCCCAGCG_005,81
AAAGTACTTTGGTCCCAGCG_006,149
CCGGTATGCTGATCACGTTG_001,76
CCGGTATGCTGATCACGTTG_002,60
CCGGTATGCTGATCACGTTG_003,176
GGAAACAGATCAGAATGCAA_001,170
GGAAACAGATCAGAATGCAA_002,27
GGAAACAGATCAGAATGCAA_003,105
GGAAACAGATCAGAATGCAA_004,189
GGAAACAGATCAGAATGCAA_005,44
GGAAACAGATCAGAATGCAA_006,0
GGAAACAGATCAGAATGCAA_007,0
GGAAACAGATCAGAATGCAA_008,14
GGAAACAGATCAGAATGCAA_009,20
GGCCCTGATGTCGTAGAGGG_001,197
GGCCCTGATGTCGTAGAGGG_002,127
GGCCCTGATGTCGTAGAGGG_003,41
GGCCCTGATGTCGTAGAGGG_004,47
GGCCCTGATGTCGTAGAGGG_005,38
GGCCCTGATGTCGTAGAGGG_006,10
GGCCCTGATGTCGTAGAGGG_007,151
GGCCCTGATGTCGTAGAGGG_008,148
GGCCCTGATGTCGTAGAGGG_009,41
GGCCCTGATGTCGTAGAGGG_010,151
GGCCCTGATGTCGTAGAGGG_011,63
GGCCCTGATGTCGTAGAGGG_012,172
GGCCCTGATGTCGTAGAGGG_013,48
GGCCCTGATGTCGTAGAGGG_014,149
GGCCCTGATGTCGTAGAGGG_015,85
GGCCCTGATGTCGTAGAGGG_016,33
GGCCCTGATGTCGTAGAGGG_017,168
GGCCCTGATGTCGTAGAGGG_018,175
AATAAGAAGGCTCCGCCAGG_001,149
AATAAGAAGGCTCCGCCAGG_002,36
GTGCGTGCCCTGCAGCGACG_001,141
GTGCGTGCCCTGCAGCGACG_002,108
GTGCGTGCCCTGCAGCGACG_003,117
GTGCGTGCCCTGCAGCGACG_004,110
GTGCGTGCCCTGCAGCGACG_005,168
GTGCGTGCCCTGCAGCGACG_006,191
GTGCGTGCCCTGCAGCGACG_007,71
GTGCGTGCCCTGCAGCGACG_008,141
GTGCGTGCCCTGCAGCGACG_009,145
TGTCACTAAGAAGCAGCTGG_001,124
TGTCACTAAGAAGCAGCTGG_002,123
TGTCACTAAGAAGCAGCTGG_003,98
TGTCACTAAGAAGCAGCTGG_004,43
AGCAGCTACGATAAGAACCA_001,132
AGCAGCTACGATAAGAACCA_002,40
AGCAGCTACGATAAGAACCA_003,21
AGCAGCTACGATAAGAACCA_004,104
AGCAGCTACGATAAGAACCA_005,61
TGCAGTTCCAGCGCTCAAAG_001,184
TGCAGTTCCAGCGCTCAAAG_002,148
TGCAGTTCCAGCGCTCAAAG_003,1
TGCAGTTCCAGCGCTCAAAG_004,56
TGCAGTTCCAGCGCTCAAAG_005,103
TGCAGTTCCAGCGCTCAAAG_006,41
TGCAGTTCCAGCGCTCAAAG_007,149
TGCAGTTCCAGCGCTCAAAG_008,143
TGCAGTTCCAGCGCTCAAAG_009,108
TGCAGTTCCAGCGCTCAAAG_010,156
TGCAGTTCCAGCGCTCAAAG_011,114
TGCAGTTCCAGCGCTCAAAG_012,168
TGCAGTTCCAGCGCTCAAAG_013,102
TGCAGTTCCAGCGCTCAAAG_014,32
TGCAGTTCCAGCGCTCAAAG_015,12
TGCAGTTCCAGCGCTCAAAG_016,83
TGCAGTTCCAGCGCTCAAAG_017,187
TGCAGTTCCAGCGCTCAAAG_018,117
TGCAGTTCCAGCGCTCAAAG_019,146
TGCAGTTCCAGCGCTCAAAG_020,174
TGCAGTTCCAGCGCTCAAAG_021,53
TGCAGTTCCAGCGCTCAAAG_022,97
TGCAGTTCCAGCGCTCAAAG_023,45
TGCAGTTCCAGCGCTCAAAG_024,17
TGCAGTTCCAGCGCTCAAAG_025,165
TCAGGAGTCAATTCAAACAG_001,117
TCAGGAGTCAATTCAAACAG_002,40
TCAGGAGTCAATTCAAACAG_003,102
TCAGGAGTCAATTCAAACAG_004,47
TCAGGAGTCAATTCAAACAG_005,10
TCAGGAGTCAATTCAAACAG_006,138
GCATCATGGCGGTAGAACCA_001,123
GCATCATGGCGGTAGAACCA_002,117
GCATCATGGCGGTAGAACCA_003,188
GCATCATGGCGGTAGAACCA_004,157
GCATCATGGCGGTAGAACCA_005,50
GGAGACCAGCGCGAGAAGAG_001,19
GGAGACCAGCGCGAGAAGAG_002,116
GGAGACCAGCGCGAGAAGAG_003,136
GGAGACCAGCGCGAGAAGAG_004,196
ACCGTCCACCTGCCTCAATG_001,72
ACCGTCCACCTGCCTCAATG_002,102
ACCGTCCACCTGCCTCAATG_003,170
ACCGTCCACCTGCCTCAATG_004,50
ACCGTCCACCTGCCTCAATG_005,88
ACCGTCCACCTGCCTCAATG_006,48
ACCGTCCACCTGCCTCAATG_007,162
ACCGTCCACCTGCCTCAATG_008,65
ACCGTCCACCTGCCTCAATG_009,79
ACCGTCCACCTGCCTCAATG_010,180
ACCGTCCACCTGCCTCAATG_011,124
ACCGTCCACCTGCCTCAATG_012,49
ACCGTCCACCTGCCTCAATG_013,16
ACCGTCCACCTGCCTCAATG_014,78
ACCGTCCACCTGCCTCAATG_015,169
TCAGTCTGTACCATAAAGGT_001,9
TCAGTCTGTACCATAAAGGT_002,106
CCATTGACCTTACGGAGCGT_001,185
CCATTGACCTTACGGAGCGT_002,142
CCATTGACCTTACGGAGCGT_003,14
CCATTGACCTTACGGAGCGT_004,182
CCATTGACCTTACGGAGCGT_005,144
CCATTGACCTTACGGAGCGT_006,66
CCATTGACCTTACGGAGCGT_007,76
CCATTGACCTTACGGAGCGT_008,190
CCATTGACCTTACGGAGCGT_009,35
CCATTGACCTTACGGAGCGT_010,176
CCATTGACCTTACGGAGCGT_011,4
CCATTGACCTTACGGAGCGT_012,4
CCATTGACCTTACGGAGCGT_013,113
CCATTGACCTTACGGAGCGT_014,94
CCATTGACCTTACGGAGCGT_015,116
CCATTGACCTTACGGAGCGT_016,10
CCATTGACCTTACGGAGCGT_017,184
CCATTGACCTTACGGAGCGT_018,141
CCATTGACCTTACGGAGCGT_019,192
CCATTGACCTTACGGAGCGT_020,185
CCATTGACCTTACGGAGCGT_021,46
GCTGCTGAAACTGTAACCAA_001,125
GCTGCTGAAACTGTAACCAA_002,2
GCTGCTGAAACTGTAACCAA_003,175
GCTGCTGAAACTGTAACCAA_004,178
GGTGGAATTCCTCACAATTG_001,127
GGTGGAATTCCTCACAATTG_002,121
AGCTCATTGAGCTACAGGCT_001,41
AGCTCATTGAGCTACAGGCT_002,117
AGCTCATTGAGCTACAGGCT_003,38
AGCTCATTGAGCTACAGGCT_004,178
CTTGACGGAGCAATGCACGT_001,98
CTTGACGGAGCAATGCACGT_002,62
CTTGACGGAGCAATGCACGT_003,58
CTTGACGGAGCAATGCACGT_004,52
CTTGACGGAGCAATGCACGT_005,115
CTTGACGGAGCAATGCACGT_006,137
CTTGACGGAGCAATGCACGT_007,30
CTTGACGGAGCAATGCACGT_008,13
CTTGACGGAGCAATGCACGT_009,118
CTTGACGGAGCAATGCACGT_010,103
CTTGACGGAGCAATGCACGT_011,2
GAATGTGTAAGAATTTATGG_001,38
GAATGTGTAAGAATTTATGG_002,38
GAATGTGTAAGAATTTATGG_003,107
GAATGTGTAAGAATTTATGG_004,119
GAATGTGTAAGAATTTATGG_005,106
CCGTGTAGTGAAAGCTCATG_001,62
CCGTGTAGTGAAAGCTCATG_002,56
CCGTGTAGTGAAAGCTCATG_003,180
ACATTGAGCTCCATAGTGAT_001,2
ACATTGAGCTCCATAGTGAT_002,174
ACATTGAGCTCCATAGTGAT_003,102
ACATTGAGCTCCATAGTGAT_004,28
ACATTGAGCTCCATAGTGAT_005,182
ACATTGAGCTCCATAGTGAT_006,72
AAGGCGCTGACTCTTCAGAA_001,58
AAGGCGCTGACTCTTCAGAA_002,118
GGCTGGAACCCTCAGAGCGA_001,189
GGCTGGAACCCTCAGAGCGA_002,193
GGCTGGAACCCTCAGAGCGA_003,127
GGCTGGAACCCTCAGAGCGA_004,177
GGCTGGAACCCTCAGAGCGA_005,41
GGCTGGAACCCTCAGAGCGA_006,68
GGCTGGAACCCTCAGAGCGA_007,96
GGCTGGAACCCTCAGAGCGA_008,41
GGCTGGAACCCTCAGAGCGA_009,55
GGCTGGAACCCTCAGAGCGA_010,120
GGCTGGAACCCTCAGAGCGA_011,65
GGCTGGAACCCTCAGAGCGA_012,77
GGCTGGAACCCTCAGAGCGA_013,188
GGCTGGAACCCTCAGAGCGA_014,39
GGCTGGAACCCTCAGAGCGA_015,90
GGCTGGAACCCTCAGAGCGA_016,12
GGCTGGAACCCTCAGAGCGA_017,190
GGCTGGAACCCTCAGAGCGA_018,145
GGCCCGGGAGAAGACAACCG_001,7
GGCCCGGGAGAAGACAACCG_002,8
GGCCCGGGAGAAGACAACCG_003,111
GGCCCGGGAGAAGACAACCG_004,21
GGCCCGGGAGAAGACAACCG_005,102
GGCCCGGGAGAAGACAACCG_006,18
GGCCCGGGAGAAGACAACCG_007,34
ATGGCGGCCTCAGCAGCGAG_001,172
ATGGCGGCCTCAGCAGCGAG_002,160
ATGGCGGCCTCAGCAGCGAG_003,1
ATGGCGGCCTCAGCAGCGAG_004,197
ATGGCGGCCTCAGCAGCGAG_005,150
ATGGCGGCCTCAGCAGCGAG_006,81
ATGGCGGCCTCAGCAGCGAG_007,97
ATGGCGGCCTCAGCAGCGAG_008,15
ATGGCGGCCTCAGCAGCGAG_009,113
ATGGCGGCCTCAGCAGCGAG_010,93
ATGGCGGCCTCAGCAGCGAG_011,172
ATGGCGGCCTCAGCAGCGAG_012,177
ATGGCGGCCTCAGCAGCGAG_013,13
ATGGCGGCCTCAGCAGCGAG_014,5
ATGGCGGCCTCAGCAGCGAG_015,81
ATGGCGGCCTCAGCAGCGAG_016,57
ATGGCGGCCTCAGCAGCGAG_017,121
ATGGCGGCCTCAGCAGCGAG_018,161
ATGGCGGCCTCAGCAGCGAG_019,108
ATGGCGGCCTCAGCAGCGAG_020,58
ATGGCGGCCTCAGCAGCGAG_021,88
ATGGCGGCCTCAGCAGCGAG_022,27
TCGTGTCTTGGACTTCAATG_001,157
TCGTGTCTTGGACTTCAATG_002,2
TCGTGTCTTGGACTTCAATG_003,117
TCGTGTCTTGGACTTCAATG_004,15
TCTGATGCTTGAATCGTGTG_001,35
TCTGATGCTTGAATCGTGTG_002,83
TCACAGTCATCTCATCCTAA_001,29
TCACAGTCATCTCATCCTAA_002,82
TCACAGTCATCTCATCCTAA_003,182
CAGGAAAGAGCCCCCGTTCG_001,103
CAGGAAAGAGCCCCCGTTCG_002,49
CAGGAAAGAGCCCCCGTTCG_003,142
CAGGAAAGAGCCCCCGTTCG_004,50
ACCCACAGCCCCGACCACGA_001,0
ACCCACAGCCCCGACCACGA_002,65
ACCCACAGCCCCGACCACGA_003,41
ACCCACAGCCCCGACCACGA_004,77
ACCCACAGCCCCGACCACGA_005,183
ACCCACAGCCCCGACCACGA_006,10
ACCCACAGCCCCGACCACGA_007,40
ACCCACAGCCCCGACCACGA_008,61
ACCCACAGCCCCGACCACGA_009,159
ACCCACAGCCCCGACCACGA_010,106
ACCCACAGCCCCGACCACGA_011,88
ACCCACAGCCCCGACCACGA_012,4
ACCCACAGCCCCGACCACGA_013,81
ACCCACAGCCCCGACCACGA_014,168
ACCCACAGCCCCGACCACGA_015,168
ACCCACAGCCCCGACCACGA_016,13
AACGCTGCCGACCTACTCGT_001,105
AACGCTGCCGACCTACTCGT_002,127
AACGCTGCCGACCTACTCGT_003,58
AACGCTGCCGACCTACTCGT_004,169
AACGCTGCCGACCTACTCGT_005,194
AACGCTGCCGACCTACTCGT_006,51
AACGCTGCCGACCTACTCGT_007,141
AACGCTGCCGACCTACTCGT_008,58
AACGCTGCCGACCTACTCGT_009,64
AACGCTGCCGACCTACTCGT_010,133
AACGCTGCCGACCTACTCGT_011,149
AACGCTGCCGACCTACTCGT_012,50
AACGCTGCCGACCTACTCGT_013,127
AACGCTGCCGACCTACTCGT_014,147
AACGCTGCCGACCTACTCGT_015,61
AACGCTGCCGACCTACTCGT_016,88
AACGCTGCCGACCTACTCGT_017,59
AACGCTGCCGACCTACTCGT_018,103
AACGCTGCCGACCTACTCGT_019,127
AACGCTGCCGACCTACTCGT_020,95
CAAAGCTAAAGATGAGTCGC_001,77
CAAAGCTAAAGATGAGTCGC_002,103
CAAAGCTAAAGATGAGTCGC_003,121
CAAAGCTAAAGATGAGTCGC_004,121
CAAAGCTAAAGATGAGTCGC_005,63
CAAAGCTAAAGATGAGTCGC_006,77
CAAAGCTAAAGATGAGTCGC_007,90
CAAAGCTAAAGATGAGTCGC_008,152
CAAAGCTAAAGATGAGTCGC_009,76
AACCTCAGAGGTCAAACGTG_001,102
AACCTCAGAGGTCAAACGTG_002,15
AACCTCAGAGGTCAAACGTG_003,69
AACCTCAGAGGTCAAACGTG_004,173
AAGGGCCTATTCTGTCACTT_001,58
AAGGGCCTATTCTGTCACTT_002,100
AAGGGCCTATTCTGTCACTT_003,148
AAGGGCCTATTCTGTCACTT_004,88
AAGGGCCTATTCTGTCACTT_005,30
AAGGGCCTATTCTGTCACTT_006,7
AAGGGCCTATTCTGTCACTT_007,82
AAGGGCCTATTCTGTCACTT_008,73
AAGGGCCTATTCTGTCACTT_009,163
AAGGGCCTATTCTGTCACTT_010,55
AAGGGCCTATTCTGTCACTT_011,84
ACATGGAATCGGTTATACTC_001,78
ACATGGAATCGGTTATACTC_002,186
ACATGGAATCGGTTATACTC_003,186
ACATGGAATCGGTTATACTC_004,127
ACATGGAATCGGTTATACTC_005,54
ACATGGAATCGGTTATACTC_006,119
ACATGGAATCGGTTATACTC_007,80
ACATGGAATCGGTTATACTC_008,98
ACATGGAATCGGTTATACTC_009,188
ACATGGAATCGGTTATACTC_010,13
TCGAGTACCCCGAGAGCTCG_001,70
TCGAGTACCCCGAGAGCTCG_002,9
TCGAGTACCCCGAGAGCTCG_003,86
TCGAGTACCCCGAGAGCTCG_004,69
TCGAGTACCCCGAGAGCTCG_005,146
TCGAGTACCCCGAGAGCTCG_006,185
TCGAGTACCCCGAGAGCTCG_007,34
TCGAGTACCCCGAGAGCTCG_008,81
TCGAGTACCCCGAGAGCTCG_009,131
TCGAGTACCCCGAGAGCTCG_010,168
TCGAGTACCCCGAGAGCTCG_011,174
ATACATGAACTGAAGCGTCA_001,0
ATACATGAACTGAAGCGTCA_002,96
ATACATGAACTGAAGCGTCA_003,52
ATACATGAACTGAAGCGTCA_004,113
ATACATGAACTGAAGCGTCA_005,130
ATACATGAACTGAAGCGTCA_006,29
ATACATGAACTGAAGCGTCA_007,61
GGCACGAACTCACCTGCACA_001,172
GGCACGAACTCACCTGCACA_002,171
GGCACGAACTCACCTGCACA_003,7
GGCACGAACTCACCTGCACA_004,190
GGCACGAACTCACCTGCACA_005,176
GGCACGAACTCACCTGCACA_006,148
GGCACGAACTCACCTGCACA_007,23
GGCACGAACTCACCTGCACA_008,158
GGCACGAACTCACCTGCACA_009,177
GGCACGAACTCACCTGCACA_010,125
GGCACGAACTCACCTGCACA_011,80
GGCACGAACTCACCTGCACA_012,142
AAGATGAATCGGTTGGCATG_001,159
AAGATGAATCGGTTGGCATG_002,131
AAGATGAATCGGTTGGCATG_003,191
AAGATGAATCGGTTGGCATG_004,195
AAGATGAATCGGTTGGCATG_005,166
AAGATGAATCGGTTGGCATG_006,68
AAGATGAATCGGTTGGCATG_007,18
AAGATGAATCGGTTGGCATG_008,127
AAGATGAATCGGTTGGCATG_009,48
AAGATGAATCGGTTGGCATG_010,48
AAGATGAATCGGTTGGCATG_011,188
AAGATGAATCGGTTGGCATG_012,103
AAGATGAATCGGTTGGCATG_013,159
AAGATGAATCGGTTGGCATG_014,52
AAGATGAATCGGTTGGCATG_015,47
AAGATGAATCGGTTGGCATG_016,58
AAGATGAATCGGTTGGCATG_017,62
AAGATGAATCGGTTGGCATG_018,127
AAGATGAATCGGTTGGCATG_019,48
AAGATGAATCGGTTGGCATG_020,72
AAGATGAATCGGTTGGCATG_021,18
AAGATGAATCGGTTGGCATG_022,147
AAGATGAATCGGTTGGCATG_023,86
AAGATGAATCGGTTGGCATG_024,169
AAGATGAATCGGTTGGCATG_025,175
AAGATGAATCGGTTGGCATG_026,188
GAGACTGAAAAAACTCCCCA_001,134
GAGACTGAAAAAACTCCCCA_002,81
GAGACTGAAAAAACTCCCCA_003,182
GAGACTGAAAAAACTCCCCA_004,29
GAGACTGAAAAAACTCCCCA_005,79
GAGACTGAAAAAACTCCCCA_006,145
GAGACTGAAAAAACTCCCCA_007,12
GAGACTGAAAAAACTCCCCA_008,25
GAGACTGAAAAAACTCCCCA_009,8
GAGACTGAAAAAACTCCCCA_010,187
CGGCCCAAGATGACTCACAC_001,62
CGGCCCAAGATGACTCACAC_002,105
CGGCCCAAGATGACTCACAC_003,32
CGGCCCAAGATGACTCACAC_004,101
CGGCCCAAGATGACTCACAC_005,146
CGGCCCAAGATGACTCACAC_006,45
CGGCCCAAGATGACTCACAC_007,78
CAGACGGGCATACAGCACAC_001,77
CAGACGGGCATACAGCACAC_002,68
TCAGCCAGCTGAATTCATTG_001,28
TGGGTAGCTGATGACACAAG_001,172
TGGGTAGCTGATGACACAAG_002,184
TGGGTAGCTGATGACACAAG_003,28
TGGGTAGCTGATGACACAAG_004,92
TGGGTAGCTGATGACACAAG_005,40
TGGGTAGCTGATGACACAAG_006,149
TGGGTAGCTGATGACACAAG_007,80
TGGGTAGCTGATGACACAAG_008,79
TGTAATGTAGGTCTCCCAGG_001,77
TGTAATGTAGGTCTCCCAGG_002,110
TGTATCCACTTGGCACGACG_001,68
TGTATCCACTTGGCACGACG_002,106
TGTATCCACTTGGCACGACG_003,108
TGTATCCACTTGGCACGACG_004,129
TGTATCCACTTGGCACGACG_005,149
TGTATCCACTTGGCACGACG_006,175
TGTATCCACTTGGCACGACG_007,8
TGTATCCACTTGGCACGACG_008,151
TGTATCCACTTGGCACGACG_009,176
TGTATCCACTTGGCACGACG_010,42
TGTATCCACTTGGCACGACG_011,21
TTCCTTCTCCAATTGAACCG_001,61
TTCCTTCTCCAATTGAACCG_002,194
GTTATATAACCAGCAATGAG_001,31
GTTATATAACCAGCAATGAG_002,146
GGGGAAGCGCTTGTAGACTG_001,133
GGGGAAGCGCTTGTAGACTG_002,133
GGGGAAGCGCTTGTAGACTG_003,194
GGGGAAGCGCTTGTAGACTG_004,196
GGGGAAGCGCTTGTAGACTG_005,152
GGGGAAGCGCTTGTAGACTG_006,125
GGGGAAGCGCTTGTAGACTG_007,139
AGATCAGCCGTGCCACTGAA_001,113
AGATCAGCCGTGCCACTGAA_002,9
AGATCAGCCGTGCCACTGAA_003,150
AGATCAGCCGTGCCACTGAA_004,170
AGATCAGCCGTGCCACTGAA_005,106
AGATCAGCCGTGCCACTGAA_006,70
AGATCAGCCGTGCCACTGAA_007,130
AGATCAGCCGTGCCACTGAA_008,82
AGATCAGCCGTGCCACTGAA_009,31
AGATCAGCCGTGCCACTGAA_010,76
AGATCAGCCGTGCCACTGAA_011,63
AGATCAGCCGTGCCACTGAA_012,62
AGATCAGCCGTGCCACTGAA_013,70
AGATCAGCCGTGCCACTGAA_014,64
AGATCAGCCGTGCCACTGAA_015,144
AGATCAGCCGTGCCACTGAA_016,28
TTGGACTCTTTAACACTACC_001,174
TTGGACTCTTTAACACTACC_002,174
TTGGACTCTTTAACACTACC_003,60
TTGGACTCTTTAACACTACC_004,199
TTGGACTCTTTAACACTACC_005,184
CAGACCCTGGGTGTCGACAA_001,176
CAGACCCTGGGTGTCGACAA_002,49
CAGACCCTGGGTGTCGACAA_003,142
CAGACCCTGGGTGTCGACAA_004,19
CAGACCCTGGGTGTCGACAA_005,159
CAGACCCTGGGTGTCGACAA_006,70
CAGACCCTGGGTGTCGACAA_007,12
CAGACCCTGGGTGTCGACAA_008,71
CAGACCCTGGGTGTCGACAA_009,33
CAGACCCTGGGTGTCGACAA_010,190
CAGACCCTGGGTGTCGACAA_011,71
CAGACCCTGGGTGTCGACAA_012,115
CAGACCCTGGGTGTCGACAA_013,1
CAGACCCTGGGTGTCGACAA_014,33
CAGACCCTGGGTGTCGACAA_015,170
CAGACCCTGGGTGTCGACAA_016,177
CAGACCCTGGGTGTCGACAA_017,80
CAGACCCTGGGTGTCGACAA_018,108
CAGACCCTGGGTGTCGACAA_019,155
CAGACCCTGGGTGTCGACAA_020,67
CAGACCCTGGGTGTCGACAA_021,77
CAGACCCTGGGTGTCGACAA_022,188
CAGACCCTGGGTGTCGACAA_023,159
CAGACCCTGGGTGTCGACAA_024,169
CAGACCCTGGGTGTCGACAA_025,170
CAGACCCTGGGTGTCGACAA_026,2
CAGACCCTGGGTGTCGACAA_027,134
CAGACCCTGGGTGTCGACAA_028,56
CAGACCCTGGGTGTCGACAA_029,101
CAGACCCTGGGTGTCGACAA_030,192
CAGACCCTGGGTGTCGACAA_031,90
CCTCTGGTCTTCAGACCGAG_001,72
CCTCTGGTCTTCAGACCGAG_002,75
CCTCTGGTCTTCAGACCGAG_003,5
CCTCTGGTCTTCAGACCGAG_004,68
CCTCTGGTCTTCAGACCGAG_005,113
CCTCTGGTCTTCAGACCGAG_006,171
CCTCTGGTCTTCAGACCGAG_007,170
CCTCTGGTCTTCAGACCGAG_008,69
TCCAGCACCACGCGGCCGAG_001,162
TCCAGCACCACGCGGCCGAG_002,28
TCCAGCACCACGCGGCCGAG_003,27
TCCAGCACCACGCGGCCGAG_004,188
TCCAGCACCACGCGGCCGAG_005,197
TCCAGCACCACGCGGCCGAG_006,154
TCCAGCACCACGCGGCCGAG_007,103
TCCAGCACCACGCGGCCGAG_008,145
GCAATCGGTGACCGGCGTAG_001,9
GCAATCGGTGACCGGCGTAG_002,184
GCAATCGGTGACCGGCGTAG_003,46
GCAATCGGTGACCGGCGTAG_004,156
GCCCTCGGGAGGCCTAAGCG_001,86
GCCCTCGGGAGGCCTAAGCG_002,129
GCCCTCGGGAGGCCTAAGCG_003,1
GCCCTCGGGAGGCCTAAGCG_004,197
GCCCTCGGGAGGCCTAAGCG_005,181
GCCCTCGGGAGGCCTAAGCG_006,115
GCCCTCGGGAGGCCTAAGCG_007,121
GCCCTCGGGAGGCCTAAGCG_008,106
GCCCTCGGGAGGCCTAAGCG_009,127
GCCCTCGGGAGGCCTAAGCG_010,45
GCCCTCGGGAGGCCTAAGCG_011,4
GCCCTCGGGAGGCCTAAGCG_012,49
GCCCTCGGGAGGCCTAAGCG_013,52
GCCCTCGGGAGGCCTAAGCG_014,5
GCCCTCGGGAGGCCTAAGCG_015,148
GCCCTCGGGAGGCCTAAGCG_016,6
GCCCTCGGGAGGCCTAAGCG_017,7
GCCCTCGGGAGGCCTAAGCG_018,116
GCCCTCGGGAGGCCTAAGCG_019,168
GCCCTCGGGAGGCCTAAGCG_020,196
CCTCGATTTGCACACACATG_001,125
CCTCGATTTGCACACACATG_002,137
CCTCGATTTGCACACACATG_003,78
GCTTTGCCCCACGATCACAG_001,62
GCTTTGCCCCACGATCACAG_002,199
GCTTTGCCCCACGATCACAG_003,146
GCTTTGCCCCACGATCACAG_004,84
GCTTTGCCCCACGATCACAG_005,98
GCTTTGCCCCACGATCACAG_006,61
GCTTTGCCCCACGATCACAG_007,22
GCTTTGCCCCACGATCACAG_008,124
GCTTTGCCCCACGATCACAG_009,29
GCTTTGCCCCACGATCACAG_010,41
GGGACGCTGTGGGTTCGCCG_001,165
GGGACGCTGTGGGTTCGCCG_002,119
GGGACGCTGTGGGTTCGCCG_003,170
GGGACGCTGTGGGTTCGCCG_004,130
GGGACGCTGTGGGTTCGCCG_005,5
GGGACGCTGTGGGTTCGCCG_006,189
GGGACGCTGTGGGTTCGCCG_007,48
GGGACGCTGTGGGTTCGCCG_008,169
GGGACGCTGTGGGTTCGCCG_009,34
GGGACGCTGTGGGTTCGCCG_010,48
GGGACGCTGTGGGTTCGCCG_011,9
GGGACGCTGTGGGTTCGCCG_012,197
GGGACGCTGTGGGTTCGCCG_013,47
GGGACGCTGTGGGTTCGCCG_014,141
GGGACGCTGTGGGTTCGCCG_015,48
GGGACGCTGTGGGTTCGCCG_016,169
GTGTGTGATTCTCCATTGAA_001,76
GTGTGTGATTCTCCATTGAA_002,59
GTGTGTGATTCTCCATTGAA_003,105
GTGTGTGATTCTCCATTGAA_004,47
AAAAAAGTCTCCATCAGCAT_001,15
GTGATGGTAATTGTTTGCCA_001,43
TAGAGTCGGAATATGAGGTA_001,24
TAGAGTCGGAATATGAGGTA_002,60
TAGAGTCGGAATATGAGGTA_003,198
TAGAGTCGGAATATGAGGTA_004,141
TGAACCTAAGGCAACAGTTG_001,18
TCAGTGCCATTGATTTAGAG_001,77
TCAGTGCCATTGATTTAGAG_002,118
TCAGTGCCATTGATTTAGAG_003,78
TCAGTGCCATTGATTTAGAG_004,149
TCAGTGCCATTGATTTAGAG_005,172
TCAGTGCCATTGATTTAGAG_006,114
TCAGTGCCATTGATTTAGAG_007,114
TCAGTGCCATTGATTTAGAG_008,142
TCAGTGCCATTGATTTAGAG_009,175
TGGCTGGCGAAGATAGTCCG_001,87
GAGAGAGCAGGGCAGGACAT_001,78
GAGAGAGCAGGGCAGGACAT_002,187
GAGTAGGATGCCAAGCACGG_001,199
GAGTAGGATGCCAAGCACGG_002,19
GAGTAGGATGCCAAGCACGG_003,60
GAGTAGGATGCCAAGCACGG_004,65
GAGTAGGATGCCAAGCACGG_005,69
GAGTAGGATGCCAAGCACGG_006,140
GAGTAGGATGCCAAGCACGG_007,105
GAGTAGGATGCCAAGCACGG_008,189
GAGTAGGATGCCAAGCACGG_009,150
GAGTAGGATGCCAAGCACGG_010,147
GAGTAGGATGCCAAGCACGG_011,41
GAGTAGGATGCCAAGCACGG_012,143
GAGTAGGATGCCAAGCACGG_013,130
GAGTAGGATGCCAAGCACGG_014,96
GAGTAGGATGCCAAGCACGG_015,51
GAGTAGGATGCCAAGCACGG_016,2
GAGTAGGATGCCAAGCACGG_017,115
GAGTAGGATGCCAAGCACGG_018,99
GAGTAGGATGCCAAGCACGG_019,171
GAGTAGGATGCCAAGCACGG_020,199
GAGTAGGATGCCAAGCACGG_021,148
GAGTAGGATGCCAAGCACGG_022,89
GAGTAGGATGCCAAGCACGG_023,70
GAGTAGGATGCCAAGCACGG_024,96
GAGTAGGATGCCAAGCACGG_025,64
GAGTAGGATGCCAAGCACGG_026,184
GAGTAGGATGCCAAGCACGG_027,82
GAGTAGGATGCCAAGCACGG_028,13
AGCATTAGTGCTGTTCACAC_001,188
AGCATTAGTGCTGTTCACAC_002,42
AGCATTAGTGCTGTTCACAC_003,98
AGCATTAGTGCTGTTCACAC_004,189
AGCATTAGTGCTGTTCACAC_005,22
AGCATTAGTGCTGTTCACAC_006,145
AGCATTAGTGCTGTTCACAC_007,87
AGCATTAGTGCTGTTCACAC_008,86
AGCATTAGTGCTGTTCACAC_009,81
AGCATTAGTGCTGTTCACAC_010,2
AGCATTAGTGCTGTTCACAC_011,75
AGCATTAGTGCTGTTCACAC_012,129
AGCATTAGTGCTGTTCACAC_013,33
AGCATTAGTGCTGTTCACAC_014,130
AGCATTAGTGCTGTTCACAC_015,17
AGCATTAGTGCTGTTCACAC_016,2
AGCATTAGTGCTGTTCACAC_017,142
AGCATTAGTGCTGTTCACAC_018,198
AGCATTAGTGCTGTTCACAC_019,57
AGCATTAGTGCTGTTCACAC_020,16
AGCATTAGTGCTGTTCACAC_021,78
AGCATTAGTGCTGTTCACAC_022,99
TGGATCCCAGAAACGCCTGG_001,1
TGGATCCCAGAAACGCCTGG_002,188
TGGATCCCAGAAACGCCTGG_003,4
TGACGAGGATGACACGACGG_001,69
TGACGAGGATGACACGACGG_002,60
TGACGAGGATGACACGACGG_003,77
TGACGAGGATGACACGACGG_004,70
TGACGAGGATGACACGACGG_005,127
TGACGAGGATGACACGACGG_006,37
TGACGAGGATGACACGACGG_007,55
TGACGAGGATGACACGACGG_008,191
TGACGAGGATGACACGACGG_009,198
TGACGAGGATGACACGACGG_010,42
TGACGAGGATGACACGACGG_011,113
TGACGAGGATGACACGACGG_012,139
TGACGAGGATGACACGACGG_013,3
TTACCTTCAGCAACACCCCA_001,159
TTACCTTCAGCAACACCCCA_002,92
TTACCTTCAGCAACACCCCA_003,37
TTACCTTCAGCAACACCCCA_004,43
TTACCTTCAGCAACACCCCA_005,107
TTACCTTCAGCAACACCCCA_006,105
TTACCTTCAGCAACACCCCA_007,146
TTACCTTCAGCAACACCCCA_008,166
TTACCTTCAGCAACACCCCA_009,16
TTACCTTCAGCAACACCCCA_010,67
TTACCTTCAGCAACACCCCA_011,192
TTACCTTCAGCAACACCCCA_012,172
TTACCTTCAGCAACACCCCA_013,115
TTACCTTCAGCAACACCCCA_014,94
TTACCTTCAGCAACACCCCA_015,10
TTACCTTCAGCAACACCCCA_016,142
TTACCTTCAGCAACACCCCA_017,172
TTACCTTCAGCAACACCCCA_018,52
TTACCTTCAGCAACACCCCA_019,80
TTACCTTCAGCAACACCCCA_020,190
TTACCTTCAGCAACACCCCA_021,188
TTACCTTCAGCAACACCCCA_022,2
TTACCTTCAGCAACACCCCA_023,119
TTACCTTCAGCAACACCCCA_024,18
TTGGACTCGGGAATTCGTGG_001,131
TTGGACTCGGGAATTCGTGG_002,177
TTGGACTCGGGAATTCGTGG_003,198
TTGGACTCGGGAATTCGTGG_004,58
TTGGACTCGGGAATTCGTGG_005,75
TTGGACTCGGGAATTCGTGG_006,145
TTGGACTCGGGAATTCGTGG_007,118
CCAATCCAATCCTTTCGACG_001,115
ATTAGTATCAGATCTGCCGT_001,186
CGATTTCATGAACCGCTCCG_001,151
CGATTTCATGAACCGCTCCG_002,183
CGATTTCATGAACCGCTCCG_003,65
CGATTTCATGAACCGCTCCG_004,145
CGATTTCATGAACCGCTCCG_005,21
CGATTTCATGAACCGCTCCG_006,30
CGATTTCATGAACCGCTCCG_007,16
CGATTTCATGAACCGCTCCG_008,82
CGATTTCATGAACCGCTCCG_009,189
CGATTTCATGAACCGCTCCG_010,189
CGATTTCATGAACCGCTCCG_011,88
GGAGTAGCAGAAATCTACAG_001,83
GGAGTAGCAGAAATCTACAG_002,27
GGAGTAGCAGAAATCTACAG_003,149
GCTGAGGGTGTTGGACCCAG_001,171
GCTGAGGGTGTTGGACCCAG_002,161
GCTGAGGGTGTTGGACCCAG_003,26
GCTGAGGGTGTTGGACCCAG_004,68
GCTGAGGGTGTTGGACCCAG_005,142
GCTGAGGGTGTTGGACCCAG_006,12
GCTGAGGGTGTTGGACCCAG_007,185
GCTGAGGGTGTTGGACCCAG_008,62
TGGCGGCCCAAACTTAACAC_001,134
TGGCGGCCCAAACTTAACAC_002,105
TGGCGGCCCAAACTTAACAC_003,28
TGGCGGCCCAAACTTAACAC_004,172
TGGCGGCCCAAACTTAACAC_005,48
TGGCGGCCCAAACTTAACAC_006,144
TGGCGGCCCAAACTTAACAC_007,179
TGGCGGCCCAAACTTAACAC_008,131
TGGCGGCCCAAACTTAACAC_009,59
TGGCGGCCCAAACTTAACAC_010,120
TGGCGGCCCAAACTTAACAC_011,12
TGGCGGCCCAAACTTAACAC_012,113
TGGCGGCCCAAACTTAACAC_013,35
TGGCGGCCCAAACTTAACAC_014,107
TGGCGGCCCAAACTTAACAC_015,127
TGGCGGCCCAAACTTAACAC_016,105
TGGCGGCCCAAACTTAACAC_017,170
TGGCGGCCCAAACTTAACAC_018,48
TGGCGGCCCAAACTTAACAC_019,94
TGGCGGCCCAAACTTAACAC_020,57
TGGCGGCCCAAACTTAACAC_021,37
TGGCGGCCCAAACTTAACAC_022,91
TGGCGGCCCAAACTTAACAC_023,50
CGGAGCTACGCCTGATTCTG_001,166
CGGAGCTACGCCTGATTCTG_002,180
GGAGAGGAGCACATTAGGCT_001,127
GGAGAGGAGCACATTAGGCT_002,50
GGAGAGGAGCACATTAGGCT_003,147
GGAGAGGAGCACATTAGGCT_004,58
GGAGAGGAGCACATTAGGCT_005,3
GGAGAGGAGCACATTAGGCT_006,113
GGAGAGGAGCACATTAGGCT_007,57
GGAGAGGAGCACATTAGGCT_008,16
GGAGAGGAGCACATTAGGCT_009,54
GGAGAGGAGCACATTAGGCT_010,53
GGAGAGGAGCACATTAGGCT_011,145
GGAGAGGAGCACATTAGGCT_012,0
GGAGAGGAGCACATTAGGCT_013,138
GGAGAGGAGCACATTAGGCT_014,92
GGAGAGGAGCACATTAGGCT_015,139
GGAGAGGAGCACATTAGGCT_016,79
GGAGAGGAGCACATTAGGCT_017,199
GGAGAGGAGCACATTAGGCT_018,63
GGAGAGGAGCACATTAGGCT_019,40
GGAGAGGAGCACATTAGGCT_020,195
GGTCTAGAAGTACCTAAACC_001,178
GGTCTAGAAGTACCTAAACC_002,49
GGTCTAGAAGTACCTAAACC_003,137
TCTGGATCAGTATCAGACGG_001,78
TCTGGATCAGTATCAGACGG_002,108
TCTGGATCAGTATCAGACGG_003,161
TCTGGATCAGTATCAGACGG_004,175
TCTGGATCAGTATCAGACGG_005,185
CAGATGCCGGAGACCCCAAC_001,8
CAGATGCCGGAGACCCCAAC_002,144
CAGATGCCGGAGACCCCAAC_003,53
CAGATGCCGGAGACCCCAAC_004,159
AGTCAGAACCACAAACTGGT_001,27
AGTCAGAACCACAAACTGGT_002,50
AGTCAGAACCACAAACTGGT_003,189
AGTCAGAACCACAAACTGGT_004,117
AGTCAGAACCACAAACTGGT_005,68
AGTCAGAACCACAAACTGGT_006,16
AGTCAGAACCACAAACTGGT_007,17
AGTCAGAACCACAAACTGGT_008,193
AGTCAGAACCACAAACTGGT_009,5
AGTCAGAACCACAAACTGGT_010,127
AGTCAGAACCACAAACTGGT_011,68
AGTCAGAACCACAAACTGGT_012,41
AGTCAGAACCACAAACTGGT_013,94
AGTCAGAACCACAAACTGGT_014,159
AGTCAGAACCACAAACTGGT_015,60
AGTCAGAACCACAAACTGGT_016,41
AGTCAGAACCACAAACTGGT_017,181
AGTCAGAACCACAAACTGGT_018,168
AGTCAGAACCACAAACTGGT_019,56
AGTCAGAACCACAAACTGGT_020,60
AGTCAGAACCACAAACTGGT_021,52
AGTCAGAACCACAAACTGGT_022,169
TGCAGGTCATTCAGATGTAG_001,94
TGCAGGTCATTCAGATGTAG_002,133
TGCAGGTCATTCAGATGTAG_003,118
GCTCAGGGCTGAGCTTACCA_001,9
GCTCAGGGCTGAGCTTACCA_002,0
GCTCAGGGCTGAGCTTACCA_003,38
GCTCAGGGCTGAGCTTACCA_004,142
GCTCAGGGCTGAGCTTACCA_005,50
GCTCAGGGCTGAGCTTACCA_006,198
GCTCAGGGCTGAGCTTACCA_007,65
GCTCAGGGCTGAGCTTACCA_008,48
GCTCAGGGCTGAGCTTACCA_009,19
GCTCAGGGCTGAGCTTACCA_010,123
GCTCAGGGCTGAGCTTACCA_011,15
GCTCAGGGCTGAGCTTACCA_012,141
GCTCAGGGCTGAGCTTACCA_013,14
GCTCAGGGCTGAGCTTACCA_014,21
GCTCAGGGCTGAGCTTACCA_015,183
GCTCAGGGCTGAGCTTACCA_016,113
GCTCAGGGCTGAGCTTACCA_017,127
GCTCAGGGCTGAGCTTACCA_018,2
GCTCAGGGCTGAGCTTACCA_019,50
AACATTCCATTCAGTATGAA_001,192
AACATTCCATTCAGTATGAA_002,91
AACATTCCATTCAGTATGAA_003,68
AACATTCCATTCAGTATGAA_004,95
AACATTCCATTCAGTATGAA_005,122
AACATTCCATTCAGTATGAA_006,49
AACATTCCATTCAGTATGAA_007,169
AACATTCCATTCAGTATGAA_008,63
AACATTCCATTCAGTATGAA_009,168
AACATTCCATTCAGTATGAA_010,106
AACATTCCATTCAGTATGAA_011,68
AACATTCCATTCAGTATGAA_012,6
GACCTAGGCTGGAACGACGT_001,188
GACCTAGGCTGGAACGACGT_002,48
GACCTAGGCTGGAACGACGT_003,36
GACCTAGGCTGGAACGACGT_004,115
GACCTAGGCTGGAACGACGT_005,149
GACCTAGGCTGGAACGACGT_006,148
GACCTAGGCTGGAACGACGT_007,191
AGAATCAGCGAGCCAAGTGG_001,91
AGAATCAGCGAGCCAAGTGG_002,38
GGGGGCTTCACAGACCCTCA_001,198
GGGGGCTTCACAGACCCTCA_002,63
GGGGGCTTCACAGACCCTCA_003,145
GGGGGCTTCACAGACCCTCA_004,158
GGGGGCTTCACAGACCCTCA_005,172
GGGGGCTTCACAGACCCTCA_006,157
GGGGGCTTCACAGACCCTCA_007,157
GGGGGCTTCACAGACCCTCA_008,72
GGGGGCTTCACAGACCCTCA_009,197
GGGGGCTTCACAGACCCTCA_010,193
GGGGGCTTCACAGACCCTCA_011,53
GGGGGCTTCACAGACCCTCA_012,88
GGGGGCTTCACAGACCCTCA_013,1
GGGGGCTTCACAGACCCTCA_014,69
GGGGGCTTCACAGACCCTCA_015,9
CTGTCTGAGAAGTTCCATCG_001,38
CTGTCTGAGAAGTTCCATCG_002,85
CTGTCTGAGAAGTTCCATCG_003,94
GGTGTACCCTAACGGCGCCG_001,94
GGTGTACCCTAACGGCGCCG_002,157
GGTGTACCCTAACGGCGCCG_003,84
GGTGTACCCTAACGGCGCCG_004,32
GGTGTACCCTAACGGCGCCG_005,121
GGTGTACCCTAACGGCGCCG_006,74
GGTGTACCCTAACGGCGCCG_007,149
GGTGTACCCTAACGGCGCCG_008,0
TTACAGCAGTATGTCGCACA_001,48
TTACAGCAGTATGTCGCACA_002,191
TTACAGCAGTATGTCGCACA_003,161
TTACAGCAGTATGTCGCACA_004,68
ACTGTGTGCACTGGAATGAG_001,3
ACTGTGTGCACTGGAATGAG_002,195
ACTGTGTGCACTGGAATGAG_003,50
ACTGTGTGCACTGGAATGAG_004,38
ACTGTGTGCACTGGAATGAG_005,40
CAGGCAGATGCGGCTACGCG_001,101
CAGGCAGATGCGGCTACGCG_002,169
CAGGCAGATGCGGCTACGCG_003,182
CAGGCAGATGCGGCTACGCG_004,2
GTAGAGTGGTGAGATCAAGT_001,106
GTAGAGTGGTGAGATCAAGT_002,13
GTAGAGTGGTGAGATCAAGT_003,199
GTAGAGTGGTGAGATCAAGT_004,50
GTAGAGTGGTGAGATCAAGT_005,26
GTAGAGTGGTGAGATCAAGT_006,94
GTAGAGTGGTGAGATCAAGT_007,129
GTAGAGTGGTGAGATCAAGT_008,2
GTAGAGTGGTGAGATCAAGT_009,174
GTAGAGTGGTGAGATCAAGT_010,144
TGGCCAGGATCCGTATATCA_001,84
TGGCCAGGATCCGTATATCA_002,1
TGGCCAGGATCCGTATATCA_003,75
TGGGCACTGGACCATCGAGG_001,55
TGGGCACTGGACCATCGAGG_002,168
TGGGCACTGGACCATCGAGG_003,153
ACTGACCCATCACATCGGCA_001,63
ACTGACCCATCACATCGGCA_002,175
ACTGACCCATCACATCGGCA_003,29
ACTGACCCATCACATCGGCA_004,177
ACTGACCCATCACATCGGCA_005,115
ACTGACCCATCACATCGGCA_006,160
ACTGACCCATCACATCGGCA_007,107
ACTGACCCATCACATCGGCA_008,6
ACTGACCCATCACATCGGCA_009,6
ACTGACCCATCACATCGGCA_010,97
ACTGACCCATCACATCGGCA_011,61
ACTGACCCATCACATCGGCA_012,56
ACTGACCCATCACATCGGCA_013,198
ACTGACCCATCACATCGGCA_014,51
ACTGACCCATCACATCGGCA_015,83
ACTGACCCATCACATCGGCA_016,78
ACTGACCCATCACATCGGCA_017,192
ACTGACCCATCACATCGGCA_018,149
ACTGACCCATCACATCGGCA_019,142
ACTGACCCATCACATCGGCA_020,70
ACTGACCCATCACATCGGCA_021,170
ACTGACCCATCACATCGGCA_022,161
ACTGACCCATCACATCGGCA_023,134
ACTGACCCATCACATCGGCA_024,166
ACTGACCCATCACATCGGCA_025,103
ACTGACCCATCACATCGGCA_026,150
ACTGACCCATCACATCGGCA_027,23
ACTGACCCATCACATCGGCA_028,12
ACTGACCCATCACATCGGCA_029,70
ACTGACCCATCACATCGGCA_030,140
ACTGACCCATCACATCGGCA_031,191
ACTGACCCATCACATCGGCA_032,22
ACTGACCCATCACATCGGCA_033,50
ACTGACCCATCACATCGGCA_034,174
ACTGACCCATCACATCGGCA_035,190
ACTGACCCATCACATCGGCA_036,29
ACTGACCCATCACATCGGCA_037,149
ACTGACCCATCACATCGGCA_038,175
ACTGACCCATCACATCGGCA_039,149
ACTGACCCATCACATCGGCA_040,63
TTACCTAGTAGTGCAGACGT_001,65
TTACCTAGTAGTGCAGACGT_002,58
TTACCTAGTAGTGCAGACGT_003,161
TTACCTAGTAGTGCAGACGT_004,197
TTACCTAGTAGTGCAGACGT_005,66
TTACCTAGTAGTGCAGACGT_006,174
TTACCTAGTAGTGCAGACGT_007,138
CAGGGCTACCTGAACTCAGG_001,77
CAGGGCTACCTGAACTCAGG_002,12
CAGGGCTACCTGAACTCAGG_003,105
CAGGGCTACCTGAACTCAGG_004,94
CAGGGCTACCTGAACTCAGG_005,1
CAGGGCTACCTGAACTCAGG_006,77
CAGGGCTACCTGAACTCAGG_007,129
ATCATGGATGGATCCGACGA_001,40
ATCATGGATGGATCCGACGA_002,174
ATCATGGATGGATCCGACGA_003,156
ATGCATCAGATATTGGCTTG_001,198
ATGCATCAGATATTGGCTTG_002,85
ATGCATCAGATATTGGCTTG_003,156
ATGCATCAGATATTGGCTTG_004,53
ATGCATCAGATATTGGCTTG_005,89
ATGCATCAGATATTGGCTTG_006,197
GCAACAACAGTGTCCCGCTG_001,146
GCAACAACAGTGTCCCGCTG_002,41
GCAACAACAGTGTCCCGCTG_003,193
GCAACAACAGTGTCCCGCTG_004,11
GCAACAACAGTGTCCCGCTG_005,134
GCAACAACAGTGTCCCGCTG_006,113
GCAACAACAGTGTCCCGCTG_007,62
GCAACAACAGTGTCCCGCTG_008,199
GCAACAACAGTGTCCCGCTG_009,76
GCAACAACAGTGTCCCGCTG_010,69
GCAACAACAGTGTCCCGCTG_011,11
GCAACAACAGTGTCCCGCTG_012,185
GCAACAACAGTGTCCCGCTG_013,161
GCAACAACAGTGTCCCGCTG_014,145
GCAACAACAGTGTCCCGCTG_015,138
GCAACAACAGTGTCCCGCTG_016,183
GCAACAACAGTGTCCCGCTG_017,174
GCAACAACAGTGTCCCGCTG_018,68
GCAACAACAGTGTCCCGCTG_019,10
TCTTCAGACCTCGATTGCAG_001,77
TCTTCAGACCTCGATTGCAG_002,116
TCTTCAGACCTCGATTGCAG_003,88
TCTTCAGACCTCGATTGCAG_004,29
GGAACGCCCTCTTCTCGCTG_001,140
GGAACGCCCTCTTCTCGCTG_002,49
GGAACGCCCTCTTCTCGCTG_003,181
GGAACGCCCTCTTCTCGCTG_004,16
GGAACGCCCTCTTCTCGCTG_005,9
CTCCTACAATACCCAAGGCA_001,60
CTCCTACAATACCCAAGGCA_002,63
CTCCTACAATACCCAAGGCA_003,103
CTCCTACAATACCCAAGGCA_004,17
CTCCTACAATACCCAAGGCA_005,168
CTCCTACAATACCCAAGGCA_006,10
AGATGGAAAGCTTTATGTGG_001,40
AGATGGAAAGCTTTATGTGG_002,2
AGATGGAAAGCTTTATGTGG_003,102
AGATGGAAAGCTTTATGTGG_004,27
CTCATCCGTAACCATCCCTA_001,177
CTCATCCGTAACCATCCCTA_002,118
CTCATCCGTAACCATCCCTA_003,160
CTCATCCGTAACCATCCCTA_004,66
AAGCAACTTACGGATACTTG_001,70
CACGTAGAAAAAGAGCACCT_001,50
CACGTAGAAAAAGAGCACCT_002,47
CACGTAGAAAAAGAGCACCT_003,108
CACGTAGAAAAAGAGCACCT_004,77
CACGTAGAAAAAGAGCACCT_005,82
CACGTAGAAAAAGAGCACCT_006,147
CACGTAGAAAAAGAGCACCT_007,28
CACGTAGAAAAAGAGCACCT_008,197
CACGTAGAAAAAGAGCACCT_009,21
CACGTAGAAAAAGAGCACCT_010,144
CACGTAGAAAAAGAGCACCT_011,70
CACGTAGAAAAAGAGCACCT_012,49
GACATTCCTTCAGATCAGGT_001,2
GACATTCCTTCAGATCAGGT_002,46
GACATTCCTTCAGATCAGGT_003,95
GACATTCCTTCAGATCAGGT_004,192
GACATTCCTTCAGATCAGGT_005,146
GACATTCCTTCAGATCAGGT_006,68
GACATTCCTTCAGATCAGGT_007,49
GCTGCCCATGCTGGGCACTA_001,169
GCTGCCCATGCTGGGCACTA_002,81
GCTGCCCATGCTGGGCACTA_003,147
GCTGCCCATGCTGGGCACTA_004,53
GCTGCCCATGCTGGGCACTA_005,108
GCTGCCCATGCTGGGCACTA_006,130
GCTGCCCATGCTGGGCACTA_007,188
GCTGCCCATGCTGGGCACTA_008,34
GCTGCCCATGCTGGGCACTA_009,94
TACGATCTAGATACTTGCAC_001,3
TACGATCTAGATACTTGCAC_002,130
TACGATCTAGATACTTGCAC_003,174
TACGATCTAGATACTTGCAC_004,183
TACTTCGAAGATGCCAAGAC_001,72
TACTTCGAAGATGCCAAGAC_002,134
TACTTCGAAGATGCCAAGAC_003,181
TACTTCGAAGATGCCAAGAC_004,9
TACTTCGAAGATGCCAAGAC_005,78
TACTTCGAAGATGCCAAGAC_006,83
TACTTCGAAGATGCCAAGAC_007,16
TACTTCGAAGATGCCAAGAC_008,9
TACTTCGAAGATGCCAAGAC_009,148
TACTTCGAAGATGCCAAGAC_010,84
TACTTCGAAGATGCCAAGAC_011,23
TACTTCGAAGATGCCAAGAC_012,191
TACTTCGAAGATGCCAAGAC_013,149
TACTTCGAAGATGCCAAGAC_014,0
TACTTCGAAGATGCCAAGAC_015,16
TACTTCGAAGATGCCAAGAC_016,43
TACTTCGAAGATGCCAAGAC_017,33
TACTTCGAAGATGCCAAGAC_018,107
TACTTCGAAGATGCCAAGAC_019,37
TACTTCGAAGATGCCAAGAC_020,192
TACTTCGAAGATGCCAAGAC_021,141
TACTTCGAAGATGCCAAGAC_022,150
TACTTCGAAGATGCCAAGAC_023,113
TAGAAGCAATAAAAAGACCA_001,6
ATCAACCTTCTGAATTCAGG_001,191
ATCAACCTTCTGAATTCAGG_002,1
ATCAACCTTCTGAATTCAGG_003,48
ATCAACCTTCTGAATTCAGG_004,124
TGGAAGTAGTGTCTCCAGAG_001,177
TGGAAGTAGTGTCTCCAGAG_002,140
TGGAAGTAGTGTCTCCAGAG_003,176
TGGAAGTAGTGTCTCCAGAG_004,137
TGGAAGTAGTGTCTCCAGAG_005,15
TGGAAGTAGTGTCTCCAGAG_006,68
TGGAAGTAGTGTCTCCAGAG_007,176
TGGAAGTAGTGTCTCCAGAG_008,39
GGAGATCTGCAAAGTAGCCG_001,23
GGAGATCTGCAAAGTAGCCG_002,57
GGAGATCTGCAAAGTAGCCG_003,105
GGAGATCTGCAAAGTAGCCG_004,179
GGAGATCTGCAAAGTAGCCG_005,149
ACAACTCAACGGGAACGATG_001,115
ACAACTCAACGGGAACGATG_002,147
ACAACTCAACGGGAACGATG_003,37
ACAACTCAACGGGAACGATG_004,114
ACAACTCAACGGGAACGATG_005,45
ACAACTCAACGGGAACGATG_006,184
ACAACTCAACGGGAACGATG_007,116
ACAACTCAACGGGAACGATG_008,136
ATGGCAATGGTCATTAAACA_001,82
ATGGCAATGGTCATTAAACA_002,36
ATGGCAATGGTCATTAAACA_003,125
ATGGCAATGGTCATTAAACA_004,106
ATGGCAATGGTCATTAAACA_005,96
ATGGCAATGGTCATTAAACA_006,170
ATGGCAATGGTCATTAAACA_007,178
ATGGCAATGGTCATTAAACA_008,157
ATGGCAATGGTCATTAAACA_009,41
ATGGCAATGGTCATTAAACA_010,65
ATGGCAATGGTCATTAAACA_011,61
ATGGCAATGGTCATTAAACA_012,15
ATGGCAATGGTCATTAAACA_013,77
ATGGCAATGGTCATTAAACA_014,19
ATGGCAATGGTCATTAAACA_015,88
ATGGCAATGGTCATTAAACA_016,35
ATGGCAATGGTCATTAAACA_017,140
ATGGCAATGGTCATTAAACA_018,149
ATGGCAATGGTCATTAAACA_019,149
ATGGCAATGGTCATTAAACA_020,130
ATGGCAATGGTCATTAAACA_021,48
ATGGCAATGGTCATTAAACA_022,37
ACTTGATCGAGAAACCCCGG_001,17
ACTTGATCGAGAAACCCCGG_002,116
ACTTGATCGAGAAACCCCGG_003,116
ACTTGATCGAGAAACCCCGG_004,23
ACTTGATCGAGAAACCCCGG_005,88
ACTTGATCGAGAAACCCCGG_006,159
ACTTGATCGAGAAACCCCGG_007,149
ACTTGATCGAGAAACCCCGG_008,57
ACTTGATCGAGAAACCCCGG_009,138
ACTTGATCGAGAAACCCCGG_010,38
ACTTGATCGAGAAACCCCGG_011,166
GTTATCTAGGAAACCGCTTG_001,106
GTTATCTAGGAAACCGCTTG_002,150
GTTATCTAGGAAACCGCTTG_003,169
GTTATCTAGGAAACCGCTTG_004,118
GTTATCTAGGAAACCGCTTG_005,1
GTTATCTAGGAAACCGCTTG_006,77
GTTATCTAGGAAACCGCTTG_007,185
GTTATCTAGGAAACCGCTTG_008,116
GTTATCTAGGAAACCGCTTG_009,9
GTTATCTAGGAAACCGCTTG_010,152
GTTATCTAGGAAACCGCTTG_011,55
GTTATCTAGGAAACCGCTTG_012,132
GTTATCTAGGAAACCGCTTG_013,190
GTTATCTAGGAAACCGCTTG_014,47
GTTATCTAGGAAACCGCTTG_015,17
GTTATCTAGGAAACCGCTTG_016,11
GTTATCTAGGAAACCGCTTG_017,57
GTTATCTAGGAAACCGCTTG_018,0
GTTATCTAGGAAACCGCTTG_019,79
GTTATCTAGGAAACCGCTTG_020,2
GTTATCTAGGAAACCGCTTG_021,126
CAGCGAGGGCCGCGACAGCG_001,188
CAGCGAGGGCCGCGACAGCG_002,68
CAGCGAGGGCCGCGACAGCG_003,29
CAGCGAGGGCCGCGACAGCG_004,153
CAGCGAGGGCCGCGACAGCG_005,148
CAGCGAGGGCCGCGACAGCG_006,16
CAGCGAGGGCCGCGACAGCG_007,144
CAGCGAGGGCCGCGACAGCG_008,184
CAGCGAGGGCCGCGACAGCG_009,14
CAGCGAGGGCCGCGACAGCG_010,90
CAGCGAGGGCCGCGACAGCG_011,18
CAGCGAGGGCCGCGACAGCG_012,94
CAGCGAGGGCCGCGACAGCG_013,150
TCAACGTTCCTACAAACAGA_001,57
TCAACGTTCCTACAAACAGA_002,29
TCAACGTTCCTACAAACAGA_003,72
TCAACGTTCCTACAAACAGA_004,55
TCAACGTTCCTACAAACAGA_005,101
TCAACGTTCCTACAAACAGA_006,87
TCAACGTTCCTACAAACAGA_007,122
TCAACGTTCCTACAAACAGA_008,153
GTGGTCGCCTGGGATCCTCG_001,55
GTGGTCGCCTGGGATCCTCG_002,76
ACGACGACAAACACGTCATG_001,177
ACGACGACAAACACGTCATG_002,88
ACGACGACAAACACGTCATG_003,105
ACGACGACAAACACGTCATG_004,154
ACGACGACAAACACGTCATG_005,59
ACGACGACAAACACGTCATG_006,165
ACGACGACAAACACGTCATG_007,52
ACGACGACAAACACGTCATG_008,135
ACGACGACAAACACGTCATG_009,6
ACGACGACAAACACGTCATG_010,101
ACGACGACAAACACGTCATG_011,137
ACGACGACAAACACGTCATG_012,82
ACGACGACAAACACGTCATG_013,94
ACGACGACAAACACGTCATG_014,50
AATGTTGACTCATCAAAGTG_001,147
AATGTTGACTCATCAAAGTG_002,5
AATGTTGACTCATCAAAGTG_003,49
AATGTTGACTCATCAAAGTG_004,199
AATGTTGACTCATCAAAGTG_005,108
AATGTTGACTCATCAAAGTG_006,53
AATGTTGACTCATCAAAGTG_007,27
AATGTTGACTCATCAAAGTG_008,3
AATGTTGACTCATCAAAGTG_009,177
AATGTTGACTCATCAAAGTG_010,147
AATGTTGACTCATCAAAGTG_011,66
AATGTTGACTCATCAAAGTG_012,188
AATGTTGACTCATCAAAGTG_013,198
AATGTTGACTCATCAAAGTG_014,138
AATGTTGACTCATCAAAGTG_015,129
AATGTTGACTCATCAAAGTG_016,105
AATGTTGACTCATCAAAGTG_017,106
AATGTTGACTCATCAAAGTG_018,116
AATGTTGACTCATCAAAGTG_019,26
AATGTTGACTCATCAAAGTG_020,26
AATGTTGACTCATCAAAGTG_021,46
ACTTAGCAATTCAGTGCTAG_001,95
ATGTCTGAGGTATACAAACT_001,17
ATGTCTGAGGTATACAAACT_002,196
ATGTCTGAGGTATACAAACT_003,155
ATGTCTGAGGTATACAAACT_004,168
ATGTCTGAGGTATACAAACT_005,47
ATGTCTGAGGTATACAAACT_006,16
ATGTCTGAGGTATACAAACT_007,88
CTTGAGTACAAGGACACCTA_001,181
CTTGAGTACAAGGACACCTA_002,70
CTTGAGTACAAGGACACCTA_003,60
CTTGAGTACAAGGACACCTA_004,171
CTTGAGTACAAGGACACCTA_005,61
CTTGAGTACAAGGACACCTA_006,195
CTTGAGTACAAGGACACCTA_007,133
CTTGAGTACAAGGACACCTA_008,169
CTTGAGTACAAGGACACCTA_009,5
CTTGAGTACAAGGACACCTA_010,168
CTTGAGTACAAGGACACCTA_011,141
CTTGAGTACAAGGACACCTA_012,102
CTTGAGTACAAGGACACCTA_013,119
CTTGAGTACAAGGACACCTA_014,4
CTTGAGTACAAGGACACCTA_015,72
CTTGAGTACAAGGACACCTA_016,115
CTTGAGTACAAGGACACCTA_017,24
CTTGAGTACAAGGACACCTA_018,37
CTTGAGTACAAGGACACCTA_019,50
CTTGAGTACAAGGACACCTA_020,159
CTTGAGTACAAGGACACCTA_021,129
GCCCCATAGCCAATCATTCG_001,191
GCCCCATAGCCAATCATTCG_002,108
GCCCCATAGCCAATCATTCG_003,6
GCCCCATAGCCAATCATTCG_004,187
GCCCCATAGCCAATCATTCG_005,56
GCCCCATAGCCAATCATTCG_006,105
GTCACTGTGCATGTACACAT_001,30
GTCACTGTGCATGTACACAT_002,175
GTCACTGTGCATGTACACAT_003,115
GTCACTGTGCATGTACACAT_004,14
GTCACTGTGCATGTACACAT_005,160
GTCACTGTGCATGTACACAT_006,102
GTCACTGTGCATGTACACAT_007,106
CATCTCAGATTTGCTCAGTG_001,25
CATCTCAGATTTGCTCAGTG_002,83
CATCTCAGATTTGCTCAGTG_003,23
CATCTCAGATTTGCTCAGTG_004,141
CATCTCAGATTTGCTCAGTG_005,114
CATCTCAGATTTGCTCAGTG_006,1
CATCTCAGATTTGCTCAGTG_007,121
CATCTCAGATTTGCTCAGTG_008,86
CATCTCAGATTTGCTCAGTG_009,144
CATCTCAGATTTGCTCAGTG_010,28
TGGAACCTGGACCCTCTGGT_001,29
TGGAACCTGGACCCTCTGGT_002,75
TGGAACCTGGACCCTCTGGT_003,85
TGGAACCTGGACCCTCTGGT_004,158
TGGAACCTGGACCCTCTGGT_005,177
TGGAACCTGGACCCTCTGGT_006,101
TGGAACCTGGACCCTCTGGT_007,148
TGCCGGATAACATCAATGGT_001,121
TGCCGGATAACATCAATGGT_002,170
TGCCGGATAACATCAATGGT_003,68
TGCCGGATAACATCAATGGT_004,40
GGAACCAGGCGTACACGGCG_001,199
GGAACCAGGCGTACACGGCG_002,17
TTCTGGAGCAACTCACCAGA_001,58
TTCTGGAGCAACTCACCAGA_002,26
TTCTGGAGCAACTCACCAGA_003,130
TTCTGGAGCAACTCACCAGA_004,154
TTCTGGAGCAACTCACCAGA_005,15
TTCTGGAGCAACTCACCAGA_006,150
TTCTGGAGCAACTCACCAGA_007,150
TTCTGGAGCAACTCACCAGA_008,22
TTCTGGAGCAACTCACCAGA_009,43
TTCTGGAGCAACTCACCAGA_010,73
AGGCCTCGTTTCAGGTAGAC_001,52
AGGCCTCGTTTCAGGTAGAC_002,166
AGGCCTCGTTTCAGGTAGAC_003,8
AGGCCTCGTTTCAGGTAGAC_004,30
AGGCCTCGTTTCAGGTAGAC_005,55
AGGCCTCGTTTCAGGTAGAC_006,146
AGGCCTCGTTTCAGGTAGAC_007,108
AGGCCTCGTTTCAGGTAGAC_008,161
AGGCCTCGTTTCAGGTAGAC_009,31
AGGCCTCGTTTCAGGTAGAC_010,143
AGGCCTCGTTTCAGGTAGAC_011,143
AGGCCTCGTTTCAGGTAGAC_012,70
AGGCCTCGTTTCAGGTAGAC_013,96
AGGCCTCGTTTCAGGTAGAC_014,137
AGGCCTCGTTTCAGGTAGAC_015,160
AGGCCTCGTTTCAGGTAGAC_016,49
AGGCCTCGTTTCAGGTAGAC_017,50
AGGCCTCGTTTCAGGTAGAC_018,94
AGGCCTCGTTTCAGGTAGAC_019,34
AGGAGTTGACCCTGGACAGT_001,194
AGGAGTTGACCCTGGACAGT_002,130
AGGAGTTGACCCTGGACAGT_003,10
AGGAGTTGACCCTGGACAGT_004,79
AGGAGTTGACCCTGGACAGT_005,55
AGGAGTTGACCCTGGACAGT_006,15
AGGAGTTGACCCTGGACAGT_007,139
AGGAGTTGACCCTGGACAGT_008,27
AGGAGTTGACCCTGGACAGT_009,177
AGGAGTTGACCCTGGACAGT_010,191
AGGAGTTGACCCTGGACAGT_011,84
AGGAGTTGACCCTGGACAGT_012,1
AGGAGTTGACCCTGGACAGT_013,58
AGGAGTTGACCCTGGACAGT_014,38
AGGAGTTGACCCTGGACAGT_015,97
AGGAGTTGACCCTGGACAGT_016,58
AGGAGTTGACCCTGGACAGT_017,171
AGGAGTTGACCCTGGACAGT_018,147
AGGAGTTGACCCTGGACAGT_019,42
AGGAGTTGACCCTGGACAGT_020,184
AGGAGTTGACCCTGGACAGT_021,9
AGGAGTTGACCCTGGACAGT_022,9
AGGAGTTGACCCTGGACAGT_023,43
AGGAGTTGACCCTGGACAGT_024,198
AGGAGTTGACCCTGGACAGT_025,199
AGGAGTTGACCCTGGACAGT_026,9
AGGAGTTGACCCTGGACAGT_027,137
AGGAGTTGACCCTGGACAGT_028,57
AGGAGTTGACCCTGGACAGT_029,180
AGGAGTTGACCCTGGACAGT_030,19
AGGAGTTGACCCTGGACAGT_031,37
AGGAGTTGACCCTGGACAGT_032,40
AGGAGTTGACCCTGGACAGT_033,76
CATTCAGGGTACAAGTGACG_001,157
CATTCAGGGTACAAGTGACG_002,157
CATTCAGGGTACAAGTGACG_003,117
CATTCAGGGTACAAGTGACG_004,142
CAGACGCGAGGGGACGACAC_001,181
CAGACGCGAGGGGACGACAC_002,4
CAGACGCGAGGGGACGACAC_003,176
CAGACGCGAGGGGACGACAC_004,12
CAGACGCGAGGGGACGACAC_005,190
CAGACGCGAGGGGACGACAC_006,7
CAGACGCGAGGGGACGACAC_007,116
CAGACGCGAGGGGACGACAC_008,168
CAGACGCGAGGGGACGACAC_009,168
CAGACGCGAGGGGACGACAC_010,168
CAGACGCGAGGGGACGACAC_011,160
CAGACGCGAGGGGACGACAC_012,135
CAGACGCGAGGGGACGACAC_013,121
CAGACGCGAGGGGACGACAC_014,113
CAGACGCGAGGGGACGACAC_015,19
CAGACGCGAGGGGACGACAC_016,69
CAGACGCGAGGGGACGACAC_017,70
CAGACGCGAGGGGACGACAC_018,103
CAGACGCGAGGGGACGACAC_019,169
CAGACGCGAGGGGACGACAC_020,73
CAGACGCGAGGGGACGACAC_021,79
CAGACGCGAGGGGACGACAC_022,199
CAGACGCGAGGGGACGACAC_023,160
CAGACGCGAGGGGACGACAC_024,115
CAGACGCGAGGGGACGACAC_025,107
CAGACGCGAGGGGACGACAC_026,30
CAGACGCGAGGGGACGACAC_027,170
GGGGTCTCCAGGCCCAATCG_001,78
GGGGTCTCCAGGCCCAATCG_002,100
GGGGTCTCCAGGCCCAATCG_003,80
GGGGTCTCCAGGCCCAATCG_004,72
GGGGTCTCCAGGCCCAATCG_005,160
GGGGTCTCCAGGCCCAATCG_006,154
GGGGTCTCCAGGCCCAATCG_007,37
GGGGTCTCCAGGCCCAATCG_008,50
GGGGTCTCCAGGCCCAATCG_009,19
GGGGTCTCCAGGCCCAATCG_010,148
GGGGTCTCCAGGCCCAATCG_011,147
GGGGTCTCCAGGCCCAATCG_012,182
GGGGTCTCCAGGCCCAATCG_013,19
GGGGTCTCCAGGCCCAATCG_014,92
GGGGTCTCCAGGCCCAATCG_015,186
GGGGTCTCCAGGCCCAATCG_016,149
GGGGTCTCCAGGCCCAATCG_017,18
GGGGTCTCCAGGCCCAATCG_018,98
GGGGTCTCCAGGCCCAATCG_019,40
GGGGTCTCCAGGCCCAATCG_020,74
CAAGCAATCATATTCCACAT_001,89
GAACCGTCACAGCTCCTGCG_001,10
GAACCGTCACAGCTCCTGCG_002,32
GAACCGTCACAGCTCCTGCG_003,67
GAACCGTCACAGCTCCTGCG_004,68
GAACCGTCACAGCTCCTGCG_005,122
GAACCGTCACAGCTCCTGCG_006,71
GAACCGTCACAGCTCCTGCG_007,177
GAACCGTCACAGCTCCTGCG_008,197
GAACCGTCACAGCTCCTGCG_009,79
GAACCGTCACAGCTCCTGCG_010,19
GAACCGTCACAGCTCCTGCG_011,29
GAACCGTCACAGCTCCTGCG_012,53
TCAGAATGTGCGTAGCTGTG_001,130
TCAGAATGTGCGTAGCTGTG_002,188
TCAGAATGTGCGTAGCTGTG_003,94
TCAGAATGTGCGTAGCTGTG_004,153
TCAGAATGTGCGTAGCTGTG_005,160
TCAGAATGTGCGTAGCTGTG_006,58
TCAGAATGTGCGTAGCTGTG_007,58
TCAGAATGTGCGTAGCTGTG_008,96
TCAGAATGTGCGTAGCTGTG_009,94
TCAGAATGTGCGTAGCTGTG_010,105
TCAGAATGTGCGTAGCTGTG_011,159
TCAGAATGTGCGTAGCTGTG_012,43
TCAGAATGTGCGTAGCTGTG_013,10
TTGTTGTTACCAGATGACTG_001,70
TTGTTGTTACCAGATGACTG_002,92
TTGTTGTTACCAGATGACTG_003,94
ATGAGGCCACACATTTCACA_001,183
ATGAGGCCACACATTTCACA_002,182
ATGAGGCCACACATTTCACA_003,65
ATGAGGCCACACATTTCACA_004,169
ATGAGGCCACACATTTCACA_005,79
ATGAGGCCACACATTTCACA_006,88
ATGAGGCCACACATTTCACA_007,113
ATGAGGCCACACATTTCACA_008,168
ATGAGGCCACACATTTCACA_009,132
ATGAGGCCACACATTTCACA_010,107
ATGAGGCCACACATTTCACA_011,27
ATGAGGCCACACATTTCACA_012,96
ATGAGGCCACACATTTCACA_013,145
ATGAGGCCACACATTTCACA_014,197
ATGAGGCCACACATTTCACA_015,126
ATGAGGCCACACATTTCACA_016,19
ATGAGGCCACACATTTCACA_017,70
ATGAGGCCACACATTTCACA_018,56
ATGAGGCCACACATTTCACA_019,152
ATGAGGCCACACATTTCACA_020,138
ATGAGGCCACACATTTCACA_021,89
ATGAGGCCACACATTTCACA_022,2
ATGAGGCCACACATTTCACA_023,106
ATGAGGCCACACATTTCACA_024,152
GAGCGAAGAGTTAACCGCGG_001,103
GAGCGAAGAGTTAACCGCGG_002,78
GAGCGAAGAGTTAACCGCGG_003,16
GAGCGAAGAGTTAACCGCGG_004,6
GAACCCTCTATTTACCAGGA_001,120
GAACCCTCTATTTACCAGGA_002,14
TCCTTCCTCAGCAACCACGG_001,138
TCCTTCCTCAGCAACCACGG_002,162
TCCTTCCTCAGCAACCACGG_003,40
TCCTTCCTCAGCAACCACGG_004,9
TCCTTCCTCAGCAACCACGG_005,184
TCCTTCCTCAGCAACCACGG_006,178
TCCTTCCTCAGCAACCACGG_007,134
TCCTTCCTCAGCAACCACGG_008,41
TCCTTCCTCAGCAACCACGG_009,159
TCACTATGTAGAAATGACTG_001,169
TCACTATGTAGAAATGACTG_002,29
TCACTATGTAGAAATGACTG_003,186
CAAACTTGTATCATTCAGAG_001,6
CTTTGTAAATGCTCTCGCCA_001,150
CTTTGTAAATGCTCTCGCCA_002,195
CTTTGTAAATGCTCTCGCCA_003,198
CTTTGTAAATGCTCTCGCCA_004,94
CTTTGTAAATGCTCTCGCCA_005,175
CAGAATCGCAGCACTGTACA_001,137
CAGAATCGCAGCACTGTACA_002,164
CAGAATCGCAGCACTGTACA_003,76
CAGAATCGCAGCACTGTACA_004,175
CAGAATCGCAGCACTGTACA_005,115
CAGAATCGCAGCACTGTACA_006,29
CAGAATCGCAGCACTGTACA_007,184
CAGAATCGCAGCACTGTACA_008,33
CAGAATCGCAGCACTGTACA_009,52
CAGAATCGCAGCACTGTACA_010,154
CCTCCCAACCAACGTCCAGG_001,187
CCTCCCAACCAACGTCCAGG_002,187
CCTCCCAACCAACGTCCAGG_003,150
CCTCCCAACCAACGTCCAGG_004,169
CCTCCCAACCAACGTCCAGG_005,60
CCTCCCAACCAACGTCCAGG_006,12
CCTCCCAACCAACGTCCAGG_007,168
CCTCCCAACCAACGTCCAGG_008,29
CCTCCCAACCAACGTCCAGG_009,2
CCTCCCAACCAACGTCCAGG_010,62
CCTCCCAACCAACGTCCAGG_011,195
CCTCCCAACCAACGTCCAGG_012,85
CCTCCCAACCAACGTCCAGG_013,177
CCTCCCAACCAACGTCCAGG_014,15
CCTCCCAACCAACGTCCAGG_015,117
CCTCCCAACCAACGTCCAGG_016,184
CCTCCCAACCAACGTCCAGG_017,9
CCTCCCAACCAACGTCCAGG_018,56
CCTCCCAACCAACGTCCAGG_019,60
CCTCCCAACCAACGTCCAGG_020,175
GGAACCAGCAACTCAACGTC_001,27
GGAACCAGCAACTCAACGTC_002,172
GGAACCAGCAACTCAACGTC_003,194
GGAACCAGCAACTCAACGTC_004,189
GGAACCAGCAACTCAACGTC_005,30
GGAACCAGCAACTCAACGTC_006,18
GGAACCAGCAACTCAACGTC_007,15
GGAACCAGCAACTCAACGTC_008,182
GGAACCAGCAACTCAACGTC_009,77
GGAACCAGCAACTCAACGTC_010,85
GGAACCAGCAACTCAACGTC_011,122
GGAACCAGCAACTCAACGTC_012,159
GGAACCAGCAACTCAACGTC_013,78
GGAACCAGCAACTCAACGTC_014,139
AGGTGATGCTTTGGTAGCAG_001,184
TCAGCCAAGAGATACCTCCG_001,111
TCAGCCAAGAGATACCTCCG_002,111
TCAGCCAAGAGATACCTCCG_003,47
TCAGCCAAGAGATACCTCCG_004,36
TCAGCCAAGAGATACCTCCG_005,130
TCAGCCAAGAGATACCTCCG_006,198
TCAGCCAAGAGATACCTCCG_007,166
TCAGCCAAGAGATACCTCCG_008,166
TCAGCCAAGAGATACCTCCG_009,191
TCAGCCAAGAGATACCTCCG_010,142
GTGTACCGGCCCAACCAGAA_001,9
GTGTACCGGCCCAACCAGAA_002,158
GTGTACCGGCCCAACCAGAA_003,16
GTGTACCGGCCCAACCAGAA_004,174
GTGTACCGGCCCAACCAGAA_005,20
GTGTACCGGCCCAACCAGAA_006,60
GTGTACCGGCCCAACCAGAA_007,61
GTGTACCGGCCCAACCAGAA_008,16
GTGTACCGGCCCAACCAGAA_009,120
GTGTACCGGCCCAACCAGAA_010,85
GTGTACCGGCCCAACCAGAA_011,183
GTGTACCGGCCCAACCAGAA_012,132
GTGTACCGGCCCAACCAGAA_013,194
GTGTACCGGCCCAACCAGAA_014,27
GTGTACCGGCCCAACCAGAA_015,50
GTGTACCGGCCCAACCAGAA_016,105
GTGTACCGGCCCAACCAGAA_017,67
GTGTACCGGCCCAACCAGAA_018,169
GTGTACCGGCCCAACCAGAA_019,68
GTGTACCGGCCCAACCAGAA_020,106
GTGTACCGGCCCAACCAGAA_021,160
GTGTACCGGCCCAACCAGAA_022,25
GTGTACCGGCCCAACCAGAA_023,120
AAGGCTGACCACATCCGGAA_001,181
AAGGCTGACCACATCCGGAA_002,115
AAGGCTGACCACATCCGGAA_003,17
AAGGCTGACCACATCCGGAA_004,49
AGTCGTGGGTTTGCAACATG_001,160
AGTCGTGGGTTTGCAACATG_002,7
AGTCGTGGGTTTGCAACATG_003,50
AGTCGTGGGTTTGCAACATG_004,62
AGTCGTGGGTTTGCAACATG_005,27
AGTCGTGGGTTTGCAACATG_006,83
AGTCGTGGGTTTGCAACATG_007,187
AGTCGTGGGTTTGCAACATG_008,185
AGTCGTGGGTTTGCAACATG_009,74
GCAGCATCCACTTTGTACAA_001,119
GCCTACGAGCAGGTCCAAAA_001,172
GCCTACGAGCAGGTCCAAAA_002,198
GCCTACGAGCAGGTCCAAAA_003,38
GCCTACGAGCAGGTCCAAAA_004,42
GCCTACGAGCAGGTCCAAAA_005,170
GCCTACGAGCAGGTCCAAAA_006,185
GCCTACGAGCAGGTCCAAAA_007,163
GCCTACGAGCAGGTCCAAAA_008,7
GCCTACGAGCAGGTCCAAAA_009,5
GCCTACGAGCAGGTCCAAAA_010,112
TGGGCAAATAGCAACAGACG_001,68
TGGGCAAATAGCAACAGACG_002,23
TGGGCAAATAGCAACAGACG_003,61
TGGGCAAATAGCAACAGACG_004,84
TGGGCAAATAGCAACAGACG_005,120
TGGGCAAATAGCAACAGACG_006,137
TGGGCAAATAGCAACAGACG_007,197
TGGGCAAATAGCAACAGACG_008,77
TGGGCAAATAGCAACAGACG_009,169
AGTCTCGTCATTCCACTCAG_001,53
AGTCTCGTCATTCCACTCAG_002,197
AGTCTCGTCATTCCACTCAG_003,184
AGTCTCGTCATTCCACTCAG_004,188
AGTCTCGTCATTCCACTCAG_005,71
AGTCTCGTCATTCCACTCAG_006,41
AGTCTCGTCATTCCACTCAG_007,94
AGTCTCGTCATTCCACTCAG_008,165
AGTCTCGTCATTCCACTCAG_009,91
AGTCTCGTCATTCCACTCAG_010,91
AGTCTCGTCATTCCACTCAG_011,197
AGTCTCGTCATTCCACTCAG_012,75
AGTCTCGTCATTCCACTCAG_013,196
GTCAACACGGAATCTCGGTA_001,68
GTCAACACGGAATCTCGGTA_002,185
GTCAACACGGAATCTCGGTA_003,137
GTCAACACGGAATCTCGGTA_004,94
GTCAACACGGAATCTCGGTA_005,8
GTCAACACGGAATCTCGGTA_006,157
GTCAACACGGAATCTCGGTA_007,119
GTCAACACGGAATCTCGGTA_008,106
GTCAACACGGAATCTCGGTA_009,174
AGCCTTGTCGGAGAGAGCTG_001,23
GCTCATGGAGTATCCAAATG_001,50
GCTCATGGAGTATCCAAATG_002,42
GCTCATGGAGTATCCAAATG_003,10
GCTCATGGAGTATCCAAATG_004,103
TGAGAAAAAGGACAAGAATG_001,29
TGAGAAAAAGGACAAGAATG_002,62
CGATAAGTCGCAGCTGACCG_001,70
CGATAAGTCGCAGCTGACCG_002,82
CGATAAGTCGCAGCTGACCG_003,77
CGATAAGTCGCAGCTGACCG_004,44
AATGGGTCTCAGAATCCACC_001,168
AATGGGTCTCAGAATCCACC_002,96
AATGGGTCTCAGAATCCACC_003,77
AATGGGTCTCAGAATCCACC_004,58
AATGGGTCTCAGAATCCACC_005,137
AATGGGTCTCAGAATCCACC_006,83
AATGGGTCTCAGAATCCACC_007,146
AATGGGTCTCAGAATCCACC_008,33
AATGGGTCTCAGAATCCACC_009,40
AATGGGTCTCAGAATCCACC_010,16
AATGGGTCTCAGAATCCACC_011,22
AATGGGTCTCAGAATCCACC_012,57
AATGGGTCTCAGAATCCACC_013,107
GCCCACGAAGCTAGACCCCG_001,151
GCCCACGAAGCTAGACCCCG_002,78
GCCCACGAAGCTAGACCCCG_003,142
GCCCACGAAGCTAGACCCCG_004,32
GCCCACGAAGCTAGACCCCG_005,31
GCCCACGAAGCTAGACCCCG_006,111
GCCCACGAAGCTAGACCCCG_007,141
GCCCACGAAGCTAGACCCCG_008,81
GCCCACGAAGCTAGACCCCG_009,184
GCCCACGAAGCTAGACCCCG_010,94
GCCCACGAAGCTAGACCCCG_011,150
GCCCACGAAGCTAGACCCCG_012,137
GCCCACGAAGCTAGACCCCG_013,94
GCCCACGAAGCTAGACCCCG_014,123
GCCCACGAAGCTAGACCCCG_015,35
GCCCACGAAGCTAGACCCCG_016,58
GCCCACGAAGCTAGACCCCG_017,104
GCCCACGAAGCTAGACCCCG_018,178
GCCCACGAAGCTAGACCCCG_019,62
GCCCACGAAGCTAGACCCCG_020,45
GGCTGTGAGGAAGACAACGC_001,127
GGCTGTGAGGAAGACAACGC_002,75
GGCTGTGAGGAAGACAACGC_003,80
GGCTGTGAGGAAGACAACGC_004,185
GGCTGTGAGGAAGACAACGC_005,68
GGCTGTGAGGAAGACAACGC_006,186
GGCTGTGAGGAAGACAACGC_007,58
GGCTGTGAGGAAGACAACGC_008,172
GGCTGTGAGGAAGACAACGC_009,29
GGCTGTGAGGAAGACAACGC_010,60
GGCTGTGAGGAAGACAACGC_011,65
GGCTGTGAGGAAGACAACGC_012,68
GGCTGTGAGGAAGACAACGC_013,107
TAATGGATGAAAGGATTCAG_001,183
TAATGGATGAAAGGATTCAG_002,134
TTGTCCGAGCTGAGGCAAGT_001,188
TTGTCCGAGCTGAGGCAAGT_002,17
TTGTCCGAGCTGAGGCAAGT_003,32
TTGTCCGAGCTGAGGCAAGT_004,45
TTGTCCGAGCTGAGGCAAGT_005,147
TTGTCCGAGCTGAGGCAAGT_006,57
TTGTCCGAGCTGAGGCAAGT_007,15
TTGTCCGAGCTGAGGCAAGT_008,64
TTGTCCGAGCTGAGGCAAGT_009,119
TTGTCCGAGCTGAGGCAAGT_010,50
TTGTCCGAGCTGAGGCAAGT_011,180
AGGCACATCAGAGATGACAC_001,158
AGGCACATCAGAGATGACAC_002,174
AGGCACATCAGAGATGACAC_003,76
AGGCACATCAGAGATGACAC_004,177
CCAGGCTGAAGTTCGTACCT_001,117
CCAGGCTGAAGTTCGTACCT_002,107
CCAGGCTGAAGTTCGTACCT_003,53
CCAGGCTGAAGTTCGTACCT_004,101
CCAGGCTGAAGTTCGTACCT_005,117
CCAGGCTGAAGTTCGTACCT_006,198
CCAGGCTGAAGTTCGTACCT_007,123
CCAGGCTGAAGTTCGTACCT_008,35
CCAGGCTGAAGTTCGTACCT_009,33
CCAGGCTGAAGTTCGTACCT_010,83
CCAGGCTGAAGTTCGTACCT_011,191
CCAGGCTGAAGTTCGTACCT_012,195
CCAGGCTGAAGTTCGTACCT_013,187
CCAGGCTGAAGTTCGTACCT_014,198
CCAGGCTGAAGTTCGTACCT_015,101
CCAGGCTGAAGTTCGTACCT_016,93
CCAGGCTGAAGTTCGTACCT_017,17
CCAGGCTGAAGTTCGTACCT_018,43
CCAGGCTGAAGTTCGTACCT_019,62
CCAGGCTGAAGTTCGTACCT_020,170
CCAGGCTGAAGTTCGTACCT_021,144
CCAGGCTGAAGTTCGTACCT_022,147
CCAGGCTGAAGTTCGTACCT_023,108
TCTGGCGCCAGTTGGCCTCG_001,190
TCTGGCGCCAGTTGGCCTCG_002,130
TCTGGCGCCAGTTGGCCTCG_003,121
TCTGGCGCCAGTTGGCCTCG_004,95
TCTGGCGCCAGTTGGCCTCG_005,154
TCTGGCGCCAGTTGGCCTCG_006,160
TCTGGCGCCAGTTGGCCTCG_007,149
TCTGGCGCCAGTTGGCCTCG_008,150
TCTGGCGCCAGTTGGCCTCG_009,116
TCTGGCGCCAGTTGGCCTCG_010,16
TCTGGCGCCAGTTGGCCTCG_011,16
TCTGGCGCCAGTTGGCCTCG_012,12
TCTGGCGCCAGTTGGCCTCG_013,175
TCTGGCGCCAGTTGGCCTCG_014,43
TCTGGCGCCAGTTGGCCTCG_015,47
TCTGGCGCCAGTTGGCCTCG_016,77
TCTGGCGCCAGTTGGCCTCG_017,32
GGTCCCATTAATAAGTACCG_001,49
GGTCCCATTAATAAGTACCG_002,70
GGTCCCATTAATAAGTACCG_003,105
GGTCCCATTAATAAGTACCG_004,5
GGTCCCATTAATAAGTACCG_005,40
GGTCCCATTAATAAGTACCG_006,130
GGTCCCATTAATAAGTACCG_007,138
CATCTCAGTCCAGGAGATCG_001,184
CATCTCAGTCCAGGAGATCG_002,105
CATCTCAGTCCAGGAGATCG_003,150
CCGCGGGCACAGGCGAACTC_001,151
CCGCGGGCACAGGCGAACTC_002,193
CCGCGGGCACAGGCGAACTC_003,140
CCGCGGGCACAGGCGAACTC_004,181
CCGCGGGCACAGGCGAACTC_005,32
CCGCGGGCACAGGCGAACTC_006,45
CCGCGGGCACAGGCGAACTC_007,177
CCGCGGGCACAGGCGAACTC_008,46
CCGCGGGCACAGGCGAACTC_009,182
CCGCGGGCACAGGCGAACTC_010,147
AAAAGATTGGTGTTTACGAG_001,40
AAAAGATTGGTGTTTACGAG_002,162
AAAAGATTGGTGTTTACGAG_003,128
AAAAGATTGGTGTTTACGAG_004,56
AAAAGATTGGTGTTTACGAG_005,64
GATTGTGGATTAGCTCCGAG_001,194
GATTGTGGATTAGCTCCGAG_002,171
GATTGTGGATTAGCTCCGAG_003,64
GATTGTGGATTAGCTCCGAG_004,133
GATTGTGGATTAGCTCCGAG_005,183
GATTGTGGATTAGCTCCGAG_006,199
GATTGTGGATTAGCTCCGAG_007,59
GATTGTGGATTAGCTCCGAG_008,184
GATTGTGGATTAGCTCCGAG_009,82
GATTGTGGATTAGCTCCGAG_010,118
GATTGTGGATTAGCTCCGAG_011,181
GATTGTGGATTAGCTCCGAG_012,187
GATTGTGGATTAGCTCCGAG_013,162
GATTGTGGATTAGCTCCGAG_014,171
GATTGTGGATTAGCTCCGAG_015,77
GATTGTGGATTAGCTCCGAG_016,199
GATTGTGGATTAGCTCCGAG_017,80
GATTGTGGATTAGCTCCGAG_018,168
GATTGTGGATTAGCTCCGAG_019,1
GATTGTGGATTAGCTCCGAG_020,16
GATTGTGGATTAGCTCCGAG_021,39
GATTGTGGATTAGCTCCGAG_022,197
GATTGTGGATTAGCTCCGAG_023,168
ACAGCTCATAGTCGGGCACT_001,144
ACAGCTCATAGTCGGGCACT_002,4
GCAAGCAATCAGCAGCATAG_001,132
GCAAGCAATCAGCAGCATAG_002,169
GCAAGCAATCAGCAGCATAG_003,118
GCAAGCAATCAGCAGCATAG_004,147
GCAAGCAATCAGCAGCATAG_005,173
GCAAGCAATCAGCAGCATAG_006,103
GCAAGCAATCAGCAGCATAG_007,48
GCAAGCAATCAGCAGCATAG_008,69
GCAAGCAATCAGCAGCATAG_009,169
GCAAGCAATCAGCAGCATAG_010,69
GCAAGCAATCAGCAGCATAG_011,83
GCAAGCAATCAGCAGCATAG_012,183
GCAAGCAATCAGCAGCATAG_013,71
GCAAGCAATCAGCAGCATAG_014,36
GCAAGCAATCAGCAGCATAG_015,125
GCAAGCAATCAGCAGCATAG_016,56
GCAAGCAATCAGCAGCATAG_017,52
GCAAGCAATCAGCAGCATAG_018,91
GCAAGCAATCAGCAGCATAG_019,39
GCAAGCAATCAGCAGCATAG_020,153
GCACTTTATAGACCAGCACC_001,127
GCACTTTATAGACCAGCACC_002,148
GCACTTTATAGACCAGCACC_003,8
GCACTTTATAGACCAGCACC_004,43
GCACTTTATAGACCAGCACC_005,105
GCACTTTATAGACCAGCACC_006,10
GCACTTTATAGACCAGCACC_007,84
TAAGGATCTTAGATCCCAGG_001,194
TAAGGATCTTAGATCCCAGG_002,174
TAAGGATCTTAGATCCCAGG_003,157
TAAGGATCTTAGATCCCAGG_004,69
TAAGGATCTTAGATCCCAGG_005,182
TAAGGATCTTAGATCCCAGG_006,147
AACGAAATAGCCCGAGACCG_001,8
AACGAAATAGCCCGAGACCG_002,49
AACGAAATAGCCCGAGACCG_003,64
AACGAAATAGCCCGAGACCG_004,67
AACGAAATAGCCCGAGACCG_005,145
AACGAAATAGCCCGAGACCG_006,81
AACGAAATAGCCCGAGACCG_007,4
AACGAAATAGCCCGAGACCG_008,176
AACGAAATAGCCCGAGACCG_009,62
AACGAAATAGCCCGAGACCG_010,161
AACGAAATAGCCCGAGACCG_011,116
AACGAAATAGCCCGAGACCG_012,102
TTGTTGTCAGTTCATTCATG_001,29
TTGTTGTCAGTTCATTCATG_002,12
TTGTTGTCAGTTCATTCATG_003,38
TTGTTGTCAGTTCATTCATG_004,133
TTGTTGTCAGTTCATTCATG_005,141
TTGTTGTCAGTTCATTCATG_006,110
TTGTTGTCAGTTCATTCATG_007,158
TTGTTGTCAGTTCATTCATG_008,89
TTGTTGTCAGTTCATTCATG_009,168
TTGTTGTCAGTTCATTCATG_010,63
TTGTTGTCAGTTCATTCATG_011,16
AAACTGATAGAGGCTACTCA_001,132
AAACTGATAGAGGCTACTCA_002,159
AAACTGATAGAGGCTACTCA_003,152
AAACTGATAGAGGCTACTCA_004,29
AAACTGATAGAGGCTACTCA_005,162
AAACTGATAGAGGCTACTCA_006,37
AAAGCAATCGTTCTGAAGAC_001,77
AAAGCAATCGTTCTGAAGAC_002,156
ATGTACTACACTGAGCCCAG_001,132
ATGTACTACACTGAGCCCAG_002,116
ATGTACTACACTGAGCCCAG_003,28
ATGTACTACACTGAGCCCAG_004,44
ATGTACTACACTGAGCCCAG_005,144
ATGTACTACACTGAGCCCAG_006,197
ATGTACTACACTGAGCCCAG_007,50
AAAGATTTAGGACGACATAG_001,62
AAAGATTTAGGACGACATAG_002,44
AAAGATTTAGGACGACATAG_003,166
AAAGATTTAGGACGACATAG_004,8
CCAGGAGTACCCGACCCTCA_001,57
CCAGGAGTACCCGACCCTCA_002,188
CCAGGAGTACCCGACCCTCA_003,7
CCAGGAGTACCCGACCCTCA_004,0
CCAGGAGTACCCGACCCTCA_005,88
CCAGGAGTACCCGACCCTCA_006,145
CCAGGAGTACCCGACCCTCA_007,111
CCAGGAGTACCCGACCCTCA_008,134
CCAGGAGTACCCGACCCTCA_009,168
CCAGGAGTACCCGACCCTCA_010,197
CCAGGAGTACCCGACCCTCA_011,116
CCAGGAGTACCCGACCCTCA_012,159
CCAGGAGTACCCGACCCTCA_013,62
CCAGGAGTACCCGACCCTCA_014,123
CCAGGAGTACCCGACCCTCA_015,22
CCAGGAGTACCCGACCCTCA_016,130
CCAGGAGTACCCGACCCTCA_017,95
CCAGGAGTACCCGACCCTCA_018,47
CCAGGAGTACCCGACCCTCA_019,0
CCAGGAGTACCCGACCCTCA_020,57
CCAGGAGTACCCGACCCTCA_021,106
CCAGGAGTACCCGACCCTCA_022,107
CCAGGAGTACCCGACCCTCA_023,22
CCAGGAGTACCCGACCCTCA_024,40
CCAGGAGTACCCGACCCTCA_025,32
CCAGGAGTACCCGACCCTCA_026,179
CCAGGAGTACCCGACCCTCA_027,105
CGCACCCACCTAGACACGGT_001,102
CGCACCCACCTAGACACGGT_002,108
CGCACCCACCTAGACACGGT_003,191
CGCACCCACCTAGACACGGT_004,17
CGCACCCACCTAGACACGGT_005,130
CGCACCCACCTAGACACGGT_006,121
CGCACCCACCTAGACACGGT_007,169
CGCACCCACCTAGACACGGT_008,121
CGCACCCACCTAGACACGGT_009,131
CGCACCCACCTAGACACGGT_010,76
TCTGAGCGCACTGACCCCCA_001,8
TCTGAGCGCACTGACCCCCA_002,170
TCTGAGCGCACTGACCCCCA_003,29
TCTGAGCGCACTGACCCCCA_004,191
TCTGAGCGCACTGACCCCCA_005,17
TCTGAGCGCACTGACCCCCA_006,54
TCTGAGCGCACTGACCCCCA_007,57
TCTGAGCGCACTGACCCCCA_008,14
TCTGAGCGCACTGACCCCCA_009,120
AACCGCTACCCACCTCAGGG_001,138
AACCGCTACCCACCTCAGGG_002,115
AACCGCTACCCACCTCAGGG_003,16
AACCGCTACCCACCTCAGGG_004,170
AACCGCTACCCACCTCAGGG_005,7
AACCGCTACCCACCTCAGGG_006,35
AACCGCTACCCACCTCAGGG_007,128
AACCGCTACCCACCTCAGGG_008,148
AACCGCTACCCACCTCAGGG_009,50
AACCGCTACCCACCTCAGGG_010,184
AACCGCTACCCACCTCAGGG_011,94
AACCGCTACCCACCTCAGGG_012,188
AACCGCTACCCACCTCAGGG_013,188
AACCGCTACCCACCTCAGGG_014,178
AACCGCTACCCACCTCAGGG_015,142
AACCGCTACCCACCTCAGGG_016,124
AACCGCTACCCACCTCAGGG_017,48
CCCAGAATAAGAATGCACCG_001,150
CCCAGAATAAGAATGCACCG_002,50
CCCAGAATAAGAATGCACCG_003,19
CCCAGAATAAGAATGCACCG_004,150
CCCAGAATAAGAATGCACCG_005,151
TTCTCCCTGATCCACTACGC_001,72
TTCTCCCTGATCCACTACGC_002,151
TTCTCCCTGATCCACTACGC_003,25
TTCTCCCTGATCCACTACGC_004,94
TTCTCCCTGATCCACTACGC_005,192
CATCGCCACGAGAGACTATG_001,160
CATCGCCACGAGAGACTATG_002,82
CATCGCCACGAGAGACTATG_003,88
CATCGCCACGAGAGACTATG_004,98
CATCGCCACGAGAGACTATG_005,158
CATCGCCACGAGAGACTATG_006,96
CATCGCCACGAGAGACTATG_007,108
CATCGCCACGAGAGACTATG_008,50
CATCGCCACGAGAGACTATG_009,64
CATCGCCACGAGAGACTATG_010,36
CATCGCCACGAGAGACTATG_011,81
CATCGCCACGAGAGACTATG_012,12
CATCGCCACGAGAGACTATG_013,100
CATCGCCACGAGAGACTATG_014,161
CATCGCCACGAGAGACTATG_015,42
CATCGCCACGAGAGACTATG_016,63
CATCGCCACGAGAGACTATG_017,19
CATCGCCACGAGAGACTATG_018,172
CATCGCCACGAGAGACTATG_019,137
CATCGCCACGAGAGACTATG_020,94
CATCGCCACGAGAGACTATG_021,70
CATCGCCACGAGAGACTATG_022,127
CATCGCCACGAGAGACTATG_023,124
CATCGCCACGAGAGACTATG_024,140
CATCGCCACGAGAGACTATG_025,167
CATCGCCACGAGAGACTATG_026,6
CATCGCCACGAGAGACTATG_027,52
CATCGCCACGAGAGACTATG_028,77
CATCGCCACGAGAGACTATG_029,39
CATCGCCACGAGAGACTATG_030,162
CATCGCCACGAGAGACTATG_031,188
CATCGCCACGAGAGACTATG_032,63
CAAACTTTCTGCCGTCTGCG_001,190
CAAACTTTCTGCCGTCTGCG_002,95
CAAACTTTCTGCCGTCTGCG_003,9
CAAACTTTCTGCCGTCTGCG_004,183
CAAACTTTCTGCCGTCTGCG_005,102
CAAACTTTCTGCCGTCTGCG_006,169
CAAACTTTCTGCCGTCTGCG_007,81
CAAACTTTCTGCCGTCTGCG_008,75
CCTATGAGTAAGAAACGGCG_001,147
CCTATGAGTAAGAAACGGCG_002,65
TGAATCCAATTGTTTGGACA_001,189
TGAATCCAATTGTTTGGACA_002,130
TGAATCCAATTGTTTGGACA_003,86
TGAATCCAATTGTTTGGACA_004,128
TGAATCCAATTGTTTGGACA_005,187
TGAATCCAATTGTTTGGACA_006,83
TATCACTTTATGAGAAACGG_001,118
TATCACTTTATGAGAAACGG_002,0
TATCACTTTATGAGAAACGG_003,144
TATCACTTTATGAGAAACGG_004,148
TATCACTTTATGAGAAACGG_005,188
GTGCTTAACAAATACGCCAG_001,119
GTGCTTAACAAATACGCCAG_002,96
GTGCTTAACAAATACGCCAG_003,77
GTGCTTAACAAATACGCCAG_004,104
GTGCTTAACAAATACGCCAG_005,197
AGGAGCAGACTTACGCACTG_001,101
AGGAGCAGACTTACGCACTG_002,41
AGGAGCAGACTTACGCACTG_003,106
AGGAGCAGACTTACGCACTG_004,72
AGGAGCAGACTTACGCACTG_005,41
AGGAGCAGACTTACGCACTG_006,169
AGGAGCAGACTTACGCACTG_007,91
AGGAGCAGACTTACGCACTG_008,191
AGGAGCAGACTTACGCACTG_009,182
AGGAGCAGACTTACGCACTG_010,198
AGGAGCAGACTTACGCACTG_011,91
AGGAGCAGACTTACGCACTG_012,191
AGGAGCAGACTTACGCACTG_013,115
AGGAGCAGACTTACGCACTG_014,82
AGGAGCAGACTTACGCACTG_015,12
AGGAGCAGACTTACGCACTG_016,92
AGGAGCAGACTTACGCACTG_017,130
AGGAGCAGACTTACGCACTG_018,8
AGGAGCAGACTTACGCACTG_019,5
AGGAGCAGACTTACGCACTG_020,75
AGGAGCAGACTTACGCACTG_021,114
AGGAGCAGACTTACGCACTG_022,144
AGGAGCAGACTTACGCACTG_023,23
AGGAGCAGACTTACGCACTG_024,83
AGGAGCAGACTTACGCACTG_025,6
AGGAGCAGACTTACGCACTG_026,30
TGGTGCCGCCAAGACCGGTG_001,139
TGGTGCCGCCAAGACCGGTG_002,48
TGGTGCCGCCAAGACCGGTG_003,199
TGGTGCCGCCAAGACCGGTG_004,105
TGGTGCCGCCAAGACCGGTG_005,132
TGGTGCCGCCAAGACCGGTG_006,49
TGGTGCCGCCAAGACCGGTG_007,183
TGGTGCCGCCAAGACCGGTG_008,107
TGGTGCCGCCAAGACCGGTG_009,70
TGGTGCCGCCAAGACCGGTG_010,16
TGGTGCCGCCAAGACCGGTG_011,176
TGGTGCCGCCAAGACCGGTG_012,60
TGGTGCCGCCAAGACCGGTG_013,137
TGGTGCCGCCAAGACCGGTG_014,107
TGGTGCCGCCAAGACCGGTG_015,125
TGGTGCCGCCAAGACCGGTG_016,172
TGGTGCCGCCAAGACCGGTG_017,53
TGGTGCCGCCAAGACCGGTG_018,107
TGGTGCCGCCAAGACCGGTG_019,149
TGGTGCCGCCAAGACCGGTG_020,48
TGGTGCCGCCAAGACCGGTG_021,198
TGGTGCCGCCAAGACCGGTG_022,15
GCCAGCCGTCCAGGCGACGC_001,17
GCCAGCCGTCCAGGCGACGC_002,12
GCCAGCCGTCCAGGCGACGC_003,95
GCCAGCCGTCCAGGCGACGC_004,155
GCCAGCCGTCCAGGCGACGC_005,162
GCCAGCCGTCCAGGCGACGC_006,57
GCCAGCCGTCCAGGCGACGC_007,112
GCCAGCCGTCCAGGCGACGC_008,88
GCCAGCCGTCCAGGCGACGC_009,96
GCCAGCCGTCCAGGCGACGC_010,70
GCCAGCCGTCCAGGCGACGC_011,45
GCCAGCCGTCCAGGCGACGC_012,127
GCCAGCCGTCCAGGCGACGC_013,55
GGTTCCCACTGGAGGCACCG_001,6
GGTTCCCACTGGAGGCACCG_002,60
GGTTCCCACTGGAGGCACCG_003,42
GGTTCCCACTGGAGGCACCG_004,28
GGTTCCCACTGGAGGCACCG_005,15
GGTTCCCACTGGAGGCACCG_006,48
CATCCGTCCAGTGCACGTAG_001,193
CATCCGTCCAGTGCACGTAG_002,129
CATCCGTCCAGTGCACGTAG_003,6
CATCCGTCCAGTGCACGTAG_004,102
CATCCGTCCAGTGCACGTAG_005,50
CATCCGTCCAGTGCACGTAG_006,92
CATCCGTCCAGTGCACGTAG_007,26
CATCCGTCCAGTGCACGTAG_008,108
CATCCGTCCAGTGCACGTAG_009,14
CATCCGTCCAGTGCACGTAG_010,115
CATCCGTCCAGTGCACGTAG_011,130
CATCCGTCCAGTGCACGTAG_012,30
CATCCGTCCAGTGCACGTAG_013,94
AGCTATTCTGACATGTCCAC_001,134
AGCTATTCTGACATGTCCAC_002,134
AGCTATTCTGACATGTCCAC_003,38
AGCTATTCTGACATGTCCAC_004,137
AGCTATTCTGACATGTCCAC_005,50
AGCTATTCTGACATGTCCAC_006,11
AGCTATTCTGACATGTCCAC_007,23
CAACTGCCGGCTGTGCAGAG_001,32
CAACTGCCGGCTGTGCAGAG_002,121
CAACTGCCGGCTGTGCAGAG_003,84
CAACTGCCGGCTGTGCAGAG_004,49
CAACTGCCGGCTGTGCAGAG_005,16
CAACTGCCGGCTGTGCAGAG_006,65
CAACTGCCGGCTGTGCAGAG_007,108
CAACTGCCGGCTGTGCAGAG_008,178
CAACTGCCGGCTGTGCAGAG_009,34
CAACTGCCGGCTGTGCAGAG_010,184
CAACTGCCGGCTGTGCAGAG_011,80
CAACTGCCGGCTGTGCAGAG_012,5
CAACTGCCGGCTGTGCAGAG_013,68
CAACTGCCGGCTGTGCAGAG_014,150
CAACTGCCGGCTGTGCAGAG_015,5
CAACTGCCGGCTGTGCAGAG_016,181
CAACTGCCGGCTGTGCAGAG_017,61
CAACTGCCGGCTGTGCAGAG_018,54
CAACTGCCGGCTGTGCAGAG_019,193
CAACTGCCGGCTGTGCAGAG_020,105
CAACTGCCGGCTGTGCAGAG_021,63
CAACTGCCGGCTGTGCAGAG_022,70
CAACTGCCGGCTGTGCAGAG_023,186
CAACTGCCGGCTGTGCAGAG_024,168
CAACTGCCGGCTGTGCAGAG_025,199
CAACTGCCGGCTGTGCAGAG_026,58
CAACTGCCGGCTGTGCAGAG_027,189
CAACTGCCGGCTGTGCAGAG_028,4
CAACTGCCGGCTGTGCAGAG_029,155
CTGACCTGCCCGTGAAGAGG_001,191
CTGACCTGCCCGTGAAGAGG_002,58
CTGACCTGCCCGTGAAGAGG_003,54
CTGACCTGCCCGTGAAGAGG_004,172
CTGACCTGCCCGTGAAGAGG_005,60
TCATAGTCCAGACCGCAAGG_001,15
TCATAGTCCAGACCGCAAGG_002,171
TCATAGTCCAGACCGCAAGG_003,140
TCATAGTCCAGACCGCAAGG_004,49
TCATAGTCCAGACCGCAAGG_005,141
TCATAGTCCAGACCGCAAGG_006,146
TCATAGTCCAGACCGCAAGG_007,29
TCATAGTCCAGACCGCAAGG_008,88
TCATAGTCCAGACCGCAAGG_009,10
ATGTAACCACCACGACCAAG_001,16
ATGTAACCACCACGACCAAG_002,191
ATGTAACCACCACGACCAAG_003,70
ATGTAACCACCACGACCAAG_004,145
ATGTAACCACCACGACCAAG_005,137
ATGTAACCACCACGACCAAG_006,2
ATGTAACCACCACGACCAAG_007,74
ATGTAACCACCACGACCAAG_008,33
ATGTAACCACCACGACCAAG_009,18
ATGTAACCACCACGACCAAG_010,156
ATGTAACCACCACGACCAAG_011,18
ATGTAACCACCACGACCAAG_012,168
ATGTAACCACCACGACCAAG_013,154
ATGTAACCACCACGACCAAG_014,86
ATGTAACCACCACGACCAAG_015,119
ATGTAACCACCACGACCAAG_016,159
ATGTAACCACCACGACCAAG_017,35
ATGTAACCACCACGACCAAG_018,126
ATGTAACCACCACGACCAAG_019,98
ATGTAACCACCACGACCAAG_020,180
ATGTAACCACCACGACCAAG_021,149
ATGTAACCACCACGACCAAG_022,26
ATGTAACCACCACGACCAAG_023,7
ATGTAACCACCACGACCAAG_024,123
ATGTAACCACCACGACCAAG_025,92
AATCGAACTTGCAAACATCA_001,72
AATCGAACTTGCAAACATCA_002,53
CGTCGGCCAGAACCACTCCG_001,10
CGTCGGCCAGAACCACTCCG_002,34
CGTCGGCCAGAACCACTCCG_003,194
CGTCGGCCAGAACCACTCCG_004,108
CGTCGGCCAGAACCACTCCG_005,103
CGTCGGCCAGAACCACTCCG_006,31
CGTCGGCCAGAACCACTCCG_007,175
CGTCGGCCAGAACCACTCCG_008,149
CGTCGGCCAGAACCACTCCG_009,115
CGTCGGCCAGAACCACTCCG_010,101
CGTCGGCCAGAACCACTCCG_011,23
CGTCGGCCAGAACCACTCCG_012,105
CGTCGGCCAGAACCACTCCG_013,145
CGTCGGCCAGAACCACTCCG_014,148
CGTCGGCCAGAACCACTCCG_015,125
CGTCGGCCAGAACCACTCCG_016,53
CGTCGGCCAGAACCACTCCG_017,1
CGTCGGCCAGAACCACTCCG_018,165
CGTCGGCCAGAACCACTCCG_019,121
CGTCGGCCAGAACCACTCCG_020,89
GGCACTACTATCCCTCCGAG_001,76
GGCACTACTATCCCTCCGAG_002,68
GGCACTACTATCCCTCCGAG_003,28
AAGGTGTTATTCTGTGCACG_001,15
AAGGTGTTATTCTGTGCACG_002,98
AAGGTGTTATTCTGTGCACG_003,72
AAGGTGTTATTCTGTGCACG_004,2
GGTTTGCTCCAACCAAACGC_001,197
GGTTTGCTCCAACCAAACGC_002,183
GGTTTGCTCCAACCAAACGC_003,188
GGTTTGCTCCAACCAAACGC_004,137
GGTTTGCTCCAACCAAACGC_005,168
GGTTTGCTCCAACCAAACGC_006,101
GGTTTGCTCCAACCAAACGC_007,36
GGTTTGCTCCAACCAAACGC_008,150
GGTTTGCTCCAACCAAACGC_009,169
GGTTTGCTCCAACCAAACGC_010,146
GGTTTGCTCCAACCAAACGC_011,29
GGTTTGCTCCAACCAAACGC_012,127
GGTTTGCTCCAACCAAACGC_013,41
GGTTTGCTCCAACCAAACGC_014,138
TGAGGGACTTTACCAATGTG_001,80
TGAGGGACTTTACCAATGTG_002,12
ACCAACACTCCAAACAACCT_001,68
ACCAACACTCCAAACAACCT_002,82
ACCAACACTCCAAACAACCT_003,198
ACCAACACTCCAAACAACCT_004,85
ACCAACACTCCAAACAACCT_005,36
ACCAACACTCCAAACAACCT_006,20
ACCAACACTCCAAACAACCT_007,163
ACCAACACTCCAAACAACCT_008,88
ACCAACACTCCAAACAACCT_009,158
ACCAACACTCCAAACAACCT_010,122
ACCAACACTCCAAACAACCT_011,160
ACCAACACTCCAAACAACCT_012,180
ACCAACACTCCAAACAACCT_013,125
ACCAACACTCCAAACAACCT_014,171
ACCAACACTCCAAACAACCT_015,140
ACCAACACTCCAAACAACCT_016,78
ACCAACACTCCAAACAACCT_017,152
ACCAACACTCCAAACAACCT_018,80
ACCAACACTCCAAACAACCT_019,35
AGCCGCTTACACCCCGCCGC_001,69
AGCCGCTTACACCCCGCCGC_002,174
AGCCGCTTACACCCCGCCGC_003,64
AGCCGCTTACACCCCGCCGC_004,102
AGCCGCTTACACCCCGCCGC_005,115
AGCCGCTTACACCCCGCCGC_006,122
AGCCGCTTACACCCCGCCGC_007,122
AGCCGCTTACACCCCGCCGC_008,162
AGCCGCTTACACCCCGCCGC_009,60
AGCCGCTTACACCCCGCCGC_010,22
AGCCGCTTACACCCCGCCGC_011,132
AGCCGCTTACACCCCGCCGC_012,40
AGCCGCTTACACCCCGCCGC_013,140
AGCCGCTTACACCCCGCCGC_014,168
AGCCGCTTACACCCCGCCGC_015,181
AGCCGCTTACACCCCGCCGC_016,158
AGCCGCTTACACCCCGCCGC_017,170
AGCCGCTTACACCCCGCCGC_018,118
AGCCGCTTACACCCCGCCGC_019,59
AGCCGCTTACACCCCGCCGC_020,185
AGCCGCTTACACCCCGCCGC_021,98
AGCCGCTTACACCCCGCCGC_022,12
AGCCGCTTACACCCCGCCGC_023,50
AGCCGCTTACACCCCGCCGC_024,29
AGCCGCTTACACCCCGCCGC_025,141
AGCCGCTTACACCCCGCCGC_026,2
AGCCGCTTACACCCCGCCGC_027,105
AGCCGCTTACACCCCGCCGC_028,152
TGGATTTACACTGGGCAACG_001,175
TGGATTTACACTGGGCAACG_002,80
TGGATTTACACTGGGCAACG_003,62
TGGATTTACACTGGGCAACG_004,151
TGGATTTACACTGGGCAACG_005,65
TGGATTTACACTGGGCAACG_006,76
TGGATTTACACTGGGCAACG_007,105
TGGATTTACACTGGGCAACG_008,103
TGGATTTACACTGGGCAACG_009,112
TGGATTTACACTGGGCAACG_010,48
TGGATTTACACTGGGCAACG_011,69
TGGATTTACACTGGGCAACG_012,179
TGGATTTACACTGGGCAACG_013,106
AGCATGGGTGCCAATCATCG_001,118
AGCATGGGTGCCAATCATCG_002,133
AGCATGGGTGCCAATCATCG_003,136
AAAATTTCAACTTACCAGAG_001,106
AAAATTTCAACTTACCAGAG_002,1
TTTAGATCATAAAACGCCCA_001,34
AAGTAGATAGCTGCGAACAA_001,50
AAGTAGATAGCTGCGAACAA_002,119
AAGTAGATAGCTGCGAACAA_003,59
AAGTAGATAGCTGCGAACAA_004,68
AAGTAGATAGCTGCGAACAA_005,70
AAGTAGATAGCTGCGAACAA_006,197
AAGTAGATAGCTGCGAACAA_007,83
AAGTAGATAGCTGCGAACAA_008,158
AAGTAGATAGCTGCGAACAA_009,141
AAGTAGATAGCTGCGAACAA_010,83
AAGTAGATAGCTGCGAACAA_011,172
AAGTAGATAGCTGCGAACAA_012,157
AAGTAGATAGCTGCGAACAA_013,58
AAGTAGATAGCTGCGAACAA_014,76
AAGTAGATAGCTGCGAACAA_015,80
CACCGCCCAGACGTCAATGG_001,197
CACCGCCCAGACGTCAATGG_002,199
CACCGCCCAGACGTCAATGG_003,157
CACCGCCCAGACGTCAATGG_004,173
CACCGCCCAGACGTCAATGG_005,61
CACCGCCCAGACGTCAATGG_006,153
CACCGCCCAGACGTCAATGG_007,60
CACCGCCCAGACGTCAATGG_008,184
CTTGATGTGCAGAAAAGCAC_001,166
CTTGATGTGCAGAAAAGCAC_002,163
CTTGATGTGCAGAAAAGCAC_003,32
CTTGATGTGCAGAAAAGCAC_004,106
CTTGATGTGCAGAAAAGCAC_005,0
CTTGATGTGCAGAAAAGCAC_006,40
CTTGATGTGCAGAAAAGCAC_007,12
CTTGATGTGCAGAAAAGCAC_008,54
CTTGATGTGCAGAAAAGCAC_009,166
CTTGATGTGCAGAAAAGCAC_010,4
CTTGATGTGCAGAAAAGCAC_011,171
CTTGATGTGCAGAAAAGCAC_012,26
CTTGATGTGCAGAAAAGCAC_013,175
CTTGATGTGCAGAAAAGCAC_014,162
CTTGATGTGCAGAAAAGCAC_015,90
CCAGATTTGCTGATGTATCA_001,53
CCAGATTTGCTGATGTATCA_002,94
CCAGATTTGCTGATGTATCA_003,165
CCAGATTTGCTGATGTATCA_004,28
CCAGATTTGCTGATGTATCA_005,170
CCAGATTTGCTGATGTATCA_006,161
CCGGAGTTCATCGTGCAGAC_001,15
CCGGAGTTCATCGTGCAGAC_002,105
CCGGAGTTCATCGTGCAGAC_003,134
CCGGAGTTCATCGTGCAGAC_004,3
CCGGAGTTCATCGTGCAGAC_005,35
CCGGAGTTCATCGTGCAGAC_006,1
CCGGAGTTCATCGTGCAGAC_007,2
GGTCGTTGGAGAATCTCACC_001,62
TCCAGGTGAATCCAACACCG_001,166
TCCAGGTGAATCCAACACCG_002,172
TCCAGGTGAATCCAACACCG_003,170
TCCAGGTGAATCCAACACCG_004,43
TCCAGGTGAATCCAACACCG_005,22
TCCAGGTGAATCCAACACCG_006,58
TCCAGGTGAATCCAACACCG_007,177
TCCAGGTGAATCCAACACCG_008,13
TCCAGGTGAATCCAACACCG_009,176
TCCAGGTGAATCCAACACCG_010,97
TGACATGACCCAGTAACGAG_001,199
TGACATGACCCAGTAACGAG_002,78
TGACATGACCCAGTAACGAG_003,97
TGACATGACCCAGTAACGAG_004,76
TGACATGACCCAGTAACGAG_005,162
TGACATGACCCAGTAACGAG_006,76
GTGTATGCAGAACGCCCCAG_001,184
GTGTATGCAGAACGCCCCAG_002,147
GTGTATGCAGAACGCCCCAG_003,169
GTGTATGCAGAACGCCCCAG_004,88
GTGTATGCAGAACGCCCCAG_005,137
GTGTATGCAGAACGCCCCAG_006,187
GTGTATGCAGAACGCCCCAG_007,181
GTGTATGCAGAACGCCCCAG_008,117
GTGTATGCAGAACGCCCCAG_009,10
GTGTATGCAGAACGCCCCAG_010,127
GTGTATGCAGAACGCCCCAG_011,11
GTGTATGCAGAACGCCCCAG_012,129
GTGTATGCAGAACGCCCCAG_013,8
GTGTATGCAGAACGCCCCAG_014,98
GTGTATGCAGAACGCCCCAG_015,32
GTGTATGCAGAACGCCCCAG_016,172
GACTCCGCCTAGGATGCGCA_001,190
GACTCCGCCTAGGATGCGCA_002,174
GACTCCGCCTAGGATGCGCA_003,1
GACTCCGCCTAGGATGCGCA_004,169
GACTCCGCCTAGGATGCGCA_005,199
GACTCCGCCTAGGATGCGCA_006,13
GACTCCGCCTAGGATGCGCA_007,114
GACTCCGCCTAGGATGCGCA_008,114
GACTCCGCCTAGGATGCGCA_009,138
GACTCCGCCTAGGATGCGCA_010,105
GTCCAGAAACGAGCTCGAAG_001,127
GTCCAGAAACGAGCTCGAAG_002,171
GTCCAGAAACGAGCTCGAAG_003,44
GTCCAGAAACGAGCTCGAAG_004,50
GTCCAGAAACGAGCTCGAAG_005,177
GTCCAGAAACGAGCTCGAAG_006,182
GTCCAGAAACGAGCTCGAAG_007,151
GTCCAGAAACGAGCTCGAAG_008,42
GTCCAGAAACGAGCTCGAAG_009,9
GTCCAGAAACGAGCTCGAAG_010,105
GTCCAGAAACGAGCTCGAAG_011,164
GTCCAGAAACGAGCTCGAAG_012,2
GTCCAGAAACGAGCTCGAAG_013,148
GTCCAGAAACGAGCTCGAAG_014,175
GTCCAGAAACGAGCTCGAAG_015,177
GTCCAGAAACGAGCTCGAAG_016,129
GTCCAGAAACGAGCTCGAAG_017,32
GTCCAGAAACGAGCTCGAAG_018,108
GTCCAGAAACGAGCTCGAAG_019,148
GTCCAGAAACGAGCTCGAAG_020,78
GTCCAGAAACGAGCTCGAAG_021,137
GTCCAGAAACGAGCTCGAAG_022,71
GTCCAGAAACGAGCTCGAAG_023,197
AAACCAAATGCATACAACAG_001,15
AAACCAAATGCATACAACAG_002,147
AAACCAAATGCATACAACAG_003,198
AACTCGCTCCCCAAGCCCGT_001,8
AACTCGCTCCCCAAGCCCGT_002,19
AACTCGCTCCCCAAGCCCGT_003,127
AACTCGCTCCCCAAGCCCGT_004,121
AACTCGCTCCCCAAGCCCGT_005,30
AACTCGCTCCCCAAGCCCGT_006,150
AACTCGCTCCCCAAGCCCGT_007,113
AACTCGCTCCCCAAGCCCGT_008,15
AACTCGCTCCCCAAGCCCGT_009,107
AACTCGCTCCCCAAGCCCGT_010,191
AACTCGCTCCCCAAGCCCGT_011,82
AACTCGCTCCCCAAGCCCGT_012,36
ACCTGAGAAGTCGATGACCG_001,172
ACCTGAGAAGTCGATGACCG_002,15
ACCTGAGAAGTCGATGACCG_003,16
ACCTGAGAAGTCGATGACCG_004,61
ACCTGAGAAGTCGATGACCG_005,7
ACCTGAGAAGTCGATGACCG_006,137
ACCTGAGAAGTCGATGACCG_007,46
ACCTGAGAAGTCGATGACCG_008,168
ACCTGAGAAGTCGATGACCG_009,199
ACCTGAGAAGTCGATGACCG_010,126
ACCTGAGAAGTCGATGACCG_011,144
ACCTGAGAAGTCGATGACCG_012,197
ACCTGAGAAGTCGATGACCG_013,106
ACCTGAGAAGTCGATGACCG_014,58
ACCTGAGAAGTCGATGACCG_015,27
GCCATGATCCAAATCACACT_001,196
GCCATGATCCAAATCACACT_002,15
GCCATGATCCAAATCACACT_003,60
GCCATGATCCAAATCACACT_004,169
GCCATGATCCAAATCACACT_005,160
GCCATGATCCAAATCACACT_006,116
GCCATGATCCAAATCACACT_007,63
GCCATGATCCAAATCACACT_008,94
GCCATGATCCAAATCACACT_009,120
GCCATGATCCAAATCACACT_010,35
GCCATGATCCAAATCACACT_011,56
GCCATGATCCAAATCACACT_012,96
GCGACTGAGGTTGGCTAGCG_001,196
GCGACTGAGGTTGGCTAGCG_002,41
GCGACTGAGGTTGGCTAGCG_003,88
GCGACTGAGGTTGGCTAGCG_004,41
GCGACTGAGGTTGGCTAGCG_005,199
GCGACTGAGGTTGGCTAGCG_006,155
GCGACTGAGGTTGGCTAGCG_007,92
GCGACTGAGGTTGGCTAGCG_008,2
GCGACTGAGGTTGGCTAGCG_009,167
GCGACTGAGGTTGGCTAGCG_010,167
GCGACTGAGGTTGGCTAGCG_011,161
GCGACTGAGGTTGGCTAGCG_012,10
GCGACTGAGGTTGGCTAGCG_013,144
GCGACTGAGGTTGGCTAGCG_014,67
GAGCAGCCATCCTGGATACG_001,140
ATGAAGCTGCGATAGCGGTG_001,142
ATGAAGCTGCGATAGCGGTG_002,63
ATGAAGCTGCGATAGCGGTG_003,119
ATGAAGCTGCGATAGCGGTG_004,96
ATGAAGCTGCGATAGCGGTG_005,30
ATGAAGCTGCGATAGCGGTG_006,9
ATGAAGCTGCGATAGCGGTG_007,30
ATGAAGCTGCGATAGCGGTG_008,96
ATGAAGCTGCGATAGCGGTG_009,188
ATGAAGCTGCGATAGCGGTG_010,34
ATGAAGCTGCGATAGCGGTG_011,103
GGGACGCCGCCTGGGCAACG_001,19
GGGACGCCGCCTGGGCAACG_002,89
GGGACGCCGCCTGGGCAACG_003,139
GGGACGCCGCCTGGGCAACG_004,196
GGGACGCCGCCTGGGCAACG_005,40
GGGACGCCGCCTGGGCAACG_006,15
GGGACGCCGCCTGGGCAACG_007,126
GGGACGCCGCCTGGGCAACG_008,19
GGGACGCCGCCTGGGCAACG_009,60
GGGACGCCGCCTGGGCAACG_010,121
GGGACGCCGCCTGGGCAACG_011,140
GGGACGCCGCCTGGGCAACG_012,69
GGGACGCCGCCTGGGCAACG_013,19
GGGACGCCGCCTGGGCAACG_014,156
GGGACGCCGCCTGGGCAACG_015,5
GGGACGCCGCCTGGGCAACG_016,169
GGGACGCCGCCTGGGCAACG_017,50
GGGACGCCGCCTGGGCAACG_018,1
GGGACGCCGCCTGGGCAACG_019,101
GGGACGCCGCCTGGGCAACG_020,50
GGGACGCCGCCTGGGCAACG_021,198
GGGACGCCGCCTGGGCAACG_022,15
GGGACGCCGCCTGGGCAACG_023,82
GGGACGCCGCCTGGGCAACG_024,2
TCCAGGCCGAAGACATGACG_001,157
TCCAGGCCGAAGACATGACG_002,22
TCCAGGCCGAAGACATGACG_003,106
TCCAGGCCGAAGACATGACG_004,83
TCCAGGCCGAAGACATGACG_005,103
TCCAGGCCGAAGACATGACG_006,4
TCCAGGCCGAAGACATGACG_007,27
GGGCCTCCGGACGAGCGAGT_001,163
GGGCCTCCGGACGAGCGAGT_002,159
GGGCCTCCGGACGAGCGAGT_003,157
GGGCCTCCGGACGAGCGAGT_004,71
GGGCCTCCGGACGAGCGAGT_005,111
GGGCCTCCGGACGAGCGAGT_006,38
GGGCCTCCGGACGAGCGAGT_007,83
AGGCCGAGTTTGCCGACCAA_001,83
AGGCCGAGTTTGCCGACCAA_002,19
AGGCCGAGTTTGCCGACCAA_003,51
AGGCCGAGTTTGCCGACCAA_004,169
AGGCCGAGTTTGCCGACCAA_005,68
AGGCCGAGTTTGCCGACCAA_006,178
AGGCCGAGTTTGCCGACCAA_007,18
AGGCCGAGTTTGCCGACCAA_008,101
AGGCCGAGTTTGCCGACCAA_009,158
AGGCCGAGTTTGCCGACCAA_010,23
AGGCCGAGTTTGCCGACCAA_011,21
AGGCCGAGTTTGCCGACCAA_012,66
AGGCCGAGTTTGCCGACCAA_013,115
AGGCCGAGTTTGCCGACCAA_014,1
AGGCCGAGTTTGCCGACCAA_015,56
AGGCCGAGTTTGCCGACCAA_016,96
AGGCCGAGTTTGCCGACCAA_017,50
AGGCCGAGTTTGCCGACCAA_018,72
AGGCCGAGTTTGCCGACCAA_019,148
AGGCCGAGTTTGCCGACCAA_020,191
AGGCCGAGTTTGCCGACCAA_021,83
AGGCCGAGTTTGCCGACCAA_022,79
AGGCCGAGTTTGCCGACCAA_023,172
GCAGTCGGCCAGAGAACGTG_001,118
GCAGTCGGCCAGAGAACGTG_002,146
GCAGTCGGCCAGAGAACGTG_003,58
GCAGTCGGCCAGAGAACGTG_004,73
GCAGTCGGCCAGAGAACGTG_005,80
GCAGTCGGCCAGAGAACGTG_006,153
GCAGTCGGCCAGAGAACGTG_007,170
GCAGTCGGCCAGAGAACGTG_008,100
GCAGTCGGCCAGAGAACGTG_009,158
GCAGTCGGCCAGAGAACGTG_010,127
GCAGTCGGCCAGAGAACGTG_011,57
GCAGTCGGCCAGAGAACGTG_012,137
GCAGTCGGCCAGAGAACGTG_013,57
GCAGTCGGCCAGAGAACGTG_014,171
GCAGTCGGCCAGAGAACGTG_015,34
GCAGTCGGCCAGAGAACGTG_016,186
GCAGTCGGCCAGAGAACGTG_017,82
GCAGTCGGCCAGAGAACGTG_018,15
GCAGTCGGCCAGAGAACGTG_019,160
GCAGTCGGCCAGAGAACGTG_020,56
GCAGTCGGCCAGAGAACGTG_021,139
GCAGTCGGCCAGAGAACGTG_022,149
GCAGTCGGCCAGAGAACGTG_023,105
GCAGTCGGCCAGAGAACGTG_024,154
GCAGTCGGCCAGAGAACGTG_025,152
GCAGTCGGCCAGAGAACGTG_026,149
GCAGTCGGCCAGAGAACGTG_027,130
GCAGTCGGCCAGAGAACGTG_028,1
GCAGTCGGCCAGAGAACGTG_029,68
GCAGTCGGCCAGAGAACGTG_030,69
GCAGTCGGCCAGAGAACGTG_031,106
GCAGTCGGCCAGAGAACGTG_032,93
GCAGTCGGCCAGAGAACGTG_033,94
GCAGTCGGCCAGAGAACGTG_034,94
GCAGTCGGCCAGAGAACGTG_035,160
GCAGTCGGCCAGAGAACGTG_036,136
GCAGTCGGCCAGAGAACGTG_037,145
GCAGTCGGCCAGAGAACGTG_038,55
GGTGGCGTAGTTAAAAGTGT_001,36
GGTGGCGTAGTTAAAAGTGT_002,64
GGTGGCGTAGTTAAAAGTGT_003,98
GGTGGCGTAGTTAAAAGTGT_004,84
GGTGGCGTAGTTAAAAGTGT_005,76
CTTGAGATCCTTGGTAGTAG_001,118
CTTGAGATCCTTGGTAGTAG_002,115
CTTGAGATCCTTGGTAGTAG_003,143
CTTGAGATCCTTGGTAGTAG_004,98
AAGCCAACACAACGAAAAGG_001,28
AAGCCAACACAACGAAAAGG_002,43
AAGCCAACACAACGAAAAGG_003,186
AAGCCAACACAACGAAAAGG_004,33
AAGCCAACACAACGAAAAGG_005,134
AAGCCAACACAACGAAAAGG_006,19
AAGCCAACACAACGAAAAGG_007,94
AAGCCAACACAACGAAAAGG_008,75
AAGCCAACACAACGAAAAGG_009,10
AAGCCAACACAACGAAAAGG_010,33
AAGCCAACACAACGAAAAGG_011,49
TGGATTAACCACTATCAAGG_001,96
TGGATTAACCACTATCAAGG_002,137
TGGATTAACCACTATCAAGG_003,68
TGGATTAACCACTATCAAGG_004,59
TGGATTAACCACTATCAAGG_005,84
TGGATTAACCACTATCAAGG_006,50
TGGATTAACCACTATCAAGG_007,140
TGGATTAACCACTATCAAGG_008,11
TGGATTAACCACTATCAAGG_009,111
CGGAGAGGAAGCGAGCGGCG_001,70
CGGAGAGGAAGCGAGCGGCG_002,113
CGGAGAGGAAGCGAGCGGCG_003,58
CGGAGAGGAAGCGAGCGGCG_004,141
CAGAATACCTGATTCCATCA_001,176
CAGAATACCTGATTCCATCA_002,76
GACGTCATGATCACCGCTTG_001,33
GACGTCATGATCACCGCTTG_002,193
GACGTCATGATCACCGCTTG_003,2
TACAGGACTCGTTGACATTG_001,161
TACAGGACTCGTTGACATTG_002,139
TACAGGACTCGTTGACATTG_003,60
TACAGGACTCGTTGACATTG_004,26
TACAGGACTCGTTGACATTG_005,39
TACAGGACTCGTTGACATTG_006,63
TCTGCGCATCCTGTGACAAG_001,147
TCTGCGCATCCTGTGACAAG_002,134
TCTGCGCATCCTGTGACAAG_003,26
TCTGCGCATCCTGTGACAAG_004,68
TCTGCGCATCCTGTGACAAG_005,13
CAAGCTAAAGTGGACCCAAG_001,189
CAAGCTAAAGTGGACCCAAG_002,53
CAAGCTAAAGTGGACCCAAG_003,129
CCCTGAGCCAGGTTGTACCA_001,139
CCCTGAGCCAGGTTGTACCA_002,51
CCCTGAGCCAGGTTGTACCA_003,137
CCCTGAGCCAGGTTGTACCA_004,49
CCCTGAGCCAGGTTGTACCA_005,33
CCCTGAGCCAGGTTGTACCA_006,82
CCCTGAGCCAGGTTGTACCA_007,75
CCCTGAGCCAGGTTGTACCA_008,42
CCCTGAGCCAGGTTGTACCA_009,36
CCCTGAGCCAGGTTGTACCA_010,1
CCCTGAGCCAGGTTGTACCA_011,31
CCCTGAGCCAGGTTGTACCA_012,175
CCCTGAGCCAGGTTGTACCA_013,181
CCCTGAGCCAGGTTGTACCA_014,78
CCCTGAGCCAGGTTGTACCA_015,168
CCCTGAGCCAGGTTGTACCA_016,43
CCCTGAGCCAGGTTGTACCA_017,198
CGCAGTACGTATAGACTTAA_001,116
CGCAGTACGTATAGACTTAA_002,11
CGCAGTACGTATAGACTTAA_003,130
CGCAGTACGTATAGACTTAA_004,183
CGCAGTACGTATAGACTTAA_005,145
CGCAGTACGTATAGACTTAA_006,63
CGCAGTACGTATAGACTTAA_007,9
CGCAGTACGTATAGACTTAA_008,148
TGCAGATGCTGCGTTGAGCC_001,81
TGCAGATGCTGCGTTGAGCC_002,157
CGAGGCAGGCCTTTCCGAGG_001,132
CGAGGCAGGCCTTTCCGAGG_002,98
CGAGGCAGGCCTTTCCGAGG_003,118
CGAGGCAGGCCTTTCCGAGG_004,103
CGAGGCAGGCCTTTCCGAGG_005,146
CGAGGCAGGCCTTTCCGAGG_006,194
CGAGGCAGGCCTTTCCGAGG_007,151
CGAGGCAGGCCTTTCCGAGG_008,112
CGAGGCAGGCCTTTCCGAGG_009,146
GGAGCATCAGAGATTGATAG_001,139
GGAGCATCAGAGATTGATAG_002,21
GGAGCATCAGAGATTGATAG_003,197
GGAGCATCAGAGATTGATAG_004,76
GGAGCATCAGAGATTGATAG_005,4
GGAGCATCAGAGATTGATAG_006,160
GGAGCATCAGAGATTGATAG_007,171
GGAGCATCAGAGATTGATAG_008,144
CCGGGAGCTAAATTCCTGGG_001,78
CCGGGAGCTAAATTCCTGGG_002,176
CCGGGAGCTAAATTCCTGGG_003,190
CCGGGAGCTAAATTCCTGGG_004,15
CCGGGAGCTAAATTCCTGGG_005,119
CCGGGAGCTAAATTCCTGGG_006,27
TGACATCTCTTGTCTTAAAG_001,48
TGACATCTCTTGTCTTAAAG_002,13
TGACATCTCTTGTCTTAAAG_003,149
TGACATCTCTTGTCTTAAAG_004,3
TGACATCTCTTGTCTTAAAG_005,180
TGACATCTCTTGTCTTAAAG_006,56
TGACATCTCTTGTCTTAAAG_007,138
TGACATCTCTTGTCTTAAAG_008,48
TGACATCTCTTGTCTTAAAG_009,52
TGACATCTCTTGTCTTAAAG_010,141
GGAGATCCCATACTACGCTG_001,28
GGAGATCCCATACTACGCTG_002,141
GGAGATCCCATACTACGCTG_003,199
GGAGATCCCATACTACGCTG_004,170
CCCAACTGGCCCCAGTACAA_001,196
CCCAACTGGCCCCAGTACAA_002,43
CCCAACTGGCCCCAGTACAA_003,80
CCCAACTGGCCCCAGTACAA_004,104
CCCAACTGGCCCCAGTACAA_005,174
CCCAACTGGCCCCAGTACAA_006,83
CCCAACTGGCCCCAGTACAA_007,83
CCCAACTGGCCCCAGTACAA_008,24
CCCAACTGGCCCCAGTACAA_009,28
AATCACAGCCCAAAGGACTG_001,56
AATCACAGCCCAAAGGACTG_002,19
AATCACAGCCCAAAGGACTG_003,12
AATCACAGCCCAAAGGACTG_004,164
AATCACAGCCCAAAGGACTG_005,61
AATCACAGCCCAAAGGACTG_006,91
AATCACAGCCCAAAGGACTG_007,36
AATCACAGCCCAAAGGACTG_008,14
AATCACAGCCCAAAGGACTG_009,120
AATCACAGCCCAAAGGACTG_010,96
AATCACAGCCCAAAGGACTG_011,68
AATCACAGCCCAAAGGACTG_012,61
AATCACAGCCCAAAGGACTG_013,148
AATCACAGCCCAAAGGACTG_014,14
AATCACAGCCCAAAGGACTG_015,162
AGGTCAAAGCCGTGACGGCG_001,170
AGGTCAAAGCCGTGACGGCG_002,72
AGGTCAAAGCCGTGACGGCG_003,23
AGGTCAAAGCCGTGACGGCG_004,23
AGGTCAAAGCCGTGACGGCG_005,29
AGGTCAAAGCCGTGACGGCG_006,190
AGGTCAAAGCCGTGACGGCG_007,145
AGGTCAAAGCCGTGACGGCG_008,149
AGGTCAAAGCCGTGACGGCG_009,78
AGGTCAAAGCCGTGACGGCG_010,150
AGGTCAAAGCCGTGACGGCG_011,28
AGGTCAAAGCCGTGACGGCG_012,191
AGGTCAAAGCCGTGACGGCG_013,58
AGGTCAAAGCCGTGACGGCG_014,100
TGGAGATAAAAGGCAGCAAG_001,62
TGGAGATAAAAGGCAGCAAG_002,131
TGGAGATAAAAGGCAGCAAG_003,34
TGGAGATAAAAGGCAGCAAG_004,145
TGGAGATAAAAGGCAGCAAG_005,148
TGGAGATAAAAGGCAGCAAG_006,150
TGGAGATAAAAGGCAGCAAG_007,59
TGGAGATAAAAGGCAGCAAG_008,98
TGGAGATAAAAGGCAGCAAG_009,54
GATCACGTGCGCGCCCACGG_001,57
GATCACGTGCGCGCCCACGG_002,43
GATCACGTGCGCGCCCACGG_003,151
GATCACGTGCGCGCCCACGG_004,158
GATCACGTGCGCGCCCACGG_005,120
GATCACGTGCGCGCCCACGG_006,93
GATCACGTGCGCGCCCACGG_007,70
GATCACGTGCGCGCCCACGG_008,137
GATCACGTGCGCGCCCACGG_009,94
GATCACGTGCGCGCCCACGG_010,77
GATCACGTGCGCGCCCACGG_011,67
GATCACGTGCGCGCCCACGG_012,76
CTCCTTAATGCTGAGTCCGG_001,124
CTCCTTAATGCTGAGTCCGG_002,63
CTCCTTAATGCTGAGTCCGG_003,169
CTCCTTAATGCTGAGTCCGG_004,17
CTCCTTAATGCTGAGTCCGG_005,183
CTCCTTAATGCTGAGTCCGG_006,144
GAAAGAGGTGTCCAAAACGG_001,72
GAAAGAGGTGTCCAAAACGG_002,127
GAAAGAGGTGTCCAAAACGG_003,140
GAAAGAGGTGTCCAAAACGG_004,28
GAAAGAGGTGTCCAAAACGG_005,85
GAAAGAGGTGTCCAAAACGG_006,121
GAAAGAGGTGTCCAAAACGG_007,35
GAAAGAGGTGTCCAAAACGG_008,168
CAAGAATGCCTATGTACCCA_001,72
CAAGAATGCCTATGTACCCA_002,72
CAAGAATGCCTATGTACCCA_003,19
CAAGAATGCCTATGTACCCA_004,119
CAAGAATGCCTATGTACCCA_005,119
CACGGATAGATCAATTTCAC_001,195
CACGGATAGATCAATTTCAC_002,4
CACGGATAGATCAATTTCAC_003,67
CACGGATAGATCAATTTCAC_004,79
CACGGATAGATCAATTTCAC_005,181
CACGGATAGATCAATTTCAC_006,130
CGGGCAGGCAGACATGATCG_001,182
CGGGCAGGCAGACATGATCG_002,76
CGGGCAGGCAGACATGATCG_003,191
CGGGCAGGCAGACATGATCG_004,90
TCGTATCCTGTCAGACACGT_001,119
GAGGGTACGTGTTGGTACGA_001,164
GAGGGTACGTGTTGGTACGA_002,169
GAGGGTACGTGTTGGTACGA_003,199
GAGGGTACGTGTTGGTACGA_004,108
GAGGGTACGTGTTGGTACGA_005,116
GAGGGTACGTGTTGGTACGA_006,94
TCTGGACAGTCTAACTATGG_001,106
TCTGGACAGTCTAACTATGG_002,137
TCTGGACAGTCTAACTATGG_003,198
AAGTGCCTAGTCAAGTACGC_001,177
AAGTGCCTAGTCAAGTACGC_002,198
AAGTGCCTAGTCAAGTACGC_003,130
AAGTGCCTAGTCAAGTACGC_004,3
AAGTGCCTAGTCAAGTACGC_005,12
AAGTGCCTAGTCAAGTACGC_006,116
AAGTGCCTAGTCAAGTACGC_007,15
AAGTGCCTAGTCAAGTACGC_008,88
AAGTGCCTAGTCAAGTACGC_009,98
AAGTGCCTAGTCAAGTACGC_010,102
AAGTGCCTAGTCAAGTACGC_011,95
TCTTATATCTCACGTGACCG_001,6
TCTTATATCTCACGTGACCG_002,129
TCTTATATCTCACGTGACCG_003,149
TCTTATATCTCACGTGACCG_004,23
TTGAAGCTGATACATCCAGG_001,48
TTGAAGCTGATACATCCAGG_002,13
TTGAAGCTGATACATCCAGG_003,83
TTGAAGCTGATACATCCAGG_004,154
TTGAAGCTGATACATCCAGG_005,169
TTGAAGCTGATACATCCAGG_006,68
ATATCAGAAAAGTTACCCGT_001,87
ATATCAGAAAAGTTACCCGT_002,95
ATATCAGAAAAGTTACCCGT_003,94
ATATCAGAAAAGTTACCCGT_004,137
CAAAAGCATGTACTATCTTG_001,160
TCAACAGTCCAGAGTATCAG_001,116
TCAACAGTCCAGAGTATCAG_002,184
TCAACAGTCCAGAGTATCAG_003,2
TCAACAGTCCAGAGTATCAG_004,74
TCAACAGTCCAGAGTATCAG_005,46
TCAACAGTCCAGAGTATCAG_006,142
GGGGACGCCGGGCTCAACAG_001,55
GGGGACGCCGGGCTCAACAG_002,135
GGGGACGCCGGGCTCAACAG_003,193
GGGGACGCCGGGCTCAACAG_004,24
GGGGACGCCGGGCTCAACAG_005,101
GGGGACGCCGGGCTCAACAG_006,2
GGGGACGCCGGGCTCAACAG_007,136
GGGGACGCCGGGCTCAACAG_008,39
CCTACACACGAGTGAGCCCA_001,62
CCTACACACGAGTGAGCCCA_002,104
CCTACACACGAGTGAGCCCA_003,47
CCTACACACGAGTGAGCCCA_004,47
CCTACACACGAGTGAGCCCA_005,180
CCTACACACGAGTGAGCCCA_006,127
CCTACACACGAGTGAGCCCA_007,26
CCTACACACGAGTGAGCCCA_008,106
CCTACACACGAGTGAGCCCA_009,147
GCGCAGAAGTGGTGGCACAC_001,97
GCGCAGAAGTGGTGGCACAC_002,141
GGTGGCATGTGCTATGGCTA_001,69
GGTGGCATGTGCTATGGCTA_002,140
GGTGGCATGTGCTATGGCTA_003,141
GGTGGCATGTGCTATGGCTA_004,94
GGTGGCATGTGCTATGGCTA_005,1
GGTGGCATGTGCTATGGCTA_006,40
GGTGGCATGTGCTATGGCTA_007,49
GGTGGCATGTGCTATGGCTA_008,125
GGTGGCATGTGCTATGGCTA_009,140
GGTGGCATGTGCTATGGCTA_010,61
GGTGGCATGTGCTATGGCTA_011,57
GGTGGCATGTGCTATGGCTA_012,19
GGTGGCATGTGCTATGGCTA_013,130
CAACGAGGTCATGATGACAA_001,117
CAACGAGGTCATGATGACAA_002,178
CAACGAGGTCATGATGACAA_003,60
CAACGAGGTCATGATGACAA_004,70
CAACGAGGTCATGATGACAA_005,141
CCTGCTAGTCTTTACAGTCG_001,80
CCTGCTAGTCTTTACAGTCG_002,188
CCTGCTAGTCTTTACAGTCG_003,94
CCTGCTAGTCTTTACAGTCG_004,30
CCTGCTAGTCTTTACAGTCG_005,152
CTTCTAGGTCATTGGCGTCC_001,175
CTTCTAGGTCATTGGCGTCC_002,127
CTTCTAGGTCATTGGCGTCC_003,50
CTTCTAGGTCATTGGCGTCC_004,131
CTTCTAGGTCATTGGCGTCC_005,196
CTTCTAGGTCATTGGCGTCC_006,149
CTTCTAGGTCATTGGCGTCC_007,172
GTCTGCGGGCGGAATCATGG_001,16
GTCTGCGGGCGGAATCATGG_002,144
GTCTGCGGGCGGAATCATGG_003,137
GTCTGCGGGCGGAATCATGG_004,156
GTCTGCGGGCGGAATCATGG_005,22
GTCTGCGGGCGGAATCATGG_006,6
GTCTGCGGGCGGAATCATGG_007,100
GTCTGCGGGCGGAATCATGG_008,125
GTCTGCGGGCGGAATCATGG_009,40
GTCTGCGGGCGGAATCATGG_010,41
GTCTGCGGGCGGAATCATGG_011,140
GTCTGCGGGCGGAATCATGG_012,128
GTCTGCGGGCGGAATCATGG_013,19
GTCTGCGGGCGGAATCATGG_014,19
GTCTGCGGGCGGAATCATGG_015,175
GTCTGCGGGCGGAATCATGG_016,127
GTCTGCGGGCGGAATCATGG_017,135
GTCTGCGGGCGGAATCATGG_018,177
GTCTGCGGGCGGAATCATGG_019,145
GTCTGCGGGCGGAATCATGG_020,15
GTCTGCGGGCGGAATCATGG_021,77
GTCTGCGGGCGGAATCATGG_022,127
CTGCACGCAAGAGTGCGTCT_001,83
CTGCACGCAAGAGTGCGTCT_002,156
CTGCACGCAAGAGTGCGTCT_003,49
CTGCACGCAAGAGTGCGTCT_004,114
CTGCACGCAAGAGTGCGTCT_005,61
GTCTGTCGGACACGTTGAAG_001,113
GTCTGTCGGACACGTTGAAG_002,78
GTCTGTCGGACACGTTGAAG_003,28
GTCTGTCGGACACGTTGAAG_004,94
GTCTGTCGGACACGTTGAAG_005,11
GTCTGTCGGACACGTTGAAG_006,11
GTCTGTCGGACACGTTGAAG_007,57
GTCTGTCGGACACGTTGAAG_008,102
GTCTGTCGGACACGTTGAAG_009,157
GTCTGTCGGACACGTTGAAG_010,88
GTCTGTCGGACACGTTGAAG_011,65
GTCTGTCGGACACGTTGAAG_012,65
GTCTGTCGGACACGTTGAAG_013,93
GTCTGTCGGACACGTTGAAG_014,197
GTCTGTCGGACACGTTGAAG_015,69
GTCTGTCGGACACGTTGAAG_016,134
GTCTGTCGGACACGTTGAAG_017,68
ACCTTCGTAGCATTTGCTGA_001,21
ACCTTCGTAGCATTTGCTGA_002,185
ACCTTCGTAGCATTTGCTGA_003,132
ACCTTCGTAGCATTTGCTGA_004,8
ACCTTCGTAGCATTTGCTGA_005,105
ACCTTCGTAGCATTTGCTGA_006,62
ACCTTCGTAGCATTTGCTGA_007,134
ACCTTCGTAGCATTTGCTGA_008,105
ACCTTCGTAGCATTTGCTGA_009,106
ACCTTCGTAGCATTTGCTGA_010,70
ACCTTCGTAGCATTTGCTGA_011,117
ACCTTCGTAGCATTTGCTGA_012,61
ACCTTCGTAGCATTTGCTGA_013,11
GTGCCCACGGACGTAGACCA_001,196
GTGCCCACGGACGTAGACCA_002,12
GTGCCCACGGACGTAGACCA_003,42
GTGCCCACGGACGTAGACCA_004,132
GTGCCCACGGACGTAGACCA_005,11
GTGCCCACGGACGTAGACCA_006,67
GTGCCCACGGACGTAGACCA_007,80
GTGCCCACGGACGTAGACCA_008,78
GTGCCCACGGACGTAGACCA_009,2
GTGCCCACGGACGTAGACCA_010,2
GTGCCCACGGACGTAGACCA_011,9
GTGCCCACGGACGTAGACCA_012,87
GTGCCCACGGACGTAGACCA_013,76
GTGCCCACGGACGTAGACCA_014,59
GTGCCCACGGACGTAGACCA_015,183
GTGCCCACGGACGTAGACCA_016,52
GTGCCCACGGACGTAGACCA_017,5
GTGCCCACGGACGTAGACCA_018,188
GTGCCCACGGACGTAGACCA_019,175
GTGCCCACGGACGTAGACCA_020,16
GTGCCCACGGACGTAGACCA_021,105
GTGCCCACGGACGTAGACCA_022,15
GTGCCCACGGACGTAGACCA_023,132
GTGCCCACGGACGTAGACCA_024,50
GTGCCCACGGACGTAGACCA_025,116
GTGCCCACGGACGTAGACCA_026,178
GTGCCCACGGACGTAGACCA_027,105
GTGCCCACGGACGTAGACCA_028,130
GTGCCCACGGACGTAGACCA_029,112
GTGCCCACGGACGTAGACCA_030,112
GTGCCCACGGACGTAGACCA_031,15
GTGCCCACGGACGTAGACCA_032,179
GTGCCCACGGACGTAGACCA_033,101
GTGCCCACGGACGTAGACCA_034,61
GTGCCCACGGACGTAGACCA_035,106
GTGCCCACGGACGTAGACCA_036,146
GTGCCCACGGACGTAGACCA_037,98
GTGCCCACGGACGTAGACCA_038,140
GTGCCCACGGACGTAGACCA_039,197
GTGCCCACGGACGTAGACCA_040,178
GTGCCCACGGACGTAGACCA_041,177
GTGCCCACGGACGTAGACCA_042,141
GTGCCCACGGACGTAGACCA_043,182
GTGCCCACGGACGTAGACCA_044,83
GGACAGCCCGTTTATCGCGA_001,100
GGACAGCCCGTTTATCGCGA_002,178
GGACAGCCCGTTTATCGCGA_003,8
GGACAGCCCGTTTATCGCGA_004,49
GGACAGCCCGTTTATCGCGA_005,77
TTTGTTACAGGATCCTCATG_001,81
TTTGTTACAGGATCCTCATG_002,35
AAGTGAGCACTAGCAACGCG_001,88
AAGTGAGCACTAGCAACGCG_002,160
AAGTGAGCACTAGCAACGCG_003,91
AAGTGAGCACTAGCAACGCG_004,61
AAGTGAGCACTAGCAACGCG_005,134
AAGTGAGCACTAGCAACGCG_006,138
AAGTGAGCACTAGCAACGCG_007,124
AGGAACAGGAGTCCACGCGC_001,70
AGGAACAGGAGTCCACGCGC_002,58
AGGAACAGGAGTCCACGCGC_003,111
AGGAACAGGAGTCCACGCGC_004,5
AGGAACAGGAGTCCACGCGC_005,56
AGGAACAGGAGTCCACGCGC_006,137
AGGAACAGGAGTCCACGCGC_007,111
AGGAACAGGAGTCCACGCGC_008,127
AGGAACAGGAGTCCACGCGC_009,113
AGGAACAGGAGTCCACGCGC_010,182
AGGAACAGGAGTCCACGCGC_011,189
AGGAACAGGAGTCCACGCGC_012,137
AGGAACAGGAGTCCACGCGC_013,108
GAGCGTGGTTGAGACAAACG_001,49
GAGCGTGGTTGAGACAAACG_002,178
GAGCGTGGTTGAGACAAACG_003,63
GAGCGTGGTTGAGACAAACG_004,34
GAGCGTGGTTGAGACAAACG_005,188
GAGCGTGGTTGAGACAAACG_006,127
GAGCGTGGTTGAGACAAACG_007,56
GGAGATGGCACAGTTAGCTG_001,48
GGAGATGGCACAGTTAGCTG_002,92
GGAGATGGCACAGTTAGCTG_003,76
CATGGAGGATGAGCCAAGCA_001,61
CATGGAGGATGAGCCAAGCA_002,134
CATGGAGGATGAGCCAAGCA_003,129
CATGGAGGATGAGCCAAGCA_004,149
CATGGAGGATGAGCCAAGCA_005,35
CATGGAGGATGAGCCAAGCA_006,35
CATGGAGGATGAGCCAAGCA_007,152
CATGGAGGATGAGCCAAGCA_008,5
CATGGAGGATGAGCCAAGCA_009,149
CATGGAGGATGAGCCAAGCA_010,199
CATGGAGGATGAGCCAAGCA_011,8
CATGGAGGATGAGCCAAGCA_012,124
CATGGAGGATGAGCCAAGCA_013,86
CATGGAGGATGAGCCAAGCA_014,112
TTTGTGATAAATATGCGACC_001,62
TTTGTGATAAATATGCGACC_002,106
GCTGAAAACTCTCAAGACCT_001,55
GCTGAAAACTCTCAAGACCT_002,77
GCTGAAAACTCTCAAGACCT_003,39
GCTGAAAACTCTCAAGACCT_004,148
GTGGCCCATGACCATACAGG_001,70
GTGGCCCATGACCATACAGG_002,171
GTGGCCCATGACCATACAGG_003,149
GTGGCCCATGACCATACAGG_004,96
GTGGCCCATGACCATACAGG_005,117
GTGGCCCATGACCATACAGG_006,153
GTGGCCCATGACCATACAGG_007,56
GTGGCCCATGACCATACAGG_008,56
GGGCTTCTTGACGCCACCGG_001,11
GGGCTTCTTGACGCCACCGG_002,102
GGGCTTCTTGACGCCACCGG_003,88
GGGCTTCTTGACGCCACCGG_004,49
GGGCTTCTTGACGCCACCGG_005,174
GGGCTTCTTGACGCCACCGG_006,79
GCATGCTTCTGTCAAAAACA_001,188
GCATGCTTCTGTCAAAAACA_002,178
ATAGCACGCAATTCGTACAG_001,1
ATAGCACGCAATTCGTACAG_002,145
ATAGCACGCAATTCGTACAG_003,94
ATAGCACGCAATTCGTACAG_004,183
ATAGCACGCAATTCGTACAG_005,87
ATAGCACGCAATTCGTACAG_006,81
ATAGCACGCAATTCGTACAG_007,106
ATAGCACGCAATTCGTACAG_008,40
GGTCTCCTCTGATAAACGAG_001,102
GGTCTCCTCTGATAAACGAG_002,62
GGTCTCCTCTGATAAACGAG_003,64
AGCAAGCCTACCCAGACGAA_001,44
AGCAAGCCTACCCAGACGAA_002,83
AGCAAGCCTACCCAGACGAA_003,35
AGCAAGCCTACCCAGACGAA_004,168
AGCAAGCCTACCCAGACGAA_005,148
TCAGTCTTGACTTCTTCTGT_001,69
TCAGTCTTGACTTCTTCTGT_002,155
TCAGTCTTGACTTCTTCTGT_003,174
TCAGTCTTGACTTCTTCTGT_004,22
TCAGTCTTGACTTCTTCTGT_005,1
TCAGTCTTGACTTCTTCTGT_006,156
TCAGTCTTGACTTCTTCTGT_007,180
GGATGCGGGGGTACGGCACG_001,15
GGATGCGGGGGTACGGCACG_002,42
GGATGCGGGGGTACGGCACG_003,127
GGATGCGGGGGTACGGCACG_004,115
GGATGCGGGGGTACGGCACG_005,83
GGATGCGGGGGTACGGCACG_006,199
GGATGCGGGGGTACGGCACG_007,170
GGATGCGGGGGTACGGCACG_008,82
GGATGCGGGGGTACGGCACG_009,165
GGATGCGGGGGTACGGCACG_010,33
GGATGCGGGGGTACGGCACG_011,69
GGATGCGGGGGTACGGCACG_012,135
GGATGCGGGGGTACGGCACG_013,176
GGATGCGGGGGTACGGCACG_014,197
GGATGCGGGGGTACGGCACG_015,124
TGTAGGTGGGCGTCACCACG_001,113
TGTAGGTGGGCGTCACCACG_002,51
TGTAGGTGGGCGTCACCACG_003,174
TGTAGGTGGGCGTCACCACG_004,165
TGTAGGTGGGCGTCACCACG_005,54
TGTAGGTGGGCGTCACCACG_006,102
TGTAGGTGGGCGTCACCACG_007,107
TGTAGGTGGGCGTCACCACG_008,24
TGTAGGTGGGCGTCACCACG_009,72
TGTAGGTGGGCGTCACCACG_010,140
TGTAGGTGGGCGTCACCACG_011,12
TGTAGGTGGGCGTCACCACG_012,158
TGTAGGTGGGCGTCACCACG_013,178
TGTAGGTGGGCGTCACCACG_014,16
TGTAGGTGGGCGTCACCACG_015,76
TGTAGGTGGGCGTCACCACG_016,44
TGTAGGTGGGCGTCACCACG_017,168
TGTAGGTGGGCGTCACCACG_018,184
TGTAGGTGGGCGTCACCACG_019,53
TGTAGGTGGGCGTCACCACG_020,29
TGTAGGTGGGCGTCACCACG_021,46
TGTAGGTGGGCGTCACCACG_022,58
TGTAGGTGGGCGTCACCACG_023,44
TGTAGGTGGGCGTCACCACG_024,7
TGTAGGTGGGCGTCACCACG_025,7
TGTAGGTGGGCGTCACCACG_026,191
TGTAGGTGGGCGTCACCACG_027,82
TGTAGGTGGGCGTCACCACG_028,18
TGTAGGTGGGCGTCACCACG_029,63
TGTAGGTGGGCGTCACCACG_030,19
GATGTCTGTTACGGTCAACT_001,19
GATGTCTGTTACGGTCAACT_002,48
GATGTCTGTTACGGTCAACT_003,64
GATGTCTGTTACGGTCAACT_004,68
GATGTCTGTTACGGTCAACT_005,167
GATGTCTGTTACGGTCAACT_006,101
GATGTCTGTTACGGTCAACT_007,149
GATGTCTGTTACGGTCAACT_008,98
GATGTCTGTTACGGTCAACT_009,76
GATGTCTGTTACGGTCAACT_010,55
GATGTCTGTTACGGTCAACT_011,55
GATGTCTGTTACGGTCAACT_012,172
GATGTCTGTTACGGTCAACT_013,22
GATGTCTGTTACGGTCAACT_014,44
GATGTCTGTTACGGTCAACT_015,78
GATGTCTGTTACGGTCAACT_016,184
GATGTCTGTTACGGTCAACT_017,94
GATGTCTGTTACGGTCAACT_018,139
AACACGCCCAAGTATCATGA_001,107
AACACGCCCAAGTATCATGA_002,145
AACACGCCCAAGTATCATGA_003,34
AACACGCCCAAGTATCATGA_004,188
GCTGGCGCTGCGGCGCAAGA_001,1
GCTGGCGCTGCGGCGCAAGA_002,112
GCTGGCGCTGCGGCGCAAGA_003,5
GCTGGCGCTGCGGCGCAAGA_004,52
GCTGGCGCTGCGGCGCAAGA_005,50
GCTGGCGCTGCGGCGCAAGA_006,77
GCTGGCGCTGCGGCGCAAGA_007,115
GCTGGCGCTGCGGCGCAAGA_008,178
GCTGGCGCTGCGGCGCAAGA_009,95
GCTGGCGCTGCGGCGCAAGA_010,132
GCTGGCGCTGCGGCGCAAGA_011,168
GCTGGCGCTGCGGCGCAAGA_012,34
GCTGGCGCTGCGGCGCAAGA_013,124
TGGATGAAGTTTGACGCACA_001,70
TGGATGAAGTTTGACGCACA_002,118
TGGATGAAGTTTGACGCACA_003,41
TGGATGAAGTTTGACGCACA_004,127
TGGATGAAGTTTGACGCACA_005,118
TGGATGAAGTTTGACGCACA_006,107
TGGATGAAGTTTGACGCACA_007,150
TGGATGAAGTTTGACGCACA_008,104
TGGATGAAGTTTGACGCACA_009,177
TGGATGAAGTTTGACGCACA_010,70
TGGATGAAGTTTGACGCACA_011,149
TGGATGAAGTTTGACGCACA_012,73
TGGATGAAGTTTGACGCACA_013,186
TGGATGAAGTTTGACGCACA_014,125
TGGATGAAGTTTGACGCACA_015,112
TGGATGAAGTTTGACGCACA_016,91
TGGATGAAGTTTGACGCACA_017,10
TGGATGAAGTTTGACGCACA_018,176
TGGATGAAGTTTGACGCACA_019,79
TGGATGAAGTTTGACGCACA_020,91
TGGATGAAGTTTGACGCACA_021,108
ACTTACTTAGTGTCTCCCAA_001,119
ACTTACTTAGTGTCTCCCAA_002,68
GCAGCAATTGCCTTAGTCGG_001,97
GCAGCAATTGCCTTAGTCGG_002,90
GCAGCAATTGCCTTAGTCGG_003,88
GCAGCAATTGCCTTAGTCGG_004,91
GCAGCAATTGCCTTAGTCGG_005,51
GCAGCAATTGCCTTAGTCGG_006,161
GCAGCAATTGCCTTAGTCGG_007,172
GCAGCAATTGCCTTAGTCGG_008,150
GCAGCAATTGCCTTAGTCGG_009,156
GGAGACATCCATTATCAGCG_001,132
GGAGACATCCATTATCAGCG_002,80
GGAGACATCCATTATCAGCG_003,63
CTCCAAAGCCAGGATAACCA_001,172
CTCCAAAGCCAGGATAACCA_002,137
CTCCAAAGCCAGGATAACCA_003,33
CTCCAAAGCCAGGATAACCA_004,158
CTCCAAAGCCAGGATAACCA_005,145
CTCCAAAGCCAGGATAACCA_006,145
CTCCAAAGCCAGGATAACCA_007,144
CTCCAAAGCCAGGATAACCA_008,5
GGGACGACCACTTGAAGGTG_001,105
GGGACGACCACTTGAAGGTG_002,131
GGGACGACCACTTGAAGGTG_003,158
GGGACGACCACTTGAAGGTG_004,181
GGGACGACCACTTGAAGGTG_005,23
GGGACGACCACTTGAAGGTG_006,101
GGGACGACCACTTGAAGGTG_007,176
GGGACGACCACTTGAAGGTG_008,9
GGGACGACCACTTGAAGGTG_009,163
GGGACGACCACTTGAAGGTG_010,149
GGGACGACCACTTGAAGGTG_011,28
GGGACGACCACTTGAAGGTG_012,161
GGGACGACCACTTGAAGGTG_013,108
GGGACGACCACTTGAAGGTG_014,113
GGGACGACCACTTGAAGGTG_015,186
GGGACGACCACTTGAAGGTG_016,4
GGGACGACCACTTGAAGGTG_017,81
GGGACGACCACTTGAAGGTG_018,56
GGGACGACCACTTGAAGGTG_019,88
GGGACGACCACTTGAAGGTG_020,170
GGGACGACCACTTGAAGGTG_021,34
GGGACGACCACTTGAAGGTG_022,65
GGGACGACCACTTGAAGGTG_023,152
GGGACGACCACTTGAAGGTG_024,28
GGGACGACCACTTGAAGGTG_025,68
GGGACGACCACTTGAAGGTG_026,57
GGGACGACCACTTGAAGGTG_027,39
GGGACGACCACTTGAAGGTG_028,80
GGGACGACCACTTGAAGGTG_029,105
GGGACGACCACTTGAAGGTG_030,169
TTCACCGACTTCCTCCGCCG_001,152
TTCACCGACTTCCTCCGCCG_002,118
TTCACCGACTTCCTCCGCCG_003,192
TTCACCGACTTCCTCCGCCG_004,141
TTCACCGACTTCCTCCGCCG_005,12
TTCACCGACTTCCTCCGCCG_006,33
TTCACCGACTTCCTCCGCCG_007,85
TTCACCGACTTCCTCCGCCG_008,169
TTCACCGACTTCCTCCGCCG_009,58
TTCACCGACTTCCTCCGCCG_010,2
TTCACCGACTTCCTCCGCCG_011,66
TTCACCGACTTCCTCCGCCG_012,57
TTCACCGACTTCCTCCGCCG_013,61
TTCACCGACTTCCTCCGCCG_014,148
TTCACCGACTTCCTCCGCCG_015,148
CACAACTTCAATCCGTACCA_001,68
CACAACTTCAATCCGTACCA_002,174
CACAACTTCAATCCGTACCA_003,175
AGACAAGCAAGTTATCACAT_001,158
AGCGTCTTGGGCTTGCGCCG_001,130
AGCGTCTTGGGCTTGCGCCG_002,68
AGCGTCTTGGGCTTGCGCCG_003,8
AGCGTCTTGGGCTTGCGCCG_004,140
AGCGTCTTGGGCTTGCGCCG_005,56
AGCGTCTTGGGCTTGCGCCG_006,50
AGCGTCTTGGGCTTGCGCCG_007,70
AGCGTCTTGGGCTTGCGCCG_008,127
AGCGTCTTGGGCTTGCGCCG_009,193
AGCGTCTTGGGCTTGCGCCG_010,98
AGCGTCTTGGGCTTGCGCCG_011,96
AGCGTCTTGGGCTTGCGCCG_012,196
AGCGTCTTGGGCTTGCGCCG_013,199
AGCGTCTTGGGCTTGCGCCG_014,145
AGCGTCTTGGGCTTGCGCCG_015,23
AAGTGGTCGCTTATGGTCAG_001,154
AAGTGGTCGCTTATGGTCAG_002,127
AAGTGGTCGCTTATGGTCAG_003,41
AAGTGGTCGCTTATGGTCAG_004,60
AAGTGGTCGCTTATGGTCAG_005,17
AAGTGGTCGCTTATGGTCAG_006,169
AAGTGGTCGCTTATGGTCAG_007,72
AAGTGGTCGCTTATGGTCAG_008,184
AAGTGGTCGCTTATGGTCAG_009,136
AAGTGGTCGCTTATGGTCAG_010,2
AAGTGGTCGCTTATGGTCAG_011,187
AAGTGGTCGCTTATGGTCAG_012,77
AAGTGGTCGCTTATGGTCAG_013,41
AAGTGGTCGCTTATGGTCAG_014,107
AAGTGGTCGCTTATGGTCAG_015,110
AAGTGGTCGCTTATGGTCAG_016,85
AAGTGGTCGCTTATGGTCAG_017,81
AAGTGGTCGCTTATGGTCAG_018,62
AAGTGGTCGCTTATGGTCAG_019,157
AAGTGGTCGCTTATGGTCAG_020,11
AAGTGGTCGCTTATGGTCAG_021,6
AAGTGGTCGCTTATGGTCAG_022,6
AAGTGGTCGCTTATGGTCAG_023,19
AAGTGGTCGCTTATGGTCAG_024,115
AAGTGGTCGCTTATGGTCAG_025,152
AAGTGGTCGCTTATGGTCAG_026,2
AAGTGGTCGCTTATGGTCAG_027,166
AAGTGGTCGCTTATGGTCAG_028,57
AAGTGGTCGCTTATGGTCAG_029,15
AAGTGGTCGCTTATGGTCAG_030,33
AAGTGGTCGCTTATGGTCAG_031,148
GCATAACCCGACGAGTAGCA_001,143
GCATAACCCGACGAGTAGCA_002,185
GCATAACCCGACGAGTAGCA_003,185
GCATAACCCGACGAGTAGCA_004,102
GCATAACCCGACGAGTAGCA_005,67
GCATAACCCGACGAGTAGCA_006,197
GCATAACCCGACGAGTAGCA_007,35
GCATAACCCGACGAGTAGCA_008,27
GCATAACCCGACGAGTAGCA_009,154
GCATAACCCGACGAGTAGCA_010,145
GCATAACCCGACGAGTAGCA_011,46
AGAAGTACTCGTTGCGCTCG_001,143
TAGCGTGATCCGACACACTG_001,191
TAGCGTGATCCGACACACTG_002,117
TAGCGTGATCCGACACACTG_003,50
TAGCGTGATCCGACACACTG_004,58
TAGCGTGATCCGACACACTG_005,62
TAGCGTGATCCGACACACTG_006,122
TAGCGTGATCCGACACACTG_007,122
TAGCGTGATCCGACACACTG_008,83
TAGCGTGATCCGACACACTG_009,64
TAGCGTGATCCGACACACTG_010,199
TAGCGTGATCCGACACACTG_011,5
TAGCGTGATCCGACACACTG_012,63
TAGCGTGATCCGACACACTG_013,33
TAGCGTGATCCGACACACTG_014,15
TAGCGTGATCCGACACACTG_015,75
TAGCGTGATCCGACACACTG_016,160
TAGCGTGATCCGACACACTG_017,82
TAGCGTGATCCGACACACTG_018,65
TAGCGTGATCCGACACACTG_019,52
TAGCGTGATCCGACACACTG_020,35
TAGCGTGATCCGACACACTG_021,142
TAGCGTGATCCGACACACTG_022,175
TAGCGTGATCCGACACACTG_023,17
ATGAGCGAGTGGTCTCCGTG_001,28
ATGAGCGAGTGGTCTCCGTG_002,15
ATGAGCGAGTGGTCTCCGTG_003,150
ATGAGCGAGTGGTCTCCGTG_004,130
ATGAGCGAGTGGTCTCCGTG_005,82
ATGAGCGAGTGGTCTCCGTG_006,172
ATGAGCGAGTGGTCTCCGTG_007,32
ATGAGCGAGTGGTCTCCGTG_008,124
ATGAGCGAGTGGTCTCCGTG_009,118
ATGAGCGAGTGGTCTCCGTG_010,1
ATGAGCGAGTGGTCTCCGTG_011,9
ATGAGCGAGTGGTCTCCGTG_012,176
ATGAGCGAGTGGTCTCCGTG_013,160
ATGAGCGAGTGGTCTCCGTG_014,120
ATGAGCGAGTGGTCTCCGTG_015,188
ATGAGCGAGTGGTCTCCGTG_016,140
TAGCCTCTCATCTCGCCAAG_001,42
TAGCCTCTCATCTCGCCAAG_002,147
TAGCCTCTCATCTCGCCAAG_003,77
AAGCTTAAGGGACTTAAGTG_001,151
AAGCTTAAGGGACTTAAGTG_002,110
AAGCTTAAGGGACTTAAGTG_003,138
AAGCTTAAGGGACTTAAGTG_004,153
AAGCTTAAGGGACTTAAGTG_005,188
AAGCTTAAGGGACTTAAGTG_006,80
AAGCTTAAGGGACTTAAGTG_007,38
AAGCTTAAGGGACTTAAGTG_008,193
AAGCTTAAGGGACTTAAGTG_009,147
AAGCTTAAGGGACTTAAGTG_010,131
CTTGGACTCGAGGTCGCTGG_001,97
CTTGGACTCGAGGTCGCTGG_002,0
CTTGGACTCGAGGTCGCTGG_003,130
CTTGGACTCGAGGTCGCTGG_004,64
CTTGGACTCGAGGTCGCTGG_005,187
CTTGGACTCGAGGTCGCTGG_006,176
CTTGGACTCGAGGTCGCTGG_007,41
CTTGGACTCGAGGTCGCTGG_008,184
CTTGGACTCGAGGTCGCTGG_009,168
CTTGGACTCGAGGTCGCTGG_010,121
CTTGGACTCGAGGTCGCTGG_011,27
CTTGGACTCGAGGTCGCTGG_012,30
CTTGGACTCGAGGTCGCTGG_013,30
CTTGGACTCGAGGTCGCTGG_014,169
CTTGGACTCGAGGTCGCTGG_015,29
CTTGGACTCGAGGTCGCTGG_016,42
CTTGGACTCGAGGTCGCTGG_017,112
CTTGGACTCGAGGTCGCTGG_018,160
GAATGTCCTAGGGATCTGGT_001,12
GAATGTCCTAGGGATCTGGT_002,56
GAATGTCCTAGGGATCTGGT_003,48
TTTGGGCTTCCTCCCACGAA_001,122
TTTGGGCTTCCTCCCACGAA_002,185
TGGTCACGTTGACCGCAGTA_001,62
TGGTCACGTTGACCGCAGTA_002,188
TGGTCACGTTGACCGCAGTA_003,102
TGGTCACGTTGACCGCAGTA_004,178
TGGTCACGTTGACCGCAGTA_005,43
TGGTCACGTTGACCGCAGTA_006,176
TGGTCACGTTGACCGCAGTA_007,74
GAAGAAGATCCAACAACCAG_001,53
GAAGAAGATCCAACAACCAG_002,105
GAAGAAGATCCAACAACCAG_003,19
CTGCCTCAAACCCACAGCCT_001,169
CTGCCTCAAACCCACAGCCT_002,155
CTGCCTCAAACCCACAGCCT_003,176
CTGCCTCAAACCCACAGCCT_004,55
CTGCCTCAAACCCACAGCCT_005,88
CTGCCTCAAACCCACAGCCT_006,106
CTGCCTCAAACCCACAGCCT_007,108
CTGCCTCAAACCCACAGCCT_008,86
CTGCCTCAAACCCACAGCCT_009,183
CTGCCTCAAACCCACAGCCT_010,126
CTGCCTCAAACCCACAGCCT_011,171
CTGCCTCAAACCCACAGCCT_012,17
CTGCCTCAAACCCACAGCCT_013,76
CTGCCTCAAACCCACAGCCT_014,159
CTGCCTCAAACCCACAGCCT_015,199
CTGCCTCAAACCCACAGCCT_016,11
CTGCCTCAAACCCACAGCCT_017,110
CTGCCTCAAACCCACAGCCT_018,106
CTGCCTCAAACCCACAGCCT_019,154
CTGCCTCAAACCCACAGCCT_020,139
CTGCCTCAAACCCACAGCCT_021,39
CTGCCTCAAACCCACAGCCT_022,152
CTGCCTCAAACCCACAGCCT_023,104
CTGCCTCAAACCCACAGCCT_024,188
CTGCCTCAAACCCACAGCCT_025,40
CTGCCTCAAACCCACAGCCT_026,17
CTGCCTCAAACCCACAGCCT_027,11
CTGCCTCAAACCCACAGCCT_028,191
CTGCCTCAAACCCACAGCCT_029,46
CTGCCTCAAACCCACAGCCT_030,188
CTGCCTCAAACCCACAGCCT_031,15
CTGCCTCAAACCCACAGCCT_032,78
CTGCCTCAAACCCACAGCCT_033,1
CTGCCTCAAACCCACAGCCT_034,182
CTGCCTCAAACCCACAGCCT_035,136
CTGCCTCAAACCCACAGCCT_036,90
CTGCCTCAAACCCACAGCCT_037,165
CTGCCTCAAACCCACAGCCT_038,1
CTGCCTCAAACCCACAGCCT_039,1
CTGCCTCAAACCCACAGCCT_040,155
CTGCCTCAAACCCACAGCCT_041,50
CTGCCTCAAACCCACAGCCT_042,178
GGCTGCGTGTGACCAGACCA_001,105
GGCTGCGTGTGACCAGACCA_002,58
GGCTGCGTGTGACCAGACCA_003,172
GGCTGCGTGTGACCAGACCA_004,2
GGCTGCGTGTGACCAGACCA_005,60
GGCTGCGTGTGACCAGACCA_006,35
GGCTGCGTGTGACCAGACCA_007,30
GGCTGCGTGTGACCAGACCA_008,62
GGCTGCGTGTGACCAGACCA_009,187
GGCTGCGTGTGACCAGACCA_010,144
GGCTGCGTGTGACCAGACCA_011,147
TCATTAAGCAGATCCTGGAT_001,199
TCATTAAGCAGATCCTGGAT_002,33
TAGACGACGATGCCGCCCTG_001,77
TAGACGACGATGCCGCCCTG_002,84
TAGACGACGATGCCGCCCTG_003,34
TAGACGACGATGCCGCCCTG_004,166
TAGACGACGATGCCGCCCTG_005,47
TAGACGACGATGCCGCCCTG_006,144
TAGACGACGATGCCGCCCTG_007,40
TAGACGACGATGCCGCCCTG_008,139
TAGACGACGATGCCGCCCTG_009,12
TAGACGACGATGCCGCCCTG_010,123
CGAAGTGGAACGCTATCGAG_001,132
CGAAGTGGAACGCTATCGAG_002,122
CGAAGTGGAACGCTATCGAG_003,49
CGAAGTGGAACGCTATCGAG_004,100
CGAAGTGGAACGCTATCGAG_005,161
CGAAGTGGAACGCTATCGAG_006,113
CGAAGTGGAACGCTATCGAG_007,184
CGAAGTGGAACGCTATCGAG_008,61
AAAGTGAGCCCATTCAACAA_001,49
AAAGTGAGCCCATTCAACAA_002,158
AAAGTGAGCCCATTCAACAA_003,14
TGGAGATTTCCAGAGACACT_001,142
TGGAGATTTCCAGAGACACT_002,147
TGGAGATTTCCAGAGACACT_003,138
AAGGTACAAGGGTCGTGTGT_001,94
AAGGTACAAGGGTCGTGTGT_002,8
AAGGTACAAGGGTCGTGTGT_003,137
AAGGTACAAGGGTCGTGTGT_004,49
AAGGTACAAGGGTCGTGTGT_005,34
AAGGTACAAGGGTCGTGTGT_006,103
AAGGTACAAGGGTCGTGTGT_007,75
AAGGTACAAGGGTCGTGTGT_008,199
AAGGTACAAGGGTCGTGTGT_009,175
AAGGTACAAGGGTCGTGTGT_010,26
AAGGTACAAGGGTCGTGTGT_011,115
AAGGTACAAGGGTCGTGTGT_012,185
GTTTAGATATCAAGTCATCA_001,162
GTTTAGATATCAAGTCATCA_002,53
GTTTAGATATCAAGTCATCA_003,103
GTTTAGATATCAAGTCATCA_004,152
GTTTAGATATCAAGTCATCA_005,138
CCCATAAATACGGTCCTCAG_001,85
CCCATAAATACGGTCCTCAG_002,152
CCCATAAATACGGTCCTCAG_003,94
CCCATAAATACGGTCCTCAG_004,9
CCCATAAATACGGTCCTCAG_005,83
CCCATAAATACGGTCCTCAG_006,137
AGAACCGGGAGAAAAGACGG_001,105
AGAACCGGGAGAAAAGACGG_002,118
AGAACCGGGAGAAAAGACGG_003,50
AGAACCGGGAGAAAAGACGG_004,191
AGAACCGGGAGAAAAGACGG_005,190
AGAACCGGGAGAAAAGACGG_006,125
AGAACCGGGAGAAAAGACGG_007,121
AGAACCGGGAGAAAAGACGG_008,3
AGAACCGGGAGAAAAGACGG_009,105
AGAACCGGGAGAAAAGACGG_010,127
AGAACCGGGAGAAAAGACGG_011,81
AGAACCGGGAGAAAAGACGG_012,140
AGAACCGGGAGAAAAGACGG_013,48
AGAACCGGGAGAAAAGACGG_014,68
AGAACCGGGAGAAAAGACGG_015,42
AGAACCGGGAGAAAAGACGG_016,36
AGAACCGGGAGAAAAGACGG_017,58
AGAACCGGGAGAAAAGACGG_018,153
AGAACCGGGAGAAAAGACGG_019,50
AGAACCGGGAGAAAAGACGG_020,47
AGAACCGGGAGAAAAGACGG_021,80
AGAACCGGGAGAAAAGACGG_022,80
AGAACCGGGAGAAAAGACGG_023,3
AGAACCGGGAGAAAAGACGG_024,9
AGAACCGGGAGAAAAGACGG_025,101
AGAACCGGGAGAAAAGACGG_026,51
AGAACCGGGAGAAAAGACGG_027,178
AGAACCGGGAGAAAAGACGG_028,170
AGAACCGGGAGAAAAGACGG_029,106
AGAACCGGGAGAAAAGACGG_030,39
AGAACCGGGAGAAAAGACGG_031,50
AGAACCGGGAGAAAAGACGG_032,166
CCAGCGCATCCGGTGGTGTG_001,75
CCAGCGCATCCGGTGGTGTG_002,45
CCAGCGCATCCGGTGGTGTG_003,26
CCAGCGCATCCGGTGGTGTG_004,106
CCAGCGCATCCGGTGGTGTG_005,194
CCAGCGCATCCGGTGGTGTG_006,120
CCAGCGCATCCGGTGGTGTG_007,166
CCAGCGCATCCGGTGGTGTG_008,18
CCAGCGCATCCGGTGGTGTG_009,127
CCAGCGCATCCGGTGGTGTG_010,94
CCAGCGCATCCGGTGGTGTG_011,132
CCAGCGCATCCGGTGGTGTG_012,123
CCAGCGCATCCGGTGGTGTG_013,101
CCAGCGCATCCGGTGGTGTG_014,0
CCAGCGCATCCGGTGGTGTG_015,174
CCAGCGCATCCGGTGGTGTG_016,123
ACAGATCTGTCAGACGCCAC_001,78
ACAGATCTGTCAGACGCCAC_002,183
CTTTAGTTCCCAGCACACGG_001,134
CTTTAGTTCCCAGCACACGG_002,139
CTTTAGTTCCCAGCACACGG_003,92
CTTTAGTTCCCAGCACACGG_004,94
CTTTAGTTCCCAGCACACGG_005,198
CTTTAGTTCCCAGCACACGG_006,154
CTTTAGTTCCCAGCACACGG_007,187
CTTTAGTTCCCAGCACACGG_008,122
CTTTAGTTCCCAGCACACGG_009,63
GATGTACGAGCTCTTTAGCG_001,65
GATGTACGAGCTCTTTAGCG_002,177
GATGTACGAGCTCTTTAGCG_003,4
GAAAGGCATCGACTACGAGA_001,63
GAAAGGCATCGACTACGAGA_002,112
GAAAGGCATCGACTACGAGA_003,21
GAAAGGCATCGACTACGAGA_004,150
GAAAGGCATCGACTACGAGA_005,62
GAAAGGCATCGACTACGAGA_006,174
GAAAGGCATCGACTACGAGA_007,76
GAAAGGCATCGACTACGAGA_008,1
GAAAGGCATCGACTACGAGA_009,88
GAAAGGCATCGACTACGAGA_010,77
CAGGAGCCAGGCTAGACTCG_001,13
CAGGAGCCAGGCTAGACTCG_002,115
CAGGAGCCAGGCTAGACTCG_003,130
CAGGAGCCAGGCTAGACTCG_004,170
CAGGAGCCAGGCTAGACTCG_005,4
CAGGAGCCAGGCTAGACTCG_006,152
CAGGAGCCAGGCTAGACTCG_007,114
CAGGAGCCAGGCTAGACTCG_008,138
CAGGAGCCAGGCTAGACTCG_009,106
CAGGAGCCAGGCTAGACTCG_010,99
GATCCGAGCCGAGGTAATGG_001,15
GATCCGAGCCGAGGTAATGG_002,147
CACCAATGACCAGGTACTTG_001,5
CACCAATGACCAGGTACTTG_002,115
CACCAATGACCAGGTACTTG_003,19
CACCAATGACCAGGTACTTG_004,69
CAGCACAGGAGCGAAGACAC_001,134
CAGCACAGGAGCGAAGACAC_002,99
CAGCACAGGAGCGAAGACAC_003,130
CAGCACAGGAGCGAAGACAC_004,17
CAGCACAGGAGCGAAGACAC_005,87
CAGCACAGGAGCGAAGACAC_006,136
CAGCACAGGAGCGAAGACAC_007,154
CAGCACAGGAGCGAAGACAC_008,76
CAGCACAGGAGCGAAGACAC_009,102
CAGCACAGGAGCGAAGACAC_010,107
CAGCACAGGAGCGAAGACAC_011,154
CAGCACAGGAGCGAAGACAC_012,186
CAGCACAGGAGCGAAGACAC_013,23
CAGCACAGGAGCGAAGACAC_014,23
CAGCACAGGAGCGAAGACAC_015,117
CAGCACAGGAGCGAAGACAC_016,77
CAGCACAGGAGCGAAGACAC_017,33
CAGCACAGGAGCGAAGACAC_018,70
CAGCACAGGAGCGAAGACAC_019,118
CAGCACAGGAGCGAAGACAC_020,21
CAGCACAGGAGCGAAGACAC_021,34
CAGCACAGGAGCGAAGACAC_022,81
CAGCACAGGAGCGAAGACAC_023,147
CAGCACAGGAGCGAAGACAC_024,28
CAGCACAGGAGCGAAGACAC_025,172
CAGCACAGGAGCGAAGACAC_026,72
CAGCACAGGAGCGAAGACAC_027,144
CAGCACAGGAGCGAAGACAC_028,46
CAGCACAGGAGCGAAGACAC_029,131
GCTCACGCAGAATCTCTCGA_001,127
GCTCACGCAGAATCTCTCGA_002,191
GCTCACGCAGAATCTCTCGA_003,77
GCTCACGCAGAATCTCTCGA_004,101
GCTCACGCAGAATCTCTCGA_005,115
GCTCACGCAGAATCTCTCGA_006,115
GCTCACGCAGAATCTCTCGA_007,146
GCTCACGCAGAATCTCTCGA_008,126
GCTCACGCAGAATCTCTCGA_009,101
GCTCACGCAGAATCTCTCGA_010,150
GCTCACGCAGAATCTCTCGA_011,197
GCTCACGCAGAATCTCTCGA_012,91
GAAACACACCAAACTACCTG_001,12
GAAACACACCAAACTACCTG_002,69
GAAACACACCAAACTACCTG_003,150
GAAACACACCAAACTACCTG_004,170
GAAACACACCAAACTACCTG_005,152
GAAACACACCAAACTACCTG_006,94
GAAACACACCAAACTACCTG_007,185
GAAACACACCAAACTACCTG_008,5
GAAACACACCAAACTACCTG_009,23
GAAACACACCAAACTACCTG_010,17
GAAACACACCAAACTACCTG_011,9
GAAACACACCAAACTACCTG_012,168
GAAACACACCAAACTACCTG_013,184
GAAACACACCAAACTACCTG_014,199
GAAACACACCAAACTACCTG_015,86
GATGGCTTTGAAACCCACCT_001,41
GATGGCTTTGAAACCCACCT_002,27
GATGGCTTTGAAACCCACCT_003,62
GATGGCTTTGAAACCCACCT_004,48
GATTTTAGCTTAGGTCTTAC_001,138
GATTTTAGCTTAGGTCTTAC_002,5
GATTTTAGCTTAGGTCTTAC_003,166
CTCGGTGAGCCAGACGACGG_001,36
CTCGGTGAGCCAGACGACGG_002,107
CTCGGTGAGCCAGACGACGG_003,116
CTCGGTGAGCCAGACGACGG_004,89
CTCGGTGAGCCAGACGACGG_005,125
GCTGACCGAATATGTGGACA_001,2
GCTGACCGAATATGTGGACA_002,60
GCTGACCGAATATGTGGACA_003,121
GCTGACCGAATATGTGGACA_004,124
GCTGACCGAATATGTGGACA_005,65
GCTGACCGAATATGTGGACA_006,144
GCCGGAGCCCGAGCCCGAAG_001,124
GCCGGAGCCCGAGCCCGAAG_002,81
GCCGGAGCCCGAGCCCGAAG_003,101
GCCGGAGCCCGAGCCCGAAG_004,108
GCCGGAGCCCGAGCCCGAAG_005,104
TTCGTCCTCCTGCATCGAGG_001,48
TTCGTCCTCCTGCATCGAGG_002,37
TTCGTCCTCCTGCATCGAGG_003,19
TCTGTTTGCTAAAATGTACG_001,77
CTGCCGCCTCCTCAGACATG_001,41
CTGCCGCCTCCTCAGACATG_002,60
CTGCCGCCTCCTCAGACATG_003,128
CTGCCGCCTCCTCAGACATG_004,198
CTGCCGCCTCCTCAGACATG_005,38
CTGCCGCCTCCTCAGACATG_006,188
CTGCCGCCTCCTCAGACATG_007,115
CTGCCGCCTCCTCAGACATG_008,150
CTGCCGCCTCCTCAGACATG_009,87
CTGCCGCCTCCTCAGACATG_010,134
CTGCCGCCTCCTCAGACATG_011,30
CTGCCGCCTCCTCAGACATG_012,8
CTGCCGCCTCCTCAGACATG_013,53
CTGCCGCCTCCTCAGACATG_014,98
CTGCCGCCTCCTCAGACATG_015,127
CTGCCGCCTCCTCAGACATG_016,61
CTGCCGCCTCCTCAGACATG_017,50
CTGCCGCCTCCTCAGACATG_018,158
CTGCCGCCTCCTCAGACATG_019,17
CTGCCGCCTCCTCAGACATG_020,82
CTGCCGCCTCCTCAGACATG_021,150
CTGCCGCCTCCTCAGACATG_022,110
CTGCCGCCTCCTCAGACATG_023,176
CTGCCGCCTCCTCAGACATG_024,82
CTGCCGCCTCCTCAGACATG_025,64
CTGCCGCCTCCTCAGACATG_026,13
CTGCCGCCTCCTCAGACATG_027,74
CTGCCGCCTCCTCAGACATG_028,17
CTGCCGCCTCCTCAGACATG_029,43
CTGCCGCCTCCTCAGACATG_030,11
CTGCCGCCTCCTCAGACATG_031,115
CTGCCGCCTCCTCAGACATG_032,12
CTGCCGCCTCCTCAGACATG_033,177
CTGCCGCCTCCTCAGACATG_034,80
CTGCCGCCTCCTCAGACATG_035,178
CTGCCGCCTCCTCAGACATG_036,193
CTGCCGCCTCCTCAGACATG_037,76
CTGCCGCCTCCTCAGACATG_038,28
CTGCCGCCTCCTCAGACATG_039,48
CTGCCGCCTCCTCAGACATG_040,29
CTGCCGCCTCCTCAGACATG_041,17
CTGCCGCCTCCTCAGACATG_042,102
CTGCCGCCTCCTCAGACATG_043,138
CTGCCGCCTCCTCAGACATG_044,66
CTGCCGCCTCCTCAGACATG_045,37
CTGCCGCCTCCTCAGACATG_046,168
CTGCCGCCTCCTCAGACATG_047,2
CTGCCGCCTCCTCAGACATG_048,105
CTGCCGCCTCCTCAGACATG_049,187
CTGCCGCCTCCTCAGACATG_050,77
CTGCCGCCTCCTCAGACATG_051,13
CTGCCGCCTCCTCAGACATG_052,175
CTGCCGCCTCCTCAGACATG_053,94
CTGCCGCCTCCTCAGACATG_054,145
CTGCCGCCTCCTCAGACATG_055,148
CTGCCGCCTCCTCAGACATG_056,29
CTGCCGCCTCCTCAGACATG_057,168
TGGCTAGGCCACTTCTATGG_001,181
TGGCTAGGCCACTTCTATGG_002,27
TGGCTAGGCCACTTCTATGG_003,9
AAGCGGCTCATCTCGCAGTG_001,60
AAGCGGCTCATCTCGCAGTG_002,4
AAGCGGCTCATCTCGCAGTG_003,182
AAGCGGCTCATCTCGCAGTG_004,16
AAGCGGCTCATCTCGCAGTG_005,72
AAGCGGCTCATCTCGCAGTG_006,8
AAGCGGCTCATCTCGCAGTG_007,8
AAGCGGCTCATCTCGCAGTG_008,127
AAGCGGCTCATCTCGCAGTG_009,40
AAGCGGCTCATCTCGCAGTG_010,44
GATGTTGAAGTGGATACTGC_001,180
CTTCTCGTACAGCATTGCCT_001,133
CTTCTCGTACAGCATTGCCT_002,29
CTTCTCGTACAGCATTGCCT_003,94
CTTCTCGTACAGCATTGCCT_004,4
CTTCTCGTACAGCATTGCCT_005,56
CTTCTCGTACAGCATTGCCT_006,88
GGCCACATAGATGTGGTACA_001,142
GGCCACATAGATGTGGTACA_002,17
GGCCACATAGATGTGGTACA_003,12
GGCCACATAGATGTGGTACA_004,50
GGCCACATAGATGTGGTACA_005,68
GGCCACATAGATGTGGTACA_006,182
GGCCACATAGATGTGGTACA_007,101
AACACCACCAGGTACATGCA_001,14
AACACCACCAGGTACATGCA_002,94
AACACCACCAGGTACATGCA_003,92
AACACCACCAGGTACATGCA_004,25
AACACCACCAGGTACATGCA_005,153
AACACCACCAGGTACATGCA_006,80
AACACCACCAGGTACATGCA_007,185
AACACCACCAGGTACATGCA_008,150
AACACCACCAGGTACATGCA_009,37
AACACCACCAGGTACATGCA_010,126
AACACCACCAGGTACATGCA_011,144
AACACCACCAGGTACATGCA_012,1
AACACCACCAGGTACATGCA_013,91
AACACCACCAGGTACATGCA_014,72
AACACCACCAGGTACATGCA_015,2
AACACCACCAGGTACATGCA_016,33
AACACCACCAGGTACATGCA_017,58
AACACCACCAGGTACATGCA_018,149
AACACCACCAGGTACATGCA_019,48
AACACCACCAGGTACATGCA_020,172
AACACCACCAGGTACATGCA_021,70
AACACCACCAGGTACATGCA_022,88
AACACCACCAGGTACATGCA_023,78
AACACCACCAGGTACATGCA_024,113
AACACCACCAGGTACATGCA_025,127
AACACCACCAGGTACATGCA_026,108
AACACCACCAGGTACATGCA_027,101
AACACCACCAGGTACATGCA_028,73
AACACCACCAGGTACATGCA_029,30
AACACCACCAGGTACATGCA_030,137
AACACCACCAGGTACATGCA_031,12
AACACCACCAGGTACATGCA_032,145
AACACCACCAGGTACATGCA_033,145
AACACCACCAGGTACATGCA_034,113
AACACCACCAGGTACATGCA_035,130
AACACCACCAGGTACATGCA_036,37
AACACCACCAGGTACATGCA_037,8
AACACCACCAGGTACATGCA_038,180
AACACCACCAGGTACATGCA_039,34
AACACCACCAGGTACATGCA_040,117
AACACCACCAGGTACATGCA_041,158
AACACCACCAGGTACATGCA_042,40
GACCTTTCGTACTAGCACCT_001,127
GACCTTTCGTACTAGCACCT_002,105
GACCTTTCGTACTAGCACCT_003,39
GACCTTTCGTACTAGCACCT_004,10
TGTGGTGACAGTACATGGAG_001,176
TGTGGTGACAGTACATGGAG_002,116
TGTGGTGACAGTACATGGAG_003,157
TGTGGTGACAGTACATGGAG_004,191
TGTGGTGACAGTACATGGAG_005,68
TGTGGTGACAGTACATGGAG_006,8
TGTGGTGACAGTACATGGAG_007,168
TGTGGTGACAGTACATGGAG_008,16
TGTGGTGACAGTACATGGAG_009,10
TGTGGTGACAGTACATGGAG_010,61
CCACACAGAAAACCAAGATG_001,102
CCACACAGAAAACCAAGATG_002,68
CCACACAGAAAACCAAGATG_003,111
CCACACAGAAAACCAAGATG_004,72
CCACACAGAAAACCAAGATG_005,47
CCACACAGAAAACCAAGATG_006,125
CCACACAGAAAACCAAGATG_007,70
CCACACAGAAAACCAAGATG_008,41
CCACACAGAAAACCAAGATG_009,59
CCACACAGAAAACCAAGATG_010,85
CCACACAGAAAACCAAGATG_011,160
CCACACAGAAAACCAAGATG_012,67
CCACACAGAAAACCAAGATG_013,199
CCACACAGAAAACCAAGATG_014,149
CCACACAGAAAACCAAGATG_015,42
GCCGTCACGGATAAACCACA_001,102
GCCGTCACGGATAAACCACA_002,125
GCCGTCACGGATAAACCACA_003,194
GCCGTCACGGATAAACCACA_004,57
CGTCCCTCAGTCCAATCACA_001,74
CGTCCCTCAGTCCAATCACA_002,19
CGTCCCTCAGTCCAATCACA_003,113
CGTCCCTCAGTCCAATCACA_004,81
CGTCCCTCAGTCCAATCACA_005,189
CGTCCCTCAGTCCAATCACA_006,189
CGTCCCTCAGTCCAATCACA_007,158
CGTCCCTCAGTCCAATCACA_008,63
CGTCCCTCAGTCCAATCACA_009,73
CGTCCCTCAGTCCAATCACA_010,106
CGTCCCTCAGTCCAATCACA_011,168
CGTCCCTCAGTCCAATCACA_012,144
CGTCCCTCAGTCCAATCACA_013,56
GCCATCTCGCGTCTAGCTGG_001,182
GCCATCTCGCGTCTAGCTGG_002,103
GCCATCTCGCGTCTAGCTGG_003,35
GCCATCTCGCGTCTAGCTGG_004,147
GCCATCTCGCGTCTAGCTGG_005,82
GCCATCTCGCGTCTAGCTGG_006,70
GCCATCTCGCGTCTAGCTGG_007,76
GCCATCTCGCGTCTAGCTGG_008,41
GCCATCTCGCGTCTAGCTGG_009,75
GCCATCTCGCGTCTAGCTGG_010,113
GCCATCTCGCGTCTAGCTGG_011,2
GCCATCTCGCGTCTAGCTGG_012,77
TGGTTCCGTAGGTCGGTATA_001,41
TGGTTCCGTAGGTCGGTATA_002,162
TGGTTCCGTAGGTCGGTATA_003,94
TGGTTCCGTAGGTCGGTATA_004,17
TGGTTCCGTAGGTCGGTATA_005,54
TGGTTCCGTAGGTCGGTATA_006,122
TGGTTCCGTAGGTCGGTATA_007,197
TGGTTCCGTAGGTCGGTATA_008,185
TGGTTCCGTAGGTCGGTATA_009,83
TGGTTCCGTAGGTCGGTATA_010,129
TGGTTCCGTAGGTCGGTATA_011,79
TGGTTCCGTAGGTCGGTATA_012,19
TGGTTCCGTAGGTCGGTATA_013,184
TGGTTCCGTAGGTCGGTATA_014,52
TGGTTCCGTAGGTCGGTATA_015,106
TGGTTCCGTAGGTCGGTATA_016,45
TGGTTCCGTAGGTCGGTATA_017,19
CAACCAATGAGCAGAAACAG_001,8
CAACCAATGAGCAGAAACAG_002,194
CAACCAATGAGCAGAAACAG_003,5
CAACCAATGAGCAGAAACAG_004,35
CAACCAATGAGCAGAAACAG_005,52
CAACCAATGAGCAGAAACAG_006,1
CAACCAATGAGCAGAAACAG_007,165
CAACCAATGAGCAGAAACAG_008,4
CAACCAATGAGCAGAAACAG_009,129
CAACCAATGAGCAGAAACAG_010,104
CAACCAATGAGCAGAAACAG_011,105
CAACCAATGAGCAGAAACAG_012,51
CAACCAATGAGCAGAAACAG_013,150
CAACCAATGAGCAGAAACAG_014,28
CAACCAATGAGCAGAAACAG_015,70
CAACCAATGAGCAGAAACAG_016,81
CAACCAATGAGCAGAAACAG_017,52
CAACCAATGAGCAGAAACAG_018,153
CAACCAATGAGCAGAAACAG_019,130
TTGACCGCATGTTGTAGCCG_001,149
TTGACCGCATGTTGTAGCCG_002,61
TTGACCGCATGTTGTAGCCG_003,33
TTGACCGCATGTTGTAGCCG_004,130
TTGACCGCATGTTGTAGCCG_005,38
GCTGATTCAGCCCTCCAACT_001,105
GCTGATTCAGCCCTCCAACT_002,105
GCTGATTCAGCCCTCCAACT_003,77
GCTGATTCAGCCCTCCAACT_004,138
GCTGATTCAGCCCTCCAACT_005,151
GCTGATTCAGCCCTCCAACT_006,145
GCTGATTCAGCCCTCCAACT_007,138
GCTGATTCAGCCCTCCAACT_008,67
GCTGATTCAGCCCTCCAACT_009,89
GCTGATTCAGCCCTCCAACT_010,5
GCTGATTCAGCCCTCCAACT_011,80
GTGATGCGTTACACTACTGC_001,198
GTGATGCGTTACACTACTGC_002,69
TACAGAAGCGTACATTTCAG_001,117
TACAGAAGCGTACATTTCAG_002,38
AGCAGCCGAGGTCCCCAGGG_001,15
AGCAGCCGAGGTCCCCAGGG_002,198
AGCAGCCGAGGTCCCCAGGG_003,35
AGCAGCCGAGGTCCCCAGGG_004,32
AGCAGCCGAGGTCCCCAGGG_005,23
AGCAGCCGAGGTCCCCAGGG_006,42
AGCAGCCGAGGTCCCCAGGG_007,170
AGCAGCCGAGGTCCCCAGGG_008,126
AGCAGCCGAGGTCCCCAGGG_009,144
GGGAATTTCCACAATACCAC_001,53
GGGAATTTCCACAATACCAC_002,48
GGGAATTTCCACAATACCAC_003,35
GGGAATTTCCACAATACCAC_004,48
GGGAATTTCCACAATACCAC_005,118
GGGAATTTCCACAATACCAC_006,197
GGGAATTTCCACAATACCAC_007,161
GGGAATTTCCACAATACCAC_008,183
GGGAATTTCCACAATACCAC_009,78
GGGAATTTCCACAATACCAC_010,30
TCAGCCTGACAAGTCCGTGT_001,62
TCAGCCTGACAAGTCCGTGT_002,7
TCAGCCTGACAAGTCCGTGT_003,15
TCAGCCTGACAAGTCCGTGT_004,17
TCAGCCTGACAAGTCCGTGT_005,104
TCAGCCTGACAAGTCCGTGT_006,32
TCAGCCTGACAAGTCCGTGT_007,127
TCAGCCTGACAAGTCCGTGT_008,2
TCAGCCTGACAAGTCCGTGT_009,16
TCAGCCTGACAAGTCCGTGT_010,40
TTGGTGCATGGGGTTCATGG_001,167
TTGGTGCATGGGGTTCATGG_002,76
TTGGTGCATGGGGTTCATGG_003,150
TTGGTGCATGGGGTTCATGG_004,69
TTGGTGCATGGGGTTCATGG_005,194
TTGGTGCATGGGGTTCATGG_006,46
TTGGTGCATGGGGTTCATGG_007,103
TTGGTGCATGGGGTTCATGG_008,194
GGAGAGGACGACGTTCACTC_001,27
GGAGAGGACGACGTTCACTC_002,58
GGAGAGGACGACGTTCACTC_003,199
GGAGAGGACGACGTTCACTC_004,174
GGAGAGGACGACGTTCACTC_005,81
GGAGAGGACGACGTTCACTC_006,68
GGAGAGGACGACGTTCACTC_007,81
GGAGAGGACGACGTTCACTC_008,9
GGAGAGGACGACGTTCACTC_009,107
GGAGAGGACGACGTTCACTC_010,124
ACACAGAAGATAACAAGCGC_001,29
ACACAGAAGATAACAAGCGC_002,40
ACACAGAAGATAACAAGCGC_003,29
ACACAGAAGATAACAAGCGC_004,7
ACACAGAAGATAACAAGCGC_005,81
ACACAGAAGATAACAAGCGC_006,98
ACACAGAAGATAACAAGCGC_007,63
ACACAGAAGATAACAAGCGC_008,183
ACACAGAAGATAACAAGCGC_009,89
TGATTGTGACCCCCAACCAG_001,56
TGATTGTGACCCCCAACCAG_002,101
TGATTGTGACCCCCAACCAG_003,96
TGATTGTGACCCCCAACCAG_004,46
TGATTGTGACCCCCAACCAG_005,63
TGATTGTGACCCCCAACCAG_006,94
CAACACCAGTTCCATCGGGA_001,6
CAACACCAGTTCCATCGGGA_002,145
CAACACCAGTTCCATCGGGA_003,122
CAACACCAGTTCCATCGGGA_004,124
CAACACCAGTTCCATCGGGA_005,41
CAACACCAGTTCCATCGGGA_006,19
CAACACCAGTTCCATCGGGA_007,3
CAACACCAGTTCCATCGGGA_008,153
CAACACCAGTTCCATCGGGA_009,186
CAACACCAGTTCCATCGGGA_010,112
CAACACCAGTTCCATCGGGA_011,120
CAACACCAGTTCCATCGGGA_012,38
CAACACCAGTTCCATCGGGA_013,130
CAACACCAGTTCCATCGGGA_014,185
CAACACCAGTTCCATCGGGA_015,137
CAACACCAGTTCCATCGGGA_016,91
CAACACCAGTTCCATCGGGA_017,49
CAACACCAGTTCCATCGGGA_018,197
CAACACCAGTTCCATCGGGA_019,126
CAACACCAGTTCCATCGGGA_020,56
CAACACCAGTTCCATCGGGA_021,46
CAACACCAGTTCCATCGGGA_022,80
CAGCATCAGTTCATCGAGTG_001,56
CAGCATCAGTTCATCGAGTG_002,42
CAGCATCAGTTCATCGAGTG_003,69
CAGCATCAGTTCATCGAGTG_004,2
CAGCATCAGTTCATCGAGTG_005,110
CAGCATCAGTTCATCGAGTG_006,70
CAGCATCAGTTCATCGAGTG_007,59
CAGCATCAGTTCATCGAGTG_008,175
CAGCATCAGTTCATCGAGTG_009,198
CAGCATCAGTTCATCGAGTG_010,170
CAGCATCAGTTCATCGAGTG_011,142
CAGCATCAGTTCATCGAGTG_012,97
CAGCATCAGTTCATCGAGTG_013,153
CAGCATCAGTTCATCGAGTG_014,166
CAGCATCAGTTCATCGAGTG_015,183
TAGAATGGGGAAAAATTCGG_001,9
TAGAATGGGGAAAAATTCGG_002,155
TAGAATGGGGAAAAATTCGG_003,80
TAGAATGGGGAAAAATTCGG_004,178
TAGAATGGGGAAAAATTCGG_005,134
TAGAATGGGGAAAAATTCGG_006,77
AGCCCCGTGCATACAGCCCA_001,188
AGCCCCGTGCATACAGCCCA_002,149
AGCCCCGTGCATACAGCCCA_003,105
AGCCCCGTGCATACAGCCCA_004,141
AGCCCCGTGCATACAGCCCA_005,16
AGCCCCGTGCATACAGCCCA_006,55
AGCCCCGTGCATACAGCCCA_007,14
AGCCCCGTGCATACAGCCCA_008,68
AGCCCCGTGCATACAGCCCA_009,156
AGCCCCGTGCATACAGCCCA_010,111
AGCCCCGTGCATACAGCCCA_011,38
AGCCCCGTGCATACAGCCCA_012,194
AGCCCCGTGCATACAGCCCA_013,195
AGCCCCGTGCATACAGCCCA_014,38
AGCCCCGTGCATACAGCCCA_015,194
AGCCCCGTGCATACAGCCCA_016,41
AGCCCCGTGCATACAGCCCA_017,144
AGCCCCGTGCATACAGCCCA_018,77
AGCCCCGTGCATACAGCCCA_019,134
AGCCCCGTGCATACAGCCCA_020,126
AGCCCCGTGCATACAGCCCA_021,153
AGCCCCGTGCATACAGCCCA_022,28
AGCCCCGTGCATACAGCCCA_023,49
ACACCAAAACACATGCATTG_001,105
ACACCAAAACACATGCATTG_002,157
ACACCAAAACACATGCATTG_003,130
ACACCAAAACACATGCATTG_004,169
ACACCAAAACACATGCATTG_005,84
ACACCAAAACACATGCATTG_006,153
ACACCAAAACACATGCATTG_007,29
ACACCAAAACACATGCATTG_008,164
ACACCAAAACACATGCATTG_009,50
ACACCAAAACACATGCATTG_010,3
ACACCAAAACACATGCATTG_011,163
ACACCAAAACACATGCATTG_012,165
ACACCAAAACACATGCATTG_013,137
ACACCAAAACACATGCATTG_014,92
ACACCAAAACACATGCATTG_015,169
ACACCAAAACACATGCATTG_016,153
CCCTACCGATACACAGACGG_001,102
CCCTACCGATACACAGACGG_002,107
CCCTACCGATACACAGACGG_003,143
CCCTACCGATACACAGACGG_004,6
CCCTACCGATACACAGACGG_005,79
CCCTACCGATACACAGACGG_006,188
CCCTACCGATACACAGACGG_007,107
CCCTACCGATACACAGACGG_008,80
CCCTACCGATACACAGACGG_009,77
CCCTACCGATACACAGACGG_010,103
TGCTCTCCTCTCCGGACGCG_001,121
TGCTCTCCTCTCCGGACGCG_002,15
TGCTCTCCTCTCCGGACGCG_003,119
TGCTCTCCTCTCCGGACGCG_004,68
TGCTCTCCTCTCCGGACGCG_005,43
TGCTCTCCTCTCCGGACGCG_006,114
TGCTCTCCTCTCCGGACGCG_007,149
TGCTCTCCTCTCCGGACGCG_008,18
TGCTCTCCTCTCCGGACGCG_009,22
TGCTCTCCTCTCCGGACGCG_010,14
TGCTCTCCTCTCCGGACGCG_011,119
TGCTCTCCTCTCCGGACGCG_012,3
TGCTCTCCTCTCCGGACGCG_013,116
TGCTCTCCTCTCCGGACGCG_014,26
TGCTCTCCTCTCCGGACGCG_015,146
TGCTCTCCTCTCCGGACGCG_016,11
TGCTCTCCTCTCCGGACGCG_017,144
TGCTCTCCTCTCCGGACGCG_018,67
TGCTCTCCTCTCCGGACGCG_019,62
TGCTCTCCTCTCCGGACGCG_020,23
TGCTCTCCTCTCCGGACGCG_021,32
TGCTCTCCTCTCCGGACGCG_022,85
TGCTCTCCTCTCCGGACGCG_023,36
TGCTCTCCTCTCCGGACGCG_024,170
TGCTCTCCTCTCCGGACGCG_025,80
TGCTCTCCTCTCCGGACGCG_026,191
TGCTCTCCTCTCCGGACGCG_027,64
TGCTCTCCTCTCCGGACGCG_028,56
TGCTCTCCTCTCCGGACGCG_029,81
TGCTCTCCTCTCCGGACGCG_030,106
TGCTCTCCTCTCCGGACGCG_031,78
TGCTCTCCTCTCCGGACGCG_032,56
TGCTCTCCTCTCCGGACGCG_033,48
TGCTCTCCTCTCCGGACGCG_034,48
TGCTCTCCTCTCCGGACGCG_035,35
CAGCTGCTGGTTAAGTTCAG_001,80
CAGCTGCTGGTTAAGTTCAG_002,149
CAGCTGCTGGTTAAGTTCAG_003,17
CAGCTGCTGGTTAAGTTCAG_004,83
CAGCTGCTGGTTAAGTTCAG_005,29
CAGCTGCTGGTTAAGTTCAG_006,0
CAGCTGCTGGTTAAGTTCAG_007,139
CAGCTGCTGGTTAAGTTCAG_008,127
CAGCTGCTGGTTAAGTTCAG_009,182
CAGCTGCTGGTTAAGTTCAG_010,61
CAGCTGCTGGTTAAGTTCAG_011,44
CAGCTGCTGGTTAAGTTCAG_012,67
CAGCTGCTGGTTAAGTTCAG_013,168
CAGCTGCTGGTTAAGTTCAG_014,185
CAGCTGCTGGTTAAGTTCAG_015,102
CAGCTGCTGGTTAAGTTCAG_016,83
CAGCTGCTGGTTAAGTTCAG_017,42
CAGCTGCTGGTTAAGTTCAG_018,148
CAGCTGCTGGTTAAGTTCAG_019,2
CAGCTGCTGGTTAAGTTCAG_020,60
CAGCTGCTGGTTAAGTTCAG_021,26
CAGCTGCTGGTTAAGTTCAG_022,48
CAGCTGCTGGTTAAGTTCAG_023,61
CAGCTGCTGGTTAAGTTCAG_024,138
CAGCTGCTGGTTAAGTTCAG_025,142
CAGCTGCTGGTTAAGTTCAG_026,174
AGGCATCACCGGCATAGTTG_001,157
AGGCATCACCGGCATAGTTG_002,185
AGGCATCACCGGCATAGTTG_003,198
AGGCATCACCGGCATAGTTG_004,10
CCAGGCGACGAAACGAGACA_001,127
CCAGGCGACGAAACGAGACA_002,170
CCAGGCGACGAAACGAGACA_003,198
CCAGGCGACGAAACGAGACA_004,49
CCAGGCGACGAAACGAGACA_005,96
CCAGGCGACGAAACGAGACA_006,8
CCAGGCGACGAAACGAGACA_007,199
CCAGGCGACGAAACGAGACA_008,5
CCAGGCGACGAAACGAGACA_009,184
CCAGGCGACGAAACGAGACA_010,40
CCAGGCGACGAAACGAGACA_011,12
CCAGGCGACGAAACGAGACA_012,7
CCAGGCGACGAAACGAGACA_013,23
CCAGGCGACGAAACGAGACA_014,158
CCAGGCGACGAAACGAGACA_015,40
CCAGGCGACGAAACGAGACA_016,16
ACTCCAAATTAGTAATAACA_001,62
ACTCCAAATTAGTAATAACA_002,12
ACTCCAAATTAGTAATAACA_003,196
ACTCCAAATTAGTAATAACA_004,185
CGCCTTGGGCGCCACCACTG_001,9
CGCCTTGGGCGCCACCACTG_002,1
CGCCTTGGGCGCCACCACTG_003,150
CGCCTTGGGCGCCACCACTG_004,41
CGCCTTGGGCGCCACCACTG_005,78
CGCCTTGGGCGCCACCACTG_006,139
CGCCTTGGGCGCCACCACTG_007,152
CGCCTTGGGCGCCACCACTG_008,15
CGCCTTGGGCGCCACCACTG_009,26
CGCCTTGGGCGCCACCACTG_010,199
CGCCTTGGGCGCCACCACTG_011,103
CGCCTTGGGCGCCACCACTG_012,141
CGCCTTGGGCGCCACCACTG_013,149
CGCCTTGGGCGCCACCACTG_014,88
CGCCTTGGGCGCCACCACTG_015,161
CGCCTTGGGCGCCACCACTG_016,117
CGCCTTGGGCGCCACCACTG_017,117
CGCCTTGGGCGCCACCACTG_018,88
CGCCTTGGGCGCCACCACTG_019,113
CGCCTTGGGCGCCACCACTG_020,149
CGCCTTGGGCGCCACCACTG_021,48
CGCCTTGGGCGCCACCACTG_022,154
CGCCTTGGGCGCCACCACTG_023,38
CGCCTTGGGCGCCACCACTG_024,198
CGCCTTGGGCGCCACCACTG_025,74
GTGCTGACGGCCGCGCACTG_001,119
GTGCTGACGGCCGCGCACTG_002,96
GTGCTGACGGCCGCGCACTG_003,141
GTGCTGACGGCCGCGCACTG_004,121
GTGCTGACGGCCGCGCACTG_005,19
GTGCTGACGGCCGCGCACTG_006,19
GTGCTGACGGCCGCGCACTG_007,174
GTGCTGACGGCCGCGCACTG_008,180
GTGCTGACGGCCGCGCACTG_009,168
GTGCTGACGGCCGCGCACTG_010,123
GTGCTGACGGCCGCGCACTG_011,32
GTGCTGACGGCCGCGCACTG_012,169
GTGCTGACGGCCGCGCACTG_013,15
GTGCTGACGGCCGCGCACTG_014,83
GTGCTGACGGCCGCGCACTG_015,150
GTGCTGACGGCCGCGCACTG_016,178
GTGCTGACGGCCGCGCACTG_017,151
GTGCTGACGGCCGCGCACTG_018,172
GTGCTGACGGCCGCGCACTG_019,42
GTGCTGACGGCCGCGCACTG_020,38
GTGCTGACGGCCGCGCACTG_021,43
GTGCTGACGGCCGCGCACTG_022,18
GAGGCCCAGAAGATTAACAA_001,182
GAGGCCCAGAAGATTAACAA_002,41
GAGGCCCAGAAGATTAACAA_003,82
GAGGCCCAGAAGATTAACAA_004,82
GAGGCCCAGAAGATTAACAA_005,85
GAGGCCCAGAAGATTAACAA_006,27
GAGGCCCAGAAGATTAACAA_007,42
GAGGCCCAGAAGATTAACAA_008,52
GAGGCCCAGAAGATTAACAA_009,124
GAGGCCCAGAAGATTAACAA_010,23
GAGGCCCAGAAGATTAACAA_011,31
GAGGCCCAGAAGATTAACAA_012,192
GAGGCCCAGAAGATTAACAA_013,95
GAGGCCCAGAAGATTAACAA_014,4
GAGGCCCAGAAGATTAACAA_015,118
GAGGCCCAGAAGATTAACAA_016,169
GAGGCCCAGAAGATTAACAA_017,98
ACTCCACCTGTGACACAGAT_001,77
ACTCCACCTGTGACACAGAT_002,107
ACTCCACCTGTGACACAGAT_003,45
ACTCCACCTGTGACACAGAT_004,186
ACTCCACCTGTGACACAGAT_005,82
ACTCCACCTGTGACACAGAT_006,94
ACTCCACCTGTGACACAGAT_007,19
ACTCCACCTGTGACACAGAT_008,7
ACTCCACCTGTGACACAGAT_009,32
ACTCCACCTGTGACACAGAT_010,59
ACTCCACCTGTGACACAGAT_011,150
ACTCCACCTGTGACACAGAT_012,166
ACTCCACCTGTGACACAGAT_013,141
ACTCCACCTGTGACACAGAT_014,94
GCCTGGGCGCAGAAGCACCG_001,41
GCCTGGGCGCAGAAGCACCG_002,163
GCCTGGGCGCAGAAGCACCG_003,132
GCCTGGGCGCAGAAGCACCG_004,182
GCCTGGGCGCAGAAGCACCG_005,171
GCCTGGGCGCAGAAGCACCG_006,173
GCCTGGGCGCAGAAGCACCG_007,189
GCCTGGGCGCAGAAGCACCG_008,1
GCCTGGGCGCAGAAGCACCG_009,168
GCCTGGGCGCAGAAGCACCG_010,94
GCCTGGGCGCAGAAGCACCG_011,6
GCCTGGGCGCAGAAGCACCG_012,34
GCCTGGGCGCAGAAGCACCG_013,145
GCCTGGGCGCAGAAGCACCG_014,117
GCCTGGGCGCAGAAGCACCG_015,94
GCCTGGGCGCAGAAGCACCG_016,116
GCCTGGGCGCAGAAGCACCG_017,172
GCCTGGGCGCAGAAGCACCG_018,29
GCCTGGGCGCAGAAGCACCG_019,146
GCCTGGGCGCAGAAGCACCG_020,8
GCCTGGGCGCAGAAGCACCG_021,191
GCCTGGGCGCAGAAGCACCG_022,127
GCCTGGGCGCAGAAGCACCG_023,58
GCCTGGGCGCAGAAGCACCG_024,75
GCCTGGGCGCAGAAGCACCG_025,41
GCCTGGGCGCAGAAGCACCG_026,140
GCCTGGGCGCAGAAGCACCG_027,152
GCCTGGGCGCAGAAGCACCG_028,147
GCCTGGGCGCAGAAGCACCG_029,26
GCCTGGGCGCAGAAGCACCG_030,65
GCCTGGGCGCAGAAGCACCG_031,98
GCCTGGGCGCAGAAGCACCG_032,9
GCAGAACCACCACAGAGTAG_001,102
GCAGAACCACCACAGAGTAG_002,141
GCAGAACCACCACAGAGTAG_003,13
GCAGAACCACCACAGAGTAG_004,197
GCAGAACCACCACAGAGTAG_005,82
GCAGAACCACCACAGAGTAG_006,58
GCAGAACCACCACAGAGTAG_007,141
TTGAAGCCAAAGGTCTCGTG_001,70
TTGAAGCCAAAGGTCTCGTG_002,42
TTGAAGCCAAAGGTCTCGTG_003,42
TTGAAGCCAAAGGTCTCGTG_004,2
TTGAAGCCAAAGGTCTCGTG_005,44
TTGAAGCCAAAGGTCTCGTG_006,24
TTGAAGCCAAAGGTCTCGTG_007,30
TTGAAGCCAAAGGTCTCGTG_008,35
TTGAAGCCAAAGGTCTCGTG_009,182
TTGAAGCCAAAGGTCTCGTG_010,199
TTGAAGCCAAAGGTCTCGTG_011,158
TTGAAGCCAAAGGTCTCGTG_012,41
TTGAAGCCAAAGGTCTCGTG_013,130
TTGAAGCCAAAGGTCTCGTG_014,195
TTGAAGCCAAAGGTCTCGTG_015,136
TTGAAGCCAAAGGTCTCGTG_016,35
TTGAAGCCAAAGGTCTCGTG_017,32
TTGAAGCCAAAGGTCTCGTG_018,37
TGGGCGCGCTCCTCCCGGGG_001,81
TGGGCGCGCTCCTCCCGGGG_002,172
TGGGCGCGCTCCTCCCGGGG_003,26
TGGGCGCGCTCCTCCCGGGG_004,142
ATTGTTCCAAGTCCACACAT_001,159
ATTGTTCCAAGTCCACACAT_002,155
ATTGTTCCAAGTCCACACAT_003,120
ATTGTTCCAAGTCCACACAT_004,48
ATTGTTCCAAGTCCACACAT_005,102
ATTGTTCCAAGTCCACACAT_006,16
ATTGTTCCAAGTCCACACAT_007,42
ATTGTTCCAAGTCCACACAT_008,64
ATTGTTCCAAGTCCACACAT_009,155
ATTGTTCCAAGTCCACACAT_010,124
ATTGTTCCAAGTCCACACAT_011,88
ATTGTTCCAAGTCCACACAT_012,151
ATTGTTCCAAGTCCACACAT_013,158
ATTGTTCCAAGTCCACACAT_014,111
ATTGTTCCAAGTCCACACAT_015,125
ATTGTTCCAAGTCCACACAT_016,36
ATTGTTCCAAGTCCACACAT_017,130
ATTGTTCCAAGTCCACACAT_018,60
ATTGTTCCAAGTCCACACAT_019,124
ATTGTTCCAAGTCCACACAT_020,42
ATTGTTCCAAGTCCACACAT_021,82
ATTGTTCCAAGTCCACACAT_022,172
ATTGTTCCAAGTCCACACAT_023,165
ATTGTTCCAAGTCCACACAT_024,13
ATTGTTCCAAGTCCACACAT_025,162
ATTGTTCCAAGTCCACACAT_026,169
ATTGTTCCAAGTCCACACAT_027,48
ATTGTTCCAAGTCCACACAT_028,188
ATTGTTCCAAGTCCACACAT_029,77
ATTGTTCCAAGTCCACACAT_030,169
ATTGTTCCAAGTCCACACAT_031,82
ATTGTTCCAAGTCCACACAT_032,189
ACGGACAAGACCTGTCGGAG_001,12
ACGGACAAGACCTGTCGGAG_002,157
ACGGACAAGACCTGTCGGAG_003,45
ACGGACAAGACCTGTCGGAG_004,150
ACGGACAAGACCTGTCGGAG_005,17
ACGGACAAGACCTGTCGGAG_006,19
ACGGACAAGACCTGTCGGAG_007,192
ACGGACAAGACCTGTCGGAG_008,197
ACGGACAAGACCTGTCGGAG_009,145
ACGGACAAGACCTGTCGGAG_010,98
ACGGACAAGACCTGTCGGAG_011,117
ACGGACAAGACCTGTCGGAG_012,156
ACGGACAAGACCTGTCGGAG_013,190
ACGGACAAGACCTGTCGGAG_014,31
ACGGACAAGACCTGTCGGAG_015,82
ACGGACAAGACCTGTCGGAG_016,166
ACGGACAAGACCTGTCGGAG_017,12
ACGGACAAGACCTGTCGGAG_018,163
ACGGACAAGACCTGTCGGAG_019,127
ACGGACAAGACCTGTCGGAG_020,15
ACGGACAAGACCTGTCGGAG_021,67
ACGGACAAGACCTGTCGGAG_022,140
ACGGACAAGACCTGTCGGAG_023,194
ACGGACAAGACCTGTCGGAG_024,48
ACGGACAAGACCTGTCGGAG_025,76
ACGGACAAGACCTGTCGGAG_026,142
ACGGACAAGACCTGTCGGAG_027,3
TGCTAAACAGAGAATACAAG_001,94
TGCTAAACAGAGAATACAAG_002,38
TGCTAAACAGAGAATACAAG_003,11
TGCTAAACAGAGAATACAAG_004,41
TGCTAAACAGAGAATACAAG_005,140
TGCTAAACAGAGAATACAAG_006,140
CATATTCTCACATGATGCCA_001,152
CATATTCTCACATGATGCCA_002,160
CATATTCTCACATGATGCCA_003,100
CATATTCTCACATGATGCCA_004,56
CATATTCTCACATGATGCCA_005,49
CATATTCTCACATGATGCCA_006,134
CATATTCTCACATGATGCCA_007,31
GAGGGTACCATGCCAGACCG_001,191
GAGGGTACCATGCCAGACCG_002,45
GAGGGTACCATGCCAGACCG_003,132
GAGGGTACCATGCCAGACCG_004,145
GAGGGTACCATGCCAGACCG_005,144
GAGGGTACCATGCCAGACCG_006,97
GAGGGTACCATGCCAGACCG_007,158
GAGGGTACCATGCCAGACCG_008,82
GAGGGTACCATGCCAGACCG_009,105
GAGGGTACCATGCCAGACCG_010,113
GAGGGTACCATGCCAGACCG_011,113
GAGGGTACCATGCCAGACCG_012,52
GAGGGTACCATGCCAGACCG_013,46
GAGGGTACCATGCCAGACCG_014,168
GAGGGTACCATGCCAGACCG_015,15
GAGGGTACCATGCCAGACCG_016,121
GAGGGTACCATGCCAGACCG_017,98
GAGGGTACCATGCCAGACCG_018,90
GAGGGTACCATGCCAGACCG_019,170
GAGGGTACCATGCCAGACCG_020,150
GAGGGTACCATGCCAGACCG_021,130
GAGGGTACCATGCCAGACCG_022,127
GAGGGTACCATGCCAGACCG_023,137
GAGGGTACCATGCCAGACCG_024,66
GAAGACCTCTACAATCAGTG_001,57
GAAGACCTCTACAATCAGTG_002,81
GAAGACCTCTACAATCAGTG_003,147
GAAGACCTCTACAATCAGTG_004,127
GAAGACCTCTACAATCAGTG_005,95
GAAGACCTCTACAATCAGTG_006,147
GAAGACCTCTACAATCAGTG_007,96
GAAGACCTCTACAATCAGTG_008,152
GTCCGAAGAGTTTATCAACG_001,33
GTCCGAAGAGTTTATCAACG_002,1
GTCCGAAGAGTTTATCAACG_003,175
GTCCGAAGAGTTTATCAACG_004,8
GTCCGAAGAGTTTATCAACG_005,44
GTCCGAAGAGTTTATCAACG_006,14
GTCCGAAGAGTTTATCAACG_007,168
GTCCGAAGAGTTTATCAACG_008,120
GTCCGAAGAGTTTATCAACG_009,152
GTACTCACACGGAATTGAAG_001,48
GTACTCACACGGAATTGAAG_002,177
GTACTCACACGGAATTGAAG_003,158
GTACTCACACGGAATTGAAG_004,5
GTACTCACACGGAATTGAAG_005,140
TAGAAAGAGACATAGGATGG_001,48
TAGAAAGAGACATAGGATGG_002,106
TAGAAAGAGACATAGGATGG_003,14
TAGAAAGAGACATAGGATGG_004,83
TAGAAAGAGACATAGGATGG_005,15
TAGAAAGAGACATAGGATGG_006,113
TAGAAAGAGACATAGGATGG_007,113
TAGAAAGAGACATAGGATGG_008,53
TAGAAAGAGACATAGGATGG_009,36
TAGAAAGAGACATAGGATGG_010,77
TAGAAAGAGACATAGGATGG_011,19
GGTGCGAGGATCGTACTCGA_001,166
GGTGCGAGGATCGTACTCGA_002,13
TGAGCTGGAGGCGGCGACAG_001,107
TGAGCTGGAGGCGGCGACAG_002,116
TGAGCTGGAGGCGGCGACAG_003,176
TGAGCTGGAGGCGGCGACAG_004,172
TGAGCTGGAGGCGGCGACAG_005,23
TGAGCTGGAGGCGGCGACAG_006,94
TGAGCTGGAGGCGGCGACAG_007,130
TGAGCTGGAGGCGGCGACAG_008,16
TGAGCTGGAGGCGGCGACAG_009,83
TGAGCTGGAGGCGGCGACAG_010,106
TGAGCTGGAGGCGGCGACAG_011,86
TGAGCTGGAGGCGGCGACAG_012,77
TGAGCTGGAGGCGGCGACAG_013,29
TGAGCTGGAGGCGGCGACAG_014,26
TGAGCTGGAGGCGGCGACAG_015,3
TGAGCTGGAGGCGGCGACAG_016,69
TGAGCTGGAGGCGGCGACAG_017,198
TGAGCTGGAGGCGGCGACAG_018,147
TGAGCTGGAGGCGGCGACAG_019,103
TGAGCTGGAGGCGGCGACAG_020,127
TGAGCTGGAGGCGGCGACAG_021,78
TGAGCTGGAGGCGGCGACAG_022,190
TTGTCCATAAAATCGCTGCC_001,159
TTGTCCATAAAATCGCTGCC_002,146
TTGTCCATAAAATCGCTGCC_003,113
TTGTCCATAAAATCGCTGCC_004,158
TTGTCCATAAAATCGCTGCC_005,65
TTGTCCATAAAATCGCTGCC_006,33
TTGTCCATAAAATCGCTGCC_007,61
TTGTCCATAAAATCGCTGCC_008,83
TTGTCCATAAAATCGCTGCC_009,138
TTGTCCATAAAATCGCTGCC_010,101
TTGTCCATAAAATCGCTGCC_011,116
TTGTCCATAAAATCGCTGCC_012,75
TTGTCCATAAAATCGCTGCC_013,147
TTGTCCATAAAATCGCTGCC_014,110
TTGTCCATAAAATCGCTGCC_015,15
TTGTCCATAAAATCGCTGCC_016,45
TTGTCCATAAAATCGCTGCC_017,96
TTGTCCATAAAATCGCTGCC_018,37
TTGTCCATAAAATCGCTGCC_019,48
TTGTCCATAAAATCGCTGCC_020,17
TTGTCCATAAAATCGCTGCC_021,6
TTGTCCATAAAATCGCTGCC_022,176
CCTGGGAAGGGACACATCAG_001,84
CCTGGGAAGGGACACATCAG_002,94
CCTGGGAAGGGACACATCAG_003,48
CCTGGGAAGGGACACATCAG_004,24
CCTGGGAAGGGACACATCAG_005,28
CCTGGGAAGGGACACATCAG_006,124
CCTGGGAAGGGACACATCAG_007,147
CCTGGGAAGGGACACATCAG_008,101
CCTGGGAAGGGACACATCAG_009,173
CCTGGGAAGGGACACATCAG_010,121
GCAGGGCCGTACGCCGCTCA_001,2
GCAGGGCCGTACGCCGCTCA_002,142
GCAGGGCCGTACGCCGCTCA_003,69
GCAGGGCCGTACGCCGCTCA_004,194
GCAGGGCCGTACGCCGCTCA_005,168
GCAGGGCCGTACGCCGCTCA_006,82
GCAGGGCCGTACGCCGCTCA_007,78
GCAGGGCCGTACGCCGCTCA_008,120
GCAGGGCCGTACGCCGCTCA_009,92
GCAGGGCCGTACGCCGCTCA_010,86
GCAGGGCCGTACGCCGCTCA_011,115
AACGGGCCGAAGACTTCCAG_001,77
AACGGGCCGAAGACTTCCAG_002,119
AACGGGCCGAAGACTTCCAG_003,54
AACGGGCCGAAGACTTCCAG_004,178
AACGGGCCGAAGACTTCCAG_005,172
AACGGGCCGAAGACTTCCAG_006,7
AACGGGCCGAAGACTTCCAG_007,61
AACGGGCCGAAGACTTCCAG_008,118
AACGGGCCGAAGACTTCCAG_009,29
AACGGGCCGAAGACTTCCAG_010,150
AACGGGCCGAAGACTTCCAG_011,4
AACGGGCCGAAGACTTCCAG_012,191
AACGGGCCGAAGACTTCCAG_013,162
AACGGGCCGAAGACTTCCAG_014,75
AACGGGCCGAAGACTTCCAG_015,64
AACGGGCCGAAGACTTCCAG_016,170
AACGGGCCGAAGACTTCCAG_017,163
AACGGGCCGAAGACTTCCAG_018,81
AACGGGCCGAAGACTTCCAG_019,33
AACGGGCCGAAGACTTCCAG_020,134
AACGGGCCGAAGACTTCCAG_021,40
AACGGGCCGAAGACTTCCAG_022,7
AACGGGCCGAAGACTTCCAG_023,144
AACGGGCCGAAGACTTCCAG_024,168
AACGGGCCGAAGACTTCCAG_025,104
AACGGGCCGAAGACTTCCAG_026,77
AACGGGCCGAAGACTTCCAG_027,184
AACGGGCCGAAGACTTCCAG_028,19
AACGGGCCGAAGACTTCCAG_029,191
AACGGGCCGAAGACTTCCAG_030,77
AACGGGCCGAAGACTTCCAG_031,124
TCAGATCTATGCCATCCCTG_001,15
TCAGATCTATGCCATCCCTG_002,63
AGTGGCCCGACGGATGCCCG_001,129
AGTGGCCCGACGGATGCCCG_002,38
AGTGGCCCGACGGATGCCCG_003,49
AGTGGCCCGACGGATGCCCG_004,172
AGTGGCCCGACGGATGCCCG_005,107
AGTGGCCCGACGGATGCCCG_006,136
AGTGGCCCGACGGATGCCCG_007,180
AGTGGCCCGACGGATGCCCG_008,147
AGTGGCCCGACGGATGCCCG_009,43
AGTGGCCCGACGGATGCCCG_010,155
AGTGGCCCGACGGATGCCCG_011,75
AGTGGCCCGACGGATGCCCG_012,105
AGTGGCCCGACGGATGCCCG_013,64
AGTGGCCCGACGGATGCCCG_014,50
AGTGGCCCGACGGATGCCCG_015,14
AGTGGCCCGACGGATGCCCG_016,0
AGTGGCCCGACGGATGCCCG_017,150
AGTGGCCCGACGGATGCCCG_018,179
AGTGGCCCGACGGATGCCCG_019,132
AGTGGCCCGACGGATGCCCG_020,12
GAGCCAGGACGTCACGCTCG_001,58
GAGCCAGGACGTCACGCTCG_002,30
GAGCCAGGACGTCACGCTCG_003,30
GAGCCAGGACGTCACGCTCG_004,151
GAGCCAGGACGTCACGCTCG_005,86
GAGCCAGGACGTCACGCTCG_006,81
GAGCCAGGACGTCACGCTCG_007,110
GAGCCAGGACGTCACGCTCG_008,24
GAGCCAGGACGTCACGCTCG_009,192
ACTACAACAACAAGTTCTGG_001,50
ACTACAACAACAAGTTCTGG_002,80
ACTACAACAACAAGTTCTGG_003,183
ACTACAACAACAAGTTCTGG_004,2
ACTACAACAACAAGTTCTGG_005,181
ACTACAACAACAAGTTCTGG_006,84
GATAGCTCGGAGCCAAGGGT_001,116
GATAGCTCGGAGCCAAGGGT_002,26
GATAGCTCGGAGCCAAGGGT_003,72
CACTCACCGGATCTCATGCG_001,121
CACTCACCGGATCTCATGCG_002,105
CACTCACCGGATCTCATGCG_003,17
CACTCACCGGATCTCATGCG_004,53
AGCATGTAGGCTGACAGCAA_001,148
AGCATGTAGGCTGACAGCAA_002,150
AGCATGTAGGCTGACAGCAA_003,197
AGCATGTAGGCTGACAGCAA_004,109
AGCATGTAGGCTGACAGCAA_005,109
AGCATGTAGGCTGACAGCAA_006,109
AGCATGTAGGCTGACAGCAA_007,119
AGCATGTAGGCTGACAGCAA_008,107
AGCATGTAGGCTGACAGCAA_009,16
AGCATGTAGGCTGACAGCAA_010,81
AGCATGTAGGCTGACAGCAA_011,43
AGCATGTAGGCTGACAGCAA_012,52
AGCATGTAGGCTGACAGCAA_013,84
TGGACAGAAACAGCCCAAAG_001,169
TGGACAGAAACAGCCCAAAG_002,102
CACGCACAATTACGCTCAGG_001,146
GCGGCGCTCGTCACCTCATG_001,28
GCGGCGCTCGTCACCTCATG_002,191
GCGGCGCTCGTCACCTCATG_003,170
GCGGCGCTCGTCACCTCATG_004,120
GCGGCGCTCGTCACCTCATG_005,127
GCGGCGCTCGTCACCTCATG_006,199
GCGGCGCTCGTCACCTCATG_007,179
GCGGCGCTCGTCACCTCATG_008,83
GCGGCGCTCGTCACCTCATG_009,186
GCGGCGCTCGTCACCTCATG_010,175
GCGGCGCTCGTCACCTCATG_011,77
GCGGCGCTCGTCACCTCATG_012,34
GCGGCGCTCGTCACCTCATG_013,78
GCGGCGCTCGTCACCTCATG_014,84
GCGGCGCTCGTCACCTCATG_015,137
GCGGCGCTCGTCACCTCATG_016,199
GGGATGACCTCCTGCCAGCG_001,54
GGGATGACCTCCTGCCAGCG_002,112
GGGATGACCTCCTGCCAGCG_003,62
GGGATGACCTCCTGCCAGCG_004,145
GGGATGACCTCCTGCCAGCG_005,27
GGGATGACCTCCTGCCAGCG_006,127
GGGATGACCTCCTGCCAGCG_007,176
GGGATGACCTCCTGCCAGCG_008,170
GGGATGACCTCCTGCCAGCG_009,88
GGGATGACCTCCTGCCAGCG_010,41
GGGATGACCTCCTGCCAGCG_011,121
GGGATGACCTCCTGCCAGCG_012,51
GGGATGACCTCCTGCCAGCG_013,149
GGGATGACCTCCTGCCAGCG_014,34
GGGATGACCTCCTGCCAGCG_015,138
GGGATGACCTCCTGCCAGCG_016,119
GGGATGACCTCCTGCCAGCG_017,85
GGGATGACCTCCTGCCAGCG_018,49
GGGATGACCTCCTGCCAGCG_019,96
GGGATGACCTCCTGCCAGCG_020,169
GGGATGACCTCCTGCCAGCG_021,15
GGGATGACCTCCTGCCAGCG_022,187
GGGATGACCTCCTGCCAGCG_023,2
GGGATGACCTCCTGCCAGCG_024,126
GGGATGACCTCCTGCCAGCG_025,43
GGGATGACCTCCTGCCAGCG_026,49
GGGATGACCTCCTGCCAGCG_027,175
GGGATGACCTCCTGCCAGCG_028,199
GGGATGACCTCCTGCCAGCG_029,178
GGGATGACCTCCTGCCAGCG_030,6
GGGATGACCTCCTGCCAGCG_031,103
GGGATGACCTCCTGCCAGCG_032,116
CTGGAGAGCGTGGAGAGAAG_001,151
CTGGAGAGCGTGGAGAGAAG_002,43
CTGGAGAGCGTGGAGAGAAG_003,78
CTGGAGAGCGTGGAGAGAAG_004,13
CTGGAGAGCGTGGAGAGAAG_005,165
CTGGAGAGCGTGGAGAGAAG_006,62
CTGGAGAGCGTGGAGAGAAG_007,70
CTGGAGAGCGTGGAGAGAAG_008,62
CTGGAGAGCGTGGAGAGAAG_009,198
CTGGAGAGCGTGGAGAGAAG_010,157
AGGGTGTTGAGTTGCCACAG_001,12
AGGGTGTTGAGTTGCCACAG_002,38
TACTATGGATTTACACCAGA_001,137
TACTATGGATTTACACCAGA_002,145
TACTATGGATTTACACCAGA_003,186
TACTATGGATTTACACCAGA_004,96
TACTATGGATTTACACCAGA_005,116
TACTATGGATTTACACCAGA_006,66
TACTATGGATTTACACCAGA_007,176
TACTATGGATTTACACCAGA_008,172
TACTATGGATTTACACCAGA_009,152
TACTATGGATTTACACCAGA_010,137
TACTATGGATTTACACCAGA_011,144
TACTATGGATTTACACCAGA_012,108
GACCACAGATCCGTCTACGT_001,88
GACCACAGATCCGTCTACGT_002,147
GACCACAGATCCGTCTACGT_003,50
GACCACAGATCCGTCTACGT_004,92
GACCACAGATCCGTCTACGT_005,104
GACCACAGATCCGTCTACGT_006,22
GACCACAGATCCGTCTACGT_007,14
GACCACAGATCCGTCTACGT_008,74
GACCACAGATCCGTCTACGT_009,63
GACCACAGATCCGTCTACGT_010,116
GGCATCGGTGAGAAGTGACG_001,119
GGCATCGGTGAGAAGTGACG_002,127
GGCATCGGTGAGAAGTGACG_003,194
GGCATCGGTGAGAAGTGACG_004,165
TCAACAAACGGAATACCACG_001,94
TCAACAAACGGAATACCACG_002,42
TCAACAAACGGAATACCACG_003,136
TCAACAAACGGAATACCACG_004,191
TCAACAAACGGAATACCACG_005,46
TCAACAAACGGAATACCACG_006,182
TCAACAAACGGAATACCACG_007,50
AATGAGACAATACAGGAAGG_001,127
AATGAGACAATACAGGAAGG_002,127
AATGAGACAATACAGGAAGG_003,41
AATGAGACAATACAGGAAGG_004,138
ATGTTGACAGCAGACCACGG_001,69
ATGTTGACAGCAGACCACGG_002,119
ATGTTGACAGCAGACCACGG_003,67
ATGTTGACAGCAGACCACGG_004,153
ATGTTGACAGCAGACCACGG_005,147
ATGTTGACAGCAGACCACGG_006,60
ATGTTGACAGCAGACCACGG_007,15
ATGTTGACAGCAGACCACGG_008,82
ATGTTGACAGCAGACCACGG_009,70
ATGTTGACAGCAGACCACGG_010,176
ATGTTGACAGCAGACCACGG_011,175
ATGTTGACAGCAGACCACGG_012,8
ATGTTGACAGCAGACCACGG_013,198
ATGTTGACAGCAGACCACGG_014,112
ATGTTGACAGCAGACCACGG_015,199
ATGTTGACAGCAGACCACGG_016,40
ATGTTGACAGCAGACCACGG_017,29
ATGTTGACAGCAGACCACGG_018,91
ATGTTGACAGCAGACCACGG_019,62
ATGTTGACAGCAGACCACGG_020,168
ATGTTGACAGCAGACCACGG_021,124
GAACTATCTCGTATCCGGCG_001,158
GAACTATCTCGTATCCGGCG_002,42
GAACTATCTCGTATCCGGCG_003,136
CAGTATGAGAGCATGTACAA_001,147
CAGTATGAGAGCATGTACAA_002,140
CAGTATGAGAGCATGTACAA_003,88
CAGTATGAGAGCATGTACAA_004,28
CAGTATGAGAGCATGTACAA_005,58
CAGTATGAGAGCATGTACAA_006,12
CAGTATGAGAGCATGTACAA_007,129
CAGTATGAGAGCATGTACAA_008,113
CAGTATGAGAGCATGTACAA_009,20
CAGTATGAGAGCATGTACAA_010,141
CAGTATGAGAGCATGTACAA_011,165
CATGACTACCACACACGCTG_001,196
CATGACTACCACACACGCTG_002,29
CATGACTACCACACACGCTG_003,23
CATGACTACCACACACGCTG_004,104
CATGACTACCACACACGCTG_005,51
CATGACTACCACACACGCTG_006,154
CATGACTACCACACACGCTG_007,41
CATGACTACCACACACGCTG_008,134
CATGACTACCACACACGCTG_009,158
CATGACTACCACACACGCTG_010,82
TGAAACACCCCTGTCCATCC_001,92
TGAAACACCCCTGTCCATCC_002,184
TGAAACACCCCTGTCCATCC_003,37
TGAAACACCCCTGTCCATCC_004,6
TGAAACACCCCTGTCCATCC_005,91
TGAAACACCCCTGTCCATCC_006,94
TTTGATTGAGGCTACCCCGG_001,130
TTTGATTGAGGCTACCCCGG_002,16
TTTGATTGAGGCTACCCCGG_003,9
TTTGATTGAGGCTACCCCGG_004,67
TTTGATTGAGGCTACCCCGG_005,144
TTTGATTGAGGCTACCCCGG_006,121
TTTGATTGAGGCTACCCCGG_007,32
TTTGATTGAGGCTACCCCGG_008,81
TTTGATTGAGGCTACCCCGG_009,169
TTTGATTGAGGCTACCCCGG_010,149
TTTGATTGAGGCTACCCCGG_011,112
TTTGATTGAGGCTACCCCGG_012,153
TTTGATTGAGGCTACCCCGG_013,39
CAGACACGCCTACCGCACTG_001,114
CAGACACGCCTACCGCACTG_002,175
CAGACACGCCTACCGCACTG_003,15
CAGACACGCCTACCGCACTG_004,198
CAGACACGCCTACCGCACTG_005,108
CAGACACGCCTACCGCACTG_006,6
CAGACACGCCTACCGCACTG_007,82
CAGACACGCCTACCGCACTG_008,103
CAGACACGCCTACCGCACTG_009,158
CAGACACGCCTACCGCACTG_010,179
CAGACACGCCTACCGCACTG_011,9
CAGACACGCCTACCGCACTG_012,24
CAGACACGCCTACCGCACTG_013,29
CAGACACGCCTACCGCACTG_014,168
CAGACACGCCTACCGCACTG_015,22
CAGACACGCCTACCGCACTG_016,49
CAGACACGCCTACCGCACTG_017,41
CAGACACGCCTACCGCACTG_018,57
CAGACACGCCTACCGCACTG_019,166
ATAATAGTGGTATACAGCAA_001,116
ATAATAGTGGTATACAGCAA_002,128
ATAATAGTGGTATACAGCAA_003,65
ATAATAGTGGTATACAGCAA_004,98
ATAATAGTGGTATACAGCAA_005,49
ATAATAGTGGTATACAGCAA_006,98
ATAATAGTGGTATACAGCAA_007,48
ATAATAGTGGTATACAGCAA_008,151
ATAATAGTGGTATACAGCAA_009,168
GCTGACAACTCCATAAACCT_001,147
GCTGACAACTCCATAAACCT_002,117
GCTGACAACTCCATAAACCT_003,185
GCTGACAACTCCATAAACCT_004,6
GCTGACAACTCCATAAACCT_005,29
GCTGACAACTCCATAAACCT_006,56
GCTGACAACTCCATAAACCT_007,9
GATGGGTGCACAGGCTGATG_001,49
GATGGGTGCACAGGCTGATG_002,49
GATGGGTGCACAGGCTGATG_003,101
GATGGGTGCACAGGCTGATG_004,69
GATGGGTGCACAGGCTGATG_005,81
GATGGGTGCACAGGCTGATG_006,121
GATGGGTGCACAGGCTGATG_007,81
GATGGGTGCACAGGCTGATG_008,60
GAAGTGATGGAGCAAAGTGC_001,140
GAAGTGATGGAGCAAAGTGC_002,132
GAAGTGATGGAGCAAAGTGC_003,103
GAAGTGATGGAGCAAAGTGC_004,144
GAAGTGATGGAGCAAAGTGC_005,30
GAAGTGATGGAGCAAAGTGC_006,82
GAAGTGATGGAGCAAAGTGC_007,127
GAAGTGATGGAGCAAAGTGC_008,190
GAAGTGATGGAGCAAAGTGC_009,169
GAAGTGATGGAGCAAAGTGC_010,177
GAAGTGATGGAGCAAAGTGC_011,158
GAAGTGATGGAGCAAAGTGC_012,4
GAAGTGATGGAGCAAAGTGC_013,108
GAAGTGATGGAGCAAAGTGC_014,148
GAAGTGATGGAGCAAAGTGC_015,125
CTCGAAAACTATAGTGAAGG_001,23
TTTCTGTGATACCAAGTGAG_001,17
AGTCGACACACTGCAAAAAT_001,98
AGTCGACACACTGCAAAAAT_002,48
AGTCGACACACTGCAAAAAT_003,69
AGTCGACACACTGCAAAAAT_004,68
AGTCGACACACTGCAAAAAT_005,121
AGTCGACACACTGCAAAAAT_006,1
AGTCGACACACTGCAAAAAT_007,117
AGTCGACACACTGCAAAAAT_008,83
AGTCGACACACTGCAAAAAT_009,174
AGTCGACACACTGCAAAAAT_010,88
AGTCGACACACTGCAAAAAT_011,177
AGTCGACACACTGCAAAAAT_012,174
AGTCGACACACTGCAAAAAT_013,2
AGTCGACACACTGCAAAAAT_014,169
AGTCGACACACTGCAAAAAT_015,87
AGTCGACACACTGCAAAAAT_016,97
AGTCGACACACTGCAAAAAT_017,171
AGTCGACACACTGCAAAAAT_018,199
AGTCGACACACTGCAAAAAT_019,150
CAGCACACACACGATAAGGG_001,136
CAGCACACACACGATAAGGG_002,188
CAGCACACACACGATAAGGG_003,17
CAGCACACACACGATAAGGG_004,84
CAGCACACACACGATAAGGG_005,160
CAGCACACACACGATAAGGG_006,141
CAGCACACACACGATAAGGG_007,66
CAGCACACACACGATAAGGG_008,48
CAGCACACACACGATAAGGG_009,81
CAGCACACACACGATAAGGG_010,141
CAGCACACACACGATAAGGG_011,2
CAGCACACACACGATAAGGG_012,140
CAGCACACACACGATAAGGG_013,188
CAGCACACACACGATAAGGG_014,52
GAGTGGGTGTGGACACCCGA_001,147
GAGTGGGTGTGGACACCCGA_002,112
GAGTGGGTGTGGACACCCGA_003,91
GAGTGGGTGTGGACACCCGA_004,11
GAGTGGGTGTGGACACCCGA_005,1
GAGTGGGTGTGGACACCCGA_006,102
GAGTGGGTGTGGACACCCGA_007,184
GAGTGGGTGTGGACACCCGA_008,106
GAGTGGGTGTGGACACCCGA_009,37
TGTACTAGGAACATATCCAA_001,29
TGTACTAGGAACATATCCAA_002,183
TGTACTAGGAACATATCCAA_003,62
TGTACTAGGAACATATCCAA_004,133
GCGGCCGGTTACCTAAGGAG_001,157
GCGGCCGGTTACCTAAGGAG_002,121
GCGGCCGGTTACCTAAGGAG_003,186
GCGGCCGGTTACCTAAGGAG_004,137
GCGGCCGGTTACCTAAGGAG_005,169
AAGCAAGTGAGAGGGATCGG_001,41
AAGCAAGTGAGAGGGATCGG_002,78
AAGCAAGTGAGAGGGATCGG_003,70
AAGCAAGTGAGAGGGATCGG_004,88
AAGCAAGTGAGAGGGATCGG_005,169
AAGCAAGTGAGAGGGATCGG_006,115
AAGCAAGTGAGAGGGATCGG_007,63
AAGCAAGTGAGAGGGATCGG_008,17
AAGCAAGTGAGAGGGATCGG_009,32
AAGCAAGTGAGAGGGATCGG_010,139
AAGCAAGTGAGAGGGATCGG_011,134
AAGCAAGTGAGAGGGATCGG_012,172
AAGCAAGTGAGAGGGATCGG_013,103
AAGCAAGTGAGAGGGATCGG_014,184
AAGCAAGTGAGAGGGATCGG_015,127
AAGCAAGTGAGAGGGATCGG_016,10
AAGCAAGTGAGAGGGATCGG_017,116
AAGCAAGTGAGAGGGATCGG_018,41
AAGCAAGTGAGAGGGATCGG_019,63
AAGCAAGTGAGAGGGATCGG_020,170
AAGCAAGTGAGAGGGATCGG_021,183
AAGCAAGTGAGAGGGATCGG_022,40
AAGCAAGTGAGAGGGATCGG_023,130
AAGCAAGTGAGAGGGATCGG_024,50
AAGCAAGTGAGAGGGATCGG_025,169
AAGCAAGTGAGAGGGATCGG_026,118
AAGCAAGTGAGAGGGATCGG_027,131
AAGCAAGTGAGAGGGATCGG_028,189
AAGCAAGTGAGAGGGATCGG_029,49
AAGCAAGTGAGAGGGATCGG_030,149
AAGCAAGTGAGAGGGATCGG_031,134
AAGCAAGTGAGAGGGATCGG_032,174
AAGCAAGTGAGAGGGATCGG_033,147
AAGCAAGTGAGAGGGATCGG_034,183
AAGCAAGTGAGAGGGATCGG_035,130
AAGCAAGTGAGAGGGATCGG_036,129
AAGCAAGTGAGAGGGATCGG_037,191
AAGCAAGTGAGAGGGATCGG_038,35
AAGCAAGTGAGAGGGATCGG_039,116
AAGCAAGTGAGAGGGATCGG_040,62
AAGCAAGTGAGAGGGATCGG_041,62
AAGCAAGTGAGAGGGATCGG_042,116
AAGCAAGTGAGAGGGATCGG_043,168
AAGCAAGTGAGAGGGATCGG_044,144
AAGCAAGTGAGAGGGATCGG_045,199
AAGCAAGTGAGAGGGATCGG_046,46
AAGCAAGTGAGAGGGATCGG_047,168
AGGTGGTCAGACATCCACCT_001,115
AGGTGGTCAGACATCCACCT_002,113
AGGTGGTCAGACATCCACCT_003,35
AGGTGGTCAGACATCCACCT_004,113
AGGTGGTCAGACATCCACCT_005,33
AGGTGGTCAGACATCCACCT_006,149
AGGTGGTCAGACATCCACCT_007,8
AGGTGGTCAGACATCCACCT_008,147
AATTGCTGCACACCGAATCG_001,145
AATTGCTGCACACCGAATCG_002,36
AATTGCTGCACACCGAATCG_003,42
AATTGCTGCACACCGAATCG_004,15
AATTGCTGCACACCGAATCG_005,145
AATTGCTGCACACCGAATCG_006,182
AATTGCTGCACACCGAATCG_007,193
AATTGCTGCACACCGAATCG_008,103
GCCCACGGACAGATTCTCAA_001,108
GCCCACGGACAGATTCTCAA_002,108
GCCCACGGACAGATTCTCAA_003,140
GCCCACGGACAGATTCTCAA_004,188
GCCCACGGACAGATTCTCAA_005,111
GCCCACGGACAGATTCTCAA_006,121
GCCCACGGACAGATTCTCAA_007,197
GCCCACGGACAGATTCTCAA_008,151
GCCCACGGACAGATTCTCAA_009,148
GCCCACGGACAGATTCTCAA_010,83
GCCCACGGACAGATTCTCAA_011,35
GCCCACGGACAGATTCTCAA_012,84
GCCCACGGACAGATTCTCAA_013,48
GCCCACGGACAGATTCTCAA_014,81
GGGAAATCAGTGAGCACGAG_001,84
GGGAAATCAGTGAGCACGAG_002,54
GGGAAATCAGTGAGCACGAG_003,70
GGGAAATCAGTGAGCACGAG_004,151
GGGAAATCAGTGAGCACGAG_005,82
GGGAAATCAGTGAGCACGAG_006,43
GGGAAATCAGTGAGCACGAG_007,149
GGGAAATCAGTGAGCACGAG_008,27
CCGTACGCGTGCCCGGACTG_001,117
CCGTACGCGTGCCCGGACTG_002,166
CCGTACGCGTGCCCGGACTG_003,6
CCGTACGCGTGCCCGGACTG_004,84
CCGTACGCGTGCCCGGACTG_005,5
CCGTACGCGTGCCCGGACTG_006,118
CCGTACGCGTGCCCGGACTG_007,147
CCGTACGCGTGCCCGGACTG_008,197
CCGTACGCGTGCCCGGACTG_009,3
CCGTACGCGTGCCCGGACTG_010,184
CCGTACGCGTGCCCGGACTG_011,23
CCGTACGCGTGCCCGGACTG_012,21
CCGTACGCGTGCCCGGACTG_013,198
CCGTACGCGTGCCCGGACTG_014,188
CCGTACGCGTGCCCGGACTG_015,146
CCGTACGCGTGCCCGGACTG_016,177
CCGTACGCGTGCCCGGACTG_017,104
CCGTACGCGTGCCCGGACTG_018,106
CCGTACGCGTGCCCGGACTG_019,185
CCGTACGCGTGCCCGGACTG_020,180
CCGTACGCGTGCCCGGACTG_021,158
CCGTACGCGTGCCCGGACTG_022,136
CCGTACGCGTGCCCGGACTG_023,137
CTTGAAAGCCTGATAAGTGT_001,3
CTTGAAAGCCTGATAAGTGT_002,58
CTTGAAAGCCTGATAAGTGT_003,2
CTTGAAAGCCTGATAAGTGT_004,8
AATGACGCTTCGAAACGATG_001,169
AATGACGCTTCGAAACGATG_002,8
AATGACGCTTCGAAACGATG_003,12
AATGACGCTTCGAAACGATG_004,184
AATGACGCTTCGAAACGATG_005,47
CAGCATGGACACCAGGACCA_001,62
CAGCATGGACACCAGGACCA_002,182
CAGCATGGACACCAGGACCA_003,75
CAGCATGGACACCAGGACCA_004,132
CAGCATGGACACCAGGACCA_005,187
CAGCATGGACACCAGGACCA_006,55
CAGCATGGACACCAGGACCA_007,65
CAGCATGGACACCAGGACCA_008,191
CAGCATGGACACCAGGACCA_009,31
CAGCATGGACACCAGGACCA_010,110
CAGCATGGACACCAGGACCA_011,166
CAGCATGGACACCAGGACCA_012,17
CAGCATGGACACCAGGACCA_013,123
CAGCATGGACACCAGGACCA_014,148
CAGCATGGACACCAGGACCA_015,157
CAGCATGGACACCAGGACCA_016,198
CAGCATGGACACCAGGACCA_017,26
CAGCATGGACACCAGGACCA_018,44
CAGCATGGACACCAGGACCA_019,56
CAGCATGGACACCAGGACCA_020,44
CAGCATGGACACCAGGACCA_021,53
CAGCATGGACACCAGGACCA_022,27
CAGCATGGACACCAGGACCA_023,10
CAGCATGGACACCAGGACCA_024,184
CAGCATGGACACCAGGACCA_025,105
CAGCATGGACACCAGGACCA_026,180
CAGCATGGACACCAGGACCA_027,35
CAGCATGGACACCAGGACCA_028,98
CAGCATGGACACCAGGACCA_029,166
CAGCATGGACACCAGGACCA_030,160
CAGCATGGACACCAGGACCA_031,94
CCACTCAACGACACTCCCGT_001,159
CCACTCAACGACACTCCCGT_002,189
CCACTCAACGACACTCCCGT_003,89
CCACTCAACGACACTCCCGT_004,88
CCACTCAACGACACTCCCGT_005,70
CCACTCAACGACACTCCCGT_006,118
CCACTCAACGACACTCCCGT_007,19
CCACTCAACGACACTCCCGT_008,175
CCACTCAACGACACTCCCGT_009,80
CCACTCAACGACACTCCCGT_010,137
CCACTCAACGACACTCCCGT_011,83
CCACTCAACGACACTCCCGT_012,152
CCACTCAACGACACTCCCGT_013,147
CCACTCAACGACACTCCCGT_014,161
CCACTCAACGACACTCCCGT_015,124
CCACTCAACGACACTCCCGT_016,121
CCACTCAACGACACTCCCGT_017,84
CCACTCAACGACACTCCCGT_018,54
CCACTCAACGACACTCCCGT_019,172
CCACTCAACGACACTCCCGT_020,12
CCACTCAACGACACTCCCGT_021,17
CCACTCAACGACACTCCCGT_022,157
CCACTCAACGACACTCCCGT_023,197
CTTATAGGTATCCACATCCG_001,186
CTTATAGGTATCCACATCCG_002,176
CTTATAGGTATCCACATCCG_003,156
CTTATAGGTATCCACATCCG_004,126
CTTATAGGTATCCACATCCG_005,88
CTTATAGGTATCCACATCCG_006,98
CGTAATTTTGTAATCGCTTC_001,185
CGTAATTTTGTAATCGCTTC_002,196
CGTAATTTTGTAATCGCTTC_003,103
CGTAATTTTGTAATCGCTTC_004,145
CGTAATTTTGTAATCGCTTC_005,24
GCATCCAGTTCACTACTGCA_001,103
GCATCCAGTTCACTACTGCA_002,7
GCATCCAGTTCACTACTGCA_003,1
GCATCCAGTTCACTACTGCA_004,75
GCATCCAGTTCACTACTGCA_005,3
GCATCCAGTTCACTACTGCA_006,9
GCATCCAGTTCACTACTGCA_007,186
GCATCCAGTTCACTACTGCA_008,199
GTCATACCGCCTCAGCACCC_001,10
GTCATACCGCCTCAGCACCC_002,92
GTCATACCGCCTCAGCACCC_003,12
GTCATACCGCCTCAGCACCC_004,153
AATTAAGTGAATTTGTGTCT_001,161
AATTAAGTGAATTTGTGTCT_002,92
GTGGCTATGTGCAGATTGAC_001,142
GTGGCTATGTGCAGATTGAC_002,69
GTGGCTATGTGCAGATTGAC_003,25
GTGGCTATGTGCAGATTGAC_004,25
GTGGCTATGTGCAGATTGAC_005,124
GTGGCTATGTGCAGATTGAC_006,110
GTGGCTATGTGCAGATTGAC_007,140
GTGGCTATGTGCAGATTGAC_008,198
GTGGCTATGTGCAGATTGAC_009,39
GTGGCTATGTGCAGATTGAC_010,20
GTGGCTATGTGCAGATTGAC_011,120
GTGGCTATGTGCAGATTGAC_012,28
GTGGCTATGTGCAGATTGAC_013,198
GTGGCTATGTGCAGATTGAC_014,90
TGTCTGGATGCAAGACAATG_001,112
TGTCTGGATGCAAGACAATG_002,15
AGGCGGTGCTATCGGGCGTG_001,194
AGGCGGTGCTATCGGGCGTG_002,154
AGGCGGTGCTATCGGGCGTG_003,197
AGGCGGTGCTATCGGGCGTG_004,51
AGGCGGTGCTATCGGGCGTG_005,24
AGGCGGTGCTATCGGGCGTG_006,53
AGGCGGTGCTATCGGGCGTG_007,29
AGGCGGTGCTATCGGGCGTG_008,87
AGGCGGTGCTATCGGGCGTG_009,187
AGGCGGTGCTATCGGGCGTG_010,66
GTGGTCCACAAAGTAATCTG_001,94
GTGGTCCACAAAGTAATCTG_002,3
GTGGTCCACAAAGTAATCTG_003,137
GTGGTCCACAAAGTAATCTG_004,122
GTGGTCCACAAAGTAATCTG_005,7
GTGGTCCACAAAGTAATCTG_006,105
GTGGTCCACAAAGTAATCTG_007,88
GTGGTCCACAAAGTAATCTG_008,70
GTGGTCCACAAAGTAATCTG_009,10
GTGGTCCACAAAGTAATCTG_010,70
GTGGTCCACAAAGTAATCTG_011,40
GTGGTCCACAAAGTAATCTG_012,118
GTGGTCCACAAAGTAATCTG_013,51
TGCATCCATATGCACAGTGG_001,125
TGCATCCATATGCACAGTGG_002,27
TGCATCCATATGCACAGTGG_003,5
TGCATCCATATGCACAGTGG_004,138
TGCATCCATATGCACAGTGG_005,60
AGCACCAGCAGTTGTACGGG_001,184
AGCACCAGCAGTTGTACGGG_002,150
AGCACCAGCAGTTGTACGGG_003,81
AGCACCAGCAGTTGTACGGG_004,43
AGCACCAGCAGTTGTACGGG_005,189
AGCACCAGCAGTTGTACGGG_006,73
AGCACCAGCAGTTGTACGGG_007,60
AGCACCAGCAGTTGTACGGG_008,169
AGCACCAGCAGTTGTACGGG_009,76
AGCACCAGCAGTTGTACGGG_010,131
AGCACCAGCAGTTGTACGGG_011,133
AGCACCAGCAGTTGTACGGG_012,175
AGCACCAGCAGTTGTACGGG_013,91
TTGAAACGGAAGGAACGCTG_001,106
TTGAAACGGAAGGAACGCTG_002,196
TTGAAACGGAAGGAACGCTG_003,80
TTGAAACGGAAGGAACGCTG_004,178
TTGAAACGGAAGGAACGCTG_005,188
TTGAAACGGAAGGAACGCTG_006,65
TTGAAACGGAAGGAACGCTG_007,194
TTGAAACGGAAGGAACGCTG_008,79
TTGAAACGGAAGGAACGCTG_009,108
TTGAAACGGAAGGAACGCTG_010,37
TTGAAACGGAAGGAACGCTG_011,15
TTGAAACGGAAGGAACGCTG_012,60
TTGAAACGGAAGGAACGCTG_013,32
TTGAAACGGAAGGAACGCTG_014,168
TTGAAACGGAAGGAACGCTG_015,169
TTGAAACGGAAGGAACGCTG_016,193
TTGAAACGGAAGGAACGCTG_017,16
TTGAAACGGAAGGAACGCTG_018,64
TTGAAACGGAAGGAACGCTG_019,25
TTGAAACGGAAGGAACGCTG_020,169
CGCCTACAGAACCATCGCCA_001,60
CGCCTACAGAACCATCGCCA_002,105
CGCCTACAGAACCATCGCCA_003,177
CGCCTACAGAACCATCGCCA_004,43
CGCCTACAGAACCATCGCCA_005,196
CGCCTACAGAACCATCGCCA_006,108
CGCCTACAGAACCATCGCCA_007,35
CGCCTACAGAACCATCGCCA_008,104
CGCCTACAGAACCATCGCCA_009,98
CGCCTACAGAACCATCGCCA_010,6
CGCCTACAGAACCATCGCCA_011,147
CGCCTACAGAACCATCGCCA_012,175
CTCTGCCTTATATAATGGTG_001,50
AACCGACCAAGGATGCATTG_001,165
AACCGACCAAGGATGCATTG_002,42
AACCGACCAAGGATGCATTG_003,17
AACCGACCAAGGATGCATTG_004,111
AACCGACCAAGGATGCATTG_005,104
AACCGACCAAGGATGCATTG_006,13
AACCGACCAAGGATGCATTG_007,18
AACCGACCAAGGATGCATTG_008,12
AACCGACCAAGGATGCATTG_009,43
AACCGACCAAGGATGCATTG_010,139
AACCGACCAAGGATGCATTG_011,190
AACCGACCAAGGATGCATTG_012,117
AACCGACCAAGGATGCATTG_013,128
AACCGACCAAGGATGCATTG_014,139
AACCGACCAAGGATGCATTG_015,180
AACCGACCAAGGATGCATTG_016,46
TGAAGTACCTTTAACACATC_001,21
TGAAGTACCTTTAACACATC_002,183
TGAAGTACCTTTAACACATC_003,90
ACATAGGCATGGTATCACAA_001,53
ACATAGGCATGGTATCACAA_002,192
ACATAGGCATGGTATCACAA_003,148
ACATAGGCATGGTATCACAA_004,12
ACATAGGCATGGTATCACAA_005,94
ACATAGGCATGGTATCACAA_006,172
ACATAGGCATGGTATCACAA_007,137
AACCAAAGAACTAATTGCAG_001,89
AACCAAAGAACTAATTGCAG_002,21
AACCAAAGAACTAATTGCAG_003,62
AACCAAAGAACTAATTGCAG_004,23
AACCAAAGAACTAATTGCAG_005,72
AACCAAAGAACTAATTGCAG_006,84
AACCAAAGAACTAATTGCAG_007,170
AACCAAAGAACTAATTGCAG_008,17
AACCAAAGAACTAATTGCAG_009,88
AACCAAAGAACTAATTGCAG_010,172
AACCAAAGAACTAATTGCAG_011,150
AACCAAAGAACTAATTGCAG_012,45
AACCAAAGAACTAATTGCAG_013,28
AACCAAAGAACTAATTGCAG_014,82
CGCTAGGTTATTTCGTGGCC_001,138
CGCTAGGTTATTTCGTGGCC_002,184
CGCTAGGTTATTTCGTGGCC_003,184
CGCTAGGTTATTTCGTGGCC_004,35
GTGGATGCCCATTCACACAC_001,130
GTGGATGCCCATTCACACAC_002,149
GTGGATGCCCATTCACACAC_003,127
GTGGATGCCCATTCACACAC_004,18
GTGGATGCCCATTCACACAC_005,38
GTGGATGCCCATTCACACAC_006,146
GTGGATGCCCATTCACACAC_007,78
GTGGATGCCCATTCACACAC_008,158
GTGGATGCCCATTCACACAC_009,174
GTGGATGCCCATTCACACAC_010,133
GTGGATGCCCATTCACACAC_011,82
GTGGATGCCCATTCACACAC_012,72
GTGGATGCCCATTCACACAC_013,115
GTGGATGCCCATTCACACAC_014,155
GTGGATGCCCATTCACACAC_015,42
GTGGATGCCCATTCACACAC_016,157
GTGGATGCCCATTCACACAC_017,43
GTGGATGCCCATTCACACAC_018,17
GTGGATGCCCATTCACACAC_019,88
GTGGATGCCCATTCACACAC_020,78
GTGGATGCCCATTCACACAC_021,49
GTGGATGCCCATTCACACAC_022,70
GTGGATGCCCATTCACACAC_023,88
GTGGATGCCCATTCACACAC_024,95
GTGGATGCCCATTCACACAC_025,146
GTGGATGCCCATTCACACAC_026,146
GTGGATGCCCATTCACACAC_027,105
GTGGATGCCCATTCACACAC_028,66
GTGGATGCCCATTCACACAC_029,48
GTGGATGCCCATTCACACAC_030,81
CAGGAATTCCGTATCCACTC_001,126
CTAAGTGACCCCAAGAAACG_001,63
CTAAGTGACCCCAAGAAACG_002,121
CTAAGTGACCCCAAGAAACG_003,137
CTAAGTGACCCCAAGAAACG_004,125
CTAAGTGACCCCAAGAAACG_005,70
CTAAGTGACCCCAAGAAACG_006,189
CTAAGTGACCCCAAGAAACG_007,106
CTAAGTGACCCCAAGAAACG_008,43
AGGACTCACTGTGTACACAG_001,95
AGGACTCACTGTGTACACAG_002,82
AGGACTCACTGTGTACACAG_003,152
AGGACTCACTGTGTACACAG_004,8
AGGACTCACTGTGTACACAG_005,118
AGGACTCACTGTGTACACAG_006,7
AGGACTCACTGTGTACACAG_007,199
AGGACTCACTGTGTACACAG_008,83
AGGACTCACTGTGTACACAG_009,80
AGGACTCACTGTGTACACAG_010,161
AGGACTCACTGTGTACACAG_011,39
AGGACTCACTGTGTACACAG_012,29
GGAACTTGGGATCAGACACC_001,11
GGAACTTGGGATCAGACACC_002,147
GGAACTTGGGATCAGACACC_003,62
GGAACTTGGGATCAGACACC_004,43
GGAACTTGGGATCAGACACC_005,184
GGAACTTGGGATCAGACACC_006,28
GGAACTTGGGATCAGACACC_007,128
GGAACTTGGGATCAGACACC_008,34
GGAACTTGGGATCAGACACC_009,48
GGAACTTGGGATCAGACACC_010,168
GGAACTTGGGATCAGACACC_011,168
GGAACTTGGGATCAGACACC_012,99
GCTGAAGCTCAACAGAAACT_001,119
GTTTGATCTGTGGATCCACG_001,199
GTTTGATCTGTGGATCCACG_002,143
GTTTGATCTGTGGATCCACG_003,17
TGGGCATCTCTATGCCAAAC_001,199
TGGGCATCTCTATGCCAAAC_002,12
TGGGCATCTCTATGCCAAAC_003,50
TGGGCATCTCTATGCCAAAC_004,77
TGGGCATCTCTATGCCAAAC_005,144
TGGGCATCTCTATGCCAAAC_006,115
TGGGCATCTCTATGCCAAAC_007,152
TGGGCATCTCTATGCCAAAC_008,3
TGTGACGTTTAACCCTCAGA_001,162
TGTGACGTTTAACCCTCAGA_002,38
TGTGACGTTTAACCCTCAGA_003,11
TGTGACGTTTAACCCTCAGA_004,5
TGTGACGTTTAACCCTCAGA_005,156
TGTGACGTTTAACCCTCAGA_006,14
TGTGACGTTTAACCCTCAGA_007,49
TGTGACGTTTAACCCTCAGA_008,174
AAGCCATGTATAATCAGTTG_001,103
CAGCCAGGTCACCCCAACAC_001,174
CAGCCAGGTCACCCCAACAC_002,81
CAGCCAGGTCACCCCAACAC_003,82
CAGCCAGGTCACCCCAACAC_004,160
CAGCCAGGTCACCCCAACAC_005,19
CAGCCAGGTCACCCCAACAC_006,14
CAGCCAGGTCACCCCAACAC_007,198
CAGCCAGGTCACCCCAACAC_008,181
CAGCCAGGTCACCCCAACAC_009,47
CATCCTAGTCATCTTGTCTG_001,149
CATCCTAGTCATCTTGTCTG_002,2
CTCTAGTTGAAGTCACCCTG_001,12
CTCTAGTTGAAGTCACCCTG_002,167
CTCTAGTTGAAGTCACCCTG_003,158
CTCTAGTTGAAGTCACCCTG_004,199
CTCTAGTTGAAGTCACCCTG_005,19
CTCTAGTTGAAGTCACCCTG_006,6
CTCTAGTTGAAGTCACCCTG_007,121
TCAGGGTATAGGCATCGGTG_001,43
TCAGGGTATAGGCATCGGTG_002,170
TCAGGGTATAGGCATCGGTG_003,149
TCAGGGTATAGGCATCGGTG_004,188
TCAGGGTATAGGCATCGGTG_005,134
TCAGGGTATAGGCATCGGTG_006,98
TCAGGGTATAGGCATCGGTG_007,144
TCAGGGTATAGGCATCGGTG_008,168
TGGGTCCTTCACAACCACGA_001,163
TGGGTCCTTCACAACCACGA_002,102
TGGGTCCTTCACAACCACGA_003,94
TGGGTCCTTCACAACCACGA_004,2
TGGGTCCTTCACAACCACGA_005,192
TGGGTCCTTCACAACCACGA_006,140
TGGGTCCTTCACAACCACGA_007,11
TGGGTCCTTCACAACCACGA_008,117
TGGGTCCTTCACAACCACGA_009,25
TGGGTCCTTCACAACCACGA_010,22
TGGGTCCTTCACAACCACGA_011,43
TGGGTCCTTCACAACCACGA_012,41
TTCAACTCCATGTTCACCAT_001,148
TTCAACTCCATGTTCACCAT_002,115
TTCAACTCCATGTTCACCAT_003,199
TTCAACTCCATGTTCACCAT_004,41
TTCAACTCCATGTTCACCAT_005,91
TTCAACTCCATGTTCACCAT_006,125
TTCAACTCCATGTTCACCAT_007,137
TTCAACTCCATGTTCACCAT_008,35
TTGAACGTACGTACCAGAGA_001,13
TTGAACGTACGTACCAGAGA_002,148
TTGAACGTACGTACCAGAGA_003,34
ATCTCTATGATCTGTATACA_001,105
ATCTCTATGATCTGTATACA_002,74
ATCTCTATGATCTGTATACA_003,52
CAAAATAATTTCAGAACACA_001,160
CAAAATAATTTCAGAACACA_002,11
CAAAATAATTTCAGAACACA_003,146
CAAAATAATTTCAGAACACA_004,160
CAAAATAATTTCAGAACACA_005,147
CAAAATAATTTCAGAACACA_006,188
CAAAATAATTTCAGAACACA_007,114
CAAAATAATTTCAGAACACA_008,94
AAGAAAGACATGAGTCACGG_001,65
AAGAAAGACATGAGTCACGG_002,60
AAGAAAGACATGAGTCACGG_003,27
AAGAAAGACATGAGTCACGG_004,75
AAGAAAGACATGAGTCACGG_005,107
AAGAAAGACATGAGTCACGG_006,88
AAGAAAGACATGAGTCACGG_007,158
AAGAAAGACATGAGTCACGG_008,108
AAGAAAGACATGAGTCACGG_009,108
AAGAAAGACATGAGTCACGG_010,58
AAGAAAGACATGAGTCACGG_011,40
AAGAAAGACATGAGTCACGG_012,50
AAGAAAGACATGAGTCACGG_013,166
AAGAAAGACATGAGTCACGG_014,61
AAGAAAGACATGAGTCACGG_015,106
AAGAAAGACATGAGTCACGG_016,40
CAACATTAGGGAACTCGGTG_001,141
CAACATTAGGGAACTCGGTG_002,150
CAACATTAGGGAACTCGGTG_003,35
CAACATTAGGGAACTCGGTG_004,1
CAACATTAGGGAACTCGGTG_005,82
CAACATTAGGGAACTCGGTG_006,17
CAACATTAGGGAACTCGGTG_007,140
CAACATTAGGGAACTCGGTG_008,68
CAACATTAGGGAACTCGGTG_009,94
CAACATTAGGGAACTCGGTG_010,103
CAACATTAGGGAACTCGGTG_011,147
CAACATTAGGGAACTCGGTG_012,121
CAACATTAGGGAACTCGGTG_013,183
CAACATTAGGGAACTCGGTG_014,2
CAACATTAGGGAACTCGGTG_015,129
CAACATTAGGGAACTCGGTG_016,137
CAACATTAGGGAACTCGGTG_017,194
CAACATTAGGGAACTCGGTG_018,166
CAACATTAGGGAACTCGGTG_019,63
CAACATTAGGGAACTCGGTG_020,98
CAACATTAGGGAACTCGGTG_021,42
CAACATTAGGGAACTCGGTG_022,182
CAACATTAGGGAACTCGGTG_023,35
CAACATTAGGGAACTCGGTG_024,16
CAACATTAGGGAACTCGGTG_025,105
CAACATTAGGGAACTCGGTG_026,34
CAACATTAGGGAACTCGGTG_027,55
CAACATTAGGGAACTCGGTG_028,1
CAACATTAGGGAACTCGGTG_029,122
CAACATTAGGGAACTCGGTG_030,116
CAACATTAGGGAACTCGGTG_031,23
CAACATTAGGGAACTCGGTG_032,114
CAACATTAGGGAACTCGGTG_033,108
CAACATTAGGGAACTCGGTG_034,82
CAACATTAGGGAACTCGGTG_035,45
CAACATTAGGGAACTCGGTG_036,147
CCTTAGATCGTTAGACACGG_001,145
AGCATGGATGCACTGAGACA_001,100
AGCATGGATGCACTGAGACA_002,128
AGCATGGATGCACTGAGACA_003,4
AGCATGGATGCACTGAGACA_004,124
AGCATGGATGCACTGAGACA_005,150
AGCATGGATGCACTGAGACA_006,5
AGCATGGATGCACTGAGACA_007,122
AGCATGGATGCACTGAGACA_008,4
AGCATGGATGCACTGAGACA_009,154
AGCATGGATGCACTGAGACA_010,33
AGCATGGATGCACTGAGACA_011,153
AGCATGGATGCACTGAGACA_012,63
AGCATGGATGCACTGAGACA_013,94
AGCATGGATGCACTGAGACA_014,64
GCAGGTGGCATTAGTAACCA_001,118
GCAGGTGGCATTAGTAACCA_002,155
GCAGGTGGCATTAGTAACCA_003,118
GCAGGTGGCATTAGTAACCA_004,125
GCAGGTGGCATTAGTAACCA_005,147
GCAGGTGGCATTAGTAACCA_006,81
GCAGGTGGCATTAGTAACCA_007,167
GCAGGTGGCATTAGTAACCA_008,190
GCAGGTGGCATTAGTAACCA_009,103
GCAGGTGGCATTAGTAACCA_010,162
GCAGGTGGCATTAGTAACCA_011,55
GCAGGTGGCATTAGTAACCA_012,93
GCAGGTGGCATTAGTAACCA_013,6
GCAGGTGGCATTAGTAACCA_014,191
GCAGGTGGCATTAGTAACCA_015,148
GCAGGTGGCATTAGTAACCA_016,62
GGACGCAACTGTCTGTGAGG_001,3
GGACGCAACTGTCTGTGAGG_002,49
GGACGCAACTGTCTGTGAGG_003,159
GGACGCAACTGTCTGTGAGG_004,84
GGACGCAACTGTCTGTGAGG_005,47
CAAGTACACGTCGATTGCAG_001,69
CAAGTACACGTCGATTGCAG_002,8
CAAGTACACGTCGATTGCAG_003,178
CAAGTACACGTCGATTGCAG_004,178
GTGGTATGTACGGAGCCACC_001,12
GTGGTATGTACGGAGCCACC_002,104
GTGGTATGTACGGAGCCACC_003,152
GTGGTATGTACGGAGCCACC_004,78
GTGGTATGTACGGAGCCACC_005,15
GTGGTATGTACGGAGCCACC_006,70
GTGGTATGTACGGAGCCACC_007,12
GTGGTATGTACGGAGCCACC_008,171
GTGGTATGTACGGAGCCACC_009,28
GTGGTATGTACGGAGCCACC_010,1
GTGGTATGTACGGAGCCACC_011,88
GTGGTATGTACGGAGCCACC_012,145
GTGGTATGTACGGAGCCACC_013,199
GTGGTATGTACGGAGCCACC_014,130
GTGGTATGTACGGAGCCACC_015,137
GTGGTATGTACGGAGCCACC_016,94
GTGGTATGTACGGAGCCACC_017,81
GTGGTATGTACGGAGCCACC_018,58
GTGGTATGTACGGAGCCACC_019,33
GTGGTATGTACGGAGCCACC_020,162
GTGGTATGTACGGAGCCACC_021,158
GTGGTATGTACGGAGCCACC_022,15
GTGGTATGTACGGAGCCACC_023,168
GTGGTATGTACGGAGCCACC_024,161
AAGGTCACTTACCTTTCAAG_001,178
AAGGTCACTTACCTTTCAAG_002,149
AAGGTCACTTACCTTTCAAG_003,127
AAGGTCACTTACCTTTCAAG_004,51
AAGGTCACTTACCTTTCAAG_005,94
AAGGTCACTTACCTTTCAAG_006,185
AAGGTCACTTACCTTTCAAG_007,198
GACCCTGTGATGACCACCTG_001,82
GACCCTGTGATGACCACCTG_002,137
GACCCTGTGATGACCACCTG_003,73
GACCCTGTGATGACCACCTG_004,127
GACCCTGTGATGACCACCTG_005,45
GACCCTGTGATGACCACCTG_006,199
GACCCTGTGATGACCACCTG_007,53
GACCCTGTGATGACCACCTG_008,53
GACCCTGTGATGACCACCTG_009,149
GACCCTGTGATGACCACCTG_010,30
GACCCTGTGATGACCACCTG_011,131
GACCCTGTGATGACCACCTG_012,100
GACCCTGTGATGACCACCTG_013,102
CCTCCACTCACAAGATCGTG_001,78
CCTCCACTCACAAGATCGTG_002,63
CCTCCACTCACAAGATCGTG_003,149
CCTCCACTCACAAGATCGTG_004,96
CCTCCACTCACAAGATCGTG_005,8
CCTCCACTCACAAGATCGTG_006,41
CCTCCACTCACAAGATCGTG_007,184
CCTCCACTCACAAGATCGTG_008,23
CCTCCACTCACAAGATCGTG_009,103
CCTCCACTCACAAGATCGTG_010,19
CCTCCACTCACAAGATCGTG_011,26
GCTGGTCCCAGCGAGCCGAG_001,5
GCTGGTCCCAGCGAGCCGAG_002,1
GCTGGTCCCAGCGAGCCGAG_003,29
GCTGGTCCCAGCGAGCCGAG_004,55
TTTGAAGAGGAAATCAACAT_001,94
TTTGAAGAGGAAATCAACAT_002,63
TTTGAAGAGGAAATCAACAT_003,84
TTTGAAGAGGAAATCAACAT_004,101
TTTGAAGAGGAAATCAACAT_005,61
TTTGAAGAGGAAATCAACAT_006,61
TTTGAAGAGGAAATCAACAT_007,145
CAAGACGCAATGGGAAACAG_001,171
CAAGACGCAATGGGAAACAG_002,179
CAAGACGCAATGGGAAACAG_003,179
CAAGACGCAATGGGAAACAG_004,119
CAAGACGCAATGGGAAACAG_005,126
TTGGACCAGTATTCAATGTG_001,197
TTGGACCAGTATTCAATGTG_002,41
TTGGACCAGTATTCAATGTG_003,127
TTGGACCAGTATTCAATGTG_004,2
TTGGACCAGTATTCAATGTG_005,105
TTGGACCAGTATTCAATGTG_006,48
TTGGACCAGTATTCAATGTG_007,50
CCGAGTCATGATCCTCGTGG_001,24
CCGAGTCATGATCCTCGTGG_002,0
CCGAGTCATGATCCTCGTGG_003,62
CCGAGTCATGATCCTCGTGG_004,63
AGAGGAGCGACCCTTTCAGC_001,21
AGAGGAGCGACCCTTTCAGC_002,43
AGAGGAGCGACCCTTTCAGC_003,21
AGAGGAGCGACCCTTTCAGC_004,11
AGAGGAGCGACCCTTTCAGC_005,13
AGAGGAGCGACCCTTTCAGC_006,47
AGAGGAGCGACCCTTTCAGC_007,111
AGAGGAGCGACCCTTTCAGC_008,46
AGAGGAGCGACCCTTTCAGC_009,126
AGAGGAGCGACCCTTTCAGC_010,190
CCTGTCCAGGATCGTGAATG_001,181
CCTGTCCAGGATCGTGAATG_002,183
CCTGTCCAGGATCGTGAATG_003,178
CCTGTCCAGGATCGTGAATG_004,168
CCTGTCCAGGATCGTGAATG_005,177
CCTGTCCAGGATCGTGAATG_006,159
CCTGTCCAGGATCGTGAATG_007,95
CCTGTCCAGGATCGTGAATG_008,68
CCTGTCCAGGATCGTGAATG_009,168
CCTGTCCAGGATCGTGAATG_010,15
CCTGTCCAGGATCGTGAATG_011,12
CCTGTCCAGGATCGTGAATG_012,44
CCTGTCCAGGATCGTGAATG_013,6
CCTGTCCAGGATCGTGAATG_014,138
CCTGTCCAGGATCGTGAATG_015,142
CCTGTCCAGGATCGTGAATG_016,147
CAAGATACCTGATTCTACAA_001,27
CAAGATACCTGATTCTACAA_002,33
CAAGATACCTGATTCTACAA_003,171
ATACAAACTGAGACACATCA_001,42
ATACAAACTGAGACACATCA_002,94
ATACAAACTGAGACACATCA_003,56
GGATCCGCGAAAACCACGAG_001,35
GGATCCGCGAAAACCACGAG_002,48
GGATCCGCGAAAACCACGAG_003,19
GGATCCGCGAAAACCACGAG_004,113
GGATCCGCGAAAACCACGAG_005,169
GGATCCGCGAAAACCACGAG_006,91
GGATCCGCGAAAACCACGAG_007,6
GGATCCGCGAAAACCACGAG_008,1
GGATCCGCGAAAACCACGAG_009,120
GGATCCGCGAAAACCACGAG_010,165
GTCCGTGTTAATTCTCACAG_001,42
GTCCGTGTTAATTCTCACAG_002,62
GTCCGTGTTAATTCTCACAG_003,181
GTCCGTGTTAATTCTCACAG_004,79
GTCCGTGTTAATTCTCACAG_005,46
GTCCGTGTTAATTCTCACAG_006,94
GTCCGTGTTAATTCTCACAG_007,185
ACAGCTGGGAATGATACAGG_001,17
CTTATGCGCAGTAAGGATAG_001,81
CTTATGCGCAGTAAGGATAG_002,160
CTTATGCGCAGTAAGGATAG_003,146
AAATTTGATGCCATCTACCG_001,114
AAATTTGATGCCATCTACCG_002,144
ATGAGAACGCCACCCCACAG_001,60
ATGAGAACGCCACCCCACAG_002,117
ATGAGAACGCCACCCCACAG_003,185
ATGAGAACGCCACCCCACAG_004,96
ATGAGAACGCCACCCCACAG_005,171
ATGAGAACGCCACCCCACAG_006,113
ATGAGAACGCCACCCCACAG_007,82
ATGAGAACGCCACCCCACAG_008,120
ATGAGAACGCCACCCCACAG_009,150
ATGAGAACGCCACCCCACAG_010,120
ATGAGAACGCCACCCCACAG_011,152
ATGAGAACGCCACCCCACAG_012,66
ATGAGAACGCCACCCCACAG_013,117
ATGAGAACGCCACCCCACAG_014,66
ATGAGAACGCCACCCCACAG_015,84
ATGAGAACGCCACCCCACAG_016,165
ATGAGAACGCCACCCCACAG_017,87
ATGAGAACGCCACCCCACAG_018,18
ATGAGAACGCCACCCCACAG_019,95
ATGAGAACGCCACCCCACAG_020,52
ATGAGAACGCCACCCCACAG_021,86
ATGAGAACGCCACCCCACAG_022,171
ATGAGAACGCCACCCCACAG_023,184
ATGAGAACGCCACCCCACAG_024,19
ATGAGAACGCCACCCCACAG_025,8
ATGAGAACGCCACCCCACAG_026,139
ATGAGAACGCCACCCCACAG_027,91
ATGAGAACGCCACCCCACAG_028,1
ATGAGAACGCCACCCCACAG_029,178
ATGAGAACGCCACCCCACAG_030,101
ATGAGAACGCCACCCCACAG_031,139
ATGAGAACGCCACCCCACAG_032,104
ATGAGAACGCCACCCCACAG_033,16
ATGAGAACGCCACCCCACAG_034,174
ATGAGAACGCCACCCCACAG_035,197
ATGAGAACGCCACCCCACAG_036,177
ATGAGAACGCCACCCCACAG_037,153
ATGAGAACGCCACCCCACAG_038,70
ATGAGAACGCCACCCCACAG_039,185
ATGAGAACGCCACCCCACAG_040,99
ATGAGAACGCCACCCCACAG_041,34
ATGAGAACGCCACCCCACAG_042,165
ATGAGAACGCCACCCCACAG_043,138
ATGAGAACGCCACCCCACAG_044,136
ATGAGAACGCCACCCCACAG_045,119
ATGAGAACGCCACCCCACAG_046,86
GTGAAGGTAATGACTTTGTG_001,42
GTGAAGGTAATGACTTTGTG_002,161
GTGAAGGTAATGACTTTGTG_003,169
GTGAAGGTAATGACTTTGTG_004,89
GTGAAGGTAATGACTTTGTG_005,124
GTGAAGGTAATGACTTTGTG_006,147
GTGAAGGTAATGACTTTGTG_007,110
GTGAAGGTAATGACTTTGTG_008,178
GTGAAGGTAATGACTTTGTG_009,121
GTGAAGGTAATGACTTTGTG_010,19
GTGAAGGTAATGACTTTGTG_011,188
GTGACAAGACACCGCACACA_001,131
GTGACAAGACACCGCACACA_002,12
GTGACAAGACACCGCACACA_003,195
GTGACAAGACACCGCACACA_004,192
GTGACAAGACACCGCACACA_005,85
GTGACAAGACACCGCACACA_006,56
GTGACAAGACACCGCACACA_007,185
GTGACAAGACACCGCACACA_008,48
GTGACAAGACACCGCACACA_009,50
GTGACAAGACACCGCACACA_010,19
GTGACAAGACACCGCACACA_011,40
GTGACAAGACACCGCACACA_012,80
GTGACAAGACACCGCACACA_013,47
GTGACAAGACACCGCACACA_014,2
GTGACAAGACACCGCACACA_015,79
GTGACAAGACACCGCACACA_016,4
GTGACAAGACACCGCACACA_017,18
CAAGCATTTAAAAGGCCGGA_001,49
CAAGCATTTAAAAGGCCGGA_002,81
CAAGCATTTAAAAGGCCGGA_003,41
CAAGCATTTAAAAGGCCGGA_004,33
CAAGCATTTAAAAGGCCGGA_005,150
CAAGCATTTAAAAGGCCGGA_006,145
CAAGCATTTAAAAGGCCGGA_007,118
CAAGCATTTAAAAGGCCGGA_008,59
CAAGCATTTAAAAGGCCGGA_009,111
CAAGCATTTAAAAGGCCGGA_010,161
CAAGCATTTAAAAGGCCGGA_011,85
CAAGCATTTAAAAGGCCGGA_012,39
CAAGCATTTAAAAGGCCGGA_013,10
CAAGCATTTAAAAGGCCGGA_014,35
CTCAAATTGAAAAAAAACCT_001,117
CTCAAATTGAAAAAAAACCT_002,118
CTCAAATTGAAAAAAAACCT_003,138
CCTGAAAAACATGATCAAGG_001,2
CCTGAAAAACATGATCAAGG_002,184
CCTGAAAAACATGATCAAGG_003,129
CCTGAAAAACATGATCAAGG_004,88
AGGTCTTGTGAATGAACACT_001,139
AGGTCTTGTGAATGAACACT_002,118
GAAAACGCCATTCAACAGAT_001,43
GAAAACGCCATTCAACAGAT_002,20
GAAAACGCCATTCAACAGAT_003,137
GAAAACGCCATTCAACAGAT_004,28
TGGAAAAGACTATGACCCTG_001,56
TGGAAAAGACTATGACCCTG_002,89
TGGAAAAGACTATGACCCTG_003,47
TGGAAAAGACTATGACCCTG_004,152
TGGAAAAGACTATGACCCTG_005,66
TGGAAAAGACTATGACCCTG_006,137
TCTGCCACCAAATCCACCAG_001,94
TCTGCCACCAAATCCACCAG_002,146
TCTGCCACCAAATCCACCAG_003,41
TCTGCCACCAAATCCACCAG_004,178
TCTGCCACCAAATCCACCAG_005,176
TCTGCCACCAAATCCACCAG_006,80
TCTGCCACCAAATCCACCAG_007,82
TCTGCCACCAAATCCACCAG_008,133
TCTGCCACCAAATCCACCAG_009,77
TCTGCCACCAAATCCACCAG_010,147
TCTGCCACCAAATCCACCAG_011,6
TCTGCCACCAAATCCACCAG_012,177
TCTGCCACCAAATCCACCAG_013,33
TCTGCCACCAAATCCACCAG_014,119
TCTGCCACCAAATCCACCAG_015,57
TCTGCCACCAAATCCACCAG_016,82
TCTGCCACCAAATCCACCAG_017,187
TCTGCCACCAAATCCACCAG_018,22
TCTGCCACCAAATCCACCAG_019,152
TCTGCCACCAAATCCACCAG_020,66
TCTGCCACCAAATCCACCAG_021,89
TGATCACCTGTCTGGAACAA_001,66
TGATCACCTGTCTGGAACAA_002,184
TGATCACCTGTCTGGAACAA_003,45
TGATCACCTGTCTGGAACAA_004,29
TGATCACCTGTCTGGAACAA_005,29
TGATCACCTGTCTGGAACAA_006,97
TGATCACCTGTCTGGAACAA_007,94
TGATCACCTGTCTGGAACAA_008,170
TGATCACCTGTCTGGAACAA_009,140
TGATCACCTGTCTGGAACAA_010,83
TGATCACCTGTCTGGAACAA_011,147
TGATCACCTGTCTGGAACAA_012,127
TGATCACCTGTCTGGAACAA_013,152
TGATCACCTGTCTGGAACAA_014,159
TGATCACCTGTCTGGAACAA_015,188
TGATCACCTGTCTGGAACAA_016,188
TGATCACCTGTCTGGAACAA_017,183
TGATCACCTGTCTGGAACAA_018,63
TGATCACCTGTCTGGAACAA_019,115
TGATCACCTGTCTGGAACAA_020,27
TGATCACCTGTCTGGAACAA_021,154
TGATCACCTGTCTGGAACAA_022,88
TGATCACCTGTCTGGAACAA_023,178
TGATCACCTGTCTGGAACAA_024,56
TGATCACCTGTCTGGAACAA_025,136
AGTATCCCCTAAAACAGGAG_001,58
AGTATCCCCTAAAACAGGAG_002,174
AGTATCCCCTAAAACAGGAG_003,103
AGTATCCCCTAAAACAGGAG_004,49
GGCTGAGCGATATAAGCCAG_001,96
GGCTGAGCGATATAAGCCAG_002,149
CAGAAAAGCTGGCGAGAAGG_001,17
CAGAAAAGCTGGCGAGAAGG_002,13
CAGAAAAGCTGGCGAGAAGG_003,128
CAGAAAAGCTGGCGAGAAGG_004,130
CAGAAAAGCTGGCGAGAAGG_005,60
CAGAAAAGCTGGCGAGAAGG_006,196
CAGAAAAGCTGGCGAGAAGG_007,6
CAGAAAAGCTGGCGAGAAGG_008,138
CAGAAAAGCTGGCGAGAAGG_009,35
CAGAAAAGCTGGCGAGAAGG_010,168
TTCCCCAGGAGGACGCAACG_001,1
TTCCCCAGGAGGACGCAACG_002,12
TTCCCCAGGAGGACGCAACG_003,0
TTCCCCAGGAGGACGCAACG_004,113
TTCCCCAGGAGGACGCAACG_005,45
TTCCCCAGGAGGACGCAACG_006,1
TTCCCCAGGAGGACGCAACG_007,70
TTCCCCAGGAGGACGCAACG_008,122
TTCCCCAGGAGGACGCAACG_009,170
TTCCCCAGGAGGACGCAACG_010,186
TTCCCCAGGAGGACGCAACG_011,96
TTCCCCAGGAGGACGCAACG_012,186
TTCCCCAGGAGGACGCAACG_013,52
TTCCCCAGGAGGACGCAACG_014,135
TTCCCCAGGAGGACGCAACG_015,81
TTCCCCAGGAGGACGCAACG_016,148
TTCCCCAGGAGGACGCAACG_017,177
TTCCCCAGGAGGACGCAACG_018,57
TTCCCCAGGAGGACGCAACG_019,50
TTCCCCAGGAGGACGCAACG_020,81
TTCCCCAGGAGGACGCAACG_021,141
TTCCCCAGGAGGACGCAACG_022,51
TTCCCCAGGAGGACGCAACG_023,8
TTCCCCAGGAGGACGCAACG_024,22
TTCCCCAGGAGGACGCAACG_025,192
TTCCCCAGGAGGACGCAACG_026,57
TTCCCCAGGAGGACGCAACG_027,71
TTCCCCAGGAGGACGCAACG_028,16
TTCCCCAGGAGGACGCAACG_029,58
TTCCCCAGGAGGACGCAACG_030,103
TTCCCCAGGAGGACGCAACG_031,6
TTCCCCAGGAGGACGCAACG_032,116
TTCCCCAGGAGGACGCAACG_033,78
TTCCCCAGGAGGACGCAACG_034,78
TTCCCCAGGAGGACGCAACG_035,43
TTCCCCAGGAGGACGCAACG_036,36
TTCCCCAGGAGGACGCAACG_037,130
TTCCCCAGGAGGACGCAACG_038,195
TTCCCCAGGAGGACGCAACG_039,53
TTCCCCAGGAGGACGCAACG_040,42
TTCCCCAGGAGGACGCAACG_041,152
TTCCCCAGGAGGACGCAACG_042,49
TTCCCCAGGAGGACGCAACG_043,110
TTCCCCAGGAGGACGCAACG_044,187
TTCCCCAGGAGGACGCAACG_045,175
TTCCCCAGGAGGACGCAACG_046,83
TTCCCCAGGAGGACGCAACG_047,40
TTCCCCAGGAGGACGCAACG_048,101
TTCCCCAGGAGGACGCAACG_049,106
TTCCCCAGGAGGACGCAACG_050,44
TTCCCCAGGAGGACGCAACG_051,10
TTCCCCAGGAGGACGCAACG_052,49
TTCCCCAGGAGGACGCAACG_053,42
TTCCCCAGGAGGACGCAACG_054,56
TTCCCCAGGAGGACGCAACG_055,118
TTCCCCAGGAGGACGCAACG_056,132
GGGTCTGAGGATGTCGATGT_001,92
GGGTCTGAGGATGTCGATGT_002,104
GGGTCTGAGGATGTCGATGT_003,7
GGGTCTGAGGATGTCGATGT_004,126
GGGTCTGAGGATGTCGATGT_005,137
GGGTCTGAGGATGTCGATGT_006,155
GGGTCTGAGGATGTCGATGT_007,168
GGGTCTGAGGATGTCGATGT_008,52
GGGTCTGAGGATGTCGATGT_009,10
GGGTCTGAGGATGTCGATGT_010,104
TTCAGGCCACTACATGTACG_001,62
TTCAGGCCACTACATGTACG_002,130
TTCAGGCCACTACATGTACG_003,141
GGCCAGTACTCACAGCGAGA_001,130
GGCCAGTACTCACAGCGAGA_002,56
GGCCAGTACTCACAGCGAGA_003,115
GGCCAGTACTCACAGCGAGA_004,19
GGCCAGTACTCACAGCGAGA_005,13
GGCCAGTACTCACAGCGAGA_006,63
GGCCAGTACTCACAGCGAGA_007,63
CACCGAATAGTTACGGTCGG_001,117
CACCGAATAGTTACGGTCGG_002,60
CACCGAATAGTTACGGTCGG_003,60
CACCGAATAGTTACGGTCGG_004,43
CACCGAATAGTTACGGTCGG_005,17
CACCGAATAGTTACGGTCGG_006,60
CACCGAATAGTTACGGTCGG_007,199
CACCGAATAGTTACGGTCGG_008,176
CACCGAATAGTTACGGTCGG_009,82
CACCGAATAGTTACGGTCGG_010,152
CACCGAATAGTTACGGTCGG_011,105
CACCGAATAGTTACGGTCGG_012,113
CACCGAATAGTTACGGTCGG_013,176
CACCGAATAGTTACGGTCGG_014,41
CACCGAATAGTTACGGTCGG_015,113
CACCGAATAGTTACGGTCGG_016,13
TTGGAGAATCAGAAGCCGAG_001,17
TTGGAGAATCAGAAGCCGAG_002,0
TTGGAGAATCAGAAGCCGAG_003,101
TTGGAGAATCAGAAGCCGAG_004,62
TTGGAGAATCAGAAGCCGAG_005,169
TTGGAGAATCAGAAGCCGAG_006,10
TTGGAGAATCAGAAGCCGAG_007,92
TTGGAGAATCAGAAGCCGAG_008,94
TTGGAGAATCAGAAGCCGAG_009,106
TTGGAGAATCAGAAGCCGAG_010,35
TTGGAGAATCAGAAGCCGAG_011,102
TTGGAGAATCAGAAGCCGAG_012,168
TTGGAGAATCAGAAGCCGAG_013,114
TTGGAGAATCAGAAGCCGAG_014,88
TTGGAGAATCAGAAGCCGAG_015,192
TTGGAGAATCAGAAGCCGAG_016,93
TTGGAGAATCAGAAGCCGAG_017,58
TTGGAGAATCAGAAGCCGAG_018,166
TTGGAGAATCAGAAGCCGAG_019,45
TTGGAGAATCAGAAGCCGAG_020,83
TTGGAGAATCAGAAGCCGAG_021,149
TTGGAGAATCAGAAGCCGAG_022,1
TTGGAGAATCAGAAGCCGAG_023,43
AAAATAGCAGTAAACTCAAC_001,177
AAAATAGCAGTAAACTCAAC_002,127
AAAATAGCAGTAAACTCAAC_003,140
AAAATAGCAGTAAACTCAAC_004,149
AAAATAGCAGTAAACTCAAC_005,75
AAAATAGCAGTAAACTCAAC_006,154
AAAATAGCAGTAAACTCAAC_007,176
AAAATAGCAGTAAACTCAAC_008,137
CAGGAGCGTCAGGAAAACAC_001,104
CAGGAGCGTCAGGAAAACAC_002,56
ATGTACCGAATGCCCGAAAG_001,160
ATGTACCGAATGCCCGAAAG_002,169
ATGTACCGAATGCCCGAAAG_003,59
ATGTACCGAATGCCCGAAAG_004,12
ATGTACCGAATGCCCGAAAG_005,154
ATGTACCGAATGCCCGAAAG_006,147
ATGTACCGAATGCCCGAAAG_007,67
ATTAGTAAGACTGAACACAT_001,181
ATTAGTAAGACTGAACACAT_002,60
ATTAGTAAGACTGAACACAT_003,40
ATTAGTAAGACTGAACACAT_004,47
ATTAGTAAGACTGAACACAT_005,141
TGCATTGGCCAACATAGCTG_001,60
TGCATTGGCCAACATAGCTG_002,9
TTAGGTAGACCCACAACTTG_001,122
TTAGGTAGACCCACAACTTG_002,50
TTAGGTAGACCCACAACTTG_003,125
TTAGGTAGACCCACAACTTG_004,179
GGTATGCGGAGGACAGCCCG_001,59
GGTATGCGGAGGACAGCCCG_002,173
GGTATGCGGAGGACAGCCCG_003,178
GGTATGCGGAGGACAGCCCG_004,77
GGTATGCGGAGGACAGCCCG_005,121
GGTATGCGGAGGACAGCCCG_006,88
GGTATGCGGAGGACAGCCCG_007,185
GGTATGCGGAGGACAGCCCG_008,103
GGTATGCGGAGGACAGCCCG_009,185
GGTATGCGGAGGACAGCCCG_010,44
GGTATGCGGAGGACAGCCCG_011,49
GGTATGCGGAGGACAGCCCG_012,148
GGTATGCGGAGGACAGCCCG_013,59
GGTATGCGGAGGACAGCCCG_014,103
GGTATGCGGAGGACAGCCCG_015,17
GGTATGCGGAGGACAGCCCG_016,56
GGTATGCGGAGGACAGCCCG_017,29
GGTATGCGGAGGACAGCCCG_018,98
GGTATGCGGAGGACAGCCCG_019,135
GGTATGCGGAGGACAGCCCG_020,113
GGTATGCGGAGGACAGCCCG_021,78
GGTATGCGGAGGACAGCCCG_022,146
GGTATGCGGAGGACAGCCCG_023,66
GGTATGCGGAGGACAGCCCG_024,63
GGTATGCGGAGGACAGCCCG_025,19
TAGAGTGTATGACGAACGAA_001,14
AGGGTAGTTATACACCATAA_001,176
AGGGTAGTTATACACCATAA_002,54
AGGGTAGTTATACACCATAA_003,8
AGGGTAGTTATACACCATAA_004,108
AGGGTAGTTATACACCATAA_005,161
GCTGTGGCCAACGACGACGC_001,94
GCTGTGGCCAACGACGACGC_002,177
GCTGTGGCCAACGACGACGC_003,175
GCTGTGGCCAACGACGACGC_004,176
GCTGTGGCCAACGACGACGC_005,4
GCTGTGGCCAACGACGACGC_006,112
GCTGTGGCCAACGACGACGC_007,83
GCTGTGGCCAACGACGACGC_008,96
GCTGTGGCCAACGACGACGC_009,49
GCTGTGGCCAACGACGACGC_010,117
GCTGTGGCCAACGACGACGC_011,141
GCTGTGGCCAACGACGACGC_012,11
GCTGTGGCCAACGACGACGC_013,61
GCTGTGGCCAACGACGACGC_014,147
GCTGTGGCCAACGACGACGC_015,144
GCTGTGGCCAACGACGACGC_016,109
GCTGTGGCCAACGACGACGC_017,109
GCTGTGGCCAACGACGACGC_018,77
GCTGTGGCCAACGACGACGC_019,21
GCTGTGGCCAACGACGACGC_020,35
GCTGTGGCCAACGACGACGC_021,157
AACTACGCCAGGATTATGCT_001,159
AACTACGCCAGGATTATGCT_002,158
AACTACGCCAGGATTATGCT_003,4
AACTACGCCAGGATTATGCT_004,95
AACTACGCCAGGATTATGCT_005,146
AACTACGCCAGGATTATGCT_006,127
AACTACGCCAGGATTATGCT_007,172
AACTACGCCAGGATTATGCT_008,85
AACTACGCCAGGATTATGCT_009,199
TGCCAACGAGGTGAAACGTG_001,12
TGCCAACGAGGTGAAACGTG_002,75
TGCCAACGAGGTGAAACGTG_003,1
TGCCAACGAGGTGAAACGTG_004,1
ACTCCTGAATCGACTCGTAG_001,32
ACTCCTGAATCGACTCGTAG_002,97
ACTCCTGAATCGACTCGTAG_003,87
ACTCCTGAATCGACTCGTAG_004,147
ACTCCTGAATCGACTCGTAG_005,193
ACTCCTGAATCGACTCGTAG_006,192
ACTCCTGAATCGACTCGTAG_007,118
ACTCCTGAATCGACTCGTAG_008,104
ACTCCTGAATCGACTCGTAG_009,173
ACTCCTGAATCGACTCGTAG_010,173
ACTCCTGAATCGACTCGTAG_011,123
ACTCCTGAATCGACTCGTAG_012,83
ACTCCTGAATCGACTCGTAG_013,31
ACTCCTGAATCGACTCGTAG_014,169
ACTCCTGAATCGACTCGTAG_015,83
ACTCCTGAATCGACTCGTAG_016,12
ACTCCTGAATCGACTCGTAG_017,97
ACTCCTGAATCGACTCGTAG_018,119
ACTCCTGAATCGACTCGTAG_019,14
ACTCCTGAATCGACTCGTAG_020,144
ACTCCTGAATCGACTCGTAG_021,8
ACTCCTGAATCGACTCGTAG_022,169
ACTCCTGAATCGACTCGTAG_023,27
ACTCCTGAATCGACTCGTAG_024,168
ACTCCTGAATCGACTCGTAG_025,109
AGATCGACCCTAAGACGACA_001,32
AGATCGACCCTAAGACGACA_002,181
AGATCGACCCTAAGACGACA_003,85
AGATCGACCCTAAGACGACA_004,12
AGATCGACCCTAAGACGACA_005,21
AGATCGACCCTAAGACGACA_006,9
AGATCGACCCTAAGACGACA_007,58
AGATCGACCCTAAGACGACA_008,83
AGATCGACCCTAAGACGACA_009,67
AGATCGACCCTAAGACGACA_010,13
GCCAGGGCTAGCCTTCAGCG_001,48
GCCAGGGCTAGCCTTCAGCG_002,160
GCCAGGGCTAGCCTTCAGCG_003,170
GCCAGGGCTAGCCTTCAGCG_004,44
GCCAGGGCTAGCCTTCAGCG_005,41
GCCAGGGCTAGCCTTCAGCG_006,170
GGCGTGCTCTGACGGCACTG_001,104
GGCGTGCTCTGACGGCACTG_002,69
GGCGTGCTCTGACGGCACTG_003,113
GGCGTGCTCTGACGGCACTG_004,57
GGCGTGCTCTGACGGCACTG_005,187
GGCGTGCTCTGACGGCACTG_006,160
CCTCCCGCGGAAAAGGCCCG_001,81
CCTCCCGCGGAAAAGGCCCG_002,41
CCTCCCGCGGAAAAGGCCCG_003,142
CCTCCCGCGGAAAAGGCCCG_004,119
CCTCCCGCGGAAAAGGCCCG_005,54
CCTCCCGCGGAAAAGGCCCG_006,124
CCTCCCGCGGAAAAGGCCCG_007,97
CCTCCCGCGGAAAAGGCCCG_008,41
CCTCCCGCGGAAAAGGCCCG_009,76
CCTCCCGCGGAAAAGGCCCG_010,76
CCTCCCGCGGAAAAGGCCCG_011,36
CCTCCCGCGGAAAAGGCCCG_012,47
CCTCCCGCGGAAAAGGCCCG_013,10
CCTCCCGCGGAAAAGGCCCG_014,29
GTTATTCGGGCATTCTACGG_001,36
GTTATTCGGGCATTCTACGG_002,25
GTTATTCGGGCATTCTACGG_003,130
CTTGTGTGGCAACAACCGGT_001,103
CTTGTGTGGCAACAACCGGT_002,169
CTTGTGTGGCAACAACCGGT_003,4
CAGACACTCAGGGAAATATG_001,177
CAGACACTCAGGGAAATATG_002,150
CAGACACTCAGGGAAATATG_003,39
ATTTGTTGAAGGTTACAAGG_001,130
ATTTGTTGAAGGTTACAAGG_002,77
ATTTGTTGAAGGTTACAAGG_003,131
ATTTGTTGAAGGTTACAAGG_004,110
CGATGTAGTACATGACGGCA_001,95
CGATGTAGTACATGACGGCA_002,186
CGATGTAGTACATGACGGCA_003,88
CGATGTAGTACATGACGGCA_004,192
CGATGTAGTACATGACGGCA_005,186
CGATGTAGTACATGACGGCA_006,102
CGATGTAGTACATGACGGCA_007,175
CGATGTAGTACATGACGGCA_008,17
CGATGTAGTACATGACGGCA_009,169
CGATGTAGTACATGACGGCA_010,108
CGATGTAGTACATGACGGCA_011,140
CGATGTAGTACATGACGGCA_012,50
CGATGTAGTACATGACGGCA_013,158
CGATGTAGTACATGACGGCA_014,58
CGATGTAGTACATGACGGCA_015,50
CGATGTAGTACATGACGGCA_016,115
CGATGTAGTACATGACGGCA_017,165
CGATGTAGTACATGACGGCA_018,33
CGATGTAGTACATGACGGCA_019,127
CGATGTAGTACATGACGGCA_020,105
CGATGTAGTACATGACGGCA_021,81
CGATGTAGTACATGACGGCA_022,78
CATTAATGCACTGTACCCCG_001,53
CATTAATGCACTGTACCCCG_002,125
CATTAATGCACTGTACCCCG_003,9
CATTAATGCACTGTACCCCG_004,137
CATTAATGCACTGTACCCCG_005,33
AGTTCCTTATACTCCGTGTG_001,29
AGTTCCTTATACTCCGTGTG_002,118
ACAAAGTACCACGGTACCTG_001,98
ACAAAGTACCACGGTACCTG_002,129
ACAAAGTACCACGGTACCTG_003,6
ACAAAGTACCACGGTACCTG_004,0
ACAAAGTACCACGGTACCTG_005,140
ACAAAGTACCACGGTACCTG_006,12
ACAAAGTACCACGGTACCTG_007,166
ACAAAGTACCACGGTACCTG_008,58
ACAAAGTACCACGGTACCTG_009,50
GCAACTCGGATCATGAGGCA_001,96
GCAACTCGGATCATGAGGCA_002,68
GCAACTCGGATCATGAGGCA_003,150
GCAACTCGGATCATGAGGCA_004,18
GCAACTCGGATCATGAGGCA_005,43
GCAACTCGGATCATGAGGCA_006,60
GCAACTCGGATCATGAGGCA_007,134
GCAACTCGGATCATGAGGCA_008,85
GCAACTCGGATCATGAGGCA_009,148
GCAACTCGGATCATGAGGCA_010,141
GCAACTCGGATCATGAGGCA_011,14
GCAACTCGGATCATGAGGCA_012,119
GCAACTCGGATCATGAGGCA_013,197
GCAACTCGGATCATGAGGCA_014,36
AGAAGGACACAGCTCAACAG_001,6
AGAAGGACACAGCTCAACAG_002,77
AGAAGGACACAGCTCAACAG_003,70
AGAAGGACACAGCTCAACAG_004,163
AGAAGGACACAGCTCAACAG_005,86
AGAAGGACACAGCTCAACAG_006,120
AGAAGGACACAGCTCAACAG_007,83
AGAAGGACACAGCTCAACAG_008,163
AGAAGGACACAGCTCAACAG_009,171
AGAAGGACACAGCTCAACAG_010,130
AGAAGGACACAGCTCAACAG_011,115
AGAAGGACACAGCTCAACAG_012,68
AGAAGGACACAGCTCAACAG_013,156
AGAAGGACACAGCTCAACAG_014,96
AGAAGGACACAGCTCAACAG_015,10
AGTCCTGCGACAGTAAGGGG_001,106
AGTCCTGCGACAGTAAGGGG_002,175
AGTCCTGCGACAGTAAGGGG_003,0
AGTCCTGCGACAGTAAGGGG_004,34
AGTCCTGCGACAGTAAGGGG_005,98
AGTCCTGCGACAGTAAGGGG_006,154
AGTCCTGCGACAGTAAGGGG_007,149
AGTCCTGCGACAGTAAGGGG_008,25
AGTCCTGCGACAGTAAGGGG_009,8
AGTCCTGCGACAGTAAGGGG_010,0
AGTCCTGCGACAGTAAGGGG_011,193
AGTCCTGCGACAGTAAGGGG_012,61
AGTCCTGCGACAGTAAGGGG_013,58
AGTCCTGCGACAGTAAGGGG_014,72
AGTCCTGCGACAGTAAGGGG_015,81
AGTCCTGCGACAGTAAGGGG_016,40
AGTCCTGCGACAGTAAGGGG_017,36
AGTCCTGCGACAGTAAGGGG_018,47
AGTCCTGCGACAGTAAGGGG_019,7
AGTCCTGCGACAGTAAGGGG_020,121
AGTCCTGCGACAGTAAGGGG_021,30
AGTCCTGCGACAGTAAGGGG_022,36
AGTCCTGCGACAGTAAGGGG_023,105
AGTCCTGCGACAGTAAGGGG_024,138
AGTCCTGCGACAGTAAGGGG_025,185
AGTCCTGCGACAGTAAGGGG_026,147
AGTCCTGCGACAGTAAGGGG_027,6
AGTCCTGCGACAGTAAGGGG_028,196
AGTCCTGCGACAGTAAGGGG_029,160
AGTCCTGCGACAGTAAGGGG_030,146
AGTCCTGCGACAGTAAGGGG_031,63
AGTCCTGCGACAGTAAGGGG_032,78
AGTCCTGCGACAGTAAGGGG_033,144
AGTCCTGCGACAGTAAGGGG_034,180
AGGAACTGGACATAGGTGGT_001,116
AGGAACTGGACATAGGTGGT_002,8
AGGAACTGGACATAGGTGGT_003,96
AGGAACTGGACATAGGTGGT_004,70
AGGAACTGGACATAGGTGGT_005,176
AGGAACTGGACATAGGTGGT_006,59
AGGAACTGGACATAGGTGGT_007,172
AGGAACTGGACATAGGTGGT_008,144
AGGAACTGGACATAGGTGGT_009,10
AGGAACTGGACATAGGTGGT_010,184
AGGAACTGGACATAGGTGGT_011,19
AGGAACTGGACATAGGTGGT_012,183
AGGAACTGGACATAGGTGGT_013,23
AGGAACTGGACATAGGTGGT_014,131
AGGAACTGGACATAGGTGGT_015,87
AGGAACTGGACATAGGTGGT_016,190
AGGAACTGGACATAGGTGGT_017,141
CAAGGATGGATAGTTACCCA_001,47
CAGCCTCTGATCATTCCCGG_001,178
CAGCCTCTGATCATTCCCGG_002,171
CAGCCTCTGATCATTCCCGG_003,76
CAGCCTCTGATCATTCCCGG_004,127
CAGCCTCTGATCATTCCCGG_005,130
CAGCCTCTGATCATTCCCGG_006,23
CAGCCTCTGATCATTCCCGG_007,78
CAGCCTCTGATCATTCCCGG_008,58
CAGCCTCTGATCATTCCCGG_009,65
CAGCCTCTGATCATTCCCGG_010,174
CAGCCTCTGATCATTCCCGG_011,68
CTTCAGGGCCAATTCATATG_001,119
CTTCAGGGCCAATTCATATG_002,132
CTTCAGGGCCAATTCATATG_003,188
CTTCAGGGCCAATTCATATG_004,134
CTTCAGGGCCAATTCATATG_005,15
CTTCAGGGCCAATTCATATG_006,149
CTTCAGGGCCAATTCATATG_007,85
CTTCAGGGCCAATTCATATG_008,80
CTTCAGGGCCAATTCATATG_009,47
CTTCAGGGCCAATTCATATG_010,84
GGTCTGCTCCAATGGGAACC_001,17
GGTCTGCTCCAATGGGAACC_002,184
GGTCTGCTCCAATGGGAACC_003,144
GGTCTGCTCCAATGGGAACC_004,149
GGTCTGCTCCAATGGGAACC_005,170
GGTCTGCTCCAATGGGAACC_006,88
GGTCTGCTCCAATGGGAACC_007,58
GGTCTGCTCCAATGGGAACC_008,124
GGTCTGCTCCAATGGGAACC_009,27
GGTCTGCTCCAATGGGAACC_010,69
GGTCTGCTCCAATGGGAACC_011,61
GGTCTGCTCCAATGGGAACC_012,157
CAGTTCCAGATCGCGCACTG_001,54
CAGTTCCAGATCGCGCACTG_002,153
CAGTTCCAGATCGCGCACTG_003,111
CAGTTCCAGATCGCGCACTG_004,88
CAGTTCCAGATCGCGCACTG_005,48
CAGTTCCAGATCGCGCACTG_006,102
CAGTTCCAGATCGCGCACTG_007,60
CAGTTCCAGATCGCGCACTG_008,191
CAGTTCCAGATCGCGCACTG_009,144
CAGTTCCAGATCGCGCACTG_010,126
CAGTTCCAGATCGCGCACTG_011,27
CAGTTCCAGATCGCGCACTG_012,106
CAGTTCCAGATCGCGCACTG_013,70
CAGTTCCAGATCGCGCACTG_014,146
CAGTTCCAGATCGCGCACTG_015,32
CAGTTCCAGATCGCGCACTG_016,115
CAGTTCCAGATCGCGCACTG_017,162
CAGTTCCAGATCGCGCACTG_018,170
CAGTTCCAGATCGCGCACTG_019,46
CAGTTCCAGATCGCGCACTG_020,113
CAGTTCCAGATCGCGCACTG_021,137
CAGTTCCAGATCGCGCACTG_022,165
CAGTTCCAGATCGCGCACTG_023,95
CAGTTCCAGATCGCGCACTG_024,67
CAGTTCCAGATCGCGCACTG_025,45
CAGTTCCAGATCGCGCACTG_026,40
CAGTTCCAGATCGCGCACTG_027,178
CAGTTCCAGATCGCGCACTG_028,137
CAGTTCCAGATCGCGCACTG_029,56
CAGTTCCAGATCGCGCACTG_030,11
CAGTTCCAGATCGCGCACTG_031,190
CAGTTCCAGATCGCGCACTG_032,65
CAGTTCCAGATCGCGCACTG_033,37
CAGTTCCAGATCGCGCACTG_034,1
CAGTTCCAGATCGCGCACTG_035,184
CAGTTCCAGATCGCGCACTG_036,64
CAGTTCCAGATCGCGCACTG_037,130
CAGTTCCAGATCGCGCACTG_038,17
CAGTTCCAGATCGCGCACTG_039,147
CAGTTCCAGATCGCGCACTG_040,124
CAGTTCCAGATCGCGCACTG_041,186
TCAGAGTGCCCGTGCGACCA_001,170
TCAGAGTGCCCGTGCGACCA_002,113
TCAGAGTGCCCGTGCGACCA_003,57
TCAGAGTGCCCGTGCGACCA_004,156
TCAGAGTGCCCGTGCGACCA_005,77
TGACGCGATAGAGTTGGCTT_001,163
TGACGCGATAGAGTTGGCTT_002,138
TGACGCGATAGAGTTGGCTT_003,34
TGACGCGATAGAGTTGGCTT_004,178
TGACGCGATAGAGTTGGCTT_005,13
TGACGCGATAGAGTTGGCTT_006,116
TGACGCGATAGAGTTGGCTT_007,52
TGACGCGATAGAGTTGGCTT_008,103
TGACGCGATAGAGTTGGCTT_009,162
TGACGCGATAGAGTTGGCTT_010,150
TGACGCGATAGAGTTGGCTT_011,163
TGACGCGATAGAGTTGGCTT_012,16
TGACGCGATAGAGTTGGCTT_013,44
TGACGCGATAGAGTTGGCTT_014,88
TGACGCGATAGAGTTGGCTT_015,42
TGACGCGATAGAGTTGGCTT_016,107
TGACGCGATAGAGTTGGCTT_017,172
TGACGCGATAGAGTTGGCTT_018,138
TGACGCGATAGAGTTGGCTT_019,175
TGACGCGATAGAGTTGGCTT_020,33
TGACGCGATAGAGTTGGCTT_021,81
TGACGCGATAGAGTTGGCTT_022,150
TGACGCGATAGAGTTGGCTT_023,75
TGACGCGATAGAGTTGGCTT_024,168
TGACGCGATAGAGTTGGCTT_025,136
TGACGCGATAGAGTTGGCTT_026,114
CTGGTCGCTGTCGTACCAGT_001,61
CTGGTCGCTGTCGTACCAGT_002,35
CTGGTCGCTGTCGTACCAGT_003,187
CTGGTCGCTGTCGTACCAGT_004,135
CTGGTCGCTGTCGTACCAGT_005,42
CTGGTCGCTGTCGTACCAGT_006,38
CTGGTCGCTGTCGTACCAGT_007,138
TGTGGCAGCTTCTGCAGACG_001,160
TTTAGAGCCCGGCCTGAACG_001,181
TTTAGAGCCCGGCCTGAACG_002,60
TTTAGAGCCCGGCCTGAACG_003,190
TTTAGAGCCCGGCCTGAACG_004,150
TTTAGAGCCCGGCCTGAACG_005,115
TTTAGAGCCCGGCCTGAACG_006,165
TTTAGAGCCCGGCCTGAACG_007,154
TTTAGAGCCCGGCCTGAACG_008,113
TTTAGAGCCCGGCCTGAACG_009,1
TTTAGAGCCCGGCCTGAACG_010,58
TTTAGAGCCCGGCCTGAACG_011,170
TTTAGAGCCCGGCCTGAACG_012,191
TTTAGAGCCCGGCCTGAACG_013,197
TTTAGAGCCCGGCCTGAACG_014,1
TTTAGAGCCCGGCCTGAACG_015,107
TTTAGAGCCCGGCCTGAACG_016,171
TTTAGAGCCCGGCCTGAACG_017,180
TTTAGAGCCCGGCCTGAACG_018,121
TTTAGAGCCCGGCCTGAACG_019,180
TTTAGAGCCCGGCCTGAACG_020,78
AGAGTGTGCACGACTGCTGG_001,115
AGAGTGTGCACGACTGCTGG_002,105
AGAGTGTGCACGACTGCTGG_003,188
AGAGTGTGCACGACTGCTGG_004,1
AGAGTGTGCACGACTGCTGG_005,88
AGAGTGTGCACGACTGCTGG_006,121
AGAGTGTGCACGACTGCTGG_007,156
AGAGTGTGCACGACTGCTGG_008,141
AGAGTGTGCACGACTGCTGG_009,136
AGAGTGTGCACGACTGCTGG_010,149
AGAGTGTGCACGACTGCTGG_011,199
AGAGTGTGCACGACTGCTGG_012,9
AGAGTGTGCACGACTGCTGG_013,108
AGAGTGTGCACGACTGCTGG_014,47
AGAGTGTGCACGACTGCTGG_015,41
AGAGTGTGCACGACTGCTGG_016,9
TCTGCTGGCGAACCACAACA_001,106
TCTGCTGGCGAACCACAACA_002,94
TCTGCTGGCGAACCACAACA_003,12
TCTGCTGGCGAACCACAACA_004,150
TCTGCTGGCGAACCACAACA_005,29
TCTGCTGGCGAACCACAACA_006,52
GATCACCAGCAAGATTGCGA_001,100
GATCACCAGCAAGATTGCGA_002,78
GATCACCAGCAAGATTGCGA_003,101
GATCACCAGCAAGATTGCGA_004,132
GATCACCAGCAAGATTGCGA_005,133
GATCACCAGCAAGATTGCGA_006,97
GATCACCAGCAAGATTGCGA_007,52
GATCACCAGCAAGATTGCGA_008,48
GATCACCAGCAAGATTGCGA_009,142
GATCACCAGCAAGATTGCGA_010,49
GATCACCAGCAAGATTGCGA_011,36
GATCACCAGCAAGATTGCGA_012,179
GATCACCAGCAAGATTGCGA_013,89
GATCACCAGCAAGATTGCGA_014,174
GATCACCAGCAAGATTGCGA_015,98
GATCACCAGCAAGATTGCGA_016,43
GATCACCAGCAAGATTGCGA_017,106
GATCACCAGCAAGATTGCGA_018,79
GATCACCAGCAAGATTGCGA_019,19
GATCACCAGCAAGATTGCGA_020,48
ATTTCACCCCACAATAATCG_001,23
ATTTCACCCCACAATAATCG_002,22
ATTTCACCCCACAATAATCG_003,136
ATTTCACCCCACAATAATCG_004,156
TGAATGTGTGATCAGGTTAG_001,163
TGAATGTGTGATCAGGTTAG_002,184
TGAATGTGTGATCAGGTTAG_003,101
TGAATGTGTGATCAGGTTAG_004,2
TGAATGTGTGATCAGGTTAG_005,106
TGAATGTGTGATCAGGTTAG_006,118
TGAATGTGTGATCAGGTTAG_007,135
TGAATGTGTGATCAGGTTAG_008,22
TGAATGTGTGATCAGGTTAG_009,174
TGAATGTGTGATCAGGTTAG_010,10
TGAATGTGTGATCAGGTTAG_011,126
TGAATGTGTGATCAGGTTAG_012,19
TGAATGTGTGATCAGGTTAG_013,147
AATTGATGTTAGAGAGATAT_001,124
AATTGATGTTAGAGAGATAT_002,185
GAAGTCCCCCATTTCGCACG_001,86
GAAGTCCCCCATTTCGCACG_002,83
GAAGTCCCCCATTTCGCACG_003,76
GAAGTCCCCCATTTCGCACG_004,69
GAAGTCCCCCATTTCGCACG_005,86
GAAGTCCCCCATTTCGCACG_006,115
GAAGTCCCCCATTTCGCACG_007,84
GAAGTCCCCCATTTCGCACG_008,75
GAAGTCCCCCATTTCGCACG_009,111
GAAGTCCCCCATTTCGCACG_010,146
GAAGTCCCCCATTTCGCACG_011,12
GAAGTCCCCCATTTCGCACG_012,139
GAAGTCCCCCATTTCGCACG_013,85
GAGGGAAACAGATTCTAGGG_001,149
GAGGGAAACAGATTCTAGGG_002,59
GAGGGAAACAGATTCTAGGG_003,185
TTACGAGTACACGGAAGCCG_001,158
TTACGAGTACACGGAAGCCG_002,63
TTACGAGTACACGGAAGCCG_003,74
TTACGAGTACACGGAAGCCG_004,44
TTACGAGTACACGGAAGCCG_005,115
TTACGAGTACACGGAAGCCG_006,34
TTACGAGTACACGGAAGCCG_007,118
AAGGTTTCGTGATCAGCTGT_001,171
AAGGTTTCGTGATCAGCTGT_002,187
AAGGTTTCGTGATCAGCTGT_003,102
AAGGTTTCGTGATCAGCTGT_004,84
AAGGTTTCGTGATCAGCTGT_005,106
AAGGTTTCGTGATCAGCTGT_006,180
AAGGTTTCGTGATCAGCTGT_007,161
AAGGTTTCGTGATCAGCTGT_008,108
AAGGTTTCGTGATCAGCTGT_009,60
AAGGTTTCGTGATCAGCTGT_010,17
AACCCCACACCATGCATACA_001,17
AACCCCACACCATGCATACA_002,153
AACCCCACACCATGCATACA_003,16
AACCCCACACCATGCATACA_004,85
AACCCCACACCATGCATACA_005,124
AACCCCACACCATGCATACA_006,116
AACCCCACACCATGCATACA_007,165
AACCCCACACCATGCATACA_008,183
AACCCCACACCATGCATACA_009,42
AACCCCACACCATGCATACA_010,102
AACCCCACACCATGCATACA_011,170
AACCCCACACCATGCATACA_012,134
AACCCCACACCATGCATACA_013,105
AACCCCACACCATGCATACA_014,6
AACCCCACACCATGCATACA_015,90
AACCCCACACCATGCATACA_016,68
AACCCCACACCATGCATACA_017,43
AACCCCACACCATGCATACA_018,168
AACCCCACACCATGCATACA_019,103
AACCCCACACCATGCATACA_020,15
AACCCCACACCATGCATACA_021,165
AACCCCACACCATGCATACA_022,152
AACCCCACACCATGCATACA_023,14
AACCCCACACCATGCATACA_024,175
CAACTTCTGTGGCCCCAATG_001,59
CAACTTCTGTGGCCCCAATG_002,43
CAACTTCTGTGGCCCCAATG_003,19
CAACTTCTGTGGCCCCAATG_004,7
CAACTTCTGTGGCCCCAATG_005,30
CAACTTCTGTGGCCCCAATG_006,141
CAACTTCTGTGGCCCCAATG_007,8
CAACTTCTGTGGCCCCAATG_008,5
CAACTTCTGTGGCCCCAATG_009,29
CAACTTCTGTGGCCCCAATG_010,75
CAACTTCTGTGGCCCCAATG_011,154
CAACTTCTGTGGCCCCAATG_012,130
CAACTTCTGTGGCCCCAATG_013,136
CAACTTCTGTGGCCCCAATG_014,88
CAACTTCTGTGGCCCCAATG_015,148
CACTATGCTCTTGATCAAGA_001,154
CACTATGCTCTTGATCAAGA_002,154
CACTATGCTCTTGATCAAGA_003,69
CACTATGCTCTTGATCAAGA_004,69
CTGGCCAACTTCAAACCCCG_001,192
CTGGCCAACTTCAAACCCCG_002,77
CTGGCCAACTTCAAACCCCG_003,137
CTGGCCAACTTCAAACCCCG_004,3
CTGGCCAACTTCAAACCCCG_005,68
CTGGCCAACTTCAAACCCCG_006,45
CTGGCCAACTTCAAACCCCG_007,177
CTGGCCAACTTCAAACCCCG_008,172
CTGGCCAACTTCAAACCCCG_009,129
CTGGCCAACTTCAAACCCCG_010,142
CTGGCCAACTTCAAACCCCG_011,148
CTGGCCAACTTCAAACCCCG_012,177
CTGGCCAACTTCAAACCCCG_013,186
CTGGCCAACTTCAAACCCCG_014,65
CTGGCCAACTTCAAACCCCG_015,37
CTGGCCAACTTCAAACCCCG_016,197
GCCAAACTGACAGAAATGCG_001,94
GCCAAACTGACAGAAATGCG_002,175
GCCAAACTGACAGAAATGCG_003,94
GCCAAACTGACAGAAATGCG_004,161
GCCAAACTGACAGAAATGCG_005,192
GCCAAACTGACAGAAATGCG_006,108
GCCAAACTGACAGAAATGCG_007,56
GCCAAACTGACAGAAATGCG_008,88
GCCAAACTGACAGAAATGCG_009,77
GCCAAACTGACAGAAATGCG_010,121
GCCAAACTGACAGAAATGCG_011,126
GCCAAACTGACAGAAATGCG_012,103
GGGATGGAACTACATTCTTG_001,16
GGGATGGAACTACATTCTTG_002,76
ACATGTCCGGTCTAAGACCA_001,162
ACATGTCCGGTCTAAGACCA_002,45
ACATGTCCGGTCTAAGACCA_003,2
ACATGTCCGGTCTAAGACCA_004,115
ACATGTCCGGTCTAAGACCA_005,8
ACATGTCCGGTCTAAGACCA_006,100
ACATGTCCGGTCTAAGACCA_007,6
ACATGTCCGGTCTAAGACCA_008,34
ACATGTCCGGTCTAAGACCA_009,34
AATTGAATTGGCTACAGGGG_001,140
AATTGAATTGGCTACAGGGG_002,123
AATTGAATTGGCTACAGGGG_003,162
AATTGAATTGGCTACAGGGG_004,157
AATTGAATTGGCTACAGGGG_005,40
AATTGAATTGGCTACAGGGG_006,151
AATTGAATTGGCTACAGGGG_007,55
AATTGAATTGGCTACAGGGG_008,134
AGATGAGTTAGACCACACTG_001,104
AGATGAGTTAGACCACACTG_002,33
AGATGAGTTAGACCACACTG_003,144
AGATGAGTTAGACCACACTG_004,123
AGATGAGTTAGACCACACTG_005,1
AGATGAGTTAGACCACACTG_006,194
AGATGAGTTAGACCACACTG_007,194
GAGTCACATCTGAAAACATG_001,194
GAGTCACATCTGAAAACATG_002,92
GAGTCACATCTGAAAACATG_003,7
GAGTCACATCTGAAAACATG_004,65
GAGTCACATCTGAAAACATG_005,34
GAGTCACATCTGAAAACATG_006,69
AACTACAAGACCTTCATCCG_001,84
AACTACAAGACCTTCATCCG_002,34
AACTACAAGACCTTCATCCG_003,176
AACTACAAGACCTTCATCCG_004,51
AACTACAAGACCTTCATCCG_005,17
AACTACAAGACCTTCATCCG_006,60
AACTACAAGACCTTCATCCG_007,94
AACTACAAGACCTTCATCCG_008,148
AACTACAAGACCTTCATCCG_009,158
AACTACAAGACCTTCATCCG_010,190
AACTACAAGACCTTCATCCG_011,68
AACTACAAGACCTTCATCCG_012,68
AACTACAAGACCTTCATCCG_013,175
CCTCCACTGGAAGACACGGT_001,54
CCTCCACTGGAAGACACGGT_002,118
CCTCCACTGGAAGACACGGT_003,175
CCTCCACTGGAAGACACGGT_004,50
CCTCCACTGGAAGACACGGT_005,13
CCTCCACTGGAAGACACGGT_006,160
CCTCCACTGGAAGACACGGT_007,70
CCTCCACTGGAAGACACGGT_008,21
CCTCCACTGGAAGACACGGT_009,76
GTAGCCATCTCCTATATACA_001,81
ACGTGCCTTAAGGGCTACGC_001,141
ACGTGCCTTAAGGGCTACGC_002,117
ACGTGCCTTAAGGGCTACGC_003,78
ACGTGCCTTAAGGGCTACGC_004,83
CAAGTAACCATACCAGACCT_001,68
CAAGTAACCATACCAGACCT_002,96
AAATCAAGCAATGTACCAAG_001,1
AAATCAAGCAATGTACCAAG_002,91
GGGCCACAACGTGATCGCGC_001,128
GGGCCACAACGTGATCGCGC_002,28
GGGCCACAACGTGATCGCGC_003,186
GGGCCACAACGTGATCGCGC_004,158
TGGGTGCTAAACAGCACACG_001,43
TGGGTGCTAAACAGCACACG_002,66
TGGGTGCTAAACAGCACACG_003,97
TGGGTGCTAAACAGCACACG_004,103
TGGGTGCTAAACAGCACACG_005,169
TGGGTGCTAAACAGCACACG_006,57
TGGGTGCTAAACAGCACACG_007,148
TGGGTGCTAAACAGCACACG_008,74
TGGGTGCTAAACAGCACACG_009,50
TGGGTGCTAAACAGCACACG_010,80
CAGGACGAGCTGAGCCGCGG_001,147
CAGGACGAGCTGAGCCGCGG_002,115
CAGGACGAGCTGAGCCGCGG_003,191
CAGGACGAGCTGAGCCGCGG_004,76
CAGGACGAGCTGAGCCGCGG_005,189
CAGGACGAGCTGAGCCGCGG_006,27
CAGGACGAGCTGAGCCGCGG_007,183
CTCTAATTCTAGGTGCCAAT_001,116
CTCTAATTCTAGGTGCCAAT_002,74
CTCTAATTCTAGGTGCCAAT_003,155
CTCTAATTCTAGGTGCCAAT_004,3
CTCTAATTCTAGGTGCCAAT_005,115
CTCTAATTCTAGGTGCCAAT_006,146
CTCTAATTCTAGGTGCCAAT_007,43
TAGACGATATTGCCTATGTG_001,146
TAGACGATATTGCCTATGTG_002,191
TAGACGATATTGCCTATGTG_003,144
TAGACGATATTGCCTATGTG_004,27
TAGACGATATTGCCTATGTG_005,26
TAGACGATATTGCCTATGTG_006,46
ATATGATCACTCCCAACGGG_001,107
ATATGATCACTCCCAACGGG_002,78
ATATGATCACTCCCAACGGG_003,88
ATATGATCACTCCCAACGGG_004,192
ATATGATCACTCCCAACGGG_005,29
ATATGATCACTCCCAACGGG_006,119
ATATGATCACTCCCAACGGG_007,12
ATATGATCACTCCCAACGGG_008,149
ATATGATCACTCCCAACGGG_009,84
ATATGATCACTCCCAACGGG_010,94
ATATGATCACTCCCAACGGG_011,38
ATATGATCACTCCCAACGGG_012,2
ATATGATCACTCCCAACGGG_013,162
ATATGATCACTCCCAACGGG_014,145
ATATGATCACTCCCAACGGG_015,68
ATATGATCACTCCCAACGGG_016,154
ATATGATCACTCCCAACGGG_017,88
ATATGATCACTCCCAACGGG_018,46
ATATGATCACTCCCAACGGG_019,43
ATATGATCACTCCCAACGGG_020,37
ATATGATCACTCCCAACGGG_021,157
AGTGGAGTACACGCCTTACG_001,125
AGTGGAGTACACGCCTTACG_002,155
AGTGGAGTACACGCCTTACG_003,195
AGTGGAGTACACGCCTTACG_004,123
AGTGGAGTACACGCCTTACG_005,53
AGTGGAGTACACGCCTTACG_006,78
AGTGGAGTACACGCCTTACG_007,160
GTGCGTGGTGAACTCACGAC_001,101
GTGCGTGGTGAACTCACGAC_002,147
GTGCGTGGTGAACTCACGAC_003,62
GTGCGTGGTGAACTCACGAC_004,105
GTGCGTGGTGAACTCACGAC_005,58
GTGCGTGGTGAACTCACGAC_006,192
GTGCGTGGTGAACTCACGAC_007,188
GTGCGTGGTGAACTCACGAC_008,145
GTGCGTGGTGAACTCACGAC_009,36
GTGCGTGGTGAACTCACGAC_010,161
GTGCGTGGTGAACTCACGAC_011,70
GTGCGTGGTGAACTCACGAC_012,126
GTGCGTGGTGAACTCACGAC_013,129
CGCTCACCTGCACACCAGCG_001,152
CGCTCACCTGCACACCAGCG_002,77
CGCTCACCTGCACACCAGCG_003,130
CGCTCACCTGCACACCAGCG_004,92
CGCTCACCTGCACACCAGCG_005,177
CGCTCACCTGCACACCAGCG_006,189
CGCTCACCTGCACACCAGCG_007,183
CGCTCACCTGCACACCAGCG_008,176
CGCTCACCTGCACACCAGCG_009,126
CGCTCACCTGCACACCAGCG_010,198
CGCTCACCTGCACACCAGCG_011,28
CCTAGAAATTCCAATCAGTG_001,115
CCTAGAAATTCCAATCAGTG_002,153
CCTAGAAATTCCAATCAGTG_003,184
CCCTGGCGTTACCTTGATGG_001,172
CCCTGGCGTTACCTTGATGG_002,72
CCCTGGCGTTACCTTGATGG_003,25
CCCTGGCGTTACCTTGATGG_004,182
CCCTGGCGTTACCTTGATGG_005,94
GGATGCTAACAAGCCCACAA_001,191
GGATGCTAACAAGCCCACAA_002,179
GGATGCTAACAAGCCCACAA_003,48
GGATGCTAACAAGCCCACAA_004,99
GGATGCTAACAAGCCCACAA_005,15
GGATGCTAACAAGCCCACAA_006,152
GGATGCTAACAAGCCCACAA_007,36
GGATGCTAACAAGCCCACAA_008,102
GGATGCTAACAAGCCCACAA_009,160
GGATGCTAACAAGCCCACAA_010,68
GGATGCTAACAAGCCCACAA_011,80
GGATGCTAACAAGCCCACAA_012,22
GGATGCTAACAAGCCCACAA_013,162
GGATGCTAACAAGCCCACAA_014,105
GGATGCTAACAAGCCCACAA_015,9
GGATGCTAACAAGCCCACAA_016,166
GGATGCTAACAAGCCCACAA_017,97
GGATGCTAACAAGCCCACAA_018,102
GGATGCTAACAAGCCCACAA_019,168
GGATGCTAACAAGCCCACAA_020,105
GGATGCTAACAAGCCCACAA_021,184
GGATGCTAACAAGCCCACAA_022,144
GGATGCTAACAAGCCCACAA_023,115
GGATGCTAACAAGCCCACAA_024,166
GGATGCTAACAAGCCCACAA_025,78
GGATGCTAACAAGCCCACAA_026,56
GGATGCTAACAAGCCCACAA_027,120
AGGAAAAACTCCTGTTGATG_001,15
AGGAAAAACTCCTGTTGATG_002,8
AGGAAAAACTCCTGTTGATG_003,198
AGGAAAAACTCCTGTTGATG_004,55
TCAGTACTAAGAGCAAGGTA_001,68
TCAGTACTAAGAGCAAGGTA_002,98
TCAGTACTAAGAGCAAGGTA_003,59
TCAGTACTAAGAGCAAGGTA_004,38
TCAGTACTAAGAGCAAGGTA_005,91
TCAGTACTAAGAGCAAGGTA_006,61
TCAGTACTAAGAGCAAGGTA_007,65
TCAGTACTAAGAGCAAGGTA_008,35
TCAGTACTAAGAGCAAGGTA_009,13
TCAGTACTAAGAGCAAGGTA_010,88
TCAGTACTAAGAGCAAGGTA_011,146
TCAGTACTAAGAGCAAGGTA_012,172
TCAGTACTAAGAGCAAGGTA_013,19
TCAGTACTAAGAGCAAGGTA_014,76
TGCACCCAACGGCACGCTGG_001,81
TGCACCCAACGGCACGCTGG_002,19
TGCACCCAACGGCACGCTGG_003,119
TGCACCCAACGGCACGCTGG_004,129
TGCACCCAACGGCACGCTGG_005,129
TGCACCCAACGGCACGCTGG_006,32
TGCACCCAACGGCACGCTGG_007,176
TGCACCCAACGGCACGCTGG_008,69
TGCACCCAACGGCACGCTGG_009,82
TGCACCCAACGGCACGCTGG_010,193
TGCACCCAACGGCACGCTGG_011,17
TGCACCCAACGGCACGCTGG_012,118
TGCACCCAACGGCACGCTGG_013,165
TGCACCCAACGGCACGCTGG_014,41
TGCACCCAACGGCACGCTGG_015,146
TTTATCTTCACTATACTGTG_001,7
TTTATCTTCACTATACTGTG_002,192
TTTATCTTCACTATACTGTG_003,120
TTTATCTTCACTATACTGTG_004,161
TTTATCTTCACTATACTGTG_005,177
TTTATCTTCACTATACTGTG_006,169
TTTATCTTCACTATACTGTG_007,102
TTTATCTTCACTATACTGTG_008,114
TTTATCTTCACTATACTGTG_009,127
TTTATCTTCACTATACTGTG_010,198
AGGACGGGTTCAAGTCCATG_001,94
AGGACGGGTTCAAGTCCATG_002,197
AGGACGGGTTCAAGTCCATG_003,119
AGGACGGGTTCAAGTCCATG_004,94
AGGACGGGTTCAAGTCCATG_005,0
AGGACGGGTTCAAGTCCATG_006,97
AGGACGGGTTCAAGTCCATG_007,108
AGGACGGGTTCAAGTCCATG_008,81
AGGACGGGTTCAAGTCCATG_009,190
AGGACGGGTTCAAGTCCATG_010,140
AGGACGGGTTCAAGTCCATG_011,140
AGGACGGGTTCAAGTCCATG_012,121
AGGACGGGTTCAAGTCCATG_013,34
AGGACGGGTTCAAGTCCATG_014,48
AGGACGGGTTCAAGTCCATG_015,69
AGGACGGGTTCAAGTCCATG_016,48
AGGACGGGTTCAAGTCCATG_017,43
AGGACGGGTTCAAGTCCATG_018,168
AGGACGGGTTCAAGTCCATG_019,66
GACGGTTCTCTATGAGGATG_001,148
GACGGTTCTCTATGAGGATG_002,42
GACGGTTCTCTATGAGGATG_003,4
GACGGTTCTCTATGAGGATG_004,28
GAATATGCTGGACACCCGAG_001,5
GAATATGCTGGACACCCGAG_002,16
GAATATGCTGGACACCCGAG_003,34
GCCTACTACAGGAACTCAGT_001,193
GCCTACTACAGGAACTCAGT_002,141
GCCTACTACAGGAACTCAGT_003,172
AGGCTATCAAATGGACCCGG_001,1
AGGCTATCAAATGGACCCGG_002,199
AGGCTATCAAATGGACCCGG_003,29
AGGCTATCAAATGGACCCGG_004,54
AGGCTATCAAATGGACCCGG_005,170
AGGCTATCAAATGGACCCGG_006,141
AGGCTATCAAATGGACCCGG_007,74
AGGCTATCAAATGGACCCGG_008,198
AGGCTATCAAATGGACCCGG_009,158
AGGCTATCAAATGGACCCGG_010,0
AGGCTATCAAATGGACCCGG_011,127
AGGCTATCAAATGGACCCGG_012,43
AGGCTATCAAATGGACCCGG_013,34
GGCCGAGCTCTATGCACAGG_001,48
GGCCGAGCTCTATGCACAGG_002,49
GGCCGAGCTCTATGCACAGG_003,174
GGCCGAGCTCTATGCACAGG_004,60
GGCCGAGCTCTATGCACAGG_005,156
GGCCGAGCTCTATGCACAGG_006,46
GGCCGAGCTCTATGCACAGG_007,168
GGCCGAGCTCTATGCACAGG_008,180
TATCAGCAGCTATTCAAGGG_001,166
TATCAGCAGCTATTCAAGGG_002,18
TATCAGCAGCTATTCAAGGG_003,191
TATCAGCAGCTATTCAAGGG_004,149
AGGTGATAAAAATTAGACCA_001,67
AGGTGATAAAAATTAGACCA_002,176
AGGTGATAAAAATTAGACCA_003,64
GAAGGCCCACCAGTATACTG_001,140
GAAGGCCCACCAGTATACTG_002,8
GAAGGCCCACCAGTATACTG_003,157
GAAGGCCCACCAGTATACTG_004,81
GAAGGCCCACCAGTATACTG_005,14
GAAGGCCCACCAGTATACTG_006,173
GAAGGCCCACCAGTATACTG_007,182
GAAGGCCCACCAGTATACTG_008,4
GAAGGCCCACCAGTATACTG_009,197
GAAGGCCCACCAGTATACTG_010,120
ACATCACACAACTCCTCGAG_001,15
CCTGCGGGACTTTGAAACCA_001,183
CCTGCGGGACTTTGAAACCA_002,49
CCTGCGGGACTTTGAAACCA_003,49
CCTGCGGGACTTTGAAACCA_004,185
CCTGCGGGACTTTGAAACCA_005,168
CCTGCGGGACTTTGAAACCA_006,34
CCTGCGGGACTTTGAAACCA_007,158
CCTGCGGGACTTTGAAACCA_008,168
CCTGCGGGACTTTGAAACCA_009,88
CCTGCGGGACTTTGAAACCA_010,81
CCTGCGGGACTTTGAAACCA_011,148
CCTGCGGGACTTTGAAACCA_012,80
CCTGCGGGACTTTGAAACCA_013,138
CCTGCGGGACTTTGAAACCA_014,56
CCTGCGGGACTTTGAAACCA_015,124
CCTGCGGGACTTTGAAACCA_016,124
AGAAGGCGAACGACGACTTG_001,77
AGAAGGCGAACGACGACTTG_002,151
AGAAGGCGAACGACGACTTG_003,69
AGAAGGCGAACGACGACTTG_004,20
AGAAGGCGAACGACGACTTG_005,162
AGAAGGCGAACGACGACTTG_006,141
AGAAGGCGAACGACGACTTG_007,67
AGAAGGCGAACGACGACTTG_008,162
AGAAGGCGAACGACGACTTG_009,163
AGAAGGCGAACGACGACTTG_010,94
AGAAGGCGAACGACGACTTG_011,68
AACAAAGATGGACAAGCCTT_001,60
AACAAAGATGGACAAGCCTT_002,101
AACAAAGATGGACAAGCCTT_003,183
AACAAAGATGGACAAGCCTT_004,77
AACAAAGATGGACAAGCCTT_005,77
CATCCCCACTCTGCTTCGAG_001,193
CATCCCCACTCTGCTTCGAG_002,5
CATCCCCACTCTGCTTCGAG_003,26
CATCCCCACTCTGCTTCGAG_004,82
CATCCCCACTCTGCTTCGAG_005,6
CATCCCCACTCTGCTTCGAG_006,196
CATCCCCACTCTGCTTCGAG_007,92
CATCCCCACTCTGCTTCGAG_008,19
CATCCCCACTCTGCTTCGAG_009,83
CATCCCCACTCTGCTTCGAG_010,22
CATCCCCACTCTGCTTCGAG_011,141
CATCCCCACTCTGCTTCGAG_012,109
CATCCCCACTCTGCTTCGAG_013,103
CATCCCCACTCTGCTTCGAG_014,159
CATCCCCACTCTGCTTCGAG_015,41
CATCCCCACTCTGCTTCGAG_016,113
CATCCCCACTCTGCTTCGAG_017,28
CATCCCCACTCTGCTTCGAG_018,138
CATCCCCACTCTGCTTCGAG_019,106
CATCCCCACTCTGCTTCGAG_020,116
GATCAAGTTGCCCCACACAC_001,60
GATCAAGTTGCCCCACACAC_002,116
GATCAAGTTGCCCCACACAC_003,44
GATCAAGTTGCCCCACACAC_004,42
GATCAAGTTGCCCCACACAC_005,73
GATCAAGTTGCCCCACACAC_006,35
GATCAAGTTGCCCCACACAC_007,185
GATCAAGTTGCCCCACACAC_008,41
GATCAAGTTGCCCCACACAC_009,183
GATCAAGTTGCCCCACACAC_010,64
GATCAAGTTGCCCCACACAC_011,61
GATCAAGTTGCCCCACACAC_012,199
GATCAAGTTGCCCCACACAC_013,40
GATCAAGTTGCCCCACACAC_014,4
GATCAAGTTGCCCCACACAC_015,48
GATCAAGTTGCCCCACACAC_016,39
GATCAAGTTGCCCCACACAC_017,39
GATCAAGTTGCCCCACACAC_018,77
GCACTTGCCTGGATTAGGGA_001,175
GCACTTGCCTGGATTAGGGA_002,120
GCACTTGCCTGGATTAGGGA_003,160
GCACTTGCCTGGATTAGGGA_004,114
GCACTTGCCTGGATTAGGGA_005,39
GCAGCAAAGCACATACAGAG_001,149
GCAGCAAAGCACATACAGAG_002,106
GCAGCAAAGCACATACAGAG_003,63
GCAGCAAAGCACATACAGAG_004,105
GGAAGTAGGCGGAATCCACG_001,12
GGAAGTAGGCGGAATCCACG_002,107
GGAAGTAGGCGGAATCCACG_003,70
GGAAGTAGGCGGAATCCACG_004,151
GGAAGTAGGCGGAATCCACG_005,100
GGAAGTAGGCGGAATCCACG_006,7
GGAAGTAGGCGGAATCCACG_007,126
GGAAGTAGGCGGAATCCACG_008,44
GGAAGTAGGCGGAATCCACG_009,48
GGAAGTAGGCGGAATCCACG_010,117
GGAAGTAGGCGGAATCCACG_011,144
GGAAGTAGGCGGAATCCACG_012,29
GGAAGTAGGCGGAATCCACG_013,136
GTTTCATGGCCAGGAAAATG_001,11
GTTTCATGGCCAGGAAAATG_002,88
GCCTCTACTATGGAGTAATG_001,23
GCCTCTACTATGGAGTAATG_002,171
GCCTCTACTATGGAGTAATG_003,199
GCCTCTACTATGGAGTAATG_004,199
GCCTCTACTATGGAGTAATG_005,48
GCCTCTACTATGGAGTAATG_006,184
GCCTCTACTATGGAGTAATG_007,49
GCCTCTACTATGGAGTAATG_008,94
GCCTCTACTATGGAGTAATG_009,35
GCCTCTACTATGGAGTAATG_010,168
GCCTCTACTATGGAGTAATG_011,174
GCCTCTACTATGGAGTAATG_012,168
GCCTCTACTATGGAGTAATG_013,145
GCCTCTACTATGGAGTAATG_014,65
TTGTTGCCTTCACAACCAGG_001,33
TTGTTGCCTTCACAACCAGG_002,24
TTGTTGCCTTCACAACCAGG_003,8
GGACCTCGAGTGGTCCGAGG_001,188
GGACCTCGAGTGGTCCGAGG_002,68
GGACCTCGAGTGGTCCGAGG_003,78
CGGACGCGCCCTCTTCGCCG_001,1
CGGACGCGCCCTCTTCGCCG_002,36
CGGACGCGCCCTCTTCGCCG_003,153
CGGACGCGCCCTCTTCGCCG_004,101
CGGACGCGCCCTCTTCGCCG_005,63
CGGACGCGCCCTCTTCGCCG_006,190
CGGACGCGCCCTCTTCGCCG_007,137
CGGACGCGCCCTCTTCGCCG_008,19
ATTAACAAAAAGAATGCTGG_001,184
ATTAACAAAAAGAATGCTGG_002,182
ATTAACAAAAAGAATGCTGG_003,72
GGTCTTCGGCACCTAGCGGG_001,119
GGTCTTCGGCACCTAGCGGG_002,53
GGTCTTCGGCACCTAGCGGG_003,19
GGTCTTCGGCACCTAGCGGG_004,19
GGTCTTCGGCACCTAGCGGG_005,181
GGTCTTCGGCACCTAGCGGG_006,155
GGTCTTCGGCACCTAGCGGG_007,80
GGTCTTCGGCACCTAGCGGG_008,40
CTGGGCAGGTGATTCCGTGA_001,42
CTGGGCAGGTGATTCCGTGA_002,42
CTGGGCAGGTGATTCCGTGA_003,2
CTGGGCAGGTGATTCCGTGA_004,33
GTCCGTGGCTTGTTGAACAA_001,29
GTCCGTGGCTTGTTGAACAA_002,116
GTCCGTGGCTTGTTGAACAA_003,118
GTCCGTGGCTTGTTGAACAA_004,181
GTCCGTGGCTTGTTGAACAA_005,114
GTCCGTGGCTTGTTGAACAA_006,27
GTCCGTGGCTTGTTGAACAA_007,129
GTCCGTGGCTTGTTGAACAA_008,199
GTCCGTGGCTTGTTGAACAA_009,16
GTCCGTGGCTTGTTGAACAA_010,172
GTCCGTGGCTTGTTGAACAA_011,88
GTCCGTGGCTTGTTGAACAA_012,57
GTCCGTGGCTTGTTGAACAA_013,22
GTCCGTGGCTTGTTGAACAA_014,51
GTCCGTGGCTTGTTGAACAA_015,176
GTCCGTGGCTTGTTGAACAA_016,68
GTCCGTGGCTTGTTGAACAA_017,105
GTCCGTGGCTTGTTGAACAA_018,61
GTCCGTGGCTTGTTGAACAA_019,1
GTCCGTGGCTTGTTGAACAA_020,177
GTCCGTGGCTTGTTGAACAA_021,77
GTCCGTGGCTTGTTGAACAA_022,42
GTCCGTGGCTTGTTGAACAA_023,102
CACAGTGAGAAACCCGAACT_001,17
CACAGTGAGAAACCCGAACT_002,162
CACAGTGAGAAACCCGAACT_003,149
CACAGTGAGAAACCCGAACT_004,2
CACAGTGAGAAACCCGAACT_005,41
CACAGTGAGAAACCCGAACT_006,104
GATGAGGGATCATGAACGAA_001,22
GATGAGGGATCATGAACGAA_002,77
GATGAGGGATCATGAACGAA_003,191
GATGAGGGATCATGAACGAA_004,76
GATGAGGGATCATGAACGAA_005,160
TTGTTGATATAATCCCAGCA_001,26
TTGTTGATATAATCCCAGCA_002,76
AGCTCGACGCTTACTCTTGG_001,160
AGCTCGACGCTTACTCTTGG_002,82
AGCTCGACGCTTACTCTTGG_003,1
AGCTCGACGCTTACTCTTGG_004,81
AGCTCGACGCTTACTCTTGG_005,6
AGCTCGACGCTTACTCTTGG_006,5
AGCTCGACGCTTACTCTTGG_007,81
AGCTCGACGCTTACTCTTGG_008,138
AGCTCGACGCTTACTCTTGG_009,124
GGGCACTGAGGTCGGCACTT_001,78
GGGCACTGAGGTCGGCACTT_002,127
GGGCACTGAGGTCGGCACTT_003,48
GGGCACTGAGGTCGGCACTT_004,136
GGGCACTGAGGTCGGCACTT_005,140
GGGCACTGAGGTCGGCACTT_006,65
GGGCACTGAGGTCGGCACTT_007,191
GGGCACTGAGGTCGGCACTT_008,194
GGGCACTGAGGTCGGCACTT_009,17
GGGCACTGAGGTCGGCACTT_010,76
GGGCACTGAGGTCGGCACTT_011,187
GGGCACTGAGGTCGGCACTT_012,117
GGGCACTGAGGTCGGCACTT_013,105
AAGAACTGAGTGTCGTGCTG_001,49
AAGAACTGAGTGTCGTGCTG_002,11
AAGAACTGAGTGTCGTGCTG_003,159
AAGAACTGAGTGTCGTGCTG_004,106
AAGAACTGAGTGTCGTGCTG_005,188
AAGAACTGAGTGTCGTGCTG_006,18
AAGAACTGAGTGTCGTGCTG_007,34
AAGAACTGAGTGTCGTGCTG_008,22
AAGAACTGAGTGTCGTGCTG_009,159
AAGAACTGAGTGTCGTGCTG_010,31
AAGAACTGAGTGTCGTGCTG_011,105
AAGAACTGAGTGTCGTGCTG_012,175
AAGAACTGAGTGTCGTGCTG_013,76
AAGAACTGAGTGTCGTGCTG_014,70
AAGAACTGAGTGTCGTGCTG_015,133
AAGAACTGAGTGTCGTGCTG_016,102
GTGCCTACCAATCTCAGTCG_001,156
GTGCCTACCAATCTCAGTCG_002,83
GTGCCTACCAATCTCAGTCG_003,150
GTGCCTACCAATCTCAGTCG_004,4
GTGCCTACCAATCTCAGTCG_005,104
GTGCCTACCAATCTCAGTCG_006,112
GTGCCTACCAATCTCAGTCG_007,87
GTGCCTACCAATCTCAGTCG_008,101
GTGCCTACCAATCTCAGTCG_009,196
TGATGGCTTCATCGACAAAG_001,137
TGATGGCTTCATCGACAAAG_002,160
TGATGGCTTCATCGACAAAG_003,52
TGATGGCTTCATCGACAAAG_004,182
TGATGGCTTCATCGACAAAG_005,75
TGATGGCTTCATCGACAAAG_006,31
TGATGGCTTCATCGACAAAG_007,166
GAGATGCCGGCAGTTCACTG_001,49
GAGATGCCGGCAGTTCACTG_002,105
GAGATGCCGGCAGTTCACTG_003,199
GAGATGCCGGCAGTTCACTG_004,87
GAGATGCCGGCAGTTCACTG_005,102
GAGATGCCGGCAGTTCACTG_006,94
GAGATGCCGGCAGTTCACTG_007,118
GAGATGCCGGCAGTTCACTG_008,33
GAGATGCCGGCAGTTCACTG_009,61
GAGATGCCGGCAGTTCACTG_010,28
GAGATGCCGGCAGTTCACTG_011,62
GAGATGCCGGCAGTTCACTG_012,37
GAGATGCCGGCAGTTCACTG_013,169
GAGATGCCGGCAGTTCACTG_014,17
GAGATGCCGGCAGTTCACTG_015,70
GAGATGCCGGCAGTTCACTG_016,170
GAGATGCCGGCAGTTCACTG_017,120
GAGATGCCGGCAGTTCACTG_018,58
GAGATGCCGGCAGTTCACTG_019,4
GAGATGCCGGCAGTTCACTG_020,36
GAGATGCCGGCAGTTCACTG_021,124
GAGATGCCGGCAGTTCACTG_022,101
GAGATGCCGGCAGTTCACTG_023,156
GAGATGCCGGCAGTTCACTG_024,121
GAGATGCCGGCAGTTCACTG_025,27
GAGATGCCGGCAGTTCACTG_026,151
GAGATGCCGGCAGTTCACTG_027,76
GAGATGCCGGCAGTTCACTG_028,26
GAGATGCCGGCAGTTCACTG_029,135
GAGATGCCGGCAGTTCACTG_030,178
GAGATGCCGGCAGTTCACTG_031,34
GAGATGCCGGCAGTTCACTG_032,121
GAGATGCCGGCAGTTCACTG_033,118
GAGATGCCGGCAGTTCACTG_034,62
GAGATGCCGGCAGTTCACTG_035,16
GAGATGCCGGCAGTTCACTG_036,167
GAGATGCCGGCAGTTCACTG_037,41
GAGATGCCGGCAGTTCACTG_038,33
GAGATGCCGGCAGTTCACTG_039,47
GAGATGCCGGCAGTTCACTG_040,106
GAGATGCCGGCAGTTCACTG_041,148
GAGATGCCGGCAGTTCACTG_042,23
GAGATGCCGGCAGTTCACTG_043,70
GAGATGCCGGCAGTTCACTG_044,31
GAGATGCCGGCAGTTCACTG_045,52
TCTAGAAGGATTCAGCTCGA_001,48
GGGCCAGAGGAGAACGTGAG_001,113
GGGCCAGAGGAGAACGTGAG_002,105
GGGCCAGAGGAGAACGTGAG_003,169
GGGCCAGAGGAGAACGTGAG_004,23
GGGCCAGAGGAGAACGTGAG_005,159
GGGCCAGAGGAGAACGTGAG_006,173
GGGCCAGAGGAGAACGTGAG_007,176
GGGCCAGAGGAGAACGTGAG_008,142
GGGCCAGAGGAGAACGTGAG_009,14
GGGCCAGAGGAGAACGTGAG_010,60
GGGCCAGAGGAGAACGTGAG_011,96
GGGCCAGAGGAGAACGTGAG_012,50
GGGCCAGAGGAGAACGTGAG_013,181
GGGCCAGAGGAGAACGTGAG_014,145
GGGCCAGAGGAGAACGTGAG_015,80
GGGCCAGAGGAGAACGTGAG_016,150
GGGCCAGAGGAGAACGTGAG_017,130
GGGCCAGAGGAGAACGTGAG_018,19
GGGCCAGAGGAGAACGTGAG_019,29
GGGCCAGAGGAGAACGTGAG_020,8
GGGCCAGAGGAGAACGTGAG_021,169
GGGCCAGAGGAGAACGTGAG_022,78
GGGCCAGAGGAGAACGTGAG_023,60
GGGCCAGAGGAGAACGTGAG_024,160
GGGCCAGAGGAGAACGTGAG_025,22
GGGCCAGAGGAGAACGTGAG_026,40
GGGCCAGAGGAGAACGTGAG_027,43
GGGCCAGAGGAGAACGTGAG_028,168
GGGCCAGAGGAGAACGTGAG_029,160
GGGCCAGAGGAGAACGTGAG_030,166
GGGCCAGAGGAGAACGTGAG_031,123
GGGCCAGAGGAGAACGTGAG_032,188
GGGCCAGAGGAGAACGTGAG_033,145
CATGTTCATTATCAACCTCG_001,28
CATGTTCATTATCAACCTCG_002,144
CATGTTCATTATCAACCTCG_003,146
CATGTTCATTATCAACCTCG_004,79
CATGTTCATTATCAACCTCG_005,158
CATGTTCATTATCAACCTCG_006,42
CATGTTCATTATCAACCTCG_007,169
CATGTTCATTATCAACCTCG_008,164
CATGTTCATTATCAACCTCG_009,164
GTAGAACTGAAAGTTGGCTC_001,151
GTAGAACTGAAAGTTGGCTC_002,1
GTAGAACTGAAAGTTGGCTC_003,88
GTAGAACTGAAAGTTGGCTC_004,199
CATCTAGGGATTTCACCTCG_001,52
CATCTAGGGATTTCACCTCG_002,156
CATCTAGGGATTTCACCTCG_003,92
CATCTAGGGATTTCACCTCG_004,30
CATCTAGGGATTTCACCTCG_005,158
CATCTAGGGATTTCACCTCG_006,170
CATCTAGGGATTTCACCTCG_007,19
CATCTAGGGATTTCACCTCG_008,193
GTGTTCTACGTAATTCTGCA_001,137
GTGTTCTACGTAATTCTGCA_002,198
ATTCCCACTAAAAATATCGA_001,36
ATTCCCACTAAAAATATCGA_002,31
ATTCCCACTAAAAATATCGA_003,159
ATTCCCACTAAAAATATCGA_004,49
ATTCCCACTAAAAATATCGA_005,19
ATTCCCACTAAAAATATCGA_006,158
ATTCCCACTAAAAATATCGA_007,52
CTCAGGGCTTACCAGACTGG_001,98
CTCAGGGCTTACCAGACTGG_002,90
CTCAGGGCTTACCAGACTGG_003,1
CTCAGGGCTTACCAGACTGG_004,69
CTCAGGGCTTACCAGACTGG_005,128
AGAAGCTAAATATGGCACAC_001,17
AGAAGCTAAATATGGCACAC_002,49
AGAAGCTAAATATGGCACAC_003,119
AGAAGCTAAATATGGCACAC_004,108
AGAAGCTAAATATGGCACAC_005,88
AGAAGCTAAATATGGCACAC_006,2
AGAAGCTAAATATGGCACAC_007,88
AGAAGCTAAATATGGCACAC_008,93
AGAAGCTAAATATGGCACAC_009,15
AGAAGCTAAATATGGCACAC_010,2
AGAAGCTAAATATGGCACAC_011,144
AGAAGCTAAATATGGCACAC_012,49
CTGCACGCAAGAATCAAGAG_001,163
CTGCACGCAAGAATCAAGAG_002,102
CTGCACGCAAGAATCAAGAG_003,183
CTACTTCAACCGGGACGACG_001,105
CTACTTCAACCGGGACGACG_002,183
CTACTTCAACCGGGACGACG_003,150
CTACTTCAACCGGGACGACG_004,29
CTACTTCAACCGGGACGACG_005,88
CTACTTCAACCGGGACGACG_006,156
CTACTTCAACCGGGACGACG_007,89
CTACTTCAACCGGGACGACG_008,15
CTACTTCAACCGGGACGACG_009,17
CTACTTCAACCGGGACGACG_010,122
CTACTTCAACCGGGACGACG_011,162
CTACTTCAACCGGGACGACG_012,33
CTACTTCAACCGGGACGACG_013,111
CTACTTCAACCGGGACGACG_014,62
CTACTTCAACCGGGACGACG_015,38
CTACTTCAACCGGGACGACG_016,38
CTACTTCAACCGGGACGACG_017,12
CTACTTCAACCGGGACGACG_018,29
CTACTTCAACCGGGACGACG_019,116
CTACTTCAACCGGGACGACG_020,88
CTACTTCAACCGGGACGACG_021,1
GCGATTCGATGTGATAACAA_001,9
GCGATTCGATGTGATAACAA_002,106
GCAAAGATTCTCTGTCATCG_001,175
TGAGCCTTCTTCGGCATCGT_001,16
TGAGCCTTCTTCGGCATCGT_002,48
TGAGCCTTCTTCGGCATCGT_003,73
TGAGCCTTCTTCGGCATCGT_004,47
TGAGCCTTCTTCGGCATCGT_005,148
TGAGCCTTCTTCGGCATCGT_006,166
TGAGCCTTCTTCGGCATCGT_007,43
CCGCTTTAGAGAATGCAACA_001,45
CCGCTTTAGAGAATGCAACA_002,175
CCGCTTTAGAGAATGCAACA_003,2
CCGCTTTAGAGAATGCAACA_004,100
CCGCTTTAGAGAATGCAACA_005,129
CCGCTTTAGAGAATGCAACA_006,61
CCGCTTTAGAGAATGCAACA_007,8
CCGCTTTAGAGAATGCAACA_008,119
CCGCTTTAGAGAATGCAACA_009,145
CCGCTTTAGAGAATGCAACA_010,124
CCGCTTTAGAGAATGCAACA_011,124
CCGCTTTAGAGAATGCAACA_012,63
CCTGTAAAATTCATAAGCCG_001,189
CCTGTAAAATTCATAAGCCG_002,35
CCTGTAAAATTCATAAGCCG_003,173
CCCTCAGCGCGTGAACGTGA_001,193
CCCTCAGCGCGTGAACGTGA_002,62
CCCTCAGCGCGTGAACGTGA_003,158
CCCTCAGCGCGTGAACGTGA_004,18
CCCTCAGCGCGTGAACGTGA_005,170
CCCTCAGCGCGTGAACGTGA_006,157
CCCTCAGCGCGTGAACGTGA_007,161
CCCTCAGCGCGTGAACGTGA_008,37
CCCTCAGCGCGTGAACGTGA_009,84
TCTGGGGAGAATTCTGAGGG_001,78
TCTGGGGAGAATTCTGAGGG_002,115
TCTGGGGAGAATTCTGAGGG_003,58
TCTGGGGAGAATTCTGAGGG_004,176
AGGAAGCCCTCATTGTGACA_001,58
AGGAAGCCCTCATTGTGACA_002,92
AGGAAGCCCTCATTGTGACA_003,137
AGGAAGCCCTCATTGTGACA_004,88
AGGAAGCCCTCATTGTGACA_005,14
AGGAAGCCCTCATTGTGACA_006,187
AGGAAGCCCTCATTGTGACA_007,118
AGGAAGCCCTCATTGTGACA_008,52
AGGAAGCCCTCATTGTGACA_009,56
AGGAAGCCCTCATTGTGACA_010,130
TGGATGACCTGCGAGCTCGT_001,129
TGGATGACCTGCGAGCTCGT_002,3
TGGATGACCTGCGAGCTCGT_003,32
TGGATGACCTGCGAGCTCGT_004,197
TGGATGACCTGCGAGCTCGT_005,23
TGGATGACCTGCGAGCTCGT_006,40
TGGATGACCTGCGAGCTCGT_007,93
TGGATGACCTGCGAGCTCGT_008,81
TGGATGACCTGCGAGCTCGT_009,93
TGGATGACCTGCGAGCTCGT_010,137
TGGATGACCTGCGAGCTCGT_011,134
TGGATGACCTGCGAGCTCGT_012,45
TGGATGACCTGCGAGCTCGT_013,16
TGGATGACCTGCGAGCTCGT_014,132
TGGATGACCTGCGAGCTCGT_015,153
TGGATGACCTGCGAGCTCGT_016,172
TGGATGACCTGCGAGCTCGT_017,10
AAAGCAAAGTGATCTTGAAG_001,82
AAAGCAAAGTGATCTTGAAG_002,98
AAAGCAAAGTGATCTTGAAG_003,67
AAAGCAAAGTGATCTTGAAG_004,173
AAAGCAAAGTGATCTTGAAG_005,194
AAAGCAAAGTGATCTTGAAG_006,174
AAAGCAAAGTGATCTTGAAG_007,92
AAAGCAAAGTGATCTTGAAG_008,0
AAAGCAAAGTGATCTTGAAG_009,191
AAAGCAAAGTGATCTTGAAG_010,31
AAAGCAAAGTGATCTTGAAG_011,124
GCGGTAGTAACTTTGTGTTA_001,60
GCGGTAGTAACTTTGTGTTA_002,170
GCGGTAGTAACTTTGTGTTA_003,35
GCGGTAGTAACTTTGTGTTA_004,168
ACTGCGGTCATAAGCACCAG_001,147
ACTGCGGTCATAAGCACCAG_002,80
ACTGCGGTCATAAGCACCAG_003,22
ACTGCGGTCATAAGCACCAG_004,124
ACTGCGGTCATAAGCACCAG_005,62
ACTGCGGTCATAAGCACCAG_006,181
ACTGCGGTCATAAGCACCAG_007,124
ACTGCGGTCATAAGCACCAG_008,166
ACTGCGGTCATAAGCACCAG_009,43
ACTGCGGTCATAAGCACCAG_010,148
GCTCGCGACACAAACACAGA_001,166
GCTCGCGACACAAACACAGA_002,34
GCTCGCGACACAAACACAGA_003,1
GCTCGCGACACAAACACAGA_004,41
GCTCGCGACACAAACACAGA_005,24
GCTCGCGACACAAACACAGA_006,43
GCTCGCGACACAAACACAGA_007,29
GCTCGCGACACAAACACAGA_008,190
GCTCGCGACACAAACACAGA_009,55
GCTCGCGACACAAACACAGA_010,15
GCTCGCGACACAAACACAGA_011,85
GCTCGCGACACAAACACAGA_012,162
GCTCGCGACACAAACACAGA_013,66
GCTCGCGACACAAACACAGA_014,48
GCTCGCGACACAAACACAGA_015,124
GACCCTGTAGAGGAAACACT_001,159
GAACACCAATGACCGAAGCG_001,76
GAACACCAATGACCGAAGCG_002,28
GAACACCAATGACCGAAGCG_003,181
GAACACCAATGACCGAAGCG_004,190
GAACACCAATGACCGAAGCG_005,22
GAACACCAATGACCGAAGCG_006,24
GAACACCAATGACCGAAGCG_007,0
GAACACCAATGACCGAAGCG_008,40
GAACACCAATGACCGAAGCG_009,190
GAACACCAATGACCGAAGCG_010,76
GAACACCAATGACCGAAGCG_011,94
GAACACCAATGACCGAAGCG_012,77
GAACACCAATGACCGAAGCG_013,48
GAACACCAATGACCGAAGCG_014,142
GAACACCAATGACCGAAGCG_015,140
GAACACCAATGACCGAAGCG_016,124
GAACACCAATGACCGAAGCG_017,56
GAACACCAATGACCGAAGCG_018,141
GAACACCAATGACCGAAGCG_019,157
GAACACCAATGACCGAAGCG_020,168
GAACACCAATGACCGAAGCG_021,128
GAACACCAATGACCGAAGCG_022,112
GAACACCAATGACCGAAGCG_023,98
CCGCAGCAAACTCAGCATGG_001,62
CCGCAGCAAACTCAGCATGG_002,68
CCGCAGCAAACTCAGCATGG_003,52
CCGCAGCAAACTCAGCATGG_004,190
CCGCAGCAAACTCAGCATGG_005,27
CCGCAGCAAACTCAGCATGG_006,188
CCGCAGCAAACTCAGCATGG_007,27
CCGCAGCAAACTCAGCATGG_008,185
CCGCAGCAAACTCAGCATGG_009,127
CCGCAGCAAACTCAGCATGG_010,40
CCGCAGCAAACTCAGCATGG_011,77
CCGCAGCAAACTCAGCATGG_012,94
CCGCAGCAAACTCAGCATGG_013,194
CCGCAGCAAACTCAGCATGG_014,169
CCGCAGCAAACTCAGCATGG_015,177
CCGCAGCAAACTCAGCATGG_016,150
CCGCAGCAAACTCAGCATGG_017,40
CCGCAGCAAACTCAGCATGG_018,124
CCGCAGCAAACTCAGCATGG_019,10
CCGCAGCAAACTCAGCATGG_020,136
CCGCAGCAAACTCAGCATGG_021,81
CCGCAGCAAACTCAGCATGG_022,79
CCGCAGCAAACTCAGCATGG_023,24
ACTCAAAGGTAGTGTCACCA_001,125
ACTCAAAGGTAGTGTCACCA_002,168
ACTCAAAGGTAGTGTCACCA_003,158
ACTCAAAGGTAGTGTCACCA_004,141
ACTCAAAGGTAGTGTCACCA_005,65
ACTCAAAGGTAGTGTCACCA_006,78
ACTCAAAGGTAGTGTCACCA_007,15
ACTCAAAGGTAGTGTCACCA_008,138
ACTCAAAGGTAGTGTCACCA_009,40
ACTCAAAGGTAGTGTCACCA_010,84
ACTCAAAGGTAGTGTCACCA_011,102
ACTCAAAGGTAGTGTCACCA_012,162
ACTCAAAGGTAGTGTCACCA_013,50
ACTCAAAGGTAGTGTCACCA_014,158
ACTCAAAGGTAGTGTCACCA_015,192
GTTCACTCTCTCCAAAGGGT_001,177
GTTCACTCTCTCCAAAGGGT_002,61
GTTCACTCTCTCCAAAGGGT_003,13
GTTCACTCTCTCCAAAGGGT_004,30
CTGGTCGATTAATCTTCGGT_001,150
CTGGTCGATTAATCTTCGGT_002,4
CTGGTCGATTAATCTTCGGT_003,10
AAGGCCAAACCTATTAAATG_001,41
AAGGCCAAACCTATTAAATG_002,173
AAGGCCAAACCTATTAAATG_003,173
AAGGCCAAACCTATTAAATG_004,51
AAGGCCAAACCTATTAAATG_005,58
AAGGCCAAACCTATTAAATG_006,8
AAGGCCAAACCTATTAAATG_007,147
AAGGCCAAACCTATTAAATG_008,30
AAGGCCAAACCTATTAAATG_009,52
AAGGCCAAACCTATTAAATG_010,124
AAGGCCAAACCTATTAAATG_011,124
TGCTCCAGTCAACGTTACAA_001,108
TGCTCCAGTCAACGTTACAA_002,2
TGCTCCAGTCAACGTTACAA_003,67
TGCTCCAGTCAACGTTACAA_004,184
TGCTCCAGTCAACGTTACAA_005,75
TTCAGCCAGATCTCACACCC_001,152
TTCAGCCAGATCTCACACCC_002,102
TGGGAAGAAGTTGTCCGATG_001,8
TGGGAAGAAGTTGTCCGATG_002,191
TGGGAAGAAGTTGTCCGATG_003,115
TGGGAAGAAGTTGTCCGATG_004,175
TGGGAAGAAGTTGTCCGATG_005,101
TGGGAAGAAGTTGTCCGATG_006,176
TGGGAAGAAGTTGTCCGATG_007,140
TGGGAAGAAGTTGTCCGATG_008,1
AAGCACTGATTTCACCCTCA_001,96
AAGCACTGATTTCACCCTCA_002,166
AAGCACTGATTTCACCCTCA_003,68
AAGCACTGATTTCACCCTCA_004,177
AAGCACTGATTTCACCCTCA_005,71
AAGCACTGATTTCACCCTCA_006,152
AAGCACTGATTTCACCCTCA_007,56
AAGCACTGATTTCACCCTCA_008,123
AAGCACTGATTTCACCCTCA_009,74
AAGCACTGATTTCACCCTCA_010,127
GCATTACTTAGAGCTCGGAA_001,133
GCATTACTTAGAGCTCGGAA_002,31
GCATTACTTAGAGCTCGGAA_003,98
GCATTACTTAGAGCTCGGAA_004,139
ACCTCAAACACCAACGCCCG_001,102
ACCTCAAACACCAACGCCCG_002,13
ACCTCAAACACCAACGCCCG_003,42
ACCTCAAACACCAACGCCCG_004,50
ACCTCAAACACCAACGCCCG_005,19
ACCTCAAACACCAACGCCCG_006,78
ACCTCAAACACCAACGCCCG_007,119
ACCTCAAACACCAACGCCCG_008,50
ACCTCAAACACCAACGCCCG_009,5
ACCTCAAACACCAACGCCCG_010,56
ACCTCAAACACCAACGCCCG_011,23
ACCTCAAACACCAACGCCCG_012,28
CTTGAGCAGATCAAACCACT_001,76
CTTGAGCAGATCAAACCACT_002,161
CTTGAGCAGATCAAACCACT_003,88
CTTGAGCAGATCAAACCACT_004,107
CTTGAGCAGATCAAACCACT_005,19
CTTGAGCAGATCAAACCACT_006,75
CTTGAGCAGATCAAACCACT_007,56
GGGGCCCGAACCCGACACAG_001,1
GGGGCCCGAACCCGACACAG_002,177
GGGGCCCGAACCCGACACAG_003,44
GGGGCCCGAACCCGACACAG_004,98
GGGGCCCGAACCCGACACAG_005,127
GGGGCCCGAACCCGACACAG_006,30
GGGGCCCGAACCCGACACAG_007,18
GGGGCCCGAACCCGACACAG_008,187
GGGGCCCGAACCCGACACAG_009,177
GGGGCCCGAACCCGACACAG_010,131
GGGGCCCGAACCCGACACAG_011,149
GGGGCCCGAACCCGACACAG_012,98
GGGGCCCGAACCCGACACAG_013,188
GGGGCCCGAACCCGACACAG_014,94
GGGGCCCGAACCCGACACAG_015,152
GGGGCCCGAACCCGACACAG_016,18
GGGGCCCGAACCCGACACAG_017,31
GGGGCCCGAACCCGACACAG_018,121
GGGGCCCGAACCCGACACAG_019,71
GAGCAGGATCCCGCTGACTG_001,85
GAGCAGGATCCCGCTGACTG_002,149
GAGCAGGATCCCGCTGACTG_003,60
GAGCAGGATCCCGCTGACTG_004,52
GAGCAGGATCCCGCTGACTG_005,11
GAGCAGGATCCCGCTGACTG_006,177
GAGCAGGATCCCGCTGACTG_007,188
GAGCAGGATCCCGCTGACTG_008,137
GAGCAGGATCCCGCTGACTG_009,102
GAGCAGGATCCCGCTGACTG_010,195
GAGCAGGATCCCGCTGACTG_011,122
GAGCAGGATCCCGCTGACTG_012,144
GAGCAGGATCCCGCTGACTG_013,148
GAGCAGGATCCCGCTGACTG_014,150
GAGCAGGATCCCGCTGACTG_015,40
GAGCAGGATCCCGCTGACTG_016,20
GAGCAGGATCCCGCTGACTG_017,165
TCAGGACCAAATCCCGACGC_001,47
TCAGGACCAAATCCCGACGC_002,40
TCAGGACCAAATCCCGACGC_003,150
TCAGGACCAAATCCCGACGC_004,9
TCAGGACCAAATCCCGACGC_005,183
TCAGGACCAAATCCCGACGC_006,169
TCAGGACCAAATCCCGACGC_007,26
TCAGGACCAAATCCCGACGC_008,175
TCAGGACCAAATCCCGACGC_009,86
TCAGGACCAAATCCCGACGC_010,39
TCAGGACCAAATCCCGACGC_011,165
ACGGAAACTTCCTCTACGTG_001,191
ACGGAAACTTCCTCTACGTG_002,119
ACGGAAACTTCCTCTACGTG_003,77
ACGGAAACTTCCTCTACGTG_004,104
ACGGAAACTTCCTCTACGTG_005,76
AGTGTGTAAAGTTAACGTGT_001,149
AGTGTGTAAAGTTAACGTGT_002,76
AGTGTGTAAAGTTAACGTGT_003,138
AGTGTGTAAAGTTAACGTGT_004,144
AGTGTGTAAAGTTAACGTGT_005,58
AGTGTGTAAAGTTAACGTGT_006,47
AGTGTGTAAAGTTAACGTGT_007,180
ACTCACAGCTGGCGTACGAG_001,63
ACTCACAGCTGGCGTACGAG_002,161
ACTCACAGCTGGCGTACGAG_003,96
ACTCACAGCTGGCGTACGAG_004,189
ACTCACAGCTGGCGTACGAG_005,6
ACTCACAGCTGGCGTACGAG_006,118
GACTTGAGGATCCCCCACGT_001,127
GACTTGAGGATCCCCCACGT_002,78
GACTTGAGGATCCCCCACGT_003,145
GACTTGAGGATCCCCCACGT_004,184
GACTTGAGGATCCCCCACGT_005,182
GACTTGAGGATCCCCCACGT_006,88
GACTTGAGGATCCCCCACGT_007,105
GACTTGAGGATCCCCCACGT_008,183
GACTTGAGGATCCCCCACGT_009,60
GACTTGAGGATCCCCCACGT_010,124
GACTTGAGGATCCCCCACGT_011,12
GACTTGAGGATCCCCCACGT_012,17
GACTTGAGGATCCCCCACGT_013,20
ACATCTTGCTGACAAACGAG_001,142
ACATCTTGCTGACAAACGAG_002,150
ACATCTTGCTGACAAACGAG_003,150
CTTGCTAAAGATGAAAGATG_001,164
CTTGCTAAAGATGAAAGATG_002,50
CTTGCTAAAGATGAAAGATG_003,113
GGCTTTGCCACTAGGCAGGT_001,40
GGCTTTGCCACTAGGCAGGT_002,180
GGCTTTGCCACTAGGCAGGT_003,16
GGCTTTGCCACTAGGCAGGT_004,82
GGCTTTGCCACTAGGCAGGT_005,89
GGCTTTGCCACTAGGCAGGT_006,11
GGCTTTGCCACTAGGCAGGT_007,170
GGCTTTGCCACTAGGCAGGT_008,169
GGCTTTGCCACTAGGCAGGT_009,140
GGCTTTGCCACTAGGCAGGT_010,104
GGCTTTGCCACTAGGCAGGT_011,99
GGCTTTGCCACTAGGCAGGT_012,82
GGCTTTGCCACTAGGCAGGT_013,104
GGCTTTGCCACTAGGCAGGT_014,91
GGCTTTGCCACTAGGCAGGT_015,78
GGCTTTGCCACTAGGCAGGT_016,180
GGCTTTGCCACTAGGCAGGT_017,194
GGCTTTGCCACTAGGCAGGT_018,194
GGCTTTGCCACTAGGCAGGT_019,134
GGCTTTGCCACTAGGCAGGT_020,192
GGCTTTGCCACTAGGCAGGT_021,131
GGCTTTGCCACTAGGCAGGT_022,10
GGCTTTGCCACTAGGCAGGT_023,157
GGCTTTGCCACTAGGCAGGT_024,106
GGCTTTGCCACTAGGCAGGT_025,136
GGCTTTGCCACTAGGCAGGT_026,62
GGCTTTGCCACTAGGCAGGT_027,94
GGCTTTGCCACTAGGCAGGT_028,43
GGCTTTGCCACTAGGCAGGT_029,34
TCCAAAGAGCCGAATGTGGT_001,168
TCCAAAGAGCCGAATGTGGT_002,115
TCCAAAGAGCCGAATGTGGT_003,147
TCCAAAGAGCCGAATGTGGT_004,9
TCCAAAGAGCCGAATGTGGT_005,168
TCCAAAGAGCCGAATGTGGT_006,103
TCCAAAGAGCCGAATGTGGT_007,182
TCCAAAGAGCCGAATGTGGT_008,152
AAGAGAGAAAAAGTTTGCTG_001,96
AAGAGAGAAAAAGTTTGCTG_002,162
AAGAGAGAAAAAGTTTGCTG_003,151
AAGAGAGAAAAAGTTTGCTG_004,26
AAGAGAGAAAAAGTTTGCTG_005,5
AAGAGAGAAAAAGTTTGCTG_006,62
AAGAGAGAAAAAGTTTGCTG_007,40
AAGAGAGAAAAAGTTTGCTG_008,70
AAGAGAGAAAAAGTTTGCTG_009,52
TCCTGGATTAACAAATCCCA_001,151
TCCTGGATTAACAAATCCCA_002,95
TCCTGGATTAACAAATCCCA_003,121
TCCTGGATTAACAAATCCCA_004,74
TCCTGGATTAACAAATCCCA_005,23
TCCTGGATTAACAAATCCCA_006,40
TCCTGGATTAACAAATCCCA_007,52
TCCTGGATTAACAAATCCCA_008,145
TCCTGGATTAACAAATCCCA_009,94
TCCTGGATTAACAAATCCCA_010,182
TCCTGGATTAACAAATCCCA_011,113
TCCTGGATTAACAAATCCCA_012,8
TCCTGGATTAACAAATCCCA_013,56
TGAGGGCTATGGCCCACATG_001,70
TGAGGGCTATGGCCCACATG_002,183
TGAGGGCTATGGCCCACATG_003,56
TGAGGGCTATGGCCCACATG_004,43
TGAGGGCTATGGCCCACATG_005,194
TGAGGGCTATGGCCCACATG_006,84
TGAGGGCTATGGCCCACATG_007,113
TGAGGGCTATGGCCCACATG_008,146
TGAGGGCTATGGCCCACATG_009,168
TGAGGGCTATGGCCCACATG_010,10
TGAGGGCTATGGCCCACATG_011,36
AACTCTCGTGACAAAGCCAA_001,13
AACTCTCGTGACAAAGCCAA_002,117
AACTCTCGTGACAAAGCCAA_003,116
AACTCTCGTGACAAAGCCAA_004,141
AACTCTCGTGACAAAGCCAA_005,199
AACTCTCGTGACAAAGCCAA_006,2
AACTCTCGTGACAAAGCCAA_007,55
AACTCTCGTGACAAAGCCAA_008,145
AACTCTCGTGACAAAGCCAA_009,162
AGAAAGAAGAGGAACGTGTG_001,4
AGAAAGAAGAGGAACGTGTG_002,38
AGAAAGAAGAGGAACGTGTG_003,48
ACCGTAGCCGGAGTAGTCGT_001,97
CCTACCTAGAAAGTTGTGGG_001,71
CTGGACGTAAGGGACCACAA_001,138
CTGGACGTAAGGGACCACAA_002,144
CTGGACGTAAGGGACCACAA_003,15
CTGGACGTAAGGGACCACAA_004,9
CTGGACGTAAGGGACCACAA_005,43
CTGGACGTAAGGGACCACAA_006,70
CTGGACGTAAGGGACCACAA_007,94
CTGGACGTAAGGGACCACAA_008,82
CTGGACGTAAGGGACCACAA_009,5
CTGGACGTAAGGGACCACAA_010,133
TCTGGAGGTACTCCAGCCTG_001,160
TCTGGAGGTACTCCAGCCTG_002,76
TCTGGAGGTACTCCAGCCTG_003,102
GGCGAGTGTCCTGGTACGAA_001,1
GGCGAGTGTCCTGGTACGAA_002,49
GGCGAGTGTCCTGGTACGAA_003,8
GGCGAGTGTCCTGGTACGAA_004,135
GGCGAGTGTCCTGGTACGAA_005,7
GGCGAGTGTCCTGGTACGAA_006,38
GGCGAGTGTCCTGGTACGAA_007,16
GGCGAGTGTCCTGGTACGAA_008,134
GGCGAGTGTCCTGGTACGAA_009,25
GGCGAGTGTCCTGGTACGAA_010,160
GGCGAGTGTCCTGGTACGAA_011,169
CCAGCTGGGACTGTTCTGTG_001,42
CCAGCTGGGACTGTTCTGTG_002,46
CCAGCTGGGACTGTTCTGTG_003,76
CCAGCTGGGACTGTTCTGTG_004,127
CCAGCTGGGACTGTTCTGTG_005,35
CCAGCTGGGACTGTTCTGTG_006,48
CCAGCTGGGACTGTTCTGTG_007,134
CCAGCTGGGACTGTTCTGTG_008,192
CCAGCTGGGACTGTTCTGTG_009,116
CCAGCTGGGACTGTTCTGTG_010,1
CCAGCTGGGACTGTTCTGTG_011,18
CCAGCTGGGACTGTTCTGTG_012,149
CCAGCTGGGACTGTTCTGTG_013,9
CCAGCTGGGACTGTTCTGTG_014,106
CCAGCTGGGACTGTTCTGTG_015,166
CCAGCTGGGACTGTTCTGTG_016,32
TGGGAGAGAAGGTCCCCGGG_001,9
TGGGAGAGAAGGTCCCCGGG_002,107
TGGGAGAGAAGGTCCCCGGG_003,48
TGGGAGAGAAGGTCCCCGGG_004,25
TGGGAGAGAAGGTCCCCGGG_005,130
TGGGAGAGAAGGTCCCCGGG_006,166
TGGGAGAGAAGGTCCCCGGG_007,87
TGGGAGAGAAGGTCCCCGGG_008,174
TGGGAGAGAAGGTCCCCGGG_009,160
TGGGAGAGAAGGTCCCCGGG_010,130
TGGGAGAGAAGGTCCCCGGG_011,105
TGGGAGAGAAGGTCCCCGGG_012,158
TGGGAGAGAAGGTCCCCGGG_013,116
TGGGAGAGAAGGTCCCCGGG_014,1
TGGGAGAGAAGGTCCCCGGG_015,97
TGGGAGAGAAGGTCCCCGGG_016,174
TGGGAGAGAAGGTCCCCGGG_017,168
TGGGAGAGAAGGTCCCCGGG_018,37
GCCCCCAGGCACAATCCGGT_001,175
GCCCCCAGGCACAATCCGGT_002,38
GCCCCCAGGCACAATCCGGT_003,74
GCCCCCAGGCACAATCCGGT_004,144
GCCCCCAGGCACAATCCGGT_005,46
GGGATGCAGAGGATCAGAAC_001,146
GGGATGCAGAGGATCAGAAC_002,113
GGGATGCAGAGGATCAGAAC_003,91
GGGATGCAGAGGATCAGAAC_004,67
GGGATGCAGAGGATCAGAAC_005,126
GGGATGCAGAGGATCAGAAC_006,3
GGGATGCAGAGGATCAGAAC_007,10
GGGATGCAGAGGATCAGAAC_008,61
GGGATGCAGAGGATCAGAAC_009,26
GCAAATCCAATACACCTTTG_001,171
GCAAATCCAATACACCTTTG_002,0
GCAAATCCAATACACCTTTG_003,41
GCAAATCCAATACACCTTTG_004,19
GCAAATCCAATACACCTTTG_005,28
GGTGATCCTTATGGCAACTG_001,67
GGTGATCCTTATGGCAACTG_002,177
GGTGATCCTTATGGCAACTG_003,198
GGTGATCCTTATGGCAACTG_004,160
GGTGATCCTTATGGCAACTG_005,11
CAGAGATTCGTGCTACGGGT_001,177
CAGAGATTCGTGCTACGGGT_002,5
CAGAGATTCGTGCTACGGGT_003,3
CAGAGATTCGTGCTACGGGT_004,196
CAGAGATTCGTGCTACGGGT_005,155
CAGAGATTCGTGCTACGGGT_006,105
CAGAGATTCGTGCTACGGGT_007,106
CAGAGATTCGTGCTACGGGT_008,130
CAGAGATTCGTGCTACGGGT_009,49
CAGAGATTCGTGCTACGGGT_010,108
CAGAGATTCGTGCTACGGGT_011,2
CAGAGATTCGTGCTACGGGT_012,40
GATGTTTACCAAGCCTGGTG_001,21
GATGTTTACCAAGCCTGGTG_002,108
GATGTTTACCAAGCCTGGTG_003,46
GATGTTTACCAAGCCTGGTG_004,121
GATGTTTACCAAGCCTGGTG_005,77
GATGTTTACCAAGCCTGGTG_006,1
GATGTTTACCAAGCCTGGTG_007,184
GATGTTTACCAAGCCTGGTG_008,53
GATGTTTACCAAGCCTGGTG_009,150
TCCACCAACACCCACGTGTG_001,150
TCCACCAACACCCACGTGTG_002,127
TCCACCAACACCCACGTGTG_003,13
TCCACCAACACCCACGTGTG_004,7
TCCACCAACACCCACGTGTG_005,34
TCCACCAACACCCACGTGTG_006,83
TCCACCAACACCCACGTGTG_007,3
GATGGAATCGTACAAATACA_001,115
GATGGAATCGTACAAATACA_002,64
GATGGAATCGTACAAATACA_003,106
GATGGAATCGTACAAATACA_004,50
GATGGAATCGTACAAATACA_005,147
GATGGAATCGTACAAATACA_006,172
GATGGAATCGTACAAATACA_007,166
GATGGAATCGTACAAATACA_008,175
TGACAGAGAGCGTGTGAACG_001,69
TGACAGAGAGCGTGTGAACG_002,12
GCTCACTACTCCAGACTGAG_001,184
GCTCACTACTCCAGACTGAG_002,82
GCTCACTACTCCAGACTGAG_003,122
GCTCACTACTCCAGACTGAG_004,193
GCTCACTACTCCAGACTGAG_005,1
GCTCACTACTCCAGACTGAG_006,128
GCTCACTACTCCAGACTGAG_007,148
ATGATGTAACGTTGCTCCTG_001,88
ATGATGTAACGTTGCTCCTG_002,111
ATGATGTAACGTTGCTCCTG_003,189
ATGATGTAACGTTGCTCCTG_004,182
ATGATGTAACGTTGCTCCTG_005,187
ATGATGTAACGTTGCTCCTG_006,97
ATGATGTAACGTTGCTCCTG_007,55
ATGATGTAACGTTGCTCCTG_008,73
ATGATGTAACGTTGCTCCTG_009,161
ATGATGTAACGTTGCTCCTG_010,75
ATGATGTAACGTTGCTCCTG_011,164
ATGATGTAACGTTGCTCCTG_012,71
ATGATGTAACGTTGCTCCTG_013,182
GAAGAGTAATCCGATGACGC_001,47
GAAGAGTAATCCGATGACGC_002,81
GAAGAGTAATCCGATGACGC_003,48
GAAGAGTAATCCGATGACGC_004,118
AAATACAAGCAGAACACTCA_001,102
AAATACAAGCAGAACACTCA_002,140
AAATACAAGCAGAACACTCA_003,51
AAATACAAGCAGAACACTCA_004,27
AAATACAAGCAGAACACTCA_005,12
AAATACAAGCAGAACACTCA_006,117
AAATACAAGCAGAACACTCA_007,59
AAATACAAGCAGAACACTCA_008,49
AAATACAAGCAGAACACTCA_009,162
AAATACAAGCAGAACACTCA_010,129
AAATACAAGCAGAACACTCA_011,60
AAATACAAGCAGAACACTCA_012,19
AAATACAAGCAGAACACTCA_013,115
AAATACAAGCAGAACACTCA_014,135
AAATACAAGCAGAACACTCA_015,88
AAATACAAGCAGAACACTCA_016,58
AAATACAAGCAGAACACTCA_017,2
AAATACAAGCAGAACACTCA_018,9
AAATACAAGCAGAACACTCA_019,134
AAATACAAGCAGAACACTCA_020,83
AAATACAAGCAGAACACTCA_021,73
AAATACAAGCAGAACACTCA_022,77
AAATACAAGCAGAACACTCA_023,78
AAATACAAGCAGAACACTCA_024,162
AAATACAAGCAGAACACTCA_025,37
AAATACAAGCAGAACACTCA_026,127
AAATACAAGCAGAACACTCA_027,29
GCCCATTGTAGAGGCTTCGG_001,2
GCCCATTGTAGAGGCTTCGG_002,169
GCCCATTGTAGAGGCTTCGG_003,11
GCCCATTGTAGAGGCTTCGG_004,182
GCCCATTGTAGAGGCTTCGG_005,191
GCCCATTGTAGAGGCTTCGG_006,115
GCCCATTGTAGAGGCTTCGG_007,135
GCCCATTGTAGAGGCTTCGG_008,37
GCCCATTGTAGAGGCTTCGG_009,198
TGGAAGAAGCCATCAATGAG_001,60
TGGAAGAAGCCATCAATGAG_002,129
TGGAAGAAGCCATCAATGAG_003,140
TGGAAGAAGCCATCAATGAG_004,147
TGGAAGAAGCCATCAATGAG_005,142
TGGAAGAAGCCATCAATGAG_006,106
GCGGTGCCCTCTCAACAGCA_001,73
GCGGTGCCCTCTCAACAGCA_002,150
GCGGTGCCCTCTCAACAGCA_003,94
GCGGTGCCCTCTCAACAGCA_004,96
GCGGTGCCCTCTCAACAGCA_005,112
GCGGTGCCCTCTCAACAGCA_006,112
GCGGTGCCCTCTCAACAGCA_007,145
GCGGTGCCCTCTCAACAGCA_008,147
GCGGTGCCCTCTCAACAGCA_009,195
GCGGTGCCCTCTCAACAGCA_010,96
GCGGTGCCCTCTCAACAGCA_011,141
GCGGTGCCCTCTCAACAGCA_012,178
GCGGTGCCCTCTCAACAGCA_013,161
GCGGTGCCCTCTCAACAGCA_014,59
GCGGTGCCCTCTCAACAGCA_015,97
GCGGTGCCCTCTCAACAGCA_016,102
GCGGTGCCCTCTCAACAGCA_017,16
GCGGTGCCCTCTCAACAGCA_018,160
GCGGTGCCCTCTCAACAGCA_019,10
GCGGTGCCCTCTCAACAGCA_020,34
GCGGTGCCCTCTCAACAGCA_021,145
GCGGTGCCCTCTCAACAGCA_022,142
GCGGTGCCCTCTCAACAGCA_023,47
GCGGTGCCCTCTCAACAGCA_024,170
GCGGTGCCCTCTCAACAGCA_025,18
GCGGTGCCCTCTCAACAGCA_026,100
GAGTGATGACGATTAACTGA_001,119
CTTATTTCGACTGTAGCGGA_001,4
CTTATTTCGACTGTAGCGGA_002,70
CTTATTTCGACTGTAGCGGA_003,198
CTTATTTCGACTGTAGCGGA_004,60
CAGCAGCCAGCGCTACTGTG_001,34
CAGCAGCCAGCGCTACTGTG_002,139
CAGCAGCCAGCGCTACTGTG_003,196
CAGCAGCCAGCGCTACTGTG_004,195
CAGCAGCCAGCGCTACTGTG_005,95
CAGCAGCCAGCGCTACTGTG_006,9
CAGCAGCCAGCGCTACTGTG_007,65
CAGCAGCCAGCGCTACTGTG_008,169
CAGCAGCCAGCGCTACTGTG_009,188
CAGCAGCCAGCGCTACTGTG_010,160
CAGCAGCCAGCGCTACTGTG_011,84
CAGCAGCCAGCGCTACTGTG_012,99
CAGCAGCCAGCGCTACTGTG_013,50
CAGCAGCCAGCGCTACTGTG_014,52
CAGCAGCCAGCGCTACTGTG_015,61
GGTGCGTTTACCTGACTGTG_001,172
GGTGCGTTTACCTGACTGTG_002,169
GGTGCGTTTACCTGACTGTG_003,17
GGTGCGTTTACCTGACTGTG_004,62
TAAAGTAGAAGGCATCACAT_001,64
TAAAGTAGAAGGCATCACAT_002,86
TAAAGTAGAAGGCATCACAT_003,169
TAAAGTAGAAGGCATCACAT_004,147
TAAAGTAGAAGGCATCACAT_005,9
TAAAGTAGAAGGCATCACAT_006,111
TAAAGTAGAAGGCATCACAT_007,91
TAAAGTAGAAGGCATCACAT_008,77
TAAAGTAGAAGGCATCACAT_009,1
TAAAGTAGAAGGCATCACAT_010,17
TAAAGTAGAAGGCATCACAT_011,19
TAAAGTAGAAGGCATCACAT_012,46
TAAAGTAGAAGGCATCACAT_013,153
TAAAGTAGAAGGCATCACAT_014,166
TCACTTTGAGTGCAGCAGCG_001,12
TCACTTTGAGTGCAGCAGCG_002,169
TCACTTTGAGTGCAGCAGCG_003,150
TCACTTTGAGTGCAGCAGCG_004,50
TCACTTTGAGTGCAGCAGCG_005,21
TCACTTTGAGTGCAGCAGCG_006,43
TCACTTTGAGTGCAGCAGCG_007,63
TCACTTTGAGTGCAGCAGCG_008,71
TCACTTTGAGTGCAGCAGCG_009,33
TCACTTTGAGTGCAGCAGCG_010,68
TCACTTTGAGTGCAGCAGCG_011,147
TCACTTTGAGTGCAGCAGCG_012,42
TCACTTTGAGTGCAGCAGCG_013,191
TCACTTTGAGTGCAGCAGCG_014,62
TCACTTTGAGTGCAGCAGCG_015,98
TCACTTTGAGTGCAGCAGCG_016,88
TCACTTTGAGTGCAGCAGCG_017,65
TCACTTTGAGTGCAGCAGCG_018,169
TCACTTTGAGTGCAGCAGCG_019,61
TCACTTTGAGTGCAGCAGCG_020,64
TCACTTTGAGTGCAGCAGCG_021,177
TCACTTTGAGTGCAGCAGCG_022,147
TCACTTTGAGTGCAGCAGCG_023,128
ACCTGCGAGCCACCGTCGGG_001,11
ACCTGCGAGCCACCGTCGGG_002,32
ACCTGCGAGCCACCGTCGGG_003,190
ACCTGCGAGCCACCGTCGGG_004,172
ACCTGCGAGCCACCGTCGGG_005,114
ACCTGCGAGCCACCGTCGGG_006,184
ACCTGCGAGCCACCGTCGGG_007,94
ACCTGCGAGCCACCGTCGGG_008,127
ACCTGCGAGCCACCGTCGGG_009,109
ACCTGCGAGCCACCGTCGGG_010,127
ACCTGCGAGCCACCGTCGGG_011,76
ACCTGCGAGCCACCGTCGGG_012,168
ACCTGCGAGCCACCGTCGGG_013,150
ACCTGCGAGCCACCGTCGGG_014,134
ACCTGCGAGCCACCGTCGGG_015,124
ACCTGCGAGCCACCGTCGGG_016,183
ACCTGCGAGCCACCGTCGGG_017,63
ACCTGCGAGCCACCGTCGGG_018,49
ACCTGCGAGCCACCGTCGGG_019,76
ACCTGCGAGCCACCGTCGGG_020,185
ACCTGCGAGCCACCGTCGGG_021,123
ACCTGCGAGCCACCGTCGGG_022,68
ACCTGCGAGCCACCGTCGGG_023,128
ACCTGCGAGCCACCGTCGGG_024,141
ACCTGCGAGCCACCGTCGGG_025,141
ACCTGCGAGCCACCGTCGGG_026,129
ACCTGCGAGCCACCGTCGGG_027,183
ACCTGCGAGCCACCGTCGGG_028,116
ACCTGCGAGCCACCGTCGGG_029,107
ACCTGCGAGCCACCGTCGGG_030,121
ACCTGCGAGCCACCGTCGGG_031,112
ACCTGCGAGCCACCGTCGGG_032,63
ACCTGCGAGCCACCGTCGGG_033,102
ACCTGCGAGCCACCGTCGGG_034,52
ACCTGCGAGCCACCGTCGGG_035,60
ACCTGCGAGCCACCGTCGGG_036,152
ACCTGCGAGCCACCGTCGGG_037,39
ACCTGCGAGCCACCGTCGGG_038,70
ACCTGCGAGCCACCGTCGGG_039,153
ACCTGCGAGCCACCGTCGGG_040,94
ACCTGCGAGCCACCGTCGGG_041,115
ACCTGCGAGCCACCGTCGGG_042,9
ACCTGCGAGCCACCGTCGGG_043,148
ACCTGCGAGCCACCGTCGGG_044,90
ACCTGCGAGCCACCGTCGGG_045,144
ACCTGCGAGCCACCGTCGGG_046,165
ACCTGCGAGCCACCGTCGGG_047,79
ACCTGCGAGCCACCGTCGGG_048,61
TGCCGGGCTCCTTGTGACGG_001,83
TGCCGGGCTCCTTGTGACGG_002,106
TGCCGGGCTCCTTGTGACGG_003,19
TGCCGGGCTCCTTGTGACGG_004,59
TTATCCCATTCCATCCACCG_001,150
TTATCCCATTCCATCCACCG_002,12
TTATCCCATTCCATCCACCG_003,41
TTATCCCATTCCATCCACCG_004,184
TTATCCCATTCCATCCACCG_005,46
TTATCCCATTCCATCCACCG_006,83
CTTCAAGTACGACTACGCGG_001,68
CTTCAAGTACGACTACGCGG_002,147
CTTCAAGTACGACTACGCGG_003,191
CTTCAAGTACGACTACGCGG_004,170
CTTCAAGTACGACTACGCGG_005,192
CTTCAAGTACGACTACGCGG_006,41
CTTCAAGTACGACTACGCGG_007,144
GTATGTAGAGAGTTCCAGAG_001,100
GTATGTAGAGAGTTCCAGAG_002,162
GTATGTAGAGAGTTCCAGAG_003,94
GTATGTAGAGAGTTCCAGAG_004,62
AGACAGAGTTGTCAGAAGGG_001,136
AGACAGAGTTGTCAGAAGGG_002,34
AGACAGAGTTGTCAGAAGGG_003,137
AGACAGAGTTGTCAGAAGGG_004,62
AGACAGAGTTGTCAGAAGGG_005,162
AGACAGAGTTGTCAGAAGGG_006,124
AGACAGAGTTGTCAGAAGGG_007,191
AGACAGAGTTGTCAGAAGGG_008,82
AGACAGAGTTGTCAGAAGGG_009,198
AGACAGAGTTGTCAGAAGGG_010,35
AGACAGAGTTGTCAGAAGGG_011,163
AGACAGAGTTGTCAGAAGGG_012,184
AGACAGAGTTGTCAGAAGGG_013,28
AGACAGAGTTGTCAGAAGGG_014,160
AGACAGAGTTGTCAGAAGGG_015,114
AGACAGAGTTGTCAGAAGGG_016,78
AGACAGAGTTGTCAGAAGGG_017,27
AGACAGAGTTGTCAGAAGGG_018,106
AGACAGAGTTGTCAGAAGGG_019,182
AGACAGAGTTGTCAGAAGGG_020,179
AGACAGAGTTGTCAGAAGGG_021,122
CATCTTGGGTACCACCGAGG_001,198
CATCTTGGGTACCACCGAGG_002,41
CATCTTGGGTACCACCGAGG_003,158
CATCTTGGGTACCACCGAGG_004,146
CATCTTGGGTACCACCGAGG_005,105
CATCTTGGGTACCACCGAGG_006,157
CATCTTGGGTACCACCGAGG_007,9
GGCCACTATGAGGAGAACCG_001,50
GGCCACTATGAGGAGAACCG_002,134
GGCCACTATGAGGAGAACCG_003,121
GGCCACTATGAGGAGAACCG_004,162
GGCCACTATGAGGAGAACCG_005,9
GGCCACTATGAGGAGAACCG_006,73
GGCCACTATGAGGAGAACCG_007,121
GGCCACTATGAGGAGAACCG_008,100
GGCCACTATGAGGAGAACCG_009,72
GGCCACTATGAGGAGAACCG_010,190
GGCCACTATGAGGAGAACCG_011,199
GGCCACTATGAGGAGAACCG_012,130
GGCCACTATGAGGAGAACCG_013,98
TGTTCCAGCGGAAGAAGTCG_001,34
TGTTCCAGCGGAAGAAGTCG_002,8
TGTTCCAGCGGAAGAAGTCG_003,111
TGTTCCAGCGGAAGAAGTCG_004,2
GAGATTGATGGCCAGGCGTG_001,105
GAGATTGATGGCCAGGCGTG_002,127
GAGATTGATGGCCAGGCGTG_003,9
GAGATTGATGGCCAGGCGTG_004,193
GAGATTGATGGCCAGGCGTG_005,154
GAGATTGATGGCCAGGCGTG_006,77
GAGATTGATGGCCAGGCGTG_007,49
GAGATTGATGGCCAGGCGTG_008,55
GGTCAAGGAGCATGTAGCCG_001,151
GGTCAAGGAGCATGTAGCCG_002,172
GGTCAAGGAGCATGTAGCCG_003,96
CCTGTATCACTTAAAGAACC_001,36
CCTGTATCACTTAAAGAACC_002,80
TGCTCACAACAAGTGTCCCA_001,141
TGCTCACAACAAGTGTCCCA_002,17
TGCTCACAACAAGTGTCCCA_003,119
TGCTCACAACAAGTGTCCCA_004,141
TGCTCACAACAAGTGTCCCA_005,127
AGAGATTCCAATCGTAGTGG_001,85
AGAGATTCCAATCGTAGTGG_002,156
AGAGATTCCAATCGTAGTGG_003,9
AGAGATTCCAATCGTAGTGG_004,157
AGAGATTCCAATCGTAGTGG_005,174
AGAGATTCCAATCGTAGTGG_006,180
AGAGATTCCAATCGTAGTGG_007,10
AGAGATTCCAATCGTAGTGG_008,31
CCTGGGATCTTACCTCCTCG_001,174
CCTGGGATCTTACCTCCTCG_002,103
TCAGCTAGACTGTTATTCCA_001,169
TCAGCTAGACTGTTATTCCA_002,59
TCAGCTAGACTGTTATTCCA_003,123
TCAGCTAGACTGTTATTCCA_004,197
TCAGCTAGACTGTTATTCCA_005,98
CACCATGGACAGGTAAACGT_001,64
CACCATGGACAGGTAAACGT_002,91
CACCATGGACAGGTAAACGT_003,19
CACCATGGACAGGTAAACGT_004,79
CACCATGGACAGGTAAACGT_005,0
CACCATGGACAGGTAAACGT_006,47
GCGCCGAAGAAGGAGTGCGG_001,129
GCGCCGAAGAAGGAGTGCGG_002,116
GCGCCGAAGAAGGAGTGCGG_003,48
GCGCCGAAGAAGGAGTGCGG_004,120
GCGCCGAAGAAGGAGTGCGG_005,83
GCGCCGAAGAAGGAGTGCGG_006,46
GCGCCGAAGAAGGAGTGCGG_007,34
GCGCCGAAGAAGGAGTGCGG_008,94
GCGCCGAAGAAGGAGTGCGG_009,94
GCGCCGAAGAAGGAGTGCGG_010,42
GCGCCGAAGAAGGAGTGCGG_011,29
GCGCCGAAGAAGGAGTGCGG_012,146
GCGCCGAAGAAGGAGTGCGG_013,44
GCGCCGAAGAAGGAGTGCGG_014,183
GCGCCGAAGAAGGAGTGCGG_015,43
GCGCCGAAGAAGGAGTGCGG_016,178
GCGCCGAAGAAGGAGTGCGG_017,67
GCGCCGAAGAAGGAGTGCGG_018,55
GCGCCGAAGAAGGAGTGCGG_019,11
GCGCCGAAGAAGGAGTGCGG_020,124
GCGCCGAAGAAGGAGTGCGG_021,129
TGTTTGTGACATCCAAGCTG_001,89
TGTTTGTGACATCCAAGCTG_002,1
TGTTTGTGACATCCAAGCTG_003,105
TGTTTGTGACATCCAAGCTG_004,58
TGTTTGTGACATCCAAGCTG_005,58
TGTTTGTGACATCCAAGCTG_006,175
TGTTTGTGACATCCAAGCTG_007,184
TGTTTGTGACATCCAAGCTG_008,184
TGTTTGTGACATCCAAGCTG_009,110
TGTTTGTGACATCCAAGCTG_010,103
TGTTTGTGACATCCAAGCTG_011,5
TGTTTGTGACATCCAAGCTG_012,113
TGTTTGTGACATCCAAGCTG_013,61
ATGATCCAGTTACTAAACAG_001,25
ATGATCCAGTTACTAAACAG_002,96
ATGATCCAGTTACTAAACAG_003,176
ATGATCCAGTTACTAAACAG_004,82
ATGATCCAGTTACTAAACAG_005,185
ATGATCCAGTTACTAAACAG_006,22
ATGATCCAGTTACTAAACAG_007,115
ATGATCCAGTTACTAAACAG_008,144
ATGATCCAGTTACTAAACAG_009,118
GCAGAGTTCAGCACATCTTG_001,94
GCAGAGTTCAGCACATCTTG_002,180
AGTTAGTGGAGGTTGCCAGG_001,133
AGTTAGTGGAGGTTGCCAGG_002,102
AGTTAGTGGAGGTTGCCAGG_003,34
AGTTAGTGGAGGTTGCCAGG_004,175
AGTTAGTGGAGGTTGCCAGG_005,88
AGTTAGTGGAGGTTGCCAGG_006,160
AGTTAGTGGAGGTTGCCAGG_007,175
AGTTAGTGGAGGTTGCCAGG_008,129
AGTTAGTGGAGGTTGCCAGG_009,141
AGTTAGTGGAGGTTGCCAGG_010,88
AGTTAGTGGAGGTTGCCAGG_011,7
TTCACGTTACCTGATATCAC_001,69
TTCACGTTACCTGATATCAC_002,159
TTCACGTTACCTGATATCAC_003,182
TTGAGAAGAAGCTCATAGCG_001,184
TTGAGAAGAAGCTCATAGCG_002,69
TTGAGAAGAAGCTCATAGCG_003,146
TTGAGAAGAAGCTCATAGCG_004,41
TTGAGAAGAAGCTCATAGCG_005,157
TTGAGAAGAAGCTCATAGCG_006,64
TTGAGAAGAAGCTCATAGCG_007,4
TTGAGAAGAAGCTCATAGCG_008,47
TTGAGAAGAAGCTCATAGCG_009,67
TTGAGAAGAAGCTCATAGCG_010,127
TTGAGAAGAAGCTCATAGCG_011,25
TTGAGAAGAAGCTCATAGCG_012,45
TTGAGAAGAAGCTCATAGCG_013,64
TTGAGAAGAAGCTCATAGCG_014,156
TTGAGAAGAAGCTCATAGCG_015,20
TTGAGAAGAAGCTCATAGCG_016,146
TTGAGAAGAAGCTCATAGCG_017,146
TTGAGAAGAAGCTCATAGCG_018,118
TTGAGAAGAAGCTCATAGCG_019,3
TTGAGAAGAAGCTCATAGCG_020,174
TTGAGAAGAAGCTCATAGCG_021,19
TTGAGAAGAAGCTCATAGCG_022,82
TTGAGAAGAAGCTCATAGCG_023,77
TTGAGAAGAAGCTCATAGCG_024,156
TTTGACTTTAGACACAGCGG_001,169
TTTGACTTTAGACACAGCGG_002,113
TTTGACTTTAGACACAGCGG_003,148
TTTGACTTTAGACACAGCGG_004,40
TTTGACTTTAGACACAGCGG_005,177
CTACTTCATCTACACAGCAT_001,152
CTACTTCATCTACACAGCAT_002,4
CTACTTCATCTACACAGCAT_003,172
CTACTTCATCTACACAGCAT_004,176
CTACTTCATCTACACAGCAT_005,106
CTACTTCATCTACACAGCAT_006,173
CTACTTCATCTACACAGCAT_007,70
ACAAGTGAAACAAGTTTCTA_001,193
ACAAGTGAAACAAGTTTCTA_002,3
ACAAGTGAAACAAGTTTCTA_003,153
ACAAGTGAAACAAGTTTCTA_004,191
ACAAGTGAAACAAGTTTCTA_005,62
ACAAGTGAAACAAGTTTCTA_006,124
ACAAGTGAAACAAGTTTCTA_007,30
ACAAGTGAAACAAGTTTCTA_008,155
ACAAGTGAAACAAGTTTCTA_009,97
AGAGGCGCCGGTTGGACTCA_001,24
AGAGGCGCCGGTTGGACTCA_002,94
AGAGGCGCCGGTTGGACTCA_003,127
AGAGGCGCCGGTTGGACTCA_004,191
AGAGGCGCCGGTTGGACTCA_005,41
AGAGGCGCCGGTTGGACTCA_006,163
AGAGGCGCCGGTTGGACTCA_007,151
AGAGGCGCCGGTTGGACTCA_008,138
AGAGGCGCCGGTTGGACTCA_009,155
AGAGGCGCCGGTTGGACTCA_010,115
AGAGGCGCCGGTTGGACTCA_011,110
AGAGGCGCCGGTTGGACTCA_012,4
AGAGGCGCCGGTTGGACTCA_013,47
AAGGTGCACCGATCGCTCGT_001,107
AAGGTGCACCGATCGCTCGT_002,51
AAGGTGCACCGATCGCTCGT_003,190
AAGGTGCACCGATCGCTCGT_004,178
AAGGTGCACCGATCGCTCGT_005,10
TAGACTGACTTGCCACATCG_001,55
TAGACTGACTTGCCACATCG_002,198
TAGACTGACTTGCCACATCG_003,77
TAGACTGACTTGCCACATCG_004,15
TAGACTGACTTGCCACATCG_005,150
TAGACTGACTTGCCACATCG_006,21
TAGACTGACTTGCCACATCG_007,25
TAGACTGACTTGCCACATCG_008,135
TAGACTGACTTGCCACATCG_009,105
TAGACTGACTTGCCACATCG_010,131
TAGACTGACTTGCCACATCG_011,9
TAGACTGACTTGCCACATCG_012,113
TAGACTGACTTGCCACATCG_013,144
TAGACTGACTTGCCACATCG_014,166
TAGACTGACTTGCCACATCG_015,142
TAGACTGACTTGCCACATCG_016,156
TAGACTGACTTGCCACATCG_017,8
TAGACTGACTTGCCACATCG_018,70
GGAGTCATGCAAAAGAGCAA_001,151
GGAGTCATGCAAAAGAGCAA_002,80
GGAGTCATGCAAAAGAGCAA_003,141
GGAGTCATGCAAAAGAGCAA_004,176
GGAGTCATGCAAAAGAGCAA_005,161
GGAGTCATGCAAAAGAGCAA_006,139
GGAGTCATGCAAAAGAGCAA_007,194
GGAGTCATGCAAAAGAGCAA_008,148
GGAGTCATGCAAAAGAGCAA_009,55
GGAGTCATGCAAAAGAGCAA_010,176
GGAGTCATGCAAAAGAGCAA_011,192
GGAGTCATGCAAAAGAGCAA_012,68
GGAGTCATGCAAAAGAGCAA_013,112
GGAGTCATGCAAAAGAGCAA_014,82
GGAGTCATGCAAAAGAGCAA_015,158
GGAGTCATGCAAAAGAGCAA_016,60
AATGAACTGAGTAACTTGAG_001,176
AATGAACTGAGTAACTTGAG_002,36
AAATCTTGCAAAATCGGCAG_001,47
AAATCTTGCAAAATCGGCAG_002,182
AAATCTTGCAAAATCGGCAG_003,4
AAATCTTGCAAAATCGGCAG_004,62
AAATCTTGCAAAATCGGCAG_005,165
GATGAACACCCAGCCCATGG_001,193
GATGAACACCCAGCCCATGG_002,48
GATGAACACCCAGCCCATGG_003,131
GATGAACACCCAGCCCATGG_004,177
GATGAACACCCAGCCCATGG_005,114
GATGAACACCCAGCCCATGG_006,192
GATGAACACCCAGCCCATGG_007,166
GATGAACACCCAGCCCATGG_008,167
GATGAACACCCAGCCCATGG_009,188
CATGAAGAGTAGGCGAGCCG_001,15
CATGAAGAGTAGGCGAGCCG_002,192
CATGAAGAGTAGGCGAGCCG_003,149
GCCGTGCACTTACCCTTCTG_001,115
GCCGTGCACTTACCCTTCTG_002,28
GCCGTGCACTTACCCTTCTG_003,115
GCCGTGCACTTACCCTTCTG_004,113
GCCGTGCACTTACCCTTCTG_005,165
GCCGTGCACTTACCCTTCTG_006,155
GCCGTGCACTTACCCTTCTG_007,114
GCCGTGCACTTACCCTTCTG_008,132
GGTCACCAATGAGCTCGGGG_001,60
GGTCACCAATGAGCTCGGGG_002,104
GGTCACCAATGAGCTCGGGG_003,82
GGTCACCAATGAGCTCGGGG_004,115
GGTCACCAATGAGCTCGGGG_005,150
GGTCACCAATGAGCTCGGGG_006,53
GGTCACCAATGAGCTCGGGG_007,17
GGTCACCAATGAGCTCGGGG_008,60
GGTCACCAATGAGCTCGGGG_009,35
GGTCACCAATGAGCTCGGGG_010,94
GGTCACCAATGAGCTCGGGG_011,49
GGTCACCAATGAGCTCGGGG_012,19
GGTCACCAATGAGCTCGGGG_013,32
GGTCACCAATGAGCTCGGGG_014,132
GGTCACCAATGAGCTCGGGG_015,92
GGTCACCAATGAGCTCGGGG_016,133
GGTCACCAATGAGCTCGGGG_017,23
GGTCACCAATGAGCTCGGGG_018,69
GGTCACCAATGAGCTCGGGG_019,15
GGTCACCAATGAGCTCGGGG_020,191
GGTCACCAATGAGCTCGGGG_021,112
GGTCACCAATGAGCTCGGGG_022,152
GGTCACCAATGAGCTCGGGG_023,63
GGTCACCAATGAGCTCGGGG_024,49
GGTCACCAATGAGCTCGGGG_025,69
TCATGAAGATTAATAACACG_001,133
GGCTCAGGGTTACCGAAGAG_001,18
GGCTCAGGGTTACCGAAGAG_002,7
GGCTCAGGGTTACCGAAGAG_003,92
GGCTCAGGGTTACCGAAGAG_004,107
GGCTCAGGGTTACCGAAGAG_005,43
GGCTCAGGGTTACCGAAGAG_006,190
GGCTCAGGGTTACCGAAGAG_007,38
GGCTCAGGGTTACCGAAGAG_008,52
TGGACTCCCATAAAGCACCG_001,177
TGGACTCCCATAAAGCACCG_002,105
AAACGCTTCGCCTGGCAATG_001,105
AAACGCTTCGCCTGGCAATG_002,160
AAACGCTTCGCCTGGCAATG_003,195
AAACGCTTCGCCTGGCAATG_004,189
AAACGCTTCGCCTGGCAATG_005,116
AAACGCTTCGCCTGGCAATG_006,17
AAACGCTTCGCCTGGCAATG_007,160
AAACGCTTCGCCTGGCAATG_008,36
AAACGCTTCGCCTGGCAATG_009,186
AAACGCTTCGCCTGGCAATG_010,146
AAACGCTTCGCCTGGCAATG_011,22
AAACGCTTCGCCTGGCAATG_012,121
AAACGCTTCGCCTGGCAATG_013,15
AAACGCTTCGCCTGGCAATG_014,137
AAACGCTTCGCCTGGCAATG_015,56
AAACGCTTCGCCTGGCAATG_016,128
GAAATATTTGACTTCTAACG_001,198
GCATTAAGGTAATTGTACCC_001,103
CTGGTGGCGCAACATCTGGG_001,137
CTGGTGGCGCAACATCTGGG_002,21
CTGGTGGCGCAACATCTGGG_003,104
CTGGTGGCGCAACATCTGGG_004,123
CTGGTGGCGCAACATCTGGG_005,124
GTAGTGATGGAAGCTATGCT_001,70
GTAGTGATGGAAGCTATGCT_002,34
GTAGTGATGGAAGCTATGCT_003,104
GTAGTGATGGAAGCTATGCT_004,12
GTAGTGATGGAAGCTATGCT_005,182
GTAGTGATGGAAGCTATGCT_006,54
GTAGTGATGGAAGCTATGCT_007,191
GTAGTGATGGAAGCTATGCT_008,84
GTAGTGATGGAAGCTATGCT_009,148
GTAGTGATGGAAGCTATGCT_010,187
GTAGTGATGGAAGCTATGCT_011,146
GTAGTGATGGAAGCTATGCT_012,0
GTAGTGATGGAAGCTATGCT_013,93
GTAGTGATGGAAGCTATGCT_014,115
GTAGTGATGGAAGCTATGCT_015,56
GTAGTGATGGAAGCTATGCT_016,89
AAGGAAACATACCTCCCAGG_001,138
GAGCATTTCATCCAATATGT_001,75
GAGCATTTCATCCAATATGT_002,148
GAGCATTTCATCCAATATGT_003,34
GAGCATTTCATCCAATATGT_004,197
GAGCATTTCATCCAATATGT_005,28
GAGCATTTCATCCAATATGT_006,82
GAGCATTTCATCCAATATGT_007,63
CCTCAAACTCGGTGACCACG_001,115
CCTCAAACTCGGTGACCACG_002,155
CCTCAAACTCGGTGACCACG_003,131
CCTCAAACTCGGTGACCACG_004,48
CCTCAAACTCGGTGACCACG_005,88
CCTCAAACTCGGTGACCACG_006,28
CCTCAAACTCGGTGACCACG_007,28
CCTCAAACTCGGTGACCACG_008,92
CAGGATTCATTGCGTTCGAG_001,195
CAGGATTCATTGCGTTCGAG_002,199
CAGGATTCATTGCGTTCGAG_003,195
CAGGATTCATTGCGTTCGAG_004,168
CAGGATTCATTGCGTTCGAG_005,34
CAGGATTCATTGCGTTCGAG_006,8
CAGGATTCATTGCGTTCGAG_007,8
CAGGATTCATTGCGTTCGAG_008,110
CAGGATTCATTGCGTTCGAG_009,103
CTTACGAGGATTCAGACTGT_001,107
CTTACGAGGATTCAGACTGT_002,43
CTTACGAGGATTCAGACTGT_003,46
CTTACGAGGATTCAGACTGT_004,57
CTTACGAGGATTCAGACTGT_005,20
CTGAGTACAACTGTTCATTG_001,162
CTGAGTACAACTGTTCATTG_002,55
CTGAGTACAACTGTTCATTG_003,161
CTGAGTACAACTGTTCATTG_004,40
CTGAGTACAACTGTTCATTG_005,184
CTGAGTACAACTGTTCATTG_006,130
GAATGACCCACAGCCTGAGG_001,189
GAATGACCCACAGCCTGAGG_002,36
GAATGACCCACAGCCTGAGG_003,182
GAATGACCCACAGCCTGAGG_004,162
GAATGACCCACAGCCTGAGG_005,58
GAATGACCCACAGCCTGAGG_006,17
GGAGCTGCCGTTTGACAACG_001,72
GGAGCTGCCGTTTGACAACG_002,175
GTTGTCATTCTGCTCATAGG_001,155
GTTGTCATTCTGCTCATAGG_002,176
GTTGTCATTCTGCTCATAGG_003,67
GTTGTCATTCTGCTCATAGG_004,197
TCTATCAAATGGCCCTGTGG_001,139
TCTTCAGCAGGTGCATCAAA_001,166
TCTTCAGCAGGTGCATCAAA_002,84
TCTTCAGCAGGTGCATCAAA_003,9
TCTTCAGCAGGTGCATCAAA_004,133
TCTTCAGCAGGTGCATCAAA_005,134
TCTTCAGCAGGTGCATCAAA_006,15
TGGAGAAGCTTCCCACGACG_001,23
TGGAGAAGCTTCCCACGACG_002,178
TGGAGAAGCTTCCCACGACG_003,7
TTTCCCACCTGTCTCCACGC_001,114
TTTCCCACCTGTCTCCACGC_002,93
TTTCCCACCTGTCTCCACGC_003,188
TTTCCCACCTGTCTCCACGC_004,166
TTTCCCACCTGTCTCCACGC_005,132
TTTCCCACCTGTCTCCACGC_006,29
TTTCCCACCTGTCTCCACGC_007,84
GAGAGTGAGTCAGGAAGTCG_001,95
GAGAGTGAGTCAGGAAGTCG_002,2
GAGAGTGAGTCAGGAAGTCG_003,188
GAGAGTGAGTCAGGAAGTCG_004,97
GAGAGTGAGTCAGGAAGTCG_005,17
GAGAGTGAGTCAGGAAGTCG_006,176
GAGAGTGAGTCAGGAAGTCG_007,50
GAGAGTGAGTCAGGAAGTCG_008,163
GAGAGTGAGTCAGGAAGTCG_009,4
GAGAGTGAGTCAGGAAGTCG_010,102
GAGAGTGAGTCAGGAAGTCG_011,5
GAGAGTGAGTCAGGAAGTCG_012,129
GAGAGTGAGTCAGGAAGTCG_013,36
GAGAGTGAGTCAGGAAGTCG_014,127
GAGAGTGAGTCAGGAAGTCG_015,121
GAGAGTGAGTCAGGAAGTCG_016,105
GAGAGTGAGTCAGGAAGTCG_017,65
GAGAGTGAGTCAGGAAGTCG_018,188
CCAGAGCAAATGCCCCCAAG_001,17
CCAGAGCAAATGCCCCCAAG_002,45
CCAGAGCAAATGCCCCCAAG_003,76
CCAGAGCAAATGCCCCCAAG_004,110
CCAGAGCAAATGCCCCCAAG_005,195
CCAGAGCAAATGCCCCCAAG_006,130
CCAGAGCAAATGCCCCCAAG_007,162
CCAGAGCAAATGCCCCCAAG_008,147
CCAGAGCAAATGCCCCCAAG_009,34
CCAGAGCAAATGCCCCCAAG_010,99
CCAGAGCAAATGCCCCCAAG_011,16
CCAGAGCAAATGCCCCCAAG_012,158
CCAGAGCAAATGCCCCCAAG_013,10
CCAGAGCAAATGCCCCCAAG_014,89
CCAGAGCAAATGCCCCCAAG_015,77
CCAGAGCAAATGCCCCCAAG_016,184
GGAGTCGGGCTTCCTCATCG_001,150
GGAGTCGGGCTTCCTCATCG_002,163
GGAGTCGGGCTTCCTCATCG_003,199
GGAGTCGGGCTTCCTCATCG_004,94
GGAGTCGGGCTTCCTCATCG_005,150
GGAGTCGGGCTTCCTCATCG_006,178
GGAGTCGGGCTTCCTCATCG_007,80
GGAGTCGGGCTTCCTCATCG_008,184
GGAGTCGGGCTTCCTCATCG_009,130
GGAGTCGGGCTTCCTCATCG_010,62
GGAGTCGGGCTTCCTCATCG_011,28
GGAGTCGGGCTTCCTCATCG_012,191
GGAGTCGGGCTTCCTCATCG_013,70
GGAGTCGGGCTTCCTCATCG_014,70
AGAAGTTAGCCACGCTTCAG_001,80
AGAAGTTAGCCACGCTTCAG_002,161
AGAAGTTAGCCACGCTTCAG_003,77
AGAAGTTAGCCACGCTTCAG_004,121
AGAAGTTAGCCACGCTTCAG_005,189
AGAAGTTAGCCACGCTTCAG_006,170
AGAAGTTAGCCACGCTTCAG_007,9
AGAAGTTAGCCACGCTTCAG_008,19
AGAAGTTAGCCACGCTTCAG_009,198
AGAAGTTAGCCACGCTTCAG_010,4
AGAAGTTAGCCACGCTTCAG_011,85
AGAAGTTAGCCACGCTTCAG_012,171
AGAAGTTAGCCACGCTTCAG_013,142
AGAAGTTAGCCACGCTTCAG_014,88
AGAAGTTAGCCACGCTTCAG_015,88
AGAAGTTAGCCACGCTTCAG_016,41
AGAAGTTAGCCACGCTTCAG_017,58
AGAAGTTAGCCACGCTTCAG_018,192
AGAAGTTAGCCACGCTTCAG_019,67
ACAGTGTACCCTTAGTGACC_001,44
ACAGTGTACCCTTAGTGACC_002,42
CTCTCAGACGCCGAACGACA_001,86
CTCTCAGACGCCGAACGACA_002,69
CTCTCAGACGCCGAACGACA_003,20
CTCTCAGACGCCGAACGACA_004,120
CTCTCAGACGCCGAACGACA_005,63
CTCTCAGACGCCGAACGACA_006,79
CTCTCAGACGCCGAACGACA_007,160
CTCTCAGACGCCGAACGACA_008,171
CTCTCAGACGCCGAACGACA_009,165
CTCTCAGACGCCGAACGACA_010,89
CTCTCAGACGCCGAACGACA_011,37
CTCTCAGACGCCGAACGACA_012,88
CTCTCAGACGCCGAACGACA_013,143
CTCTCAGACGCCGAACGACA_014,148
CTCTCAGACGCCGAACGACA_015,136
CTCTCAGACGCCGAACGACA_016,136
CTCTCAGACGCCGAACGACA_017,88
CTGCGGACCATGAGCTACCG_001,169
CTGCGGACCATGAGCTACCG_002,198
CTGCGGACCATGAGCTACCG_003,113
CTGCGGACCATGAGCTACCG_004,155
CTGCGGACCATGAGCTACCG_005,96
CTGCGGACCATGAGCTACCG_006,149
CTGCGGACCATGAGCTACCG_007,38
CTGCGGACCATGAGCTACCG_008,29
CTGCGGACCATGAGCTACCG_009,72
CTGCGGACCATGAGCTACCG_010,105
CTGCGGACCATGAGCTACCG_011,191
CTGCGGACCATGAGCTACCG_012,45
CTGCGGACCATGAGCTACCG_013,114
CTGCGGACCATGAGCTACCG_014,114
CTGCGGACCATGAGCTACCG_015,24
CTGCGGACCATGAGCTACCG_016,137
CTGCGGACCATGAGCTACCG_017,125
CTGCGGACCATGAGCTACCG_018,199
CTGCGGACCATGAGCTACCG_019,168
CTGCGGACCATGAGCTACCG_020,84
CTGCGGACCATGAGCTACCG_021,148
CTGCGGACCATGAGCTACCG_022,182
CTGCGGACCATGAGCTACCG_023,67
CTGCGGACCATGAGCTACCG_024,25
CTGCGGACCATGAGCTACCG_025,79
CTGCGGACCATGAGCTACCG_026,105
CTGCGGACCATGAGCTACCG_027,118
CTGCGGACCATGAGCTACCG_028,77
CTGCGGACCATGAGCTACCG_029,18
CTGCGGACCATGAGCTACCG_030,197
CTGCGGACCATGAGCTACCG_031,69
GGACAGCTCACTATGGCACC_001,189
GGACAGCTCACTATGGCACC_002,112
GGACAGCTCACTATGGCACC_003,172
ATCCAAAGTAACTAAACAGG_001,196
ATCCAAAGTAACTAAACAGG_002,64
ATCCAAAGTAACTAAACAGG_003,61
ATCCAAAGTAACTAAACAGG_004,104
ATCCAAAGTAACTAAACAGG_005,58
ATCCAAAGTAACTAAACAGG_006,95
ATCCAAAGTAACTAAACAGG_007,71
ATCCAAAGTAACTAAACAGG_008,81
ATCCAAAGTAACTAAACAGG_009,190
ATCCAAAGTAACTAAACAGG_010,48
ATCCAAAGTAACTAAACAGG_011,94
ATCCAAAGTAACTAAACAGG_012,149
CTCATGCAGCTGTTCCCGCG_001,125
CTCATGCAGCTGTTCCCGCG_002,8
CTCATGCAGCTGTTCCCGCG_003,94
CTCATGCAGCTGTTCCCGCG_004,115
CTCATGCAGCTGTTCCCGCG_005,80
CTCATGCAGCTGTTCCCGCG_006,169
CTCATGCAGCTGTTCCCGCG_007,32
CTCATGCAGCTGTTCCCGCG_008,42
CTCATGCAGCTGTTCCCGCG_009,45
CTCATGCAGCTGTTCCCGCG_010,199
CAGGATCTTCAACATTCCAG_001,49
CAGGATCTTCAACATTCCAG_002,129
GACCTTACTATCCCGGATGG_001,176
AGAATCCGAGTGAGCAACCG_001,49
AGAATCCGAGTGAGCAACCG_002,188
AGAATCCGAGTGAGCAACCG_003,113
AGAATCCGAGTGAGCAACCG_004,39
AGAATCCGAGTGAGCAACCG_005,177
AGAATCCGAGTGAGCAACCG_006,168
AGAATCCGAGTGAGCAACCG_007,114
AGAATCCGAGTGAGCAACCG_008,114
CTACGCGCGCATCTACCGAG_001,121
CTACGCGCGCATCTACCGAG_002,145
CTACGCGCGCATCTACCGAG_003,28
CTACGCGCGCATCTACCGAG_004,140
CTACGCGCGCATCTACCGAG_005,47
GGCACACACGTGGCAGTCCA_001,138
GGCACACACGTGGCAGTCCA_002,168
GGCACACACGTGGCAGTCCA_003,97
GGCACACACGTGGCAGTCCA_004,178
GGCACACACGTGGCAGTCCA_005,177
GGCACACACGTGGCAGTCCA_006,144
GGCACACACGTGGCAGTCCA_007,182
GGCACACACGTGGCAGTCCA_008,150
GGCACACACGTGGCAGTCCA_009,117
GGCACACACGTGGCAGTCCA_010,15
GGCACACACGTGGCAGTCCA_011,103
GGCACACACGTGGCAGTCCA_012,162
GGCACACACGTGGCAGTCCA_013,78
GGCACACACGTGGCAGTCCA_014,118
GGCACACACGTGGCAGTCCA_015,0
GGCACACACGTGGCAGTCCA_016,73
CATGGAGAGCACAGACAACG_001,111
CATGGAGAGCACAGACAACG_002,157
CATGGAGAGCACAGACAACG_003,107
CATGGAGAGCACAGACAACG_004,169
GAGTGTCTGCACAACAATGG_001,162
GAGTGTCTGCACAACAATGG_002,49
GAGTGTCTGCACAACAATGG_003,1
GAGTGTCTGCACAACAATGG_004,49
GAGTGTCTGCACAACAATGG_005,9
GAGTGTCTGCACAACAATGG_006,56
GAGTGTCTGCACAACAATGG_007,156
GAGTGTCTGCACAACAATGG_008,17
GAGTGTCTGCACAACAATGG_009,76
GAGTGTCTGCACAACAATGG_010,10
GAGTGTCTGCACAACAATGG_011,169
GAGTGTCTGCACAACAATGG_012,45
GAGTGTCTGCACAACAATGG_013,20
GAGTGTCTGCACAACAATGG_014,171
GAGTGTCTGCACAACAATGG_015,65
GAGTGTCTGCACAACAATGG_016,42
GAGTGTCTGCACAACAATGG_017,147
GAGTGTCTGCACAACAATGG_018,77
GAGTGTCTGCACAACAATGG_019,192
GAGTGTCTGCACAACAATGG_020,94
GAGTGTCTGCACAACAATGG_021,156
GAGTGTCTGCACAACAATGG_022,66
GAGTGTCTGCACAACAATGG_023,165
GAGTGTCTGCACAACAATGG_024,109
GCAGGTTGAAGGCGAACATG_001,119
GCAGGTTGAAGGCGAACATG_002,22
GCAGGTTGAAGGCGAACATG_003,9
GCAGGTTGAAGGCGAACATG_004,184
GCAGGTTGAAGGCGAACATG_005,72
GCAGGTTGAAGGCGAACATG_006,58
GCAGGTTGAAGGCGAACATG_007,33
GCAGGTTGAAGGCGAACATG_008,152
GCAGGTTGAAGGCGAACATG_009,161
GCAGGTTGAAGGCGAACATG_010,18
GCAGGTTGAAGGCGAACATG_011,149
GCAGGTTGAAGGCGAACATG_012,106
GCAGGTTGAAGGCGAACATG_013,117
GCAGGTTGAAGGCGAACATG_014,162
GCAGGTTGAAGGCGAACATG_015,8
GCAGGTTGAAGGCGAACATG_016,144
GCAGGTTGAAGGCGAACATG_017,180
GCAGGTTGAAGGCGAACATG_018,28
GCAGGTTGAAGGCGAACATG_019,88
GCAGGTTGAAGGCGAACATG_020,119
GCAGGTTGAAGGCGAACATG_021,103
GCAGGTTGAAGGCGAACATG_022,66
GCAGGTTGAAGGCGAACATG_023,39
GCAGGTTGAAGGCGAACATG_024,152
TGATAGCAGAAAAAAGACGC_001,41
TGATAGCAGAAAAAAGACGC_002,88
TGATAGCAGAAAAAAGACGC_003,184
TGATAGCAGAAAAAAGACGC_004,142
TGATAGCAGAAAAAAGACGC_005,121
TGATAGCAGAAAAAAGACGC_006,103
TGATAGCAGAAAAAAGACGC_007,150
TGATAGCAGAAAAAAGACGC_008,58
TGATAGCAGAAAAAAGACGC_009,184
TGATAGCAGAAAAAAGACGC_010,149
TGATAGCAGAAAAAAGACGC_011,16
TGATAGCAGAAAAAAGACGC_012,58
TGATAGCAGAAAAAAGACGC_013,88
TGATAGCAGAAAAAAGACGC_014,134
TGATAGCAGAAAAAAGACGC_015,168
TGATAGCAGAAAAAAGACGC_016,55
TGATAGCAGAAAAAAGACGC_017,12
GAAGGAACGCAAGTGCCACG_001,169
GAAGGAACGCAAGTGCCACG_002,27
GAAGGAACGCAAGTGCCACG_003,0
GAAGGAACGCAAGTGCCACG_004,150
GAAGGAACGCAAGTGCCACG_005,62
TGGGATCTGAACAGGCCACC_001,150
TGGGATCTGAACAGGCCACC_002,50
TGGGATCTGAACAGGCCACC_003,126
TGGGATCTGAACAGGCCACC_004,62
TGGGATCTGAACAGGCCACC_005,162
TGGGATCTGAACAGGCCACC_006,127
TGGGATCTGAACAGGCCACC_007,142
TGGGATCTGAACAGGCCACC_008,106
TGGGATCTGAACAGGCCACC_009,117
AGTTGATGCCAACTCAGTGG_001,119
AGTTGATGCCAACTCAGTGG_002,53
AGTTGATGCCAACTCAGTGG_003,5
TCCAGAATACTTAACAGCTG_001,83
TCCAGAATACTTAACAGCTG_002,158
TCCAGAATACTTAACAGCTG_003,90
CATTCCCTAGATATACCCCA_001,191
GTATACAAAACACAACCCCC_001,19
GTATACAAAACACAACCCCC_002,160
GTATACAAAACACAACCCCC_003,145
GTATACAAAACACAACCCCC_004,87
GTATACAAAACACAACCCCC_005,68
GTATACAAAACACAACCCCC_006,12
GGCAGCTGCTACACGGTCGA_001,21
GGCAGCTGCTACACGGTCGA_002,147
GGCAGCTGCTACACGGTCGA_003,127
GGCAGCTGCTACACGGTCGA_004,70
GGCAGCTGCTACACGGTCGA_005,6
GGCAGCTGCTACACGGTCGA_006,130
GGCAGCTGCTACACGGTCGA_007,12
GGCAGCTGCTACACGGTCGA_008,60
GGCAGCTGCTACACGGTCGA_009,110
GGCAGCTGCTACACGGTCGA_010,117
GGCAGCTGCTACACGGTCGA_011,137
GGCAGCTGCTACACGGTCGA_012,84
GGCAGCTGCTACACGGTCGA_013,166
GGCAGCTGCTACACGGTCGA_014,189
GGCAGCTGCTACACGGTCGA_015,147
GGCAGCTGCTACACGGTCGA_016,198
GGCAGCTGCTACACGGTCGA_017,86
GGCAGCTGCTACACGGTCGA_018,70
GGCAGCTGCTACACGGTCGA_019,27
GGCAGCTGCTACACGGTCGA_020,170
GGCAGCTGCTACACGGTCGA_021,117
CTGGCTCAATAGGTCCAAGG_001,63
CTGGCTCAATAGGTCCAAGG_002,173
CTGGCTCAATAGGTCCAAGG_003,98
CTGGCTCAATAGGTCCAAGG_004,124
GTCATCATAGAATCCCCCTG_001,198
GTCATCATAGAATCCCCCTG_002,158
GTCATCATAGAATCCCCCTG_003,181
GTCATCATAGAATCCCCCTG_004,0
GTCATCATAGAATCCCCCTG_005,30
GTCATCATAGAATCCCCCTG_006,127
GTCATCATAGAATCCCCCTG_007,165
GTCATCATAGAATCCCCCTG_008,160
GGTGCTCATGAGTGCCACAG_001,64
GGTGCTCATGAGTGCCACAG_002,161
GGTGCTCATGAGTGCCACAG_003,8
GGTGCTCATGAGTGCCACAG_004,8
GGTGCTCATGAGTGCCACAG_005,67
GGTGCTCATGAGTGCCACAG_006,12
GGTGCTCATGAGTGCCACAG_007,116
GGTGCTCATGAGTGCCACAG_008,192
GGTGCTCATGAGTGCCACAG_009,138
GGTGCTCATGAGTGCCACAG_010,131
GGTGCTCATGAGTGCCACAG_011,142
GGTGCTCATGAGTGCCACAG_012,34
GGTGCTCATGAGTGCCACAG_013,70
ACAGCACTGGGAACAGCATG_001,12
ACAGCACTGGGAACAGCATG_002,132
ACAGCACTGGGAACAGCATG_003,162
ACAGCACTGGGAACAGCATG_004,56
ACAGCACTGGGAACAGCATG_005,148
ACAGCACTGGGAACAGCATG_006,148
ACAGCACTGGGAACAGCATG_007,148
ATCTACAATCCAGCCCTCTA_001,78
ATCTACAATCCAGCCCTCTA_002,16
ATCTACAATCCAGCCCTCTA_003,198
ATCTACAATCCAGCCCTCTA_004,140
ATCTACAATCCAGCCCTCTA_005,190
ATCTACAATCCAGCCCTCTA_006,170
ATCTACAATCCAGCCCTCTA_007,127
ATCTACAATCCAGCCCTCTA_008,70
ATCTACAATCCAGCCCTCTA_009,110
ATCTACAATCCAGCCCTCTA_010,141
ATCTACAATCCAGCCCTCTA_011,49
ATCTACAATCCAGCCCTCTA_012,35
ATCTACAATCCAGCCCTCTA_013,15
ATCTACAATCCAGCCCTCTA_014,62
ATCTACAATCCAGCCCTCTA_015,92
ATCTACAATCCAGCCCTCTA_016,121
ATCTACAATCCAGCCCTCTA_017,51
ATCTACAATCCAGCCCTCTA_018,169
ATCTACAATCCAGCCCTCTA_019,62
ATCTACAATCCAGCCCTCTA_020,62
ATCTACAATCCAGCCCTCTA_021,178
ATCTACAATCCAGCCCTCTA_022,178
ATCTACAATCCAGCCCTCTA_023,0
ATCTACAATCCAGCCCTCTA_024,115
ATCTACAATCCAGCCCTCTA_025,53
ATCTACAATCCAGCCCTCTA_026,41
GGCTGCGCGGAGAGACCAAG_001,101
GGCTGCGCGGAGAGACCAAG_002,132
GGCTGCGCGGAGAGACCAAG_003,62
GGCTGCGCGGAGAGACCAAG_004,78
GGCTGCGCGGAGAGACCAAG_005,159
GGCTGCGCGGAGAGACCAAG_006,105
GGCTGCGCGGAGAGACCAAG_007,127
GGCTGCGCGGAGAGACCAAG_008,149
GGCTGCGCGGAGAGACCAAG_009,105
GGCTGCGCGGAGAGACCAAG_010,17
GGCTGCGCGGAGAGACCAAG_011,147
GGCTGCGCGGAGAGACCAAG_012,48
GGCTGCGCGGAGAGACCAAG_013,175
GGCTGCGCGGAGAGACCAAG_014,188
GGCTGCGCGGAGAGACCAAG_015,150
ACCTACCATGGAACTCGAAG_001,8
ACCTACCATGGAACTCGAAG_002,169
CGTCGATGAACGAAGTTCAG_001,95
CGTCGATGAACGAAGTTCAG_002,25
CGTCGATGAACGAAGTTCAG_003,107
GATTAGGTTATCAATCAGGC_001,157
GATTAGGTTATCAATCAGGC_002,38
CCTTTCCTAAGGGACACTAA_001,169
GTGTATTCATGTGGTCTCGA_001,181
GTGTATTCATGTGGTCTCGA_002,134
GTGTATTCATGTGGTCTCGA_003,108
GTGTATTCATGTGGTCTCGA_004,177
GTGTATTCATGTGGTCTCGA_005,10
GTGTATTCATGTGGTCTCGA_006,41
GTGTATTCATGTGGTCTCGA_007,16
GTGTATTCATGTGGTCTCGA_008,26
GTGTATTCATGTGGTCTCGA_009,68
GTGTATTCATGTGGTCTCGA_010,155
AGATGCCCCTCCATCCGGAG_001,191
AGATGCCCCTCCATCCGGAG_002,172
AGATGCCCCTCCATCCGGAG_003,193
AGATGCCCCTCCATCCGGAG_004,88
AGATGCCCCTCCATCCGGAG_005,1
AGATGCCCCTCCATCCGGAG_006,134
AGATGCCCCTCCATCCGGAG_007,190
AGATGCCCCTCCATCCGGAG_008,190
AGATGCCCCTCCATCCGGAG_009,133
AGATGCCCCTCCATCCGGAG_010,63
AGATGCCCCTCCATCCGGAG_011,145
CAGTCCCAGGCACATCACCA_001,149
CAGTCCCAGGCACATCACCA_002,24
CAGTCCCAGGCACATCACCA_003,154
CAGTCCCAGGCACATCACCA_004,23
CAGTCCCAGGCACATCACCA_005,114
CAGTCCCAGGCACATCACCA_006,82
CAGTCCCAGGCACATCACCA_007,183
CAGTCCCAGGCACATCACCA_008,82
CAGTCCCAGGCACATCACCA_009,9
CAGTCCCAGGCACATCACCA_010,115
TGTGGGCTTAAATTCACTGA_001,6
TGTGGGCTTAAATTCACTGA_002,146
TGTGGGCTTAAATTCACTGA_003,171
TGTGGGCTTAAATTCACTGA_004,179
TGTGGGCTTAAATTCACTGA_005,82
TGTGGGCTTAAATTCACTGA_006,98
TGTGGGCTTAAATTCACTGA_007,181
TGTGGGCTTAAATTCACTGA_008,102
TGTGGGCTTAAATTCACTGA_009,24
TGTGGGCTTAAATTCACTGA_010,76
TGTGGGCTTAAATTCACTGA_011,4
TGTGGGCTTAAATTCACTGA_012,133
TGTGGGCTTAAATTCACTGA_013,144
ATAGTAACGTCAGGGAGTAA_001,57
ATAGTAACGTCAGGGAGTAA_002,36
ATAGTAACGTCAGGGAGTAA_003,196
ATAGTAACGTCAGGGAGTAA_004,67
ATAGTAACGTCAGGGAGTAA_005,195
ATAGTAACGTCAGGGAGTAA_006,141
ATAGTAACGTCAGGGAGTAA_007,144
ATAGTAACGTCAGGGAGTAA_008,161
ATAGTAACGTCAGGGAGTAA_009,197
ATAGTAACGTCAGGGAGTAA_010,145
ATAGTAACGTCAGGGAGTAA_011,140
GGTACTAGCACAGGAGCCCG_001,105
GGTACTAGCACAGGAGCCCG_002,102
GGTACTAGCACAGGAGCCCG_003,94
GGTACTAGCACAGGAGCCCG_004,188
GGTACTAGCACAGGAGCCCG_005,55
GGTACTAGCACAGGAGCCCG_006,62
GGTACTAGCACAGGAGCCCG_007,41
GGTACTAGCACAGGAGCCCG_008,181
GGTACTAGCACAGGAGCCCG_009,41
GGTACTAGCACAGGAGCCCG_010,198
GGTACTAGCACAGGAGCCCG_011,135
GGTACTAGCACAGGAGCCCG_012,170
GACAGCAAGTCCATCCCATG_001,134
GACAGCAAGTCCATCCCATG_002,17
GACAGCAAGTCCATCCCATG_003,184
GACAGCAAGTCCATCCCATG_004,75
GACAGCAAGTCCATCCCATG_005,22
GACAGCAAGTCCATCCCATG_006,163
GACAGCAAGTCCATCCCATG_007,17
GACAGCAAGTCCATCCCATG_008,14
TAGCTTGCTGGTGTTAGCAA_001,8
TAGCTTGCTGGTGTTAGCAA_002,94
TAGCTTGCTGGTGTTAGCAA_003,102
TAGCTTGCTGGTGTTAGCAA_004,47
TAGCTTGCTGGTGTTAGCAA_005,117
TAGCTTGCTGGTGTTAGCAA_006,75
TAGCTTGCTGGTGTTAGCAA_007,170
TAGCTTGCTGGTGTTAGCAA_008,119
TAGCTTGCTGGTGTTAGCAA_009,23
ACCCGGGCATAGGGTCCAGG_001,11
ACCCGGGCATAGGGTCCAGG_002,163
ACCCGGGCATAGGGTCCAGG_003,180
ACCCGGGCATAGGGTCCAGG_004,100
GCTGCAGATTCCGCTTCGGG_001,183
GCTGCAGATTCCGCTTCGGG_002,65
GCTGCAGATTCCGCTTCGGG_003,176
GATTGCAATCTGTCAGAACG_001,113
GATTGCAATCTGTCAGAACG_002,112
GATTGCAATCTGTCAGAACG_003,49
GATTGCAATCTGTCAGAACG_004,60
GATTGCAATCTGTCAGAACG_005,25
GATTGCAATCTGTCAGAACG_006,86
GATTGCAATCTGTCAGAACG_007,169
GATTGCAATCTGTCAGAACG_008,14
GATTGCAATCTGTCAGAACG_009,65
GATTGCAATCTGTCAGAACG_010,199
GATTGCAATCTGTCAGAACG_011,17
GATTGCAATCTGTCAGAACG_012,78
GATTGCAATCTGTCAGAACG_013,35
GATTGCAATCTGTCAGAACG_014,171
GGACGCTGAGTACAACCCTG_001,62
GGACGCTGAGTACAACCCTG_002,188
GGACGCTGAGTACAACCCTG_003,88
GGACGCTGAGTACAACCCTG_004,145
CAACACGAAGTAGTCAGCCG_001,98
CAACACGAAGTAGTCAGCCG_002,44
CAACACGAAGTAGTCAGCCG_003,22
CAACACGAAGTAGTCAGCCG_004,69
CAACACGAAGTAGTCAGCCG_005,176
CAACACGAAGTAGTCAGCCG_006,5
ATGTGGCTCTATCGTCCACA_001,152
ATGTGGCTCTATCGTCCACA_002,3
ATGTGGCTCTATCGTCCACA_003,110
GCTTATTGCTGTCAAGTCGG_001,23
GCTTATTGCTGTCAAGTCGG_002,151
GCTTATTGCTGTCAAGTCGG_003,12
GCTTATTGCTGTCAAGTCGG_004,54
GCTTATTGCTGTCAAGTCGG_005,3
TCTGCCGTACCGATTTAGCG_001,149
TCTGCCGTACCGATTTAGCG_002,101
TCTGCCGTACCGATTTAGCG_003,67
TCTGCCGTACCGATTTAGCG_004,172
TCTGCCGTACCGATTTAGCG_005,15
GCCTATCAACCCATCAAGGA_001,76
GCCTATCAACCCATCAAGGA_002,10
GCCTATCAACCCATCAAGGA_003,6
GCCTATCAACCCATCAAGGA_004,134
GCCTATCAACCCATCAAGGA_005,15
GCCTATCAACCCATCAAGGA_006,13
GCCTATCAACCCATCAAGGA_007,75
GCCTATCAACCCATCAAGGA_008,102
GCCTATCAACCCATCAAGGA_009,153
GCCTATCAACCCATCAAGGA_010,82
GCCTATCAACCCATCAAGGA_011,32
GCCTATCAACCCATCAAGGA_012,172
GCCTATCAACCCATCAAGGA_013,94
TGTGTCTCAACATGGCAATG_001,92
TGTGTCTCAACATGGCAATG_002,60
TGTGTCTCAACATGGCAATG_003,134
TGTGTCTCAACATGGCAATG_004,175
TGTGTCTCAACATGGCAATG_005,60
TGTGTCTCAACATGGCAATG_006,8
TCCCCCAGTCCAGCGCGACG_001,49
TCCCCCAGTCCAGCGCGACG_002,12
TCCCCCAGTCCAGCGCGACG_003,7
AAGTTGCTTCCGTTCCCGTG_001,129
AAGTTGCTTCCGTTCCCGTG_002,130
AAGTTGCTTCCGTTCCCGTG_003,94
AAGTTGCTTCCGTTCCCGTG_004,52
AAGTTGCTTCCGTTCCCGTG_005,16
AAGTTGCTTCCGTTCCCGTG_006,32
AAGTTGCTTCCGTTCCCGTG_007,118
AAGTTGCTTCCGTTCCCGTG_008,89
AAGTTGCTTCCGTTCCCGTG_009,11
AAGTTGCTTCCGTTCCCGTG_010,82
AAGTTGCTTCCGTTCCCGTG_011,17
AAGTTGCTTCCGTTCCCGTG_012,15
AAGTTGCTTCCGTTCCCGTG_013,169
AAGTTGCTTCCGTTCCCGTG_014,4
AAGTTGCTTCCGTTCCCGTG_015,4
AAGTTGCTTCCGTTCCCGTG_016,94
AAGTTGCTTCCGTTCCCGTG_017,94
AAGTTGCTTCCGTTCCCGTG_018,143
AAGTTGCTTCCGTTCCCGTG_019,165
AAGTTGCTTCCGTTCCCGTG_020,29
AAGTTGCTTCCGTTCCCGTG_021,39
AAGTTGCTTCCGTTCCCGTG_022,106
AAGTTGCTTCCGTTCCCGTG_023,41
AAGTTGCTTCCGTTCCCGTG_024,164
AAGTTGCTTCCGTTCCCGTG_025,142
AAGTTGCTTCCGTTCCCGTG_026,81
CAGCAACAACTCCAAACCCG_001,15
CAGCAACAACTCCAAACCCG_002,174
CAGCAACAACTCCAAACCCG_003,162
CAGCAACAACTCCAAACCCG_004,184
ACTGAAAATGGGCTTCACGA_001,34
ACTGAAAATGGGCTTCACGA_002,195
ACTGAAAATGGGCTTCACGA_003,68
ACTGAAAATGGGCTTCACGA_004,165
ACTGAAAATGGGCTTCACGA_005,154
ACTGAAAATGGGCTTCACGA_006,158
ACTGAAAATGGGCTTCACGA_007,17
ACTGAAAATGGGCTTCACGA_008,120
ACTGAAAATGGGCTTCACGA_009,166
ACTGAAAATGGGCTTCACGA_010,134
ACTGAAAATGGGCTTCACGA_011,58
ACTGAAAATGGGCTTCACGA_012,77
ATACTTACATTAATCACACC_001,72
ACTGTCAGCCATGTATGCAG_001,172
ACTGTCAGCCATGTATGCAG_002,2
ACTGTCAGCCATGTATGCAG_003,2
ACTGTCAGCCATGTATGCAG_004,95
ACTGTCAGCCATGTATGCAG_005,140
ACTGTCAGCCATGTATGCAG_006,181
ACTGTCAGCCATGTATGCAG_007,98
ACTGTCAGCCATGTATGCAG_008,34
ACTGTCAGCCATGTATGCAG_009,149
ACTGTCAGCCATGTATGCAG_010,83
ACTGTCAGCCATGTATGCAG_011,10
ACTGTCAGCCATGTATGCAG_012,160
ACTGTCAGCCATGTATGCAG_013,52
ACTGTCAGCCATGTATGCAG_014,31
ACTGTCAGCCATGTATGCAG_015,150
GCACAGCGACTACCACATCG_001,88
GCACAGCGACTACCACATCG_002,197
GCACAGCGACTACCACATCG_003,198
GCACAGCGACTACCACATCG_004,69
GCACAGCGACTACCACATCG_005,19
GCACAGCGACTACCACATCG_006,169
GCACAGCGACTACCACATCG_007,77
GCACAGCGACTACCACATCG_008,50
CGAAACCCTCTTAAGTTAAC_001,62
CGAAACCCTCTTAAGTTAAC_002,145
CGAAACCCTCTTAAGTTAAC_003,117
CGAAACCCTCTTAAGTTAAC_004,12
CGAAACCCTCTTAAGTTAAC_005,63
CGAAACCCTCTTAAGTTAAC_006,9
CGAAACCCTCTTAAGTTAAC_007,165
CGAAACCCTCTTAAGTTAAC_008,17
CGAAACCCTCTTAAGTTAAC_009,115
CGAAACCCTCTTAAGTTAAC_010,115
CGAAACCCTCTTAAGTTAAC_011,45
CGAAACCCTCTTAAGTTAAC_012,170
GGGGGAAACTCATCTATCAG_001,108
CATGGCCTACAATTCTGTTG_001,165
CATGGCCTACAATTCTGTTG_002,174
TTTCTGAAACAGGATCGTGT_001,196
TTTCTGAAACAGGATCGTGT_002,164
TTTCTGAAACAGGATCGTGT_003,188
TTTCTGAAACAGGATCGTGT_004,76
TTTCTGAAACAGGATCGTGT_005,181
TTTCTGAAACAGGATCGTGT_006,50
TTTCTGAAACAGGATCGTGT_007,63
GAAGCCGGGAACCTACTACT_001,191
GAAGCCGGGAACCTACTACT_002,7
GAAGCCGGGAACCTACTACT_003,139
GAAGCCGGGAACCTACTACT_004,73
GAAGCCGGGAACCTACTACT_005,92
GAAGCCGGGAACCTACTACT_006,38
GAAGCCGGGAACCTACTACT_007,57
GAAGCCGGGAACCTACTACT_008,32
GAAGCCGGGAACCTACTACT_009,175
GAAGCCGGGAACCTACTACT_010,102
GAAGCCGGGAACCTACTACT_011,81
GAAGCCGGGAACCTACTACT_012,81
GAAGCCGGGAACCTACTACT_013,76
GAAGCCGGGAACCTACTACT_014,77
GAAGCCGGGAACCTACTACT_015,150
GAAGCCGGGAACCTACTACT_016,92
GAAGCCGGGAACCTACTACT_017,155
GAAGCCGGGAACCTACTACT_018,67
GAAGCCGGGAACCTACTACT_019,4
GAAGCCGGGAACCTACTACT_020,4
GAATTAAATCAAGAGCGTCG_001,70
GAATTAAATCAAGAGCGTCG_002,60
GTCACAACCCTGGAGAACCG_001,137
GTCACAACCCTGGAGAACCG_002,49
GTCACAACCCTGGAGAACCG_003,2
GTCACAACCCTGGAGAACCG_004,84
GTCACAACCCTGGAGAACCG_005,11
GTCACAACCCTGGAGAACCG_006,101
GTCACAACCCTGGAGAACCG_007,147
GAATGGGACGGATATTCAAG_001,136
GAATGGGACGGATATTCAAG_002,66
ATGAGGCCCAGTGCCGACGA_001,141
ATGAGGCCCAGTGCCGACGA_002,7
ATGAGGCCCAGTGCCGACGA_003,172
ATGAGGCCCAGTGCCGACGA_004,188
ATGAGGCCCAGTGCCGACGA_005,78
ATGAGGCCCAGTGCCGACGA_006,179
ATGAGGCCCAGTGCCGACGA_007,150
ATGAGGCCCAGTGCCGACGA_008,100
ATGAGGCCCAGTGCCGACGA_009,191
ATGAGGCCCAGTGCCGACGA_010,137
ATGAGGCCCAGTGCCGACGA_011,177
ATGAGGCCCAGTGCCGACGA_012,48
ATGAGGCCCAGTGCCGACGA_013,115
ATGAGGCCCAGTGCCGACGA_014,32
ATGAGGCCCAGTGCCGACGA_015,30
ATGAGGCCCAGTGCCGACGA_016,123
ATGAGGCCCAGTGCCGACGA_017,166
GAGACTACTGAAGATCTCCA_001,108
GAGACTACTGAAGATCTCCA_002,108
GAGACTACTGAAGATCTCCA_003,71
GAGACTACTGAAGATCTCCA_004,81
GAGACTACTGAAGATCTCCA_005,184
GAGACTACTGAAGATCTCCA_006,98
GAGACTACTGAAGATCTCCA_007,190
GAGACTACTGAAGATCTCCA_008,36
GAGACTACTGAAGATCTCCA_009,1
GAGACTACTGAAGATCTCCA_010,196
GAGACTACTGAAGATCTCCA_011,190
CTTACGTGAAACCCTTCAGA_001,153
CTTACGTGAAACCCTTCAGA_002,82
CTTACGTGAAACCCTTCAGA_003,14
CTTACGTGAAACCCTTCAGA_004,153
CTTACGTGAAACCCTTCAGA_005,105
CTTACGTGAAACCCTTCAGA_006,174
CTTACGTGAAACCCTTCAGA_007,166
CTTACGTGAAACCCTTCAGA_008,142
CTTACGTGAAACCCTTCAGA_009,153
CGACGAATACCAGCGCACGT_001,42
CGACGAATACCAGCGCACGT_002,184
CGACGAATACCAGCGCACGT_003,77
CGACGAATACCAGCGCACGT_004,60
CGACGAATACCAGCGCACGT_005,83
CGACGAATACCAGCGCACGT_006,150
CGACGAATACCAGCGCACGT_007,137
CGACGAATACCAGCGCACGT_008,54
CGACGAATACCAGCGCACGT_009,24
CGACGAATACCAGCGCACGT_010,17
CGACGAATACCAGCGCACGT_011,2
CGACGAATACCAGCGCACGT_012,72
CGACGAATACCAGCGCACGT_013,104
TGCCTATGGGCAATAATGCA_001,145
TGCCTATGGGCAATAATGCA_002,183
TGCCTATGGGCAATAATGCA_003,107
TGCCTATGGGCAATAATGCA_004,184
TGCCTATGGGCAATAATGCA_005,196
TGCCTATGGGCAATAATGCA_006,161
TGCCTATGGGCAATAATGCA_007,175
GTAAACTCACCAAAGTGACC_001,106
GTAAACTCACCAAAGTGACC_002,108
ACGCACACAGCAGATCCAAG_001,181
ACGCACACAGCAGATCCAAG_002,91
ACGCACACAGCAGATCCAAG_003,61
ACGCACACAGCAGATCCAAG_004,148
ACGCACACAGCAGATCCAAG_005,85
ACGCACACAGCAGATCCAAG_006,85
ACGCACACAGCAGATCCAAG_007,194
ACGCACACAGCAGATCCAAG_008,186
ACGCACACAGCAGATCCAAG_009,126
ACGCACACAGCAGATCCAAG_010,157
ACGCACACAGCAGATCCAAG_011,9
ACGCACACAGCAGATCCAAG_012,123
ACGCACACAGCAGATCCAAG_013,12
ACGCACACAGCAGATCCAAG_014,9
GGTGTGGCTGAGCTATGGCG_001,80
GGTGTGGCTGAGCTATGGCG_002,63
GGTGTGGCTGAGCTATGGCG_003,81
GGTGTGGCTGAGCTATGGCG_004,185
GGTGTGGCTGAGCTATGGCG_005,183
TGGTTTCATTCGAATGACGG_001,53
TGGTTTCATTCGAATGACGG_002,80
TGGTTTCATTCGAATGACGG_003,196
TGGTTTCATTCGAATGACGG_004,169
TGGTTTCATTCGAATGACGG_005,71
TGGTTTCATTCGAATGACGG_006,52
TGGTTTCATTCGAATGACGG_007,90
TGGTTTCATTCGAATGACGG_008,35
TGGTTTCATTCGAATGACGG_009,148
TGGTTTCATTCGAATGACGG_010,130
TTACCTAAGTGGCTGCAACG_001,183
TTACCTAAGTGGCTGCAACG_002,158
TTACCTAAGTGGCTGCAACG_003,53
TTACCTAAGTGGCTGCAACG_004,172
TTACCTAAGTGGCTGCAACG_005,168
TTACCTAAGTGGCTGCAACG_006,169
TTACCTAAGTGGCTGCAACG_007,1
TTACCTAAGTGGCTGCAACG_008,88
TTACCTAAGTGGCTGCAACG_009,22
TTACCTAAGTGGCTGCAACG_010,154
TTACCTAAGTGGCTGCAACG_011,84
TTACCTAAGTGGCTGCAACG_012,122
TTACCTAAGTGGCTGCAACG_013,106
TTACCTAAGTGGCTGCAACG_014,10
TTACCTAAGTGGCTGCAACG_015,135
TTACCTAAGTGGCTGCAACG_016,47
TTACCTAAGTGGCTGCAACG_017,53
TTACCTAAGTGGCTGCAACG_018,104
TTACCTAAGTGGCTGCAACG_019,0
TTACCTAAGTGGCTGCAACG_020,52
TTACCTAAGTGGCTGCAACG_021,102
TTACCTAAGTGGCTGCAACG_022,142
TTACCTAAGTGGCTGCAACG_023,34
CCAATCACACAATTAAAGCG_001,135
CCAATCACACAATTAAAGCG_002,64
CCAATCACACAATTAAAGCG_003,177
CCAATCACACAATTAAAGCG_004,62
CCAATCACACAATTAAAGCG_005,74
TCACCAGAATCTATACCGAG_001,22
ACTCCGACAGCTCCTACTCA_001,147
ACTCCGACAGCTCCTACTCA_002,28
ACTCCGACAGCTCCTACTCA_003,157
ACTCCGACAGCTCCTACTCA_004,111
ACTCCGACAGCTCCTACTCA_005,44
ACTCCGACAGCTCCTACTCA_006,74
ACTCCGACAGCTCCTACTCA_007,74
ACTCCGACAGCTCCTACTCA_008,186
ACTCCGACAGCTCCTACTCA_009,150
ACTCCGACAGCTCCTACTCA_010,93
ACTCCGACAGCTCCTACTCA_011,163
CACATCCATCACAGGCCTGT_001,17
CACATCCATCACAGGCCTGT_002,179
CACATCCATCACAGGCCTGT_003,146
AGCGCGAAGCCTACAAACAG_001,60
AGCGCGAAGCCTACAAACAG_002,58
AGCGCGAAGCCTACAAACAG_003,58
AGCGCGAAGCCTACAAACAG_004,154
AGCGCGAAGCCTACAAACAG_005,29
AGCGCGAAGCCTACAAACAG_006,29
AGCGCGAAGCCTACAAACAG_007,29
AGCGCGAAGCCTACAAACAG_008,43
AGCGCGAAGCCTACAAACAG_009,57
AGCGCGAAGCCTACAAACAG_010,69
AGCGCGAAGCCTACAAACAG_011,150
AGCGCGAAGCCTACAAACAG_012,4
AGCGCGAAGCCTACAAACAG_013,66
AGCGCGAAGCCTACAAACAG_014,110
AGCGCGAAGCCTACAAACAG_015,193
AGCGCGAAGCCTACAAACAG_016,40
AGCGCGAAGCCTACAAACAG_017,47
AGCGCGAAGCCTACAAACAG_018,22
AGCGCGAAGCCTACAAACAG_019,5
AGCGCGAAGCCTACAAACAG_020,98
AGCGCGAAGCCTACAAACAG_021,15
AGCGCGAAGCCTACAAACAG_022,69
AGCGCGAAGCCTACAAACAG_023,141
AGCGCGAAGCCTACAAACAG_024,47
AGCGCGAAGCCTACAAACAG_025,161
AGCGCGAAGCCTACAAACAG_026,164
ACTTACCAACTCTATCAGGG_001,23
ACTTACCAACTCTATCAGGG_002,84
ACGTCCTCAGCAGCTACTTG_001,161
ACGTCCTCAGCAGCTACTTG_002,22
ACGTCCTCAGCAGCTACTTG_003,105
ACGTCCTCAGCAGCTACTTG_004,49
ACGTCCTCAGCAGCTACTTG_005,171
ACGTCCTCAGCAGCTACTTG_006,15
ACGTCCTCAGCAGCTACTTG_007,184
ACGTCCTCAGCAGCTACTTG_008,58
ACGTCCTCAGCAGCTACTTG_009,137
ACGTCCTCAGCAGCTACTTG_010,43
ACGTCCTCAGCAGCTACTTG_011,58
ACGTCCTCAGCAGCTACTTG_012,137
ACGTCCTCAGCAGCTACTTG_013,167
ACGTCCTCAGCAGCTACTTG_014,23
ACGTCCTCAGCAGCTACTTG_015,12
ACGTCCTCAGCAGCTACTTG_016,176
ACGTCCTCAGCAGCTACTTG_017,50
ACGTCCTCAGCAGCTACTTG_018,38
ACGTCCTCAGCAGCTACTTG_019,32
ACGTCCTCAGCAGCTACTTG_020,144
ACGTCCTCAGCAGCTACTTG_021,94
ACGTCCTCAGCAGCTACTTG_022,187
ACGTCCTCAGCAGCTACTTG_023,62
ACGTCCTCAGCAGCTACTTG_024,197
CACCCTATTATGATGTATCC_001,43
CACCCTATTATGATGTATCC_002,70
GGTGGAAGAAGTCTTGAACG_001,106
GGTGGAAGAAGTCTTGAACG_002,172
TGGAGACTGTTCAATCACCA_001,166
TGGAGACTGTTCAATCACCA_002,4
TGGAGACTGTTCAATCACCA_003,75
TGGAGACTGTTCAATCACCA_004,150
TGGAGACTGTTCAATCACCA_005,41
TGGAGACTGTTCAATCACCA_006,177
TGGAGACTGTTCAATCACCA_007,161
TGGAGACTGTTCAATCACCA_008,194
TGGAGACTGTTCAATCACCA_009,152
GGCACTGGGGTTCAGAACGA_001,78
GGCACTGGGGTTCAGAACGA_002,184
GGCACTGGGGTTCAGAACGA_003,41
GGCACTGGGGTTCAGAACGA_004,60
GGCACTGGGGTTCAGAACGA_005,58
GGCACTGGGGTTCAGAACGA_006,141
GGCACTGGGGTTCAGAACGA_007,174
GGCACTGGGGTTCAGAACGA_008,172
GGCACTGGGGTTCAGAACGA_009,147
GGCACTGGGGTTCAGAACGA_010,158
GGCACTGGGGTTCAGAACGA_011,188
GGCACTGGGGTTCAGAACGA_012,160
GGCACTGGGGTTCAGAACGA_013,168
GGCACTGGGGTTCAGAACGA_014,148
GGCACTGGGGTTCAGAACGA_015,82
GGCACTGGGGTTCAGAACGA_016,17
GGCACTGGGGTTCAGAACGA_017,39
TGGCTACTGAGGCTCCCGCG_001,148
TGGCTACTGAGGCTCCCGCG_002,29
TGGCTACTGAGGCTCCCGCG_003,35
TGGCTACTGAGGCTCCCGCG_004,177
CCAACCGAGCCAAATCTTTG_001,114
GCACAAGTGATTATACCTCA_001,94
GCACAAGTGATTATACCTCA_002,103
GCACAAGTGATTATACCTCA_003,22
AGATACAACTGCTTATTGTG_001,158
AGATACAACTGCTTATTGTG_002,115
AGATACAACTGCTTATTGTG_003,15
AGATACAACTGCTTATTGTG_004,149
AGATACAACTGCTTATTGTG_005,2
AGATACAACTGCTTATTGTG_006,76
AGATACAACTGCTTATTGTG_007,88
AGATACAACTGCTTATTGTG_008,170
AGATACAACTGCTTATTGTG_009,67
AGATACAACTGCTTATTGTG_010,152
AGATACAACTGCTTATTGTG_011,50
CGCCGAGCTGTAGTGCGACG_001,49
CGCCGAGCTGTAGTGCGACG_002,39
CGCCGAGCTGTAGTGCGACG_003,165
CGCCGAGCTGTAGTGCGACG_004,68
CGCCGAGCTGTAGTGCGACG_005,191
CGCCGAGCTGTAGTGCGACG_006,18
CGCCGAGCTGTAGTGCGACG_007,71
CGCCGAGCTGTAGTGCGACG_008,155
CGCCGAGCTGTAGTGCGACG_009,155
CCTGCCTAGGACGGACTCAG_001,114
CCTGCCTAGGACGGACTCAG_002,41
CCTGCCTAGGACGGACTCAG_003,116
CCTGCCTAGGACGGACTCAG_004,166
CCTGCCTAGGACGGACTCAG_005,125
CCTGCCTAGGACGGACTCAG_006,175
CCTGCCTAGGACGGACTCAG_007,50
CCTGCCTAGGACGGACTCAG_008,101
CCTGCCTAGGACGGACTCAG_009,175
CCTGCCTAGGACGGACTCAG_010,92
CCTGCCTAGGACGGACTCAG_011,9
CCTGCCTAGGACGGACTCAG_012,27
CCTGCCTAGGACGGACTCAG_013,1
CCTGCCTAGGACGGACTCAG_014,2
CCTGCCTAGGACGGACTCAG_015,63
CCTGCCTAGGACGGACTCAG_016,76
CCTGCCTAGGACGGACTCAG_017,82
CCTGCCTAGGACGGACTCAG_018,124
CCTGCCTAGGACGGACTCAG_019,148
CCTGCCTAGGACGGACTCAG_020,22
CCTGCCTAGGACGGACTCAG_021,31
CCTGCCTAGGACGGACTCAG_022,141
CCTGCCTAGGACGGACTCAG_023,1
CCTGCCTAGGACGGACTCAG_024,162
CCTGCCTAGGACGGACTCAG_025,145
CCTGCCTAGGACGGACTCAG_026,124
CCTGCCTAGGACGGACTCAG_027,103
CCTGCCTAGGACGGACTCAG_028,81
CCTGCCTAGGACGGACTCAG_029,148
CCTGCCTAGGACGGACTCAG_030,94
CCTGCCTAGGACGGACTCAG_031,15
CCTGCCTAGGACGGACTCAG_032,81
CCTGCCTAGGACGGACTCAG_033,102
CCTGCCTAGGACGGACTCAG_034,124
CCTGCCTAGGACGGACTCAG_035,120
CCTGCCTAGGACGGACTCAG_036,20
CCTGCCTAGGACGGACTCAG_037,60
CCTGCCTAGGACGGACTCAG_038,169
CCTGCCTAGGACGGACTCAG_039,94
CCTGCCTAGGACGGACTCAG_040,107
TGTGGGACAACATCACGTGT_001,81
TGTGGGACAACATCACGTGT_002,176
TGTGGGACAACATCACGTGT_003,151
TGTGGGACAACATCACGTGT_004,2
TGTGGGACAACATCACGTGT_005,25
TGTGGGACAACATCACGTGT_006,101
TGTGGGACAACATCACGTGT_007,123
TGTGGGACAACATCACGTGT_008,11
TCATAGCGAATCACCACATG_001,191
TCATAGCGAATCACCACATG_002,80
TCATAGCGAATCACCACATG_003,135
TCATAGCGAATCACCACATG_004,2
TCATAGCGAATCACCACATG_005,94
TCATAGCGAATCACCACATG_006,19
TCATAGCGAATCACCACATG_007,48
TCATAGCGAATCACCACATG_008,69
TCATAGCGAATCACCACATG_009,32
TCATAGCGAATCACCACATG_010,169
TCATAGCGAATCACCACATG_011,74
TCATAGCGAATCACCACATG_012,158
TCATAGCGAATCACCACATG_013,62
TCATAGCGAATCACCACATG_014,37
TCATAGCGAATCACCACATG_015,27
TCATAGCGAATCACCACATG_016,60
TCATAGCGAATCACCACATG_017,165
TCATAGCGAATCACCACATG_018,11
ATGCCATTGTAACCCAGGTG_001,36
ATGCCATTGTAACCCAGGTG_002,43
ATGCGATCCCAATTTGACAA_001,139
ATGCGATCCCAATTTGACAA_002,11
ATGCGATCCCAATTTGACAA_003,158
ATGCGATCCCAATTTGACAA_004,148
ATGCGATCCCAATTTGACAA_005,2
ATGCGATCCCAATTTGACAA_006,26
ATGCGATCCCAATTTGACAA_007,50
ATGCGATCCCAATTTGACAA_008,115
ATGCGATCCCAATTTGACAA_009,99
ATGCGATCCCAATTTGACAA_010,114
ATGCGATCCCAATTTGACAA_011,114
ATGCGATCCCAATTTGACAA_012,63
GCATACCTTCCCACTCACGG_001,82
GCATACCTTCCCACTCACGG_002,181
GCATACCTTCCCACTCACGG_003,186
GCATACCTTCCCACTCACGG_004,197
GCATACCTTCCCACTCACGG_005,67
GCATACCTTCCCACTCACGG_006,147
GCATACCTTCCCACTCACGG_007,147
GCATACCTTCCCACTCACGG_008,28
GCATACCTTCCCACTCACGG_009,192
GCATACCTTCCCACTCACGG_010,72
GCATACCTTCCCACTCACGG_011,153
GCATACCTTCCCACTCACGG_012,166
GCATACCTTCCCACTCACGG_013,107
GCATACCTTCCCACTCACGG_014,110
GCATACCTTCCCACTCACGG_015,145
GCAAAGATAGGGCGTACCGT_001,102
GCAAAGATAGGGCGTACCGT_002,169
GCAAAGATAGGGCGTACCGT_003,194
GCAAAGATAGGGCGTACCGT_004,82
GCAAAGATAGGGCGTACCGT_005,120
GCAAAGATAGGGCGTACCGT_006,141
GCAAAGATAGGGCGTACCGT_007,193
GCAAAGATAGGGCGTACCGT_008,195
GCAAAGATAGGGCGTACCGT_009,198
GCAAAGATAGGGCGTACCGT_010,179
GCAAAGATAGGGCGTACCGT_011,72
GTTTCATCTGAATCCACTGG_001,9
GTTTCATCTGAATCCACTGG_002,121
GTTTCATCTGAATCCACTGG_003,78
GTTTCATCTGAATCCACTGG_004,70
TAGAAGACTCCCACATCCTG_001,37
TAGAAGACTCCCACATCCTG_002,15
TAGAAGACTCCCACATCCTG_003,17
TAGAAGACTCCCACATCCTG_004,98
TAGAAGACTCCCACATCCTG_005,9
TAGAAGACTCCCACATCCTG_006,56
AATCCGTTCAATGTCTGCTA_001,114
AATCCGTTCAATGTCTGCTA_002,9
AATCCGTTCAATGTCTGCTA_003,59
TGACCGCGAAGCCCTCACTC_001,48
TGACCGCGAAGCCCTCACTC_002,198
TGACCGCGAAGCCCTCACTC_003,166
TGACCGCGAAGCCCTCACTC_004,193
TGACCGCGAAGCCCTCACTC_005,54
TGACCGCGAAGCCCTCACTC_006,106
TGACCGCGAAGCCCTCACTC_007,48
TGACCGCGAAGCCCTCACTC_008,8
TGACCGCGAAGCCCTCACTC_009,185
TGACCGCGAAGCCCTCACTC_010,169
TGACCGCGAAGCCCTCACTC_011,137
TGACCGCGAAGCCCTCACTC_012,105
TGACCGCGAAGCCCTCACTC_013,184
TGACCGCGAAGCCCTCACTC_014,147
TGACCGCGAAGCCCTCACTC_015,73
TGACCGCGAAGCCCTCACTC_016,167
CAAGAACTTACTCCTGACAA_001,68
CAAGAACTTACTCCTGACAA_002,2
CAAGAACTTACTCCTGACAA_003,121
CAAGAACTTACTCCTGACAA_004,19
AGCTACCATCCAGATACTCG_001,9
AGCTACCATCCAGATACTCG_002,192
AGCTACCATCCAGATACTCG_003,85
AGCTACCATCCAGATACTCG_004,186
AGCTACCATCCAGATACTCG_005,121
AGCTACCATCCAGATACTCG_006,179
AGCTACCATCCAGATACTCG_007,108
AGCTACCATCCAGATACTCG_008,26
ATAAAGCAAACAGTCACAGG_001,80
ATAAAGCAAACAGTCACAGG_002,29
ATAAAGCAAACAGTCACAGG_003,43
ATAAAGCAAACAGTCACAGG_004,169
ATAAAGCAAACAGTCACAGG_005,58
ATAAAGCAAACAGTCACAGG_006,137
ATAAAGCAAACAGTCACAGG_007,76
ATAAAGCAAACAGTCACAGG_008,106
ATAAAGCAAACAGTCACAGG_009,188
ATAAAGCAAACAGTCACAGG_010,21
ATAAAGCAAACAGTCACAGG_011,176
ATAAAGCAAACAGTCACAGG_012,176
ATAAAGCAAACAGTCACAGG_013,195
ATAAAGCAAACAGTCACAGG_014,4
GGACAGAGCCGCGATCTGAG_001,197
GGACAGAGCCGCGATCTGAG_002,88
GGACAGAGCCGCGATCTGAG_003,109
GGACAGAGCCGCGATCTGAG_004,174
GGACAGAGCCGCGATCTGAG_005,77
GGACAGAGCCGCGATCTGAG_006,17
AACGTGCGTTTCGTAAACCT_001,46
AACGTGCGTTTCGTAAACCT_002,84
AACGTGCGTTTCGTAAACCT_003,149
GGAGAAAGATCATCTACAGG_001,92
GGTGTTCAACTGCTACTGCG_001,140
GGTGTTCAACTGCTACTGCG_002,189
GGTGTTCAACTGCTACTGCG_003,56
ATCTGACAAAACAATTCAAG_001,23
ATCTGACAAAACAATTCAAG_002,163
ATCTGACAAAACAATTCAAG_003,14
ATCTGACAAAACAATTCAAG_004,147
ATCTGACAAAACAATTCAAG_005,84
ATCTGACAAAACAATTCAAG_006,156
ATCTGACAAAACAATTCAAG_007,18
ATCTGACAAAACAATTCAAG_008,155
ATCTGACAAAACAATTCAAG_009,58
TGAAGCTCACAATTGCCGAG_001,40
TGAAGCTCACAATTGCCGAG_002,168
TGAAGCTCACAATTGCCGAG_003,64
AGAACCAGCTCATGAACCAT_001,106
AGAACCAGCTCATGAACCAT_002,145
AGAACCAGCTCATGAACCAT_003,154
AGAACCAGCTCATGAACCAT_004,23
AGAACCAGCTCATGAACCAT_005,108
AGAACCAGCTCATGAACCAT_006,133
AGAACCAGCTCATGAACCAT_007,62
AGAACCAGCTCATGAACCAT_008,58
GGGTGGAAGTCTCACTGACA_001,65
GGGTGGAAGTCTCACTGACA_002,2
GGGTGGAAGTCTCACTGACA_003,102
GGGTGGAAGTCTCACTGACA_004,16
GGGTGGAAGTCTCACTGACA_005,7
GGGTGGAAGTCTCACTGACA_006,131
GGGTGGAAGTCTCACTGACA_007,52
GGGTGGAAGTCTCACTGACA_008,177
GGGTGGAAGTCTCACTGACA_009,5
GGGTGGAAGTCTCACTGACA_010,150
GGGTGGAAGTCTCACTGACA_011,190
GGGTGGAAGTCTCACTGACA_012,83
GGGTGGAAGTCTCACTGACA_013,178
GGGTGGAAGTCTCACTGACA_014,145
GGGTGGAAGTCTCACTGACA_015,50
GGGTGGAAGTCTCACTGACA_016,111
GGGTGGAAGTCTCACTGACA_017,54
GGGTGGAAGTCTCACTGACA_018,116
GGGTGGAAGTCTCACTGACA_019,158
GGGTGGAAGTCTCACTGACA_020,121
GGGTGGAAGTCTCACTGACA_021,137
GGGTGGAAGTCTCACTGACA_022,107
GGGTGGAAGTCTCACTGACA_023,76
GGGTGGAAGTCTCACTGACA_024,136
GGGTGGAAGTCTCACTGACA_025,116
GGGTGGAAGTCTCACTGACA_026,146
TTCTCCTTTGAGAGTCGCGA_001,43
TTCTCCTTTGAGAGTCGCGA_002,18
TTCTCCTTTGAGAGTCGCGA_003,19
TTCTCCTTTGAGAGTCGCGA_004,169
TTCTCCTTTGAGAGTCGCGA_005,125
TTCTCCTTTGAGAGTCGCGA_006,125
TTCTCCTTTGAGAGTCGCGA_007,49
TTCTCCTTTGAGAGTCGCGA_008,3
TTCTCCTTTGAGAGTCGCGA_009,117
TTCTCCTTTGAGAGTCGCGA_010,191
TTCTCCTTTGAGAGTCGCGA_011,9
TTCTCCTTTGAGAGTCGCGA_012,156
TTCTCCTTTGAGAGTCGCGA_013,156
TTCTCCTTTGAGAGTCGCGA_014,171
TTCTCCTTTGAGAGTCGCGA_015,20
TTCTCCTTTGAGAGTCGCGA_016,157
TTCTCCTTTGAGAGTCGCGA_017,126
TTCTCCTTTGAGAGTCGCGA_018,174
TTCTCCTTTGAGAGTCGCGA_019,81
GGGATTATGATGTGTATGCG_001,104
GGGATTATGATGTGTATGCG_002,14
GGGATTATGATGTGTATGCG_003,186
GGGATTATGATGTGTATGCG_004,163
GGGATTATGATGTGTATGCG_005,103
GGGATTATGATGTGTATGCG_006,25
GGGATTATGATGTGTATGCG_007,181
GGGATTATGATGTGTATGCG_008,32
GGGATTATGATGTGTATGCG_009,84
GGGATTATGATGTGTATGCG_010,12
GGGATTATGATGTGTATGCG_011,13
GGGATTATGATGTGTATGCG_012,158
GGGATTATGATGTGTATGCG_013,19
GGGATTATGATGTGTATGCG_014,77
GAGTGTGGGCGACTTCCGGA_001,146
GAGTGTGGGCGACTTCCGGA_002,65
GAGTGTGGGCGACTTCCGGA_003,48
GAGTGTGGGCGACTTCCGGA_004,27
CCTCAGACAGCAACATAGCA_001,108
CCTCAGACAGCAACATAGCA_002,81
CCTCAGACAGCAACATAGCA_003,91
CCTCAGACAGCAACATAGCA_004,61
CCTCAGACAGCAACATAGCA_005,184
CCTCAGACAGCAACATAGCA_006,179
CCTCAGACAGCAACATAGCA_007,103
CCTCAGACAGCAACATAGCA_008,112
TGCTGCCAGACACACCGAGT_001,50
TGCTGCCAGACACACCGAGT_002,40
TGCTGCCAGACACACCGAGT_003,191
TGCTGCCAGACACACCGAGT_004,144
TGCTGCCAGACACACCGAGT_005,177
TGCTGCCAGACACACCGAGT_006,156
TGCTGCCAGACACACCGAGT_007,113
TGCTGCCAGACACACCGAGT_008,127
TGCTGCCAGACACACCGAGT_009,147
TGCTGCCAGACACACCGAGT_010,165
ATATTATCGCAAGCCAGTGG_001,166
ATATTATCGCAAGCCAGTGG_002,130
ATATTATCGCAAGCCAGTGG_003,184
ATATTATCGCAAGCCAGTGG_004,3
ATATTATCGCAAGCCAGTGG_005,77
CCTCATTATCCCGCTCCGTG_001,166
CCTCATTATCCCGCTCCGTG_002,54
CCTCATTATCCCGCTCCGTG_003,65
CCTCATTATCCCGCTCCGTG_004,68
CCTCATTATCCCGCTCCGTG_005,117
CCTCATTATCCCGCTCCGTG_006,52
CCTCATTATCCCGCTCCGTG_007,116
CCTCATTATCCCGCTCCGTG_008,48
CCTCATTATCCCGCTCCGTG_009,155
CCTCATTATCCCGCTCCGTG_010,145
CCAGATGAAGGACATGGTAA_001,84
CCAGATGAAGGACATGGTAA_002,124
CCAGATGAAGGACATGGTAA_003,30
CCAGATGAAGGACATGGTAA_004,33
CCAGATGAAGGACATGGTAA_005,123
CCAGATGAAGGACATGGTAA_006,137
CCAGATGAAGGACATGGTAA_007,61
CCAGATGAAGGACATGGTAA_008,56
CCAGATGAAGGACATGGTAA_009,52
CCAGATGAAGGACATGGTAA_010,118
AGCAGGACATGCCTCCGCCG_001,49
AGCAGGACATGCCTCCGCCG_002,42
AGCAGGACATGCCTCCGCCG_003,156
AGCAGGACATGCCTCCGCCG_004,160
AGCAGGACATGCCTCCGCCG_005,97
AGCAGGACATGCCTCCGCCG_006,115
AGCAGGACATGCCTCCGCCG_007,60
AGCAGGACATGCCTCCGCCG_008,15
AGCAGGACATGCCTCCGCCG_009,4
AGCAGGACATGCCTCCGCCG_010,168
AGCAGGACATGCCTCCGCCG_011,33
AGCAGGACATGCCTCCGCCG_012,52
CAGAAGATCCCCATAGTGGT_001,29
CAGAAGATCCCCATAGTGGT_002,67
CAGAAGATCCCCATAGTGGT_003,158
CAGAAGATCCCCATAGTGGT_004,145
CGTGCAACGGCGGCTCGTTG_001,96
CGTGCAACGGCGGCTCGTTG_002,55
CGTGCAACGGCGGCTCGTTG_003,171
CTGGCCCTCGCTGTACACGA_001,140
CTGGCCCTCGCTGTACACGA_002,65
CTGGCCCTCGCTGTACACGA_003,72
CTGGCCCTCGCTGTACACGA_004,153
CTGGCCCTCGCTGTACACGA_005,116
CTGGCCCTCGCTGTACACGA_006,105
CTGGCCCTCGCTGTACACGA_007,130
CTGGCCCTCGCTGTACACGA_008,34
CTGGCCCTCGCTGTACACGA_009,70
CTGGCCCTCGCTGTACACGA_010,74
CTGGCCCTCGCTGTACACGA_011,134
CTGGCCCTCGCTGTACACGA_012,197
CTGGCCCTCGCTGTACACGA_013,93
CTGGCCCTCGCTGTACACGA_014,150
CTGGCCCTCGCTGTACACGA_015,56
CTGGCCCTCGCTGTACACGA_016,12
CTGGCCCTCGCTGTACACGA_017,175
CTGGCCCTCGCTGTACACGA_018,65
CTGGCCCTCGCTGTACACGA_019,190
CTGGCCCTCGCTGTACACGA_020,33
CTGGCCCTCGCTGTACACGA_021,72
CTGGCCCTCGCTGTACACGA_022,37
CTGGCCCTCGCTGTACACGA_023,119
CTGGCCCTCGCTGTACACGA_024,188
CTGGCCCTCGCTGTACACGA_025,184
CTGGCCCTCGCTGTACACGA_026,34
CTGGCCCTCGCTGTACACGA_027,57
CTGGCCCTCGCTGTACACGA_028,10
CTGGCCCTCGCTGTACACGA_029,179
CTGGCCCTCGCTGTACACGA_030,16
CTGGCCCTCGCTGTACACGA_031,98
GGAGGACATAGGGCCCAAGA_001,170
GGAGGACATAGGGCCCAAGA_002,115
GGAGGACATAGGGCCCAAGA_003,94
GGAGGACATAGGGCCCAAGA_004,169
GGAGGACATAGGGCCCAAGA_005,178
GGAGGACATAGGGCCCAAGA_006,100
GGAGGACATAGGGCCCAAGA_007,138
GGAGGACATAGGGCCCAAGA_008,34
GGAGGACATAGGGCCCAAGA_009,103
AGTGATGGTAGAATCATAGA_001,112
AGTGATGGTAGAATCATAGA_002,151
GGTGCGAGCTTTCCGCTGGG_001,185
GGTGCGAGCTTTCCGCTGGG_002,163
GGTGCGAGCTTTCCGCTGGG_003,118
GGTGCGAGCTTTCCGCTGGG_004,98
GGTGCGAGCTTTCCGCTGGG_005,38
GGTGCGAGCTTTCCGCTGGG_006,20
GGTGCGAGCTTTCCGCTGGG_007,14
GGTGCGAGCTTTCCGCTGGG_008,170
GGTGCGAGCTTTCCGCTGGG_009,55
GGTGCGAGCTTTCCGCTGGG_010,2
GGTGCGAGCTTTCCGCTGGG_011,19
GGTGCGAGCTTTCCGCTGGG_012,58
GGTGCGAGCTTTCCGCTGGG_013,184
GGTGCGAGCTTTCCGCTGGG_014,97
GGTGCGAGCTTTCCGCTGGG_015,50
GGTGCGAGCTTTCCGCTGGG_016,144
GGTGCGAGCTTTCCGCTGGG_017,84
GGTGCGAGCTTTCCGCTGGG_018,166
GGTGCGAGCTTTCCGCTGGG_019,119
GGTGCGAGCTTTCCGCTGGG_020,177
GGTGCGAGCTTTCCGCTGGG_021,15
GGTGCGAGCTTTCCGCTGGG_022,69
GGTGCGAGCTTTCCGCTGGG_023,49
GGTGCGAGCTTTCCGCTGGG_024,96
GGTGCGAGCTTTCCGCTGGG_025,4
GGTGCGAGCTTTCCGCTGGG_026,61
GGTGCGAGCTTTCCGCTGGG_027,142
GGTGCGAGCTTTCCGCTGGG_028,113
GGTGCGAGCTTTCCGCTGGG_029,122
ACCACGTGTGTGGAGGACGA_001,58
ACCACGTGTGTGGAGGACGA_002,47
ACCACGTGTGTGGAGGACGA_003,80
TGGTCGCAGATCCTGAGACC_001,190
TGGTCGCAGATCCTGAGACC_002,86
AAGTGCAAAAGCATATTCGA_001,33
ACCAAAGGCCTCCTCACTGG_001,96
ACCAAAGGCCTCCTCACTGG_002,23
ACCAAAGGCCTCCTCACTGG_003,100
ACCAAAGGCCTCCTCACTGG_004,35
ACCAAAGGCCTCCTCACTGG_005,180
ACCAAAGGCCTCCTCACTGG_006,48
ACCAAAGGCCTCCTCACTGG_007,144
ACCAAAGGCCTCCTCACTGG_008,50
TCGTGTCAACTGTTTGGACG_001,144
TCGTGTCAACTGTTTGGACG_002,102
TCGTGTCAACTGTTTGGACG_003,158
TCGTGTCAACTGTTTGGACG_004,63
TCGTGTCAACTGTTTGGACG_005,48
TCGTGTCAACTGTTTGGACG_006,50
TCGTGTCAACTGTTTGGACG_007,127
TCGTGTCAACTGTTTGGACG_008,156
AATCACGCAGTCCACACACT_001,79
AATCACGCAGTCCACACACT_002,158
AATCACGCAGTCCACACACT_003,19
AATCACGCAGTCCACACACT_004,19
AATCACGCAGTCCACACACT_005,198
AATCACGCAGTCCACACACT_006,131
AATCACGCAGTCCACACACT_007,86
AATCACGCAGTCCACACACT_008,46
AATCACGCAGTCCACACACT_009,15
AATCACGCAGTCCACACACT_010,69
AATCACGCAGTCCACACACT_011,119
AATCACGCAGTCCACACACT_012,153
AATCACGCAGTCCACACACT_013,172
AATCACGCAGTCCACACACT_014,34
AATCACGCAGTCCACACACT_015,49
AATCACGCAGTCCACACACT_016,50
AATCACGCAGTCCACACACT_017,144
AATCACGCAGTCCACACACT_018,34
AATCACGCAGTCCACACACT_019,27
AATCACGCAGTCCACACACT_020,170
AATCACGCAGTCCACACACT_021,149
AATCACGCAGTCCACACACT_022,184
AATCACGCAGTCCACACACT_023,66
AATCACGCAGTCCACACACT_024,160
AATCACGCAGTCCACACACT_025,63
AATCACGCAGTCCACACACT_026,199
AAGAGCTCATGATTGCCGGA_001,155
AGGCCCAGGCGATGACTACG_001,76
AGGCCCAGGCGATGACTACG_002,1
AGGCCCAGGCGATGACTACG_003,13
AGGCCCAGGCGATGACTACG_004,141
AGGCCCAGGCGATGACTACG_005,33
AGGCCCAGGCGATGACTACG_006,166
AGGCCCAGGCGATGACTACG_007,152
AGGCCCAGGCGATGACTACG_008,40
AGGCCCAGGCGATGACTACG_009,0
CCAACCATGCCTAGACTGCG_001,15
CCAACCATGCCTAGACTGCG_002,91
CCAACCATGCCTAGACTGCG_003,8
CCAACCATGCCTAGACTGCG_004,150
CCAACCATGCCTAGACTGCG_005,69
CCAACCATGCCTAGACTGCG_006,151
CCAACCATGCCTAGACTGCG_007,192
CCAACCATGCCTAGACTGCG_008,177
CCAACCATGCCTAGACTGCG_009,96
CCAACCATGCCTAGACTGCG_010,20
CCAACCATGCCTAGACTGCG_011,77
CCAACCATGCCTAGACTGCG_012,139
CCAACCATGCCTAGACTGCG_013,142
CCAACCATGCCTAGACTGCG_014,157
CCAACCATGCCTAGACTGCG_015,29
GAGCCCAGTGGGACAGTGAG_001,145
GAGCCCAGTGGGACAGTGAG_002,106
GAGCCCAGTGGGACAGTGAG_003,72
GAGCCCAGTGGGACAGTGAG_004,81
GAGCCCAGTGGGACAGTGAG_005,90
GAGCCCAGTGGGACAGTGAG_006,88
GAGCCCAGTGGGACAGTGAG_007,162
GAGCCCAGTGGGACAGTGAG_008,166
GAGCCCAGTGGGACAGTGAG_009,27
AGAAGATCCACAGAACGGTG_001,154
AGAAGATCCACAGAACGGTG_002,63
AGAAGATCCACAGAACGGTG_003,145
AGAAGATCCACAGAACGGTG_004,58
AGAAGATCCACAGAACGGTG_005,183
AGAAGATCCACAGAACGGTG_006,17
AGAAGATCCACAGAACGGTG_007,145
GGGAGAGGAAGGGCAACTCG_001,162
GGGAGAGGAAGGGCAACTCG_002,64
GGGAGAGGAAGGGCAACTCG_003,48
GGGAGAGGAAGGGCAACTCG_004,90
GGGAGAGGAAGGGCAACTCG_005,134
GGGAGAGGAAGGGCAACTCG_006,138
GGGAGAGGAAGGGCAACTCG_007,61
GGGAGAGGAAGGGCAACTCG_008,50
GGGAGAGGAAGGGCAACTCG_009,23
GGGAGAGGAAGGGCAACTCG_010,102
GGGAGAGGAAGGGCAACTCG_011,125
GGGAGAGGAAGGGCAACTCG_012,80
GGGAGAGGAAGGGCAACTCG_013,8
GGGAGAGGAAGGGCAACTCG_014,78
GGGAGAGGAAGGGCAACTCG_015,137
GGGAGAGGAAGGGCAACTCG_016,7
TTGAGTTTACCATCCCACTG_001,9
TTGAGTTTACCATCCCACTG_002,193
TTGAGTTTACCATCCCACTG_003,152
TTGAGTTTACCATCCCACTG_004,85
TTGAGTTTACCATCCCACTG_005,174
TTGAGTTTACCATCCCACTG_006,168
TTGAGTTTACCATCCCACTG_007,103
TTGAGTTTACCATCCCACTG_008,111
TTGAGTTTACCATCCCACTG_009,35
TTGAGTTTACCATCCCACTG_010,76
GAGGCGTCCCCATTGTACTG_001,67
GAGGCGTCCCCATTGTACTG_002,22
GAGGCGTCCCCATTGTACTG_003,116
GGATCGTCGCAATTCTCCCA_001,48
GGATCGTCGCAATTCTCCCA_002,15
GGATCGTCGCAATTCTCCCA_003,46
GGATCGTCGCAATTCTCCCA_004,38
GGATCGTCGCAATTCTCCCA_005,17
GGATCGTCGCAATTCTCCCA_006,66
GGATCGTCGCAATTCTCCCA_007,146
GGATCGTCGCAATTCTCCCA_008,29
TGGTGTCAAGACAATCACGT_001,111
TGGTGTCAAGACAATCACGT_002,144
TGGTGTCAAGACAATCACGT_003,137
TGGTGTCAAGACAATCACGT_004,75
TGGTGTCAAGACAATCACGT_005,89
TGGTGTCAAGACAATCACGT_006,35
TGGTGTCAAGACAATCACGT_007,71
TGGTGTCAAGACAATCACGT_008,61
TGGTGTCAAGACAATCACGT_009,13
TGGTGTCAAGACAATCACGT_010,142
TGGTGTCAAGACAATCACGT_011,183
TGGTGTCAAGACAATCACGT_012,75
TGGTGTCAAGACAATCACGT_013,1
TGGTGTCAAGACAATCACGT_014,86
AGACTTCAGATGTATAGTGG_001,58
AGACTTCAGATGTATAGTGG_002,26
AGACTTCAGATGTATAGTGG_003,86
AGACTTCAGATGTATAGTGG_004,75
AGACTTCAGATGTATAGTGG_005,51
AGACTTCAGATGTATAGTGG_006,144
AGACTTCAGATGTATAGTGG_007,124
TTAAAGAAGATATACACAAC_001,43
TTAAAGAAGATATACACAAC_002,199
TTAAAGAAGATATACACAAC_003,117
AGCACTGAAGTAAGTATACA_001,142
AGCACTGAAGTAAGTATACA_002,50
AGCACTGAAGTAAGTATACA_003,147
AGCAGTAAAATGGTCACAGC_001,198
AGCAGTAAAATGGTCACAGC_002,98
AGCAGTAAAATGGTCACAGC_003,106
AGCAGTAAAATGGTCACAGC_004,76
AGCAGTAAAATGGTCACAGC_005,76
AGCAGTAAAATGGTCACAGC_006,130
AGCAGTAAAATGGTCACAGC_007,42
AGCAGTAAAATGGTCACAGC_008,67
AGCAGTAAAATGGTCACAGC_009,177
AGCAGTAAAATGGTCACAGC_010,166
AGCAGTAAAATGGTCACAGC_011,141
AGCAGTAAAATGGTCACAGC_012,102
AGCAGTAAAATGGTCACAGC_013,187
AGCAGTAAAATGGTCACAGC_014,121
AGCAGTAAAATGGTCACAGC_015,199
AGCAGTAAAATGGTCACAGC_016,106
AGCAGTAAAATGGTCACAGC_017,8
AGCAGTAAAATGGTCACAGC_018,61
AGCAGTAAAATGGTCACAGC_019,169
AGCAGTAAAATGGTCACAGC_020,121
CATGTGTCTGAGATGATGGA_001,94
CATGTGTCTGAGATGATGGA_002,115
CATGTGTCTGAGATGATGGA_003,175
CATGTGTCTGAGATGATGGA_004,121
CATGTGTCTGAGATGATGGA_005,51
CATGTGTCTGAGATGATGGA_006,127
CATGTGTCTGAGATGATGGA_007,113
CATGTGTCTGAGATGATGGA_008,76
CATGTGTCTGAGATGATGGA_009,88
CATGTGTCTGAGATGATGGA_010,130
CATGTGTCTGAGATGATGGA_011,43
CATGTGTCTGAGATGATGGA_012,165
CATGTGTCTGAGATGATGGA_013,48
CATGTGTCTGAGATGATGGA_014,114
CATGTGTCTGAGATGATGGA_015,168
CATGTGTCTGAGATGATGGA_016,198
CATGTGTCTGAGATGATGGA_017,98
CATGTGTCTGAGATGATGGA_018,144
CATGTGTCTGAGATGATGGA_019,106
CATGTGTCTGAGATGATGGA_020,184
TCATCTTTAGACATAGATGT_001,178
GTAGCGAAGCGAATCCGTAG_001,135
GTAGCGAAGCGAATCCGTAG_002,190
GTAGCGAAGCGAATCCGTAG_003,45
GTAGCGAAGCGAATCCGTAG_004,62
TGTGGGCAGGAGCTTTGGTT_001,20
TGTGGGCAGGAGCTTTGGTT_002,15
TGTGGGCAGGAGCTTTGGTT_003,121
TGTGGGCAGGAGCTTTGGTT_004,159
TGTGGGCAGGAGCTTTGGTT_005,84
TGTGGGCAGGAGCTTTGGTT_006,33
TGTGGGCAGGAGCTTTGGTT_007,127
TGTGGGCAGGAGCTTTGGTT_008,148
TGTGGGCAGGAGCTTTGGTT_009,61
TGTGGGCAGGAGCTTTGGTT_010,2
TGTGGGCAGGAGCTTTGGTT_011,35
TGTGGGCAGGAGCTTTGGTT_012,117
TGTGGGCAGGAGCTTTGGTT_013,144
TGTGGGCAGGAGCTTTGGTT_014,31
TGTGGGCAGGAGCTTTGGTT_015,181
TTCATCTCCTGTGACCGGAC_001,29
TTCATCTCCTGTGACCGGAC_002,113
TTCATCTCCTGTGACCGGAC_003,19
TTCATCTCCTGTGACCGGAC_004,103
TTCATCTCCTGTGACCGGAC_005,61
TTCATCTCCTGTGACCGGAC_006,82
TTCATCTCCTGTGACCGGAC_007,67
TTCATCTCCTGTGACCGGAC_008,114
AAGAAAAGGCTCCGCAAATG_001,185
AAGAAAAGGCTCCGCAAATG_002,141
AAGAAAAGGCTCCGCAAATG_003,3
AAGAAAAGGCTCCGCAAATG_004,126
ACCAGTTGTACACCTGCTCA_001,8
ACCAGTTGTACACCTGCTCA_002,154
ACCAGTTGTACACCTGCTCA_003,141
ACCAGTTGTACACCTGCTCA_004,98
CCTGTACGGGGACTTCACCG_001,78
CCTGTACGGGGACTTCACCG_002,1
CCTGTACGGGGACTTCACCG_003,161
CCTGTACGGGGACTTCACCG_004,169
CCTGTACGGGGACTTCACCG_005,88
AGCGATTGTTCAATTAGGGT_001,27
AGCGATTGTTCAATTAGGGT_002,169
AGCGATTGTTCAATTAGGGT_003,34
AGGCGCCAGAGGGGTCCTTG_001,93
AGGCGCCAGAGGGGTCCTTG_002,93
AGGCGCCAGAGGGGTCCTTG_003,72
AGGCGCCAGAGGGGTCCTTG_004,69
AGGCGCCAGAGGGGTCCTTG_005,170
AGGCGCCAGAGGGGTCCTTG_006,58
AGGCGCCAGAGGGGTCCTTG_007,150
AGGCGCCAGAGGGGTCCTTG_008,117
AGGCGCCAGAGGGGTCCTTG_009,47
AGGCGCCAGAGGGGTCCTTG_010,58
AGGCGCCAGAGGGGTCCTTG_011,44
AGGCGCCAGAGGGGTCCTTG_012,4
AGGCGCCAGAGGGGTCCTTG_013,4
AGGCGCCAGAGGGGTCCTTG_014,65
AGGCGCCAGAGGGGTCCTTG_015,140
AGGCGCCAGAGGGGTCCTTG_016,166
AGGCGCCAGAGGGGTCCTTG_017,72
AGGCGCCAGAGGGGTCCTTG_018,188
AGGCGCCAGAGGGGTCCTTG_019,88
AGGCGCCAGAGGGGTCCTTG_020,144
AGGCGCCAGAGGGGTCCTTG_021,33
AGGCGCCAGAGGGGTCCTTG_022,69
AGGCGCCAGAGGGGTCCTTG_023,180
CCCCGTGGCCATGACGCAGT_001,73
CCCCGTGGCCATGACGCAGT_002,12
CCCCGTGGCCATGACGCAGT_003,195
CCCCGTGGCCATGACGCAGT_004,146
CCCCGTGGCCATGACGCAGT_005,177
CCCCGTGGCCATGACGCAGT_006,2
CCCCGTGGCCATGACGCAGT_007,169
CCCCGTGGCCATGACGCAGT_008,27
CCCCGTGGCCATGACGCAGT_009,1
CCCCGTGGCCATGACGCAGT_010,8
GACGACGAGAAAGAACTACA_001,62
GACGACGAGAAAGAACTACA_002,31
GACGACGAGAAAGAACTACA_003,115
GACGACGAGAAAGAACTACA_004,169
GACGACGAGAAAGAACTACA_005,57
GACGACGAGAAAGAACTACA_006,146
GACGACGAGAAAGAACTACA_007,121
GACGACGAGAAAGAACTACA_008,12
GACGACGAGAAAGAACTACA_009,175
GACGACGAGAAAGAACTACA_010,39
GACGACGAGAAAGAACTACA_011,191
GACGACGAGAAAGAACTACA_012,169
ACCAACGAGAGTCCACCTGA_001,29
ACCAACGAGAGTCCACCTGA_002,28
ACCAACGAGAGTCCACCTGA_003,78
ACCAACGAGAGTCCACCTGA_004,117
ACCAACGAGAGTCCACCTGA_005,150
ACCAACGAGAGTCCACCTGA_006,72
ACCAACGAGAGTCCACCTGA_007,121
CACACGCGGGACGTCTACGT_001,177
CACACGCGGGACGTCTACGT_002,56
CACACGCGGGACGTCTACGT_003,18
CACACGCGGGACGTCTACGT_004,162
CACACGCGGGACGTCTACGT_005,169
CACACGCGGGACGTCTACGT_006,48
CACACGCGGGACGTCTACGT_007,54
CACACGCGGGACGTCTACGT_008,29
CACACGCGGGACGTCTACGT_009,13
CACACGCGGGACGTCTACGT_010,45
CACACGCGGGACGTCTACGT_011,170
CACACGCGGGACGTCTACGT_012,43
CACACGCGGGACGTCTACGT_013,1
CACACGCGGGACGTCTACGT_014,88
CACACGCGGGACGTCTACGT_015,86
CACACGCGGGACGTCTACGT_016,52
CACACGCGGGACGTCTACGT_017,33
CACACGCGGGACGTCTACGT_018,60
CACACGCGGGACGTCTACGT_019,115
CCACGTGAAGATGCTGCGGC_001,5
CCACGTGAAGATGCTGCGGC_002,28
CCACGTGAAGATGCTGCGGC_003,171
CCACGTGAAGATGCTGCGGC_004,149
CCACGTGAAGATGCTGCGGC_005,48
CCACGTGAAGATGCTGCGGC_006,158
CCACGTGAAGATGCTGCGGC_007,33
CCACGTGAAGATGCTGCGGC_008,152
CCACGTGAAGATGCTGCGGC_009,61
CCACGTGAAGATGCTGCGGC_010,61
CCACGTGAAGATGCTGCGGC_011,136
CCACGTGAAGATGCTGCGGC_012,126
CCACGTGAAGATGCTGCGGC_013,119
CCACGTGAAGATGCTGCGGC_014,190
CCACGTGAAGATGCTGCGGC_015,141
CAACAACGGTTCCAGCCTCA_001,9
CAACAACGGTTCCAGCCTCA_002,116
CAACAACGGTTCCAGCCTCA_003,91
CAACAACGGTTCCAGCCTCA_004,148
CAACAACGGTTCCAGCCTCA_005,198
CAACAACGGTTCCAGCCTCA_006,156
CAACAACGGTTCCAGCCTCA_007,108
CAACAACGGTTCCAGCCTCA_008,152
CAACAACGGTTCCAGCCTCA_009,39
CAACAACGGTTCCAGCCTCA_010,166
CAACAACGGTTCCAGCCTCA_011,185
CAACAACGGTTCCAGCCTCA_012,88
CAACAACGGTTCCAGCCTCA_013,184
TCCTGCCAGGAAGCACCTCG_001,19
TCCTGCCAGGAAGCACCTCG_002,181
TCCTGCCAGGAAGCACCTCG_003,183
TCCTGCCAGGAAGCACCTCG_004,18
TCCTGCCAGGAAGCACCTCG_005,176
TCCTGCCAGGAAGCACCTCG_006,150
TCCTGCCAGGAAGCACCTCG_007,147
TCCTGCCAGGAAGCACCTCG_008,145
TCCTGCCAGGAAGCACCTCG_009,10
TCCTGCCAGGAAGCACCTCG_010,2
TCCTGCCAGGAAGCACCTCG_011,81
TCCTGCCAGGAAGCACCTCG_012,162
TCCTGCCAGGAAGCACCTCG_013,40
TCCTGCCAGGAAGCACCTCG_014,187
TCCTGCCAGGAAGCACCTCG_015,149
TCCTGCCAGGAAGCACCTCG_016,149
TCCTGCCAGGAAGCACCTCG_017,94
TCCTGCCAGGAAGCACCTCG_018,48
TCCTGCCAGGAAGCACCTCG_019,98
TCCTGCCAGGAAGCACCTCG_020,61
TCCTGCCAGGAAGCACCTCG_021,56
TCCTGCCAGGAAGCACCTCG_022,50
TCCTGCCAGGAAGCACCTCG_023,159
TCCTGCCAGGAAGCACCTCG_024,169
TCCTGCCAGGAAGCACCTCG_025,127
TCCTGCCAGGAAGCACCTCG_026,96
TCCTGCCAGGAAGCACCTCG_027,60
TCCTGCCAGGAAGCACCTCG_028,100
TCCTGCCAGGAAGCACCTCG_029,69
TCCTGCCAGGAAGCACCTCG_030,48
TCCTGCCAGGAAGCACCTCG_031,123
CGCATTGACGCAATGCACGG_001,141
CGCATTGACGCAATGCACGG_002,3
CGCATTGACGCAATGCACGG_003,77
CGCATTGACGCAATGCACGG_004,83
CGCATTGACGCAATGCACGG_005,192
CGCATTGACGCAATGCACGG_006,45
CGCATTGACGCAATGCACGG_007,2
TCTGCTCCGAGGTAAGGACA_001,181
TCTGCTCCGAGGTAAGGACA_002,121
TCTGCTCCGAGGTAAGGACA_003,186
TCTGCTCCGAGGTAAGGACA_004,68
AGGAGCCGGAGATATTTGGC_001,7
AGGAGCCGGAGATATTTGGC_002,139
AGGAGCCGGAGATATTTGGC_003,17
AGGAGCCGGAGATATTTGGC_004,17
ACTGTAGTATAATCGCCGGG_001,15
ACTGTAGTATAATCGCCGGG_002,88
ACTGTAGTATAATCGCCGGG_003,113
ACTGTAGTATAATCGCCGGG_004,81
ACTGTAGTATAATCGCCGGG_005,175
ACTGTAGTATAATCGCCGGG_006,63
AGTTTGACTCTTACCCTGTG_001,19
AGTTTGACTCTTACCCTGTG_002,155
AGTCGTAGCCCTCCTTACGC_001,17
AGTCGTAGCCCTCCTTACGC_002,44
AGTCGTAGCCCTCCTTACGC_003,29
AGTCGTAGCCCTCCTTACGC_004,17
AGTCGTAGCCCTCCTTACGC_005,12
AGTCGTAGCCCTCCTTACGC_006,182
AGTCGTAGCCCTCCTTACGC_007,6
AGTCGTAGCCCTCCTTACGC_008,184
AGTCGTAGCCCTCCTTACGC_009,188
AGTCGTAGCCCTCCTTACGC_010,120
AGTCGTAGCCCTCCTTACGC_011,124
AGTCGTAGCCCTCCTTACGC_012,89
AACAGAACATCGGCACATAG_001,174
AACAGAACATCGGCACATAG_002,169
AACAGAACATCGGCACATAG_003,174
AACAGAACATCGGCACATAG_004,183
AACAGAACATCGGCACATAG_005,149
AACAGAACATCGGCACATAG_006,182
AACAGAACATCGGCACATAG_007,197
AACAGAACATCGGCACATAG_008,60
AACAGAACATCGGCACATAG_009,153
AACAGAACATCGGCACATAG_010,145
AACAGAACATCGGCACATAG_011,16
AACAGAACATCGGCACATAG_012,131
AACAGAACATCGGCACATAG_013,118
AACAGAACATCGGCACATAG_014,28
AACAGAACATCGGCACATAG_015,43
AACAGAACATCGGCACATAG_016,198
AACAGAACATCGGCACATAG_017,28
AACAGAACATCGGCACATAG_018,124
AACAGAACATCGGCACATAG_019,149
AACAGAACATCGGCACATAG_020,170
AACAGAACATCGGCACATAG_021,168
ACCAGGGGGTCCTATGTCAC_001,117
ACCAGGGGGTCCTATGTCAC_002,102
ACCAGGGGGTCCTATGTCAC_003,29
ACCAGGGGGTCCTATGTCAC_004,10
ACCAGGGGGTCCTATGTCAC_005,4
ACCAGGGGGTCCTATGTCAC_006,4
ACCAGGGGGTCCTATGTCAC_007,176
ACCAGGGGGTCCTATGTCAC_008,106
ACCAGGGGGTCCTATGTCAC_009,139
ACCAGGGGGTCCTATGTCAC_010,56
ACCAGGGGGTCCTATGTCAC_011,121
ACCAGGGGGTCCTATGTCAC_012,73
ACCAGGGGGTCCTATGTCAC_013,108
ACCAGGGGGTCCTATGTCAC_014,148
ACCAGGGGGTCCTATGTCAC_015,127
ACCAGGGGGTCCTATGTCAC_016,176
ACCAGGGGGTCCTATGTCAC_017,30
ACCAGGGGGTCCTATGTCAC_018,43
ACCAGGGGGTCCTATGTCAC_019,50
ACCAGGGGGTCCTATGTCAC_020,169
ACCAGGGGGTCCTATGTCAC_021,105
ACCAGGGGGTCCTATGTCAC_022,196
ACCAGGGGGTCCTATGTCAC_023,167
ACCAGGGGGTCCTATGTCAC_024,167
ACCAGGGGGTCCTATGTCAC_025,147
ACCAGGGGGTCCTATGTCAC_026,40
GCTCTGGAGAAATTTCTACT_001,178
TGTTGAGAATGACAAACTAG_001,175
TGTTGAGAATGACAAACTAG_002,113
AATATTCTATCGGATCCACT_001,77
AATATTCTATCGGATCCACT_002,12
AATATTCTATCGGATCCACT_003,197
AATATTCTATCGGATCCACT_004,160
AATATTCTATCGGATCCACT_005,102
TACTGAAAGAGTGATACGCG_001,37
TACTGAAAGAGTGATACGCG_002,147
TACTGAAAGAGTGATACGCG_003,5
TACTGAAAGAGTGATACGCG_004,88
TACTGAAAGAGTGATACGCG_005,42
TACTGAAAGAGTGATACGCG_006,83
TACTGAAAGAGTGATACGCG_007,31
TACTGAAAGAGTGATACGCG_008,26
TACTGAAAGAGTGATACGCG_009,28
TACTGAAAGAGTGATACGCG_010,174
TACTGAAAGAGTGATACGCG_011,141
TACTGAAAGAGTGATACGCG_012,76
TACTGAAAGAGTGATACGCG_013,58
TACTGAAAGAGTGATACGCG_014,177
TACTGAAAGAGTGATACGCG_015,26
TACTGAAAGAGTGATACGCG_016,26
TACTGAAAGAGTGATACGCG_017,15
TACTGAAAGAGTGATACGCG_018,37
TACTGAAAGAGTGATACGCG_019,167
TGTGATTGGAGTGACTCTCA_001,151
TGTGATTGGAGTGACTCTCA_002,129
TGTGATTGGAGTGACTCTCA_003,58
CCCACACAAAACGCTGCCCG_001,166
CCCACACAAAACGCTGCCCG_002,12
CCCACACAAAACGCTGCCCG_003,130
CCCACACAAAACGCTGCCCG_004,150
CCCACACAAAACGCTGCCCG_005,27
CCCACACAAAACGCTGCCCG_006,88
CCCACACAAAACGCTGCCCG_007,27
CCCACACAAAACGCTGCCCG_008,110
CCCACACAAAACGCTGCCCG_009,127
CCCACACAAAACGCTGCCCG_010,129
CCCACACAAAACGCTGCCCG_011,67
CCCACACAAAACGCTGCCCG_012,98
CCCACACAAAACGCTGCCCG_013,113
CCCACACAAAACGCTGCCCG_014,148
CCCACACAAAACGCTGCCCG_015,38
CCCACACAAAACGCTGCCCG_016,12
CCCACACAAAACGCTGCCCG_017,149
CCCACACAAAACGCTGCCCG_018,50
CCCACACAAAACGCTGCCCG_019,101
CCCACACAAAACGCTGCCCG_020,5
CCCACACAAAACGCTGCCCG_021,157
CCCACACAAAACGCTGCCCG_022,157
CCCACACAAAACGCTGCCCG_023,115
CCCACACAAAACGCTGCCCG_024,50
CCCACACAAAACGCTGCCCG_025,16
CCCACACAAAACGCTGCCCG_026,95
CCCACACAAAACGCTGCCCG_027,49
CCCACACAAAACGCTGCCCG_028,81
CCCACACAAAACGCTGCCCG_029,184
CCCACACAAAACGCTGCCCG_030,94
CCCACACAAAACGCTGCCCG_031,165
CCCACACAAAACGCTGCCCG_032,41
CCCACACAAAACGCTGCCCG_033,176
CCCACACAAAACGCTGCCCG_034,15
CCCACACAAAACGCTGCCCG_035,64
CCCACACAAAACGCTGCCCG_036,19
CCCACACAAAACGCTGCCCG_037,184
CCCACACAAAACGCTGCCCG_038,60
CCCACACAAAACGCTGCCCG_039,130
CCCACACAAAACGCTGCCCG_040,168
CCCACACAAAACGCTGCCCG_041,4
CCCACACAAAACGCTGCCCG_042,158
ACACACTCGATGTCACTCCA_001,169
ACACACTCGATGTCACTCCA_002,174
ACACACTCGATGTCACTCCA_003,32
ACACACTCGATGTCACTCCA_004,181
ACACACTCGATGTCACTCCA_005,136
ACACACTCGATGTCACTCCA_006,115
ACACACTCGATGTCACTCCA_007,139
ACACACTCGATGTCACTCCA_008,181
ACACACTCGATGTCACTCCA_009,44
ACACACTCGATGTCACTCCA_010,51
ACACACTCGATGTCACTCCA_011,110
ACACACTCGATGTCACTCCA_012,177
ACACACTCGATGTCACTCCA_013,119
ACACACTCGATGTCACTCCA_014,174
ACACACTCGATGTCACTCCA_015,186
ACACACTCGATGTCACTCCA_016,19
ACACACTCGATGTCACTCCA_017,119
ACACACTCGATGTCACTCCA_018,184
ACACACTCGATGTCACTCCA_019,81
ACACACTCGATGTCACTCCA_020,50
ACACACTCGATGTCACTCCA_021,107
ACACACTCGATGTCACTCCA_022,158
ACACACTCGATGTCACTCCA_023,187
ACACACTCGATGTCACTCCA_024,86
ACACACTCGATGTCACTCCA_025,14
ACACACTCGATGTCACTCCA_026,32
ACACACTCGATGTCACTCCA_027,38
ACACACTCGATGTCACTCCA_028,198
ACACACTCGATGTCACTCCA_029,35
ACACACTCGATGTCACTCCA_030,130
ACACACTCGATGTCACTCCA_031,4
ACACACTCGATGTCACTCCA_032,68
ACACACTCGATGTCACTCCA_033,152
ACACACTCGATGTCACTCCA_034,126
ACACACTCGATGTCACTCCA_035,184
ACACACTCGATGTCACTCCA_036,115
ACGGTGCGCAAGGCCGACGC_001,82
ACGGTGCGCAAGGCCGACGC_002,168
ACGGTGCGCAAGGCCGACGC_003,94
ACGGTGCGCAAGGCCGACGC_004,65
ACGGTGCGCAAGGCCGACGC_005,191
ACGGTGCGCAAGGCCGACGC_006,62
ACGGTGCGCAAGGCCGACGC_007,41
ACGGTGCGCAAGGCCGACGC_008,146
ACGGTGCGCAAGGCCGACGC_009,43
ACGGTGCGCAAGGCCGACGC_010,14
ACGGTGCGCAAGGCCGACGC_011,80
ACGGTGCGCAAGGCCGACGC_012,143
ACGGTGCGCAAGGCCGACGC_013,98
ACGGTGCGCAAGGCCGACGC_014,29
ACGGTGCGCAAGGCCGACGC_015,101
ACGGTGCGCAAGGCCGACGC_016,101
ACGGTGCGCAAGGCCGACGC_017,48
ACGGTGCGCAAGGCCGACGC_018,104
ACGGTGCGCAAGGCCGACGC_019,3
ACGGTGCGCAAGGCCGACGC_020,42
ACGGTGCGCAAGGCCGACGC_021,192
ACGGTGCGCAAGGCCGACGC_022,114
ACGGTGCGCAAGGCCGACGC_023,176
ACGGTGCGCAAGGCCGACGC_024,78
ACGGTGCGCAAGGCCGACGC_025,140
ACGGTGCGCAAGGCCGACGC_026,25
ACGGTGCGCAAGGCCGACGC_027,23
ACGGTGCGCAAGGCCGACGC_028,14
ACGGTGCGCAAGGCCGACGC_029,81
ACGGTGCGCAAGGCCGACGC_030,54
ACGGTGCGCAAGGCCGACGC_031,129
ACGGTGCGCAAGGCCGACGC_032,160
ACGGTGCGCAAGGCCGACGC_033,107
ACGGTGCGCAAGGCCGACGC_034,163
ACGGTGCGCAAGGCCGACGC_035,40
ACGGTGCGCAAGGCCGACGC_036,175
ACGGTGCGCAAGGCCGACGC_037,68
ACGGTGCGCAAGGCCGACGC_038,137
ACGGTGCGCAAGGCCGACGC_039,189
ACGGTGCGCAAGGCCGACGC_040,185
ACGGTGCGCAAGGCCGACGC_041,112
ACGGTGCGCAAGGCCGACGC_042,80
ACGGTGCGCAAGGCCGACGC_043,6
ACGGTGCGCAAGGCCGACGC_044,21
ACGGTGCGCAAGGCCGACGC_045,188
ACGGTGCGCAAGGCCGACGC_046,87
ACGGTGCGCAAGGCCGACGC_047,94
ACGGTGCGCAAGGCCGACGC_048,10
ACGGTGCGCAAGGCCGACGC_049,10
ACGGTGCGCAAGGCCGACGC_050,121
ACGGTGCGCAAGGCCGACGC_051,157
ACGGTGCGCAAGGCCGACGC_052,19
ACGGTGCGCAAGGCCGACGC_053,0
ACGGTGCGCAAGGCCGACGC_054,46
ACGGTGCGCAAGGCCGACGC_055,150
TATACTGATGCATATCAGAG_001,7
TATACTGATGCATATCAGAG_002,88
GCACAGCTGGAGCAACGACT_001,162
GCACAGCTGGAGCAACGACT_002,29
GCACAGCTGGAGCAACGACT_003,36
GCACAGCTGGAGCAACGACT_004,42
GCACAGCTGGAGCAACGACT_005,128
GCACAGCTGGAGCAACGACT_006,5
GCACAGCTGGAGCAACGACT_007,137
CCATAAGATACCATGATCTG_001,115
CCATAAGATACCATGATCTG_002,162
CCATAAGATACCATGATCTG_003,105
CCATAAGATACCATGATCTG_004,49
CCATAAGATACCATGATCTG_005,87
CCATAAGATACCATGATCTG_006,166
CCATAAGATACCATGATCTG_007,177
CCATAAGATACCATGATCTG_008,145
CCATAAGATACCATGATCTG_009,3
CCATAAGATACCATGATCTG_010,60
AAAGCGAGTTCAATCTCTTG_001,7
AAAGCGAGTTCAATCTCTTG_002,130
AAAGCGAGTTCAATCTCTTG_003,104
AAGGAGGGGGTCATGTATGT_001,137
AAGGAGGGGGTCATGTATGT_002,37
AAGGAGGGGGTCATGTATGT_003,12
AAGGAGGGGGTCATGTATGT_004,145
AAGGAGGGGGTCATGTATGT_005,182
CAAACTGGTACTCGAGAACG_001,68
AGCGCACTGAGCCGTCGCAG_001,150
AGCGCACTGAGCCGTCGCAG_002,60
AGCGCACTGAGCCGTCGCAG_003,166
AGCGCACTGAGCCGTCGCAG_004,48
AGCGCACTGAGCCGTCGCAG_005,158
AGCGCACTGAGCCGTCGCAG_006,118
AGCGCACTGAGCCGTCGCAG_007,170
AGCGCACTGAGCCGTCGCAG_008,28
AGCGCACTGAGCCGTCGCAG_009,41
AGCGCACTGAGCCGTCGCAG_010,147
GCACCTACCATAGATGCGAA_001,85
GCACCTACCATAGATGCGAA_002,49
GCACCTACCATAGATGCGAA_003,35
GCACCTACCATAGATGCGAA_004,88
GCACCTACCATAGATGCGAA_005,61
GCACCTACCATAGATGCGAA_006,13
GGTAGACCACCGTCCAGACG_001,165
GGTAGACCACCGTCCAGACG_002,68
GGTAGACCACCGTCCAGACG_003,3
AAGTTGGACCTCATTAGCAA_001,102
AAGTTGGACCTCATTAGCAA_002,184
AAGTTGGACCTCATTAGCAA_003,30
AAGTTGGACCTCATTAGCAA_004,116
AAGTTGGACCTCATTAGCAA_005,33
AAGTTGGACCTCATTAGCAA_006,27
AAGTTGGACCTCATTAGCAA_007,138
AAGTTGGACCTCATTAGCAA_008,63
AAGTTGGACCTCATTAGCAA_009,155
AAGTTGGACCTCATTAGCAA_010,170
AAGTTGGACCTCATTAGCAA_011,3
CATGGCGGACGACGTAGACC_001,58
TGATAGAGACACTACTGAAG_001,176
TGATAGAGACACTACTGAAG_002,141
TGATAGAGACACTACTGAAG_003,176
ACATCTTCAGTATTAGTGAG_001,94
ACATCTTCAGTATTAGTGAG_002,109
ACATCTTCAGTATTAGTGAG_003,188
ACATCTTCAGTATTAGTGAG_004,158
GCTGAACAAGGCCGACCAAG_001,78
GCTGAACAAGGCCGACCAAG_002,61
GCTGAACAAGGCCGACCAAG_003,12
GCTGAACAAGGCCGACCAAG_004,63
GCTGAACAAGGCCGACCAAG_005,107
GCTGAACAAGGCCGACCAAG_006,25
GCTGAACAAGGCCGACCAAG_007,174
TATTTGAAACTACTAGGTAA_001,61
TATTTGAAACTACTAGGTAA_002,28
TATTTGAAACTACTAGGTAA_003,41
TATTTGAAACTACTAGGTAA_004,142
TATTTGAAACTACTAGGTAA_005,150
TATTTGAAACTACTAGGTAA_006,142
GAGATTTGGGGCAATCCAGG_001,120
GAGATTTGGGGCAATCCAGG_002,188
GAGATTTGGGGCAATCCAGG_003,49
GAGATTTGGGGCAATCCAGG_004,137
GAGATTTGGGGCAATCCAGG_005,152
GAGATTTGGGGCAATCCAGG_006,187
GAGATTTGGGGCAATCCAGG_007,47
GAGATTTGGGGCAATCCAGG_008,41
GAGATTTGGGGCAATCCAGG_009,158
GAGATTTGGGGCAATCCAGG_010,44
GAGATTTGGGGCAATCCAGG_011,89
GAGATTTGGGGCAATCCAGG_012,169
GAGATTTGGGGCAATCCAGG_013,81
GAGATTTGGGGCAATCCAGG_014,67
GAGATTTGGGGCAATCCAGG_015,13
GAGATTTGGGGCAATCCAGG_016,96
GAGATTTGGGGCAATCCAGG_017,6
GAGATTTGGGGCAATCCAGG_018,190
GAGATTTGGGGCAATCCAGG_019,25
GAGATTTGGGGCAATCCAGG_020,153
GAGATTTGGGGCAATCCAGG_021,130
GAGATTTGGGGCAATCCAGG_022,98
GAGATTTGGGGCAATCCAGG_023,77
CCCGAGGCCAGAACGACTGT_001,60
CCCGAGGCCAGAACGACTGT_002,12
CCCGAGGCCAGAACGACTGT_003,198
CCCGAGGCCAGAACGACTGT_004,116
CCCGAGGCCAGAACGACTGT_005,77
CCCGAGGCCAGAACGACTGT_006,102
CCCGAGGCCAGAACGACTGT_007,42
CCCGAGGCCAGAACGACTGT_008,110
CCCGAGGCCAGAACGACTGT_009,98
CCCGAGGCCAGAACGACTGT_010,121
CCCGAGGCCAGAACGACTGT_011,119
CCCGAGGCCAGAACGACTGT_012,175
CCCGAGGCCAGAACGACTGT_013,49
CCCGAGGCCAGAACGACTGT_014,29
CCCGAGGCCAGAACGACTGT_015,114
CCCGAGGCCAGAACGACTGT_016,156
CCCGAGGCCAGAACGACTGT_017,194
CCCGAGGCCAGAACGACTGT_018,56
CCCGAGGCCAGAACGACTGT_019,33
CCCGAGGCCAGAACGACTGT_020,23
CCCGAGGCCAGAACGACTGT_021,68
CCCGAGGCCAGAACGACTGT_022,154
CCCGAGGCCAGAACGACTGT_023,141
CCCGAGGCCAGAACGACTGT_024,126
CCCGAGGCCAGAACGACTGT_025,43
CCCGAGGCCAGAACGACTGT_026,174
CCCGAGGCCAGAACGACTGT_027,149
CCCGAGGCCAGAACGACTGT_028,185
CCCGAGGCCAGAACGACTGT_029,77
CCCGAGGCCAGAACGACTGT_030,48
CCCGAGGCCAGAACGACTGT_031,140
CCCGAGGCCAGAACGACTGT_032,158
CCCGAGGCCAGAACGACTGT_033,177
CCCGAGGCCAGAACGACTGT_034,170
CCCGAGGCCAGAACGACTGT_035,60
CCCGAGGCCAGAACGACTGT_036,1
CCCGAGGCCAGAACGACTGT_037,8
TTTCATCTACGACCAGACTG_001,53
TTTCATCTACGACCAGACTG_002,160
TTTCATCTACGACCAGACTG_003,166
TTTCATCTACGACCAGACTG_004,145
TCATAAGAATAGTTGTAAGG_001,136
TTGAAATCCGCCTTTATGTG_001,142
TTGAAATCCGCCTTTATGTG_002,102
TTGAAATCCGCCTTTATGTG_003,151
TTGAAATCCGCCTTTATGTG_004,128
GCACGTGCACAAATGCCGCC_001,52
GCACGTGCACAAATGCCGCC_002,153
GCATCAGCGTGTCATACACG_001,78
GCATCAGCGTGTCATACACG_002,174
GCATCAGCGTGTCATACACG_003,49
GCATCAGCGTGTCATACACG_004,23
GCATCAGCGTGTCATACACG_005,182
GCATCAGCGTGTCATACACG_006,63
CTGCACATTCCATGTGTCAG_001,162
CTTTCTCCATAAAGACGATG_001,170
CTTTCTCCATAAAGACGATG_002,88
CTTTCTCCATAAAGACGATG_003,2
CTTTCTCCATAAAGACGATG_004,141
GGCCACGACAGAGCCGTCGT_001,143
GGCCACGACAGAGCCGTCGT_002,142
GGCCACGACAGAGCCGTCGT_003,157
GGCCACGACAGAGCCGTCGT_004,147
GGCCACGACAGAGCCGTCGT_005,148
GGCCACGACAGAGCCGTCGT_006,65
GGCCACGACAGAGCCGTCGT_007,106
GGCCACGACAGAGCCGTCGT_008,19
CATCGTGGTTTACACCGACA_001,162
CATCGTGGTTTACACCGACA_002,188
CATCGTGGTTTACACCGACA_003,49
CATCGTGGTTTACACCGACA_004,88
CATCGTGGTTTACACCGACA_005,12
CATCGTGGTTTACACCGACA_006,137
CATCGTGGTTTACACCGACA_007,80
CATCGTGGTTTACACCGACA_008,75
CATCGTGGTTTACACCGACA_009,189
CATCGTGGTTTACACCGACA_010,117
CATCGTGGTTTACACCGACA_011,190
CATCGTGGTTTACACCGACA_012,195
CATCGTGGTTTACACCGACA_013,49
CATCGTGGTTTACACCGACA_014,166
CATCGTGGTTTACACCGACA_015,125
CATCGTGGTTTACACCGACA_016,105
CATCGTGGTTTACACCGACA_017,169
CATCGTGGTTTACACCGACA_018,175
CATCGTGGTTTACACCGACA_019,5
TGGAGTCCAACACTGAGTCC_001,188
TGGAGTCCAACACTGAGTCC_002,40
TGGAGTCCAACACTGAGTCC_003,130
TGGTGAGAATAATGGACATG_001,7
TGGTGAGAATAATGGACATG_002,40
TGGTGAGAATAATGGACATG_003,118
TGGTGAGAATAATGGACATG_004,85
TGGTGAGAATAATGGACATG_005,77
TGGTGAGAATAATGGACATG_006,136
TGGTGAGAATAATGGACATG_007,52
TGGTGAGAATAATGGACATG_008,150
TGGTGAGAATAATGGACATG_009,163
TTCGTACCGGACTGGCTGAG_001,29
TTCGTACCGGACTGGCTGAG_002,70
TTCGTACCGGACTGGCTGAG_003,6
TTCGTACCGGACTGGCTGAG_004,156
TTCGTACCGGACTGGCTGAG_005,54
TTCGTACCGGACTGGCTGAG_006,48
TTCGTACCGGACTGGCTGAG_007,68
TTCGTACCGGACTGGCTGAG_008,50
TTCGTACCGGACTGGCTGAG_009,190
TTCGTACCGGACTGGCTGAG_010,114
TTCGTACCGGACTGGCTGAG_011,42
TTCGTACCGGACTGGCTGAG_012,83
TTCGTACCGGACTGGCTGAG_013,169
TTCGTACCGGACTGGCTGAG_014,183
TTCGTACCGGACTGGCTGAG_015,28
GCACAGCGCCGTGATAGACA_001,162
GCACAGCGCCGTGATAGACA_002,127
TTTGAGGCCTTGAATTCACG_001,98
TTTGAGGCCTTGAATTCACG_002,180
TTTGAGGCCTTGAATTCACG_003,6
CGGCACAGACTTCCGCGCGT_001,139
CGGCACAGACTTCCGCGCGT_002,108
GACAAAGGACCCTTCCGGGT_001,94
GACAAAGGACCCTTCCGGGT_002,49
GACAAAGGACCCTTCCGGGT_003,110
GACAAAGGACCCTTCCGGGT_004,110
AGATTTGATCCTTAAAACCA_001,5
AGATTTGATCCTTAAAACCA_002,198
AGATTTGATCCTTAAAACCA_003,80
AGATTTGATCCTTAAAACCA_004,117
AACAGTATCAGTGAACCCAA_001,181
AACAGTATCAGTGAACCCAA_002,147
AACAGTATCAGTGAACCCAA_003,8
AACAGTATCAGTGAACCCAA_004,145
AACAGTATCAGTGAACCCAA_005,63
AACAGTATCAGTGAACCCAA_006,179
AACAGTATCAGTGAACCCAA_007,76
AACAGTATCAGTGAACCCAA_008,60
GTTCAGATGCCATCTCCGAG_001,182
GTTCAGATGCCATCTCCGAG_002,27
GTTCAGATGCCATCTCCGAG_003,191
GTTCAGATGCCATCTCCGAG_004,176
AGATAATCGAACATTGACAG_001,50
AGATAATCGAACATTGACAG_002,117
AGATAATCGAACATTGACAG_003,86
AGTGGAATCCCACCATGATG_001,7
AGTGGAATCCCACCATGATG_002,40
AGTGGAATCCCACCATGATG_003,148
AGTGGAATCCCACCATGATG_004,62
CTGAGGTTACACCACGTGCA_001,178
CTGAGGTTACACCACGTGCA_002,130
TAAAGGAGTCCTGCGTACGG_001,163
TAAAGGAGTCCTGCGTACGG_002,50
TAAAGGAGTCCTGCGTACGG_003,139
TAAAGGAGTCCTGCGTACGG_004,158
TAAAGGAGTCCTGCGTACGG_005,147
TAAAGGAGTCCTGCGTACGG_006,62
TAAAGGAGTCCTGCGTACGG_007,9
TAAAGGAGTCCTGCGTACGG_008,33
TAAAGGAGTCCTGCGTACGG_009,13
TAAAGGAGTCCTGCGTACGG_010,104
TAAAGGAGTCCTGCGTACGG_011,27
TAAAGGAGTCCTGCGTACGG_012,127
TAAAGGAGTCCTGCGTACGG_013,149
TAAAGGAGTCCTGCGTACGG_014,178
TAAAGGAGTCCTGCGTACGG_015,29
TAAAGGAGTCCTGCGTACGG_016,163
TAAAGGAGTCCTGCGTACGG_017,184
TAAAGGAGTCCTGCGTACGG_018,177
TAAAGGAGTCCTGCGTACGG_019,52
TAAAGGAGTCCTGCGTACGG_020,91
TAAAGGAGTCCTGCGTACGG_021,56
TAAAGGAGTCCTGCGTACGG_022,34
TCCCAGCTAACACAGCAGAG_001,116
TCCCAGCTAACACAGCAGAG_002,189
TCCCAGCTAACACAGCAGAG_003,98
GACGGAGGTCGACCCCGATG_001,171
GACGGAGGTCGACCCCGATG_002,113
GACGGAGGTCGACCCCGATG_003,191
GACGGAGGTCGACCCCGATG_004,175
GACGGAGGTCGACCCCGATG_005,85
GACGGAGGTCGACCCCGATG_006,169
GACGGAGGTCGACCCCGATG_007,48
GACGGAGGTCGACCCCGATG_008,76
GACGGAGGTCGACCCCGATG_009,52
GACGGAGGTCGACCCCGATG_010,35
AATGACACACCAGTTACTCT_001,161
AATGACACACCAGTTACTCT_002,47
AATGACACACCAGTTACTCT_003,6
AATGACACACCAGTTACTCT_004,102
AATGACACACCAGTTACTCT_005,147
AATGACACACCAGTTACTCT_006,71
AATGACACACCAGTTACTCT_007,39
ACTTGATACCATGATCTTCG_001,140
GGTGGTCATCGTTAAGACTG_001,178
GGTGGTCATCGTTAAGACTG_002,94
GGTGGTCATCGTTAAGACTG_003,68
GGTGGTCATCGTTAAGACTG_004,81
GGTGGTCATCGTTAAGACTG_005,148
GGTGGTCATCGTTAAGACTG_006,126
GGTGGTCATCGTTAAGACTG_007,190
GGTGGTCATCGTTAAGACTG_008,88
GGTGGTCATCGTTAAGACTG_009,36
GGTGGTCATCGTTAAGACTG_010,64
GGTGGTCATCGTTAAGACTG_011,63
TTCTCTTCATCCTCACGAGG_001,141
TTCTCTTCATCCTCACGAGG_002,62
TTCTCTTCATCCTCACGAGG_003,32
TTCTCTTCATCCTCACGAGG_004,41
TTCTCTTCATCCTCACGAGG_005,56
TTCTCTTCATCCTCACGAGG_006,74
TTCTCTTCATCCTCACGAGG_007,94
TTCTCTTCATCCTCACGAGG_008,125
TTCTCTTCATCCTCACGAGG_009,138
TTCTCTTCATCCTCACGAGG_010,166
TTCTCTTCATCCTCACGAGG_011,70
GGCTGCGCTACACCCGCATG_001,146
GGCTGCGCTACACCCGCATG_002,36
GGCTGCGCTACACCCGCATG_003,12
GGCTGCGCTACACCCGCATG_004,49
GGCTGCGCTACACCCGCATG_005,46
GGCTGCGCTACACCCGCATG_006,63
TGCCAAGACTTGGACTCCTG_001,198
TGCCAAGACTTGGACTCCTG_002,169
TGCCAAGACTTGGACTCCTG_003,12
TGCCAAGACTTGGACTCCTG_004,76
TGCCAAGACTTGGACTCCTG_005,113
TGCCAAGACTTGGACTCCTG_006,140
TGCCAAGACTTGGACTCCTG_007,12
TGCCAAGACTTGGACTCCTG_008,83
GTGTCATGGGGTATTCCACA_001,76
GTGTCATGGGGTATTCCACA_002,191
CTGATCAGATTGGTAGTGAG_001,121
CTGATCAGATTGGTAGTGAG_002,178
CTGATCAGATTGGTAGTGAG_003,20
CTGATCAGATTGGTAGTGAG_004,88
CTGATCAGATTGGTAGTGAG_005,149
CTGATCAGATTGGTAGTGAG_006,57
CTGATCAGATTGGTAGTGAG_007,178
CTGATCAGATTGGTAGTGAG_008,108
CTGATCAGATTGGTAGTGAG_009,105
CTGATCAGATTGGTAGTGAG_010,68
CTGATCAGATTGGTAGTGAG_011,65
CTGATCAGATTGGTAGTGAG_012,30
CTGATCAGATTGGTAGTGAG_013,67
CTGATCAGATTGGTAGTGAG_014,112
CTGATCAGATTGGTAGTGAG_015,118
CTGATCAGATTGGTAGTGAG_016,194
CTGATCAGATTGGTAGTGAG_017,69
TTGAGCGCTGAGCAAGCAAA_001,175
TTGAGCGCTGAGCAAGCAAA_002,104
TTGAGCGCTGAGCAAGCAAA_003,171
TTGAGCGCTGAGCAAGCAAA_004,118
TTGAGCGCTGAGCAAGCAAA_005,73
TTGAGCGCTGAGCAAGCAAA_006,92
TTGAGCGCTGAGCAAGCAAA_007,127
TTGAGCGCTGAGCAAGCAAA_008,10
TTGAGCGCTGAGCAAGCAAA_009,39
TTGAGCGCTGAGCAAGCAAA_010,102
TTGAGCGCTGAGCAAGCAAA_011,17
TTGAGCGCTGAGCAAGCAAA_012,63
TTGAGCGCTGAGCAAGCAAA_013,66
TTGAGCGCTGAGCAAGCAAA_014,191
TTGAGCGCTGAGCAAGCAAA_015,60
TTGAGCGCTGAGCAAGCAAA_016,69
TTGAGCGCTGAGCAAGCAAA_017,158
TTGAGCGCTGAGCAAGCAAA_018,178
TTGAGCGCTGAGCAAGCAAA_019,175
TTGAGCGCTGAGCAAGCAAA_020,6
TTGAGCGCTGAGCAAGCAAA_021,150
TTGAGCGCTGAGCAAGCAAA_022,1
TTGAGCGCTGAGCAAGCAAA_023,94
TTGAGCGCTGAGCAAGCAAA_024,162
TTGAGCGCTGAGCAAGCAAA_025,82
TTGAGCGCTGAGCAAGCAAA_026,81
TTGAGCGCTGAGCAAGCAAA_027,184
TTGAGCGCTGAGCAAGCAAA_028,145
TTGAGCGCTGAGCAAGCAAA_029,187
TTGAGCGCTGAGCAAGCAAA_030,1
TTGAGCGCTGAGCAAGCAAA_031,16
TTGAGCGCTGAGCAAGCAAA_032,80
TTGAGCGCTGAGCAAGCAAA_033,15
TTGAGCGCTGAGCAAGCAAA_034,168
TTGAGCGCTGAGCAAGCAAA_035,138
ATTCAGCATTTCGGACTCTG_001,41
ATTCAGCATTTCGGACTCTG_002,112
ATTCAGCATTTCGGACTCTG_003,27
ATTCAGCATTTCGGACTCTG_004,8
ATTCAGCATTTCGGACTCTG_005,147
ATTCAGCATTTCGGACTCTG_006,198
ATTCAGCATTTCGGACTCTG_007,183
ATTCAGCATTTCGGACTCTG_008,76
AGTTCGAAGCAACAGAGCTG_001,118
AGTTCGAAGCAACAGAGCTG_002,4
AGTTCGAAGCAACAGAGCTG_003,64
AGTTCGAAGCAACAGAGCTG_004,137
AGTTCGAAGCAACAGAGCTG_005,48
AGTTCGAAGCAACAGAGCTG_006,1
AGTTCGAAGCAACAGAGCTG_007,19
AGTTCGAAGCAACAGAGCTG_008,139
AGTTCGAAGCAACAGAGCTG_009,166
AGTTCGAAGCAACAGAGCTG_010,175
AGTTCGAAGCAACAGAGCTG_011,4
AGTTCGAAGCAACAGAGCTG_012,4
AGTTCGAAGCAACAGAGCTG_013,127
AGTTCGAAGCAACAGAGCTG_014,174
AGTTCGAAGCAACAGAGCTG_015,88
AGTTCGAAGCAACAGAGCTG_016,102
AGTTCGAAGCAACAGAGCTG_017,57
AGTTCGAAGCAACAGAGCTG_018,12
AGTTCGAAGCAACAGAGCTG_019,167
AGTTCGAAGCAACAGAGCTG_020,15
AGTTCGAAGCAACAGAGCTG_021,191
AGTTCGAAGCAACAGAGCTG_022,22
AGTTCGAAGCAACAGAGCTG_023,135
AGTTCGAAGCAACAGAGCTG_024,126
AGTTCGAAGCAACAGAGCTG_025,10
CCTCCAGAAGACACAAACTG_001,192
CCTCCAGAAGACACAAACTG_002,158
CCTCCAGAAGACACAAACTG_003,61
CCTCCAGAAGACACAAACTG_004,40
CCTCCAGAAGACACAAACTG_005,131
CCTCCAGAAGACACAAACTG_006,155
CCTCCAGAAGACACAAACTG_007,148
CCTCCAGAAGACACAAACTG_008,8
CCTCCAGAAGACACAAACTG_009,101
CCTCCAGAAGACACAAACTG_010,98
CCTCCAGAAGACACAAACTG_011,176
CCTCCAGAAGACACAAACTG_012,58
CCTCCAGAAGACACAAACTG_013,2
CCTCCAGAAGACACAAACTG_014,123
CCTCCAGAAGACACAAACTG_015,68
CCTCCAGAAGACACAAACTG_016,68
CCTCCAGAAGACACAAACTG_017,118
CCTCCAGAAGACACAAACTG_018,188
CCTCCAGAAGACACAAACTG_019,98
CCTCCAGAAGACACAAACTG_020,162
GCCTGGGCGTCCCAAAGATG_001,106
GCCTGGGCGTCCCAAAGATG_002,19
GCCTGGGCGTCCCAAAGATG_003,92
GCCTGGGCGTCCCAAAGATG_004,56
GCCTGGGCGTCCCAAAGATG_005,163
GCCTGGGCGTCCCAAAGATG_006,61
GCCTGGGCGTCCCAAAGATG_007,47
GCCTGGGCGTCCCAAAGATG_008,141
GCCTGGGCGTCCCAAAGATG_009,150
GCCTGGGCGTCCCAAAGATG_010,34
TGCACTAAACCTGATAGAAA_001,159
TGCACTAAACCTGATAGAAA_002,21
TGCACTAAACCTGATAGAAA_003,174
TGCACTAAACCTGATAGAAA_004,169
TGCACTAAACCTGATAGAAA_005,21
TGCACTAAACCTGATAGAAA_006,21
TGCACTAAACCTGATAGAAA_007,147
GGTACACCCAGTGCCTTAGG_001,97
GGTACACCCAGTGCCTTAGG_002,159
GGTACACCCAGTGCCTTAGG_003,63
GGTACACCCAGTGCCTTAGG_004,149
GACCTGGCTACTTGCCCCCG_001,181
GACCTGGCTACTTGCCCCCG_002,75
GACCTGGCTACTTGCCCCCG_003,49
GACCTGGCTACTTGCCCCCG_004,125
GACCTGGCTACTTGCCCCCG_005,98
GACCTGGCTACTTGCCCCCG_006,157
GACCTGGCTACTTGCCCCCG_007,95
AGTCCGAAACACCGTCAATG_001,58
AGTCCGAAACACCGTCAATG_002,141
AGTCCGAAACACCGTCAATG_003,190
AGTCCGAAACACCGTCAATG_004,54
AGTCCGAAACACCGTCAATG_005,144
AGTCCGAAACACCGTCAATG_006,69
AGTCCGAAACACCGTCAATG_007,157
AGTCCGAAACACCGTCAATG_008,65
AGTCCGAAACACCGTCAATG_009,112
AGTCCGAAACACCGTCAATG_010,78
AGTCCGAAACACCGTCAATG_011,50
AGTCCGAAACACCGTCAATG_012,4
AGTCCGAAACACCGTCAATG_013,51
AGTCCGAAACACCGTCAATG_014,53
AGTCCGAAACACCGTCAATG_015,142
AGTCCGAAACACCGTCAATG_016,174
AGTCCGAAACACCGTCAATG_017,160
AGTCCGAAACACCGTCAATG_018,147
AGTCCGAAACACCGTCAATG_019,151
AGTCCGAAACACCGTCAATG_020,63
AGTCCGAAACACCGTCAATG_021,41
AGTCCGAAACACCGTCAATG_022,144
AGTCCGAAACACCGTCAATG_023,20
AGTCCGAAACACCGTCAATG_024,198
AGTCCGAAACACCGTCAATG_025,77
AGTCCGAAACACCGTCAATG_026,6
AGTCCGAAACACCGTCAATG_027,161
AGTCCGAAACACCGTCAATG_028,39
AGTCCGAAACACCGTCAATG_029,55
AGTCCGAAACACCGTCAATG_030,198
AGTCCGAAACACCGTCAATG_031,162
AGTCCGAAACACCGTCAATG_032,165
AGTCCGAAACACCGTCAATG_033,60
AGTCCGAAACACCGTCAATG_034,130
AGTCCGAAACACCGTCAATG_035,17
AGTCCGAAACACCGTCAATG_036,181
AGTCCGAAACACCGTCAATG_037,182
AGTCCGAAACACCGTCAATG_038,100
AGTCCGAAACACCGTCAATG_039,127
AGTCCGAAACACCGTCAATG_040,199
AGTCCGAAACACCGTCAATG_041,117
AGTCCGAAACACCGTCAATG_042,83
AGTCCGAAACACCGTCAATG_043,66
AGTCCGAAACACCGTCAATG_044,65
AGTCCGAAACACCGTCAATG_045,180
AGTCCGAAACACCGTCAATG_046,127
AGTCCGAAACACCGTCAATG_047,170
AGTCCGAAACACCGTCAATG_048,102
AGTCCGAAACACCGTCAATG_049,133
AGTCCGAAACACCGTCAATG_050,142
AGTCCGAAACACCGTCAATG_051,39
AGTCCGAAACACCGTCAATG_052,50
AGTCCGAAACACCGTCAATG_053,77
AGTCCGAAACACCGTCAATG_054,18
AGTCCGAAACACCGTCAATG_055,186
AGTCCGAAACACCGTCAATG_056,41
GAAGGTGCGCGCGTCATCGT_001,192
GAAGGTGCGCGCGTCATCGT_002,170
GAAGGTGCGCGCGTCATCGT_003,14
GAAGGTGCGCGCGTCATCGT_004,144
GAAGGTGCGCGCGTCATCGT_005,198
GAAGGTGCGCGCGTCATCGT_006,84
GAAGGTGCGCGCGTCATCGT_007,47
GAAGGTGCGCGCGTCATCGT_008,80
GAAGGTGCGCGCGTCATCGT_009,40
GAAGGTGCGCGCGTCATCGT_010,185
GAAGGTGCGCGCGTCATCGT_011,82
CAGGACCAGAGAAAAAAGGA_001,160
CAGGACCAGAGAAAAAAGGA_002,76
CAGGACCAGAGAAAAAAGGA_003,137
CAGGACCAGAGAAAAAAGGA_004,59
CAGGACCAGAGAAAAAAGGA_005,40
TCTTTACTTAAAGGGCGCTG_001,5
TCTTTACTTAAAGGGCGCTG_002,78
TCTTTACTTAAAGGGCGCTG_003,177
TCTTTACTTAAAGGGCGCTG_004,52
TCTTTACTTAAAGGGCGCTG_005,23
TCTTTACTTAAAGGGCGCTG_006,50
TCTTTACTTAAAGGGCGCTG_007,59
TCTTTACTTAAAGGGCGCTG_008,179
TCTTTACTTAAAGGGCGCTG_009,88
TCTTTACTTAAAGGGCGCTG_010,81
TCTTTACTTAAAGGGCGCTG_011,115
TCTTTACTTAAAGGGCGCTG_012,193
TCTTTACTTAAAGGGCGCTG_013,160
TCTTTACTTAAAGGGCGCTG_014,94
TCTTTACTTAAAGGGCGCTG_015,69
GGGGCCCCTCCGAGGAAGAA_001,137
GGGGCCCCTCCGAGGAAGAA_002,9
GGGGCCCCTCCGAGGAAGAA_003,73
GGGGCCCCTCCGAGGAAGAA_004,181
GGGGCCCCTCCGAGGAAGAA_005,22
GGGGCCCCTCCGAGGAAGAA_006,58
GGGGCCCCTCCGAGGAAGAA_007,146
GGGGCCCCTCCGAGGAAGAA_008,76
GGGGCCCCTCCGAGGAAGAA_009,152
GGGGCCCCTCCGAGGAAGAA_010,157
CGCTCATCGAGTCTCATGAG_001,69
CGCTCATCGAGTCTCATGAG_002,191
CGCTCATCGAGTCTCATGAG_003,146
CGCTCATCGAGTCTCATGAG_004,110
CGCTCATCGAGTCTCATGAG_005,103
CGCTCATCGAGTCTCATGAG_006,57
CGCTCATCGAGTCTCATGAG_007,63
CGCTCATCGAGTCTCATGAG_008,155
ACAGGCATGATCATCATGGA_001,68
ACAGGCATGATCATCATGGA_002,156
CTCCGAGCTCTCGGACAAAG_001,196
AAGGTCCAGAAAAATCATGT_001,56
AAGGTCCAGAAAAATCATGT_002,67
AAGGTCCAGAAAAATCATGT_003,170
AAGGTCCAGAAAAATCATGT_004,157
AAGGTCCAGAAAAATCATGT_005,129
AAGGTCCAGAAAAATCATGT_006,94
AAGGTCCAGAAAAATCATGT_007,98
AAGGTCCAGAAAAATCATGT_008,127
AAGGTCCAGAAAAATCATGT_009,104
AAGGTCCAGAAAAATCATGT_010,52
ACTGCAAGTCAACCGCAACA_001,80
ACTGCAAGTCAACCGCAACA_002,176
ACTGCAAGTCAACCGCAACA_003,176
ACTGCAAGTCAACCGCAACA_004,78
ACTGCAAGTCAACCGCAACA_005,83
ACTGCAAGTCAACCGCAACA_006,61
ACTGCAAGTCAACCGCAACA_007,5
ACTGCAAGTCAACCGCAACA_008,9
ACTGCAAGTCAACCGCAACA_009,83
ACTGCAAGTCAACCGCAACA_010,126
ACTGCAAGTCAACCGCAACA_011,115
ACTGCAAGTCAACCGCAACA_012,90
GAGGAGGTTCACATGATATG_001,49
GAGGAGGTTCACATGATATG_002,156
GAGGAGGTTCACATGATATG_003,127
GAGGAGGTTCACATGATATG_004,177
CTGAAGCTCGTAGAGAAATG_001,45
CTGAAGCTCGTAGAGAAATG_002,132
CTGAAGCTCGTAGAGAAATG_003,155
CTGAAGCTCGTAGAGAAATG_004,78
TTCCATATTCGTAACGACTG_001,127
TTCCATATTCGTAACGACTG_002,83
TTCCATATTCGTAACGACTG_003,161
CATGCTAGCAGGAAGAACAG_001,173
CATGCTAGCAGGAAGAACAG_002,165
CATGCTAGCAGGAAGAACAG_003,199
CATGCTAGCAGGAAGAACAG_004,1
CATGCTAGCAGGAAGAACAG_005,127
CATGCTAGCAGGAAGAACAG_006,7
CATGCTAGCAGGAAGAACAG_007,117
CATGCTAGCAGGAAGAACAG_008,95
CATGCTAGCAGGAAGAACAG_009,18
CATGCTAGCAGGAAGAACAG_010,126
CATGCTAGCAGGAAGAACAG_011,58
CATGCTAGCAGGAAGAACAG_012,104
CATGCTAGCAGGAAGAACAG_013,47
CATGCTAGCAGGAAGAACAG_014,108
CATGCTAGCAGGAAGAACAG_015,134
CATGCTAGCAGGAAGAACAG_016,40
CATGCTAGCAGGAAGAACAG_017,169
CATGCTAGCAGGAAGAACAG_018,105
CATGCTAGCAGGAAGAACAG_019,130
CATGCTAGCAGGAAGAACAG_020,193
CATGCTAGCAGGAAGAACAG_021,86
CTGTGTGTGTGACTAATGTC_001,178
CTGTGTGTGTGACTAATGTC_002,19
CTGTGTGTGTGACTAATGTC_003,136
CTGTGTGTGTGACTAATGTC_004,94
CTGTGTGTGTGACTAATGTC_005,103
CTGTGTGTGTGACTAATGTC_006,169
CTGTGTGTGTGACTAATGTC_007,133
CTGTGTGTGTGACTAATGTC_008,149
CTGTGTGTGTGACTAATGTC_009,149
CTGTGTGTGTGACTAATGTC_010,60
CTGTGTGTGTGACTAATGTC_011,72
CTGTGTGTGTGACTAATGTC_012,146
CTGTGTGTGTGACTAATGTC_013,29
CTGTGTGTGTGACTAATGTC_014,195
CTGTGTGTGTGACTAATGTC_015,62
CTGTGTGTGTGACTAATGTC_016,84
GTTGGGAAGGATGTCACCAG_001,144
GTTGGGAAGGATGTCACCAG_002,31
GTTGGGAAGGATGTCACCAG_003,154
GTTGGGAAGGATGTCACCAG_004,154
GTTGGGAAGGATGTCACCAG_005,166
GTTGGGAAGGATGTCACCAG_006,29
GTTGGGAAGGATGTCACCAG_007,176
GTTGGGAAGGATGTCACCAG_008,70
GTTGGGAAGGATGTCACCAG_009,189
GTTGGGAAGGATGTCACCAG_010,114
GTTGGGAAGGATGTCACCAG_011,180
GTTGGGAAGGATGTCACCAG_012,10
GTTGGGAAGGATGTCACCAG_013,185
GCTGGCAGACTCTATCCCCG_001,192
CCCTGGACTTCCACACATGG_001,196
CCCTGGACTTCCACACATGG_002,47
CCCTGGACTTCCACACATGG_003,198
CCCTGGACTTCCACACATGG_004,168
CCCTGGACTTCCACACATGG_005,161
CCCTGGACTTCCACACATGG_006,68
CCCTGGACTTCCACACATGG_007,128
CCCTGGACTTCCACACATGG_008,82
GTCGCCTGCATATGTTACAC_001,82
CAGCAGTGGACGTCCCAACT_001,27
CAGCAGTGGACGTCCCAACT_002,144
CAGCAGTGGACGTCCCAACT_003,48
CAGCAGTGGACGTCCCAACT_004,171
CAGCAGTGGACGTCCCAACT_005,119
CAGCAGTGGACGTCCCAACT_006,75
CAGCAGTGGACGTCCCAACT_007,29
CAGCAGTGGACGTCCCAACT_008,52
CAGCAGTGGACGTCCCAACT_009,94
CAGCAGTGGACGTCCCAACT_010,114
CAGCAGTGGACGTCCCAACT_011,168
CAGCAGTGGACGTCCCAACT_012,91
CAGGTTGCGATAGCCCCGCG_001,50
CAGGTTGCGATAGCCCCGCG_002,80
CAGGTTGCGATAGCCCCGCG_003,149
CAGGTTGCGATAGCCCCGCG_004,81
CAGGTTGCGATAGCCCCGCG_005,26
CAGGTTGCGATAGCCCCGCG_006,70
CAGGTTGCGATAGCCCCGCG_007,172
CAGGTTGCGATAGCCCCGCG_008,132
CAGGTTGCGATAGCCCCGCG_009,199
CATGAGTCCAGGGGGCACGT_001,171
CATGAGTCCAGGGGGCACGT_002,7
CATGAGTCCAGGGGGCACGT_003,184
CATGAGTCCAGGGGGCACGT_004,29
CATGAGTCCAGGGGGCACGT_005,138
CATGAGTCCAGGGGGCACGT_006,198
CATGAGTCCAGGGGGCACGT_007,2
CATGAGTCCAGGGGGCACGT_008,107
AGGAATCCATACTCCAGAGT_001,3
AGGAATCCATACTCCAGAGT_002,74
AGGAATCCATACTCCAGAGT_003,33
AGGAATCCATACTCCAGAGT_004,28
AAACAGTTAACCCTGAACCT_001,29
AAACAGTTAACCCTGAACCT_002,16
AAACAGTTAACCCTGAACCT_003,61
AAACAGTTAACCCTGAACCT_004,115
CGTTGGCGGAGGCTAATCCG_001,131
CGTTGGCGGAGGCTAATCCG_002,104
CGTTGGCGGAGGCTAATCCG_003,171
CGTTGGCGGAGGCTAATCCG_004,24
CGTTGGCGGAGGCTAATCCG_005,33
CGTTGGCGGAGGCTAATCCG_006,77
CGTTGGCGGAGGCTAATCCG_007,118
CGTTGGCGGAGGCTAATCCG_008,92
CCAGCTCAGTTTGTCCGCGG_001,70
CCAGCTCAGTTTGTCCGCGG_002,199
CCAGCTCAGTTTGTCCGCGG_003,77
CCAGCTCAGTTTGTCCGCGG_004,1
CCAGCTCAGTTTGTCCGCGG_005,44
CCAGCTCAGTTTGTCCGCGG_006,18
CCAGCTCAGTTTGTCCGCGG_007,180
CCAGCTCAGTTTGTCCGCGG_008,184
CCAGCTCAGTTTGTCCGCGG_009,40
CCAGCTCAGTTTGTCCGCGG_010,194
GCCCCAGACGTAGTACATGT_001,67
GCCCCAGACGTAGTACATGT_002,199
GCCCCAGACGTAGTACATGT_003,119
AAAACGCCCAGTGATAGTGA_001,24
AAAACGCCCAGTGATAGTGA_002,46
AAAACGCCCAGTGATAGTGA_003,68
AAAACGCCCAGTGATAGTGA_004,6
AAGTACGAGCTGATTGGGAA_001,77
AAGTACGAGCTGATTGGGAA_002,149
AAGTACGAGCTGATTGGGAA_003,67
AAGTACGAGCTGATTGGGAA_004,192
AAGTACGAGCTGATTGGGAA_005,29
GCAGAGCTGGCAGATTCGAG_001,197
GCAGAGCTGGCAGATTCGAG_002,111
GCAGAGCTGGCAGATTCGAG_003,191
GCAGAGCTGGCAGATTCGAG_004,61
AGAACCAGGAGGGACACTTG_001,127
AGAACCAGGAGGGACACTTG_002,157
AGAACCAGGAGGGACACTTG_003,141
AGAACCAGGAGGGACACTTG_004,162
AGAACCAGGAGGGACACTTG_005,190
AGAACCAGGAGGGACACTTG_006,192
AGAACCAGGAGGGACACTTG_007,172
AGAACCAGGAGGGACACTTG_008,146
AGAACCAGGAGGGACACTTG_009,29
AGAACCAGGAGGGACACTTG_010,50
AGAACCAGGAGGGACACTTG_011,141
AGAACCAGGAGGGACACTTG_012,178
AGAACCAGGAGGGACACTTG_013,64
AGAACCAGGAGGGACACTTG_014,17
AGAACCAGGAGGGACACTTG_015,30
AGAACCAGGAGGGACACTTG_016,113
AGAACCAGGAGGGACACTTG_017,174
AGAACCAGGAGGGACACTTG_018,106
AGAACCAGGAGGGACACTTG_019,141
AGAACCAGGAGGGACACTTG_020,12
TGAGGGCACGATTGAGTGTG_001,174
TGAGGGCACGATTGAGTGTG_002,69
TGAGGGCACGATTGAGTGTG_003,147
TGAGGGCACGATTGAGTGTG_004,137
TGAGGGCACGATTGAGTGTG_005,121
TGAGGGCACGATTGAGTGTG_006,52
TGAGGGCACGATTGAGTGTG_007,124
TGAGGGCACGATTGAGTGTG_008,182
TGAGGGCACGATTGAGTGTG_009,62
TTACCTGTAAAAATCCGGTG_001,121
TTACCTGTAAAAATCCGGTG_002,43
TTACCTGTAAAAATCCGGTG_003,137
TTACCTGTAAAAATCCGGTG_004,165
TTACCTGTAAAAATCCGGTG_005,94
TTACCTGTAAAAATCCGGTG_006,47
CCTCAAAGTGAGGATTACTG_001,157
CCTCAAAGTGAGGATTACTG_002,184
CCTCAAAGTGAGGATTACTG_003,115
CCTCAAAGTGAGGATTACTG_004,43
CCTCAAAGTGAGGATTACTG_005,22
CCTCAAAGTGAGGATTACTG_006,53
CCTCAAAGTGAGGATTACTG_007,196
CCTCAAAGTGAGGATTACTG_008,175
CCTCAAAGTGAGGATTACTG_009,142
TCGATGAGATTCCCACAGAG_001,170
TCGATGAGATTCCCACAGAG_002,137
TCGATGAGATTCCCACAGAG_003,185
TCGATGAGATTCCCACAGAG_004,189
TCGATGAGATTCCCACAGAG_005,73
TCGATGAGATTCCCACAGAG_006,12
TCGATGAGATTCCCACAGAG_007,34
TCGATGAGATTCCCACAGAG_008,161
TCGATGAGATTCCCACAGAG_009,88
TCGATGAGATTCCCACAGAG_010,4
TCGATGAGATTCCCACAGAG_011,4
ATGTCCACCAGTATAGCTCT_001,70
ATGTCCACCAGTATAGCTCT_002,160
ATGTCCACCAGTATAGCTCT_003,106
ATCCAGTATTGTGCTAGAGG_001,130
GATGGTTCGTGTGATCTCAG_001,29
GATGGTTCGTGTGATCTCAG_002,158
GATGGTTCGTGTGATCTCAG_003,88
GATGGTTCGTGTGATCTCAG_004,199
GATGGTTCGTGTGATCTCAG_005,9
GATGGTTCGTGTGATCTCAG_006,187
GATGGTTCGTGTGATCTCAG_007,1
GATGGTTCGTGTGATCTCAG_008,190
GATGGTTCGTGTGATCTCAG_009,62
GATGGTTCGTGTGATCTCAG_010,160
GATGGTTCGTGTGATCTCAG_011,84
GATGGTTCGTGTGATCTCAG_012,5
GATGGTTCGTGTGATCTCAG_013,183
GATGGTTCGTGTGATCTCAG_014,158
GATGGTTCGTGTGATCTCAG_015,91
GATGGTTCGTGTGATCTCAG_016,34
GATGGTTCGTGTGATCTCAG_017,77
GATGGTTCGTGTGATCTCAG_018,152
GATGGTTCGTGTGATCTCAG_019,174
GATGGTTCGTGTGATCTCAG_020,94
GATGGTTCGTGTGATCTCAG_021,93
TCTGTGCCGACAGAGCAGTG_001,181
TCTGTGCCGACAGAGCAGTG_002,45
TCTGTGCCGACAGAGCAGTG_003,127
TCTGTGCCGACAGAGCAGTG_004,62
TCTGTGCCGACAGAGCAGTG_005,191
TCTGTGCCGACAGAGCAGTG_006,107
TCTGTGCCGACAGAGCAGTG_007,113
TCTGTGCCGACAGAGCAGTG_008,148
TCTGTGCCGACAGAGCAGTG_009,132
TCTGTGCCGACAGAGCAGTG_010,83
TCTGTGCCGACAGAGCAGTG_011,115
TCTGTGCCGACAGAGCAGTG_012,177
TCTGTGCCGACAGAGCAGTG_013,168
TCTGTGCCGACAGAGCAGTG_014,94
TCTGTGCCGACAGAGCAGTG_015,180
TCCTCGGAGAACATGTCCAG_001,176
TCCTCGGAGAACATGTCCAG_002,139
TCCTCGGAGAACATGTCCAG_003,50
TCCTCGGAGAACATGTCCAG_004,23
TCCTCGGAGAACATGTCCAG_005,43
TCCTCGGAGAACATGTCCAG_006,53
TCCTCGGAGAACATGTCCAG_007,163
TCCTCGGAGAACATGTCCAG_008,110
TCCTCGGAGAACATGTCCAG_009,13
TCCTCGGAGAACATGTCCAG_010,29
TCCTCGGAGAACATGTCCAG_011,174
TCCTCGGAGAACATGTCCAG_012,29
TCCTCGGAGAACATGTCCAG_013,46
TCCTCGGAGAACATGTCCAG_014,162
TCCTCGGAGAACATGTCCAG_015,132
TCCTCGGAGAACATGTCCAG_016,90
TCCTCGGAGAACATGTCCAG_017,18
TCCTCGGAGAACATGTCCAG_018,14
TCCTCGGAGAACATGTCCAG_019,53
TCCTCGGAGAACATGTCCAG_020,80
TCCTCGGAGAACATGTCCAG_021,91
TCCTCGGAGAACATGTCCAG_022,17
TCCTCGGAGAACATGTCCAG_023,63
TCCTCGGAGAACATGTCCAG_024,56
TCCTCGGAGAACATGTCCAG_025,39
TCCTCGGAGAACATGTCCAG_026,191
TCCTCGGAGAACATGTCCAG_027,14
TCCTCGGAGAACATGTCCAG_028,86
GTCGCGGTACTGGTTGACGA_001,115
GTCGCGGTACTGGTTGACGA_002,19
GTCGCGGTACTGGTTGACGA_003,90
GTCGCGGTACTGGTTGACGA_004,170
GCGCAAGTTCGGCTCCGACA_001,56
GCGCAAGTTCGGCTCCGACA_002,62
GCGCAAGTTCGGCTCCGACA_003,65
GCGCAAGTTCGGCTCCGACA_004,111
GCGCAAGTTCGGCTCCGACA_005,198
GCGCAAGTTCGGCTCCGACA_006,172
GCGCAAGTTCGGCTCCGACA_007,185
GCGCAAGTTCGGCTCCGACA_008,56
GCGCAAGTTCGGCTCCGACA_009,24
GCGCAAGTTCGGCTCCGACA_010,8
GCGCAAGTTCGGCTCCGACA_011,13
GCGCAAGTTCGGCTCCGACA_012,35
GCGCAAGTTCGGCTCCGACA_013,127
GCGCAAGTTCGGCTCCGACA_014,158
GCGCAAGTTCGGCTCCGACA_015,148
GCGCAAGTTCGGCTCCGACA_016,58
GCGCAAGTTCGGCTCCGACA_017,154
GCGCAAGTTCGGCTCCGACA_018,88
GCGCAAGTTCGGCTCCGACA_019,13
GCGCAAGTTCGGCTCCGACA_020,68
GCGCAAGTTCGGCTCCGACA_021,149
GCGCAAGTTCGGCTCCGACA_022,47
GCGCAAGTTCGGCTCCGACA_023,81
GCGCAAGTTCGGCTCCGACA_024,108
GCGCAAGTTCGGCTCCGACA_025,48
GCGCAAGTTCGGCTCCGACA_026,78
GCGCAAGTTCGGCTCCGACA_027,4
AACTGGCACGACCATCGCTG_001,133
AACTGGCACGACCATCGCTG_002,76
AACTGGCACGACCATCGCTG_003,139
AACTGGCACGACCATCGCTG_004,102
AACTGGCACGACCATCGCTG_005,113
AACTGGCACGACCATCGCTG_006,101
AACTGGCACGACCATCGCTG_007,36
AACTGGCACGACCATCGCTG_008,178
AACTGGCACGACCATCGCTG_009,193
AACTGGCACGACCATCGCTG_010,157
AACTGGCACGACCATCGCTG_011,183
AGCCTTCAACGTAAAGTCCG_001,58
AGCCTTCAACGTAAAGTCCG_002,105
AGCCTTCAACGTAAAGTCCG_003,50
AGCCTTCAACGTAAAGTCCG_004,58
AGCCTTCAACGTAAAGTCCG_005,61
TCACTGTGAACATACGAGAA_001,127
TCACTGTGAACATACGAGAA_002,98
TCACTGTGAACATACGAGAA_003,185
TCACTGTGAACATACGAGAA_004,113
TCACTGTGAACATACGAGAA_005,56
TCACTGTGAACATACGAGAA_006,170
TCACTGTGAACATACGAGAA_007,138
TCACTGTGAACATACGAGAA_008,152
TCACTGTGAACATACGAGAA_009,3
ACAATCCGGGAAAGTCGCTG_001,27
ACAATCCGGGAAAGTCGCTG_002,81
ACAATCCGGGAAAGTCGCTG_003,45
ACAATCCGGGAAAGTCGCTG_004,28
ACAATCCGGGAAAGTCGCTG_005,170
ACAATCCGGGAAAGTCGCTG_006,44
ACAATCCGGGAAAGTCGCTG_007,65
ACAATCCGGGAAAGTCGCTG_008,161
ACAATCCGGGAAAGTCGCTG_009,178
ACAATCCGGGAAAGTCGCTG_010,114
ACAATCCGGGAAAGTCGCTG_011,104
ACAATCCGGGAAAGTCGCTG_012,194
ACAATCCGGGAAAGTCGCTG_013,168
ACAATCCGGGAAAGTCGCTG_014,46
ACAATCCGGGAAAGTCGCTG_015,150
ACAATCCGGGAAAGTCGCTG_016,84
ACAATCCGGGAAAGTCGCTG_017,8
ACAATCCGGGAAAGTCGCTG_018,68
GGCCTATGCCCTGAACTGCG_001,128
GGCCTATGCCCTGAACTGCG_002,17
GGCCTATGCCCTGAACTGCG_003,121
GGCCTATGCCCTGAACTGCG_004,117
TCTCTGAGGACTCCACAGTG_001,64
CATTTATGACTACATCCACG_001,184
CATTTATGACTACATCCACG_002,3
AACAGGCATTCCGGAAACGG_001,49
AACAGGCATTCCGGAAACGG_002,169
AACAGGCATTCCGGAAACGG_003,12
AACAGGCATTCCGGAAACGG_004,145
AACAGGCATTCCGGAAACGG_005,50
TGGAGTCCACGGATGATGGA_001,7
TGGAGTCCACGGATGATGGA_002,23
TGGAGTCCACGGATGATGGA_003,66
TGGAGTCCACGGATGATGGA_004,57
TGGAGTCCACGGATGATGGA_005,57
CGGGTGCTTACCGTCCACAC_001,172
CGGGTGCTTACCGTCCACAC_002,77
CGGGTGCTTACCGTCCACAC_003,27
CGGGTGCTTACCGTCCACAC_004,56
CGGGTGCTTACCGTCCACAC_005,31
CGGGTGCTTACCGTCCACAC_006,67
CGGGTGCTTACCGTCCACAC_007,129
CGGGTGCTTACCGTCCACAC_008,43
TCATCATTGCTACTGGAGGG_001,1
TCATCATTGCTACTGGAGGG_002,50
TCATCATTGCTACTGGAGGG_003,70
TCATCATTGCTACTGGAGGG_004,170
GCAGCATCCAGAAAACGGCG_001,115
GCAGCATCCAGAAAACGGCG_002,144
GCAGCATCCAGAAAACGGCG_003,70
GCAGCATCCAGAAAACGGCG_004,194
GCAGCATCCAGAAAACGGCG_005,141
GCAGCATCCAGAAAACGGCG_006,6
GCAGCATCCAGAAAACGGCG_007,27
GCAGCATCCAGAAAACGGCG_008,131
GCAGCATCCAGAAAACGGCG_009,1
GCAGCATCCAGAAAACGGCG_010,94
GCAGCATCCAGAAAACGGCG_011,77
GCAGCATCCAGAAAACGGCG_012,50
GCAGCATCCAGAAAACGGCG_013,76
GCAGCATCCAGAAAACGGCG_014,127
GCAGCATCCAGAAAACGGCG_015,149
GCAGCATCCAGAAAACGGCG_016,138
GCAGCATCCAGAAAACGGCG_017,69
GCAGCATCCAGAAAACGGCG_018,45
GCAGCATCCAGAAAACGGCG_019,164
GCAGCATCCAGAAAACGGCG_020,37
GCAGCATCCAGAAAACGGCG_021,197
GCAGCATCCAGAAAACGGCG_022,26
GCAGCATCCAGAAAACGGCG_023,120
CCCCAAGCACTGGCGCTATG_001,77
CCCCAAGCACTGGCGCTATG_002,12
CCCCAAGCACTGGCGCTATG_003,112
CCCCAAGCACTGGCGCTATG_004,138
CCCCAAGCACTGGCGCTATG_005,173
CCCCAAGCACTGGCGCTATG_006,14
CCCCAAGCACTGGCGCTATG_007,17
CCCCAAGCACTGGCGCTATG_008,70
GGTGACAAAGCAGATCACGC_001,131
GGTGACAAAGCAGATCACGC_002,127
GGTGACAAAGCAGATCACGC_003,53
GGTGACAAAGCAGATCACGC_004,158
GGTGACAAAGCAGATCACGC_005,148
GGTGACAAAGCAGATCACGC_006,88
GGTGACAAAGCAGATCACGC_007,162
GGTGACAAAGCAGATCACGC_008,47
GGTGACAAAGCAGATCACGC_009,125
CCCTGTCGGCCATCTACAAG_001,174
CCCTGTCGGCCATCTACAAG_002,147
CCCTGTCGGCCATCTACAAG_003,130
CCCTGTCGGCCATCTACAAG_004,100
CCCTGTCGGCCATCTACAAG_005,184
CCCTGTCGGCCATCTACAAG_006,50
CCCTGTCGGCCATCTACAAG_007,197
CCCTGTCGGCCATCTACAAG_008,118
CCCTGATCAGAGTATCTGCG_001,2
CCCTGATCAGAGTATCTGCG_002,49
CCCTGATCAGAGTATCTGCG_003,90
CCCTGATCAGAGTATCTGCG_004,97
CCCTGATCAGAGTATCTGCG_005,103
CCCTGATCAGAGTATCTGCG_006,127
CCCTGATCAGAGTATCTGCG_007,191
CCCTGATCAGAGTATCTGCG_008,105
CCCTGATCAGAGTATCTGCG_009,95
CCCTGATCAGAGTATCTGCG_010,181
CCCTGATCAGAGTATCTGCG_011,34
CCCTGATCAGAGTATCTGCG_012,46
AAGCAGTTGATGATGTGTAG_001,100
AAGCAGTTGATGATGTGTAG_002,32
AAGCAGTTGATGATGTGTAG_003,179
AAGCAGTTGATGATGTGTAG_004,17
GGAATGACCCGGCCATCTCG_001,153
GGAATGACCCGGCCATCTCG_002,68
GGAATGACCCGGCCATCTCG_003,107
GGAATGACCCGGCCATCTCG_004,134
GGAATGACCCGGCCATCTCG_005,94
GGAATGACCCGGCCATCTCG_006,141
GGAATGACCCGGCCATCTCG_007,150
GGAATGACCCGGCCATCTCG_008,95
GGAATGACCCGGCCATCTCG_009,111
GGAATGACCCGGCCATCTCG_010,175
GGAATGACCCGGCCATCTCG_011,109
GGAATGACCCGGCCATCTCG_012,175
GGAATGACCCGGCCATCTCG_013,118
GGAATGACCCGGCCATCTCG_014,33
GGAATGACCCGGCCATCTCG_015,197
CCAGGGTACCTTGCGTCCAG_001,78
CCAGGGTACCTTGCGTCCAG_002,198
CCAGGGTACCTTGCGTCCAG_003,58
CCAGGGTACCTTGCGTCCAG_004,50
CCAGGGTACCTTGCGTCCAG_005,48
CCAGGGTACCTTGCGTCCAG_006,17
CCAGGGTACCTTGCGTCCAG_007,17
CCAGGGTACCTTGCGTCCAG_008,154
CCAGGGTACCTTGCGTCCAG_009,184
CCAGGGTACCTTGCGTCCAG_010,162
CCAGGGTACCTTGCGTCCAG_011,19
CCAGGGTACCTTGCGTCCAG_012,54
CCAGGGTACCTTGCGTCCAG_013,130
CCAGGGTACCTTGCGTCCAG_014,81
CCAGGGTACCTTGCGTCCAG_015,85
CCAGGGTACCTTGCGTCCAG_016,33
CCAGGGTACCTTGCGTCCAG_017,15
CCAGGGTACCTTGCGTCCAG_018,145
CCAGGGTACCTTGCGTCCAG_019,94
CAAGAACAACCACCAGATCA_001,62
CAAGAACAACCACCAGATCA_002,109
CAAGAACAACCACCAGATCA_003,58
CAAGAACAACCACCAGATCA_004,91
CAAGAACAACCACCAGATCA_005,37
CAAGAACAACCACCAGATCA_006,43
ACTGATACTTACACACCAGG_001,185
ACTGATACTTACACACCAGG_002,34
ACTGATACTTACACACCAGG_003,127
ACTGATACTTACACACCAGG_004,169
ACTGATACTTACACACCAGG_005,39
ACTGATACTTACACACCAGG_006,52
ACTGATACTTACACACCAGG_007,24
ACTGATACTTACACACCAGG_008,35
CCACTGTGGCCAATGGACCC_001,106
GGCAGTGTTGAGTGTGCCTG_001,120
GGCAGTGTTGAGTGTGCCTG_002,199
GGCAGTGTTGAGTGTGCCTG_003,45
GGCAGTGTTGAGTGTGCCTG_004,149
GGCAGTGTTGAGTGTGCCTG_005,101
GGCAGTGTTGAGTGTGCCTG_006,30
GGCAGTGTTGAGTGTGCCTG_007,34
GGCAGTGTTGAGTGTGCCTG_008,145
GGCAGTGTTGAGTGTGCCTG_009,29
GGCAGTGTTGAGTGTGCCTG_010,105
GGCAGTGTTGAGTGTGCCTG_011,1
GGCAGTGTTGAGTGTGCCTG_012,83
CGGCGTTATATCCACCACCA_001,148
CAGCGTAAGTGAATTGTCCC_001,29
CAGCGTAAGTGAATTGTCCC_002,166
CAGCGTAAGTGAATTGTCCC_003,102
ATTCAACCAGCACCAAACAA_001,28
ATTCAACCAGCACCAAACAA_002,63
ATTCAACCAGCACCAAACAA_003,1
ATTCAACCAGCACCAAACAA_004,1
ATTCAACCAGCACCAAACAA_005,67
ATTCAACCAGCACCAAACAA_006,40
ATTCAACCAGCACCAAACAA_007,191
ATTCAACCAGCACCAAACAA_008,2
ATTCAACCAGCACCAAACAA_009,63
ATTCAACCAGCACCAAACAA_010,17
ATTCAACCAGCACCAAACAA_011,183
ATTCAACCAGCACCAAACAA_012,154
ATTCAACCAGCACCAAACAA_013,53
ATTCAACCAGCACCAAACAA_014,83
ATTCAACCAGCACCAAACAA_015,182
ATTCAACCAGCACCAAACAA_016,116
ATTCAACCAGCACCAAACAA_017,118
ATTCAACCAGCACCAAACAA_018,188
ATTCAACCAGCACCAAACAA_019,22
ATTCAACCAGCACCAAACAA_020,112
ATTCAACCAGCACCAAACAA_021,8
ATTCAACCAGCACCAAACAA_022,148
ATTCAACCAGCACCAAACAA_023,178
ATTCAACCAGCACCAAACAA_024,50
ATTCAACCAGCACCAAACAA_025,129
ATTCAACCAGCACCAAACAA_026,98
ATTCAACCAGCACCAAACAA_027,108
ATTCAACCAGCACCAAACAA_028,108
ATTCAACCAGCACCAAACAA_029,141
ATTCAACCAGCACCAAACAA_030,148
ATTCAACCAGCACCAAACAA_031,50
ATTCAACCAGCACCAAACAA_032,12
ATTCAACCAGCACCAAACAA_033,158
ATTCAACCAGCACCAAACAA_034,128
ATTCAACCAGCACCAAACAA_035,15
ATTCAACCAGCACCAAACAA_036,50
ATTCAACCAGCACCAAACAA_037,19
ATTCAACCAGCACCAAACAA_038,47
ATTCAACCAGCACCAAACAA_039,161
CTAGGAAGGCGAGCGAACCC_001,9
CTAGGAAGGCGAGCGAACCC_002,127
AGGGCCACCTACCATGAACA_001,169
AGGGCCACCTACCATGAACA_002,45
AGGGCCACCTACCATGAACA_003,62
AGGGCCACCTACCATGAACA_004,40
AGGGCCACCTACCATGAACA_005,195
AGGGCCACCTACCATGAACA_006,140
AGGGCCACCTACCATGAACA_007,94
AGGGCCACCTACCATGAACA_008,80
AGGGCCACCTACCATGAACA_009,80
AGGGCCACCTACCATGAACA_010,150
AGGGCCACCTACCATGAACA_011,169
AGGGCCACCTACCATGAACA_012,0
AGGGCCACCTACCATGAACA_013,151
AGGGCCACCTACCATGAACA_014,64
AGGGCCACCTACCATGAACA_015,97
AGGGCCACCTACCATGAACA_016,13
GGTTCTCACTCGCTCAGAGC_001,62
GGTTCTCACTCGCTCAGAGC_002,89
GGTTCTCACTCGCTCAGAGC_003,56
GGTTCTCACTCGCTCAGAGC_004,87
GGTTCTCACTCGCTCAGAGC_005,33
GGTTCTCACTCGCTCAGAGC_006,30
GGTTCTCACTCGCTCAGAGC_007,62
GGTTCTCACTCGCTCAGAGC_008,33
ACCACACCGAGAACAACGTG_001,9
ACCACACCGAGAACAACGTG_002,160
ACCACACCGAGAACAACGTG_003,23
ACCACACCGAGAACAACGTG_004,161
ACCACACCGAGAACAACGTG_005,8
ACCACACCGAGAACAACGTG_006,84
ACCACACCGAGAACAACGTG_007,196
ACCACACCGAGAACAACGTG_008,151
ACCACACCGAGAACAACGTG_009,81
ACCACACCGAGAACAACGTG_010,136
ACCACACCGAGAACAACGTG_011,56
ACCACACCGAGAACAACGTG_012,75
ACCACACCGAGAACAACGTG_013,127
ACCACACCGAGAACAACGTG_014,12
ACCACACCGAGAACAACGTG_015,68
ACCACACCGAGAACAACGTG_016,166
ACCACACCGAGAACAACGTG_017,115
ACCACACCGAGAACAACGTG_018,103
ACCACACCGAGAACAACGTG_019,122
ACCACACCGAGAACAACGTG_020,83
ACCACACCGAGAACAACGTG_021,198
AGACGCTGCTGAAGCCAGAG_001,36
GTCATTGGGATAGAGGACCC_001,106
GTCATTGGGATAGAGGACCC_002,50
GTCATTGGGATAGAGGACCC_003,53
GTCGCGCACCTGACCCGCTG_001,98
GTCGCGCACCTGACCCGCTG_002,145
GTCGCGCACCTGACCCGCTG_003,126
GTCGCGCACCTGACCCGCTG_004,77
GTCGCGCACCTGACCCGCTG_005,98
GTCGCGCACCTGACCCGCTG_006,171
GTCGCGCACCTGACCCGCTG_007,104
GTCGCGCACCTGACCCGCTG_008,154
GTCGCGCACCTGACCCGCTG_009,154
GTCGCGCACCTGACCCGCTG_010,86
GTCGCGCACCTGACCCGCTG_011,156
GTCGCGCACCTGACCCGCTG_012,148
GTCGCGCACCTGACCCGCTG_013,13
GTCGCGCACCTGACCCGCTG_014,50
GTCGCGCACCTGACCCGCTG_015,2
GTCGCGCACCTGACCCGCTG_016,148
GTCGCGCACCTGACCCGCTG_017,70
GTCGCGCACCTGACCCGCTG_018,88
GTCGCGCACCTGACCCGCTG_019,89
GTCGCGCACCTGACCCGCTG_020,121
GATGGCTGCAAGAACCACAT_001,2
GATGGCTGCAAGAACCACAT_002,48
GATGGCTGCAAGAACCACAT_003,150
GATGGCTGCAAGAACCACAT_004,198
GATGGCTGCAAGAACCACAT_005,34
GATGGCTGCAAGAACCACAT_006,5
AAGGTGAGACACTTCTACTG_001,21
AAGGTGAGACACTTCTACTG_002,171
AAGGTGAGACACTTCTACTG_003,48
AAGGTGAGACACTTCTACTG_004,147
AAGGTGAGACACTTCTACTG_005,7
AAGGTGAGACACTTCTACTG_006,151
AAGGTGAGACACTTCTACTG_007,74
AAGGTGAGACACTTCTACTG_008,79
AAGGTGAGACACTTCTACTG_009,1
CACCCCGCTTCCCATGACGT_001,81
CACCCCGCTTCCCATGACGT_002,56
CACCCCGCTTCCCATGACGT_003,27
CACCCCGCTTCCCATGACGT_004,67
CACCCCGCTTCCCATGACGT_005,197
CACCCCGCTTCCCATGACGT_006,177
CACCCCGCTTCCCATGACGT_007,121
CACCCCGCTTCCCATGACGT_008,55
CACCCCGCTTCCCATGACGT_009,192
CACCCCGCTTCCCATGACGT_010,43
CACCCCGCTTCCCATGACGT_011,190
CACCCCGCTTCCCATGACGT_012,31
CACCCCGCTTCCCATGACGT_013,16
CACCCCGCTTCCCATGACGT_014,41
CACCCCGCTTCCCATGACGT_015,58
CACCCCGCTTCCCATGACGT_016,130
CACCCCGCTTCCCATGACGT_017,188
CACCCCGCTTCCCATGACGT_018,130
CACCCCGCTTCCCATGACGT_019,199
CACCCCGCTTCCCATGACGT_020,177
CACCCCGCTTCCCATGACGT_021,103
CACCCCGCTTCCCATGACGT_022,144
CACCCCGCTTCCCATGACGT_023,149
CTGTGACAGCAACATTAATG_001,109
CTGTGACAGCAACATTAATG_002,102
CTGTGACAGCAACATTAATG_003,68
CTGTGACAGCAACATTAATG_004,31
CTGTGACAGCAACATTAATG_005,122
CTGTGACAGCAACATTAATG_006,69
CTGTGACAGCAACATTAATG_007,65
CTGTGACAGCAACATTAATG_008,157
CTGTGACAGCAACATTAATG_009,122
CTGTGACAGCAACATTAATG_010,64
CTGTGACAGCAACATTAATG_011,51
TCCCGAAGTCTGCAAAACTC_001,177
TCCCGAAGTCTGCAAAACTC_002,135
TCCCGAAGTCTGCAAAACTC_003,148
GAACAGTTCTCTATGGACTC_001,176
GAACAGTTCTCTATGGACTC_002,146
GAACAGTTCTCTATGGACTC_003,105
GAACAGTTCTCTATGGACTC_004,157
GAACAGTTCTCTATGGACTC_005,58
GAACAGTTCTCTATGGACTC_006,2
GAACAGTTCTCTATGGACTC_007,83
GAACAGTTCTCTATGGACTC_008,1
GAACAGTTCTCTATGGACTC_009,146
GAACAGTTCTCTATGGACTC_010,29
GAACAGTTCTCTATGGACTC_011,88
GAACAGTTCTCTATGGACTC_012,39
GAACAGTTCTCTATGGACTC_013,174
AAAGGTGATGGAATGATGGG_001,57
ACACACAAGAGCACCAAAGC_001,163
ACACACAAGAGCACCAAAGC_002,60
ACACACAAGAGCACCAAAGC_003,158
ACACACAAGAGCACCAAAGC_004,106
ACACACAAGAGCACCAAAGC_005,148
ACACACAAGAGCACCAAAGC_006,40
ACACACAAGAGCACCAAAGC_007,137
ACACACAAGAGCACCAAAGC_008,124
ACACACAAGAGCACCAAAGC_009,157
ACACACAAGAGCACCAAAGC_010,163
ACACACAAGAGCACCAAAGC_011,29
ACACACAAGAGCACCAAAGC_012,78
ACACACAAGAGCACCAAAGC_013,137
ACACACAAGAGCACCAAAGC_014,140
ACACACAAGAGCACCAAAGC_015,122
ACACACAAGAGCACCAAAGC_016,63
ACACACAAGAGCACCAAAGC_017,94
ACACACAAGAGCACCAAAGC_018,120
ACACACAAGAGCACCAAAGC_019,152
ACACACAAGAGCACCAAAGC_020,95
ACACACAAGAGCACCAAAGC_021,181
ACACACAAGAGCACCAAAGC_022,161
ACACACAAGAGCACCAAAGC_023,79
ACACACAAGAGCACCAAAGC_024,16
ACACACAAGAGCACCAAAGC_025,115
ACACACAAGAGCACCAAAGC_026,104
ACACACAAGAGCACCAAAGC_027,26
ACACACAAGAGCACCAAAGC_028,63
ACACACAAGAGCACCAAAGC_029,126
ACACACAAGAGCACCAAAGC_030,180
ACACACAAGAGCACCAAAGC_031,83
ACACACAAGAGCACCAAAGC_032,145
CAGTGGACAAAAGATTACGA_001,78
CAGTGGACAAAAGATTACGA_002,29
CAGTGGACAAAAGATTACGA_003,184
CAGTGGACAAAAGATTACGA_004,175
CAGTGGACAAAAGATTACGA_005,57
CAGTGGACAAAAGATTACGA_006,94
CAGTGGACAAAAGATTACGA_007,94
CAGTGGACAAAAGATTACGA_008,174
CAGTGGACAAAAGATTACGA_009,117
CAGTGGACAAAAGATTACGA_010,91
CAGTGGACAAAAGATTACGA_011,113
CAGTGGACAAAAGATTACGA_012,168
CAGTGGACAAAAGATTACGA_013,198
CAGTGGACAAAAGATTACGA_014,148
CAGTGGACAAAAGATTACGA_015,137
CAGTGGACAAAAGATTACGA_016,128
CAGTGGACAAAAGATTACGA_017,141
CAGTGGACAAAAGATTACGA_018,66
CAGTGGACAAAAGATTACGA_019,70
CAGTGGACAAAAGATTACGA_020,22
CAGTGGACAAAAGATTACGA_021,198
CAGTGGACAAAAGATTACGA_022,12
CCAGACTTGAATTCGACTAG_001,134
CCAGACTTGAATTCGACTAG_002,87
CCAGACTTGAATTCGACTAG_003,124
CCAGACTTGAATTCGACTAG_004,2
CCAGACTTGAATTCGACTAG_005,146
CCAGACTTGAATTCGACTAG_006,134
CCAGACTTGAATTCGACTAG_007,81
CCAGACTTGAATTCGACTAG_008,63
CCAGACTTGAATTCGACTAG_009,198
CCAGACTTGAATTCGACTAG_010,157
CCAGACTTGAATTCGACTAG_011,198
CCAGACTTGAATTCGACTAG_012,12
CCAGACTTGAATTCGACTAG_013,148
GATGACCCATGGCGTGCTAG_001,107
GATGACCCATGGCGTGCTAG_002,159
GATGACCCATGGCGTGCTAG_003,20
GATGACCCATGGCGTGCTAG_004,75
GATGACCCATGGCGTGCTAG_005,98
GATGACCCATGGCGTGCTAG_006,85
GATGACCCATGGCGTGCTAG_007,130
GATGACCCATGGCGTGCTAG_008,46
GATGACCCATGGCGTGCTAG_009,85
GATGACCCATGGCGTGCTAG_010,76
GATGACCCATGGCGTGCTAG_011,177
GATGACCCATGGCGTGCTAG_012,119
GATGACCCATGGCGTGCTAG_013,172
GATGACCCATGGCGTGCTAG_014,123
GATGACCCATGGCGTGCTAG_015,99
GATGACCCATGGCGTGCTAG_016,130
GATGACCCATGGCGTGCTAG_017,168
GGGGGCAGTCTAGACCCCCG_001,58
GGGTCAGCACTACTTCGAAG_001,137
GGGTCAGCACTACTTCGAAG_002,19
GCGACATCGCCATAATGACA_001,33
GCGACATCGCCATAATGACA_002,26
GCGACATCGCCATAATGACA_003,184
GCGACATCGCCATAATGACA_004,182
CTATATTGTCGCGCAGTGGA_001,177
CTATATTGTCGCGCAGTGGA_002,81
CTATATTGTCGCGCAGTGGA_003,76
CTATATTGTCGCGCAGTGGA_004,27
CTATATTGTCGCGCAGTGGA_005,106
CTATATTGTCGCGCAGTGGA_006,132
CTATATTGTCGCGCAGTGGA_007,130
CTATATTGTCGCGCAGTGGA_008,9
CTATATTGTCGCGCAGTGGA_009,168
CTATATTGTCGCGCAGTGGA_010,101
CTATATTGTCGCGCAGTGGA_011,102
CTATATTGTCGCGCAGTGGA_012,118
GGACTGAAGGATGAAACAGT_001,188
GGACTGAAGGATGAAACAGT_002,48
GGACTGAAGGATGAAACAGT_003,169
GGACTGAAGGATGAAACAGT_004,127
GGACTGAAGGATGAAACAGT_005,148
GGACTGAAGGATGAAACAGT_006,48
GGACTGAAGGATGAAACAGT_007,58
GGACTGAAGGATGAAACAGT_008,91
GGACTGAAGGATGAAACAGT_009,148
AGAGAGTGCAGAATAGGTAA_001,121
AGAGAGTGCAGAATAGGTAA_002,8
AGAGAGTGCAGAATAGGTAA_003,82
AGAGAGTGCAGAATAGGTAA_004,165
AGAGAGTGCAGAATAGGTAA_005,34
AGAGAGTGCAGAATAGGTAA_006,63
AGAGAGTGCAGAATAGGTAA_007,63
AGAGAGTGCAGAATAGGTAA_008,10
CTTGAGGTGAATCAGACGGT_001,19
CTTGAGGTGAATCAGACGGT_002,8
CTTGAGGTGAATCAGACGGT_003,40
GTTGTGAATTTGATCATGGG_001,50
GTTGTGAATTTGATCATGGG_002,56
GTTGTGAATTTGATCATGGG_003,9
GTTGTGAATTTGATCATGGG_004,81
GTTGTGAATTTGATCATGGG_005,185
GTTGTGAATTTGATCATGGG_006,184
GTTGTGAATTTGATCATGGG_007,15
GTTGTGAATTTGATCATGGG_008,188
GTTGTGAATTTGATCATGGG_009,48
GTTGTGAATTTGATCATGGG_010,9
GTTGTGAATTTGATCATGGG_011,198
GTTGTGAATTTGATCATGGG_012,175
GTTGTGAATTTGATCATGGG_013,61
GTTGTGAATTTGATCATGGG_014,38
GTTGTGAATTTGATCATGGG_015,174
GTTGTGAATTTGATCATGGG_016,137
TAAACGCACTGGTAATTACA_001,8
TAAACGCACTGGTAATTACA_002,23
TAAACGCACTGGTAATTACA_003,188
GGATGACCAGATGTCCTCCG_001,1
GGATGACCAGATGTCCTCCG_002,40
GGATGACCAGATGTCCTCCG_003,37
TCCGGAAACGCCGAGCAGTG_001,157
TCCGGAAACGCCGAGCAGTG_002,68
TCCGGAAACGCCGAGCAGTG_003,80
TCCGGAAACGCCGAGCAGTG_004,54
TCCGGAAACGCCGAGCAGTG_005,142
TGGATGTGGGAAAACCACAC_001,115
TGGATGTGGGAAAACCACAC_002,7
TGGATGTGGGAAAACCACAC_003,50
TGGATGTGGGAAAACCACAC_004,183
TGGATGTGGGAAAACCACAC_005,81
TGGATGTGGGAAAACCACAC_006,165
TGGATGTGGGAAAACCACAC_007,64
TGGATGTGGGAAAACCACAC_008,135
GAAAACAAATGGGAAGAACC_001,134
GAAAACAAATGGGAAGAACC_002,94
TAAGGTGCTCAACAACATGG_001,53
TAAGGTGCTCAACAACATGG_002,187
TAAGGTGCTCAACAACATGG_003,67
TAAGGTGCTCAACAACATGG_004,76
TAAGGTGCTCAACAACATGG_005,188
TAAGGTGCTCAACAACATGG_006,198
TAAGGTGCTCAACAACATGG_007,54
TAAGGTGCTCAACAACATGG_008,158
TAAGGTGCTCAACAACATGG_009,199
TAAGGTGCTCAACAACATGG_010,147
TAAGGTGCTCAACAACATGG_011,121
TAAGGTGCTCAACAACATGG_012,194
GTAGAACGTAGGATCAGACG_001,80
GTAGAACGTAGGATCAGACG_002,73
GATGTACCAAAACATCCGTG_001,19
GATGTACCAAAACATCCGTG_002,10
GATGTACCAAAACATCCGTG_003,1
GATGTACCAAAACATCCGTG_004,40
GATGTACCAAAACATCCGTG_005,178
GATGTACCAAAACATCCGTG_006,49
GATGTACCAAAACATCCGTG_007,81
GATGTACCAAAACATCCGTG_008,48
GATGTACCAAAACATCCGTG_009,122
GATGTACCAAAACATCCGTG_010,199
GATGTACCAAAACATCCGTG_011,9
GATGTACCAAAACATCCGTG_012,25
GATGTACCAAAACATCCGTG_013,15
GATGTACCAAAACATCCGTG_014,105
GATGTACCAAAACATCCGTG_015,147
GATGTACCAAAACATCCGTG_016,102
GATGTACCAAAACATCCGTG_017,194
GATGTACCAAAACATCCGTG_018,70
GATGTACCAAAACATCCGTG_019,57
GATGTACCAAAACATCCGTG_020,175
GATGTACCAAAACATCCGTG_021,129
GATGTACCAAAACATCCGTG_022,43
GATGTACCAAAACATCCGTG_023,141
GATGTACCAAAACATCCGTG_024,158
GATGTACCAAAACATCCGTG_025,144
GATGTACCAAAACATCCGTG_026,153
GATGTACCAAAACATCCGTG_027,88
GATGTACCAAAACATCCGTG_028,169
GATGTACCAAAACATCCGTG_029,184
GATGTACCAAAACATCCGTG_030,79
GATGTACCAAAACATCCGTG_031,25
GATGTACCAAAACATCCGTG_032,94
GATGTACCAAAACATCCGTG_033,78
GATGTACCAAAACATCCGTG_034,136
GATGTACCAAAACATCCGTG_035,86
GATGTACCAAAACATCCGTG_036,15
GATGTACCAAAACATCCGTG_037,79
GATGTACCAAAACATCCGTG_038,146
GATGTACCAAAACATCCGTG_039,52
GGCATCGGGTCCATCCACCA_001,184
GGCATCGGGTCCATCCACCA_002,139
GGCATCGGGTCCATCCACCA_003,129
GGCATCGGGTCCATCCACCA_004,11
AATGCTTCTCTGAATCATCA_001,19
AATGCTTCTCTGAATCATCA_002,4
AATGCTTCTCTGAATCATCA_003,1
AATGCTTCTCTGAATCATCA_004,83
AATGCTTCTCTGAATCATCA_005,127
AATGCTTCTCTGAATCATCA_006,3
AATGCTTCTCTGAATCATCA_007,196
CCACATATTCCGAACCCTCG_001,56
CCACATATTCCGAACCCTCG_002,67
CCACATATTCCGAACCCTCG_003,188
CCACATATTCCGAACCCTCG_004,94
CCACATATTCCGAACCCTCG_005,172
CCACATATTCCGAACCCTCG_006,69
GGAAAGGGACTTGTGTTAGG_001,137
GGAAAGGGACTTGTGTTAGG_002,103
GGAAAGGGACTTGTGTTAGG_003,126
GGAAAGGGACTTGTGTTAGG_004,168
GGAAAGGGACTTGTGTTAGG_005,15
GGAAAGGGACTTGTGTTAGG_006,134
GGAAAGGGACTTGTGTTAGG_007,180
GGAAAGGGACTTGTGTTAGG_008,42
GGAAAGGGACTTGTGTTAGG_009,182
CGCTTCTACTACTTCCTATG_001,108
TGGGCCTGGCAAAACGCGTG_001,5
TGGGCCTGGCAAAACGCGTG_002,60
TGGGCCTGGCAAAACGCGTG_003,150
TGGGCCTGGCAAAACGCGTG_004,72
TGGGCCTGGCAAAACGCGTG_005,40
TGGGCCTGGCAAAACGCGTG_006,96
TGGGCCTGGCAAAACGCGTG_007,78
CAGCCAGAGCCAGACGACCT_001,9
CAGCCAGAGCCAGACGACCT_002,70
CAGCCAGAGCCAGACGACCT_003,60
CAGCCAGAGCCAGACGACCT_004,4
CAGCCAGAGCCAGACGACCT_005,24
CAGCCAGAGCCAGACGACCT_006,2
CAGCCAGAGCCAGACGACCT_007,162
CAGCCAGAGCCAGACGACCT_008,127
CAGCCAGAGCCAGACGACCT_009,2
CAGCCAGAGCCAGACGACCT_010,146
CAGCCAGAGCCAGACGACCT_011,133
CAGCCAGAGCCAGACGACCT_012,127
CAGCCAGAGCCAGACGACCT_013,190
CAGCCAGAGCCAGACGACCT_014,96
CAGCCAGAGCCAGACGACCT_015,184
CAGCCAGAGCCAGACGACCT_016,114
CAGCCAGAGCCAGACGACCT_017,105
CAGCCAGAGCCAGACGACCT_018,2
CAGCCAGAGCCAGACGACCT_019,193
CAGCCAGAGCCAGACGACCT_020,94
CAGCCAGAGCCAGACGACCT_021,48
CAGCCAGAGCCAGACGACCT_022,149
CAGCCAGAGCCAGACGACCT_023,63
CAGCCAGAGCCAGACGACCT_024,65
CAGCCAGAGCCAGACGACCT_025,135
CAGCCAGAGCCAGACGACCT_026,22
CAGCCAGAGCCAGACGACCT_027,11
CAGCCAGAGCCAGACGACCT_028,105
CAGCCAGAGCCAGACGACCT_029,88
CAGCCAGAGCCAGACGACCT_030,28
CAGCCAGAGCCAGACGACCT_031,33
CCCAGACGAAAGGACCACCA_001,2
CCCAGACGAAAGGACCACCA_002,3
CCCAGACGAAAGGACCACCA_003,51
CCCAGACGAAAGGACCACCA_004,157
CCCAGACGAAAGGACCACCA_005,48
CCCAGACGAAAGGACCACCA_006,4
CCCAGACGAAAGGACCACCA_007,171
CCCAGACGAAAGGACCACCA_008,12
CCCAGACGAAAGGACCACCA_009,190
CCCAGACGAAAGGACCACCA_010,140
CCCAGACGAAAGGACCACCA_011,87
CCCAGACGAAAGGACCACCA_012,19
CCCAGACGAAAGGACCACCA_013,95
CCCAGACGAAAGGACCACCA_014,95
CCCAGACGAAAGGACCACCA_015,40
CCCAGACGAAAGGACCACCA_016,188
CCCAGACGAAAGGACCACCA_017,32
CCCAGACGAAAGGACCACCA_018,165
CCCAGACGAAAGGACCACCA_019,135
CCCAGACGAAAGGACCACCA_020,37
CCCAGACGAAAGGACCACCA_021,147
CCCAGACGAAAGGACCACCA_022,93
CCCAGACGAAAGGACCACCA_023,10
CCCAGACGAAAGGACCACCA_024,111
CCCAGACGAAAGGACCACCA_025,81
CCCAGACGAAAGGACCACCA_026,110
CCCAGACGAAAGGACCACCA_027,184
CCCAGACGAAAGGACCACCA_028,150
CCCAGACGAAAGGACCACCA_029,104
CGAAGTTGAGGGCTTGAGTG_001,199
CGAAGTTGAGGGCTTGAGTG_002,194
CGAAGTTGAGGGCTTGAGTG_003,104
CGAAGTTGAGGGCTTGAGTG_004,154
CGAAGTTGAGGGCTTGAGTG_005,24
CGAAGTTGAGGGCTTGAGTG_006,23
CGAAGTTGAGGGCTTGAGTG_007,129
CGAAGTTGAGGGCTTGAGTG_008,57
CGAAGTTGAGGGCTTGAGTG_009,84
CGAAGTTGAGGGCTTGAGTG_010,117
CGAAGTTGAGGGCTTGAGTG_011,49
CGAAGTTGAGGGCTTGAGTG_012,48
CGAAGTTGAGGGCTTGAGTG_013,62
CGAAGTTGAGGGCTTGAGTG_014,47
CGAAGTTGAGGGCTTGAGTG_015,190
CGAAGTTGAGGGCTTGAGTG_016,70
CGAAGTTGAGGGCTTGAGTG_017,169
CGAAGTTGAGGGCTTGAGTG_018,183
CGAAGTTGAGGGCTTGAGTG_019,166
CGAAGTTGAGGGCTTGAGTG_020,98
CGAAGTTGAGGGCTTGAGTG_021,130
CGAAGTTGAGGGCTTGAGTG_022,29
CGAAGTTGAGGGCTTGAGTG_023,58
CGAAGTTGAGGGCTTGAGTG_024,25
CGAAGTTGAGGGCTTGAGTG_025,126
CGAAGTTGAGGGCTTGAGTG_026,167
CGAAGTTGAGGGCTTGAGTG_027,43
CCAGCTGCAATACCTACACA_001,2
CCAGCTGCAATACCTACACA_002,50
CCAGCTGCAATACCTACACA_003,83
AGGTTCCAGGTCCGATCCAG_001,32
AGGTTCCAGGTCCGATCCAG_002,38
AGGTTCCAGGTCCGATCCAG_003,153
AGGTTCCAGGTCCGATCCAG_004,115
AGGTTCCAGGTCCGATCCAG_005,175
AGGTTCCAGGTCCGATCCAG_006,149
AGGTTCCAGGTCCGATCCAG_007,32
AGGTTCCAGGTCCGATCCAG_008,171
AGGTTCCAGGTCCGATCCAG_009,160
AGGTTCCAGGTCCGATCCAG_010,145
AGGTTCCAGGTCCGATCCAG_011,93
AGGTTCCAGGTCCGATCCAG_012,103
AGGTTCCAGGTCCGATCCAG_013,166
AGGTTCCAGGTCCGATCCAG_014,76
AGGTTCCAGGTCCGATCCAG_015,111
AGGTTCCAGGTCCGATCCAG_016,0
AGGTTCCAGGTCCGATCCAG_017,150
AGGTTCCAGGTCCGATCCAG_018,164
AGGTTCCAGGTCCGATCCAG_019,100
AGGTTCCAGGTCCGATCCAG_020,140
AGGTTCCAGGTCCGATCCAG_021,190
AGGTTCCAGGTCCGATCCAG_022,33
AGGTTCCAGGTCCGATCCAG_023,2
AGGTTCCAGGTCCGATCCAG_024,50
GGTCCCCGCACACGCCCGCG_001,147
GGTCCCCGCACACGCCCGCG_002,134
GGTCCCCGCACACGCCCGCG_003,161
GGTCCCCGCACACGCCCGCG_004,3
GTGGAGAACTGTGCTGTACG_001,5
GTGGAGAACTGTGCTGTACG_002,116
GTGGAGAACTGTGCTGTACG_003,94
GTGGAGAACTGTGCTGTACG_004,12
GTGGAGAACTGTGCTGTACG_005,62
GTGGAGAACTGTGCTGTACG_006,39
GTGGAGAACTGTGCTGTACG_007,174
TGGGGGCGGCTCATGCGAGG_001,117
TGGGGGCGGCTCATGCGAGG_002,23
TGGGGGCGGCTCATGCGAGG_003,111
TGGGGGCGGCTCATGCGAGG_004,162
TGGGGGCGGCTCATGCGAGG_005,49
TGGGGGCGGCTCATGCGAGG_006,76
TGGGGGCGGCTCATGCGAGG_007,162
TGGGGGCGGCTCATGCGAGG_008,147
TGGGGGCGGCTCATGCGAGG_009,74
ACATGGGTCTCCGTAGTCGG_001,158
ACATGGGTCTCCGTAGTCGG_002,162
ACATGGGTCTCCGTAGTCGG_003,194
ACATGGGTCTCCGTAGTCGG_004,147
ACATGGGTCTCCGTAGTCGG_005,115
ACATGGGTCTCCGTAGTCGG_006,61
ACATGGGTCTCCGTAGTCGG_007,199
ACATGGGTCTCCGTAGTCGG_008,68
ACATGGGTCTCCGTAGTCGG_009,107
ACATGGGTCTCCGTAGTCGG_010,29
ACATGGGTCTCCGTAGTCGG_011,74
ACATGGGTCTCCGTAGTCGG_012,138
ACATGGGTCTCCGTAGTCGG_013,174
ACATGGGTCTCCGTAGTCGG_014,81
ACATGGGTCTCCGTAGTCGG_015,149
ACATGGGTCTCCGTAGTCGG_016,91
CCCATTCCTTAACTCCACGG_001,15
CCCATTCCTTAACTCCACGG_002,57
CCCATTCCTTAACTCCACGG_003,118
CCCATTCCTTAACTCCACGG_004,67
CCCATTCCTTAACTCCACGG_005,144
CCCATTCCTTAACTCCACGG_006,119
CCCATTCCTTAACTCCACGG_007,146
CCCATTCCTTAACTCCACGG_008,47
CCCATTCCTTAACTCCACGG_009,91
CCCATTCCTTAACTCCACGG_010,82
CCCATTCCTTAACTCCACGG_011,118
CCCATTCCTTAACTCCACGG_012,113
CCCATTCCTTAACTCCACGG_013,141
CCCATTCCTTAACTCCACGG_014,138
CCCATTCCTTAACTCCACGG_015,142
CTAGTCGTTCTTGGCTCAGG_001,48
CTAGTCGTTCTTGGCTCAGG_002,38
CTTTCTCACAAGCATAACCT_001,97
CTTTCTCACAAGCATAACCT_002,15
CTTTCTCACAAGCATAACCT_003,199
CTTTCTCACAAGCATAACCT_004,115
CTTTCTCACAAGCATAACCT_005,89
AGTAGAAAGTCGTGTACCAG_001,107
AGTAGAAAGTCGTGTACCAG_002,15
AGTAGAAAGTCGTGTACCAG_003,109
AGTAGAAAGTCGTGTACCAG_004,115
AGTAGAAAGTCGTGTACCAG_005,54
AGTAGAAAGTCGTGTACCAG_006,58
AGTAGAAAGTCGTGTACCAG_007,132
AGTAGAAAGTCGTGTACCAG_008,33
AGTAGAAAGTCGTGTACCAG_009,50
AGTAGAAAGTCGTGTACCAG_010,103
AGTAGAAAGTCGTGTACCAG_011,127
AGTAGAAAGTCGTGTACCAG_012,119
AGTAGAAAGTCGTGTACCAG_013,165
AGTAGAAAGTCGTGTACCAG_014,130
AGTAGAAAGTCGTGTACCAG_015,188
AGTAGAAAGTCGTGTACCAG_016,107
AGATAGGTCGATCTGTGCGA_001,149
AGATAGGTCGATCTGTGCGA_002,166
AGATAGGTCGATCTGTGCGA_003,47
AGATAGGTCGATCTGTGCGA_004,6
GCAAGAAGTTCGGAGACATG_001,26
GCAAGAAGTTCGGAGACATG_002,199
GCAAGAAGTTCGGAGACATG_003,115
GCAAGAAGTTCGGAGACATG_004,170
GCAAGAAGTTCGGAGACATG_005,98
GCAAGAAGTTCGGAGACATG_006,158
GCAAGAAGTTCGGAGACATG_007,13
GGACTTTATCTGGCGAACCA_001,2
GGACTTTATCTGGCGAACCA_002,156
GGACTTTATCTGGCGAACCA_003,29
GGACTTTATCTGGCGAACCA_004,54
GGCCTCACACAGTACCGGCG_001,48
GGCCTCACACAGTACCGGCG_002,124
GGCCTCACACAGTACCGGCG_003,138
GGCCTCACACAGTACCGGCG_004,49
GCACAGCACCTGCGCACGCA_001,59
GCACAGCACCTGCGCACGCA_002,3
GCACAGCACCTGCGCACGCA_003,34
GCACAGCACCTGCGCACGCA_004,2
GCACAGCACCTGCGCACGCA_005,108
GCACAGCACCTGCGCACGCA_006,40
GCACAGCACCTGCGCACGCA_007,187
GCACAGCACCTGCGCACGCA_008,150
GCACAGCACCTGCGCACGCA_009,158
GCACAGCACCTGCGCACGCA_010,12
GCACAGCACCTGCGCACGCA_011,82
GCACAGCACCTGCGCACGCA_012,163
GCACAGCACCTGCGCACGCA_013,94
GCACAGCACCTGCGCACGCA_014,36
GCACAGCACCTGCGCACGCA_015,145
GCACAGCACCTGCGCACGCA_016,46
GCACAGCACCTGCGCACGCA_017,184
GCACAGCACCTGCGCACGCA_018,16
GCACAGCACCTGCGCACGCA_019,57
GCACAGCACCTGCGCACGCA_020,174
GCACAGCACCTGCGCACGCA_021,16
GCACAGCACCTGCGCACGCA_022,197
GCACAGCACCTGCGCACGCA_023,121
GCACAGCACCTGCGCACGCA_024,106
GCACAGCACCTGCGCACGCA_025,18
GCACAGCACCTGCGCACGCA_026,185
GAAGATACTGTTGATCCCAG_001,54
GAAGATACTGTTGATCCCAG_002,85
GAAGATACTGTTGATCCCAG_003,49
GAAGATACTGTTGATCCCAG_004,97
GAAGATACTGTTGATCCCAG_005,14
GAAGATACTGTTGATCCCAG_006,92
GAAGATACTGTTGATCCCAG_007,47
GAAGATACTGTTGATCCCAG_008,184
GAAGATACTGTTGATCCCAG_009,198
GAAGATACTGTTGATCCCAG_010,79
GAAGATACTGTTGATCCCAG_011,172
GAAGATACTGTTGATCCCAG_012,176
GAAGATACTGTTGATCCCAG_013,83
GAAGATACTGTTGATCCCAG_014,134
GTGACACATACTGATACCCA_001,57
CGTCAAGAAGGGCTCGACCG_001,7
CGTCAAGAAGGGCTCGACCG_002,114
CATTCCACGGCACCACTCTG_001,19
CATTCCACGGCACCACTCTG_002,105
CATTCCACGGCACCACTCTG_003,41
CATTCCACGGCACCACTCTG_004,4
CATTCCACGGCACCACTCTG_005,153
CATTCCACGGCACCACTCTG_006,113
CATTCCACGGCACCACTCTG_007,163
CATTCCACGGCACCACTCTG_008,187
CATTCCACGGCACCACTCTG_009,2
CATTCCACGGCACCACTCTG_010,160
CATTCCACGGCACCACTCTG_011,129
CATTCCACGGCACCACTCTG_012,67
CATTCCACGGCACCACTCTG_013,6
CATTCCACGGCACCACTCTG_014,36
CATTCCACGGCACCACTCTG_015,194
CATTCCACGGCACCACTCTG_016,26
CATTCCACGGCACCACTCTG_017,93
CATTCCACGGCACCACTCTG_018,192
CATTCCACGGCACCACTCTG_019,137
CATTCCACGGCACCACTCTG_020,62
CATTCCACGGCACCACTCTG_021,106
CATTCCACGGCACCACTCTG_022,184
CATTCCACGGCACCACTCTG_023,10
CATTCCACGGCACCACTCTG_024,75
CATTCCACGGCACCACTCTG_025,167
CATTCCACGGCACCACTCTG_026,167
CATTCCACGGCACCACTCTG_027,35
CATTCCACGGCACCACTCTG_028,121
CATTCCACGGCACCACTCTG_029,84
CATTCCACGGCACCACTCTG_030,15
CATTCCACGGCACCACTCTG_031,177
GACGTGCCCACACAGGACTG_001,107
GACGTGCCCACACAGGACTG_002,137
GACGTGCCCACACAGGACTG_003,130
GACGTGCCCACACAGGACTG_004,175
GACGTGCCCACACAGGACTG_005,163
GACGTGCCCACACAGGACTG_006,41
GACGTGCCCACACAGGACTG_007,58
GACGTGCCCACACAGGACTG_008,129
GACGTGCCCACACAGGACTG_009,178
GACGTGCCCACACAGGACTG_010,158
GACGTGCCCACACAGGACTG_011,158
GACGTGCCCACACAGGACTG_012,42
GACGTGCCCACACAGGACTG_013,34
GACGTGCCCACACAGGACTG_014,163
GACGTGCCCACACAGGACTG_015,147
GACGTGCCCACACAGGACTG_016,100
GACGTGCCCACACAGGACTG_017,137
GACGTGCCCACACAGGACTG_018,81
GACGTGCCCACACAGGACTG_019,78
GACGTGCCCACACAGGACTG_020,68
GACGTGCCCACACAGGACTG_021,106
GACGTGCCCACACAGGACTG_022,66
GACGTGCCCACACAGGACTG_023,114
GACGTGCCCACACAGGACTG_024,35
GACGTGCCCACACAGGACTG_025,152
GCCACATCCCTAAACGTCAA_001,81
GCCACATCCCTAAACGTCAA_002,9
GCCACATCCCTAAACGTCAA_003,68
GCCACATCCCTAAACGTCAA_004,34
GCCACATCCCTAAACGTCAA_005,169
GCCACATCCCTAAACGTCAA_006,27
GCCACATCCCTAAACGTCAA_007,70
GCCACATCCCTAAACGTCAA_008,69
GCCACATCCCTAAACGTCAA_009,151
GCCACATCCCTAAACGTCAA_010,69
GCCACATCCCTAAACGTCAA_011,9
GCCACATCCCTAAACGTCAA_012,34
GCCACATCCCTAAACGTCAA_013,159
GCCACATCCCTAAACGTCAA_014,70
GCCACATCCCTAAACGTCAA_015,18
GCGGACTTCTCGCTACATGG_001,78
GCGGACTTCTCGCTACATGG_002,15
GCGGACTTCTCGCTACATGG_003,55
GCGGACTTCTCGCTACATGG_004,132
GCGGACTTCTCGCTACATGG_005,110
GCGGACTTCTCGCTACATGG_006,165
GCGGACTTCTCGCTACATGG_007,150
GCGGACTTCTCGCTACATGG_008,83
GGACAACAGACCTCTGTTTG_001,28
GGACAACAGACCTCTGTTTG_002,94
GGACAACAGACCTCTGTTTG_003,156
GGACAACAGACCTCTGTTTG_004,152
GGACAACAGACCTCTGTTTG_005,48
GGACAACAGACCTCTGTTTG_006,137
GTGTCCTAAATGTGTCGCCG_001,68
GTGTCCTAAATGTGTCGCCG_002,142
GTGTCCTAAATGTGTCGCCG_003,82
GTGTCCTAAATGTGTCGCCG_004,30
GTGTCCTAAATGTGTCGCCG_005,98
GTGTCCTAAATGTGTCGCCG_006,36
GTGTCCTAAATGTGTCGCCG_007,151
GTGTCCTAAATGTGTCGCCG_008,17
GTGTCCTAAATGTGTCGCCG_009,67
GAATTGCTGCTGGGACCCCG_001,119
GAATTGCTGCTGGGACCCCG_002,122
GAATTGCTGCTGGGACCCCG_003,9
GAATTGCTGCTGGGACCCCG_004,130
GAATTGCTGCTGGGACCCCG_005,35
GAATTGCTGCTGGGACCCCG_006,121
TCACCTACCTACGCTCAGGG_001,108
TCACCTACCTACGCTCAGGG_002,106
TCACCTACCTACGCTCAGGG_003,144
TCACCTACCTACGCTCAGGG_004,145
TCATCCTGATTCAGCAAGTG_001,171
TCATCCTGATTCAGCAAGTG_002,156
TCATCCTGATTCAGCAAGTG_003,3
TTGCTATCAGCCCATTACTC_001,197
TTGCTATCAGCCCATTACTC_002,30
TTGCTATCAGCCCATTACTC_003,149
AGAGGAATTACTACCACTCA_001,4
AGAGGAATTACTACCACTCA_002,166
AAGTCCAAGCTACCATACTC_001,31
AAGTCCAAGCTACCATACTC_002,27
AAGTCCAAGCTACCATACTC_003,115
AAGTCCAAGCTACCATACTC_004,166
AAGTCCAAGCTACCATACTC_005,151
AAGTCCAAGCTACCATACTC_006,102
AAGTCCAAGCTACCATACTC_007,174
AAGTCCAAGCTACCATACTC_008,186
AAGTCCAAGCTACCATACTC_009,190
AAGTCCAAGCTACCATACTC_010,116
AAGTCCAAGCTACCATACTC_011,176
AAGTCCAAGCTACCATACTC_012,76
AAGTCCAAGCTACCATACTC_013,187
AAGTCCAAGCTACCATACTC_014,198
AAGTCCAAGCTACCATACTC_015,46
AAGTCCAAGCTACCATACTC_016,55
AAGTCCAAGCTACCATACTC_017,144
AAGTCCAAGCTACCATACTC_018,44
AAGTCCAAGCTACCATACTC_019,40
AAGTCCAAGCTACCATACTC_020,2
AAGTCCAAGCTACCATACTC_021,83
AAGTCCAAGCTACCATACTC_022,0
AAGTCCAAGCTACCATACTC_023,165
ATTAGCCTGTACAGACACCT_001,94
ATTAGCCTGTACAGACACCT_002,145
ATTAGCCTGTACAGACACCT_003,134
GTCCTTCAAGAGAAATCGGA_001,15
GTCCTTCAAGAGAAATCGGA_002,19
GTCCTTCAAGAGAAATCGGA_003,137
GTCCTTCAAGAGAAATCGGA_004,141
GTCCTTCAAGAGAAATCGGA_005,32
GTCCTTCAAGAGAAATCGGA_006,2
GTCCTTCAAGAGAAATCGGA_007,26
GTCCTTCAAGAGAAATCGGA_008,34
GTCCTTCAAGAGAAATCGGA_009,152
GATGGGTTCAACGTAGATGG_001,141
GCCCACCACAGAGATAATGC_001,119
GAACCGCATTCTGCTCTACG_001,153
GGAAGCAGAACAAAGTAATG_001,117
GGAAGCAGAACAAAGTAATG_002,158
GGAAGCAGAACAAAGTAATG_003,29
GGAAGCAGAACAAAGTAATG_004,57
GGAAGCAGAACAAAGTAATG_005,17
GTCTCCGAATGAGAATGACC_001,143
GTCTCCGAATGAGAATGACC_002,83
GTCTCCGAATGAGAATGACC_003,50
GTCTCCGAATGAGAATGACC_004,55
GTCTCCGAATGAGAATGACC_005,41
CGAGCTCCCACAACACTCTG_001,40
CGAGCTCCCACAACACTCTG_002,169
CGAGCTCCCACAACACTCTG_003,134
CGAGCTCCCACAACACTCTG_004,8
CGAGCTCCCACAACACTCTG_005,127
CGAGCTCCCACAACACTCTG_006,19
CGAGCTCCCACAACACTCTG_007,149
CGAGCTCCCACAACACTCTG_008,26
CGAGCTCCCACAACACTCTG_009,10
CGAGCTCCCACAACACTCTG_010,144
CGAGCTCCCACAACACTCTG_011,168
CGAGCTCCCACAACACTCTG_012,29
CGAGCTCCCACAACACTCTG_013,113
CGAGCTCCCACAACACTCTG_014,178
CGAGCTCCCACAACACTCTG_015,96
CGAGCTCCCACAACACTCTG_016,38
CGAGCTCCCACAACACTCTG_017,41
CGAGCTCCCACAACACTCTG_018,103
CGAGCTCCCACAACACTCTG_019,127
CGAGCTCCCACAACACTCTG_020,76
CGAGCTCCCACAACACTCTG_021,41
CGAGCTCCCACAACACTCTG_022,83
CGAGCTCCCACAACACTCTG_023,145
CGAGCTCCCACAACACTCTG_024,56
CGAGCTCCCACAACACTCTG_025,175
CGAGCTCCCACAACACTCTG_026,125
CGAGCTCCCACAACACTCTG_027,140
CGAGCTCCCACAACACTCTG_028,174
CGAGCTCCCACAACACTCTG_029,4
CGAGCTCCCACAACACTCTG_030,166
CGAGCTCCCACAACACTCTG_031,68
CGAGCTCCCACAACACTCTG_032,171
CGAGCTCCCACAACACTCTG_033,6
CGAGCTCCCACAACACTCTG_034,9
CGAGCTCCCACAACACTCTG_035,60
CGAGCTCCCACAACACTCTG_036,66
CGAGCTCCCACAACACTCTG_037,19
CGAGCTCCCACAACACTCTG_038,130
CGAGCTCCCACAACACTCTG_039,49
TTATGTACACAATTCTCCCG_001,59
TTATGTACACAATTCTCCCG_002,56
AAAAGGGTGCATCGGATGTG_001,85
AAAAGGGTGCATCGGATGTG_002,125
AAAAGGGTGCATCGGATGTG_003,129
AAAAGGGTGCATCGGATGTG_004,0
AAAAGGGTGCATCGGATGTG_005,131
AAAAGGGTGCATCGGATGTG_006,135
AAAAGGGTGCATCGGATGTG_007,98
AAAAGGGTGCATCGGATGTG_008,117
AAAAGGGTGCATCGGATGTG_009,196
AAAAGGGTGCATCGGATGTG_010,118
AAAAGGGTGCATCGGATGTG_011,175
AAAAGGGTGCATCGGATGTG_012,128
AAAAGGGTGCATCGGATGTG_013,135
AAAAGGGTGCATCGGATGTG_014,156
AAAAGGGTGCATCGGATGTG_015,85
AAAAGGGTGCATCGGATGTG_016,29
AAAAGGGTGCATCGGATGTG_017,162
AAAAGGGTGCATCGGATGTG_018,185
AAAAGGGTGCATCGGATGTG_019,82
AAAAGGGTGCATCGGATGTG_020,185
AAAAGGGTGCATCGGATGTG_021,162
AAAAGGGTGCATCGGATGTG_022,145
AAAAGGGTGCATCGGATGTG_023,199
AAAAGGGTGCATCGGATGTG_024,75
AAAAGGGTGCATCGGATGTG_025,70
AAAAGGGTGCATCGGATGTG_026,116
AAAAGGGTGCATCGGATGTG_027,106
AAAAGGGTGCATCGGATGTG_028,153
AAAAGGGTGCATCGGATGTG_029,116
AAAAGGGTGCATCGGATGTG_030,196
GCAGCAGACACTTGTTCTCA_001,12
GCAGCAGACACTTGTTCTCA_002,88
GCAGCAGACACTTGTTCTCA_003,91
GCAGCAGACACTTGTTCTCA_004,60
GCAGCAGACACTTGTTCTCA_005,83
GCAGCAGACACTTGTTCTCA_006,178
GCTTAGCAGTCATGAGCACA_001,49
GCTTAGCAGTCATGAGCACA_002,49
GCTTAGCAGTCATGAGCACA_003,182
GCTTAGCAGTCATGAGCACA_004,8
GCTTAGCAGTCATGAGCACA_005,189
GCTTAGCAGTCATGAGCACA_006,35
GCTTAGCAGTCATGAGCACA_007,105
GCTTAGCAGTCATGAGCACA_008,115
TGCACACCTGAAGCAGCGCG_001,73
TGCACACCTGAAGCAGCGCG_002,53
TGCACACCTGAAGCAGCGCG_003,93
TGCACACCTGAAGCAGCGCG_004,56
TGCACACCTGAAGCAGCGCG_005,85
TGCACACCTGAAGCAGCGCG_006,85
TGCACACCTGAAGCAGCGCG_007,119
TGCACACCTGAAGCAGCGCG_008,172
TGCACACCTGAAGCAGCGCG_009,27
TGCACACCTGAAGCAGCGCG_010,144
TGCACACCTGAAGCAGCGCG_011,141
TGCACACCTGAAGCAGCGCG_012,48
TGCACACCTGAAGCAGCGCG_013,1
TGCACACCTGAAGCAGCGCG_014,17
TGCACACCTGAAGCAGCGCG_015,61
TGCACACCTGAAGCAGCGCG_016,47
TGCACACCTGAAGCAGCGCG_017,12
TGCACACCTGAAGCAGCGCG_018,49
TGCACACCTGAAGCAGCGCG_019,56
TGCACACCTGAAGCAGCGCG_020,145
TGCACACCTGAAGCAGCGCG_021,198
TGCACACCTGAAGCAGCGCG_022,191
TGCACACCTGAAGCAGCGCG_023,142
TGCACACCTGAAGCAGCGCG_024,191
TGCACACCTGAAGCAGCGCG_025,88
AGAGGAAAGTGGAATCTCTG_001,194
AGAGGAAAGTGGAATCTCTG_002,22
AGAGGAAAGTGGAATCTCTG_003,70
AGAGGAAAGTGGAATCTCTG_004,113
AGAGGAAAGTGGAATCTCTG_005,151
AGAGGAAAGTGGAATCTCTG_006,7
AGAGGAAAGTGGAATCTCTG_007,154
AGAGGAAAGTGGAATCTCTG_008,31
AGAGGAAAGTGGAATCTCTG_009,34
AGAGGAAAGTGGAATCTCTG_010,175
AGAGGAAAGTGGAATCTCTG_011,0
AGAGGAAAGTGGAATCTCTG_012,175
AGAGGAAAGTGGAATCTCTG_013,69
AGAGGAAAGTGGAATCTCTG_014,158
AGAGGAAAGTGGAATCTCTG_015,61
AGAGGAAAGTGGAATCTCTG_016,1
AGAGGAAAGTGGAATCTCTG_017,102
AGAGGAAAGTGGAATCTCTG_018,115
CTATCTCGAGTGGTAATGCG_001,16
CTATCTCGAGTGGTAATGCG_002,88
CTATCTCGAGTGGTAATGCG_003,168
CTATCTCGAGTGGTAATGCG_004,199
CTATCTCGAGTGGTAATGCG_005,113
CTATCTCGAGTGGTAATGCG_006,187
CTATCTCGAGTGGTAATGCG_007,192
CTATCTCGAGTGGTAATGCG_008,134
CTATCTCGAGTGGTAATGCG_009,41
CTATCTCGAGTGGTAATGCG_010,169
CTATCTCGAGTGGTAATGCG_011,33
CTATCTCGAGTGGTAATGCG_012,120
CTATCTCGAGTGGTAATGCG_013,94
CTATCTCGAGTGGTAATGCG_014,70
CTATCTCGAGTGGTAATGCG_015,169
CTATCTCGAGTGGTAATGCG_016,113
CTATCTCGAGTGGTAATGCG_017,94
CTATCTCGAGTGGTAATGCG_018,136
CTATCTCGAGTGGTAATGCG_019,182
CTATCTCGAGTGGTAATGCG_020,34
CTATCTCGAGTGGTAATGCG_021,133
CTATCTCGAGTGGTAATGCG_022,99
CTATCTCGAGTGGTAATGCG_023,148
CTATCTCGAGTGGTAATGCG_024,76
CTATCTCGAGTGGTAATGCG_025,104
CTATCTCGAGTGGTAATGCG_026,109
CTATCTCGAGTGGTAATGCG_027,109
GCCTGACTTGGCCGGCGACG_001,88
GCCTGACTTGGCCGGCGACG_002,72
GCCTGACTTGGCCGGCGACG_003,65
GCCTGACTTGGCCGGCGACG_004,3
GCCTGACTTGGCCGGCGACG_005,81
GCCTGACTTGGCCGGCGACG_006,199
GCCTGACTTGGCCGGCGACG_007,144
CGTAATCGCGCTCACCAAGC_001,78
CGTAATCGCGCTCACCAAGC_002,12
CGTAATCGCGCTCACCAAGC_003,64
CGTAATCGCGCTCACCAAGC_004,44
CGTAATCGCGCTCACCAAGC_005,160
CGTAATCGCGCTCACCAAGC_006,1
TGAGGTCTGTGGGCGGATCG_001,140
TGAGGTCTGTGGGCGGATCG_002,10
TGAGGTCTGTGGGCGGATCG_003,9
TGAGGTCTGTGGGCGGATCG_004,32
TGAGGTCTGTGGGCGGATCG_005,169
TGAGGTCTGTGGGCGGATCG_006,198
TGAGGTCTGTGGGCGGATCG_007,145
TGAGGTCTGTGGGCGGATCG_008,1
TGAGGTCTGTGGGCGGATCG_009,76
TGAGGTCTGTGGGCGGATCG_010,158
TGAGGTCTGTGGGCGGATCG_011,11
TGAGGTCTGTGGGCGGATCG_012,102
TGAGGTCTGTGGGCGGATCG_013,191
TGAGGTCTGTGGGCGGATCG_014,85
TGAGGTCTGTGGGCGGATCG_015,75
TGAGGTCTGTGGGCGGATCG_016,49
ACAAATTGATGATTCGACAC_001,49
ACAAATTGATGATTCGACAC_002,168
ACAAATTGATGATTCGACAC_003,32
ACAAATTGATGATTCGACAC_004,199
GGGCTGAAGCACATTAGTGA_001,62
GGGCTGAAGCACATTAGTGA_002,62
GGGCTGAAGCACATTAGTGA_003,81
GGGCTGAAGCACATTAGTGA_004,130
GGGCTGAAGCACATTAGTGA_005,98
GGGCTGAAGCACATTAGTGA_006,16
GGGCTGAAGCACATTAGTGA_007,113
GGGCTGAAGCACATTAGTGA_008,162
GGGCTGAAGCACATTAGTGA_009,117
GGGCTGAAGCACATTAGTGA_010,24
GGGCTGAAGCACATTAGTGA_011,50
GGGCTGAAGCACATTAGTGA_012,65
GGGCTGAAGCACATTAGTGA_013,195
GGGCTGAAGCACATTAGTGA_014,77
GGGCTGAAGCACATTAGTGA_015,50
ATGATGTAAGCGTGAACCTG_001,115
ATGATGTAAGCGTGAACCTG_002,191
ATGATGTAAGCGTGAACCTG_003,41
ATGATGTAAGCGTGAACCTG_004,116
ATGATGTAAGCGTGAACCTG_005,194
ATGATGTAAGCGTGAACCTG_006,16
ATGATGTAAGCGTGAACCTG_007,169
ATGATGTAAGCGTGAACCTG_008,58
ATGATGTAAGCGTGAACCTG_009,24
ATGATGTAAGCGTGAACCTG_010,127
ATGATGTAAGCGTGAACCTG_011,152
ATGATGTAAGCGTGAACCTG_012,160
ATGATGTAAGCGTGAACCTG_013,88
ATGATGTAAGCGTGAACCTG_014,75
ATGATGTAAGCGTGAACCTG_015,25
ATGATGTAAGCGTGAACCTG_016,146
ATGATGTAAGCGTGAACCTG_017,194
ATGATGTAAGCGTGAACCTG_018,19
ATGATGTAAGCGTGAACCTG_019,45
ATGATGTAAGCGTGAACCTG_020,64
ATGATGTAAGCGTGAACCTG_021,12
ATGATGTAAGCGTGAACCTG_022,132
ATGATGTAAGCGTGAACCTG_023,110
ATGATGTAAGCGTGAACCTG_024,34
ATGATGTAAGCGTGAACCTG_025,170
ATGATGTAAGCGTGAACCTG_026,48
ATGATGTAAGCGTGAACCTG_027,174
ATGATGTAAGCGTGAACCTG_028,144
ATGATGTAAGCGTGAACCTG_029,56
ATGATGTAAGCGTGAACCTG_030,42
ATGATGTAAGCGTGAACCTG_031,126
ATGATGTAAGCGTGAACCTG_032,58
ATGATGTAAGCGTGAACCTG_033,63
ATACATGGGCTCATGAAGCG_001,191
ATACATGGGCTCATGAAGCG_002,15
CAGCGGGGACAAAGGCAGGG_001,106
CAGCGGGGACAAAGGCAGGG_002,32
CAGCGGGGACAAAGGCAGGG_003,171
CAGCGGGGACAAAGGCAGGG_004,194
CAGCGGGGACAAAGGCAGGG_005,106
CAGCGGGGACAAAGGCAGGG_006,127
CAGCGGGGACAAAGGCAGGG_007,91
CAGCGGGGACAAAGGCAGGG_008,110
CAGCGGGGACAAAGGCAGGG_009,187
CAGCGGGGACAAAGGCAGGG_010,42
CAGCGGGGACAAAGGCAGGG_011,16
CAGCGGGGACAAAGGCAGGG_012,79
CAGCGGGGACAAAGGCAGGG_013,127
CAGCGGGGACAAAGGCAGGG_014,198
CAGCGGGGACAAAGGCAGGG_015,169
CAGCGGGGACAAAGGCAGGG_016,58
CAGCGGGGACAAAGGCAGGG_017,106
CAGCGGGGACAAAGGCAGGG_018,196
CAGCGGGGACAAAGGCAGGG_019,1
CAGCGGGGACAAAGGCAGGG_020,178
CAGCGGGGACAAAGGCAGGG_021,170
CAGCGGGGACAAAGGCAGGG_022,154
CAGCGGGGACAAAGGCAGGG_023,139
CAGCGGGGACAAAGGCAGGG_024,199
CAGCGGGGACAAAGGCAGGG_025,175
CAGCGGGGACAAAGGCAGGG_026,26
CAGCGGGGACAAAGGCAGGG_027,104
CAGCGGGGACAAAGGCAGGG_028,52
CAGCGGGGACAAAGGCAGGG_029,53
CAGCGGGGACAAAGGCAGGG_030,44
CAGCGGGGACAAAGGCAGGG_031,184
CAGCGGGGACAAAGGCAGGG_032,191
CAGCGGGGACAAAGGCAGGG_033,138
CAGCGGGGACAAAGGCAGGG_034,168
CAGCGGGGACAAAGGCAGGG_035,97
CAGCGGGGACAAAGGCAGGG_036,46
CAGCGGGGACAAAGGCAGGG_037,137
CAGCGGGGACAAAGGCAGGG_038,115
CAGCGGGGACAAAGGCAGGG_039,106
CAGCGGGGACAAAGGCAGGG_040,52
GGGGTGCTTCTCGTCCATCG_001,9
GGGGTGCTTCTCGTCCATCG_002,25
TGCTTCCGAACCAAGCAAGG_001,127
TGCTTCCGAACCAAGCAAGG_002,86
TGCTTCCGAACCAAGCAAGG_003,157
TGCTTCCGAACCAAGCAAGG_004,157
TGCTTCCGAACCAAGCAAGG_005,6
TGCTTCCGAACCAAGCAAGG_006,124
ACCATGTAGTTCGTTTCACG_001,118
ACCATGTAGTTCGTTTCACG_002,34
ACCATGTAGTTCGTTTCACG_003,80
ACCATGTAGTTCGTTTCACG_004,60
ACCATGTAGTTCGTTTCACG_005,132
CAGACAAGGATGGTGATCGT_001,55
CAGACAAGGATGGTGATCGT_002,157
CAGACAAGGATGGTGATCGT_003,27
TGGGCTACAGGACGATTCGA_001,122
TGGGCTACAGGACGATTCGA_002,25
TGGGCTACAGGACGATTCGA_003,37
TGGGCTACAGGACGATTCGA_004,37
TGGGCTACAGGACGATTCGA_005,194
TGGGCTACAGGACGATTCGA_006,105
TGGGCTACAGGACGATTCGA_007,25
TGGGCTACAGGACGATTCGA_008,140
CCACTGGTAAAGGCTAGACT_001,148
CCACTGGTAAAGGCTAGACT_002,144
CCACTGGTAAAGGCTAGACT_003,121
CCACTGGTAAAGGCTAGACT_004,188
CCACTGGTAAAGGCTAGACT_005,172
CCACTGGTAAAGGCTAGACT_006,139
CCACTGGTAAAGGCTAGACT_007,48
CCACTGGTAAAGGCTAGACT_008,75
CCACTGGTAAAGGCTAGACT_009,29
CCACTGGTAAAGGCTAGACT_010,111
CCACTGGTAAAGGCTAGACT_011,80
CCACTGGTAAAGGCTAGACT_012,114
CCACTGGTAAAGGCTAGACT_013,52
CCACTGGTAAAGGCTAGACT_014,23
CCACTGGTAAAGGCTAGACT_015,38
CCACTGGTAAAGGCTAGACT_016,38
CCACTGGTAAAGGCTAGACT_017,48
CCACTGGTAAAGGCTAGACT_018,76
CCACTGGTAAAGGCTAGACT_019,190
CCACTGGTAAAGGCTAGACT_020,19
CCACTGGTAAAGGCTAGACT_021,102
CCACTGGTAAAGGCTAGACT_022,104
CCACTGGTAAAGGCTAGACT_023,55
CCACTGGTAAAGGCTAGACT_024,197
CCACTGGTAAAGGCTAGACT_025,134
CCACTGGTAAAGGCTAGACT_026,172
CCACTGGTAAAGGCTAGACT_027,7
CCACTGGTAAAGGCTAGACT_028,144
CCACTGGTAAAGGCTAGACT_029,2
CCACTGGTAAAGGCTAGACT_030,1
CCACTGGTAAAGGCTAGACT_031,174
CCACTGGTAAAGGCTAGACT_032,144
TTACAAATCTGAGATTAACA_001,11
TTACAAATCTGAGATTAACA_002,145
TCCACAAACACGGCGTCAGA_001,60
TCCACAAACACGGCGTCAGA_002,162
TCCACAAACACGGCGTCAGA_003,85
TCCACAAACACGGCGTCAGA_004,169
TCCACAAACACGGCGTCAGA_005,121
TCCACAAACACGGCGTCAGA_006,106
TCCACAAACACGGCGTCAGA_007,19
AGAAAGGATGCCTAGCAAAG_001,37
AGAAAGGATGCCTAGCAAAG_002,56
AGAAAGGATGCCTAGCAAAG_003,166
AGAAAGGATGCCTAGCAAAG_004,2
AGAAAGGATGCCTAGCAAAG_005,13
AGAAAGGATGCCTAGCAAAG_006,98
AGAAAGGATGCCTAGCAAAG_007,193
AGAAAGGATGCCTAGCAAAG_008,177
AGAAAGGATGCCTAGCAAAG_009,179
ATCTATCTGATCACCATGGT_001,139
ATCTATCTGATCACCATGGT_002,122
ATCTATCTGATCACCATGGT_003,62
ATCTATCTGATCACCATGGT_004,191
ATCTATCTGATCACCATGGT_005,180
CAGCTCAGCACAGTTGACAA_001,137
CAGCTCAGCACAGTTGACAA_002,32
CAGCTCAGCACAGTTGACAA_003,40
CAGCTCAGCACAGTTGACAA_004,28
CAGCTCAGCACAGTTGACAA_005,139
CAGCTCAGCACAGTTGACAA_006,122
CAGCTCAGCACAGTTGACAA_007,28
GGTTCCATCTGATATCACTG_001,29
GGTTCCATCTGATATCACTG_002,7
GGTTCCATCTGATATCACTG_003,105
TGATAAAGCGAATGCAACAG_001,81
TGATAAAGCGAATGCAACAG_002,97
TGATAAAGCGAATGCAACAG_003,41
TGATAAAGCGAATGCAACAG_004,68
TGATAAAGCGAATGCAACAG_005,50
GGCAGAAGATGACACGCATG_001,183
GGCAGAAGATGACACGCATG_002,37
GGCAGAAGATGACACGCATG_003,80
GGCAGAAGATGACACGCATG_004,80
GGCAGAAGATGACACGCATG_005,62
GTGTGACTTACCCACTGTTG_001,162
GTGTGACTTACCCACTGTTG_002,38
GTGTGACTTACCCACTGTTG_003,122
GTGTGACTTACCCACTGTTG_004,88
AAAACATTTAAAGAAAGTAG_001,46
AAAACATTTAAAGAAAGTAG_002,69
AAAACATTTAAAGAAAGTAG_003,73
CCTGAAGAGCCATCATAGAG_001,41
CCTGAAGAGCCATCATAGAG_002,116
CCTGAAGAGCCATCATAGAG_003,67
CCTGAAGAGCCATCATAGAG_004,51
CCTGAAGAGCCATCATAGAG_005,59
CCTGAAGAGCCATCATAGAG_006,40
CCTGAAGAGCCATCATAGAG_007,121
CCTGAAGAGCCATCATAGAG_008,15
CCTGAAGAGCCATCATAGAG_009,63
GCTCTTCGAATCGGCCGACG_001,77
GCTCTTCGAATCGGCCGACG_002,107
GCTCTTCGAATCGGCCGACG_003,11
GCTCTTCGAATCGGCCGACG_004,28
GCTCTTCGAATCGGCCGACG_005,148
GCTCTTCGAATCGGCCGACG_006,94
GCTCTTCGAATCGGCCGACG_007,168
CCCCACCGCAGACGTCAATG_001,92
CCCCACCGCAGACGTCAATG_002,15
CCCCACCGCAGACGTCAATG_003,166
CCCCACCGCAGACGTCAATG_004,50
CCCCACCGCAGACGTCAATG_005,103
CCCCACCGCAGACGTCAATG_006,67
CCCCACCGCAGACGTCAATG_007,149
CCCCACCGCAGACGTCAATG_008,35
CCCCACCGCAGACGTCAATG_009,91
CCCCACCGCAGACGTCAATG_010,39
CCCCACCGCAGACGTCAATG_011,23
CCCCACCGCAGACGTCAATG_012,98
CCCCACCGCAGACGTCAATG_013,80
CCCCACCGCAGACGTCAATG_014,64
CCCCACCGCAGACGTCAATG_015,82
GGCAGTGGAACCTGTCACCG_001,56
GGCAGTGGAACCTGTCACCG_002,61
GGCAGTGGAACCTGTCACCG_003,15
GGCAGTGGAACCTGTCACCG_004,14
GGCAGTGGAACCTGTCACCG_005,39
GGCAGTGGAACCTGTCACCG_006,40
GGCAGTGGAACCTGTCACCG_007,115
GGCAGTGGAACCTGTCACCG_008,115
GGCAGTGGAACCTGTCACCG_009,130
GGCAGTGGAACCTGTCACCG_010,173
GGCAGTGGAACCTGTCACCG_011,144
GGCAGTGGAACCTGTCACCG_012,46
GGCAGTGGAACCTGTCACCG_013,88
GGCAGTGGAACCTGTCACCG_014,146
GGCAGTGGAACCTGTCACCG_015,174
GGCAGTGGAACCTGTCACCG_016,65
GGCAGTGGAACCTGTCACCG_017,174
GGCAGTGGAACCTGTCACCG_018,103
GGCAGTGGAACCTGTCACCG_019,175
GGCAGTGGAACCTGTCACCG_020,111
GGCAGTGGAACCTGTCACCG_021,130
GGCAGTGGAACCTGTCACCG_022,184
GGCAGTGGAACCTGTCACCG_023,137
GTCAGCACATGCCCGAGCAA_001,123
GTCAGCACATGCCCGAGCAA_002,183
GTCAGCACATGCCCGAGCAA_003,94
GTCAGCACATGCCCGAGCAA_004,33
GTCAGCACATGCCCGAGCAA_005,173
GTCAGCACATGCCCGAGCAA_006,137
GTCAGCACATGCCCGAGCAA_007,82
GTCAGCACATGCCCGAGCAA_008,116
GTCAGCACATGCCCGAGCAA_009,0
GTCAGCACATGCCCGAGCAA_010,77
GTCAGCACATGCCCGAGCAA_011,142
GTCAGCACATGCCCGAGCAA_012,176
GTCAGCACATGCCCGAGCAA_013,161
CCACGTGTCTAACACCAATG_001,70
CCACGTGTCTAACACCAATG_002,134
CCACGTGTCTAACACCAATG_003,152
CCACGTGTCTAACACCAATG_004,88
CCACGTGTCTAACACCAATG_005,187
CCACGTGTCTAACACCAATG_006,171
CCACGTGTCTAACACCAATG_007,91
CCACGTGTCTAACACCAATG_008,21
GCAAGAACCAGCATTCGCGA_001,102
GCAAGAACCAGCATTCGCGA_002,19
GCAAGAACCAGCATTCGCGA_003,40
GCAAGAACCAGCATTCGCGA_004,49
GCAAGAACCAGCATTCGCGA_005,1
GCAAGAACCAGCATTCGCGA_006,35
GCAAGAACCAGCATTCGCGA_007,93
GCAGGTAAGAGAAAATCCAC_001,198
GCAGGTAAGAGAAAATCCAC_002,2
CAACCTGAATTGGGAACGTG_001,70
CAACCTGAATTGGGAACGTG_002,48
CAACCTGAATTGGGAACGTG_003,88
CAACCTGAATTGGGAACGTG_004,127
CAACCTGAATTGGGAACGTG_005,101
CAACCTGAATTGGGAACGTG_006,46
CAACCTGAATTGGGAACGTG_007,139
CAACCTGAATTGGGAACGTG_008,148
CAACCTGAATTGGGAACGTG_009,91
CAACCTGAATTGGGAACGTG_010,144
CAACCTGAATTGGGAACGTG_011,12
CAACCTGAATTGGGAACGTG_012,98
CAACCTGAATTGGGAACGTG_013,50
CAACCTGAATTGGGAACGTG_014,50
CAACCTGAATTGGGAACGTG_015,106
CAACCTGAATTGGGAACGTG_016,168
CAACCTGAATTGGGAACGTG_017,2
CAACCTGAATTGGGAACGTG_018,82
CAACCTGAATTGGGAACGTG_019,78
CAACCTGAATTGGGAACGTG_020,101
CAACCTGAATTGGGAACGTG_021,49
CAACCTGAATTGGGAACGTG_022,162
CAACCTGAATTGGGAACGTG_023,36
CAACCTGAATTGGGAACGTG_024,137
CAACCTGAATTGGGAACGTG_025,176
CAACCTGAATTGGGAACGTG_026,34
CAACCTGAATTGGGAACGTG_027,34
CAACCTGAATTGGGAACGTG_028,170
CAACCTGAATTGGGAACGTG_029,97
CAACCTGAATTGGGAACGTG_030,75
CAACCTGAATTGGGAACGTG_031,56
CAACCTGAATTGGGAACGTG_032,142
CAACCTGAATTGGGAACGTG_033,50
CAACCTGAATTGGGAACGTG_034,9
CAACCTGAATTGGGAACGTG_035,138
CAACCTGAATTGGGAACGTG_036,142
CAACCTGAATTGGGAACGTG_037,158
CAACCTGAATTGGGAACGTG_038,111
CAACCTGAATTGGGAACGTG_039,101
CAACCTGAATTGGGAACGTG_040,35
TGTTCACCCCTCCCCTGGAT_001,144
TGTTCACCCCTCCCCTGGAT_002,116
TGTTCACCCCTCCCCTGGAT_003,73
TGTTCACCCCTCCCCTGGAT_004,156
TGTTCACCCCTCCCCTGGAT_005,169
TGTTCACCCCTCCCCTGGAT_006,67
TGTTCACCCCTCCCCTGGAT_007,148
TGTTCACCCCTCCCCTGGAT_008,113
TGTTCACCCCTCCCCTGGAT_009,160
TGTTCACCCCTCCCCTGGAT_010,121
TGTTCACCCCTCCCCTGGAT_011,90
TGTTCACCCCTCCCCTGGAT_012,171
TGTTCACCCCTCCCCTGGAT_013,16
TGTTCACCCCTCCCCTGGAT_014,162
TGTTCACCCCTCCCCTGGAT_015,48
TGTTCACCCCTCCCCTGGAT_016,168
TGTTCACCCCTCCCCTGGAT_017,112
TGTTCACCCCTCCCCTGGAT_018,169
TGTTCACCCCTCCCCTGGAT_019,106
TGTTCACCCCTCCCCTGGAT_020,147
TGTTCACCCCTCCCCTGGAT_021,40
TGTTCACCCCTCCCCTGGAT_022,2
TGTTCACCCCTCCCCTGGAT_023,35
TGTTCACCCCTCCCCTGGAT_024,162
TGTTCACCCCTCCCCTGGAT_025,188
TGTTCACCCCTCCCCTGGAT_026,61
TGTTCACCCCTCCCCTGGAT_027,190
TGTTCACCCCTCCCCTGGAT_028,65
TGTTCACCCCTCCCCTGGAT_029,57
TGTTCACCCCTCCCCTGGAT_030,141
CTGCCGCCTTGGAGAAAAGG_001,127
CTGCCGCCTTGGAGAAAAGG_002,13
CTGCCGCCTTGGAGAAAAGG_003,148
GACGGCTGGACAGCACGCGT_001,63
GACGGCTGGACAGCACGCGT_002,156
GACGGCTGGACAGCACGCGT_003,97
GACGGCTGGACAGCACGCGT_004,196
GACGGCTGGACAGCACGCGT_005,150
GACGGCTGGACAGCACGCGT_006,9
GACGGCTGGACAGCACGCGT_007,9
GACGGCTGGACAGCACGCGT_008,48
TGGGTAGTGGAGATGCTGTG_001,15
TGGGTAGTGGAGATGCTGTG_002,42
TGGGTAGTGGAGATGCTGTG_003,110
GCTCAGGTACATTCCATGGA_001,137
GCTCAGGTACATTCCATGGA_002,149
GCTCAGGTACATTCCATGGA_003,89
GCTCAGGTACATTCCATGGA_004,191
GCTCAGGTACATTCCATGGA_005,60
TACAACAGATCGTGTAATGA_001,107
CAGGAAGAGAAGCTGTCAGG_001,152
CAGGAAGAGAAGCTGTCAGG_002,115
CAGGAAGAGAAGCTGTCAGG_003,177
CAGGAAGAGAAGCTGTCAGG_004,120
CAGGAAGAGAAGCTGTCAGG_005,42
CAGGAAGAGAAGCTGTCAGG_006,75
CAGGAAGAGAAGCTGTCAGG_007,26
CAGGAAGAGAAGCTGTCAGG_008,5
CAGGAAGAGAAGCTGTCAGG_009,141
CAGGAAGAGAAGCTGTCAGG_010,96
GAAAACCTAAGCTAAGTGGT_001,169
GAAAACCTAAGCTAAGTGGT_002,127
GAAAACCTAAGCTAAGTGGT_003,138
GAAAACCTAAGCTAAGTGGT_004,62
GAAAACCTAAGCTAAGTGGT_005,168
GAAAACCTAAGCTAAGTGGT_006,38
GAAAACCTAAGCTAAGTGGT_007,141
GAAAACCTAAGCTAAGTGGT_008,3
CACCATCAGTGACACGAAGG_001,70
CACCATCAGTGACACGAAGG_002,70
CACCATCAGTGACACGAAGG_003,52
CACCATCAGTGACACGAAGG_004,51
CACCATCAGTGACACGAAGG_005,57
CACCATCAGTGACACGAAGG_006,137
CACCATCAGTGACACGAAGG_007,24
CACCATCAGTGACACGAAGG_008,198
CACCATCAGTGACACGAAGG_009,12
CACCATCAGTGACACGAAGG_010,76
CACCATCAGTGACACGAAGG_011,182
CACCATCAGTGACACGAAGG_012,158
CACCATCAGTGACACGAAGG_013,33
CACCATCAGTGACACGAAGG_014,89
CACCATCAGTGACACGAAGG_015,166
CACCATCAGTGACACGAAGG_016,126
CACCATCAGTGACACGAAGG_017,185
GTTCAAACGTTACATAGGAG_001,20
GTTCAAACGTTACATAGGAG_002,27
GCAAAATTAAAGCTTTCTCA_001,38
GCAAAATTAAAGCTTTCTCA_002,149
GCAAAATTAAAGCTTTCTCA_003,77
GCAAAATTAAAGCTTTCTCA_004,186
GCAAAATTAAAGCTTTCTCA_005,43
GCAAAATTAAAGCTTTCTCA_006,62
AGAAGTTAGACTACTACTGG_001,81
AGAAGTTAGACTACTACTGG_002,8
AGAAGTTAGACTACTACTGG_003,64
AGAAGTTAGACTACTACTGG_004,197
AGAAGTTAGACTACTACTGG_005,162
AGAAGTTAGACTACTACTGG_006,72
AGAAGTTAGACTACTACTGG_007,19
TTTGCCCGAGCATATGCACA_001,2
TTTGCCCGAGCATATGCACA_002,164
TTTGCCCGAGCATATGCACA_003,40
TTTGCCCGAGCATATGCACA_004,170
TTTGCCCGAGCATATGCACA_005,31
TTTGCCCGAGCATATGCACA_006,79
TTTGCCCGAGCATATGCACA_007,176
GTCGTGCCTGACCCTTTCGT_001,139
GTCGTGCCTGACCCTTTCGT_002,1
GTCGTGCCTGACCCTTTCGT_003,48
GTCGTGCCTGACCCTTTCGT_004,184
GTCGTGCCTGACCCTTTCGT_005,170
GTCGTGCCTGACCCTTTCGT_006,127
GTCGTGCCTGACCCTTTCGT_007,68
GTCGTGCCTGACCCTTTCGT_008,50
GTCGTGCCTGACCCTTTCGT_009,67
GTCGTGCCTGACCCTTTCGT_010,13
GTCGTGCCTGACCCTTTCGT_011,88
GTCGTGCCTGACCCTTTCGT_012,127
GTCGTGCCTGACCCTTTCGT_013,98
GTCGTGCCTGACCCTTTCGT_014,101
GTCGTGCCTGACCCTTTCGT_015,166
GTCGTGCCTGACCCTTTCGT_016,190
GTCGTGCCTGACCCTTTCGT_017,57
GTCGTGCCTGACCCTTTCGT_018,140
GTCGTGCCTGACCCTTTCGT_019,71
GTCGTGCCTGACCCTTTCGT_020,149
GTCGTGCCTGACCCTTTCGT_021,9
GTCGTGCCTGACCCTTTCGT_022,190
GTCGTGCCTGACCCTTTCGT_023,107
GTCGTGCCTGACCCTTTCGT_024,160
GTCGTGCCTGACCCTTTCGT_025,28
GTCGTGCCTGACCCTTTCGT_026,26
GTCGTGCCTGACCCTTTCGT_027,165
GTCGTGCCTGACCCTTTCGT_028,198
GTCGTGCCTGACCCTTTCGT_029,115
GTCGTGCCTGACCCTTTCGT_030,180
AGTTGAAAACAATGAAAGCA_001,8
AGTTGAAAACAATGAAAGCA_002,74
AGTTGAAAACAATGAAAGCA_003,40
AGTTGAAAACAATGAAAGCA_004,158
AGTTGAAAACAATGAAAGCA_005,9
AGTTGAAAACAATGAAAGCA_006,170
AGTTGAAAACAATGAAAGCA_007,115
AGTTGAAAACAATGAAAGCA_008,15
TATAGTTGGAGACATTGATG_001,139
TATAGTTGGAGACATTGATG_002,196
TATAGTTGGAGACATTGATG_003,6
TATAGTTGGAGACATTGATG_004,9
TATAGTTGGAGACATTGATG_005,102
TATAGTTGGAGACATTGATG_006,136
TATAGTTGGAGACATTGATG_007,28
AGTCTTTGTAAGAGCAAAGT_001,8
CCTTCTCCGAGGAGTACAAG_001,11
CCTTCTCCGAGGAGTACAAG_002,149
CCTTCTCCGAGGAGTACAAG_003,81
CCTTCTCCGAGGAGTACAAG_004,133
CCTTCTCCGAGGAGTACAAG_005,95
CCTTCTCCGAGGAGTACAAG_006,160
CCTTCTCCGAGGAGTACAAG_007,145
CCTTCTCCGAGGAGTACAAG_008,199
CCTTCTCCGAGGAGTACAAG_009,122
CCTTCTCCGAGGAGTACAAG_010,48
CCTTCTCCGAGGAGTACAAG_011,174
CCTTCTCCGAGGAGTACAAG_012,133
CCTTCTCCGAGGAGTACAAG_013,28
CCTTCTCCGAGGAGTACAAG_014,199
CCTTCTCCGAGGAGTACAAG_015,175
CCTTCTCCGAGGAGTACAAG_016,40
CCATATGAATGCAATAACTG_001,131
CCATATGAATGCAATAACTG_002,139
CCATATGAATGCAATAACTG_003,198
CCATATGAATGCAATAACTG_004,34
CCATATGAATGCAATAACTG_005,137
CCATATGAATGCAATAACTG_006,82
CCATATGAATGCAATAACTG_007,179
CCATATGAATGCAATAACTG_008,3
CCATATGAATGCAATAACTG_009,154
CCATATGAATGCAATAACTG_010,39
CCATATGAATGCAATAACTG_011,73
CCATATGAATGCAATAACTG_012,41
CCATATGAATGCAATAACTG_013,107
CCATATGAATGCAATAACTG_014,147
CCATATGAATGCAATAACTG_015,170
CCATATGAATGCAATAACTG_016,8
CCATATGAATGCAATAACTG_017,18
CCATATGAATGCAATAACTG_018,90
CCATATGAATGCAATAACTG_019,177
GGAGCTGGGTCCATTCAAAG_001,172
GGAGCTGGGTCCATTCAAAG_002,83
GGAGCTGGGTCCATTCAAAG_003,88
GGAGCTGGGTCCATTCAAAG_004,146
GGAGCTGGGTCCATTCAAAG_005,124
GGAGCTGGGTCCATTCAAAG_006,106
TGGATCCTCATAGACCGTTG_001,48
TGGATCCTCATAGACCGTTG_002,94
CAAACTTGCTGTTATATGGG_001,42
CCTTGTACAGATGCAAACGG_001,98
CCTTGTACAGATGCAAACGG_002,0
CCTTGTACAGATGCAAACGG_003,103
GGCGCTGCTCCGCAAAGAGA_001,127
GGCGCTGCTCCGCAAAGAGA_002,135
GGCGCTGCTCCGCAAAGAGA_003,67
GGCGCTGCTCCGCAAAGAGA_004,198
GGCGCTGCTCCGCAAAGAGA_005,76
GGCGCTGCTCCGCAAAGAGA_006,58
GGCGCTGCTCCGCAAAGAGA_007,93
GGCGCTGCTCCGCAAAGAGA_008,174
GGCGCTGCTCCGCAAAGAGA_009,125
GGCGCTGCTCCGCAAAGAGA_010,8
GGCGCTGCTCCGCAAAGAGA_011,131
GGCGCTGCTCCGCAAAGAGA_012,192
GGCGCTGCTCCGCAAAGAGA_013,149
GGCGCTGCTCCGCAAAGAGA_014,173
GGCGCTGCTCCGCAAAGAGA_015,96
GGCGCTGCTCCGCAAAGAGA_016,116
GGCGCTGCTCCGCAAAGAGA_017,34
GGCGCTGCTCCGCAAAGAGA_018,137
ATCCTGCCAATTAGCCACGG_001,122
ATCCTGCCAATTAGCCACGG_002,15
ATCCTGCCAATTAGCCACGG_003,121
ATCCTGCCAATTAGCCACGG_004,147
ATCCTGCCAATTAGCCACGG_005,110
ATCCTGCCAATTAGCCACGG_006,110
ATCCTGCCAATTAGCCACGG_007,15
ATCCTGCCAATTAGCCACGG_008,114
ATCCTGCCAATTAGCCACGG_009,169
ATCCTGCCAATTAGCCACGG_010,88
ATCCTGCCAATTAGCCACGG_011,63
ATCCTGCCAATTAGCCACGG_012,199
ATCCTGCCAATTAGCCACGG_013,185
ATCCTGCCAATTAGCCACGG_014,1
ATCCTGCCAATTAGCCACGG_015,1
ATCCTGCCAATTAGCCACGG_016,12
ATCCTGCCAATTAGCCACGG_017,58
ATCCTGCCAATTAGCCACGG_018,68
ATCCTGCCAATTAGCCACGG_019,54
ATCCTGCCAATTAGCCACGG_020,198
ATCCTGCCAATTAGCCACGG_021,63
ATCCTGCCAATTAGCCACGG_022,145
ATCCTGCCAATTAGCCACGG_023,198
ATCCTGCCAATTAGCCACGG_024,142
ATCCTGCCAATTAGCCACGG_025,138
ATCCTGCCAATTAGCCACGG_026,118
ATCCTGCCAATTAGCCACGG_027,49
ATCCTGCCAATTAGCCACGG_028,147
ATCCTGCCAATTAGCCACGG_029,142
ATCCTGCCAATTAGCCACGG_030,10
ATCCTGCCAATTAGCCACGG_031,168
ATCCTGCCAATTAGCCACGG_032,15
ATCCTGCCAATTAGCCACGG_033,94
ATCCTGCCAATTAGCCACGG_034,49
ATCCTGCCAATTAGCCACGG_035,102
ATCCTGCCAATTAGCCACGG_036,197
CGCTGTTCAAGTCCAAAGTG_001,163
CGCTGTTCAAGTCCAAAGTG_002,26
CGCTGTTCAAGTCCAAAGTG_003,70
CGCTGTTCAAGTCCAAAGTG_004,0
CGCTGTTCAAGTCCAAAGTG_005,56
CGCTGTTCAAGTCCAAAGTG_006,177
GATGGCGCGCAGTTGAGTCA_001,168
GATGGCGCGCAGTTGAGTCA_002,108
GATGGCGCGCAGTTGAGTCA_003,19
GATGGCGCGCAGTTGAGTCA_004,28
GATGGCGCGCAGTTGAGTCA_005,20
GATGGCGCGCAGTTGAGTCA_006,121
GATGGCGCGCAGTTGAGTCA_007,130
GATGGCGCGCAGTTGAGTCA_008,102
GATGGCGCGCAGTTGAGTCA_009,103
GATGGCGCGCAGTTGAGTCA_010,138
GATGGCGCGCAGTTGAGTCA_011,122
GATGGCGCGCAGTTGAGTCA_012,51
GATGGCGCGCAGTTGAGTCA_013,69
GATGGCGCGCAGTTGAGTCA_014,107
GATGGCGCGCAGTTGAGTCA_015,153
GATGGCGCGCAGTTGAGTCA_016,133
GATGGCGCGCAGTTGAGTCA_017,71
GATGGCGCGCAGTTGAGTCA_018,39
GATGGCGCGCAGTTGAGTCA_019,127
GATGGCGCGCAGTTGAGTCA_020,77
GATGGCGCGCAGTTGAGTCA_021,117
GATGGCGCGCAGTTGAGTCA_022,115
GATGGCGCGCAGTTGAGTCA_023,15
GATGGCGCGCAGTTGAGTCA_024,78
GATGGCGCGCAGTTGAGTCA_025,67
GATGGCGCGCAGTTGAGTCA_026,184
GATGGCGCGCAGTTGAGTCA_027,181
GATGGCGCGCAGTTGAGTCA_028,26
GATGGCGCGCAGTTGAGTCA_029,184
GATGGCGCGCAGTTGAGTCA_030,50
GATGGCGCGCAGTTGAGTCA_031,177
GATGGCGCGCAGTTGAGTCA_032,21
GATGGCGCGCAGTTGAGTCA_033,2
GATGGCGCGCAGTTGAGTCA_034,30
GATGGCGCGCAGTTGAGTCA_035,48
GATGGCGCGCAGTTGAGTCA_036,26
GATGGCGCGCAGTTGAGTCA_037,175
GATGGCGCGCAGTTGAGTCA_038,106
GATGGCGCGCAGTTGAGTCA_039,198
GATGGCGCGCAGTTGAGTCA_040,56
GATGGCGCGCAGTTGAGTCA_041,118
GATGGCGCGCAGTTGAGTCA_042,23
GATGGCGCGCAGTTGAGTCA_043,153
GTGGGAAGAACTTGTCAATG_001,53
GTGGGAAGAACTTGTCAATG_002,178
GTGGGAAGAACTTGTCAATG_003,161
GTGGGAAGAACTTGTCAATG_004,48
GTGGGAAGAACTTGTCAATG_005,148
GTGGGAAGAACTTGTCAATG_006,44
GTGGGAAGAACTTGTCAATG_007,40
CAACAGATGAATCCCTACGA_001,110
CAACAGATGAATCCCTACGA_002,4
CAACAGATGAATCCCTACGA_003,157
CAACAGATGAATCCCTACGA_004,198
CAACAGATGAATCCCTACGA_005,32
CTGAACCGAAGGAAGAAGCA_001,61
CTGAACCGAAGGAAGAAGCA_002,65
CTGAACCGAAGGAAGAAGCA_003,42
CTGAACCGAAGGAAGAAGCA_004,194
CTGAACCGAAGGAAGAAGCA_005,11
CTGAACCGAAGGAAGAAGCA_006,185
CTGAACCGAAGGAAGAAGCA_007,142
CTGAACCGAAGGAAGAAGCA_008,142
CTGAACCGAAGGAAGAAGCA_009,183
CTGAACCGAAGGAAGAAGCA_010,62
CTGAACCGAAGGAAGAAGCA_011,32
CTGAACCGAAGGAAGAAGCA_012,74
CTGAACCGAAGGAAGAAGCA_013,184
CTGAACCGAAGGAAGAAGCA_014,81
CTGAACCGAAGGAAGAAGCA_015,106
CTGAACCGAAGGAAGAAGCA_016,1
CTGAACCGAAGGAAGAAGCA_017,148
CTGAACCGAAGGAAGAAGCA_018,146
CTGAACCGAAGGAAGAAGCA_019,28
CTGAACCGAAGGAAGAAGCA_020,141
CTGAACCGAAGGAAGAAGCA_021,6
CTGAACCGAAGGAAGAAGCA_022,47
CTGAACCGAAGGAAGAAGCA_023,58
CTGAACCGAAGGAAGAAGCA_024,135
CTGAACCGAAGGAAGAAGCA_025,103
CTGAACCGAAGGAAGAAGCA_026,115
CTGAACCGAAGGAAGAAGCA_027,161
CTGAACCGAAGGAAGAAGCA_028,161
CTGAACCGAAGGAAGAAGCA_029,10
CTGAACCGAAGGAAGAAGCA_030,134
CTGAACCGAAGGAAGAAGCA_031,34
CTGAACCGAAGGAAGAAGCA_032,133
CTGAACCGAAGGAAGAAGCA_033,119
CTGAACCGAAGGAAGAAGCA_034,140
CTGAACCGAAGGAAGAAGCA_035,42
CAGCGCAAGAAGACAAGGCT_001,154
CAGCGCAAGAAGACAAGGCT_002,94
CAGCGCAAGAAGACAAGGCT_003,53
CAGCGCAAGAAGACAAGGCT_004,96
CAGCGCAAGAAGACAAGGCT_005,114
CAGCGCAAGAAGACAAGGCT_006,146
CAGCGCAAGAAGACAAGGCT_007,160
CAGCGCAAGAAGACAAGGCT_008,117
CAGCGCAAGAAGACAAGGCT_009,113
CAGCGCAAGAAGACAAGGCT_010,105
CAGCGCAAGAAGACAAGGCT_011,199
CAGCGCAAGAAGACAAGGCT_012,94
CAGCGCAAGAAGACAAGGCT_013,104
CAGCGCAAGAAGACAAGGCT_014,111
CAGCGCAAGAAGACAAGGCT_015,197
CAGCGCAAGAAGACAAGGCT_016,130
CAGCGCAAGAAGACAAGGCT_017,120
CAGCGCAAGAAGACAAGGCT_018,17
CAGCGCAAGAAGACAAGGCT_019,127
CAGCGCAAGAAGACAAGGCT_020,102
CAGCGCAAGAAGACAAGGCT_021,6
CAGCGCAAGAAGACAAGGCT_022,178
CAGCGCAAGAAGACAAGGCT_023,48
CAGCGCAAGAAGACAAGGCT_024,8
CAGCGCAAGAAGACAAGGCT_025,128
CAGCGCAAGAAGACAAGGCT_026,147
CTCCAAACGCAGCAAACCGA_001,150
CTCCAAACGCAGCAAACCGA_002,130
CTCCAAACGCAGCAAACCGA_003,172
CTCCAAACGCAGCAAACCGA_004,88
CTCCAAACGCAGCAAACCGA_005,84
CTCCAAACGCAGCAAACCGA_006,25
CTCCAAACGCAGCAAACCGA_007,30
CTCCAAACGCAGCAAACCGA_008,132
CTCCAAACGCAGCAAACCGA_009,160
CTCCAAACGCAGCAAACCGA_010,36
CTCCAAACGCAGCAAACCGA_011,172
CTCCAAACGCAGCAAACCGA_012,142
CTCCAAACGCAGCAAACCGA_013,141
AGCCCGAGAAACCCTTGGTG_001,40
AGCCCGAGAAACCCTTGGTG_002,5
AGCCCGAGAAACCCTTGGTG_003,1
AGCCCGAGAAACCCTTGGTG_004,68
AGCCCGAGAAACCCTTGGTG_005,128
AGCCCGAGAAACCCTTGGTG_006,15
AGCCCGAGAAACCCTTGGTG_007,29
ATTACGCATTCAGTATGCAT_001,0
ATTACGCATTCAGTATGCAT_002,169
GGATCAGCACGCGAGCGTGG_001,108
TTCAGGTGTATCTGCCACCG_001,151
TTCAGGTGTATCTGCCACCG_002,91
CGCCTCGAGCAGCTTCACCA_001,77
CGCCTCGAGCAGCTTCACCA_002,60
CGCCTCGAGCAGCTTCACCA_003,127
CGCCTCGAGCAGCTTCACCA_004,198
CGCCTCGAGCAGCTTCACCA_005,129
CGCCTCGAGCAGCTTCACCA_006,147
CGCCTCGAGCAGCTTCACCA_007,13
CGCCTCGAGCAGCTTCACCA_008,71
CGCCTCGAGCAGCTTCACCA_009,59
CGCCTCGAGCAGCTTCACCA_010,25
CGCCTCGAGCAGCTTCACCA_011,170
CGCCTCGAGCAGCTTCACCA_012,9
CGCCTCGAGCAGCTTCACCA_013,19
CGCCTCGAGCAGCTTCACCA_014,31
CGCCTCGAGCAGCTTCACCA_015,163
CGCCTCGAGCAGCTTCACCA_016,31
TGAACTGGTTCAGATGACGA_001,72
TGAACTGGTTCAGATGACGA_002,93
TGAACTGGTTCAGATGACGA_003,148
TGAACTGGTTCAGATGACGA_004,43
TGAACTGGTTCAGATGACGA_005,43
TGAACTGGTTCAGATGACGA_006,18
TGAACTGGTTCAGATGACGA_007,56
ACGGACATCAGACAAAGTCA_001,50
ACGGACATCAGACAAAGTCA_002,60
ACGGACATCAGACAAAGTCA_003,147
ACGGACATCAGACAAAGTCA_004,104
ACGGACATCAGACAAAGTCA_005,42
ACGGACATCAGACAAAGTCA_006,179
ACGGACATCAGACAAAGTCA_007,192
ACGGACATCAGACAAAGTCA_008,106
ACGGACATCAGACAAAGTCA_009,169
ACGGACATCAGACAAAGTCA_010,156
ACGGACATCAGACAAAGTCA_011,199
GCTGTTTACCTGAATCATGA_001,149
GCTGTTTACCTGAATCATGA_002,143
GCTGTTTACCTGAATCATGA_003,154
GCTGTTTACCTGAATCATGA_004,80
GCTGTTTACCTGAATCATGA_005,36
GCTGTTTACCTGAATCATGA_006,68
TGCACGGTACCCGTGCGACG_001,105
TGCACGGTACCCGTGCGACG_002,28
TGCACGGTACCCGTGCGACG_003,150
AGGTTACCTTTCACAAGACC_001,198
AGGTTACCTTTCACAAGACC_002,114
AGGTTACCTTTCACAAGACC_003,8
AGGTTACCTTTCACAAGACC_004,127
CTGGACTCTTCATCGCAGAG_001,180
CTGGACTCTTCATCGCAGAG_002,181
CTGGACTCTTCATCGCAGAG_003,15
CTGGACTCTTCATCGCAGAG_004,69
CTGGACTCTTCATCGCAGAG_005,191
GGGCCCCCAGTAGAATCCGC_001,72
GGGCCCCCAGTAGAATCCGC_002,175
GGGCCCCCAGTAGAATCCGC_003,107
GGATCACAATGGAGAACACA_001,33
GGATCACAATGGAGAACACA_002,91
GGATCACAATGGAGAACACA_003,36
GGATCACAATGGAGAACACA_004,169
GGATCACAATGGAGAACACA_005,83
GGATCACAATGGAGAACACA_006,38
GGATCACAATGGAGAACACA_007,104
GGATCACAATGGAGAACACA_008,177
GGATGGTGTCCTGGTCGGCG_001,115
GGATGGTGTCCTGGTCGGCG_002,23
GGATGGTGTCCTGGTCGGCG_003,50
GGATGGTGTCCTGGTCGGCG_004,75
GGATGGTGTCCTGGTCGGCG_005,126
GGATGGTGTCCTGGTCGGCG_006,81
GGATGGTGTCCTGGTCGGCG_007,30
GGATGGTGTCCTGGTCGGCG_008,107
ATGATGTTGTCCTGAAGACG_001,80
ATGATGTTGTCCTGAAGACG_002,79
ATGATGTTGTCCTGAAGACG_003,104
ATGATGTTGTCCTGAAGACG_004,28
ATGATGTTGTCCTGAAGACG_005,130
ATGATGTTGTCCTGAAGACG_006,24
ATGATGTTGTCCTGAAGACG_007,162
ATGATGTTGTCCTGAAGACG_008,112
ATGATGTTGTCCTGAAGACG_009,181
ATGATGTTGTCCTGAAGACG_010,186
ATGATGTTGTCCTGAAGACG_011,114
ATGATGTTGTCCTGAAGACG_012,124
ATGATGTTGTCCTGAAGACG_013,101
ATGATGTTGTCCTGAAGACG_014,99
TCATGATTGGAATGACAAAG_001,78
TCATGATTGGAATGACAAAG_002,174
TCATGATTGGAATGACAAAG_003,113
TCATGATTGGAATGACAAAG_004,41
TCATGATTGGAATGACAAAG_005,21
ATTTCCCTACGGAGATATCC_001,16
ATTTCCCTACGGAGATATCC_002,169
ATTTCCCTACGGAGATATCC_003,162
ATTTCCCTACGGAGATATCC_004,12
ATTTCCCTACGGAGATATCC_005,144
ATTTCCCTACGGAGATATCC_006,40
ATTTCCCTACGGAGATATCC_007,36
ATTTCCCTACGGAGATATCC_008,71
ATTTCCCTACGGAGATATCC_009,130
ATTTCCCTACGGAGATATCC_010,173
ATTTCCCTACGGAGATATCC_011,19
ATTTCCCTACGGAGATATCC_012,1
ATTTCCCTACGGAGATATCC_013,184
ATTTCCCTACGGAGATATCC_014,112
ATTTCCCTACGGAGATATCC_015,121
GAGAACCGCAATGAGTTCGT_001,29
GAGAACCGCAATGAGTTCGT_002,33
GAGAACCGCAATGAGTTCGT_003,60
GAGAACCGCAATGAGTTCGT_004,8
GAGAACCGCAATGAGTTCGT_005,32
GAGAACCGCAATGAGTTCGT_006,102
GAGAACCGCAATGAGTTCGT_007,42
GAGAACCGCAATGAGTTCGT_008,123
GAGAACCGCAATGAGTTCGT_009,5
GAGAACCGCAATGAGTTCGT_010,150
GAGAACCGCAATGAGTTCGT_011,134
GAGAACCGCAATGAGTTCGT_012,177
GAGAACCGCAATGAGTTCGT_013,34
GAGAACCGCAATGAGTTCGT_014,6
GAGAACCGCAATGAGTTCGT_015,30
GAGAACCGCAATGAGTTCGT_016,3
GAGAACCGCAATGAGTTCGT_017,1
GAGAACCGCAATGAGTTCGT_018,46
GAGAACCGCAATGAGTTCGT_019,30
GAGAACCGCAATGAGTTCGT_020,61
GAGAACCGCAATGAGTTCGT_021,138
GAGAACCGCAATGAGTTCGT_022,68
GAGAACCGCAATGAGTTCGT_023,103
GAGAACCGCAATGAGTTCGT_024,196
GAGAACCGCAATGAGTTCGT_025,88
GAGAACCGCAATGAGTTCGT_026,197
CCGCAGGGTTGATCACACGC_001,126
CCGCAGGGTTGATCACACGC_002,163
CCGCAGGGTTGATCACACGC_003,58
CCGCAGGGTTGATCACACGC_004,83
CCGCAGGGTTGATCACACGC_005,70
CCGCAGGGTTGATCACACGC_006,149
CCGCAGGGTTGATCACACGC_007,41
CCGCAGGGTTGATCACACGC_008,81
CTCCCAGTCCAACTTGACCA_001,41
TCATTAGCAGGAGCATAATT_001,54
TCATTAGCAGGAGCATAATT_002,28
TCATTAGCAGGAGCATAATT_003,1
TCATTAGCAGGAGCATAATT_004,165
TCATTAGCAGGAGCATAATT_005,44
TCATTAGCAGGAGCATAATT_006,57
CTGGAGGCAGCAAGCCACAG_001,48
CTGGAGGCAGCAAGCCACAG_002,41
CTGGAGGCAGCAAGCCACAG_003,152
CTGGAGGCAGCAAGCCACAG_004,115
CTGGAGGCAGCAAGCCACAG_005,68
CTGGAGGCAGCAAGCCACAG_006,162
CTGGAGGCAGCAAGCCACAG_007,134
CTGGAGGCAGCAAGCCACAG_008,45
CTGGAGGCAGCAAGCCACAG_009,199
CTGGAGGCAGCAAGCCACAG_010,9
CTGGAGGCAGCAAGCCACAG_011,149
CTGGAGGCAGCAAGCCACAG_012,159
CTGGAGGCAGCAAGCCACAG_013,54
CTGGAGGCAGCAAGCCACAG_014,131
CTGGAGGCAGCAAGCCACAG_015,99
CTGGAGGCAGCAAGCCACAG_016,43
CTGGAGGCAGCAAGCCACAG_017,188
ACATACTGAACATTGAGGAA_001,16
ACATACTGAACATTGAGGAA_002,149
ACATACTGAACATTGAGGAA_003,33
ACATACTGAACATTGAGGAA_004,81
ACATACTGAACATTGAGGAA_005,56
ACATACTGAACATTGAGGAA_006,114
ACATACTGAACATTGAGGAA_007,94
ACATACTGAACATTGAGGAA_008,40
ACATACTGAACATTGAGGAA_009,56
ACATACTGAACATTGAGGAA_010,154
ACATACTGAACATTGAGGAA_011,150
ACATACTGAACATTGAGGAA_012,45
ACATACTGAACATTGAGGAA_013,157
AATACTATGGAAATGGCACG_001,172
CACTCACGGGCGATGCAGAT_001,181
CACTCACGGGCGATGCAGAT_002,199
CACTCACGGGCGATGCAGAT_003,105
CACTCACGGGCGATGCAGAT_004,105
CACTCACGGGCGATGCAGAT_005,43
CACTCACGGGCGATGCAGAT_006,195
CACTCACGGGCGATGCAGAT_007,147
CACTCACGGGCGATGCAGAT_008,199
CACTCACGGGCGATGCAGAT_009,62
CACTCACGGGCGATGCAGAT_010,26
CACTCACGGGCGATGCAGAT_011,183
CACTCACGGGCGATGCAGAT_012,60
CACTCACGGGCGATGCAGAT_013,185
CACTCACGGGCGATGCAGAT_014,160
CACTCACGGGCGATGCAGAT_015,127
CACTCACGGGCGATGCAGAT_016,75
CACTCACGGGCGATGCAGAT_017,11
CACTCACGGGCGATGCAGAT_018,134
CACTCACGGGCGATGCAGAT_019,198
CACTCACGGGCGATGCAGAT_020,192
TACATATGAACGAACCCTGA_001,22
TACATATGAACGAACCCTGA_002,174
TACATATGAACGAACCCTGA_003,33
TACATATGAACGAACCCTGA_004,3
GTATTCTGAATCCGTGAAGG_001,78
GTATTCTGAATCCGTGAAGG_002,15
GTATTCTGAATCCGTGAAGG_003,14
GTATTCTGAATCCGTGAAGG_004,162
GCCTGGGCTACGCACCAGAG_001,150
GCCTGGGCTACGCACCAGAG_002,158
GCCTGGGCTACGCACCAGAG_003,197
GCCTGGGCTACGCACCAGAG_004,47
GCCTGGGCTACGCACCAGAG_005,137
GCCTGGGCTACGCACCAGAG_006,34
GCCTGGGCTACGCACCAGAG_007,174
GCCTGGGCTACGCACCAGAG_008,102
GCCTGGGCTACGCACCAGAG_009,175
GCCTGGGCTACGCACCAGAG_010,15
GTCGTCAGAACACATCAACG_001,32
GTCGTCAGAACACATCAACG_002,90
GTCGTCAGAACACATCAACG_003,31
GTCGTCAGAACACATCAACG_004,68
GTCGTCAGAACACATCAACG_005,165
GTCGTCAGAACACATCAACG_006,168
GTCGTCAGAACACATCAACG_007,11
GTCGTCAGAACACATCAACG_008,101
GTCGTCAGAACACATCAACG_009,134
GTCGTCAGAACACATCAACG_010,38
GTCGTCAGAACACATCAACG_011,72
GTCGTCAGAACACATCAACG_012,148
TCCTGCATGGATGTTAATGA_001,130
TGGAGGGGCCGACGCCCTCG_001,63
TGGAGGGGCCGACGCCCTCG_002,23
TGGAGGGGCCGACGCCCTCG_003,136
TGGAGGGGCCGACGCCCTCG_004,141
TGGAGGGGCCGACGCCCTCG_005,52
TGGGGTGGTCAATGTCAAGA_001,127
TGGGGTGGTCAATGTCAAGA_002,146
TGGGGTGGTCAATGTCAAGA_003,107
TGGGGTGGTCAATGTCAAGA_004,35
TGGGGTGGTCAATGTCAAGA_005,116
TGGGGTGGTCAATGTCAAGA_006,163
TGGGGTGGTCAATGTCAAGA_007,92
TGGGGTGGTCAATGTCAAGA_008,119
TGGGGTGGTCAATGTCAAGA_009,181
TGGGGTGGTCAATGTCAAGA_010,175
TGGGGTGGTCAATGTCAAGA_011,191
TGGGGTGGTCAATGTCAAGA_012,168
TGGGGTGGTCAATGTCAAGA_013,135
TGGGGTGGTCAATGTCAAGA_014,152
TGGGGTGGTCAATGTCAAGA_015,118
TGGGGTGGTCAATGTCAAGA_016,105
TCTTTACCCCGATAGCTCGA_001,145
TCTTTACCCCGATAGCTCGA_002,106
TCTTTACCCCGATAGCTCGA_003,57
TGCATTTGAAACATCCGATG_001,188
TGCATTTGAAACATCCGATG_002,96
TGCATTTGAAACATCCGATG_003,135
TGCATTTGAAACATCCGATG_004,103
TGCATTTGAAACATCCGATG_005,3
TGCATTTGAAACATCCGATG_006,89
TGCATTTGAAACATCCGATG_007,174
AAACCTAGCTCCGAAATGGG_001,115
AAACCTAGCTCCGAAATGGG_002,32
CTCCACCGAGCAGTGCGGAT_001,56
CTCCACCGAGCAGTGCGGAT_002,52
CTCCACCGAGCAGTGCGGAT_003,66
CTCCACCGAGCAGTGCGGAT_004,5
CTCCACCGAGCAGTGCGGAT_005,127
CTCCACCGAGCAGTGCGGAT_006,48
CTCCACCGAGCAGTGCGGAT_007,134
CTCCACCGAGCAGTGCGGAT_008,166
CTCCACCGAGCAGTGCGGAT_009,160
CTCCACCGAGCAGTGCGGAT_010,108
CTCCACCGAGCAGTGCGGAT_011,168
CTCCACCGAGCAGTGCGGAT_012,180
CTCCACCGAGCAGTGCGGAT_013,104
CTCCACCGAGCAGTGCGGAT_014,138
CTCCACCGAGCAGTGCGGAT_015,102
CTCCACCGAGCAGTGCGGAT_016,82
GAGCCCAGGGAATCCGACTG_001,172
GAGCCCAGGGAATCCGACTG_002,137
GAGCCCAGGGAATCCGACTG_003,82
GAGCCCAGGGAATCCGACTG_004,115
GAGCCCAGGGAATCCGACTG_005,55
GAGCCCAGGGAATCCGACTG_006,53
GAGCCCAGGGAATCCGACTG_007,9
GAGCCCAGGGAATCCGACTG_008,195
GAGCCCAGGGAATCCGACTG_009,39
GAGCCCAGGGAATCCGACTG_010,1
GAGCCCAGGGAATCCGACTG_011,30
GAGCCCAGGGAATCCGACTG_012,92
GAGCCCAGGGAATCCGACTG_013,91
GAGCCCAGGGAATCCGACTG_014,144
GAGCCCAGGGAATCCGACTG_015,132
GAGCCCAGGGAATCCGACTG_016,94
GAGCCCAGGGAATCCGACTG_017,5
GAGCCCAGGGAATCCGACTG_018,67
GAGCCCAGGGAATCCGACTG_019,61
GAGCCCAGGGAATCCGACTG_020,35
CCAATCGGCTCAATACTGAG_001,70
CCAATCGGCTCAATACTGAG_002,161
CCAATCGGCTCAATACTGAG_003,105
CCAATCGGCTCAATACTGAG_004,19
CCAATCGGCTCAATACTGAG_005,29
CCAATCGGCTCAATACTGAG_006,76
CCAATCGGCTCAATACTGAG_007,50
CCAATCGGCTCAATACTGAG_008,149
CCAATCGGCTCAATACTGAG_009,144
CCAATCGGCTCAATACTGAG_010,153
CCAATCGGCTCAATACTGAG_011,96
CCAATCGGCTCAATACTGAG_012,115
CCAATCGGCTCAATACTGAG_013,56
CCAATCGGCTCAATACTGAG_014,98
CCGGCTCTATGCCAACTGCG_001,105
CCGGCTCTATGCCAACTGCG_002,75
CCGGCTCTATGCCAACTGCG_003,130
CCGGCTCTATGCCAACTGCG_004,13
GTGGTGGCGCCACTAGGCGC_001,53
GTGGTGGCGCCACTAGGCGC_002,41
GTGGTGGCGCCACTAGGCGC_003,193
GTGGTGGCGCCACTAGGCGC_004,170
TCATTTCCTCAATGTTCAGG_001,18
TCATTTCCTCAATGTTCAGG_002,80
TCATCATAGTCTGAATGATG_001,20
TCATCATAGTCTGAATGATG_002,16
TCATCATAGTCTGAATGATG_003,68
TCATCATAGTCTGAATGATG_004,37
TCATCATAGTCTGAATGATG_005,78
GTTCCGCTGGCTGCTCAGCA_001,127
GTTCCGCTGGCTGCTCAGCA_002,156
GTTCCGCTGGCTGCTCAGCA_003,170
GTTCCGCTGGCTGCTCAGCA_004,15
GTTCCGCTGGCTGCTCAGCA_005,31
GTTCCGCTGGCTGCTCAGCA_006,58
GTTCCGCTGGCTGCTCAGCA_007,70
GTTCCGCTGGCTGCTCAGCA_008,185
GTTCCGCTGGCTGCTCAGCA_009,166
GTTCCGCTGGCTGCTCAGCA_010,98
GTTCCGCTGGCTGCTCAGCA_011,52
CAAATGGATGTAAACATGCT_001,149
TGAAGGGCACATTCATGCCG_001,21
TGAAGGGCACATTCATGCCG_002,81
TGAAGGGCACATTCATGCCG_003,141
TGAAGGGCACATTCATGCCG_004,25
TGAAGGGCACATTCATGCCG_005,140
TGAAGGGCACATTCATGCCG_006,35
TGAAGGGCACATTCATGCCG_007,69
TGAAGGGCACATTCATGCCG_008,38
AAGACATCACCAATTTGATA_001,25
AAGACATCACCAATTTGATA_002,10
AAGACATCACCAATTTGATA_003,105
AAGACATCACCAATTTGATA_004,156
AAGACATCACCAATTTGATA_005,119
AAGACATCACCAATTTGATA_006,147
AAGACATCACCAATTTGATA_007,78
AAGACATCACCAATTTGATA_008,94
AAGACATCACCAATTTGATA_009,6
ACCCATCAGGTACACGTGTG_001,2
ACCCATCAGGTACACGTGTG_002,1
ACCCATCAGGTACACGTGTG_003,19
ACCCATCAGGTACACGTGTG_004,144
ACCCATCAGGTACACGTGTG_005,42
ACCCATCAGGTACACGTGTG_006,145
ACCCATCAGGTACACGTGTG_007,169
ACCCATCAGGTACACGTGTG_008,169
ACCCATCAGGTACACGTGTG_009,35
ACCCATCAGGTACACGTGTG_010,183
ACCCATCAGGTACACGTGTG_011,130
ACCCATCAGGTACACGTGTG_012,155
ACCCATCAGGTACACGTGTG_013,190
ACCCATCAGGTACACGTGTG_014,126
ACCCATCAGGTACACGTGTG_015,110
ACCCATCAGGTACACGTGTG_016,29
ACCCATCAGGTACACGTGTG_017,163
ACCCATCAGGTACACGTGTG_018,172
ACCCATCAGGTACACGTGTG_019,34
ACCCATCAGGTACACGTGTG_020,89
GTGGTGTAGTAAGAACACTG_001,60
GTGGTGTAGTAAGAACACTG_002,169
GTGGTGTAGTAAGAACACTG_003,138
GTGGTGTAGTAAGAACACTG_004,1
GTGGTGTAGTAAGAACACTG_005,59
GTGGTGTAGTAAGAACACTG_006,107
GTGGTGTAGTAAGAACACTG_007,169
GTGGTGTAGTAAGAACACTG_008,5
GTGGTGTAGTAAGAACACTG_009,122
GGAGGTCCTGCGGAACAGCA_001,49
GGAGGTCCTGCGGAACAGCA_002,104
GGAGGTCCTGCGGAACAGCA_003,177
GGAGGTCCTGCGGAACAGCA_004,29
GGAGGTCCTGCGGAACAGCA_005,8
GGAGGTCCTGCGGAACAGCA_006,177
GGAGGTCCTGCGGAACAGCA_007,165
GGAGGTCCTGCGGAACAGCA_008,174
GGAGGTCCTGCGGAACAGCA_009,115
GGAGGTCCTGCGGAACAGCA_010,44
GGAGGTCCTGCGGAACAGCA_011,178
GGAGGTCCTGCGGAACAGCA_012,111
GGAGGTCCTGCGGAACAGCA_013,105
GGAGGTCCTGCGGAACAGCA_014,166
GGAGGTCCTGCGGAACAGCA_015,137
GGAGGTCCTGCGGAACAGCA_016,88
GGAGGTCCTGCGGAACAGCA_017,171
GGAGGTCCTGCGGAACAGCA_018,194
GGAGGTCCTGCGGAACAGCA_019,104
GGAGGTCCTGCGGAACAGCA_020,161
GGAGGTCCTGCGGAACAGCA_021,33
GGAGGTCCTGCGGAACAGCA_022,8
GGAGGTCCTGCGGAACAGCA_023,157
GGAGGTCCTGCGGAACAGCA_024,83
GGAGGTCCTGCGGAACAGCA_025,50
GGAGGTCCTGCGGAACAGCA_026,168
GGAGGTCCTGCGGAACAGCA_027,166
GGAGGTCCTGCGGAACAGCA_028,25
GGAGGTCCTGCGGAACAGCA_029,197
GGAGGTCCTGCGGAACAGCA_030,169
GGAGGTCCTGCGGAACAGCA_031,104
GGAGGTCCTGCGGAACAGCA_032,67
GGAGGTCCTGCGGAACAGCA_033,121
GGAGGTCCTGCGGAACAGCA_034,62
GGAGGTCCTGCGGAACAGCA_035,105
GGAGGTCCTGCGGAACAGCA_036,48
GGAGGTCCTGCGGAACAGCA_037,106
GGAGGTCCTGCGGAACAGCA_038,184
GGAGGTCCTGCGGAACAGCA_039,40
GGAGGTCCTGCGGAACAGCA_040,30
TGAACTAATGGTTAAACGTG_001,11
TGAACTAATGGTTAAACGTG_002,84
TGAACTAATGGTTAAACGTG_003,184
TGAACTAATGGTTAAACGTG_004,2
TGAACTAATGGTTAAACGTG_005,15
TGAACTAATGGTTAAACGTG_006,159
TACAATCTATTACTCACCTG_001,144
ATCTGCTCAGGGATCCCCCG_001,77
ATCTGCTCAGGGATCCCCCG_002,166
ATCTGCTCAGGGATCCCCCG_003,25
ATCTGCTCAGGGATCCCCCG_004,198
ATCTGCTCAGGGATCCCCCG_005,177
ATCTGCTCAGGGATCCCCCG_006,104
ATCTGCTCAGGGATCCCCCG_007,12
ATCTGCTCAGGGATCCCCCG_008,181
ATCTGCTCAGGGATCCCCCG_009,48
ATCTGCTCAGGGATCCCCCG_010,47
ATCTGCTCAGGGATCCCCCG_011,80
ATCTGCTCAGGGATCCCCCG_012,24
ATCTGCTCAGGGATCCCCCG_013,127
ATCTGCTCAGGGATCCCCCG_014,96
ATCTGCTCAGGGATCCCCCG_015,69
ATCTGCTCAGGGATCCCCCG_016,121
ATCTGCTCAGGGATCCCCCG_017,166
ATCTGCTCAGGGATCCCCCG_018,166
ATCTGCTCAGGGATCCCCCG_019,26
ATCTGCTCAGGGATCCCCCG_020,148
ATCTGCTCAGGGATCCCCCG_021,77
GCTAGCGCTTCACCAGAGCG_001,181
GCTAGCGCTTCACCAGAGCG_002,114
GCTAGCGCTTCACCAGAGCG_003,30
GCTAGCGCTTCACCAGAGCG_004,77
GCTAGCGCTTCACCAGAGCG_005,144
ACTGTCGCTGTTTACCAACG_001,84
ACTGTCGCTGTTTACCAACG_002,32
ACTGTCGCTGTTTACCAACG_003,105
ACTGTCGCTGTTTACCAACG_004,3
ACTGTCGCTGTTTACCAACG_005,182
ACTGTCGCTGTTTACCAACG_006,76
ACTGTCGCTGTTTACCAACG_007,121
ACTGTCGCTGTTTACCAACG_008,63
ACTGTCGCTGTTTACCAACG_009,50
ACTGTCGCTGTTTACCAACG_010,57
ACTGTCGCTGTTTACCAACG_011,106
ACTGTCGCTGTTTACCAACG_012,177
ACTGTCGCTGTTTACCAACG_013,168
ACTGTCGCTGTTTACCAACG_014,152
ACTGTCGCTGTTTACCAACG_015,90
ACTGAAGTCACTCGCACTGG_001,60
ACTGAAGTCACTCGCACTGG_002,54
ACTGAAGTCACTCGCACTGG_003,32
ACTGAAGTCACTCGCACTGG_004,119
ACTGAAGTCACTCGCACTGG_005,98
ACTGAAGTCACTCGCACTGG_006,172
ACTGAAGTCACTCGCACTGG_007,43
GTGATCATCGAGCGCTACAA_001,123
GTGATCATCGAGCGCTACAA_002,95
GTGATCATCGAGCGCTACAA_003,179
GTGATCATCGAGCGCTACAA_004,90
GTGATCATCGAGCGCTACAA_005,130
GTGCTGCGGAAGGACCCGTA_001,105
GTGCTGCGGAAGGACCCGTA_002,129
GTGCTGCGGAAGGACCCGTA_003,84
GTGCTGCGGAAGGACCCGTA_004,5
GTGCTGCGGAAGGACCCGTA_005,68
GTGCTGCGGAAGGACCCGTA_006,59
GTGCTGCGGAAGGACCCGTA_007,72
GTGCTGCGGAAGGACCCGTA_008,115
GTGCTGCGGAAGGACCCGTA_009,138
GTGCTGCGGAAGGACCCGTA_010,15
GTGCTGCGGAAGGACCCGTA_011,96
GTGCTGCGGAAGGACCCGTA_012,26
GTGCTGCGGAAGGACCCGTA_013,47
TCGCAGGGAGGCTGTGATGG_001,128
TCGCAGGGAGGCTGTGATGG_002,86
TCGCAGGGAGGCTGTGATGG_003,162
TCGCAGGGAGGCTGTGATGG_004,35
TCGCAGGGAGGCTGTGATGG_005,89
TCGCAGGGAGGCTGTGATGG_006,188
TCGCAGGGAGGCTGTGATGG_007,155
ATAACAGGTCATCTCTTGAG_001,103
GGGGCATGATGCAATTCCTG_001,176
GGGGCATGATGCAATTCCTG_002,58
GGGGCATGATGCAATTCCTG_003,104
CTAAATACAGGTTACTACAC_001,47
CTAAATACAGGTTACTACAC_002,1
AGAATAAGGTGAAAGTCCAG_001,9
AGAATAAGGTGAAAGTCCAG_002,118
AGAATAAGGTGAAAGTCCAG_003,1
AGAATAAGGTGAAAGTCCAG_004,177
AGAATAAGGTGAAAGTCCAG_005,8
AGAATAAGGTGAAAGTCCAG_006,125
AGAATAAGGTGAAAGTCCAG_007,69
AGAATAAGGTGAAAGTCCAG_008,48
AGAATAAGGTGAAAGTCCAG_009,43
AGAATAAGGTGAAAGTCCAG_010,124
AGAATAAGGTGAAAGTCCAG_011,106
AGAATAAGGTGAAAGTCCAG_012,130
GCAAGCAGCTGGGATACCAG_001,58
GCAAGCAGCTGGGATACCAG_002,158
GCAAGCAGCTGGGATACCAG_003,120
GCAAGCAGCTGGGATACCAG_004,182
GCAAGCAGCTGGGATACCAG_005,114
GCAAGCAGCTGGGATACCAG_006,114
GCAAGCAGCTGGGATACCAG_007,174
GCAAGCAGCTGGGATACCAG_008,34
GCAAGCAGCTGGGATACCAG_009,115
GCAAGCAGCTGGGATACCAG_010,41
GCAAGCAGCTGGGATACCAG_011,106
GCAAGCAGCTGGGATACCAG_012,48
GGCTGCCACCAAGCACTCCA_001,115
GGCTGCCACCAAGCACTCCA_002,127
GGCTGCCACCAAGCACTCCA_003,63
GGCTGCCACCAAGCACTCCA_004,78
GGCTGCCACCAAGCACTCCA_005,9
GGCTGCCACCAAGCACTCCA_006,29
GGCTGCCACCAAGCACTCCA_007,162
GGCTGCCACCAAGCACTCCA_008,104
GGCTGCCACCAAGCACTCCA_009,41
GGCTGCCACCAAGCACTCCA_010,188
GGCTGCCACCAAGCACTCCA_011,74
GGCTGCCACCAAGCACTCCA_012,158
GGCTGCCACCAAGCACTCCA_013,77
GGCTGCCACCAAGCACTCCA_014,33
GGCTGCCACCAAGCACTCCA_015,103
GGCTGCCACCAAGCACTCCA_016,149
GGCTGCCACCAAGCACTCCA_017,69
GGCTGCCACCAAGCACTCCA_018,76
GGCTGCCACCAAGCACTCCA_019,199
GGCTGCCACCAAGCACTCCA_020,52
GGCTGCCACCAAGCACTCCA_021,134
GGCTGCCACCAAGCACTCCA_022,107
GGCTGCCACCAAGCACTCCA_023,134
GGCTGCCACCAAGCACTCCA_024,8
GGCTGCCACCAAGCACTCCA_025,107
GGCTGCCACCAAGCACTCCA_026,107
GGCTGCCACCAAGCACTCCA_027,125
GGCTGCCACCAAGCACTCCA_028,158
GGCTGCCACCAAGCACTCCA_029,128
GGCTGCCACCAAGCACTCCA_030,146
GGCTGCCACCAAGCACTCCA_031,29
GGCTGCCACCAAGCACTCCA_032,104
GGCTGCCACCAAGCACTCCA_033,147
GGCTGCCACCAAGCACTCCA_034,138
GGCTGCCACCAAGCACTCCA_035,105
GGCTGCCACCAAGCACTCCA_036,138
GGCTGCCACCAAGCACTCCA_037,98
GGCTGCCACCAAGCACTCCA_038,152
GGCTGCCACCAAGCACTCCA_039,146
GGCTGCCACCAAGCACTCCA_040,82
GGGCACTCTCAACAGCATAG_001,174
GGGCACTCTCAACAGCATAG_002,2
GGGCACTCTCAACAGCATAG_003,147
GGGCACTCTCAACAGCATAG_004,29
TCCCATACTCCAGACTGCTG_001,92
TCCCATACTCCAGACTGCTG_002,70
TCCCATACTCCAGACTGCTG_003,61
TCCCATACTCCAGACTGCTG_004,43
TCCCATACTCCAGACTGCTG_005,72
TGGGGGGTAAAGATTGCCCC_001,83
AAGGAAAGCTCTTCGTGGGA_001,198
ATTGTTTGAGTTTGTACGGG_001,49
ATTGTTTGAGTTTGTACGGG_002,88
ATTGTTTGAGTTTGTACGGG_003,77
ATTGTTTGAGTTTGTACGGG_004,121
ATTGTTTGAGTTTGTACGGG_005,68
GATCCCCCCCGAGTTCAGAG_001,191
GATCCCCCCCGAGTTCAGAG_002,94
GATCCCCCCCGAGTTCAGAG_003,149
GATCCCCCCCGAGTTCAGAG_004,22
GATCCCCCCCGAGTTCAGAG_005,181
GATCCCCCCCGAGTTCAGAG_006,36
GATCCCCCCCGAGTTCAGAG_007,136
GATCCCCCCCGAGTTCAGAG_008,31
GATCCCCCCCGAGTTCAGAG_009,122
GATCCCCCCCGAGTTCAGAG_010,1
GATCCCCCCCGAGTTCAGAG_011,169
GATCCCCCCCGAGTTCAGAG_012,112
GATCCCCCCCGAGTTCAGAG_013,46
GATCCCCCCCGAGTTCAGAG_014,49
GATCCCCCCCGAGTTCAGAG_015,81
GATCCCCCCCGAGTTCAGAG_016,150
GATCCCCCCCGAGTTCAGAG_017,58
GATCCCCCCCGAGTTCAGAG_018,73
GATCCCCCCCGAGTTCAGAG_019,103
GATCCCCCCCGAGTTCAGAG_020,70
GATCCCCCCCGAGTTCAGAG_021,170
GATCCCCCCCGAGTTCAGAG_022,160
GATCCCCCCCGAGTTCAGAG_023,156
GAAGGAATCATTCACACCAT_001,54
GAAGGAATCATTCACACCAT_002,21
GAAGGAATCATTCACACCAT_003,195
GAAGGAATCATTCACACCAT_004,78
GAAGGAATCATTCACACCAT_005,188
TCAGATTCAGAGTCCCCACG_001,130
TCAGATTCAGAGTCCCCACG_002,150
TCAGATTCAGAGTCCCCACG_003,52
GTGCCGTCGTCATTGCACTC_001,169
GTGCCGTCGTCATTGCACTC_002,37
GTGCCGTCGTCATTGCACTC_003,15
GTGCCGTCGTCATTGCACTC_004,151
GTGCCGTCGTCATTGCACTC_005,16
GTGCCGTCGTCATTGCACTC_006,83
GTGCCGTCGTCATTGCACTC_007,177
GTGCCGTCGTCATTGCACTC_008,175
GTGCCGTCGTCATTGCACTC_009,175
GTGCCGTCGTCATTGCACTC_010,161
GTGCCGTCGTCATTGCACTC_011,30
GTGCCGTCGTCATTGCACTC_012,67
GTGCCGTCGTCATTGCACTC_013,158
GTGCCGTCGTCATTGCACTC_014,60
GTGCCGTCGTCATTGCACTC_015,176
GTGCCGTCGTCATTGCACTC_016,177
GTGCCGTCGTCATTGCACTC_017,141
GTGCCGTCGTCATTGCACTC_018,65
GTGCCGTCGTCATTGCACTC_019,18
GTGCCGTCGTCATTGCACTC_020,91
GTGCCGTCGTCATTGCACTC_021,150
GTGCCGTCGTCATTGCACTC_022,19
GTGCCGTCGTCATTGCACTC_023,63
GTGCCGTCGTCATTGCACTC_024,81
GTGCCGTCGTCATTGCACTC_025,130
GTGCCGTCGTCATTGCACTC_026,11
GTGCCGTCGTCATTGCACTC_027,19
GTGCCGTCGTCATTGCACTC_028,9
GTGCCGTCGTCATTGCACTC_029,63
GTGCCGTCGTCATTGCACTC_030,187
GTGCCGTCGTCATTGCACTC_031,161
GCTGCATGAACTCGAAGGCG_001,178
GCTGCATGAACTCGAAGGCG_002,108
GCTGCATGAACTCGAAGGCG_003,159
GCTGCATGAACTCGAAGGCG_004,163
GCTGCATGAACTCGAAGGCG_005,5
GCTGCATGAACTCGAAGGCG_006,84
GCTGCATGAACTCGAAGGCG_007,31
GCTGCATGAACTCGAAGGCG_008,151
GCTGCATGAACTCGAAGGCG_009,130
GCTGCATGAACTCGAAGGCG_010,63
ATTTGCTCGTCAATACAGGG_001,85
ATTTGCTCGTCAATACAGGG_002,145
ATTTGCTCGTCAATACAGGG_003,14
ATTTGCTCGTCAATACAGGG_004,54
ATTTGCTCGTCAATACAGGG_005,177
ATTTGCTCGTCAATACAGGG_006,147
ATTTGCTCGTCAATACAGGG_007,88
ATTTGCTCGTCAATACAGGG_008,145
ATTTGCTCGTCAATACAGGG_009,76
ATTTGCTCGTCAATACAGGG_010,94
ATTTGCTCGTCAATACAGGG_011,94
ATTTGCTCGTCAATACAGGG_012,134
ATTTGCTCGTCAATACAGGG_013,30
ATTTGCTCGTCAATACAGGG_014,163
ATTTGCTCGTCAATACAGGG_015,41
ATTTGCTCGTCAATACAGGG_016,199
ATTTGCTCGTCAATACAGGG_017,50
ATTTGCTCGTCAATACAGGG_018,174
ATTTGCTCGTCAATACAGGG_019,74
ATTTGCTCGTCAATACAGGG_020,8
ATTTGCTCGTCAATACAGGG_021,191
ATTTGCTCGTCAATACAGGG_022,81
CATCAACGACCACTCCATTG_001,157
CATCAACGACCACTCCATTG_002,134
CATCAACGACCACTCCATTG_003,156
CATCAACGACCACTCCATTG_004,126
CATCAACGACCACTCCATTG_005,42
CATCAACGACCACTCCATTG_006,142
CATCAACGACCACTCCATTG_007,68
AATGAAGCACTTCTTGCGAA_001,136
AATGAAGCACTTCTTGCGAA_002,88
AATGAAGCACTTCTTGCGAA_003,115
AATGAAGCACTTCTTGCGAA_004,119
AATGAAGCACTTCTTGCGAA_005,33
AATGAAGCACTTCTTGCGAA_006,169
AATGAAGCACTTCTTGCGAA_007,180
AATGAAGCACTTCTTGCGAA_008,8
AACAATGGCAAGTTCTACGT_001,1
AACAATGGCAAGTTCTACGT_002,163
AACAATGGCAAGTTCTACGT_003,70
AACAATGGCAAGTTCTACGT_004,185
AACAATGGCAAGTTCTACGT_005,117
AACAATGGCAAGTTCTACGT_006,184
AACAATGGCAAGTTCTACGT_007,102
AACAATGGCAAGTTCTACGT_008,198
AACAATGGCAAGTTCTACGT_009,102
CGAGTGTGCAAGAACGACGT_001,9
CGAGTGTGCAAGAACGACGT_002,100
CGAGTGTGCAAGAACGACGT_003,102
CGAGTGTGCAAGAACGACGT_004,41
GAAGGAATACAGGATCGGAG_001,102
GAAGGAATACAGGATCGGAG_002,26
GAAGGAATACAGGATCGGAG_003,175
GAAGGAATACAGGATCGGAG_004,149
GAAGGAATACAGGATCGGAG_005,48
GAAGGAATACAGGATCGGAG_006,72
GAAGGAATACAGGATCGGAG_007,48
GGAGACCACGCGTCTAACCA_001,125
GGAGACCACGCGTCTAACCA_002,178
GGAGACCACGCGTCTAACCA_003,35
GGAGACCACGCGTCTAACCA_004,86
GGAGACCACGCGTCTAACCA_005,53
GGAGACCACGCGTCTAACCA_006,163
GGAGACCACGCGTCTAACCA_007,130
GGAGACCACGCGTCTAACCA_008,1
GGAGACCACGCGTCTAACCA_009,81
GGAGACCACGCGTCTAACCA_010,124
GGAGACCACGCGTCTAACCA_011,197
TCAGCCAACACTGAGAGCCG_001,61
TCAGCCAACACTGAGAGCCG_002,58
TCAGCCAACACTGAGAGCCG_003,82
TCAGCCAACACTGAGAGCCG_004,90
TCAGCCAACACTGAGAGCCG_005,39
TCAGCCAACACTGAGAGCCG_006,172
TGACATTAACCATTATACCA_001,16
TGACATTAACCATTATACCA_002,174
TGATGGTTGGTGGATAGCTA_001,8
TGATGGTTGGTGGATAGCTA_002,82
TGATGGTTGGTGGATAGCTA_003,62
TGATGGTTGGTGGATAGCTA_004,17
TGATGGTTGGTGGATAGCTA_005,67
TGATGGTTGGTGGATAGCTA_006,153
TGATGGTTGGTGGATAGCTA_007,118
TGATGGTTGGTGGATAGCTA_008,77
TGATGGTTGGTGGATAGCTA_009,1
TGATGGTTGGTGGATAGCTA_010,70
TGATGGTTGGTGGATAGCTA_011,176
TTCCGGCACCCTTCAAACTG_001,178
TTCCGGCACCCTTCAAACTG_002,19
TTCCGGCACCCTTCAAACTG_003,78
TTCCGGCACCCTTCAAACTG_004,199
TTCCGGCACCCTTCAAACTG_005,60
TTCCGGCACCCTTCAAACTG_006,183
TTCCGGCACCCTTCAAACTG_007,150
TTCCGGCACCCTTCAAACTG_008,82
TTCCGGCACCCTTCAAACTG_009,160
TTCCGGCACCCTTCAAACTG_010,188
TTCCGGCACCCTTCAAACTG_011,50
TTCCGGCACCCTTCAAACTG_012,138
TTCCGGCACCCTTCAAACTG_013,13
TTCCGGCACCCTTCAAACTG_014,17
TTCCGGCACCCTTCAAACTG_015,150
TTCCGGCACCCTTCAAACTG_016,158
TTCCGGCACCCTTCAAACTG_017,163
TTCCGGCACCCTTCAAACTG_018,8
TTCCGGCACCCTTCAAACTG_019,75
TTCCGGCACCCTTCAAACTG_020,52
TTCCGGCACCCTTCAAACTG_021,112
TTCCGGCACCCTTCAAACTG_022,183
TTCCGGCACCCTTCAAACTG_023,132
TTCCGGCACCCTTCAAACTG_024,34
TTCCGGCACCCTTCAAACTG_025,92
TTCCGGCACCCTTCAAACTG_026,68
TTCCGGCACCCTTCAAACTG_027,70
TTCCGGCACCCTTCAAACTG_028,102
TTCCGGCACCCTTCAAACTG_029,170
TTCCGGCACCCTTCAAACTG_030,27
TTCCGGCACCCTTCAAACTG_031,22
TTCCGGCACCCTTCAAACTG_032,137
CGAGTGCAAGACGCGCACCG_001,76
CGAGTGCAAGACGCGCACCG_002,37
CGAGTGCAAGACGCGCACCG_003,42
CGAGTGCAAGACGCGCACCG_004,116
CGAGTGCAAGACGCGCACCG_005,48
CGAGTGCAAGACGCGCACCG_006,49
CGAGTGCAAGACGCGCACCG_007,29
CGAGTGCAAGACGCGCACCG_008,68
CGAGTGCAAGACGCGCACCG_009,77
CGAGTGCAAGACGCGCACCG_010,78
CGAGTGCAAGACGCGCACCG_011,62
CGAGTGCAAGACGCGCACCG_012,184
CGAGTGCAAGACGCGCACCG_013,170
CGAGTGCAAGACGCGCACCG_014,6
CGAGTGCAAGACGCGCACCG_015,3
ATCATGAGCAAACGATACGA_001,167
ATCATGAGCAAACGATACGA_002,58
ACCATCCTTAGATCTACACC_001,23
ACCATCCTTAGATCTACACC_002,9
ACCATCCTTAGATCTACACC_003,28
ACCATCCTTAGATCTACACC_004,127
ACCATCCTTAGATCTACACC_005,51
ACCATCCTTAGATCTACACC_006,1
ACCATCCTTAGATCTACACC_007,78
ACCATCCTTAGATCTACACC_008,186
ACCATCCTTAGATCTACACC_009,34
ACCATCCTTAGATCTACACC_010,168
ACCATCCTTAGATCTACACC_011,60
ACCATCCTTAGATCTACACC_012,19
ACCATCCTTAGATCTACACC_013,58
ACCATCCTTAGATCTACACC_014,16
ACCATCCTTAGATCTACACC_015,155
CTCCACCACAGGCCAAAACA_001,160
CTCCACCACAGGCCAAAACA_002,118
CTCCACCACAGGCCAAAACA_003,38
CTCCACCACAGGCCAAAACA_004,30
CTCCACCACAGGCCAAAACA_005,130
CCGCGCTGGAAAGGAACGCC_001,162
CCGCGCTGGAAAGGAACGCC_002,47
CCGCGCTGGAAAGGAACGCC_003,193
CCGCGCTGGAAAGGAACGCC_004,25
CCGCGCTGGAAAGGAACGCC_005,16
CCGCGCTGGAAAGGAACGCC_006,141
CCGCGCTGGAAAGGAACGCC_007,146
CCGCGCTGGAAAGGAACGCC_008,2
CCGCGCTGGAAAGGAACGCC_009,82
CCGCGCTGGAAAGGAACGCC_010,94
CCGCGCTGGAAAGGAACGCC_011,169
CCGCGCTGGAAAGGAACGCC_012,98
CCGCGCTGGAAAGGAACGCC_013,98
CCGCGCTGGAAAGGAACGCC_014,184
CCGCGCTGGAAAGGAACGCC_015,56
AGAGCACACGGCGTTCGACA_001,118
GAACGGGTAGGTACACCAGT_001,120
GAACGGGTAGGTACACCAGT_002,168
GAACGGGTAGGTACACCAGT_003,43
CCTTACCTTGAAGCCTAACT_001,0
CCTTACCTTGAAGCCTAACT_002,123
CCTTACCTTGAAGCCTAACT_003,79
CCTTACCTTGAAGCCTAACT_004,179
CCTTACCTTGAAGCCTAACT_005,193
CCTTACCTTGAAGCCTAACT_006,58
CCTTACCTTGAAGCCTAACT_007,168
TGGGCTGGGATGACGAACTG_001,87
TGGGCTGGGATGACGAACTG_002,87
TGGGCTGGGATGACGAACTG_003,141
TGGGCTGGGATGACGAACTG_004,191
TGGGCTGGGATGACGAACTG_005,199
TGGGCTGGGATGACGAACTG_006,185
TGGGCTGGGATGACGAACTG_007,28
AGTGCCACTCGCAGGAGCCG_001,172
AGTGCCACTCGCAGGAGCCG_002,118
AGTGCCACTCGCAGGAGCCG_003,5
AGTGCCACTCGCAGGAGCCG_004,102
AGTGCCACTCGCAGGAGCCG_005,63
AGTGCCACTCGCAGGAGCCG_006,184
AGTGCCACTCGCAGGAGCCG_007,105
AGTGCCACTCGCAGGAGCCG_008,2
AGTGCCACTCGCAGGAGCCG_009,138
AGTGCCACTCGCAGGAGCCG_010,175
AGTGCCACTCGCAGGAGCCG_011,89
AGTGCCACTCGCAGGAGCCG_012,103
CCTACTTCTATTAACGAATG_001,85
CCTACTTCTATTAACGAATG_002,27
CCTACTTCTATTAACGAATG_003,116
TTCAGACAAGGTTCAACCGA_001,15
TTCAGACAAGGTTCAACCGA_002,181
TTCAGACAAGGTTCAACCGA_003,162
TTCAGACAAGGTTCAACCGA_004,147
TTTGATAACAACTACCATGG_001,85
TTTGATAACAACTACCATGG_002,12
TTTGATAACAACTACCATGG_003,116
TTTGATAACAACTACCATGG_004,174
CTTCATAGCGGCGACGCTGG_001,27
CTTCATAGCGGCGACGCTGG_002,43
GTGAACTTGTTCGCCAACGA_001,53
GTGAACTTGTTCGCCAACGA_002,162
GTGAACTTGTTCGCCAACGA_003,156
GTGAACTTGTTCGCCAACGA_004,127
GTGAACTTGTTCGCCAACGA_005,1
GTGAACTTGTTCGCCAACGA_006,35
GTGAACTTGTTCGCCAACGA_007,40
GTGAACTTGTTCGCCAACGA_008,58
GTGAACTTGTTCGCCAACGA_009,84
GTGAACTTGTTCGCCAACGA_010,143
GTGAACTTGTTCGCCAACGA_011,192
GTGAACTTGTTCGCCAACGA_012,134
GTGAACTTGTTCGCCAACGA_013,70
GTGAACTTGTTCGCCAACGA_014,21
GTGAACTTGTTCGCCAACGA_015,107
GTGAACTTGTTCGCCAACGA_016,152
GTGAACTTGTTCGCCAACGA_017,3
GTGAACTTGTTCGCCAACGA_018,198
GTGAACTTGTTCGCCAACGA_019,74
GTGAACTTGTTCGCCAACGA_020,70
GTGAACTTGTTCGCCAACGA_021,193
GTGAACTTGTTCGCCAACGA_022,42
TCATCAGCGATACCAGAGGG_001,33
TCATCAGCGATACCAGAGGG_002,177
TCATCAGCGATACCAGAGGG_003,183
TCATCAGCGATACCAGAGGG_004,99
TCATCAGCGATACCAGAGGG_005,103
TCATCAGCGATACCAGAGGG_006,175
TCATCAGCGATACCAGAGGG_007,199
TCATCAGCGATACCAGAGGG_008,115
TCATCAGCGATACCAGAGGG_009,13
TCATCAGCGATACCAGAGGG_010,115
TCCCTAGGACTAGTGCCCAT_001,169
TCCCTAGGACTAGTGCCCAT_002,139
TCCCTAGGACTAGTGCCCAT_003,154
TCCCTAGGACTAGTGCCCAT_004,27
TCCCTAGGACTAGTGCCCAT_005,43
TCCCTAGGACTAGTGCCCAT_006,113
TCCCTAGGACTAGTGCCCAT_007,41
TCCCTAGGACTAGTGCCCAT_008,45
TCCCTAGGACTAGTGCCCAT_009,3
TCCCTAGGACTAGTGCCCAT_010,39
TCCCTAGGACTAGTGCCCAT_011,4
TCCCTAGGACTAGTGCCCAT_012,160
TCCCTAGGACTAGTGCCCAT_013,66
TCCCTAGGACTAGTGCCCAT_014,178
TCCCTAGGACTAGTGCCCAT_015,182
TCCCTAGGACTAGTGCCCAT_016,147
ACTCACCAAAATCGGGAGTG_001,105
ACTCACCAAAATCGGGAGTG_002,49
ACTCACCAAAATCGGGAGTG_003,29
ACTCACCAAAATCGGGAGTG_004,114
ACTCACCAAAATCGGGAGTG_005,76
ACTCACCAAAATCGGGAGTG_006,106
ACTCACCAAAATCGGGAGTG_007,37
ACTCACCAAAATCGGGAGTG_008,170
ACTCACCAAAATCGGGAGTG_009,150
ACTCACCAAAATCGGGAGTG_010,173
ACTCACCAAAATCGGGAGTG_011,159
ACTCACCAAAATCGGGAGTG_012,146
ACTCACCAAAATCGGGAGTG_013,17
ACTCACCAAAATCGGGAGTG_014,144
ACTCACCAAAATCGGGAGTG_015,141
ACTCACCAAAATCGGGAGTG_016,140
ACTCACCAAAATCGGGAGTG_017,88
ACTCACCAAAATCGGGAGTG_018,116
ACTCACCAAAATCGGGAGTG_019,192
ACTCACCAAAATCGGGAGTG_020,101
ACTCACCAAAATCGGGAGTG_021,174
ACTCACCAAAATCGGGAGTG_022,3
ACTCACCAAAATCGGGAGTG_023,61
ACTCACCAAAATCGGGAGTG_024,175
ACTCACCAAAATCGGGAGTG_025,94
ACTCACCAAAATCGGGAGTG_026,116
ACTCACCAAAATCGGGAGTG_027,129
ACTCACCAAAATCGGGAGTG_028,113
ACTCACCAAAATCGGGAGTG_029,169
ACTCACCAAAATCGGGAGTG_030,68
ACTCACCAAAATCGGGAGTG_031,28
ACTCACCAAAATCGGGAGTG_032,158
ACTCACCAAAATCGGGAGTG_033,176
ACTCACCAAAATCGGGAGTG_034,121
ACTCACCAAAATCGGGAGTG_035,151
ACTCACCAAAATCGGGAGTG_036,16
ACTCACCAAAATCGGGAGTG_037,108
ACTCACCAAAATCGGGAGTG_038,22
ACTCACCAAAATCGGGAGTG_039,150
ACTCACCAAAATCGGGAGTG_040,150
ACTCACCAAAATCGGGAGTG_041,18
ACTCACCAAAATCGGGAGTG_042,9
ACTCACCAAAATCGGGAGTG_043,156
CAGGTACTGGTAGTAGAACC_001,191
CAGGTACTGGTAGTAGAACC_002,104
GCTGGAAGAACATGGCAAAG_001,91
GCTGGAAGAACATGGCAAAG_002,112
GCTGGAAGAACATGGCAAAG_003,26
GCTGGAAGAACATGGCAAAG_004,61
GCTGGAAGAACATGGCAAAG_005,184
CTTCCAAGCCCACCACAACT_001,77
CTTCCAAGCCCACCACAACT_002,127
CTTCCAAGCCCACCACAACT_003,50
CTTCCAAGCCCACCACAACT_004,151
CTTCCAAGCCCACCACAACT_005,191
CTTCCAAGCCCACCACAACT_006,49
CTTCCAAGCCCACCACAACT_007,166
CTTCCAAGCCCACCACAACT_008,70
CTTCCAAGCCCACCACAACT_009,50
CTTCCAAGCCCACCACAACT_010,89
CTTCCAAGCCCACCACAACT_011,137
CTTCCAAGCCCACCACAACT_012,42
CTTCCAAGCCCACCACAACT_013,160
CTTCCAAGCCCACCACAACT_014,12
CTTCCAAGCCCACCACAACT_015,67
CTTCCAAGCCCACCACAACT_016,48
CTTCCAAGCCCACCACAACT_017,60
CTTCCAAGCCCACCACAACT_018,158
CTTCCAAGCCCACCACAACT_019,166
CTTCCAAGCCCACCACAACT_020,107
CTTCCAAGCCCACCACAACT_021,97
CTTCCAAGCCCACCACAACT_022,169
CTTCCAAGCCCACCACAACT_023,157
CTTCCAAGCCCACCACAACT_024,70
CTTCCAAGCCCACCACAACT_025,35
CTTCCAAGCCCACCACAACT_026,117
CTTCCAAGCCCACCACAACT_027,2
CTTCCAAGCCCACCACAACT_028,184
CTTCCAAGCCCACCACAACT_029,96
CTTCCAAGCCCACCACAACT_030,56
CTTCCAAGCCCACCACAACT_031,144
CTTCCAAGCCCACCACAACT_032,77
CTTCCAAGCCCACCACAACT_033,124
CTTCCAAGCCCACCACAACT_034,77
CTTCCAAGCCCACCACAACT_035,83
CTTCCAAGCCCACCACAACT_036,29
CTTCCAAGCCCACCACAACT_037,1
CTTCCAAGCCCACCACAACT_038,63
CTTCCAAGCCCACCACAACT_039,82
CTTCCAAGCCCACCACAACT_040,4
CTTCCAAGCCCACCACAACT_041,166
AGATTGGGCGCCAGCCAAGT_001,6
AGATTGGGCGCCAGCCAAGT_002,35
AGATTGGGCGCCAGCCAAGT_003,198
AGATTGGGCGCCAGCCAAGT_004,98
CTGAAACTGTTGTTACCCTG_001,65
CTGAAACTGTTGTTACCCTG_002,82
CTGAAACTGTTGTTACCCTG_003,137
CTGAAACTGTTGTTACCCTG_004,84
CTGAAACTGTTGTTACCCTG_005,160
CTGCGACTCCACGATGAGAG_001,38
CTGCGACTCCACGATGAGAG_002,71
CTGCGACTCCACGATGAGAG_003,39
CTGCGACTCCACGATGAGAG_004,67
CTGCGACTCCACGATGAGAG_005,64
CTGCGACTCCACGATGAGAG_006,23
CTGCGACTCCACGATGAGAG_007,3
CTGCGACTCCACGATGAGAG_008,67
CTGCGACTCCACGATGAGAG_009,125
CTGCGACTCCACGATGAGAG_010,39
CTGCGACTCCACGATGAGAG_011,129
CTGCGACTCCACGATGAGAG_012,146
CTGCGACTCCACGATGAGAG_013,69
CTGCGACTCCACGATGAGAG_014,145
CTGCGACTCCACGATGAGAG_015,136
GATATTGAAAAATGTAAGCG_001,4
GATATTGAAAAATGTAAGCG_002,104
GATATTGAAAAATGTAAGCG_003,152
GCACGGGTCGCATCTCACCA_001,170
GCACGGGTCGCATCTCACCA_002,62
GCACGGGTCGCATCTCACCA_003,72
GCACGGGTCGCATCTCACCA_004,0
GCACGGGTCGCATCTCACCA_005,42
GCACGGGTCGCATCTCACCA_006,68
GGACAAGGTGGTGCGCAACG_001,49
GGACAAGGTGGTGCGCAACG_002,15
GGACAAGGTGGTGCGCAACG_003,183
GGACAAGGTGGTGCGCAACG_004,134
GGACAAGGTGGTGCGCAACG_005,63
GGACAAGGTGGTGCGCAACG_006,179
GGACAAGGTGGTGCGCAACG_007,102
GGACAAGGTGGTGCGCAACG_008,53
GGACAAGGTGGTGCGCAACG_009,145
GGACAAGGTGGTGCGCAACG_010,158
GGACAAGGTGGTGCGCAACG_011,177
GGACAAGGTGGTGCGCAACG_012,166
GGACAAGGTGGTGCGCAACG_013,88
GGACAAGGTGGTGCGCAACG_014,121
GGACAAGGTGGTGCGCAACG_015,9
GGACAAGGTGGTGCGCAACG_016,105
GGACAAGGTGGTGCGCAACG_017,190
GGACAAGGTGGTGCGCAACG_018,2
GGACAAGGTGGTGCGCAACG_019,74
GGACAAGGTGGTGCGCAACG_020,135
GGACAAGGTGGTGCGCAACG_021,169
GGACAAGGTGGTGCGCAACG_022,65
GGACAAGGTGGTGCGCAACG_023,166
GGACAAGGTGGTGCGCAACG_024,153
GGACAAGGTGGTGCGCAACG_025,84
GGACAAGGTGGTGCGCAACG_026,38
GGACAAGGTGGTGCGCAACG_027,47
GGTCGCTACTGCCGCCTCAG_001,77
GGTCGCTACTGCCGCCTCAG_002,43
GGTCGCTACTGCCGCCTCAG_003,60
GGTCGCTACTGCCGCCTCAG_004,135
GGTCGCTACTGCCGCCTCAG_005,48
GGTCGCTACTGCCGCCTCAG_006,19
GGTCGCTACTGCCGCCTCAG_007,0
GGTCGCTACTGCCGCCTCAG_008,124
CAAGTGTGCATCAATTTACG_001,94
CAAGTGTGCATCAATTTACG_002,50
CAAGTGTGCATCAATTTACG_003,58
CAAGTGTGCATCAATTTACG_004,54
CAAGTGTGCATCAATTTACG_005,74
CCGCCCGGCCATGATTCACT_001,46
CCGCCCGGCCATGATTCACT_002,105
CCGCCCGGCCATGATTCACT_003,156
CCGCCCGGCCATGATTCACT_004,103
CCGCCCGGCCATGATTCACT_005,78
CCGCCCGGCCATGATTCACT_006,106
CCGCCCGGCCATGATTCACT_007,22
CCGCCCGGCCATGATTCACT_008,1
CCGCCCGGCCATGATTCACT_009,77
CCGCCCGGCCATGATTCACT_010,148
CCGCCCGGCCATGATTCACT_011,130
AAGAACTCACCCCGTCACGA_001,85
AAGAACTCACCCCGTCACGA_002,134
AAGAACTCACCCCGTCACGA_003,89
AAGAACTCACCCCGTCACGA_004,10
AAGAACTCACCCCGTCACGA_005,162
AAGAACTCACCCCGTCACGA_006,19
AAGAACTCACCCCGTCACGA_007,158
CCAACCCCAAGCTAACAGAT_001,127
CCAACCCCAAGCTAACAGAT_002,140
CCAACCCCAAGCTAACAGAT_003,38
CCAACCCCAAGCTAACAGAT_004,66
CCAACCCCAAGCTAACAGAT_005,103
CCAACCCCAAGCTAACAGAT_006,95
CCAACCCCAAGCTAACAGAT_007,124
CCAACCCCAAGCTAACAGAT_008,8
CCAACCCCAAGCTAACAGAT_009,162
CCAACCCCAAGCTAACAGAT_010,77
CCAACCCCAAGCTAACAGAT_011,11
CCAACCCCAAGCTAACAGAT_012,108
CCAACCCCAAGCTAACAGAT_013,47
CCAACCCCAAGCTAACAGAT_014,168
CCAACCCCAAGCTAACAGAT_015,52
CCAACCCCAAGCTAACAGAT_016,84
CCAACCCCAAGCTAACAGAT_017,83
CCAACCCCAAGCTAACAGAT_018,186
CCAACCCCAAGCTAACAGAT_019,15
CCAACCCCAAGCTAACAGAT_020,191
CCAACCCCAAGCTAACAGAT_021,140
CCAACCCCAAGCTAACAGAT_022,124
CCAACCCCAAGCTAACAGAT_023,158
CCAACCCCAAGCTAACAGAT_024,50
CCAACCCCAAGCTAACAGAT_025,129
CCAACCCCAAGCTAACAGAT_026,33
CAGCTGCCCTACCAACCCCA_001,84
CAGCTGCCCTACCAACCCCA_002,21
CAGCTGCCCTACCAACCCCA_003,27
CAGCTGCCCTACCAACCCCA_004,131
CAGCTGCCCTACCAACCCCA_005,69
CAGCTGCCCTACCAACCCCA_006,71
CAGCTGCCCTACCAACCCCA_007,0
CAGCTGCCCTACCAACCCCA_008,93
CAGCTGCCCTACCAACCCCA_009,136
CAGCTGCCCTACCAACCCCA_010,141
CAGCTGCCCTACCAACCCCA_011,115
CAGCTGCCCTACCAACCCCA_012,182
CAGCTGCCCTACCAACCCCA_013,97
CAGCTGCCCTACCAACCCCA_014,97
CAGCTGCCCTACCAACCCCA_015,149
CAGCTGCCCTACCAACCCCA_016,194
CAGCTGCCCTACCAACCCCA_017,17
CAGCTGCCCTACCAACCCCA_018,19
CAGCTGCCCTACCAACCCCA_019,184
CAGCTGCCCTACCAACCCCA_020,139
CAGCTGCCCTACCAACCCCA_021,75
CAGCTGCCCTACCAACCCCA_022,70
CAGCTGCCCTACCAACCCCA_023,76
CAGCTGCCCTACCAACCCCA_024,58
CAGCTGCCCTACCAACCCCA_025,122
CAGCTGCCCTACCAACCCCA_026,108
CAGCTGCCCTACCAACCCCA_027,161
CAGCTGCCCTACCAACCCCA_028,132
CAGCTGCCCTACCAACCCCA_029,66
CAGCTGCCCTACCAACCCCA_030,104
CAGCTGCCCTACCAACCCCA_031,153
CAGCTGCCCTACCAACCCCA_032,180
CAGCTGCCCTACCAACCCCA_033,33
CAGCTGCCCTACCAACCCCA_034,33
CAGCTGCCCTACCAACCCCA_035,0
CAGCTGCCCTACCAACCCCA_036,184
CAGCTGCCCTACCAACCCCA_037,58
CAGCTGCCCTACCAACCCCA_038,26
CAGCTGCCCTACCAACCCCA_039,9
CGATGAGGCTAATGGTGTCG_001,27
CGATGAGGCTAATGGTGTCG_002,62
CGATGAGGCTAATGGTGTCG_003,9
AGTCATAGCATTCCACACTC_001,37
AGTCATAGCATTCCACACTC_002,144
AGTCATAGCATTCCACACTC_003,62
CCTGTTATCCCAGATCCACG_001,27
CCTGTTATCCCAGATCCACG_002,170
CCTGTTATCCCAGATCCACG_003,62
CCTGTTATCCCAGATCCACG_004,8
CCTGTTATCCCAGATCCACG_005,41
CCTGTTATCCCAGATCCACG_006,119
CCTGTTATCCCAGATCCACG_007,155
CCTGTTATCCCAGATCCACG_008,74
GCTGTGCCAATAGCTGTCCA_001,122
GCTGTGCCAATAGCTGTCCA_002,86
GCTGTGCCAATAGCTGTCCA_003,30
GCTGTGCCAATAGCTGTCCA_004,195
GCTGTGCCAATAGCTGTCCA_005,19
GCTGTGCCAATAGCTGTCCA_006,17
GCTGTGCCAATAGCTGTCCA_007,17
GCTGTGCCAATAGCTGTCCA_008,158
GCTGTGCCAATAGCTGTCCA_009,103
GCTGTGCCAATAGCTGTCCA_010,7
GCTGTGCCAATAGCTGTCCA_011,16
GCTGTGCCAATAGCTGTCCA_012,146
GCTGTGCCAATAGCTGTCCA_013,72
GCTGTGCCAATAGCTGTCCA_014,49
GCTGTGCCAATAGCTGTCCA_015,196
GCTGTGCCAATAGCTGTCCA_016,62
GCTGTGCCAATAGCTGTCCA_017,18
TGCTGCAATCCACTGTACAG_001,116
TGCTGCAATCCACTGTACAG_002,175
TGCTGCAATCCACTGTACAG_003,70
TGCTGCAATCCACTGTACAG_004,11
TGCTGCAATCCACTGTACAG_005,160
TGCTGCAATCCACTGTACAG_006,41
TGCTGCAATCCACTGTACAG_007,141
TGCTGCAATCCACTGTACAG_008,161
TGCTGCAATCCACTGTACAG_009,192
TGCTGCAATCCACTGTACAG_010,2
TGCTGCAATCCACTGTACAG_011,172
TGCTGCAATCCACTGTACAG_012,19
TGCTGCAATCCACTGTACAG_013,19
TGCTGCAATCCACTGTACAG_014,14
TGCTGCAATCCACTGTACAG_015,131
TGCTGCAATCCACTGTACAG_016,138
TGCTGCAATCCACTGTACAG_017,134
TGCTGCAATCCACTGTACAG_018,106
TGCTGCAATCCACTGTACAG_019,115
TGCTGCAATCCACTGTACAG_020,52
CACCTGCACCCACTACACGC_001,105
CACCTGCACCCACTACACGC_002,24
CACCTGCACCCACTACACGC_003,163
CACCTGCACCCACTACACGC_004,35
CACCTGCACCCACTACACGC_005,196
CACCTGCACCCACTACACGC_006,99
CACCTGCACCCACTACACGC_007,147
CACCTGCACCCACTACACGC_008,55
CAAGAACTGAACTAAATGTG_001,191
CAAGAACTGAACTAAATGTG_002,73
CAAGAACTGAACTAAATGTG_003,62
CAAGAACTGAACTAAATGTG_004,63
CAAGAACTGAACTAAATGTG_005,42
CAAGAACTGAACTAAATGTG_006,76
CAAGAACTGAACTAAATGTG_007,1
CAAGAACTGAACTAAATGTG_008,195
CAAGAACTGAACTAAATGTG_009,40
CAAGAACTGAACTAAATGTG_010,197
CAAGAACTGAACTAAATGTG_011,73
CAAGAACTGAACTAAATGTG_012,95
CAAGAACTGAACTAAATGTG_013,198
CAAGAACTGAACTAAATGTG_014,124
CAAGAACTGAACTAAATGTG_015,187
CAAGAACTGAACTAAATGTG_016,61
GCAGCCGCTTAACTCTCTGA_001,42
GCAGCCGCTTAACTCTCTGA_002,142
GCAGCCGCTTAACTCTCTGA_003,34
CTTTAAGCTCCGGTACGGAG_001,131
CTTTAAGCTCCGGTACGGAG_002,13
CTTTAAGCTCCGGTACGGAG_003,89
CTTTAAGCTCCGGTACGGAG_004,45
CTTTAAGCTCCGGTACGGAG_005,77
GCTAGGAAATCCACAGAAGC_001,66
GCTAGGAAATCCACAGAAGC_002,24
GCTAGGAAATCCACAGAAGC_003,18
GCTAGGAAATCCACAGAAGC_004,67
GCTAGGAAATCCACAGAAGC_005,45
GCTAGGAAATCCACAGAAGC_006,157
GCTAGGAAATCCACAGAAGC_007,140
GCTAGGAAATCCACAGAAGC_008,147
GCTAGGAAATCCACAGAAGC_009,2
GCTAGGAAATCCACAGAAGC_010,25
GCTAGGAAATCCACAGAAGC_011,105
GCTAGGAAATCCACAGAAGC_012,23
GCTAGGAAATCCACAGAAGC_013,138
GCTAGGAAATCCACAGAAGC_014,125
TTGCCACGTGCAATACGGAA_001,183
TTGCCACGTGCAATACGGAA_002,53
TTGCCACGTGCAATACGGAA_003,148
TTGCCACGTGCAATACGGAA_004,112
TTGCCACGTGCAATACGGAA_005,46
TTGCCACGTGCAATACGGAA_006,58
TTGCCACGTGCAATACGGAA_007,162
TTGCCACGTGCAATACGGAA_008,59
TTGCCACGTGCAATACGGAA_009,84
TTGCCACGTGCAATACGGAA_010,32
TTGCCACGTGCAATACGGAA_011,26
TTGCCACGTGCAATACGGAA_012,39
AATGCCTGGACACTGCACAA_001,112
AATGCCTGGACACTGCACAA_002,191
AATGCCTGGACACTGCACAA_003,94
AATGCCTGGACACTGCACAA_004,9
AATGCCTGGACACTGCACAA_005,117
AATGCCTGGACACTGCACAA_006,1
AATGCCTGGACACTGCACAA_007,110
AATGCCTGGACACTGCACAA_008,177
AATGCCTGGACACTGCACAA_009,149
AATGCCTGGACACTGCACAA_010,77
AATGCCTGGACACTGCACAA_011,93
AATGCCTGGACACTGCACAA_012,19
AATGCCTGGACACTGCACAA_013,117
AATGCCTGGACACTGCACAA_014,186
AATGCCTGGACACTGCACAA_015,67
AATGCCTGGACACTGCACAA_016,39
AATGCCTGGACACTGCACAA_017,37
AATGCCTGGACACTGCACAA_018,19
AATGCCTGGACACTGCACAA_019,140
AATGCCTGGACACTGCACAA_020,91
AATGCCTGGACACTGCACAA_021,140
AATGCCTGGACACTGCACAA_022,16
AATGCCTGGACACTGCACAA_023,169
CAGGAACACAGGCTTGAGCA_001,7
CAGGAACACAGGCTTGAGCA_002,76
CAGGAACACAGGCTTGAGCA_003,103
CAGGAACACAGGCTTGAGCA_004,160
CAGGAACACAGGCTTGAGCA_005,160
CAGGAACACAGGCTTGAGCA_006,2
CAGGAACACAGGCTTGAGCA_007,98
CAGGAACACAGGCTTGAGCA_008,119
CAGGAACACAGGCTTGAGCA_009,159
CAGGAACACAGGCTTGAGCA_010,153
CAGGAACACAGGCTTGAGCA_011,153
CAGGAACACAGGCTTGAGCA_012,17
CAGGAACACAGGCTTGAGCA_013,7
CAGGAACACAGGCTTGAGCA_014,142
CAGGAACACAGGCTTGAGCA_015,68
GACGACGTCAGACAGACTCA_001,76
GACGACGTCAGACAGACTCA_002,72
GACGACGTCAGACAGACTCA_003,67
GTATCTCAGAGGATTGTGGA_001,150
GTATCTCAGAGGATTGTGGA_002,1
GTATCTCAGAGGATTGTGGA_003,122
GTATCTCAGAGGATTGTGGA_004,53
GTATCTCAGAGGATTGTGGA_005,50
GTATCTCAGAGGATTGTGGA_006,174
GTATCTCAGAGGATTGTGGA_007,68
GTATCTCAGAGGATTGTGGA_008,88
GTATCTCAGAGGATTGTGGA_009,77
GTATCTCAGAGGATTGTGGA_010,194
CCAAAAATACCACTCTCTGG_001,28
CCAAAAATACCACTCTCTGG_002,198
CCAAAAATACCACTCTCTGG_003,134
CCAAAAATACCACTCTCTGG_004,178
CCAAAAATACCACTCTCTGG_005,9
CCAAAAATACCACTCTCTGG_006,137
AGAGTCTGGGCGGTTCGGCG_001,165
AGAGTCTGGGCGGTTCGGCG_002,92
AGAGTCTGGGCGGTTCGGCG_003,58
AGAGTCTGGGCGGTTCGGCG_004,9
AGAGTCTGGGCGGTTCGGCG_005,166
AGAGTCTGGGCGGTTCGGCG_006,27
AGAGTCTGGGCGGTTCGGCG_007,102
AGAGTCTGGGCGGTTCGGCG_008,76
AGAGTCTGGGCGGTTCGGCG_009,43
AGAGTCTGGGCGGTTCGGCG_010,172
AGAGTCTGGGCGGTTCGGCG_011,5
AGAGTCTGGGCGGTTCGGCG_012,49
AGAGTCTGGGCGGTTCGGCG_013,149
AGAGTCTGGGCGGTTCGGCG_014,137
AGAGTCTGGGCGGTTCGGCG_015,57
AGAGTCTGGGCGGTTCGGCG_016,120
AGAGTCTGGGCGGTTCGGCG_017,98
AGAGTCTGGGCGGTTCGGCG_018,56
AGAGTCTGGGCGGTTCGGCG_019,159
AGAGTCTGGGCGGTTCGGCG_020,117
AGAGTCTGGGCGGTTCGGCG_021,48
AGAGTCTGGGCGGTTCGGCG_022,75
AGAGTCTGGGCGGTTCGGCG_023,13
AGAGTCTGGGCGGTTCGGCG_024,15
AGAGTCTGGGCGGTTCGGCG_025,94
AGAGTCTGGGCGGTTCGGCG_026,88
AGAGTCTGGGCGGTTCGGCG_027,129
AGAGTCTGGGCGGTTCGGCG_028,112
AGAGTCTGGGCGGTTCGGCG_029,108
AGAGTCTGGGCGGTTCGGCG_030,42
AGAGTCTGGGCGGTTCGGCG_031,68
AGAGTCTGGGCGGTTCGGCG_032,92
AGAGTCTGGGCGGTTCGGCG_033,51
AGAGTCTGGGCGGTTCGGCG_034,33
AGAGTCTGGGCGGTTCGGCG_035,77
AGAGTCTGGGCGGTTCGGCG_036,93
AGAGTCTGGGCGGTTCGGCG_037,150
AGAGTCTGGGCGGTTCGGCG_038,86
AGAGTCTGGGCGGTTCGGCG_039,74
AGAGTCTGGGCGGTTCGGCG_040,67
AGAGTCTGGGCGGTTCGGCG_041,4
AGAGTCTGGGCGGTTCGGCG_042,142
AGAGTCTGGGCGGTTCGGCG_043,10
AGAGTCTGGGCGGTTCGGCG_044,126
AGAGTCTGGGCGGTTCGGCG_045,43
AGAGTCTGGGCGGTTCGGCG_046,165
AGAGTCTGGGCGGTTCGGCG_047,174
AGAGTCTGGGCGGTTCGGCG_048,12
CGCCGGCACGGACCCGACAG_001,172
CGCCGGCACGGACCCGACAG_002,3
CGCCGGCACGGACCCGACAG_003,199
CGCCGGCACGGACCCGACAG_004,61
CGCCGGCACGGACCCGACAG_005,103
CGCCGGCACGGACCCGACAG_006,17
TGAGTTCCAAAATCTGACAT_001,1
TGAGTTCCAAAATCTGACAT_002,82
TGAGTTCCAAAATCTGACAT_003,28
TGAGTTCCAAAATCTGACAT_004,130
TGAGTTCCAAAATCTGACAT_005,66
TGAGTTCCAAAATCTGACAT_006,16
TGAGTTCCAAAATCTGACAT_007,174
TGAGTTCCAAAATCTGACAT_008,115
TGAGTTCCAAAATCTGACAT_009,16
TGAGTTCCAAAATCTGACAT_010,199
TGAGTTCCAAAATCTGACAT_011,119
TGAGTTCCAAAATCTGACAT_012,88
GGAGGAAGGAAGATGCGCGG_001,81
GGAGGAAGGAAGATGCGCGG_002,106
GGAGGAAGGAAGATGCGCGG_003,11
GGAGGAAGGAAGATGCGCGG_004,47
GGAGGAAGGAAGATGCGCGG_005,146
GGAGGAAGGAAGATGCGCGG_006,89
GGAGGAAGGAAGATGCGCGG_007,137
GGAGGAAGGAAGATGCGCGG_008,70
GGAGGAAGGAAGATGCGCGG_009,108
GGAGGAAGGAAGATGCGCGG_010,41
GGAGGAAGGAAGATGCGCGG_011,177
GGAGGAAGGAAGATGCGCGG_012,140
GGAGGAAGGAAGATGCGCGG_013,126
GGAGGAAGGAAGATGCGCGG_014,42
GGAGGAAGGAAGATGCGCGG_015,43
GGAGGAAGGAAGATGCGCGG_016,178
GGAGGAAGGAAGATGCGCGG_017,2
GGAGGAAGGAAGATGCGCGG_018,177
GGAGGAAGGAAGATGCGCGG_019,56
GGAGGAAGGAAGATGCGCGG_020,70
GGAGGAAGGAAGATGCGCGG_021,62
GGAGGAAGGAAGATGCGCGG_022,41
GGAGGAAGGAAGATGCGCGG_023,64
GGAGGAAGGAAGATGCGCGG_024,7
TGTTGGCTGGAACTCGACGA_001,175
TGTTGGCTGGAACTCGACGA_002,36
TGTTGGCTGGAACTCGACGA_003,186
TGTTGGCTGGAACTCGACGA_004,52
AGTGAGTATGAGGATTCGGC_001,195
AGTGAGTATGAGGATTCGGC_002,152
AGTGAGTATGAGGATTCGGC_003,190
TCCCCGTGCTTTCCCGAGAG_001,17
TCCCCGTGCTTTCCCGAGAG_002,62
TCCCCGTGCTTTCCCGAGAG_003,38
TCCCCGTGCTTTCCCGAGAG_004,162
TCCCCGTGCTTTCCCGAGAG_005,50
CAGCATGCTGCATCCCTGGG_001,137
CAGCATGCTGCATCCCTGGG_002,163
CAGCATGCTGCATCCCTGGG_003,181
CAGCATGCTGCATCCCTGGG_004,159
CAGCATGCTGCATCCCTGGG_005,21
CAGCATGCTGCATCCCTGGG_006,110
CAGCATGCTGCATCCCTGGG_007,102
CAGCATGCTGCATCCCTGGG_008,172
CAGCATGCTGCATCCCTGGG_009,150
CAGCATGCTGCATCCCTGGG_010,153
CAGCATGCTGCATCCCTGGG_011,81
CAGCATGCTGCATCCCTGGG_012,191
CAGCATGCTGCATCCCTGGG_013,134
CAGCATGCTGCATCCCTGGG_014,158
CAGCATGCTGCATCCCTGGG_015,1
CAGCATGCTGCATCCCTGGG_016,160
CAGCATGCTGCATCCCTGGG_017,17
CAGCATGCTGCATCCCTGGG_018,178
CAGCATGCTGCATCCCTGGG_019,109
CAGCATGCTGCATCCCTGGG_020,13
CAGCATGCTGCATCCCTGGG_021,145
CAGCATGCTGCATCCCTGGG_022,49
CAGCATGCTGCATCCCTGGG_023,16
CAGCATGCTGCATCCCTGGG_024,174
CAGCATGCTGCATCCCTGGG_025,19
CAGCATGCTGCATCCCTGGG_026,35
CAGCATGCTGCATCCCTGGG_027,52
CAGCATGCTGCATCCCTGGG_028,105
CAGCATGCTGCATCCCTGGG_029,50
CAGCATGCTGCATCCCTGGG_030,39
CAGCATGCTGCATCCCTGGG_031,179
CAGCATGCTGCATCCCTGGG_032,78
CAGCATGCTGCATCCCTGGG_033,104
AAGAACTGCACATGTATGCG_001,107
AAGAACTGCACATGTATGCG_002,29
AAGAACTGCACATGTATGCG_003,46
AAGAACTGCACATGTATGCG_004,75
AAGAACTGCACATGTATGCG_005,14
AAGAACTGCACATGTATGCG_006,132
AAGAACTGCACATGTATGCG_007,88
AAGAACTGCACATGTATGCG_008,105
AAGAACTGCACATGTATGCG_009,58
AAGAACTGCACATGTATGCG_010,127
AAGAACTGCACATGTATGCG_011,101
AAGAACTGCACATGTATGCG_012,142
AATGGAGCAACCCATGAGGG_001,196
AATGGAGCAACCCATGAGGG_002,17
AATGGAGCAACCCATGAGGG_003,100
AATGGAGCAACCCATGAGGG_004,83
AATGGAGCAACCCATGAGGG_005,196
AATGGAGCAACCCATGAGGG_006,12
AATGGAGCAACCCATGAGGG_007,149
AATGGAGCAACCCATGAGGG_008,25
AATGGAGCAACCCATGAGGG_009,70
AATGGAGCAACCCATGAGGG_010,140
AATGGAGCAACCCATGAGGG_011,60
AATGGAGCAACCCATGAGGG_012,56
AATGGAGCAACCCATGAGGG_013,190
ATCATATTCAGGATCGTCAG_001,127
ATCATATTCAGGATCGTCAG_002,5
ATCATATTCAGGATCGTCAG_003,8
ATCATATTCAGGATCGTCAG_004,102
ATCATATTCAGGATCGTCAG_005,70
ATCATATTCAGGATCGTCAG_006,151
ATCATATTCAGGATCGTCAG_007,107
ATCATATTCAGGATCGTCAG_008,81
ATCATATTCAGGATCGTCAG_009,83
ATCATATTCAGGATCGTCAG_010,22
ATCATATTCAGGATCGTCAG_011,149
ATCATATTCAGGATCGTCAG_012,188
ATCATATTCAGGATCGTCAG_013,56
GCCGGGCTTCAGTTTCCCGT_001,28
ACAGACGATCTCAGTATGCT_001,7
ACAGACGATCTCAGTATGCT_002,39
ACAGACGATCTCAGTATGCT_003,61
ACAGACGATCTCAGTATGCT_004,76
ACAGACGATCTCAGTATGCT_005,177
ACAGACGATCTCAGTATGCT_006,165
ACAGACGATCTCAGTATGCT_007,144
ACAGACGATCTCAGTATGCT_008,136
ACAGACGATCTCAGTATGCT_009,144
CCAGACAGGCACCAAAGCCA_001,127
CCAGACAGGCACCAAAGCCA_002,129
CCAGACAGGCACCAAAGCCA_003,53
CCAGACAGGCACCAAAGCCA_004,134
CCAGACAGGCACCAAAGCCA_005,37
CCAGACAGGCACCAAAGCCA_006,136
CCAGACAGGCACCAAAGCCA_007,130
CCAGACAGGCACCAAAGCCA_008,192
CCAGACAGGCACCAAAGCCA_009,72
CCAGACAGGCACCAAAGCCA_010,192
CCAGACAGGCACCAAAGCCA_011,150
CCAGACAGGCACCAAAGCCA_012,197
CCAGACAGGCACCAAAGCCA_013,41
CCAGACAGGCACCAAAGCCA_014,6
AGAGCTGAGTGAAACAGGCA_001,155
AGAGCTGAGTGAAACAGGCA_002,102
AGAGCTGAGTGAAACAGGCA_003,152
AGAGCTGAGTGAAACAGGCA_004,24
AGAGCTGAGTGAAACAGGCA_005,132
AGAGCTGAGTGAAACAGGCA_006,158
AGAGCTGAGTGAAACAGGCA_007,116
AGAGCTGAGTGAAACAGGCA_008,145
AGAGCTGAGTGAAACAGGCA_009,144
AGAGCTGAGTGAAACAGGCA_010,41
AGAGCTGAGTGAAACAGGCA_011,55
ACGACACCACTACCACCCAT_001,142
ACGACACCACTACCACCCAT_002,114
ACGACACCACTACCACCCAT_003,148
ACGACACCACTACCACCCAT_004,190
ACGACACCACTACCACCCAT_005,103
ACGACACCACTACCACCCAT_006,17
ACGACACCACTACCACCCAT_007,16
ACGACACCACTACCACCCAT_008,58
ACGACACCACTACCACCCAT_009,145
ACGACACCACTACCACCCAT_010,49
ACGACACCACTACCACCCAT_011,167
ACGACACCACTACCACCCAT_012,178
ACGACACCACTACCACCCAT_013,160
ACGACACCACTACCACCCAT_014,173
AAGCGCTTTGTGAATGAAGA_001,172
AAGCGCTTTGTGAATGAAGA_002,48
AAGCGCTTTGTGAATGAAGA_003,17
AAGCGCTTTGTGAATGAAGA_004,43
AAGCGCTTTGTGAATGAAGA_005,151
AAGCGCTTTGTGAATGAAGA_006,114
AAGCGCTTTGTGAATGAAGA_007,70
AAGCGCTTTGTGAATGAAGA_008,105
AAGCGCTTTGTGAATGAAGA_009,22
AAGCGCTTTGTGAATGAAGA_010,28
ACAGCAATTATACACAGCAA_001,165
AGCCGGTCCCTTTCCCGTCG_001,1
AGCCGGTCCCTTTCCCGTCG_002,50
AGCCGGTCCCTTTCCCGTCG_003,182
AGCCGGTCCCTTTCCCGTCG_004,149
AGCCGGTCCCTTTCCCGTCG_005,12
AGCCGGTCCCTTTCCCGTCG_006,94
AGCCGGTCCCTTTCCCGTCG_007,154
AGCCGGTCCCTTTCCCGTCG_008,135
AGCCGGTCCCTTTCCCGTCG_009,25
AGCCGGTCCCTTTCCCGTCG_010,168
AGCCGGTCCCTTTCCCGTCG_011,174
AGCCGGTCCCTTTCCCGTCG_012,115
AGCCGGTCCCTTTCCCGTCG_013,106
AGCCGGTCCCTTTCCCGTCG_014,198
AGCCGGTCCCTTTCCCGTCG_015,72
AGCCGGTCCCTTTCCCGTCG_016,98
AGCCGGTCCCTTTCCCGTCG_017,111
AGCCGGTCCCTTTCCCGTCG_018,100
AGCCGGTCCCTTTCCCGTCG_019,130
AGCCGGTCCCTTTCCCGTCG_020,69
AGCCGGTCCCTTTCCCGTCG_021,56
AGCCGGTCCCTTTCCCGTCG_022,44
AGCCGGTCCCTTTCCCGTCG_023,70
AGCCGGTCCCTTTCCCGTCG_024,1
AGCCGGTCCCTTTCCCGTCG_025,185
AGCCGGTCCCTTTCCCGTCG_026,191
AGCCGGTCCCTTTCCCGTCG_027,18
AGCCGGTCCCTTTCCCGTCG_028,183
AGCCGGTCCCTTTCCCGTCG_029,196
AGCCGGTCCCTTTCCCGTCG_030,124
AGCCGGTCCCTTTCCCGTCG_031,170
AGCCGGTCCCTTTCCCGTCG_032,105
AGCCGGTCCCTTTCCCGTCG_033,146
AGCCGGTCCCTTTCCCGTCG_034,41
GATGTATTACCGACAGCAGG_001,69
GATGTATTACCGACAGCAGG_002,63
GATGTATTACCGACAGCAGG_003,102
GATGTATTACCGACAGCAGG_004,49
GATGTATTACCGACAGCAGG_005,82
GCAACGATATGATGACGCTG_001,58
GCAACGATATGATGACGCTG_002,146
GCAACGATATGATGACGCTG_003,76
GCAACGATATGATGACGCTG_004,56
GCAACGATATGATGACGCTG_005,190
GCAACGATATGATGACGCTG_006,9
GCAACGATATGATGACGCTG_007,191
GCAACGATATGATGACGCTG_008,115
GCAACGATATGATGACGCTG_009,120
ATTCTCTATGGGAGGATGCA_001,48
ATTCTCTATGGGAGGATGCA_002,104
ATTCTCTATGGGAGGATGCA_003,104
ATTCTCTATGGGAGGATGCA_004,46
ATTCTCTATGGGAGGATGCA_005,21
ATTCTCTATGGGAGGATGCA_006,9
ATTCTCTATGGGAGGATGCA_007,98
ATTCTCTATGGGAGGATGCA_008,17
ATTCTCTATGGGAGGATGCA_009,52
ATTCTCTATGGGAGGATGCA_010,97
ATTCTCTATGGGAGGATGCA_011,194
TATATGGATGTCCACCATCG_001,115
TATATGGATGTCCACCATCG_002,83
TATATGGATGTCCACCATCG_003,169
TATATGGATGTCCACCATCG_004,147
AGACCATCACTTACACCCCG_001,172
AGACCATCACTTACACCCCG_002,9
AGACCATCACTTACACCCCG_003,15
AGACCATCACTTACACCCCG_004,8
AGACCATCACTTACACCCCG_005,40
AGACCATCACTTACACCCCG_006,72
AGACCATCACTTACACCCCG_007,113
AGACCATCACTTACACCCCG_008,183
AGACCATCACTTACACCCCG_009,36
AGACCATCACTTACACCCCG_010,58
AGACCATCACTTACACCCCG_011,148
AGACCATCACTTACACCCCG_012,62
AGACCATCACTTACACCCCG_013,101
GGTACAGGAGCCATCTACTG_001,113
GGTACAGGAGCCATCTACTG_002,182
GGTACAGGAGCCATCTACTG_003,88
GGTACAGGAGCCATCTACTG_004,123
GGTACAGGAGCCATCTACTG_005,147
GGTACAGGAGCCATCTACTG_006,15
GGTACAGGAGCCATCTACTG_007,149
GGTACAGGAGCCATCTACTG_008,150
GGTACAGGAGCCATCTACTG_009,154
GGTACAGGAGCCATCTACTG_010,106
GGTACAGGAGCCATCTACTG_011,63
AGTCCAGTGTCAAACCAGCT_001,34
AGTCCAGTGTCAAACCAGCT_002,83
AGTCCAGTGTCAAACCAGCT_003,156
AGTCCAGTGTCAAACCAGCT_004,185
AGTCCAGTGTCAAACCAGCT_005,169
AGTCCAGTGTCAAACCAGCT_006,137
AGTCCAGTGTCAAACCAGCT_007,183
AGTCCAGTGTCAAACCAGCT_008,24
AGTCCAGTGTCAAACCAGCT_009,106
AGTCCAGTGTCAAACCAGCT_010,130
GAAAAATGGGAGACATCGAG_001,77
GAAAAATGGGAGACATCGAG_002,158
GAAAAATGGGAGACATCGAG_003,2
GAAAAATGGGAGACATCGAG_004,82
GAAAAATGGGAGACATCGAG_005,19
CATATGGGGCCAACACACCC_001,0
CATATGGGGCCAACACACCC_002,48
CATATGGGGCCAACACACCC_003,99
CATATGGGGCCAACACACCC_004,88
CATATGGGGCCAACACACCC_005,5
GGACTGTACTTGACGATCTG_001,113
GGACTGTACTTGACGATCTG_002,150
GGACTGTACTTGACGATCTG_003,86
GGACTGTACTTGACGATCTG_004,120
GGACTGTACTTGACGATCTG_005,179
GGACTGTACTTGACGATCTG_006,127
GGACTGTACTTGACGATCTG_007,65
GGACTGTACTTGACGATCTG_008,96
GGACTGTACTTGACGATCTG_009,48
GGACTGTACTTGACGATCTG_010,130
GGACTGTACTTGACGATCTG_011,45
TGGTTAAGCACATCGATGGA_001,17
TGGTTAAGCACATCGATGGA_002,58
TGGTTAAGCACATCGATGGA_003,49
TGGTTAAGCACATCGATGGA_004,145
TGGTTAAGCACATCGATGGA_005,131
TGGTTAAGCACATCGATGGA_006,48
TTCGACGCTTGGAACTTGAG_001,145
TTCGACGCTTGGAACTTGAG_002,15
TTCGACGCTTGGAACTTGAG_003,19
TTCGACGCTTGGAACTTGAG_004,110
GCAGACCCCAAGAAGACGCT_001,197
GCAGACCCCAAGAAGACGCT_002,190
GCAGACCCCAAGAAGACGCT_003,113
GCAGACCCCAAGAAGACGCT_004,2
GCAGACCCCAAGAAGACGCT_005,184
GCAGACCCCAAGAAGACGCT_006,56
GCAGACCCCAAGAAGACGCT_007,9
GCAGACCCCAAGAAGACGCT_008,61
GCAGACCCCAAGAAGACGCT_009,88
GCAGACCCCAAGAAGACGCT_010,83
GCAGACCCCAAGAAGACGCT_011,11
GCAGACCCCAAGAAGACGCT_012,68
GCAGACCCCAAGAAGACGCT_013,54
GCAGACCCCAAGAAGACGCT_014,127
GCAGACCCCAAGAAGACGCT_015,47
GCAGACCCCAAGAAGACGCT_016,109
GCAGACCCCAAGAAGACGCT_017,109
GCAGACCCCAAGAAGACGCT_018,127
GCAGACCCCAAGAAGACGCT_019,34
GCAGACCCCAAGAAGACGCT_020,5
GCAGACCCCAAGAAGACGCT_021,136
GCAGACCCCAAGAAGACGCT_022,152
GCAGACCCCAAGAAGACGCT_023,150
GCAGACCCCAAGAAGACGCT_024,40
GTGATGGTGAGAAGGTTGCA_001,53
GTGATGGTGAGAAGGTTGCA_002,17
GTGATGGTGAGAAGGTTGCA_003,57
GTGATGGTGAGAAGGTTGCA_004,150
GTGATGGTGAGAAGGTTGCA_005,74
GTGATGGTGAGAAGGTTGCA_006,169
GTGATGGTGAGAAGGTTGCA_007,75
GTGATGGTGAGAAGGTTGCA_008,82
GTGATGGTGAGAAGGTTGCA_009,81
GTGATGGTGAGAAGGTTGCA_010,53
GTGATGGTGAGAAGGTTGCA_011,116
GTGATGGTGAGAAGGTTGCA_012,113
GGGCTTCGTACCTCTCACGA_001,150
GGGCTTCGTACCTCTCACGA_002,77
GGGCTTCGTACCTCTCACGA_003,6
GGGCTTCGTACCTCTCACGA_004,178
GGGCTTCGTACCTCTCACGA_005,77
GGGCTTCGTACCTCTCACGA_006,195
GGGCTTCGTACCTCTCACGA_007,77
GGGCTTCGTACCTCTCACGA_008,63
GGGCTTCGTACCTCTCACGA_009,184
GGGCTTCGTACCTCTCACGA_010,1
GGGCTTCGTACCTCTCACGA_011,62
GGGCTTCGTACCTCTCACGA_012,184
GTTACATTAGAATACATGAA_001,6
GTTACATTAGAATACATGAA_002,57
GGAAGAGTAGCGGTTCAGCT_001,48
GGAAGAGTAGCGGTTCAGCT_002,193
GGAAGAGTAGCGGTTCAGCT_003,41
GGAAGAGTAGCGGTTCAGCT_004,26
GGAAGAGTAGCGGTTCAGCT_005,2
GGAAGAGTAGCGGTTCAGCT_006,88
GGAAGAGTAGCGGTTCAGCT_007,139
GGAAGAGTAGCGGTTCAGCT_008,16
GGAAGAGTAGCGGTTCAGCT_009,149
GGAAGAGTAGCGGTTCAGCT_010,60
GGAAGAGTAGCGGTTCAGCT_011,149
GGAAGAGTAGCGGTTCAGCT_012,184
GGAAGAGTAGCGGTTCAGCT_013,166
GGAAGAGTAGCGGTTCAGCT_014,9
GGAAGAGTAGCGGTTCAGCT_015,83
GGAAGAGTAGCGGTTCAGCT_016,177
GGAAGAGTAGCGGTTCAGCT_017,146
GGAAGAGTAGCGGTTCAGCT_018,103
GGAAGAGTAGCGGTTCAGCT_019,40
GGAAGAGTAGCGGTTCAGCT_020,174
GGAAGAGTAGCGGTTCAGCT_021,91
GGACGATCCCGGCGCCAACG_001,94
GGACGATCCCGGCGCCAACG_002,32
GGACGATCCCGGCGCCAACG_003,121
GGACGATCCCGGCGCCAACG_004,149
GGACGATCCCGGCGCCAACG_005,137
GGACGATCCCGGCGCCAACG_006,105
GGACGATCCCGGCGCCAACG_007,166
GGACGATCCCGGCGCCAACG_008,142
GGACGATCCCGGCGCCAACG_009,43
CATCCTCAAAGTTAGTAAGG_001,48
CATCCTCAAAGTTAGTAAGG_002,198
CATCCTCAAAGTTAGTAAGG_003,83
CATCCTCAAAGTTAGTAAGG_004,147
CATCCTCAAAGTTAGTAAGG_005,30
CATCCTCAAAGTTAGTAAGG_006,131
CATCCTCAAAGTTAGTAAGG_007,35
CATCCTCAAAGTTAGTAAGG_008,16
CATCCTCAAAGTTAGTAAGG_009,53
CATCCTCAAAGTTAGTAAGG_010,181
CATCCTCAAAGTTAGTAAGG_011,91
CATCCTCAAAGTTAGTAAGG_012,169
CATCCTCAAAGTTAGTAAGG_013,105
CATCCTCAAAGTTAGTAAGG_014,191
CATCCTCAAAGTTAGTAAGG_015,126
CAGGAACTGTTGGTTCATCA_001,11
CAGGAACTGTTGGTTCATCA_002,53
CAGGAACTGTTGGTTCATCA_003,82
CAGGAACTGTTGGTTCATCA_004,103
CAGGAACTGTTGGTTCATCA_005,56
TTGGTACTCGATCTCCAGCG_001,34
GAATCAAGGATGCTGTGCAA_001,62
GAATCAAGGATGCTGTGCAA_002,121
GAATCAAGGATGCTGTGCAA_003,54
GAATCAAGGATGCTGTGCAA_004,63
GAATCAAGGATGCTGTGCAA_005,188
GAATCAAGGATGCTGTGCAA_006,94
GAATCAAGGATGCTGTGCAA_007,161
GAATCAAGGATGCTGTGCAA_008,105
GAATCAAGGATGCTGTGCAA_009,48
GAATCAAGGATGCTGTGCAA_010,104
GAATCAAGGATGCTGTGCAA_011,28
GAATCAAGGATGCTGTGCAA_012,140
GAATCAAGGATGCTGTGCAA_013,168
GAATCAAGGATGCTGTGCAA_014,81
GAATCAAGGATGCTGTGCAA_015,148
GCCCCCAAGAGTACTGAGTG_001,84
GCCCCCAAGAGTACTGAGTG_002,115
GCCCCCAAGAGTACTGAGTG_003,24
GCCCCCAAGAGTACTGAGTG_004,158
GCCCCCAAGAGTACTGAGTG_005,54
GCCCCCAAGAGTACTGAGTG_006,2
AGAGAGCGCCGATGGCAGGG_001,68
AGAGAGCGCCGATGGCAGGG_002,144
AGAGAGCGCCGATGGCAGGG_003,27
AGAGAGCGCCGATGGCAGGG_004,147
AGAGAGCGCCGATGGCAGGG_005,162
AGAGAGCGCCGATGGCAGGG_006,82
AGAGAGCGCCGATGGCAGGG_007,166
AGAGAGCGCCGATGGCAGGG_008,11
AGAGAGCGCCGATGGCAGGG_009,14
AGAGAGCGCCGATGGCAGGG_010,69
AGAGAGCGCCGATGGCAGGG_011,58
AGAGAGCGCCGATGGCAGGG_012,19
AGAGAGCGCCGATGGCAGGG_013,166
AGAGAGCGCCGATGGCAGGG_014,88
AGAGAGCGCCGATGGCAGGG_015,135
AGAGAGCGCCGATGGCAGGG_016,139
AGAGAGCGCCGATGGCAGGG_017,44
AGAGAGCGCCGATGGCAGGG_018,29
AGAGAGCGCCGATGGCAGGG_019,141
AGAGAGCGCCGATGGCAGGG_020,58
GACCCCGAATTGATTCTCAC_001,198
GACCCCGAATTGATTCTCAC_002,4
GACCCCGAATTGATTCTCAC_003,88
GACCCCGAATTGATTCTCAC_004,73
GACCCCGAATTGATTCTCAC_005,192
GACCCCGAATTGATTCTCAC_006,68
GACCCCGAATTGATTCTCAC_007,107
GACCCCGAATTGATTCTCAC_008,83
GACCCCGAATTGATTCTCAC_009,85
GACCCCGAATTGATTCTCAC_010,23
GACCCCGAATTGATTCTCAC_011,28
GACCCCGAATTGATTCTCAC_012,52
GACCCCGAATTGATTCTCAC_013,111
GTTCATATCGACACTGACTC_001,151
GTTCATATCGACACTGACTC_002,147
GTTCATATCGACACTGACTC_003,164
GTTCATATCGACACTGACTC_004,142
GTTCATATCGACACTGACTC_005,94
GTTCATATCGACACTGACTC_006,7
GTTCATATCGACACTGACTC_007,197
GTTCATATCGACACTGACTC_008,145
GATACTCTTCTGAATCATCC_001,55
GATACTCTTCTGAATCATCC_002,38
TCAGACAAGAGAGAACCGCC_001,65
TCAGACAAGAGAGAACCGCC_002,110
TCAGACAAGAGAGAACCGCC_003,172
TCAGACAAGAGAGAACCGCC_004,61
TCAGACAAGAGAGAACCGCC_005,8
TCAGACAAGAGAGAACCGCC_006,68
TCAGACAAGAGAGAACCGCC_007,136
TTTCCAGTTATAAGTACCCG_001,88
TTTCCAGTTATAAGTACCCG_002,135
CGGTCGGCCCGGGTTCGCAG_001,127
CGGTCGGCCCGGGTTCGCAG_002,12
CGGTCGGCCCGGGTTCGCAG_003,166
CGGTCGGCCCGGGTTCGCAG_004,138
CGGTCGGCCCGGGTTCGCAG_005,122
CGGTCGGCCCGGGTTCGCAG_006,40
CGGTCGGCCCGGGTTCGCAG_007,118
CGGTCGGCCCGGGTTCGCAG_008,197
CGGTCGGCCCGGGTTCGCAG_009,48
CGGTCGGCCCGGGTTCGCAG_010,188
CGGTCGGCCCGGGTTCGCAG_011,85
CGGTCGGCCCGGGTTCGCAG_012,119
CGGTCGGCCCGGGTTCGCAG_013,137
CGGTCGGCCCGGGTTCGCAG_014,177
CGGTCGGCCCGGGTTCGCAG_015,118
CGGTCGGCCCGGGTTCGCAG_016,50
CGGTCGGCCCGGGTTCGCAG_017,74
CGGTCGGCCCGGGTTCGCAG_018,49
CGGTCGGCCCGGGTTCGCAG_019,93
CGGTCGGCCCGGGTTCGCAG_020,174
CGGTCGGCCCGGGTTCGCAG_021,96
CGGTCGGCCCGGGTTCGCAG_022,157
CGGTCGGCCCGGGTTCGCAG_023,150
CGGTCGGCCCGGGTTCGCAG_024,145
CGGTCGGCCCGGGTTCGCAG_025,73
CGGTCGGCCCGGGTTCGCAG_026,146
CGGTCGGCCCGGGTTCGCAG_027,142
CGGTCGGCCCGGGTTCGCAG_028,177
CGGTCGGCCCGGGTTCGCAG_029,160
CGGTCGGCCCGGGTTCGCAG_030,24
CGGTCGGCCCGGGTTCGCAG_031,50
CGGTCGGCCCGGGTTCGCAG_032,34
CGGTCGGCCCGGGTTCGCAG_033,112
CGGTCGGCCCGGGTTCGCAG_034,174
CGGTCGGCCCGGGTTCGCAG_035,31
CGGTCGGCCCGGGTTCGCAG_036,15
CGGTCGGCCCGGGTTCGCAG_037,145
CGGTCGGCCCGGGTTCGCAG_038,3
CGGTCGGCCCGGGTTCGCAG_039,6
CGGTCGGCCCGGGTTCGCAG_040,60
CGGTCGGCCCGGGTTCGCAG_041,191
CGGTCGGCCCGGGTTCGCAG_042,197
CGGTCGGCCCGGGTTCGCAG_043,57
CGGTCGGCCCGGGTTCGCAG_044,78
CGGTCGGCCCGGGTTCGCAG_045,166
CGGTCGGCCCGGGTTCGCAG_046,180
CGGTCGGCCCGGGTTCGCAG_047,139
AGCTCTGTGAGCTCGTGGGA_001,150
AGCTCTGTGAGCTCGTGGGA_002,11
AGCTCTGTGAGCTCGTGGGA_003,175
AGCTCTGTGAGCTCGTGGGA_004,118
AGAGGCGTCCTGCCAAGGCC_001,137
AGAGGCGTCCTGCCAAGGCC_002,19
AGAGGCGTCCTGCCAAGGCC_003,48
AGAGGCGTCCTGCCAAGGCC_004,51
AGAGGCGTCCTGCCAAGGCC_005,7
AGAGGCGTCCTGCCAAGGCC_006,137
AGAGGCGTCCTGCCAAGGCC_007,138
GCCTCTCACGTTCACCCCCG_001,126
GCCTCTCACGTTCACCCCCG_002,19
GCCTCTCACGTTCACCCCCG_003,68
GCCTCTCACGTTCACCCCCG_004,140
GCCTCTCACGTTCACCCCCG_005,14
GCCTCTCACGTTCACCCCCG_006,10
GCCTCTCACGTTCACCCCCG_007,63
GCCTCTCACGTTCACCCCCG_008,176
GCCTCTCACGTTCACCCCCG_009,153
GCCTCTCACGTTCACCCCCG_010,33
GCCTCTCACGTTCACCCCCG_011,156
GCCTCTCACGTTCACCCCCG_012,169
GCCTCTCACGTTCACCCCCG_013,43
GCCTCTCACGTTCACCCCCG_014,127
GCCTCTCACGTTCACCCCCG_015,196
GCCTCTCACGTTCACCCCCG_016,182
GCCTCTCACGTTCACCCCCG_017,33
GCCTCTCACGTTCACCCCCG_018,52
AGAGCGCGCTTCTGATCCTG_001,153
AGAGCGCGCTTCTGATCCTG_002,29
AGAGCGCGCTTCTGATCCTG_003,69
AGAGCGCGCTTCTGATCCTG_004,28
AGAGCGCGCTTCTGATCCTG_005,165
AGAGCGCGCTTCTGATCCTG_006,85
AGAGCGCGCTTCTGATCCTG_007,157
AGAGCGCGCTTCTGATCCTG_008,157
AGAGCGCGCTTCTGATCCTG_009,37
AGAGCGCGCTTCTGATCCTG_010,191
GTTCTCTGCGCACTACGACG_001,130
GTTCTCTGCGCACTACGACG_002,73
GTTCTCTGCGCACTACGACG_003,48
GTTCTCTGCGCACTACGACG_004,16
GCGCACCCAGTCGCTGAACG_001,115
GCGCACCCAGTCGCTGAACG_002,134
GCGCACCCAGTCGCTGAACG_003,12
GCGCACCCAGTCGCTGAACG_004,128
GCGCACCCAGTCGCTGAACG_005,75
GCGCACCCAGTCGCTGAACG_006,76
GCGCACCCAGTCGCTGAACG_007,197
GCGCACCCAGTCGCTGAACG_008,69
GCGCACCCAGTCGCTGAACG_009,31
GCGCACCCAGTCGCTGAACG_010,77
GCGCACCCAGTCGCTGAACG_011,47
GCGCACCCAGTCGCTGAACG_012,120
GCGCACCCAGTCGCTGAACG_013,13
GGAGGGCGCCACCCAACGGG_001,63
GGAGGGCGCCACCCAACGGG_002,8
GGAGGGCGCCACCCAACGGG_003,88
GGAGGGCGCCACCCAACGGG_004,169
GGAGGGCGCCACCCAACGGG_005,58
GGAGGGCGCCACCCAACGGG_006,41
GGAGGGCGCCACCCAACGGG_007,187
GGAGGGCGCCACCCAACGGG_008,192
GGAGGGCGCCACCCAACGGG_009,155
TCATGAGGATGGCTATTCAG_001,144
TCATGAGGATGGCTATTCAG_002,107
TCATGAGGATGGCTATTCAG_003,103
TCATGAGGATGGCTATTCAG_004,166
TGTTCGGTATGAAGACACAG_001,176
TGTTCGGTATGAAGACACAG_002,127
TGTTCGGTATGAAGACACAG_003,58
TGTTCGGTATGAAGACACAG_004,48
TGTTCGGTATGAAGACACAG_005,128
TGTTCGGTATGAAGACACAG_006,178
TGTTCGGTATGAAGACACAG_007,81
TGTTCGGTATGAAGACACAG_008,199
GTGGTCCCGCACCGTGCAGT_001,111
GTGGTCCCGCACCGTGCAGT_002,196
GTGGTCCCGCACCGTGCAGT_003,115
GTGGTCCCGCACCGTGCAGT_004,162
GTGGTCCCGCACCGTGCAGT_005,81
GTGGTCCCGCACCGTGCAGT_006,89
GTGGTCCCGCACCGTGCAGT_007,178
GTGGTCCCGCACCGTGCAGT_008,93
GTGGTCCCGCACCGTGCAGT_009,19
GTGGTCCCGCACCGTGCAGT_010,156
GTGGTCCCGCACCGTGCAGT_011,119
GTGGTCCCGCACCGTGCAGT_012,193
GTGGTCCCGCACCGTGCAGT_013,199
GTGGTCCCGCACCGTGCAGT_014,128
GTGGTCCCGCACCGTGCAGT_015,78
GTGGTCCCGCACCGTGCAGT_016,158
GTGGTCCCGCACCGTGCAGT_017,40
GTGGTCCCGCACCGTGCAGT_018,30
GTGGTCCCGCACCGTGCAGT_019,2
GTGGTCCCGCACCGTGCAGT_020,158
GTGGTCCCGCACCGTGCAGT_021,15
GTGGTCCCGCACCGTGCAGT_022,121
GTGGTCCCGCACCGTGCAGT_023,48
GTGGTCCCGCACCGTGCAGT_024,105
GTGGTCCCGCACCGTGCAGT_025,137
GTGGTCCCGCACCGTGCAGT_026,159
GTGGTCCCGCACCGTGCAGT_027,82
GTGGTCCCGCACCGTGCAGT_028,27
GTGGTCCCGCACCGTGCAGT_029,6
GTGGTCCCGCACCGTGCAGT_030,90
GTGGTCCCGCACCGTGCAGT_031,0
GTGGTCCCGCACCGTGCAGT_032,176
GTGGTCCCGCACCGTGCAGT_033,10
GTGGTCCCGCACCGTGCAGT_034,138
CCATTAGCGCATCACAGTCG_001,136
CCATTAGCGCATCACAGTCG_002,163
CCATTAGCGCATCACAGTCG_003,57
CCATTAGCGCATCACAGTCG_004,156
TTCTAGCCAAGAGGTCACAA_001,147
TTCTAGCCAAGAGGTCACAA_002,46
GGTGGAAAAGGCATACCCCG_001,84
GGTGGAAAAGGCATACCCCG_002,16
GGTGGAAAAGGCATACCCCG_003,169
GGTGGAAAAGGCATACCCCG_004,137
GGTGGAAAAGGCATACCCCG_005,197
GGTGGAAAAGGCATACCCCG_006,19
GGTGGAAAAGGCATACCCCG_007,16
GGTGGAAAAGGCATACCCCG_008,121
GGTGGAAAAGGCATACCCCG_009,146
GGTGGAAAAGGCATACCCCG_010,103
TGCATGTGAATCAGCTCCCT_001,150
TGCATGTGAATCAGCTCCCT_002,175
TGCATGTGAATCAGCTCCCT_003,175
TGCATGTGAATCAGCTCCCT_004,198
TGCATGTGAATCAGCTCCCT_005,15
TGCATGTGAATCAGCTCCCT_006,166
TGCATGTGAATCAGCTCCCT_007,96
TGCATGTGAATCAGCTCCCT_008,22
TGCATGTGAATCAGCTCCCT_009,32
TGCATGTGAATCAGCTCCCT_010,13
TGCATGTGAATCAGCTCCCT_011,19
TGCATGTGAATCAGCTCCCT_012,147
ACCACCGAATCTACCGGCGC_001,88
ACCACCGAATCTACCGGCGC_002,69
ACCACCGAATCTACCGGCGC_003,160
ACCACCGAATCTACCGGCGC_004,168
ACCACCGAATCTACCGGCGC_005,41
ACCACCGAATCTACCGGCGC_006,23
ACCACCGAATCTACCGGCGC_007,34
ACCACCGAATCTACCGGCGC_008,19
ACCACCGAATCTACCGGCGC_009,197
ACCACCGAATCTACCGGCGC_010,153
TCTGCGTCACCCGCTTCACG_001,56
TCTGCGTCACCCGCTTCACG_002,49
TCTGCGTCACCCGCTTCACG_003,94
TCTGCGTCACCCGCTTCACG_004,61
TCTGCGTCACCCGCTTCACG_005,15
TCTGCGTCACCCGCTTCACG_006,150
TCTGCGTCACCCGCTTCACG_007,107
TCTGCGTCACCCGCTTCACG_008,184
TCTGCGTCACCCGCTTCACG_009,163
TCTGCGTCACCCGCTTCACG_010,5
TCTGCGTCACCCGCTTCACG_011,142
TCTGCGTCACCCGCTTCACG_012,16
CTCCACGCTGCACATCATGT_001,49
CTCCACGCTGCACATCATGT_002,163
CTCCACGCTGCACATCATGT_003,16
TGGCTATCTTGGAGAGCTTG_001,77
TGGCTATCTTGGAGAGCTTG_002,15
TGGCTATCTTGGAGAGCTTG_003,70
TGGCTATCTTGGAGAGCTTG_004,122
TGGCTATCTTGGAGAGCTTG_005,194
TGGCTATCTTGGAGAGCTTG_006,115
TGGCTATCTTGGAGAGCTTG_007,175
TGGCTATCTTGGAGAGCTTG_008,128
TGGCTATCTTGGAGAGCTTG_009,70
TGGCTATCTTGGAGAGCTTG_010,82
TGGCTATCTTGGAGAGCTTG_011,29
TGGCTATCTTGGAGAGCTTG_012,133
TGGCTATCTTGGAGAGCTTG_013,68
GAGGTGGAAGGTAAACACAA_001,66
GAGGTGGAAGGTAAACACAA_002,57
GAGGTGGAAGGTAAACACAA_003,158
GAGGTGGAAGGTAAACACAA_004,155
GAGGTGGAAGGTAAACACAA_005,94
GAGGTGGAAGGTAAACACAA_006,10
GAGGTGGAAGGTAAACACAA_007,23
GAGGTGGAAGGTAAACACAA_008,64
GAGGTGGAAGGTAAACACAA_009,24
GAGGTGGAAGGTAAACACAA_010,118
GAGGTGGAAGGTAAACACAA_011,190
GAGGTGGAAGGTAAACACAA_012,117
CGGCTGAGGACATCACCCCC_001,197
ATAGCAAAGGAGTAGAATGA_001,32
ATAGCAAAGGAGTAGAATGA_002,162
ATAGCAAAGGAGTAGAATGA_003,73
ATAGCAAAGGAGTAGAATGA_004,88
ATAGCAAAGGAGTAGAATGA_005,139
ATAGCAAAGGAGTAGAATGA_006,44
ATAGCAAAGGAGTAGAATGA_007,58
ATAGCAAAGGAGTAGAATGA_008,108
ATAGCAAAGGAGTAGAATGA_009,6
ATAGCAAAGGAGTAGAATGA_010,121
ATAGCAAAGGAGTAGAATGA_011,58
ATAGCAAAGGAGTAGAATGA_012,127
ATAGCAAAGGAGTAGAATGA_013,150
ATAGCAAAGGAGTAGAATGA_014,62
ATAGCAAAGGAGTAGAATGA_015,90
ATAGCAAAGGAGTAGAATGA_016,52
ATAGCAAAGGAGTAGAATGA_017,115
ATAGCAAAGGAGTAGAATGA_018,88
ATAGCAAAGGAGTAGAATGA_019,106
ATAGCAAAGGAGTAGAATGA_020,178
ATAGCAAAGGAGTAGAATGA_021,178
ATAGCAAAGGAGTAGAATGA_022,178
ATAGCAAAGGAGTAGAATGA_023,111
CCTCACGCTACTCACATGCT_001,103
CCTCACGCTACTCACATGCT_002,103
CCTCACGCTACTCACATGCT_003,115
CCTCACGCTACTCACATGCT_004,175
CCTCACGCTACTCACATGCT_005,169
CCTCACGCTACTCACATGCT_006,37
CCTCACGCTACTCACATGCT_007,22
CCTCACGCTACTCACATGCT_008,6
CCTCACGCTACTCACATGCT_009,70
CCTCACGCTACTCACATGCT_010,48
CCTCACGCTACTCACATGCT_011,168
CTCACCGAAATATAGGGGTG_001,169
CTCACCGAAATATAGGGGTG_002,181
CTCACCGAAATATAGGGGTG_003,105
CTCACCGAAATATAGGGGTG_004,146
CTCACCGAAATATAGGGGTG_005,74
CTCACCGAAATATAGGGGTG_006,74
CTCACCGAAATATAGGGGTG_007,81
CTCACCGAAATATAGGGGTG_008,38
CTCACCGAAATATAGGGGTG_009,6
CTCACCGAAATATAGGGGTG_010,184
CTCACCGAAATATAGGGGTG_011,174
CTCACCGAAATATAGGGGTG_012,102
CTCACCGAAATATAGGGGTG_013,94
CTCACCGAAATATAGGGGTG_014,9
GGAACTTGCCCACTTCGTCG_001,82
GGAACTTGCCCACTTCGTCG_002,41
GGAACTTGCCCACTTCGTCG_003,19
GGAACTTGCCCACTTCGTCG_004,168
GGAACTTGCCCACTTCGTCG_005,191
GGAACTTGCCCACTTCGTCG_006,76
GGAACTTGCCCACTTCGTCG_007,3
GGAACTTGCCCACTTCGTCG_008,88
GGAACTTGCCCACTTCGTCG_009,126
GGAACTTGCCCACTTCGTCG_010,158
GACAGATATGTCATTCTGGG_001,49
GCCCAGCATGTTGGCGAAGA_001,16
GCCCAGCATGTTGGCGAAGA_002,150
GCCCAGCATGTTGGCGAAGA_003,28
GCCCAGCATGTTGGCGAAGA_004,39
GTAGTCTCATCAACCGACCG_001,162
GTAGTCTCATCAACCGACCG_002,169
GTAGTCTCATCAACCGACCG_003,139
GTAGTCTCATCAACCGACCG_004,102
GTAGTCTCATCAACCGACCG_005,113
GTAGTCTCATCAACCGACCG_006,82
GTAGTCTCATCAACCGACCG_007,185
GTAGTCTCATCAACCGACCG_008,108
TTCTCACCTTCATATATGGT_001,168
TTCTCACCTTCATATATGGT_002,151
TTCTCACCTTCATATATGGT_003,15
TTCTCACCTTCATATATGGT_004,109
TATTCAGAGCTGGAGCAACA_001,84
GTCACCACCATCCCAACCAT_001,146
GTCACCACCATCCCAACCAT_002,115
GTCACCACCATCCCAACCAT_003,162
GTCACCACCATCCCAACCAT_004,40
CCTCCACCAAAACCATCCGG_001,72
CCTCCACCAAAACCATCCGG_002,141
CCTCCACCAAAACCATCCGG_003,65
CCTCCACCAAAACCATCCGG_004,41
CCTCCACCAAAACCATCCGG_005,44
CCTCCACCAAAACCATCCGG_006,80
CCTCCACCAAAACCATCCGG_007,177
CCTCCACCAAAACCATCCGG_008,17
CCTCCACCAAAACCATCCGG_009,56
CCTCCACCAAAACCATCCGG_010,121
CCTCCACCAAAACCATCCGG_011,40
CCTCCACCAAAACCATCCGG_012,116
CCTCCACCAAAACCATCCGG_013,8
CCTCCACCAAAACCATCCGG_014,138
CCTCCACCAAAACCATCCGG_015,121
CCTCCACCAAAACCATCCGG_016,29
CCTCCACCAAAACCATCCGG_017,68
CCTCCACCAAAACCATCCGG_018,30
TCCGGCACACGCTGCACGTG_001,141
TCCGGCACACGCTGCACGTG_002,56
TCCGGCACACGCTGCACGTG_003,155
TCCGGCACACGCTGCACGTG_004,58
TCCGGCACACGCTGCACGTG_005,151
TCCGGCACACGCTGCACGTG_006,0
TCCGGCACACGCTGCACGTG_007,94
TCCGGCACACGCTGCACGTG_008,156
TCCGGCACACGCTGCACGTG_009,93
TCCGGCACACGCTGCACGTG_010,33
TCCGGCACACGCTGCACGTG_011,175
TCCGGCACACGCTGCACGTG_012,158
TCCGGCACACGCTGCACGTG_013,62
TCCGGCACACGCTGCACGTG_014,122
TCCGGCACACGCTGCACGTG_015,139
TCCGGCACACGCTGCACGTG_016,198
TCCGGCACACGCTGCACGTG_017,114
TCCGGCACACGCTGCACGTG_018,144
TCCGGCACACGCTGCACGTG_019,6
TCCGGCACACGCTGCACGTG_020,138
TCCGGCACACGCTGCACGTG_021,90
TCCGGCACACGCTGCACGTG_022,63
TCCGGCACACGCTGCACGTG_023,63
TCCGGCACACGCTGCACGTG_024,50
TCCGGCACACGCTGCACGTG_025,149
TCCGGCACACGCTGCACGTG_026,50
TCCGGCACACGCTGCACGTG_027,61
TCCGGCACACGCTGCACGTG_028,98
ACGATACCCTCATCGCGTCG_001,167
ACGATACCCTCATCGCGTCG_002,76
ACGATACCCTCATCGCGTCG_003,53
ACGATACCCTCATCGCGTCG_004,134
ACGATACCCTCATCGCGTCG_005,115
ACGATACCCTCATCGCGTCG_006,102
ACGATACCCTCATCGCGTCG_007,8
ACGATACCCTCATCGCGTCG_008,64
AAGGTGCCTAGGAGATGGCG_001,102
AAGGTGCCTAGGAGATGGCG_002,91
AAGGTGCCTAGGAGATGGCG_003,81
AAGGTGCCTAGGAGATGGCG_004,199
AAGGTGCCTAGGAGATGGCG_005,96
AAGGTGCCTAGGAGATGGCG_006,111
AAGGTGCCTAGGAGATGGCG_007,168
AAGGTGCCTAGGAGATGGCG_008,74
AAGGTGCCTAGGAGATGGCG_009,139
AAGGTGCCTAGGAGATGGCG_010,194
AAGGTGCCTAGGAGATGGCG_011,183
AAGGTGCCTAGGAGATGGCG_012,25
AAGGTGCCTAGGAGATGGCG_013,11
AAGGTGCCTAGGAGATGGCG_014,162
AAGGTGCCTAGGAGATGGCG_015,183
AAGGTGCCTAGGAGATGGCG_016,55
AAGGTGCCTAGGAGATGGCG_017,144
AAGGTGCCTAGGAGATGGCG_018,104
AAGGTGCCTAGGAGATGGCG_019,106
AAGGTGCCTAGGAGATGGCG_020,25
AAGGTGCCTAGGAGATGGCG_021,144
AAGGTGCCTAGGAGATGGCG_022,0
AAGGTGCCTAGGAGATGGCG_023,184
AAGGTGCCTAGGAGATGGCG_024,198
AAGGTGCCTAGGAGATGGCG_025,19
AAGGTGCCTAGGAGATGGCG_026,1
AAGGTGCCTAGGAGATGGCG_027,27
AAGGTGCCTAGGAGATGGCG_028,164
AAGGTGCCTAGGAGATGGCG_029,126
AAGGTGCCTAGGAGATGGCG_030,124
AAGGTGCCTAGGAGATGGCG_031,124
AAGGTGCCTAGGAGATGGCG_032,121
AAGGTGCCTAGGAGATGGCG_033,197
TTGATGGCCATGAGTATGCG_001,76
TTGATGGCCATGAGTATGCG_002,53
TTGATGGCCATGAGTATGCG_003,160
TTGATGGCCATGAGTATGCG_004,139
TTGATGGCCATGAGTATGCG_005,43
TTGATGGCCATGAGTATGCG_006,159
TTGATGGCCATGAGTATGCG_007,139
TTGATGGCCATGAGTATGCG_008,151
TTGATGGCCATGAGTATGCG_009,6
TTGATGGCCATGAGTATGCG_010,89
TTGATGGCCATGAGTATGCG_011,37
TTGATGGCCATGAGTATGCG_012,56
TTGATGGCCATGAGTATGCG_013,43
TTGATGGCCATGAGTATGCG_014,191
TTGATGGCCATGAGTATGCG_015,48
TTGATGGCCATGAGTATGCG_016,119
GCAGAAGCGTAGTCGGCCAG_001,194
GCAGAAGCGTAGTCGGCCAG_002,197
GCAGAAGCGTAGTCGGCCAG_003,33
GCAGAAGCGTAGTCGGCCAG_004,160
GCAGAAGCGTAGTCGGCCAG_005,127
GCAGAAGCGTAGTCGGCCAG_006,116
GCAGAAGCGTAGTCGGCCAG_007,22
GCACACTTGGCACAGCCCAG_001,11
GCACACTTGGCACAGCCCAG_002,140
GCACACTTGGCACAGCCCAG_003,0
GCACACTTGGCACAGCCCAG_004,169
GCACACTTGGCACAGCCCAG_005,117
GCACACTTGGCACAGCCCAG_006,162
GCACACTTGGCACAGCCCAG_007,189
GCACACTTGGCACAGCCCAG_008,137
GCACACTTGGCACAGCCCAG_009,48
GCACACTTGGCACAGCCCAG_010,133
GCACACTTGGCACAGCCCAG_011,164
GCACACTTGGCACAGCCCAG_012,164
ATAACCTGCGCACCGACAGG_001,91
CTGTTTGAGGAAGTCTCGAG_001,161
CTGTTTGAGGAAGTCTCGAG_002,29
CTGTTTGAGGAAGTCTCGAG_003,48
CTGTTTGAGGAAGTCTCGAG_004,105
CTGTTTGAGGAAGTCTCGAG_005,127
CTGTTTGAGGAAGTCTCGAG_006,41
CTGTTTGAGGAAGTCTCGAG_007,96
CTGTTTGAGGAAGTCTCGAG_008,195
CTGTTTGAGGAAGTCTCGAG_009,105
CTGTTTGAGGAAGTCTCGAG_010,61
CTGTTTGAGGAAGTCTCGAG_011,12
CTGTTTGAGGAAGTCTCGAG_012,68
CTGTTTGAGGAAGTCTCGAG_013,138
CTGTTTGAGGAAGTCTCGAG_014,142
CTGTTTGAGGAAGTCTCGAG_015,156
CTGTTTGAGGAAGTCTCGAG_016,130
CTGTTTGAGGAAGTCTCGAG_017,77
CTGTTTGAGGAAGTCTCGAG_018,81
CTGTTTGAGGAAGTCTCGAG_019,134
CTGTTTGAGGAAGTCTCGAG_020,27
CTGTTTGAGGAAGTCTCGAG_021,62
CTGTTTGAGGAAGTCTCGAG_022,112
CTGTTTGAGGAAGTCTCGAG_023,65
CTGTTTGAGGAAGTCTCGAG_024,148
CTGTTTGAGGAAGTCTCGAG_025,69
CTGTTTGAGGAAGTCTCGAG_026,116
CTGTTTGAGGAAGTCTCGAG_027,174
CTGTTTGAGGAAGTCTCGAG_028,165
CTGTTTGAGGAAGTCTCGAG_029,116
GTACGAGTCGAAGTTCGGAA_001,38
GTACGAGTCGAAGTTCGGAA_002,62
GTACGAGTCGAAGTTCGGAA_003,187
GTACGAGTCGAAGTTCGGAA_004,33
GTACGAGTCGAAGTTCGGAA_005,64
GTACGAGTCGAAGTTCGGAA_006,65
GTACGAGTCGAAGTTCGGAA_007,97
GTACGAGTCGAAGTTCGGAA_008,66
GTACGAGTCGAAGTTCGGAA_009,182
GTACGAGTCGAAGTTCGGAA_010,1
GTACGAGTCGAAGTTCGGAA_011,9
GTACGAGTCGAAGTTCGGAA_012,52
GTACGAGTCGAAGTTCGGAA_013,157
GTACGAGTCGAAGTTCGGAA_014,88
GTACGAGTCGAAGTTCGGAA_015,0
GTACGAGTCGAAGTTCGGAA_016,166
GTACGAGTCGAAGTTCGGAA_017,58
GTACGAGTCGAAGTTCGGAA_018,96
GTACGAGTCGAAGTTCGGAA_019,0
GTACGAGTCGAAGTTCGGAA_020,91
TCCTGTTAGGTCAAAACAGG_001,19
TCCTGTTAGGTCAAAACAGG_002,12
TCCTGTTAGGTCAAAACAGG_003,20
TCCTGTTAGGTCAAAACAGG_004,119
TCCTGTTAGGTCAAAACAGG_005,191
ACAAGGCGATAGATGTAACA_001,41
ACAAGGCGATAGATGTAACA_002,120
ACAAGGCGATAGATGTAACA_003,78
ACAAGGCGATAGATGTAACA_004,155
ACAAGGCGATAGATGTAACA_005,188
ACAAGGCGATAGATGTAACA_006,1
ACAAGGCGATAGATGTAACA_007,155
AGCCAGGCCTCCGTACCAGG_001,193
AGCCAGGCCTCCGTACCAGG_002,59
AGCCAGGCCTCCGTACCAGG_003,70
AGCCAGGCCTCCGTACCAGG_004,1
AGCCAGGCCTCCGTACCAGG_005,192
AGCCAGGCCTCCGTACCAGG_006,146
AGCCAGGCCTCCGTACCAGG_007,27
AGCCAGGCCTCCGTACCAGG_008,102
AGCCAGGCCTCCGTACCAGG_009,158
AGCCAGGCCTCCGTACCAGG_010,116
AGCCAGGCCTCCGTACCAGG_011,116
AGCCAGGCCTCCGTACCAGG_012,153
AGCCAGGCCTCCGTACCAGG_013,160
AGCCAGGCCTCCGTACCAGG_014,145
AGCCAGGCCTCCGTACCAGG_015,132
AGCCAGGCCTCCGTACCAGG_016,56
AGCCAGGCCTCCGTACCAGG_017,138
AGCCAGGCCTCCGTACCAGG_018,139
AGCCAGGCCTCCGTACCAGG_019,76
AGCCAGGCCTCCGTACCAGG_020,88
AGCCAGGCCTCCGTACCAGG_021,25
AGCCAGGCCTCCGTACCAGG_022,93
AGCCAGGCCTCCGTACCAGG_023,159
AGCCAGGCCTCCGTACCAGG_024,118
AGCCAGGCCTCCGTACCAGG_025,71
AGCCAGGCCTCCGTACCAGG_026,185
AGCCAGGCCTCCGTACCAGG_027,75
AGCCAGGCCTCCGTACCAGG_028,105
AGCCAGGCCTCCGTACCAGG_029,155
AGCCAGGCCTCCGTACCAGG_030,124
TGGTTCGCTACTGACCCGGG_001,47
TGGTTCGCTACTGACCCGGG_002,171
TGGTTCGCTACTGACCCGGG_003,108
TGGTTCGCTACTGACCCGGG_004,78
TGGTTCGCTACTGACCCGGG_005,129
TGGTTCGCTACTGACCCGGG_006,139
TGGTTCGCTACTGACCCGGG_007,119
TGGTTCGCTACTGACCCGGG_008,26
TGGTTCGCTACTGACCCGGG_009,120
TGGTTCGCTACTGACCCGGG_010,58
TGGTTCGCTACTGACCCGGG_011,105
TGGTTCGCTACTGACCCGGG_012,141
GGCAGCAGTTCACTATACTG_001,65
GGCAGCAGTTCACTATACTG_002,65
GGCAGCAGTTCACTATACTG_003,116
GGCAGCAGTTCACTATACTG_004,19
GGCAGCAGTTCACTATACTG_005,13
GGCAGCAGTTCACTATACTG_006,178
GGCAGCAGTTCACTATACTG_007,32
GGCAGCAGTTCACTATACTG_008,136
GGCAGCAGTTCACTATACTG_009,105
GGCAGCAGTTCACTATACTG_010,28
GGCAGCAGTTCACTATACTG_011,111
CGAGGTGGATTCGTCGCCGT_001,17
CGAGGTGGATTCGTCGCCGT_002,169
CGAGGTGGATTCGTCGCCGT_003,149
CGAGGTGGATTCGTCGCCGT_004,110
CGAGGTGGATTCGTCGCCGT_005,75
AGGGATGGAGATCCAGTACT_001,94
AGGGATGGAGATCCAGTACT_002,168
AGGGATGGAGATCCAGTACT_003,76
AGGGATGGAGATCCAGTACT_004,50
AGGGATGGAGATCCAGTACT_005,120
AGGGATGGAGATCCAGTACT_006,60
AGGGATGGAGATCCAGTACT_007,35
AGGGATGGAGATCCAGTACT_008,76
AGGGATGGAGATCCAGTACT_009,148
CAAGGTTAAGTCTATCTACG_001,91
CAAGGTTAAGTCTATCTACG_002,178
CAAGGTTAAGTCTATCTACG_003,68
CAAGGTTAAGTCTATCTACG_004,126
CAAGGTTAAGTCTATCTACG_005,58
CAAGGTTAAGTCTATCTACG_006,10
CAAGGTTAAGTCTATCTACG_007,144
AGGAAAAAGAAGGACACGCA_001,48
AGGAAAAAGAAGGACACGCA_002,141
AGGAAAAAGAAGGACACGCA_003,154
AGGAAAAAGAAGGACACGCA_004,47
AGGAAAAAGAAGGACACGCA_005,19
AGGAAAAAGAAGGACACGCA_006,113
AGGAAAAAGAAGGACACGCA_007,130
AGGAAAAAGAAGGACACGCA_008,186
AGGAAAAAGAAGGACACGCA_009,12
AGGAAAAAGAAGGACACGCA_010,175
AGGAAAAAGAAGGACACGCA_011,95
AGGAAAAAGAAGGACACGCA_012,139
AGGAAAAAGAAGGACACGCA_013,17
AGGAAAAAGAAGGACACGCA_014,149
AATACGCTATGACCATAGCA_001,66
AATACGCTATGACCATAGCA_002,159
AATACGCTATGACCATAGCA_003,131
AATACGCTATGACCATAGCA_004,52
AATACGCTATGACCATAGCA_005,136
AATACGCTATGACCATAGCA_006,126
AATACGCTATGACCATAGCA_007,199
ACGGAGACAATGACACCAGG_001,37
ACGGAGACAATGACACCAGG_002,86
ACGGAGACAATGACACCAGG_003,76
ACGGAGACAATGACACCAGG_004,140
ACGGAGACAATGACACCAGG_005,61
ACGGAGACAATGACACCAGG_006,185
ACGGAGACAATGACACCAGG_007,14
ACGGAGACAATGACACCAGG_008,136
ACGGAGACAATGACACCAGG_009,6
TCTGCTAGATGCTTTATCTG_001,88
TCTGCTAGATGCTTTATCTG_002,34
TCTGCTAGATGCTTTATCTG_003,149
TCTGCTAGATGCTTTATCTG_004,13
TCTGCTAGATGCTTTATCTG_005,2
TCTGCTAGATGCTTTATCTG_006,2
TCTGCTAGATGCTTTATCTG_007,170
ATGCCCGGGAGATTTCGGAT_001,93
ATGCCCGGGAGATTTCGGAT_002,92
ATGCCCGGGAGATTTCGGAT_003,56
ATGCCCGGGAGATTTCGGAT_004,162
ATGCCCGGGAGATTTCGGAT_005,40
ATGCCCGGGAGATTTCGGAT_006,35
CGAGATGGAGAAGAGTAAGC_001,95
CGAGATGGAGAAGAGTAAGC_002,50
CGAGATGGAGAAGAGTAAGC_003,84
CGAGATGGAGAAGAGTAAGC_004,182
CGAGATGGAGAAGAGTAAGC_005,108
CGAGATGGAGAAGAGTAAGC_006,177
CGAGATGGAGAAGAGTAAGC_007,70
CGAGATGGAGAAGAGTAAGC_008,15
CGAGATGGAGAAGAGTAAGC_009,92
CGAGATGGAGAAGAGTAAGC_010,149
CGAGATGGAGAAGAGTAAGC_011,115
CGAGATGGAGAAGAGTAAGC_012,3
CGAGATGGAGAAGAGTAAGC_013,62
CGAGATGGAGAAGAGTAAGC_014,102
CGAGATGGAGAAGAGTAAGC_015,173
CGAGATGGAGAAGAGTAAGC_016,173
AGGGTGGCGTACAGGCGATG_001,48
AGGGTGGCGTACAGGCGATG_002,162
AGGGTGGCGTACAGGCGATG_003,9
AGGGTGGCGTACAGGCGATG_004,50
AGGGTGGCGTACAGGCGATG_005,59
AGGGTGGCGTACAGGCGATG_006,177
AGGGTGGCGTACAGGCGATG_007,10
TTCATCATGGACACTATCGG_001,176
TTCATCATGGACACTATCGG_002,199
TTCATCATGGACACTATCGG_003,197
TTCATCATGGACACTATCGG_004,33
TTCATCATGGACACTATCGG_005,82
TTCATCATGGACACTATCGG_006,197
TTAATTTCTGATAATCGTGG_001,145
AGGGAAGTGAGAGTCAACTG_001,8
AGGGAAGTGAGAGTCAACTG_002,141
AGAGGTGCTGATGTTCGAGA_001,78
AGAGGTGCTGATGTTCGAGA_002,153
AGAGGTGCTGATGTTCGAGA_003,162
AGAGGTGCTGATGTTCGAGA_004,187
AGAGGTGCTGATGTTCGAGA_005,187
AGAGGTGCTGATGTTCGAGA_006,47
AGAGGTGCTGATGTTCGAGA_007,137
AGAGGTGCTGATGTTCGAGA_008,65
TGATGTGCTGAAGCCCTATG_001,52
TGATGTGCTGAAGCCCTATG_002,115
TGATGTGCTGAAGCCCTATG_003,53
TGATGTGCTGAAGCCCTATG_004,181
TGATGTGCTGAAGCCCTATG_005,144
TGATGTGCTGAAGCCCTATG_006,42
TGATGTGCTGAAGCCCTATG_007,13
TGATGTGCTGAAGCCCTATG_008,113
TGATGTGCTGAAGCCCTATG_009,12
TGATGTGCTGAAGCCCTATG_010,170
TGATGTGCTGAAGCCCTATG_011,124
TGATGTGCTGAAGCCCTATG_012,105
TGATGTGCTGAAGCCCTATG_013,156
GGGATGAGGAGGCTTCTCCC_001,191
GGGATGAGGAGGCTTCTCCC_002,118
GGGATGAGGAGGCTTCTCCC_003,188
GGGATGAGGAGGCTTCTCCC_004,187
GGGATGAGGAGGCTTCTCCC_005,191
GTCCAGACTTACCTATCAGT_001,119
GTCCAGACTTACCTATCAGT_002,197
GTCCAGACTTACCTATCAGT_003,9
GTCCAGACTTACCTATCAGT_004,88
GTCCAGACTTACCTATCAGT_005,48
CCTCCTCTTCACAACCGGGT_001,19
CCTCCTCTTCACAACCGGGT_002,85
CCTCCTCTTCACAACCGGGT_003,24
CCTCCTCTTCACAACCGGGT_004,40
CCTCCTCTTCACAACCGGGT_005,149
CCTCCTCTTCACAACCGGGT_006,189
CCTCCGATAAATCACCCGGT_001,16
GTTGTTAATGAACTTATGAG_001,9
CCCAAAACCAATACTTGTCG_001,48
CCCAAAACCAATACTTGTCG_002,15
CCCAAAACCAATACTTGTCG_003,49
CCCAAAACCAATACTTGTCG_004,63
CCCAAAACCAATACTTGTCG_005,168
CCCAAAACCAATACTTGTCG_006,117
TTCTGAGATGCACTGTAAGG_001,137
TTCTGAGATGCACTGTAAGG_002,92
TTCTGAGATGCACTGTAAGG_003,43
TTCTGAGATGCACTGTAAGG_004,12
TTCTGAGATGCACTGTAAGG_005,22
ACTCCAAGAATAACTTGATG_001,71
ACTCCAAGAATAACTTGATG_002,115
CCATGTGTACCAAGACGCTG_001,105
CCATGTGTACCAAGACGCTG_002,29
CCATGTGTACCAAGACGCTG_003,170
CCATGTGTACCAAGACGCTG_004,80
CCATGTGTACCAAGACGCTG_005,83
CCATGTGTACCAAGACGCTG_006,159
CCATGTGTACCAAGACGCTG_007,106
CCATGTGTACCAAGACGCTG_008,9
CCATGTGTACCAAGACGCTG_009,64
CCATGTGTACCAAGACGCTG_010,196
CCATGTGTACCAAGACGCTG_011,75
CCATGTGTACCAAGACGCTG_012,170
CCATGTGTACCAAGACGCTG_013,194
CCATGTGTACCAAGACGCTG_014,95
CCATGTGTACCAAGACGCTG_015,136
CCATGTGTACCAAGACGCTG_016,169
CCATGTGTACCAAGACGCTG_017,154
CCATGTGTACCAAGACGCTG_018,46
CCATGTGTACCAAGACGCTG_019,106
CCATGTGTACCAAGACGCTG_020,188
CCATGTGTACCAAGACGCTG_021,153
GGTCGCGACACTGACCTAGA_001,34
GGTCGCGACACTGACCTAGA_002,189
GGTCGCGACACTGACCTAGA_003,12
GGTCGCGACACTGACCTAGA_004,120
GGTCGCGACACTGACCTAGA_005,180
GGTCGCGACACTGACCTAGA_006,175
GGTCGCGACACTGACCTAGA_007,144
GGTCGCGACACTGACCTAGA_008,68
GGTCGCGACACTGACCTAGA_009,178
GGTCGCGACACTGACCTAGA_010,178
GGTCGCGACACTGACCTAGA_011,177
TTACACAATCGGTTATACAT_001,150
TTACACAATCGGTTATACAT_002,36
TTACACAATCGGTTATACAT_003,160
TTACACAATCGGTTATACAT_004,191
TTACACAATCGGTTATACAT_005,145
CACCAATGCGCACGTCAGCG_001,149
CACCAATGCGCACGTCAGCG_002,105
CACCAATGCGCACGTCAGCG_003,191
GTCTACTGTGAGAATAAGTG_001,17
GTCTACTGTGAGAATAAGTG_002,42
GTCTACTGTGAGAATAAGTG_003,195
GTCTACTGTGAGAATAAGTG_004,42
GTCTACTGTGAGAATAAGTG_005,191
GTCTACTGTGAGAATAAGTG_006,48
TAAGTGTGGCAGTACCCATG_001,169
TAAGTGTGGCAGTACCCATG_002,184
TAAGTGTGGCAGTACCCATG_003,36
TAAGTGTGGCAGTACCCATG_004,23
TAAGTGTGGCAGTACCCATG_005,186
TAAGTGTGGCAGTACCCATG_006,174
TAAGTGTGGCAGTACCCATG_007,50
TAAGTGTGGCAGTACCCATG_008,1
TAAGTGTGGCAGTACCCATG_009,158
TAAGTGTGGCAGTACCCATG_010,6
TAAGTGTGGCAGTACCCATG_011,105
TAAGTGTGGCAGTACCCATG_012,133
TAAGTGTGGCAGTACCCATG_013,127
TAAGTGTGGCAGTACCCATG_014,170
TAAGTGTGGCAGTACCCATG_015,36
TAAGTGTGGCAGTACCCATG_016,115
TAAGTGTGGCAGTACCCATG_017,182
TAAGTGTGGCAGTACCCATG_018,86
TAAGTGTGGCAGTACCCATG_019,12
TAAGTGTGGCAGTACCCATG_020,126
TAAGTGTGGCAGTACCCATG_021,151
TAAGTGTGGCAGTACCCATG_022,48
TAAGTGTGGCAGTACCCATG_023,187
TAAGTGTGGCAGTACCCATG_024,78
TAAGTGTGGCAGTACCCATG_025,1
GGAAGTGATACTGAGGAGAG_001,27
GGAAGTGATACTGAGGAGAG_002,94
GGAAGTGATACTGAGGAGAG_003,155
GGAAGTGATACTGAGGAGAG_004,107
GGAAGTGATACTGAGGAGAG_005,144
GGAAGTGATACTGAGGAGAG_006,78
GGAAGTGATACTGAGGAGAG_007,172
GGAAGTGATACTGAGGAGAG_008,182
TCGCGCTTGGGTTATACGCT_001,183
TCGCGCTTGGGTTATACGCT_002,106
TCGCGCTTGGGTTATACGCT_003,171
TCGCGCTTGGGTTATACGCT_004,167
TCGCGCTTGGGTTATACGCT_005,53
TCGCGCTTGGGTTATACGCT_006,116
TCGCGCTTGGGTTATACGCT_007,7
TCGCGCTTGGGTTATACGCT_008,16
TCGCGCTTGGGTTATACGCT_009,168
TCGCGCTTGGGTTATACGCT_010,136
TCGCGCTTGGGTTATACGCT_011,55
TCGCGCTTGGGTTATACGCT_012,72
TCGCGCTTGGGTTATACGCT_013,1
TCGCGCTTGGGTTATACGCT_014,162
TCGCGCTTGGGTTATACGCT_015,35
TCGCGCTTGGGTTATACGCT_016,16
TCGCGCTTGGGTTATACGCT_017,83
TCGCGCTTGGGTTATACGCT_018,198
TCGCGCTTGGGTTATACGCT_019,60
TCGCGCTTGGGTTATACGCT_020,125
TCGCGCTTGGGTTATACGCT_021,76
TCGCGCTTGGGTTATACGCT_022,87
TCGCGCTTGGGTTATACGCT_023,115
TCGCGCTTGGGTTATACGCT_024,9
TCGCGCTTGGGTTATACGCT_025,8
TCGCGCTTGGGTTATACGCT_026,184
TCGCGCTTGGGTTATACGCT_027,60
TCGCGCTTGGGTTATACGCT_028,198
TCGCGCTTGGGTTATACGCT_029,160
TCGCGCTTGGGTTATACGCT_030,93
TCGCGCTTGGGTTATACGCT_031,2
TCGCGCTTGGGTTATACGCT_032,76
TCGCGCTTGGGTTATACGCT_033,162
TCGCGCTTGGGTTATACGCT_034,117
TCGCGCTTGGGTTATACGCT_035,38
TGAGCTATCCACTCTCCGAA_001,197
TGAGCTATCCACTCTCCGAA_002,20
TGAGCTATCCACTCTCCGAA_003,86
TGAGCTATCCACTCTCCGAA_004,188
TGAGCTATCCACTCTCCGAA_005,88
TGAGCTATCCACTCTCCGAA_006,57
TGAGCTATCCACTCTCCGAA_007,125
TGAGCTATCCACTCTCCGAA_008,47
TGAGCTATCCACTCTCCGAA_009,69
GCTAAACTTAGAAGCATGGT_001,141
GCTAAACTTAGAAGCATGGT_002,112
GCTAAACTTAGAAGCATGGT_003,65
GCTAAACTTAGAAGCATGGT_004,53
GCTAAACTTAGAAGCATGGT_005,32
GCTAAACTTAGAAGCATGGT_006,61
GCTAAACTTAGAAGCATGGT_007,39
GCTAAACTTAGAAGCATGGT_008,40
GCTAAACTTAGAAGCATGGT_009,126
GCTAAACTTAGAAGCATGGT_010,145
GCTAAACTTAGAAGCATGGT_011,2
GCTAAACTTAGAAGCATGGT_012,139
GCTAAACTTAGAAGCATGGT_013,73
GCTAAACTTAGAAGCATGGT_014,129
GCTAAACTTAGAAGCATGGT_015,187
GCTAAACTTAGAAGCATGGT_016,81
GCTAAACTTAGAAGCATGGT_017,152
GCTAAACTTAGAAGCATGGT_018,81
GCTAAACTTAGAAGCATGGT_019,28
GCTAAACTTAGAAGCATGGT_020,127
AGCACCCCCGAATCGCCCCC_001,97
AGCACCCCCGAATCGCCCCC_002,88
AGCACCCCCGAATCGCCCCC_003,184
AGCACCCCCGAATCGCCCCC_004,178
AGCACCCCCGAATCGCCCCC_005,62
AGCACCCCCGAATCGCCCCC_006,153
CAACATGTCCACACTCTGAG_001,58
CAACATGTCCACACTCTGAG_002,88
CAACATGTCCACACTCTGAG_003,45
CAACATGTCCACACTCTGAG_004,120
CAACATGTCCACACTCTGAG_005,129
CAACATGTCCACACTCTGAG_006,41
CAACATGTCCACACTCTGAG_007,152
CAACATGTCCACACTCTGAG_008,68
CAACATGTCCACACTCTGAG_009,20
AATATTTATGAGCTAATACG_001,136
AATATTTATGAGCTAATACG_002,77
AATATTTATGAGCTAATACG_003,9
GTACTTGGCCGTGTAATCGC_001,51
GTACTTGGCCGTGTAATCGC_002,144
GTACTTGGCCGTGTAATCGC_003,6
TAACTTACCATAGACATCTG_001,17
TAACTTACCATAGACATCTG_002,48
TAACTTACCATAGACATCTG_003,132
TAACTTACCATAGACATCTG_004,181
TAACTTACCATAGACATCTG_005,94
TAACTTACCATAGACATCTG_006,13
TAACTTACCATAGACATCTG_007,118
TAACTTACCATAGACATCTG_008,83
TAACTTACCATAGACATCTG_009,92
TAACTTACCATAGACATCTG_010,25
TAACTTACCATAGACATCTG_011,55
CTTTACATAATAGTATCTGA_001,154
CTTTACATAATAGTATCTGA_002,62
CTTTACATAATAGTATCTGA_003,78
CTTTACATAATAGTATCTGA_004,63
CTTTACATAATAGTATCTGA_005,35
CTTTACATAATAGTATCTGA_006,41
CTTTACATAATAGTATCTGA_007,25
CTTTACATAATAGTATCTGA_008,128
TTGGAACTCGGACTCCAGGT_001,183
TTGGAACTCGGACTCCAGGT_002,175
TTGGAACTCGGACTCCAGGT_003,40
TTGGAACTCGGACTCCAGGT_004,146
TTGGAACTCGGACTCCAGGT_005,16
TTGGAACTCGGACTCCAGGT_006,145
ACCCTGGCCATTGAGCGCCG_001,107
ACCCTGGCCATTGAGCGCCG_002,17
ACCCTGGCCATTGAGCGCCG_003,1
ACCCTGGCCATTGAGCGCCG_004,197
ACCCTGGCCATTGAGCGCCG_005,135
ACCCTGGCCATTGAGCGCCG_006,36
ACCCTGGCCATTGAGCGCCG_007,47
ACCCTGGCCATTGAGCGCCG_008,38
ACCCTGGCCATTGAGCGCCG_009,158
TGATGCGGATGTCGTTAATG_001,160
TGATGCGGATGTCGTTAATG_002,48
TGATGCGGATGTCGTTAATG_003,62
TGATGCGGATGTCGTTAATG_004,159
TGATGCGGATGTCGTTAATG_005,169
TGATGCGGATGTCGTTAATG_006,49
AGCAACCAACAAATTCTGGT_001,9
AGCAACCAACAAATTCTGGT_002,160
AGCAACCAACAAATTCTGGT_003,27
AGCAACCAACAAATTCTGGT_004,186
AGCAACCAACAAATTCTGGT_005,103
AGCAACCAACAAATTCTGGT_006,166
AGCAACCAACAAATTCTGGT_007,135
AGCAACCAACAAATTCTGGT_008,48
AGCAACCAACAAATTCTGGT_009,118
AGCAACCAACAAATTCTGGT_010,106
AGCAACCAACAAATTCTGGT_011,1
AGCAACCAACAAATTCTGGT_012,26
AGCAACCAACAAATTCTGGT_013,131
AGCAACCAACAAATTCTGGT_014,90
AGCAACCAACAAATTCTGGT_015,63
AGCAACCAACAAATTCTGGT_016,39
AGCAACCAACAAATTCTGGT_017,124
AGCAACCAACAAATTCTGGT_018,191
ACAGACAGGTGCTTTCCACA_001,147
ACAGACAGGTGCTTTCCACA_002,191
ACAGACAGGTGCTTTCCACA_003,181
ACAGACAGGTGCTTTCCACA_004,48
ACAGACAGGTGCTTTCCACA_005,16
ACAGACAGGTGCTTTCCACA_006,115
TCACAATCAGACAAGAGCCA_001,63
TCACAATCAGACAAGAGCCA_002,45
TCACAATCAGACAAGAGCCA_003,117
TCACAATCAGACAAGAGCCA_004,174
TCACAATCAGACAAGAGCCA_005,146
TCACAATCAGACAAGAGCCA_006,23
TCACAATCAGACAAGAGCCA_007,37
TCACAATCAGACAAGAGCCA_008,28
TCACAATCAGACAAGAGCCA_009,17
GCCTTACCTTGCAATCGTTG_001,173
GCCTTACCTTGCAATCGTTG_002,17
TCACGGAACTCATGCGCAAG_001,172
TCACGGAACTCATGCGCAAG_002,10
TCACGGAACTCATGCGCAAG_003,130
TCACGGAACTCATGCGCAAG_004,48
TCACGGAACTCATGCGCAAG_005,60
TCACGGAACTCATGCGCAAG_006,125
TCACGGAACTCATGCGCAAG_007,142
TCACGGAACTCATGCGCAAG_008,35
CTTACTGTTTAGGCCCACGG_001,115
CTTACTGTTTAGGCCCACGG_002,198
CTTACTGTTTAGGCCCACGG_003,115
CTTACTGTTTAGGCCCACGG_004,86
TCAGCGATGAAACGTTTGCG_001,6
TCAGCGATGAAACGTTTGCG_002,178
TCAGCGATGAAACGTTTGCG_003,62
TCAGCGATGAAACGTTTGCG_004,15
TCAGCGATGAAACGTTTGCG_005,113
TCAGCGATGAAACGTTTGCG_006,137
TCAGCGATGAAACGTTTGCG_007,113
TCAGCGATGAAACGTTTGCG_008,179
TCAGCGATGAAACGTTTGCG_009,111
TCAGCGATGAAACGTTTGCG_010,32
TGTGTGGTAATTGCAGACGC_001,170
TGTGTGGTAATTGCAGACGC_002,198
TGTGTGGTAATTGCAGACGC_003,142
TGTGTGGTAATTGCAGACGC_004,138
TGTGTGGTAATTGCAGACGC_005,105
TGTGTGGTAATTGCAGACGC_006,65
TGTGTGGTAATTGCAGACGC_007,121
TGTGTGGTAATTGCAGACGC_008,137
TGTGTGGTAATTGCAGACGC_009,65
TGTGTGGTAATTGCAGACGC_010,1
TGTGTGGTAATTGCAGACGC_011,33
TGTGTGGTAATTGCAGACGC_012,13
TGTGTGGTAATTGCAGACGC_013,192
TGTGTGGTAATTGCAGACGC_014,115
TGTGTGGTAATTGCAGACGC_015,175
TGTGTGGTAATTGCAGACGC_016,136
TGTGTGGTAATTGCAGACGC_017,198
TGTGTGGTAATTGCAGACGC_018,171
TGTGTGGTAATTGCAGACGC_019,169
TGTGTGGTAATTGCAGACGC_020,43
TGTGTGGTAATTGCAGACGC_021,30
CCTAAATCCTGCACGCACGG_001,83
CCTAAATCCTGCACGCACGG_002,168
ACAAGCTCGGACAGTCCATG_001,32
ACAAGCTCGGACAGTCCATG_002,28
ACAAGCTCGGACAGTCCATG_003,19
ACAAGCTCGGACAGTCCATG_004,77
ACAAGCTCGGACAGTCCATG_005,126
ACAAGCTCGGACAGTCCATG_006,192
ACAAGCTCGGACAGTCCATG_007,85
ACAAGCTCGGACAGTCCATG_008,21
ACAAGCTCGGACAGTCCATG_009,8
ACAAGCTCGGACAGTCCATG_010,22
ACAAGCTCGGACAGTCCATG_011,69
GAGTTTGGATAGCATCTCAG_001,105
GAGTTTGGATAGCATCTCAG_002,190
GAGTTTGGATAGCATCTCAG_003,29
GAGTTTGGATAGCATCTCAG_004,105
GAGTTTGGATAGCATCTCAG_005,179
GAGTTTGGATAGCATCTCAG_006,176
GAGTTTGGATAGCATCTCAG_007,127
GAGTTTGGATAGCATCTCAG_008,92
GAGTTTGGATAGCATCTCAG_009,22
GAGTTTGGATAGCATCTCAG_010,148
GAGTTTGGATAGCATCTCAG_011,85
GAGTTTGGATAGCATCTCAG_012,37
GAGTTTGGATAGCATCTCAG_013,19
GAGTTTGGATAGCATCTCAG_014,25
GATAATGATTGATGCAGCTG_001,58
GATAATGATTGATGCAGCTG_002,48
GATAATGATTGATGCAGCTG_003,115
GATAATGATTGATGCAGCTG_004,65
GATAATGATTGATGCAGCTG_005,57
GATAATGATTGATGCAGCTG_006,183
GATAATGATTGATGCAGCTG_007,166
CTCCGCCCTATGGACCCCAG_001,165
CTCCGCCCTATGGACCCCAG_002,28
CTCCGCCCTATGGACCCCAG_003,123
CTCCGCCCTATGGACCCCAG_004,22
CTCCGCCCTATGGACCCCAG_005,155
CTCCGCCCTATGGACCCCAG_006,122
CTCCGCCCTATGGACCCCAG_007,115
CTCCGCCCTATGGACCCCAG_008,125
CTCCGCCCTATGGACCCCAG_009,64
CTCCGCCCTATGGACCCCAG_010,137
CCCTTAACTAGCCCGGACAG_001,137
CCCTTAACTAGCCCGGACAG_002,102
CCCTTAACTAGCCCGGACAG_003,184
CCCTTAACTAGCCCGGACAG_004,2
CCCTTAACTAGCCCGGACAG_005,130
CCCTTAACTAGCCCGGACAG_006,168
CCCTTAACTAGCCCGGACAG_007,26
CCCTTAACTAGCCCGGACAG_008,68
CCCTTAACTAGCCCGGACAG_009,70
CCCTTAACTAGCCCGGACAG_010,119
CATGCTCAAGGCCATCTGTG_001,186
CATGCTCAAGGCCATCTGTG_002,11
CATGCTCAAGGCCATCTGTG_003,142
CATGCTCAAGGCCATCTGTG_004,149
CATGCTCAAGGCCATCTGTG_005,49
CATGCTCAAGGCCATCTGTG_006,8
CATGCTCAAGGCCATCTGTG_007,177
CATGCTCAAGGCCATCTGTG_008,32
CATGCTCAAGGCCATCTGTG_009,53
CATGCTCAAGGCCATCTGTG_010,72
GGAAGTCAAACACATTCCAG_001,58
GGAAGTCAAACACATTCCAG_002,35
GGAAGTCAAACACATTCCAG_003,54
GGAAGTCAAACACATTCCAG_004,43
GGAAGTCAAACACATTCCAG_005,132
GGAAGTCAAACACATTCCAG_006,76
GGAAGTCAAACACATTCCAG_007,145
GGAAGTCAAACACATTCCAG_008,88
GGAAGTCAAACACATTCCAG_009,20
GGAAGTCAAACACATTCCAG_010,175
GGAAGTCAAACACATTCCAG_011,52
GGAAGTCAAACACATTCCAG_012,91
GGAAGTCAAACACATTCCAG_013,187
GGAAGTCAAACACATTCCAG_014,59
GGAAGTCAAACACATTCCAG_015,168
GGAAGTCAAACACATTCCAG_016,182
GGAAGTCAAACACATTCCAG_017,77
GGAAGTCAAACACATTCCAG_018,192
GGAAGTCAAACACATTCCAG_019,115
GGAAGTCAAACACATTCCAG_020,123
GGAAGTCAAACACATTCCAG_021,137
GGAAGTCAAACACATTCCAG_022,168
GGACCACTCTCGGAGTGTCG_001,198
GGACCACTCTCGGAGTGTCG_002,127
CATGACTCGAGCCAGCAAGT_001,98
CATGACTCGAGCCAGCAAGT_002,90
CATGACTCGAGCCAGCAAGT_003,153
CATGACTCGAGCCAGCAAGT_004,22
CATGACTCGAGCCAGCAAGT_005,46
TATTGACGAACAGTGATGCT_001,18
TATTGACGAACAGTGATGCT_002,81
TATTGACGAACAGTGATGCT_003,46
TATTGACGAACAGTGATGCT_004,5
TATTGACGAACAGTGATGCT_005,102
TATTGACGAACAGTGATGCT_006,148
TCATCTTATCAAGTGCAGAA_001,191
TCATCTTATCAAGTGCAGAA_002,155
TCATCTTATCAAGTGCAGAA_003,184
TCATCTTATCAAGTGCAGAA_004,70
TCATCTTATCAAGTGCAGAA_005,46
TCATCTTATCAAGTGCAGAA_006,133
TCATCTTATCAAGTGCAGAA_007,147
CTGCATTGTTGATCAAAACG_001,9
CTGCATTGTTGATCAAAACG_002,169
CTGCATTGTTGATCAAAACG_003,68
CTGCATTGTTGATCAAAACG_004,6
TCATTGTGGTGCATTATGCG_001,78
AAGTGTGTTGTTGTGGGCGA_001,77
AAGTGTGTTGTTGTGGGCGA_002,77
AAGTGTGTTGTTGTGGGCGA_003,168
AAGTGTGTTGTTGTGGGCGA_004,126
AAGTGTGTTGTTGTGGGCGA_005,2
AAGTGTGTTGTTGTGGGCGA_006,88
AAGTGTGTTGTTGTGGGCGA_007,88
AAGTGTGTTGTTGTGGGCGA_008,81
CAAAATCAGATTTCTTGACA_001,194
ACTACAACTCTTCCTTAACC_001,39
ACTACAACTCTTCCTTAACC_002,152
GAGCCTGTGAGCATCGAGTG_001,150
GAGCCTGTGAGCATCGAGTG_002,142
GAGCCTGTGAGCATCGAGTG_003,183
GATTTGATGAAGGCGGCTGA_001,63
GATTTGATGAAGGCGGCTGA_002,181
GATTTGATGAAGGCGGCTGA_003,94
GATTTGATGAAGGCGGCTGA_004,23
GATTTGATGAAGGCGGCTGA_005,182
GATTTGATGAAGGCGGCTGA_006,91
GATTTGATGAAGGCGGCTGA_007,105
GATTTGATGAAGGCGGCTGA_008,149
GATTTGATGAAGGCGGCTGA_009,48
GATTTGATGAAGGCGGCTGA_010,170
GATTTGATGAAGGCGGCTGA_011,167
GATTTGATGAAGGCGGCTGA_012,127
GATTTGATGAAGGCGGCTGA_013,0
GATTTGATGAAGGCGGCTGA_014,62
GATTTGATGAAGGCGGCTGA_015,103
CCAGATTCCGGAACTGATAG_001,47
CCAGATTCCGGAACTGATAG_002,100
AGATATTGTCAGCATGCTGG_001,199
AGATATTGTCAGCATGCTGG_002,158
AGATATTGTCAGCATGCTGG_003,95
AGATATTGTCAGCATGCTGG_004,158
AGATATTGTCAGCATGCTGG_005,39
AGATATTGTCAGCATGCTGG_006,9
AGATATTGTCAGCATGCTGG_007,34
AGATATTGTCAGCATGCTGG_008,102
AGATATTGTCAGCATGCTGG_009,57
TCATGTGACGATGTAAGACA_001,42
TCATGTGACGATGTAAGACA_002,8
TGTTCGGGAACACGACCTCG_001,54
TGTTCGGGAACACGACCTCG_002,177
TGTTCGGGAACACGACCTCG_003,72
TGTTCGGGAACACGACCTCG_004,0
TGTTCGGGAACACGACCTCG_005,70
TGTTCGGGAACACGACCTCG_006,18
TGTTCGGGAACACGACCTCG_007,192
TGTTCGGGAACACGACCTCG_008,91
TGTTCGGGAACACGACCTCG_009,175
TGTTCGGGAACACGACCTCG_010,199
TGTTCGGGAACACGACCTCG_011,72
TGTTCGGGAACACGACCTCG_012,157
TGTTCGGGAACACGACCTCG_013,167
TGTTCGGGAACACGACCTCG_014,49
TGTTCGGGAACACGACCTCG_015,9
CAGGGGAGGAGCATCGACTA_001,32
CAGGGGAGGAGCATCGACTA_002,49
CAGGGGAGGAGCATCGACTA_003,171
CAGGGGAGGAGCATCGACTA_004,105
CAGGGGAGGAGCATCGACTA_005,27
CAGGGGAGGAGCATCGACTA_006,169
CAGGGGAGGAGCATCGACTA_007,199
CAGGGGAGGAGCATCGACTA_008,124
CAGGGGAGGAGCATCGACTA_009,59
CAGGGGAGGAGCATCGACTA_010,157
CAGGGGAGGAGCATCGACTA_011,29
CAGGGGAGGAGCATCGACTA_012,49
CAGGGGAGGAGCATCGACTA_013,142
CAGGGGAGGAGCATCGACTA_014,138
CAGGGGAGGAGCATCGACTA_015,52
AAGTTACTGACAATCTATCA_001,127
AAGTTACTGACAATCTATCA_002,22
AAGTTACTGACAATCTATCA_003,86
AAGTTACTGACAATCTATCA_004,30
AAGTTACTGACAATCTATCA_005,26
GGCCCCACTTACAGTGCTGT_001,92
GGCCCCACTTACAGTGCTGT_002,138
GGCCCCACTTACAGTGCTGT_003,49
GGCCCCACTTACAGTGCTGT_004,115
GGCCCCACTTACAGTGCTGT_005,152
GGCCCCACTTACAGTGCTGT_006,63
GGTCGCGGTAGTCGGGCAGG_001,138
GGTCGCGGTAGTCGGGCAGG_002,144
GGTCGCGGTAGTCGGGCAGG_003,32
GGTCGCGGTAGTCGGGCAGG_004,83
GGTCGCGGTAGTCGGGCAGG_005,144
GGTCGCGGTAGTCGGGCAGG_006,34
GGTCGCGGTAGTCGGGCAGG_007,170
GGTCGCGGTAGTCGGGCAGG_008,64
GGTCGCGGTAGTCGGGCAGG_009,148
GGTCGCGGTAGTCGGGCAGG_010,105
GGTCGCGGTAGTCGGGCAGG_011,186
GGTCGCGGTAGTCGGGCAGG_012,156
GGTCGCGGTAGTCGGGCAGG_013,171
GGTCGCGGTAGTCGGGCAGG_014,50
GGTCGCGGTAGTCGGGCAGG_015,44
GGTCGCGGTAGTCGGGCAGG_016,2
GGTCGCGGTAGTCGGGCAGG_017,184
GGTCGCGGTAGTCGGGCAGG_018,65
GAAGTTGTATGCTCACAAAG_001,151
GAAGTTGTATGCTCACAAAG_002,49
GAAGTTGTATGCTCACAAAG_003,28
ATTTAGGGCTTCAAAAACTG_001,43
ATTTAGGGCTTCAAAAACTG_002,12
ATTTAGGGCTTCAAAAACTG_003,147
ATTTAGGGCTTCAAAAACTG_004,162
ATTTAGGGCTTCAAAAACTG_005,82
ATTTAGGGCTTCAAAAACTG_006,177
CACCAGCACGAGCGTATGGT_001,106
CACCAGCACGAGCGTATGGT_002,152
CACCAGCACGAGCGTATGGT_003,130
CACCAGCACGAGCGTATGGT_004,57
CACCAGCACGAGCGTATGGT_005,183
CACCAGCACGAGCGTATGGT_006,16
CACCAGCACGAGCGTATGGT_007,122
CACCAGCACGAGCGTATGGT_008,195
CACCAGCACGAGCGTATGGT_009,169
CACCAGCACGAGCGTATGGT_010,76
CACCAGCACGAGCGTATGGT_011,28
GTCACGCTCCTCAGCCGGCG_001,29
GTCACGCTCCTCAGCCGGCG_002,144
GTCACGCTCCTCAGCCGGCG_003,197
GTCACGCTCCTCAGCCGGCG_004,115
GTCACGCTCCTCAGCCGGCG_005,21
GTCACGCTCCTCAGCCGGCG_006,50
GTCACGCTCCTCAGCCGGCG_007,130
GTCACGCTCCTCAGCCGGCG_008,166
GTCACGCTCCTCAGCCGGCG_009,15
GTCACGCTCCTCAGCCGGCG_010,74
GTCACGCTCCTCAGCCGGCG_011,188
GTCACGCTCCTCAGCCGGCG_012,122
GTCACGCTCCTCAGCCGGCG_013,187
GTCACGCTCCTCAGCCGGCG_014,168
GTCACGCTCCTCAGCCGGCG_015,12
GTCACGCTCCTCAGCCGGCG_016,106
GTCACGCTCCTCAGCCGGCG_017,167
GTCACGCTCCTCAGCCGGCG_018,140
GTCACGCTCCTCAGCCGGCG_019,41
GTCACGCTCCTCAGCCGGCG_020,166
GTCACGCTCCTCAGCCGGCG_021,149
GTCACGCTCCTCAGCCGGCG_022,175
GTCACGCTCCTCAGCCGGCG_023,168
TCTGTCCAACTGTCTACTTG_001,160
TCTGTCCAACTGTCTACTTG_002,141
TCTGTCCAACTGTCTACTTG_003,187
TCTGTCCAACTGTCTACTTG_004,56
TCTGTCCAACTGTCTACTTG_005,159
TCTGTCCAACTGTCTACTTG_006,143
TCTGTCCAACTGTCTACTTG_007,143
TCTGTCCAACTGTCTACTTG_008,143
TCTGTCCAACTGTCTACTTG_009,48
TCTGTCCAACTGTCTACTTG_010,171
TCTGTCCAACTGTCTACTTG_011,86
TCTGTCCAACTGTCTACTTG_012,74
TCTGTCCAACTGTCTACTTG_013,62
TCTGTCCAACTGTCTACTTG_014,106
TCTGTCCAACTGTCTACTTG_015,72
CCACGTCATCCAGCCCTCAC_001,141
CCACGTCATCCAGCCCTCAC_002,130
CCACGTCATCCAGCCCTCAC_003,62
CCACGTCATCCAGCCCTCAC_004,48
CCACGTCATCCAGCCCTCAC_005,45
CCACGTCATCCAGCCCTCAC_006,55
CCACGTCATCCAGCCCTCAC_007,185
CCACGTCATCCAGCCCTCAC_008,58
CCACGTCATCCAGCCCTCAC_009,178
CCACGTCATCCAGCCCTCAC_010,153
AAACAGGAACATGGAACGGG_001,174
AAACAGGAACATGGAACGGG_002,56
AAACAGGAACATGGAACGGG_003,50
AAACAGGAACATGGAACGGG_004,8
AAACAGGAACATGGAACGGG_005,168
AAACAGGAACATGGAACGGG_006,157
AAACAGGAACATGGAACGGG_007,185
AAACAGGAACATGGAACGGG_008,65
AAACAGGAACATGGAACGGG_009,56
AAACAGGAACATGGAACGGG_010,42
AAACAGGAACATGGAACGGG_011,5
AAACAGGAACATGGAACGGG_012,94
AAACAGGAACATGGAACGGG_013,103
AAACAGGAACATGGAACGGG_014,82
AAACAGGAACATGGAACGGG_015,142
AAACAGGAACATGGAACGGG_016,138
AAACAGGAACATGGAACGGG_017,188
AAACAGGAACATGGAACGGG_018,169
AAACAGGAACATGGAACGGG_019,199
AAACAGGAACATGGAACGGG_020,166
AAACAGGAACATGGAACGGG_021,197
AAACAGGAACATGGAACGGG_022,49
AAACAGGAACATGGAACGGG_023,10
AAACAGGAACATGGAACGGG_024,77
AGTGAAGGGAATCCCTCACC_001,172
AGTGAAGGGAATCCCTCACC_002,19
GCAGCAACAACTCGGAGAGA_001,11
GCAGCAACAACTCGGAGAGA_002,143
GCAGCAACAACTCGGAGAGA_003,127
GCAGCAACAACTCGGAGAGA_004,75
GCAGCAACAACTCGGAGAGA_005,194
GCAGCAACAACTCGGAGAGA_006,145
GCAGCAACAACTCGGAGAGA_007,170
GCAGCAACAACTCGGAGAGA_008,147
GCAGCAACAACTCGGAGAGA_009,41
GCAGCAACAACTCGGAGAGA_010,48
GCAGCAACAACTCGGAGAGA_011,10
AGCACCGGGACTGTGCCCGA_001,197
AGCACCGGGACTGTGCCCGA_002,83
AGCACCGGGACTGTGCCCGA_003,76
AGCACCGGGACTGTGCCCGA_004,68
AGCACCGGGACTGTGCCCGA_005,96
AGCACCGGGACTGTGCCCGA_006,197
AGCACCGGGACTGTGCCCGA_007,27
AGCACCGGGACTGTGCCCGA_008,172
AGCACCGGGACTGTGCCCGA_009,150
AGCACCGGGACTGTGCCCGA_010,118
AGCACCGGGACTGTGCCCGA_011,62
AGCACCGGGACTGTGCCCGA_012,77
AGCACCGGGACTGTGCCCGA_013,115
AGCACCGGGACTGTGCCCGA_014,83
AGCACCGGGACTGTGCCCGA_015,19
AGCACCGGGACTGTGCCCGA_016,14
AGCACCGGGACTGTGCCCGA_017,152
AGCACCGGGACTGTGCCCGA_018,137
AGCACCGGGACTGTGCCCGA_019,70
AGCACCGGGACTGTGCCCGA_020,175
AGCACCGGGACTGTGCCCGA_021,21
AGCACCGGGACTGTGCCCGA_022,171
AGCACCGGGACTGTGCCCGA_023,158
AGCACCGGGACTGTGCCCGA_024,66
AGCACCGGGACTGTGCCCGA_025,115
AGCACCGGGACTGTGCCCGA_026,10
AGCACCGGGACTGTGCCCGA_027,56
GCACCATGCTATGACGTAGT_001,15
GCACCATGCTATGACGTAGT_002,72
GCACCATGCTATGACGTAGT_003,67
GCACCATGCTATGACGTAGT_004,52
GCTGTTCCTCAGCAAGAACC_001,52
GCTGTTCCTCAGCAAGAACC_002,40
GCTGTTCCTCAGCAAGAACC_003,5
GCTGTTCCTCAGCAAGAACC_004,91
GCTGTTCCTCAGCAAGAACC_005,31
GCTGTTCCTCAGCAAGAACC_006,78
GCTGTTCCTCAGCAAGAACC_007,0
GCTGTTCCTCAGCAAGAACC_008,144
GCTGTTCCTCAGCAAGAACC_009,147
GCTGTTCCTCAGCAAGAACC_010,63
GCTGTTCCTCAGCAAGAACC_011,78
GCTGTTCCTCAGCAAGAACC_012,184
GCTGTTCCTCAGCAAGAACC_013,58
GCTGTTCCTCAGCAAGAACC_014,24
GCTGTTCCTCAGCAAGAACC_015,144
GCTGTTCCTCAGCAAGAACC_016,156
GCTGTTCCTCAGCAAGAACC_017,148
GCTGTTCCTCAGCAAGAACC_018,9
GCTGTTCCTCAGCAAGAACC_019,146
GCTGTTCCTCAGCAAGAACC_020,194
AAGGGAAAGTCAGAGATGCA_001,43
AAGGGAAAGTCAGAGATGCA_002,6
AAGGGAAAGTCAGAGATGCA_003,199
AAGGGAAAGTCAGAGATGCA_004,177
AAGGGAAAGTCAGAGATGCA_005,4
AAGGGAAAGTCAGAGATGCA_006,77
AAGGGAAAGTCAGAGATGCA_007,40
AAGGGAAAGTCAGAGATGCA_008,23
GCAACGGGGCCAAATACGAA_001,145
GCAACGGGGCCAAATACGAA_002,115
GCAACGGGGCCAAATACGAA_003,61
TGAAAATCAAGTGGAACTGG_001,192
TGAAAATCAAGTGGAACTGG_002,115
TGAAAATCAAGTGGAACTGG_003,154
TGAAAATCAAGTGGAACTGG_004,18
TGAAAATCAAGTGGAACTGG_005,97
TGAAAATCAAGTGGAACTGG_006,170
TGAAAATCAAGTGGAACTGG_007,116
TGAAAATCAAGTGGAACTGG_008,61
TCACCTGGGTCATCTTCTCG_001,9
TCACCTGGGTCATCTTCTCG_002,4
TCACCTGGGTCATCTTCTCG_003,35
CCTTCCAAACATCGTAATGC_001,191
TGCACTGGCAAAATTCAAGG_001,115
TGCACTGGCAAAATTCAAGG_002,119
TGCACTGGCAAAATTCAAGG_003,68
TGCACTGGCAAAATTCAAGG_004,35
AGCGTTCTCCTTCATAAACG_001,34
AGCGTTCTCCTTCATAAACG_002,60
AGCGTTCTCCTTCATAAACG_003,60
AGCGTTCTCCTTCATAAACG_004,84
AGCGTTCTCCTTCATAAACG_005,11
AGCGTTCTCCTTCATAAACG_006,48
GGCTCATCCGTGGTCGCCGG_001,54
GGCTCATCCGTGGTCGCCGG_002,62
GGCTCATCCGTGGTCGCCGG_003,192
GGCTCATCCGTGGTCGCCGG_004,2
GGCTCATCCGTGGTCGCCGG_005,144
GGCTCATCCGTGGTCGCCGG_006,121
GGCTCATCCGTGGTCGCCGG_007,63
TAGTCCCATCAGCATTCTTG_001,9
TAGTCCCATCAGCATTCTTG_002,61
TAGTCCCATCAGCATTCTTG_003,46
TAGTCCCATCAGCATTCTTG_004,116
TAGTCCCATCAGCATTCTTG_005,144
TAGTCCCATCAGCATTCTTG_006,149
TAGTCCCATCAGCATTCTTG_007,11
TAGTCCCATCAGCATTCTTG_008,191
TAGTCCCATCAGCATTCTTG_009,151
TAGTCCCATCAGCATTCTTG_010,49
TAGTCCCATCAGCATTCTTG_011,78
AGAGTCATTAGACCATTCAA_001,62
AGAGTCATTAGACCATTCAA_002,35
AGAGTCATTAGACCATTCAA_003,50
AGAGTCATTAGACCATTCAA_004,191
AGAGTCATTAGACCATTCAA_005,17
AGAGTCATTAGACCATTCAA_006,94
AGAGTCATTAGACCATTCAA_007,114
AGAGTCATTAGACCATTCAA_008,156
AGAGTCATTAGACCATTCAA_009,16
AGAGTCATTAGACCATTCAA_010,144
AGAGTCATTAGACCATTCAA_011,10
GTGGACAAGTACAACGTGAG_001,128
GTGGACAAGTACAACGTGAG_002,146
GTGGACAAGTACAACGTGAG_003,8
GTGGACAAGTACAACGTGAG_004,55
GTGGACAAGTACAACGTGAG_005,43
GTGGACAAGTACAACGTGAG_006,112
GTGGACAAGTACAACGTGAG_007,96
GTGGACAAGTACAACGTGAG_008,127
GTGGACAAGTACAACGTGAG_009,9
GTGGACAAGTACAACGTGAG_010,77
GTGGACAAGTACAACGTGAG_011,19
GTGGACAAGTACAACGTGAG_012,11
GTGGACAAGTACAACGTGAG_013,12
GTGGACAAGTACAACGTGAG_014,22
GTCGATCATGCACTTGCACA_001,171
GTCGATCATGCACTTGCACA_002,22
GTCGATCATGCACTTGCACA_003,17
GTCGATCATGCACTTGCACA_004,29
GTCGATCATGCACTTGCACA_005,118
GTCGATCATGCACTTGCACA_006,70
GTCGATCATGCACTTGCACA_007,49
GTCGATCATGCACTTGCACA_008,51
GTCGATCATGCACTTGCACA_009,60
TGGAATCCTGGAGAACCCCA_001,185
TGGAATCCTGGAGAACCCCA_002,23
TGGAATCCTGGAGAACCCCA_003,69
TGGAATCCTGGAGAACCCCA_004,74
TGGAATCCTGGAGAACCCCA_005,34
TGGAATCCTGGAGAACCCCA_006,147
TGGAATCCTGGAGAACCCCA_007,176
TGGAATCCTGGAGAACCCCA_008,167
TGGAATCCTGGAGAACCCCA_009,167
TGGAATCCTGGAGAACCCCA_010,20
TGGAATCCTGGAGAACCCCA_011,60
CATGCGCTTCCACTACGACG_001,109
GGGTTTCTCTCCAATAAACT_001,138
GGGTTTCTCTCCAATAAACT_002,196
TGGGGAGTCCGGCATCGCTG_001,43
TGGGGAGTCCGGCATCGCTG_002,147
TGGGGAGTCCGGCATCGCTG_003,14
TGGGGAGTCCGGCATCGCTG_004,113
TGGGGAGTCCGGCATCGCTG_005,150
CATGTCATGCATATCAACCT_001,160
CATGTCATGCATATCAACCT_002,6
CATGTCATGCATATCAACCT_003,158
CATGTCATGCATATCAACCT_004,34
CATGTCATGCATATCAACCT_005,116
CATGTCATGCATATCAACCT_006,155
CATGTCATGCATATCAACCT_007,96
CATGTCATGCATATCAACCT_008,52
CATGTCATGCATATCAACCT_009,35
CATGTCATGCATATCAACCT_010,104
ACCCAAGTACCAGACTGTCT_001,170
ACCCAAGTACCAGACTGTCT_002,35
ACCCAAGTACCAGACTGTCT_003,15
ACCCAAGTACCAGACTGTCT_004,60
ACCCAAGTACCAGACTGTCT_005,144
ACCCAAGTACCAGACTGTCT_006,136
ACCCAAGTACCAGACTGTCT_007,198
ACCCAAGTACCAGACTGTCT_008,124
AACGTGCTCATGAGCCCGCG_001,123
AACGTGCTCATGAGCCCGCG_002,133
AACGTGCTCATGAGCCCGCG_003,190
AACGTGCTCATGAGCCCGCG_004,132
AACGTGCTCATGAGCCCGCG_005,149
AACGTGCTCATGAGCCCGCG_006,77
AACGTGCTCATGAGCCCGCG_007,105
AACGTGCTCATGAGCCCGCG_008,141
AACGTGCTCATGAGCCCGCG_009,13
AACGTGCTCATGAGCCCGCG_010,2
AACGTGCTCATGAGCCCGCG_011,103
AACGTGCTCATGAGCCCGCG_012,191
AACGTGCTCATGAGCCCGCG_013,147
AACGTGCTCATGAGCCCGCG_014,40
AACGTGCTCATGAGCCCGCG_015,23
AACGTGCTCATGAGCCCGCG_016,77
AACGTGCTCATGAGCCCGCG_017,138
CTGGACCAAAATTCATTGAG_001,185
CTGGACCAAAATTCATTGAG_002,84
CTGGACCAAAATTCATTGAG_003,96
TCAAATCTTCCAGACTCCTG_001,140
TCAAATCTTCCAGACTCCTG_002,103
TCAAATCTTCCAGACTCCTG_003,16
TCAAATCTTCCAGACTCCTG_004,121
TCAAATCTTCCAGACTCCTG_005,81
TCAAATCTTCCAGACTCCTG_006,169
TCAAATCTTCCAGACTCCTG_007,171
TCAAATCTTCCAGACTCCTG_008,81
TCAAATCTTCCAGACTCCTG_009,85
TCAAATCTTCCAGACTCCTG_010,192
TCAAATCTTCCAGACTCCTG_011,192
TCAAATCTTCCAGACTCCTG_012,37
TCAAATCTTCCAGACTCCTG_013,49
TCAAATCTTCCAGACTCCTG_014,2
TCAAATCTTCCAGACTCCTG_015,19
TCAAATCTTCCAGACTCCTG_016,12
TCAAATCTTCCAGACTCCTG_017,186
TCAAATCTTCCAGACTCCTG_018,186
AAAGTCACTAAGTAACACAA_001,53
AAAGTCACTAAGTAACACAA_002,14
AAAGTCACTAAGTAACACAA_003,151
AAAGTCACTAAGTAACACAA_004,76
AAAGTCACTAAGTAACACAA_005,184
AAAGTCACTAAGTAACACAA_006,158
AAAGTCACTAAGTAACACAA_007,187
AAAGTCACTAAGTAACACAA_008,180
ATTCTAGCAAGGGATACCTT_001,137
ATTCTAGCAAGGGATACCTT_002,146
ATTCTAGCAAGGGATACCTT_003,160
GTACGATCTCCCGTACCCCG_001,151
GTACGATCTCCCGTACCCCG_002,106
GTACGATCTCCCGTACCCCG_003,22
GTACGATCTCCCGTACCCCG_004,38
GTACGATCTCCCGTACCCCG_005,186
GTACGATCTCCCGTACCCCG_006,58
GTACGATCTCCCGTACCCCG_007,155
GTACGATCTCCCGTACCCCG_008,84
GTACGATCTCCCGTACCCCG_009,105
GTACGATCTCCCGTACCCCG_010,8
GTACGATCTCCCGTACCCCG_011,146
GTACGATCTCCCGTACCCCG_012,141
GTACGATCTCCCGTACCCCG_013,88
GTACGATCTCCCGTACCCCG_014,35
TTTGCAGCTATCTCTTCCAG_001,17
TTTGCAGCTATCTCTTCCAG_002,148
GGTACATGCTGGTACACAGG_001,28
TGGCATCCAGGTCACGCCAG_001,151
TGGCATCCAGGTCACGCCAG_002,36
TGGCATCCAGGTCACGCCAG_003,32
TGGCATCCAGGTCACGCCAG_004,83
TGGCATCCAGGTCACGCCAG_005,124
TGGCATCCAGGTCACGCCAG_006,83
TGGCATCCAGGTCACGCCAG_007,38
TGGCATCCAGGTCACGCCAG_008,190
TGGCATCCAGGTCACGCCAG_009,19
TGGCATCCAGGTCACGCCAG_010,78
TGGCATCCAGGTCACGCCAG_011,141
TGGCATCCAGGTCACGCCAG_012,13
TGGCATCCAGGTCACGCCAG_013,12
TGGCATCCAGGTCACGCCAG_014,61
TGGCATCCAGGTCACGCCAG_015,175
TGGCATCCAGGTCACGCCAG_016,168
TGGCATCCAGGTCACGCCAG_017,38
TGGCATCCAGGTCACGCCAG_018,38
TGGCATCCAGGTCACGCCAG_019,155
TGGCATCCAGGTCACGCCAG_020,190
TGGCATCCAGGTCACGCCAG_021,136
TGGCATCCAGGTCACGCCAG_022,81
TGGCATCCAGGTCACGCCAG_023,58
TGGCATCCAGGTCACGCCAG_024,102
CCCAGCAGGATGTCTGCAAG_001,103
CCCAGCAGGATGTCTGCAAG_002,65
AAAAGGATCAAGACGCTCTG_001,22
AAAAGGATCAAGACGCTCTG_002,154
AAAAGGATCAAGACGCTCTG_003,7
AAAAGGATCAAGACGCTCTG_004,21
AAAAGGATCAAGACGCTCTG_005,85
AAAAGGATCAAGACGCTCTG_006,32
AAAAGGATCAAGACGCTCTG_007,141
AAAAGGATCAAGACGCTCTG_008,46
AAAAGGATCAAGACGCTCTG_009,90
AAAAGGATCAAGACGCTCTG_010,172
CAGTGACGGGGAACACCCCA_001,58
CAGTGACGGGGAACACCCCA_002,66
CAGTGACGGGGAACACCCCA_003,50
CAGTGACGGGGAACACCCCA_004,13
CAGTGACGGGGAACACCCCA_005,68
CAGTGACGGGGAACACCCCA_006,195
CAGTGACGGGGAACACCCCA_007,78
CAGTGACGGGGAACACCCCA_008,94
CAGTGACGGGGAACACCCCA_009,76
CAGTGACGGGGAACACCCCA_010,45
CAGTGACGGGGAACACCCCA_011,168
CAGTGACGGGGAACACCCCA_012,40
CAGTGACGGGGAACACCCCA_013,111
CAGTGACGGGGAACACCCCA_014,12
CAGTGACGGGGAACACCCCA_015,107
CAGTGACGGGGAACACCCCA_016,62
CAGTGACGGGGAACACCCCA_017,70
CAGTGACGGGGAACACCCCA_018,10
CCGACAATACTAAGCCCCAG_001,60
CCGACAATACTAAGCCCCAG_002,15
CCGACAATACTAAGCCCCAG_003,11
CCGACAATACTAAGCCCCAG_004,185
CACACAGTAACTATTCGGGT_001,170
CACACAGTAACTATTCGGGT_002,161
CACACAGTAACTATTCGGGT_003,105
ATATGGACGTCCATGGACAG_001,143
ATATGGACGTCCATGGACAG_002,88
ATATGGACGTCCATGGACAG_003,162
ATATGGACGTCCATGGACAG_004,191
ATATGGACGTCCATGGACAG_005,14
ATATGGACGTCCATGGACAG_006,28
ATATGGACGTCCATGGACAG_007,180
ATATGGACGTCCATGGACAG_008,199
ATATGGACGTCCATGGACAG_009,113
CACTGCGTGTCGTGACCCAG_001,4
CACTGCGTGTCGTGACCCAG_002,104
CACTGCGTGTCGTGACCCAG_003,179
CACTGCGTGTCGTGACCCAG_004,122
CACTGCGTGTCGTGACCCAG_005,153
CACTGCGTGTCGTGACCCAG_006,162
CACTGCGTGTCGTGACCCAG_007,62
CACTGCGTGTCGTGACCCAG_008,5
CACTGCGTGTCGTGACCCAG_009,147
CACTGCGTGTCGTGACCCAG_010,83
CACTGCGTGTCGTGACCCAG_011,179
CACTGCGTGTCGTGACCCAG_012,65
CACTGCGTGTCGTGACCCAG_013,73
CACTGCGTGTCGTGACCCAG_014,68
CACTGCGTGTCGTGACCCAG_015,124
CACTGCGTGTCGTGACCCAG_016,172
CACTGCGTGTCGTGACCCAG_017,84
CACTGCGTGTCGTGACCCAG_018,159
CACTGCGTGTCGTGACCCAG_019,62
ATGTTGTGTACCCAACTGCC_001,136
ATGTTGTGTACCCAACTGCC_002,70
ATGTTGTGTACCCAACTGCC_003,17
ATGTTGTGTACCCAACTGCC_004,169
ATGTTGTGTACCCAACTGCC_005,144
CACCTTCAACTAATTGGATG_001,169
CACCTTCAACTAATTGGATG_002,29
CACCTTCAACTAATTGGATG_003,154
CACCTTCAACTAATTGGATG_004,120
CACCTTCAACTAATTGGATG_005,191
CCGCTGAAGAAAGACTTCAT_001,16
CCGCTGAAGAAAGACTTCAT_002,18
CCGCTGAAGAAAGACTTCAT_003,2
CCGCTGAAGAAAGACTTCAT_004,52
CCGCTGAAGAAAGACTTCAT_005,139
CCGCTGAAGAAAGACTTCAT_006,194
CCGCTGAAGAAAGACTTCAT_007,58
CCGCTGAAGAAAGACTTCAT_008,1
CCGCTGAAGAAAGACTTCAT_009,157
CCGCTGAAGAAAGACTTCAT_010,47
CCGCTGAAGAAAGACTTCAT_011,6
CCGCTGAAGAAAGACTTCAT_012,178
CCGCTGAAGAAAGACTTCAT_013,157
CCGCTGAAGAAAGACTTCAT_014,150
CCGCTGAAGAAAGACTTCAT_015,29
CCGCTGAAGAAAGACTTCAT_016,65
CCGCTGAAGAAAGACTTCAT_017,182
CCGCTGAAGAAAGACTTCAT_018,17
CCGCTGAAGAAAGACTTCAT_019,189
CCGCTGAAGAAAGACTTCAT_020,42
CCGCTGAAGAAAGACTTCAT_021,124
CCGCTGAAGAAAGACTTCAT_022,197
CCGCTGAAGAAAGACTTCAT_023,59
CCGCTGAAGAAAGACTTCAT_024,197
GAAGTGTGACAGAAGATACG_001,32
GAAGTGTGACAGAAGATACG_002,162
GAAGTGTGACAGAAGATACG_003,130
GAAGTGTGACAGAAGATACG_004,185
GAAGTGTGACAGAAGATACG_005,192
GAGGATCATTCATGGCACAG_001,163
GAGGATCATTCATGGCACAG_002,8
GAGGATCATTCATGGCACAG_003,86
TCTATCTGTTGCTTACTACG_001,96
AGATGAAGGAGCGGTCTCGG_001,83
AGATGAAGGAGCGGTCTCGG_002,102
AGATGAAGGAGCGGTCTCGG_003,50
AGATGAAGGAGCGGTCTCGG_004,76
AGATGAAGGAGCGGTCTCGG_005,46
AGATGAAGGAGCGGTCTCGG_006,162
AGATGAAGGAGCGGTCTCGG_007,61
AGATGAAGGAGCGGTCTCGG_008,118
AGATGAAGGAGCGGTCTCGG_009,25
AGATGAAGGAGCGGTCTCGG_010,130
AGATGAAGGAGCGGTCTCGG_011,70
AGATGAAGGAGCGGTCTCGG_012,26
AGATGAAGGAGCGGTCTCGG_013,81
AAGCACATAGAGGATGGTAT_001,127
AAGCACATAGAGGATGGTAT_002,42
AAGCACATAGAGGATGGTAT_003,42
AAGCACATAGAGGATGGTAT_004,124
AAGCACATAGAGGATGGTAT_005,191
AAGCACATAGAGGATGGTAT_006,127
AAGCACATAGAGGATGGTAT_007,15
AAGCACATAGAGGATGGTAT_008,77
AAGCACATAGAGGATGGTAT_009,191
AAGCACATAGAGGATGGTAT_010,16
AAGCACATAGAGGATGGTAT_011,126
AAGCACATAGAGGATGGTAT_012,110
AAGCACATAGAGGATGGTAT_013,33
AAGCACATAGAGGATGGTAT_014,120
AAGCACATAGAGGATGGTAT_015,46
AAGCACATAGAGGATGGTAT_016,103
AAGCACATAGAGGATGGTAT_017,96
AAGCACATAGAGGATGGTAT_018,150
TCGACAGCTCCAAGACGCTG_001,57
TCGACAGCTCCAAGACGCTG_002,184
TCGACAGCTCCAAGACGCTG_003,105
TCGACAGCTCCAAGACGCTG_004,144
TCGACAGCTCCAAGACGCTG_005,125
TCGACAGCTCCAAGACGCTG_006,77
TCGACAGCTCCAAGACGCTG_007,169
TCGACAGCTCCAAGACGCTG_008,112
TCGACAGCTCCAAGACGCTG_009,175
TCGACAGCTCCAAGACGCTG_010,2
TCGACAGCTCCAAGACGCTG_011,143
TCGACAGCTCCAAGACGCTG_012,15
TCGACAGCTCCAAGACGCTG_013,43
TCGACAGCTCCAAGACGCTG_014,198
TCGACAGCTCCAAGACGCTG_015,13
TCGACAGCTCCAAGACGCTG_016,40
TCGACAGCTCCAAGACGCTG_017,106
CGCCAGCGGATCAGTCGACT_001,147
CGCCAGCGGATCAGTCGACT_002,165
CTTGAGGGCCCCGAATACTG_001,198
CTTGAGGGCCCCGAATACTG_002,150
CTTGAGGGCCCCGAATACTG_003,43
CTTGAGGGCCCCGAATACTG_004,77
CTTGAGGGCCCCGAATACTG_005,1
CTTGAGGGCCCCGAATACTG_006,165
CTTGAGGGCCCCGAATACTG_007,62
CTTGAGGGCCCCGAATACTG_008,181
CTTGAGGGCCCCGAATACTG_009,169
CTTGAGGGCCCCGAATACTG_010,16
CTTGAGGGCCCCGAATACTG_011,1
CTTGAGGGCCCCGAATACTG_012,167
CTTGAGGGCCCCGAATACTG_013,159
CTTGAGGGCCCCGAATACTG_014,83
CTTGAGGGCCCCGAATACTG_015,105
CTTGAGGGCCCCGAATACTG_016,185
CTTGAGGGCCCCGAATACTG_017,68
CTTGAGGGCCCCGAATACTG_018,83
CTTGAGGGCCCCGAATACTG_019,86
CTTGAGGGCCCCGAATACTG_020,122
TACCGGGTCACATTTAGGAC_001,124
TACCGGGTCACATTTAGGAC_002,57
TACCGGGTCACATTTAGGAC_003,136
TATGGTTATGATGTCCATCC_001,91
TATGGTTATGATGTCCATCC_002,108
TATGGTTATGATGTCCATCC_003,27
TGAGTTTCTTCACACGGAGA_001,114
TGAGTTTCTTCACACGGAGA_002,136
TGAGTTTCTTCACACGGAGA_003,184
TGAGTTTCTTCACACGGAGA_004,82
ACTTACCTATGGGTACCACC_001,78
ACTTACCTATGGGTACCACC_002,50
ACTTACCTATGGGTACCACC_003,176
ACTTACCTATGGGTACCACC_004,151
CCAGCTTCCGGAACACTAGG_001,182
CCAGCTTCCGGAACACTAGG_002,102
CCAGCTTCCGGAACACTAGG_003,130
CCAGCTTCCGGAACACTAGG_004,65
CCAGCTTCCGGAACACTAGG_005,43
CCAGCTTCCGGAACACTAGG_006,158
CCAGCTTCCGGAACACTAGG_007,9
CCAGCTTCCGGAACACTAGG_008,23
CCAGCTTCCGGAACACTAGG_009,154
CCAGCTTCCGGAACACTAGG_010,38
CCAGCTTCCGGAACACTAGG_011,108
CCAGCTTCCGGAACACTAGG_012,145
CCAGCTTCCGGAACACTAGG_013,77
CCAGCTTCCGGAACACTAGG_014,44
CCAGCTTCCGGAACACTAGG_015,34
CCAGCTTCCGGAACACTAGG_016,78
CCAGCTTCCGGAACACTAGG_017,199
CCAGCTTCCGGAACACTAGG_018,96
CCAGCTTCCGGAACACTAGG_019,2
CCAGCTTCCGGAACACTAGG_020,62
CCAGCTTCCGGAACACTAGG_021,37
CGCTAACACTTGCAACATCG_001,10
CGCTAACACTTGCAACATCG_002,64
CGCTAACACTTGCAACATCG_003,102
CGCTAACACTTGCAACATCG_004,166
GGACCTGTCCCACAACCGCG_001,56
GGACCTGTCCCACAACCGCG_002,105
GGACCTGTCCCACAACCGCG_003,96
GGACCTGTCCCACAACCGCG_004,81
GGACCTGTCCCACAACCGCG_005,163
GGACCTGTCCCACAACCGCG_006,129
GGACCTGTCCCACAACCGCG_007,111
GGACCTGTCCCACAACCGCG_008,180
GGACCTGTCCCACAACCGCG_009,175
GGACCTGTCCCACAACCGCG_010,30
GGACCTGTCCCACAACCGCG_011,174
GGACCTGTCCCACAACCGCG_012,158
GGACCTGTCCCACAACCGCG_013,38
GGACCTGTCCCACAACCGCG_014,89
GGACCTGTCCCACAACCGCG_015,177
GGACCTGTCCCACAACCGCG_016,191
GGACCTGTCCCACAACCGCG_017,139
GGACCTGTCCCACAACCGCG_018,29
GGACCTGTCCCACAACCGCG_019,28
GGACCTGTCCCACAACCGCG_020,146
GAAACCACGACTCAAGGGCC_001,157
GAAACCACGACTCAAGGGCC_002,169
GAAACCACGACTCAAGGGCC_003,91
GAAACCACGACTCAAGGGCC_004,162
CAAGACCACACTCTACTCCC_001,176
CAAGACCACACTCTACTCCC_002,126
TACAGAGCATAAAGACACAG_001,162
TACAGAGCATAAAGACACAG_002,18
TACAGAGCATAAAGACACAG_003,158
TACAGAGCATAAAGACACAG_004,62
TACAGAGCATAAAGACACAG_005,48
TACAGAGCATAAAGACACAG_006,71
TACAGAGCATAAAGACACAG_007,149
TACAGAGCATAAAGACACAG_008,139
TACAGAGCATAAAGACACAG_009,87
TACAGAGCATAAAGACACAG_010,158
TACAGAGCATAAAGACACAG_011,98
TACAGAGCATAAAGACACAG_012,102
TACAGAGCATAAAGACACAG_013,34
TACAGAGCATAAAGACACAG_014,154
TACAGAGCATAAAGACACAG_015,183
TACAGAGCATAAAGACACAG_016,15
TACTACCAGGGCCATATCCG_001,10
TACTACCAGGGCCATATCCG_002,130
TACTACCAGGGCCATATCCG_003,9
TACTACCAGGGCCATATCCG_004,137
TACTACCAGGGCCATATCCG_005,94
TACTACCAGGGCCATATCCG_006,16
TACTACCAGGGCCATATCCG_007,178
TACTACCAGGGCCATATCCG_008,170
TACTACCAGGGCCATATCCG_009,158
TACTACCAGGGCCATATCCG_010,82
TACTACCAGGGCCATATCCG_011,54
TACTACCAGGGCCATATCCG_012,15
TACTACCAGGGCCATATCCG_013,144
TACTACCAGGGCCATATCCG_014,19
TACTACCAGGGCCATATCCG_015,133
TACTACCAGGGCCATATCCG_016,70
TCGGCCTCGTAGCCCACGAG_001,30
TCGGCCTCGTAGCCCACGAG_002,29
TCGGCCTCGTAGCCCACGAG_003,172
TCGGCCTCGTAGCCCACGAG_004,107
TCGGCCTCGTAGCCCACGAG_005,102
TCGGCCTCGTAGCCCACGAG_006,2
TCGGCCTCGTAGCCCACGAG_007,50
TCGGCCTCGTAGCCCACGAG_008,176
TGAGCTCGGCATTATCATAG_001,80
TGAGCTCGGCATTATCATAG_002,158
TGAGCTCGGCATTATCATAG_003,30
TGAGCTCGGCATTATCATAG_004,168
TGAGCTCGGCATTATCATAG_005,94
CCAGTGCCAGTTGTTGACGT_001,191
CCAGTGCCAGTTGTTGACGT_002,115
CCAGTGCCAGTTGTTGACGT_003,35
CCAGTGCCAGTTGTTGACGT_004,190
CCAGTGCCAGTTGTTGACGT_005,160
CCAGTGCCAGTTGTTGACGT_006,30
CCAGTGCCAGTTGTTGACGT_007,137
CCAGTGCCAGTTGTTGACGT_008,72
CCAGTGCCAGTTGTTGACGT_009,31
CCAGTGCCAGTTGTTGACGT_010,9
CCAGTGCCAGTTGTTGACGT_011,82
CCAGTGCCAGTTGTTGACGT_012,152
CCAGTGCCAGTTGTTGACGT_013,9
AGACTATGAGAATATCACCT_001,181
AGACTATGAGAATATCACCT_002,55
AGACTATGAGAATATCACCT_003,92
AGACTATGAGAATATCACCT_004,147
AGACTATGAGAATATCACCT_005,62
AGACTATGAGAATATCACCT_006,198
AGACTATGAGAATATCACCT_007,55
AGACTATGAGAATATCACCT_008,19
AGACTATGAGAATATCACCT_009,85
AGACTATGAGAATATCACCT_010,1
AGACTATGAGAATATCACCT_011,148
ACCTCCATAGGATGAGACCG_001,154
ACCTCCATAGGATGAGACCG_002,49
ACCTCCATAGGATGAGACCG_003,183
ACCTCCATAGGATGAGACCG_004,35
ACCTCCATAGGATGAGACCG_005,182
ACCTCCATAGGATGAGACCG_006,52
ACCTCCATAGGATGAGACCG_007,124
ACCTCCATAGGATGAGACCG_008,76
ACCTCCATAGGATGAGACCG_009,65
ACCTCCATAGGATGAGACCG_010,175
ACCTCCATAGGATGAGACCG_011,147
ACCTCCATAGGATGAGACCG_012,15
ACCTCCATAGGATGAGACCG_013,3
ACCTCCATAGGATGAGACCG_014,10
ACCTCCATAGGATGAGACCG_015,197
ACCTCCATAGGATGAGACCG_016,25
GGCATCCATCCGGCGCCATG_001,78
GGCATCCATCCGGCGCCATG_002,88
GGCATCCATCCGGCGCCATG_003,191
GGCATCCATCCGGCGCCATG_004,107
GGCATCCATCCGGCGCCATG_005,174
GGCATCCATCCGGCGCCATG_006,188
GGCATCCATCCGGCGCCATG_007,177
GGCATCCATCCGGCGCCATG_008,4
GGCATCCATCCGGCGCCATG_009,130
GGCATCCATCCGGCGCCATG_010,124
GGCATCCATCCGGCGCCATG_011,140
GGCATCCATCCGGCGCCATG_012,68
TGTTGCAATCCCTTAAGCAT_001,19
TGTTGCAATCCCTTAAGCAT_002,40
TGTTGCAATCCCTTAAGCAT_003,199
TGTTGCAATCCCTTAAGCAT_004,172
AAATGAGTGACGGTTCCCGG_001,149
AAATGAGTGACGGTTCCCGG_002,129
AAATGAGTGACGGTTCCCGG_003,188
AAATGAGTGACGGTTCCCGG_004,85
AAATGAGTGACGGTTCCCGG_005,57
AAATGAGTGACGGTTCCCGG_006,105
AAATGAGTGACGGTTCCCGG_007,184
AAATGAGTGACGGTTCCCGG_008,134
AAATGAGTGACGGTTCCCGG_009,89
AAATGAGTGACGGTTCCCGG_010,34
GCAGGACCGGGCTGTCGAAG_001,12
GCAGGACCGGGCTGTCGAAG_002,169
GCAGGACCGGGCTGTCGAAG_003,62
GCAGGACCGGGCTGTCGAAG_004,37
GCAGGACCGGGCTGTCGAAG_005,133
GCAGGACCGGGCTGTCGAAG_006,67
GCAGGACCGGGCTGTCGAAG_007,193
GCAGGACCGGGCTGTCGAAG_008,2
GCAGGACCGGGCTGTCGAAG_009,19
GCAGGACCGGGCTGTCGAAG_010,181
GCAGGACCGGGCTGTCGAAG_011,144
GCAGGACCGGGCTGTCGAAG_012,81
GCAGGACCGGGCTGTCGAAG_013,28
GCAGGACCGGGCTGTCGAAG_014,78
GCAGGACCGGGCTGTCGAAG_015,91
GCAGGACCGGGCTGTCGAAG_016,145
GCAGGACCGGGCTGTCGAAG_017,130
GCAGGACCGGGCTGTCGAAG_018,131
GCAGGACCGGGCTGTCGAAG_019,42
GCAGGACCGGGCTGTCGAAG_020,121
GCAGGACCGGGCTGTCGAAG_021,121
GCAGGACCGGGCTGTCGAAG_022,37
GCAGGACCGGGCTGTCGAAG_023,169
GCAGGACCGGGCTGTCGAAG_024,52
GCAGGACCGGGCTGTCGAAG_025,49
GCAGGACCGGGCTGTCGAAG_026,98
GCAGGACCGGGCTGTCGAAG_027,11
GCAGGACCGGGCTGTCGAAG_028,55
GCAGGACCGGGCTGTCGAAG_029,19
GCAGGACCGGGCTGTCGAAG_030,66
GCAGGACCGGGCTGTCGAAG_031,174
GCAGGACCGGGCTGTCGAAG_032,5
GCAGGACCGGGCTGTCGAAG_033,191
GCAGGACCGGGCTGTCGAAG_034,154
GCAGGACCGGGCTGTCGAAG_035,19
CCAACACGAAGGCTACCTTG_001,76
CCAACACGAAGGCTACCTTG_002,114
CCAACACGAAGGCTACCTTG_003,166
CCAACACGAAGGCTACCTTG_004,56
CCAACACGAAGGCTACCTTG_005,59
CCAACACGAAGGCTACCTTG_006,121
CCAACACGAAGGCTACCTTG_007,43
CCAACACGAAGGCTACCTTG_008,162
CCAACACGAAGGCTACCTTG_009,2
CCAACACGAAGGCTACCTTG_010,188
CCAACACGAAGGCTACCTTG_011,19
CCAACACGAAGGCTACCTTG_012,112
CCAACACGAAGGCTACCTTG_013,95
CCAACACGAAGGCTACCTTG_014,142
CCAACACGAAGGCTACCTTG_015,126
CCAACACGAAGGCTACCTTG_016,1
CCAACACGAAGGCTACCTTG_017,105
CCAGCCGCCTTCATCAACCA_001,170
CCAGCCGCCTTCATCAACCA_002,53
CCAGCCGCCTTCATCAACCA_003,62
CCAGCCGCCTTCATCAACCA_004,187
CCAGCCGCCTTCATCAACCA_005,40
CCAGCCGCCTTCATCAACCA_006,160
CCAGCCGCCTTCATCAACCA_007,88
CCAGCCGCCTTCATCAACCA_008,94
CCAGCCGCCTTCATCAACCA_009,27
CCAGCCGCCTTCATCAACCA_010,36
CCAGCCGCCTTCATCAACCA_011,15
GAATCTAAAGAGAGCAACTG_001,69
GAATCTAAAGAGAGCAACTG_002,185
GAATCTAAAGAGAGCAACTG_003,82
GAATCTAAAGAGAGCAACTG_004,83
GAATCTAAAGAGAGCAACTG_005,58
GAATCTAAAGAGAGCAACTG_006,101
GAATCTAAAGAGAGCAACTG_007,162
GAATCTAAAGAGAGCAACTG_008,34
AGGATCTCGGACACCAGTAG_001,62
AGGATCTCGGACACCAGTAG_002,60
AGGATCTCGGACACCAGTAG_003,48
AGGATCTCGGACACCAGTAG_004,59
AGGATCTCGGACACCAGTAG_005,137
AGGATCTCGGACACCAGTAG_006,41
AGGATCTCGGACACCAGTAG_007,145
AGGATCTCGGACACCAGTAG_008,141
AGGATCTCGGACACCAGTAG_009,9
AGGATCTCGGACACCAGTAG_010,113
AGGATCTCGGACACCAGTAG_011,170
AGGATCTCGGACACCAGTAG_012,45
AGGATCTCGGACACCAGTAG_013,28
AGGATCTCGGACACCAGTAG_014,176
AAATCATTTCCAGACACGCC_001,103
AGCGGCGGAAGGACCCCGAG_001,127
AGCGGCGGAAGGACCCCGAG_002,60
AGCGGCGGAAGGACCCCGAG_003,108
AGCGGCGGAAGGACCCCGAG_004,48
AGCGGCGGAAGGACCCCGAG_005,160
AGCGGCGGAAGGACCCCGAG_006,153
AGCGGCGGAAGGACCCCGAG_007,172
AGCGGCGGAAGGACCCCGAG_008,117
AGCGGCGGAAGGACCCCGAG_009,141
AGCGGCGGAAGGACCCCGAG_010,174
AGCGGCGGAAGGACCCCGAG_011,146
AGCGGCGGAAGGACCCCGAG_012,148
AGCGGCGGAAGGACCCCGAG_013,60
AGCGGCGGAAGGACCCCGAG_014,171
AGCGGCGGAAGGACCCCGAG_015,162
AGCGGCGGAAGGACCCCGAG_016,9
AGCGGCGGAAGGACCCCGAG_017,121
AGCGGCGGAAGGACCCCGAG_018,134
AGCGGCGGAAGGACCCCGAG_019,88
AGCGGCGGAAGGACCCCGAG_020,9
AGCGGCGGAAGGACCCCGAG_021,148
AGCGGCGGAAGGACCCCGAG_022,130
AGCGGCGGAAGGACCCCGAG_023,85
AGCGGCGGAAGGACCCCGAG_024,43
AGCGGCGGAAGGACCCCGAG_025,84
AGCGGCGGAAGGACCCCGAG_026,68
AGCGGCGGAAGGACCCCGAG_027,27
AGCGGCGGAAGGACCCCGAG_028,39
AGCGGCGGAAGGACCCCGAG_029,80
AGCGGCGGAAGGACCCCGAG_030,78
AGCGGCGGAAGGACCCCGAG_031,168
AGCGGCGGAAGGACCCCGAG_032,150
AGCGGCGGAAGGACCCCGAG_033,73
AGCGGCGGAAGGACCCCGAG_034,197
AGCGGCGGAAGGACCCCGAG_035,123
TGGCAGGCCAGGACACGCGC_001,171
TGGCAGGCCAGGACACGCGC_002,172
TGGCAGGCCAGGACACGCGC_003,166
TGGCAGGCCAGGACACGCGC_004,18
TGGCAGGCCAGGACACGCGC_005,42
TGGCAGGCCAGGACACGCGC_006,27
TGGCAGGCCAGGACACGCGC_007,32
TGGCAGGCCAGGACACGCGC_008,180
TGGCAGGCCAGGACACGCGC_009,57
TGGCAGGCCAGGACACGCGC_010,127
TGGCAGGCCAGGACACGCGC_011,98
TGGCAGGCCAGGACACGCGC_012,115
TGGCAGGCCAGGACACGCGC_013,50
TGGCAGGCCAGGACACGCGC_014,94
TGGCAGGCCAGGACACGCGC_015,128
TGGCAGGCCAGGACACGCGC_016,147
TGGCAGGCCAGGACACGCGC_017,175
TGGCAGGCCAGGACACGCGC_018,149
TGGCAGGCCAGGACACGCGC_019,160
TGGCAGGCCAGGACACGCGC_020,127
TGGCAGGCCAGGACACGCGC_021,153
TGGCAGGCCAGGACACGCGC_022,78
TGGCAGGCCAGGACACGCGC_023,137
TGGCAGGCCAGGACACGCGC_024,137
TGGCAGGCCAGGACACGCGC_025,59
TGGCAGGCCAGGACACGCGC_026,50
TGGCAGGCCAGGACACGCGC_027,78
TGGCAGGCCAGGACACGCGC_028,56
TGGCAGGCCAGGACACGCGC_029,65
TGGCAGGCCAGGACACGCGC_030,18
TGGCAGGCCAGGACACGCGC_031,77
TGGCAGGCCAGGACACGCGC_032,180
TGGCAGGCCAGGACACGCGC_033,122
TGGCAGGCCAGGACACGCGC_034,188
TGGCAGGCCAGGACACGCGC_035,15
TGAGGTGAGTGGGCTACTAG_001,83
TGAGGTGAGTGGGCTACTAG_002,174
TGAGGTGAGTGGGCTACTAG_003,81
TGAGGTGAGTGGGCTACTAG_004,88
TGAGGTGAGTGGGCTACTAG_005,193
GAGGAACCGACCTGTCGATG_001,83
GAGGAACCGACCTGTCGATG_002,172
GAGGAACCGACCTGTCGATG_003,94
GAGGAACCGACCTGTCGATG_004,1
GAGGAACCGACCTGTCGATG_005,17
GAGGAACCGACCTGTCGATG_006,38
GAGGAACCGACCTGTCGATG_007,167
GAGGAACCGACCTGTCGATG_008,177
GAGGAACCGACCTGTCGATG_009,68
GAGGAACCGACCTGTCGATG_010,163
GAGGAACCGACCTGTCGATG_011,198
GAGGAACCGACCTGTCGATG_012,56
GAGGAACCGACCTGTCGATG_013,56
GAGGAACCGACCTGTCGATG_014,176
GAGGAACCGACCTGTCGATG_015,122
GAGGAACCGACCTGTCGATG_016,105
GAGGAACCGACCTGTCGATG_017,1
GAGGAACCGACCTGTCGATG_018,50
GAGGAACCGACCTGTCGATG_019,87
GAGGAACCGACCTGTCGATG_020,190
GAGGAACCGACCTGTCGATG_021,172
GAGGAACCGACCTGTCGATG_022,180
CTGCAGTAGAGTGTTCCGTA_001,47
CTGCAGTAGAGTGTTCCGTA_002,141
CTGCAGTAGAGTGTTCCGTA_003,158
CTGCAGTAGAGTGTTCCGTA_004,153
CTGCAGTAGAGTGTTCCGTA_005,94
CTGCAGTAGAGTGTTCCGTA_006,151
CTGCAGTAGAGTGTTCCGTA_007,130
ACTTGCAGGCCAAAATTCTA_001,147
ACTTGCAGGCCAAAATTCTA_002,65
ACTTGCAGGCCAAAATTCTA_003,170
ACTTGCAGGCCAAAATTCTA_004,12
ACTTGCAGGCCAAAATTCTA_005,94
CACCCCGTAACAAGCTGATG_001,16
CACCCCGTAACAAGCTGATG_002,177
TGGACAGAGCCATATACTGA_001,95
TGGACAGAGCCATATACTGA_002,98
TGGACAGAGCCATATACTGA_003,96
GATGGACTAGGTGATTCCGA_001,4
GATGGACTAGGTGATTCCGA_002,121
TGGAGTCTACCTGCATCGTG_001,30
TGGAGTCTACCTGCATCGTG_002,121
TGGAGTCTACCTGCATCGTG_003,75
TGGAGTCTACCTGCATCGTG_004,142
TGGAGTCTACCTGCATCGTG_005,161
TGGAGTCTACCTGCATCGTG_006,160
GCAGGTAGGACAGTGCCGCG_001,15
GCAGGTAGGACAGTGCCGCG_002,85
GCAGGTAGGACAGTGCCGCG_003,50
GCAGGTAGGACAGTGCCGCG_004,6
GCAGGTAGGACAGTGCCGCG_005,116
GCAGGTAGGACAGTGCCGCG_006,190
GCAGGTAGGACAGTGCCGCG_007,91
GCAGGTAGGACAGTGCCGCG_008,52
GCAGGTAGGACAGTGCCGCG_009,119
GCAGGTAGGACAGTGCCGCG_010,5
GCAGGTAGGACAGTGCCGCG_011,82
CGAGTGGAAGGTCATGTCCG_001,15
CGAGTGGAAGGTCATGTCCG_002,62
CGAGTGGAAGGTCATGTCCG_003,123
CGAGTGGAAGGTCATGTCCG_004,121
CGAGTGGAAGGTCATGTCCG_005,125
CGAGTGGAAGGTCATGTCCG_006,166
CGAGTGGAAGGTCATGTCCG_007,56
CGAGTGGAAGGTCATGTCCG_008,116
CGAGTGGAAGGTCATGTCCG_009,1
CGAGTGGAAGGTCATGTCCG_010,157
GCGAGAACCCCCAGCGGCAA_001,49
GCGAGAACCCCCAGCGGCAA_002,62
GCGAGAACCCCCAGCGGCAA_003,37
GCGAGAACCCCCAGCGGCAA_004,28
GCGAGAACCCCCAGCGGCAA_005,175
GCGAGAACCCCCAGCGGCAA_006,19
GCGAGAACCCCCAGCGGCAA_007,19
TGAATCTCTCTGTCGTGACA_001,11
TGAATCTCTCTGTCGTGACA_002,40
GGCTGGCCAGGTGATGTGCG_001,193
GGCTGGCCAGGTGATGTGCG_002,54
GGCTGGCCAGGTGATGTGCG_003,164
GGCTGGCCAGGTGATGTGCG_004,114
GGCTGGCCAGGTGATGTGCG_005,66
GGCTGGCCAGGTGATGTGCG_006,175
GGCTGGCCAGGTGATGTGCG_007,81
TTAGCTGATATTTACCCCTG_001,119
TTAGCTGATATTTACCCCTG_002,148
TTAGCTGATATTTACCCCTG_003,9
TTAGCTGATATTTACCCCTG_004,40
TTAGCTGATATTTACCCCTG_005,23
TTAGCTGATATTTACCCCTG_006,104
AGAATCTGATCAGATAAAAC_001,133
GGACTTCGCGGCTTCTATCG_001,57
GGACTTCGCGGCTTCTATCG_002,186
GGACTTCGCGGCTTCTATCG_003,119
GGACTTCGCGGCTTCTATCG_004,126
GGACTTCGCGGCTTCTATCG_005,122
GGACTTCGCGGCTTCTATCG_006,12
GGACTTCGCGGCTTCTATCG_007,170
GGACTTCGCGGCTTCTATCG_008,121
GGACTTCGCGGCTTCTATCG_009,71
GGACTTCGCGGCTTCTATCG_010,179
GGACTTCGCGGCTTCTATCG_011,20
GGACTTCGCGGCTTCTATCG_012,152
GGACTTCGCGGCTTCTATCG_013,11
GGACTTCGCGGCTTCTATCG_014,132
GGACTTCGCGGCTTCTATCG_015,23
GGACTTCGCGGCTTCTATCG_016,153
GGACTTCGCGGCTTCTATCG_017,36
GGACTTCGCGGCTTCTATCG_018,19
GCTGCGAGCTCAGTCAGGAG_001,100
GCTGCGAGCTCAGTCAGGAG_002,29
GCTGCGAGCTCAGTCAGGAG_003,149
GCTGCGAGCTCAGTCAGGAG_004,185
GCTGCGAGCTCAGTCAGGAG_005,29
GCTGCGAGCTCAGTCAGGAG_006,0
AAAATCAAACCAGATACCAA_001,137
AAAATCAAACCAGATACCAA_002,169
TGGCAAGCAGCAGATAGCTA_001,195
TGGCAAGCAGCAGATAGCTA_002,69
TGGCAAGCAGCAGATAGCTA_003,160
TGGCAAGCAGCAGATAGCTA_004,170
CTGTAGCCACATATCTACTG_001,35
CAGGACCTGATAGGGGACGT_001,78
CAGGACCTGATAGGGGACGT_002,29
CAGGACCTGATAGGGGACGT_003,159
ACATTGTTGGTGCAACGAGG_001,178
ACATTGTTGGTGCAACGAGG_002,8
ACATTGTTGGTGCAACGAGG_003,46
ACATTGTTGGTGCAACGAGG_004,182
ACATTGTTGGTGCAACGAGG_005,184
ACATTGTTGGTGCAACGAGG_006,11
ACTGCAGAGGAAGTTCGGTG_001,1
ACTGCAGAGGAAGTTCGGTG_002,41
ACTGCAGAGGAAGTTCGGTG_003,149
ACTGCAGAGGAAGTTCGGTG_004,23
ACTGCAGAGGAAGTTCGGTG_005,120
ACTGCAGAGGAAGTTCGGTG_006,149
ACTGCAGAGGAAGTTCGGTG_007,78
ACTGCAGAGGAAGTTCGGTG_008,2
CACTGGTAGGACGATGCCGG_001,94
CACTGGTAGGACGATGCCGG_002,55
CACTGGTAGGACGATGCCGG_003,125
CACTGGTAGGACGATGCCGG_004,177
CACTGGTAGGACGATGCCGG_005,69
CACTGGTAGGACGATGCCGG_006,147
CACTGGTAGGACGATGCCGG_007,94
TCCGTGTGCTAAGCGGTGCG_001,61
TCCGTGTGCTAAGCGGTGCG_002,9
TCCGTGTGCTAAGCGGTGCG_003,10
TCCGTGTGCTAAGCGGTGCG_004,116
TCCGTGTGCTAAGCGGTGCG_005,52
TCCGTGTGCTAAGCGGTGCG_006,70
TCCGTGTGCTAAGCGGTGCG_007,187
TCCGTGTGCTAAGCGGTGCG_008,107
TCCGTGTGCTAAGCGGTGCG_009,56
TCCGTGTGCTAAGCGGTGCG_010,78
TCCGTGTGCTAAGCGGTGCG_011,60
TCCGTGTGCTAAGCGGTGCG_012,106
TCCGTGTGCTAAGCGGTGCG_013,22
TCCGTGTGCTAAGCGGTGCG_014,98
TCCGTGTGCTAAGCGGTGCG_015,116
TCCGTGTGCTAAGCGGTGCG_016,78
CAGTGTACTCACTGCAGTCG_001,86
CAGTGTACTCACTGCAGTCG_002,49
CAGTGTACTCACTGCAGTCG_003,177
CAGTGTACTCACTGCAGTCG_004,160
CAGTGTACTCACTGCAGTCG_005,48
CAGTGTACTCACTGCAGTCG_006,62
CAGTGTACTCACTGCAGTCG_007,157
CAGTGTACTCACTGCAGTCG_008,4
CAGTGTACTCACTGCAGTCG_009,189
CAGTGTACTCACTGCAGTCG_010,176
TAGATTCCTATGGAATGAGG_001,85
TAGATTCCTATGGAATGAGG_002,88
TAGATTCCTATGGAATGAGG_003,159
GTGCTCGACGAGAAGCCTCA_001,34
GTGCTCGACGAGAAGCCTCA_002,145
GTGCTCGACGAGAAGCCTCA_003,96
GAGATTGTGGCAGAGCATCT_001,43
GAGATTGTGGCAGAGCATCT_002,175
GAGATTGTGGCAGAGCATCT_003,144
GAGATTGTGGCAGAGCATCT_004,60
GAGATTGTGGCAGAGCATCT_005,32
GAGATTGTGGCAGAGCATCT_006,60
CTCCAGTTCCCGTTGCACCC_001,158
CTCCAGTTCCCGTTGCACCC_002,188
CTCCAGTTCCCGTTGCACCC_003,102
GTAGATTTCAATACGTTCCG_001,199
GTAGATTTCAATACGTTCCG_002,17
GTAGATTTCAATACGTTCCG_003,145
TGAGGGATTCCCATTCCATG_001,43
TGAGGGATTCCCATTCCATG_002,113
TGAGGGATTCCCATTCCATG_003,58
TGAGGGATTCCCATTCCATG_004,145
TGAGGGATTCCCATTCCATG_005,169
TGAGGGATTCCCATTCCATG_006,70
TGAGGGATTCCCATTCCATG_007,13
GGCCCTCAAACACCTCAAAG_001,68
GGCCCTCAAACACCTCAAAG_002,32
GGCCCTCAAACACCTCAAAG_003,54
GGCCCTCAAACACCTCAAAG_004,25
GGCCCTCAAACACCTCAAAG_005,0
GGCCCTCAAACACCTCAAAG_006,81
GGCCCTCAAACACCTCAAAG_007,149
GGCCCTCAAACACCTCAAAG_008,166
GGCCCTCAAACACCTCAAAG_009,102
GGCCCTCAAACACCTCAAAG_010,197
GGCCCTCAAACACCTCAAAG_011,199
GGCCCTCAAACACCTCAAAG_012,1
GGCCCTCAAACACCTCAAAG_013,64
GGCCCTCAAACACCTCAAAG_014,28
ACAGGGGCACCATGTACCGA_001,10
ACAGGGGCACCATGTACCGA_002,0
ACAGGGGCACCATGTACCGA_003,1
ACAGGGGCACCATGTACCGA_004,130
ACAGGGGCACCATGTACCGA_005,73
ACAGGGGCACCATGTACCGA_006,158
ACAGGGGCACCATGTACCGA_007,1
ACAGGGGCACCATGTACCGA_008,42
ACAGGGGCACCATGTACCGA_009,100
ACAGGGGCACCATGTACCGA_010,166
ACAGGGGCACCATGTACCGA_011,125
ACAGGGGCACCATGTACCGA_012,91
ACAGGGGCACCATGTACCGA_013,49
ACAGGGGCACCATGTACCGA_014,49
ACAGGGGCACCATGTACCGA_015,115
ACAATCGGTCCAATACCCCA_001,115
ACAATCGGTCCAATACCCCA_002,94
ACAATCGGTCCAATACCCCA_003,55
ACAATCGGTCCAATACCCCA_004,118
ACAATCGGTCCAATACCCCA_005,6
ACAATCGGTCCAATACCCCA_006,113
ACAATCGGTCCAATACCCCA_007,169
ACAATCGGTCCAATACCCCA_008,168
ACAATCGGTCCAATACCCCA_009,14
ACAATCGGTCCAATACCCCA_010,52
ACAATCGGTCCAATACCCCA_011,12
ACAATCGGTCCAATACCCCA_012,34
ACAATCGGTCCAATACCCCA_013,147
ACAATCGGTCCAATACCCCA_014,145
AGGTTGATGCCCTGCCACAG_001,188
AGGTTGATGCCCTGCCACAG_002,12
AGGTTGATGCCCTGCCACAG_003,12
AGGTTGATGCCCTGCCACAG_004,184
AGGTTGATGCCCTGCCACAG_005,144
AGGTTGATGCCCTGCCACAG_006,42
AGGTTGATGCCCTGCCACAG_007,157
AGGTTGATGCCCTGCCACAG_008,159
AGGTTGATGCCCTGCCACAG_009,147
AGGTTGATGCCCTGCCACAG_010,84
AGGTTGATGCCCTGCCACAG_011,19
AGGTTGATGCCCTGCCACAG_012,79
AGGTTGATGCCCTGCCACAG_013,115
AGGTTGATGCCCTGCCACAG_014,188
AGGTTGATGCCCTGCCACAG_015,150
AGGTTGATGCCCTGCCACAG_016,34
AGGTTGATGCCCTGCCACAG_017,46
GGGGTATTCGTAGACCCCGA_001,169
GGGGTATTCGTAGACCCCGA_002,165
GGGGTATTCGTAGACCCCGA_003,53
GGGGTATTCGTAGACCCCGA_004,9
GGGGTATTCGTAGACCCCGA_005,148
GGGGTATTCGTAGACCCCGA_006,22
GGGGTATTCGTAGACCCCGA_007,51
GGGGTATTCGTAGACCCCGA_008,134
GGGGTATTCGTAGACCCCGA_009,168
GGGGTATTCGTAGACCCCGA_010,198
TTAACGGGAGTGACAACATG_001,107
TTAACGGGAGTGACAACATG_002,169
TTAACGGGAGTGACAACATG_003,27
TTAACGGGAGTGACAACATG_004,177
TTAACGGGAGTGACAACATG_005,148
TTAACGGGAGTGACAACATG_006,27
TTAACGGGAGTGACAACATG_007,98
TTAACGGGAGTGACAACATG_008,113
TTAACGGGAGTGACAACATG_009,115
TTAACGGGAGTGACAACATG_010,117
CAGGCCAACACCCGCAAGCG_001,169
CAGGCCAACACCCGCAAGCG_002,18
CAGGCCAACACCCGCAAGCG_003,34
CAGGCCAACACCCGCAAGCG_004,63
CAGGCCAACACCCGCAAGCG_005,197
CAGGCCAACACCCGCAAGCG_006,145
CAGGCCAACACCCGCAAGCG_007,184
CAGGCCAACACCCGCAAGCG_008,177
CAGGCCAACACCCGCAAGCG_009,131
CAGGCCAACACCCGCAAGCG_010,137
CAGGCCAACACCCGCAAGCG_011,43
CAGGCCAACACCCGCAAGCG_012,83
CAGGCCAACACCCGCAAGCG_013,160
CAGGCCAACACCCGCAAGCG_014,23
CAGGCCAACACCCGCAAGCG_015,119
CAGGCCAACACCCGCAAGCG_016,101
CGTGTGTGGGTAAACGGAAA_001,156
CGTGTGTGGGTAAACGGAAA_002,95
CGTGTGTGGGTAAACGGAAA_003,5
CGTGTGTGGGTAAACGGAAA_004,191
CGTGTGTGGGTAAACGGAAA_005,145
CGTGTGTGGGTAAACGGAAA_006,127
CGTGTGTGGGTAAACGGAAA_007,188
CGTGTGTGGGTAAACGGAAA_008,168
CGTGTGTGGGTAAACGGAAA_009,138
CGTGTGTGGGTAAACGGAAA_010,76
CGTGTGTGGGTAAACGGAAA_011,110
CGTGTGTGGGTAAACGGAAA_012,1
CGTGTGTGGGTAAACGGAAA_013,77
CGTGTGTGGGTAAACGGAAA_014,137
CGTGTGTGGGTAAACGGAAA_015,75
CGTGTGTGGGTAAACGGAAA_016,5
CGTGTGTGGGTAAACGGAAA_017,126
CGTGTGTGGGTAAACGGAAA_018,131
TGTCGCTTGCTGTGGACGAA_001,78
TGTCGCTTGCTGTGGACGAA_002,196
TGTCGCTTGCTGTGGACGAA_003,78
TGTCGCTTGCTGTGGACGAA_004,102
TGTCGCTTGCTGTGGACGAA_005,57
TGTCGCTTGCTGTGGACGAA_006,87
TGTCGCTTGCTGTGGACGAA_007,138
TGTCGCTTGCTGTGGACGAA_008,78
TGTCGCTTGCTGTGGACGAA_009,181
TGTCGCTTGCTGTGGACGAA_010,129
TGTCGCTTGCTGTGGACGAA_011,150
TGTCGCTTGCTGTGGACGAA_012,115
TGTCGCTTGCTGTGGACGAA_013,149
TGTCGCTTGCTGTGGACGAA_014,115
TGTCGCTTGCTGTGGACGAA_015,68
TGTCGCTTGCTGTGGACGAA_016,180
GCAGACAGGTACACAGCAGC_001,175
GCAGACAGGTACACAGCAGC_002,186
GCAGACAGGTACACAGCAGC_003,58
GCAGACAGGTACACAGCAGC_004,105
GCAGACAGGTACACAGCAGC_005,177
GCAGACAGGTACACAGCAGC_006,83
GCAGACAGGTACACAGCAGC_007,145
GCAGACAGGTACACAGCAGC_008,81
GCAGACAGGTACACAGCAGC_009,22
GCAGACAGGTACACAGCAGC_010,108
GCAGACAGGTACACAGCAGC_011,190
GCAGACAGGTACACAGCAGC_012,199
GCAGACAGGTACACAGCAGC_013,149
GCAGACAGGTACACAGCAGC_014,167
GCAGACAGGTACACAGCAGC_015,1
GCAGACAGGTACACAGCAGC_016,108
GCAGACAGGTACACAGCAGC_017,153
GCAGACAGGTACACAGCAGC_018,121
GCAGACAGGTACACAGCAGC_019,184
GCAGACAGGTACACAGCAGC_020,8
GCAGACAGGTACACAGCAGC_021,69
GCAGACAGGTACACAGCAGC_022,135
GCAGACAGGTACACAGCAGC_023,130
GCAGACAGGTACACAGCAGC_024,70
GCAGACAGGTACACAGCAGC_025,157
GCAGACAGGTACACAGCAGC_026,180
CAAGAGTGGACAGCTCCCAG_001,58
CAAGAGTGGACAGCTCCCAG_002,189
CAAGAGTGGACAGCTCCCAG_003,160
CAAGAGTGGACAGCTCCCAG_004,130
CAAGAGTGGACAGCTCCCAG_005,76
CAAGAGTGGACAGCTCCCAG_006,2
CAAGAGTGGACAGCTCCCAG_007,138
CTTTGCTTTACTGATGGCCC_001,172
GCATCAGCTCCACTTTATCG_001,28
GCATCAGCTCCACTTTATCG_002,60
GCATCAGCTCCACTTTATCG_003,127
GCATCAGCTCCACTTTATCG_004,107
GCATCAGCTCCACTTTATCG_005,75
GCATCAGCTCCACTTTATCG_006,47
TATCACATGATGCAAAGTGA_001,76
TATCACATGATGCAAAGTGA_002,176
TATCACATGATGCAAAGTGA_003,60
TATCACATGATGCAAAGTGA_004,8
TATCACATGATGCAAAGTGA_005,147
TATCACATGATGCAAAGTGA_006,70
TATCACATGATGCAAAGTGA_007,40
TATCACATGATGCAAAGTGA_008,58
TATCACATGATGCAAAGTGA_009,50
TATCACATGATGCAAAGTGA_010,2
ATGAACTGGATTCATCCTCA_001,126
ATGAACTGGATTCATCCTCA_002,48
ATGAACTGGATTCATCCTCA_003,41
ATGAACTGGATTCATCCTCA_004,198
ATGAACTGGATTCATCCTCA_005,58
CGGGATGCAGCTGGAGAGGA_001,92
CGGGATGCAGCTGGAGAGGA_002,129
CGGGATGCAGCTGGAGAGGA_003,198
CGGGATGCAGCTGGAGAGGA_004,121
CGGGATGCAGCTGGAGAGGA_005,188
CGGGATGCAGCTGGAGAGGA_006,186
CGGGATGCAGCTGGAGAGGA_007,42
CGGGATGCAGCTGGAGAGGA_008,105
CGGGATGCAGCTGGAGAGGA_009,183
CGGGATGCAGCTGGAGAGGA_010,61
CGGGATGCAGCTGGAGAGGA_011,97
CGGGATGCAGCTGGAGAGGA_012,147
CGGGATGCAGCTGGAGAGGA_013,88
CGGGATGCAGCTGGAGAGGA_014,42
CGGGATGCAGCTGGAGAGGA_015,182
CGGGATGCAGCTGGAGAGGA_016,127
CGGGATGCAGCTGGAGAGGA_017,10
CGGGATGCAGCTGGAGAGGA_018,114
CGGGATGCAGCTGGAGAGGA_019,70
CGGGATGCAGCTGGAGAGGA_020,166
CGGGATGCAGCTGGAGAGGA_021,94
CGGGATGCAGCTGGAGAGGA_022,162
CGGGATGCAGCTGGAGAGGA_023,110
CGGGATGCAGCTGGAGAGGA_024,2
CGGGATGCAGCTGGAGAGGA_025,62
CGGGATGCAGCTGGAGAGGA_026,26
CGGGATGCAGCTGGAGAGGA_027,17
CGGGATGCAGCTGGAGAGGA_028,136
CGGGATGCAGCTGGAGAGGA_029,40
CGGGATGCAGCTGGAGAGGA_030,47
CGGGATGCAGCTGGAGAGGA_031,80
CGGGATGCAGCTGGAGAGGA_032,183
CGGGATGCAGCTGGAGAGGA_033,37
CGGGATGCAGCTGGAGAGGA_034,40
CGGGATGCAGCTGGAGAGGA_035,156
GGATAACCACAGTCAGTGGG_001,88
GGATAACCACAGTCAGTGGG_002,50
GGATAACCACAGTCAGTGGG_003,54
GGATAACCACAGTCAGTGGG_004,96
GGATAACCACAGTCAGTGGG_005,150
GGATAACCACAGTCAGTGGG_006,88
GGATAACCACAGTCAGTGGG_007,170
GGATAACCACAGTCAGTGGG_008,177
GGATAACCACAGTCAGTGGG_009,40
GGATAACCACAGTCAGTGGG_010,83
GGATAACCACAGTCAGTGGG_011,81
GGATAACCACAGTCAGTGGG_012,34
GGATAACCACAGTCAGTGGG_013,35
GGATAACCACAGTCAGTGGG_014,27
GGATAACCACAGTCAGTGGG_015,59
GGATAACCACAGTCAGTGGG_016,191
GGATAACCACAGTCAGTGGG_017,49
GGATAACCACAGTCAGTGGG_018,90
TACAGCGACCCCGAGACCAA_001,102
TACAGCGACCCCGAGACCAA_002,182
TACAGCGACCCCGAGACCAA_003,102
TACAGCGACCCCGAGACCAA_004,142
TACAGCGACCCCGAGACCAA_005,115
TACAGCGACCCCGAGACCAA_006,148
TACAGCGACCCCGAGACCAA_007,128
TACAGCGACCCCGAGACCAA_008,139
TACAGCGACCCCGAGACCAA_009,177
TACAGCGACCCCGAGACCAA_010,65
TACAGCGACCCCGAGACCAA_011,69
TACAGCGACCCCGAGACCAA_012,30
TACAGCGACCCCGAGACCAA_013,134
TACAGCGACCCCGAGACCAA_014,159
TACAGCGACCCCGAGACCAA_015,147
TACAGCGACCCCGAGACCAA_016,40
TACAGCGACCCCGAGACCAA_017,75
TACAGCGACCCCGAGACCAA_018,75
TACAGCGACCCCGAGACCAA_019,136
TACAGCGACCCCGAGACCAA_020,185
TACAGCGACCCCGAGACCAA_021,167
TACAGCGACCCCGAGACCAA_022,52
TACAGCGACCCCGAGACCAA_023,96
TACAGCGACCCCGAGACCAA_024,170
TACAGCGACCCCGAGACCAA_025,3
TACAGCGACCCCGAGACCAA_026,183
TACAGCGACCCCGAGACCAA_027,188
GTGGCCATAGCTCCGAATGC_001,147
GTGGCCATAGCTCCGAATGC_002,63
TGTTCAAGGTCATTCTCGGG_001,115
TGTTCAAGGTCATTCTCGGG_002,182
TGTTCAAGGTCATTCTCGGG_003,82
TGTTCAAGGTCATTCTCGGG_004,141
TGTTCAAGGTCATTCTCGGG_005,35
TGTTCAAGGTCATTCTCGGG_006,84
TGTTCAAGGTCATTCTCGGG_007,198
TGTTCAAGGTCATTCTCGGG_008,1
TGTTCAAGGTCATTCTCGGG_009,150
TGTTCAAGGTCATTCTCGGG_010,42
TGTTCAAGGTCATTCTCGGG_011,42
TGTTCAAGGTCATTCTCGGG_012,166
TGTTCAAGGTCATTCTCGGG_013,98
GGAGCGAGCTTGGGAAATTG_001,78
GGAGCGAGCTTGGGAAATTG_002,29
GGAGCGAGCTTGGGAAATTG_003,149
GGAGCGAGCTTGGGAAATTG_004,134
GGAGCGAGCTTGGGAAATTG_005,171
GGAGCGAGCTTGGGAAATTG_006,145
GGAGCGAGCTTGGGAAATTG_007,111
GGAGCGAGCTTGGGAAATTG_008,0
GGAGCGAGCTTGGGAAATTG_009,199
GGAGCGAGCTTGGGAAATTG_010,130
GGAGCGAGCTTGGGAAATTG_011,39
GGAGCGAGCTTGGGAAATTG_012,199
GGAGCGAGCTTGGGAAATTG_013,69
GGAGCGAGCTTGGGAAATTG_014,98
GGAGCGAGCTTGGGAAATTG_015,27
TGCAGTCACTCAGAAGACGT_001,166
TGCAGTCACTCAGAAGACGT_002,106
TGCAGTCACTCAGAAGACGT_003,132
TGCAGTCACTCAGAAGACGT_004,94
TGCAGTCACTCAGAAGACGT_005,29
TGCAGTCACTCAGAAGACGT_006,20
TGCAGTCACTCAGAAGACGT_007,199
TGCAGTCACTCAGAAGACGT_008,52
TGCAGTCACTCAGAAGACGT_009,98
TGCAGTCACTCAGAAGACGT_010,55
TGCAGTCACTCAGAAGACGT_011,135
TCTCTTCCCAGGGCGCCGGT_001,182
CAGGAAAAGTTCTTTCACAT_001,115
CAGGAAAAGTTCTTTCACAT_002,107
TTGGCCTGGTCAAACCACGC_001,17
TTGGCCTGGTCAAACCACGC_002,169
TTGGCCTGGTCAAACCACGC_003,132
TTGGCCTGGTCAAACCACGC_004,107
TTGGCCTGGTCAAACCACGC_005,128
TTGGCCTGGTCAAACCACGC_006,194
TTGGCCTGGTCAAACCACGC_007,94
TTGGCCTGGTCAAACCACGC_008,139
TTGGCCTGGTCAAACCACGC_009,141
TTGGCCTGGTCAAACCACGC_010,184
TTGGCCTGGTCAAACCACGC_011,112
TTGGCCTGGTCAAACCACGC_012,48
TTGGCCTGGTCAAACCACGC_013,52
TTGGCCTGGTCAAACCACGC_014,106
TTGGCCTGGTCAAACCACGC_015,145
TTGGCCTGGTCAAACCACGC_016,43
TTGGCCTGGTCAAACCACGC_017,19
TTGGCCTGGTCAAACCACGC_018,70
TTGGCCTGGTCAAACCACGC_019,122
TTGGCCTGGTCAAACCACGC_020,112
TTGGCCTGGTCAAACCACGC_021,152
TTGGCCTGGTCAAACCACGC_022,23
TTGGCCTGGTCAAACCACGC_023,137
CCCACAATGGTCTCACACCA_001,188
CCCACAATGGTCTCACACCA_002,57
CCCACAATGGTCTCACACCA_003,7
CCCACAATGGTCTCACACCA_004,75
CCCACAATGGTCTCACACCA_005,148
CCCACAATGGTCTCACACCA_006,44
CCCACAATGGTCTCACACCA_007,79
GGCCGACAGTAATCTCACGC_001,61
GGCCGACAGTAATCTCACGC_002,55
GGCCGACAGTAATCTCACGC_003,177
GTGCACAGACTTTATGTAGG_001,191
GTGCACAGACTTTATGTAGG_002,199
GTGCACAGACTTTATGTAGG_003,171
GTGCACAGACTTTATGTAGG_004,105
ATCCTTGCTAAGCCCCACTC_001,49
ATCCTTGCTAAGCCCCACTC_002,29
ATCCTTGCTAAGCCCCACTC_003,21
ATCCTTGCTAAGCCCCACTC_004,105
ATCCTTGCTAAGCCCCACTC_005,150
ATCCTTGCTAAGCCCCACTC_006,150
ATCCTTGCTAAGCCCCACTC_007,82
ATCCTTGCTAAGCCCCACTC_008,54
ATCCTTGCTAAGCCCCACTC_009,68
ATCCTTGCTAAGCCCCACTC_010,2
ATCCTTGCTAAGCCCCACTC_011,67
ATCCTTGCTAAGCCCCACTC_012,97
ATCCTTGCTAAGCCCCACTC_013,0
ATCCTTGCTAAGCCCCACTC_014,63
ATCCTTGCTAAGCCCCACTC_015,121
ATCCTTGCTAAGCCCCACTC_016,39
ATCCTTGCTAAGCCCCACTC_017,158
TTGTACGACGAAATGAGACC_001,2
TTGTACGACGAAATGAGACC_002,41
AAACGGAAAGGATTTAACGA_001,120
AAACGGAAAGGATTTAACGA_002,46
AAACGGAAAGGATTTAACGA_003,168
AAACGGAAAGGATTTAACGA_004,106
AAACGGAAAGGATTTAACGA_005,16
AAACGGAAAGGATTTAACGA_006,11
AAACGGAAAGGATTTAACGA_007,150
AAACGGAAAGGATTTAACGA_008,2
AAACGGAAAGGATTTAACGA_009,60
AAACGGAAAGGATTTAACGA_010,1
AAACGGAAAGGATTTAACGA_011,185
AAACGGAAAGGATTTAACGA_012,60
AAACGGAAAGGATTTAACGA_013,77
AAACGGAAAGGATTTAACGA_014,150
AAACGGAAAGGATTTAACGA_015,49
AAACGGAAAGGATTTAACGA_016,9
AAACGGAAAGGATTTAACGA_017,61
AAACGGAAAGGATTTAACGA_018,174
AAACGGAAAGGATTTAACGA_019,176
AAACGGAAAGGATTTAACGA_020,105
AAAGCGTAATCAGAAGACTA_001,84
AAAGCGTAATCAGAAGACTA_002,58
AAAGCGTAATCAGAAGACTA_003,56
AAAGCGTAATCAGAAGACTA_004,56
AAAGCGTAATCAGAAGACTA_005,19
AAAGCGTAATCAGAAGACTA_006,98
AAAGCGTAATCAGAAGACTA_007,54
AAAGCGTAATCAGAAGACTA_008,13
AAAGCGTAATCAGAAGACTA_009,41
AAAGCGTAATCAGAAGACTA_010,56
ACGGGGTGAAACCATGTCGT_001,88
ACGGGGTGAAACCATGTCGT_002,112
ACGGGGTGAAACCATGTCGT_003,56
ACGGGGTGAAACCATGTCGT_004,104
ACGGGGTGAAACCATGTCGT_005,35
ACGGGGTGAAACCATGTCGT_006,191
ACGGGGTGAAACCATGTCGT_007,147
ACGGGGTGAAACCATGTCGT_008,54
ACGGGGTGAAACCATGTCGT_009,67
ACGGGGTGAAACCATGTCGT_010,34
ACGGGGTGAAACCATGTCGT_011,5
ACGGGGTGAAACCATGTCGT_012,130
ACGGGGTGAAACCATGTCGT_013,41
ACGGGGTGAAACCATGTCGT_014,122
ACGGGGTGAAACCATGTCGT_015,54
ACGGGGTGAAACCATGTCGT_016,77
ACGGGGTGAAACCATGTCGT_017,62
ACGGGGTGAAACCATGTCGT_018,119
ACGGGGTGAAACCATGTCGT_019,47
ACGGGGTGAAACCATGTCGT_020,96
ACGGGGTGAAACCATGTCGT_021,119
ACGGGGTGAAACCATGTCGT_022,6
ACGGGGTGAAACCATGTCGT_023,36
ACGGGGTGAAACCATGTCGT_024,96
ACGGGGTGAAACCATGTCGT_025,130
ACGGGGTGAAACCATGTCGT_026,95
GAACGCCTGTGCATACGCGG_001,93
GAACGCCTGTGCATACGCGG_002,122
GAACGCCTGTGCATACGCGG_003,105
GAACGCCTGTGCATACGCGG_004,62
GAACGCCTGTGCATACGCGG_005,174
GAACGCCTGTGCATACGCGG_006,86
GAACGCCTGTGCATACGCGG_007,174
GAACGCCTGTGCATACGCGG_008,10
GAACGCCTGTGCATACGCGG_009,88
GAACGCCTGTGCATACGCGG_010,76
GAACGCCTGTGCATACGCGG_011,178
GAACGCCTGTGCATACGCGG_012,77
GAACGCCTGTGCATACGCGG_013,14
GGAATGTCTGCAGCCCATAG_001,169
GGAATGTCTGCAGCCCATAG_002,169
GGAATGTCTGCAGCCCATAG_003,40
ATATTTCTGGTGGCATTCGG_001,88
ATATTTCTGGTGGCATTCGG_002,70
CAAAGTCTGCTGTCCGACCT_001,94
CAAAGTCTGCTGTCCGACCT_002,113
CAAAGTCTGCTGTCCGACCT_003,105
CAAAGTCTGCTGTCCGACCT_004,113
CAAAGTCTGCTGTCCGACCT_005,194
CAAAGTCTGCTGTCCGACCT_006,119
CAAAGTCTGCTGTCCGACCT_007,19
CAAAGTCTGCTGTCCGACCT_008,23
CAAAGTCTGCTGTCCGACCT_009,168
CAAAGTCTGCTGTCCGACCT_010,147
CAAAGTCTGCTGTCCGACCT_011,16
CAAAGTCTGCTGTCCGACCT_012,26
CAAAGTCTGCTGTCCGACCT_013,142
CAAAGTCTGCTGTCCGACCT_014,147
CAAAGTCTGCTGTCCGACCT_015,198
CAAAGTCTGCTGTCCGACCT_016,47
CAAAGTCTGCTGTCCGACCT_017,178
CAAAGTCTGCTGTCCGACCT_018,115
CAAAGTCTGCTGTCCGACCT_019,48
CAAAGTCTGCTGTCCGACCT_020,39
CAAAGTCTGCTGTCCGACCT_021,28
CAAAGTCTGCTGTCCGACCT_022,79
CAAAGTCTGCTGTCCGACCT_023,148
CAAAGTCTGCTGTCCGACCT_024,160
CCCTGGGGCGGATAAGACGA_001,199
CCCTGGGGCGGATAAGACGA_002,1
CCCTGGGGCGGATAAGACGA_003,184
GTTTCTGCCTAAAGGGAGAG_001,152
GTTTCTGCCTAAAGGGAGAG_002,160
GTTTCTGCCTAAAGGGAGAG_003,51
GTTTCTGCCTAAAGGGAGAG_004,139
GTTTCTGCCTAAAGGGAGAG_005,8
GTTTCTGCCTAAAGGGAGAG_006,13
GTTTCTGCCTAAAGGGAGAG_007,115
GTTTCTGCCTAAAGGGAGAG_008,77
GTTTCTGCCTAAAGGGAGAG_009,29
GTTTCTGCCTAAAGGGAGAG_010,82
GTTTCTGCCTAAAGGGAGAG_011,168
GTTTCTGCCTAAAGGGAGAG_012,105
GTTTCTGCCTAAAGGGAGAG_013,188
CTCCAGAACATCCGCACACA_001,163
CTCCAGAACATCCGCACACA_002,9
CTCCAGAACATCCGCACACA_003,156
CTCCAGAACATCCGCACACA_004,185
CTCCAGAACATCCGCACACA_005,150
CTCCAGAACATCCGCACACA_006,79
CTCCAGAACATCCGCACACA_007,190
CTCCAGAACATCCGCACACA_008,93
CTCCAGAACATCCGCACACA_009,33
CTCCAGAACATCCGCACACA_010,97
CTCCAGAACATCCGCACACA_011,150
CTCCAGAACATCCGCACACA_012,104
CTCCAGAACATCCGCACACA_013,68
ATTACTGGGTACCGGCCAAG_001,166
ATTACTGGGTACCGGCCAAG_002,22
ATTACTGGGTACCGGCCAAG_003,145
ATTACTGGGTACCGGCCAAG_004,24
ATTACTGGGTACCGGCCAAG_005,149
ATTACTGGGTACCGGCCAAG_006,52
ATTGGATATATTATCACCCA_001,41
ATTGGATATATTATCACCCA_002,174
TTCCAACAGGGGAATCCCGG_001,60
TTCCAACAGGGGAATCCCGG_002,77
TTCCAACAGGGGAATCCCGG_003,38
TTCCAACAGGGGAATCCCGG_004,115
TTCCAACAGGGGAATCCCGG_005,148
TTCCAACAGGGGAATCCCGG_006,147
TTCCAACAGGGGAATCCCGG_007,160
TTCCAACAGGGGAATCCCGG_008,113
TTCCAACAGGGGAATCCCGG_009,34
TTCCAACAGGGGAATCCCGG_010,182
TTCCAACAGGGGAATCCCGG_011,17
TTCCAACAGGGGAATCCCGG_012,134
TTCCAACAGGGGAATCCCGG_013,29
TTCCAACAGGGGAATCCCGG_014,158
TTCCAACAGGGGAATCCCGG_015,88
TTCCAACAGGGGAATCCCGG_016,158
TTCCAACAGGGGAATCCCGG_017,17
TTCCAACAGGGGAATCCCGG_018,162
TTCCAACAGGGGAATCCCGG_019,58
TTCCAACAGGGGAATCCCGG_020,198
TTCCAACAGGGGAATCCCGG_021,144
TTCCAACAGGGGAATCCCGG_022,68
TTCCAACAGGGGAATCCCGG_023,172
TTCCAACAGGGGAATCCCGG_024,4
ACTGTTGTGCACAGGAGTGG_001,50
ACTGTTGTGCACAGGAGTGG_002,161
ACTGTTGTGCACAGGAGTGG_003,122
ACTGTTGTGCACAGGAGTGG_004,178
ACTGTTGTGCACAGGAGTGG_005,133
ACTGTTGTGCACAGGAGTGG_006,32
ACTGTTGTGCACAGGAGTGG_007,94
ACTGTTGTGCACAGGAGTGG_008,115
ACTGTTGTGCACAGGAGTGG_009,68
ACTGTTGTGCACAGGAGTGG_010,188
ACTGTTGTGCACAGGAGTGG_011,196
CTTAGCAAGCAGAAGTGTGT_001,27
CTTAGCAAGCAGAAGTGTGT_002,15
CTTAGCAAGCAGAAGTGTGT_003,56
CTTAGCAAGCAGAAGTGTGT_004,76
CTTAGCAAGCAGAAGTGTGT_005,148
CTTAGCAAGCAGAAGTGTGT_006,119
ATAGATGCTGGAATTCTATG_001,102
ATAGATGCTGGAATTCTATG_002,60
TGAGCTGATTGTTGAGCCAG_001,41
TGAGCTGATTGTTGAGCCAG_002,2
TGAGCTGATTGTTGAGCCAG_003,127
TGAGCTGATTGTTGAGCCAG_004,13
TGAGCTGATTGTTGAGCCAG_005,32
TGAGCTGATTGTTGAGCCAG_006,24
TGAGCTGATTGTTGAGCCAG_007,50
TGAGCTGATTGTTGAGCCAG_008,106
TGAGCTGATTGTTGAGCCAG_009,1
GAAGAAGTATAGGCGGACCC_001,127
GAAGAAGTATAGGCGGACCC_002,70
GAAGAAGTATAGGCGGACCC_003,173
GAAGAAGTATAGGCGGACCC_004,191
AGTCTGCCGCAGGATAGTGA_001,102
AGTCTGCCGCAGGATAGTGA_002,199
AGTCTGCCGCAGGATAGTGA_003,198
AGTCTGCCGCAGGATAGTGA_004,157
AGTCTGCCGCAGGATAGTGA_005,157
AGTCTGCCGCAGGATAGTGA_006,60
AGTCTGCCGCAGGATAGTGA_007,130
AGTCTGCCGCAGGATAGTGA_008,187
AGTCTGCCGCAGGATAGTGA_009,138
AGTCTGCCGCAGGATAGTGA_010,120
AGTCTGCCGCAGGATAGTGA_011,40
AGTCTGCCGCAGGATAGTGA_012,125
AGTCTGCCGCAGGATAGTGA_013,104
AGTCTGCCGCAGGATAGTGA_014,41
AGTCTGCCGCAGGATAGTGA_015,127
AGTCTGCCGCAGGATAGTGA_016,9
AGTCTGCCGCAGGATAGTGA_017,84
AGTCTGCCGCAGGATAGTGA_018,10
AGTCTGCCGCAGGATAGTGA_019,19
ATGCGCTTTAATCGCCGTTC_001,50
ATGCGCTTTAATCGCCGTTC_002,5
ATGCGCTTTAATCGCCGTTC_003,150
ATGCGCTTTAATCGCCGTTC_004,112
ATGCGCTTTAATCGCCGTTC_005,191
ATGCGCTTTAATCGCCGTTC_006,127
ATGCGCTTTAATCGCCGTTC_007,73
ATGCGCTTTAATCGCCGTTC_008,97
ATGCGCTTTAATCGCCGTTC_009,182
ATGCGCTTTAATCGCCGTTC_010,107
ATGCGCTTTAATCGCCGTTC_011,60
ATGCGCTTTAATCGCCGTTC_012,171
ATGCGCTTTAATCGCCGTTC_013,49
ATGCGCTTTAATCGCCGTTC_014,145
ATGCGCTTTAATCGCCGTTC_015,28
ATGCGCTTTAATCGCCGTTC_016,27
ATGCGCTTTAATCGCCGTTC_017,105
TCCACCAAGTCAGACCCAAG_001,17
TCCACCAAGTCAGACCCAAG_002,2
TCCACCAAGTCAGACCCAAG_003,115
TCCACCAAGTCAGACCCAAG_004,80
TCCACCAAGTCAGACCCAAG_005,6
TCCACCAAGTCAGACCCAAG_006,41
TCCACCAAGTCAGACCCAAG_007,117
TCCACCAAGTCAGACCCAAG_008,152
TCCACCAAGTCAGACCCAAG_009,59
TCCACCAAGTCAGACCCAAG_010,177
TCCACCAAGTCAGACCCAAG_011,175
TCCACCAAGTCAGACCCAAG_012,73
TCCACCAAGTCAGACCCAAG_013,119
TCCACCAAGTCAGACCCAAG_014,132
TCCACCAAGTCAGACCCAAG_015,172
TCCACCAAGTCAGACCCAAG_016,12
TCCACCAAGTCAGACCCAAG_017,105
TCCACCAAGTCAGACCCAAG_018,45
TCCACCAAGTCAGACCCAAG_019,149
TCCACCAAGTCAGACCCAAG_020,196
TCCACCAAGTCAGACCCAAG_021,62
TCCACCAAGTCAGACCCAAG_022,104
TCCACCAAGTCAGACCCAAG_023,148
TCCACCAAGTCAGACCCAAG_024,185
TCCACCAAGTCAGACCCAAG_025,39
TCCACCAAGTCAGACCCAAG_026,83
TCCACCAAGTCAGACCCAAG_027,116
TCCACCAAGTCAGACCCAAG_028,168
TCCACCAAGTCAGACCCAAG_029,30
GCTTGAGGGCAAGAAATATG_001,170
GCTTGAGGGCAAGAAATATG_002,174
GCTTGAGGGCAAGAAATATG_003,176
GCTTGAGGGCAAGAAATATG_004,54
GCTTGAGGGCAAGAAATATG_005,38
GCTTGAGGGCAAGAAATATG_006,94
GCTTGAGGGCAAGAAATATG_007,81
GCTTGAGGGCAAGAAATATG_008,56
GCTTGAGGGCAAGAAATATG_009,158
GCTTGAGGGCAAGAAATATG_010,114
GCTTGAGGGCAAGAAATATG_011,69
GCTTGAGGGCAAGAAATATG_012,3
GCCCCCGCTTGAAACATCGG_001,139
GCCCCCGCTTGAAACATCGG_002,196
GCCCCCGCTTGAAACATCGG_003,25
GCCCCCGCTTGAAACATCGG_004,1
GCCCCCGCTTGAAACATCGG_005,62
GCCCCCGCTTGAAACATCGG_006,27
GCCCCCGCTTGAAACATCGG_007,27
GCCCCCGCTTGAAACATCGG_008,16
GCCCCCGCTTGAAACATCGG_009,62
GCCCCCGCTTGAAACATCGG_010,147
GCCCCCGCTTGAAACATCGG_011,28
GCCCCCGCTTGAAACATCGG_012,2
GCCCCCGCTTGAAACATCGG_013,15
GCCCCCGCTTGAAACATCGG_014,34
GTTCTGGTCCATGATAGTGA_001,115
GTTCTGGTCCATGATAGTGA_002,188
GTTCTGGTCCATGATAGTGA_003,34
GTTCTGGTCCATGATAGTGA_004,67
TATCACTCAACTCTTGAGGA_001,144
TATCACTCAACTCTTGAGGA_002,49
TATCACTCAACTCTTGAGGA_003,44
TATCACTCAACTCTTGAGGA_004,23
TATCACTCAACTCTTGAGGA_005,41
TATCACTCAACTCTTGAGGA_006,148
TATCACTCAACTCTTGAGGA_007,198
AGAAGAGCCAAGTCTCGCGG_001,52
AGAAGAGCCAAGTCTCGCGG_002,62
AGAAGAGCCAAGTCTCGCGG_003,150
AGAAGAGCCAAGTCTCGCGG_004,127
AGAAGAGCCAAGTCTCGCGG_005,41
AGAAGAGCCAAGTCTCGCGG_006,33
AGAAGAGCCAAGTCTCGCGG_007,51
AGAAGAGCCAAGTCTCGCGG_008,87
AGAAGAGCCAAGTCTCGCGG_009,19
AGAAGAGCCAAGTCTCGCGG_010,49
AGAAGAGCCAAGTCTCGCGG_011,138
AGAAGAGCCAAGTCTCGCGG_012,10
AGAAGAGCCAAGTCTCGCGG_013,10
AGAAGAGCCAAGTCTCGCGG_014,129
GTAGACCGCATCAACCAACG_001,182
GTAGACCGCATCAACCAACG_002,165
GTAGACCGCATCAACCAACG_003,104
GTAGACCGCATCAACCAACG_004,186
GTAGACCGCATCAACCAACG_005,151
GTAGACCGCATCAACCAACG_006,9
GTAGACCGCATCAACCAACG_007,24
GTAGACCGCATCAACCAACG_008,29
GTAGACCGCATCAACCAACG_009,29
GTAGACCGCATCAACCAACG_010,102
GTAGACCGCATCAACCAACG_011,65
GTAGACCGCATCAACCAACG_012,149
GTAGACCGCATCAACCAACG_013,69
GTAGACCGCATCAACCAACG_014,153
GTAGACCGCATCAACCAACG_015,138
GTAGACCGCATCAACCAACG_016,14
GTAGACCGCATCAACCAACG_017,38
AGAGCCTTGTCTCGCTCTTG_001,191
AGAGCCTTGTCTCGCTCTTG_002,4
AGAGCCTTGTCTCGCTCTTG_003,110
AGAGCCTTGTCTCGCTCTTG_004,179
AGAGCCTTGTCTCGCTCTTG_005,148
AGAGCCTTGTCTCGCTCTTG_006,155
TTTGGACTCCCACGATTACG_001,127
TTTGGACTCCCACGATTACG_002,25
TTTGGACTCCCACGATTACG_003,105
TTTGGACTCCCACGATTACG_004,77
TTTGGACTCCCACGATTACG_005,58
AATGAATTGATGCAGGTCTG_001,178
AATGAATTGATGCAGGTCTG_002,88
AATGAATTGATGCAGGTCTG_003,127
AATGAATTGATGCAGGTCTG_004,27
AATGAATTGATGCAGGTCTG_005,43
AATGAATTGATGCAGGTCTG_006,13
AATGAATTGATGCAGGTCTG_007,159
AATGAATTGATGCAGGTCTG_008,127
AATGAATTGATGCAGGTCTG_009,43
AATGAATTGATGCAGGTCTG_010,121
AATGAATTGATGCAGGTCTG_011,150
AATGAATTGATGCAGGTCTG_012,198
AAAACGCCCCCTACTGCCAG_001,163
AAAACGCCCCCTACTGCCAG_002,108
AAAACGCCCCCTACTGCCAG_003,52
AAAACGCCCCCTACTGCCAG_004,1
AAAACGCCCCCTACTGCCAG_005,50
AAAACGCCCCCTACTGCCAG_006,43
AAAACGCCCCCTACTGCCAG_007,85
AAAACGCCCCCTACTGCCAG_008,132
AAAACGCCCCCTACTGCCAG_009,14
AAAACGCCCCCTACTGCCAG_010,9
AAAACGCCCCCTACTGCCAG_011,91
AAAACGCCCCCTACTGCCAG_012,103
AAAACGCCCCCTACTGCCAG_013,98
AAAACGCCCCCTACTGCCAG_014,19
AAAACGCCCCCTACTGCCAG_015,188
AAAACGCCCCCTACTGCCAG_016,174
AAAACGCCCCCTACTGCCAG_017,15
AAAACGCCCCCTACTGCCAG_018,195
AAAACGCCCCCTACTGCCAG_019,197
AAAACGCCCCCTACTGCCAG_020,6
AAAACGCCCCCTACTGCCAG_021,40
AAAACGCCCCCTACTGCCAG_022,78
AAAACGCCCCCTACTGCCAG_023,2
AAAACGCCCCCTACTGCCAG_024,28
AAAACGCCCCCTACTGCCAG_025,134
AAAACGCCCCCTACTGCCAG_026,106
AAAACGCCCCCTACTGCCAG_027,104
AAAACGCCCCCTACTGCCAG_028,63
AAAACGCCCCCTACTGCCAG_029,52
AAAACGCCCCCTACTGCCAG_030,168
AAAACGCCCCCTACTGCCAG_031,39
AAAACGCCCCCTACTGCCAG_032,75
AAAACGCCCCCTACTGCCAG_033,66
AAAACGCCCCCTACTGCCAG_034,146
AAAACGCCCCCTACTGCCAG_035,2
AAAACGCCCCCTACTGCCAG_036,114
AAAACGCCCCCTACTGCCAG_037,174
GATTCTTGATCTCACAGTCA_001,24
GATTCTTGATCTCACAGTCA_002,107
GATTCTTGATCTCACAGTCA_003,82
GATTCTTGATCTCACAGTCA_004,38
TTGTCTCAATAATGGCCATG_001,76
TTGTCTCAATAATGGCCATG_002,160
TTGTCTCAATAATGGCCATG_003,171
TTGTCTCAATAATGGCCATG_004,86
GACCCCCGGCAATTTCATGG_001,46
GACCCCCGGCAATTTCATGG_002,58
GACCCCCGGCAATTTCATGG_003,76
GACCCCCGGCAATTTCATGG_004,90
GACCCCCGGCAATTTCATGG_005,23
GACCCCCGGCAATTTCATGG_006,17
GACCCCCGGCAATTTCATGG_007,77
GACCCCCGGCAATTTCATGG_008,176
GACCCCCGGCAATTTCATGG_009,58
GACCCCCGGCAATTTCATGG_010,147
GACCCCCGGCAATTTCATGG_011,160
GACCCCCGGCAATTTCATGG_012,160
GACCCCCGGCAATTTCATGG_013,34
GACCCCCGGCAATTTCATGG_014,128
GACCCCCGGCAATTTCATGG_015,127
GACCCCCGGCAATTTCATGG_016,84
GACCCCCGGCAATTTCATGG_017,136
CAAGCCAACTCCACTTGCCA_001,182
CAAGCCAACTCCACTTGCCA_002,42
CAAGCCAACTCCACTTGCCA_003,21
CAAGCCAACTCCACTTGCCA_004,49
CAAGCCAACTCCACTTGCCA_005,101
CAAGCCAACTCCACTTGCCA_006,161
CAAGCCAACTCCACTTGCCA_007,178
CAAGCCAACTCCACTTGCCA_008,41
CAAGCCAACTCCACTTGCCA_009,4
CAAGCCAACTCCACTTGCCA_010,56
CAAGCCAACTCCACTTGCCA_011,197
CAAGCCAACTCCACTTGCCA_012,144
CAAGCCAACTCCACTTGCCA_013,40
CAAGCCAACTCCACTTGCCA_014,162
CAAGCCAACTCCACTTGCCA_015,28
CAAGCCAACTCCACTTGCCA_016,53
CAAGCCAACTCCACTTGCCA_017,79
CAAGCCAACTCCACTTGCCA_018,183
CAAGCCAACTCCACTTGCCA_019,91
CAAGCCAACTCCACTTGCCA_020,29
CAAGCCAACTCCACTTGCCA_021,52
CCACAAAGGTGATGGAACGA_001,134
CCACAAAGGTGATGGAACGA_002,158
CCACAAAGGTGATGGAACGA_003,58
CCACAAAGGTGATGGAACGA_004,48
CCACAAAGGTGATGGAACGA_005,58
CCACAAAGGTGATGGAACGA_006,145
CCACAAAGGTGATGGAACGA_007,1
CCACAAAGGTGATGGAACGA_008,60
CCACAAAGGTGATGGAACGA_009,117
CCACAAAGGTGATGGAACGA_010,156
CCACAAAGGTGATGGAACGA_011,46
CCACAAAGGTGATGGAACGA_012,177
CCACAAAGGTGATGGAACGA_013,169
CCACAAAGGTGATGGAACGA_014,120
CCACAAAGGTGATGGAACGA_015,190
CCACAAAGGTGATGGAACGA_016,158
CAAACCCAAGGAGCACGGCA_001,118
CAAACCCAAGGAGCACGGCA_002,117
CAAACCCAAGGAGCACGGCA_003,1
CAAACCCAAGGAGCACGGCA_004,20
CAAACCCAAGGAGCACGGCA_005,150
CAAACCCAAGGAGCACGGCA_006,78
CAAACCCAAGGAGCACGGCA_007,18
CAAACCCAAGGAGCACGGCA_008,7
CAAACCCAAGGAGCACGGCA_009,12
CAAACCCAAGGAGCACGGCA_010,17
CAAACCCAAGGAGCACGGCA_011,93
GATGATACAGAGGCACCCCA_001,194
GATGATACAGAGGCACCCCA_002,137
GATGATACAGAGGCACCCCA_003,15
GATGATACAGAGGCACCCCA_004,94
GATGATACAGAGGCACCCCA_005,50
GATGATACAGAGGCACCCCA_006,177
GATGATACAGAGGCACCCCA_007,81
GATGATACAGAGGCACCCCA_008,21
GATGATACAGAGGCACCCCA_009,26
GATGATACAGAGGCACCCCA_010,186
GATGATACAGAGGCACCCCA_011,77
GATGATACAGAGGCACCCCA_012,62
GATGATACAGAGGCACCCCA_013,58
GATGATACAGAGGCACCCCA_014,15
GATGATACAGAGGCACCCCA_015,22
GATGATACAGAGGCACCCCA_016,22
GATGATACAGAGGCACCCCA_017,159
GATGATACAGAGGCACCCCA_018,123
GATGATACAGAGGCACCCCA_019,160
GATGATACAGAGGCACCCCA_020,168
GATGATACAGAGGCACCCCA_021,65
GATGATACAGAGGCACCCCA_022,190
GATGATACAGAGGCACCCCA_023,169
GATGATACAGAGGCACCCCA_024,11
GATGATACAGAGGCACCCCA_025,15
GATGATACAGAGGCACCCCA_026,107
GATGATACAGAGGCACCCCA_027,4
GATGATACAGAGGCACCCCA_028,150
GATGATACAGAGGCACCCCA_029,29
GATGATACAGAGGCACCCCA_030,174
GATGATACAGAGGCACCCCA_031,162
GATGATACAGAGGCACCCCA_032,170
GATGATACAGAGGCACCCCA_033,62
GATGATACAGAGGCACCCCA_034,40
TAGCGGACAGTCTGGAGGGT_001,192
TAGCGGACAGTCTGGAGGGT_002,64
TAGCGGACAGTCTGGAGGGT_003,7
TCGCATGCAGCGCCCACACA_001,8
TCGCATGCAGCGCCCACACA_002,198
TCGCATGCAGCGCCCACACA_003,7
TCGCATGCAGCGCCCACACA_004,191
TCGCATGCAGCGCCCACACA_005,132
TCGCATGCAGCGCCCACACA_006,152
TCGCATGCAGCGCCCACACA_007,107
TCGCATGCAGCGCCCACACA_008,113
TCGCATGCAGCGCCCACACA_009,148
TCGCATGCAGCGCCCACACA_010,99
TCGCATGCAGCGCCCACACA_011,160
TCGCATGCAGCGCCCACACA_012,111
TCGCATGCAGCGCCCACACA_013,67
TCGCATGCAGCGCCCACACA_014,36
TCGCATGCAGCGCCCACACA_015,23
TCGCATGCAGCGCCCACACA_016,54
TCGCATGCAGCGCCCACACA_017,188
TCGCATGCAGCGCCCACACA_018,43
TCGCATGCAGCGCCCACACA_019,197
TCGCATGCAGCGCCCACACA_020,104
TCGCATGCAGCGCCCACACA_021,142
TCGCATGCAGCGCCCACACA_022,6
TCGCATGCAGCGCCCACACA_023,179
TCGCATGCAGCGCCCACACA_024,183
TCGCATGCAGCGCCCACACA_025,147
CGCCGCGTTTCTGTTGCGTG_001,55
CGCCGCGTTTCTGTTGCGTG_002,137
CGCCGCGTTTCTGTTGCGTG_003,31
CGCCGCGTTTCTGTTGCGTG_004,182
CGCCGCGTTTCTGTTGCGTG_005,176
CGCCGCGTTTCTGTTGCGTG_006,67
TTCCGTAATGTTGCGCATGG_001,76
TTCCGTAATGTTGCGCATGG_002,70
TTCCGTAATGTTGCGCATGG_003,34
TTCCGTAATGTTGCGCATGG_004,38
TTCCGTAATGTTGCGCATGG_005,42
TTCCGTAATGTTGCGCATGG_006,81
TTCCGTAATGTTGCGCATGG_007,31
TTCCGTAATGTTGCGCATGG_008,53
TTCCGTAATGTTGCGCATGG_009,122
AGAGCATGGCCAGTGCAGCG_001,16
AGAGCATGGCCAGTGCAGCG_002,168
AGAGCATGGCCAGTGCAGCG_003,152
AGAGCATGGCCAGTGCAGCG_004,15
AGAGCATGGCCAGTGCAGCG_005,148
AGAGCATGGCCAGTGCAGCG_006,123
AGAGCATGGCCAGTGCAGCG_007,168
AGAGCATGGCCAGTGCAGCG_008,176
AGAGCATGGCCAGTGCAGCG_009,192
AGAGCATGGCCAGTGCAGCG_010,61
AGATGCCAGTTTAAGGACAG_001,95
AGATGCCAGTTTAAGGACAG_002,75
AGATGCCAGTTTAAGGACAG_003,155
AGATGCCAGTTTAAGGACAG_004,107
AGATGCCAGTTTAAGGACAG_005,48
AGATGCCAGTTTAAGGACAG_006,69
AGATGCCAGTTTAAGGACAG_007,190
AGATGCCAGTTTAAGGACAG_008,81
AGATGCCAGTTTAAGGACAG_009,81
AGATGCCAGTTTAAGGACAG_010,45
AGATGCCAGTTTAAGGACAG_011,56
AGATGCCAGTTTAAGGACAG_012,18
AGATGCCAGTTTAAGGACAG_013,43
AGATGCCAGTTTAAGGACAG_014,169
AGATGCCAGTTTAAGGACAG_015,68
AGATGCCAGTTTAAGGACAG_016,45
AGATGCCAGTTTAAGGACAG_017,136
AGATGCCAGTTTAAGGACAG_018,63
AGATGCCAGTTTAAGGACAG_019,63
AGATGCCAGTTTAAGGACAG_020,78
AGATGCCAGTTTAAGGACAG_021,173
AGATGCCAGTTTAAGGACAG_022,97
AGGAACCAATGAGATCCTCC_001,94
AGGAACCAATGAGATCCTCC_002,149
AGGAACCAATGAGATCCTCC_003,81
AGGAACCAATGAGATCCTCC_004,92
AGGAACCAATGAGATCCTCC_005,57
AGGAACCAATGAGATCCTCC_006,145
AGGAACCAATGAGATCCTCC_007,59
AGGAACCAATGAGATCCTCC_008,83
AGGAACCAATGAGATCCTCC_009,108
AGGAACCAATGAGATCCTCC_010,108
AGGAACCAATGAGATCCTCC_011,127
AGGAACCAATGAGATCCTCC_012,60
AGGAACCAATGAGATCCTCC_013,20
AGGAACCAATGAGATCCTCC_014,100
AGGAACCAATGAGATCCTCC_015,158
AGGAACCAATGAGATCCTCC_016,48
AGGAACCAATGAGATCCTCC_017,159
AGGAACCAATGAGATCCTCC_018,150
AGGAACCAATGAGATCCTCC_019,11
AGGAACCAATGAGATCCTCC_020,49
AGGAACCAATGAGATCCTCC_021,148
AGGAACCAATGAGATCCTCC_022,59
GATTCTGTGAATGAACTGGT_001,159
GATTCTGTGAATGAACTGGT_002,76
GATTCTGTGAATGAACTGGT_003,168
GATTCTGTGAATGAACTGGT_004,172
TCCAGCAAGATGGTCATGAT_001,66
TCCAGCAAGATGGTCATGAT_002,166
TCCAGCAAGATGGTCATGAT_003,88
TCCAGCAAGATGGTCATGAT_004,110
TCCAGCAAGATGGTCATGAT_005,110
TCCAGCAAGATGGTCATGAT_006,148
TCCAGCAAGATGGTCATGAT_007,2
TCCAGCAAGATGGTCATGAT_008,68
AAGTGTCCGTTGTTGCAGGA_001,56
AAGTGTCCGTTGTTGCAGGA_002,57
AAGTGTCCGTTGTTGCAGGA_003,149
AAGTGTCCGTTGTTGCAGGA_004,115
AAGTGTCCGTTGTTGCAGGA_005,150
AAGTGTCCGTTGTTGCAGGA_006,78
AAGTGTCCGTTGTTGCAGGA_007,104
AAGTGTCCGTTGTTGCAGGA_008,146
AAGTGTCCGTTGTTGCAGGA_009,122
AAGTGTCCGTTGTTGCAGGA_010,163
AAGTGTCCGTTGTTGCAGGA_011,88
AAGTGTCCGTTGTTGCAGGA_012,148
AAGTGTCCGTTGTTGCAGGA_013,102
AAGTGTCCGTTGTTGCAGGA_014,104
GAGGCCACATGTGAGCACAA_001,198
GAGGCCACATGTGAGCACAA_002,4
GAGGCCACATGTGAGCACAA_003,116
GAGGCCACATGTGAGCACAA_004,163
GAGGCCACATGTGAGCACAA_005,159
GAGGCCACATGTGAGCACAA_006,103
GAGGCCACATGTGAGCACAA_007,85
GAGGCCACATGTGAGCACAA_008,58
GAGGCCACATGTGAGCACAA_009,191
GAGGCCACATGTGAGCACAA_010,115
GAGGCCACATGTGAGCACAA_011,9
GAGGCCACATGTGAGCACAA_012,116
GAGGCCACATGTGAGCACAA_013,117
GAGGCCACATGTGAGCACAA_014,34
GAGGCCACATGTGAGCACAA_015,115
TGAGAAGGCCACGATCTCCA_001,102
TGAGAAGGCCACGATCTCCA_002,145
TGAGAAGGCCACGATCTCCA_003,102
TGAGAAGGCCACGATCTCCA_004,15
TGAGAAGGCCACGATCTCCA_005,127
CTGCGCTCGCCTGTAAACGG_001,54
CTGCGCTCGCCTGTAAACGG_002,48
CTGCGCTCGCCTGTAAACGG_003,2
CTGCGCTCGCCTGTAAACGG_004,51
CTGCGCTCGCCTGTAAACGG_005,175
CTGCGCTCGCCTGTAAACGG_006,5
CTGCGCTCGCCTGTAAACGG_007,13
CTGCGCTCGCCTGTAAACGG_008,175
CTGCGCTCGCCTGTAAACGG_009,58
TGGGAACCCCAAAAGCAGGG_001,53
TGGGAACCCCAAAAGCAGGG_002,117
TGGGAACCCCAAAAGCAGGG_003,94
TGGGAACCCCAAAAGCAGGG_004,117
TGGGAACCCCAAAAGCAGGG_005,147
TGGGAACCCCAAAAGCAGGG_006,12
TGGGAACCCCAAAAGCAGGG_007,179
TGGGAACCCCAAAAGCAGGG_008,147
TGGGAACCCCAAAAGCAGGG_009,29
TGGGAACCCCAAAAGCAGGG_010,36
TGGGAACCCCAAAAGCAGGG_011,168
TGGGAACCCCAAAAGCAGGG_012,78
TGGGAACCCCAAAAGCAGGG_013,182
TGGGAACCCCAAAAGCAGGG_014,102
TGGGAACCCCAAAAGCAGGG_015,180
TGGGAACCCCAAAAGCAGGG_016,0
TGGGAACCCCAAAAGCAGGG_017,169
TGGGAACCCCAAAAGCAGGG_018,4
TGGGAACCCCAAAAGCAGGG_019,113
ACCTACCCTTGCAAAATCAA_001,168
ACCTACCCTTGCAAAATCAA_002,123
ACCTACCCTTGCAAAATCAA_003,52
ACCTACCCTTGCAAAATCAA_004,89
ACCTACCCTTGCAAAATCAA_005,80
CGGGGAGAACATGCACCAGG_001,111
CGGGGAGAACATGCACCAGG_002,6
CGGGGAGAACATGCACCAGG_003,169
CGGGGAGAACATGCACCAGG_004,29
CGGGGAGAACATGCACCAGG_005,132
CGGGGAGAACATGCACCAGG_006,188
CGGGGAGAACATGCACCAGG_007,192
CGGGGAGAACATGCACCAGG_008,120
CGGGGAGAACATGCACCAGG_009,145
CGGGGAGAACATGCACCAGG_010,67
CGGGGAGAACATGCACCAGG_011,78
CGGGGAGAACATGCACCAGG_012,3
CGGGGAGAACATGCACCAGG_013,6
CGGGGAGAACATGCACCAGG_014,36
CGGGGAGAACATGCACCAGG_015,47
GCTGGGTCTTGGTTCCGAGG_001,137
GCTGGGTCTTGGTTCCGAGG_002,156
GCTGGGTCTTGGTTCCGAGG_003,34
GCTGGGTCTTGGTTCCGAGG_004,68
GCTGGGTCTTGGTTCCGAGG_005,115
GCTGGGTCTTGGTTCCGAGG_006,115
GCTGGGTCTTGGTTCCGAGG_007,24
GCTGGGTCTTGGTTCCGAGG_008,188
GCTGGGTCTTGGTTCCGAGG_009,119
GCTGGGTCTTGGTTCCGAGG_010,139
GCTGGGTCTTGGTTCCGAGG_011,1
GCTGGGTCTTGGTTCCGAGG_012,113
GCTGGGTCTTGGTTCCGAGG_013,81
GCTGGGTCTTGGTTCCGAGG_014,106
GCTGGGTCTTGGTTCCGAGG_015,67
TCGCTCGCTAGACATGGCAG_001,126
TCGCTCGCTAGACATGGCAG_002,144
TCGCTCGCTAGACATGGCAG_003,48
TCGCTCGCTAGACATGGCAG_004,51
TCGCTCGCTAGACATGGCAG_005,32
TCGCTCGCTAGACATGGCAG_006,82
TCGCTCGCTAGACATGGCAG_007,177
TCGCTCGCTAGACATGGCAG_008,84
TCGCTCGCTAGACATGGCAG_009,113
TCGCTCGCTAGACATGGCAG_010,50
TCGCTCGCTAGACATGGCAG_011,82
TCGCTCGCTAGACATGGCAG_012,17
TCGCTCGCTAGACATGGCAG_013,55
TCGCTCGCTAGACATGGCAG_014,4
TCGCTCGCTAGACATGGCAG_015,62
TCGCTCGCTAGACATGGCAG_016,133
GTGCCCACGTCAAAGACAGG_001,198
GTGCCCACGTCAAAGACAGG_002,145
GTGCCCACGTCAAAGACAGG_003,76
GTGCCCACGTCAAAGACAGG_004,36
GTGCCCACGTCAAAGACAGG_005,102
GTGCCCACGTCAAAGACAGG_006,45
GTGCCCACGTCAAAGACAGG_007,187
GTGCCCACGTCAAAGACAGG_008,98
GTGCCCACGTCAAAGACAGG_009,9
GTGCCCACGTCAAAGACAGG_010,83
GTGCCCACGTCAAAGACAGG_011,62
GTGCCCACGTCAAAGACAGG_012,133
GTGCCCACGTCAAAGACAGG_013,113
GTGCCCACGTCAAAGACAGG_014,81
GTGCCCACGTCAAAGACAGG_015,72
GTGCCCACGTCAAAGACAGG_016,66
GTGCCCACGTCAAAGACAGG_017,28
GTGCCCACGTCAAAGACAGG_018,149
GTGCCCACGTCAAAGACAGG_019,49
GTGCCCACGTCAAAGACAGG_020,125
GTGCCCACGTCAAAGACAGG_021,157
ACTTACTCAAAAACTTCTAA_001,67
ACTTACTCAAAAACTTCTAA_002,22
ACTTACTCAAAAACTTCTAA_003,36
ACTTACTCAAAAACTTCTAA_004,98
ACTTACTCAAAAACTTCTAA_005,142
ACTTACTCAAAAACTTCTAA_006,6
ACTTACTCAAAAACTTCTAA_007,152
ACTGCTGCAGAACACACCCG_001,23
ACTGCTGCAGAACACACCCG_002,62
ACTGCTGCAGAACACACCCG_003,198
ACTGCTGCAGAACACACCCG_004,141
ACTGCTGCAGAACACACCCG_005,68
ACTGCTGCAGAACACACCCG_006,166
ACTGCTGCAGAACACACCCG_007,199
ACTGCTGCAGAACACACCCG_008,17
ACTGCTGCAGAACACACCCG_009,197
ACTGCTGCAGAACACACCCG_010,52
ACTGCTGCAGAACACACCCG_011,98
ACTGCTGCAGAACACACCCG_012,188
ACTGCTGCAGAACACACCCG_013,199
ACTGCTGCAGAACACACCCG_014,2
ACTGCTGCAGAACACACCCG_015,130
ACTGCTGCAGAACACACCCG_016,121
ACTGCTGCAGAACACACCCG_017,10
ACTGCTGCAGAACACACCCG_018,146
ACTGCTGCAGAACACACCCG_019,164
ACTGCTGCAGAACACACCCG_020,164
ACTGCTGCAGAACACACCCG_021,22
ACTGCTGCAGAACACACCCG_022,146
ACTGCTGCAGAACACACCCG_023,18
ACTGCTGCAGAACACACCCG_024,15
ACTGCTGCAGAACACACCCG_025,1
CATTCACAGGAATCTCAGCA_001,144
CATTCACAGGAATCTCAGCA_002,73
CATTCACAGGAATCTCAGCA_003,179
CATTCACAGGAATCTCAGCA_004,128
CATTCACAGGAATCTCAGCA_005,94
CCCAATCTTCAACTATACCA_001,199
CCCAATCTTCAACTATACCA_002,66
TTTGCATTGCCTGAACCCTG_001,137
TTTGCATTGCCTGAACCCTG_002,106
TTTGCATTGCCTGAACCCTG_003,78
TTTGCATTGCCTGAACCCTG_004,113
TTTGCATTGCCTGAACCCTG_005,152
TTTGCATTGCCTGAACCCTG_006,51
TTTGCATTGCCTGAACCCTG_007,191
TTTGCATTGCCTGAACCCTG_008,143
AGGGTAACACCTCCTCACTC_001,68
AGGGTAACACCTCCTCACTC_002,195
AGGGTAACACCTCCTCACTC_003,181
AGGGTAACACCTCCTCACTC_004,101
AGGGTAACACCTCCTCACTC_005,97
AGGGTAACACCTCCTCACTC_006,68
AGGGTAACACCTCCTCACTC_007,155
AGGGTAACACCTCCTCACTC_008,101
AGGGTAACACCTCCTCACTC_009,29
AGGGTAACACCTCCTCACTC_010,175
AGGGTAACACCTCCTCACTC_011,52
AGGGTAACACCTCCTCACTC_012,108
AGGGTAACACCTCCTCACTC_013,12
AGGGTAACACCTCCTCACTC_014,63
AGGGTAACACCTCCTCACTC_015,84
AGGGTAACACCTCCTCACTC_016,16
AGGGTAACACCTCCTCACTC_017,130
AGGGTAACACCTCCTCACTC_018,159
AGGGTAACACCTCCTCACTC_019,121
AGGGTAACACCTCCTCACTC_020,199
AGGGTAACACCTCCTCACTC_021,136
AGGGTAACACCTCCTCACTC_022,180
AGCCCCCACAAAAAGACGAA_001,138
AGCCCCCACAAAAAGACGAA_002,169
AGCCCCCACAAAAAGACGAA_003,49
AGCCCCCACAAAAAGACGAA_004,190
AGCCCCCACAAAAAGACGAA_005,15
AGCCCCCACAAAAAGACGAA_006,149
AGCCCCCACAAAAAGACGAA_007,107
AGCCCCCACAAAAAGACGAA_008,68
CAAGAAAGATCACCTAACTG_001,81
CAAGAAAGATCACCTAACTG_002,130
CAAGAAAGATCACCTAACTG_003,81
CAAGAAAGATCACCTAACTG_004,145
CAAGAAAGATCACCTAACTG_005,105
GGGAAGAAGTTGGGCCATCG_001,12
GGGAAGAAGTTGGGCCATCG_002,43
GGGAAGAAGTTGGGCCATCG_003,88
GGGAAGAAGTTGGGCCATCG_004,169
GGGAAGAAGTTGGGCCATCG_005,40
GGGAAGAAGTTGGGCCATCG_006,47
GGGAAGAAGTTGGGCCATCG_007,190
GGGAAGAAGTTGGGCCATCG_008,194
GGGAAGAAGTTGGGCCATCG_009,162
GGGAAGAAGTTGGGCCATCG_010,152
GGGAAGAAGTTGGGCCATCG_011,101
GGGAAGAAGTTGGGCCATCG_012,149
GGGAAGAAGTTGGGCCATCG_013,19
GGGAAGAAGTTGGGCCATCG_014,81
GGGAAGAAGTTGGGCCATCG_015,83
GGGAAGAAGTTGGGCCATCG_016,91
GGGAAGAAGTTGGGCCATCG_017,184
GGGAAGAAGTTGGGCCATCG_018,129
GGGAAGAAGTTGGGCCATCG_019,30
GGGAAGAAGTTGGGCCATCG_020,16
GGGAAGAAGTTGGGCCATCG_021,88
GGGAAGAAGTTGGGCCATCG_022,147
GGGAAGAAGTTGGGCCATCG_023,32
GGGAAGAAGTTGGGCCATCG_024,48
GGGAAGAAGTTGGGCCATCG_025,15
ACACACACATCACAAGTGAA_001,60
ACACACACATCACAAGTGAA_002,133
ACACACACATCACAAGTGAA_003,84
ACACACACATCACAAGTGAA_004,50
ACACACACATCACAAGTGAA_005,94
ACACACACATCACAAGTGAA_006,159
ACACACACATCACAAGTGAA_007,98
ACACACACATCACAAGTGAA_008,86
ACACACACATCACAAGTGAA_009,2
ACACACACATCACAAGTGAA_010,116
ACACACACATCACAAGTGAA_011,149
ACACACACATCACAAGTGAA_012,34
ACACACACATCACAAGTGAA_013,38
ACACACACATCACAAGTGAA_014,20
ACACACACATCACAAGTGAA_015,45
ACACACACATCACAAGTGAA_016,35
ACACACACATCACAAGTGAA_017,105
ACACACACATCACAAGTGAA_018,196
ACACACACATCACAAGTGAA_019,56
ACACACACATCACAAGTGAA_020,153
CAGCCCACCTCCAGAATGAG_001,103
CAGCCCACCTCCAGAATGAG_002,4
CAGCCCACCTCCAGAATGAG_003,127
CAGCCCACCTCCAGAATGAG_004,198
CAGCCCACCTCCAGAATGAG_005,0
CAGCCCACCTCCAGAATGAG_006,62
CAGCCCACCTCCAGAATGAG_007,192
CAGCCCACCTCCAGAATGAG_008,58
CAGCCCACCTCCAGAATGAG_009,61
CAGCCCACCTCCAGAATGAG_010,7
CAGCCCACCTCCAGAATGAG_011,34
CAGCCCACCTCCAGAATGAG_012,182
CAGCCCACCTCCAGAATGAG_013,41
CAGCCCACCTCCAGAATGAG_014,126
CAGCCCACCTCCAGAATGAG_015,38
CAGCCCACCTCCAGAATGAG_016,41
CAGCCCACCTCCAGAATGAG_017,41
CAGCCCACCTCCAGAATGAG_018,86
CAGCCCACCTCCAGAATGAG_019,147
CAGCCCACCTCCAGAATGAG_020,126
CAGCCCACCTCCAGAATGAG_021,160
CAGCCCACCTCCAGAATGAG_022,108
CAGCCCACCTCCAGAATGAG_023,92
CAGCCCACCTCCAGAATGAG_024,192
CAGCCCACCTCCAGAATGAG_025,24
CAGCCCACCTCCAGAATGAG_026,145
CAGCCCACCTCCAGAATGAG_027,68
CAGCCCACCTCCAGAATGAG_028,35
CAGCCCACCTCCAGAATGAG_029,174
CAGCCCACCTCCAGAATGAG_030,172
CAGCCCACCTCCAGAATGAG_031,10
CAGCCCACCTCCAGAATGAG_032,191
CAGCCCACCTCCAGAATGAG_033,169
GGACAACACTCTCATCGACA_001,155
GGACAACACTCTCATCGACA_002,155
GGACAACACTCTCATCGACA_003,73
GGACAACACTCTCATCGACA_004,63
GGACAACACTCTCATCGACA_005,149
TATGAGTGTCGATGTCAACA_001,56
TATGAGTGTCGATGTCAACA_002,107
TATGAGTGTCGATGTCAACA_003,3
TATGAGTGTCGATGTCAACA_004,188
ACCGGGAGAACTATGTGTCG_001,24
ACCGGGAGAACTATGTGTCG_002,134
ACCGGGAGAACTATGTGTCG_003,169
ACCGGGAGAACTATGTGTCG_004,78
ACCGGGAGAACTATGTGTCG_005,103
AGGCCAGGATCATTTCCCAG_001,103
AGGCCAGGATCATTTCCCAG_002,151
AGGCCAGGATCATTTCCCAG_003,96
AGGCCAGGATCATTTCCCAG_004,87
AGGCCAGGATCATTTCCCAG_005,182
GCAAGGGAAGCTTAGCCATG_001,111
GCAAGGGAAGCTTAGCCATG_002,121
GCAAGGGAAGCTTAGCCATG_003,49
GCAAGGGAAGCTTAGCCATG_004,117
GCAAGGGAAGCTTAGCCATG_005,171
GCAAGGGAAGCTTAGCCATG_006,41
GCAAGGGAAGCTTAGCCATG_007,168
GCAAGGGAAGCTTAGCCATG_008,82
GCAAGGGAAGCTTAGCCATG_009,70
GCAAGGGAAGCTTAGCCATG_010,32
GCAAGGGAAGCTTAGCCATG_011,22
GCAAGGGAAGCTTAGCCATG_012,141
GCAAGGGAAGCTTAGCCATG_013,55
GCAAGGGAAGCTTAGCCATG_014,170
GCAAGGGAAGCTTAGCCATG_015,63
GCAAGGGAAGCTTAGCCATG_016,15
GCAAGGGAAGCTTAGCCATG_017,41
GCAAGGGAAGCTTAGCCATG_018,53
GCAAGGGAAGCTTAGCCATG_019,166
GCAAGGGAAGCTTAGCCATG_020,142
GCAAGGGAAGCTTAGCCATG_021,184
GCAAGGGAAGCTTAGCCATG_022,83
GCAAGGGAAGCTTAGCCATG_023,48
GCAAGGGAAGCTTAGCCATG_024,10
GCTGAGAAACGTGCAGCCGG_001,68
GCTGAGAAACGTGCAGCCGG_002,191
GGCATACTGAGTGACCCTGT_001,137
GGCATACTGAGTGACCCTGT_002,137
GGCATACTGAGTGACCCTGT_003,192
GGCATACTGAGTGACCCTGT_004,180
GGCATACTGAGTGACCCTGT_005,149
GGCATACTGAGTGACCCTGT_006,122
GGCATACTGAGTGACCCTGT_007,16
GGCATACTGAGTGACCCTGT_008,199
GGCATACTGAGTGACCCTGT_009,163
GGCATACTGAGTGACCCTGT_010,37
TGACTTTGGGTACCATCATG_001,9
TGACTTTGGGTACCATCATG_002,48
TGACTTTGGGTACCATCATG_003,198
TGACTTTGGGTACCATCATG_004,193
TGACTTTGGGTACCATCATG_005,32
TGACTTTGGGTACCATCATG_006,122
TGACTTTGGGTACCATCATG_007,73
TGACTTTGGGTACCATCATG_008,158
TGACTTTGGGTACCATCATG_009,74
TGACTTTGGGTACCATCATG_010,16
TGACTTTGGGTACCATCATG_011,0
TGACTTTGGGTACCATCATG_012,50
TGACTTTGGGTACCATCATG_013,10
TGACTTTGGGTACCATCATG_014,98
TGAGCCAGGACGACCCCACG_001,44
TGAGCCAGGACGACCCCACG_002,181
TGAGCCAGGACGACCCCACG_003,96
TGAGCCAGGACGACCCCACG_004,174
TGAGCCAGGACGACCCCACG_005,28
TGAGCCAGGACGACCCCACG_006,48
TGAGCCAGGACGACCCCACG_007,46
TGAGCCAGGACGACCCCACG_008,19
TGAGCCAGGACGACCCCACG_009,49
TGAGCCAGGACGACCCCACG_010,198
TGAGCCAGGACGACCCCACG_011,38
TGAGCCAGGACGACCCCACG_012,61
TGAGCCAGGACGACCCCACG_013,100
TGAGCCAGGACGACCCCACG_014,172
TGAGCCAGGACGACCCCACG_015,101
TGAGCCAGGACGACCCCACG_016,122
TGAGCCAGGACGACCCCACG_017,194
TGAGCCAGGACGACCCCACG_018,36
TGAGCCAGGACGACCCCACG_019,18
TGAGCCAGGACGACCCCACG_020,114
TGAGCCAGGACGACCCCACG_021,104
TGAGCCAGGACGACCCCACG_022,6
TGAGCCAGGACGACCCCACG_023,46
TGAGCCAGGACGACCCCACG_024,130
TGAGCCAGGACGACCCCACG_025,130
TGAGCCAGGACGACCCCACG_026,40
TGAGCCAGGACGACCCCACG_027,83
TGAGCCAGGACGACCCCACG_028,94
TGAGCCAGGACGACCCCACG_029,5
TGAGCCAGGACGACCCCACG_030,13
TGAGCCAGGACGACCCCACG_031,46
TGAGCCAGGACGACCCCACG_032,123
TTGCGTGAGCGCTATCGGCG_001,30
TTGCGTGAGCGCTATCGGCG_002,141
TTGCGTGAGCGCTATCGGCG_003,146
TTGCGTGAGCGCTATCGGCG_004,155
TTGCGTGAGCGCTATCGGCG_005,185
TTGCGTGAGCGCTATCGGCG_006,191
TTGCGTGAGCGCTATCGGCG_007,41
TTTGCGCTCATTACAACCCG_001,61
TTTGCGCTCATTACAACCCG_002,103
TTTGCGCTCATTACAACCCG_003,94
TTTGCGCTCATTACAACCCG_004,173
ACTGGACGCCTATGCCGAGA_001,146
ACTGGACGCCTATGCCGAGA_002,60
ACTGGACGCCTATGCCGAGA_003,57
ACTGGACGCCTATGCCGAGA_004,136
ACTGGACGCCTATGCCGAGA_005,66
ACTGGACGCCTATGCCGAGA_006,52
ACTGGACGCCTATGCCGAGA_007,126
GCTGCGCGTGGCCTTCGATG_001,172
GCTGCGCGTGGCCTTCGATG_002,96
GCTGCGCGTGGCCTTCGATG_003,120
GCTGCGCGTGGCCTTCGATG_004,117
TGATGAACGAACATTAGAAG_001,116
AGTAACAGTCCTGGAAACTC_001,184
AGTAACAGTCCTGGAAACTC_002,42
AGTAACAGTCCTGGAAACTC_003,8
AGTAACAGTCCTGGAAACTC_004,159
AGTAACAGTCCTGGAAACTC_005,137
AGTAACAGTCCTGGAAACTC_006,127
AGTAACAGTCCTGGAAACTC_007,184
AGTAACAGTCCTGGAAACTC_008,60
AGTAACAGTCCTGGAAACTC_009,22
AGTAACAGTCCTGGAAACTC_010,178
AGTAACAGTCCTGGAAACTC_011,6
ACACCATCAAGAGAAATTGG_001,106
ACACCATCAAGAGAAATTGG_002,124
ATAGCGATCAAAGTCCCGTG_001,170
ATAGCGATCAAAGTCCCGTG_002,49
ATAGCGATCAAAGTCCCGTG_003,8
ATAGCGATCAAAGTCCCGTG_004,166
ATAGCGATCAAAGTCCCGTG_005,166
ATAGCGATCAAAGTCCCGTG_006,40
ATAGCGATCAAAGTCCCGTG_007,0
ATAGCGATCAAAGTCCCGTG_008,135
ATAGCGATCAAAGTCCCGTG_009,160
ATAGCGATCAAAGTCCCGTG_010,24
ATAGCGATCAAAGTCCCGTG_011,104
ATAGCGATCAAAGTCCCGTG_012,49
ATAGCGATCAAAGTCCCGTG_013,81
ATAGCGATCAAAGTCCCGTG_014,162
TGGAGGTGAATTTCTACACT_001,94
TGGAGGTGAATTTCTACACT_002,168
TGGAGGTGAATTTCTACACT_003,162
TGGAGGTGAATTTCTACACT_004,166
TGGAGGTGAATTTCTACACT_005,144
TGGAGGTGAATTTCTACACT_006,62
TGGAGGTGAATTTCTACACT_007,49
ACGAATCGCTCTCTGCACGT_001,7
ACGAATCGCTCTCTGCACGT_002,7
ACGAATCGCTCTCTGCACGT_003,140
ACGAATCGCTCTCTGCACGT_004,2
ACGAATCGCTCTCTGCACGT_005,58
ACGAATCGCTCTCTGCACGT_006,170
ACGAATCGCTCTCTGCACGT_007,0
AGCACCCGGTGCCCACGCGT_001,135
AGCACCCGGTGCCCACGCGT_002,12
AGCACCCGGTGCCCACGCGT_003,137
AGCACCCGGTGCCCACGCGT_004,113
AGCACCCGGTGCCCACGCGT_005,55
AGCACCCGGTGCCCACGCGT_006,78
AGCACCCGGTGCCCACGCGT_007,146
AGCACCCGGTGCCCACGCGT_008,102
AGCACCCGGTGCCCACGCGT_009,172
AGCACCCGGTGCCCACGCGT_010,27
AGCACCCGGTGCCCACGCGT_011,58
AGCACCCGGTGCCCACGCGT_012,6
AGCACCCGGTGCCCACGCGT_013,112
AGCACCCGGTGCCCACGCGT_014,100
AGCACCCGGTGCCCACGCGT_015,2
AGCACCCGGTGCCCACGCGT_016,94
AGCACCCGGTGCCCACGCGT_017,158
AGCACCCGGTGCCCACGCGT_018,141
AGCACCCGGTGCCCACGCGT_019,52
AGCACCCGGTGCCCACGCGT_020,59
AGCACCCGGTGCCCACGCGT_021,142
AGCACCCGGTGCCCACGCGT_022,137
AGCACCCGGTGCCCACGCGT_023,161
AGCACCCGGTGCCCACGCGT_024,34
AGCACCCGGTGCCCACGCGT_025,129
AGCACCCGGTGCCCACGCGT_026,55
AGCACCCGGTGCCCACGCGT_027,117
AGCACCCGGTGCCCACGCGT_028,153
AGCACCCGGTGCCCACGCGT_029,10
AGCACCCGGTGCCCACGCGT_030,129
ACACGTGGAACATGATCTCG_001,114
ACACGTGGAACATGATCTCG_002,147
ACACGTGGAACATGATCTCG_003,91
ACACGTGGAACATGATCTCG_004,15
ACACGTGGAACATGATCTCG_005,31
GTGCCAAATCAAAGCTGACA_001,9
GTGCCAAATCAAAGCTGACA_002,20
GTGCCAAATCAAAGCTGACA_003,114
GTGCCAAATCAAAGCTGACA_004,22
GTGCCAAATCAAAGCTGACA_005,149
GTGCCAAATCAAAGCTGACA_006,180
GTGCCAAATCAAAGCTGACA_007,28
GTGCCAAATCAAAGCTGACA_008,136
GTGCCAAATCAAAGCTGACA_009,136
GTGCCAAATCAAAGCTGACA_010,68
GTGCCAAATCAAAGCTGACA_011,139
AAAAGCAGATAGAGCTCCCG_001,43
AAAAGCAGATAGAGCTCCCG_002,142
TAAGAATGGTTCCATAGAAG_001,62
TAAGAATGGTTCCATAGAAG_002,127
TAAGAATGGTTCCATAGAAG_003,196
TAAGAATGGTTCCATAGAAG_004,15
TAAGAATGGTTCCATAGAAG_005,88
TAAGAATGGTTCCATAGAAG_006,19
TAAGAATGGTTCCATAGAAG_007,2
TAAGAATGGTTCCATAGAAG_008,77
AGTCTGAAGGAAACGTAGCT_001,182
AGTCTGAAGGAAACGTAGCT_002,12
AGTCTGAAGGAAACGTAGCT_003,42
AGTCTGAAGGAAACGTAGCT_004,101
AGTCTGAAGGAAACGTAGCT_005,72
AGTCTGAAGGAAACGTAGCT_006,134
AGTCTGAAGGAAACGTAGCT_007,41
AGTCTGAAGGAAACGTAGCT_008,83
AGTCTGAAGGAAACGTAGCT_009,24
AGTCTGAAGGAAACGTAGCT_010,92
AGTCTGAAGGAAACGTAGCT_011,13
AGTCTGAAGGAAACGTAGCT_012,145
AGTCTGAAGGAAACGTAGCT_013,49
AGTCTGAAGGAAACGTAGCT_014,170
AGTCTGAAGGAAACGTAGCT_015,19
AGTCTGAAGGAAACGTAGCT_016,127
AGTCTGAAGGAAACGTAGCT_017,146
AGTCTGAAGGAAACGTAGCT_018,88
AGTCTGAAGGAAACGTAGCT_019,147
AGTCTGAAGGAAACGTAGCT_020,177
AGTCTGAAGGAAACGTAGCT_021,103
TTGGGAATTTCAACTATGGC_001,189
TTGGGAATTTCAACTATGGC_002,48
TTGGGAATTTCAACTATGGC_003,12
TCCGCCAGACGGTCAACCGG_001,105
TCCGCCAGACGGTCAACCGG_002,168
TCCGCCAGACGGTCAACCGG_003,96
TCCGCCAGACGGTCAACCGG_004,137
TGGGGTCCCATATTCCCAGG_001,36
TGGGGTCCCATATTCCCAGG_002,1
TGGGGTCCCATATTCCCAGG_003,102
TGGGGTCCCATATTCCCAGG_004,116
TACAACTCTGATGTTCTAGG_001,12
TACAACTCTGATGTTCTAGG_002,116
TACAACTCTGATGTTCTAGG_003,150
ATGGATTTAGAGGAACACCA_001,98
ATGGATTTAGAGGAACACCA_002,58
ATGGATTTAGAGGAACACCA_003,134
ATGGATTTAGAGGAACACCA_004,36
ATGGATTTAGAGGAACACCA_005,96
ATGGATTTAGAGGAACACCA_006,12
ATGGATTTAGAGGAACACCA_007,145
ATGGATTTAGAGGAACACCA_008,132
ATGGATTTAGAGGAACACCA_009,112
ATGGATTTAGAGGAACACCA_010,85
ATGGATTTAGAGGAACACCA_011,103
ATGGATTTAGAGGAACACCA_012,112
ATGGATTTAGAGGAACACCA_013,41
ATGGATTTAGAGGAACACCA_014,199
AATTGTTCGGATTAAGCGCT_001,50
AATTGTTCGGATTAAGCGCT_002,130
AATTGTTCGGATTAAGCGCT_003,129
AATTGTTCGGATTAAGCGCT_004,48
AATTGTTCGGATTAAGCGCT_005,162
AATTGTTCGGATTAAGCGCT_006,114
AATTGTTCGGATTAAGCGCT_007,118
AATTGTTCGGATTAAGCGCT_008,38
AATTGTTCGGATTAAGCGCT_009,181
AATTGTTCGGATTAAGCGCT_010,48
AATTGTTCGGATTAAGCGCT_011,46
TCTACCCCAACAGCGACATG_001,6
TCTACCCCAACAGCGACATG_002,58
TCTACCCCAACAGCGACATG_003,150
TCTACCCCAACAGCGACATG_004,111
TCTACCCCAACAGCGACATG_005,191
TCTACCCCAACAGCGACATG_006,111
TCTACCCCAACAGCGACATG_007,73
TCTACCCCAACAGCGACATG_008,92
TCTACCCCAACAGCGACATG_009,105
TCTACCCCAACAGCGACATG_010,156
TCTACCCCAACAGCGACATG_011,185
TCTACCCCAACAGCGACATG_012,150
TCTACCCCAACAGCGACATG_013,169
TCTACCCCAACAGCGACATG_014,125
TCTACCCCAACAGCGACATG_015,196
TCTACCCCAACAGCGACATG_016,63
TCTACCCCAACAGCGACATG_017,149
TCTACCCCAACAGCGACATG_018,32
AAAATCTACTAACATATTTG_001,122
GGCTGGCTCACCCACAACTG_001,183
GGCTGGCTCACCCACAACTG_002,125
GGCTGGCTCACCCACAACTG_003,196
GGCTGGCTCACCCACAACTG_004,161
GGCTGGCTCACCCACAACTG_005,106
GGCTGGCTCACCCACAACTG_006,1
GGCTGGCTCACCCACAACTG_007,152
GGCTGGCTCACCCACAACTG_008,101
GGCTGGCTCACCCACAACTG_009,167
GGCTGGCTCACCCACAACTG_010,167
GGCTGGCTCACCCACAACTG_011,114
GGCTGGCTCACCCACAACTG_012,89
GGCTGGCTCACCCACAACTG_013,15
GGCTGGCTCACCCACAACTG_014,4
CTTCTTAGCAGCGTACAGAG_001,23
CTTCTTAGCAGCGTACAGAG_002,9
CTTCTTAGCAGCGTACAGAG_003,3
CTTCTTAGCAGCGTACAGAG_004,188
CTTCTTAGCAGCGTACAGAG_005,52
CTTCTTAGCAGCGTACAGAG_006,57
CTTCTTAGCAGCGTACAGAG_007,167
CTTCTTAGCAGCGTACAGAG_008,19
CTTCTTAGCAGCGTACAGAG_009,112
CTTCTTAGCAGCGTACAGAG_010,41
CTTCTTAGCAGCGTACAGAG_011,105
CTTCTTAGCAGCGTACAGAG_012,49
CTTCTTAGCAGCGTACAGAG_013,175
CTTCTTAGCAGCGTACAGAG_014,77
CTTCTTAGCAGCGTACAGAG_015,47
AGAACGCTGTTGATGAAAGT_001,78
AGAACGCTGTTGATGAAAGT_002,137
AGAACGCTGTTGATGAAAGT_003,114
AGAACGCTGTTGATGAAAGT_004,72
AGAACGCTGTTGATGAAAGT_005,77
AGAACGCTGTTGATGAAAGT_006,42
AGAACGCTGTTGATGAAAGT_007,125
AGAACGCTGTTGATGAAAGT_008,51
AGAACGCTGTTGATGAAAGT_009,12
AGAACGCTGTTGATGAAAGT_010,70
AGAACGCTGTTGATGAAAGT_011,184
AGAACGCTGTTGATGAAAGT_012,79
AGAACGCTGTTGATGAAAGT_013,144
AGAACGCTGTTGATGAAAGT_014,34
AGAACGCTGTTGATGAAAGT_015,26
TCAGACAGGTGACAGGCCCG_001,15
TCAGACAGGTGACAGGCCCG_002,102
TCAGACAGGTGACAGGCCCG_003,96
TCAGACAGGTGACAGGCCCG_004,22
TCAGACAGGTGACAGGCCCG_005,181
TCAGACAGGTGACAGGCCCG_006,36
TCAGACAGGTGACAGGCCCG_007,36
TCAGACAGGTGACAGGCCCG_008,49
TCAGACAGGTGACAGGCCCG_009,56
TCAGACAGGTGACAGGCCCG_010,145
TCAGACAGGTGACAGGCCCG_011,199
TCAGACAGGTGACAGGCCCG_012,182
TCAGACAGGTGACAGGCCCG_013,75
TCAGACAGGTGACAGGCCCG_014,53
TCAGACAGGTGACAGGCCCG_015,34
TCAGACAGGTGACAGGCCCG_016,72
TCAGACAGGTGACAGGCCCG_017,166
TCAGACAGGTGACAGGCCCG_018,174
TCAGACAGGTGACAGGCCCG_019,175
AGACGGAGTCTATCGACAAG_001,95
TCACGTCATGAGTCACAAGG_001,24
TCACGTCATGAGTCACAAGG_002,28
TCACGTCATGAGTCACAAGG_003,76
TCACGTCATGAGTCACAAGG_004,195
TCACGTCATGAGTCACAAGG_005,163
TCACGTCATGAGTCACAAGG_006,5
TCACGTCATGAGTCACAAGG_007,157
TCACGTCATGAGTCACAAGG_008,152
GAAGACGGCATCATTAACTG_001,52
GAAGACGGCATCATTAACTG_002,114
GAAGACGGCATCATTAACTG_003,197
GAAGACGGCATCATTAACTG_004,198
GAAGACGGCATCATTAACTG_005,177
GAAGACGGCATCATTAACTG_006,116
GAAGACGGCATCATTAACTG_007,59
GAAGACGGCATCATTAACTG_008,40
GAAGACGGCATCATTAACTG_009,40
GAAGACGGCATCATTAACTG_010,150
GAAGACGGCATCATTAACTG_011,18
GAAGACGGCATCATTAACTG_012,122
CTTCGGGCATTTCATATCCG_001,97
CTTCGGGCATTTCATATCCG_002,144
CTTCGGGCATTTCATATCCG_003,81
CTTCGGGCATTTCATATCCG_004,158
CTTCGGGCATTTCATATCCG_005,87
GTTCCGGAACCAATGCACAG_001,78
GTTCCGGAACCAATGCACAG_002,80
GTTCCGGAACCAATGCACAG_003,80
GTTCCGGAACCAATGCACAG_004,168
GTTCCGGAACCAATGCACAG_005,62
GTTCCGGAACCAATGCACAG_006,171
GTTCCGGAACCAATGCACAG_007,102
GTTCCGGAACCAATGCACAG_008,177
GTTCCGGAACCAATGCACAG_009,16
GTTCCGGAACCAATGCACAG_010,134
GTTCCGGAACCAATGCACAG_011,147
GTTCCGGAACCAATGCACAG_012,120
GTTCCGGAACCAATGCACAG_013,75
GTTCCGGAACCAATGCACAG_014,150
GTTCCGGAACCAATGCACAG_015,80
GTTCCGGAACCAATGCACAG_016,64
GTTCCGGAACCAATGCACAG_017,30
GTTCCGGAACCAATGCACAG_018,64
GTTCCGGAACCAATGCACAG_019,161
GTTCCGGAACCAATGCACAG_020,157
GTTCCGGAACCAATGCACAG_021,76
GTTCCGGAACCAATGCACAG_022,140
GTTCCGGAACCAATGCACAG_023,147
GTTCCGGAACCAATGCACAG_024,136
GTTCCGGAACCAATGCACAG_025,28
TCAGCGTCAGCACTTCGGAG_001,185
TCAGCGTCAGCACTTCGGAG_002,30
TCAGCGTCAGCACTTCGGAG_003,163
TCAGCGTCAGCACTTCGGAG_004,159
TCAGCGTCAGCACTTCGGAG_005,153
TCAGCGTCAGCACTTCGGAG_006,28
TCAGCGTCAGCACTTCGGAG_007,78
TCAGCGTCAGCACTTCGGAG_008,40
TCAGCGTCAGCACTTCGGAG_009,77
TCAGCGTCAGCACTTCGGAG_010,190
TCAGCGTCAGCACTTCGGAG_011,140
TCAGCGTCAGCACTTCGGAG_012,42
TCAGCGTCAGCACTTCGGAG_013,131
TCAGCGTCAGCACTTCGGAG_014,52
TCAGCGTCAGCACTTCGGAG_015,76
TCAGCGTCAGCACTTCGGAG_016,185
TCAGCGTCAGCACTTCGGAG_017,183
TCAGCGTCAGCACTTCGGAG_018,144
TCAGCGTCAGCACTTCGGAG_019,46
TCAGCGTCAGCACTTCGGAG_020,175
TCAGCGTCAGCACTTCGGAG_021,151
TCAGCGTCAGCACTTCGGAG_022,0
GAGTGATTGAAGAACTGACG_001,16
GAGTGATTGAAGAACTGACG_002,94
GAGTGATTGAAGAACTGACG_003,26
GAGTGATTGAAGAACTGACG_004,26
GAGTGATTGAAGAACTGACG_005,171
GAGTGATTGAAGAACTGACG_006,16
AGAGGATGAAGTTATTAGCC_001,42
AGAGGATGAAGTTATTAGCC_002,160
AAGAGCGGACCTCAGAACCA_001,29
AAGAGCGGACCTCAGAACCA_002,1
AAGAGCGGACCTCAGAACCA_003,88
AAGAGCGGACCTCAGAACCA_004,181
AAGAGCGGACCTCAGAACCA_005,111
AAGAGCGGACCTCAGAACCA_006,34
AAGAGCGGACCTCAGAACCA_007,175
AAGAGCGGACCTCAGAACCA_008,103
AAGAGCGGACCTCAGAACCA_009,9
AAGAGCGGACCTCAGAACCA_010,102
AAGAGCGGACCTCAGAACCA_011,91
AAGAGCGGACCTCAGAACCA_012,192
AAGAGCGGACCTCAGAACCA_013,77
AAGAGCGGACCTCAGAACCA_014,138
GGACTTCAGTCTGCTGTACG_001,29
GGACTTCAGTCTGCTGTACG_002,160
GGACTTCAGTCTGCTGTACG_003,21
GGACTTCAGTCTGCTGTACG_004,4
GGACTTCAGTCTGCTGTACG_005,191
GGACTTCAGTCTGCTGTACG_006,23
GGACTTCAGTCTGCTGTACG_007,23
GGACTTCAGTCTGCTGTACG_008,29
GGACTTCAGTCTGCTGTACG_009,78
GGACTTCAGTCTGCTGTACG_010,137
GGACTTCAGTCTGCTGTACG_011,112
GGACTTCAGTCTGCTGTACG_012,30
GGACTTCAGTCTGCTGTACG_013,38
GGACTTCAGTCTGCTGTACG_014,51
GGACTTCAGTCTGCTGTACG_015,183
GGACTTCAGTCTGCTGTACG_016,67
GGACTTCAGTCTGCTGTACG_017,169
GGACTTCAGTCTGCTGTACG_018,141
GGACTTCAGTCTGCTGTACG_019,198
GGACTTCAGTCTGCTGTACG_020,28
GGACTTCAGTCTGCTGTACG_021,46
GGACTTCAGTCTGCTGTACG_022,147
GGACTTCAGTCTGCTGTACG_023,68
GGACTTCAGTCTGCTGTACG_024,188
GGACTTCAGTCTGCTGTACG_025,170
GGACTTCAGTCTGCTGTACG_026,19
GGACTTCAGTCTGCTGTACG_027,152
GGACTTCAGTCTGCTGTACG_028,160
GGACTTCAGTCTGCTGTACG_029,50
GACAGCCACGAACCACGTTG_001,70
GACAGCCACGAACCACGTTG_002,27
GACAGCCACGAACCACGTTG_003,19
GACAGCCACGAACCACGTTG_004,53
GACAGCCACGAACCACGTTG_005,183
GACAGCCACGAACCACGTTG_006,143
GACAGCCACGAACCACGTTG_007,169
GACAGCCACGAACCACGTTG_008,44
GACAGCCACGAACCACGTTG_009,64
GACAGCCACGAACCACGTTG_010,178
GACAGCCACGAACCACGTTG_011,1
GTGGCTGTGCACAACAACCG_001,95
GTGGCTGTGCACAACAACCG_002,176
GTGGCTGTGCACAACAACCG_003,68
GTGGCTGTGCACAACAACCG_004,182
CATTGATTTCATGGAGTACG_001,48
CATTGATTTCATGGAGTACG_002,78
CATTGATTTCATGGAGTACG_003,121
CATTGATTTCATGGAGTACG_004,58
CATTGATTTCATGGAGTACG_005,178
CATTGATTTCATGGAGTACG_006,48
CATTGATTTCATGGAGTACG_007,33
ACACCGTGTTTGACGCGAAG_001,104
ACACCGTGTTTGACGCGAAG_002,167
ACACCGTGTTTGACGCGAAG_003,167
ACACCGTGTTTGACGCGAAG_004,137
ACACCGTGTTTGACGCGAAG_005,68
ACACCGTGTTTGACGCGAAG_006,68
CGCACCAGCACAGAAAGTCG_001,58
CGCACCAGCACAGAAAGTCG_002,15
CGCACCAGCACAGAAAGTCG_003,150
CGCACCAGCACAGAAAGTCG_004,139
CGCACCAGCACAGAAAGTCG_005,83
CGCACCAGCACAGAAAGTCG_006,104
CGCACCAGCACAGAAAGTCG_007,85
CGCACCAGCACAGAAAGTCG_008,22
CGCACCAGCACAGAAAGTCG_009,9
CGCACCAGCACAGAAAGTCG_010,43
CGCACCAGCACAGAAAGTCG_011,138
CGCACCAGCACAGAAAGTCG_012,138
CGCACCAGCACAGAAAGTCG_013,157
CGCACCAGCACAGAAAGTCG_014,35
CGCACCAGCACAGAAAGTCG_015,136
CGCACCAGCACAGAAAGTCG_016,174
CGCACCAGCACAGAAAGTCG_017,34
CGCACCAGCACAGAAAGTCG_018,169
GGAGTCCAAGTCCAATGCCG_001,184
GGAGTCCAAGTCCAATGCCG_002,0
GGAGTCCAAGTCCAATGCCG_003,149
GGAGTCCAAGTCCAATGCCG_004,170
GGAGTCCAAGTCCAATGCCG_005,60
GGAGTCCAAGTCCAATGCCG_006,125
GGAGTCCAAGTCCAATGCCG_007,197
GGAGTCCAAGTCCAATGCCG_008,136
GGAGTCCAAGTCCAATGCCG_009,11
GGAGTCCAAGTCCAATGCCG_010,74
GGAGTCCAAGTCCAATGCCG_011,106
GGAGTCCAAGTCCAATGCCG_012,60
GGAGTCCAAGTCCAATGCCG_013,7
GGAGTCCAAGTCCAATGCCG_014,94
GGAGTCCAAGTCCAATGCCG_015,63
GGAGTCCAAGTCCAATGCCG_016,178
TACCGTTCTAGCCATGATAG_001,192
TACCGTTCTAGCCATGATAG_002,104
GTAGGAGTGGGAGATAACAT_001,105
GTAGGAGTGGGAGATAACAT_002,4
GTAGGAGTGGGAGATAACAT_003,109
GTAGGAGTGGGAGATAACAT_004,196
GTAGGAGTGGGAGATAACAT_005,110
GTAGGAGTGGGAGATAACAT_006,87
GTAGGAGTGGGAGATAACAT_007,84
GTAGGAGTGGGAGATAACAT_008,61
GTAGGAGTGGGAGATAACAT_009,0
GCCATCACGATAAAACTCTG_001,170
GCCATCACGATAAAACTCTG_002,23
GCCATCACGATAAAACTCTG_003,34
GCCATCACGATAAAACTCTG_004,88
GCCATCACGATAAAACTCTG_005,57
GCCATCACGATAAAACTCTG_006,138
GCCATCACGATAAAACTCTG_007,62
GCCATCACGATAAAACTCTG_008,178
GCCATCACGATAAAACTCTG_009,102
GCCATCACGATAAAACTCTG_010,156
GCCATCACGATAAAACTCTG_011,144
GCCATCACGATAAAACTCTG_012,46
GCCATCACGATAAAACTCTG_013,27
GCCATCACGATAAAACTCTG_014,43
GCCATCACGATAAAACTCTG_015,50
TTATGACCCAGAATGTGGAG_001,50
CAACTGTGCAGGCATCGCGG_001,195
CAACTGTGCAGGCATCGCGG_002,145
CAACTGTGCAGGCATCGCGG_003,74
CAACTGTGCAGGCATCGCGG_004,156
CAACTGTGCAGGCATCGCGG_005,180
CAACTGTGCAGGCATCGCGG_006,6
CAACTGTGCAGGCATCGCGG_007,188
CAACTGTGCAGGCATCGCGG_008,173
CAACTGTGCAGGCATCGCGG_009,176
CAACTGTGCAGGCATCGCGG_010,142
CAACTGTGCAGGCATCGCGG_011,141
CAACTGTGCAGGCATCGCGG_012,34
CAACTGTGCAGGCATCGCGG_013,169
CAACTGTGCAGGCATCGCGG_014,149
CAACTGTGCAGGCATCGCGG_015,198
CAACTGTGCAGGCATCGCGG_016,15
CAACTGTGCAGGCATCGCGG_017,89
CAACTGTGCAGGCATCGCGG_018,149
CAACTGTGCAGGCATCGCGG_019,106
CAACTGTGCAGGCATCGCGG_020,60
CAACTGTGCAGGCATCGCGG_021,146
CAACTGTGCAGGCATCGCGG_022,169
CAACTGTGCAGGCATCGCGG_023,123
CAACTGTGCAGGCATCGCGG_024,15
CAACTGTGCAGGCATCGCGG_025,23
CAACTGTGCAGGCATCGCGG_026,26
CAACTGTGCAGGCATCGCGG_027,197
CAACTGTGCAGGCATCGCGG_028,147
CAACTGTGCAGGCATCGCGG_029,62
CAACTGTGCAGGCATCGCGG_030,99
CAACTGTGCAGGCATCGCGG_031,36
CAACTGTGCAGGCATCGCGG_032,104
CAACTGTGCAGGCATCGCGG_033,35
CAACTGTGCAGGCATCGCGG_034,71
CAACTGTGCAGGCATCGCGG_035,69
CAACTGTGCAGGCATCGCGG_036,28
CAACTGTGCAGGCATCGCGG_037,76
CAACTGTGCAGGCATCGCGG_038,118
CAACTGTGCAGGCATCGCGG_039,176
CAACTGTGCAGGCATCGCGG_040,142
CAACTGTGCAGGCATCGCGG_041,114
CAACTGTGCAGGCATCGCGG_042,81
CAAGTGTACCAACTGCCTGG_001,152
CAAGTGTACCAACTGCCTGG_002,4
CAAGTGTACCAACTGCCTGG_003,156
CAAGTGTACCAACTGCCTGG_004,156
CAAGTGTACCAACTGCCTGG_005,197
CAAGTGTACCAACTGCCTGG_006,125
CAAGTGTACCAACTGCCTGG_007,88
CAAGTGTACCAACTGCCTGG_008,12
CAAGTGTACCAACTGCCTGG_009,55
CAAGTGTACCAACTGCCTGG_010,172
CAAGTGTACCAACTGCCTGG_011,48
CAAGTGTACCAACTGCCTGG_012,71
CAAGTGTACCAACTGCCTGG_013,140
CAAGTGTACCAACTGCCTGG_014,29
CAAGTGTACCAACTGCCTGG_015,4
CAAGTGTACCAACTGCCTGG_016,37
CGGACCAGACCACCCAGTGG_001,113
CGGACCAGACCACCCAGTGG_002,9
CGGACCAGACCACCCAGTGG_003,105
CGGACCAGACCACCCAGTGG_004,50
CGGACCAGACCACCCAGTGG_005,61
CGGACCAGACCACCCAGTGG_006,183
CGGACCAGACCACCCAGTGG_007,110
CGGACCAGACCACCCAGTGG_008,199
CTTGAAACATATCGACCCAG_001,118
CTTGAAACATATCGACCCAG_002,56
CCTGAGCATGATGAACCCTG_001,67
CCTGAGCATGATGAACCCTG_002,188
CCTGAGCATGATGAACCCTG_003,75
AGGACAAAAGTGAGAATACT_001,113
AGGACAAAAGTGAGAATACT_002,59
AGGACAAAAGTGAGAATACT_003,57
AGGACAAAAGTGAGAATACT_004,6
AGGACAAAAGTGAGAATACT_005,108
AGGACAAAAGTGAGAATACT_006,0
AGGACAAAAGTGAGAATACT_007,18
GTCGCTATGAGAAGGAACAC_001,16
GTCGCTATGAGAAGGAACAC_002,48
GTCGCTATGAGAAGGAACAC_003,140
GTCGCTATGAGAAGGAACAC_004,187
GGCCGGACCGGAAATCCAGT_001,42
GGCCGGACCGGAAATCCAGT_002,155
GGCCGGACCGGAAATCCAGT_003,26
GGCCGGACCGGAAATCCAGT_004,130
GGCCGGACCGGAAATCCAGT_005,161
GGCCGGACCGGAAATCCAGT_006,168
TGGTCAATCGCCCACACTGT_001,193
TGGTCAATCGCCCACACTGT_002,52
TGGTCAATCGCCCACACTGT_003,49
TGGTCAATCGCCCACACTGT_004,65
TGGTCAATCGCCCACACTGT_005,199
TGGTCAATCGCCCACACTGT_006,126
TGGTCAATCGCCCACACTGT_007,1
TGGTCAATCGCCCACACTGT_008,184
TGGTCAATCGCCCACACTGT_009,62
TGGTCAATCGCCCACACTGT_010,123
TGGTCAATCGCCCACACTGT_011,33
TGGTCAATCGCCCACACTGT_012,142
TGGTCAATCGCCCACACTGT_013,78
TCGGGCACGCCACAGCGGGG_001,23
TCGGGCACGCCACAGCGGGG_002,158
TCGGGCACGCCACAGCGGGG_003,70
TCGGGCACGCCACAGCGGGG_004,198
TCGGGCACGCCACAGCGGGG_005,98
TCGGGCACGCCACAGCGGGG_006,76
TCGGGCACGCCACAGCGGGG_007,69
TCGGGCACGCCACAGCGGGG_008,123
TCGGGCACGCCACAGCGGGG_009,50
TCGGGCACGCCACAGCGGGG_010,184
TCGGGCACGCCACAGCGGGG_011,17
TCGGGCACGCCACAGCGGGG_012,54
TCGGGCACGCCACAGCGGGG_013,15
TCGGGCACGCCACAGCGGGG_014,48
TCGGGCACGCCACAGCGGGG_015,6
TCGGGCACGCCACAGCGGGG_016,188
GGCTTAAGGAGCAAAAGTAG_001,168
GGCTTAAGGAGCAAAAGTAG_002,133
GGCTTAAGGAGCAAAAGTAG_003,148
GGCTTAAGGAGCAAAAGTAG_004,149
GGCTTAAGGAGCAAAAGTAG_005,105
GGCTTAAGGAGCAAAAGTAG_006,44
GGCTTAAGGAGCAAAAGTAG_007,1
GGCTTAAGGAGCAAAAGTAG_008,5
GGGCAATAATCAGGACGGAG_001,11
GGGCAATAATCAGGACGGAG_002,1
GGGCAATAATCAGGACGGAG_003,168
GGGCAATAATCAGGACGGAG_004,116
GGGCAATAATCAGGACGGAG_005,67
GGGCAATAATCAGGACGGAG_006,150
GGGCAATAATCAGGACGGAG_007,28
CTCTAGCGTAGACACCTCCT_001,78
CTCTAGCGTAGACACCTCCT_002,84
CTCTAGCGTAGACACCTCCT_003,118
CTCTAGCGTAGACACCTCCT_004,5
CTCTAGCGTAGACACCTCCT_005,160
CTCTAGCGTAGACACCTCCT_006,17
CTCTAGCGTAGACACCTCCT_007,154
CTCTAGCGTAGACACCTCCT_008,122
CTCTAGCGTAGACACCTCCT_009,103
CTCTAGCGTAGACACCTCCT_010,170
CAGGTTGGGAGCCCACACGA_001,160
CAGGTTGGGAGCCCACACGA_002,161
CAGGTTGGGAGCCCACACGA_003,169
CAGGTTGGGAGCCCACACGA_004,185
CAGGTTGGGAGCCCACACGA_005,61
CAGGTTGGGAGCCCACACGA_006,38
CAGGTTGGGAGCCCACACGA_007,80
CAGGTTGGGAGCCCACACGA_008,40
CAGGTTGGGAGCCCACACGA_009,199
CAGGTTGGGAGCCCACACGA_010,102
CAGGTTGGGAGCCCACACGA_011,39
CAGGTTGGGAGCCCACACGA_012,84
CAGGTTGGGAGCCCACACGA_013,156
CAGGTTGGGAGCCCACACGA_014,179
CAGGTTGGGAGCCCACACGA_015,111
CAGGTTGGGAGCCCACACGA_016,84
CAGGTTGGGAGCCCACACGA_017,49
CAGGTTGGGAGCCCACACGA_018,105
CAGGTTGGGAGCCCACACGA_019,2
CAGGTTGGGAGCCCACACGA_020,65
CAGGTTGGGAGCCCACACGA_021,12
CAGGTTGGGAGCCCACACGA_022,89
CAGGTTGGGAGCCCACACGA_023,78
CAGGTTGGGAGCCCACACGA_024,81
CAGGTTGGGAGCCCACACGA_025,180
CAGGTTGGGAGCCCACACGA_026,54
CACTTTCTCTGCCACCAAGT_001,12
CACTTTCTCTGCCACCAAGT_002,11
CACTTTCTCTGCCACCAAGT_003,146
CACTTTCTCTGCCACCAAGT_004,142
GCACTTAAATATAGATCCGG_001,48
AGAGATGCTCCGCTACAAAG_001,42
AGAGATGCTCCGCTACAAAG_002,135
AGAGATGCTCCGCTACAAAG_003,102
AGAGATGCTCCGCTACAAAG_004,40
AGAGATGCTCCGCTACAAAG_005,192
AGAGATGCTCCGCTACAAAG_006,49
AGAGATGCTCCGCTACAAAG_007,35
AGAGATGCTCCGCTACAAAG_008,4
AGAGATGCTCCGCTACAAAG_009,2
AGAGATGCTCCGCTACAAAG_010,132
AGAGATGCTCCGCTACAAAG_011,86
AGAGATGCTCCGCTACAAAG_012,168
AGAGATGCTCCGCTACAAAG_013,136
GAGAGGCTGACCCATAACAG_001,15
GAGAGGCTGACCCATAACAG_002,162
GAGAGGCTGACCCATAACAG_003,77
GAGAGGCTGACCCATAACAG_004,45
GAGAGGCTGACCCATAACAG_005,178
GAGAGGCTGACCCATAACAG_006,47
GAGAGGCTGACCCATAACAG_007,36
GAGAGGCTGACCCATAACAG_008,161
GAGAGGCTGACCCATAACAG_009,62
GAGAGGCTGACCCATAACAG_010,159
GAGAGGCTGACCCATAACAG_011,84
GAGAGGCTGACCCATAACAG_012,65
GAGAGGCTGACCCATAACAG_013,145
GAGAGGCTGACCCATAACAG_014,129
GAGAGGCTGACCCATAACAG_015,112
GAGAGGCTGACCCATAACAG_016,26
GAGAGGCTGACCCATAACAG_017,81
GAGAGGCTGACCCATAACAG_018,128
GAGAGGCTGACCCATAACAG_019,98
GAGAGGCTGACCCATAACAG_020,149
GAGAGGCTGACCCATAACAG_021,19
GCACGCACAAGTCGTAGGCA_001,98
GCACGCACAAGTCGTAGGCA_002,150
GCACGCACAAGTCGTAGGCA_003,160
GCACGCACAAGTCGTAGGCA_004,134
GCACGCACAAGTCGTAGGCA_005,142
GCACGCACAAGTCGTAGGCA_006,43
GCACGCACAAGTCGTAGGCA_007,172
GCACGCACAAGTCGTAGGCA_008,169
GCACGCACAAGTCGTAGGCA_009,187
GCACGCACAAGTCGTAGGCA_010,155
GCACGCACAAGTCGTAGGCA_011,59
GCACGCACAAGTCGTAGGCA_012,68
GCACGCACAAGTCGTAGGCA_013,42
GCACGCACAAGTCGTAGGCA_014,134
GCACGCACAAGTCGTAGGCA_015,6
GCACGCACAAGTCGTAGGCA_016,28
GCACGCACAAGTCGTAGGCA_017,2
GCACGCACAAGTCGTAGGCA_018,100
GCACGCACAAGTCGTAGGCA_019,113
GCACGCACAAGTCGTAGGCA_020,40
GCACGCACAAGTCGTAGGCA_021,2
GCACGCACAAGTCGTAGGCA_022,114
GCACGCACAAGTCGTAGGCA_023,114
GCACGCACAAGTCGTAGGCA_024,191
GCACGCACAAGTCGTAGGCA_025,184
GCACGCACAAGTCGTAGGCA_026,7
GCACGCACAAGTCGTAGGCA_027,166
GCACGCACAAGTCGTAGGCA_028,105
GCACGCACAAGTCGTAGGCA_029,48
GCACGCACAAGTCGTAGGCA_030,168
GCACGCACAAGTCGTAGGCA_031,49
GCACGCACAAGTCGTAGGCA_032,158
GCACGCACAAGTCGTAGGCA_033,182
GCAGCCTGAGGTCTAATGTG_001,88
GCAGCCTGAGGTCTAATGTG_002,96
GCAGCCTGAGGTCTAATGTG_003,146
GCAGCCTGAGGTCTAATGTG_004,63
GCAGCCTGAGGTCTAATGTG_005,148
GCAGCCTGAGGTCTAATGTG_006,9
GCAGCCTGAGGTCTAATGTG_007,140
GCAGCCTGAGGTCTAATGTG_008,127
GCAGCCTGAGGTCTAATGTG_009,56
GCAGCCTGAGGTCTAATGTG_010,11
TAAGCTAAGACTCTTCACCA_001,150
TAAGCTAAGACTCTTCACCA_002,168
TAAGCTAAGACTCTTCACCA_003,165
TAAGCTAAGACTCTTCACCA_004,85
TAAGCTAAGACTCTTCACCA_005,177
TATGATGGATACTGATGACG_001,196
TATGATGGATACTGATGACG_002,143
CTTTCTCCCCCTCATCCGAA_001,93
CTTTCTCCCCCTCATCCGAA_002,61
CTTTCTCCCCCTCATCCGAA_003,58
CTTTCTCCCCCTCATCCGAA_004,122
CTTTCTCCCCCTCATCCGAA_005,12
CTTTCTCCCCCTCATCCGAA_006,118
CTTTCTCCCCCTCATCCGAA_007,129
CTTTCTCCCCCTCATCCGAA_008,154
CTTTCTCCCCCTCATCCGAA_009,106
CTTTCTCCCCCTCATCCGAA_010,10
CTTTCTCCCCCTCATCCGAA_011,94
CTTTCTCCCCCTCATCCGAA_012,62
CTTTCTCCCCCTCATCCGAA_013,44
CTTTCTCCCCCTCATCCGAA_014,134
CTTTCTCCCCCTCATCCGAA_015,9
CTTTCTCCCCCTCATCCGAA_016,2
CTTTCTCCCCCTCATCCGAA_017,138
CTTTCTCCCCCTCATCCGAA_018,81
CTTTCTCCCCCTCATCCGAA_019,117
CTTTCTCCCCCTCATCCGAA_020,129
CTTTCTCCCCCTCATCCGAA_021,88
CTTTCTCCCCCTCATCCGAA_022,58
CTTTCTCCCCCTCATCCGAA_023,115
CTTTCTCCCCCTCATCCGAA_024,8
CTTTCTCCCCCTCATCCGAA_025,84
CTTTCTCCCCCTCATCCGAA_026,107
CTTTCTCCCCCTCATCCGAA_027,123
CTTTCTCCCCCTCATCCGAA_028,61
CTTTCTCCCCCTCATCCGAA_029,124
CTTTCTCCCCCTCATCCGAA_030,34
CTTTCTCCCCCTCATCCGAA_031,120
CTTTCTCCCCCTCATCCGAA_032,14
CTTTCTCCCCCTCATCCGAA_033,144
CTTTCTCCCCCTCATCCGAA_034,27
CTTTCTCCCCCTCATCCGAA_035,191
CTTTCTCCCCCTCATCCGAA_036,98
CTTTCTCCCCCTCATCCGAA_037,33
CTTTCTCCCCCTCATCCGAA_038,120
CTTTCTCCCCCTCATCCGAA_039,169
CTTTCTCCCCCTCATCCGAA_040,77
CTTTCTCCCCCTCATCCGAA_041,144
CTTTCTCCCCCTCATCCGAA_042,75
CTTTCTCCCCCTCATCCGAA_043,144
CTTTCTCCCCCTCATCCGAA_044,50
CTTTCTCCCCCTCATCCGAA_045,45
CTTTCTCCCCCTCATCCGAA_046,44
CTTTCTCCCCCTCATCCGAA_047,92
CTTTCTCCCCCTCATCCGAA_048,178
AGCTACTACGGCAGCTACTA_001,2
AGCTACTACGGCAGCTACTA_002,170
AGCTACTACGGCAGCTACTA_003,1
AGCTACTACGGCAGCTACTA_004,94
AGCTACTACGGCAGCTACTA_005,194
AGCTACTACGGCAGCTACTA_006,15
AGCTACTACGGCAGCTACTA_007,82
AGCTACTACGGCAGCTACTA_008,68
AGCTACTACGGCAGCTACTA_009,3
AGCTACTACGGCAGCTACTA_010,148
AGCTACTACGGCAGCTACTA_011,91
AGCTACTACGGCAGCTACTA_012,152
AGCTACTACGGCAGCTACTA_013,113
AGCTACTACGGCAGCTACTA_014,141
AGCTACTACGGCAGCTACTA_015,69
AGCTACTACGGCAGCTACTA_016,30
AGCTACTACGGCAGCTACTA_017,153
AGCTACTACGGCAGCTACTA_018,106
AGCTACTACGGCAGCTACTA_019,114
ATGGCGAAGCTGCTATACTT_001,180
ATGGCGAAGCTGCTATACTT_002,39
ATGGCGAAGCTGCTATACTT_003,81
ATGGCGAAGCTGCTATACTT_004,185
ATGGCGAAGCTGCTATACTT_005,105
ATGGCGAAGCTGCTATACTT_006,175
ATGGCGAAGCTGCTATACTT_007,46
ATGGCGAAGCTGCTATACTT_008,111
ATGGCGAAGCTGCTATACTT_009,193
ATGGCGAAGCTGCTATACTT_010,187
ATGGCGAAGCTGCTATACTT_011,187
ATGGCGAAGCTGCTATACTT_012,184
ATGGCGAAGCTGCTATACTT_013,88
ATGGCGAAGCTGCTATACTT_014,177
TTAGTGACATTATGTGTGAC_001,188
TTAGTGACATTATGTGTGAC_002,162
TTAGTGACATTATGTGTGAC_003,170
TTAGTGACATTATGTGTGAC_004,19
TTAGTGACATTATGTGTGAC_005,63
AAATATTCTCATCCTTAGTG_001,34
CCCATGGAGATCCGTGCAGA_001,102
CCCATGGAGATCCGTGCAGA_002,121
CCCATGGAGATCCGTGCAGA_003,131
CCCATGGAGATCCGTGCAGA_004,169
CCCATGGAGATCCGTGCAGA_005,184
CCCATGGAGATCCGTGCAGA_006,49
CCCATGGAGATCCGTGCAGA_007,12
CCCATGGAGATCCGTGCAGA_008,96
CCCATGGAGATCCGTGCAGA_009,102
CCCATGGAGATCCGTGCAGA_010,92
CCCATGGAGATCCGTGCAGA_011,21
CCCATGGAGATCCGTGCAGA_012,160
CCCATGGAGATCCGTGCAGA_013,14
CCCATGGAGATCCGTGCAGA_014,75
CCCATGGAGATCCGTGCAGA_015,103
CCCATGGAGATCCGTGCAGA_016,76
CCCATGGAGATCCGTGCAGA_017,113
CCCATGGAGATCCGTGCAGA_018,155
CCCATGGAGATCCGTGCAGA_019,169
CCCATGGAGATCCGTGCAGA_020,23
CCCATGGAGATCCGTGCAGA_021,193
CCCATGGAGATCCGTGCAGA_022,175
CCCATGGAGATCCGTGCAGA_023,54
CCCATGGAGATCCGTGCAGA_024,177
CCCATGGAGATCCGTGCAGA_025,48
CCCATGGAGATCCGTGCAGA_026,19
CCCATGGAGATCCGTGCAGA_027,44
CCCATGGAGATCCGTGCAGA_028,44
CCCATGGAGATCCGTGCAGA_029,105
CCCATGGAGATCCGTGCAGA_030,77
CCCATGGAGATCCGTGCAGA_031,88
GTCATGGTCGTGGTTCAGGT_001,15
GTCATGGTCGTGGTTCAGGT_002,43
GTCATGGTCGTGGTTCAGGT_003,27
GTCATGGTCGTGGTTCAGGT_004,141
GTCATGGTCGTGGTTCAGGT_005,8
GTCATGGTCGTGGTTCAGGT_006,69
GTCATGGTCGTGGTTCAGGT_007,184
GTCATGGTCGTGGTTCAGGT_008,47
GTCATGGTCGTGGTTCAGGT_009,67
GTCATGGTCGTGGTTCAGGT_010,49
GTCATGGTCGTGGTTCAGGT_011,165
GTCATGGTCGTGGTTCAGGT_012,152
GTCATGGTCGTGGTTCAGGT_013,2
GTCATGGTCGTGGTTCAGGT_014,11
GTCATGGTCGTGGTTCAGGT_015,168
GTCATGGTCGTGGTTCAGGT_016,115
GTCATGGTCGTGGTTCAGGT_017,4
GTCATGGTCGTGGTTCAGGT_018,151
GTCATGGTCGTGGTTCAGGT_019,90
GTCATGGTCGTGGTTCAGGT_020,78
ACTCGCCCTCCTAATGGTCA_001,8
ACTCGCCCTCCTAATGGTCA_002,105
ACTCGCCCTCCTAATGGTCA_003,2
ACTCGCCCTCCTAATGGTCA_004,9
ACTCGCCCTCCTAATGGTCA_005,155
ACTCGCCCTCCTAATGGTCA_006,69
ACTCGCCCTCCTAATGGTCA_007,30
ACTCGCCCTCCTAATGGTCA_008,9
ACTCGCCCTCCTAATGGTCA_009,33
ACTCGCCCTCCTAATGGTCA_010,198
ACTCGCCCTCCTAATGGTCA_011,150
ACTCGCCCTCCTAATGGTCA_012,28
TCCTCAAGGCCTCTTCGAAG_001,118
TCCTCAAGGCCTCTTCGAAG_002,9
TCCTCAAGGCCTCTTCGAAG_003,116
TCCTCAAGGCCTCTTCGAAG_004,89
AACATCTGCCGAATCCCTCA_001,62
AACATCTGCCGAATCCCTCA_002,48
AACATCTGCCGAATCCCTCA_003,108
AACATCTGCCGAATCCCTCA_004,81
CCAGAATTGCCAACAACCCC_001,117
GAGGAGTCCAGGCCTCATGT_001,12
GAGGAGTCCAGGCCTCATGT_002,105
GAGGAGTCCAGGCCTCATGT_003,197
GAGGAGTCCAGGCCTCATGT_004,105
GAGGAGTCCAGGCCTCATGT_005,103
GAGGAGTCCAGGCCTCATGT_006,155
GAGGAGTCCAGGCCTCATGT_007,160
GAGGAGTCCAGGCCTCATGT_008,34
GAGGAGTCCAGGCCTCATGT_009,197
GAGGAGTCCAGGCCTCATGT_010,77
GAGGAGTCCAGGCCTCATGT_011,192
GAGGAGTCCAGGCCTCATGT_012,118
GAGGAGTCCAGGCCTCATGT_013,146
AGGGATTTCCCAGATGACCC_001,165
AGGGATTTCCCAGATGACCC_002,17
AGGGATTTCCCAGATGACCC_003,94
AGGGATTTCCCAGATGACCC_004,102
AGGGATTTCCCAGATGACCC_005,85
AGGGATTTCCCAGATGACCC_006,93
AAATGAGGAGGATCACACCA_001,62
AAATGAGGAGGATCACACCA_002,127
AAATGAGGAGGATCACACCA_003,54
AAATGAGGAGGATCACACCA_004,163
AAATGAGGAGGATCACACCA_005,177
AAATGAGGAGGATCACACCA_006,72
AAATGAGGAGGATCACACCA_007,127
AAATGAGGAGGATCACACCA_008,88
AAATGAGGAGGATCACACCA_009,89
AAATGAGGAGGATCACACCA_010,189
CCTTCCGACCCATTTCGCGG_001,35
CCTTCCGACCCATTTCGCGG_002,5
CCTTCCGACCCATTTCGCGG_003,104
CCTTCCGACCCATTTCGCGG_004,172
CCTTCCGACCCATTTCGCGG_005,49
CCTTCCGACCCATTTCGCGG_006,53
CCTTCCGACCCATTTCGCGG_007,33
CCTTCCGACCCATTTCGCGG_008,137
CCTTCCGACCCATTTCGCGG_009,175
CCTTCCGACCCATTTCGCGG_010,54
CCTTCCGACCCATTTCGCGG_011,147
CCTTCCGACCCATTTCGCGG_012,162
CCTTCCGACCCATTTCGCGG_013,188
CCTTCCGACCCATTTCGCGG_014,106
CCTTCCGACCCATTTCGCGG_015,118
CCTTCCGACCCATTTCGCGG_016,178
CCTTCCGACCCATTTCGCGG_017,6
CCTTCCGACCCATTTCGCGG_018,4
CCTTCCGACCCATTTCGCGG_019,102
CCTTCCGACCCATTTCGCGG_020,83
GATACATAGGAGATACTGCT_001,158
GATACATAGGAGATACTGCT_002,144
GATACATAGGAGATACTGCT_003,15
GATACATAGGAGATACTGCT_004,115
GATACATAGGAGATACTGCT_005,85
GATACATAGGAGATACTGCT_006,95
GATACATAGGAGATACTGCT_007,198
GATACATAGGAGATACTGCT_008,4
GATACATAGGAGATACTGCT_009,140
TAGGCTATACTTACTCGCAG_001,105
TAGGCTATACTTACTCGCAG_002,98
TAGGCTATACTTACTCGCAG_003,17
CCTGCAATTAGGTATCCGAA_001,166
CCTGCAATTAGGTATCCGAA_002,137
CCTGCAATTAGGTATCCGAA_003,102
CCTGCAATTAGGTATCCGAA_004,66
CCTGCAATTAGGTATCCGAA_005,61
CCTGCAATTAGGTATCCGAA_006,108
CCTGCAATTAGGTATCCGAA_007,136
CCTGCAATTAGGTATCCGAA_008,184
CCTGCAATTAGGTATCCGAA_009,149
CCTGCAATTAGGTATCCGAA_010,123
CCTGCAATTAGGTATCCGAA_011,149
CCTGCAATTAGGTATCCGAA_012,121
CCTGCAATTAGGTATCCGAA_013,165
CCTGCAATTAGGTATCCGAA_014,165
CCTGCAATTAGGTATCCGAA_015,103
CCTGCAATTAGGTATCCGAA_016,10
CCAGCTATTCGGAGTCCAAA_001,117
CCAGCTATTCGGAGTCCAAA_002,146
GTGCCCTCGAGGAAAGACCC_001,145
GGCAAATACCCTATTATGGG_001,124
GTATGGGCATGAGAAATGCT_001,181
GTATGGGCATGAGAAATGCT_002,2
GTATGGGCATGAGAAATGCT_003,199
GTATGGGCATGAGAAATGCT_004,25
GTATGGGCATGAGAAATGCT_005,67
GTATGGGCATGAGAAATGCT_006,182
GTATGGGCATGAGAAATGCT_007,107
GTATGGGCATGAGAAATGCT_008,84
GTATGGGCATGAGAAATGCT_009,58
GTATGGGCATGAGAAATGCT_010,177
GTATGGGCATGAGAAATGCT_011,147
GTATGGGCATGAGAAATGCT_012,48
GTATGGGCATGAGAAATGCT_013,177
GTATGGGCATGAGAAATGCT_014,14
GTATGGGCATGAGAAATGCT_015,141
GTATGGGCATGAGAAATGCT_016,19
GTATGGGCATGAGAAATGCT_017,9
GTATGGGCATGAGAAATGCT_018,58
GTATGGGCATGAGAAATGCT_019,172
GTATGGGCATGAGAAATGCT_020,85
GTATGGGCATGAGAAATGCT_021,156
GTATGGGCATGAGAAATGCT_022,88
GTATGGGCATGAGAAATGCT_023,138
GTATGGGCATGAGAAATGCT_024,39
GTATGGGCATGAGAAATGCT_025,91
GTATGGGCATGAGAAATGCT_026,77
GTATGGGCATGAGAAATGCT_027,30
GTATGGGCATGAGAAATGCT_028,195
AGGTGAGAAAACAACCCAGT_001,191
AGGTGAGAAAACAACCCAGT_002,160
TGGTGGTATTAGGCCGAGAG_001,198
TGGTGGTATTAGGCCGAGAG_002,14
TGGTGGTATTAGGCCGAGAG_003,48
TGGTGGTATTAGGCCGAGAG_004,16
TGGTGGTATTAGGCCGAGAG_005,35
TGGTGGTATTAGGCCGAGAG_006,150
AGAAGAGTTCTTTGAAGCAC_001,28
AGAAGAGTTCTTTGAAGCAC_002,181
AGAAGAGTTCTTTGAAGCAC_003,192
AGAAGAGTTCTTTGAAGCAC_004,165
AGGTGAACGACCAGTCGCTG_001,9
AGGTGAACGACCAGTCGCTG_002,94
AGGTGAACGACCAGTCGCTG_003,191
AGGTGAACGACCAGTCGCTG_004,6
AGGTGAACGACCAGTCGCTG_005,138
AGGTGAACGACCAGTCGCTG_006,199
AGGTGAACGACCAGTCGCTG_007,137
AGGTGAACGACCAGTCGCTG_008,137
AGGTGAACGACCAGTCGCTG_009,1
AGGTGAACGACCAGTCGCTG_010,119
AGGTGAACGACCAGTCGCTG_011,196
AGGTGAACGACCAGTCGCTG_012,105
AGGTGAACGACCAGTCGCTG_013,38
AGGTGAACGACCAGTCGCTG_014,104
AGGTGAACGACCAGTCGCTG_015,140
AGGTGAACGACCAGTCGCTG_016,168
AGGTGAACGACCAGTCGCTG_017,127
AGGTGAACGACCAGTCGCTG_018,141
AGGTGAACGACCAGTCGCTG_019,8
AGGTGAACGACCAGTCGCTG_020,32
AGGTGAACGACCAGTCGCTG_021,95
AGGTGAACGACCAGTCGCTG_022,196
AGGTGAACGACCAGTCGCTG_023,68
AGGTGAACGACCAGTCGCTG_024,94
AGGTGAACGACCAGTCGCTG_025,41
AGGTGAACGACCAGTCGCTG_026,32
AGGTGAACGACCAGTCGCTG_027,190
AGGTGAACGACCAGTCGCTG_028,96
AGGTGAACGACCAGTCGCTG_029,12
AGGTGAACGACCAGTCGCTG_030,169
AGGTGAACGACCAGTCGCTG_031,185
AGGTGAACGACCAGTCGCTG_032,5
AGGTGAACGACCAGTCGCTG_033,48
CTTCAAGGCCCGCGGAACAG_001,127
CTTCAAGGCCCGCGGAACAG_002,12
CTTCAAGGCCCGCGGAACAG_003,70
CTTCAAGGCCCGCGGAACAG_004,141
CTTCAAGGCCCGCGGAACAG_005,83
CTTCAAGGCCCGCGGAACAG_006,85
CTTCAAGGCCCGCGGAACAG_007,169
CTTCAAGGCCCGCGGAACAG_008,68
CTTCAAGGCCCGCGGAACAG_009,166
CTTCAAGGCCCGCGGAACAG_010,116
CTTCAAGGCCCGCGGAACAG_011,105
CTTCAAGGCCCGCGGAACAG_012,152
CTTCAAGGCCCGCGGAACAG_013,150
CTTCAAGGCCCGCGGAACAG_014,77
CTTCAAGGCCCGCGGAACAG_015,17
CTTCAAGGCCCGCGGAACAG_016,148
CTTCAAGGCCCGCGGAACAG_017,107
CTTCAAGGCCCGCGGAACAG_018,111
CTTCAAGGCCCGCGGAACAG_019,175
CTTCAAGGCCCGCGGAACAG_020,115
CTTCAAGGCCCGCGGAACAG_021,104
CTTCAAGGCCCGCGGAACAG_022,47
CTTCAAGGCCCGCGGAACAG_023,72
CTTCAAGGCCCGCGGAACAG_024,72
CTTCAAGGCCCGCGGAACAG_025,136
CTTCAAGGCCCGCGGAACAG_026,170
AGCGCCCCACATTGATAACG_001,175
AGCGCCCCACATTGATAACG_002,148
AGCGCCCCACATTGATAACG_003,124
CCTGCTGAATGCTAGATGGG_001,105
CCTGCTGAATGCTAGATGGG_002,155
CCTGCTGAATGCTAGATGGG_003,77
CCTGCTGAATGCTAGATGGG_004,156
CCTGCTGAATGCTAGATGGG_005,197
CCTGCTGAATGCTAGATGGG_006,35
CCTGCTGAATGCTAGATGGG_007,121
CCTGCTGAATGCTAGATGGG_008,11
CCTGCTGAATGCTAGATGGG_009,136
TGGGCAGCAAGACCAAGTCA_001,166
TGGGCAGCAAGACCAAGTCA_002,160
TGGGCAGCAAGACCAAGTCA_003,46
TGGGCAGCAAGACCAAGTCA_004,184
TGGGCAGCAAGACCAAGTCA_005,47
TGGGCAGCAAGACCAAGTCA_006,80
ACTCCTGGGAGCATTTACCG_001,2
ACTCCTGGGAGCATTTACCG_002,29
ACTCCTGGGAGCATTTACCG_003,89
ACTCCTGGGAGCATTTACCG_004,15
ACTCCTGGGAGCATTTACCG_005,198
ACCTGGCCTCCGTCAAAGGT_001,87
ACCTGGCCTCCGTCAAAGGT_002,49
ACCTGGCCTCCGTCAAAGGT_003,152
ACCTGGCCTCCGTCAAAGGT_004,52
ACCTGGCCTCCGTCAAAGGT_005,14
ACCTGGCCTCCGTCAAAGGT_006,33
ACCTGGCCTCCGTCAAAGGT_007,169
ACCTGGCCTCCGTCAAAGGT_008,100
ACCTGGCCTCCGTCAAAGGT_009,121
ACCTGGCCTCCGTCAAAGGT_010,88
ACCTGGCCTCCGTCAAAGGT_011,160
ACCTGGCCTCCGTCAAAGGT_012,35
CATCCGGCAGACGTACACGC_001,17
CATCCGGCAGACGTACACGC_002,41
CATCCGGCAGACGTACACGC_003,199
CATCCGGCAGACGTACACGC_004,199
CATCCGGCAGACGTACACGC_005,134
CATCCGGCAGACGTACACGC_006,166
CATCCGGCAGACGTACACGC_007,140
CATCCGGCAGACGTACACGC_008,33
CATCCGGCAGACGTACACGC_009,78
CATCCGGCAGACGTACACGC_010,29
CATCCGGCAGACGTACACGC_011,19
CATCCGGCAGACGTACACGC_012,199
CATCCGGCAGACGTACACGC_013,112
CATCCGGCAGACGTACACGC_014,162
CATCCGGCAGACGTACACGC_015,76
CATCCGGCAGACGTACACGC_016,43
CATCCGGCAGACGTACACGC_017,96
CATCCGGCAGACGTACACGC_018,121
CATCCGGCAGACGTACACGC_019,2
CATCCGGCAGACGTACACGC_020,199
CATCCGGCAGACGTACACGC_021,198
CATCCGGCAGACGTACACGC_022,49
CATCCGGCAGACGTACACGC_023,62
CATCCGGCAGACGTACACGC_024,81
CATCCGGCAGACGTACACGC_025,56
CGGCACGCCCATATCCATCG_001,127
CGGCACGCCCATATCCATCG_002,107
CGGCACGCCCATATCCATCG_003,127
CGGCACGCCCATATCCATCG_004,48
GGGGAAGTAGAGTGCAATGC_001,195
GGGGAAGTAGAGTGCAATGC_002,162
GGGGAAGTAGAGTGCAATGC_003,169
GGGGAAGTAGAGTGCAATGC_004,76
GGGGAAGTAGAGTGCAATGC_005,145
GGGGAAGTAGAGTGCAATGC_006,50
GGGGAAGTAGAGTGCAATGC_007,73
GGGGAAGTAGAGTGCAATGC_008,154
GGGGAAGTAGAGTGCAATGC_009,28
GCAGCCACTTCGAACCGGAG_001,24
GCAGCCACTTCGAACCGGAG_002,156
GCAGCCACTTCGAACCGGAG_003,148
GCAGCCACTTCGAACCGGAG_004,65
GCAGCCACTTCGAACCGGAG_005,24
GCAGCCACTTCGAACCGGAG_006,23
GCAGCCACTTCGAACCGGAG_007,181
GCAGCCACTTCGAACCGGAG_008,22
GCAGCCACTTCGAACCGGAG_009,39
GCAGCCACTTCGAACCGGAG_010,15
GCAGCCACTTCGAACCGGAG_011,6
GCAGCCACTTCGAACCGGAG_012,91
GCAGCCACTTCGAACCGGAG_013,144
AGGTAAGTCAGACATCGGTG_001,48
AGGTAAGTCAGACATCGGTG_002,82
AGGTAAGTCAGACATCGGTG_003,174
CTCCCGGGGTCACGATAACG_001,70
CCCGAATCATTATATTCAAA_001,188
AAGTGACAGTCGTAGTAAGT_001,118
AAGTGACAGTCGTAGTAAGT_002,147
AAGTGACAGTCGTAGTAAGT_003,188
AAGTGACAGTCGTAGTAAGT_004,80
AAGTGACAGTCGTAGTAAGT_005,42
AAGTGACAGTCGTAGTAAGT_006,174
AAGTGACAGTCGTAGTAAGT_007,17
AAGTGACAGTCGTAGTAAGT_008,30
AAGTGACAGTCGTAGTAAGT_009,121
AAGTGACAGTCGTAGTAAGT_010,83
AAGTGACAGTCGTAGTAAGT_011,81
AAGTGACAGTCGTAGTAAGT_012,194
GCTGCACGGCGTGCTCATGG_001,27
GGCCCGAGAGGGGGTATGCG_001,169
GGCCCGAGAGGGGGTATGCG_002,145
GGCCCGAGAGGGGGTATGCG_003,2
GGCCCGAGAGGGGGTATGCG_004,146
GGCCCGAGAGGGGGTATGCG_005,134
GGCCCGAGAGGGGGTATGCG_006,60
GGCCCGAGAGGGGGTATGCG_007,82
GGCCCGAGAGGGGGTATGCG_008,58
GGCCCGAGAGGGGGTATGCG_009,198
AAAGTCCTTATCGACCACCA_001,60
AAAGTCCTTATCGACCACCA_002,12
AAAGTCCTTATCGACCACCA_003,30
AAAGTCCTTATCGACCACCA_004,121
AAAGTCCTTATCGACCACCA_005,16
AAAGTCCTTATCGACCACCA_006,162
AAAGTCCTTATCGACCACCA_007,28
GTATCATGGCAAAATCAGCA_001,189
GTATCATGGCAAAATCAGCA_002,40
GTATCATGGCAAAATCAGCA_003,121
GTATCATGGCAAAATCAGCA_004,106
GTATCATGGCAAAATCAGCA_005,189
GTATCATGGCAAAATCAGCA_006,25
GTATCATGGCAAAATCAGCA_007,155
GTATCATGGCAAAATCAGCA_008,50
GTATCATGGCAAAATCAGCA_009,137
GTATCATGGCAAAATCAGCA_010,60
GTATCATGGCAAAATCAGCA_011,64
GTATCATGGCAAAATCAGCA_012,58
GTCGATCACCAACGACACGA_001,78
GTCGATCACCAACGACACGA_002,19
GTCGATCACCAACGACACGA_003,156
GTCGATCACCAACGACACGA_004,152
GTCGATCACCAACGACACGA_005,193
GTCGATCACCAACGACACGA_006,139
GTCGATCACCAACGACACGA_007,145
GTCGATCACCAACGACACGA_008,94
GTCGATCACCAACGACACGA_009,77
GTCGATCACCAACGACACGA_010,94
GTCGATCACCAACGACACGA_011,115
GTCGATCACCAACGACACGA_012,78
GTCGATCACCAACGACACGA_013,16
GTCGATCACCAACGACACGA_014,28
GTCGATCACCAACGACACGA_015,182
GTCGATCACCAACGACACGA_016,98
GTCGATCACCAACGACACGA_017,162
GTCGATCACCAACGACACGA_018,111
GTCGATCACCAACGACACGA_019,174
GTCGATCACCAACGACACGA_020,24
GTCGATCACCAACGACACGA_021,28
GTCGATCACCAACGACACGA_022,191
GTCGATCACCAACGACACGA_023,150
GTCGATCACCAACGACACGA_024,27
GTCGATCACCAACGACACGA_025,197
GTCGATCACCAACGACACGA_026,177
TACATCGCCAAAGCTGATCG_001,53
TACATCGCCAAAGCTGATCG_002,19
TACATCGCCAAAGCTGATCG_003,199
TACATCGCCAAAGCTGATCG_004,192
TACATCGCCAAAGCTGATCG_005,52
TACATCGCCAAAGCTGATCG_006,129
TACATCGCCAAAGCTGATCG_007,177
TACATCGCCAAAGCTGATCG_008,62
TACATCGCCAAAGCTGATCG_009,150
TACATCGCCAAAGCTGATCG_010,169
TACATCGCCAAAGCTGATCG_011,190
TACATCGCCAAAGCTGATCG_012,115
TCAGCAGCACAATCCCGCGA_001,19
TCAGCAGCACAATCCCGCGA_002,142
TCAGCAGCACAATCCCGCGA_003,54
TCAGCAGCACAATCCCGCGA_004,52
TCAGCAGCACAATCCCGCGA_005,160
TCAGCAGCACAATCCCGCGA_006,141
TCAGCAGCACAATCCCGCGA_007,26
TCAGCAGCACAATCCCGCGA_008,15
TGAACAGGAAATAACCTATG_001,62
TGAACAGGAAATAACCTATG_002,117
GCTGGCAAAATAGAACACGA_001,185
GCTGGCAAAATAGAACACGA_002,160
GCTGGCAAAATAGAACACGA_003,149
GCTGGCAAAATAGAACACGA_004,49
GCTGGCAAAATAGAACACGA_005,4
GCTGGCAAAATAGAACACGA_006,58
GCTGGCAAAATAGAACACGA_007,16
GCTGGCAAAATAGAACACGA_008,150
GCTGGCAAAATAGAACACGA_009,129
GCTGGCAAAATAGAACACGA_010,57
GCTGGCAAAATAGAACACGA_011,25
GCTGGCAAAATAGAACACGA_012,54
GCTGGCAAAATAGAACACGA_013,68
GCTGGCAAAATAGAACACGA_014,112
GCTGGCAAAATAGAACACGA_015,197
GCTGGCAAAATAGAACACGA_016,140
GCTGGCAAAATAGAACACGA_017,30
GCTGGCAAAATAGAACACGA_018,153
GCTGGCAAAATAGAACACGA_019,148
GCTGGCAAAATAGAACACGA_020,161
GCTGGCAAAATAGAACACGA_021,146
GCTGGCAAAATAGAACACGA_022,49
GCTGGCAAAATAGAACACGA_023,115
GCTGGCAAAATAGAACACGA_024,19
GCTGGCAAAATAGAACACGA_025,19
GCTGGCAAAATAGAACACGA_026,104
CCGATTCTTCGAGCATGAGA_001,9
CCGATTCTTCGAGCATGAGA_002,150
CCGATTCTTCGAGCATGAGA_003,199
CCGATTCTTCGAGCATGAGA_004,19
CCGATTCTTCGAGCATGAGA_005,194
CCGATTCTTCGAGCATGAGA_006,9
CCGATTCTTCGAGCATGAGA_007,131
CCGATTCTTCGAGCATGAGA_008,95
CCGATTCTTCGAGCATGAGA_009,15
CCGATTCTTCGAGCATGAGA_010,178
GATTGCCGTCAAATTGTCAG_001,69
GATTGCCGTCAAATTGTCAG_002,84
GATTGCCGTCAAATTGTCAG_003,88
GATTGCCGTCAAATTGTCAG_004,76
CAAGTACTTGACAGACGGAG_001,144
CAAGTACTTGACAGACGGAG_002,158
CAAGTACTTGACAGACGGAG_003,33
CAAGTACTTGACAGACGGAG_004,25
CAAGTACTTGACAGACGGAG_005,42
CAAGTACTTGACAGACGGAG_006,58
CAAGTACTTGACAGACGGAG_007,177
CAAGTACTTGACAGACGGAG_008,80
CAAGTACTTGACAGACGGAG_009,146
CAAGTACTTGACAGACGGAG_010,58
CAAGTACTTGACAGACGGAG_011,5
CAAGTACTTGACAGACGGAG_012,61
CAAGTACTTGACAGACGGAG_013,121
CAAGTACTTGACAGACGGAG_014,172
CAAGTACTTGACAGACGGAG_015,16
CAAGTACTTGACAGACGGAG_016,116
CAAGTACTTGACAGACGGAG_017,183
CAAGTACTTGACAGACGGAG_018,38
CAAGTACTTGACAGACGGAG_019,65
CAAGTACTTGACAGACGGAG_020,146
CAAGTACTTGACAGACGGAG_021,162
CAAGTACTTGACAGACGGAG_022,169
CAAGTACTTGACAGACGGAG_023,8
CAAGTACTTGACAGACGGAG_024,63
CAAGTACTTGACAGACGGAG_025,137
CAAGTACTTGACAGACGGAG_026,94
CAAGTACTTGACAGACGGAG_027,15
CAAGTACTTGACAGACGGAG_028,174
TGAATCCGGGAGCCAAGATG_001,168
TGAATCCGGGAGCCAAGATG_002,139
TGAATCCGGGAGCCAAGATG_003,62
TGAATCCGGGAGCCAAGATG_004,103
TGAATCCGGGAGCCAAGATG_005,13
TGAATCCGGGAGCCAAGATG_006,197
TGAATCCGGGAGCCAAGATG_007,41
TGAATCCGGGAGCCAAGATG_008,34
TGAATCCGGGAGCCAAGATG_009,68
TGAATCCGGGAGCCAAGATG_010,15
TGAATCCGGGAGCCAAGATG_011,147
TGAATCCGGGAGCCAAGATG_012,1
TGAATCCGGGAGCCAAGATG_013,17
TGAATCCGGGAGCCAAGATG_014,67
CTTCAGTGCATTGATATCTG_001,2
CTTCAGTGCATTGATATCTG_002,29
GTCACTCAACAGGTACGACA_001,197
GTCACTCAACAGGTACGACA_002,180
GTCACTCAACAGGTACGACA_003,40
GTCACTCAACAGGTACGACA_004,180
CTGACAAGTCGTGGGCTGGG_001,154
CTGACAAGTCGTGGGCTGGG_002,115
CTGACAAGTCGTGGGCTGGG_003,135
CTGACAAGTCGTGGGCTGGG_004,9
CTGACAAGTCGTGGGCTGGG_005,154
CTGACAAGTCGTGGGCTGGG_006,4
CTGACAAGTCGTGGGCTGGG_007,173
CTGACAAGTCGTGGGCTGGG_008,169
GGACACAGAGTTACCCCCGG_001,114
GGACACAGAGTTACCCCCGG_002,137
CCAGGAGTACCAGACACTAG_001,83
CCAGGAGTACCAGACACTAG_002,48
CCAGGAGTACCAGACACTAG_003,163
CCAGGAGTACCAGACACTAG_004,62
GTCCGGAACATACCCCGACG_001,32
GTCCGGAACATACCCCGACG_002,118
GTCCGGAACATACCCCGACG_003,155
GTCCGGAACATACCCCGACG_004,61
GTCCGGAACATACCCCGACG_005,153
GTCCGGAACATACCCCGACG_006,116
GTCCGGAACATACCCCGACG_007,121
TAGTCGGTGACACTAAGTTG_001,168
TAGTCGGTGACACTAAGTTG_002,43
TAGTCGGTGACACTAAGTTG_003,20
AGTGGTCACTGCATCGGCAC_001,8
AGTGGTCACTGCATCGGCAC_002,32
AGTGGTCACTGCATCGGCAC_003,12
AGTGGTCACTGCATCGGCAC_004,70
AGTGGTCACTGCATCGGCAC_005,185
AGTGGTCACTGCATCGGCAC_006,88
AGTGGTCACTGCATCGGCAC_007,38
AGTGGTCACTGCATCGGCAC_008,64
AGTGGTCACTGCATCGGCAC_009,172
AGTGGTCACTGCATCGGCAC_010,87
AGTGGTCACTGCATCGGCAC_011,125
AGTGGTCACTGCATCGGCAC_012,41
AGTGGTCACTGCATCGGCAC_013,72
AGTGGTCACTGCATCGGCAC_014,147
AGTGGTCACTGCATCGGCAC_015,131
AGTGGTCACTGCATCGGCAC_016,170
AGTGGTCACTGCATCGGCAC_017,85
AGTGGTCACTGCATCGGCAC_018,92
AGTGGTCACTGCATCGGCAC_019,171
AGTGGTCACTGCATCGGCAC_020,164
AGTGGTCACTGCATCGGCAC_021,168
AGTGGTCACTGCATCGGCAC_022,149
AGTGGTCACTGCATCGGCAC_023,31
AGTGGTCACTGCATCGGCAC_024,27
AGTGGTCACTGCATCGGCAC_025,17
AGTGGTCACTGCATCGGCAC_026,162
AGTGGTCACTGCATCGGCAC_027,154
AGTGGTCACTGCATCGGCAC_028,188
AGTGGTCACTGCATCGGCAC_029,99
AGTGGTCACTGCATCGGCAC_030,152
AGTGGTCACTGCATCGGCAC_031,53
AGTGGTCACTGCATCGGCAC_032,31
AGTGGTCACTGCATCGGCAC_033,122
AGTGGTCACTGCATCGGCAC_034,195
AGTGGTCACTGCATCGGCAC_035,58
AGTGGTCACTGCATCGGCAC_036,79
AGTGGTCACTGCATCGGCAC_037,43
AGTGGTCACTGCATCGGCAC_038,69
AGTGGTCACTGCATCGGCAC_039,52
AGTGGTCACTGCATCGGCAC_040,46
AGTGGTCACTGCATCGGCAC_041,10
TGCTAATGGTGCATGCGTCG_001,139
TGCTAATGGTGCATGCGTCG_002,152
TGCTAATGGTGCATGCGTCG_003,149
TGCTAATGGTGCATGCGTCG_004,49
TGCTAATGGTGCATGCGTCG_005,127
TGCTAATGGTGCATGCGTCG_006,146
TGCTAATGGTGCATGCGTCG_007,177
TGCTAATGGTGCATGCGTCG_008,127
TGCTAATGGTGCATGCGTCG_009,134
TGCTAATGGTGCATGCGTCG_010,16
ACACGGAGTGCTGAGCGGTG_001,70
ACACGGAGTGCTGAGCGGTG_002,28
ACACGGAGTGCTGAGCGGTG_003,194
ACACGGAGTGCTGAGCGGTG_004,160
ACACGGAGTGCTGAGCGGTG_005,49
ACACGGAGTGCTGAGCGGTG_006,75
ACACGGAGTGCTGAGCGGTG_007,186
ACACGGAGTGCTGAGCGGTG_008,122
ACACGGAGTGCTGAGCGGTG_009,35
ACACGGAGTGCTGAGCGGTG_010,162
ACACGGAGTGCTGAGCGGTG_011,198
ACACGGAGTGCTGAGCGGTG_012,15
ACACGGAGTGCTGAGCGGTG_013,16
ACACGGAGTGCTGAGCGGTG_014,84
ACACGGAGTGCTGAGCGGTG_015,120
ACACGGAGTGCTGAGCGGTG_016,2
ACACGGAGTGCTGAGCGGTG_017,29
ACACGGAGTGCTGAGCGGTG_018,185
ACACGGAGTGCTGAGCGGTG_019,151
ACACGGAGTGCTGAGCGGTG_020,33
ACACGGAGTGCTGAGCGGTG_021,142
ACACGGAGTGCTGAGCGGTG_022,176
ACACGGAGTGCTGAGCGGTG_023,105
ACACGGAGTGCTGAGCGGTG_024,28
ACACGGAGTGCTGAGCGGTG_025,20
ACACGGAGTGCTGAGCGGTG_026,9
ACACGGAGTGCTGAGCGGTG_027,75
ACACGGAGTGCTGAGCGGTG_028,130
GGGCGCACTCGGAGGCACAG_001,12
GGGCGCACTCGGAGGCACAG_002,191
GGGCGCACTCGGAGGCACAG_003,113
GGGCGCACTCGGAGGCACAG_004,115
GGGCGCACTCGGAGGCACAG_005,50
GGGCGCACTCGGAGGCACAG_006,8
GGGCGCACTCGGAGGCACAG_007,169
GGGCGCACTCGGAGGCACAG_008,58
GGGCGCACTCGGAGGCACAG_009,157
GGGCGCACTCGGAGGCACAG_010,141
GGGCGCACTCGGAGGCACAG_011,30
GGGCGCACTCGGAGGCACAG_012,56
GGGCGCACTCGGAGGCACAG_013,163
GGGCGCACTCGGAGGCACAG_014,34
GGGCGCACTCGGAGGCACAG_015,34
GGGCGCACTCGGAGGCACAG_016,175
GGGCGCACTCGGAGGCACAG_017,115
GGGCGCACTCGGAGGCACAG_018,96
GGGCGCACTCGGAGGCACAG_019,64
GGGCGCACTCGGAGGCACAG_020,118
GGGCGCACTCGGAGGCACAG_021,16
GGGCGCACTCGGAGGCACAG_022,161
GGGCGCACTCGGAGGCACAG_023,64
GGGCGCACTCGGAGGCACAG_024,67
GGGCGCACTCGGAGGCACAG_025,146
GGGCGCACTCGGAGGCACAG_026,163
GGGCGCACTCGGAGGCACAG_027,141
GGGCGCACTCGGAGGCACAG_028,174
GGGCGCACTCGGAGGCACAG_029,152
GGGCGCACTCGGAGGCACAG_030,195
GGGCGCACTCGGAGGCACAG_031,94
GGGCGCACTCGGAGGCACAG_032,96
GGGCGCACTCGGAGGCACAG_033,8
GGGCGCACTCGGAGGCACAG_034,37
GGGCGCACTCGGAGGCACAG_035,28
GGGCGCACTCGGAGGCACAG_036,57
GGGCGCACTCGGAGGCACAG_037,169
GGGCGCACTCGGAGGCACAG_038,22
GGGCGCACTCGGAGGCACAG_039,67
GGGCGCACTCGGAGGCACAG_040,102
GGGCGCACTCGGAGGCACAG_041,44
GGGCGCACTCGGAGGCACAG_042,147
GGGCGCACTCGGAGGCACAG_043,63
GGGCGCACTCGGAGGCACAG_044,38
GGGCGCACTCGGAGGCACAG_045,168
GGGCGCACTCGGAGGCACAG_046,63
GGGCGCACTCGGAGGCACAG_047,124
GGGCGCACTCGGAGGCACAG_048,155
GAGATCCAACTGTCACTCGG_001,106
GAGATCCAACTGTCACTCGG_002,40
GAGATCCAACTGTCACTCGG_003,139
GAGATCCAACTGTCACTCGG_004,170
GAGATCCAACTGTCACTCGG_005,166
GAGATCCAACTGTCACTCGG_006,116
GAGATCCAACTGTCACTCGG_007,88
GAGATCCAACTGTCACTCGG_008,158
GAGATCCAACTGTCACTCGG_009,169
GAGATCCAACTGTCACTCGG_010,133
GAGATCCAACTGTCACTCGG_011,174
GAGATCCAACTGTCACTCGG_012,41
GAGATCCAACTGTCACTCGG_013,101
GAGATCCAACTGTCACTCGG_014,148
GAGATCCAACTGTCACTCGG_015,42
GAGATCCAACTGTCACTCGG_016,113
GAGATCCAACTGTCACTCGG_017,58
GAGATCCAACTGTCACTCGG_018,177
GAGATCCAACTGTCACTCGG_019,112
GAGATCCAACTGTCACTCGG_020,115
GAGATCCAACTGTCACTCGG_021,3
TCCTGGCATGAACATGTGAA_001,114
TCCTGGCATGAACATGTGAA_002,126
TCCTGGCATGAACATGTGAA_003,152
TCCTGGCATGAACATGTGAA_004,86
TCCTGGCATGAACATGTGAA_005,6
TCCTGGCATGAACATGTGAA_006,97
TCCTGGCATGAACATGTGAA_007,144
AGTGCCCACGTCTAAAACCG_001,38
AGTGCCCACGTCTAAAACCG_002,70
CCCTCCGGGTGCCAGCACCC_001,48
CCCTCCGGGTGCCAGCACCC_002,130
CCCTCCGGGTGCCAGCACCC_003,83
TGTGTGCATGCCTGCCAGCA_001,144
TGTGTGCATGCCTGCCAGCA_002,163
TGTGTGCATGCCTGCCAGCA_003,177
TGTGTGCATGCCTGCCAGCA_004,2
TGTGTGCATGCCTGCCAGCA_005,116
TGTGTGCATGCCTGCCAGCA_006,76
GGATTATCTGACACATGCTG_001,144
GGATTATCTGACACATGCTG_002,126
GGATTATCTGACACATGCTG_003,62
AGGAGCCAGAGTATTCGCCC_001,162
GGAGAGCATCCACTGCAAGT_001,28
GGAGAGCATCCACTGCAAGT_002,149
GGAGAGCATCCACTGCAAGT_003,166
GGAGAGCATCCACTGCAAGT_004,20
GGAGAGCATCCACTGCAAGT_005,112
GGAGAGCATCCACTGCAAGT_006,15
GGAGAGCATCCACTGCAAGT_007,125
GGAGAGCATCCACTGCAAGT_008,170
GGCGTACCCTTGAGCACATG_001,161
GGCGTACCCTTGAGCACATG_002,46
GGCGTACCCTTGAGCACATG_003,56
GGCGTACCCTTGAGCACATG_004,68
GGCGTACCCTTGAGCACATG_005,135
GGCGTACCCTTGAGCACATG_006,189
GGCGTACCCTTGAGCACATG_007,73
GGCGTACCCTTGAGCACATG_008,82
GGCGTACCCTTGAGCACATG_009,1
GGCGTACCCTTGAGCACATG_010,146
GGCGTACCCTTGAGCACATG_011,169
GGCGTACCCTTGAGCACATG_012,62
CCCACATGACCCCAACTCCG_001,26
CCCACATGACCCCAACTCCG_002,149
CCCACATGACCCCAACTCCG_003,162
CCCACATGACCCCAACTCCG_004,162
CCCACATGACCCCAACTCCG_005,70
CCCACATGACCCCAACTCCG_006,77
CCCACATGACCCCAACTCCG_007,78
CCCACATGACCCCAACTCCG_008,40
CCCACATGACCCCAACTCCG_009,140
CCCACATGACCCCAACTCCG_010,89
CCCACATGACCCCAACTCCG_011,174
CCCACATGACCCCAACTCCG_012,115
CCCACATGACCCCAACTCCG_013,76
CCCACATGACCCCAACTCCG_014,83
CCCACATGACCCCAACTCCG_015,36
CCCACATGACCCCAACTCCG_016,127
CCCACATGACCCCAACTCCG_017,176
CCCACATGACCCCAACTCCG_018,28
GCTGGGTAGTGCAACGTGCA_001,29
GCTGGGTAGTGCAACGTGCA_002,15
GCTGGGTAGTGCAACGTGCA_003,199
GCTGGGTAGTGCAACGTGCA_004,121
GCTGGGTAGTGCAACGTGCA_005,94
GCTGGGTAGTGCAACGTGCA_006,30
GCTGGGTAGTGCAACGTGCA_007,143
GCTGGGTAGTGCAACGTGCA_008,19
GCTGGGTAGTGCAACGTGCA_009,198
GCTGGGTAGTGCAACGTGCA_010,60
GCTGGGTAGTGCAACGTGCA_011,172
GCTGGGTAGTGCAACGTGCA_012,116
GCTGGGTAGTGCAACGTGCA_013,41
GCTGGGTAGTGCAACGTGCA_014,154
GCTGGGTAGTGCAACGTGCA_015,55
GCTGGGTAGTGCAACGTGCA_016,146
GCTGGGTAGTGCAACGTGCA_017,136
GCTGGGTAGTGCAACGTGCA_018,84
GTACTTACCAGCGGCTCTCG_001,78
GTACTTACCAGCGGCTCTCG_002,137
GTACTTACCAGCGGCTCTCG_003,129
GTACTTACCAGCGGCTCTCG_004,49
GTACTTACCAGCGGCTCTCG_005,49
GTACTTACCAGCGGCTCTCG_006,112
GTACTTACCAGCGGCTCTCG_007,137
GTACTTACCAGCGGCTCTCG_008,83
GTACTTACCAGCGGCTCTCG_009,36
GTACTTACCAGCGGCTCTCG_010,50
GTACTTACCAGCGGCTCTCG_011,106
GTACTTACCAGCGGCTCTCG_012,130
GTACTTACCAGCGGCTCTCG_013,185
GTACTTACCAGCGGCTCTCG_014,70
GTACTTACCAGCGGCTCTCG_015,62
GTACTTACCAGCGGCTCTCG_016,161
GTACTTACCAGCGGCTCTCG_017,77
GTACTTACCAGCGGCTCTCG_018,165
GTACTTACCAGCGGCTCTCG_019,70
GTACTTACCAGCGGCTCTCG_020,188
GTACTTACCAGCGGCTCTCG_021,124
TCAGCAATCGATTCCCAAGG_001,82
TCAGCAATCGATTCCCAAGG_002,98
TCAGCAATCGATTCCCAAGG_003,143
TCAGCAATCGATTCCCAAGG_004,143
GTCTCAGCACTTAAACAACC_001,14
GTCTCAGCACTTAAACAACC_002,162
GTCTCAGCACTTAAACAACC_003,1
GTCTCAGCACTTAAACAACC_004,146
GTCTCAGCACTTAAACAACC_005,195
CCATAACACAGCAAGCATGG_001,45
CCATAACACAGCAAGCATGG_002,172
CCATAACACAGCAAGCATGG_003,33
AGCCCAAATTGCAAAAGCAT_001,12
AGCCCAAATTGCAAAAGCAT_002,126
AGCCCAAATTGCAAAAGCAT_003,33
AGCCCAAATTGCAAAAGCAT_004,148
AGCCCAAATTGCAAAAGCAT_005,82
AGCCCAAATTGCAAAAGCAT_006,188
AGCCCAAATTGCAAAAGCAT_007,192
AGCCCAAATTGCAAAAGCAT_008,138
AGCCCAAATTGCAAAAGCAT_009,63
AGCCCAAATTGCAAAAGCAT_010,174
CTTCCTGTACCAGCGGTCTG_001,10
CTTCCTGTACCAGCGGTCTG_002,162
CTTCCTGTACCAGCGGTCTG_003,133
CTTCCTGTACCAGCGGTCTG_004,147
CTTCCTGTACCAGCGGTCTG_005,107
CTTCCTGTACCAGCGGTCTG_006,169
CTTCCTGTACCAGCGGTCTG_007,12
CTTCCTGTACCAGCGGTCTG_008,176
CTTCCTGTACCAGCGGTCTG_009,41
CTTCCTGTACCAGCGGTCTG_010,138
CTTCCTGTACCAGCGGTCTG_011,105
CTTCCTGTACCAGCGGTCTG_012,67
CTTCCTGTACCAGCGGTCTG_013,162
CTTCCTGTACCAGCGGTCTG_014,130
CTTCCTGTACCAGCGGTCTG_015,49
CTTCCTGTACCAGCGGTCTG_016,169
CTTCCTGTACCAGCGGTCTG_017,176
CTTCCTGTACCAGCGGTCTG_018,180
CTTCCTGTACCAGCGGTCTG_019,127
AGTTCTGGAATTCTGGCTCA_001,122
AGTTCTGGAATTCTGGCTCA_002,160
CCTCACTCTTGAACACGGGG_001,140
CCTCACTCTTGAACACGGGG_002,62
CCTCACTCTTGAACACGGGG_003,137
CCTCACTCTTGAACACGGGG_004,170
CCTCACTCTTGAACACGGGG_005,132
CCTCACTCTTGAACACGGGG_006,28
CCTCACTCTTGAACACGGGG_007,187
CCTCACTCTTGAACACGGGG_008,169
CCTCACTCTTGAACACGGGG_009,41
CCTCACTCTTGAACACGGGG_010,12
CCTCACTCTTGAACACGGGG_011,174
CCTCACTCTTGAACACGGGG_012,74
CCTCACTCTTGAACACGGGG_013,2
CCTCACTCTTGAACACGGGG_014,184
CCTCACTCTTGAACACGGGG_015,162
CCTCACTCTTGAACACGGGG_016,149
CCTCACTCTTGAACACGGGG_017,27
TCCACATCTCAGGGACACTG_001,29
TCCACATCTCAGGGACACTG_002,50
TCCACATCTCAGGGACACTG_003,162
TCCACATCTCAGGGACACTG_004,89
TCCACATCTCAGGGACACTG_005,20
TCCACATCTCAGGGACACTG_006,105
TCCACATCTCAGGGACACTG_007,18
TCCACATCTCAGGGACACTG_008,149
TCCACATCTCAGGGACACTG_009,94
TCCACATCTCAGGGACACTG_010,72
TCCACATCTCAGGGACACTG_011,152
TCCACATCTCAGGGACACTG_012,150
TCCACATCTCAGGGACACTG_013,144
CCTCGCGCATGAAGGCGTCG_001,105
CCTCGCGCATGAAGGCGTCG_002,146
CCTCGCGCATGAAGGCGTCG_003,38
GCGCTAAAGTCCAATGACTT_001,27
GCGCTAAAGTCCAATGACTT_002,6
GCGCTAAAGTCCAATGACTT_003,6
GCGCTAAAGTCCAATGACTT_004,162
GCGCTAAAGTCCAATGACTT_005,169
GCGCTAAAGTCCAATGACTT_006,28
GCGCTAAAGTCCAATGACTT_007,70
GCGCTAAAGTCCAATGACTT_008,94
GCGCTAAAGTCCAATGACTT_009,115
GCGCTAAAGTCCAATGACTT_010,155
TGGACGCCTGCATCCGAGAG_001,76
TGGACGCCTGCATCCGAGAG_002,191
TGGACGCCTGCATCCGAGAG_003,169
TGGACGCCTGCATCCGAGAG_004,151
TGGACGCCTGCATCCGAGAG_005,83
TGGACGCCTGCATCCGAGAG_006,40
TGGACGCCTGCATCCGAGAG_007,82
TGGACGCCTGCATCCGAGAG_008,176
TGGACGCCTGCATCCGAGAG_009,97
TGGACGCCTGCATCCGAGAG_010,144
TGGACGCCTGCATCCGAGAG_011,195
TGGACGCCTGCATCCGAGAG_012,151
TGGACGCCTGCATCCGAGAG_013,1
TGGACGCCTGCATCCGAGAG_014,68
TGGACGCCTGCATCCGAGAG_015,94
TGGACGCCTGCATCCGAGAG_016,15
CGTAGGGAAATAAAATCCCA_001,199
CGTAGGGAAATAAAATCCCA_002,33
CGTAGGGAAATAAAATCCCA_003,0
CGTAGGGAAATAAAATCCCA_004,190
CAGTACCAAGTGGCACACTG_001,184
CAGTACCAAGTGGCACACTG_002,112
CAGTACCAAGTGGCACACTG_003,63
CAGTACCAAGTGGCACACTG_004,115
CAGTACCAAGTGGCACACTG_005,52
CAGTACCAAGTGGCACACTG_006,50
CAGTACCAAGTGGCACACTG_007,27
CAGTACCAAGTGGCACACTG_008,19
CAGTACCAAGTGGCACACTG_009,140
CAGTACCAAGTGGCACACTG_010,56
CAGTACCAAGTGGCACACTG_011,39
CAGTACCAAGTGGCACACTG_012,96
CAGTACCAAGTGGCACACTG_013,199
CAGTACCAAGTGGCACACTG_014,147
CAGTACCAAGTGGCACACTG_015,127
CAGTACCAAGTGGCACACTG_016,59
CAGTACCAAGTGGCACACTG_017,176
CAGTACCAAGTGGCACACTG_018,105
CAGTACCAAGTGGCACACTG_019,180
CAGTACCAAGTGGCACACTG_020,60
CAGTACCAAGTGGCACACTG_021,142
CAGTACCAAGTGGCACACTG_022,6
CAGTACCAAGTGGCACACTG_023,15
CAGTACCAAGTGGCACACTG_024,69
CAGTACCAAGTGGCACACTG_025,197
CAGTACCAAGTGGCACACTG_026,155
AATTAGTTTGTGTGGCAGTG_001,169
AATTAGTTTGTGTGGCAGTG_002,103
AATTAGTTTGTGTGGCAGTG_003,48
AATTAGTTTGTGTGGCAGTG_004,168
AATTAGTTTGTGTGGCAGTG_005,148
AATTAGTTTGTGTGGCAGTG_006,189
AATTAGTTTGTGTGGCAGTG_007,15
AATTAGTTTGTGTGGCAGTG_008,178
AATTAGTTTGTGTGGCAGTG_009,133
AATTAGTTTGTGTGGCAGTG_010,62
AATTAGTTTGTGTGGCAGTG_011,105
AATTAGTTTGTGTGGCAGTG_012,127
AATTAGTTTGTGTGGCAGTG_013,148
AATTAGTTTGTGTGGCAGTG_014,56
AATTAGTTTGTGTGGCAGTG_015,34
AATTAGTTTGTGTGGCAGTG_016,43
ACTAACCAAGTCTAATATAG_001,98
ACTAACCAAGTCTAATATAG_002,2
ACTAACCAAGTCTAATATAG_003,170
ACTAACCAAGTCTAATATAG_004,44
TCGAGCAGCACACATCAGTG_001,88
TCGAGCAGCACACATCAGTG_002,16
TCGAGCAGCACACATCAGTG_003,22
TCGAGCAGCACACATCAGTG_004,38
TCGAGCAGCACACATCAGTG_005,84
TCGAGCAGCACACATCAGTG_006,191
TCGAGCAGCACACATCAGTG_007,42
TCGAGCAGCACACATCAGTG_008,50
TTGGCAGGGAGCTCACTCAG_001,27
TTGGCAGGGAGCTCACTCAG_002,96
TTGGCAGGGAGCTCACTCAG_003,187
TTGGCAGGGAGCTCACTCAG_004,177
TTGGCAGGGAGCTCACTCAG_005,51
TTGGCAGGGAGCTCACTCAG_006,9
TTGGCAGGGAGCTCACTCAG_007,101
TTGGCAGGGAGCTCACTCAG_008,106
TTGGCAGGGAGCTCACTCAG_009,162
AGGAGGAGGGCCTCGTGGAG_001,39
AGGAGGAGGGCCTCGTGGAG_002,102
AGGAGGAGGGCCTCGTGGAG_003,101
AGGAGGAGGGCCTCGTGGAG_004,58
AGGAGGAGGGCCTCGTGGAG_005,158
AGGAGGAGGGCCTCGTGGAG_006,107
AGGAGGAGGGCCTCGTGGAG_007,199
AGGAGGAGGGCCTCGTGGAG_008,24
CTCATCAGCAGTGACCAGTG_001,42
CTCATCAGCAGTGACCAGTG_002,21
CTCATCAGCAGTGACCAGTG_003,68
CTCATCAGCAGTGACCAGTG_004,32
CTCATCAGCAGTGACCAGTG_005,155
CTCATCAGCAGTGACCAGTG_006,79
CTCATCAGCAGTGACCAGTG_007,4
CTCATCAGCAGTGACCAGTG_008,24
GCTCTTGGCTGTGCACGCCG_001,32
GCTCTTGGCTGTGCACGCCG_002,0
GCTCTTGGCTGTGCACGCCG_003,42
GCTCTTGGCTGTGCACGCCG_004,60
GCTCTTGGCTGTGCACGCCG_005,43
CCGCAGCGACTACGACCGCG_001,57
CCGCAGCGACTACGACCGCG_002,88
CCGCAGCGACTACGACCGCG_003,12
CCGCAGCGACTACGACCGCG_004,134
CCGCAGCGACTACGACCGCG_005,108
CCGCAGCGACTACGACCGCG_006,30
AAGAAATCGTTCCTGTTAGG_001,48
AAGAAATCGTTCCTGTTAGG_002,105
AAGAAATCGTTCCTGTTAGG_003,15
AAGAAATCGTTCCTGTTAGG_004,158
AAGAAATCGTTCCTGTTAGG_005,177
AAGAAATCGTTCCTGTTAGG_006,61
AAGAAATCGTTCCTGTTAGG_007,48
GACAAATGGAGCCATCACAG_001,177
GACAAATGGAGCCATCACAG_002,123
GACAAATGGAGCCATCACAG_003,40
GACAAATGGAGCCATCACAG_004,49
GACAAATGGAGCCATCACAG_005,144
GACAAATGGAGCCATCACAG_006,69
GTGAAATTTAGAAGACGACG_001,154
GTGAAATTTAGAAGACGACG_002,1
GTGAAATTTAGAAGACGACG_003,17
TGTGAGCAACCCGCAAACGG_001,103
TGTGAGCAACCCGCAAACGG_002,21
TGTGAGCAACCCGCAAACGG_003,159
TGTGAGCAACCCGCAAACGG_004,2
TGTGAGCAACCCGCAAACGG_005,154
TGTGAGCAACCCGCAAACGG_006,146
TGTGAGCAACCCGCAAACGG_007,162
TGTGAGCAACCCGCAAACGG_008,8
TGTGAGCAACCCGCAAACGG_009,58
TGTGAGCAACCCGCAAACGG_010,29
TGTGAGCAACCCGCAAACGG_011,17
TGTGAGCAACCCGCAAACGG_012,173
TGTGAGCAACCCGCAAACGG_013,173
TGTGAGCAACCCGCAAACGG_014,161
TGTGAGCAACCCGCAAACGG_015,58
TGTGAGCAACCCGCAAACGG_016,152
TGTGAGCAACCCGCAAACGG_017,152
AGCGTTCTCGAACCCTTGAG_001,81
AGCGTTCTCGAACCCTTGAG_002,182
AGCGTTCTCGAACCCTTGAG_003,117
AGCGTTCTCGAACCCTTGAG_004,88
AGCGTTCTCGAACCCTTGAG_005,69
AGCGTTCTCGAACCCTTGAG_006,9
CCAGCACCCCCATAAACGCT_001,115
CCAGCACCCCCATAAACGCT_002,150
CCAGCACCCCCATAAACGCT_003,158
CCAGCACCCCCATAAACGCT_004,199
CCAGCACCCCCATAAACGCT_005,108
CCAGCACCCCCATAAACGCT_006,52
CCAGCACCCCCATAAACGCT_007,144
CCAGCACCCCCATAAACGCT_008,28
CCAGCACCCCCATAAACGCT_009,40
CCAGCACCCCCATAAACGCT_010,178
CCAGCACCCCCATAAACGCT_011,130
CCAGCACCCCCATAAACGCT_012,43
TTTGCTTCGAATATGTCATG_001,61
TTTGCTTCGAATATGTCATG_002,12
TTTGCTTCGAATATGTCATG_003,16
TTTGCTTCGAATATGTCATG_004,185
TGAGGACAGAGATCCTTGGG_001,140
TGAGGACAGAGATCCTTGGG_002,12
TGAGGACAGAGATCCTTGGG_003,107
TGAGGACAGAGATCCTTGGG_004,71
ACACACGTAGAGGATCTGCG_001,15
ACACACGTAGAGGATCTGCG_002,138
ACACACGTAGAGGATCTGCG_003,4
ACACACGTAGAGGATCTGCG_004,76
ACACACGTAGAGGATCTGCG_005,127
ACACACGTAGAGGATCTGCG_006,49
ACACACGTAGAGGATCTGCG_007,49
ACACACGTAGAGGATCTGCG_008,28
ACACACGTAGAGGATCTGCG_009,107
ACACACGTAGAGGATCTGCG_010,52
CAGGCGCAGGTGGCGAGCAG_001,84
CAGGCGCAGGTGGCGAGCAG_002,147
CAGGCGCAGGTGGCGAGCAG_003,120
CAGGCGCAGGTGGCGAGCAG_004,0
CAGGCGCAGGTGGCGAGCAG_005,9
CAGGCGCAGGTGGCGAGCAG_006,192
CAGGCGCAGGTGGCGAGCAG_007,107
CAGGCGCAGGTGGCGAGCAG_008,7
CAGGCGCAGGTGGCGAGCAG_009,170
CAGGCGCAGGTGGCGAGCAG_010,145
CAGGCGCAGGTGGCGAGCAG_011,158
CAGGCGCAGGTGGCGAGCAG_012,148
CAGGCGCAGGTGGCGAGCAG_013,25
CAGGCGCAGGTGGCGAGCAG_014,55
CAGGCGCAGGTGGCGAGCAG_015,57
CAGGCGCAGGTGGCGAGCAG_016,49
CAGGCGCAGGTGGCGAGCAG_017,41
CAGGCGCAGGTGGCGAGCAG_018,45
CAGGCGCAGGTGGCGAGCAG_019,129
CAGGCGCAGGTGGCGAGCAG_020,134
CAGGCGCAGGTGGCGAGCAG_021,21
CAGGCGCAGGTGGCGAGCAG_022,43
CAGGCGCAGGTGGCGAGCAG_023,43
CAGGCGCAGGTGGCGAGCAG_024,119
GGCAGCTGAGAGGTTCACAC_001,147
GGCAGCTGAGAGGTTCACAC_002,137
GGCAGCTGAGAGGTTCACAC_003,102
GGCAGCTGAGAGGTTCACAC_004,2
GGCAGCTGAGAGGTTCACAC_005,45
GGCAGCTGAGAGGTTCACAC_006,134
GGCAGCTGAGAGGTTCACAC_007,62
GGCAGCTGAGAGGTTCACAC_008,40
GGCAGCTGAGAGGTTCACAC_009,38
GGCAGCTGAGAGGTTCACAC_010,171
GGCAGCTGAGAGGTTCACAC_011,84
GGCAGCTGAGAGGTTCACAC_012,162
GGCAGCTGAGAGGTTCACAC_013,72
AGTGTGACCTGGATACACAG_001,194
AGTGTGACCTGGATACACAG_002,19
AGTGTGACCTGGATACACAG_003,85
AGTGTGACCTGGATACACAG_004,7
TAAAGGACGTAACATCGCTG_001,54
TAAAGGACGTAACATCGCTG_002,19
TAAAGGACGTAACATCGCTG_003,36
TAAAGGACGTAACATCGCTG_004,147
GCGGCACAGAGCACGCCTAC_001,102
GCGGCACAGAGCACGCCTAC_002,8
GCGGCACAGAGCACGCCTAC_003,105
GCGGCACAGAGCACGCCTAC_004,125
GCGGCACAGAGCACGCCTAC_005,141
GCGGCACAGAGCACGCCTAC_006,38
GCGGCACAGAGCACGCCTAC_007,197
GCGGCACAGAGCACGCCTAC_008,13
GCGCGGCCTCGTAGTGCCGG_001,82
GCGCGGCCTCGTAGTGCCGG_002,143
GCGCGGCCTCGTAGTGCCGG_003,191
GCGCGGCCTCGTAGTGCCGG_004,29
GCGCGGCCTCGTAGTGCCGG_005,150
GCGCGGCCTCGTAGTGCCGG_006,198
GCGCGGCCTCGTAGTGCCGG_007,90
GCGCGGCCTCGTAGTGCCGG_008,34
TGGTCAAGTTCAAGTCACAC_001,46
TGGTCAAGTTCAAGTCACAC_002,52
TGGTCAAGTTCAAGTCACAC_003,54
TGGTCAAGTTCAAGTCACAC_004,17
TGGTCAAGTTCAAGTCACAC_005,80
TGGTCAAGTTCAAGTCACAC_006,170
TGGTCAAGTTCAAGTCACAC_007,74
TGGTCAAGTTCAAGTCACAC_008,81
TGGTCAAGTTCAAGTCACAC_009,69
CCACACGATTTACCTTACCG_001,197
CCACACGATTTACCTTACCG_002,170
CCACACGATTTACCTTACCG_003,186
CCACACGATTTACCTTACCG_004,47
CCACACGATTTACCTTACCG_005,108
CCACACGATTTACCTTACCG_006,185
GGAATCAGTCTAGGTAGCAA_001,4
GGAATCAGTCTAGGTAGCAA_002,49
GACTGCTAAGGAGCCCTGTA_001,82
GACTGCTAAGGAGCCCTGTA_002,19
GACTGCTAAGGAGCCCTGTA_003,123
GACTGCTAAGGAGCCCTGTA_004,145
GACTGCTAAGGAGCCCTGTA_005,16
GACTGCTAAGGAGCCCTGTA_006,159
GACTGCTAAGGAGCCCTGTA_007,124
GACTGCTAAGGAGCCCTGTA_008,113
GACTGCTAAGGAGCCCTGTA_009,191
GACTGCTAAGGAGCCCTGTA_010,68
GACTGCTAAGGAGCCCTGTA_011,33
GACTGCTAAGGAGCCCTGTA_012,75
GACTGCTAAGGAGCCCTGTA_013,67
GACTGCTAAGGAGCCCTGTA_014,158
GACTGCTAAGGAGCCCTGTA_015,46
GACTGCTAAGGAGCCCTGTA_016,133
GACTGCTAAGGAGCCCTGTA_017,163
GACTGCTAAGGAGCCCTGTA_018,2
GACTGCTAAGGAGCCCTGTA_019,27
GACTGCTAAGGAGCCCTGTA_020,105
GACTGCTAAGGAGCCCTGTA_021,127
GACTGCTAAGGAGCCCTGTA_022,50
GAAAGATAATAAATGCGCTG_001,129
GAAAGATAATAAATGCGCTG_002,18
GAAAGATAATAAATGCGCTG_003,103
GAAAGATAATAAATGCGCTG_004,108
GGAGCAATCTAGGTATACAA_001,101
GGAGCAATCTAGGTATACAA_002,116
GGAGCAATCTAGGTATACAA_003,139
GGAGCAATCTAGGTATACAA_004,166
GGAGCAATCTAGGTATACAA_005,142
GGAGCAATCTAGGTATACAA_006,160
TGGACCATGAGTACCAACCA_001,160
TGGACCATGAGTACCAACCA_002,62
TGGACCATGAGTACCAACCA_003,19
TGGACCATGAGTACCAACCA_004,95
TGGACCATGAGTACCAACCA_005,59
TGGACCATGAGTACCAACCA_006,134
TGGACCATGAGTACCAACCA_007,11
TGGACCATGAGTACCAACCA_008,11
TGGACCATGAGTACCAACCA_009,72
TGGACCATGAGTACCAACCA_010,72
TGGACCATGAGTACCAACCA_011,33
TGGACCATGAGTACCAACCA_012,184
TGGACCATGAGTACCAACCA_013,191
TGGACCATGAGTACCAACCA_014,8
TGGACCATGAGTACCAACCA_015,59
TGGACCATGAGTACCAACCA_016,94
TGGACCATGAGTACCAACCA_017,40
TGGACCATGAGTACCAACCA_018,38
TGGACCATGAGTACCAACCA_019,105
TGGACCATGAGTACCAACCA_020,107
TGGACCATGAGTACCAACCA_021,173
TGGACCATGAGTACCAACCA_022,17
TGGACCATGAGTACCAACCA_023,179
TGGACCATGAGTACCAACCA_024,178
TGGACCATGAGTACCAACCA_025,6
TGGACCATGAGTACCAACCA_026,188
GTCCGTGTACAGCTGAGTGG_001,153
GTCCGTGTACAGCTGAGTGG_002,34
GCTTACCATGAGCCATACGA_001,49
GCTTACCATGAGCCATACGA_002,86
GCTTACCATGAGCCATACGA_003,88
GCTTACCATGAGCCATACGA_004,52
GCTTACCATGAGCCATACGA_005,24
GCTTACCATGAGCCATACGA_006,198
GCTTACCATGAGCCATACGA_007,196
GCTTACCATGAGCCATACGA_008,185
GCTTACCATGAGCCATACGA_009,115
GCTTACCATGAGCCATACGA_010,117
GCTTACCATGAGCCATACGA_011,144
GCTTACCATGAGCCATACGA_012,40
GCTTACCATGAGCCATACGA_013,174
TTGTATACAGCCTTTGAGTG_001,185
TTGTATACAGCCTTTGAGTG_002,129
TTGTATACAGCCTTTGAGTG_003,172
TTGTATACAGCCTTTGAGTG_004,67
TTGTATACAGCCTTTGAGTG_005,15
TTGTATACAGCCTTTGAGTG_006,88
TTGTATACAGCCTTTGAGTG_007,151
TTGTATACAGCCTTTGAGTG_008,92
TTGTATACAGCCTTTGAGTG_009,15
TTGTATACAGCCTTTGAGTG_010,179
TTGTATACAGCCTTTGAGTG_011,124
TTGTATACAGCCTTTGAGTG_012,83
CTCCACGTCAACCTGGCCAG_001,112
CTCCACGTCAACCTGGCCAG_002,146
CTCCACGTCAACCTGGCCAG_003,159
CTCCACGTCAACCTGGCCAG_004,175
CTCCACGTCAACCTGGCCAG_005,120
CTCCACGTCAACCTGGCCAG_006,19
CTCCACGTCAACCTGGCCAG_007,2
CTCCACGTCAACCTGGCCAG_008,175
CTCCACGTCAACCTGGCCAG_009,19
ACTGCGGACGTTGACGGAGT_001,197
ACTGCGGACGTTGACGGAGT_002,169
ACTGCGGACGTTGACGGAGT_003,56
ACTGCGGACGTTGACGGAGT_004,182
ACTGCGGACGTTGACGGAGT_005,64
ACTGCGGACGTTGACGGAGT_006,144
ACTGCGGACGTTGACGGAGT_007,31
ACTGCGGACGTTGACGGAGT_008,87
ACTGCGGACGTTGACGGAGT_009,190
ACTGCGGACGTTGACGGAGT_010,108
ACTGCGGACGTTGACGGAGT_011,106
ACTGCGGACGTTGACGGAGT_012,42
ACTGCGGACGTTGACGGAGT_013,183
ACTGCGGACGTTGACGGAGT_014,81
ACTGCGGACGTTGACGGAGT_015,49
ACTGCGGACGTTGACGGAGT_016,84
ACTGCGGACGTTGACGGAGT_017,137
ACTGCGGACGTTGACGGAGT_018,35
ACTGCGGACGTTGACGGAGT_019,50
TTGCCAAGTATGCTCCCGTG_001,12
GTGGCCAATGAGAAATGGCG_001,63
GTGGCCAATGAGAAATGGCG_002,63
GTGGCCAATGAGAAATGGCG_003,49
GTGGCCAATGAGAAATGGCG_004,2
GTGGCCAATGAGAAATGGCG_005,189
GTGGCCAATGAGAAATGGCG_006,50
GTGGCCAATGAGAAATGGCG_007,94
GTGGCCAATGAGAAATGGCG_008,166
GTGGCCAATGAGAAATGGCG_009,112
TGGGTTGGGTATTCCACCTG_001,140
GTCGTCTGGGATCCACTACG_001,30
GTCGTCTGGGATCCACTACG_002,106
GTCGTCTGGGATCCACTACG_003,191
GTCGTCTGGGATCCACTACG_004,152
GTCGTCTGGGATCCACTACG_005,152
GTCGTCTGGGATCCACTACG_006,178
GTCGTCTGGGATCCACTACG_007,50
GTCGTCTGGGATCCACTACG_008,196
GTCGTCTGGGATCCACTACG_009,10
TCATGATGGTCATGTAATGG_001,127
TCATGATGGTCATGTAATGG_002,63
TCATGATGGTCATGTAATGG_003,4
TCATGATGGTCATGTAATGG_004,116
TCATGATGGTCATGTAATGG_005,105
GACCTCTGTGAGAGGAACCT_001,19
GACCTCTGTGAGAGGAACCT_002,49
GACCTCTGTGAGAGGAACCT_003,118
GACCTCTGTGAGAGGAACCT_004,32
GACCTCTGTGAGAGGAACCT_005,81
GACCTCTGTGAGAGGAACCT_006,179
GACCTCTGTGAGAGGAACCT_007,160
GACCTCTGTGAGAGGAACCT_008,116
GACCTCTGTGAGAGGAACCT_009,192
GACCTCTGTGAGAGGAACCT_010,70
GACCTCTGTGAGAGGAACCT_011,169
GACCTCTGTGAGAGGAACCT_012,185
GACCTCTGTGAGAGGAACCT_013,65
GACCTCTGTGAGAGGAACCT_014,74
GACCTCTGTGAGAGGAACCT_015,159
GACCTCTGTGAGAGGAACCT_016,91
GACCTCTGTGAGAGGAACCT_017,43
GACCTCTGTGAGAGGAACCT_018,152
GACCTCTGTGAGAGGAACCT_019,70
GTAGACGTCGTGAGCTTCAC_001,169
GTAGACGTCGTGAGCTTCAC_002,4
GTAGACGTCGTGAGCTTCAC_003,170
GTAGACGTCGTGAGCTTCAC_004,56
GTAGACGTCGTGAGCTTCAC_005,28
GTAGACGTCGTGAGCTTCAC_006,55
GTAGACGTCGTGAGCTTCAC_007,122
GTAGACGTCGTGAGCTTCAC_008,161
GTAGACGTCGTGAGCTTCAC_009,12
GTAGACGTCGTGAGCTTCAC_010,9
GTAGACGTCGTGAGCTTCAC_011,19
GTAGACGTCGTGAGCTTCAC_012,84
GTAGACGTCGTGAGCTTCAC_013,166
GTAGACGTCGTGAGCTTCAC_014,93
GTAGACGTCGTGAGCTTCAC_015,172
GTAGACGTCGTGAGCTTCAC_016,88
GTAGACGTCGTGAGCTTCAC_017,83
GTAGACGTCGTGAGCTTCAC_018,69
CTGCTACCAATGCCAAAGCC_001,1
AATCCACAAAAATCTCACGA_001,160
AATCCACAAAAATCTCACGA_002,74
AATCCACAAAAATCTCACGA_003,182
AATCCACAAAAATCTCACGA_004,40
AATCCACAAAAATCTCACGA_005,174
AATCCACAAAAATCTCACGA_006,145
AATCCACAAAAATCTCACGA_007,168
AATCCACAAAAATCTCACGA_008,184
AATCCACAAAAATCTCACGA_009,79
AATCCACAAAAATCTCACGA_010,131
AGTGAAGAGACTGTATGGAT_001,29
AGTGAAGAGACTGTATGGAT_002,66
AGTGAAGAGACTGTATGGAT_003,124
GTAGGTACTCTCATGTGAGG_001,8
GTAGGTACTCTCATGTGAGG_002,68
GTAGGTACTCTCATGTGAGG_003,120
GTAGGTACTCTCATGTGAGG_004,29
GGCCTCACGCAGCAACCAGG_001,182
GGCCTCACGCAGCAACCAGG_002,119
GGCCTCACGCAGCAACCAGG_003,83
GGCCTCACGCAGCAACCAGG_004,115
GGCCTCACGCAGCAACCAGG_005,27
GGCCTCACGCAGCAACCAGG_006,6
GGCCTCACGCAGCAACCAGG_007,97
GGCCTCACGCAGCAACCAGG_008,175
GGCCTCACGCAGCAACCAGG_009,139
GGCCTCACGCAGCAACCAGG_010,162
GGCCTCACGCAGCAACCAGG_011,95
GGCCTCACGCAGCAACCAGG_012,160
GGCCTCACGCAGCAACCAGG_013,2
GGCCTCACGCAGCAACCAGG_014,141
GGCCTCACGCAGCAACCAGG_015,127
GGCCTCACGCAGCAACCAGG_016,107
GGCCTCACGCAGCAACCAGG_017,72
GGCCTCACGCAGCAACCAGG_018,64
GGCCTCACGCAGCAACCAGG_019,144
GGCCTCACGCAGCAACCAGG_020,172
GGCCTCACGCAGCAACCAGG_021,82
GGCCTCACGCAGCAACCAGG_022,110
GGCCTCACGCAGCAACCAGG_023,96
GGCCTCACGCAGCAACCAGG_024,38
GGCCTCACGCAGCAACCAGG_025,107
GGCCTCACGCAGCAACCAGG_026,179
GGCCTCACGCAGCAACCAGG_027,65
GGCCTCACGCAGCAACCAGG_028,29
GGCCTCACGCAGCAACCAGG_029,28
GGCCTCACGCAGCAACCAGG_030,74
GGCCTCACGCAGCAACCAGG_031,187
TGAGGAGGATCCGTTCTAGG_001,82
TGAGGAGGATCCGTTCTAGG_002,31
TGAGGAGGATCCGTTCTAGG_003,162
TGAGGAGGATCCGTTCTAGG_004,31
TGAGGAGGATCCGTTCTAGG_005,76
GGCGCCGGTTGATCTCGGCG_001,2
GGCGCCGGTTGATCTCGGCG_002,54
GGCGCCGGTTGATCTCGGCG_003,34
GGCGCCGGTTGATCTCGGCG_004,169
GGCGCCGGTTGATCTCGGCG_005,164
GGCGCCGGTTGATCTCGGCG_006,105
GGCGCCGGTTGATCTCGGCG_007,64
GAAAATCAATGAGAAGCCAC_001,48
GAAAATCAATGAGAAGCCAC_002,158
GAAAATCAATGAGAAGCCAC_003,162
GAAAATCAATGAGAAGCCAC_004,29
GAAAATCAATGAGAAGCCAC_005,42
GAAAATCAATGAGAAGCCAC_006,40
TGGTAGGAATCTAACCCTAG_001,146
TGGTAGGAATCTAACCCTAG_002,70
TGGTAGGAATCTAACCCTAG_003,68
TGGTAGGAATCTAACCCTAG_004,146
TGGTAGGAATCTAACCCTAG_005,19
GAGGTGGCTGCAGAAATGCG_001,172
GAGGTGGCTGCAGAAATGCG_002,88
GAGGTGGCTGCAGAAATGCG_003,101
GAGGTGGCTGCAGAAATGCG_004,132
GAGGTGGCTGCAGAAATGCG_005,2
GAGGTGGCTGCAGAAATGCG_006,43
GAGGTGGCTGCAGAAATGCG_007,174
GAGGTGGCTGCAGAAATGCG_008,177
GAGGTGGCTGCAGAAATGCG_009,28
GAGGTGGCTGCAGAAATGCG_010,121
GAGGTGGCTGCAGAAATGCG_011,127
CTCCAGGACCCCAAGCACAT_001,3
CTCCAGGACCCCAAGCACAT_002,110
CTCCAGGACCCCAAGCACAT_003,77
CTCCAGGACCCCAAGCACAT_004,19
CTCCAGGACCCCAAGCACAT_005,172
CTCCAGGACCCCAAGCACAT_006,158
CTCCAGGACCCCAAGCACAT_007,9
CTCCAGGACCCCAAGCACAT_008,165
CTCCAGGACCCCAAGCACAT_009,91
CTCCAGGACCCCAAGCACAT_010,40
CTCCAGGACCCCAAGCACAT_011,105
CTCCAGGACCCCAAGCACAT_012,106
CTCCAGGACCCCAAGCACAT_013,175
AGGCAGAGAGATGAAACTCG_001,169
AGGCAGAGAGATGAAACTCG_002,111
AGGCAGAGAGATGAAACTCG_003,70
AGGCAGAGAGATGAAACTCG_004,80
AGGCAGAGAGATGAAACTCG_005,147
AGGCAGAGAGATGAAACTCG_006,39
AGGCAGAGAGATGAAACTCG_007,3
GTCTGAGCTCCTGTATATGG_001,141
GTCTGAGCTCCTGTATATGG_002,127
GTCTGAGCTCCTGTATATGG_003,60
GTCTGAGCTCCTGTATATGG_004,98
GTCTGAGCTCCTGTATATGG_005,83
GTCTGAGCTCCTGTATATGG_006,174
GTCTGAGCTCCTGTATATGG_007,48
GTCTGAGCTCCTGTATATGG_008,31
AGCTCTACTCTACCTCACCG_001,94
AGCTCTACTCTACCTCACCG_002,181
AGCTCTACTCTACCTCACCG_003,35
AGCTCTACTCTACCTCACCG_004,105
AGCTCTACTCTACCTCACCG_005,8
AGCTCTACTCTACCTCACCG_006,142
AGCTCTACTCTACCTCACCG_007,63
AGCTCTACTCTACCTCACCG_008,40
ATGAGGCGATACTTGGAACG_001,194
ATGAGGCGATACTTGGAACG_002,163
ATGAGGCGATACTTGGAACG_003,50
CCCAGGGCAACTGAAAGTCA_001,196
CCCAGGGCAACTGAAAGTCA_002,175
CCCAGGGCAACTGAAAGTCA_003,61
CCCAGGGCAACTGAAAGTCA_004,139
CCCAGGGCAACTGAAAGTCA_005,24
CCCAGGGCAACTGAAAGTCA_006,107
CCCAGGGCAACTGAAAGTCA_007,58
CCCAGGGCAACTGAAAGTCA_008,175
CCCAGGGCAACTGAAAGTCA_009,105
CCCAGGGCAACTGAAAGTCA_010,29
CCCAGGGCAACTGAAAGTCA_011,100
CCCAGGGCAACTGAAAGTCA_012,0
CCCAGGGCAACTGAAAGTCA_013,127
CACAGGGCCAGAACTAACTG_001,131
CACAGGGCCAGAACTAACTG_002,89
CACAGGGCCAGAACTAACTG_003,77
CACAGGGCCAGAACTAACTG_004,57
CACAGGGCCAGAACTAACTG_005,44
CACAGGGCCAGAACTAACTG_006,44
CACAGGGCCAGAACTAACTG_007,163
CACAGGGCCAGAACTAACTG_008,64
CACAGGGCCAGAACTAACTG_009,18
CACAGGGCCAGAACTAACTG_010,169
CACAGGGCCAGAACTAACTG_011,184
CACAGGGCCAGAACTAACTG_012,115
CACAGGGCCAGAACTAACTG_013,34
CACAGGGCCAGAACTAACTG_014,118
CACAGGGCCAGAACTAACTG_015,160
CACAGGGCCAGAACTAACTG_016,119
CACAGGGCCAGAACTAACTG_017,187
GGATGCATGCGGCTAGACAT_001,75
GGATGCATGCGGCTAGACAT_002,162
GGATGCATGCGGCTAGACAT_003,154
GGATGCATGCGGCTAGACAT_004,84
GGATGCATGCGGCTAGACAT_005,48
GGATGCATGCGGCTAGACAT_006,62
GGATGCATGCGGCTAGACAT_007,105
GGATGCATGCGGCTAGACAT_008,43
GGATGCATGCGGCTAGACAT_009,76
GGATGCATGCGGCTAGACAT_010,197
GGATGCATGCGGCTAGACAT_011,187
GGATGCATGCGGCTAGACAT_012,177
GGATGCATGCGGCTAGACAT_013,180
AGGTTCCTCTGGCATATCCG_001,111
AGGTTCCTCTGGCATATCCG_002,194
AGGTTCCTCTGGCATATCCG_003,123
AGGTTCCTCTGGCATATCCG_004,44
AGGTTCCTCTGGCATATCCG_005,96
AGGTTCCTCTGGCATATCCG_006,145
AGGTTCCTCTGGCATATCCG_007,56
AATTATAGCAACAGACAGTG_001,51
AATTATAGCAACAGACAGTG_002,1
AATTATAGCAACAGACAGTG_003,9
AATTATAGCAACAGACAGTG_004,13
AATTATAGCAACAGACAGTG_005,36
AATTATAGCAACAGACAGTG_006,41
AATTATAGCAACAGACAGTG_007,140
AATTATAGCAACAGACAGTG_008,148
AATTATAGCAACAGACAGTG_009,3
GCAAACGGTGACCCTCATGT_001,112
GCAAACGGTGACCCTCATGT_002,62
GCAAACGGTGACCCTCATGT_003,164
GCAAACGGTGACCCTCATGT_004,164
GCAAACGGTGACCCTCATGT_005,94
GCAAACGGTGACCCTCATGT_006,80
GCAAACGGTGACCCTCATGT_007,59
GCAAACGGTGACCCTCATGT_008,77
GCAAACGGTGACCCTCATGT_009,77
GCAAACGGTGACCCTCATGT_010,14
GCAAACGGTGACCCTCATGT_011,142
GCAAACGGTGACCCTCATGT_012,138
GCAAACGGTGACCCTCATGT_013,152
GGAGAAGATACACCGGCAGT_001,94
GGAGAAGATACACCGGCAGT_002,19
GGAGAAGATACACCGGCAGT_003,184
GGAGAAGATACACCGGCAGT_004,87
GGAGAAGATACACCGGCAGT_005,31
GGAGAAGATACACCGGCAGT_006,188
GGAGAAGATACACCGGCAGT_007,105
ACAGTGCAGTTCACTCAGCT_001,17
ACAGTGCAGTTCACTCAGCT_002,0
ACAGTGCAGTTCACTCAGCT_003,56
ACAGTGCAGTTCACTCAGCT_004,1
ACAGTGCAGTTCACTCAGCT_005,197
ACAGTGCAGTTCACTCAGCT_006,107
ACAGTGCAGTTCACTCAGCT_007,58
ACAGTGCAGTTCACTCAGCT_008,81
ACAGTGCAGTTCACTCAGCT_009,81
ACAGTGCAGTTCACTCAGCT_010,62
ACAGTGCAGTTCACTCAGCT_011,50
ACAGTGCAGTTCACTCAGCT_012,119
ACAGTGCAGTTCACTCAGCT_013,130
ACAGTGCAGTTCACTCAGCT_014,6
ACAGTGCAGTTCACTCAGCT_015,138
ACATCCAGCTCCACATAAGT_001,141
ACATCCAGCTCCACATAAGT_002,69
ACATCCAGCTCCACATAAGT_003,43
ACATCCAGCTCCACATAAGT_004,186
ACATCCAGCTCCACATAAGT_005,108
ACATCCAGCTCCACATAAGT_006,193
ACATCCAGCTCCACATAAGT_007,51
ACATCCAGCTCCACATAAGT_008,50
ACATCCAGCTCCACATAAGT_009,105
ACATCCAGCTCCACATAAGT_010,102
ACATCCAGCTCCACATAAGT_011,88
ACATCCAGCTCCACATAAGT_012,83
ACATCCAGCTCCACATAAGT_013,63
ACATCCAGCTCCACATAAGT_014,58
ACATCCAGCTCCACATAAGT_015,2
CTGAGGCGCGAGCGTCCGTG_001,103
CTGAGGCGCGAGCGTCCGTG_002,111
CTGAGGCGCGAGCGTCCGTG_003,37
CTGAGGCGCGAGCGTCCGTG_004,150
GCCGCTCAGATAGTTCTCGG_001,133
GCTGTGCACAAGATAGAAGA_001,40
GCTGTGCACAAGATAGAAGA_002,168
GCTGTGCACAAGATAGAAGA_003,84
GCTGTGCACAAGATAGAAGA_004,12
GCTGTGCACAAGATAGAAGA_005,111
GCTGTGCACAAGATAGAAGA_006,161
GCTGTGCACAAGATAGAAGA_007,164
ATGATAGTGGACGAACCCAA_001,54
ATGATAGTGGACGAACCCAA_002,34
ATGATAGTGGACGAACCCAA_003,187
ATGATAGTGGACGAACCCAA_004,106
ATGATAGTGGACGAACCCAA_005,122
ATGATAGTGGACGAACCCAA_006,14
ATGATAGTGGACGAACCCAA_007,63
ATGATAGTGGACGAACCCAA_008,105
ATGATAGTGGACGAACCCAA_009,75
ATGATAGTGGACGAACCCAA_010,58
ATGATAGTGGACGAACCCAA_011,115
ATGATAGTGGACGAACCCAA_012,177
ATGATAGTGGACGAACCCAA_013,199
ATGATAGTGGACGAACCCAA_014,160
ATGATAGTGGACGAACCCAA_015,168
ATGATAGTGGACGAACCCAA_016,155
ATGATAGTGGACGAACCCAA_017,102
ATGATAGTGGACGAACCCAA_018,34
ATGATAGTGGACGAACCCAA_019,175
ATGATAGTGGACGAACCCAA_020,80
ATGATAGTGGACGAACCCAA_021,124
ATGATAGTGGACGAACCCAA_022,115
ATGATAGTGGACGAACCCAA_023,40
ATGATAGTGGACGAACCCAA_024,132
ATGATAGTGGACGAACCCAA_025,54
ATGATAGTGGACGAACCCAA_026,91
ATGATAGTGGACGAACCCAA_027,165
TACCACGCTGCTACTAAAGG_001,133
TACCACGCTGCTACTAAAGG_002,31
TACCACGCTGCTACTAAAGG_003,194
TACCACGCTGCTACTAAAGG_004,110
TACCACGCTGCTACTAAAGG_005,88
TACCACGCTGCTACTAAAGG_006,121
TACCACGCTGCTACTAAAGG_007,92
TACCACGCTGCTACTAAAGG_008,42
TACCACGCTGCTACTAAAGG_009,146
TACCACGCTGCTACTAAAGG_010,88
TACCACGCTGCTACTAAAGG_011,137
GAAGAGATAGCTGATTCCAA_001,29
GAAGAGATAGCTGATTCCAA_002,6
GAAGAGATAGCTGATTCCAA_003,134
ACGGGGACTCCGGTAGCTGT_001,163
ACGGGGACTCCGGTAGCTGT_002,195
ACGGGGACTCCGGTAGCTGT_003,125
ACGGGGACTCCGGTAGCTGT_004,113
ACGGGGACTCCGGTAGCTGT_005,54
ACGGGGACTCCGGTAGCTGT_006,171
ACGGGGACTCCGGTAGCTGT_007,129
ACGGGGACTCCGGTAGCTGT_008,129
ACGGGGACTCCGGTAGCTGT_009,190
ACGGGGACTCCGGTAGCTGT_010,4
ACGGGGACTCCGGTAGCTGT_011,126
ACGGGGACTCCGGTAGCTGT_012,40
ACGGGGACTCCGGTAGCTGT_013,96
ACGGGGACTCCGGTAGCTGT_014,136
ACGGGGACTCCGGTAGCTGT_015,42
CTCGTGGTTGGTGCTCCGCG_001,108
CTCGTGGTTGGTGCTCCGCG_002,162
CTCGTGGTTGGTGCTCCGCG_003,146
CTCGTGGTTGGTGCTCCGCG_004,56
CTCGTGGTTGGTGCTCCGCG_005,125
CTCGTGGTTGGTGCTCCGCG_006,134
CTCGTGGTTGGTGCTCCGCG_007,94
CTCGTGGTTGGTGCTCCGCG_008,46
CTCGTGGTTGGTGCTCCGCG_009,34
CTCGTGGTTGGTGCTCCGCG_010,13
CTCGTGGTTGGTGCTCCGCG_011,106
CTCGTGGTTGGTGCTCCGCG_012,76
CTCGTGGTTGGTGCTCCGCG_013,96
CTCGTGGTTGGTGCTCCGCG_014,181
CTCGTGGTTGGTGCTCCGCG_015,106
CTCGTGGTTGGTGCTCCGCG_016,144
CTCGTGGTTGGTGCTCCGCG_017,170
CTCGTGGTTGGTGCTCCGCG_018,119
CGTCAAGTATTAAGCTGCTT_001,148
CGTCAAGTATTAAGCTGCTT_002,82
CGTCAAGTATTAAGCTGCTT_003,174
CGTCAAGTATTAAGCTGCTT_004,60
CGTCAAGTATTAAGCTGCTT_005,123
CGTCAAGTATTAAGCTGCTT_006,117
GATCAATGACATGAAGGCAA_001,81
GATCAATGACATGAAGGCAA_002,1
GATCAATGACATGAAGGCAA_003,30
GATCAATGACATGAAGGCAA_004,181
GATCAATGACATGAAGGCAA_005,38
GATCAATGACATGAAGGCAA_006,143
GATCAATGACATGAAGGCAA_007,70
GATCAATGACATGAAGGCAA_008,143
CGGTCCAGAGCACCACTCGT_001,22
CGGTCCAGAGCACCACTCGT_002,42
CGGTCCAGAGCACCACTCGT_003,199
CGGTCCAGAGCACCACTCGT_004,199
CGGTCCAGAGCACCACTCGT_005,62
CGGTCCAGAGCACCACTCGT_006,102
CGGTCCAGAGCACCACTCGT_007,174
CGGTCCAGAGCACCACTCGT_008,105
CGGTCCAGAGCACCACTCGT_009,77
CGGTCCAGAGCACCACTCGT_010,173
CGGTCCAGAGCACCACTCGT_011,173
CCAGTGGCAATTCTCCCTCA_001,78
CCAGTGGCAATTCTCCCTCA_002,41
CCAGTGGCAATTCTCCCTCA_003,41
CCAGTGGCAATTCTCCCTCA_004,138
GTTCCAAAACGTGAGGCGCG_001,172
GTTCCAAAACGTGAGGCGCG_002,18
GTTCCAAAACGTGAGGCGCG_003,77
GTTCCAAAACGTGAGGCGCG_004,172
GTTCCAAAACGTGAGGCGCG_005,112
GTTCCAAAACGTGAGGCGCG_006,88
GTTCCAAAACGTGAGGCGCG_007,127
GTTCCAAAACGTGAGGCGCG_008,127
GTTCCAAAACGTGAGGCGCG_009,172
GTTCCAAAACGTGAGGCGCG_010,35
GTTCCAAAACGTGAGGCGCG_011,55
GTTCCAAAACGTGAGGCGCG_012,90
GTTCCAAAACGTGAGGCGCG_013,199
GTTCCAAAACGTGAGGCGCG_014,38
GTTCCAAAACGTGAGGCGCG_015,96
GTTCCAAAACGTGAGGCGCG_016,113
GTTCCAAAACGTGAGGCGCG_017,108
GTTCCAAAACGTGAGGCGCG_018,97
GTTCCAAAACGTGAGGCGCG_019,103
GTTCCAAAACGTGAGGCGCG_020,161
GTTCCAAAACGTGAGGCGCG_021,4
GTTCCAAAACGTGAGGCGCG_022,194
GTTCCAAAACGTGAGGCGCG_023,188
GTTCCAAAACGTGAGGCGCG_024,6
GTTCCAAAACGTGAGGCGCG_025,80
GTTCCAAAACGTGAGGCGCG_026,27
GGTGCAGACGAGGACAAGGA_001,128
GGTGCAGACGAGGACAAGGA_002,171
GGTGCAGACGAGGACAAGGA_003,133
GGTGCAGACGAGGACAAGGA_004,43
GGTGCAGACGAGGACAAGGA_005,123
GGTGCAGACGAGGACAAGGA_006,22
GGTGCAGACGAGGACAAGGA_007,193
CGGAAGCCAAGCTCCGAGCA_001,181
CGGAAGCCAAGCTCCGAGCA_002,182
CGGAAGCCAAGCTCCGAGCA_003,176
CGGAAGCCAAGCTCCGAGCA_004,70
CGGAAGCCAAGCTCCGAGCA_005,17
CGGAAGCCAAGCTCCGAGCA_006,194
CGGAAGCCAAGCTCCGAGCA_007,163
CGGAAGCCAAGCTCCGAGCA_008,34
CGGAAGCCAAGCTCCGAGCA_009,152
CGGAAGCCAAGCTCCGAGCA_010,149
CGGAAGCCAAGCTCCGAGCA_011,184
CGGAAGCCAAGCTCCGAGCA_012,102
CGGAAGCCAAGCTCCGAGCA_013,1
CGGAAGCCAAGCTCCGAGCA_014,50
CGGAAGCCAAGCTCCGAGCA_015,141
CGGAAGCCAAGCTCCGAGCA_016,45
CCTTGACAGCGATCTCCACA_001,94
CCTTGACAGCGATCTCCACA_002,161
CCTTGACAGCGATCTCCACA_003,86
GGAAGACAGGCGCGCCGCGG_001,29
GGAAGACAGGCGCGCCGCGG_002,96
GGAAGACAGGCGCGCCGCGG_003,44
GGAAGACAGGCGCGCCGCGG_004,85
GGAAGACAGGCGCGCCGCGG_005,162
GGAAGACAGGCGCGCCGCGG_006,98
GAGATGCCCGAAGCTGCCGT_001,21
GAGATGCCCGAAGCTGCCGT_002,28
GAGATGCCCGAAGCTGCCGT_003,148
GAGATGCCCGAAGCTGCCGT_004,127
GAGATGCCCGAAGCTGCCGT_005,62
GAGATGCCCGAAGCTGCCGT_006,132
GAGATGCCCGAAGCTGCCGT_007,162
GAGATGCCCGAAGCTGCCGT_008,113
GAGATGCCCGAAGCTGCCGT_009,71
GAGATGCCCGAAGCTGCCGT_010,194
GAGATGCCCGAAGCTGCCGT_011,31
GAGATGCCCGAAGCTGCCGT_012,91
GAGATGCCCGAAGCTGCCGT_013,87
GAGATGCCCGAAGCTGCCGT_014,107
GAGATGCCCGAAGCTGCCGT_015,3
GAGATGCCCGAAGCTGCCGT_016,90
GAGATGCCCGAAGCTGCCGT_017,126
GAGATGCCCGAAGCTGCCGT_018,148
GAGATGCCCGAAGCTGCCGT_019,157
GAGATGCCCGAAGCTGCCGT_020,60
GAGATGCCCGAAGCTGCCGT_021,183
GAGATGCCCGAAGCTGCCGT_022,151
GAGATGCCCGAAGCTGCCGT_023,155
GAGATGCCCGAAGCTGCCGT_024,61
GAGATGCCCGAAGCTGCCGT_025,10
GAGATGCCCGAAGCTGCCGT_026,188
GAGATGCCCGAAGCTGCCGT_027,63
ATCGTGTCTGAGAAGCTCGT_001,147
ATCGTGTCTGAGAAGCTCGT_002,177
ATCGTGTCTGAGAAGCTCGT_003,142
ATCGTGTCTGAGAAGCTCGT_004,48
ATCGTGTCTGAGAAGCTCGT_005,104
ATCGTGTCTGAGAAGCTCGT_006,137
ATCGTGTCTGAGAAGCTCGT_007,119
ATCGTGTCTGAGAAGCTCGT_008,88
ATCGTGTCTGAGAAGCTCGT_009,75
ATCGTGTCTGAGAAGCTCGT_010,94
ATCGTGTCTGAGAAGCTCGT_011,194
ATCGTGTCTGAGAAGCTCGT_012,78
ATCGTGTCTGAGAAGCTCGT_013,58
ATCGTGTCTGAGAAGCTCGT_014,136
ATCGTGTCTGAGAAGCTCGT_015,148
ATCGTGTCTGAGAAGCTCGT_016,78
ATCGTGTCTGAGAAGCTCGT_017,166
ATCGTGTCTGAGAAGCTCGT_018,175
ATCGTGTCTGAGAAGCTCGT_019,124
GGAGCCGCCCCACTCAAAAG_001,18
GGAGCCGCCCCACTCAAAAG_002,13
GGAGCCGCCCCACTCAAAAG_003,104
GGAGCCGCCCCACTCAAAAG_004,168
GGAGCCGCCCCACTCAAAAG_005,83
GGAGCCGCCCCACTCAAAAG_006,62
GGAGCCGCCCCACTCAAAAG_007,123
GGAGCCGCCCCACTCAAAAG_008,88
GGAGCCGCCCCACTCAAAAG_009,145
GGAGCCGCCCCACTCAAAAG_010,156
GGAGCCGCCCCACTCAAAAG_011,141
GGAGCCGCCCCACTCAAAAG_012,168
GGAGCCGCCCCACTCAAAAG_013,78
GGAGCCGCCCCACTCAAAAG_014,74
GGAGCCGCCCCACTCAAAAG_015,120
GGAGCCGCCCCACTCAAAAG_016,158
GGACGATGGCTACCGCACGG_001,32
GGACGATGGCTACCGCACGG_002,4
GTGGGGCTTTCACAAGGCGA_001,18
GTGGGGCTTTCACAAGGCGA_002,70
GTGGGGCTTTCACAAGGCGA_003,106
GTGGGGCTTTCACAAGGCGA_004,46
ACACAGTCTTCGTCGTCAGG_001,28
ACACAGTCTTCGTCGTCAGG_002,115
ACACAGTCTTCGTCGTCAGG_003,63
ACACAGTCTTCGTCGTCAGG_004,62
ACACAGTCTTCGTCGTCAGG_005,118
ACACAGTCTTCGTCGTCAGG_006,150
ATAGCAATAAGGAGGTAGAC_001,169
ATAGCAATAAGGAGGTAGAC_002,70
ATAGCAATAAGGAGGTAGAC_003,50
ATAGCAATAAGGAGGTAGAC_004,28
ATAGCAATAAGGAGGTAGAC_005,65
ATAGCAATAAGGAGGTAGAC_006,174
ATAGCAATAAGGAGGTAGAC_007,142
ATAGCAATAAGGAGGTAGAC_008,106
ATAGCAATAAGGAGGTAGAC_009,138
ATAGCAATAAGGAGGTAGAC_010,84
ATAGCAATAAGGAGGTAGAC_011,76
ATAGCAATAAGGAGGTAGAC_012,162
CTTGGTGGTGTTCATGACTG_001,24
CTTGGTGGTGTTCATGACTG_002,191
CTTGGTGGTGTTCATGACTG_003,58
CTTGGTGGTGTTCATGACTG_004,93
CTTGGTGGTGTTCATGACTG_005,71
CTTGGTGGTGTTCATGACTG_006,176
CTTGGTGGTGTTCATGACTG_007,162
CTTGGTGGTGTTCATGACTG_008,148
CTTGGTGGTGTTCATGACTG_009,184
CTTGGTGGTGTTCATGACTG_010,184
CTTGGTGGTGTTCATGACTG_011,73
AGACGCCATGAAAGCTGCCA_001,107
GAAACCTCATCTCGCTACAG_001,170
GAAACCTCATCTCGCTACAG_002,164
GAAACCTCATCTCGCTACAG_003,144
GAAACCTCATCTCGCTACAG_004,158
GAAACCTCATCTCGCTACAG_005,12
GAAACCTCATCTCGCTACAG_006,29
GAAACCTCATCTCGCTACAG_007,63
GAAACCTCATCTCGCTACAG_008,14
GAAACCTCATCTCGCTACAG_009,177
GAAACCTCATCTCGCTACAG_010,105
GAAACCTCATCTCGCTACAG_011,52
GAAACCTCATCTCGCTACAG_012,35
GAAACCTCATCTCGCTACAG_013,70
GAAACCTCATCTCGCTACAG_014,166
TCAAGCCATTAAAATACACA_001,15
TCAAGCCATTAAAATACACA_002,169
TCAAGCCATTAAAATACACA_003,174
TCAAGCCATTAAAATACACA_004,61
TCAAGCCATTAAAATACACA_005,70
TCAAGCCATTAAAATACACA_006,186
TCAAGCCATTAAAATACACA_007,105
TCAAGCCATTAAAATACACA_008,49
TCAAGCCATTAAAATACACA_009,34
TCCAGAAAGACACCCAGGAT_001,184
TGGCCTAGCAGTACCCGCAG_001,155
TGGCCTAGCAGTACCCGCAG_002,41
TGTTATCAACAACCACATCA_001,157
TGTTATCAACAACCACATCA_002,120
TGTTATCAACAACCACATCA_003,177
TGTTATCAACAACCACATCA_004,59
CTAACCAGAGCCCGAGCTCA_001,157
CTAACCAGAGCCCGAGCTCA_002,188
CTAACCAGAGCCCGAGCTCA_003,29
CTAACCAGAGCCCGAGCTCA_004,88
CTAACCAGAGCCCGAGCTCA_005,144
CTAACCAGAGCCCGAGCTCA_006,12
CTAACCAGAGCCCGAGCTCA_007,170
CTAACCAGAGCCCGAGCTCA_008,170
CTAACCAGAGCCCGAGCTCA_009,137
CTAACCAGAGCCCGAGCTCA_010,34
CTAACCAGAGCCCGAGCTCA_011,22
CTAACCAGAGCCCGAGCTCA_012,46
CTAACCAGAGCCCGAGCTCA_013,166
CTAACCAGAGCCCGAGCTCA_014,34
GACAAAGGTCACGATGCCAG_001,148
GACAAAGGTCACGATGCCAG_002,144
GACAAAGGTCACGATGCCAG_003,148
GACAAAGGTCACGATGCCAG_004,149
GACAAAGGTCACGATGCCAG_005,19
GACAAAGGTCACGATGCCAG_006,149
GACAAAGGTCACGATGCCAG_007,105
GCCATCATGAAGGAAGTCCA_001,35
GCCATCATGAAGGAAGTCCA_002,9
GCCATCATGAAGGAAGTCCA_003,170
GCCATCATGAAGGAAGTCCA_004,82
CGCTGCTCTGGGTGTCACTG_001,164
CGCTGCTCTGGGTGTCACTG_002,169
CGCTGCTCTGGGTGTCACTG_003,78
CGCTGCTCTGGGTGTCACTG_004,102
CGCTGCTCTGGGTGTCACTG_005,116
CGCTGCTCTGGGTGTCACTG_006,177
CGCTGCTCTGGGTGTCACTG_007,154
CGCTGCTCTGGGTGTCACTG_008,190
CGCTGCTCTGGGTGTCACTG_009,145
CGCTGCTCTGGGTGTCACTG_010,170
CGCTGCTCTGGGTGTCACTG_011,129
CGCTGCTCTGGGTGTCACTG_012,1
CGCTGCTCTGGGTGTCACTG_013,91
CGCTGCTCTGGGTGTCACTG_014,5
AAGTGCTAGTAGTAAAACCG_001,94
AAGTGCTAGTAGTAAAACCG_002,154
AAGTGCTAGTAGTAAAACCG_003,84
AAGTGCTAGTAGTAAAACCG_004,38
AAGTGCTAGTAGTAAAACCG_005,13
AAGTGCTAGTAGTAAAACCG_006,38
AAGTGCTAGTAGTAAAACCG_007,147
CTGATACCTTCAGAAGTCCC_001,30
GAGAAAGACAAGAAGGCCGA_001,72
GAGAAAGACAAGAAGGCCGA_002,178
GGTGTGGACGGGACAGTGAG_001,9
GGTGTGGACGGGACAGTGAG_002,137
AGTGGCTGTTCTTACCACGT_001,121
AGTGGCTGTTCTTACCACGT_002,121
AGTGGCTGTTCTTACCACGT_003,127
AGTGGCTGTTCTTACCACGT_004,170
TTCTTGCGTTTGATGTTGCT_001,29
TTCTTGCGTTTGATGTTGCT_002,131
TTCTTGCGTTTGATGTTGCT_003,50
AGCCAGTGACAGAGATGACA_001,55
AGCCAGTGACAGAGATGACA_002,176
AGCCAGTGACAGAGATGACA_003,182
AGCCAGTGACAGAGATGACA_004,78
AGCCAGTGACAGAGATGACA_005,169
AGCCAGTGACAGAGATGACA_006,144
AGCCAGTGACAGAGATGACA_007,154
AGCCAGTGACAGAGATGACA_008,163
AGCCAGTGACAGAGATGACA_009,78
AGCCAGTGACAGAGATGACA_010,123
AGCCAGTGACAGAGATGACA_011,81
AGCCAGTGACAGAGATGACA_012,8
ACAAAACTACCGTTTGTGCA_001,132
ACAAAACTACCGTTTGTGCA_002,144
ACAAAACTACCGTTTGTGCA_003,188
ACAAAACTACCGTTTGTGCA_004,96
ACAAAACTACCGTTTGTGCA_005,8
ACAAAACTACCGTTTGTGCA_006,116
ACAAAACTACCGTTTGTGCA_007,149
ATTCAGTCTTCTTAACTGAG_001,156
ATTCAGTCTTCTTAACTGAG_002,150
ACTCACGGTTCCCCGATCCT_001,115
ACTCACGGTTCCCCGATCCT_002,115
ACTCACGGTTCCCCGATCCT_003,141
ACTCACGGTTCCCCGATCCT_004,124
ACTCACGGTTCCCCGATCCT_005,71
ACTCACGGTTCCCCGATCCT_006,130
ACTCACGGTTCCCCGATCCT_007,52
ACTCACGGTTCCCCGATCCT_008,139
ACTCACGGTTCCCCGATCCT_009,21
ACTCACGGTTCCCCGATCCT_010,197
ACTCACGGTTCCCCGATCCT_011,119
ACTCACGGTTCCCCGATCCT_012,17
ACTCACGGTTCCCCGATCCT_013,127
ACTCACGGTTCCCCGATCCT_014,11
ACTCACGGTTCCCCGATCCT_015,141
ACTCACGGTTCCCCGATCCT_016,142
ACTCACGGTTCCCCGATCCT_017,35
ACTCACGGTTCCCCGATCCT_018,174
ACTCACGGTTCCCCGATCCT_019,2
ACTCACGGTTCCCCGATCCT_020,146
GGACGCGGCGAGAAAGCACG_001,15
GGACGCGGCGAGAAAGCACG_002,174
GGACGCGGCGAGAAAGCACG_003,76
GGACGCGGCGAGAAAGCACG_004,5
GGACGCGGCGAGAAAGCACG_005,51
GGACGCGGCGAGAAAGCACG_006,179
GGACGCGGCGAGAAAGCACG_007,168
GGACGCGGCGAGAAAGCACG_008,81
GCCATGACCCTCACTCCGGG_001,21
GCCATGACCCTCACTCCGGG_002,60
GCCATGACCCTCACTCCGGG_003,156
GCCATGACCCTCACTCCGGG_004,17
GCCATGACCCTCACTCCGGG_005,31
GCCATGACCCTCACTCCGGG_006,81
GCCATGACCCTCACTCCGGG_007,49
GCCATGACCCTCACTCCGGG_008,192
GCCATGACCCTCACTCCGGG_009,45
GCCATGACCCTCACTCCGGG_010,56
GCCATGACCCTCACTCCGGG_011,142
GCCATGACCCTCACTCCGGG_012,60
CTGCCGTACCAACACCACGA_001,82
CTGCCGTACCAACACCACGA_002,161
CTGCCGTACCAACACCACGA_003,119
CTGCCGTACCAACACCACGA_004,149
CTGCCGTACCAACACCACGA_005,12
CTGCCGTACCAACACCACGA_006,185
CTGCCGTACCAACACCACGA_007,127
CTGCCGTACCAACACCACGA_008,118
CTGCCGTACCAACACCACGA_009,32
CTGCCGTACCAACACCACGA_010,30
CTGCCGTACCAACACCACGA_011,56
CTGCCGTACCAACACCACGA_012,161
CTGCCGTACCAACACCACGA_013,161
CTGCCGTACCAACACCACGA_014,23
CTGCCGTACCAACACCACGA_015,42
CTGCCGTACCAACACCACGA_016,137
CTGCCGTACCAACACCACGA_017,119
CTGCCGTACCAACACCACGA_018,12
CTGCCGTACCAACACCACGA_019,94
CTGCCGTACCAACACCACGA_020,141
CTGCCGTACCAACACCACGA_021,27
CTGCCGTACCAACACCACGA_022,69
CTGCCGTACCAACACCACGA_023,76
CTGCCGTACCAACACCACGA_024,3
CTGCCGTACCAACACCACGA_025,145
CTGCCGTACCAACACCACGA_026,118
GATGAGGAGTACCTCGATGA_001,158
GATGAGGAGTACCTCGATGA_002,174
GATGAGGAGTACCTCGATGA_003,76
GATGAGGAGTACCTCGATGA_004,182
GATGAGGAGTACCTCGATGA_005,154
GATGAGGAGTACCTCGATGA_006,54
GATGAGGAGTACCTCGATGA_007,84
GATGAGGAGTACCTCGATGA_008,198
GATGAGGAGTACCTCGATGA_009,113
GATGAGGAGTACCTCGATGA_010,84
GATGAGGAGTACCTCGATGA_011,54
GATGAGGAGTACCTCGATGA_012,159
GATGAGGAGTACCTCGATGA_013,24
GATGAGGAGTACCTCGATGA_014,88
GATGAGGAGTACCTCGATGA_015,184
GATGAGGAGTACCTCGATGA_016,39
GATGAGGAGTACCTCGATGA_017,33
GTGCGTCCAGAAGTCAGGGT_001,62
GTGCGTCCAGAAGTCAGGGT_002,41
GTGCGTCCAGAAGTCAGGGT_003,187
GTGCGTCCAGAAGTCAGGGT_004,125
GTGCGTCCAGAAGTCAGGGT_005,168
GTGCGTCCAGAAGTCAGGGT_006,125
GTGCGTCCAGAAGTCAGGGT_007,199
GTGCGTCCAGAAGTCAGGGT_008,19
GTGCGTCCAGAAGTCAGGGT_009,61
GTGCGTCCAGAAGTCAGGGT_010,141
GTGCGTCCAGAAGTCAGGGT_011,83
GTGCGTCCAGAAGTCAGGGT_012,98
GTGCGTCCAGAAGTCAGGGT_013,184
GTGCGTCCAGAAGTCAGGGT_014,197
GTGCGTCCAGAAGTCAGGGT_015,145
TCGTCAAAAGAAAACCACCC_001,62
TCGTCAAAAGAAAACCACCC_002,172
TCGTCAAAAGAAAACCACCC_003,148
TCGTCAAAAGAAAACCACCC_004,53
TCGTCAAAAGAAAACCACCC_005,146
TCGTCAAAAGAAAACCACCC_006,141
TCGTCAAAAGAAAACCACCC_007,62
TCTTTCAGACAACTATACTC_001,63
TCTTTCAGACAACTATACTC_002,72
CCCAGCTCTGGGAGCTGCTG_001,160
CCCAGCTCTGGGAGCTGCTG_002,49
CCCAGCTCTGGGAGCTGCTG_003,63
CCCAGCTCTGGGAGCTGCTG_004,1
CCCAGCTCTGGGAGCTGCTG_005,172
CCCAGCTCTGGGAGCTGCTG_006,169
CCCAGCTCTGGGAGCTGCTG_007,24
CCCAGCTCTGGGAGCTGCTG_008,168
CCCAGCTCTGGGAGCTGCTG_009,122
CCCAGCTCTGGGAGCTGCTG_010,137
CCCAGCTCTGGGAGCTGCTG_011,10
CCCAGCTCTGGGAGCTGCTG_012,116
CCCAGCTCTGGGAGCTGCTG_013,141
CCCAGCTCTGGGAGCTGCTG_014,74
GTCACGGTCACATTTCTCGT_001,58
GTCACGGTCACATTTCTCGT_002,13
GTCACGGTCACATTTCTCGT_003,120
GTCACGGTCACATTTCTCGT_004,165
GTCACGGTCACATTTCTCGT_005,84
GACGTCGCACTGTATCACTG_001,85
GACGTCGCACTGTATCACTG_002,116
GACGTCGCACTGTATCACTG_003,102
GACGTCGCACTGTATCACTG_004,94
GACGTCGCACTGTATCACTG_005,102
GACGTCGCACTGTATCACTG_006,140
GACGTCGCACTGTATCACTG_007,114
GACGTCGCACTGTATCACTG_008,114
GACGTCGCACTGTATCACTG_009,38
GACGTCGCACTGTATCACTG_010,68
GACGTCGCACTGTATCACTG_011,11
GACGTCGCACTGTATCACTG_012,124
GACGTCGCACTGTATCACTG_013,170
GTGCTGCTGAGGGTGCGCCG_001,102
GTGCTGCTGAGGGTGCGCCG_002,182
GTGCTGCTGAGGGTGCGCCG_003,54
GTGCTGCTGAGGGTGCGCCG_004,121
GTGCTGCTGAGGGTGCGCCG_005,39
GTGCTGCTGAGGGTGCGCCG_006,4
GTGCTGCTGAGGGTGCGCCG_007,65
GTGCTGCTGAGGGTGCGCCG_008,134
GTGCTGCTGAGGGTGCGCCG_009,185
GTGCTGCTGAGGGTGCGCCG_010,76
GTGCTGCTGAGGGTGCGCCG_011,184
GTGCTGCTGAGGGTGCGCCG_012,31
GTGCTGCTGAGGGTGCGCCG_013,120
GTGCTGCTGAGGGTGCGCCG_014,121
GTGCTGCTGAGGGTGCGCCG_015,40
GTGCTGCTGAGGGTGCGCCG_016,41
AATTAAAATAGCTGCTGTTA_001,172
AATTAAAATAGCTGCTGTTA_002,140
GAATGTTAGTTCGGCCGGAG_001,113
GAATGTTAGTTCGGCCGGAG_002,135
GAATGTTAGTTCGGCCGGAG_003,161
GAATGTTAGTTCGGCCGGAG_004,178
GAATGTTAGTTCGGCCGGAG_005,27
GAATGTTAGTTCGGCCGGAG_006,55
GAATGTTAGTTCGGCCGGAG_007,121
GAATGTTAGTTCGGCCGGAG_008,134
GAATGTTAGTTCGGCCGGAG_009,41
GAATGTTAGTTCGGCCGGAG_010,23
GAATGTTAGTTCGGCCGGAG_011,196
TCATCCAGCATATTAAAGAA_001,150
TCATCCAGCATATTAAAGAA_002,169
TCATCCAGCATATTAAAGAA_003,160
TCATCCAGCATATTAAAGAA_004,129
TCATCCAGCATATTAAAGAA_005,29
TCATCCAGCATATTAAAGAA_006,197
TCATCCAGCATATTAAAGAA_007,146
TCATCCAGCATATTAAAGAA_008,150
TCATCCAGCATATTAAAGAA_009,58
TCATCCAGCATATTAAAGAA_010,103
TGACACGGCGGGTTCGACCG_001,28
TGACACGGCGGGTTCGACCG_002,153
TGACACGGCGGGTTCGACCG_003,77
TGACACGGCGGGTTCGACCG_004,74
TGACACGGCGGGTTCGACCG_005,96
TGACACGGCGGGTTCGACCG_006,68
TGACACGGCGGGTTCGACCG_007,8
TGACACGGCGGGTTCGACCG_008,174
TGACACGGCGGGTTCGACCG_009,94
TGACACGGCGGGTTCGACCG_010,134
TGACACGGCGGGTTCGACCG_011,188
TGACACGGCGGGTTCGACCG_012,102
TGACACGGCGGGTTCGACCG_013,152
TGACACGGCGGGTTCGACCG_014,138
TATGTAAAATGCACCCAACT_001,31
TATGTAAAATGCACCCAACT_002,9
TATGTAAAATGCACCCAACT_003,108
TATGTAAAATGCACCCAACT_004,43
TATGTAAAATGCACCCAACT_005,61
TATGTAAAATGCACCCAACT_006,6
TATGTAAAATGCACCCAACT_007,155
TATGTAAAATGCACCCAACT_008,162
TGTCCGCTATCAGTTCACAC_001,129
TGTCCGCTATCAGTTCACAC_002,160
CTATTGGCCATGGAGCCTTG_001,22
CTATTGGCCATGGAGCCTTG_002,155
CTATTGGCCATGGAGCCTTG_003,148
CTATTGGCCATGGAGCCTTG_004,198
CTATTGGCCATGGAGCCTTG_005,158
CTATTGGCCATGGAGCCTTG_006,153
CACTCAACCAGTGCCCACGG_001,175
CACTCAACCAGTGCCCACGG_002,171
CACTCAACCAGTGCCCACGG_003,198
CACTCAACCAGTGCCCACGG_004,70
CACTCAACCAGTGCCCACGG_005,110
CACTCAACCAGTGCCCACGG_006,144
CACTCAACCAGTGCCCACGG_007,160
CACTCAACCAGTGCCCACGG_008,83
CACTCAACCAGTGCCCACGG_009,114
CACTCAACCAGTGCCCACGG_010,192
CACTCAACCAGTGCCCACGG_011,40
CACTCAACCAGTGCCCACGG_012,102
CACTCAACCAGTGCCCACGG_013,168
CACTCAACCAGTGCCCACGG_014,115
CACTCAACCAGTGCCCACGG_015,96
CACTCAACCAGTGCCCACGG_016,152
CACTCAACCAGTGCCCACGG_017,141
CACTCAACCAGTGCCCACGG_018,116
CATTCCAACAGGAATACCAG_001,27
CATTCCAACAGGAATACCAG_002,77
CATTCCAACAGGAATACCAG_003,62
CATTCCAACAGGAATACCAG_004,13
CATTCCAACAGGAATACCAG_005,33
CATTCCAACAGGAATACCAG_006,150
CATTCCAACAGGAATACCAG_007,77
CATTCCAACAGGAATACCAG_008,124
CATTCCAACAGGAATACCAG_009,17
CATTCCAACAGGAATACCAG_010,15
CATTCCAACAGGAATACCAG_011,10
CATTCCAACAGGAATACCAG_012,50
CATTCCAACAGGAATACCAG_013,8
CATTCCAACAGGAATACCAG_014,127
CATTCCAACAGGAATACCAG_015,137
CATTCCAACAGGAATACCAG_016,184
CATTCCAACAGGAATACCAG_017,19
CATTCCAACAGGAATACCAG_018,116
TTTCTGAAGACCAAGAACCT_001,146
TTTCTGAAGACCAAGAACCT_002,163
TTTCTGAAGACCAAGAACCT_003,163
TTTCTGAAGACCAAGAACCT_004,147
TTTCTGAAGACCAAGAACCT_005,148
TTTCTGAAGACCAAGAACCT_006,101
TTTCTGAAGACCAAGAACCT_007,121
TTTCTGAAGACCAAGAACCT_008,63
TTTCTGAAGACCAAGAACCT_009,189
TTTCTGAAGACCAAGAACCT_010,151
TTTCGAAAATTCTATGAGCG_001,139
TTTCGAAAATTCTATGAGCG_002,45
TTTCGAAAATTCTATGAGCG_003,171
ACTACAGATCCGACTCAGTG_001,14
ACTACAGATCCGACTCAGTG_002,197
ACTACAGATCCGACTCAGTG_003,80
ACTACAGATCCGACTCAGTG_004,6
ACTACAGATCCGACTCAGTG_005,103
AAGAACTCGACTGCACTGCT_001,195
AAGAACTCGACTGCACTGCT_002,101
AAGAACTCGACTGCACTGCT_003,45
AAGAACTCGACTGCACTGCT_004,131
AAGAACTCGACTGCACTGCT_005,76
AAGAACTCGACTGCACTGCT_006,81
AAGAACTCGACTGCACTGCT_007,34
AAGAACTCGACTGCACTGCT_008,32
AAGAACTCGACTGCACTGCT_009,175
AAGAACTCGACTGCACTGCT_010,168
AAGAACTCGACTGCACTGCT_011,40
AAGAACTCGACTGCACTGCT_012,150
AAGAACTCGACTGCACTGCT_013,128
AAGAACTCGACTGCACTGCT_014,5
AAGAACTCGACTGCACTGCT_015,62
AAGAACTCGACTGCACTGCT_016,91
AAGAACTCGACTGCACTGCT_017,174
AAGAACTCGACTGCACTGCT_018,130
AAGAACTCGACTGCACTGCT_019,21
AAGAACTCGACTGCACTGCT_020,187
AAGAACTCGACTGCACTGCT_021,42
AAGAACTCGACTGCACTGCT_022,28
AAGAACTCGACTGCACTGCT_023,17
AAGAACTCGACTGCACTGCT_024,92
AAGAACTCGACTGCACTGCT_025,43
AAGAACTCGACTGCACTGCT_026,168
AAGAACTCGACTGCACTGCT_027,50
AAGAACTCGACTGCACTGCT_028,76
AAGAACTCGACTGCACTGCT_029,82
AAGAACTCGACTGCACTGCT_030,28
AAGAACTCGACTGCACTGCT_031,35
AAGAACTCGACTGCACTGCT_032,148
AAGAACTCGACTGCACTGCT_033,38
AAGAACTCGACTGCACTGCT_034,3
AAGAACTCGACTGCACTGCT_035,99
AAGAACTCGACTGCACTGCT_036,116
AAGAACTCGACTGCACTGCT_037,169
ACAGGCTCTACAATGCGAGA_001,150
ACAGGCTCTACAATGCGAGA_002,119
ACAGGCTCTACAATGCGAGA_003,78
ACAGGCTCTACAATGCGAGA_004,101
ACAGGCTCTACAATGCGAGA_005,65
ACAGGCTCTACAATGCGAGA_006,110
ACAGGCTCTACAATGCGAGA_007,121
ACAGGCTCTACAATGCGAGA_008,58
ACAGGCTCTACAATGCGAGA_009,174
ACAGGCTCTACAATGCGAGA_010,147
ACAGGCTCTACAATGCGAGA_011,136
ACAGGCTCTACAATGCGAGA_012,26
ACAGGCTCTACAATGCGAGA_013,85
ACAGGCTCTACAATGCGAGA_014,49
ACAGGCTCTACAATGCGAGA_015,99
ACAGGCTCTACAATGCGAGA_016,150
ACAGGCTCTACAATGCGAGA_017,72
ACAGGCTCTACAATGCGAGA_018,39
ACAGGCTCTACAATGCGAGA_019,152
ACAGGCTCTACAATGCGAGA_020,6
ACAGGCTCTACAATGCGAGA_021,43
GTGACTCATGATGTGCAACT_001,193
GTGACTCATGATGTGCAACT_002,8
GTGACTCATGATGTGCAACT_003,95
AATCTGCGGAATGTGGACAT_001,1
AATCTGCGGAATGTGGACAT_002,130
AATCTGCGGAATGTGGACAT_003,161
AATCTGCGGAATGTGGACAT_004,77
AATCTGCGGAATGTGGACAT_005,42
AATCTGCGGAATGTGGACAT_006,143
AATCTGCGGAATGTGGACAT_007,127
AATCTGCGGAATGTGGACAT_008,123
AATCTGCGGAATGTGGACAT_009,66
AATCTGCGGAATGTGGACAT_010,157
AATCTGCGGAATGTGGACAT_011,59
AATCTGCGGAATGTGGACAT_012,144
AATCTGCGGAATGTGGACAT_013,67
AACTTTAAGACTGCTGTGAA_001,172
AACTTTAAGACTGCTGTGAA_002,137
AACTTTAAGACTGCTGTGAA_003,28
AACTTTAAGACTGCTGTGAA_004,172
AACTTTAAGACTGCTGTGAA_005,62
AACTTTAAGACTGCTGTGAA_006,92
AACTTTAAGACTGCTGTGAA_007,130
AACTTTAAGACTGCTGTGAA_008,49
AACTTTAAGACTGCTGTGAA_009,3
ACACACACACCTAGTATCTG_001,120
ACACACACACCTAGTATCTG_002,87
ACACACACACCTAGTATCTG_003,79
ACACACACACCTAGTATCTG_004,198
ACACACACACCTAGTATCTG_005,60
ACACACACACCTAGTATCTG_006,60
ACACACACACCTAGTATCTG_007,53
ACACACACACCTAGTATCTG_008,149
ACACACACACCTAGTATCTG_009,48
ACACACACACCTAGTATCTG_010,170
ACACACACACCTAGTATCTG_011,177
ACACACACACCTAGTATCTG_012,29
ACACACACACCTAGTATCTG_013,65
ACACACACACCTAGTATCTG_014,190
ACACACACACCTAGTATCTG_015,144
ACACACACACCTAGTATCTG_016,143
ACACACACACCTAGTATCTG_017,40
ACACACACACCTAGTATCTG_018,46
ACACACACACCTAGTATCTG_019,137
ACACACACACCTAGTATCTG_020,46
ACACACACACCTAGTATCTG_021,46
GAAGCGGACTCCTAGAAGAG_001,197
GAAGCGGACTCCTAGAAGAG_002,9
GAAGCGGACTCCTAGAAGAG_003,81
AGTGCCAGGAACTACGAGGT_001,177
AGTGCCAGGAACTACGAGGT_002,15
AGTGCCAGGAACTACGAGGT_003,143
AGTGCCAGGAACTACGAGGT_004,76
AGTGCCAGGAACTACGAGGT_005,112
AGTGCCAGGAACTACGAGGT_006,172
AGTGCCAGGAACTACGAGGT_007,129
AGTGCCAGGAACTACGAGGT_008,58
CACCCACGCCCGTTTGCAAG_001,101
CACCCACGCCCGTTTGCAAG_002,24
CACCCACGCCCGTTTGCAAG_003,102
CACCCACGCCCGTTTGCAAG_004,48
CACCCACGCCCGTTTGCAAG_005,130
CACCCACGCCCGTTTGCAAG_006,68
CACCCACGCCCGTTTGCAAG_007,9
CACCCACGCCCGTTTGCAAG_008,137
CACCCACGCCCGTTTGCAAG_009,141
CACCCACGCCCGTTTGCAAG_010,41
CACCCACGCCCGTTTGCAAG_011,198
CACCCACGCCCGTTTGCAAG_012,181
CACCCACGCCCGTTTGCAAG_013,62
CACCCACGCCCGTTTGCAAG_014,177
CACCCACGCCCGTTTGCAAG_015,39
CACCCACGCCCGTTTGCAAG_016,60
CACCCACGCCCGTTTGCAAG_017,96
CACCCACGCCCGTTTGCAAG_018,170
CACCCACGCCCGTTTGCAAG_019,104
GCAGATCCTTGGTGTTGATG_001,176
GCAGATCCTTGGTGTTGATG_002,114
GCAGATCCTTGGTGTTGATG_003,51
GCAGATCCTTGGTGTTGATG_004,127
GCAGATCCTTGGTGTTGATG_005,124
GCAGATCCTTGGTGTTGATG_006,33
GCAGATCCTTGGTGTTGATG_007,19
GCAGATCCTTGGTGTTGATG_008,136
GCAGATCCTTGGTGTTGATG_009,160
GCAGATCCTTGGTGTTGATG_010,113
GCAGATCCTTGGTGTTGATG_011,17
GCAGATCCTTGGTGTTGATG_012,12
GCAGATCCTTGGTGTTGATG_013,95
GCAGATCCTTGGTGTTGATG_014,199
GCAGATCCTTGGTGTTGATG_015,173
GCAGATCCTTGGTGTTGATG_016,94
GCAGATCCTTGGTGTTGATG_017,115
GCAGATCCTTGGTGTTGATG_018,129
GCTCGGAGATCATCATTGCG_001,148
GCTCGGAGATCATCATTGCG_002,54
ATGCTGGACTCGGAATTGTG_001,166
ATGCTGGACTCGGAATTGTG_002,198
ATGCTGGACTCGGAATTGTG_003,27
ATGCTGGACTCGGAATTGTG_004,172
ATGCTGGACTCGGAATTGTG_005,106
ATGCTGGACTCGGAATTGTG_006,116
ATGCTGGACTCGGAATTGTG_007,50
ATGCTGGACTCGGAATTGTG_008,127
ATGCTGGACTCGGAATTGTG_009,79
ATGCTGGACTCGGAATTGTG_010,186
ATGCTGGACTCGGAATTGTG_011,186
ATGCTGGACTCGGAATTGTG_012,65
ATGCTGGACTCGGAATTGTG_013,19
ATGCTGGACTCGGAATTGTG_014,177
ATGCTGGACTCGGAATTGTG_015,194
ATGCTGGACTCGGAATTGTG_016,144
ATGCTGGACTCGGAATTGTG_017,5
ATGCTGGACTCGGAATTGTG_018,112
ATGCTGGACTCGGAATTGTG_019,47
ATGCTGGACTCGGAATTGTG_020,139
ATGCTGGACTCGGAATTGTG_021,168
ATGCTGGACTCGGAATTGTG_022,81
ATGCTGGACTCGGAATTGTG_023,75
ATGCTGGACTCGGAATTGTG_024,1
ATGCTGGACTCGGAATTGTG_025,174
ATGCTGGACTCGGAATTGTG_026,127
ATGCTGGACTCGGAATTGTG_027,174
ATGCTGGACTCGGAATTGTG_028,50
ATGCTGGACTCGGAATTGTG_029,166
ATGCTGGACTCGGAATTGTG_030,45
ATGCTGGACTCGGAATTGTG_031,149
ATGCTGGACTCGGAATTGTG_032,70
ATGCTGGACTCGGAATTGTG_033,147
ATGCTGGACTCGGAATTGTG_034,137
ATGCTGGACTCGGAATTGTG_035,64
ATGCTGGACTCGGAATTGTG_036,196
ATGCTGGACTCGGAATTGTG_037,174
ATGCTGGACTCGGAATTGTG_038,65
ATGCTGGACTCGGAATTGTG_039,78
ATGCTGGACTCGGAATTGTG_040,94
ATGCTGGACTCGGAATTGTG_041,106
ATGCTGGACTCGGAATTGTG_042,1
ATGCTGGACTCGGAATTGTG_043,72
ATGCTGGACTCGGAATTGTG_044,62
ATGCTGGACTCGGAATTGTG_045,25
ATGCTGGACTCGGAATTGTG_046,73
ATGCTGGACTCGGAATTGTG_047,41
ATGCTGGACTCGGAATTGTG_048,105
ATGCTGGACTCGGAATTGTG_049,62
ATGCTGGACTCGGAATTGTG_050,94
ATGCTGGACTCGGAATTGTG_051,57
ATGCTGGACTCGGAATTGTG_052,17
ATGCTGGACTCGGAATTGTG_053,70
ATGCTGGACTCGGAATTGTG_054,62
ATGCTGGACTCGGAATTGTG_055,104
ATGCTGGACTCGGAATTGTG_056,17
ATGCTGGACTCGGAATTGTG_057,41
AACCGGGTTACGGACATGAG_001,115
AACCGGGTTACGGACATGAG_002,103
AACCGGGTTACGGACATGAG_003,127
AACCGGGTTACGGACATGAG_004,17
AACCGGGTTACGGACATGAG_005,69
AACCGGGTTACGGACATGAG_006,198
AACCGGGTTACGGACATGAG_007,136
AACCGGGTTACGGACATGAG_008,134
AACCGGGTTACGGACATGAG_009,3
AACCGGGTTACGGACATGAG_010,162
AACCGGGTTACGGACATGAG_011,145
AACCGGGTTACGGACATGAG_012,70
AACCGGGTTACGGACATGAG_013,26
GCTGGGAAAAGAACTTCGAG_001,43
GCTGGGAAAAGAACTTCGAG_002,145
GCTGGGAAAAGAACTTCGAG_003,77
AGGAGGCGTTGTTTGCGAAG_001,82
AGGAGGCGTTGTTTGCGAAG_002,188
AGGAGGCGTTGTTTGCGAAG_003,75
AGGAGGCGTTGTTTGCGAAG_004,185
AGGAGGCGTTGTTTGCGAAG_005,30
AGGAGGCGTTGTTTGCGAAG_006,16
AGGAGGCGTTGTTTGCGAAG_007,132
AGGAGGCGTTGTTTGCGAAG_008,132
AGGAGGCGTTGTTTGCGAAG_009,28
AGGAGGCGTTGTTTGCGAAG_010,167
AGGAGGCGTTGTTTGCGAAG_011,167
AGGAGGCGTTGTTTGCGAAG_012,85
AGGAGGCGTTGTTTGCGAAG_013,78
AGGAGGCGTTGTTTGCGAAG_014,52
AGGAGGCGTTGTTTGCGAAG_015,52
ATCTAGACTTCCAAAGCACA_001,142
ATCTAGACTTCCAAAGCACA_002,94
ATCTAGACTTCCAAAGCACA_003,56
ATCTAGACTTCCAAAGCACA_004,139
ATCTAGACTTCCAAAGCACA_005,108
ATCTAGACTTCCAAAGCACA_006,185
ATCTAGACTTCCAAAGCACA_007,8
ATCTAGACTTCCAAAGCACA_008,126
ATCTAGACTTCCAAAGCACA_009,119
ATCTAGACTTCCAAAGCACA_010,141
ATCTAGACTTCCAAAGCACA_011,106
ATCTAGACTTCCAAAGCACA_012,63
ATCTAGACTTCCAAAGCACA_013,170
ATCTAGACTTCCAAAGCACA_014,104
ATCTAGACTTCCAAAGCACA_015,68
CATCAAGGCCAACGACACAC_001,107
CATCAAGGCCAACGACACAC_002,16
CATCAAGGCCAACGACACAC_003,49
CATCAAGGCCAACGACACAC_004,151
CATCAAGGCCAACGACACAC_005,15
CATCAAGGCCAACGACACAC_006,164
CATCAAGGCCAACGACACAC_007,117
CATCAAGGCCAACGACACAC_008,58
CATCAAGGCCAACGACACAC_009,61
CATCAAGGCCAACGACACAC_010,104
CATCAAGGCCAACGACACAC_011,196
GAAGCCACTATAGACAGCGT_001,170
GAAGCCACTATAGACAGCGT_002,120
GAAGCCACTATAGACAGCGT_003,59
GAAGCCACTATAGACAGCGT_004,20
GAAGCCACTATAGACAGCGT_005,33
GAAGCCACTATAGACAGCGT_006,102
CGCGACGGCTATGATTACGA_001,196
AATCATGCAAAGAAATTGAG_001,144
AATCATGCAAAGAAATTGAG_002,1
AATCATGCAAAGAAATTGAG_003,28
AATCATGCAAAGAAATTGAG_004,187
GCAGCGTCGTCGCTTCACTG_001,23
GCAGCGTCGTCGCTTCACTG_002,137
GCAGCGTCGTCGCTTCACTG_003,62
GCAGCGTCGTCGCTTCACTG_004,48
GCAGCGTCGTCGCTTCACTG_005,44
GCAGCGTCGTCGCTTCACTG_006,17
GCAGCGTCGTCGCTTCACTG_007,1
GCAGCGTCGTCGCTTCACTG_008,48
GCAGCGTCGTCGCTTCACTG_009,53
GCAGCGTCGTCGCTTCACTG_010,84
GCAGCGTCGTCGCTTCACTG_011,48
GCAGCGTCGTCGCTTCACTG_012,197
GCAGCGTCGTCGCTTCACTG_013,18
GCAGCGTCGTCGCTTCACTG_014,45
GCAGCGTCGTCGCTTCACTG_015,98
GCAGCGTCGTCGCTTCACTG_016,8
GCAGCGTCGTCGCTTCACTG_017,185
GCAGCGTCGTCGCTTCACTG_018,197
GCAGCGTCGTCGCTTCACTG_019,72
GCAGCGTCGTCGCTTCACTG_020,88
GCAGCGTCGTCGCTTCACTG_021,88
GCAGCGTCGTCGCTTCACTG_022,97
GCAGCGTCGTCGCTTCACTG_023,102
GCAGCGTCGTCGCTTCACTG_024,163
GCAGCGTCGTCGCTTCACTG_025,18
GCAGCGTCGTCGCTTCACTG_026,169
GCAGCGTCGTCGCTTCACTG_027,151
GCAGCGTCGTCGCTTCACTG_028,41
GCAGCGTCGTCGCTTCACTG_029,166
GCAGCGTCGTCGCTTCACTG_030,34
GCAGCGTCGTCGCTTCACTG_031,197
GCAGCGTCGTCGCTTCACTG_032,93
GCAGCGTCGTCGCTTCACTG_033,130
GCAGCGTCGTCGCTTCACTG_034,50
GCAGCGTCGTCGCTTCACTG_035,34
GCAGCGTCGTCGCTTCACTG_036,199
GCAGCGTCGTCGCTTCACTG_037,36
GCAGCGTCGTCGCTTCACTG_038,66
GCAGCGTCGTCGCTTCACTG_039,67
GCAGCGTCGTCGCTTCACTG_040,131
GCAGCGTCGTCGCTTCACTG_041,111
GCAGCGTCGTCGCTTCACTG_042,19
GCAGCGTCGTCGCTTCACTG_043,63
GCAGCGTCGTCGCTTCACTG_044,89
GCAGCGTCGTCGCTTCACTG_045,134
GCAGCGTCGTCGCTTCACTG_046,138
GCAGCGTCGTCGCTTCACTG_047,94
GCAGCGTCGTCGCTTCACTG_048,9
GCAGCGTCGTCGCTTCACTG_049,125
CCAGGGCCAGGGGTATCTAG_001,117
CCAGGGCCAGGGGTATCTAG_002,63
GCCCATCCGTGTGCACACCG_001,118
GCCCATCCGTGTGCACACCG_002,23
GCCCATCCGTGTGCACACCG_003,149
GCCCATCCGTGTGCACACCG_004,88
GCCCATCCGTGTGCACACCG_005,134
GCCCATCCGTGTGCACACCG_006,30
GCCCATCCGTGTGCACACCG_007,126
TATGACGCAATCAAATACAA_001,198
TATGACGCAATCAAATACAA_002,94
TATGACGCAATCAAATACAA_003,48
TATGACGCAATCAAATACAA_004,100
TATGACGCAATCAAATACAA_005,100
TATGACGCAATCAAATACAA_006,10
CACTCCTGTAGAGACAACCC_001,113
TGTGTGTTCTGACGAAACGC_001,115
TGTGTGTTCTGACGAAACGC_002,93
TGTGTGTTCTGACGAAACGC_003,84
TGTGTGTTCTGACGAAACGC_004,33
TGTGTGTTCTGACGAAACGC_005,172
TGTGTGTTCTGACGAAACGC_006,150
TGTGTGTTCTGACGAAACGC_007,0
TGTGTGTTCTGACGAAACGC_008,35
TGTGTGTTCTGACGAAACGC_009,108
TGTGTGTTCTGACGAAACGC_010,88
TGTGTGTTCTGACGAAACGC_011,34
TGTGTGTTCTGACGAAACGC_012,170
TGTGTGTTCTGACGAAACGC_013,96
TGTGTGTTCTGACGAAACGC_014,40
TGTGTGTTCTGACGAAACGC_015,136
TGTGTGTTCTGACGAAACGC_016,124
TGTGTGTTCTGACGAAACGC_017,39
TGTGTGTTCTGACGAAACGC_018,118
TGTGTGTTCTGACGAAACGC_019,3
TCCTCAGCGCACGGTACCAG_001,187
TCCTCAGCGCACGGTACCAG_002,60
TCCTCAGCGCACGGTACCAG_003,141
TCCTCAGCGCACGGTACCAG_004,150
TCCTCAGCGCACGGTACCAG_005,119
TCCTCAGCGCACGGTACCAG_006,34
TCCTCAGCGCACGGTACCAG_007,67
TCCTCAGCGCACGGTACCAG_008,178
TCCTCAGCGCACGGTACCAG_009,157
TCCTCAGCGCACGGTACCAG_010,180
TCCTCAGCGCACGGTACCAG_011,159
TCCTCAGCGCACGGTACCAG_012,111
TCCTCAGCGCACGGTACCAG_013,163
TCCTCAGCGCACGGTACCAG_014,183
TCCTCAGCGCACGGTACCAG_015,138
TCCTCAGCGCACGGTACCAG_016,142
GCTGGCTGGACCAGACATGG_001,122
GCTGGCTGGACCAGACATGG_002,192
GCTGGCTGGACCAGACATGG_003,81
GCTGGCTGGACCAGACATGG_004,199
GCTGGCTGGACCAGACATGG_005,33
GCTGGCTGGACCAGACATGG_006,97
GCTGGCTGGACCAGACATGG_007,2
GCTGGCTGGACCAGACATGG_008,88
GCTGGCTGGACCAGACATGG_009,76
GCTGGCTGGACCAGACATGG_010,76
GCTGGCTGGACCAGACATGG_011,138
GCTGGCTGGACCAGACATGG_012,138
ATTGAGGACATAAACAATAC_001,83
ATTGAGGACATAAACAATAC_002,184
ATTGAGGACATAAACAATAC_003,199
ATTGAGGACATAAACAATAC_004,194
ATTGAGGACATAAACAATAC_005,187
ATTGAGGACATAAACAATAC_006,197
ATTGAGGACATAAACAATAC_007,148
ATTGAGGACATAAACAATAC_008,116
ATTGAGGACATAAACAATAC_009,152
AAGTTAACAAGAGCCAGCAA_001,114
AAGTTAACAAGAGCCAGCAA_002,155
AAGTTAACAAGAGCCAGCAA_003,147
CATACTTCTGATACTGCCCT_001,90
CATACTTCTGATACTGCCCT_002,31
CATACTTCTGATACTGCCCT_003,69
CATACTTCTGATACTGCCCT_004,62
CTTGGTACGGGAGATCGCAC_001,16
CTTGGTACGGGAGATCGCAC_002,72
CTTGGTACGGGAGATCGCAC_003,138
CTTGGTACGGGAGATCGCAC_004,99
CTTGGTACGGGAGATCGCAC_005,77
CTTGGTACGGGAGATCGCAC_006,2
CTTGGTACGGGAGATCGCAC_007,20
CTTGGTACGGGAGATCGCAC_008,126
CTTGGTACGGGAGATCGCAC_009,141
CTTGGTACGGGAGATCGCAC_010,50
CTTGGTACGGGAGATCGCAC_011,72
CTTGGTACGGGAGATCGCAC_012,9
CTTGGTACGGGAGATCGCAC_013,100
CTTGGTACGGGAGATCGCAC_014,108
CTTGGTACGGGAGATCGCAC_015,184
CTTGGTACGGGAGATCGCAC_016,50
CTTGGTACGGGAGATCGCAC_017,77
CTTGGTACGGGAGATCGCAC_018,119
CTTGGTACGGGAGATCGCAC_019,78
CTTGGTACGGGAGATCGCAC_020,137
CTTGGTACGGGAGATCGCAC_021,94
CTTGGTACGGGAGATCGCAC_022,115
CTTGGTACGGGAGATCGCAC_023,117
CTTGGTACGGGAGATCGCAC_024,164
CTTGGTACGGGAGATCGCAC_025,69
CTTGGTACGGGAGATCGCAC_026,15
AGGCCCGTACAGAATTCCTA_001,121
AGGCCCGTACAGAATTCCTA_002,148
AGGCCCGTACAGAATTCCTA_003,138
CTACCTGGACGTGCGCATCG_001,72
CTACCTGGACGTGCGCATCG_002,158
TCAAAATGAAGATTGCCCGT_001,32
TCAAAATGAAGATTGCCCGT_002,9
TCAAAATGAAGATTGCCCGT_003,172
TCAAAATGAAGATTGCCCGT_004,172
TCAAAATGAAGATTGCCCGT_005,105
TCAAAATGAAGATTGCCCGT_006,197
TCAAAATGAAGATTGCCCGT_007,185
GGCCCCCTGCTATCTCACAG_001,34
GGCCCCCTGCTATCTCACAG_002,173
GGCCCCCTGCTATCTCACAG_003,145
GGCCCCCTGCTATCTCACAG_004,48
GGCCCCCTGCTATCTCACAG_005,88
GGCCCCCTGCTATCTCACAG_006,178
GGCCCCCTGCTATCTCACAG_007,80
GGCCCCCTGCTATCTCACAG_008,169
GGCCCCCTGCTATCTCACAG_009,188
GGCCCCCTGCTATCTCACAG_010,96
GGCCCCCTGCTATCTCACAG_011,184
GGCCCCCTGCTATCTCACAG_012,138
CCTCAGTGATGGTCTCACTG_001,15
CCTCAGTGATGGTCTCACTG_002,48
CCTCAGTGATGGTCTCACTG_003,140
GCACAGTCTGGGACCCGTGG_001,178
GCACAGTCTGGGACCCGTGG_002,9
GCACAGTCTGGGACCCGTGG_003,189
GCACAGTCTGGGACCCGTGG_004,181
AGGTACCTGAGAGCGGAGGG_001,19
AGGTACCTGAGAGCGGAGGG_002,178
AGGTACCTGAGAGCGGAGGG_003,149
AGGTACCTGAGAGCGGAGGG_004,55
AGGTACCTGAGAGCGGAGGG_005,153
AGGTACCTGAGAGCGGAGGG_006,122
AGGTACCTGAGAGCGGAGGG_007,31
AGGTACCTGAGAGCGGAGGG_008,183
AGGTACCTGAGAGCGGAGGG_009,129
AGGTACCTGAGAGCGGAGGG_010,189
AGGTACCTGAGAGCGGAGGG_011,140
AGGTACCTGAGAGCGGAGGG_012,105
AGGTACCTGAGAGCGGAGGG_013,160
AGGTACCTGAGAGCGGAGGG_014,92
AGGTACCTGAGAGCGGAGGG_015,109
AGGTACCTGAGAGCGGAGGG_016,109
AGGTACCTGAGAGCGGAGGG_017,88
AGGTACCTGAGAGCGGAGGG_018,177
AGGTACCTGAGAGCGGAGGG_019,164
AGGTACCTGAGAGCGGAGGG_020,115
AGGTACCTGAGAGCGGAGGG_021,15
AGGTACCTGAGAGCGGAGGG_022,94
AGGTACCTGAGAGCGGAGGG_023,184
AGGTACCTGAGAGCGGAGGG_024,176
AGGTACCTGAGAGCGGAGGG_025,55
AGGTACCTGAGAGCGGAGGG_026,138
ACAATTGGAAGTGGTCGAAG_001,165
ACAATTGGAAGTGGTCGAAG_002,125
ACAATTGGAAGTGGTCGAAG_003,149
ACAATTGGAAGTGGTCGAAG_004,127
ACAATTGGAAGTGGTCGAAG_005,60
ACAATTGGAAGTGGTCGAAG_006,54
ACAATTGGAAGTGGTCGAAG_007,94
CCGCACTCAGAGCGTGAACA_001,149
CCGCACTCAGAGCGTGAACA_002,77
CCGCACTCAGAGCGTGAACA_003,63
CCGCACTCAGAGCGTGAACA_004,50
CCGCACTCAGAGCGTGAACA_005,15
CCGCACTCAGAGCGTGAACA_006,9
CCGCACTCAGAGCGTGAACA_007,198
CCGCACTCAGAGCGTGAACA_008,125
CCGCACTCAGAGCGTGAACA_009,22
CCGCACTCAGAGCGTGAACA_010,190
CCGCACTCAGAGCGTGAACA_011,198
CCGCACTCAGAGCGTGAACA_012,5
CCGCACTCAGAGCGTGAACA_013,76
CCGCACTCAGAGCGTGAACA_014,199
CCGCACTCAGAGCGTGAACA_015,169
CCGCACTCAGAGCGTGAACA_016,16
CCGCACTCAGAGCGTGAACA_017,69
CCGCACTCAGAGCGTGAACA_018,110
GTCGCGATAGGGTCGGCCGG_001,92
GTCGCGATAGGGTCGGCCGG_002,69
GTCGCGATAGGGTCGGCCGG_003,30
GTCGCGATAGGGTCGGCCGG_004,79
GTCGCGATAGGGTCGGCCGG_005,29
GTCGCGATAGGGTCGGCCGG_006,177
GGATCCTAGTCGGATTTCTG_001,194
GGATCCTAGTCGGATTTCTG_002,49
GGATCCTAGTCGGATTTCTG_003,38
GGATCCTAGTCGGATTTCTG_004,84
GGATCCTAGTCGGATTTCTG_005,149
GGATCCTAGTCGGATTTCTG_006,178
GGATCCTAGTCGGATTTCTG_007,12
GGATCCTAGTCGGATTTCTG_008,2
GGATCCTAGTCGGATTTCTG_009,65
GGATCCTAGTCGGATTTCTG_010,199
GGATCCTAGTCGGATTTCTG_011,55
GGATCCTAGTCGGATTTCTG_012,23
GGATCCTAGTCGGATTTCTG_013,169
GGATCCTAGTCGGATTTCTG_014,170
CTGATGGCCATCCGACTTCG_001,169
CTGATGGCCATCCGACTTCG_002,56
CTGATGGCCATCCGACTTCG_003,96
CTGATGGCCATCCGACTTCG_004,105
CTGATGGCCATCCGACTTCG_005,137
CTGATGGCCATCCGACTTCG_006,78
CTGATGGCCATCCGACTTCG_007,139
CTGATGGCCATCCGACTTCG_008,3
CTGATGGCCATCCGACTTCG_009,121
CTGATGGCCATCCGACTTCG_010,115
CTGATGGCCATCCGACTTCG_011,17
CTGATGGCCATCCGACTTCG_012,12
CTGATGGCCATCCGACTTCG_013,43
CTGATGGCCATCCGACTTCG_014,6
CTGATGGCCATCCGACTTCG_015,35
CTGATGAATAGTATGGTCCT_001,65
CTGATGAATAGTATGGTCCT_002,117
CTGATGAATAGTATGGTCCT_003,62
TCTTCCGATCAGAACCAAAG_001,150
TCTTCCGATCAGAACCAAAG_002,70
TCTTCCGATCAGAACCAAAG_003,94
TCTTCCGATCAGAACCAAAG_004,149
TCTTCCGATCAGAACCAAAG_005,188
TCTTCCGATCAGAACCAAAG_006,116
TCTTCCGATCAGAACCAAAG_007,118
TCTTCCGATCAGAACCAAAG_008,44
CTGAGCCGCAGTGTCCGCTG_001,112
CTGAGCCGCAGTGTCCGCTG_002,166
CTGAGCCGCAGTGTCCGCTG_003,174
CTGAGCCGCAGTGTCCGCTG_004,116
CTGAGCCGCAGTGTCCGCTG_005,24
CTGAGCCGCAGTGTCCGCTG_006,104
CTGAGCCGCAGTGTCCGCTG_007,107
CTGAGCCGCAGTGTCCGCTG_008,34
CTGAGCCGCAGTGTCCGCTG_009,65
CTGAGCCGCAGTGTCCGCTG_010,196
CTGAGCCGCAGTGTCCGCTG_011,42
CTGAGCCGCAGTGTCCGCTG_012,198
CTGAGCCGCAGTGTCCGCTG_013,55
CTGAGCCGCAGTGTCCGCTG_014,162
CTGAGCCGCAGTGTCCGCTG_015,76
CTGAGCCGCAGTGTCCGCTG_016,127
CTGAGCCGCAGTGTCCGCTG_017,111
CTGAGCCGCAGTGTCCGCTG_018,159
CTGAGCCGCAGTGTCCGCTG_019,132
CTGAGCCGCAGTGTCCGCTG_020,43
CTGAGCCGCAGTGTCCGCTG_021,28
CTGAGCCGCAGTGTCCGCTG_022,144
CTGAGCCGCAGTGTCCGCTG_023,136
CTGAGCCGCAGTGTCCGCTG_024,160
CTGAGCCGCAGTGTCCGCTG_025,94
CTGAGCCGCAGTGTCCGCTG_026,168
CTGAGCCGCAGTGTCCGCTG_027,2
CTGAGCCGCAGTGTCCGCTG_028,6
CTGAGCCGCAGTGTCCGCTG_029,69
CTGAGCCGCAGTGTCCGCTG_030,168
CTGAGCCGCAGTGTCCGCTG_031,60
CTGAGCCGCAGTGTCCGCTG_032,27
CTGAGCCGCAGTGTCCGCTG_033,170
CTGAGCCGCAGTGTCCGCTG_034,144
CTGAGCCGCAGTGTCCGCTG_035,1
CTGAGCCGCAGTGTCCGCTG_036,62
CTGAGCCGCAGTGTCCGCTG_037,8
CTGAGCCGCAGTGTCCGCTG_038,170
CACAGCCCACAAAGGTGCGC_001,25
CACAGCCCACAAAGGTGCGC_002,56
CACAGCCCACAAAGGTGCGC_003,94
CACAGCCCACAAAGGTGCGC_004,46
CACAGCCCACAAAGGTGCGC_005,149
CACAGCCCACAAAGGTGCGC_006,119
CACAGCCCACAAAGGTGCGC_007,184
CACAGCCCACAAAGGTGCGC_008,105
CACAGCCCACAAAGGTGCGC_009,19
CACAGCCCACAAAGGTGCGC_010,115
CACAGCCCACAAAGGTGCGC_011,142
CACAGCCCACAAAGGTGCGC_012,142
CACAGCCCACAAAGGTGCGC_013,188
CACAGCCCACAAAGGTGCGC_014,106
CACAGCCCACAAAGGTGCGC_015,121
CTGCGGGAAGTACACGTCCA_001,48
CTGCGGGAAGTACACGTCCA_002,19
CTGCGGGAAGTACACGTCCA_003,129
CTGCGGGAAGTACACGTCCA_004,134
CTGCGGGAAGTACACGTCCA_005,134
CTGCGGGAAGTACACGTCCA_006,154
CTGCGGGAAGTACACGTCCA_007,192
CTGCGGGAAGTACACGTCCA_008,148
CTGCGGGAAGTACACGTCCA_009,48
CTGCGGGAAGTACACGTCCA_010,147
CTGCGGGAAGTACACGTCCA_011,56
CTGCGGGAAGTACACGTCCA_012,110
CTGCGGGAAGTACACGTCCA_013,14
CTGCGGGAAGTACACGTCCA_014,137
CTGCGGGAAGTACACGTCCA_015,70
CTGCGGGAAGTACACGTCCA_016,158
CTGCGGGAAGTACACGTCCA_017,100
CTGCGGGAAGTACACGTCCA_018,43
AGACAGTACAGGAAGACTTG_001,141
AGACAGTACAGGAAGACTTG_002,160
AGACAGTACAGGAAGACTTG_003,151
AGACAGTACAGGAAGACTTG_004,45
AGACAGTACAGGAAGACTTG_005,40
AGACAGTACAGGAAGACTTG_006,163
AGACAGTACAGGAAGACTTG_007,103
AGACAGTACAGGAAGACTTG_008,149
AGACAGTACAGGAAGACTTG_009,182
AGACAGTACAGGAAGACTTG_010,191
AGACAGTACAGGAAGACTTG_011,2
AGACAGTACAGGAAGACTTG_012,174
GCAGCTGGGTACCTGCACTC_001,134
GCAGCTGGGTACCTGCACTC_002,43
GCAGCTGGGTACCTGCACTC_003,48
GCAGCTGGGTACCTGCACTC_004,1
GCAGCTGGGTACCTGCACTC_005,18
GCAGCTGGGTACCTGCACTC_006,34
GCAGCTGGGTACCTGCACTC_007,118
GCAGCTGGGTACCTGCACTC_008,137
GCAGCTGGGTACCTGCACTC_009,75
GCAGCTGGGTACCTGCACTC_010,26
GCAGCTGGGTACCTGCACTC_011,52
GCAGCTGGGTACCTGCACTC_012,154
GCAGCTGGGTACCTGCACTC_013,88
GCAGCTGGGTACCTGCACTC_014,116
GCAGCTGGGTACCTGCACTC_015,94
GCAGCTGGGTACCTGCACTC_016,36
GCAGCTGGGTACCTGCACTC_017,94
GCAGCTGGGTACCTGCACTC_018,187
GCAGCTGGGTACCTGCACTC_019,19
GCAGCTGGGTACCTGCACTC_020,112
GCAGCTGGGTACCTGCACTC_021,26
GCAGCTGGGTACCTGCACTC_022,19
GCAGCTGGGTACCTGCACTC_023,134
GCAGCTGGGTACCTGCACTC_024,19
GCAGCTGGGTACCTGCACTC_025,182
GCAGCTGGGTACCTGCACTC_026,115
GCAGCTGGGTACCTGCACTC_027,142
GCAGCTGGGTACCTGCACTC_028,78
TGACTTTGGACTTCCCCAGG_001,177
TCCAGGCCTTACCTGATGAG_001,116
TCCAGGCCTTACCTGATGAG_002,27
TCCAGGCCTTACCTGATGAG_003,166
TCCAGGCCTTACCTGATGAG_004,187
TCCAGGCCTTACCTGATGAG_005,159
TCCAGGCCTTACCTGATGAG_006,137
TGTACATCACGTGCGTCACC_001,80
TGTACATCACGTGCGTCACC_002,199
TGTACATCACGTGCGTCACC_003,9
TGTACATCACGTGCGTCACC_004,103
TGTACATCACGTGCGTCACC_005,169
CCTTTGATAGATCTCTGCCG_001,154
CCTTTGATAGATCTCTGCCG_002,14
CTACTGAGAGTTTACCTCGA_001,7
CTACTGAGAGTTTACCTCGA_002,103
CTACTGAGAGTTTACCTCGA_003,50
CTACTGAGAGTTTACCTCGA_004,153
GCCCAATGCTGAAACGTCCA_001,65
GCCCAATGCTGAAACGTCCA_002,137
GCCCAATGCTGAAACGTCCA_003,114
GCCCAATGCTGAAACGTCCA_004,145
GCCCAATGCTGAAACGTCCA_005,145
GCCCAATGCTGAAACGTCCA_006,176
GCCCAATGCTGAAACGTCCA_007,183
TCGCCGGGACGCATTCGGGG_001,137
TCGCCGGGACGCATTCGGGG_002,140
GGTTCCATAGGGAGCGTAGG_001,2
GGTTCCATAGGGAGCGTAGG_002,119
GGTTCCATAGGGAGCGTAGG_003,132
GGTTCCATAGGGAGCGTAGG_004,91
GGTTCCATAGGGAGCGTAGG_005,113
GGTTCCATAGGGAGCGTAGG_006,78
GGTTCCATAGGGAGCGTAGG_007,129
GGTTCCATAGGGAGCGTAGG_008,130
GGTTCCATAGGGAGCGTAGG_009,9
GGTTCCATAGGGAGCGTAGG_010,119
GGTTCCATAGGGAGCGTAGG_011,53
GGTTCCATAGGGAGCGTAGG_012,2
GGTTCCATAGGGAGCGTAGG_013,56
GGTTCCATAGGGAGCGTAGG_014,33
GGTTCCATAGGGAGCGTAGG_015,130
GGGTCACTGACCTTTGTACG_001,148
GGGTCACTGACCTTTGTACG_002,197
GGGTCACTGACCTTTGTACG_003,127
GGGTCACTGACCTTTGTACG_004,172
GGGTCACTGACCTTTGTACG_005,140
GGGTCACTGACCTTTGTACG_006,130
ACACCGAAGCACCTGTACGT_001,101
ACACCGAAGCACCTGTACGT_002,183
ACACCGAAGCACCTGTACGT_003,137
ACACCGAAGCACCTGTACGT_004,177
ACACCGAAGCACCTGTACGT_005,160
ACACCGAAGCACCTGTACGT_006,199
ACACCGAAGCACCTGTACGT_007,29
ACACCGAAGCACCTGTACGT_008,49
ACACCGAAGCACCTGTACGT_009,114
ACACCGAAGCACCTGTACGT_010,2
ACACCGAAGCACCTGTACGT_011,126
ACACCGAAGCACCTGTACGT_012,159
ACACCGAAGCACCTGTACGT_013,33
ACACCGAAGCACCTGTACGT_014,143
ACACCGAAGCACCTGTACGT_015,151
ACACCGAAGCACCTGTACGT_016,13
ACACCGAAGCACCTGTACGT_017,164
ACACCGAAGCACCTGTACGT_018,56
ACACCGAAGCACCTGTACGT_019,63
ACACCGAAGCACCTGTACGT_020,63
ACACCGAAGCACCTGTACGT_021,34
ACACCGAAGCACCTGTACGT_022,140
ACACCGAAGCACCTGTACGT_023,94
ACACCGAAGCACCTGTACGT_024,136
ACACCGAAGCACCTGTACGT_025,130
ACACCGAAGCACCTGTACGT_026,14
ACACCGAAGCACCTGTACGT_027,35
ACACCGAAGCACCTGTACGT_028,38
ACACCGAAGCACCTGTACGT_029,140
ACACCGAAGCACCTGTACGT_030,76
ACACCGAAGCACCTGTACGT_031,50
ACACCGAAGCACCTGTACGT_032,20
ACACCGAAGCACCTGTACGT_033,13
ACACCGAAGCACCTGTACGT_034,13
ACATCCTCAACCTGTACCGG_001,102
ACATCCTCAACCTGTACCGG_002,76
ACATCCTCAACCTGTACCGG_003,88
ACATCCTCAACCTGTACCGG_004,147
ACATCCTCAACCTGTACCGG_005,57
CCAGTAATTCAGATCATCAT_001,73
CCAGTAATTCAGATCATCAT_002,63
CCAGTAATTCAGATCATCAT_003,48
CCAGTAATTCAGATCATCAT_004,93
CCAGTAATTCAGATCATCAT_005,21
CCAGTAATTCAGATCATCAT_006,191
CCAGTAATTCAGATCATCAT_007,15
CAGGAACTCTCACTACTCAA_001,155
CAGGAACTCTCACTACTCAA_002,81
CCTTCTCAAACAGCCATCTG_001,29
CCTTCTCAAACAGCCATCTG_002,86
CCTTCTCAAACAGCCATCTG_003,1
CCTTCTCAAACAGCCATCTG_004,53
CCTTCTCAAACAGCCATCTG_005,32
CCTTCTCAAACAGCCATCTG_006,106
CCTTCTCAAACAGCCATCTG_007,50
CCTTCTCAAACAGCCATCTG_008,177
CCTTCTCAAACAGCCATCTG_009,160
CCTTCTCAAACAGCCATCTG_010,30
CCTTCTCAAACAGCCATCTG_011,147
CCTTCTCAAACAGCCATCTG_012,102
CCTTCTCAAACAGCCATCTG_013,35
CCTTCTCAAACAGCCATCTG_014,166
CCTTCTCAAACAGCCATCTG_015,145
CCTTCTCAAACAGCCATCTG_016,62
CCTTCTCAAACAGCCATCTG_017,189
CCTTCTCAAACAGCCATCTG_018,170
CCTTCTCAAACAGCCATCTG_019,11
CCTTCTCAAACAGCCATCTG_020,168
ATTCCGTTATGGTCAAAGGT_001,102
ATTCCGTTATGGTCAAAGGT_002,142
ATTCCGTTATGGTCAAAGGT_003,76
ATTCCGTTATGGTCAAAGGT_004,19
ATTCCGTTATGGTCAAAGGT_005,50
ATTCCGTTATGGTCAAAGGT_006,165
GATTGCGGGGACTAATGCCG_001,132
GATTGCGGGGACTAATGCCG_002,89
GATTGCGGGGACTAATGCCG_003,106
GATTGCGGGGACTAATGCCG_004,35
GATTGCGGGGACTAATGCCG_005,49
GATTGCGGGGACTAATGCCG_006,147
GATTGCGGGGACTAATGCCG_007,2
GATTGCGGGGACTAATGCCG_008,127
GATTGCGGGGACTAATGCCG_009,43
GATTGCGGGGACTAATGCCG_010,103
GATTGCGGGGACTAATGCCG_011,32
GATTGCGGGGACTAATGCCG_012,83
GATTGCGGGGACTAATGCCG_013,83
GATTGCGGGGACTAATGCCG_014,179
AAAACCTGCAAGTTACAGTG_001,190
AAAACCTGCAAGTTACAGTG_002,48
AAAACCTGCAAGTTACAGTG_003,184
AAAACCTGCAAGTTACAGTG_004,192
AAAACCTGCAAGTTACAGTG_005,115
AAAACCTGCAAGTTACAGTG_006,168
AAAACCTGCAAGTTACAGTG_007,104
AAAACCTGCAAGTTACAGTG_008,23
AAAACCTGCAAGTTACAGTG_009,49
AAAACCTGCAAGTTACAGTG_010,150
AAAACCTGCAAGTTACAGTG_011,16
AAAACCTGCAAGTTACAGTG_012,58
AAAACCTGCAAGTTACAGTG_013,183
AAAACCTGCAAGTTACAGTG_014,140
AAAACCTGCAAGTTACAGTG_015,43
AAAACCTGCAAGTTACAGTG_016,63
AAAACCTGCAAGTTACAGTG_017,168
AAAACCTGCAAGTTACAGTG_018,55
TCTTACCCACAGATACGAAG_001,118
TCTTACCCACAGATACGAAG_002,108
CCAATATCGTGTGTGCCAGG_001,147
CCAATATCGTGTGTGCCAGG_002,106
CCAATATCGTGTGTGCCAGG_003,68
GTGCATGATCCGCCACGGGA_001,8
GTGCATGATCCGCCACGGGA_002,15
GTGCATGATCCGCCACGGGA_003,162
GTGCATGATCCGCCACGGGA_004,56
GTGCATGATCCGCCACGGGA_005,45
GTGCATGATCCGCCACGGGA_006,141
GTGCATGATCCGCCACGGGA_007,120
GTGCATGATCCGCCACGGGA_008,88
GTGCATGATCCGCCACGGGA_009,199
ATCCAATAGGAACACAACAT_001,17
ATCCAATAGGAACACAACAT_002,90
ATCCAATAGGAACACAACAT_003,45
ATCCAATAGGAACACAACAT_004,148
ATCCAATAGGAACACAACAT_005,150
ATCCAATAGGAACACAACAT_006,137
ATCCAATAGGAACACAACAT_007,38
ATCCAATAGGAACACAACAT_008,180
ATCCAATAGGAACACAACAT_009,112
GTTACTGAACTGTACCCACC_001,194
GTTACTGAACTGTACCCACC_002,105
CGAAATACCTTGTAGCAGAA_001,77
CGAAATACCTTGTAGCAGAA_002,67
CGAAATACCTTGTAGCAGAA_003,18
CGAAATACCTTGTAGCAGAA_004,8
TTATCACAGGAAGCTATGAT_001,116
TTATCACAGGAAGCTATGAT_002,190
TTATCACAGGAAGCTATGAT_003,148
TTATCACAGGAAGCTATGAT_004,41
TTATCACAGGAAGCTATGAT_005,76
CATCACGGTTAACAATAGCT_001,168
CATCACGGTTAACAATAGCT_002,145
CATCACGGTTAACAATAGCT_003,184
CATCACGGTTAACAATAGCT_004,188
CATCACGGTTAACAATAGCT_005,138
AAGGCAGAGGACCATTACTG_001,96
AAGGCAGAGGACCATTACTG_002,57
AAGGCAGAGGACCATTACTG_003,4
AAGGCAGAGGACCATTACTG_004,121
AAGGCAGAGGACCATTACTG_005,59
AAGGCAGAGGACCATTACTG_006,169
AAGGCAGAGGACCATTACTG_007,153
AAGGCAGAGGACCATTACTG_008,62
AAGGCAGAGGACCATTACTG_009,9
AAGGCAGAGGACCATTACTG_010,105
AAGGCAGAGGACCATTACTG_011,105
AAGGCAGAGGACCATTACTG_012,190
AAGGCAGAGGACCATTACTG_013,108
AAGGCAGAGGACCATTACTG_014,166
AAGGCAGAGGACCATTACTG_015,166
AAGGCAGAGGACCATTACTG_016,190
AAGGCAGAGGACCATTACTG_017,42
AAGGCAGAGGACCATTACTG_018,62
AAGGCAGAGGACCATTACTG_019,106
AAGGCAGAGGACCATTACTG_020,187
AAGGCAGAGGACCATTACTG_021,65
AAGGCAGAGGACCATTACTG_022,65
AAGGCAGAGGACCATTACTG_023,194
AAGGCAGAGGACCATTACTG_024,177
AAGGCAGAGGACCATTACTG_025,103
GGCCTCGGACCAGCGGACAA_001,10
GGCCTCGGACCAGCGGACAA_002,7
GGCCTCGGACCAGCGGACAA_003,168
GGCCTCGGACCAGCGGACAA_004,107
GGCCTCGGACCAGCGGACAA_005,1
GGCCTCGGACCAGCGGACAA_006,188
GGCCTCGGACCAGCGGACAA_007,130
GGCCTCGGACCAGCGGACAA_008,102
GGCCTCGGACCAGCGGACAA_009,141
GGCCTCGGACCAGCGGACAA_010,191
GGCCTCGGACCAGCGGACAA_011,71
GGCCTCGGACCAGCGGACAA_012,78
GGCCTCGGACCAGCGGACAA_013,185
GGCCTCGGACCAGCGGACAA_014,14
GGCCTCGGACCAGCGGACAA_015,134
GGCCTCGGACCAGCGGACAA_016,17
GGCCTCGGACCAGCGGACAA_017,63
GGCCTCGGACCAGCGGACAA_018,62
GGCCTCGGACCAGCGGACAA_019,30
GGCCTCGGACCAGCGGACAA_020,146
GGCCTCGGACCAGCGGACAA_021,170
GGCCTCGGACCAGCGGACAA_022,12
GGCCTCGGACCAGCGGACAA_023,107
GGCCTCGGACCAGCGGACAA_024,81
GGCCTCGGACCAGCGGACAA_025,137
GGCCTCGGACCAGCGGACAA_026,103
GGCCTCGGACCAGCGGACAA_027,144
GGCCTCGGACCAGCGGACAA_028,68
GGCCTCGGACCAGCGGACAA_029,35
GGCCTCGGACCAGCGGACAA_030,58
GGCCTCGGACCAGCGGACAA_031,179
GGCCTCGGACCAGCGGACAA_032,176
GGCCTCGGACCAGCGGACAA_033,176
GGCCTCGGACCAGCGGACAA_034,52
GGCCTCGGACCAGCGGACAA_035,47
GGCCTCGGACCAGCGGACAA_036,70
GGCCTCGGACCAGCGGACAA_037,60
GGCCTCGGACCAGCGGACAA_038,148
GGCCTCGGACCAGCGGACAA_039,94
GGCCTCGGACCAGCGGACAA_040,48
GGCCTCGGACCAGCGGACAA_041,2
GGCCTCGGACCAGCGGACAA_042,59
GGCCTCGGACCAGCGGACAA_043,19
GGCCTCGGACCAGCGGACAA_044,77
GGCCTCGGACCAGCGGACAA_045,164
GGCCTCGGACCAGCGGACAA_046,44
GGCCTCGGACCAGCGGACAA_047,63
GGCCTCGGACCAGCGGACAA_048,12
GGCCTCGGACCAGCGGACAA_049,137
GGCCTCGGACCAGCGGACAA_050,118
GGCCTCGGACCAGCGGACAA_051,188
GGCCTCGGACCAGCGGACAA_052,184
GGCCTCGGACCAGCGGACAA_053,40
GGCCTCGGACCAGCGGACAA_054,158
GGCCTCGGACCAGCGGACAA_055,16
GGCCTCGGACCAGCGGACAA_056,37
GGCCTCGGACCAGCGGACAA_057,15
GGCCTCGGACCAGCGGACAA_058,15
CTTACCGTACTAACATCCAG_001,94
CTTACCGTACTAACATCCAG_002,62
CTTACCGTACTAACATCCAG_003,141
CTTACCGTACTAACATCCAG_004,176
TTGGCTGGACCAAATGCAAG_001,8
TTGGCTGGACCAAATGCAAG_002,35
TTGGCTGGACCAAATGCAAG_003,27
TTGGCTGGACCAAATGCAAG_004,194
TTGGCTGGACCAAATGCAAG_005,104
TTGGCTGGACCAAATGCAAG_006,86
TTGGCTGGACCAAATGCAAG_007,138
TTGGCTGGACCAAATGCAAG_008,49
TTGGCTGGACCAAATGCAAG_009,164
TTGGCTGGACCAAATGCAAG_010,197
TTGGCTGGACCAAATGCAAG_011,102
TTGGCTGGACCAAATGCAAG_012,158
TTGGCTGGACCAAATGCAAG_013,7
TTGGCTGGACCAAATGCAAG_014,160
TTGGCTGGACCAAATGCAAG_015,142
CAGGATCCAGATCTAACTTG_001,111
CAGGATCCAGATCTAACTTG_002,170
GACAAAACAGATGTCTACGA_001,188
GACAAAACAGATGTCTACGA_002,116
GACAAAACAGATGTCTACGA_003,9
CCTACATGGATGAACATGTG_001,12
CCTACATGGATGAACATGTG_002,48
CCTACATGGATGAACATGTG_003,81
CCTACATGGATGAACATGTG_004,97
CCTACATGGATGAACATGTG_005,162
CCTACATGGATGAACATGTG_006,40
CCTACATGGATGAACATGTG_007,195
CCTACATGGATGAACATGTG_008,196
CCTACATGGATGAACATGTG_009,197
CCTACATGGATGAACATGTG_010,15
CCTACATGGATGAACATGTG_011,22
CCTACATGGATGAACATGTG_012,33
CCTACATGGATGAACATGTG_013,183
CCTACATGGATGAACATGTG_014,194
CCTACATGGATGAACATGTG_015,111
CCTACATGGATGAACATGTG_016,183
CCTACATGGATGAACATGTG_017,116
CCTACATGGATGAACATGTG_018,77
CCTACATGGATGAACATGTG_019,188
CCTACATGGATGAACATGTG_020,56
CCTACATGGATGAACATGTG_021,106
CCTACATGGATGAACATGTG_022,81
ACAGCTCACAGTCCGGTGTG_001,88
ACAGCTCACAGTCCGGTGTG_002,152
ACAGCTCACAGTCCGGTGTG_003,53
ACAGCTCACAGTCCGGTGTG_004,134
ACAGCTCACAGTCCGGTGTG_005,33
ACAGCTCACAGTCCGGTGTG_006,117
ACAGCTCACAGTCCGGTGTG_007,69
ACAGCTCACAGTCCGGTGTG_008,41
GCAGGTGGATCATCACTCTA_001,170
GTCCCAACATCTATGAGCTG_001,144
GTCCCAACATCTATGAGCTG_002,126
GTCCCAACATCTATGAGCTG_003,187
GTCCCAACATCTATGAGCTG_004,16
GTCCCAACATCTATGAGCTG_005,9
GTCCCAACATCTATGAGCTG_006,69
TTCTTGGACCACATCCGGCA_001,194
TTCTTGGACCACATCCGGCA_002,11
TTCTTGGACCACATCCGGCA_003,131
TTCTTGGACCACATCCGGCA_004,47
TTCTTGGACCACATCCGGCA_005,191
TTCTTGGACCACATCCGGCA_006,17
TTCTTGGACCACATCCGGCA_007,171
TTCTTGGACCACATCCGGCA_008,190
TTCTTGGACCACATCCGGCA_009,140
TTCTTGGACCACATCCGGCA_010,174
TTCTTGGACCACATCCGGCA_011,79
TTCTTGGACCACATCCGGCA_012,84
TTCTTGGACCACATCCGGCA_013,172
TTCTTGGACCACATCCGGCA_014,166
TTCTTGGACCACATCCGGCA_015,14
TTCTTGGACCACATCCGGCA_016,127
TTCTTGGACCACATCCGGCA_017,115
TTCTTGGACCACATCCGGCA_018,70
CTGCTGTTCCTGCTGCCCCG_001,181
CTGCTGTTCCTGCTGCCCCG_002,157
CTGCTGTTCCTGCTGCCCCG_003,161
CTGCTGTTCCTGCTGCCCCG_004,55
CTGCTGTTCCTGCTGCCCCG_005,190
CTGCTGTTCCTGCTGCCCCG_006,113
CTGCTGTTCCTGCTGCCCCG_007,11
CTGCTGTTCCTGCTGCCCCG_008,72
CTGCTGTTCCTGCTGCCCCG_009,49
CTGCTGTTCCTGCTGCCCCG_010,157
GGAGATTGCCAAGGTCACCG_001,121
GGAGATTGCCAAGGTCACCG_002,149
GGAGATTGCCAAGGTCACCG_003,179
GGAGATTGCCAAGGTCACCG_004,88
GGAGATTGCCAAGGTCACCG_005,169
GGAGATTGCCAAGGTCACCG_006,60
GGAGATTGCCAAGGTCACCG_007,62
GGAGATTGCCAAGGTCACCG_008,118
GGAGATTGCCAAGGTCACCG_009,92
GGAGATTGCCAAGGTCACCG_010,60
GAGAAGTTACTCGCTGTGCG_001,176
GAGAAGTTACTCGCTGTGCG_002,188
GAGAAGTTACTCGCTGTGCG_003,126
GAGAAGTTACTCGCTGTGCG_004,198
TTATCTCAAGCTCATCGACA_001,29
TTATCTCAAGCTCATCGACA_002,2
TTATCTCAAGCTCATCGACA_003,193
TTATCTCAAGCTCATCGACA_004,74
TTATCTCAAGCTCATCGACA_005,170
TTATCTCAAGCTCATCGACA_006,10
TTATCTCAAGCTCATCGACA_007,128
TTATCTCAAGCTCATCGACA_008,94
TTATCTCAAGCTCATCGACA_009,40
TTATCTCAAGCTCATCGACA_010,67
TTGAGGAACAACATCTTCCT_001,144
TTGAGGAACAACATCTTCCT_002,148
TTGAGGAACAACATCTTCCT_003,58
TTGAGGAACAACATCTTCCT_004,102
TTGAGGAACAACATCTTCCT_005,121
TTGAGGAACAACATCTTCCT_006,99
TTGAGGAACAACATCTTCCT_007,27
TTGAGGAACAACATCTTCCT_008,11
TTGAGGAACAACATCTTCCT_009,78
TTGAGGAACAACATCTTCCT_010,52
TTGAGGAACAACATCTTCCT_011,18
TTGAGGAACAACATCTTCCT_012,22
TTGAGGAACAACATCTTCCT_013,79
ATGCCCAAGAGACTATACGG_001,58
ATGCCCAAGAGACTATACGG_002,167
ATGCCCAAGAGACTATACGG_003,102
ATGCCCAAGAGACTATACGG_004,102
ATGCCCAAGAGACTATACGG_005,57
ATGCCCAAGAGACTATACGG_006,28
ATGCCCAAGAGACTATACGG_007,8
ATGCCCAAGAGACTATACGG_008,120
ATGCCCAAGAGACTATACGG_009,55
ACTGCTTGCGGAGGTTTACG_001,15
ACTGCTTGCGGAGGTTTACG_002,70
ACTGCTTGCGGAGGTTTACG_003,82
ACTGCTTGCGGAGGTTTACG_004,34
ACTGCTTGCGGAGGTTTACG_005,185
ACTGCTTGCGGAGGTTTACG_006,68
ACTGCTTGCGGAGGTTTACG_007,6
ACTGCTTGCGGAGGTTTACG_008,63
ACTGCTTGCGGAGGTTTACG_009,52
ACTGCTTGCGGAGGTTTACG_010,131
GGGACCACAGGCATACCCAA_001,23
GGGACCACAGGCATACCCAA_002,157
GGGACCACAGGCATACCCAA_003,113
GGGACCACAGGCATACCCAA_004,43
GGGACCACAGGCATACCCAA_005,48
GGGACCACAGGCATACCCAA_006,40
GGGACCACAGGCATACCCAA_007,186
GGGACCACAGGCATACCCAA_008,72
GGGACCACAGGCATACCCAA_009,50
GGGACCACAGGCATACCCAA_010,12
GGGACCACAGGCATACCCAA_011,65
GGGACCACAGGCATACCCAA_012,11
GGGACCACAGGCATACCCAA_013,64
GGGACCACAGGCATACCCAA_014,77
GCCAGGCCCTCCGACCCTCG_001,34
GCCAGGCCCTCCGACCCTCG_002,62
GCCAGGCCCTCCGACCCTCG_003,173
GCCAGGCCCTCCGACCCTCG_004,173
GCCAGGCCCTCCGACCCTCG_005,197
GCCAGGCCCTCCGACCCTCG_006,108
GCCAGGCCCTCCGACCCTCG_007,96
GCCAGGCCCTCCGACCCTCG_008,147
AGTGTAATTTAACTGGGACA_001,149
AGTGTAATTTAACTGGGACA_002,94
AGTGTAATTTAACTGGGACA_003,11
GGTGAACCGCACACACCTAG_001,168
GGTGAACCGCACACACCTAG_002,78
GGTGAACCGCACACACCTAG_003,169
GGTGAACCGCACACACCTAG_004,26
GGTGAACCGCACACACCTAG_005,160
GGTGAACCGCACACACCTAG_006,127
GGTGAACCGCACACACCTAG_007,136
GGTGAACCGCACACACCTAG_008,137
GGTGAACCGCACACACCTAG_009,60
GGTGAACCGCACACACCTAG_010,155
TAGAAGAGTACAACGAGACT_001,81
TAGAAGAGTACAACGAGACT_002,35
TAGAAGAGTACAACGAGACT_003,180
GATAATCCAGTACCAAGAGA_001,46
GCATGGTGTTGGTCGACATG_001,76
GCATGGTGTTGGTCGACATG_002,197
GCATGGTGTTGGTCGACATG_003,172
GCATGGTGTTGGTCGACATG_004,1
GCATGGTGTTGGTCGACATG_005,70
GCATGGTGTTGGTCGACATG_006,98
GCATGGTGTTGGTCGACATG_007,35
GCATGGTGTTGGTCGACATG_008,94
GCATGGTGTTGGTCGACATG_009,139
GCATGGTGTTGGTCGACATG_010,120
GCATGGTGTTGGTCGACATG_011,56
GCATGGTGTTGGTCGACATG_012,141
GCATGGTGTTGGTCGACATG_013,41
GCATGGTGTTGGTCGACATG_014,84
GCATGGTGTTGGTCGACATG_015,158
GCATGGTGTTGGTCGACATG_016,15
GCATGGTGTTGGTCGACATG_017,70
GCATGGTGTTGGTCGACATG_018,11
GCATGGTGTTGGTCGACATG_019,192
GCATGGTGTTGGTCGACATG_020,197
GCATGGTGTTGGTCGACATG_021,106
GCATGGTGTTGGTCGACATG_022,197
GCATGGTGTTGGTCGACATG_023,113
GCATGGTGTTGGTCGACATG_024,76
GCATGGTGTTGGTCGACATG_025,172
GCATGGTGTTGGTCGACATG_026,66
GCATGGTGTTGGTCGACATG_027,10
GCATGGTGTTGGTCGACATG_028,179
GCATGGTGTTGGTCGACATG_029,72
TCAAAAGTGACCACGGACGC_001,54
TCAAAAGTGACCACGGACGC_002,9
TCAAAAGTGACCACGGACGC_003,19
TCAAAAGTGACCACGGACGC_004,15
TCAAAAGTGACCACGGACGC_005,177
TCAAAAGTGACCACGGACGC_006,70
TCAAAAGTGACCACGGACGC_007,168
TCAAAAGTGACCACGGACGC_008,141
TCAAAAGTGACCACGGACGC_009,55
TCAAAAGTGACCACGGACGC_010,193
TCAAAAGTGACCACGGACGC_011,193
TCAAAAGTGACCACGGACGC_012,21
TCAAAAGTGACCACGGACGC_013,145
TCAAAAGTGACCACGGACGC_014,72
TCAAAAGTGACCACGGACGC_015,72
TCAAAAGTGACCACGGACGC_016,91
TCAAAAGTGACCACGGACGC_017,51
TCAAAAGTGACCACGGACGC_018,176
TCAAAAGTGACCACGGACGC_019,162
TCAAAAGTGACCACGGACGC_020,168
TCAAAAGTGACCACGGACGC_021,58
TCAAAAGTGACCACGGACGC_022,50
TCAAAAGTGACCACGGACGC_023,25
TCAAAAGTGACCACGGACGC_024,1
TCAAAAGTGACCACGGACGC_025,1
TCAAAAGTGACCACGGACGC_026,112
TCAAAAGTGACCACGGACGC_027,127
TCAAAAGTGACCACGGACGC_028,105
TCAAAAGTGACCACGGACGC_029,96
TCAAAAGTGACCACGGACGC_030,65
TCAAAAGTGACCACGGACGC_031,11
TCAAAAGTGACCACGGACGC_032,103
CCCGAGCACTTCGTTTGCGG_001,134
CCCGAGCACTTCGTTTGCGG_002,176
CCCGAGCACTTCGTTTGCGG_003,134
CCCGAGCACTTCGTTTGCGG_004,23
CCCGAGCACTTCGTTTGCGG_005,125
CCCGAGCACTTCGTTTGCGG_006,105
CCCGAGCACTTCGTTTGCGG_007,65
CCCGAGCACTTCGTTTGCGG_008,134
CCCGAGCACTTCGTTTGCGG_009,65
CCCGAGCACTTCGTTTGCGG_010,2
CCCGAGCACTTCGTTTGCGG_011,43
CCCGAGCACTTCGTTTGCGG_012,49
CCCGAGCACTTCGTTTGCGG_013,130
CCCGAGCACTTCGTTTGCGG_014,153
CCCGAGCACTTCGTTTGCGG_015,11
CCCGAGCACTTCGTTTGCGG_016,110
CCATATGAACATCCGGCTAG_001,130
CCATATGAACATCCGGCTAG_002,55
CCATATGAACATCCGGCTAG_003,127
CCATATGAACATCCGGCTAG_004,14
CCATATGAACATCCGGCTAG_005,104
CACCCCTTACCCGATCCTTG_001,194
CACCCCTTACCCGATCCTTG_002,177
CACCCCTTACCCGATCCTTG_003,82
CACCCCTTACCCGATCCTTG_004,93
CACCCCTTACCCGATCCTTG_005,82
CACCCCTTACCCGATCCTTG_006,6
CACCCCTTACCCGATCCTTG_007,138
CACCCCTTACCCGATCCTTG_008,161
CACCCCTTACCCGATCCTTG_009,28
CTCAGCTACGTGCAGTCGCG_001,163
CTCAGCTACGTGCAGTCGCG_002,142
CTCAGCTACGTGCAGTCGCG_003,21
CTCAGCTACGTGCAGTCGCG_004,137
CTCAGCTACGTGCAGTCGCG_005,70
CTCAGCTACGTGCAGTCGCG_006,48
CTCAGCTACGTGCAGTCGCG_007,62
CTCAGCTACGTGCAGTCGCG_008,147
CTCAGCTACGTGCAGTCGCG_009,108
CTCAGCTACGTGCAGTCGCG_010,133
CTCAGCTACGTGCAGTCGCG_011,68
CTCAGCTACGTGCAGTCGCG_012,189
CTCAGCTACGTGCAGTCGCG_013,149
CTCAGCTACGTGCAGTCGCG_014,169
CTCAGCTACGTGCAGTCGCG_015,45
CTCAGCTACGTGCAGTCGCG_016,197
CTCAGCTACGTGCAGTCGCG_017,10
CTCAGCTACGTGCAGTCGCG_018,43
ATCGCCAGCAAATATCAGCA_001,170
ATCGCCAGCAAATATCAGCA_002,178
ATCGCCAGCAAATATCAGCA_003,73
ATCGCCAGCAAATATCAGCA_004,11
ATCGCCAGCAAATATCAGCA_005,50
ATCGCCAGCAAATATCAGCA_006,58
ATCGCCAGCAAATATCAGCA_007,178
ATCGCCAGCAAATATCAGCA_008,147
ATCGCCAGCAAATATCAGCA_009,199
AGAAGGGGCCCTTCTTGATG_001,102
AGAAGGGGCCCTTCTTGATG_002,14
AGAAGGGGCCCTTCTTGATG_003,94
AGAAGGGGCCCTTCTTGATG_004,6
AGAAGGGGCCCTTCTTGATG_005,173
AGAAGGGGCCCTTCTTGATG_006,173
AGAAGGGGCCCTTCTTGATG_007,36
AGAAGGGGCCCTTCTTGATG_008,1
AGAAGGGGCCCTTCTTGATG_009,18
AGAAGGGGCCCTTCTTGATG_010,130
AGAAGGGGCCCTTCTTGATG_011,48
CCAAAGTGTACCCTCACCCT_001,48
CCAAAGTGTACCCTCACCCT_002,159
CCAAAGTGTACCCTCACCCT_003,185
CCAAAGTGTACCCTCACCCT_004,169
CCAAAGTGTACCCTCACCCT_005,50
CCAAAGTGTACCCTCACCCT_006,3
CCAAAGTGTACCCTCACCCT_007,125
CCAAAGTGTACCCTCACCCT_008,88
CCAAAGTGTACCCTCACCCT_009,75
CCAAAGTGTACCCTCACCCT_010,88
CCAAAGTGTACCCTCACCCT_011,162
GCCCCAGAAACGAAATACAG_001,24
GCCCCAGAAACGAAATACAG_002,115
GCCCCAGAAACGAAATACAG_003,198
GCCCCAGAAACGAAATACAG_004,2
GCCCCAGAAACGAAATACAG_005,60
GCCCCAGAAACGAAATACAG_006,13
GCCCCAGAAACGAAATACAG_007,106
GCCCCAGAAACGAAATACAG_008,14
GCCCCAGAAACGAAATACAG_009,124
GCCCCAGAAACGAAATACAG_010,161
GCCCCAGAAACGAAATACAG_011,36
GCCCCAGAAACGAAATACAG_012,135
GCCCCAGAAACGAAATACAG_013,116
GCCCCAGAAACGAAATACAG_014,33
GCCCCAGAAACGAAATACAG_015,147
GCCCCAGAAACGAAATACAG_016,56
GCCCCAGAAACGAAATACAG_017,46
CAGTATCATCAACCGGATCG_001,137
CAGTATCATCAACCGGATCG_002,136
CAGTATCATCAACCGGATCG_003,136
CAGTATCATCAACCGGATCG_004,160
CAGTATCATCAACCGGATCG_005,147
CAGTATCATCAACCGGATCG_006,39
ACAGTAGAAGAAATACGTTG_001,72
ACAGTAGAAGAAATACGTTG_002,58
ACAGTAGAAGAAATACGTTG_003,39
ACAGTAGAAGAAATACGTTG_004,188
ACAGTAGAAGAAATACGTTG_005,96
AAGATATCAGGGTCAGAGTG_001,194
AAGATATCAGGGTCAGAGTG_002,199
AAGATATCAGGGTCAGAGTG_003,77
AAGATATCAGGGTCAGAGTG_004,6
AAGATATCAGGGTCAGAGTG_005,12
AAGATATCAGGGTCAGAGTG_006,140
AAGATATCAGGGTCAGAGTG_007,16
AAGATATCAGGGTCAGAGTG_008,121
AAGATATCAGGGTCAGAGTG_009,36
AAGATATCAGGGTCAGAGTG_010,61
AAGATATCAGGGTCAGAGTG_011,60
AAGATATCAGGGTCAGAGTG_012,21
AAGATATCAGGGTCAGAGTG_013,16
AAGATATCAGGGTCAGAGTG_014,132
AAGATATCAGGGTCAGAGTG_015,113
CCTGAGAGTCATGACCCCTG_001,41
CCTGAGAGTCATGACCCCTG_002,41
CCTGAGAGTCATGACCCCTG_003,146
CCTGAGAGTCATGACCCCTG_004,4
CCTGAGAGTCATGACCCCTG_005,1
CCTGAGAGTCATGACCCCTG_006,139
CCTGAGAGTCATGACCCCTG_007,41
CCGTCTGAAAATCATGATGC_001,129
CCGTCTGAAAATCATGATGC_002,26
CCGTCTGAAAATCATGATGC_003,175
CCGTCTGAAAATCATGATGC_004,127
CCGTCTGAAAATCATGATGC_005,126
CCGTCTGAAAATCATGATGC_006,78
CCGTCTGAAAATCATGATGC_007,108
CCGTCTGAAAATCATGATGC_008,80
GGATACATCTTCTAAATGTG_001,47
GGATACATCTTCTAAATGTG_002,47
GGATACATCTTCTAAATGTG_003,78
GGATACATCTTCTAAATGTG_004,56
TCTGCGAGTTCGATTACTTG_001,65
TCTGCGAGTTCGATTACTTG_002,198
GGGAGGATTCATATTAACTG_001,42
GGGAGGATTCATATTAACTG_002,50
GGGAGGATTCATATTAACTG_003,145
GGGAGGATTCATATTAACTG_004,63
GGGAGGATTCATATTAACTG_005,63
GGGAGGATTCATATTAACTG_006,50
GGGAGGATTCATATTAACTG_007,70
TCTAACAGACCTAAGTCTAC_001,94
TCTAACAGACCTAAGTCTAC_002,48
TCTAACAGACCTAAGTCTAC_003,29
TCTAACAGACCTAAGTCTAC_004,30
ACATCTCCGTTTGTTGCACA_001,135
ACATCTCCGTTTGTTGCACA_002,2
ACATCTCCGTTTGTTGCACA_003,198
ACATCTCCGTTTGTTGCACA_004,168
ACATCTCCGTTTGTTGCACA_005,178
ACATCTCCGTTTGTTGCACA_006,36
ACATCTCCGTTTGTTGCACA_007,61
ACATCTCCGTTTGTTGCACA_008,157
ATGGCCAAATATGATCTCCC_001,68
TGCAGCAGCTATCGACAACA_001,137
TGCAGCAGCTATCGACAACA_002,96
TGCAGCAGCTATCGACAACA_003,26
TGCAGCAGCTATCGACAACA_004,24
TGCAGCAGCTATCGACAACA_005,54
TGCAGCAGCTATCGACAACA_006,135
TGCAGCAGCTATCGACAACA_007,179
TGCAGCAGCTATCGACAACA_008,130
TGCAGCAGCTATCGACAACA_009,5
TGCAGCAGCTATCGACAACA_010,133
TGCAGCAGCTATCGACAACA_011,119
TGCAGCAGCTATCGACAACA_012,168
TGCACGCAGAGCGAGTGGCA_001,57
TGCACGCAGAGCGAGTGGCA_002,41
TGCACGCAGAGCGAGTGGCA_003,60
TGCACGCAGAGCGAGTGGCA_004,103
TGCACGCAGAGCGAGTGGCA_005,48
TGCACGCAGAGCGAGTGGCA_006,199
TGCACGCAGAGCGAGTGGCA_007,159
TGCACGCAGAGCGAGTGGCA_008,48
TGCACGCAGAGCGAGTGGCA_009,198
TGCACGCAGAGCGAGTGGCA_010,146
TGCACGCAGAGCGAGTGGCA_011,152
TGCACGCAGAGCGAGTGGCA_012,187
TGCACGCAGAGCGAGTGGCA_013,197
TGCACGCAGAGCGAGTGGCA_014,19
TGCACGCAGAGCGAGTGGCA_015,30
TGCACGCAGAGCGAGTGGCA_016,85
TGCACGCAGAGCGAGTGGCA_017,176
TGCACGCAGAGCGAGTGGCA_018,146
TGCACGCAGAGCGAGTGGCA_019,69
TGCACGCAGAGCGAGTGGCA_020,41
TGCACGCAGAGCGAGTGGCA_021,72
TGCACGCAGAGCGAGTGGCA_022,82
TGCACGCAGAGCGAGTGGCA_023,13
TGCACGCAGAGCGAGTGGCA_024,160
TGCACGCAGAGCGAGTGGCA_025,84
TGCACGCAGAGCGAGTGGCA_026,137
TGCACGCAGAGCGAGTGGCA_027,151
TGCACGCAGAGCGAGTGGCA_028,1
GAAGTTACACTTCAAAGTCA_001,81
GAAGTTACACTTCAAAGTCA_002,78
GAAGTTACACTTCAAAGTCA_003,5
GAAGTTACACTTCAAAGTCA_004,157
GAAGTTACACTTCAAAGTCA_005,82
TTACGGATAAGATTAACCAT_001,96
TTACGGATAAGATTAACCAT_002,119
TTACGGATAAGATTAACCAT_003,182
GGCAGGCCACAGTCACGGCA_001,189
GGCAGGCCACAGTCACGGCA_002,117
GGCAGGCCACAGTCACGGCA_003,169
GGCAGGCCACAGTCACGGCA_004,43
GGCAGGCCACAGTCACGGCA_005,11
GGCAGGCCACAGTCACGGCA_006,156
GGCAGGCCACAGTCACGGCA_007,32
GGCAGGCCACAGTCACGGCA_008,8
GGCAGGCCACAGTCACGGCA_009,177
GGCAGGCCACAGTCACGGCA_010,111
GGCAGGCCACAGTCACGGCA_011,142
GGCAGGCCACAGTCACGGCA_012,144
GGCAGGCCACAGTCACGGCA_013,105
GGCAGGCCACAGTCACGGCA_014,58
GGCAGGCCACAGTCACGGCA_015,65
GGCAGGCCACAGTCACGGCA_016,43
GGCAGGCCACAGTCACGGCA_017,179
GGCAGGCCACAGTCACGGCA_018,3
GGCAGGCCACAGTCACGGCA_019,3
GGCAGGCCACAGTCACGGCA_020,180
TCTTATAACTGAATTACCAG_001,1
TCTTATAACTGAATTACCAG_002,78
GACCCATTAGGGTACACAGT_001,38
GACCCATTAGGGTACACAGT_002,75
GACCCATTAGGGTACACAGT_003,161
TCAGCAACACTACCTCAAAG_001,127
TCAGCAACACTACCTCAAAG_002,64
TCAGCAACACTACCTCAAAG_003,142
GCAGAGCGTATCAAGCGCAG_001,185
GCAGAGCGTATCAAGCGCAG_002,15
GCAGAGCGTATCAAGCGCAG_003,138
GCAGAGCGTATCAAGCGCAG_004,39
GCAGAGCGTATCAAGCGCAG_005,76
GCAGAGCGTATCAAGCGCAG_006,113
GCAGAGCGTATCAAGCGCAG_007,77
GCAGAGCGTATCAAGCGCAG_008,29
GCTTGCTTAACAGCCTCCAA_001,138
GCTTGCTTAACAGCCTCCAA_002,70
GCTTGCTTAACAGCCTCCAA_003,127
GCTTGCTTAACAGCCTCCAA_004,58
GCTTGCTTAACAGCCTCCAA_005,9
GCTTGCTTAACAGCCTCCAA_006,88
GCTTGCTTAACAGCCTCCAA_007,102
GCTTGCTTAACAGCCTCCAA_008,156
GCTTGCTTAACAGCCTCCAA_009,88
GCTTGCTTAACAGCCTCCAA_010,10
GCTTGCTTAACAGCCTCCAA_011,0
GCTTGCTTAACAGCCTCCAA_012,113
AAGTGCTAATACCTTTATGG_001,58
AAGTGCTAATACCTTTATGG_002,180
GATACTTACATATGTACATG_001,130
GATACTTACATATGTACATG_002,65
GATACTTACATATGTACATG_003,51
GATACTTACATATGTACATG_004,116
AAGAGAGCTACAGTCGTTAG_001,199
AAAGAAAAAAGAGGGTCCCG_001,35
AAAGAAAAAAGAGGGTCCCG_002,3
AAAGAAAAAAGAGGGTCCCG_003,9
AAAGAAAAAAGAGGGTCCCG_004,44
AAAGAAAAAAGAGGGTCCCG_005,55
AAAGAAAAAAGAGGGTCCCG_006,151
GAACCCTGTGCGGATTCTTG_001,108
GAACCCTGTGCGGATTCTTG_002,125
GAACCCTGTGCGGATTCTTG_003,11
GAACCCTGTGCGGATTCTTG_004,77
GAACCCTGTGCGGATTCTTG_005,136
GAACCCTGTGCGGATTCTTG_006,35
GACATCCTGACTCTTGCATG_001,83
GACATCCTGACTCTTGCATG_002,79
GACATCCTGACTCTTGCATG_003,138
GACATCCTGACTCTTGCATG_004,184
GACATCCTGACTCTTGCATG_005,126
GACATCCTGACTCTTGCATG_006,6
GACATCCTGACTCTTGCATG_007,2
GACATCCTGACTCTTGCATG_008,48
GACATCCTGACTCTTGCATG_009,48
TCTGCAGGTTTGGATTGACG_001,166
TCTGCAGGTTTGGATTGACG_002,118
TCTGCAGGTTTGGATTGACG_003,67
TCTGCAGGTTTGGATTGACG_004,16
TCTGCAGGTTTGGATTGACG_005,9
TGAGTGGGCCTTACCGAGGT_001,64
TGAGTGGGCCTTACCGAGGT_002,23
TGAGTGGGCCTTACCGAGGT_003,146
TGGGAAATCAGAATTCCGAG_001,16
TGGGAAATCAGAATTCCGAG_002,182
TGGGAAATCAGAATTCCGAG_003,15
TGGGAAATCAGAATTCCGAG_004,34
TGGGAAATCAGAATTCCGAG_005,48
TGGGAAATCAGAATTCCGAG_006,113
TGGGAAATCAGAATTCCGAG_007,72
GAGCTGTCCCAACGGCATGG_001,188
GAGCTGTCCCAACGGCATGG_002,170
GAGCTGTCCCAACGGCATGG_003,132
GAGCTGTCCCAACGGCATGG_004,37
GAGCTGTCCCAACGGCATGG_005,2
GAGCTGTCCCAACGGCATGG_006,132
GAGCTGTCCCAACGGCATGG_007,189
GAGCTGTCCCAACGGCATGG_008,189
GAGCTGTCCCAACGGCATGG_009,110
GAGCTGTCCCAACGGCATGG_010,81
GAGCTGTCCCAACGGCATGG_011,16
GAGCTGTCCCAACGGCATGG_012,33
GAGCTGTCCCAACGGCATGG_013,185
GAGCTGTCCCAACGGCATGG_014,184
GAGCTGTCCCAACGGCATGG_015,8
GAGCTGTCCCAACGGCATGG_016,1
GAGCTGTCCCAACGGCATGG_017,186
GAGCTGTCCCAACGGCATGG_018,115
GAGCTGTCCCAACGGCATGG_019,44
GAGCTGTCCCAACGGCATGG_020,154
GAGCTGTCCCAACGGCATGG_021,183
GAGCTGTCCCAACGGCATGG_022,141
GAGCTGTCCCAACGGCATGG_023,88
GAGCTGTCCCAACGGCATGG_024,84
GAGCTGTCCCAACGGCATGG_025,49
GAGCTGTCCCAACGGCATGG_026,94
GAGCTGTCCCAACGGCATGG_027,151
GAGCTGTCCCAACGGCATGG_028,133
GAGCTGTCCCAACGGCATGG_029,127
GAGCTGTCCCAACGGCATGG_030,176
GAGCTGTCCCAACGGCATGG_031,124
GAGCTGTCCCAACGGCATGG_032,197
GAGCTGTCCCAACGGCATGG_033,66
GAGCTGTCCCAACGGCATGG_034,19
GAGCTGTCCCAACGGCATGG_035,46
GAGCTGTCCCAACGGCATGG_036,158
CAGCAGCTGGCCACACAAGT_001,121
CAGCAGCTGGCCACACAAGT_002,162
CAGCAGCTGGCCACACAAGT_003,8
CAGCAGCTGGCCACACAAGT_004,78
CAGCAGCTGGCCACACAAGT_005,81
CAGCAGCTGGCCACACAAGT_006,61
CAGCAGCTGGCCACACAAGT_007,110
AGCCGGCAAGAACTACAACA_001,103
AGCCGGCAAGAACTACAACA_002,154
AGCCGGCAAGAACTACAACA_003,83
AGCCGGCAAGAACTACAACA_004,10
AGCCGGCAAGAACTACAACA_005,150
AGCCGGCAAGAACTACAACA_006,29
AGCCGGCAAGAACTACAACA_007,27
AGCCGGCAAGAACTACAACA_008,68
AGCCGGCAAGAACTACAACA_009,191
AGCCGGCAAGAACTACAACA_010,177
AGCCGGCAAGAACTACAACA_011,102
AGCCGGCAAGAACTACAACA_012,172
CAGTTCACAGGTGAACCAGT_001,18
CAGTTCACAGGTGAACCAGT_002,137
CAGTTCACAGGTGAACCAGT_003,96
CAGTTCACAGGTGAACCAGT_004,138
CAGTTCACAGGTGAACCAGT_005,85
CAGTTCACAGGTGAACCAGT_006,49
CAGTTCACAGGTGAACCAGT_007,39
CAGTTCACAGGTGAACCAGT_008,9
CCGCAACCTGAGCTCCACCA_001,88
CCGCAACCTGAGCTCCACCA_002,169
CCGCAACCTGAGCTCCACCA_003,50
CCGCAACCTGAGCTCCACCA_004,193
CCGCAACCTGAGCTCCACCA_005,118
CCGCAACCTGAGCTCCACCA_006,110
CCGCAACCTGAGCTCCACCA_007,87
CCGCAACCTGAGCTCCACCA_008,36
CCGCAACCTGAGCTCCACCA_009,56
CCGCAACCTGAGCTCCACCA_010,194
GAATTAGATCCATAGTCATA_001,78
GAATTAGATCCATAGTCATA_002,144
GAATTAGATCCATAGTCATA_003,76
GAATTAGATCCATAGTCATA_004,41
GAATTAGATCCATAGTCATA_005,156
GAATTAGATCCATAGTCATA_006,118
GAATTAGATCCATAGTCATA_007,155
GAATTAGATCCATAGTCATA_008,71
CAAGCCAGCGAAGTGAAGTG_001,29
CAAGCCAGCGAAGTGAAGTG_002,102
CAAGCCAGCGAAGTGAAGTG_003,53
CAAGCCAGCGAAGTGAAGTG_004,69
CAAGCCAGCGAAGTGAAGTG_005,116
CAAGCCAGCGAAGTGAAGTG_006,19
CAAGCCAGCGAAGTGAAGTG_007,144
CAAGCCAGCGAAGTGAAGTG_008,63
CGATGCCCACGATGACCGAA_001,198
CGATGCCCACGATGACCGAA_002,110
CGATGCCCACGATGACCGAA_003,2
CGATGCCCACGATGACCGAA_004,86
CGATGCCCACGATGACCGAA_005,46
CGATGCCCACGATGACCGAA_006,68
CGATGCCCACGATGACCGAA_007,148
CGATGCCCACGATGACCGAA_008,175
CGATGCCCACGATGACCGAA_009,198
TAAAAACTGGCAGCTCACGG_001,58
TAAAAACTGGCAGCTCACGG_002,166
TAAAAACTGGCAGCTCACGG_003,148
TAAAAACTGGCAGCTCACGG_004,23
TAAAAACTGGCAGCTCACGG_005,19
TAAAAACTGGCAGCTCACGG_006,121
TAAAAACTGGCAGCTCACGG_007,184
TAAAAACTGGCAGCTCACGG_008,62
TAAAAACTGGCAGCTCACGG_009,17
TAAAAACTGGCAGCTCACGG_010,171
TAAAAACTGGCAGCTCACGG_011,10
TAAAAACTGGCAGCTCACGG_012,61
AGTTCGAAGCTTTGCCAACG_001,128
AGTTCGAAGCTTTGCCAACG_002,1
AGTTCGAAGCTTTGCCAACG_003,106
AGTTCGAAGCTTTGCCAACG_004,22
AGTTCGAAGCTTTGCCAACG_005,115
AGTTCGAAGCTTTGCCAACG_006,116
AGTTCGAAGCTTTGCCAACG_007,146
AGTTCGAAGCTTTGCCAACG_008,107
AGTTCGAAGCTTTGCCAACG_009,125
AGTTCGAAGCTTTGCCAACG_010,43
AGTTCGAAGCTTTGCCAACG_011,141
AGTTCGAAGCTTTGCCAACG_012,15
AGTTCGAAGCTTTGCCAACG_013,170
AGTTCGAAGCTTTGCCAACG_014,86
AGTTCGAAGCTTTGCCAACG_015,114
AGTTCGAAGCTTTGCCAACG_016,127
AGTTCGAAGCTTTGCCAACG_017,70
AGTTCGAAGCTTTGCCAACG_018,28
AGTTCGAAGCTTTGCCAACG_019,49
CAGACATAATGAGTGTGGAT_001,106
CAGACATAATGAGTGTGGAT_002,194
CAGACATAATGAGTGTGGAT_003,15
CAGACATAATGAGTGTGGAT_004,17
CAGACATAATGAGTGTGGAT_005,191
CAGACATAATGAGTGTGGAT_006,57
AAATGCCAAACTTCGACTGA_001,73
AAATGCCAAACTTCGACTGA_002,21
AAATGCCAAACTTCGACTGA_003,140
AAATGCCAAACTTCGACTGA_004,78
AAATGCCAAACTTCGACTGA_005,81
AAATGCCAAACTTCGACTGA_006,152
AAGCCCGAGCCAGATAAAGT_001,8
AAGCCCGAGCCAGATAAAGT_002,182
GCTCTAAAGATGTGCTCCAG_001,176
GAAGGGCCTTAGTGTCCGAT_001,65
GAAGGGCCTTAGTGTCCGAT_002,62
GAAGGGCCTTAGTGTCCGAT_003,56
GAAGGGCCTTAGTGTCCGAT_004,20
GAAGGGCCTTAGTGTCCGAT_005,52
GAAGGGCCTTAGTGTCCGAT_006,52
GTAGGGCAGTTCATTCATCT_001,71
GTAGGGCAGTTCATTCATCT_002,98
GTAGGGCAGTTCATTCATCT_003,176
GTAGGGCAGTTCATTCATCT_004,145
GGATCGGCATCCGGTTCTCG_001,68
GGATCGGCATCCGGTTCTCG_002,88
GGATCGGCATCCGGTTCTCG_003,41
CACAAGAAATGCTATAAAAA_001,41
CACAAGAAATGCTATAAAAA_002,25
CACAAGAAATGCTATAAAAA_003,160
TTGCACCATACACCCAGAGA_001,19
TTGCACCATACACCCAGAGA_002,97
TTGCACCATACACCCAGAGA_003,34
TTGCACCATACACCCAGAGA_004,56
TGATGCTCTGTATCCCAACG_001,113
TGATGCTCTGTATCCCAACG_002,62
CAAGCGCAGCATGCTCACGT_001,48
CAAGCGCAGCATGCTCACGT_002,131
CAAGCGCAGCATGCTCACGT_003,158
CAAGCGCAGCATGCTCACGT_004,169
CAAGCGCAGCATGCTCACGT_005,66
CAAGCGCAGCATGCTCACGT_006,117
CAAGCGCAGCATGCTCACGT_007,161
CAAGCGCAGCATGCTCACGT_008,108
CAAGCGCAGCATGCTCACGT_009,22
CAAGCGCAGCATGCTCACGT_010,11
CAAGCGCAGCATGCTCACGT_011,179
CAAGCGCAGCATGCTCACGT_012,40
CAAGCGCAGCATGCTCACGT_013,113
CAAGCGCAGCATGCTCACGT_014,41
CAAGCGCAGCATGCTCACGT_015,168
CAAGCGCAGCATGCTCACGT_016,56
CAAGCGCAGCATGCTCACGT_017,138
CAAGCGCAGCATGCTCACGT_018,197
CAAGCGCAGCATGCTCACGT_019,66
CAAGCGCAGCATGCTCACGT_020,10
CAAGCGCAGCATGCTCACGT_021,157
TGGTGTTAGTTGGACTCCCG_001,97
TGGTGTTAGTTGGACTCCCG_002,139
TGGTGTTAGTTGGACTCCCG_003,17
TGGTGTTAGTTGGACTCCCG_004,17
TGGTGTTAGTTGGACTCCCG_005,1
TGGTGTTAGTTGGACTCCCG_006,62
TGGTGTTAGTTGGACTCCCG_007,19
TGGTGTTAGTTGGACTCCCG_008,31
TGGTGTTAGTTGGACTCCCG_009,94
TGGTGTTAGTTGGACTCCCG_010,107
TGGTGTTAGTTGGACTCCCG_011,17
TGGTGTTAGTTGGACTCCCG_012,57
TGGTGTTAGTTGGACTCCCG_013,57
TGGTGTTAGTTGGACTCCCG_014,85
TGGTGTTAGTTGGACTCCCG_015,64
GCACCGGGCATACTCTCCCA_001,94
GCACCGGGCATACTCTCCCA_002,14
GCACCGGGCATACTCTCCCA_003,56
GCACCGGGCATACTCTCCCA_004,184
GCATGAAGAACGCATACAGG_001,161
GCATGAAGAACGCATACAGG_002,97
GCATGAAGAACGCATACAGG_003,15
GCATGAAGAACGCATACAGG_004,94
GCATGAAGAACGCATACAGG_005,102
GCATGAAGAACGCATACAGG_006,87
GCATGAAGAACGCATACAGG_007,170
CCAGCTGGACAGCACGAAGT_001,50
CCAGCTGGACAGCACGAAGT_002,29
CCAGCTGGACAGCACGAAGT_003,65
CCAGCTGGACAGCACGAAGT_004,21
CCAGCTGGACAGCACGAAGT_005,88
CCAGCTGGACAGCACGAAGT_006,58
CCAGCTGGACAGCACGAAGT_007,19
CCAGCTGGACAGCACGAAGT_008,130
GCCAAAGACTCCCAACGCAG_001,51
GCCAAAGACTCCCAACGCAG_002,115
GCCAAAGACTCCCAACGCAG_003,146
GCCAAAGACTCCCAACGCAG_004,199
GCCAAAGACTCCCAACGCAG_005,26
GCCAAAGACTCCCAACGCAG_006,160
GCCAAAGACTCCCAACGCAG_007,134
GCCAAAGACTCCCAACGCAG_008,34
GCCAAAGACTCCCAACGCAG_009,178
GCCAAAGACTCCCAACGCAG_010,31
GCCAAAGACTCCCAACGCAG_011,54
GCCAAAGACTCCCAACGCAG_012,189
GCCAAAGACTCCCAACGCAG_013,103
GCCAAAGACTCCCAACGCAG_014,63
GCCAAAGACTCCCAACGCAG_015,156
GCCAAAGACTCCCAACGCAG_016,35
GCCAAAGACTCCCAACGCAG_017,8
GCCAAAGACTCCCAACGCAG_018,88
GCCAAAGACTCCCAACGCAG_019,88
GCCAAAGACTCCCAACGCAG_020,194
GCCAAAGACTCCCAACGCAG_021,96
GCCAAAGACTCCCAACGCAG_022,9
GCCAAAGACTCCCAACGCAG_023,150
GCCAAAGACTCCCAACGCAG_024,157
GCCAAAGACTCCCAACGCAG_025,162
GCCAAAGACTCCCAACGCAG_026,177
GCCAAAGACTCCCAACGCAG_027,139
GCCAAAGACTCCCAACGCAG_028,107
GCCAAAGACTCCCAACGCAG_029,115
GCCAAAGACTCCCAACGCAG_030,9
GCCAAAGACTCCCAACGCAG_031,53
GCCAAAGACTCCCAACGCAG_032,36
GCCAAAGACTCCCAACGCAG_033,63
GCCAAAGACTCCCAACGCAG_034,55
GGGGAGCCAACCAGGACTCG_001,183
GGGGAGCCAACCAGGACTCG_002,41
GGGGAGCCAACCAGGACTCG_003,41
GGGGAGCCAACCAGGACTCG_004,98
GGGGAGCCAACCAGGACTCG_005,4
GGGGAGCCAACCAGGACTCG_006,34
GGGGAGCCAACCAGGACTCG_007,78
GGGGAGCCAACCAGGACTCG_008,168
GGGGAGCCAACCAGGACTCG_009,199
GGGGAGCCAACCAGGACTCG_010,146
GGGGAGCCAACCAGGACTCG_011,6
ACGGTGGATGCTCGTAACCA_001,158
ACGGTGGATGCTCGTAACCA_002,186
ACGGTGGATGCTCGTAACCA_003,174
ACGGTGGATGCTCGTAACCA_004,197
ACGGTGGATGCTCGTAACCA_005,166
ACGGTGGATGCTCGTAACCA_006,188
ACGGTGGATGCTCGTAACCA_007,77
ACGGTGGATGCTCGTAACCA_008,105
ACGGTGGATGCTCGTAACCA_009,16
ACGGTGGATGCTCGTAACCA_010,117
ACGGTGGATGCTCGTAACCA_011,56
ACGGTGGATGCTCGTAACCA_012,22
ACGGTGGATGCTCGTAACCA_013,145
ACGGTGGATGCTCGTAACCA_014,160
ACGGTCTGCCAGATTGTCAG_001,124
ACGGTCTGCCAGATTGTCAG_002,24
ACGGTCTGCCAGATTGTCAG_003,70
ACGGTCTGCCAGATTGTCAG_004,160
ACGGTCTGCCAGATTGTCAG_005,79
ACGGTCTGCCAGATTGTCAG_006,149
ACGGTCTGCCAGATTGTCAG_007,137
ACGGTCTGCCAGATTGTCAG_008,35
ACGGTCTGCCAGATTGTCAG_009,198
ACGGTCTGCCAGATTGTCAG_010,150
ACGGTCTGCCAGATTGTCAG_011,130
ACGGTCTGCCAGATTGTCAG_012,43
ACGGTCTGCCAGATTGTCAG_013,177
ACGGTCTGCCAGATTGTCAG_014,60
ACGGTCTGCCAGATTGTCAG_015,142
ACGGTCTGCCAGATTGTCAG_016,138
ACGGTCTGCCAGATTGTCAG_017,136
ACGGTCTGCCAGATTGTCAG_018,124
ACGGTCTGCCAGATTGTCAG_019,199
ACGGTCTGCCAGATTGTCAG_020,63
ACGGTCTGCCAGATTGTCAG_021,57
ACGGTCTGCCAGATTGTCAG_022,127
ACGGTCTGCCAGATTGTCAG_023,184
AGTGCCTGCTATTGACAACT_001,8
AGTGCCTGCTATTGACAACT_002,83
AGTGCCTGCTATTGACAACT_003,43
CCTAGAAGCGCGTAATGCTG_001,78
CCTAGAAGCGCGTAATGCTG_002,57
CCTAGAAGCGCGTAATGCTG_003,42
GCAGAATCACATGACAGCAA_001,41
GCAGAATCACATGACAGCAA_002,81
TGCGTTACACATAACACGTG_001,16
TGCGTTACACATAACACGTG_002,172
TGCGTTACACATAACACGTG_003,67
TGCGTTACACATAACACGTG_004,40
TGGCTGCAATGAGGTCACAA_001,127
TGGCTGCAATGAGGTCACAA_002,50
TGGCTGCAATGAGGTCACAA_003,8
TGGCTGCAATGAGGTCACAA_004,70
TGGCTGCAATGAGGTCACAA_005,84
TGGCTGCAATGAGGTCACAA_006,41
TGGCTGCAATGAGGTCACAA_007,107
TGGTTCCCAAAATATAGTAG_001,48
TGGTTCCCAAAATATAGTAG_002,115
TGGTTCCCAAAATATAGTAG_003,167
TGGTTCCCAAAATATAGTAG_004,162
CCAGGAGGTAACAGGACCAC_001,105
CCAGGAGGTAACAGGACCAC_002,41
CCAGGAGGTAACAGGACCAC_003,193
CCAGGAGGTAACAGGACCAC_004,40
CCAGGAGGTAACAGGACCAC_005,148
CCAGGAGGTAACAGGACCAC_006,38
CCAGGAGGTAACAGGACCAC_007,123
CCAGGAGGTAACAGGACCAC_008,192
CCAGGAGGTAACAGGACCAC_009,33
CCAGGAGGTAACAGGACCAC_010,178
CCAGGAGGTAACAGGACCAC_011,80
AGTGTGATGCCTGTCTAAAG_001,4
AGTGTGATGCCTGTCTAAAG_002,182
AGTGTGATGCCTGTCTAAAG_003,189
AGTGTGATGCCTGTCTAAAG_004,4
AGTGTGATGCCTGTCTAAAG_005,181
CTCCTGTGGAGGCTCCAAGG_001,62
CTCCTGTGGAGGCTCCAAGG_002,70
CTCCTGTGGAGGCTCCAAGG_003,114
CTCCTGTGGAGGCTCCAAGG_004,16
CTCCTGTGGAGGCTCCAAGG_005,112
GTTTAGATGCATCTGAAACC_001,35
GTTTAGATGCATCTGAAACC_002,60
TACCCGCAGACAGTGCAAAA_001,196
TACCCGCAGACAGTGCAAAA_002,43
TACCCGCAGACAGTGCAAAA_003,127
TACCCGCAGACAGTGCAAAA_004,62
TACCCGCAGACAGTGCAAAA_005,132
TACCCGCAGACAGTGCAAAA_006,88
TACCCGCAGACAGTGCAAAA_007,170
TACCCGCAGACAGTGCAAAA_008,194
TACCCGCAGACAGTGCAAAA_009,118
TACCCGCAGACAGTGCAAAA_010,111
TACCCGCAGACAGTGCAAAA_011,61
TACCCGCAGACAGTGCAAAA_012,1
TACCCGCAGACAGTGCAAAA_013,120
TACCCGCAGACAGTGCAAAA_014,188
TACCCGCAGACAGTGCAAAA_015,176
TACCCGCAGACAGTGCAAAA_016,76
AGGCCAAGTGAAGACTACTG_001,84
AGGCCAAGTGAAGACTACTG_002,149
AGGCCAAGTGAAGACTACTG_003,196
AGGCCAAGTGAAGACTACTG_004,191
AGGCCAAGTGAAGACTACTG_005,112
AGGCCAAGTGAAGACTACTG_006,144
AGGCCAAGTGAAGACTACTG_007,170
AGGCCAAGTGAAGACTACTG_008,21
CCTGCGCGAGCAGTGCTACG_001,194
CCTGCGCGAGCAGTGCTACG_002,191
CCTGCGCGAGCAGTGCTACG_003,19
CCTGCGCGAGCAGTGCTACG_004,198
CCTGCGCGAGCAGTGCTACG_005,0
CCTGCGCGAGCAGTGCTACG_006,80
CCTGCGCGAGCAGTGCTACG_007,127
CCTGCGCGAGCAGTGCTACG_008,51
CCTGCGCGAGCAGTGCTACG_009,189
CCTGCGCGAGCAGTGCTACG_010,10
AGAAGGTAGGTTCTCCAGAG_001,198
AGAAGGTAGGTTCTCCAGAG_002,107
AGAAGGTAGGTTCTCCAGAG_003,2
AGAAGGTAGGTTCTCCAGAG_004,8
AGAAGGTAGGTTCTCCAGAG_005,133
AGAAGGTAGGTTCTCCAGAG_006,141
AGAAGGTAGGTTCTCCAGAG_007,116
AGAAGGTAGGTTCTCCAGAG_008,192
AGAAGGTAGGTTCTCCAGAG_009,15
AGAAGGTAGGTTCTCCAGAG_010,111
GGTCAAGTCGTTCATGAGTG_001,162
GGTCAAGTCGTTCATGAGTG_002,0
GGTCAAGTCGTTCATGAGTG_003,151
GGTCAAGTCGTTCATGAGTG_004,18
GGTCAAGTCGTTCATGAGTG_005,73
AAATTCGAGATTTGGAGACA_001,73
AAATTCGAGATTTGGAGACA_002,152
AAGTCCATAGATGCAGGACC_001,119
AAGTCCATAGATGCAGGACC_002,68
AAGTCCATAGATGCAGGACC_003,73
AAGTCCATAGATGCAGGACC_004,98
AAGTCCATAGATGCAGGACC_005,91
AAGTCCATAGATGCAGGACC_006,39
AAGTCCATAGATGCAGGACC_007,122
AAGTCCATAGATGCAGGACC_008,67
GGCGGTGGAGAAGCCGCCGT_001,104
GGCGGTGGAGAAGCCGCCGT_002,152
GGCGGTGGAGAAGCCGCCGT_003,7
GGCGGTGGAGAAGCCGCCGT_004,17
GGCGGTGGAGAAGCCGCCGT_005,113
GGCGGTGGAGAAGCCGCCGT_006,94
GGCGGTGGAGAAGCCGCCGT_007,175
GGCGGTGGAGAAGCCGCCGT_008,156
GGCGGTGGAGAAGCCGCCGT_009,126
GGCGGTGGAGAAGCCGCCGT_010,1
GGCGGTGGAGAAGCCGCCGT_011,105
CTGGGGCTTACCCTGACCAG_001,168
CTGGGGCTTACCCTGACCAG_002,4
CTGGGGCTTACCCTGACCAG_003,140
CTGGGGCTTACCCTGACCAG_004,82
CTGGGGCTTACCCTGACCAG_005,168
CTGGGGCTTACCCTGACCAG_006,75
CTGGGGCTTACCCTGACCAG_007,119
CTGGGGCTTACCCTGACCAG_008,8
TCCGCGCCTTGTACAGCGAG_001,184
AGCCAGCGGTGAATTCCACG_001,82
GGAGCCGTTCGTAATGCGAG_001,26
GGAGCCGTTCGTAATGCGAG_002,25
GGAGCCGTTCGTAATGCGAG_003,132
GGAGCCGTTCGTAATGCGAG_004,127
GGAGCCGTTCGTAATGCGAG_005,158
GGAGCCGTTCGTAATGCGAG_006,24
TGTGAACGTTTCAAGTATGG_001,23
GTAGGGAAGACCCAGAGGGT_001,7
GTAGGGAAGACCCAGAGGGT_002,189
GTAGGGAAGACCCAGAGGGT_003,64
GTAGGGAAGACCCAGAGGGT_004,197
GTAGGGAAGACCCAGAGGGT_005,9
GTAGGGAAGACCCAGAGGGT_006,81
GTAGGGAAGACCCAGAGGGT_007,94
GTAGGGAAGACCCAGAGGGT_008,144
GTAGGGAAGACCCAGAGGGT_009,186
GTAGGGAAGACCCAGAGGGT_010,33
GTAGGGAAGACCCAGAGGGT_011,91
GTAGGGAAGACCCAGAGGGT_012,9
GGAGCTCATTGTAGAATGTG_001,119
GGAGCTCATTGTAGAATGTG_002,128
TACCATATCCTGATAGCATG_001,102
TACCATATCCTGATAGCATG_002,171
TACCATATCCTGATAGCATG_003,22
TACCATATCCTGATAGCATG_004,113
TACCATATCCTGATAGCATG_005,50
ACACAATCTGGCTAATAAGG_001,106
CGGACACTTTAACCCCGAGG_001,82
CGGACACTTTAACCCCGAGG_002,150
GATGCGATTTCGGGACTCGG_001,113
GATGCGATTTCGGGACTCGG_002,168
GATGCGATTTCGGGACTCGG_003,64
GATGCGATTTCGGGACTCGG_004,96
GATGCGATTTCGGGACTCGG_005,145
GATGCGATTTCGGGACTCGG_006,102
GATGCGATTTCGGGACTCGG_007,142
GATGCGATTTCGGGACTCGG_008,8
GATGCGATTTCGGGACTCGG_009,140
GATGCGATTTCGGGACTCGG_010,177
GATGCGATTTCGGGACTCGG_011,58
GATGCGATTTCGGGACTCGG_012,170
GATGCGATTTCGGGACTCGG_013,48
GATGCGATTTCGGGACTCGG_014,78
GATGCGATTTCGGGACTCGG_015,173
GATGCGATTTCGGGACTCGG_016,158
GATGCGATTTCGGGACTCGG_017,94
GATGCGATTTCGGGACTCGG_018,55
GATGCGATTTCGGGACTCGG_019,148
GATGCGATTTCGGGACTCGG_020,17
GATGCGATTTCGGGACTCGG_021,147
GATGCGATTTCGGGACTCGG_022,102
GATGCGATTTCGGGACTCGG_023,56
AGATCACAGGAAGATCGGGA_001,119
AGATCACAGGAAGATCGGGA_002,137
AGATCACAGGAAGATCGGGA_003,147
AGATCACAGGAAGATCGGGA_004,55
AGATCACAGGAAGATCGGGA_005,76
AGATCACAGGAAGATCGGGA_006,162
AGATCACAGGAAGATCGGGA_007,43
AGTAATAGTTTACCTTCGGT_001,11
AGTAATAGTTTACCTTCGGT_002,11
AGTAATAGTTTACCTTCGGT_003,179
AGTAATAGTTTACCTTCGGT_004,99
CCACCTGCCATGAACACGGG_001,59
CCACCTGCCATGAACACGGG_002,169
CCACCTGCCATGAACACGGG_003,42
CCACCTGCCATGAACACGGG_004,145
CCACCTGCCATGAACACGGG_005,134
CCACCTGCCATGAACACGGG_006,139
CCACCTGCCATGAACACGGG_007,56
CCACCTGCCATGAACACGGG_008,121
CCACCTGCCATGAACACGGG_009,62
CCACCTGCCATGAACACGGG_010,154
CCACCTGCCATGAACACGGG_011,194
CCACCTGCCATGAACACGGG_012,149
CCACCTGCCATGAACACGGG_013,22
CCACCTGCCATGAACACGGG_014,15
GTCGTCTAGAAGTGAATGAG_001,59
GTCGTCTAGAAGTGAATGAG_002,120
GTCGTCTAGAAGTGAATGAG_003,58
GTCGTCTAGAAGTGAATGAG_004,104
GTCGTCTAGAAGTGAATGAG_005,144
GTCGTCTAGAAGTGAATGAG_006,155
GTCGTCTAGAAGTGAATGAG_007,177
TAGCTGAGCGAGTGAGGTAT_001,9
TAGCTGAGCGAGTGAGGTAT_002,175
TAGCTGAGCGAGTGAGGTAT_003,19
TAGCTGAGCGAGTGAGGTAT_004,3
ATGGAGCCCAAGTTGTAAAG_001,78
ATGGAGCCCAAGTTGTAAAG_002,146
ATGGAGCCCAAGTTGTAAAG_003,1
ATGGAGCCCAAGTTGTAAAG_004,105
ATGGAGCCCAAGTTGTAAAG_005,150
GTGTATGAGAACATGCACCA_001,50
GTGTATGAGAACATGCACCA_002,172
GTGTATGAGAACATGCACCA_003,50
GTGTATGAGAACATGCACCA_004,92
GTGTATGAGAACATGCACCA_005,162
GTGTATGAGAACATGCACCA_006,150
GTGTATGAGAACATGCACCA_007,89
GTGTATGAGAACATGCACCA_008,27
GTGTATGAGAACATGCACCA_009,87
GTGTATGAGAACATGCACCA_010,88
GTGTATGAGAACATGCACCA_011,47
GTGTATGAGAACATGCACCA_012,30
CGAGTGGGAAACGGGAATCA_001,134
CGAGTGGGAAACGGGAATCA_002,130
CGAGTGGGAAACGGGAATCA_003,104
CGAGTGGGAAACGGGAATCA_004,165
CGAGTGGGAAACGGGAATCA_005,68
CGAGTGGGAAACGGGAATCA_006,91
CGAGTGGGAAACGGGAATCA_007,38
CGAGTGGGAAACGGGAATCA_008,179
CGAGTGGGAAACGGGAATCA_009,149
CGAGTGGGAAACGGGAATCA_010,198
CGAGTGGGAAACGGGAATCA_011,130
CGAGTGGGAAACGGGAATCA_012,41
CGAGTGGGAAACGGGAATCA_013,46
CGAGTGGGAAACGGGAATCA_014,84
CGAGTGGGAAACGGGAATCA_015,100
CGAGTGGGAAACGGGAATCA_016,100
CGAGTGGGAAACGGGAATCA_017,83
CGAGTGGGAAACGGGAATCA_018,176
CGAGTGGGAAACGGGAATCA_019,145
CGAGTGGGAAACGGGAATCA_020,34
CGAGTGGGAAACGGGAATCA_021,166
CGAGTGGGAAACGGGAATCA_022,197
CTGTTGGAGGAGCCCTGAGT_001,68
CTGTTGGAGGAGCCCTGAGT_002,16
CTGTTGGAGGAGCCCTGAGT_003,10
CTGTTGGAGGAGCCCTGAGT_004,50
CTGTTGGAGGAGCCCTGAGT_005,121
CTGTTGGAGGAGCCCTGAGT_006,28
CTGTTGGAGGAGCCCTGAGT_007,10
CTGTTGGAGGAGCCCTGAGT_008,166
CTGTTGGAGGAGCCCTGAGT_009,20
CAGCTGGTGCACAGACAGCG_001,165
CAGCTGGTGCACAGACAGCG_002,106
CAGCTGGTGCACAGACAGCG_003,28
CAGCTGGTGCACAGACAGCG_004,146
CAGCTGGTGCACAGACAGCG_005,51
CAGCTGGTGCACAGACAGCG_006,29
CAGCTGGTGCACAGACAGCG_007,121
CAGCTGGTGCACAGACAGCG_008,159
CAGCTGGTGCACAGACAGCG_009,7
CAGCTGGTGCACAGACAGCG_010,23
CAGCTGGTGCACAGACAGCG_011,5
CAGCTGGTGCACAGACAGCG_012,144
CAGCTGGTGCACAGACAGCG_013,141
CAGCTGGTGCACAGACAGCG_014,130
CAGCTGGTGCACAGACAGCG_015,152
GCTGGGGAGACAGTTCATGA_001,104
GCTGGGGAGACAGTTCATGA_002,160
GGTCGAAGTGCGCTTCGCCG_001,10
GGTCGAAGTGCGCTTCGCCG_002,55
GGTCGAAGTGCGCTTCGCCG_003,94
GGTCGAAGTGCGCTTCGCCG_004,120
GGTCGAAGTGCGCTTCGCCG_005,28
GGTCGAAGTGCGCTTCGCCG_006,83
GGTCGAAGTGCGCTTCGCCG_007,148
GGTCGAAGTGCGCTTCGCCG_008,103
GGTCGAAGTGCGCTTCGCCG_009,61
GGTCGAAGTGCGCTTCGCCG_010,145
GGTCGAAGTGCGCTTCGCCG_011,137
GGTCGAAGTGCGCTTCGCCG_012,4
GGTCGAAGTGCGCTTCGCCG_013,66
TGTGGATTCATATTGCTGGG_001,175
TGTGGATTCATATTGCTGGG_002,85
CATCGACGCCACCACTATCG_001,165
CATCGACGCCACCACTATCG_002,72
CATCGACGCCACCACTATCG_003,186
CATCGACGCCACCACTATCG_004,42
CATCGACGCCACCACTATCG_005,121
CATCGACGCCACCACTATCG_006,121
CATCGACGCCACCACTATCG_007,63
TGACAACATCGACATCAAGT_001,84
TGACAACATCGACATCAAGT_002,34
TGACAACATCGACATCAAGT_003,63
TGACAACATCGACATCAAGT_004,72
TGACAACATCGACATCAAGT_005,194
TGACAACATCGACATCAAGT_006,106
TGACAACATCGACATCAAGT_007,140
TGACAACATCGACATCAAGT_008,1
TGACAACATCGACATCAAGT_009,164
TGACAACATCGACATCAAGT_010,56
TGACAACATCGACATCAAGT_011,61
TGACAACATCGACATCAAGT_012,35
TGACAACATCGACATCAAGT_013,10
TGACAACATCGACATCAAGT_014,40
TGACAACATCGACATCAAGT_015,162
ATAGCTATCCGTATGACTGG_001,168
GCCTGCGTTCACCATTCATG_001,117
GCCTGCGTTCACCATTCATG_002,156
GCCTGCGTTCACCATTCATG_003,139
GCCTGCGTTCACCATTCATG_004,101
GCCTGCGTTCACCATTCATG_005,49
TTCAACGGAGACTTCGTGTG_001,53
TTCAACGGAGACTTCGTGTG_002,1
TTCAACGGAGACTTCGTGTG_003,41
TTCAACGGAGACTTCGTGTG_004,17
TTCAACGGAGACTTCGTGTG_005,41
TTCAACGGAGACTTCGTGTG_006,27
TTCAACGGAGACTTCGTGTG_007,32
TTCAACGGAGACTTCGTGTG_008,162
TTCAACGGAGACTTCGTGTG_009,193
TTCAACGGAGACTTCGTGTG_010,113
TTCAACGGAGACTTCGTGTG_011,70
TTCAACGGAGACTTCGTGTG_012,80
TTCAACGGAGACTTCGTGTG_013,115
TTCAACGGAGACTTCGTGTG_014,199
TTCAACGGAGACTTCGTGTG_015,72
TTCAACGGAGACTTCGTGTG_016,130
TTCAACGGAGACTTCGTGTG_017,118
TTCAACGGAGACTTCGTGTG_018,105
TTCAACGGAGACTTCGTGTG_019,103
ACAAGTACGAGTCAAGCCTC_001,98
ACAAGTACGAGTCAAGCCTC_002,193
ACAAGTACGAGTCAAGCCTC_003,35
ACAAGTACGAGTCAAGCCTC_004,77
ACAAGTACGAGTCAAGCCTC_005,8
ACAAGTACGAGTCAAGCCTC_006,130
ACAAGTACGAGTCAAGCCTC_007,103
ACAAGTACGAGTCAAGCCTC_008,48
ACAAGTACGAGTCAAGCCTC_009,94
ACAAGTACGAGTCAAGCCTC_010,145
ACAAGTACGAGTCAAGCCTC_011,178
AATGATTACACTAACCGTGG_001,53
AATGATTACACTAACCGTGG_002,113
AATGATTACACTAACCGTGG_003,113
AATGATTACACTAACCGTGG_004,170
AATGATTACACTAACCGTGG_005,157
AATGATTACACTAACCGTGG_006,134
CCATCTGCAACCCATAACGT_001,60
CCATCTGCAACCCATAACGT_002,88
CCATCTGCAACCCATAACGT_003,144
CCATCTGCAACCCATAACGT_004,144
CCATCTGCAACCCATAACGT_005,181
CCATCTGCAACCCATAACGT_006,19
CCATCTGCAACCCATAACGT_007,1
CCATCTGCAACCCATAACGT_008,4
CCATCTGCAACCCATAACGT_009,102
AAGAGGAGGAACATTCCTGT_001,87
AAGAGGAGGAACATTCCTGT_002,56
AAGAGGAGGAACATTCCTGT_003,77
AAGAGGAGGAACATTCCTGT_004,163
AAGAGGAGGAACATTCCTGT_005,147
AAGAGGAGGAACATTCCTGT_006,17
AAGAGGAGGAACATTCCTGT_007,105
AAGAGGAGGAACATTCCTGT_008,7
CACCGGGTGGATGTTCACGC_001,31
CACCGGGTGGATGTTCACGC_002,198
CACCGGGTGGATGTTCACGC_003,169
CACCGGGTGGATGTTCACGC_004,95
CACCGGGTGGATGTTCACGC_005,84
CACCGGGTGGATGTTCACGC_006,55
CACCGGGTGGATGTTCACGC_007,127
CACCGGGTGGATGTTCACGC_008,99
CACCGGGTGGATGTTCACGC_009,10
ACTGAAGCAAGACACTCATG_001,83
ACTGAAGCAAGACACTCATG_002,135
ACTGAAGCAAGACACTCATG_003,30
ACTGAAGCAAGACACTCATG_004,8
ACTGAAGCAAGACACTCATG_005,184
ACTGAAGCAAGACACTCATG_006,45
ACTGAAGCAAGACACTCATG_007,132
ACTGAAGCAAGACACTCATG_008,157
ACTGAAGCAAGACACTCATG_009,91
ACTGAAGCAAGACACTCATG_010,15
ACTGAAGCAAGACACTCATG_011,126
ACTGAAGCAAGACACTCATG_012,141
ACTGAAGCAAGACACTCATG_013,15
ACTGAAGCAAGACACTCATG_014,197
ACTGAAGCAAGACACTCATG_015,193
ACTGAAGCAAGACACTCATG_016,188
ACTGAAGCAAGACACTCATG_017,159
ACTGAAGCAAGACACTCATG_018,127
ACTGAAGCAAGACACTCATG_019,17
ACTGAAGCAAGACACTCATG_020,191
TAGTAAGCCGTACCCAGTGT_001,197
TCACCGTTCAACCTAAAACC_001,181
TCACCGTTCAACCTAAAACC_002,170
TCACCGTTCAACCTAAAACC_003,156
TCACCGTTCAACCTAAAACC_004,124
CATCTGCGGAATCAGAGTCG_001,108
CATCTGCGGAATCAGAGTCG_002,183
CATCTGCGGAATCAGAGTCG_003,7
CATCTGCGGAATCAGAGTCG_004,49
TGCAGTGACCAGGTAATCTG_001,181
TGCAGTGACCAGGTAATCTG_002,141
TGCAGTGACCAGGTAATCTG_003,116
CAGGACCTACAAGAACAGTG_001,106
CAGGACCTACAAGAACAGTG_002,115
CAGGACCTACAAGAACAGTG_003,199
CAGGACCTACAAGAACAGTG_004,171
CAGGACCTACAAGAACAGTG_005,120
CAGGACCTACAAGAACAGTG_006,137
CAGGACCTACAAGAACAGTG_007,171
CAGGACCTACAAGAACAGTG_008,16
CAGGACCTACAAGAACAGTG_009,146
CAGGACCTACAAGAACAGTG_010,127
CAGGACCTACAAGAACAGTG_011,137
CAGGACCTACAAGAACAGTG_012,160
CAGGACCTACAAGAACAGTG_013,23
CAGGACCTACAAGAACAGTG_014,148
CAGGACCTACAAGAACAGTG_015,70
CAGGACCTACAAGAACAGTG_016,195
CAGGACCTACAAGAACAGTG_017,127
CAGGACCTACAAGAACAGTG_018,97
CAGGACCTACAAGAACAGTG_019,68
CAGGACCTACAAGAACAGTG_020,9
CAGGACCTACAAGAACAGTG_021,9
CAGGACCTACAAGAACAGTG_022,127
CAGGACCTACAAGAACAGTG_023,10
CAGGACCTACAAGAACAGTG_024,149
CAGGACCTACAAGAACAGTG_025,175
CAGGACCTACAAGAACAGTG_026,77
CAGGACCTACAAGAACAGTG_027,19
CAGGACCTACAAGAACAGTG_028,187
CAGGACCTACAAGAACAGTG_029,122
CAGGACCTACAAGAACAGTG_030,197
CAGGACCTACAAGAACAGTG_031,61
GGTCTCAACGCACACCGCTG_001,148
GGTCTCAACGCACACCGCTG_002,49
GGTCTCAACGCACACCGCTG_003,23
GGTCTCAACGCACACCGCTG_004,132
GGTCTCAACGCACACCGCTG_005,53
GGTCTCAACGCACACCGCTG_006,110
GGTCTCAACGCACACCGCTG_007,190
GGTCTCAACGCACACCGCTG_008,105
GGTCTCAACGCACACCGCTG_009,179
GGTCTCAACGCACACCGCTG_010,60
GGTCTCAACGCACACCGCTG_011,145
GGTCTCAACGCACACCGCTG_012,36
GGTCTCAACGCACACCGCTG_013,96
GGTCTCAACGCACACCGCTG_014,125
GGGAAGAGGAAAGGCTCGGT_001,91
GGGAAGAGGAAAGGCTCGGT_002,105
GGGAAGAGGAAAGGCTCGGT_003,16
GGGAAGAGGAAAGGCTCGGT_004,16
GGGAAGAGGAAAGGCTCGGT_005,27
GGGAAGAGGAAAGGCTCGGT_006,175
GGGAAGAGGAAAGGCTCGGT_007,19
GGGAAGAGGAAAGGCTCGGT_008,39
GGGAAGAGGAAAGGCTCGGT_009,120
GGGAAGAGGAAAGGCTCGGT_010,144
GGGAAGAGGAAAGGCTCGGT_011,190
GGGAAGAGGAAAGGCTCGGT_012,2
GTAAAACAGGCCGCACATGT_001,48
GTAAAACAGGCCGCACATGT_002,25
GTAAAACAGGCCGCACATGT_003,172
GCCACAGATGCCAATAAGCA_001,117
GCCACAGATGCCAATAAGCA_002,84
GCCACAGATGCCAATAAGCA_003,83
GCCACAGATGCCAATAAGCA_004,62
GCCACAGATGCCAATAAGCA_005,198
GCCACAGATGCCAATAAGCA_006,103
GCCACAGATGCCAATAAGCA_007,38
GCCACAGATGCCAATAAGCA_008,158
GCCACAGATGCCAATAAGCA_009,94
GCCACAGATGCCAATAAGCA_010,15
GCCACAGATGCCAATAAGCA_011,116
GCCACAGATGCCAATAAGCA_012,131
GCCACAGATGCCAATAAGCA_013,173
GCCACAGATGCCAATAAGCA_014,70
GCCACAGATGCCAATAAGCA_015,146
GCCACAGATGCCAATAAGCA_016,41
GCCACAGATGCCAATAAGCA_017,189
GCCACAGATGCCAATAAGCA_018,161
GCCACAGATGCCAATAAGCA_019,40
GCCACAGATGCCAATAAGCA_020,78
GCCACAGATGCCAATAAGCA_021,63
GACTCACCAGTTGATCTCGG_001,94
GACTCACCAGTTGATCTCGG_002,116
GACTCACCAGTTGATCTCGG_003,162
GACTCACCAGTTGATCTCGG_004,104
GACTCACCAGTTGATCTCGG_005,115
TCAGCGCCATGTAGAACCCA_001,196
TCAGCGCCATGTAGAACCCA_002,115
TCAGCGCCATGTAGAACCCA_003,43
AGCTAATCGAATTCCAGCAT_001,138
AGCTAATCGAATTCCAGCAT_002,83
AGCTAATCGAATTCCAGCAT_003,100
AGCTAATCGAATTCCAGCAT_004,75
AGCTAATCGAATTCCAGCAT_005,150
AGCTAATCGAATTCCAGCAT_006,141
AGCTAATCGAATTCCAGCAT_007,6
TAAAGCAGTCTTTGCTGGAA_001,78
TAAAGCAGTCTTTGCTGGAA_002,25
TAAAGCAGTCTTTGCTGGAA_003,8
TAAAGCAGTCTTTGCTGGAA_004,94
TAAAGCAGTCTTTGCTGGAA_005,86
TAAAGCAGTCTTTGCTGGAA_006,16
TAAAGCAGTCTTTGCTGGAA_007,127
TAAAGCAGTCTTTGCTGGAA_008,65
TAAAGCAGTCTTTGCTGGAA_009,178
CCTTCACTTCGTGAGCGAGG_001,4
CCTTCACTTCGTGAGCGAGG_002,50
CCTTCACTTCGTGAGCGAGG_003,14
GAAGTGTGCTCAGTAGACTG_001,114
GAAGTGTGCTCAGTAGACTG_002,128
GAAGTGTGCTCAGTAGACTG_003,77
GAAGTGTGCTCAGTAGACTG_004,44
GAAGTGTGCTCAGTAGACTG_005,122
GAAGTGTGCTCAGTAGACTG_006,184
GAAGTGTGCTCAGTAGACTG_007,50
GAAGTGTGCTCAGTAGACTG_008,134
GAAGTGTGCTCAGTAGACTG_009,29
GAAGTGTGCTCAGTAGACTG_010,23
GAAGTGTGCTCAGTAGACTG_011,49
GAAGTGTGCTCAGTAGACTG_012,41
GAAGTGTGCTCAGTAGACTG_013,92
GCAGATTTCATGAGCACTGG_001,148
GCAGATTTCATGAGCACTGG_002,198
GCAGATTTCATGAGCACTGG_003,59
GCAGATTTCATGAGCACTGG_004,34
GCAGATTTCATGAGCACTGG_005,48
GCAGATTTCATGAGCACTGG_006,35
GCAGATTTCATGAGCACTGG_007,159
GCAGATTTCATGAGCACTGG_008,17
GCAGATTTCATGAGCACTGG_009,175
GCAGATTTCATGAGCACTGG_010,188
GCAGATTTCATGAGCACTGG_011,126
GCAGATTTCATGAGCACTGG_012,90
GCAGATTTCATGAGCACTGG_013,34
GCAGATTTCATGAGCACTGG_014,148
GCAGATTTCATGAGCACTGG_015,6
GCAGATTTCATGAGCACTGG_016,39
GCAGATTTCATGAGCACTGG_017,158
GCAGATTTCATGAGCACTGG_018,78
GCAGATTTCATGAGCACTGG_019,134
CGAGCGCCACAACCTGACGG_001,127
CGAGCGCCACAACCTGACGG_002,122
CGAGCGCCACAACCTGACGG_003,84
CGAGCGCCACAACCTGACGG_004,26
CGAGCGCCACAACCTGACGG_005,157
CGAGCGCCACAACCTGACGG_006,106
CGAGCGCCACAACCTGACGG_007,114
CGAGCGCCACAACCTGACGG_008,81
CGAGCGCCACAACCTGACGG_009,48
CGAGCGCCACAACCTGACGG_010,9
CGAGCGCCACAACCTGACGG_011,9
CGAGCGCCACAACCTGACGG_012,149
CGAGCGCCACAACCTGACGG_013,148
CGAGCGCCACAACCTGACGG_014,74
CGAGCGCCACAACCTGACGG_015,191
CGAGCGCCACAACCTGACGG_016,130
CGAGCGCCACAACCTGACGG_017,108
CGAGCGCCACAACCTGACGG_018,80
CGAGCGCCACAACCTGACGG_019,80
CGAGCGCCACAACCTGACGG_020,20
CGAGCGCCACAACCTGACGG_021,158
CGAGCGCCACAACCTGACGG_022,53
TGAGCAAAGTGGGATCGGTA_001,103
TGAGCAAAGTGGGATCGGTA_002,84
TGAGCAAAGTGGGATCGGTA_003,88
TGAGCAAAGTGGGATCGGTA_004,27
TGAGCAAAGTGGGATCGGTA_005,132
TGAGCAAAGTGGGATCGGTA_006,29
TGAGCAAAGTGGGATCGGTA_007,41
TGAGCAAAGTGGGATCGGTA_008,3
TGAGCAAAGTGGGATCGGTA_009,10
AGAAGGCACCACCATAAATG_001,182
AGAAGGCACCACCATAAATG_002,62
AGAAGGCACCACCATAAATG_003,76
AGAAGGCACCACCATAAATG_004,1
AGAAGGCACCACCATAAATG_005,105
AGAAGGCACCACCATAAATG_006,28
AGAAGGCACCACCATAAATG_007,197
AGAAGGCACCACCATAAATG_008,85
AGAAGGCACCACCATAAATG_009,110
AGAAGGCACCACCATAAATG_010,174
AGAAGGCACCACCATAAATG_011,29
AGAAGGCACCACCATAAATG_012,140
AGAAGGCACCACCATAAATG_013,42
AGAAGGCACCACCATAAATG_014,164
ATCCTGCGAGTGTCTCTCGG_001,36
ATCCTGCGAGTGTCTCTCGG_002,107
ATCCTGCGAGTGTCTCTCGG_003,1
ATCCTGCGAGTGTCTCTCGG_004,98
ATCCTGCGAGTGTCTCTCGG_005,13
ATCCTGCGAGTGTCTCTCGG_006,139
ATCCTGCGAGTGTCTCTCGG_007,138
ATCCTGCGAGTGTCTCTCGG_008,166
ATCCTGCGAGTGTCTCTCGG_009,129
ATCCTGCGAGTGTCTCTCGG_010,9
ATCCTGCGAGTGTCTCTCGG_011,169
ATCCTGCGAGTGTCTCTCGG_012,75
ATCCTGCGAGTGTCTCTCGG_013,72
ATCCTGCGAGTGTCTCTCGG_014,63
ATCCTGCGAGTGTCTCTCGG_015,165
ATCCTGCGAGTGTCTCTCGG_016,137
ATCCTGCGAGTGTCTCTCGG_017,96
ATCCTGCGAGTGTCTCTCGG_018,12
ATCCTGCGAGTGTCTCTCGG_019,88
ATCCTGCGAGTGTCTCTCGG_020,125
ATCCTGCGAGTGTCTCTCGG_021,28
ATCCTGCGAGTGTCTCTCGG_022,26
ATCCTGCGAGTGTCTCTCGG_023,175
ATCCTGCGAGTGTCTCTCGG_024,11
ATCCTGCGAGTGTCTCTCGG_025,81
ATCCTGCGAGTGTCTCTCGG_026,199
CTACCAAGGAATGCTTAAAG_001,138
GCCCAACAAGCAACGCACGG_001,112
GCCCAACAAGCAACGCACGG_002,121
GCCCAACAAGCAACGCACGG_003,148
GCCCAACAAGCAACGCACGG_004,4
GCCCAACAAGCAACGCACGG_005,52
GCCCAACAAGCAACGCACGG_006,157
GCCCAACAAGCAACGCACGG_007,0
GCCCAACAAGCAACGCACGG_008,70
GCCCAACAAGCAACGCACGG_009,58
GCCCAACAAGCAACGCACGG_010,120
GCCCAACAAGCAACGCACGG_011,127
GCCCAACAAGCAACGCACGG_012,11
GCCCAACAAGCAACGCACGG_013,75
ACACATTTGCTAAGCTCATG_001,51
ACACATTTGCTAAGCTCATG_002,107
ACACATTTGCTAAGCTCATG_003,42
ACACATTTGCTAAGCTCATG_004,115
ACACATTTGCTAAGCTCATG_005,27
GTCACCAGCACATTCCTGAG_001,87
AACGAATGGATCTTGGCGCG_001,58
AACGAATGGATCTTGGCGCG_002,83
AACGAATGGATCTTGGCGCG_003,6
TTGGCTGTTTCACGAACAGA_001,127
GTCGTAGTCAGACACGAAGT_001,172
GTCGTAGTCAGACACGAAGT_002,23
GTCGTAGTCAGACACGAAGT_003,199
GTCGTAGTCAGACACGAAGT_004,198
GTCGTAGTCAGACACGAAGT_005,97
GTCGTAGTCAGACACGAAGT_006,1
GTCGTAGTCAGACACGAAGT_007,2
ACTTCAAAGTCAATCCCACA_001,158
ACTTCAAAGTCAATCCCACA_002,105
ACTTCAAAGTCAATCCCACA_003,139
ACTTCAAAGTCAATCCCACA_004,78
ACTTCAAAGTCAATCCCACA_005,85
ACTTCAAAGTCAATCCCACA_006,54
ACTTCAAAGTCAATCCCACA_007,94
CTGCACAGGTAGCATGTGAG_001,72
CTGCACAGGTAGCATGTGAG_002,45
CTGCACAGGTAGCATGTGAG_003,29
CTGCACAGGTAGCATGTGAG_004,48
CTGCACAGGTAGCATGTGAG_005,17
CTGCACAGGTAGCATGTGAG_006,166
CTGCACAGGTAGCATGTGAG_007,61
CTGCACAGGTAGCATGTGAG_008,74
CTGCACAGGTAGCATGTGAG_009,18
CTGCACAGGTAGCATGTGAG_010,182
CTGCACAGGTAGCATGTGAG_011,192
CTGCACAGGTAGCATGTGAG_012,88
CTGCACAGGTAGCATGTGAG_013,170
CTGCACAGGTAGCATGTGAG_014,182
CTGCACAGGTAGCATGTGAG_015,141
CTGCACAGGTAGCATGTGAG_016,17
CTGCACAGGTAGCATGTGAG_017,141
CTGCACAGGTAGCATGTGAG_018,192
CTGCACAGGTAGCATGTGAG_019,156
CTGCACAGGTAGCATGTGAG_020,50
CTGCACAGGTAGCATGTGAG_021,197
CTGCACAGGTAGCATGTGAG_022,48
CTGCACAGGTAGCATGTGAG_023,151
CTGCACAGGTAGCATGTGAG_024,46
CTGCACAGGTAGCATGTGAG_025,147
CTGCACAGGTAGCATGTGAG_026,25
CTGCACAGGTAGCATGTGAG_027,142
CTGCACAGGTAGCATGTGAG_028,78
CTGCACAGGTAGCATGTGAG_029,78
CTGCACAGGTAGCATGTGAG_030,42
CTGCACAGGTAGCATGTGAG_031,189
GAGTATATACCCATCTTCAG_001,55
GGTTGCAAAGAAATGCGTTG_001,106
GGTTGCAAAGAAATGCGTTG_002,15
GGTTGCAAAGAAATGCGTTG_003,158
GGTTGCAAAGAAATGCGTTG_004,83
GGTTGCAAAGAAATGCGTTG_005,27
GGTTGCAAAGAAATGCGTTG_006,25
GGTTGCAAAGAAATGCGTTG_007,40
GGTTGCAAAGAAATGCGTTG_008,14
GGTTGCAAAGAAATGCGTTG_009,173
GGTTGCAAAGAAATGCGTTG_010,66
GGTTGCAAAGAAATGCGTTG_011,144
ACAAACACGCCAAATGCACC_001,95
ACAAACACGCCAAATGCACC_002,186
ACAAACACGCCAAATGCACC_003,112
CGAGACCCCGAGACACTCGT_001,106
CGAGACCCCGAGACACTCGT_002,19
CGAGACCCCGAGACACTCGT_003,12
CGAGACCCCGAGACACTCGT_004,29
CGAGACCCCGAGACACTCGT_005,116
CGAGACCCCGAGACACTCGT_006,138
CGAGACCCCGAGACACTCGT_007,141
CGAGACCCCGAGACACTCGT_008,191
CGAGACCCCGAGACACTCGT_009,92
CGAGACCCCGAGACACTCGT_010,141
CGAGACCCCGAGACACTCGT_011,106
CGAGACCCCGAGACACTCGT_012,62
CGAGACCCCGAGACACTCGT_013,60
CGAGACCCCGAGACACTCGT_014,76
CGAGACCCCGAGACACTCGT_015,76
CGAGACCCCGAGACACTCGT_016,199
CGAGACCCCGAGACACTCGT_017,153
CGAGACCCCGAGACACTCGT_018,29
CGAGACCCCGAGACACTCGT_019,138
CGAGACCCCGAGACACTCGT_020,119
CGAGACCCCGAGACACTCGT_021,147
CGAGACCCCGAGACACTCGT_022,64
CGAGACCCCGAGACACTCGT_023,19
CGAGACCCCGAGACACTCGT_024,138
CGAGACCCCGAGACACTCGT_025,72
CGAGACCCCGAGACACTCGT_026,81
CGAGACCCCGAGACACTCGT_027,117
CGAGACCCCGAGACACTCGT_028,145
CGAGACCCCGAGACACTCGT_029,186
CGAGACCCCGAGACACTCGT_030,103
CGAGACCCCGAGACACTCGT_031,145
GTCAAGTTGAGCCCAGACAA_001,35
GTCAAGTTGAGCCCAGACAA_002,58
GTCAAGTTGAGCCCAGACAA_003,49
GTCAAGTTGAGCCCAGACAA_004,72
GTCAAGTTGAGCCCAGACAA_005,158
GTCAAGTTGAGCCCAGACAA_006,103
GTCAAGTTGAGCCCAGACAA_007,169
GTCAAGTTGAGCCCAGACAA_008,165
GTCAAGTTGAGCCCAGACAA_009,116
GTCAAGTTGAGCCCAGACAA_010,153
GTCAAGTTGAGCCCAGACAA_011,122
GTCAAGTTGAGCCCAGACAA_012,169
GTCAAGTTGAGCCCAGACAA_013,81
GTCAAGTTGAGCCCAGACAA_014,7
ATATGATCATGCACGCCGGA_001,19
ATATGATCATGCACGCCGGA_002,152
ATATGATCATGCACGCCGGA_003,38
ATATGATCATGCACGCCGGA_004,141
ATATGATCATGCACGCCGGA_005,50
ATATGATCATGCACGCCGGA_006,163
ATATGATCATGCACGCCGGA_007,4
ATATGATCATGCACGCCGGA_008,16
ATATGATCATGCACGCCGGA_009,145
ATATGATCATGCACGCCGGA_010,194
ATATGATCATGCACGCCGGA_011,80
ATATGATCATGCACGCCGGA_012,108
ATATGATCATGCACGCCGGA_013,141
ATATGATCATGCACGCCGGA_014,70
ATATGATCATGCACGCCGGA_015,180
ATATGATCATGCACGCCGGA_016,166
GAAAGCTCTTAGACCTTCAG_001,129
GAAAGCTCTTAGACCTTCAG_002,113
GCGAATCCAGATCTGCGGCG_001,28
GCGAATCCAGATCTGCGGCG_002,176
GCGAATCCAGATCTGCGGCG_003,26
GCGAATCCAGATCTGCGGCG_004,12
GCGAATCCAGATCTGCGGCG_005,175
GCGAATCCAGATCTGCGGCG_006,144
GCGAATCCAGATCTGCGGCG_007,116
GCGAATCCAGATCTGCGGCG_008,177
GCGAATCCAGATCTGCGGCG_009,140
GCGAATCCAGATCTGCGGCG_010,6
GCGAATCCAGATCTGCGGCG_011,150
GCGAATCCAGATCTGCGGCG_012,56
CAGATGGGGTGAGCTACCCT_001,77
CAGATGGGGTGAGCTACCCT_002,83
CAGATGGGGTGAGCTACCCT_003,8
CAGATGGGGTGAGCTACCCT_004,29
CAGATGGGGTGAGCTACCCT_005,83
CAGATGGGGTGAGCTACCCT_006,107
CAGATGGGGTGAGCTACCCT_007,135
CAGATGGGGTGAGCTACCCT_008,163
CAGATGGGGTGAGCTACCCT_009,122
GATGTGATCCGAGTGCCCGT_001,76
GATGTGATCCGAGTGCCCGT_002,78
GATGTGATCCGAGTGCCCGT_003,48
GATGTGATCCGAGTGCCCGT_004,12
GATGTGATCCGAGTGCCCGT_005,141
GATGTGATCCGAGTGCCCGT_006,82
GATGTGATCCGAGTGCCCGT_007,164
GATGTGATCCGAGTGCCCGT_008,164
TTTGCGAAAAATGGGCGCAA_001,105
TTTGCGAAAAATGGGCGCAA_002,157
CATGGGGTCTAAAGGCACGG_001,141
CATGGGGTCTAAAGGCACGG_002,189
CATGGGGTCTAAAGGCACGG_003,5
CATGGGGTCTAAAGGCACGG_004,184
CATGGGGTCTAAAGGCACGG_005,127
CATGGGGTCTAAAGGCACGG_006,185
CATGGGGTCTAAAGGCACGG_007,106
CATGGGGTCTAAAGGCACGG_008,15
CAGAACCTAGCATCAAGGAT_001,156
CAGAACCTAGCATCAAGGAT_002,166
CAGAACCTAGCATCAAGGAT_003,142
CAGAACCTAGCATCAAGGAT_004,81
CAGAACCTAGCATCAAGGAT_005,165
CAGAACCTAGCATCAAGGAT_006,79
GTAGTCAGCAAACATGCGCA_001,78
GTAGTCAGCAAACATGCGCA_002,71
GTAGTCAGCAAACATGCGCA_003,147
GTAGTCAGCAAACATGCGCA_004,26
GTAGTCAGCAAACATGCGCA_005,104
GTAGTCAGCAAACATGCGCA_006,0
GTAGTCAGCAAACATGCGCA_007,178
GTAGTCAGCAAACATGCGCA_008,80
GTAGTCAGCAAACATGCGCA_009,3
GTAGTCAGCAAACATGCGCA_010,66
CAGAGCTAAACCGGTTCACC_001,127
GATGTACAAAAACGTCCCCC_001,32
GATGTACAAAAACGTCCCCC_002,92
GATGTACAAAAACGTCCCCC_003,167
GATGTACAAAAACGTCCCCC_004,149
GATGTACAAAAACGTCCCCC_005,105
GATGTACAAAAACGTCCCCC_006,87
GATGTACAAAAACGTCCCCC_007,176
GGCCCATAGTAGTTTAACTG_001,129
GGCCCATAGTAGTTTAACTG_002,49
GGCCCATAGTAGTTTAACTG_003,188
GGCCCATAGTAGTTTAACTG_004,0
GGCCCATAGTAGTTTAACTG_005,24
GGCCCATAGTAGTTTAACTG_006,170
GGCCCATAGTAGTTTAACTG_007,197
GGCCCATAGTAGTTTAACTG_008,183
GGCCCATAGTAGTTTAACTG_009,142
GGCCCATAGTAGTTTAACTG_010,152
GGCCCATAGTAGTTTAACTG_011,94
GGCCCATAGTAGTTTAACTG_012,40
GGCCCATAGTAGTTTAACTG_013,19
GGCCCATAGTAGTTTAACTG_014,19
GCTCGCGATTTGGCCCTTCG_001,1
GCTCGCGATTTGGCCCTTCG_002,159
GCTCGCGATTTGGCCCTTCG_003,184
GCTCGCGATTTGGCCCTTCG_004,162
GCTCGCGATTTGGCCCTTCG_005,118
GCTCGCGATTTGGCCCTTCG_006,30
GCTCGCGATTTGGCCCTTCG_007,8
GCTCGCGATTTGGCCCTTCG_008,84
GCTCGCGATTTGGCCCTTCG_009,130
GCTCGCGATTTGGCCCTTCG_010,115
GCTCGCGATTTGGCCCTTCG_011,52
GAGCTTCCCCGGAGGCAACG_001,198
GAGCTTCCCCGGAGGCAACG_002,175
GAGCTTCCCCGGAGGCAACG_003,60
GAGCTTCCCCGGAGGCAACG_004,122
GAGCTTCCCCGGAGGCAACG_005,133
GAGCTTCCCCGGAGGCAACG_006,126
GAGCTTCCCCGGAGGCAACG_007,192
GAGCTTCCCCGGAGGCAACG_008,14
GAGCTTCCCCGGAGGCAACG_009,50
GAGCTTCCCCGGAGGCAACG_010,98
GAGCTTCCCCGGAGGCAACG_011,175
GAGCTTCCCCGGAGGCAACG_012,148
GAGCTTCCCCGGAGGCAACG_013,120
GAGCTTCCCCGGAGGCAACG_014,161
GAGCTTCCCCGGAGGCAACG_015,162
GAGCTTCCCCGGAGGCAACG_016,27
GAGCTTCCCCGGAGGCAACG_017,35
GAGCTTCCCCGGAGGCAACG_018,177
GAGCTTCCCCGGAGGCAACG_019,146
GAGCTTCCCCGGAGGCAACG_020,48
GAGCTTCCCCGGAGGCAACG_021,150
GAGCTTCCCCGGAGGCAACG_022,102
GAGCTTCCCCGGAGGCAACG_023,70
GAGCTTCCCCGGAGGCAACG_024,96
GAGCTTCCCCGGAGGCAACG_025,60
GAGCTTCCCCGGAGGCAACG_026,88
GAGCTTCCCCGGAGGCAACG_027,16
GAGCTTCCCCGGAGGCAACG_028,149
GAGCTTCCCCGGAGGCAACG_029,177
TCACGGTCATTATGCAGGGA_001,54
TCACGGTCATTATGCAGGGA_002,48
TCACGGTCATTATGCAGGGA_003,75
TCACGGTCATTATGCAGGGA_004,45
TCACGGTCATTATGCAGGGA_005,72
TCACGGTCATTATGCAGGGA_006,153
TCACGGTCATTATGCAGGGA_007,10
TCACGGTCATTATGCAGGGA_008,77
TCACGGTCATTATGCAGGGA_009,65
GTGAAAAAAGCCATTTCCGA_001,8
GTGAAAAAAGCCATTTCCGA_002,115
GTGAAAAAAGCCATTTCCGA_003,147
GTGAAAAAAGCCATTTCCGA_004,98
TAAGAGAGAGAACCTCAATG_001,142
TAAGAGAGAGAACCTCAATG_002,104
TAAGAGAGAGAACCTCAATG_003,155
TAAGAGAGAGAACCTCAATG_004,184
TAAGAGAGAGAACCTCAATG_005,175
TAAGAGAGAGAACCTCAATG_006,49
TACCTGCAGTTATCACAAGT_001,72
TACCTGCAGTTATCACAAGT_002,184
TACCTGCAGTTATCACAAGT_003,190
TACCTGCAGTTATCACAAGT_004,2
TACCTGCAGTTATCACAAGT_005,110
TACCTGCAGTTATCACAAGT_006,1
TACCTGCAGTTATCACAAGT_007,107
TACCTGCAGTTATCACAAGT_008,26
AAGCCCAACTACTTACTGCG_001,23
AAGCCCAACTACTTACTGCG_002,158
AAGCCCAACTACTTACTGCG_003,156
AAGCCCAACTACTTACTGCG_004,179
TCAGGCGCATCATTTCAAAG_001,122
TCAGGCGCATCATTTCAAAG_002,177
TCAGGCGCATCATTTCAAAG_003,168
TCAGGCGCATCATTTCAAAG_004,131
TCAGGCGCATCATTTCAAAG_005,137
TCAGGCGCATCATTTCAAAG_006,191
TCAGGCGCATCATTTCAAAG_007,69
GGCACCGGGCTAAAGTCTGG_001,8
GGCACCGGGCTAAAGTCTGG_002,198
GGCACCGGGCTAAAGTCTGG_003,115
GGCACCGGGCTAAAGTCTGG_004,147
GGCACCGGGCTAAAGTCTGG_005,141
GGCACCGGGCTAAAGTCTGG_006,168
GGCACCGGGCTAAAGTCTGG_007,115
GGCACCGGGCTAAAGTCTGG_008,15
GGCACCGGGCTAAAGTCTGG_009,25
AGGGCTCCCCATACCACACG_001,8
AGGGCTCCCCATACCACACG_002,130
AGGGCTCCCCATACCACACG_003,40
AGGGCTCCCCATACCACACG_004,137
AGGGCTCCCCATACCACACG_005,41
AGGGCTCCCCATACCACACG_006,128
AGGGCTCCCCATACCACACG_007,172
AGGGCTCCCCATACCACACG_008,103
AGGGCTCCCCATACCACACG_009,178
AGGGCTCCCCATACCACACG_010,190
AGGGCTCCCCATACCACACG_011,17
AGGGCTCCCCATACCACACG_012,119
GCTGGCCTGGACAATTACTG_001,118
GCTGGCCTGGACAATTACTG_002,52
GCTGGCCTGGACAATTACTG_003,130
GCTGGCCTGGACAATTACTG_004,177
GCTGGCCTGGACAATTACTG_005,98
GCTGGCCTGGACAATTACTG_006,60
GCTGGCCTGGACAATTACTG_007,148
GCTGGCCTGGACAATTACTG_008,48
GCTGGCCTGGACAATTACTG_009,41
GCTGGCCTGGACAATTACTG_010,120
AGTGTAATCAATGTAAGGGG_001,101
AGTGTAATCAATGTAAGGGG_002,28
AGTGTAATCAATGTAAGGGG_003,132
AGTGTAATCAATGTAAGGGG_004,45
AGTGTAATCAATGTAAGGGG_005,88
AGTGTAATCAATGTAAGGGG_006,34
AGTGTAATCAATGTAAGGGG_007,2
AGTGTAATCAATGTAAGGGG_008,48
AGTGTAATCAATGTAAGGGG_009,144
CAGCTGCATCTTGTGCGCGC_001,4
CAGCTGCATCTTGTGCGCGC_002,43
CAGCTGCATCTTGTGCGCGC_003,121
CAGCTGCATCTTGTGCGCGC_004,117
CAGCTGCATCTTGTGCGCGC_005,174
CAGCTGCATCTTGTGCGCGC_006,112
CAGCTGCATCTTGTGCGCGC_007,102
CAGCTGCATCTTGTGCGCGC_008,47
CTGGTCCTTCACAGGGTCGT_001,58
CTGGTCCTTCACAGGGTCGT_002,50
CTGGTCCTTCACAGGGTCGT_003,120
CTGGTCCTTCACAGGGTCGT_004,62
CTGGTCCTTCACAGGGTCGT_005,130
CTGGTCCTTCACAGGGTCGT_006,175
CTGGTCCTTCACAGGGTCGT_007,171
CTGGTCCTTCACAGGGTCGT_008,188
CTGGTCCTTCACAGGGTCGT_009,149
CTGGTCCTTCACAGGGTCGT_010,105
CTGGTCCTTCACAGGGTCGT_011,127
CTGGTCCTTCACAGGGTCGT_012,162
CTGGTCCTTCACAGGGTCGT_013,197
CTGGTCCTTCACAGGGTCGT_014,25
CTGGTCCTTCACAGGGTCGT_015,82
CTGGTCCTTCACAGGGTCGT_016,0
CTGGTCCTTCACAGGGTCGT_017,69
CTGGTCCTTCACAGGGTCGT_018,175
CTGGTCCTTCACAGGGTCGT_019,63
CTGGTCCTTCACAGGGTCGT_020,162
CTGGTCCTTCACAGGGTCGT_021,127
CTGGTCCTTCACAGGGTCGT_022,169
CTGGTCCTTCACAGGGTCGT_023,76
CTGGTCCTTCACAGGGTCGT_024,2
CTGGTCCTTCACAGGGTCGT_025,123
CTGGTCCTTCACAGGGTCGT_026,199
CTGGTCCTTCACAGGGTCGT_027,17
CTGGTCCTTCACAGGGTCGT_028,147
CTGGTCCTTCACAGGGTCGT_029,178
CTGGTCCTTCACAGGGTCGT_030,161
CTGGTCCTTCACAGGGTCGT_031,23
CTGGTCCTTCACAGGGTCGT_032,39
CTGGTCCTTCACAGGGTCGT_033,182
CTGGTCCTTCACAGGGTCGT_034,0
CTGGTCCTTCACAGGGTCGT_035,119
CTGGTCCTTCACAGGGTCGT_036,18
GGCATGGGCCGCATCCACAA_001,101
GGCATGGGCCGCATCCACAA_002,152
GGCATGGGCCGCATCCACAA_003,129
GGCATGGGCCGCATCCACAA_004,21
GGCATGGGCCGCATCCACAA_005,92
GGCATGGGCCGCATCCACAA_006,82
GGCATGGGCCGCATCCACAA_007,118
GGCATGGGCCGCATCCACAA_008,57
GGCATGGGCCGCATCCACAA_009,62
GGCATGGGCCGCATCCACAA_010,184
GGCATGGGCCGCATCCACAA_011,36
GGCATGGGCCGCATCCACAA_012,17
GGCATGGGCCGCATCCACAA_013,153
GGCATGGGCCGCATCCACAA_014,50
GGCATGGGCCGCATCCACAA_015,184
GGCATGGGCCGCATCCACAA_016,31
GGCATGGGCCGCATCCACAA_017,126
GGCATGGGCCGCATCCACAA_018,131
GGCATGGGCCGCATCCACAA_019,70
GCGCGCCCTACCTGGATCCG_001,142
GCGCGCCCTACCTGGATCCG_002,62
GCGCGCCCTACCTGGATCCG_003,40
GCGCGCCCTACCTGGATCCG_004,32
GCGCGCCCTACCTGGATCCG_005,29
GCGCGCCCTACCTGGATCCG_006,149
GCGCGCCCTACCTGGATCCG_007,10
GCGCGCCCTACCTGGATCCG_008,110
GCGCGCCCTACCTGGATCCG_009,8
GCGCGCCCTACCTGGATCCG_010,150
GCGCGCCCTACCTGGATCCG_011,95
GCGCGCCCTACCTGGATCCG_012,176
GCGCGCCCTACCTGGATCCG_013,11
GCGCGCCCTACCTGGATCCG_014,125
GCGCGCCCTACCTGGATCCG_015,11
GCGCGCCCTACCTGGATCCG_016,41
GCGCGCCCTACCTGGATCCG_017,9
GCGCGCCCTACCTGGATCCG_018,84
GCGCGCCCTACCTGGATCCG_019,163
GCGCGCCCTACCTGGATCCG_020,163
GCGCGCCCTACCTGGATCCG_021,198
GCGCGCCCTACCTGGATCCG_022,78
GCGCGCCCTACCTGGATCCG_023,78
GCGCGCCCTACCTGGATCCG_024,41
GCGCGCCCTACCTGGATCCG_025,19
TCCAGGTACACCTCGCCCAG_001,132
TCCAGGTACACCTCGCCCAG_002,4
GGCACCCGACAGGATACCCG_001,106
GGCACCCGACAGGATACCCG_002,22
GGCACCCGACAGGATACCCG_003,61
GGCACCCGACAGGATACCCG_004,172
GGCACCCGACAGGATACCCG_005,172
GGCACCCGACAGGATACCCG_006,112
GGCACCCGACAGGATACCCG_007,29
GGCACCCGACAGGATACCCG_008,128
GGCACCCGACAGGATACCCG_009,148
GGCACCCGACAGGATACCCG_010,169
GGCACCCGACAGGATACCCG_011,23
AATACAGATACAATCCAATG_001,23
AATACAGATACAATCCAATG_002,198
AATACAGATACAATCCAATG_003,192
AATACAGATACAATCCAATG_004,142
TCACCCGGACAGGTATGTTG_001,41
TCACCCGGACAGGTATGTTG_002,190
TCACCCGGACAGGTATGTTG_003,22
TCACCCGGACAGGTATGTTG_004,17
TCACCCGGACAGGTATGTTG_005,39
AGGCGCAGAAGATCCCTGAG_001,78
AGGCGCAGAAGATCCCTGAG_002,172
AGGCGCAGAAGATCCCTGAG_003,12
AGGCGCAGAAGATCCCTGAG_004,149
AGGCGCAGAAGATCCCTGAG_005,167
AGGCGCAGAAGATCCCTGAG_006,167
AGGCGCAGAAGATCCCTGAG_007,142
AGGCGCAGAAGATCCCTGAG_008,50
AGGCGCAGAAGATCCCTGAG_009,83
AGGCGCAGAAGATCCCTGAG_010,70
AGGCGCAGAAGATCCCTGAG_011,99
AGGCGCAGAAGATCCCTGAG_012,125
AGGCGCAGAAGATCCCTGAG_013,9
AGGCGCAGAAGATCCCTGAG_014,192
AGGCGCAGAAGATCCCTGAG_015,127
AGGCGCAGAAGATCCCTGAG_016,165
AGGCGCAGAAGATCCCTGAG_017,146
AGGCGCAGAAGATCCCTGAG_018,33
AGGCGCAGAAGATCCCTGAG_019,127
AGGCGCAGAAGATCCCTGAG_020,108
CACACCCACAGACAAAAAGT_001,118
CACACCCACAGACAAAAAGT_002,58
AGGGTGAGATCGTCGCTGGG_001,129
AGGGTGAGATCGTCGCTGGG_002,108
AGGGTGAGATCGTCGCTGGG_003,134
AGGGTGAGATCGTCGCTGGG_004,188
AGGGTGAGATCGTCGCTGGG_005,63
AGGGTGAGATCGTCGCTGGG_006,50
AGGGTGAGATCGTCGCTGGG_007,34
AGGGTGAGATCGTCGCTGGG_008,161
AGGGTGAGATCGTCGCTGGG_009,23
AGGGTGAGATCGTCGCTGGG_010,115
AGGGTGAGATCGTCGCTGGG_011,61
AGGGTGAGATCGTCGCTGGG_012,178
GGACCCGTAGGACATCCCCT_001,125
GGACCCGTAGGACATCCCCT_002,178
GGACCCGTAGGACATCCCCT_003,50
GGACCCGTAGGACATCCCCT_004,38
GGACCCGTAGGACATCCCCT_005,37
GGACCCGTAGGACATCCCCT_006,119
GGACCCGTAGGACATCCCCT_007,172
GGACCCGTAGGACATCCCCT_008,48
GGACCCGTAGGACATCCCCT_009,19
GGACCCGTAGGACATCCCCT_010,76
GGACCCGTAGGACATCCCCT_011,130
GGACCCGTAGGACATCCCCT_012,145
GGACCCGTAGGACATCCCCT_013,98
GGACCCGTAGGACATCCCCT_014,165
GGACCCGTAGGACATCCCCT_015,15
CACCCACCAAGACCTAACTG_001,120
CACCCACCAAGACCTAACTG_002,92
CACCCACCAAGACCTAACTG_003,60
CACCCACCAAGACCTAACTG_004,72
CACCCACCAAGACCTAACTG_005,172
CACCCACCAAGACCTAACTG_006,51
CACCCACCAAGACCTAACTG_007,4
CACCCACCAAGACCTAACTG_008,35
CACCCACCAAGACCTAACTG_009,13
CACCCACCAAGACCTAACTG_010,70
CACCCACCAAGACCTAACTG_011,37
CACCCACCAAGACCTAACTG_012,15
CACCCACCAAGACCTAACTG_013,3
CACCCACCAAGACCTAACTG_014,21
CACCCACCAAGACCTAACTG_015,15
CACCCACCAAGACCTAACTG_016,29
AAACACGATCACTAGCAGAG_001,85
AAACACGATCACTAGCAGAG_002,156
AAACACGATCACTAGCAGAG_003,159
CATTGGTGTGACACTTCCAT_001,48
CATTGGTGTGACACTTCCAT_002,54
CATTGGTGTGACACTTCCAT_003,169
CATTGGTGTGACACTTCCAT_004,102
CATTGGTGTGACACTTCCAT_005,104
CATTGGTGTGACACTTCCAT_006,141
CATTGGTGTGACACTTCCAT_007,97
CCTGACATCCTCAAACGGGA_001,147
CCTGACATCCTCAAACGGGA_002,117
CCTGACATCCTCAAACGGGA_003,162
CCTGACATCCTCAAACGGGA_004,17
CCTGACATCCTCAAACGGGA_005,68
CCTGACATCCTCAAACGGGA_006,84
CCTGACATCCTCAAACGGGA_007,78
CCTGACATCCTCAAACGGGA_008,83
CCTGACATCCTCAAACGGGA_009,94
CCTGACATCCTCAAACGGGA_010,165
CCTGACATCCTCAAACGGGA_011,38
CCTGACATCCTCAAACGGGA_012,64
CCTGACATCCTCAAACGGGA_013,146
CCTGACATCCTCAAACGGGA_014,21
CCTGACATCCTCAAACGGGA_015,64
CCTGACATCCTCAAACGGGA_016,4
CCTGACATCCTCAAACGGGA_017,174
CCTACCTTGAAGGTGAACAG_001,70
CCTACCTTGAAGGTGAACAG_002,193
CCTACCTTGAAGGTGAACAG_003,25
CCTACCTTGAAGGTGAACAG_004,119
CCTACCTTGAAGGTGAACAG_005,81
CCTACCTTGAAGGTGAACAG_006,148
CCTACCTTGAAGGTGAACAG_007,1
CCTACCTTGAAGGTGAACAG_008,175
CCTACCTTGAAGGTGAACAG_009,106
CCTACCTTGAAGGTGAACAG_010,137
CCTACCTTGAAGGTGAACAG_011,131
CCTACCTTGAAGGTGAACAG_012,101
ACTGAACATTCGGATCGTGT_001,127
ACTGAACATTCGGATCGTGT_002,124
GGGATCCTGCTAAAGCGGAG_001,23
GGGATCCTGCTAAAGCGGAG_002,115
GGGATCCTGCTAAAGCGGAG_003,174
GGGATCCTGCTAAAGCGGAG_004,58
GGGATCCTGCTAAAGCGGAG_005,68
GGGATCCTGCTAAAGCGGAG_006,83
GGGATCCTGCTAAAGCGGAG_007,64
GGGATCCTGCTAAAGCGGAG_008,34
GGTGAAGCGCGAATACCTGA_001,185
GGTGAAGCGCGAATACCTGA_002,102
GCCCGAGTGATCATTAAGGA_001,51
GCCCGAGTGATCATTAAGGA_002,142
GCCCGAGTGATCATTAAGGA_003,199
GGGCACTGGTGCGAGCACAG_001,115
GGGCACTGGTGCGAGCACAG_002,133
GGGCACTGGTGCGAGCACAG_003,63
GGGCACTGGTGCGAGCACAG_004,104
TCCTGAACCCAACCTCAACG_001,40
TCCTGAACCCAACCTCAACG_002,127
TCCTGAACCCAACCTCAACG_003,85
TCCTGAACCCAACCTCAACG_004,56
TCCTGAACCCAACCTCAACG_005,20
TCCTGAACCCAACCTCAACG_006,147
TCCTGAACCCAACCTCAACG_007,105
TCCTGAACCCAACCTCAACG_008,41
TCCTGAACCCAACCTCAACG_009,164
TCCTGAACCCAACCTCAACG_010,98
TCCTGAACCCAACCTCAACG_011,116
TCCTGAACCCAACCTCAACG_012,63
TCCTGAACCCAACCTCAACG_013,32
TCCTGAACCCAACCTCAACG_014,82
TCCTGAACCCAACCTCAACG_015,44
TCCTGAACCCAACCTCAACG_016,144
TCCTGAACCCAACCTCAACG_017,27
TCCTGAACCCAACCTCAACG_018,58
TCCTGAACCCAACCTCAACG_019,153
TCCTGAACCCAACCTCAACG_020,40
TCCTGAACCCAACCTCAACG_021,40
TCCTGAACCCAACCTCAACG_022,193
CAGGTCCTCGATGCACTCGA_001,81
CAGGTCCTCGATGCACTCGA_002,145
CAGGTCCTCGATGCACTCGA_003,67
CAGGTCCTCGATGCACTCGA_004,176
CAGGTCCTCGATGCACTCGA_005,117
CAGGTCCTCGATGCACTCGA_006,76
CAGGTCCTCGATGCACTCGA_007,9
CAGGTCCTCGATGCACTCGA_008,150
CAGGTCCTCGATGCACTCGA_009,34
CAGGTCCTCGATGCACTCGA_010,122
CAGGTCCTCGATGCACTCGA_011,166
CAGGTCCTCGATGCACTCGA_012,171
CAGGTCCTCGATGCACTCGA_013,177
GGAGGTGGATAACGTCCATG_001,90
GGAGGTGGATAACGTCCATG_002,166
GGAGGTGGATAACGTCCATG_003,140
GGAGGTGGATAACGTCCATG_004,140
CAAACTGTACGAGGTGCTCG_001,113
CCCAACTCAACAAACCTGAA_001,150
CCCAACTCAACAAACCTGAA_002,195
CCCAACTCAACAAACCTGAA_003,68
CCCATCCTTCAAGGATCGAG_001,131
CCCATCCTTCAAGGATCGAG_002,37
CCCATCCTTCAAGGATCGAG_003,17
CCCATCCTTCAAGGATCGAG_004,127
CCCATCCTTCAAGGATCGAG_005,83
CCCATCCTTCAAGGATCGAG_006,83
CCCATCCTTCAAGGATCGAG_007,70
GTTGCCACAAAATAATGATG_001,91
GTTGCCACAAAATAATGATG_002,101
GTTGCCACAAAATAATGATG_003,11
GTTGCCACAAAATAATGATG_004,70
CATCGCCGCCGGTGTATGCG_001,14
CATCGCCGCCGGTGTATGCG_002,199
CATCGCCGCCGGTGTATGCG_003,177
CATCGCCGCCGGTGTATGCG_004,72
CATCGCCGCCGGTGTATGCG_005,165
CATCGCCGCCGGTGTATGCG_006,40
CATCGCCGCCGGTGTATGCG_007,123
CATCGCCGCCGGTGTATGCG_008,39
AGATTGTACACAAATAGCAG_001,71
AGATTGTACACAAATAGCAG_002,76
AGATTGTACACAAATAGCAG_003,185
AGATTGTACACAAATAGCAG_004,72
AGATTGTACACAAATAGCAG_005,198
AGATTGTACACAAATAGCAG_006,63
AGATTGTACACAAATAGCAG_007,46
AGATTGTACACAAATAGCAG_008,102
TTGGCTATGATGCGGCACAA_001,130
TTGGCTATGATGCGGCACAA_002,119
TTGGCTATGATGCGGCACAA_003,53
TTGGCTATGATGCGGCACAA_004,61
TTGGCTATGATGCGGCACAA_005,64
TTGGCTATGATGCGGCACAA_006,112
TTGGCTATGATGCGGCACAA_007,160
CACATCCAGTCAGAAACCAG_001,48
CACATCCAGTCAGAAACCAG_002,88
CACATCCAGTCAGAAACCAG_003,72
CACATCCAGTCAGAAACCAG_004,44
CACATCCAGTCAGAAACCAG_005,91
CACATCCAGTCAGAAACCAG_006,94
CACATCCAGTCAGAAACCAG_007,97
CACATCCAGTCAGAAACCAG_008,134
CACATCCAGTCAGAAACCAG_009,190
CACATCCAGTCAGAAACCAG_010,114
CACATCCAGTCAGAAACCAG_011,176
GAGCAACACATGGGGCAACG_001,169
GGTACTGGCGGTGGCCTCTG_001,48
GGTACTGGCGGTGGCCTCTG_002,41
GGTACTGGCGGTGGCCTCTG_003,78
ACAGTCTGACCAGCTCCATG_001,129
ACAGTCTGACCAGCTCCATG_002,24
ACAGTCTGACCAGCTCCATG_003,124
ACAGTCTGACCAGCTCCATG_004,50
ACAGTCTGACCAGCTCCATG_005,45
ACAGTCTGACCAGCTCCATG_006,17
ACAGTCTGACCAGCTCCATG_007,14
CCGGACCTACAGGCAGCCAG_001,40
CCGGACCTACAGGCAGCCAG_002,57
CCGGACCTACAGGCAGCCAG_003,82
CCGGACCTACAGGCAGCCAG_004,54
CCGGACCTACAGGCAGCCAG_005,175
CCGGACCTACAGGCAGCCAG_006,197
CCGGACCTACAGGCAGCCAG_007,197
CCGGACCTACAGGCAGCCAG_008,158
CCGGACCTACAGGCAGCCAG_009,50
CTCACAGAAAGCCTAGCACA_001,19
CTCACAGAAAGCCTAGCACA_002,13
CTCACAGAAAGCCTAGCACA_003,114
CTCACAGAAAGCCTAGCACA_004,3
CTCACAGAAAGCCTAGCACA_005,120
CTCACAGAAAGCCTAGCACA_006,122
CTCACAGAAAGCCTAGCACA_007,9
CTCACAGAAAGCCTAGCACA_008,40
CTCACAGAAAGCCTAGCACA_009,178
CTCACAGAAAGCCTAGCACA_010,94
CTCACAGAAAGCCTAGCACA_011,125
CTCACAGAAAGCCTAGCACA_012,63
CTCACAGAAAGCCTAGCACA_013,124
CTCACAGAAAGCCTAGCACA_014,102
CTCACAGAAAGCCTAGCACA_015,19
GGAGGTGCGACAGACCCGCG_001,32
GGAGGTGCGACAGACCCGCG_002,53
GGAGGTGCGACAGACCCGCG_003,2
GGAGGTGCGACAGACCCGCG_004,39
GGAGGTGCGACAGACCCGCG_005,78
GGAGGTGCGACAGACCCGCG_006,133
GGAGGTGCGACAGACCCGCG_007,111
GGAGGTGCGACAGACCCGCG_008,7
GGAGGTGCGACAGACCCGCG_009,50
GGAGGTGCGACAGACCCGCG_010,15
GGAGGTGCGACAGACCCGCG_011,16
GGAGGTGCGACAGACCCGCG_012,30
GGAGGTGCGACAGACCCGCG_013,34
GGAGGTGCGACAGACCCGCG_014,75
GGAGGTGCGACAGACCCGCG_015,35
GGAGGTGCGACAGACCCGCG_016,72
GGAGGTGCGACAGACCCGCG_017,146
GGAGGTGCGACAGACCCGCG_018,10
GGAGGTGCGACAGACCCGCG_019,49
AGAGGATCTCGGAGACTGAG_001,139
AGAGGATCTCGGAGACTGAG_002,46
AGAGGATCTCGGAGACTGAG_003,174
AGAGGATCTCGGAGACTGAG_004,169
AGAGGATCTCGGAGACTGAG_005,175
AGAGGATCTCGGAGACTGAG_006,70
AGAGGATCTCGGAGACTGAG_007,100
AGAGGATCTCGGAGACTGAG_008,50
AGAGGATCTCGGAGACTGAG_009,88
AGAGGATCTCGGAGACTGAG_010,176
AGAGGATCTCGGAGACTGAG_011,141
AGAGGATCTCGGAGACTGAG_012,88
AGAGGATCTCGGAGACTGAG_013,159
AGAGGATCTCGGAGACTGAG_014,169
AGAGGATCTCGGAGACTGAG_015,94
AGAGGATCTCGGAGACTGAG_016,94
AGAGGATCTCGGAGACTGAG_017,41
AGAGGATCTCGGAGACTGAG_018,21
AGAGGATCTCGGAGACTGAG_019,192
AGAGGATCTCGGAGACTGAG_020,54
AGAGGATCTCGGAGACTGAG_021,78
AGAGGATCTCGGAGACTGAG_022,2
AGAGGATCTCGGAGACTGAG_023,104
AGAGGATCTCGGAGACTGAG_024,2
AGAGGATCTCGGAGACTGAG_025,90
AACCAGATTACTGACACTGA_001,116
AACCAGATTACTGACACTGA_002,65
AACCAGATTACTGACACTGA_003,189
AACCAGATTACTGACACTGA_004,162
AACCAGATTACTGACACTGA_005,174
AACCAGATTACTGACACTGA_006,60
AACCAGATTACTGACACTGA_007,12
AACCAGATTACTGACACTGA_008,112
AACCAGATTACTGACACTGA_009,40
AACCAGATTACTGACACTGA_010,43
GTTTGCCTCTCCTTCAATAG_001,138
GTTTGCCTCTCCTTCAATAG_002,166
GTTTGCCTCTCCTTCAATAG_003,197
GGGATATCGACCCTGAACGA_001,49
GGGATATCGACCCTGAACGA_002,6
GGGATATCGACCCTGAACGA_003,47
GGGATATCGACCCTGAACGA_004,49
GGGATATCGACCCTGAACGA_005,9
GGGATATCGACCCTGAACGA_006,61
GGGATATCGACCCTGAACGA_007,55
GGGATATCGACCCTGAACGA_008,131
CTGTGCCGGAAGTACTACCT_001,83
CTGTGCCGGAAGTACTACCT_002,63
CTGTGCCGGAAGTACTACCT_003,104
CTGTGCCGGAAGTACTACCT_004,104
CTGTGCCGGAAGTACTACCT_005,103
CTGTGCCGGAAGTACTACCT_006,26
CTGTGCCGGAAGTACTACCT_007,179
CTGTGCCGGAAGTACTACCT_008,134
CTGTGCCGGAAGTACTACCT_009,134
CTGTGCCGGAAGTACTACCT_010,176
CTGTGCCGGAAGTACTACCT_011,28
CTGTGCCGGAAGTACTACCT_012,171
CTGTGCCGGAAGTACTACCT_013,15
CTGTGCCGGAAGTACTACCT_014,36
CTGTGCCGGAAGTACTACCT_015,0
CTGTGCCGGAAGTACTACCT_016,175
CTGTGCCGGAAGTACTACCT_017,66
CCTTCTCTAGTCGTGCATTG_001,145
CCTTCTCTAGTCGTGCATTG_002,162
CCTTCTCTAGTCGTGCATTG_003,0
CCTTCTCTAGTCGTGCATTG_004,152
CCTTCTCTAGTCGTGCATTG_005,3
CCTTCTCTAGTCGTGCATTG_006,127
CCTTCTCTAGTCGTGCATTG_007,5
CCTTCTCTAGTCGTGCATTG_008,8
CCTTCTCTAGTCGTGCATTG_009,147
CCTTCTCTAGTCGTGCATTG_010,57
CCTTCTCTAGTCGTGCATTG_011,147
CCTTCTCTAGTCGTGCATTG_012,58
CCTTCTCTAGTCGTGCATTG_013,90
CCTTCTCTAGTCGTGCATTG_014,121
CCTTCTCTAGTCGTGCATTG_015,29
CCTTCTCTAGTCGTGCATTG_016,70
CCTTCTCTAGTCGTGCATTG_017,156
CCTTCTCTAGTCGTGCATTG_018,86
CCTTCTCTAGTCGTGCATTG_019,74
CCTTCTCTAGTCGTGCATTG_020,54
CCTTCTCTAGTCGTGCATTG_021,78
CCTTCTCTAGTCGTGCATTG_022,2
CCTTCTCTAGTCGTGCATTG_023,188
CCTTCTCTAGTCGTGCATTG_024,149
CCTTCTCTAGTCGTGCATTG_025,168
CCTTCTCTAGTCGTGCATTG_026,175
CCTTCTCTAGTCGTGCATTG_027,34
CCTTCTCTAGTCGTGCATTG_028,172
CCTTCTCTAGTCGTGCATTG_029,158
CCTTCTCTAGTCGTGCATTG_030,33
CCTTCTCTAGTCGTGCATTG_031,118
CCTTCTCTAGTCGTGCATTG_032,175
CCTTCTCTAGTCGTGCATTG_033,35
CCTTCTCTAGTCGTGCATTG_034,108
ACAACTTAGACAGTTGACAG_001,169
ACAACTTAGACAGTTGACAG_002,111
ACAACTTAGACAGTTGACAG_003,169
ACAACTTAGACAGTTGACAG_004,60
ACAACTTAGACAGTTGACAG_005,192
ACAACTTAGACAGTTGACAG_006,11
ACAACTTAGACAGTTGACAG_007,37
ACAACTTAGACAGTTGACAG_008,132
ACAACTTAGACAGTTGACAG_009,140
ACAACTTAGACAGTTGACAG_010,138
ACAACTTAGACAGTTGACAG_011,58
ACAACTTAGACAGTTGACAG_012,88
GAGGCCATGAGCCGCAAACT_001,50
GAGGCCATGAGCCGCAAACT_002,175
GAGGCCATGAGCCGCAAACT_003,81
GAGGCCATGAGCCGCAAACT_004,58
GAGGCCATGAGCCGCAAACT_005,102
GAGGCCATGAGCCGCAAACT_006,44
GAGGCCATGAGCCGCAAACT_007,15
GAGGCCATGAGCCGCAAACT_008,37
GAGGCCATGAGCCGCAAACT_009,84
GAGGCCATGAGCCGCAAACT_010,86
GAGGCCATGAGCCGCAAACT_011,198
CAGGTAGCTCAGCAGTCGTA_001,144
CAGGTAGCTCAGCAGTCGTA_002,63
CAGGTAGCTCAGCAGTCGTA_003,76
CAGGTAGCTCAGCAGTCGTA_004,119
CAGGTAGCTCAGCAGTCGTA_005,101
CAGGTAGCTCAGCAGTCGTA_006,61
CAGGTAGCTCAGCAGTCGTA_007,192
CAGGTAGCTCAGCAGTCGTA_008,130
CAGGTAGCTCAGCAGTCGTA_009,98
CAGGTAGCTCAGCAGTCGTA_010,78
CAGGTAGCTCAGCAGTCGTA_011,42
CAGGTAGCTCAGCAGTCGTA_012,192
CAGGTAGCTCAGCAGTCGTA_013,41
CAGGTAGCTCAGCAGTCGTA_014,169
CAGGTAGCTCAGCAGTCGTA_015,122
CAGGTAGCTCAGCAGTCGTA_016,162
CAGGTAGCTCAGCAGTCGTA_017,17
CAGGTAGCTCAGCAGTCGTA_018,3
CAGGTAGCTCAGCAGTCGTA_019,147
CAGGTAGCTCAGCAGTCGTA_020,184
CAGGTAGCTCAGCAGTCGTA_021,84
CAGGTAGCTCAGCAGTCGTA_022,50
TACAAGGAAGAATGGATACC_001,12
AGGCTCAGGATATTAGTGGC_001,102
AGGCTCAGGATATTAGTGGC_002,100
AGGCTCAGGATATTAGTGGC_003,94
AGGCTCAGGATATTAGTGGC_004,112
AGGCTCAGGATATTAGTGGC_005,130
AGGCTCAGGATATTAGTGGC_006,94
AGGCTCAGGATATTAGTGGC_007,82
CTTGATTGAAAAGCCGACAG_001,49
CTTGATTGAAAAGCCGACAG_002,42
CTTGATTGAAAAGCCGACAG_003,152
CTTGATTGAAAAGCCGACAG_004,118
CTTGATTGAAAAGCCGACAG_005,12
CTTGATTGAAAAGCCGACAG_006,169
CTTGATTGAAAAGCCGACAG_007,115
AATGCTCCTGAGGCCAACAG_001,17
AATGCTCCTGAGGCCAACAG_002,59
AATGCTCCTGAGGCCAACAG_003,91
AATGCTCCTGAGGCCAACAG_004,15
AATGCTCCTGAGGCCAACAG_005,153
AATGCTCCTGAGGCCAACAG_006,124
AATGCTCCTGAGGCCAACAG_007,166
AATGCTCCTGAGGCCAACAG_008,166
AACTCGTAAGTGCTACCGCA_001,27
AACTCGTAAGTGCTACCGCA_002,178
AACTCGTAAGTGCTACCGCA_003,10
AACTCGTAAGTGCTACCGCA_004,168
AACTCGTAAGTGCTACCGCA_005,88
AACTCGTAAGTGCTACCGCA_006,38
CGCCAGGTACAGAAACCGCG_001,88
CGCCAGGTACAGAAACCGCG_002,178
CGCCAGGTACAGAAACCGCG_003,198
CGCCAGGTACAGAAACCGCG_004,148
CGCCAGGTACAGAAACCGCG_005,81
CGCCAGGTACAGAAACCGCG_006,58
CGCCAGGTACAGAAACCGCG_007,16
CGCCAGGTACAGAAACCGCG_008,42
CGCCAGGTACAGAAACCGCG_009,11
CGCCAGGTACAGAAACCGCG_010,117
CGCCAGGTACAGAAACCGCG_011,20
CGCCAGGTACAGAAACCGCG_012,65
CGCCAGGTACAGAAACCGCG_013,103
CGCCAGGTACAGAAACCGCG_014,169
CGCCAGGTACAGAAACCGCG_015,193
CGCCAGGTACAGAAACCGCG_016,6
CGCCAGGTACAGAAACCGCG_017,143
CGCCAGGTACAGAAACCGCG_018,56
CGCCAGGTACAGAAACCGCG_019,103
CGCCAGGTACAGAAACCGCG_020,50
CGCCAGGTACAGAAACCGCG_021,60
CGCCAGGTACAGAAACCGCG_022,166
CGCCAGGTACAGAAACCGCG_023,7
CGCCAGGTACAGAAACCGCG_024,141
GAGACCTGAGATTCACTCAA_001,8
GAGACCTGAGATTCACTCAA_002,9
GAGACCTGAGATTCACTCAA_003,149
GAGACCTGAGATTCACTCAA_004,186
GAGACCTGAGATTCACTCAA_005,34
GAGACCTGAGATTCACTCAA_006,48
GAGACCTGAGATTCACTCAA_007,188
GAGACCTGAGATTCACTCAA_008,198
GAGACCTGAGATTCACTCAA_009,0
GTGTCAAACCGACTATCACT_001,159
GTGTCAAACCGACTATCACT_002,8
GTGTCAAACCGACTATCACT_003,118
GTGTCAAACCGACTATCACT_004,60
GTGTCAAACCGACTATCACT_005,70
GTGTCAAACCGACTATCACT_006,71
GTGTCAAACCGACTATCACT_007,151
GTGTCAAACCGACTATCACT_008,132
GTGTCAAACCGACTATCACT_009,7
GTGTCAAACCGACTATCACT_010,48
GTGTCAAACCGACTATCACT_011,107
GTGTCAAACCGACTATCACT_012,97
GTGTCAAACCGACTATCACT_013,20
GTGTCAAACCGACTATCACT_014,18
GTGTCAAACCGACTATCACT_015,193
GTGTCAAACCGACTATCACT_016,56
GTGTCAAACCGACTATCACT_017,104
GTGTCAAACCGACTATCACT_018,180
GTGTCAAACCGACTATCACT_019,15
GTGTCAAACCGACTATCACT_020,162
GTGTCAAACCGACTATCACT_021,146
CCTTTCTTGAGCACGTACGA_001,181
CCTTTCTTGAGCACGTACGA_002,148
CCTTTCTTGAGCACGTACGA_003,114
GGAACCAAGGAATATACCGA_001,9
GGAACCAAGGAATATACCGA_002,48
GGAACCAAGGAATATACCGA_003,105
GGAACCAAGGAATATACCGA_004,1
GGAACCAAGGAATATACCGA_005,78
GGAACCAAGGAATATACCGA_006,21
GGAACCAAGGAATATACCGA_007,3
GGAACCAAGGAATATACCGA_008,52
GGAACCAAGGAATATACCGA_009,84
GGAACCAAGGAATATACCGA_010,141
GGAACCAAGGAATATACCGA_011,51
GGAACCAAGGAATATACCGA_012,193
GGAACCAAGGAATATACCGA_013,35
CACCTAGTAAGTCGTTTAGG_001,166
CACCTAGTAAGTCGTTTAGG_002,22
CACCTAGTAAGTCGTTTAGG_003,55
CACCTAGTAAGTCGTTTAGG_004,125
GACTCTAGCAGATCTAACCC_001,78
GCAGGCAGTCAGCGACGTTG_001,117
GCAGGCAGTCAGCGACGTTG_002,44
GCAGGCAGTCAGCGACGTTG_003,54
GCAGGCAGTCAGCGACGTTG_004,81
GCAGGCAGTCAGCGACGTTG_005,127
GCAGGCAGTCAGCGACGTTG_006,105
GCAGGCAGTCAGCGACGTTG_007,28
GCAGGCAGTCAGCGACGTTG_008,59
GCAGGCAGTCAGCGACGTTG_009,161
GCAGGCAGTCAGCGACGTTG_010,162
GCAGGCAGTCAGCGACGTTG_011,19
GCAGGCAGTCAGCGACGTTG_012,138
GGAGGCTCATTACGGGTCTG_001,74
GGAGGCTCATTACGGGTCTG_002,91
GGAGGCTCATTACGGGTCTG_003,166
GACTCCATGCGCAAACACGA_001,60
GACTCCATGCGCAAACACGA_002,105
GACTCCATGCGCAAACACGA_003,32
GACTCCATGCGCAAACACGA_004,130
GACTCCATGCGCAAACACGA_005,48
GACTCCATGCGCAAACACGA_006,132
GACTCCATGCGCAAACACGA_007,156
GACTCCATGCGCAAACACGA_008,112
GACTCCATGCGCAAACACGA_009,184
GACTCCATGCGCAAACACGA_010,5
GACTCCATGCGCAAACACGA_011,102
GACTCCATGCGCAAACACGA_012,94
GACTCCATGCGCAAACACGA_013,177
GACTCCATGCGCAAACACGA_014,147
GACTCCATGCGCAAACACGA_015,50
GACTCCATGCGCAAACACGA_016,74
GGCGACCCGGCGCAGATCAG_001,115
GGCGACCCGGCGCAGATCAG_002,29
GGCGACCCGGCGCAGATCAG_003,161
GGCGACCCGGCGCAGATCAG_004,6
GGCGACCCGGCGCAGATCAG_005,105
GGCGACCCGGCGCAGATCAG_006,133
GGCGACCCGGCGCAGATCAG_007,152
GGCGACCCGGCGCAGATCAG_008,198
GGTCTCGTGCATGATGACGT_001,77
GGTCTCGTGCATGATGACGT_002,149
GGTCTCGTGCATGATGACGT_003,78
GGTCTCGTGCATGATGACGT_004,102
GGTCTCGTGCATGATGACGT_005,144
GGTCTCGTGCATGATGACGT_006,62
GGTCTCGTGCATGATGACGT_007,22
GGTCTCGTGCATGATGACGT_008,123
GGTCTCGTGCATGATGACGT_009,19
GGTCTCGTGCATGATGACGT_010,2
GGTCTCGTGCATGATGACGT_011,66
GTGGCAGTACTACGAGCGAA_001,2
GTGGCAGTACTACGAGCGAA_002,2
GTGGCAGTACTACGAGCGAA_003,176
GTGGCAGTACTACGAGCGAA_004,42
GTGGCAGTACTACGAGCGAA_005,52
GTGGCAGTACTACGAGCGAA_006,70
GGCTGCTCACCTTTGAACAG_001,149
GGCTGCTCACCTTTGAACAG_002,44
GGCTGCTCACCTTTGAACAG_003,40
GGCTGCTCACCTTTGAACAG_004,8
GGCTGCTCACCTTTGAACAG_005,158
GGCTGCTCACCTTTGAACAG_006,151
GGCTGCTCACCTTTGAACAG_007,77
GGCTGCTCACCTTTGAACAG_008,83
AAGCTTATCGGCTATAGCCA_001,143
AAGCTTATCGGCTATAGCCA_002,115
AAGCTTATCGGCTATAGCCA_003,197
AAGCTTATCGGCTATAGCCA_004,91
AAGCTTATCGGCTATAGCCA_005,65
AAGCTTATCGGCTATAGCCA_006,45
AAGCTTATCGGCTATAGCCA_007,6
AAGCTTATCGGCTATAGCCA_008,55
CATTGGGATCAATGTTGATG_001,113
CATTGGGATCAATGTTGATG_002,146
CATTGGGATCAATGTTGATG_003,7
CATTGGGATCAATGTTGATG_004,145
CATTGGGATCAATGTTGATG_005,199
CATTGGGATCAATGTTGATG_006,144
CATTGGGATCAATGTTGATG_007,47
CATTGGGATCAATGTTGATG_008,36
CATTGGGATCAATGTTGATG_009,88
CATTGGGATCAATGTTGATG_010,160
GGATACATTGGAACCATTCG_001,178
GGATACATTGGAACCATTCG_002,6
GGATACATTGGAACCATTCG_003,17
GGATACATTGGAACCATTCG_004,192
GGATACATTGGAACCATTCG_005,177
GGATACATTGGAACCATTCG_006,56
GGATACATTGGAACCATTCG_007,17
GGATACATTGGAACCATTCG_008,174
CCTGTCAGATTGCGGCTCGG_001,60
CCTGTCAGATTGCGGCTCGG_002,108
CCTGTCAGATTGCGGCTCGG_003,74
CCTGTCAGATTGCGGCTCGG_004,31
CCTGTCAGATTGCGGCTCGG_005,31
CCTGTCAGATTGCGGCTCGG_006,83
CCTGTCAGATTGCGGCTCGG_007,69
CCTGTCAGATTGCGGCTCGG_008,28
CCTGTCAGATTGCGGCTCGG_009,15
CCTGTCAGATTGCGGCTCGG_010,134
CCTGTCAGATTGCGGCTCGG_011,22
CACAAAATAGGACTGACCGG_001,1
TGTTCTTATTCCGGGAGGCG_001,144
CCTGATCCAGGAGGCTGCGT_001,181
CCTGATCCAGGAGGCTGCGT_002,115
CCTGATCCAGGAGGCTGCGT_003,92
CCTGATCCAGGAGGCTGCGT_004,60
CCTGATCCAGGAGGCTGCGT_005,170
CCTGATCCAGGAGGCTGCGT_006,108
CCTGATCCAGGAGGCTGCGT_007,141
CCTGATCCAGGAGGCTGCGT_008,148
CCTGATCCAGGAGGCTGCGT_009,127
CCTGATCCAGGAGGCTGCGT_010,28
CCTGATCCAGGAGGCTGCGT_011,191
CCTGATCCAGGAGGCTGCGT_012,132
CCTGATCCAGGAGGCTGCGT_013,94
CCTGATCCAGGAGGCTGCGT_014,165
CCTGATCCAGGAGGCTGCGT_015,130
CCTGATCCAGGAGGCTGCGT_016,170
CCTGATCCAGGAGGCTGCGT_017,32
CCTGATCCAGGAGGCTGCGT_018,152
CCTGATCCAGGAGGCTGCGT_019,76
CCTGATCCAGGAGGCTGCGT_020,191
CCTGATCCAGGAGGCTGCGT_021,172
CCTGATCCAGGAGGCTGCGT_022,156
GAGAACTCGACCACGCCCTG_001,97
GAGAACTCGACCACGCCCTG_002,78
GAGAACTCGACCACGCCCTG_003,48
GAGAACTCGACCACGCCCTG_004,17
GAGAACTCGACCACGCCCTG_005,58
GAGAACTCGACCACGCCCTG_006,74
GAGAACTCGACCACGCCCTG_007,69
GAGAACTCGACCACGCCCTG_008,17
GAGAACTCGACCACGCCCTG_009,50
GAGAACTCGACCACGCCCTG_010,178
GAGAACTCGACCACGCCCTG_011,57
GAGAACTCGACCACGCCCTG_012,183
GAGAACTCGACCACGCCCTG_013,14
GAGAACTCGACCACGCCCTG_014,194
AATAGTATGCTTACGTCACA_001,129
AATAGTATGCTTACGTCACA_002,110
AATAGTATGCTTACGTCACA_003,69
AATAGTATGCTTACGTCACA_004,30
AGTTCTACTACAGACCCCCG_001,76
AGTTCTACTACAGACCCCCG_002,199
AGTTCTACTACAGACCCCCG_003,121
AGTTCTACTACAGACCCCCG_004,103
AGTTCTACTACAGACCCCCG_005,35
AGTTCTACTACAGACCCCCG_006,127
AGTTCTACTACAGACCCCCG_007,130
AGTTCTACTACAGACCCCCG_008,56
AGTTCTACTACAGACCCCCG_009,45
AGTTCTACTACAGACCCCCG_010,5
AGTTCTACTACAGACCCCCG_011,196
AGTTCTACTACAGACCCCCG_012,157
AGTTCTACTACAGACCCCCG_013,52
AAATCCTCCAAAGAACCGAG_001,115
AAATCCTCCAAAGAACCGAG_002,53
AAATCCTCCAAAGAACCGAG_003,145
AAATCCTCCAAAGAACCGAG_004,177
GCACTTGCAGGAGCTGGCGC_001,15
GCACTTGCAGGAGCTGGCGC_002,154
GCACTTGCAGGAGCTGGCGC_003,138
GCACTTGCAGGAGCTGGCGC_004,2
GCACTTGCAGGAGCTGGCGC_005,158
GCACTTGCAGGAGCTGGCGC_006,8
GCACTTGCAGGAGCTGGCGC_007,121
GCACTTGCAGGAGCTGGCGC_008,154
GCACTTGCAGGAGCTGGCGC_009,68
GCACTTGCAGGAGCTGGCGC_010,169
GCACTTGCAGGAGCTGGCGC_011,175
GCACTTGCAGGAGCTGGCGC_012,103
GCACTTGCAGGAGCTGGCGC_013,15
GCACTTGCAGGAGCTGGCGC_014,17
GCACTTGCAGGAGCTGGCGC_015,19
GCACTTGCAGGAGCTGGCGC_016,115
GCACTTGCAGGAGCTGGCGC_017,197
GTGAGGACCTCATAATATCG_001,15
GTGAGGACCTCATAATATCG_002,22
GTGAGGACCTCATAATATCG_003,198
GTGAGGACCTCATAATATCG_004,157
GTGAGGACCTCATAATATCG_005,174
GTGAGGACCTCATAATATCG_006,41
CACAACTTGTGGTAAAGCAG_001,110
CACAACTTGTGGTAAAGCAG_002,19
CACAACTTGTGGTAAAGCAG_003,185
CACAACTTGTGGTAAAGCAG_004,42
CACAACTTGTGGTAAAGCAG_005,112
CACAACTTGTGGTAAAGCAG_006,149
CACAACTTGTGGTAAAGCAG_007,162
GATATAGCATCCCCTAACGC_001,130
GATATAGCATCCCCTAACGC_002,145
GCTCATGTCGGCTAACGGAG_001,52
GCTCATGTCGGCTAACGGAG_002,186
GCTCATGTCGGCTAACGGAG_003,58
GCTCATGTCGGCTAACGGAG_004,41
GCTCATGTCGGCTAACGGAG_005,50
GCTCATGTCGGCTAACGGAG_006,168
GCTCATGTCGGCTAACGGAG_007,28
TACCCAGAACCAGTGAAGAC_001,29
TACCCAGAACCAGTGAAGAC_002,67
TACCCAGAACCAGTGAAGAC_003,120
TACCCAGAACCAGTGAAGAC_004,12
TACCCAGAACCAGTGAAGAC_005,81
TACCCAGAACCAGTGAAGAC_006,88
TACCCAGAACCAGTGAAGAC_007,132
TACCCAGAACCAGTGAAGAC_008,75
TACCCAGAACCAGTGAAGAC_009,130
TACCCAGAACCAGTGAAGAC_010,78
TACCCAGAACCAGTGAAGAC_011,130
TACCCAGAACCAGTGAAGAC_012,48
ACTAAGCCGTCCATTATACT_001,158
ACTAAGCCGTCCATTATACT_002,63
ACTAAGCCGTCCATTATACT_003,184
ACTAAGCCGTCCATTATACT_004,188
GAACTGGCCTTGCGCGCAAG_001,169
GAACTGGCCTTGCGCGCAAG_002,50
GAACTGGCCTTGCGCGCAAG_003,20
GAACTGGCCTTGCGCGCAAG_004,7
GAACTGGCCTTGCGCGCAAG_005,78
GCAAATCCGGAATGTCAATG_001,142
GCAAATCCGGAATGTCAATG_002,11
GCAAATCCGGAATGTCAATG_003,80
GCAAATCCGGAATGTCAATG_004,190
GTGTACAAGGCGACTTACCG_001,121
GTGTACAAGGCGACTTACCG_002,38
GTGTACAAGGCGACTTACCG_003,14
GTGTACAAGGCGACTTACCG_004,56
GTGTACAAGGCGACTTACCG_005,73
GTGTACAAGGCGACTTACCG_006,85
GTGTACAAGGCGACTTACCG_007,85
GTGTACAAGGCGACTTACCG_008,139
GTGTACAAGGCGACTTACCG_009,74
GTGTACAAGGCGACTTACCG_010,102
GTGTACAAGGCGACTTACCG_011,157
GTGTACAAGGCGACTTACCG_012,8
GTGTACAAGGCGACTTACCG_013,49
GTGTACAAGGCGACTTACCG_014,47
GTGTACAAGGCGACTTACCG_015,180
TTGTCTATGAACATCTGTGG_001,107
TTGTCTATGAACATCTGTGG_002,159
TTGTCTATGAACATCTGTGG_003,17
TTGTCTATGAACATCTGTGG_004,156
TTGTCTATGAACATCTGTGG_005,144
TTGTCTATGAACATCTGTGG_006,48
TTGTCTATGAACATCTGTGG_007,49
TTGTCTATGAACATCTGTGG_008,18
TTGTCTATGAACATCTGTGG_009,199
TTGTCTATGAACATCTGTGG_010,65
TTGTCTATGAACATCTGTGG_011,9
ATCACAATTACAAGGCCATG_001,150
ATCACAATTACAAGGCCATG_002,134
ATCACAATTACAAGGCCATG_003,45
ATCACAATTACAAGGCCATG_004,117
GAGAATAAGACAACTTCACT_001,191
GAGAATAAGACAACTTCACT_002,46
GAGAATAAGACAACTTCACT_003,190
TACCGCTGCGAGTGTAACGT_001,36
TACCGCTGCGAGTGTAACGT_002,166
TACCGCTGCGAGTGTAACGT_003,84
TACCGCTGCGAGTGTAACGT_004,159
TACCGCTGCGAGTGTAACGT_005,127
TACCGCTGCGAGTGTAACGT_006,34
TACCGCTGCGAGTGTAACGT_007,63
TACCGCTGCGAGTGTAACGT_008,50
TACCGCTGCGAGTGTAACGT_009,127
TACCGCTGCGAGTGTAACGT_010,81
TACCGCTGCGAGTGTAACGT_011,180
ACGTACTCCACATCGCCGAA_001,36
GACCATGGACCCCCAAGAGA_001,107
GACCATGGACCCCCAAGAGA_002,18
GACCATGGACCCCCAAGAGA_003,146
GACCATGGACCCCCAAGAGA_004,34
GACCATGGACCCCCAAGAGA_005,159
GACCATGGACCCCCAAGAGA_006,129
GACCATGGACCCCCAAGAGA_007,76
GACCATGGACCCCCAAGAGA_008,54
GACCATGGACCCCCAAGAGA_009,39
GTGTGGCATTGCCTCCTGTG_001,161
GTGTGGCATTGCCTCCTGTG_002,49
GTGTGGCATTGCCTCCTGTG_003,95
GTGTGGCATTGCCTCCTGTG_004,121
GTGTGGCATTGCCTCCTGTG_005,120
GCCGGTATCCAGCAGTCACG_001,145
GCCGGTATCCAGCAGTCACG_002,95
GCCGGTATCCAGCAGTCACG_003,95
GCCGGTATCCAGCAGTCACG_004,8
ATTGGGTTCGAGACAACAGG_001,37
ATTGGGTTCGAGACAACAGG_002,146
ATTGGGTTCGAGACAACAGG_003,172
ATTGGGTTCGAGACAACAGG_004,123
ATTGGGTTCGAGACAACAGG_005,58
ATTGGGTTCGAGACAACAGG_006,145
ATTGGGTTCGAGACAACAGG_007,84
ATTGGGTTCGAGACAACAGG_008,160
CAGGATCTGGCAGAAGACGA_001,94
CAGGATCTGGCAGAAGACGA_002,135
CAGGATCTGGCAGAAGACGA_003,15
CAGGATCTGGCAGAAGACGA_004,28
CAGGATCTGGCAGAAGACGA_005,144
CAGGATCTGGCAGAAGACGA_006,141
CAGGATCTGGCAGAAGACGA_007,1
CAGGATCTGGCAGAAGACGA_008,48
CAGGATCTGGCAGAAGACGA_009,66
CAGGATCTGGCAGAAGACGA_010,66
CAGGATCTGGCAGAAGACGA_011,70
CAGGATCTGGCAGAAGACGA_012,76
CAGGATCTGGCAGAAGACGA_013,161
CAGGATCTGGCAGAAGACGA_014,162
CAGGATCTGGCAGAAGACGA_015,198
TTACAGTACTGGGAAATCTC_001,116
TTACAGTACTGGGAAATCTC_002,183
TTACAGTACTGGGAAATCTC_003,34
TTACAGTACTGGGAAATCTC_004,19
TTACAGTACTGGGAAATCTC_005,94
CACAGCTGTGAACAGCCATG_001,98
CACAGCTGTGAACAGCCATG_002,29
CACAGCTGTGAACAGCCATG_003,67
CACAGCTGTGAACAGCCATG_004,19
CACAGCTGTGAACAGCCATG_005,59
CACAGCTGTGAACAGCCATG_006,144
CACAGCTGTGAACAGCCATG_007,47
CACAGCTGTGAACAGCCATG_008,111
CACAGCTGTGAACAGCCATG_009,124
CACAGCTGTGAACAGCCATG_010,142
CACAGCTGTGAACAGCCATG_011,142
CTGTGGTGAATATAACTCAG_001,19
ATTTGTATGGAATACTGTGG_001,148
ATTTGTATGGAATACTGTGG_002,75
ATTTGTATGGAATACTGTGG_003,98
AAGGACAAATCGACATGCCA_001,11
AAGGACAAATCGACATGCCA_002,102
AAGGACAAATCGACATGCCA_003,174
AAGGACAAATCGACATGCCA_004,2
AAGGACAAATCGACATGCCA_005,159
AAGGACAAATCGACATGCCA_006,25
AAGGACAAATCGACATGCCA_007,98
AAGGACAAATCGACATGCCA_008,176
AAGGACAAATCGACATGCCA_009,171
AAGGACAAATCGACATGCCA_010,5
AAGGACAAATCGACATGCCA_011,121
AAGGACAAATCGACATGCCA_012,151
AAGGACAAATCGACATGCCA_013,33
AAGGACAAATCGACATGCCA_014,153
AAGGACAAATCGACATGCCA_015,45
AAGGACAAATCGACATGCCA_016,184
AAGGACAAATCGACATGCCA_017,1
AAGGACAAATCGACATGCCA_018,98
AAGGACAAATCGACATGCCA_019,0
AAGGACAAATCGACATGCCA_020,41
AAGGACAAATCGACATGCCA_021,130
CAGTGAAATCTATCTCCCAG_001,0
CGGGGTGATCACCATGAACG_001,17
CGGGGTGATCACCATGAACG_002,117
CGGGGTGATCACCATGAACG_003,128
CGGGGTGATCACCATGAACG_004,60
CGGGGTGATCACCATGAACG_005,157
CGGGGTGATCACCATGAACG_006,137
CGGGGTGATCACCATGAACG_007,154
CGGGGTGATCACCATGAACG_008,149
CGGGGTGATCACCATGAACG_009,121
AAATATGCTAGAGTGCCTTG_001,41
CTCATCGCTAGGGTAAACCA_001,87
CTCATCGCTAGGGTAAACCA_002,157
CTCATCGCTAGGGTAAACCA_003,28
CTCATCGCTAGGGTAAACCA_004,48
AGAGCTGACACCCCTATCAG_001,53
AAGGCTGGGATCATGACATA_001,5
AAGGCTGGGATCATGACATA_002,4
CAAACACGTCCATGTCGCAC_001,15
CAAACACGTCCATGTCGCAC_002,16
CAAACACGTCCATGTCGCAC_003,83
CAAACACGTCCATGTCGCAC_004,64
CAAACACGTCCATGTCGCAC_005,30
AGGGGGAGGTGCTCCTTACG_001,77
AGGGGGAGGTGCTCCTTACG_002,60
AGGGGGAGGTGCTCCTTACG_003,23
AGGGGGAGGTGCTCCTTACG_004,126
AGGGGGAGGTGCTCCTTACG_005,129
AGGGGGAGGTGCTCCTTACG_006,153
AGGGGGAGGTGCTCCTTACG_007,56
AGGGGGAGGTGCTCCTTACG_008,53
AGGGGGAGGTGCTCCTTACG_009,56
AGGGGGAGGTGCTCCTTACG_010,146
AGGGGGAGGTGCTCCTTACG_011,138
AGGGGGAGGTGCTCCTTACG_012,180
GCTGGATCCGTGTCACCCAA_001,192
GCTGGATCCGTGTCACCCAA_002,152
GCTTTGGATGCATTTCGAGT_001,105
GCTTTGGATGCATTTCGAGT_002,19
GCTTTGGATGCATTTCGAGT_003,195
CATTAGCCTTCACTCCAACA_001,35
CATTAGCCTTCACTCCAACA_002,197
CATTAGCCTTCACTCCAACA_003,61
CATTAGCCTTCACTCCAACA_004,129
GGAAACCCCTCTCCAAAATG_001,156
GGAAACCCCTCTCCAAAATG_002,157
GGAAACCCCTCTCCAAAATG_003,199
GGAAACCCCTCTCCAAAATG_004,26
GGAAACCCCTCTCCAAAATG_005,66
GGAAACCCCTCTCCAAAATG_006,196
GGAAACCCCTCTCCAAAATG_007,78
GGAAACCCCTCTCCAAAATG_008,26
GGTTGGAAGAGTAACCGCCA_001,48
GGTTGGAAGAGTAACCGCCA_002,88
GGTTGGAAGAGTAACCGCCA_003,8
GGTTGGAAGAGTAACCGCCA_004,197
GGTTGGAAGAGTAACCGCCA_005,144
GGTTGGAAGAGTAACCGCCA_006,78
GGTTGGAAGAGTAACCGCCA_007,49
GGTTGGAAGAGTAACCGCCA_008,175
GGTTGGAAGAGTAACCGCCA_009,8
GGTTGGAAGAGTAACCGCCA_010,97
GGTTGGAAGAGTAACCGCCA_011,175
GGTTGGAAGAGTAACCGCCA_012,58
GTCCTGCAAAGACACTACTG_001,25
GTCCTGCAAAGACACTACTG_002,185
GTCCTGCAAAGACACTACTG_003,55
GTCCTGCAAAGACACTACTG_004,83
GTCCTGCAAAGACACTACTG_005,48
GTCCTGCAAAGACACTACTG_006,9
GTCCTGCAAAGACACTACTG_007,136
GTCCTGCAAAGACACTACTG_008,118
GTCCTGCAAAGACACTACTG_009,126
GTCCTGCAAAGACACTACTG_010,69
GTTTGATGTACCTTGATTAG_001,106
TACCACAGGATTGGGAGCAG_001,84
TACCACAGGATTGGGAGCAG_002,158
TACCACAGGATTGGGAGCAG_003,81
TACCACAGGATTGGGAGCAG_004,150
TACCACAGGATTGGGAGCAG_005,160
TACCACAGGATTGGGAGCAG_006,50
TACCACAGGATTGGGAGCAG_007,160
TACCACAGGATTGGGAGCAG_008,102
TACCACAGGATTGGGAGCAG_009,33
TACCACAGGATTGGGAGCAG_010,15
TACCACAGGATTGGGAGCAG_011,104
TACCACAGGATTGGGAGCAG_012,94
TACCACAGGATTGGGAGCAG_013,40
TACCACAGGATTGGGAGCAG_014,10
GGTTGGAGTTAATGACACTG_001,125
GGTTGGAGTTAATGACACTG_002,147
GGTTGGAGTTAATGACACTG_003,90
GGTTGGAGTTAATGACACTG_004,83
GGTTGGAGTTAATGACACTG_005,18
GGTTGGAGTTAATGACACTG_006,15
GGTTGGAGTTAATGACACTG_007,138
GGTTGGAGTTAATGACACTG_008,56
GGTTGGAGTTAATGACACTG_009,77
GGTTGGAGTTAATGACACTG_010,160
GGTTGGAGTTAATGACACTG_011,62
TCACAGAAGTAAAAAGTCTA_001,82
TCACAGAAGTAAAAAGTCTA_002,121
TCACAGAAGTAAAAAGTCTA_003,27
TCACAGAAGTAAAAAGTCTA_004,27
TCACAGAAGTAAAAAGTCTA_005,58
TCACAGAAGTAAAAAGTCTA_006,2
TCACAGAAGTAAAAAGTCTA_007,78
TCACAGAAGTAAAAAGTCTA_008,16
TCACAGAAGTAAAAAGTCTA_009,191
TATAACTGCTGACAGCTCAA_001,118
TATAACTGCTGACAGCTCAA_002,118
TATAACTGCTGACAGCTCAA_003,108
TATAACTGCTGACAGCTCAA_004,47
TATAACTGCTGACAGCTCAA_005,155
TATAACTGCTGACAGCTCAA_006,51
TATAACTGCTGACAGCTCAA_007,34
TCTCCTCCAGGAAAACCACA_001,68
TCTCCTCCAGGAAAACCACA_002,68
TCTCCTCCAGGAAAACCACA_003,74
AGGACGCCTCGAGGATGCGA_001,2
AGGACGCCTCGAGGATGCGA_002,8
AGGACGCCTCGAGGATGCGA_003,104
TATAGCTGACATCAGACACT_001,75
TATAGCTGACATCAGACACT_002,57
TATAGCTGACATCAGACACT_003,105
TATAGCTGACATCAGACACT_004,19
TATAGCTGACATCAGACACT_005,192
TATAGCTGACATCAGACACT_006,120
TCCTGTTCATCGCCAACTAG_001,141
TCCTGTTCATCGCCAACTAG_002,91
TCCTGTTCATCGCCAACTAG_003,42
CTCCGAACAGGACCTCTCTA_001,133
CTCCGAACAGGACCTCTCTA_002,132
CTCCGAACAGGACCTCTCTA_003,172
CTCCGAACAGGACCTCTCTA_004,121
CTCCGAACAGGACCTCTCTA_005,63
CTCCGAACAGGACCTCTCTA_006,37
CTCCGAACAGGACCTCTCTA_007,76
GATGCAGAACTGACCGCATG_001,169
GATGCAGAACTGACCGCATG_002,105
GATGCAGAACTGACCGCATG_003,60
GATGCAGAACTGACCGCATG_004,177
GATGCAGAACTGACCGCATG_005,58
GATGCAGAACTGACCGCATG_006,161
GATGCAGAACTGACCGCATG_007,38
GATGCAGAACTGACCGCATG_008,63
TGAGTACCAGGCTTTCCGGG_001,188
TGAGTACCAGGCTTTCCGGG_002,78
TGAGTACCAGGCTTTCCGGG_003,144
TGAGTACCAGGCTTTCCGGG_004,72
TGAGTACCAGGCTTTCCGGG_005,166
TGAGTACCAGGCTTTCCGGG_006,178
TGAGTACCAGGCTTTCCGGG_007,111
TGAGTACCAGGCTTTCCGGG_008,77
TGGCTTATCCTGTTCAGACG_001,181
TGGCTTATCCTGTTCAGACG_002,19
TGGCTTATCCTGTTCAGACG_003,174
GGATGTCAGCAACCTGCAGT_001,8
GGATGTCAGCAACCTGCAGT_002,94
GGATGTCAGCAACCTGCAGT_003,3
GGATGTCAGCAACCTGCAGT_004,77
GGATGTCAGCAACCTGCAGT_005,56
GGATGTCAGCAACCTGCAGT_006,193
GGATGTCAGCAACCTGCAGT_007,13
GGATGTCAGCAACCTGCAGT_008,16
GGATGTCAGCAACCTGCAGT_009,36
GGATGTCAGCAACCTGCAGT_010,86
GGATGTCAGCAACCTGCAGT_011,183
GGATGTCAGCAACCTGCAGT_012,137
GGATGTCAGCAACCTGCAGT_013,137
GGATGTCAGCAACCTGCAGT_014,24
GGATGTCAGCAACCTGCAGT_015,8
GGATGTCAGCAACCTGCAGT_016,5
GGATGTCAGCAACCTGCAGT_017,21
GGATGTCAGCAACCTGCAGT_018,32
GGATGTCAGCAACCTGCAGT_019,103
GGATGTCAGCAACCTGCAGT_020,48
TTGACTCAGTAATTCTACAT_001,163
TTGACTCAGTAATTCTACAT_002,52
CTCCACTCTTAATGAACTGG_001,63
CTCCACTCTTAATGAACTGG_002,77
CTCCACTCTTAATGAACTGG_003,43
CTCCACTCTTAATGAACTGG_004,15
CTCCACTCTTAATGAACTGG_005,108
ACATTAATGTTTGAAATACA_001,76
ACATTAATGTTTGAAATACA_002,60
ACATTAATGTTTGAAATACA_003,170
ACATTAATGTTTGAAATACA_004,42
ACATTAATGTTTGAAATACA_005,57
AATTCTTCTGTGTCTAGTAA_001,43
AATTCTTCTGTGTCTAGTAA_002,193
AATTCTTCTGTGTCTAGTAA_003,117
AATTCTTCTGTGTCTAGTAA_004,142
AATTCTTCTGTGTCTAGTAA_005,22
GCAACGTGACGGTCACCCCA_001,158
GCAACGTGACGGTCACCCCA_002,183
GCAACGTGACGGTCACCCCA_003,129
GCAACGTGACGGTCACCCCA_004,124
GCAACGTGACGGTCACCCCA_005,111
GCAACGTGACGGTCACCCCA_006,49
GCAACGTGACGGTCACCCCA_007,147
GCAACGTGACGGTCACCCCA_008,130
GCAACGTGACGGTCACCCCA_009,128
GCAACGTGACGGTCACCCCA_010,116
GCAACGTGACGGTCACCCCA_011,139
GCAACGTGACGGTCACCCCA_012,57
GCAACGTGACGGTCACCCCA_013,120
GCAACGTGACGGTCACCCCA_014,169
GCAACGTGACGGTCACCCCA_015,190
GCAACGTGACGGTCACCCCA_016,146
GCAACGTGACGGTCACCCCA_017,184
GCAACGTGACGGTCACCCCA_018,169
GCAACGTGACGGTCACCCCA_019,138
GCAACGTGACGGTCACCCCA_020,138
GCAACGTGACGGTCACCCCA_021,42
GCAACGTGACGGTCACCCCA_022,151
GCAACGTGACGGTCACCCCA_023,188
GCAACGTGACGGTCACCCCA_024,68
GCAACGTGACGGTCACCCCA_025,59
GCAACGTGACGGTCACCCCA_026,119
GCAACGTGACGGTCACCCCA_027,119
GCAACGTGACGGTCACCCCA_028,168
GCAACGTGACGGTCACCCCA_029,177
GCAACGTGACGGTCACCCCA_030,135
AGCATGCTCTGAATTGCCAT_001,9
AGCATGCTCTGAATTGCCAT_002,169
AGCATGCTCTGAATTGCCAT_003,67
AGCATGCTCTGAATTGCCAT_004,156
AGCATGCTCTGAATTGCCAT_005,60
AGCATGCTCTGAATTGCCAT_006,33
AGCATGCTCTGAATTGCCAT_007,19
AGCATGCTCTGAATTGCCAT_008,116
AGCATGCTCTGAATTGCCAT_009,188
AGCATGCTCTGAATTGCCAT_010,100
AGCATGCTCTGAATTGCCAT_011,98
AGCATGCTCTGAATTGCCAT_012,74
AGCATGCTCTGAATTGCCAT_013,188
AGCATGCTCTGAATTGCCAT_014,98
AGCATGCTCTGAATTGCCAT_015,48
AGCATGCTCTGAATTGCCAT_016,5
AGCATGCTCTGAATTGCCAT_017,155
AGCATGCTCTGAATTGCCAT_018,150
AGCATGCTCTGAATTGCCAT_019,185
AGCATGCTCTGAATTGCCAT_020,42
AGCATGCTCTGAATTGCCAT_021,66
CATACTTCAAGAGTGTGCTG_001,8
CATACTTCAAGAGTGTGCTG_002,192
CATACTTCAAGAGTGTGCTG_003,28
CATACTTCAAGAGTGTGCTG_004,119
CATACTTCAAGAGTGTGCTG_005,147
CATACTTCAAGAGTGTGCTG_006,147
CATACTTCAAGAGTGTGCTG_007,169
CATACTTCAAGAGTGTGCTG_008,37
CATACTTCAAGAGTGTGCTG_009,30
CATACTTCAAGAGTGTGCTG_010,198
CATACTTCAAGAGTGTGCTG_011,181
CATACTTCAAGAGTGTGCTG_012,48
CATACTTCAAGAGTGTGCTG_013,29
CATACTTCAAGAGTGTGCTG_014,32
CATACTTCAAGAGTGTGCTG_015,56
CATACTTCAAGAGTGTGCTG_016,78
CATACTTCAAGAGTGTGCTG_017,127
CATACTTCAAGAGTGTGCTG_018,91
CATACTTCAAGAGTGTGCTG_019,46
CATACTTCAAGAGTGTGCTG_020,34
CATACTTCAAGAGTGTGCTG_021,158
CATACTTCAAGAGTGTGCTG_022,11
GGCCTGTGGGTAGACGACAA_001,53
GGCCTGTGGGTAGACGACAA_002,135
GGCCTGTGGGTAGACGACAA_003,76
GGCCTGTGGGTAGACGACAA_004,182
GGCCTGTGGGTAGACGACAA_005,174
GGCCTGTGGGTAGACGACAA_006,136
GGCCTGTGGGTAGACGACAA_007,119
GGCCTGTGGGTAGACGACAA_008,69
GGCCTGTGGGTAGACGACAA_009,132
GGCCTGTGGGTAGACGACAA_010,19
GGCCTGTGGGTAGACGACAA_011,177
ATACGAGGCGCTTTTCTTTG_001,108
ATACGAGGCGCTTTTCTTTG_002,46
ATACGAGGCGCTTTTCTTTG_003,114
ATACGAGGCGCTTTTCTTTG_004,60
ATACGAGGCGCTTTTCTTTG_005,144
ATACGAGGCGCTTTTCTTTG_006,151
ATACGAGGCGCTTTTCTTTG_007,78
ATACGAGGCGCTTTTCTTTG_008,184
ATACGAGGCGCTTTTCTTTG_009,137
ATACGAGGCGCTTTTCTTTG_010,32
ATACGAGGCGCTTTTCTTTG_011,82
ATACGAGGCGCTTTTCTTTG_012,121
ATACGAGGCGCTTTTCTTTG_013,69
ATACGAGGCGCTTTTCTTTG_014,124
GAAACATTCACCTCAGTGCG_001,2
GAAACATTCACCTCAGTGCG_002,145
GAAACATTCACCTCAGTGCG_003,26
GAAACATTCACCTCAGTGCG_004,26
GAAACATTCACCTCAGTGCG_005,105
GAAACATTCACCTCAGTGCG_006,57
GATCTTCTGTGACATTCTAG_001,109
GATCTTCTGTGACATTCTAG_002,158
GTTAAACCAGAAAACCACGC_001,32
GTTAAACCAGAAAACCACGC_002,183
GTTAAACCAGAAAACCACGC_003,81
GTTAAACCAGAAAACCACGC_004,139
GTTAAACCAGAAAACCACGC_005,29
GTTAAACCAGAAAACCACGC_006,44
GTTAAACCAGAAAACCACGC_007,111
GTTAAACCAGAAAACCACGC_008,197
GTTAAACCAGAAAACCACGC_009,68
ATGTTAGATTCGGTAGCCAG_001,191
ATGTTAGATTCGGTAGCCAG_002,105
ATGTTAGATTCGGTAGCCAG_003,15
ATGTTAGATTCGGTAGCCAG_004,94
ATGTTAGATTCGGTAGCCAG_005,49
ATGTTAGATTCGGTAGCCAG_006,87
ATGTTAGATTCGGTAGCCAG_007,48
ATGTTAGATTCGGTAGCCAG_008,140
ATGTTAGATTCGGTAGCCAG_009,39
ATGTTAGATTCGGTAGCCAG_010,11
AAGAGATTCGCTCCTAGGAA_001,126
AAGAGATTCGCTCCTAGGAA_002,168
AAGAGATTCGCTCCTAGGAA_003,148
AAGAGATTCGCTCCTAGGAA_004,166
CTTGTCTCCATGTTCCAGAG_001,77
CTTGTCTCCATGTTCCAGAG_002,76
CTTGTCTCCATGTTCCAGAG_003,8
CTTGTCTCCATGTTCCAGAG_004,110
CTTGTCTCCATGTTCCAGAG_005,8
CTTGTCTCCATGTTCCAGAG_006,78
CTTGTCTCCATGTTCCAGAG_007,44
CTTGTCTCCATGTTCCAGAG_008,112
CTTGTCTCCATGTTCCAGAG_009,4
CTTGTCTCCATGTTCCAGAG_010,13
CTTGTCTCCATGTTCCAGAG_011,123
CTTGTCTCCATGTTCCAGAG_012,14
CTTGTCTCCATGTTCCAGAG_013,169
CTTGTCTCCATGTTCCAGAG_014,125
CTTGTCTCCATGTTCCAGAG_015,16
CTTGTCTCCATGTTCCAGAG_016,111
CTTGTCTCCATGTTCCAGAG_017,15
CTTGTCTCCATGTTCCAGAG_018,177
CTTGTCTCCATGTTCCAGAG_019,170
CTTGTCTCCATGTTCCAGAG_020,90
CTTGTCTCCATGTTCCAGAG_021,27
CTTGTCTCCATGTTCCAGAG_022,69
CTTGTCTCCATGTTCCAGAG_023,147
CTTGTCTCCATGTTCCAGAG_024,15
CTTGTCTCCATGTTCCAGAG_025,42
CTTGTCTCCATGTTCCAGAG_026,169
GATGTTATCCTCCTCGTCCG_001,29
GATGTTATCCTCCTCGTCCG_002,178
GATGTTATCCTCCTCGTCCG_003,127
GATGTTATCCTCCTCGTCCG_004,94
GATGTTATCCTCCTCGTCCG_005,14
GATGTTATCCTCCTCGTCCG_006,184
GATGTTATCCTCCTCGTCCG_007,25
GATGTTATCCTCCTCGTCCG_008,180
GATGTTATCCTCCTCGTCCG_009,104
GATGTTATCCTCCTCGTCCG_010,144
GATGTTATCCTCCTCGTCCG_011,122
GATGTTATCCTCCTCGTCCG_012,13
GATGTTATCCTCCTCGTCCG_013,108
GATGTTATCCTCCTCGTCCG_014,65
GATGTTATCCTCCTCGTCCG_015,17
GATGTTATCCTCCTCGTCCG_016,1
TCCGACGCCGATCCGGACAG_001,20
TCCGACGCCGATCCGGACAG_002,42
TCCGACGCCGATCCGGACAG_003,161
TCCGACGCCGATCCGGACAG_004,61
TCCGACGCCGATCCGGACAG_005,162
TCCGACGCCGATCCGGACAG_006,185
TCCGACGCCGATCCGGACAG_007,117
TCCGACGCCGATCCGGACAG_008,72
TCCGACGCCGATCCGGACAG_009,166
AGATGGGCGGGATATACACA_001,23
AGATGGGCGGGATATACACA_002,65
AGATGGGCGGGATATACACA_003,172
AGATGGGCGGGATATACACA_004,172
AGATGGGCGGGATATACACA_005,115
AGATGGGCGGGATATACACA_006,62
AGATGGGCGGGATATACACA_007,142
AGATGGGCGGGATATACACA_008,199
AGATGGGCGGGATATACACA_009,147
AGATGGGCGGGATATACACA_010,8
AGATGGGCGGGATATACACA_011,0
AGATGGGCGGGATATACACA_012,72
AGATGGGCGGGATATACACA_013,127
AGATGGGCGGGATATACACA_014,175
AGATGGGCGGGATATACACA_015,24
AGATGGGCGGGATATACACA_016,148
GGTTCACTCTGACAGCACTA_001,50
GGTTCACTCTGACAGCACTA_002,111
AAAAACCAGCGGCTTCAAGA_001,115
AAAAACCAGCGGCTTCAAGA_002,13
AAAAACCAGCGGCTTCAAGA_003,113
AAAAACCAGCGGCTTCAAGA_004,116
AAAAACCAGCGGCTTCAAGA_005,15
AAAAACCAGCGGCTTCAAGA_006,62
AAAAACCAGCGGCTTCAAGA_007,168
AAAAACCAGCGGCTTCAAGA_008,56
AAAAACCAGCGGCTTCAAGA_009,160
AAAAACCAGCGGCTTCAAGA_010,41
AAAAACCAGCGGCTTCAAGA_011,77
AAAAACCAGCGGCTTCAAGA_012,184
AAAAACCAGCGGCTTCAAGA_013,89
AAAAACCAGCGGCTTCAAGA_014,115
AAAAACCAGCGGCTTCAAGA_015,113
AAAAACCAGCGGCTTCAAGA_016,104
TTCTGTATGAAACAATAAGT_001,152
GCATGTGCGGTCGCACACCG_001,84
GCATGTGCGGTCGCACACCG_002,182
GCATGTGCGGTCGCACACCG_003,65
GGAGCACTGTGCTTACCAGT_001,127
GGTACAGATCGTTGACCACG_001,174
GTGGCTACACAAACAAGCTG_001,130
GTGGCTACACAAACAAGCTG_002,159
GTGGCTACACAAACAAGCTG_003,114
GTGGCTACACAAACAAGCTG_004,69
GTGGCTACACAAACAAGCTG_005,69
GTGGCTACACAAACAAGCTG_006,29
GTGGCTACACAAACAAGCTG_007,149
GTGGCTACACAAACAAGCTG_008,134
GTGGCTACACAAACAAGCTG_009,92
GTGGCTACACAAACAAGCTG_010,184
GTGGCTACACAAACAAGCTG_011,16
GTGGCTACACAAACAAGCTG_012,147
GTGGCTACACAAACAAGCTG_013,2
GTGGCTACACAAACAAGCTG_014,95
TATTTCACGTCGATAGAGCG_001,83
GCCAAGTTGAATTATGTGGA_001,124
GCCAAGTTGAATTATGTGGA_002,121
GCCAAGTTGAATTATGTGGA_003,40
GCCAAGTTGAATTATGTGGA_004,19
GCCAAGTTGAATTATGTGGA_005,199
GCCAAGTTGAATTATGTGGA_006,22
GCCAAGTTGAATTATGTGGA_007,98
GCCAAGTTGAATTATGTGGA_008,1
GCCAAGTTGAATTATGTGGA_009,15
ATATTGCTATAAACATTAGT_001,53
GGATGAGTATGAGTACGTGT_001,76
GGATGAGTATGAGTACGTGT_002,50
GGATGAGTATGAGTACGTGT_003,165
GGATGAGTATGAGTACGTGT_004,188
GGATGAGTATGAGTACGTGT_005,124
AAGAATTAAGAATTCTTGCA_001,144
AAGAATTAAGAATTCTTGCA_002,7
AAGAATTAAGAATTCTTGCA_003,129
AAGAATTAAGAATTCTTGCA_004,4
TCTATACCTCACAAATACTG_001,50
TCTATACCTCACAAATACTG_002,9
TCTATACCTCACAAATACTG_003,26
TCTATACCTCACAAATACTG_004,42
TCTATACCTCACAAATACTG_005,138
TCTATACCTCACAAATACTG_006,147
TCTATACCTCACAAATACTG_007,148
TCTATACCTCACAAATACTG_008,199
TGCGTCGGAGGACACGACCG_001,43
TGCGTCGGAGGACACGACCG_002,121
TGCGTCGGAGGACACGACCG_003,169
TGCGTCGGAGGACACGACCG_004,53
TGCGTCGGAGGACACGACCG_005,153
TGCGTCGGAGGACACGACCG_006,108
TGCGTCGGAGGACACGACCG_007,88
TGCGTCGGAGGACACGACCG_008,144
TGCGTCGGAGGACACGACCG_009,135
TGCGTCGGAGGACACGACCG_010,148
TGCGTCGGAGGACACGACCG_011,58
TGCGTCGGAGGACACGACCG_012,69
TGCGTCGGAGGACACGACCG_013,97
TGCGTCGGAGGACACGACCG_014,121
TGCGTCGGAGGACACGACCG_015,40
TGCGTCGGAGGACACGACCG_016,61
TGCGTCGGAGGACACGACCG_017,133
TGCGTCGGAGGACACGACCG_018,48
TGCGTCGGAGGACACGACCG_019,105
TGCGTCGGAGGACACGACCG_020,166
TGCGTCGGAGGACACGACCG_021,172
TGCGTCGGAGGACACGACCG_022,138
TGCGTCGGAGGACACGACCG_023,123
TGCGTCGGAGGACACGACCG_024,18
TGCGTCGGAGGACACGACCG_025,94
CGTGGGTCGAAAACCTGGCC_001,192
CATTCCGAAAGTCAAGCTTG_001,181
CATTCCGAAAGTCAAGCTTG_002,7
CATTCCGAAAGTCAAGCTTG_003,56
CATTCCGAAAGTCAAGCTTG_004,149
CATTCCGAAAGTCAAGCTTG_005,77
CATTCCGAAAGTCAAGCTTG_006,125
CATTCCGAAAGTCAAGCTTG_007,187
CATTCCGAAAGTCAAGCTTG_008,110
CATTCCGAAAGTCAAGCTTG_009,50
CATTCCGAAAGTCAAGCTTG_010,81
CATTCCGAAAGTCAAGCTTG_011,16
CATTCCGAAAGTCAAGCTTG_012,41
CATTCCGAAAGTCAAGCTTG_013,150
CATTCCGAAAGTCAAGCTTG_014,84
CATTCCGAAAGTCAAGCTTG_015,105
CATTCCGAAAGTCAAGCTTG_016,70
CATTCCGAAAGTCAAGCTTG_017,124
CATTCCGAAAGTCAAGCTTG_018,148
CATTCCGAAAGTCAAGCTTG_019,105
CATTCCGAAAGTCAAGCTTG_020,78
CATTCCGAAAGTCAAGCTTG_021,80
CATTCCGAAAGTCAAGCTTG_022,142
CATTCCGAAAGTCAAGCTTG_023,46
CATTCCGAAAGTCAAGCTTG_024,118
CATTCCGAAAGTCAAGCTTG_025,43
CATTCCGAAAGTCAAGCTTG_026,17
CATTCCGAAAGTCAAGCTTG_027,60
CATTCCGAAAGTCAAGCTTG_028,177
CATTCCGAAAGTCAAGCTTG_029,8
CATTCCGAAAGTCAAGCTTG_030,40
GCTGTCACTGGTCTACCTCG_001,55
GCTGTCACTGGTCTACCTCG_002,109
GCTGTCACTGGTCTACCTCG_003,169
GCTGTCACTGGTCTACCTCG_004,95
GCTGTCACTGGTCTACCTCG_005,61
GCTGTCACTGGTCTACCTCG_006,173
GCTGTCACTGGTCTACCTCG_007,12
GCTGTCACTGGTCTACCTCG_008,76
GCTGTCACTGGTCTACCTCG_009,141
GCTGTCACTGGTCTACCTCG_010,27
GCTGTCACTGGTCTACCTCG_011,71
GCTGTCACTGGTCTACCTCG_012,125
GCTGTCACTGGTCTACCTCG_013,56
GCTGTCACTGGTCTACCTCG_014,36
GCTGTCACTGGTCTACCTCG_015,80
TCGGGAAGTCTTCATATGTG_001,108
TCGGGAAGTCTTCATATGTG_002,156
TCGGGAAGTCTTCATATGTG_003,40
TCGGGAAGTCTTCATATGTG_004,113
TCGGGAAGTCTTCATATGTG_005,12
ATTCGCAGACAAGTGACCCC_001,139
ATTCGCAGACAAGTGACCCC_002,129
ATTCGCAGACAAGTGACCCC_003,96
ATTCGCAGACAAGTGACCCC_004,182
ATTCGCAGACAAGTGACCCC_005,30
ATTCGCAGACAAGTGACCCC_006,116
ATTCGCAGACAAGTGACCCC_007,37
ATTCGCAGACAAGTGACCCC_008,137
ATTCGCAGACAAGTGACCCC_009,44
ATTCGCAGACAAGTGACCCC_010,42
GCCTTACCAGGGTGGTAACG_001,191
GCCTTACCAGGGTGGTAACG_002,9
GCCTTACCAGGGTGGTAACG_003,130
GCCTTACCAGGGTGGTAACG_004,82
GCCTTACCAGGGTGGTAACG_005,113
GCCTTACCAGGGTGGTAACG_006,184
GCCTTACCAGGGTGGTAACG_007,192
GCCTTACCAGGGTGGTAACG_008,108
GCCTTACCAGGGTGGTAACG_009,98
GCCTTACCAGGGTGGTAACG_010,48
GCCTTACCAGGGTGGTAACG_011,78
GCCTTACCAGGGTGGTAACG_012,6
GCCTTACCAGGGTGGTAACG_013,19
GCCTTACCAGGGTGGTAACG_014,1
AACGACAAATGGAAGCCGAG_001,10
AACGACAAATGGAAGCCGAG_002,103
AACGACAAATGGAAGCCGAG_003,30
AACGACAAATGGAAGCCGAG_004,55
AACGACAAATGGAAGCCGAG_005,61
AACGACAAATGGAAGCCGAG_006,56
AACGACAAATGGAAGCCGAG_007,142
GGCCAAGTTTACCCAAAGTG_001,34
GGCCAAGTTTACCCAAAGTG_002,43
GGCCAAGTTTACCCAAAGTG_003,88
GGCCAAGTTTACCCAAAGTG_004,70
GGCCAAGTTTACCCAAAGTG_005,102
GGCCAAGTTTACCCAAAGTG_006,77
GGCCAAGTTTACCCAAAGTG_007,168
GGCCAAGTTTACCCAAAGTG_008,157
GGCCAAGTTTACCCAAAGTG_009,119
GGCCAAGTTTACCCAAAGTG_010,175
CAAATGTTAGCTGAGCAGAT_001,46
CAAATGTTAGCTGAGCAGAT_002,62
CAAATGTTAGCTGAGCAGAT_003,58
CAAATGTTAGCTGAGCAGAT_004,178
CAAATGTTAGCTGAGCAGAT_005,176
CAAATGTTAGCTGAGCAGAT_006,120
CAAATGTTAGCTGAGCAGAT_007,121
CAAATGTTAGCTGAGCAGAT_008,169
CAAATGTTAGCTGAGCAGAT_009,58
CAAATGTTAGCTGAGCAGAT_010,22
CAAATGTTAGCTGAGCAGAT_011,44
CAAATGTTAGCTGAGCAGAT_012,95
CAAATGTTAGCTGAGCAGAT_013,49
CAAATGTTAGCTGAGCAGAT_014,127
CAAATGTTAGCTGAGCAGAT_015,178
CAAATGTTAGCTGAGCAGAT_016,80
CAAATGTTAGCTGAGCAGAT_017,78
CAAATGTTAGCTGAGCAGAT_018,41
CAAATGTTAGCTGAGCAGAT_019,2
CAAATGTTAGCTGAGCAGAT_020,10
CAAATGTTAGCTGAGCAGAT_021,7
CAAATGTTAGCTGAGCAGAT_022,133
CAAATGTTAGCTGAGCAGAT_023,195
CAAATGTTAGCTGAGCAGAT_024,30
CAAATGTTAGCTGAGCAGAT_025,62
CAAATGTTAGCTGAGCAGAT_026,145
CAAATGTTAGCTGAGCAGAT_027,138
CAAATGTTAGCTGAGCAGAT_028,134
CAAATGTTAGCTGAGCAGAT_029,165
CAAATGTTAGCTGAGCAGAT_030,46
AGATCCTAGGATTCAGAAGG_001,83
AGATCCTAGGATTCAGAAGG_002,163
AGATCCTAGGATTCAGAAGG_003,90
AGATCCTAGGATTCAGAAGG_004,44
AGATCCTAGGATTCAGAAGG_005,44
AGATCCTAGGATTCAGAAGG_006,115
TAACAACCACAGATATCGGG_001,49
TAACAACCACAGATATCGGG_002,157
TAACAACCACAGATATCGGG_003,33
TAACAACCACAGATATCGGG_004,197
TGGGACTGGAGCATTGCAAG_001,102
TGGGACTGGAGCATTGCAAG_002,199
TGGGACTGGAGCATTGCAAG_003,6
TGGGACTGGAGCATTGCAAG_004,174
TGGGACTGGAGCATTGCAAG_005,82
TGGGACTGGAGCATTGCAAG_006,172
TGGGACTGGAGCATTGCAAG_007,198
TGGGACTGGAGCATTGCAAG_008,77
CGCGCACCACGGGCGCGCAC_001,75
CGCGCACCACGGGCGCGCAC_002,30
CGCGCACCACGGGCGCGCAC_003,70
CGCGCACCACGGGCGCGCAC_004,75
CGCGCACCACGGGCGCGCAC_005,52
TGCAGAGTACATTTGAACAG_001,157
TGCAGAGTACATTTGAACAG_002,115
TGCAGAGTACATTTGAACAG_003,149
TGCAGAGTACATTTGAACAG_004,74
TGCAGAGTACATTTGAACAG_005,15
TGAGGAAGCCCCCAAATCCG_001,147
TGAGGAAGCCCCCAAATCCG_002,29
TGAGGAAGCCCCCAAATCCG_003,162
TGAGGAAGCCCCCAAATCCG_004,10
TGAGGAAGCCCCCAAATCCG_005,115
AATGCATGCGGTCTATCCGT_001,27
AATGCATGCGGTCTATCCGT_002,115
CCTGGCACGCTTACCAACTG_001,88
CCTGGCACGCTTACCAACTG_002,98
CCTGGCACGCTTACCAACTG_003,188
CCTGGCACGCTTACCAACTG_004,1
CCTGGCACGCTTACCAACTG_005,60
CCTGGCACGCTTACCAACTG_006,11
CCTGGCACGCTTACCAACTG_007,1
TAGAGAATCACTCAAACACC_001,192
TGGCACCGCCAGCCTCATCG_001,81
TGGCACCGCCAGCCTCATCG_002,160
TGGCACCGCCAGCCTCATCG_003,35
TGGCACCGCCAGCCTCATCG_004,170
TGGCACCGCCAGCCTCATCG_005,47
TGGCACCGCCAGCCTCATCG_006,41
TGGCACCGCCAGCCTCATCG_007,67
TGGCACCGCCAGCCTCATCG_008,184
TGGCACCGCCAGCCTCATCG_009,182
TGGCACCGCCAGCCTCATCG_010,145
TGGCACCGCCAGCCTCATCG_011,58
TGGCACCGCCAGCCTCATCG_012,48
TGGCACCGCCAGCCTCATCG_013,88
TGGCACCGCCAGCCTCATCG_014,199
TGGCACCGCCAGCCTCATCG_015,46
TGGCACCGCCAGCCTCATCG_016,177
TGGCACCGCCAGCCTCATCG_017,52
TGGCACCGCCAGCCTCATCG_018,96
TGGCACCGCCAGCCTCATCG_019,56
TGGCACCGCCAGCCTCATCG_020,46
TGGCACCGCCAGCCTCATCG_021,152
TGGCACCGCCAGCCTCATCG_022,52
CCACGACCAACCCCAACCAG_001,68
CCACGACCAACCCCAACCAG_002,127
CCACGACCAACCCCAACCAG_003,1
CCACGACCAACCCCAACCAG_004,77
CCACGACCAACCCCAACCAG_005,199
CCACGACCAACCCCAACCAG_006,129
CCACGACCAACCCCAACCAG_007,14
CCACGACCAACCCCAACCAG_008,62
CCACGACCAACCCCAACCAG_009,103
CCACGACCAACCCCAACCAG_010,146
CCACGACCAACCCCAACCAG_011,29
CCACGACCAACCCCAACCAG_012,158
CCACGACCAACCCCAACCAG_013,70
CCACGACCAACCCCAACCAG_014,154
CCACGACCAACCCCAACCAG_015,72
CCACGACCAACCCCAACCAG_016,151
CCACGACCAACCCCAACCAG_017,98
CCACGACCAACCCCAACCAG_018,14
CCACGACCAACCCCAACCAG_019,180
CCACGACCAACCCCAACCAG_020,118
CCACGACCAACCCCAACCAG_021,129
CCACGACCAACCCCAACCAG_022,199
CCACGACCAACCCCAACCAG_023,91
CCACGACCAACCCCAACCAG_024,103
CCACGACCAACCCCAACCAG_025,63
CCACGACCAACCCCAACCAG_026,33
CCACGACCAACCCCAACCAG_027,165
CCACGACCAACCCCAACCAG_028,84
CCACGACCAACCCCAACCAG_029,79
CCACGACCAACCCCAACCAG_030,60
CCACGACCAACCCCAACCAG_031,190
CCACGACCAACCCCAACCAG_032,8
GATGATGTCGTAATCCATGT_001,149
GATGATGTCGTAATCCATGT_002,12
GATGATGTCGTAATCCATGT_003,60
GATGATGTCGTAATCCATGT_004,9
GATGATGTCGTAATCCATGT_005,15
GATGATGTCGTAATCCATGT_006,68
GATGATGTCGTAATCCATGT_007,7
GATGATGTCGTAATCCATGT_008,142
CAACCAAAACAATTGCCTGG_001,105
CAACCAAAACAATTGCCTGG_002,188
CAACCAAAACAATTGCCTGG_003,131
CAACCAAAACAATTGCCTGG_004,151
CAACCAAAACAATTGCCTGG_005,156
CAACCAAAACAATTGCCTGG_006,6
CAACCAAAACAATTGCCTGG_007,6
AGCACATGACCAGAACCCTG_001,181
AGCACATGACCAGAACCCTG_002,116
AGCACATGACCAGAACCCTG_003,57
AGCACATGACCAGAACCCTG_004,9
AGCACATGACCAGAACCCTG_005,61
AGCACATGACCAGAACCCTG_006,36
AGCACATGACCAGAACCCTG_007,19
AGCACATGACCAGAACCCTG_008,198
CATGTCCAGTCGGATCGTTG_001,58
CATGTCCAGTCGGATCGTTG_002,162
CATGTCCAGTCGGATCGTTG_003,112
CATGTCCAGTCGGATCGTTG_004,174
CATGTCCAGTCGGATCGTTG_005,96
CATGTCCAGTCGGATCGTTG_006,178
CATGTCCAGTCGGATCGTTG_007,22
CATGTCCAGTCGGATCGTTG_008,152
CATGTCCAGTCGGATCGTTG_009,34
CATGTCCAGTCGGATCGTTG_010,35
CATGTCCAGTCGGATCGTTG_011,130
CATGTCCAGTCGGATCGTTG_012,156
GCTTCGGAGCTCTCGCAGAG_001,191
GCTTCGGAGCTCTCGCAGAG_002,163
GCTTCGGAGCTCTCGCAGAG_003,160
GCTTCGGAGCTCTCGCAGAG_004,30
GCTTCGGAGCTCTCGCAGAG_005,156
GCTTCGGAGCTCTCGCAGAG_006,154
GCTTCGGAGCTCTCGCAGAG_007,70
ACGACAACTTGTGTAGACCA_001,68
GCCACAGAGCGCAGTCCGCA_001,156
GCCACAGAGCGCAGTCCGCA_002,165
GCCACAGAGCGCAGTCCGCA_003,134
GCCACAGAGCGCAGTCCGCA_004,88
GCCACAGAGCGCAGTCCGCA_005,94
GCCACAGAGCGCAGTCCGCA_006,40
GCCACAGAGCGCAGTCCGCA_007,48
GCCACAGAGCGCAGTCCGCA_008,193
GCCACAGAGCGCAGTCCGCA_009,29
GCCACAGAGCGCAGTCCGCA_010,161
GCCACAGAGCGCAGTCCGCA_011,78
GCCACAGAGCGCAGTCCGCA_012,191
GCCACAGAGCGCAGTCCGCA_013,29
GCCACAGAGCGCAGTCCGCA_014,89
GCCACAGAGCGCAGTCCGCA_015,122
GCCACAGAGCGCAGTCCGCA_016,146
GCCACAGAGCGCAGTCCGCA_017,66
GCCACAGAGCGCAGTCCGCA_018,188
GCCACAGAGCGCAGTCCGCA_019,111
GCCACAGAGCGCAGTCCGCA_020,172
GCCACAGAGCGCAGTCCGCA_021,6
GCCACAGAGCGCAGTCCGCA_022,48
GCCACAGAGCGCAGTCCGCA_023,91
GCCACAGAGCGCAGTCCGCA_024,1
GCCACAGAGCGCAGTCCGCA_025,138
GCCACAGAGCGCAGTCCGCA_026,167
TGGACAGGATCCACTTGACC_001,24
TGGACAGGATCCACTTGACC_002,148
TGGACAGGATCCACTTGACC_003,135
TGGACAGGATCCACTTGACC_004,9
TGGACAGGATCCACTTGACC_005,177
TGGACAGGATCCACTTGACC_006,45
TGGACAGGATCCACTTGACC_007,70
TGGACAGGATCCACTTGACC_008,137
TGGACAGGATCCACTTGACC_009,188
TGGACAGGATCCACTTGACC_010,56
TGGACAGGATCCACTTGACC_011,126
AGCGTGGTACACCTTGCACG_001,151
AGCGTGGTACACCTTGCACG_002,80
AGCGTGGTACACCTTGCACG_003,83
AGCGTGGTACACCTTGCACG_004,103
AGCGTGGTACACCTTGCACG_005,13
AGCGTGGTACACCTTGCACG_006,44
AGCGTGGTACACCTTGCACG_007,158
AGCGTGGTACACCTTGCACG_008,187
AGCGTGGTACACCTTGCACG_009,93
AGCGTGGTACACCTTGCACG_010,2
AGCGTGGTACACCTTGCACG_011,28
AGCGTGGTACACCTTGCACG_012,149
AGCGTGGTACACCTTGCACG_013,175
AGCGTGGTACACCTTGCACG_014,4
AGCGTGGTACACCTTGCACG_015,121
AGCGTGGTACACCTTGCACG_016,60
AGCGTGGTACACCTTGCACG_017,48
AGCGTGGTACACCTTGCACG_018,9
AGCGTGGTACACCTTGCACG_019,77
AGCGTGGTACACCTTGCACG_020,127
GTCCAAACGTCTGATCGAAG_001,158
GTCCAAACGTCTGATCGAAG_002,104
GTCCAAACGTCTGATCGAAG_003,20
GTCCAAACGTCTGATCGAAG_004,76
GTCCAAACGTCTGATCGAAG_005,68
GTCCAAACGTCTGATCGAAG_006,77
GTCCAAACGTCTGATCGAAG_007,149
GTCCAAACGTCTGATCGAAG_008,43
TGTCCTCACTGACCGCCCGG_001,184
TGTCCTCACTGACCGCCCGG_002,158
TGTCCTCACTGACCGCCCGG_003,52
TGTCCTCACTGACCGCCCGG_004,0
TGTCCTCACTGACCGCCCGG_005,49
TGTCCTCACTGACCGCCCGG_006,87
TGTCCTCACTGACCGCCCGG_007,57
TGTCCTCACTGACCGCCCGG_008,172
TGTCCTCACTGACCGCCCGG_009,57
TGTCCTCACTGACCGCCCGG_010,157
TGTCCTCACTGACCGCCCGG_011,62
TGTCCTCACTGACCGCCCGG_012,144
TGTCCTCACTGACCGCCCGG_013,56
TGTCCTCACTGACCGCCCGG_014,183
TGTCCTCACTGACCGCCCGG_015,149
TGTCCTCACTGACCGCCCGG_016,117
TGTCCTCACTGACCGCCCGG_017,19
TGTCCTCACTGACCGCCCGG_018,41
TGTCCTCACTGACCGCCCGG_019,115
TGTCCTCACTGACCGCCCGG_020,197
TGTCCTCACTGACCGCCCGG_021,197
TGTCCTCACTGACCGCCCGG_022,102
TGTCCTCACTGACCGCCCGG_023,94
TGTCCTCACTGACCGCCCGG_024,198
TGTCCTCACTGACCGCCCGG_025,62
TGTCCTCACTGACCGCCCGG_026,197
TGTCCTCACTGACCGCCCGG_027,184
TGTCCTCACTGACCGCCCGG_028,159
TGTCCTCACTGACCGCCCGG_029,172
TGTCCTCACTGACCGCCCGG_030,188
TGTCCTCACTGACCGCCCGG_031,130
TGTCCTCACTGACCGCCCGG_032,25
TGAAGTGCGAGGTATGATAG_001,41
TGAAGTGCGAGGTATGATAG_002,176
TGAAGTGCGAGGTATGATAG_003,121
TGAAGTGCGAGGTATGATAG_004,105
TGAAGTGCGAGGTATGATAG_005,66
AACTACAAGTAAAAGTATCG_001,0
AACTACAAGTAAAAGTATCG_002,162
AACTACAAGTAAAAGTATCG_003,177
AACTACAAGTAAAAGTATCG_004,198
AACTACAAGTAAAAGTATCG_005,2
AACTACAAGTAAAAGTATCG_006,19
AACTACAAGTAAAAGTATCG_007,61
AACTACAAGTAAAAGTATCG_008,117
AACTACAAGTAAAAGTATCG_009,124
TGTCAACTAGAGCTAACAGT_001,43
TGTCAACTAGAGCTAACAGT_002,98
TGTCAACTAGAGCTAACAGT_003,90
TGTCAACTAGAGCTAACAGT_004,66
TGTCAACTAGAGCTAACAGT_005,144
TGTCAACTAGAGCTAACAGT_006,137
TTTGCCACATAACAGCCCCG_001,70
TTTGCCACATAACAGCCCCG_002,85
TTTGCCACATAACAGCCCCG_003,38
TTTGCCACATAACAGCCCCG_004,184
TTTGCCACATAACAGCCCCG_005,36
TTTGCCACATAACAGCCCCG_006,84
TTTGCCACATAACAGCCCCG_007,39
TTTGCCACATAACAGCCCCG_008,21
ACTTATGGTTACCTGTCCTG_001,29
ACTTATGGTTACCTGTCCTG_002,14
CCTGCGAATGAAGAGGCCCG_001,94
CCTGCGAATGAAGAGGCCCG_002,121
CCTGCGAATGAAGAGGCCCG_003,177
CCTGCGAATGAAGAGGCCCG_004,66
CCTGCGAATGAAGAGGCCCG_005,61
CCTGCGAATGAAGAGGCCCG_006,81
CCTGCGAATGAAGAGGCCCG_007,108
CCTGCGAATGAAGAGGCCCG_008,58
CCTGCGAATGAAGAGGCCCG_009,144
CCTGCGAATGAAGAGGCCCG_010,67
CCTGCGAATGAAGAGGCCCG_011,30
CCTGCGAATGAAGAGGCCCG_012,146
CCTGCGAATGAAGAGGCCCG_013,26
CCTGCGAATGAAGAGGCCCG_014,24
CCTGCGAATGAAGAGGCCCG_015,27
CCTGCGAATGAAGAGGCCCG_016,158
ACATCTGGTACACGGTATCG_001,72
ACATCTGGTACACGGTATCG_002,41
ACATCTGGTACACGGTATCG_003,64
ACATCTGGTACACGGTATCG_004,38
ACATCTGGTACACGGTATCG_005,145
GGAAGCCACTGCCACTACGT_001,40
GGAAGCCACTGCCACTACGT_002,62
GGAAGCCACTGCCACTACGT_003,163
GGAAGCCACTGCCACTACGT_004,146
GGAAGCCACTGCCACTACGT_005,102
GGAAGCCACTGCCACTACGT_006,74
GGAAGCCACTGCCACTACGT_007,174
GGAAGCCACTGCCACTACGT_008,11
GGAAGCCACTGCCACTACGT_009,84
GGAAGCCACTGCCACTACGT_010,83
GGAAGCCACTGCCACTACGT_011,145
GGAAGCCACTGCCACTACGT_012,63
GGAAGCCACTGCCACTACGT_013,115
GGAAGCCACTGCCACTACGT_014,121
GGAAGCCACTGCCACTACGT_015,177
CATTGCTGCCTATATCAAGA_001,69
CATTGCTGCCTATATCAAGA_002,180
CATTGCTGCCTATATCAAGA_003,81
CATTGCTGCCTATATCAAGA_004,4
GGCTCATACGCATGCCAATG_001,194
GGCTCATACGCATGCCAATG_002,173
GGCTCATACGCATGCCAATG_003,29
GGCTCATACGCATGCCAATG_004,168
GGCTCATACGCATGCCAATG_005,97
GGCTCATACGCATGCCAATG_006,2
GGCTCATACGCATGCCAATG_007,105
GGCTCATACGCATGCCAATG_008,4
GGCTCATACGCATGCCAATG_009,4
GGCTCATACGCATGCCAATG_010,63
GGCTCATACGCATGCCAATG_011,29
GCTGTGAGGGATCCTTCGTG_001,40
GCTGTGAGGGATCCTTCGTG_002,69
GCTGTGAGGGATCCTTCGTG_003,26
GCTGTGAGGGATCCTTCGTG_004,71
GCTGTGAGGGATCCTTCGTG_005,141
GCTGTGAGGGATCCTTCGTG_006,108
TCAGTGATACACACAACCAA_001,142
TCAGTGATACACACAACCAA_002,107
TCAGTGATACACACAACCAA_003,116
TCAGTGATACACACAACCAA_004,76
TCAGTGATACACACAACCAA_005,15
CATACCCTGTAAAAAGTGTG_001,82
CATACCCTGTAAAAAGTGTG_002,143
ACTTTAATGAGAAGTGCACT_001,18
ACTTTAATGAGAAGTGCACT_002,156
ACTTTAATGAGAAGTGCACT_003,183
ACTTTAATGAGAAGTGCACT_004,114
ACTTTAATGAGAAGTGCACT_005,58
ACTTTAATGAGAAGTGCACT_006,171
ACTTTAATGAGAAGTGCACT_007,122
ACTTTAATGAGAAGTGCACT_008,76
ACTTTAATGAGAAGTGCACT_009,17
ACTTTAATGAGAAGTGCACT_010,22
GCGCCACCGTCTGCTCGTCG_001,161
GCGCCACCGTCTGCTCGTCG_002,138
GCGCCACCGTCTGCTCGTCG_003,165
GCGCCACCGTCTGCTCGTCG_004,168
GTAGGACGCAAACGAATCGC_001,40
GTAGGACGCAAACGAATCGC_002,146
GTAGGACGCAAACGAATCGC_003,48
GTAGGACGCAAACGAATCGC_004,160
GAGTCACATACGGTACCTTG_001,94
GAGTCACATACGGTACCTTG_002,174
GAGTCACATACGGTACCTTG_003,42
GAGTCACATACGGTACCTTG_004,163
GGGACGGATACAACGACTAG_001,58
GGGACGGATACAACGACTAG_002,49
GGGACGGATACAACGACTAG_003,153
GGGACGGATACAACGACTAG_004,141
GGGACGGATACAACGACTAG_005,137
GGGACGGATACAACGACTAG_006,24
GGGACGGATACAACGACTAG_007,85
GGGACGGATACAACGACTAG_008,178
GGGACGGATACAACGACTAG_009,80
GGGACGGATACAACGACTAG_010,142
GGGACGGATACAACGACTAG_011,159
GGGACGGATACAACGACTAG_012,17
GGGACGGATACAACGACTAG_013,116
GGGACGGATACAACGACTAG_014,3
TGGAGCCCATAACATAACAG_001,198
TGGAGCCCATAACATAACAG_002,34
TGGAGCCCATAACATAACAG_003,36
TGGAGCCCATAACATAACAG_004,113
TGGAGCCCATAACATAACAG_005,36
TGGAGCCCATAACATAACAG_006,146
TGGAGCCCATAACATAACAG_007,170
TGGAGCCCATAACATAACAG_008,0
TGGAGCCCATAACATAACAG_009,188
TGGAGCCCATAACATAACAG_010,19
CCCTGCATAAAATTCCCAAG_001,117
CAGGGAGTTACTCACCAGCA_001,4
CAGGGAGTTACTCACCAGCA_002,102
CAGGGAGTTACTCACCAGCA_003,20
CAGGGAGTTACTCACCAGCA_004,199
CAGGGAGTTACTCACCAGCA_005,168
CAGGGAGTTACTCACCAGCA_006,8
CAGGGAGTTACTCACCAGCA_007,9
CAGGGAGTTACTCACCAGCA_008,22
CAGGGAGTTACTCACCAGCA_009,75
CAGGGAGTTACTCACCAGCA_010,55
CAGGGAGTTACTCACCAGCA_011,181
CAGGGAGTTACTCACCAGCA_012,121
CAGGGAGTTACTCACCAGCA_013,184
CAGGGAGTTACTCACCAGCA_014,168
CAGGGAGTTACTCACCAGCA_015,106
TAAAGCTGTCTTGAGTAACA_001,111
TAAAGCTGTCTTGAGTAACA_002,2
TAAAGCTGTCTTGAGTAACA_003,130
TAAAGCTGTCTTGAGTAACA_004,26
TGCTCCAATCAACTTACCGG_001,60
TGCTCCAATCAACTTACCGG_002,58
TGCTCCAATCAACTTACCGG_003,148
TGCTCCAATCAACTTACCGG_004,160
TGCTCCAATCAACTTACCGG_005,132
TGCTCCAATCAACTTACCGG_006,115
TGCTCCAATCAACTTACCGG_007,160
TGCTCCAATCAACTTACCGG_008,107
TGCTCCAATCAACTTACCGG_009,15
TGCTCCAATCAACTTACCGG_010,70
TGCTCCAATCAACTTACCGG_011,103
TGCTCCAATCAACTTACCGG_012,162
TGCTCCAATCAACTTACCGG_013,55
TGCTCCAATCAACTTACCGG_014,62
TGCTCCAATCAACTTACCGG_015,147
TGCTCCAATCAACTTACCGG_016,103
TGCTCCAATCAACTTACCGG_017,138
GACGTACGCCTTAGTAAGGG_001,19
GACGTACGCCTTAGTAAGGG_002,184
GACGTACGCCTTAGTAAGGG_003,97
GACGTACGCCTTAGTAAGGG_004,62
GACGTACGCCTTAGTAAGGG_005,103
GACGTACGCCTTAGTAAGGG_006,199
GACGTACGCCTTAGTAAGGG_007,62
GACGTACGCCTTAGTAAGGG_008,85
GACGTACGCCTTAGTAAGGG_009,176
GACGTACGCCTTAGTAAGGG_010,184
GACGTACGCCTTAGTAAGGG_011,105
GACGTACGCCTTAGTAAGGG_012,99
TGAGAATTGGGCAGATGCGG_001,83
TGAGAATTGGGCAGATGCGG_002,71
TGAGAATTGGGCAGATGCGG_003,37
TGAGAATTGGGCAGATGCGG_004,19
TGAGAATTGGGCAGATGCGG_005,2
TGAGAATTGGGCAGATGCGG_006,17
TGAGAATTGGGCAGATGCGG_007,168
CTTGTGCGCAAAGTCCACGG_001,112
CTTGTGCGCAAAGTCCACGG_002,125
CTTGTGCGCAAAGTCCACGG_003,152
CTTGTGCGCAAAGTCCACGG_004,44
CTTGTGCGCAAAGTCCACGG_005,16
CTTGTGCGCAAAGTCCACGG_006,130
CTTGTGCGCAAAGTCCACGG_007,178
CTTGTGCGCAAAGTCCACGG_008,159
CTTGTGCGCAAAGTCCACGG_009,191
CTTGTGCGCAAAGTCCACGG_010,72
GTGACACATTACCAGAAGCA_001,41
GTGACACATTACCAGAAGCA_002,96
GGTGTTGTCGAGCCCCACGA_001,70
GGTGTTGTCGAGCCCCACGA_002,170
GGTGTTGTCGAGCCCCACGA_003,157
GGTGTTGTCGAGCCCCACGA_004,121
GGTGTTGTCGAGCCCCACGA_005,23
GGTGTTGTCGAGCCCCACGA_006,62
GGTGTTGTCGAGCCCCACGA_007,81
GGTGTTGTCGAGCCCCACGA_008,62
GGTGTTGTCGAGCCCCACGA_009,80
GGTGTTGTCGAGCCCCACGA_010,176
GGTGTTGTCGAGCCCCACGA_011,117
GGTGTTGTCGAGCCCCACGA_012,33
GGTGTTGTCGAGCCCCACGA_013,30
GGTGTTGTCGAGCCCCACGA_014,85
GGTGTTGTCGAGCCCCACGA_015,130
GGTGTTGTCGAGCCCCACGA_016,58
GGTGTTGTCGAGCCCCACGA_017,38
GGTGTTGTCGAGCCCCACGA_018,20
GGTGTTGTCGAGCCCCACGA_019,197
GGTGTTGTCGAGCCCCACGA_020,197
GGTGTTGTCGAGCCCCACGA_021,48
GGTGTTGTCGAGCCCCACGA_022,104
GGTGTTGTCGAGCCCCACGA_023,46
GGTGTTGTCGAGCCCCACGA_024,140
GGTGTTGTCGAGCCCCACGA_025,150
GGTGTTGTCGAGCCCCACGA_026,193
GGTGTTGTCGAGCCCCACGA_027,41
GGTGTTGTCGAGCCCCACGA_028,56
GGTGTTGTCGAGCCCCACGA_029,180
AAGACGGAACTTTGTGCTGA_001,82
AAGACGGAACTTTGTGCTGA_002,171
AAGACGGAACTTTGTGCTGA_003,60
AAGACGGAACTTTGTGCTGA_004,19
AAGACGGAACTTTGTGCTGA_005,87
AAGACGGAACTTTGTGCTGA_006,11
AAGACGGAACTTTGTGCTGA_007,192
AAGACGGAACTTTGTGCTGA_008,119
AAGACGGAACTTTGTGCTGA_009,98
AAGACGGAACTTTGTGCTGA_010,166
AAGACGGAACTTTGTGCTGA_011,107
AAGACGGAACTTTGTGCTGA_012,60
AAGACGGAACTTTGTGCTGA_013,187
AAGACGGAACTTTGTGCTGA_014,82
AAGACGGAACTTTGTGCTGA_015,103
AAGACGGAACTTTGTGCTGA_016,124
AAGACGGAACTTTGTGCTGA_017,166
AAGACGGAACTTTGTGCTGA_018,135
ACAGGCCATTTGTCATCACT_001,134
ACAGGCCATTTGTCATCACT_002,154
ACAGGCCATTTGTCATCACT_003,72
ACAGGCCATTTGTCATCACT_004,49
ACAGGCCATTTGTCATCACT_005,41
ACAGGCCATTTGTCATCACT_006,146
ACAGGCCATTTGTCATCACT_007,113
ACAGGCCATTTGTCATCACT_008,191
ACAGGCCATTTGTCATCACT_009,37
CACAACCGCAGACCTCGGTG_001,35
CACAACCGCAGACCTCGGTG_002,75
CACAACCGCAGACCTCGGTG_003,185
CACAACCGCAGACCTCGGTG_004,173
CACAACCGCAGACCTCGGTG_005,39
CACAACCGCAGACCTCGGTG_006,13
CACAACCGCAGACCTCGGTG_007,37
CATCTTCCGGATCAGATCAT_001,193
CATCTTCCGGATCAGATCAT_002,156
CATCTTCCGGATCAGATCAT_003,29
CATCTTCCGGATCAGATCAT_004,56
CATCTTCCGGATCAGATCAT_005,81
CATCTTCCGGATCAGATCAT_006,145
GATGAGGAGGATTCACTGGG_001,150
GATGAGGAGGATTCACTGGG_002,104
GATGAGGAGGATTCACTGGG_003,150
GATGAGGAGGATTCACTGGG_004,162
GATGAGGAGGATTCACTGGG_005,158
GATGAGGAGGATTCACTGGG_006,113
GATGAGGAGGATTCACTGGG_007,41
GATGAGGAGGATTCACTGGG_008,188
GATGAGGAGGATTCACTGGG_009,24
GATGAGGAGGATTCACTGGG_010,23
GATGAGGAGGATTCACTGGG_011,67
GATGAGGAGGATTCACTGGG_012,151
GATGAGGAGGATTCACTGGG_013,128
GATGAGGAGGATTCACTGGG_014,4
GATGAGGAGGATTCACTGGG_015,146
GATGAGGAGGATTCACTGGG_016,58
GCTGATCCTCCTGATACGAG_001,78
GCTGATCCTCCTGATACGAG_002,97
GCTGATCCTCCTGATACGAG_003,78
GCTGATCCTCCTGATACGAG_004,27
GCTGATCCTCCTGATACGAG_005,89
ACCATCCTACCTCATGCAGA_001,109
ACCATCCTACCTCATGCAGA_002,56
ACCATCCTACCTCATGCAGA_003,5
ACCATCCTACCTCATGCAGA_004,24
ACCATCCTACCTCATGCAGA_005,137
ACCATCCTACCTCATGCAGA_006,4
ACCATCCTACCTCATGCAGA_007,28
ACCATCCTACCTCATGCAGA_008,50
ACCATCCTACCTCATGCAGA_009,118
ACCATCCTACCTCATGCAGA_010,28
ACCATCCTACCTCATGCAGA_011,152
CCCAGCTTTCCGAATCATGT_001,107
CCCAGCTTTCCGAATCATGT_002,193
CCCAGCTTTCCGAATCATGT_003,153
CCCAGCTTTCCGAATCATGT_004,107
CCCAGCTTTCCGAATCATGT_005,186
CCCAGCTTTCCGAATCATGT_006,170
CCCAGCTTTCCGAATCATGT_007,55
CCCAGCTTTCCGAATCATGT_008,89
CCCAGCTTTCCGAATCATGT_009,22
CCCAGCTTTCCGAATCATGT_010,92
CCCAGCTTTCCGAATCATGT_011,1
CCCAGCTTTCCGAATCATGT_012,183
CCCAGCTTTCCGAATCATGT_013,1
CCCAGCTTTCCGAATCATGT_014,24
CCCAGCTTTCCGAATCATGT_015,105
CCCAGCTTTCCGAATCATGT_016,141
CCCAGCTTTCCGAATCATGT_017,197
CCCAGCTTTCCGAATCATGT_018,24
CCCAGCTTTCCGAATCATGT_019,98
CCCAGCTTTCCGAATCATGT_020,41
GAGTGTTTGGACAACAGAGT_001,47
GAGTGTTTGGACAACAGAGT_002,134
GAGTGTTTGGACAACAGAGT_003,170
GAGTGTTTGGACAACAGAGT_004,145
GAGTGTTTGGACAACAGAGT_005,41
GAGTGTTTGGACAACAGAGT_006,176
GAGTGTTTGGACAACAGAGT_007,28
GAGTGTTTGGACAACAGAGT_008,188
GAGTGTTTGGACAACAGAGT_009,162
GAGTGTTTGGACAACAGAGT_010,12
GAGTGTTTGGACAACAGAGT_011,171
GAGTGTTTGGACAACAGAGT_012,9
GAGTGTTTGGACAACAGAGT_013,31
GAGTGTTTGGACAACAGAGT_014,47
GAGTGTTTGGACAACAGAGT_015,94
GAGTGTTTGGACAACAGAGT_016,148
GAGTGTTTGGACAACAGAGT_017,96
GAGTGTTTGGACAACAGAGT_018,197
GAGTGTTTGGACAACAGAGT_019,76
GAGTGTTTGGACAACAGAGT_020,57
GAGTGTTTGGACAACAGAGT_021,114
GAGTGTTTGGACAACAGAGT_022,188
GAGTGTTTGGACAACAGAGT_023,141
GAGTGTTTGGACAACAGAGT_024,24
AGGGCGTCCAGCCCTATGCG_001,198
AGGGCGTCCAGCCCTATGCG_002,103
AGGGCGTCCAGCCCTATGCG_003,27
AGGGCGTCCAGCCCTATGCG_004,55
AGGGCGTCCAGCCCTATGCG_005,185
AGGGCGTCCAGCCCTATGCG_006,92
AGGGCGTCCAGCCCTATGCG_007,10
AGGGCGTCCAGCCCTATGCG_008,129
AGGGCGTCCAGCCCTATGCG_009,133
AGGGCGTCCAGCCCTATGCG_010,123
AGGGCGTCCAGCCCTATGCG_011,177
AGGGCGTCCAGCCCTATGCG_012,119
AGGGCGTCCAGCCCTATGCG_013,69
AGGGCGTCCAGCCCTATGCG_014,154
AGGGCGTCCAGCCCTATGCG_015,2
AGGGCGTCCAGCCCTATGCG_016,146
AGGGCGTCCAGCCCTATGCG_017,187
AGGGCGTCCAGCCCTATGCG_018,184
AGGGCGTCCAGCCCTATGCG_019,62
AGGGCGTCCAGCCCTATGCG_020,133
AGGGCGTCCAGCCCTATGCG_021,197
AGGGCGTCCAGCCCTATGCG_022,86
AGGGCGTCCAGCCCTATGCG_023,1
GGTGTAAGTAGGTACCGGAA_001,66
TCTGAACCAAGTTGTCCTAT_001,42
TCTGAACCAAGTTGTCCTAT_002,141
TCTGAACCAAGTTGTCCTAT_003,92
TGGAACGAGCTGAACTACGT_001,165
TGGAACGAGCTGAACTACGT_002,194
TGGAACGAGCTGAACTACGT_003,90
TGGAACGAGCTGAACTACGT_004,106
TGGAACGAGCTGAACTACGT_005,50
TGGAACGAGCTGAACTACGT_006,64
TGGAACGAGCTGAACTACGT_007,134
TGGAACGAGCTGAACTACGT_008,177
TGGAACGAGCTGAACTACGT_009,69
TGGAACGAGCTGAACTACGT_010,131
TGGAACGAGCTGAACTACGT_011,149
AATACTCCGCCTCCACGTAG_001,107
AATACTCCGCCTCCACGTAG_002,93
AATACTCCGCCTCCACGTAG_003,151
AATACTCCGCCTCCACGTAG_004,128
AATACTCCGCCTCCACGTAG_005,64
AATACTCCGCCTCCACGTAG_006,121
AATACTCCGCCTCCACGTAG_007,78
AATACTCCGCCTCCACGTAG_008,138
AATACTCCGCCTCCACGTAG_009,130
AATACTCCGCCTCCACGTAG_010,38
AATACTCCGCCTCCACGTAG_011,42
AATACTCCGCCTCCACGTAG_012,62
AATACTCCGCCTCCACGTAG_013,165
AATACTCCGCCTCCACGTAG_014,81
AATACTCCGCCTCCACGTAG_015,141
AATACTCCGCCTCCACGTAG_016,87
AATACTCCGCCTCCACGTAG_017,56
AATACTCCGCCTCCACGTAG_018,168
AATACTCCGCCTCCACGTAG_019,8
AATACTCCGCCTCCACGTAG_020,178
AATACTCCGCCTCCACGTAG_021,158
AATACTCCGCCTCCACGTAG_022,20
AATACTCCGCCTCCACGTAG_023,106
AATACTCCGCCTCCACGTAG_024,57
AATACTCCGCCTCCACGTAG_025,115
AATACTCCGCCTCCACGTAG_026,153
AATACTCCGCCTCCACGTAG_027,124
AATACTCCGCCTCCACGTAG_028,197
AATACTCCGCCTCCACGTAG_029,74
CGGTTTACATCTGCCCATCG_001,60
CGGTTTACATCTGCCCATCG_002,168
CGGTTTACATCTGCCCATCG_003,9
CGGTTTACATCTGCCCATCG_004,92
CGGTTTACATCTGCCCATCG_005,70
CGGTTTACATCTGCCCATCG_006,121
CGGTTTACATCTGCCCATCG_007,168
CGGTTTACATCTGCCCATCG_008,8
CGGTTTACATCTGCCCATCG_009,28
CACCTGCGCAACACATCAGA_001,158
CACCTGCGCAACACATCAGA_002,15
CACCTGCGCAACACATCAGA_003,122
CACCTGCGCAACACATCAGA_004,102
CACCTGCGCAACACATCAGA_005,61
CACCTGCGCAACACATCAGA_006,97
CACCTGCGCAACACATCAGA_007,1
CACCTGCGCAACACATCAGA_008,145
CACCTGCGCAACACATCAGA_009,160
CTAAGGGCAAGATCGAAACA_001,63
CTAAGGGCAAGATCGAAACA_002,50
CTAAGGGCAAGATCGAAACA_003,81
CTAAGGGCAAGATCGAAACA_004,56
CTAAGGGCAAGATCGAAACA_005,37
CTAAGGGCAAGATCGAAACA_006,50
CTAAGGGCAAGATCGAAACA_007,98
CTAAGGGCAAGATCGAAACA_008,9
CTAAGGGCAAGATCGAAACA_009,16
CTAAGGGCAAGATCGAAACA_010,61
CTAAGGGCAAGATCGAAACA_011,184
CTAAGGGCAAGATCGAAACA_012,97
CTAAGGGCAAGATCGAAACA_013,49
CTAAGGGCAAGATCGAAACA_014,115
CTAAGGGCAAGATCGAAACA_015,67
TTATCACAGAACGTCACCAA_001,88
TTATCACAGAACGTCACCAA_002,199
TTATCACAGAACGTCACCAA_003,28
GTTTGCTAACTTTACCCGAG_001,157
GTTTGCTAACTTTACCCGAG_002,84
GTTTGCTAACTTTACCCGAG_003,144
GTTTGCTAACTTTACCCGAG_004,174
AAAACTGGTACGTGATGCTA_001,6
AAAACTGGTACGTGATGCTA_002,145
AAAACTGGTACGTGATGCTA_003,70
AAAACTGGTACGTGATGCTA_004,125
AAAACTGGTACGTGATGCTA_005,27
AAAACTGGTACGTGATGCTA_006,17
AAAACTGGTACGTGATGCTA_007,63
AAAACTGGTACGTGATGCTA_008,158
GCAGCTCCACGATTCGTCGG_001,27
GCAGCTCCACGATTCGTCGG_002,152
GCAGCTCCACGATTCGTCGG_003,160
GCAGCTCCACGATTCGTCGG_004,11
GCAGCTCCACGATTCGTCGG_005,188
GCAGCTCCACGATTCGTCGG_006,17
GCAGCTCCACGATTCGTCGG_007,134
GCAGCTCCACGATTCGTCGG_008,41
GCAGCTCCACGATTCGTCGG_009,2
GCAGCTCCACGATTCGTCGG_010,160
GCAGCTCCACGATTCGTCGG_011,180
GCAGCTCCACGATTCGTCGG_012,168
GCAGCTCCACGATTCGTCGG_013,45
GCAGCTCCACGATTCGTCGG_014,159
GCAGCTCCACGATTCGTCGG_015,67
GCAGCTCCACGATTCGTCGG_016,175
GCAGCTCCACGATTCGTCGG_017,60
GCAGCTCCACGATTCGTCGG_018,11
GCAGCTCCACGATTCGTCGG_019,25
TGTGGATCCTAACCGGAACT_001,90
GGCGACTAGCTGGATCAAGG_001,173
GGCGACTAGCTGGATCAAGG_002,173
GGCGACTAGCTGGATCAAGG_003,76
GGCGACTAGCTGGATCAAGG_004,57
GGCGACTAGCTGGATCAAGG_005,107
GGCGACTAGCTGGATCAAGG_006,141
GGCGACTAGCTGGATCAAGG_007,140
GGCGACTAGCTGGATCAAGG_008,69
GGCGACTAGCTGGATCAAGG_009,29
GGCGACTAGCTGGATCAAGG_010,77
GGCGACTAGCTGGATCAAGG_011,72
GGCGACTAGCTGGATCAAGG_012,192
GGCGACTAGCTGGATCAAGG_013,94
GGCGACTAGCTGGATCAAGG_014,15
GGCGACTAGCTGGATCAAGG_015,27
CAGGATGCCAATCCATGGAA_001,121
CAGGATGCCAATCCATGGAA_002,169
CAGGATGCCAATCCATGGAA_003,66
CAGGATGCCAATCCATGGAA_004,15
CAGGATGCCAATCCATGGAA_005,137
CAGGATGCCAATCCATGGAA_006,137
CAAGAAGATCAACCACGCAT_001,170
CAAGAAGATCAACCACGCAT_002,101
CAAGAAGATCAACCACGCAT_003,198
CAAGAAGATCAACCACGCAT_004,40
CAAGAAGATCAACCACGCAT_005,9
CAAGAAGATCAACCACGCAT_006,33
CAAGAAGATCAACCACGCAT_007,149
CAAGAAGATCAACCACGCAT_008,40
CAAGAAGATCAACCACGCAT_009,163
CAAGAAGATCAACCACGCAT_010,174
CAAGAAGATCAACCACGCAT_011,11
CAAGAAGATCAACCACGCAT_012,58
CAAGAAGATCAACCACGCAT_013,76
CAAGAAGATCAACCACGCAT_014,67
CAAGAAGATCAACCACGCAT_015,41
CAAGAAGATCAACCACGCAT_016,41
CAAGAAGATCAACCACGCAT_017,40
CAAGAAGATCAACCACGCAT_018,173
CAAGAAGATCAACCACGCAT_019,184
CAAGAAGATCAACCACGCAT_020,116
GGAATTTATAGGATTCCACA_001,69
GCTGCGCCTGCACCCCGGAG_001,127
GCTGCGCCTGCACCCCGGAG_002,165
GCTGCGCCTGCACCCCGGAG_003,169
GGTCTGAGATAGCAGGAACT_001,35
GGTCTGAGATAGCAGGAACT_002,168
GGTCTGAGATAGCAGGAACT_003,115
CACCGCGATGACATTGACGA_001,68
CACCGCGATGACATTGACGA_002,54
CACCGCGATGACATTGACGA_003,114
CACCGCGATGACATTGACGA_004,62
CACCGCGATGACATTGACGA_005,65
CACCGCGATGACATTGACGA_006,107
CACCGCGATGACATTGACGA_007,15
CACCGCGATGACATTGACGA_008,60
ACCAGACATCTATGCCATCG_001,172
ACCAGACATCTATGCCATCG_002,144
ACCAGACATCTATGCCATCG_003,51
ATCTTACTTAAATGGCTCAG_001,62
ATCTTACTTAAATGGCTCAG_002,28
ATCTTACTTAAATGGCTCAG_003,181
ATCTTACTTAAATGGCTCAG_004,146
ATCTTACTTAAATGGCTCAG_005,169
ATCTTACTTAAATGGCTCAG_006,78
ATCTTACTTAAATGGCTCAG_007,188
CCCAGGAGTGATGCTGATCG_001,121
CCCAGGAGTGATGCTGATCG_002,183
CCCAGGAGTGATGCTGATCG_003,114
CCCAGGAGTGATGCTGATCG_004,98
CCCAGGAGTGATGCTGATCG_005,165
ACAGCTGCTCTTCCTACACT_001,16
ACAGCTGCTCTTCCTACACT_002,161
ACAGCTGCTCTTCCTACACT_003,39
ACATGTGTAGATCGTAGCTG_001,27
ACATGTGTAGATCGTAGCTG_002,2
ACATGTGTAGATCGTAGCTG_003,29
ACATGTGTAGATCGTAGCTG_004,95
ACATGTGTAGATCGTAGCTG_005,12
ACATGTGTAGATCGTAGCTG_006,1
ACATGTGTAGATCGTAGCTG_007,134
ACATGTGTAGATCGTAGCTG_008,187
ACATGTGTAGATCGTAGCTG_009,163
ACATGTGTAGATCGTAGCTG_010,106
ACATGTGTAGATCGTAGCTG_011,34
GAGCGAGAATCAGAGAGTGG_001,121
GAGCGAGAATCAGAGAGTGG_002,119
GAGCGAGAATCAGAGAGTGG_003,75
GAGCGAGAATCAGAGAGTGG_004,87
GAGCGAGAATCAGAGAGTGG_005,168
GAGCGAGAATCAGAGAGTGG_006,56
GAGCGAGAATCAGAGAGTGG_007,96
GAGCGAGAATCAGAGAGTGG_008,144
GAGCGAGAATCAGAGAGTGG_009,57
GAGCGAGAATCAGAGAGTGG_010,60
GAGCGAGAATCAGAGAGTGG_011,11
GAGCGAGAATCAGAGAGTGG_012,172
GAGCGAGAATCAGAGAGTGG_013,13
GAGCGAGAATCAGAGAGTGG_014,89
GAGCGAGAATCAGAGAGTGG_015,149
GAGCGAGAATCAGAGAGTGG_016,184
GAGCGAGAATCAGAGAGTGG_017,56
GAGCGAGAATCAGAGAGTGG_018,68
GAGCGAGAATCAGAGAGTGG_019,138
GAGCGAGAATCAGAGAGTGG_020,183
GAGCGAGAATCAGAGAGTGG_021,96
GAACTTGTCTGATTCAGTGA_001,45
GAACTTGTCTGATTCAGTGA_002,132
GAACTTGTCTGATTCAGTGA_003,68
GAACTTGTCTGATTCAGTGA_004,105
GAACTTGTCTGATTCAGTGA_005,98
GAACTTGTCTGATTCAGTGA_006,132
GAACTTGTCTGATTCAGTGA_007,77
GAACTTGTCTGATTCAGTGA_008,60
GAACTTGTCTGATTCAGTGA_009,17
GAACTTGTCTGATTCAGTGA_010,193
GAACTTGTCTGATTCAGTGA_011,43
TGGCGAGTACCAGTACACAC_001,88
TGGCGAGTACCAGTACACAC_002,86
TGGCGAGTACCAGTACACAC_003,2
TGGCGAGTACCAGTACACAC_004,56
TTGTAATGGAACACGGAATG_001,138
TTGTAATGGAACACGGAATG_002,30
TTGTAATGGAACACGGAATG_003,69
TTGTAATGGAACACGGAATG_004,148
TTGTAATGGAACACGGAATG_005,198
TTGTAATGGAACACGGAATG_006,148
TTGTAATGGAACACGGAATG_007,168
TTGTAATGGAACACGGAATG_008,172
TTGTAATGGAACACGGAATG_009,8
TTGTAATGGAACACGGAATG_010,19
TTGTAATGGAACACGGAATG_011,19
TTGTAATGGAACACGGAATG_012,160
TTGTAATGGAACACGGAATG_013,76
TTGTAATGGAACACGGAATG_014,12
CTTCACCTCAAACACTGTGG_001,149
CTTCACCTCAAACACTGTGG_002,15
CTTCACCTCAAACACTGTGG_003,119
CTTCACCTCAAACACTGTGG_004,185
CTTCACCTCAAACACTGTGG_005,60
CTTCACCTCAAACACTGTGG_006,79
CTTCACCTCAAACACTGTGG_007,70
CTTCACCTCAAACACTGTGG_008,146
CTTCACCTCAAACACTGTGG_009,98
CTTCACCTCAAACACTGTGG_010,99
AGCAGTTGTAAATGCAACGA_001,38
AGCAGTTGTAAATGCAACGA_002,140
AGCAGTTGTAAATGCAACGA_003,170
AGCAGTTGTAAATGCAACGA_004,172
AGCAGTTGTAAATGCAACGA_005,40
AGCAGTTGTAAATGCAACGA_006,128
AGCAGTTGTAAATGCAACGA_007,41
AGCAGTTGTAAATGCAACGA_008,113
AGCAGTTGTAAATGCAACGA_009,188
AGCAGTTGTAAATGCAACGA_010,4
GCCGGGGGGTCTTTGACCGG_001,127
CCTACGAGTCCTGTATGGCT_001,75
CCTACGAGTCCTGTATGGCT_002,69
CCTACGAGTCCTGTATGGCT_003,96
CCTACGAGTCCTGTATGGCT_004,191
CTACACGTGTGAGACAGATG_001,32
CTACACGTGTGAGACAGATG_002,96
CTACACGTGTGAGACAGATG_003,43
AGATATACTTGAGCATCTAC_001,161
AGATATACTTGAGCATCTAC_002,80
AGATATACTTGAGCATCTAC_003,188
AGATATACTTGAGCATCTAC_004,115
AGATATACTTGAGCATCTAC_005,58
AGATATACTTGAGCATCTAC_006,76
AGATATACTTGAGCATCTAC_007,169
AGATATACTTGAGCATCTAC_008,98
AGATATACTTGAGCATCTAC_009,141
AGATATACTTGAGCATCTAC_010,43
AGGACCCGCGATGTCTCTCT_001,15
AGGACCCGCGATGTCTCTCT_002,157
AGGACCCGCGATGTCTCTCT_003,11
AGGGCGTCATGAGCGCAGGT_001,163
AGGGCGTCATGAGCGCAGGT_002,146
AGGGCGTCATGAGCGCAGGT_003,26
AGGGCGTCATGAGCGCAGGT_004,116
AGGGCGTCATGAGCGCAGGT_005,130
AGGGCGTCATGAGCGCAGGT_006,56
AGGGCGTCATGAGCGCAGGT_007,137
AGGGCGTCATGAGCGCAGGT_008,19
AGGGCGTCATGAGCGCAGGT_009,52
AGGGCGTCATGAGCGCAGGT_010,107
AGGGCGTCATGAGCGCAGGT_011,182
AGGGCGTCATGAGCGCAGGT_012,74
AGGGCGTCATGAGCGCAGGT_013,146
AGGGCGTCATGAGCGCAGGT_014,10
AGGGCGTCATGAGCGCAGGT_015,88
AGGGCGTCATGAGCGCAGGT_016,89
AGGGCGTCATGAGCGCAGGT_017,142
AGGGCGTCATGAGCGCAGGT_018,130
AGGGCGTCATGAGCGCAGGT_019,25
CGGGTACTCACACCAACGCG_001,48
CGGGTACTCACACCAACGCG_002,159
CGGGTACTCACACCAACGCG_003,103
CGGGTACTCACACCAACGCG_004,173
CGGGTACTCACACCAACGCG_005,150
CGGGTACTCACACCAACGCG_006,83
GCAAGAAGACAACAGTACCG_001,23
GCAAGAAGACAACAGTACCG_002,96
GCAAGAAGACAACAGTACCG_003,22
GCAAGAAGACAACAGTACCG_004,132
GCAAGAAGACAACAGTACCG_005,155
GCAAGAAGACAACAGTACCG_006,69
GCAAGAAGACAACAGTACCG_007,38
GCAAGAAGACAACAGTACCG_008,102
GCAAGAAGACAACAGTACCG_009,81
GCAAGAAGACAACAGTACCG_010,117
GCAAGAAGACAACAGTACCG_011,181
GCAAGAAGACAACAGTACCG_012,65
GCAAGAAGACAACAGTACCG_013,126
GCAAGAAGACAACAGTACCG_014,81
GCAAGAAGACAACAGTACCG_015,25
GCAAGAAGACAACAGTACCG_016,132
GCAAGAAGACAACAGTACCG_017,19
CAATAACATCGACGACCGCG_001,23
CAATAACATCGACGACCGCG_002,116
CTGTGAACCAGATGCATCCG_001,160
CTGTGAACCAGATGCATCCG_002,189
CTGTGAACCAGATGCATCCG_003,181
CTGTGAACCAGATGCATCCG_004,48
CTGTGAACCAGATGCATCCG_005,117
CTGTGAACCAGATGCATCCG_006,104
CTGTGAACCAGATGCATCCG_007,26
CTGTGAACCAGATGCATCCG_008,63
CTGTGAACCAGATGCATCCG_009,49
CTGTGAACCAGATGCATCCG_010,13
CTGTGAACCAGATGCATCCG_011,77
CTGTGAACCAGATGCATCCG_012,115
CTGTGAACCAGATGCATCCG_013,3
CTGTGAACCAGATGCATCCG_014,28
CTGTGAACCAGATGCATCCG_015,106
CTGTGAACCAGATGCATCCG_016,110
CTTGAGGAAGAGGCCCAACG_001,23
CTTGAGGAAGAGGCCCAACG_002,195
CTTGAGGAAGAGGCCCAACG_003,185
CTTGAGGAAGAGGCCCAACG_004,113
CTTGAGGAAGAGGCCCAACG_005,184
CTTGAGGAAGAGGCCCAACG_006,198
CTTGAGGAAGAGGCCCAACG_007,77
CTTGAGGAAGAGGCCCAACG_008,77
CTTGAGGAAGAGGCCCAACG_009,37
CTTGAGTGTCCGATTTGAGG_001,40
CTTGAGTGTCCGATTTGAGG_002,39
CTTGAGTGTCCGATTTGAGG_003,97
CTTGAGTGTCCGATTTGAGG_004,58
CTTGAGTGTCCGATTTGAGG_005,134
CTTGAGTGTCCGATTTGAGG_006,49
GGAGGACCACAGCTACAACG_001,80
GGAGGACCACAGCTACAACG_002,36
GGAGGACCACAGCTACAACG_003,17
GGAGGACCACAGCTACAACG_004,81
GGAGGACCACAGCTACAACG_005,81
GGAGGACCACAGCTACAACG_006,72
GGAGGACCACAGCTACAACG_007,39
GGAGGACCACAGCTACAACG_008,196
GGAGGACCACAGCTACAACG_009,50
GGGAAAAAATCAGAGTTCAG_001,144
GGGAAAAAATCAGAGTTCAG_002,144
GGGAAAAAATCAGAGTTCAG_003,17
GGGAAAAAATCAGAGTTCAG_004,120
GGGAAAAAATCAGAGTTCAG_005,158
GGGAAAAAATCAGAGTTCAG_006,83
GGGAAAAAATCAGAGTTCAG_007,134
GGGAAAAAATCAGAGTTCAG_008,168
GGGAAAAAATCAGAGTTCAG_009,5
GGGAAAAAATCAGAGTTCAG_010,52
GGTGGTCCCCAATCAAAATG_001,12
GGTGGTCCCCAATCAAAATG_002,49
GGTGGTCCCCAATCAAAATG_003,63
GGTGGTCCCCAATCAAAATG_004,142
GGTGGTCCCCAATCAAAATG_005,17
GGTGGTCCCCAATCAAAATG_006,176
GGTGGTCCCCAATCAAAATG_007,194
GGTGGTCCCCAATCAAAATG_008,92
GGTGGTCCCCAATCAAAATG_009,9
GGTGGTCCCCAATCAAAATG_010,192
GGTGGTCCCCAATCAAAATG_011,107
GGTGGTCCCCAATCAAAATG_012,9
GGTGGTCCCCAATCAAAATG_013,157
GGTGGTCCCCAATCAAAATG_014,94
GGTGGTCCCCAATCAAAATG_015,169
GGTGGTCCCCAATCAAAATG_016,137
GGTGGTCCCCAATCAAAATG_017,154
GGTGGTCCCCAATCAAAATG_018,82
GGTGGTCCCCAATCAAAATG_019,160
GGTGGTCCCCAATCAAAATG_020,104
GGTGGTCCCCAATCAAAATG_021,99
GGTGGTCCCCAATCAAAATG_022,3
GGTGGTCCCCAATCAAAATG_023,198
GAACCTGAAAGAACTCAATG_001,108
GAACCTGAAAGAACTCAATG_002,28
GAACCTGAAAGAACTCAATG_003,162
GAACCTGAAAGAACTCAATG_004,176
GAACCTGAAAGAACTCAATG_005,83
GAACCTGAAAGAACTCAATG_006,149
GAACCTGAAAGAACTCAATG_007,114
GAACCTGAAAGAACTCAATG_008,22
GAACCTGAAAGAACTCAATG_009,174
ATGCAATGAATAGCTAAGCC_001,194
ATGCAATGAATAGCTAAGCC_002,7
ATGCAATGAATAGCTAAGCC_003,77
ATGCAATGAATAGCTAAGCC_004,153
ATGCAATGAATAGCTAAGCC_005,14
GGATTACTAAAGATAGTGAC_001,56
GGATTACTAAAGATAGTGAC_002,35
CCATGTTCGGGACAGTCCGA_001,72
CCATGTTCGGGACAGTCCGA_002,196
CCATGTTCGGGACAGTCCGA_003,137
CCATGTTCGGGACAGTCCGA_004,1
CCATGTTCGGGACAGTCCGA_005,117
CCATGTTCGGGACAGTCCGA_006,135
CCATGTTCGGGACAGTCCGA_007,75
CCATGTTCGGGACAGTCCGA_008,75
CCATGTTCGGGACAGTCCGA_009,169
CCATGTTCGGGACAGTCCGA_010,199
CCATGTTCGGGACAGTCCGA_011,169
CCATGTTCGGGACAGTCCGA_012,168
GTGCAACGGATGCAGACAGT_001,149
GTGCAACGGATGCAGACAGT_002,199
GTGCAACGGATGCAGACAGT_003,127
GTGCAACGGATGCAGACAGT_004,7
GTGCAACGGATGCAGACAGT_005,129
GTGCAACGGATGCAGACAGT_006,49
GTGCAACGGATGCAGACAGT_007,88
GTGCAACGGATGCAGACAGT_008,44
GTGCAACGGATGCAGACAGT_009,56
GTGCAACGGATGCAGACAGT_010,1
GTGCAACGGATGCAGACAGT_011,162
TCTTCCATCACCGATCTCGG_001,161
TCTTCCATCACCGATCTCGG_002,9
TCTTCCATCACCGATCTCGG_003,152
TGGCTGAAGACACATTTCAG_001,94
TGGCTGAAGACACATTTCAG_002,41
TGGCTGAAGACACATTTCAG_003,140
TGGCTGAAGACACATTTCAG_004,58
TGGCTGAAGACACATTTCAG_005,25
TGGCTGAAGACACATTTCAG_006,172
TGGCTGAAGACACATTTCAG_007,130
TAAGGAGTGAGTATATTGAG_001,97
TAAGGAGTGAGTATATTGAG_002,9
TAAGGAGTGAGTATATTGAG_003,76
TGTCCGTCTAGCAGGCAGCG_001,191
TGTCCGTCTAGCAGGCAGCG_002,130
TGTCCGTCTAGCAGGCAGCG_003,58
TGTCCGTCTAGCAGGCAGCG_004,14
TGTCCGTCTAGCAGGCAGCG_005,107
TGTCCGTCTAGCAGGCAGCG_006,122
TGTCCGTCTAGCAGGCAGCG_007,69
TGTCCGTCTAGCAGGCAGCG_008,81
TGTCCGTCTAGCAGGCAGCG_009,184
TGTCCGTCTAGCAGGCAGCG_010,49
TGTCCGTCTAGCAGGCAGCG_011,34
TGTCCGTCTAGCAGGCAGCG_012,12
TGTCCGTCTAGCAGGCAGCG_013,6
TGTCCGTCTAGCAGGCAGCG_014,97
TGTCCGTCTAGCAGGCAGCG_015,127
TGTCCGTCTAGCAGGCAGCG_016,120
TGTCCGTCTAGCAGGCAGCG_017,193
CTGTGATAAGTTGCTCAGGG_001,160
CTGTGATAAGTTGCTCAGGG_002,163
CTGTGATAAGTTGCTCAGGG_003,98
CTGTGATAAGTTGCTCAGGG_004,84
CTGTGATAAGTTGCTCAGGG_005,120
CTGTGATAAGTTGCTCAGGG_006,8
CTGTGATAAGTTGCTCAGGG_007,112
CTGTGATAAGTTGCTCAGGG_008,180
CTGTGATAAGTTGCTCAGGG_009,34
AACTCAAGCAGGCGGCTCTC_001,174
AACTCAAGCAGGCGGCTCTC_002,7
AACTCAAGCAGGCGGCTCTC_003,176
AACTCAAGCAGGCGGCTCTC_004,176
AACTCAAGCAGGCGGCTCTC_005,88
AACTCAAGCAGGCGGCTCTC_006,89
AACTCAAGCAGGCGGCTCTC_007,124
AACTCAAGCAGGCGGCTCTC_008,81
AACTCAAGCAGGCGGCTCTC_009,29
AACTCAAGCAGGCGGCTCTC_010,30
AACTCAAGCAGGCGGCTCTC_011,197
AACTCAAGCAGGCGGCTCTC_012,15
AACTCAAGCAGGCGGCTCTC_013,150
AACTCAAGCAGGCGGCTCTC_014,144
AACTCAAGCAGGCGGCTCTC_015,94
AACTCAAGCAGGCGGCTCTC_016,16
AACTCAAGCAGGCGGCTCTC_017,98
AACTCAAGCAGGCGGCTCTC_018,118
AACTCAAGCAGGCGGCTCTC_019,23
AACTCAAGCAGGCGGCTCTC_020,112
AACTCAAGCAGGCGGCTCTC_021,17
AACTCAAGCAGGCGGCTCTC_022,96
AACTCAAGCAGGCGGCTCTC_023,199
AACTCAAGCAGGCGGCTCTC_024,19
AACTCAAGCAGGCGGCTCTC_025,137
AACTCAAGCAGGCGGCTCTC_026,1
AACTCAAGCAGGCGGCTCTC_027,183
AACTCAAGCAGGCGGCTCTC_028,135
AAAAGGTCGCCGCAACCCCG_001,19
AAAAGGTCGCCGCAACCCCG_002,99
AAAAGGTCGCCGCAACCCCG_003,55
AAAAGGTCGCCGCAACCCCG_004,121
AAAAGGTCGCCGCAACCCCG_005,115
AAAAGGTCGCCGCAACCCCG_006,78
AAAAGGTCGCCGCAACCCCG_007,61
AAAAGGTCGCCGCAACCCCG_008,186
AAAAGGTCGCCGCAACCCCG_009,158
AAAAGGTCGCCGCAACCCCG_010,146
AAAAGGTCGCCGCAACCCCG_011,13
AAAAGGTCGCCGCAACCCCG_012,160
AAAAGGTCGCCGCAACCCCG_013,81
AAAAGGTCGCCGCAACCCCG_014,75
AAAAGGTCGCCGCAACCCCG_015,171
AAAAGGTCGCCGCAACCCCG_016,171
AAAAGGTCGCCGCAACCCCG_017,184
AAAAGGTCGCCGCAACCCCG_018,191
AAAAGGTCGCCGCAACCCCG_019,192
AAAAGGTCGCCGCAACCCCG_020,70
AAAAGGTCGCCGCAACCCCG_021,104
AAAAGGTCGCCGCAACCCCG_022,27
AAAAGGTCGCCGCAACCCCG_023,34
AAAAGGTCGCCGCAACCCCG_024,178
CCAGTACACCCACGTCAACG_001,115
CCAGTACACCCACGTCAACG_002,131
CCAGTACACCCACGTCAACG_003,30
CCAGTACACCCACGTCAACG_004,171
CCAGTACACCCACGTCAACG_005,147
CCAGTACACCCACGTCAACG_006,158
CCAGTACACCCACGTCAACG_007,74
CCAGTACACCCACGTCAACG_008,175
CCAGTACACCCACGTCAACG_009,51
CCAGTACACCCACGTCAACG_010,167
CCAGTACACCCACGTCAACG_011,66
CCAGTACACCCACGTCAACG_012,102
CCAGTACACCCACGTCAACG_013,23
CCAGTACACCCACGTCAACG_014,160
CCAGTACACCCACGTCAACG_015,184
CCAGTACACCCACGTCAACG_016,179
CCAGTACACCCACGTCAACG_017,138
CCAGTACACCCACGTCAACG_018,78
CCAGTACACCCACGTCAACG_019,180
CCAGTACACCCACGTCAACG_020,180
CCAGTACACCCACGTCAACG_021,163
ATAAGGTGTGCAATAGCGAG_001,134
ATAAGGTGTGCAATAGCGAG_002,157
ATAAGGTGTGCAATAGCGAG_003,72
ATAAGGTGTGCAATAGCGAG_004,85
ATAAGGTGTGCAATAGCGAG_005,136
ATAAGGTGTGCAATAGCGAG_006,132
ATAAGGTGTGCAATAGCGAG_007,8
ATAAGGTGTGCAATAGCGAG_008,81
ATAAGGTGTGCAATAGCGAG_009,112
ATAAGGTGTGCAATAGCGAG_010,61
ATAAGGTGTGCAATAGCGAG_011,88
TCTGGACAGCCAAGTGCCAC_001,21
TCTGGACAGCCAAGTGCCAC_002,112
TCTGGACAGCCAAGTGCCAC_003,9
TCTGGACAGCCAAGTGCCAC_004,198
TCTGGACAGCCAAGTGCCAC_005,85
TCTGGACAGCCAAGTGCCAC_006,139
TCTGGACAGCCAAGTGCCAC_007,25
TCTGGACAGCCAAGTGCCAC_008,185
TCTGGACAGCCAAGTGCCAC_009,184
TCTGGACAGCCAAGTGCCAC_010,43
TCTGGACAGCCAAGTGCCAC_011,148
TCTGGACAGCCAAGTGCCAC_012,168
TAATTGGTGCCAATCACCCA_001,10
TAATTGGTGCCAATCACCCA_002,189
TAATTGGTGCCAATCACCCA_003,48
TTTCTTCAAAGGCACCATCC_001,158
TTTCTTCAAAGGCACCATCC_002,158
TTTCTTCAAAGGCACCATCC_003,8
CGCACTTACTGATGACGATG_001,149
CGCACTTACTGATGACGATG_002,29
CGCACTTACTGATGACGATG_003,127
CGCACTTACTGATGACGATG_004,156
TGGCTTATGCCCAATCGGTG_001,188
TGGCTTATGCCCAATCGGTG_002,156
TGGCTTATGCCCAATCGGTG_003,126
TGGCTTATGCCCAATCGGTG_004,37
TGGCTTATGCCCAATCGGTG_005,33
TGGCTTATGCCCAATCGGTG_006,61
TGGCTTATGCCCAATCGGTG_007,94
TGGCTTATGCCCAATCGGTG_008,40
TGGCTTATGCCCAATCGGTG_009,61
TGGCTTATGCCCAATCGGTG_010,122
TGGCTTATGCCCAATCGGTG_011,188
TGGCTTATGCCCAATCGGTG_012,145
TGGCTTATGCCCAATCGGTG_013,103
TGGCTTATGCCCAATCGGTG_014,148
TGGCTTATGCCCAATCGGTG_015,16
TGGCTTATGCCCAATCGGTG_016,168
TGGCTTATGCCCAATCGGTG_017,61
AGGACCAAATAGCTTGAAGG_001,37
AGTAGCCCTGATAACCCAAG_001,70
AGTAGCCCTGATAACCCAAG_002,52
AGTAGCCCTGATAACCCAAG_003,40
AGTAGCCCTGATAACCCAAG_004,153
AGTAGCCCTGATAACCCAAG_005,125
AGTAGCCCTGATAACCCAAG_006,126
AGTAGCCCTGATAACCCAAG_007,18
AGTAGCCCTGATAACCCAAG_008,48
GCGGGTGGGACACACAGTTG_001,161
GCGGGTGGGACACACAGTTG_002,130
GCGGGTGGGACACACAGTTG_003,172
GCGGGTGGGACACACAGTTG_004,31
GCGGGTGGGACACACAGTTG_005,44
AGTGATTGTGTGTCCTACCA_001,158
AGTGATTGTGTGTCCTACCA_002,113
AGTGATTGTGTGTCCTACCA_003,149
AGTGATTGTGTGTCCTACCA_004,82
AGTGATTGTGTGTCCTACCA_005,110
AGTGATTGTGTGTCCTACCA_006,80
AGTGATTGTGTGTCCTACCA_007,3
AGTGATTGTGTGTCCTACCA_008,113
AGTGATTGTGTGTCCTACCA_009,84
GGATGGCCTGGATACAGATG_001,74
ATTAGAGAAGATCCAGACCA_001,83
ATTAGAGAAGATCCAGACCA_002,168
ATTAGAGAAGATCCAGACCA_003,137
ATTAGAGAAGATCCAGACCA_004,28
ATTAGAGAAGATCCAGACCA_005,117
ATTAGAGAAGATCCAGACCA_006,38
ATTAGAGAAGATCCAGACCA_007,150
ATTAGAGAAGATCCAGACCA_008,31
ATTAGAGAAGATCCAGACCA_009,156
ATTAGAGAAGATCCAGACCA_010,65
ATTAGAGAAGATCCAGACCA_011,175
ATTAGAGAAGATCCAGACCA_012,59
ATTAGAGAAGATCCAGACCA_013,141
ATTAGAGAAGATCCAGACCA_014,55
ATTAGAGAAGATCCAGACCA_015,142
CCATGGTACCACTAACCACG_001,119
CCATGGTACCACTAACCACG_002,33
CCATGGTACCACTAACCACG_003,28
CCATGGTACCACTAACCACG_004,162
CCATGGTACCACTAACCACG_005,72
CCATGGTACCACTAACCACG_006,12
GAGCCCCATCCGCTCCACTG_001,50
GAGCCCCATCCGCTCCACTG_002,105
GAGCCCCATCCGCTCCACTG_003,115
GAGCCCCATCCGCTCCACTG_004,22
GAGCCCCATCCGCTCCACTG_005,118
GAGCCCCATCCGCTCCACTG_006,84
GAGCCCCATCCGCTCCACTG_007,38
GAGCCCCATCCGCTCCACTG_008,78
GAGCCCCATCCGCTCCACTG_009,149
GAGCCCCATCCGCTCCACTG_010,82
GAGCCCCATCCGCTCCACTG_011,34
GAGCCCCATCCGCTCCACTG_012,72
GAGCCCCATCCGCTCCACTG_013,48
GAGCCCCATCCGCTCCACTG_014,142
GAGCCCCATCCGCTCCACTG_015,39
GAGCCCCATCCGCTCCACTG_016,147
CTCAGCACCTTTATAGCGGT_001,150
GCTCAGGGTTAGAGATAGGA_001,172
GCTCAGGGTTAGAGATAGGA_002,138
GCTCAGGGTTAGAGATAGGA_003,186
GCTCAGGGTTAGAGATAGGA_004,108
GCTCAGGGTTAGAGATAGGA_005,108
GCTCAGGGTTAGAGATAGGA_006,41
GCTCAGGGTTAGAGATAGGA_007,160
GCTCAGGGTTAGAGATAGGA_008,116
GCTCAGGGTTAGAGATAGGA_009,57
GCTCAGGGTTAGAGATAGGA_010,184
GCTCAGGGTTAGAGATAGGA_011,137
GCTCAGGGTTAGAGATAGGA_012,11
GCTCAGGGTTAGAGATAGGA_013,175
GCTCAGGGTTAGAGATAGGA_014,80
GCTCAGGGTTAGAGATAGGA_015,63
GCTCAGGGTTAGAGATAGGA_016,126
GCTCAGGGTTAGAGATAGGA_017,25
GAGAAGGATGGAAATTAGAA_001,97
GAGAAGGATGGAAATTAGAA_002,137
GAGAAGGATGGAAATTAGAA_003,60
GAGAAGGATGGAAATTAGAA_004,3
GAGAAGGATGGAAATTAGAA_005,3
GAGAAGGATGGAAATTAGAA_006,11
GAGAAGGATGGAAATTAGAA_007,145
GAGAAGGATGGAAATTAGAA_008,138
TGACTGATGACAGGTATCTG_001,57
TGACTGATGACAGGTATCTG_002,94
TGACTGATGACAGGTATCTG_003,130
TGACTGATGACAGGTATCTG_004,98
TGACTGATGACAGGTATCTG_005,125
TGACTGATGACAGGTATCTG_006,127
TGACTGATGACAGGTATCTG_007,186
TGACTGATGACAGGTATCTG_008,36
TGACTGATGACAGGTATCTG_009,47
TGACTGATGACAGGTATCTG_010,17
ACCGTTACTGTAGGCGTACG_001,118
ACCGTTACTGTAGGCGTACG_002,41
ACCGTTACTGTAGGCGTACG_003,172
ACCGTTACTGTAGGCGTACG_004,198
ACCGTTACTGTAGGCGTACG_005,111
ACCGTTACTGTAGGCGTACG_006,182
ACCGTTACTGTAGGCGTACG_007,75
ACCGTTACTGTAGGCGTACG_008,154
ACCGTTACTGTAGGCGTACG_009,117
ACCGTTACTGTAGGCGTACG_010,112
ACCGTTACTGTAGGCGTACG_011,162
ACCGTTACTGTAGGCGTACG_012,58
ACCGTTACTGTAGGCGTACG_013,50
ACCGTTACTGTAGGCGTACG_014,182
ACCGTTACTGTAGGCGTACG_015,19
ACCGTTACTGTAGGCGTACG_016,134
ACCGTTACTGTAGGCGTACG_017,94
ACCGTTACTGTAGGCGTACG_018,192
ACCGTTACTGTAGGCGTACG_019,35
ACCGTTACTGTAGGCGTACG_020,48
ACCGTTACTGTAGGCGTACG_021,78
ACCGTTACTGTAGGCGTACG_022,16
ACCGTTACTGTAGGCGTACG_023,169
ACCGTTACTGTAGGCGTACG_024,2
ACCGTTACTGTAGGCGTACG_025,118
ACCGTTACTGTAGGCGTACG_026,51
ACCGTTACTGTAGGCGTACG_027,152
ACCGTTACTGTAGGCGTACG_028,112
ACCGTTACTGTAGGCGTACG_029,199
ACCGTTACTGTAGGCGTACG_030,3
CTTGATAGGAAATAGAGCGG_001,14
CTTGATAGGAAATAGAGCGG_002,5
CTTGATAGGAAATAGAGCGG_003,4
GAAGTAGAGTGGCTCATAAG_001,5
GAAGTAGAGTGGCTCATAAG_002,8
GAAGTAGAGTGGCTCATAAG_003,15
GAAGTAGAGTGGCTCATAAG_004,78
GAAGTAGAGTGGCTCATAAG_005,41
GAAGTAGAGTGGCTCATAAG_006,83
GAAGTAGAGTGGCTCATAAG_007,178
GAAGTAGAGTGGCTCATAAG_008,54
GAAGTAGAGTGGCTCATAAG_009,7
GAAGTAGAGTGGCTCATAAG_010,131
GAAGTAGAGTGGCTCATAAG_011,153
GAAGTAGAGTGGCTCATAAG_012,66
GGTCGATTAAGCAATACCCA_001,13
GGTCGATTAAGCAATACCCA_002,77
GGTCGATTAAGCAATACCCA_003,60
GGTCGATTAAGCAATACCCA_004,60
GGTCGATTAAGCAATACCCA_005,48
GGTCGATTAAGCAATACCCA_006,60
GGTCGATTAAGCAATACCCA_007,155
GGTCGATTAAGCAATACCCA_008,168
GGTCGATTAAGCAATACCCA_009,52
GATGACAAGTACAAGAGACC_001,43
CCGTCCTCGGAGTAGTCCGG_001,50
CCGTCCTCGGAGTAGTCCGG_002,147
CCGTCCTCGGAGTAGTCCGG_003,77
CCGTCCTCGGAGTAGTCCGG_004,109
CCGTCCTCGGAGTAGTCCGG_005,109
CCGTCCTCGGAGTAGTCCGG_006,98
CCGTCCTCGGAGTAGTCCGG_007,177
CCGTCCTCGGAGTAGTCCGG_008,15
CCGTCCTCGGAGTAGTCCGG_009,197
CCGTCCTCGGAGTAGTCCGG_010,15
CCGTCCTCGGAGTAGTCCGG_011,144
CCGTCCTCGGAGTAGTCCGG_012,8
CCGTCCTCGGAGTAGTCCGG_013,115
CCGTCCTCGGAGTAGTCCGG_014,3
CCGTCCTCGGAGTAGTCCGG_015,177
CCGTCCTCGGAGTAGTCCGG_016,187
GAGAAAGAGGAGTACTGCGT_001,134
AAGTCGCGTTGGCATCAGTG_001,69
AAGTCGCGTTGGCATCAGTG_002,104
AAGTCGCGTTGGCATCAGTG_003,162
AAGTCGCGTTGGCATCAGTG_004,9
AAGTCGCGTTGGCATCAGTG_005,166
AAGTCGCGTTGGCATCAGTG_006,175
AAGTCGCGTTGGCATCAGTG_007,16
AAGTCGCGTTGGCATCAGTG_008,116
AAGTCGCGTTGGCATCAGTG_009,57
AAGTCGCGTTGGCATCAGTG_010,160
AAGTCGCGTTGGCATCAGTG_011,81
AAGTCGCGTTGGCATCAGTG_012,140
AAGTCGCGTTGGCATCAGTG_013,105
AAGTCGCGTTGGCATCAGTG_014,78
AAGTCGCGTTGGCATCAGTG_015,56
AAGTCGCGTTGGCATCAGTG_016,1
AAGTCGCGTTGGCATCAGTG_017,23
AAGTCGCGTTGGCATCAGTG_018,149
AAGTCGCGTTGGCATCAGTG_019,176
AAGTCGCGTTGGCATCAGTG_020,92
AAGTCGCGTTGGCATCAGTG_021,146
AAGTCGCGTTGGCATCAGTG_022,127
AAGTCGCGTTGGCATCAGTG_023,48
AAGTCGCGTTGGCATCAGTG_024,52
GACCCCGAGCTGTATGAGGG_001,182
GACCCCGAGCTGTATGAGGG_002,145
GACCCCGAGCTGTATGAGGG_003,76
GACCCCGAGCTGTATGAGGG_004,64
GACCCCGAGCTGTATGAGGG_005,47
GGGTATGCGGAACGTGACCA_001,49
GGGTATGCGGAACGTGACCA_002,147
GGGTATGCGGAACGTGACCA_003,118
GGGTATGCGGAACGTGACCA_004,177
GGGTATGCGGAACGTGACCA_005,78
GGGTATGCGGAACGTGACCA_006,98
GGGTATGCGGAACGTGACCA_007,191
GGGTATGCGGAACGTGACCA_008,129
GGGTATGCGGAACGTGACCA_009,118
GGGTATGCGGAACGTGACCA_010,26
GGGTATGCGGAACGTGACCA_011,118
GGGTATGCGGAACGTGACCA_012,47
GGGTATGCGGAACGTGACCA_013,187
GGGTATGCGGAACGTGACCA_014,147
GGGTATGCGGAACGTGACCA_015,168
GGGTATGCGGAACGTGACCA_016,81
GGGTATGCGGAACGTGACCA_017,115
GGGTATGCGGAACGTGACCA_018,30
GGGTATGCGGAACGTGACCA_019,170
GGGACGCATTTGACATCCAG_001,197
GGGACGCATTTGACATCCAG_002,134
GGGACGCATTTGACATCCAG_003,182
GGGACGCATTTGACATCCAG_004,96
GGGACGCATTTGACATCCAG_005,106
TGCAATAGCACCACCTCCCG_001,70
TGCAATAGCACCACCTCCCG_002,197
TGCAATAGCACCACCTCCCG_003,9
TGCAATAGCACCACCTCCCG_004,23
TGCAATAGCACCACCTCCCG_005,88
TGCAATAGCACCACCTCCCG_006,0
TGCAATAGCACCACCTCCCG_007,150
TGCAATAGCACCACCTCCCG_008,9
TGCAATAGCACCACCTCCCG_009,46
TGCAATAGCACCACCTCCCG_010,69
TGCAATAGCACCACCTCCCG_011,69
TGCAATAGCACCACCTCCCG_012,57
CGGGTACGGCCTCCCCCTCG_001,194
CGGGTACGGCCTCCCCCTCG_002,102
CGGGTACGGCCTCCCCCTCG_003,70
CGGGTACGGCCTCCCCCTCG_004,190
CGGGTACGGCCTCCCCCTCG_005,84
CGGGTACGGCCTCCCCCTCG_006,159
CGGGTACGGCCTCCCCCTCG_007,163
CGGGTACGGCCTCCCCCTCG_008,9
CGGGTACGGCCTCCCCCTCG_009,95
CGGGTACGGCCTCCCCCTCG_010,21
CGGGTACGGCCTCCCCCTCG_011,112
CGGGTACGGCCTCCCCCTCG_012,68
CGGGTACGGCCTCCCCCTCG_013,189
CGGGTACGGCCTCCCCCTCG_014,17
CGGGTACGGCCTCCCCCTCG_015,183
CGGGTACGGCCTCCCCCTCG_016,145
CGGGTACGGCCTCCCCCTCG_017,63
CGGGTACGGCCTCCCCCTCG_018,108
CGGGTACGGCCTCCCCCTCG_019,199
CGGGTACGGCCTCCCCCTCG_020,80
CGGGTACGGCCTCCCCCTCG_021,178
CGGGTACGGCCTCCCCCTCG_022,168
CGGGTACGGCCTCCCCCTCG_023,82
CGGGTACGGCCTCCCCCTCG_024,130
CGGGTACGGCCTCCCCCTCG_025,166
CGGGTACGGCCTCCCCCTCG_026,61
CGGGTACGGCCTCCCCCTCG_027,156
CGGGTACGGCCTCCCCCTCG_028,124
CGGGTACGGCCTCCCCCTCG_029,168
GACCCGGTTCGATTAGAACA_001,103
GAAGCCTTACCTTCAATAGA_001,32
GAAGCCTTACCTTCAATAGA_002,61
TTAGAGTTGACTTGTCAGCT_001,76
TTAGAGTTGACTTGTCAGCT_002,105
TTAGAGTTGACTTGTCAGCT_003,17
TTAGAGTTGACTTGTCAGCT_004,36
TTAGAGTTGACTTGTCAGCT_005,135
TTAGAGTTGACTTGTCAGCT_006,178
TTAGAGTTGACTTGTCAGCT_007,170
TTAGAGTTGACTTGTCAGCT_008,92
TTAGAGTTGACTTGTCAGCT_009,36
TTAGAGTTGACTTGTCAGCT_010,135
TTAGAGTTGACTTGTCAGCT_011,76
TTAGAGTTGACTTGTCAGCT_012,194
TTAGAGTTGACTTGTCAGCT_013,92
TTAGAGTTGACTTGTCAGCT_014,83
TTAGAGTTGACTTGTCAGCT_015,63
TTAGAGTTGACTTGTCAGCT_016,124
TTAGAGTTGACTTGTCAGCT_017,48
GACTTCCGCGACGTGGACAT_001,133
GACTTCCGCGACGTGGACAT_002,158
GACTTCCGCGACGTGGACAT_003,189
GACTTCCGCGACGTGGACAT_004,72
GACTTCCGCGACGTGGACAT_005,105
GACTTCCGCGACGTGGACAT_006,94
GACTTCCGCGACGTGGACAT_007,62
GACTTCCGCGACGTGGACAT_008,75
GACTTCCGCGACGTGGACAT_009,83
GACTTCCGCGACGTGGACAT_010,38
GACTTCCGCGACGTGGACAT_011,112
GACTTCCGCGACGTGGACAT_012,196
GACTTCCGCGACGTGGACAT_013,44
GACTTCCGCGACGTGGACAT_014,88
GACTTCCGCGACGTGGACAT_015,70
GACTTCCGCGACGTGGACAT_016,121
GACTTCCGCGACGTGGACAT_017,166
GACTTCCGCGACGTGGACAT_018,56
GACTTCCGCGACGTGGACAT_019,63
GACTTCCGCGACGTGGACAT_020,166
GACTTCCGCGACGTGGACAT_021,57
GACTTCCGCGACGTGGACAT_022,137
TTGAAGAGCATGTAGCCCAT_001,84
TTGAAGAGCATGTAGCCCAT_002,70
TTGAAGAGCATGTAGCCCAT_003,55
TTGAAGAGCATGTAGCCCAT_004,48
TTGAAGAGCATGTAGCCCAT_005,110
TTGAAGAGCATGTAGCCCAT_006,170
TTGAAGAGCATGTAGCCCAT_007,104
TTGAAGAGCATGTAGCCCAT_008,174
AGAGCTCTTACCTACAACAT_001,37
AGAGCTCTTACCTACAACAT_002,138
AGAGCTCTTACCTACAACAT_003,142
AGAGCTCTTACCTACAACAT_004,108
AGAGCTCTTACCTACAACAT_005,148
AGAGCTCTTACCTACAACAT_006,82
AGAGCTCTTACCTACAACAT_007,86
AGAGCTCTTACCTACAACAT_008,43
AGAGCTCTTACCTACAACAT_009,177
AGAGCTCTTACCTACAACAT_010,41
AGAGCTCTTACCTACAACAT_011,145
AGAGCTCTTACCTACAACAT_012,28
CCGCGGCTGTCAACTCGCTC_001,139
CCGCGGCTGTCAACTCGCTC_002,56
CCGCGGCTGTCAACTCGCTC_003,114
CCGCGGCTGTCAACTCGCTC_004,114
CCGCGGCTGTCAACTCGCTC_005,63
CCGCGGCTGTCAACTCGCTC_006,102
CCGCGGCTGTCAACTCGCTC_007,166
GGTACCTGATAGTCCAAACG_001,115
GGTACCTGATAGTCCAAACG_002,188
GGTACCTGATAGTCCAAACG_003,55
GGTACCTGATAGTCCAAACG_004,121
GGTACCTGATAGTCCAAACG_005,50
GGTACCTGATAGTCCAAACG_006,93
CCACATAGTCAAAGGGACCA_001,189
CCACATAGTCAAAGGGACCA_002,62
CCACATAGTCAAAGGGACCA_003,150
CCACATAGTCAAAGGGACCA_004,177
CCACATAGTCAAAGGGACCA_005,187
CCACATAGTCAAAGGGACCA_006,141
CCACATAGTCAAAGGGACCA_007,35
CCACATAGTCAAAGGGACCA_008,144
CCACATAGTCAAAGGGACCA_009,29
CCACATAGTCAAAGGGACCA_010,155
CCACATAGTCAAAGGGACCA_011,165
CCACATAGTCAAAGGGACCA_012,142
CCACATAGTCAAAGGGACCA_013,57
CCACATAGTCAAAGGGACCA_014,86
CCACATAGTCAAAGGGACCA_015,46
CCACATAGTCAAAGGGACCA_016,151
CCACATAGTCAAAGGGACCA_017,24
CCACATAGTCAAAGGGACCA_018,123
CCACATAGTCAAAGGGACCA_019,169
CCACATAGTCAAAGGGACCA_020,145
CCACATAGTCAAAGGGACCA_021,170
CCACATAGTCAAAGGGACCA_022,87
CCACATAGTCAAAGGGACCA_023,48
CCACATAGTCAAAGGGACCA_024,136
CCACATAGTCAAAGGGACCA_025,195
CCACATAGTCAAAGGGACCA_026,182
CCACATAGTCAAAGGGACCA_027,188
CCACATAGTCAAAGGGACCA_028,106
CCACATAGTCAAAGGGACCA_029,191
CCACATAGTCAAAGGGACCA_030,69
CCACATAGTCAAAGGGACCA_031,140
CCACATAGTCAAAGGGACCA_032,168
CCACATAGTCAAAGGGACCA_033,194
CCACATAGTCAAAGGGACCA_034,125
CTAAGACCAGCTGAAAACCA_001,55
CTAAGACCAGCTGAAAACCA_002,4
CTAAGACCAGCTGAAAACCA_003,36
CTAAGACCAGCTGAAAACCA_004,92
CTAAGACCAGCTGAAAACCA_005,164
CTAAGACCAGCTGAAAACCA_006,164
CTAAGACCAGCTGAAAACCA_007,96
GGTGCGCGCAAAGACGAAGG_001,113
GGTGCGCGCAAAGACGAAGG_002,147
GGAGAAAGCGTCCTCCGCGG_001,27
GGAGAAAGCGTCCTCCGCGG_002,77
GGAGAAAGCGTCCTCCGCGG_003,158
GGAGAAAGCGTCCTCCGCGG_004,159
GGAGAAAGCGTCCTCCGCGG_005,181
GGAGAAAGCGTCCTCCGCGG_006,116
GGAGAAAGCGTCCTCCGCGG_007,115
GGAGAAAGCGTCCTCCGCGG_008,191
GGAGAAAGCGTCCTCCGCGG_009,151
GGAGAAAGCGTCCTCCGCGG_010,56
GGAGAAAGCGTCCTCCGCGG_011,182
GGAGAAAGCGTCCTCCGCGG_012,166
GGAGAAAGCGTCCTCCGCGG_013,83
GGAGAAAGCGTCCTCCGCGG_014,99
GGAGAAAGCGTCCTCCGCGG_015,16
GGAGAAAGCGTCCTCCGCGG_016,146
GGAGAAAGCGTCCTCCGCGG_017,80
GGAGAAAGCGTCCTCCGCGG_018,36
GGAGAAAGCGTCCTCCGCGG_019,85
GGAGAAAGCGTCCTCCGCGG_020,88
GGAGAAAGCGTCCTCCGCGG_021,3
GGAGAAAGCGTCCTCCGCGG_022,63
GGAGAAAGCGTCCTCCGCGG_023,92
GGAGAAAGCGTCCTCCGCGG_024,184
GGAGAAAGCGTCCTCCGCGG_025,78
GGAGAAAGCGTCCTCCGCGG_026,10
GGAGAAAGCGTCCTCCGCGG_027,31
TCGTGGCCATCGCACTGGAG_001,130
TCGTGGCCATCGCACTGGAG_002,199
TCGTGGCCATCGCACTGGAG_003,77
TCGTGGCCATCGCACTGGAG_004,81
ATAACTTGTAAGGATTCCAG_001,68
ATAACTTGTAAGGATTCCAG_002,34
ATAACTTGTAAGGATTCCAG_003,104
ATAACTTGTAAGGATTCCAG_004,116
ATAACTTGTAAGGATTCCAG_005,170
ATAACTTGTAAGGATTCCAG_006,67
ATAACTTGTAAGGATTCCAG_007,76
ATAACTTGTAAGGATTCCAG_008,172
ATAACTTGTAAGGATTCCAG_009,85
ATAACTTGTAAGGATTCCAG_010,115
ATAACTTGTAAGGATTCCAG_011,63
CCTGACTCAAGCAGTATGCA_001,163
CCTGACTCAAGCAGTATGCA_002,55
CCTGACTCAAGCAGTATGCA_003,103
CCTGACTCAAGCAGTATGCA_004,138
CATCTGCATCCCACACTCAG_001,172
CATCTGCATCCCACACTCAG_002,105
CATCTGCATCCCACACTCAG_003,124
CATCTGCATCCCACACTCAG_004,166
CATCTGCATCCCACACTCAG_005,46
CATCTGCATCCCACACTCAG_006,166
CCTGTGCTGGAGATTCCTCT_001,101
CCTGTGCTGGAGATTCCTCT_002,187
CCTGTGCTGGAGATTCCTCT_003,74
CCTGTGCTGGAGATTCCTCT_004,149
CCTGTGCTGGAGATTCCTCT_005,126
CCTGTGCTGGAGATTCCTCT_006,2
AAGAATAAAGGACTCACCAG_001,115
AAGAATAAAGGACTCACCAG_002,54
AAGAATAAAGGACTCACCAG_003,181
AAGAATAAAGGACTCACCAG_004,82
AAGAATAAAGGACTCACCAG_005,199
AAGAATAAAGGACTCACCAG_006,191
AAGAATAAAGGACTCACCAG_007,8
AAGAATAAAGGACTCACCAG_008,46
CATTGGGCCAGCCGACACGC_001,42
CATTGGGCCAGCCGACACGC_002,165
CATTGGGCCAGCCGACACGC_003,124
CATTGGGCCAGCCGACACGC_004,33
CATTGGGCCAGCCGACACGC_005,66
CATTGGGCCAGCCGACACGC_006,56
CATTGGGCCAGCCGACACGC_007,84
CATTGGGCCAGCCGACACGC_008,159
GGCCGGGACACCACAGACCA_001,194
GGCCGGGACACCACAGACCA_002,17
GGCCGGGACACCACAGACCA_003,24
GGCCGGGACACCACAGACCA_004,52
GGCCGGGACACCACAGACCA_005,56
GGCCGGGACACCACAGACCA_006,162
GGCCGGGACACCACAGACCA_007,119
GGCCGGGACACCACAGACCA_008,26
TCCACAGGAAGAGCCTGAGG_001,29
TCCACAGGAAGAGCCTGAGG_002,98
TCCACAGGAAGAGCCTGAGG_003,13
TCCACAGGAAGAGCCTGAGG_004,97
TCCACAGGAAGAGCCTGAGG_005,151
TCCACAGGAAGAGCCTGAGG_006,169
TCCACAGGAAGAGCCTGAGG_007,175
TCCACAGGAAGAGCCTGAGG_008,68
ACCAGGAACATGTACACCTG_001,36
ACCAGGAACATGTACACCTG_002,122
ACCAGGAACATGTACACCTG_003,195
ACCAGGAACATGTACACCTG_004,81
ACCAGGAACATGTACACCTG_005,120
ACCAGGAACATGTACACCTG_006,12
ACCAGGAACATGTACACCTG_007,95
ACCAGGAACATGTACACCTG_008,4
ACCAGGAACATGTACACCTG_009,130
ACCAGGAACATGTACACCTG_010,159
ACCAGGAACATGTACACCTG_011,48
ACCAGGAACATGTACACCTG_012,34
ACCAGGAACATGTACACCTG_013,168
ACCAGGAACATGTACACCTG_014,12
ACCAGGAACATGTACACCTG_015,144
ACTGATATCCTGTAAGAACT_001,30
ACTGATATCCTGTAAGAACT_002,152
ACTGATATCCTGTAAGAACT_003,54
ACTGATATCCTGTAAGAACT_004,98
ACTGATATCCTGTAAGAACT_005,171
GCCACCCATAAGCTACGAGG_001,127
GCCACCCATAAGCTACGAGG_002,96
GCCACCCATAAGCTACGAGG_003,161
GCCACCCATAAGCTACGAGG_004,28
AGCCACAGAGGAGATCAGCT_001,48
AGCCACAGAGGAGATCAGCT_002,197
AGCCACAGAGGAGATCAGCT_003,74
AGCCACAGAGGAGATCAGCT_004,77
AGCCACAGAGGAGATCAGCT_005,106
AGCCACAGAGGAGATCAGCT_006,155
AGCCACAGAGGAGATCAGCT_007,62
AGCCACAGAGGAGATCAGCT_008,4
AGCCACAGAGGAGATCAGCT_009,58
AGCCACAGAGGAGATCAGCT_010,115
AGCCACAGAGGAGATCAGCT_011,169
AGCCACAGAGGAGATCAGCT_012,76
AGCCACAGAGGAGATCAGCT_013,23
AGCCACAGAGGAGATCAGCT_014,116
AGCCACAGAGGAGATCAGCT_015,188
AGCCACAGAGGAGATCAGCT_016,63
AGCCACAGAGGAGATCAGCT_017,1
AGCCACAGAGGAGATCAGCT_018,40
AGCCACAGAGGAGATCAGCT_019,17
AGCCACAGAGGAGATCAGCT_020,152
AGCCACAGAGGAGATCAGCT_021,66
AGCCACAGAGGAGATCAGCT_022,71
GGTCGAAGGTGGATTCCAGC_001,196
GGTCGAAGGTGGATTCCAGC_002,30
GGTCGAAGGTGGATTCCAGC_003,169
GGTCGAAGGTGGATTCCAGC_004,157
GGGGGCTCGGAATATGATCG_001,71
GGGGGCTCGGAATATGATCG_002,88
GGGGGCTCGGAATATGATCG_003,44
GCAATGCAATCGCAGGAGCA_001,105
GCAATGCAATCGCAGGAGCA_002,58
GCAATGCAATCGCAGGAGCA_003,181
GCAATGCAATCGCAGGAGCA_004,118
GCAATGCAATCGCAGGAGCA_005,105
GCAATGCAATCGCAGGAGCA_006,85
GCAATGCAATCGCAGGAGCA_007,119
GCAATGCAATCGCAGGAGCA_008,114
GCAATGCAATCGCAGGAGCA_009,175
GCAATGCAATCGCAGGAGCA_010,160
GCAATGCAATCGCAGGAGCA_011,141
GCAATGCAATCGCAGGAGCA_012,41
GCAATGCAATCGCAGGAGCA_013,115
GCAATGCAATCGCAGGAGCA_014,81
GCAATGCAATCGCAGGAGCA_015,167
GCAATGCAATCGCAGGAGCA_016,176
GCAATGCAATCGCAGGAGCA_017,111
GCAATGCAATCGCAGGAGCA_018,162
GCAATGCAATCGCAGGAGCA_019,92
GCAATGCAATCGCAGGAGCA_020,191
GCAATGCAATCGCAGGAGCA_021,17
GCAATGCAATCGCAGGAGCA_022,175
GCAATGCAATCGCAGGAGCA_023,188
GCAATGCAATCGCAGGAGCA_024,192
GCAATGCAATCGCAGGAGCA_025,199
GCAATGCAATCGCAGGAGCA_026,61
GCAATGCAATCGCAGGAGCA_027,45
GCAATGCAATCGCAGGAGCA_028,191
GCAATGCAATCGCAGGAGCA_029,104
GCAATGCAATCGCAGGAGCA_030,169
TGCAGAACAGTTGACACCGT_001,106
TGCAGAACAGTTGACACCGT_002,188
TGCAGAACAGTTGACACCGT_003,77
TGCAGAACAGTTGACACCGT_004,124
TGCAGAACAGTTGACACCGT_005,50
TGCAGAACAGTTGACACCGT_006,117
TGCAGAACAGTTGACACCGT_007,150
TGCAGAACAGTTGACACCGT_008,169
TGCAGAACAGTTGACACCGT_009,8
TGCAGAACAGTTGACACCGT_010,137
GAATAGATTCTCTATAAAGC_001,77
GAATAGATTCTCTATAAAGC_002,92
GAATAGATTCTCTATAAAGC_003,169
ACGCGGCAAGCAAGGCGGAA_001,27
ACGCGGCAAGCAAGGCGGAA_002,139
ACGCGGCAAGCAAGGCGGAA_003,57
ACGCGGCAAGCAAGGCGGAA_004,134
ACGCGGCAAGCAAGGCGGAA_005,18
ACGCGGCAAGCAAGGCGGAA_006,9
ACGCGGCAAGCAAGGCGGAA_007,184
ACGCGGCAAGCAAGGCGGAA_008,184
ACGCGGCAAGCAAGGCGGAA_009,169
ACGCGGCAAGCAAGGCGGAA_010,168
ACGCGGCAAGCAAGGCGGAA_011,35
AACCTGAATTCTCCTAACAA_001,78
AACCTGAATTCTCCTAACAA_002,83
AACCTGAATTCTCCTAACAA_003,52
AACCTGAATTCTCCTAACAA_004,184
AACCTGAATTCTCCTAACAA_005,82
AACCTGAATTCTCCTAACAA_006,145
AACCTGAATTCTCCTAACAA_007,87
AACCTGAATTCTCCTAACAA_008,112
AACCTGAATTCTCCTAACAA_009,13
TGTGCGTAATGAAGTGCCCG_001,137
TGTGCGTAATGAAGTGCCCG_002,107
TGTGCGTAATGAAGTGCCCG_003,34
TCCTGGACATAAAAGCCATG_001,60
TTAATATTTATCAGACACCG_001,48
TTAATATTTATCAGACACCG_002,29
TTAATATTTATCAGACACCG_003,5
AGAGAGAAACCAATATGGAG_001,24
AGAGAGAAACCAATATGGAG_002,197
AGAGAGAAACCAATATGGAG_003,130
GAGGAAAACCATTTCAGTAG_001,34
GAGGAAAACCATTTCAGTAG_002,124
CAGGAACTCCCCAAAAGTAG_001,15
CAGGAACTCCCCAAAAGTAG_002,67
CAGGAACTCCCCAAAAGTAG_003,57
CAGGAACTCCCCAAAAGTAG_004,33
CAGGAACTCCCCAAAAGTAG_005,100
GATCCTTACCTTTATCACGA_001,150
GATCCTTACCTTTATCACGA_002,73
GATCCTTACCTTTATCACGA_003,148
GATCCTTACCTTTATCACGA_004,11
GATCCTTACCTTTATCACGA_005,141
GATCCTTACCTTTATCACGA_006,48
GATCCTTACCTTTATCACGA_007,9
GATCCTTACCTTTATCACGA_008,86
GATCCTTACCTTTATCACGA_009,166
GATCCTTACCTTTATCACGA_010,61
GATCCTTACCTTTATCACGA_011,155
GATCCTTACCTTTATCACGA_012,29
GGTAGCACACTTACAGAGTG_001,64
GGTAGCACACTTACAGAGTG_002,137
GGTAGCACACTTACAGAGTG_003,168
GGTAGCACACTTACAGAGTG_004,172
GGTAGCACACTTACAGAGTG_005,46
CCCTTGGAACAAGCCCATTG_001,137
CCCTTGGAACAAGCCCATTG_002,102
CCCTTGGAACAAGCCCATTG_003,184
CCCTTGGAACAAGCCCATTG_004,167
CCCTTGGAACAAGCCCATTG_005,167
CCCTTGGAACAAGCCCATTG_006,162
CCCTTGGAACAAGCCCATTG_007,147
CCCTTGGAACAAGCCCATTG_008,48
CCCTTGGAACAAGCCCATTG_009,162
CCCTTGGAACAAGCCCATTG_010,172
CCCTTGGAACAAGCCCATTG_011,172
CCCTTGGAACAAGCCCATTG_012,14
ATCATATCCTTGTAATGTAG_001,176
ATCATATCCTTGTAATGTAG_002,62
ATCATATCCTTGTAATGTAG_003,168
ATCATATCCTTGTAATGTAG_004,118
ATCATATCCTTGTAATGTAG_005,0
ATCATATCCTTGTAATGTAG_006,160
ATCATATCCTTGTAATGTAG_007,107
ATCATATCCTTGTAATGTAG_008,4
ATCATATCCTTGTAATGTAG_009,91
ATCATATCCTTGTAATGTAG_010,81
GCTCTACCAGCAATCTCGCA_001,2
AGACTATGAGCACGACGATG_001,103
AGACTATGAGCACGACGATG_002,81
AGACTATGAGCACGACGATG_003,199
AGACTATGAGCACGACGATG_004,154
AGACTATGAGCACGACGATG_005,25
AGACTATGAGCACGACGATG_006,160
AGACTATGAGCACGACGATG_007,82
AGACTATGAGCACGACGATG_008,175
AGACTATGAGCACGACGATG_009,175
AGACTATGAGCACGACGATG_010,82
AGACTATGAGCACGACGATG_011,4
AGACTATGAGCACGACGATG_012,99
AGACTATGAGCACGACGATG_013,102
AGACTATGAGCACGACGATG_014,188
AGACTATGAGCACGACGATG_015,1
GGCCAGCAGAGCATGGGCGT_001,169
GGCCAGCAGAGCATGGGCGT_002,7
GGCCAGCAGAGCATGGGCGT_003,137
GGCCAGCAGAGCATGGGCGT_004,137
GGCCAGCAGAGCATGGGCGT_005,107
GGCCAGCAGAGCATGGGCGT_006,12
GGCCAGCAGAGCATGGGCGT_007,125
GGCCAGCAGAGCATGGGCGT_008,172
GGCCAGCAGAGCATGGGCGT_009,17
GGCCAGCAGAGCATGGGCGT_010,76
GGCCAGCAGAGCATGGGCGT_011,145
GGCCAGCAGAGCATGGGCGT_012,119
GGCCAGCAGAGCATGGGCGT_013,119
GGCCAGCAGAGCATGGGCGT_014,182
GGCCAGCAGAGCATGGGCGT_015,121
GGCCAGCAGAGCATGGGCGT_016,15
GGCCAGCAGAGCATGGGCGT_017,191
GGCCAGCAGAGCATGGGCGT_018,23
GGCCAGCAGAGCATGGGCGT_019,119
GGCCAGCAGAGCATGGGCGT_020,2
GGCCAGCAGAGCATGGGCGT_021,41
GGCCAGCAGAGCATGGGCGT_022,166
GGCCAGCAGAGCATGGGCGT_023,9
GGCCAGCAGAGCATGGGCGT_024,171
GGCCAGCAGAGCATGGGCGT_025,187
GGCCAGCAGAGCATGGGCGT_026,110
GGCCAGCAGAGCATGGGCGT_027,113
GGCCAGCAGAGCATGGGCGT_028,144
GGCCAGCAGAGCATGGGCGT_029,150
GGCCAGCAGAGCATGGGCGT_030,198
GGCCAGCAGAGCATGGGCGT_031,117
GGCCAGCAGAGCATGGGCGT_032,29
GGCCAGCAGAGCATGGGCGT_033,160
GGCCAGCAGAGCATGGGCGT_034,81
GGCCAGCAGAGCATGGGCGT_035,3
GGCCAGCAGAGCATGGGCGT_036,141
GGCCAGCAGAGCATGGGCGT_037,130
GGCCAGCAGAGCATGGGCGT_038,58
GGCCAGCAGAGCATGGGCGT_039,86
GGCCAGCAGAGCATGGGCGT_040,174
GGCCAGCAGAGCATGGGCGT_041,58
CAACATAAAAATCACCAAGT_001,4
CAACATAAAAATCACCAAGT_002,60
CAACATAAAAATCACCAAGT_003,116
CAACATAAAAATCACCAAGT_004,177
CAACATAAAAATCACCAAGT_005,152
CAACATAAAAATCACCAAGT_006,137
CAACATAAAAATCACCAAGT_007,182
CAACATAAAAATCACCAAGT_008,87
CAACATAAAAATCACCAAGT_009,87
CAACATAAAAATCACCAAGT_010,87
CAACATAAAAATCACCAAGT_011,33
CAACATAAAAATCACCAAGT_012,67
TAGGATGGTAGAGATTATAC_001,111
CTAAAACAGAACATTGCCAA_001,190
CTAAAACAGAACATTGCCAA_002,19
CTAAAACAGAACATTGCCAA_003,94
CTAAAACAGAACATTGCCAA_004,37
CTAAAACAGAACATTGCCAA_005,125
CTAAAACAGAACATTGCCAA_006,119
CTAAAACAGAACATTGCCAA_007,56
GGAGCGAATGGCATATGCTG_001,64
GGAGCGAATGGCATATGCTG_002,87
GGAGCGAATGGCATATGCTG_003,122
GGAGCGAATGGCATATGCTG_004,47
GGAGCGAATGGCATATGCTG_005,166
GAAGCCGAGGGAAGCAATGG_001,108
GAAGCCGAGGGAAGCAATGG_002,127
GAAGCCGAGGGAAGCAATGG_003,171
GAAGCCGAGGGAAGCAATGG_004,19
GAAGCCGAGGGAAGCAATGG_005,154
GAAGCCGAGGGAAGCAATGG_006,50
GAAGCCGAGGGAAGCAATGG_007,198
GAAGCCGAGGGAAGCAATGG_008,27
GAAGCCGAGGGAAGCAATGG_009,48
GAAGCCGAGGGAAGCAATGG_010,81
GAAGCCGAGGGAAGCAATGG_011,47
GAAGCCGAGGGAAGCAATGG_012,97
GAAGCCGAGGGAAGCAATGG_013,86
GAAGCCGAGGGAAGCAATGG_014,58
GAAGCCGAGGGAAGCAATGG_015,147
GAAGCCGAGGGAAGCAATGG_016,188
GAAGCCGAGGGAAGCAATGG_017,158
GAAGCCGAGGGAAGCAATGG_018,121
GAAGCCGAGGGAAGCAATGG_019,48
GAAGCCGAGGGAAGCAATGG_020,50
GAAGCCGAGGGAAGCAATGG_021,141
GAAGCCGAGGGAAGCAATGG_022,153
GAAGCCGAGGGAAGCAATGG_023,22
GAAGCCGAGGGAAGCAATGG_024,25
GAAGCCGAGGGAAGCAATGG_025,160
GAAGCCGAGGGAAGCAATGG_026,63
GAAGCCGAGGGAAGCAATGG_027,41
GAAGCCGAGGGAAGCAATGG_028,6
GAAGCCGAGGGAAGCAATGG_029,27
GAAGCCGAGGGAAGCAATGG_030,49
GAAGCCGAGGGAAGCAATGG_031,45
TCAGAAAACATGGATGATAC_001,151
TCAGAAAACATGGATGATAC_002,73
TCAGAAAACATGGATGATAC_003,42
TCAGAAAACATGGATGATAC_004,54
TCAGAAAACATGGATGATAC_005,159
ACGTAGCCAGCACTAATGAG_001,174
ACGTAGCCAGCACTAATGAG_002,1
ACGTAGCCAGCACTAATGAG_003,70
ACGTAGCCAGCACTAATGAG_004,24
ACGTAGCCAGCACTAATGAG_005,117
ACGTAGCCAGCACTAATGAG_006,147
ACGTAGCCAGCACTAATGAG_007,148
ACGTAGCCAGCACTAATGAG_008,112
ACGTAGCCAGCACTAATGAG_009,2
ACGTAGCCAGCACTAATGAG_010,33
ACGTAGCCAGCACTAATGAG_011,27
ACGTAGCCAGCACTAATGAG_012,158
ACGTAGCCAGCACTAATGAG_013,15
ACGTAGCCAGCACTAATGAG_014,63
ACGTAGCCAGCACTAATGAG_015,15
ACGTAGCCAGCACTAATGAG_016,0
AGAAAAACTAGACTATCACC_001,64
AGAAAAACTAGACTATCACC_002,72
GTGGCATTATAAAACGCTCA_001,123
GGTGTTACCTTGAGCGTGAG_001,145
GGTGTTACCTTGAGCGTGAG_002,61
GGTGTTACCTTGAGCGTGAG_003,66
GGTGTTACCTTGAGCGTGAG_004,88
AAACAACATCCAACTTCAGT_001,101
AAACAACATCCAACTTCAGT_002,12
AAACAACATCCAACTTCAGT_003,76
AAGATGACAGTACCAAAGCG_001,32
AAGATGACAGTACCAAAGCG_002,130
AAGATGACAGTACCAAAGCG_003,81
AAGATGACAGTACCAAAGCG_004,4
AAGATGACAGTACCAAAGCG_005,82
AAGATGACAGTACCAAAGCG_006,146
AAGATGACAGTACCAAAGCG_007,187
AAGATGACAGTACCAAAGCG_008,175
AAGATGACAGTACCAAAGCG_009,76
AAGATGACAGTACCAAAGCG_010,93
AAGATGACAGTACCAAAGCG_011,146
AAGATGACAGTACCAAAGCG_012,185
AAGATGACAGTACCAAAGCG_013,94
AAGATGACAGTACCAAAGCG_014,50
AAGATGACAGTACCAAAGCG_015,191
AAGATGACAGTACCAAAGCG_016,110
AAGATGACAGTACCAAAGCG_017,106
AAGATGACAGTACCAAAGCG_018,127
AAGATGACAGTACCAAAGCG_019,35
AAGATGACAGTACCAAAGCG_020,125
AAACCGGGCAAGTAAACATG_001,82
AAACCGGGCAAGTAAACATG_002,62
AAACCGGGCAAGTAAACATG_003,147
AAACCGGGCAAGTAAACATG_004,116
AACCCAATTTATGAGCACGT_001,122
AACCCAATTTATGAGCACGT_002,94
AACCCAATTTATGAGCACGT_003,48
AACCCAATTTATGAGCACGT_004,178
AACCCAATTTATGAGCACGT_005,15
AACCCAATTTATGAGCACGT_006,177
AACCCAATTTATGAGCACGT_007,2
AACCCAATTTATGAGCACGT_008,96
AACCCAATTTATGAGCACGT_009,156
AACCCAATTTATGAGCACGT_010,158
AACCCAATTTATGAGCACGT_011,140
AACCCAATTTATGAGCACGT_012,106
AACCCAATTTATGAGCACGT_013,48
AACCCAATTTATGAGCACGT_014,19
AACCCAATTTATGAGCACGT_015,149
AACCCAATTTATGAGCACGT_016,144
AACCCAATTTATGAGCACGT_017,158
AACCCAATTTATGAGCACGT_018,55
AACCCAATTTATGAGCACGT_019,47
AACCCAATTTATGAGCACGT_020,174
AACCCAATTTATGAGCACGT_021,198
AACCCAATTTATGAGCACGT_022,199
AACCCAATTTATGAGCACGT_023,19
AGCACTACAACCCTGCCACA_001,63
AGCACTACAACCCTGCCACA_002,80
AGCACTACAACCCTGCCACA_003,136
AGCACTACAACCCTGCCACA_004,116
AGCACTACAACCCTGCCACA_005,115
AGCACTACAACCCTGCCACA_006,116
AGCACTACAACCCTGCCACA_007,185
AGCACTACAACCCTGCCACA_008,95
AGCACTACAACCCTGCCACA_009,65
AGCACTACAACCCTGCCACA_010,22
AGCACTACAACCCTGCCACA_011,183
AGTCAAAAACTATAAAGACC_001,19
AGTCAAAAACTATAAAGACC_002,169
AGTCAAAAACTATAAAGACC_003,142
AGTCAAAAACTATAAAGACC_004,124
CAAGTACCAGCATCTAAAGG_001,172
CAAGTACCAGCATCTAAAGG_002,179
CAAGTACCAGCATCTAAAGG_003,96
CCCACCGAGGAACCCGAAGT_001,8
CCCACCGAGGAACCCGAAGT_002,63
CCCACCGAGGAACCCGAAGT_003,49
CCCACCGAGGAACCCGAAGT_004,6
CCCACCGAGGAACCCGAAGT_005,178
CCCACCGAGGAACCCGAAGT_006,114
CCCACCGAGGAACCCGAAGT_007,114
CCCACCGAGGAACCCGAAGT_008,118
CCCACCGAGGAACCCGAAGT_009,49
CCCACCGAGGAACCCGAAGT_010,80
CCCACCGAGGAACCCGAAGT_011,8
CCCACCGAGGAACCCGAAGT_012,178
CCCACCGAGGAACCCGAAGT_013,69
CCCACCGAGGAACCCGAAGT_014,93
CCCACCGAGGAACCCGAAGT_015,115
CCCACCGAGGAACCCGAAGT_016,81
CCCACCGAGGAACCCGAAGT_017,147
CCCACCGAGGAACCCGAAGT_018,92
CCCACCGAGGAACCCGAAGT_019,58
CCCACCGAGGAACCCGAAGT_020,191
CCCACCGAGGAACCCGAAGT_021,41
CCCACCGAGGAACCCGAAGT_022,182
CCCACCGAGGAACCCGAAGT_023,114
CCCACCGAGGAACCCGAAGT_024,199
CCCACCGAGGAACCCGAAGT_025,190
CCCACCGAGGAACCCGAAGT_026,128
CCCACCGAGGAACCCGAAGT_027,50
GTAATGAAGATTGCGGACAA_001,153
GTAATGAAGATTGCGGACAA_002,117
GTAATGAAGATTGCGGACAA_003,197
GGTGTTCACTAGCAATGAGA_001,17
GGTGTTCACTAGCAATGAGA_002,170
GGTGTTCACTAGCAATGAGA_003,0
GGTGTTCACTAGCAATGAGA_004,156
GGTGTTCACTAGCAATGAGA_005,68
GGTGTTCACTAGCAATGAGA_006,28
GGTGTTCACTAGCAATGAGA_007,48
GGTGTTCACTAGCAATGAGA_008,62
GGTGTTCACTAGCAATGAGA_009,160
CAACGAACCACAGCTGCAGG_001,9
CAACGAACCACAGCTGCAGG_002,104
CAACGAACCACAGCTGCAGG_003,19
CAACGAACCACAGCTGCAGG_004,46
CAACGAACCACAGCTGCAGG_005,94
CAACGAACCACAGCTGCAGG_006,123
CAACGAACCACAGCTGCAGG_007,65
CAACGAACCACAGCTGCAGG_008,11
CAACGAACCACAGCTGCAGG_009,124
GCTCATACAGACCCGCATGA_001,48
GCTCATACAGACCCGCATGA_002,77
GCTCATACAGACCCGCATGA_003,33
CCTGAGAGCCAATACAGTGC_001,163
CCTGAGAGCCAATACAGTGC_002,167
TTAGACAGCTTCGATACACC_001,22
GATGTTCACCATTGATATTG_001,62
AAAGAAGACCGTACCACAAA_001,190
AAAGAAGACCGTACCACAAA_002,134
AAAGAAGACCGTACCACAAA_003,76
AAAGAAGACCGTACCACAAA_004,120
CCTCATCGAGGAAAAACAGG_001,136
CCTCATCGAGGAAAAACAGG_002,172
CCTCATCGAGGAAAAACAGG_003,163
CCTCATCGAGGAAAAACAGG_004,112
CCTCATCGAGGAAAAACAGG_005,38
CCTCATCGAGGAAAAACAGG_006,96
CCTCATCGAGGAAAAACAGG_007,21
GATGCTGCTCCATACATACG_001,15
GATGCTGCTCCATACATACG_002,74
GATGCTGCTCCATACATACG_003,41
GATGCTGCTCCATACATACG_004,73
GATGCTGCTCCATACATACG_005,29
GATGCTGCTCCATACATACG_006,49
GATGCTGCTCCATACATACG_007,199
TCTTGCCAAAACACTCTCGG_001,84
TCTTGCCAAAACACTCTCGG_002,78
TCTTGCCAAAACACTCTCGG_003,182
TCTTGCCAAAACACTCTCGG_004,19
TCTTGCCAAAACACTCTCGG_005,127
TCTTGCCAAAACACTCTCGG_006,194
TCTTGCCAAAACACTCTCGG_007,127
TCTTGCCAAAACACTCTCGG_008,102
TCTTGCCAAAACACTCTCGG_009,70
TCTTGCCAAAACACTCTCGG_010,171
TCTTGCCAAAACACTCTCGG_011,93
TCTTGCCAAAACACTCTCGG_012,170
TCTTGCCAAAACACTCTCGG_013,141
TCTTGCCAAAACACTCTCGG_014,83
TCTTGCCAAAACACTCTCGG_015,170
TCTTGCCAAAACACTCTCGG_016,130
TCTTGCCAAAACACTCTCGG_017,149
TCTTGCCAAAACACTCTCGG_018,150
TCTTGCCAAAACACTCTCGG_019,58
TCTTGCCAAAACACTCTCGG_020,169
TCTTGCCAAAACACTCTCGG_021,60
TCTTGCCAAAACACTCTCGG_022,12
TCTTGCCAAAACACTCTCGG_023,9
TCTTGCCAAAACACTCTCGG_024,194
TCTTGCCAAAACACTCTCGG_025,144
TCTTGCCAAAACACTCTCGG_026,166
TCTTGCCAAAACACTCTCGG_027,130
TGGAACTAAGACGGACCGAT_001,172
TGGAACTAAGACGGACCGAT_002,121
TGGAACTAAGACGGACCGAT_003,19
TGGAACTAAGACGGACCGAT_004,199
TGGAACTAAGACGGACCGAT_005,20
TGGAACTAAGACGGACCGAT_006,142
TGGAACTAAGACGGACCGAT_007,78
TGGAACTAAGACGGACCGAT_008,169
TGGAACTAAGACGGACCGAT_009,19
TGGAACTAAGACGGACCGAT_010,157
TGGAACTAAGACGGACCGAT_011,67
ACCTCCACACCTCCCCGTAG_001,46
ACCTCCACACCTCCCCGTAG_002,190
ACCTCCACACCTCCCCGTAG_003,197
ACCTCCACACCTCCCCGTAG_004,91
ACCTCCACACCTCCCCGTAG_005,193
ACCTCCACACCTCCCCGTAG_006,142
ACCTCCACACCTCCCCGTAG_007,33
ACCTCCACACCTCCCCGTAG_008,75
ACCTCCACACCTCCCCGTAG_009,129
ACCTCCACACCTCCCCGTAG_010,11
ACCTCCACACCTCCCCGTAG_011,23
ACCTCCACACCTCCCCGTAG_012,176
ACCTCCACACCTCCCCGTAG_013,56
ACCTCCACACCTCCCCGTAG_014,81
ACCTCCACACCTCCCCGTAG_015,50
ACCTCCACACCTCCCCGTAG_016,10
ACCTCCACACCTCCCCGTAG_017,102
CATATTAGGAGTAAGACGAG_001,69
CATATTAGGAGTAAGACGAG_002,142
CATATTAGGAGTAAGACGAG_003,147
CATATTAGGAGTAAGACGAG_004,104
CATATTAGGAGTAAGACGAG_005,98
CATATTAGGAGTAAGACGAG_006,125
CATATTAGGAGTAAGACGAG_007,33
CATATTAGGAGTAAGACGAG_008,39
TGAGGTATATTCATGGCGGG_001,121
TGAGGTATATTCATGGCGGG_002,127
CAACCGGCTGAACATCCTTG_001,181
CAACCGGCTGAACATCCTTG_002,62
CAACCGGCTGAACATCCTTG_003,160
CAACCGGCTGAACATCCTTG_004,36
CAACCGGCTGAACATCCTTG_005,80
CAACCGGCTGAACATCCTTG_006,105
CAACCGGCTGAACATCCTTG_007,160
CAACCGGCTGAACATCCTTG_008,50
CAACCGGCTGAACATCCTTG_009,149
CAACCGGCTGAACATCCTTG_010,69
CAACCGGCTGAACATCCTTG_011,55
CAACCGGCTGAACATCCTTG_012,43
CAACCGGCTGAACATCCTTG_013,7
CAACCGGCTGAACATCCTTG_014,76
CAACCGGCTGAACATCCTTG_015,147
CAACCGGCTGAACATCCTTG_016,52
CAACCGGCTGAACATCCTTG_017,189
CAACCGGCTGAACATCCTTG_018,187
CAACCGGCTGAACATCCTTG_019,158
CAACCGGCTGAACATCCTTG_020,56
CAACCGGCTGAACATCCTTG_021,18
CAACCGGCTGAACATCCTTG_022,65
CAACCGGCTGAACATCCTTG_023,121
CAACCGGCTGAACATCCTTG_024,130
CAACCGGCTGAACATCCTTG_025,149
CAACCGGCTGAACATCCTTG_026,14
CAACCGGCTGAACATCCTTG_027,75
CAACCGGCTGAACATCCTTG_028,136
CAACCGGCTGAACATCCTTG_029,165
CAACCGGCTGAACATCCTTG_030,33
TCTAGAACTTTGACCATCAG_001,185
TCTAGAACTTTGACCATCAG_002,100
TCTAGAACTTTGACCATCAG_003,125
TCTAGAACTTTGACCATCAG_004,44
TCTAGAACTTTGACCATCAG_005,48
TCTAGAACTTTGACCATCAG_006,28
TCTAGAACTTTGACCATCAG_007,29
TCTAGAACTTTGACCATCAG_008,155
TCTAGAACTTTGACCATCAG_009,174
TCTAGAACTTTGACCATCAG_010,35
TGCCGTAGGCTACAAAGTTG_001,159
TGCCGTAGGCTACAAAGTTG_002,129
TGCCGTAGGCTACAAAGTTG_003,145
TGCCGTAGGCTACAAAGTTG_004,160
TGCCGTAGGCTACAAAGTTG_005,186
TGCCGTAGGCTACAAAGTTG_006,17
AACAGTACTCCACTATCCGG_001,149
AACAGTACTCCACTATCCGG_002,20
AACAGTACTCCACTATCCGG_003,54
AACAGTACTCCACTATCCGG_004,44
AACAGTACTCCACTATCCGG_005,158
AACAGTACTCCACTATCCGG_006,8
AACAGTACTCCACTATCCGG_007,149
AACAGTACTCCACTATCCGG_008,148
AACAGTACTCCACTATCCGG_009,4
AACAGTACTCCACTATCCGG_010,77
AACAGTACTCCACTATCCGG_011,2
AACAGTACTCCACTATCCGG_012,194
AACAGTACTCCACTATCCGG_013,132
AACAGTACTCCACTATCCGG_014,127
AACAGTACTCCACTATCCGG_015,40
AACAGTACTCCACTATCCGG_016,35
AACAGTACTCCACTATCCGG_017,129
ATAACGCCGCTCCCAAGCCG_001,169
ATAACGCCGCTCCCAAGCCG_002,170
ATAACGCCGCTCCCAAGCCG_003,176
ATAACGCCGCTCCCAAGCCG_004,146
ATAACGCCGCTCCCAAGCCG_005,107
ATAACGCCGCTCCCAAGCCG_006,174
ATAACGCCGCTCCCAAGCCG_007,140
ATAACGCCGCTCCCAAGCCG_008,114
ATAACGCCGCTCCCAAGCCG_009,164
ATAACGCCGCTCCCAAGCCG_010,121
ATAACGCCGCTCCCAAGCCG_011,56
ATAACGCCGCTCCCAAGCCG_012,150
ACACGGCGGATTTCGACCTG_001,119
ACACGGCGGATTTCGACCTG_002,157
ACACGGCGGATTTCGACCTG_003,99
ACACGGCGGATTTCGACCTG_004,141
ACACGGCGGATTTCGACCTG_005,115
ACACGGCGGATTTCGACCTG_006,137
GAGCAGTTCAAGTCGCCCAA_001,60
GAGCAGTTCAAGTCGCCCAA_002,2
GAGCAGTTCAAGTCGCCCAA_003,188
GAGCAGTTCAAGTCGCCCAA_004,188
GAGCAGTTCAAGTCGCCCAA_005,62
GAGCAGTTCAAGTCGCCCAA_006,1
GAGCAGTTCAAGTCGCCCAA_007,169
GAGCAGTTCAAGTCGCCCAA_008,184
GAGCAGTTCAAGTCGCCCAA_009,9
GAGCAGTTCAAGTCGCCCAA_010,115
GAGCAGTTCAAGTCGCCCAA_011,169
GAGCAGTTCAAGTCGCCCAA_012,162
GAGCAGTTCAAGTCGCCCAA_013,71
GAGCAGTTCAAGTCGCCCAA_014,10
GAGCAGTTCAAGTCGCCCAA_015,16
ATTATGTTGCAATACTGACA_001,170
ATTATGTTGCAATACTGACA_002,117
ATTATGTTGCAATACTGACA_003,30
ATTATGTTGCAATACTGACA_004,151
ATTATGTTGCAATACTGACA_005,60
ATTATGTTGCAATACTGACA_006,32
ATTCAGTACCAAATTTACTG_001,104
ATTCAGTACCAAATTTACTG_002,42
ATGGTCAAGTGTGTCTGCAA_001,36
ATGGTCAAGTGTGTCTGCAA_002,145
ATGGTCAAGTGTGTCTGCAA_003,105
ATGGTCAAGTGTGTCTGCAA_004,162
ATGGTCAAGTGTGTCTGCAA_005,29
ATGGTCAAGTGTGTCTGCAA_006,179
ATGGTCAAGTGTGTCTGCAA_007,5
ATGGTCAAGTGTGTCTGCAA_008,147
ATGGTCAAGTGTGTCTGCAA_009,166
ATGGTCAAGTGTGTCTGCAA_010,40
ATGGTCAAGTGTGTCTGCAA_011,61
ATGGTCAAGTGTGTCTGCAA_012,147
ATGGTCAAGTGTGTCTGCAA_013,185
ATGGTCAAGTGTGTCTGCAA_014,158
ATGGTCAAGTGTGTCTGCAA_015,28
ATGGTCAAGTGTGTCTGCAA_016,157
ATGGTCAAGTGTGTCTGCAA_017,191
ATTCTGACAGCTGAACACGA_001,66
ATTCTGACAGCTGAACACGA_002,48
ATTCTGACAGCTGAACACGA_003,66
ATTCTGACAGCTGAACACGA_004,60
ATTCTGACAGCTGAACACGA_005,42
ATTCTGACAGCTGAACACGA_006,77
ATTCTGACAGCTGAACACGA_007,16
ATTCTGACAGCTGAACACGA_008,126
ATTCTGACAGCTGAACACGA_009,23
ATTCTGACAGCTGAACACGA_010,83
ATTCTGACAGCTGAACACGA_011,141
ATTCTGACAGCTGAACACGA_012,46
ATTCTGACAGCTGAACACGA_013,155
CCGCTGCCCCCGAAGACACG_001,102
CCGCTGCCCCCGAAGACACG_002,127
CCGCTGCCCCCGAAGACACG_003,188
CCGCTGCCCCCGAAGACACG_004,105
CCGCTGCCCCCGAAGACACG_005,28
CCGCTGCCCCCGAAGACACG_006,122
CCGCTGCCCCCGAAGACACG_007,192
CCGCTGCCCCCGAAGACACG_008,68
CCGCTGCCCCCGAAGACACG_009,132
CCGCTGCCCCCGAAGACACG_010,81
CCGCTGCCCCCGAAGACACG_011,165
CCGCTGCCCCCGAAGACACG_012,107
CCGCTGCCCCCGAAGACACG_013,9
CCGCTGCCCCCGAAGACACG_014,82
CCGCTGCCCCCGAAGACACG_015,155
CCGCTGCCCCCGAAGACACG_016,108
CCGCTGCCCCCGAAGACACG_017,198
CCGCTGCCCCCGAAGACACG_018,158
CCGCTGCCCCCGAAGACACG_019,127
CCGCTGCCCCCGAAGACACG_020,15
CCGCTGCCCCCGAAGACACG_021,154
CCGCTGCCCCCGAAGACACG_022,149
CCGCTGCCCCCGAAGACACG_023,41
CCGCTGCCCCCGAAGACACG_024,53
CCGCTGCCCCCGAAGACACG_025,38
CCGCTGCCCCCGAAGACACG_026,61
CCGCTGCCCCCGAAGACACG_027,199
CCGCTGCCCCCGAAGACACG_028,177
CCGCTGCCCCCGAAGACACG_029,191
CCGCTGCCCCCGAAGACACG_030,36
CCGCTGCCCCCGAAGACACG_031,46
CCGCTGCCCCCGAAGACACG_032,29
CCGCTGCCCCCGAAGACACG_033,56
CCGCTGCCCCCGAAGACACG_034,165
CCGCTGCCCCCGAAGACACG_035,197
CCGCTGCCCCCGAAGACACG_036,149
CCGCTGCCCCCGAAGACACG_037,79
CCGCTGCCCCCGAAGACACG_038,120
CCGCTGCCCCCGAAGACACG_039,151
CCGCTGCCCCCGAAGACACG_040,70
CCGCTGCCCCCGAAGACACG_041,145
CCGCTGCCCCCGAAGACACG_042,170
CCGCTGCCCCCGAAGACACG_043,175
CCGCTGCCCCCGAAGACACG_044,168
CCGCTGCCCCCGAAGACACG_045,121
CCGCTGCCCCCGAAGACACG_046,63
CCGCTGCCCCCGAAGACACG_047,56
CCGCTGCCCCCGAAGACACG_048,56
CCGCTGCCCCCGAAGACACG_049,117
CCGCTGCCCCCGAAGACACG_050,88
CCGCTGCCCCCGAAGACACG_051,9
CCTGGGACAGGACTCTGATG_001,158
CCTGGGACAGGACTCTGATG_002,44
CCTGGGACAGGACTCTGATG_003,9
CCTGGGACAGGACTCTGATG_004,44
CCTGGGACAGGACTCTGATG_005,181
CCTGGGACAGGACTCTGATG_006,101
CCTGGGACAGGACTCTGATG_007,150
CCTGGGACAGGACTCTGATG_008,57
CCTGGGACAGGACTCTGATG_009,89
GCCAGTCATGAGGAACATCG_001,175
GCCAGTCATGAGGAACATCG_002,5
GCCAGTCATGAGGAACATCG_003,131
GCCAGTCATGAGGAACATCG_004,40
GCCAGTCATGAGGAACATCG_005,66
GCCAGTCATGAGGAACATCG_006,131
GGTTGGGATTCATGTCGTTG_001,53
TTCTCTGCTGAAGGTTCACA_001,85
TTCTCTGCTGAAGGTTCACA_002,61
AAGTCCACCGGTCATGCATG_001,111
AAGTCCACCGGTCATGCATG_002,22
AAGTCCACCGGTCATGCATG_003,103
AAGTCCACCGGTCATGCATG_004,44
AAGTCCACCGGTCATGCATG_005,66
AAGTCCACCGGTCATGCATG_006,113
AAGTCCACCGGTCATGCATG_007,17
AAGTCCACCGGTCATGCATG_008,44
AAGTCCACCGGTCATGCATG_009,103
AAGTCCACCGGTCATGCATG_010,117
AAGTCCACCGGTCATGCATG_011,28
AAGTCCACCGGTCATGCATG_012,41
AAGTCCACCGGTCATGCATG_013,170
AAGTCCACCGGTCATGCATG_014,28
AAGTCCACCGGTCATGCATG_015,77
AAGTCCACCGGTCATGCATG_016,78
AAGTCCACCGGTCATGCATG_017,127
AAGTCCACCGGTCATGCATG_018,52
AAGTCCACCGGTCATGCATG_019,30
AAGTCCACCGGTCATGCATG_020,136
AAGTCCACCGGTCATGCATG_021,120
AAGTCCACCGGTCATGCATG_022,46
ACGACGAGGAGTTTGAGTAT_001,58
ACGACGAGGAGTTTGAGTAT_002,19
ACGACGAGGAGTTTGAGTAT_003,27
ACGACGAGGAGTTTGAGTAT_004,41
ACGACGAGGAGTTTGAGTAT_005,56
ACGACGAGGAGTTTGAGTAT_006,137
ACGACGAGGAGTTTGAGTAT_007,116
ACGACGAGGAGTTTGAGTAT_008,68
ACGACGAGGAGTTTGAGTAT_009,90
ACGACGAGGAGTTTGAGTAT_010,170
ACGACGAGGAGTTTGAGTAT_011,146
ACGACGAGGAGTTTGAGTAT_012,193
ACGACGAGGAGTTTGAGTAT_013,46
ACGACGAGGAGTTTGAGTAT_014,182
ACGACGAGGAGTTTGAGTAT_015,106
ACGACGAGGAGTTTGAGTAT_016,97
ACGACGAGGAGTTTGAGTAT_017,55
TGGCAAGTATCTTGGTGGAA_001,185
TGGCAAGTATCTTGGTGGAA_002,139
GTCCACCATCTCAGCCTGTG_001,191
GTCCACCATCTCAGCCTGTG_002,193
GTCCACCATCTCAGCCTGTG_003,156
GTCCACCATCTCAGCCTGTG_004,113
GTCCACCATCTCAGCCTGTG_005,50
GTCCACCATCTCAGCCTGTG_006,116
GTCCACCATCTCAGCCTGTG_007,170
GTCCACCATCTCAGCCTGTG_008,113
GTCCACCATCTCAGCCTGTG_009,158
GTCCACCATCTCAGCCTGTG_010,141
GTCCACCATCTCAGCCTGTG_011,172
GTCCACCATCTCAGCCTGTG_012,41
GTCCACCATCTCAGCCTGTG_013,134
GTCCACCATCTCAGCCTGTG_014,156
GTCCACCATCTCAGCCTGTG_015,158
GTCCACCATCTCAGCCTGTG_016,18
GTCCACCATCTCAGCCTGTG_017,166
GTCCACCATCTCAGCCTGTG_018,115
GTCCACCATCTCAGCCTGTG_019,198
GTCCACCATCTCAGCCTGTG_020,185
GTCCACCATCTCAGCCTGTG_021,170
GTCCACCATCTCAGCCTGTG_022,106
GGGCTGCCATGGGAATCGGG_001,11
GGGCTGCCATGGGAATCGGG_002,117
GGGCTGCCATGGGAATCGGG_003,17
GGGCTGCCATGGGAATCGGG_004,146
GGGCTGCCATGGGAATCGGG_005,78
GGGCTGCCATGGGAATCGGG_006,168
GGGCTGCCATGGGAATCGGG_007,169
GGGCTGCCATGGGAATCGGG_008,84
GGGCTGCCATGGGAATCGGG_009,75
GGGCTGCCATGGGAATCGGG_010,155
GGGCTGCCATGGGAATCGGG_011,72
GGGCTGCCATGGGAATCGGG_012,39
CCCCAAAGGATGGAGTCACA_001,48
CCCCAAAGGATGGAGTCACA_002,191
CCCCAAAGGATGGAGTCACA_003,107
CCCCAAAGGATGGAGTCACA_004,53
CCCCAAAGGATGGAGTCACA_005,187
CCCCAAAGGATGGAGTCACA_006,12
CCCCAAAGGATGGAGTCACA_007,127
CCCCAAAGGATGGAGTCACA_008,61
CCCCAAAGGATGGAGTCACA_009,61
CCCCAAAGGATGGAGTCACA_010,58
CCCCAAAGGATGGAGTCACA_011,98
CCCCAAAGGATGGAGTCACA_012,163
CCCCAAAGGATGGAGTCACA_013,174
CCCCAAAGGATGGAGTCACA_014,11
CCCCAAAGGATGGAGTCACA_015,68
CCCCAAAGGATGGAGTCACA_016,144
CCCCAAAGGATGGAGTCACA_017,115
GGCATATTGTCTGAGTCAGT_001,188
GGCATATTGTCTGAGTCAGT_002,148
GGCATATTGTCTGAGTCAGT_003,15
GGCATATTGTCTGAGTCAGT_004,61
GGCATATTGTCTGAGTCAGT_005,162
GGCATATTGTCTGAGTCAGT_006,3
GGCATATTGTCTGAGTCAGT_007,134
GGCATATTGTCTGAGTCAGT_008,63
GGCATATTGTCTGAGTCAGT_009,77
TTGATGGTAGGATCGTATCA_001,62
TTGATGGTAGGATCGTATCA_002,10
TTGATGGTAGGATCGTATCA_003,162
TTGATGGTAGGATCGTATCA_004,1
TTGATGGTAGGATCGTATCA_005,105
TTGATGGTAGGATCGTATCA_006,169
TTGATGGTAGGATCGTATCA_007,62
TTGATGGTAGGATCGTATCA_008,88
TTGATGGTAGGATCGTATCA_009,20
TTGATGGTAGGATCGTATCA_010,188
TTGATGGTAGGATCGTATCA_011,112
TTGATGGTAGGATCGTATCA_012,59
CTTGACGGACAGTACCGCAG_001,160
CTTGACGGACAGTACCGCAG_002,194
CTTGACGGACAGTACCGCAG_003,117
GACTAAGAGGCCCGTCAGGG_001,49
GACTAAGAGGCCCGTCAGGG_002,121
GACTAAGAGGCCCGTCAGGG_003,41
GACTAAGAGGCCCGTCAGGG_004,102
GACTAAGAGGCCCGTCAGGG_005,102
GACTAAGAGGCCCGTCAGGG_006,175
GACTAAGAGGCCCGTCAGGG_007,173
GACTAAGAGGCCCGTCAGGG_008,173
GACTAAGAGGCCCGTCAGGG_009,53
GACTAAGAGGCCCGTCAGGG_010,88
GACTAAGAGGCCCGTCAGGG_011,82
GACTAAGAGGCCCGTCAGGG_012,82
GACTAAGAGGCCCGTCAGGG_013,8
GACTAAGAGGCCCGTCAGGG_014,9
GACTAAGAGGCCCGTCAGGG_015,67
GACTAAGAGGCCCGTCAGGG_016,158
GACTAAGAGGCCCGTCAGGG_017,106
GACTAAGAGGCCCGTCAGGG_018,10
GACTAAGAGGCCCGTCAGGG_019,78
GACTAAGAGGCCCGTCAGGG_020,9
GACTAAGAGGCCCGTCAGGG_021,27
GACTAAGAGGCCCGTCAGGG_022,38
GACTAAGAGGCCCGTCAGGG_023,8
GACTAAGAGGCCCGTCAGGG_024,13
GACTAAGAGGCCCGTCAGGG_025,86
ACCCTGAGCCACTCCAATCG_001,101
ACCCTGAGCCACTCCAATCG_002,150
ACCCTGAGCCACTCCAATCG_003,178
ACCCTGAGCCACTCCAATCG_004,121
ACCCTGAGCCACTCCAATCG_005,129
ACCCTGAGCCACTCCAATCG_006,62
ACCCTGAGCCACTCCAATCG_007,166
ACCCTGAGCCACTCCAATCG_008,199
ACCCTGAGCCACTCCAATCG_009,43
ACCCTGAGCCACTCCAATCG_010,125
AGGCCACATCCATATGACAT_001,29
AGGCCACATCCATATGACAT_002,34
AGGCCACATCCATATGACAT_003,91
CGCACGCCCTACCTTGTACG_001,34
CGCACGCCCTACCTTGTACG_002,20
CGCACGCCCTACCTTGTACG_003,84
CGCACGCCCTACCTTGTACG_004,175
CGCACGCCCTACCTTGTACG_005,88
TTGTAGCCCTGACTATAATG_001,70
AAGATTGGTACAAAAATCAG_001,179
AAGATTGGTACAAAAATCAG_002,43
AAGATTGGTACAAAAATCAG_003,193
AAGATTGGTACAAAAATCAG_004,15
AAGATTGGTACAAAAATCAG_005,158
AAGATTGGTACAAAAATCAG_006,41
AAGATTGGTACAAAAATCAG_007,118
TGACTTTGACAACAACGGCA_001,119
TGACTTTGACAACAACGGCA_002,192
TGACTTTGACAACAACGGCA_003,169
TGACTTTGACAACAACGGCA_004,78
TGACTTTGACAACAACGGCA_005,118
TGACTTTGACAACAACGGCA_006,43
TGACTTTGACAACAACGGCA_007,24
TGACTTTGACAACAACGGCA_008,130
TGACTTTGACAACAACGGCA_009,80
TGACTTTGACAACAACGGCA_010,31
TGACTTTGACAACAACGGCA_011,139
TCTGGTTTGCAGACTCTCGG_001,29
TCTGGTTTGCAGACTCTCGG_002,162
TCTGGTTTGCAGACTCTCGG_003,133
TCTGGTTTGCAGACTCTCGG_004,145
TCTGGTTTGCAGACTCTCGG_005,88
TCTGGTTTGCAGACTCTCGG_006,94
TCTGGTTTGCAGACTCTCGG_007,185
TCTGGTTTGCAGACTCTCGG_008,34
TCTGGTTTGCAGACTCTCGG_009,68
TCTGGTTTGCAGACTCTCGG_010,157
AGCAACTGGACGCTCATCCA_001,114
AGCAACTGGACGCTCATCCA_002,198
AGCAACTGGACGCTCATCCA_003,127
AGCAACTGGACGCTCATCCA_004,65
AGCAACTGGACGCTCATCCA_005,134
AGCAACTGGACGCTCATCCA_006,154
AGCAACTGGACGCTCATCCA_007,26
AGCAACTGGACGCTCATCCA_008,79
AGCAACTGGACGCTCATCCA_009,154
AGCAACTGGACGCTCATCCA_010,172
AGCAACTGGACGCTCATCCA_011,62
AGCAACTGGACGCTCATCCA_012,0
AGCAACTGGACGCTCATCCA_013,132
AGCAACTGGACGCTCATCCA_014,147
AGCAACTGGACGCTCATCCA_015,69
AGCAACTGGACGCTCATCCA_016,197
AGCAACTGGACGCTCATCCA_017,61
AGCAACTGGACGCTCATCCA_018,107
AGCAACTGGACGCTCATCCA_019,141
AGCAACTGGACGCTCATCCA_020,185
AGCAACTGGACGCTCATCCA_021,116
AGCAACTGGACGCTCATCCA_022,83
AGCAACTGGACGCTCATCCA_023,21
AGCAACTGGACGCTCATCCA_024,188
AGCAACTGGACGCTCATCCA_025,47
AGCAACTGGACGCTCATCCA_026,23
AGCAACTGGACGCTCATCCA_027,115
AGCAACTGGACGCTCATCCA_028,184
AGCTGCGCACGACCTTGCAG_001,57
AGCTGCGCACGACCTTGCAG_002,163
AGCTGCGCACGACCTTGCAG_003,182
AGCTGCGCACGACCTTGCAG_004,53
AGCTGCGCACGACCTTGCAG_005,91
AGCTGCGCACGACCTTGCAG_006,8
AGCTGCGCACGACCTTGCAG_007,43
AGCTGCGCACGACCTTGCAG_008,183
AGCTGCGCACGACCTTGCAG_009,16
AGCTGCGCACGACCTTGCAG_010,45
AGCTGCGCACGACCTTGCAG_011,21
AGCTGCGCACGACCTTGCAG_012,6
AGCTGCGCACGACCTTGCAG_013,47
GTGTTCCTTAAAATGTGACG_001,149
TACCTGGCCATGAACAAGAG_001,159
TACCTGGCCATGAACAAGAG_002,172
TACCTGGCCATGAACAAGAG_003,77
TACCTGGCCATGAACAAGAG_004,156
TACCTGGCCATGAACAAGAG_005,88
TACCTGGCCATGAACAAGAG_006,199
TACCTGGCCATGAACAAGAG_007,180
TATGTGAAACACTTCCGTAG_001,170
TATGTGAAACACTTCCGTAG_002,148
TATGTGAAACACTTCCGTAG_003,88
TTCCCGGATCAGATGCGTAG_001,54
TTCCCGGATCAGATGCGTAG_002,124
TTCCCGGATCAGATGCGTAG_003,122
TTCCCGGATCAGATGCGTAG_004,190
TTCCCGGATCAGATGCGTAG_005,50
TTCCCGGATCAGATGCGTAG_006,192
TTCCCGGATCAGATGCGTAG_007,17
TTCCCGGATCAGATGCGTAG_008,101
TTCCCGGATCAGATGCGTAG_009,34
TTCCCGGATCAGATGCGTAG_010,138
AAGAGGAGCTTGTTGCAAGA_001,38
AAGAGGAGCTTGTTGCAAGA_002,168
AAGAGGAGCTTGTTGCAAGA_003,56
AAGAGGAGCTTGTTGCAAGA_004,184
AAGAGGAGCTTGTTGCAAGA_005,61
AAGAGGAGCTTGTTGCAAGA_006,171
AAGAGGAGCTTGTTGCAAGA_007,72
AAGAGGAGCTTGTTGCAAGA_008,34
AAGAGGAGCTTGTTGCAAGA_009,72
AAGAGGAGCTTGTTGCAAGA_010,121
AAGAGGAGCTTGTTGCAAGA_011,144
AAGAGGAGCTTGTTGCAAGA_012,50
AAGAGGAGCTTGTTGCAAGA_013,150
AAGAGGAGCTTGTTGCAAGA_014,170
AGAGATCATAGTTTATGACT_001,57
AGAGATCATAGTTTATGACT_002,49
AGAGATCATAGTTTATGACT_003,84
AACCTACCACATGAATACCA_001,31
AACCTACCACATGAATACCA_002,97
AACCTACCACATGAATACCA_003,73
AACCTACCACATGAATACCA_004,157
AACCTACCACATGAATACCA_005,133
AACCTACCACATGAATACCA_006,82
AACCTACCACATGAATACCA_007,120
AACCTACCACATGAATACCA_008,89
AACCTACCACATGAATACCA_009,101
AACCTACCACATGAATACCA_010,29
AACCTACCACATGAATACCA_011,179
AACCTACCACATGAATACCA_012,20
AACCTACCACATGAATACCA_013,95
GCGTAGAAGTATCAATCAGC_001,137
GCGTAGAAGTATCAATCAGC_002,43
GCGTAGAAGTATCAATCAGC_003,82
GCGTAGAAGTATCAATCAGC_004,185
GCGTAGAAGTATCAATCAGC_005,119
GCGTAGAAGTATCAATCAGC_006,106
GCGTAGAAGTATCAATCAGC_007,154
GCGTAGAAGTATCAATCAGC_008,11
GCGTAGAAGTATCAATCAGC_009,168
TGCTCCACTACGTACCTGCG_001,60
TGCTCCACTACGTACCTGCG_002,78
TGCTCCACTACGTACCTGCG_003,92
TGCTCCACTACGTACCTGCG_004,198
TGCTCCACTACGTACCTGCG_005,56
TGCTCCACTACGTACCTGCG_006,170
TGCTCCACTACGTACCTGCG_007,125
TGCTCCACTACGTACCTGCG_008,12
TGCTCCACTACGTACCTGCG_009,90
TGCTCCACTACGTACCTGCG_010,22
TGCTCCACTACGTACCTGCG_011,187
TGCTCCACTACGTACCTGCG_012,198
TGCTCCACTACGTACCTGCG_013,16
TGCTCCACTACGTACCTGCG_014,126
TGCTCCACTACGTACCTGCG_015,88
TGCTCCACTACGTACCTGCG_016,115
TGCTCCACTACGTACCTGCG_017,181
TGCTCCACTACGTACCTGCG_018,186
TGCTCCACTACGTACCTGCG_019,182
TGCTCCACTACGTACCTGCG_020,130
TGCTCCACTACGTACCTGCG_021,144
CTGTACCACTGTCATGCGAT_001,105
CTGTACCACTGTCATGCGAT_002,27
CTGTACCACTGTCATGCGAT_003,175
GGTCTCCAAGTACAACTGAG_001,145
GGTCTCCAAGTACAACTGAG_002,146
GGTCTCCAAGTACAACTGAG_003,31
GGTCTCCAAGTACAACTGAG_004,65
GGTCTCCAAGTACAACTGAG_005,9
GGTCTCCAAGTACAACTGAG_006,65
GGTCTCCAAGTACAACTGAG_007,65
GGTCTCCAAGTACAACTGAG_008,146
GGTCTCCAAGTACAACTGAG_009,41
GGTCTCCAAGTACAACTGAG_010,146
GGTCTCCAAGTACAACTGAG_011,25
GGTCTCCAAGTACAACTGAG_012,199
AGAGGAGGATGATCCTGAGC_001,141
AGAGGAGGATGATCCTGAGC_002,12
AGAGGAGGATGATCCTGAGC_003,1
AGAGGAGGATGATCCTGAGC_004,76
AGAGGAGGATGATCCTGAGC_005,18
ATTTCTGCTGGGATCGCAAG_001,76
ATTTCTGCTGGGATCGCAAG_002,149
ATTTCTGCTGGGATCGCAAG_003,138
ATTTCTGCTGGGATCGCAAG_004,61
ATTTCTGCTGGGATCGCAAG_005,71
ATTTCTGCTGGGATCGCAAG_006,123
ATTTCTGCTGGGATCGCAAG_007,83
ATTTCTGCTGGGATCGCAAG_008,148
ATTTCTGCTGGGATCGCAAG_009,76
GACATGTTAGCCGCTAACAG_001,44
GACATGTTAGCCGCTAACAG_002,114
GACATGTTAGCCGCTAACAG_003,162
TGGCTCAGTAATGTACATCG_001,142
TGGCTCAGTAATGTACATCG_002,77
GGCCGCGCGCGGGGACACCG_001,185
GGCCGCGCGCGGGGACACCG_002,172
GGCCGCGCGCGGGGACACCG_003,4
GGCCGCGCGCGGGGACACCG_004,46
AATTTACACAGTTACTGTGG_001,151
GGCGTTGGCGCTTCTGACGG_001,1
GGCGTTGGCGCTTCTGACGG_002,161
GGCGTTGGCGCTTCTGACGG_003,23
GGCGTTGGCGCTTCTGACGG_004,187
GGCGTTGGCGCTTCTGACGG_005,72
GGCGTTGGCGCTTCTGACGG_006,113
GGCGTTGGCGCTTCTGACGG_007,162
GGCGTTGGCGCTTCTGACGG_008,137
TGGGGATGTATGCTACGCTG_001,20
TGGGGATGTATGCTACGCTG_002,62
TGGGGATGTATGCTACGCTG_003,199
TGGGGATGTATGCTACGCTG_004,88
TGGGGATGTATGCTACGCTG_005,104
TGGGGATGTATGCTACGCTG_006,185
TGGGGATGTATGCTACGCTG_007,48
TGGGGATGTATGCTACGCTG_008,68
TGGGGATGTATGCTACGCTG_009,150
TGGGGATGTATGCTACGCTG_010,63
TGGGGATGTATGCTACGCTG_011,124
CTCACTGTGATGGTTATTAG_001,162
CTCACTGTGATGGTTATTAG_002,138
CTCACTGTGATGGTTATTAG_003,29
CTCACTGTGATGGTTATTAG_004,80
CTCACTGTGATGGTTATTAG_005,36
CTCACTGTGATGGTTATTAG_006,172
CTCACTGTGATGGTTATTAG_007,15
CTCACTGTGATGGTTATTAG_008,82
CTCACTGTGATGGTTATTAG_009,72
CTCACTGTGATGGTTATTAG_010,67
CTGGATGCAGGGCCTTATCG_001,48
CTGGATGCAGGGCCTTATCG_002,150
CTGGATGCAGGGCCTTATCG_003,68
CTGGATGCAGGGCCTTATCG_004,48
CTGGATGCAGGGCCTTATCG_005,31
CTGGATGCAGGGCCTTATCG_006,25
CTGGATGCAGGGCCTTATCG_007,25
CTGGATGCAGGGCCTTATCG_008,107
CTGGATGCAGGGCCTTATCG_009,92
CTGGATGCAGGGCCTTATCG_010,24
CTGGATGCAGGGCCTTATCG_011,199
CTGGATGCAGGGCCTTATCG_012,19
CTGGATGCAGGGCCTTATCG_013,50
CTGGATGCAGGGCCTTATCG_014,160
CTGGATGCAGGGCCTTATCG_015,199
CTGGATGCAGGGCCTTATCG_016,5
CTGGATGCAGGGCCTTATCG_017,70
CTGGATGCAGGGCCTTATCG_018,147
CTGGATGCAGGGCCTTATCG_019,90
CTGGATGCAGGGCCTTATCG_020,10
AGCAACATATTTACACACTG_001,15
AGCAACATATTTACACACTG_002,4
AGCAACATATTTACACACTG_003,28
AGCAACATATTTACACACTG_004,169
AGCAACATATTTACACACTG_005,29
AGCAACATATTTACACACTG_006,156
AGCAACATATTTACACACTG_007,116
AGCAACATATTTACACACTG_008,148
AGCAACATATTTACACACTG_009,45
AGCAACATATTTACACACTG_010,8
AGCAACATATTTACACACTG_011,28
AGCAACATATTTACACACTG_012,86
ACCTAGCCAGTGATGGACCA_001,177
ACCTAGCCAGTGATGGACCA_002,103
ACCTAGCCAGTGATGGACCA_003,32
ACCTAGCCAGTGATGGACCA_004,53
ACCTAGCCAGTGATGGACCA_005,24
ACCTAGCCAGTGATGGACCA_006,47
ACCTAGCCAGTGATGGACCA_007,79
ACCTAGCCAGTGATGGACCA_008,92
ACCTAGCCAGTGATGGACCA_009,155
ACCTAGCCAGTGATGGACCA_010,15
ACCTAGCCAGTGATGGACCA_011,169
ACCTAGCCAGTGATGGACCA_012,138
ACCTAGCCAGTGATGGACCA_013,172
ACCTAGCCAGTGATGGACCA_014,138
ACCTAGCCAGTGATGGACCA_015,61
CCGGATGTAGGATCATGAGC_001,53
CCGGATGTAGGATCATGAGC_002,159
ACAGCCTTACCTCTGCGTCA_001,77
ACAGCCTTACCTCTGCGTCA_002,158
ACAGCCTTACCTCTGCGTCA_003,168
ACAGCCTTACCTCTGCGTCA_004,60
ACAGCCTTACCTCTGCGTCA_005,99
CGTTGCGCTAGCCCTGCTCG_001,140
CGTTGCGCTAGCCCTGCTCG_002,121
CGTTGCGCTAGCCCTGCTCG_003,174
CGTTGCGCTAGCCCTGCTCG_004,18
CGTTGCGCTAGCCCTGCTCG_005,88
GAAGCCTTTAATGACGGGGT_001,159
GAAGCCTTTAATGACGGGGT_002,46
GAAGCCTTTAATGACGGGGT_003,78
GAAGCCTTTAATGACGGGGT_004,70
GAAGCCTTTAATGACGGGGT_005,196
GAAGCCTTTAATGACGGGGT_006,83
GAAGCCTTTAATGACGGGGT_007,2
GAAGCCTTTAATGACGGGGT_008,2
GAAGCCTTTAATGACGGGGT_009,41
GAAGCCTTTAATGACGGGGT_010,43
GAAGCCTTTAATGACGGGGT_011,86
GAATTCTCAAGTGCGGTCTG_001,10
GAATTCTCAAGTGCGGTCTG_002,177
GAATTCTCAAGTGCGGTCTG_003,40
GAATTCTCAAGTGCGGTCTG_004,62
GAATTCTCAAGTGCGGTCTG_005,160
GAATTCTCAAGTGCGGTCTG_006,158
GAATTCTCAAGTGCGGTCTG_007,155
GAATTCTCAAGTGCGGTCTG_008,168
GAATTCTCAAGTGCGGTCTG_009,144
GAATTCTCAAGTGCGGTCTG_010,174
GAATTCTCAAGTGCGGTCTG_011,195
GAATTCTCAAGTGCGGTCTG_012,174
GAATTCTCAAGTGCGGTCTG_013,9
GAATTCTCAAGTGCGGTCTG_014,183
GAATTCTCAAGTGCGGTCTG_015,186
GAATTCTCAAGTGCGGTCTG_016,94
GAATTCTCAAGTGCGGTCTG_017,168
GAATTCTCAAGTGCGGTCTG_018,12
GAATTCTCAAGTGCGGTCTG_019,77
GCTATCGAGTGCTATAAACA_001,83
GCTATCGAGTGCTATAAACA_002,43
GCTATCGAGTGCTATAAACA_003,117
GCTATCGAGTGCTATAAACA_004,16
AATCAGTGAAACGTACAACC_001,27
AATCAGTGAAACGTACAACC_002,44
AATCAGTGAAACGTACAACC_003,55
AATCAGTGAAACGTACAACC_004,16
AATCAGTGAAACGTACAACC_005,86
AATCAGTGAAACGTACAACC_006,24
AATCAGTGAAACGTACAACC_007,181
AATCAGTGAAACGTACAACC_008,50
AATCAGTGAAACGTACAACC_009,198
AATCAGTGAAACGTACAACC_010,134
AATCAGTGAAACGTACAACC_011,19
AATCAGTGAAACGTACAACC_012,76
AATCAGTGAAACGTACAACC_013,6
AATCAGTGAAACGTACAACC_014,178
AATCAGTGAAACGTACAACC_015,115
AATCAGTGAAACGTACAACC_016,1
AATCAGTGAAACGTACAACC_017,60
AATCAGTGAAACGTACAACC_018,19
GGAACCGAAGGTTTCCGCCG_001,8
GGAACCGAAGGTTTCCGCCG_002,160
GGAACCGAAGGTTTCCGCCG_003,123
TGGGGCTCCACTGACGCCGA_001,117
TGGGGCTCCACTGACGCCGA_002,16
AAGTATTACCTCATGCCGTA_001,191
AAGTATTACCTCATGCCGTA_002,2
AAGTATTACCTCATGCCGTA_003,127
AAGTATTACCTCATGCCGTA_004,16
AAGTATTACCTCATGCCGTA_005,144
AAGTATTACCTCATGCCGTA_006,178
AAGTATTACCTCATGCCGTA_007,111
AAGTATTACCTCATGCCGTA_008,5
AAGTATTACCTCATGCCGTA_009,120
AAGTATTACCTCATGCCGTA_010,172
AAGTATTACCTCATGCCGTA_011,159
AAGTATTACCTCATGCCGTA_012,136
AAGTATTACCTCATGCCGTA_013,3
AAGTATTACCTCATGCCGTA_014,165
TAGTTACGTCATGAACGCTG_001,186
TAGTTACGTCATGAACGCTG_002,110
TAGTTACGTCATGAACGCTG_003,128
TAGTTACGTCATGAACGCTG_004,180
TAGTTACGTCATGAACGCTG_005,2
TAGTTACGTCATGAACGCTG_006,39
CCTTCAAGATCATGTCACAG_001,7
CCTTCAAGATCATGTCACAG_002,75
CCTTCAAGATCATGTCACAG_003,4
CCTTCAAGATCATGTCACAG_004,42
CCTTCAAGATCATGTCACAG_005,82
CCTTCAAGATCATGTCACAG_006,182
CCTTCAAGATCATGTCACAG_007,50
CCTTCAAGATCATGTCACAG_008,82
GCAGTCACAGTTATGATTGG_001,191
CTATCTGCTACTTTAACACC_001,108
CTATCTGCTACTTTAACACC_002,157
CTATCTGCTACTTTAACACC_003,81
CTATCTGCTACTTTAACACC_004,103
GATAACGCCTGCAACGACAT_001,162
GATAACGCCTGCAACGACAT_002,1
GATAACGCCTGCAACGACAT_003,197
GATAACGCCTGCAACGACAT_004,67
GATAACGCCTGCAACGACAT_005,146
GATAACGCCTGCAACGACAT_006,197
GATAACGCCTGCAACGACAT_007,180
GATAACGCCTGCAACGACAT_008,72
GATAACGCCTGCAACGACAT_009,176
GATAACGCCTGCAACGACAT_010,86
GATAACGCCTGCAACGACAT_011,144
GATAACGCCTGCAACGACAT_012,43
GATAACGCCTGCAACGACAT_013,11
GATAACGCCTGCAACGACAT_014,51
GATAACGCCTGCAACGACAT_015,147
GATAACGCCTGCAACGACAT_016,113
GATAACGCCTGCAACGACAT_017,15
GTTGGGTAGAGCAGCTGGAG_001,9
GTTGGGTAGAGCAGCTGGAG_002,148
GTTGGGTAGAGCAGCTGGAG_003,74
GTTGGGTAGAGCAGCTGGAG_004,9
GTTGGGTAGAGCAGCTGGAG_005,108
AAACCTGGACACGTTTACCC_001,44
AAACCTGGACACGTTTACCC_002,50
ACAGCTTCGTCGGGACAAGA_001,83
ACAGCTTCGTCGGGACAAGA_002,1
ACAGCTTCGTCGGGACAAGA_003,78
ACAGCTTCGTCGGGACAAGA_004,116
ACAGCTTCGTCGGGACAAGA_005,71
ACAGCTTCGTCGGGACAAGA_006,56
ACAGCTTCGTCGGGACAAGA_007,91
ACAGCTTCGTCGGGACAAGA_008,84
ACAGCTTCGTCGGGACAAGA_009,193
ACAGCTTCGTCGGGACAAGA_010,113
ACAGCTTCGTCGGGACAAGA_011,61
ACAGCTTCGTCGGGACAAGA_012,190
ACAGCTTCGTCGGGACAAGA_013,36
ACAGCTTCGTCGGGACAAGA_014,115
ACAGCTTCGTCGGGACAAGA_015,198
ACAGCTTCGTCGGGACAAGA_016,49
ACAGCTTCGTCGGGACAAGA_017,9
ACAGCTTCGTCGGGACAAGA_018,52
ACAGCTTCGTCGGGACAAGA_019,9
ACAGCTTCGTCGGGACAAGA_020,94
ACAGCTTCGTCGGGACAAGA_021,28
ACAGCTTCGTCGGGACAAGA_022,138
ACAGCTTCGTCGGGACAAGA_023,46
CTGTCTTCTACACTACCGTG_001,78
CTGTCTTCTACACTACCGTG_002,43
CTGTCTTCTACACTACCGTG_003,63
CTGTCTTCTACACTACCGTG_004,1
CTGTCTTCTACACTACCGTG_005,93
GACACACAACACCTCCGCAG_001,115
GACACACAACACCTCCGCAG_002,197
GACACACAACACCTCCGCAG_003,49
GACACACAACACCTCCGCAG_004,72
GACACACAACACCTCCGCAG_005,5
GACACACAACACCTCCGCAG_006,20
GACACACAACACCTCCGCAG_007,126
AGACACCTCAGCCAACGAGA_001,68
AGACACCTCAGCCAACGAGA_002,84
AGACACCTCAGCCAACGAGA_003,49
AGACACCTCAGCCAACGAGA_004,42
AGACACCTCAGCCAACGAGA_005,34
AGACACCTCAGCCAACGAGA_006,75
AGACACCTCAGCCAACGAGA_007,94
AGACACCTCAGCCAACGAGA_008,165
AGACACCTCAGCCAACGAGA_009,6
AGACACCTCAGCCAACGAGA_010,100
AGACACCTCAGCCAACGAGA_011,190
AGACACCTCAGCCAACGAGA_012,127
AGACACCTCAGCCAACGAGA_013,54
AGACACCTCAGCCAACGAGA_014,160
AGACACCTCAGCCAACGAGA_015,2
AGACACCTCAGCCAACGAGA_016,98
AGACACCTCAGCCAACGAGA_017,18
AGACACCTCAGCCAACGAGA_018,170
AGACACCTCAGCCAACGAGA_019,63
AGACACCTCAGCCAACGAGA_020,127
AGACACCTCAGCCAACGAGA_021,121
ATATCCATGGCTTCCAACGG_001,160
ATATCCATGGCTTCCAACGG_002,43
ATATCCATGGCTTCCAACGG_003,129
ATATCCATGGCTTCCAACGG_004,119
ATATCCATGGCTTCCAACGG_005,61
ATATCCATGGCTTCCAACGG_006,172
ATATCCATGGCTTCCAACGG_007,76
ATATCCATGGCTTCCAACGG_008,35
ATATCCATGGCTTCCAACGG_009,26
ATATCCATGGCTTCCAACGG_010,3
ATATCCATGGCTTCCAACGG_011,37
ACACGGACTAGGCTGCACTG_001,27
ACACGGACTAGGCTGCACTG_002,148
ACACGGACTAGGCTGCACTG_003,132
ACACGGACTAGGCTGCACTG_004,88
ACACGGACTAGGCTGCACTG_005,184
ACACGGACTAGGCTGCACTG_006,94
ACACGGACTAGGCTGCACTG_007,150
ACACGGACTAGGCTGCACTG_008,45
ACACGGACTAGGCTGCACTG_009,141
ACACGGACTAGGCTGCACTG_010,88
ACACGGACTAGGCTGCACTG_011,188
ACACGGACTAGGCTGCACTG_012,12
ACACGGACTAGGCTGCACTG_013,188
ACACGGACTAGGCTGCACTG_014,105
ACACGGACTAGGCTGCACTG_015,177
ACACGGACTAGGCTGCACTG_016,169
ACACGGACTAGGCTGCACTG_017,81
ACACGGACTAGGCTGCACTG_018,49
ACACGGACTAGGCTGCACTG_019,177
ACACGGACTAGGCTGCACTG_020,91
ACACGGACTAGGCTGCACTG_021,103
ACACGGACTAGGCTGCACTG_022,142
ACACGGACTAGGCTGCACTG_023,70
ACACGGACTAGGCTGCACTG_024,58
ACACGGACTAGGCTGCACTG_025,70
ACACGGACTAGGCTGCACTG_026,18
ACACGGACTAGGCTGCACTG_027,145
CTGGGACCCATGTACCCGCG_001,101
CTGGGACCCATGTACCCGCG_002,15
CTGGGACCCATGTACCCGCG_003,82
CTGGGACCCATGTACCCGCG_004,9
CTGGGACCCATGTACCCGCG_005,149
CTGGGACCCATGTACCCGCG_006,24
CTGGGACCCATGTACCCGCG_007,10
CTGGGACCCATGTACCCGCG_008,150
GCCCCGTACCTCAATAGCAA_001,88
GCCCCGTACCTCAATAGCAA_002,78
GCCCCGTACCTCAATAGCAA_003,113
GCCCCGTACCTCAATAGCAA_004,158
GCCCCGTACCTCAATAGCAA_005,62
GCCCCGTACCTCAATAGCAA_006,146
GCCCCGTACCTCAATAGCAA_007,150
GCCCCGTACCTCAATAGCAA_008,43
GCCCCGTACCTCAATAGCAA_009,28
GCCCCGTACCTCAATAGCAA_010,17
GCCCCGTACCTCAATAGCAA_011,34
GCCCCGTACCTCAATAGCAA_012,172
GAACGCTTCAGCCCAATTCG_001,152
GAACGCTTCAGCCCAATTCG_002,189
GAACGCTTCAGCCCAATTCG_003,177
GAACGCTTCAGCCCAATTCG_004,191
GAACGCTTCAGCCCAATTCG_005,51
GAAAGCCCAGAAACTCCAAG_001,62
GAAAGCCCAGAAACTCCAAG_002,115
GAAAGCCCAGAAACTCCAAG_003,108
GAAAGCCCAGAAACTCCAAG_004,89
GAAAGCCCAGAAACTCCAAG_005,104
GAAAGCCCAGAAACTCCAAG_006,177
GAAAGCCCAGAAACTCCAAG_007,8
GGCAGGTATAGGGCGCGGCA_001,113
GGCAGGTATAGGGCGCGGCA_002,86
GGCAGGTATAGGGCGCGGCA_003,10
GGCAGGTATAGGGCGCGGCA_004,142
GGCAGGTATAGGGCGCGGCA_005,147
ACAAACTTCACACCGCCAGG_001,184
ACAAACTTCACACCGCCAGG_002,58
ACAAACTTCACACCGCCAGG_003,146
ACAAACTTCACACCGCCAGG_004,171
ACAAACTTCACACCGCCAGG_005,16
ACAAACTTCACACCGCCAGG_006,98
CCCCAGGAAATCATCCACAA_001,84
CCCCAGGAAATCATCCACAA_002,105
CCCCAGGAAATCATCCACAA_003,69
CCCCAGGAAATCATCCACAA_004,80
CCCCAGGAAATCATCCACAA_005,36
CCCCAGGAAATCATCCACAA_006,9
CCCCAGGAAATCATCCACAA_007,2
CCCCAGGAAATCATCCACAA_008,140
CCCCAGGAAATCATCCACAA_009,127
CCCCAGGAAATCATCCACAA_010,127
CCCCAGGAAATCATCCACAA_011,84
CCCCAGGAAATCATCCACAA_012,94
CCCCAGGAAATCATCCACAA_013,85
CCCCAGGAAATCATCCACAA_014,148
CCCCAGGAAATCATCCACAA_015,77
CCCCAGGAAATCATCCACAA_016,112
TATCACAAGCAGATCATGGG_001,197
TATCACAAGCAGATCATGGG_002,38
TATCACAAGCAGATCATGGG_003,91
TATCACAAGCAGATCATGGG_004,43
TATCACAAGCAGATCATGGG_005,1
TATCACAAGCAGATCATGGG_006,56
TATCACAAGCAGATCATGGG_007,70
TATCACAAGCAGATCATGGG_008,113
TATCACAAGCAGATCATGGG_009,63
TATCACAAGCAGATCATGGG_010,35
TGAGGTGCAGATGTCGGTCA_001,137
TGAGGTGCAGATGTCGGTCA_002,58
TGAGGTGCAGATGTCGGTCA_003,189
TGAGGTGCAGATGTCGGTCA_004,97
AGTCGATTAGGAGCCCATGA_001,120
AGTCGATTAGGAGCCCATGA_002,85
AGTCGATTAGGAGCCCATGA_003,107
AGTCGATTAGGAGCCCATGA_004,130
AGTCGATTAGGAGCCCATGA_005,82
AGTCGATTAGGAGCCCATGA_006,177
AGTCGATTAGGAGCCCATGA_007,0
AGTCGATTAGGAGCCCATGA_008,121
AGTCGATTAGGAGCCCATGA_009,56
AGTCGATTAGGAGCCCATGA_010,68
AGTCGATTAGGAGCCCATGA_011,7
AGTCGATTAGGAGCCCATGA_012,88
AGTCGATTAGGAGCCCATGA_013,61
AGTCGATTAGGAGCCCATGA_014,22
AGTCGATTAGGAGCCCATGA_015,196
AGTCGATTAGGAGCCCATGA_016,38
AGTCGATTAGGAGCCCATGA_017,24
AGTCGATTAGGAGCCCATGA_018,17
AGTCGATTAGGAGCCCATGA_019,131
AGTCGATTAGGAGCCCATGA_020,115
AGTCGATTAGGAGCCCATGA_021,56
AGTCGATTAGGAGCCCATGA_022,126
AGTCGATTAGGAGCCCATGA_023,125
GGCCAGAGTCTGTCTTACAG_001,1
GGCCAGAGTCTGTCTTACAG_002,75
GGCCAGAGTCTGTCTTACAG_003,88
GGCCAGAGTCTGTCTTACAG_004,162
GTGCACATACCTCACGATCA_001,105
GTGCACATACCTCACGATCA_002,152
GTGCACATACCTCACGATCA_003,150
GTGCACATACCTCACGATCA_004,172
GTGCACATACCTCACGATCA_005,187
GTGCACATACCTCACGATCA_006,120
GTGCACATACCTCACGATCA_007,185
GTGCACATACCTCACGATCA_008,150
GTGCACATACCTCACGATCA_009,27
GTGCACATACCTCACGATCA_010,147
GTGCACATACCTCACGATCA_011,138
GTGCACATACCTCACGATCA_012,152
GTGCACATACCTCACGATCA_013,118
GTGCACATACCTCACGATCA_014,147
GTGCACATACCTCACGATCA_015,61
ATGCAGTCAACAACACAGAG_001,83
ATGCAGTCAACAACACAGAG_002,89
ATGCAGTCAACAACACAGAG_003,2
ATGCAGTCAACAACACAGAG_004,130
ATGCAGTCAACAACACAGAG_005,83
ATGCAGTCAACAACACAGAG_006,2
ATGCAGTCAACAACACAGAG_007,29
ATGCAGTCAACAACACAGAG_008,127
ATGCAGTCAACAACACAGAG_009,9
ATGCAGTCAACAACACAGAG_010,50
ATGCAGTCAACAACACAGAG_011,169
ATGCAGTCAACAACACAGAG_012,157
ATGCAGTCAACAACACAGAG_013,52
ATGCAGTCAACAACACAGAG_014,26
ATGCAGTCAACAACACAGAG_015,76
ATGCAGTCAACAACACAGAG_016,127
ATGCAGTCAACAACACAGAG_017,58
ATGCAGTCAACAACACAGAG_018,128
ATGCAGTCAACAACACAGAG_019,19
ATGCAGTCAACAACACAGAG_020,21
ATGCAGTCAACAACACAGAG_021,147
ATGCAGTCAACAACACAGAG_022,169
ATGCAGTCAACAACACAGAG_023,15
ATGCAGTCAACAACACAGAG_024,117
ATGCAGTCAACAACACAGAG_025,30
ATGCAGTCAACAACACAGAG_026,88
ATGCAGTCAACAACACAGAG_027,22
ATGCAGTCAACAACACAGAG_028,83
ATGCAGTCAACAACACAGAG_029,129
ATGCAGTCAACAACACAGAG_030,151
ATGCAGTCAACAACACAGAG_031,2
ATGCAGTCAACAACACAGAG_032,168
ATGCAGTCAACAACACAGAG_033,124
ATGCAGTCAACAACACAGAG_034,184
ATGCAGTCAACAACACAGAG_035,52
ATGCAGTCAACAACACAGAG_036,19
ATGCAGTCAACAACACAGAG_037,166
ATGCAGTCAACAACACAGAG_038,8
ATGCAGTCAACAACACAGAG_039,72
ATGCAGTCAACAACACAGAG_040,108
ATGCAGTCAACAACACAGAG_041,56
ATGCAGTCAACAACACAGAG_042,90
ATGCAGTCAACAACACAGAG_043,177
AGCTGCAGTACTTACAACAC_001,150
AGCTGCAGTACTTACAACAC_002,34
CACCGCGGCCAGATAGACCG_001,29
CACCGCGGCCAGATAGACCG_002,149
CACCGCGGCCAGATAGACCG_003,1
CACCGCGGCCAGATAGACCG_004,28
CACCGCGGCCAGATAGACCG_005,10
CACCGCGGCCAGATAGACCG_006,118
CACCGCGGCCAGATAGACCG_007,146
CACCGCGGCCAGATAGACCG_008,105
CACCGCGGCCAGATAGACCG_009,177
CACCGCGGCCAGATAGACCG_010,45
CACCGCGGCCAGATAGACCG_011,199
CACCGCGGCCAGATAGACCG_012,112
CACCGCGGCCAGATAGACCG_013,82
CACCGCGGCCAGATAGACCG_014,189
CACCGCGGCCAGATAGACCG_015,149
CACCGCGGCCAGATAGACCG_016,77
CACCGCGGCCAGATAGACCG_017,177
CACCGCGGCCAGATAGACCG_018,104
CACCGCGGCCAGATAGACCG_019,48
CACCGCGGCCAGATAGACCG_020,118
CACCGCGGCCAGATAGACCG_021,157
CACCGCGGCCAGATAGACCG_022,138
CACCGCGGCCAGATAGACCG_023,32
CACCGCGGCCAGATAGACCG_024,67
CACCGCGGCCAGATAGACCG_025,45
CACCGCGGCCAGATAGACCG_026,198
CACCGCGGCCAGATAGACCG_027,78
CACCGCGGCCAGATAGACCG_028,72
CACCGCGGCCAGATAGACCG_029,72
CACCGCGGCCAGATAGACCG_030,50
CACCGCGGCCAGATAGACCG_031,74
CACCGCGGCCAGATAGACCG_032,63
CCAATATTCACTTACTCTCA_001,49
CCAATATTCACTTACTCTCA_002,173
CCAATATTCACTTACTCTCA_003,173
CCAATATTCACTTACTCTCA_004,88
CCAATATTCACTTACTCTCA_005,136
CCAATATTCACTTACTCTCA_006,166
GGTGGGTCTTGACAAGGACA_001,122
GGTGGGTCTTGACAAGGACA_002,122
GGTGGGTCTTGACAAGGACA_003,118
GGTGGGTCTTGACAAGGACA_004,5
GGTGGGTCTTGACAAGGACA_005,75
GGTGGGTCTTGACAAGGACA_006,104
CAATCTAGGATTCTAAGCTG_001,110
CAATCTAGGATTCTAAGCTG_002,191
CAATCTAGGATTCTAAGCTG_003,34
CAATCTAGGATTCTAAGCTG_004,168
ACTCGTCGGCGAAGTCAGCG_001,34
ACTCGTCGGCGAAGTCAGCG_002,181
ACTCGTCGGCGAAGTCAGCG_003,161
ACTCGTCGGCGAAGTCAGCG_004,57
CTGCTTCATATACGGGCAGT_001,137
CTGCTTCATATACGGGCAGT_002,57
GCGTGCGTAGAACTTCATGC_001,162
GCGTGCGTAGAACTTCATGC_002,140
GCGTGCGTAGAACTTCATGC_003,138
GCGTGCGTAGAACTTCATGC_004,78
GCGTGCGTAGAACTTCATGC_005,50
GCGTGCGTAGAACTTCATGC_006,105
TCAAACTCATTACAGCGCAG_001,29
TCAAACTCATTACAGCGCAG_002,135
TCAAACTCATTACAGCGCAG_003,36
TCAAACTCATTACAGCGCAG_004,5
TCAAACTCATTACAGCGCAG_005,27
TCAAACTCATTACAGCGCAG_006,23
TCAAACTCATTACAGCGCAG_007,198
CATTCACCAGGACTTACGAT_001,176
CATTCACCAGGACTTACGAT_002,105
CATTCACCAGGACTTACGAT_003,140
CATTCACCAGGACTTACGAT_004,33
CATTCACCAGGACTTACGAT_005,62
CATTCACCAGGACTTACGAT_006,50
CATTCACCAGGACTTACGAT_007,169
CATTCACCAGGACTTACGAT_008,48
CATTCACCAGGACTTACGAT_009,44
CATTCACCAGGACTTACGAT_010,145
CATTCACCAGGACTTACGAT_011,44
CATTCACCAGGACTTACGAT_012,74
ACAAAGGTAACTTGTGCAGA_001,192
ACAAAGGTAACTTGTGCAGA_002,95
ACAAAGGTAACTTGTGCAGA_003,109
ACAAAGGTAACTTGTGCAGA_004,76
GAGACACAATGGCTCCAGGT_001,32
GAGACACAATGGCTCCAGGT_002,45
GAGACACAATGGCTCCAGGT_003,89
TAGCGGTAAAGGAGCCACTG_001,183
TAGCGGTAAAGGAGCCACTG_002,12
TAGCGGTAAAGGAGCCACTG_003,69
TAGCGGTAAAGGAGCCACTG_004,127
TAGCGGTAAAGGAGCCACTG_005,183
TAGCGGTAAAGGAGCCACTG_006,160
TAGCGGTAAAGGAGCCACTG_007,184
TAGCGGTAAAGGAGCCACTG_008,134
TAGCGGTAAAGGAGCCACTG_009,34
TAGCGGTAAAGGAGCCACTG_010,59
TAGCGGTAAAGGAGCCACTG_011,48
TAGCGGTAAAGGAGCCACTG_012,148
TAGCGGTAAAGGAGCCACTG_013,41
TAGCGGTAAAGGAGCCACTG_014,184
TAGCGGTAAAGGAGCCACTG_015,183
TAGCGGTAAAGGAGCCACTG_016,102
TAGCGGTAAAGGAGCCACTG_017,50
TAGCGGTAAAGGAGCCACTG_018,68
TAGCGGTAAAGGAGCCACTG_019,0
TAGCGGTAAAGGAGCCACTG_020,34
TAGCGGTAAAGGAGCCACTG_021,61
TAGCGGTAAAGGAGCCACTG_022,177
TAGCGGTAAAGGAGCCACTG_023,118
GGGTAGACCCTTGTATGTGG_001,88
GGGTAGACCCTTGTATGTGG_002,105
GGGTAGACCCTTGTATGTGG_003,9
GGGTAGACCCTTGTATGTGG_004,169
GGGTAGACCCTTGTATGTGG_005,104
GGGTAGACCCTTGTATGTGG_006,45
GGGTAGACCCTTGTATGTGG_007,169
GGGTAGACCCTTGTATGTGG_008,158
GGGTAGACCCTTGTATGTGG_009,194
CAGGCTTTACCAGCGGGCGT_001,47
CAGGCTTTACCAGCGGGCGT_002,60
CAGGCTTTACCAGCGGGCGT_003,135
CAGGCTTTACCAGCGGGCGT_004,15
GTCTCCAGCAGCTATAACAG_001,190
GTCTCCAGCAGCTATAACAG_002,185
GTCTCCAGCAGCTATAACAG_003,82
GTCTCCAGCAGCTATAACAG_004,155
GTCTCCAGCAGCTATAACAG_005,34
TGACTGGGTTTGGATTGTAG_001,166
TGACTGGGTTTGGATTGTAG_002,116
TGACTGGGTTTGGATTGTAG_003,40
TGACTGGGTTTGGATTGTAG_004,165
TGACTGGGTTTGGATTGTAG_005,104
TGACTGGGTTTGGATTGTAG_006,64
TGACTGGGTTTGGATTGTAG_007,80
TGACTGGGTTTGGATTGTAG_008,101
TGACTGGGTTTGGATTGTAG_009,198
TGACTGGGTTTGGATTGTAG_010,172
TGACTGGGTTTGGATTGTAG_011,140
TTTATATAGCTCCTCCCGAG_001,88
TTTATATAGCTCCTCCCGAG_002,7
TTTATATAGCTCCTCCCGAG_003,158
TTTATATAGCTCCTCCCGAG_004,174
TTTATATAGCTCCTCCCGAG_005,144
GATGGTGAATAAGCAGGCCT_001,161
GATGGTGAATAAGCAGGCCT_002,198
GATGGTGAATAAGCAGGCCT_003,26
AGATGAAAGTATCTTCTACG_001,106
CAGATGTAAACGAGTGTCGG_001,176
CAGATGTAAACGAGTGTCGG_002,24
CAGATGTAAACGAGTGTCGG_003,107
CAGATGTAAACGAGTGTCGG_004,103
CAGATGTAAACGAGTGTCGG_005,174
CAGATGTAAACGAGTGTCGG_006,46
CAGATGTAAACGAGTGTCGG_007,162
CAGATGTAAACGAGTGTCGG_008,3
CCGGCGGGGGACACTCGGTG_001,4
CCGGCGGGGGACACTCGGTG_002,151
CCGGCGGGGGACACTCGGTG_003,70
CCGGCGGGGGACACTCGGTG_004,73
CCGGCGGGGGACACTCGGTG_005,137
CCGGCGGGGGACACTCGGTG_006,74
CCGGCGGGGGACACTCGGTG_007,192
CCGGCGGGGGACACTCGGTG_008,117
CCGGCGGGGGACACTCGGTG_009,50
CCGGCGGGGGACACTCGGTG_010,55
CCGGCGGGGGACACTCGGTG_011,26
CCGGCGGGGGACACTCGGTG_012,78
CCGGCGGGGGACACTCGGTG_013,137
GAAATGCTGCCTGGTAACCG_001,88
GAAATGCTGCCTGGTAACCG_002,116
GAAATGCTGCCTGGTAACCG_003,162
GAAATGCTGCCTGGTAACCG_004,10
GAAATGCTGCCTGGTAACCG_005,62
GCAAGGACGCCGGACCGACA_001,117
GCAAGGACGCCGGACCGACA_002,173
GCAAGGACGCCGGACCGACA_003,57
GCAAGGACGCCGGACCGACA_004,141
GCAAGGACGCCGGACCGACA_005,6
GCAAGGACGCCGGACCGACA_006,97
GCAAGGACGCCGGACCGACA_007,95
GCAAGGACGCCGGACCGACA_008,41
GCAAGGACGCCGGACCGACA_009,41
GCAAGGACGCCGGACCGACA_010,1
GCAAGGACGCCGGACCGACA_011,51
GCAAGGACGCCGGACCGACA_012,10
GCAAGGACGCCGGACCGACA_013,77
GCAAGGACGCCGGACCGACA_014,62
GCAAGGACGCCGGACCGACA_015,144
GCGTCTTGGTCTAGGCCGAT_001,177
GCGTCTTGGTCTAGGCCGAT_002,88
GCGTCTTGGTCTAGGCCGAT_003,4
GCGTCTTGGTCTAGGCCGAT_004,121
GCGTCTTGGTCTAGGCCGAT_005,103
GCGTCTTGGTCTAGGCCGAT_006,10
GCGTCTTGGTCTAGGCCGAT_007,69
GCTCCTAAAGATCCGTTCTG_001,25
GCTCCTAAAGATCCGTTCTG_002,161
GCTCCTAAAGATCCGTTCTG_003,4
GCTCCTAAAGATCCGTTCTG_004,138
GCTCCTAAAGATCCGTTCTG_005,63
GCTCCTAAAGATCCGTTCTG_006,43
GCTCCTAAAGATCCGTTCTG_007,25
GCTCCTAAAGATCCGTTCTG_008,148
GCTCCTAAAGATCCGTTCTG_009,17
GCTCCTAAAGATCCGTTCTG_010,19
GCTCCTAAAGATCCGTTCTG_011,122
GCTCCTAAAGATCCGTTCTG_012,114
GCTCCTAAAGATCCGTTCTG_013,114
GCTCCTAAAGATCCGTTCTG_014,153
GCTCCTAAAGATCCGTTCTG_015,64
GCTCCTAAAGATCCGTTCTG_016,178
GCTCCTAAAGATCCGTTCTG_017,147
GCTCCTAAAGATCCGTTCTG_018,169
GCTCCTAAAGATCCGTTCTG_019,94
GCTCCTAAAGATCCGTTCTG_020,124
GCTCCTAAAGATCCGTTCTG_021,90
GCTCCTAAAGATCCGTTCTG_022,34
GCTCCTAAAGATCCGTTCTG_023,130
GCTCCTAAAGATCCGTTCTG_024,47
CTCAGTGCCGTGTTTCTGTG_001,146
CTCAGTGCCGTGTTTCTGTG_002,171
CTCAGTGCCGTGTTTCTGTG_003,146
CTCAGTGCCGTGTTTCTGTG_004,191
GGAAAGAGAAGACACTGCCA_001,106
GGAAAGAGAAGACACTGCCA_002,70
GGAAAGAGAAGACACTGCCA_003,127
GGAAAGAGAAGACACTGCCA_004,127
GGAAAGAGAAGACACTGCCA_005,48
GGAAAGAGAAGACACTGCCA_006,153
GGAAAGAGAAGACACTGCCA_007,139
GGAAAGAGAAGACACTGCCA_008,156
GGAAAGAGAAGACACTGCCA_009,124
GGAAAGAGAAGACACTGCCA_010,194
GGAAAGAGAAGACACTGCCA_011,192
GGAAAGAGAAGACACTGCCA_012,19
GGAAAGAGAAGACACTGCCA_013,17
GGAAAGAGAAGACACTGCCA_014,48
GGAAAGAGAAGACACTGCCA_015,172
GGAAAGAGAAGACACTGCCA_016,10
GGAAAGAGAAGACACTGCCA_017,197
GGAAAGAGAAGACACTGCCA_018,27
GGAAAGAGAAGACACTGCCA_019,153
GGAAAGAGAAGACACTGCCA_020,159
GGAAAGAGAAGACACTGCCA_021,27
ACTCGGAGGTACCGCCCGCG_001,163
ACTCGGAGGTACCGCCCGCG_002,84
ACTCGGAGGTACCGCCCGCG_003,121
ACTCGGAGGTACCGCCCGCG_004,154
ACTCGGAGGTACCGCCCGCG_005,56
ACTCGGAGGTACCGCCCGCG_006,181
ACTCGGAGGTACCGCCCGCG_007,181
ACTCGGAGGTACCGCCCGCG_008,59
ACTCGGAGGTACCGCCCGCG_009,121
ACTCGGAGGTACCGCCCGCG_010,148
ACTCGGAGGTACCGCCCGCG_011,30
ACTCGGAGGTACCGCCCGCG_012,170
ACTCGGAGGTACCGCCCGCG_013,61
ACTCGGAGGTACCGCCCGCG_014,2
ACTCGGAGGTACCGCCCGCG_015,114
ACTCGGAGGTACCGCCCGCG_016,33
ACTCGGAGGTACCGCCCGCG_017,137
ACTCGGAGGTACCGCCCGCG_018,129
ACTCGGAGGTACCGCCCGCG_019,183
ACTCGGAGGTACCGCCCGCG_020,184
ACTCGGAGGTACCGCCCGCG_021,138
ACTCGGAGGTACCGCCCGCG_022,179
ACTCGGAGGTACCGCCCGCG_023,91
CACCAGATGTCCCACGACAG_001,21
CACCAGATGTCCCACGACAG_002,170
CACCAGATGTCCCACGACAG_003,38
GATACTCCACTGCTCTGTCA_001,170
GATACTCCACTGCTCTGTCA_002,42
GATACTCCACTGCTCTGTCA_003,197
GATACTCCACTGCTCTGTCA_004,58
GATACTCCACTGCTCTGTCA_005,10
GATACTCCACTGCTCTGTCA_006,58
GATACTCCACTGCTCTGTCA_007,23
GATACTCCACTGCTCTGTCA_008,81
GATACTCCACTGCTCTGTCA_009,40
GATACTCCACTGCTCTGTCA_010,149
GGAGCTGCCGAAAATGCTGA_001,40
GGAGCTGCCGAAAATGCTGA_002,162
GGAGCTGCCGAAAATGCTGA_003,98
GGAGCTGCCGAAAATGCTGA_004,16
GGAGCTGCCGAAAATGCTGA_005,60
GGAGCTGCCGAAAATGCTGA_006,137
TCAGGAGAGGAGCAGTCACG_001,81
TCAGGAGAGGAGCAGTCACG_002,154
TCAGGAGAGGAGCAGTCACG_003,138
TCAGGAGAGGAGCAGTCACG_004,171
TCAGGAGAGGAGCAGTCACG_005,50
TCAGGAGAGGAGCAGTCACG_006,112
TCAGGAGAGGAGCAGTCACG_007,96
TCAGGAGAGGAGCAGTCACG_008,94
TCAGGAGAGGAGCAGTCACG_009,148
TCAGGAGAGGAGCAGTCACG_010,115
TCAGGAGAGGAGCAGTCACG_011,81
TCAGGAGAGGAGCAGTCACG_012,133
TCAGGAGAGGAGCAGTCACG_013,1
TCAGGAGAGGAGCAGTCACG_014,188
TCAGGAGAGGAGCAGTCACG_015,132
TCAGGAGAGGAGCAGTCACG_016,121
AGACAAAATGTTCCTCCCTG_001,72
AGACAAAATGTTCCTCCCTG_002,57
AGACAAAATGTTCCTCCCTG_003,60
AGACAAAATGTTCCTCCCTG_004,115
AGACAAAATGTTCCTCCCTG_005,98
AGACAAAATGTTCCTCCCTG_006,43
AGACAAAATGTTCCTCCCTG_007,58
AGACAAAATGTTCCTCCCTG_008,139
AGACAAAATGTTCCTCCCTG_009,111
AGACAAAATGTTCCTCCCTG_010,61
AGACAAAATGTTCCTCCCTG_011,183
CTACTAATGTCCGTTATCTG_001,127
CTACTAATGTCCGTTATCTG_002,34
GGAAGTGGGGATGCAATGCA_001,176
GGAAGTGGGGATGCAATGCA_002,139
GGAAGTGGGGATGCAATGCA_003,172
GGAAGTGGGGATGCAATGCA_004,147
GGAAGTGGGGATGCAATGCA_005,129
GGAAGTGGGGATGCAATGCA_006,43
GGAAGTGGGGATGCAATGCA_007,130
GGTGGTACATCTCATATGTG_001,34
GGTGGTACATCTCATATGTG_002,118
GGTGGTACATCTCATATGTG_003,48
ATAAACAAAAGGGCCCGTGT_001,67
ATAAACAAAAGGGCCCGTGT_002,15
ATAAACAAAAGGGCCCGTGT_003,70
ATAAACAAAAGGGCCCGTGT_004,16
ATAAACAAAAGGGCCCGTGT_005,184
ATAAACAAAAGGGCCCGTGT_006,16
ATAAACAAAAGGGCCCGTGT_007,120
ATAAACAAAAGGGCCCGTGT_008,129
ATAAACAAAAGGGCCCGTGT_009,199
ATAAACAAAAGGGCCCGTGT_010,165
ATAAACAAAAGGGCCCGTGT_011,41
GGCGTCGCAGTAGCCGACAA_001,173
GGCGTCGCAGTAGCCGACAA_002,151
GGCGTCGCAGTAGCCGACAA_003,198
GGCGTCGCAGTAGCCGACAA_004,90
GGCGTCGCAGTAGCCGACAA_005,76
GGCGTCGCAGTAGCCGACAA_006,133
GGCGTCGCAGTAGCCGACAA_007,50
GGCGTCGCAGTAGCCGACAA_008,14
GGCGTCGCAGTAGCCGACAA_009,7
GGCGTCGCAGTAGCCGACAA_010,8
GGCGTCGCAGTAGCCGACAA_011,46
GGCGTCGCAGTAGCCGACAA_012,176
GGCGTCGCAGTAGCCGACAA_013,90
GGCGTCGCAGTAGCCGACAA_014,131
GGCGTCGCAGTAGCCGACAA_015,0
AGGACTATCCCCTACCCATG_001,31
AGGACTATCCCCTACCCATG_002,60
AGGACTATCCCCTACCCATG_003,37
AGGACTATCCCCTACCCATG_004,29
AGGACTATCCCCTACCCATG_005,188
AGGACTATCCCCTACCCATG_006,163
AGGACTATCCCCTACCCATG_007,74
AGGACTATCCCCTACCCATG_008,61
AGGACTATCCCCTACCCATG_009,150
AGGACTATCCCCTACCCATG_010,145
AGGACTATCCCCTACCCATG_011,153
AGGACTATCCCCTACCCATG_012,6
AGGACTATCCCCTACCCATG_013,6
AGGACTATCCCCTACCCATG_014,165
AGGACTATCCCCTACCCATG_015,39
AGGACTATCCCCTACCCATG_016,1
GTCGAGATGGCAGTGACCGT_001,147
GTCGAGATGGCAGTGACCGT_002,149
GTCGAGATGGCAGTGACCGT_003,177
TTGGCGCGAGAAATGGAGCA_001,161
CATGAAAATCTCATAGAGTG_001,146
CATGAAAATCTCATAGAGTG_002,69
CATGAAAATCTCATAGAGTG_003,127
CATGAAAATCTCATAGAGTG_004,15
CATGAAAATCTCATAGAGTG_005,181
GAGTATCAGAACAAGGGCCG_001,163
GAGTATCAGAACAAGGGCCG_002,178
GAGTATCAGAACAAGGGCCG_003,80
GAGTATCAGAACAAGGGCCG_004,24
GAGTATCAGAACAAGGGCCG_005,112
GAGTATCAGAACAAGGGCCG_006,103
GAGTATCAGAACAAGGGCCG_007,91
GAGTATCAGAACAAGGGCCG_008,127
GAGTATCAGAACAAGGGCCG_009,102
GAGTATCAGAACAAGGGCCG_010,18
GAGTATCAGAACAAGGGCCG_011,144
GAGTATCAGAACAAGGGCCG_012,137
AGCGGCATTCTCGGATCACG_001,64
AGCGGCATTCTCGGATCACG_002,158
AGCGGCATTCTCGGATCACG_003,67
AGCGGCATTCTCGGATCACG_004,142
AGCGGCATTCTCGGATCACG_005,159
AGCGGCATTCTCGGATCACG_006,171
ACATGAAGGTGCTATAGTGG_001,35
ACATGAAGGTGCTATAGTGG_002,102
GGAGGCGGTTTCCCGCACTT_001,60
GGAGGCGGTTTCCCGCACTT_002,35
GGAGGCGGTTTCCCGCACTT_003,75
GGAGGCGGTTTCCCGCACTT_004,172
GGAGGCGGTTTCCCGCACTT_005,198
ATAATGATCATAGGGAACGG_001,145
ATAATGATCATAGGGAACGG_002,166
ATAATGATCATAGGGAACGG_003,1
ATAATGATCATAGGGAACGG_004,49
ATAATGATCATAGGGAACGG_005,41
ATAATGATCATAGGGAACGG_006,89
ATAATGATCATAGGGAACGG_007,158
ATAATGATCATAGGGAACGG_008,147
ATAATGATCATAGGGAACGG_009,190
ACGAGTTTATGTGCCCATGT_001,94
ACGAGTTTATGTGCCCATGT_002,76
ACGAGTTTATGTGCCCATGT_003,56
ACGAGTTTATGTGCCCATGT_004,173
ACGAGTTTATGTGCCCATGT_005,75
ACGAGTTTATGTGCCCATGT_006,74
ACGAGTTTATGTGCCCATGT_007,38
ACGAGTTTATGTGCCCATGT_008,61
ACGAGTTTATGTGCCCATGT_009,132
ACGAGTTTATGTGCCCATGT_010,130
ACGAGTTTATGTGCCCATGT_011,82
ACGAGTTTATGTGCCCATGT_012,50
ACGAGTTTATGTGCCCATGT_013,63
ACGAGTTTATGTGCCCATGT_014,113
ACGAGTTTATGTGCCCATGT_015,61
CTTGAGACTGAGTCAGACCA_001,192
CTTGAGACTGAGTCAGACCA_002,158
CTTGAGACTGAGTCAGACCA_003,148
GGACTACTGAGTGTGGTCGA_001,132
GGACTACTGAGTGTGGTCGA_002,80
GGACTACTGAGTGTGGTCGA_003,108
GGACTACTGAGTGTGGTCGA_004,17
GGACTACTGAGTGTGGTCGA_005,181
GGACTACTGAGTGTGGTCGA_006,104
GGACTACTGAGTGTGGTCGA_007,114
GGACTACTGAGTGTGGTCGA_008,75
GGACTACTGAGTGTGGTCGA_009,94
GGACTACTGAGTGTGGTCGA_010,78
GGACTACTGAGTGTGGTCGA_011,166
GGACTACTGAGTGTGGTCGA_012,55
GGACTACTGAGTGTGGTCGA_013,89
GGACTACTGAGTGTGGTCGA_014,162
GGACTACTGAGTGTGGTCGA_015,196
GGACTACTGAGTGTGGTCGA_016,125
GGACTACTGAGTGTGGTCGA_017,160
GGACTACTGAGTGTGGTCGA_018,71
GGACTACTGAGTGTGGTCGA_019,118
GGACTACTGAGTGTGGTCGA_020,121
GGACTACTGAGTGTGGTCGA_021,78
GGACTACTGAGTGTGGTCGA_022,58
GGACTACTGAGTGTGGTCGA_023,106
GTGTGAGTGAAAACCACATG_001,95
GTGTGAGTGAAAACCACATG_002,157
TTTGGATAGGGACTACCACT_001,197
TTTGGATAGGGACTACCACT_002,147
TTTGGATAGGGACTACCACT_003,1
TTTGGATAGGGACTACCACT_004,138
TTTGGATAGGGACTACCACT_005,183
TTTGGATAGGGACTACCACT_006,46
TTTGGATAGGGACTACCACT_007,172
TTTGGATAGGGACTACCACT_008,118
TTTGGATAGGGACTACCACT_009,179
TTTGGATAGGGACTACCACT_010,20
TTTGGATAGGGACTACCACT_011,93
TTTGGATAGGGACTACCACT_012,58
TTTGGATAGGGACTACCACT_013,27
TTTGGATAGGGACTACCACT_014,103
TTTGGATAGGGACTACCACT_015,38
TTTGGATAGGGACTACCACT_016,81
TTTGGATAGGGACTACCACT_017,94
TTTGGATAGGGACTACCACT_018,8
TTTGGATAGGGACTACCACT_019,92
TTTGGATAGGGACTACCACT_020,89
AGAACTGCGACAGGATACAG_001,68
AGAACTGCGACAGGATACAG_002,77
AGAACTGCGACAGGATACAG_003,43
AGAACTGCGACAGGATACAG_004,68
AGAACTGCGACAGGATACAG_005,77
AGAACTGCGACAGGATACAG_006,49
AGAACTGCGACAGGATACAG_007,61
AGAACTGCGACAGGATACAG_008,67
AGAACTGCGACAGGATACAG_009,129
AGAACTGCGACAGGATACAG_010,166
AGAACTGCGACAGGATACAG_011,98
AGAACTGCGACAGGATACAG_012,82
AGAACTGCGACAGGATACAG_013,199
AGAACTGCGACAGGATACAG_014,94
AGAACTGCGACAGGATACAG_015,121
AGAACTGCGACAGGATACAG_016,75
AGAACTGCGACAGGATACAG_017,15
AGAACTGCGACAGGATACAG_018,106
AGAACTGCGACAGGATACAG_019,147
AGAACTGCGACAGGATACAG_020,10
AGAACTGCGACAGGATACAG_021,40
AGAACTGCGACAGGATACAG_022,4
AGAACTGCGACAGGATACAG_023,153
TTCTCTGCATGTTTGGAAGT_001,132
TTCTCTGCATGTTTGGAAGT_002,62
TTCTCTGCATGTTTGGAAGT_003,198
GAACTGTATCAGTCTTGACC_001,8
GAACTGTATCAGTCTTGACC_002,62
GAACTGTATCAGTCTTGACC_003,65
GAACTGTATCAGTCTTGACC_004,10
GAACTGTATCAGTCTTGACC_005,21
GCTGCAGGGCTTACAACAGC_001,114
GCTGCAGGGCTTACAACAGC_002,127
GCTGCAGGGCTTACAACAGC_003,23
GCTGCAGGGCTTACAACAGC_004,94
GCTGCAGGGCTTACAACAGC_005,149
GCTGCAGGGCTTACAACAGC_006,24
GCTGCAGGGCTTACAACAGC_007,116
GCTGCAGGGCTTACAACAGC_008,158
GCTGCAGGGCTTACAACAGC_009,192
GCTGCAGGGCTTACAACAGC_010,56
GCTGCAGGGCTTACAACAGC_011,19
GCTGCAGGGCTTACAACAGC_012,84
GCTGCAGGGCTTACAACAGC_013,167
GCTGCAGGGCTTACAACAGC_014,168
GCTGCAGGGCTTACAACAGC_015,104
GCTGCAGGGCTTACAACAGC_016,104
GCTGCAGGGCTTACAACAGC_017,188
GCTGCAGGGCTTACAACAGC_018,17
GCTGAAAGTTGGGTTCACCT_001,164
GCTGAAAGTTGGGTTCACCT_002,70
GCTGAAAGTTGGGTTCACCT_003,67
GCTGAAAGTTGGGTTCACCT_004,3
GCTGAAAGTTGGGTTCACCT_005,34
GCTGAAAGTTGGGTTCACCT_006,76
GCTGAAAGTTGGGTTCACCT_007,151
GAGAAGACAAAGTCGTACTG_001,25
GAGAAGACAAAGTCGTACTG_002,150
GAGAAGACAAAGTCGTACTG_003,72
GAGAAGACAAAGTCGTACTG_004,193
GAGAAGACAAAGTCGTACTG_005,110
GAGAAGACAAAGTCGTACTG_006,168
CATTGTGCACGCCCACACGC_001,78
CATTGTGCACGCCCACACGC_002,38
CATTGTGCACGCCCACACGC_003,172
CATTGTGCACGCCCACACGC_004,29
CATTGTGCACGCCCACACGC_005,150
CATTGTGCACGCCCACACGC_006,145
CATTGTGCACGCCCACACGC_007,116
CATTGTGCACGCCCACACGC_008,67
CATTGTGCACGCCCACACGC_009,15
CATTGTGCACGCCCACACGC_010,48
CATTGTGCACGCCCACACGC_011,158
CATTGTGCACGCCCACACGC_012,100
CATTGTGCACGCCCACACGC_013,128
CATTGTGCACGCCCACACGC_014,18
CATTGTGCACGCCCACACGC_015,174
CATTGTGCACGCCCACACGC_016,15
CATTGTGCACGCCCACACGC_017,152
CATTGTGCACGCCCACACGC_018,48
CATTGTGCACGCCCACACGC_019,166
CATTGTGCACGCCCACACGC_020,42
CATTGTGCACGCCCACACGC_021,188
CATTGTGCACGCCCACACGC_022,79
CAGGCACGTTCATCACACTC_001,127
CAGGCACGTTCATCACACTC_002,150
CAGGCACGTTCATCACACTC_003,155
CAGGCACGTTCATCACACTC_004,120
CAGGCACGTTCATCACACTC_005,2
CAGGCACGTTCATCACACTC_006,9
CAGGCACGTTCATCACACTC_007,74
CAGGCACGTTCATCACACTC_008,127
CAGGCACGTTCATCACACTC_009,128
CACGGGCACGTAAATCACAG_001,151
CACGGGCACGTAAATCACAG_002,38
CACGGGCACGTAAATCACAG_003,34
CACGGGCACGTAAATCACAG_004,181
CACGGGCACGTAAATCACAG_005,115
CACGGGCACGTAAATCACAG_006,38
CACGGGCACGTAAATCACAG_007,162
CACGGGCACGTAAATCACAG_008,159
CACGGGCACGTAAATCACAG_009,52
CACGGGCACGTAAATCACAG_010,114
CACGGGCACGTAAATCACAG_011,114
CACGGGCACGTAAATCACAG_012,49
CACGGGCACGTAAATCACAG_013,47
CACGGGCACGTAAATCACAG_014,172
CACGGGCACGTAAATCACAG_015,70
GGGCGAAGAGGATATAAGGG_001,24
AAATAATCCGTCATTCCTAG_001,154
AAATAATCCGTCATTCCTAG_002,187
AAATAATCCGTCATTCCTAG_003,170
AAATAATCCGTCATTCCTAG_004,9
TATCCAGAACCGTTACTCCA_001,188
TATCCAGAACCGTTACTCCA_002,102
TATCCAGAACCGTTACTCCA_003,171
TATCCAGAACCGTTACTCCA_004,165
TATCCAGAACCGTTACTCCA_005,1
TATCCAGAACCGTTACTCCA_006,63
TATCCAGAACCGTTACTCCA_007,184
TATCCAGAACCGTTACTCCA_008,191
TGGAGATTATCCACTTACCA_001,10
TGGAGATTATCCACTTACCA_002,1
TGGAGATTATCCACTTACCA_003,194
TGGAGATTATCCACTTACCA_004,199
TGGAGATTATCCACTTACCA_005,162
TGAGAGAAAAGTGATAAAGG_001,117
TGAGAGAAAAGTGATAAAGG_002,65
TGAGAGAAAAGTGATAAAGG_003,197
TGAGAGAAAAGTGATAAAGG_004,162
AGAGCTCGGAAAAGAGCAGA_001,105
AGAGCTCGGAAAAGAGCAGA_002,134
AGAGCTCGGAAAAGAGCAGA_003,12
AGAGCTCGGAAAAGAGCAGA_004,110
AGAGCTCGGAAAAGAGCAGA_005,107
AGAGCTCGGAAAAGAGCAGA_006,190
AGAGCTCGGAAAAGAGCAGA_007,3
AGAGCTCGGAAAAGAGCAGA_008,105
AGAGCTCGGAAAAGAGCAGA_009,2
AGAGCTCGGAAAAGAGCAGA_010,105
AGAGCTCGGAAAAGAGCAGA_011,2
AGAGCTCGGAAAAGAGCAGA_012,49
AGAGCTCGGAAAAGAGCAGA_013,77
AGAGCTCGGAAAAGAGCAGA_014,78
CTGCCATCGCTGACTATCAG_001,93
CTGCCATCGCTGACTATCAG_002,138
CTGCCATCGCTGACTATCAG_003,41
CTGCCATCGCTGACTATCAG_004,19
CTGCCATCGCTGACTATCAG_005,198
CTGCCATCGCTGACTATCAG_006,13
CTGCCATCGCTGACTATCAG_007,28
CTGCCATCGCTGACTATCAG_008,9
CTGCCATCGCTGACTATCAG_009,170
CTGCCATCGCTGACTATCAG_010,131
CTGCCATCGCTGACTATCAG_011,10
CTGCCATCGCTGACTATCAG_012,94
AGGAATGAAGCAAAGTCAGG_001,160
AGGAATGAAGCAAAGTCAGG_002,20
AGGAATGAAGCAAAGTCAGG_003,5
AGGAATGAAGCAAAGTCAGG_004,112
AGGAATGAAGCAAAGTCAGG_005,61
AGGAATGAAGCAAAGTCAGG_006,47
AGGAATGAAGCAAAGTCAGG_007,60
AGGAATGAAGCAAAGTCAGG_008,0
GAATGATCCATTCATTGACC_001,13
GATAAGTTTACCATCCTGCG_001,158
GATAAGTTTACCATCCTGCG_002,191
GATAAGTTTACCATCCTGCG_003,1
GATGGCGCCATTGTAACCCA_001,84
GATGGCGCCATTGTAACCCA_002,13
GATGGCGCCATTGTAACCCA_003,33
GACTCCGCGGAACACCAGAG_001,183
GACTCCGCGGAACACCAGAG_002,144
GACTCCGCGGAACACCAGAG_003,130
GACTCCGCGGAACACCAGAG_004,184
GACTCCGCGGAACACCAGAG_005,108
GACTCCGCGGAACACCAGAG_006,1
GACTCCGCGGAACACCAGAG_007,188
GACTCCGCGGAACACCAGAG_008,2
GACTCCGCGGAACACCAGAG_009,184
GACTCCGCGGAACACCAGAG_010,77
GACTCCGCGGAACACCAGAG_011,186
GACTCCGCGGAACACCAGAG_012,191
GACTCCGCGGAACACCAGAG_013,68
GACTCCGCGGAACACCAGAG_014,115
GACTCCGCGGAACACCAGAG_015,48
GACTCCGCGGAACACCAGAG_016,116
GACTCCGCGGAACACCAGAG_017,92
GACTCCGCGGAACACCAGAG_018,80
GACTCCGCGGAACACCAGAG_019,97
GACTCCGCGGAACACCAGAG_020,111
GACTCCGCGGAACACCAGAG_021,12
GACTCCGCGGAACACCAGAG_022,103
GACTCCGCGGAACACCAGAG_023,126
GACTCCGCGGAACACCAGAG_024,194
GACTCCGCGGAACACCAGAG_025,105
GACTCCGCGGAACACCAGAG_026,1
GACTCCGCGGAACACCAGAG_027,70
GACTCCGCGGAACACCAGAG_028,5
GACTCCGCGGAACACCAGAG_029,96
GACTCCGCGGAACACCAGAG_030,149
GACTCCGCGGAACACCAGAG_031,8
GACTCCGCGGAACACCAGAG_032,36
GACTCCGCGGAACACCAGAG_033,6
GACTCCGCGGAACACCAGAG_034,149
GACTCCGCGGAACACCAGAG_035,115
GACTCCGCGGAACACCAGAG_036,168
TATGCATAGCCTCTAGATGG_001,141
TATGCATAGCCTCTAGATGG_002,21
TATTGTGAGGAACTTTAACG_001,42
TATTGTGAGGAACTTTAACG_002,135
TATTGTGAGGAACTTTAACG_003,73
TATTGTGAGGAACTTTAACG_004,17
CTGACAGTGAAGTATGACCG_001,89
CTGACAGTGAAGTATGACCG_002,113
CTGACAGTGAAGTATGACCG_003,178
CTGACAGTGAAGTATGACCG_004,58
CTGACAGTGAAGTATGACCG_005,151
CTGACAGTGAAGTATGACCG_006,62
CTGACAGTGAAGTATGACCG_007,66
CTGACAGTGAAGTATGACCG_008,163
CTGACAGTGAAGTATGACCG_009,177
CTGACAGTGAAGTATGACCG_010,81
CTGACAGTGAAGTATGACCG_011,27
CTGACAGTGAAGTATGACCG_012,19
CTGACAGTGAAGTATGACCG_013,79
ACTTGGATAAAAGCACTGGG_001,156
ACTTGGATAAAAGCACTGGG_002,43
ACTTGGATAAAAGCACTGGG_003,19
ACTTGGATAAAAGCACTGGG_004,183
ACTTGGATAAAAGCACTGGG_005,137
ACTTGGATAAAAGCACTGGG_006,67
ACTTGGATAAAAGCACTGGG_007,162
ACTTGGATAAAAGCACTGGG_008,32
ACTTGGATAAAAGCACTGGG_009,52
ACTTGGATAAAAGCACTGGG_010,147
ACTTGGATAAAAGCACTGGG_011,40
ACTTGGATAAAAGCACTGGG_012,147
ACTTGGATAAAAGCACTGGG_013,146
ACTTGGATAAAAGCACTGGG_014,78
ACTTGGATAAAAGCACTGGG_015,48
ACTTGGATAAAAGCACTGGG_016,36
ACTTGGATAAAAGCACTGGG_017,199
GGAGGAGAAGGGCACTACCG_001,181
GGAGGAGAAGGGCACTACCG_002,167
GCTGAACAGAGGCTGTTACG_001,107
GCTGAACAGAGGCTGTTACG_002,104
GCTGAACAGAGGCTGTTACG_003,104
GCTGAACAGAGGCTGTTACG_004,6
GCTGAACAGAGGCTGTTACG_005,156
GCTGAACAGAGGCTGTTACG_006,16
GCTGAACAGAGGCTGTTACG_007,176
GCTGAACAGAGGCTGTTACG_008,158
GCTGAACAGAGGCTGTTACG_009,141
GCTGAACAGAGGCTGTTACG_010,146
GCTGAACAGAGGCTGTTACG_011,193
GCTGAACAGAGGCTGTTACG_012,140
GCTGAACAGAGGCTGTTACG_013,112
CGAGGCGCTCAACCTCACCG_001,84
CGAGGCGCTCAACCTCACCG_002,145
CGAGGCGCTCAACCTCACCG_003,103
CGAGGCGCTCAACCTCACCG_004,197
CGAGGCGCTCAACCTCACCG_005,19
CGAGGCGCTCAACCTCACCG_006,108
CGAGGCGCTCAACCTCACCG_007,197
CGAGGCGCTCAACCTCACCG_008,0
CGAGGCGCTCAACCTCACCG_009,35
CGAGGCGCTCAACCTCACCG_010,131
CGAGGCGCTCAACCTCACCG_011,77
CGAGGCGCTCAACCTCACCG_012,183
CGAGGCGCTCAACCTCACCG_013,143
CGAGGCGCTCAACCTCACCG_014,186
CGAGGCGCTCAACCTCACCG_015,150
CGAGGCGCTCAACCTCACCG_016,109
CGAGGCGCTCAACCTCACCG_017,109
CGAGGCGCTCAACCTCACCG_018,1
CGAGGCGCTCAACCTCACCG_019,91
CGAGGCGCTCAACCTCACCG_020,190
CGAGGCGCTCAACCTCACCG_021,184
CGAGGCGCTCAACCTCACCG_022,145
CGAGGCGCTCAACCTCACCG_023,48
CGAGGCGCTCAACCTCACCG_024,58
CGAGGCGCTCAACCTCACCG_025,148
CGAGGCGCTCAACCTCACCG_026,133
CGAGGCGCTCAACCTCACCG_027,166
CGAGGCGCTCAACCTCACCG_028,36
CGAGGCGCTCAACCTCACCG_029,111
CGAGGCGCTCAACCTCACCG_030,134
CGAGGCGCTCAACCTCACCG_031,141
CGAGGCGCTCAACCTCACCG_032,21
CGAGGCGCTCAACCTCACCG_033,159
CGAGGCGCTCAACCTCACCG_034,141
CGAGGCGCTCAACCTCACCG_035,147
CGAGGCGCTCAACCTCACCG_036,147
CGAGGCGCTCAACCTCACCG_037,97
CGAGGCGCTCAACCTCACCG_038,136
CGAGGCGCTCAACCTCACCG_039,104
CGAGGCGCTCAACCTCACCG_040,48
CGAGGCGCTCAACCTCACCG_041,23
CGAGGCGCTCAACCTCACCG_042,151
CGAGGCGCTCAACCTCACCG_043,152
CGAGGCGCTCAACCTCACCG_044,19
CGAGGCGCTCAACCTCACCG_045,149
CGAGGCGCTCAACCTCACCG_046,91
CGAGGCGCTCAACCTCACCG_047,112
GAATGCTGCATTTACTGGGT_001,172
GAATGCTGCATTTACTGGGT_002,67
TCACGGTATAGAAGTAATCA_001,105
TCACGGTATAGAAGTAATCA_002,98
GATGGTTGGTACAGTAACTC_001,121
GATGGTTGGTACAGTAACTC_002,162
GATGGTTGGTACAGTAACTC_003,28
GATGGTTGGTACAGTAACTC_004,84
GTTCTTCGAGTCCGTCACGT_001,194
GTTCTTCGAGTCCGTCACGT_002,53
GTTCTTCGAGTCCGTCACGT_003,169
GTTCTTCGAGTCCGTCACGT_004,51
GTTCTTCGAGTCCGTCACGT_005,170
GTTCTTCGAGTCCGTCACGT_006,112
GTTCTTCGAGTCCGTCACGT_007,40
GCACATTCCCACAATGAGCA_001,174
GCACATTCCCACAATGAGCA_002,115
GCACATTCCCACAATGAGCA_003,114
GCACATTCCCACAATGAGCA_004,42
GCACATTCCCACAATGAGCA_005,150
GCACATTCCCACAATGAGCA_006,168
GCACATTCCCACAATGAGCA_007,106
GCACATTCCCACAATGAGCA_008,125
GCACATTCCCACAATGAGCA_009,130
GCACATTCCCACAATGAGCA_010,15
GCACATTCCCACAATGAGCA_011,19
TCGTAGGGGTCGACGACCGG_001,133
TCGTAGGGGTCGACGACCGG_002,180
TCGTAGGGGTCGACGACCGG_003,80
TCGTAGGGGTCGACGACCGG_004,187
TCGTAGGGGTCGACGACCGG_005,33
TCGTAGGGGTCGACGACCGG_006,90
TCGTAGGGGTCGACGACCGG_007,127
TCGTAGGGGTCGACGACCGG_008,2
TCGTAGGGGTCGACGACCGG_009,40
TCGTAGGGGTCGACGACCGG_010,133
TCGTAGGGGTCGACGACCGG_011,32
TCGTAGGGGTCGACGACCGG_012,8
TCGTAGGGGTCGACGACCGG_013,125
TCGTAGGGGTCGACGACCGG_014,13
TCGTAGGGGTCGACGACCGG_015,9
TCGTAGGGGTCGACGACCGG_016,170
TCGTAGGGGTCGACGACCGG_017,154
TCGTAGGGGTCGACGACCGG_018,54
TCGTAGGGGTCGACGACCGG_019,193
TCGTAGGGGTCGACGACCGG_020,175
TCGTAGGGGTCGACGACCGG_021,25
AGCTTGCCCATGCACCGCTG_001,180
AGCTTGCCCATGCACCGCTG_002,163
AGCTTGCCCATGCACCGCTG_003,1
AGCTTGCCCATGCACCGCTG_004,191
AGCTTGCCCATGCACCGCTG_005,119
AGCTTGCCCATGCACCGCTG_006,21
AGCTTGCCCATGCACCGCTG_007,153
AGCTTGCCCATGCACCGCTG_008,126
AGCTTGCCCATGCACCGCTG_009,49
AGCTTGCCCATGCACCGCTG_010,72
AGCTTGCCCATGCACCGCTG_011,190
AGCTTGCCCATGCACCGCTG_012,108
AGCTTGCCCATGCACCGCTG_013,90
AGCTTGCCCATGCACCGCTG_014,126
AGCTTGCCCATGCACCGCTG_015,63
AGCTTGCCCATGCACCGCTG_016,88
AGCTTGCCCATGCACCGCTG_017,96
AGCTTGCCCATGCACCGCTG_018,188
AGCTTGCCCATGCACCGCTG_019,13
TCTCCTGGAATATTCTGCCG_001,129
AACTTCCCCTGTAGGAACCT_001,145
AACTTCCCCTGTAGGAACCT_002,65
CGTGGCACTCAGACAAAGTG_001,41
CGTGGCACTCAGACAAAGTG_002,144
CGTGGCACTCAGACAAAGTG_003,87
CGTGGCACTCAGACAAAGTG_004,10
CGTGGCACTCAGACAAAGTG_005,127
CGTGGCACTCAGACAAAGTG_006,146
CGTGGCACTCAGACAAAGTG_007,29
CGTGGCACTCAGACAAAGTG_008,124
ACAGTCCCATCAAAGTTATG_001,198
ACAGTCCCATCAAAGTTATG_002,121
ACAGTCCCATCAAAGTTATG_003,32
ACAGTCCCATCAAAGTTATG_004,33
ACAGTCCCATCAAAGTTATG_005,62
ACAGTCCCATCAAAGTTATG_006,21
ACAGTCCCATCAAAGTTATG_007,124
ACAGTCCCATCAAAGTTATG_008,116
CCCACGGGTGTAGCTTGTGT_001,137
CCCACGGGTGTAGCTTGTGT_002,71
CCCACGGGTGTAGCTTGTGT_003,83
TAATATAGCTGGTATTGAAG_001,71
TAATATAGCTGGTATTGAAG_002,153
ATAATGATGCTTTCTCCTAT_001,52
ATAATGATGCTTTCTCCTAT_002,58
ATAATGATGCTTTCTCCTAT_003,102
ATAATGATGCTTTCTCCTAT_004,113
ATAATGATGCTTTCTCCTAT_005,180
ATAATGATGCTTTCTCCTAT_006,170
ATAATGATGCTTTCTCCTAT_007,90
ATAATGATGCTTTCTCCTAT_008,159
ACCCACATAGGTATCGTCAA_001,170
ACCCACATAGGTATCGTCAA_002,132
ACCCACATAGGTATCGTCAA_003,45
TATGACGCTTTCTAGGCAAG_001,198
TATGACGCTTTCTAGGCAAG_002,186
TATGACGCTTTCTAGGCAAG_003,53
CATCTCGCGGCACTTCTACG_001,186
CATCTCGCGGCACTTCTACG_002,166
CATCTCGCGGCACTTCTACG_003,165
CATCTCGCGGCACTTCTACG_004,128
CATCTCGCGGCACTTCTACG_005,77
CATCTCGCGGCACTTCTACG_006,192
CATCTCGCGGCACTTCTACG_007,41
CATCTCGCGGCACTTCTACG_008,144
GTGGCCGCTAGCCCGTCCGG_001,76
GTGGCCGCTAGCCCGTCCGG_002,88
GTGGCCGCTAGCCCGTCCGG_003,21
GTGGCCGCTAGCCCGTCCGG_004,94
GTGGCCGCTAGCCCGTCCGG_005,150
GTGGCCGCTAGCCCGTCCGG_006,94
GTGGCCGCTAGCCCGTCCGG_007,144
GTGGCCGCTAGCCCGTCCGG_008,106
GTGGCCGCTAGCCCGTCCGG_009,15
GTGGCCGCTAGCCCGTCCGG_010,44
GTGGCCGCTAGCCCGTCCGG_011,41
GTGGCCGCTAGCCCGTCCGG_012,76
GTGGCCGCTAGCCCGTCCGG_013,79
GTGGCCGCTAGCCCGTCCGG_014,191
GTGGCCGCTAGCCCGTCCGG_015,169
GTGGCCGCTAGCCCGTCCGG_016,102
GTGGCCGCTAGCCCGTCCGG_017,39
ATGCCAGTTCACAACATCTG_001,69
ATGCCAGTTCACAACATCTG_002,15
ATGCCAGTTCACAACATCTG_003,198
ATGCCAGTTCACAACATCTG_004,81
ATGCCAGTTCACAACATCTG_005,82
ATGCCAGTTCACAACATCTG_006,53
ATGCCAGTTCACAACATCTG_007,170
ATGCCAGTTCACAACATCTG_008,12
ATGCCAGTTCACAACATCTG_009,37
ATGCCAGTTCACAACATCTG_010,169
ATGCCAGTTCACAACATCTG_011,182
ATGCCAGTTCACAACATCTG_012,137
ATGCCAGTTCACAACATCTG_013,82
ATGCCAGTTCACAACATCTG_014,5
ATGCCAGTTCACAACATCTG_015,69
CCACAGCCTGGGTAATAGGA_001,2
CCACAGCCTGGGTAATAGGA_002,28
CCACAGCCTGGGTAATAGGA_003,163
CCACAGCCTGGGTAATAGGA_004,127
CCACAGCCTGGGTAATAGGA_005,99
CCACAGCCTGGGTAATAGGA_006,129
CCACAGCCTGGGTAATAGGA_007,11
CCACAGCCTGGGTAATAGGA_008,176
CCACAGCCTGGGTAATAGGA_009,41
CCACAGCCTGGGTAATAGGA_010,157
GCCTCTTGTGCACATCTAGT_001,58
GCCTCTTGTGCACATCTAGT_002,156
GCCTCTTGTGCACATCTAGT_003,150
GCCTCTTGTGCACATCTAGT_004,188
GCCTCTTGTGCACATCTAGT_005,4
GGTTCGCCTTATTGTACTAG_001,20
TGACCCCTGCAATGAGAAGT_001,32
TGACCCCTGCAATGAGAAGT_002,158
TGACCCCTGCAATGAGAAGT_003,15
TGACCCCTGCAATGAGAAGT_004,88
TGACCCCTGCAATGAGAAGT_005,1
TGACCCCTGCAATGAGAAGT_006,82
TGACCCCTGCAATGAGAAGT_007,147
TGACCCCTGCAATGAGAAGT_008,103
TGACCCCTGCAATGAGAAGT_009,151
TGACCCCTGCAATGAGAAGT_010,1
TGACCCCTGCAATGAGAAGT_011,41
TGACCCCTGCAATGAGAAGT_012,124
TGACCCCTGCAATGAGAAGT_013,188
TGACCCCTGCAATGAGAAGT_014,6
GCGGCCGACGAGGCCACGAA_001,123
GCGGCCGACGAGGCCACGAA_002,123
GCGGCCGACGAGGCCACGAA_003,198
GCGGCCGACGAGGCCACGAA_004,77
GCGGCCGACGAGGCCACGAA_005,158
GCGGCCGACGAGGCCACGAA_006,54
AAACAGATTGTTGAGGAACA_001,50
AAACAGATTGTTGAGGAACA_002,137
AAACAGATTGTTGAGGAACA_003,49
AAGATCACCTACGGGCAGTG_001,87
AAGATCACCTACGGGCAGTG_002,29
AAGATCACCTACGGGCAGTG_003,178
AAGATCACCTACGGGCAGTG_004,159
AAGATCACCTACGGGCAGTG_005,111
AAGATCACCTACGGGCAGTG_006,111
AAGATCACCTACGGGCAGTG_007,57
AAGATCACCTACGGGCAGTG_008,168
AAGATCACCTACGGGCAGTG_009,177
AAGATCACCTACGGGCAGTG_010,84
AAGATCACCTACGGGCAGTG_011,38
AAGATCACCTACGGGCAGTG_012,50
AAGATCACCTACGGGCAGTG_013,88
AAGATCACCTACGGGCAGTG_014,121
AAGATCACCTACGGGCAGTG_015,9
AAGATCACCTACGGGCAGTG_016,166
AAGATCACCTACGGGCAGTG_017,199
AAGATCACCTACGGGCAGTG_018,121
AAGATCACCTACGGGCAGTG_019,188
AAGATCACCTACGGGCAGTG_020,149
AAGATCACCTACGGGCAGTG_021,26
AAGATCACCTACGGGCAGTG_022,78
AAGATCACCTACGGGCAGTG_023,144
AAGATCACCTACGGGCAGTG_024,150
AAGATCACCTACGGGCAGTG_025,46
AAGATCACCTACGGGCAGTG_026,100
AAGATCACCTACGGGCAGTG_027,36
AAGATCACCTACGGGCAGTG_028,134
AAGATCACCTACGGGCAGTG_029,175
AAGATCACCTACGGGCAGTG_030,67
AAGATCACCTACGGGCAGTG_031,22
AAGATCACCTACGGGCAGTG_032,142
AAGATCACCTACGGGCAGTG_033,198
GCCACACGAATCATAAAGAG_001,165
GCCACACGAATCATAAAGAG_002,84
GCCACACGAATCATAAAGAG_003,194
GCCACACGAATCATAAAGAG_004,50
GCCACACGAATCATAAAGAG_005,108
TGTCTAGCTCAGCTATACAG_001,1
TGTCTAGCTCAGCTATACAG_002,163
TGTCTAGCTCAGCTATACAG_003,81
ACACACCATCCGCAACATTG_001,150
ACACACCATCCGCAACATTG_002,148
ACACACCATCCGCAACATTG_003,38
ACACACCATCCGCAACATTG_004,184
AGTTAGTAACTGAAATACCT_001,150
AGTTAGTAACTGAAATACCT_002,9
AGTTAGTAACTGAAATACCT_003,188
GGGCAAAGGTTTCAGCGTAG_001,68
GGGCAAAGGTTTCAGCGTAG_002,49
GGGCAAAGGTTTCAGCGTAG_003,105
GGGCAAAGGTTTCAGCGTAG_004,145
GGGCAAAGGTTTCAGCGTAG_005,33
GGGCAAAGGTTTCAGCGTAG_006,162
GGGCAAAGGTTTCAGCGTAG_007,160
GGGCAAAGGTTTCAGCGTAG_008,156
GGGCAAAGGTTTCAGCGTAG_009,8
GGGCAAAGGTTTCAGCGTAG_010,183
GGGCAAAGGTTTCAGCGTAG_011,121
GGGCAAAGGTTTCAGCGTAG_012,58
GGGCAAAGGTTTCAGCGTAG_013,84
TCCTGTACATGGACCCCGAG_001,57
TCCTGTACATGGACCCCGAG_002,127
TCCTGTACATGGACCCCGAG_003,87
TCCTGTACATGGACCCCGAG_004,106
TCCTGTACATGGACCCCGAG_005,57
TCCTGTACATGGACCCCGAG_006,65
TCCTGTACATGGACCCCGAG_007,103
TCCTGTACATGGACCCCGAG_008,79
TCCTGTACATGGACCCCGAG_009,94
AGTAGTGAAGCGCCAAAGAG_001,107
AGTAGTGAAGCGCCAAAGAG_002,186
AGTAGTGAAGCGCCAAAGAG_003,108
TTAATCTTGTCATATGTAGG_001,15
TTAATCTTGTCATATGTAGG_002,176
TTAATCTTGTCATATGTAGG_003,16
TTAATCTTGTCATATGTAGG_004,177
TTAATCTTGTCATATGTAGG_005,66
TTAATCTTGTCATATGTAGG_006,106
TTAATCTTGTCATATGTAGG_007,191
TTAATCTTGTCATATGTAGG_008,168
TTAATCTTGTCATATGTAGG_009,115
AGACAAATGGAAACCTCCAC_001,183
AGACAAATGGAAACCTCCAC_002,58
AGACAAATGGAAACCTCCAC_003,113
AGACAAATGGAAACCTCCAC_004,79
AGACAAATGGAAACCTCCAC_005,179
ACGGGCAGAGACCAGAAAGA_001,119
ACGGGCAGAGACCAGAAAGA_002,176
ACGGGCAGAGACCAGAAAGA_003,22
ACGGGCAGAGACCAGAAAGA_004,198
ACGGGCAGAGACCAGAAAGA_005,77
ACGGGCAGAGACCAGAAAGA_006,1
ACGGGCAGAGACCAGAAAGA_007,138
ACGGGCAGAGACCAGAAAGA_008,158
ACGGGCAGAGACCAGAAAGA_009,182
ACGGGCAGAGACCAGAAAGA_010,148
ACGGGCAGAGACCAGAAAGA_011,15
ACGGGCAGAGACCAGAAAGA_012,8
ACGGGCAGAGACCAGAAAGA_013,97
ACGGGCAGAGACCAGAAAGA_014,185
ACGGGCAGAGACCAGAAAGA_015,150
ACGGGCAGAGACCAGAAAGA_016,81
ACGGGCAGAGACCAGAAAGA_017,46
ACGGGCAGAGACCAGAAAGA_018,166
ACGGGCAGAGACCAGAAAGA_019,185
ACGGGCAGAGACCAGAAAGA_020,41
ACGGGCAGAGACCAGAAAGA_021,83
ACGGGCAGAGACCAGAAAGA_022,174
ACGGGCAGAGACCAGAAAGA_023,177
ACGGGCAGAGACCAGAAAGA_024,131
ACGGGCAGAGACCAGAAAGA_025,48
AGTGCGTAGACAAGAGCAGG_001,116
AGTGCGTAGACAAGAGCAGG_002,177
AGTGCGTAGACAAGAGCAGG_003,178
AGTGCGTAGACAAGAGCAGG_004,179
AGTGCGTAGACAAGAGCAGG_005,8
AGTGCGTAGACAAGAGCAGG_006,43
AGTGCGTAGACAAGAGCAGG_007,4
AGTGCGTAGACAAGAGCAGG_008,78
AGTGCGTAGACAAGAGCAGG_009,126
AGTGCGTAGACAAGAGCAGG_010,74
AGTGCGTAGACAAGAGCAGG_011,43
AGTGCGTAGACAAGAGCAGG_012,116
CTGCATTTAACCAGATCTAG_001,125
CTGCATTTAACCAGATCTAG_002,199
CTGCATTTAACCAGATCTAG_003,144
CTGCATTTAACCAGATCTAG_004,19
CTGCATTTAACCAGATCTAG_005,56
CTGCATTTAACCAGATCTAG_006,174
GATGACGTTCCATATGACCA_001,58
GATGACGTTCCATATGACCA_002,82
GATGACGTTCCATATGACCA_003,5
GATGACGTTCCATATGACCA_004,14
GGCACTAGCTGATCCCAACC_001,185
GGCACTAGCTGATCCCAACC_002,13
GGCACTAGCTGATCCCAACC_003,52
TGAGATGGTCCGTGCGTACC_001,168
TGAGATGGTCCGTGCGTACC_002,10
TGAGATGGTCCGTGCGTACC_003,54
TGAGATGGTCCGTGCGTACC_004,121
TGAGATGGTCCGTGCGTACC_005,108
TGAGATGGTCCGTGCGTACC_006,69
TGAGATGGTCCGTGCGTACC_007,94
TGCTGCCACTATCAACGCTG_001,54
TGCTGCCACTATCAACGCTG_002,82
TGCTGCCACTATCAACGCTG_003,125
TGCTGCCACTATCAACGCTG_004,30
TGCTGCCACTATCAACGCTG_005,28
TGCTGCCACTATCAACGCTG_006,61
TGCTGCCACTATCAACGCTG_007,94
TGCTGCCACTATCAACGCTG_008,114
TGCTGCCACTATCAACGCTG_009,40
TGCTGCCACTATCAACGCTG_010,157
TGCTGCCACTATCAACGCTG_011,28
TGCTGCCACTATCAACGCTG_012,41
CTAACTCTGCTACCCAAGTG_001,116
AACCGAGCATAGTTACCACG_001,178
AACCGAGCATAGTTACCACG_002,34
AACCGAGCATAGTTACCACG_003,178
AACCGAGCATAGTTACCACG_004,80
AACCGAGCATAGTTACCACG_005,35
AACCGAGCATAGTTACCACG_006,98
AACCGAGCATAGTTACCACG_007,60
AACCGAGCATAGTTACCACG_008,65
AACCGAGCATAGTTACCACG_009,81
AACCGAGCATAGTTACCACG_010,188
AACCGAGCATAGTTACCACG_011,40
AACCGAGCATAGTTACCACG_012,175
AACCGAGCATAGTTACCACG_013,183
AACCGAGCATAGTTACCACG_014,127
AACCGAGCATAGTTACCACG_015,121
AACCGAGCATAGTTACCACG_016,144
TTCTCTTGGCTGTTACTGCC_001,115
TTCTCTTGGCTGTTACTGCC_002,170
TTCTCTTGGCTGTTACTGCC_003,26
AGGTACATGGTGACATAGTG_001,23
AGGTACATGGTGACATAGTG_002,104
AGGTACATGGTGACATAGTG_003,198
AGGTACATGGTGACATAGTG_004,62
AGGTACATGGTGACATAGTG_005,172
AGGTACATGGTGACATAGTG_006,23
AGGTACATGGTGACATAGTG_007,199
AGGTACATGGTGACATAGTG_008,161
AGGTACATGGTGACATAGTG_009,6
AGGTACATGGTGACATAGTG_010,159
AGGTACATGGTGACATAGTG_011,199
AGGTACATGGTGACATAGTG_012,16
AGGTACATGGTGACATAGTG_013,127
AGGTACATGGTGACATAGTG_014,180
AATTGCAAAGGCCATCCACA_001,15
AATTGCAAAGGCCATCCACA_002,1
AATTGCAAAGGCCATCCACA_003,62
AATTGCAAAGGCCATCCACA_004,1
AATTGCAAAGGCCATCCACA_005,0
AATTGCAAAGGCCATCCACA_006,107
AATTGCAAAGGCCATCCACA_007,53
AATTGCAAAGGCCATCCACA_008,154
AATTGCAAAGGCCATCCACA_009,177
AATTGCAAAGGCCATCCACA_010,15
AATTGCAAAGGCCATCCACA_011,24
AATTGCAAAGGCCATCCACA_012,187
AATTGCAAAGGCCATCCACA_013,134
AATTGCAAAGGCCATCCACA_014,113
AATTGCAAAGGCCATCCACA_015,162
AATTGCAAAGGCCATCCACA_016,110
AATTGCAAAGGCCATCCACA_017,149
AATTGCAAAGGCCATCCACA_018,146
AATTGCAAAGGCCATCCACA_019,197
AATTGCAAAGGCCATCCACA_020,121
AATTGCAAAGGCCATCCACA_021,140
AATTGCAAAGGCCATCCACA_022,147
AATTGCAAAGGCCATCCACA_023,56
AATTGCAAAGGCCATCCACA_024,2
AATTGCAAAGGCCATCCACA_025,130
AATTGCAAAGGCCATCCACA_026,82
AATTGCAAAGGCCATCCACA_027,107
AATTGCAAAGGCCATCCACA_028,141
AATTGCAAAGGCCATCCACA_029,59
AATTGCAAAGGCCATCCACA_030,106
AATTGCAAAGGCCATCCACA_031,51
AATTGCAAAGGCCATCCACA_032,186
AATTGCAAAGGCCATCCACA_033,2
AATTGCAAAGGCCATCCACA_034,121
AATTGCAAAGGCCATCCACA_035,14
AATTGCAAAGGCCATCCACA_036,37
ACTGAGTACGCAGTGCCGCG_001,8
ACTGAGTACGCAGTGCCGCG_002,53
ACTGAGTACGCAGTGCCGCG_003,12
ACTGAGTACGCAGTGCCGCG_004,72
ACTGAGTACGCAGTGCCGCG_005,188
ACTGAGTACGCAGTGCCGCG_006,175
ATGCCCCGTATAGTAGGCAA_001,121
ATGCCCCGTATAGTAGGCAA_002,10
CCTACCAGAACGCCCGCATG_001,72
CCTACCAGAACGCCCGCATG_002,45
CCTACCAGAACGCCCGCATG_003,132
TACATCATCTTGTCTACAGG_001,182
TACATCATCTTGTCTACAGG_002,104
TACATCATCTTGTCTACAGG_003,147
TACATCATCTTGTCTACAGG_004,108
TACATCATCTTGTCTACAGG_005,161
ATGAGAGCGCCAACTCTCTG_001,82
ATGAGAGCGCCAACTCTCTG_002,48
ATGAGAGCGCCAACTCTCTG_003,18
ATGAGAGCGCCAACTCTCTG_004,130
ATGAGAGCGCCAACTCTCTG_005,38
ATGAGAGCGCCAACTCTCTG_006,17
ATGAGAGCGCCAACTCTCTG_007,16
ATGAGAGCGCCAACTCTCTG_008,64
ATGAGAGCGCCAACTCTCTG_009,76
ATGAGAGCGCCAACTCTCTG_010,181
ATGAGAGCGCCAACTCTCTG_011,83
ATGAGAGCGCCAACTCTCTG_012,134
ATGAGAGCGCCAACTCTCTG_013,169
ATGAGAGCGCCAACTCTCTG_014,84
ATGAGAGCGCCAACTCTCTG_015,22
ATGAGAGCGCCAACTCTCTG_016,16
ATGAGAGCGCCAACTCTCTG_017,145
ATGAGAGCGCCAACTCTCTG_018,66
ACGTTTCGGACGGAGACCAG_001,41
ACGTTTCGGACGGAGACCAG_002,166
ACGTTTCGGACGGAGACCAG_003,15
ACGTTTCGGACGGAGACCAG_004,34
ACGTTTCGGACGGAGACCAG_005,96
ACGTTTCGGACGGAGACCAG_006,24
ACGTTTCGGACGGAGACCAG_007,51
ACGTTTCGGACGGAGACCAG_008,106
ACGTTTCGGACGGAGACCAG_009,8
ACGTTTCGGACGGAGACCAG_010,127
ACGTTTCGGACGGAGACCAG_011,103
ACGTTTCGGACGGAGACCAG_012,147
ACGTTTCGGACGGAGACCAG_013,185
ACGTTTCGGACGGAGACCAG_014,28
TAGCAGGCCCACAATAGGAT_001,87
TAGCAGGCCCACAATAGGAT_002,87
TAGCAGGCCCACAATAGGAT_003,118
TAGCAGGCCCACAATAGGAT_004,169
TAGCAGGCCCACAATAGGAT_005,129
TAGCAGGCCCACAATAGGAT_006,168
TAGCAGGCCCACAATAGGAT_007,20
TAGCAGGCCCACAATAGGAT_008,161
TAGCAGGCCCACAATAGGAT_009,94
TAGCAGGCCCACAATAGGAT_010,148
TCCCTGGCAGGGGATCGTTG_001,66
TCCCTGGCAGGGGATCGTTG_002,61
TCCCTGGCAGGGGATCGTTG_003,197
TCCCTGGCAGGGGATCGTTG_004,108
TCCCTGGCAGGGGATCGTTG_005,81
TCCCTGGCAGGGGATCGTTG_006,8
TCCCTGGCAGGGGATCGTTG_007,56
TCCCTGGCAGGGGATCGTTG_008,77
TCCCTGGCAGGGGATCGTTG_009,11
TCCCTGGCAGGGGATCGTTG_010,157
TCCCTGGCAGGGGATCGTTG_011,29
TCCCTGGCAGGGGATCGTTG_012,98
TCCCTGGCAGGGGATCGTTG_013,188
CCTGGTGCGAGAAATCGCGC_001,122
CCTGGTGCGAGAAATCGCGC_002,11
CCTGGTGCGAGAAATCGCGC_003,89
CCTGGTGCGAGAAATCGCGC_004,8
CCTGGTGCGAGAAATCGCGC_005,6
CCTGGTGCGAGAAATCGCGC_006,70
CCTGGTGCGAGAAATCGCGC_007,162
CCTGGTGCGAGAAATCGCGC_008,130
CCTGGTGCGAGAAATCGCGC_009,169
CCTGGTGCGAGAAATCGCGC_010,184
CCTGGTGCGAGAAATCGCGC_011,1
CCTGGTGCGAGAAATCGCGC_012,198
CCTGGTGCGAGAAATCGCGC_013,90
CTCTCCATCGAATTCTACGA_001,23
GATTCTACCAAGAACAGGCA_001,27
GATTCTACCAAGAACAGGCA_002,188
GATTCTACCAAGAACAGGCA_003,192
GATTCTACCAAGAACAGGCA_004,98
GATTCTACCAAGAACAGGCA_005,139
GATTCTACCAAGAACAGGCA_006,48
GATTCTACCAAGAACAGGCA_007,69
GATTCTACCAAGAACAGGCA_008,150
CCGAGGCGCGGAGATTACGG_001,183
CCGAGGCGCGGAGATTACGG_002,131
CCGAGGCGCGGAGATTACGG_003,153
CCGAGGCGCGGAGATTACGG_004,124
CCGAGGCGCGGAGATTACGG_005,149
CCAGGAGCCAAACTGCACTG_001,104
CCAGGAGCCAAACTGCACTG_002,172
CCAGGAGCCAAACTGCACTG_003,1
CCAGGAGCCAAACTGCACTG_004,131
CCAGGAGCCAAACTGCACTG_005,70
CCAGGAGCCAAACTGCACTG_006,172
CCAGGAGCCAAACTGCACTG_007,144
CCAGGAGCCAAACTGCACTG_008,163
CCAGGAGCCAAACTGCACTG_009,113
CCAGGAGCCAAACTGCACTG_010,58
CCAGGAGCCAAACTGCACTG_011,141
CCAGGAGCCAAACTGCACTG_012,190
CCAGGAGCCAAACTGCACTG_013,197
CCAGGAGCCAAACTGCACTG_014,81
CCAGGAGCCAAACTGCACTG_015,127
CCAGGAGCCAAACTGCACTG_016,186
CCAGGAGCCAAACTGCACTG_017,113
CCAGGAGCCAAACTGCACTG_018,127
CCAGGAGCCAAACTGCACTG_019,31
CCAGGAGCCAAACTGCACTG_020,72
CCAGGAGCCAAACTGCACTG_021,172
CCAGGAGCCAAACTGCACTG_022,51
CCAGGAGCCAAACTGCACTG_023,114
CCAGGAGCCAAACTGCACTG_024,155
CCAGGAGCCAAACTGCACTG_025,161
CCAGGAGCCAAACTGCACTG_026,105
CCAGGAGCCAAACTGCACTG_027,49
CCAGGAGCCAAACTGCACTG_028,26
CCAGGAGCCAAACTGCACTG_029,141
CCAGGAGCCAAACTGCACTG_030,62
CCAGGAGCCAAACTGCACTG_031,62
CCAGGAGCCAAACTGCACTG_032,169
CCAGGAGCCAAACTGCACTG_033,158
CCAGGAGCCAAACTGCACTG_034,188
CCAGGAGCCAAACTGCACTG_035,19
CCAGGAGCCAAACTGCACTG_036,155
CCAGGAGCCAAACTGCACTG_037,46
CCAGGAGCCAAACTGCACTG_038,70
CCAGGAGCCAAACTGCACTG_039,199
CCAGGAGCCAAACTGCACTG_040,4
CCAGGAGCCAAACTGCACTG_041,66
CCAGGAGCCAAACTGCACTG_042,28
CCAGGAGCCAAACTGCACTG_043,197
CCTTAGAGAATTTATGTGAG_001,84
CCTTAGAGAATTTATGTGAG_002,183
CCTTAGAGAATTTATGTGAG_003,8
CCTTAGAGAATTTATGTGAG_004,9
GGTCGCCAGTTTAACGACAC_001,144
GGTCGCCAGTTTAACGACAC_002,158
GGTCGCCAGTTTAACGACAC_003,119
GGTCGCCAGTTTAACGACAC_004,46
GGTCGCCAGTTTAACGACAC_005,144
GGTCGCCAGTTTAACGACAC_006,0
ATAGGTGAGCGCGTTATACA_001,12
ATAGGTGAGCGCGTTATACA_002,15
ATAGGTGAGCGCGTTATACA_003,49
ATAGGTGAGCGCGTTATACA_004,29
ATAGGTGAGCGCGTTATACA_005,6
ATAGGTGAGCGCGTTATACA_006,96
ATAGGTGAGCGCGTTATACA_007,103
ATAGGTGAGCGCGTTATACA_008,145
ATCTTGGCAAACATTCCACC_001,113
ATCTTGGCAAACATTCCACC_002,8
ATCTTGGCAAACATTCCACC_003,121
ATCTTGGCAAACATTCCACC_004,83
ATCTTGGCAAACATTCCACC_005,104
ATCTTGGCAAACATTCCACC_006,8
ATCTTGGCAAACATTCCACC_007,189
ATCTTGGCAAACATTCCACC_008,174
ATCTTGGCAAACATTCCACC_009,31
ATCTTGGCAAACATTCCACC_010,162
ATCTTGGCAAACATTCCACC_011,64
ATCTTGGCAAACATTCCACC_012,47
CCACGAGTACTACAGCCGAG_001,182
CCACGAGTACTACAGCCGAG_002,114
CCACGAGTACTACAGCCGAG_003,63
CCACGAGTACTACAGCCGAG_004,27
CCACGAGTACTACAGCCGAG_005,160
CCACGAGTACTACAGCCGAG_006,158
CCACGAGTACTACAGCCGAG_007,122
CCACGAGTACTACAGCCGAG_008,127
CCACGAGTACTACAGCCGAG_009,8
CCACGAGTACTACAGCCGAG_010,170
CCACGAGTACTACAGCCGAG_011,144
TCACAGAGATGTTCACACAA_001,114
TCACAGAGATGTTCACACAA_002,137
TCACAGAGATGTTCACACAA_003,189
TCACAGAGATGTTCACACAA_004,122
TCACAGAGATGTTCACACAA_005,167
TCACAGAGATGTTCACACAA_006,162
TCACAGAGATGTTCACACAA_007,98
TCACAGAGATGTTCACACAA_008,134
TCACAGAGATGTTCACACAA_009,58
ATGACAGTTGAACAGTGCAG_001,135
ATGACAGTTGAACAGTGCAG_002,52
ATGACAGTTGAACAGTGCAG_003,146
ATGACAGTTGAACAGTGCAG_004,79
ATGACAGTTGAACAGTGCAG_005,65
ATGACAGTTGAACAGTGCAG_006,131
ATGACAGTTGAACAGTGCAG_007,87
ATGACAGTTGAACAGTGCAG_008,83
ATGACAGTTGAACAGTGCAG_009,88
ATGACAGTTGAACAGTGCAG_010,27
ATGACAGTTGAACAGTGCAG_011,198
ATGACAGTTGAACAGTGCAG_012,102
ATGACAGTTGAACAGTGCAG_013,81
ATGACAGTTGAACAGTGCAG_014,70
ATGACAGTTGAACAGTGCAG_015,123
ATGACAGTTGAACAGTGCAG_016,5
ATGACAGTTGAACAGTGCAG_017,66
ATGACAGTTGAACAGTGCAG_018,56
ATGACAGTTGAACAGTGCAG_019,165
ATACCTTGACATAAATCACA_001,108
ATACCTTGACATAAATCACA_002,84
ATACCTTGACATAAATCACA_003,113
ATACCTTGACATAAATCACA_004,148
ATACCTTGACATAAATCACA_005,41
ATACCTTGACATAAATCACA_006,188
ATACCTTGACATAAATCACA_007,127
ATACCTTGACATAAATCACA_008,24
ATACCTTGACATAAATCACA_009,43
ATACCTTGACATAAATCACA_010,67
ATACCTTGACATAAATCACA_011,197
ATACCTTGACATAAATCACA_012,63
GAGGATGAGTAAAATGTCGC_001,171
GAGGATGAGTAAAATGTCGC_002,8
GAGGATGAGTAAAATGTCGC_003,50
ACCATGTCTAGGATAGAGAG_001,163
ACCATGTCTAGGATAGAGAG_002,96
ACCATGTCTAGGATAGAGAG_003,190
ACCATGTCTAGGATAGAGAG_004,118
ACCATGTCTAGGATAGAGAG_005,94
ACCATGTCTAGGATAGAGAG_006,192
ACCATGTCTAGGATAGAGAG_007,78
ACCATGTCTAGGATAGAGAG_008,19
ACCATGTCTAGGATAGAGAG_009,111
ACCATGTCTAGGATAGAGAG_010,190
ACCATGTCTAGGATAGAGAG_011,157
ACCATGTCTAGGATAGAGAG_012,66
ACCATGTCTAGGATAGAGAG_013,68
GAAGAACGTGGGCCGCCACG_001,140
GAAGAACGTGGGCCGCCACG_002,11
GAAGAACGTGGGCCGCCACG_003,118
GAAGAACGTGGGCCGCCACG_004,17
AAAGCTGACAGTGACACTGA_001,24
AAAGCTGACAGTGACACTGA_002,134
AAAGCTGACAGTGACACTGA_003,65
AAAGCTGACAGTGACACTGA_004,150
AAAGCTGACAGTGACACTGA_005,187
AAAGCTGACAGTGACACTGA_006,68
AAAGCTGACAGTGACACTGA_007,169
AAAGCTGACAGTGACACTGA_008,46
AAAGCTGACAGTGACACTGA_009,81
ACTCACCAAATCCCAATACC_001,84
ACTCACCAAATCCCAATACC_002,56
GCTGCAGGACTCACTAAGAG_001,62
GCTGCAGGACTCACTAAGAG_002,198
GCTGCAGGACTCACTAAGAG_003,17
GCTGCAGGACTCACTAAGAG_004,189
GCTGCAGGACTCACTAAGAG_005,65
GCTCCAGAGTTTGCAACCAG_001,146
GCTCCAGAGTTTGCAACCAG_002,48
GCTCCAGAGTTTGCAACCAG_003,122
GCTCCAGAGTTTGCAACCAG_004,12
GCTCCAGAGTTTGCAACCAG_005,78
AGAGGCAGCTGAGGAAGACC_001,184
AGAGGCAGCTGAGGAAGACC_002,64
AGAGGCAGCTGAGGAAGACC_003,63
AGAGGCAGCTGAGGAAGACC_004,98
AGAGGCAGCTGAGGAAGACC_005,142
AGAGGCAGCTGAGGAAGACC_006,174
AGAGGCAGCTGAGGAAGACC_007,191
AGAGGCAGCTGAGGAAGACC_008,184
AGAGGCAGCTGAGGAAGACC_009,99
AGAGGCAGCTGAGGAAGACC_010,7
AGAGGCAGCTGAGGAAGACC_011,92
AGAGGCAGCTGAGGAAGACC_012,52
AGAGGCAGCTGAGGAAGACC_013,196
AGAGGCAGCTGAGGAAGACC_014,198
ACTCTACTATGTGTGTAGAG_001,76
ACGGTGGAGAAATGACAACT_001,35
ACGGTGGAGAAATGACAACT_002,48
ACGGTGGAGAAATGACAACT_003,62
ACGGTGGAGAAATGACAACT_004,171
ACTCTCGTTCCAGTCATAGT_001,188
ACTCTCGTTCCAGTCATAGT_002,154
ACTCTCGTTCCAGTCATAGT_003,139
ACTCTCGTTCCAGTCATAGT_004,163
ACTCTCGTTCCAGTCATAGT_005,194
ACTCTCGTTCCAGTCATAGT_006,65
ACTCTCGTTCCAGTCATAGT_007,121
ACTCTCGTTCCAGTCATAGT_008,130
ACTCTCGTTCCAGTCATAGT_009,105
ACTCTCGTTCCAGTCATAGT_010,174
ACTCTCGTTCCAGTCATAGT_011,38
ACTCTCGTTCCAGTCATAGT_012,0
ACTCTCGTTCCAGTCATAGT_013,61
ACTCTCGTTCCAGTCATAGT_014,90
ACTCTCGTTCCAGTCATAGT_015,126
CCGGTACCAGAACAGCTGCG_001,113
CCGGTACCAGAACAGCTGCG_002,168
CCGGTACCAGAACAGCTGCG_003,199
CCGGTACCAGAACAGCTGCG_004,97
CCGTATCACAGTGGTGCAAG_001,182
CCGTATCACAGTGGTGCAAG_002,43
CCGTATCACAGTGGTGCAAG_003,101
CCGTATCACAGTGGTGCAAG_004,34
CTGCTGAGTTATCTCGTGGG_001,58
CTGCTGAGTTATCTCGTGGG_002,65
CTGCTGAGTTATCTCGTGGG_003,20
CTGCTGAGTTATCTCGTGGG_004,122
CTGCTGAGTTATCTCGTGGG_005,165
GCCATGTCTAAAGCGCTGGT_001,81
GCCATGTCTAAAGCGCTGGT_002,24
GCCATGTCTAAAGCGCTGGT_003,186
GCCATGTCTAAAGCGCTGGT_004,106
GCCATGTCTAAAGCGCTGGT_005,23
GCCATGTCTAAAGCGCTGGT_006,76
GCCATGTCTAAAGCGCTGGT_007,154
AGCTGGTGGAAGAACAGCGT_001,161
AGCTGGTGGAAGAACAGCGT_002,125
AGCTGGTGGAAGAACAGCGT_003,0
CTTTCCTGCTGCGTACACTT_001,172
CTTTCCTGCTGCGTACACTT_002,4
CTTTCCTGCTGCGTACACTT_003,50
CTTTCCTGCTGCGTACACTT_004,105
CTTTCCTGCTGCGTACACTT_005,15
CTTTCCTGCTGCGTACACTT_006,82
CTTTCCTGCTGCGTACACTT_007,137
CTTTCCTGCTGCGTACACTT_008,74
CTTTCCTGCTGCGTACACTT_009,8
CTTTCCTGCTGCGTACACTT_010,31
CTTTCCTGCTGCGTACACTT_011,26
CTTTCCTGCTGCGTACACTT_012,60
CTTTCCTGCTGCGTACACTT_013,82
CTTTCCTGCTGCGTACACTT_014,74
CTTTCCTGCTGCGTACACTT_015,42
CTTTCCTGCTGCGTACACTT_016,151
CTTTCCTGCTGCGTACACTT_017,39
CTTTCCTGCTGCGTACACTT_018,111
CTTTCCTGCTGCGTACACTT_019,63
CTGAAGCGTGGCAGTCGCAA_001,35
CTGAAGCGTGGCAGTCGCAA_002,149
CTGAAGCGTGGCAGTCGCAA_003,177
CTGAAGCGTGGCAGTCGCAA_004,55
CTGAAGCGTGGCAGTCGCAA_005,1
CTGAAGCGTGGCAGTCGCAA_006,169
CTGAAGCGTGGCAGTCGCAA_007,29
CTGAAGCGTGGCAGTCGCAA_008,175
CTGAAGCGTGGCAGTCGCAA_009,182
CTGAAGCGTGGCAGTCGCAA_010,45
CTGAAGCGTGGCAGTCGCAA_011,147
CTGAAGCGTGGCAGTCGCAA_012,171
CTGAAGCGTGGCAGTCGCAA_013,146
CTGAAGCGTGGCAGTCGCAA_014,88
CTGAAGCGTGGCAGTCGCAA_015,69
CTGAAGCGTGGCAGTCGCAA_016,137
CTGAAGCGTGGCAGTCGCAA_017,31
CTGAAGCGTGGCAGTCGCAA_018,148
CTGAAGCGTGGCAGTCGCAA_019,105
CTGAAGCGTGGCAGTCGCAA_020,78
CTGAAGCGTGGCAGTCGCAA_021,148
CTGAAGCGTGGCAGTCGCAA_022,18
CTGAAGCGTGGCAGTCGCAA_023,137
CTGAAGCGTGGCAGTCGCAA_024,168
CTGAAGCGTGGCAGTCGCAA_025,177
ATAAATTCGACATGATCCAG_001,152
ATAAATTCGACATGATCCAG_002,197
ATAAATTCGACATGATCCAG_003,105
GGACTTAGCGGATAATGACG_001,138
ATGAGCCCATGGCCCACTAG_001,169
ATGAGCCCATGGCCCACTAG_002,165
ATGAGCCCATGGCCCACTAG_003,165
ATGAGCCCATGGCCCACTAG_004,187
ATGAGCCCATGGCCCACTAG_005,0
ATGAGCCCATGGCCCACTAG_006,175
ATGAGCCCATGGCCCACTAG_007,175
ATGAGCCCATGGCCCACTAG_008,177
ATGAGCCCATGGCCCACTAG_009,145
ATGAGCCCATGGCCCACTAG_010,186
ATGAGCCCATGGCCCACTAG_011,57
ATGAGCCCATGGCCCACTAG_012,49
ATGAGCCCATGGCCCACTAG_013,175
ATGAGCCCATGGCCCACTAG_014,178
ATGAGCCCATGGCCCACTAG_015,88
ATGAGCCCATGGCCCACTAG_016,172
ATGAGCCCATGGCCCACTAG_017,62
ATGAGCCCATGGCCCACTAG_018,33
ATGAGCCCATGGCCCACTAG_019,35
ATGAGCCCATGGCCCACTAG_020,32
ATGAGCCCATGGCCCACTAG_021,24
ATGAGCCCATGGCCCACTAG_022,23
ATGAGCCCATGGCCCACTAG_023,0
ATGAGCCCATGGCCCACTAG_024,77
ATGAGCCCATGGCCCACTAG_025,40
ATGAGCCCATGGCCCACTAG_026,68
ATGAGCCCATGGCCCACTAG_027,175
ATGAGCCCATGGCCCACTAG_028,154
CACGTGCCGCGGGATGTAGA_001,191
CACGTGCCGCGGGATGTAGA_002,152
CACGTGCCGCGGGATGTAGA_003,48
CACGTGCCGCGGGATGTAGA_004,198
CACGTGCCGCGGGATGTAGA_005,105
CACGTGCCGCGGGATGTAGA_006,127
CACGTGCCGCGGGATGTAGA_007,176
CACGTGCCGCGGGATGTAGA_008,175
CACGTGCCGCGGGATGTAGA_009,24
CACGTGCCGCGGGATGTAGA_010,195
CACGTGCCGCGGGATGTAGA_011,150
CACGTGCCGCGGGATGTAGA_012,1
CACGTGCCGCGGGATGTAGA_013,69
CACGTGCCGCGGGATGTAGA_014,172
CACGTGCCGCGGGATGTAGA_015,1
CACGTGCCGCGGGATGTAGA_016,160
CACGTGCCGCGGGATGTAGA_017,96
CACGTGCCGCGGGATGTAGA_018,44
CACGTGCCGCGGGATGTAGA_019,7
CACGTGCCGCGGGATGTAGA_020,82
CACGTGCCGCGGGATGTAGA_021,12
CACGTGCCGCGGGATGTAGA_022,157
CACGTGCCGCGGGATGTAGA_023,81
CACGTGCCGCGGGATGTAGA_024,8
CACGTGCCGCGGGATGTAGA_025,50
CACGTGCCGCGGGATGTAGA_026,198
CACGTGCCGCGGGATGTAGA_027,91
CACGTGCCGCGGGATGTAGA_028,158
CACGTGCCGCGGGATGTAGA_029,172
CACGTGCCGCGGGATGTAGA_030,113
CACGTGCCGCGGGATGTAGA_031,13
CACGTGCCGCGGGATGTAGA_032,172
CACGTGCCGCGGGATGTAGA_033,169
CACGTGCCGCGGGATGTAGA_034,3
CACGTGCCGCGGGATGTAGA_035,66
CACGTGCCGCGGGATGTAGA_036,135
AGGAATCTGTGAACCGACAG_001,102
AGGAATCTGTGAACCGACAG_002,106
AGGAATCTGTGAACCGACAG_003,106
AGGAATCTGTGAACCGACAG_004,7
AGGAATCTGTGAACCGACAG_005,118
AGGAATCTGTGAACCGACAG_006,148
CTTATCAGCGGACAGAGACC_001,106
CAGAGTCAAGTGCATAAGTG_001,108
CAGAGTCAAGTGCATAAGTG_002,80
CAGAGTCAAGTGCATAAGTG_003,178
CAGAGTCAAGTGCATAAGTG_004,25
CAGAGTCAAGTGCATAAGTG_005,109
CAGAGTCAAGTGCATAAGTG_006,109
CAGAGTCAAGTGCATAAGTG_007,177
TAAGCAGGCCTTGGGTACCT_001,169
TAAGCAGGCCTTGGGTACCT_002,41
TAAGCAGGCCTTGGGTACCT_003,8
TAAGCAGGCCTTGGGTACCT_004,93
TAAGCAGGCCTTGGGTACCT_005,52
TAAGCAGGCCTTGGGTACCT_006,199
TAAGCAGGCCTTGGGTACCT_007,10
TAAGCAGGCCTTGGGTACCT_008,130
TAAGCAGGCCTTGGGTACCT_009,115
TAAGCAGGCCTTGGGTACCT_010,168
TGACAATCCCAAGATATCTG_001,105
TGACAATCCCAAGATATCTG_002,43
GCTAATCAAGCTGAAAACAG_001,22
GCTAATCAAGCTGAAAACAG_002,126
GCTAATCAAGCTGAAAACAG_003,55
TACTCGAAAGTACTCGCAGA_001,29
TACTCGAAAGTACTCGCAGA_002,143
TACTCGAAAGTACTCGCAGA_003,146
TACTCGAAAGTACTCGCAGA_004,60
TACTCGAAAGTACTCGCAGA_005,69
TACTCGAAAGTACTCGCAGA_006,19
TACTCGAAAGTACTCGCAGA_007,59
TACTCGAAAGTACTCGCAGA_008,88
TCTGGGTCATTCCAACCCCC_001,139
CTTGTAAAGTATAACCACCA_001,82
CTTGTAAAGTATAACCACCA_002,114
CGATTCCTCGAAATGAGGTG_001,44
CGATTCCTCGAAATGAGGTG_002,142
CGATTCCTCGAAATGAGGTG_003,60
CGATTCCTCGAAATGAGGTG_004,28
AGGAAGAGCAGCACCGGCGT_001,70
AGGAAGAGCAGCACCGGCGT_002,105
AGGAAGAGCAGCACCGGCGT_003,128
AGGAAGAGCAGCACCGGCGT_004,98
AGGAAGAGCAGCACCGGCGT_005,131
AGGAAGAGCAGCACCGGCGT_006,155
AGGAAGAGCAGCACCGGCGT_007,186
AGGAAGAGCAGCACCGGCGT_008,152
AGGAAGAGCAGCACCGGCGT_009,142
AGGAAGAGCAGCACCGGCGT_010,42
AGGAAGAGCAGCACCGGCGT_011,2
AGGAAGAGCAGCACCGGCGT_012,170
AGGAAGAGCAGCACCGGCGT_013,189
TTCAGGTCGTTCAGGCCTCG_001,154
TTCAGGTCGTTCAGGCCTCG_002,158
TTCAGGTCGTTCAGGCCTCG_003,88
TTCAGGTCGTTCAGGCCTCG_004,195
TTCAGGTCGTTCAGGCCTCG_005,23
TTCAGGTCGTTCAGGCCTCG_006,8
TTCAGGTCGTTCAGGCCTCG_007,102
TTTATGCCAGTAGTACACAG_001,176
TTTATGCCAGTAGTACACAG_002,17
TTTATGCCAGTAGTACACAG_003,107
TTTATGCCAGTAGTACACAG_004,70
TTTATGCCAGTAGTACACAG_005,34
TTTATGCCAGTAGTACACAG_006,152
TTTATGCCAGTAGTACACAG_007,94
TTTATGCCAGTAGTACACAG_008,62
TTTATGCCAGTAGTACACAG_009,50
TTTATGCCAGTAGTACACAG_010,160
TTTATGCCAGTAGTACACAG_011,98
TCACATTCTCCTCTAGAGCG_001,102
TCACATTCTCCTCTAGAGCG_002,121
TCACATTCTCCTCTAGAGCG_003,10
TCACATTCTCCTCTAGAGCG_004,148
CATCAAGGCTCAAATTGTGG_001,72
CATCAAGGCTCAAATTGTGG_002,192
CATCAAGGCTCAAATTGTGG_003,163
CATCAAGGCTCAAATTGTGG_004,172
CATCAAGGCTCAAATTGTGG_005,42
CATCAAGGCTCAAATTGTGG_006,130
CATCAAGGCTCAAATTGTGG_007,189
CATCAAGGCTCAAATTGTGG_008,94
CATCAAGGCTCAAATTGTGG_009,28
CTAATGAGGATCATATCCAA_001,162
CTAATGAGGATCATATCCAA_002,8
CTAATGAGGATCATATCCAA_003,175
CCTATGACCAACGTTCAAGT_001,49
CCTATGACCAACGTTCAAGT_002,183
CCTATGACCAACGTTCAAGT_003,151
CCTATGACCAACGTTCAAGT_004,157
CCTATGACCAACGTTCAAGT_005,19
CCTATGACCAACGTTCAAGT_006,160
ATCCGACGCCTGGCACGGCG_001,49
ATCCGACGCCTGGCACGGCG_002,70
ATCCGACGCCTGGCACGGCG_003,10
ATCCGACGCCTGGCACGGCG_004,166
ATCCGACGCCTGGCACGGCG_005,162
ATCCGACGCCTGGCACGGCG_006,63
ATCCGACGCCTGGCACGGCG_007,77
ATCCGACGCCTGGCACGGCG_008,12
ATCCGACGCCTGGCACGGCG_009,49
ATCCGACGCCTGGCACGGCG_010,26
ATCCGACGCCTGGCACGGCG_011,166
ATCCGACGCCTGGCACGGCG_012,25
ATCCGACGCCTGGCACGGCG_013,134
ATCCGACGCCTGGCACGGCG_014,137
ATCCGACGCCTGGCACGGCG_015,78
ATCCGACGCCTGGCACGGCG_016,106
ATCCGACGCCTGGCACGGCG_017,94
ATCCGACGCCTGGCACGGCG_018,19
ATCCGACGCCTGGCACGGCG_019,7
ATCCGACGCCTGGCACGGCG_020,30
ATCCGACGCCTGGCACGGCG_021,44
ATCCGACGCCTGGCACGGCG_022,137
ATCCGACGCCTGGCACGGCG_023,82
ATCCGACGCCTGGCACGGCG_024,47
ATCCGACGCCTGGCACGGCG_025,61
ATCCGACGCCTGGCACGGCG_026,43
ATCCGACGCCTGGCACGGCG_027,0
ATCCGACGCCTGGCACGGCG_028,8
ATCCGACGCCTGGCACGGCG_029,31
ATCCGACGCCTGGCACGGCG_030,88
GCACTCTGCTGTGTCGCCCG_001,149
GCACTCTGCTGTGTCGCCCG_002,3
GCACTCTGCTGTGTCGCCCG_003,155
GCACTCTGCTGTGTCGCCCG_004,134
GCACTCTGCTGTGTCGCCCG_005,112
GCACTCTGCTGTGTCGCCCG_006,151
GCACTCTGCTGTGTCGCCCG_007,177
TGATGCTCCTGGCACAGATG_001,144
TGATGCTCCTGGCACAGATG_002,175
TGATGCTCCTGGCACAGATG_003,72
TGATGCTCCTGGCACAGATG_004,8
TGATGCTCCTGGCACAGATG_005,28
TGATGCTCCTGGCACAGATG_006,43
TGATGCTCCTGGCACAGATG_007,141
CCTGGCTAACCGGGTAGCCG_001,80
CCTGGCTAACCGGGTAGCCG_002,47
CCTGGCTAACCGGGTAGCCG_003,126
CCTGGCTAACCGGGTAGCCG_004,142
CCTGGCTAACCGGGTAGCCG_005,8
CCTGGCTAACCGGGTAGCCG_006,162
CCTGGCTAACCGGGTAGCCG_007,114
CCTGGCTAACCGGGTAGCCG_008,166
CCTGGCTAACCGGGTAGCCG_009,60
CCTGGCTAACCGGGTAGCCG_010,154
CCTGGCTAACCGGGTAGCCG_011,181
CCTGGCTAACCGGGTAGCCG_012,107
CCTGGCTAACCGGGTAGCCG_013,52
CCTGGCTAACCGGGTAGCCG_014,38
CCTGGCTAACCGGGTAGCCG_015,148
CCTGGCTAACCGGGTAGCCG_016,105
CCTGGCTAACCGGGTAGCCG_017,60
CCTGGCTAACCGGGTAGCCG_018,101
CCTGGCTAACCGGGTAGCCG_019,175
CCTGGCTAACCGGGTAGCCG_020,175
CCTGGCTAACCGGGTAGCCG_021,19
CCTGGCTAACCGGGTAGCCG_022,142
AGTTCTGGCGCACCCGAGAG_001,154
AGTTCTGGCGCACCCGAGAG_002,38
AGTTCTGGCGCACCCGAGAG_003,184
AGTTCTGGCGCACCCGAGAG_004,2
AGTTCTGGCGCACCCGAGAG_005,174
AGTTCTGGCGCACCCGAGAG_006,189
AGTTCTGGCGCACCCGAGAG_007,183
AGTTCTGGCGCACCCGAGAG_008,11
AGTTCTGGCGCACCCGAGAG_009,11
AGGTCTAGCCGTTCAAGTAA_001,120
AGGTCTAGCCGTTCAAGTAA_002,105
AGGTCTAGCCGTTCAAGTAA_003,72
AGGTCTAGCCGTTCAAGTAA_004,35
AGGTCTAGCCGTTCAAGTAA_005,136
CCTAGACTTCTCACCTCCGG_001,111
CCTAGACTTCTCACCTCCGG_002,191
CCTAGACTTCTCACCTCCGG_003,125
CAGTGCAGGACGGAATATAG_001,33
CAGTGCAGGACGGAATATAG_002,62
CAGTGCAGGACGGAATATAG_003,70
CAGTGCAGGACGGAATATAG_004,27
CAGTGCAGGACGGAATATAG_005,35
CAGTGCAGGACGGAATATAG_006,131
CAGTGCAGGACGGAATATAG_007,115
GGCGAGAACTGGTCTCTACA_001,153
GGCGAGAACTGGTCTCTACA_002,90
GGCGAGAACTGGTCTCTACA_003,62
GGCGAGAACTGGTCTCTACA_004,157
GGCGAGAACTGGTCTCTACA_005,79
GGCGAGAACTGGTCTCTACA_006,163
GGCGAGAACTGGTCTCTACA_007,85
GGCGAGAACTGGTCTCTACA_008,36
GGCGAGAACTGGTCTCTACA_009,90
GGCGAGAACTGGTCTCTACA_010,125
GGCGAGAACTGGTCTCTACA_011,144
GGCGAGAACTGGTCTCTACA_012,2
GGCGAGAACTGGTCTCTACA_013,44
GGCGAGAACTGGTCTCTACA_014,162
GGCGAGAACTGGTCTCTACA_015,102
GGCGAGAACTGGTCTCTACA_016,157
GGCGAGAACTGGTCTCTACA_017,118
GGCGAGAACTGGTCTCTACA_018,180
GGCGAGAACTGGTCTCTACA_019,28
GGCGAGAACTGGTCTCTACA_020,121
GTGTACCCAATCACGACAGG_001,134
GTGTACCCAATCACGACAGG_002,53
GTGTACCCAATCACGACAGG_003,35
GTGTACCCAATCACGACAGG_004,172
GTGTACCCAATCACGACAGG_005,61
GTGTACCCAATCACGACAGG_006,12
GTGTACCCAATCACGACAGG_007,197
GTGTACCCAATCACGACAGG_008,24
GTGTACCCAATCACGACAGG_009,48
GTGTACCCAATCACGACAGG_010,151
GTGTACCCAATCACGACAGG_011,94
GTGTACCCAATCACGACAGG_012,40
GTGTACCCAATCACGACAGG_013,113
GTGTACCCAATCACGACAGG_014,24
GTGTACCCAATCACGACAGG_015,29
GTGTACCCAATCACGACAGG_016,20
GTGTACCCAATCACGACAGG_017,132
GTGTACCCAATCACGACAGG_018,22
GTGTACCCAATCACGACAGG_019,160
GTGTACCCAATCACGACAGG_020,89
GTGTACCCAATCACGACAGG_021,165
GTGTACCCAATCACGACAGG_022,81
GTGTACCCAATCACGACAGG_023,197
GTGTACCCAATCACGACAGG_024,35
GTGTACCCAATCACGACAGG_025,9
GTCACGTAACTCACAAAGGG_001,100
GTCACGTAACTCACAAAGGG_002,130
GTCACGTAACTCACAAAGGG_003,133
GTCACGTAACTCACAAAGGG_004,2
GTCACGTAACTCACAAAGGG_005,29
GTCACGTAACTCACAAAGGG_006,157
GTCACGTAACTCACAAAGGG_007,41
GGTGAGGGGAATAAACTCCA_001,151
GGTGAGGGGAATAAACTCCA_002,67
GGTGAGGGGAATAAACTCCA_003,134
GGTGAGGGGAATAAACTCCA_004,40
GGTGAGGGGAATAAACTCCA_005,151
GGTGAGGGGAATAAACTCCA_006,147
GGTGAGGGGAATAAACTCCA_007,54
TCGAACACCTTGTACCAGCT_001,181
TCGAACACCTTGTACCAGCT_002,28
TCGAACACCTTGTACCAGCT_003,174
TCGAACACCTTGTACCAGCT_004,44
TCGAACACCTTGTACCAGCT_005,46
TGGACTTTATCCGACAAAGG_001,127
TGGACTTTATCCGACAAAGG_002,19
TGGACTTTATCCGACAAAGG_003,77
TGGACTTTATCCGACAAAGG_004,19
TCCACGGATCCTCAAAAAGT_001,146
TCCACGGATCCTCAAAAAGT_002,127
TCCACGGATCCTCAAAAAGT_003,41
TCCACGGATCCTCAAAAAGT_004,49
TCCACGGATCCTCAAAAAGT_005,137
TCCACGGATCCTCAAAAAGT_006,103
TCCACGGATCCTCAAAAAGT_007,152
TGCACCTTGGGGAACACTGA_001,144
TGCACCTTGGGGAACACTGA_002,15
TGCACCTTGGGGAACACTGA_003,188
GGTACTCAAAGTCTTTGGGT_001,168
GGTACTCAAAGTCTTTGGGT_002,177
GGTACTCAAAGTCTTTGGGT_003,82
ATGAAGCTGAGTGACCCTGG_001,77
ATGAAGCTGAGTGACCCTGG_002,159
ATGAAGCTGAGTGACCCTGG_003,93
ATGAAGCTGAGTGACCCTGG_004,185
ATGAAGCTGAGTGACCCTGG_005,50
ATGAAGCTGAGTGACCCTGG_006,149
ATGAAGCTGAGTGACCCTGG_007,106
GCCTCATATCCGCTCCAGCG_001,45
GTAACCTCAAAAGCCACAAG_001,123
GTAACCTCAAAAGCCACAAG_002,112
GTAACCTCAAAAGCCACAAG_003,151
GTAACCTCAAAAGCCACAAG_004,59
GTAACCTCAAAAGCCACAAG_005,84
GTAACCTCAAAAGCCACAAG_006,116
GTAACCTCAAAAGCCACAAG_007,179
GTAACCTCAAAAGCCACAAG_008,2
GTAACCTCAAAAGCCACAAG_009,135
GTAACCTCAAAAGCCACAAG_010,192
GTAACCTCAAAAGCCACAAG_011,165
GTAACCTCAAAAGCCACAAG_012,75
GTAACCTCAAAAGCCACAAG_013,174
GTAACCTCAAAAGCCACAAG_014,41
GTAACCTCAAAAGCCACAAG_015,165
GTAACCTCAAAAGCCACAAG_016,175
GTAACCTCAAAAGCCACAAG_017,8
GTAACCTCAAAAGCCACAAG_018,39
CGGAGGTCTTGACAGTCACG_001,112
CGGAGGTCTTGACAGTCACG_002,168
CGGAGGTCTTGACAGTCACG_003,197
CGGAGGTCTTGACAGTCACG_004,68
CGGAGGTCTTGACAGTCACG_005,30
CGGAGGTCTTGACAGTCACG_006,177
CGGAGGTCTTGACAGTCACG_007,65
CGGAGGTCTTGACAGTCACG_008,41
CGGAGGTCTTGACAGTCACG_009,128
CGGAGGTCTTGACAGTCACG_010,108
CGGAGGTCTTGACAGTCACG_011,187
CGGAGGTCTTGACAGTCACG_012,87
CGGAGGTCTTGACAGTCACG_013,3
CGGAGGTCTTGACAGTCACG_014,121
CGGAGGTCTTGACAGTCACG_015,197
CGGAGGTCTTGACAGTCACG_016,76
TGACTACTATACAGACTACG_001,40
GAAACCAATGAGCCATGAGA_001,34
GAAACCAATGAGCCATGAGA_002,145
GAAACCAATGAGCCATGAGA_003,160
GAAACCAATGAGCCATGAGA_004,1
GAAACCAATGAGCCATGAGA_005,138
GAAACCAATGAGCCATGAGA_006,61
GAAACCAATGAGCCATGAGA_007,91
GGAGCGGCCAAAGTTCACGT_001,132
GGAGCGGCCAAAGTTCACGT_002,69
GGAGCGGCCAAAGTTCACGT_003,104
GGAGCGGCCAAAGTTCACGT_004,58
GGAGCGGCCAAAGTTCACGT_005,79
GGAGCGGCCAAAGTTCACGT_006,67
GGAGCGGCCAAAGTTCACGT_007,147
GGAGCGGCCAAAGTTCACGT_008,150
GGAGCGGCCAAAGTTCACGT_009,114
GGAGCGGCCAAAGTTCACGT_010,22
GGAGCGGCCAAAGTTCACGT_011,8
GGAGCGGCCAAAGTTCACGT_012,44
GGAGCGGCCAAAGTTCACGT_013,49
GGAGCGGCCAAAGTTCACGT_014,0
GGAGCGGCCAAAGTTCACGT_015,188
GGAGCGGCCAAAGTTCACGT_016,151
GGAGCGGCCAAAGTTCACGT_017,28
GGAGCGGCCAAAGTTCACGT_018,153
GTGGCCTCTTCAACTAATGG_001,94
GTGGCCTCTTCAACTAATGG_002,159
TGATGATCCACACAAAGAGG_001,47
TGATGATCCACACAAAGAGG_002,63
TGATGATCCACACAAAGAGG_003,144
TGATGATCCACACAAAGAGG_004,49
TGAGCCCACTTAAGCCCCCA_001,92
TGAGCCCACTTAAGCCCCCA_002,159
TGAGCCCACTTAAGCCCCCA_003,147
TGAGCCCACTTAAGCCCCCA_004,177
TGAGCCCACTTAAGCCCCCA_005,115
TGAGCCCACTTAAGCCCCCA_006,57
TGAGCCCACTTAAGCCCCCA_007,105
CTAAGAGCCAGGCAACAGGT_001,75
CTAAGAGCCAGGCAACAGGT_002,29
CTAAGAGCCAGGCAACAGGT_003,161
CTAAGAGCCAGGCAACAGGT_004,88
CTAAGAGCCAGGCAACAGGT_005,105
CTAAGAGCCAGGCAACAGGT_006,26
CTAAGAGCCAGGCAACAGGT_007,7
CTAAGAGCCAGGCAACAGGT_008,146
TTATTAAATACAATCAACAT_001,67
TTATTAAATACAATCAACAT_002,56
TTATTAAATACAATCAACAT_003,102
TTATTAAATACAATCAACAT_004,185
TTATTAAATACAATCAACAT_005,34
TTATTAAATACAATCAACAT_006,192
TTATTAAATACAATCAACAT_007,69
AGTTCAAAGCTACTTACGAT_001,127
AGTTCAAAGCTACTTACGAT_002,46
AGTTCAAAGCTACTTACGAT_003,47
AGTTCAAAGCTACTTACGAT_004,155
AGGAGCACCAAACCGATGGG_001,198
AGGAGCACCAAACCGATGGG_002,151
AGGAGCACCAAACCGATGGG_003,166
AGGAGCACCAAACCGATGGG_004,120
AGGAGCACCAAACCGATGGG_005,34
AGGAGCACCAAACCGATGGG_006,41
AGGAGCACCAAACCGATGGG_007,185
AGGAGCACCAAACCGATGGG_008,141
AGGAGCACCAAACCGATGGG_009,46
AGGAGCACCAAACCGATGGG_010,179
AGGAGCACCAAACCGATGGG_011,2
AGGAGCACCAAACCGATGGG_012,65
AGGAGCACCAAACCGATGGG_013,42
AGGAGCACCAAACCGATGGG_014,62
AGGAGCACCAAACCGATGGG_015,160
AGGAGCACCAAACCGATGGG_016,76
AGGAGCACCAAACCGATGGG_017,96
AGGAGCACCAAACCGATGGG_018,147
AGGAGCACCAAACCGATGGG_019,2
AGGAGCACCAAACCGATGGG_020,28
CGGTAATGAATTCCACCCAG_001,77
GTCTCTGAGAGTGCAGCACA_001,96
GTCTCTGAGAGTGCAGCACA_002,103
GTCTCTGAGAGTGCAGCACA_003,49
GTCTCTGAGAGTGCAGCACA_004,190
GTCTCTGAGAGTGCAGCACA_005,172
GTCTCTGAGAGTGCAGCACA_006,157
GTCTCTGAGAGTGCAGCACA_007,107
GTCTCTGAGAGTGCAGCACA_008,16
GTCTCTGAGAGTGCAGCACA_009,115
GTCTCTGAGAGTGCAGCACA_010,79
GTCTCTGAGAGTGCAGCACA_011,188
GTCTCTGAGAGTGCAGCACA_012,26
GTCTCTGAGAGTGCAGCACA_013,88
GTCTCTGAGAGTGCAGCACA_014,81
GTCTCTGAGAGTGCAGCACA_015,147
GTCTCTGAGAGTGCAGCACA_016,29
GTCTCTGAGAGTGCAGCACA_017,112
GTCTCTGAGAGTGCAGCACA_018,153
GTCTCTGAGAGTGCAGCACA_019,76
GTCTCTGAGAGTGCAGCACA_020,102
GTCTCTGAGAGTGCAGCACA_021,191
GTCTCTGAGAGTGCAGCACA_022,189
TTTCTATAGCCTAACTTACG_001,9
TTTCTATAGCCTAACTTACG_002,115
TTTCTATAGCCTAACTTACG_003,12
TTTCTATAGCCTAACTTACG_004,149
TTTCTATAGCCTAACTTACG_005,77
TTTCTATAGCCTAACTTACG_006,118
TTTCTATAGCCTAACTTACG_007,105
CGTTTGTCATCAGAATCAGA_001,117
CGTTTGTCATCAGAATCAGA_002,158
CGGCCAGTATAGGTGATGGG_001,2
CGGCCAGTATAGGTGATGGG_002,59
CGGCCAGTATAGGTGATGGG_003,52
CGGCCAGTATAGGTGATGGG_004,113
CGGCCAGTATAGGTGATGGG_005,69
CGGCCAGTATAGGTGATGGG_006,159
CGGCCAGTATAGGTGATGGG_007,13
CGGCCAGTATAGGTGATGGG_008,48
CGGCCAGTATAGGTGATGGG_009,64
CGGCCAGTATAGGTGATGGG_010,30
CGGCCAGTATAGGTGATGGG_011,31
CGGCCAGTATAGGTGATGGG_012,158
CGGCCAGTATAGGTGATGGG_013,48
CGGCCAGTATAGGTGATGGG_014,10
CTTATCTGTAGGACAAGTGT_001,67
CTTATCTGTAGGACAAGTGT_002,67
AGTTGACTGACAATGAGTCG_001,43
AGTTGACTGACAATGAGTCG_002,39
AGTTGACTGACAATGAGTCG_003,136
AGTTGACTGACAATGAGTCG_004,29
TGAGACCTCTTGGTATCGCT_001,134
TGAGACCTCTTGGTATCGCT_002,137
TGAGACCTCTTGGTATCGCT_003,115
TGAGACCTCTTGGTATCGCT_004,15
TGAGACCTCTTGGTATCGCT_005,56
TGAGACCTCTTGGTATCGCT_006,126
TGAGACCTCTTGGTATCGCT_007,172
CCTGCGTTCTGAACTCACGG_001,140
CCTGCGTTCTGAACTCACGG_002,74
CCTGCGTTCTGAACTCACGG_003,175
CCTGCGTTCTGAACTCACGG_004,51
CCTGCGTTCTGAACTCACGG_005,56
CCTGCGTTCTGAACTCACGG_006,116
CCTGCGTTCTGAACTCACGG_007,127
CCTGCGTTCTGAACTCACGG_008,146
CCTGCGTTCTGAACTCACGG_009,94
CGGACCCCCGCGGCGCAACG_001,85
CGGACCCCCGCGGCGCAACG_002,139
CGGACCCCCGCGGCGCAACG_003,1
CGGACCCCCGCGGCGCAACG_004,94
CGGACCCCCGCGGCGCAACG_005,160
CGGACCCCCGCGGCGCAACG_006,143
CGGACCCCCGCGGCGCAACG_007,169
CGGACCCCCGCGGCGCAACG_008,65
CGGACCCCCGCGGCGCAACG_009,162
CGGACCCCCGCGGCGCAACG_010,76
CGGACCCCCGCGGCGCAACG_011,105
CGGACCCCCGCGGCGCAACG_012,124
CGGACCCCCGCGGCGCAACG_013,90
CGGACCCCCGCGGCGCAACG_014,118
CGGACCCCCGCGGCGCAACG_015,17
CGGCCGCTCACATGTCCCGC_001,103
CGGCCGCTCACATGTCCCGC_002,2
CGGCCGCTCACATGTCCCGC_003,144
CGGCCGCTCACATGTCCCGC_004,91
CGGCCGCTCACATGTCCCGC_005,88
CGGCCGCTCACATGTCCCGC_006,174
CGGCCGCTCACATGTCCCGC_007,27
CGGCCGCTCACATGTCCCGC_008,113
CGGCCGCTCACATGTCCCGC_009,77
CGGCCGCTCACATGTCCCGC_010,147
CGGCCGCTCACATGTCCCGC_011,56
CGGCCGCTCACATGTCCCGC_012,199
CGGCCGCTCACATGTCCCGC_013,2
CGGCCGCTCACATGTCCCGC_014,175
CGGCCGCTCACATGTCCCGC_015,78
CGGCCGCTCACATGTCCCGC_016,90
CGGCCGCTCACATGTCCCGC_017,49
CGGCCGCTCACATGTCCCGC_018,171
GAAAAAGATACACGGCTTTG_001,15
GCCTCAAGAGATATCTGGAT_001,5
GCCTCAAGAGATATCTGGAT_002,167
TCGGTCGACCCTCTCAGCAA_001,197
TCGGTCGACCCTCTCAGCAA_002,177
TCAGTCTAAGGGTCGATACA_001,133
TCAGTCTAAGGGTCGATACA_002,72
TCAGTCTAAGGGTCGATACA_003,82
TCAGTCTAAGGGTCGATACA_004,15
TCAGTCTAAGGGTCGATACA_005,5
TCAGTCTAAGGGTCGATACA_006,192
TCAGTCTAAGGGTCGATACA_007,94
TCAGTCTAAGGGTCGATACA_008,105
TCAGTCTAAGGGTCGATACA_009,52
TCAGTCTAAGGGTCGATACA_010,72
TCAGTCTAAGGGTCGATACA_011,198
TCAGTCTAAGGGTCGATACA_012,174
TCAGTCTAAGGGTCGATACA_013,121
TCAGTCTAAGGGTCGATACA_014,41
TCAGTCTAAGGGTCGATACA_015,79
TCAGTCTAAGGGTCGATACA_016,123
TCAGTCTAAGGGTCGATACA_017,168
CGTCAAGTAGGTTAGGTAGG_001,83
CGTCAAGTAGGTTAGGTAGG_002,121
GACTGCAAATCTGACCACCG_001,10
GACTGCAAATCTGACCACCG_002,137
GACTGCAAATCTGACCACCG_003,134
GACTGCAAATCTGACCACCG_004,134
GACTGCAAATCTGACCACCG_005,194
GACTGCAAATCTGACCACCG_006,191
GACTGCAAATCTGACCACCG_007,62
GACTGCAAATCTGACCACCG_008,51
GACTGCAAATCTGACCACCG_009,170
GACTGCAAATCTGACCACCG_010,131
GACTGCAAATCTGACCACCG_011,119
GACTGCAAATCTGACCACCG_012,172
GACTGCAAATCTGACCACCG_013,27
GGTGGAGGAGTCCAACTCAG_001,50
GGTGGAGGAGTCCAACTCAG_002,78
GGTGGAGGAGTCCAACTCAG_003,158
GGTGGAGGAGTCCAACTCAG_004,172
GGTGGAGGAGTCCAACTCAG_005,176
GGTGGAGGAGTCCAACTCAG_006,52
GGTGGAGGAGTCCAACTCAG_007,133
GGTGGAGGAGTCCAACTCAG_008,188
GGTGGAGGAGTCCAACTCAG_009,5
GGTGGAGGAGTCCAACTCAG_010,84
GGTGGAGGAGTCCAACTCAG_011,55
GGTGGAGGAGTCCAACTCAG_012,46
GGTGGAGGAGTCCAACTCAG_013,104
GGTGGAGGAGTCCAACTCAG_014,77
GGTGGAGGAGTCCAACTCAG_015,64
GGTGGAGGAGTCCAACTCAG_016,125
GGTGGAGGAGTCCAACTCAG_017,46
GGTGGAGGAGTCCAACTCAG_018,32
GGTGGAGGAGTCCAACTCAG_019,8
GGTGGAGGAGTCCAACTCAG_020,32
GGTGGAGGAGTCCAACTCAG_021,46
GGTGGAGGAGTCCAACTCAG_022,35
GGTGGAGGAGTCCAACTCAG_023,49
GGTGGAGGAGTCCAACTCAG_024,49
GGTGGAGGAGTCCAACTCAG_025,138
GGTGGAGGAGTCCAACTCAG_026,165
CGGTTGAAAGACTCCCGTGG_001,105
CGGTTGAAAGACTCCCGTGG_002,191
CGGTTGAAAGACTCCCGTGG_003,118
CGGTTGAAAGACTCCCGTGG_004,150
CGGTTGAAAGACTCCCGTGG_005,147
CGGTTGAAAGACTCCCGTGG_006,144
CGGTTGAAAGACTCCCGTGG_007,9
CGGTTGAAAGACTCCCGTGG_008,147
CGGTTGAAAGACTCCCGTGG_009,88
CGGTTGAAAGACTCCCGTGG_010,16
CGGTTGAAAGACTCCCGTGG_011,34
CGGTTGAAAGACTCCCGTGG_012,168
CGGTTGAAAGACTCCCGTGG_013,185
GTGGAAAGTCCAATCATGTG_001,146
GTGGAAAGTCCAATCATGTG_002,167
GTGGAAAGTCCAATCATGTG_003,167
TGAGACAGCACTGAAAATGG_001,198
TGAGACAGCACTGAAAATGG_002,3
AATAGGGATCGTCCAACCCG_001,8
AATAGGGATCGTCCAACCCG_002,60
AATAGGGATCGTCCAACCCG_003,6
AATAGGGATCGTCCAACCCG_004,47
AATAGGGATCGTCCAACCCG_005,36
AATAGGGATCGTCCAACCCG_006,153
AATAGGGATCGTCCAACCCG_007,152
AATAGGGATCGTCCAACCCG_008,5
AATAGGGATCGTCCAACCCG_009,162
AATAGGGATCGTCCAACCCG_010,65
AATAGGGATCGTCCAACCCG_011,182
AATAGGGATCGTCCAACCCG_012,70
GTTCTCGCAGATTTCCAAAG_001,168
GTTCTCGCAGATTTCCAAAG_002,126
GTTCTCGCAGATTTCCAAAG_003,179
TTGAGGAATTCCTACAAGAG_001,103
TTGAGGAATTCCTACAAGAG_002,171
TTGAGGAATTCCTACAAGAG_003,196
GTCCATATACCATCCAGTCA_001,107
GAGTTCGACTACGCGCGCTG_001,123
GAGTTCGACTACGCGCGCTG_002,105
GAGTTCGACTACGCGCGCTG_003,196
GAGTTCGACTACGCGCGCTG_004,60
GAGTTCGACTACGCGCGCTG_005,58
GAGTTCGACTACGCGCGCTG_006,34
GAGTTCGACTACGCGCGCTG_007,166
GAGTTCGACTACGCGCGCTG_008,50
GAGTTCGACTACGCGCGCTG_009,158
GAGTTCGACTACGCGCGCTG_010,46
GAGTTCGACTACGCGCGCTG_011,178
GAGTTCGACTACGCGCGCTG_012,6
GAGTTCGACTACGCGCGCTG_013,20
GAGTTCGACTACGCGCGCTG_014,169
GAGTTCGACTACGCGCGCTG_015,145
GAGTTCGACTACGCGCGCTG_016,48
GAGTTCGACTACGCGCGCTG_017,69
GAGTTCGACTACGCGCGCTG_018,141
AAGCCAGACTATGTGACGAC_001,173
AAGCCAGACTATGTGACGAC_002,110
AAGCCAGACTATGTGACGAC_003,77
AAGCCAGACTATGTGACGAC_004,35
AAGCCAGACTATGTGACGAC_005,161
AAGCCAGACTATGTGACGAC_006,177
AAGCCAGACTATGTGACGAC_007,138
CCACGGTGATCATCGCTGCA_001,16
CCACGGTGATCATCGCTGCA_002,68
CCACGGTGATCATCGCTGCA_003,59
CCACGGTGATCATCGCTGCA_004,167
CCACGGTGATCATCGCTGCA_005,23
TGATTTCCGGTTCCCCCTGG_001,95
TGATTTCCGGTTCCCCCTGG_002,55
TGATTTCCGGTTCCCCCTGG_003,165
TGATTTCCGGTTCCCCCTGG_004,7
TGATTTCCGGTTCCCCCTGG_005,45
TGATTTCCGGTTCCCCCTGG_006,42
TGATTTCCGGTTCCCCCTGG_007,33
TGATTTCCGGTTCCCCCTGG_008,151
TGATTTCCGGTTCCCCCTGG_009,157
TGATTTCCGGTTCCCCCTGG_010,4
TGATTTCCGGTTCCCCCTGG_011,117
GCTCCAGCGTACCGCCATCG_001,77
GCTCCAGCGTACCGCCATCG_002,185
GCTCCAGCGTACCGCCATCG_003,158
GCTCCAGCGTACCGCCATCG_004,194
GCTCCAGCGTACCGCCATCG_005,141
GCTCCAGCGTACCGCCATCG_006,58
GCTCCAGCGTACCGCCATCG_007,59
GGGCGCTGGCTGATCGAGGG_001,169
GGGCGCTGGCTGATCGAGGG_002,123
GGGCGCTGGCTGATCGAGGG_003,141
GGGCGCTGGCTGATCGAGGG_004,177
GGGCGCTGGCTGATCGAGGG_005,12
GGGCGCTGGCTGATCGAGGG_006,182
GGGCGCTGGCTGATCGAGGG_007,121
GGGCGCTGGCTGATCGAGGG_008,60
GGGCGCTGGCTGATCGAGGG_009,94
GGGCGCTGGCTGATCGAGGG_010,37
GGGCGCTGGCTGATCGAGGG_011,147
GGGCGCTGGCTGATCGAGGG_012,64
GGGCGCTGGCTGATCGAGGG_013,65
GGGCGCTGGCTGATCGAGGG_014,20
GGGCGCTGGCTGATCGAGGG_015,13
ACCTTCCTGTTAATGTACGT_001,40
ACCTTCCTGTTAATGTACGT_002,176
ACCTTCCTGTTAATGTACGT_003,41
ACCTTCCTGTTAATGTACGT_004,70
CCCCAATGATGAGACCACTG_001,8
CCCCAATGATGAGACCACTG_002,48
CCCCAATGATGAGACCACTG_003,77
CCCCAATGATGAGACCACTG_004,190
CCCCAATGATGAGACCACTG_005,17
CCCCAATGATGAGACCACTG_006,62
CCCCAATGATGAGACCACTG_007,155
CCCCAATGATGAGACCACTG_008,6
CCCCAATGATGAGACCACTG_009,97
GCAGATTGGAAGTATCAAAG_001,30
GCAGATTGGAAGTATCAAAG_002,126
GTGAAGAGAGAACTTATCCA_001,17
GTGAAGAGAGAACTTATCCA_002,141
GTGAAGAGAGAACTTATCCA_003,162
GTGAAGAGAGAACTTATCCA_004,113
GTGAAGAGAGAACTTATCCA_005,187
AACTTGGACTTAGCAACTCG_001,188
AACTTGGACTTAGCAACTCG_002,158
AACTTGGACTTAGCAACTCG_003,190
AACTTGGACTTAGCAACTCG_004,162
AACTTGGACTTAGCAACTCG_005,76
AACTTGGACTTAGCAACTCG_006,120
AACTTGGACTTAGCAACTCG_007,170
AACTTGGACTTAGCAACTCG_008,116
AACTTGGACTTAGCAACTCG_009,68
AACTTGGACTTAGCAACTCG_010,58
AACTTGGACTTAGCAACTCG_011,61
CTGCACATGGATCTGTAGCG_001,184
CTGCACATGGATCTGTAGCG_002,42
CTGCACATGGATCTGTAGCG_003,37
CTGCACATGGATCTGTAGCG_004,37
TCGGAATGGATCCATCATGG_001,83
TCGGAATGGATCCATCATGG_002,178
TCCGGGAAGTTTACAGACCG_001,0
TCCGGGAAGTTTACAGACCG_002,195
TCCGGGAAGTTTACAGACCG_003,96
TCCGGGAAGTTTACAGACCG_004,107
TTTGGGCTATCCACGCGCTG_001,147
TTTGGGCTATCCACGCGCTG_002,168
TTTGGGCTATCCACGCGCTG_003,172
TTTGGGCTATCCACGCGCTG_004,48
TTTGGGCTATCCACGCGCTG_005,58
TTTGGGCTATCCACGCGCTG_006,167
TGGAAAAAATGCTGCCACAG_001,187
TGGAAAAAATGCTGCCACAG_002,157
TGGAAAAAATGCTGCCACAG_003,148
TGGAAAAAATGCTGCCACAG_004,66
TGGAAAAAATGCTGCCACAG_005,3
TGGAAAAAATGCTGCCACAG_006,94
TGGAAAAAATGCTGCCACAG_007,6
TGGAAAAAATGCTGCCACAG_008,90
TGGAAAAAATGCTGCCACAG_009,163
GGAGTTGTGCTGAAAGGATG_001,147
GGAGTTGTGCTGAAAGGATG_002,197
GGAGTTGTGCTGAAAGGATG_003,157
GGAGTTGTGCTGAAAGGATG_004,151
GGAGTTGTGCTGAAAGGATG_005,187
GGAGTTGTGCTGAAAGGATG_006,116
GGAGTTGTGCTGAAAGGATG_007,104
GGAGTTGTGCTGAAAGGATG_008,13
GGAGTTGTGCTGAAAGGATG_009,190
GGAGTTGTGCTGAAAGGATG_010,1
GGAGTTGTGCTGAAAGGATG_011,6
TGCGGAGCAGCATCTCGCCG_001,48
TGCGGAGCAGCATCTCGCCG_002,153
TGCGGAGCAGCATCTCGCCG_003,50
TGCGGAGCAGCATCTCGCCG_004,127
TGCGGAGCAGCATCTCGCCG_005,98
TGCGGAGCAGCATCTCGCCG_006,119
GAGGAGGCCACCGAAGCTCG_001,23
GAGGAGGCCACCGAAGCTCG_002,88
GAGGAGGCCACCGAAGCTCG_003,137
GAGGAGGCCACCGAAGCTCG_004,52
GAGGAGGCCACCGAAGCTCG_005,94
GAGGAGGCCACCGAAGCTCG_006,186
GAGGAGGCCACCGAAGCTCG_007,193
GAGGAGGCCACCGAAGCTCG_008,135
GAGGAGGCCACCGAAGCTCG_009,31
CAGGGGACATAGGCCCACAA_001,4
CAGGGGACATAGGCCCACAA_002,137
CAGGGGACATAGGCCCACAA_003,163
CAGGGGACATAGGCCCACAA_004,103
CAGGGGACATAGGCCCACAA_005,195
CAGGGGACATAGGCCCACAA_006,184
CAGGGGACATAGGCCCACAA_007,19
CAGGGGACATAGGCCCACAA_008,172
CAGGGGACATAGGCCCACAA_009,157
CAGGGGACATAGGCCCACAA_010,49
CAGGGGACATAGGCCCACAA_011,192
CAGGGGACATAGGCCCACAA_012,98
CAGGGGACATAGGCCCACAA_013,104
CAGGGGACATAGGCCCACAA_014,20
CAGGGGACATAGGCCCACAA_015,196
CAGGGGACATAGGCCCACAA_016,52
CAGGGGACATAGGCCCACAA_017,16
CAGGGGACATAGGCCCACAA_018,177
CTACTTGTTGCACAAATTCG_001,38
CTACTTGTTGCACAAATTCG_002,83
CAGACGGGTGATGCTCATGT_001,49
CAGACGGGTGATGCTCATGT_002,113
CAGACGGGTGATGCTCATGT_003,194
CAGACGGGTGATGCTCATGT_004,178
CAGACGGGTGATGCTCATGT_005,140
CAGACGGGTGATGCTCATGT_006,146
CAGACGGGTGATGCTCATGT_007,96
CAGACGGGTGATGCTCATGT_008,34
CAGACGGGTGATGCTCATGT_009,91
CAGACGGGTGATGCTCATGT_010,104
CAGACGGGTGATGCTCATGT_011,115
CAGACGGGTGATGCTCATGT_012,49
CAGACGGGTGATGCTCATGT_013,148
TGCCCTAGGTACGTACCTGT_001,123
TGCCCTAGGTACGTACCTGT_002,32
TGCCCTAGGTACGTACCTGT_003,28
TGCCCTAGGTACGTACCTGT_004,191
TGCCCTAGGTACGTACCTGT_005,102
TGCCCTAGGTACGTACCTGT_006,63
TGCCCTAGGTACGTACCTGT_007,106
TGCCCTAGGTACGTACCTGT_008,35
ACATGTTTATCTATATCTCA_001,72
TCACCCGCATTGGCTCATCG_001,116
TCACCCGCATTGGCTCATCG_002,94
TCACCCGCATTGGCTCATCG_003,65
TCACCCGCATTGGCTCATCG_004,14
TCACCCGCATTGGCTCATCG_005,170
TCAGTGTCGGCTTCCAGCTG_001,17
TCAGTGTCGGCTTCCAGCTG_002,119
TCAGTGTCGGCTTCCAGCTG_003,59
TCAGTGTCGGCTTCCAGCTG_004,88
TCAGTGTCGGCTTCCAGCTG_005,88
TCAGTGTCGGCTTCCAGCTG_006,112
TCAGTGTCGGCTTCCAGCTG_007,14
TCAGTGTCGGCTTCCAGCTG_008,17
TCAGTGTCGGCTTCCAGCTG_009,47
TCAGTGTCGGCTTCCAGCTG_010,100
TCAGTGTCGGCTTCCAGCTG_011,108
TCAGTGTCGGCTTCCAGCTG_012,171
TCAGTGTCGGCTTCCAGCTG_013,32
TCAGTGTCGGCTTCCAGCTG_014,61
TCAGTGTCGGCTTCCAGCTG_015,180
GGTACCCCCGCAGAAGCGGA_001,185
GGTACCCCCGCAGAAGCGGA_002,88
GGTACCCCCGCAGAAGCGGA_003,35
GGTACCCCCGCAGAAGCGGA_004,84
GGTACCCCCGCAGAAGCGGA_005,22
GGTACCCCCGCAGAAGCGGA_006,15
GGTACCCCCGCAGAAGCGGA_007,126
GGTACCCCCGCAGAAGCGGA_008,1
GGTACCCCCGCAGAAGCGGA_009,140
GGTACCCCCGCAGAAGCGGA_010,114
GGTACCCCCGCAGAAGCGGA_011,148
GGTACCCCCGCAGAAGCGGA_012,173
GGTACCCCCGCAGAAGCGGA_013,149
GGTACCCCCGCAGAAGCGGA_014,45
GGTACCCCCGCAGAAGCGGA_015,98
GGTACCCCCGCAGAAGCGGA_016,88
GGTACCCCCGCAGAAGCGGA_017,129
GGTACCCCCGCAGAAGCGGA_018,29
GGTACCCCCGCAGAAGCGGA_019,125
GGTACCCCCGCAGAAGCGGA_020,78
GGTACCCCCGCAGAAGCGGA_021,157
GGTACCCCCGCAGAAGCGGA_022,70
GTCGGGGGTGTAGGTTATGG_001,108
GTCGGGGGTGTAGGTTATGG_002,18
GTCGGGGGTGTAGGTTATGG_003,7
GTCGGGGGTGTAGGTTATGG_004,146
GTCGGGGGTGTAGGTTATGG_005,72
GTCGGGGGTGTAGGTTATGG_006,169
GTCGGGGGTGTAGGTTATGG_007,113
GTCGGGGGTGTAGGTTATGG_008,50
GTCGGGGGTGTAGGTTATGG_009,186
GTCGGGGGTGTAGGTTATGG_010,31
GTCGGGGGTGTAGGTTATGG_011,65
GTCGGGGGTGTAGGTTATGG_012,147
GTCGGGGGTGTAGGTTATGG_013,76
GTCGGGGGTGTAGGTTATGG_014,157
GTCGGGGGTGTAGGTTATGG_015,20
GTGGCCCGCGACCTATTGAG_001,83
GTGGCCCGCGACCTATTGAG_002,35
GTGGCCCGCGACCTATTGAG_003,120
GTGGCCCGCGACCTATTGAG_004,3
GTGGCCCGCGACCTATTGAG_005,72
GTGGCCCGCGACCTATTGAG_006,135
AGCTGCCTTGCTGTACTCGG_001,118
AGCTGCCTTGCTGTACTCGG_002,130
AGCTGCCTTGCTGTACTCGG_003,140
AGCTGCCTTGCTGTACTCGG_004,41
AGCTGCCTTGCTGTACTCGG_005,91
AGCTGCCTTGCTGTACTCGG_006,128
AGCTGCCTTGCTGTACTCGG_007,195
AGCTGCCTTGCTGTACTCGG_008,105
AGCTGCCTTGCTGTACTCGG_009,29
AGCTGCCTTGCTGTACTCGG_010,170
AGCTGCCTTGCTGTACTCGG_011,1
AGCTGCCTTGCTGTACTCGG_012,147
AGCTGCCTTGCTGTACTCGG_013,61
AGCTGCCTTGCTGTACTCGG_014,172
AGCTGCCTTGCTGTACTCGG_015,47
AGCTGCCTTGCTGTACTCGG_016,108
AGCTGCCTTGCTGTACTCGG_017,152
AGCTGCCTTGCTGTACTCGG_018,199
AGCTGCCTTGCTGTACTCGG_019,25
AGCTGCCTTGCTGTACTCGG_020,162
AGCTGCCTTGCTGTACTCGG_021,53
AGCTGCCTTGCTGTACTCGG_022,174
AGCTGCCTTGCTGTACTCGG_023,23
AGCTGCCTTGCTGTACTCGG_024,138
CATACAACAATAACCCGGGT_001,121
CATACAACAATAACCCGGGT_002,113
CATACAACAATAACCCGGGT_003,19
CATACAACAATAACCCGGGT_004,31
TCGCTGCGCAGTCGCCACGC_001,154
TCGCTGCGCAGTCGCCACGC_002,177
TCGCTGCGCAGTCGCCACGC_003,106
TCGCTGCGCAGTCGCCACGC_004,94
TCGCTGCGCAGTCGCCACGC_005,140
TCGCTGCGCAGTCGCCACGC_006,174
TCGCTGCGCAGTCGCCACGC_007,60
TGAAGGACGGTACCGACTAG_001,166
TGAAGGACGGTACCGACTAG_002,185
TGAAGGACGGTACCGACTAG_003,93
TGAAGGACGGTACCGACTAG_004,16
TGAAGGACGGTACCGACTAG_005,32
TGAAGGACGGTACCGACTAG_006,146
TGAAGGACGGTACCGACTAG_007,158
TGAAGGACGGTACCGACTAG_008,76
TGAAGGACGGTACCGACTAG_009,140
TGAAGGACGGTACCGACTAG_010,1
TGAAGGACGGTACCGACTAG_011,17
TGAAGGACGGTACCGACTAG_012,145
TGAAGGACGGTACCGACTAG_013,11
TTAATGTCTGGAAAATCACA_001,182
TTAATGTCTGGAAAATCACA_002,90
TTAATGTCTGGAAAATCACA_003,144
TTAATGTCTGGAAAATCACA_004,33
ATAGATGCAATGGTGCACAT_001,57
ATAGATGCAATGGTGCACAT_002,190
ATAGATGCAATGGTGCACAT_003,170
ATAGATGCAATGGTGCACAT_004,127
ATAGATGCAATGGTGCACAT_005,70
ATAGATGCAATGGTGCACAT_006,127
ATAGATGCAATGGTGCACAT_007,185
ATAGATGCAATGGTGCACAT_008,189
ATAGATGCAATGGTGCACAT_009,60
ATAGATGCAATGGTGCACAT_010,129
ATAGATGCAATGGTGCACAT_011,150
ATAGATGCAATGGTGCACAT_012,170
ATAGATGCAATGGTGCACAT_013,176
ATAGATGCAATGGTGCACAT_014,191
ATAGATGCAATGGTGCACAT_015,36
ATAGATGCAATGGTGCACAT_016,70
ATAGATGCAATGGTGCACAT_017,153
ATAGATGCAATGGTGCACAT_018,34
ATAGATGCAATGGTGCACAT_019,112
ATAGATGCAATGGTGCACAT_020,76
CTGACACTTTATACTGGAAG_001,122
GTGCCCTTGCCCGAGCCGGG_001,15
GTGCCCTTGCCCGAGCCGGG_002,94
GTGCCCTTGCCCGAGCCGGG_003,199
GTGCCCTTGCCCGAGCCGGG_004,133
GTGCCCTTGCCCGAGCCGGG_005,62
GTGCCCTTGCCCGAGCCGGG_006,40
GTGCCCTTGCCCGAGCCGGG_007,121
GTGCCCTTGCCCGAGCCGGG_008,36
GTGCCCTTGCCCGAGCCGGG_009,187
GTGCCCTTGCCCGAGCCGGG_010,42
GTGCCCTTGCCCGAGCCGGG_011,173
GTGCCCTTGCCCGAGCCGGG_012,5
GTGCCCTTGCCCGAGCCGGG_013,188
GTGCCCTTGCCCGAGCCGGG_014,149
GTGCCCTTGCCCGAGCCGGG_015,105
GTGCCCTTGCCCGAGCCGGG_016,77
GTGCCCTTGCCCGAGCCGGG_017,199
GGGGAAAACCGAGTTAGCGG_001,133
GGGGAAAACCGAGTTAGCGG_002,148
GGGGAAAACCGAGTTAGCGG_003,83
GGGGAAAACCGAGTTAGCGG_004,122
GGGGAAAACCGAGTTAGCGG_005,20
GGGGAAAACCGAGTTAGCGG_006,123
GGGGAAAACCGAGTTAGCGG_007,197
GGGGAAAACCGAGTTAGCGG_008,115
GGGGAAAACCGAGTTAGCGG_009,101
GTGTGCTGCTGGCCTCAGAA_001,169
GTGTGCTGCTGGCCTCAGAA_002,4
GTGTGCTGCTGGCCTCAGAA_003,198
GTGTGCTGCTGGCCTCAGAA_004,0
GTGTGCTGCTGGCCTCAGAA_005,133
GTGTGCTGCTGGCCTCAGAA_006,154
GTGTGCTGCTGGCCTCAGAA_007,72
GTGTGCTGCTGGCCTCAGAA_008,51
GTGTGCTGCTGGCCTCAGAA_009,37
GTGTGCTGCTGGCCTCAGAA_010,75
GTGTGCTGCTGGCCTCAGAA_011,155
GTGTGCTGCTGGCCTCAGAA_012,103
GTGTGCTGCTGGCCTCAGAA_013,94
GTGTGCTGCTGGCCTCAGAA_014,183
GTGTGCTGCTGGCCTCAGAA_015,120
GTGTGCTGCTGGCCTCAGAA_016,47
GTGTGCTGCTGGCCTCAGAA_017,169
GTGTGCTGCTGGCCTCAGAA_018,6
GTGTGCTGCTGGCCTCAGAA_019,160
GTGTGCTGCTGGCCTCAGAA_020,156
GTGTGCTGCTGGCCTCAGAA_021,80
GTGTGCTGCTGGCCTCAGAA_022,105
GTGTGCTGCTGGCCTCAGAA_023,8
GTGTGCTGCTGGCCTCAGAA_024,137
GTGTGCTGCTGGCCTCAGAA_025,30
GTGTGCTGCTGGCCTCAGAA_026,43
GTGTGCTGCTGGCCTCAGAA_027,117
GTGTGCTGCTGGCCTCAGAA_028,76
GTGTGCTGCTGGCCTCAGAA_029,12
GTGTGCTGCTGGCCTCAGAA_030,17
GTGTGCTGCTGGCCTCAGAA_031,40
GTGTGCTGCTGGCCTCAGAA_032,80
GTGTGCTGCTGGCCTCAGAA_033,181
GTGTGCTGCTGGCCTCAGAA_034,166
GTGTGCTGCTGGCCTCAGAA_035,112
GTGTGCTGCTGGCCTCAGAA_036,115
GACGAAGGTGCACACCACGT_001,41
GACGAAGGTGCACACCACGT_002,127
GACGAAGGTGCACACCACGT_003,77
GACGAAGGTGCACACCACGT_004,105
GACGAAGGTGCACACCACGT_005,30
GACGAAGGTGCACACCACGT_006,184
GACGAAGGTGCACACCACGT_007,188
GACGAAGGTGCACACCACGT_008,113
GACGAAGGTGCACACCACGT_009,127
GACGAAGGTGCACACCACGT_010,14
GACGAAGGTGCACACCACGT_011,1
GACGAAGGTGCACACCACGT_012,17
GACGAAGGTGCACACCACGT_013,88
GACGAAGGTGCACACCACGT_014,57
GACGAAGGTGCACACCACGT_015,76
GACGAAGGTGCACACCACGT_016,110
GACGAAGGTGCACACCACGT_017,144
TAGTAAGCCTTGAGGTCGCG_001,96
TAGTAAGCCTTGAGGTCGCG_002,140
TAGTAAGCCTTGAGGTCGCG_003,117
AACTAACAGGCACATTTGAG_001,43
AACTAACAGGCACATTTGAG_002,141
AACTAACAGGCACATTTGAG_003,66
AACTAACAGGCACATTTGAG_004,81
AACTAACAGGCACATTTGAG_005,161
AACTAACAGGCACATTTGAG_006,2
AACTAACAGGCACATTTGAG_007,1
AACTAACAGGCACATTTGAG_008,130
ACGTCTATCACAGCTCACAG_001,62
ACGTCTATCACAGCTCACAG_002,26
ACGTCTATCACAGCTCACAG_003,34
CTTCATTGTGAAGACACAGA_001,102
CTTCATTGTGAAGACACAGA_002,5
CTTCATTGTGAAGACACAGA_003,129
CTTCATTGTGAAGACACAGA_004,81
CTTCATTGTGAAGACACAGA_005,184
CTTCATTGTGAAGACACAGA_006,40
CTTCATTGTGAAGACACAGA_007,43
CTTCATTGTGAAGACACAGA_008,14
CTTCATTGTGAAGACACAGA_009,39
CTTCATTGTGAAGACACAGA_010,90
CTTCATTGTGAAGACACAGA_011,150
TGTGGAGCACTCATACCGAA_001,188
TGTGGAGCACTCATACCGAA_002,160
AGGACTCGACCCAGATTCGG_001,50
AGGACTCGACCCAGATTCGG_002,160
AGGACTCGACCCAGATTCGG_003,166
AGGACTCGACCCAGATTCGG_004,154
AGGACTCGACCCAGATTCGG_005,21
AGGACTCGACCCAGATTCGG_006,163
AGGACTCGACCCAGATTCGG_007,154
AGGACTCGACCCAGATTCGG_008,78
AGGACTCGACCCAGATTCGG_009,56
AGGACTCGACCCAGATTCGG_010,90
AGGACTCGACCCAGATTCGG_011,168
AGGACTCGACCCAGATTCGG_012,1
AGGACTCGACCCAGATTCGG_013,170
AGGACTCGACCCAGATTCGG_014,39
AGGACTCGACCCAGATTCGG_015,197
AGGACTCGACCCAGATTCGG_016,13
CTCACGGGCACGCACACGGA_001,49
CTCACGGGCACGCACACGGA_002,48
CTCACGGGCACGCACACGGA_003,77
CTCACGGGCACGCACACGGA_004,15
CTCACGGGCACGCACACGGA_005,108
CTCACGGGCACGCACACGGA_006,189
CTCACGGGCACGCACACGGA_007,60
CTCACGGGCACGCACACGGA_008,102
CTCACGGGCACGCACACGGA_009,150
CTCACGGGCACGCACACGGA_010,48
CTCACGGGCACGCACACGGA_011,188
CTCACGGGCACGCACACGGA_012,185
CTCACGGGCACGCACACGGA_013,140
CTCACGGGCACGCACACGGA_014,103
CTCACGGGCACGCACACGGA_015,190
CTCACGGGCACGCACACGGA_016,141
CTCACGGGCACGCACACGGA_017,30
CTCACGGGCACGCACACGGA_018,98
CTCACGGGCACGCACACGGA_019,134
CTCACGGGCACGCACACGGA_020,45
CTCACGGGCACGCACACGGA_021,94
CTCACGGGCACGCACACGGA_022,86
CTCACGGGCACGCACACGGA_023,149
CTCACGGGCACGCACACGGA_024,127
CTCACGGGCACGCACACGGA_025,137
CTCACGGGCACGCACACGGA_026,198
CTCACGGGCACGCACACGGA_027,18
CTCACGGGCACGCACACGGA_028,14
CTCACGGGCACGCACACGGA_029,106
CTCACGGGCACGCACACGGA_030,169
CTCACGGGCACGCACACGGA_031,81
TTGTCTGAGATCAATGTGGT_001,63
TTGTCTGAGATCAATGTGGT_002,113
TTGTCTGAGATCAATGTGGT_003,28
TTGTCTGAGATCAATGTGGT_004,149
TTGTCTGAGATCAATGTGGT_005,60
TTGTCTGAGATCAATGTGGT_006,29
TTGTCTGAGATCAATGTGGT_007,2
TTGTCTGAGATCAATGTGGT_008,72
TTGTCTGAGATCAATGTGGT_009,176
TTGTCTGAGATCAATGTGGT_010,147
TTGTCTGAGATCAATGTGGT_011,107
TTGTCTGAGATCAATGTGGT_012,190
TTGTCTGAGATCAATGTGGT_013,14
CATCGAGGACCTGAGGAACA_001,166
CATCGAGGACCTGAGGAACA_002,137
CATCGAGGACCTGAGGAACA_003,120
CATCGAGGACCTGAGGAACA_004,81
CATCGAGGACCTGAGGAACA_005,33
CATCGAGGACCTGAGGAACA_006,125
CATCGAGGACCTGAGGAACA_007,8
CATCGAGGACCTGAGGAACA_008,115
CATCGAGGACCTGAGGAACA_009,11
CATCGAGGACCTGAGGAACA_010,22
CATCGAGGACCTGAGGAACA_011,178
CATCGAGGACCTGAGGAACA_012,119
CATCGAGGACCTGAGGAACA_013,141
CATCGAGGACCTGAGGAACA_014,63
CATCGAGGACCTGAGGAACA_015,66
CATCGAGGACCTGAGGAACA_016,119
CATCGAGGACCTGAGGAACA_017,161
CATCGAGGACCTGAGGAACA_018,97
CATCGAGGACCTGAGGAACA_019,137
ACTTACCTACTGAAATAGCC_001,81
ACTTACCTACTGAAATAGCC_002,81
GAATGCGGCGCAGAACATTG_001,178
GAATGCGGCGCAGAACATTG_002,112
TTTGAAGGAACCCGACGCGC_001,113
TTTGAAGGAACCCGACGCGC_002,168
TTTGAAGGAACCCGACGCGC_003,154
TTTGAAGGAACCCGACGCGC_004,172
TTTGAAGGAACCCGACGCGC_005,123
TTTGAAGGAACCCGACGCGC_006,115
TTTGAAGGAACCCGACGCGC_007,15
TTTGAAGGAACCCGACGCGC_008,126
TTTGAAGGAACCCGACGCGC_009,181
TTTGAAGGAACCCGACGCGC_010,184
TTTGAAGGAACCCGACGCGC_011,103
TTTGAAGGAACCCGACGCGC_012,199
TTTGAAGGAACCCGACGCGC_013,146
TTTGAAGGAACCCGACGCGC_014,169
TTTGAAGGAACCCGACGCGC_015,10
TTTGAAGGAACCCGACGCGC_016,55
TTTGAAGGAACCCGACGCGC_017,134
TTTGAAGGAACCCGACGCGC_018,70
TTTGAAGGAACCCGACGCGC_019,17
TTTGAAGGAACCCGACGCGC_020,147
TTTGAAGGAACCCGACGCGC_021,60
TTTGAAGGAACCCGACGCGC_022,43
TTTGAAGGAACCCGACGCGC_023,28
TTTGAAGGAACCCGACGCGC_024,21
TTTGAAGGAACCCGACGCGC_025,139
TTTGAAGGAACCCGACGCGC_026,186
TTTGAAGGAACCCGACGCGC_027,20
TTTGAAGGAACCCGACGCGC_028,116
TTTGAAGGAACCCGACGCGC_029,130
TTTGAAGGAACCCGACGCGC_030,141
TTTGAAGGAACCCGACGCGC_031,100
TTTGAAGGAACCCGACGCGC_032,161
TTTGAAGGAACCCGACGCGC_033,29
TTTGAAGGAACCCGACGCGC_034,102
TTTGAAGGAACCCGACGCGC_035,30
ACCTACTGAACCCTCCTCCG_001,19
ACCTACTGAACCCTCCTCCG_002,81
ACCTACTGAACCCTCCTCCG_003,47
ACCTACTGAACCCTCCTCCG_004,174
ATGAGCTCGTACACACACAG_001,78
ATGAGCTCGTACACACACAG_002,11
ATGAGCTCGTACACACACAG_003,154
ATGAGCTCGTACACACACAG_004,185
ATGAGCTCGTACACACACAG_005,60
ATGAGCTCGTACACACACAG_006,183
ATGAGCTCGTACACACACAG_007,134
ATGAGCTCGTACACACACAG_008,45
AGCAGGATCACAGCCACTTG_001,103
AGCAGGATCACAGCCACTTG_002,108
AGCAGGATCACAGCCACTTG_003,193
AGCAGGATCACAGCCACTTG_004,51
AGCAGGATCACAGCCACTTG_005,39
AGCAGGATCACAGCCACTTG_006,81
AGCAGGATCACAGCCACTTG_007,83
AGCAGGATCACAGCCACTTG_008,112
AGCAGGATCACAGCCACTTG_009,191
AGCAGGATCACAGCCACTTG_010,88
AGCAGGATCACAGCCACTTG_011,193
AGCAGGATCACAGCCACTTG_012,139
AGCAGGATCACAGCCACTTG_013,184
TCTTCTGTGTCAAAACGCAC_001,130
TCTTCTGTGTCAAAACGCAC_002,41
TCTTCTGTGTCAAAACGCAC_003,139
TCTTCTGTGTCAAAACGCAC_004,139
TCTTCTGTGTCAAAACGCAC_005,43
GGTTTACGTGATGGAATACG_001,118
GGTTTACGTGATGGAATACG_002,16
GGTTTACGTGATGGAATACG_003,190
GGTTTACGTGATGGAATACG_004,160
GGTTTACGTGATGGAATACG_005,10
GGTTTACGTGATGGAATACG_006,32
GGTTTACGTGATGGAATACG_007,83
AAAAGGAACGAATTCAGGTA_001,57
AAAAGGAACGAATTCAGGTA_002,57
AAAAGGAACGAATTCAGGTA_003,113
AAAAGGAACGAATTCAGGTA_004,50
AAAAGGAACGAATTCAGGTA_005,28
ATGGTGAAAACTGTGCAGGA_001,162
ATGGTGAAAACTGTGCAGGA_002,160
ATGGTGAAAACTGTGCAGGA_003,49
ATGGTGAAAACTGTGCAGGA_004,34
CCCCAACTTTCGCGACTCCG_001,186
CCCCAACTTTCGCGACTCCG_002,27
CCCCAACTTTCGCGACTCCG_003,42
CCCCAACTTTCGCGACTCCG_004,141
CCCCAACTTTCGCGACTCCG_005,182
CCCCAACTTTCGCGACTCCG_006,76
CCCCAACTTTCGCGACTCCG_007,11
CCCCAACTTTCGCGACTCCG_008,60
CCCCAACTTTCGCGACTCCG_009,182
CCCCAACTTTCGCGACTCCG_010,75
CCCCAACTTTCGCGACTCCG_011,7
CCCCAACTTTCGCGACTCCG_012,28
CCCCAACTTTCGCGACTCCG_013,1
CCCCAACTTTCGCGACTCCG_014,11
CCCCAACTTTCGCGACTCCG_015,146
CCCCAACTTTCGCGACTCCG_016,38
CCCCAACTTTCGCGACTCCG_017,68
CCCCAACTTTCGCGACTCCG_018,60
CCCCAACTTTCGCGACTCCG_019,168
GACCGTGGTGGTGATAATGG_001,81
CGGGAGATTTACGACCGCTA_001,169
CGGGAGATTTACGACCGCTA_002,150
CGGGAGATTTACGACCGCTA_003,160
GGGAAGTCCTCCTCTATCAA_001,40
GGGAAGTCCTCCTCTATCAA_002,182
GGGAAGTCCTCCTCTATCAA_003,43
GGGAAGTCCTCCTCTATCAA_004,38
GGGAAGTCCTCCTCTATCAA_005,58
GGGAAGTCCTCCTCTATCAA_006,46
GGGAAGTCCTCCTCTATCAA_007,184
GGAGCTCCTACTACACCACA_001,72
GGAGCTCCTACTACACCACA_002,178
GGAGCTCCTACTACACCACA_003,63
GGAGCTCCTACTACACCACA_004,184
GGAGCTCCTACTACACCACA_005,135
GGAGCTCCTACTACACCACA_006,67
CATACCTGTTTGGGGCGCCG_001,84
CATACCTGTTTGGGGCGCCG_002,147
CATACCTGTTTGGGGCGCCG_003,149
CATACCTGTTTGGGGCGCCG_004,108
CATACCTGTTTGGGGCGCCG_005,192
CATACCTGTTTGGGGCGCCG_006,138
CATACCTGTTTGGGGCGCCG_007,68
CTTCGGCGCTTACAGCCTGG_001,107
CTTCGGCGCTTACAGCCTGG_002,54
CTTCGGCGCTTACAGCCTGG_003,17
CTTCGGCGCTTACAGCCTGG_004,48
CTTCGGCGCTTACAGCCTGG_005,121
CTTCGGCGCTTACAGCCTGG_006,153
CTTCGGCGCTTACAGCCTGG_007,147
CTTCGGCGCTTACAGCCTGG_008,175
CTTCGGCGCTTACAGCCTGG_009,106
CTTCGGCGCTTACAGCCTGG_010,78
CAGGCAGTGACATTGCCAGT_001,83
CAGGCAGTGACATTGCCAGT_002,128
CAGGCAGTGACATTGCCAGT_003,150
CAGGCAGTGACATTGCCAGT_004,156
CAGGCAGTGACATTGCCAGT_005,5
CAGGCAGTGACATTGCCAGT_006,185
CAGGCAGTGACATTGCCAGT_007,181
CAGGCAGTGACATTGCCAGT_008,112
CAGGCAGTGACATTGCCAGT_009,121
CAGGCAGTGACATTGCCAGT_010,39
CAGGCAGTGACATTGCCAGT_011,3
CAGGCAGTGACATTGCCAGT_012,75
GCACCATGCCTACACCAACG_001,27
GCACCATGCCTACACCAACG_002,198
TCGCTGGAATACAATTACCC_001,69
AGAAAAGAAGGTCATCCTGA_001,93
AGAAAAGAAGGTCATCCTGA_002,81
AGAAAAGAAGGTCATCCTGA_003,139
AGAAAAGAAGGTCATCCTGA_004,37
AGAAAAGAAGGTCATCCTGA_005,160
AGAAAAGAAGGTCATCCTGA_006,82
AGAAAAGAAGGTCATCCTGA_007,87
GGGCAGATCATAGGGGCCAG_001,39
GGGCAGATCATAGGGGCCAG_002,194
GGGCAGATCATAGGGGCCAG_003,53
GGGCAGATCATAGGGGCCAG_004,62
GGGCAGATCATAGGGGCCAG_005,41
GGGCAGATCATAGGGGCCAG_006,9
GGGCAGATCATAGGGGCCAG_007,88
GGGCAGATCATAGGGGCCAG_008,149
GGGCAGATCATAGGGGCCAG_009,50
GGGCAGATCATAGGGGCCAG_010,181
GGGCAGATCATAGGGGCCAG_011,14
GGGCAGATCATAGGGGCCAG_012,62
GGGCAGATCATAGGGGCCAG_013,160
GGGCAGATCATAGGGGCCAG_014,71
GGGCAGATCATAGGGGCCAG_015,155
GGGCAGATCATAGGGGCCAG_016,114
GGGCAGATCATAGGGGCCAG_017,34
GGGCAGATCATAGGGGCCAG_018,112
GGGCAGATCATAGGGGCCAG_019,194
GGGCAGATCATAGGGGCCAG_020,35
GGGCAGATCATAGGGGCCAG_021,190
GGGCAGATCATAGGGGCCAG_022,199
GGGCAGATCATAGGGGCCAG_023,54
GGGCAGATCATAGGGGCCAG_024,52
GGGCAGATCATAGGGGCCAG_025,82
GGGCAGATCATAGGGGCCAG_026,137
GGGCAGATCATAGGGGCCAG_027,68
CTCCAAACAGCCGATTCACA_001,175
CTCCAAACAGCCGATTCACA_002,43
CTCCAAACAGCCGATTCACA_003,4
CTCCAAACAGCCGATTCACA_004,148
CTCCAAACAGCCGATTCACA_005,63
CTCCAAACAGCCGATTCACA_006,50
CTCCAAACAGCCGATTCACA_007,185
CTCCAAACAGCCGATTCACA_008,27
CTCCAAACAGCCGATTCACA_009,28
CTCCAAACAGCCGATTCACA_010,121
CTCCAAACAGCCGATTCACA_011,101
CTCCAAACAGCCGATTCACA_012,151
CTCCAAACAGCCGATTCACA_013,43
CTCCAAACAGCCGATTCACA_014,34
CTCCAAACAGCCGATTCACA_015,180
CTCCAAACAGCCGATTCACA_016,40
CTCCAAACAGCCGATTCACA_017,99
GAGGCGCTGAACACGGCGCA_001,182
GAGGCGCTGAACACGGCGCA_002,108
GAGGCGCTGAACACGGCGCA_003,149
GAGGCGCTGAACACGGCGCA_004,145
GAGGCGCTGAACACGGCGCA_005,34
GAGGCGCTGAACACGGCGCA_006,26
GAGGCGCTGAACACGGCGCA_007,26
GAGGCGCTGAACACGGCGCA_008,28
GAGGCGCTGAACACGGCGCA_009,137
GTCTGAGAGTGTGACAACTC_001,172
GTCTGAGAGTGTGACAACTC_002,94
GTCTGAGAGTGTGACAACTC_003,162
GTCTGAGAGTGTGACAACTC_004,47
GTCTGAGAGTGTGACAACTC_005,149
GTCTGAGAGTGTGACAACTC_006,152
CAGTCTATAAGATCTGTGCA_001,119
CAGTCTATAAGATCTGTGCA_002,39
CAGTCTATAAGATCTGTGCA_003,96
CAGTCTATAAGATCTGTGCA_004,44
CAGTCTATAAGATCTGTGCA_005,50
CAGTCTATAAGATCTGTGCA_006,104
CAGTCTATAAGATCTGTGCA_007,96
CAGTCTATAAGATCTGTGCA_008,116
GTTGGTGCCATCCCTAACCA_001,32
GTTGGTGCCATCCCTAACCA_002,141
GTTGGTGCCATCCCTAACCA_003,124
GTTGGTGCCATCCCTAACCA_004,51
GTTGGTGCCATCCCTAACCA_005,124
TGAGTTTGAACATACCCCAC_001,108
TGAGTTTGAACATACCCCAC_002,155
TGAGTTTGAACATACCCCAC_003,84
TGAGTTTGAACATACCCCAC_004,11
TGAGTTTGAACATACCCCAC_005,38
TGAGTTTGAACATACCCCAC_006,168
TGAGTTTGAACATACCCCAC_007,63
TGAGTTTGAACATACCCCAC_008,10
TGAGTTTGAACATACCCCAC_009,147
TTCGGATCTACTACACCTCG_001,65
TTCGGATCTACTACACCTCG_002,40
TATACTTACTCACTAAGCTG_001,150
TATACTTACTCACTAAGCTG_002,184
TATACTTACTCACTAAGCTG_003,1
TATACTTACTCACTAAGCTG_004,65
TATACTTACTCACTAAGCTG_005,83
TATACTTACTCACTAAGCTG_006,55
TATACTTACTCACTAAGCTG_007,59
TATACTTACTCACTAAGCTG_008,192
TATACTTACTCACTAAGCTG_009,142
TATACTTACTCACTAAGCTG_010,49
TATACTTACTCACTAAGCTG_011,169
TATACTTACTCACTAAGCTG_012,94
AGAAGCTAGTAAGCAGCTGG_001,2
AGAAGCTAGTAAGCAGCTGG_002,181
AGAAGCTAGTAAGCAGCTGG_003,157
AGAAGCTAGTAAGCAGCTGG_004,12
AGAAGCTAGTAAGCAGCTGG_005,101
AGAAGCTAGTAAGCAGCTGG_006,149
AGAAGCTAGTAAGCAGCTGG_007,150
AGAAGCTAGTAAGCAGCTGG_008,115
AGAAGCTAGTAAGCAGCTGG_009,62
AGAAGCTAGTAAGCAGCTGG_010,189
CACAACAGGCACCTTTAGGT_001,1
CACAACAGGCACCTTTAGGT_002,69
CACAACAGGCACCTTTAGGT_003,160
GAAGTTTAAAATGATCACCT_001,48
GAAGTTTAAAATGATCACCT_002,29
CAGTCCGGTAGCGATGACGA_001,1
CAGTCCGGTAGCGATGACGA_002,182
CAGTCCGGTAGCGATGACGA_003,195
CAGTCCGGTAGCGATGACGA_004,136
TGGACAAGGACAATGTGCAG_001,36
TGGACAAGGACAATGTGCAG_002,65
TGGACAAGGACAATGTGCAG_003,102
TGGACAAGGACAATGTGCAG_004,18
TTGGGATCCTCATCAAGCGA_001,62
CCCTGGTCAGGAGTTTCGAA_001,143
CCCTGGTCAGGAGTTTCGAA_002,35
CCCTGGTCAGGAGTTTCGAA_003,186
CCCTGGTCAGGAGTTTCGAA_004,45
CCCTGGTCAGGAGTTTCGAA_005,61
CCCTGGTCAGGAGTTTCGAA_006,16
CCCTGGTCAGGAGTTTCGAA_007,111
GACAGGTGTCTTAGACACAT_001,78
GACAGGTGTCTTAGACACAT_002,154
GGCCAGGACTTACCCAAACT_001,196
GGCCAGGACTTACCCAAACT_002,159
GGCCAGGACTTACCCAAACT_003,52
GGCCAGGACTTACCCAAACT_004,94
GGCCAGGACTTACCCAAACT_005,12
GGCCAGGACTTACCCAAACT_006,48
AAATCCCAGTACCTGCAACT_001,113
AAATCCCAGTACCTGCAACT_002,91
AAATCCCAGTACCTGCAACT_003,94
AAATCCCAGTACCTGCAACT_004,43
AAATCCCAGTACCTGCAACT_005,94
AAATCCCAGTACCTGCAACT_006,121
AAATCCCAGTACCTGCAACT_007,116
AAATCCCAGTACCTGCAACT_008,2
AAATCCCAGTACCTGCAACT_009,79
AAATCCCAGTACCTGCAACT_010,9
AAATCCCAGTACCTGCAACT_011,113
AAATCCCAGTACCTGCAACT_012,150
AAATCCCAGTACCTGCAACT_013,69
AAATCCCAGTACCTGCAACT_014,168
GGACACGCCCAGCTTCAAGT_001,182
GGACACGCCCAGCTTCAAGT_002,21
GGACACGCCCAGCTTCAAGT_003,130
GGACACGCCCAGCTTCAAGT_004,70
GGACACGCCCAGCTTCAAGT_005,156
GGACACGCCCAGCTTCAAGT_006,49
CTGGCACCTCCAATTCCTCG_001,195
CTGGCACCTCCAATTCCTCG_002,137
CTGGCACCTCCAATTCCTCG_003,15
CTGGCACCTCCAATTCCTCG_004,50
CTGGCACCTCCAATTCCTCG_005,162
CTGGCACCTCCAATTCCTCG_006,14
CTGGCACCTCCAATTCCTCG_007,144
CTGGCACCTCCAATTCCTCG_008,125
CTGGCACCTCCAATTCCTCG_009,186
CTGGCACCTCCAATTCCTCG_010,16
CTGGCACCTCCAATTCCTCG_011,33
TTCCACATTGCCAGTCGAGA_001,48
TTCCACATTGCCAGTCGAGA_002,19
TTCCACATTGCCAGTCGAGA_003,169
TTCCACATTGCCAGTCGAGA_004,63
TTCCACATTGCCAGTCGAGA_005,182
TTCCACATTGCCAGTCGAGA_006,16
TTCCACATTGCCAGTCGAGA_007,91
GATCCAACAGTATCTGTCAG_001,175
GATCCAACAGTATCTGTCAG_002,19
GATCCAACAGTATCTGTCAG_003,12
GATCCAACAGTATCTGTCAG_004,10
ACCCTCGAAGTTTCTCCGAG_001,166
ACCCTCGAAGTTTCTCCGAG_002,81
ACCCTCGAAGTTTCTCCGAG_003,105
ACCCTCGAAGTTTCTCCGAG_004,189
ACCCTCGAAGTTTCTCCGAG_005,77
ACCCTCGAAGTTTCTCCGAG_006,27
ACCCTCGAAGTTTCTCCGAG_007,88
ACCCTCGAAGTTTCTCCGAG_008,56
ACCCTCGAAGTTTCTCCGAG_009,145
ACCCTCGAAGTTTCTCCGAG_010,141
ACCCTCGAAGTTTCTCCGAG_011,60
ACCCTCGAAGTTTCTCCGAG_012,147
ACCCTCGAAGTTTCTCCGAG_013,1
ACCCTCGAAGTTTCTCCGAG_014,191
ACCCTCGAAGTTTCTCCGAG_015,3
GATAGCAAGGTACTGATCAA_001,158
GATAGCAAGGTACTGATCAA_002,81
GATAGCAAGGTACTGATCAA_003,76
GATAGCAAGGTACTGATCAA_004,15
GATAGCAAGGTACTGATCAA_005,115
GATAGCAAGGTACTGATCAA_006,92
GATAGCAAGGTACTGATCAA_007,1
GATAGCAAGGTACTGATCAA_008,81
GATAGCAAGGTACTGATCAA_009,140
GATAGCAAGGTACTGATCAA_010,80
GATAGCAAGGTACTGATCAA_011,150
GATAGCAAGGTACTGATCAA_012,23
GATAGCAAGGTACTGATCAA_013,52
GATAGCAAGGTACTGATCAA_014,10
GATAGCAAGGTACTGATCAA_015,68
GATAGCAAGGTACTGATCAA_016,158
GATAGCAAGGTACTGATCAA_017,142
GATAGCAAGGTACTGATCAA_018,2
GCGCTCCAGCCACGTACGAG_001,53
GCGCTCCAGCCACGTACGAG_002,185
GCGCTCCAGCCACGTACGAG_003,103
GCGCTCCAGCCACGTACGAG_004,16
GCGCTCCAGCCACGTACGAG_005,76
GCGCTCCAGCCACGTACGAG_006,145
GCGCTCCAGCCACGTACGAG_007,141
GCGCTCCAGCCACGTACGAG_008,160
GCGCTCCAGCCACGTACGAG_009,78
GCGCTCCAGCCACGTACGAG_010,191
GCGCTCCAGCCACGTACGAG_011,196
GTGCACGTGTCCGAATGACC_001,1
TACCACCGAACTCGATCTGG_001,146
TACCACCGAACTCGATCTGG_002,186
TACCACCGAACTCGATCTGG_003,132
TACCACCGAACTCGATCTGG_004,159
TACCACCGAACTCGATCTGG_005,64
TACCACCGAACTCGATCTGG_006,104
TACCACCGAACTCGATCTGG_007,96
TACCACCGAACTCGATCTGG_008,8
TACCACCGAACTCGATCTGG_009,22
GTGCATGATGGGAAATACTG_001,23
GTGCATGATGGGAAATACTG_002,60
GTGCATGATGGGAAATACTG_003,118
GTGCATGATGGGAAATACTG_004,53
GTGCATGATGGGAAATACTG_005,53
GTGCATGATGGGAAATACTG_006,182
GTGCATGATGGGAAATACTG_007,113
GTGCATGATGGGAAATACTG_008,181
GTGCATGATGGGAAATACTG_009,40
GTGCATGATGGGAAATACTG_010,98
GTGCATGATGGGAAATACTG_011,27
GTGCATGATGGGAAATACTG_012,112
GTGCATGATGGGAAATACTG_013,88
GTGCATGATGGGAAATACTG_014,122
GTGCATGATGGGAAATACTG_015,77
GTGCATGATGGGAAATACTG_016,172
GTGCATGATGGGAAATACTG_017,15
GTGCATGATGGGAAATACTG_018,49
GTGCATGATGGGAAATACTG_019,86
GTGCATGATGGGAAATACTG_020,120
GTGCATGATGGGAAATACTG_021,15
GTGCATGATGGGAAATACTG_022,37
GTGCATGATGGGAAATACTG_023,135
GAGGGACCAAATCAAGACAT_001,28
TGGCTACTGCGTACATCCAC_001,185
TGGCTACTGCGTACATCCAC_002,61
GCTACCGGATATCCCACGTG_001,52
GCTACCGGATATCCCACGTG_002,114
ATATCAGCACACCAACCACA_001,161
ATATCAGCACACCAACCACA_002,29
ATATCAGCACACCAACCACA_003,87
ATATCAGCACACCAACCACA_004,150
ATATCAGCACACCAACCACA_005,151
ATATCAGCACACCAACCACA_006,104
ATATCAGCACACCAACCACA_007,89
ATTTGCCAGAGCTATAAACC_001,94
ATTTGCCAGAGCTATAAACC_002,51
ATTTGCCAGAGCTATAAACC_003,50
ATTTGCCAGAGCTATAAACC_004,151
ATTTGCCAGAGCTATAAACC_005,111
ATTTGCCAGAGCTATAAACC_006,31
CACCCCTACACGTTCCCGGG_001,9
CACCCCTACACGTTCCCGGG_002,147
CACCCCTACACGTTCCCGGG_003,188
CACCCCTACACGTTCCCGGG_004,106
CACCCCTACACGTTCCCGGG_005,124
ACAGCTCTACGAACTCGACG_001,197
ACAGCTCTACGAACTCGACG_002,191
ACAGCTCTACGAACTCGACG_003,10
GCTGGACAACAAAATCAATG_001,24
GCTGGACAACAAAATCAATG_002,120
GCTGGACAACAAAATCAATG_003,90
GCTGGACAACAAAATCAATG_004,141
GCTGGACAACAAAATCAATG_005,100
GCTGGACAACAAAATCAATG_006,67
GCTGGACAACAAAATCAATG_007,147
GCTGGACAACAAAATCAATG_008,97
GCTGGACAACAAAATCAATG_009,60
GCTGGACAACAAAATCAATG_010,81
GCTGGACAACAAAATCAATG_011,157
GTCCACAGGGCATATCCACA_001,106
GTCCACAGGGCATATCCACA_002,190
GTCCACAGGGCATATCCACA_003,9
GTCCACAGGGCATATCCACA_004,117
GTCCACAGGGCATATCCACA_005,96
GTCCACAGGGCATATCCACA_006,62
GTCCACAGGGCATATCCACA_007,163
GTCCACAGGGCATATCCACA_008,31
GTCCACAGGGCATATCCACA_009,11
GTCCACAGGGCATATCCACA_010,9
GTCCACAGGGCATATCCACA_011,165
ATGCAGCCAATTATACAGTG_001,144
ATGCAGCCAATTATACAGTG_002,34
ATGCAGCCAATTATACAGTG_003,178
ATGCAGCCAATTATACAGTG_004,62
ATGCAGCCAATTATACAGTG_005,160
ATGCAGCCAATTATACAGTG_006,77
ATGCAGCCAATTATACAGTG_007,106
ATGCAGCCAATTATACAGTG_008,188
ATGCAGCCAATTATACAGTG_009,88
CATAGCCATTCAGCAGAAGG_001,162
CATAGCCATTCAGCAGAAGG_002,43
CATAGCCATTCAGCAGAAGG_003,7
CATAGCCATTCAGCAGAAGG_004,5
CATAGCCATTCAGCAGAAGG_005,151
CATAGCCATTCAGCAGAAGG_006,101
CATAGCCATTCAGCAGAAGG_007,85
CATAGCCATTCAGCAGAAGG_008,63
CATAGCCATTCAGCAGAAGG_009,98
CATAGCCATTCAGCAGAAGG_010,150
CATAGCCATTCAGCAGAAGG_011,10
CATAGCCATTCAGCAGAAGG_012,2
CATAGCCATTCAGCAGAAGG_013,46
CATAGCCATTCAGCAGAAGG_014,151
TCACGGTCTTGGTCGTCCGA_001,178
TCACGGTCTTGGTCGTCCGA_002,44
TCACGGTCTTGGTCGTCCGA_003,168
TCACGGTCTTGGTCGTCCGA_004,169
TCACGGTCTTGGTCGTCCGA_005,18
TCACGGTCTTGGTCGTCCGA_006,13
TCACGGTCTTGGTCGTCCGA_007,199
CGTGCTAACAATCTCCACAG_001,83
CGTGCTAACAATCTCCACAG_002,4
CCGCTGGCGCTTCTCGTAGG_001,127
CCGCTGGCGCTTCTCGTAGG_002,17
CCGCTGGCGCTTCTCGTAGG_003,185
CCGCTGGCGCTTCTCGTAGG_004,165
CCGCTGGCGCTTCTCGTAGG_005,5
CCGCTGGCGCTTCTCGTAGG_006,40
CCGCTGGCGCTTCTCGTAGG_007,138
CCGCTGGCGCTTCTCGTAGG_008,168
CCAGCCAGGACGTCTACCTG_001,102
CCAGCCAGGACGTCTACCTG_002,107
CCAGCCAGGACGTCTACCTG_003,188
CCAGCCAGGACGTCTACCTG_004,115
CCAGCCAGGACGTCTACCTG_005,144
CCAGCCAGGACGTCTACCTG_006,144
CCAGCCAGGACGTCTACCTG_007,120
CCAGCCAGGACGTCTACCTG_008,45
CCAGCCAGGACGTCTACCTG_009,80
CCAGCCAGGACGTCTACCTG_010,150
CCAGCCAGGACGTCTACCTG_011,26
CCAGCCAGGACGTCTACCTG_012,170
CCAGCCAGGACGTCTACCTG_013,56
CCAGCCAGGACGTCTACCTG_014,50
CCAGCCAGGACGTCTACCTG_015,197
CCAGCCAGGACGTCTACCTG_016,150
CCAGCCAGGACGTCTACCTG_017,83
CCAGCCAGGACGTCTACCTG_018,163
CCAGCCAGGACGTCTACCTG_019,83
CCAGCCAGGACGTCTACCTG_020,168
CCAGCCAGGACGTCTACCTG_021,131
CCAGCCAGGACGTCTACCTG_022,81
CCAGCCAGGACGTCTACCTG_023,80
CCAGCCAGGACGTCTACCTG_024,81
CCAGCCAGGACGTCTACCTG_025,42
CCAGCCAGGACGTCTACCTG_026,94
CCAGCCAGGACGTCTACCTG_027,46
CCAGCCAGGACGTCTACCTG_028,18
CCAGCCAGGACGTCTACCTG_029,37
CCAGCCAGGACGTCTACCTG_030,144
CCAGCCAGGACGTCTACCTG_031,121
TCTGCTACATCAGACATGCA_001,50
TCTGCTACATCAGACATGCA_002,61
TCTGCTACATCAGACATGCA_003,185
TCTGCTACATCAGACATGCA_004,1
TCTGCTACATCAGACATGCA_005,110
TCTGCTACATCAGACATGCA_006,192
TCTGCTACATCAGACATGCA_007,160
TCTGCTACATCAGACATGCA_008,128
TCTGCTACATCAGACATGCA_009,108
TCTGCTACATCAGACATGCA_010,98
GGCTTTGTTGTACTCGCCGA_001,42
GGCTTTGTTGTACTCGCCGA_002,1
GGCTTTGTTGTACTCGCCGA_003,103
GGCTTTGTTGTACTCGCCGA_004,184
GGCTTTGTTGTACTCGCCGA_005,146
GGCTTTGTTGTACTCGCCGA_006,125
GGCTTTGTTGTACTCGCCGA_007,26
GGCTTTGTTGTACTCGCCGA_008,40
GGCTTTGTTGTACTCGCCGA_009,181
GGCTTTGTTGTACTCGCCGA_010,28
TGAAACATGCCCGAGACAAG_001,50
TGAAACATGCCCGAGACAAG_002,38
TGAAACATGCCCGAGACAAG_003,47
TGAAACATGCCCGAGACAAG_004,176
TGAAACATGCCCGAGACAAG_005,171
TGAAACATGCCCGAGACAAG_006,80
TGAAACATGCCCGAGACAAG_007,82
TGAAACATGCCCGAGACAAG_008,98
TGAAACATGCCCGAGACAAG_009,19
TGAAACATGCCCGAGACAAG_010,15
TGAAACATGCCCGAGACAAG_011,88
TGAAACATGCCCGAGACAAG_012,40
TGAAACATGCCCGAGACAAG_013,198
TGAAACATGCCCGAGACAAG_014,169
TGAAACATGCCCGAGACAAG_015,83
TGAAACATGCCCGAGACAAG_016,12
TGAAACATGCCCGAGACAAG_017,84
TGAAACATGCCCGAGACAAG_018,114
TGAAACATGCCCGAGACAAG_019,198
TGAAACATGCCCGAGACAAG_020,50
TGAAACATGCCCGAGACAAG_021,83
TGAAACATGCCCGAGACAAG_022,106
TGAAACATGCCCGAGACAAG_023,144
TGAAACATGCCCGAGACAAG_024,77
TGAAACATGCCCGAGACAAG_025,168
AACGGTGTGGTCCCTGCAAA_001,31
AACGGTGTGGTCCCTGCAAA_002,21
AACGGTGTGGTCCCTGCAAA_003,182
AACGGTGTGGTCCCTGCAAA_004,9
AACGGTGTGGTCCCTGCAAA_005,163
AACGGTGTGGTCCCTGCAAA_006,199
AACGGTGTGGTCCCTGCAAA_007,68
AACGGTGTGGTCCCTGCAAA_008,13
TCACAAAGCAGTACTATCGG_001,36
TCACAAAGCAGTACTATCGG_002,16
TCACAAAGCAGTACTATCGG_003,177
TCACAAAGCAGTACTATCGG_004,15
TCACAAAGCAGTACTATCGG_005,14
TCACAAAGCAGTACTATCGG_006,162
TCACAAAGCAGTACTATCGG_007,65
GGGACTTCATGTTAACGAAG_001,121
TACACGTATGAGTCGCCGGC_001,13
TACACGTATGAGTCGCCGGC_002,25
ATTCCAATAGACACAGGCAT_001,191
ATTCCAATAGACACAGGCAT_002,67
ATTCCAATAGACACAGGCAT_003,110
ATTCCAATAGACACAGGCAT_004,56
ATTCCAATAGACACAGGCAT_005,56
ATTCCAATAGACACAGGCAT_006,1
ATTCCAATAGACACAGGCAT_007,160
ATTCCAATAGACACAGGCAT_008,192
ATTCCAATAGACACAGGCAT_009,48
ATTCCAATAGACACAGGCAT_010,197
ATTCCAATAGACACAGGCAT_011,178
ATTCCAATAGACACAGGCAT_012,29
ATTCCAATAGACACAGGCAT_013,149
ATTCCAATAGACACAGGCAT_014,49
ATTCCAATAGACACAGGCAT_015,48
ATTCCAATAGACACAGGCAT_016,76
ATTCCAATAGACACAGGCAT_017,60
ATTCCAATAGACACAGGCAT_018,3
ATTCCAATAGACACAGGCAT_019,104
ATTCCAATAGACACAGGCAT_020,121
CAGAAGTCAGCTAACTTGGA_001,1
CAGAAGTCAGCTAACTTGGA_002,194
CAGAAGTCAGCTAACTTGGA_003,25
CAGAAGTCAGCTAACTTGGA_004,105
CAGAAGTCAGCTAACTTGGA_005,88
CAGAAGTCAGCTAACTTGGA_006,105
CAGAAGTCAGCTAACTTGGA_007,182
CAGAAGTCAGCTAACTTGGA_008,169
CAGAAGTCAGCTAACTTGGA_009,2
CAGAAGTCAGCTAACTTGGA_010,175
CAGAAGTCAGCTAACTTGGA_011,104
TGTGCGAGAGACCAACAACC_001,167
TGTGCGAGAGACCAACAACC_002,147
TGTGCGAGAGACCAACAACC_003,50
TGTGCGAGAGACCAACAACC_004,121
TGTGCGAGAGACCAACAACC_005,74
CAGCTTCCGGATTAGAAGCT_001,36
CAGCTTCCGGATTAGAAGCT_002,58
CAGCTTCCGGATTAGAAGCT_003,68
CAGCTTCCGGATTAGAAGCT_004,179
CAGCTTCCGGATTAGAAGCT_005,22
CAGCTTCCGGATTAGAAGCT_006,52
CAGCTTCCGGATTAGAAGCT_007,48
CAGCTTCCGGATTAGAAGCT_008,79
ATGTGCACGAGACTGAGCAA_001,17
ATGTGCACGAGACTGAGCAA_002,55
ATGTGCACGAGACTGAGCAA_003,127
ATGTGCACGAGACTGAGCAA_004,78
ATGTGCACGAGACTGAGCAA_005,154
ATGTGCACGAGACTGAGCAA_006,138
ATGTGCACGAGACTGAGCAA_007,104
ATGTGCACGAGACTGAGCAA_008,16
ATGTGCACGAGACTGAGCAA_009,105
ATGTGCACGAGACTGAGCAA_010,78
ATGTGCACGAGACTGAGCAA_011,30
ATGTGCACGAGACTGAGCAA_012,146
ATGTGCACGAGACTGAGCAA_013,130
ATGTGCACGAGACTGAGCAA_014,42
ATGTGCACGAGACTGAGCAA_015,152
ATGTGCACGAGACTGAGCAA_016,114
ATGTGCACGAGACTGAGCAA_017,80
ATGTGCACGAGACTGAGCAA_018,12
ATGTGCACGAGACTGAGCAA_019,188
ATGTGCACGAGACTGAGCAA_020,136
ATGTGCACGAGACTGAGCAA_021,80
ATGTGCACGAGACTGAGCAA_022,41
ATGTGCACGAGACTGAGCAA_023,0
ATGTGCACGAGACTGAGCAA_024,63
ATGTGCACGAGACTGAGCAA_025,135
ATGTGCACGAGACTGAGCAA_026,193
ATGTGCACGAGACTGAGCAA_027,0
ACCTCGCTCACGCACGAAGT_001,80
ACCTCGCTCACGCACGAAGT_002,166
ACCTCGCTCACGCACGAAGT_003,158
ACCTCGCTCACGCACGAAGT_004,147
ACCTCGCTCACGCACGAAGT_005,169
ACCTCGCTCACGCACGAAGT_006,99
ACCTCGCTCACGCACGAAGT_007,40
ACCTCGCTCACGCACGAAGT_008,39
GGAGATGTGATTAAGACTGA_001,41
GGAGATGTGATTAAGACTGA_002,56
GGAGATGTGATTAAGACTGA_003,43
AATCAGGCGACCATCTAAAG_001,130
AATCAGGCGACCATCTAAAG_002,68
AATCAGGCGACCATCTAAAG_003,171
AATCAGGCGACCATCTAAAG_004,36
AATCAGGCGACCATCTAAAG_005,31
AATCAGGCGACCATCTAAAG_006,174
AATCAGGCGACCATCTAAAG_007,180
GCGGACCAGCCGCCGCAGCA_001,108
GCGGACCAGCCGCCGCAGCA_002,125
GGGACTCCCCCAAACCAATG_001,145
GGGACTCCCCCAAACCAATG_002,168
GGGACTCCCCCAAACCAATG_003,1
GGGACTCCCCCAAACCAATG_004,101
GGGACTCCCCCAAACCAATG_005,33
GGGACTCCCCCAAACCAATG_006,52
GGGACTCCCCCAAACCAATG_007,89
GGGACTCCCCCAAACCAATG_008,60
GGGACTCCCCCAAACCAATG_009,48
GGGACTCCCCCAAACCAATG_010,29
GGGACTCCCCCAAACCAATG_011,2
GGGACTCCCCCAAACCAATG_012,177
GGGACTCCCCCAAACCAATG_013,34
GGGACTCCCCCAAACCAATG_014,147
GGGACTCCCCCAAACCAATG_015,178
GGGACTCCCCCAAACCAATG_016,33
GGGACTCCCCCAAACCAATG_017,136
GGGACTCCCCCAAACCAATG_018,156
GGGACTCCCCCAAACCAATG_019,9
GGGACTCCCCCAAACCAATG_020,152
GGGACTCCCCCAAACCAATG_021,35
TATTCCGACACCCTCCAACA_001,81
TATTCCGACACCCTCCAACA_002,2
TATTCCGACACCCTCCAACA_003,186
TATTCCGACACCCTCCAACA_004,118
TATTCCGACACCCTCCAACA_005,155
TATTCCGACACCCTCCAACA_006,91
TATTCCGACACCCTCCAACA_007,14
AGCACGGCAGCCCTGCGACG_001,187
AGCACGGCAGCCCTGCGACG_002,114
AGCACGGCAGCCCTGCGACG_003,64
AGCACGGCAGCCCTGCGACG_004,33
AGCACGGCAGCCCTGCGACG_005,172
AGCACGGCAGCCCTGCGACG_006,21
AGCACGGCAGCCCTGCGACG_007,122
AGCACGGCAGCCCTGCGACG_008,186
AGCACGGCAGCCCTGCGACG_009,2
AGCACGGCAGCCCTGCGACG_010,46
AAGTTTACCAGTTCCCAGAG_001,48
AAGTTTACCAGTTCCCAGAG_002,38
GAGCTCAAGCCAGATCAGGT_001,70
GAGCTCAAGCCAGATCAGGT_002,33
GAGCTCAAGCCAGATCAGGT_003,33
GAGCTCAAGCCAGATCAGGT_004,149
GAGCTCAAGCCAGATCAGGT_005,71
GAGCTCAAGCCAGATCAGGT_006,47
GAGCTCAAGCCAGATCAGGT_007,125
GAGCTCAAGCCAGATCAGGT_008,166
GAGCTCAAGCCAGATCAGGT_009,67
GAGCTCAAGCCAGATCAGGT_010,40
CTCTCCCTGTCCCAGGCTCA_001,101
CTCTCCCTGTCCCAGGCTCA_002,48
CTCTCCCTGTCCCAGGCTCA_003,167
CTCTCCCTGTCCCAGGCTCA_004,29
CTCTCCCTGTCCCAGGCTCA_005,88
CTCTCCCTGTCCCAGGCTCA_006,9
CTCTCCCTGTCCCAGGCTCA_007,76
CTCTCCCTGTCCCAGGCTCA_008,26
CTCTCCCTGTCCCAGGCTCA_009,20
CTCTCCCTGTCCCAGGCTCA_010,137
CTCTCCCTGTCCCAGGCTCA_011,17
CTCTCCCTGTCCCAGGCTCA_012,41
CTCTCCCTGTCCCAGGCTCA_013,145
CTCTCCCTGTCCCAGGCTCA_014,26
CTCTCCCTGTCCCAGGCTCA_015,2
CTCTCCCTGTCCCAGGCTCA_016,73
CTCTCCCTGTCCCAGGCTCA_017,178
CTCTCCCTGTCCCAGGCTCA_018,159
CTCTCCCTGTCCCAGGCTCA_019,138
CTCTCCCTGTCCCAGGCTCA_020,58
CCGACAGGTTAAGCGAGCCG_001,12
CCGACAGGTTAAGCGAGCCG_002,135
CCGACAGGTTAAGCGAGCCG_003,102
CCGACAGGTTAAGCGAGCCG_004,77
CCGACAGGTTAAGCGAGCCG_005,49
CCGACAGGTTAAGCGAGCCG_006,126
CCGACAGGTTAAGCGAGCCG_007,16
CCGACAGGTTAAGCGAGCCG_008,15
CCGACAGGTTAAGCGAGCCG_009,12
GTCTCTGCAGTACATGCGAA_001,138
GTCTCTGCAGTACATGCGAA_002,48
GTCTCTGCAGTACATGCGAA_003,77
GTCTCTGCAGTACATGCGAA_004,182
GTCTCTGCAGTACATGCGAA_005,121
GTCTCTGCAGTACATGCGAA_006,112
GTCTCTGCAGTACATGCGAA_007,58
GTCTCTGCAGTACATGCGAA_008,150
GTCTCTGCAGTACATGCGAA_009,58
GTCTCTGCAGTACATGCGAA_010,27
TGCATAGCAGGTGACGCCAG_001,106
TGCATAGCAGGTGACGCCAG_002,140
TGCATAGCAGGTGACGCCAG_003,197
GTCTCATACTTACCCTCAAG_001,1
AATTAAGAATCATAGGGAAG_001,183
AATTAAGAATCATAGGGAAG_002,79
AATCATCCACCTGCCGATCG_001,2
AATCATCCACCTGCCGATCG_002,41
AATCATCCACCTGCCGATCG_003,137
AATCATCCACCTGCCGATCG_004,9
AATCATCCACCTGCCGATCG_005,171
AATCATCCACCTGCCGATCG_006,45
AATCATCCACCTGCCGATCG_007,14
AATCATCCACCTGCCGATCG_008,28
AATCATCCACCTGCCGATCG_009,150
AATCATCCACCTGCCGATCG_010,68
AATCATCCACCTGCCGATCG_011,8
AATCATCCACCTGCCGATCG_012,62
TTTGTCACCAAGACTCCAGT_001,113
TTTGTCACCAAGACTCCAGT_002,58
TTTGTCACCAAGACTCCAGT_003,12
TTTGTCACCAAGACTCCAGT_004,198
TTTGTCACCAAGACTCCAGT_005,60
TTTGTCACCAAGACTCCAGT_006,60
TTTGTCACCAAGACTCCAGT_007,17
TTTGTCACCAAGACTCCAGT_008,102
TTTGTCACCAAGACTCCAGT_009,157
TTTGTCACCAAGACTCCAGT_010,162
TTTGTCACCAAGACTCCAGT_011,161
TTTGTCACCAAGACTCCAGT_012,38
TTTGTCACCAAGACTCCAGT_013,78
TTTGTCACCAAGACTCCAGT_014,84
TTTGTCACCAAGACTCCAGT_015,186
TTTGTCACCAAGACTCCAGT_016,163
TTTGTCACCAAGACTCCAGT_017,137
TTTGTCACCAAGACTCCAGT_018,127
TTTGTCACCAAGACTCCAGT_019,95
TTTGTCACCAAGACTCCAGT_020,12
TTTGTCACCAAGACTCCAGT_021,185
TTTGTCACCAAGACTCCAGT_022,14
TTTGTCACCAAGACTCCAGT_023,105
TTTGTCACCAAGACTCCAGT_024,63
TTTGTCACCAAGACTCCAGT_025,10
TTTGTCACCAAGACTCCAGT_026,169
TTTGTCACCAAGACTCCAGT_027,188
TTTGTCACCAAGACTCCAGT_028,94
AAGTCTCCCTAATGGCAAAC_001,76
AAGTCTCCCTAATGGCAAAC_002,107
AAGTCTCCCTAATGGCAAAC_003,198
AAGTCTCCCTAATGGCAAAC_004,63
AAGTCTCCCTAATGGCAAAC_005,199
AAGTCTCCCTAATGGCAAAC_006,17
AAGTCTCCCTAATGGCAAAC_007,41
AAGTCTCCCTAATGGCAAAC_008,45
AAGTCTCCCTAATGGCAAAC_009,34
AAGTCTCCCTAATGGCAAAC_010,118
AAGTCTCCCTAATGGCAAAC_011,42
AAGTCTCCCTAATGGCAAAC_012,175
AAGTCTCCCTAATGGCAAAC_013,60
AAGTCTCCCTAATGGCAAAC_014,137
AAGTCTCCCTAATGGCAAAC_015,75
AAGTCTCCCTAATGGCAAAC_016,70
AAGTCTCCCTAATGGCAAAC_017,40
CTACCTGGAATATTGCTCTG_001,48
CTACCTGGAATATTGCTCTG_002,21
CGCTCCTCGACAATCCACTG_001,90
CGCTCCTCGACAATCCACTG_002,65
CGCTCCTCGACAATCCACTG_003,127
CGCTCCTCGACAATCCACTG_004,67
CGCTCCTCGACAATCCACTG_005,15
CGCTCCTCGACAATCCACTG_006,57
CGCTCCTCGACAATCCACTG_007,16
CGCTCCTCGACAATCCACTG_008,0
CGCTCCTCGACAATCCACTG_009,116
CGCTCCTCGACAATCCACTG_010,123
CGCTCCTCGACAATCCACTG_011,125
CGCTCCTCGACAATCCACTG_012,185
CGCTCCTCGACAATCCACTG_013,7
CGCTCCTCGACAATCCACTG_014,28
CGCTCCTCGACAATCCACTG_015,57
CGCTCCTCGACAATCCACTG_016,60
CGCTCCTCGACAATCCACTG_017,34
CGCTCCTCGACAATCCACTG_018,174
CTATGTGGCTGTGTTCGTCG_001,43
CTATGTGGCTGTGTTCGTCG_002,61
CTATGTGGCTGTGTTCGTCG_003,141
CTATGTGGCTGTGTTCGTCG_004,127
CTATGTGGCTGTGTTCGTCG_005,26
CTATGTGGCTGTGTTCGTCG_006,198
CTATGTGGCTGTGTTCGTCG_007,168
CTATGTGGCTGTGTTCGTCG_008,63
GGTCTATGCACTCAAGCACG_001,49
GGTCTATGCACTCAAGCACG_002,22
GGTCTATGCACTCAAGCACG_003,141
GGTCTATGCACTCAAGCACG_004,157
CTGGCCCTGAAGACCCACGT_001,147
CTGGCCCTGAAGACCCACGT_002,40
CTGGCCCTGAAGACCCACGT_003,150
CTGGCCCTGAAGACCCACGT_004,24
CTGGCCCTGAAGACCCACGT_005,105
CTGGCCCTGAAGACCCACGT_006,4
CTGGCCCTGAAGACCCACGT_007,26
CTGGCCCTGAAGACCCACGT_008,105
CTGGCCCTGAAGACCCACGT_009,44
CTGGCCCTGAAGACCCACGT_010,68
CTGGCCCTGAAGACCCACGT_011,2
CTGGCCCTGAAGACCCACGT_012,158
CTGGCCCTGAAGACCCACGT_013,153
GAAGAATTTCTACACTGCTA_001,121
GAAGAATTTCTACACTGCTA_002,185
GAAGAATTTCTACACTGCTA_003,26
ACAAGAACCACACCCACCCT_001,119
ACAAGAACCACACCCACCCT_002,20
ACAAGAACCACACCCACCCT_003,117
ACAAGAACCACACCCACCCT_004,108
ACAAGAACCACACCCACCCT_005,173
ACAAGAACCACACCCACCCT_006,145
ACAAGAACCACACCCACCCT_007,197
ACAAGAACCACACCCACCCT_008,102
ACAAGAACCACACCCACCCT_009,46
ACAAGAACCACACCCACCCT_010,177
ACAAGAACCACACCCACCCT_011,98
ACAAGAACCACACCCACCCT_012,146
ACAAGAACCACACCCACCCT_013,31
ACAAGAACCACACCCACCCT_014,198
ACAAGAACCACACCCACCCT_015,85
ACAAGAACCACACCCACCCT_016,103
ACAAGAACCACACCCACCCT_017,169
ACAAGAACCACACCCACCCT_018,183
ACAAGAACCACACCCACCCT_019,125
ACAAGAACCACACCCACCCT_020,175
ACAAGAACCACACCCACCCT_021,0
ACAAGAACCACACCCACCCT_022,69
ACAAGAACCACACCCACCCT_023,135
ACAAGAACCACACCCACCCT_024,155
ACAAGAACCACACCCACCCT_025,68
ACTGCATCAACATCCGCACG_001,137
ACTGCATCAACATCCGCACG_002,40
ACTGCATCAACATCCGCACG_003,198
ACTGCATCAACATCCGCACG_004,41
ACTGCATCAACATCCGCACG_005,148
ACTGCATCAACATCCGCACG_006,72
ACTGCATCAACATCCGCACG_007,65
ACTGCATCAACATCCGCACG_008,58
ACTGCATCAACATCCGCACG_009,78
ACTGCATCAACATCCGCACG_010,88
ACTGCATCAACATCCGCACG_011,41
ACTGCATCAACATCCGCACG_012,15
ACTGCATCAACATCCGCACG_013,66
ACTGCATCAACATCCGCACG_014,140
ACTGCATCAACATCCGCACG_015,126
AGAGAGGCGATTTGCAGGCA_001,181
AGAGAGGCGATTTGCAGGCA_002,47
AGAGAGGCGATTTGCAGGCA_003,105
GGCCCCACAGCGCGGCACCT_001,2
GGCCCCACAGCGCGGCACCT_002,88
GGCCCCACAGCGCGGCACCT_003,198
GGCCCCACAGCGCGGCACCT_004,38
GGCCCCACAGCGCGGCACCT_005,4
GGCCCCACAGCGCGGCACCT_006,125
GGCCCCACAGCGCGGCACCT_007,97
GGCCCCACAGCGCGGCACCT_008,168
GGCCCCACAGCGCGGCACCT_009,171
GGCCCCACAGCGCGGCACCT_010,111
GGCCCCACAGCGCGGCACCT_011,158
GGCCCCACAGCGCGGCACCT_012,168
GGCCCCACAGCGCGGCACCT_013,157
GGCCCCACAGCGCGGCACCT_014,108
TAGGAAAATGGTGAAAACTT_001,24
TCATGTGAAAGCTTTGTGTG_001,32
TCATGTGAAAGCTTTGTGTG_002,137
TCATGTGAAAGCTTTGTGTG_003,154
TCATGTGAAAGCTTTGTGTG_004,105
TCATGTGAAAGCTTTGTGTG_005,10
TCATGTGAAAGCTTTGTGTG_006,43
TCATGTGAAAGCTTTGTGTG_007,150
TCATGTGAAAGCTTTGTGTG_008,82
TCATGTGAAAGCTTTGTGTG_009,160
TCATGTGAAAGCTTTGTGTG_010,20
TCATGTGAAAGCTTTGTGTG_011,160
TCATGTGAAAGCTTTGTGTG_012,58
TCATGTGAAAGCTTTGTGTG_013,186
TCATGTGAAAGCTTTGTGTG_014,140
TCATGTGAAAGCTTTGTGTG_015,62
TCATGTGAAAGCTTTGTGTG_016,6
TCTGGTAGAAGTTATATCTG_001,157
TCTGGTAGAAGTTATATCTG_002,184
TCTGGTAGAAGTTATATCTG_003,29
TCTGGTAGAAGTTATATCTG_004,137
TCTGGTAGAAGTTATATCTG_005,12
TCTGGTAGAAGTTATATCTG_006,40
TCTGGTAGAAGTTATATCTG_007,38
TGGCAGAAGGTGATAATGTG_001,182
TGGCAGAAGGTGATAATGTG_002,106
TGGCAGAAGGTGATAATGTG_003,148
TGGCAGAAGGTGATAATGTG_004,77
TGGCAGAAGGTGATAATGTG_005,105
TGGCAGAAGGTGATAATGTG_006,1
TGGCAGAAGGTGATAATGTG_007,184
TGGCAGAAGGTGATAATGTG_008,28
AAGACGTCATAAGTACCATA_001,166
AAGACGTCATAAGTACCATA_002,194
CTGGCAGCAACGAACCCCAA_001,144
CTGGCAGCAACGAACCCCAA_002,84
CTGGCAGCAACGAACCCCAA_003,38
CTGGCAGCAACGAACCCCAA_004,77
CTGGCAGCAACGAACCCCAA_005,17
CTGGCAGCAACGAACCCCAA_006,105
CTGGCAGCAACGAACCCCAA_007,15
CTGGCAGCAACGAACCCCAA_008,145
CTGGCAGCAACGAACCCCAA_009,65
CTGGCAGCAACGAACCCCAA_010,125
CTGGCAGCAACGAACCCCAA_011,161
CTGGCAGCAACGAACCCCAA_012,78
CTGGCAGCAACGAACCCCAA_013,50
CTGGCAGCAACGAACCCCAA_014,166
CTGGCAGCAACGAACCCCAA_015,148
CTGGCAGCAACGAACCCCAA_016,127
CTGGCAGCAACGAACCCCAA_017,10
CTGGCAGCAACGAACCCCAA_018,127
CTGGCAGCAACGAACCCCAA_019,27
CTGGCAGCAACGAACCCCAA_020,44
CTGGCAGCAACGAACCCCAA_021,116
CTGGCAGCAACGAACCCCAA_022,104
GAAGCGGTGGTATTCCCGTG_001,19
GAAGCGGTGGTATTCCCGTG_002,149
GAAGCGGTGGTATTCCCGTG_003,2
GAAGCGGTGGTATTCCCGTG_004,1
GAAGCGGTGGTATTCCCGTG_005,98
GAAGCGGTGGTATTCCCGTG_006,76
GAAGCGGTGGTATTCCCGTG_007,45
GAAGCGGTGGTATTCCCGTG_008,56
GAAGCGGTGGTATTCCCGTG_009,124
TTTCCAAACGGAGTCCAGTG_001,112
TTTCCAAACGGAGTCCAGTG_002,6
TTTCCAAACGGAGTCCAGTG_003,108
TTTCCAAACGGAGTCCAGTG_004,27
TTTCCAAACGGAGTCCAGTG_005,6
ACTATGGCATCTTCCCACGC_001,115
ACTATGGCATCTTCCCACGC_002,147
CCGCGGCTGGTACGACAAGG_001,182
CCGCGGCTGGTACGACAAGG_002,164
CCGCGGCTGGTACGACAAGG_003,116
CCGCGGCTGGTACGACAAGG_004,127
CCGCGGCTGGTACGACAAGG_005,23
CCGCGGCTGGTACGACAAGG_006,139
GCATGTTGAGGAAGTAACCG_001,137
GCATGTTGAGGAAGTAACCG_002,56
GCATGTTGAGGAAGTAACCG_003,3
GCATGTTGAGGAAGTAACCG_004,58
TTTCTGCAGATTTACCGTGA_001,141
TTTCTGCAGATTTACCGTGA_002,69
TGACAGGAATGCTCCAAAAT_001,48
TGACAGGAATGCTCCAAAAT_002,88
TGACAGGAATGCTCCAAAAT_003,127
TGACAGGAATGCTCCAAAAT_004,11
TGACAGGAATGCTCCAAAAT_005,187
TGACAGGAATGCTCCAAAAT_006,197
TGACAGGAATGCTCCAAAAT_007,8
TGACAGGAATGCTCCAAAAT_008,150
TGACAGGAATGCTCCAAAAT_009,3
GCAAGTCCCGTCCCATCTCG_001,142
GCAAGTCCCGTCCCATCTCG_002,40
GCAAGTCCCGTCCCATCTCG_003,54
GCAAGTCCCGTCCCATCTCG_004,11
GCAAGTCCCGTCCCATCTCG_005,198
GCAAGTCCCGTCCCATCTCG_006,48
GCAAGTCCCGTCCCATCTCG_007,60
GCAAGTCCCGTCCCATCTCG_008,90
GCAAGTCCCGTCCCATCTCG_009,42
GCAAGTCCCGTCCCATCTCG_010,58
GCAAGTCCCGTCCCATCTCG_011,36
GCAAGTCCCGTCCCATCTCG_012,109
GCAAGTCCCGTCCCATCTCG_013,38
GCAAGTCCCGTCCCATCTCG_014,103
GCAAGTCCCGTCCCATCTCG_015,112
GCAAGTCCCGTCCCATCTCG_016,1
GCAAGTCCCGTCCCATCTCG_017,34
GCAAGTCCCGTCCCATCTCG_018,168
GCAAGTCCCGTCCCATCTCG_019,65
GCAAGTCCCGTCCCATCTCG_020,96
GCAAGTCCCGTCCCATCTCG_021,23
GCAAGTCCCGTCCCATCTCG_022,33
GCAAGTCCCGTCCCATCTCG_023,169
GCAAGTCCCGTCCCATCTCG_024,8
TTCTGTCACAATCGTAGACA_001,88
TTCTGTCACAATCGTAGACA_002,72
TTCTGTCACAATCGTAGACA_003,126
TTCTGTCACAATCGTAGACA_004,198
AATACGATGGCCGAGCCACA_001,99
AATACGATGGCCGAGCCACA_002,43
AATACGATGGCCGAGCCACA_003,184
TCCAGGAGCTGAATAGAACG_001,161
TCCAGGAGCTGAATAGAACG_002,174
TCCAGGAGCTGAATAGAACG_003,100
TCCAGGAGCTGAATAGAACG_004,108
TCCAGGAGCTGAATAGAACG_005,118
TCCAGGAGCTGAATAGAACG_006,118
TCCAGGAGCTGAATAGAACG_007,20
ACTCCCGGTGCAGAAAGACG_001,41
ACTCCCGGTGCAGAAAGACG_002,184
ACTCCCGGTGCAGAAAGACG_003,1
ACTCCCGGTGCAGAAAGACG_004,42
ACTCCCGGTGCAGAAAGACG_005,83
ACTCCCGGTGCAGAAAGACG_006,81
ACTCCCGGTGCAGAAAGACG_007,125
ACTCCCGGTGCAGAAAGACG_008,142
ACTCCCGGTGCAGAAAGACG_009,40
ACTCCCGGTGCAGAAAGACG_010,177
ACTCCCGGTGCAGAAAGACG_011,96
TATAAAGCGCATTCTGTGGG_001,183
ATTGGTGCAGAAGCATACAG_001,97
ATTGGTGCAGAAGCATACAG_002,129
ATTGGTGCAGAAGCATACAG_003,156
ATTGGTGCAGAAGCATACAG_004,174
ATTGGTGCAGAAGCATACAG_005,30
ATTGGTGCAGAAGCATACAG_006,181
ATTGGTGCAGAAGCATACAG_007,170
ATTGGTGCAGAAGCATACAG_008,18
AGAGGACTGTCAGCGCTGGT_001,73
AGAGGACTGTCAGCGCTGGT_002,172
AGAGGACTGTCAGCGCTGGT_003,24
AGAGGACTGTCAGCGCTGGT_004,175
AGAGGACTGTCAGCGCTGGT_005,82
AGAGGACTGTCAGCGCTGGT_006,141
AGAGGACTGTCAGCGCTGGT_007,156
AGAGGACTGTCAGCGCTGGT_008,129
AGAGGACTGTCAGCGCTGGT_009,22
AGAGGACTGTCAGCGCTGGT_010,167
AGAGGACTGTCAGCGCTGGT_011,167
AGAGGACTGTCAGCGCTGGT_012,45
AGAGGACTGTCAGCGCTGGT_013,12
AGAGGACTGTCAGCGCTGGT_014,44
AGAGGACTGTCAGCGCTGGT_015,110
AGAGGACTGTCAGCGCTGGT_016,10
AGAGGACTGTCAGCGCTGGT_017,77
AGAGGACTGTCAGCGCTGGT_018,44
AGAGGACTGTCAGCGCTGGT_019,15
AGAGGACTGTCAGCGCTGGT_020,186
AGAGGACTGTCAGCGCTGGT_021,106
AGAGGACTGTCAGCGCTGGT_022,146
AGAGGACTGTCAGCGCTGGT_023,25
AGAGGACTGTCAGCGCTGGT_024,130
AGAGGACTGTCAGCGCTGGT_025,163
AGAGGACTGTCAGCGCTGGT_026,169
AGAGGACTGTCAGCGCTGGT_027,31
AGAGGACTGTCAGCGCTGGT_028,162
AGAGGACTGTCAGCGCTGGT_029,158
AGAGGACTGTCAGCGCTGGT_030,180
CGGGGATCAAAGTTCATTGG_001,88
CGGGGATCAAAGTTCATTGG_002,82
CGGGGATCAAAGTTCATTGG_003,81
CGGGGATCAAAGTTCATTGG_004,137
CGGGGATCAAAGTTCATTGG_005,14
CGGGGATCAAAGTTCATTGG_006,171
GGAGCTAAGATCATGTAGAG_001,62
GGAGCTAAGATCATGTAGAG_002,109
GGAGCTAAGATCATGTAGAG_003,66
GGAGCTAAGATCATGTAGAG_004,98
GGAGCTAAGATCATGTAGAG_005,141
GGAGCTAAGATCATGTAGAG_006,88
GGAGCTAAGATCATGTAGAG_007,31
GGAGCTAAGATCATGTAGAG_008,88
GGAGCTAAGATCATGTAGAG_009,188
GGAGCTAAGATCATGTAGAG_010,98
GGAGCTAAGATCATGTAGAG_011,138
GGAGCTAAGATCATGTAGAG_012,91
TCTGGCACATGAATGGAGTG_001,119
TCTGGCACATGAATGGAGTG_002,123
TCTGGCACATGAATGGAGTG_003,113
TCTGGCACATGAATGGAGTG_004,129
TCTGGCACATGAATGGAGTG_005,28
TCTGGCACATGAATGGAGTG_006,39
TCTGGCACATGAATGGAGTG_007,53
TCTGGCACATGAATGGAGTG_008,8
TCTGGCACATGAATGGAGTG_009,37
TCTGGCACATGAATGGAGTG_010,154
TCTGGCACATGAATGGAGTG_011,137
TCTGGCACATGAATGGAGTG_012,176
TCTGGCACATGAATGGAGTG_013,88
TCTGGCACATGAATGGAGTG_014,191
TCTGGCACATGAATGGAGTG_015,1
TCTGGCACATGAATGGAGTG_016,3
TCTGGCACATGAATGGAGTG_017,184
TCTGGCACATGAATGGAGTG_018,137
TCTGGCACATGAATGGAGTG_019,142
TCTGGCACATGAATGGAGTG_020,38
CTGCTCAATTTGAATATGTG_001,86
CTGCTCAATTTGAATATGTG_002,76
CTGCTCAATTTGAATATGTG_003,150
CTGCTCAATTTGAATATGTG_004,78
CTGCTCAATTTGAATATGTG_005,104
CTGCTCAATTTGAATATGTG_006,130
CTGCTCAATTTGAATATGTG_007,185
CTGCTCAATTTGAATATGTG_008,193
CTGCTCAATTTGAATATGTG_009,113
CTGCTCAATTTGAATATGTG_010,98
CTGCTCAATTTGAATATGTG_011,144
ATCCCCCTCTACTTACTCGG_001,104
ATCCCCCTCTACTTACTCGG_002,179
ATCCCCCTCTACTTACTCGG_003,197
ATCCCCCTCTACTTACTCGG_004,50
ATCCCCCTCTACTTACTCGG_005,85
ATCCCCCTCTACTTACTCGG_006,85
ATCCCCCTCTACTTACTCGG_007,43
ATCCCCCTCTACTTACTCGG_008,120
ATGACCACAATGACCACGCG_001,75
ATGACCACAATGACCACGCG_002,113
ATGACCACAATGACCACGCG_003,198
ATGACCACAATGACCACGCG_004,66
ATGACCACAATGACCACGCG_005,119
ATGACCACAATGACCACGCG_006,76
ATGACCACAATGACCACGCG_007,83
ATGACCACAATGACCACGCG_008,69
ATGACCACAATGACCACGCG_009,199
ATGACCACAATGACCACGCG_010,125
ATGACCACAATGACCACGCG_011,33
ATGACCACAATGACCACGCG_012,38
ATGACCACAATGACCACGCG_013,199
ATGACCACAATGACCACGCG_014,78
ATGACCACAATGACCACGCG_015,39
ATGACCACAATGACCACGCG_016,168
ATGACCACAATGACCACGCG_017,164
ATGACCACAATGACCACGCG_018,132
GGAACACTTACCTTCGCGGC_001,49
GGAACACTTACCTTCGCGGC_002,166
GGAACACTTACCTTCGCGGC_003,19
GGAACACTTACCTTCGCGGC_004,140
GGAACACTTACCTTCGCGGC_005,4
GTCTACCTGACCAATCGATG_001,37
GTCTACCTGACCAATCGATG_002,177
GTCTACCTGACCAATCGATG_003,149
GTCTACCTGACCAATCGATG_004,58
GTCTACCTGACCAATCGATG_005,69
GTCTACCTGACCAATCGATG_006,8
GTCTACCTGACCAATCGATG_007,37
GTCTACCTGACCAATCGATG_008,169
GTCTACCTGACCAATCGATG_009,72
GTCTACCTGACCAATCGATG_010,177
GTCTACCTGACCAATCGATG_011,106
GTCTACCTGACCAATCGATG_012,147
TGAGCAATAACAAGATCACG_001,116
TGAGCAATAACAAGATCACG_002,145
TGAGCAATAACAAGATCACG_003,10
AGGTCATTCAGCGACAAGAA_001,101
AGGTCATTCAGCGACAAGAA_002,43
AGGTCATTCAGCGACAAGAA_003,29
AGGTCATTCAGCGACAAGAA_004,92
AGGTCATTCAGCGACAAGAA_005,23
AGGTCATTCAGCGACAAGAA_006,157
AGGTCATTCAGCGACAAGAA_007,160
AGGTCATTCAGCGACAAGAA_008,115
AGGTCATTCAGCGACAAGAA_009,184
AGGTCATTCAGCGACAAGAA_010,144
GCCCCACCGAGCCAGCAGAA_001,94
GCCCCACCGAGCCAGCAGAA_002,183
GCCCCACCGAGCCAGCAGAA_003,172
GCCCCACCGAGCCAGCAGAA_004,193
GCCCCACCGAGCCAGCAGAA_005,9
GCCCCACCGAGCCAGCAGAA_006,42
GCCCCACCGAGCCAGCAGAA_007,80
GCCCCACCGAGCCAGCAGAA_008,142
GCCCCACCGAGCCAGCAGAA_009,183
GCCCCACCGAGCCAGCAGAA_010,27
GCCCCACCGAGCCAGCAGAA_011,174
GCCCCACCGAGCCAGCAGAA_012,137
GCCCCACCGAGCCAGCAGAA_013,2
GCCCCACCGAGCCAGCAGAA_014,192
GCCCCACCGAGCCAGCAGAA_015,198
GCCCCACCGAGCCAGCAGAA_016,96
GCCCCACCGAGCCAGCAGAA_017,169
GCCCCACCGAGCCAGCAGAA_018,9
GCCCCACCGAGCCAGCAGAA_019,107
GCCCCACCGAGCCAGCAGAA_020,44
GCCCCACCGAGCCAGCAGAA_021,124
GCCCCACCGAGCCAGCAGAA_022,31
GCCCCACCGAGCCAGCAGAA_023,98
GCCCCACCGAGCCAGCAGAA_024,58
GCCCCACCGAGCCAGCAGAA_025,175
GCCCCACCGAGCCAGCAGAA_026,49
GCCCCACCGAGCCAGCAGAA_027,27
GCCCCACCGAGCCAGCAGAA_028,120
GCCCCACCGAGCCAGCAGAA_029,18
GCCCCACCGAGCCAGCAGAA_030,42
GCCCCACCGAGCCAGCAGAA_031,60
GCCCCACCGAGCCAGCAGAA_032,126
GCCCCACCGAGCCAGCAGAA_033,36
CCTCCAAAGTGAGTTACCTG_001,56
CCTCCAAAGTGAGTTACCTG_002,175
CCTCCAAAGTGAGTTACCTG_003,0
CCTCCAAAGTGAGTTACCTG_004,96
CCTCCAAAGTGAGTTACCTG_005,169
CCTCCAAAGTGAGTTACCTG_006,4
CCTCCAAAGTGAGTTACCTG_007,95
GTGAAGCATGGTGACACGTG_001,26
GTGAAGCATGGTGACACGTG_002,88
GTGAAGCATGGTGACACGTG_003,156
GTGAAGCATGGTGACACGTG_004,43
GTGAAGCATGGTGACACGTG_005,195
GTGAAGCATGGTGACACGTG_006,49
GTGAAGCATGGTGACACGTG_007,56
GATCCCTGGTACCTTAAGGA_001,94
GATCCCTGGTACCTTAAGGA_002,164
GATCCCTGGTACCTTAAGGA_003,25
GATCCCTGGTACCTTAAGGA_004,11
GATCCCTGGTACCTTAAGGA_005,9
GATCCCTGGTACCTTAAGGA_006,137
TGGCCTCAACTACCTTGAAG_001,48
TGGCCTCAACTACCTTGAAG_002,70
TGGCCTCAACTACCTTGAAG_003,141
TGGCCTCAACTACCTTGAAG_004,123
TGGCCTCAACTACCTTGAAG_005,28
TGGCCTCAACTACCTTGAAG_006,39
TGGCCTCAACTACCTTGAAG_007,136
TGGCCTCAACTACCTTGAAG_008,34
TGGCCTCAACTACCTTGAAG_009,142
TGGCCTCAACTACCTTGAAG_010,121
TGAAGTCAAATGCCTCAGGC_001,159
TGAAGTCAAATGCCTCAGGC_002,141
TGAAGTCAAATGCCTCAGGC_003,23
TGAAGTCAAATGCCTCAGGC_004,67
TGAAGTCAAATGCCTCAGGC_005,187
TGAAGTCAAATGCCTCAGGC_006,9
TGAAGTCAAATGCCTCAGGC_007,13
TGAAGTCAAATGCCTCAGGC_008,181
TGAAGTCAAATGCCTCAGGC_009,165
TGAAGTCAAATGCCTCAGGC_010,178
TGAAGTCAAATGCCTCAGGC_011,119
TGAAGTCAAATGCCTCAGGC_012,94
TGAAGTCAAATGCCTCAGGC_013,50
TGAAGTCAAATGCCTCAGGC_014,174
TGAAGTCAAATGCCTCAGGC_015,177
TGAAGTCAAATGCCTCAGGC_016,155
TGAAGTCAAATGCCTCAGGC_017,47
TGAAGTCAAATGCCTCAGGC_018,97
TGAAGTCAAATGCCTCAGGC_019,17
TGAAGTCAAATGCCTCAGGC_020,16
TGAAGTCAAATGCCTCAGGC_021,68
TGAAGTCAAATGCCTCAGGC_022,166
TGAAGTCAAATGCCTCAGGC_023,40
TGAAGTCAAATGCCTCAGGC_024,25
ACAATGTCATCACTAATGAG_001,125
ACAATGTCATCACTAATGAG_002,96
CCTGAAGCAAATGGTTGAGG_001,170
ACAATGGGACAGTGACTCGT_001,150
ACAATGGGACAGTGACTCGT_002,146
ACAATGGGACAGTGACTCGT_003,188
ACAATGGGACAGTGACTCGT_004,10
ACAATGGGACAGTGACTCGT_005,160
ACAATGGGACAGTGACTCGT_006,111
ACAATGGGACAGTGACTCGT_007,74
ACAATGGGACAGTGACTCGT_008,145
ACAATGGGACAGTGACTCGT_009,127
ACAATGGGACAGTGACTCGT_010,34
ACAATGGGACAGTGACTCGT_011,176
ACAATGGGACAGTGACTCGT_012,146
AAAAAACCTGGGCAAAACAG_001,6
GTTCGCGCGCCACGACATCG_001,172
GTTCGCGCGCCACGACATCG_002,69
GTTCGCGCGCCACGACATCG_003,168
GTTCGCGCGCCACGACATCG_004,166
GTTCGCGCGCCACGACATCG_005,156
GTTCGCGCGCCACGACATCG_006,78
GTTCGCGCGCCACGACATCG_007,41
GTTCGCGCGCCACGACATCG_008,43
GTTCGCGCGCCACGACATCG_009,128
GTTCGCGCGCCACGACATCG_010,36
GTTCGCGCGCCACGACATCG_011,76
GTTCGCGCGCCACGACATCG_012,127
GTTCGCGCGCCACGACATCG_013,127
GTTCGCGCGCCACGACATCG_014,59
GTTCGCGCGCCACGACATCG_015,39
GTTCGCGCGCCACGACATCG_016,69
GGACTCCCAGTACACACACC_001,170
GGACTCCCAGTACACACACC_002,68
GGACTCCCAGTACACACACC_003,64
GGACTCCCAGTACACACACC_004,140
GGACTCCCAGTACACACACC_005,96
GGACTCCCAGTACACACACC_006,135
GGACTCCCAGTACACACACC_007,38
ATGTCACACTCAAGACACAT_001,27
ATGTCACACTCAAGACACAT_002,62
ATGTCACACTCAAGACACAT_003,53
ATGTCACACTCAAGACACAT_004,134
ATGTCACACTCAAGACACAT_005,119
ATGTCACACTCAAGACACAT_006,149
ATGTCACACTCAAGACACAT_007,9
ATGTCACACTCAAGACACAT_008,110
ATGTCACACTCAAGACACAT_009,30
ATGTCACACTCAAGACACAT_010,119
ATGTCACACTCAAGACACAT_011,88
ATGTCACACTCAAGACACAT_012,66
ATGTCACACTCAAGACACAT_013,124
ATGTCACACTCAAGACACAT_014,111
ATGTCACACTCAAGACACAT_015,36
ATGTCACACTCAAGACACAT_016,179
ATGTCACACTCAAGACACAT_017,49
ATGTCACACTCAAGACACAT_018,187
ATGTCACACTCAAGACACAT_019,120
ATGTCACACTCAAGACACAT_020,117
ATGTCACACTCAAGACACAT_021,37
ATGTCACACTCAAGACACAT_022,88
ATGTCACACTCAAGACACAT_023,76
ATGTCACACTCAAGACACAT_024,48
ATGTCACACTCAAGACACAT_025,1
ATGTCACACTCAAGACACAT_026,97
ATGTCACACTCAAGACACAT_027,36
ATGTCACACTCAAGACACAT_028,142
ATGTCACACTCAAGACACAT_029,69
ATGTCACACTCAAGACACAT_030,198
ATGTCACACTCAAGACACAT_031,11
ATGTCACACTCAAGACACAT_032,135
ATGAGGAGATCACACCCCGA_001,69
ATGAGGAGATCACACCCCGA_002,2
ATGAGGAGATCACACCCCGA_003,50
ATGAGGAGATCACACCCCGA_004,96
ATGAGGAGATCACACCCCGA_005,50
ATGAGGAGATCACACCCCGA_006,157
ATGAGGAGATCACACCCCGA_007,55
ATGAGGAGATCACACCCCGA_008,129
ATGAGGAGATCACACCCCGA_009,30
ATGAGGAGATCACACCCCGA_010,136
ATGAGGAGATCACACCCCGA_011,14
TTCCTGGCCGCCTTGCGAAG_001,188
TTCCTGGCCGCCTTGCGAAG_002,70
TTCCTGGCCGCCTTGCGAAG_003,40
TTCCTGGCCGCCTTGCGAAG_004,86
TTCCTGGCCGCCTTGCGAAG_005,46
TTCCTGGCCGCCTTGCGAAG_006,43
CGCACGCTCACAAAGTCACG_001,184
CGCACGCTCACAAAGTCACG_002,12
CGCACGCTCACAAAGTCACG_003,17
CGCACGCTCACAAAGTCACG_004,137
CGCACGCTCACAAAGTCACG_005,3
AGGCTGGCCTCACTAAGCCA_001,81
AGGCTGGCCTCACTAAGCCA_002,32
AGGCTGGCCTCACTAAGCCA_003,97
AGGCTGGCCTCACTAAGCCA_004,125
AGGCTGGCCTCACTAAGCCA_005,190
AGGCTGGCCTCACTAAGCCA_006,130
AGGCTGGCCTCACTAAGCCA_007,137
AGGCTGGCCTCACTAAGCCA_008,172
AGGCTGGCCTCACTAAGCCA_009,8
AGGCTGGCCTCACTAAGCCA_010,105
AGGCTGGCCTCACTAAGCCA_011,39
AGGCTGGCCTCACTAAGCCA_012,165
AGGCTGGCCTCACTAAGCCA_013,70
CTTTGTAAGAAGGCGCACCC_001,103
CTTTGTAAGAAGGCGCACCC_002,103
CTTTGTAAGAAGGCGCACCC_003,189
GCACGTCATCGAGTACTCGT_001,60
GCACGTCATCGAGTACTCGT_002,41
GCACGTCATCGAGTACTCGT_003,60
GCACGTCATCGAGTACTCGT_004,127
GCACGTCATCGAGTACTCGT_005,76
GCACGTCATCGAGTACTCGT_006,180
GGATCGCAACCACCTGACCC_001,149
GGATCGCAACCACCTGACCC_002,5
TCACACGGGGCCTGTCAACG_001,148
TCACACGGGGCCTGTCAACG_002,140
TCACACGGGGCCTGTCAACG_003,176
TCACACGGGGCCTGTCAACG_004,47
TCACACGGGGCCTGTCAACG_005,148
TCACACGGGGCCTGTCAACG_006,8
TCACACGGGGCCTGTCAACG_007,180
TCACACGGGGCCTGTCAACG_008,14
TTGCTAACGAAAAGTACCTA_001,95
TTGCTAACGAAAAGTACCTA_002,159
TTGCTAACGAAAAGTACCTA_003,153
TTGCTAACGAAAAGTACCTA_004,10
TTGCTAACGAAAAGTACCTA_005,56
TTGCTAACGAAAAGTACCTA_006,104
CTCCAATGTGATGCTCGATG_001,17
CTCCAATGTGATGCTCGATG_002,104
CTCCAATGTGATGCTCGATG_003,113
CTCCAATGTGATGCTCGATG_004,49
CTCCAATGTGATGCTCGATG_005,145
CTCCAATGTGATGCTCGATG_006,17
CTCCAATGTGATGCTCGATG_007,0
GTCCTTAAGACCACATGGTG_001,4
GTCCTTAAGACCACATGGTG_002,7
GTCCTTAAGACCACATGGTG_003,174
GTCCTTAAGACCACATGGTG_004,130
GTCCTTAAGACCACATGGTG_005,77
GTCCTTAAGACCACATGGTG_006,121
GTCCTTAAGACCACATGGTG_007,42
GTCCTTAAGACCACATGGTG_008,81
GTCCTTAAGACCACATGGTG_009,111
GTCCTTAAGACCACATGGTG_010,111
GTCCTTAAGACCACATGGTG_011,8
GTCCTTAAGACCACATGGTG_012,171
GTCCTTAAGACCACATGGTG_013,127
GTCCTTAAGACCACATGGTG_014,70
GTCCTTAAGACCACATGGTG_015,135
GTCCTTAAGACCACATGGTG_016,51
GTCCTTAAGACCACATGGTG_017,54
GTCCTTAAGACCACATGGTG_018,61
GTCCTTAAGACCACATGGTG_019,61
GTCCTTAAGACCACATGGTG_020,142
GTCCTTAAGACCACATGGTG_021,19
GTCCTTAAGACCACATGGTG_022,55
GTCCTTAAGACCACATGGTG_023,8
GTCCTTAAGACCACATGGTG_024,19
GTCCTTAAGACCACATGGTG_025,168
GTCCTTAAGACCACATGGTG_026,118
GTCCTTAAGACCACATGGTG_027,63
GTCCTTAAGACCACATGGTG_028,198
TCAGCCGGCAGGGAAAACTG_001,80
TCAGCCGGCAGGGAAAACTG_002,120
TCAGCCGGCAGGGAAAACTG_003,198
TCAGCCGGCAGGGAAAACTG_004,192
TCAGCCGGCAGGGAAAACTG_005,190
TCAGCCGGCAGGGAAAACTG_006,58
TCAGCCGGCAGGGAAAACTG_007,151
TCAGCCGGCAGGGAAAACTG_008,99
TCAGCCGGCAGGGAAAACTG_009,94
TCAGCCGGCAGGGAAAACTG_010,144
TCAGCCGGCAGGGAAAACTG_011,75
TCAGCCGGCAGGGAAAACTG_012,173
GGCGCTGGCGAACCCCCCGT_001,8
GGCGCTGGCGAACCCCCCGT_002,51
GGCGCTGGCGAACCCCCCGT_003,1
GGCGCTGGCGAACCCCCCGT_004,105
GGCGCTGGCGAACCCCCCGT_005,16
GGCGCTGGCGAACCCCCCGT_006,84
GGCGCTGGCGAACCCCCCGT_007,162
GGCGCTGGCGAACCCCCCGT_008,182
GGCGCTGGCGAACCCCCCGT_009,96
GGCGCTGGCGAACCCCCCGT_010,15
GGCGCTGGCGAACCCCCCGT_011,34
TCGGCAGCGAGCATAACATG_001,93
TCGGCAGCGAGCATAACATG_002,67
TCGGCAGCGAGCATAACATG_003,44
TCGGCAGCGAGCATAACATG_004,91
TCGGCAGCGAGCATAACATG_005,48
TCGGCAGCGAGCATAACATG_006,141
TCGGCAGCGAGCATAACATG_007,8
TCGGCAGCGAGCATAACATG_008,168
TCGGCAGCGAGCATAACATG_009,118
TCGGCAGCGAGCATAACATG_010,191
TCGGCAGCGAGCATAACATG_011,75
TCGGCAGCGAGCATAACATG_012,0
AGGCATACACGGAATACCTG_001,97
AGGCATACACGGAATACCTG_002,94
AGGCATACACGGAATACCTG_003,162
AGGCATACACGGAATACCTG_004,88
AGGCATACACGGAATACCTG_005,144
AGGCATACACGGAATACCTG_006,116
AGGCATACACGGAATACCTG_007,46
AGGCATACACGGAATACCTG_008,56
AGGCATACACGGAATACCTG_009,28
ATTAGACAAACCATGATGCG_001,6
ATTAGACAAACCATGATGCG_002,72
ATTAGACAAACCATGATGCG_003,171
ATTAGACAAACCATGATGCG_004,68
ATTAGACAAACCATGATGCG_005,141
ATTAGACAAACCATGATGCG_006,137
ATTAGACAAACCATGATGCG_007,38
CAGGGAAGAAATCACAACCA_001,116
CAGGGAAGAAATCACAACCA_002,19
CAGGGAAGAAATCACAACCA_003,127
ACGGAACAGGAGACCAAATG_001,6
ACGGAACAGGAGACCAAATG_002,197
ACCTGACTTTCAAGACCGAG_001,183
ACCTGACTTTCAAGACCGAG_002,172
ACCTGACTTTCAAGACCGAG_003,151
ACCTGACTTTCAAGACCGAG_004,191
ACCTGACTTTCAAGACCGAG_005,34
ACCTGACTTTCAAGACCGAG_006,29
ACCTGACTTTCAAGACCGAG_007,127
ACCTGACTTTCAAGACCGAG_008,76
ACCTGACTTTCAAGACCGAG_009,41
ACCTGACTTTCAAGACCGAG_010,158
ACCTGACTTTCAAGACCGAG_011,88
ACCTGACTTTCAAGACCGAG_012,118
ACCTGACTTTCAAGACCGAG_013,162
ACATGAAATCCAAAAACTAC_001,113
ACATGAAATCCAAAAACTAC_002,24
GCTGCGCAAAGGGAACTACG_001,89
GCTGCGCAAAGGGAACTACG_002,112
GCTGCGCAAAGGGAACTACG_003,14
GCTGCGCAAAGGGAACTACG_004,14
GCTGCGCAAAGGGAACTACG_005,19
GCTGCGCAAAGGGAACTACG_006,131
GCTGCGCAAAGGGAACTACG_007,131
GCTGCGCAAAGGGAACTACG_008,193
GCTGCGCAAAGGGAACTACG_009,18
GCTGCGCAAAGGGAACTACG_010,10
GCTGCGCAAAGGGAACTACG_011,193
GCTGCGCAAAGGGAACTACG_012,11
GCTGCGCAAAGGGAACTACG_013,185
GCTGCGCAAAGGGAACTACG_014,63
GCTGCGCAAAGGGAACTACG_015,116
GCTGCGCAAAGGGAACTACG_016,0
GCTGCGCAAAGGGAACTACG_017,41
GCTGCGCAAAGGGAACTACG_018,162
GCTGCGCAAAGGGAACTACG_019,2
GCTGCGCAAAGGGAACTACG_020,39
GCTGCGCAAAGGGAACTACG_021,56
GCTGCGCAAAGGGAACTACG_022,0
GCTGCGCAAAGGGAACTACG_023,66
GCTGCGCAAAGGGAACTACG_024,37
GCTGCGCAAAGGGAACTACG_025,83
GCTGCGCAAAGGGAACTACG_026,150
CCTTGAAGTAGGGCACGTAA_001,50
CCTTGAAGTAGGGCACGTAA_002,169
CCTTGAAGTAGGGCACGTAA_003,115
CCTTGAAGTAGGGCACGTAA_004,33
CCTTGAAGTAGGGCACGTAA_005,144
CCTTGAAGTAGGGCACGTAA_006,26
CCTTGAAGTAGGGCACGTAA_007,84
CCTTGAAGTAGGGCACGTAA_008,84
TGTGGAACTCCGGGATACGT_001,169
TGTGGAACTCCGGGATACGT_002,51
TGTGGAACTCCGGGATACGT_003,1
TGTGGAACTCCGGGATACGT_004,116
TGTGGAACTCCGGGATACGT_005,103
TGTGGAACTCCGGGATACGT_006,8
TTCACGCTGGTGACCGAAGG_001,16
TTCACGCTGGTGACCGAAGG_002,158
TTCACGCTGGTGACCGAAGG_003,133
TTCACGCTGGTGACCGAAGG_004,23
TTCACGCTGGTGACCGAAGG_005,97
TTCACGCTGGTGACCGAAGG_006,28
TTCACGCTGGTGACCGAAGG_007,193
TTCACGCTGGTGACCGAAGG_008,124
TTCACGCTGGTGACCGAAGG_009,62
CATGAACATGGACATGAGCA_001,61
CATGAACATGGACATGAGCA_002,96
CATGAACATGGACATGAGCA_003,148
CATGAACATGGACATGAGCA_004,2
CATGAACATGGACATGAGCA_005,188
CATGAACATGGACATGAGCA_006,28
CATGAACATGGACATGAGCA_007,9
CATGAACATGGACATGAGCA_008,83
CATGAACATGGACATGAGCA_009,105
CATGAACATGGACATGAGCA_010,80
CATGAACATGGACATGAGCA_011,62
CATGAACATGGACATGAGCA_012,14
CATGAACATGGACATGAGCA_013,88
CACATGTACGAAGATGTCCT_001,58
CACATGTACGAAGATGTCCT_002,119
CACATGTACGAAGATGTCCT_003,122
CACATGTACGAAGATGTCCT_004,114
CACATGTACGAAGATGTCCT_005,174
CACATGTACGAAGATGTCCT_006,1
CACATGTACGAAGATGTCCT_007,128
CACATGTACGAAGATGTCCT_008,165
CACATGTACGAAGATGTCCT_009,191
TGACGCGGAGGCGTATTCGG_001,139
TGACGCGGAGGCGTATTCGG_002,156
TGACGCGGAGGCGTATTCGG_003,127
TGACGCGGAGGCGTATTCGG_004,69
TGACGCGGAGGCGTATTCGG_005,194
TGACGCGGAGGCGTATTCGG_006,59
TGACGCGGAGGCGTATTCGG_007,174
TGACGCGGAGGCGTATTCGG_008,144
TGACGCGGAGGCGTATTCGG_009,160
GAAGCCGATCAACCATAGAG_001,184
GAAGCCGATCAACCATAGAG_002,106
GAAGCCGATCAACCATAGAG_003,59
GAAGCCGATCAACCATAGAG_004,49
GAAGCCGATCAACCATAGAG_005,69
GAAGCCGATCAACCATAGAG_006,12
GAAGCCGATCAACCATAGAG_007,50
GAAGCCGATCAACCATAGAG_008,105
GAAGCCGATCAACCATAGAG_009,182
GAAGCCGATCAACCATAGAG_010,56
GAAGCCGATCAACCATAGAG_011,22
GAAGCCGATCAACCATAGAG_012,192
GAAGCCGATCAACCATAGAG_013,35
GAAGCCGATCAACCATAGAG_014,69
GAAGCCGATCAACCATAGAG_015,46
GAAGCCGATCAACCATAGAG_016,87
GAAGCCGATCAACCATAGAG_017,150
TTGAAGAAATCGTGCCCATG_001,142
TTGAAGAAATCGTGCCCATG_002,88
TTGAAGAAATCGTGCCCATG_003,61
TTGAAGAAATCGTGCCCATG_004,127
TTGAAGAAATCGTGCCCATG_005,178
TTGAAGAAATCGTGCCCATG_006,186
TTGAAGAAATCGTGCCCATG_007,2
TTGAAGAAATCGTGCCCATG_008,2
TTGAAGAAATCGTGCCCATG_009,49
TTGAAGAAATCGTGCCCATG_010,186
CCTGGATGAATGCAGTAAGG_001,60
CCTGGATGAATGCAGTAAGG_002,29
CCTGGATGAATGCAGTAAGG_003,17
CCTGGATGAATGCAGTAAGG_004,167
CCTGGATGAATGCAGTAAGG_005,16
CCTGGATGAATGCAGTAAGG_006,199
CCTGGATGAATGCAGTAAGG_007,82
CCTGGATGAATGCAGTAAGG_008,27
TATCTCCAAACTCATGAACA_001,160
TATCTCCAAACTCATGAACA_002,148
AATCCAAGTGACATGAGCCA_001,174
AATCCAAGTGACATGAGCCA_002,9
AATCCAAGTGACATGAGCCA_003,96
AATCCAAGTGACATGAGCCA_004,119
AATCCAAGTGACATGAGCCA_005,82
AATCCAAGTGACATGAGCCA_006,193
GGAGAGTCTACTCAGGCTGG_001,28
GGAGAGTCTACTCAGGCTGG_002,177
GGAGAGTCTACTCAGGCTGG_003,144
GGAGAGTCTACTCAGGCTGG_004,78
GGAGAGTCTACTCAGGCTGG_005,184
GCATTTACTCTATGTCGGGG_001,57
GCATTTACTCTATGTCGGGG_002,40
ACCAACTCAACAGCTAACCG_001,35
ACCAACTCAACAGCTAACCG_002,9
ACCAACTCAACAGCTAACCG_003,163
ACCAACTCAACAGCTAACCG_004,9
ACCAACTCAACAGCTAACCG_005,142
ACCAACTCAACAGCTAACCG_006,42
ACCAACTCAACAGCTAACCG_007,1
AAAGCCAGCTCCATCGACAC_001,70
AAAGCCAGCTCCATCGACAC_002,88
AAAGCCAGCTCCATCGACAC_003,169
AAAGCCAGCTCCATCGACAC_004,42
AAAGCCAGCTCCATCGACAC_005,75
AAAGCCAGCTCCATCGACAC_006,5
AAAGCCAGCTCCATCGACAC_007,178
AAAGCCAGCTCCATCGACAC_008,185
AAAGCCAGCTCCATCGACAC_009,58
AAAGCCAGCTCCATCGACAC_010,141
AAAGCCAGCTCCATCGACAC_011,58
AAAGCCAGCTCCATCGACAC_012,88
AAAGCCAGCTCCATCGACAC_013,52
AAAGCCAGCTCCATCGACAC_014,94
AAAGCCAGCTCCATCGACAC_015,115
AAAGCCAGCTCCATCGACAC_016,149
AAAGCCAGCTCCATCGACAC_017,39
AAAGCCAGCTCCATCGACAC_018,115
AGGATGTCATGGGCTCGCAG_001,96
AGGATGTCATGGGCTCGCAG_002,62
AGGATGTCATGGGCTCGCAG_003,163
AGGATGTCATGGGCTCGCAG_004,31
AGGATGTCATGGGCTCGCAG_005,112
AGGATGTCATGGGCTCGCAG_006,95
AGGATGTCATGGGCTCGCAG_007,173
AGGATGTCATGGGCTCGCAG_008,1
AGGATGTCATGGGCTCGCAG_009,150
AGGATGTCATGGGCTCGCAG_010,29
AGGATGTCATGGGCTCGCAG_011,188
AGGATGTCATGGGCTCGCAG_012,101
AGGATGTCATGGGCTCGCAG_013,121
AGGATGTCATGGGCTCGCAG_014,4
AGGATGTCATGGGCTCGCAG_015,88
CTTGCGCAGGCGCTTCAGCA_001,47
CTTGCGCAGGCGCTTCAGCA_002,125
CCGCGGCAAGACTGGCGGCA_001,177
CCGCGGCAAGACTGGCGGCA_002,2
CCGCGGCAAGACTGGCGGCA_003,188
CCGCGGCAAGACTGGCGGCA_004,58
CCGCGGCAAGACTGGCGGCA_005,10
CCGCGGCAAGACTGGCGGCA_006,157
CCGCGGCAAGACTGGCGGCA_007,50
CCGCGGCAAGACTGGCGGCA_008,158
CCGCGGCAAGACTGGCGGCA_009,174
CCGCGGCAAGACTGGCGGCA_010,53
CCGCGGCAAGACTGGCGGCA_011,28
CCGCGGCAAGACTGGCGGCA_012,74
CCGCGGCAAGACTGGCGGCA_013,102
CGGCTCAAGTACCAGCACAC_001,146
CGGCTCAAGTACCAGCACAC_002,149
CGGCTCAAGTACCAGCACAC_003,149
CGGCTCAAGTACCAGCACAC_004,174
CGGCTCAAGTACCAGCACAC_005,29
CGGCTCAAGTACCAGCACAC_006,105
CGGCTCAAGTACCAGCACAC_007,170
CGGCTCAAGTACCAGCACAC_008,112
CGGCTCAAGTACCAGCACAC_009,93
CGGCTCAAGTACCAGCACAC_010,103
CGGCTCAAGTACCAGCACAC_011,45
CGGCTCAAGTACCAGCACAC_012,113
CGGCTCAAGTACCAGCACAC_013,150
CGGCTCAAGTACCAGCACAC_014,1
CGGCTCAAGTACCAGCACAC_015,30
CGGCTCAAGTACCAGCACAC_016,186
CGGCTCAAGTACCAGCACAC_017,183
CGGCTCAAGTACCAGCACAC_018,143
CGGCTCAAGTACCAGCACAC_019,124
CGGCTCAAGTACCAGCACAC_020,142
CGGCTCAAGTACCAGCACAC_021,99
CGGCTCAAGTACCAGCACAC_022,83
CGGCTCAAGTACCAGCACAC_023,45
CGGCTCAAGTACCAGCACAC_024,34
CGGCTCAAGTACCAGCACAC_025,124
CGGCTCAAGTACCAGCACAC_026,155
CGGCTCAAGTACCAGCACAC_027,144
CGGCTCAAGTACCAGCACAC_028,6
CGGCTCAAGTACCAGCACAC_029,0
CGGCTCAAGTACCAGCACAC_030,58
CGGCTCAAGTACCAGCACAC_031,153
CGGCTCAAGTACCAGCACAC_032,138
GAGGACCAACTTCTATACCT_001,82
GAGGACCAACTTCTATACCT_002,70
GAGGACCAACTTCTATACCT_003,49
TAAGATTTCTTTAACACCTG_001,184
TAAGATTTCTTTAACACCTG_002,147
GGTGCTCGGTGTCGTTACCG_001,94
GGTGCTCGGTGTCGTTACCG_002,81
GTGAAACCTGTACCATAACA_001,198
GTGAAACCTGTACCATAACA_002,188
GTGAAACCTGTACCATAACA_003,74
GTGAAACCTGTACCATAACA_004,78
GTGAAACCTGTACCATAACA_005,78
GTGAAACCTGTACCATAACA_006,57
TGTACCATGGACTAGCATCG_001,23
TGTACCATGGACTAGCATCG_002,20
TGTACCATGGACTAGCATCG_003,103
TGTACCATGGACTAGCATCG_004,134
TGTACCATGGACTAGCATCG_005,199
TGTACCATGGACTAGCATCG_006,39
GTCAAGGCACCATTATGACT_001,134
GTCAAGGCACCATTATGACT_002,47
GTCAAGGCACCATTATGACT_003,196
GTCAAGGCACCATTATGACT_004,75
GTCAAGGCACCATTATGACT_005,85
GTCAAGGCACCATTATGACT_006,198
GTCAAGGCACCATTATGACT_007,19
GTCAAGGCACCATTATGACT_008,121
GGGACCTCAGTTGTTACGCA_001,175
GGGACCTCAGTTGTTACGCA_002,81
GTGAAACGAATGCTCCATGT_001,36
GTGAAACGAATGCTCCATGT_002,27
TTACACAGAATGCTGCCACA_001,127
TTACACAGAATGCTGCCACA_002,48
TTACACAGAATGCTGCCACA_003,169
TTACACAGAATGCTGCCACA_004,43
TTACACAGAATGCTGCCACA_005,115
TTACACAGAATGCTGCCACA_006,94
TTACACAGAATGCTGCCACA_007,4
TTACACAGAATGCTGCCACA_008,130
TTACACAGAATGCTGCCACA_009,124
TTACACAGAATGCTGCCACA_010,6
TTACACAGAATGCTGCCACA_011,106
TTACACAGAATGCTGCCACA_012,19
CAAGGAGATTGTCCCCATAG_001,129
CAAGGAGATTGTCCCCATAG_002,144
ATCGTTGCTGACAGGATCTA_001,22
ATCGTTGCTGACAGGATCTA_002,41
ATCGTTGCTGACAGGATCTA_003,45
ATCGTTGCTGACAGGATCTA_004,154
ATCGTTGCTGACAGGATCTA_005,137
ATCGTTGCTGACAGGATCTA_006,174
ATCGTTGCTGACAGGATCTA_007,49
ATCGTTGCTGACAGGATCTA_008,48
ATCGTTGCTGACAGGATCTA_009,147
ATCGTTGCTGACAGGATCTA_010,134
ATCGTTGCTGACAGGATCTA_011,1
ATCGTTGCTGACAGGATCTA_012,173
ATCGTTGCTGACAGGATCTA_013,94
ATCGTTGCTGACAGGATCTA_014,180
ATCGTTGCTGACAGGATCTA_015,56
ATCGTTGCTGACAGGATCTA_016,178
ATCGTTGCTGACAGGATCTA_017,97
ATCGTTGCTGACAGGATCTA_018,28
ATCGTTGCTGACAGGATCTA_019,88
ATCGTTGCTGACAGGATCTA_020,61
ATCGTTGCTGACAGGATCTA_021,165
GATGCCGGAGACCCCAACTG_001,6
GATGCCGGAGACCCCAACTG_002,158
GATGCCGGAGACCCCAACTG_003,162
GATGCCGGAGACCCCAACTG_004,57
GATGCCGGAGACCCCAACTG_005,168
GATGCCGGAGACCCCAACTG_006,78
GATGCCGGAGACCCCAACTG_007,70
GATGCCGGAGACCCCAACTG_008,41
GATGCCGGAGACCCCAACTG_009,106
GATGCCGGAGACCCCAACTG_010,155
GATGCCGGAGACCCCAACTG_011,112
GATGCCGGAGACCCCAACTG_012,117
GATGCCGGAGACCCCAACTG_013,148
GATGCCGGAGACCCCAACTG_014,166
GATGCCGGAGACCCCAACTG_015,9
GATGCCGGAGACCCCAACTG_016,146
GATGCCGGAGACCCCAACTG_017,77
GATGCCGGAGACCCCAACTG_018,59
GATGCCGGAGACCCCAACTG_019,28
GAAATTGAAAAGTGTACCAA_001,27
GAAATTGAAAAGTGTACCAA_002,172
GAAATTGAAAAGTGTACCAA_003,147
GAAATTGAAAAGTGTACCAA_004,169
GGATTCCAGCGCTGTCGTCG_001,191
GGATTCCAGCGCTGTCGTCG_002,194
GGATTCCAGCGCTGTCGTCG_003,58
GGATTCCAGCGCTGTCGTCG_004,127
GGATTCCAGCGCTGTCGTCG_005,10
GGATTCCAGCGCTGTCGTCG_006,157
GGATTCCAGCGCTGTCGTCG_007,13
GGATTCCAGCGCTGTCGTCG_008,54
GGATTCCAGCGCTGTCGTCG_009,151
GGATTCCAGCGCTGTCGTCG_010,3
GGATTCCAGCGCTGTCGTCG_011,160
GGTCGGCGGGAATGCCAATG_001,144
GGTCGGCGGGAATGCCAATG_002,133
GGTCGGCGGGAATGCCAATG_003,12
GGTCGGCGGGAATGCCAATG_004,115
GGTCGGCGGGAATGCCAATG_005,84
GGTCGGCGGGAATGCCAATG_006,184
GGTCGGCGGGAATGCCAATG_007,123
GGTCGGCGGGAATGCCAATG_008,140
CTTCCCCCGAGCTATCACAG_001,141
CTTCCCCCGAGCTATCACAG_002,43
CTTCCCCCGAGCTATCACAG_003,43
CTTCCCCCGAGCTATCACAG_004,7
CTTCCCCCGAGCTATCACAG_005,179
CTTCCCCCGAGCTATCACAG_006,76
CTTCCCCCGAGCTATCACAG_007,76
CTTCCCCCGAGCTATCACAG_008,198
CTTCCCCCGAGCTATCACAG_009,30
CTTCCCCCGAGCTATCACAG_010,76
CTTCCCCCGAGCTATCACAG_011,105
CTTCCCCCGAGCTATCACAG_012,17
CTTCCCCCGAGCTATCACAG_013,62
CTTCCCCCGAGCTATCACAG_014,63
CTTCCCCCGAGCTATCACAG_015,137
CTTCCCCCGAGCTATCACAG_016,168
GCTGAGTGATGATAACTGGA_001,69
GCTGAGTGATGATAACTGGA_002,190
GCTGAGTGATGATAACTGGA_003,48
GCTGAGTGATGATAACTGGA_004,142
GCTGAGTGATGATAACTGGA_005,199
GCTGAGTGATGATAACTGGA_006,172
GCTGAGTGATGATAACTGGA_007,111
TGGTCCCCAATAGGTCCGAG_001,43
TGGTCCCCAATAGGTCCGAG_002,120
TGGTCCCCAATAGGTCCGAG_003,3
TGGTCCCCAATAGGTCCGAG_004,169
TGGTCCCCAATAGGTCCGAG_005,130
TGGTCCCCAATAGGTCCGAG_006,1
TGGTCCCCAATAGGTCCGAG_007,195
TGGTCCCCAATAGGTCCGAG_008,129
TGGTCCCCAATAGGTCCGAG_009,79
TGGTCCCCAATAGGTCCGAG_010,43
TGGTCCCCAATAGGTCCGAG_011,6
GGGGCGACGTCATTCCCCGA_001,34
GGGGCGACGTCATTCCCCGA_002,8
TTTGAATTTCTATCTCTACG_001,120
TTTGAATTTCTATCTCTACG_002,188
TTTGAATTTCTATCTCTACG_003,35
TTTGAATTTCTATCTCTACG_004,160
AGCCTTCAGAACTCCTTGCA_001,186
AGCCTTCAGAACTCCTTGCA_002,140
AGCCTTCAGAACTCCTTGCA_003,117
AGCCTTCAGAACTCCTTGCA_004,197
AGCCTTCAGAACTCCTTGCA_005,29
TATGGCTGTGGATACGGCTC_001,27
TATGGCTGTGGATACGGCTC_002,153
TATGGCTGTGGATACGGCTC_003,170
TATGGCTGTGGATACGGCTC_004,5
TATGGCTGTGGATACGGCTC_005,3
TATGGCTGTGGATACGGCTC_006,116
TATGGCTGTGGATACGGCTC_007,133
TATGGCTGTGGATACGGCTC_008,70
AACCTCAAGAAGGACATCCG_001,7
AACCTCAAGAAGGACATCCG_002,72
AACCTCAAGAAGGACATCCG_003,11
AACCTCAAGAAGGACATCCG_004,83
AACCTCAAGAAGGACATCCG_005,22
AACCTCAAGAAGGACATCCG_006,122
AACCTCAAGAAGGACATCCG_007,86
AACCTCAAGAAGGACATCCG_008,174
AACCTCAAGAAGGACATCCG_009,40
AACCTCAAGAAGGACATCCG_010,70
ATGTCGGGATTGTCGCACAA_001,160
ATGTCGGGATTGTCGCACAA_002,9
ATGTCGGGATTGTCGCACAA_003,32
ATGTCGGGATTGTCGCACAA_004,98
ATGTCGGGATTGTCGCACAA_005,22
ATGTCGGGATTGTCGCACAA_006,187
ATGTCGGGATTGTCGCACAA_007,144
ATGTCGGGATTGTCGCACAA_008,69
ATGTCGGGATTGTCGCACAA_009,124
ATTGTCCCCATGATGCTTTG_001,179
ATTGTCCCCATGATGCTTTG_002,130
ATTGTCCCCATGATGCTTTG_003,185
ATTGTCCCCATGATGCTTTG_004,81
ATTGTCCCCATGATGCTTTG_005,116
ATTGTCCCCATGATGCTTTG_006,141
ATTGTCCCCATGATGCTTTG_007,147
ATTGTCCCCATGATGCTTTG_008,12
ATTGTCCCCATGATGCTTTG_009,32
ATTGTCCCCATGATGCTTTG_010,11
ATTGTCCCCATGATGCTTTG_011,127
ATTGTCCCCATGATGCTTTG_012,168
ATTGTCCCCATGATGCTTTG_013,35
ATTGTCCCCATGATGCTTTG_014,48
ATTGTCCCCATGATGCTTTG_015,29
ATTGTCCCCATGATGCTTTG_016,140
ATTGTCCCCATGATGCTTTG_017,47
ATTGTCCCCATGATGCTTTG_018,124
AGGAAGATGTGCATGTAGCT_001,170
AGGAAGATGTGCATGTAGCT_002,137
AGGAAGATGTGCATGTAGCT_003,94
AGGAAGATGTGCATGTAGCT_004,199
ACCGACGCGAAAATGAGATG_001,151
ACCGACGCGAAAATGAGATG_002,187
ACCGACGCGAAAATGAGATG_003,41
ACCGACGCGAAAATGAGATG_004,17
ACCGACGCGAAAATGAGATG_005,195
ACCGACGCGAAAATGAGATG_006,127
ACCGACGCGAAAATGAGATG_007,96
ACCGACGCGAAAATGAGATG_008,127
ACCGACGCGAAAATGAGATG_009,91
ACCGACGCGAAAATGAGATG_010,133
ACCGACGCGAAAATGAGATG_011,84
ACCGACGCGAAAATGAGATG_012,4
ACCGACGCGAAAATGAGATG_013,138
ACCGACGCGAAAATGAGATG_014,198
ACCGACGCGAAAATGAGATG_015,160
ACCGACGCGAAAATGAGATG_016,192
ACCGACGCGAAAATGAGATG_017,110
ACCGACGCGAAAATGAGATG_018,152
ACCGACGCGAAAATGAGATG_019,11
ACCGACGCGAAAATGAGATG_020,140
ACCGACGCGAAAATGAGATG_021,118
ACCGACGCGAAAATGAGATG_022,22
ACCGACGCGAAAATGAGATG_023,146
ACCGACGCGAAAATGAGATG_024,187
GTAGGCCACGCACGGCAGTG_001,113
GTAGGCCACGCACGGCAGTG_002,152
GTAGGCCACGCACGGCAGTG_003,192
GTAGGCCACGCACGGCAGTG_004,113
GTAGGCCACGCACGGCAGTG_005,125
GTAGGCCACGCACGGCAGTG_006,29
GTAGGCCACGCACGGCAGTG_007,12
GTAGGCCACGCACGGCAGTG_008,122
GTAGGCCACGCACGGCAGTG_009,53
GTAGGCCACGCACGGCAGTG_010,144
GTAGGCCACGCACGGCAGTG_011,163
GTAGGCCACGCACGGCAGTG_012,88
GTAGGCCACGCACGGCAGTG_013,94
GTAGGCCACGCACGGCAGTG_014,58
GGACGTCTTTCCTCGCCGCG_001,103
GGACGTCTTTCCTCGCCGCG_002,177
GGACGTCTTTCCTCGCCGCG_003,94
CCAATGATACAATGTCACCA_001,150
CCAATGATACAATGTCACCA_002,29
CCAATGATACAATGTCACCA_003,149
CCAATGATACAATGTCACCA_004,175
CCAATGATACAATGTCACCA_005,113
CCAATGATACAATGTCACCA_006,118
CCAATGATACAATGTCACCA_007,32
CCAATGATACAATGTCACCA_008,30
CCAATGATACAATGTCACCA_009,56
CCAATGATACAATGTCACCA_010,120
GGTGCGCACGAAATACTCGG_001,9
GGTGCGCACGAAATACTCGG_002,169
GGTGCGCACGAAATACTCGG_003,105
GGTGCGCACGAAATACTCGG_004,45
GGTGCGCACGAAATACTCGG_005,44
TTCCAGTACTCTGACGACGA_001,34
ACGGGCTACCTGACCATCGG_001,102
ACGGGCTACCTGACCATCGG_002,63
ACGGGCTACCTGACCATCGG_003,106
ACGGGCTACCTGACCATCGG_004,33
ACGGGCTACCTGACCATCGG_005,199
ACGGGCTACCTGACCATCGG_006,105
ACGGGCTACCTGACCATCGG_007,124
ACGGGCTACCTGACCATCGG_008,49
ACGGGCTACCTGACCATCGG_009,62
ACGGGCTACCTGACCATCGG_010,102
ACGGGCTACCTGACCATCGG_011,53
ACGGGCTACCTGACCATCGG_012,157
ACGGGCTACCTGACCATCGG_013,36
ACGGGCTACCTGACCATCGG_014,102
ACGGGCTACCTGACCATCGG_015,43
ACGGGCTACCTGACCATCGG_016,43
ACGGGCTACCTGACCATCGG_017,35
ACGGGCTACCTGACCATCGG_018,2
ACGGGCTACCTGACCATCGG_019,78
ACGGGCTACCTGACCATCGG_020,10
ACGGGCTACCTGACCATCGG_021,48
ACGGGCTACCTGACCATCGG_022,182
ACGGGCTACCTGACCATCGG_023,98
ACGGGCTACCTGACCATCGG_024,9
ACGGGCTACCTGACCATCGG_025,22
ACGGGCTACCTGACCATCGG_026,18
ACGGGCTACCTGACCATCGG_027,197
ACGGGCTACCTGACCATCGG_028,42
ACGGGCTACCTGACCATCGG_029,67
ACGGGCTACCTGACCATCGG_030,105
ACGGGCTACCTGACCATCGG_031,69
ACGGGCTACCTGACCATCGG_032,120
ACGGGCTACCTGACCATCGG_033,101
ACGGGCTACCTGACCATCGG_034,156
ACGGGCTACCTGACCATCGG_035,168
ACGGGCTACCTGACCATCGG_036,175
ACGGGCTACCTGACCATCGG_037,68
ACGGGCTACCTGACCATCGG_038,156
ACGGGCTACCTGACCATCGG_039,139
ACGGGCTACCTGACCATCGG_040,61
ACGGGCTACCTGACCATCGG_041,4
ACGGGCTACCTGACCATCGG_042,99
ACGGGCTACCTGACCATCGG_043,115
ACGGGCTACCTGACCATCGG_044,124
ACGGGCTACCTGACCATCGG_045,121
ACGGGCTACCTGACCATCGG_046,104
ACGGGCTACCTGACCATCGG_047,124
ACGGGCTACCTGACCATCGG_048,191
ACGGGCTACCTGACCATCGG_049,28
ACGGGCTACCTGACCATCGG_050,175
ACGGGCTACCTGACCATCGG_051,55
ACGGGCTACCTGACCATCGG_052,127
ACGGGCTACCTGACCATCGG_053,59
GGCCGTCGTATTCCCCCAAG_001,0
GGCCGTCGTATTCCCCCAAG_002,1
GGCCGTCGTATTCCCCCAAG_003,30
GGCCGTCGTATTCCCCCAAG_004,14
GGCCGTCGTATTCCCCCAAG_005,82
GGCCGTCGTATTCCCCCAAG_006,113
CGGGAGATAGTCAACCAGGG_001,97
CGGGAGATAGTCAACCAGGG_002,72
CGGGAGATAGTCAACCAGGG_003,111
CGGGAGATAGTCAACCAGGG_004,96
CGGGAGATAGTCAACCAGGG_005,126
CGGGAGATAGTCAACCAGGG_006,141
CGGGAGATAGTCAACCAGGG_007,176
CGGGAGATAGTCAACCAGGG_008,113
CGGGAGATAGTCAACCAGGG_009,180
CGGGAGATAGTCAACCAGGG_010,119
CGGGAGATAGTCAACCAGGG_011,10
CGGGAGATAGTCAACCAGGG_012,48
CGGGAGATAGTCAACCAGGG_013,192
CGGGAGATAGTCAACCAGGG_014,139
GGTTTGGACCCACTAATACG_001,160
GGTTTGGACCCACTAATACG_002,101
GGTTTGGACCCACTAATACG_003,55
GGTTTGGACCCACTAATACG_004,145
GGTTTGGACCCACTAATACG_005,102
GGTTTGGACCCACTAATACG_006,171
GGTTTGGACCCACTAATACG_007,48
GGTTTGGACCCACTAATACG_008,142
GGTTTGGACCCACTAATACG_009,66
GGTTTGGACCCACTAATACG_010,163
GCATGAGTTCAGCGTAAGTG_001,196
GCATGAGTTCAGCGTAAGTG_002,105
GCATGAGTTCAGCGTAAGTG_003,47
GCATGAGTTCAGCGTAAGTG_004,182
GCATGAGTTCAGCGTAAGTG_005,120
GCATGAGTTCAGCGTAAGTG_006,31
GCATGAGTTCAGCGTAAGTG_007,34
GCATGAGTTCAGCGTAAGTG_008,76
GCATGAGTTCAGCGTAAGTG_009,183
GCATGAGTTCAGCGTAAGTG_010,165
GCATGAGTTCAGCGTAAGTG_011,148
GCATGAGTTCAGCGTAAGTG_012,178
GCATGAGTTCAGCGTAAGTG_013,113
GCATGAGTTCAGCGTAAGTG_014,103
GCATGAGTTCAGCGTAAGTG_015,155
GCATGAGTTCAGCGTAAGTG_016,167
GCATGAGTTCAGCGTAAGTG_017,197
GCATGAGTTCAGCGTAAGTG_018,63
GCATGAGTTCAGCGTAAGTG_019,137
TTCACCAAGGACGCACCCCA_001,72
TTCACCAAGGACGCACCCCA_002,72
TTCACCAAGGACGCACCCCA_003,152
TTCACCAAGGACGCACCCCA_004,77
TTCACCAAGGACGCACCCCA_005,29
TTCACCAAGGACGCACCCCA_006,157
TTCACCAAGGACGCACCCCA_007,198
TTCACCAAGGACGCACCCCA_008,146
TTCACCAAGGACGCACCCCA_009,193
TTCACCAAGGACGCACCCCA_010,88
TTCACCAAGGACGCACCCCA_011,137
TTCACCAAGGACGCACCCCA_012,165
TTCACCAAGGACGCACCCCA_013,48
TTCACCAAGGACGCACCCCA_014,8
TTCACCAAGGACGCACCCCA_015,175
TTCACCAAGGACGCACCCCA_016,197
TTCACCAAGGACGCACCCCA_017,68
TTCACCAAGGACGCACCCCA_018,126
TTCACCAAGGACGCACCCCA_019,147
TTCACCAAGGACGCACCCCA_020,68
TTCACCAAGGACGCACCCCA_021,188
TTCACCAAGGACGCACCCCA_022,150
TTCACCAAGGACGCACCCCA_023,169
TTCACCAAGGACGCACCCCA_024,169
TTCACCAAGGACGCACCCCA_025,48
TTCACCAAGGACGCACCCCA_026,102
TTCACCAAGGACGCACCCCA_027,112
TTCACCAAGGACGCACCCCA_028,193
TTCACCAAGGACGCACCCCA_029,139
TTCACCAAGGACGCACCCCA_030,29
TTCACCAAGGACGCACCCCA_031,182
TTCACCAAGGACGCACCCCA_032,115
TTCACCAAGGACGCACCCCA_033,93
TTCACCAAGGACGCACCCCA_034,13
TTCACCAAGGACGCACCCCA_035,19
TTCACCAAGGACGCACCCCA_036,160
TTCACCAAGGACGCACCCCA_037,116
TTCACCAAGGACGCACCCCA_038,9
TTCACCAAGGACGCACCCCA_039,125
TTCACCAAGGACGCACCCCA_040,96
TTCACCAAGGACGCACCCCA_041,188
TTCACCAAGGACGCACCCCA_042,188
TTCACCAAGGACGCACCCCA_043,198
TTCACCAAGGACGCACCCCA_044,127
TTCACCAAGGACGCACCCCA_045,187
CTGCACAAGCAGGACGACCG_001,91
CTGCACAAGCAGGACGACCG_002,76
CTGCACAAGCAGGACGACCG_003,127
CTGCACAAGCAGGACGACCG_004,42
CTGCACAAGCAGGACGACCG_005,112
CTGCACAAGCAGGACGACCG_006,42
CTGCACAAGCAGGACGACCG_007,31
CTGCACAAGCAGGACGACCG_008,69
CTGCACAAGCAGGACGACCG_009,8
CTGCACAAGCAGGACGACCG_010,29
CTGCACAAGCAGGACGACCG_011,84
CTGCACAAGCAGGACGACCG_012,160
ACTACGACCTGAATGCTGTG_001,26
ACTACGACCTGAATGCTGTG_002,103
ACTACGACCTGAATGCTGTG_003,97
ACTACGACCTGAATGCTGTG_004,97
AGTTTGGGGCGGAATTCCGA_001,36
AGTTTGGGGCGGAATTCCGA_002,81
AGTTTGGGGCGGAATTCCGA_003,130
AGTTTGGGGCGGAATTCCGA_004,198
ACCTGTGAGATCCATGACGA_001,28
ACCTGTGAGATCCATGACGA_002,185
ACCTGTGAGATCCATGACGA_003,159
ACCTGTGAGATCCATGACGA_004,158
ACCTGTGAGATCCATGACGA_005,147
ACGCTACCCTTAGGGTGCAG_001,60
ACGCTACCCTTAGGGTGCAG_002,41
ACGCTACCCTTAGGGTGCAG_003,0
ACGCTACCCTTAGGGTGCAG_004,182
ACGCTACCCTTAGGGTGCAG_005,170
ACGCTACCCTTAGGGTGCAG_006,156
ACGCTACCCTTAGGGTGCAG_007,12
ACGCTACCCTTAGGGTGCAG_008,188
ACGCTACCCTTAGGGTGCAG_009,62
GGTCGTGAAACTGCTTCCCG_001,128
GGTCGTGAAACTGCTTCCCG_002,187
AAAAATGATGATTAGCAGAG_001,43
CGCTGTGTAGGTGACCGCGT_001,8
CGCTGTGTAGGTGACCGCGT_002,191
CGCTGTGTAGGTGACCGCGT_003,83
CGCTGTGTAGGTGACCGCGT_004,150
CGCTGTGTAGGTGACCGCGT_005,105
CGCTGTGTAGGTGACCGCGT_006,61
CGCTGTGTAGGTGACCGCGT_007,2
CGCTGTGTAGGTGACCGCGT_008,149
TCAATGCAGTGAATGAACAC_001,1
TCAATGCAGTGAATGAACAC_002,116
TCAATGCAGTGAATGAACAC_003,105
TCAATGCAGTGAATGAACAC_004,130
TCAATGCAGTGAATGAACAC_005,194
GGATTACGATCGTCGCAACG_001,95
GACGTCTTGACTCAGTACCG_001,102
GACGTCTTGACTCAGTACCG_002,43
GACGTCTTGACTCAGTACCG_003,191
GACGTCTTGACTCAGTACCG_004,108
GACGTCTTGACTCAGTACCG_005,107
GACGTCTTGACTCAGTACCG_006,40
GACGTCTTGACTCAGTACCG_007,142
GACGTCTTGACTCAGTACCG_008,175
GACGTCTTGACTCAGTACCG_009,15
GACGTCTTGACTCAGTACCG_010,144
GACGTCTTGACTCAGTACCG_011,113
GACGTCTTGACTCAGTACCG_012,119
GCTGCTATGGATATGCTGGG_001,179
GCTGCTATGGATATGCTGGG_002,130
TCAGCTGGAATTCTTCACAC_001,191
TCAGCTGGAATTCTTCACAC_002,18
GAAGCGGGCGACCTCAACGA_001,92
GAAGCGGGCGACCTCAACGA_002,189
GAAGCGGGCGACCTCAACGA_003,160
GAAGCGGGCGACCTCAACGA_004,41
GAAGCGGGCGACCTCAACGA_005,1
CACGCACGAACCAACAGGCA_001,197
CACGCACGAACCAACAGGCA_002,38
CACGCACGAACCAACAGGCA_003,51
CACGCACGAACCAACAGGCA_004,175
CACGCACGAACCAACAGGCA_005,188
CACGCACGAACCAACAGGCA_006,43
CACGCACGAACCAACAGGCA_007,163
CACGCACGAACCAACAGGCA_008,78
CACGCACGAACCAACAGGCA_009,105
CACGCACGAACCAACAGGCA_010,60
CACGCACGAACCAACAGGCA_011,82
CACGCACGAACCAACAGGCA_012,16
CACGCACGAACCAACAGGCA_013,108
CACGCACGAACCAACAGGCA_014,128
CACGCACGAACCAACAGGCA_015,2
CACGCACGAACCAACAGGCA_016,105
CACGCACGAACCAACAGGCA_017,98
CACGCACGAACCAACAGGCA_018,44
CACGCACGAACCAACAGGCA_019,178
CACGCACGAACCAACAGGCA_020,35
CACGCACGAACCAACAGGCA_021,191
CACGCACGAACCAACAGGCA_022,65
CACGCACGAACCAACAGGCA_023,56
CACGCACGAACCAACAGGCA_024,52
CACGCACGAACCAACAGGCA_025,16
TAGCCTAGTCTACTGAGGAG_001,137
TAGCCTAGTCTACTGAGGAG_002,182
TAGCCTAGTCTACTGAGGAG_003,28
TAGCCTAGTCTACTGAGGAG_004,144
TAGCCTAGTCTACTGAGGAG_005,117
TCGCCAACATCACCTATGCC_001,150
TCGCCAACATCACCTATGCC_002,15
TCGCCAACATCACCTATGCC_003,83
TCGCCAACATCACCTATGCC_004,16
TCGCCAACATCACCTATGCC_005,71
TCGCCAACATCACCTATGCC_006,183
TCGCCAACATCACCTATGCC_007,37
TCGCCAACATCACCTATGCC_008,175
TACCTTCTGATTCGCCGCAG_001,138
TACCTTCTGATTCGCCGCAG_002,188
TACCTTCTGATTCGCCGCAG_003,42
TACCTTCTGATTCGCCGCAG_004,70
TACCTTCTGATTCGCCGCAG_005,122
TACCTTCTGATTCGCCGCAG_006,140
TACCTTCTGATTCGCCGCAG_007,116
TACCTTCTGATTCGCCGCAG_008,144
TACCTTCTGATTCGCCGCAG_009,10
TACCTTCTGATTCGCCGCAG_010,157
TACCTTCTGATTCGCCGCAG_011,47
TACCTTCTGATTCGCCGCAG_012,88
TACCTTCTGATTCGCCGCAG_013,188
TACCTTCTGATTCGCCGCAG_014,126
TACCTTCTGATTCGCCGCAG_015,126
TACCTTCTGATTCGCCGCAG_016,186
TACCTTCTGATTCGCCGCAG_017,95
TGAAATCCCCAAAAATGTAG_001,192
TGAAATCCCCAAAAATGTAG_002,130
TGAAATCCCCAAAAATGTAG_003,158
GGTAACCCGCCGAAGGCCCG_001,113
GGTAACCCGCCGAAGGCCCG_002,33
GGTAACCCGCCGAAGGCCCG_003,187
GGTAACCCGCCGAAGGCCCG_004,57
GGTAACCCGCCGAAGGCCCG_005,174
GGTAACCCGCCGAAGGCCCG_006,156
GGTAACCCGCCGAAGGCCCG_007,92
GATTGATGAACTGTATGAGC_001,121
GATTGATGAACTGTATGAGC_002,44
GATTGATGAACTGTATGAGC_003,8
GATTGATGAACTGTATGAGC_004,38
TAAGTGTGATGTGTGTAGTA_001,153
TAAGTGTGATGTGTGTAGTA_002,49
TAAGTGTGATGTGTGTAGTA_003,81
TAAGTGTGATGTGTGTAGTA_004,126
TAAGTGTGATGTGTGTAGTA_005,56
GCCCCCTTACCATTAGAACA_001,150
GCCCCCTTACCATTAGAACA_002,0
GCCCCCTTACCATTAGAACA_003,84
GCCCCCTTACCATTAGAACA_004,11
GCCCCCTTACCATTAGAACA_005,112
GCCCCCTTACCATTAGAACA_006,75
GCCCCCTTACCATTAGAACA_007,40
GCCCCCTTACCATTAGAACA_008,196
GCCCCCTTACCATTAGAACA_009,61
TCTGAGAGATGAGAACAATG_001,12
TCTGAGAGATGAGAACAATG_002,54
TCTGAGAGATGAGAACAATG_003,106
TCTGAGAGATGAGAACAATG_004,198
TCTGAGAGATGAGAACAATG_005,88
TCTGAGAGATGAGAACAATG_006,199
TCTGAGAGATGAGAACAATG_007,182
CTTCCAGAAACTAAGCGTTG_001,131
CTTCCAGAAACTAAGCGTTG_002,32
CTTCCAGAAACTAAGCGTTG_003,119
CTTCCAGAAACTAAGCGTTG_004,119
CTTCCAGAAACTAAGCGTTG_005,131
GTCTCCTAAGACCAATGCAG_001,197
GTCTCCTAAGACCAATGCAG_002,15
GTCTCCTAAGACCAATGCAG_003,15
GTCTCCTAAGACCAATGCAG_004,157
GTCTCCTAAGACCAATGCAG_005,45
GTCTCCTAAGACCAATGCAG_006,145
GTCTCCTAAGACCAATGCAG_007,191
GTCTCCTAAGACCAATGCAG_008,159
GTCTCCTAAGACCAATGCAG_009,166
GTCTCCTAAGACCAATGCAG_010,199
GTCTCCTAAGACCAATGCAG_011,46
GTCTCCTAAGACCAATGCAG_012,115
ACTGTGTGGAATACTCATCG_001,81
ACTGTGTGGAATACTCATCG_002,82
ACTGTGTGGAATACTCATCG_003,148
ACTGTGTGGAATACTCATCG_004,28
ACTGTGTGGAATACTCATCG_005,9
ACTGTGTGGAATACTCATCG_006,101
GTTGCCTCACCATTTAACAA_001,186
GTTGCCTCACCATTTAACAA_002,8
GTTGCCTCACCATTTAACAA_003,8
GTTGCCTCACCATTTAACAA_004,113
GTTGCCTCACCATTTAACAA_005,98
GTTGCCTCACCATTTAACAA_006,49
GTTGCCTCACCATTTAACAA_007,162
GTTGCCTCACCATTTAACAA_008,151
GTTGCCTCACCATTTAACAA_009,147
TGGGACCCCACTACACGACC_001,121
TGGGACCCCACTACACGACC_002,72
TGGGACCCCACTACACGACC_003,128
TGGGACCCCACTACACGACC_004,13
TGGGACCCCACTACACGACC_005,194
GACCTTCATAGCCGACCATG_001,39
GACCTTCATAGCCGACCATG_002,45
GACCTTCATAGCCGACCATG_003,83
GACCTTCATAGCCGACCATG_004,193
GACCTTCATAGCCGACCATG_005,85
GACCTTCATAGCCGACCATG_006,169
GACCTTCATAGCCGACCATG_007,119
GACCTTCATAGCCGACCATG_008,143
GTAGTAAAGAAGTGTCAGGG_001,53
GTAGTAAAGAAGTGTCAGGG_002,122
GTAGTAAAGAAGTGTCAGGG_003,162
GTAGTAAAGAAGTGTCAGGG_004,108
GTAGTAAAGAAGTGTCAGGG_005,151
GTAGTAAAGAAGTGTCAGGG_006,5
GTAGTAAAGAAGTGTCAGGG_007,193
GTAGTAAAGAAGTGTCAGGG_008,101
GTAGTAAAGAAGTGTCAGGG_009,185
GTAGTAAAGAAGTGTCAGGG_010,60
GTAGTAAAGAAGTGTCAGGG_011,176
GTAGTAAAGAAGTGTCAGGG_012,47
GTAGTAAAGAAGTGTCAGGG_013,137
GATCAGCTGATCCAAACACA_001,7
GATCAGCTGATCCAAACACA_002,116
GATCAGCTGATCCAAACACA_003,1
GATCAGCTGATCCAAACACA_004,133
GATCAGCTGATCCAAACACA_005,96
GATCAGCTGATCCAAACACA_006,36
GATCAGCTGATCCAAACACA_007,91
GATCAGCTGATCCAAACACA_008,172
ACACCTACCGGCAGACTTCG_001,15
ACACCTACCGGCAGACTTCG_002,84
ACACCTACCGGCAGACTTCG_003,119
ACACCTACCGGCAGACTTCG_004,23
ACACCTACCGGCAGACTTCG_005,6
ACACCTACCGGCAGACTTCG_006,22
ACACCTACCGGCAGACTTCG_007,40
ACACCTACCGGCAGACTTCG_008,137
ACACCTACCGGCAGACTTCG_009,36
ACACCTACCGGCAGACTTCG_010,161
ACACCTACCGGCAGACTTCG_011,56
ACACCTACCGGCAGACTTCG_012,184
ACACCTACCGGCAGACTTCG_013,70
ACACCTACCGGCAGACTTCG_014,176
ACACCTACCGGCAGACTTCG_015,96
ACACCTACCGGCAGACTTCG_016,162
ACACCTACCGGCAGACTTCG_017,185
ACACCTACCGGCAGACTTCG_018,59
ACACCTACCGGCAGACTTCG_019,27
ACACCTACCGGCAGACTTCG_020,131
AACACATTGAAGTAGAAGTA_001,144
AACACATTGAAGTAGAAGTA_002,115
AACACATTGAAGTAGAAGTA_003,66
AACACATTGAAGTAGAAGTA_004,188
GCACAAATCTACGCACAGAG_001,106
GCACAAATCTACGCACAGAG_002,33
GCACAAATCTACGCACAGAG_003,163
GCACAAATCTACGCACAGAG_004,9
GCACAAATCTACGCACAGAG_005,147
GCACAAATCTACGCACAGAG_006,177
GCACAAATCTACGCACAGAG_007,56
GCACAAATCTACGCACAGAG_008,80
TCCTCCAGATGGCCCAATGG_001,38
TCCTCCAGATGGCCCAATGG_002,136
GAAGAGGGACGGTACAAACG_001,105
GAAGAGGGACGGTACAAACG_002,25
GGCAGGCCTGGTGCACGAAG_001,23
GGCAGGCCTGGTGCACGAAG_002,139
GGCAGGCCTGGTGCACGAAG_003,14
GGCAGGCCTGGTGCACGAAG_004,29
GGCAGGCCTGGTGCACGAAG_005,188
GGCAGGCCTGGTGCACGAAG_006,182
GGCAGGCCTGGTGCACGAAG_007,29
GGTCACCACCCAGTCATTGG_001,17
GGTCACCACCCAGTCATTGG_002,42
GGTCACCACCCAGTCATTGG_003,94
GGTCACCACCCAGTCATTGG_004,22
GGTCACCACCCAGTCATTGG_005,170
GGTCACCACCCAGTCATTGG_006,144
CAGGATCATTACTGGCCAAG_001,163
CAGGATCATTACTGGCCAAG_002,108
CAGGATCATTACTGGCCAAG_003,67
GTAGGTTAGATAAACAAAGA_001,119
GTAGGTTAGATAAACAAAGA_002,119
GGCATATATTCGACTACACA_001,47
TGAGCATAGAACAGACCTGA_001,27
TGAGCATAGAACAGACCTGA_002,54
TGAGCATAGAACAGACCTGA_003,184
TGAGCATAGAACAGACCTGA_004,175
TGAGCATAGAACAGACCTGA_005,152
TGAGCATAGAACAGACCTGA_006,13
CTTCCGTTATTCGGAAGTGA_001,163
ACTATGCAGACTATTCACTG_001,11
ACTATGCAGACTATTCACTG_002,77
ACTATGCAGACTATTCACTG_003,150
ACTATGCAGACTATTCACTG_004,10
ACTATGCAGACTATTCACTG_005,80
GGCACCGAAAGATATACCAG_001,102
GGCACCGAAAGATATACCAG_002,109
GGCACCGAAAGATATACCAG_003,68
GGCACCGAAAGATATACCAG_004,184
GGCACCGAAAGATATACCAG_005,15
GGCACCGAAAGATATACCAG_006,21
GGCACCGAAAGATATACCAG_007,116
GGCACCGAAAGATATACCAG_008,162
GGCACCGAAAGATATACCAG_009,178
GGCACCGAAAGATATACCAG_010,43
TGATGACGTCCTGTACTTCG_001,144
TGATGACGTCCTGTACTTCG_002,13
TGATGACGTCCTGTACTTCG_003,118
TGATGACGTCCTGTACTTCG_004,5
TGATGACGTCCTGTACTTCG_005,189
CTTAAGGACTTACCGATGTG_001,32
CTTAAGGACTTACCGATGTG_002,50
CTTAAGGACTTACCGATGTG_003,149
CTTAAGGACTTACCGATGTG_004,48
CTTAAGGACTTACCGATGTG_005,133
CTTAAGGACTTACCGATGTG_006,2
CTTAAGGACTTACCGATGTG_007,150
CTTAAGGACTTACCGATGTG_008,42
CTTAAGGACTTACCGATGTG_009,91
CTTAAGGACTTACCGATGTG_010,100
CTTAAGGACTTACCGATGTG_011,168
CGGACTTGGTCACTGCACCG_001,147
CGGACTTGGTCACTGCACCG_002,92
CGGACTTGGTCACTGCACCG_003,7
CGGACTTGGTCACTGCACCG_004,90
CGGACTTGGTCACTGCACCG_005,49
CGGACTTGGTCACTGCACCG_006,170
TGAAGCCAAGAAATTAGCTG_001,13
TGAAGCCAAGAAATTAGCTG_002,84
TGAAGCCAAGAAATTAGCTG_003,105
TGAAGCCAAGAAATTAGCTG_004,77
TGAAGCCAAGAAATTAGCTG_005,184
TGAAGCCAAGAAATTAGCTG_006,180
TGAAGCCAAGAAATTAGCTG_007,153
TGAAGCCAAGAAATTAGCTG_008,146
TGAAGCCAAGAAATTAGCTG_009,155
AGGTATGACACGCTGAGTGT_001,95
AGGTATGACACGCTGAGTGT_002,51
AGGTATGACACGCTGAGTGT_003,52
AGGTATGACACGCTGAGTGT_004,106
AGGTATGACACGCTGAGTGT_005,158
AGGTATGACACGCTGAGTGT_006,29
AGGTATGACACGCTGAGTGT_007,177
AGGTATGACACGCTGAGTGT_008,31
AGGTATGACACGCTGAGTGT_009,131
AGGTATGACACGCTGAGTGT_010,113
AGGTATGACACGCTGAGTGT_011,197
CTAACATTGAATAGTAGCCA_001,81
CTAACATTGAATAGTAGCCA_002,125
GATGTGTAGCTCTTATCACT_001,29
TATCCACACATTGGTAGTGA_001,61
TATCCACACATTGGTAGTGA_002,158
TATCCACACATTGGTAGTGA_003,188
TATCCACACATTGGTAGTGA_004,116
TCCAGGCCATGGATTCCACA_001,82
TCCAGGCCATGGATTCCACA_002,188
TCCAGGCCATGGATTCCACA_003,150
TCCAGGCCATGGATTCCACA_004,23
TCCAGGCCATGGATTCCACA_005,8
CTACTCCGTATACGTTTACA_001,152
CTACTCCGTATACGTTTACA_002,38
TCCATGGATCTCCCTACGAG_001,66
TCCATGGATCTCCCTACGAG_002,6
TCCATGGATCTCCCTACGAG_003,91
TCCATGGATCTCCCTACGAG_004,110
TCCATGGATCTCCCTACGAG_005,182
TCCATGGATCTCCCTACGAG_006,50
TCCATGGATCTCCCTACGAG_007,77
TCCATGGATCTCCCTACGAG_008,166
TCCATGGATCTCCCTACGAG_009,88
TCCATGGATCTCCCTACGAG_010,160
TCCATGGATCTCCCTACGAG_011,69
TCCATGGATCTCCCTACGAG_012,103
TCCATGGATCTCCCTACGAG_013,77
TCCATGGATCTCCCTACGAG_014,98
CGTGTCATTGCTGTACCACG_001,157
CGTGTCATTGCTGTACCACG_002,60
CGTGTCATTGCTGTACCACG_003,12
CGTGTCATTGCTGTACCACG_004,105
CGTGTCATTGCTGTACCACG_005,2
CGTGTCATTGCTGTACCACG_006,58
CGTGTCATTGCTGTACCACG_007,148
CGTGTCATTGCTGTACCACG_008,136
CGTGTCATTGCTGTACCACG_009,197
CGTGTCATTGCTGTACCACG_010,184
CACTGATAACCAACACTGAG_001,49
CACTGATAACCAACACTGAG_002,56
CACTGATAACCAACACTGAG_003,182
CACTGATAACCAACACTGAG_004,28
CACTGATAACCAACACTGAG_005,15
TGTCGGTAGTTCACTAGATG_001,171
TGTCGGTAGTTCACTAGATG_002,93
TGTCGGTAGTTCACTAGATG_003,145
TGTCGGTAGTTCACTAGATG_004,45
TGTCGGTAGTTCACTAGATG_005,154
TGTCGGTAGTTCACTAGATG_006,179
TGTCGGTAGTTCACTAGATG_007,80
TGTCGGTAGTTCACTAGATG_008,40
TGTCGGTAGTTCACTAGATG_009,139
TGTCGGTAGTTCACTAGATG_010,12
TGTCGGTAGTTCACTAGATG_011,17
TGTCGGTAGTTCACTAGATG_012,59
TGTCGGTAGTTCACTAGATG_013,49
TGTCGGTAGTTCACTAGATG_014,105
TGTCGGTAGTTCACTAGATG_015,105
TGTCGGTAGTTCACTAGATG_016,106
TGTCGGTAGTTCACTAGATG_017,57
TGTCGGTAGTTCACTAGATG_018,28
TGTCGGTAGTTCACTAGATG_019,142
TGTCGGTAGTTCACTAGATG_020,27
TGTCGGTAGTTCACTAGATG_021,182
GCCCAGAATGGATCTCCGTG_001,45
GCCCAGAATGGATCTCCGTG_002,153
GCCCAGAATGGATCTCCGTG_003,48
GCCCAGAATGGATCTCCGTG_004,160
GCCCAGAATGGATCTCCGTG_005,52
GCCCAGAATGGATCTCCGTG_006,177
GCCCAGAATGGATCTCCGTG_007,80
TGGGAGTCTACAGTGCAATG_001,94
TGGGAGTCTACAGTGCAATG_002,181
TGGGAGTCTACAGTGCAATG_003,57
AGGCCTTAGAGCCACAGCGG_001,123
AGGCCTTAGAGCCACAGCGG_002,53
AGGCCTTAGAGCCACAGCGG_003,187
AGGCCTTAGAGCCACAGCGG_004,182
AGGCCTTAGAGCCACAGCGG_005,11
AGGCCTTAGAGCCACAGCGG_006,62
AGGCCTTAGAGCCACAGCGG_007,187
AGGCCTTAGAGCCACAGCGG_008,160
AGGCCTTAGAGCCACAGCGG_009,114
AGGCCTTAGAGCCACAGCGG_010,40
AACACCATGTCAAAAATCCG_001,109
AACACCATGTCAAAAATCCG_002,109
AACACCATGTCAAAAATCCG_003,62
AACACCATGTCAAAAATCCG_004,58
AACACCATGTCAAAAATCCG_005,103
AACACCATGTCAAAAATCCG_006,55
AACACCATGTCAAAAATCCG_007,58
AACACCATGTCAAAAATCCG_008,9
AACACCATGTCAAAAATCCG_009,65
AACACCATGTCAAAAATCCG_010,199
AACACCATGTCAAAAATCCG_011,1
AACACCATGTCAAAAATCCG_012,149
AACACCATGTCAAAAATCCG_013,116
AACACCATGTCAAAAATCCG_014,3
AACACCATGTCAAAAATCCG_015,96
AACACCATGTCAAAAATCCG_016,169
AACACCATGTCAAAAATCCG_017,183
AAATAGCTACGGTGAACCCG_001,182
AAATAGCTACGGTGAACCCG_002,0
AAATAGCTACGGTGAACCCG_003,174
AAATAGCTACGGTGAACCCG_004,92
AAATAGCTACGGTGAACCCG_005,32
AAATAGCTACGGTGAACCCG_006,115
AAATAGCTACGGTGAACCCG_007,63
AAATAGCTACGGTGAACCCG_008,51
AAATAGCTACGGTGAACCCG_009,60
AAATAGCTACGGTGAACCCG_010,85
AAATAGCTACGGTGAACCCG_011,71
AAATAGCTACGGTGAACCCG_012,156
AAATAGCTACGGTGAACCCG_013,196
AAATAGCTACGGTGAACCCG_014,182
AAATAGCTACGGTGAACCCG_015,78
AAATAGCTACGGTGAACCCG_016,28
AAATAGCTACGGTGAACCCG_017,152
AAATAGCTACGGTGAACCCG_018,41
AAATAGCTACGGTGAACCCG_019,82
AAGCGGCTGAGAAATATGCT_001,173
AAGCGGCTGAGAAATATGCT_002,152
AAGCGGCTGAGAAATATGCT_003,104
AAGCGGCTGAGAAATATGCT_004,56
ACTGTTCTACTCAGCCTCTG_001,194
ACTGTTCTACTCAGCCTCTG_002,48
ACTGTTCTACTCAGCCTCTG_003,56
ACTGTTCTACTCAGCCTCTG_004,81
ACTGTTCTACTCAGCCTCTG_005,58
TCAAAAAGATGATCATACGG_001,121
TCAAAAAGATGATCATACGG_002,106
CCTGAATCTTTCCATCCTGA_001,191
CCTGAATCTTTCCATCCTGA_002,130
TGTCTAAGCTACTTAACCAA_001,105
TAAAGGTGCTGACCAAACCT_001,149
TAAAGGTGCTGACCAAACCT_002,1
TAAAGGTGCTGACCAAACCT_003,57
TAAAGGTGCTGACCAAACCT_004,162
TAAAGGTGCTGACCAAACCT_005,106
GTCGGCGGCACGTCTTGTAA_001,138
GTCGGCGGCACGTCTTGTAA_002,126
GTCGGCGGCACGTCTTGTAA_003,59
GTCGGCGGCACGTCTTGTAA_004,85
GTCGGCGGCACGTCTTGTAA_005,36
GTCGGCGGCACGTCTTGTAA_006,188
GTCGGCGGCACGTCTTGTAA_007,75
TTGAGTCAGATCAACACCCG_001,124
TTGAGTCAGATCAACACCCG_002,141
TTGAGTCAGATCAACACCCG_003,119
TTGAGTCAGATCAACACCCG_004,134
TTGAGTCAGATCAACACCCG_005,32
TTGAGTCAGATCAACACCCG_006,58
TTGAGTCAGATCAACACCCG_007,19
TTGAGTCAGATCAACACCCG_008,145
TTGAGTCAGATCAACACCCG_009,1
TTGAGTCAGATCAACACCCG_010,171
TTGAGTCAGATCAACACCCG_011,33
TTGAGTCAGATCAACACCCG_012,147
TTGAGTCAGATCAACACCCG_013,168
TTGAGTCAGATCAACACCCG_014,152
TTGAGTCAGATCAACACCCG_015,194
AACTTCCTGTAAACGATCCA_001,68
AACTTCCTGTAAACGATCCA_002,57
AACTTCCTGTAAACGATCCA_003,149
AACTTCCTGTAAACGATCCA_004,15
AACTTCCTGTAAACGATCCA_005,189
AACTTCCTGTAAACGATCCA_006,173
AACTTCCTGTAAACGATCCA_007,4
AACTTCCTGTAAACGATCCA_008,58
AACTTCCTGTAAACGATCCA_009,172
AACTTCCTGTAAACGATCCA_010,43
AACTTCCTGTAAACGATCCA_011,67
AACTTCCTGTAAACGATCCA_012,183
AACTTCCTGTAAACGATCCA_013,150
AACTTCCTGTAAACGATCCA_014,177
AACTTCCTGTAAACGATCCA_015,41
AACTTCCTGTAAACGATCCA_016,88
AACTTCCTGTAAACGATCCA_017,62
GATAATTCAAGGGGATGACT_001,172
GATAATTCAAGGGGATGACT_002,57
GATAATTCAAGGGGATGACT_003,141
GATAATTCAAGGGGATGACT_004,176
TTTCATATCACCTTACACTC_001,127
TTTCATATCACCTTACACTC_002,151
TTTCATATCACCTTACACTC_003,199
TTTCATATCACCTTACACTC_004,25
TTTCATATCACCTTACACTC_005,18
TTTCATATCACCTTACACTC_006,0
TTTCATATCACCTTACACTC_007,12
TTTCATATCACCTTACACTC_008,160
CCATAATAGACTCAGAACAC_001,163
CCATAATAGACTCAGAACAC_002,45
CCGCTGGAGTTTGCAGTAAG_001,139
CCGCTGGAGTTTGCAGTAAG_002,125
CCGCTGGAGTTTGCAGTAAG_003,2
CCGCTGGAGTTTGCAGTAAG_004,61
CCGCTGGAGTTTGCAGTAAG_005,3
CCGCTGGAGTTTGCAGTAAG_006,142
CCGCTGGAGTTTGCAGTAAG_007,2
CCGCTGGAGTTTGCAGTAAG_008,60
CCGCTGGAGTTTGCAGTAAG_009,44
CCGCTGGAGTTTGCAGTAAG_010,16
CCGCTGGAGTTTGCAGTAAG_011,76
CCGCTGGAGTTTGCAGTAAG_012,40
CCGCTGGAGTTTGCAGTAAG_013,35
CCGCTGGAGTTTGCAGTAAG_014,11
CCGCTGGAGTTTGCAGTAAG_015,23
CCGCTGGAGTTTGCAGTAAG_016,165
CCGCTGGAGTTTGCAGTAAG_017,166
CCGCTGGAGTTTGCAGTAAG_018,170
CCGCTGGAGTTTGCAGTAAG_019,180
CCGCTGGAGTTTGCAGTAAG_020,130
CCGCTGGAGTTTGCAGTAAG_021,193
CCGCTGGAGTTTGCAGTAAG_022,9
TTGAGGCATTTCAATGGTTG_001,182
TTGAGGCATTTCAATGGTTG_002,95
TTGAGGCATTTCAATGGTTG_003,17
TTGAGGCATTTCAATGGTTG_004,28
TTGAGGCATTTCAATGGTTG_005,16
TTGAGGCATTTCAATGGTTG_006,150
TTGAGGCATTTCAATGGTTG_007,83
TTGAGGCATTTCAATGGTTG_008,118
TTGAGGCATTTCAATGGTTG_009,63
TTGAGGCATTTCAATGGTTG_010,66
AGGGACCGTGACTGGCACGA_001,189
AGGGACCGTGACTGGCACGA_002,45
AGGGACCGTGACTGGCACGA_003,158
AGGGACCGTGACTGGCACGA_004,191
AGGGACCGTGACTGGCACGA_005,63
AGGGACCGTGACTGGCACGA_006,77
AGGGACCGTGACTGGCACGA_007,98
AGGGACCGTGACTGGCACGA_008,30
AGGGACCGTGACTGGCACGA_009,9
AGGGACCGTGACTGGCACGA_010,82
AGGGACCGTGACTGGCACGA_011,56
AGGGACCGTGACTGGCACGA_012,74
AGGGACCGTGACTGGCACGA_013,95
AGGGACCGTGACTGGCACGA_014,29
AGGGACCGTGACTGGCACGA_015,105
AGGGACCGTGACTGGCACGA_016,190
AGGGACCGTGACTGGCACGA_017,58
AGGGACCGTGACTGGCACGA_018,172
AGGGACCGTGACTGGCACGA_019,29
AGGGACCGTGACTGGCACGA_020,182
AGGGACCGTGACTGGCACGA_021,17
AGGGACCGTGACTGGCACGA_022,103
AGGGACCGTGACTGGCACGA_023,94
AGGGACCGTGACTGGCACGA_024,16
AGGGACCGTGACTGGCACGA_025,29
AGGGACCGTGACTGGCACGA_026,132
AGGGACCGTGACTGGCACGA_027,156
AGGGACCGTGACTGGCACGA_028,88
AGGGACCGTGACTGGCACGA_029,127
AGGGACCGTGACTGGCACGA_030,62
AGGGACCGTGACTGGCACGA_031,100
AGGGACCGTGACTGGCACGA_032,134
AGGGACCGTGACTGGCACGA_033,6
AGGGACCGTGACTGGCACGA_034,24
AGGGACCGTGACTGGCACGA_035,60
AGGGACCGTGACTGGCACGA_036,8
AGGGACCGTGACTGGCACGA_037,83
AGGGACCGTGACTGGCACGA_038,50
AGGGACCGTGACTGGCACGA_039,77
AGGGACCGTGACTGGCACGA_040,69
AGGGACCGTGACTGGCACGA_041,101
AGGGACCGTGACTGGCACGA_042,169
AGGGACCGTGACTGGCACGA_043,59
AGGGACCGTGACTGGCACGA_044,136
ATGGGGAACAGCCAGCACCA_001,130
ATGGGGAACAGCCAGCACCA_002,15
ATGGGGAACAGCCAGCACCA_003,57
ATGGGGAACAGCCAGCACCA_004,61
ATGGGGAACAGCCAGCACCA_005,143
ATGGGGAACAGCCAGCACCA_006,180
ATGGGGAACAGCCAGCACCA_007,107
ATGGGGAACAGCCAGCACCA_008,190
ATGGGGAACAGCCAGCACCA_009,57
ATGGGGAACAGCCAGCACCA_010,31
ATGGGGAACAGCCAGCACCA_011,76
ATGGGGAACAGCCAGCACCA_012,127
ATGGGGAACAGCCAGCACCA_013,88
ATGGGGAACAGCCAGCACCA_014,48
ATGGGGAACAGCCAGCACCA_015,182
ATGGGGAACAGCCAGCACCA_016,29
ATGGGGAACAGCCAGCACCA_017,2
ATGGGGAACAGCCAGCACCA_018,56
ATGGGGAACAGCCAGCACCA_019,64
ATGGGGAACAGCCAGCACCA_020,107
ATGGGGAACAGCCAGCACCA_021,88
ATGGGGAACAGCCAGCACCA_022,9
TTTGCACTGAATCATAGCCA_001,121
AAGCACAGCAGGAACGAGGT_001,16
AAGCACAGCAGGAACGAGGT_002,77
AAGCACAGCAGGAACGAGGT_003,70
AAGCACAGCAGGAACGAGGT_004,100
AAGCACAGCAGGAACGAGGT_005,77
AGCAGAGTGGCCCAAAGTAG_001,172
AGCAGAGTGGCCCAAAGTAG_002,174
AGCAGAGTGGCCCAAAGTAG_003,20
AGCAGAGTGGCCCAAAGTAG_004,71
AGCAGAGTGGCCCAAAGTAG_005,2
AGCAGAGTGGCCCAAAGTAG_006,77
AGCAGAGTGGCCCAAAGTAG_007,27
AGCAGAGTGGCCCAAAGTAG_008,19
AGCAGAGTGGCCCAAAGTAG_009,63
AGCAGAGTGGCCCAAAGTAG_010,56
ACCTAGGTAGTAACCATAGG_001,121
ACCTAGGTAGTAACCATAGG_002,103
ACCTAGGTAGTAACCATAGG_003,112
ACCTAGGTAGTAACCATAGG_004,127
ACCTAGGTAGTAACCATAGG_005,182
ACTTACGTGCCATGTAACAG_001,199
ACTTACGTGCCATGTAACAG_002,105
ACTTACGTGCCATGTAACAG_003,1
ACTTACGTGCCATGTAACAG_004,77
ACTTACGTGCCATGTAACAG_005,9
ACTTACGTGCCATGTAACAG_006,16
ACTTACGTGCCATGTAACAG_007,191
ACTTACGTGCCATGTAACAG_008,60
ACTTACGTGCCATGTAACAG_009,160
ACTTACGTGCCATGTAACAG_010,47
AGGGAACCCTCACTGTACAT_001,42
AGGGAACCCTCACTGTACAT_002,105
AGGGAACCCTCACTGTACAT_003,191
AGGGAACCCTCACTGTACAT_004,148
AGGGAACCCTCACTGTACAT_005,123
AGGGAACCCTCACTGTACAT_006,146
AGGGAACCCTCACTGTACAT_007,174
AGGGAACCCTCACTGTACAT_008,169
AGGGAACCCTCACTGTACAT_009,77
AGGGAACCCTCACTGTACAT_010,138
AGGGAACCCTCACTGTACAT_011,152
ATAGCTGCTGCAAATACATG_001,162
ATAGCTGCTGCAAATACATG_002,78
ATAGCTGCTGCAAATACATG_003,85
ATAGCTGCTGCAAATACATG_004,180
ATAGCTGCTGCAAATACATG_005,185
ATAGCTGCTGCAAATACATG_006,169
GGCGAAGAGCATGAGCATCG_001,35
GGCGAAGAGCATGAGCATCG_002,91
GGCGAAGAGCATGAGCATCG_003,121
GGCGAAGAGCATGAGCATCG_004,75
GGCGAAGAGCATGAGCATCG_005,65
GGCGAAGAGCATGAGCATCG_006,40
GGCGAAGAGCATGAGCATCG_007,19
GGCGAAGAGCATGAGCATCG_008,149
GGCGAAGAGCATGAGCATCG_009,81
GGCGAAGAGCATGAGCATCG_010,1
GGCGAAGAGCATGAGCATCG_011,139
GGCGAAGAGCATGAGCATCG_012,81
GGCGAAGAGCATGAGCATCG_013,49
GGCGAAGAGCATGAGCATCG_014,155
GGCGAAGAGCATGAGCATCG_015,185
GGCGAAGAGCATGAGCATCG_016,172
GGCGAAGAGCATGAGCATCG_017,189
GGCGAAGAGCATGAGCATCG_018,60
GGCGAAGAGCATGAGCATCG_019,176
GGCGAAGAGCATGAGCATCG_020,41
GGCGAAGAGCATGAGCATCG_021,10
GGCGAAGAGCATGAGCATCG_022,97
GGCGAAGAGCATGAGCATCG_023,47
GGCGAAGAGCATGAGCATCG_024,96
GGCGAAGAGCATGAGCATCG_025,8
TCAGCAAGGGGCATTATGTG_001,181
TCAGCAAGGGGCATTATGTG_002,198
TCAGCAAGGGGCATTATGTG_003,139
TCAGCAAGGGGCATTATGTG_004,5
TCAGCAAGGGGCATTATGTG_005,134
TCAGCAAGGGGCATTATGTG_006,62
TCAGCAAGGGGCATTATGTG_007,120
TCAGCAAGGGGCATTATGTG_008,126
TCAGCAAGGGGCATTATGTG_009,40
TCAGCAAGGGGCATTATGTG_010,148
TCAGCAAGGGGCATTATGTG_011,197
TCAGCAAGGGGCATTATGTG_012,52
TCAGCAAGGGGCATTATGTG_013,175
TCAGCAAGGGGCATTATGTG_014,129
TCAGCAAGGGGCATTATGTG_015,146
CTGAGTCAAGTGACAGAGGG_001,172
CTGAGTCAAGTGACAGAGGG_002,12
CTGAGTCAAGTGACAGAGGG_003,62
CTGAGTCAAGTGACAGAGGG_004,198
CTGAGTCAAGTGACAGAGGG_005,91
GGGACGCGGACTTGCAAGTG_001,156
GGGACGCGGACTTGCAAGTG_002,52
GGGACGCGGACTTGCAAGTG_003,65
GGGACGCGGACTTGCAAGTG_004,16
TACATGGTATAGTGTTTATT_001,27
TGTCTTGCAGCGGTTACTAG_001,159
TGTCTTGCAGCGGTTACTAG_002,38
TGTCTTGCAGCGGTTACTAG_003,98
TGTCTTGCAGCGGTTACTAG_004,157
TGTCTTGCAGCGGTTACTAG_005,26
TGTCTTGCAGCGGTTACTAG_006,127
TGTCTTGCAGCGGTTACTAG_007,17
TGTCTTGCAGCGGTTACTAG_008,199
TGTCTTGCAGCGGTTACTAG_009,62
TGTCTTGCAGCGGTTACTAG_010,130
TGTCTTGCAGCGGTTACTAG_011,151
TGTCTTGCAGCGGTTACTAG_012,37
TGTCTTGCAGCGGTTACTAG_013,190
TGTCTTGCAGCGGTTACTAG_014,151
GCTGGCATTGCAGCTAGAGT_001,29
GCTGGCATTGCAGCTAGAGT_002,41
GCTGGCATTGCAGCTAGAGT_003,48
GCTGGCATTGCAGCTAGAGT_004,188
GCTGGCATTGCAGCTAGAGT_005,112
TCAAGGCTCACTTGCCAGCG_001,50
TCAAGGCTCACTTGCCAGCG_002,58
TCAAGGCTCACTTGCCAGCG_003,2
TCAAGGCTCACTTGCCAGCG_004,70
TCAAGGCTCACTTGCCAGCG_005,110
TCAAGGCTCACTTGCCAGCG_006,83
TCAAGGCTCACTTGCCAGCG_007,147
TCAAGGCTCACTTGCCAGCG_008,197
TCAAGGCTCACTTGCCAGCG_009,197
TCAAGGCTCACTTGCCAGCG_010,33
TCAAGGCTCACTTGCCAGCG_011,180
TCAAGGCTCACTTGCCAGCG_012,6
TCAAGGCTCACTTGCCAGCG_013,157
TCAAGGCTCACTTGCCAGCG_014,199
ACAGTACTCTTCTGAATCCG_001,31
ACAGTACTCTTCTGAATCCG_002,188
AGGGACTCAATGACACAATG_001,160
AGGGACTCAATGACACAATG_002,23
AGGGACTCAATGACACAATG_003,116
AGGGACTCAATGACACAATG_004,78
AGGGACTCAATGACACAATG_005,48
AGGGACTCAATGACACAATG_006,4
AGGGACTCAATGACACAATG_007,105
AGGGACTCAATGACACAATG_008,113
AGGGACTCAATGACACAATG_009,108
AGGGACTCAATGACACAATG_010,13
TACACCAGTTTGTTAACAGA_001,57
TACACCAGTTTGTTAACAGA_002,188
TACACCAGTTTGTTAACAGA_003,191
TACACCAGTTTGTTAACAGA_004,78
TACACCAGTTTGTTAACAGA_005,178
TACACCAGTTTGTTAACAGA_006,178
TGATTGCCATCGCAACAGGA_001,102
TGATTGCCATCGCAACAGGA_002,98
TGATTGCCATCGCAACAGGA_003,115
TGATTGCCATCGCAACAGGA_004,20
TGATTGCCATCGCAACAGGA_005,36
TGATTGCCATCGCAACAGGA_006,121
TGATTGCCATCGCAACAGGA_007,41
TGATTGCCATCGCAACAGGA_008,11
ATTCTCTCTCATGAATAAGA_001,127
ATTCTCTCTCATGAATAAGA_002,26
ATTCTCTCTCATGAATAAGA_003,125
ATTCTCTCTCATGAATAAGA_004,114
ATTCTCTCTCATGAATAAGA_005,2
ATTCTCTCTCATGAATAAGA_006,97
ATTCTCTCTCATGAATAAGA_007,33
ATTCTCTCTCATGAATAAGA_008,122
ATTCTCTCTCATGAATAAGA_009,111
ATTCTCTCTCATGAATAAGA_010,58
ATTCTCTCTCATGAATAAGA_011,57
ATTCTCTCTCATGAATAAGA_012,43
GCCTACGGGAAACTGAAGCC_001,100
GCCTACGGGAAACTGAAGCC_002,68
GCCTACGGGAAACTGAAGCC_003,150
GCCTACGGGAAACTGAAGCC_004,77
GCCTACGGGAAACTGAAGCC_005,146
GCCTACGGGAAACTGAAGCC_006,74
GCCTACGGGAAACTGAAGCC_007,9
TTCATAGCGTAGTGGCACAA_001,53
TTCATAGCGTAGTGGCACAA_002,134
TTCATAGCGTAGTGGCACAA_003,43
CAAAAAGAAAGAGCGTAAGG_001,88
CAAAAAGAAAGAGCGTAAGG_002,160
CAAAAAGAAAGAGCGTAAGG_003,144
CAAAAAGAAAGAGCGTAAGG_004,149
CAAAAAGAAAGAGCGTAAGG_005,115
CAAAAAGAAAGAGCGTAAGG_006,138
CAAAAAGAAAGAGCGTAAGG_007,165
CAAAAAGAAAGAGCGTAAGG_008,165
CAAAAAGAAAGAGCGTAAGG_009,141
GGGCCTCATCCTTGATACTG_001,169
GGGCCTCATCCTTGATACTG_002,146
GGGCCTCATCCTTGATACTG_003,158
GGGCCTCATCCTTGATACTG_004,119
GGGCCTCATCCTTGATACTG_005,36
GGGCCTCATCCTTGATACTG_006,102
GGGCCTCATCCTTGATACTG_007,37
GGGCCTCATCCTTGATACTG_008,106
GGGCCTCATCCTTGATACTG_009,106
GGGCCTCATCCTTGATACTG_010,58
GCCTATCGGCATTCCCACTG_001,16
GCCTATCGGCATTCCCACTG_002,176
GCCTATCGGCATTCCCACTG_003,9
GCCTATCGGCATTCCCACTG_004,106
GCCTATCGGCATTCCCACTG_005,5
GCCTATCGGCATTCCCACTG_006,60
GCCTATCGGCATTCCCACTG_007,17
GCCTATCGGCATTCCCACTG_008,48
GCCTATCGGCATTCCCACTG_009,78
GCCTATCGGCATTCCCACTG_010,108
GCCTATCGGCATTCCCACTG_011,132
GCCTATCGGCATTCCCACTG_012,94
GCCTATCGGCATTCCCACTG_013,127
GCCTATCGGCATTCCCACTG_014,199
GCCTATCGGCATTCCCACTG_015,48
GCCTATCGGCATTCCCACTG_016,41
GCCTATCGGCATTCCCACTG_017,127
GCCTATCGGCATTCCCACTG_018,148
GCCTATCGGCATTCCCACTG_019,100
GCCTATCGGCATTCCCACTG_020,76
GCCTATCGGCATTCCCACTG_021,85
GCCTATCGGCATTCCCACTG_022,33
GCCTATCGGCATTCCCACTG_023,138
GCCTATCGGCATTCCCACTG_024,15
GCCTATCGGCATTCCCACTG_025,136
GCCTATCGGCATTCCCACTG_026,19
GTAGTGTCAAACACGTTGGG_001,41
GTAGTGTCAAACACGTTGGG_002,157
GTAGTGTCAAACACGTTGGG_003,24
GTAGTGTCAAACACGTTGGG_004,19
GGACCAGGGTAGCCACAAGG_001,183
GGACCAGGGTAGCCACAAGG_002,171
GGACCAGGGTAGCCACAAGG_003,94
GGACCAGGGTAGCCACAAGG_004,125
GGACCAGGGTAGCCACAAGG_005,163
GGACCAGGGTAGCCACAAGG_006,150
GGACCAGGGTAGCCACAAGG_007,37
GGACCAGGGTAGCCACAAGG_008,61
GGACCAGGGTAGCCACAAGG_009,1
GGACCAGGGTAGCCACAAGG_010,198
GGACCAGGGTAGCCACAAGG_011,124
GGACCAGGGTAGCCACAAGG_012,114
GGACCAGGGTAGCCACAAGG_013,62
GGACCAGGGTAGCCACAAGG_014,127
GGACCAGGGTAGCCACAAGG_015,60
GGACCAGGGTAGCCACAAGG_016,162
GGACCAGGGTAGCCACAAGG_017,107
GGACCAGGGTAGCCACAAGG_018,84
GGACCAGGGTAGCCACAAGG_019,0
GGACCAGGGTAGCCACAAGG_020,155
GGACCAGGGTAGCCACAAGG_021,67
GGACCAGGGTAGCCACAAGG_022,19
GGACCAGGGTAGCCACAAGG_023,49
GGACCAGGGTAGCCACAAGG_024,188
GGACCAGGGTAGCCACAAGG_025,152
GGACCAGGGTAGCCACAAGG_026,3
GGACCAGGGTAGCCACAAGG_027,63
GGACCAGGGTAGCCACAAGG_028,27
GGACCAGGGTAGCCACAAGG_029,64
GAGGAGATGGGCATCCACGG_001,199
GAGGAGATGGGCATCCACGG_002,41
GAGGAGATGGGCATCCACGG_003,65
GAGGAGATGGGCATCCACGG_004,40
GAGGAGATGGGCATCCACGG_005,9
GAGGAGATGGGCATCCACGG_006,69
GAGGAGATGGGCATCCACGG_007,139
GAGGAGATGGGCATCCACGG_008,134
GAGGAGATGGGCATCCACGG_009,130
GAGGAGATGGGCATCCACGG_010,69
GAGGAGATGGGCATCCACGG_011,190
GAGGAGATGGGCATCCACGG_012,28
GAGGAGATGGGCATCCACGG_013,72
GAGGAGATGGGCATCCACGG_014,113
GAGGAGATGGGCATCCACGG_015,4
GAGGAGATGGGCATCCACGG_016,173
GAGGAGATGGGCATCCACGG_017,97
GAGGAGATGGGCATCCACGG_018,198
GAGGAGATGGGCATCCACGG_019,36
GAGGAGATGGGCATCCACGG_020,169
GAGGAGATGGGCATCCACGG_021,126
GAGGAGATGGGCATCCACGG_022,165
GAGGAGATGGGCATCCACGG_023,172
GAGGAGATGGGCATCCACGG_024,170
GAGGAGATGGGCATCCACGG_025,185
TGAAATTCTTAGTGAGAGTG_001,113
TGAAATTCTTAGTGAGAGTG_002,100
TGAAATTCTTAGTGAGAGTG_003,103
TGAAATTCTTAGTGAGAGTG_004,40
TGAAATTCTTAGTGAGAGTG_005,106
TGAAATTCTTAGTGAGAGTG_006,38
TGAAATTCTTAGTGAGAGTG_007,9
TGAAATTCTTAGTGAGAGTG_008,12
TGAAATTCTTAGTGAGAGTG_009,175
CTACCAGTTCAACTTCCACG_001,91
CTACCAGTTCAACTTCCACG_002,170
CTACCAGTTCAACTTCCACG_003,157
CTACCAGTTCAACTTCCACG_004,80
CTACCAGTTCAACTTCCACG_005,161
CTACCAGTTCAACTTCCACG_006,125
AATAACACCTTCATTACCCG_001,50
AATAACACCTTCATTACCCG_002,154
AATAACACCTTCATTACCCG_003,91
AATAACACCTTCATTACCCG_004,88
CCTCTGCGCCAGGTACACGA_001,78
CCTCTGCGCCAGGTACACGA_002,157
CCTCTGCGCCAGGTACACGA_003,43
CCTCTGCGCCAGGTACACGA_004,57
CCTCTGCGCCAGGTACACGA_005,175
CCTCTGCGCCAGGTACACGA_006,81
CCTCTGCGCCAGGTACACGA_007,149
CCTCTGCGCCAGGTACACGA_008,158
CCTCTGCGCCAGGTACACGA_009,33
CCTCTGCGCCAGGTACACGA_010,119
CCTCTGCGCCAGGTACACGA_011,185
CCTCTGCGCCAGGTACACGA_012,190
CCTCTGCGCCAGGTACACGA_013,145
CCTCTGCGCCAGGTACACGA_014,64
CCTCTGCGCCAGGTACACGA_015,169
CCCGGCACCATGTGACATTG_001,0
CCCGGCACCATGTGACATTG_002,74
CCCGGCACCATGTGACATTG_003,16
CCCGGCACCATGTGACATTG_004,88
CCCGGCACCATGTGACATTG_005,130
CCCGGCACCATGTGACATTG_006,123
CCCGGCACCATGTGACATTG_007,12
CCCGGCACCATGTGACATTG_008,58
CCCGGCACCATGTGACATTG_009,107
CCCGGCACCATGTGACATTG_010,140
CCCGGCACCATGTGACATTG_011,25
CCCGGCACCATGTGACATTG_012,157
CCCGGCACCATGTGACATTG_013,26
CCCGGCACCATGTGACATTG_014,43
CCCGGCACCATGTGACATTG_015,64
GGGTCTGGTAGCGACTGAAA_001,106
AGGCTCTGTGACCACAAATG_001,50
AGGCTCTGTGACCACAAATG_002,172
AGGCTCTGTGACCACAAATG_003,33
AGGCTCTGTGACCACAAATG_004,63
AGGCTCTGTGACCACAAATG_005,5
AGGCTCTGTGACCACAAATG_006,91
GGCCACTCCGAGCCGCTCGG_001,15
GGCCACTCCGAGCCGCTCGG_002,48
GGCCACTCCGAGCCGCTCGG_003,100
CAACGCCCTCAAAGGTCTTG_001,183
CAACGCCCTCAAAGGTCTTG_002,72
CAACGCCCTCAAAGGTCTTG_003,193
CAACGCCCTCAAAGGTCTTG_004,105
CAACGCCCTCAAAGGTCTTG_005,134
CAACGCCCTCAAAGGTCTTG_006,138
CAACGCCCTCAAAGGTCTTG_007,138
CTACGATTCCATCAAGACCG_001,84
CTACGATTCCATCAAGACCG_002,137
CTACGATTCCATCAAGACCG_003,57
CTACGATTCCATCAAGACCG_004,47
ATGGCGCCTCTCGAAGACGG_001,91
ATGGCGCCTCTCGAAGACGG_002,108
ATGGCGCCTCTCGAAGACGG_003,40
ATGGCGCCTCTCGAAGACGG_004,18
ATGGCGCCTCTCGAAGACGG_005,26
AGGTTGACACACTTATAACG_001,168
AGGTTGACACACTTATAACG_002,155
GAAGGCCAACTCCCGCAAAG_001,162
GAAGGCCAACTCCCGCAAAG_002,65
GAAGGCCAACTCCCGCAAAG_003,128
GGGCACAGATTGGATCCACT_001,62
GGGCACAGATTGGATCCACT_002,58
GGGCACAGATTGGATCCACT_003,164
GGGCACAGATTGGATCCACT_004,34
GGGCACAGATTGGATCCACT_005,148
GGGCACAGATTGGATCCACT_006,15
GGGCACAGATTGGATCCACT_007,136
GGGCACAGATTGGATCCACT_008,147
GGGCACAGATTGGATCCACT_009,5
GGGCACAGATTGGATCCACT_010,105
GGGCACAGATTGGATCCACT_011,17
GGGCACAGATTGGATCCACT_012,89
GGGCACAGATTGGATCCACT_013,45
GGGCACAGATTGGATCCACT_014,118
GGGCACAGATTGGATCCACT_015,29
GGGCACAGATTGGATCCACT_016,137
GGGCACAGATTGGATCCACT_017,28
GTTCCCAGCAGGCCAAATGG_001,43
GTTCCCAGCAGGCCAAATGG_002,170
GTTCCCAGCAGGCCAAATGG_003,17
GTTCCCAGCAGGCCAAATGG_004,17
GTTCCCAGCAGGCCAAATGG_005,14
GTTCCCAGCAGGCCAAATGG_006,56
GTTCCCAGCAGGCCAAATGG_007,130
GTTCCCAGCAGGCCAAATGG_008,140
TTATAGGTGTGTTTAAGCAG_001,12
TTATAGGTGTGTTTAAGCAG_002,177
TTATAGGTGTGTTTAAGCAG_003,189
TTATAGGTGTGTTTAAGCAG_004,171
TTATAGGTGTGTTTAAGCAG_005,92
TTATAGGTGTGTTTAAGCAG_006,150
TTATAGGTGTGTTTAAGCAG_007,41
TTCCTCTCACCAATGACCGT_001,53
TTCCTCTCACCAATGACCGT_002,75
TTCCTCTCACCAATGACCGT_003,53
TTCCTCTCACCAATGACCGT_004,181
TTCCTCTCACCAATGACCGT_005,134
TTCCTCTCACCAATGACCGT_006,115
TTCCTCTCACCAATGACCGT_007,40
TTCCTCTCACCAATGACCGT_008,180
TTCCTCTCACCAATGACCGT_009,12
AGGCCATACCTGGACCCAAC_001,62
CATAGATTCGCACAACCCTG_001,108
CATAGATTCGCACAACCCTG_002,45
CATAGATTCGCACAACCCTG_003,133
GGTGAAGCTATCTAAACCGG_001,88
GGTGAAGCTATCTAAACCGG_002,56
GGTGAAGCTATCTAAACCGG_003,72
GAAGAAGATTCCGATCAAGC_001,168
GAAGAAGATTCCGATCAAGC_002,28
GAAGAAGATTCCGATCAAGC_003,197
TAACCCTTACCACTACCGCC_001,162
TAACCCTTACCACTACCGCC_002,129
TAACCCTTACCACTACCGCC_003,107
TAACCCTTACCACTACCGCC_004,82
TAACCCTTACCACTACCGCC_005,171
TAACCCTTACCACTACCGCC_006,157
TAACCCTTACCACTACCGCC_007,120
TAACCCTTACCACTACCGCC_008,149
TAACCCTTACCACTACCGCC_009,97
TAACCCTTACCACTACCGCC_010,11
TAACCCTTACCACTACCGCC_011,28
TAACCCTTACCACTACCGCC_012,76
CTCTGGGGCAGCAGCAGCGG_001,55
CTCTGGGGCAGCAGCAGCGG_002,130
CTCTGGGGCAGCAGCAGCGG_003,58
CTCTGGGGCAGCAGCAGCGG_004,65
CTCTGGGGCAGCAGCAGCGG_005,178
CTCTGGGGCAGCAGCAGCGG_006,27
CTCTGGGGCAGCAGCAGCGG_007,11
GCTCAACACCTTGTATACCA_001,132
GCTCAACACCTTGTATACCA_002,157
GCTCAACACCTTGTATACCA_003,142
AGTGCATGTCGAATGTCCTG_001,166
AGTGCATGTCGAATGTCCTG_002,59
TTCGGCTGGTGCGGTCGATG_001,106
TTCGGCTGGTGCGGTCGATG_002,61
TTCGGCTGGTGCGGTCGATG_003,0
TTCGGCTGGTGCGGTCGATG_004,169
TTCGGCTGGTGCGGTCGATG_005,176
TTCGGCTGGTGCGGTCGATG_006,123
TTCGGCTGGTGCGGTCGATG_007,191
TTCGGCTGGTGCGGTCGATG_008,161
TTCGGCTGGTGCGGTCGATG_009,78
TTCGGCTGGTGCGGTCGATG_010,29
TTCGGCTGGTGCGGTCGATG_011,5
TTCGGCTGGTGCGGTCGATG_012,6
TTCGGCTGGTGCGGTCGATG_013,145
TTCGGCTGGTGCGGTCGATG_014,127
TTCGGCTGGTGCGGTCGATG_015,43
TTCGGCTGGTGCGGTCGATG_016,72
TTCGGCTGGTGCGGTCGATG_017,68
TTCGGCTGGTGCGGTCGATG_018,181
TTCGGCTGGTGCGGTCGATG_019,37
TTCGGCTGGTGCGGTCGATG_020,197
TTCGGCTGGTGCGGTCGATG_021,192
TTCGGCTGGTGCGGTCGATG_022,165
TTCGGCTGGTGCGGTCGATG_023,51
TTCGGCTGGTGCGGTCGATG_024,139
TTCGGCTGGTGCGGTCGATG_025,165
TTCGGCTGGTGCGGTCGATG_026,34
TTCGGCTGGTGCGGTCGATG_027,111
TTCGGCTGGTGCGGTCGATG_028,111
TTCGGCTGGTGCGGTCGATG_029,135
TTCGGCTGGTGCGGTCGATG_030,115
GCGAGCACTCACCAGGGTGA_001,84
GCGAGCACTCACCAGGGTGA_002,1
GCGAGCACTCACCAGGGTGA_003,193
GCGAGCACTCACCAGGGTGA_004,32
GCGAGCACTCACCAGGGTGA_005,78
GCGAGCACTCACCAGGGTGA_006,168
GCGAGCACTCACCAGGGTGA_007,132
GCGAGCACTCACCAGGGTGA_008,42
GCGAGCACTCACCAGGGTGA_009,95
GCGAGCACTCACCAGGGTGA_010,113
GCGAGCACTCACCAGGGTGA_011,163
GCGAGCACTCACCAGGGTGA_012,48
GCGAGCACTCACCAGGGTGA_013,141
GCGAGCACTCACCAGGGTGA_014,39
GCGAGCACTCACCAGGGTGA_015,63
GCGAGCACTCACCAGGGTGA_016,77
GCGAGCACTCACCAGGGTGA_017,169
GCGAGCACTCACCAGGGTGA_018,199
GCGAGCACTCACCAGGGTGA_019,4
GGATGTGGTCCCAAAGTCGA_001,45
GGATGTGGTCCCAAAGTCGA_002,8
GGATGTGGTCCCAAAGTCGA_003,166
GGATGTGGTCCCAAAGTCGA_004,98
GGATGTGGTCCCAAAGTCGA_005,95
GGATGTGGTCCCAAAGTCGA_006,9
GGATGTGGTCCCAAAGTCGA_007,43
GGATGTGGTCCCAAAGTCGA_008,175
GGATGTGGTCCCAAAGTCGA_009,26
GGATGTGGTCCCAAAGTCGA_010,82
GGATGTGGTCCCAAAGTCGA_011,35
GGATGTGGTCCCAAAGTCGA_012,174
GGATGTGGTCCCAAAGTCGA_013,70
GGATGTGGTCCCAAAGTCGA_014,82
GGATGTGGTCCCAAAGTCGA_015,8
GGATGTGGTCCCAAAGTCGA_016,28
CAGTTCCCGACAGGCACTAC_001,96
CAGTTCCCGACAGGCACTAC_002,194
CAGTTCCCGACAGGCACTAC_003,48
CAGTTCCCGACAGGCACTAC_004,99
CAGTTCCCGACAGGCACTAC_005,44
CAGTTCCCGACAGGCACTAC_006,195
CAGTTCCCGACAGGCACTAC_007,69
CAGTTCCCGACAGGCACTAC_008,125
GAGTCAAGATCCGTCTTCTG_001,125
GAGTCAAGATCCGTCTTCTG_002,183
GAGTCAAGATCCGTCTTCTG_003,179
GAGTCAAGATCCGTCTTCTG_004,113
GAGTCAAGATCCGTCTTCTG_005,11
GAGTCAAGATCCGTCTTCTG_006,141
GAGTCAAGATCCGTCTTCTG_007,31
GAGTCAAGATCCGTCTTCTG_008,98
GAGTCAAGATCCGTCTTCTG_009,56
GAGTCAAGATCCGTCTTCTG_010,161
AAGGGCTACCAGACCTCGAG_001,98
AAGGGCTACCAGACCTCGAG_002,52
AAGGGCTACCAGACCTCGAG_003,43
AAGGGCTACCAGACCTCGAG_004,192
AAGGGCTACCAGACCTCGAG_005,148
AAGGGCTACCAGACCTCGAG_006,160
AAGGGCTACCAGACCTCGAG_007,195
AAGGGCTACCAGACCTCGAG_008,37
CCGTACTTAGGACCACACTT_001,105
CCGTACTTAGGACCACACTT_002,146
CCGTACTTAGGACCACACTT_003,174
CCGTACTTAGGACCACACTT_004,63
CCGTACTTAGGACCACACTT_005,92
GTTTCCCAAAATAGTCATGG_001,140
GTTTCCCAAAATAGTCATGG_002,108
GTTTCCCAAAATAGTCATGG_003,117
GGACGTCCGGAGCTACAGGG_001,98
GGACGTCCGGAGCTACAGGG_002,188
GGACGTCCGGAGCTACAGGG_003,169
GGACGTCCGGAGCTACAGGG_004,179
GGACGTCCGGAGCTACAGGG_005,139
GGACGTCCGGAGCTACAGGG_006,120
GGACGTCCGGAGCTACAGGG_007,48
GGACGTCCGGAGCTACAGGG_008,135
GGACGTCCGGAGCTACAGGG_009,9
GGACGTCCGGAGCTACAGGG_010,151
GGACGTCCGGAGCTACAGGG_011,125
GGACGTCCGGAGCTACAGGG_012,0
GGACGTCCGGAGCTACAGGG_013,189
GGACGTCCGGAGCTACAGGG_014,130
GGACGTCCGGAGCTACAGGG_015,78
GGACGTCCGGAGCTACAGGG_016,139
GGACGTCCGGAGCTACAGGG_017,198
GGACGTCCGGAGCTACAGGG_018,138
GGACGTCCGGAGCTACAGGG_019,99
GGACGTCCGGAGCTACAGGG_020,55
TGGCACACAGGCCGAACACG_001,185
TGGCACACAGGCCGAACACG_002,43
TGGCACACAGGCCGAACACG_003,103
TGGCACACAGGCCGAACACG_004,174
TGGCACACAGGCCGAACACG_005,18
TTATCTGACTGATCCCATCC_001,51
TTATCTGACTGATCCCATCC_002,34
TTATCTGACTGATCCCATCC_003,188
TTATCTGACTGATCCCATCC_004,192
TTATCTGACTGATCCCATCC_005,126
TTATCTGACTGATCCCATCC_006,76
TTATCTGACTGATCCCATCC_007,16
TTATCTGACTGATCCCATCC_008,146
TTATCTGACTGATCCCATCC_009,77
TTCCGTGATTCAGCCACCCT_001,22
TTCCGTGATTCAGCCACCCT_002,124
TTCCGTGATTCAGCCACCCT_003,56
TTCCGTGATTCAGCCACCCT_004,2
ACCCTGGTCACAACATTCAG_001,80
ACCCTGGTCACAACATTCAG_002,192
ACCCTGGTCACAACATTCAG_003,48
ACCCTGGTCACAACATTCAG_004,69
ACCCTGGTCACAACATTCAG_005,49
ACCCTGGTCACAACATTCAG_006,10
ACCCTGGTCACAACATTCAG_007,46
ACCCTGGTCACAACATTCAG_008,188
TCTCTGCCTTTACTTCTCTG_001,105
TGAAGCCGATTACCAGCCAG_001,97
TGAAGCCGATTACCAGCCAG_002,42
TGAAGCCGATTACCAGCCAG_003,43
TGAAGCCGATTACCAGCCAG_004,45
TGAAGCCGATTACCAGCCAG_005,161
TGAAGCCGATTACCAGCCAG_006,147
CACACTTGGCACAGCCCACA_001,101
CACACTTGGCACAGCCCACA_002,132
CACACTTGGCACAGCCCACA_003,63
CACACTTGGCACAGCCCACA_004,67
CACACTTGGCACAGCCCACA_005,121
CACACTTGGCACAGCCCACA_006,141
CACACTTGGCACAGCCCACA_007,40
CACACTTGGCACAGCCCACA_008,110
CACACTTGGCACAGCCCACA_009,68
CACACTTGGCACAGCCCACA_010,177
TCCATGTACACAGTGCACCT_001,53
TCCATGTACACAGTGCACCT_002,165
TCCATGTACACAGTGCACCT_003,7
TCCATGTACACAGTGCACCT_004,115
TCCATGTACACAGTGCACCT_005,50
TCCATGTACACAGTGCACCT_006,78
TCCATGTACACAGTGCACCT_007,180
GATTATCTGTCCAATACTAA_001,172
GATTATCTGTCCAATACTAA_002,171
GATTATCTGTCCAATACTAA_003,59
TATTCTTCCTCACAAGACGA_001,9
TATTCTTCCTCACAAGACGA_002,22
TATTCTTCCTCACAAGACGA_003,152
TATTCTTCCTCACAAGACGA_004,101
TGTCTCGAACCTCATTGCAA_001,117
TGTCTCGAACCTCATTGCAA_002,129
TGTCTCGAACCTCATTGCAA_003,113
TGTCTCGAACCTCATTGCAA_004,39
TGTCTCGAACCTCATTGCAA_005,37
TGTCTCGAACCTCATTGCAA_006,148
CCAGAGCCTTGGTTTATATC_001,34
CCAGAGCCTTGGTTTATATC_002,81
CCAGAGCCTTGGTTTATATC_003,4
GGACGTGAGATATGCGTCCG_001,52
GGACGTGAGATATGCGTCCG_002,188
GGACGTGAGATATGCGTCCG_003,121
GGACGTGAGATATGCGTCCG_004,69
GGACGTGAGATATGCGTCCG_005,10
AGAAATTATTGAAGACAACG_001,126
CACAGAGAGCAGGTGACCAT_001,126
CACAGAGAGCAGGTGACCAT_002,170
CACAGAGAGCAGGTGACCAT_003,125
TAGGCAAATAACAATCAGCA_001,82
TAGGCAAATAACAATCAGCA_002,159
CGAATCTGGGGGTCATTCGG_001,29
CGAATCTGGGGGTCATTCGG_002,32
CGAATCTGGGGGTCATTCGG_003,88
CGAATCTGGGGGTCATTCGG_004,143
CGAATCTGGGGGTCATTCGG_005,143
CGAATCTGGGGGTCATTCGG_006,145
GAAACAAGGACATGACCAAA_001,45
GAAACAAGGACATGACCAAA_002,128
GAAACAAGGACATGACCAAA_003,83
GAAACAAGGACATGACCAAA_004,57
GAAACAAGGACATGACCAAA_005,148
GAAACAAGGACATGACCAAA_006,77
GAAACAAGGACATGACCAAA_007,18
GAAACAAGGACATGACCAAA_008,18
CCTCCAAGGAACTGTCCCCG_001,65
CCTCCAAGGAACTGTCCCCG_002,90
CCTCCAAGGAACTGTCCCCG_003,165
CCTCCAAGGAACTGTCCCCG_004,115
CCTCCAAGGAACTGTCCCCG_005,2
CCTCCAAGGAACTGTCCCCG_006,66
CCTCCAAGGAACTGTCCCCG_007,142
CCCACAGCGTGCTGACACGT_001,32
CCCACAGCGTGCTGACACGT_002,17
CCCACAGCGTGCTGACACGT_003,48
CCCACAGCGTGCTGACACGT_004,127
CCCACAGCGTGCTGACACGT_005,50
CCCACAGCGTGCTGACACGT_006,102
CCCACAGCGTGCTGACACGT_007,197
GCTAGCAGGTCACGGACGCG_001,176
GCTAGCAGGTCACGGACGCG_002,41
GCTAGCAGGTCACGGACGCG_003,152
GCTAGCAGGTCACGGACGCG_004,78
GCTAGCAGGTCACGGACGCG_005,9
GCTAGCAGGTCACGGACGCG_006,58
GCTAGCAGGTCACGGACGCG_007,86
GCTAGCAGGTCACGGACGCG_008,33
GCTAGCAGGTCACGGACGCG_009,91
CATGAGCTCTGTAGGTCCGG_001,165
CCTCATAGTCAAAGACAGGG_001,143
CCTCATAGTCAAAGACAGGG_002,160
CCTCATAGTCAAAGACAGGG_003,120
CCTCATAGTCAAAGACAGGG_004,86
CCTCATAGTCAAAGACAGGG_005,104
CCTCATAGTCAAAGACAGGG_006,65
GCTGGCTCGGAAGAACCGAG_001,144
GCTGGCTCGGAAGAACCGAG_002,22
GCTGGCTCGGAAGAACCGAG_003,135
GCTGGCTCGGAAGAACCGAG_004,135
TAAGAACTAGCACTCTCCGG_001,106
TAAGAACTAGCACTCTCCGG_002,138
TACCAGAAGATATCGCTCTG_001,2
TACCAGAAGATATCGCTCTG_002,144
TACCAGAAGATATCGCTCTG_003,46
TACCAGAAGATATCGCTCTG_004,41
TACCAGAAGATATCGCTCTG_005,127
TACCAGAAGATATCGCTCTG_006,182
TACCAGAAGATATCGCTCTG_007,86
TACCAGAAGATATCGCTCTG_008,127
TACCAGAAGATATCGCTCTG_009,17
TACCAGAAGATATCGCTCTG_010,51
TACCAGAAGATATCGCTCTG_011,40
TACCAGAAGATATCGCTCTG_012,135
TACCAGAAGATATCGCTCTG_013,25
TACCAGAAGATATCGCTCTG_014,117
TACCAGAAGATATCGCTCTG_015,138
TACCAGAAGATATCGCTCTG_016,69
TACCAGAAGATATCGCTCTG_017,83
TACCAGAAGATATCGCTCTG_018,106
TACCAGAAGATATCGCTCTG_019,39
TACCAGAAGATATCGCTCTG_020,80
TACCAGAAGATATCGCTCTG_021,174
AGCCATCAGGAGACCTCTGT_001,50
AGCCATCAGGAGACCTCTGT_002,32
AGCCATCAGGAGACCTCTGT_003,13
AGCCATCAGGAGACCTCTGT_004,42
AGCCATCAGGAGACCTCTGT_005,165
AGCCATCAGGAGACCTCTGT_006,60
AGCCATCAGGAGACCTCTGT_007,9
AGCCATCAGGAGACCTCTGT_008,66
AGCCATCAGGAGACCTCTGT_009,16
AGCCATCAGGAGACCTCTGT_010,56
AGCCATCAGGAGACCTCTGT_011,9
AGCCATCAGGAGACCTCTGT_012,40
AGCCATCAGGAGACCTCTGT_013,186
TCAGCAAATGCTGGATACGA_001,60
TCAGCAAATGCTGGATACGA_002,42
TCAGCAAATGCTGGATACGA_003,36
TCAGCAAATGCTGGATACGA_004,121
TCAGCAAATGCTGGATACGA_005,50
TCAGCAAATGCTGGATACGA_006,192
GAGCATCGTGTTCCTTACGG_001,15
GAGCATCGTGTTCCTTACGG_002,49
GAGCATCGTGTTCCTTACGG_003,160
GAGCATCGTGTTCCTTACGG_004,88
GAGCATCGTGTTCCTTACGG_005,82
GAGCATCGTGTTCCTTACGG_006,16
GAGCATCGTGTTCCTTACGG_007,193
GAGCATCGTGTTCCTTACGG_008,32
GAGCATCGTGTTCCTTACGG_009,33
GAGCATCGTGTTCCTTACGG_010,83
GAGCATCGTGTTCCTTACGG_011,61
GAGCATCGTGTTCCTTACGG_012,16
GAGCATCGTGTTCCTTACGG_013,102
GAGCATCGTGTTCCTTACGG_014,27
ACACATGCTTCAAGGTCACC_001,192
ACACATGCTTCAAGGTCACC_002,117
ACACATGCTTCAAGGTCACC_003,129
ACACATGCTTCAAGGTCACC_004,149
ACACATGCTTCAAGGTCACC_005,127
ACACATGCTTCAAGGTCACC_006,11
ACACATGCTTCAAGGTCACC_007,83
ACACATGCTTCAAGGTCACC_008,55
ACACATGCTTCAAGGTCACC_009,116
ACACATGCTTCAAGGTCACC_010,121
ACACATGCTTCAAGGTCACC_011,50
ACACATGCTTCAAGGTCACC_012,30
ACACATGCTTCAAGGTCACC_013,175
ACACATGCTTCAAGGTCACC_014,40
ACACATGCTTCAAGGTCACC_015,108
GGACATTTGATTGGTCAAAG_001,2
GGACATTTGATTGGTCAAAG_002,140
GGACATTTGATTGGTCAAAG_003,133
GGACATTTGATTGGTCAAAG_004,103
GGACATTTGATTGGTCAAAG_005,80
GGACATTTGATTGGTCAAAG_006,115
GGACATTTGATTGGTCAAAG_007,150
GGACATTTGATTGGTCAAAG_008,81
GGATCATGCTCACTAGCTGG_001,126
GGATCATGCTCACTAGCTGG_002,76
GGATCATGCTCACTAGCTGG_003,158
GGATCATGCTCACTAGCTGG_004,60
GGATCATGCTCACTAGCTGG_005,174
GGATCATGCTCACTAGCTGG_006,17
GGATCATGCTCACTAGCTGG_007,179
GACCCCAACTCACCATGTGA_001,144
GACCCCAACTCACCATGTGA_002,49
AAGGCAGCATGGTTCCCTCG_001,5
AAGGCAGCATGGTTCCCTCG_002,91
AAGGCAGCATGGTTCCCTCG_003,84
AAGGCAGCATGGTTCCCTCG_004,45
TCTGCACAGACAGCATCCAG_001,29
TCTGCACAGACAGCATCCAG_002,141
TCTGCACAGACAGCATCCAG_003,147
TCTGCACAGACAGCATCCAG_004,184
TCTGCACAGACAGCATCCAG_005,12
TCTGCACAGACAGCATCCAG_006,30
TCTGCACAGACAGCATCCAG_007,105
TCTGCACAGACAGCATCCAG_008,46
GGGTGGAGCCCAACTACCTG_001,41
GGGTGGAGCCCAACTACCTG_002,50
GGGTGGAGCCCAACTACCTG_003,190
GGGTGGAGCCCAACTACCTG_004,144
GGGTGGAGCCCAACTACCTG_005,188
GGGTGGAGCCCAACTACCTG_006,113
GGGTGGAGCCCAACTACCTG_007,164
GGGTGGAGCCCAACTACCTG_008,169
GGGTGGAGCCCAACTACCTG_009,74
AGGACCGCGAGGCCTTCCAG_001,85
AGGACCGCGAGGCCTTCCAG_002,91
AGGACCGCGAGGCCTTCCAG_003,50
AGGACCGCGAGGCCTTCCAG_004,72
AGGACCGCGAGGCCTTCCAG_005,128
AGGACCGCGAGGCCTTCCAG_006,148
AGGACCGCGAGGCCTTCCAG_007,137
AGGACCGCGAGGCCTTCCAG_008,65
AGGACCGCGAGGCCTTCCAG_009,88
AGGACCGCGAGGCCTTCCAG_010,145
AGGACCGCGAGGCCTTCCAG_011,88
AGGACCGCGAGGCCTTCCAG_012,125
AGGACCGCGAGGCCTTCCAG_013,106
AGGACCGCGAGGCCTTCCAG_014,113
AGGACCGCGAGGCCTTCCAG_015,113
AGGACCGCGAGGCCTTCCAG_016,72
AGGACCGCGAGGCCTTCCAG_017,182
AGGACCGCGAGGCCTTCCAG_018,116
AGGACCGCGAGGCCTTCCAG_019,2
AGGACCGCGAGGCCTTCCAG_020,127
AGGACCGCGAGGCCTTCCAG_021,160
AGGACCGCGAGGCCTTCCAG_022,183
AGGACCGCGAGGCCTTCCAG_023,62
AGGACCGCGAGGCCTTCCAG_024,41
AGGACCGCGAGGCCTTCCAG_025,142
AGGACCGCGAGGCCTTCCAG_026,40
AGGACCGCGAGGCCTTCCAG_027,48
AGGACCGCGAGGCCTTCCAG_028,180
AGGACCGCGAGGCCTTCCAG_029,108
AGGACCGCGAGGCCTTCCAG_030,80
AGGACCGCGAGGCCTTCCAG_031,60
AGGACCGCGAGGCCTTCCAG_032,48
AGGACCGCGAGGCCTTCCAG_033,51
AGGACCGCGAGGCCTTCCAG_034,86
GGACCACGGCCACTCCTGGC_001,44
GGACCACGGCCACTCCTGGC_002,94
GGACCACGGCCACTCCTGGC_003,19
GGACCACGGCCACTCCTGGC_004,128
GGACCACGGCCACTCCTGGC_005,121
GGACCACGGCCACTCCTGGC_006,190
GGACCACGGCCACTCCTGGC_007,161
GGACCACGGCCACTCCTGGC_008,197
GGACCACGGCCACTCCTGGC_009,87
GGACCACGGCCACTCCTGGC_010,22
GGACCACGGCCACTCCTGGC_011,139
GGACCACGGCCACTCCTGGC_012,94
GGACCACGGCCACTCCTGGC_013,94
GGACCACGGCCACTCCTGGC_014,144
GGACCACGGCCACTCCTGGC_015,180
GGACCACGGCCACTCCTGGC_016,10
GGACCACGGCCACTCCTGGC_017,76
GGACCACGGCCACTCCTGGC_018,88
CAAACCTCTCCGCATCATTG_001,38
CAAACCTCTCCGCATCATTG_002,174
GCGGCTTCGAGTTAAGGCGC_001,144
GCGGCTTCGAGTTAAGGCGC_002,197
GCGGCTTCGAGTTAAGGCGC_003,27
GCGGCTTCGAGTTAAGGCGC_004,188
GCGGCTTCGAGTTAAGGCGC_005,5
GCGGCTTCGAGTTAAGGCGC_006,117
GCGGCTTCGAGTTAAGGCGC_007,128
GCGGCTTCGAGTTAAGGCGC_008,124
GCGGCTTCGAGTTAAGGCGC_009,144
GCGGCTTCGAGTTAAGGCGC_010,141
GCGGCTTCGAGTTAAGGCGC_011,130
GCGGCTTCGAGTTAAGGCGC_012,133
GCGGCTTCGAGTTAAGGCGC_013,76
GCGGCTTCGAGTTAAGGCGC_014,68
GCGGCTTCGAGTTAAGGCGC_015,199
GCGGCTTCGAGTTAAGGCGC_016,175
GCGGCTTCGAGTTAAGGCGC_017,144
GCGGCTTCGAGTTAAGGCGC_018,103
GCGGCTTCGAGTTAAGGCGC_019,182
GAGATACTCACTAACGACGT_001,129
GAGATACTCACTAACGACGT_002,130
GAGATACTCACTAACGACGT_003,36
GAGATACTCACTAACGACGT_004,125
CACTTACTATACTAACACAG_001,15
AGCTCAACAGTTAGGCACAG_001,77
AGCTCAACAGTTAGGCACAG_002,199
AGCTCAACAGTTAGGCACAG_003,121
AGCTCAACAGTTAGGCACAG_004,13
AGCTCAACAGTTAGGCACAG_005,169
AGCTCAACAGTTAGGCACAG_006,78
AGCTCAACAGTTAGGCACAG_007,61
AGCTCAACAGTTAGGCACAG_008,113
AGCTCAACAGTTAGGCACAG_009,28
AGCTCAACAGTTAGGCACAG_010,127
AGCTCAACAGTTAGGCACAG_011,2
AGCTCAACAGTTAGGCACAG_012,29
AGCTCAACAGTTAGGCACAG_013,0
AGCTCAACAGTTAGGCACAG_014,41
AGCTCAACAGTTAGGCACAG_015,148
AGCTCAACAGTTAGGCACAG_016,137
CTATCGTCTGGTCAACTATG_001,142
CTATCGTCTGGTCAACTATG_002,82
CTATCGTCTGGTCAACTATG_003,198
CTATCGTCTGGTCAACTATG_004,38
CTATCGTCTGGTCAACTATG_005,23
CTATCGTCTGGTCAACTATG_006,68
TCTTCTTGTCTCGGCCCATG_001,198
TCTTCTTGTCTCGGCCCATG_002,3
TCTTCTTGTCTCGGCCCATG_003,190
TCTTCTTGTCTCGGCCCATG_004,178
CTTGCTGCGCAGGATGTGCG_001,14
CTTGCTGCGCAGGATGTGCG_002,28
CTTGCTGCGCAGGATGTGCG_003,15
AGAATATGGATCAGATCCCG_001,147
AGAATATGGATCAGATCCCG_002,122
AATGGCATACGATCGAGCTG_001,158
TGATAATCGTCGTCAGAACA_001,2
TGATAATCGTCGTCAGAACA_002,43
TGATAATCGTCGTCAGAACA_003,82
TGATAATCGTCGTCAGAACA_004,141
TGATAATCGTCGTCAGAACA_005,16
AGTGGTAGGGACAAGCAGTG_001,105
AGTGGTAGGGACAAGCAGTG_002,142
AGTGGTAGGGACAAGCAGTG_003,12
AGTGGTAGGGACAAGCAGTG_004,49
AGTGGTAGGGACAAGCAGTG_005,34
AGTGGTAGGGACAAGCAGTG_006,181
AGTGGTAGGGACAAGCAGTG_007,27
AGTGGTAGGGACAAGCAGTG_008,197
AGTGGTAGGGACAAGCAGTG_009,116
AGTGGTAGGGACAAGCAGTG_010,175
AGTGGTAGGGACAAGCAGTG_011,99
AGTGGTAGGGACAAGCAGTG_012,89
AGTGGTAGGGACAAGCAGTG_013,57
AGTGGTAGGGACAAGCAGTG_014,93
AGTGGTAGGGACAAGCAGTG_015,184
AGTGGTAGGGACAAGCAGTG_016,178
AGTGGTAGGGACAAGCAGTG_017,165
AGTGGTAGGGACAAGCAGTG_018,57
AGTGGTAGGGACAAGCAGTG_019,121
AGTGGTAGGGACAAGCAGTG_020,89
AGTGGTAGGGACAAGCAGTG_021,3
AGTGGTAGGGACAAGCAGTG_022,83
AGTGGTAGGGACAAGCAGTG_023,134
AGTGGTAGGGACAAGCAGTG_024,88
AGTGGTAGGGACAAGCAGTG_025,8
AGTGGTAGGGACAAGCAGTG_026,12
AGTGGTAGGGACAAGCAGTG_027,33
AGTGGTAGGGACAAGCAGTG_028,132
AGTGGTAGGGACAAGCAGTG_029,42
AGTGGTAGGGACAAGCAGTG_030,181
AGTGGTAGGGACAAGCAGTG_031,153
AGTGGTAGGGACAAGCAGTG_032,28
AGTGGTAGGGACAAGCAGTG_033,40
AGTGGTAGGGACAAGCAGTG_034,70
AGTGGTAGGGACAAGCAGTG_035,62
AGTGGTAGGGACAAGCAGTG_036,17
GGATCGGTTGTAGTAATCTG_001,17
GGATCGGTTGTAGTAATCTG_002,23
GGATCGGTTGTAGTAATCTG_003,29
GGATCGGTTGTAGTAATCTG_004,158
GGATCGGTTGTAGTAATCTG_005,144
GGATCGGTTGTAGTAATCTG_006,150
GGATCGGTTGTAGTAATCTG_007,127
GGATCGGTTGTAGTAATCTG_008,70
GGATCGGTTGTAGTAATCTG_009,137
GGATCGGTTGTAGTAATCTG_010,34
GTGGCTGTCAAACCAGTCGG_001,70
GTGGCTGTCAAACCAGTCGG_002,17
GTGGCTGTCAAACCAGTCGG_003,107
GTGGCTGTCAAACCAGTCGG_004,10
GTGGCTGTCAAACCAGTCGG_005,63
GTGGCTGTCAAACCAGTCGG_006,154
GTGGCTGTCAAACCAGTCGG_007,85
GTGGCTGTCAAACCAGTCGG_008,16
CGGTGTCCAGTGATGCACCA_001,53
CGGTGTCCAGTGATGCACCA_002,34
CGGTGTCCAGTGATGCACCA_003,178
CGGTGTCCAGTGATGCACCA_004,178
CGGTGTCCAGTGATGCACCA_005,85
CGGTGTCCAGTGATGCACCA_006,171
CGATGGCGAGGGCATCATCG_001,70
CGATGGCGAGGGCATCATCG_002,49
CGATGGCGAGGGCATCATCG_003,127
CGATGGCGAGGGCATCATCG_004,17
CGATGGCGAGGGCATCATCG_005,141
CGATGGCGAGGGCATCATCG_006,5
CGATGGCGAGGGCATCATCG_007,88
CGATGGCGAGGGCATCATCG_008,23
CGATGGCGAGGGCATCATCG_009,70
CGATGGCGAGGGCATCATCG_010,33
CGATGGCGAGGGCATCATCG_011,104
CGATGGCGAGGGCATCATCG_012,104
CGATGGCGAGGGCATCATCG_013,175
CGATGGCGAGGGCATCATCG_014,2
CGATGGCGAGGGCATCATCG_015,29
CGATGGCGAGGGCATCATCG_016,178
CGATGGCGAGGGCATCATCG_017,140
CGATGGCGAGGGCATCATCG_018,63
CGATGGCGAGGGCATCATCG_019,2
CGATGGCGAGGGCATCATCG_020,82
TGTACCAGTTGTAGCCACGA_001,19
TGTACCAGTTGTAGCCACGA_002,0
TGTACCAGTTGTAGCCACGA_003,116
TGTACCAGTTGTAGCCACGA_004,127
TGTACCAGTTGTAGCCACGA_005,15
TGTACCAGTTGTAGCCACGA_006,191
TGTACCAGTTGTAGCCACGA_007,68
TGTACCAGTTGTAGCCACGA_008,36
TGTACCAGTTGTAGCCACGA_009,15
TGTACCAGTTGTAGCCACGA_010,48
TGTACCAGTTGTAGCCACGA_011,169
TGTACCAGTTGTAGCCACGA_012,50
TGTACCAGTTGTAGCCACGA_013,2
TGTACCAGTTGTAGCCACGA_014,41
TGTACCAGTTGTAGCCACGA_015,3
TGTACCAGTTGTAGCCACGA_016,76
TGTACCAGTTGTAGCCACGA_017,133
TGTACCAGTTGTAGCCACGA_018,156
TGTACCAGTTGTAGCCACGA_019,80
TGTACCAGTTGTAGCCACGA_020,39
GGACGTTAAAAGAAATGATG_001,195
GGACGTTAAAAGAAATGATG_002,43
TGGGTAAGGCAGGCCCCACA_001,157
TGGGTAAGGCAGGCCCCACA_002,75
TGGGTAAGGCAGGCCCCACA_003,188
TGGGTAAGGCAGGCCCCACA_004,134
TGGGTAAGGCAGGCCCCACA_005,66
TGGGTAAGGCAGGCCCCACA_006,137
TGGGTAAGGCAGGCCCCACA_007,25
TGACTGAGAGCAATGCACGC_001,0
TGACTGAGAGCAATGCACGC_002,28
TGACTGAGAGCAATGCACGC_003,49
TGACTGAGAGCAATGCACGC_004,119
TGACTGAGAGCAATGCACGC_005,64
TGACTGAGAGCAATGCACGC_006,111
TGACTGAGAGCAATGCACGC_007,9
TGACTGAGAGCAATGCACGC_008,49
TGACTGAGAGCAATGCACGC_009,34
TGACTGAGAGCAATGCACGC_010,12
TGACTGAGAGCAATGCACGC_011,41
TGACTGAGAGCAATGCACGC_012,38
TGACTGAGAGCAATGCACGC_013,40
TGACTGAGAGCAATGCACGC_014,48
TGACTGAGAGCAATGCACGC_015,63
TGACTGAGAGCAATGCACGC_016,106
TGACTGAGAGCAATGCACGC_017,169
TGACTGAGAGCAATGCACGC_018,199
TGACTGAGAGCAATGCACGC_019,49
TGACTGAGAGCAATGCACGC_020,84
TGACTGAGAGCAATGCACGC_021,56
TGACTGAGAGCAATGCACGC_022,184
TGACTGAGAGCAATGCACGC_023,150
TGACTGAGAGCAATGCACGC_024,76
TGACTGAGAGCAATGCACGC_025,172
TGACTGAGAGCAATGCACGC_026,152
TGACTGAGAGCAATGCACGC_027,176
TGACTGAGAGCAATGCACGC_028,42
TGACTGAGAGCAATGCACGC_029,62
TGACTGAGAGCAATGCACGC_030,135
TGACTGAGAGCAATGCACGC_031,128
TGACTGAGAGCAATGCACGC_032,129
TGACTGAGAGCAATGCACGC_033,195
TGACTGAGAGCAATGCACGC_034,30
TGACTGAGAGCAATGCACGC_035,15
TGACTGAGAGCAATGCACGC_036,116
TGACTGAGAGCAATGCACGC_037,155
TGACTGAGAGCAATGCACGC_038,76
CACTGCTGCCATCAGGATTG_001,78
CACTGCTGCCATCAGGATTG_002,127
CACTGCTGCCATCAGGATTG_003,40
CACTGCTGCCATCAGGATTG_004,105
CACTGCTGCCATCAGGATTG_005,149
CACTGCTGCCATCAGGATTG_006,25
CACTGCTGCCATCAGGATTG_007,29
CACTGCTGCCATCAGGATTG_008,40
CACTGCTGCCATCAGGATTG_009,11
CACTGCTGCCATCAGGATTG_010,197
CACTGCTGCCATCAGGATTG_011,58
CACTGCTGCCATCAGGATTG_012,140
CACTGCTGCCATCAGGATTG_013,18
CACTGCTGCCATCAGGATTG_014,145
CACTGCTGCCATCAGGATTG_015,1
CACTGCTGCCATCAGGATTG_016,149
CACTGCTGCCATCAGGATTG_017,172
CACTGCTGCCATCAGGATTG_018,115
CACTGCTGCCATCAGGATTG_019,172
CACTGCTGCCATCAGGATTG_020,174
GCATAGTCAAAAAAGTACAC_001,5
TCAGCTCTTCAGAGATATCG_001,134
TCAGCTCTTCAGAGATATCG_002,58
TCAGCTCTTCAGAGATATCG_003,78
TCAGCTCTTCAGAGATATCG_004,166
TCAGCTCTTCAGAGATATCG_005,138
TCAGCTCTTCAGAGATATCG_006,34
TCAGCTCTTCAGAGATATCG_007,170
TTTCCCATGTAATAACTGTG_001,56
TTTCCCATGTAATAACTGTG_002,159
TTTCCCATGTAATAACTGTG_003,34
TTTCCCATGTAATAACTGTG_004,77
TTTCCCATGTAATAACTGTG_005,148
CCAACATCCAAAACTACCTA_001,1
CCAACATCCAAAACTACCTA_002,197
CCAACATCCAAAACTACCTA_003,182
CCAACATCCAAAACTACCTA_004,198
CCAACATCCAAAACTACCTA_005,199
CCAACATCCAAAACTACCTA_006,77
CCAACATCCAAAACTACCTA_007,189
CCAACATCCAAAACTACCTA_008,162
CCAACATCCAAAACTACCTA_009,135
CCAACATCCAAAACTACCTA_010,97
CCAACATCCAAAACTACCTA_011,114
CCAACATCCAAAACTACCTA_012,56
CCAACATCCAAAACTACCTA_013,165
CCAACATCCAAAACTACCTA_014,153
CCAACATCCAAAACTACCTA_015,17
CCAACATCCAAAACTACCTA_016,1
CCAACATCCAAAACTACCTA_017,178
ACAAACAGTAGTAAACATGG_001,125
ACAAACAGTAGTAAACATGG_002,101
ACAAACAGTAGTAAACATGG_003,121
ACAAACAGTAGTAAACATGG_004,186
ACAAACAGTAGTAAACATGG_005,16
AGTGCTCTATGTGCTGACCA_001,154
AGTGCTCTATGTGCTGACCA_002,19
AGTGCTCTATGTGCTGACCA_003,97
TGCAAAACTCAGAAGACCAA_001,189
TGCAAAACTCAGAAGACCAA_002,29
TGCAAAACTCAGAAGACCAA_003,30
TGCAAAACTCAGAAGACCAA_004,15
TGCAAAACTCAGAAGACCAA_005,76
TGCAAAACTCAGAAGACCAA_006,88
TGCAAAACTCAGAAGACCAA_007,17
TGCAAAACTCAGAAGACCAA_008,63
TGCAAAACTCAGAAGACCAA_009,153
AGACCACCAGGAATCTACAA_001,112
AGACCACCAGGAATCTACAA_002,137
AGACCACCAGGAATCTACAA_003,166
AGACCACCAGGAATCTACAA_004,76
AGACCACCAGGAATCTACAA_005,52
AGACCACCAGGAATCTACAA_006,130
AGACCACCAGGAATCTACAA_007,96
AGACCACCAGGAATCTACAA_008,43
ATAAATGCAGTTCTGATCAC_001,105
ATAAATGCAGTTCTGATCAC_002,188
ATAAATGCAGTTCTGATCAC_003,58
ATAAATGCAGTTCTGATCAC_004,18
GGATTGAATGGCTAACGCGG_001,132
GGATTGAATGGCTAACGCGG_002,170
GGATTGAATGGCTAACGCGG_003,20
GGATTGAATGGCTAACGCGG_004,187
GGATTGAATGGCTAACGCGG_005,55
GGATTGAATGGCTAACGCGG_006,182
CCTTGCTGGGAGTCTGCGTA_001,157
CCTTGCTGGGAGTCTGCGTA_002,138
CCTTGCTGGGAGTCTGCGTA_003,11
CCTTGCTGGGAGTCTGCGTA_004,194
CCTTGCTGGGAGTCTGCGTA_005,172
CCTTGCTGGGAGTCTGCGTA_006,68
CCTTGCTGGGAGTCTGCGTA_007,7
CCTTGCTGGGAGTCTGCGTA_008,79
CCTTGCTGGGAGTCTGCGTA_009,9
CCTTGCTGGGAGTCTGCGTA_010,145
CCTTGCTGGGAGTCTGCGTA_011,23
CCTTGCTGGGAGTCTGCGTA_012,70
CCTTGCTGGGAGTCTGCGTA_013,132
CCTTGCTGGGAGTCTGCGTA_014,81
CCTTGCTGGGAGTCTGCGTA_015,29
TCTTCCAGATAATAAGCAGG_001,193
TCTTCCAGATAATAAGCAGG_002,114
CAAGTGAGATGAGTACCATG_001,2
CAAGTGAGATGAGTACCATG_002,91
CAAGTGAGATGAGTACCATG_003,128
CAAGTGAGATGAGTACCATG_004,62
CAAGTGAGATGAGTACCATG_005,198
CAAGTGAGATGAGTACCATG_006,151
CAAGTGAGATGAGTACCATG_007,107
CAAGTGAGATGAGTACCATG_008,78
CAAGTGAGATGAGTACCATG_009,199
CAAGTGAGATGAGTACCATG_010,82
CAAGTGAGATGAGTACCATG_011,183
CAAGTGAGATGAGTACCATG_012,124
CAAGTGAGATGAGTACCATG_013,0
CAAGTGAGATGAGTACCATG_014,127
CAAGTGAGATGAGTACCATG_015,72
CAAGTGAGATGAGTACCATG_016,81
GCTTTTTCCAGCGAGAGCAA_001,28
GCTTTTTCCAGCGAGAGCAA_002,112
GCTTTTTCCAGCGAGAGCAA_003,34
GCTTTTTCCAGCGAGAGCAA_004,113
GCTTTTTCCAGCGAGAGCAA_005,112
GCTTTTTCCAGCGAGAGCAA_006,84
GCTTTTTCCAGCGAGAGCAA_007,56
GCTTTTTCCAGCGAGAGCAA_008,58
GCTTTTTCCAGCGAGAGCAA_009,137
GCTTTTTCCAGCGAGAGCAA_010,40
GCTTTTTCCAGCGAGAGCAA_011,16
GCTTTTTCCAGCGAGAGCAA_012,106
GCTTTTTCCAGCGAGAGCAA_013,196
GCTTTTTCCAGCGAGAGCAA_014,36
GCTTTTTCCAGCGAGAGCAA_015,5
AAAGAAAGACAAATCTCTTG_001,181
AAAGAAAGACAAATCTCTTG_002,151
AAAGAAAGACAAATCTCTTG_003,2
CTTCACTGGAAAATACTCGA_001,27
CTTCACTGGAAAATACTCGA_002,107
CTTCACTGGAAAATACTCGA_003,140
CTTCACTGGAAAATACTCGA_004,137
CTTCACTGGAAAATACTCGA_005,63
CTTCACTGGAAAATACTCGA_006,114
GGCTGCAATAGCCGTACCAA_001,117
GGCTGCAATAGCCGTACCAA_002,48
GGCTGCAATAGCCGTACCAA_003,11
GGCTGCAATAGCCGTACCAA_004,140
GGCTGCAATAGCCGTACCAA_005,76
GGCTGCAATAGCCGTACCAA_006,188
GGCTGCAATAGCCGTACCAA_007,115
GGCTGCAATAGCCGTACCAA_008,172
GGCTGCAATAGCCGTACCAA_009,190
GGCTGCAATAGCCGTACCAA_010,20
GGCTGCAATAGCCGTACCAA_011,159
GGCTGCAATAGCCGTACCAA_012,160
GGCTGCAATAGCCGTACCAA_013,33
GGCTGCAATAGCCGTACCAA_014,185
GGCTGCAATAGCCGTACCAA_015,63
GGCTGCAATAGCCGTACCAA_016,141
GGCTGCAATAGCCGTACCAA_017,147
GGCTGCAATAGCCGTACCAA_018,138
GGCTGCAATAGCCGTACCAA_019,184
GGCTGCAATAGCCGTACCAA_020,11
GGCTGCAATAGCCGTACCAA_021,70
GGCTGCAATAGCCGTACCAA_022,176
GGCTGCAATAGCCGTACCAA_023,52
GGCTGCAATAGCCGTACCAA_024,23
GGCTGCAATAGCCGTACCAA_025,160
GGCTGCAATAGCCGTACCAA_026,27
GGCTGCAATAGCCGTACCAA_027,183
GGCTGCAATAGCCGTACCAA_028,51
GGCTGCAATAGCCGTACCAA_029,99
GGCTGCAATAGCCGTACCAA_030,55
ACTGCAGGCATTAATGCCGA_001,4
ACTGCAGGCATTAATGCCGA_002,107
GAGCACCTACTGTGCCACCA_001,188
GAGCACCTACTGTGCCACCA_002,34
GAGCACCTACTGTGCCACCA_003,6
GAGCACCTACTGTGCCACCA_004,178
GAGCACCTACTGTGCCACCA_005,71
GAGCACCTACTGTGCCACCA_006,160
CAGGTTCAGCTCACTGAAAG_001,78
CAGGTTCAGCTCACTGAAAG_002,23
CAGGTTCAGCTCACTGAAAG_003,41
CAGGTTCAGCTCACTGAAAG_004,162
CAGGTTCAGCTCACTGAAAG_005,58
CAGGTTCAGCTCACTGAAAG_006,149
CAGGTTCAGCTCACTGAAAG_007,36
CAGGTTCAGCTCACTGAAAG_008,57
CAGGTTCAGCTCACTGAAAG_009,16
CAGGTTCAGCTCACTGAAAG_010,100
CAGGTTCAGCTCACTGAAAG_011,75
CAGGTTCAGCTCACTGAAAG_012,92
CAGGTTCAGCTCACTGAAAG_013,188
CAGGTTCAGCTCACTGAAAG_014,45
CAGGTTCAGCTCACTGAAAG_015,197
CAGGTTCAGCTCACTGAAAG_016,185
CAGGTTCAGCTCACTGAAAG_017,144
CAGGTTCAGCTCACTGAAAG_018,170
CAGGTTCAGCTCACTGAAAG_019,1
CAGGTTCAGCTCACTGAAAG_020,148
CAGGTTCAGCTCACTGAAAG_021,48
CAGGTTCAGCTCACTGAAAG_022,185
CAGGTTCAGCTCACTGAAAG_023,69
CAGGTTCAGCTCACTGAAAG_024,81
CAGGTTCAGCTCACTGAAAG_025,81
CAGGTTCAGCTCACTGAAAG_026,74
CAGGTTCAGCTCACTGAAAG_027,102
CAGGTTCAGCTCACTGAAAG_028,17
CAGGTTCAGCTCACTGAAAG_029,176
CAGGTTCAGCTCACTGAAAG_030,32
CTACTTTCAGAGCCCCCCCG_001,170
CTACTTTCAGAGCCCCCCCG_002,7
CTACTTTCAGAGCCCCCCCG_003,157
CTACTTTCAGAGCCCCCCCG_004,194
CTACTTTCAGAGCCCCCCCG_005,187
CTACTTTCAGAGCCCCCCCG_006,196
CTACTTTCAGAGCCCCCCCG_007,78
CTACTTTCAGAGCCCCCCCG_008,175
CTACTTTCAGAGCCCCCCCG_009,188
CTACTTTCAGAGCCCCCCCG_010,123
CTACTTTCAGAGCCCCCCCG_011,96
CTACTTTCAGAGCCCCCCCG_012,30
CTACTTTCAGAGCCCCCCCG_013,62
GCGCATACTTTCAGCCACGT_001,114
GCGCATACTTTCAGCCACGT_002,107
GCGCATACTTTCAGCCACGT_003,159
GCGCATACTTTCAGCCACGT_004,157
GCGCATACTTTCAGCCACGT_005,132
GCGCATACTTTCAGCCACGT_006,184
TCGAGCCCGCGGACTGCAAG_001,48
TCGAGCCCGCGGACTGCAAG_002,72
TCGAGCCCGCGGACTGCAAG_003,141
TCGAGCCCGCGGACTGCAAG_004,133
TCGAGCCCGCGGACTGCAAG_005,1
TCGAGCCCGCGGACTGCAAG_006,192
TCGAGCCCGCGGACTGCAAG_007,30
TCGAGCCCGCGGACTGCAAG_008,199
TCGAGCCCGCGGACTGCAAG_009,41
TCGAGCCCGCGGACTGCAAG_010,104
TCGAGCCCGCGGACTGCAAG_011,11
TCGAGCCCGCGGACTGCAAG_012,101
TCGAGCCCGCGGACTGCAAG_013,8
TCGAGCCCGCGGACTGCAAG_014,8
TCGAGCCCGCGGACTGCAAG_015,140
TCGAGCCCGCGGACTGCAAG_016,41
TCGAGCCCGCGGACTGCAAG_017,142
TTGTGCGGCTGGTTAAGGAA_001,152
TTGTGCGGCTGGTTAAGGAA_002,118
TTGTGCGGCTGGTTAAGGAA_003,2
TTGTGCGGCTGGTTAAGGAA_004,140
TTGTGCGGCTGGTTAAGGAA_005,120
TTGTGCGGCTGGTTAAGGAA_006,78
TTGTGCGGCTGGTTAAGGAA_007,107
TTGTGCGGCTGGTTAAGGAA_008,177
TTGTGCGGCTGGTTAAGGAA_009,141
TTGTGCGGCTGGTTAAGGAA_010,81
TTGTGCGGCTGGTTAAGGAA_011,28
TTGTGCGGCTGGTTAAGGAA_012,170
GAGGGGTGGAACTACATCGA_001,70
GAGGGGTGGAACTACATCGA_002,98
GAGGGGTGGAACTACATCGA_003,83
GAGGGGTGGAACTACATCGA_004,92
GAGGGGTGGAACTACATCGA_005,150
GAGGGGTGGAACTACATCGA_006,115
GAGGGGTGGAACTACATCGA_007,126
AGAATGATCTCGGAAGAAGC_001,158
TGGACTGAGTCAGTGTTACG_001,83
TGGACTGAGTCAGTGTTACG_002,45
TGGACTGAGTCAGTGTTACG_003,137
ATCACTAGCACAAGTTCTCG_001,148
ATCACTAGCACAAGTTCTCG_002,148
ATCACTAGCACAAGTTCTCG_003,27
ATCACTAGCACAAGTTCTCG_004,99
ATCACTAGCACAAGTTCTCG_005,76
ATCACTAGCACAAGTTCTCG_006,197
ATCACTAGCACAAGTTCTCG_007,141
ATCACTAGCACAAGTTCTCG_008,121
ATCACTAGCACAAGTTCTCG_009,20
ATCACTAGCACAAGTTCTCG_010,147
ATAGCTCAGTGACAGTATGT_001,32
ATAGCTCAGTGACAGTATGT_002,174
ATAGCTCAGTGACAGTATGT_003,9
ATAGCTCAGTGACAGTATGT_004,198
ATAGCTCAGTGACAGTATGT_005,40
ATAGCTCAGTGACAGTATGT_006,189
AAGTACCTAGTTCTTTAATG_001,140
AAGTACCTAGTTCTTTAATG_002,72
AAGTACCTAGTTCTTTAATG_003,116
AAGTACCTAGTTCTTTAATG_004,13
GGCAGGCGGCCTGTGCAGCG_001,1
GGCAGGCGGCCTGTGCAGCG_002,192
GGGAAGCCCATAGTCCCGGG_001,154
GGGAAGCCCATAGTCCCGGG_002,121
GGGAAGCCCATAGTCCCGGG_003,56
GCAGCCTTGTCAGCACACCT_001,16
GCAGCCTTGTCAGCACACCT_002,30
GCAGCCTTGTCAGCACACCT_003,75
GCAGCCTTGTCAGCACACCT_004,78
CCCCCCGGTGACGTTCTCGT_001,83
CCCCCCGGTGACGTTCTCGT_002,148
CCCCCCGGTGACGTTCTCGT_003,22
CCCCCCGGTGACGTTCTCGT_004,74
CCCCCCGGTGACGTTCTCGT_005,147
CCCCCCGGTGACGTTCTCGT_006,162
CCCCCCGGTGACGTTCTCGT_007,162
CCCCCCGGTGACGTTCTCGT_008,184
CCCCCCGGTGACGTTCTCGT_009,83
CCCCCCGGTGACGTTCTCGT_010,137
CCCCCCGGTGACGTTCTCGT_011,180
CCCCCCGGTGACGTTCTCGT_012,170
GGGGCCCTGGGACGACCCCT_001,44
GGGGCCCTGGGACGACCCCT_002,116
GGGGCCCTGGGACGACCCCT_003,117
GGGGCCCTGGGACGACCCCT_004,107
GGGGCCCTGGGACGACCCCT_005,33
GGGGCCCTGGGACGACCCCT_006,95
GGGGCCCTGGGACGACCCCT_007,19
GGGGCCCTGGGACGACCCCT_008,19
GGGGCCCTGGGACGACCCCT_009,57
GGGGCCCTGGGACGACCCCT_010,128
GGGGCCCTGGGACGACCCCT_011,129
GGGGCCCTGGGACGACCCCT_012,132
GGGGCCCTGGGACGACCCCT_013,138
GGGGCCCTGGGACGACCCCT_014,19
GGGGCCCTGGGACGACCCCT_015,63
GGGGCCCTGGGACGACCCCT_016,169
GGGGCCCTGGGACGACCCCT_017,182
GGGGCCCTGGGACGACCCCT_018,9
GGGGCCCTGGGACGACCCCT_019,77
GGGGCCCTGGGACGACCCCT_020,63
GGGGCCCTGGGACGACCCCT_021,5
GGGGCCCTGGGACGACCCCT_022,198
GGGGCCCTGGGACGACCCCT_023,5
GGGGCCCTGGGACGACCCCT_024,193
GGGGCCCTGGGACGACCCCT_025,190
GGGGCCCTGGGACGACCCCT_026,174
GGGGCCCTGGGACGACCCCT_027,8
GGGGCCCTGGGACGACCCCT_028,57
GGGGCCCTGGGACGACCCCT_029,168
GGGGCCCTGGGACGACCCCT_030,127
GGGGCCCTGGGACGACCCCT_031,76
GGGGCCCTGGGACGACCCCT_032,88
GGGGCCCTGGGACGACCCCT_033,121
GGGGCCCTGGGACGACCCCT_034,91
GGGGCCCTGGGACGACCCCT_035,134
GGGGCCCTGGGACGACCCCT_036,49
GGGGCCCTGGGACGACCCCT_037,106
GGGGCCCTGGGACGACCCCT_038,162
GGGGCCCTGGGACGACCCCT_039,36
GGGGCCCTGGGACGACCCCT_040,144
TCATGCAACAGATTAAGAGA_001,156
TCATGCAACAGATTAAGAGA_002,177
AATATATGCCAACAACGACA_001,40
AATATATGCCAACAACGACA_002,112
CGGATGCCGAAGTACCCAGG_001,86
CGGATGCCGAAGTACCCAGG_002,168
CGGATGCCGAAGTACCCAGG_003,133
CGGATGCCGAAGTACCCAGG_004,63
CGGATGCCGAAGTACCCAGG_005,58
CGGATGCCGAAGTACCCAGG_006,69
CGGATGCCGAAGTACCCAGG_007,178
CGGATGCCGAAGTACCCAGG_008,27
CGGATGCCGAAGTACCCAGG_009,62
CGGATGCCGAAGTACCCAGG_010,4
CGGATGCCGAAGTACCCAGG_011,57
CGGATGCCGAAGTACCCAGG_012,46
CGGATGCCGAAGTACCCAGG_013,77
CGGATGCCGAAGTACCCAGG_014,108
GAGGCGCCGTCATCCCTACA_001,12
GAGGCGCCGTCATCCCTACA_002,31
GAGGCGCCGTCATCCCTACA_003,48
GAGGCGCCGTCATCCCTACA_004,83
GAGGCGCCGTCATCCCTACA_005,22
GAGGCGCCGTCATCCCTACA_006,192
ACAACGTTGGTGATTTGGTG_001,184
ACAACGTTGGTGATTTGGTG_002,120
ACAACGTTGGTGATTTGGTG_003,103
ACAACGTTGGTGATTTGGTG_004,175
ACAACGTTGGTGATTTGGTG_005,90
ACAACGTTGGTGATTTGGTG_006,64
AAGAAAAGGGAGTTGATGAG_001,27
AAGAAAAGGGAGTTGATGAG_002,194
TAAGTACGTTCTCAACATGA_001,55
TAAGTACGTTCTCAACATGA_002,132
TCATGAAGAAGCTTTGCGTG_001,62
TCATGAAGAAGCTTTGCGTG_002,160
TCATGAAGAAGCTTTGCGTG_003,169
TCATGAAGAAGCTTTGCGTG_004,76
TCATGAAGAAGCTTTGCGTG_005,60
TGTCAGATATCCAATCGCGG_001,2
TGTCAGATATCCAATCGCGG_002,11
TGTCAGATATCCAATCGCGG_003,103
TGTCAGATATCCAATCGCGG_004,126
CCCACTCCTTACGCACGATG_001,170
CCCACTCCTTACGCACGATG_002,27
CCCACTCCTTACGCACGATG_003,24
CCCACTCCTTACGCACGATG_004,116
CCCACTCCTTACGCACGATG_005,15
CCCACTCCTTACGCACGATG_006,102
CCCACTCCTTACGCACGATG_007,138
CCCACTCCTTACGCACGATG_008,127
CCCACTCCTTACGCACGATG_009,105
CCCACTCCTTACGCACGATG_010,24
CCCACTCCTTACGCACGATG_011,43
CCCACTCCTTACGCACGATG_012,94
CCCACTCCTTACGCACGATG_013,62
CCCACTCCTTACGCACGATG_014,39
CCCACTCCTTACGCACGATG_015,191
CCCACTCCTTACGCACGATG_016,48
CCCACTCCTTACGCACGATG_017,117
CCCACTCCTTACGCACGATG_018,56
CCCACTCCTTACGCACGATG_019,167
CCCACTCCTTACGCACGATG_020,167
CCCACTCCTTACGCACGATG_021,98
CCCACTCCTTACGCACGATG_022,141
CCCACTCCTTACGCACGATG_023,121
CCCACTCCTTACGCACGATG_024,61
CCCACTCCTTACGCACGATG_025,77
CCCACTCCTTACGCACGATG_026,24
CCCACTCCTTACGCACGATG_027,83
CCCACTCCTTACGCACGATG_028,134
CCCACTCCTTACGCACGATG_029,159
CCCACTCCTTACGCACGATG_030,129
CCCACTCCTTACGCACGATG_031,10
CCCACTCCTTACGCACGATG_032,130
CCCACTCCTTACGCACGATG_033,33
CCCACTCCTTACGCACGATG_034,12
CCCACTCCTTACGCACGATG_035,6
CCCACTCCTTACGCACGATG_036,78
CCCACTCCTTACGCACGATG_037,105
CCCACTCCTTACGCACGATG_038,177
CCCACTCCTTACGCACGATG_039,1
GGAGGTGCCTCTATAATCGG_001,75
GGAGGTGCCTCTATAATCGG_002,136
GGAGGTGCCTCTATAATCGG_003,40
AGAACGTGGAGCGGATTCGG_001,158
AGAACGTGGAGCGGATTCGG_002,151
AGAACGTGGAGCGGATTCGG_003,154
AGAACGTGGAGCGGATTCGG_004,35
AGAACGTGGAGCGGATTCGG_005,48
AGAACGTGGAGCGGATTCGG_006,101
AGAACGTGGAGCGGATTCGG_007,77
AGAACGTGGAGCGGATTCGG_008,45
AGAACGTGGAGCGGATTCGG_009,71
AGAACGTGGAGCGGATTCGG_010,126
AGAACGTGGAGCGGATTCGG_011,127
AGAACGTGGAGCGGATTCGG_012,167
AGAACGTGGAGCGGATTCGG_013,17
AGAACGTGGAGCGGATTCGG_014,88
AGAACGTGGAGCGGATTCGG_015,184
AGAACGTGGAGCGGATTCGG_016,144
AGAACGTGGAGCGGATTCGG_017,69
AGAACGTGGAGCGGATTCGG_018,36
AGAACGTGGAGCGGATTCGG_019,44
AGAACGTGGAGCGGATTCGG_020,198
AGAACGTGGAGCGGATTCGG_021,25
AGAACGTGGAGCGGATTCGG_022,46
AGAACGTGGAGCGGATTCGG_023,16
AGAACGTGGAGCGGATTCGG_024,122
AGAACGTGGAGCGGATTCGG_025,17
AGAACGTGGAGCGGATTCGG_026,199
AGAACGTGGAGCGGATTCGG_027,67
AGAACGTGGAGCGGATTCGG_028,19
AGAACGTGGAGCGGATTCGG_029,166
AGAACGTGGAGCGGATTCGG_030,61
AGAACGTGGAGCGGATTCGG_031,68
AGAACGTGGAGCGGATTCGG_032,5
AGAACGTGGAGCGGATTCGG_033,68
AGAACGTGGAGCGGATTCGG_034,138
AGAACGTGGAGCGGATTCGG_035,26
AGAACGTGGAGCGGATTCGG_036,123
AGAACGTGGAGCGGATTCGG_037,147
ATAGAGTCAGGCTCATCCAG_001,53
ATAGAGTCAGGCTCATCCAG_002,27
ATAGAGTCAGGCTCATCCAG_003,157
ATAGAGTCAGGCTCATCCAG_004,121
ATAGAGTCAGGCTCATCCAG_005,132
ATAGAGTCAGGCTCATCCAG_006,125
ATAGAGTCAGGCTCATCCAG_007,71
ATAGAGTCAGGCTCATCCAG_008,85
ATAGAGTCAGGCTCATCCAG_009,132
ATAGAGTCAGGCTCATCCAG_010,130
ATAGAGTCAGGCTCATCCAG_011,176
ATAGAGTCAGGCTCATCCAG_012,40
ATAGAGTCAGGCTCATCCAG_013,83
ATAGAGTCAGGCTCATCCAG_014,123
ATAGAGTCAGGCTCATCCAG_015,76
ATAGAGTCAGGCTCATCCAG_016,136
ATAGAGTCAGGCTCATCCAG_017,199
ATAGAGTCAGGCTCATCCAG_018,115
ATAGAGTCAGGCTCATCCAG_019,169
ATAGAGTCAGGCTCATCCAG_020,162
AATATGAACTATACCGTAAC_001,78
AATATGAACTATACCGTAAC_002,188
CGCGACTCGATCTCGATGCC_001,66
CGCGACTCGATCTCGATGCC_002,169
CGCGACTCGATCTCGATGCC_003,170
CGCGACTCGATCTCGATGCC_004,137
CGCGACTCGATCTCGATGCC_005,75
CGCGACTCGATCTCGATGCC_006,156
CGCGACTCGATCTCGATGCC_007,82
CGCGACTCGATCTCGATGCC_008,160
CGCGACTCGATCTCGATGCC_009,41
CGCGACTCGATCTCGATGCC_010,172
CGCGACTCGATCTCGATGCC_011,184
CGCGACTCGATCTCGATGCC_012,106
CGGCGTTGTCGGGAACACTG_001,139
CGGCGTTGTCGGGAACACTG_002,147
CGGCGTTGTCGGGAACACTG_003,107
CGGCGTTGTCGGGAACACTG_004,80
CGGCGTTGTCGGGAACACTG_005,47
CGGCGTTGTCGGGAACACTG_006,49
CGGCGTTGTCGGGAACACTG_007,160
CGGCGTTGTCGGGAACACTG_008,62
CGGCGTTGTCGGGAACACTG_009,171
CGGCGTTGTCGGGAACACTG_010,198
CGGCGTTGTCGGGAACACTG_011,55
CGGCGTTGTCGGGAACACTG_012,127
CGGCGTTGTCGGGAACACTG_013,16
CGGCGTTGTCGGGAACACTG_014,104
CGGCGTTGTCGGGAACACTG_015,154
CGGCGTTGTCGGGAACACTG_016,92
CGGCGTTGTCGGGAACACTG_017,163
CGGCGTTGTCGGGAACACTG_018,159
CGGCGTTGTCGGGAACACTG_019,58
CGGCGTTGTCGGGAACACTG_020,112
CGGCGTTGTCGGGAACACTG_021,112
CGGCGTTGTCGGGAACACTG_022,172
CGGCGTTGTCGGGAACACTG_023,172
CGGCGTTGTCGGGAACACTG_024,148
CGGCGTTGTCGGGAACACTG_025,178
CGGCGTTGTCGGGAACACTG_026,66
CGGCGTTGTCGGGAACACTG_027,35
CGGCGTTGTCGGGAACACTG_028,118
CGGCGTTGTCGGGAACACTG_029,37
CGGCGTTGTCGGGAACACTG_030,111
CGGCGTTGTCGGGAACACTG_031,89
CGGCGTTGTCGGGAACACTG_032,41
AAGGAGAATCTGGCCAGTCA_001,29
AAGGAGAATCTGGCCAGTCA_002,146
AAGGAGAATCTGGCCAGTCA_003,12
AAGGAGAATCTGGCCAGTCA_004,195
AAGGAGAATCTGGCCAGTCA_005,75
AAGGAGAATCTGGCCAGTCA_006,190
AAGGAGAATCTGGCCAGTCA_007,90
AAGGAGAATCTGGCCAGTCA_008,137
AAGGAGAATCTGGCCAGTCA_009,79
AAGGAGAATCTGGCCAGTCA_010,90
ACTTCCTTAGAAACAGGACA_001,158
ACTTCCTTAGAAACAGGACA_002,190
ACTTCCTTAGAAACAGGACA_003,141
ACTTCCTTAGAAACAGGACA_004,184
ACTTCCTTAGAAACAGGACA_005,130
ACTTCCTTAGAAACAGGACA_006,48
ACTTCCTTAGAAACAGGACA_007,94
ACTTCCTTAGAAACAGGACA_008,128
GTTGGTGAGAGGACCCGTGA_001,101
GTTGGTGAGAGGACCCGTGA_002,133
GTTGGTGAGAGGACCCGTGA_003,187
GTTGGTGAGAGGACCCGTGA_004,121
GTTGGTGAGAGGACCCGTGA_005,91
GTTGGTGAGAGGACCCGTGA_006,19
GTTGGTGAGAGGACCCGTGA_007,127
ATTTCAAAACAAATCCCTCA_001,164
ATTTCAAAACAAATCCCTCA_002,77
ATTTCAAAACAAATCCCTCA_003,122
ATTTCAAAACAAATCCCTCA_004,116
ATTTCAAAACAAATCCCTCA_005,149
ATTTCAAAACAAATCCCTCA_006,38
ATTTCAAAACAAATCCCTCA_007,39
AGGTTTCTTCACGCCACCGG_001,94
AGGTTTCTTCACGCCACCGG_002,94
AGGTTTCTTCACGCCACCGG_003,159
AGGTTTCTTCACGCCACCGG_004,145
AGGTTTCTTCACGCCACCGG_005,11
AGGTTTCTTCACGCCACCGG_006,16
AGGTTTCTTCACGCCACCGG_007,134
AGGTTTCTTCACGCCACCGG_008,148
AGGTTTCTTCACGCCACCGG_009,178
AGGTTTCTTCACGCCACCGG_010,147
AGGTTTCTTCACGCCACCGG_011,73
TTGGGCCTGAGCATCGAAGA_001,94
TTGGGCCTGAGCATCGAAGA_002,121
TTGGGCCTGAGCATCGAAGA_003,7
TTGGGCCTGAGCATCGAAGA_004,175
TTGGGCCTGAGCATCGAAGA_005,87
TTGGGCCTGAGCATCGAAGA_006,70
TTGGGCCTGAGCATCGAAGA_007,143
TTGGGCCTGAGCATCGAAGA_008,176
TTGGGCCTGAGCATCGAAGA_009,24
TTGGGCCTGAGCATCGAAGA_010,36
TTGGGCCTGAGCATCGAAGA_011,54
TTGGGCCTGAGCATCGAAGA_012,92
CTGAAGGTGTCTGGCAGAGC_001,118
CTGAAGGTGTCTGGCAGAGC_002,96
CTGAAGGTGTCTGGCAGAGC_003,88
CTGAAGGTGTCTGGCAGAGC_004,162
CTGAAGGTGTCTGGCAGAGC_005,19
CTGAAGGTGTCTGGCAGAGC_006,171
CTGAAGGTGTCTGGCAGAGC_007,15
CTGAAGGTGTCTGGCAGAGC_008,172
CTGAAGGTGTCTGGCAGAGC_009,150
CTGAAGGTGTCTGGCAGAGC_010,62
CTGAAGGTGTCTGGCAGAGC_011,134
CTGAAGGTGTCTGGCAGAGC_012,12
CTGAAGGTGTCTGGCAGAGC_013,53
CTGAAGGTGTCTGGCAGAGC_014,175
CTGAAGGTGTCTGGCAGAGC_015,96
CTGAAGGTGTCTGGCAGAGC_016,169
CTGAAGGTGTCTGGCAGAGC_017,2
CTGAAGGTGTCTGGCAGAGC_018,194
CTGAAGGTGTCTGGCAGAGC_019,194
CTGAAGGTGTCTGGCAGAGC_020,28
CTGAAGGTGTCTGGCAGAGC_021,152
CTGAAGGTGTCTGGCAGAGC_022,99
CTGAAGGTGTCTGGCAGAGC_023,99
CTGAAGGTGTCTGGCAGAGC_024,118
GAGTAGTGCATTATGGCAGG_001,57
GCATACTTACAACAACCAAG_001,111
GCATACTTACAACAACCAAG_002,160
GGCAAGCAGCTAGCTGACAT_001,147
GGCAAGCAGCTAGCTGACAT_002,8
GGCAAGCAGCTAGCTGACAT_003,160
GGCAAGCAGCTAGCTGACAT_004,71
GGCAAGCAGCTAGCTGACAT_005,174
GGCAAGCAGCTAGCTGACAT_006,84
GGCAAGCAGCTAGCTGACAT_007,108
GGCAAGCAGCTAGCTGACAT_008,139
GGCAAGCAGCTAGCTGACAT_009,93
GGCAAGCAGCTAGCTGACAT_010,57
GGCAAGCAGCTAGCTGACAT_011,61
GGCAAGCAGCTAGCTGACAT_012,78
GGCAAGCAGCTAGCTGACAT_013,88
GGCAAGCAGCTAGCTGACAT_014,1
GAGACAGATCCACCACACAG_001,15
GAGACAGATCCACCACACAG_002,71
GAGACAGATCCACCACACAG_003,169
GAGACAGATCCACCACACAG_004,87
GAGACAGATCCACCACACAG_005,84
GAGACAGATCCACCACACAG_006,22
GAGACAGATCCACCACACAG_007,169
GAGACAGATCCACCACACAG_008,186
GAGACAGATCCACCACACAG_009,76
GAGACAGATCCACCACACAG_010,182
GAGACAGATCCACCACACAG_011,152
GAGACAGATCCACCACACAG_012,79
GAGACAGATCCACCACACAG_013,71
GAGACAGATCCACCACACAG_014,145
GAGACAGATCCACCACACAG_015,73
GAGACAGATCCACCACACAG_016,103
GAGACAGATCCACCACACAG_017,180
GAGACAGATCCACCACACAG_018,147
GAGACAGATCCACCACACAG_019,33
TCGGCTGGGCCAAAGGAACG_001,122
TCGGCTGGGCCAAAGGAACG_002,6
TCGGCTGGGCCAAAGGAACG_003,145
TCGGCTGGGCCAAAGGAACG_004,148
TCGGCTGGGCCAAAGGAACG_005,4
TGCTGTCCAGCACGTACACG_001,36
TGCTGTCCAGCACGTACACG_002,135
TGCTGTCCAGCACGTACACG_003,94
TGCTGTCCAGCACGTACACG_004,69
TGCTGTCCAGCACGTACACG_005,52
TGCTGTCCAGCACGTACACG_006,150
TGCTGTCCAGCACGTACACG_007,14
TGCTGTCCAGCACGTACACG_008,68
TGCTGTCCAGCACGTACACG_009,2
TGCTGTCCAGCACGTACACG_010,88
TGCTGTCCAGCACGTACACG_011,94
TGCTGTCCAGCACGTACACG_012,80
TGCTGTCCAGCACGTACACG_013,160
TGCTGTCCAGCACGTACACG_014,127
TGCTGTCCAGCACGTACACG_015,49
TGCTGTCCAGCACGTACACG_016,82
TGCTGTCCAGCACGTACACG_017,140
TGCTGTCCAGCACGTACACG_018,62
GATTATCCTGTTCTGCTACG_001,133
GATTATCCTGTTCTGCTACG_002,197
TGGACTAGCACTCAAATATG_001,72
TGGACTAGCACTCAAATATG_002,165
TGGACTAGCACTCAAATATG_003,141
TGGACTAGCACTCAAATATG_004,48
TGGACTAGCACTCAAATATG_005,198
TGGACTAGCACTCAAATATG_006,17
TGGACTAGCACTCAAATATG_007,125
TGGACTAGCACTCAAATATG_008,197
TGGACTAGCACTCAAATATG_009,113
TGGACTAGCACTCAAATATG_010,119
TGGACTAGCACTCAAATATG_011,62
TGGACTAGCACTCAAATATG_012,184
CTGCACGAAATAAAGCTCCT_001,10
CTGCACGAAATAAAGCTCCT_002,43
CTGCACGAAATAAAGCTCCT_003,50
CTGCACGAAATAAAGCTCCT_004,118
CTGCACGAAATAAAGCTCCT_005,195
CTGCACGAAATAAAGCTCCT_006,150
CTGCACGAAATAAAGCTCCT_007,124
GGTCCAGGCTTGCAGACACG_001,112
GGTCCAGGCTTGCAGACACG_002,149
GGTCCAGGCTTGCAGACACG_003,60
GGTCCAGGCTTGCAGACACG_004,133
GGTCCAGGCTTGCAGACACG_005,88
GGTCCAGGCTTGCAGACACG_006,151
GGTCCAGGCTTGCAGACACG_007,25
GGTCCAGGCTTGCAGACACG_008,37
GGTCCAGGCTTGCAGACACG_009,125
GGTCCAGGCTTGCAGACACG_010,166
GGTCCAGGCTTGCAGACACG_011,138
GGTCCAGGCTTGCAGACACG_012,123
CGGACGGCGGAATTGCAGTG_001,169
CGGACGGCGGAATTGCAGTG_002,151
CGGACGGCGGAATTGCAGTG_003,125
CGGACGGCGGAATTGCAGTG_004,55
CGGACGGCGGAATTGCAGTG_005,45
CGGACGGCGGAATTGCAGTG_006,163
CGGACGGCGGAATTGCAGTG_007,172
CGGACGGCGGAATTGCAGTG_008,84
TTGTGCACGCAACGTATGGT_001,127
TTGTGCACGCAACGTATGGT_002,17
TTGTGCACGCAACGTATGGT_003,94
TTGTGCACGCAACGTATGGT_004,85
TTGTGCACGCAACGTATGGT_005,69
TTGTGCACGCAACGTATGGT_006,94
TTGTGCACGCAACGTATGGT_007,161
TTGTGCACGCAACGTATGGT_008,130
TTGTGCACGCAACGTATGGT_009,4
TTGTGCACGCAACGTATGGT_010,141
TTGTGCACGCAACGTATGGT_011,33
TTGTGCACGCAACGTATGGT_012,62
TTGTGCACGCAACGTATGGT_013,29
TTGTGCACGCAACGTATGGT_014,166
TTGTGCACGCAACGTATGGT_015,148
TTGTGCACGCAACGTATGGT_016,66
CGTCCCCTGTGAATCCAACG_001,199
CGTCCCCTGTGAATCCAACG_002,98
CGTCCCCTGTGAATCCAACG_003,69
AGTCTGCAAGCGCGTAGCTG_001,161
AGTCTGCAAGCGCGTAGCTG_002,161
AGTCTGCAAGCGCGTAGCTG_003,29
AGTCTGCAAGCGCGTAGCTG_004,179
AGTCTGCAAGCGCGTAGCTG_005,85
GAGGCTTGGAATCCGCATGT_001,8
GAGGCTTGGAATCCGCATGT_002,117
GAGGCTTGGAATCCGCATGT_003,126
GAGGCTTGGAATCCGCATGT_004,79
GAGGCTTGGAATCCGCATGT_005,135
GAGGCTTGGAATCCGCATGT_006,129
GAGGCTTGGAATCCGCATGT_007,149
GAGGCTTGGAATCCGCATGT_008,70
GAGGCTTGGAATCCGCATGT_009,76
GCAGCCACCGGCGATCCCCG_001,105
GCAGCCACCGGCGATCCCCG_002,6
GCAGCCACCGGCGATCCCCG_003,83
GCAGCCACCGGCGATCCCCG_004,94
GCAGCCACCGGCGATCCCCG_005,113
GCAGCCACCGGCGATCCCCG_006,154
GCAGCCACCGGCGATCCCCG_007,129
GCAGCCACCGGCGATCCCCG_008,159
GCAGCCACCGGCGATCCCCG_009,172
GCAGCCACCGGCGATCCCCG_010,138
GCAGCCACCGGCGATCCCCG_011,37
ACCATTCTCAGGGAACATTG_001,54
ACCATTCTCAGGGAACATTG_002,144
ACCATTCTCAGGGAACATTG_003,120
ACCATTCTCAGGGAACATTG_004,82
ACCATTCTCAGGGAACATTG_005,96
ACCATTCTCAGGGAACATTG_006,125
ACCATTCTCAGGGAACATTG_007,162
ACCATTCTCAGGGAACATTG_008,91
ACCATTCTCAGGGAACATTG_009,1
ACCATTCTCAGGGAACATTG_010,175
ACCATTCTCAGGGAACATTG_011,104
ACCATTCTCAGGGAACATTG_012,57
ACCATTCTCAGGGAACATTG_013,166
ACCATTCTCAGGGAACATTG_014,88
ACCATTCTCAGGGAACATTG_015,197
ACCATTCTCAGGGAACATTG_016,145
CTGCACTGAAATCACGCCTG_001,128
CTGCACTGAAATCACGCCTG_002,113
CTGCACTGAAATCACGCCTG_003,15
CTGCACTGAAATCACGCCTG_004,8
CTGCACTGAAATCACGCCTG_005,170
CTGCACTGAAATCACGCCTG_006,62
CTGCACTGAAATCACGCCTG_007,115
CTGCACTGAAATCACGCCTG_008,52
CTGCACTGAAATCACGCCTG_009,15
CTGCACTGAAATCACGCCTG_010,174
CTGCACTGAAATCACGCCTG_011,113
CTGCACTGAAATCACGCCTG_012,84
CTGCACTGAAATCACGCCTG_013,9
CTGCACTGAAATCACGCCTG_014,92
CTGCACTGAAATCACGCCTG_015,53
CTGCACTGAAATCACGCCTG_016,40
CTGCACTGAAATCACGCCTG_017,185
GCTACCTGAAAGATGCAATG_001,107
GCTACCTGAAAGATGCAATG_002,173
GCTACCTGAAAGATGCAATG_003,143
GCTACCTGAAAGATGCAATG_004,143
GCTACCTGAAAGATGCAATG_005,143
GCTACCTGAAAGATGCAATG_006,145
GCTACCTGAAAGATGCAATG_007,165
GCTACCTGAAAGATGCAATG_008,85
GCTACCTGAAAGATGCAATG_009,149
GCTACCTGAAAGATGCAATG_010,113
TTCAGAAGCACCCTTCAGAG_001,40
TTCAGAAGCACCCTTCAGAG_002,2
TTCAGAAGCACCCTTCAGAG_003,150
TTCAGAAGCACCCTTCAGAG_004,55
TTCAGAAGCACCCTTCAGAG_005,28
TTCAGAAGCACCCTTCAGAG_006,50
TTCAGAAGCACCCTTCAGAG_007,29
CCGGCTCGGGGAAACCTCAG_001,15
CCGGCTCGGGGAAACCTCAG_002,188
CCGGCTCGGGGAAACCTCAG_003,115
CCGGCTCGGGGAAACCTCAG_004,2
CCGGCTCGGGGAAACCTCAG_005,121
CCGGCTCGGGGAAACCTCAG_006,128
CCGGCTCGGGGAAACCTCAG_007,76
CCGGCTCGGGGAAACCTCAG_008,148
CCGGCTCGGGGAAACCTCAG_009,149
CCGGCTCGGGGAAACCTCAG_010,172
CCGGCTCGGGGAAACCTCAG_011,124
CCGGCTCGGGGAAACCTCAG_012,51
CCGGCTCGGGGAAACCTCAG_013,144
ATGAACTTCCGTCAGCGGAT_001,68
ATGAACTTCCGTCAGCGGAT_002,18
ATGAACTTCCGTCAGCGGAT_003,158
ATGAACTTCCGTCAGCGGAT_004,117
ATGAACTTCCGTCAGCGGAT_005,9
ATGAACTTCCGTCAGCGGAT_006,184
ATGAACTTCCGTCAGCGGAT_007,11
ATGAACTTCCGTCAGCGGAT_008,144
ATGAACTTCCGTCAGCGGAT_009,1
AGCTTCCCGCTGGATCACTT_001,49
AGCTTCCCGCTGGATCACTT_002,151
AGCTTCCCGCTGGATCACTT_003,178
AGCTTCCCGCTGGATCACTT_004,178
AGCTTCCCGCTGGATCACTT_005,177
AGCTTCCCGCTGGATCACTT_006,15
AGCTTCCCGCTGGATCACTT_007,158
AGCTTCCCGCTGGATCACTT_008,48
AGCTTCCCGCTGGATCACTT_009,83
AGCTTCCCGCTGGATCACTT_010,47
AGCTTCCCGCTGGATCACTT_011,47
AGCTTCCCGCTGGATCACTT_012,15
AGCTTCCCGCTGGATCACTT_013,191
CATTCCAACAAAGAACGCGT_001,132
CATTCCAACAAAGAACGCGT_002,49
CATTCCAACAAAGAACGCGT_003,77
CATTCCAACAAAGAACGCGT_004,45
CATTCCAACAAAGAACGCGT_005,52
CATTCCAACAAAGAACGCGT_006,158
CATTCCAACAAAGAACGCGT_007,67
CATTCCAACAAAGAACGCGT_008,49
CATTCCAACAAAGAACGCGT_009,61
CATTCCAACAAAGAACGCGT_010,199
CATTCCAACAAAGAACGCGT_011,4
CATTCCAACAAAGAACGCGT_012,191
CATTCCAACAAAGAACGCGT_013,74
CATTCCAACAAAGAACGCGT_014,145
CATTCCAACAAAGAACGCGT_015,62
CATTCCAACAAAGAACGCGT_016,138
TGCGAGTAACAGAACCAGGG_001,70
TGCGAGTAACAGAACCAGGG_002,41
TGCGAGTAACAGAACCAGGG_003,76
TGCGAGTAACAGAACCAGGG_004,195
TGCGAGTAACAGAACCAGGG_005,155
TGCGAGTAACAGAACCAGGG_006,174
TGCGAGTAACAGAACCAGGG_007,130
AGTACATGATTGGGCGTCTG_001,161
AGTACATGATTGGGCGTCTG_002,138
TCGCACCTGTACCCACGGCG_001,169
TCGCACCTGTACCCACGGCG_002,178
TCGCACCTGTACCCACGGCG_003,70
TCGCACCTGTACCCACGGCG_004,190
TCGCACCTGTACCCACGGCG_005,185
TCGCACCTGTACCCACGGCG_006,181
TCGCACCTGTACCCACGGCG_007,53
TCGCACCTGTACCCACGGCG_008,168
TCGCACCTGTACCCACGGCG_009,96
TCGCACCTGTACCCACGGCG_010,56
TCGCACCTGTACCCACGGCG_011,195
TCGCACCTGTACCCACGGCG_012,55
TCGCACCTGTACCCACGGCG_013,93
TCGCACCTGTACCCACGGCG_014,74
TCGCACCTGTACCCACGGCG_015,190
TCGCACCTGTACCCACGGCG_016,147
TCGCACCTGTACCCACGGCG_017,107
TCGCACCTGTACCCACGGCG_018,168
TCGCACCTGTACCCACGGCG_019,43
TCGCACCTGTACCCACGGCG_020,77
TCGCACCTGTACCCACGGCG_021,19
TCGCACCTGTACCCACGGCG_022,133
TCGCACCTGTACCCACGGCG_023,19
TCGCACCTGTACCCACGGCG_024,70
TCGCACCTGTACCCACGGCG_025,45
TCGCACCTGTACCCACGGCG_026,56
TCGCACCTGTACCCACGGCG_027,166
TCGCACCTGTACCCACGGCG_028,9
TCGCACCTGTACCCACGGCG_029,184
TCGCACCTGTACCCACGGCG_030,46
TCGCACCTGTACCCACGGCG_031,177
TCGCACCTGTACCCACGGCG_032,84
TCGCACCTGTACCCACGGCG_033,188
TCGCACCTGTACCCACGGCG_034,87
TCGCACCTGTACCCACGGCG_035,198
TCGCACCTGTACCCACGGCG_036,94
GCCTGTTGGAGACCAGCTGT_001,174
GCCTGTTGGAGACCAGCTGT_002,82
GCCTGTTGGAGACCAGCTGT_003,132
GCCTGTTGGAGACCAGCTGT_004,127
GCCTGTTGGAGACCAGCTGT_005,147
GCCTGTTGGAGACCAGCTGT_006,98
GCCTGTTGGAGACCAGCTGT_007,113
GCCTGTTGGAGACCAGCTGT_008,41
GCCTGTTGGAGACCAGCTGT_009,14
GCCTGTTGGAGACCAGCTGT_010,69
GCCTGTTGGAGACCAGCTGT_011,39
TACTGGCCACAATGGAAACA_001,117
TACTGGCCACAATGGAAACA_002,32
TACTGGCCACAATGGAAACA_003,141
TACTGGCCACAATGGAAACA_004,1
TACTGGCCACAATGGAAACA_005,61
TACTGGCCACAATGGAAACA_006,46
TACTGGCCACAATGGAAACA_007,94
TACTGGCCACAATGGAAACA_008,177
TACTGGCCACAATGGAAACA_009,174
TACTGGCCACAATGGAAACA_010,149
TACTGGCCACAATGGAAACA_011,0
TACTGGCCACAATGGAAACA_012,179
TACTGGCCACAATGGAAACA_013,27
TACTGGCCACAATGGAAACA_014,160
TCAGTTCATTCCAGGCCGTG_001,84
TCAGTTCATTCCAGGCCGTG_002,183
TCAGTTCATTCCAGGCCGTG_003,83
TCAGTTCATTCCAGGCCGTG_004,145
TCAGTTCATTCCAGGCCGTG_005,192
TCGTCTGGTCCCCATACAGA_001,55
TCGTCTGGTCCCCATACAGA_002,112
TCGTCTGGTCCCCATACAGA_003,25
TCGTCTGGTCCCCATACAGA_004,176
GAAGGTGCGACATCACAGTG_001,106
GAAGGTGCGACATCACAGTG_002,189
GAAGGTGCGACATCACAGTG_003,70
GAAGGTGCGACATCACAGTG_004,91
GAAGGTGCGACATCACAGTG_005,73
GAAGGTGCGACATCACAGTG_006,55
GAAGGTGCGACATCACAGTG_007,150
GAAGGTGCGACATCACAGTG_008,82
GAAGGTGCGACATCACAGTG_009,9
GAAGGTGCGACATCACAGTG_010,168
GAAGGTGCGACATCACAGTG_011,194
GAAGGTGCGACATCACAGTG_012,123
GAAGGTGCGACATCACAGTG_013,152
ACGGGGAACCTGCTGAACTG_001,137
ACGGGGAACCTGCTGAACTG_002,115
ACGGGGAACCTGCTGAACTG_003,12
ACGGGGAACCTGCTGAACTG_004,80
ACGGGGAACCTGCTGAACTG_005,17
ACGGGGAACCTGCTGAACTG_006,78
ACGGGGAACCTGCTGAACTG_007,166
ACGGGGAACCTGCTGAACTG_008,108
ACGGGGAACCTGCTGAACTG_009,175
ACGGGGAACCTGCTGAACTG_010,166
ACGGGGAACCTGCTGAACTG_011,98
ACGGGGAACCTGCTGAACTG_012,127
ACGGGGAACCTGCTGAACTG_013,175
ACGGGGAACCTGCTGAACTG_014,34
ACGGGGAACCTGCTGAACTG_015,50
ACGGGGAACCTGCTGAACTG_016,49
ACGGGGAACCTGCTGAACTG_017,138
ACGGGGAACCTGCTGAACTG_018,148
ACGGGGAACCTGCTGAACTG_019,37
ACGGGGAACCTGCTGAACTG_020,160
GGCACCTTGAACTTTGGCAT_001,14
GGCACCTTGAACTTTGGCAT_002,104
GGCACCTTGAACTTTGGCAT_003,41
GGCACCTTGAACTTTGGCAT_004,102
GGCACCTTGAACTTTGGCAT_005,36
GGCACCTTGAACTTTGGCAT_006,64
GGCACCTTGAACTTTGGCAT_007,156
GGCACCTTGAACTTTGGCAT_008,10
GGCACCTTGAACTTTGGCAT_009,99
GGCACCTTGAACTTTGGCAT_010,99
GGCACCTTGAACTTTGGCAT_011,81
GGCACCTTGAACTTTGGCAT_012,34
GGCACCTTGAACTTTGGCAT_013,28
TGCATATGTGACGTTGACAA_001,137
TGCATATGTGACGTTGACAA_002,116
TGCATATGTGACGTTGACAA_003,185
TGCATATGTGACGTTGACAA_004,88
TGCATATGTGACGTTGACAA_005,42
TGCATATGTGACGTTGACAA_006,82
GCTGCGCTGGACTTTGTCTA_001,94
GCTGCGCTGGACTTTGTCTA_002,103
GCTGCGCTGGACTTTGTCTA_003,188
GCTGCGCTGGACTTTGTCTA_004,69
GCTGCGCTGGACTTTGTCTA_005,107
GCTGCGCTGGACTTTGTCTA_006,172
GCTCATCCTTAATTAGAGGG_001,121
GCTCATCCTTAATTAGAGGG_002,67
GCTCATCCTTAATTAGAGGG_003,48
GCTCATCCTTAATTAGAGGG_004,199
GCTCATCCTTAATTAGAGGG_005,19
GCTCATCCTTAATTAGAGGG_006,27
GCTCATCCTTAATTAGAGGG_007,176
GCTCATCCTTAATTAGAGGG_008,170
AGTGGGTACCACGCAAGCTG_001,72
AGTGGGTACCACGCAAGCTG_002,60
AGTGGGTACCACGCAAGCTG_003,190
AGTGGGTACCACGCAAGCTG_004,15
AGTGGGTACCACGCAAGCTG_005,169
AGTGGGTACCACGCAAGCTG_006,119
AGTGGGTACCACGCAAGCTG_007,150
AGTGGGTACCACGCAAGCTG_008,58
AGTGGGTACCACGCAAGCTG_009,8
AGTGGGTACCACGCAAGCTG_010,74
AGTGGGTACCACGCAAGCTG_011,160
AGTGGGTACCACGCAAGCTG_012,167
AGTGGGTACCACGCAAGCTG_013,38
AGTGGGTACCACGCAAGCTG_014,156
AGTGGGTACCACGCAAGCTG_015,40
AGTGGGTACCACGCAAGCTG_016,177
AGTGGGTACCACGCAAGCTG_017,124
AGTGGGTACCACGCAAGCTG_018,97
AGTGGGTACCACGCAAGCTG_019,150
AGTGGGTACCACGCAAGCTG_020,20
AGTGGGTACCACGCAAGCTG_021,119
CTGTCCAAGGATCACAGTCA_001,110
CTGTCCAAGGATCACAGTCA_002,152
GGACCACGTTGTCGTACATG_001,121
GGACCACGTTGTCGTACATG_002,38
GGACCACGTTGTCGTACATG_003,153
GGACCACGTTGTCGTACATG_004,89
GGACCACGTTGTCGTACATG_005,1
GGACCACGTTGTCGTACATG_006,8
TACTTCCAACAATATTTACG_001,174
GCTCACCTTGCCAATTAGGG_001,1
GCTCACCTTGCCAATTAGGG_002,128
GCTCACCTTGCCAATTAGGG_003,82
GCTCACCTTGCCAATTAGGG_004,5
GCTCACCTTGCCAATTAGGG_005,48
GCTCACCTTGCCAATTAGGG_006,76
GCTCACCTTGCCAATTAGGG_007,33
GCTCACCTTGCCAATTAGGG_008,91
GCTCACCTTGCCAATTAGGG_009,68
GCTCACCTTGCCAATTAGGG_010,174
GCTCACCTTGCCAATTAGGG_011,197
GCTCACCTTGCCAATTAGGG_012,0
GCTCACCTTGCCAATTAGGG_013,68
GGCAGGTACCTGGTTCGCTG_001,155
GGCAGGTACCTGGTTCGCTG_002,198
GGCAGGTACCTGGTTCGCTG_003,78
GGCAGGTACCTGGTTCGCTG_004,32
GGCAGGTACCTGGTTCGCTG_005,57
GGCAGGTACCTGGTTCGCTG_006,33
GGCAGGTACCTGGTTCGCTG_007,162
GGCAGGTACCTGGTTCGCTG_008,124
GGCAGGTACCTGGTTCGCTG_009,2
GGCAGGTACCTGGTTCGCTG_010,124
GGCAGGTACCTGGTTCGCTG_011,44
GGCAGGTACCTGGTTCGCTG_012,22
GGCAGGTACCTGGTTCGCTG_013,183
GGCAGGTACCTGGTTCGCTG_014,149
GGCAGGTACCTGGTTCGCTG_015,35
GGCAGGTACCTGGTTCGCTG_016,96
GGCAGGTACCTGGTTCGCTG_017,4
CAATGACAAAAATAATAGCT_001,149
CAATGACAAAAATAATAGCT_002,90
GCTTCGGAAAAAGTTGCCTG_001,38
GCTTCGGAAAAAGTTGCCTG_002,188
GCTTCGGAAAAAGTTGCCTG_003,149
GCTTCGGAAAAAGTTGCCTG_004,198
GCTTCGGAAAAAGTTGCCTG_005,77
GCTTCGGAAAAAGTTGCCTG_006,146
GCTTCGGAAAAAGTTGCCTG_007,181
GCTTCGGAAAAAGTTGCCTG_008,53
GCTTCGGAAAAAGTTGCCTG_009,32
GCTTCGGAAAAAGTTGCCTG_010,19
GCTTCGGAAAAAGTTGCCTG_011,126
GCTTCGGAAAAAGTTGCCTG_012,184
GCTTCGGAAAAAGTTGCCTG_013,89
GCTTCGGAAAAAGTTGCCTG_014,139
GCTTCGGAAAAAGTTGCCTG_015,179
GCTTCGGAAAAAGTTGCCTG_016,88
GCTTCGGAAAAAGTTGCCTG_017,16
GCTTCGGAAAAAGTTGCCTG_018,123
GCTTCGGAAAAAGTTGCCTG_019,184
GCTTCGGAAAAAGTTGCCTG_020,63
GCTTCGGAAAAAGTTGCCTG_021,65
GCTTCGGAAAAAGTTGCCTG_022,177
GCTTCGGAAAAAGTTGCCTG_023,184
GCTTCGGAAAAAGTTGCCTG_024,154
GCTTCGGAAAAAGTTGCCTG_025,18
GCTTCGGAAAAAGTTGCCTG_026,16
GCTTCGGAAAAAGTTGCCTG_027,150
GCTTCGGAAAAAGTTGCCTG_028,115
GCTTCGGAAAAAGTTGCCTG_029,26
CTGACAGGTAGACTCTCCCT_001,176
CTGACAGGTAGACTCTCCCT_002,17
CTGACAGGTAGACTCTCCCT_003,21
CTGACAGGTAGACTCTCCCT_004,24
CTGACAGGTAGACTCTCCCT_005,114
CTGACAGGTAGACTCTCCCT_006,76
CTGACAGGTAGACTCTCCCT_007,199
CTGACAGGTAGACTCTCCCT_008,3
CTGACAGGTAGACTCTCCCT_009,66
CCACGTTGGTCTCACATCGA_001,96
CCACGTTGGTCTCACATCGA_002,96
CCACGTTGGTCTCACATCGA_003,9
CCACGTTGGTCTCACATCGA_004,17
CCACGTTGGTCTCACATCGA_005,84
CCACGTTGGTCTCACATCGA_006,150
CCACGTTGGTCTCACATCGA_007,24
CCACGTTGGTCTCACATCGA_008,75
CCACGTTGGTCTCACATCGA_009,115
CCACGTTGGTCTCACATCGA_010,185
CCACGTTGGTCTCACATCGA_011,186
CCACGTTGGTCTCACATCGA_012,105
CCACGTTGGTCTCACATCGA_013,30
CCACGTTGGTCTCACATCGA_014,106
CCACGTTGGTCTCACATCGA_015,84
CCACGTTGGTCTCACATCGA_016,142
CCACGTTGGTCTCACATCGA_017,28
CCACGTTGGTCTCACATCGA_018,138
CCACGTTGGTCTCACATCGA_019,138
CCACGTTGGTCTCACATCGA_020,36
CCACGTTGGTCTCACATCGA_021,15
CCACGTTGGTCTCACATCGA_022,123
GCCGCAGAAGTATCTCCGAA_001,175
CAGCGTATCATTCAATGCTG_001,132
CAGCGTATCATTCAATGCTG_002,133
GCCAGCAGGACGACTCCATG_001,88
GCCAGCAGGACGACTCCATG_002,1
GCCAGCAGGACGACTCCATG_003,17
GCCAGCAGGACGACTCCATG_004,1
GCCAGCAGGACGACTCCATG_005,2
GCCAGCAGGACGACTCCATG_006,183
GCCAGCAGGACGACTCCATG_007,160
GCCAGCAGGACGACTCCATG_008,14
GCCAGCAGGACGACTCCATG_009,15
GCCAGCAGGACGACTCCATG_010,114
GCCAGCAGGACGACTCCATG_011,114
GCCAGCAGGACGACTCCATG_012,149
GCCAGCAGGACGACTCCATG_013,116
GCCAGCAGGACGACTCCATG_014,161
GCCAGCAGGACGACTCCATG_015,50
GCCAGCAGGACGACTCCATG_016,137
GCCAGCAGGACGACTCCATG_017,142
GCCAGCAGGACGACTCCATG_018,132
GCCAGCAGGACGACTCCATG_019,62
GCCAGCAGGACGACTCCATG_020,158
GCCAGCAGGACGACTCCATG_021,94
GCCAGCAGGACGACTCCATG_022,49
GCCAGCAGGACGACTCCATG_023,105
GCCAGCAGGACGACTCCATG_024,36
GCCAGCAGGACGACTCCATG_025,192
GCCAGCAGGACGACTCCATG_026,185
GCCAGCAGGACGACTCCATG_027,105
GCCAGCAGGACGACTCCATG_028,11
GCCAGCAGGACGACTCCATG_029,127
GCCAGCAGGACGACTCCATG_030,49
GCCAGCAGGACGACTCCATG_031,1
GCCAGCAGGACGACTCCATG_032,52
GCCAGCAGGACGACTCCATG_033,10
GCCAGCAGGACGACTCCATG_034,14
GCCAGCAGGACGACTCCATG_035,103
GCCAGCAGGACGACTCCATG_036,162
GCCAGCAGGACGACTCCATG_037,19
GCCAGCAGGACGACTCCATG_038,131
GCCAGCAGGACGACTCCATG_039,133
GCCAGCAGGACGACTCCATG_040,187
TGTTGTGTATCTTCACTCTG_001,190
TCAATTCGACAAATAGTACA_001,49
TCAATTCGACAAATAGTACA_002,50
ACACAGACGATGAATCAGGG_001,27
ACACAGACGATGAATCAGGG_002,148
ACACAGACGATGAATCAGGG_003,15
ACACAGACGATGAATCAGGG_004,18
ACACAGACGATGAATCAGGG_005,66
ACACAGACGATGAATCAGGG_006,101
ACACAGACGATGAATCAGGG_007,190
ACACAGACGATGAATCAGGG_008,60
ACACAGACGATGAATCAGGG_009,150
ACACAGACGATGAATCAGGG_010,46
ACACAGACGATGAATCAGGG_011,47
ACACAGACGATGAATCAGGG_012,62
ACACAGACGATGAATCAGGG_013,82
ACACAGACGATGAATCAGGG_014,11
ACACAGACGATGAATCAGGG_015,82
CTTTGACGAAGCTCACAACG_001,4
CTTTGACGAAGCTCACAACG_002,116
CTTTGACGAAGCTCACAACG_003,119
CTTTGACGAAGCTCACAACG_004,130
CTTTGACGAAGCTCACAACG_005,114
CTTTGACGAAGCTCACAACG_006,160
CTTTGACGAAGCTCACAACG_007,174
CTTTGACGAAGCTCACAACG_008,28
CTTTGACGAAGCTCACAACG_009,154
CTTTGACGAAGCTCACAACG_010,41
CTTTGACGAAGCTCACAACG_011,126
CTTTGACGAAGCTCACAACG_012,116
TGTCATCAGCCGTGTCACTG_001,106
TGTCATCAGCCGTGTCACTG_002,63
TGTCATCAGCCGTGTCACTG_003,141
TGTCATCAGCCGTGTCACTG_004,76
TGTCATCAGCCGTGTCACTG_005,169
TGTCATCAGCCGTGTCACTG_006,194
TGTCATCAGCCGTGTCACTG_007,36
TGTCATCAGCCGTGTCACTG_008,58
TGTCATCAGCCGTGTCACTG_009,52
TGGTTCCAAACATACTGCCA_001,5
TGGTTCCAAACATACTGCCA_002,88
TGGTTCCAAACATACTGCCA_003,199
TGGTTCCAAACATACTGCCA_004,6
TGGTTCCAAACATACTGCCA_005,124
TGGTTCCAAACATACTGCCA_006,1
TGGTTCCAAACATACTGCCA_007,88
TGGTTCCAAACATACTGCCA_008,6
TGGTTCCAAACATACTGCCA_009,45
GGAGCTGTACGAGCTGGCGC_001,72
GGAGCTGTACGAGCTGGCGC_002,165
TATTATGTGACTCGACGAGA_001,35
TATTATGTGACTCGACGAGA_002,141
TATTATGTGACTCGACGAGA_003,198
TATTATGTGACTCGACGAGA_004,184
TATTATGTGACTCGACGAGA_005,176
TATTATGTGACTCGACGAGA_006,2
TATTATGTGACTCGACGAGA_007,160
AACTGGCCATCATTCAAGAG_001,177
AACTGGCCATCATTCAAGAG_002,1
AACTGGCCATCATTCAAGAG_003,168
AACTGGCCATCATTCAAGAG_004,165
AACTGGCCATCATTCAAGAG_005,129
AACTGGCCATCATTCAAGAG_006,170
AACTGGCCATCATTCAAGAG_007,39
AACTGGCCATCATTCAAGAG_008,106
AACTGGCCATCATTCAAGAG_009,26
AACTGGCCATCATTCAAGAG_010,61
CCAGCCTTACTAAATCCTTG_001,61
CCAGCCTTACTAAATCCTTG_002,199
CCAGCCTTACTAAATCCTTG_003,129
CCAGCCTTACTAAATCCTTG_004,142
TCCAGAGAAAGTGAAGTACG_001,85
TCCAGAGAAAGTGAAGTACG_002,145
TCCAGAGAAAGTGAAGTACG_003,81
TCCAGAGAAAGTGAAGTACG_004,169
TCCAGAGAAAGTGAAGTACG_005,175
GAAACCCACCCCCTAACGTG_001,40
GAAACCCACCCCCTAACGTG_002,27
GAAACCCACCCCCTAACGTG_003,4
GAAACCCACCCCCTAACGTG_004,50
GAAACCCACCCCCTAACGTG_005,54
GAAACCCACCCCCTAACGTG_006,148
GAAACCCACCCCCTAACGTG_007,14
GAAACCCACCCCCTAACGTG_008,3
GAAACCCACCCCCTAACGTG_009,52
GAAACCCACCCCCTAACGTG_010,90
GAAACCCACCCCCTAACGTG_011,49
GAAACCCACCCCCTAACGTG_012,34
GAAACCCACCCCCTAACGTG_013,50
GAAACCCACCCCCTAACGTG_014,2
GTGTATGAGAGACTGGAGGT_001,81
GTGTATGAGAGACTGGAGGT_002,115
GTGTATGAGAGACTGGAGGT_003,142
GTGTATGAGAGACTGGAGGT_004,112
GTGTATGAGAGACTGGAGGT_005,9
GTGTATGAGAGACTGGAGGT_006,124
GTGTATGAGAGACTGGAGGT_007,9
TCAGCCATTTCAATCAACAA_001,115
TCAGCCATTTCAATCAACAA_002,83
TCAGCCATTTCAATCAACAA_003,146
TCAGCCATTTCAATCAACAA_004,188
TCAGCCATTTCAATCAACAA_005,176
ATTATCTCCTGCGAAAACTC_001,84
ATTATCTCCTGCGAAAACTC_002,104
ATTATCTCCTGCGAAAACTC_003,158
ATTATCTCCTGCGAAAACTC_004,124
CCACGAACGAGTGTGCGGCG_001,156
CCACGAACGAGTGTGCGGCG_002,14
CCACGAACGAGTGTGCGGCG_003,174
CCACGAACGAGTGTGCGGCG_004,5
CAGCAACGGTTTCTTCATCC_001,130
CAGCAACGGTTTCTTCATCC_002,108
CAGCAACGGTTTCTTCATCC_003,93
GGAATGGGAAAACCCCAACG_001,181
GGAATGGGAAAACCCCAACG_002,107
GGAATGGGAAAACCCCAACG_003,96
GGAATGGGAAAACCCCAACG_004,62
GGAATGGGAAAACCCCAACG_005,38
GGAATGGGAAAACCCCAACG_006,138
AAAGAACATCTGAGCAGCAC_001,135
AAAGAACATCTGAGCAGCAC_002,149
AAAGAACATCTGAGCAGCAC_003,126
GAAGGCATGATCCCAAACAT_001,190
GAAGGCATGATCCCAAACAT_002,58
GAAGGCATGATCCCAAACAT_003,172
AGCAGCGGCAGTGACCTATC_001,22
AGCAGCGGCAGTGACCTATC_002,179
AGCAGCGGCAGTGACCTATC_003,197
AGCAGCGGCAGTGACCTATC_004,124
AGCAGCGGCAGTGACCTATC_005,2
AGCAGCGGCAGTGACCTATC_006,121
TCCCCACAGAGGGCGAACAA_001,8
TCCCCACAGAGGGCGAACAA_002,14
TCCCCACAGAGGGCGAACAA_003,161
AAATTGCAAAAGACTTAACC_001,24
AAATTGCAAAAGACTTAACC_002,35
GAGCATGAGAGTCACACACG_001,86
GAGCATGAGAGTCACACACG_002,15
GAGCATGAGAGTCACACACG_003,130
GAGCATGAGAGTCACACACG_004,72
GAGCATGAGAGTCACACACG_005,16
TGGCAGTGATTCTGACAGTG_001,57
TGGCAGTGATTCTGACAGTG_002,129
TGGCAGTGATTCTGACAGTG_003,127
TGGCAGTGATTCTGACAGTG_004,138
TGGCAGTGATTCTGACAGTG_005,179
TGGCAGTGATTCTGACAGTG_006,41
TGGCAGTGATTCTGACAGTG_007,152
TGGCAGTGATTCTGACAGTG_008,116
TGGCAGTGATTCTGACAGTG_009,175
GAGGGTCTCGAACGTATACA_001,109
GAGGGTCTCGAACGTATACA_002,192
GAGGGTCTCGAACGTATACA_003,89
GAGGGTCTCGAACGTATACA_004,174
GAGGGTCTCGAACGTATACA_005,53
GATTGAAGCCCTGAGTAGCA_001,102
GATTGAAGCCCTGAGTAGCA_002,168
GATTGAAGCCCTGAGTAGCA_003,159
GATTGAAGCCCTGAGTAGCA_004,127
GATTGAAGCCCTGAGTAGCA_005,53
AAGTGCTACACGTTCAACTC_001,40
AAGTGCTACACGTTCAACTC_002,141
AAGTGCTACACGTTCAACTC_003,37
AAGTGCTACACGTTCAACTC_004,178
AAGTGCTACACGTTCAACTC_005,136
AAGTGCTACACGTTCAACTC_006,88
GACCTAAGCTGCCAGAAGTG_001,146
GACCTAAGCTGCCAGAAGTG_002,22
GACCTAAGCTGCCAGAAGTG_003,66
GACCTAAGCTGCCAGAAGTG_004,70
GACCTAAGCTGCCAGAAGTG_005,148
GACCTAAGCTGCCAGAAGTG_006,150
GACCTAAGCTGCCAGAAGTG_007,149
GACCTAAGCTGCCAGAAGTG_008,185
GACCTAAGCTGCCAGAAGTG_009,69
GACCTAAGCTGCCAGAAGTG_010,116
GACCTAAGCTGCCAGAAGTG_011,158
GACCTAAGCTGCCAGAAGTG_012,84
GACCTAAGCTGCCAGAAGTG_013,84
GACCTAAGCTGCCAGAAGTG_014,138
GACCTAAGCTGCCAGAAGTG_015,146
GACCTAAGCTGCCAGAAGTG_016,46
GACCTAAGCTGCCAGAAGTG_017,106
GACCTAAGCTGCCAGAAGTG_018,8
GACCTAAGCTGCCAGAAGTG_019,94
GACCTAAGCTGCCAGAAGTG_020,180
GACCTAAGCTGCCAGAAGTG_021,9
GACCTAAGCTGCCAGAAGTG_022,27
TTGTCGGACAGTATAGACCT_001,2
TTGTCGGACAGTATAGACCT_002,158
TTGTCGGACAGTATAGACCT_003,169
TTGTCGGACAGTATAGACCT_004,23
TTGTCGGACAGTATAGACCT_005,77
TTGTCGGACAGTATAGACCT_006,185
TTGTCGGACAGTATAGACCT_007,182
TTGTCGGACAGTATAGACCT_008,84
TTGTCGGACAGTATAGACCT_009,127
TTGTCGGACAGTATAGACCT_010,19
TTGTCGGACAGTATAGACCT_011,62
TTGTCGGACAGTATAGACCT_012,101
TTGTCGGACAGTATAGACCT_013,197
TTGTCGGACAGTATAGACCT_014,41
TTGTCGGACAGTATAGACCT_015,23
TTGTCGGACAGTATAGACCT_016,147
TTGTCGGACAGTATAGACCT_017,167
TTGTCGGACAGTATAGACCT_018,94
CGTTGAAGAACGATCTGGCG_001,47
CGTTGAAGAACGATCTGGCG_002,6
CGTTGAAGAACGATCTGGCG_003,35
CGTTGAAGAACGATCTGGCG_004,77
CGTTGAAGAACGATCTGGCG_005,119
CGTTGAAGAACGATCTGGCG_006,189
CGTTGAAGAACGATCTGGCG_007,141
AACCAGTACTACGTCCACCT_001,38
AACCAGTACTACGTCCACCT_002,38
AACCAGTACTACGTCCACCT_003,44
AACCAGTACTACGTCCACCT_004,153
AACCAGTACTACGTCCACCT_005,59
AACCAGTACTACGTCCACCT_006,102
GTACGTAGAATGTTTCACCC_001,76
AGAAACTGCAACCAACAGTA_001,84
AGAAACTGCAACCAACAGTA_002,160
AGAAACTGCAACCAACAGTA_003,29
AGAAACTGCAACCAACAGTA_004,175
AGAAACTGCAACCAACAGTA_005,198
AGAAACTGCAACCAACAGTA_006,47
AGAAACTGCAACCAACAGTA_007,154
AGAAACTGCAACCAACAGTA_008,35
AGAAACTGCAACCAACAGTA_009,141
AGAAACTGCAACCAACAGTA_010,19
AGAAACTGCAACCAACAGTA_011,26
AGAAACTGCAACCAACAGTA_012,184
TACTGAGCAAAGTCAACTAG_001,29
TACTGAGCAAAGTCAACTAG_002,32
TACTGAGCAAAGTCAACTAG_003,29
TACTGAGCAAAGTCAACTAG_004,30
TACTGAGCAAAGTCAACTAG_005,116
TACTGAGCAAAGTCAACTAG_006,181
TACTGAGCAAAGTCAACTAG_007,63
TACTGAGCAAAGTCAACTAG_008,63
TACTGAGCAAAGTCAACTAG_009,64
ATATTGATGTCGTTAAACAT_001,165
ATATTGATGTCGTTAAACAT_002,33
ATATTGATGTCGTTAAACAT_003,62
TCTGTGCAAACTCCTTCGCA_001,78
TCTGTGCAAACTCCTTCGCA_002,115
TCTGTGCAAACTCCTTCGCA_003,170
TCTGTGCAAACTCCTTCGCA_004,78
TCTGTGCAAACTCCTTCGCA_005,17
TCTGTGCAAACTCCTTCGCA_006,187
TCTGTGCAAACTCCTTCGCA_007,95
TCTGTGCAAACTCCTTCGCA_008,125
TCTGTGCAAACTCCTTCGCA_009,28
TCTGTGCAAACTCCTTCGCA_010,25
TCTGTGCAAACTCCTTCGCA_011,24
AACAGAGGCACAGCTTCAAG_001,198
AACAGAGGCACAGCTTCAAG_002,168
AACAGAGGCACAGCTTCAAG_003,83
AACAGAGGCACAGCTTCAAG_004,192
AACAGAGGCACAGCTTCAAG_005,55
AACAGAGGCACAGCTTCAAG_006,114
AACAGAGGCACAGCTTCAAG_007,184
AACAGAGGCACAGCTTCAAG_008,58
AACAGAGGCACAGCTTCAAG_009,70
AACAGAGGCACAGCTTCAAG_010,12
AACAGAGGCACAGCTTCAAG_011,48
AACAGAGGCACAGCTTCAAG_012,60
AACAGAGGCACAGCTTCAAG_013,160
AACAGAGGCACAGCTTCAAG_014,56
AACAGAGGCACAGCTTCAAG_015,94
AACAGAGGCACAGCTTCAAG_016,29
AACAGAGGCACAGCTTCAAG_017,35
CAGATGTTGAGAGAATGCCA_001,8
CAGATGTTGAGAGAATGCCA_002,81
CAGATGTTGAGAGAATGCCA_003,106
CAGATGTTGAGAGAATGCCA_004,191
CAGATGTTGAGAGAATGCCA_005,183
CAGATGTTGAGAGAATGCCA_006,78
CAGATGTTGAGAGAATGCCA_007,29
CAGATGTTGAGAGAATGCCA_008,50
CAGATGTTGAGAGAATGCCA_009,128
CAGATGTTGAGAGAATGCCA_010,27
CAGATGTTGAGAGAATGCCA_011,46
CAGATGTTGAGAGAATGCCA_012,150
CAGATGTTGAGAGAATGCCA_013,177
CAGATGTTGAGAGAATGCCA_014,130
CAGATGTTGAGAGAATGCCA_015,148
CAGATGTTGAGAGAATGCCA_016,190
CAGATGTTGAGAGAATGCCA_017,65
CAGATGTTGAGAGAATGCCA_018,58
CAGATGTTGAGAGAATGCCA_019,186
CAGATGTTGAGAGAATGCCA_020,90
CAGATGTTGAGAGAATGCCA_021,33
CAGATGTTGAGAGAATGCCA_022,163
CAGATGTTGAGAGAATGCCA_023,116
CACCCAGCCTCAGCTACAGG_001,127
CACCCAGCCTCAGCTACAGG_002,47
CACCCAGCCTCAGCTACAGG_003,178
CACCCAGCCTCAGCTACAGG_004,160
CACCCAGCCTCAGCTACAGG_005,15
CACCCAGCCTCAGCTACAGG_006,95
CACCCAGCCTCAGCTACAGG_007,64
CACCCAGCCTCAGCTACAGG_008,111
CACCCAGCCTCAGCTACAGG_009,47
CACCCAGCCTCAGCTACAGG_010,28
CACCCAGCCTCAGCTACAGG_011,76
CACCCAGCCTCAGCTACAGG_012,128
CAGCAGTTACCCGCATACCA_001,94
CAGCAGTTACCCGCATACCA_002,160
CAGCAGTTACCCGCATACCA_003,96
CAGCAGTTACCCGCATACCA_004,96
CAGCAGTTACCCGCATACCA_005,175
CAGCAGTTACCCGCATACCA_006,25
CGTACAGCGGAAAGAACACC_001,111
TCAGTACCTTCCAGTTACTG_001,110
TCAGTACCTTCCAGTTACTG_002,22
TCAGTACCTTCCAGTTACTG_003,159
TCAGTACCTTCCAGTTACTG_004,17
TCAGTACCTTCCAGTTACTG_005,120
TCAGTACCTTCCAGTTACTG_006,124
TCAGTACCTTCCAGTTACTG_007,129
TCAGTACCTTCCAGTTACTG_008,184
TCAGTACCTTCCAGTTACTG_009,168
AGCCCCGGACCAGAATTCGG_001,18
AGCCCCGGACCAGAATTCGG_002,14
AGCCCCGGACCAGAATTCGG_003,145
AGCCCCGGACCAGAATTCGG_004,113
AGCCCCGGACCAGAATTCGG_005,76
AGCCCCGGACCAGAATTCGG_006,127
CTGGAGTGTGGCAATCTCAC_001,178
CTGGAGTGTGGCAATCTCAC_002,182
CTGGAGTGTGGCAATCTCAC_003,19
CTGGAGTGTGGCAATCTCAC_004,191
CTGGAGTGTGGCAATCTCAC_005,150
CTGGAGTGTGGCAATCTCAC_006,1
CTGGAGTGTGGCAATCTCAC_007,188
CTGGAGTGTGGCAATCTCAC_008,102
AGAAACGAACGCCATTCATG_001,1
AGAAACGAACGCCATTCATG_002,180
AGAAACGAACGCCATTCATG_003,27
AGAAACGAACGCCATTCATG_004,0
AGAAACGAACGCCATTCATG_005,160
TCTCCTCCTTGACACTAGGT_001,26
GGGCGGCAAAGTGCGAGCAA_001,36
GGGCGGCAAAGTGCGAGCAA_002,14
GGGCGGCAAAGTGCGAGCAA_003,121
GGGCGGCAAAGTGCGAGCAA_004,102
GGGCGGCAAAGTGCGAGCAA_005,188
GGGCGGCAAAGTGCGAGCAA_006,187
GGGCGGCAAAGTGCGAGCAA_007,80
GGGCGGCAAAGTGCGAGCAA_008,199
GGGCGGCAAAGTGCGAGCAA_009,65
ATACCTTTAAAACATAGAGT_001,122
ATACCTTTAAAACATAGAGT_002,150
ATACCTTTAAAACATAGAGT_003,49
ATACCTTTAAAACATAGAGT_004,49
ATACCTTTAAAACATAGAGT_005,6
ATACCTTTAAAACATAGAGT_006,77
ATACCTTTAAAACATAGAGT_007,13
ATACCTTTAAAACATAGAGT_008,12
ATACCTTTAAAACATAGAGT_009,98
ATACCTTTAAAACATAGAGT_010,113
ATACCTTTAAAACATAGAGT_011,48
ATACCTTTAAAACATAGAGT_012,8
ATACCTTTAAAACATAGAGT_013,131
TCATGGCGATAAAACACATG_001,160
TGGGAACTTGACTTACATCG_001,84
TGGGAACTTGACTTACATCG_002,52
TGGGAACTTGACTTACATCG_003,56
TGGGAACTTGACTTACATCG_004,152
TGGGAACTTGACTTACATCG_005,142
ATGCTGCGACTTTGCTAACA_001,3
ATGCTGCGACTTTGCTAACA_002,89
ATGCTGCGACTTTGCTAACA_003,141
ATGCTGCGACTTTGCTAACA_004,15
ATGCTGCGACTTTGCTAACA_005,134
ATGCTGCGACTTTGCTAACA_006,11
CGCCATGGAGACATACTACG_001,5
CGCCATGGAGACATACTACG_002,52
ACAGATACTCTACTATAGGT_001,191
AGTAAGAAATATGCTCCCAC_001,76
AGTAAGAAATATGCTCCCAC_002,103
AGTAAGAAATATGCTCCCAC_003,104
AGTAAGAAATATGCTCCCAC_004,94
AGTAAGAAATATGCTCCCAC_005,52
GGACACTTTGGTGATGGGCA_001,157
GGACACTTTGGTGATGGGCA_002,146
GGACACTTTGGTGATGGGCA_003,140
GGACACTTTGGTGATGGGCA_004,94
GGACACTTTGGTGATGGGCA_005,105
GGACACTTTGGTGATGGGCA_006,61
GGACACTTTGGTGATGGGCA_007,198
GGACACTTTGGTGATGGGCA_008,88
GGACACTTTGGTGATGGGCA_009,81
GAGCTGCCTCAACAAAGCTG_001,2
GAGCTGCCTCAACAAAGCTG_002,191
GAGCTGCCTCAACAAAGCTG_003,191
GAGCTGCCTCAACAAAGCTG_004,101
GAGCTGCCTCAACAAAGCTG_005,148
GAGCTGCCTCAACAAAGCTG_006,70
GAGCTGCCTCAACAAAGCTG_007,28
GAGCTGCCTCAACAAAGCTG_008,116
GAGCTGCCTCAACAAAGCTG_009,158
GAGCTGCCTCAACAAAGCTG_010,92
GAGCTGCCTCAACAAAGCTG_011,171
GAGCTGCCTCAACAAAGCTG_012,98
GAGCTGCCTCAACAAAGCTG_013,127
GAGCTGCCTCAACAAAGCTG_014,175
GAGCTGCCTCAACAAAGCTG_015,149
GAGCTGCCTCAACAAAGCTG_016,158
GAGCTGCCTCAACAAAGCTG_017,118
GAGCTGCCTCAACAAAGCTG_018,94
GAGCTGCCTCAACAAAGCTG_019,64
GAGCTGCCTCAACAAAGCTG_020,131
GAGCTGCCTCAACAAAGCTG_021,115
GAGCTGCCTCAACAAAGCTG_022,192
GAGCTGCCTCAACAAAGCTG_023,162
GAGCTGCCTCAACAAAGCTG_024,199
GAGCTGCCTCAACAAAGCTG_025,181
GAGCTGCCTCAACAAAGCTG_026,19
GAGCTGCCTCAACAAAGCTG_027,121
GAGCTGCCTCAACAAAGCTG_028,194
GAGCTGCCTCAACAAAGCTG_029,168
GAGCTGCCTCAACAAAGCTG_030,4
GAGCTGCCTCAACAAAGCTG_031,144
GAGCTGCCTCAACAAAGCTG_032,25
GAGCTGCCTCAACAAAGCTG_033,49
GAGCTGCCTCAACAAAGCTG_034,181
GAGCTGCCTCAACAAAGCTG_035,140
GAGCTGCCTCAACAAAGCTG_036,113
GAGCTGCCTCAACAAAGCTG_037,29
GAGCTGCCTCAACAAAGCTG_038,65
GAGCTGCCTCAACAAAGCTG_039,76
GAGCTGCCTCAACAAAGCTG_040,83
GAGCTGCCTCAACAAAGCTG_041,124
GAGCTGCCTCAACAAAGCTG_042,96
GAGCTGCCTCAACAAAGCTG_043,59
GAGCTGCCTCAACAAAGCTG_044,48
GAGCTGCCTCAACAAAGCTG_045,108
GAGCTGCCTCAACAAAGCTG_046,106
AACAACCAGATTACTCAGAG_001,192
AACAACCAGATTACTCAGAG_002,174
AACAACCAGATTACTCAGAG_003,199
AACAACCAGATTACTCAGAG_004,76
AACAACCAGATTACTCAGAG_005,120
AACAACCAGATTACTCAGAG_006,98
AACAACCAGATTACTCAGAG_007,169
AACAACCAGATTACTCAGAG_008,28
GAGGCCAACGGTCCTGCTGA_001,117
GAGGCCAACGGTCCTGCTGA_002,147
GAGGCCAACGGTCCTGCTGA_003,174
GAGGCCAACGGTCCTGCTGA_004,198
GAGGCCAACGGTCCTGCTGA_005,10
GGCGGCCATGGAGTCGATGT_001,174
GGCGGCCATGGAGTCGATGT_002,16
GGCGGCCATGGAGTCGATGT_003,1
GGCGGCCATGGAGTCGATGT_004,165
GGCGGCCATGGAGTCGATGT_005,69
GGCGGCCATGGAGTCGATGT_006,193
GGCGGCCATGGAGTCGATGT_007,168
TTGTTGAACATGTACAGATG_001,96
TTGTTGAACATGTACAGATG_002,124
TTGTTGAACATGTACAGATG_003,3
TTGTTGAACATGTACAGATG_004,104
GAGATCAGATTGATCATGGG_001,56
GAGATCAGATTGATCATGGG_002,31
GAGATCAGATTGATCATGGG_003,115
GAGATCAGATTGATCATGGG_004,32
GAGATCAGATTGATCATGGG_005,165
GAGATCAGATTGATCATGGG_006,9
GAGATCAGATTGATCATGGG_007,115
GAGATCAGATTGATCATGGG_008,177
GAGATCAGATTGATCATGGG_009,44
GAGATCAGATTGATCATGGG_010,44
GAGATCAGATTGATCATGGG_011,70
GAGATCAGATTGATCATGGG_012,72
GAGATCAGATTGATCATGGG_013,98
GAGATCAGATTGATCATGGG_014,198
GAGATCAGATTGATCATGGG_015,49
GAGATCAGATTGATCATGGG_016,28
GAGATCAGATTGATCATGGG_017,160
GAGATCAGATTGATCATGGG_018,49
GAGATCAGATTGATCATGGG_019,126
GAGATCAGATTGATCATGGG_020,46
GAGATCAGATTGATCATGGG_021,60
GAGATCAGATTGATCATGGG_022,147
GAGATCAGATTGATCATGGG_023,184
GAGATCAGATTGATCATGGG_024,81
AGCTGTGGCAGCGTCAACAG_001,74
AGCTGTGGCAGCGTCAACAG_002,147
AGCTGTGGCAGCGTCAACAG_003,38
AGCTGTGGCAGCGTCAACAG_004,72
AGCTGTGGCAGCGTCAACAG_005,69
AGCTGTGGCAGCGTCAACAG_006,89
AGCTGTGGCAGCGTCAACAG_007,116
AGCTGTGGCAGCGTCAACAG_008,20
ATCAGCTTTCTCATTGACTC_001,169
ATCAGCTTTCTCATTGACTC_002,105
ATCAGCTTTCTCATTGACTC_003,118
ATCAGCTTTCTCATTGACTC_004,77
ATCAGCTTTCTCATTGACTC_005,147
ATCAGCTTTCTCATTGACTC_006,94
ATCAGCTTTCTCATTGACTC_007,106
ATCAGCTTTCTCATTGACTC_008,148
ATCAGCTTTCTCATTGACTC_009,8
ATCAGCTTTCTCATTGACTC_010,139
ATCAGCTTTCTCATTGACTC_011,46
ATCAGCTTTCTCATTGACTC_012,48
ATCAGCTTTCTCATTGACTC_013,136
ATCAGCTTTCTCATTGACTC_014,136
ATCAGCTTTCTCATTGACTC_015,147
CTTGTTGTTTATCAGGCACA_001,148
CTTGTTGTTTATCAGGCACA_002,191
CTTGTTGTTTATCAGGCACA_003,108
CTTGTTGTTTATCAGGCACA_004,176
CTTGTTGTTTATCAGGCACA_005,78
CTTGTTGTTTATCAGGCACA_006,141
CTTGTTGTTTATCAGGCACA_007,130
CTTGTTGTTTATCAGGCACA_008,47
CTTGTTGTTTATCAGGCACA_009,1
GGTAAAACCCCCCGCCAGCG_001,133
GGTAAAACCCCCCGCCAGCG_002,121
GGTAAAACCCCCCGCCAGCG_003,0
GGTAAAACCCCCCGCCAGCG_004,53
GGTAAAACCCCCCGCCAGCG_005,151
GGTAAAACCCCCCGCCAGCG_006,172
GGTAAAACCCCCCGCCAGCG_007,41
GGTAAAACCCCCCGCCAGCG_008,68
GGTAAAACCCCCCGCCAGCG_009,94
GGTAAAACCCCCCGCCAGCG_010,40
GGTAAAACCCCCCGCCAGCG_011,169
GGTAAAACCCCCCGCCAGCG_012,3
GGTAAAACCCCCCGCCAGCG_013,166
GGTAAAACCCCCCGCCAGCG_014,138
GGTAAAACCCCCCGCCAGCG_015,91
GGTAAAACCCCCCGCCAGCG_016,58
GGTAAAACCCCCCGCCAGCG_017,16
AAAATCTACAGACACAGACG_001,84
TGCTGGAGGCAACCCAATGA_001,144
TGCTGGAGGCAACCCAATGA_002,74
TGCTGGAGGCAACCCAATGA_003,101
TGCTGGAGGCAACCCAATGA_004,9
TGCTGGAGGCAACCCAATGA_005,59
TGCTGGAGGCAACCCAATGA_006,72
TGCTGGAGGCAACCCAATGA_007,3
TGCTGGAGGCAACCCAATGA_008,174
TGCTGGAGGCAACCCAATGA_009,150
TGCTGGAGGCAACCCAATGA_010,84
TGCTGGAGGCAACCCAATGA_011,108
TGCTGGAGGCAACCCAATGA_012,81
TGCTGGAGGCAACCCAATGA_013,83
TGCTGGAGGCAACCCAATGA_014,44
TGCTGGAGGCAACCCAATGA_015,196
TGCTGGAGGCAACCCAATGA_016,134
TGCTGGAGGCAACCCAATGA_017,90
TGCTGGAGGCAACCCAATGA_018,46
TGCTGGAGGCAACCCAATGA_019,170
TGCTGGAGGCAACCCAATGA_020,127
TGCTGGAGGCAACCCAATGA_021,182
TGCTGGAGGCAACCCAATGA_022,27
TGCTGGAGGCAACCCAATGA_023,91
TGCTGGAGGCAACCCAATGA_024,17
ACCCCTGCAGAAGAAGATGG_001,83
ACCCCTGCAGAAGAAGATGG_002,85
ACCCCTGCAGAAGAAGATGG_003,51
ACCCCTGCAGAAGAAGATGG_004,15
ACCCCTGCAGAAGAAGATGG_005,137
ACCCCTGCAGAAGAAGATGG_006,160
ACCCCTGCAGAAGAAGATGG_007,58
ACCCCTGCAGAAGAAGATGG_008,152
ACCCCTGCAGAAGAAGATGG_009,118
ACCCCTGCAGAAGAAGATGG_010,72
ACCCCTGCAGAAGAAGATGG_011,145
ACCCCTGCAGAAGAAGATGG_012,129
ACCCCTGCAGAAGAAGATGG_013,129
ACCCCTGCAGAAGAAGATGG_014,113
ACCCCTGCAGAAGAAGATGG_015,60
ACCCCTGCAGAAGAAGATGG_016,17
ACCCCTGCAGAAGAAGATGG_017,119
ACCCCTGCAGAAGAAGATGG_018,63
ACCCCTGCAGAAGAAGATGG_019,138
TCCTCCATCCTGTCACTTCG_001,110
TCCTCCATCCTGTCACTTCG_002,61
TCCTCCATCCTGTCACTTCG_003,166
TCCTCCATCCTGTCACTTCG_004,177
TCCTCCATCCTGTCACTTCG_005,148
TCCTCCATCCTGTCACTTCG_006,196
TCCTCCATCCTGTCACTTCG_007,64
TCCTCCATCCTGTCACTTCG_008,124
TCCTCCATCCTGTCACTTCG_009,144
TATAGTGGGTATAAGTAACA_001,105
TATAGTGGGTATAAGTAACA_002,48
TATAGTGGGTATAAGTAACA_003,29
TATAGTGGGTATAAGTAACA_004,158
TATAGTGGGTATAAGTAACA_005,169
GTGAACTACGCCAAGGACGC_001,102
GTGAACTACGCCAAGGACGC_002,198
GTGAACTACGCCAAGGACGC_003,166
GTGAACTACGCCAAGGACGC_004,32
GTGAACTACGCCAAGGACGC_005,45
GTGAACTACGCCAAGGACGC_006,78
GTGAACTACGCCAAGGACGC_007,67
GTGAACTACGCCAAGGACGC_008,162
GTGAACTACGCCAAGGACGC_009,22
GTGAACTACGCCAAGGACGC_010,89
GTGAACTACGCCAAGGACGC_011,70
GTGAACTACGCCAAGGACGC_012,169
GTGAACTACGCCAAGGACGC_013,8
GTGAACTACGCCAAGGACGC_014,92
GTGAACTACGCCAAGGACGC_015,42
GTGAACTACGCCAAGGACGC_016,159
GTGAACTACGCCAAGGACGC_017,58
GTGAACTACGCCAAGGACGC_018,47
GTGAACTACGCCAAGGACGC_019,7
GTGAACTACGCCAAGGACGC_020,85
GTGAACTACGCCAAGGACGC_021,63
GTGAACTACGCCAAGGACGC_022,172
GTGAACTACGCCAAGGACGC_023,182
GTGAACTACGCCAAGGACGC_024,3
TGACTGTAAGAATTGTGGAG_001,116
TGACTGTAAGAATTGTGGAG_002,41
TGACTGTAAGAATTGTGGAG_003,194
TGACTGTAAGAATTGTGGAG_004,125
TGACTGTAAGAATTGTGGAG_005,76
TGACTGTAAGAATTGTGGAG_006,129
TGACTGTAAGAATTGTGGAG_007,129
GTCCTGCAGCCGGATGCCCG_001,165
GTCCTGCAGCCGGATGCCCG_002,81
GTCCTGCAGCCGGATGCCCG_003,192
GTCCTGCAGCCGGATGCCCG_004,66
GTCCTGCAGCCGGATGCCCG_005,80
ACCACTGACTGTCCGCCTAG_001,172
ACCACTGACTGTCCGCCTAG_002,33
ACCACTGACTGTCCGCCTAG_003,98
ACCACTGACTGTCCGCCTAG_004,72
ACCACTGACTGTCCGCCTAG_005,98
ACCACTGACTGTCCGCCTAG_006,49
ACCACTGACTGTCCGCCTAG_007,182
ATCTCACCAAGAGTCCAGTG_001,118
ATCTCACCAAGAGTCCAGTG_002,58
ATCTCACCAAGAGTCCAGTG_003,163
ATCTCACCAAGAGTCCAGTG_004,194
ATCTCACCAAGAGTCCAGTG_005,69
ATCTCACCAAGAGTCCAGTG_006,113
ATCTCACCAAGAGTCCAGTG_007,160
ATCTCACCAAGAGTCCAGTG_008,123
ATCTCACCAAGAGTCCAGTG_009,137
ATCTCACCAAGAGTCCAGTG_010,192
ATCTCACCAAGAGTCCAGTG_011,92
ATCTCACCAAGAGTCCAGTG_012,68
ATCTCACCAAGAGTCCAGTG_013,127
ATCTCACCAAGAGTCCAGTG_014,13
ATCTCACCAAGAGTCCAGTG_015,94
ATCTCACCAAGAGTCCAGTG_016,150
ATCTCACCAAGAGTCCAGTG_017,187
ATCTCACCAAGAGTCCAGTG_018,148
ATCTCACCAAGAGTCCAGTG_019,91
ATCTCACCAAGAGTCCAGTG_020,26
ATCTCACCAAGAGTCCAGTG_021,175
ATCTCACCAAGAGTCCAGTG_022,91
ATCTCACCAAGAGTCCAGTG_023,65
GAAGGTACAACGGAGCTCAG_001,172
GAAGGTACAACGGAGCTCAG_002,47
GAAGGTACAACGGAGCTCAG_003,188
GAAGGTACAACGGAGCTCAG_004,119
GAAGGTACAACGGAGCTCAG_005,123
GAAGGTACAACGGAGCTCAG_006,4
GAAGGTACAACGGAGCTCAG_007,70
GAAGGTACAACGGAGCTCAG_008,131
GGTCCTACCACCCCACGCAA_001,107
GGTCCTACCACCCCACGCAA_002,84
GGTCCTACCACCCCACGCAA_003,129
GGTCCTACCACCCCACGCAA_004,166
GGTCCTACCACCCCACGCAA_005,157
GGTCCTACCACCCCACGCAA_006,168
GGTCCTACCACCCCACGCAA_007,137
GGTCCTACCACCCCACGCAA_008,175
GGTCCTACCACCCCACGCAA_009,1
GGTCCTACCACCCCACGCAA_010,110
GGTCCTACCACCCCACGCAA_011,40
GGTCCTACCACCCCACGCAA_012,25
GGTCCTACCACCCCACGCAA_013,29
GGTCCTACCACCCCACGCAA_014,175
GGTCCTACCACCCCACGCAA_015,141
GGTCCTACCACCCCACGCAA_016,38
GGTCCTACCACCCCACGCAA_017,181
GGTCCTACCACCCCACGCAA_018,20
GGTCCTACCACCCCACGCAA_019,158
GGTCCTACCACCCCACGCAA_020,98
GGTCCTACCACCCCACGCAA_021,14
GGTCCTACCACCCCACGCAA_022,94
GGTCCTACCACCCCACGCAA_023,1
GGTCCTACCACCCCACGCAA_024,5
GGTCCTACCACCCCACGCAA_025,115
GGTCCTACCACCCCACGCAA_026,127
GGTCCTACCACCCCACGCAA_027,18
GGTCCTACCACCCCACGCAA_028,168
GGTCCTACCACCCCACGCAA_029,84
GGTCCTACCACCCCACGCAA_030,27
GGTCCTACCACCCCACGCAA_031,20
GGTCCTACCACCCCACGCAA_032,168
GGTCCTACCACCCCACGCAA_033,97
GGTCCTACCACCCCACGCAA_034,61
GCTTATGGAGATCATCACTG_001,119
GCTTATGGAGATCATCACTG_002,158
GCTTATGGAGATCATCACTG_003,105
GCTTATGGAGATCATCACTG_004,158
TATCCGGTTTGACAAACGGT_001,41
TATCCGGTTTGACAAACGGT_002,29
TATCCGGTTTGACAAACGGT_003,58
TATCCGGTTTGACAAACGGT_004,150
TATCCGGTTTGACAAACGGT_005,156
TATCCGGTTTGACAAACGGT_006,38
TATCCGGTTTGACAAACGGT_007,57
TATCCGGTTTGACAAACGGT_008,42
TATCCGGTTTGACAAACGGT_009,162
TATCCGGTTTGACAAACGGT_010,146
TATCCGGTTTGACAAACGGT_011,81
TATCCGGTTTGACAAACGGT_012,144
TATCCGGTTTGACAAACGGT_013,138
CATAGATTCGTTGTGTGATG_001,88
CATAGATTCGTTGTGTGATG_002,61
CATAGATTCGTTGTGTGATG_003,6
CATAGATTCGTTGTGTGATG_004,47
AGGGAGAAACCATCATGCTG_001,50
AGGGAGAAACCATCATGCTG_002,85
AGGGAGAAACCATCATGCTG_003,197
AGGGAGAAACCATCATGCTG_004,197
AGGGAGAAACCATCATGCTG_005,99
AGGGAGAAACCATCATGCTG_006,112
AGGGAGAAACCATCATGCTG_007,82
AGGGAGAAACCATCATGCTG_008,133
AGGGAGAAACCATCATGCTG_009,121
AGGGAGAAACCATCATGCTG_010,172
AGGGAGAAACCATCATGCTG_011,156
AGGGAGAAACCATCATGCTG_012,149
AGGGAGAAACCATCATGCTG_013,42
ATTGTGTAATTCGTGTGTTG_001,102
ATTGTGTAATTCGTGTGTTG_002,132
ATTGTGTAATTCGTGTGTTG_003,178
ATTGTGTAATTCGTGTGTTG_004,73
ATTGTGTAATTCGTGTGTTG_005,105
TCTTTGAAATCAGGCCTCCG_001,62
TCTTTGAAATCAGGCCTCCG_002,60
TCTTTGAAATCAGGCCTCCG_003,2
TCTTTGAAATCAGGCCTCCG_004,59
TCTTTGAAATCAGGCCTCCG_005,168
TCTTTGAAATCAGGCCTCCG_006,152
TCTTTGAAATCAGGCCTCCG_007,147
TCTTTGAAATCAGGCCTCCG_008,2
TCTTTGAAATCAGGCCTCCG_009,2
TCTTTGAAATCAGGCCTCCG_010,183
TCTTTGAAATCAGGCCTCCG_011,182
TCTTTGAAATCAGGCCTCCG_012,150
TCTTTGAAATCAGGCCTCCG_013,197
CAAGATCAAGGAAATACGAG_001,72
CAAGATCAAGGAAATACGAG_002,174
CAAGATCAAGGAAATACGAG_003,1
AGATTGAGAACTCGAAGGAT_001,60
AGATTGAGAACTCGAAGGAT_002,127
AGATTGAGAACTCGAAGGAT_003,188
AGATTGAGAACTCGAAGGAT_004,75
AGATTGAGAACTCGAAGGAT_005,183
AGATTGAGAACTCGAAGGAT_006,49
AGATTGAGAACTCGAAGGAT_007,116
AGATTGAGAACTCGAAGGAT_008,145
AGATTGAGAACTCGAAGGAT_009,198
AGATTGAGAACTCGAAGGAT_010,105
AGATTGAGAACTCGAAGGAT_011,169
AGATTGAGAACTCGAAGGAT_012,171
AGATTGAGAACTCGAAGGAT_013,137
AGATTGAGAACTCGAAGGAT_014,199
ATATTATTGAAAGAGGCAGG_001,28
ATATTATTGAAAGAGGCAGG_002,81
ATATTATTGAAAGAGGCAGG_003,56
ATATTATTGAAAGAGGCAGG_004,78
GAAGATTGAAGCCAGAGAAA_001,60
AAGTAATTGTCAAAGAAACA_001,106
AAGTAATTGTCAAAGAAACA_002,28
AAGTAATTGTCAAAGAAACA_003,166
GCCCTGGATGAAGACGAAGC_001,192
GCCCTGGATGAAGACGAAGC_002,12
GCCCTGGATGAAGACGAAGC_003,48
GCCCTGGATGAAGACGAAGC_004,134
GCCCTGGATGAAGACGAAGC_005,151
GCCCTGGATGAAGACGAAGC_006,187
GCCCTGGATGAAGACGAAGC_007,192
GCCCTGGATGAAGACGAAGC_008,61
GCCCTGGATGAAGACGAAGC_009,40
GCCCTGGATGAAGACGAAGC_010,29
GCCCTGGATGAAGACGAAGC_011,147
GCCCTGGATGAAGACGAAGC_012,172
CAGCAAACAGCAATCATGAC_001,181
CAGCAAACAGCAATCATGAC_002,107
CAGCAAACAGCAATCATGAC_003,23
CAGCAAACAGCAATCATGAC_004,1
CAGCAAACAGCAATCATGAC_005,189
CCAGCTCGACAGCATGAAGT_001,11
CCAGCTCGACAGCATGAAGT_002,108
CCAGCTCGACAGCATGAAGT_003,34
CCAGCTCGACAGCATGAAGT_004,123
CCAGCTCGACAGCATGAAGT_005,11
CCAGCTCGACAGCATGAAGT_006,144
CCAGCTCGACAGCATGAAGT_007,111
CCAGCTCGACAGCATGAAGT_008,110
GCCCCAGCGGCCGTACTGGA_001,117
GCCCCAGCGGCCGTACTGGA_002,41
GCCCCAGCGGCCGTACTGGA_003,129
GCCCCAGCGGCCGTACTGGA_004,124
GCCCCAGCGGCCGTACTGGA_005,188
GCCCCAGCGGCCGTACTGGA_006,81
GCCCCAGCGGCCGTACTGGA_007,39
GCCCCAGCGGCCGTACTGGA_008,40
GCCCCAGCGGCCGTACTGGA_009,124
GCCCCAGCGGCCGTACTGGA_010,113
TGCAGCGAGTCATCCCCATC_001,150
TGCAGCGAGTCATCCCCATC_002,95
TGCAGCGAGTCATCCCCATC_003,64
TGCAGCGAGTCATCCCCATC_004,5
TGCAGCGAGTCATCCCCATC_005,99
TGCAGCGAGTCATCCCCATC_006,66
TGCAGCGAGTCATCCCCATC_007,125
AGACAGATTTGATGGTCACC_001,24
AGACAGATTTGATGGTCACC_002,150
AGACAGATTTGATGGTCACC_003,157
AGACAGATTTGATGGTCACC_004,94
AGACAGATTTGATGGTCACC_005,24
AGACAGATTTGATGGTCACC_006,198
AGACAGATTTGATGGTCACC_007,94
TATGCTACTCAAAACTGCCT_001,113
TATGCTACTCAAAACTGCCT_002,98
TATGCTACTCAAAACTGCCT_003,8
TATGCTACTCAAAACTGCCT_004,187
TATGCTACTCAAAACTGCCT_005,98
TATGCTACTCAAAACTGCCT_006,94
TATGCTACTCAAAACTGCCT_007,74
TATGCTACTCAAAACTGCCT_008,89
TATGCTACTCAAAACTGCCT_009,168
TATGCTACTCAAAACTGCCT_010,166
AAAGACTGTTCCAAAAACAG_001,19
AAAGACTGTTCCAAAAACAG_002,50
AAAGACTGTTCCAAAAACAG_003,61
AAAGACTGTTCCAAAAACAG_004,47
GGGAAGTTAGGAATGCAGCC_001,169
GGGAAGTTAGGAATGCAGCC_002,158
GGGAAGTTAGGAATGCAGCC_003,40
GGGAAGTTAGGAATGCAGCC_004,77
GGGAAGTTAGGAATGCAGCC_005,197
GGGAAGTTAGGAATGCAGCC_006,162
GGGAAGTTAGGAATGCAGCC_007,172
GGGAAGTTAGGAATGCAGCC_008,28
GGGAAGTTAGGAATGCAGCC_009,61
GCTTGTTACGTATCGGTCAT_001,119
GCTTGTTACGTATCGGTCAT_002,82
GCTTGTTACGTATCGGTCAT_003,49
GCTTGTTACGTATCGGTCAT_004,177
GCTTGTTACGTATCGGTCAT_005,99
GCTTGTTACGTATCGGTCAT_006,77
AAAGGGGTAGTATGGTACCA_001,18
AAAGGGGTAGTATGGTACCA_002,137
AAAGGGGTAGTATGGTACCA_003,118
AAAGGGGTAGTATGGTACCA_004,19
AAAGGGGTAGTATGGTACCA_005,168
CTGGTGGCCGTACGCCGCGG_001,105
CTGGTGGCCGTACGCCGCGG_002,86
CTGGTGGCCGTACGCCGCGG_003,141
CTGGTGGCCGTACGCCGCGG_004,19
CTGGTGGCCGTACGCCGCGG_005,113
CTGGTGGCCGTACGCCGCGG_006,62
CTGGTGGCCGTACGCCGCGG_007,156
CTGGTGGCCGTACGCCGCGG_008,88
CTGGTGGCCGTACGCCGCGG_009,1
CTGGTGGCCGTACGCCGCGG_010,107
CTGGTGGCCGTACGCCGCGG_011,154
CTGGTGGCCGTACGCCGCGG_012,52
CTGGTGGCCGTACGCCGCGG_013,33
CTGGTGGCCGTACGCCGCGG_014,138
CTGGTGGCCGTACGCCGCGG_015,172
CTGGTGGCCGTACGCCGCGG_016,136
CTGGTGGCCGTACGCCGCGG_017,171
CTGGTGGCCGTACGCCGCGG_018,162
ACGTCAACTGCTGGAGTGGG_001,163
ACGTCAACTGCTGGAGTGGG_002,172
ACGTCAACTGCTGGAGTGGG_003,127
ACGTCAACTGCTGGAGTGGG_004,34
ACGTCAACTGCTGGAGTGGG_005,77
ACGTCAACTGCTGGAGTGGG_006,156
ACGTCAACTGCTGGAGTGGG_007,14
ACGTCAACTGCTGGAGTGGG_008,160
ACGTCAACTGCTGGAGTGGG_009,116
ACGTCAACTGCTGGAGTGGG_010,27
ACGTCAACTGCTGGAGTGGG_011,145
ACGTCAACTGCTGGAGTGGG_012,115
ACGTCAACTGCTGGAGTGGG_013,174
ACGTCAACTGCTGGAGTGGG_014,94
ACGTCAACTGCTGGAGTGGG_015,56
ACGTCAACTGCTGGAGTGGG_016,20
ACGTCAACTGCTGGAGTGGG_017,147
ACGTCAACTGCTGGAGTGGG_018,22
ACGTCAACTGCTGGAGTGGG_019,10
ACGTCAACTGCTGGAGTGGG_020,164
ACGTCAACTGCTGGAGTGGG_021,142
ACGTCAACTGCTGGAGTGGG_022,4
CCAAATAGTCAACAGACCAG_001,17
CCAAATAGTCAACAGACCAG_002,120
CCAAATAGTCAACAGACCAG_003,27
CCAAATAGTCAACAGACCAG_004,1
CCAAATAGTCAACAGACCAG_005,146
TACCCATTGTAGTACATGGT_001,94
TACCCATTGTAGTACATGGT_002,148
TACCCATTGTAGTACATGGT_003,148
TACCCATTGTAGTACATGGT_004,60
TACCCATTGTAGTACATGGT_005,146
TACCCATTGTAGTACATGGT_006,198
TACCCATTGTAGTACATGGT_007,41
ATGACTGAAGATTGAACTAG_001,45
ATGACTGAAGATTGAACTAG_002,40
ATGACTGAAGATTGAACTAG_003,176
ATGACTGAAGATTGAACTAG_004,113
ATGACTGAAGATTGAACTAG_005,150
ATGACTGAAGATTGAACTAG_006,88
ATGACTGAAGATTGAACTAG_007,95
ATGACTGAAGATTGAACTAG_008,45
ATGACTGAAGATTGAACTAG_009,82
ATGACTGAAGATTGAACTAG_010,11
AGAGGGTCATCACACACAAG_001,153
AGAGGGTCATCACACACAAG_002,94
AGAGGGTCATCACACACAAG_003,88
AGAGGGTCATCACACACAAG_004,192
AGAGGGTCATCACACACAAG_005,150
AGAGGGTCATCACACACAAG_006,7
AGAGGGTCATCACACACAAG_007,120
AGAGGGTCATCACACACAAG_008,69
AGAGGGTCATCACACACAAG_009,52
AGAGGGTCATCACACACAAG_010,154
AGAGGGTCATCACACACAAG_011,102
AGAGGGTCATCACACACAAG_012,98
AGAGGGTCATCACACACAAG_013,90
AGAGGGTCATCACACACAAG_014,16
AGAGGGTCATCACACACAAG_015,129
AGCAATGCTAGGCAGACCTG_001,1
AGCAATGCTAGGCAGACCTG_002,43
AGCAATGCTAGGCAGACCTG_003,115
AGCAATGCTAGGCAGACCTG_004,18
AGCAATGCTAGGCAGACCTG_005,2
AGCAATGCTAGGCAGACCTG_006,158
AGCAATGCTAGGCAGACCTG_007,14
AGCAATGCTAGGCAGACCTG_008,116
AGCAATGCTAGGCAGACCTG_009,120
AGCAATGCTAGGCAGACCTG_010,42
AGCAATGCTAGGCAGACCTG_011,62
AGCAATGCTAGGCAGACCTG_012,83
AGCAATGCTAGGCAGACCTG_013,127
AGCAATGCTAGGCAGACCTG_014,41
AGCAATGCTAGGCAGACCTG_015,176
AGCAATGCTAGGCAGACCTG_016,46
AGCAATGCTAGGCAGACCTG_017,63
TGATGAATCTTGGGTCATTG_001,171
TGATGAATCTTGGGTCATTG_002,14
TGATGAATCTTGGGTCATTG_003,67
TGATGAATCTTGGGTCATTG_004,142
TGATGAATCTTGGGTCATTG_005,121
AGCACAGGATAACGACAGCG_001,78
AGCACAGGATAACGACAGCG_002,151
AGCACAGGATAACGACAGCG_003,116
AGCACAGGATAACGACAGCG_004,121
AGCACAGGATAACGACAGCG_005,148
AGCACAGGATAACGACAGCG_006,37
CGTGGAGGAGTTCGCCACCG_001,64
CGTGGAGGAGTTCGCCACCG_002,192
CTTACAGGTGAATATGAGAA_001,87
CTTACAGGTGAATATGAGAA_002,51
CTTACAGGTGAATATGAGAA_003,34
CTTACAGGTGAATATGAGAA_004,112
CGACTCACCTCGATCCACAT_001,35
CGACTCACCTCGATCCACAT_002,113
CGACTCACCTCGATCCACAT_003,171
CGACTCACCTCGATCCACAT_004,44
CGACTCACCTCGATCCACAT_005,125
CGACTCACCTCGATCCACAT_006,198
CGACTCACCTCGATCCACAT_007,115
CGACTCACCTCGATCCACAT_008,68
CGACTCACCTCGATCCACAT_009,26
CGACTCACCTCGATCCACAT_010,58
CGACTCACCTCGATCCACAT_011,140
CGACTCACCTCGATCCACAT_012,197
CGACTCACCTCGATCCACAT_013,40
CGACTCACCTCGATCCACAT_014,172
CGACTCACCTCGATCCACAT_015,74
CGACTCACCTCGATCCACAT_016,0
CGACTCACCTCGATCCACAT_017,188
TCCAGTCCTTGGGACAGTGG_001,43
TCCAGTCCTTGGGACAGTGG_002,51
TCCAGTCCTTGGGACAGTGG_003,160
TCCAGTCCTTGGGACAGTGG_004,121
TCCAGTCCTTGGGACAGTGG_005,169
TCCAGTCCTTGGGACAGTGG_006,106
GTAGACAGCACAATTTCCAG_001,62
GTAGACAGCACAATTTCCAG_002,184
GTAGACAGCACAATTTCCAG_003,13
GTAGACAGCACAATTTCCAG_004,101
GTAGACAGCACAATTTCCAG_005,147
GTAGACAGCACAATTTCCAG_006,90
GTAGACAGCACAATTTCCAG_007,84
GTAGACAGCACAATTTCCAG_008,63
GTAGACAGCACAATTTCCAG_009,94
GTAGACAGCACAATTTCCAG_010,38
GATGGCGGCATGATCCCCGA_001,27
GATGGCGGCATGATCCCCGA_002,149
GATGGCGGCATGATCCCCGA_003,198
GATGGCGGCATGATCCCCGA_004,98
GATGGCGGCATGATCCCCGA_005,41
GATGGCGGCATGATCCCCGA_006,94
GATGGCGGCATGATCCCCGA_007,158
GATGGCGGCATGATCCCCGA_008,151
GATGGCGGCATGATCCCCGA_009,121
GATGGCGGCATGATCCCCGA_010,137
GATGGCGGCATGATCCCCGA_011,141
GATGGCGGCATGATCCCCGA_012,22
GATGGCGGCATGATCCCCGA_013,57
GATGGCGGCATGATCCCCGA_014,83
GATGGCGGCATGATCCCCGA_015,157
GATGGCGGCATGATCCCCGA_016,102
GATGGCGGCATGATCCCCGA_017,10
GGCAGATGACCACAATCACG_001,56
GGCAGATGACCACAATCACG_002,130
GGCAGATGACCACAATCACG_003,42
GGCAGATGACCACAATCACG_004,110
GGCAGATGACCACAATCACG_005,174
GGCAGATGACCACAATCACG_006,166
GGCAGATGACCACAATCACG_007,143
GGCAGATGACCACAATCACG_008,116
GGCTCCAAGAGCGAAAACGC_001,105
GGCTCCAAGAGCGAAAACGC_002,147
GGCTCCAAGAGCGAAAACGC_003,15
GGCTCCAAGAGCGAAAACGC_004,149
GGCTCCAAGAGCGAAAACGC_005,78
GGCTCCAAGAGCGAAAACGC_006,82
GGCTCCAAGAGCGAAAACGC_007,53
GGCTCCAAGAGCGAAAACGC_008,128
GGCTCCAAGAGCGAAAACGC_009,183
GGCTCCAAGAGCGAAAACGC_010,144
GGCTCCAAGAGCGAAAACGC_011,49
GGCTCCAAGAGCGAAAACGC_012,70
GGCTCCAAGAGCGAAAACGC_013,88
GGCTCCAAGAGCGAAAACGC_014,72
GGCTCCAAGAGCGAAAACGC_015,72
GGCTCCAAGAGCGAAAACGC_016,60
GGCTCCAAGAGCGAAAACGC_017,55
GGCTCCAAGAGCGAAAACGC_018,41
GGCTCCAAGAGCGAAAACGC_019,115
GGCTCCAAGAGCGAAAACGC_020,91
GGCTCCAAGAGCGAAAACGC_021,22
GGCTCCAAGAGCGAAAACGC_022,32
GGCTCCAAGAGCGAAAACGC_023,29
GGCTCCAAGAGCGAAAACGC_024,57
GGCTCCAAGAGCGAAAACGC_025,140
GGCTCCAAGAGCGAAAACGC_026,118
GGCTCCAAGAGCGAAAACGC_027,24
GGCTCCAAGAGCGAAAACGC_028,38
GGCTCCAAGAGCGAAAACGC_029,159
GGCTCCAAGAGCGAAAACGC_030,115
GGCTCCAAGAGCGAAAACGC_031,6
GGCTCCAAGAGCGAAAACGC_032,95
GGCTCCAAGAGCGAAAACGC_033,177
GGCTCCAAGAGCGAAAACGC_034,131
GGCTCCAAGAGCGAAAACGC_035,174
GGCTCCAAGAGCGAAAACGC_036,145
GGCTCCAAGAGCGAAAACGC_037,22
GGCTCCAAGAGCGAAAACGC_038,37
GGCTCCAAGAGCGAAAACGC_039,97
GGCTCCAAGAGCGAAAACGC_040,54
GGCTCCAAGAGCGAAAACGC_041,158
GGCTCCAAGAGCGAAAACGC_042,177
GGCTCCAAGAGCGAAAACGC_043,6
AGAAACGGCCGCCAAGCACG_001,183
AGAAACGGCCGCCAAGCACG_002,106
AGAAACGGCCGCCAAGCACG_003,7
AGAAACGGCCGCCAAGCACG_004,9
AGAAACGGCCGCCAAGCACG_005,103
AGAAACGGCCGCCAAGCACG_006,93
AGAAACGGCCGCCAAGCACG_007,181
AGAAACGGCCGCCAAGCACG_008,140
AGAAACGGCCGCCAAGCACG_009,63
AGAAACGGCCGCCAAGCACG_010,41
AGAAACGGCCGCCAAGCACG_011,69
AGAAACGGCCGCCAAGCACG_012,74
TTCCTGAGGAAGACTATCAG_001,51
TTCCTGAGGAAGACTATCAG_002,102
TTCCTGAGGAAGACTATCAG_003,188
TTCCTGAGGAAGACTATCAG_004,77
TTCCTGAGGAAGACTATCAG_005,170
TTCCTGAGGAAGACTATCAG_006,198
TTCCTGAGGAAGACTATCAG_007,10
TTCCTGAGGAAGACTATCAG_008,56
AAGGATGCAACGGATCGGTG_001,32
AAGGATGCAACGGATCGGTG_002,154
AAGGATGCAACGGATCGGTG_003,172
AAGGATGCAACGGATCGGTG_004,142
AAGGATGCAACGGATCGGTG_005,142
AAGGATGCAACGGATCGGTG_006,80
AAGGATGCAACGGATCGGTG_007,73
AAGGATGCAACGGATCGGTG_008,101
AAGGATGCAACGGATCGGTG_009,8
AAGGATGCAACGGATCGGTG_010,190
AAGGATGCAACGGATCGGTG_011,29
AAGGATGCAACGGATCGGTG_012,195
AAGGATGCAACGGATCGGTG_013,21
AAGGATGCAACGGATCGGTG_014,15
AAGGATGCAACGGATCGGTG_015,62
AAGGATGCAACGGATCGGTG_016,130
AAGGATGCAACGGATCGGTG_017,28
AAGGATGCAACGGATCGGTG_018,112
AAGGATGCAACGGATCGGTG_019,49
AAGGATGCAACGGATCGGTG_020,198
AAGGATGCAACGGATCGGTG_021,134
AAGGATGCAACGGATCGGTG_022,121
AAGGATGCAACGGATCGGTG_023,92
AAGGATGCAACGGATCGGTG_024,92
AAGGATGCAACGGATCGGTG_025,175
AAGGATGCAACGGATCGGTG_026,171
AAGGATGCAACGGATCGGTG_027,15
AAGGATGCAACGGATCGGTG_028,75
AAGGATGCAACGGATCGGTG_029,147
AAGGATGCAACGGATCGGTG_030,113
AAGGATGCAACGGATCGGTG_031,87
AAGGATGCAACGGATCGGTG_032,104
AAGGATGCAACGGATCGGTG_033,129
AAGGATGCAACGGATCGGTG_034,56
AAGGATGCAACGGATCGGTG_035,94
AAGGATGCAACGGATCGGTG_036,197
AAGGATGCAACGGATCGGTG_037,36
AAGGATGCAACGGATCGGTG_038,2
AAGGATGCAACGGATCGGTG_039,80
AAGGATGCAACGGATCGGTG_040,19
AAGGATGCAACGGATCGGTG_041,10
AAGGATGCAACGGATCGGTG_042,172
AAGGATGCAACGGATCGGTG_043,167
AAGGATGCAACGGATCGGTG_044,14
AGCCACTGCACACCGAGCGG_001,160
AGCCACTGCACACCGAGCGG_002,21
AGCCACTGCACACCGAGCGG_003,77
AGCCACTGCACACCGAGCGG_004,24
AGCCACTGCACACCGAGCGG_005,25
AGCCACTGCACACCGAGCGG_006,117
AGCCACTGCACACCGAGCGG_007,165
AGCCACTGCACACCGAGCGG_008,177
AGCCACTGCACACCGAGCGG_009,85
AGCCACTGCACACCGAGCGG_010,147
AGCCACTGCACACCGAGCGG_011,68
AGCCACTGCACACCGAGCGG_012,176
AGCCACTGCACACCGAGCGG_013,63
AGCCACTGCACACCGAGCGG_014,6
AGCCACTGCACACCGAGCGG_015,58
AGCCACTGCACACCGAGCGG_016,118
AGCCACTGCACACCGAGCGG_017,8
AGCCACTGCACACCGAGCGG_018,51
AGCCACTGCACACCGAGCGG_019,129
AGCCACTGCACACCGAGCGG_020,4
AGCCACTGCACACCGAGCGG_021,6
AGCCACTGCACACCGAGCGG_022,77
AGCCACTGCACACCGAGCGG_023,177
AGCCACTGCACACCGAGCGG_024,121
AGCCACTGCACACCGAGCGG_025,183
CAAACGACTCTCATAAAGGA_001,157
CAAACGACTCTCATAAAGGA_002,198
CAAACGACTCTCATAAAGGA_003,79
CAGGCCGGTGTAGACACCCG_001,137
CAGGCCGGTGTAGACACCCG_002,19
CAGGCCGGTGTAGACACCCG_003,105
CAGGCCGGTGTAGACACCCG_004,63
CAGGCCGGTGTAGACACCCG_005,75
CAGGCCGGTGTAGACACCCG_006,57
CTCACCTTTGTACACGCATG_001,47
CTCACCTTTGTACACGCATG_002,8
CTCACCTTTGTACACGCATG_003,9
CTCACCTTTGTACACGCATG_004,36
CTCACCTTTGTACACGCATG_005,103
CTCACCTTTGTACACGCATG_006,9
CTCACCTTTGTACACGCATG_007,131
CTCACCTTTGTACACGCATG_008,157
TGGTCAGTGTGGCTTGCATG_001,41
AAACAGTGGCAAAACAACAC_001,112
AAACAGTGGCAAAACAACAC_002,51
AAACAGTGGCAAAACAACAC_003,125
AAACAGTGGCAAAACAACAC_004,137
ACGGAAAACATACCACAGGA_001,15
ACGGAAAACATACCACAGGA_002,129
GGGCATCAGGAGCACCACAG_001,182
GGGCATCAGGAGCACCACAG_002,32
GGGCATCAGGAGCACCACAG_003,172
GGGCATCAGGAGCACCACAG_004,13
GGGCATCAGGAGCACCACAG_005,38
GGGCATCAGGAGCACCACAG_006,163
GGGCATCAGGAGCACCACAG_007,46
GGGCATCAGGAGCACCACAG_008,105
GGGCATCAGGAGCACCACAG_009,12
GGGCATCAGGAGCACCACAG_010,177
TCGATCGCCTGATGAAGCGG_001,108
TCGATCGCCTGATGAAGCGG_002,122
TCGATCGCCTGATGAAGCGG_003,35
TCGATCGCCTGATGAAGCGG_004,150
TCGATCGCCTGATGAAGCGG_005,113
TCGATCGCCTGATGAAGCGG_006,99
TCGATCGCCTGATGAAGCGG_007,151
AAAATCAAAGTATTTATACG_001,145
AAAATCAAAGTATTTATACG_002,86
ACCACGCCTTTGTTACCTCG_001,1
ACCACGCCTTTGTTACCTCG_002,130
ACCACGCCTTTGTTACCTCG_003,98
ACCACGCCTTTGTTACCTCG_004,28
ACCACGCCTTTGTTACCTCG_005,81
ACCACGCCTTTGTTACCTCG_006,184
ACCACGCCTTTGTTACCTCG_007,199
ACCACGCCTTTGTTACCTCG_008,39
CGGGTCGGGTGAGAGTGGCG_001,51
CGGGTCGGGTGAGAGTGGCG_002,57
CGGGTCGGGTGAGAGTGGCG_003,131
CGGGTCGGGTGAGAGTGGCG_004,176
CGGGTCGGGTGAGAGTGGCG_005,58
CGGGTCGGGTGAGAGTGGCG_006,177
CGGGTCGGGTGAGAGTGGCG_007,105
CGGGTCGGGTGAGAGTGGCG_008,102
CGGGTCGGGTGAGAGTGGCG_009,8
CGGGTCGGGTGAGAGTGGCG_010,44
CGGGTCGGGTGAGAGTGGCG_011,141
CGGGTCGGGTGAGAGTGGCG_012,62
CGGGTCGGGTGAGAGTGGCG_013,60
CGGGTCGGGTGAGAGTGGCG_014,151
GGCAAGAATCTGCCCACACG_001,56
GGCAAGAATCTGCCCACACG_002,158
GGCAAGAATCTGCCCACACG_003,23
GGCAAGAATCTGCCCACACG_004,152
CGAGCTGCGTTTCACCCAGG_001,3
CGAGCTGCGTTTCACCCAGG_002,64
CGAGCTGCGTTTCACCCAGG_003,2
CGAGCTGCGTTTCACCCAGG_004,98
CGAGCTGCGTTTCACCCAGG_005,5
CGAGCTGCGTTTCACCCAGG_006,22
CGAGCTGCGTTTCACCCAGG_007,13
CGAGCTGCGTTTCACCCAGG_008,191
CGAGCTGCGTTTCACCCAGG_009,197
CGAGCTGCGTTTCACCCAGG_010,183
CGAGCTGCGTTTCACCCAGG_011,44
CGAGCTGCGTTTCACCCAGG_012,70
CGAGCTGCGTTTCACCCAGG_013,65
CGAGCTGCGTTTCACCCAGG_014,78
CGAGCTGCGTTTCACCCAGG_015,97
CGAGCTGCGTTTCACCCAGG_016,177
CGCCGAAAGTCCGGGCAACG_001,175
CGCCGAAAGTCCGGGCAACG_002,199
CGCCGAAAGTCCGGGCAACG_003,78
CGCCGAAAGTCCGGGCAACG_004,62
CGCCGAAAGTCCGGGCAACG_005,56
CGCCGAAAGTCCGGGCAACG_006,45
CGCCGAAAGTCCGGGCAACG_007,178
CGCCGAAAGTCCGGGCAACG_008,17
CGCCGAAAGTCCGGGCAACG_009,174
CGCCGAAAGTCCGGGCAACG_010,147
CGCCGAAAGTCCGGGCAACG_011,48
CGCCGAAAGTCCGGGCAACG_012,88
CGCCGAAAGTCCGGGCAACG_013,50
CGCCGAAAGTCCGGGCAACG_014,165
CGCCGAAAGTCCGGGCAACG_015,49
CGCCGAAAGTCCGGGCAACG_016,47
CGCCGAAAGTCCGGGCAACG_017,108
CGCCGAAAGTCCGGGCAACG_018,55
CGCCGAAAGTCCGGGCAACG_019,156
CGCCGAAAGTCCGGGCAACG_020,156
CGCCGAAAGTCCGGGCAACG_021,81
CGCCGAAAGTCCGGGCAACG_022,9
GGATATCGCTCAGAGAAGCA_001,81
GGATATCGCTCAGAGAAGCA_002,183
GGATATCGCTCAGAGAAGCA_003,28
GGATATCGCTCAGAGAAGCA_004,148
GGATATCGCTCAGAGAAGCA_005,110
GGATATCGCTCAGAGAAGCA_006,75
GGATATCGCTCAGAGAAGCA_007,138
GGATATCGCTCAGAGAAGCA_008,142
GGATATCGCTCAGAGAAGCA_009,152
TCAGGCACCACAATATCCCG_001,19
TCAGGCACCACAATATCCCG_002,100
TCAGGCACCACAATATCCCG_003,108
TCAGGCACCACAATATCCCG_004,86
TCAGGCACCACAATATCCCG_005,126
TCAGGCACCACAATATCCCG_006,37
TCAGGCACCACAATATCCCG_007,157
TCAGGCACCACAATATCCCG_008,57
TCAGGCACCACAATATCCCG_009,58
TCAGGCACCACAATATCCCG_010,61
TGATTAATCGCAGACCCCAG_001,188
GTCTGTGAATCCCACGAACG_001,102
GTCTGTGAATCCCACGAACG_002,98
GTCTGTGAATCCCACGAACG_003,84
GTCTGTGAATCCCACGAACG_004,43
GTCTGTGAATCCCACGAACG_005,83
GTCTGTGAATCCCACGAACG_006,15
GTCTGTGAATCCCACGAACG_007,191
GTCTGTGAATCCCACGAACG_008,8
GTCTGTGAATCCCACGAACG_009,148
GTCTGTGAATCCCACGAACG_010,107
GTCTGTGAATCCCACGAACG_011,58
GTCTGTGAATCCCACGAACG_012,155
GTCTGTGAATCCCACGAACG_013,35
GTCTGTGAATCCCACGAACG_014,106
GTCTGTGAATCCCACGAACG_015,106
GTCTGTGAATCCCACGAACG_016,62
TGCTAAGGGAGATAAAGCAA_001,41
TGCTAAGGGAGATAAAGCAA_002,65
TTAGGTACGTCATCAACCAC_001,170
TTAGGTACGTCATCAACCAC_002,146
TTAGGTACGTCATCAACCAC_003,107
TTAGGTACGTCATCAACCAC_004,88
TTAGGTACGTCATCAACCAC_005,188
TTAGGTACGTCATCAACCAC_006,49
TTAGGTACGTCATCAACCAC_007,98
TTAGGTACGTCATCAACCAC_008,88
TTAGGTACGTCATCAACCAC_009,60
AATATCGTTCAGCAAGAATG_001,39
GCAGATCTCCGCAATAGACA_001,41
GCAGATCTCCGCAATAGACA_002,151
GCAGATCTCCGCAATAGACA_003,70
GCAGATCTCCGCAATAGACA_004,105
GCAGATCTCCGCAATAGACA_005,20
GCAGATCTCCGCAATAGACA_006,2
GTGGACGCACGACCCTTCCG_001,166
GTGGACGCACGACCCTTCCG_002,72
GTGGACGCACGACCCTTCCG_003,172
GTGGACGCACGACCCTTCCG_004,104
GTGGACGCACGACCCTTCCG_005,126
GTGGACGCACGACCCTTCCG_006,53
GTGGACGCACGACCCTTCCG_007,38
GTGGACGCACGACCCTTCCG_008,67
GTGGACGCACGACCCTTCCG_009,178
GTGGACGCACGACCCTTCCG_010,1
GTGGACGCACGACCCTTCCG_011,115
GTGGACGCACGACCCTTCCG_012,82
GTGGACGCACGACCCTTCCG_013,73
GTGGACGCACGACCCTTCCG_014,177
GTGGACGCACGACCCTTCCG_015,52
GTGGACGCACGACCCTTCCG_016,130
GTGGACGCACGACCCTTCCG_017,29
GTGGACGCACGACCCTTCCG_018,46
GTGGACGCACGACCCTTCCG_019,33
GGTGGCAAATAGCAATATAG_001,197
TGGCGGCCATCGAGAAAGTG_001,122
TGGCGGCCATCGAGAAAGTG_002,127
TGGCGGCCATCGAGAAAGTG_003,174
TGGCGGCCATCGAGAAAGTG_004,193
TGGCGGCCATCGAGAAAGTG_005,0
TGGCGGCCATCGAGAAAGTG_006,110
TGGCGGCCATCGAGAAAGTG_007,50
TGGCGGCCATCGAGAAAGTG_008,160
TGGCGGCCATCGAGAAAGTG_009,13
TGGCGGCCATCGAGAAAGTG_010,119
TGGCGGCCATCGAGAAAGTG_011,16
TGGCGGCCATCGAGAAAGTG_012,58
TGGCGGCCATCGAGAAAGTG_013,56
TGGCGGCCATCGAGAAAGTG_014,76
TGGCGGCCATCGAGAAAGTG_015,141
TGGCGGCCATCGAGAAAGTG_016,41
TGGCGGCCATCGAGAAAGTG_017,41
TGGCGGCCATCGAGAAAGTG_018,36
TGGCGGCCATCGAGAAAGTG_019,138
TGGCGGCCATCGAGAAAGTG_020,142
TGGCGGCCATCGAGAAAGTG_021,60
TGGCGGCCATCGAGAAAGTG_022,124
ACATGCGGCTATCAATCACG_001,33
ACATGCGGCTATCAATCACG_002,16
ACATGCGGCTATCAATCACG_003,69
GCTGACTCACGCCACCACAG_001,168
GCTGACTCACGCCACCACAG_002,35
GCTGACTCACGCCACCACAG_003,82
GCTGACTCACGCCACCACAG_004,176
GCTGACTCACGCCACCACAG_005,60
GCTGACTCACGCCACCACAG_006,199
GCTGACTCACGCCACCACAG_007,105
GCTGACTCACGCCACCACAG_008,23
GCTGACTCACGCCACCACAG_009,5
GCTGACTCACGCCACCACAG_010,134
GCTGACTCACGCCACCACAG_011,76
GCTGACTCACGCCACCACAG_012,66
GCTGACTCACGCCACCACAG_013,144
TACAGCTGCCGTATGTCGCA_001,62
TACAGCTGCCGTATGTCGCA_002,33
TCTTCCAGAGCACTAACTCG_001,123
TCTTCCAGAGCACTAACTCG_002,183
GTACGATTGGAACTCAATGA_001,166
CAGGTTGCGGAAGGACACGT_001,29
CAGGTTGCGGAAGGACACGT_002,5
CAGGTTGCGGAAGGACACGT_003,117
CAGGTTGCGGAAGGACACGT_004,192
CAGGTTGCGGAAGGACACGT_005,148
CAGGTTGCGGAAGGACACGT_006,177
CAGGTTGCGGAAGGACACGT_007,74
CAGGTTGCGGAAGGACACGT_008,5
CAGGTTGCGGAAGGACACGT_009,162
CAGGTTGCGGAAGGACACGT_010,171
CAGGTTGCGGAAGGACACGT_011,8
CAGGTTGCGGAAGGACACGT_012,104
GACCTCACAGTTATCAACAG_001,105
GACCTCACAGTTATCAACAG_002,62
GACCTCACAGTTATCAACAG_003,17
GACCTCACAGTTATCAACAG_004,149
GACCTCACAGTTATCAACAG_005,76
GACCTCACAGTTATCAACAG_006,69
GACCTCACAGTTATCAACAG_007,147
GAAGTCGTAGATGCCGGACA_001,29
GAAGTCGTAGATGCCGGACA_002,17
GAAGTCGTAGATGCCGGACA_003,147
GAAGTCGTAGATGCCGGACA_004,181
GAAGTCGTAGATGCCGGACA_005,35
GAAGTCGTAGATGCCGGACA_006,164
GAAGTCGTAGATGCCGGACA_007,169
GAAGTCGTAGATGCCGGACA_008,183
AGTGTTCCGAGCACGCCATG_001,155
AGTGTTCCGAGCACGCCATG_002,171
AGTGTTCCGAGCACGCCATG_003,170
AGTGTTCCGAGCACGCCATG_004,190
AGTGTTCCGAGCACGCCATG_005,15
AGTGTTCCGAGCACGCCATG_006,46
GTGTTGGACTCCCTGTAACG_001,141
GTGTTGGACTCCCTGTAACG_002,61
TTTGGAAGCACTGTTCAGCG_001,69
TTTGGAAGCACTGTTCAGCG_002,174
TTTGGAAGCACTGTTCAGCG_003,88
TTTGGAAGCACTGTTCAGCG_004,180
TTTGGAAGCACTGTTCAGCG_005,119
CTCTCGCAAGCAGCAGACCA_001,38
CTCTCGCAAGCAGCAGACCA_002,160
CTCTCGCAAGCAGCAGACCA_003,48
CTCTCGCAAGCAGCAGACCA_004,158
CTCTCGCAAGCAGCAGACCA_005,70
CTCTCGCAAGCAGCAGACCA_006,198
CTCTCGCAAGCAGCAGACCA_007,58
CTCTCGCAAGCAGCAGACCA_008,138
CTCTCGCAAGCAGCAGACCA_009,179
CTCTCGCAAGCAGCAGACCA_010,131
CTCTCGCAAGCAGCAGACCA_011,56
CGGAAGCCAGCACTCCCAGT_001,112
CGGAAGCCAGCACTCCCAGT_002,38
CGGAAGCCAGCACTCCCAGT_003,94
CGGAAGCCAGCACTCCCAGT_004,117
CGGAAGCCAGCACTCCCAGT_005,53
CGGAAGCCAGCACTCCCAGT_006,63
CGGAAGCCAGCACTCCCAGT_007,27
CGGAAGCCAGCACTCCCAGT_008,137
CATACAACAAGACTGCACCA_001,170
CATACAACAAGACTGCACCA_002,96
CATACAACAAGACTGCACCA_003,63
CATACAACAAGACTGCACCA_004,86
CATACAACAAGACTGCACCA_005,44
CATACAACAAGACTGCACCA_006,137
CATACAACAAGACTGCACCA_007,22
CATACAACAAGACTGCACCA_008,19
CGTGTGGCGAGTAGACTCGA_001,49
CGTGTGGCGAGTAGACTCGA_002,83
CGTGTGGCGAGTAGACTCGA_003,39
CGTGTGGCGAGTAGACTCGA_004,162
CGTGTGGCGAGTAGACTCGA_005,160
CGTGTGGCGAGTAGACTCGA_006,29
CCCTGCCTTAGACACAACAT_001,115
CCCTGCCTTAGACACAACAT_002,119
CCCTGCCTTAGACACAACAT_003,148
CCCTGCCTTAGACACAACAT_004,161
CCCTGCCTTAGACACAACAT_005,145
CCCTGCCTTAGACACAACAT_006,11
CCCTGCCTTAGACACAACAT_007,102
CCCTGCCTTAGACACAACAT_008,95
CCCTGCCTTAGACACAACAT_009,16
CCCTGCCTTAGACACAACAT_010,82
CGGTCAAAAGAACGTCGCGC_001,10
CGGTCAAAAGAACGTCGCGC_002,199
CGGTCAAAAGAACGTCGCGC_003,96
CGGTCAAAAGAACGTCGCGC_004,91
CGCCTAAGACCCGACTTCGG_001,81
CGCCTAAGACCCGACTTCGG_002,95
CGCCTAAGACCCGACTTCGG_003,158
CGCCTAAGACCCGACTTCGG_004,186
AGGAAGGTGAGGCCACCACG_001,42
AGGAAGGTGAGGCCACCACG_002,114
AGGAAGGTGAGGCCACCACG_003,175
AGGAAGGTGAGGCCACCACG_004,23
AGGAAGGTGAGGCCACCACG_005,147
AGGAAGGTGAGGCCACCACG_006,162
AGGAAGGTGAGGCCACCACG_007,134
AGGAAGGTGAGGCCACCACG_008,84
AGGAAGGTGAGGCCACCACG_009,20
AGGAAGGTGAGGCCACCACG_010,99
AGGAAGGTGAGGCCACCACG_011,103
AGGAAGGTGAGGCCACCACG_012,31
AGGAAGGTGAGGCCACCACG_013,29
AGGAAGGTGAGGCCACCACG_014,100
AGGAAGGTGAGGCCACCACG_015,100
AGGAAGGTGAGGCCACCACG_016,13
AGGAAGGTGAGGCCACCACG_017,92
AGGAAGGTGAGGCCACCACG_018,24
AGGAAGGTGAGGCCACCACG_019,6
AGGAAGGTGAGGCCACCACG_020,161
AGGAAGGTGAGGCCACCACG_021,85
AGGAAGGTGAGGCCACCACG_022,13
AGGAAGGTGAGGCCACCACG_023,82
AGGAAGGTGAGGCCACCACG_024,76
AGGAAGGTGAGGCCACCACG_025,52
AGGAAGGTGAGGCCACCACG_026,49
AGGAAGGTGAGGCCACCACG_027,98
AGGAAGGTGAGGCCACCACG_028,31
AGGAAGGTGAGGCCACCACG_029,20
AGGAAGGTGAGGCCACCACG_030,22
AGGAAGGTGAGGCCACCACG_031,77
AGGAAGGTGAGGCCACCACG_032,129
AGGAAGGTGAGGCCACCACG_033,162
AGGAAGGTGAGGCCACCACG_034,35
AGGAAGGTGAGGCCACCACG_035,82
CAAAGTGTCAGACACAGTGG_001,87
CAAAGTGTCAGACACAGTGG_002,112
CAAAGTGTCAGACACAGTGG_003,41
CAAAGTGTCAGACACAGTGG_004,15
CAAAGTGTCAGACACAGTGG_005,83
CAAAGTGTCAGACACAGTGG_006,44
CAAAGTGTCAGACACAGTGG_007,27
CAAAGTGTCAGACACAGTGG_008,155
GAACTTACTGCTGGTCTCCG_001,198
GAACTTACTGCTGGTCTCCG_002,157
GAACTTACTGCTGGTCTCCG_003,127
GAACTTACTGCTGGTCTCCG_004,78
GAACTTACTGCTGGTCTCCG_005,18
GAACTTACTGCTGGTCTCCG_006,183
GAACTTACTGCTGGTCTCCG_007,90
GAACTTACTGCTGGTCTCCG_008,131
GAACTTACTGCTGGTCTCCG_009,33
GAACTTACTGCTGGTCTCCG_010,72
CTTCAGAATAACCTGTTCAA_001,52
CTTCAGAATAACCTGTTCAA_002,121
CTTCAGAATAACCTGTTCAA_003,177
CTTCAGAATAACCTGTTCAA_004,150
CTTCAGAATAACCTGTTCAA_005,141
CTTCAGAATAACCTGTTCAA_006,40
CTTCAGAATAACCTGTTCAA_007,190
AGGGTCTATTCCATTCATCA_001,171
AGGGTCTATTCCATTCATCA_002,4
AGGGTCTATTCCATTCATCA_003,35
GGAGAAGGCAGTCATTGTCC_001,156
GGAGAAGGCAGTCATTGTCC_002,134
GGAGAAGGCAGTCATTGTCC_003,9
TCAGTGGAGATGTGTCCACA_001,149
TCAGTGGAGATGTGTCCACA_002,134
TCAGTGGAGATGTGTCCACA_003,191
TCAGTGGAGATGTGTCCACA_004,8
TCAGTGGAGATGTGTCCACA_005,170
TCAGTGGAGATGTGTCCACA_006,35
TCAGTGGAGATGTGTCCACA_007,138
TCAGTGGAGATGTGTCCACA_008,145
TCAGTGGAGATGTGTCCACA_009,55
TCAGTGGAGATGTGTCCACA_010,113
TCAGTGGAGATGTGTCCACA_011,150
TCAGTGGAGATGTGTCCACA_012,45
TCAGTGGAGATGTGTCCACA_013,21
TCAGTGGAGATGTGTCCACA_014,88
TCAGTGGAGATGTGTCCACA_015,181
TCAGTGGAGATGTGTCCACA_016,47
TCAGTGGAGATGTGTCCACA_017,18
TCAGTGGAGATGTGTCCACA_018,72
TCAGTGGAGATGTGTCCACA_019,72
TCAGTGGAGATGTGTCCACA_020,130
TCAGTGGAGATGTGTCCACA_021,25
TCAGTGGAGATGTGTCCACA_022,116
TCAGTGGAGATGTGTCCACA_023,60
AATAGTCAGGAAGTGCCAAA_001,81
AATAGTCAGGAAGTGCCAAA_002,8
AATAGTCAGGAAGTGCCAAA_003,54
AATAGTCAGGAAGTGCCAAA_004,169
AATAGTCAGGAAGTGCCAAA_005,105
AATAGTCAGGAAGTGCCAAA_006,117
AATAGTCAGGAAGTGCCAAA_007,162
AATAGTCAGGAAGTGCCAAA_008,48
AATAGTCAGGAAGTGCCAAA_009,155
AATAGTCAGGAAGTGCCAAA_010,105
AATAGTCAGGAAGTGCCAAA_011,127
AATAGTCAGGAAGTGCCAAA_012,43
GTATTCACACACTCAACGGG_001,106
GTATTCACACACTCAACGGG_002,9
GTATTCACACACTCAACGGG_003,94
GTATTCACACACTCAACGGG_004,67
GTATTCACACACTCAACGGG_005,1
GTATTCACACACTCAACGGG_006,145
GTGTGGCATCCCGGCCATAG_001,116
GTGTGGCATCCCGGCCATAG_002,29
GTGTGGCATCCCGGCCATAG_003,62
GTGTGGCATCCCGGCCATAG_004,131
CTGATCAAACATGTCCACAG_001,24
CTGATCAAACATGTCCACAG_002,16
CTGATCAAACATGTCCACAG_003,159
CTGATCAAACATGTCCACAG_004,141
CTGATCAAACATGTCCACAG_005,31
CTGATCAAACATGTCCACAG_006,1
CTGATCAAACATGTCCACAG_007,52
CTGATCAAACATGTCCACAG_008,52
CTGATCAAACATGTCCACAG_009,188
CTGATCAAACATGTCCACAG_010,191
CTGATCAAACATGTCCACAG_011,168
CTGATCAAACATGTCCACAG_012,168
CTGATCAAACATGTCCACAG_013,17
CTGATCAAACATGTCCACAG_014,5
CTGATCAAACATGTCCACAG_015,36
CTGATCAAACATGTCCACAG_016,43
CCGCCAACCGAGTGCCCGCG_001,188
CCGCCAACCGAGTGCCCGCG_002,42
CCGCCAACCGAGTGCCCGCG_003,170
CCGCCAACCGAGTGCCCGCG_004,154
CCGCCAACCGAGTGCCCGCG_005,134
CCGCCAACCGAGTGCCCGCG_006,2
CCGCCAACCGAGTGCCCGCG_007,69
CCGCCAACCGAGTGCCCGCG_008,117
CCGCCAACCGAGTGCCCGCG_009,48
CCGCCAACCGAGTGCCCGCG_010,26
CCGCCAACCGAGTGCCCGCG_011,69
CCGCCAACCGAGTGCCCGCG_012,12
CCGCCAACCGAGTGCCCGCG_013,98
CCGCCAACCGAGTGCCCGCG_014,184
CCGCCAACCGAGTGCCCGCG_015,22
CCGCCAACCGAGTGCCCGCG_016,81
CCGCCAACCGAGTGCCCGCG_017,138
CCGCCAACCGAGTGCCCGCG_018,5
CCGCCAACCGAGTGCCCGCG_019,26
CCGCCAACCGAGTGCCCGCG_020,39
CCGCCAACCGAGTGCCCGCG_021,142
CCGCCAACCGAGTGCCCGCG_022,91
CCGCCAACCGAGTGCCCGCG_023,91
CCGCCAACCGAGTGCCCGCG_024,36
ACGGTTAGAGACACCAACAC_001,157
ACGGTTAGAGACACCAACAC_002,170
ACGGTTAGAGACACCAACAC_003,141
ACGGTTAGAGACACCAACAC_004,188
ACGGTTAGAGACACCAACAC_005,94
ACGGTTAGAGACACCAACAC_006,82
CCGGGCGCCCGGAATCCCGG_001,193
CCGGGCGCCCGGAATCCCGG_002,177
CCGGGCGCCCGGAATCCCGG_003,149
CCGGGCGCCCGGAATCCCGG_004,53
CCGGGCGCCCGGAATCCCGG_005,147
CCGGGCGCCCGGAATCCCGG_006,165
CCGGGCGCCCGGAATCCCGG_007,115
CCGGGCGCCCGGAATCCCGG_008,148
CCGGGCGCCCGGAATCCCGG_009,88
CCGGGCGCCCGGAATCCCGG_010,166
CCGGGCGCCCGGAATCCCGG_011,81
CCGGGCGCCCGGAATCCCGG_012,63
CCGGGCGCCCGGAATCCCGG_013,173
CCGGGCGCCCGGAATCCCGG_014,173
CCGGGCGCCCGGAATCCCGG_015,40
CCGGGCGCCCGGAATCCCGG_016,78
CCGGGCGCCCGGAATCCCGG_017,199
CCGGGCGCCCGGAATCCCGG_018,121
GCTGAATGGAAGCACATACA_001,171
GCTGAATGGAAGCACATACA_002,63
GCTGAATGGAAGCACATACA_003,77
GCTGAATGGAAGCACATACA_004,185
GCTGAATGGAAGCACATACA_005,42
GCTGAATGGAAGCACATACA_006,130
GCTGAATGGAAGCACATACA_007,94
GCTGAATGGAAGCACATACA_008,175
GCTGAATGGAAGCACATACA_009,149
GCTGAATGGAAGCACATACA_010,184
GAATGTGGGTCGCTTCACGG_001,69
GAATGTGGGTCGCTTCACGG_002,107
GAATGTGGGTCGCTTCACGG_003,112
GAATGTGGGTCGCTTCACGG_004,145
GAATGTGGGTCGCTTCACGG_005,116
GAATGTGGGTCGCTTCACGG_006,121
GAATGTGGGTCGCTTCACGG_007,82
GAATGTGGGTCGCTTCACGG_008,149
GAATGTGGGTCGCTTCACGG_009,51
GAATGTGGGTCGCTTCACGG_010,101
GAATGTGGGTCGCTTCACGG_011,150
GTAGAGTCGCGAGTCCATGG_001,144
GTAGAGTCGCGAGTCCATGG_002,172
GTAGAGTCGCGAGTCCATGG_003,168
GTAGAGTCGCGAGTCCATGG_004,141
GTAGAGTCGCGAGTCCATGG_005,77
GTAGAGTCGCGAGTCCATGG_006,70
GTAGAGTCGCGAGTCCATGG_007,66
GTAGAGTCGCGAGTCCATGG_008,29
GTAGAGTCGCGAGTCCATGG_009,119
GTAGAGTCGCGAGTCCATGG_010,34
GTAGAGTCGCGAGTCCATGG_011,136
GTAGAGTCGCGAGTCCATGG_012,19
GTAGAGTCGCGAGTCCATGG_013,181
GTAGAGTCGCGAGTCCATGG_014,94
GTAGAGTCGCGAGTCCATGG_015,196
TGGCTTCTATTAGATCACCG_001,18
TGGCTTCTATTAGATCACCG_002,169
TGGCTTCTATTAGATCACCG_003,198
TGGCTTCTATTAGATCACCG_004,155
TGGCTTCTATTAGATCACCG_005,176
GCTTGGCGCCCAGATATGCC_001,43
GCTTGGCGCCCAGATATGCC_002,84
TCTGCTAACTGGCAGTCGCT_001,167
TCTGCTAACTGGCAGTCGCT_002,25
TCTGCTAACTGGCAGTCGCT_003,72
TCTGCTAACTGGCAGTCGCT_004,100
CTCGCACAAAGCTCCGCAGT_001,137
CTCGCACAAAGCTCCGCAGT_002,54
CTCGCACAAAGCTCCGCAGT_003,146
CTCGCACAAAGCTCCGCAGT_004,105
CTCGCACAAAGCTCCGCAGT_005,183
CTCGCACAAAGCTCCGCAGT_006,162
CTCGCACAAAGCTCCGCAGT_007,110
CTCGCACAAAGCTCCGCAGT_008,1
CTCGCACAAAGCTCCGCAGT_009,138
CTCGCACAAAGCTCCGCAGT_010,142
CTCGCACAAAGCTCCGCAGT_011,77
GAGCTGCAGTACAGGAACCG_001,11
GAGCTGCAGTACAGGAACCG_002,137
GAGCTGCAGTACAGGAACCG_003,159
GAGCTGCAGTACAGGAACCG_004,182
GAGCTGCAGTACAGGAACCG_005,7
GAGCTGCAGTACAGGAACCG_006,28
GAGCTGCAGTACAGGAACCG_007,191
GAGCTGCAGTACAGGAACCG_008,149
GAGCTGCAGTACAGGAACCG_009,108
GAGCTGCAGTACAGGAACCG_010,173
GAGCTGCAGTACAGGAACCG_011,173
GAGCTGCAGTACAGGAACCG_012,74
GAGCTGCAGTACAGGAACCG_013,113
GAGCTGCAGTACAGGAACCG_014,93
GAGCTGCAGTACAGGAACCG_015,148
GAGCTGCAGTACAGGAACCG_016,99
GAGCTGCAGTACAGGAACCG_017,68
GAGCTGCAGTACAGGAACCG_018,58
GAGCTGCAGTACAGGAACCG_019,49
GAGCTGCAGTACAGGAACCG_020,187
GAGCTGCAGTACAGGAACCG_021,189
GAGCTGCAGTACAGGAACCG_022,38
GAGCTGCAGTACAGGAACCG_023,171
GAGCTGCAGTACAGGAACCG_024,63
GAGCTGCAGTACAGGAACCG_025,149
GAGCTGCAGTACAGGAACCG_026,176
GAGCTGCAGTACAGGAACCG_027,39
GAGCTGCAGTACAGGAACCG_028,10
GAGCTGCAGTACAGGAACCG_029,78
GAGCTGCAGTACAGGAACCG_030,65
GAGCTGCAGTACAGGAACCG_031,146
GAGCTGCAGTACAGGAACCG_032,171
TTCCTGAGGATCCTTCCGGA_001,178
ACTTACCAGAGTAACTACAA_001,175
ACTTACCAGAGTAACTACAA_002,148
ACTTACCAGAGTAACTACAA_003,34
ACTTACCAGAGTAACTACAA_004,115
ACTTACCAGAGTAACTACAA_005,97
GATGTATTCTTAGTTGACCG_001,145
GATGTATTCTTAGTTGACCG_002,74
GATGTATTCTTAGTTGACCG_003,41
GATGTATTCTTAGTTGACCG_004,148
GATGTATTCTTAGTTGACCG_005,2
GATGTATTCTTAGTTGACCG_006,41
CGGGACAAGCTGGATAGCAG_001,156
CGGGACAAGCTGGATAGCAG_002,155
CGGGACAAGCTGGATAGCAG_003,78
CGGGACAAGCTGGATAGCAG_004,33
CTGGAAAGAGTACATACAGG_001,112
CTGGAAAGAGTACATACAGG_002,150
CTGGAAAGAGTACATACAGG_003,115
GAAGCCCATTAGTCCTGTCA_001,78
GAAGCCCATTAGTCCTGTCA_002,64
GAAGCCCATTAGTCCTGTCA_003,172
GAAGCCCATTAGTCCTGTCA_004,7
GAAGCCCATTAGTCCTGTCA_005,15
GAAGCCCATTAGTCCTGTCA_006,108
GAAGCCCATTAGTCCTGTCA_007,199
GAAGCCCATTAGTCCTGTCA_008,158
GAAGCCCATTAGTCCTGTCA_009,129
GAAGCCCATTAGTCCTGTCA_010,101
GAAGCCCATTAGTCCTGTCA_011,166
GAAGCCCATTAGTCCTGTCA_012,180
GAAGCCCATTAGTCCTGTCA_013,70
GAAGCCCATTAGTCCTGTCA_014,60
GAAGCCCATTAGTCCTGTCA_015,69
GAAGCCCATTAGTCCTGTCA_016,138
GAAGCCCATTAGTCCTGTCA_017,133
ATGGCATGTTCCATGGCGTG_001,43
ATGGCATGTTCCATGGCGTG_002,51
ATGGCATGTTCCATGGCGTG_003,48
ATGGCATGTTCCATGGCGTG_004,68
GTCGTGCTTACCGCCACCGG_001,94
GTCGTGCTTACCGCCACCGG_002,29
GTCGTGCTTACCGCCACCGG_003,118
GTCGTGCTTACCGCCACCGG_004,112
GTCGTGCTTACCGCCACCGG_005,131
GTCGTGCTTACCGCCACCGG_006,36
GTCGTGCTTACCGCCACCGG_007,15
GTCGTGCTTACCGCCACCGG_008,27
GTCGTGCTTACCGCCACCGG_009,180
GTCGTGCTTACCGCCACCGG_010,54
GCCCCGTGGTGAACTCAGGA_001,4
GCCCCGTGGTGAACTCAGGA_002,83
GCCCCGTGGTGAACTCAGGA_003,14
GCCCCGTGGTGAACTCAGGA_004,65
GCCCCGTGGTGAACTCAGGA_005,58
GCCCCGTGGTGAACTCAGGA_006,16
AACAGTATCTTCAGACACGC_001,192
AACAGTATCTTCAGACACGC_002,85
AACAGTATCTTCAGACACGC_003,119
AACAGTATCTTCAGACACGC_004,122
AACAGTATCTTCAGACACGC_005,141
AACAGTATCTTCAGACACGC_006,188
GGGAGTGATAGAGCTCATAG_001,57
GGGAGTGATAGAGCTCATAG_002,49
GGGAGTGATAGAGCTCATAG_003,172
GGGAGTGATAGAGCTCATAG_004,179
GAAGAGGACAGTTTCTAGTG_001,166
GAAGAGGACAGTTTCTAGTG_002,155
GAAGAGGACAGTTTCTAGTG_003,145
GAAGAGGACAGTTTCTAGTG_004,98
GAAGAGGACAGTTTCTAGTG_005,0
GAAGAGGACAGTTTCTAGTG_006,2
GAAGAGGACAGTTTCTAGTG_007,43
GAAGAGGACAGTTTCTAGTG_008,36
GAAGAGGACAGTTTCTAGTG_009,66
GAAGAGGACAGTTTCTAGTG_010,170
GAAGAGGACAGTTTCTAGTG_011,12
TCACCCAAACATACTAGAGT_001,127
TCACCCAAACATACTAGAGT_002,70
TCACCCAAACATACTAGAGT_003,140
TCACCCAAACATACTAGAGT_004,52
TCACCCAAACATACTAGAGT_005,76
TCACCCAAACATACTAGAGT_006,182
TCACCCAAACATACTAGAGT_007,166
TCACCCAAACATACTAGAGT_008,157
TGTCGCCCAACGCTGTGCAG_001,15
TGTCGCCCAACGCTGTGCAG_002,184
TGTCGCCCAACGCTGTGCAG_003,64
TGTCGCCCAACGCTGTGCAG_004,72
TGTCGCCCAACGCTGTGCAG_005,84
TGTCGCCCAACGCTGTGCAG_006,50
TGTCGCCCAACGCTGTGCAG_007,189
TGTCGCCCAACGCTGTGCAG_008,166
TGTCGCCCAACGCTGTGCAG_009,184
TGTCGCCCAACGCTGTGCAG_010,21
TGTCGCCCAACGCTGTGCAG_011,173
TGTCGCCCAACGCTGTGCAG_012,188
TGTCGCCCAACGCTGTGCAG_013,149
TGTCGCCCAACGCTGTGCAG_014,49
TGTCGCCCAACGCTGTGCAG_015,168
TGTCGCCCAACGCTGTGCAG_016,190
TGTCGCCCAACGCTGTGCAG_017,28
TGTCGCCCAACGCTGTGCAG_018,58
TGTCGCCCAACGCTGTGCAG_019,102
TGTCGCCCAACGCTGTGCAG_020,198
TGTCGCCCAACGCTGTGCAG_021,125
TGTCGCCCAACGCTGTGCAG_022,33
ACTAGTCCGAAGGTATGTCG_001,41
ACTAGTCCGAAGGTATGTCG_002,111
ACTAGTCCGAAGGTATGTCG_003,93
ACTAGTCCGAAGGTATGTCG_004,137
ACTAGTCCGAAGGTATGTCG_005,19
ATGGGTACGACGGACTGCCG_001,48
ATGGGTACGACGGACTGCCG_002,130
ATGGGTACGACGGACTGCCG_003,23
ATGGGTACGACGGACTGCCG_004,23
ATGGGTACGACGGACTGCCG_005,188
ATGGGTACGACGGACTGCCG_006,28
ATGGGTACGACGGACTGCCG_007,175
ATGGGTACGACGGACTGCCG_008,63
ATGGGTACGACGGACTGCCG_009,12
ATGGGTACGACGGACTGCCG_010,116
ATGGGTACGACGGACTGCCG_011,169
ATGGGTACGACGGACTGCCG_012,63
ATGGGTACGACGGACTGCCG_013,16
ATGGGTACGACGGACTGCCG_014,188
ATGGGTACGACGGACTGCCG_015,94
ATGGGTACGACGGACTGCCG_016,191
ATGGGTACGACGGACTGCCG_017,0
ATGGGTACGACGGACTGCCG_018,29
ATGGGTACGACGGACTGCCG_019,174
ATGGGTACGACGGACTGCCG_020,110
ATGGGTACGACGGACTGCCG_021,147
ATGGGTACGACGGACTGCCG_022,149
ATGGGTACGACGGACTGCCG_023,94
ATGGGTACGACGGACTGCCG_024,16
ATGGGTACGACGGACTGCCG_025,66
ATGGGTACGACGGACTGCCG_026,157
ATGGGTACGACGGACTGCCG_027,157
ATGGGTACGACGGACTGCCG_028,133
ATGGGTACGACGGACTGCCG_029,26
ATGGGTACGACGGACTGCCG_030,37
ATGGGTACGACGGACTGCCG_031,81
ATGGGTACGACGGACTGCCG_032,104
ATGGGTACGACGGACTGCCG_033,70
ATGGGTACGACGGACTGCCG_034,58
ATGGGTACGACGGACTGCCG_035,147
ATGGGTACGACGGACTGCCG_036,195
ATGGGTACGACGGACTGCCG_037,147
ATGGGTACGACGGACTGCCG_038,158
ATGGGTACGACGGACTGCCG_039,22
ATGGGTACGACGGACTGCCG_040,88
ATGGGTACGACGGACTGCCG_041,48
ATGGGTACGACGGACTGCCG_042,48
ATGGGTACGACGGACTGCCG_043,124
ATGGGTACGACGGACTGCCG_044,62
ATGGGTACGACGGACTGCCG_045,64
ATGGGTACGACGGACTGCCG_046,142
ATGGGTACGACGGACTGCCG_047,188
ATGGGTACGACGGACTGCCG_048,17
ATGGGTACGACGGACTGCCG_049,98
ATGGGTACGACGGACTGCCG_050,13
CTCAGGAGGACTTACAGGAA_001,23
CTCAGGAGGACTTACAGGAA_002,23
CTCAGGAGGACTTACAGGAA_003,198
CTCAGGAGGACTTACAGGAA_004,10
CTCAGGAGGACTTACAGGAA_005,184
CTCAGGAGGACTTACAGGAA_006,58
CTCAGGAGGACTTACAGGAA_007,134
CTCAGGAGGACTTACAGGAA_008,144
CTCAGGAGGACTTACAGGAA_009,197
CTCAGGAGGACTTACAGGAA_010,146
CTCAGGAGGACTTACAGGAA_011,114
CTCAGGAGGACTTACAGGAA_012,99
CTTGTCCTCTCGGCGCACCG_001,76
CTTGTCCTCTCGGCGCACCG_002,95
CTTGTCCTCTCGGCGCACCG_003,199
CTTGTCCTCTCGGCGCACCG_004,52
CTTGTCCTCTCGGCGCACCG_005,104
CTTGTCCTCTCGGCGCACCG_006,93
CTTGTCCTCTCGGCGCACCG_007,41
CTTGTCCTCTCGGCGCACCG_008,29
TTAGATTCCAAATTGTGCCT_001,15
TTAGATTCCAAATTGTGCCT_002,124
TTAGATTCCAAATTGTGCCT_003,142
TTAGATTCCAAATTGTGCCT_004,183
GAGGCCGGAAAGTAGACACG_001,63
GAGGCCGGAAAGTAGACACG_002,60
GAGGCCGGAAAGTAGACACG_003,41
GAGGCCGGAAAGTAGACACG_004,126
GAGGCCGGAAAGTAGACACG_005,137
GAGGCCGGAAAGTAGACACG_006,192
GAGGCCGGAAAGTAGACACG_007,169
GAGGCCGGAAAGTAGACACG_008,47
GAGGCCGGAAAGTAGACACG_009,157
GAGGCCGGAAAGTAGACACG_010,56
GAGGCCGGAAAGTAGACACG_011,8
GAGGCCGGAAAGTAGACACG_012,6
GAGGCCGGAAAGTAGACACG_013,49
GAGGCCGGAAAGTAGACACG_014,184
GAGGCCGGAAAGTAGACACG_015,144
GAGGCCGGAAAGTAGACACG_016,40
GAGGCCGGAAAGTAGACACG_017,10
GAGGCCGGAAAGTAGACACG_018,183
GAGGCCGGAAAGTAGACACG_019,39
GAGGCCGGAAAGTAGACACG_020,165
GAGGCCGGAAAGTAGACACG_021,194
ATTCTTACATGTACATGAGG_001,170
ATTCTTACATGTACATGAGG_002,134
ATTCTTACATGTACATGAGG_003,170
ATTCTTACATGTACATGAGG_004,50
ATTCTTACATGTACATGAGG_005,160
CAGCGGTAGCTATCGATGAA_001,189
CAGCGGTAGCTATCGATGAA_002,74
CAGCGGTAGCTATCGATGAA_003,170
CAGCGGTAGCTATCGATGAA_004,181
CAGCGGTAGCTATCGATGAA_005,44
CAGCGGTAGCTATCGATGAA_006,27
CAGCGGTAGCTATCGATGAA_007,113
CAGCGGTAGCTATCGATGAA_008,194
CAGCGGTAGCTATCGATGAA_009,75
CAGCGGTAGCTATCGATGAA_010,169
CAGCGGTAGCTATCGATGAA_011,60
CAGCGGTAGCTATCGATGAA_012,141
CAGCGGTAGCTATCGATGAA_013,147
CAGCGGTAGCTATCGATGAA_014,23
CAGCGGTAGCTATCGATGAA_015,149
CAGCGGTAGCTATCGATGAA_016,14
CAGCGGTAGCTATCGATGAA_017,159
CAGCGGTAGCTATCGATGAA_018,83
CAGCGGTAGCTATCGATGAA_019,102
CAGCGGTAGCTATCGATGAA_020,43
CAGCGGTAGCTATCGATGAA_021,154
CAGCGGTAGCTATCGATGAA_022,85
CAGCGGTAGCTATCGATGAA_023,43
CAGCGGTAGCTATCGATGAA_024,63
CAGCGGTAGCTATCGATGAA_025,61
CAGCGGTAGCTATCGATGAA_026,81
CAGCGGTAGCTATCGATGAA_027,49
TATGACTCCATGAAGCACTG_001,38
TATGACTCCATGAAGCACTG_002,38
TATGACTCCATGAAGCACTG_003,107
TATGACTCCATGAAGCACTG_004,105
TATGACTCCATGAAGCACTG_005,175
TATGACTCCATGAAGCACTG_006,101
TCCAGCAGAGTCTTCATGGA_001,175
TCCAGCAGAGTCTTCATGGA_002,171
TCCAGCAGAGTCTTCATGGA_003,172
TCCAGCAGAGTCTTCATGGA_004,79
TCCAGCAGAGTCTTCATGGA_005,105
CCGCCGCTTCAAAGAACGCG_001,48
CCGCCGCTTCAAAGAACGCG_002,105
CCGCCGCTTCAAAGAACGCG_003,77
CCGCCGCTTCAAAGAACGCG_004,170
CCGCCGCTTCAAAGAACGCG_005,46
CACATGCCAAGAGAGCGTAC_001,115
CACATGCCAAGAGAGCGTAC_002,184
CACATGCCAAGAGAGCGTAC_003,177
CACATGCCAAGAGAGCGTAC_004,59
CACATGCCAAGAGAGCGTAC_005,188
CACATGCCAAGAGAGCGTAC_006,150
CACATGCCAAGAGAGCGTAC_007,182
CACATGCCAAGAGAGCGTAC_008,75
CACATGCCAAGAGAGCGTAC_009,79
CACATGCCAAGAGAGCGTAC_010,115
CACATGCCAAGAGAGCGTAC_011,41
CACATGCCAAGAGAGCGTAC_012,179
CACATGCCAAGAGAGCGTAC_013,65
CACATGCCAAGAGAGCGTAC_014,48
CACATGCCAAGAGAGCGTAC_015,172
CACATGCCAAGAGAGCGTAC_016,56
CACATGCCAAGAGAGCGTAC_017,82
CACATGCCAAGAGAGCGTAC_018,82
CACATGCCAAGAGAGCGTAC_019,180
CACATGCCAAGAGAGCGTAC_020,12
CACATGCCAAGAGAGCGTAC_021,2
CACATGCCAAGAGAGCGTAC_022,166
CACATGCCAAGAGAGCGTAC_023,9
CACATGCCAAGAGAGCGTAC_024,153
CACATGCCAAGAGAGCGTAC_025,168
CACATGCCAAGAGAGCGTAC_026,138
GCTGTCGGTGATCCGACAGA_001,37
CGGTGCCGCGACTTTCACGA_001,102
CGGTGCCGCGACTTTCACGA_002,55
CGGTGCCGCGACTTTCACGA_003,154
CGGTGCCGCGACTTTCACGA_004,122
CGGTGCCGCGACTTTCACGA_005,62
CGGTGCCGCGACTTTCACGA_006,115
CGGTGCCGCGACTTTCACGA_007,149
CGGTGCCGCGACTTTCACGA_008,148
CGGTGCCGCGACTTTCACGA_009,0
CGGTGCCGCGACTTTCACGA_010,132
CGGTGCCGCGACTTTCACGA_011,9
CGGTGCCGCGACTTTCACGA_012,143
CGGTGCCGCGACTTTCACGA_013,42
CGGTGCCGCGACTTTCACGA_014,140
CGGTGCCGCGACTTTCACGA_015,137
CGGTGCCGCGACTTTCACGA_016,122
CGGTGCCGCGACTTTCACGA_017,185
CGGTGCCGCGACTTTCACGA_018,185
CGGTGCCGCGACTTTCACGA_019,8
CGGTGCCGCGACTTTCACGA_020,24
CGGTGCCGCGACTTTCACGA_021,80
CGGTGCCGCGACTTTCACGA_022,159
CGGTGCCGCGACTTTCACGA_023,187
CGGTGCCGCGACTTTCACGA_024,95
CGGTGCCGCGACTTTCACGA_025,50
CGGTGCCGCGACTTTCACGA_026,147
CGGTGCCGCGACTTTCACGA_027,147
CGGTGCCGCGACTTTCACGA_028,52
CGGTGCCGCGACTTTCACGA_029,44
CGGTGCCGCGACTTTCACGA_030,37
CGGTGCCGCGACTTTCACGA_031,39
CGGTGCCGCGACTTTCACGA_032,188
CGGTGCCGCGACTTTCACGA_033,115
CGGTGCCGCGACTTTCACGA_034,53
CGGTGCCGCGACTTTCACGA_035,183
CGGTGCCGCGACTTTCACGA_036,183
CGGTGCCGCGACTTTCACGA_037,105
CGGTGCCGCGACTTTCACGA_038,31
CGGTGCCGCGACTTTCACGA_039,186
CGGTGCCGCGACTTTCACGA_040,49
CGGTGCCGCGACTTTCACGA_041,18
CGGTGCCGCGACTTTCACGA_042,70
CGGTGCCGCGACTTTCACGA_043,190
AAATACACCACATGTGTGAA_001,144
AAATACACCACATGTGTGAA_002,62
TGAAGTTGTCGCAGTCTCAG_001,116
TGAAGTTGTCGCAGTCTCAG_002,113
TGAAGTTGTCGCAGTCTCAG_003,26
TGAAGTTGTCGCAGTCTCAG_004,9
TGAAGTTGTCGCAGTCTCAG_005,76
TGAAGTTGTCGCAGTCTCAG_006,41
TGAAGTTGTCGCAGTCTCAG_007,162
TGAAGTTGTCGCAGTCTCAG_008,81
TGAAGTTGTCGCAGTCTCAG_009,41
TGAAGTTGTCGCAGTCTCAG_010,169
TGAAGTTGTCGCAGTCTCAG_011,2
TGAAGTTGTCGCAGTCTCAG_012,162
TGAAGTTGTCGCAGTCTCAG_013,16
TGAAGTTGTCGCAGTCTCAG_014,160
TGAAGTTGTCGCAGTCTCAG_015,52
TGAAGTTGTCGCAGTCTCAG_016,104
ATCCAACAATGAAAATGATG_001,88
ATCCAACAATGAAAATGATG_002,68
ATCCAACAATGAAAATGATG_003,163
ATCCAACAATGAAAATGATG_004,160
ATCCAACAATGAAAATGATG_005,171
ATCCAACAATGAAAATGATG_006,37
ATCCAACAATGAAAATGATG_007,189
ATCCAACAATGAAAATGATG_008,101
ATCCAACAATGAAAATGATG_009,32
ATCCAACAATGAAAATGATG_010,172
ATCCAACAATGAAAATGATG_011,30
GGAGACCTTCCTGAAAGCTG_001,96
GGAGACCTTCCTGAAAGCTG_002,99
GGAGACCTTCCTGAAAGCTG_003,170
GGAGACCTTCCTGAAAGCTG_004,150
GGAGACCTTCCTGAAAGCTG_005,37
GGAGACCTTCCTGAAAGCTG_006,132
GGAGACCTTCCTGAAAGCTG_007,115
AAGGCCTTCACTCGCGCCAG_001,94
AAGGCCTTCACTCGCGCCAG_002,4
AAGGCCTTCACTCGCGCCAG_003,60
AAGGCCTTCACTCGCGCCAG_004,122
AAGGCCTTCACTCGCGCCAG_005,1
AAGGCCTTCACTCGCGCCAG_006,6
AAGGCCTTCACTCGCGCCAG_007,49
AAGGCCTTCACTCGCGCCAG_008,175
AAGGCCTTCACTCGCGCCAG_009,9
AAGGCCTTCACTCGCGCCAG_010,197
AAGGCCTTCACTCGCGCCAG_011,11
AAGGCCTTCACTCGCGCCAG_012,142
AAGGCCTTCACTCGCGCCAG_013,140
AAGGCCTTCACTCGCGCCAG_014,81
AAGGCCTTCACTCGCGCCAG_015,96
AAGGCCTTCACTCGCGCCAG_016,149
AAGGCCTTCACTCGCGCCAG_017,145
AAGGCCTTCACTCGCGCCAG_018,155
AAGGCCTTCACTCGCGCCAG_019,49
AAGGCCTTCACTCGCGCCAG_020,103
AAGGCCTTCACTCGCGCCAG_021,105
AAGGCCTTCACTCGCGCCAG_022,34
AAGGCCTTCACTCGCGCCAG_023,91
GGTAACTGTGCCTATTCGAG_001,56
GGTAACTGTGCCTATTCGAG_002,149
GGTAACTGTGCCTATTCGAG_003,81
GGTAACTGTGCCTATTCGAG_004,155
GCAGAGTGATAGCAGTTGCG_001,72
GCAGAGTGATAGCAGTTGCG_002,48
GCAGAGTGATAGCAGTTGCG_003,34
GCAGAGTGATAGCAGTTGCG_004,187
CGGCTGTCACAGATGAGGCG_001,196
CGGCTGTCACAGATGAGGCG_002,111
CGGCTGTCACAGATGAGGCG_003,58
CGGCTGTCACAGATGAGGCG_004,115
CGGCTGTCACAGATGAGGCG_005,30
CGGCTGTCACAGATGAGGCG_006,112
CGGCTGTCACAGATGAGGCG_007,191
GAAGTGTGAAAGCTGGTACG_001,170
GAAGTGTGAAAGCTGGTACG_002,29
GAAGTGTGAAAGCTGGTACG_003,86
GAAGTGTGAAAGCTGGTACG_004,127
GAAGTGTGAAAGCTGGTACG_005,60
GAAGTGTGAAAGCTGGTACG_006,1
GAAGTGTGAAAGCTGGTACG_007,176
GAAGTGTGAAAGCTGGTACG_008,146
GAAGTGTGAAAGCTGGTACG_009,55
GAAGTGTGAAAGCTGGTACG_010,19
GAAGTGTGAAAGCTGGTACG_011,0
GAAGTGTGAAAGCTGGTACG_012,150
GAAGTGTGAAAGCTGGTACG_013,6
GAAGTGTGAAAGCTGGTACG_014,36
GAAGTGTGAAAGCTGGTACG_015,159
GAAGTGTGAAAGCTGGTACG_016,135
GAAGTGTGAAAGCTGGTACG_017,125
GGGATCGCCATGGAGACCAG_001,198
GGGATCGCCATGGAGACCAG_002,16
GGGATCGCCATGGAGACCAG_003,94
GGGATCGCCATGGAGACCAG_004,188
GGGATCGCCATGGAGACCAG_005,194
GGGATCGCCATGGAGACCAG_006,194
GGGATCGCCATGGAGACCAG_007,48
GGGATCGCCATGGAGACCAG_008,78
GGGATCGCCATGGAGACCAG_009,150
GGGATCGCCATGGAGACCAG_010,68
GGGATCGCCATGGAGACCAG_011,118
GGGATCGCCATGGAGACCAG_012,22
GGGATCGCCATGGAGACCAG_013,192
GTGCAGAGATCGAAAAAGGT_001,92
GCTGGGTAAGGTATGACTTG_001,112
GCTGGGTAAGGTATGACTTG_002,184
GCTGGGTAAGGTATGACTTG_003,35
GCTGGGTAAGGTATGACTTG_004,174
GCTGGGTAAGGTATGACTTG_005,188
GCTGGGTAAGGTATGACTTG_006,39
GCTGGGTAAGGTATGACTTG_007,166
GCTGGGTAAGGTATGACTTG_008,166
GAGAGCGTTAGCGTGGGATG_001,102
GAGAGCGTTAGCGTGGGATG_002,22
GAGAGCGTTAGCGTGGGATG_003,96
GAGAGCGTTAGCGTGGGATG_004,9
GAGAGCGTTAGCGTGGGATG_005,136
GAGAGCGTTAGCGTGGGATG_006,118
GAGAGCGTTAGCGTGGGATG_007,169
GAGAGCGTTAGCGTGGGATG_008,162
GAGAGCGTTAGCGTGGGATG_009,172
GAGAGCGTTAGCGTGGGATG_010,15
GAGAGCGTTAGCGTGGGATG_011,102
GAGAGCGTTAGCGTGGGATG_012,134
GAGAGCGTTAGCGTGGGATG_013,134
GAGAGCGTTAGCGTGGGATG_014,7
GAGAGCGTTAGCGTGGGATG_015,121
GAGAGCGTTAGCGTGGGATG_016,12
GAGAGCGTTAGCGTGGGATG_017,102
GAGAGCGTTAGCGTGGGATG_018,49
GAGAGCGTTAGCGTGGGATG_019,104
GAGAGCGTTAGCGTGGGATG_020,123
GAGAGCGTTAGCGTGGGATG_021,2
GAGAGCGTTAGCGTGGGATG_022,27
GAGAGCGTTAGCGTGGGATG_023,52
GAGAGCGTTAGCGTGGGATG_024,106
GAGAGCGTTAGCGTGGGATG_025,166
GAGAGCGTTAGCGTGGGATG_026,82
CTGGACTGCTTTAATGTATG_001,2
CTGGACTGCTTTAATGTATG_002,173
CTGGACTGCTTTAATGTATG_003,114
GCGCACGTCATCCCAGCGGA_001,32
GCGCACGTCATCCCAGCGGA_002,188
GCGCACGTCATCCCAGCGGA_003,9
GCGCACGTCATCCCAGCGGA_004,104
GCGCACGTCATCCCAGCGGA_005,70
GCGCACGTCATCCCAGCGGA_006,146
TTGGCCTTCTGATGACATCG_001,6
TTGGCCTTCTGATGACATCG_002,127
TTGGCCTTCTGATGACATCG_003,126
TTGGCCTTCTGATGACATCG_004,123
TTGGCCTTCTGATGACATCG_005,16
TTGGCCTTCTGATGACATCG_006,84
TTGGCCTTCTGATGACATCG_007,28
TTGGCCTTCTGATGACATCG_008,2
TTGGCCTTCTGATGACATCG_009,2
TTGGCCTTCTGATGACATCG_010,168
TTGGCCTTCTGATGACATCG_011,144
GGCCGTCACACTCACCCACG_001,70
GGCCGTCACACTCACCCACG_002,162
GGCCGTCACACTCACCCACG_003,149
GGCCGTCACACTCACCCACG_004,184
GGCCGTCACACTCACCCACG_005,137
GGCCGTCACACTCACCCACG_006,10
GGCCGTCACACTCACCCACG_007,167
GGCCGTCACACTCACCCACG_008,57
TGATTAGTGATTGGCACACA_001,101
TGATTAGTGATTGGCACACA_002,28
TGATTAGTGATTGGCACACA_003,198
TGATTAGTGATTGGCACACA_004,153
TGATTAGTGATTGGCACACA_005,44
TGATTAGTGATTGGCACACA_006,77
TGATTAGTGATTGGCACACA_007,94
GGTGGGGCCATCAGTCACAG_001,162
GGTGGGGCCATCAGTCACAG_002,140
GGTGGGGCCATCAGTCACAG_003,160
GGTGGGGCCATCAGTCACAG_004,146
GGTGGGGCCATCAGTCACAG_005,85
GGTGGGGCCATCAGTCACAG_006,85
GGTGGGGCCATCAGTCACAG_007,68
GGTGGGGCCATCAGTCACAG_008,58
AAGTGACTTGAGGTCATCCA_001,94
AAGTGACTTGAGGTCATCCA_002,31
AAGTGACTTGAGGTCATCCA_003,127
AAGTGACTTGAGGTCATCCA_004,169
AAGTGACTTGAGGTCATCCA_005,191
AAGTGACTTGAGGTCATCCA_006,12
AAGTGACTTGAGGTCATCCA_007,103
AAGTGACTTGAGGTCATCCA_008,132
AAGTGACTTGAGGTCATCCA_009,88
AAGTGACTTGAGGTCATCCA_010,91
AAGTGACTTGAGGTCATCCA_011,19
GAGCGTGCTGAAGACGACAC_001,181
GAGCGTGCTGAAGACGACAC_002,176
GAGCGTGCTGAAGACGACAC_003,166
GAGCGTGCTGAAGACGACAC_004,170
GAGCGTGCTGAAGACGACAC_005,127
GAGCGTGCTGAAGACGACAC_006,96
GAGCGTGCTGAAGACGACAC_007,99
GAGCGTGCTGAAGACGACAC_008,125
GAGCGTGCTGAAGACGACAC_009,81
GAGCGTGCTGAAGACGACAC_010,150
GAGCGTGCTGAAGACGACAC_011,81
GAGCGTGCTGAAGACGACAC_012,118
GAGCGTGCTGAAGACGACAC_013,169
GAGCGTGCTGAAGACGACAC_014,142
GAGCGTGCTGAAGACGACAC_015,57
GAGCGTGCTGAAGACGACAC_016,139
GAGCGTGCTGAAGACGACAC_017,149
GAGCGTGCTGAAGACGACAC_018,169
GAGCGTGCTGAAGACGACAC_019,9
GAGCGTGCTGAAGACGACAC_020,63
GAGCGTGCTGAAGACGACAC_021,121
GAGCGTGCTGAAGACGACAC_022,83
GAGCGTGCTGAAGACGACAC_023,199
GAGCGTGCTGAAGACGACAC_024,79
GAGCGTGCTGAAGACGACAC_025,9
GAGCGTGCTGAAGACGACAC_026,76
GTAGTAGACGAGGGTGAACG_001,163
GTAGTAGACGAGGGTGAACG_002,172
GTAGTAGACGAGGGTGAACG_003,197
GTAGTAGACGAGGGTGAACG_004,50
GTAGTAGACGAGGGTGAACG_005,157
GTAGTAGACGAGGGTGAACG_006,123
GTAGTAGACGAGGGTGAACG_007,173
GCATGTGCTGTCACGCACAA_001,168
GCATGTGCTGTCACGCACAA_002,88
GCATGTGCTGTCACGCACAA_003,105
GCATGTGCTGTCACGCACAA_004,98
GCATGTGCTGTCACGCACAA_005,92
GCATGTGCTGTCACGCACAA_006,125
GCATGTGCTGTCACGCACAA_007,142
GCATGTGCTGTCACGCACAA_008,149
GCATGTGCTGTCACGCACAA_009,185
TTTGGAGGCAGCACAGCTTG_001,157
TTTGGAGGCAGCACAGCTTG_002,7
TTTGGAGGCAGCACAGCTTG_003,158
TTTGGAGGCAGCACAGCTTG_004,33
TTTGGAGGCAGCACAGCTTG_005,97
AGAGAAGGCTCCAAAAGCCA_001,28
AGAGAAGGCTCCAAAAGCCA_002,44
AGAGAAGGCTCCAAAAGCCA_003,150
AGAGAAGGCTCCAAAAGCCA_004,55
AGAGAAGGCTCCAAAAGCCA_005,34
AGAGAAGGCTCCAAAAGCCA_006,14
AGAGAAGGCTCCAAAAGCCA_007,188
AGAGAAGGCTCCAAAAGCCA_008,152
AGAGAAGGCTCCAAAAGCCA_009,1
AGAGAAGGCTCCAAAAGCCA_010,43
AGAGAAGGCTCCAAAAGCCA_011,181
AGAGAAGGCTCCAAAAGCCA_012,137
CTGCCACTAGGAACCAAGAG_001,147
CTGCCACTAGGAACCAAGAG_002,153
CTGCGACCCACTGCACTACA_001,132
CTGCGACCCACTGCACTACA_002,130
CTGCGACCCACTGCACTACA_003,115
CTGCGACCCACTGCACTACA_004,150
CTGCGACCCACTGCACTACA_005,6
CTGCGACCCACTGCACTACA_006,116
CTGCGACCCACTGCACTACA_007,64
CTGCGACCCACTGCACTACA_008,12
CTGCGACCCACTGCACTACA_009,1
CTGCGACCCACTGCACTACA_010,67
CTGCGACCCACTGCACTACA_011,116
CTGCGACCCACTGCACTACA_012,114
CTGCGACCCACTGCACTACA_013,113
CTGCGACCCACTGCACTACA_014,131
AAAGCCTTCCAGCTTGCCAG_001,188
AAAGCCTTCCAGCTTGCCAG_002,127
AAAGCCTTCCAGCTTGCCAG_003,113
AAAGCCTTCCAGCTTGCCAG_004,25
AAAGCCTTCCAGCTTGCCAG_005,8
AAAGCCTTCCAGCTTGCCAG_006,80
AAAGCCTTCCAGCTTGCCAG_007,175
AAAGCCTTCCAGCTTGCCAG_008,81
AAAGCCTTCCAGCTTGCCAG_009,13
AAAGCCTTCCAGCTTGCCAG_010,105
AAAGCCTTCCAGCTTGCCAG_011,149
AAAGCCTTCCAGCTTGCCAG_012,127
AAAGCCTTCCAGCTTGCCAG_013,160
AAAGCCTTCCAGCTTGCCAG_014,174
AAAGCCTTCCAGCTTGCCAG_015,82
AAAGCCTTCCAGCTTGCCAG_016,119
AAAGCCTTCCAGCTTGCCAG_017,194
AAAGCCTTCCAGCTTGCCAG_018,50
AAAGCCTTCCAGCTTGCCAG_019,84
AAAGCCTTCCAGCTTGCCAG_020,12
AAAGCCTTCCAGCTTGCCAG_021,68
AAAGCCTTCCAGCTTGCCAG_022,147
AAAGCCTTCCAGCTTGCCAG_023,117
AAAGCCTTCCAGCTTGCCAG_024,102
AAAGCCTTCCAGCTTGCCAG_025,52
AAAGCCTTCCAGCTTGCCAG_026,39
AAAGCCTTCCAGCTTGCCAG_027,153
AAAGCCTTCCAGCTTGCCAG_028,171
AAAGCCTTCCAGCTTGCCAG_029,151
AAAGCCTTCCAGCTTGCCAG_030,26
AAAGCCTTCCAGCTTGCCAG_031,178
AAAGCCTTCCAGCTTGCCAG_032,45
AAAGCCTTCCAGCTTGCCAG_033,37
AAAGCCTTCCAGCTTGCCAG_034,17
AAAGCCTTCCAGCTTGCCAG_035,166
AAAGCCTTCCAGCTTGCCAG_036,130
AAAGCCTTCCAGCTTGCCAG_037,142
AAAGCCTTCCAGCTTGCCAG_038,43
AAAGCCTTCCAGCTTGCCAG_039,147
AAAGCCTTCCAGCTTGCCAG_040,2
AAAGCCTTCCAGCTTGCCAG_041,169
AAAGCCTTCCAGCTTGCCAG_042,4
CTTCCTCAGTTCCCTCGGAG_001,163
CTTCCTCAGTTCCCTCGGAG_002,29
CTTCCTCAGTTCCCTCGGAG_003,144
CTTCCTCAGTTCCCTCGGAG_004,84
CTTCCTCAGTTCCCTCGGAG_005,175
CTTCCTCAGTTCCCTCGGAG_006,146
CTTCCTCAGTTCCCTCGGAG_007,161
CTTCCTCAGTTCCCTCGGAG_008,69
CTTCCTCAGTTCCCTCGGAG_009,147
CTTCCTCAGTTCCCTCGGAG_010,2
CTTCCTCAGTTCCCTCGGAG_011,168
CTTCCTCAGTTCCCTCGGAG_012,84
CTTCCTCAGTTCCCTCGGAG_013,81
CTTCCTCAGTTCCCTCGGAG_014,17
CTTCCTCAGTTCCCTCGGAG_015,17
CTTCCTCAGTTCCCTCGGAG_016,77
CTTCCTCAGTTCCCTCGGAG_017,71
CTTCCTCAGTTCCCTCGGAG_018,42
CTTCCTCAGTTCCCTCGGAG_019,175
CTTCCTCAGTTCCCTCGGAG_020,115
CTTCCTCAGTTCCCTCGGAG_021,134
CTTCCTCAGTTCCCTCGGAG_022,149
CTTCCTCAGTTCCCTCGGAG_023,198
CTTCCTCAGTTCCCTCGGAG_024,197
CTTCCTCAGTTCCCTCGGAG_025,169
CTTCCTCAGTTCCCTCGGAG_026,18
AAGCAGCGTGGCCCCGACGT_001,97
AAGCAGCGTGGCCCCGACGT_002,149
AAGCAGCGTGGCCCCGACGT_003,135
AAGCAGCGTGGCCCCGACGT_004,170
AAGCAGCGTGGCCCCGACGT_005,53
AAGCAGCGTGGCCCCGACGT_006,117
AAGCAGCGTGGCCCCGACGT_007,115
AAGCAGCGTGGCCCCGACGT_008,83
AAGCAGCGTGGCCCCGACGT_009,110
AAGCAGCGTGGCCCCGACGT_010,46
AAGCAGCGTGGCCCCGACGT_011,25
AAGCAGCGTGGCCCCGACGT_012,1
AAGCAGCGTGGCCCCGACGT_013,69
AAGCAGCGTGGCCCCGACGT_014,157
AAGCAGCGTGGCCCCGACGT_015,106
AAGCAGCGTGGCCCCGACGT_016,26
AAGCAGCGTGGCCCCGACGT_017,2
AAGCAGCGTGGCCCCGACGT_018,0
TTTCCCAAACCACTCCAGAG_001,149
TTTCCCAAACCACTCCAGAG_002,159
TTTCCCAAACCACTCCAGAG_003,30
TTTCCCAAACCACTCCAGAG_004,81
TTTCCCAAACCACTCCAGAG_005,15
TTTCCCAAACCACTCCAGAG_006,29
TTTCCCAAACCACTCCAGAG_007,199
TTTCCCAAACCACTCCAGAG_008,61
TTTCCCAAACCACTCCAGAG_009,78
TTTCCCAAACCACTCCAGAG_010,180
TTTCCCAAACCACTCCAGAG_011,180
TTTCCCAAACCACTCCAGAG_012,127
TTTCCCAAACCACTCCAGAG_013,118
TTGTCTGGGTCATGGGAGCT_001,189
TTGTCTGGGTCATGGGAGCT_002,188
TTGTCTGGGTCATGGGAGCT_003,144
TTGTCTGGGTCATGGGAGCT_004,82
TTGTCTGGGTCATGGGAGCT_005,88
TTGTCTGGGTCATGGGAGCT_006,78
TTGTCTGGGTCATGGGAGCT_007,182
TTGTCTGGGTCATGGGAGCT_008,55
TTGTCTGGGTCATGGGAGCT_009,23
TTGTCTGGGTCATGGGAGCT_010,157
TTGTCTGGGTCATGGGAGCT_011,176
TTGTCTGGGTCATGGGAGCT_012,149
TTGTCTGGGTCATGGGAGCT_013,134
TTGTCTGGGTCATGGGAGCT_014,93
TTGTCTGGGTCATGGGAGCT_015,96
TTGTCTGGGTCATGGGAGCT_016,163
TTGTCTGGGTCATGGGAGCT_017,8
TTGTCTGGGTCATGGGAGCT_018,69
TTGTCTGGGTCATGGGAGCT_019,47
TTGTCTGGGTCATGGGAGCT_020,141
TTGTCTGGGTCATGGGAGCT_021,98
TTGTCTGGGTCATGGGAGCT_022,36
TTGTCTGGGTCATGGGAGCT_023,147
TTGTCTGGGTCATGGGAGCT_024,194
TTGTCTGGGTCATGGGAGCT_025,31
TTGTCTGGGTCATGGGAGCT_026,132
TTGTCTGGGTCATGGGAGCT_027,7
TTGTCTGGGTCATGGGAGCT_028,0
TTGTCTGGGTCATGGGAGCT_029,146
TTGTCTGGGTCATGGGAGCT_030,70
TTGTCTGGGTCATGGGAGCT_031,183
TTGTCTGGGTCATGGGAGCT_032,124
TTGTCTGGGTCATGGGAGCT_033,39
TTGTCTGGGTCATGGGAGCT_034,17
TTGTCTGGGTCATGGGAGCT_035,52
TTGTCTGGGTCATGGGAGCT_036,69
TTGTCTGGGTCATGGGAGCT_037,91
TTGTCTGGGTCATGGGAGCT_038,180
AGCTACCCGGACTACATGTA_001,31
AGCTACCCGGACTACATGTA_002,19
AGCTACCCGGACTACATGTA_003,93
AGCTACCCGGACTACATGTA_004,29
AGCTACCCGGACTACATGTA_005,83
AGCTACCCGGACTACATGTA_006,134
AGCTACCCGGACTACATGTA_007,27
AGCTACCCGGACTACATGTA_008,19
AAACAATCACTGTTACTCCG_001,62
AAACAATCACTGTTACTCCG_002,29
AAACAATCACTGTTACTCCG_003,175
AAACAATCACTGTTACTCCG_004,69
AAACAATCACTGTTACTCCG_005,56
AAACAATCACTGTTACTCCG_006,115
AGGACCGGGCGGATATCATG_001,92
AGGACCGGGCGGATATCATG_002,192
AGGACCGGGCGGATATCATG_003,155
AGGACCGGGCGGATATCATG_004,98
AGGACCGGGCGGATATCATG_005,161
AGGACCGGGCGGATATCATG_006,127
AGGACCGGGCGGATATCATG_007,83
CGTGGATCTAGAGCTGAAGA_001,62
CGTGGATCTAGAGCTGAAGA_002,144
CGTGGATCTAGAGCTGAAGA_003,48
CGTGGATCTAGAGCTGAAGA_004,70
CGTGGATCTAGAGCTGAAGA_005,169
CGTGGATCTAGAGCTGAAGA_006,121
CGTGGATCTAGAGCTGAAGA_007,160
CGTGGATCTAGAGCTGAAGA_008,101
CGTGGATCTAGAGCTGAAGA_009,117
CGTGGATCTAGAGCTGAAGA_010,198
TGAACCACCAGGGTATACGT_001,116
TGAACCACCAGGGTATACGT_002,121
TGAACCACCAGGGTATACGT_003,80
TGAACCACCAGGGTATACGT_004,41
TGAACCACCAGGGTATACGT_005,164
TGAACCACCAGGGTATACGT_006,32
TGAACCACCAGGGTATACGT_007,7
TGAACCACCAGGGTATACGT_008,80
TGAACCACCAGGGTATACGT_009,34
TGAACCACCAGGGTATACGT_010,34
TGAACCACCAGGGTATACGT_011,67
TGAACCACCAGGGTATACGT_012,155
TGAACCACCAGGGTATACGT_013,144
TGAACCACCAGGGTATACGT_014,180
TGAACCACCAGGGTATACGT_015,142
TGAACCACCAGGGTATACGT_016,125
TGAACCACCAGGGTATACGT_017,98
TGAACCACCAGGGTATACGT_018,81
CTCCGCGTAGCTCCCGACCG_001,150
CTCCGCGTAGCTCCCGACCG_002,129
CTCCGCGTAGCTCCCGACCG_003,15
CTCCGCGTAGCTCCCGACCG_004,170
CTCCGCGTAGCTCCCGACCG_005,61
CTGGATTCATTACCGCATCG_001,156
CTGGATTCATTACCGCATCG_002,11
CTGGATTCATTACCGCATCG_003,192
CTGGATTCATTACCGCATCG_004,16
CTGGATTCATTACCGCATCG_005,1
CTGGATTCATTACCGCATCG_006,16
CTGGATTCATTACCGCATCG_007,34
CTGGATTCATTACCGCATCG_008,140
CCGAGCCTGCTAGTGCGCCA_001,158
CCGAGCCTGCTAGTGCGCCA_002,94
CCGAGCCTGCTAGTGCGCCA_003,173
CCGAGCCTGCTAGTGCGCCA_004,175
CCGAGCCTGCTAGTGCGCCA_005,116
CCGAGCCTGCTAGTGCGCCA_006,46
CCGAGCCTGCTAGTGCGCCA_007,172
CCGAGCCTGCTAGTGCGCCA_008,164
CCGAGCCTGCTAGTGCGCCA_009,174
CCGAGCCTGCTAGTGCGCCA_010,155
CCGAGCCTGCTAGTGCGCCA_011,153
CCGAGCCTGCTAGTGCGCCA_012,56
CCTTAATAGAATTATCTCGT_001,181
CCTTAATAGAATTATCTCGT_002,107
GCAGAGGCGACAGTGACCCA_001,188
GCAGAGGCGACAGTGACCCA_002,2
GCAGAGGCGACAGTGACCCA_003,21
GCAGAGGCGACAGTGACCCA_004,33
GCAGAGGCGACAGTGACCCA_005,193
GCAGAGGCGACAGTGACCCA_006,121
AATGCCCAAGGTATTCCAGA_001,1
AATGCCCAAGGTATTCCAGA_002,93
AATGCCCAAGGTATTCCAGA_003,170
AATGCCCAAGGTATTCCAGA_004,56
AATGCCCAAGGTATTCCAGA_005,52
GCCCACGGCTTTCTTACGAG_001,60
GCCCACGGCTTTCTTACGAG_002,172
GCCCACGGCTTTCTTACGAG_003,170
TCATACTTGTTGCAGAAGAG_001,108
TCATACTTGTTGCAGAAGAG_002,41
ACAAGTGTTATCTCTGTACC_001,185
ACAAGTGTTATCTCTGTACC_002,108
ACAAGTGTTATCTCTGTACC_003,86
ACAAGTGTTATCTCTGTACC_004,150
ACAAGTGTTATCTCTGTACC_005,134
ACAAGTGTTATCTCTGTACC_006,75
ACAAGTGTTATCTCTGTACC_007,37
ACAAGTGTTATCTCTGTACC_008,168
ACAAGTGTTATCTCTGTACC_009,114
CCAGGTCATTGCCGTAGATG_001,189
CCAGGTCATTGCCGTAGATG_002,9
CCAGGTCATTGCCGTAGATG_003,23
CCAGGTCATTGCCGTAGATG_004,104
CCAGGTCATTGCCGTAGATG_005,162
CCAGGTCATTGCCGTAGATG_006,154
CCAGGTCATTGCCGTAGATG_007,32
CCAGGTCATTGCCGTAGATG_008,185
CCAGGTCATTGCCGTAGATG_009,56
GACCCCCGCCACGAGCGCCA_001,150
GACCCCCGCCACGAGCGCCA_002,118
GACCCCCGCCACGAGCGCCA_003,9
GACCCCCGCCACGAGCGCCA_004,53
GACCCCCGCCACGAGCGCCA_005,154
GACCCCCGCCACGAGCGCCA_006,105
GACCCCCGCCACGAGCGCCA_007,150
GACCCCCGCCACGAGCGCCA_008,184
GACCCCCGCCACGAGCGCCA_009,65
GACCCCCGCCACGAGCGCCA_010,38
GACCCCCGCCACGAGCGCCA_011,105
GACCCCCGCCACGAGCGCCA_012,17
GACCCCCGCCACGAGCGCCA_013,57
GACCCCCGCCACGAGCGCCA_014,72
GACCCCCGCCACGAGCGCCA_015,119
GACCCCCGCCACGAGCGCCA_016,176
GACCCCCGCCACGAGCGCCA_017,170
GACCCCCGCCACGAGCGCCA_018,56
GACCCCCGCCACGAGCGCCA_019,29
GACCCCCGCCACGAGCGCCA_020,58
GACCCCCGCCACGAGCGCCA_021,191
GACCCCCGCCACGAGCGCCA_022,66
GACCCCCGCCACGAGCGCCA_023,47
GACCCCCGCCACGAGCGCCA_024,44
GACCCCCGCCACGAGCGCCA_025,60
GACCCCCGCCACGAGCGCCA_026,28
GACCCCCGCCACGAGCGCCA_027,185
TGGAACCAGTGACGGGCGGT_001,94
TGGAACCAGTGACGGGCGGT_002,56
TGGAACCAGTGACGGGCGGT_003,55
TGGAACCAGTGACGGGCGGT_004,19
TGGAACCAGTGACGGGCGGT_005,42
TGGAACCAGTGACGGGCGGT_006,177
TGGAACCAGTGACGGGCGGT_007,191
TGGAACCAGTGACGGGCGGT_008,97
TGGAACCAGTGACGGGCGGT_009,191
TGGAACCAGTGACGGGCGGT_010,80
TGGAACCAGTGACGGGCGGT_011,64
TGGAACCAGTGACGGGCGGT_012,21
TGGAACCAGTGACGGGCGGT_013,16
TGGAACCAGTGACGGGCGGT_014,133
TGGAACCAGTGACGGGCGGT_015,46
TGGAACCAGTGACGGGCGGT_016,44
TGGAACCAGTGACGGGCGGT_017,17
TGGAACCAGTGACGGGCGGT_018,132
TGGAACCAGTGACGGGCGGT_019,88
TGGAACCAGTGACGGGCGGT_020,122
TGGAACCAGTGACGGGCGGT_021,176
TGGAACCAGTGACGGGCGGT_022,190
TGGAACCAGTGACGGGCGGT_023,196
TGGAACCAGTGACGGGCGGT_024,61
TGGAACCAGTGACGGGCGGT_025,75
TGAACCAACCAGCTTAATGT_001,127
TGAACCAACCAGCTTAATGT_002,191
TGAACCAACCAGCTTAATGT_003,150
TGAACCAACCAGCTTAATGT_004,98
TGAACCAACCAGCTTAATGT_005,186
TGAACCAACCAGCTTAATGT_006,186
TGAACCAACCAGCTTAATGT_007,148
TGAACCAACCAGCTTAATGT_008,30
TGAACCAACCAGCTTAATGT_009,27
TGAACCAACCAGCTTAATGT_010,144
TGAACCAACCAGCTTAATGT_011,175
ATGGAGAGAACATACAATGG_001,153
CCCCGAGTACCTGATCAACC_001,100
CCCCGAGTACCTGATCAACC_002,58
CCCCGAGTACCTGATCAACC_003,150
CCCCGAGTACCTGATCAACC_004,57
CCCCGAGTACCTGATCAACC_005,78
CCCCGAGTACCTGATCAACC_006,94
TAGTTGTGACCATAGCATGT_001,168
TAGTTGTGACCATAGCATGT_002,95
TAGTTGTGACCATAGCATGT_003,58
TAGTTGTGACCATAGCATGT_004,54
TAGTTGTGACCATAGCATGT_005,73
TAGTTGTGACCATAGCATGT_006,91
TAGTTGTGACCATAGCATGT_007,67
TAGTTGTGACCATAGCATGT_008,34
TAGTTGTGACCATAGCATGT_009,45
TAGTTGTGACCATAGCATGT_010,62
TAGTTGTGACCATAGCATGT_011,121
TAGTTGTGACCATAGCATGT_012,98
TAGTTGTGACCATAGCATGT_013,147
TAGTTGTGACCATAGCATGT_014,94
TAGTTGTGACCATAGCATGT_015,140
TAGTTGTGACCATAGCATGT_016,81
TAGTTGTGACCATAGCATGT_017,18
CACGAGACCGTTGCAGACGA_001,159
CACGAGACCGTTGCAGACGA_002,88
CACGAGACCGTTGCAGACGA_003,92
CACGAGACCGTTGCAGACGA_004,61
CACGAGACCGTTGCAGACGA_005,57
CACGAGACCGTTGCAGACGA_006,196
CACGAGACCGTTGCAGACGA_007,150
CACGAGACCGTTGCAGACGA_008,56
CACGAGACCGTTGCAGACGA_009,140
GTATAACCGGGGTTTGACGG_001,75
GTATAACCGGGGTTTGACGG_002,151
GTATAACCGGGGTTTGACGG_003,70
GTATAACCGGGGTTTGACGG_004,134
GTATAACCGGGGTTTGACGG_005,147
GTATAACCGGGGTTTGACGG_006,9
GTTGTCGGAAGACCGCCGGG_001,165
GTTGTCGGAAGACCGCCGGG_002,118
GTTGTCGGAAGACCGCCGGG_003,148
GTTGTCGGAAGACCGCCGGG_004,89
GTTGTCGGAAGACCGCCGGG_005,100
GTTGTCGGAAGACCGCCGGG_006,169
GTTGTCGGAAGACCGCCGGG_007,62
GTTGTCGGAAGACCGCCGGG_008,172
GTTGTCGGAAGACCGCCGGG_009,147
GTTGTCGGAAGACCGCCGGG_010,165
GTTGTCGGAAGACCGCCGGG_011,113
GTTGTCGGAAGACCGCCGGG_012,76
GTTGTCGGAAGACCGCCGGG_013,22
GTTGTCGGAAGACCGCCGGG_014,57
GATCACTTCCGAGAACTCAT_001,188
GATCACTTCCGAGAACTCAT_002,181
GATCACTTCCGAGAACTCAT_003,84
GATCACTTCCGAGAACTCAT_004,75
GATCACTTCCGAGAACTCAT_005,49
GATCACTTCCGAGAACTCAT_006,140
GATCACTTCCGAGAACTCAT_007,157
GATCACTTCCGAGAACTCAT_008,157
GATCACTTCCGAGAACTCAT_009,138
GATCACTTCCGAGAACTCAT_010,138
GATCACTTCCGAGAACTCAT_011,144
TGAGGCCGTCTACCAGATTG_001,8
TGAGGCCGTCTACCAGATTG_002,49
TGAGGCCGTCTACCAGATTG_003,157
TGAGGCCGTCTACCAGATTG_004,62
TGAGGCCGTCTACCAGATTG_005,195
TGAGGCCGTCTACCAGATTG_006,80
TGAGGCCGTCTACCAGATTG_007,164
TGAGGCCGTCTACCAGATTG_008,117
TGAGGCCGTCTACCAGATTG_009,37
TGAGGCCGTCTACCAGATTG_010,119
TGAGGCCGTCTACCAGATTG_011,148
AGCCAATCACGGAATCCCGG_001,165
AGCCAATCACGGAATCCCGG_002,74
AGCCAATCACGGAATCCCGG_003,147
AGCCAATCACGGAATCCCGG_004,98
AGCCAATCACGGAATCCCGG_005,169
AGCCAATCACGGAATCCCGG_006,154
AGCCAATCACGGAATCCCGG_007,12
AGCCAATCACGGAATCCCGG_008,88
AGCCAATCACGGAATCCCGG_009,144
AGCCAATCACGGAATCCCGG_010,131
AGCCAATCACGGAATCCCGG_011,67
AGCCAATCACGGAATCCCGG_012,49
AGCCAATCACGGAATCCCGG_013,59
AGCCAATCACGGAATCCCGG_014,52
AGCCAATCACGGAATCCCGG_015,155
AGCCAATCACGGAATCCCGG_016,11
AGCCAATCACGGAATCCCGG_017,28
AGCCAATCACGGAATCCCGG_018,42
AGCCAATCACGGAATCCCGG_019,65
AGCCAATCACGGAATCCCGG_020,188
AGCCAATCACGGAATCCCGG_021,188
AGCCAATCACGGAATCCCGG_022,88
AGCCAATCACGGAATCCCGG_023,28
GCCCAATGGTGATCTCCAGT_001,186
GCCCAATGGTGATCTCCAGT_002,120
GCCCAATGGTGATCTCCAGT_003,70
GCCCAATGGTGATCTCCAGT_004,98
AGATGGAAGACGTCATAGCA_001,94
AGATGGAAGACGTCATAGCA_002,24
AGATGGAAGACGTCATAGCA_003,162
AGATGGAAGACGTCATAGCA_004,48
AGATGGAAGACGTCATAGCA_005,29
AGATGGAAGACGTCATAGCA_006,79
AGATGGAAGACGTCATAGCA_007,81
AGATGGAAGACGTCATAGCA_008,145
AGATGGAAGACGTCATAGCA_009,38
AGATGGAAGACGTCATAGCA_010,40
AGATGGAAGACGTCATAGCA_011,168
AGATGGAAGACGTCATAGCA_012,83
AGATGGAAGACGTCATAGCA_013,130
AGATGGAAGACGTCATAGCA_014,30
AGATGGAAGACGTCATAGCA_015,24
AGATGGAAGACGTCATAGCA_016,198
AGATGGAAGACGTCATAGCA_017,92
AGATGGAAGACGTCATAGCA_018,25
AGATGGAAGACGTCATAGCA_019,159
AGATGGAAGACGTCATAGCA_020,92
AGATGGAAGACGTCATAGCA_021,137
AGATGGAAGACGTCATAGCA_022,77
AGATGGAAGACGTCATAGCA_023,37
AGATGGAAGACGTCATAGCA_024,28
AGATGGAAGACGTCATAGCA_025,56
AGATGGAAGACGTCATAGCA_026,140
AGATGGAAGACGTCATAGCA_027,97
AGATGGAAGACGTCATAGCA_028,133
AGATGGAAGACGTCATAGCA_029,10
AGATGGAAGACGTCATAGCA_030,28
AGATGGAAGACGTCATAGCA_031,86
AGATGGAAGACGTCATAGCA_032,130
AGATGGAAGACGTCATAGCA_033,156
AGATGGAAGACGTCATAGCA_034,97
GCCGAAGCCCTGCTTGTACG_001,44
GCCGAAGCCCTGCTTGTACG_002,6
GCCGAAGCCCTGCTTGTACG_003,47
GCCGAAGCCCTGCTTGTACG_004,171
GCCGAAGCCCTGCTTGTACG_005,108
GCCGAAGCCCTGCTTGTACG_006,165
GCCGAAGCCCTGCTTGTACG_007,98
GCCGAAGCCCTGCTTGTACG_008,151
GCCGAAGCCCTGCTTGTACG_009,163
GCCGAAGCCCTGCTTGTACG_010,117
GCCGAAGCCCTGCTTGTACG_011,169
GCCGAAGCCCTGCTTGTACG_012,150
GCCGAAGCCCTGCTTGTACG_013,168
GCCGAAGCCCTGCTTGTACG_014,77
GCCGAAGCCCTGCTTGTACG_015,52
GCCGAAGCCCTGCTTGTACG_016,70
GCCGAAGCCCTGCTTGTACG_017,28
GCCGAAGCCCTGCTTGTACG_018,49
GCCGAAGCCCTGCTTGTACG_019,77
GCCGAAGCCCTGCTTGTACG_020,174
GCTGATCCCAGCCTTCGAGA_001,41
GCTGATCCCAGCCTTCGAGA_002,41
GCTGATCCCAGCCTTCGAGA_003,48
GCTGATCCCAGCCTTCGAGA_004,121
GCTGATCCCAGCCTTCGAGA_005,114
GCTGATCCCAGCCTTCGAGA_006,70
GCTGATCCCAGCCTTCGAGA_007,38
GCTGATCCCAGCCTTCGAGA_008,48
GCTGATCCCAGCCTTCGAGA_009,159
GCTGATCCCAGCCTTCGAGA_010,70
GCTGATCCCAGCCTTCGAGA_011,33
GCTGATCCCAGCCTTCGAGA_012,105
GCTGATCCCAGCCTTCGAGA_013,62
GCTGATCCCAGCCTTCGAGA_014,3
GCTGATCCCAGCCTTCGAGA_015,19
TAAGCGAGCGAAGTCCTCTG_001,152
TAAGCGAGCGAAGTCCTCTG_002,50
TAAGCGAGCGAAGTCCTCTG_003,19
TAAGCGAGCGAAGTCCTCTG_004,78
TAAGCGAGCGAAGTCCTCTG_005,59
TAAGCGAGCGAAGTCCTCTG_006,52
TAAGCGAGCGAAGTCCTCTG_007,65
TAAGCGAGCGAAGTCCTCTG_008,127
TAAGCGAGCGAAGTCCTCTG_009,144
TAAGCGAGCGAAGTCCTCTG_010,170
TAAGCGAGCGAAGTCCTCTG_011,102
ACAGATCAAAGAAACCCCTC_001,78
ACAGATCAAAGAAACCCCTC_002,29
ACAGATCAAAGAAACCCCTC_003,141
ACAGATCAAAGAAACCCCTC_004,141
ACAGATCAAAGAAACCCCTC_005,27
ACAGATCAAAGAAACCCCTC_006,82
ACAGATCAAAGAAACCCCTC_007,28
ACAGATCAAAGAAACCCCTC_008,130
TATGCGATGGATGTCAACAG_001,43
TATGCGATGGATGTCAACAG_002,127
TATGCGATGGATGTCAACAG_003,118
GGACTCTTTGATGCATGCAG_001,198
GGACTCTTTGATGCATGCAG_002,74
GGACTCTTTGATGCATGCAG_003,175
GGACTCTTTGATGCATGCAG_004,30
GGACTCTTTGATGCATGCAG_005,121
GGACTCTTTGATGCATGCAG_006,92
GGACTCTTTGATGCATGCAG_007,61
GGACTCTTTGATGCATGCAG_008,69
GGACTCTTTGATGCATGCAG_009,41
GGACTCTTTGATGCATGCAG_010,170
GGACTCTTTGATGCATGCAG_011,107
GGACTCTTTGATGCATGCAG_012,49
GGACTCTTTGATGCATGCAG_013,142
GGACTCTTTGATGCATGCAG_014,166
GGACTCTTTGATGCATGCAG_015,157
GGACTCTTTGATGCATGCAG_016,137
GGACTCTTTGATGCATGCAG_017,19
CTAGCAGAATGGCACCACTT_001,94
CTAGCAGAATGGCACCACTT_002,152
CTAGCAGAATGGCACCACTT_003,61
CTAGCAGAATGGCACCACTT_004,119
CTAGCAGAATGGCACCACTT_005,57
CTAGCAGAATGGCACCACTT_006,98
CTAGCAGAATGGCACCACTT_007,58
CTAGCAGAATGGCACCACTT_008,174
CTAGCAGAATGGCACCACTT_009,28
CTAGCAGAATGGCACCACTT_010,2
CTAGCAGAATGGCACCACTT_011,147
CTAGCAGAATGGCACCACTT_012,174
CTAGCAGAATGGCACCACTT_013,95
CTAGCAGAATGGCACCACTT_014,29
CTAGCAGAATGGCACCACTT_015,48
CTAGCAGAATGGCACCACTT_016,82
CTAGCAGAATGGCACCACTT_017,130
CTAGCAGAATGGCACCACTT_018,162
CTAGCAGAATGGCACCACTT_019,148
CTAGCAGAATGGCACCACTT_020,164
CTAGCAGAATGGCACCACTT_021,113
CTAGCAGAATGGCACCACTT_022,112
CTAGCAGAATGGCACCACTT_023,188
TTGGAAAGGAGGTTGATGTG_001,31
TTGGAAAGGAGGTTGATGTG_002,9
TTGGAAAGGAGGTTGATGTG_003,198
TTGGAAAGGAGGTTGATGTG_004,108
TTGGAAAGGAGGTTGATGTG_005,43
TTGGAAAGGAGGTTGATGTG_006,145
TTGGAAAGGAGGTTGATGTG_007,197
CCCTGCAGCACAGTGCACCA_001,15
CCCTGCAGCACAGTGCACCA_002,171
CCCTGCAGCACAGTGCACCA_003,154
CCCTGCAGCACAGTGCACCA_004,152
CCCTGCAGCACAGTGCACCA_005,152
CCCTGCAGCACAGTGCACCA_006,59
CCCTGCAGCACAGTGCACCA_007,49
CCGTCTTGGTCACCCATTTG_001,84
CCGTCTTGGTCACCCATTTG_002,149
CCGTCTTGGTCACCCATTTG_003,32
CCGTCTTGGTCACCCATTTG_004,17
CCGTCTTGGTCACCCATTTG_005,172
GAGTCTATCCCGTCTAGCCG_001,130
GAGTCTATCCCGTCTAGCCG_002,118
GAGTCTATCCCGTCTAGCCG_003,30
GAGTCTATCCCGTCTAGCCG_004,106
GAGTCTATCCCGTCTAGCCG_005,42
GAGTCTATCCCGTCTAGCCG_006,44
GAGTCTATCCCGTCTAGCCG_007,16
GAGTCTATCCCGTCTAGCCG_008,160
GAGTCTATCCCGTCTAGCCG_009,128
GAGTCTATCCCGTCTAGCCG_010,170
GAGTCTATCCCGTCTAGCCG_011,17
GAGTCTATCCCGTCTAGCCG_012,168
GGAAATAGAACCTGTCAGCG_001,132
GGAAATAGAACCTGTCAGCG_002,13
GGAAATAGAACCTGTCAGCG_003,147
GGAAATAGAACCTGTCAGCG_004,78
GGAAATAGAACCTGTCAGCG_005,133
GGAAATAGAACCTGTCAGCG_006,110
GGAAATAGAACCTGTCAGCG_007,94
GGAAATAGAACCTGTCAGCG_008,58
GGAAATAGAACCTGTCAGCG_009,183
GGAAATAGAACCTGTCAGCG_010,158
GGAAATAGAACCTGTCAGCG_011,161
GGAAATAGAACCTGTCAGCG_012,149
GGAAATAGAACCTGTCAGCG_013,61
GGAAATAGAACCTGTCAGCG_014,8
GGAACAGTCTACCATGATAT_001,80
GGAACAGTCTACCATGATAT_002,34
GGAACAGTCTACCATGATAT_003,185
GGAACAGTCTACCATGATAT_004,127
GGAACAGTCTACCATGATAT_005,9
GGAACAGTCTACCATGATAT_006,61
CAAACAGCTCGCAAGTCCAC_001,115
CAAACAGCTCGCAAGTCCAC_002,68
CAAACAGCTCGCAAGTCCAC_003,103
CAAACAGCTCGCAAGTCCAC_004,150
CAAACAGCTCGCAAGTCCAC_005,173
CAAACAGCTCGCAAGTCCAC_006,187
CAAACAGCTCGCAAGTCCAC_007,188
TGCTGGCTCGAGGTGCCAAG_001,88
TGCTGGCTCGAGGTGCCAAG_002,78
TGCTGGCTCGAGGTGCCAAG_003,103
TGCTGGCTCGAGGTGCCAAG_004,52
TGCTGGCTCGAGGTGCCAAG_005,16
GGTGATCTCCGAGATACAGG_001,5
GGTGATCTCCGAGATACAGG_002,29
GGTGATCTCCGAGATACAGG_003,111
GGTGATCTCCGAGATACAGG_004,12
GGTGATCTCCGAGATACAGG_005,106
GGTGATCTCCGAGATACAGG_006,184
GGTGATCTCCGAGATACAGG_007,105
GGTGATCTCCGAGATACAGG_008,161
GGTGATCTCCGAGATACAGG_009,30
GCTTCCCACAGCGGTCAATG_001,171
GCTTCCCACAGCGGTCAATG_002,107
GCTTCCCACAGCGGTCAATG_003,2
GCTTCCCACAGCGGTCAATG_004,118
AATGACACCACCAAGCCTGT_001,94
AATGACACCACCAAGCCTGT_002,150
AATGACACCACCAAGCCTGT_003,146
AATGACACCACCAAGCCTGT_004,42
AATGACACCACCAAGCCTGT_005,71
AATGACACCACCAAGCCTGT_006,58
AATGACACCACCAAGCCTGT_007,69
AATGACACCACCAAGCCTGT_008,121
AATGACACCACCAAGCCTGT_009,144
AATGACACCACCAAGCCTGT_010,106
AATGACACCACCAAGCCTGT_011,66
GGCAAGACCATGGATTACCG_001,55
GGCAAGACCATGGATTACCG_002,147
GGCAAGACCATGGATTACCG_003,88
AGCATCATCATACCGTCCTG_001,196
ATCTCTCAGATGCCCTTCTG_001,8
ATCTCTCAGATGCCCTTCTG_002,134
ATCTCTCAGATGCCCTTCTG_003,164
ATCTCTCAGATGCCCTTCTG_004,94
ATCTCTCAGATGCCCTTCTG_005,159
ATCTCTCAGATGCCCTTCTG_006,15
ATCTCTCAGATGCCCTTCTG_007,49
ATCTCTCAGATGCCCTTCTG_008,40
ATCTCTCAGATGCCCTTCTG_009,75
ATCTCTCAGATGCCCTTCTG_010,98
ATCTCTCAGATGCCCTTCTG_011,63
TGGGCATACAGATTCTGCTG_001,83
CTGGAATCATCTAATCCTCG_001,101
CTGGAATCATCTAATCCTCG_002,152
CTGGAATCATCTAATCCTCG_003,98
TCTGGAATGTTGATGGTCAG_001,9
TCTGGAATGTTGATGGTCAG_002,137
TCTGGAATGTTGATGGTCAG_003,49
TCTGGAATGTTGATGGTCAG_004,135
TCTGGAATGTTGATGGTCAG_005,158
TCTGGAATGTTGATGGTCAG_006,65
TCTGGAATGTTGATGGTCAG_007,98
TCTGGAATGTTGATGGTCAG_008,3
TCTGGAATGTTGATGGTCAG_009,43
TCTGGAATGTTGATGGTCAG_010,83
TCTGGAATGTTGATGGTCAG_011,83
TCTGGAATGTTGATGGTCAG_012,13
TCTGGAATGTTGATGGTCAG_013,44
TCTGGAATGTTGATGGTCAG_014,120
GGTGTGCTGCGACAGGAGCG_001,163
GGTGTGCTGCGACAGGAGCG_002,6
GGTGTGCTGCGACAGGAGCG_003,45
GGTGTGCTGCGACAGGAGCG_004,6
GGTGTGCTGCGACAGGAGCG_005,148
GGTGTGCTGCGACAGGAGCG_006,131
GGTGTGCTGCGACAGGAGCG_007,15
TGACGGAGTATCGGAGAGGG_001,130
TGACGGAGTATCGGAGAGGG_002,111
TGACGGAGTATCGGAGAGGG_003,158
TGACGGAGTATCGGAGAGGG_004,78
TGACGGAGTATCGGAGAGGG_005,98
TGACGGAGTATCGGAGAGGG_006,133
TGACGGAGTATCGGAGAGGG_007,182
TGACGGAGTATCGGAGAGGG_008,49
TGACGGAGTATCGGAGAGGG_009,111
TGACGGAGTATCGGAGAGGG_010,121
TGACGGAGTATCGGAGAGGG_011,197
TGACGGAGTATCGGAGAGGG_012,34
CCAGCAGCTGAAGTCCTGTG_001,48
CCAGCAGCTGAAGTCCTGTG_002,125
CCAGCAGCTGAAGTCCTGTG_003,6
CCAGCAGCTGAAGTCCTGTG_004,198
CCAGCAGCTGAAGTCCTGTG_005,42
CCAGCAGCTGAAGTCCTGTG_006,139
CCAGCAGCTGAAGTCCTGTG_007,116
CCAGCAGCTGAAGTCCTGTG_008,2
CCAGCAGCTGAAGTCCTGTG_009,2
CCAGCAGCTGAAGTCCTGTG_010,77
CCAGCAGCTGAAGTCCTGTG_011,136
AAAGACGTACCTTTCCAACA_001,2
AAAGACGTACCTTTCCAACA_002,121
AAAGACGTACCTTTCCAACA_003,29
AAAGACGTACCTTTCCAACA_004,67
AAAGACGTACCTTTCCAACA_005,143
AAAGACGTACCTTTCCAACA_006,96
AAAGACGTACCTTTCCAACA_007,9
AAAGACGTACCTTTCCAACA_008,106
AAAGACGTACCTTTCCAACA_009,15
AAAGACGTACCTTTCCAACA_010,191
AAAGACGTACCTTTCCAACA_011,88
AAAGACGTACCTTTCCAACA_012,121
CCAGGCCTGTCTACAACGCT_001,118
CCAGGCCTGTCTACAACGCT_002,10
CCAGGCCTGTCTACAACGCT_003,150
CCAGGCCTGTCTACAACGCT_004,69
CCAGGCCTGTCTACAACGCT_005,10
CCAGGCCTGTCTACAACGCT_006,189
CCAGGCCTGTCTACAACGCT_007,188
CCAGGCCTGTCTACAACGCT_008,67
CCAGGCCTGTCTACAACGCT_009,67
CCAGGCCTGTCTACAACGCT_010,63
CCAGGCCTGTCTACAACGCT_011,149
CCAGGCCTGTCTACAACGCT_012,53
CCAGGCCTGTCTACAACGCT_013,124
CAATGCTACGTATCGATCTG_001,78
CAATGCTACGTATCGATCTG_002,168
CAATGCTACGTATCGATCTG_003,138
CAATGCTACGTATCGATCTG_004,170
GGGTCGGAGATTCCCCATTG_001,68
GGGTCGGAGATTCCCCATTG_002,144
GGGTCGGAGATTCCCCATTG_003,125
GGGTCGGAGATTCCCCATTG_004,54
GGGTCGGAGATTCCCCATTG_005,117
GGGTCGGAGATTCCCCATTG_006,70
GGGTCGGAGATTCCCCATTG_007,60
GGGTCGGAGATTCCCCATTG_008,119
GGGTCGGAGATTCCCCATTG_009,169
GGGTCGGAGATTCCCCATTG_010,40
GGGTCGGAGATTCCCCATTG_011,82
GGGTCGGAGATTCCCCATTG_012,28
GGGTCGGAGATTCCCCATTG_013,82
GGGTCGGAGATTCCCCATTG_014,88
GGGTCGGAGATTCCCCATTG_015,13
GGGTCGGAGATTCCCCATTG_016,153
GGGTCGGAGATTCCCCATTG_017,149
GGGTCGGAGATTCCCCATTG_018,6
GGGTCGGAGATTCCCCATTG_019,147
GGGTCGGAGATTCCCCATTG_020,131
ACAGCTGACTTGAAGCTCAT_001,70
ACAGCTGACTTGAAGCTCAT_002,30
ACAGCTGACTTGAAGCTCAT_003,145
ACAGCTGACTTGAAGCTCAT_004,96
ACAGCTGACTTGAAGCTCAT_005,192
ACAGCTGACTTGAAGCTCAT_006,73
ACAGCTGACTTGAAGCTCAT_007,199
ACAGCTGACTTGAAGCTCAT_008,52
ACAGCTGACTTGAAGCTCAT_009,150
ACAGCTGACTTGAAGCTCAT_010,141
ACAGCTGACTTGAAGCTCAT_011,62
ACAGCTGACTTGAAGCTCAT_012,8
ACAGCTGACTTGAAGCTCAT_013,174
ACAGCTGACTTGAAGCTCAT_014,174
ACAGCTGACTTGAAGCTCAT_015,169
ACAGCTGACTTGAAGCTCAT_016,139
ACAGCTGACTTGAAGCTCAT_017,83
ACAGCTGACTTGAAGCTCAT_018,22
ACAGCTGACTTGAAGCTCAT_019,69
ACAGCTGACTTGAAGCTCAT_020,94
ACAGCTGACTTGAAGCTCAT_021,105
ACAGCTGACTTGAAGCTCAT_022,158
ACAGCTGACTTGAAGCTCAT_023,134
AGGCGTGCATTAGGCCTCTG_001,179
AGGCGTGCATTAGGCCTCTG_002,3
AGGCGTGCATTAGGCCTCTG_003,187
AGGCGTGCATTAGGCCTCTG_004,178
AGGCGTGCATTAGGCCTCTG_005,142
AGGCGTGCATTAGGCCTCTG_006,184
AGGCGTGCATTAGGCCTCTG_007,166
AGGCGTGCATTAGGCCTCTG_008,68
AGGCGTGCATTAGGCCTCTG_009,120
AGGCGTGCATTAGGCCTCTG_010,160
AGGCGTGCATTAGGCCTCTG_011,57
AGGCGTGCATTAGGCCTCTG_012,82
AGGCGTGCATTAGGCCTCTG_013,12
AGGCGTGCATTAGGCCTCTG_014,107
AGGCGTGCATTAGGCCTCTG_015,13
AGGCGTGCATTAGGCCTCTG_016,158
AGGCGTGCATTAGGCCTCTG_017,115
AGGCGTGCATTAGGCCTCTG_018,150
AGGCGTGCATTAGGCCTCTG_019,44
AGGCGTGCATTAGGCCTCTG_020,44
AGGCGTGCATTAGGCCTCTG_021,115
AGGCGTGCATTAGGCCTCTG_022,159
AGGCGTGCATTAGGCCTCTG_023,158
AGGCGTGCATTAGGCCTCTG_024,191
AGGCGTGCATTAGGCCTCTG_025,1
AGGCGTGCATTAGGCCTCTG_026,179
AGGCGTGCATTAGGCCTCTG_027,104
AGGCGTGCATTAGGCCTCTG_028,4
AGGCGTGCATTAGGCCTCTG_029,145
CCCTATTAGGCCGCCCCAAG_001,115
CCCTATTAGGCCGCCCCAAG_002,157
CCCTATTAGGCCGCCCCAAG_003,89
CCCTATTAGGCCGCCCCAAG_004,88
CCCTATTAGGCCGCCCCAAG_005,82
CCCTATTAGGCCGCCCCAAG_006,67
CCCTATTAGGCCGCCCCAAG_007,104
CCCTATTAGGCCGCCCCAAG_008,43
CCCTATTAGGCCGCCCCAAG_009,40
CCCTATTAGGCCGCCCCAAG_010,20
CCCTATTAGGCCGCCCCAAG_011,40
CAGTAATAGCTGCCGCAGAG_001,183
CAGTAATAGCTGCCGCAGAG_002,183
CAGTAATAGCTGCCGCAGAG_003,29
CAGTAATAGCTGCCGCAGAG_004,8
CAGTAATAGCTGCCGCAGAG_005,108
CAGTAATAGCTGCCGCAGAG_006,47
CAGTAATAGCTGCCGCAGAG_007,187
CAGTAATAGCTGCCGCAGAG_008,83
CAGTAATAGCTGCCGCAGAG_009,46
CAGTAATAGCTGCCGCAGAG_010,52
CAGTAATAGCTGCCGCAGAG_011,0
CAGTAATAGCTGCCGCAGAG_012,15
CAGTAATAGCTGCCGCAGAG_013,199
GTAGTTTGCAGATAGCAACC_001,85
GTAGTTTGCAGATAGCAACC_002,107
GTAGTTTGCAGATAGCAACC_003,139
GACAAAGAAGTCGCAGACGA_001,95
GACAAAGAAGTCGCAGACGA_002,176
GACAAAGAAGTCGCAGACGA_003,2
GACAAAGAAGTCGCAGACGA_004,23
GACAAAGAAGTCGCAGACGA_005,103
GACAAAGAAGTCGCAGACGA_006,15
GACAAAGAAGTCGCAGACGA_007,68
GACAAAGAAGTCGCAGACGA_008,50
GACAAAGAAGTCGCAGACGA_009,133
GACAAAGAAGTCGCAGACGA_010,30
GATGCGGTACCCAATAATGG_001,94
GATGCGGTACCCAATAATGG_002,138
GATGCGGTACCCAATAATGG_003,150
GATTTCACTATTGGTCGGAA_001,167
GATTTCACTATTGGTCGGAA_002,40
GATTTCACTATTGGTCGGAA_003,108
GATTTCACTATTGGTCGGAA_004,28
GATTTCACTATTGGTCGGAA_005,141
GATTTCACTATTGGTCGGAA_006,76
GAGGGTTGCTGTGACGCAGT_001,9
GAGGGTTGCTGTGACGCAGT_002,134
GAGGGTTGCTGTGACGCAGT_003,70
GAGGGTTGCTGTGACGCAGT_004,17
GAGGGTTGCTGTGACGCAGT_005,146
GAGGGTTGCTGTGACGCAGT_006,19
GAGGGTTGCTGTGACGCAGT_007,8
GAGGGTTGCTGTGACGCAGT_008,135
GAGGGTTGCTGTGACGCAGT_009,160
GAGGGTTGCTGTGACGCAGT_010,67
GAGGGTTGCTGTGACGCAGT_011,74
GAGGGTTGCTGTGACGCAGT_012,29
GAGGGTTGCTGTGACGCAGT_013,134
GAGGGTTGCTGTGACGCAGT_014,64
GAGGGTTGCTGTGACGCAGT_015,181
GAGGGTTGCTGTGACGCAGT_016,192
GAGGGTTGCTGTGACGCAGT_017,63
GAGGGTTGCTGTGACGCAGT_018,77
GAGGGTTGCTGTGACGCAGT_019,147
GAGGGTTGCTGTGACGCAGT_020,127
GAGGGTTGCTGTGACGCAGT_021,66
GAGGGTTGCTGTGACGCAGT_022,4
CGGTGACGTGACCGGAGCCG_001,9
CGGTGACGTGACCGGAGCCG_002,182
CGGTGACGTGACCGGAGCCG_003,33
CGGTGACGTGACCGGAGCCG_004,150
CGGTGACGTGACCGGAGCCG_005,150
CGGTGACGTGACCGGAGCCG_006,169
ACGTCCGACTCATGACCTGG_001,185
ACGTCCGACTCATGACCTGG_002,150
ACGTCCGACTCATGACCTGG_003,174
ACGTCCGACTCATGACCTGG_004,0
ACGTCCGACTCATGACCTGG_005,183
ACGTCCGACTCATGACCTGG_006,91
ACGTCCGACTCATGACCTGG_007,187
ACGTCCGACTCATGACCTGG_008,81
ACGTCCGACTCATGACCTGG_009,102
ACGTCCGACTCATGACCTGG_010,102
ACGTCCGACTCATGACCTGG_011,6
ACGTCCGACTCATGACCTGG_012,6
ACGTCCGACTCATGACCTGG_013,35
ACGTCCGACTCATGACCTGG_014,59
AGCCGCGATGTTCCGGATTG_001,36
AGCCGCGATGTTCCGGATTG_002,186
AGCCGCGATGTTCCGGATTG_003,85
CTCTAGGCCTACACAATCCA_001,183
CTCTAGGCCTACACAATCCA_002,7
CTCTAGGCCTACACAATCCA_003,177
CTCTAGGCCTACACAATCCA_004,4
CTCTAGGCCTACACAATCCA_005,10
CAGGCATGAAAGTCCAAGTG_001,177
CAGGCATGAAAGTCCAAGTG_002,106
CAGGCATGAAAGTCCAAGTG_003,182
CAGGCATGAAAGTCCAAGTG_004,49
CAGGCATGAAAGTCCAAGTG_005,168
CAGGCATGAAAGTCCAAGTG_006,160
CAGGCATGAAAGTCCAAGTG_007,102
CAGGCATGAAAGTCCAAGTG_008,36
CAGGCATGAAAGTCCAAGTG_009,2
CAGGCATGAAAGTCCAAGTG_010,39
CAGGCATGAAAGTCCAAGTG_011,88
CAGGCATGAAAGTCCAAGTG_012,192
TTCTTGTGGAGAGTATAACT_001,8
TTCTTGTGGAGAGTATAACT_002,119
CATGAGCAGAACATCGACTG_001,43
CATGAGCAGAACATCGACTG_002,77
CATGAGCAGAACATCGACTG_003,116
CATGAGCAGAACATCGACTG_004,58
CATGAGCAGAACATCGACTG_005,118
CATGAGCAGAACATCGACTG_006,78
CATGAGCAGAACATCGACTG_007,172
CATGAGCAGAACATCGACTG_008,3
CATGAGCAGAACATCGACTG_009,8
CATGAGCAGAACATCGACTG_010,49
CATGAGCAGAACATCGACTG_011,75
CATGAGCAGAACATCGACTG_012,33
CATGAGCAGAACATCGACTG_013,176
CATGAGCAGAACATCGACTG_014,52
CATGAGCAGAACATCGACTG_015,49
CATGAGCAGAACATCGACTG_016,76
CATGAGCAGAACATCGACTG_017,19
CATGAGCAGAACATCGACTG_018,172
CATGAGCAGAACATCGACTG_019,113
CATGAGCAGAACATCGACTG_020,14
CATGAGCAGAACATCGACTG_021,27
CATGAGCAGAACATCGACTG_022,91
CATGAGCAGAACATCGACTG_023,65
CATGAGCAGAACATCGACTG_024,192
CATGAGCAGAACATCGACTG_025,62
CATGAGCAGAACATCGACTG_026,4
CATGAGCAGAACATCGACTG_027,13
CATGAGCAGAACATCGACTG_028,5
CATGAGCAGAACATCGACTG_029,16
CATGAGCAGAACATCGACTG_030,192
CATGAGCAGAACATCGACTG_031,6
CATGAGCAGAACATCGACTG_032,121
CATGAGCAGAACATCGACTG_033,6
CATGAGCAGAACATCGACTG_034,36
TGGAGGACCAGGCTCTAGCG_001,55
TGGAGGACCAGGCTCTAGCG_002,144
TGGAGGACCAGGCTCTAGCG_003,52
TGGAGGACCAGGCTCTAGCG_004,140
TGGAGGACCAGGCTCTAGCG_005,109
TGGAGGACCAGGCTCTAGCG_006,48
TGGAGGACCAGGCTCTAGCG_007,96
TGGAGGACCAGGCTCTAGCG_008,148
TGGAGGACCAGGCTCTAGCG_009,61
TGGAGGACCAGGCTCTAGCG_010,145
TGGAGGACCAGGCTCTAGCG_011,82
TGGAGGACCAGGCTCTAGCG_012,146
GGTAGCCCAAGAGCTATCAG_001,16
GGTAGCCCAAGAGCTATCAG_002,10
GGTAGCCCAAGAGCTATCAG_003,108
GGTAGCCCAAGAGCTATCAG_004,72
GGTAGCCCAAGAGCTATCAG_005,52
GGTAGCCCAAGAGCTATCAG_006,35
GGTAGCCCAAGAGCTATCAG_007,34
GGTAGCCCAAGAGCTATCAG_008,91
GGTAGCCCAAGAGCTATCAG_009,194
GGTAGCCCAAGAGCTATCAG_010,43
GGTAGCCCAAGAGCTATCAG_011,147
GGTAGCCCAAGAGCTATCAG_012,97
GGTAGCCCAAGAGCTATCAG_013,188
GGTAGCCCAAGAGCTATCAG_014,35
GGTAGCCCAAGAGCTATCAG_015,46
GGTAGCCCAAGAGCTATCAG_016,48
GATGGGTTTGATCTTAACAA_001,140
GATGGGTTTGATCTTAACAA_002,77
GATGGGTTTGATCTTAACAA_003,169
GATGGGTTTGATCTTAACAA_004,126
GATGGGTTTGATCTTAACAA_005,103
GATGGGTTTGATCTTAACAA_006,7
CTAATCCTGATACCTAACCA_001,171
CTAATCCTGATACCTAACCA_002,10
CTAATCCTGATACCTAACCA_003,80
CTAATCCTGATACCTAACCA_004,80
CTAATCCTGATACCTAACCA_005,19
CTAATCCTGATACCTAACCA_006,50
CTAATCCTGATACCTAACCA_007,58
CTAATCCTGATACCTAACCA_008,184
CTAATCCTGATACCTAACCA_009,1
CTAATCCTGATACCTAACCA_010,147
CTAATCCTGATACCTAACCA_011,147
GCTGTGAGAAATACATCACG_001,154
GCTGTGAGAAATACATCACG_002,7
GCTGTGAGAAATACATCACG_003,60
GCTGTGAGAAATACATCACG_004,176
GCTGTGAGAAATACATCACG_005,69
GCTGTGAGAAATACATCACG_006,105
GCTGTGAGAAATACATCACG_007,164
GTTCGTCTGAGTATTAAGGT_001,70
GTTCGTCTGAGTATTAAGGT_002,11
CTGCTGTAGGTATCGCCGGT_001,61
CTGCTGTAGGTATCGCCGGT_002,121
CTGCTGTAGGTATCGCCGGT_003,78
CTGCTGTAGGTATCGCCGGT_004,115
CTGCTGTAGGTATCGCCGGT_005,48
CTGCTGTAGGTATCGCCGGT_006,183
CTGCTGTAGGTATCGCCGGT_007,32
CTGCTGTAGGTATCGCCGGT_008,51
CTGCTGTAGGTATCGCCGGT_009,99
CTGCTGTAGGTATCGCCGGT_010,104
CTGCTGTAGGTATCGCCGGT_011,38
CTGCTGTAGGTATCGCCGGT_012,22
CTGCTGTAGGTATCGCCGGT_013,116
CTGCTGTAGGTATCGCCGGT_014,196
CTGCTGTAGGTATCGCCGGT_015,58
CTGCTGTAGGTATCGCCGGT_016,107
CTGCTGTAGGTATCGCCGGT_017,90
CTGCTGTAGGTATCGCCGGT_018,140
CTGCTGTAGGTATCGCCGGT_019,126
CTGCTGTAGGTATCGCCGGT_020,182
CTGCTGTAGGTATCGCCGGT_021,165
AAGTGACCCCGGATGACAAG_001,196
AAGTGACCCCGGATGACAAG_002,185
AAGTGACCCCGGATGACAAG_003,76
AAGTGACCCCGGATGACAAG_004,117
AAGTGACCCCGGATGACAAG_005,157
AAGTGACCCCGGATGACAAG_006,50
AAGTGACCCCGGATGACAAG_007,42
AAGTGACCCCGGATGACAAG_008,113
CCTGGCCTCCAACTACGCGC_001,8
CCTGGCCTCCAACTACGCGC_002,34
CCTGGCCTCCAACTACGCGC_003,26
CCTGGCCTCCAACTACGCGC_004,58
CCTGGCCTCCAACTACGCGC_005,70
CCTGGCCTCCAACTACGCGC_006,60
CCTGGCCTCCAACTACGCGC_007,44
CCTGGCCTCCAACTACGCGC_008,13
CCTGGCCTCCAACTACGCGC_009,130
CCTGGCCTCCAACTACGCGC_010,6
TGGTGGACACGTACCATTGG_001,104
TGGTGGACACGTACCATTGG_002,153
GATAATCGTCAAGCACGTGA_001,17
GATAATCGTCAAGCACGTGA_002,188
GATAATCGTCAAGCACGTGA_003,182
GATAATCGTCAAGCACGTGA_004,60
GATAATCGTCAAGCACGTGA_005,148
GATAATCGTCAAGCACGTGA_006,41
GATAATCGTCAAGCACGTGA_007,88
TCATCTTCTTCAAGCATGGG_001,51
TCATCTTCTTCAAGCATGGG_002,158
TCATCTTCTTCAAGCATGGG_003,16
TCATCTTCTTCAAGCATGGG_004,61
TCATCTTCTTCAAGCATGGG_005,103
TCATCTTCTTCAAGCATGGG_006,68
TCATCTTCTTCAAGCATGGG_007,1
TCATCTTCTTCAAGCATGGG_008,188
GTAGACCTCTTTCGTAATGC_001,158
GTAGACCTCTTTCGTAATGC_002,141
GTAGACCTCTTTCGTAATGC_003,185
GACGGCAAAGTCATTCAGCT_001,17
GACGGCAAAGTCATTCAGCT_002,103
GACGGCAAAGTCATTCAGCT_003,174
GACGGCAAAGTCATTCAGCT_004,78
GACGGCAAAGTCATTCAGCT_005,12
TCTCGCCCGACAATGAACAG_001,67
TCTCGCCCGACAATGAACAG_002,141
TCTCGCCCGACAATGAACAG_003,125
CCTGATTGTAATAAAACACC_001,190
CCTGATTGTAATAAAACACC_002,187
AATTGGAGTGAAGACAGATC_001,78
AATTGGAGTGAAGACAGATC_002,37
AATTGGAGTGAAGACAGATC_003,94
AATTGGAGTGAAGACAGATC_004,94
AATTGGAGTGAAGACAGATC_005,14
AATTGGAGTGAAGACAGATC_006,29
AATTGGAGTGAAGACAGATC_007,190
AATTGGAGTGAAGACAGATC_008,141
AATTGGAGTGAAGACAGATC_009,134
AATTGGAGTGAAGACAGATC_010,117
AATTGGAGTGAAGACAGATC_011,113
AATTGGAGTGAAGACAGATC_012,74
AATTGGAGTGAAGACAGATC_013,71
AATTGGAGTGAAGACAGATC_014,171
AATTGGAGTGAAGACAGATC_015,86
AATTGGAGTGAAGACAGATC_016,50
AATTGGAGTGAAGACAGATC_017,58
AATTGGAGTGAAGACAGATC_018,144
AATTGGAGTGAAGACAGATC_019,144
AATTGGAGTGAAGACAGATC_020,56
AATTGGAGTGAAGACAGATC_021,168
AATTGGAGTGAAGACAGATC_022,144
AATTGGAGTGAAGACAGATC_023,170
AATTGGAGTGAAGACAGATC_024,89
CTACTTGAACTACCCTAACT_001,34
CTACTTGAACTACCCTAACT_002,62
CTACTTGAACTACCCTAACT_003,3
CTACTTGAACTACCCTAACT_004,4
CTACTTGAACTACCCTAACT_005,30
CACAGCGAGTCATCTCCTCG_001,99
CACAGCGAGTCATCTCCTCG_002,76
CACAGCGAGTCATCTCCTCG_003,182
CACAGCGAGTCATCTCCTCG_004,34
GACGCGTGTGAATGCAACGA_001,127
GACGCGTGTGAATGCAACGA_002,139
GACGCGTGTGAATGCAACGA_003,16
GACGCGTGTGAATGCAACGA_004,105
GACGCGTGTGAATGCAACGA_005,73
GACGCGTGTGAATGCAACGA_006,28
AGTCACTTTGCCTGGACAGG_001,76
AGTCACTTTGCCTGGACAGG_002,160
AGTCACTTTGCCTGGACAGG_003,190
AGTCACTTTGCCTGGACAGG_004,62
AGTCACTTTGCCTGGACAGG_005,144
AGTCACTTTGCCTGGACAGG_006,27
GACTGGCGAAGGCTTCCTGT_001,103
GACTGGCGAAGGCTTCCTGT_002,83
GACTGGCGAAGGCTTCCTGT_003,183
GACTGGCGAAGGCTTCCTGT_004,0
GACTGGCGAAGGCTTCCTGT_005,17
GACTGGCGAAGGCTTCCTGT_006,16
GACTGGCGAAGGCTTCCTGT_007,95
GACTGGCGAAGGCTTCCTGT_008,75
GACTGGCGAAGGCTTCCTGT_009,89
GACTGGCGAAGGCTTCCTGT_010,94
GACTGGCGAAGGCTTCCTGT_011,169
GACTGGCGAAGGCTTCCTGT_012,96
GACTGGCGAAGGCTTCCTGT_013,42
GACTGGCGAAGGCTTCCTGT_014,160
GACTGGCGAAGGCTTCCTGT_015,166
GACTGGCGAAGGCTTCCTGT_016,177
GACTGGCGAAGGCTTCCTGT_017,44
GACTGGCGAAGGCTTCCTGT_018,1
GACTGGCGAAGGCTTCCTGT_019,88
GACTGGCGAAGGCTTCCTGT_020,144
GACTGGCGAAGGCTTCCTGT_021,137
GACTGGCGAAGGCTTCCTGT_022,49
GACTGGCGAAGGCTTCCTGT_023,197
GACTGGCGAAGGCTTCCTGT_024,149
GACTGGCGAAGGCTTCCTGT_025,77
GACTGGCGAAGGCTTCCTGT_026,70
GACTGGCGAAGGCTTCCTGT_027,168
GACTGGCGAAGGCTTCCTGT_028,125
GACTGGCGAAGGCTTCCTGT_029,116
GCTGTGCACCGAGGTCCGTG_001,169
GCTGTGCACCGAGGTCCGTG_002,126
GCTGTGCACCGAGGTCCGTG_003,77
GCTGTGCACCGAGGTCCGTG_004,101
GCTGTGCACCGAGGTCCGTG_005,101
GCTGTGCACCGAGGTCCGTG_006,181
GCTGTGCACCGAGGTCCGTG_007,144
GCTGTGCACCGAGGTCCGTG_008,153
GCTGTGCACCGAGGTCCGTG_009,66
GCTGTGCACCGAGGTCCGTG_010,0
GGCTACTCTGGCCAGCCCAA_001,97
GGCTACTCTGGCCAGCCCAA_002,64
GGCTACTCTGGCCAGCCCAA_003,172
GGCTACTCTGGCCAGCCCAA_004,155
GGCTACTCTGGCCAGCCCAA_005,12
GGCTACTCTGGCCAGCCCAA_006,193
GGCTACTCTGGCCAGCCCAA_007,150
GGCTACTCTGGCCAGCCCAA_008,70
GGCTACTCTGGCCAGCCCAA_009,165
GGCTACTCTGGCCAGCCCAA_010,18
GGCTACTCTGGCCAGCCCAA_011,19
GGCTACTCTGGCCAGCCCAA_012,67
AGCCAGTGTCAACACGACAC_001,62
AGCCAGTGTCAACACGACAC_002,98
AGCCAGTGTCAACACGACAC_003,82
AGCCAGTGTCAACACGACAC_004,17
AGCCAGTGTCAACACGACAC_005,127
AGCCAGTGTCAACACGACAC_006,33
AGCCAGTGTCAACACGACAC_007,119
AGCCAGTGTCAACACGACAC_008,181
AGCCAGTGTCAACACGACAC_009,153
AGCCAGTGTCAACACGACAC_010,98
AGCCAGTGTCAACACGACAC_011,15
AGCCAGTGTCAACACGACAC_012,132
AGCCAGTGTCAACACGACAC_013,170
AGCCAGTGTCAACACGACAC_014,68
AGCCAGTGTCAACACGACAC_015,41
AGCCAGTGTCAACACGACAC_016,94
AGCCAGTGTCAACACGACAC_017,68
AGCCAGTGTCAACACGACAC_018,6
AGCCAGTGTCAACACGACAC_019,182
AGCCAGTGTCAACACGACAC_020,120
AGCCAGTGTCAACACGACAC_021,81
AGCCAGTGTCAACACGACAC_022,78
AGCCAGTGTCAACACGACAC_023,1
AGCCAGTGTCAACACGACAC_024,177
AGCCAGTGTCAACACGACAC_025,9
AGCCAGTGTCAACACGACAC_026,127
AGCCAGTGTCAACACGACAC_027,63
AGCCAGTGTCAACACGACAC_028,102
AGCCAGTGTCAACACGACAC_029,160
AGCCAGTGTCAACACGACAC_030,199
AGCCAGTGTCAACACGACAC_031,147
GCCCATCAAATGTCTCCACG_001,76
GCCCATCAAATGTCTCCACG_002,41
GCCCATCAAATGTCTCCACG_003,48
GCCCATCAAATGTCTCCACG_004,188
GCCCATCAAATGTCTCCACG_005,157
GCCCATCAAATGTCTCCACG_006,62
GCCCATCAAATGTCTCCACG_007,191
GCCCATCAAATGTCTCCACG_008,74
CCTGGCCACATGTGTCAATG_001,125
CCTGGCCACATGTGTCAATG_002,157
CCTGGCCACATGTGTCAATG_003,93
CCTGGCCACATGTGTCAATG_004,41
CCTGGCCACATGTGTCAATG_005,101
CCTGGCCACATGTGTCAATG_006,24
CCTGGCCACATGTGTCAATG_007,32
CATTGGCGCTTCCCGAGTCG_001,158
CATTGGCGCTTCCCGAGTCG_002,69
CATTGGCGCTTCCCGAGTCG_003,14
CATTGGCGCTTCCCGAGTCG_004,1
CATTGGCGCTTCCCGAGTCG_005,190
CATTGGCGCTTCCCGAGTCG_006,125
CATTGGCGCTTCCCGAGTCG_007,134
CATTGGCGCTTCCCGAGTCG_008,50
CATTGGCGCTTCCCGAGTCG_009,199
CATTGGCGCTTCCCGAGTCG_010,92
CATTGGCGCTTCCCGAGTCG_011,196
TCTCTGGCAGGAATTTGCAG_001,172
TCTTCTCGGGACAATTTGGG_001,39
TCTTCTCGGGACAATTTGGG_002,184
TCTTCTCGGGACAATTTGGG_003,177
TCTTCTCGGGACAATTTGGG_004,129
TCTTCTCGGGACAATTTGGG_005,169
TCTTCTCGGGACAATTTGGG_006,15
TCTTCTCGGGACAATTTGGG_007,2
TCTTCTCGGGACAATTTGGG_008,169
TCTTCTCGGGACAATTTGGG_009,9
TCTTCTCGGGACAATTTGGG_010,41
TCTTCTCGGGACAATTTGGG_011,115
TCTTCTCGGGACAATTTGGG_012,94
TCTTCTCGGGACAATTTGGG_013,55
TGAGATGATCGACGTCATCG_001,193
TGAGATGATCGACGTCATCG_002,53
TGAGATGATCGACGTCATCG_003,106
TGAGATGATCGACGTCATCG_004,127
AAACCAGCATCACGTCCATG_001,184
AAACCAGCATCACGTCCATG_002,49
AAACCAGCATCACGTCCATG_003,171
AAACCAGCATCACGTCCATG_004,83
AAACCAGCATCACGTCCATG_005,178
AAACCAGCATCACGTCCATG_006,68
AAACCAGCATCACGTCCATG_007,52
AAACCAGCATCACGTCCATG_008,91
AAACCAGCATCACGTCCATG_009,155
AAACCAGCATCACGTCCATG_010,99
AGAGTGCATTCCGGAACCCG_001,76
GATGGTGCTAATACAATCCT_001,65
AGTGAGCCATTACTTACCTG_001,1
AGTGAGCCATTACTTACCTG_002,130
AGTGAGCCATTACTTACCTG_003,56
AGTGAGCCATTACTTACCTG_004,140
AGTGAGCCATTACTTACCTG_005,36
AGTGAGCCATTACTTACCTG_006,148
AGTGAGCCATTACTTACCTG_007,38
AGTGAGCCATTACTTACCTG_008,19
AGTGAGCCATTACTTACCTG_009,166
CCAGGCAATGGGATACGAAG_001,2
CCAGGCAATGGGATACGAAG_002,158
CCAGGCAATGGGATACGAAG_003,160
CCAGGCAATGGGATACGAAG_004,170
CCAGGCAATGGGATACGAAG_005,52
CCAGGCAATGGGATACGAAG_006,33
CCAGGCAATGGGATACGAAG_007,62
GTGATCTGAGTGGATTCGTG_001,169
GTGATCTGAGTGGATTCGTG_002,58
GTGATCTGAGTGGATTCGTG_003,76
GTGATCTGAGTGGATTCGTG_004,50
GTGATCTGAGTGGATTCGTG_005,106
GTGATCTGAGTGGATTCGTG_006,183
GTGATCTGAGTGGATTCGTG_007,147
GTGATCTGAGTGGATTCGTG_008,48
GTGATCTGAGTGGATTCGTG_009,70
GTGATCTGAGTGGATTCGTG_010,160
GTGATCTGAGTGGATTCGTG_011,13
GTGATCTGAGTGGATTCGTG_012,150
GTGATCTGAGTGGATTCGTG_013,60
GTGATCTGAGTGGATTCGTG_014,188
GTGATCTGAGTGGATTCGTG_015,11
GTGATCTGAGTGGATTCGTG_016,125
AATGCGACTATAAGTCCTAG_001,158
AATGCGACTATAAGTCCTAG_002,72
AATGCGACTATAAGTCCTAG_003,120
AATGCGACTATAAGTCCTAG_004,182
AATGCGACTATAAGTCCTAG_005,158
AATGCGACTATAAGTCCTAG_006,56
AATGCGACTATAAGTCCTAG_007,70
AATGCGACTATAAGTCCTAG_008,78
TCGGGACTGAAGGTGTACGG_001,117
TGTCTCCAAATGGGGTGTCA_001,47
TGTCTCCAAATGGGGTGTCA_002,112
TGTCTCCAAATGGGGTGTCA_003,77
TGTCTCCAAATGGGGTGTCA_004,117
TGTCTCCAAATGGGGTGTCA_005,139
TGTCTCCAAATGGGGTGTCA_006,148
TTTACTTACAAAAATGAACT_001,106
TTTACTTACAAAAATGAACT_002,108
GAGAAGCAGATCCAGTCCAA_001,150
GAGAAGCAGATCCAGTCCAA_002,103
GAGAAGCAGATCCAGTCCAA_003,108
GAGAAGCAGATCCAGTCCAA_004,143
GGGCTCCTTACCCGTAGTAG_001,49
GGGCTCCTTACCCGTAGTAG_002,82
GGGCTCCTTACCCGTAGTAG_003,26
CCCAGAACTGGAGATTGACG_001,97
CCCAGAACTGGAGATTGACG_002,170
CCCAGAACTGGAGATTGACG_003,178
CCCAGAACTGGAGATTGACG_004,36
CCCAGAACTGGAGATTGACG_005,70
CCCAGAACTGGAGATTGACG_006,141
GCACGCAGCCCCCACCAACG_001,183
GCACGCAGCCCCCACCAACG_002,38
GCACGCAGCCCCCACCAACG_003,197
GCACGCAGCCCCCACCAACG_004,89
GCACGCAGCCCCCACCAACG_005,49
GCACGCAGCCCCCACCAACG_006,28
GCACGCAGCCCCCACCAACG_007,160
GCACGCAGCCCCCACCAACG_008,49
GCACGCAGCCCCCACCAACG_009,52
GCACGCAGCCCCCACCAACG_010,153
GCACGCAGCCCCCACCAACG_011,76
GCACGCAGCCCCCACCAACG_012,72
GCACGCAGCCCCCACCAACG_013,166
GCACGCAGCCCCCACCAACG_014,15
GCACGCAGCCCCCACCAACG_015,168
GCACGCAGCCCCCACCAACG_016,108
GCACGCAGCCCCCACCAACG_017,108
GCACGCAGCCCCCACCAACG_018,147
GCACGCAGCCCCCACCAACG_019,148
GCACGCAGCCCCCACCAACG_020,162
GCACGCAGCCCCCACCAACG_021,100
GCACGCAGCCCCCACCAACG_022,168
GCACGCAGCCCCCACCAACG_023,119
CTATCGATGCAGTGATTGTG_001,146
CTATCGATGCAGTGATTGTG_002,105
CTATCGATGCAGTGATTGTG_003,50
CTATCGATGCAGTGATTGTG_004,146
CTATCGATGCAGTGATTGTG_005,17
CTATCGATGCAGTGATTGTG_006,98
CTATCGATGCAGTGATTGTG_007,26
CTATCGATGCAGTGATTGTG_008,197
CTATCGATGCAGTGATTGTG_009,64
CTATCGATGCAGTGATTGTG_010,69
CTATCGATGCAGTGATTGTG_011,100
CTATCGATGCAGTGATTGTG_012,119
CTATCGATGCAGTGATTGTG_013,108
CTATCGATGCAGTGATTGTG_014,166
CTATCGATGCAGTGATTGTG_015,82
GTTCGCTGGAACAAGACTCG_001,4
GTTCGCTGGAACAAGACTCG_002,150
GTTCGCTGGAACAAGACTCG_003,88
GTTCGCTGGAACAAGACTCG_004,50
GTTCGCTGGAACAAGACTCG_005,29
GTTCGCTGGAACAAGACTCG_006,150
GTTCGCTGGAACAAGACTCG_007,55
GTTCGCTGGAACAAGACTCG_008,88
GTTCGCTGGAACAAGACTCG_009,16
GTTCGCTGGAACAAGACTCG_010,96
GTTCGCTGGAACAAGACTCG_011,59
GTTCGCTGGAACAAGACTCG_012,20
GTTCGCTGGAACAAGACTCG_013,137
TTTAATTACAATCTAGCAGA_001,14
TACTACTGGCATGTACCCAG_001,182
TACTACTGGCATGTACCCAG_002,96
TACTACTGGCATGTACCCAG_003,124
TACTACTGGCATGTACCCAG_004,91
TACTACTGGCATGTACCCAG_005,177
TACTACTGGCATGTACCCAG_006,110
TACTACTGGCATGTACCCAG_007,147
TACTACTGGCATGTACCCAG_008,34
TACTACTGGCATGTACCCAG_009,176
TACTACTGGCATGTACCCAG_010,17
GCCAGGACAGCAGACAAGTG_001,141
GCCAGGACAGCAGACAAGTG_002,193
GCCAGGACAGCAGACAAGTG_003,140
GCCAGGACAGCAGACAAGTG_004,75
GCCAGGACAGCAGACAAGTG_005,33
GCCAGGACAGCAGACAAGTG_006,185
GCCAGGACAGCAGACAAGTG_007,57
GCCAGGACAGCAGACAAGTG_008,113
AAGCTGCTGAGCTAAGCAGT_001,36
AAGCTGCTGAGCTAAGCAGT_002,42
AAGCTGCTGAGCTAAGCAGT_003,150
AAGCTGCTGAGCTAAGCAGT_004,28
AAGCTGCTGAGCTAAGCAGT_005,31
AAGCTGCTGAGCTAAGCAGT_006,113
AAGCTGCTGAGCTAAGCAGT_007,109
AAGCTGCTGAGCTAAGCAGT_008,109
AAGCTGCTGAGCTAAGCAGT_009,188
AAGCTGCTGAGCTAAGCAGT_010,106
AAGCTGCTGAGCTAAGCAGT_011,91
CATCGACATTTACACAGACA_001,172
CATCGACATTTACACAGACA_002,184
CATCGACATTTACACAGACA_003,91
CATCGACATTTACACAGACA_004,48
CATCGACATTTACACAGACA_005,141
CATCGACATTTACACAGACA_006,160
CATCGACATTTACACAGACA_007,6
GTAGCCCCGTATGCCCTCGG_001,168
GTAGCCCCGTATGCCCTCGG_002,88
GTAGCCCCGTATGCCCTCGG_003,70
GTAGCCCCGTATGCCCTCGG_004,23
GTAGCCCCGTATGCCCTCGG_005,185
GTAGCCCCGTATGCCCTCGG_006,49
GTAGCCCCGTATGCCCTCGG_007,44
GTAGCCCCGTATGCCCTCGG_008,9
GTAGCCCCGTATGCCCTCGG_009,188
GTAGCCCCGTATGCCCTCGG_010,56
GTAGCCCCGTATGCCCTCGG_011,5
GTAGCCCCGTATGCCCTCGG_012,183
GTAGCCCCGTATGCCCTCGG_013,102
GTAGCCCCGTATGCCCTCGG_014,162
GTAGCCCCGTATGCCCTCGG_015,114
GTAGCCCCGTATGCCCTCGG_016,185
TCAACAAGAACCCGCTCCAG_001,102
TCAACAAGAACCCGCTCCAG_002,156
TCAACAAGAACCCGCTCCAG_003,197
TCAACAAGAACCCGCTCCAG_004,28
TCAACAAGAACCCGCTCCAG_005,107
TCAACAAGAACCCGCTCCAG_006,123
TCAACAAGAACCCGCTCCAG_007,114
TCAACAAGAACCCGCTCCAG_008,5
TGGCTTGACCCTCCTCTAAG_001,165
TGGCTTGACCCTCCTCTAAG_002,146
TGGCTTGACCCTCCTCTAAG_003,184
TGGCTTGACCCTCCTCTAAG_004,184
TGGCTTGACCCTCCTCTAAG_005,9
TGGCTTGACCCTCCTCTAAG_006,44
TGGCTTGACCCTCCTCTAAG_007,17
TTTACTCACCAGGTTTGAAG_001,184
TTTACTCACCAGGTTTGAAG_002,147
TTTACTCACCAGGTTTGAAG_003,84
TTTACTCACCAGGTTTGAAG_004,22
TTTACTCACCAGGTTTGAAG_005,182
TTTACTCACCAGGTTTGAAG_006,169
CATTTAAAGATGACTTTGAG_001,19
CATTTAAAGATGACTTTGAG_002,150
CATTTAAAGATGACTTTGAG_003,199
CATTTAAAGATGACTTTGAG_004,169
CATTTAAAGATGACTTTGAG_005,105
CATTTAAAGATGACTTTGAG_006,194
CCAGTCTCGCAGCGCCCCGG_001,158
CCAGTCTCGCAGCGCCCCGG_002,192
CCAGTCTCGCAGCGCCCCGG_003,77
CCAGTCTCGCAGCGCCCCGG_004,127
CCAGTCTCGCAGCGCCCCGG_005,132
CCAGTCTCGCAGCGCCCCGG_006,126
CCAGTCTCGCAGCGCCCCGG_007,198
CCAGTCTCGCAGCGCCCCGG_008,104
CCAGTCTCGCAGCGCCCCGG_009,33
CCAGTCTCGCAGCGCCCCGG_010,107
CCAGTCTCGCAGCGCCCCGG_011,116
CCAGTCTCGCAGCGCCCCGG_012,68
CCAGTCTCGCAGCGCCCCGG_013,124
CCAGTCTCGCAGCGCCCCGG_014,84
CCAGTCTCGCAGCGCCCCGG_015,16
CCAGTCTCGCAGCGCCCCGG_016,150
CCAGTCTCGCAGCGCCCCGG_017,52
CCAGTCTCGCAGCGCCCCGG_018,138
CCAGTCTCGCAGCGCCCCGG_019,82
CCAGTCTCGCAGCGCCCCGG_020,185
CCAGTCTCGCAGCGCCCCGG_021,8
CCAGTCTCGCAGCGCCCCGG_022,177
CCAGTCTCGCAGCGCCCCGG_023,77
CCAGTCTCGCAGCGCCCCGG_024,113
CCAGTCTCGCAGCGCCCCGG_025,115
CCAGTCTCGCAGCGCCCCGG_026,135
CCAGTCTCGCAGCGCCCCGG_027,107
CCAGTCTCGCAGCGCCCCGG_028,144
CCAGTCTCGCAGCGCCCCGG_029,138
CCAGTCTCGCAGCGCCCCGG_030,65
CCAGTCTCGCAGCGCCCCGG_031,168
CCAGTCTCGCAGCGCCCCGG_032,188
GACGAATGCTCAGGAGCGCA_001,26
GACGAATGCTCAGGAGCGCA_002,184
AAGGCCACGTGAAGATGCTG_001,98
AAGGCCACGTGAAGATGCTG_002,16
AAGGCCACGTGAAGATGCTG_003,89
AAGGCCACGTGAAGATGCTG_004,193
AAGGCCACGTGAAGATGCTG_005,117
TGAATGCATGACCTGCAATG_001,22
TGAATGCATGACCTGCAATG_002,16
TGAATGCATGACCTGCAATG_003,147
TGAATGCATGACCTGCAATG_004,168
TGAATGCATGACCTGCAATG_005,41
ACAATCCGGGACTGAATCGG_001,55
ACAATCCGGGACTGAATCGG_002,70
ACAATCCGGGACTGAATCGG_003,112
ACAATCCGGGACTGAATCGG_004,8
ACAATCCGGGACTGAATCGG_005,77
ACAATCCGGGACTGAATCGG_006,32
ACAATCCGGGACTGAATCGG_007,13
ACAATCCGGGACTGAATCGG_008,103
ACAATCCGGGACTGAATCGG_009,30
AGCGCACACACAGCGCCGAG_001,39
AGCGCACACACAGCGCCGAG_002,185
AGCGCACACACAGCGCCGAG_003,13
AGCGCACACACAGCGCCGAG_004,94
AGCGCACACACAGCGCCGAG_005,105
AGCGCACACACAGCGCCGAG_006,180
GTCCAGCAACAAGAGGCTCG_001,134
GTCCAGCAACAAGAGGCTCG_002,104
GTCCAGCAACAAGAGGCTCG_003,53
GTCCAGCAACAAGAGGCTCG_004,51
GTCCAGCAACAAGAGGCTCG_005,56
GTCCAGCAACAAGAGGCTCG_006,147
GTCCAGCAACAAGAGGCTCG_007,113
TGCCCATCGTGGTTTCTCCG_001,183
TGCCCATCGTGGTTTCTCCG_002,5
TGCCCATCGTGGTTTCTCCG_003,34
TGCCCATCGTGGTTTCTCCG_004,117
TGCCCATCGTGGTTTCTCCG_005,146
TGCCCATCGTGGTTTCTCCG_006,82
TGCCCATCGTGGTTTCTCCG_007,121
TGCCCATCGTGGTTTCTCCG_008,173
TGCCCATCGTGGTTTCTCCG_009,132
TGCCCATCGTGGTTTCTCCG_010,197
GACCACTCATCGCATCAGTG_001,125
GACCACTCATCGCATCAGTG_002,128
GACCACTCATCGCATCAGTG_003,70
GACCACTCATCGCATCAGTG_004,154
GACCACTCATCGCATCAGTG_005,18
GACCACTCATCGCATCAGTG_006,17
GACCACTCATCGCATCAGTG_007,168
GACCACTCATCGCATCAGTG_008,81
GACCACTCATCGCATCAGTG_009,9
CAGGAAGATTCCAAAGAGGG_001,183
CAGGAAGATTCCAAAGAGGG_002,178
CAGGAAGATTCCAAAGAGGG_003,29
CAGGAAGATTCCAAAGAGGG_004,162
GGAGCTTAGTGATGTGCCGG_001,137
GGAGCTTAGTGATGTGCCGG_002,62
GGAGCTTAGTGATGTGCCGG_003,32
GGAGCTTAGTGATGTGCCGG_004,53
GGAGCTTAGTGATGTGCCGG_005,103
GGAGCTTAGTGATGTGCCGG_006,9
GGAGCTTAGTGATGTGCCGG_007,140
GGAGCTTAGTGATGTGCCGG_008,45
GGAGCTTAGTGATGTGCCGG_009,49
GGAGCTTAGTGATGTGCCGG_010,50
GGAGCTTAGTGATGTGCCGG_011,186
GGAGCTTAGTGATGTGCCGG_012,16
GGAGCTTAGTGATGTGCCGG_013,127
GGAGCTTAGTGATGTGCCGG_014,4
GGAGCTTAGTGATGTGCCGG_015,176
GGAGCTTAGTGATGTGCCGG_016,149
CCAGATCTTTCTCCCCTAAG_001,144
CCAGATCTTTCTCCCCTAAG_002,33
CCAGATCTTTCTCCCCTAAG_003,130
CCAGATCTTTCTCCCCTAAG_004,185
CCAGATCTTTCTCCCCTAAG_005,42
CCAGATCTTTCTCCCCTAAG_006,4
CCAGATCTTTCTCCCCTAAG_007,185
TCAACCAGCTGCACTGTCGG_001,186
TCAACCAGCTGCACTGTCGG_002,189
TCAACCAGCTGCACTGTCGG_003,48
TCAACCAGCTGCACTGTCGG_004,157
TCAACCAGCTGCACTGTCGG_005,94
TCAACCAGCTGCACTGTCGG_006,145
TCAACCAGCTGCACTGTCGG_007,23
TCAACCAGCTGCACTGTCGG_008,19
TCAACCAGCTGCACTGTCGG_009,175
TCAACCAGCTGCACTGTCGG_010,23
TCAACCAGCTGCACTGTCGG_011,129
ACCAGAAATGAGGTAGCCTG_001,169
ACCAGAAATGAGGTAGCCTG_002,48
ACCAGAAATGAGGTAGCCTG_003,154
ACCAGAAATGAGGTAGCCTG_004,112
ACCAGAAATGAGGTAGCCTG_005,170
ACCAGAAATGAGGTAGCCTG_006,120
ACCAGAAATGAGGTAGCCTG_007,127
ACCAGAAATGAGGTAGCCTG_008,60
ACCAGAAATGAGGTAGCCTG_009,194
ACCAGAAATGAGGTAGCCTG_010,194
ACCAGAAATGAGGTAGCCTG_011,50
ACCAGAAATGAGGTAGCCTG_012,121
ACCAGAAATGAGGTAGCCTG_013,136
ACCAGAAATGAGGTAGCCTG_014,143
ACCAGAAATGAGGTAGCCTG_015,198
ACCAGAAATGAGGTAGCCTG_016,168
ACCAGAAATGAGGTAGCCTG_017,16
ACCAGAAATGAGGTAGCCTG_018,162
ACCAGAAATGAGGTAGCCTG_019,30
ACCAGAAATGAGGTAGCCTG_020,105
ACCAGAAATGAGGTAGCCTG_021,11
ACCAGAAATGAGGTAGCCTG_022,19
TCCTTGCTAGCCAGATAGAG_001,97
TCCCGCCAGATACGTATCCA_001,198
GGGCGTCAAAGTCTTCTCGG_001,115
GGGCGTCAAAGTCTTCTCGG_002,150
GGGCGTCAAAGTCTTCTCGG_003,14
GGGCGTCAAAGTCTTCTCGG_004,88
GGGCGTCAAAGTCTTCTCGG_005,27
GGGCGTCAAAGTCTTCTCGG_006,105
CTTCTCTTAGGATTCAACGT_001,168
CTTCTCTTAGGATTCAACGT_002,94
CTTCTCTTAGGATTCAACGT_003,137
CAGCCAACTCAGGTAAACAC_001,130
CAGCCAACTCAGGTAAACAC_002,165
CAGCCAACTCAGGTAAACAC_003,82
CAGCCAACTCAGGTAAACAC_004,50
CAGCCAACTCAGGTAAACAC_005,22
CAGCCAACTCAGGTAAACAC_006,26
CAGCCAACTCAGGTAAACAC_007,79
CAGCCAACTCAGGTAAACAC_008,116
CAGCCAACTCAGGTAAACAC_009,151
CAGCCAACTCAGGTAAACAC_010,162
CAGCCAACTCAGGTAAACAC_011,78
GAGTGTAAAGATCTGGCAGT_001,181
GAGTGTAAAGATCTGGCAGT_002,103
GAGTGTAAAGATCTGGCAGT_003,147
GAGTGTAAAGATCTGGCAGT_004,152
GAGTGTAAAGATCTGGCAGT_005,96
GAGTGTAAAGATCTGGCAGT_006,48
GAGTGTAAAGATCTGGCAGT_007,185
GAGTGTAAAGATCTGGCAGT_008,44
GAGTGTAAAGATCTGGCAGT_009,81
GAGTGTAAAGATCTGGCAGT_010,12
GAGTGTAAAGATCTGGCAGT_011,57
TCCTGGAATCCGATACAGTG_001,66
TCCTGGAATCCGATACAGTG_002,35
TCCTGGAATCCGATACAGTG_003,156
TCCTGGAATCCGATACAGTG_004,68
TCCTGGAATCCGATACAGTG_005,185
TGAGCTGATTCTCGAATGTG_001,12
TGAGCTGATTCTCGAATGTG_002,19
TGAGCTGATTCTCGAATGTG_003,98
TGAGCTGATTCTCGAATGTG_004,94
TGAGCTGATTCTCGAATGTG_005,94
ACCGGGACAGAGACTATAGT_001,199
ACCGGGACAGAGACTATAGT_002,83
ACCGGGACAGAGACTATAGT_003,168
ACCGGGACAGAGACTATAGT_004,165
GGAGCCGCTTCAGATATGCA_001,70
GGAGCCGCTTCAGATATGCA_002,37
GGAGCCGCTTCAGATATGCA_003,121
GGAGCCGCTTCAGATATGCA_004,125
CCATAAGGGACAGTTGACTG_001,174
CCATAAGGGACAGTTGACTG_002,127
CCATAAGGGACAGTTGACTG_003,16
CCATAAGGGACAGTTGACTG_004,188
CCATAAGGGACAGTTGACTG_005,80
CCATAAGGGACAGTTGACTG_006,108
CCATAAGGGACAGTTGACTG_007,168
CCATAAGGGACAGTTGACTG_008,1
CCATAAGGGACAGTTGACTG_009,163
CCATAAGGGACAGTTGACTG_010,16
CCATAAGGGACAGTTGACTG_011,83
CCATAAGGGACAGTTGACTG_012,198
CCATAAGGGACAGTTGACTG_013,124
CCATAAGGGACAGTTGACTG_014,32
GTCAACACATCTGGACAAGC_001,38
GTCAACACATCTGGACAAGC_002,144
AAGGTGACAGGGGACGAATG_001,150
AAGGTGACAGGGGACGAATG_002,132
AAGGTGACAGGGGACGAATG_003,139
AAGGTGACAGGGGACGAATG_004,175
AAGGTGACAGGGGACGAATG_005,126
AAGGTGACAGGGGACGAATG_006,57
AAGGTGACAGGGGACGAATG_007,198
AAGGTGACAGGGGACGAATG_008,197
AAGGTGACAGGGGACGAATG_009,19
AAGGTGACAGGGGACGAATG_010,150
AAGGTGACAGGGGACGAATG_011,61
AAGGTGACAGGGGACGAATG_012,78
CCATGCTAAAATTGGCACCG_001,159
CCATGCTAAAATTGGCACCG_002,29
CCATGCTAAAATTGGCACCG_003,82
CCATGCTAAAATTGGCACCG_004,58
CCATGCTAAAATTGGCACCG_005,183
CCATGCTAAAATTGGCACCG_006,141
CCATGCTAAAATTGGCACCG_007,174
CCATGCTAAAATTGGCACCG_008,57
CCATGCTAAAATTGGCACCG_009,197
CCATGCTAAAATTGGCACCG_010,163
CCATGCTAAAATTGGCACCG_011,147
CCATGCTAAAATTGGCACCG_012,148
CCATGCTAAAATTGGCACCG_013,28
CCATGCTAAAATTGGCACCG_014,126
TCACTCGAACGTTCTCCACG_001,96
TCACTCGAACGTTCTCCACG_002,22
TCACTCGAACGTTCTCCACG_003,47
TCACTCGAACGTTCTCCACG_004,176
TCACTCGAACGTTCTCCACG_005,103
TGAGGTCAGCACAAGCATCC_001,3
TGAGGTCAGCACAAGCATCC_002,25
TGAGGTCAGCACAAGCATCC_003,35
TGAGGTCAGCACAAGCATCC_004,20
TGAGGTCAGCACAAGCATCC_005,162
TGTGAATGACAAAATCTGGC_001,147
TGTGAATGACAAAATCTGGC_002,130
AAGGCCAACACTATTCGAGG_001,152
ATTCTGTGGAATCTGTCGGG_001,176
ATTCTGTGGAATCTGTCGGG_002,97
ATTCTGTGGAATCTGTCGGG_003,44
ATTCTGTGGAATCTGTCGGG_004,192
ATTCTGTGGAATCTGTCGGG_005,147
ATTCTGTGGAATCTGTCGGG_006,71
ATTCTGTGGAATCTGTCGGG_007,168
ATTCTGTGGAATCTGTCGGG_008,190
ATTCTGTGGAATCTGTCGGG_009,165
ATTCTGTGGAATCTGTCGGG_010,67
ATTCTGTGGAATCTGTCGGG_011,189
ATTCTGTGGAATCTGTCGGG_012,155
ATTCTGTGGAATCTGTCGGG_013,115
CGTCACGGCCTGAACTACTG_001,6
CGTCACGGCCTGAACTACTG_002,96
CGTCACGGCCTGAACTACTG_003,27
CGTCACGGCCTGAACTACTG_004,58
CGTCACGGCCTGAACTACTG_005,160
CGTCACGGCCTGAACTACTG_006,78
CGTCACGGCCTGAACTACTG_007,159
CGTCACGGCCTGAACTACTG_008,24
CGTCACGGCCTGAACTACTG_009,78
CGTCACGGCCTGAACTACTG_010,117
CGTCACGGCCTGAACTACTG_011,158
CGTCACGGCCTGAACTACTG_012,92
CGTCACGGCCTGAACTACTG_013,184
CGTCACGGCCTGAACTACTG_014,176
CGTCACGGCCTGAACTACTG_015,17
CGTCACGGCCTGAACTACTG_016,76
CGTCACGGCCTGAACTACTG_017,76
CGTCACGGCCTGAACTACTG_018,183
CGTCACGGCCTGAACTACTG_019,137
CGTCACGGCCTGAACTACTG_020,40
CGTCACGGCCTGAACTACTG_021,141
CGTCACGGCCTGAACTACTG_022,16
CGTCACGGCCTGAACTACTG_023,145
CGTCACGGCCTGAACTACTG_024,141
CGTCACGGCCTGAACTACTG_025,70
CGTCACGGCCTGAACTACTG_026,166
CGTCACGGCCTGAACTACTG_027,56
CGTCACGGCCTGAACTACTG_028,177
CGTCACGGCCTGAACTACTG_029,64
GTAGTGCAGCAAGTAAACGG_001,93
GTAGTGCAGCAAGTAAACGG_002,50
GTAGTGCAGCAAGTAAACGG_003,31
GTAGTGCAGCAAGTAAACGG_004,5
GTAGTGCAGCAAGTAAACGG_005,84
GTAGTGCAGCAAGTAAACGG_006,21
GTAGTGCAGCAAGTAAACGG_007,31
GTAGTGCAGCAAGTAAACGG_008,70
ACAGCAGCTCTGAAGAGACC_001,179
ACAGCAGCTCTGAAGAGACC_002,104
ACAGCAGCTCTGAAGAGACC_003,172
CTACAGCCAATGGAAACGCG_001,154
CTACAGCCAATGGAAACGCG_002,190
CTACAGCCAATGGAAACGCG_003,37
CTACAGCCAATGGAAACGCG_004,62
CTACAGCCAATGGAAACGCG_005,32
CTACAGCCAATGGAAACGCG_006,43
CGATGTGGGAATCACCAGCG_001,102
CGATGTGGGAATCACCAGCG_002,55
CGATGTGGGAATCACCAGCG_003,178
CGATGTGGGAATCACCAGCG_004,80
GTAGGTCTGATTGCTGACGT_001,81
GTAGGTCTGATTGCTGACGT_002,13
GTAGGTCTGATTGCTGACGT_003,145
GTAGGTCTGATTGCTGACGT_004,106
GTAGGTCTGATTGCTGACGT_005,65
TCACTGGAACACCAAATATG_001,48
TCACTGGAACACCAAATATG_002,15
TCACTGGAACACCAAATATG_003,49
TCACTGGAACACCAAATATG_004,147
CCAGCTCATACCTCAAGGGG_001,14
CCAGCTCATACCTCAAGGGG_002,140
GATCTGCCTCATGATCGGCA_001,102
GATCTGCCTCATGATCGGCA_002,134
GATCTGCCTCATGATCGGCA_003,15
GATCTGCCTCATGATCGGCA_004,179
GATCTGCCTCATGATCGGCA_005,182
GATCTGCCTCATGATCGGCA_006,175
GATCTGCCTCATGATCGGCA_007,19
GATCTGCCTCATGATCGGCA_008,40
GATCTGCCTCATGATCGGCA_009,80
CCTACCAGGGTTCCAATCGA_001,178
CCTACCAGGGTTCCAATCGA_002,47
CCTACCAGGGTTCCAATCGA_003,9
CCTACCAGGGTTCCAATCGA_004,60
CCTACCAGGGTTCCAATCGA_005,81
CCTACCAGGGTTCCAATCGA_006,149
CCTACCAGGGTTCCAATCGA_007,171
CCTACCAGGGTTCCAATCGA_008,197
CCTACCAGGGTTCCAATCGA_009,127
CCTACCAGGGTTCCAATCGA_010,60
CCTACCAGGGTTCCAATCGA_011,184
CCTACCAGGGTTCCAATCGA_012,184
CCTACCAGGGTTCCAATCGA_013,13
CCTACCAGGGTTCCAATCGA_014,118
CCTACCAGGGTTCCAATCGA_015,46
CCTACCAGGGTTCCAATCGA_016,158
TAATATGCAGCATGCATACT_001,55
TAATATGCAGCATGCATACT_002,55
TAATATGCAGCATGCATACT_003,146
TAATATGCAGCATGCATACT_004,80
TAATATGCAGCATGCATACT_005,196
TAATATGCAGCATGCATACT_006,6
TAATATGCAGCATGCATACT_007,157
TAATATGCAGCATGCATACT_008,168
TAATATGCAGCATGCATACT_009,126
TAATATGCAGCATGCATACT_010,126
TAATATGCAGCATGCATACT_011,171
ACGTAGGCACACTCGGTATG_001,28
ACGTAGGCACACTCGGTATG_002,124
ACGTAGGCACACTCGGTATG_003,172
ACGTAGGCACACTCGGTATG_004,50
ACGTAGGCACACTCGGTATG_005,115
ACGTAGGCACACTCGGTATG_006,49
ACGTAGGCACACTCGGTATG_007,101
ACGTAGGCACACTCGGTATG_008,74
ACGTAGGCACACTCGGTATG_009,156
ACGTAGGCACACTCGGTATG_010,29
ACGTAGGCACACTCGGTATG_011,125
ACGTAGGCACACTCGGTATG_012,178
ACGTAGGCACACTCGGTATG_013,94
ACGTAGGCACACTCGGTATG_014,58
ACGTAGGCACACTCGGTATG_015,124
ACGTAGGCACACTCGGTATG_016,83
ACGTAGGCACACTCGGTATG_017,97
ACGTAGGCACACTCGGTATG_018,165
ACGTAGGCACACTCGGTATG_019,12
ACGTAGGCACACTCGGTATG_020,124
ACGTAGGCACACTCGGTATG_021,74
ACGTAGGCACACTCGGTATG_022,127
ACGTAGGCACACTCGGTATG_023,153
AGCTTGAGTCAATTAACCGG_001,134
AGCTTGAGTCAATTAACCGG_002,94
AGCTTGAGTCAATTAACCGG_003,184
AGCTTGAGTCAATTAACCGG_004,167
AGCTTGAGTCAATTAACCGG_005,185
AGCTTGAGTCAATTAACCGG_006,150
AGCTTGAGTCAATTAACCGG_007,98
AGCTTGAGTCAATTAACCGG_008,118
AGCTTGAGTCAATTAACCGG_009,166
AGCTTGAGTCAATTAACCGG_010,178
AGCTTGAGTCAATTAACCGG_011,66
GAAATAGCAATATCCAGCTG_001,199
GAAATAGCAATATCCAGCTG_002,109
GAAATAGCAATATCCAGCTG_003,121
CAGCTCTTAATAATTGATCG_001,85
CAGCTCTTAATAATTGATCG_002,139
CAGCTCTTAATAATTGATCG_003,55
GGCACTAGAAGAAGTTTCAG_001,83
GGCACTAGAAGAAGTTTCAG_002,96
GGCACTAGAAGAAGTTTCAG_003,127
GGCACTAGAAGAAGTTTCAG_004,194
GGCACTAGAAGAAGTTTCAG_005,24
GGCACTAGAAGAAGTTTCAG_006,182
GGCACTAGAAGAAGTTTCAG_007,125
GGCACTAGAAGAAGTTTCAG_008,162
CATGCCGCTAGCGGACAAGG_001,79
CATGCCGCTAGCGGACAAGG_002,101
CATGCCGCTAGCGGACAAGG_003,140
CATGCCGCTAGCGGACAAGG_004,176
CATGCCGCTAGCGGACAAGG_005,147
CATGCCGCTAGCGGACAAGG_006,150
AGCTATCCTGCGCTACAGTG_001,198
AGCTATCCTGCGCTACAGTG_002,168
AGCTATCCTGCGCTACAGTG_003,168
AGCTATCCTGCGCTACAGTG_004,137
AGCTATCCTGCGCTACAGTG_005,106
AGCTATCCTGCGCTACAGTG_006,146
AGCTATCCTGCGCTACAGTG_007,116
AGCTATCCTGCGCTACAGTG_008,96
AGCTATCCTGCGCTACAGTG_009,118
AGCTATCCTGCGCTACAGTG_010,132
AGCTATCCTGCGCTACAGTG_011,143
AGCTATCCTGCGCTACAGTG_012,161
AGCTATCCTGCGCTACAGTG_013,60
AGCTATCCTGCGCTACAGTG_014,155
AGCTATCCTGCGCTACAGTG_015,70
AGCTATCCTGCGCTACAGTG_016,80
AGCTATCCTGCGCTACAGTG_017,86
AGCTATCCTGCGCTACAGTG_018,40
AGCTATCCTGCGCTACAGTG_019,82
AGCTATCCTGCGCTACAGTG_020,103
AGCTATCCTGCGCTACAGTG_021,174
AGCTATCCTGCGCTACAGTG_022,2
AGCTATCCTGCGCTACAGTG_023,94
AGCTATCCTGCGCTACAGTG_024,58
AGCTATCCTGCGCTACAGTG_025,191
AGCTATCCTGCGCTACAGTG_026,58
AGCTATCCTGCGCTACAGTG_027,50
AGCTATCCTGCGCTACAGTG_028,94
AGCTATCCTGCGCTACAGTG_029,120
AGCTATCCTGCGCTACAGTG_030,30
AGCTATCCTGCGCTACAGTG_031,144
AGCTATCCTGCGCTACAGTG_032,18
AGCTATCCTGCGCTACAGTG_033,148
AGCTATCCTGCGCTACAGTG_034,63
AGCTATCCTGCGCTACAGTG_035,80
AGCTATCCTGCGCTACAGTG_036,101
GGCTGGTCACTAACTACAAG_001,37
GGCTGGTCACTAACTACAAG_002,146
GGCTGGTCACTAACTACAAG_003,115
GGCTGGTCACTAACTACAAG_004,177
GGCTGGTCACTAACTACAAG_005,22
GGCTGGTCACTAACTACAAG_006,22
GGCTGGTCACTAACTACAAG_007,191
GGCTGGTCACTAACTACAAG_008,50
GGCTGGTCACTAACTACAAG_009,32
GGCTGGTCACTAACTACAAG_010,13
GGCTGGTCACTAACTACAAG_011,8
ATACATATAGGAATTACTCA_001,31
ATACATATAGGAATTACTCA_002,160
CTCCCAAGATCTCCCAACGT_001,70
CTCCCAAGATCTCCCAACGT_002,9
CTCCCAAGATCTCCCAACGT_003,32
CTCCCAAGATCTCCCAACGT_004,56
CTCCCAAGATCTCCCAACGT_005,121
CTCCCAAGATCTCCCAACGT_006,169
ATACTTCAGTCTGACACTGG_001,49
ATACTTCAGTCTGACACTGG_002,136
ATACTTCAGTCTGACACTGG_003,156
ATACTTCAGTCTGACACTGG_004,1
ATACTTCAGTCTGACACTGG_005,50
ATACTTCAGTCTGACACTGG_006,105
ATACTTCAGTCTGACACTGG_007,145
CAACACCATAGATTTCGGCA_001,7
CAACACCATAGATTTCGGCA_002,144
CAACACCATAGATTTCGGCA_003,69
CAACACCATAGATTTCGGCA_004,0
CAACACCATAGATTTCGGCA_005,91
TCACCCCTTACATTGAAGCT_001,99
TCACCCCTTACATTGAAGCT_002,56
TCACCCCTTACATTGAAGCT_003,155
TCACCCCTTACATTGAAGCT_004,64
TCACCCCTTACATTGAAGCT_005,171
TCACCCCTTACATTGAAGCT_006,34
TCACCCCTTACATTGAAGCT_007,47
TCACCCCTTACATTGAAGCT_008,65
TCACCCCTTACATTGAAGCT_009,2
TCACCCCTTACATTGAAGCT_010,19
TCACCCCTTACATTGAAGCT_011,49
TCACCCCTTACATTGAAGCT_012,153
TCTTTGATAACAGGATCATG_001,175
TCTTTGATAACAGGATCATG_002,15
GGAGCTATGTCGACACACTG_001,41
GGAGCTATGTCGACACACTG_002,105
GGAGCTATGTCGACACACTG_003,149
GGAGCTATGTCGACACACTG_004,29
GGAGCTATGTCGACACACTG_005,128
GGAGCTATGTCGACACACTG_006,1
GGAGCTATGTCGACACACTG_007,148
GGAGCTATGTCGACACACTG_008,55
GGAGCTATGTCGACACACTG_009,120
GGAGCTATGTCGACACACTG_010,58
GGAGCTATGTCGACACACTG_011,61
GGAGCTATGTCGACACACTG_012,181
GGAGCTATGTCGACACACTG_013,34
GGAGCTATGTCGACACACTG_014,175
GGAGCTATGTCGACACACTG_015,5
GGAGCTATGTCGACACACTG_016,157
GGAGCTATGTCGACACACTG_017,26
GGAGCTATGTCGACACACTG_018,2
GGAGCTATGTCGACACACTG_019,154
GGAGCTATGTCGACACACTG_020,127
GGAGCTATGTCGACACACTG_021,121
GGAGCTATGTCGACACACTG_022,2
GGAGCTATGTCGACACACTG_023,41
GGAGCTATGTCGACACACTG_024,159
GGAGCTATGTCGACACACTG_025,1
GGAGCTATGTCGACACACTG_026,91
GGAGCTATGTCGACACACTG_027,34
GGAGCTATGTCGACACACTG_028,18
GGAGCTATGTCGACACACTG_029,115
GGAGCTATGTCGACACACTG_030,63
GGAGCTATGTCGACACACTG_031,102
GGAGCTATGTCGACACACTG_032,91
GGAGCTATGTCGACACACTG_033,146
GGAGCTATGTCGACACACTG_034,140
GGAGCTATGTCGACACACTG_035,57
TGAGACCATCAATTACAACG_001,19
TGAGACCATCAATTACAACG_002,69
TGAGACCATCAATTACAACG_003,12
TGAGACCATCAATTACAACG_004,134
TGAGACCATCAATTACAACG_005,132
TGAGACCATCAATTACAACG_006,83
TGGTGCTGTGCTGCTAACTC_001,56
TGGTGCTGTGCTGCTAACTC_002,192
TGGTGCTGTGCTGCTAACTC_003,188
TGGTGCTGTGCTGCTAACTC_004,67
TGGTGCTGTGCTGCTAACTC_005,40
TGGTGCTGTGCTGCTAACTC_006,30
TGGTGCTGTGCTGCTAACTC_007,30
TGGTGCTGTGCTGCTAACTC_008,158
TGGTGCTGTGCTGCTAACTC_009,50
TGGTGCTGTGCTGCTAACTC_010,177
TGGTGCTGTGCTGCTAACTC_011,132
TGGTGCTGTGCTGCTAACTC_012,81
TGGTGCTGTGCTGCTAACTC_013,80
TGGTGCTGTGCTGCTAACTC_014,199
TGGTGCTGTGCTGCTAACTC_015,142
TGGTGCTGTGCTGCTAACTC_016,46
TGGTGCTGTGCTGCTAACTC_017,137
TGTCGCGGTTGACATAGTCA_001,83
TGTCGCGGTTGACATAGTCA_002,60
TGTCGCGGTTGACATAGTCA_003,156
TGTCGCGGTTGACATAGTCA_004,94
GGCATAAGAAATGCAGCGCA_001,78
GGCATAAGAAATGCAGCGCA_002,77
GGCATAAGAAATGCAGCGCA_003,76
GGCATAAGAAATGCAGCGCA_004,110
GGCATAAGAAATGCAGCGCA_005,172
GGCATAAGAAATGCAGCGCA_006,85
GGCATAAGAAATGCAGCGCA_007,107
GGCATAAGAAATGCAGCGCA_008,48
GGCATAAGAAATGCAGCGCA_009,26
GGCATAAGAAATGCAGCGCA_010,112
GGCATAAGAAATGCAGCGCA_011,4
GGCATAAGAAATGCAGCGCA_012,168
GGCATAAGAAATGCAGCGCA_013,28
CACAAACAGCACATCTGCCG_001,76
CACAAACAGCACATCTGCCG_002,142
CACAAACAGCACATCTGCCG_003,86
CACAAACAGCACATCTGCCG_004,80
CACAAACAGCACATCTGCCG_005,6
CACAAACAGCACATCTGCCG_006,38
CACAAACAGCACATCTGCCG_007,45
CACAAACAGCACATCTGCCG_008,141
CACAAACAGCACATCTGCCG_009,76
GTGTGAAGGAGCATAAGTGT_001,74
GTGTGAAGGAGCATAAGTGT_002,150
GTGTGAAGGAGCATAAGTGT_003,61
GTGTGAAGGAGCATAAGTGT_004,77
GTGTGAAGGAGCATAAGTGT_005,162
GTGTGAAGGAGCATAAGTGT_006,126
GTGTGAAGGAGCATAAGTGT_007,9
CATGACAGAAATCAAAGAGT_001,130
CATGACAGAAATCAAAGAGT_002,58
CATGACAGAAATCAAAGAGT_003,69
CATGACAGAAATCAAAGAGT_004,116
CATGACAGAAATCAAAGAGT_005,156
CATGACAGAAATCAAAGAGT_006,63
CATGACAGAAATCAAAGAGT_007,40
GCTGATTATGAGCTGTCCGT_001,72
GCTGATTATGAGCTGTCCGT_002,30
GCTGATTATGAGCTGTCCGT_003,9
GCTGATTATGAGCTGTCCGT_004,139
GCTGATTATGAGCTGTCCGT_005,19
GCTGATTATGAGCTGTCCGT_006,36
GCTGATTATGAGCTGTCCGT_007,39
CCTTGCACTTGATCTGCGTG_001,81
CCTTGCACTTGATCTGCGTG_002,149
CCTTGCACTTGATCTGCGTG_003,100
CCTTGCACTTGATCTGCGTG_004,192
TGCTGTCGGACACTATTACC_001,80
TGCTGTCGGACACTATTACC_002,7
TGCTGTCGGACACTATTACC_003,130
TGCTGTCGGACACTATTACC_004,19
TGCTGTCGGACACTATTACC_005,170
CGGTCCCACGCAGTGCGCTG_001,27
CGGTCCCACGCAGTGCGCTG_002,134
CGGTCCCACGCAGTGCGCTG_003,149
CGGTCCCACGCAGTGCGCTG_004,102
CGGTCCCACGCAGTGCGCTG_005,72
CGGTCCCACGCAGTGCGCTG_006,75
CGGTCCCACGCAGTGCGCTG_007,116
CGGTCCCACGCAGTGCGCTG_008,50
CGGTCCCACGCAGTGCGCTG_009,49
CGGTCCCACGCAGTGCGCTG_010,145
CGGTCCCACGCAGTGCGCTG_011,65
CGGTCCCACGCAGTGCGCTG_012,171
CGGTCCCACGCAGTGCGCTG_013,15
CGGTCCCACGCAGTGCGCTG_014,30
CGGTCCCACGCAGTGCGCTG_015,31
CGGTCCCACGCAGTGCGCTG_016,10
CGGTCCCACGCAGTGCGCTG_017,63
CGGTCCCACGCAGTGCGCTG_018,22
CGGTCCCACGCAGTGCGCTG_019,69
CGGTCCCACGCAGTGCGCTG_020,165
CTCGGCAGTCACGTTCCGGT_001,197
CTCGGCAGTCACGTTCCGGT_002,130
CTCGGCAGTCACGTTCCGGT_003,53
CTCGGCAGTCACGTTCCGGT_004,146
CTCGGCAGTCACGTTCCGGT_005,94
CTCGGCAGTCACGTTCCGGT_006,20
CTCGGCAGTCACGTTCCGGT_007,38
CTCGGCAGTCACGTTCCGGT_008,46
CTCGGCAGTCACGTTCCGGT_009,17
CTCGGCAGTCACGTTCCGGT_010,60
CTCGGCAGTCACGTTCCGGT_011,194
CTCGGCAGTCACGTTCCGGT_012,15
CTCGGCAGTCACGTTCCGGT_013,91
CTCGGCAGTCACGTTCCGGT_014,13
CTCGGCAGTCACGTTCCGGT_015,158
CTCGGCAGTCACGTTCCGGT_016,58
CCAACCCCAAAAATCTCTTG_001,105
CCAACCCCAAAAATCTCTTG_002,27
CCAACCCCAAAAATCTCTTG_003,146
CCAACCCCAAAAATCTCTTG_004,109
CCAACCCCAAAAATCTCTTG_005,12
CCAACCCCAAAAATCTCTTG_006,86
CCAACCCCAAAAATCTCTTG_007,48
CCAACCCCAAAAATCTCTTG_008,70
AATGCTGATATCAACAAACG_001,19
TTCTTAATGATGGGGAAACC_001,83
TTCTTAATGATGGGGAAACC_002,168
GGCACTCACCGTACTCCATG_001,0
GGCACTCACCGTACTCCATG_002,113
GGCACTCACCGTACTCCATG_003,117
GGCACTCACCGTACTCCATG_004,81
GGCACTCACCGTACTCCATG_005,60
GGCACTCACCGTACTCCATG_006,175
GGCACTCACCGTACTCCATG_007,69
GGCACTCACCGTACTCCATG_008,132
AGACCGACATCCCATTCACG_001,95
AGACCGACATCCCATTCACG_002,72
AGACCGACATCCCATTCACG_003,20
AGACCGACATCCCATTCACG_004,130
AGACCGACATCCCATTCACG_005,198
AGACCGACATCCCATTCACG_006,59
AGACCGACATCCCATTCACG_007,184
AGACCGACATCCCATTCACG_008,96
AGACCGACATCCCATTCACG_009,63
CATCCTCAAAGTATGGGTCG_001,35
CATCCTCAAAGTATGGGTCG_002,71
CATCCTCAAAGTATGGGTCG_003,29
CATCCTCAAAGTATGGGTCG_004,37
CATCCTCAAAGTATGGGTCG_005,104
CAAGTCCAACCTCAAGATAG_001,130
CAAGTCCAACCTCAAGATAG_002,140
CAAGTCCAACCTCAAGATAG_003,110
CAAGTCCAACCTCAAGATAG_004,137
CAAGTCCAACCTCAAGATAG_005,170
CAAGTCCAACCTCAAGATAG_006,169
CAAGTCCAACCTCAAGATAG_007,26
CAAGTCCAACCTCAAGATAG_008,104
CAAGTCCAACCTCAAGATAG_009,150
CAAGTCCAACCTCAAGATAG_010,175
CAAGTCCAACCTCAAGATAG_011,103
CAAGTCCAACCTCAAGATAG_012,34
CAAGTCCAACCTCAAGATAG_013,52
CAAGTCCAACCTCAAGATAG_014,57
CAAGTCCAACCTCAAGATAG_015,83
CAAGTCCAACCTCAAGATAG_016,94
CAAGTCCAACCTCAAGATAG_017,131
CAAGTCCAACCTCAAGATAG_018,107
CAAGTCCAACCTCAAGATAG_019,107
CAAGTCCAACCTCAAGATAG_020,58
CAAGTCCAACCTCAAGATAG_021,41
CAAGTCCAACCTCAAGATAG_022,40
CAAGTCCAACCTCAAGATAG_023,39
CAAGTCCAACCTCAAGATAG_024,75
CAAGTCCAACCTCAAGATAG_025,13
CTGGTAGATGAAGCTTGCTT_001,150
CTGGTAGATGAAGCTTGCTT_002,155
CTGGTAGATGAAGCTTGCTT_003,2
AGCACCTACCTAAAATGGCT_001,158
AGCACCTACCTAAAATGGCT_002,144
AGCACCTACCTAAAATGGCT_003,88
AGCACCTACCTAAAATGGCT_004,148
AGCACCTACCTAAAATGGCT_005,56
AGCACCTACCTAAAATGGCT_006,181
AGCACCTACCTAAAATGGCT_007,188
AGCACCTACCTAAAATGGCT_008,175
AGCACCTACCTAAAATGGCT_009,137
AGCACCTACCTAAAATGGCT_010,75
AGCACCTACCTAAAATGGCT_011,76
AGCACCTACCTAAAATGGCT_012,41
AGCACCTACCTAAAATGGCT_013,98
AGCACCTACCTAAAATGGCT_014,172
AGCACCTACCTAAAATGGCT_015,170
AGCACCTACCTAAAATGGCT_016,60
AGCACCTACCTAAAATGGCT_017,40
AGCACCTACCTAAAATGGCT_018,49
AGCACCTACCTAAAATGGCT_019,70
AGCACCTACCTAAAATGGCT_020,25
AGCACCTACCTAAAATGGCT_021,140
AGCACCTACCTAAAATGGCT_022,188
AGCACCTACCTAAAATGGCT_023,177
AGCACCTACCTAAAATGGCT_024,183
AGCACCTACCTAAAATGGCT_025,65
AGCACCTACCTAAAATGGCT_026,139
AGCACCTACCTAAAATGGCT_027,77
AGCACCTACCTAAAATGGCT_028,50
AGCACCTACCTAAAATGGCT_029,16
AGCACCTACCTAAAATGGCT_030,69
AGCACCTACCTAAAATGGCT_031,35
AGCACCTACCTAAAATGGCT_032,192
AGCACCTACCTAAAATGGCT_033,115
AGCACCTACCTAAAATGGCT_034,33
ATAGCGCAGCCGGTACTGGA_001,132
ATAGCGCAGCCGGTACTGGA_002,132
ATAGCGCAGCCGGTACTGGA_003,135
ATAGCGCAGCCGGTACTGGA_004,60
ATAGCGCAGCCGGTACTGGA_005,70
ATAGCGCAGCCGGTACTGGA_006,127
ATAGCGCAGCCGGTACTGGA_007,157
ATAGCGCAGCCGGTACTGGA_008,94
ATAGCGCAGCCGGTACTGGA_009,151
ATAGCGCAGCCGGTACTGGA_010,137
ATAGCGCAGCCGGTACTGGA_011,171
ATAGCGCAGCCGGTACTGGA_012,177
ATAGCGCAGCCGGTACTGGA_013,80
ATAGCGCAGCCGGTACTGGA_014,56
ATAGCGCAGCCGGTACTGGA_015,141
ATAGCGCAGCCGGTACTGGA_016,143
ATAGCGCAGCCGGTACTGGA_017,130
ATAGCGCAGCCGGTACTGGA_018,78
GGCGCAGCGTATTATAGACC_001,81
GGCGCAGCGTATTATAGACC_002,52
TTGGTGCAATACCTGGAGTG_001,68
TTGGTGCAATACCTGGAGTG_002,105
TTGGTGCAATACCTGGAGTG_003,77
TTGGTGCAATACCTGGAGTG_004,72
TTGGTGCAATACCTGGAGTG_005,174
TTGGTGCAATACCTGGAGTG_006,188
TTGGTGCAATACCTGGAGTG_007,121
ACAGGCAACAGATATTAAGG_001,154
ACAGGCAACAGATATTAAGG_002,105
AGGATCTGGGGAATCTCATG_001,185
AGGATCTGGGGAATCTCATG_002,122
AGGATCTGGGGAATCTCATG_003,42
AGGATCTGGGGAATCTCATG_004,177
CCAGAAAATATTCCCCGGTG_001,60
CCTAAGAACATGGCCTACAC_001,21
CCTAAGAACATGGCCTACAC_002,120
GGACATCAAGTTATTCCATG_001,15
GGACATCAAGTTATTCCATG_002,26
TGCAGCCGTAGTCTTGATTG_001,32
TGCAGCCGTAGTCTTGATTG_002,35
TGCAGCCGTAGTCTTGATTG_003,163
TGCAGCCGTAGTCTTGATTG_004,152
TGCAGCCGTAGTCTTGATTG_005,53
TGCAGCCGTAGTCTTGATTG_006,108
TGCAGCCGTAGTCTTGATTG_007,177
TGCAGCCGTAGTCTTGATTG_008,188
TGCAGCCGTAGTCTTGATTG_009,83
TGCAGCCGTAGTCTTGATTG_010,184
TGCAGCCGTAGTCTTGATTG_011,124
GCCCCTGAACATACGCCGAG_001,49
CGAGAATGAGAACATCACCG_001,68
CGAGAATGAGAACATCACCG_002,85
CGAGAATGAGAACATCACCG_003,85
CGAGAATGAGAACATCACCG_004,23
CGAGAATGAGAACATCACCG_005,24
CGAGAATGAGAACATCACCG_006,150
CGAGAATGAGAACATCACCG_007,155
CGAGAATGAGAACATCACCG_008,50
CGAGAATGAGAACATCACCG_009,94
CGAGAATGAGAACATCACCG_010,188
GAAATTGCTTGCGCTGAACA_001,117
GAAATTGCTTGCGCTGAACA_002,143
GAAATTGCTTGCGCTGAACA_003,156
GCGTTGGCGTCATAACAGCT_001,49
GCGTTGGCGTCATAACAGCT_002,118
GCGTTGGCGTCATAACAGCT_003,70
GCGTTGGCGTCATAACAGCT_004,69
GCGTTGGCGTCATAACAGCT_005,199
GCGTTGGCGTCATAACAGCT_006,40
GCGTTGGCGTCATAACAGCT_007,8
GCGTTGGCGTCATAACAGCT_008,180
GAACTGCGGGATGCGATCCG_001,32
GAACTGCGGGATGCGATCCG_002,163
GAACTGCGGGATGCGATCCG_003,175
GAACTGCGGGATGCGATCCG_004,56
GAACTGCGGGATGCGATCCG_005,52
GAACTGCGGGATGCGATCCG_006,7
GAACTGCGGGATGCGATCCG_007,6
GAACTGCGGGATGCGATCCG_008,160
GAACTGCGGGATGCGATCCG_009,48
GAACTGCGGGATGCGATCCG_010,186
GAACTGCGGGATGCGATCCG_011,192
GAACTGCGGGATGCGATCCG_012,58
GAACTGCGGGATGCGATCCG_013,63
GAACTGCGGGATGCGATCCG_014,145
GAACTGCGGGATGCGATCCG_015,14
GAACTGCGGGATGCGATCCG_016,88
GAACTGCGGGATGCGATCCG_017,162
GAACTGCGGGATGCGATCCG_018,94
GAACTGCGGGATGCGATCCG_019,150
CCGCCGGGACCTCATCAAGT_001,85
CCGCCGGGACCTCATCAAGT_002,41
CCGCCGGGACCTCATCAAGT_003,144
CCGCCGGGACCTCATCAAGT_004,82
CCGCCGGGACCTCATCAAGT_005,119
CCGCCGGGACCTCATCAAGT_006,174
CCGCCGGGACCTCATCAAGT_007,148
CCGCCGGGACCTCATCAAGT_008,83
CCGCCGGGACCTCATCAAGT_009,137
CCGCCGGGACCTCATCAAGT_010,159
CCGCCGGGACCTCATCAAGT_011,141
CCGCCGGGACCTCATCAAGT_012,31
CCGCCGGGACCTCATCAAGT_013,62
CCGCCGGGACCTCATCAAGT_014,147
CCGCCGGGACCTCATCAAGT_015,162
CCGCCGGGACCTCATCAAGT_016,48
CCGCCGGGACCTCATCAAGT_017,0
CCGCCGGGACCTCATCAAGT_018,119
CCGCCGGGACCTCATCAAGT_019,104
AAATCAGTGTTTGCTTTACA_001,20
AAATCAGTGTTTGCTTTACA_002,113
AAATCAGTGTTTGCTTTACA_003,50
AAATCAGTGTTTGCTTTACA_004,127
AAATCAGTGTTTGCTTTACA_005,72
GGGAAGGCAATGGATCGCTG_001,9
GGGAAGGCAATGGATCGCTG_002,78
GGGAAGGCAATGGATCGCTG_003,185
GGGAAGGCAATGGATCGCTG_004,178
GGGAAGGCAATGGATCGCTG_005,161
GGGAAGGCAATGGATCGCTG_006,23
GGGAAGGCAATGGATCGCTG_007,61
GGGAAGGCAATGGATCGCTG_008,40
GGGAAGGCAATGGATCGCTG_009,198
GGGAAGGCAATGGATCGCTG_010,116
GGGAAGGCAATGGATCGCTG_011,187
GGGAAGGCAATGGATCGCTG_012,62
GGGAAGGCAATGGATCGCTG_013,11
GGGAAGGCAATGGATCGCTG_014,170
GGGAAGGCAATGGATCGCTG_015,57
GGGAAGGCAATGGATCGCTG_016,48
GGGAAGGCAATGGATCGCTG_017,6
GGGAAGGCAATGGATCGCTG_018,135
GGGAAGGCAATGGATCGCTG_019,46
GGGAAGGCAATGGATCGCTG_020,48
GGGAAGGCAATGGATCGCTG_021,45
GGGAAGGCAATGGATCGCTG_022,4
GGGAAGGCAATGGATCGCTG_023,99
GGGAAGGCAATGGATCGCTG_024,152
GGGAAGGCAATGGATCGCTG_025,65
GGGAAGGCAATGGATCGCTG_026,159
GGGAAGGCAATGGATCGCTG_027,38
CCTCTGGTGGCCCATACACG_001,116
CCTCTGGTGGCCCATACACG_002,160
CCTCTGGTGGCCCATACACG_003,162
CCTCTGGTGGCCCATACACG_004,65
CTACACCGATTACCTCCAGA_001,76
CTACACCGATTACCTCCAGA_002,112
CTACACCGATTACCTCCAGA_003,152
CTACACCGATTACCTCCAGA_004,105
TACCCGGGTCTTTGTCGCGA_001,147
TACCCGGGTCTTTGTCGCGA_002,42
TACCCGGGTCTTTGTCGCGA_003,120
TACCCGGGTCTTTGTCGCGA_004,156
TACCCGGGTCTTTGTCGCGA_005,68
TACCCGGGTCTTTGTCGCGA_006,9
TACCCGGGTCTTTGTCGCGA_007,30
AGTTCGGAGTGAACCATCTG_001,153
AGTTCGGAGTGAACCATCTG_002,99
AGTTCGGAGTGAACCATCTG_003,199
AGTTCGGAGTGAACCATCTG_004,134
AGTTCGGAGTGAACCATCTG_005,48
AGTTCGGAGTGAACCATCTG_006,77
AGTTCGGAGTGAACCATCTG_007,58
AGTTCGGAGTGAACCATCTG_008,88
AGTTCGGAGTGAACCATCTG_009,12
AGTTCGGAGTGAACCATCTG_010,76
AGTTCGGAGTGAACCATCTG_011,90
AGTTCGGAGTGAACCATCTG_012,8
AGTTCGGAGTGAACCATCTG_013,16
AGTTCGGAGTGAACCATCTG_014,146
AGTTCGGAGTGAACCATCTG_015,41
AGTTCGGAGTGAACCATCTG_016,121
AGTTCGGAGTGAACCATCTG_017,72
AGTTCGGAGTGAACCATCTG_018,55
AGTTCGGAGTGAACCATCTG_019,57
AGTTCGGAGTGAACCATCTG_020,77
AGTTCGGAGTGAACCATCTG_021,50
AGTTCGGAGTGAACCATCTG_022,125
AGTTCGGAGTGAACCATCTG_023,6
AGTTCGGAGTGAACCATCTG_024,194
AGTTCGGAGTGAACCATCTG_025,104
AGTTCGGAGTGAACCATCTG_026,104
AGTTCGGAGTGAACCATCTG_027,105
AGTTCGGAGTGAACCATCTG_028,102
AGTTCGGAGTGAACCATCTG_029,15
AGTTCGGAGTGAACCATCTG_030,160
AGTTCGGAGTGAACCATCTG_031,40
AGTTCGGAGTGAACCATCTG_032,166
AGTTCGGAGTGAACCATCTG_033,142
AGTTCGGAGTGAACCATCTG_034,77
AGTTCGGAGTGAACCATCTG_035,40
AGTTCGGAGTGAACCATCTG_036,66
AGTTCGGAGTGAACCATCTG_037,9
AGTTCGGAGTGAACCATCTG_038,9
AGTTCGGAGTGAACCATCTG_039,163
AGTTCGGAGTGAACCATCTG_040,113
AGTTCGGAGTGAACCATCTG_041,52
AGTTCGGAGTGAACCATCTG_042,55
ATCTTCTGGATCAACCTCAG_001,62
ATCTTCTGGATCAACCTCAG_002,77
ATCTTCTGGATCAACCTCAG_003,48
ATCTTCTGGATCAACCTCAG_004,2
ATCTTCTGGATCAACCTCAG_005,75
ATCTTCTGGATCAACCTCAG_006,2
ATCTTCTGGATCAACCTCAG_007,161
ATCTTCTGGATCAACCTCAG_008,141
ATCTTCTGGATCAACCTCAG_009,17
ATCTTCTGGATCAACCTCAG_010,168
TGAGAGACAACAGCTATCTG_001,113
TGAGAGACAACAGCTATCTG_002,130
TGAGAGACAACAGCTATCTG_003,185
TGAGAGACAACAGCTATCTG_004,16
TGAGAGACAACAGCTATCTG_005,194
ATGGAAAGAATAGTACTCCT_001,126
ATGGAAAGAATAGTACTCCT_002,178
ATGGAAAGAATAGTACTCCT_003,55
ATGGAAAGAATAGTACTCCT_004,176
ATGGAAAGAATAGTACTCCT_005,150
ATGGAAAGAATAGTACTCCT_006,36
ATGGAAAGAATAGTACTCCT_007,47
ATGGAAAGAATAGTACTCCT_008,98
ATGGAAAGAATAGTACTCCT_009,56
ATGGAAAGAATAGTACTCCT_010,41
ATGGAAAGAATAGTACTCCT_011,40
ATGGAAAGAATAGTACTCCT_012,14
ATGGAAAGAATAGTACTCCT_013,14
GAACAACGACACCAAAACAT_001,53
GAACAACGACACCAAAACAT_002,63
GAACAACGACACCAAAACAT_003,149
GAACAACGACACCAAAACAT_004,127
GAACAACGACACCAAAACAT_005,77
GAACAACGACACCAAAACAT_006,1
GAACAACGACACCAAAACAT_007,46
GAACAACGACACCAAAACAT_008,43
GAACAACGACACCAAAACAT_009,55
GAACAACGACACCAAAACAT_010,156
GAACAACGACACCAAAACAT_011,115
GAACAACGACACCAAAACAT_012,122
GAACAACGACACCAAAACAT_013,175
GAACAACGACACCAAAACAT_014,193
GAACAACGACACCAAAACAT_015,54
AATTACACTAATCTGACTCA_001,169
AATTACACTAATCTGACTCA_002,196
AATTACACTAATCTGACTCA_003,102
TGGTTACCATGTACTGAAGT_001,22
TGGTTACCATGTACTGAAGT_002,167
TGTTCCTTTGGATTCCGTGA_001,152
TGTTCCTTTGGATTCCGTGA_002,121
GTTGGCGATTAGTGCTGGAC_001,148
GTTGGCGATTAGTGCTGGAC_002,126
GTTGGCGATTAGTGCTGGAC_003,46
TTCTGGCAGAGGTAACTGAA_001,49
TTCTGGCAGAGGTAACTGAA_002,9
TTCTGGCAGAGGTAACTGAA_003,158
TTCTGGCAGAGGTAACTGAA_004,8
TTTGGTTTGACTGAACCACC_001,183
TTTGGTTTGACTGAACCACC_002,150
TTTGGTTTGACTGAACCACC_003,185
TGTAGACTGAAAATTTGCGA_001,94
TGTAGACTGAAAATTTGCGA_002,161
ACTGGCCACACCAAACAAGG_001,132
ACTGGCCACACCAAACAAGG_002,34
ACTGGCCACACCAAACAAGG_003,26
ACTGGCCACACCAAACAAGG_004,65
ACTGGCCACACCAAACAAGG_005,7
ACTGGCCACACCAAACAAGG_006,71
ACTGGCCACACCAAACAAGG_007,54
AAGTTGGTCAGTCTCGCACT_001,102
AAGTTGGTCAGTCTCGCACT_002,58
AAGTTGGTCAGTCTCGCACT_003,101
AAGTTGGTCAGTCTCGCACT_004,115
AAGTTGGTCAGTCTCGCACT_005,62
AAGTTGGTCAGTCTCGCACT_006,75
AGGAGTTAAAAACCGCCCAG_001,8
AGGAGTTAAAAACCGCCCAG_002,63
AGGAGTTAAAAACCGCCCAG_003,172
AGGAGTTAAAAACCGCCCAG_004,1
AGGAGTTAAAAACCGCCCAG_005,175
AGGAGTTAAAAACCGCCCAG_006,176
AGGAGTTAAAAACCGCCCAG_007,105
AGGAGTTAAAAACCGCCCAG_008,105
AGGAGTTAAAAACCGCCCAG_009,199
AGGAGTTAAAAACCGCCCAG_010,73
AGGAGTTAAAAACCGCCCAG_011,190
AGGAGTTAAAAACCGCCCAG_012,178
AGGAGTTAAAAACCGCCCAG_013,134
AGGAGTTAAAAACCGCCCAG_014,59
AGGAGTTAAAAACCGCCCAG_015,83
AGGAGTTAAAAACCGCCCAG_016,88
AGGAGTTAAAAACCGCCCAG_017,175
AGGAGTTAAAAACCGCCCAG_018,87
AGGAGTTAAAAACCGCCCAG_019,179
AGGAGTTAAAAACCGCCCAG_020,43
AGGAGTTAAAAACCGCCCAG_021,175
AGGAGTTAAAAACCGCCCAG_022,145
AGGAGTTAAAAACCGCCCAG_023,196
AGGAGTTAAAAACCGCCCAG_024,64
TGGAACATCAGACCAAGATG_001,161
TGGAACATCAGACCAAGATG_002,81
TGGAACATCAGACCAAGATG_003,144
TGGAACATCAGACCAAGATG_004,2
TGGAACATCAGACCAAGATG_005,50
TGGAACATCAGACCAAGATG_006,15
TGGAACATCAGACCAAGATG_007,146
TGGAACATCAGACCAAGATG_008,82
TGGAACATCAGACCAAGATG_009,159
TGGAACATCAGACCAAGATG_010,195
TGGAACATCAGACCAAGATG_011,86
TGGAACATCAGACCAAGATG_012,43
TGGAACATCAGACCAAGATG_013,107
TGGAACATCAGACCAAGATG_014,69
TGGAACATCAGACCAAGATG_015,58
TGGAACATCAGACCAAGATG_016,189
TGGAACATCAGACCAAGATG_017,106
GCTTACTGAGAGTTCAAAAG_001,160
GCTTACTGAGAGTTCAAAAG_002,63
GCTTACTGAGAGTTCAAAAG_003,25
GCTTACTGAGAGTTCAAAAG_004,41
GCTTACTGAGAGTTCAAAAG_005,105
GCTTACTGAGAGTTCAAAAG_006,144
GCTTACTGAGAGTTCAAAAG_007,124
GCTTACTGAGAGTTCAAAAG_008,76
GCTTACTGAGAGTTCAAAAG_009,96
GCTTACTGAGAGTTCAAAAG_010,70
GCTTACTGAGAGTTCAAAAG_011,78
GCTTACTGAGAGTTCAAAAG_012,30
GCTTACTGAGAGTTCAAAAG_013,68
GCTTACTGAGAGTTCAAAAG_014,4
GCTTACTGAGAGTTCAAAAG_015,124
GCTTACTGAGAGTTCAAAAG_016,188
GAAGGATCGAAGGATGACTG_001,170
GAAGGATCGAAGGATGACTG_002,48
GAAGGATCGAAGGATGACTG_003,149
GAAGGATCGAAGGATGACTG_004,22
GAAGGATCGAAGGATGACTG_005,94
GAAGGATCGAAGGATGACTG_006,169
GAAGGATCGAAGGATGACTG_007,192
GAAGGATCGAAGGATGACTG_008,155
GAAGGATCGAAGGATGACTG_009,53
GAAGGATCGAAGGATGACTG_010,138
CTGTCAGGTGACCTTCCCTG_001,5
CTGTCAGGTGACCTTCCCTG_002,134
CTGTCAGGTGACCTTCCCTG_003,81
CTGTCAGGTGACCTTCCCTG_004,56
CTGTCAGGTGACCTTCCCTG_005,156
CTGTCAGGTGACCTTCCCTG_006,183
CTGTCAGGTGACCTTCCCTG_007,120
CTGTCAGGTGACCTTCCCTG_008,155
CTGTCAGGTGACCTTCCCTG_009,170
CTGTCAGGTGACCTTCCCTG_010,144
CTGTCAGGTGACCTTCCCTG_011,50
CACTTTGGCGTGGGGCACAC_001,169
CACTTTGGCGTGGGGCACAC_002,150
CACTTTGGCGTGGGGCACAC_003,141
CACTTTGGCGTGGGGCACAC_004,88
CACTTTGGCGTGGGGCACAC_005,160
CACTTTGGCGTGGGGCACAC_006,42
CACTTTGGCGTGGGGCACAC_007,175
TTCACAGACAAAGCCAACAG_001,9
TTCACAGACAAAGCCAACAG_002,82
TTCACAGACAAAGCCAACAG_003,72
TTCACAGACAAAGCCAACAG_004,81
TTCACAGACAAAGCCAACAG_005,63
TTCACAGACAAAGCCAACAG_006,115
TTCACAGACAAAGCCAACAG_007,192
TTCACAGACAAAGCCAACAG_008,189
TTCACAGACAAAGCCAACAG_009,81
TTCACAGACAAAGCCAACAG_010,1
TTCACAGACAAAGCCAACAG_011,185
TTCACAGACAAAGCCAACAG_012,38
TTCACAGACAAAGCCAACAG_013,44
TTCACAGACAAAGCCAACAG_014,130
TTCACAGACAAAGCCAACAG_015,26
TTCACAGACAAAGCCAACAG_016,38
TTCACAGACAAAGCCAACAG_017,48
TTCACAGACAAAGCCAACAG_018,127
TTCACAGACAAAGCCAACAG_019,121
TTCACAGACAAAGCCAACAG_020,10
TTTCTTTCCTTATAGCACCG_001,91
CAGTCCCAATATGGACGCTG_001,21
CAGTCCCAATATGGACGCTG_002,118
CAGTCCCAATATGGACGCTG_003,58
CAGTCCCAATATGGACGCTG_004,165
CAGTCCCAATATGGACGCTG_005,176
CAGTCCCAATATGGACGCTG_006,107
CAGTCCCAATATGGACGCTG_007,27
CAGTCCCAATATGGACGCTG_008,81
CAGTCCCAATATGGACGCTG_009,62
CAGTCCCAATATGGACGCTG_010,161
CAGTCCCAATATGGACGCTG_011,161
CAGTCCCAATATGGACGCTG_012,58
CAGTCCCAATATGGACGCTG_013,40
CAGTCCCAATATGGACGCTG_014,162
CAGTCCCAATATGGACGCTG_015,113
CAGTCCCAATATGGACGCTG_016,145
CAGTCCCAATATGGACGCTG_017,15
CAGTCCCAATATGGACGCTG_018,138
CAGTCCCAATATGGACGCTG_019,130
CAGTCCCAATATGGACGCTG_020,9
CAGTCCCAATATGGACGCTG_021,104
ACTCGGCCATCTATGCAGCG_001,77
ACTCGGCCATCTATGCAGCG_002,163
ACTCGGCCATCTATGCAGCG_003,165
ACTCGGCCATCTATGCAGCG_004,188
ACTCGGCCATCTATGCAGCG_005,134
ACTCGGCCATCTATGCAGCG_006,176
ACTCGGCCATCTATGCAGCG_007,184
ACTCGGCCATCTATGCAGCG_008,9
ACTCGGCCATCTATGCAGCG_009,56
ACTCGGCCATCTATGCAGCG_010,46
ACTCGGCCATCTATGCAGCG_011,48
ACTCGGCCATCTATGCAGCG_012,136
ACTCGGCCATCTATGCAGCG_013,17
GGTCGGCGAGGACCTCGACG_001,184
GGTCGGCGAGGACCTCGACG_002,45
GGTCGGCGAGGACCTCGACG_003,161
GGTCGGCGAGGACCTCGACG_004,108
GGTCGGCGAGGACCTCGACG_005,36
GGTCGGCGAGGACCTCGACG_006,6
GGTCGGCGAGGACCTCGACG_007,34
GGTCGGCGAGGACCTCGACG_008,145
GGTCGGCGAGGACCTCGACG_009,133
GGTCGGCGAGGACCTCGACG_010,100
GGTCGGCGAGGACCTCGACG_011,122
GGTCGGCGAGGACCTCGACG_012,63
GGTCGGCGAGGACCTCGACG_013,121
GGTCGGCGAGGACCTCGACG_014,69
GGTCGGCGAGGACCTCGACG_015,198
ACTGGCCAAGAAACACTGTG_001,190
ACTGGCCAAGAAACACTGTG_002,56
AAGAAGCTTGAGCCTAAATC_001,146
AAGAAGCTTGAGCCTAAATC_002,102
AAGAAGCTTGAGCCTAAATC_003,20
AAGAAGCTTGAGCCTAAATC_004,118
AAGAAGCTTGAGCCTAAATC_005,69
AAGAAGCTTGAGCCTAAATC_006,161
AAGAAGCTTGAGCCTAAATC_007,37
CACACTCAGAACATTCGTAG_001,78
CACACTCAGAACATTCGTAG_002,133
CACACTCAGAACATTCGTAG_003,184
CACACTCAGAACATTCGTAG_004,46
TCTGGTACATCAAATACCAG_001,169
TCTGGTACATCAAATACCAG_002,35
TCTGGTACATCAAATACCAG_003,158
TCTGGTACATCAAATACCAG_004,164
TCTGGTACATCAAATACCAG_005,142
AATGAGGATACCCATAAACA_001,189
CATCGTGCCTCGAATCGGAG_001,199
CATCGTGCCTCGAATCGGAG_002,116
CATCGTGCCTCGAATCGGAG_003,82
CATCGTGCCTCGAATCGGAG_004,172
CATCGTGCCTCGAATCGGAG_005,137
CATCGTGCCTCGAATCGGAG_006,127
CATCGTGCCTCGAATCGGAG_007,100
CATCGTGCCTCGAATCGGAG_008,80
CATCGTGCCTCGAATCGGAG_009,77
CATCGTGCCTCGAATCGGAG_010,160
CATCGTGCCTCGAATCGGAG_011,160
CATCGTGCCTCGAATCGGAG_012,198
CATCGTGCCTCGAATCGGAG_013,103
CATCGTGCCTCGAATCGGAG_014,147
CATCGTGCCTCGAATCGGAG_015,172
CATCGTGCCTCGAATCGGAG_016,106
CATCGTGCCTCGAATCGGAG_017,59
ATCCCAGTGCTATTGTTGAA_001,8
ATCCCAGTGCTATTGTTGAA_002,182
ATCCCAGTGCTATTGTTGAA_003,70
ATCCCAGTGCTATTGTTGAA_004,43
ATCCCAGTGCTATTGTTGAA_005,182
GGGGGCGTCGAGCTTCACAG_001,83
GGGGGCGTCGAGCTTCACAG_002,154
GGGGGCGTCGAGCTTCACAG_003,161
GGGGGCGTCGAGCTTCACAG_004,172
GGGGGCGTCGAGCTTCACAG_005,159
GGGGGCGTCGAGCTTCACAG_006,173
GGGGGCGTCGAGCTTCACAG_007,173
GGGGGCGTCGAGCTTCACAG_008,101
GGGGGCGTCGAGCTTCACAG_009,196
GGGGGCGTCGAGCTTCACAG_010,105
GGGGGCGTCGAGCTTCACAG_011,198
GGGGGCGTCGAGCTTCACAG_012,78
GGGGGCGTCGAGCTTCACAG_013,23
GGGGGCGTCGAGCTTCACAG_014,24
GGGGGCGTCGAGCTTCACAG_015,177
GGGGGCGTCGAGCTTCACAG_016,52
GGGGGCGTCGAGCTTCACAG_017,28
GGGGGCGTCGAGCTTCACAG_018,113
GGGGGCGTCGAGCTTCACAG_019,48
GGGGGCGTCGAGCTTCACAG_020,113
GGGGGCGTCGAGCTTCACAG_021,62
GGGGGCGTCGAGCTTCACAG_022,180
GGGGGCGTCGAGCTTCACAG_023,101
GGGGGCGTCGAGCTTCACAG_024,78
GGGGGCGTCGAGCTTCACAG_025,137
GGGGGCGTCGAGCTTCACAG_026,17
GGGGGCGTCGAGCTTCACAG_027,48
GGGGGCGTCGAGCTTCACAG_028,46
GGGGGCGTCGAGCTTCACAG_029,184
GGGGGCGTCGAGCTTCACAG_030,180
GGGTCACCGCCGCCAAACTG_001,38
GGGTCACCGCCGCCAAACTG_002,105
GGGTCACCGCCGCCAAACTG_003,158
GGGTCACCGCCGCCAAACTG_004,105
GGGTCACCGCCGCCAAACTG_005,116
GGGTCACCGCCGCCAAACTG_006,127
GGGTCACCGCCGCCAAACTG_007,40
GGGTCACCGCCGCCAAACTG_008,162
GGGTCACCGCCGCCAAACTG_009,162
GGGTCACCGCCGCCAAACTG_010,14
GGGTCACCGCCGCCAAACTG_011,12
GGGTCACCGCCGCCAAACTG_012,198
GGGTCACCGCCGCCAAACTG_013,162
GGGTCACCGCCGCCAAACTG_014,118
GGGTCACCGCCGCCAAACTG_015,139
GGGTCACCGCCGCCAAACTG_016,187
GGGTCACCGCCGCCAAACTG_017,187
GGGTCACCGCCGCCAAACTG_018,199
GGGTCACCGCCGCCAAACTG_019,85
GGGTCACCGCCGCCAAACTG_020,25
GGGTCACCGCCGCCAAACTG_021,127
GGGTCACCGCCGCCAAACTG_022,185
GGGTCACCGCCGCCAAACTG_023,77
GGGTCACCGCCGCCAAACTG_024,72
GGGTCACCGCCGCCAAACTG_025,77
GGGTCACCGCCGCCAAACTG_026,3
GGGTCACCGCCGCCAAACTG_027,57
GGGTCACCGCCGCCAAACTG_028,150
GGGTCACCGCCGCCAAACTG_029,8
GGGTCACCGCCGCCAAACTG_030,9
GGGTCACCGCCGCCAAACTG_031,75
GGGTCACCGCCGCCAAACTG_032,58
GGGTCACCGCCGCCAAACTG_033,60
GGGTCACCGCCGCCAAACTG_034,96
GGGTCACCGCCGCCAAACTG_035,168
GGGTCACCGCCGCCAAACTG_036,128
GGGTCACCGCCGCCAAACTG_037,50
GGGTCACCGCCGCCAAACTG_038,189
GGGTCACCGCCGCCAAACTG_039,105
GGGTCACCGCCGCCAAACTG_040,2
GGGTCACCGCCGCCAAACTG_041,144
GGGTCACCGCCGCCAAACTG_042,196
GGGTCACCGCCGCCAAACTG_043,36
GGGTCACCGCCGCCAAACTG_044,178
GGGTCACCGCCGCCAAACTG_045,54
GGGTCACCGCCGCCAAACTG_046,123
GGGTCACCGCCGCCAAACTG_047,64
GGGTCACCGCCGCCAAACTG_048,14
GGGTCACCGCCGCCAAACTG_049,121
GGGTCACCGCCGCCAAACTG_050,16
GGGTCACCGCCGCCAAACTG_051,87
GGGTCACCGCCGCCAAACTG_052,34
GGGTCACCGCCGCCAAACTG_053,136
GGGTCACCGCCGCCAAACTG_054,136
GGGTCACCGCCGCCAAACTG_055,58
GGGTCACCGCCGCCAAACTG_056,191
GGGTCACCGCCGCCAAACTG_057,48
GGGTCACCGCCGCCAAACTG_058,19
GGGTCACCGCCGCCAAACTG_059,168
GGGTCACCGCCGCCAAACTG_060,166
GGGTCACCGCCGCCAAACTG_061,57
GGGTCACCGCCGCCAAACTG_062,56
GGGTCACCGCCGCCAAACTG_063,138
GGGTCACCGCCGCCAAACTG_064,39
GGGTCACCGCCGCCAAACTG_065,137
GGGTCACCGCCGCCAAACTG_066,1
GGGTCACCGCCGCCAAACTG_067,9
GGGTCACCGCCGCCAAACTG_068,168
TTTCCAGCAAAGTGTTACTG_001,23
TTTCCAGCAAAGTGTTACTG_002,159
TTTCCAGCAAAGTGTTACTG_003,87
CAATTTCGAAGTCAACGTCG_001,184
CAATTTCGAAGTCAACGTCG_002,28
CAATTTCGAAGTCAACGTCG_003,42
CAATTTCGAAGTCAACGTCG_004,61
CAATTTCGAAGTCAACGTCG_005,70
GAATGAAGAACGCTTACGAC_001,166
GAATGAAGAACGCTTACGAC_002,137
GAATGAAGAACGCTTACGAC_003,16
GAATGAAGAACGCTTACGAC_004,50
GAATGAAGAACGCTTACGAC_005,50
GTACAAGGTGCGTTGCACAG_001,82
GTACAAGGTGCGTTGCACAG_002,118
GTACAAGGTGCGTTGCACAG_003,77
GTACAAGGTGCGTTGCACAG_004,187
GTACAAGGTGCGTTGCACAG_005,8
GTACAAGGTGCGTTGCACAG_006,117
GTACAAGGTGCGTTGCACAG_007,56
GTACAAGGTGCGTTGCACAG_008,137
GTACAAGGTGCGTTGCACAG_009,195
GTACAAGGTGCGTTGCACAG_010,145
GTACAAGGTGCGTTGCACAG_011,130
GTACAAGGTGCGTTGCACAG_012,168
GTACAAGGTGCGTTGCACAG_013,114
AGAAGTTTGTAGACACACCG_001,29
AGAAGTTTGTAGACACACCG_002,56
AGAAGTTTGTAGACACACCG_003,9
AGAAGTTTGTAGACACACCG_004,126
AGAAGTTTGTAGACACACCG_005,127
AGAAGTTTGTAGACACACCG_006,96
AGAAGTTTGTAGACACACCG_007,40
AGAAGTTTGTAGACACACCG_008,191
AGAAGTTTGTAGACACACCG_009,51
AGAAGTTTGTAGACACACCG_010,108
ATCTCTATCTGACACAACAA_001,127
ATCTCTATCTGACACAACAA_002,117
GTTCAGAACCATACCACCAG_001,23
GTTCAGAACCATACCACCAG_002,96
GTTCAGAACCATACCACCAG_003,42
GTTCAGAACCATACCACCAG_004,58
GTTCAGAACCATACCACCAG_005,169
GTTCAGAACCATACCACCAG_006,63
GTTCAGAACCATACCACCAG_007,61
CCTACACGCCCATTTGAGGA_001,2
CCTACACGCCCATTTGAGGA_002,58
CCTACACGCCCATTTGAGGA_003,72
CCTACACGCCCATTTGAGGA_004,138
CCTACACGCCCATTTGAGGA_005,158
CCTACACGCCCATTTGAGGA_006,95
CCTACACGCCCATTTGAGGA_007,197
CCTACACGCCCATTTGAGGA_008,135
CCTACACGCCCATTTGAGGA_009,153
CATGGCCACAACAACTGACG_001,117
CATGGCCACAACAACTGACG_002,56
CATGGCCACAACAACTGACG_003,65
CATGGCCACAACAACTGACG_004,36
GAACGTCCAAGCAAGGGAGC_001,176
GAACGTCCAAGCAAGGGAGC_002,73
GAACGTCCAAGCAAGGGAGC_003,170
GAACGTCCAAGCAAGGGAGC_004,78
GAACGTCCAAGCAAGGGAGC_005,31
GAACGTCCAAGCAAGGGAGC_006,88
GAACGTCCAAGCAAGGGAGC_007,88
GAACGTCCAAGCAAGGGAGC_008,145
GAACGTCCAAGCAAGGGAGC_009,48
GAACGTCCAAGCAAGGGAGC_010,62
GAACGTCCAAGCAAGGGAGC_011,131
GAACGTCCAAGCAAGGGAGC_012,188
GAACGTCCAAGCAAGGGAGC_013,158
GAACGTCCAAGCAAGGGAGC_014,172
GAACGTCCAAGCAAGGGAGC_015,140
GAACGTCCAAGCAAGGGAGC_016,199
GAACGTCCAAGCAAGGGAGC_017,166
GAACGTCCAAGCAAGGGAGC_018,138
GAACGTCCAAGCAAGGGAGC_019,146
GAACGTCCAAGCAAGGGAGC_020,192
GAACGTCCAAGCAAGGGAGC_021,37
GAACGTCCAAGCAAGGGAGC_022,126
GAACGTCCAAGCAAGGGAGC_023,184
GAACGTCCAAGCAAGGGAGC_024,158
GAACGTCCAAGCAAGGGAGC_025,174
GAACGTCCAAGCAAGGGAGC_026,81
GAACGTCCAAGCAAGGGAGC_027,41
GAACGTCCAAGCAAGGGAGC_028,126
CACGAGCATCCGGTACACAG_001,160
CACGAGCATCCGGTACACAG_002,137
TTTCATAATAGGAGTCAGCG_001,58
TTTCATAATAGGAGTCAGCG_002,8
TTTCATAATAGGAGTCAGCG_003,169
GACCCAGGGAAACTCCTGTA_001,138
GACCCAGGGAAACTCCTGTA_002,127
GACCCAGGGAAACTCCTGTA_003,10
GACCCAGGGAAACTCCTGTA_004,32
GACCCAGGGAAACTCCTGTA_005,180
AATATGAGAATGCCAACATG_001,116
AATATGAGAATGCCAACATG_002,1
AATATGAGAATGCCAACATG_003,173
AATATGAGAATGCCAACATG_004,173
AATATGAGAATGCCAACATG_005,22
AATATGAGAATGCCAACATG_006,134
AATATGAGAATGCCAACATG_007,190
AATATGAGAATGCCAACATG_008,166
GTGCTGCGTGACAACATACA_001,175
GTGCTGCGTGACAACATACA_002,104
GTGCTGCGTGACAACATACA_003,199
CCTGGTGGTATTGAGGCGCG_001,13
CCTGGTGGTATTGAGGCGCG_002,48
CCTGGTGGTATTGAGGCGCG_003,188
CCTGGTGGTATTGAGGCGCG_004,32
CCTGGTGGTATTGAGGCGCG_005,12
CCTGGTGGTATTGAGGCGCG_006,126
GCAACTGTTTAAAGCGACGG_001,2
GCAACTGTTTAAAGCGACGG_002,129
GCAACTGTTTAAAGCGACGG_003,185
GCAACTGTTTAAAGCGACGG_004,118
GCAACTGTTTAAAGCGACGG_005,0
GCAACTGTTTAAAGCGACGG_006,194
GCAACTGTTTAAAGCGACGG_007,181
GCAACTGTTTAAAGCGACGG_008,21
GCAACTGTTTAAAGCGACGG_009,138
GCAACTGTTTAAAGCGACGG_010,77
GCAACTGTTTAAAGCGACGG_011,13
GCAACTGTTTAAAGCGACGG_012,188
CACACGAATGTTCACAACCG_001,54
CACACGAATGTTCACAACCG_002,124
CACACGAATGTTCACAACCG_003,16
CACACGAATGTTCACAACCG_004,83
CACACGAATGTTCACAACCG_005,2
CACACGAATGTTCACAACCG_006,17
CACACGAATGTTCACAACCG_007,10
CACACGAATGTTCACAACCG_008,39
CACACGAATGTTCACAACCG_009,174
AGTGGCCAGAAGAATGGCCG_001,77
AGTGGCCAGAAGAATGGCCG_002,138
AGTGGCCAGAAGAATGGCCG_003,103
AGTGGCCAGAAGAATGGCCG_004,193
AGTGGCCAGAAGAATGGCCG_005,61
AGTGGCCAGAAGAATGGCCG_006,168
AGTGGCCAGAAGAATGGCCG_007,85
GGTCATGGGACATGACAACC_001,8
GGTCATGGGACATGACAACC_002,152
GGTCATGGGACATGACAACC_003,138
GGTCATGGGACATGACAACC_004,172
CGGGCAGCGTGTGATTCGGG_001,172
CGGGCAGCGTGTGATTCGGG_002,160
CGGGCAGCGTGTGATTCGGG_003,63
CGGGCAGCGTGTGATTCGGG_004,184
CGGGCAGCGTGTGATTCGGG_005,42
CGGGCAGCGTGTGATTCGGG_006,117
CGGGCAGCGTGTGATTCGGG_007,1
CGGGCAGCGTGTGATTCGGG_008,158
CGGGCAGCGTGTGATTCGGG_009,127
CGGGCAGCGTGTGATTCGGG_010,43
CGGGCAGCGTGTGATTCGGG_011,148
CGGGCAGCGTGTGATTCGGG_012,183
CGGGCAGCGTGTGATTCGGG_013,126
CGGGCAGCGTGTGATTCGGG_014,48
CGGGCAGCGTGTGATTCGGG_015,193
CGGGCAGCGTGTGATTCGGG_016,114
CGGGCAGCGTGTGATTCGGG_017,10
CGGGCAGCGTGTGATTCGGG_018,82
CGGGCAGCGTGTGATTCGGG_019,165
CGGGCAGCGTGTGATTCGGG_020,89
CGGGCAGCGTGTGATTCGGG_021,12
CGGGCAGCGTGTGATTCGGG_022,29
AAGGAGAGCTGGATACAGCT_001,118
AAGGAGAGCTGGATACAGCT_002,131
ACTTAAGCAATATGGTTGGA_001,127
ACTTAAGCAATATGGTTGGA_002,1
ACTTAAGCAATATGGTTGGA_003,5
AACTCATCCTGGCCAACCAA_001,116
AACTCATCCTGGCCAACCAA_002,145
AACTCATCCTGGCCAACCAA_003,16
AACTCATCCTGGCCAACCAA_004,49
AACTCATCCTGGCCAACCAA_005,91
AACTCATCCTGGCCAACCAA_006,50
AACTCATCCTGGCCAACCAA_007,63
AACTCATCCTGGCCAACCAA_008,96
CCCCCCACCCGCGTACCCGG_001,30
CCCCCCACCCGCGTACCCGG_002,155
CCCCCCACCCGCGTACCCGG_003,48
CCCCCCACCCGCGTACCCGG_004,151
CCCCCCACCCGCGTACCCGG_005,16
CCCCCCACCCGCGTACCCGG_006,17
CCCCCCACCCGCGTACCCGG_007,108
CCCCCCACCCGCGTACCCGG_008,155
CCCCCCACCCGCGTACCCGG_009,35
CCCCCCACCCGCGTACCCGG_010,10
CCCCCCACCCGCGTACCCGG_011,140
GAGAAGCCGAAGTAATGATA_001,182
GAGAAGCCGAAGTAATGATA_002,169
GAGAAGCCGAAGTAATGATA_003,178
GAGAAGCCGAAGTAATGATA_004,40
GAGAAGCCGAAGTAATGATA_005,97
GAGAAGCCGAAGTAATGATA_006,182
GAGAAGCCGAAGTAATGATA_007,88
ACTTCAAAGAATTTACTCTG_001,146
ACTTCAAAGAATTTACTCTG_002,42
ACTTCAAAGAATTTACTCTG_003,157
TTATTTCATAGAGACATCAT_001,64
TTATTTCATAGAGACATCAT_002,89
TTATTTCATAGAGACATCAT_003,137
TTATTTCATAGAGACATCAT_004,78
GCCGGCACTCCAGGACCCAG_001,40
GCCGGCACTCCAGGACCCAG_002,43
GCCGGCACTCCAGGACCCAG_003,12
GCCGGCACTCCAGGACCCAG_004,150
GCCGGCACTCCAGGACCCAG_005,54
GCCGGCACTCCAGGACCCAG_006,163
GCCGGCACTCCAGGACCCAG_007,98
GCCGGCACTCCAGGACCCAG_008,132
GCCGGCACTCCAGGACCCAG_009,9
GCCGGCACTCCAGGACCCAG_010,78
GCCGGCACTCCAGGACCCAG_011,23
GCCGGCACTCCAGGACCCAG_012,146
GCCGGCACTCCAGGACCCAG_013,163
GCCGGCACTCCAGGACCCAG_014,98
GCCGGCACTCCAGGACCCAG_015,183
GCCGGCACTCCAGGACCCAG_016,158
GCCGGCACTCCAGGACCCAG_017,60
GCCGGCACTCCAGGACCCAG_018,6
GCCGGCACTCCAGGACCCAG_019,182
GCCGGCACTCCAGGACCCAG_020,124
GCCGGCACTCCAGGACCCAG_021,13
GCCGGCACTCCAGGACCCAG_022,23
GCCGGCACTCCAGGACCCAG_023,58
GCCGGCACTCCAGGACCCAG_024,106
GCCGGCACTCCAGGACCCAG_025,166
GCCGGCACTCCAGGACCCAG_026,78
GCCGGCACTCCAGGACCCAG_027,166
GCCGGCACTCCAGGACCCAG_028,117
AGATTGGAGAGATTGCCGCC_001,175
AGATTGGAGAGATTGCCGCC_002,9
AGATTGGAGAGATTGCCGCC_003,115
AGATTGGAGAGATTGCCGCC_004,75
AGATTGGAGAGATTGCCGCC_005,158
AGATTGGAGAGATTGCCGCC_006,117
AGATTGGAGAGATTGCCGCC_007,65
AGATTGGAGAGATTGCCGCC_008,173
CTGCTTACGAGAAGAACACA_001,22
CTGCTTACGAGAAGAACACA_002,24
CTGCTTACGAGAAGAACACA_003,121
CTGCTTACGAGAAGAACACA_004,108
CTGCTTACGAGAAGAACACA_005,144
CTGCTTACGAGAAGAACACA_006,152
TGGCGGTAATGCAGCGTGAG_001,134
TGGCGGTAATGCAGCGTGAG_002,185
TGGCGGTAATGCAGCGTGAG_003,72
TGGCGGTAATGCAGCGTGAG_004,120
TGGCGGTAATGCAGCGTGAG_005,158
TGGCGGTAATGCAGCGTGAG_006,105
TGGCGGTAATGCAGCGTGAG_007,21
TGGCGGTAATGCAGCGTGAG_008,113
TGGCGGTAATGCAGCGTGAG_009,106
TGGCGGTAATGCAGCGTGAG_010,169
TTCGGCTCCATCGTGAACGA_001,150
TTCGGCTCCATCGTGAACGA_002,94
TTCGGCTCCATCGTGAACGA_003,118
TTCGGCTCCATCGTGAACGA_004,180
TTCGGCTCCATCGTGAACGA_005,44
TTCGGCTCCATCGTGAACGA_006,49
TTCGGCTCCATCGTGAACGA_007,83
TTCGGCTCCATCGTGAACGA_008,83
TTCGGCTCCATCGTGAACGA_009,133
TTCGGCTCCATCGTGAACGA_010,121
TTCGGCTCCATCGTGAACGA_011,197
TTCGGCTCCATCGTGAACGA_012,29
TTCGGCTCCATCGTGAACGA_013,146
TTCGGCTCCATCGTGAACGA_014,8
TTCGGCTCCATCGTGAACGA_015,78
TTCGGCTCCATCGTGAACGA_016,126
TTCGGCTCCATCGTGAACGA_017,13
TTCTTCATAGAAATCCGACT_001,176
TTCTTCATAGAAATCCGACT_002,148
TTCTTCATAGAAATCCGACT_003,112
GCGTTCTACACCATTTGGAG_001,12
GCGTTCTACACCATTTGGAG_002,43
CCTCAAAGATGCGATCCACA_001,160
AGAGCTGCAGAGAGACAAGG_001,12
AGAGCTGCAGAGAGACAAGG_002,51
AGAGCTGCAGAGAGACAAGG_003,114
AGAGCTGCAGAGAGACAAGG_004,6
AGAGCTGCAGAGAGACAAGG_005,192
AGAGCTGCAGAGAGACAAGG_006,76
AGAGCTGCAGAGAGACAAGG_007,72
AAGGAGCACATCCTGCACGC_001,114
AAGGAGCACATCCTGCACGC_002,170
AAGGAGCACATCCTGCACGC_003,5
AAGGAGCACATCCTGCACGC_004,132
AAGGAGCACATCCTGCACGC_005,195
AAGGAGCACATCCTGCACGC_006,36
AAGGAGCACATCCTGCACGC_007,22
AAGGAGCACATCCTGCACGC_008,148
AAGGAGCACATCCTGCACGC_009,188
AAGGAGCACATCCTGCACGC_010,151
AAGGAGCACATCCTGCACGC_011,118
AAGGAGCACATCCTGCACGC_012,149
AAGGAGCACATCCTGCACGC_013,140
AAGGAGCACATCCTGCACGC_014,141
AAGGAGCACATCCTGCACGC_015,175
AAGGAGCACATCCTGCACGC_016,81
AAGGAGCACATCCTGCACGC_017,28
AAGGAGCACATCCTGCACGC_018,27
AAGGAGCACATCCTGCACGC_019,50
AAGGAGCACATCCTGCACGC_020,104
ATTGGCCAGTCCACTGAACG_001,16
ATTGGCCAGTCCACTGAACG_002,26
ATTGGCCAGTCCACTGAACG_003,103
ATTGGCCAGTCCACTGAACG_004,106
ATTGGCCAGTCCACTGAACG_005,168
TGTGGATCGAATAATCCGGG_001,77
TGTGGATCGAATAATCCGGG_002,77
TGTGGATCGAATAATCCGGG_003,73
TGTGGATCGAATAATCCGGG_004,7
TGTGGATCGAATAATCCGGG_005,154
TGTGGATCGAATAATCCGGG_006,154
TGTGGATCGAATAATCCGGG_007,60
TGTGGATCGAATAATCCGGG_008,8
CCCAACGGACAAGCATACCC_001,91
CCCAACGGACAAGCATACCC_002,184
GAGTCCCGGACAATAATTCG_001,88
GAGTCCCGGACAATAATTCG_002,94
CTAGCCGACCATCCACACTT_001,8
CTAGCCGACCATCCACACTT_002,130
CTAGCCGACCATCCACACTT_003,63
CTAGCCGACCATCCACACTT_004,145
CTAGCCGACCATCCACACTT_005,162
CTAGCCGACCATCCACACTT_006,106
CTAGCCGACCATCCACACTT_007,146
CTAGCCGACCATCCACACTT_008,42
CTAGCCGACCATCCACACTT_009,82
CTAGCCGACCATCCACACTT_010,15
CTAGCCGACCATCCACACTT_011,115
CTAGCCGACCATCCACACTT_012,121
CTAGCCGACCATCCACACTT_013,29
CTAGCCGACCATCCACACTT_014,28
CTAGCCGACCATCCACACTT_015,21
CTAGCCGACCATCCACACTT_016,66
CTAGCCGACCATCCACACTT_017,72
CTAGCCGACCATCCACACTT_018,60
CTAGCCGACCATCCACACTT_019,17
AACGCAGTATATGAGCGTCT_001,179
AACGCAGTATATGAGCGTCT_002,66
AACGCAGTATATGAGCGTCT_003,134
AACGCAGTATATGAGCGTCT_004,42
CAGGCGCGGACAGTGTGCGA_001,163
CAGGCGCGGACAGTGTGCGA_002,89
CAGGCGCGGACAGTGTGCGA_003,90
CAGGCGCGGACAGTGTGCGA_004,155
CAGGCGCGGACAGTGTGCGA_005,148
CAGGCGCGGACAGTGTGCGA_006,111
CAGGCGCGGACAGTGTGCGA_007,69
CAGGCGCGGACAGTGTGCGA_008,37
CAGGCGCGGACAGTGTGCGA_009,169
CAGGCGCGGACAGTGTGCGA_010,2
CAGGCGCGGACAGTGTGCGA_011,58
GCTTTGACCACAAGATCACA_001,70
GCTTTGACCACAAGATCACA_002,106
GCTTTGACCACAAGATCACA_003,144
GCTTTGACCACAAGATCACA_004,190
GCTTTGACCACAAGATCACA_005,122
GCTTTGACCACAAGATCACA_006,69
GCTTTGACCACAAGATCACA_007,191
AGGTCTGAGTCACAGGACAT_001,129
AGGTCTGAGTCACAGGACAT_002,149
AGGTCTGAGTCACAGGACAT_003,37
AGGTCTGAGTCACAGGACAT_004,58
AGGTCTGAGTCACAGGACAT_005,144
AGGTCTGAGTCACAGGACAT_006,94
AGGTCTGAGTCACAGGACAT_007,140
AGGTCTGAGTCACAGGACAT_008,5
AGGTCTGAGTCACAGGACAT_009,119
AGGTCTGAGTCACAGGACAT_010,198
AGGTCTGAGTCACAGGACAT_011,185
AGGTCTGAGTCACAGGACAT_012,86
AGGTCTGAGTCACAGGACAT_013,37
AGGTCTGAGTCACAGGACAT_014,180
AGGTCTGAGTCACAGGACAT_015,136
AGGTCTGAGTCACAGGACAT_016,130
AGGTCTGAGTCACAGGACAT_017,50
GTCTCCATCATGGTTCCCTG_001,69
GTCTCCATCATGGTTCCCTG_002,82
TCAGCCTCTTTGTATAGAAG_001,35
TCAGCCTCTTTGTATAGAAG_002,87
GTGAAACAGAGGGTCCATCA_001,132
GTGAAACAGAGGGTCCATCA_002,174
GTGAAACAGAGGGTCCATCA_003,172
GTGAAACAGAGGGTCCATCA_004,33
GTGAAACAGAGGGTCCATCA_005,11
GTGAAACAGAGGGTCCATCA_006,158
GTGAAACAGAGGGTCCATCA_007,139
GTGAAACAGAGGGTCCATCA_008,172
GTGAAACAGAGGGTCCATCA_009,132
GTGAAACAGAGGGTCCATCA_010,135
GTGAAACAGAGGGTCCATCA_011,57
GTGAAACAGAGGGTCCATCA_012,78
GTGAAACAGAGGGTCCATCA_013,161
GTGAAACAGAGGGTCCATCA_014,160
GTGAAACAGAGGGTCCATCA_015,177
ACCTGAGCTCTGATCGCCAG_001,49
ACCTGAGCTCTGATCGCCAG_002,80
ACCTGAGCTCTGATCGCCAG_003,55
ACCTGAGCTCTGATCGCCAG_004,140
ACCTGAGCTCTGATCGCCAG_005,58
ACCTGAGCTCTGATCGCCAG_006,92
ACCTGAGCTCTGATCGCCAG_007,38
ACCTGAGCTCTGATCGCCAG_008,179
ACCTGAGCTCTGATCGCCAG_009,125
GAATGTGAACACCTTAATCA_001,147
GAATGTGAACACCTTAATCA_002,24
GAATGTGAACACCTTAATCA_003,91
GAATGTGAACACCTTAATCA_004,11
GAATGTGAACACCTTAATCA_005,19
GAATGTGAACACCTTAATCA_006,77
GAATGTGAACACCTTAATCA_007,107
GAATGTGAACACCTTAATCA_008,165
TACGTGCCGGTCTACCCGGT_001,78
TACGTGCCGGTCTACCCGGT_002,119
TACGTGCCGGTCTACCCGGT_003,192
TACGTGCCGGTCTACCCGGT_004,88
TACGTGCCGGTCTACCCGGT_005,48
TACGTGCCGGTCTACCCGGT_006,96
TACGTGCCGGTCTACCCGGT_007,89
TACGTGCCGGTCTACCCGGT_008,103
TACGTGCCGGTCTACCCGGT_009,168
GCGACTGGATGTATAAGCAT_001,55
GCGACTGGATGTATAAGCAT_002,145
GCGACTGGATGTATAAGCAT_003,162
GCGACTGGATGTATAAGCAT_004,169
GCGACTGGATGTATAAGCAT_005,103
GCGACTGGATGTATAAGCAT_006,157
GCGACTGGATGTATAAGCAT_007,24
GCGACTGGATGTATAAGCAT_008,56
GCGACTGGATGTATAAGCAT_009,49
GCGACTGGATGTATAAGCAT_010,28
GCGACTGGATGTATAAGCAT_011,31
CTGGTATAATTACCTGACTG_001,38
CTGGTATAATTACCTGACTG_002,151
CTGGTATAATTACCTGACTG_003,184
GTTCCCTAGGAATCGGACGT_001,27
GTTCCCTAGGAATCGGACGT_002,1
GTTCCCTAGGAATCGGACGT_003,94
GTTCCCTAGGAATCGGACGT_004,15
GTTCCCTAGGAATCGGACGT_005,80
GTTCCCTAGGAATCGGACGT_006,137
GTTCCCTAGGAATCGGACGT_007,2
GTTCCCTAGGAATCGGACGT_008,40
GTTCCCTAGGAATCGGACGT_009,49
GTTCCCTAGGAATCGGACGT_010,121
GTTCCCTAGGAATCGGACGT_011,152
GTTCCCTAGGAATCGGACGT_012,161
ACTGTCACTAACCTACTGGT_001,190
ACTGTCACTAACCTACTGGT_002,16
ACTGTCACTAACCTACTGGT_003,62
ACTGTCACTAACCTACTGGT_004,127
ACTGTCACTAACCTACTGGT_005,91
ACTGTCACTAACCTACTGGT_006,29
ACTGTCACTAACCTACTGGT_007,30
ACTGTCACTAACCTACTGGT_008,15
ACTGTCACTAACCTACTGGT_009,88
ACTGTCACTAACCTACTGGT_010,176
ACTGTCACTAACCTACTGGT_011,28
AATTGCTGTCATTATCACAC_001,64
AATTGCTGTCATTATCACAC_002,60
AATTGCTGTCATTATCACAC_003,107
AATTGCTGTCATTATCACAC_004,23
AATTGCTGTCATTATCACAC_005,127
AATTGCTGTCATTATCACAC_006,194
AATTGCTGTCATTATCACAC_007,82
AGGCCTGCCTCAGTTCCCGT_001,136
AGGCCTGCCTCAGTTCCCGT_002,139
AGGCCTGCCTCAGTTCCCGT_003,37
CTCGCACACACTGCTAGGTG_001,74
CTCGCACACACTGCTAGGTG_002,83
CTCGCACACACTGCTAGGTG_003,147
CTCGCACACACTGCTAGGTG_004,74
CTCGCACACACTGCTAGGTG_005,14
CTCGCACACACTGCTAGGTG_006,94
CTCGCACACACTGCTAGGTG_007,47
CTCGCACACACTGCTAGGTG_008,50
AGGCGGGCCTTACGAATCGG_001,124
AGGCGGGCCTTACGAATCGG_002,16
AGGCGGGCCTTACGAATCGG_003,127
AGGCGGGCCTTACGAATCGG_004,21
AGGCGGGCCTTACGAATCGG_005,171
AGGCGGGCCTTACGAATCGG_006,32
AGGCGGGCCTTACGAATCGG_007,65
AGGCGGGCCTTACGAATCGG_008,19
AGGCGGGCCTTACGAATCGG_009,160
AGGCGGGCCTTACGAATCGG_010,70
AGGCGGGCCTTACGAATCGG_011,43
AGGCGGGCCTTACGAATCGG_012,153
TTCGCAACACAACAATCAGA_001,156
TTCGCAACACAACAATCAGA_002,93
TTCGCAACACAACAATCAGA_003,21
CGATCAGCGATGCACCCACG_001,123
CGATCAGCGATGCACCCACG_002,130
CGATCAGCGATGCACCCACG_003,172
CGATCAGCGATGCACCCACG_004,162
CGATCAGCGATGCACCCACG_005,13
CGATCAGCGATGCACCCACG_006,84
CGATCAGCGATGCACCCACG_007,197
ACAGGACATACGAGGCAGAG_001,42
ACAGGACATACGAGGCAGAG_002,27
ACAGGACATACGAGGCAGAG_003,126
ACAGGACATACGAGGCAGAG_004,180
CCAGTTACAGCAGTTTCAGG_001,173
CCAGTTACAGCAGTTTCAGG_002,54
GTCCACGACTTCGACTTCGA_001,199
GTCCACGACTTCGACTTCGA_002,196
GTCCACGACTTCGACTTCGA_003,149
GTCCACGACTTCGACTTCGA_004,23
GTCCACGACTTCGACTTCGA_005,6
GTCCACGACTTCGACTTCGA_006,32
GTCCACGACTTCGACTTCGA_007,7
GTCCACGACTTCGACTTCGA_008,183
GTCCACGACTTCGACTTCGA_009,23
GTCCACGACTTCGACTTCGA_010,15
GTCCACGACTTCGACTTCGA_011,174
GTCCACGACTTCGACTTCGA_012,147
GTCCACGACTTCGACTTCGA_013,83
GTCCACGACTTCGACTTCGA_014,43
GTCCACGACTTCGACTTCGA_015,28
GTCCACGACTTCGACTTCGA_016,67
GTCCACGACTTCGACTTCGA_017,117
GTCCACGACTTCGACTTCGA_018,68
GTCCACGACTTCGACTTCGA_019,183
GTCCACGACTTCGACTTCGA_020,49
GTCCACGACTTCGACTTCGA_021,19
GTCCACGACTTCGACTTCGA_022,29
GTCCACGACTTCGACTTCGA_023,125
GTCCACGACTTCGACTTCGA_024,135
GTCCACGACTTCGACTTCGA_025,23
GTCCACGACTTCGACTTCGA_026,4
GTCCACGACTTCGACTTCGA_027,9
GTCCACGACTTCGACTTCGA_028,180
TAAGACATACAATGCAACAG_001,162
TAAGACATACAATGCAACAG_002,45
TAAGACATACAATGCAACAG_003,23
TAAGACATACAATGCAACAG_004,58
TAAGACATACAATGCAACAG_005,96
TAAGACATACAATGCAACAG_006,33
ATTGAGTACTACACCTCTGG_001,38
ATTGAGTACTACACCTCTGG_002,94
ATTGAGTACTACACCTCTGG_003,155
ATTGAGTACTACACCTCTGG_004,68
ATTGAGTACTACACCTCTGG_005,174
ATTGAGTACTACACCTCTGG_006,180
GTGTCGAGTGCAAATGCAGG_001,139
GTGTCGAGTGCAAATGCAGG_002,92
GTGTCGAGTGCAAATGCAGG_003,62
GTGTCGAGTGCAAATGCAGG_004,199
GTGTCGAGTGCAAATGCAGG_005,160
GTGTCGAGTGCAAATGCAGG_006,185
GTGTCGAGTGCAAATGCAGG_007,190
GACAAGTGGACAGTTTAAGC_001,88
GACAAGTGGACAGTTTAAGC_002,8
GACAAGTGGACAGTTTAAGC_003,0
GACAAGTGGACAGTTTAAGC_004,37
GACAAGTGGACAGTTTAAGC_005,147
GATCAGTAACACGGCAACCA_001,34
GATCAGTAACACGGCAACCA_002,107
GATCAGTAACACGGCAACCA_003,140
GATCAGTAACACGGCAACCA_004,5
GATCAGTAACACGGCAACCA_005,141
GATCAGTAACACGGCAACCA_006,19
GATCAGTAACACGGCAACCA_007,18
GATCAGTAACACGGCAACCA_008,46
TCCAGCAGAGTCTTCACGGA_001,137
TCCAGCAGAGTCTTCACGGA_002,106
TCCAGCAGAGTCTTCACGGA_003,142
AGCCGTGATAATGACCAGCT_001,6
AGCCGTGATAATGACCAGCT_002,81
AGCCGTGATAATGACCAGCT_003,94
AGCCGTGATAATGACCAGCT_004,118
GATGAATGCAGTGCTAGGAG_001,17
GATGAATGCAGTGCTAGGAG_002,154
GATGAATGCAGTGCTAGGAG_003,175
GATGAATGCAGTGCTAGGAG_004,30
TCTTGTGACCAATTACACAG_001,51
TCTTGTGACCAATTACACAG_002,96
TGAGAAAATAAAAAGTACCG_001,50
CCCAGGCCAGCGCACCATCG_001,193
CCCAGGCCAGCGCACCATCG_002,158
CCCAGGCCAGCGCACCATCG_003,183
CCCAGGCCAGCGCACCATCG_004,1
CCCAGGCCAGCGCACCATCG_005,29
CCCAGGCCAGCGCACCATCG_006,44
CCCAGGCCAGCGCACCATCG_007,38
CCCAGGCCAGCGCACCATCG_008,61
CCCAGGCCAGCGCACCATCG_009,127
CCCAGGCCAGCGCACCATCG_010,121
CCCAGGCCAGCGCACCATCG_011,185
CCCAGGCCAGCGCACCATCG_012,170
CCCAGGCCAGCGCACCATCG_013,145
CCCAGGCCAGCGCACCATCG_014,95
CCCAGGCCAGCGCACCATCG_015,148
CCCAGGCCAGCGCACCATCG_016,162
CCCAGGCCAGCGCACCATCG_017,94
CCCAGGCCAGCGCACCATCG_018,168
CCCAGGCCAGCGCACCATCG_019,90
CCCAGGCCAGCGCACCATCG_020,174
TTCGTCGTAAAATTGCCAGG_001,115
TTCGTCGTAAAATTGCCAGG_002,89
TTCGTCGTAAAATTGCCAGG_003,163
TTCGTCGTAAAATTGCCAGG_004,189
TTCGTCGTAAAATTGCCAGG_005,81
TTCGTCGTAAAATTGCCAGG_006,89
TTCGTCGTAAAATTGCCAGG_007,56
TTCGTCGTAAAATTGCCAGG_008,34
TTCGTCGTAAAATTGCCAGG_009,41
TTCGTCGTAAAATTGCCAGG_010,123
TTCGTCGTAAAATTGCCAGG_011,100
TTCGTCGTAAAATTGCCAGG_012,29
TTCGTCGTAAAATTGCCAGG_013,30
TTCGTCGTAAAATTGCCAGG_014,129
TTCGTCGTAAAATTGCCAGG_015,149
TTCGTCGTAAAATTGCCAGG_016,18
TTCGTCGTAAAATTGCCAGG_017,16
TTCGTCGTAAAATTGCCAGG_018,185
TTCGTCGTAAAATTGCCAGG_019,69
CTGTCTAGGACACTTACCCA_001,118
CTGTCTAGGACACTTACCCA_002,158
CTGTCTAGGACACTTACCCA_003,66
CTGTCTAGGACACTTACCCA_004,27
AGTTAGGAAACAGGAACTAA_001,149
AGTTAGGAAACAGGAACTAA_002,67
AGTTAGGAAACAGGAACTAA_003,58
AGTTAGGAAACAGGAACTAA_004,27
AGTTAGGAAACAGGAACTAA_005,62
AGTTAGGAAACAGGAACTAA_006,124
AGTTAGGAAACAGGAACTAA_007,90
AAGAGCCGGGAGCTCAACAG_001,152
AAGAGCCGGGAGCTCAACAG_002,46
AAGAGCCGGGAGCTCAACAG_003,175
AAGAGCCGGGAGCTCAACAG_004,93
AAGAGCCGGGAGCTCAACAG_005,171
AAGAGCCGGGAGCTCAACAG_006,170
AAGAGCCGGGAGCTCAACAG_007,177
AAGAGCCGGGAGCTCAACAG_008,164
AAGAGCCGGGAGCTCAACAG_009,164
AAGAGCCGGGAGCTCAACAG_010,57
AAGAGCCGGGAGCTCAACAG_011,43
AAGAGCCGGGAGCTCAACAG_012,43
AAGAGCCGGGAGCTCAACAG_013,134
AAGAGCCGGGAGCTCAACAG_014,52
AAGAGCCGGGAGCTCAACAG_015,179
AAGAGCCGGGAGCTCAACAG_016,179
AAGAGCCGGGAGCTCAACAG_017,88
AAGAGCCGGGAGCTCAACAG_018,26
AAGAGCCGGGAGCTCAACAG_019,107
AAGAGCCGGGAGCTCAACAG_020,107
AAGAGCCGGGAGCTCAACAG_021,195
AAGAGCCGGGAGCTCAACAG_022,15
AAGAGCCGGGAGCTCAACAG_023,115
AAGAGCCGGGAGCTCAACAG_024,115
AAGAGCCGGGAGCTCAACAG_025,82
AAGAGCCGGGAGCTCAACAG_026,188
AAGAGCCGGGAGCTCAACAG_027,182
AAGAGCCGGGAGCTCAACAG_028,169
AAGAGCCGGGAGCTCAACAG_029,127
AAGAGCCGGGAGCTCAACAG_030,170
AAGAGCCGGGAGCTCAACAG_031,157
AAGAGCCGGGAGCTCAACAG_032,105
AAGAGCCGGGAGCTCAACAG_033,94
AAGAGCCGGGAGCTCAACAG_034,28
AAGAGCCGGGAGCTCAACAG_035,63
AAGAGCCGGGAGCTCAACAG_036,19
AAGAGCCGGGAGCTCAACAG_037,99
AAGAGCCGGGAGCTCAACAG_038,198
AAGAGCCGGGAGCTCAACAG_039,41
AAGAGCCGGGAGCTCAACAG_040,17
AAGAGCCGGGAGCTCAACAG_041,147
AAGAGCCGGGAGCTCAACAG_042,130
AAGAGCCGGGAGCTCAACAG_043,141
AAGAGCCGGGAGCTCAACAG_044,144
CCAGAAAGCCTCTCCATTAC_001,197
CCAGAAAGCCTCTCCATTAC_002,11
CCAGAAAGCCTCTCCATTAC_003,101
CCAGAAAGCCTCTCCATTAC_004,83
CCAGAAAGCCTCTCCATTAC_005,45
CCAGAAAGCCTCTCCATTAC_006,12
CCAGAAAGCCTCTCCATTAC_007,157
CTAGCTCTTCTACTACGGAG_001,187
ATTCTGACTATGTGTTTGGA_001,29
ATTCTGACTATGTGTTTGGA_002,168
ATTCTGACTATGTGTTTGGA_003,40
ATTCTGACTATGTGTTTGGA_004,27
ATTCTGACTATGTGTTTGGA_005,83
ATTCTGACTATGTGTTTGGA_006,93
ATTCTGACTATGTGTTTGGA_007,60
ATTCTGACTATGTGTTTGGA_008,132
ATTCTGACTATGTGTTTGGA_009,160
ATTCTGACTATGTGTTTGGA_010,172
ATTCTGACTATGTGTTTGGA_011,140
ATTCTGACTATGTGTTTGGA_012,170
ATTCTGACTATGTGTTTGGA_013,119
ATTCTGACTATGTGTTTGGA_014,8
GAGGCCAAGTCTCCACAAGT_001,80
GAGGCCAAGTCTCCACAAGT_002,25
GAGGCCAAGTCTCCACAAGT_003,149
GAGGCCAAGTCTCCACAAGT_004,179
GAGGCCAAGTCTCCACAAGT_005,49
GAGGCCAAGTCTCCACAAGT_006,168
GAGGCCAAGTCTCCACAAGT_007,121
GAGGCCAAGTCTCCACAAGT_008,138
GAGGCCAAGTCTCCACAAGT_009,43
GAGGCCAAGTCTCCACAAGT_010,41
GAGGCCAAGTCTCCACAAGT_011,23
GAGGCCAAGTCTCCACAAGT_012,9
GAGGCCAAGTCTCCACAAGT_013,2
GAGGCCAAGTCTCCACAAGT_014,171
GAGGCCAAGTCTCCACAAGT_015,191
GAGGCCAAGTCTCCACAAGT_016,60
GAGGCCAAGTCTCCACAAGT_017,184
TACCCATGCATCGAAGGATG_001,94
TACCCATGCATCGAAGGATG_002,92
TACCCATGCATCGAAGGATG_003,81
TACCCATGCATCGAAGGATG_004,40
GTCCCACAGCCGTTCCAATG_001,27
GTCCCACAGCCGTTCCAATG_002,166
GTCCCACAGCCGTTCCAATG_003,38
GTCCCACAGCCGTTCCAATG_004,117
GTCCCACAGCCGTTCCAATG_005,15
GTCCCACAGCCGTTCCAATG_006,105
GTCCCACAGCCGTTCCAATG_007,47
GTCCCACAGCCGTTCCAATG_008,168
CTTATAGCGGCAATCGTCAG_001,94
CTTATAGCGGCAATCGTCAG_002,92
CTTATAGCGGCAATCGTCAG_003,49
CTTATAGCGGCAATCGTCAG_004,104
CTTATAGCGGCAATCGTCAG_005,142
TGTAGAGCTTCCGCGTGAGG_001,94
TGTAGAGCTTCCGCGTGAGG_002,88
TGTAGAGCTTCCGCGTGAGG_003,156
TGTAGAGCTTCCGCGTGAGG_004,152
TGTAGAGCTTCCGCGTGAGG_005,88
TGTAGAGCTTCCGCGTGAGG_006,16
GTTGAGTGTAAACAGCACAA_001,25
GTTGAGTGTAAACAGCACAA_002,191
GTTGAGTGTAAACAGCACAA_003,192
GTTGAGTGTAAACAGCACAA_004,56
GTTGAGTGTAAACAGCACAA_005,34
GTTGAGTGTAAACAGCACAA_006,43
GTTGAGTGTAAACAGCACAA_007,48
GTTGAGTGTAAACAGCACAA_008,60
GTTGAGTGTAAACAGCACAA_009,125
GTTGAGTGTAAACAGCACAA_010,170
GTTGAGTGTAAACAGCACAA_011,0
CCGTGTCTCTGTGCCTTGGG_001,174
CCGTGTCTCTGTGCCTTGGG_002,53
CCGTGTCTCTGTGCCTTGGG_003,71
CCGTGTCTCTGTGCCTTGGG_004,157
CCGTGTCTCTGTGCCTTGGG_005,57
CCGTGTCTCTGTGCCTTGGG_006,116
CCGTGTCTCTGTGCCTTGGG_007,168
CCGTGTCTCTGTGCCTTGGG_008,199
CCGTGTCTCTGTGCCTTGGG_009,145
CCGTGTCTCTGTGCCTTGGG_010,12
CCGTGTCTCTGTGCCTTGGG_011,146
CCGTGTCTCTGTGCCTTGGG_012,54
CCGTGTCTCTGTGCCTTGGG_013,169
CCGTGTCTCTGTGCCTTGGG_014,146
CCGTGTCTCTGTGCCTTGGG_015,9
CCGTGTCTCTGTGCCTTGGG_016,3
CCGTGTCTCTGTGCCTTGGG_017,3
CCGTGTCTCTGTGCCTTGGG_018,43
CCGTGTCTCTGTGCCTTGGG_019,76
CCGTGTCTCTGTGCCTTGGG_020,160
TCAAACACTCTCAGAACATG_001,14
CCCCGGAGCGCAGTCCCCGA_001,43
CCCCGGAGCGCAGTCCCCGA_002,53
CCCCGGAGCGCAGTCCCCGA_003,8
CCCCGGAGCGCAGTCCCCGA_004,68
CCCCGGAGCGCAGTCCCCGA_005,84
CCCCGGAGCGCAGTCCCCGA_006,48
CCCCGGAGCGCAGTCCCCGA_007,115
CCCCGGAGCGCAGTCCCCGA_008,78
CCCCGGAGCGCAGTCCCCGA_009,78
CCCCGGAGCGCAGTCCCCGA_010,83
CCCCGGAGCGCAGTCCCCGA_011,2
CCCCGGAGCGCAGTCCCCGA_012,2
CCCCGGAGCGCAGTCCCCGA_013,147
CCCCGGAGCGCAGTCCCCGA_014,37
CCCCGGAGCGCAGTCCCCGA_015,41
CCCCGGAGCGCAGTCCCCGA_016,88
CCCCGGAGCGCAGTCCCCGA_017,34
CCCCGGAGCGCAGTCCCCGA_018,85
CCCCGGAGCGCAGTCCCCGA_019,49
CCCCGGAGCGCAGTCCCCGA_020,60
CCCCGGAGCGCAGTCCCCGA_021,152
CCCCGGAGCGCAGTCCCCGA_022,119
CCCCGGAGCGCAGTCCCCGA_023,3
CCCCGGAGCGCAGTCCCCGA_024,55
CCCCGGAGCGCAGTCCCCGA_025,170
CCCCGGAGCGCAGTCCCCGA_026,25
CCCCGGAGCGCAGTCCCCGA_027,17
CCCCGGAGCGCAGTCCCCGA_028,1
CCCCGGAGCGCAGTCCCCGA_029,147
CCCCGGAGCGCAGTCCCCGA_030,82
GCGCTTCCAGCTTAAAATCG_001,37
GCGCTTCCAGCTTAAAATCG_002,146
GCGCTTCCAGCTTAAAATCG_003,70
GCGCTTCCAGCTTAAAATCG_004,116
GCGCTTCCAGCTTAAAATCG_005,78
GCGCTTCCAGCTTAAAATCG_006,9
GCGCTTCCAGCTTAAAATCG_007,175
ACCTCAATGGACGTTGTGGT_001,118
ACCTCAATGGACGTTGTGGT_002,89
ACCTCAATGGACGTTGTGGT_003,48
ACCTCAATGGACGTTGTGGT_004,162
ACCTCAATGGACGTTGTGGT_005,104
ACCTCAATGGACGTTGTGGT_006,56
CCCATACCCTTGCGACACTG_001,58
CCCATACCCTTGCGACACTG_002,68
CCCATACCCTTGCGACACTG_003,90
CCCATACCCTTGCGACACTG_004,94
CCCATACCCTTGCGACACTG_005,105
CCCATACCCTTGCGACACTG_006,134
CCCATACCCTTGCGACACTG_007,120
CCCATACCCTTGCGACACTG_008,172
CCCATACCCTTGCGACACTG_009,193
CCCATACCCTTGCGACACTG_010,75
CCCATACCCTTGCGACACTG_011,192
CCCATACCCTTGCGACACTG_012,108
CCCATACCCTTGCGACACTG_013,49
CCCATACCCTTGCGACACTG_014,93
CCCATACCCTTGCGACACTG_015,182
CCCATACCCTTGCGACACTG_016,100
CCCATACCCTTGCGACACTG_017,2
CCCATACCCTTGCGACACTG_018,16
CCCATACCCTTGCGACACTG_019,68
CCCATACCCTTGCGACACTG_020,5
CCCATACCCTTGCGACACTG_021,8
CCCATACCCTTGCGACACTG_022,97
CCCATACCCTTGCGACACTG_023,16
CCCATACCCTTGCGACACTG_024,33
CCCATACCCTTGCGACACTG_025,150
CCCATACCCTTGCGACACTG_026,171
CCCATACCCTTGCGACACTG_027,106
CCCATACCCTTGCGACACTG_028,39
CCCATACCCTTGCGACACTG_029,33
CCCATACCCTTGCGACACTG_030,166
CCCATACCCTTGCGACACTG_031,83
CCTCCCAAAGGTGATAAGAA_001,62
CCTCCCAAAGGTGATAAGAA_002,181
CCTCCCAAAGGTGATAAGAA_003,154
CCTCCCAAAGGTGATAAGAA_004,162
CCTCCCAAAGGTGATAAGAA_005,50
CCTCCCAAAGGTGATAAGAA_006,132
CCTCCCAAAGGTGATAAGAA_007,2
CCTCCCAAAGGTGATAAGAA_008,2
CCTCCCAAAGGTGATAAGAA_009,2
CCTCCCAAAGGTGATAAGAA_010,36
CCTCCCAAAGGTGATAAGAA_011,31
CCTCCCAAAGGTGATAAGAA_012,150
CCTCCCAAAGGTGATAAGAA_013,177
GCATTATTAAGCAGGTCCAG_001,142
GCATTATTAAGCAGGTCCAG_002,103
GCATTATTAAGCAGGTCCAG_003,150
GCATTATTAAGCAGGTCCAG_004,59
GCATTATTAAGCAGGTCCAG_005,105
GCATTATTAAGCAGGTCCAG_006,6
GGGCCGCGGATAGAAGATGT_001,189
GGGCCGCGGATAGAAGATGT_002,43
GGGCCGCGGATAGAAGATGT_003,161
GGGCCGCGGATAGAAGATGT_004,119
GGGCCGCGGATAGAAGATGT_005,148
GGGCCGCGGATAGAAGATGT_006,13
GGGCCGCGGATAGAAGATGT_007,94
GGGCCGCGGATAGAAGATGT_008,53
CTTCAGGGGACTATCCCGAG_001,115
CTTCAGGGGACTATCCCGAG_002,141
CTTCAGGGGACTATCCCGAG_003,120
TGATGTCATCATAGCCAAAG_001,34
TGATGTCATCATAGCCAAAG_002,138
GGCAGATAAGAGTAGCCAAG_001,58
GGCAGATAAGAGTAGCCAAG_002,41
GGCAGATAAGAGTAGCCAAG_003,199
GGCAGATAAGAGTAGCCAAG_004,81
GGCAGATAAGAGTAGCCAAG_005,194
GGCAGATAAGAGTAGCCAAG_006,16
GGCAGATAAGAGTAGCCAAG_007,46
GGCAGATAAGAGTAGCCAAG_008,8
GGCAGATAAGAGTAGCCAAG_009,82
GGCAGATAAGAGTAGCCAAG_010,82
GGCAGATAAGAGTAGCCAAG_011,6
GGCAGATAAGAGTAGCCAAG_012,75
TTTGGTTGTGGTATCAGTAA_001,137
TTTGGTTGTGGTATCAGTAA_002,119
TTTGGTTGTGGTATCAGTAA_003,34
TTTGGTTGTGGTATCAGTAA_004,67
TTTGGTTGTGGTATCAGTAA_005,171
AAGGCCTTAATAGTAGACAG_001,161
AAGGCCTTAATAGTAGACAG_002,80
AAGGCCTTAATAGTAGACAG_003,166
AAGGCCTTAATAGTAGACAG_004,171
AAGGCCTTAATAGTAGACAG_005,103
AAGGCCTTAATAGTAGACAG_006,191
AAGGCCTTAATAGTAGACAG_007,76
AAGGCCTTAATAGTAGACAG_008,61
AAGGCCTTAATAGTAGACAG_009,15
AAGGCCTTAATAGTAGACAG_010,74
AAGGCCTTAATAGTAGACAG_011,113
ATATACTGAGCACTTACACT_001,16
ATATACTGAGCACTTACACT_002,29
ATATACTGAGCACTTACACT_003,137
ATATACTGAGCACTTACACT_004,199
ATATACTGAGCACTTACACT_005,192
ATATACTGAGCACTTACACT_006,196
ATATACTGAGCACTTACACT_007,58
ATATACTGAGCACTTACACT_008,155
ATATACTGAGCACTTACACT_009,81
ATATACTGAGCACTTACACT_010,166
ATATACTGAGCACTTACACT_011,145
ATATACTGAGCACTTACACT_012,48
ATATACTGAGCACTTACACT_013,66
ATATACTGAGCACTTACACT_014,80
ATATACTGAGCACTTACACT_015,198
AGGATCTGTAGATTTGCACC_001,12
AGGATCTGTAGATTTGCACC_002,185
AGGATCTGTAGATTTGCACC_003,87
AGGATCTGTAGATTTGCACC_004,188
AGGATCTGTAGATTTGCACC_005,168
AGGATCTGTAGATTTGCACC_006,158
AGGATCTGTAGATTTGCACC_007,38
GTTAGTAAAACGCCAAGCAG_001,26
GTTAGTAAAACGCCAAGCAG_002,8
GTTAGTAAAACGCCAAGCAG_003,43
GTTAGTAAAACGCCAAGCAG_004,17
GTTAGTAAAACGCCAAGCAG_005,61
GTTAGTAAAACGCCAAGCAG_006,191
GTTAGTAAAACGCCAAGCAG_007,34
GTTAGTAAAACGCCAAGCAG_008,46
GTTAGTAAAACGCCAAGCAG_009,11
GTTAGTAAAACGCCAAGCAG_010,94
GTTAGTAAAACGCCAAGCAG_011,156
GTTAGTAAAACGCCAAGCAG_012,107
GTTAGTAAAACGCCAAGCAG_013,104
GTTAGTAAAACGCCAAGCAG_014,89
GTTAGTAAAACGCCAAGCAG_015,9
GTTAGTAAAACGCCAAGCAG_016,174
GTTAGTAAAACGCCAAGCAG_017,198
GTTAGTAAAACGCCAAGCAG_018,70
TTGCTGCGGAAAATAAGGTG_001,101
TTGCTGCGGAAAATAAGGTG_002,49
TTGCTGCGGAAAATAAGGTG_003,172
TTGCTGCGGAAAATAAGGTG_004,9
TTGCTGCGGAAAATAAGGTG_005,115
TTGCTGCGGAAAATAAGGTG_006,103
TTGCTGCGGAAAATAAGGTG_007,184
TTGCTGCGGAAAATAAGGTG_008,108
TTGCTGCGGAAAATAAGGTG_009,188
TTGCTGCGGAAAATAAGGTG_010,35
TTGCTGCGGAAAATAAGGTG_011,31
TTGCTGCGGAAAATAAGGTG_012,122
TTGCTGCGGAAAATAAGGTG_013,104
TTGCTGCGGAAAATAAGGTG_014,46
TTGCTGCGGAAAATAAGGTG_015,158
TTGCTGCGGAAAATAAGGTG_016,27
TTGCTGCGGAAAATAAGGTG_017,137
TTGCTGCGGAAAATAAGGTG_018,70
TTGCTGCGGAAAATAAGGTG_019,90
TTCATTGCACCGCACATCGA_001,3
TTCATTGCACCGCACATCGA_002,22
TTCATTGCACCGCACATCGA_003,39
TTCATTGCACCGCACATCGA_004,66
TTCATTGCACCGCACATCGA_005,66
TTCATTGCACCGCACATCGA_006,153
TTCATTGCACCGCACATCGA_007,135
CCTGCGGACAGAGTACAGCG_001,48
CCTGCGGACAGAGTACAGCG_002,62
CCTGCGGACAGAGTACAGCG_003,49
CCTGCGGACAGAGTACAGCG_004,149
CCTGCGGACAGAGTACAGCG_005,48
CCTGCGGACAGAGTACAGCG_006,121
CCTGCGGACAGAGTACAGCG_007,153
CCTGCGGACAGAGTACAGCG_008,28
CCTGCGGACAGAGTACAGCG_009,105
ACTTAACTAGGAAGGTTGTG_001,63
ACTTAACTAGGAAGGTTGTG_002,102
ACTTAACTAGGAAGGTTGTG_003,116
ACTTAACTAGGAAGGTTGTG_004,198
ACTTAACTAGGAAGGTTGTG_005,149
ACTTAACTAGGAAGGTTGTG_006,19
ACTTAACTAGGAAGGTTGTG_007,182
ACCCGTGTACCTGACAGCGG_001,159
ACCCGTGTACCTGACAGCGG_002,149
ACCCGTGTACCTGACAGCGG_003,176
ACCCGTGTACCTGACAGCGG_004,163
ACCCGTGTACCTGACAGCGG_005,136
ACCCGTGTACCTGACAGCGG_006,158
ACCCGTGTACCTGACAGCGG_007,41
ACCCGTGTACCTGACAGCGG_008,176
ACCCGTGTACCTGACAGCGG_009,83
ACCCGTGTACCTGACAGCGG_010,171
ACCCGTGTACCTGACAGCGG_011,153
ACCCGTGTACCTGACAGCGG_012,48
ACCCGTGTACCTGACAGCGG_013,188
ACCCGTGTACCTGACAGCGG_014,188
GGAACCGATTCTGAACATGT_001,29
GGAACCGATTCTGAACATGT_002,117
GGAACCGATTCTGAACATGT_003,150
GGAACCGATTCTGAACATGT_004,55
CCAATGTGGCCCTGACACGA_001,149
CCAATGTGGCCCTGACACGA_002,96
CCAATGTGGCCCTGACACGA_003,121
CCAATGTGGCCCTGACACGA_004,138
CCAATGTGGCCCTGACACGA_005,88
CCAATGTGGCCCTGACACGA_006,88
CCAATGTGGCCCTGACACGA_007,9
CCAATGTGGCCCTGACACGA_008,116
CCAATGTGGCCCTGACACGA_009,169
CCAATGTGGCCCTGACACGA_010,188
CCAATGTGGCCCTGACACGA_011,94
GCTACGCAATAAACTATACA_001,131
GCTACGCAATAAACTATACA_002,67
GCTACGCAATAAACTATACA_003,31
GCTACGCAATAAACTATACA_004,0
GCTACGCAATAAACTATACA_005,142
TCTTAAACGAGCCAAACTCA_001,83
TCTTAAACGAGCCAAACTCA_002,131
TCTTAAACGAGCCAAACTCA_003,45
TCTTAAACGAGCCAAACTCA_004,16
TCTTAAACGAGCCAAACTCA_005,15
TCTTAAACGAGCCAAACTCA_006,138
TCTTAAACGAGCCAAACTCA_007,10
TCTTAAACGAGCCAAACTCA_008,3
ACCCCTGCACTACTTCCAGG_001,15
ACCCCTGCACTACTTCCAGG_002,47
ACCCCTGCACTACTTCCAGG_003,124
ACCCCTGCACTACTTCCAGG_004,172
ACCCCTGCACTACTTCCAGG_005,63
ACCCCTGCACTACTTCCAGG_006,123
ACCCCTGCACTACTTCCAGG_007,61
ACCCCTGCACTACTTCCAGG_008,78
ACCCCTGCACTACTTCCAGG_009,9
ACCCCTGCACTACTTCCAGG_010,103
ACCCCTGCACTACTTCCAGG_011,185
ACCCCTGCACTACTTCCAGG_012,113
ACCCCTGCACTACTTCCAGG_013,154
ACCCCTGCACTACTTCCAGG_014,38
ACCCCTGCACTACTTCCAGG_015,75
ACCCCTGCACTACTTCCAGG_016,179
ACCCCTGCACTACTTCCAGG_017,166
ACCCCTGCACTACTTCCAGG_018,44
ACCCCTGCACTACTTCCAGG_019,101
ACCCCTGCACTACTTCCAGG_020,120
ATCATACAGACAGCGCAGTG_001,25
ATCATACAGACAGCGCAGTG_002,111
ATCATACAGACAGCGCAGTG_003,198
ATCATACAGACAGCGCAGTG_004,1
ATCATACAGACAGCGCAGTG_005,130
ATCATACAGACAGCGCAGTG_006,36
ATCATACAGACAGCGCAGTG_007,149
ATCATACAGACAGCGCAGTG_008,138
ATCATACAGACAGCGCAGTG_009,138
ATCATACAGACAGCGCAGTG_010,199
ATCATACAGACAGCGCAGTG_011,43
ATCATACAGACAGCGCAGTG_012,18
CAGTTGCGATGCATGCAAGT_001,185
CAGTTGCGATGCATGCAAGT_002,146
CAGTTGCGATGCATGCAAGT_003,24
CAGTTGCGATGCATGCAAGT_004,21
CAGTTGCGATGCATGCAAGT_005,105
CAGTTGCGATGCATGCAAGT_006,3
ATTGAGTAATGTGTCACTAC_001,19
ATTGAGTAATGTGTCACTAC_002,177
ATTGAGTAATGTGTCACTAC_003,26
ATTGAGTAATGTGTCACTAC_004,93
ATTGAGTAATGTGTCACTAC_005,178
ATTGAGTAATGTGTCACTAC_006,188
ATTGAGTAATGTGTCACTAC_007,188
AACGTCCGCTTCATTTACGA_001,162
AACGTCCGCTTCATTTACGA_002,34
AACGTCCGCTTCATTTACGA_003,137
AACGTCCGCTTCATTTACGA_004,61
AACGTCCGCTTCATTTACGA_005,49
AACGTCCGCTTCATTTACGA_006,27
AACGTCCGCTTCATTTACGA_007,134
AACGTCCGCTTCATTTACGA_008,137
AACGTCCGCTTCATTTACGA_009,147
AACGTCCGCTTCATTTACGA_010,119
AACGTCCGCTTCATTTACGA_011,33
AACGTCCGCTTCATTTACGA_012,187
AACGTCCGCTTCATTTACGA_013,182
AACGTCCGCTTCATTTACGA_014,6
AACGTCCGCTTCATTTACGA_015,53
AACGTCCGCTTCATTTACGA_016,189
AACGTCCGCTTCATTTACGA_017,84
AACGTCCGCTTCATTTACGA_018,4
AACGTCCGCTTCATTTACGA_019,2
AACGTCCGCTTCATTTACGA_020,35
AACGTCCGCTTCATTTACGA_021,197
AACGTCCGCTTCATTTACGA_022,16
TTCTTTAAGAATGTTCGACT_001,160
TTCTTTAAGAATGTTCGACT_002,93
CTGGTGCAGCCTGACTGGCA_001,10
CTGGTGCAGCCTGACTGGCA_002,198
CTGGTGCAGCCTGACTGGCA_003,199
CTGGTGCAGCCTGACTGGCA_004,45
CTGGTGCAGCCTGACTGGCA_005,3
CTGGTGCAGCCTGACTGGCA_006,135
CTGGTGCAGCCTGACTGGCA_007,89
CTGGTGCAGCCTGACTGGCA_008,199
CTGGTGCAGCCTGACTGGCA_009,60
CTGGTGCAGCCTGACTGGCA_010,110
CTGGTGCAGCCTGACTGGCA_011,170
CTGGTGCAGCCTGACTGGCA_012,77
CTGGTGCAGCCTGACTGGCA_013,105
CTGGTGCAGCCTGACTGGCA_014,134
CTGGTGCAGCCTGACTGGCA_015,5
CTGGTGCAGCCTGACTGGCA_016,166
CTGGTGCAGCCTGACTGGCA_017,12
CTGGTGCAGCCTGACTGGCA_018,73
CTGGTGCAGCCTGACTGGCA_019,79
CTGGTGCAGCCTGACTGGCA_020,138
CTGGTGCAGCCTGACTGGCA_021,10
CTGGTGCAGCCTGACTGGCA_022,137
CTGGTGCAGCCTGACTGGCA_023,49
CTGGTGCAGCCTGACTGGCA_024,33
CTGGTGCAGCCTGACTGGCA_025,27
CTGGTGCAGCCTGACTGGCA_026,12
TGCACACCATGTCACCATAG_001,86
CCGCTGGTAAACATCCACAC_001,111
CCGCTGGTAAACATCCACAC_002,133
CCGCTGGTAAACATCCACAC_003,152
CCGCTGGTAAACATCCACAC_004,116
CCGCTGGTAAACATCCACAC_005,91
CCGCTGGTAAACATCCACAC_006,62
CCGCTGGTAAACATCCACAC_007,146
CCGCTGGTAAACATCCACAC_008,84
CCAGAGGCACAGACCGCCGT_001,83
CCAGAGGCACAGACCGCCGT_002,157
ACCATCACCCGTATTGGAGT_001,57
ACCATCACCCGTATTGGAGT_002,51
ACCATCACCCGTATTGGAGT_003,65
ACCATCACCCGTATTGGAGT_004,2
ACCATCACCCGTATTGGAGT_005,185
ACCATCACCCGTATTGGAGT_006,32
ACCATCACCCGTATTGGAGT_007,25
ACCATCACCCGTATTGGAGT_008,107
ACCATCACCCGTATTGGAGT_009,197
ACCATCACCCGTATTGGAGT_010,130
ACCATCACCCGTATTGGAGT_011,170
ACCATCACCCGTATTGGAGT_012,10
TGAATTTCAGACCAACAAGG_001,24
TGAATTTCAGACCAACAAGG_002,194
TGAATTTCAGACCAACAAGG_003,147
TGAATTTCAGACCAACAAGG_004,112
TGAATTTCAGACCAACAAGG_005,148
TGAATTTCAGACCAACAAGG_006,13
TGAATTTCAGACCAACAAGG_007,170
TGAATTTCAGACCAACAAGG_008,76
TGAATTTCAGACCAACAAGG_009,48
CTGTCCTTGTGGCTCCGATG_001,8
CTGTCCTTGTGGCTCCGATG_002,43
CTGTCCTTGTGGCTCCGATG_003,85
CTGTCCTTGTGGCTCCGATG_004,85
CTGTCCTTGTGGCTCCGATG_005,16
CTGTCCTTGTGGCTCCGATG_006,47
CTGTCCTTGTGGCTCCGATG_007,151
CTGTCCTTGTGGCTCCGATG_008,163
CTGTCCTTGTGGCTCCGATG_009,146
CTGTCCTTGTGGCTCCGATG_010,112
CTGTCCTTGTGGCTCCGATG_011,2
CTGTCCTTGTGGCTCCGATG_012,39
CTGTCCTTGTGGCTCCGATG_013,18
CTGTCCTTGTGGCTCCGATG_014,15
CTGTCCTTGTGGCTCCGATG_015,96
CTGTGCTGTATCCCCATGGG_001,153
CTGTGCTGTATCCCCATGGG_002,2
CTGTGCTGTATCCCCATGGG_003,125
GTAATTCCCTTATAGACAAG_001,150
GTAATTCCCTTATAGACAAG_002,11
GTAATTCCCTTATAGACAAG_003,104
GTAATTCCCTTATAGACAAG_004,67
GTAATTCCCTTATAGACAAG_005,169
ATGATGACTGCACCCCGCGG_001,0
ATGATGACTGCACCCCGCGG_002,41
ATGATGACTGCACCCCGCGG_003,184
ATGATGACTGCACCCCGCGG_004,132
ATGATGACTGCACCCCGCGG_005,50
ATGATGACTGCACCCCGCGG_006,78
ATGATGACTGCACCCCGCGG_007,171
ATGATGACTGCACCCCGCGG_008,194
ATGATGACTGCACCCCGCGG_009,50
ATGATGACTGCACCCCGCGG_010,160
ATGATGACTGCACCCCGCGG_011,85
ATGATGACTGCACCCCGCGG_012,138
ATGATGACTGCACCCCGCGG_013,78
ATGATGACTGCACCCCGCGG_014,160
ATGATGACTGCACCCCGCGG_015,36
TTCCACTTGAGTGTTTGTGG_001,127
TTCCACTTGAGTGTTTGTGG_002,78
TTCCACTTGAGTGTTTGTGG_003,191
TTCCACTTGAGTGTTTGTGG_004,53
TTCCACTTGAGTGTTTGTGG_005,53
TTCCACTTGAGTGTTTGTGG_006,15
TTCCACTTGAGTGTTTGTGG_007,2
TTCCACTTGAGTGTTTGTGG_008,130
TTCCACTTGAGTGTTTGTGG_009,103
TTCCACTTGAGTGTTTGTGG_010,55
AGAAAAACGACGAACAGAGG_001,77
AGAAAAACGACGAACAGAGG_002,147
AGAAAAACGACGAACAGAGG_003,116
AGAAAAACGACGAACAGAGG_004,58
AGAAAAACGACGAACAGAGG_005,24
AGAAAAACGACGAACAGAGG_006,48
AGAAAAACGACGAACAGAGG_007,110
AGAAAAACGACGAACAGAGG_008,120
AGAAAAACGACGAACAGAGG_009,141
AGAAAAACGACGAACAGAGG_010,74
AGAAAAACGACGAACAGAGG_011,135
AGAAAAACGACGAACAGAGG_012,58
AGAAAAACGACGAACAGAGG_013,117
AGAAAAACGACGAACAGAGG_014,91
AGAAAAACGACGAACAGAGG_015,175
AGAAAAACGACGAACAGAGG_016,46
AGAAAAACGACGAACAGAGG_017,158
AGAAAAACGACGAACAGAGG_018,120
AGGCAACATGTAGCCGCTGG_001,116
AGGCAACATGTAGCCGCTGG_002,174
AGGCAACATGTAGCCGCTGG_003,36
AGGCAACATGTAGCCGCTGG_004,53
TCCATCCGTAGCACCGAGCA_001,4
TCCATCCGTAGCACCGAGCA_002,119
TCCATCCGTAGCACCGAGCA_003,150
TCCATCCGTAGCACCGAGCA_004,15
TCCATCCGTAGCACCGAGCA_005,7
TCCATCCGTAGCACCGAGCA_006,77
TCCATCCGTAGCACCGAGCA_007,100
TCCATCCGTAGCACCGAGCA_008,83
TCCATCCGTAGCACCGAGCA_009,43
TCCATCCGTAGCACCGAGCA_010,129
TCCATCCGTAGCACCGAGCA_011,165
TCCATCCGTAGCACCGAGCA_012,68
TCCATCCGTAGCACCGAGCA_013,127
TCCATCCGTAGCACCGAGCA_014,158
TGTTGTACTCCACGAAGGAG_001,95
TGTTGTACTCCACGAAGGAG_002,96
TGTTGTACTCCACGAAGGAG_003,24
TGTTGTACTCCACGAAGGAG_004,174
TGTTGTACTCCACGAAGGAG_005,67
TGTTGTACTCCACGAAGGAG_006,68
TGTTGTACTCCACGAAGGAG_007,33
CCGCCAAGGCCATGAATACA_001,151
CCGCCAAGGCCATGAATACA_002,189
CCGCCAAGGCCATGAATACA_003,125
CCGCCAAGGCCATGAATACA_004,3
ACCTGGCCTTGGAACACCAG_001,64
ACCTGGCCTTGGAACACCAG_002,138
ACCTGGCCTTGGAACACCAG_003,68
ACCTGGCCTTGGAACACCAG_004,44
ACCTGGCCTTGGAACACCAG_005,103
ACCTGGCCTTGGAACACCAG_006,145
ACCTGGCCTTGGAACACCAG_007,77
ACCTGGCCTTGGAACACCAG_008,17
ACCTGGCCTTGGAACACCAG_009,60
ACCTGGCCTTGGAACACCAG_010,70
ACCTGGCCTTGGAACACCAG_011,34
TGGTGCTGATAATCGGAGCT_001,181
TGGTGCTGATAATCGGAGCT_002,134
TGGTGCTGATAATCGGAGCT_003,104
TGGTGCTGATAATCGGAGCT_004,162
TGGTGCTGATAATCGGAGCT_005,40
TGGTGCTGATAATCGGAGCT_006,174
TGGTGCTGATAATCGGAGCT_007,145
TGGTGCTGATAATCGGAGCT_008,77
TGGTGCTGATAATCGGAGCT_009,85
TGGTGCTGATAATCGGAGCT_010,17
TGGTGCTGATAATCGGAGCT_011,172
TGGTGCTGATAATCGGAGCT_012,15
TGGTGCTGATAATCGGAGCT_013,6
TGGTGCTGATAATCGGAGCT_014,61
TGGTGCTGATAATCGGAGCT_015,52
TGGTGCTGATAATCGGAGCT_016,104
TGGTGCTGATAATCGGAGCT_017,76
TGGTGCTGATAATCGGAGCT_018,96
TGGTGCTGATAATCGGAGCT_019,96
TGGTGCTGATAATCGGAGCT_020,96
TGGTGCTGATAATCGGAGCT_021,113
TGGTGCTGATAATCGGAGCT_022,138
TGGTGCTGATAATCGGAGCT_023,152
TGGTGCTGATAATCGGAGCT_024,172
TGGTGCTGATAATCGGAGCT_025,199
AGAACTTTCCCCTATACGAG_001,86
AGAACTTTCCCCTATACGAG_002,86
AGAACTTTCCCCTATACGAG_003,113
GATGTCGGAGGTGATAACCT_001,105
GATGTCGGAGGTGATAACCT_002,166
GATGTCGGAGGTGATAACCT_003,28
GATGTCGGAGGTGATAACCT_004,48
GATGTCGGAGGTGATAACCT_005,107
TGCCACAGATACTGTTGACG_001,9
TGCCACAGATACTGTTGACG_002,12
TGCCACAGATACTGTTGACG_003,134
TGCCACAGATACTGTTGACG_004,121
TGCCACAGATACTGTTGACG_005,30
CTGAGGTGCTAACACCACCG_001,174
CTGAGGTGCTAACACCACCG_002,160
CTGAGGTGCTAACACCACCG_003,151
CTGAGGTGCTAACACCACCG_004,56
CTGAGGTGCTAACACCACCG_005,168
CTGAGGTGCTAACACCACCG_006,121
CTGAGGTGCTAACACCACCG_007,147
CTGAGGTGCTAACACCACCG_008,25
GCCACACCGAGGTCTCGGGG_001,79
CCACGTGGACAGGCTTACCG_001,82
CCACGTGGACAGGCTTACCG_002,122
CCACGTGGACAGGCTTACCG_003,184
CCACGTGGACAGGCTTACCG_004,8
CCACGTGGACAGGCTTACCG_005,141
CCACGTGGACAGGCTTACCG_006,53
CCACGTGGACAGGCTTACCG_007,148
CCACGTGGACAGGCTTACCG_008,141
CCACGTGGACAGGCTTACCG_009,102
CCACGTGGACAGGCTTACCG_010,161
CCACGTGGACAGGCTTACCG_011,19
CCACGTGGACAGGCTTACCG_012,165
CCACGTGGACAGGCTTACCG_013,119
CCACGTGGACAGGCTTACCG_014,29
CCACGTGGACAGGCTTACCG_015,75
CCACGTGGACAGGCTTACCG_016,55
CCACGTGGACAGGCTTACCG_017,121
CCACGTGGACAGGCTTACCG_018,186
CCACGTGGACAGGCTTACCG_019,130
CCACGTGGACAGGCTTACCG_020,49
CCACGTGGACAGGCTTACCG_021,6
CCACGTGGACAGGCTTACCG_022,56
CCACGTGGACAGGCTTACCG_023,121
CCACGTGGACAGGCTTACCG_024,154
CCACGTGGACAGGCTTACCG_025,78
CCACGTGGACAGGCTTACCG_026,52
CCACGTGGACAGGCTTACCG_027,117
CCACGTGGACAGGCTTACCG_028,125
ATCCGAGCCAGAGACAACAA_001,118
ATCCGAGCCAGAGACAACAA_002,29
ATCCGAGCCAGAGACAACAA_003,48
ATCCGAGCCAGAGACAACAA_004,172
ATCCGAGCCAGAGACAACAA_005,174
ATCCGAGCCAGAGACAACAA_006,62
ATCCGAGCCAGAGACAACAA_007,119
ATCCGAGCCAGAGACAACAA_008,119
ATCCGAGCCAGAGACAACAA_009,17
ATCCGAGCCAGAGACAACAA_010,58
ATCCGAGCCAGAGACAACAA_011,82
ATCCGAGCCAGAGACAACAA_012,102
ATCCGAGCCAGAGACAACAA_013,48
ATCCGAGCCAGAGACAACAA_014,36
ATCCGAGCCAGAGACAACAA_015,105
ATCCGAGCCAGAGACAACAA_016,105
ATCCGAGCCAGAGACAACAA_017,12
ATCCGAGCCAGAGACAACAA_018,56
ATCCGAGCCAGAGACAACAA_019,31
ATCCGAGCCAGAGACAACAA_020,56
ATCCGAGCCAGAGACAACAA_021,175
ATCCGAGCCAGAGACAACAA_022,120
ATCCGAGCCAGAGACAACAA_023,177
ATCCGAGCCAGAGACAACAA_024,128
GCAATTAGCAAGCATGGACA_001,11
GCAATTAGCAAGCATGGACA_002,188
GCAATTAGCAAGCATGGACA_003,17
GCAATTAGCAAGCATGGACA_004,19
GCAATTAGCAAGCATGGACA_005,70
GGTTGATGGACCCTACACAG_001,125
GGTTGATGGACCCTACACAG_002,38
GGTTGATGGACCCTACACAG_003,118
GGTTGATGGACCCTACACAG_004,62
GGTTGATGGACCCTACACAG_005,57
GGTTGATGGACCCTACACAG_006,2
GGTTGATGGACCCTACACAG_007,62
GGTTGATGGACCCTACACAG_008,10
GGTTGATGGACCCTACACAG_009,47
GGTTGATGGACCCTACACAG_010,168
GGTTGATGGACCCTACACAG_011,137
AAACGGAACTTGCCGCGTCG_001,196
AAACGGAACTTGCCGCGTCG_002,158
AAACGGAACTTGCCGCGTCG_003,83
AAACGGAACTTGCCGCGTCG_004,140
AAACGGAACTTGCCGCGTCG_005,169
AAACGGAACTTGCCGCGTCG_006,32
AAACGGAACTTGCCGCGTCG_007,137
AAACGGAACTTGCCGCGTCG_008,102
AAACGGAACTTGCCGCGTCG_009,88
AAACGGAACTTGCCGCGTCG_010,50
AAACGGAACTTGCCGCGTCG_011,76
AAACGGAACTTGCCGCGTCG_012,17
AAACGGAACTTGCCGCGTCG_013,0
AAACGGAACTTGCCGCGTCG_014,80
AAACGGAACTTGCCGCGTCG_015,97
AAACGGAACTTGCCGCGTCG_016,105
AAACGGAACTTGCCGCGTCG_017,78
AAACGGAACTTGCCGCGTCG_018,43
AAACGGAACTTGCCGCGTCG_019,134
AAACGGAACTTGCCGCGTCG_020,127
AAACGGAACTTGCCGCGTCG_021,69
AAACGGAACTTGCCGCGTCG_022,158
AAACGGAACTTGCCGCGTCG_023,52
AAACGGAACTTGCCGCGTCG_024,78
AAACGGAACTTGCCGCGTCG_025,115
AAACGGAACTTGCCGCGTCG_026,147
AAACGGAACTTGCCGCGTCG_027,6
AAACGGAACTTGCCGCGTCG_028,150
AAACGGAACTTGCCGCGTCG_029,163
AAACGGAACTTGCCGCGTCG_030,67
AAACGGAACTTGCCGCGTCG_031,105
AAACGGAACTTGCCGCGTCG_032,55
AAACGGAACTTGCCGCGTCG_033,129
AAACGGAACTTGCCGCGTCG_034,130
AAACGGAACTTGCCGCGTCG_035,121
AAACGGAACTTGCCGCGTCG_036,152
AAACGGAACTTGCCGCGTCG_037,102
AAACGGAACTTGCCGCGTCG_038,69
AAACGGAACTTGCCGCGTCG_039,34
AAACGGAACTTGCCGCGTCG_040,52
AAACGGAACTTGCCGCGTCG_041,161
AAACGGAACTTGCCGCGTCG_042,111
CCTGCGCGCGCGCTACCATG_001,166
CCTGCGCGCGCGCTACCATG_002,164
CCTGCGCGCGCGCTACCATG_003,43
CCTGCGCGCGCGCTACCATG_004,194
CCTGCGCGCGCGCTACCATG_005,50
CCTGCGCGCGCGCTACCATG_006,137
CCGTAGTCGACGAAGCAGAG_001,15
CCGTAGTCGACGAAGCAGAG_002,127
CCGTAGTCGACGAAGCAGAG_003,141
CCGTAGTCGACGAAGCAGAG_004,33
CCGTAGTCGACGAAGCAGAG_005,176
CCGTAGTCGACGAAGCAGAG_006,127
CCGTAGTCGACGAAGCAGAG_007,56
CCGTAGTCGACGAAGCAGAG_008,138
AGAGTGGAGACCATTGTCCG_001,43
AGAGTGGAGACCATTGTCCG_002,159
AGAGTGGAGACCATTGTCCG_003,27
AGAGTGGAGACCATTGTCCG_004,19
AGAGTGGAGACCATTGTCCG_005,150
AGAGTGGAGACCATTGTCCG_006,106
AGAGTGGAGACCATTGTCCG_007,8
AGAGTGGAGACCATTGTCCG_008,43
AGAGTGGAGACCATTGTCCG_009,62
AGAGTGGAGACCATTGTCCG_010,2
AGAGTGGAGACCATTGTCCG_011,77
AGAGTGGAGACCATTGTCCG_012,198
AGAGTGGAGACCATTGTCCG_013,90
GAAGTATCTATACACACCCC_001,106
GGCGTGGAACACGTTGATGA_001,22
GGCGTGGAACACGTTGATGA_002,158
GGCGTGGAACACGTTGATGA_003,31
GTAACACCCTTCATCCTCCA_001,138
GTAACACCCTTCATCCTCCA_002,14
GTAACACCCTTCATCCTCCA_003,170
GTAACACCCTTCATCCTCCA_004,29
GTAACACCCTTCATCCTCCA_005,175
GTAACACCCTTCATCCTCCA_006,28
GTAACACCCTTCATCCTCCA_007,46
GTAACACCCTTCATCCTCCA_008,88
GATGCGGGGATGCCTATCCA_001,167
GATGCGGGGATGCCTATCCA_002,172
GATGCGGGGATGCCTATCCA_003,41
GATGCGGGGATGCCTATCCA_004,103
GATGCGGGGATGCCTATCCA_005,70
GATGCGGGGATGCCTATCCA_006,104
GATGCGGGGATGCCTATCCA_007,184
GATGCGGGGATGCCTATCCA_008,197
GATGCGGGGATGCCTATCCA_009,3
GTTCACCCATAACCACGATG_001,94
GTTCACCCATAACCACGATG_002,162
GTTCACCCATAACCACGATG_003,160
GTTCACCCATAACCACGATG_004,177
GTTCACCCATAACCACGATG_005,149
GTTCACCCATAACCACGATG_006,158
GTTCACCCATAACCACGATG_007,34
GTTCACCCATAACCACGATG_008,92
GTTCACCCATAACCACGATG_009,137
GTTCACCCATAACCACGATG_010,82
GTTCACCCATAACCACGATG_011,157
GTTCACCCATAACCACGATG_012,120
GTCAGATACAGCCACCTACA_001,151
GTCAGATACAGCCACCTACA_002,151
GTCAGATACAGCCACCTACA_003,184
TCACCGTGTACCGCAATGGG_001,166
TCACCGTGTACCGCAATGGG_002,28
GAAACTGCTTGTGATCGTGG_001,117
GAAACTGCTTGTGATCGTGG_002,23
GAAACTGCTTGTGATCGTGG_003,19
GAGAATCGAAACTGGCTCCG_001,58
GAGAATCGAAACTGGCTCCG_002,22
GAGAATCGAAACTGGCTCCG_003,141
GAGAATCGAAACTGGCTCCG_004,78
GAGAATCGAAACTGGCTCCG_005,48
GAGAATCGAAACTGGCTCCG_006,118
GAGAATCGAAACTGGCTCCG_007,116
GAGAATCGAAACTGGCTCCG_008,126
GAGAATCGAAACTGGCTCCG_009,58
GAGAATCGAAACTGGCTCCG_010,172
GAGAATCGAAACTGGCTCCG_011,103
GAGAATCGAAACTGGCTCCG_012,85
CCTAGCAGTACATACCACCA_001,154
CCTAGCAGTACATACCACCA_002,170
CCTAGCAGTACATACCACCA_003,40
CCTAGCAGTACATACCACCA_004,19
CCTAGCAGTACATACCACCA_005,137
CCTAGCAGTACATACCACCA_006,147
CCTAGCAGTACATACCACCA_007,86
CCTAGCAGTACATACCACCA_008,11
CCTAGCAGTACATACCACCA_009,102
CCTAGCAGTACATACCACCA_010,82
CCTAGCAGTACATACCACCA_011,141
CCTAGCAGTACATACCACCA_012,141
CCTAGCAGTACATACCACCA_013,30
GCACTTCAGTGCCATACAGC_001,86
GCACTTCAGTGCCATACAGC_002,127
GCACTTCAGTGCCATACAGC_003,138
GCACTTCAGTGCCATACAGC_004,188
ATATAATGGCTACACGAGGG_001,148
ATATAATGGCTACACGAGGG_002,137
GGTGGTTCTGACACGAAACA_001,41
GGTGGTTCTGACACGAAACA_002,128
GGTGGTTCTGACACGAAACA_003,65
AAGAAAGTCCTGTCTCATGG_001,117
AAGAAAGTCCTGTCTCATGG_002,56
AAGAAAGTCCTGTCTCATGG_003,140
AAGAAAGTCCTGTCTCATGG_004,175
AAGAAAGTCCTGTCTCATGG_005,158
AAGAAAGTCCTGTCTCATGG_006,28
AAGAAAGTCCTGTCTCATGG_007,27
AAGGCAGACTCGTCGAAGAG_001,7
AAGGCAGACTCGTCGAAGAG_002,62
AAGGCAGACTCGTCGAAGAG_003,159
AAGGCAGACTCGTCGAAGAG_004,188
AAGGCAGACTCGTCGAAGAG_005,150
AAGGCAGACTCGTCGAAGAG_006,75
AGCGGCTGGACTCTATTACC_001,187
AGCGGCTGGACTCTATTACC_002,81
AGCGGCTGGACTCTATTACC_003,84
AGCGGCTGGACTCTATTACC_004,147
AGACACAAGCCTCATAGAGA_001,134
AGACACAAGCCTCATAGAGA_002,196
AGACACAAGCCTCATAGAGA_003,139
AGACACAAGCCTCATAGAGA_004,26
AGACACAAGCCTCATAGAGA_005,46
AGACACAAGCCTCATAGAGA_006,118
AGACACAAGCCTCATAGAGA_007,179
AGACACAAGCCTCATAGAGA_008,189
AGACACAAGCCTCATAGAGA_009,169
AGACACAAGCCTCATAGAGA_010,159
AGACACAAGCCTCATAGAGA_011,4
AGACACAAGCCTCATAGAGA_012,123
AGACACAAGCCTCATAGAGA_013,137
AGACACAAGCCTCATAGAGA_014,166
AGACACAAGCCTCATAGAGA_015,98
AGACACAAGCCTCATAGAGA_016,61
TAAAGTTATGATTGTCATGT_001,188
TAAAGTTATGATTGTCATGT_002,63
TAAAGTTATGATTGTCATGT_003,63
TAAAGTTATGATTGTCATGT_004,67
TAAAGTTATGATTGTCATGT_005,15
TAAAGTTATGATTGTCATGT_006,94
TAAAGTTATGATTGTCATGT_007,137
TAAAGTTATGATTGTCATGT_008,111
AGCGGGTGACTGTGATGCGT_001,138
AGCGGGTGACTGTGATGCGT_002,1
AGCGGGTGACTGTGATGCGT_003,63
AGCGGGTGACTGTGATGCGT_004,102
AGCGGGTGACTGTGATGCGT_005,146
AGCGGGTGACTGTGATGCGT_006,196
AGCGGGTGACTGTGATGCGT_007,16
AGCGGGTGACTGTGATGCGT_008,106
AGCGGGTGACTGTGATGCGT_009,183
AGCGGGTGACTGTGATGCGT_010,124
CATCAGCAACCACACGCACG_001,77
CATCAGCAACCACACGCACG_002,63
CATCAGCAACCACACGCACG_003,3
CATCAGCAACCACACGCACG_004,22
CATCAGCAACCACACGCACG_005,16
CATCAGCAACCACACGCACG_006,63
CATCAGCAACCACACGCACG_007,19
CATCAGCAACCACACGCACG_008,165
CATCAGCAACCACACGCACG_009,150
CATCAGCAACCACACGCACG_010,161
CATCAGCAACCACACGCACG_011,142
CATCAGCAACCACACGCACG_012,55
CTCCATCCGAAAGATCTCGT_001,36
CTCCATCCGAAAGATCTCGT_002,157
CTCCATCCGAAAGATCTCGT_003,137
CTCCATCCGAAAGATCTCGT_004,160
CTCCATCCGAAAGATCTCGT_005,135
CTCCATCCGAAAGATCTCGT_006,196
CTCCATCCGAAAGATCTCGT_007,177
CTCCATCCGAAAGATCTCGT_008,158
CTCCATCCGAAAGATCTCGT_009,176
CTCCATCCGAAAGATCTCGT_010,176
CTCCATCCGAAAGATCTCGT_011,142
CTCCATCCGAAAGATCTCGT_012,3
CTCCATCCGAAAGATCTCGT_013,137
CTCCATCCGAAAGATCTCGT_014,62
TTGAAAAATAAGGTCCCACT_001,26
TTGAAAAATAAGGTCCCACT_002,85
TTGAAAAATAAGGTCCCACT_003,12
TTGAAAAATAAGGTCCCACT_004,8
TTGAAAAATAAGGTCCCACT_005,19
TTGAAAAATAAGGTCCCACT_006,41
AATACTCAGAATTCAGGGCA_001,116
AATACTCAGAATTCAGGGCA_002,188
CAGGCCCAGCTTTAAATGCG_001,174
CAGGCCCAGCTTTAAATGCG_002,156
CAGGCCCAGCTTTAAATGCG_003,43
CAGGCCCAGCTTTAAATGCG_004,43
CATCCCAACGAATTTCCTGT_001,148
CATCCCAACGAATTTCCTGT_002,134
CATCCCAACGAATTTCCTGT_003,29
TTCATGGCTCCAGGCATCAG_001,38
TTCATGGCTCCAGGCATCAG_002,149
TTCATGGCTCCAGGCATCAG_003,28
TTCATGGCTCCAGGCATCAG_004,55
TTCATGGCTCCAGGCATCAG_005,102
TTCATGGCTCCAGGCATCAG_006,185
TTCATGGCTCCAGGCATCAG_007,141
TTCATGGCTCCAGGCATCAG_008,141
TTCATGGCTCCAGGCATCAG_009,147
TTCATGGCTCCAGGCATCAG_010,77
TTCATGGCTCCAGGCATCAG_011,81
TTCATGGCTCCAGGCATCAG_012,76
TTCATGGCTCCAGGCATCAG_013,60
TTCATGGCTCCAGGCATCAG_014,57
TTCATGGCTCCAGGCATCAG_015,43
TTCATGGCTCCAGGCATCAG_016,134
TTCATGGCTCCAGGCATCAG_017,74
TTCATGGCTCCAGGCATCAG_018,88
TTCATGGCTCCAGGCATCAG_019,135
TTCATGGCTCCAGGCATCAG_020,136
TTCATGGCTCCAGGCATCAG_021,180
TTCATGGCTCCAGGCATCAG_022,65
TTCATGGCTCCAGGCATCAG_023,96
TTCATGGCTCCAGGCATCAG_024,154
CAGGGCCGGATGCGAATCTG_001,24
CAGGGCCGGATGCGAATCTG_002,166
CAGGGCCGGATGCGAATCTG_003,118
CAGGGCCGGATGCGAATCTG_004,58
CAGGGCCGGATGCGAATCTG_005,26
CAGGGCCGGATGCGAATCTG_006,52
CAGGGCCGGATGCGAATCTG_007,131
CAGGGCCGGATGCGAATCTG_008,160
CAGGGCCGGATGCGAATCTG_009,58
CAGGGCCGGATGCGAATCTG_010,58
CAGGGCCGGATGCGAATCTG_011,68
CAGGGCCGGATGCGAATCTG_012,88
CAGGGCCGGATGCGAATCTG_013,31
CAGGGCCGGATGCGAATCTG_014,107
CAGGGCCGGATGCGAATCTG_015,94
CAGGGCCGGATGCGAATCTG_016,19
CAGGGCCGGATGCGAATCTG_017,193
CAGGGCCGGATGCGAATCTG_018,84
CAGGGCCGGATGCGAATCTG_019,80
CAGGGCCGGATGCGAATCTG_020,68
CAGGGCCGGATGCGAATCTG_021,23
CAGGGCCGGATGCGAATCTG_022,97
CAGGGCCGGATGCGAATCTG_023,5
CAGGGCCGGATGCGAATCTG_024,152
CAGGGCCGGATGCGAATCTG_025,84
CAGGGCCGGATGCGAATCTG_026,57
CAGGGCCGGATGCGAATCTG_027,115
CAGGGCCGGATGCGAATCTG_028,183
CAGGGCCGGATGCGAATCTG_029,104
CAGGGCCGGATGCGAATCTG_030,184
CAGGGCCGGATGCGAATCTG_031,184
CAGGGCCGGATGCGAATCTG_032,184
CAGGGCCGGATGCGAATCTG_033,188
CAGGGCCGGATGCGAATCTG_034,68
CAGGGCCGGATGCGAATCTG_035,31
AATTCCAGTTAGTATGAATG_001,8
AATTCCAGTTAGTATGAATG_002,197
AATTCCAGTTAGTATGAATG_003,148
AATTCCAGTTAGTATGAATG_004,102
AATTCCAGTTAGTATGAATG_005,183
AATTCCAGTTAGTATGAATG_006,29
AATTCCAGTTAGTATGAATG_007,50
AATTCCAGTTAGTATGAATG_008,101
AATTCCAGTTAGTATGAATG_009,88
AATTCCAGTTAGTATGAATG_010,169
AATTCCAGTTAGTATGAATG_011,198
AATTCCAGTTAGTATGAATG_012,102
TGATTAAAAACCAAAGGACG_001,145
TGATTAAAAACCAAAGGACG_002,19
TGATTAAAAACCAAAGGACG_003,27
TGATTAAAAACCAAAGGACG_004,180
TGATTAAAAACCAAAGGACG_005,77
TGATTAAAAACCAAAGGACG_006,130
AAAAAAATGTCAGTCGAGTG_001,25
AAAAAAATGTCAGTCGAGTG_002,122
AAAAAAATGTCAGTCGAGTG_003,156
AAAAAAATGTCAGTCGAGTG_004,83
AAAAAAATGTCAGTCGAGTG_005,19
AAAAAAATGTCAGTCGAGTG_006,45
CAGGAGGTAGCACTCAACAG_001,160
CAGGAGGTAGCACTCAACAG_002,21
CAGGAGGTAGCACTCAACAG_003,159
CAGGAGGTAGCACTCAACAG_004,66
GGTGTAAAGAGTTGCGAGTG_001,10
GGTGTAAAGAGTTGCGAGTG_002,182
GGTGTAAAGAGTTGCGAGTG_003,182
GGTGTAAAGAGTTGCGAGTG_004,160
GGTGTAAAGAGTTGCGAGTG_005,88
GGTGTAAAGAGTTGCGAGTG_006,145
GGTGTAAAGAGTTGCGAGTG_007,77
GGTGTAAAGAGTTGCGAGTG_008,55
GGTGTAAAGAGTTGCGAGTG_009,85
AATTCCAGATCAACAAATTG_001,108
AATTCCAGATCAACAAATTG_002,88
AATTCCAGATCAACAAATTG_003,12
AATTCCAGATCAACAAATTG_004,176
AATTCCAGATCAACAAATTG_005,110
CCTGCACCCGAGCTTCTGGG_001,76
CCTGCACCCGAGCTTCTGGG_002,82
CCTGCACCCGAGCTTCTGGG_003,93
CCTGCACCCGAGCTTCTGGG_004,130
CCTGCACCCGAGCTTCTGGG_005,117
CCTGCACCCGAGCTTCTGGG_006,158
CCTGCACCCGAGCTTCTGGG_007,56
CCTGCACCCGAGCTTCTGGG_008,199
CCTGCACCCGAGCTTCTGGG_009,184
CCTGCACCCGAGCTTCTGGG_010,15
CCTGCACCCGAGCTTCTGGG_011,44
CCTGCACCCGAGCTTCTGGG_012,114
CCTGCACCCGAGCTTCTGGG_013,138
CCTGCACCCGAGCTTCTGGG_014,27
CCTGCACCCGAGCTTCTGGG_015,36
CCTGCACCCGAGCTTCTGGG_016,40
GTGTCCGTGACGACCCGGAG_001,42
GTGTCCGTGACGACCCGGAG_002,42
GTGTCCGTGACGACCCGGAG_003,54
GTGTCCGTGACGACCCGGAG_004,51
GTGTCCGTGACGACCCGGAG_005,4
GTGTCCGTGACGACCCGGAG_006,117
GTGTCCGTGACGACCCGGAG_007,147
GTGTCCGTGACGACCCGGAG_008,103
GTGTCCGTGACGACCCGGAG_009,68
GTGTCCGTGACGACCCGGAG_010,170
GTGTCCGTGACGACCCGGAG_011,172
GTGTCCGTGACGACCCGGAG_012,89
GTGTCCGTGACGACCCGGAG_013,154
CACGACTAATCTGCTCTCGC_001,134
CACGACTAATCTGCTCTCGC_002,199
CACGACTAATCTGCTCTCGC_003,146
CACGACTAATCTGCTCTCGC_004,155
CACGACTAATCTGCTCTCGC_005,87
CACGACTAATCTGCTCTCGC_006,87
CACGACTAATCTGCTCTCGC_007,103
TGTTGAAGAGTGGACTTCCT_001,26
TGTTGAAGAGTGGACTTCCT_002,151
TGTTGAAGAGTGGACTTCCT_003,160
TGTTGAAGAGTGGACTTCCT_004,76
TGTTGAAGAGTGGACTTCCT_005,88
TGTTGAAGAGTGGACTTCCT_006,90
CATCACCCTGAGAAATCGCT_001,132
CATCACCCTGAGAAATCGCT_002,146
CATCACCCTGAGAAATCGCT_003,184
CATCACCCTGAGAAATCGCT_004,162
CATCACCCTGAGAAATCGCT_005,80
CATCACCCTGAGAAATCGCT_006,177
CATCACCCTGAGAAATCGCT_007,187
CATCACCCTGAGAAATCGCT_008,117
CATCACCCTGAGAAATCGCT_009,168
CATCACCCTGAGAAATCGCT_010,121
CATCACCCTGAGAAATCGCT_011,68
CATCACCCTGAGAAATCGCT_012,108
CATCACCCTGAGAAATCGCT_013,163
CATCACCCTGAGAAATCGCT_014,63
CATCACCCTGAGAAATCGCT_015,177
CATCACCCTGAGAAATCGCT_016,9
CATCACCCTGAGAAATCGCT_017,174
CATCACCCTGAGAAATCGCT_018,78
GGGGCCCAGCTATCCAACCC_001,175
TCTTACCTCCAGATCCTGCA_001,40
TCTTACCTCCAGATCCTGCA_002,107
TCTTACCTCCAGATCCTGCA_003,196
TCTTACCTCCAGATCCTGCA_004,147
TCTTACCTCCAGATCCTGCA_005,184
TCTTACCTCCAGATCCTGCA_006,26
TCTTACCTCCAGATCCTGCA_007,162
TCTTACCTCCAGATCCTGCA_008,118
TCTTACCTCCAGATCCTGCA_009,70
TCTTACCTCCAGATCCTGCA_010,117
TCTTACCTCCAGATCCTGCA_011,143
TCTTACCTCCAGATCCTGCA_012,98
TCTTACCTCCAGATCCTGCA_013,199
TCTTACCTCCAGATCCTGCA_014,42
TCTTACCTCCAGATCCTGCA_015,119
TCTTACCTCCAGATCCTGCA_016,153
TGAGTCGCGAGCCCCAGACA_001,166
TGAGTCGCGAGCCCCAGACA_002,74
TGAGTCGCGAGCCCCAGACA_003,50
TGAGTCGCGAGCCCCAGACA_004,82
TGAGTCGCGAGCCCCAGACA_005,142
TGAGTCGCGAGCCCCAGACA_006,118
AGGCAGGACATAGAACAAGT_001,33
GGGATGGGCCCAACGCACTG_001,191
GGGATGGGCCCAACGCACTG_002,145
GGGATGGGCCCAACGCACTG_003,83
GGGATGGGCCCAACGCACTG_004,151
GGGATGGGCCCAACGCACTG_005,47
GGGATGGGCCCAACGCACTG_006,159
GGGATGGGCCCAACGCACTG_007,63
GGGATGGGCCCAACGCACTG_008,149
GGGATGGGCCCAACGCACTG_009,23
GGGATGGGCCCAACGCACTG_010,8
GGGATGGGCCCAACGCACTG_011,135
GGGATGGGCCCAACGCACTG_012,0
GGGATGGGCCCAACGCACTG_013,170
GGGATGGGCCCAACGCACTG_014,138
GGGATGGGCCCAACGCACTG_015,140
GGGATGGGCCCAACGCACTG_016,78
GGGATGGGCCCAACGCACTG_017,125
GGGATGGGCCCAACGCACTG_018,141
GGGATGGGCCCAACGCACTG_019,57
GGGATGGGCCCAACGCACTG_020,74
GGGATGGGCCCAACGCACTG_021,77
GGGATGGGCCCAACGCACTG_022,97
GGGATGGGCCCAACGCACTG_023,77
GGGATGGGCCCAACGCACTG_024,144
GGGATGGGCCCAACGCACTG_025,162
GGGATGGGCCCAACGCACTG_026,34
GGGATGGGCCCAACGCACTG_027,25
GGGATGGGCCCAACGCACTG_028,147
GGGATGGGCCCAACGCACTG_029,57
GGGATGGGCCCAACGCACTG_030,88
GGGATGGGCCCAACGCACTG_031,170
GGGATGGGCCCAACGCACTG_032,105
GGGATGGGCCCAACGCACTG_033,103
GGGATGGGCCCAACGCACTG_034,65
GGGATGGGCCCAACGCACTG_035,29
GGGATGGGCCCAACGCACTG_036,40
GGGATGGGCCCAACGCACTG_037,25
GGGATGGGCCCAACGCACTG_038,3
CAGTGTCTCAGCTGTATCCA_001,49
CAGTGTCTCAGCTGTATCCA_002,105
CAGTGTCTCAGCTGTATCCA_003,170
CAGTGTCTCAGCTGTATCCA_004,177
CAGTGTCTCAGCTGTATCCA_005,91
CAGTGTCTCAGCTGTATCCA_006,165
CTAACAGGATCTCATCACGC_001,28
CTAACAGGATCTCATCACGC_002,58
AATGAAGGAGCCGATCACAA_001,102
AATGAAGGAGCCGATCACAA_002,23
AATGAAGGAGCCGATCACAA_003,188
AATGAAGGAGCCGATCACAA_004,162
AATGAAGGAGCCGATCACAA_005,196
AATGAAGGAGCCGATCACAA_006,110
AATGAAGGAGCCGATCACAA_007,58
AATGAAGGAGCCGATCACAA_008,42
AATGAAGGAGCCGATCACAA_009,5
AATGAAGGAGCCGATCACAA_010,151
AATGAAGGAGCCGATCACAA_011,146
AATGAAGGAGCCGATCACAA_012,164
AATGAAGGAGCCGATCACAA_013,164
AATGAAGGAGCCGATCACAA_014,101
AATGAAGGAGCCGATCACAA_015,34
AATGAAGGAGCCGATCACAA_016,35
AATGAAGGAGCCGATCACAA_017,28
AATGAAGGAGCCGATCACAA_018,48
AATGAAGGAGCCGATCACAA_019,40
AATGAAGGAGCCGATCACAA_020,183
AATGAAGGAGCCGATCACAA_021,159
AATGAAGGAGCCGATCACAA_022,130
AATGAAGGAGCCGATCACAA_023,16
TGTCATGCTGAACCGCATTG_001,77
TGTCATGCTGAACCGCATTG_002,97
TGTCATGCTGAACCGCATTG_003,198
TGTCATGCTGAACCGCATTG_004,27
TGTCATGCTGAACCGCATTG_005,51
TGTCATGCTGAACCGCATTG_006,16
CTGCGGGGAGGACTCCGTCG_001,28
CTGCGGGGAGGACTCCGTCG_002,128
CTGCGGGGAGGACTCCGTCG_003,13
CTGCGGGGAGGACTCCGTCG_004,68
CTGCGGGGAGGACTCCGTCG_005,51
CTGCGGGGAGGACTCCGTCG_006,161
CTGCGGGGAGGACTCCGTCG_007,52
CTGCGGGGAGGACTCCGTCG_008,153
CTGCGGGGAGGACTCCGTCG_009,1
CTGCGGGGAGGACTCCGTCG_010,168
CTGCGGGGAGGACTCCGTCG_011,152
CTGCGGGGAGGACTCCGTCG_012,85
CTGCGGGGAGGACTCCGTCG_013,136
CTGCGGGGAGGACTCCGTCG_014,115
CTGCGGGGAGGACTCCGTCG_015,34
CTGCGGGGAGGACTCCGTCG_016,116
CTGCGGGGAGGACTCCGTCG_017,26
CTGCGGGGAGGACTCCGTCG_018,156
CTGCGGGGAGGACTCCGTCG_019,10
CTGCGGGGAGGACTCCGTCG_020,70
TGCGGTTGTAAGTTGCTCGG_001,177
TGCGGTTGTAAGTTGCTCGG_002,168
TGCGGTTGTAAGTTGCTCGG_003,63
TGCGGTTGTAAGTTGCTCGG_004,58
TGCGGTTGTAAGTTGCTCGG_005,170
TGCGGTTGTAAGTTGCTCGG_006,82
TGCGGTTGTAAGTTGCTCGG_007,184
TGCGGTTGTAAGTTGCTCGG_008,169
TGCGGTTGTAAGTTGCTCGG_009,130
TGCGGTTGTAAGTTGCTCGG_010,26
TGCGGTTGTAAGTTGCTCGG_011,61
TGCGGTTGTAAGTTGCTCGG_012,98
TGCGGTTGTAAGTTGCTCGG_013,92
TGCGGTTGTAAGTTGCTCGG_014,0
TGCGGTTGTAAGTTGCTCGG_015,118
TGCGGTTGTAAGTTGCTCGG_016,153
TGCGGTTGTAAGTTGCTCGG_017,133
TGCGGTTGTAAGTTGCTCGG_018,115
TGCGGTTGTAAGTTGCTCGG_019,174
TGCGGTTGTAAGTTGCTCGG_020,81
TGCGGTTGTAAGTTGCTCGG_021,57
TGCGGTTGTAAGTTGCTCGG_022,111
TGCGGTTGTAAGTTGCTCGG_023,18
AAGGCTCCCTTATCATATGG_001,150
AAGGCTCCCTTATCATATGG_002,180
GTGAGCCGAATGAAGAAGCG_001,1
GTGAGCCGAATGAAGAAGCG_002,94
GTGAGCCGAATGAAGAAGCG_003,108
GTGAGCCGAATGAAGAAGCG_004,196
GTGAGCCGAATGAAGAAGCG_005,103
GTGAGCCGAATGAAGAAGCG_006,103
GTGAGCCGAATGAAGAAGCG_007,76
TATCTCTGCATAAAAGTGCC_001,136
TATCTCTGCATAAAAGTGCC_002,48
GACCGGGGCATTATTCACCA_001,57
GACCGGGGCATTATTCACCA_002,28
GACCGGGGCATTATTCACCA_003,107
GACCGGGGCATTATTCACCA_004,16
TATGGAGTTTAGGATCAGTG_001,160
TATGGAGTTTAGGATCAGTG_002,191
TATGGAGTTTAGGATCAGTG_003,104
CTCACTCTTCCCGTACCAGG_001,162
CTCACTCTTCCCGTACCAGG_002,153
CTCACTCTTCCCGTACCAGG_003,51
CTCACTCTTCCCGTACCAGG_004,155
CTCACTCTTCCCGTACCAGG_005,9
CTCACTCTTCCCGTACCAGG_006,40
CTCACTCTTCCCGTACCAGG_007,57
CTCACTCTTCCCGTACCAGG_008,35
CTCACTCTTCCCGTACCAGG_009,48
CTCACTCTTCCCGTACCAGG_010,43
CTCACTCTTCCCGTACCAGG_011,188
CTCACTCTTCCCGTACCAGG_012,121
CTCACTCTTCCCGTACCAGG_013,125
CTCACTCTTCCCGTACCAGG_014,67
CTCACTCTTCCCGTACCAGG_015,92
CTCACTCTTCCCGTACCAGG_016,73
CTCACTCTTCCCGTACCAGG_017,71
CTCACTCTTCCCGTACCAGG_018,147
CTCACTCTTCCCGTACCAGG_019,65
CTCACTCTTCCCGTACCAGG_020,46
CTCACTCTTCCCGTACCAGG_021,56
CTCACTCTTCCCGTACCAGG_022,147
CTCACTCTTCCCGTACCAGG_023,160
CCGGAGGGCACTGAAACCAG_001,69
CCGGAGGGCACTGAAACCAG_002,158
GAAGATATTGTCGCTCTGCG_001,80
GAAGATATTGTCGCTCTGCG_002,6
GAAGATATTGTCGCTCTGCG_003,107
GAAGATATTGTCGCTCTGCG_004,182
GAAGATATTGTCGCTCTGCG_005,150
GAAGATATTGTCGCTCTGCG_006,12
GAAGATATTGTCGCTCTGCG_007,142
TCTCTTTCGACTTCCACGGG_001,56
ATGGCAAATTTAAGGCCGGA_001,25
ATGGCAAATTTAAGGCCGGA_002,29
ATGGCAAATTTAAGGCCGGA_003,162
CAAGTCCAAGATTGAAATGG_001,65
CAAGTCCAAGATTGAAATGG_002,163
CAAGTCCAAGATTGAAATGG_003,26
CAAGTCCAAGATTGAAATGG_004,53
CAAGTCCAAGATTGAAATGG_005,61
CAAGTCCAAGATTGAAATGG_006,66
GAGACCTTGGTACAACGCAA_001,29
GAGACCTTGGTACAACGCAA_002,29
GAGACCTTGGTACAACGCAA_003,127
GAGACCTTGGTACAACGCAA_004,77
GAGACCTTGGTACAACGCAA_005,115
GAGACCTTGGTACAACGCAA_006,3
GAGACCTTGGTACAACGCAA_007,150
GAGACCTTGGTACAACGCAA_008,175
GAGACCTTGGTACAACGCAA_009,15
GAGACCTTGGTACAACGCAA_010,165
GAGACCTTGGTACAACGCAA_011,127
GAGACCTTGGTACAACGCAA_012,28
TTACCCACTCCTCGACATTG_001,56
TTACCCACTCCTCGACATTG_002,48
TTACCCACTCCTCGACATTG_003,19
TTACCCACTCCTCGACATTG_004,26
TTACCCACTCCTCGACATTG_005,13
TTACCCACTCCTCGACATTG_006,4
TTACCCACTCCTCGACATTG_007,83
TTACCCACTCCTCGACATTG_008,149
TTACCCACTCCTCGACATTG_009,54
TTACCCACTCCTCGACATTG_010,147
TTACCCACTCCTCGACATTG_011,174
TTACCCACTCCTCGACATTG_012,8
TTACCCACTCCTCGACATTG_013,43
TTACCCACTCCTCGACATTG_014,147
TTACCCACTCCTCGACATTG_015,35
TTACCCACTCCTCGACATTG_016,72
TTACCCACTCCTCGACATTG_017,105
TTACCCACTCCTCGACATTG_018,99
TGGAGCGGTTGAAGCAAGGT_001,168
TGGAGCGGTTGAAGCAAGGT_002,170
TGGAGCGGTTGAAGCAAGGT_003,43
TGGAGCGGTTGAAGCAAGGT_004,49
TGGAGCGGTTGAAGCAAGGT_005,172
TGGAGCGGTTGAAGCAAGGT_006,140
TGGAGCGGTTGAAGCAAGGT_007,182
TGGAGCGGTTGAAGCAAGGT_008,95
TGGAGCGGTTGAAGCAAGGT_009,15
TGGAGCGGTTGAAGCAAGGT_010,56
TGGAGCGGTTGAAGCAAGGT_011,176
TGGAGCGGTTGAAGCAAGGT_012,59
TGGAGCGGTTGAAGCAAGGT_013,97
TGGAGCGGTTGAAGCAAGGT_014,175
TGGAGCGGTTGAAGCAAGGT_015,162
TGGAGCGGTTGAAGCAAGGT_016,132
GAAAATGTGCAATAATCCTT_001,168
GAGGTTCCTCGATAGCCCGG_001,27
GAGGTTCCTCGATAGCCCGG_002,11
GAGGTTCCTCGATAGCCCGG_003,38
GAGGTTCCTCGATAGCCCGG_004,69
GAGGTTCCTCGATAGCCCGG_005,41
CCCATACATCCCCCCGCACG_001,66
CCCATACATCCCCCCGCACG_002,121
CCCATACATCCCCCCGCACG_003,188
CCCATACATCCCCCCGCACG_004,156
CCCATACATCCCCCCGCACG_005,88
CCCATACATCCCCCCGCACG_006,16
CCCATACATCCCCCCGCACG_007,175
CATTTAAAGTGGGCACCGAG_001,141
CATTTAAAGTGGGCACCGAG_002,190
CATTTAAAGTGGGCACCGAG_003,127
CATTTAAAGTGGGCACCGAG_004,48
CATTTAAAGTGGGCACCGAG_005,108
CATTTAAAGTGGGCACCGAG_006,147
CATTTAAAGTGGGCACCGAG_007,30
CATTTAAAGTGGGCACCGAG_008,23
CATTTAAAGTGGGCACCGAG_009,127
CATTTAAAGTGGGCACCGAG_010,73
CATTTAAAGTGGGCACCGAG_011,166
CATTTAAAGTGGGCACCGAG_012,79
TCTTCTCTGAGAATTGAACA_001,13
TCTTCTCTGAGAATTGAACA_002,50
CCATGCTCTCTAGGACGTCG_001,78
CCATGCTCTCTAGGACGTCG_002,176
AGAGAATACATACTACACGA_001,19
AGCATGTCAGACATTCGCAG_001,5
AGCATGTCAGACATTCGCAG_002,145
AGCATGTCAGACATTCGCAG_003,194
AGCATGTCAGACATTCGCAG_004,76
AGCATGTCAGACATTCGCAG_005,173
AGCATGTCAGACATTCGCAG_006,173
AGCATGTCAGACATTCGCAG_007,186
AGCATGTCAGACATTCGCAG_008,119
AGCATGTCAGACATTCGCAG_009,52
AGCATGTCAGACATTCGCAG_010,162
AGCATGTCAGACATTCGCAG_011,166
AGCATGTCAGACATTCGCAG_012,142
AGCATGTCAGACATTCGCAG_013,149
AGCATGTCAGACATTCGCAG_014,33
GACTGTGGATGAATTGCGTG_001,13
GACTGTGGATGAATTGCGTG_002,67
TGTCATTGAGAAACATGCGC_001,14
TGTCATTGAGAAACATGCGC_002,161
TGTCATTGAGAAACATGCGC_003,48
TGTCATTGAGAAACATGCGC_004,133
TGTCATTGAGAAACATGCGC_005,43
TGTCATTGAGAAACATGCGC_006,70
TGTCATTGAGAAACATGCGC_007,98
TGTCATTGAGAAACATGCGC_008,115
TGTCATTGAGAAACATGCGC_009,130
TGTCATTGAGAAACATGCGC_010,88
TGTCATTGAGAAACATGCGC_011,99
TGTCATTGAGAAACATGCGC_012,92
TGTCATTGAGAAACATGCGC_013,182
TGTCATTGAGAAACATGCGC_014,170
TGTCATTGAGAAACATGCGC_015,191
TGTCATTGAGAAACATGCGC_016,113
TGTCATTGAGAAACATGCGC_017,113
TGTCATTGAGAAACATGCGC_018,43
TGTCATTGAGAAACATGCGC_019,19
TGTCATTGAGAAACATGCGC_020,184
TGTCATTGAGAAACATGCGC_021,48
TGACCTACCAAATGGCAAGG_001,57
TCAGAGGCATGGGCATACTT_001,78
TCAGAGGCATGGGCATACTT_002,75
TCAGAGGCATGGGCATACTT_003,191
TCAGAGGCATGGGCATACTT_004,33
TCAGAGGCATGGGCATACTT_005,105
TCAGAGGCATGGGCATACTT_006,197
TCAGAGGCATGGGCATACTT_007,147
TCAGAGGCATGGGCATACTT_008,9
TCAGAGGCATGGGCATACTT_009,24
TCAGAGGCATGGGCATACTT_010,88
TCAGAGGCATGGGCATACTT_011,91
TCAGAGGCATGGGCATACTT_012,8
TCAGAGGCATGGGCATACTT_013,83
TCAGAGGCATGGGCATACTT_014,179
TCAGAGGCATGGGCATACTT_015,100
TCAGAGGCATGGGCATACTT_016,108
TCAGAGGCATGGGCATACTT_017,77
TCAGAGGCATGGGCATACTT_018,80
AGAGGTGAGTGGCTACGATG_001,23
AGAGGTGAGTGGCTACGATG_002,23
AGAGGTGAGTGGCTACGATG_003,139
AGAGGTGAGTGGCTACGATG_004,40
AGAGGTGAGTGGCTACGATG_005,58
AGAGGTGAGTGGCTACGATG_006,60
AGAGGTGAGTGGCTACGATG_007,84
AGAGGTGAGTGGCTACGATG_008,43
CAGATTGAAGTGCTGACCAG_001,77
CAGATTGAAGTGCTGACCAG_002,77
CAGATTGAAGTGCTGACCAG_003,9
CAGATTGAAGTGCTGACCAG_004,1
CAGATTGAAGTGCTGACCAG_005,183
CAGATTGAAGTGCTGACCAG_006,169
CAGATTGAAGTGCTGACCAG_007,60
CAGATTGAAGTGCTGACCAG_008,154
CAGATTGAAGTGCTGACCAG_009,183
CAGATTGAAGTGCTGACCAG_010,188
CAGATTGAAGTGCTGACCAG_011,39
CAGATTGAAGTGCTGACCAG_012,26
CAGATTGAAGTGCTGACCAG_013,150
CAGATTGAAGTGCTGACCAG_014,2
CAGATTGAAGTGCTGACCAG_015,115
CAGATTGAAGTGCTGACCAG_016,19
CAGATTGAAGTGCTGACCAG_017,1
CAGATTGAAGTGCTGACCAG_018,32
CAGATTGAAGTGCTGACCAG_019,15
CAGATTGAAGTGCTGACCAG_020,147
CAGATTGAAGTGCTGACCAG_021,11
CAGATTGAAGTGCTGACCAG_022,148
CAGATTGAAGTGCTGACCAG_023,6
CAGATTGAAGTGCTGACCAG_024,172
CAGATTGAAGTGCTGACCAG_025,15
CAGATTGAAGTGCTGACCAG_026,37
CAGATTGAAGTGCTGACCAG_027,6
CAGATTGAAGTGCTGACCAG_028,47
CAGATTGAAGTGCTGACCAG_029,28
GTATTCTGGGTAGATAGACA_001,172
GTATTCTGGGTAGATAGACA_002,62
GTATTCTGGGTAGATAGACA_003,159
GTATTCTGGGTAGATAGACA_004,102
GTATTCTGGGTAGATAGACA_005,175
GTATTCTGGGTAGATAGACA_006,146
GTATTCTGGGTAGATAGACA_007,57
GTATTCTGGGTAGATAGACA_008,127
GTATTCTGGGTAGATAGACA_009,11
GTATTCTGGGTAGATAGACA_010,151
GTATTCTGGGTAGATAGACA_011,71
GTATTCTGGGTAGATAGACA_012,26
GTATTCTGGGTAGATAGACA_013,58
GTATTCTGGGTAGATAGACA_014,60
ACAGTTTCCGGATGACGTGG_001,137
ACAGTTTCCGGATGACGTGG_002,74
GGACTACCGATGTGTCGAAG_001,53
GGACTACCGATGTGTCGAAG_002,117
GGACTACCGATGTGTCGAAG_003,70
GGACTACCGATGTGTCGAAG_004,195
GGACTACCGATGTGTCGAAG_005,97
GGACTACCGATGTGTCGAAG_006,28
GGACTACCGATGTGTCGAAG_007,196
TGGAAGAACAGACATAGAGT_001,48
TGGAAGAACAGACATAGAGT_002,101
TGGAAGAACAGACATAGAGT_003,26
TGGAAGAACAGACATAGAGT_004,164
GCCTACAGGACCAGCACATG_001,92
GCCTACAGGACCAGCACATG_002,14
GCCTACAGGACCAGCACATG_003,19
GCCTACAGGACCAGCACATG_004,28
GCCTACAGGACCAGCACATG_005,76
GCCTACAGGACCAGCACATG_006,176
GCCTACAGGACCAGCACATG_007,72
GCCTACAGGACCAGCACATG_008,70
GCCTACAGGACCAGCACATG_009,88
GCCTACAGGACCAGCACATG_010,9
GCCTACAGGACCAGCACATG_011,68
GCCTACAGGACCAGCACATG_012,175
GCCTACAGGACCAGCACATG_013,37
GCCTACAGGACCAGCACATG_014,82
GCCTACAGGACCAGCACATG_015,98
GCCTACAGGACCAGCACATG_016,197
GCCTACAGGACCAGCACATG_017,71
GCCTACAGGACCAGCACATG_018,2
GCCTACAGGACCAGCACATG_019,126
GCCTACAGGACCAGCACATG_020,102
GCCTACAGGACCAGCACATG_021,121
GCCTACAGGACCAGCACATG_022,142
GCCTACAGGACCAGCACATG_023,118
GCCTACAGGACCAGCACATG_024,43
GCCTACAGGACCAGCACATG_025,3
GCCTACAGGACCAGCACATG_026,66
GCCTACAGGACCAGCACATG_027,73
AATAGACCCTGAGACACAAA_001,189
AATAGACCCTGAGACACAAA_002,47
AATAGACCCTGAGACACAAA_003,6
AATAGACCCTGAGACACAAA_004,57
GAAAAAGGAACCTCTCCCAG_001,59
GAAAAAGGAACCTCTCCCAG_002,148
GAAAAAGGAACCTCTCCCAG_003,10
GAAAAAGGAACCTCTCCCAG_004,40
GAAAAAGGAACCTCTCCCAG_005,94
GAAAAAGGAACCTCTCCCAG_006,80
GAAAAAGGAACCTCTCCCAG_007,161
GAAAAAGGAACCTCTCCCAG_008,174
GAAAAAGGAACCTCTCCCAG_009,194
GAAAAAGGAACCTCTCCCAG_010,167
GAAAAAGGAACCTCTCCCAG_011,172
GAAAAAGGAACCTCTCCCAG_012,32
GAAAAAGGAACCTCTCCCAG_013,17
GCCAGCGGGAGCACATCGGT_001,188
GCCAGCGGGAGCACATCGGT_002,89
TGGCTGGGCTGGAACGAGGG_001,122
TGGCTGGGCTGGAACGAGGG_002,116
TGGCTGGGCTGGAACGAGGG_003,191
TGGCTGGGCTGGAACGAGGG_004,13
TGGCTGGGCTGGAACGAGGG_005,194
TGGCTGGGCTGGAACGAGGG_006,28
TGGCTGGGCTGGAACGAGGG_007,28
TGGCTGGGCTGGAACGAGGG_008,113
TGGCTGGGCTGGAACGAGGG_009,37
TGGCTGGGCTGGAACGAGGG_010,95
TGGCTGGGCTGGAACGAGGG_011,17
TGGCTGGGCTGGAACGAGGG_012,174
TGGCTGGGCTGGAACGAGGG_013,82
TGGCTGGGCTGGAACGAGGG_014,175
TGGCTGGGCTGGAACGAGGG_015,175
TGGCTGGGCTGGAACGAGGG_016,63
TGGCTGGGCTGGAACGAGGG_017,52
TGGCTGGGCTGGAACGAGGG_018,10
TGGCTGGGCTGGAACGAGGG_019,48
TGGCTGGGCTGGAACGAGGG_020,124
TGGCTGGGCTGGAACGAGGG_021,69
GGAGACCGGCACGAGAAGAG_001,16
GGAGACCGGCACGAGAAGAG_002,131
GGAGACCGGCACGAGAAGAG_003,42
GGAGACCGGCACGAGAAGAG_004,92
GGAGACCGGCACGAGAAGAG_005,147
GCTGAAGCTAAAGATCAACA_001,164
GCTGAAGCTAAAGATCAACA_002,164
GCTGAAGCTAAAGATCAACA_003,41
GCTGAAGCTAAAGATCAACA_004,120
AATTATGGACAGCCCCACGT_001,163
AATTATGGACAGCCCCACGT_002,102
AATTATGGACAGCCCCACGT_003,114
AATTATGGACAGCCCCACGT_004,114
AATTATGGACAGCCCCACGT_005,29
AATTATGGACAGCCCCACGT_006,191
AATTATGGACAGCCCCACGT_007,2
AATTATGGACAGCCCCACGT_008,17
AATTATGGACAGCCCCACGT_009,83
AATTATGGACAGCCCCACGT_010,60
AATTATGGACAGCCCCACGT_011,192
AATTATGGACAGCCCCACGT_012,11
AATTATGGACAGCCCCACGT_013,83
TGGTCCAAATAGTCCTGACA_001,184
TGGTCCAAATAGTCCTGACA_002,60
TGGTCCAAATAGTCCTGACA_003,6
TGGTCCAAATAGTCCTGACA_004,194
TGGTCCAAATAGTCCTGACA_005,48
TGGTCCAAATAGTCCTGACA_006,95
TGGTCCAAATAGTCCTGACA_007,113
TGGTCCAAATAGTCCTGACA_008,81
TGGTCCAAATAGTCCTGACA_009,169
TGGTCCAAATAGTCCTGACA_010,194
TGGTCCAAATAGTCCTGACA_011,139
TGGTCCAAATAGTCCTGACA_012,198
TGGTCCAAATAGTCCTGACA_013,97
TGGTCCAAATAGTCCTGACA_014,151
TGGTCCAAATAGTCCTGACA_015,85
TGGTCCAAATAGTCCTGACA_016,162
TGGTCCAAATAGTCCTGACA_017,90
TGGTCCAAATAGTCCTGACA_018,104
TGGTCCAAATAGTCCTGACA_019,166
TGGTCCAAATAGTCCTGACA_020,95
CTCTTACCGCCCCGGCCCTG_001,50
CTCTTACCGCCCCGGCCCTG_002,114
CTCTTACCGCCCCGGCCCTG_003,181
CTCTTACCGCCCCGGCCCTG_004,92
CTCTTACCGCCCCGGCCCTG_005,13
CTCTTACCGCCCCGGCCCTG_006,105
CTCTTACCGCCCCGGCCCTG_007,70
CTCTTACCGCCCCGGCCCTG_008,144
CTCTTACCGCCCCGGCCCTG_009,85
CTCTTACCGCCCCGGCCCTG_010,170
CTCTTACCGCCCCGGCCCTG_011,158
CTCTTACCGCCCCGGCCCTG_012,9
CTCTTACCGCCCCGGCCCTG_013,166
CTCTTACCGCCCCGGCCCTG_014,158
CTCTTACCGCCCCGGCCCTG_015,17
CTCTTACCGCCCCGGCCCTG_016,146
CTCTTACCGCCCCGGCCCTG_017,44
CTCTTACCGCCCCGGCCCTG_018,3
CTCTTACCGCCCCGGCCCTG_019,102
CTCTTACCGCCCCGGCCCTG_020,138
CTCTTACCGCCCCGGCCCTG_021,17
CTCTTACCGCCCCGGCCCTG_022,136
CTCTTACCGCCCCGGCCCTG_023,76
CTCTTACCGCCCCGGCCCTG_024,167
CTCTTACCGCCCCGGCCCTG_025,167
CTCTTACCGCCCCGGCCCTG_026,159
CTCTTACCGCCCCGGCCCTG_027,70
CTCTTACCGCCCCGGCCCTG_028,35
CTCTTACCGCCCCGGCCCTG_029,5
CTCTTACCGCCCCGGCCCTG_030,19
ATCCTGCTCTGCTGCTTTAG_001,141
ATCCTGCTCTGCTGCTTTAG_002,46
ATCCTGCTCTGCTGCTTTAG_003,1
ATCCTGCTCTGCTGCTTTAG_004,48
ATCCTGCTCTGCTGCTTTAG_005,159
ATCCTGCTCTGCTGCTTTAG_006,59
ATCCTGCTCTGCTGCTTTAG_007,72
ATCCTGCTCTGCTGCTTTAG_008,62
CCCCAACCAGCACCAGACTG_001,34
CCCCAACCAGCACCAGACTG_002,162
CCCCAACCAGCACCAGACTG_003,172
CCCCAACCAGCACCAGACTG_004,1
CCCCAACCAGCACCAGACTG_005,77
CCCCAACCAGCACCAGACTG_006,147
CCCCAACCAGCACCAGACTG_007,119
CCCCAACCAGCACCAGACTG_008,171
CCCCAACCAGCACCAGACTG_009,132
CCCCAACCAGCACCAGACTG_010,180
CCCCAACCAGCACCAGACTG_011,15
CCCCAACCAGCACCAGACTG_012,27
CCCCAACCAGCACCAGACTG_013,158
CCCCAACCAGCACCAGACTG_014,176
CCCCAACCAGCACCAGACTG_015,70
CCCCAACCAGCACCAGACTG_016,66
CCCCAACCAGCACCAGACTG_017,138
CCCCAACCAGCACCAGACTG_018,34
CCCCAACCAGCACCAGACTG_019,33
CCCCAACCAGCACCAGACTG_020,56
CCCCAACCAGCACCAGACTG_021,28
CCCCAACCAGCACCAGACTG_022,48
GCCTGTCATTGGCTGCTCTT_001,121
GCCTGTCATTGGCTGCTCTT_002,165
GCCTGTCATTGGCTGCTCTT_003,94
GCCTGTCATTGGCTGCTCTT_004,53
GCCTGTCATTGGCTGCTCTT_005,192
GCCTGTCATTGGCTGCTCTT_006,178
TCCTTATTCCTAACACGCAG_001,8
TCCTTATTCCTAACACGCAG_002,74
GAATTGAAATCTCCCGAAGG_001,68
GAATTGAAATCTCCCGAAGG_002,191
GAATTGAAATCTCCCGAAGG_003,52
TTATATACAGACCTCATCCA_001,127
TTATATACAGACCTCATCCA_002,48
GTAAAAACATGTAAAAGCAT_001,123
GTAAAAACATGTAAAAGCAT_002,44
GTAAAAACATGTAAAAGCAT_003,199
TAACAATTGGAGAGTCTAGG_001,158
TAACAATTGGAGAGTCTAGG_002,130
TAACAATTGGAGAGTCTAGG_003,175
TAACAATTGGAGAGTCTAGG_004,198
GCAAGAGATACCAAATACTG_001,145
CGTCGGGGAGTATCGCCGGG_001,19
CGTCGGGGAGTATCGCCGGG_002,1
CGTCGGGGAGTATCGCCGGG_003,7
CGTCGGGGAGTATCGCCGGG_004,8
CGTCGGGGAGTATCGCCGGG_005,5
CGTCGGGGAGTATCGCCGGG_006,114
CGTCGGGGAGTATCGCCGGG_007,147
GGCTCAAGGATCCCCCCGCA_001,77
GGCTCAAGGATCCCCCCGCA_002,156
GGCTCAAGGATCCCCCCGCA_003,170
GGCTCAAGGATCCCCCCGCA_004,116
GGCTCAAGGATCCCCCCGCA_005,159
GGCTCAAGGATCCCCCCGCA_006,195
GGCTCAAGGATCCCCCCGCA_007,91
GGCTCAAGGATCCCCCCGCA_008,32
GTTTGTAGCCAGGATGACAG_001,150
GTTTGTAGCCAGGATGACAG_002,76
GTTTGTAGCCAGGATGACAG_003,168
GTTTGTAGCCAGGATGACAG_004,61
GTTTGTAGCCAGGATGACAG_005,77
GTTTGTAGCCAGGATGACAG_006,35
GTTTGTAGCCAGGATGACAG_007,177
GTTTGTAGCCAGGATGACAG_008,160
GTTTGTAGCCAGGATGACAG_009,62
GTTTGTAGCCAGGATGACAG_010,106
GTTTGTAGCCAGGATGACAG_011,130
GTTTGTAGCCAGGATGACAG_012,188
GTTTGTAGCCAGGATGACAG_013,163
GTTTGTAGCCAGGATGACAG_014,194
GTTTGTAGCCAGGATGACAG_015,78
GTTTGTAGCCAGGATGACAG_016,159
GTTTGTAGCCAGGATGACAG_017,131
GTTTGTAGCCAGGATGACAG_018,47
GTTTGTAGCCAGGATGACAG_019,127
GTTTGTAGCCAGGATGACAG_020,56
GTTTGTAGCCAGGATGACAG_021,174
GTTTGTAGCCAGGATGACAG_022,55
GTTTGTAGCCAGGATGACAG_023,32
GTTTGTAGCCAGGATGACAG_024,76
GTTTGTAGCCAGGATGACAG_025,1
GTTTGTAGCCAGGATGACAG_026,170
GTTTGTAGCCAGGATGACAG_027,155
GTTTGTAGCCAGGATGACAG_028,145
GTTTGTAGCCAGGATGACAG_029,61
GTTTGTAGCCAGGATGACAG_030,88
GTTTGTAGCCAGGATGACAG_031,19
GTTTGTAGCCAGGATGACAG_032,62
GTTTGTAGCCAGGATGACAG_033,40
GTTTGTAGCCAGGATGACAG_034,160
GTTTGTAGCCAGGATGACAG_035,37
GTTTGTAGCCAGGATGACAG_036,98
CATTGCACTCGTTGCCAACG_001,95
CATTGCACTCGTTGCCAACG_002,16
CATTGCACTCGTTGCCAACG_003,127
CATTGCACTCGTTGCCAACG_004,51
CATTGCACTCGTTGCCAACG_005,181
CATTGCACTCGTTGCCAACG_006,184
CATTGCACTCGTTGCCAACG_007,137
CATTGCACTCGTTGCCAACG_008,139
CATTGCACTCGTTGCCAACG_009,60
CATTGCACTCGTTGCCAACG_010,20
CATTGCACTCGTTGCCAACG_011,191
CATTGCACTCGTTGCCAACG_012,35
CATTGCACTCGTTGCCAACG_013,118
ACCAAGTATAGGCACAGGGT_001,51
ACCAAGTATAGGCACAGGGT_002,43
ACCAAGTATAGGCACAGGGT_003,4
ACCAAGTATAGGCACAGGGT_004,169
ACCAAGTATAGGCACAGGGT_005,60
ACCAAGTATAGGCACAGGGT_006,31
ACCAAGTATAGGCACAGGGT_007,92
CAAACGTGAACAGAGTTGGC_001,142
CAAACGTGAACAGAGTTGGC_002,78
CAAACGTGAACAGAGTTGGC_003,76
CAAACGTGAACAGAGTTGGC_004,12
CAAACGTGAACAGAGTTGGC_005,92
ACGCTCAGCACCCGCTATGC_001,120
ACGCTCAGCACCCGCTATGC_002,83
ACGCTCAGCACCCGCTATGC_003,111
ACGCTCAGCACCCGCTATGC_004,60
ACGCTCAGCACCCGCTATGC_005,24
ACGCTCAGCACCCGCTATGC_006,121
ACGCTCAGCACCCGCTATGC_007,66
ACGCTCAGCACCCGCTATGC_008,170
ACGCTCAGCACCCGCTATGC_009,50
CGGATCATGGAGCGCCTCAG_001,127
CGGATCATGGAGCGCCTCAG_002,144
CGGATCATGGAGCGCCTCAG_003,177
CGGATCATGGAGCGCCTCAG_004,127
CGGATCATGGAGCGCCTCAG_005,189
CGGATCATGGAGCGCCTCAG_006,125
CGGATCATGGAGCGCCTCAG_007,71
CGGATCATGGAGCGCCTCAG_008,192
CGGATCATGGAGCGCCTCAG_009,104
CGGATCATGGAGCGCCTCAG_010,19
CGGATCATGGAGCGCCTCAG_011,7
CGGATCATGGAGCGCCTCAG_012,88
CGGATCATGGAGCGCCTCAG_013,132
CGGATCATGGAGCGCCTCAG_014,18
CGGATCATGGAGCGCCTCAG_015,181
CGGATCATGGAGCGCCTCAG_016,98
CGGATCATGGAGCGCCTCAG_017,142
GGGCATCCTACTTACTGTGA_001,119
GGGCATCCTACTTACTGTGA_002,47
GGGCATCCTACTTACTGTGA_003,119
GGGCATCCTACTTACTGTGA_004,54
GGGCATCCTACTTACTGTGA_005,96
GGGCATCCTACTTACTGTGA_006,15
GGGCATCCTACTTACTGTGA_007,135
GGGCATCCTACTTACTGTGA_008,66
GGGCATCCTACTTACTGTGA_009,2
GGGCATCCTACTTACTGTGA_010,10
GGGCATCCTACTTACTGTGA_011,13
GGATGCCACATACGACAGCA_001,73
GGATGCCACATACGACAGCA_002,129
GGATGCCACATACGACAGCA_003,48
GGATGCCACATACGACAGCA_004,33
GGATGCCACATACGACAGCA_005,58
GGATGCCACATACGACAGCA_006,17
GGATGCCACATACGACAGCA_007,175
GGATGCCACATACGACAGCA_008,180
CCCTAAGCCAAGGAATTCGG_001,197
CCCTAAGCCAAGGAATTCGG_002,42
CCCTAAGCCAAGGAATTCGG_003,43
CCCTAAGCCAAGGAATTCGG_004,121
AACCCTCCAACAAACCATCG_001,29
AACCCTCCAACAAACCATCG_002,153
AACCCTCCAACAAACCATCG_003,74
AACCCTCCAACAAACCATCG_004,84
AACCCTCCAACAAACCATCG_005,143
AACCCTCCAACAAACCATCG_006,156
AACCCTCCAACAAACCATCG_007,81
AACCCTCCAACAAACCATCG_008,146
AACCCTCCAACAAACCATCG_009,165
AACCCTCCAACAAACCATCG_010,127
AACCCTCCAACAAACCATCG_011,134
GAAAGGCTTCATCTTAACGG_001,62
GCCCTGACAGGCAGTCTCGG_001,49
GCCCTGACAGGCAGTCTCGG_002,36
GCCCTGACAGGCAGTCTCGG_003,15
GCCCTGACAGGCAGTCTCGG_004,50
GCCCTGACAGGCAGTCTCGG_005,67
TGGAACCATAGTAATTGGGA_001,45
GCGCTACTACTCAGCCTGGG_001,12
GCGCTACTACTCAGCCTGGG_002,82
GCGCTACTACTCAGCCTGGG_003,141
GCGCTACTACTCAGCCTGGG_004,70
GCGCTACTACTCAGCCTGGG_005,140
GCGCTACTACTCAGCCTGGG_006,49
GTTTGCAATCAGTGTAACCA_001,129
GTTTGCAATCAGTGTAACCA_002,140
GTTTGCAATCAGTGTAACCA_003,17
GTTTGCAATCAGTGTAACCA_004,41
GTTTGCAATCAGTGTAACCA_005,199
GTTTGCAATCAGTGTAACCA_006,1
GTTTGCAATCAGTGTAACCA_007,94
GTTTGCAATCAGTGTAACCA_008,180
GTTTGCAATCAGTGTAACCA_009,177
GTTTGCAATCAGTGTAACCA_010,74
GTTTGCAATCAGTGTAACCA_011,165
GTTTGCAATCAGTGTAACCA_012,166
GTTTGCAATCAGTGTAACCA_013,107
GTTTGCAATCAGTGTAACCA_014,48
GTTTGCAATCAGTGTAACCA_015,176
AGATTATGCACTGGATGCTG_001,102
AGATTATGCACTGGATGCTG_002,176
AGATTATGCACTGGATGCTG_003,193
AGATTATGCACTGGATGCTG_004,185
AGATTATGCACTGGATGCTG_005,45
AGATTATGCACTGGATGCTG_006,150
AGATTATGCACTGGATGCTG_007,37
AGATTATGCACTGGATGCTG_008,70
AGATTATGCACTGGATGCTG_009,58
AGATTATGCACTGGATGCTG_010,75
AGATTATGCACTGGATGCTG_011,143
AGATTATGCACTGGATGCTG_012,143
AGATTATGCACTGGATGCTG_013,44
AGATTATGCACTGGATGCTG_014,48
AGATTATGCACTGGATGCTG_015,48
AGATTATGCACTGGATGCTG_016,45
AGATTATGCACTGGATGCTG_017,169
AGTGAATTTGCAATGGACTG_001,1
AGTGAATTTGCAATGGACTG_002,2
AGTGAATTTGCAATGGACTG_003,91
AGTGAATTTGCAATGGACTG_004,47
AGTGAATTTGCAATGGACTG_005,83
AGTGAATTTGCAATGGACTG_006,150
AGTGAATTTGCAATGGACTG_007,49
AGTGAATTTGCAATGGACTG_008,100
AGTGAATTTGCAATGGACTG_009,6
AGTGAATTTGCAATGGACTG_010,145
AGTGAATTTGCAATGGACTG_011,40
AGTGAATTTGCAATGGACTG_012,67
AGTGAATTTGCAATGGACTG_013,61
AGTGAATTTGCAATGGACTG_014,9
AGTGAATTTGCAATGGACTG_015,116
AAACTCAGTGACTCGATCCA_001,161
AAACTCAGTGACTCGATCCA_002,23
AAACTCAGTGACTCGATCCA_003,84
AAACTCAGTGACTCGATCCA_004,33
AAACTCAGTGACTCGATCCA_005,17
AAACTCAGTGACTCGATCCA_006,77
AAACTCAGTGACTCGATCCA_007,169
AAACTCAGTGACTCGATCCA_008,81
AAACTCAGTGACTCGATCCA_009,44
AAACTCAGTGACTCGATCCA_010,50
AAACTCAGTGACTCGATCCA_011,41
AAACTCAGTGACTCGATCCA_012,57
AAACTCAGTGACTCGATCCA_013,63
AAACTCAGTGACTCGATCCA_014,68
AAACTCAGTGACTCGATCCA_015,40
AAACTCAGTGACTCGATCCA_016,23
AAACTCAGTGACTCGATCCA_017,70
CTTGCTGAGCCAGTACTATG_001,78
CTTGCTGAGCCAGTACTATG_002,48
CTTGCTGAGCCAGTACTATG_003,169
CTTGCTGAGCCAGTACTATG_004,90
CTTGCTGAGCCAGTACTATG_005,0
CTTGCTGAGCCAGTACTATG_006,62
CTTGCTGAGCCAGTACTATG_007,162
CTTGCTGAGCCAGTACTATG_008,26
CTTGCTGAGCCAGTACTATG_009,138
CTTGCTGAGCCAGTACTATG_010,152
CTTGCTGAGCCAGTACTATG_011,81
GATGATAATCCACGGGTGGT_001,178
GATGATAATCCACGGGTGGT_002,78
GATGATAATCCACGGGTGGT_003,52
GATGATAATCCACGGGTGGT_004,147
GATGATAATCCACGGGTGGT_005,108
GATGATAATCCACGGGTGGT_006,147
GATGATAATCCACGGGTGGT_007,177
GATGATAATCCACGGGTGGT_008,75
GATGATAATCCACGGGTGGT_009,153
GCTCTACATCAAGTGACTCA_001,60
GCTCTACATCAAGTGACTCA_002,175
GCTCTACATCAAGTGACTCA_003,48
GCTCTACATCAAGTGACTCA_004,184
GCTCTACATCAAGTGACTCA_005,63
GCTCTACATCAAGTGACTCA_006,166
GCTGAATCCCAAAAGTACTG_001,108
GCTGAATCCCAAAAGTACTG_002,183
GCTGAATCCCAAAAGTACTG_003,154
GCTGAATCCCAAAAGTACTG_004,35
GCTGAATCCCAAAAGTACTG_005,15
GCTGAATCCCAAAAGTACTG_006,28
GCTGAATCCCAAAAGTACTG_007,49
GCTGAATCCCAAAAGTACTG_008,75
GCTGAATCCCAAAAGTACTG_009,75
GCTGAATCCCAAAAGTACTG_010,127
GCTGAATCCCAAAAGTACTG_011,51
GCTGAATCCCAAAAGTACTG_012,167
GCTGAATCCCAAAAGTACTG_013,167
GCTGAATCCCAAAAGTACTG_014,149
GCTGAATCCCAAAAGTACTG_015,61
TCCATCCTCTCAGTATTGGA_001,178
AGTCATGAATAATTGCTGCA_001,144
AGTCATGAATAATTGCTGCA_002,82
AGTCATGAATAATTGCTGCA_003,187
AGTCATGAATAATTGCTGCA_004,172
GATCGTTCTAACTGGTACCA_001,70
GATCGTTCTAACTGGTACCA_002,91
GATCGTTCTAACTGGTACCA_003,150
GATCGTTCTAACTGGTACCA_004,21
GATCGTTCTAACTGGTACCA_005,61
GATCGTTCTAACTGGTACCA_006,139
GATCGTTCTAACTGGTACCA_007,176
GATCGTTCTAACTGGTACCA_008,182
GATCGTTCTAACTGGTACCA_009,1
GATCGTTCTAACTGGTACCA_010,19
GATCGTTCTAACTGGTACCA_011,98
GATCGTTCTAACTGGTACCA_012,145
GATCGTTCTAACTGGTACCA_013,178
GATCGTTCTAACTGGTACCA_014,152
GATCGTTCTAACTGGTACCA_015,22
GATCGTTCTAACTGGTACCA_016,83
GATCTTTCGGCAACGACTGG_001,113
GATCTTTCGGCAACGACTGG_002,113
GATCTTTCGGCAACGACTGG_003,178
GATCTTTCGGCAACGACTGG_004,191
GAGTGGAAGACGGTTGTGGG_001,102
GAGTGGAAGACGGTTGTGGG_002,163
GAGTGGAAGACGGTTGTGGG_003,103
GAGTGGAAGACGGTTGTGGG_004,31
GAGTGGAAGACGGTTGTGGG_005,141
GAGTGGAAGACGGTTGTGGG_006,137
GAGTGGAAGACGGTTGTGGG_007,118
GCAGTTCCAGACCTCACAGG_001,177
GCAGTTCCAGACCTCACAGG_002,82
GCAGTTCCAGACCTCACAGG_003,23
GCAGTTCCAGACCTCACAGG_004,157
GCAGTTCCAGACCTCACAGG_005,9
GCAGTTCCAGACCTCACAGG_006,162
GCAGTTCCAGACCTCACAGG_007,105
GCAGTTCCAGACCTCACAGG_008,50
GCAGTTCCAGACCTCACAGG_009,161
GCAGTTCCAGACCTCACAGG_010,68
GCAGTTCCAGACCTCACAGG_011,117
GCAGTTCCAGACCTCACAGG_012,99
TCCTAAAGAGATTAATATGC_001,182
TCCTAAAGAGATTAATATGC_002,88
TCCTAAAGAGATTAATATGC_003,177
TCCTAAAGAGATTAATATGC_004,105
TCTTACCTGAACAGCCTCTG_001,48
TCTTACCTGAACAGCCTCTG_002,36
TCTTACCTGAACAGCCTCTG_003,94
TCTTACCTGAACAGCCTCTG_004,170
TCTTACCTGAACAGCCTCTG_005,23
TCTTACCTGAACAGCCTCTG_006,158
TCTTACCTGAACAGCCTCTG_007,101
TCTTACCTGAACAGCCTCTG_008,86
TCTTACCTGAACAGCCTCTG_009,57
TCTTACCTGAACAGCCTCTG_010,134
TCTTACCTGAACAGCCTCTG_011,141
TCTTACCTGAACAGCCTCTG_012,85
TCTTACCTGAACAGCCTCTG_013,130
TCTTACCTGAACAGCCTCTG_014,102
TCTTACCTGAACAGCCTCTG_015,97
TCTTACCTGAACAGCCTCTG_016,61
TCTTACCTGAACAGCCTCTG_017,123
TCTTACCTGAACAGCCTCTG_018,18
TCTTACCTGAACAGCCTCTG_019,42
TCTTACCTGAACAGCCTCTG_020,29
TCTTACCTGAACAGCCTCTG_021,162
CTTACCTCAAGGTATATCAG_001,82
CTTACCTCAAGGTATATCAG_002,88
GAGGAATCCTCAGAGCACAC_001,161
GAGGAATCCTCAGAGCACAC_002,80
GAGGAATCCTCAGAGCACAC_003,102
GAGGAATCCTCAGAGCACAC_004,96
GAGGAATCCTCAGAGCACAC_005,159
GAGGAATCCTCAGAGCACAC_006,78
GAGGAATCCTCAGAGCACAC_007,126
GAGGAATCCTCAGAGCACAC_008,66
GAGGAATCCTCAGAGCACAC_009,174
GAGGAATCCTCAGAGCACAC_010,118
CATCATGTTACACAAAATGG_001,41
CATCATGTTACACAAAATGG_002,163
CATCATGTTACACAAAATGG_003,61
GTATACCTGAGGCGTCATTG_001,145
GTATACCTGAGGCGTCATTG_002,60
GTATACCTGAGGCGTCATTG_003,26
GTATACCTGAGGCGTCATTG_004,52
TTTGATTTACGTGTTTGACG_001,129
TTTGATTTACGTGTTTGACG_002,0
CTCATCTTGGATCTGATCAG_001,126
CTCATCTTGGATCTGATCAG_002,34
CTCATCTTGGATCTGATCAG_003,152
CTCATCTTGGATCTGATCAG_004,153
GAGGTCTTCAACGACGAATG_001,147
GAGGTCTTCAACGACGAATG_002,114
GAGGTCTTCAACGACGAATG_003,58
GAGGTCTTCAACGACGAATG_004,103
GAGGTCTTCAACGACGAATG_005,185
GAGGTCTTCAACGACGAATG_006,118
GAGGTCTTCAACGACGAATG_007,79
GCGGCTATTACCTGCGTCCG_001,10
GCGGCTATTACCTGCGTCCG_002,49
GCGGCTATTACCTGCGTCCG_003,101
GCGGCTATTACCTGCGTCCG_004,51
GCGGCTATTACCTGCGTCCG_005,105
GCGGCTATTACCTGCGTCCG_006,62
GCGGCTATTACCTGCGTCCG_007,179
GCGGCTATTACCTGCGTCCG_008,78
GCGGCTATTACCTGCGTCCG_009,115
GCGGCTATTACCTGCGTCCG_010,115
GCGGCTATTACCTGCGTCCG_011,88
GCGGCTATTACCTGCGTCCG_012,45
GCGGCTATTACCTGCGTCCG_013,112
GGCACGTATGCAGACAAGCA_001,193
GGCACGTATGCAGACAAGCA_002,152
GGCACGTATGCAGACAAGCA_003,143
GGCACGTATGCAGACAAGCA_004,102
GGCACGTATGCAGACAAGCA_005,145
GGCACGTATGCAGACAAGCA_006,198
GGCACGTATGCAGACAAGCA_007,130
GGCACGTATGCAGACAAGCA_008,89
ACACCACTTAGCAAGAAGGA_001,104
ACACCACTTAGCAAGAAGGA_002,93
ACACCACTTAGCAAGAAGGA_003,10
ACACCACTTAGCAAGAAGGA_004,181
ACACCACTTAGCAAGAAGGA_005,15
ACACCACTTAGCAAGAAGGA_006,76
ACACCACTTAGCAAGAAGGA_007,49
ACACCACTTAGCAAGAAGGA_008,145
ACACCACTTAGCAAGAAGGA_009,41
ACACCACTTAGCAAGAAGGA_010,185
ACACCACTTAGCAAGAAGGA_011,154
ACACCACTTAGCAAGAAGGA_012,82
ACACCACTTAGCAAGAAGGA_013,152
ACACCACTTAGCAAGAAGGA_014,72
ACACCACTTAGCAAGAAGGA_015,182
ACACCACTTAGCAAGAAGGA_016,186
ACACCACTTAGCAAGAAGGA_017,62
ACACCACTTAGCAAGAAGGA_018,124
ACACCACTTAGCAAGAAGGA_019,105
ACACCACTTAGCAAGAAGGA_020,0
ACACCACTTAGCAAGAAGGA_021,107
ACACCACTTAGCAAGAAGGA_022,177
ACACCACTTAGCAAGAAGGA_023,112
ACACCACTTAGCAAGAAGGA_024,110
ACACCACTTAGCAAGAAGGA_025,146
ACACCACTTAGCAAGAAGGA_026,170
ACACCACTTAGCAAGAAGGA_027,62
ACACCACTTAGCAAGAAGGA_028,54
ACACCACTTAGCAAGAAGGA_029,123
ACACCACTTAGCAAGAAGGA_030,114
ACACCACTTAGCAAGAAGGA_031,40
ACACCACTTAGCAAGAAGGA_032,91
ACACCACTTAGCAAGAAGGA_033,91
ACACCACTTAGCAAGAAGGA_034,106
ACACCACTTAGCAAGAAGGA_035,161
ACACCACTTAGCAAGAAGGA_036,76
CAGAATCAAGTGGAACCGGA_001,141
CAGAATCAAGTGGAACCGGA_002,137
CAGAATCAAGTGGAACCGGA_003,144
CAGAATCAAGTGGAACCGGA_004,25
GCAGCTGTAACCCCGTGACG_001,162
GCAGCTGTAACCCCGTGACG_002,35
GCAGCTGTAACCCCGTGACG_003,148
GCAGCTGTAACCCCGTGACG_004,68
ACTCATGCTGGAAACGAACT_001,121
ACTCATGCTGGAAACGAACT_002,61
ACTCATGCTGGAAACGAACT_003,76
ACTCATGCTGGAAACGAACT_004,156
ACTCATGCTGGAAACGAACT_005,77
ACTCATGCTGGAAACGAACT_006,151
ACTCATGCTGGAAACGAACT_007,112
ACTCATGCTGGAAACGAACT_008,123
ACTCATGCTGGAAACGAACT_009,160
ACTCATGCTGGAAACGAACT_010,148
ACTCATGCTGGAAACGAACT_011,124
ACTCATGCTGGAAACGAACT_012,40
ACTCATGCTGGAAACGAACT_013,12
ACTCATGCTGGAAACGAACT_014,125
CACCAGTCCCCCAATCCTCA_001,77
CACCAGTCCCCCAATCCTCA_002,158
CACCAGTCCCCCAATCCTCA_003,192
CACCAGTCCCCCAATCCTCA_004,186
CACCAGTCCCCCAATCCTCA_005,65
CACCAGTCCCCCAATCCTCA_006,77
CACCAGTCCCCCAATCCTCA_007,112
CACCAGTCCCCCAATCCTCA_008,97
CACCAGTCCCCCAATCCTCA_009,97
CACCAGTCCCCCAATCCTCA_010,184
CACCAGTCCCCCAATCCTCA_011,172
CACCAGTCCCCCAATCCTCA_012,176
CACCAGTCCCCCAATCCTCA_013,147
CACCAGTCCCCCAATCCTCA_014,177
CACCAGTCCCCCAATCCTCA_015,15
CACCAGTCCCCCAATCCTCA_016,0
CACCAGTCCCCCAATCCTCA_017,3
CACCAGTCCCCCAATCCTCA_018,63
CACCAGTCCCCCAATCCTCA_019,104
GCAGATGGACACGCAGCACA_001,111
GCAGATGGACACGCAGCACA_002,184
GCAGATGGACACGCAGCACA_003,15
GCAGATGGACACGCAGCACA_004,76
GCAGATGGACACGCAGCACA_005,134
GCAGATGGACACGCAGCACA_006,150
GCAGATGGACACGCAGCACA_007,127
GCAGATGGACACGCAGCACA_008,185
GCAGATGGACACGCAGCACA_009,122
GCAGATGGACACGCAGCACA_010,9
GCAGATGGACACGCAGCACA_011,168
GCAGATGGACACGCAGCACA_012,59
GCAGATGGACACGCAGCACA_013,95
GCAGATGGACACGCAGCACA_014,50
GCAGATGGACACGCAGCACA_015,108
GCAGATGGACACGCAGCACA_016,60
GCAGATGGACACGCAGCACA_017,157
GCAGATGGACACGCAGCACA_018,41
GCAGATGGACACGCAGCACA_019,2
GCAGATGGACACGCAGCACA_020,37
GCAGATGGACACGCAGCACA_021,152
GCAGATGGACACGCAGCACA_022,106
GCAGATGGACACGCAGCACA_023,188
GCAGATGGACACGCAGCACA_024,169
GCAGATGGACACGCAGCACA_025,119
GCAGATGGACACGCAGCACA_026,177
GCAGATGGACACGCAGCACA_027,121
TGGCATCTCTGTGTCAACCA_001,172
TGGCATCTCTGTGTCAACCA_002,76
TGGCATCTCTGTGTCAACCA_003,70
TGGCATCTCTGTGTCAACCA_004,0
TGGCATCTCTGTGTCAACCA_005,137
TGGCATCTCTGTGTCAACCA_006,52
TGGCATCTCTGTGTCAACCA_007,131
TGGCATCTCTGTGTCAACCA_008,139
TGGCATCTCTGTGTCAACCA_009,70
TGGCATCTCTGTGTCAACCA_010,31
TGGCATCTCTGTGTCAACCA_011,97
TGGCATCTCTGTGTCAACCA_012,197
TGGCATCTCTGTGTCAACCA_013,46
TGGCATCTCTGTGTCAACCA_014,99
CCAAAAGTCGCCCTCCCGGG_001,49
CCAAAAGTCGCCCTCCCGGG_002,9
CCAAAAGTCGCCCTCCCGGG_003,70
CCAAAAGTCGCCCTCCCGGG_004,70
GTAGGCAAAGGCGAACAGCG_001,98
GTAGGCAAAGGCGAACAGCG_002,62
GTAGGCAAAGGCGAACAGCG_003,88
GTAGGCAAAGGCGAACAGCG_004,179
GTAGGCAAAGGCGAACAGCG_005,165
GTAGGCAAAGGCGAACAGCG_006,17
GTAGGCAAAGGCGAACAGCG_007,94
GTAGGCAAAGGCGAACAGCG_008,8
GTAGGCAAAGGCGAACAGCG_009,80
GTAGGCAAAGGCGAACAGCG_010,76
GTAGGCAAAGGCGAACAGCG_011,106
GTAGGCAAAGGCGAACAGCG_012,178
GTAGGCAAAGGCGAACAGCG_013,148
GTAGGCAAAGGCGAACAGCG_014,96
GTAGGCAAAGGCGAACAGCG_015,69
GTAGGCAAAGGCGAACAGCG_016,78
GTAGGCAAAGGCGAACAGCG_017,1
GTAGGCAAAGGCGAACAGCG_018,136
GTAGGCAAAGGCGAACAGCG_019,77
GTAGGCAAAGGCGAACAGCG_020,10
GTAGGCAAAGGCGAACAGCG_021,27
GTAGGCAAAGGCGAACAGCG_022,89
GTAGGCAAAGGCGAACAGCG_023,61
GTAGGCAAAGGCGAACAGCG_024,91
TTGGGTGGTTTCCATGAGCG_001,60
TTGGGTGGTTTCCATGAGCG_002,45
TTGGGTGGTTTCCATGAGCG_003,185
TTGGGTGGTTTCCATGAGCG_004,43
TTGGGTGGTTTCCATGAGCG_005,75
TTGGGTGGTTTCCATGAGCG_006,87
TTGGGTGGTTTCCATGAGCG_007,105
TTGGGTGGTTTCCATGAGCG_008,172
TTGGGTGGTTTCCATGAGCG_009,2
TTGGGTGGTTTCCATGAGCG_010,46
TTGGGTGGTTTCCATGAGCG_011,137
TTGGGTGGTTTCCATGAGCG_012,119
ACCAATACTCGGTCAAAGAG_001,32
ACCAATACTCGGTCAAAGAG_002,40
TGAAGCATTCTGAATGACCA_001,146
TGAAGCATTCTGAATGACCA_002,178
TGAAGCATTCTGAATGACCA_003,47
TGAAGCATTCTGAATGACCA_004,196
TGAAGCATTCTGAATGACCA_005,129
TGAAGCATTCTGAATGACCA_006,103
GTGACGCTGGCACGGCTGCG_001,107
GTGACGCTGGCACGGCTGCG_002,114
GTGACGCTGGCACGGCTGCG_003,27
GTGACGCTGGCACGGCTGCG_004,41
GTGACGCTGGCACGGCTGCG_005,50
GTGACGCTGGCACGGCTGCG_006,163
GTGACGCTGGCACGGCTGCG_007,182
GTGACGCTGGCACGGCTGCG_008,169
GTGACGCTGGCACGGCTGCG_009,116
GTGACGCTGGCACGGCTGCG_010,41
GTGACGCTGGCACGGCTGCG_011,146
GTGACGCTGGCACGGCTGCG_012,185
GTGACGCTGGCACGGCTGCG_013,165
GTGACGCTGGCACGGCTGCG_014,8
GTGACGCTGGCACGGCTGCG_015,141
GTGACGCTGGCACGGCTGCG_016,149
GTGACGCTGGCACGGCTGCG_017,98
GTGACGCTGGCACGGCTGCG_018,98
GTGACGCTGGCACGGCTGCG_019,15
GTGACGCTGGCACGGCTGCG_020,182
GTGACGCTGGCACGGCTGCG_021,51
GTGACGCTGGCACGGCTGCG_022,19
GTGACGCTGGCACGGCTGCG_023,1
GTGACGCTGGCACGGCTGCG_024,141
GTGACGCTGGCACGGCTGCG_025,71
GTGACGCTGGCACGGCTGCG_026,61
GTGACGCTGGCACGGCTGCG_027,11
GTGACGCTGGCACGGCTGCG_028,118
GTGACGCTGGCACGGCTGCG_029,15
GTGACGCTGGCACGGCTGCG_030,169
GTGACGCTGGCACGGCTGCG_031,116
GTGACGCTGGCACGGCTGCG_032,29
GTGACGCTGGCACGGCTGCG_033,22
GTGACGCTGGCACGGCTGCG_034,172
GTGACGCTGGCACGGCTGCG_035,8
GTGACGCTGGCACGGCTGCG_036,188
GTGACGCTGGCACGGCTGCG_037,138
GTGACGCTGGCACGGCTGCG_038,34
GTGACGCTGGCACGGCTGCG_039,65
GTGACGCTGGCACGGCTGCG_040,2
GACATGCTGGTAAATTGTGC_001,198
GACATGCTGGTAAATTGTGC_002,1
GACATGCTGGTAAATTGTGC_003,20
GACATGCTGGTAAATTGTGC_004,11
GACATGCTGGTAAATTGTGC_005,21
GACATGCTGGTAAATTGTGC_006,105
GACATGCTGGTAAATTGTGC_007,94
GACATGCTGGTAAATTGTGC_008,89
TCTGCAGGTGTGTTACCGAG_001,132
TCAGTCCAGAGTAACACTGA_001,130
TCAGTCCAGAGTAACACTGA_002,36
TCAGTCCAGAGTAACACTGA_003,169
TCAGTCCAGAGTAACACTGA_004,49
GACCTCGAGAAGCACTAAGT_001,184
GACCTCGAGAAGCACTAAGT_002,152
GACCTCGAGAAGCACTAAGT_003,77
GACCTCGAGAAGCACTAAGT_004,143
GACCTCGAGAAGCACTAAGT_005,5
GACCTCGAGAAGCACTAAGT_006,4
GACCTCGAGAAGCACTAAGT_007,101
GACCTCGAGAAGCACTAAGT_008,1
GACCTCGAGAAGCACTAAGT_009,119
GACCTCGAGAAGCACTAAGT_010,112
GACCTCGAGAAGCACTAAGT_011,54
GACCTCGAGAAGCACTAAGT_012,97
GACCTCGAGAAGCACTAAGT_013,97
GACCTCGAGAAGCACTAAGT_014,81
GACCTCGAGAAGCACTAAGT_015,115
GACCTCGAGAAGCACTAAGT_016,9
GACCTCGAGAAGCACTAAGT_017,144
GACCTCGAGAAGCACTAAGT_018,163
GACCTCGAGAAGCACTAAGT_019,60
GACCTCGAGAAGCACTAAGT_020,110
GACCTCGAGAAGCACTAAGT_021,144
GACCTCGAGAAGCACTAAGT_022,90
GACCTCGAGAAGCACTAAGT_023,81
GACCTCGAGAAGCACTAAGT_024,2
GACCTCGAGAAGCACTAAGT_025,39
GACCTCGAGAAGCACTAAGT_026,175
GACCTCGAGAAGCACTAAGT_027,136
GACCTCGAGAAGCACTAAGT_028,170
GACCTCGAGAAGCACTAAGT_029,103
AGTATCGTTGCTGGGCGACG_001,154
AGTATCGTTGCTGGGCGACG_002,85
AGTATCGTTGCTGGGCGACG_003,141
AGTATCGTTGCTGGGCGACG_004,147
AGTATCGTTGCTGGGCGACG_005,94
AGTATCGTTGCTGGGCGACG_006,58
AGTATCGTTGCTGGGCGACG_007,184
AGTATCGTTGCTGGGCGACG_008,25
AGTATCGTTGCTGGGCGACG_009,14
AGTATCGTTGCTGGGCGACG_010,129
AGTATCGTTGCTGGGCGACG_011,7
CCAAATGAATCACGTTTATG_001,29
CCAAATGAATCACGTTTATG_002,78
CCAAATGAATCACGTTTATG_003,62
CCAAATGAATCACGTTTATG_004,67
CGTGCTTGTGTACCGCAACG_001,127
CGTGCTTGTGTACCGCAACG_002,176
CGTGCTTGTGTACCGCAACG_003,169
CGTGCTTGTGTACCGCAACG_004,13
CGTGCTTGTGTACCGCAACG_005,124
CGTGCTTGTGTACCGCAACG_006,126
CCACCAGGAAGACTCCAAAG_001,149
CCACCAGGAAGACTCCAAAG_002,76
CCACCAGGAAGACTCCAAAG_003,177
CCACCAGGAAGACTCCAAAG_004,161
CCACCAGGAAGACTCCAAAG_005,94
CCACCAGGAAGACTCCAAAG_006,43
CCACCAGGAAGACTCCAAAG_007,115
GCCCCCAAGACTGATCATGA_001,20
GCCCCCAAGACTGATCATGA_002,29
GCCCCCAAGACTGATCATGA_003,189
GCCCCCAAGACTGATCATGA_004,197
GCCCCCAAGACTGATCATGA_005,88
GCCCCCAAGACTGATCATGA_006,163
GCCCCCAAGACTGATCATGA_007,109
GCCCCCAAGACTGATCATGA_008,172
GCCCCCAAGACTGATCATGA_009,160
GCCCCCAAGACTGATCATGA_010,16
GCCCCCAAGACTGATCATGA_011,58
GCCCCCAAGACTGATCATGA_012,174
GCCCCCAAGACTGATCATGA_013,195
GCCCCCAAGACTGATCATGA_014,177
GCCCCCAAGACTGATCATGA_015,145
TTTGGTATCATCCACAAGTG_001,58
TTTGGTATCATCCACAAGTG_002,94
GTACGAGGAAAAGTACGATG_001,83
GTACGAGGAAAAGTACGATG_002,150
GTACGAGGAAAAGTACGATG_003,61
GTACGAGGAAAAGTACGATG_004,162
GTACGAGGAAAAGTACGATG_005,8
AACTACTAATAGTAGTTGGG_001,96
AACTACTAATAGTAGTTGGG_002,130
AACTACTAATAGTAGTTGGG_003,103
AACTACTAATAGTAGTTGGG_004,149
AACTACTAATAGTAGTTGGG_005,138
AACTACTAATAGTAGTTGGG_006,159
CAGCACCATGACCACCCCAC_001,69
CAGCACCATGACCACCCCAC_002,163
CAGCACCATGACCACCCCAC_003,121
CAGCACCATGACCACCCCAC_004,123
CAGCACCATGACCACCCCAC_005,17
CAGCACCATGACCACCCCAC_006,121
CAGCACCATGACCACCCCAC_007,35
GAAGATTACTACACATTACT_001,158
TGACAGGCTAGTCACAATGC_001,166
TGACAGGCTAGTCACAATGC_002,78
TGACAGGCTAGTCACAATGC_003,97
ACATCCAGCTCTACTTAGTG_001,94
ACATCCAGCTCTACTTAGTG_002,16
ACATCCAGCTCTACTTAGTG_003,187
ACATCCAGCTCTACTTAGTG_004,124
ACATCCAGCTCTACTTAGTG_005,49
ACATCCAGCTCTACTTAGTG_006,62
CTCACCACCTACTCTACATG_001,133
CTCACCACCTACTCTACATG_002,12
CTCACCACCTACTCTACATG_003,32
CTCACCACCTACTCTACATG_004,117
CTCACCACCTACTCTACATG_005,170
TCCAGTGCCCCCCCAAAGGT_001,25
TCCAGTGCCCCCCCAAAGGT_002,190
TCCAGTGCCCCCCCAAAGGT_003,58
TCCAGTGCCCCCCCAAAGGT_004,122
TCCAGTGCCCCCCCAAAGGT_005,16
TCCAGTGCCCCCCCAAAGGT_006,40
TCCAGTGCCCCCCCAAAGGT_007,147
TCCAGTGCCCCCCCAAAGGT_008,34
TCCAGTGCCCCCCCAAAGGT_009,130
TCCAGTGCCCCCCCAAAGGT_010,52
TCCAGTGCCCCCCCAAAGGT_011,98
TCCAGTGCCCCCCCAAAGGT_012,29
TCCAGTGCCCCCCCAAAGGT_013,186
TGGAAGTTCATGACCCACGC_001,50
TGGAAGTTCATGACCCACGC_002,150
TGGAAGTTCATGACCCACGC_003,177
TGGAAGTTCATGACCCACGC_004,166
TGGAAGTTCATGACCCACGC_005,34
TGGAAGTTCATGACCCACGC_006,38
TGGAAGTTCATGACCCACGC_007,105
TGGAAGTTCATGACCCACGC_008,177
TGGAAGTTCATGACCCACGC_009,5
TGGAAGTTCATGACCCACGC_010,106
TGGAAGTTCATGACCCACGC_011,38
TGGAAGTTCATGACCCACGC_012,78
TGGAAGTTCATGACCCACGC_013,61
TGGAAGTTCATGACCCACGC_014,144
TGGAAGTTCATGACCCACGC_015,99
TGGAAGTTCATGACCCACGC_016,191
TGGAAGTTCATGACCCACGC_017,166
TGGAAGTTCATGACCCACGC_018,188
CCTCTCTTACCTTCAATGCG_001,148
CCTCTCTTACCTTCAATGCG_002,57
CCTCTCTTACCTTCAATGCG_003,185
CCTCTCTTACCTTCAATGCG_004,102
CCTCTCTTACCTTCAATGCG_005,192
TGTATTCCAGGATACACGGG_001,49
TGTATTCCAGGATACACGGG_002,87
TGTATTCCAGGATACACGGG_003,42
TGTATTCCAGGATACACGGG_004,141
TGTATTCCAGGATACACGGG_005,168
CGTAGAGCGACTTGCGCATG_001,32
CGTAGAGCGACTTGCGCATG_002,48
CGTAGAGCGACTTGCGCATG_003,138
ACTATGATTCAACAACAGGG_001,88
ACTATGATTCAACAACAGGG_002,5
ACTATGATTCAACAACAGGG_003,143
ACTATGATTCAACAACAGGG_004,143
ACTATGATTCAACAACAGGG_005,84
ACTATGATTCAACAACAGGG_006,26
ACTATGATTCAACAACAGGG_007,45
ACTATGATTCAACAACAGGG_008,134
ACTATGATTCAACAACAGGG_009,0
ACTATGATTCAACAACAGGG_010,116
ACTATGATTCAACAACAGGG_011,91
AGCAGTCACACTGCAGTCCC_001,149
AGCAGTCACACTGCAGTCCC_002,37
AGCAGTCACACTGCAGTCCC_003,78
AGCAGTCACACTGCAGTCCC_004,98
AGCAGTCACACTGCAGTCCC_005,63
AGCAGTCACACTGCAGTCCC_006,147
AGCAGTCACACTGCAGTCCC_007,35
GCCGTTGTCGAACATGTCGG_001,105
GCCGTTGTCGAACATGTCGG_002,184
GCCGTTGTCGAACATGTCGG_003,196
GCCGTTGTCGAACATGTCGG_004,7
AAACTTACACTGGTTGTGTG_001,12
AAACTTACACTGGTTGTGTG_002,188
AAACTTACACTGGTTGTGTG_003,74
AAACTTACACTGGTTGTGTG_004,145
AAACTTACACTGGTTGTGTG_005,121
AAACTTACACTGGTTGTGTG_006,9
AAACTTACACTGGTTGTGTG_007,49
AAACTTACACTGGTTGTGTG_008,170
AAACTTACACTGGTTGTGTG_009,139
AAACTTACACTGGTTGTGTG_010,93
AAACTTACACTGGTTGTGTG_011,119
AAACTTACACTGGTTGTGTG_012,35
TCAGAGCTGAATCACCCACA_001,116
TCAGAGCTGAATCACCCACA_002,103
TCAGAGCTGAATCACCCACA_003,46
TCAGAGCTGAATCACCCACA_004,107
GCTCTACTCTGTGCATCGGC_001,16
GCTCTACTCTGTGCATCGGC_002,30
GCTCTACTCTGTGCATCGGC_003,91
GCTCTACTCTGTGCATCGGC_004,25
GCTCTACTCTGTGCATCGGC_005,150
GCTCTACTCTGTGCATCGGC_006,169
GCTCTACTCTGTGCATCGGC_007,28
GCTCTACTCTGTGCATCGGC_008,48
GCTCTACTCTGTGCATCGGC_009,28
GCTCTACTCTGTGCATCGGC_010,185
GCTCTACTCTGTGCATCGGC_011,37
GCTCTACTCTGTGCATCGGC_012,17
GCTCTACTCTGTGCATCGGC_013,19
GCTCTACTCTGTGCATCGGC_014,169
GTCACGGTAGAGGATCCTCT_001,147
GTCACGGTAGAGGATCCTCT_002,172
GTCACGGTAGAGGATCCTCT_003,172
GTCACGGTAGAGGATCCTCT_004,103
GTCACGGTAGAGGATCCTCT_005,183
TGCCGGGAGGCAGATGTACA_001,170
TGCCGGGAGGCAGATGTACA_002,78
TGCCGGGAGGCAGATGTACA_003,151
TGCCGGGAGGCAGATGTACA_004,96
TGCCGGGAGGCAGATGTACA_005,126
TGCCGGGAGGCAGATGTACA_006,188
TGCCGGGAGGCAGATGTACA_007,106
TGCCGGGAGGCAGATGTACA_008,58
TGCCGGGAGGCAGATGTACA_009,170
TGCCGGGAGGCAGATGTACA_010,27
TGCCGGGAGGCAGATGTACA_011,169
TGCCGGGAGGCAGATGTACA_012,144
TGCCGGGAGGCAGATGTACA_013,137
TGCCGGGAGGCAGATGTACA_014,26
TGCCGGGAGGCAGATGTACA_015,50
TAGCCACGTACGCATCGCCG_001,10
TAGCCACGTACGCATCGCCG_002,47
TAGCCACGTACGCATCGCCG_003,191
TAGCCACGTACGCATCGCCG_004,50
GTACAACCAGCCCATCAACG_001,84
GTACAACCAGCCCATCAACG_002,177
GTACAACCAGCCCATCAACG_003,21
GTACAACCAGCCCATCAACG_004,21
GTACAACCAGCCCATCAACG_005,25
GTACAACCAGCCCATCAACG_006,137
GTACAACCAGCCCATCAACG_007,15
GTACAACCAGCCCATCAACG_008,188
GTACAACCAGCCCATCAACG_009,193
GTACAACCAGCCCATCAACG_010,125
GTACAACCAGCCCATCAACG_011,77
GTACAACCAGCCCATCAACG_012,28
GTACAACCAGCCCATCAACG_013,97
GTACAACCAGCCCATCAACG_014,136
GTACAACCAGCCCATCAACG_015,43
GTACAACCAGCCCATCAACG_016,64
GTACAACCAGCCCATCAACG_017,8
GTACAACCAGCCCATCAACG_018,58
GTACAACCAGCCCATCAACG_019,198
GTACAACCAGCCCATCAACG_020,197
GTACAACCAGCCCATCAACG_021,49
GTACAACCAGCCCATCAACG_022,56
GTACAACCAGCCCATCAACG_023,136
GTACAACCAGCCCATCAACG_024,182
GTACAACCAGCCCATCAACG_025,158
GTACAACCAGCCCATCAACG_026,144
GTACAACCAGCCCATCAACG_027,157
TCCTATCCACAGGAATTGGT_001,8
TCCTATCCACAGGAATTGGT_002,108
TCCTATCCACAGGAATTGGT_003,50
AAATAAGGGGCTCTACAGAG_001,24
AAATAAGGGGCTCTACAGAG_002,151
AAATAAGGGGCTCTACAGAG_003,43
CCACGTGCGAGGCGAGACCA_001,10
CCACGTGCGAGGCGAGACCA_002,146
CCACGTGCGAGGCGAGACCA_003,160
CCACGTGCGAGGCGAGACCA_004,45
CCACGTGCGAGGCGAGACCA_005,197
CCACGTGCGAGGCGAGACCA_006,150
CCACGTGCGAGGCGAGACCA_007,61
CCACGTGCGAGGCGAGACCA_008,133
CTCGAAGCTGACCCTACATG_001,15
CTCGAAGCTGACCCTACATG_002,197
CTCGAAGCTGACCCTACATG_003,45
GGTTGGTACAACCACCCGTG_001,35
GGTTGGTACAACCACCCGTG_002,199
CAGAGCACTGGAATTCGTCA_001,36
CAGAGCACTGGAATTCGTCA_002,22
CAGAGCACTGGAATTCGTCA_003,188
CAGAGCACTGGAATTCGTCA_004,11
CAGAGCACTGGAATTCGTCA_005,38
CAGAGCACTGGAATTCGTCA_006,15
CAGAGCACTGGAATTCGTCA_007,15
CAGAGCACTGGAATTCGTCA_008,110
CAGAGCACTGGAATTCGTCA_009,177
CAGAGCACTGGAATTCGTCA_010,29
CAGAGCACTGGAATTCGTCA_011,1
CAGAGCACTGGAATTCGTCA_012,63
CAGAGCACTGGAATTCGTCA_013,115
CAGAGCACTGGAATTCGTCA_014,177
TTGCTCCATAGGAAGGCGGT_001,160
TTGCTCCATAGGAAGGCGGT_002,190
TTGCTCCATAGGAAGGCGGT_003,74
TTGCTCCATAGGAAGGCGGT_004,32
TTGCTCCATAGGAAGGCGGT_005,171
TTGCTCCATAGGAAGGCGGT_006,65
TTGCTCCATAGGAAGGCGGT_007,159
GCTTGCGGGCAATGTACCGC_001,29
GCTTGCGGGCAATGTACCGC_002,65
GCTTGCGGGCAATGTACCGC_003,121
GCTTGCGGGCAATGTACCGC_004,56
GCTTGCGGGCAATGTACCGC_005,53
GCTTGCGGGCAATGTACCGC_006,70
GCTTGCGGGCAATGTACCGC_007,42
GCTTGCGGGCAATGTACCGC_008,41
GCTTGCGGGCAATGTACCGC_009,68
GGGCTGTCGAGCGAGCGCCG_001,141
GGGCTGTCGAGCGAGCGCCG_002,40
GGGCTGTCGAGCGAGCGCCG_003,175
GGGCTGTCGAGCGAGCGCCG_004,138
GGGCTGTCGAGCGAGCGCCG_005,175
GGGCTGTCGAGCGAGCGCCG_006,130
GGGCTGTCGAGCGAGCGCCG_007,57
GGGCTGTCGAGCGAGCGCCG_008,15
GGGCTGTCGAGCGAGCGCCG_009,48
GGGCTGTCGAGCGAGCGCCG_010,48
GGGCTGTCGAGCGAGCGCCG_011,99
GGGCTGTCGAGCGAGCGCCG_012,102
GGGCTGTCGAGCGAGCGCCG_013,94
GGGCTGTCGAGCGAGCGCCG_014,29
GGGCTGTCGAGCGAGCGCCG_015,80
GGGCTGTCGAGCGAGCGCCG_016,142
GGGCTGTCGAGCGAGCGCCG_017,168
GGGCTGTCGAGCGAGCGCCG_018,198
GGGCTGTCGAGCGAGCGCCG_019,37
AAAGACATAGATGGTTATGG_001,14
AAAGACATAGATGGTTATGG_002,138
AAAGACATAGATGGTTATGG_003,1
AGCGATGATAAAGTTGAACC_001,127
AGCGATGATAAAGTTGAACC_002,43
CTCCGGACACAAGCTACCAG_001,92
CTCCGGACACAAGCTACCAG_002,42
CTCCGGACACAAGCTACCAG_003,112
CTCCGGACACAAGCTACCAG_004,83
CTCCGGACACAAGCTACCAG_005,63
CTCCGGACACAAGCTACCAG_006,179
CTCCGGACACAAGCTACCAG_007,53
CTCCGGACACAAGCTACCAG_008,125
CTCCGGACACAAGCTACCAG_009,3
CTTGGGGTACCATCCTTACG_001,15
TCAACAACGCGGGTGTGATG_001,190
TCAACAACGCGGGTGTGATG_002,94
TCAACAACGCGGGTGTGATG_003,188
TCAACAACGCGGGTGTGATG_004,147
TCAACAACGCGGGTGTGATG_005,137
TCAACAACGCGGGTGTGATG_006,115
TCAACAACGCGGGTGTGATG_007,43
TCAACAACGCGGGTGTGATG_008,32
TCAACAACGCGGGTGTGATG_009,19
TCAACAACGCGGGTGTGATG_010,19
TCAACAACGCGGGTGTGATG_011,149
CAGAAGACGGAGGTGGTGTG_001,141
CAGAAGACGGAGGTGGTGTG_002,177
CAGAAGACGGAGGTGGTGTG_003,0
CAGAAGACGGAGGTGGTGTG_004,140
CAGAAGACGGAGGTGGTGTG_005,127
CAGAAGACGGAGGTGGTGTG_006,82
CAGAAGACGGAGGTGGTGTG_007,83
CAGAAGACGGAGGTGGTGTG_008,126
CAGAAGACGGAGGTGGTGTG_009,60
CAGAAGACGGAGGTGGTGTG_010,198
CAGAAGACGGAGGTGGTGTG_011,137
CAGAAGACGGAGGTGGTGTG_012,107
CAGAAGACGGAGGTGGTGTG_013,172
CAGAAGACGGAGGTGGTGTG_014,177
CAGAAGACGGAGGTGGTGTG_015,144
CAGAAGACGGAGGTGGTGTG_016,77
CAGAAGACGGAGGTGGTGTG_017,77
AATCTCGCAAGTCTTCCAGA_001,117
AATCTCGCAAGTCTTCCAGA_002,19
TCACTGAACTGCTCGGGCTG_001,8
TCACTGAACTGCTCGGGCTG_002,151
TCACTGAACTGCTCGGGCTG_003,17
TCACTGAACTGCTCGGGCTG_004,77
TCACTGAACTGCTCGGGCTG_005,112
TCACTGAACTGCTCGGGCTG_006,42
TCACTGAACTGCTCGGGCTG_007,44
TCACTGAACTGCTCGGGCTG_008,169
TCACTGAACTGCTCGGGCTG_009,48
TCACTGAACTGCTCGGGCTG_010,35
TCACTGAACTGCTCGGGCTG_011,56
TCACTGAACTGCTCGGGCTG_012,176
TCACTGAACTGCTCGGGCTG_013,50
TCACTGAACTGCTCGGGCTG_014,191
TCACTGAACTGCTCGGGCTG_015,46
TCACTGAACTGCTCGGGCTG_016,93
ATGATGAGGGCAGAAACCTG_001,72
ATGATGAGGGCAGAAACCTG_002,77
ATGATGAGGGCAGAAACCTG_003,151
ATGATGAGGGCAGAAACCTG_004,167
ATGATGAGGGCAGAAACCTG_005,51
ATGATGAGGGCAGAAACCTG_006,0
ATGATGAGGGCAGAAACCTG_007,148
ATGATGAGGGCAGAAACCTG_008,134
ATGATGAGGGCAGAAACCTG_009,121
ATGATGAGGGCAGAAACCTG_010,58
ATGATGAGGGCAGAAACCTG_011,183
ATGATGAGGGCAGAAACCTG_012,56
ATGATGAGGGCAGAAACCTG_013,135
ATGATGAGGGCAGAAACCTG_014,178
ATGATGAGGGCAGAAACCTG_015,130
ATGATGAGGGCAGAAACCTG_016,66
ATGATGAGGGCAGAAACCTG_017,66
ATGATGAGGGCAGAAACCTG_018,162
ATGATGAGGGCAGAAACCTG_019,130
ATGATGAGGGCAGAAACCTG_020,18
CCAGCACACAGAGACCGGTG_001,69
CCAGCACACAGAGACCGGTG_002,52
GCTTCCGGATCTGCTGACCT_001,150
GCTTCCGGATCTGCTGACCT_002,29
GCTTCCGGATCTGCTGACCT_003,160
GTGACAGGAACTCCCTCGAA_001,42
GTGACAGGAACTCCCTCGAA_002,67
GTGACAGGAACTCCCTCGAA_003,7
GTGACAGGAACTCCCTCGAA_004,54
GTGACAGGAACTCCCTCGAA_005,49
GTGACAGGAACTCCCTCGAA_006,2
GTGACAGGAACTCCCTCGAA_007,121
TGGGCACGACATCAGAACGC_001,131
TTGAAAGGAACACTCTCACA_001,105
TTGAAAGGAACACTCTCACA_002,14
TTGAAAGGAACACTCTCACA_003,4
TTGAAAGGAACACTCTCACA_004,75
CTCATCACCGACAAGTTCTG_001,149
CTCATCACCGACAAGTTCTG_002,2
CTCATCACCGACAAGTTCTG_003,127
CTCATCACCGACAAGTTCTG_004,94
CTCATCACCGACAAGTTCTG_005,6
CTCATCACCGACAAGTTCTG_006,185
CTCATCACCGACAAGTTCTG_007,3
CTCATCACCGACAAGTTCTG_008,43
CTCATCACCGACAAGTTCTG_009,99
CTCATCACCGACAAGTTCTG_010,186
CTCATCACCGACAAGTTCTG_011,29
CTCATCACCGACAAGTTCTG_012,149
CTCATCACCGACAAGTTCTG_013,159
CTCATCACCGACAAGTTCTG_014,189
CTCATCACCGACAAGTTCTG_015,160
CTCATCACCGACAAGTTCTG_016,60
CTCATCACCGACAAGTTCTG_017,191
CTCATCACCGACAAGTTCTG_018,63
CTCATCACCGACAAGTTCTG_019,19
CTCATCACCGACAAGTTCTG_020,172
CTCATCACCGACAAGTTCTG_021,9
TGCTAGTAGCTGCCAAGCAG_001,115
TGCTAGTAGCTGCCAAGCAG_002,106
TGCTAGTAGCTGCCAAGCAG_003,168
TGCTAGTAGCTGCCAAGCAG_004,30
TGCTAGTAGCTGCCAAGCAG_005,162
TGCTAGTAGCTGCCAAGCAG_006,26
TGCTAGTAGCTGCCAAGCAG_007,47
TGCTAGTAGCTGCCAAGCAG_008,1
TGCTAGTAGCTGCCAAGCAG_009,78
TGCTAGTAGCTGCCAAGCAG_010,185
TGCTAGTAGCTGCCAAGCAG_011,146
TGCTAGTAGCTGCCAAGCAG_012,29
TGCTAGTAGCTGCCAAGCAG_013,119
TGCTAGTAGCTGCCAAGCAG_014,57
TGCTAGTAGCTGCCAAGCAG_015,115
TGCTAGTAGCTGCCAAGCAG_016,178
TGCTAGTAGCTGCCAAGCAG_017,118
TGCTAGTAGCTGCCAAGCAG_018,98
TGCTAGTAGCTGCCAAGCAG_019,177
AAAAAACAGATGCCACCTGT_001,73
ACATGGGAGTCTCGGCCGAG_001,113
ACATGGGAGTCTCGGCCGAG_002,77
ACATGGGAGTCTCGGCCGAG_003,54
ACATGGGAGTCTCGGCCGAG_004,194
ACATGGGAGTCTCGGCCGAG_005,73
ACATGGGAGTCTCGGCCGAG_006,142
ACATGGGAGTCTCGGCCGAG_007,177
ACATGGGAGTCTCGGCCGAG_008,107
ACATGGGAGTCTCGGCCGAG_009,83
ACATGGGAGTCTCGGCCGAG_010,15
ACATGGGAGTCTCGGCCGAG_011,168
ACATGGGAGTCTCGGCCGAG_012,15
ACATGGGAGTCTCGGCCGAG_013,148
ACATGGGAGTCTCGGCCGAG_014,184
ACATGGGAGTCTCGGCCGAG_015,154
ACATGGGAGTCTCGGCCGAG_016,103
ACATGGGAGTCTCGGCCGAG_017,40
ACATGGGAGTCTCGGCCGAG_018,166
ACATGGGAGTCTCGGCCGAG_019,119
ACATGGGAGTCTCGGCCGAG_020,122
ACATGGGAGTCTCGGCCGAG_021,61
ACATGGGAGTCTCGGCCGAG_022,82
ACATGGGAGTCTCGGCCGAG_023,4
ACATGGGAGTCTCGGCCGAG_024,58
ACATGGGAGTCTCGGCCGAG_025,160
ACATGGGAGTCTCGGCCGAG_026,73
ACATGGGAGTCTCGGCCGAG_027,187
ACATGGGAGTCTCGGCCGAG_028,47
ACATGGGAGTCTCGGCCGAG_029,47
ACATGGGAGTCTCGGCCGAG_030,36
ACATGGGAGTCTCGGCCGAG_031,31
ACATGGGAGTCTCGGCCGAG_032,83
ACATGGGAGTCTCGGCCGAG_033,129
ACATGGGAGTCTCGGCCGAG_034,180
ACATGGGAGTCTCGGCCGAG_035,120
ACATGGGAGTCTCGGCCGAG_036,98
ACATGGGAGTCTCGGCCGAG_037,158
ACATGGGAGTCTCGGCCGAG_038,147
ACATGGGAGTCTCGGCCGAG_039,148
CAGCTGAGTAGTGATGAGAG_001,106
CAGCTGAGTAGTGATGAGAG_002,64
CAGCTGAGTAGTGATGAGAG_003,126
CAGCTGAGTAGTGATGAGAG_004,72
CAGCTGAGTAGTGATGAGAG_005,121
ATCTAAGCAAAGGAACTGGT_001,81
ATCTAAGCAAAGGAACTGGT_002,130
ATCTAAGCAAAGGAACTGGT_003,80
ATCTAAGCAAAGGAACTGGT_004,5
ATCTAAGCAAAGGAACTGGT_005,176
ATCTAAGCAAAGGAACTGGT_006,56
ATCTAAGCAAAGGAACTGGT_007,27
ATCTAAGCAAAGGAACTGGT_008,19
CCCCTACCCGCTAATCCTCG_001,160
CCCCTACCCGCTAATCCTCG_002,68
CCCCTACCCGCTAATCCTCG_003,160
CCCCTACCCGCTAATCCTCG_004,120
CCCCTACCCGCTAATCCTCG_005,60
CCCCTACCCGCTAATCCTCG_006,162
CCCCTACCCGCTAATCCTCG_007,114
CCCCTACCCGCTAATCCTCG_008,28
CCCCTACCCGCTAATCCTCG_009,106
CCCCTACCCGCTAATCCTCG_010,46
CCCCTACCCGCTAATCCTCG_011,130
CCCCTACCCGCTAATCCTCG_012,144
CCCCTACCCGCTAATCCTCG_013,188
GACTCACCTGAAATCTGTAG_001,15
GACTCACCTGAAATCTGTAG_002,76
TCAAATTTGTCCGAAGCCGT_001,48
TCAAATTTGTCCGAAGCCGT_002,91
TCAAATTTGTCCGAAGCCGT_003,149
TCAAATTTGTCCGAAGCCGT_004,72
TCTACAAGGAAGTCTTCACG_001,165
TCTACAAGGAAGTCTTCACG_002,174
TCTACAAGGAAGTCTTCACG_003,130
TCTACAAGGAAGTCTTCACG_004,127
TCTACAAGGAAGTCTTCACG_005,12
TCTACAAGGAAGTCTTCACG_006,22
ATATATAGGATTAACCACTG_001,62
ATATATAGGATTAACCACTG_002,166
ATATATAGGATTAACCACTG_003,154
ATATATAGGATTAACCACTG_004,76
ATATATAGGATTAACCACTG_005,141
ATATATAGGATTAACCACTG_006,105
ATATATAGGATTAACCACTG_007,85
ATATATAGGATTAACCACTG_008,18
TGGCTCCCAGGACTGAAAGG_001,95
TGGCTCCCAGGACTGAAAGG_002,86
CACAAGACAAGGGTTCCTTG_001,69
CACAAGACAAGGGTTCCTTG_002,130
CACAAGACAAGGGTTCCTTG_003,62
CACAAGACAAGGGTTCCTTG_004,42
CACAAGACAAGGGTTCCTTG_005,93
CACAAGACAAGGGTTCCTTG_006,19
CACAAGACAAGGGTTCCTTG_007,183
CACAAGACAAGGGTTCCTTG_008,189
CACAAGACAAGGGTTCCTTG_009,20
CACAAGACAAGGGTTCCTTG_010,176
CACAAGACAAGGGTTCCTTG_011,199
GGATGACAAGACCAAAGGTG_001,121
GGATGACAAGACCAAAGGTG_002,174
GGATGACAAGACCAAAGGTG_003,127
GGATGACAAGACCAAAGGTG_004,62
GGATGACAAGACCAAAGGTG_005,61
GGATGACAAGACCAAAGGTG_006,20
GGATGACAAGACCAAAGGTG_007,171
GGATGACAAGACCAAAGGTG_008,121
GGATGACAAGACCAAAGGTG_009,148
GGATGACAAGACCAAAGGTG_010,147
GGATGACAAGACCAAAGGTG_011,117
GGATGACAAGACCAAAGGTG_012,168
GGATGACAAGACCAAAGGTG_013,15
GGATGACAAGACCAAAGGTG_014,199
GGATGACAAGACCAAAGGTG_015,199
GGATGACAAGACCAAAGGTG_016,61
GGATGACAAGACCAAAGGTG_017,29
GGATGACAAGACCAAAGGTG_018,14
GGATGACAAGACCAAAGGTG_019,68
GGATGACAAGACCAAAGGTG_020,127
GGATGACAAGACCAAAGGTG_021,27
GGATGACAAGACCAAAGGTG_022,126
TTCTGGACTGGTGTTATGGG_001,121
TTCTGGACTGGTGTTATGGG_002,152
TTCTGGACTGGTGTTATGGG_003,83
TTCTGGACTGGTGTTATGGG_004,15
TTCTGGACTGGTGTTATGGG_005,78
TTCTGGACTGGTGTTATGGG_006,12
TTCTGGACTGGTGTTATGGG_007,175
TTCTGGACTGGTGTTATGGG_008,156
TTCTGGACTGGTGTTATGGG_009,27
TTCTGGACTGGTGTTATGGG_010,58
TTCTGGACTGGTGTTATGGG_011,127
TTCTGGACTGGTGTTATGGG_012,153
TTCTGGACTGGTGTTATGGG_013,11
TTCTGGACTGGTGTTATGGG_014,110
TTCTGGACTGGTGTTATGGG_015,42
TTCTGGACTGGTGTTATGGG_016,121
TTCTGGACTGGTGTTATGGG_017,170
TTCTGGACTGGTGTTATGGG_018,10
TTCTGGACTGGTGTTATGGG_019,40
TTCTGGACTGGTGTTATGGG_020,19
GGCCACTCCGTTCCCCAGCG_001,27
GGCCACTCCGTTCCCCAGCG_002,27
GGCCACTCCGTTCCCCAGCG_003,175
GGCCACTCCGTTCCCCAGCG_004,175
GGCCACTCCGTTCCCCAGCG_005,150
GGCCACTCCGTTCCCCAGCG_006,93
GGCCACTCCGTTCCCCAGCG_007,17
GGCCACTCCGTTCCCCAGCG_008,28
TACACGGTGTTTGACGCAGA_001,15
TGGACCGGTACAACTGGCAA_001,9
TGGACCGGTACAACTGGCAA_002,165
TGGACCGGTACAACTGGCAA_003,87
TGGACCGGTACAACTGGCAA_004,76
TGGACCGGTACAACTGGCAA_005,148
TGGACCGGTACAACTGGCAA_006,90
TGGACCGGTACAACTGGCAA_007,29
TGGACCGGTACAACTGGCAA_008,129
TGGACCGGTACAACTGGCAA_009,197
TGGACCGGTACAACTGGCAA_010,175
TGGACCGGTACAACTGGCAA_011,42
TGGACCGGTACAACTGGCAA_012,41
GGCTTCCGAAGATCTTCTCA_001,106
GGCTTCCGAAGATCTTCTCA_002,12
GGCTTCCGAAGATCTTCTCA_003,132
GGCTTCCGAAGATCTTCTCA_004,61
TGGCGGCGTACAGCATGGCG_001,81
TGGCGGCGTACAGCATGGCG_002,94
TGGCGGCGTACAGCATGGCG_003,182
TGGCGGCGTACAGCATGGCG_004,182
TGGCGGCGTACAGCATGGCG_005,12
TGGCGGCGTACAGCATGGCG_006,35
TGGCGGCGTACAGCATGGCG_007,129
TGGCGGCGTACAGCATGGCG_008,4
TGGCGGCGTACAGCATGGCG_009,7
TGGCGGCGTACAGCATGGCG_010,45
TGGCGGCGTACAGCATGGCG_011,145
TGGCGGCGTACAGCATGGCG_012,146
TGGCGGCGTACAGCATGGCG_013,29
TGGCGGCGTACAGCATGGCG_014,140
TGGCGGCGTACAGCATGGCG_015,191
TGGCGGCGTACAGCATGGCG_016,110
TGGCGGCGTACAGCATGGCG_017,48
TGGCGGCGTACAGCATGGCG_018,150
TGGCGGCGTACAGCATGGCG_019,127
GCCAGCGGTACTCATACTTG_001,181
GCCAGCGGTACTCATACTTG_002,184
GCCAGCGGTACTCATACTTG_003,60
GTACGGAGTTGAGAGGGACA_001,29
GTACGGAGTTGAGAGGGACA_002,1
GTACGGAGTTGAGAGGGACA_003,48
GTACGGAGTTGAGAGGGACA_004,34
GTACGGAGTTGAGAGGGACA_005,78
GTACGGAGTTGAGAGGGACA_006,48
GTACGGAGTTGAGAGGGACA_007,194
GTACGGAGTTGAGAGGGACA_008,33
GTACGGAGTTGAGAGGGACA_009,182
GTACGGAGTTGAGAGGGACA_010,184
GTACGGAGTTGAGAGGGACA_011,166
GTACGGAGTTGAGAGGGACA_012,49
GTACGGAGTTGAGAGGGACA_013,3
GTACGGAGTTGAGAGGGACA_014,188
GTACGGAGTTGAGAGGGACA_015,56
GGAGTGTAAAGCATCTTGGG_001,66
GGAGTGTAAAGCATCTTGGG_002,1
GGAGTGTAAAGCATCTTGGG_003,38
GGAGTGTAAAGCATCTTGGG_004,23
GGAGTGTAAAGCATCTTGGG_005,147
GGAGTGTAAAGCATCTTGGG_006,89
GGAGTGTAAAGCATCTTGGG_007,9
GGAGTGTAAAGCATCTTGGG_008,188
GGAGTGTAAAGCATCTTGGG_009,86
GGAGTGTAAAGCATCTTGGG_010,9
GGAGTGTAAAGCATCTTGGG_011,198
GGAGTGTAAAGCATCTTGGG_012,144
GGAGTGTAAAGCATCTTGGG_013,78
GGAGTGTAAAGCATCTTGGG_014,192
GGAGTGTAAAGCATCTTGGG_015,174
GGAGTGTAAAGCATCTTGGG_016,126
GGAGTGTAAAGCATCTTGGG_017,190
GTTCATTAAAATCGATGGCA_001,199
GTTCATTAAAATCGATGGCA_002,193
GTTCATTAAAATCGATGGCA_003,4
GTTCATTAAAATCGATGGCA_004,140
GTTCATTAAAATCGATGGCA_005,169
GTTCATTAAAATCGATGGCA_006,82
GTTCATTAAAATCGATGGCA_007,173
GTTCATTAAAATCGATGGCA_008,63
GTTCATTAAAATCGATGGCA_009,19
GTTCATTAAAATCGATGGCA_010,146
AGATAACACTTGTGCGCGAC_001,118
AGATAACACTTGTGCGCGAC_002,34
AGATAACACTTGTGCGCGAC_003,15
AGATAACACTTGTGCGCGAC_004,78
AGATAACACTTGTGCGCGAC_005,77
CTTGCTAAAGTCTCCAACTG_001,194
CTTGCTAAAGTCTCCAACTG_002,77
CTTGCTAAAGTCTCCAACTG_003,139
CTTGCTAAAGTCTCCAACTG_004,37
CTTGCTAAAGTCTCCAACTG_005,111
CTTGCTAAAGTCTCCAACTG_006,181
CTTGCTAAAGTCTCCAACTG_007,32
CTTGCTAAAGTCTCCAACTG_008,34
CTTGCTAAAGTCTCCAACTG_009,166
CTTGCTAAAGTCTCCAACTG_010,46
CTTGCTAAAGTCTCCAACTG_011,29
AAACAACCAGATCCGCCGGG_001,169
AAACAACCAGATCCGCCGGG_002,150
AAACAACCAGATCCGCCGGG_003,51
AAACAACCAGATCCGCCGGG_004,49
AAACAACCAGATCCGCCGGG_005,88
AAACAACCAGATCCGCCGGG_006,105
AAACAACCAGATCCGCCGGG_007,34
AAACAACCAGATCCGCCGGG_008,165
AAACAACCAGATCCGCCGGG_009,111
AAACAACCAGATCCGCCGGG_010,168
AAACAACCAGATCCGCCGGG_011,88
AAACAACCAGATCCGCCGGG_012,156
AAACAACCAGATCCGCCGGG_013,49
AAACAACCAGATCCGCCGGG_014,12
AAACAACCAGATCCGCCGGG_015,103
AAACAACCAGATCCGCCGGG_016,168
AAACAACCAGATCCGCCGGG_017,88
AAACAACCAGATCCGCCGGG_018,145
AAACAACCAGATCCGCCGGG_019,99
AAACAACCAGATCCGCCGGG_020,193
AAACAACCAGATCCGCCGGG_021,34
ACATGGGAGTGTGAAGTCGC_001,25
ACATGGGAGTGTGAAGTCGC_002,46
GAAGAACCGGATCTTCTCGG_001,140
GAAGAACCGGATCTTCTCGG_002,21
GAAGAACCGGATCTTCTCGG_003,106
GAAGAACCGGATCTTCTCGG_004,121
GAAGAACCGGATCTTCTCGG_005,107
GAAGAACCGGATCTTCTCGG_006,76
GAAGAACCGGATCTTCTCGG_007,65
GAAGAACCGGATCTTCTCGG_008,161
ATATCAATGAAACTCACACA_001,48
ATATCAATGAAACTCACACA_002,50
ATATCAATGAAACTCACACA_003,83
TGACCTGGGAACCCGCATCG_001,42
TGACCTGGGAACCCGCATCG_002,41
TGACCTGGGAACCCGCATCG_003,107
TGACCTGGGAACCCGCATCG_004,135
TGACCTGGGAACCCGCATCG_005,49
TGACCTGGGAACCCGCATCG_006,191
TGACCTGGGAACCCGCATCG_007,128
TGACCTGGGAACCCGCATCG_008,127
CAGACATCTCAACAGTCACG_001,187
CAGACATCTCAACAGTCACG_002,8
CAGACATCTCAACAGTCACG_003,26
CAGACATCTCAACAGTCACG_004,86
CAGACATCTCAACAGTCACG_005,86
CAGACATCTCAACAGTCACG_006,83
CAGACATCTCAACAGTCACG_007,183
CAGACATCTCAACAGTCACG_008,166
AATGAATACCGGTCCCGTGG_001,89
AATGAATACCGGTCCCGTGG_002,98
AATGAATACCGGTCCCGTGG_003,16
AATGAATACCGGTCCCGTGG_004,8
AATGAATACCGGTCCCGTGG_005,21
AATGAATACCGGTCCCGTGG_006,8
GTGTCCATGCTGGACTTACA_001,141
GTGTCCATGCTGGACTTACA_002,173
GTGTCCATGCTGGACTTACA_003,41
GTGTCCATGCTGGACTTACA_004,17
GTGTCCATGCTGGACTTACA_005,158
GTGTCCATGCTGGACTTACA_006,121
GTGTCCATGCTGGACTTACA_007,33
GTGTCCATGCTGGACTTACA_008,127
ATCCTGAGCCAGGGTCGGTG_001,188
ATCCTGAGCCAGGGTCGGTG_002,57
ATCCTGAGCCAGGGTCGGTG_003,63
ATCCTGAGCCAGGGTCGGTG_004,188
ATCCTGAGCCAGGGTCGGTG_005,110
ATCCTGAGCCAGGGTCGGTG_006,111
ATCCTGAGCCAGGGTCGGTG_007,80
ATCCTGAGCCAGGGTCGGTG_008,185
ATCCTGAGCCAGGGTCGGTG_009,172
ATCCTGAGCCAGGGTCGGTG_010,14
ATCCTGAGCCAGGGTCGGTG_011,28
ATCCTGAGCCAGGGTCGGTG_012,191
ATCCTGAGCCAGGGTCGGTG_013,147
ATCCTGAGCCAGGGTCGGTG_014,102
ATCCTGAGCCAGGGTCGGTG_015,130
ATCCTGAGCCAGGGTCGGTG_016,147
ATCCTGAGCCAGGGTCGGTG_017,191
ATCCTGAGCCAGGGTCGGTG_018,78
GGAAAACCTCCAAACACAAG_001,170
GGAAAACCTCCAAACACAAG_002,125
GGAAAACCTCCAAACACAAG_003,135
GGAAAACCTCCAAACACAAG_004,48
GGAAAACCTCCAAACACAAG_005,135
GGAAAACCTCCAAACACAAG_006,194
GGAAAACCTCCAAACACAAG_007,68
GGAAAACCTCCAAACACAAG_008,66
GGAAAACCTCCAAACACAAG_009,147
GGAAAACCTCCAAACACAAG_010,162
GGAAAACCTCCAAACACAAG_011,88
GGAAAACCTCCAAACACAAG_012,155
GGAAAACCTCCAAACACAAG_013,125
GGAAAACCTCCAAACACAAG_014,15
GGAAAACCTCCAAACACAAG_015,138
GGAAAACCTCCAAACACAAG_016,190
GGAAAACCTCCAAACACAAG_017,174
GGAAAACCTCCAAACACAAG_018,150
GGAAAACCTCCAAACACAAG_019,43
GGAAAACCTCCAAACACAAG_020,15
GGAAAACCTCCAAACACAAG_021,135
GGAAAACCTCCAAACACAAG_022,52
GGAAAACCTCCAAACACAAG_023,10
GGAAAACCTCCAAACACAAG_024,49
GGAAAACCTCCAAACACAAG_025,180
GGCCAAGCAGAATGAACGCA_001,94
GGCCAAGCAGAATGAACGCA_002,179
GGCCAAGCAGAATGAACGCA_003,18
AAATTGTATTTAGAGATCTG_001,9
AAATTGTATTTAGAGATCTG_002,1
AAATTGTATTTAGAGATCTG_003,19
AAATTGTATTTAGAGATCTG_004,183
AAATTGTATTTAGAGATCTG_005,188
AAATTGTATTTAGAGATCTG_006,149
AAATTGTATTTAGAGATCTG_007,192
AAATTGTATTTAGAGATCTG_008,68
ATACTAAACTTGGGGTCACA_001,189
ATACTAAACTTGGGGTCACA_002,176
ATACTAAACTTGGGGTCACA_003,183
ATACTAAACTTGGGGTCACA_004,168
ATACTAAACTTGGGGTCACA_005,194
ATACTAAACTTGGGGTCACA_006,198
ATACTAAACTTGGGGTCACA_007,170
ATACTAAACTTGGGGTCACA_008,27
ATACTAAACTTGGGGTCACA_009,109
ATACTAAACTTGGGGTCACA_010,109
ATACTAAACTTGGGGTCACA_011,138
ATACTAAACTTGGGGTCACA_012,180
TCCAGGACTCACCCACAATG_001,104
TCCAGGACTCACCCACAATG_002,153
TCCAGGACTCACCCACAATG_003,144
TCCAGGACTCACCCACAATG_004,199
TCCAGGACTCACCCACAATG_005,145
TCCAGGACTCACCCACAATG_006,168
TCCAGGACTCACCCACAATG_007,15
TCCAGGACTCACCCACAATG_008,173
TCCAGGACTCACCCACAATG_009,105
TCCAGGACTCACCCACAATG_010,127
TCCAGGACTCACCCACAATG_011,158
TCCAGGACTCACCCACAATG_012,147
TCCAGGACTCACCCACAATG_013,54
TCCAGGACTCACCCACAATG_014,139
TCCAGGACTCACCCACAATG_015,8
TCCAGGACTCACCCACAATG_016,148
TCCAGGACTCACCCACAATG_017,29
TCCAGGACTCACCCACAATG_018,2
TCCAGGACTCACCCACAATG_019,175
TCCAGGACTCACCCACAATG_020,124
TCCAGGACTCACCCACAATG_021,176
GAACTGGGACGCCGTCAGCT_001,121
GAACTGGGACGCCGTCAGCT_002,96
GAACTGGGACGCCGTCAGCT_003,137
GAACTGGGACGCCGTCAGCT_004,104
GAACTGGGACGCCGTCAGCT_005,142
GAACTGGGACGCCGTCAGCT_006,192
GAACTGGGACGCCGTCAGCT_007,129
GAACTGGGACGCCGTCAGCT_008,147
GAACTGGGACGCCGTCAGCT_009,169
GAACTGGGACGCCGTCAGCT_010,61
GAACTGGGACGCCGTCAGCT_011,169
GAACTGGGACGCCGTCAGCT_012,80
GAACTGGGACGCCGTCAGCT_013,50
GAACTGGGACGCCGTCAGCT_014,130
GTCAGGTCCGACATGCGCAG_001,15
GTCAGGTCCGACATGCGCAG_002,199
GTCAGGTCCGACATGCGCAG_003,107
GTCAGGTCCGACATGCGCAG_004,162
GTCAGGTCCGACATGCGCAG_005,152
GTCAGGTCCGACATGCGCAG_006,41
GTCAGGTCCGACATGCGCAG_007,145
GTCAGGTCCGACATGCGCAG_008,149
GTCAGGTCCGACATGCGCAG_009,169
GTCAGGTCCGACATGCGCAG_010,67
GTCAGGTCCGACATGCGCAG_011,145
GTCAGGTCCGACATGCGCAG_012,125
GTCAGGTCCGACATGCGCAG_013,137
GTCAGGTCCGACATGCGCAG_014,140
GTCAGGTCCGACATGCGCAG_015,60
GTCAGGTCCGACATGCGCAG_016,76
GTCAGGTCCGACATGCGCAG_017,141
GTCAGGTCCGACATGCGCAG_018,116
GTCAGGTCCGACATGCGCAG_019,147
GTCAGGTCCGACATGCGCAG_020,120
GTCAGGTCCGACATGCGCAG_021,175
GTCAGGTCCGACATGCGCAG_022,81
GTCAGGTCCGACATGCGCAG_023,6
GTCAGGTCCGACATGCGCAG_024,126
GTCAGGTCCGACATGCGCAG_025,4
GTCAGGTCCGACATGCGCAG_026,94
GTCAGGTCCGACATGCGCAG_027,120
GCGCACAGCGCGAGGCGCCG_001,127
GCGCACAGCGCGAGGCGCCG_002,77
GCGCACAGCGCGAGGCGCCG_003,72
GCGCACAGCGCGAGGCGCCG_004,82
GCGCACAGCGCGAGGCGCCG_005,183
GCGCACAGCGCGAGGCGCCG_006,183
GCGCACAGCGCGAGGCGCCG_007,163
GCGCACAGCGCGAGGCGCCG_008,15
TGAGCTCGCCAAAAAAGAAG_001,141
CCTGTTGCTACCTGTACCGC_001,60
CCTGTTGCTACCTGTACCGC_002,24
CCTGTTGCTACCTGTACCGC_003,147
CCTGTTGCTACCTGTACCGC_004,58
CCTGTTGCTACCTGTACCGC_005,188
CCTGTTGCTACCTGTACCGC_006,197
CCTGTTGCTACCTGTACCGC_007,3
TTTGTCTGCTAGGTCGCCTG_001,102
TTTGTCTGCTAGGTCGCCTG_002,82
TTTGTCTGCTAGGTCGCCTG_003,17
TTTGTCTGCTAGGTCGCCTG_004,103
GATTCCTGCATAGTCCTAGG_001,58
GATTCCTGCATAGTCCTAGG_002,183
GATTCCTGCATAGTCCTAGG_003,109
GATTCCTGCATAGTCCTAGG_004,12
GATTCCTGCATAGTCCTAGG_005,82
GTCTGCAGCAGATGCTACGG_001,144
GTCTGCAGCAGATGCTACGG_002,22
GTCTGCAGCAGATGCTACGG_003,115
GTCTGCAGCAGATGCTACGG_004,45
GTCTGCAGCAGATGCTACGG_005,113
GTCTGCAGCAGATGCTACGG_006,129
GTCTGCAGCAGATGCTACGG_007,155
GTCTGCAGCAGATGCTACGG_008,48
GGAGCGGTATGTGCTAGACC_001,43
GGAGCGGTATGTGCTAGACC_002,77
TTTGTAGAGAGTGTCGCTGG_001,9
TTTGTAGAGAGTGTCGCTGG_002,12
TTTGTAGAGAGTGTCGCTGG_003,190
TTTGTAGAGAGTGTCGCTGG_004,76
TTTGTAGAGAGTGTCGCTGG_005,113
TTTGTAGAGAGTGTCGCTGG_006,38
TTTGTAGAGAGTGTCGCTGG_007,156
TTTGTAGAGAGTGTCGCTGG_008,98
TTTGTAGAGAGTGTCGCTGG_009,23
TTTGTAGAGAGTGTCGCTGG_010,169
TTTGTAGAGAGTGTCGCTGG_011,197
TTTGTAGAGAGTGTCGCTGG_012,33
TTTGTAGAGAGTGTCGCTGG_013,169
TTTGTAGAGAGTGTCGCTGG_014,129
ACAGACAAGGGTGCTGAACC_001,166
ACAGACAAGGGTGCTGAACC_002,68
ACAGACAAGGGTGCTGAACC_003,47
ACAGACAAGGGTGCTGAACC_004,94
ACAGACAAGGGTGCTGAACC_005,197
ACAGACAAGGGTGCTGAACC_006,72
ACAGACAAGGGTGCTGAACC_007,53
ACAGACAAGGGTGCTGAACC_008,58
ACAGACAAGGGTGCTGAACC_009,8
ACAGACAAGGGTGCTGAACC_010,111
ACAGACAAGGGTGCTGAACC_011,138
ACAGACAAGGGTGCTGAACC_012,103
ACAGACAAGGGTGCTGAACC_013,138
ACAGACAAGGGTGCTGAACC_014,152
TGGTCCACCACAATGTGACA_001,11
TGGTCCACCACAATGTGACA_002,107
TGGTCCACCACAATGTGACA_003,191
TGGTCCACCACAATGTGACA_004,81
TGGTCCACCACAATGTGACA_005,154
TGGTCCACCACAATGTGACA_006,95
TGGTCCACCACAATGTGACA_007,71
TGGTCCACCACAATGTGACA_008,188
TGGTCCACCACAATGTGACA_009,95
TGGTCCACCACAATGTGACA_010,76
TGGTCCACCACAATGTGACA_011,191
TGGTCCACCACAATGTGACA_012,68
TGGTCCACCACAATGTGACA_013,43
CCAGATGAGACCGTAGTACA_001,154
CCAGATGAGACCGTAGTACA_002,48
CCAGATGAGACCGTAGTACA_003,19
CCAGATGAGACCGTAGTACA_004,1
CCAGATGAGACCGTAGTACA_005,105
CCAGATGAGACCGTAGTACA_006,121
CCAGATGAGACCGTAGTACA_007,157
CCAGATGAGACCGTAGTACA_008,134
CCAGATGAGACCGTAGTACA_009,86
CCAGATGAGACCGTAGTACA_010,162
CCAGATGAGACCGTAGTACA_011,160
CCAGATGAGACCGTAGTACA_012,185
CCAGATGAGACCGTAGTACA_013,187
CCAGATGAGACCGTAGTACA_014,62
CCAGATGAGACCGTAGTACA_015,0
CCAGATGAGACCGTAGTACA_016,37
CCAGATGAGACCGTAGTACA_017,184
AGAATACAACAAAGAGAGCG_001,97
AGAATACAACAAAGAGAGCG_002,12
AGAATACAACAAAGAGAGCG_003,126
AGAATACAACAAAGAGAGCG_004,93
AGAATACAACAAAGAGAGCG_005,61
AGAATACAACAAAGAGAGCG_006,17
AGAATACAACAAAGAGAGCG_007,142
AGAATACAACAAAGAGAGCG_008,168
AGAATACAACAAAGAGAGCG_009,155
AGAATACAACAAAGAGAGCG_010,137
AGAATACAACAAAGAGAGCG_011,198
AGAATACAACAAAGAGAGCG_012,124
AGAATACAACAAAGAGAGCG_013,164
CCAAGACACGACGCGCAGGA_001,127
CCAAGACACGACGCGCAGGA_002,42
CCAAGACACGACGCGCAGGA_003,137
CCAAGACACGACGCGCAGGA_004,158
CCAAGACACGACGCGCAGGA_005,81
CCAAGACACGACGCGCAGGA_006,194
CCAAGACACGACGCGCAGGA_007,30
CCAAGACACGACGCGCAGGA_008,187
CCAAGACACGACGCGCAGGA_009,17
CCAAGACACGACGCGCAGGA_010,156
CCAAGACACGACGCGCAGGA_011,42
CCAAGACACGACGCGCAGGA_012,101
CCAAGACACGACGCGCAGGA_013,92
CCAAGACACGACGCGCAGGA_014,17
CCAAGACACGACGCGCAGGA_015,146
CCAAGACACGACGCGCAGGA_016,151
CCAAGACACGACGCGCAGGA_017,29
CCAAGACACGACGCGCAGGA_018,164
GAGGAACCAGTCACGCCCGT_001,191
GAGGAACCAGTCACGCCCGT_002,127
GAGGAACCAGTCACGCCCGT_003,94
GAGGAACCAGTCACGCCCGT_004,88
GAGGAACCAGTCACGCCCGT_005,1
GAGGAACCAGTCACGCCCGT_006,130
GAGGAACCAGTCACGCCCGT_007,153
GAGGAACCAGTCACGCCCGT_008,83
GAGGAACCAGTCACGCCCGT_009,188
GAGGAACCAGTCACGCCCGT_010,160
GAGGAACCAGTCACGCCCGT_011,192
GAGGAACCAGTCACGCCCGT_012,175
GAGGAACCAGTCACGCCCGT_013,148
GAGGAACCAGTCACGCCCGT_014,21
GAGGAACCAGTCACGCCCGT_015,76
GAGGAACCAGTCACGCCCGT_016,121
GAGGAACCAGTCACGCCCGT_017,162
GAGGAACCAGTCACGCCCGT_018,41
GAGGAACCAGTCACGCCCGT_019,49
GAGGAACCAGTCACGCCCGT_020,144
TGGCCTGTGGCAATGTGTAG_001,130
TGGCCTGTGGCAATGTGTAG_002,84
CATCTTAGGGACAGTACTCG_001,18
CATCTTAGGGACAGTACTCG_002,60
CATCTTAGGGACAGTACTCG_003,156
CATCTTAGGGACAGTACTCG_004,133
ATTAATTGAATGTGGCTGGA_001,51
ATTAATTGAATGTGGCTGGA_002,18
ATTAATTGAATGTGGCTGGA_003,102
ATTAATTGAATGTGGCTGGA_004,123
ATTAATTGAATGTGGCTGGA_005,90
ATTCGCCATTGAAATAGCTG_001,129
ATTCGCCATTGAAATAGCTG_002,104
ATTCGCCATTGAAATAGCTG_003,144
ATTCGCCATTGAAATAGCTG_004,22
ATTCGCCATTGAAATAGCTG_005,172
ATTCGCCATTGAAATAGCTG_006,101
ATTCGCCATTGAAATAGCTG_007,144
ATTCGCCATTGAAATAGCTG_008,127
ATTCGCCATTGAAATAGCTG_009,162
ATTCGCCATTGAAATAGCTG_010,34
ATTCGCCATTGAAATAGCTG_011,174
ATTCGCCATTGAAATAGCTG_012,94
ATTCGCCATTGAAATAGCTG_013,9
ATTCGCCATTGAAATAGCTG_014,115
ATTCGCCATTGAAATAGCTG_015,141
ATTCGCCATTGAAATAGCTG_016,157
ATTCGCCATTGAAATAGCTG_017,136
ATTCGCCATTGAAATAGCTG_018,40
ATTCGCCATTGAAATAGCTG_019,113
ATTCGCCATTGAAATAGCTG_020,145
ATTCGCCATTGAAATAGCTG_021,58
ATTCGCCATTGAAATAGCTG_022,177
ATTCGCCATTGAAATAGCTG_023,103
ATTCGCCATTGAAATAGCTG_024,34
ATTCGCCATTGAAATAGCTG_025,26
ATTCGCCATTGAAATAGCTG_026,81
ATTCGCCATTGAAATAGCTG_027,160
ATTCGCCATTGAAATAGCTG_028,6
CAGCCGATTTCAGTACCACA_001,137
GACTGTAGCCAAGCTCACAT_001,169
GACTGTAGCCAAGCTCACAT_002,78
GACTGTAGCCAAGCTCACAT_003,90
GACTGTAGCCAAGCTCACAT_004,144
GACTGTAGCCAAGCTCACAT_005,81
GACTGTAGCCAAGCTCACAT_006,127
GACTGTAGCCAAGCTCACAT_007,19
GACTGTAGCCAAGCTCACAT_008,183
GACTGTAGCCAAGCTCACAT_009,182
GACTGTAGCCAAGCTCACAT_010,129
GACTGTAGCCAAGCTCACAT_011,156
GACTGTAGCCAAGCTCACAT_012,152
GACTGTAGCCAAGCTCACAT_013,138
GACTGTAGCCAAGCTCACAT_014,45
GACTGTAGCCAAGCTCACAT_015,134
GACTGTAGCCAAGCTCACAT_016,175
GACTGTAGCCAAGCTCACAT_017,129
GACTGTAGCCAAGCTCACAT_018,170
GACTGTAGCCAAGCTCACAT_019,194
GACTGTAGCCAAGCTCACAT_020,163
GACTGTAGCCAAGCTCACAT_021,22
GACTGTAGCCAAGCTCACAT_022,119
GACTGTAGCCAAGCTCACAT_023,9
GACTGTAGCCAAGCTCACAT_024,38
GACTGTAGCCAAGCTCACAT_025,76
GACTGTAGCCAAGCTCACAT_026,138
GACTGTAGCCAAGCTCACAT_027,1
GACTGTAGCCAAGCTCACAT_028,50
GACTGTAGCCAAGCTCACAT_029,61
GACTGTAGCCAAGCTCACAT_030,88
GACTGTAGCCAAGCTCACAT_031,175
GACTGTAGCCAAGCTCACAT_032,100
GACTGTAGCCAAGCTCACAT_033,168
GACTGTAGCCAAGCTCACAT_034,111
CGGTCTCCATCCTACAAACA_001,177
CGGTCTCCATCCTACAAACA_002,130
CGGTCTCCATCCTACAAACA_003,166
CGGTCTCCATCCTACAAACA_004,9
CGGTCTCCATCCTACAAACA_005,44
CGGTCTCCATCCTACAAACA_006,179
CGGTCTCCATCCTACAAACA_007,52
CGGTCTCCATCCTACAAACA_008,150
CGGTCTCCATCCTACAAACA_009,126
CGGTCTCCATCCTACAAACA_010,69
CGGTCTCCATCCTACAAACA_011,188
ACCCTTATACACAACTCCAT_001,172
CTTTCCGGTAGCTTCGAAGG_001,149
CTTTCCGGTAGCTTCGAAGG_002,191
CTTTCCGGTAGCTTCGAAGG_003,150
CTTTCCGGTAGCTTCGAAGG_004,85
CTTTCCGGTAGCTTCGAAGG_005,194
CTTTCCGGTAGCTTCGAAGG_006,22
CTTTCCGGTAGCTTCGAAGG_007,58
GCTCGGTGGTTAGGAGCCTG_001,188
GCTCGGTGGTTAGGAGCCTG_002,154
GCTCGGTGGTTAGGAGCCTG_003,56
GCTCGGTGGTTAGGAGCCTG_004,197
GCTCGGTGGTTAGGAGCCTG_005,59
GCTCGGTGGTTAGGAGCCTG_006,71
GCTCGGTGGTTAGGAGCCTG_007,152
GCTCGGTGGTTAGGAGCCTG_008,180
GCTCGGTGGTTAGGAGCCTG_009,142
GCTCGGTGGTTAGGAGCCTG_010,176
GCTCGGTGGTTAGGAGCCTG_011,41
CGTGAGCACGCCTCTCGGGA_001,94
CGTGAGCACGCCTCTCGGGA_002,160
CGTGAGCACGCCTCTCGGGA_003,153
CGTGAGCACGCCTCTCGGGA_004,153
CGTGAGCACGCCTCTCGGGA_005,93
CGTGAGCACGCCTCTCGGGA_006,3
CGTGAGCACGCCTCTCGGGA_007,127
CGTGAGCACGCCTCTCGGGA_008,190
CGTGAGCACGCCTCTCGGGA_009,121
CGTGAGCACGCCTCTCGGGA_010,138
CAGTCATAGTCCAGCCACTG_001,33
CAGTCATAGTCCAGCCACTG_002,78
CAGTCATAGTCCAGCCACTG_003,48
CAGTCATAGTCCAGCCACTG_004,191
CAGTCATAGTCCAGCCACTG_005,169
CAGTCATAGTCCAGCCACTG_006,50
CAGTCATAGTCCAGCCACTG_007,49
CAGTCATAGTCCAGCCACTG_008,112
CAGTCATAGTCCAGCCACTG_009,102
CAGTCATAGTCCAGCCACTG_010,133
CAGTCATAGTCCAGCCACTG_011,107
CAGTCATAGTCCAGCCACTG_012,88
CAGTCATAGTCCAGCCACTG_013,49
CAGTCATAGTCCAGCCACTG_014,158
TAGGTGGATAGTCCCTTGGT_001,121
TAGGTGGATAGTCCCTTGGT_002,102
TAGGTGGATAGTCCCTTGGT_003,133
TAGGTGGATAGTCCCTTGGT_004,108
GTACTCTAGAGAGTAAGTCA_001,77
GTACTCTAGAGAGTAAGTCA_002,60
GTACTCTAGAGAGTAAGTCA_003,1
GTACTCTAGAGAGTAAGTCA_004,174
GTACTCTAGAGAGTAAGTCA_005,8
AAAAGAATCCAACGTGCAAG_001,54
AAAAGAATCCAACGTGCAAG_002,177
AAAAGAATCCAACGTGCAAG_003,55
AAAAGAATCCAACGTGCAAG_004,103
AAAAGAATCCAACGTGCAAG_005,65
AAAAGAATCCAACGTGCAAG_006,65
AAAAGAATCCAACGTGCAAG_007,6
AAAAGAATCCAACGTGCAAG_008,6
CAGCAAATTAAACCCCAGGG_001,119
CAGCAAATTAAACCCCAGGG_002,76
CAGCAAATTAAACCCCAGGG_003,156
CAGCAAATTAAACCCCAGGG_004,41
CAGCAAATTAAACCCCAGGG_005,15
CAGCAAATTAAACCCCAGGG_006,74
GTGCAGCTACCAATTAGACC_001,103
GTGCAGCTACCAATTAGACC_002,77
GTGCAGCTACCAATTAGACC_003,40
GTTTCTGTTTACTTAAGACA_001,83
GTTTCTGTTTACTTAAGACA_002,44
CCACCAGCACTATGATGACG_001,108
CGACGACCCCATGAACAACA_001,92
CGACGACCCCATGAACAACA_002,120
CGACGACCCCATGAACAACA_003,49
CGACGACCCCATGAACAACA_004,5
CGACGACCCCATGAACAACA_005,152
CGACGACCCCATGAACAACA_006,85
CGACGACCCCATGAACAACA_007,121
CGACGACCCCATGAACAACA_008,113
CGACGACCCCATGAACAACA_009,105
CGACGACCCCATGAACAACA_010,53
CGACGACCCCATGAACAACA_011,113
CGACGACCCCATGAACAACA_012,113
CGACGACCCCATGAACAACA_013,155
CGACGACCCCATGAACAACA_014,120
CGACGACCCCATGAACAACA_015,100
CGACGACCCCATGAACAACA_016,78
CGACGACCCCATGAACAACA_017,149
CGACGACCCCATGAACAACA_018,48
CGACGACCCCATGAACAACA_019,16
CGACGACCCCATGAACAACA_020,33
CGACGACCCCATGAACAACA_021,198
CGACGACCCCATGAACAACA_022,16
CGACGACCCCATGAACAACA_023,34
CGAGGCTACTGAGAACCCAG_001,127
CGAGGCTACTGAGAACCCAG_002,62
CGAGGCTACTGAGAACCCAG_003,102
TTGTCTTGCAGTGCCGGTGG_001,127
TTGTCTTGCAGTGCCGGTGG_002,91
TTGTCTTGCAGTGCCGGTGG_003,185
TTGTCTTGCAGTGCCGGTGG_004,48
TTGTCTTGCAGTGCCGGTGG_005,48
TTGTCTTGCAGTGCCGGTGG_006,134
TTGTCTTGCAGTGCCGGTGG_007,10
CTTACCTTCAGACACGGCGT_001,130
AAAGGTAAGCTCCAGCAATG_001,103
AAAGGTAAGCTCCAGCAATG_002,171
AAAGGTAAGCTCCAGCAATG_003,15
AAAGGTAAGCTCCAGCAATG_004,12
AAAGGTAAGCTCCAGCAATG_005,45
AAAGGTAAGCTCCAGCAATG_006,77
AAAGGTAAGCTCCAGCAATG_007,60
AAAGGTAAGCTCCAGCAATG_008,63
AAAGGTAAGCTCCAGCAATG_009,88
AAAGGTAAGCTCCAGCAATG_010,76
AAAGGTAAGCTCCAGCAATG_011,27
CCTCACTGTCCGACTCAGAG_001,70
CCTCACTGTCCGACTCAGAG_002,29
CCTCACTGTCCGACTCAGAG_003,45
CCTCACTGTCCGACTCAGAG_004,12
CCTCACTGTCCGACTCAGAG_005,147
CCTCACTGTCCGACTCAGAG_006,147
CCTCACTGTCCGACTCAGAG_007,141
CCTCACTGTCCGACTCAGAG_008,83
CCTCACTGTCCGACTCAGAG_009,160
CCTCACTGTCCGACTCAGAG_010,131
CCTCACTGTCCGACTCAGAG_011,127
CCTCACTGTCCGACTCAGAG_012,149
CCTCACTGTCCGACTCAGAG_013,77
CCTCACTGTCCGACTCAGAG_014,81
CCTCACTGTCCGACTCAGAG_015,41
CCTCACTGTCCGACTCAGAG_016,141
CCTCACTGTCCGACTCAGAG_017,42
CCTCACTGTCCGACTCAGAG_018,42
CCTCACTGTCCGACTCAGAG_019,154
CCTCACTGTCCGACTCAGAG_020,137
CCTCACTGTCCGACTCAGAG_021,11
CCTCACTGTCCGACTCAGAG_022,124
CCTCACTGTCCGACTCAGAG_023,185
CCTCACTGTCCGACTCAGAG_024,115
CCTCACTGTCCGACTCAGAG_025,31
CCTCACTGTCCGACTCAGAG_026,94
CCTCACTGTCCGACTCAGAG_027,56
GTCCCCCGCAAATTCGACGA_001,183
GTCCCCCGCAAATTCGACGA_002,27
GTCCCCCGCAAATTCGACGA_003,63
GGTGTTAAGAGAAAAGACCA_001,28
GGTGTTAAGAGAAAAGACCA_002,22
GGTGTTAAGAGAAAAGACCA_003,18
GGTGTTAAGAGAAAAGACCA_004,125
GGTGTTAAGAGAAAAGACCA_005,19
GGTGTTAAGAGAAAAGACCA_006,2
GGTGCGCCGGACGTTACTGC_001,27
GGTGCGCCGGACGTTACTGC_002,39
AAGTTAGTTTAAAGTACCTG_001,112
AAGTTAGTTTAAAGTACCTG_002,103
AAGTTAGTTTAAAGTACCTG_003,48
AAGTTAGTTTAAAGTACCTG_004,41
AAGTTAGTTTAAAGTACCTG_005,182
AAGTTAGTTTAAAGTACCTG_006,199
ACTCGAGTAAAGGTTTCAGA_001,66
ACTCGAGTAAAGGTTTCAGA_002,105
ATAGTGCAGGACTGACAAAG_001,152
ATAGTGCAGGACTGACAAAG_002,144
ATAGTGCAGGACTGACAAAG_003,175
ATAGTGCAGGACTGACAAAG_004,45
ATAGTGCAGGACTGACAAAG_005,149
ATAGTGCAGGACTGACAAAG_006,147
ACTAATTGAACTTACAGGGG_001,58
ACTAATTGAACTTACAGGGG_002,99
ACTAATTGAACTTACAGGGG_003,145
ACTAATTGAACTTACAGGGG_004,187
CAGGTGGGCTGGCTTCATCG_001,130
CAGGTGGGCTGGCTTCATCG_002,26
CAGGTGGGCTGGCTTCATCG_003,1
CAGGTGGGCTGGCTTCATCG_004,144
CAGGTGGGCTGGCTTCATCG_005,138
CAGGTGGGCTGGCTTCATCG_006,2
CAGGTGGGCTGGCTTCATCG_007,170
CAGGTGGGCTGGCTTCATCG_008,48
CAGGTGGGCTGGCTTCATCG_009,48
TGGGCCTCGAAATGACAGCA_001,62
TGGGCCTCGAAATGACAGCA_002,181
TGGGCCTCGAAATGACAGCA_003,82
TGGGCCTCGAAATGACAGCA_004,61
TGGGCCTCGAAATGACAGCA_005,70
TGGGCCTCGAAATGACAGCA_006,116
TGGGCCTCGAAATGACAGCA_007,24
TGGGCCTCGAAATGACAGCA_008,169
TGGGCCTCGAAATGACAGCA_009,67
TGGGCCTCGAAATGACAGCA_010,198
TGGGCCTCGAAATGACAGCA_011,41
TGGGCCTCGAAATGACAGCA_012,100
TGGGCCTCGAAATGACAGCA_013,22
TGGGCCTCGAAATGACAGCA_014,29
TGGGCCTCGAAATGACAGCA_015,174
TGGGCCTCGAAATGACAGCA_016,165
TGGGCCTCGAAATGACAGCA_017,118
AGTGTCCCCAATCCCAACGC_001,24
AGTGTCCCCAATCCCAACGC_002,154
AGTGTCCCCAATCCCAACGC_003,93
AGTGTCCCCAATCCCAACGC_004,55
AGTGTCCCCAATCCCAACGC_005,175
AGTGTCCCCAATCCCAACGC_006,68
AGTGTCCCCAATCCCAACGC_007,41
AGTGTCCCCAATCCCAACGC_008,24
AGTGTCCCCAATCCCAACGC_009,53
AGTGTCCCCAATCCCAACGC_010,176
AGTGTCCCCAATCCCAACGC_011,67
AGTGTCCCCAATCCCAACGC_012,68
AGTGTCCCCAATCCCAACGC_013,10
AGTGTCCCCAATCCCAACGC_014,180
AGTGTCCCCAATCCCAACGC_015,157
AGTGTCCCCAATCCCAACGC_016,166
AGTGTCCCCAATCCCAACGC_017,137
AGTGTCCCCAATCCCAACGC_018,10
AGTGTCCCCAATCCCAACGC_019,158
AGTGTCCCCAATCCCAACGC_020,198
CTTGGAACCTACCCTCAAAG_001,112
CTTGGAACCTACCCTCAAAG_002,194
CTTGGAACCTACCCTCAAAG_003,198
CTTGGAACCTACCCTCAAAG_004,9
CTTGGAACCTACCCTCAAAG_005,87
CTTGGAACCTACCCTCAAAG_006,87
CTTGGAACCTACCCTCAAAG_007,21
CTTGGAACCTACCCTCAAAG_008,121
CTTGGAACCTACCCTCAAAG_009,178
CTTGGAACCTACCCTCAAAG_010,161
CTTGGAACCTACCCTCAAAG_011,6
CTTGGAACCTACCCTCAAAG_012,33
TGTACGCTACTGCATACCAC_001,127
TGTACGCTACTGCATACCAC_002,14
TGTACGCTACTGCATACCAC_003,41
AAGGCCAAGATGAAGGTGTG_001,130
AAGGCCAAGATGAAGGTGTG_002,177
AAGGCCAAGATGAAGGTGTG_003,126
AAGGCCAAGATGAAGGTGTG_004,154
AAGGCCAAGATGAAGGTGTG_005,194
AAGGCCAAGATGAAGGTGTG_006,30
AAGGCCAAGATGAAGGTGTG_007,32
AAGGCCAAGATGAAGGTGTG_008,53
AAGGCCAAGATGAAGGTGTG_009,58
AAGGCCAAGATGAAGGTGTG_010,195
AAGGCCAAGATGAAGGTGTG_011,172
AAGGCCAAGATGAAGGTGTG_012,76
AAGGCCAAGATGAAGGTGTG_013,162
AAGGCCAAGATGAAGGTGTG_014,102
AAGGCCAAGATGAAGGTGTG_015,130
AAGGCCAAGATGAAGGTGTG_016,108
AAGGCCAAGATGAAGGTGTG_017,120
AAGGCCAAGATGAAGGTGTG_018,32
AAGGCCAAGATGAAGGTGTG_019,130
AAGGCCAAGATGAAGGTGTG_020,78
AAGGCCAAGATGAAGGTGTG_021,154
AAGGCCAAGATGAAGGTGTG_022,54
AAGGCCAAGATGAAGGTGTG_023,42
AAGGCCAAGATGAAGGTGTG_024,168
AAGGCCAAGATGAAGGTGTG_025,106
AAGGCCAAGATGAAGGTGTG_026,198
AAGGCCAAGATGAAGGTGTG_027,148
AAGGCCAAGATGAAGGTGTG_028,31
AAGGCCAAGATGAAGGTGTG_029,189
AAGGCCAAGATGAAGGTGTG_030,101
AAGGCCAAGATGAAGGTGTG_031,109
AAGGCCAAGATGAAGGTGTG_032,109
AAGGCCAAGATGAAGGTGTG_033,6
AAGGCCAAGATGAAGGTGTG_034,63
AAGGCCAAGATGAAGGTGTG_035,28
AAGGCCAAGATGAAGGTGTG_036,10
AAGGCCAAGATGAAGGTGTG_037,10
AAGGCCAAGATGAAGGTGTG_038,191
AAGGCCAAGATGAAGGTGTG_039,170
AAGGCCAAGATGAAGGTGTG_040,31
AAGGCCAAGATGAAGGTGTG_041,122
AAGGCCAAGATGAAGGTGTG_042,177
AAGGCCAAGATGAAGGTGTG_043,104
AAGGCCAAGATGAAGGTGTG_044,19
CAGTTCAGGAAAGTCCAGTG_001,115
CAGTTCAGGAAAGTCCAGTG_002,181
CAGTTCAGGAAAGTCCAGTG_003,32
CAGTTCAGGAAAGTCCAGTG_004,41
CAGTTCAGGAAAGTCCAGTG_005,59
CAGTTCAGGAAAGTCCAGTG_006,105
CAGTTCAGGAAAGTCCAGTG_007,127
CAGTTCAGGAAAGTCCAGTG_008,146
CAGTTCAGGAAAGTCCAGTG_009,168
CTGATGCGTATAAAACCCTA_001,62
ACTGGGCCAGAGACTCGTGG_001,13
ACTGGGCCAGAGACTCGTGG_002,42
ACTGGGCCAGAGACTCGTGG_003,42
ACTGGGCCAGAGACTCGTGG_004,68
ACTGGGCCAGAGACTCGTGG_005,115
ACTGGGCCAGAGACTCGTGG_006,42
ACTGGGCCAGAGACTCGTGG_007,52
ACTGGGCCAGAGACTCGTGG_008,33
ACTGGGCCAGAGACTCGTGG_009,12
ACTGGGCCAGAGACTCGTGG_010,23
ACTGGGCCAGAGACTCGTGG_011,36
ACTGGGCCAGAGACTCGTGG_012,78
GCCAGCAGTGACACAGCGTG_001,50
GCCAGCAGTGACACAGCGTG_002,146
GCCAGCAGTGACACAGCGTG_003,27
GCCAGCAGTGACACAGCGTG_004,2
GCCAGCAGTGACACAGCGTG_005,48
GCCAGCAGTGACACAGCGTG_006,150
GCCAGCAGTGACACAGCGTG_007,177
GCCAGCAGTGACACAGCGTG_008,51
GCCAGCAGTGACACAGCGTG_009,92
GCCAGCAGTGACACAGCGTG_010,0
GCCAGCAGTGACACAGCGTG_011,97
GCCAGCAGTGACACAGCGTG_012,17
GCCAGCAGTGACACAGCGTG_013,166
GCCAGCAGTGACACAGCGTG_014,166
GCCAGCAGTGACACAGCGTG_015,49
TATACCGAAGAAGTCAGACA_001,115
TATACCGAAGAAGTCAGACA_002,177
TATACCGAAGAAGTCAGACA_003,147
TATACCGAAGAAGTCAGACA_004,92
TATACCGAAGAAGTCAGACA_005,145
CCGGTAGGGGCACGATCACG_001,90
CCGGTAGGGGCACGATCACG_002,25
CCGGTAGGGGCACGATCACG_003,32
CCGGTAGGGGCACGATCACG_004,32
CCGGTAGGGGCACGATCACG_005,173
GAAATGCATTGTTCAGACGA_001,162
GAAATGCATTGTTCAGACGA_002,120
GAAATGCATTGTTCAGACGA_003,178
GAAATGCATTGTTCAGACGA_004,9
CAATGAGACTACATTCCCAT_001,113
CAATGAGACTACATTCCCAT_002,113
CAATGAGACTACATTCCCAT_003,150
CAATGAGACTACATTCCCAT_004,138
CAATGAGACTACATTCCCAT_005,49
CAATGAGACTACATTCCCAT_006,35
CAATGAGACTACATTCCCAT_007,1
CAATGAGACTACATTCCCAT_008,102
CCAGACCGGGGAAATCGACG_001,70
CCAGACCGGGGAAATCGACG_002,1
CCAGACCGGGGAAATCGACG_003,74
CCAGACCGGGGAAATCGACG_004,85
CCAGACCGGGGAAATCGACG_005,163
GAGCCCCAAAGGCTCCCGAA_001,48
GAGCCCCAAAGGCTCCCGAA_002,1
GAGCCCCAAAGGCTCCCGAA_003,125
GAGCCCCAAAGGCTCCCGAA_004,124
GGTCATGTACCCGGTGGACT_001,1
GGTCATGTACCCGGTGGACT_002,1
AAATTGGAGCTAAGAAACTG_001,102
AAATTGGAGCTAAGAAACTG_002,128
AAATTGGAGCTAAGAAACTG_003,126
AAATTGGAGCTAAGAAACTG_004,40
AAATTGGAGCTAAGAAACTG_005,115
AAATTGGAGCTAAGAAACTG_006,9
AAATTGGAGCTAAGAAACTG_007,147
AAATTGGAGCTAAGAAACTG_008,198
AAATTGGAGCTAAGAAACTG_009,26
AAATTGGAGCTAAGAAACTG_010,26
AAATTGGAGCTAAGAAACTG_011,179
AAATTGGAGCTAAGAAACTG_012,18
AAATTGGAGCTAAGAAACTG_013,198
AAATTGGAGCTAAGAAACTG_014,17
AAATTGGAGCTAAGAAACTG_015,182
GACCAGGAGAGTGACGACGT_001,170
GACCAGGAGAGTGACGACGT_002,21
GCAACACGACAAGAAGTCCT_001,60
GCAACACGACAAGAAGTCCT_002,146
GCAACACGACAAGAAGTCCT_003,93
GCAACACGACAAGAAGTCCT_004,93
GCAACACGACAAGAAGTCCT_005,112
GCAACACGACAAGAAGTCCT_006,78
GCAACACGACAAGAAGTCCT_007,174
GCAACACGACAAGAAGTCCT_008,92
GCAACACGACAAGAAGTCCT_009,105
GCAACACGACAAGAAGTCCT_010,8
GCAACACGACAAGAAGTCCT_011,36
GCAACACGACAAGAAGTCCT_012,140
GCAACACGACAAGAAGTCCT_013,2
GCAACACGACAAGAAGTCCT_014,15
GCAACACGACAAGAAGTCCT_015,174
GCAACACGACAAGAAGTCCT_016,96
GCAACACGACAAGAAGTCCT_017,144
GCAACACGACAAGAAGTCCT_018,127
CAGAGCGATCGATATTCGTG_001,181
CAGAGCGATCGATATTCGTG_002,40
CAGAGCGATCGATATTCGTG_003,102
CAGAGCGATCGATATTCGTG_004,198
CAGAGCGATCGATATTCGTG_005,9
CAGAGCGATCGATATTCGTG_006,160
GGCCAAATGTCGTCCATCTG_001,141
GGCCAAATGTCGTCCATCTG_002,177
GGCCAAATGTCGTCCATCTG_003,184
AAGTGTTCTCCAGAAAGTCC_001,76
AAGTGTTCTCCAGAAAGTCC_002,185
AAGTGTTCTCCAGAAAGTCC_003,126
AAGTGTTCTCCAGAAAGTCC_004,46
AAGTGTTCTCCAGAAAGTCC_005,115
AAGTGTTCTCCAGAAAGTCC_006,88
AAGTGTTCTCCAGAAAGTCC_007,166
GGCGTCAAAATTAGAAGCCG_001,107
GGCGTCAAAATTAGAAGCCG_002,121
GGCGTCAAAATTAGAAGCCG_003,117
GGCGTCAAAATTAGAAGCCG_004,80
GGCGTCAAAATTAGAAGCCG_005,16
GGCGTCAAAATTAGAAGCCG_006,29
GGCGTCAAAATTAGAAGCCG_007,35
GGCGTCAAAATTAGAAGCCG_008,47
GGCGTCAAAATTAGAAGCCG_009,177
GGCGTCAAAATTAGAAGCCG_010,62
GGCGTCAAAATTAGAAGCCG_011,18
GGCGTCAAAATTAGAAGCCG_012,190
GGCGTCAAAATTAGAAGCCG_013,120
GCGGCCGCGGACCCCGAACA_001,172
GCGGCCGCGGACCCCGAACA_002,65
GCGGCCGCGGACCCCGAACA_003,50
GCGGCCGCGGACCCCGAACA_004,31
GCGGCCGCGGACCCCGAACA_005,141
GCGGCCGCGGACCCCGAACA_006,169
GCGGCCGCGGACCCCGAACA_007,161
GTCCCTACAGTCAAACGCTG_001,93
GTCCCTACAGTCAAACGCTG_002,127
GTCCCTACAGTCAAACGCTG_003,88
GTCCCTACAGTCAAACGCTG_004,5
GTCCCTACAGTCAAACGCTG_005,117
GTCCCTACAGTCAAACGCTG_006,149
GTCCCTACAGTCAAACGCTG_007,103
GTCCCTACAGTCAAACGCTG_008,165
GTCCCTACAGTCAAACGCTG_009,119
GTCCCTACAGTCAAACGCTG_010,150
GTCCCTACAGTCAAACGCTG_011,190
GTCCCTACAGTCAAACGCTG_012,190
GTCCCTACAGTCAAACGCTG_013,70
GTCCCTACAGTCAAACGCTG_014,183
ACATAGTTTGTAAAGCCTGT_001,2
ACATAGTTTGTAAAGCCTGT_002,79
ACATAGTTTGTAAAGCCTGT_003,110
TGGTGATTGTAGTTAGTGGC_001,8
TGGTGATTGTAGTTAGTGGC_002,106
TGGTGATTGTAGTTAGTGGC_003,134
TGGTGATTGTAGTTAGTGGC_004,98
TGGTGATTGTAGTTAGTGGC_005,177
TGGTGATTGTAGTTAGTGGC_006,117
CACAACAGGTCTCTGGCCTA_001,77
CACAACAGGTCTCTGGCCTA_002,46
CACAACAGGTCTCTGGCCTA_003,81
GGAGTACCTGAAACTGAAGG_001,15
GGAGTACCTGAAACTGAAGG_002,87
GGAGTACCTGAAACTGAAGG_003,87
GGAGTACCTGAAACTGAAGG_004,150
GGAGTACCTGAAACTGAAGG_005,105
GGAGTACCTGAAACTGAAGG_006,0
GGAGTACCTGAAACTGAAGG_007,63
GGAGTACCTGAAACTGAAGG_008,138
GGAGTACCTGAAACTGAAGG_009,88
CGCATGGACGCATCACACAG_001,127
CGCATGGACGCATCACACAG_002,78
CGCATGGACGCATCACACAG_003,157
CGCATGGACGCATCACACAG_004,185
CGCATGGACGCATCACACAG_005,156
CGCATGGACGCATCACACAG_006,124
CGCATGGACGCATCACACAG_007,198
CGCATGGACGCATCACACAG_008,148
CGCATGGACGCATCACACAG_009,148
CGCATGGACGCATCACACAG_010,30
CGCATGGACGCATCACACAG_011,99
CGCATGGACGCATCACACAG_012,77
CGCATGGACGCATCACACAG_013,42
CGCATGGACGCATCACACAG_014,34
CGCATGGACGCATCACACAG_015,110
CGCATGGACGCATCACACAG_016,17
CGCATGGACGCATCACACAG_017,48
CGCATGGACGCATCACACAG_018,191
CGCATGGACGCATCACACAG_019,172
CGCATGGACGCATCACACAG_020,48
CGCATGGACGCATCACACAG_021,127
CGCATGGACGCATCACACAG_022,19
CGCATGGACGCATCACACAG_023,177
CGCATGGACGCATCACACAG_024,194
CGCATGGACGCATCACACAG_025,12
GAGAGCACGCAAAACAACAT_001,61
GAGAGCACGCAAAACAACAT_002,158
GAGAGCACGCAAAACAACAT_003,149
GAGAGCACGCAAAACAACAT_004,170
GAGAGCACGCAAAACAACAT_005,162
GAGAGCACGCAAAACAACAT_006,55
GTAGCGGTCGTAGAAAGGGT_001,29
GTAGCGGTCGTAGAAAGGGT_002,110
GTAGCGGTCGTAGAAAGGGT_003,113
GTAGCGGTCGTAGAAAGGGT_004,129
GTAGCGGTCGTAGAAAGGGT_005,87
GTAGCGGTCGTAGAAAGGGT_006,177
GTAGCGGTCGTAGAAAGGGT_007,177
ATTGCCAAATTCATACTGGT_001,154
ATTGCCAAATTCATACTGGT_002,41
ATTGCCAAATTCATACTGGT_003,12
ATTGCCAAATTCATACTGGT_004,198
ATTGCCAAATTCATACTGGT_005,94
ATTGCCAAATTCATACTGGT_006,103
ATTGCCAAATTCATACTGGT_007,33
GAAATCCCTCAGTCACAATG_001,4
GAAATCCCTCAGTCACAATG_002,123
GAAATCCCTCAGTCACAATG_003,86
GAAATCCCTCAGTCACAATG_004,55
GAAATCCCTCAGTCACAATG_005,93
GAAATCCCTCAGTCACAATG_006,160
GAAATCCCTCAGTCACAATG_007,199
GAAATCCCTCAGTCACAATG_008,2
GAAATCCCTCAGTCACAATG_009,88
GAAATCCCTCAGTCACAATG_010,7
GAAATCCCTCAGTCACAATG_011,182
GAAATCCCTCAGTCACAATG_012,3
GAAATCCCTCAGTCACAATG_013,12
GAAATCCCTCAGTCACAATG_014,101
GAAATCCCTCAGTCACAATG_015,119
GAAATCCCTCAGTCACAATG_016,42
GAAATCCCTCAGTCACAATG_017,127
CCCCCATGGCAGGCAACCAG_001,191
CCCCCATGGCAGGCAACCAG_002,146
CCCCCATGGCAGGCAACCAG_003,69
CCCCCATGGCAGGCAACCAG_004,30
CCCCCATGGCAGGCAACCAG_005,134
CCCCCATGGCAGGCAACCAG_006,71
CCCCCATGGCAGGCAACCAG_007,148
CCCCCATGGCAGGCAACCAG_008,92
CCCCCATGGCAGGCAACCAG_009,186
CCCCCATGGCAGGCAACCAG_010,48
CCCCCATGGCAGGCAACCAG_011,94
CTAGCTCTGACAGTCCGGAA_001,43
CTAGCTCTGACAGTCCGGAA_002,198
CTAGCTCTGACAGTCCGGAA_003,6
CTAGCTCTGACAGTCCGGAA_004,160
GTCCATATTCACCTAGGACA_001,58
GTCCATATTCACCTAGGACA_002,147
GTCCATATTCACCTAGGACA_003,130
GTCCATATTCACCTAGGACA_004,94
GTCCATATTCACCTAGGACA_005,60
GTCCATATTCACCTAGGACA_006,116
GTCCATATTCACCTAGGACA_007,127
CCATACCTTAAATACGTAGG_001,48
CCATACCTTAAATACGTAGG_002,122
CCATACCTTAAATACGTAGG_003,90
CCATACCTTAAATACGTAGG_004,175
CCATACCTTAAATACGTAGG_005,105
CCATACCTTAAATACGTAGG_006,193
CCATACCTTAAATACGTAGG_007,192
CCATACCTTAAATACGTAGG_008,65
CCATACCTTAAATACGTAGG_009,103
CTGGACCGGGGACTTCACGG_001,158
CTGGACCGGGGACTTCACGG_002,153
CTGGACCGGGGACTTCACGG_003,148
CTGGACCGGGGACTTCACGG_004,22
CTGGACCGGGGACTTCACGG_005,15
CTGGACCGGGGACTTCACGG_006,122
CTGGACCGGGGACTTCACGG_007,85
CTGGACCGGGGACTTCACGG_008,71
CTGGACCGGGGACTTCACGG_009,60
CTGGACCGGGGACTTCACGG_010,92
CTGGACCGGGGACTTCACGG_011,78
CTGGACCGGGGACTTCACGG_012,168
TGACCTTCGGGACCAACACG_001,17
TGACCTTCGGGACCAACACG_002,17
TGACCTTCGGGACCAACACG_003,106
TGACCTTCGGGACCAACACG_004,98
TGACCTTCGGGACCAACACG_005,4
TGACCTTCGGGACCAACACG_006,161
TGACCTTCGGGACCAACACG_007,92
TGACCTTCGGGACCAACACG_008,50
TGACCTTCGGGACCAACACG_009,193
TGACCTTCGGGACCAACACG_010,45
TGACCTTCGGGACCAACACG_011,21
TGACCTTCGGGACCAACACG_012,164
TGACCTTCGGGACCAACACG_013,164
TGACCTTCGGGACCAACACG_014,124
GCCCAACTTCAACACCAATG_001,6
GCCCAACTTCAACACCAATG_002,117
GATGGAACAGCAAATATGAC_001,2
GATGGAACAGCAAATATGAC_002,81
CGAGAACAACCCTACTGTCA_001,15
CGAGAACAACCCTACTGTCA_002,163
GTCCACAGCTCTGTCCGAGG_001,5
GTCCACAGCTCTGTCCGAGG_002,12
GTCCACAGCTCTGTCCGAGG_003,12
GTCCACAGCTCTGTCCGAGG_004,22
TCAATGATTTCCACTCTGGC_001,7
AGAAGCTGGCCGATTCTCTG_001,11
TGACACTATGGGGCTAGATG_001,50
TGACACTATGGGGCTAGATG_002,149
TGACACTATGGGGCTAGATG_003,193
TGACACTATGGGGCTAGATG_004,107
TGACCCAAAAACTGTAGGGA_001,85
TGACCCAAAAACTGTAGGGA_002,170
TGACCCAAAAACTGTAGGGA_003,147
TGACCCAAAAACTGTAGGGA_004,18
TGACCCAAAAACTGTAGGGA_005,61
TGACCCAAAAACTGTAGGGA_006,66
TGACCCAAAAACTGTAGGGA_007,1
CTCTCCAACTCCACTCCCAG_001,130
CTCTCCAACTCCACTCCCAG_002,72
CTCTCCAACTCCACTCCCAG_003,130
CTCTCCAACTCCACTCCCAG_004,41
CTCTCCAACTCCACTCCCAG_005,193
CTCTCCAACTCCACTCCCAG_006,166
CTCTCCAACTCCACTCCCAG_007,127
CTCTCCAACTCCACTCCCAG_008,134
CTCTCCAACTCCACTCCCAG_009,65
CTCTCCAACTCCACTCCCAG_010,189
CCTTGACCTATGACATACAG_001,8
CCTTGACCTATGACATACAG_002,82
CCTTGACCTATGACATACAG_003,92
CCTTGACCTATGACATACAG_004,146
CCTTGACCTATGACATACAG_005,15
CCTTGACCTATGACATACAG_006,65
ACCTCCGAAGGCGACAATGG_001,10
ACCTCCGAAGGCGACAATGG_002,46
ACCTCCGAAGGCGACAATGG_003,75
ACCTCCGAAGGCGACAATGG_004,197
ACCTCCGAAGGCGACAATGG_005,74
ACCTCCGAAGGCGACAATGG_006,67
ACCTCCGAAGGCGACAATGG_007,49
ACCTCCGAAGGCGACAATGG_008,166
ACCTCCGAAGGCGACAATGG_009,34
ACCTCCGAAGGCGACAATGG_010,28
ACCTCCGAAGGCGACAATGG_011,44
ACCTCCGAAGGCGACAATGG_012,112
ACCTCCGAAGGCGACAATGG_013,68
ACCTCCGAAGGCGACAATGG_014,177
ACCTCCGAAGGCGACAATGG_015,29
ACCTCCGAAGGCGACAATGG_016,156
ACCTCCGAAGGCGACAATGG_017,50
ACCTCCGAAGGCGACAATGG_018,40
ACCTCCGAAGGCGACAATGG_019,77
TAGGAGCTGTATCTAGTGGC_001,83
TAGGAGCTGTATCTAGTGGC_002,40
TAGGAGCTGTATCTAGTGGC_003,104
TAGGAGCTGTATCTAGTGGC_004,158
TAGGAGCTGTATCTAGTGGC_005,110
TAGGAGCTGTATCTAGTGGC_006,150
TAGGAGCTGTATCTAGTGGC_007,151
TTGCTGAAGAGAGTTTGGTG_001,77
TTGCTGAAGAGAGTTTGGTG_002,45
TTGCTGAAGAGAGTTTGGTG_003,62
TTGCTGAAGAGAGTTTGGTG_004,157
TTGCTGAAGAGAGTTTGGTG_005,1
TTGCTGAAGAGAGTTTGGTG_006,78
TTGCTGAAGAGAGTTTGGTG_007,127
TTGCTGAAGAGAGTTTGGTG_008,54
TTGCTGAAGAGAGTTTGGTG_009,65
TTGCTGAAGAGAGTTTGGTG_010,107
TTGCTGAAGAGAGTTTGGTG_011,62
TTGCTGAAGAGAGTTTGGTG_012,182
TTGCTGAAGAGAGTTTGGTG_013,69
TTGCTGAAGAGAGTTTGGTG_014,11
TTGCTGAAGAGAGTTTGGTG_015,93
TTGCTGAAGAGAGTTTGGTG_016,158
TTGCTGAAGAGAGTTTGGTG_017,119
TTGCTGAAGAGAGTTTGGTG_018,103
TTGCTGAAGAGAGTTTGGTG_019,76
TTGCTGAAGAGAGTTTGGTG_020,68
TTGCTGAAGAGAGTTTGGTG_021,43
TTGCTGAAGAGAGTTTGGTG_022,140
TTGCTGAAGAGAGTTTGGTG_023,68
TTGCTGAAGAGAGTTTGGTG_024,87
TTGCTGAAGAGAGTTTGGTG_025,87
TTGCTGAAGAGAGTTTGGTG_026,89
TTGCTGAAGAGAGTTTGGTG_027,17
TTGCTGAAGAGAGTTTGGTG_028,158
TTGCTGAAGAGAGTTTGGTG_029,153
TTGCTGAAGAGAGTTTGGTG_030,175
TTGCTGAAGAGAGTTTGGTG_031,29
TTGCTGAAGAGAGTTTGGTG_032,2
TTGCTGAAGAGAGTTTGGTG_033,184
TTGCTGAAGAGAGTTTGGTG_034,117
GAGGATACGGAACAGGTCGA_001,137
GAGGATACGGAACAGGTCGA_002,188
GAGGATACGGAACAGGTCGA_003,184
GAGGATACGGAACAGGTCGA_004,61
GAGGATACGGAACAGGTCGA_005,0
GAGGATACGGAACAGGTCGA_006,75
GAGGATACGGAACAGGTCGA_007,169
GAGGATACGGAACAGGTCGA_008,16
GAGGATACGGAACAGGTCGA_009,166
GAGGATACGGAACAGGTCGA_010,115
GAGGATACGGAACAGGTCGA_011,190
GAGGATACGGAACAGGTCGA_012,56
GAGGATACGGAACAGGTCGA_013,105
GAGGATACGGAACAGGTCGA_014,70
GAGGATACGGAACAGGTCGA_015,85
GAGGATACGGAACAGGTCGA_016,123
GAGGATACGGAACAGGTCGA_017,193
GAGGATACGGAACAGGTCGA_018,158
GAGGATACGGAACAGGTCGA_019,174
GAGGATACGGAACAGGTCGA_020,137
GAGGATACGGAACAGGTCGA_021,138
GAGGATACGGAACAGGTCGA_022,187
GAGGATACGGAACAGGTCGA_023,165
GAGGATACGGAACAGGTCGA_024,41
CCCACCCACTCAGCTCACTC_001,127
CCCACCCACTCAGCTCACTC_002,170
CCCACCCACTCAGCTCACTC_003,31
CCCACCCACTCAGCTCACTC_004,169
CCCACCCACTCAGCTCACTC_005,146
CCCACCCACTCAGCTCACTC_006,106
CCCACCCACTCAGCTCACTC_007,77
ACAGCGAGGGCTCTACGTAG_001,77
ACAGCGAGGGCTCTACGTAG_002,120
ACAGCGAGGGCTCTACGTAG_003,186
ACAGCGAGGGCTCTACGTAG_004,88
ACAGCGAGGGCTCTACGTAG_005,40
ACAGCGAGGGCTCTACGTAG_006,119
ACAGCGAGGGCTCTACGTAG_007,115
CCTTGGTTACAGTTCATGTG_001,174
CCTTGGTTACAGTTCATGTG_002,26
CCTTGGTTACAGTTCATGTG_003,127
CCTTGGTTACAGTTCATGTG_004,10
CCTTGGTTACAGTTCATGTG_005,76
CCTTGGTTACAGTTCATGTG_006,174
CCTTGGTTACAGTTCATGTG_007,68
CCTTGGTTACAGTTCATGTG_008,113
CCTTGGTTACAGTTCATGTG_009,130
CCTTGGTTACAGTTCATGTG_010,144
CCTTGGTTACAGTTCATGTG_011,181
CCTTGGTTACAGTTCATGTG_012,69
CCTTGGTTACAGTTCATGTG_013,40
GGCATCTTCTTCATCGAGGG_001,160
GGCATCTTCTTCATCGAGGG_002,103
GGCATCTTCTTCATCGAGGG_003,103
GGCATCTTCTTCATCGAGGG_004,27
GGCATCTTCTTCATCGAGGG_005,41
GGCATCTTCTTCATCGAGGG_006,140
GGCATCTTCTTCATCGAGGG_007,184
TTACCTGGAGCGTTTCGTAG_001,169
TTACCTGGAGCGTTTCGTAG_002,76
TTACCTGGAGCGTTTCGTAG_003,139
TTACCTGGAGCGTTTCGTAG_004,196
TTACCTGGAGCGTTTCGTAG_005,130
TTACCTGGAGCGTTTCGTAG_006,141
TTACCTGGAGCGTTTCGTAG_007,70
TTACCTGGAGCGTTTCGTAG_008,155
TTACCTGGAGCGTTTCGTAG_009,42
TTACCTGGAGCGTTTCGTAG_010,104
TTACCTGGAGCGTTTCGTAG_011,94
TTACCTGGAGCGTTTCGTAG_012,15
TTACCTGGAGCGTTTCGTAG_013,178
TTACCTGGAGCGTTTCGTAG_014,55
TTACCTGGAGCGTTTCGTAG_015,88
TTACCTGGAGCGTTTCGTAG_016,105
TTACCTGGAGCGTTTCGTAG_017,45
TTACCTGGAGCGTTTCGTAG_018,65
TTACCTGGAGCGTTTCGTAG_019,147
TTACCTGGAGCGTTTCGTAG_020,11
TTACCTGGAGCGTTTCGTAG_021,45
TTACCTGGAGCGTTTCGTAG_022,144
TTACCTGGAGCGTTTCGTAG_023,175
TCCACCCCGAATCCTGCAGT_001,84
TCCACCCCGAATCCTGCAGT_002,150
TCCACCCCGAATCCTGCAGT_003,2
TCCACCCCGAATCCTGCAGT_004,61
TCCACCCCGAATCCTGCAGT_005,107
TCCACCCCGAATCCTGCAGT_006,9
TCCACCCCGAATCCTGCAGT_007,42
TCCACCCCGAATCCTGCAGT_008,81
CTTTCCCACATACCAACAGA_001,150
CTTTCCCACATACCAACAGA_002,40
CTTTCCCACATACCAACAGA_003,10
CTTTCCCACATACCAACAGA_004,143
CTTTCCCACATACCAACAGA_005,1
CTTTCCCACATACCAACAGA_006,184
TCAAAGAAATAGGTTGCAAG_001,105
TCAAAGAAATAGGTTGCAAG_002,136
TCAAAGAAATAGGTTGCAAG_003,54
TCAAAGAAATAGGTTGCAAG_004,199
CGTGTCTGTTCAAACCGGCA_001,130
CGTGTCTGTTCAAACCGGCA_002,140
CGTGTCTGTTCAAACCGGCA_003,65
CACATACTAGACACCCGCCG_001,166
CACATACTAGACACCCGCCG_002,64
CACATACTAGACACCCGCCG_003,146
CACATACTAGACACCCGCCG_004,48
CACATACTAGACACCCGCCG_005,12
CACATACTAGACACCCGCCG_006,88
CACATACTAGACACCCGCCG_007,141
TCTGCATGGTGGTATAGTAG_001,6
TCTGCATGGTGGTATAGTAG_002,172
TCTGCATGGTGGTATAGTAG_003,127
TCTGCATGGTGGTATAGTAG_004,94
TGGCGCCCCTCAAAAAACTC_001,48
TGGCGCCCCTCAAAAAACTC_002,49
TGGCGCCCCTCAAAAAACTC_003,76
TGGCGCCCCTCAAAAAACTC_004,144
TGGCGCCCCTCAAAAAACTC_005,104
TGGCGCCCCTCAAAAAACTC_006,185
TGGCGCCCCTCAAAAAACTC_007,94
TGGCGCCCCTCAAAAAACTC_008,6
TGGCGCCCCTCAAAAAACTC_009,122
TGGCGCCCCTCAAAAAACTC_010,152
TGGCGCCCCTCAAAAAACTC_011,78
TGGCGCCCCTCAAAAAACTC_012,116
AGTATAAGAAGTTTCCACAT_001,194
AGTATAAGAAGTTTCCACAT_002,25
AGTATAAGAAGTTTCCACAT_003,107
AGTATAAGAAGTTTCCACAT_004,127
AGTATAAGAAGTTTCCACAT_005,61
AGTATAAGAAGTTTCCACAT_006,154
AGTATAAGAAGTTTCCACAT_007,76
AGTATAAGAAGTTTCCACAT_008,50
AGTATAAGAAGTTTCCACAT_009,93
AGTATAAGAAGTTTCCACAT_010,27
CCGCGGCGGGGATTCCCCGG_001,21
CCGCGGCGGGGATTCCCCGG_002,102
CCGCGGCGGGGATTCCCCGG_003,7
TTTCCATCCCACTGGCGGAG_001,49
TTTCCATCCCACTGGCGGAG_002,85
TTTCCATCCCACTGGCGGAG_003,144
TTTCCATCCCACTGGCGGAG_004,143
TTTCCATCCCACTGGCGGAG_005,149
TTTCCATCCCACTGGCGGAG_006,168
TTTCCATCCCACTGGCGGAG_007,79
TTTCCATCCCACTGGCGGAG_008,19
TGGCGATGCAGGTCACAATG_001,182
TGGCGATGCAGGTCACAATG_002,112
TGGCGATGCAGGTCACAATG_003,38
TGGCGATGCAGGTCACAATG_004,139
GACACTGTAGCAGTTCTCAG_001,119
GACACTGTAGCAGTTCTCAG_002,28
GACACTGTAGCAGTTCTCAG_003,152
GACACTGTAGCAGTTCTCAG_004,29
GACACTGTAGCAGTTCTCAG_005,16
GACACTGTAGCAGTTCTCAG_006,129
GACACTGTAGCAGTTCTCAG_007,132
GACACTGTAGCAGTTCTCAG_008,11
GACACTGTAGCAGTTCTCAG_009,19
GACACTGTAGCAGTTCTCAG_010,63
CAGATGCCACACGTATCAAG_001,79
CAGATGCCACACGTATCAAG_002,60
CAGATGCCACACGTATCAAG_003,33
AAGGCCCAGCTAGAGCGGAT_001,183
AAGGCCCAGCTAGAGCGGAT_002,106
AAGGCCCAGCTAGAGCGGAT_003,121
AAGGCCCAGCTAGAGCGGAT_004,197
AAGGCCCAGCTAGAGCGGAT_005,57
AAGGCCCAGCTAGAGCGGAT_006,104
AAGGCCCAGCTAGAGCGGAT_007,133
AAGGCCCAGCTAGAGCGGAT_008,172
AAGGCCCAGCTAGAGCGGAT_009,34
AAGGCCCAGCTAGAGCGGAT_010,49
AAGGCCCAGCTAGAGCGGAT_011,129
AAGGCCCAGCTAGAGCGGAT_012,16
AAGGCCCAGCTAGAGCGGAT_013,81
AAGGCCCAGCTAGAGCGGAT_014,146
AAGGCCCAGCTAGAGCGGAT_015,176
AAGGCCCAGCTAGAGCGGAT_016,11
AAGGCCCAGCTAGAGCGGAT_017,4
AAGGCCCAGCTAGAGCGGAT_018,28
AAGGCCCAGCTAGAGCGGAT_019,45
AAGGCCCAGCTAGAGCGGAT_020,14
CTCCACTAGCACCATGTCGT_001,77
CTCCACTAGCACCATGTCGT_002,168
TAGGAGCCCCGTTCTCACAA_001,161
TAGGAGCCCCGTTCTCACAA_002,161
TAGGAGCCCCGTTCTCACAA_003,62
TAGGAGCCCCGTTCTCACAA_004,166
TAGGAGCCCCGTTCTCACAA_005,168
TAGGAGCCCCGTTCTCACAA_006,145
TAGGAGCCCCGTTCTCACAA_007,82
TAGGAGCCCCGTTCTCACAA_008,51
TAGGAGCCCCGTTCTCACAA_009,4
CGGTGATGGAGAGGGCACAC_001,115
CGGTGATGGAGAGGGCACAC_002,74
CGGTGATGGAGAGGGCACAC_003,62
CGGTGATGGAGAGGGCACAC_004,137
CGGTGATGGAGAGGGCACAC_005,68
CGGTGATGGAGAGGGCACAC_006,43
CGGTGATGGAGAGGGCACAC_007,29
CGGTGATGGAGAGGGCACAC_008,172
CGGTGATGGAGAGGGCACAC_009,191
CGGTGATGGAGAGGGCACAC_010,98
CGGTGATGGAGAGGGCACAC_011,46
CGGTGATGGAGAGGGCACAC_012,182
CGGTGATGGAGAGGGCACAC_013,87
CGGTGATGGAGAGGGCACAC_014,185
CGGTGATGGAGAGGGCACAC_015,72
CGGTGATGGAGAGGGCACAC_016,172
CGGTGATGGAGAGGGCACAC_017,165
CGGTGATGGAGAGGGCACAC_018,127
CGGTGATGGAGAGGGCACAC_019,151
CGGTGATGGAGAGGGCACAC_020,170
CGGTGATGGAGAGGGCACAC_021,42
CGGTGATGGAGAGGGCACAC_022,172
CGGTGATGGAGAGGGCACAC_023,197
ATTGTGTTGGCATATTTCAG_001,104
ATTGTGTTGGCATATTTCAG_002,29
ATTGTGTTGGCATATTTCAG_003,130
ATTGTGTTGGCATATTTCAG_004,40
ATTGTGTTGGCATATTTCAG_005,197
ATTGTGTTGGCATATTTCAG_006,58
GGATGTTCTGATACGCGCGT_001,171
GGATGTTCTGATACGCGCGT_002,134
CAACGCTGTGTGAATGATGT_001,58
CAACGCTGTGTGAATGATGT_002,170
CAACGCTGTGTGAATGATGT_003,147
CAACGCTGTGTGAATGATGT_004,188
TGGGCGTCACCACCTCGATG_001,169
TGGGCGTCACCACCTCGATG_002,160
TGGGCGTCACCACCTCGATG_003,47
TGGGCGTCACCACCTCGATG_004,137
TGGGCGTCACCACCTCGATG_005,196
TGGGCGTCACCACCTCGATG_006,147
TGGGCGTCACCACCTCGATG_007,9
TGGGCGTCACCACCTCGATG_008,42
TGGGCGTCACCACCTCGATG_009,103
TGGGCGTCACCACCTCGATG_010,72
TGGGCGTCACCACCTCGATG_011,116
TGGGCGTCACCACCTCGATG_012,91
TGGGCGTCACCACCTCGATG_013,160
TGGGCGTCACCACCTCGATG_014,63
TGGGCGTCACCACCTCGATG_015,198
TGGGCGTCACCACCTCGATG_016,109
ATCCCCTAGGGACCTAACCA_001,0
ATCCCCTAGGGACCTAACCA_002,177
ATCCCCTAGGGACCTAACCA_003,29
ATCCCCTAGGGACCTAACCA_004,149
ATCCCCTAGGGACCTAACCA_005,64
ATCCCCTAGGGACCTAACCA_006,41
ATCCCCTAGGGACCTAACCA_007,142
ATCCCCTAGGGACCTAACCA_008,168
ATCCCCTAGGGACCTAACCA_009,30
ATCCCCTAGGGACCTAACCA_010,85
AGTCACTGAAATCCATTCGT_001,13
AGTCACTGAAATCCATTCGT_002,146
AGTCACTGAAATCCATTCGT_003,199
AGTCACTGAAATCCATTCGT_004,158
AGTTTCAAAGCCGACCTCGT_001,149
AGTTTCAAAGCCGACCTCGT_002,58
AGTTTCAAAGCCGACCTCGT_003,141
AGAAATTGGACGAGACTGCG_001,92
AGAAATTGGACGAGACTGCG_002,92
AGAAATTGGACGAGACTGCG_003,77
AGAAATTGGACGAGACTGCG_004,81
AGAAATTGGACGAGACTGCG_005,0
AGAAATTGGACGAGACTGCG_006,106
AGAAATTGGACGAGACTGCG_007,102
AGAAATTGGACGAGACTGCG_008,69
AGAAATTGGACGAGACTGCG_009,114
AGAAATTGGACGAGACTGCG_010,132
AGAAATTGGACGAGACTGCG_011,170
AGAAATTGGACGAGACTGCG_012,55
AGAAATTGGACGAGACTGCG_013,160
AGAAATTGGACGAGACTGCG_014,60
CAGTACTTACTGGTTCCGTG_001,198
CAGTACTTACTGGTTCCGTG_002,94
CAGTACTTACTGGTTCCGTG_003,43
CAGTACTTACTGGTTCCGTG_004,153
CAGTACTTACTGGTTCCGTG_005,57
CAGTACTTACTGGTTCCGTG_006,191
CAGTACTTACTGGTTCCGTG_007,114
CAGTACTTACTGGTTCCGTG_008,29
CAGTACTTACTGGTTCCGTG_009,144
CAGTACTTACTGGTTCCGTG_010,168
GCAGGGGAACCTGCGCCGAG_001,199
GCAGGGGAACCTGCGCCGAG_002,19
GCAGGGGAACCTGCGCCGAG_003,48
GCAGGGGAACCTGCGCCGAG_004,77
GCAGGGGAACCTGCGCCGAG_005,13
GCAGGGGAACCTGCGCCGAG_006,197
GCAGGGGAACCTGCGCCGAG_007,43
GCAGGGGAACCTGCGCCGAG_008,40
GCAGGGGAACCTGCGCCGAG_009,90
GCAGGGGAACCTGCGCCGAG_010,114
GCAGGGGAACCTGCGCCGAG_011,153
GCAGGGGAACCTGCGCCGAG_012,144
GCAGGGGAACCTGCGCCGAG_013,48
GCAGGGGAACCTGCGCCGAG_014,87
CACAGCCCGGGAATTCTCAG_001,12
CACAGCCCGGGAATTCTCAG_002,2
CACAGCCCGGGAATTCTCAG_003,28
CACAGCCCGGGAATTCTCAG_004,141
CACAGCCCGGGAATTCTCAG_005,95
CACAGCCCGGGAATTCTCAG_006,198
CACAGCCCGGGAATTCTCAG_007,130
CACAGCCCGGGAATTCTCAG_008,65
CACAGCCCGGGAATTCTCAG_009,93
CACAGCCCGGGAATTCTCAG_010,98
CACAGCCCGGGAATTCTCAG_011,76
CACAGCCCGGGAATTCTCAG_012,107
CACAGCCCGGGAATTCTCAG_013,52
CACAGCCCGGGAATTCTCAG_014,98
CACAGCCCGGGAATTCTCAG_015,48
CACAGCCCGGGAATTCTCAG_016,174
CACAGCCCGGGAATTCTCAG_017,175
CACAGCCCGGGAATTCTCAG_018,105
CACAGCCCGGGAATTCTCAG_019,199
CACAGCCCGGGAATTCTCAG_020,2
CACAGCCCGGGAATTCTCAG_021,196
CACAGCCCGGGAATTCTCAG_022,1
CACAGCCCGGGAATTCTCAG_023,52
CACAGCCCGGGAATTCTCAG_024,58
CACAGCCCGGGAATTCTCAG_025,41
CACAGCCCGGGAATTCTCAG_026,199
CACAGCCCGGGAATTCTCAG_027,168
CACAGCCCGGGAATTCTCAG_028,175
CACAGCCCGGGAATTCTCAG_029,27
CACAGCCCGGGAATTCTCAG_030,68
CACAGCCCGGGAATTCTCAG_031,71
GACGCTGCTAGACTACCAGT_001,173
CATCTTCACTCTCTAATGGT_001,70
CATCTTCACTCTCTAATGGT_002,103
CATCTTCACTCTCTAATGGT_003,98
TGAGAATTCGGTCATCAAAG_001,43
TGAGAATTCGGTCATCAAAG_002,68
TCGGCTGAACTGCTCATCAT_001,177
TCGGCTGAACTGCTCATCAT_002,127
TCGGCTGAACTGCTCATCAT_003,15
TCGGCTGAACTGCTCATCAT_004,43
TCGGCTGAACTGCTCATCAT_005,61
TCGGCTGAACTGCTCATCAT_006,3
TCGGCTGAACTGCTCATCAT_007,170
TCGGCTGAACTGCTCATCAT_008,184
TCGGCTGAACTGCTCATCAT_009,115
TCGGCTGAACTGCTCATCAT_010,105
TGAAACGGTCGCATCGACAG_001,88
TGAAACGGTCGCATCGACAG_002,28
TGAAACGGTCGCATCGACAG_003,45
TGAAACGGTCGCATCGACAG_004,168
TGAAACGGTCGCATCGACAG_005,91
TGAAACGGTCGCATCGACAG_006,85
TGAAACGGTCGCATCGACAG_007,195
TGCACACCTATGGGCAAACT_001,7
TGCACACCTATGGGCAAACT_002,158
TGCACACCTATGGGCAAACT_003,28
TTGGTGCAGACATACTAGCA_001,146
TTGGTGCAGACATACTAGCA_002,190
TTGGTGCAGACATACTAGCA_003,170
TTGGTGCAGACATACTAGCA_004,111
TTGGTGCAGACATACTAGCA_005,156
TTGGTGCAGACATACTAGCA_006,15
TTGGTGCAGACATACTAGCA_007,67
TTGGTGCAGACATACTAGCA_008,103
TTGGTGCAGACATACTAGCA_009,121
TTGGTGCAGACATACTAGCA_010,190
ATTCAGCGCGCTCGCCCTGG_001,29
ATTCAGCGCGCTCGCCCTGG_002,116
ATTCAGCGCGCTCGCCCTGG_003,14
ATTCAGCGCGCTCGCCCTGG_004,7
ATTCAGCGCGCTCGCCCTGG_005,105
ATTCAGCGCGCTCGCCCTGG_006,78
ATTCAGCGCGCTCGCCCTGG_007,154
ATTCAGCGCGCTCGCCCTGG_008,27
ATTCAGCGCGCTCGCCCTGG_009,183
ATTCAGCGCGCTCGCCCTGG_010,108
ATTCAGCGCGCTCGCCCTGG_011,22
ATTCAGCGCGCTCGCCCTGG_012,174
ATTCAGCGCGCTCGCCCTGG_013,107
ATTCAGCGCGCTCGCCCTGG_014,147
ATTCAGCGCGCTCGCCCTGG_015,119
ATTCAGCGCGCTCGCCCTGG_016,198
ATTCAGCGCGCTCGCCCTGG_017,82
ATTCAGCGCGCTCGCCCTGG_018,190
ATTCAGCGCGCTCGCCCTGG_019,70
ATTCAGCGCGCTCGCCCTGG_020,184
ATTCAGCGCGCTCGCCCTGG_021,6
ATTCAGCGCGCTCGCCCTGG_022,6
ATTCAGCGCGCTCGCCCTGG_023,62
ATTCAGCGCGCTCGCCCTGG_024,96
ATTCAGCGCGCTCGCCCTGG_025,66
ATTCAGCGCGCTCGCCCTGG_026,88
CTGTGGATGTTGAATATGCA_001,8
CTGTGGATGTTGAATATGCA_002,60
CTGTGGATGTTGAATATGCA_003,176
CTGTGGATGTTGAATATGCA_004,118
CTGTGGATGTTGAATATGCA_005,52
CTGTGGATGTTGAATATGCA_006,122
CTGTGGATGTTGAATATGCA_007,56
CTGTGGATGTTGAATATGCA_008,48
CTGTGGATGTTGAATATGCA_009,3
CTGTGGATGTTGAATATGCA_010,168
CTGTGGATGTTGAATATGCA_011,149
GCTGGTTGTACCGATCATTG_001,86
GCTGGTTGTACCGATCATTG_002,161
CATGACTCATGCTGATGCGC_001,121
CATGACTCATGCTGATGCGC_002,61
CATGACTCATGCTGATGCGC_003,12
GTGATAATATTAAGGTGCTG_001,184
AGCATAATCGATGCCCAGTG_001,60
AGCATAATCGATGCCCAGTG_002,197
AGCATAATCGATGCCCAGTG_003,78
AGCATAATCGATGCCCAGTG_004,15
AGCATAATCGATGCCCAGTG_005,81
AGCATAATCGATGCCCAGTG_006,29
AGCATAATCGATGCCCAGTG_007,130
AGCATAATCGATGCCCAGTG_008,177
GATGTGTTGGAAAAGTGCGC_001,9
GATGTGTTGGAAAAGTGCGC_002,127
GATGTGTTGGAAAAGTGCGC_003,169
GATGTGTTGGAAAAGTGCGC_004,156
GATGTGTTGGAAAAGTGCGC_005,121
GATGTGTTGGAAAAGTGCGC_006,32
GATGTGTTGGAAAAGTGCGC_007,157
GATGTGTTGGAAAAGTGCGC_008,171
GATGTGTTGGAAAAGTGCGC_009,117
GATGTGTTGGAAAAGTGCGC_010,57
GATGTGTTGGAAAAGTGCGC_011,110
GATGTGTTGGAAAAGTGCGC_012,110
GATGTGTTGGAAAAGTGCGC_013,19
GATGTGTTGGAAAAGTGCGC_014,94
GATGTGTTGGAAAAGTGCGC_015,108
GATGTGTTGGAAAAGTGCGC_016,129
GATGTGTTGGAAAAGTGCGC_017,88
GATGTGTTGGAAAAGTGCGC_018,28
GATGTGTTGGAAAAGTGCGC_019,17
GATGTGTTGGAAAAGTGCGC_020,90
CACTGAGCTACACATGACCA_001,60
CACTGAGCTACACATGACCA_002,81
CACTGAGCTACACATGACCA_003,44
CACTGAGCTACACATGACCA_004,18
CACTGAGCTACACATGACCA_005,175
GGGCGAGGCAGCATTCACGC_001,14
GGGCGAGGCAGCATTCACGC_002,158
GGGCGAGGCAGCATTCACGC_003,102
GGGCGAGGCAGCATTCACGC_004,37
GGGCGAGGCAGCATTCACGC_005,174
GGGCGAGGCAGCATTCACGC_006,37
GGGCGAGGCAGCATTCACGC_007,97
GGGCGAGGCAGCATTCACGC_008,112
GGGCGAGGCAGCATTCACGC_009,58
GGGCGAGGCAGCATTCACGC_010,177
GGGCGAGGCAGCATTCACGC_011,129
GGGCGAGGCAGCATTCACGC_012,116
GGGCGAGGCAGCATTCACGC_013,105
GGGCGAGGCAGCATTCACGC_014,198
GGGCGAGGCAGCATTCACGC_015,41
GGGCGAGGCAGCATTCACGC_016,126
GGGCGAGGCAGCATTCACGC_017,130
GTCATTTCTCCCATGCAGCG_001,150
GTCATTTCTCCCATGCAGCG_002,31
GTCATTTCTCCCATGCAGCG_003,10
GTCATTTCTCCCATGCAGCG_004,151
GTCATTTCTCCCATGCAGCG_005,77
GTCATTTCTCCCATGCAGCG_006,21
GTCATTTCTCCCATGCAGCG_007,115
GTCATTTCTCCCATGCAGCG_008,46
GTCATTTCTCCCATGCAGCG_009,174
GTCATTTCTCCCATGCAGCG_010,56
GTCATTTCTCCCATGCAGCG_011,34
GTCATTTCTCCCATGCAGCG_012,44
AGGACAGGTGGATCAATGCA_001,181
AGGACAGGTGGATCAATGCA_002,188
AGGACAGGTGGATCAATGCA_003,77
AGGACAGGTGGATCAATGCA_004,120
AGGACAGGTGGATCAATGCA_005,172
AGGACAGGTGGATCAATGCA_006,115
AGGACAGGTGGATCAATGCA_007,181
AGGACAGGTGGATCAATGCA_008,191
AGGACAGGTGGATCAATGCA_009,144
AGGACAGGTGGATCAATGCA_010,156
AGGACAGGTGGATCAATGCA_011,181
AGGACAGGTGGATCAATGCA_012,62
AGGACAGGTGGATCAATGCA_013,49
AGGACAGGTGGATCAATGCA_014,184
AGGACAGGTGGATCAATGCA_015,113
AGGACAGGTGGATCAATGCA_016,191
AGGACAGGTGGATCAATGCA_017,120
AGGACAGGTGGATCAATGCA_018,141
AGGACAGGTGGATCAATGCA_019,146
AGGACAGGTGGATCAATGCA_020,102
AGGACAGGTGGATCAATGCA_021,170
AGGACAGGTGGATCAATGCA_022,152
AGGACAGGTGGATCAATGCA_023,62
AGGACAGGTGGATCAATGCA_024,88
AGGACAGGTGGATCAATGCA_025,94
AGGACAGGTGGATCAATGCA_026,170
AGGACAGGTGGATCAATGCA_027,62
AGGACAGGTGGATCAATGCA_028,66
AGGACAGGTGGATCAATGCA_029,170
AGGACAGGTGGATCAATGCA_030,69
AGGACAGGTGGATCAATGCA_031,137
TCTCTGCAGCACATCCACGC_001,170
TCTCTGCAGCACATCCACGC_002,137
TCTCTGCAGCACATCCACGC_003,20
TCTCTGCAGCACATCCACGC_004,34
TCTCTGCAGCACATCCACGC_005,146
TGGAGCAGCCTGTGGCACGT_001,149
TGGAGCAGCCTGTGGCACGT_002,185
TGGAGCAGCCTGTGGCACGT_003,42
TGGAGCAGCCTGTGGCACGT_004,96
TGGAGCAGCCTGTGGCACGT_005,92
TGGAGCAGCCTGTGGCACGT_006,24
TGGAGCAGCCTGTGGCACGT_007,66
TGGAGCAGCCTGTGGCACGT_008,82
TGGAGCAGCCTGTGGCACGT_009,53
TTTCGCCCAAGAGGCTTGGG_001,32
TTTCGCCCAAGAGGCTTGGG_002,37
TTTCGCCCAAGAGGCTTGGG_003,160
TTTCGCCCAAGAGGCTTGGG_004,181
TTTCGCCCAAGAGGCTTGGG_005,153
TTTCGCCCAAGAGGCTTGGG_006,34
TTTCGCCCAAGAGGCTTGGG_007,160
TTTCGCCCAAGAGGCTTGGG_008,92
TTTCGCCCAAGAGGCTTGGG_009,98
TTTCGCCCAAGAGGCTTGGG_010,146
TTTCGCCCAAGAGGCTTGGG_011,130
TTTCGCCCAAGAGGCTTGGG_012,28
TTTCGCCCAAGAGGCTTGGG_013,174
TTTCGCCCAAGAGGCTTGGG_014,77
TTTCGCCCAAGAGGCTTGGG_015,119
TTTCGCCCAAGAGGCTTGGG_016,50
TTTCGCCCAAGAGGCTTGGG_017,54
TTTCGCCCAAGAGGCTTGGG_018,140
TTTCGCCCAAGAGGCTTGGG_019,26
TTTCGCCCAAGAGGCTTGGG_020,125
TTTCGCCCAAGAGGCTTGGG_021,18
TTTCGCCCAAGAGGCTTGGG_022,118
TTTCGCCCAAGAGGCTTGGG_023,124
AAGTATTCCCGGCTCCCGCG_001,56
AAGTATTCCCGGCTCCCGCG_002,132
AAGTATTCCCGGCTCCCGCG_003,194
AAGTATTCCCGGCTCCCGCG_004,75
AAGTATTCCCGGCTCCCGCG_005,147
AAGTATTCCCGGCTCCCGCG_006,61
AAGTATTCCCGGCTCCCGCG_007,40
AAGTATTCCCGGCTCCCGCG_008,81
AAGTATTCCCGGCTCCCGCG_009,115
AAGTATTCCCGGCTCCCGCG_010,168
AAGTATTCCCGGCTCCCGCG_011,17
AAGTATTCCCGGCTCCCGCG_012,57
AAGTATTCCCGGCTCCCGCG_013,50
AAGTATTCCCGGCTCCCGCG_014,175
AAGTATTCCCGGCTCCCGCG_015,137
AAGTATTCCCGGCTCCCGCG_016,147
AAGTATTCCCGGCTCCCGCG_017,127
AAGTATTCCCGGCTCCCGCG_018,172
AAGTATTCCCGGCTCCCGCG_019,172
AAGTATTCCCGGCTCCCGCG_020,29
AAGTATTCCCGGCTCCCGCG_021,180
AAGTATTCCCGGCTCCCGCG_022,142
AAGTATTCCCGGCTCCCGCG_023,151
AGGACAGGCAGATACCAGAG_001,56
CAGGCAGAACATCAGGCCCA_001,23
CAGGCAGAACATCAGGCCCA_002,11
CAGGCAGAACATCAGGCCCA_003,23
CAGGCAGAACATCAGGCCCA_004,2
CAGGCAGAACATCAGGCCCA_005,194
CAGGCAGAACATCAGGCCCA_006,92
CAGGCAGAACATCAGGCCCA_007,95
CAGGCAGAACATCAGGCCCA_008,158
GACCCATGATAAAGAACACA_001,38
GACCCATGATAAAGAACACA_002,121
GACCCATGATAAAGAACACA_003,58
TACTGTACCAGACAAACTCG_001,26
TACTGTACCAGACAAACTCG_002,48
TACTGTACCAGACAAACTCG_003,186
TACTGTACCAGACAAACTCG_004,93
TACTGTACCAGACAAACTCG_005,119
TACTGTACCAGACAAACTCG_006,156
TACTGTACCAGACAAACTCG_007,86
TACTGTACCAGACAAACTCG_008,27
TACTGTACCAGACAAACTCG_009,130
AGCAGTGCCACCGAGTCAGA_001,30
AGCAGTGCCACCGAGTCAGA_002,161
AGCAGTGCCACCGAGTCAGA_003,178
AGCAGTGCCACCGAGTCAGA_004,187
AGCAGTGCCACCGAGTCAGA_005,199
AGCAGTGCCACCGAGTCAGA_006,155
AGCAGTGCCACCGAGTCAGA_007,139
AGCAGTGCCACCGAGTCAGA_008,94
AGCAGTGCCACCGAGTCAGA_009,190
AGCAGTGCCACCGAGTCAGA_010,16
AGCAGTGCCACCGAGTCAGA_011,37
CATCACTCAGAGAAAATGCA_001,150
CATCACTCAGAGAAAATGCA_002,58
CTGACACGGAGTGAGGTCGT_001,125
CTGACACGGAGTGAGGTCGT_002,107
CTGACACGGAGTGAGGTCGT_003,46
CTGACACGGAGTGAGGTCGT_004,89
CTGACACGGAGTGAGGTCGT_005,13
CTGACACGGAGTGAGGTCGT_006,47
CTGACACGGAGTGAGGTCGT_007,119
CTGACACGGAGTGAGGTCGT_008,128
CTGACACGGAGTGAGGTCGT_009,102
CCGAGGATTACTATGACATG_001,8
CCGAGGATTACTATGACATG_002,134
CCGAGGATTACTATGACATG_003,60
CCGAGGATTACTATGACATG_004,172
CTGTCTAAATTCCAAGACAA_001,92
CTGTCTAAATTCCAAGACAA_002,68
CTGTCTAAATTCCAAGACAA_003,46
CTGTCTAAATTCCAAGACAA_004,131
CTGTCTAAATTCCAAGACAA_005,105
CTGTCTAAATTCCAAGACAA_006,81
CTGTCTAAATTCCAAGACAA_007,38
CTGTCTAAATTCCAAGACAA_008,148
CTGTCTAAATTCCAAGACAA_009,47
CTGTCTAAATTCCAAGACAA_010,97
CTGTCTAAATTCCAAGACAA_011,169
CTGTCTAAATTCCAAGACAA_012,46
GAGGCACTTTGAAAGAACGG_001,181
GAGGCACTTTGAAAGAACGG_002,142
GAGGCACTTTGAAAGAACGG_003,142
GAGGCACTTTGAAAGAACGG_004,38
GAGGCACTTTGAAAGAACGG_005,124
GGGAGTGCGACTCTACTCAG_001,2
ATGCCGAGTTGGGCAGTATG_001,199
ATGCCGAGTTGGGCAGTATG_002,191
ATGCCGAGTTGGGCAGTATG_003,68
ATGCCGAGTTGGGCAGTATG_004,162
ATGCCGAGTTGGGCAGTATG_005,63
ATGCCGAGTTGGGCAGTATG_006,77
ATGCCGAGTTGGGCAGTATG_007,14
ATGCCGAGTTGGGCAGTATG_008,192
ATGCCGAGTTGGGCAGTATG_009,185
ATGCCGAGTTGGGCAGTATG_010,117
ATGCCGAGTTGGGCAGTATG_011,148
ATGCCGAGTTGGGCAGTATG_012,132
ATGCCGAGTTGGGCAGTATG_013,41
ATGCCGAGTTGGGCAGTATG_014,41
ATGCCGAGTTGGGCAGTATG_015,139
ATGCCGAGTTGGGCAGTATG_016,192
ATGCCGAGTTGGGCAGTATG_017,178
ATGCCGAGTTGGGCAGTATG_018,62
ATGCCGAGTTGGGCAGTATG_019,17
ATGCCGAGTTGGGCAGTATG_020,146
ATGCCGAGTTGGGCAGTATG_021,170
ATGCCGAGTTGGGCAGTATG_022,127
ATGCCGAGTTGGGCAGTATG_023,15
ATGCCGAGTTGGGCAGTATG_024,81
ATGCCGAGTTGGGCAGTATG_025,150
ATGCCGAGTTGGGCAGTATG_026,102
ATGCCGAGTTGGGCAGTATG_027,116
ATGCCGAGTTGGGCAGTATG_028,29
ATGCCGAGTTGGGCAGTATG_029,106
ATGCCGAGTTGGGCAGTATG_030,18
ATGCCGAGTTGGGCAGTATG_031,99
TGTGTCCCCGTTGAGCAATG_001,52
TGTGTCCCCGTTGAGCAATG_002,159
TGTGTCCCCGTTGAGCAATG_003,33
TGTGTCCCCGTTGAGCAATG_004,199
TGTGTCCCCGTTGAGCAATG_005,143
TGTGTCCCCGTTGAGCAATG_006,78
TGTGTCCCCGTTGAGCAATG_007,41
TGTGTCCCCGTTGAGCAATG_008,78
TGTGTCCCCGTTGAGCAATG_009,96
TGTGTCCCCGTTGAGCAATG_010,41
TGTGTCCCCGTTGAGCAATG_011,5
TGTGTCCCCGTTGAGCAATG_012,38
TGTGTCCCCGTTGAGCAATG_013,148
TGTGTCCCCGTTGAGCAATG_014,177
TGTGTCCCCGTTGAGCAATG_015,81
TGTGTCCCCGTTGAGCAATG_016,158
TGTGTCCCCGTTGAGCAATG_017,65
TGTGTCCCCGTTGAGCAATG_018,124
GTGGAGACCACCACCAACGT_001,49
GTGGAGACCACCACCAACGT_002,48
GTGGAGACCACCACCAACGT_003,126
ATTCGAATGAGCCTGATACG_001,88
ATTCGAATGAGCCTGATACG_002,76
ATTCGAATGAGCCTGATACG_003,171
ATTCGAATGAGCCTGATACG_004,198
ATTCGAATGAGCCTGATACG_005,132
ATTCGAATGAGCCTGATACG_006,117
ATTCGAATGAGCCTGATACG_007,20
ATTCGAATGAGCCTGATACG_008,31
ATTCGAATGAGCCTGATACG_009,97
ATTCGAATGAGCCTGATACG_010,103
CCTCGCTATAGCAACTGTCA_001,91
CCTCGCTATAGCAACTGTCA_002,71
CCTCGCTATAGCAACTGTCA_003,144
CCTCGCTATAGCAACTGTCA_004,105
CCTCGCTATAGCAACTGTCA_005,69
CCTCGCTATAGCAACTGTCA_006,1
CCTCGCTATAGCAACTGTCA_007,22
CCTCGCTATAGCAACTGTCA_008,184
CCTCGCTATAGCAACTGTCA_009,49
CCTCGCTATAGCAACTGTCA_010,178
CCTCGCTATAGCAACTGTCA_011,47
CCTCGCTATAGCAACTGTCA_012,127
CCTCGCTATAGCAACTGTCA_013,94
CCTCGCTATAGCAACTGTCA_014,169
CTCGCGAGAGATAAGCCCGT_001,126
CTCGCGAGAGATAAGCCCGT_002,15
CTCGCGAGAGATAAGCCCGT_003,75
CTCGCGAGAGATAAGCCCGT_004,26
CTCGCGAGAGATAAGCCCGT_005,44
CTCGCGAGAGATAAGCCCGT_006,44
CTCGCGAGAGATAAGCCCGT_007,70
CTCGCGAGAGATAAGCCCGT_008,176
CTCGCGAGAGATAAGCCCGT_009,59
CTCGCGAGAGATAAGCCCGT_010,181
CTCGCGAGAGATAAGCCCGT_011,103
CTCGCGAGAGATAAGCCCGT_012,44
CTCGCGAGAGATAAGCCCGT_013,136
CTCGCGAGAGATAAGCCCGT_014,119
CAATAAAAAGAATCTCACAC_001,118
CAATAAAAAGAATCTCACAC_002,107
CAATAAAAAGAATCTCACAC_003,159
CAATAAAAAGAATCTCACAC_004,43
CAATAAAAAGAATCTCACAC_005,156
CAATAAAAAGAATCTCACAC_006,138
GAAACAGAAGAAACCAGAAG_001,9
AGGTGGTGACTTTCGATGCA_001,108
AGGTGGTGACTTTCGATGCA_002,115
AGGTGGTGACTTTCGATGCA_003,112
AGGTGGTGACTTTCGATGCA_004,188
AGGTGGTGACTTTCGATGCA_005,124
AGGTGGTGACTTTCGATGCA_006,116
AGGTGGTGACTTTCGATGCA_007,177
AGGTGGTGACTTTCGATGCA_008,94
AGGTGGTGACTTTCGATGCA_009,94
AGGTGGTGACTTTCGATGCA_010,3
AGGTGGTGACTTTCGATGCA_011,101
AGGTGGTGACTTTCGATGCA_012,186
AGGTGGTGACTTTCGATGCA_013,21
AGGTGGTGACTTTCGATGCA_014,111
AGGTGGTGACTTTCGATGCA_015,189
AGGTGGTGACTTTCGATGCA_016,89
AGGTGGTGACTTTCGATGCA_017,162
AGGTGGTGACTTTCGATGCA_018,43
AGGTGGTGACTTTCGATGCA_019,180
AGGTGGTGACTTTCGATGCA_020,49
AGGTGGTGACTTTCGATGCA_021,49
AGGTGGTGACTTTCGATGCA_022,19
AGGTGGTGACTTTCGATGCA_023,180
GCATGAGATGGGGAACCCGA_001,181
GCATGAGATGGGGAACCCGA_002,82
GCATGAGATGGGGAACCCGA_003,86
GTCTGAAAATGAACCATGGG_001,125
GTCTGAAAATGAACCATGGG_002,137
GTCTGAAAATGAACCATGGG_003,102
GTCTGAAAATGAACCATGGG_004,52
GTCTGAAAATGAACCATGGG_005,150
GTCTGAAAATGAACCATGGG_006,128
GTCTGAAAATGAACCATGGG_007,2
GTCTGAAAATGAACCATGGG_008,26
GTCTGAAAATGAACCATGGG_009,161
GTCTGAAAATGAACCATGGG_010,98
GTCTGAAAATGAACCATGGG_011,7
GTCTGAAAATGAACCATGGG_012,81
GTCTGAAAATGAACCATGGG_013,17
GTCTGAAAATGAACCATGGG_014,58
GTCTGAAAATGAACCATGGG_015,108
GTCTGAAAATGAACCATGGG_016,74
GTCTGAAAATGAACCATGGG_017,49
GTCTGAAAATGAACCATGGG_018,152
GTCTGAAAATGAACCATGGG_019,70
GTCTGAAAATGAACCATGGG_020,3
GTCTGAAAATGAACCATGGG_021,39
GTCTGAAAATGAACCATGGG_022,54
GTCTGAAAATGAACCATGGG_023,1
GTCTGAAAATGAACCATGGG_024,199
TGGAACCATTTGAAGCAGAT_001,19
TGGAACCATTTGAAGCAGAT_002,184
TGGAACCATTTGAAGCAGAT_003,16
TGGAACCATTTGAAGCAGAT_004,31
TGGAACCATTTGAAGCAGAT_005,22
TGGAACCATTTGAAGCAGAT_006,151
GGCAAGTAGTCAGGAAACTG_001,63
GGCAAGTAGTCAGGAAACTG_002,37
GGCAAGTAGTCAGGAAACTG_003,146
GGCAAGTAGTCAGGAAACTG_004,151
GGCAAGTAGTCAGGAAACTG_005,68
GGCAAGTAGTCAGGAAACTG_006,39
GGCAAGTAGTCAGGAAACTG_007,77
GGCAAGTAGTCAGGAAACTG_008,174
GGCAAGTAGTCAGGAAACTG_009,146
GGCCTATGAAGCCCCTGACA_001,158
GGCCTATGAAGCCCCTGACA_002,162
GGCCTATGAAGCCCCTGACA_003,140
GGCCTATGAAGCCCCTGACA_004,149
GGCCTATGAAGCCCCTGACA_005,125
GGCCTATGAAGCCCCTGACA_006,62
TGCTGACAGGACAATTGCTG_001,88
TGCTGACAGGACAATTGCTG_002,158
TGCTGACAGGACAATTGCTG_003,199
TGCTGACAGGACAATTGCTG_004,42
TGCTGACAGGACAATTGCTG_005,30
TGCTGACAGGACAATTGCTG_006,24
TGCTGACAGGACAATTGCTG_007,91
TGCTGACAGGACAATTGCTG_008,175
TGCTGACAGGACAATTGCTG_009,148
TGCTGACAGGACAATTGCTG_010,68
TGCTGACAGGACAATTGCTG_011,72
TGCTGACAGGACAATTGCTG_012,3
CAAGAAGCAATACCATCGGG_001,92
CAAGAAGCAATACCATCGGG_002,8
CAAGAAGCAATACCATCGGG_003,133
CAAGAAGCAATACCATCGGG_004,147
CAAGAAGCAATACCATCGGG_005,11
CAAGAAGCAATACCATCGGG_006,46
CAAGAAGCAATACCATCGGG_007,64
ATATGACAGGGCAAACGCAT_001,39
ATATGACAGGGCAAACGCAT_002,62
ATATGACAGGGCAAACGCAT_003,88
ATATGACAGGGCAAACGCAT_004,141
ATATGACAGGGCAAACGCAT_005,53
ATATGACAGGGCAAACGCAT_006,175
ATATGACAGGGCAAACGCAT_007,58
ATATGACAGGGCAAACGCAT_008,96
ATATGACAGGGCAAACGCAT_009,78
ATATGACAGGGCAAACGCAT_010,104
ATATGACAGGGCAAACGCAT_011,17
ATATGACAGGGCAAACGCAT_012,137
ATATGACAGGGCAAACGCAT_013,61
ATATGACAGGGCAAACGCAT_014,165
ATATGACAGGGCAAACGCAT_015,199
ATATGACAGGGCAAACGCAT_016,192
ATATGACAGGGCAAACGCAT_017,92
ATATGACAGGGCAAACGCAT_018,108
ATATGACAGGGCAAACGCAT_019,15
ATATGACAGGGCAAACGCAT_020,49
ATATGACAGGGCAAACGCAT_021,15
ATCCAACTGTTGACTTAGAG_001,45
ATCCAACTGTTGACTTAGAG_002,60
ATCCAACTGTTGACTTAGAG_003,69
ATCCAACTGTTGACTTAGAG_004,154
ATCCAACTGTTGACTTAGAG_005,193
ATCCAACTGTTGACTTAGAG_006,42
ATCCAACTGTTGACTTAGAG_007,120
ATCCAACTGTTGACTTAGAG_008,125
ATCCAACTGTTGACTTAGAG_009,105
ATCCAACTGTTGACTTAGAG_010,55
ATCCAACTGTTGACTTAGAG_011,174
GAATTGCTGGATCGACCCTG_001,185
GAATTGCTGGATCGACCCTG_002,68
GAATTGCTGGATCGACCCTG_003,3
GAATTGCTGGATCGACCCTG_004,1
GAATTGCTGGATCGACCCTG_005,183
GAATTGCTGGATCGACCCTG_006,69
GAATTGCTGGATCGACCCTG_007,130
GAATTGCTGGATCGACCCTG_008,190
GAATTGCTGGATCGACCCTG_009,144
GAATTGCTGGATCGACCCTG_010,133
GAATTGCTGGATCGACCCTG_011,144
GAATTGCTGGATCGACCCTG_012,18
GAATTGCTGGATCGACCCTG_013,29
GAATTGCTGGATCGACCCTG_014,33
GAATTGCTGGATCGACCCTG_015,123
CCTCGATGAACAGTGCAGGG_001,24
CCTCGATGAACAGTGCAGGG_002,151
CCTCGATGAACAGTGCAGGG_003,16
CCTCGATGAACAGTGCAGGG_004,134
CCTCGATGAACAGTGCAGGG_005,69
CCTCGATGAACAGTGCAGGG_006,89
CCTCGATGAACAGTGCAGGG_007,150
CCTCGATGAACAGTGCAGGG_008,143
CCTCGATGAACAGTGCAGGG_009,198
CCTCGATGAACAGTGCAGGG_010,147
CCTCGATGAACAGTGCAGGG_011,159
CCTCGATGAACAGTGCAGGG_012,10
GAAGATCTGTCAGCGCGCGG_001,193
GAAGATCTGTCAGCGCGCGG_002,173
GAAGATCTGTCAGCGCGCGG_003,92
GAAGATCTGTCAGCGCGCGG_004,150
GAAGATCTGTCAGCGCGCGG_005,91
GAAGATCTGTCAGCGCGCGG_006,191
GATACTGGTGGAGTTATAGG_001,169
GATACTGGTGGAGTTATAGG_002,150
GATACTGGTGGAGTTATAGG_003,88
GATACTGGTGGAGTTATAGG_004,155
GATACTGGTGGAGTTATAGG_005,48
GATACTGGTGGAGTTATAGG_006,198
GATACTGGTGGAGTTATAGG_007,48
GATACTGGTGGAGTTATAGG_008,19
GATACTGGTGGAGTTATAGG_009,170
TACCACCAACCAAGAACGGT_001,38
TACCACCAACCAAGAACGGT_002,199
AGACATATAAAGCTTCGGCA_001,50
AGACATATAAAGCTTCGGCA_002,176
AGACATATAAAGCTTCGGCA_003,71
AGACATATAAAGCTTCGGCA_004,84
AGACATATAAAGCTTCGGCA_005,50
AGACATATAAAGCTTCGGCA_006,69
AGACATATAAAGCTTCGGCA_007,69
ACGAGCCAAAACTGATCCCG_001,1
ACGAGCCAAAACTGATCCCG_002,34
ACGAGCCAAAACTGATCCCG_003,188
ACGAGCCAAAACTGATCCCG_004,104
ACGAGCCAAAACTGATCCCG_005,84
ACGAGCCAAAACTGATCCCG_006,148
ACGAGCCAAAACTGATCCCG_007,158
ACGAGCCAAAACTGATCCCG_008,47
ACGAGCCAAAACTGATCCCG_009,80
ACGAGCCAAAACTGATCCCG_010,55
ACGAGCCAAAACTGATCCCG_011,130
ACGAGCCAAAACTGATCCCG_012,85
ACGAGCCAAAACTGATCCCG_013,162
ACGAGCCAAAACTGATCCCG_014,148
ACGAGCCAAAACTGATCCCG_015,123
ACGAGCCAAAACTGATCCCG_016,94
ACGAGCCAAAACTGATCCCG_017,19
ACGAGCCAAAACTGATCCCG_018,60
ACGAGCCAAAACTGATCCCG_019,137
ACGAGCCAAAACTGATCCCG_020,198
ACGAGCCAAAACTGATCCCG_021,40
ACGAGCCAAAACTGATCCCG_022,113
ACGAGCCAAAACTGATCCCG_023,110
ACGAGCCAAAACTGATCCCG_024,141
ACGAGCCAAAACTGATCCCG_025,197
AGCAGCAGAGATCAGCCTAG_001,102
AGCAGCAGAGATCAGCCTAG_002,151
AGCAGCAGAGATCAGCCTAG_003,160
AGCAGCAGAGATCAGCCTAG_004,16
AGCAGCAGAGATCAGCCTAG_005,141
AGCAGCAGAGATCAGCCTAG_006,60
TCTTCCAAACTGATCTAACA_001,17
TCTTCCAAACTGATCTAACA_002,58
TCTTCCAAACTGATCTAACA_003,145
TCTTCCAAACTGATCTAACA_004,149
TCTTCCAAACTGATCTAACA_005,29
TCTTCCAAACTGATCTAACA_006,38
TCTTCCAAACTGATCTAACA_007,177
AGGGCGACTCCAAGGAAACG_001,12
AGGGCGACTCCAAGGAAACG_002,1
AGGGCGACTCCAAGGAAACG_003,17
AGGGCGACTCCAAGGAAACG_004,49
AGGGCGACTCCAAGGAAACG_005,176
AGGGCGACTCCAAGGAAACG_006,161
AGGGCGACTCCAAGGAAACG_007,170
AGGGCGACTCCAAGGAAACG_008,105
AGGGCGACTCCAAGGAAACG_009,198
AGGGCGACTCCAAGGAAACG_010,128
AGGGCGACTCCAAGGAAACG_011,177
AAATACACCACATAATAGAG_001,29
AAATACACCACATAATAGAG_002,99
AAATACACCACATAATAGAG_003,130
AAATACACCACATAATAGAG_004,115
GAAAAGAGGTAAATCCGCAG_001,197
GAAAAGAGGTAAATCCGCAG_002,97
GAAAAGAGGTAAATCCGCAG_003,97
GAAAAGAGGTAAATCCGCAG_004,113
GAAAAGAGGTAAATCCGCAG_005,113
GAAAAGAGGTAAATCCGCAG_006,2
ACCATCGCCCTGGTCAACTG_001,177
ACCATCGCCCTGGTCAACTG_002,33
ACCATCGCCCTGGTCAACTG_003,150
ACCATCGCCCTGGTCAACTG_004,197
ACCATCGCCCTGGTCAACTG_005,128
ACCATCGCCCTGGTCAACTG_006,170
ACCATCGCCCTGGTCAACTG_007,82
ACCATCGCCCTGGTCAACTG_008,58
ACCATCGCCCTGGTCAACTG_009,6
CCTGTGCCCATCTTAATGAC_001,139
CCTGTGCCCATCTTAATGAC_002,7
CCTGTGCCCATCTTAATGAC_003,27
CCTGTGCCCATCTTAATGAC_004,138
CCTGTGCCCATCTTAATGAC_005,8
CCTGTGCCCATCTTAATGAC_006,142
CCTGTGCCCATCTTAATGAC_007,43
CCTGTGCCCATCTTAATGAC_008,14
CCTGTGCCCATCTTAATGAC_009,29
CCTGTGCCCATCTTAATGAC_010,127
CCTGTGCCCATCTTAATGAC_011,188
CCTGTGCCCATCTTAATGAC_012,77
CAATTTCAGCATGACTAGAG_001,157
CAATTTCAGCATGACTAGAG_002,82
CAATTTCAGCATGACTAGAG_003,25
CAATTTCAGCATGACTAGAG_004,144
CAATTTCAGCATGACTAGAG_005,173
CAATTTCAGCATGACTAGAG_006,79
CAATTTCAGCATGACTAGAG_007,7
CAATTTCAGCATGACTAGAG_008,174
CCGGGCTGAATACGTACTCT_001,168
CCGGGCTGAATACGTACTCT_002,150
CCGGGCTGAATACGTACTCT_003,154
CCGGGCTGAATACGTACTCT_004,189
CCGGGCTGAATACGTACTCT_005,93
CCGGGCTGAATACGTACTCT_006,195
CCGGGCTGAATACGTACTCT_007,40
CCGGGCTGAATACGTACTCT_008,28
CCGGGCTGAATACGTACTCT_009,56
CCGGGCTGAATACGTACTCT_010,118
CCGGGCTGAATACGTACTCT_011,0
CCGGGCTGAATACGTACTCT_012,44
CCGGGCTGAATACGTACTCT_013,108
CCGGGCTGAATACGTACTCT_014,68
CCGGGCTGAATACGTACTCT_015,151
CCGGGCTGAATACGTACTCT_016,51
CAAATGAAGCTGGATGCCCA_001,6
CAAATGAAGCTGGATGCCCA_002,178
CAAATGAAGCTGGATGCCCA_003,27
CAAATGAAGCTGGATGCCCA_004,97
CAAATGAAGCTGGATGCCCA_005,103
CAAATGAAGCTGGATGCCCA_006,52
CAAATGAAGCTGGATGCCCA_007,197
CAAATGAAGCTGGATGCCCA_008,70
CAAATGAAGCTGGATGCCCA_009,15
CAAATGAAGCTGGATGCCCA_010,72
CAAATGAAGCTGGATGCCCA_011,146
CAAATGAAGCTGGATGCCCA_012,107
CAAATGAAGCTGGATGCCCA_013,80
CAAATGAAGCTGGATGCCCA_014,137
CAAATGAAGCTGGATGCCCA_015,4
CAAATGAAGCTGGATGCCCA_016,36
GGCCGCCCGGAGGATCAAAA_001,11
GGCCGCCCGGAGGATCAAAA_002,77
GGCCGCCCGGAGGATCAAAA_003,36
GGCCGCCCGGAGGATCAAAA_004,106
TTTAGGAGACTAGGGATGCA_001,78
TTTAGGAGACTAGGGATGCA_002,105
TTTAGGAGACTAGGGATGCA_003,198
TTTAGGAGACTAGGGATGCA_004,58
TTTAGGAGACTAGGGATGCA_005,177
TTTAGGAGACTAGGGATGCA_006,140
TTTAGGAGACTAGGGATGCA_007,122
TTTAGGAGACTAGGGATGCA_008,42
TTTAGGAGACTAGGGATGCA_009,52
GGGACTCTCCTGGAGCCGAA_001,191
GGGACTCTCCTGGAGCCGAA_002,157
GGGACTCTCCTGGAGCCGAA_003,12
GGGACTCTCCTGGAGCCGAA_004,149
GGGACTCTCCTGGAGCCGAA_005,15
GGGACTCTCCTGGAGCCGAA_006,27
CCTTCAGTCGCATTAACTGA_001,177
CCTTCAGTCGCATTAACTGA_002,29
CCTTCAGTCGCATTAACTGA_003,150
CCTTCAGTCGCATTAACTGA_004,86
CCTTCAGTCGCATTAACTGA_005,198
CCTTCAGTCGCATTAACTGA_006,50
CCTTCAGTCGCATTAACTGA_007,50
CCTTCAGTCGCATTAACTGA_008,99
TGCCACCCAAAAACCAAGCA_001,171
CGAATCTTCAACCCAGACCA_001,28
CGAATCTTCAACCCAGACCA_002,171
TACTCAGGCTACTCCCGTGG_001,162
TACTCAGGCTACTCCCGTGG_002,52
TACTCAGGCTACTCCCGTGG_003,6
TACTCAGGCTACTCCCGTGG_004,6
TACTCAGGCTACTCCCGTGG_005,6
TACTCAGGCTACTCCCGTGG_006,24
TGGGTGATCAAGGAGTCCCG_001,146
TGGGTGATCAAGGAGTCCCG_002,58
TGGGTGATCAAGGAGTCCCG_003,170
TGGGTGATCAAGGAGTCCCG_004,132
TGGGTGATCAAGGAGTCCCG_005,176
TGGGTGATCAAGGAGTCCCG_006,32
TGGGTGATCAAGGAGTCCCG_007,49
TGGGTGATCAAGGAGTCCCG_008,50
TGGGTGATCAAGGAGTCCCG_009,47
TGGGTGATCAAGGAGTCCCG_010,70
TGGGTGATCAAGGAGTCCCG_011,68
TGGGTGATCAAGGAGTCCCG_012,82
TGGGTGATCAAGGAGTCCCG_013,44
TGGGTGATCAAGGAGTCCCG_014,12
TGGGTGATCAAGGAGTCCCG_015,160
TGGGTGATCAAGGAGTCCCG_016,115
TGGGTGATCAAGGAGTCCCG_017,8
TGGGTGATCAAGGAGTCCCG_018,19
TGGGTGATCAAGGAGTCCCG_019,47
TGGGTGATCAAGGAGTCCCG_020,76
TGGGTGATCAAGGAGTCCCG_021,105
TGGGTGATCAAGGAGTCCCG_022,43
TGGGTGATCAAGGAGTCCCG_023,68
TGGGTGATCAAGGAGTCCCG_024,62
TGGGTGATCAAGGAGTCCCG_025,120
TGGGTGATCAAGGAGTCCCG_026,170
TGGGTGATCAAGGAGTCCCG_027,78
TGGGTGATCAAGGAGTCCCG_028,69
TGGGTGATCAAGGAGTCCCG_029,180
TGGGTGATCAAGGAGTCCCG_030,46
TGGGTGATCAAGGAGTCCCG_031,123
TGGGTGATCAAGGAGTCCCG_032,62
TGGGTGATCAAGGAGTCCCG_033,106
TGAATTTGATGGCTGATTCG_001,108
TGAATTTGATGGCTGATTCG_002,80
TGAATTTGATGGCTGATTCG_003,140
TGAATTTGATGGCTGATTCG_004,5
TGAATTTGATGGCTGATTCG_005,153
TGAATTTGATGGCTGATTCG_006,117
TGAATTTGATGGCTGATTCG_007,48
TGAATTTGATGGCTGATTCG_008,48
GCTAGCGAAAAGCAACAGAT_001,96
GCTAGCGAAAAGCAACAGAT_002,117
GCTAGCGAAAAGCAACAGAT_003,2
GCTAGCGAAAAGCAACAGAT_004,147
GCTAGCGAAAAGCAACAGAT_005,43
GCTAGCGAAAAGCAACAGAT_006,126
GCTAGCGAAAAGCAACAGAT_007,1
GCTAGCGAAAAGCAACAGAT_008,178
GCTAGCGAAAAGCAACAGAT_009,78
AGCCCGAGCCCGAAGAACCA_001,48
AGCCCGAGCCCGAAGAACCA_002,76
AGCCCGAGCCCGAAGAACCA_003,160
AGCCCGAGCCCGAAGAACCA_004,9
AGCCCGAGCCCGAAGAACCA_005,124
AGCCCGAGCCCGAAGAACCA_006,47
AGCCCGAGCCCGAAGAACCA_007,130
AGCCCGAGCCCGAAGAACCA_008,40
CTGTGGCCCCCCATGTACGG_001,169
CTGTGGCCCCCCATGTACGG_002,166
CTGTGGCCCCCCATGTACGG_003,177
CTGTGGCCCCCCATGTACGG_004,186
CTGTGGCCCCCCATGTACGG_005,68
CTGTGGCCCCCCATGTACGG_006,104
CTGTGGCCCCCCATGTACGG_007,105
CTGTGGCCCCCCATGTACGG_008,150
CTGTGGCCCCCCATGTACGG_009,62
CTGTGGCCCCCCATGTACGG_010,114
CTGTGGCCCCCCATGTACGG_011,56
CTGTGGCCCCCCATGTACGG_012,1
CTGTGGCCCCCCATGTACGG_013,62
CTGTGGCCCCCCATGTACGG_014,94
CTGTGGCCCCCCATGTACGG_015,175
CTGTGGCCCCCCATGTACGG_016,8
CTGTGGCCCCCCATGTACGG_017,5
CTGTGGCCCCCCATGTACGG_018,175
CTGTGGCCCCCCATGTACGG_019,166
CTGTGGCCCCCCATGTACGG_020,128
CTGTGGCCCCCCATGTACGG_021,138
CTGTGGCCCCCCATGTACGG_022,98
CTGTGGCCCCCCATGTACGG_023,180
CTGTGGCCCCCCATGTACGG_024,116
CTGTGGCCCCCCATGTACGG_025,134
CTGTGGCCCCCCATGTACGG_026,18
GAGAGGCAACTCGTGCTGGG_001,115
GAGAGGCAACTCGTGCTGGG_002,177
GAGAGGCAACTCGTGCTGGG_003,2
GAGAGGCAACTCGTGCTGGG_004,102
GAGAGGCAACTCGTGCTGGG_005,167
GAGAGGCAACTCGTGCTGGG_006,27
GAGAGGCAACTCGTGCTGGG_007,60
GAGAGGCAACTCGTGCTGGG_008,184
GAGAGGCAACTCGTGCTGGG_009,192
GAGAGGCAACTCGTGCTGGG_010,8
GAGAGGCAACTCGTGCTGGG_011,56
GAGAGGCAACTCGTGCTGGG_012,13
GTTTAAGTGTACAGTTACCA_001,127
GTTTAAGTGTACAGTTACCA_002,94
GTTTAAGTGTACAGTTACCA_003,198
GTTTAAGTGTACAGTTACCA_004,160
GGACGGGCTAAACCTTAATG_001,10
GGACGGGCTAAACCTTAATG_002,48
GGACGGGCTAAACCTTAATG_003,199
GGACGGGCTAAACCTTAATG_004,90
AGGTGATAGGGGTCCCATCG_001,49
AGGTGATAGGGGTCCCATCG_002,51
AGGTGATAGGGGTCCCATCG_003,15
GAGTAACTGATACCACACAC_001,0
TCCACAAGCTAATTGTGACT_001,192
TCCACAAGCTAATTGTGACT_002,68
ACCAATGGAAACCATTCAGG_001,164
ACCAATGGAAACCATTCAGG_002,0
ACCAATGGAAACCATTCAGG_003,166
ACCAATGGAAACCATTCAGG_004,84
ACCAATGGAAACCATTCAGG_005,58
ACCAATGGAAACCATTCAGG_006,55
GCGGACTTCCTCGAGTACAT_001,115
GGTGAATGACAGTACCACGT_001,116
GGTGAATGACAGTACCACGT_002,27
CCAGTATGCTGTACGAACGC_001,106
CCAGTATGCTGTACGAACGC_002,154
GCACTGGTGATGATCCTCGG_001,5
GCACTGGTGATGATCCTCGG_002,68
GCACTGGTGATGATCCTCGG_003,47
GCACTGGTGATGATCCTCGG_004,180
GCACTGGTGATGATCCTCGG_005,70
GCACTGGTGATGATCCTCGG_006,73
GCACTGGTGATGATCCTCGG_007,159
GCACTGGTGATGATCCTCGG_008,103
GCACTGGTGATGATCCTCGG_009,38
GCACTGGTGATGATCCTCGG_010,120
GCACTGGTGATGATCCTCGG_011,111
GCACTGGTGATGATCCTCGG_012,40
GCACTGGTGATGATCCTCGG_013,151
GCACTGGTGATGATCCTCGG_014,12
GCACTGGTGATGATCCTCGG_015,110
GCACTGGTGATGATCCTCGG_016,93
GCACTGGTGATGATCCTCGG_017,147
GCACTGGTGATGATCCTCGG_018,124
GCACTGGTGATGATCCTCGG_019,106
GCACTGGTGATGATCCTCGG_020,105
GCACTGGTGATGATCCTCGG_021,169
GCACTGGTGATGATCCTCGG_022,40
GCACTGGTGATGATCCTCGG_023,78
GCACTGGTGATGATCCTCGG_024,94
GCACTGGTGATGATCCTCGG_025,149
TTGTTGCTAGTAGAACAACG_001,121
TTGTTGCTAGTAGAACAACG_002,178
TTGTTGCTAGTAGAACAACG_003,47
TTGTTGCTAGTAGAACAACG_004,155
TTGTTGCTAGTAGAACAACG_005,93
TTGTTGCTAGTAGAACAACG_006,2
TTGTTGCTAGTAGAACAACG_007,158
TTGTTGCTAGTAGAACAACG_008,137
TTGTTGCTAGTAGAACAACG_009,118
AAGTTCATGACCATGGTGCT_001,127
AAGTTCATGACCATGGTGCT_002,130
AAGTTCATGACCATGGTGCT_003,27
AAGTTCATGACCATGGTGCT_004,56
AAGTTCATGACCATGGTGCT_005,79
AAGTTCATGACCATGGTGCT_006,3
AAGTTCATGACCATGGTGCT_007,85
AAGTTCATGACCATGGTGCT_008,150
CGGGCGCTACCCGAGTCGCT_001,28
CGGGCGCTACCCGAGTCGCT_002,147
CGGGCGCTACCCGAGTCGCT_003,124
CGGGCGCTACCCGAGTCGCT_004,17
CGGGCGCTACCCGAGTCGCT_005,199
TTAGCAACCTGTTCCGCAGA_001,8
TTAGCAACCTGTTCCGCAGA_002,174
TTAGCAACCTGTTCCGCAGA_003,83
TTCCATTCCCGAATCCAGAG_001,107
TTCCATTCCCGAATCCAGAG_002,32
TTCCATTCCCGAATCCAGAG_003,103
TTCCATTCCCGAATCCAGAG_004,140
TTCCATTCCCGAATCCAGAG_005,158
GCACCGACTCAGTGGCACTG_001,51
GCACCGACTCAGTGGCACTG_002,62
GCACCGACTCAGTGGCACTG_003,169
GCACCGACTCAGTGGCACTG_004,141
GCACCGACTCAGTGGCACTG_005,157
GCACCGACTCAGTGGCACTG_006,156
GCACCGACTCAGTGGCACTG_007,54
GCACCGACTCAGTGGCACTG_008,12
GCACCGACTCAGTGGCACTG_009,155
GCACCGACTCAGTGGCACTG_010,152
GCACCGACTCAGTGGCACTG_011,15
GCACCGACTCAGTGGCACTG_012,29
GCACCGACTCAGTGGCACTG_013,150
GCACCGACTCAGTGGCACTG_014,113
GCACCGACTCAGTGGCACTG_015,65
GCACCGACTCAGTGGCACTG_016,181
GCACCGACTCAGTGGCACTG_017,85
GCACCGACTCAGTGGCACTG_018,116
GCACCGACTCAGTGGCACTG_019,55
GCACCGACTCAGTGGCACTG_020,70
GCACCGACTCAGTGGCACTG_021,160
GCACCGACTCAGTGGCACTG_022,102
GCACCGACTCAGTGGCACTG_023,0
GCACCGACTCAGTGGCACTG_024,9
GCACCGACTCAGTGGCACTG_025,148
GCACCGACTCAGTGGCACTG_026,10
GCACCGACTCAGTGGCACTG_027,6
GCACCGACTCAGTGGCACTG_028,172
GGCCGACCGACATTGACCAC_001,181
GGCCGACCGACATTGACCAC_002,76
GGCCGACCGACATTGACCAC_003,38
GGCCGACCGACATTGACCAC_004,36
GGCCGACCGACATTGACCAC_005,45
GGCCGACCGACATTGACCAC_006,149
GGCCGACCGACATTGACCAC_007,38
GGCCGACCGACATTGACCAC_008,0
GGCCGACCGACATTGACCAC_009,11
GGCCGACCGACATTGACCAC_010,33
ACTCTTCCATAACACCCAGA_001,82
ACTCTTCCATAACACCCAGA_002,53
CTTGTCCAGTTCATCCACGG_001,160
CTTGTCCAGTTCATCCACGG_002,48
CTTGTCCAGTTCATCCACGG_003,192
CTTGTCCAGTTCATCCACGG_004,41
CTTGTCCAGTTCATCCACGG_005,127
CTTGTCCAGTTCATCCACGG_006,58
CTTGTCCAGTTCATCCACGG_007,181
CTTGTCCAGTTCATCCACGG_008,18
CTTGTCCAGTTCATCCACGG_009,173
GTGCCGTAGCCACTGCACAT_001,28
GTGCCGTAGCCACTGCACAT_002,172
GTGCCGTAGCCACTGCACAT_003,7
GTGCCGTAGCCACTGCACAT_004,148
GTGCCGTAGCCACTGCACAT_005,161
GTGCCGTAGCCACTGCACAT_006,14
GTGCCGTAGCCACTGCACAT_007,78
GTGCCGTAGCCACTGCACAT_008,168
GTGCCGTAGCCACTGCACAT_009,95
GTGCCGTAGCCACTGCACAT_010,83
GTGCCGTAGCCACTGCACAT_011,89
CAGCCTGTCAGCCCTAATTG_001,12
CAGCCTGTCAGCCCTAATTG_002,40
TGGCGCGAAGAGCGTCCGTG_001,188
TGGCGCGAAGAGCGTCCGTG_002,167
TGGCGCGAAGAGCGTCCGTG_003,134
TGGCGCGAAGAGCGTCCGTG_004,96
TGGCGCGAAGAGCGTCCGTG_005,157
TGGCGCGAAGAGCGTCCGTG_006,150
TGGCGCGAAGAGCGTCCGTG_007,73
TGGCGCGAAGAGCGTCCGTG_008,9
TGGCGCGAAGAGCGTCCGTG_009,49
TGGCGCGAAGAGCGTCCGTG_010,181
TGGCGCGAAGAGCGTCCGTG_011,32
TGGCGCGAAGAGCGTCCGTG_012,190
TGGCGCGAAGAGCGTCCGTG_013,63
TGGCGCGAAGAGCGTCCGTG_014,128
TGGCGCGAAGAGCGTCCGTG_015,197
TGGCGCGAAGAGCGTCCGTG_016,38
TGGCGCGAAGAGCGTCCGTG_017,6
TGGCGCGAAGAGCGTCCGTG_018,44
TGGCGCGAAGAGCGTCCGTG_019,136
TGGCGCGAAGAGCGTCCGTG_020,162
TGGCGCGAAGAGCGTCCGTG_021,178
TGGCGCGAAGAGCGTCCGTG_022,45
TGGCGCGAAGAGCGTCCGTG_023,56
TGGCGCGAAGAGCGTCCGTG_024,70
TGGCGCGAAGAGCGTCCGTG_025,19
TGGCGCGAAGAGCGTCCGTG_026,166
TGGCGCGAAGAGCGTCCGTG_027,168
TGGCGCGAAGAGCGTCCGTG_028,103
TGGCGCGAAGAGCGTCCGTG_029,145
TGGCGCGAAGAGCGTCCGTG_030,58
AAAACATTAGGCCGGCATGG_001,109
AAAACATTAGGCCGGCATGG_002,109
AAAACATTAGGCCGGCATGG_003,86
AAAACATTAGGCCGGCATGG_004,86
AAAACATTAGGCCGGCATGG_005,153
AAAACATTAGGCCGGCATGG_006,78
AAAACATTAGGCCGGCATGG_007,80
ACGTAGCTGAGGCCTCCGAT_001,82
ACGTAGCTGAGGCCTCCGAT_002,131
ACGTAGCTGAGGCCTCCGAT_003,9
ACGTAGCTGAGGCCTCCGAT_004,128
ACGTAGCTGAGGCCTCCGAT_005,194
ACGTAGCTGAGGCCTCCGAT_006,168
ACGTAGCTGAGGCCTCCGAT_007,78
ACGTAGCTGAGGCCTCCGAT_008,28
ACGTAGCTGAGGCCTCCGAT_009,127
ACGTAGCTGAGGCCTCCGAT_010,70
ACGTAGCTGAGGCCTCCGAT_011,56
ACGTAGCTGAGGCCTCCGAT_012,70
ACGTAGCTGAGGCCTCCGAT_013,74
ACGTAGCTGAGGCCTCCGAT_014,191
ACGTAGCTGAGGCCTCCGAT_015,162
ACGTAGCTGAGGCCTCCGAT_016,58
ACGTAGCTGAGGCCTCCGAT_017,41
ACGTAGCTGAGGCCTCCGAT_018,132
ACGTAGCTGAGGCCTCCGAT_019,134
ACGTAGCTGAGGCCTCCGAT_020,29
ACGTAGCTGAGGCCTCCGAT_021,25
ACGTAGCTGAGGCCTCCGAT_022,21
ACGTAGCTGAGGCCTCCGAT_023,20
ACGTAGCTGAGGCCTCCGAT_024,141
ACGTAGCTGAGGCCTCCGAT_025,168
ACGTAGCTGAGGCCTCCGAT_026,40
ACGTAGCTGAGGCCTCCGAT_027,114
ACGTAGCTGAGGCCTCCGAT_028,88
ACGTAGCTGAGGCCTCCGAT_029,188
ACGTAGCTGAGGCCTCCGAT_030,168
ACGTAGCTGAGGCCTCCGAT_031,88
ACGTAGCTGAGGCCTCCGAT_032,4
ACGTAGCTGAGGCCTCCGAT_033,67
ACGTAGCTGAGGCCTCCGAT_034,178
ACGTAGCTGAGGCCTCCGAT_035,135
ACGTAGCTGAGGCCTCCGAT_036,121
ACGTAGCTGAGGCCTCCGAT_037,137
ACGTAGCTGAGGCCTCCGAT_038,0
ACGTAGCTGAGGCCTCCGAT_039,138
ACGTAGCTGAGGCCTCCGAT_040,170
ACGTAGCTGAGGCCTCCGAT_041,113
ACGTAGCTGAGGCCTCCGAT_042,28
ACGTAGCTGAGGCCTCCGAT_043,197
ACGTAGCTGAGGCCTCCGAT_044,180
ACGTAGCTGAGGCCTCCGAT_045,48
GGGCCTAAGAACCATCAATG_001,92
GGGCCTAAGAACCATCAATG_002,174
GGGCCTAAGAACCATCAATG_003,144
GGGCCTAAGAACCATCAATG_004,147
GGGCCTAAGAACCATCAATG_005,118
GGGCCTAAGAACCATCAATG_006,62
GGGCCTAAGAACCATCAATG_007,105
GGGCCTAAGAACCATCAATG_008,27
GGGCCTAAGAACCATCAATG_009,165
GGGCCTAAGAACCATCAATG_010,171
GGGCCTAAGAACCATCAATG_011,144
GGGCCTAAGAACCATCAATG_012,93
GGGCCTAAGAACCATCAATG_013,53
GGGCCTAAGAACCATCAATG_014,166
GGGCCTAAGAACCATCAATG_015,106
GGGCCTAAGAACCATCAATG_016,65
GGGCCTAAGAACCATCAATG_017,103
GGGCCTAAGAACCATCAATG_018,67
GGGCCTAAGAACCATCAATG_019,144
GGGCCTAAGAACCATCAATG_020,104
GGGCCTAAGAACCATCAATG_021,19
GGGCCTAAGAACCATCAATG_022,10
GGGCCTAAGAACCATCAATG_023,37
GGGCCTAAGAACCATCAATG_024,103
GCCCGGGGCTTCGTACACAC_001,91
GCCCGGGGCTTCGTACACAC_002,88
GCCCGGGGCTTCGTACACAC_003,197
GCCCGGGGCTTCGTACACAC_004,135
GCCCGGGGCTTCGTACACAC_005,68
GCCCGGGGCTTCGTACACAC_006,156
GCCCGGGGCTTCGTACACAC_007,174
GCCCGGGGCTTCGTACACAC_008,126
GCCCGGGGCTTCGTACACAC_009,29
GCCCGGGGCTTCGTACACAC_010,165
GCCCGGGGCTTCGTACACAC_011,52
GCCCGGGGCTTCGTACACAC_012,61
GCCCGGGGCTTCGTACACAC_013,88
TGTCAAGACACCAACTAAAG_001,50
TGTCAAGACACCAACTAAAG_002,147
TGTCAAGACACCAACTAAAG_003,110
ATTGCTCTCAATCCATAATG_001,62
ATTGCTCTCAATCCATAATG_002,194
ATTGCTCTCAATCCATAATG_003,33
ATTGCTCTCAATCCATAATG_004,144
ATTGCTCTCAATCCATAATG_005,148
ATTGCTCTCAATCCATAATG_006,2
ATTGCTCTCAATCCATAATG_007,31
ATTGCTCTCAATCCATAATG_008,160
ATTGCTCTCAATCCATAATG_009,48
ATTGCTCTCAATCCATAATG_010,28
AGTGCTTATACCTTGTCCAA_001,181
AGTGCTTATACCTTGTCCAA_002,144
AGTGCTTATACCTTGTCCAA_003,43
AGTGCTTATACCTTGTCCAA_004,69
GAGTATGATAGAACTGGGGT_001,19
GAGTATGATAGAACTGGGGT_002,104
GAGTATGATAGAACTGGGGT_003,158
GAGTATGATAGAACTGGGGT_004,48
GAGTATGATAGAACTGGGGT_005,166
GAGTATGATAGAACTGGGGT_006,188
GAGTATGATAGAACTGGGGT_007,97
GAGTATGATAGAACTGGGGT_008,170
GAGTATGATAGAACTGGGGT_009,9
GAGTATGATAGAACTGGGGT_010,60
GAGTATGATAGAACTGGGGT_011,18
GAGTATGATAGAACTGGGGT_012,139
TATTTATCCAGGCGCATGAA_001,117
TATTTATCCAGGCGCATGAA_002,50
TATGTTGGATTCCTTAGATG_001,168
AGTGGCAGCTCGTATGAATG_001,77
AGTGGCAGCTCGTATGAATG_002,1
AGTGGCAGCTCGTATGAATG_003,19
AGTGGCAGCTCGTATGAATG_004,140
AGTGGCAGCTCGTATGAATG_005,137
AGTGGCAGCTCGTATGAATG_006,31
ATCACCATTCCGGACCTGCG_001,102
ATCACCATTCCGGACCTGCG_002,166
ATCACCATTCCGGACCTGCG_003,55
ATCACCATTCCGGACCTGCG_004,83
ATCACCATTCCGGACCTGCG_005,88
ATCACCATTCCGGACCTGCG_006,179
ATCACCATTCCGGACCTGCG_007,152
ATCACCATTCCGGACCTGCG_008,184
ATCACCATTCCGGACCTGCG_009,9
ATCACCATTCCGGACCTGCG_010,115
ATCACCATTCCGGACCTGCG_011,69
ATCACCATTCCGGACCTGCG_012,119
ATCACCATTCCGGACCTGCG_013,34
ATCACCATTCCGGACCTGCG_014,138
ATCACCATTCCGGACCTGCG_015,48
CTTTGACTTCAAAAAAAGCA_001,161
CTTTGACTTCAAAAAAAGCA_002,196
CTTTGACTTCAAAAAAAGCA_003,105
CTTTGACTTCAAAAAAAGCA_004,192
GCTGTTTAACTACACTCCTG_001,38
GCTGTTTAACTACACTCCTG_002,130
GCTGTTTAACTACACTCCTG_003,102
GCTGTTTAACTACACTCCTG_004,170
GCTGTTTAACTACACTCCTG_005,27
GCTGTTTAACTACACTCCTG_006,129
GCTGTTTAACTACACTCCTG_007,55
GCTGTTTAACTACACTCCTG_008,185
GCTGTTTAACTACACTCCTG_009,78
GCTGTTTAACTACACTCCTG_010,128
CCCAAAGCGCAGCCCCACAA_001,5
CCCAAAGCGCAGCCCCACAA_002,49
CCCAAAGCGCAGCCCCACAA_003,146
CCCAAAGCGCAGCCCCACAA_004,20
CCCAAAGCGCAGCCCCACAA_005,146
CCCAAAGCGCAGCCCCACAA_006,108
CCCAAAGCGCAGCCCCACAA_007,182
CCCAAAGCGCAGCCCCACAA_008,65
CCCAAAGCGCAGCCCCACAA_009,130
CCCAAAGCGCAGCCCCACAA_010,77
CCCAAAGCGCAGCCCCACAA_011,80
CCCAAAGCGCAGCCCCACAA_012,97
CCCAAAGCGCAGCCCCACAA_013,75
CCCAAAGCGCAGCCCCACAA_014,171
CCCAAAGCGCAGCCCCACAA_015,151
CCCAAAGCGCAGCCCCACAA_016,19
CCCAAAGCGCAGCCCCACAA_017,88
CCCAAAGCGCAGCCCCACAA_018,143
CCCAAAGCGCAGCCCCACAA_019,60
CCCAAAGCGCAGCCCCACAA_020,198
CCCAAAGCGCAGCCCCACAA_021,159
CCCAAAGCGCAGCCCCACAA_022,1
CCCAAAGCGCAGCCCCACAA_023,98
CCCAAAGCGCAGCCCCACAA_024,1
CCCAAAGCGCAGCCCCACAA_025,190
GGCTTCCGAGGGAATGACAT_001,131
GGCTTCCGAGGGAATGACAT_002,153
GGCTTCCGAGGGAATGACAT_003,137
GGCTTCCGAGGGAATGACAT_004,175
GGCTTCCGAGGGAATGACAT_005,77
GGCTTCCGAGGGAATGACAT_006,18
GGCTTCCGAGGGAATGACAT_007,173
TAGTTCAGAAGCATTTCCTG_001,43
TAGTTCAGAAGCATTTCCTG_002,11
TAGTTCAGAAGCATTTCCTG_003,144
TAGTTCAGAAGCATTTCCTG_004,94
TAGTTCAGAAGCATTTCCTG_005,16
TAGTTCAGAAGCATTTCCTG_006,17
TAGTTCAGAAGCATTTCCTG_007,169
TAGTTCAGAAGCATTTCCTG_008,176
TAGTTCAGAAGCATTTCCTG_009,62
TAGTTCAGAAGCATTTCCTG_010,1
TAGTTCAGAAGCATTTCCTG_011,147
TAGTTCAGAAGCATTTCCTG_012,20
AGTAATTGTTGGAGAGCTTG_001,145
AGTAATTGTTGGAGAGCTTG_002,196
AGTAATTGTTGGAGAGCTTG_003,35
AGTAATTGTTGGAGAGCTTG_004,142
AGTAATTGTTGGAGAGCTTG_005,43
AGTAATTGTTGGAGAGCTTG_006,57
TTTCAGGTTACAATACCAGG_001,184
TTTCAGGTTACAATACCAGG_002,144
TTTCAGGTTACAATACCAGG_003,81
GTAGTCAGTATCGAGCAGCG_001,158
GTAGTCAGTATCGAGCAGCG_002,168
GTAGTCAGTATCGAGCAGCG_003,146
GTAGTCAGTATCGAGCAGCG_004,61
GTAGTCAGTATCGAGCAGCG_005,46
TTCTCCAGGAACGTTTCCAG_001,67
TTCTCCAGGAACGTTTCCAG_002,17
TTCTCCAGGAACGTTTCCAG_003,23
GTCAGGAACAGGGTTTGACA_001,12
GTCAGGAACAGGGTTTGACA_002,62
GTCAGGAACAGGGTTTGACA_003,23
GTCAGGAACAGGGTTTGACA_004,168
GTCAGGAACAGGGTTTGACA_005,1
GTCAGGAACAGGGTTTGACA_006,64
GTCAGGAACAGGGTTTGACA_007,50
GTCAGGAACAGGGTTTGACA_008,144
GTCAGGAACAGGGTTTGACA_009,125
GTCAGGAACAGGGTTTGACA_010,37
ACTCACCAGTCGCCTCGCAG_001,42
ACTCACCAGTCGCCTCGCAG_002,1
ACTCACCAGTCGCCTCGCAG_003,58
ACTCACCAGTCGCCTCGCAG_004,0
ACTCACCAGTCGCCTCGCAG_005,137
ACTCACCAGTCGCCTCGCAG_006,78
ACTCACCAGTCGCCTCGCAG_007,14
ACTCACCAGTCGCCTCGCAG_008,172
ACTCACCAGTCGCCTCGCAG_009,40
ACTCACCAGTCGCCTCGCAG_010,198
ACTCACCAGTCGCCTCGCAG_011,144
ACTCACCAGTCGCCTCGCAG_012,48
ACTCACCAGTCGCCTCGCAG_013,113
ACTCACCAGTCGCCTCGCAG_014,108
ACTCACCAGTCGCCTCGCAG_015,6
ACTCACCAGTCGCCTCGCAG_016,12
ACTCACCAGTCGCCTCGCAG_017,43
ACTCACCAGTCGCCTCGCAG_018,11
ACTCACCAGTCGCCTCGCAG_019,107
AGAACTTGAAATGACAGTCA_001,75
AGAACTTGAAATGACAGTCA_002,181
AGAACTTGAAATGACAGTCA_003,76
AGAACTTGAAATGACAGTCA_004,88
AGAACTTGAAATGACAGTCA_005,188
AGAACTTGAAATGACAGTCA_006,190
AGAACTTGAAATGACAGTCA_007,113
AGAACTTGAAATGACAGTCA_008,92
AGAACTTGAAATGACAGTCA_009,115
AGAACTTGAAATGACAGTCA_010,106
AGAACTTGAAATGACAGTCA_011,32
AGAACTTGAAATGACAGTCA_012,36
AGAACTTGAAATGACAGTCA_013,60
AGAACTTGAAATGACAGTCA_014,8
AGAACTTGAAATGACAGTCA_015,107
AGAACTTGAAATGACAGTCA_016,162
AGAACTTGAAATGACAGTCA_017,57
AGAACTTGAAATGACAGTCA_018,140
CCAAAACCCCAAAGCAAGCA_001,54
CCAAAACCCCAAAGCAAGCA_002,197
CCAAAACCCCAAAGCAAGCA_003,197
CCAAAACCCCAAAGCAAGCA_004,177
GATGCCCACGGTGCTAACGA_001,106
GATGCCCACGGTGCTAACGA_002,38
GATGCCCACGGTGCTAACGA_003,76
GATGCCCACGGTGCTAACGA_004,29
GATGCCCACGGTGCTAACGA_005,121
GGCTGGGGCAGCGCTCCTAG_001,111
GGCTGGGGCAGCGCTCCTAG_002,186
GGCTGGGGCAGCGCTCCTAG_003,108
GGCTGGGGCAGCGCTCCTAG_004,70
GGCTGGGGCAGCGCTCCTAG_005,101
GGCTGGGGCAGCGCTCCTAG_006,58
GGCTGGGGCAGCGCTCCTAG_007,12
GGCTGGGGCAGCGCTCCTAG_008,124
CTGGGGCAAGCCTAGCACTG_001,125
CTGGGGCAAGCCTAGCACTG_002,97
CTGGGGCAAGCCTAGCACTG_003,179
CTGGGGCAAGCCTAGCACTG_004,19
CTGGGGCAAGCCTAGCACTG_005,157
CTGGGGCAAGCCTAGCACTG_006,196
CTGGGGCAAGCCTAGCACTG_007,188
CTGGGGCAAGCCTAGCACTG_008,1
CTGGGGCAAGCCTAGCACTG_009,188
CTGGGGCAAGCCTAGCACTG_010,150
GGAAACCTGCCCCACCACGA_001,171
GGAAACCTGCCCCACCACGA_002,147
GGAAACCTGCCCCACCACGA_003,84
GGAAACCTGCCCCACCACGA_004,191
GGAAACCTGCCCCACCACGA_005,41
GGAAACCTGCCCCACCACGA_006,70
GGAAACCTGCCCCACCACGA_007,43
GGAAACCTGCCCCACCACGA_008,149
GGAAACCTGCCCCACCACGA_009,23
GGAAACCTGCCCCACCACGA_010,138
GGAAACCTGCCCCACCACGA_011,114
GGAAACCTGCCCCACCACGA_012,188
GGAAACCTGCCCCACCACGA_013,130
GGAAACCTGCCCCACCACGA_014,81
GGAAACCTGCCCCACCACGA_015,76
GGAAACCTGCCCCACCACGA_016,84
GGAAACCTGCCCCACCACGA_017,38
GGAAACCTGCCCCACCACGA_018,44
GGAAACCTGCCCCACCACGA_019,150
GGAAACCTGCCCCACCACGA_020,6
GGAAACCTGCCCCACCACGA_021,22
GGAAACCTGCCCCACCACGA_022,152
GGAAACCTGCCCCACCACGA_023,197
GGAAACCTGCCCCACCACGA_024,162
GGAAACCTGCCCCACCACGA_025,138
GGAAACCTGCCCCACCACGA_026,63
GGAAACCTGCCCCACCACGA_027,121
GGAAACCTGCCCCACCACGA_028,121
GGAAACCTGCCCCACCACGA_029,105
GGAAACCTGCCCCACCACGA_030,174
GTCATCTCGGTAGTGCACAA_001,78
GTCATCTCGGTAGTGCACAA_002,146
GTCATCTCGGTAGTGCACAA_003,8
GTCATCTCGGTAGTGCACAA_004,131
GTCATCTCGGTAGTGCACAA_005,29
GTCATCTCGGTAGTGCACAA_006,134
GTCATCTCGGTAGTGCACAA_007,181
GTCATCTCGGTAGTGCACAA_008,16
GTCATCTCGGTAGTGCACAA_009,35
GTCATCTCGGTAGTGCACAA_010,71
GTCATCTCGGTAGTGCACAA_011,160
GTCATCTCGGTAGTGCACAA_012,184
GTCATCTCGGTAGTGCACAA_013,24
GTCATCTCGGTAGTGCACAA_014,137
GTCATCTCGGTAGTGCACAA_015,119
GTCATCTCGGTAGTGCACAA_016,157
GTCATCTCGGTAGTGCACAA_017,64
GTCATCTCGGTAGTGCACAA_018,124
GTCATCTCGGTAGTGCACAA_019,163
GTCATCTCGGTAGTGCACAA_020,142
GTCATCTCGGTAGTGCACAA_021,61
GTCATCTCGGTAGTGCACAA_022,130
GTCATCTCGGTAGTGCACAA_023,121
GTCATCTCGGTAGTGCACAA_024,97
GTCATCTCGGTAGTGCACAA_025,185
GTCATCTCGGTAGTGCACAA_026,94
GTCATCTCGGTAGTGCACAA_027,62
GTCATCTCGGTAGTGCACAA_028,84
GTCATCTCGGTAGTGCACAA_029,106
GTCATCTCGGTAGTGCACAA_030,101
GTCATCTCGGTAGTGCACAA_031,162
GTCATCTCGGTAGTGCACAA_032,15
GTCATCTCGGTAGTGCACAA_033,144
GTCATCTCGGTAGTGCACAA_034,100
GTTGAAAAGGTCAAACGCTG_001,194
GTTGAAAAGGTCAAACGCTG_002,134
GTTGAAAAGGTCAAACGCTG_003,47
GTTGAAAAGGTCAAACGCTG_004,104
GTTGAAAAGGTCAAACGCTG_005,22
GTTGAAAAGGTCAAACGCTG_006,68
GTTGAAAAGGTCAAACGCTG_007,127
GTTGAAAAGGTCAAACGCTG_008,143
GTTGAAAAGGTCAAACGCTG_009,169
GTTGAAAAGGTCAAACGCTG_010,161
GTTGAAAAGGTCAAACGCTG_011,8
GTTGAAAAGGTCAAACGCTG_012,145
GTTGAAAAGGTCAAACGCTG_013,102
GTTGAAAAGGTCAAACGCTG_014,111
GTTGAAAAGGTCAAACGCTG_015,94
GTTGAAAAGGTCAAACGCTG_016,60
GTTGAAAAGGTCAAACGCTG_017,29
GTTGAAAAGGTCAAACGCTG_018,112
GTTGAAAAGGTCAAACGCTG_019,192
GTTGAAAAGGTCAAACGCTG_020,128
GTTGAAAAGGTCAAACGCTG_021,116
GTTGAAAAGGTCAAACGCTG_022,184
GTTGAAAAGGTCAAACGCTG_023,162
GTTGAAAAGGTCAAACGCTG_024,138
GTTGAAAAGGTCAAACGCTG_025,48
GTTGAAAAGGTCAAACGCTG_026,141
GTTGAAAAGGTCAAACGCTG_027,36
GAGATCCCTATCCACGGGAA_001,70
GAGATCCCTATCCACGGGAA_002,115
GAGATCCCTATCCACGGGAA_003,35
GAGATCCCTATCCACGGGAA_004,102
GAGATCCCTATCCACGGGAA_005,40
GAGATCCCTATCCACGGGAA_006,105
GAGGTGATCATGGATCGTCA_001,17
GAGGTGATCATGGATCGTCA_002,0
GAGGTGATCATGGATCGTCA_003,17
GAGGTGATCATGGATCGTCA_004,183
GAGGTGATCATGGATCGTCA_005,94
GAGGTGATCATGGATCGTCA_006,149
GAGGTGATCATGGATCGTCA_007,9
GAGGTGATCATGGATCGTCA_008,182
GAGGTGATCATGGATCGTCA_009,1
CTATATCACTATAGGTGCGA_001,169
CTATATCACTATAGGTGCGA_002,70
TCCTGCTCCTCGTAACTCTG_001,115
TCCTGCTCCTCGTAACTCTG_002,122
TCCTGCTCCTCGTAACTCTG_003,144
TCCTGCTCCTCGTAACTCTG_004,174
TCCTGCTCCTCGTAACTCTG_005,14
TCCTGCTCCTCGTAACTCTG_006,109
TCCTGCTCCTCGTAACTCTG_007,96
TCCTGCTCCTCGTAACTCTG_008,183
TCCTGCTCCTCGTAACTCTG_009,7
TCCTGCTCCTCGTAACTCTG_010,75
TCCTGCTCCTCGTAACTCTG_011,47
TCCTGCTCCTCGTAACTCTG_012,108
TCCTGCTCCTCGTAACTCTG_013,144
TCCTGCTCCTCGTAACTCTG_014,38
TCCTGCTCCTCGTAACTCTG_015,186
TCCTGCTCCTCGTAACTCTG_016,117
TCCTGCTCCTCGTAACTCTG_017,188
TCCTGCTCCTCGTAACTCTG_018,15
TCCTGCTCCTCGTAACTCTG_019,21
TCCTGCTCCTCGTAACTCTG_020,79
CCACTGGATGAAAATATGAC_001,183
CCACTGGATGAAAATATGAC_002,187
TTTGTTAGAATCTCCAGACA_001,192
TTTGTTAGAATCTCCAGACA_002,190
TTTGTTAGAATCTCCAGACA_003,36
AAGTGCTACTCACCATATGG_001,183
AAGTGCTACTCACCATATGG_002,93
AAGGCTCATTCTCAAGTCAG_001,171
AAGGCTCATTCTCAAGTCAG_002,113
AAGGCTCATTCTCAAGTCAG_003,145
AAGGCTCATTCTCAAGTCAG_004,110
AAGGCTCATTCTCAAGTCAG_005,72
AAGGCTCATTCTCAAGTCAG_006,6
AAGGCTCATTCTCAAGTCAG_007,80
AAGGCTCATTCTCAAGTCAG_008,170
AAGGCTCATTCTCAAGTCAG_009,162
AGGCCGTGCCTCTCCCAGAG_001,172
AGGCCGTGCCTCTCCCAGAG_002,34
AGGCCGTGCCTCTCCCAGAG_003,163
AGGCCGTGCCTCTCCCAGAG_004,197
AGGCCGTGCCTCTCCCAGAG_005,153
AGGCCGTGCCTCTCCCAGAG_006,144
AGGCCGTGCCTCTCCCAGAG_007,80
AGGCCGTGCCTCTCCCAGAG_008,78
AGGCCGTGCCTCTCCCAGAG_009,178
AGGCCGTGCCTCTCCCAGAG_010,96
AGCCATCGTGCAGCCCAGCG_001,165
AGCCATCGTGCAGCCCAGCG_002,5
AGCCATCGTGCAGCCCAGCG_003,69
AGCCATCGTGCAGCCCAGCG_004,51
AGCCATCGTGCAGCCCAGCG_005,12
AGCCATCGTGCAGCCCAGCG_006,94
AGCCATCGTGCAGCCCAGCG_007,190
AGCCATCGTGCAGCCCAGCG_008,103
AGCCATCGTGCAGCCCAGCG_009,2
AGCCATCGTGCAGCCCAGCG_010,16
ACGTGGCCCTCCACCGCACG_001,194
ACGTGGCCCTCCACCGCACG_002,198
ACGTGGCCCTCCACCGCACG_003,34
ACGTGGCCCTCCACCGCACG_004,94
ACGTGGCCCTCCACCGCACG_005,17
ACGTGGCCCTCCACCGCACG_006,36
ACGTGGCCCTCCACCGCACG_007,80
ACGTGGCCCTCCACCGCACG_008,119
ACGTGGCCCTCCACCGCACG_009,188
ACGTGGCCCTCCACCGCACG_010,1
ACGTGGCCCTCCACCGCACG_011,81
ACGTGGCCCTCCACCGCACG_012,112
ACGTGGCCCTCCACCGCACG_013,121
ACGTGGCCCTCCACCGCACG_014,56
ACGTGGCCCTCCACCGCACG_015,183
ACGTGGCCCTCCACCGCACG_016,120
ACGTGGCCCTCCACCGCACG_017,150
ACGTGGCCCTCCACCGCACG_018,161
ACGTGGCCCTCCACCGCACG_019,52
ACGTGGCCCTCCACCGCACG_020,161
ACGTGGCCCTCCACCGCACG_021,139
ACGTGGCCCTCCACCGCACG_022,32
ACGTGGCCCTCCACCGCACG_023,21
ACGTGGCCCTCCACCGCACG_024,50
ACGTGGCCCTCCACCGCACG_025,151
ACGTGGCCCTCCACCGCACG_026,144
ACGTGGCCCTCCACCGCACG_027,53
ACGTGGCCCTCCACCGCACG_028,123
ACGTGGCCCTCCACCGCACG_029,4
ACGTGGCCCTCCACCGCACG_030,164
ACGTGGCCCTCCACCGCACG_031,160
ACGTGGCCCTCCACCGCACG_032,177
ACGTGGCCCTCCACCGCACG_033,10
ACGTGGCCCTCCACCGCACG_034,165
CGACACGCTGCCGAGCACCT_001,68
CGACACGCTGCCGAGCACCT_002,28
CGACACGCTGCCGAGCACCT_003,0
CGACACGCTGCCGAGCACCT_004,32
CGACACGCTGCCGAGCACCT_005,198
CGACACGCTGCCGAGCACCT_006,182
CGACACGCTGCCGAGCACCT_007,182
CGACACGCTGCCGAGCACCT_008,150
CGACACGCTGCCGAGCACCT_009,5
CGACACGCTGCCGAGCACCT_010,162
CGACACGCTGCCGAGCACCT_011,42
CGACACGCTGCCGAGCACCT_012,62
CGACACGCTGCCGAGCACCT_013,60
CGACACGCTGCCGAGCACCT_014,108
CGACACGCTGCCGAGCACCT_015,47
CGACACGCTGCCGAGCACCT_016,165
CGACACGCTGCCGAGCACCT_017,116
GGGAAATGATTCCTCGATCG_001,65
TTCTGAGATACGGGGCAGTG_001,193
TTCTGAGATACGGGGCAGTG_002,154
TTCTGAGATACGGGGCAGTG_003,43
TTCTGAGATACGGGGCAGTG_004,94
TTCTGAGATACGGGGCAGTG_005,140
TTCTGAGATACGGGGCAGTG_006,88
TTCTGAGATACGGGGCAGTG_007,8
TTCTGAGATACGGGGCAGTG_008,8
TTCTGAGATACGGGGCAGTG_009,91
TTCTGAGATACGGGGCAGTG_010,185
TTCTGAGATACGGGGCAGTG_011,169
TTCTGAGATACGGGGCAGTG_012,117
TTCTGAGATACGGGGCAGTG_013,52
TTCTGAGATACGGGGCAGTG_014,174
TTCTGAGATACGGGGCAGTG_015,72
TTCTGAGATACGGGGCAGTG_016,172
TTCTGAGATACGGGGCAGTG_017,184
TTCTGAGATACGGGGCAGTG_018,168
TTCTGAGATACGGGGCAGTG_019,163
TTCTGAGATACGGGGCAGTG_020,150
TTCTGAGATACGGGGCAGTG_021,167
TTCTGAGATACGGGGCAGTG_022,167
TTCTGAGATACGGGGCAGTG_023,56
TTCTGAGATACGGGGCAGTG_024,115
TTCTGAGATACGGGGCAGTG_025,119
TTCTGAGATACGGGGCAGTG_026,168
TTCTGAGATACGGGGCAGTG_027,118
TTCTGAGATACGGGGCAGTG_028,159
ATAAATTACAGACCACTTCG_001,129
ATAAATTACAGACCACTTCG_002,159
ATAAATTACAGACCACTTCG_003,82
ATAAATTACAGACCACTTCG_004,81
TAGGCTGAGGGTAAAAAGCT_001,162
TAGGCTGAGGGTAAAAAGCT_002,88
TAGGCTGAGGGTAAAAAGCT_003,194
TTTGGTCAACTGCAATTGCA_001,19
TTTGGTCAACTGCAATTGCA_002,8
TTTGGTCAACTGCAATTGCA_003,5
TTTGGTCAACTGCAATTGCA_004,199
TTTGGTCAACTGCAATTGCA_005,70
TTTGGTCAACTGCAATTGCA_006,75
TTTGGTCAACTGCAATTGCA_007,166
TTTGGTCAACTGCAATTGCA_008,103
TTTGGTCAACTGCAATTGCA_009,65
TTTGGTCAACTGCAATTGCA_010,84
TGGGGTAGATCACCTTTCGA_001,53
TGGGGTAGATCACCTTTCGA_002,135
AGAGACCTCAAGTGACCATG_001,58
AGAGACCTCAAGTGACCATG_002,29
AGAGACCTCAAGTGACCATG_003,198
AGAGACCTCAAGTGACCATG_004,16
AGAGACCTCAAGTGACCATG_005,71
AGAGACCTCAAGTGACCATG_006,35
AGAGACCTCAAGTGACCATG_007,81
AGAGACCTCAAGTGACCATG_008,12
AGAGACCTCAAGTGACCATG_009,182
AGAGACCTCAAGTGACCATG_010,105
AGAGACCTCAAGTGACCATG_011,149
AGAGACCTCAAGTGACCATG_012,175
TTGGAAGACCGTAGCCAGGA_001,17
TTGGAAGACCGTAGCCAGGA_002,77
TTGGAAGACCGTAGCCAGGA_003,74
TTGGAAGACCGTAGCCAGGA_004,9
TTGGAAGACCGTAGCCAGGA_005,183
TTGGAAGACCGTAGCCAGGA_006,141
TTGGAAGACCGTAGCCAGGA_007,31
TTGGAAGACCGTAGCCAGGA_008,133
TTGGAAGACCGTAGCCAGGA_009,56
TTGGAAGACCGTAGCCAGGA_010,184
TTGGAAGACCGTAGCCAGGA_011,63
TTGGAAGACCGTAGCCAGGA_012,34
AGAAACTCATCATCCACCTG_001,39
AGAAACTCATCATCCACCTG_002,184
AGAAACTCATCATCCACCTG_003,130
AGAAACTCATCATCCACCTG_004,94
AGAAACTCATCATCCACCTG_005,43
AGAAACTCATCATCCACCTG_006,4
AGAAACTCATCATCCACCTG_007,119
AGAAACTCATCATCCACCTG_008,175
AGAGCTGAATCACCAGAATG_001,28
AGAGCTGAATCACCAGAATG_002,61
AGAGCTGAATCACCAGAATG_003,80
AGAGCTGAATCACCAGAATG_004,6
AGAGCTGAATCACCAGAATG_005,103
AGAGCTGAATCACCAGAATG_006,49
ATTCGATTGATCTTACCCTG_001,102
ATTCGATTGATCTTACCCTG_002,94
ATTCGATTGATCTTACCCTG_003,176
ATTCGATTGATCTTACCCTG_004,29
ATTCGATTGATCTTACCCTG_005,30
ATTCGATTGATCTTACCCTG_006,2
ATTCGATTGATCTTACCCTG_007,37
AATCAGCTGTTAATCTAGTG_001,158
AATCAGCTGTTAATCTAGTG_002,0
CCGGGAGATTAACGTTAATT_001,191
CCGGGAGATTAACGTTAATT_002,27
CCGGGAGATTAACGTTAATT_003,2
CCGGGAGATTAACGTTAATT_004,42
CCGGGAGATTAACGTTAATT_005,13
CCGGGAGATTAACGTTAATT_006,82
CCGGGAGATTAACGTTAATT_007,24
GACGATTGACTCCCTAGACG_001,152
GACGATTGACTCCCTAGACG_002,77
GACGATTGACTCCCTAGACG_003,160
GACGATTGACTCCCTAGACG_004,154
GACGATTGACTCCCTAGACG_005,93
GACGATTGACTCCCTAGACG_006,58
GACGATTGACTCCCTAGACG_007,196
GACGATTGACTCCCTAGACG_008,154
GACGATTGACTCCCTAGACG_009,149
CTAGTCTCCAGAGAATACAG_001,49
CTAGTCTCCAGAGAATACAG_002,121
CTAGTCTCCAGAGAATACAG_003,57
CTAGTCTCCAGAGAATACAG_004,175
CTAGTCTCCAGAGAATACAG_005,15
GCTTGGTTGATTAATAAAGC_001,27
GCTTGGTTGATTAATAAAGC_002,82
GCTTGGTTGATTAATAAAGC_003,130
GCTTGGTTGATTAATAAAGC_004,37
GCTTGGTTGATTAATAAAGC_005,160
GCTTGGTTGATTAATAAAGC_006,19
GCTTGGTTGATTAATAAAGC_007,17
GCTTGGTTGATTAATAAAGC_008,109
GCTTGGTTGATTAATAAAGC_009,137
GCTTGGTTGATTAATAAAGC_010,172
AACTACATGAAGGAACGCAA_001,51
AACTACATGAAGGAACGCAA_002,56
AACTACATGAAGGAACGCAA_003,0
AACTACATGAAGGAACGCAA_004,157
AACTACATGAAGGAACGCAA_005,94
AACTACATGAAGGAACGCAA_006,21
AACTACATGAAGGAACGCAA_007,94
AACTACATGAAGGAACGCAA_008,199
AACTACATGAAGGAACGCAA_009,199
AACTACATGAAGGAACGCAA_010,88
GTAGACCAATAAACTCCAGT_001,118
GTAGACCAATAAACTCCAGT_002,56
GTAGACCAATAAACTCCAGT_003,115
GTAGACCAATAAACTCCAGT_004,12
GTAGACCAATAAACTCCAGT_005,160
GTAGACCAATAAACTCCAGT_006,8
GTAGACCAATAAACTCCAGT_007,105
GTAGACCAATAAACTCCAGT_008,82
GTAGACCAATAAACTCCAGT_009,162
GTAGACCAATAAACTCCAGT_010,88
GTAGACCAATAAACTCCAGT_011,48
GTAGACCAATAAACTCCAGT_012,48
GTAGACCAATAAACTCCAGT_013,91
GTAGACCAATAAACTCCAGT_014,91
TCTAGTTGGACTGTTCCAGT_001,43
TCTAGTTGGACTGTTCCAGT_002,97
TCTAGTTGGACTGTTCCAGT_003,112
TCTAGTTGGACTGTTCCAGT_004,72
TCTAGTTGGACTGTTCCAGT_005,94
TCTAGTTGGACTGTTCCAGT_006,156
TCTAGTTGGACTGTTCCAGT_007,99
TCTAGTTGGACTGTTCCAGT_008,51
TCTAGTTGGACTGTTCCAGT_009,136
TCTAGTTGGACTGTTCCAGT_010,111
TGTTCGGAAAAACCTGCGTG_001,9
TGTTCGGAAAAACCTGCGTG_002,78
TGTTCGGAAAAACCTGCGTG_003,182
TGTTCGGAAAAACCTGCGTG_004,49
TGTTCGGAAAAACCTGCGTG_005,15
TGTTCGGAAAAACCTGCGTG_006,21
TGTTCGGAAAAACCTGCGTG_007,154
TGTTCGGAAAAACCTGCGTG_008,135
TGTTCGGAAAAACCTGCGTG_009,96
TGTTCGGAAAAACCTGCGTG_010,145
TGTTCGGAAAAACCTGCGTG_011,199
TGTTCGGAAAAACCTGCGTG_012,198
TGTTCGGAAAAACCTGCGTG_013,94
TGTTCGGAAAAACCTGCGTG_014,15
TGTTCGGAAAAACCTGCGTG_015,87
TGTTCGGAAAAACCTGCGTG_016,171
TGTTCGGAAAAACCTGCGTG_017,50
TGTTCGGAAAAACCTGCGTG_018,144
TGTTCGGAAAAACCTGCGTG_019,9
TGTTCGGAAAAACCTGCGTG_020,162
TGTTCGGAAAAACCTGCGTG_021,185
TGTTCGGAAAAACCTGCGTG_022,62
TGTTCGGAAAAACCTGCGTG_023,38
TGTTCGGAAAAACCTGCGTG_024,145
TGTTCGGAAAAACCTGCGTG_025,4
TGTTCGGAAAAACCTGCGTG_026,72
TGTTCGGAAAAACCTGCGTG_027,11
TGTTCGGAAAAACCTGCGTG_028,24
TGTTCGGAAAAACCTGCGTG_029,42
TGTTCGGAAAAACCTGCGTG_030,142
TGTTCGGAAAAACCTGCGTG_031,162
TGTTCGGAAAAACCTGCGTG_032,91
TGTTCGGAAAAACCTGCGTG_033,27
TGTTCGGAAAAACCTGCGTG_034,174
TGTTCGGAAAAACCTGCGTG_035,136
TGTTCGGAAAAACCTGCGTG_036,149
TGTTCGGAAAAACCTGCGTG_037,158
TGTTCGGAAAAACCTGCGTG_038,148
TGTTCGGAAAAACCTGCGTG_039,156
GGCTGCCAGCAACAATCACC_001,123
GGCTGCCAGCAACAATCACC_002,81
GGCTGCCAGCAACAATCACC_003,197
GGCTGCCAGCAACAATCACC_004,86
GGCTGCCAGCAACAATCACC_005,116
GGCTGCCAGCAACAATCACC_006,27
GGCTGCCAGCAACAATCACC_007,181
GGCTGCCAGCAACAATCACC_008,33
GGCTGCCAGCAACAATCACC_009,22
GGCTGCCAGCAACAATCACC_010,107
GGCTGCCAGCAACAATCACC_011,127
GGCTGCCAGCAACAATCACC_012,2
GGCTGCCAGCAACAATCACC_013,17
GGCTGCCAGCAACAATCACC_014,76
GGTCGGCGGAGTGCTCTCGG_001,29
GGTCGGCGGAGTGCTCTCGG_002,68
GGTCGGCGGAGTGCTCTCGG_003,20
GGTCGGCGGAGTGCTCTCGG_004,16
GGTCGGCGGAGTGCTCTCGG_005,9
GGTCGGCGGAGTGCTCTCGG_006,78
GGTCGGCGGAGTGCTCTCGG_007,199
TGAGGTGCATTATAGGACGA_001,15
TGAGGTGCATTATAGGACGA_002,66
AGAGCTTATAAACTCCTGGT_001,85
CGCACAGCGTGTAGTCTCCG_001,3
CGCACAGCGTGTAGTCTCCG_002,10
CGCACAGCGTGTAGTCTCCG_003,124
CGCACAGCGTGTAGTCTCCG_004,22
CGCACAGCGTGTAGTCTCCG_005,171
CGCACAGCGTGTAGTCTCCG_006,146
CGCACAGCGTGTAGTCTCCG_007,50
CGCACAGCGTGTAGTCTCCG_008,174
CGCACAGCGTGTAGTCTCCG_009,43
CGCACAGCGTGTAGTCTCCG_010,145
CGCACAGCGTGTAGTCTCCG_011,29
CGCACAGCGTGTAGTCTCCG_012,170
CAGCACAGAACATTCCCGGC_001,61
CAGCACAGAACATTCCCGGC_002,182
CAGCACAGAACATTCCCGGC_003,95
CAGCACAGAACATTCCCGGC_004,84
GTGAAGATCTAAGATATCGC_001,36
GTGAAGATCTAAGATATCGC_002,182
TCTACATTGAACGGGTGCAG_001,65
TTCACAGCTGCTTATTACTG_001,198
TTCACAGCTGCTTATTACTG_002,112
CAATGCCAGAGACCCATCCA_001,44
CAATGCCAGAGACCCATCCA_002,94
CAATGCCAGAGACCCATCCA_003,117
CAATGCCAGAGACCCATCCA_004,88
CAATGCCAGAGACCCATCCA_005,168
CAATGCCAGAGACCCATCCA_006,137
CAATGCCAGAGACCCATCCA_007,77
CAATGCCAGAGACCCATCCA_008,10
CAATGCCAGAGACCCATCCA_009,199
CAATGCCAGAGACCCATCCA_010,134
CAATGCCAGAGACCCATCCA_011,9
CAATGCCAGAGACCCATCCA_012,49
CAATGCCAGAGACCCATCCA_013,154
CAATGCCAGAGACCCATCCA_014,88
CAATGCCAGAGACCCATCCA_015,58
CAATGCCAGAGACCCATCCA_016,103
CAATGCCAGAGACCCATCCA_017,57
CAATGCCAGAGACCCATCCA_018,62
CAATGCCAGAGACCCATCCA_019,43
CAATGCCAGAGACCCATCCA_020,13
CAATGCCAGAGACCCATCCA_021,15
CAATGCCAGAGACCCATCCA_022,191
CAATGCCAGAGACCCATCCA_023,17
CAATGCCAGAGACCCATCCA_024,15
CAATGCCAGAGACCCATCCA_025,19
CAATGCCAGAGACCCATCCA_026,170
CAATGCCAGAGACCCATCCA_027,112
CAATGCCAGAGACCCATCCA_028,199
CAATGCCAGAGACCCATCCA_029,164
CAATGCCAGAGACCCATCCA_030,164
CAATGCCAGAGACCCATCCA_031,132
CAATGCCAGAGACCCATCCA_032,64
CAATGCCAGAGACCCATCCA_033,192
CAATGCCAGAGACCCATCCA_034,48
CAATGCCAGAGACCCATCCA_035,170
CAATGCCAGAGACCCATCCA_036,198
CAATGCCAGAGACCCATCCA_037,43
CAATGCCAGAGACCCATCCA_038,6
CAATGCCAGAGACCCATCCA_039,180
CAATGCCAGAGACCCATCCA_040,142
CAATGCCAGAGACCCATCCA_041,168
CAATGCCAGAGACCCATCCA_042,83
CAATGCCAGAGACCCATCCA_043,167
CAATGCCAGAGACCCATCCA_044,66
CAATGCCAGAGACCCATCCA_045,62
CAATGCCAGAGACCCATCCA_046,172
CAGAGTGCGAGCTTGTAACA_001,178
CAGAGTGCGAGCTTGTAACA_002,161
CAGAGTGCGAGCTTGTAACA_003,40
CAGAGTGCGAGCTTGTAACA_004,158
CAGAGTGCGAGCTTGTAACA_005,65
CAGAGTGCGAGCTTGTAACA_006,189
CAGAGTGCGAGCTTGTAACA_007,99
CAGAGTGCGAGCTTGTAACA_008,137
CAGAGTGCGAGCTTGTAACA_009,5
CAGAGTGCGAGCTTGTAACA_010,1
CAGAGTGCGAGCTTGTAACA_011,105
CAGAGTGCGAGCTTGTAACA_012,187
CAGAGTGCGAGCTTGTAACA_013,176
CAGAGTGCGAGCTTGTAACA_014,66
CAGAGTGCGAGCTTGTAACA_015,153
CAGAGTGCGAGCTTGTAACA_016,40
CATCAATCCAGTCCAAGAGG_001,85
CATCAATCCAGTCCAAGAGG_002,152
CATCAATCCAGTCCAAGAGG_003,186
CATCAATCCAGTCCAAGAGG_004,140
CATCAATCCAGTCCAAGAGG_005,156
CATCAATCCAGTCCAAGAGG_006,93
CATCAATCCAGTCCAAGAGG_007,112
CATCAATCCAGTCCAAGAGG_008,111
CATCAATCCAGTCCAAGAGG_009,161
CATCAATCCAGTCCAAGAGG_010,11
CATCAATCCAGTCCAAGAGG_011,76
TAACCTACCTATGACAACAG_001,114
AATAAGCAGGAAGGGTGTTG_001,130
GCTGGAGCTAATATCCCAGC_001,169
GCTGGAGCTAATATCCCAGC_002,158
ATTCCAGATGATTTGACGAA_001,60
ATTCCAGATGATTTGACGAA_002,41
ATTCCAGATGATTTGACGAA_003,127
ATTCCAGATGATTTGACGAA_004,84
ATTCCAGATGATTTGACGAA_005,118
CAAGAGCCATCGCTTCAGCG_001,145
CAAGAGCCATCGCTTCAGCG_002,69
CAAGAGCCATCGCTTCAGCG_003,130
CAAGAGCCATCGCTTCAGCG_004,52
TTCCAGGGCAAAAGCCAATG_001,4
TTCCAGGGCAAAAGCCAATG_002,115
TTCCAGGGCAAAAGCCAATG_003,69
TTCCAGGGCAAAAGCCAATG_004,119
TTCCAGGGCAAAAGCCAATG_005,177
TTCCAGGGCAAAAGCCAATG_006,89
TTCCAGGGCAAAAGCCAATG_007,165
TTCCAGGGCAAAAGCCAATG_008,110
TTCCAGGGCAAAAGCCAATG_009,69
TTCCAGGGCAAAAGCCAATG_010,191
TTCCAGGGCAAAAGCCAATG_011,127
TTCCAGGGCAAAAGCCAATG_012,17
TTCCAGGGCAAAAGCCAATG_013,48
TTCCAGGGCAAAAGCCAATG_014,191
TTCCAGGGCAAAAGCCAATG_015,127
TTCCAGGGCAAAAGCCAATG_016,198
TTCCAGGGCAAAAGCCAATG_017,2
TTCCAGGGCAAAAGCCAATG_018,62
TTCCAGGGCAAAAGCCAATG_019,26
TTCCAGGGCAAAAGCCAATG_020,166
GGTGGAGTCACTACATAGGG_001,160
GGTGGAGTCACTACATAGGG_002,118
GGTGGAGTCACTACATAGGG_003,152
GGTGGAGTCACTACATAGGG_004,147
GGTGGAGTCACTACATAGGG_005,94
GGTGGAGTCACTACATAGGG_006,174
GGTGGAGTCACTACATAGGG_007,106
GGTGGAGTCACTACATAGGG_008,94
GGTGGAGTCACTACATAGGG_009,180
TTCGCCGAGAAATTTCTCAA_001,51
TTCGCCGAGAAATTTCTCAA_002,199
TTCGCCGAGAAATTTCTCAA_003,40
TTCGCCGAGAAATTTCTCAA_004,86
TTCGCCGAGAAATTTCTCAA_005,166
CAGAGAAGATCCAAAAGGTG_001,127
CAGAGAAGATCCAAAAGGTG_002,51
CAGAGAAGATCCAAAAGGTG_003,94
CAGAGAAGATCCAAAAGGTG_004,24
CAGAGAAGATCCAAAAGGTG_005,57
CAGAGAAGATCCAAAAGGTG_006,127
GGCAGGTCAGTTTCACTGGT_001,171
GGCAGGTCAGTTTCACTGGT_002,107
GGCAGGTCAGTTTCACTGGT_003,85
CAACGCTAATCATACACGAA_001,85
CAACGCTAATCATACACGAA_002,195
CAACGCTAATCATACACGAA_003,33
CAACGCTAATCATACACGAA_004,29
CAACGCTAATCATACACGAA_005,154
CAACGCTAATCATACACGAA_006,151
CAACGCTAATCATACACGAA_007,118
CAACGCTAATCATACACGAA_008,147
CAACGCTAATCATACACGAA_009,128
CAACGCTAATCATACACGAA_010,94
CAACGCTAATCATACACGAA_011,8
CAACGCTAATCATACACGAA_012,84
CAACGCTAATCATACACGAA_013,28
CAACGCTAATCATACACGAA_014,84
CAACGCTAATCATACACGAA_015,3
GGAGATTCTTAAAGTCAGAC_001,88
GGAGATTCTTAAAGTCAGAC_002,71
GTGACGACTTACTCCCGGCA_001,103
GTGACGACTTACTCCCGGCA_002,162
GTGACGACTTACTCCCGGCA_003,145
GTGACGACTTACTCCCGGCA_004,133
GGAAGGATCTCGAATATGGG_001,30
GGAAGGATCTCGAATATGGG_002,47
GGAAGGATCTCGAATATGGG_003,67
GGAAGGATCTCGAATATGGG_004,43
GGAAGGATCTCGAATATGGG_005,118
GGAAGGATCTCGAATATGGG_006,124
ATGTGTGTATTCTCCTTCAA_001,188
ATGTGTGTATTCTCCTTCAA_002,116
ATGTGTGTATTCTCCTTCAA_003,185
ATGTGTGTATTCTCCTTCAA_004,138
ATGTGTGTATTCTCCTTCAA_005,62
ATGTGTGTATTCTCCTTCAA_006,182
ATGTGTGTATTCTCCTTCAA_007,188
ATGTGTGTATTCTCCTTCAA_008,122
TTCTTCCAAAGCCCCCGGGG_001,29
TTCTTCCAAAGCCCCCGGGG_002,124
TTCTTCCAAAGCCCCCGGGG_003,115
TTCTTCCAAAGCCCCCGGGG_004,96
TTCTTCCAAAGCCCCCGGGG_005,154
TTCTTCCAAAGCCCCCGGGG_006,31
TTCTTCCAAAGCCCCCGGGG_007,159
TTCTTCCAAAGCCCCCGGGG_008,4
TTCTTCCAAAGCCCCCGGGG_009,60
TTCTTCCAAAGCCCCCGGGG_010,94
TTCTTCCAAAGCCCCCGGGG_011,117
TTCTTCCAAAGCCCCCGGGG_012,152
TTCTTCCAAAGCCCCCGGGG_013,76
TTCTTCCAAAGCCCCCGGGG_014,24
TTCTTCCAAAGCCCCCGGGG_015,97
TTCTTCCAAAGCCCCCGGGG_016,88
TTCTTCCAAAGCCCCCGGGG_017,149
TTCTTCCAAAGCCCCCGGGG_018,94
TTCTTCCAAAGCCCCCGGGG_019,17
TTCTTCCAAAGCCCCCGGGG_020,37
TTCTTCCAAAGCCCCCGGGG_021,33
TTCTTCCAAAGCCCCCGGGG_022,158
TTCTTCCAAAGCCCCCGGGG_023,144
TTCTTCCAAAGCCCCCGGGG_024,168
GATCTCCAGAAGTATTGCTG_001,23
GATCTCCAGAAGTATTGCTG_002,173
GATCTCCAGAAGTATTGCTG_003,15
AAAAACCTTTAACTATGAAG_001,184
AAAAACCTTTAACTATGAAG_002,108
AAAAACCTTTAACTATGAAG_003,150
CTGGAGTACTCAACCAACCA_001,58
CTGGAGTACTCAACCAACCA_002,98
CTGGAGTACTCAACCAACCA_003,60
CTGGAGTACTCAACCAACCA_004,169
CTGGAGTACTCAACCAACCA_005,148
AAGCAATCGATAAAGTCCCG_001,36
AAGCAATCGATAAAGTCCCG_002,73
AAGCAATCGATAAAGTCCCG_003,199
AAGCAATCGATAAAGTCCCG_004,81
AAGCAATCGATAAAGTCCCG_005,150
AAGCAATCGATAAAGTCCCG_006,88
AAGCAATCGATAAAGTCCCG_007,77
AAGCAATCGATAAAGTCCCG_008,150
AAGCAATCGATAAAGTCCCG_009,138
AAGCAATCGATAAAGTCCCG_010,152
AAGCAATCGATAAAGTCCCG_011,52
AAGCAATCGATAAAGTCCCG_012,14
AAATACAAGCCGAAGATGTG_001,130
AAATACAAGCCGAAGATGTG_002,93
AAATACAAGCCGAAGATGTG_003,51
AAATACAAGCCGAAGATGTG_004,156
AAATACAAGCCGAAGATGTG_005,43
AAATACAAGCCGAAGATGTG_006,1
AAATACAAGCCGAAGATGTG_007,27
AAATACAAGCCGAAGATGTG_008,51
AAATACAAGCCGAAGATGTG_009,41
AAATACAAGCCGAAGATGTG_010,65
AAATACAAGCCGAAGATGTG_011,9
AAATACAAGCCGAAGATGTG_012,106
AAATACAAGCCGAAGATGTG_013,136
AAATACAAGCCGAAGATGTG_014,19
AAATACAAGCCGAAGATGTG_015,57
AATGCCAAATCCATGTTTCG_001,15
AATGCCAAATCCATGTTTCG_002,104
AATGCCAAATCCATGTTTCG_003,179
AATGCCAAATCCATGTTTCG_004,169
AATGCCAAATCCATGTTTCG_005,93
AATGCCAAATCCATGTTTCG_006,162
AATGCCAAATCCATGTTTCG_007,15
AATGCCAAATCCATGTTTCG_008,48
AATGCCAAATCCATGTTTCG_009,165
AATGCCAAATCCATGTTTCG_010,60
AATGCCAAATCCATGTTTCG_011,37
AATGCCAAATCCATGTTTCG_012,83
AATGCCAAATCCATGTTTCG_013,177
CGAGCTGCGGAGATCGTGGG_001,118
CGAGCTGCGGAGATCGTGGG_002,62
CGAGCTGCGGAGATCGTGGG_003,75
CGAGCTGCGGAGATCGTGGG_004,4
CGAGCTGCGGAGATCGTGGG_005,185
CGAGCTGCGGAGATCGTGGG_006,61
CGAGCTGCGGAGATCGTGGG_007,82
CGAGCTGCGGAGATCGTGGG_008,50
GGTGTGACCCCAACGAAGAG_001,153
GGTGTGACCCCAACGAAGAG_002,127
GGTGTGACCCCAACGAAGAG_003,105
GGTGTGACCCCAACGAAGAG_004,178
GGTGTGACCCCAACGAAGAG_005,156
GGTGTGACCCCAACGAAGAG_006,158
GGTGTGACCCCAACGAAGAG_007,148
GGTGTGACCCCAACGAAGAG_008,19
GGTGTGACCCCAACGAAGAG_009,48
GGTGTGACCCCAACGAAGAG_010,48
GGTGTGACCCCAACGAAGAG_011,185
GGTGTGACCCCAACGAAGAG_012,2
GGTGTGACCCCAACGAAGAG_013,184
GGTGTGACCCCAACGAAGAG_014,174
GGTGTGACCCCAACGAAGAG_015,18
GGTGTGACCCCAACGAAGAG_016,178
GGTGTGACCCCAACGAAGAG_017,118
GGTTTCAAGGCCGTACATCG_001,144
GGTTTCAAGGCCGTACATCG_002,7
GGTTTCAAGGCCGTACATCG_003,72
GGTTTCAAGGCCGTACATCG_004,77
GGTTTCAAGGCCGTACATCG_005,16
GGTTTCAAGGCCGTACATCG_006,194
GGTTTCAAGGCCGTACATCG_007,68
GGTTTCAAGGCCGTACATCG_008,87
GGTTTCAAGGCCGTACATCG_009,110
GGTTTCAAGGCCGTACATCG_010,101
GGTTTCAAGGCCGTACATCG_011,68
GGTTTCAAGGCCGTACATCG_012,172
GGTTTCAAGGCCGTACATCG_013,136
GGTTTCAAGGCCGTACATCG_014,2
GGTTTCAAGGCCGTACATCG_015,124
GCTGAACTCCACTGAGTACG_001,77
GCTGAACTCCACTGAGTACG_002,104
GCTGAACTCCACTGAGTACG_003,170
GCTGAACTCCACTGAGTACG_004,15
GCTGAACTCCACTGAGTACG_005,16
GCTGAACTCCACTGAGTACG_006,174
GCTGAACTCCACTGAGTACG_007,9
GCTGAACTCCACTGAGTACG_008,182
GCTGAACTCCACTGAGTACG_009,194
GCTGAACTCCACTGAGTACG_010,194
GCTGAACTCCACTGAGTACG_011,95
GCTGAACTCCACTGAGTACG_012,158
GCTGAACTCCACTGAGTACG_013,102
GCTGAACTCCACTGAGTACG_014,102
CTCCTACGGCACCTTCGCGG_001,149
CTCCTACGGCACCTTCGCGG_002,169
CTCCTACGGCACCTTCGCGG_003,47
CTCCTACGGCACCTTCGCGG_004,1
CTCCTACGGCACCTTCGCGG_005,130
CTCCTACGGCACCTTCGCGG_006,22
CTCCTACGGCACCTTCGCGG_007,69
CTCCTACGGCACCTTCGCGG_008,194
CTCCTACGGCACCTTCGCGG_009,7
CTCCTACGGCACCTTCGCGG_010,198
CTCCTACGGCACCTTCGCGG_011,160
CTCCTACGGCACCTTCGCGG_012,29
CTCCTACGGCACCTTCGCGG_013,9
CTCCTACGGCACCTTCGCGG_014,83
CTCCTACGGCACCTTCGCGG_015,174
CTCCTACGGCACCTTCGCGG_016,80
CTCCTACGGCACCTTCGCGG_017,103
CTCCTACGGCACCTTCGCGG_018,115
CTCCTACGGCACCTTCGCGG_019,17
CTCCTACGGCACCTTCGCGG_020,126
CTCCTACGGCACCTTCGCGG_021,62
CTCCTACGGCACCTTCGCGG_022,80
CTCCTACGGCACCTTCGCGG_023,188
CTCCTACGGCACCTTCGCGG_024,19
CTCCTACGGCACCTTCGCGG_025,68
CTCCTACGGCACCTTCGCGG_026,142
CTCCTACGGCACCTTCGCGG_027,6
CTCCTACGGCACCTTCGCGG_028,125
CTCCTACGGCACCTTCGCGG_029,130
CTCCTACGGCACCTTCGCGG_030,169
CTCCTACGGCACCTTCGCGG_031,181
CTCCTACGGCACCTTCGCGG_032,27
CTCCTACGGCACCTTCGCGG_033,0
CTCCTACGGCACCTTCGCGG_034,99
CTCCTACGGCACCTTCGCGG_035,49
CTCCTACGGCACCTTCGCGG_036,41
CTCCTACGGCACCTTCGCGG_037,170
AGTCAGTCGAGACACAAGGA_001,12
AGTCAGTCGAGACACAAGGA_002,166
AGTCAGTCGAGACACAAGGA_003,101
AGTCAGTCGAGACACAAGGA_004,183
AGTCAGTCGAGACACAAGGA_005,116
AGTCAGTCGAGACACAAGGA_006,76
AGTCAGTCGAGACACAAGGA_007,145
AGTCAGTCGAGACACAAGGA_008,98
AGTCAGTCGAGACACAAGGA_009,47
AGTCAGTCGAGACACAAGGA_010,103
AGTCAGTCGAGACACAAGGA_011,144
AGTCAGTCGAGACACAAGGA_012,62
AGTCAGTCGAGACACAAGGA_013,150
AGTCAGTCGAGACACAAGGA_014,184
AGTCAGTCGAGACACAAGGA_015,2
AGTCAGTCGAGACACAAGGA_016,3
AGTCAGTCGAGACACAAGGA_017,199
AGTCAGTCGAGACACAAGGA_018,60
AGTCAGTCGAGACACAAGGA_019,97
AGTCAGTCGAGACACAAGGA_020,140
AGTCAGTCGAGACACAAGGA_021,87
AGTCAGTCGAGACACAAGGA_022,84
AGTCAGTCGAGACACAAGGA_023,86
AGTCAGTCGAGACACAAGGA_024,110
AGTCAGTCGAGACACAAGGA_025,42
GGGCCACAGAAGTAAGAACT_001,2
GGGCCACAGAAGTAAGAACT_002,177
GGGCCACAGAAGTAAGAACT_003,168
GGGCCACAGAAGTAAGAACT_004,42
GGGCCACAGAAGTAAGAACT_005,79
TCACAATGAAGCAAGCACTG_001,102
TCACAATGAAGCAAGCACTG_002,56
TCACAATGAAGCAAGCACTG_003,160
TCACAATGAAGCAAGCACTG_004,1
TCACAATGAAGCAAGCACTG_005,40
TCACAATGAAGCAAGCACTG_006,172
ACAGGAACTTCATTATCCAC_001,151
ACAGGAACTTCATTATCCAC_002,134
ACAGGAACTTCATTATCCAC_003,106
CCCCAAGTTCCCTCCATGCG_001,195
CCCCAAGTTCCCTCCATGCG_002,113
CCCCAAGTTCCCTCCATGCG_003,173
CCCCAAGTTCCCTCCATGCG_004,11
CCCCAAGTTCCCTCCATGCG_005,159
CCCCAAGTTCCCTCCATGCG_006,168
CCCCAAGTTCCCTCCATGCG_007,9
CCCCAAGTTCCCTCCATGCG_008,148
CCCCAAGTTCCCTCCATGCG_009,40
CCCCAAGTTCCCTCCATGCG_010,39
TTGATATTCTACGATCACAG_001,150
TTGATATTCTACGATCACAG_002,17
GGTGGACCCGCTCAGCGCCA_001,78
GGTGGACCCGCTCAGCGCCA_002,23
GGTGGACCCGCTCAGCGCCA_003,41
GGTGGACCCGCTCAGCGCCA_004,70
GGTGGACCCGCTCAGCGCCA_005,165
CATCCACTTCCACACAATTG_001,182
CATCCACTTCCACACAATTG_002,177
CATCCACTTCCACACAATTG_003,150
CATCCACTTCCACACAATTG_004,156
CATCCACTTCCACACAATTG_005,94
CCAGCCCCTCGAACACGGAG_001,9
CCAGCCCCTCGAACACGGAG_002,175
CCAGCCCCTCGAACACGGAG_003,77
CCAGCCCCTCGAACACGGAG_004,37
CCAGCCCCTCGAACACGGAG_005,50
CCAGCCCCTCGAACACGGAG_006,174
CCAGCCCCTCGAACACGGAG_007,161
CCAGCCCCTCGAACACGGAG_008,94
CCAGCCCCTCGAACACGGAG_009,105
CCAGCCCCTCGAACACGGAG_010,64
CCAGCCCCTCGAACACGGAG_011,175
CCAGCCCCTCGAACACGGAG_012,12
CCAGCCCCTCGAACACGGAG_013,168
CCAGCCCCTCGAACACGGAG_014,168
CCAGCCCCTCGAACACGGAG_015,75
CCAGCCCCTCGAACACGGAG_016,73
CCAGCCCCTCGAACACGGAG_017,192
CCAGCCCCTCGAACACGGAG_018,19
CCAGCCCCTCGAACACGGAG_019,16
CCAGCCCCTCGAACACGGAG_020,49
CCAGCCCCTCGAACACGGAG_021,12
CCAGCCCCTCGAACACGGAG_022,88
CCAGCCCCTCGAACACGGAG_023,170
CCAGCCCCTCGAACACGGAG_024,180
CCAGCCCCTCGAACACGGAG_025,161
AAAGAGTGTTACTCCAAACA_001,162
AAAGAGTGTTACTCCAAACA_002,174
CCGCTGAAGTGACCAGACTG_001,158
CCGCTGAAGTGACCAGACTG_002,161
CCGCTGAAGTGACCAGACTG_003,28
CCGCTGAAGTGACCAGACTG_004,48
CCGCTGAAGTGACCAGACTG_005,29
CCGCTGAAGTGACCAGACTG_006,157
CCGCTGAAGTGACCAGACTG_007,156
CCGCTGAAGTGACCAGACTG_008,132
CCGCTGAAGTGACCAGACTG_009,67
CCGCTGAAGTGACCAGACTG_010,190
CCGCTGAAGTGACCAGACTG_011,74
CCGCTGAAGTGACCAGACTG_012,168
CCGCTGAAGTGACCAGACTG_013,192
CCGCTGAAGTGACCAGACTG_014,147
CCGCTGAAGTGACCAGACTG_015,144
CCGCTGAAGTGACCAGACTG_016,123
CCGCTGAAGTGACCAGACTG_017,45
CCGCTGAAGTGACCAGACTG_018,101
CCGCTGAAGTGACCAGACTG_019,35
CCGCTGAAGTGACCAGACTG_020,141
CCGCTGAAGTGACCAGACTG_021,163
CCGCTGAAGTGACCAGACTG_022,148
CCGCTGAAGTGACCAGACTG_023,9
CCGCTGAAGTGACCAGACTG_024,81
CCGCTGAAGTGACCAGACTG_025,48
CCGCTGAAGTGACCAGACTG_026,140
CCGCTGAAGTGACCAGACTG_027,180
CTGGATGCGCCTTATTACAA_001,12
CTGGATGCGCCTTATTACAA_002,93
CTGGATGCGCCTTATTACAA_003,141
CTGGATGCGCCTTATTACAA_004,177
CTGGATGCGCCTTATTACAA_005,139
ACTGTTATGATACCCCCGGG_001,49
ACTGTTATGATACCCCCGGG_002,103
AGAGGCATTGACCCCGACTG_001,79
AGAGGCATTGACCCCGACTG_002,147
AGAGGCATTGACCCCGACTG_003,23
AGAGGCATTGACCCCGACTG_004,44
AGAGGCATTGACCCCGACTG_005,83
AGAGGCATTGACCCCGACTG_006,130
AGAGGCATTGACCCCGACTG_007,1
ACAATTATGAGTGCAACCGA_001,154
ACAATTATGAGTGCAACCGA_002,19
ACAATTATGAGTGCAACCGA_003,199
ACAATTATGAGTGCAACCGA_004,127
ACAATTATGAGTGCAACCGA_005,22
ACAATTATGAGTGCAACCGA_006,86
GACACACGTTTATGTCGCTG_001,62
AATACCTTGTAGCTTAGGAA_001,43
AATACCTTGTAGCTTAGGAA_002,109
ACCTGGCTCAGGGTGCATCG_001,2
ACCTGGCTCAGGGTGCATCG_002,114
ACCTGGCTCAGGGTGCATCG_003,182
ACCTGGCTCAGGGTGCATCG_004,145
ACCTGGCTCAGGGTGCATCG_005,51
ACCTGGCTCAGGGTGCATCG_006,51
ACCTGGCTCAGGGTGCATCG_007,48
ACCTGGCTCAGGGTGCATCG_008,199
ACCTGGCTCAGGGTGCATCG_009,112
ACCTGGCTCAGGGTGCATCG_010,67
ACCTGGCTCAGGGTGCATCG_011,170
ACCTGGCTCAGGGTGCATCG_012,23
ACCTGGCTCAGGGTGCATCG_013,112
ACCTGGCTCAGGGTGCATCG_014,180
ACCTGGCTCAGGGTGCATCG_015,124
ACCTGGCTCAGGGTGCATCG_016,29
ACCTGGCTCAGGGTGCATCG_017,98
TGAGCGGACTGATCTGCGGA_001,172
TGAGCGGACTGATCTGCGGA_002,146
TGAGCGGACTGATCTGCGGA_003,74
TGAGCGGACTGATCTGCGGA_004,63
TGAGCGGACTGATCTGCGGA_005,12
TCAAACAATTCATACTAGTG_001,93
CACCCCCGCGCTGTACCCGG_001,87
CACCCCCGCGCTGTACCCGG_002,37
CACCCCCGCGCTGTACCCGG_003,67
CACCCCCGCGCTGTACCCGG_004,0
CACCCCCGCGCTGTACCCGG_005,160
CACCCCCGCGCTGTACCCGG_006,13
AGAGACAAAGAAGCATGCGG_001,158
AGAGACAAAGAAGCATGCGG_002,76
AGAGACAAAGAAGCATGCGG_003,32
AGAGACAAAGAAGCATGCGG_004,182
AGAGACAAAGAAGCATGCGG_005,60
AGAGACAAAGAAGCATGCGG_006,189
AGAGACAAAGAAGCATGCGG_007,58
AGAGACAAAGAAGCATGCGG_008,4
AGAGACAAAGAAGCATGCGG_009,28
AGAGACAAAGAAGCATGCGG_010,75
AGAGACAAAGAAGCATGCGG_011,143
AGAGACAAAGAAGCATGCGG_012,194
AGAGACAAAGAAGCATGCGG_013,67
AGAGACAAAGAAGCATGCGG_014,78
AGAGACAAAGAAGCATGCGG_015,56
AGAGACAAAGAAGCATGCGG_016,191
AGAGACAAAGAAGCATGCGG_017,127
AGAGACAAAGAAGCATGCGG_018,132
AGAGACAAAGAAGCATGCGG_019,166
AGAGACAAAGAAGCATGCGG_020,158
AGAGACAAAGAAGCATGCGG_021,2
AGAGACAAAGAAGCATGCGG_022,44
AGAGACAAAGAAGCATGCGG_023,9
AGAGACAAAGAAGCATGCGG_024,158
AGAGACAAAGAAGCATGCGG_025,84
AGAGACAAAGAAGCATGCGG_026,170
AGAGACAAAGAAGCATGCGG_027,172
AGAGACAAAGAAGCATGCGG_028,9
AGAGACAAAGAAGCATGCGG_029,141
AGAGACAAAGAAGCATGCGG_030,43
AGAGACAAAGAAGCATGCGG_031,103
AGAGACAAAGAAGCATGCGG_032,88
AGAGACAAAGAAGCATGCGG_033,29
AGAGACAAAGAAGCATGCGG_034,134
AGAGACAAAGAAGCATGCGG_035,53
AGAGACAAAGAAGCATGCGG_036,4
AGAGACAAAGAAGCATGCGG_037,108
AGAGACAAAGAAGCATGCGG_038,169
AGAGACAAAGAAGCATGCGG_039,41
AGAGACAAAGAAGCATGCGG_040,172
AGAGACAAAGAAGCATGCGG_041,172
AGAGACAAAGAAGCATGCGG_042,15
AGAGACAAAGAAGCATGCGG_043,121
AGAGACAAAGAAGCATGCGG_044,198
AGAGACAAAGAAGCATGCGG_045,1
AGAGACAAAGAAGCATGCGG_046,72
AGAGACAAAGAAGCATGCGG_047,35
AGAGACAAAGAAGCATGCGG_048,67
AGAGACAAAGAAGCATGCGG_049,192
GAGACATGTTGTGAGCGGGG_001,145
GAGACATGTTGTGAGCGGGG_002,176
GAGACATGTTGTGAGCGGGG_003,107
GAGACATGTTGTGAGCGGGG_004,161
GAGACATGTTGTGAGCGGGG_005,92
GAGACATGTTGTGAGCGGGG_006,124
GAGACATGTTGTGAGCGGGG_007,57
GAGACATGTTGTGAGCGGGG_008,24
GAGACATGTTGTGAGCGGGG_009,125
GAGACATGTTGTGAGCGGGG_010,1
GAGACATGTTGTGAGCGGGG_011,65
GAGACATGTTGTGAGCGGGG_012,94
GAGACATGTTGTGAGCGGGG_013,118
ACACCTGGTACCCTTCAAAG_001,141
ACACCTGGTACCCTTCAAAG_002,101
ACACCTGGTACCCTTCAAAG_003,105
ACACCTGGTACCCTTCAAAG_004,41
GCTCCACAAATATCGAGTCA_001,162
GCTCCACAAATATCGAGTCA_002,94
GCTCCACAAATATCGAGTCA_003,69
GCTCCACAAATATCGAGTCA_004,8
GGGCTCAGAAGCTCTATGAC_001,66
GGGCTCAGAAGCTCTATGAC_002,18
GGGCTCAGAAGCTCTATGAC_003,34
GGGCTCAGAAGCTCTATGAC_004,160
GGGCTCAGAAGCTCTATGAC_005,17
GGGCTCAGAAGCTCTATGAC_006,20
GGGCTCAGAAGCTCTATGAC_007,26
GGGCTCAGAAGCTCTATGAC_008,58
GGGCTCAGAAGCTCTATGAC_009,76
GGGCTCAGAAGCTCTATGAC_010,68
GGGCTCAGAAGCTCTATGAC_011,152
GGGCTCAGAAGCTCTATGAC_012,169
GGGCTCAGAAGCTCTATGAC_013,11
GGGCTCAGAAGCTCTATGAC_014,76
GGGCTCAGAAGCTCTATGAC_015,134
GGGCTCAGAAGCTCTATGAC_016,25
GGGCTCAGAAGCTCTATGAC_017,127
GGGCTCAGAAGCTCTATGAC_018,127
GGGCTCAGAAGCTCTATGAC_019,56
GGGCTCAGAAGCTCTATGAC_020,27
GGGCTCAGAAGCTCTATGAC_021,22
GGGCTCAGAAGCTCTATGAC_022,166
GGGCTCAGAAGCTCTATGAC_023,46
GGGCTCAGAAGCTCTATGAC_024,43
GCTTCCGAAGGCTTACCTCG_001,58
GCTTCCGAAGGCTTACCTCG_002,159
GCTTCCGAAGGCTTACCTCG_003,65
GCTTCCGAAGGCTTACCTCG_004,48
GCTTCCGAAGGCTTACCTCG_005,1
GCTTCCGAAGGCTTACCTCG_006,184
GCTTCCGAAGGCTTACCTCG_007,19
GCTTCCGAAGGCTTACCTCG_008,115
GCTTCCGAAGGCTTACCTCG_009,74
GCTTCCGAAGGCTTACCTCG_010,12
GCTTCCGAAGGCTTACCTCG_011,15
GCTTCCGAAGGCTTACCTCG_012,170
GCTTCCGAAGGCTTACCTCG_013,140
GCTTCCGAAGGCTTACCTCG_014,98
GCTTCCGAAGGCTTACCTCG_015,75
GCTTCCGAAGGCTTACCTCG_016,33
GCTTCCGAAGGCTTACCTCG_017,106
GCTTCCGAAGGCTTACCTCG_018,60
GCTTCCGAAGGCTTACCTCG_019,3
GCTTCCGAAGGCTTACCTCG_020,66
GCTTCCGAAGGCTTACCTCG_021,185
ACCACAGTGGGTGATCACGG_001,15
ACCACAGTGGGTGATCACGG_002,170
ACCACAGTGGGTGATCACGG_003,113
ACCACAGTGGGTGATCACGG_004,62
ACCACAGTGGGTGATCACGG_005,160
ACCACAGTGGGTGATCACGG_006,15
ACCACAGTGGGTGATCACGG_007,171
ACCACAGTGGGTGATCACGG_008,8
ACCACAGTGGGTGATCACGG_009,26
ACCACAGTGGGTGATCACGG_010,81
ACCACAGTGGGTGATCACGG_011,130
ACCACAGTGGGTGATCACGG_012,165
ACCACAGTGGGTGATCACGG_013,147
ACCACAGTGGGTGATCACGG_014,55
ACCACAGTGGGTGATCACGG_015,16
ACCACAGTGGGTGATCACGG_016,188
ACCACAGTGGGTGATCACGG_017,96
ACCACAGTGGGTGATCACGG_018,153
ACCACAGTGGGTGATCACGG_019,27
ACCACAGTGGGTGATCACGG_020,181
ACCACAGTGGGTGATCACGG_021,7
ACCACAGTGGGTGATCACGG_022,161
ACCACAGTGGGTGATCACGG_023,47
ACCACAGTGGGTGATCACGG_024,4
ACCACAGTGGGTGATCACGG_025,10
ACCACAGTGGGTGATCACGG_026,101
ACCACAGTGGGTGATCACGG_027,175
ACCACAGTGGGTGATCACGG_028,67
ACCACAGTGGGTGATCACGG_029,76
ACCACAGTGGGTGATCACGG_030,152
ACCACAGTGGGTGATCACGG_031,34
ACCACAGTGGGTGATCACGG_032,56
ACCACAGTGGGTGATCACGG_033,73
ACCACAGTGGGTGATCACGG_034,43
ACCACAGTGGGTGATCACGG_035,15
ACCACAGTGGGTGATCACGG_036,116
ACCACAGTGGGTGATCACGG_037,68
ACCACAGTGGGTGATCACGG_038,174
ACCACAGTGGGTGATCACGG_039,130
ACCACAGTGGGTGATCACGG_040,33
ACCACAGTGGGTGATCACGG_041,185
ACCACAGTGGGTGATCACGG_042,58
ACCACAGTGGGTGATCACGG_043,158
ACCACAGTGGGTGATCACGG_044,188
ACCACAGTGGGTGATCACGG_045,34
ACCACAGTGGGTGATCACGG_046,50
ACCACAGTGGGTGATCACGG_047,152
ACCACAGTGGGTGATCACGG_048,142
ACCACAGTGGGTGATCACGG_049,127
ACCACAGTGGGTGATCACGG_050,177
ACCACAGTGGGTGATCACGG_051,69
ACCACAGTGGGTGATCACGG_052,48
GTCACGATGACAGCGACACG_001,38
GTCACGATGACAGCGACACG_002,193
GTCACGATGACAGCGACACG_003,117
CGGCGCCTCTGCGGTCTAGG_001,198
CGGCGCCTCTGCGGTCTAGG_002,108
CGGCGCCTCTGCGGTCTAGG_003,161
CGGCGCCTCTGCGGTCTAGG_004,148
CGGCGCCTCTGCGGTCTAGG_005,182
CGGCGCCTCTGCGGTCTAGG_006,127
CGGCGCCTCTGCGGTCTAGG_007,119
CGGCGCCTCTGCGGTCTAGG_008,121
CGGCGCCTCTGCGGTCTAGG_009,18
CGGCGCCTCTGCGGTCTAGG_010,191
TCTTAACCGACAACCCCACA_001,105
TCTTAACCGACAACCCCACA_002,158
TCTTAACCGACAACCCCACA_003,169
TCTTAACCGACAACCCCACA_004,132
TCTTAACCGACAACCCCACA_005,90
TCTTAACCGACAACCCCACA_006,189
TCTTAACCGACAACCCCACA_007,73
TCTTAACCGACAACCCCACA_008,194
TCTTAACCGACAACCCCACA_009,99
TCTTAACCGACAACCCCACA_010,82
TCTTAACCGACAACCCCACA_011,41
TCTTAACCGACAACCCCACA_012,156
TCTTAACCGACAACCCCACA_013,140
TCTTAACCGACAACCCCACA_014,85
TCTTAACCGACAACCCCACA_015,15
TCTTAACCGACAACCCCACA_016,94
TCTTAACCGACAACCCCACA_017,168
TCTTAACCGACAACCCCACA_018,47
TCTTAACCGACAACCCCACA_019,109
GATAGACAACAGATCAAGCT_001,112
GATAGACAACAGATCAAGCT_002,9
GATAGACAACAGATCAAGCT_003,61
GATAGACAACAGATCAAGCT_004,2
GATAGACAACAGATCAAGCT_005,38
GATAGACAACAGATCAAGCT_006,168
CCCCATAACAGGACGAACTG_001,149
CCCCATAACAGGACGAACTG_002,148
CCCCATAACAGGACGAACTG_003,35
CCCCATAACAGGACGAACTG_004,156
CCCCATAACAGGACGAACTG_005,40
CCCCATAACAGGACGAACTG_006,102
CCCCATAACAGGACGAACTG_007,178
CCCCATAACAGGACGAACTG_008,73
CCCCATAACAGGACGAACTG_009,180
CCCCATAACAGGACGAACTG_010,77
CCCCATAACAGGACGAACTG_011,148
CCCCATAACAGGACGAACTG_012,121
CCCCATAACAGGACGAACTG_013,22
CAATGGCCCCGATAAAGTCA_001,68
CAATGGCCCCGATAAAGTCA_002,85
CAATGGCCCCGATAAAGTCA_003,21
CAATGGCCCCGATAAAGTCA_004,48
CAATGGCCCCGATAAAGTCA_005,28
AGAGAAAGAGCGCCCACCAG_001,56
AGAGAAAGAGCGCCCACCAG_002,1
AGAGAAAGAGCGCCCACCAG_003,28
CAAGTTCAGAGGTGTCGGCA_001,41
CAAGTTCAGAGGTGTCGGCA_002,1
CAAGTTCAGAGGTGTCGGCA_003,193
CAAGTTCAGAGGTGTCGGCA_004,11
CAAGTTCAGAGGTGTCGGCA_005,80
CAAGTTCAGAGGTGTCGGCA_006,171
CAAGTTCAGAGGTGTCGGCA_007,11
CAAGTTCAGAGGTGTCGGCA_008,116
CAAGTTCAGAGGTGTCGGCA_009,148
CAAGTTCAGAGGTGTCGGCA_010,58
CAAGTTCAGAGGTGTCGGCA_011,119
CAAGTTCAGAGGTGTCGGCA_012,50
CAAGTTCAGAGGTGTCGGCA_013,88
CAAGTTCAGAGGTGTCGGCA_014,91
CAAGTTCAGAGGTGTCGGCA_015,70
CAAGTTCAGAGGTGTCGGCA_016,75
CAAGTTCAGAGGTGTCGGCA_017,140
CAAGTTCAGAGGTGTCGGCA_018,138
CAAGTTCAGAGGTGTCGGCA_019,45
CAAGTTCAGAGGTGTCGGCA_020,103
CAAGTTCAGAGGTGTCGGCA_021,157
CAAGTTCAGAGGTGTCGGCA_022,188
CAAGTTCAGAGGTGTCGGCA_023,120
CAAGTTCAGAGGTGTCGGCA_024,170
CAGTTGACTTCAACCACAAG_001,86
CAGTTGACTTCAACCACAAG_002,133
CAGTTGACTTCAACCACAAG_003,161
CAGTTGACTTCAACCACAAG_004,152
CAGTTGACTTCAACCACAAG_005,190
CGAGAAACACGAGAATCCCG_001,42
CGAGAAACACGAGAATCCCG_002,174
TAAATGGTAACTAATACCTG_001,184
TAAATGGTAACTAATACCTG_002,75
TAAATGGTAACTAATACCTG_003,128
TAAATGGTAACTAATACCTG_004,112
TAAATGGTAACTAATACCTG_005,62
TAAATGGTAACTAATACCTG_006,184
TAAATGGTAACTAATACCTG_007,149
AGCCGTGGTAACCGACCACT_001,62
AGCCGTGGTAACCGACCACT_002,94
AGCCGTGGTAACCGACCACT_003,60
AGCCGTGGTAACCGACCACT_004,14
AGCCGTGGTAACCGACCACT_005,70
AGCCGTGGTAACCGACCACT_006,191
TCTGGCAGTAAAAATCAATG_001,176
TCTGGCAGTAAAAATCAATG_002,153
CATATGCATGAGCAAGACAG_001,107
CATATGCATGAGCAAGACAG_002,111
CATATGCATGAGCAAGACAG_003,159
CATATGCATGAGCAAGACAG_004,94
CATATGCATGAGCAAGACAG_005,76
CATATGCATGAGCAAGACAG_006,77
CATATGCATGAGCAAGACAG_007,152
AAAGCACATTGGCAAGACCT_001,125
AAAGCACATTGGCAAGACCT_002,84
AAAGCACATTGGCAAGACCT_003,178
AAAGCACATTGGCAAGACCT_004,15
AAAGCACATTGGCAAGACCT_005,175
AAAGCACATTGGCAAGACCT_006,166
AAAGCACATTGGCAAGACCT_007,42
AAAGCACATTGGCAAGACCT_008,25
AAAGCACATTGGCAAGACCT_009,35
AAAGCACATTGGCAAGACCT_010,12
AAAGCACATTGGCAAGACCT_011,178
AAAGCACATTGGCAAGACCT_012,118
AAAGCACATTGGCAAGACCT_013,172
AAAGCACATTGGCAAGACCT_014,115
AAAGCACATTGGCAAGACCT_015,40
AAAGCACATTGGCAAGACCT_016,29
GGATCGACATACCCCTCGGA_001,32
GGATCGACATACCCCTCGGA_002,41
GGATCGACATACCCCTCGGA_003,80
GGATCGACATACCCCTCGGA_004,48
GGATCGACATACCCCTCGGA_005,184
GGATCGACATACCCCTCGGA_006,105
CCTTCCAAGCATCATCAAGG_001,5
TTGACAGGGCCACTAGCCCG_001,27
TTGACAGGGCCACTAGCCCG_002,198
TTGACAGGGCCACTAGCCCG_003,120
TTGACAGGGCCACTAGCCCG_004,178
TTGACAGGGCCACTAGCCCG_005,66
TTGACAGGGCCACTAGCCCG_006,123
CTAATGACTTACCACCTAAG_001,172
CTAATGACTTACCACCTAAG_002,35
CTAATGACTTACCACCTAAG_003,158
CTAATGACTTACCACCTAAG_004,61
CTAATGACTTACCACCTAAG_005,108
CTAATGACTTACCACCTAAG_006,168
CTAATGACTTACCACCTAAG_007,149
CTAATGACTTACCACCTAAG_008,158
GCTGGAATTGTGGAAAGTGT_001,83
GCTGGAATTGTGGAAAGTGT_002,119
GCTGGAATTGTGGAAAGTGT_003,177
CCCATCAGACACCCCCATGG_001,125
CCCATCAGACACCCCCATGG_002,170
CCCATCAGACACCCCCATGG_003,177
CCCATCAGACACCCCCATGG_004,148
CCCATCAGACACCCCCATGG_005,118
CCCATCAGACACCCCCATGG_006,106
AGGTGACCTACCTGTGCGAG_001,77
AGGTGACCTACCTGTGCGAG_002,194
AGGTGACCTACCTGTGCGAG_003,54
AGGTGACCTACCTGTGCGAG_004,69
AGGTGACCTACCTGTGCGAG_005,88
AGGTGACCTACCTGTGCGAG_006,40
AGGTGACCTACCTGTGCGAG_007,146
GGTTCCTTGTAGGCCGAAGG_001,179
GGTTCCTTGTAGGCCGAAGG_002,150
GGTTCCTTGTAGGCCGAAGG_003,198
GGTTCCTTGTAGGCCGAAGG_004,88
GGTTCCTTGTAGGCCGAAGG_005,153
GGTTCCTTGTAGGCCGAAGG_006,166
GGTTCCTTGTAGGCCGAAGG_007,22
GGTTCCTTGTAGGCCGAAGG_008,15
TAATTACCTAGCATGACGAA_001,77
TAATTACCTAGCATGACGAA_002,121
TAATTACCTAGCATGACGAA_003,191
TGAGAGAGGACAGGTCTGTG_001,90
TGAGAGAGGACAGGTCTGTG_002,110
TGAGAGAGGACAGGTCTGTG_003,72
TGAGAGAGGACAGGTCTGTG_004,192
TGAGAGAGGACAGGTCTGTG_005,123
TGAGAGAGGACAGGTCTGTG_006,144
TGAGAGAGGACAGGTCTGTG_007,121
TGAGAGAGGACAGGTCTGTG_008,141
TGAGAGAGGACAGGTCTGTG_009,48
TGAGAGAGGACAGGTCTGTG_010,116
TGAGAGAGGACAGGTCTGTG_011,94
TGAGAGAGGACAGGTCTGTG_012,10
TGAGAGAGGACAGGTCTGTG_013,31
TGAGAGAGGACAGGTCTGTG_014,40
TGAGAGAGGACAGGTCTGTG_015,75
TGAGAGAGGACAGGTCTGTG_016,197
TGAGAGAGGACAGGTCTGTG_017,46
ACTTTCGATAGCACATGTGA_001,117
ACTTTCGATAGCACATGTGA_002,85
ACTTTCGATAGCACATGTGA_003,166
AAAGGAGCAGAGCAAAACCG_001,107
AAAGGAGCAGAGCAAAACCG_002,60
AAAGGAGCAGAGCAAAACCG_003,160
AAAGGAGCAGAGCAAAACCG_004,29
AAAGGAGCAGAGCAAAACCG_005,17
AAAGGAGCAGAGCAAAACCG_006,98
AAAGGAGCAGAGCAAAACCG_007,183
AAAGGAGCAGAGCAAAACCG_008,20
AAAGGAGCAGAGCAAAACCG_009,191
AAAGGAGCAGAGCAAAACCG_010,148
AAAGGAGCAGAGCAAAACCG_011,41
AAAGGAGCAGAGCAAAACCG_012,2
AAAGGAGCAGAGCAAAACCG_013,0
ATTAACTTGGTTAAGGACAC_001,171
ATTAACTTGGTTAAGGACAC_002,144
ATTAACTTGGTTAAGGACAC_003,188
ATTAACTTGGTTAAGGACAC_004,180
ATTAACTTGGTTAAGGACAC_005,23
ATTAACTTGGTTAAGGACAC_006,168
ATTAACTTGGTTAAGGACAC_007,119
ATTAACTTGGTTAAGGACAC_008,119
ATAACGAATGAAGCCTCGTG_001,46
ATAACGAATGAAGCCTCGTG_002,108
ATAACGAATGAAGCCTCGTG_003,51
ATAACGAATGAAGCCTCGTG_004,175
ATAACGAATGAAGCCTCGTG_005,168
ATAACGAATGAAGCCTCGTG_006,72
ATAACGAATGAAGCCTCGTG_007,38
ATAACGAATGAAGCCTCGTG_008,13
ATAACGAATGAAGCCTCGTG_009,79
ATAACGAATGAAGCCTCGTG_010,168
ATAACGAATGAAGCCTCGTG_011,54
ATAACGAATGAAGCCTCGTG_012,57
ATAACGAATGAAGCCTCGTG_013,43
ATAACGAATGAAGCCTCGTG_014,74
ATTTGCATCCAAATATACTG_001,140
ATTTGCATCCAAATATACTG_002,193
ATTTGCATCCAAATATACTG_003,190
ATTTGCATCCAAATATACTG_004,141
ATTTGCATCCAAATATACTG_005,80
ATTTGCATCCAAATATACTG_006,169
ATTTGCATCCAAATATACTG_007,42
ATTTGCATCCAAATATACTG_008,19
ATTTAGCATTACAAAAAACA_001,114
ATTTAGCATTACAAAAAACA_002,70
ATTTAGCATTACAAAAAACA_003,170
CTGAATCAGAAACTGAGACA_001,48
CTGAATCAGAAACTGAGACA_002,145
CTGAATCAGAAACTGAGACA_003,158
CTGAATCAGAAACTGAGACA_004,188
CTGAATCAGAAACTGAGACA_005,24
CTGAATCAGAAACTGAGACA_006,65
ATATATCCAACAACCAACTG_001,137
ATATATCCAACAACCAACTG_002,160
ATATATCCAACAACCAACTG_003,176
ATATATCCAACAACCAACTG_004,11
ATATATCCAACAACCAACTG_005,48
ATATATCCAACAACCAACTG_006,4
ATATATCCAACAACCAACTG_007,176
GACCACCGCAGAGCAAGGGA_001,60
GACCACCGCAGAGCAAGGGA_002,163
GACCACCGCAGAGCAAGGGA_003,193
GACCACCGCAGAGCAAGGGA_004,2
GACCACCGCAGAGCAAGGGA_005,141
GACCACCGCAGAGCAAGGGA_006,96
GACCACCGCAGAGCAAGGGA_007,38
GACCACCGCAGAGCAAGGGA_008,29
GCAGTTTCCAAGCTCAACAC_001,102
GCAGTTTCCAAGCTCAACAC_002,119
GCAGTTTCCAAGCTCAACAC_003,92
AGTGAACAACTATCAGCCTG_001,141
AGTGAACAACTATCAGCCTG_002,49
AGTGAACAACTATCAGCCTG_003,149
AGTGAACAACTATCAGCCTG_004,134
GTGATGATAAGCCTCAAGAT_001,49
GTGATGATAAGCCTCAAGAT_002,116
GTGATGATAAGCCTCAAGAT_003,53
GTGATGATAAGCCTCAAGAT_004,159
GTGATGATAAGCCTCAAGAT_005,143
GTGATGATAAGCCTCAAGAT_006,38
GTGATGATAAGCCTCAAGAT_007,21
GTGATGATAAGCCTCAAGAT_008,70
GTGATGATAAGCCTCAAGAT_009,169
GTGATGATAAGCCTCAAGAT_010,35
GTGATGATAAGCCTCAAGAT_011,102
GTGATGATAAGCCTCAAGAT_012,152
GTGATGATAAGCCTCAAGAT_013,130
ATGTATCTGCTTGATATTGG_001,175
ATGTATCTGCTTGATATTGG_002,166
ATGTATCTGCTTGATATTGG_003,188
ATGTATCTGCTTGATATTGG_004,115
AGTCATACCTGAACAACCCA_001,170
AGTCATACCTGAACAACCCA_002,149
AGTCATACCTGAACAACCCA_003,161
AGTCATACCTGAACAACCCA_004,147
AGTCATACCTGAACAACCCA_005,88
AGTCATACCTGAACAACCCA_006,138
AGTCATACCTGAACAACCCA_007,165
AGTCATACCTGAACAACCCA_008,165
AGTCATACCTGAACAACCCA_009,156
AGTCATACCTGAACAACCCA_010,8
AGTCATACCTGAACAACCCA_011,76
AGTCATACCTGAACAACCCA_012,48
AGTCATACCTGAACAACCCA_013,47
AGTCATACCTGAACAACCCA_014,108
AGTCATACCTGAACAACCCA_015,95
AGTCATACCTGAACAACCCA_016,56
AGTCATACCTGAACAACCCA_017,68
AGTCATACCTGAACAACCCA_018,182
AGTCATACCTGAACAACCCA_019,160
AGTCATACCTGAACAACCCA_020,43
AGTCATACCTGAACAACCCA_021,127
AGTCATACCTGAACAACCCA_022,60
AGTCATACCTGAACAACCCA_023,13
AGTCATACCTGAACAACCCA_024,9
AGTCATACCTGAACAACCCA_025,192
AGTCATACCTGAACAACCCA_026,170
AGTCATACCTGAACAACCCA_027,76
AGTCATACCTGAACAACCCA_028,56
AGTCATACCTGAACAACCCA_029,27
AGTCATACCTGAACAACCCA_030,37
AGTCATACCTGAACAACCCA_031,192
AGTCATACCTGAACAACCCA_032,56
GCCCAACCAAACCATCCTGG_001,2
GCCCAACCAAACCATCCTGG_002,184
GCCCAACCAAACCATCCTGG_003,149
GCCCAACCAAACCATCCTGG_004,97
GCCCAACCAAACCATCCTGG_005,73
GCCCAACCAAACCATCCTGG_006,124
GCCCAACCAAACCATCCTGG_007,102
GCCCAACCAAACCATCCTGG_008,141
GCCCAACCAAACCATCCTGG_009,141
GCCCAACCAAACCATCCTGG_010,192
GCCCAACCAAACCATCCTGG_011,188
GCCCAACCAAACCATCCTGG_012,13
GCCCAACCAAACCATCCTGG_013,113
GCCCAACCAAACCATCCTGG_014,177
GCCCAACCAAACCATCCTGG_015,94
GCCCAACCAAACCATCCTGG_016,29
GCCCAACCAAACCATCCTGG_017,50
GCCCAACCAAACCATCCTGG_018,17
GCCCAACCAAACCATCCTGG_019,155
GCCCAACCAAACCATCCTGG_020,197
GCCCAACCAAACCATCCTGG_021,108
GCCCAACCAAACCATCCTGG_022,63
GCCCAACCAAACCATCCTGG_023,163
GCCCAACCAAACCATCCTGG_024,35
GCCCAACCAAACCATCCTGG_025,29
GCCCAACCAAACCATCCTGG_026,130
GCCCAACCAAACCATCCTGG_027,39
GCCCAACCAAACCATCCTGG_028,106
GCCCAACCAAACCATCCTGG_029,141
GCCCAACCAAACCATCCTGG_030,30
GCCCAACCAAACCATCCTGG_031,110
ACCTGAGGAGCGCGCACCGG_001,160
ACCTGAGGAGCGCGCACCGG_002,62
ACCTGAGGAGCGCGCACCGG_003,60
ACCTGAGGAGCGCGCACCGG_004,50
ACCTGAGGAGCGCGCACCGG_005,19
ACCTGAGGAGCGCGCACCGG_006,193
ACCTGAGGAGCGCGCACCGG_007,87
ACCTGAGGAGCGCGCACCGG_008,102
ACCTGAGGAGCGCGCACCGG_009,188
ACCTGAGGAGCGCGCACCGG_010,69
ACCTGAGGAGCGCGCACCGG_011,33
ACCTGAGGAGCGCGCACCGG_012,43
ACCTGAGGAGCGCGCACCGG_013,100
ACCTGAGGAGCGCGCACCGG_014,120
ACCTGAGGAGCGCGCACCGG_015,44
ACCTGAGGAGCGCGCACCGG_016,11
ACCTGAGGAGCGCGCACCGG_017,62
ACCTGAGGAGCGCGCACCGG_018,147
ACCTGAGGAGCGCGCACCGG_019,188
ACCTGAGGAGCGCGCACCGG_020,172
ACCTGAGGAGCGCGCACCGG_021,127
ACCTGAGGAGCGCGCACCGG_022,182
ACCTGAGGAGCGCGCACCGG_023,144
ACCTGAGGAGCGCGCACCGG_024,149
ACCTGAGGAGCGCGCACCGG_025,175
ACCTGAGGAGCGCGCACCGG_026,160
ACCTGAGGAGCGCGCACCGG_027,40
ACCTGAGGAGCGCGCACCGG_028,37
ACCTGAGGAGCGCGCACCGG_029,12
ACCTGAGGAGCGCGCACCGG_030,115
ACCTGAGGAGCGCGCACCGG_031,111
ACCTGAGGAGCGCGCACCGG_032,97
ACCTGAGGAGCGCGCACCGG_033,6
ACCTGAGGAGCGCGCACCGG_034,170
GGTATCTCCGTCAAACGTCT_001,123
GGTATCTCCGTCAAACGTCT_002,77
GGTATCTCCGTCAAACGTCT_003,10
GGTATCTCCGTCAAACGTCT_004,139
ACACTTACCCCTATCAGTGG_001,1
ACACTTACCCCTATCAGTGG_002,94
ACACTTACCCCTATCAGTGG_003,117
TGGACGAGACCGAGTTGAGA_001,150
TGGACGAGACCGAGTTGAGA_002,81
TGGACGAGACCGAGTTGAGA_003,82
TGGACGAGACCGAGTTGAGA_004,28
TGGACGAGACCGAGTTGAGA_005,160
TGGACGAGACCGAGTTGAGA_006,6
TGGACGAGACCGAGTTGAGA_007,181
TGGACGAGACCGAGTTGAGA_008,35
GAAGCCGGAACAGGACGACT_001,174
GAAGCCGGAACAGGACGACT_002,119
GAAGCCGGAACAGGACGACT_003,126
GAAGCCGGAACAGGACGACT_004,104
GAAGCCGGAACAGGACGACT_005,13
GAAGCCGGAACAGGACGACT_006,163
GAAGCCGGAACAGGACGACT_007,119
GAAGCCGGAACAGGACGACT_008,60
GAAGCCGGAACAGGACGACT_009,158
GAAGCCGGAACAGGACGACT_010,79
ACTGCAGCTTTCAGCAACGT_001,149
ACTGCAGCTTTCAGCAACGT_002,117
ACTGCAGCTTTCAGCAACGT_003,127
ACTGCAGCTTTCAGCAACGT_004,4
ACTGCAGCTTTCAGCAACGT_005,93
ACTGCAGCTTTCAGCAACGT_006,153
ACTGCAGCTTTCAGCAACGT_007,135
ACTGCAGCTTTCAGCAACGT_008,105
ACTGCAGCTTTCAGCAACGT_009,94
ACTGCAGCTTTCAGCAACGT_010,187
ACTGCAGCTTTCAGCAACGT_011,18
ACTGCAGCTTTCAGCAACGT_012,158
ACTGCAGCTTTCAGCAACGT_013,170
ACTGCAGCTTTCAGCAACGT_014,182
ACTGCAGCTTTCAGCAACGT_015,58
ACTGCAGCTTTCAGCAACGT_016,152
ACTGCAGCTTTCAGCAACGT_017,44
ACTGCAGCTTTCAGCAACGT_018,109
ACTGCAGCTTTCAGCAACGT_019,82
ACTGCAGCTTTCAGCAACGT_020,75
ACTGCAGCTTTCAGCAACGT_021,152
ACTGCAGCTTTCAGCAACGT_022,142
ACTGCAGCTTTCAGCAACGT_023,25
ACTGCAGCTTTCAGCAACGT_024,178
ACTGCAGCTTTCAGCAACGT_025,171
ACTGCAGCTTTCAGCAACGT_026,184
CAAGCAAGACTTAAGACAGG_001,188
CAAGCAAGACTTAAGACAGG_002,55
CAAGCAAGACTTAAGACAGG_003,53
CAAGCAAGACTTAAGACAGG_004,43
CAAGCAAGACTTAAGACAGG_005,146
CAAGCAAGACTTAAGACAGG_006,119
CAAGCAAGACTTAAGACAGG_007,88
CAAGCAAGACTTAAGACAGG_008,81
AGTGAGTTCTCAGATGGTTG_001,62
AGTGAGTTCTCAGATGGTTG_002,1
AGTGAGTTCTCAGATGGTTG_003,180
TACATGAGTAAGCAAAATGG_001,105
TACATGAGTAAGCAAAATGG_002,49
ACTCTGTACAAGAACAGGCT_001,149
ACTCTGTACAAGAACAGGCT_002,47
ACTCTGTACAAGAACAGGCT_003,112
ACTCTGTACAAGAACAGGCT_004,188
ACTCTGTACAAGAACAGGCT_005,49
ACTCTGTACAAGAACAGGCT_006,34
GCTATGCCTTCGAGAACCTG_001,96
GCTATGCCTTCGAGAACCTG_002,109
GCTATGCCTTCGAGAACCTG_003,60
GCTATGCCTTCGAGAACCTG_004,98
GCTATGCCTTCGAGAACCTG_005,71
GCTATGCCTTCGAGAACCTG_006,9
GCTATGCCTTCGAGAACCTG_007,158
GCTATGCCTTCGAGAACCTG_008,141
GCTATGCCTTCGAGAACCTG_009,51
GCTATGCCTTCGAGAACCTG_010,141
GCTATGCCTTCGAGAACCTG_011,48
GCTATGCCTTCGAGAACCTG_012,63
GCTATGCCTTCGAGAACCTG_013,81
GCTATGCCTTCGAGAACCTG_014,29
GCTATGCCTTCGAGAACCTG_015,56
CAAGCGAAGGGGTAACAGGT_001,52
CAAGCGAAGGGGTAACAGGT_002,194
CAAGCGAAGGGGTAACAGGT_003,118
CAAGCGAAGGGGTAACAGGT_004,73
CAAGCGAAGGGGTAACAGGT_005,78
CAAGCGAAGGGGTAACAGGT_006,148
CAAGCGAAGGGGTAACAGGT_007,100
CAAGCGAAGGGGTAACAGGT_008,125
CAAGCGAAGGGGTAACAGGT_009,34
CAAGCGAAGGGGTAACAGGT_010,38
CAAGCGAAGGGGTAACAGGT_011,129
CAAGCGAAGGGGTAACAGGT_012,150
CAAGCGAAGGGGTAACAGGT_013,2
CAAGCGAAGGGGTAACAGGT_014,132
CAAGCGAAGGGGTAACAGGT_015,70
CAAGCGAAGGGGTAACAGGT_016,149
CAAGCGAAGGGGTAACAGGT_017,146
CAAGCGAAGGGGTAACAGGT_018,161
CAAGCGAAGGGGTAACAGGT_019,11
CAAGCGAAGGGGTAACAGGT_020,126
CAAGCGAAGGGGTAACAGGT_021,180
CAAGCGAAGGGGTAACAGGT_022,23
CAAGCGAAGGGGTAACAGGT_023,188
CAAGCGAAGGGGTAACAGGT_024,178
CAAGCGAAGGGGTAACAGGT_025,13
CAAGCGAAGGGGTAACAGGT_026,94
TCTGGGACTGGAGGAGACAT_001,44
TCTGGGACTGGAGGAGACAT_002,8
CCGCCCTTACCTGTAGATCG_001,11
CCGCCCTTACCTGTAGATCG_002,1
AGAACAGAAGACCTCAGAGG_001,77
AGAACAGAAGACCTCAGAGG_002,41
AGAACAGAAGACCTCAGAGG_003,48
AGAACAGAAGACCTCAGAGG_004,130
AGAACAGAAGACCTCAGAGG_005,81
AGAACAGAAGACCTCAGAGG_006,4
AGAACAGAAGACCTCAGAGG_007,7
AGAACAGAAGACCTCAGAGG_008,36
AGAACAGAAGACCTCAGAGG_009,113
AGAACAGAAGACCTCAGAGG_010,83
AGAACAGAAGACCTCAGAGG_011,94
AGAACAGAAGACCTCAGAGG_012,157
AGAACAGAAGACCTCAGAGG_013,39
AGAACAGAAGACCTCAGAGG_014,66
AGAACAGAAGACCTCAGAGG_015,0
AGAACAGAAGACCTCAGAGG_016,3
AGAACAGAAGACCTCAGAGG_017,111
AGAACAGAAGACCTCAGAGG_018,127
AAGAGAAGGACCCATTACTG_001,159
AAGAGAAGGACCCATTACTG_002,137
AAGAGAAGGACCCATTACTG_003,35
AAGAGAAGGACCCATTACTG_004,38
AAGAGAAGGACCCATTACTG_005,9
AAGAGAAGGACCCATTACTG_006,1
AAGAGAAGGACCCATTACTG_007,145
AAGAGAAGGACCCATTACTG_008,123
AAGAGAAGGACCCATTACTG_009,104
AAGAGAAGGACCCATTACTG_010,2
AAGAGAAGGACCCATTACTG_011,55
AAGAGAAGGACCCATTACTG_012,82
AAGAGAAGGACCCATTACTG_013,88
TCTAATTGTCAGCTTAGTTG_001,132
TCTAATTGTCAGCTTAGTTG_002,122
TCTAATTGTCAGCTTAGTTG_003,75
ATCATCTACAGCATCTTTAG_001,161
CAAACTTCTCCAGAGTCTCT_001,43
CAAACTTCTCCAGAGTCTCT_002,139
ACACGCTGAGACAAAGAGGG_001,68
ACACGCTGAGACAAAGAGGG_002,137
ACACGCTGAGACAAAGAGGG_003,77
ACACGCTGAGACAAAGAGGG_004,87
ACACGCTGAGACAAAGAGGG_005,14
ACACGCTGAGACAAAGAGGG_006,49
ACACGCTGAGACAAAGAGGG_007,152
ACACGCTGAGACAAAGAGGG_008,103
ACACGCTGAGACAAAGAGGG_009,1
ACACGCTGAGACAAAGAGGG_010,68
ACACGCTGAGACAAAGAGGG_011,85
ACACGCTGAGACAAAGAGGG_012,178
ACACGCTGAGACAAAGAGGG_013,108
ACACGCTGAGACAAAGAGGG_014,100
ACACGCTGAGACAAAGAGGG_015,98
ACACGCTGAGACAAAGAGGG_016,121
ATTTAACTCCTTTAAGCCAG_001,161
ATTTAACTCCTTTAAGCCAG_002,102
ATTTAACTCCTTTAAGCCAG_003,76
ATTTAACTCCTTTAAGCCAG_004,106
ATTTAACTCCTTTAAGCCAG_005,198
CGTCACTGGCCGCTACATCG_001,169
CGTCACTGGCCGCTACATCG_002,11
CGTCACTGGCCGCTACATCG_003,118
CGTCACTGGCCGCTACATCG_004,81
CGTCACTGGCCGCTACATCG_005,75
CGTCACTGGCCGCTACATCG_006,96
CGTCACTGGCCGCTACATCG_007,1
CGTCACTGGCCGCTACATCG_008,110
CGTCACTGGCCGCTACATCG_009,130
CGTCACTGGCCGCTACATCG_010,62
CGTCACTGGCCGCTACATCG_011,148
ATCGTCCATAATCTTCACGC_001,105
CTGGTAGCCGTCGGTCAGCA_001,105
CTGGTAGCCGTCGGTCAGCA_002,151
CTGGTAGCCGTCGGTCAGCA_003,43
CTGGTAGCCGTCGGTCAGCA_004,9
CTGGTAGCCGTCGGTCAGCA_005,160
CTGGTAGCCGTCGGTCAGCA_006,16
CTGGTAGCCGTCGGTCAGCA_007,57
CTGGTAGCCGTCGGTCAGCA_008,23
CTGGTAGCCGTCGGTCAGCA_009,155
CTGGTAGCCGTCGGTCAGCA_010,147
CTGGTAGCCGTCGGTCAGCA_011,118
CTGGTAGCCGTCGGTCAGCA_012,116
CTGGTAGCCGTCGGTCAGCA_013,118
CTGGTAGCCGTCGGTCAGCA_014,92
CTGGTAGCCGTCGGTCAGCA_015,19
CTGGTAGCCGTCGGTCAGCA_016,48
CTGGTAGCCGTCGGTCAGCA_017,94
CTGGTAGCCGTCGGTCAGCA_018,81
CTGGTAGCCGTCGGTCAGCA_019,125
CTGGTAGCCGTCGGTCAGCA_020,4
CTGGTAGCCGTCGGTCAGCA_021,4
CTGGTAGCCGTCGGTCAGCA_022,140
CTGGTAGCCGTCGGTCAGCA_023,176
CTGGTAGCCGTCGGTCAGCA_024,191
CTGGTAGCCGTCGGTCAGCA_025,4
CTGGTAGCCGTCGGTCAGCA_026,72
CTGGTAGCCGTCGGTCAGCA_027,104
CTGGTAGCCGTCGGTCAGCA_028,49
CTGGTAGCCGTCGGTCAGCA_029,37
CTGGTAGCCGTCGGTCAGCA_030,183
CTGGTAGCCGTCGGTCAGCA_031,167
CTGGTAGCCGTCGGTCAGCA_032,2
CTGGTAGCCGTCGGTCAGCA_033,93
CTGGTAGCCGTCGGTCAGCA_034,102
CTGGTAGCCGTCGGTCAGCA_035,130
CTGGTAGCCGTCGGTCAGCA_036,53
CTGGTAGCCGTCGGTCAGCA_037,138
CTGGTAGCCGTCGGTCAGCA_038,152
CTGGTAGCCGTCGGTCAGCA_039,132
CTGGTAGCCGTCGGTCAGCA_040,188
CTGGTAGCCGTCGGTCAGCA_041,149
CTGGTAGCCGTCGGTCAGCA_042,63
CTGGTAGCCGTCGGTCAGCA_043,191
CTGGTAGCCGTCGGTCAGCA_044,52
CTGGTAGCCGTCGGTCAGCA_045,196
CTGGTAGCCGTCGGTCAGCA_046,43
CTGGTAGCCGTCGGTCAGCA_047,68
CTGGTAGCCGTCGGTCAGCA_048,152
AAGGACATGTGCCAAGTTTG_001,56
AAGGACATGTGCCAAGTTTG_002,130
AAGGACATGTGCCAAGTTTG_003,103
AAGGACATGTGCCAAGTTTG_004,174
AAGGACATGTGCCAAGTTTG_005,17
TCAGGAAAGGAGAACACAGA_001,158
TCAGGAAAGGAGAACACAGA_002,88
TCAGGAAAGGAGAACACAGA_003,73
TCAGGAAAGGAGAACACAGA_004,72
TCAGGAAAGGAGAACACAGA_005,41
TCAGGAAAGGAGAACACAGA_006,127
TCAGGAAAGGAGAACACAGA_007,78
TCAGGAAAGGAGAACACAGA_008,42
TCAGGAAAGGAGAACACAGA_009,75
TCAGGAAAGGAGAACACAGA_010,162
TCAGGAAAGGAGAACACAGA_011,139
TCAGGAAAGGAGAACACAGA_012,95
TCAGGAAAGGAGAACACAGA_013,105
TCAGGAAAGGAGAACACAGA_014,105
TCAGGAAAGGAGAACACAGA_015,31
TCAGGAAAGGAGAACACAGA_016,180
TCAGGAAAGGAGAACACAGA_017,148
TCAGGAAAGGAGAACACAGA_018,168
TCAGGAAAGGAGAACACAGA_019,105
TCAGGAAAGGAGAACACAGA_020,19
GTCTTCCACGGAGAAAGCGT_001,143
GTCTTCCACGGAGAAAGCGT_002,143
GTCTTCCACGGAGAAAGCGT_003,91
GTCTTCCACGGAGAAAGCGT_004,91
GTCTTCCACGGAGAAAGCGT_005,173
GTCTTCCACGGAGAAAGCGT_006,91
AGATACATTATGGTGCCGAG_001,147
TGGCGGAGTAGCACACGCAC_001,45
TGGCGGAGTAGCACACGCAC_002,58
TGGCGGAGTAGCACACGCAC_003,193
TGGCGGAGTAGCACACGCAC_004,49
TGGCGGAGTAGCACACGCAC_005,108
TGGCGGAGTAGCACACGCAC_006,104
TGGCGGAGTAGCACACGCAC_007,101
TGGCGGAGTAGCACACGCAC_008,61
TGGCGGAGTAGCACACGCAC_009,149
TGGCGGAGTAGCACACGCAC_010,129
TGGCGGAGTAGCACACGCAC_011,29
TGGCGGAGTAGCACACGCAC_012,146
TGGCGGAGTAGCACACGCAC_013,182
TGGCGGAGTAGCACACGCAC_014,177
TGGCGGAGTAGCACACGCAC_015,34
TGGCGGAGTAGCACACGCAC_016,188
TGGCGGAGTAGCACACGCAC_017,48
TGGCGGAGTAGCACACGCAC_018,77
TGGCGGAGTAGCACACGCAC_019,155
TGGCGGAGTAGCACACGCAC_020,148
TTGTTAAGGTTGGCAAACAG_001,42
TTGTTAAGGTTGGCAAACAG_002,70
TTGTTAAGGTTGGCAAACAG_003,147
TTGTTAAGGTTGGCAAACAG_004,102
TTGTTAAGGTTGGCAAACAG_005,8
TTGTTAAGGTTGGCAAACAG_006,193
TTGTTAAGGTTGGCAAACAG_007,83
TTGTTAAGGTTGGCAAACAG_008,59
TTGTTAAGGTTGGCAAACAG_009,165
TTGTTAAGGTTGGCAAACAG_010,177
TTGTTAAGGTTGGCAAACAG_011,16
TTGTTAAGGTTGGCAAACAG_012,31
TTGTTAAGGTTGGCAAACAG_013,163
TTGTTAAGGTTGGCAAACAG_014,82
TTGTTAAGGTTGGCAAACAG_015,78
TTGTTAAGGTTGGCAAACAG_016,50
TTGTTAAGGTTGGCAAACAG_017,1
TTGTTAAGGTTGGCAAACAG_018,183
TTGTTAAGGTTGGCAAACAG_019,161
TTGTTAAGGTTGGCAAACAG_020,155
CTTCAATCAAAGCATTAGAT_001,40
CTTCAATCAAAGCATTAGAT_002,94
CTTCAATCAAAGCATTAGAT_003,162
CTTCAATCAAAGCATTAGAT_004,35
CTGCTGTACCAATTACCAAG_001,81
CTGCTGTACCAATTACCAAG_002,106
TGATGTAATATTGTTCACTG_001,104
TTCTTAAGTACAATCAACGT_001,59
GGGTGACCCTCAGACACAGT_001,170
GGGTGACCCTCAGACACAGT_002,3
GGGTGACCCTCAGACACAGT_003,49
GGGTGACCCTCAGACACAGT_004,9
GGGTGACCCTCAGACACAGT_005,148
GGGTGACCCTCAGACACAGT_006,159
GGGTGACCCTCAGACACAGT_007,11
GGGTGACCCTCAGACACAGT_008,61
GGGTGACCCTCAGACACAGT_009,77
GGGTGACCCTCAGACACAGT_010,183
CTCACCAACAAGCTCAACGG_001,33
CTCACCAACAAGCTCAACGG_002,60
CTCACCAACAAGCTCAACGG_003,141
CTCACCAACAAGCTCAACGG_004,127
CTCACCAACAAGCTCAACGG_005,91
CTCACCAACAAGCTCAACGG_006,19
CTCACCAACAAGCTCAACGG_007,15
CTCACCAACAAGCTCAACGG_008,77
CTCACCAACAAGCTCAACGG_009,41
CTCACCAACAAGCTCAACGG_010,151
AAGTTGTTAAAAGCCTTGAA_001,156
AAGTTGTTAAAAGCCTTGAA_002,15
AAGTTGTTAAAAGCCTTGAA_003,81
AAGTTGTTAAAAGCCTTGAA_004,22
AAGTTGTTAAAAGCCTTGAA_005,1
AAGTTGTTAAAAGCCTTGAA_006,103
TGTGGAAATTTATACCTCCC_001,191
GCGGCTCCTAGACCGGCAGG_001,153
GCGGCTCCTAGACCGGCAGG_002,84
GCGGCTCCTAGACCGGCAGG_003,138
GCGGCTCCTAGACCGGCAGG_004,66
GCGGCTCCTAGACCGGCAGG_005,84
GCGGCTCCTAGACCGGCAGG_006,131
GCGGCTCCTAGACCGGCAGG_007,131
GCGGCTCCTAGACCGGCAGG_008,137
GCGGCTCCTAGACCGGCAGG_009,118
GCGGCTCCTAGACCGGCAGG_010,197
GCGGCTCCTAGACCGGCAGG_011,124
GCGGCTCCTAGACCGGCAGG_012,137
GCGGCTCCTAGACCGGCAGG_013,3
GCGGCTCCTAGACCGGCAGG_014,68
AAGCCACACCAATTCTGGAG_001,62
AAGCCACACCAATTCTGGAG_002,154
AAGCCACACCAATTCTGGAG_003,110
ATGAAAGCTGATGAATGTAG_001,112
ATGAAAGCTGATGAATGTAG_002,83
ATGAAAGCTGATGAATGTAG_003,83
ATGAAAGCTGATGAATGTAG_004,65
GCTGGTGATGTACTACACTC_001,146
GCTGGTGATGTACTACACTC_002,60
GCTGGTGATGTACTACACTC_003,29
GCTGGTGATGTACTACACTC_004,105
GCTGGTGATGTACTACACTC_005,33
GCTGGTGATGTACTACACTC_006,145
GCTGGTGATGTACTACACTC_007,67
GCTGGTGATGTACTACACTC_008,121
GCTGGTGATGTACTACACTC_009,63
GCTGGTGATGTACTACACTC_010,80
CGAGTTACCTGCCGCTACTG_001,171
CGAGTTACCTGCCGCTACTG_002,146
CGAGTTACCTGCCGCTACTG_003,7
CGAGTTACCTGCCGCTACTG_004,113
CGAGTTACCTGCCGCTACTG_005,130
CGAGTTACCTGCCGCTACTG_006,162
CGAGTTACCTGCCGCTACTG_007,72
CGAGTTACCTGCCGCTACTG_008,7
CGAGTTACCTGCCGCTACTG_009,83
CGAGTTACCTGCCGCTACTG_010,141
CGAGTTACCTGCCGCTACTG_011,155
CGAGTTACCTGCCGCTACTG_012,23
CGAGTTACCTGCCGCTACTG_013,88
CGAGTTACCTGCCGCTACTG_014,16
GGGTGAAGAGGCATGGACGA_001,29
GGGTGAAGAGGCATGGACGA_002,151
GGGTGAAGAGGCATGGACGA_003,4
GGGTGAAGAGGCATGGACGA_004,162
GGGTGAAGAGGCATGGACGA_005,78
GGGTGAAGAGGCATGGACGA_006,127
GGGTGAAGAGGCATGGACGA_007,29
GGGTGAAGAGGCATGGACGA_008,197
GGGTGAAGAGGCATGGACGA_009,53
GGGTGAAGAGGCATGGACGA_010,49
GGGTGAAGAGGCATGGACGA_011,168
GGGTGAAGAGGCATGGACGA_012,188
GGGTGAAGAGGCATGGACGA_013,147
GGGTGAAGAGGCATGGACGA_014,165
GGGTGAAGAGGCATGGACGA_015,191
GGGTGAAGAGGCATGGACGA_016,185
TAAAATCCCATGTTCCATTG_001,155
TAAAATCCCATGTTCCATTG_002,32
TAAAATCCCATGTTCCATTG_003,12
TAAAATCCCATGTTCCATTG_004,150
TAAAATCCCATGTTCCATTG_005,190
TAAAATCCCATGTTCCATTG_006,39
TAAAATCCCATGTTCCATTG_007,49
AAGGCTTTCACTGATCACAT_001,34
AAGGCTTTCACTGATCACAT_002,9
AAGGCTTTCACTGATCACAT_003,2
AAGGCTTTCACTGATCACAT_004,41
AAGGCTTTCACTGATCACAT_005,130
AAGGCTTTCACTGATCACAT_006,174
AAGGCTTTCACTGATCACAT_007,176
AAGGCTTTCACTGATCACAT_008,16
AAGGCTTTCACTGATCACAT_009,65
AAGGCTTTCACTGATCACAT_010,162
AAGGCTTTCACTGATCACAT_011,95
AAGGCTTTCACTGATCACAT_012,105
AAGGCTTTCACTGATCACAT_013,62
AAGGCTTTCACTGATCACAT_014,57
AAGGCTTTCACTGATCACAT_015,182
AAGGCTTTCACTGATCACAT_016,142
AAGGCTTTCACTGATCACAT_017,27
AGGCATGGAGAGCATCACAT_001,97
AGGCATGGAGAGCATCACAT_002,53
AGGCATGGAGAGCATCACAT_003,196
AGGCATGGAGAGCATCACAT_004,146
AGGCATGGAGAGCATCACAT_005,162
AGGCATGGAGAGCATCACAT_006,142
AGGCATGGAGAGCATCACAT_007,144
AGGCATGGAGAGCATCACAT_008,29
AGGCATGGAGAGCATCACAT_009,144
AGGCATGGAGAGCATCACAT_010,77
AGGCATGGAGAGCATCACAT_011,171
AGGCATGGAGAGCATCACAT_012,13
AGGCATGGAGAGCATCACAT_013,69
AGGCATGGAGAGCATCACAT_014,19
AGGCATGGAGAGCATCACAT_015,105
AGGCATGGAGAGCATCACAT_016,9
AGGCATGGAGAGCATCACAT_017,104
AGGCATGGAGAGCATCACAT_018,73
AGGCATGGAGAGCATCACAT_019,134
AGGCATGGAGAGCATCACAT_020,17
AGGCATGGAGAGCATCACAT_021,106
AGGCATGGAGAGCATCACAT_022,63
AGGCATGGAGAGCATCACAT_023,43
AGGCATGGAGAGCATCACAT_024,144
AGGCATGGAGAGCATCACAT_025,137
AGGCATGGAGAGCATCACAT_026,65
AGGCATGGAGAGCATCACAT_027,56
AGGCATGGAGAGCATCACAT_028,138
AGGCATGGAGAGCATCACAT_029,168
AGGCATGGAGAGCATCACAT_030,7
CCCAAGACCTATAATAGGGT_001,150
CCCAAGACCTATAATAGGGT_002,77
CCCAAGACCTATAATAGGGT_003,178
CCCAAGACCTATAATAGGGT_004,168
CCCAAGACCTATAATAGGGT_005,19
TCAGCGTTTGAGAATTCCAT_001,198
TCAGCGTTTGAGAATTCCAT_002,71
TCAGCGTTTGAGAATTCCAT_003,177
CAGGATGTCCAGTACCGAGA_001,23
CAGGATGTCCAGTACCGAGA_002,15
CAGGATGTCCAGTACCGAGA_003,112
CAGGATGTCCAGTACCGAGA_004,8
CAGGATGTCCAGTACCGAGA_005,127
CAGGATGTCCAGTACCGAGA_006,20
CAGGATGTCCAGTACCGAGA_007,60
CAGGATGTCCAGTACCGAGA_008,98
CAGGATGTCCAGTACCGAGA_009,12
CAGGATGTCCAGTACCGAGA_010,157
CAGGATGTCCAGTACCGAGA_011,29
CAGGATGTCCAGTACCGAGA_012,171
CAGGATGTCCAGTACCGAGA_013,141
CAGGATGTCCAGTACCGAGA_014,39
CAGGATGTCCAGTACCGAGA_015,184
ACGACGATAGCTCCCCGACA_001,38
ACGACGATAGCTCCCCGACA_002,170
ACGACGATAGCTCCCCGACA_003,38
ACGACGATAGCTCCCCGACA_004,59
ACGACGATAGCTCCCCGACA_005,43
AATGTAAGGCCCACGCTCTG_001,136
AATGTAAGGCCCACGCTCTG_002,130
AATGTAAGGCCCACGCTCTG_003,102
AATGTAAGGCCCACGCTCTG_004,177
AATGTAAGGCCCACGCTCTG_005,150
AATGTAAGGCCCACGCTCTG_006,188
AATGTAAGGCCCACGCTCTG_007,46
AATGTAAGGCCCACGCTCTG_008,26
AATGTAAGGCCCACGCTCTG_009,183
AATGTAAGGCCCACGCTCTG_010,91
AATGTAAGGCCCACGCTCTG_011,107
AATGTAAGGCCCACGCTCTG_012,192
AATGTAAGGCCCACGCTCTG_013,171
AATGTAAGGCCCACGCTCTG_014,118
AATGTAAGGCCCACGCTCTG_015,175
AATGTAAGGCCCACGCTCTG_016,118
AATGTAAGGCCCACGCTCTG_017,19
AATGTAAGGCCCACGCTCTG_018,159
AATGTAAGGCCCACGCTCTG_019,37
AATGTAAGGCCCACGCTCTG_020,160
AATGTAAGGCCCACGCTCTG_021,121
AATGTAAGGCCCACGCTCTG_022,13
AATGTAAGGCCCACGCTCTG_023,57
CTGAAGCGGAAGTTGCCGAA_001,170
CTGAAGCGGAAGTTGCCGAA_002,67
CTGAAGCGGAAGTTGCCGAA_003,135
CTGAAGCGGAAGTTGCCGAA_004,135
CAGTTATATAAAAACTACTG_001,3
GGTAAAGGCCACAACGTTAG_001,106
GGTAAAGGCCACAACGTTAG_002,163
GGTAAAGGCCACAACGTTAG_003,168
GGTAAAGGCCACAACGTTAG_004,58
GGTAAAGGCCACAACGTTAG_005,38
GGTAAAGGCCACAACGTTAG_006,95
GGTAAAGGCCACAACGTTAG_007,88
GGTAAAGGCCACAACGTTAG_008,30
GGTAAAGGCCACAACGTTAG_009,144
GGTAAAGGCCACAACGTTAG_010,135
TACCGACCACCAAGAAACTC_001,113
TACCGACCACCAAGAAACTC_002,162
TACCGACCACCAAGAAACTC_003,172
TACCGACCACCAAGAAACTC_004,160
TACCGACCACCAAGAAACTC_005,197
TACCGACCACCAAGAAACTC_006,182
TACCGACCACCAAGAAACTC_007,151
TACCGACCACCAAGAAACTC_008,130
TACCGACCACCAAGAAACTC_009,105
TACCGACCACCAAGAAACTC_010,158
CTGCAGCGGCAACTGTACAA_001,130
CTGCAGCGGCAACTGTACAA_002,88
CTGCAGCGGCAACTGTACAA_003,37
CTGCAGCGGCAACTGTACAA_004,156
CTGCAGCGGCAACTGTACAA_005,197
CTGCAGCGGCAACTGTACAA_006,165
CTGCAGCGGCAACTGTACAA_007,169
CTGCAGCGGCAACTGTACAA_008,87
CTGCAGCGGCAACTGTACAA_009,113
CTGCAGCGGCAACTGTACAA_010,70
CTGCAGCGGCAACTGTACAA_011,8
CTGCAGCGGCAACTGTACAA_012,69
CTGCAGCGGCAACTGTACAA_013,100
CTGCAGCGGCAACTGTACAA_014,33
GGAAATGCCCCAGGGCAAGG_001,199
GGAAATGCCCCAGGGCAAGG_002,199
GGAAATGCCCCAGGGCAAGG_003,31
GGAAATGCCCCAGGGCAAGG_004,104
GGAAATGCCCCAGGGCAAGG_005,67
GGAAATGCCCCAGGGCAAGG_006,197
GGAAATGCCCCAGGGCAAGG_007,144
TACGACGTCTTGGTGCTCAA_001,44
TACGACGTCTTGGTGCTCAA_002,76
TACGACGTCTTGGTGCTCAA_003,104
TACGACGTCTTGGTGCTCAA_004,91
CCAAGGTGAGGTAATAGAGA_001,182
CCAAGGTGAGGTAATAGAGA_002,21
CCAAGGTGAGGTAATAGAGA_003,77
CCAAGGTGAGGTAATAGAGA_004,160
CCTTCCGATTAGGGACGTAG_001,181
CCTTCCGATTAGGGACGTAG_002,170
CCTTCCGATTAGGGACGTAG_003,104
CCTTCCGATTAGGGACGTAG_004,68
CCTTCCGATTAGGGACGTAG_005,38
CCTTCCGATTAGGGACGTAG_006,150
CCTTCCGATTAGGGACGTAG_007,38
CCTTCCGATTAGGGACGTAG_008,115
CCTTCCGATTAGGGACGTAG_009,165
CCTTCCGATTAGGGACGTAG_010,42
CCTTCCGATTAGGGACGTAG_011,116
CCTTCCGATTAGGGACGTAG_012,6
CCTTCCGATTAGGGACGTAG_013,181
CCTTCCGATTAGGGACGTAG_014,178
CCTTCCGATTAGGGACGTAG_015,163
CCTTCCGATTAGGGACGTAG_016,141
ATAAACTAACAGATGCGAGT_001,57
ATAAACTAACAGATGCGAGT_002,199
ATAAACTAACAGATGCGAGT_003,151
ATAAACTAACAGATGCGAGT_004,61
ATAAACTAACAGATGCGAGT_005,40
ATAAACTAACAGATGCGAGT_006,198
ATAAACTAACAGATGCGAGT_007,44
ATAAACTAACAGATGCGAGT_008,14
ATAAACTAACAGATGCGAGT_009,190
ATAAACTAACAGATGCGAGT_010,35
CTGAACGGCCTGCACCACCC_001,118
CATCAAGCGAGACCAGTCCG_001,127
CATCAAGCGAGACCAGTCCG_002,80
CATCAAGCGAGACCAGTCCG_003,161
CATCAAGCGAGACCAGTCCG_004,189
CATCAAGCGAGACCAGTCCG_005,159
GGGTGGTCATTCTCTACTTG_001,78
GGGTGGTCATTCTCTACTTG_002,36
GGGTGGTCATTCTCTACTTG_003,27
GGGTGGTCATTCTCTACTTG_004,106
GGGTGGTCATTCTCTACTTG_005,111
CATATGGACAAACATCCTCT_001,127
CATATGGACAAACATCCTCT_002,5
CATATGGACAAACATCCTCT_003,93
CATATGGACAAACATCCTCT_004,12
CATATGGACAAACATCCTCT_005,40
CATATGGACAAACATCCTCT_006,168
CATATGGACAAACATCCTCT_007,63
CATATGGACAAACATCCTCT_008,166
CATATGGACAAACATCCTCT_009,133
CATATGGACAAACATCCTCT_010,148
CATATGGACAAACATCCTCT_011,66
CATATGGACAAACATCCTCT_012,124
AGGTGTACATCTATTCCTCA_001,56
TGAAGCCGTAGCCATCACTG_001,11
TGAAGCCGTAGCCATCACTG_002,116
TGAAGCCGTAGCCATCACTG_003,62
TGAAGCCGTAGCCATCACTG_004,7
TGAAGCCGTAGCCATCACTG_005,9
CGTGCAGGGCAACTACCACG_001,151
CGTGCAGGGCAACTACCACG_002,113
CGTGCAGGGCAACTACCACG_003,2
CGTGCAGGGCAACTACCACG_004,176
CGTGCAGGGCAACTACCACG_005,11
CGTGCAGGGCAACTACCACG_006,56
CGTGCAGGGCAACTACCACG_007,34
AGGCCTGCGGGTACTACCAG_001,96
AGGCCTGCGGGTACTACCAG_002,48
AGGCCTGCGGGTACTACCAG_003,18
AGGCCTGCGGGTACTACCAG_004,121
AGGCCTGCGGGTACTACCAG_005,66
AGGCCTGCGGGTACTACCAG_006,37
AGGCCTGCGGGTACTACCAG_007,24
AGGCCTGCGGGTACTACCAG_008,52
AGGCCTGCGGGTACTACCAG_009,160
AGGCCTGCGGGTACTACCAG_010,91
CCCCTGGCACGGGAAGCGGT_001,78
GTACACCGTAGCCCTTAATG_001,141
GTACACCGTAGCCCTTAATG_002,11
GTACACCGTAGCCCTTAATG_003,58
GTACACCGTAGCCCTTAATG_004,81
GTACACCGTAGCCCTTAATG_005,82
GTACACCGTAGCCCTTAATG_006,192
CAAAACGCATAACGTCCACG_001,163
CAAAACGCATAACGTCCACG_002,134
CAAAACGCATAACGTCCACG_003,58
CAAAACGCATAACGTCCACG_004,92
CAAAACGCATAACGTCCACG_005,137
CAAAACGCATAACGTCCACG_006,199
CAAAACGCATAACGTCCACG_007,96
CAAAACGCATAACGTCCACG_008,20
CAAAACGCATAACGTCCACG_009,177
CAAAACGCATAACGTCCACG_010,103
CAAAACGCATAACGTCCACG_011,10
CAAAACGCATAACGTCCACG_012,28
TCATCTACACGTTAAAAGAG_001,49
TCATCTACACGTTAAAAGAG_002,158
TCATCTACACGTTAAAAGAG_003,124
ACTAGAGTCATGATCAGCGA_001,63
ACTAGAGTCATGATCAGCGA_002,136
ACTAGAGTCATGATCAGCGA_003,122
ACTAGAGTCATGATCAGCGA_004,194
ACTAGAGTCATGATCAGCGA_005,127
ACTAGAGTCATGATCAGCGA_006,158
ACTAGAGTCATGATCAGCGA_007,64
ACTAGAGTCATGATCAGCGA_008,103
ACTAGAGTCATGATCAGCGA_009,20
ACTAGAGTCATGATCAGCGA_010,40
ACTAGAGTCATGATCAGCGA_011,81
ACTAGAGTCATGATCAGCGA_012,141
ACTAGAGTCATGATCAGCGA_013,63
ACTAGAGTCATGATCAGCGA_014,76
ACTAGAGTCATGATCAGCGA_015,34
ACTAGAGTCATGATCAGCGA_016,5
ACTAGAGTCATGATCAGCGA_017,63
ACTAGAGTCATGATCAGCGA_018,60
ACTAGAGTCATGATCAGCGA_019,17
AAAGTGGCTCTTTCACGGTG_001,101
AAAGTGGCTCTTTCACGGTG_002,66
AAAGTGGCTCTTTCACGGTG_003,188
AAAGTGGCTCTTTCACGGTG_004,82
AAAGTGGCTCTTTCACGGTG_005,197
AAAGTGGCTCTTTCACGGTG_006,27
AAAGTGGCTCTTTCACGGTG_007,178
AAAGTGGCTCTTTCACGGTG_008,47
AAAGTGGCTCTTTCACGGTG_009,31
AAAGTGGCTCTTTCACGGTG_010,80
AAAGTGGCTCTTTCACGGTG_011,40
TTCAAAAGTCGTATAGCGTA_001,165
TTCAAAAGTCGTATAGCGTA_002,77
CTGGAGAGCATACCCGCACG_001,95
CTGGAGAGCATACCCGCACG_002,64
CTGGAGAGCATACCCGCACG_003,88
CTGGAGAGCATACCCGCACG_004,46
CTGGAGAGCATACCCGCACG_005,49
CATGATCAACCAGTTCGTGC_001,27
CATGATCAACCAGTTCGTGC_002,41
CATGATCAACCAGTTCGTGC_003,48
CATGATCAACCAGTTCGTGC_004,121
CATGATCAACCAGTTCGTGC_005,73
CATGATCAACCAGTTCGTGC_006,166
CATGATCAACCAGTTCGTGC_007,55
CATGATCAACCAGTTCGTGC_008,157
GCCTGACGTCTGTGGCTCTG_001,157
GCCTGACGTCTGTGGCTCTG_002,22
GCCTGACGTCTGTGGCTCTG_003,77
GCCTGACGTCTGTGGCTCTG_004,127
GCCTGACGTCTGTGGCTCTG_005,88
GCCTGACGTCTGTGGCTCTG_006,162
GCCTGACGTCTGTGGCTCTG_007,83
GCCTGACGTCTGTGGCTCTG_008,78
GCCTGACGTCTGTGGCTCTG_009,49
GCCTGACGTCTGTGGCTCTG_010,128
GCCTGACGTCTGTGGCTCTG_011,174
GCCTGACGTCTGTGGCTCTG_012,9
GCCTGACGTCTGTGGCTCTG_013,197
GCCTGACGTCTGTGGCTCTG_014,198
GCCTGACGTCTGTGGCTCTG_015,4
GCCTGACGTCTGTGGCTCTG_016,21
GCCTGACGTCTGTGGCTCTG_017,64
GCCTGACGTCTGTGGCTCTG_018,125
GCCTGACGTCTGTGGCTCTG_019,168
GCCTGACGTCTGTGGCTCTG_020,177
GCCTGACGTCTGTGGCTCTG_021,49
GCCTGACGTCTGTGGCTCTG_022,6
GCCTGACGTCTGTGGCTCTG_023,41
GCCTGACGTCTGTGGCTCTG_024,175
GCCTGACGTCTGTGGCTCTG_025,63
AGGACGTGGGTACTCAGGAG_001,108
AGGACGTGGGTACTCAGGAG_002,12
AGGACGTGGGTACTCAGGAG_003,138
AGGACGTGGGTACTCAGGAG_004,150
AGGACGTGGGTACTCAGGAG_005,83
AGGACGTGGGTACTCAGGAG_006,186
AGGACGTGGGTACTCAGGAG_007,171
AGGACGTGGGTACTCAGGAG_008,135
AGGACGTGGGTACTCAGGAG_009,8
AGGACGTGGGTACTCAGGAG_010,2
AGGACGTGGGTACTCAGGAG_011,94
AGGACGTGGGTACTCAGGAG_012,184
GATTTACCTGATATTACCAA_001,199
CACTATCTTATCAACCAACT_001,56
TGGAGACCCAGCACCCAGCA_001,144
TGGAGACCCAGCACCCAGCA_002,111
TGGAGACCCAGCACCCAGCA_003,115
TGGAGACCCAGCACCCAGCA_004,104
TGGAGACCCAGCACCCAGCA_005,66
TGGAGACCCAGCACCCAGCA_006,3
TGGAGACCCAGCACCCAGCA_007,130
TGGAGACCCAGCACCCAGCA_008,42
TGGAGACCCAGCACCCAGCA_009,36
TGGAGACCCAGCACCCAGCA_010,106
TGGAGACCCAGCACCCAGCA_011,11
TGGAGACCCAGCACCCAGCA_012,137
TGGAGACCCAGCACCCAGCA_013,50
TGGAGACCCAGCACCCAGCA_014,174
TGGAGACCCAGCACCCAGCA_015,150
TGGAGACCCAGCACCCAGCA_016,14
TGGAGACCCAGCACCCAGCA_017,121
TGGAGACCCAGCACCCAGCA_018,83
TGGAGACCCAGCACCCAGCA_019,113
TGGAGACCCAGCACCCAGCA_020,16
TGGAGACCCAGCACCCAGCA_021,145
TGGAGACCCAGCACCCAGCA_022,190
TGGAGACCCAGCACCCAGCA_023,170
TGGAGACCCAGCACCCAGCA_024,77
TGGAGACCCAGCACCCAGCA_025,168
TGGAGACCCAGCACCCAGCA_026,46
TGGAGACCCAGCACCCAGCA_027,107
TGGAGACCCAGCACCCAGCA_028,195
TGGAGACCCAGCACCCAGCA_029,105
TGGAGACCCAGCACCCAGCA_030,184
TGGAGACCCAGCACCCAGCA_031,39
TGGAGACCCAGCACCCAGCA_032,10
TGGAGACCCAGCACCCAGCA_033,9
TGGAGACCCAGCACCCAGCA_034,55
TGGAGACCCAGCACCCAGCA_035,174
TGGAGACCCAGCACCCAGCA_036,28
TGGAGACCCAGCACCCAGCA_037,170
TGGAGACCCAGCACCCAGCA_038,170
TGGAGACCCAGCACCCAGCA_039,135
TGATCTCAGACAATGAACCT_001,94
TGATCTCAGACAATGAACCT_002,77
TGATCTCAGACAATGAACCT_003,147
TGATCTCAGACAATGAACCT_004,61
TGATCTCAGACAATGAACCT_005,25
TGATCTCAGACAATGAACCT_006,94
TGATCTCAGACAATGAACCT_007,148
TGATCTCAGACAATGAACCT_008,53
TGATCTCAGACAATGAACCT_009,165
TGATCTCAGACAATGAACCT_010,155
TGATCTCAGACAATGAACCT_011,180
TGATCTCAGACAATGAACCT_012,199
ACTCGGTGTTCACTTCGCAG_001,12
ACTCGGTGTTCACTTCGCAG_002,139
ACTCGGTGTTCACTTCGCAG_003,122
ACTCGGTGTTCACTTCGCAG_004,169
ACTCGGTGTTCACTTCGCAG_005,145
AATCAATGAAAACAACGTCA_001,166
AATCAATGAAAACAACGTCA_002,173
AATCAATGAAAACAACGTCA_003,14
AATCAATGAAAACAACGTCA_004,133
AATCAATGAAAACAACGTCA_005,84
AATCAATGAAAACAACGTCA_006,3
CCGAGACCGTCGTTCCTCCG_001,170
CCGAGACCGTCGTTCCTCCG_002,147
CCGAGACCGTCGTTCCTCCG_003,43
CCGAGACCGTCGTTCCTCCG_004,182
CCGAGACCGTCGTTCCTCCG_005,15
CCGAGACCGTCGTTCCTCCG_006,162
CCGAGACCGTCGTTCCTCCG_007,5
CCGAGACCGTCGTTCCTCCG_008,127
CCGAGACCGTCGTTCCTCCG_009,104
CCGAGACCGTCGTTCCTCCG_010,45
TAACGAAACTCAACAAAGTC_001,35
TAACGAAACTCAACAAAGTC_002,129
TAACGAAACTCAACAAAGTC_003,58
TAACGAAACTCAACAAAGTC_004,10
TAACGAAACTCAACAAAGTC_005,96
CCCCTCATATCATAGATACC_001,95
CCCCTCATATCATAGATACC_002,92
GGAGGTGAAAGTCTCCGTGG_001,8
GGAGGTGAAAGTCTCCGTGG_002,62
GGGCCAGAGTTACATAGACA_001,70
GGGCCAGAGTTACATAGACA_002,45
GGGCCAGAGTTACATAGACA_003,11
GGGCCAGAGTTACATAGACA_004,83
GGGCCAGAGTTACATAGACA_005,86
GGGCCAGAGTTACATAGACA_006,160
GGGCCAGAGTTACATAGACA_007,183
GGGCCAGAGTTACATAGACA_008,110
TCAGCTGCGTGACTTCCTGT_001,48
TCAGCTGCGTGACTTCCTGT_002,115
TCAGCTGCGTGACTTCCTGT_003,50
TCAGCTGCGTGACTTCCTGT_004,169
TCAGCTGCGTGACTTCCTGT_005,107
TCAGCTGCGTGACTTCCTGT_006,191
TCAGCTGCGTGACTTCCTGT_007,73
TCAGCTGCGTGACTTCCTGT_008,83
TCAGCTGCGTGACTTCCTGT_009,160
TCAGCTGCGTGACTTCCTGT_010,104
TCAGCTGCGTGACTTCCTGT_011,195
TCAGCTGCGTGACTTCCTGT_012,9
TCAGCTGCGTGACTTCCTGT_013,72
TCAGCTGCGTGACTTCCTGT_014,1
TCAGCTGCGTGACTTCCTGT_015,199
TCAGCTGCGTGACTTCCTGT_016,108
TCAGCTGCGTGACTTCCTGT_017,129
TCAGCTGCGTGACTTCCTGT_018,18
CTTGTCGCTGCATTTGACAA_001,118
CTTGTCGCTGCATTTGACAA_002,160
CTTGTCGCTGCATTTGACAA_003,64
CTTGTCGCTGCATTTGACAA_004,156
CTTGTCGCTGCATTTGACAA_005,78
CTTGTCGCTGCATTTGACAA_006,121
CTTGTCGCTGCATTTGACAA_007,159
CTTGTCGCTGCATTTGACAA_008,133
CTTGTCGCTGCATTTGACAA_009,1
CTTGTCGCTGCATTTGACAA_010,114
CACCGCCCTAGACGGCCCCG_001,199
CACCGCCCTAGACGGCCCCG_002,69
CACCGCCCTAGACGGCCCCG_003,62
CACCGCCCTAGACGGCCCCG_004,1
CACCGCCCTAGACGGCCCCG_005,121
CACCGCCCTAGACGGCCCCG_006,15
CACCGCCCTAGACGGCCCCG_007,144
CACCGCCCTAGACGGCCCCG_008,58
CACCGCCCTAGACGGCCCCG_009,190
CACCGCCCTAGACGGCCCCG_010,19
CACCGCCCTAGACGGCCCCG_011,17
CACCGCCCTAGACGGCCCCG_012,8
CACCGCCCTAGACGGCCCCG_013,69
CACCGCCCTAGACGGCCCCG_014,140
CACCGCCCTAGACGGCCCCG_015,121
CACCGCCCTAGACGGCCCCG_016,163
GCTGACCAGAATCTTAAACT_001,137
GCTGACCAGAATCTTAAACT_002,169
GCTGACCAGAATCTTAAACT_003,74
GCTGACCAGAATCTTAAACT_004,124
GCTGACCAGAATCTTAAACT_005,63
GCTGACCAGAATCTTAAACT_006,172
TGAGCATCGTCGCCGAGCCA_001,20
TGAGCATCGTCGCCGAGCCA_002,85
TGAGCATCGTCGCCGAGCCA_003,55
TGAGCATCGTCGCCGAGCCA_004,168
TGAGCATCGTCGCCGAGCCA_005,147
TGAGCATCGTCGCCGAGCCA_006,77
TGAGCATCGTCGCCGAGCCA_007,184
TGAGCATCGTCGCCGAGCCA_008,188
TGAGCATCGTCGCCGAGCCA_009,138
TGAGCATCGTCGCCGAGCCA_010,43
TGAGCATCGTCGCCGAGCCA_011,116
TGAGCATCGTCGCCGAGCCA_012,40
TGAGCATCGTCGCCGAGCCA_013,77
GTGATTATTCCGAACTCACG_001,105
GTGATTATTCCGAACTCACG_002,50
GTGATTATTCCGAACTCACG_003,57
GTGATTATTCCGAACTCACG_004,163
GTGATTATTCCGAACTCACG_005,50
GTGATTATTCCGAACTCACG_006,66
GTGATTATTCCGAACTCACG_007,198
GTGATTATTCCGAACTCACG_008,150
GTGATTATTCCGAACTCACG_009,84
GTGATTATTCCGAACTCACG_010,175
GTGATTATTCCGAACTCACG_011,50
CTAAAACTTCTGAATCTGCA_001,8
CTAAAACTTCTGAATCTGCA_002,2
CTAAAACTTCTGAATCTGCA_003,198
GTGGTGACTCTAGAAAAGCA_001,127
GTGGTGACTCTAGAAAAGCA_002,73
GTGGTGACTCTAGAAAAGCA_003,161
GTGGTGACTCTAGAAAAGCA_004,13
GTGGTGACTCTAGAAAAGCA_005,132
GTGGTGACTCTAGAAAAGCA_006,108
CAGGTCTCGATACTGGTCAA_001,133
CAGGTCTCGATACTGGTCAA_002,172
CAGGTCTCGATACTGGTCAA_003,188
CAGGTCTCGATACTGGTCAA_004,15
CAGGTCTCGATACTGGTCAA_005,87
CAGGTCTCGATACTGGTCAA_006,184
CAGGTCTCGATACTGGTCAA_007,58
CAGGTCTCGATACTGGTCAA_008,150
CAGGTCTCGATACTGGTCAA_009,50
TGGGGTAGGAGCACAAGCAT_001,153
TGGGGTAGGAGCACAAGCAT_002,57
TGGGGTAGGAGCACAAGCAT_003,159
TGGGGTAGGAGCACAAGCAT_004,85
TGGGGTAGGAGCACAAGCAT_005,85
TGGGGTAGGAGCACAAGCAT_006,88
TGGGGTAGGAGCACAAGCAT_007,145
TGGGGTAGGAGCACAAGCAT_008,103
TGGGGTAGGAGCACAAGCAT_009,118
TGGGGTAGGAGCACAAGCAT_010,99
TGCCTGTGAACAAGATTACG_001,94
TGCCTGTGAACAAGATTACG_002,68
TGCCTGTGAACAAGATTACG_003,85
TGCCTGTGAACAAGATTACG_004,60
TGCCTGTGAACAAGATTACG_005,172
TGCCTGTGAACAAGATTACG_006,48
TGCCTGTGAACAAGATTACG_007,136
CCTGATCCCCGGCATTAACG_001,20
CCTGATCCCCGGCATTAACG_002,78
CCTGATCCCCGGCATTAACG_003,199
CCTGATCCCCGGCATTAACG_004,56
CCTGATCCCCGGCATTAACG_005,38
CCTGATCCCCGGCATTAACG_006,14
CCTGATCCCCGGCATTAACG_007,156
CCTGATCCCCGGCATTAACG_008,150
CCTGATCCCCGGCATTAACG_009,113
CCTGATCCCCGGCATTAACG_010,41
CCTGATCCCCGGCATTAACG_011,154
CCTGATCCCCGGCATTAACG_012,14
CCTGATCCCCGGCATTAACG_013,34
CCTGATCCCCGGCATTAACG_014,26
CCTGATCCCCGGCATTAACG_015,146
CCTGATCCCCGGCATTAACG_016,145
GCAAACCAAATTCACGCGCA_001,96
GCAAACCAAATTCACGCGCA_002,145
GCAAACCAAATTCACGCGCA_003,53
GCAAACCAAATTCACGCGCA_004,5
GCAAACCAAATTCACGCGCA_005,51
GCAAACCAAATTCACGCGCA_006,177
GCAAACCAAATTCACGCGCA_007,92
GCAAACCAAATTCACGCGCA_008,144
GATGCCCCACGATCAGCACA_001,17
GATGCCCCACGATCAGCACA_002,170
GATGCCCCACGATCAGCACA_003,190
GATGCCCCACGATCAGCACA_004,148
GATGCCCCACGATCAGCACA_005,160
GATGCCCCACGATCAGCACA_006,170
GATGCCCCACGATCAGCACA_007,106
GATGCCCCACGATCAGCACA_008,168
GATGCCCCACGATCAGCACA_009,20
GATGCCCCACGATCAGCACA_010,9
GATGCCCCACGATCAGCACA_011,27
GATGCCCCACGATCAGCACA_012,0
GATGCCCCACGATCAGCACA_013,199
GATGCCCCACGATCAGCACA_014,50
GATGCCCCACGATCAGCACA_015,60
GATGCCCCACGATCAGCACA_016,41
GTATGTGCATTCTTCAAGCA_001,139
CAGGGTGATGCGGAATACCG_001,181
CAGGGTGATGCGGAATACCG_002,16
CAGGGTGATGCGGAATACCG_003,105
CAGGGTGATGCGGAATACCG_004,197
CAGGGTGATGCGGAATACCG_005,42
CAGGGTGATGCGGAATACCG_006,75
CAGGGTGATGCGGAATACCG_007,8
CAGGGTGATGCGGAATACCG_008,49
CAGGGTGATGCGGAATACCG_009,188
CAGGGTGATGCGGAATACCG_010,130
CAGGGTGATGCGGAATACCG_011,58
CAGGGTGATGCGGAATACCG_012,76
CAGGGTGATGCGGAATACCG_013,153
CAGGGTGATGCGGAATACCG_014,168
CAGGGTGATGCGGAATACCG_015,17
CAGGGTGATGCGGAATACCG_016,2
CAGGGTGATGCGGAATACCG_017,121
CAGGGTGATGCGGAATACCG_018,75
CATTGCATTTATCAAGACCG_001,58
CATTGCATTTATCAAGACCG_002,166
CATTGCATTTATCAAGACCG_003,57
CATTGCATTTATCAAGACCG_004,9
CATTGCATTTATCAAGACCG_005,28
CATTGCATTTATCAAGACCG_006,130
CATTGCATTTATCAAGACCG_007,37
CATTGCATTTATCAAGACCG_008,196
CATTGCATTTATCAAGACCG_009,28
CATTGCATTTATCAAGACCG_010,147
CTGGATCCCCACAACACACA_001,15
CTGGATCCCCACAACACACA_002,199
CTGGATCCCCACAACACACA_003,83
CTGGATCCCCACAACACACA_004,32
CTGGATCCCCACAACACACA_005,1
CTGGATCCCCACAACACACA_006,132
CTGGATCCCCACAACACACA_007,43
CTGGATCCCCACAACACACA_008,166
CTGGATCCCCACAACACACA_009,48
CTGGATCCCCACAACACACA_010,43
CTGGATCCCCACAACACACA_011,34
CTGGATCCCCACAACACACA_012,25
CTGGATCCCCACAACACACA_013,77
CTGGATCCCCACAACACACA_014,56
CTGGATCCCCACAACACACA_015,86
CTGGATCCCCACAACACACA_016,116
CTGGATCCCCACAACACACA_017,115
CTGGATCCCCACAACACACA_018,33
CTGGATCCCCACAACACACA_019,116
CTGGATCCCCACAACACACA_020,80
CTGGATCCCCACAACACACA_021,112
CTGGATCCCCACAACACACA_022,170
CTGGATCCCCACAACACACA_023,117
CTGGATCCCCACAACACACA_024,140
CTGGATCCCCACAACACACA_025,34
CTGGATCCCCACAACACACA_026,166
CTGGATCCCCACAACACACA_027,65
CTGGATCCCCACAACACACA_028,138
CTGGATCCCCACAACACACA_029,10
CTGGATCCCCACAACACACA_030,77
CTGGATCCCCACAACACACA_031,103
CTGGATCCCCACAACACACA_032,123
CTGGATCCCCACAACACACA_033,60
CTGGATCCCCACAACACACA_034,13
CTGGATCCCCACAACACACA_035,0
CTGGATCCCCACAACACACA_036,178
CTGGATCCCCACAACACACA_037,160
TGCTGCTCTTACCGAAGTGT_001,147
AAAAACACTCACCTTACGGA_001,1
AAAAACACTCACCTTACGGA_002,160
AAAAACACTCACCTTACGGA_003,48
AAAAACACTCACCTTACGGA_004,169
AAAAACACTCACCTTACGGA_005,40
AAAAACACTCACCTTACGGA_006,112
AAAAACACTCACCTTACGGA_007,128
AAAAACACTCACCTTACGGA_008,45
AAAAACACTCACCTTACGGA_009,27
GCTGCCAATATGGATACTGT_001,19
GCTGCCAATATGGATACTGT_002,83
GCTGCCAATATGGATACTGT_003,66
GCTGCCAATATGGATACTGT_004,0
ATACTGCTCCCGAATGTACG_001,121
ATACTGCTCCCGAATGTACG_002,145
ATACTGCTCCCGAATGTACG_003,78
ATACTGCTCCCGAATGTACG_004,139
ATACTGCTCCCGAATGTACG_005,22
ATACTGCTCCCGAATGTACG_006,35
ATACTGCTCCCGAATGTACG_007,1
ATACTGCTCCCGAATGTACG_008,75
ATACTGCTCCCGAATGTACG_009,101
ATACTGCTCCCGAATGTACG_010,140
ATACTGCTCCCGAATGTACG_011,11
ATACTGCTCCCGAATGTACG_012,11
ATACTGCTCCCGAATGTACG_013,52
ATACTGCTCCCGAATGTACG_014,195
ATACTGCTCCCGAATGTACG_015,24
ATACTGCTCCCGAATGTACG_016,158
GCTGATACAGCTCATCAATG_001,165
GCTGATACAGCTCATCAATG_002,131
GCTGATACAGCTCATCAATG_003,117
GCTGATACAGCTCATCAATG_004,49
GCTGATACAGCTCATCAATG_005,62
GCTGATACAGCTCATCAATG_006,28
GCTGATACAGCTCATCAATG_007,94
GCTGATACAGCTCATCAATG_008,1
GCTGATACAGCTCATCAATG_009,157
GCTGATACAGCTCATCAATG_010,55
GCTGATACAGCTCATCAATG_011,57
GCTGATACAGCTCATCAATG_012,133
AGAGAGGGCAGCAAACCGCG_001,12
AGAGAGGGCAGCAAACCGCG_002,55
AGAGAGGGCAGCAAACCGCG_003,65
AGAGAGGGCAGCAAACCGCG_004,154
AGAGAGGGCAGCAAACCGCG_005,51
AGAGAGGGCAGCAAACCGCG_006,190
AGAGAGGGCAGCAAACCGCG_007,72
AGAGAGGGCAGCAAACCGCG_008,158
AGAGAGGGCAGCAAACCGCG_009,88
AGAGAGGGCAGCAAACCGCG_010,149
AGAGAGGGCAGCAAACCGCG_011,119
AGAGAGGGCAGCAAACCGCG_012,84
AGAGAGGGCAGCAAACCGCG_013,62
AGAGAGGGCAGCAAACCGCG_014,129
AGAGAGGGCAGCAAACCGCG_015,14
AGAGAGGGCAGCAAACCGCG_016,162
AGAGAGGGCAGCAAACCGCG_017,41
AGAGAGGGCAGCAAACCGCG_018,11
GGATATAACTGAGAACCTCG_001,152
GGATATAACTGAGAACCTCG_002,29
GGATATAACTGAGAACCTCG_003,140
GGATATAACTGAGAACCTCG_004,55
AGATGGCTACATTTCCAACG_001,4
AGATGGCTACATTTCCAACG_002,29
AGATGGCTACATTTCCAACG_003,64
AGATGGCTACATTTCCAACG_004,10
AGATGGCTACATTTCCAACG_005,168
TTGAAAGCTCGAGAACATTT_001,2
TTGAAAGCTCGAGAACATTT_002,58
TTGAAAGCTCGAGAACATTT_003,172
TTGAAAGCTCGAGAACATTT_004,158
TTGAAAGCTCGAGAACATTT_005,2
CAGACTAAGCGTCGTCACGT_001,12
CAGACTAAGCGTCGTCACGT_002,102
CAGACTAAGCGTCGTCACGT_003,56
CAGACTAAGCGTCGTCACGT_004,121
CAGACTAAGCGTCGTCACGT_005,42
CAGACTAAGCGTCGTCACGT_006,58
CAGACTAAGCGTCGTCACGT_007,41
CAGACTAAGCGTCGTCACGT_008,131
CAGACTAAGCGTCGTCACGT_009,48
CAGACTAAGCGTCGTCACGT_010,174
CAGACTAAGCGTCGTCACGT_011,121
CAGACTAAGCGTCGTCACGT_012,1
CAGACTAAGCGTCGTCACGT_013,16
CAGACTAAGCGTCGTCACGT_014,100
TGACTTTGGATTTCCTCAGG_001,88
TGACTTTGGATTTCCTCAGG_002,9
TGACTTTGGATTTCCTCAGG_003,171
CAGAGAGGCCTTACCTACAA_001,54
CAGAGAGGCCTTACCTACAA_002,149
CAGAGAGGCCTTACCTACAA_003,98
CAGAGAGGCCTTACCTACAA_004,133
CAGAGAGGCCTTACCTACAA_005,113
AGTTTCCATACCCTTTGCAG_001,15
AGTTTCCATACCCTTTGCAG_002,38
AGTTTCCATACCCTTTGCAG_003,101
AGTTTCCATACCCTTTGCAG_004,48
AGTTTCCATACCCTTTGCAG_005,125
CCACCAGCACTGAATTATCC_001,96
CCACCAGCACTGAATTATCC_002,81
CCACCAGCACTGAATTATCC_003,23
CCACCAGCACTGAATTATCC_004,154
AACTTACTGTTTGCATGCAT_001,68
AACTTACTGTTTGCATGCAT_002,121
AACTTACTGTTTGCATGCAT_003,144
AACTTACTGTTTGCATGCAT_004,182
AACTTACTGTTTGCATGCAT_005,150
AACTTACTGTTTGCATGCAT_006,81
AACTTACTGTTTGCATGCAT_007,124
AACTTACTGTTTGCATGCAT_008,15
AACTTACTGTTTGCATGCAT_009,126
AACTTACTGTTTGCATGCAT_010,195
AACTTACTGTTTGCATGCAT_011,186
AACTTACTGTTTGCATGCAT_012,50
AACTTACTGTTTGCATGCAT_013,84
AACTTACTGTTTGCATGCAT_014,67
AACTTACTGTTTGCATGCAT_015,10
AACTTACTGTTTGCATGCAT_016,78
AACTTACTGTTTGCATGCAT_017,142
CGGAGGAGGACAGCCGCGAA_001,135
CGGAGGAGGACAGCCGCGAA_002,9
CGGAGGAGGACAGCCGCGAA_003,60
CGGAGGAGGACAGCCGCGAA_004,62
CGGAGGAGGACAGCCGCGAA_005,141
CGGAGGAGGACAGCCGCGAA_006,36
CGGAGGAGGACAGCCGCGAA_007,24
CGGAGGAGGACAGCCGCGAA_008,187
CGGAGGAGGACAGCCGCGAA_009,34
CGGAGGAGGACAGCCGCGAA_010,199
CGGAGGAGGACAGCCGCGAA_011,148
CGGAGGAGGACAGCCGCGAA_012,85
CGGAGGAGGACAGCCGCGAA_013,98
CGGAGGAGGACAGCCGCGAA_014,27
CGGAGGAGGACAGCCGCGAA_015,3
CGGAGGAGGACAGCCGCGAA_016,59
CGGAGGAGGACAGCCGCGAA_017,57
CGGAGGAGGACAGCCGCGAA_018,15
CGGAGGAGGACAGCCGCGAA_019,61
CGGAGGAGGACAGCCGCGAA_020,127
CGGAGGAGGACAGCCGCGAA_021,67
CGGAGGAGGACAGCCGCGAA_022,172
CGGAGGAGGACAGCCGCGAA_023,18
CGGAGGAGGACAGCCGCGAA_024,0
CGGAGGAGGACAGCCGCGAA_025,29
CGGAGGAGGACAGCCGCGAA_026,113
CGGAGGAGGACAGCCGCGAA_027,34
CGGAGGAGGACAGCCGCGAA_028,127
CGGAGGAGGACAGCCGCGAA_029,140
CGGAGGAGGACAGCCGCGAA_030,17
CGGAGGAGGACAGCCGCGAA_031,126
CGGAGGAGGACAGCCGCGAA_032,66
CGGAGGAGGACAGCCGCGAA_033,63
CGGAGGAGGACAGCCGCGAA_034,131
CGGAGGAGGACAGCCGCGAA_035,78
CGGAGGAGGACAGCCGCGAA_036,19
CGGAGGAGGACAGCCGCGAA_037,123
TTTGCCACACAGATCACCCT_001,25
TTTGCCACACAGATCACCCT_002,176
TTTGCCACACAGATCACCCT_003,104
TTTGCCACACAGATCACCCT_004,84
TTTGCCACACAGATCACCCT_005,137
TTTGCCACACAGATCACCCT_006,155
TTTGCCACACAGATCACCCT_007,94
TTTGCCACACAGATCACCCT_008,61
TACAGATGCGAAACAGCGCA_001,172
TACAGATGCGAAACAGCGCA_002,123
TACAGATGCGAAACAGCGCA_003,1
TACAGATGCGAAACAGCGCA_004,74
TACAGATGCGAAACAGCGCA_005,6
TACAGATGCGAAACAGCGCA_006,48
TACAGATGCGAAACAGCGCA_007,125
TACAGATGCGAAACAGCGCA_008,4
TACAGATGCGAAACAGCGCA_009,34
GGAACACGATCCATCACCAG_001,10
GGAACACGATCCATCACCAG_002,157
GGAACACGATCCATCACCAG_003,127
GGAACACGATCCATCACCAG_004,119
TTCATGATTATGAGCATACA_001,16
TTCATGATTATGAGCATACA_002,145
TTCATGATTATGAGCATACA_003,5
TTCATGATTATGAGCATACA_004,94
TTCATGATTATGAGCATACA_005,172
GAATGGTGCCCAGAAGTCCT_001,50
GAATGGTGCCCAGAAGTCCT_002,106
GAATGGTGCCCAGAAGTCCT_003,68
GAATGGTGCCCAGAAGTCCT_004,92
GAATGGTGCCCAGAAGTCCT_005,17
GAATGGTGCCCAGAAGTCCT_006,58
GAATGGTGCCCAGAAGTCCT_007,16
GAATGGTGCCCAGAAGTCCT_008,124
GAATGGTGCCCAGAAGTCCT_009,50
GAATGGTGCCCAGAAGTCCT_010,143
GAATGGTGCCCAGAAGTCCT_011,143
GAATGGTGCCCAGAAGTCCT_012,70
GAATGGTGCCCAGAAGTCCT_013,19
GTGTTCTACAGCGTGAACGA_001,17
GTGTTCTACAGCGTGAACGA_002,16
GTGTTCTACAGCGTGAACGA_003,41
GTGTTCTACAGCGTGAACGA_004,45
GTGTTCTACAGCGTGAACGA_005,166
GTGTTCTACAGCGTGAACGA_006,103
GTGTTCTACAGCGTGAACGA_007,21
GTGTTCTACAGCGTGAACGA_008,188
GTGTTCTACAGCGTGAACGA_009,62
GTGTTCTACAGCGTGAACGA_010,56
GTGTTCTACAGCGTGAACGA_011,190
GTGTTCTACAGCGTGAACGA_012,122
GTGTTCTACAGCGTGAACGA_013,77
GTTCTGAAAGCGGTTCCGGG_001,83
GTTCTGAAAGCGGTTCCGGG_002,155
GTTCTGAAAGCGGTTCCGGG_003,197
GTTCTGAAAGCGGTTCCGGG_004,80
GTTCTGAAAGCGGTTCCGGG_005,106
GTTCTGAAAGCGGTTCCGGG_006,105
GTTCTGAAAGCGGTTCCGGG_007,127
GTTCTGAAAGCGGTTCCGGG_008,61
GTTCTGAAAGCGGTTCCGGG_009,148
GTTCTGAAAGCGGTTCCGGG_010,108
GTTCTGAAAGCGGTTCCGGG_011,94
GTTCTGAAAGCGGTTCCGGG_012,168
GTTCTGAAAGCGGTTCCGGG_013,121
GTTCTGAAAGCGGTTCCGGG_014,5
GTTCTGAAAGCGGTTCCGGG_015,146
GTTCTGAAAGCGGTTCCGGG_016,149
GTTCTGAAAGCGGTTCCGGG_017,60
GTTCTGAAAGCGGTTCCGGG_018,25
GTTCTGAAAGCGGTTCCGGG_019,67
GTTCTGAAAGCGGTTCCGGG_020,77
GTTCTGAAAGCGGTTCCGGG_021,174
GTTCTGAAAGCGGTTCCGGG_022,8
GTTCTGAAAGCGGTTCCGGG_023,84
GTTCTGAAAGCGGTTCCGGG_024,175
GTTCTGAAAGCGGTTCCGGG_025,184
GTTCTGAAAGCGGTTCCGGG_026,33
GTTCTGAAAGCGGTTCCGGG_027,102
GTTCTGAAAGCGGTTCCGGG_028,171
GTTCTGAAAGCGGTTCCGGG_029,161
GTTCTGAAAGCGGTTCCGGG_030,188
GTTCTGAAAGCGGTTCCGGG_031,77
GTTCTGAAAGCGGTTCCGGG_032,147
GTTCTGAAAGCGGTTCCGGG_033,137
GTTCTGAAAGCGGTTCCGGG_034,169
GTTCTGAAAGCGGTTCCGGG_035,84
GTTCTGAAAGCGGTTCCGGG_036,152
GTTCTGAAAGCGGTTCCGGG_037,41
GTTCTGAAAGCGGTTCCGGG_038,176
GTTCTGAAAGCGGTTCCGGG_039,23
GTTCTGAAAGCGGTTCCGGG_040,5
GTTCTGAAAGCGGTTCCGGG_041,81
GTTCTGAAAGCGGTTCCGGG_042,68
ATGAACCGGGCGGAGAACGG_001,170
ATGAACCGGGCGGAGAACGG_002,120
ATGAACCGGGCGGAGAACGG_003,12
ATGAACCGGGCGGAGAACGG_004,27
ATGAACCGGGCGGAGAACGG_005,68
ATGAACCGGGCGGAGAACGG_006,103
ATGAACCGGGCGGAGAACGG_007,108
ATGAACCGGGCGGAGAACGG_008,134
ATGAACCGGGCGGAGAACGG_009,184
ATGAACCGGGCGGAGAACGG_010,29
ATGAACCGGGCGGAGAACGG_011,106
ATGAACCGGGCGGAGAACGG_012,1
ATGAACCGGGCGGAGAACGG_013,33
AGAAGCTGGACAACCAGGGT_001,149
AGAAGCTGGACAACCAGGGT_002,76
AGAAGCTGGACAACCAGGGT_003,7
AGAAGCTGGACAACCAGGGT_004,50
AGAAGCTGGACAACCAGGGT_005,87
AGAAGCTGGACAACCAGGGT_006,70
AGAAGCTGGACAACCAGGGT_007,46
AGAAGCTGGACAACCAGGGT_008,161
AGAAGCTGGACAACCAGGGT_009,60
AGAAGCTGGACAACCAGGGT_010,172
AGAAGCTGGACAACCAGGGT_011,81
AGAAGCTGGACAACCAGGGT_012,15
AGAAGCTGGACAACCAGGGT_013,76
AGAAGCTGGACAACCAGGGT_014,177
AGAAGCTGGACAACCAGGGT_015,11
AGAAGCTGGACAACCAGGGT_016,34
AGAAGCTGGACAACCAGGGT_017,150
AGAAGCTGGACAACCAGGGT_018,166
AGAAGCTGGACAACCAGGGT_019,114
AGAAGCTGGACAACCAGGGT_020,114
AGAAGCTGGACAACCAGGGT_021,34
AGAAGCTGGACAACCAGGGT_022,16
AGAAGCTGGACAACCAGGGT_023,50
AGAAGCTGGACAACCAGGGT_024,113
AGAAGCTGGACAACCAGGGT_025,173
AGAAGCTGGACAACCAGGGT_026,173
AGAAGCTGGACAACCAGGGT_027,11
AGAAGCTGGACAACCAGGGT_028,49
AGAAGCTGGACAACCAGGGT_029,172
AGAAGCTGGACAACCAGGGT_030,116
AGAAGCTGGACAACCAGGGT_031,81
AGAAGCTGGACAACCAGGGT_032,67
AGAAGCTGGACAACCAGGGT_033,20
AGAAGCTTAATAGTGCTGAC_001,77
AGAAGCTTAATAGTGCTGAC_002,50
AGAAGCTTAATAGTGCTGAC_003,169
AGAAGCTTAATAGTGCTGAC_004,15
AGAAGCTTAATAGTGCTGAC_005,28
AGAAGCTTAATAGTGCTGAC_006,62
ACGTTCGAGTACGACCAGCT_001,81
ACGTTCGAGTACGACCAGCT_002,142
ACGTTCGAGTACGACCAGCT_003,94
ACGTTCGAGTACGACCAGCT_004,169
ACGTTCGAGTACGACCAGCT_005,107
ACGTTCGAGTACGACCAGCT_006,158
ACGTTCGAGTACGACCAGCT_007,54
ACGTTCGAGTACGACCAGCT_008,193
ACGTTCGAGTACGACCAGCT_009,113
ACGTTCGAGTACGACCAGCT_010,169
ACGTTCGAGTACGACCAGCT_011,94
ACGTTCGAGTACGACCAGCT_012,17
ACGTTCGAGTACGACCAGCT_013,144
ACGTTCGAGTACGACCAGCT_014,149
ACGTTCGAGTACGACCAGCT_015,88
ACGTTCGAGTACGACCAGCT_016,25
ACGTTCGAGTACGACCAGCT_017,1
ACGTTCGAGTACGACCAGCT_018,1
ACGTTCGAGTACGACCAGCT_019,22
ACGTTCGAGTACGACCAGCT_020,144
ACGTTCGAGTACGACCAGCT_021,82
ACGTTCGAGTACGACCAGCT_022,87
ACGTTCGAGTACGACCAGCT_023,54
ACGTTCGAGTACGACCAGCT_024,48
ACGTTCGAGTACGACCAGCT_025,188
ACGTTCGAGTACGACCAGCT_026,152
ACGTTCGAGTACGACCAGCT_027,168
ACGTTCGAGTACGACCAGCT_028,96
GCCATGCTCAACCTGCACGA_001,88
GCCATGCTCAACCTGCACGA_002,90
GCCATGCTCAACCTGCACGA_003,14
GCCATGCTCAACCTGCACGA_004,181
GCCATGCTCAACCTGCACGA_005,180
GCCATGCTCAACCTGCACGA_006,152
GCCATGCTCAACCTGCACGA_007,134
GCCATGCTCAACCTGCACGA_008,41
GCCATGCTCAACCTGCACGA_009,17
GCCATGCTCAACCTGCACGA_010,115
GCCATGCTCAACCTGCACGA_011,38
GCCATGCTCAACCTGCACGA_012,1
GCCATGCTCAACCTGCACGA_013,9
GCCATGCTCAACCTGCACGA_014,85
GCCATGCTCAACCTGCACGA_015,147
GCCATGCTCAACCTGCACGA_016,39
GCCATGCTCAACCTGCACGA_017,130
GCCATGCTCAACCTGCACGA_018,62
GCCATGCTCAACCTGCACGA_019,34
GCCATGCTCAACCTGCACGA_020,81
GCCATGCTCAACCTGCACGA_021,104
GCCATGCTCAACCTGCACGA_022,23
GGGGACGGGTAGTACTGAGC_001,130
GGGGACGGGTAGTACTGAGC_002,190
GGGGACGGGTAGTACTGAGC_003,88
GGGGACGGGTAGTACTGAGC_004,116
GGGGACGGGTAGTACTGAGC_005,153
CCCCAGTGGCCCGAAGAAGA_001,11
CCCCAGTGGCCCGAAGAAGA_002,61
CCCCAGTGGCCCGAAGAAGA_003,60
CCCCAGTGGCCCGAAGAAGA_004,134
CCCCAGTGGCCCGAAGAAGA_005,45
CCCCAGTGGCCCGAAGAAGA_006,188
CCCCAGTGGCCCGAAGAAGA_007,82
CCCCAGTGGCCCGAAGAAGA_008,134
CCCCAGTGGCCCGAAGAAGA_009,60
CCCCAGTGGCCCGAAGAAGA_010,36
CCCCAGTGGCCCGAAGAAGA_011,6
CCCCAGTGGCCCGAAGAAGA_012,160
CCCCAGTGGCCCGAAGAAGA_013,196
CCCCAGTGGCCCGAAGAAGA_014,17
CCCCAGTGGCCCGAAGAAGA_015,178
CCCCAGTGGCCCGAAGAAGA_016,111
CCCCAGTGGCCCGAAGAAGA_017,28
CCCCAGTGGCCCGAAGAAGA_018,48
CCCCAGTGGCCCGAAGAAGA_019,134
CCCCAGTGGCCCGAAGAAGA_020,138
CCCCAGTGGCCCGAAGAAGA_021,132
CCCCAGTGGCCCGAAGAAGA_022,104
TTACACAGTCAAAGCAAACC_001,11
TTACACAGTCAAAGCAAACC_002,63
TTACACAGTCAAAGCAAACC_003,170
TTACACAGTCAAAGCAAACC_004,194
TTACACAGTCAAAGCAAACC_005,53
TTACACAGTCAAAGCAAACC_006,168
TTACACAGTCAAAGCAAACC_007,42
TTACACAGTCAAAGCAAACC_008,116
TTACACAGTCAAAGCAAACC_009,17
TTACACAGTCAAAGCAAACC_010,134
TTACACAGTCAAAGCAAACC_011,10
TTACACAGTCAAAGCAAACC_012,105
CACAACTGTATCAAACTCGT_001,48
CACAACTGTATCAAACTCGT_002,74
CACAACTGTATCAAACTCGT_003,75
CACAACTGTATCAAACTCGT_004,75
CACAACTGTATCAAACTCGT_005,155
CACAACTGTATCAAACTCGT_006,2
CCCGAAGAAAGGCTCCAAGA_001,72
CCCGAAGAAAGGCTCCAAGA_002,29
CCCGAAGAAAGGCTCCAAGA_003,155
GTTATATACTTACATTCACT_001,121
ATAGCCTTGCAATGTTGGCG_001,27
ATAGCCTTGCAATGTTGGCG_002,94
ATAGCCTTGCAATGTTGGCG_003,151
ATAGCCTTGCAATGTTGGCG_004,77
ATAGCCTTGCAATGTTGGCG_005,162
ATAGCCTTGCAATGTTGGCG_006,192
ATAGCCTTGCAATGTTGGCG_007,77
ATAGCCTTGCAATGTTGGCG_008,43
ATAGCCTTGCAATGTTGGCG_009,107
ATAGCCTTGCAATGTTGGCG_010,49
TCAGGAAACTATGTCTCACA_001,105
TCAGGAAACTATGTCTCACA_002,77
GAAAAGACAGTGATAAGTCC_001,80
GAAAAGACAGTGATAAGTCC_002,136
TGAACAAACTGAACTGTCTG_001,49
TGAACAAACTGAACTGTCTG_002,183
TGAACAAACTGAACTGTCTG_003,65
TGAACAAACTGAACTGTCTG_004,114
TGAACAAACTGAACTGTCTG_005,114
TGAACAAACTGAACTGTCTG_006,66
TGAACAAACTGAACTGTCTG_007,198
TGAACAAACTGAACTGTCTG_008,131
TGAACAAACTGAACTGTCTG_009,180
TGAACAAACTGAACTGTCTG_010,130
TGAACAAACTGAACTGTCTG_011,174
TGAACAAACTGAACTGTCTG_012,73
TGGACATGATGGACTTGCCC_001,142
CCACAAACCCTACCACACGC_001,41
CCACAAACCCTACCACACGC_002,199
CCACAAACCCTACCACACGC_003,1
CCACAAACCCTACCACACGC_004,9
CCACAAACCCTACCACACGC_005,91
CCACAAACCCTACCACACGC_006,84
CCACAAACCCTACCACACGC_007,172
CCACAAACCCTACCACACGC_008,69
CCACAAACCCTACCACACGC_009,33
CCACAAACCCTACCACACGC_010,172
CCACAAACCCTACCACACGC_011,35
CCACAAACCCTACCACACGC_012,137
CCACAAACCCTACCACACGC_013,150
CCACAAACCCTACCACACGC_014,126
CTTGAGCGTAGGGACATGCG_001,78
CTTGAGCGTAGGGACATGCG_002,15
CTTGAGCGTAGGGACATGCG_003,83
CTTGAGCGTAGGGACATGCG_004,15
CTTGAGCGTAGGGACATGCG_005,168
CTTGAGCGTAGGGACATGCG_006,43
TTGGACCGAAATCACCTCGG_001,22
TTGGACCGAAATCACCTCGG_002,119
TTGGACCGAAATCACCTCGG_003,122
TTGGACCGAAATCACCTCGG_004,67
TTGGACCGAAATCACCTCGG_005,96
TTGGACCGAAATCACCTCGG_006,103
TTGGACCGAAATCACCTCGG_007,34
TTGGACCGAAATCACCTCGG_008,137
TTGGACCGAAATCACCTCGG_009,144
TTGGACCGAAATCACCTCGG_010,162
TTGGACCGAAATCACCTCGG_011,9
TTGGACCGAAATCACCTCGG_012,180
ATGGGCCTCAATCAGAATCG_001,187
ATGGGCCTCAATCAGAATCG_002,25
ATGGGCCTCAATCAGAATCG_003,140
ATGGGCCTCAATCAGAATCG_004,74
ATGGGCCTCAATCAGAATCG_005,80
ATGGGCCTCAATCAGAATCG_006,178
ATGGGCCTCAATCAGAATCG_007,62
TGGCGCGGTTTGGGAACCCG_001,95
TGGCGCGGTTTGGGAACCCG_002,95
TGGCGCGGTTTGGGAACCCG_003,29
TGGCGCGGTTTGGGAACCCG_004,145
TGGCGCGGTTTGGGAACCCG_005,104
TGGCGCGGTTTGGGAACCCG_006,121
TGGCGCGGTTTGGGAACCCG_007,29
TGGCGCGGTTTGGGAACCCG_008,48
TGGCGCGGTTTGGGAACCCG_009,98
TGGCGCGGTTTGGGAACCCG_010,104
TGGCGCGGTTTGGGAACCCG_011,34
TGGCGCGGTTTGGGAACCCG_012,104
TGGCGCGGTTTGGGAACCCG_013,2
TGGCGCGGTTTGGGAACCCG_014,36
TGGCGCGGTTTGGGAACCCG_015,54
TGGCGCGGTTTGGGAACCCG_016,9
TGGCGCGGTTTGGGAACCCG_017,61
TGGCGCGGTTTGGGAACCCG_018,63
TTGCAGGAGTGGTTTCACAA_001,105
TTGCAGGAGTGGTTTCACAA_002,62
TTGCAGGAGTGGTTTCACAA_003,102
TTGCAGGAGTGGTTTCACAA_004,77
TTGCAGGAGTGGTTTCACAA_005,171
TTGCAGGAGTGGTTTCACAA_006,91
TTGCAGGAGTGGTTTCACAA_007,171
TTGCAGGAGTGGTTTCACAA_008,83
TTGCAGGAGTGGTTTCACAA_009,195
TTGCAGGAGTGGTTTCACAA_010,78
TTGCAGGAGTGGTTTCACAA_011,60
TTGCAGGAGTGGTTTCACAA_012,102
TTGCAGGAGTGGTTTCACAA_013,137
TTGCAGGAGTGGTTTCACAA_014,137
TTGCAGGAGTGGTTTCACAA_015,68
TTGCAGGAGTGGTTTCACAA_016,199
TTGCAGGAGTGGTTTCACAA_017,2
TTGCAGGAGTGGTTTCACAA_018,88
TTGCAGGAGTGGTTTCACAA_019,21
TTGCAGGAGTGGTTTCACAA_020,10
TTGCAGGAGTGGTTTCACAA_021,163
TTGCAGGAGTGGTTTCACAA_022,127
GGGTACGGGGAGAAGTACCA_001,102
GGGTACGGGGAGAAGTACCA_002,138
GGGTACGGGGAGAAGTACCA_003,93
GGGTACGGGGAGAAGTACCA_004,153
AAAAGAGAAAGCCGACCGGG_001,172
AAAAGAGAAAGCCGACCGGG_002,58
AAAAGAGAAAGCCGACCGGG_003,199
AAAAGAGAAAGCCGACCGGG_004,25
AAAAGAGAAAGCCGACCGGG_005,2
AAAAGAGAAAGCCGACCGGG_006,169
AAAAGAGAAAGCCGACCGGG_007,170
AAAAGAGAAAGCCGACCGGG_008,154
AAAAGAGAAAGCCGACCGGG_009,8
AAAAGAGAAAGCCGACCGGG_010,61
AAAAGAGAAAGCCGACCGGG_011,188
AAAAGAGAAAGCCGACCGGG_012,166
AAAAGAGAAAGCCGACCGGG_013,70
AAAAGAGAAAGCCGACCGGG_014,177
AAAAGAGAAAGCCGACCGGG_015,115
AAAAGAGAAAGCCGACCGGG_016,155
AAAAGAGAAAGCCGACCGGG_017,183
AAAAGAGAAAGCCGACCGGG_018,8
AAAAGAGAAAGCCGACCGGG_019,46
AAAAGAGAAAGCCGACCGGG_020,166
AAAAGAGAAAGCCGACCGGG_021,2
AAAAGAGAAAGCCGACCGGG_022,105
AAAAGAGAAAGCCGACCGGG_023,96
CAGCCCTTACGAAACATGAA_001,61
CAGCCCTTACGAAACATGAA_002,92
CAGCCCTTACGAAACATGAA_003,38
CAGCCCTTACGAAACATGAA_004,141
CAGCCCTTACGAAACATGAA_005,175
CAGCCCTTACGAAACATGAA_006,188
CAGCCCTTACGAAACATGAA_007,124
CAGCCCTTACGAAACATGAA_008,190
CAGCCCTTACGAAACATGAA_009,122
CAGCCCTTACGAAACATGAA_010,150
CAGCCCTTACGAAACATGAA_011,16
CAGCCCTTACGAAACATGAA_012,50
CAGCCCTTACGAAACATGAA_013,15
AGAAACCCGAGTGCAAAGTC_001,34
AGAAACCCGAGTGCAAAGTC_002,77
AGAAACCCGAGTGCAAAGTC_003,82
AGAAACCCGAGTGCAAAGTC_004,88
AGAAACCCGAGTGCAAAGTC_005,52
AGAAACCCGAGTGCAAAGTC_006,47
AGAAACCCGAGTGCAAAGTC_007,78
AGAAACCCGAGTGCAAAGTC_008,85
AGAAACCCGAGTGCAAAGTC_009,24
AGAAACCCGAGTGCAAAGTC_010,27
AGAAACCCGAGTGCAAAGTC_011,28
AGAAACCCGAGTGCAAAGTC_012,30
AGAAACCCGAGTGCAAAGTC_013,119
AGAAACCCGAGTGCAAAGTC_014,169
AGAAACCCGAGTGCAAAGTC_015,45
AGAAACCCGAGTGCAAAGTC_016,174
AGAAACCCGAGTGCAAAGTC_017,147
AGAAACCCGAGTGCAAAGTC_018,98
AGAAACCCGAGTGCAAAGTC_019,40
AGAAACCCGAGTGCAAAGTC_020,16
AGAAACCCGAGTGCAAAGTC_021,38
AGAAACCCGAGTGCAAAGTC_022,199
AGAAACCCGAGTGCAAAGTC_023,106
CAGAACACACGGGAGTGCCA_001,147
CAGAACACACGGGAGTGCCA_002,183
CAGAACACACGGGAGTGCCA_003,112
CAGAACACACGGGAGTGCCA_004,197
CAGAACACACGGGAGTGCCA_005,158
CAGAACACACGGGAGTGCCA_006,107
CAGAACACACGGGAGTGCCA_007,149
CAGAACACACGGGAGTGCCA_008,134
CAGAACACACGGGAGTGCCA_009,148
CAGAACACACGGGAGTGCCA_010,51
CAGAACACACGGGAGTGCCA_011,191
CAGAACACACGGGAGTGCCA_012,123
CAGAACACACGGGAGTGCCA_013,74
CAGAACACACGGGAGTGCCA_014,33
CAGAACACACGGGAGTGCCA_015,148
CAGAACACACGGGAGTGCCA_016,86
CAGAACACACGGGAGTGCCA_017,120
CAGAACACACGGGAGTGCCA_018,44
CAGAACACACGGGAGTGCCA_019,113
CAGAACACACGGGAGTGCCA_020,117
CAGAACACACGGGAGTGCCA_021,149
CAGAACACACGGGAGTGCCA_022,145
CAGAACACACGGGAGTGCCA_023,134
CAGAACACACGGGAGTGCCA_024,59
CAGAACACACGGGAGTGCCA_025,18
CAGAACACACGGGAGTGCCA_026,83
CAGAACACACGGGAGTGCCA_027,174
CAGAACACACGGGAGTGCCA_028,30
CAGAACACACGGGAGTGCCA_029,147
CAGAACACACGGGAGTGCCA_030,69
CAGAACACACGGGAGTGCCA_031,193
CAGAACACACGGGAGTGCCA_032,112
CAGAACACACGGGAGTGCCA_033,94
CAGAACACACGGGAGTGCCA_034,30
CAGAACACACGGGAGTGCCA_035,162
CAGAACACACGGGAGTGCCA_036,156
CAGAACACACGGGAGTGCCA_037,124
CAGAACACACGGGAGTGCCA_038,121
CAGAACACACGGGAGTGCCA_039,154
CAGAACACACGGGAGTGCCA_040,2
CTCACCAACAGGTACTTCGG_001,62
CTCACCAACAGGTACTTCGG_002,40
CTCACCAACAGGTACTTCGG_003,58
CTCACCAACAGGTACTTCGG_004,105
CTCACCAACAGGTACTTCGG_005,83
CTCACCAACAGGTACTTCGG_006,198
CTCACCAACAGGTACTTCGG_007,8
CTCACCAACAGGTACTTCGG_008,84
GCAGGCGACTGAGACAGCAA_001,166
GCAGGCGACTGAGACAGCAA_002,128
GCAGGCGACTGAGACAGCAA_003,192
AGTACTCCACGTTGCGTACG_001,65
AGTACTCCACGTTGCGTACG_002,198
AGTACTCCACGTTGCGTACG_003,189
AGTACTCCACGTTGCGTACG_004,103
AGTACTCCACGTTGCGTACG_005,33
AGTACTCCACGTTGCGTACG_006,95
AGTACTCCACGTTGCGTACG_007,120
AGTACTCCACGTTGCGTACG_008,163
AGTACTCCACGTTGCGTACG_009,98
AGTACTCCACGTTGCGTACG_010,22
AGTACTCCACGTTGCGTACG_011,144
AGTACTCCACGTTGCGTACG_012,124
AGTACTCCACGTTGCGTACG_013,27
TCCTTGCGATGTACTCGTCG_001,76
TCCTTGCGATGTACTCGTCG_002,128
TCCTTGCGATGTACTCGTCG_003,109
TCCTTGCGATGTACTCGTCG_004,68
TCCTTGCGATGTACTCGTCG_005,144
TCCTTGCGATGTACTCGTCG_006,14
TCGATGGCATGACCTACCCA_001,63
TCGATGGCATGACCTACCCA_002,166
TCGATGGCATGACCTACCCA_003,54
TCGATGGCATGACCTACCCA_004,104
TCGATGGCATGACCTACCCA_005,33
TCGATGGCATGACCTACCCA_006,102
TCGATGGCATGACCTACCCA_007,193
TCGATGGCATGACCTACCCA_008,80
TCGATGGCATGACCTACCCA_009,77
TCGATGGCATGACCTACCCA_010,138
TCGATGGCATGACCTACCCA_011,46
TCGATGGCATGACCTACCCA_012,106
GCCACCCTCTTGTTCCTCCA_001,191
GCCACCCTCTTGTTCCTCCA_002,169
GCCACCCTCTTGTTCCTCCA_003,128
GCCACCCTCTTGTTCCTCCA_004,175
GCCACCCTCTTGTTCCTCCA_005,166
GCCACCCTCTTGTTCCTCCA_006,146
GTAGACACCCAGGTCAACAC_001,102
GTAGACACCCAGGTCAACAC_002,154
GTAGACACCCAGGTCAACAC_003,191
GTAGACACCCAGGTCAACAC_004,198
GTAGACACCCAGGTCAACAC_005,169
GTAGACACCCAGGTCAACAC_006,65
GTAGACACCCAGGTCAACAC_007,20
GTAGACACCCAGGTCAACAC_008,192
GTAGACACCCAGGTCAACAC_009,149
GTAGACACCCAGGTCAACAC_010,16
GTAGACACCCAGGTCAACAC_011,148
GTAGACACCCAGGTCAACAC_012,78
GTAGACACCCAGGTCAACAC_013,178
GTAGACACCCAGGTCAACAC_014,154
GTAGACACCCAGGTCAACAC_015,144
GTAGACACCCAGGTCAACAC_016,37
GTAGACACCCAGGTCAACAC_017,105
GTAGACACCCAGGTCAACAC_018,6
CGCTGCTCTACCTCACGCTG_001,135
CGCTGCTCTACCTCACGCTG_002,7
CGCTGCTCTACCTCACGCTG_003,106
CGCTGCTCTACCTCACGCTG_004,63
CGCTGCTCTACCTCACGCTG_005,114
CGCTGCTCTACCTCACGCTG_006,71
CGCTGCTCTACCTCACGCTG_007,123
CGCTGCTCTACCTCACGCTG_008,69
CGCTGCTCTACCTCACGCTG_009,62
CGCTGCTCTACCTCACGCTG_010,11
AGAAACCATCCAGCCCAAGG_001,93
AGAAACCATCCAGCCCAAGG_002,171
AGAAACCATCCAGCCCAAGG_003,88
AGAAACCATCCAGCCCAAGG_004,4
AGAAACCATCCAGCCCAAGG_005,69
AGAAACCATCCAGCCCAAGG_006,88
AGAAACCATCCAGCCCAAGG_007,178
TGATAGGCAGTGGAACACTG_001,0
TGATAGGCAGTGGAACACTG_002,149
TGATAGGCAGTGGAACACTG_003,197
TGATAGGCAGTGGAACACTG_004,120
TGATAGGCAGTGGAACACTG_005,177
TGATAGGCAGTGGAACACTG_006,139
TGATAGGCAGTGGAACACTG_007,48
TGATAGGCAGTGGAACACTG_008,54
TGATAGGCAGTGGAACACTG_009,44
TGATAGGCAGTGGAACACTG_010,141
TGATAGGCAGTGGAACACTG_011,111
TGATAGGCAGTGGAACACTG_012,148
TGATAGGCAGTGGAACACTG_013,42
TGATAGGCAGTGGAACACTG_014,62
TGATAGGCAGTGGAACACTG_015,148
TGATAGGCAGTGGAACACTG_016,1
TGATAGGCAGTGGAACACTG_017,145
TGATAGGCAGTGGAACACTG_018,140
TGATAGGCAGTGGAACACTG_019,105
TGATAGGCAGTGGAACACTG_020,143
ACGGTCAGCACTCAACCAGA_001,22
ACGGTCAGCACTCAACCAGA_002,107
ACGGTCAGCACTCAACCAGA_003,15
ACGGTCAGCACTCAACCAGA_004,31
ACGGTCAGCACTCAACCAGA_005,101
ACGGTCAGCACTCAACCAGA_006,43
ACGGTCAGCACTCAACCAGA_007,166
ACGGTCAGCACTCAACCAGA_008,63
ACGGTCAGCACTCAACCAGA_009,150
GGTAGTAAGAATAGTTACCA_001,57
TCATGCAAGGAAACATAAGT_001,172
TCATGCAAGGAAACATAAGT_002,177
TCATGCAAGGAAACATAAGT_003,92
TCATGCAAGGAAACATAAGT_004,9
TCATGCAAGGAAACATAAGT_005,63
TCATGCAAGGAAACATAAGT_006,45
TCATGCAAGGAAACATAAGT_007,107
TCATGCAAGGAAACATAAGT_008,34
ATACCTGAATGGAAGATAGG_001,15
ATACCTGAATGGAAGATAGG_002,23
ATACCTGAATGGAAGATAGG_003,34
ATACCTGAATGGAAGATAGG_004,72
ATACCTGAATGGAAGATAGG_005,184
ATACCTGAATGGAAGATAGG_006,156
ATACCTGAATGGAAGATAGG_007,127
ATACCTGAATGGAAGATAGG_008,113
ATACCTGAATGGAAGATAGG_009,98
ATACCTGAATGGAAGATAGG_010,182
ATACCTGAATGGAAGATAGG_011,56
ATACCTGAATGGAAGATAGG_012,108
ATACCTGAATGGAAGATAGG_013,165
ATACCTGAATGGAAGATAGG_014,42
ATACCTGAATGGAAGATAGG_015,145
ATACCTGAATGGAAGATAGG_016,107
ATACCTGAATGGAAGATAGG_017,37
ATACCTGAATGGAAGATAGG_018,158
ATACCTGAATGGAAGATAGG_019,129
ATACCTGAATGGAAGATAGG_020,169
ATACCTGAATGGAAGATAGG_021,100
ATACCTGAATGGAAGATAGG_022,100
ATACCTGAATGGAAGATAGG_023,48
ATACCTGAATGGAAGATAGG_024,166
ATACCTGAATGGAAGATAGG_025,107
ATACCTGAATGGAAGATAGG_026,115
ATACCTGAATGGAAGATAGG_027,161
ATACCTGAATGGAAGATAGG_028,75
ATACCTGAATGGAAGATAGG_029,116
ATACCTGAATGGAAGATAGG_030,34
ATACCTGAATGGAAGATAGG_031,48
TTGCATCATAGAGGGCATAG_001,155
TTGCATCATAGAGGGCATAG_002,15
TTGCATCATAGAGGGCATAG_003,30
TTGCATCATAGAGGGCATAG_004,10
TTGCATCATAGAGGGCATAG_005,170
TTGCATCATAGAGGGCATAG_006,184
TTGCATCATAGAGGGCATAG_007,118
TTGCATCATAGAGGGCATAG_008,199
TTGCATCATAGAGGGCATAG_009,17
AAGCGTAAGAGTTTGTACTG_001,158
AAGCGTAAGAGTTTGTACTG_002,162
AAGCGTAAGAGTTTGTACTG_003,149
AAGCGTAAGAGTTTGTACTG_004,41
AAGCGTAAGAGTTTGTACTG_005,129
AAGCGTAAGAGTTTGTACTG_006,195
AAGCGTAAGAGTTTGTACTG_007,140
AAGCGTAAGAGTTTGTACTG_008,145
AAGCGTAAGAGTTTGTACTG_009,18
CCATACCTTCCTGTCTACGG_001,129
CCATACCTTCCTGTCTACGG_002,101
CCATACCTTCCTGTCTACGG_003,41
CCATACCTTCCTGTCTACGG_004,116
CCATACCTTCCTGTCTACGG_005,170
GGGAGGACAGTATTCCACAA_001,114
GGGAGGACAGTATTCCACAA_002,64
GGGAGGACAGTATTCCACAA_003,116
GGGAGGACAGTATTCCACAA_004,196
GGGAGGACAGTATTCCACAA_005,95
ATCAAATTACCACAGAACTG_001,178
AGGTCGTAGATTCTTCAACG_001,76
AGGTCGTAGATTCTTCAACG_002,47
ATGGCGACATAGATCCAATG_001,138
ATGGCGACATAGATCCAATG_002,5
ATGGCGACATAGATCCAATG_003,159
ATGGCGACATAGATCCAATG_004,144
ATGGCGACATAGATCCAATG_005,142
ATGGCGACATAGATCCAATG_006,78
ATGGCGACATAGATCCAATG_007,14
ATGGCGACATAGATCCAATG_008,184
ATGGCGACATAGATCCAATG_009,197
ATGGCGACATAGATCCAATG_010,90
ATGGCGACATAGATCCAATG_011,143
ATGGCGACATAGATCCAATG_012,13
ATGGCGACATAGATCCAATG_013,106
CATCAACAACTCAAAACCCA_001,58
CATCAACAACTCAAAACCCA_002,199
CTCACCATGGCTCCTCAGGG_001,144
CTCACCATGGCTCCTCAGGG_002,76
CTCACCATGGCTCCTCAGGG_003,1
CTCACCATGGCTCCTCAGGG_004,56
CTCACCATGGCTCCTCAGGG_005,197
CTCACCATGGCTCCTCAGGG_006,76
CTCACCATGGCTCCTCAGGG_007,144
CTCACCATGGCTCCTCAGGG_008,173
CTCACCATGGCTCCTCAGGG_009,129
CTCACCATGGCTCCTCAGGG_010,198
CTCACCATGGCTCCTCAGGG_011,172
CTCACCATGGCTCCTCAGGG_012,109
CTCACCATGGCTCCTCAGGG_013,153
CTCACCATGGCTCCTCAGGG_014,98
CTCACCATGGCTCCTCAGGG_015,66
CTCACCATGGCTCCTCAGGG_016,165
TCCTAGCCAAGTCGGCCAAG_001,151
TCCTAGCCAAGTCGGCCAAG_002,185
TCCTAGCCAAGTCGGCCAAG_003,161
TCCTAGCCAAGTCGGCCAAG_004,69
TCCTAGCCAAGTCGGCCAAG_005,68
TCCTAGCCAAGTCGGCCAAG_006,29
TCCTAGCCAAGTCGGCCAAG_007,65
TCCTAGCCAAGTCGGCCAAG_008,159
TCCTAGCCAAGTCGGCCAAG_009,156
TCCTAGCCAAGTCGGCCAAG_010,32
TCCTAGCCAAGTCGGCCAAG_011,49
TCCTAGCCAAGTCGGCCAAG_012,153
TCCTAGCCAAGTCGGCCAAG_013,147
TCCTAGCCAAGTCGGCCAAG_014,184
TCCTAGCCAAGTCGGCCAAG_015,79
TAGACGGGACTTATCCTCTG_001,194
TAGACGGGACTTATCCTCTG_002,21
TAGACGGGACTTATCCTCTG_003,62
TAGACGGGACTTATCCTCTG_004,4
TAGACGGGACTTATCCTCTG_005,59
TAGACGGGACTTATCCTCTG_006,130
TAGACGGGACTTATCCTCTG_007,189
TAGACGGGACTTATCCTCTG_008,62
TAGACGGGACTTATCCTCTG_009,199
TAGACGGGACTTATCCTCTG_010,41
TAGACGGGACTTATCCTCTG_011,2
TAGACGGGACTTATCCTCTG_012,40
TAGACGGGACTTATCCTCTG_013,20
CAGGCGAGCAGGAGCAGTTG_001,191
CAGGCGAGCAGGAGCAGTTG_002,43
CAGGCGAGCAGGAGCAGTTG_003,60
CAGGCGAGCAGGAGCAGTTG_004,37
CAGGCGAGCAGGAGCAGTTG_005,184
CAGGCGAGCAGGAGCAGTTG_006,138
GAAACAGTGTTGGAAACGCG_001,78
GAAACAGTGTTGGAAACGCG_002,2
TAATAAAGTGAAGCAGCACT_001,15
TAATAAAGTGAAGCAGCACT_002,94
TAATAAAGTGAAGCAGCACT_003,185
TAATAAAGTGAAGCAGCACT_004,115
TAATAAAGTGAAGCAGCACT_005,12
TAATAAAGTGAAGCAGCACT_006,5
TAATAAAGTGAAGCAGCACT_007,44
TAATAAAGTGAAGCAGCACT_008,192
TAATAAAGTGAAGCAGCACT_009,78
TAATAAAGTGAAGCAGCACT_010,89
TAATAAAGTGAAGCAGCACT_011,192
TAATAAAGTGAAGCAGCACT_012,115
TAATAAAGTGAAGCAGCACT_013,2
TAATAAAGTGAAGCAGCACT_014,118
TAATAAAGTGAAGCAGCACT_015,3
CGAGTTACACGAGCCTTGCG_001,163
CGAGTTACACGAGCCTTGCG_002,139
CGAGTTACACGAGCCTTGCG_003,177
CGAGTTACACGAGCCTTGCG_004,65
CGAGTTACACGAGCCTTGCG_005,9
CGAGTTACACGAGCCTTGCG_006,155
CGAGTTACACGAGCCTTGCG_007,104
TCGCCTTGCAATCGTTGGAG_001,172
TCGCCTTGCAATCGTTGGAG_002,174
TCGCCTTGCAATCGTTGGAG_003,32
TCGCCTTGCAATCGTTGGAG_004,146
TCGCCTTGCAATCGTTGGAG_005,70
TCGCCTTGCAATCGTTGGAG_006,65
TCGCCTTGCAATCGTTGGAG_007,58
TCGCCTTGCAATCGTTGGAG_008,98
TCGCCTTGCAATCGTTGGAG_009,81
TCGCCTTGCAATCGTTGGAG_010,48
TCGCCTTGCAATCGTTGGAG_011,57
TCGCCTTGCAATCGTTGGAG_012,158
TCGCCTTGCAATCGTTGGAG_013,177
TCGCCTTGCAATCGTTGGAG_014,57
TCGCCTTGCAATCGTTGGAG_015,82
TCGCCTTGCAATCGTTGGAG_016,28
TCGCCTTGCAATCGTTGGAG_017,100
TGTATTCCAAGTGCTGACAA_001,2
TGTATTCCAAGTGCTGACAA_002,8
TGTATTCCAAGTGCTGACAA_003,112
TGTATTCCAAGTGCTGACAA_004,38
TGTATTCCAAGTGCTGACAA_005,153
ACAGTCCTCTCCGATTATGT_001,104
ACAGTCCTCTCCGATTATGT_002,26
ACAGTCCTCTCCGATTATGT_003,182
ACAGTCCTCTCCGATTATGT_004,129
ACAGTCCTCTCCGATTATGT_005,94
ACAGTCCTCTCCGATTATGT_006,120
ACAGTCCTCTCCGATTATGT_007,3
GAAGACGTCGTAGCAAACAT_001,15
GAAGACGTCGTAGCAAACAT_002,174
GAAGACGTCGTAGCAAACAT_003,148
GAAGACGTCGTAGCAAACAT_004,118
GAAGACGTCGTAGCAAACAT_005,150
GAAGACGTCGTAGCAAACAT_006,92
GAAGACGTCGTAGCAAACAT_007,132
GAAGACGTCGTAGCAAACAT_008,60
GAAGACGTCGTAGCAAACAT_009,177
GAAGACGTCGTAGCAAACAT_010,159
GAAGACGTCGTAGCAAACAT_011,48
GAAGACGTCGTAGCAAACAT_012,134
GAAGACGTCGTAGCAAACAT_013,168
GAAGACGTCGTAGCAAACAT_014,81
TGAACTAATTCGAAAAACAC_001,168
TGAACTAATTCGAAAAACAC_002,115
TGAACTAATTCGAAAAACAC_003,161
TGAACTAATTCGAAAAACAC_004,78
TGAACTAATTCGAAAAACAC_005,193
TGAACTAATTCGAAAAACAC_006,108
TGAACTAATTCGAAAAACAC_007,108
AGGGTAGCTGATCTTCTGTG_001,67
AGGGTAGCTGATCTTCTGTG_002,197
AGGGTAGCTGATCTTCTGTG_003,28
CAGCAGCAGTAGCGTCACGG_001,76
CAGCAGCAGTAGCGTCACGG_002,78
CAGCAGCAGTAGCGTCACGG_003,89
CAGCAGCAGTAGCGTCACGG_004,15
CAGCAGCAGTAGCGTCACGG_005,1
TGCAGGTGGATCCTTAACTG_001,153
TGCAGGTGGATCCTTAACTG_002,9
TGCAGGTGGATCCTTAACTG_003,60
TGCAGGTGGATCCTTAACTG_004,77
TGCAGGTGGATCCTTAACTG_005,58
TGCAGGTGGATCCTTAACTG_006,141
TGCAGGTGGATCCTTAACTG_007,137
ATCCATTCGATGGGCCTCGG_001,23
ATCCATTCGATGGGCCTCGG_002,47
ATCCATTCGATGGGCCTCGG_003,118
ATCCATTCGATGGGCCTCGG_004,17
ATCCATTCGATGGGCCTCGG_005,130
ATCCATTCGATGGGCCTCGG_006,62
ATCCATTCGATGGGCCTCGG_007,184
ATCCATTCGATGGGCCTCGG_008,58
ATCCATTCGATGGGCCTCGG_009,173
ATCCATTCGATGGGCCTCGG_010,61
ATCCATTCGATGGGCCTCGG_011,106
ATCCATTCGATGGGCCTCGG_012,88
ATCCATTCGATGGGCCTCGG_013,160
ATCCATTCGATGGGCCTCGG_014,192
ATCCATTCGATGGGCCTCGG_015,1
ATCCATTCGATGGGCCTCGG_016,57
ATCCATTCGATGGGCCTCGG_017,30
ATCCATTCGATGGGCCTCGG_018,0
ATCCATTCGATGGGCCTCGG_019,178
ATCCATTCGATGGGCCTCGG_020,35
ATCCATTCGATGGGCCTCGG_021,188
ATCCATTCGATGGGCCTCGG_022,191
ATCCATTCGATGGGCCTCGG_023,58
ATCCATTCGATGGGCCTCGG_024,8
ATCCATTCGATGGGCCTCGG_025,8
ATCCATTCGATGGGCCTCGG_026,104
ATCCATTCGATGGGCCTCGG_027,89
ATCCATTCGATGGGCCTCGG_028,70
ATCCATTCGATGGGCCTCGG_029,150
ATCCATTCGATGGGCCTCGG_030,61
ATCCATTCGATGGGCCTCGG_031,2
ATCCATTCGATGGGCCTCGG_032,2
ATCCATTCGATGGGCCTCGG_033,27
ATCCATTCGATGGGCCTCGG_034,9
ATCCATTCGATGGGCCTCGG_035,21
ATCCATTCGATGGGCCTCGG_036,138
ATCCATTCGATGGGCCTCGG_037,76
ATCCATTCGATGGGCCTCGG_038,142
ATCCATTCGATGGGCCTCGG_039,172
ATCCATTCGATGGGCCTCGG_040,121
ATCCATTCGATGGGCCTCGG_041,58
ATCCATTCGATGGGCCTCGG_042,58
ATCCATTCGATGGGCCTCGG_043,175
ATCCATTCGATGGGCCTCGG_044,106
ATCCATTCGATGGGCCTCGG_045,34
ATCCATTCGATGGGCCTCGG_046,4
ATCCATTCGATGGGCCTCGG_047,162
AAGATGCGGAGTCATTAAGC_001,160
CAAGCGGGGTCGGAAACTCG_001,43
CAAGCGGGGTCGGAAACTCG_002,130
CAAGCGGGGTCGGAAACTCG_003,21
CAAGCGGGGTCGGAAACTCG_004,54
CAAGCGGGGTCGGAAACTCG_005,196
CAAGCGGGGTCGGAAACTCG_006,83
CAAGCGGGGTCGGAAACTCG_007,40
CAAGCGGGGTCGGAAACTCG_008,48
CAAGCGGGGTCGGAAACTCG_009,2
CCCCCCAGATCTGTTCAGTG_001,9
CCCCCCAGATCTGTTCAGTG_002,13
CCCCCCAGATCTGTTCAGTG_003,172
CCCCCCAGATCTGTTCAGTG_004,26
CCCCCCAGATCTGTTCAGTG_005,108
CCCCCCAGATCTGTTCAGTG_006,80
CCCCCCAGATCTGTTCAGTG_007,199
CCCCCCAGATCTGTTCAGTG_008,199
CCCCCCAGATCTGTTCAGTG_009,162
CCCCGCGCCTGGTCCCAGTG_001,91
CCCCGCGCCTGGTCCCAGTG_002,13
CCCCGCGCCTGGTCCCAGTG_003,41
CCCCGCGCCTGGTCCCAGTG_004,48
CCCCGCGCCTGGTCCCAGTG_005,54
CCCCGCGCCTGGTCCCAGTG_006,129
CTAAATGCTAAGAAGCGCCA_001,26
CTAAATGCTAAGAAGCGCCA_002,189
CTAAATGCTAAGAAGCGCCA_003,162
CTAAATGCTAAGAAGCGCCA_004,32
CTAAATGCTAAGAAGCGCCA_005,60
CTAAATGCTAAGAAGCGCCA_006,116
CTAAATGCTAAGAAGCGCCA_007,144
CTAAATGCTAAGAAGCGCCA_008,56
CTAAATGCTAAGAAGCGCCA_009,56
AGACACGTCACCGGTCAAAA_001,150
AGACACGTCACCGGTCAAAA_002,15
AGACACGTCACCGGTCAAAA_003,176
AGACACGTCACCGGTCAAAA_004,121
AGACACGTCACCGGTCAAAA_005,154
AGACACGTCACCGGTCAAAA_006,188
AGACACGTCACCGGTCAAAA_007,66
AGACACGTCACCGGTCAAAA_008,39
AGACACGTCACCGGTCAAAA_009,61
AGACACGTCACCGGTCAAAA_010,118
AGACACGTCACCGGTCAAAA_011,0
AGACACGTCACCGGTCAAAA_012,131
AGACACGTCACCGGTCAAAA_013,189
AGACACGTCACCGGTCAAAA_014,198
AGACACGTCACCGGTCAAAA_015,156
AGACACGTCACCGGTCAAAA_016,83
AGACACGTCACCGGTCAAAA_017,61
AGACACGTCACCGGTCAAAA_018,168
AGACACGTCACCGGTCAAAA_019,121
AGACACGTCACCGGTCAAAA_020,9
AGACACGTCACCGGTCAAAA_021,41
AGACACGTCACCGGTCAAAA_022,197
AGACACGTCACCGGTCAAAA_023,81
AGACACGTCACCGGTCAAAA_024,88
AGACACGTCACCGGTCAAAA_025,188
AGACACGTCACCGGTCAAAA_026,147
AGACACGTCACCGGTCAAAA_027,17
AGACACGTCACCGGTCAAAA_028,40
AGACACGTCACCGGTCAAAA_029,8
CCATTGATACACGTAGACTG_001,172
CCATTGATACACGTAGACTG_002,44
CCATTGATACACGTAGACTG_003,38
GCCCACGATTAGCACGCACG_001,45
GCCCACGATTAGCACGCACG_002,193
GCCCACGATTAGCACGCACG_003,159
GCCCACGATTAGCACGCACG_004,183
GCCCACGATTAGCACGCACG_005,17
GCCCACGATTAGCACGCACG_006,76
GCCCACGATTAGCACGCACG_007,115
GCCCACGATTAGCACGCACG_008,20
GCCCACGATTAGCACGCACG_009,50
GCCCACGATTAGCACGCACG_010,149
GCCCACGATTAGCACGCACG_011,154
GCCCACGATTAGCACGCACG_012,19
GCCCACGATTAGCACGCACG_013,158
GCCCACGATTAGCACGCACG_014,49
GCCCACGATTAGCACGCACG_015,49
GCATATGAAGTGCTGTCGGA_001,186
GCATATGAAGTGCTGTCGGA_002,31
GCATATGAAGTGCTGTCGGA_003,105
GCATATGAAGTGCTGTCGGA_004,12
GCATATGAAGTGCTGTCGGA_005,138
GCATATGAAGTGCTGTCGGA_006,73
GCATATGAAGTGCTGTCGGA_007,53
GCATATGAAGTGCTGTCGGA_008,139
GCATATGAAGTGCTGTCGGA_009,73
GCATATGAAGTGCTGTCGGA_010,169
GCATATGAAGTGCTGTCGGA_011,9
GCATATGAAGTGCTGTCGGA_012,31
GCATATGAAGTGCTGTCGGA_013,62
GCATATGAAGTGCTGTCGGA_014,54
GCATATGAAGTGCTGTCGGA_015,100
GCATATGAAGTGCTGTCGGA_016,47
GCATATGAAGTGCTGTCGGA_017,18
GCATATGAAGTGCTGTCGGA_018,52
GCATATGAAGTGCTGTCGGA_019,118
GCATATGAAGTGCTGTCGGA_020,35
GCATATGAAGTGCTGTCGGA_021,186
CTGGCAAAACAAGCCACATG_001,175
CTGGCAAAACAAGCCACATG_002,49
CTGGCAAAACAAGCCACATG_003,140
CTGGCAAAACAAGCCACATG_004,54
CTGGCAAAACAAGCCACATG_005,177
CTGGCAAAACAAGCCACATG_006,198
CTGGCAAAACAAGCCACATG_007,40
CTGGCAAAACAAGCCACATG_008,107
CTGGCAAAACAAGCCACATG_009,23
CTGGCAAAACAAGCCACATG_010,70
GCGGCAGCTGCAGCTCAGCG_001,82
GCGGCAGCTGCAGCTCAGCG_002,63
TCTGCAGATCTTCCTCACCA_001,107
TCTGCAGATCTTCCTCACCA_002,27
TCTGCAGATCTTCCTCACCA_003,156
TCTGCAGATCTTCCTCACCA_004,140
TCTGCAGATCTTCCTCACCA_005,156
TCTGCAGATCTTCCTCACCA_006,131
TCTGCAGATCTTCCTCACCA_007,47
TCTGCAGATCTTCCTCACCA_008,49
TCTGCAGATCTTCCTCACCA_009,43
TCTGCAGATCTTCCTCACCA_010,172
TCTGCAGATCTTCCTCACCA_011,9
TCTGCAGATCTTCCTCACCA_012,91
TCTGCAGATCTTCCTCACCA_013,119
TCTGCAGATCTTCCTCACCA_014,136
TCTGCAGATCTTCCTCACCA_015,168
TCTGCAGATCTTCCTCACCA_016,56
TCTGCAGATCTTCCTCACCA_017,16
CTGGGTGTGCATATCGCAGT_001,191
CTGGGTGTGCATATCGCAGT_002,82
CTGGGTGTGCATATCGCAGT_003,18
CTGGGTGTGCATATCGCAGT_004,46
CTGGGTGTGCATATCGCAGT_005,9
AAGAACCCAGTACCCAAGAG_001,105
AGAGCGTGAGAGGCTACGAC_001,48
AGAGCGTGAGAGGCTACGAC_002,167
AGAGCGTGAGAGGCTACGAC_003,167
AGAGCGTGAGAGGCTACGAC_004,16
AGAGCGTGAGAGGCTACGAC_005,16
AGAGCGTGAGAGGCTACGAC_006,38
AGAGCGTGAGAGGCTACGAC_007,150
AGAGCGTGAGAGGCTACGAC_008,197
AGAGCGTGAGAGGCTACGAC_009,150
AGAGCGTGAGAGGCTACGAC_010,107
AGAGCGTGAGAGGCTACGAC_011,70
GCTTACCTAGTGAGACCAGG_001,94
GCTTACCTAGTGAGACCAGG_002,163
GCTTACCTAGTGAGACCAGG_003,61
GCTTACCTAGTGAGACCAGG_004,158
GCTTACCTAGTGAGACCAGG_005,46
GCTTACCTAGTGAGACCAGG_006,149
GCTTACCTAGTGAGACCAGG_007,127
GCTTACCTAGTGAGACCAGG_008,69
GCTTACCTAGTGAGACCAGG_009,176
GCTTACCTAGTGAGACCAGG_010,35
GCTTACCTAGTGAGACCAGG_011,2
GCTTACCTAGTGAGACCAGG_012,19
GCTTACCTAGTGAGACCAGG_013,170
GCTTACCTAGTGAGACCAGG_014,15
GCTTACCTAGTGAGACCAGG_015,186
GCTTACCTAGTGAGACCAGG_016,60
GCTTACCTAGTGAGACCAGG_017,192
GCTTACCTAGTGAGACCAGG_018,178
GCTTACCTAGTGAGACCAGG_019,27
GCTTACCTAGTGAGACCAGG_020,191
GCTTACCTAGTGAGACCAGG_021,106
GCTTACCTAGTGAGACCAGG_022,133
GCTTACCTAGTGAGACCAGG_023,78
GCTTACCTAGTGAGACCAGG_024,168
TGGACCACAGAGATTTGGGA_001,130
TGGACCACAGAGATTTGGGA_002,120
TGGACCACAGAGATTTGGGA_003,87
TGGACCACAGAGATTTGGGA_004,185
TGGACCACAGAGATTTGGGA_005,127
TGGACCACAGAGATTTGGGA_006,156
TGGACCACAGAGATTTGGGA_007,103
TGGACCACAGAGATTTGGGA_008,142
TGGACCACAGAGATTTGGGA_009,52
TGGACCACAGAGATTTGGGA_010,194
TGGCGAATTGTGGATGACTG_001,60
TGGCGAATTGTGGATGACTG_002,48
TGGCGAATTGTGGATGACTG_003,33
TGGCGAATTGTGGATGACTG_004,138
TGGCGAATTGTGGATGACTG_005,69
TGGCGAATTGTGGATGACTG_006,130
TGGCGAATTGTGGATGACTG_007,128
TGGCGAATTGTGGATGACTG_008,115
TGGCGAATTGTGGATGACTG_009,118
TGGCGAATTGTGGATGACTG_010,96
TGGCGAATTGTGGATGACTG_011,189
TGGCGAATTGTGGATGACTG_012,63
TGGCGAATTGTGGATGACTG_013,0
TTGGGCTCACTATAATAGGT_001,19
ACTCTAGCCTTTCGGGCCAG_001,53
ACTCTAGCCTTTCGGGCCAG_002,115
ACTCTAGCCTTTCGGGCCAG_003,21
ACTCTAGCCTTTCGGGCCAG_004,146
ACTCTAGCCTTTCGGGCCAG_005,53
ACTCTAGCCTTTCGGGCCAG_006,139
ACTCTAGCCTTTCGGGCCAG_007,122
ACTCTAGCCTTTCGGGCCAG_008,68
ACTCTAGCCTTTCGGGCCAG_009,107
ACTCTAGCCTTTCGGGCCAG_010,68
ACTCTAGCCTTTCGGGCCAG_011,153
ACTCTAGCCTTTCGGGCCAG_012,116
AGAAGCGGGAATCGATCCAG_001,48
AGAAGCGGGAATCGATCCAG_002,77
AGAAGCGGGAATCGATCCAG_003,145
AGAAGCGGGAATCGATCCAG_004,154
AGAAGCGGGAATCGATCCAG_005,194
AGAAGCGGGAATCGATCCAG_006,48
AGAAGCGGGAATCGATCCAG_007,83
AGAAGCGGGAATCGATCCAG_008,94
AGAAGCGGGAATCGATCCAG_009,22
AGAAGCGGGAATCGATCCAG_010,29
AGAAGCGGGAATCGATCCAG_011,35
AGAAGCGGGAATCGATCCAG_012,52
AGAAGCGGGAATCGATCCAG_013,105
AGAAGCGGGAATCGATCCAG_014,169
AGAAGCGGGAATCGATCCAG_015,88
AGAAGCGGGAATCGATCCAG_016,82
AGAAGCGGGAATCGATCCAG_017,62
AGAAGCGGGAATCGATCCAG_018,75
AGAAGCGGGAATCGATCCAG_019,128
AGAAGCGGGAATCGATCCAG_020,190
AGAAGCGGGAATCGATCCAG_021,177
AGAAGCGGGAATCGATCCAG_022,116
AGAAGCGGGAATCGATCCAG_023,31
AGAAGCGGGAATCGATCCAG_024,20
AGAAGCGGGAATCGATCCAG_025,150
AGAAGCGGGAATCGATCCAG_026,34
AGAAGCGGGAATCGATCCAG_027,98
AGAAGCGGGAATCGATCCAG_028,165
AGAAGCGGGAATCGATCCAG_029,138
AGAAGCGGGAATCGATCCAG_030,37
TAAAGCCACATACTCACCTA_001,139
TAAAGCCACATACTCACCTA_002,9
GGTGTGCCTTAAGGCTGTTG_001,127
GGTGTGCCTTAAGGCTGTTG_002,56
GGTGTGCCTTAAGGCTGTTG_003,157
GGTGTGCCTTAAGGCTGTTG_004,157
GGAGACCGCGATGATCACCT_001,135
GGAGACCGCGATGATCACCT_002,2
GGAGACCGCGATGATCACCT_003,172
GGAGACCGCGATGATCACCT_004,4
GGAGACCGCGATGATCACCT_005,107
GGAGACCGCGATGATCACCT_006,146
GGAGACCGCGATGATCACCT_007,58
GGAGACCGCGATGATCACCT_008,144
GGAGACCGCGATGATCACCT_009,105
GGAGACCGCGATGATCACCT_010,165
GGAGACCGCGATGATCACCT_011,147
GGAGACCGCGATGATCACCT_012,169
GGAGACCGCGATGATCACCT_013,194
ATAAAACTAGAACATCTGAA_001,116
ATAAAACTAGAACATCTGAA_002,33
ATAAAACTAGAACATCTGAA_003,144
CTTGCCAACAGCACAGCAGG_001,1
CTTGCCAACAGCACAGCAGG_002,141
CTTGCCAACAGCACAGCAGG_003,69
CTTGCCAACAGCACAGCAGG_004,117
GGCGGAGGACACCACTCCAT_001,48
GGCGGAGGACACCACTCCAT_002,17
GGCGGAGGACACCACTCCAT_003,193
GGCGGAGGACACCACTCCAT_004,153
GGCGGAGGACACCACTCCAT_005,163
GGCGGAGGACACCACTCCAT_006,15
GGCGGAGGACACCACTCCAT_007,124
GGCGGAGGACACCACTCCAT_008,168
GGCGGAGGACACCACTCCAT_009,39
GGCGGAGGACACCACTCCAT_010,160
AAGTCACAGAGTGTCACGTG_001,171
AAGTCACAGAGTGTCACGTG_002,94
AAGTCACAGAGTGTCACGTG_003,158
AAGTCACAGAGTGTCACGTG_004,187
AAGTCACAGAGTGTCACGTG_005,85
AAGTCACAGAGTGTCACGTG_006,120
AAGTCACAGAGTGTCACGTG_007,104
AAGTCACAGAGTGTCACGTG_008,81
GTATGTATTTGTGCATTGGG_001,88
GTATGTATTTGTGCATTGGG_002,41
GTATGTATTTGTGCATTGGG_003,58
GTATGTATTTGTGCATTGGG_004,190
GTATGTATTTGTGCATTGGG_005,49
GTATGTATTTGTGCATTGGG_006,39
GAGGCCAGCACTGTGACACA_001,121
GAGGCCAGCACTGTGACACA_002,106
GAGGCCAGCACTGTGACACA_003,46
CACTGTGGCAACCTACGACA_001,195
CACTGTGGCAACCTACGACA_002,160
CACTGTGGCAACCTACGACA_003,141
CACTGTGGCAACCTACGACA_004,50
CACTGTGGCAACCTACGACA_005,94
CACTGTGGCAACCTACGACA_006,127
CACTGTGGCAACCTACGACA_007,169
CACTGTGGCAACCTACGACA_008,188
TTAGGGTGGATCACTGTCCG_001,130
TTAGGGTGGATCACTGTCCG_002,175
TTAGGGTGGATCACTGTCCG_003,39
TTAGGGTGGATCACTGTCCG_004,35
CCTGGGGATTACCGTAAGTG_001,96
CCTGGGGATTACCGTAAGTG_002,199
CCTGGGGATTACCGTAAGTG_003,133
TGGAGTGAGCTATGCTGCAG_001,61
TGGAGTGAGCTATGCTGCAG_002,105
TGGAGTGAGCTATGCTGCAG_003,134
TGGAGTGAGCTATGCTGCAG_004,19
TGGAGTGAGCTATGCTGCAG_005,146
TGGAGTGAGCTATGCTGCAG_006,105
TGGAGTGAGCTATGCTGCAG_007,176
TGGAGTGAGCTATGCTGCAG_008,122
TGGAGTGAGCTATGCTGCAG_009,43
TGGAGTGAGCTATGCTGCAG_010,27
TGGAGTGAGCTATGCTGCAG_011,147
TGGAGTGAGCTATGCTGCAG_012,169
TGGAGTGAGCTATGCTGCAG_013,199
TGGAGTGAGCTATGCTGCAG_014,41
TGGAGTGAGCTATGCTGCAG_015,5
TGGAGTGAGCTATGCTGCAG_016,148
TGGAGTGAGCTATGCTGCAG_017,161
TGGAGTGAGCTATGCTGCAG_018,59
TGGAGTGAGCTATGCTGCAG_019,151
TGGAGTGAGCTATGCTGCAG_020,122
TGGAGTGAGCTATGCTGCAG_021,156
TGGAGTGAGCTATGCTGCAG_022,170
TGGAGTGAGCTATGCTGCAG_023,99
GCTCGTGCGAGTGATAGACC_001,58
GCTCGTGCGAGTGATAGACC_002,83
GCTCGTGCGAGTGATAGACC_003,75
GCTCGTGCGAGTGATAGACC_004,111
CAACAGTACCAGCAACAGGC_001,81
CAACAGTACCAGCAACAGGC_002,136
CAACAGTACCAGCAACAGGC_003,192
CAACAGTACCAGCAACAGGC_004,148
CAACAGTACCAGCAACAGGC_005,22
CAACAGTACCAGCAACAGGC_006,50
CAACAGTACCAGCAACAGGC_007,147
GGTGTCTTTGCAATGCGGAG_001,169
GGTGTCTTTGCAATGCGGAG_002,176
AGGCCCCCAGTATGGCACAC_001,102
AGGCCCCCAGTATGGCACAC_002,43
AGGCCCCCAGTATGGCACAC_003,72
AGGCCCCCAGTATGGCACAC_004,110
AGGCCCCCAGTATGGCACAC_005,108
AGGCCCCCAGTATGGCACAC_006,80
AGGCCCCCAGTATGGCACAC_007,17
AGGCCCCCAGTATGGCACAC_008,141
AGGCCCCCAGTATGGCACAC_009,70
AGGCCCCCAGTATGGCACAC_010,142
GAGAAGTTATTACCGAGGCG_001,144
GAGAAGTTATTACCGAGGCG_002,144
GAGAAGTTATTACCGAGGCG_003,104
GAGAAGTTATTACCGAGGCG_004,94
GCAGCTCCGGACTCCCGGTG_001,160
GCAGCTCCGGACTCCCGGTG_002,49
GCAGCTCCGGACTCCCGGTG_003,94
GCAGCTCCGGACTCCCGGTG_004,141
GCAGCTCCGGACTCCCGGTG_005,65
GCAGCTCCGGACTCCCGGTG_006,124
GCAGCTCCGGACTCCCGGTG_007,190
ATATGTTTCAGTACAAGCAG_001,158
ATATGTTTCAGTACAAGCAG_002,156
ATATGTTTCAGTACAAGCAG_003,132
ATATGTTTCAGTACAAGCAG_004,43
ATATGTTTCAGTACAAGCAG_005,67
ATATGTTTCAGTACAAGCAG_006,5
ATATGTTTCAGTACAAGCAG_007,129
ATATGTTTCAGTACAAGCAG_008,19
ATATGTTTCAGTACAAGCAG_009,67
ATATGTTTCAGTACAAGCAG_010,16
ATATGTTTCAGTACAAGCAG_011,48
ATATGTTTCAGTACAAGCAG_012,28
ATATGTTTCAGTACAAGCAG_013,169
ATATGTTTCAGTACAAGCAG_014,106
ATATGTTTCAGTACAAGCAG_015,44
GCATTGAGGATTATCCTAGT_001,66
GCATTGAGGATTATCCTAGT_002,160
GCATTGAGGATTATCCTAGT_003,171
TGAAATAAAATCCATCCCAG_001,81
TGAAATAAAATCCATCCCAG_002,150
TGAAATAAAATCCATCCCAG_003,19
TGAAATAAAATCCATCCCAG_004,154
TGAAATAAAATCCATCCCAG_005,178
TGAAATAAAATCCATCCCAG_006,115
TGAAATAAAATCCATCCCAG_007,68
TGAAATAAAATCCATCCCAG_008,175
TGAAATAAAATCCATCCCAG_009,32
TGAAATAAAATCCATCCCAG_010,199
TGAAATAAAATCCATCCCAG_011,148
TGAAATAAAATCCATCCCAG_012,137
TGAAATAAAATCCATCCCAG_013,147
TGAAATAAAATCCATCCCAG_014,105
TGAAATAAAATCCATCCCAG_015,198
TGAAATAAAATCCATCCCAG_016,62
TGAAATAAAATCCATCCCAG_017,64
AAGGCGAAGACGGAGCCGAG_001,47
AAGGCGAAGACGGAGCCGAG_002,97
AAGGCGAAGACGGAGCCGAG_003,11
AAGGCGAAGACGGAGCCGAG_004,1
AAGGCGAAGACGGAGCCGAG_005,16
AAGGCGAAGACGGAGCCGAG_006,118
AAGGCGAAGACGGAGCCGAG_007,78
AAGGCGAAGACGGAGCCGAG_008,161
AAGGCGAAGACGGAGCCGAG_009,61
AAGGCGAAGACGGAGCCGAG_010,40
AAGGCGAAGACGGAGCCGAG_011,48
AAGGCGAAGACGGAGCCGAG_012,115
AAGGCGAAGACGGAGCCGAG_013,71
AAGGCGAAGACGGAGCCGAG_014,131
AAGGCGAAGACGGAGCCGAG_015,41
AAGGCGAAGACGGAGCCGAG_016,41
AAGGCGAAGACGGAGCCGAG_017,154
AAGGCGAAGACGGAGCCGAG_018,6
AAGGCGAAGACGGAGCCGAG_019,97
AAGGCGAAGACGGAGCCGAG_020,16
AAGGCGAAGACGGAGCCGAG_021,129
AAGGCGAAGACGGAGCCGAG_022,84
AAGGCGAAGACGGAGCCGAG_023,179
AAGGCGAAGACGGAGCCGAG_024,104
AAGGCGAAGACGGAGCCGAG_025,176
AAGGCGAAGACGGAGCCGAG_026,146
AAGGCGAAGACGGAGCCGAG_027,67
AAGGCGAAGACGGAGCCGAG_028,93
AAGGCGAAGACGGAGCCGAG_029,157
AAGGCGAAGACGGAGCCGAG_030,162
AAGGCGAAGACGGAGCCGAG_031,112
AAGGCGAAGACGGAGCCGAG_032,81
AAGGCGAAGACGGAGCCGAG_033,41
AAGGCGAAGACGGAGCCGAG_034,83
AAGGCGAAGACGGAGCCGAG_035,83
AAGGCGAAGACGGAGCCGAG_036,93
AAGGCGAAGACGGAGCCGAG_037,30
AAGGCGAAGACGGAGCCGAG_038,82
AAGGCGAAGACGGAGCCGAG_039,17
AAGGCGAAGACGGAGCCGAG_040,28
AAGGCGAAGACGGAGCCGAG_041,109
AAGGCGAAGACGGAGCCGAG_042,109
AAGGCGAAGACGGAGCCGAG_043,58
AAGGCGAAGACGGAGCCGAG_044,146
AAGGCGAAGACGGAGCCGAG_045,48
AAGGCGAAGACGGAGCCGAG_046,178
AAGGCGAAGACGGAGCCGAG_047,15
AAGGCGAAGACGGAGCCGAG_048,62
AAGGCGAAGACGGAGCCGAG_049,58
AAGGCGAAGACGGAGCCGAG_050,70
AAGGCGAAGACGGAGCCGAG_051,159
AAGGCGAAGACGGAGCCGAG_052,116
ACCATGTGTGGCAGCTACTA_001,42
ACCATGTGTGGCAGCTACTA_002,1
ACCATGTGTGGCAGCTACTA_003,160
ACCATGTGTGGCAGCTACTA_004,48
ACCATGTGTGGCAGCTACTA_005,1
ACCATGTGTGGCAGCTACTA_006,169
ACCATGTGTGGCAGCTACTA_007,94
ACCATGTGTGGCAGCTACTA_008,60
ACCATGTGTGGCAGCTACTA_009,136
ACCATGTGTGGCAGCTACTA_010,60
ACCATGTGTGGCAGCTACTA_011,25
ACCATGTGTGGCAGCTACTA_012,21
ACCATGTGTGGCAGCTACTA_013,91
GGAAAAAAGCAGCTTTACTG_001,58
GGAAAAAAGCAGCTTTACTG_002,197
GGAAAAAAGCAGCTTTACTG_003,125
GGAAAAAAGCAGCTTTACTG_004,58
GTAGCTTCCCAGGAATGCGT_001,0
GTAGCTTCCCAGGAATGCGT_002,5
GTAGCTTCCCAGGAATGCGT_003,134
GTAGCTTCCCAGGAATGCGT_004,147
GTAGCTTCCCAGGAATGCGT_005,26
CAAGGATGAGATATATGACA_001,15
CAAGGATGAGATATATGACA_002,44
CAAGGATGAGATATATGACA_003,184
TATCCTGATGTAAAACATCG_001,137
TATCCTGATGTAAAACATCG_002,94
TATCCTGATGTAAAACATCG_003,46
GTGTACAAATTCCTGCACCA_001,9
GTGTACAAATTCCTGCACCA_002,15
GTGTACAAATTCCTGCACCA_003,124
GTGTACAAATTCCTGCACCA_004,144
GTGTACAAATTCCTGCACCA_005,34
GTGTACAAATTCCTGCACCA_006,158
GTGTACAAATTCCTGCACCA_007,162
GTGTACAAATTCCTGCACCA_008,9
GTGTACAAATTCCTGCACCA_009,81
GTGTACAAATTCCTGCACCA_010,160
GTGTACAAATTCCTGCACCA_011,121
GTGTACAAATTCCTGCACCA_012,19
GTGTACAAATTCCTGCACCA_013,195
GTGTACAAATTCCTGCACCA_014,79
TGTAGAAATTGTGACAAACG_001,134
TGTAGAAATTGTGACAAACG_002,13
TGTAGAAATTGTGACAAACG_003,157
TGTAGAAATTGTGACAAACG_004,147
TGTAGAAATTGTGACAAACG_005,35
CCAGGGCCTCTGTACACGCA_001,107
CCAGGGCCTCTGTACACGCA_002,38
CCAGGGCCTCTGTACACGCA_003,144
CCAGGGCCTCTGTACACGCA_004,130
CCAGGGCCTCTGTACACGCA_005,183
CCAGGGCCTCTGTACACGCA_006,57
CCAGGGCCTCTGTACACGCA_007,123
CCAGGGCCTCTGTACACGCA_008,40
CCAGGGCCTCTGTACACGCA_009,57
CCAGGGCCTCTGTACACGCA_010,76
CCAGGGCCTCTGTACACGCA_011,5
CCAGGGCCTCTGTACACGCA_012,34
CCAGGGCCTCTGTACACGCA_013,174
AAAACAAAGGTAGAACATGG_001,176
AAAACAAAGGTAGAACATGG_002,181
AAAACAAAGGTAGAACATGG_003,2
AAAACAAAGGTAGAACATGG_004,107
AAAACAAAGGTAGAACATGG_005,24
AAAACAAAGGTAGAACATGG_006,5
AAAACAAAGGTAGAACATGG_007,146
AGCTAATAACCTCGTTGCTG_001,147
AGCTAATAACCTCGTTGCTG_002,170
AGCTAATAACCTCGTTGCTG_003,169
AGCTAATAACCTCGTTGCTG_004,70
AGCTAATAACCTCGTTGCTG_005,83
AGCTAATAACCTCGTTGCTG_006,82
AGCTAATAACCTCGTTGCTG_007,111
AGCTAATAACCTCGTTGCTG_008,144
AGCTAATAACCTCGTTGCTG_009,67
AGCTAATAACCTCGTTGCTG_010,137
CTTACTTAAGCCATTCAGGT_001,59
CTTACTTAAGCCATTCAGGT_002,92
CTTACTTAAGCCATTCAGGT_003,132
CTTACTTAAGCCATTCAGGT_004,137
CTTACTTAAGCCATTCAGGT_005,169
CTTACTTAAGCCATTCAGGT_006,143
CTTACTTAAGCCATTCAGGT_007,185
CTTACTTAAGCCATTCAGGT_008,62
CTTACTTAAGCCATTCAGGT_009,68
GGGGGTTCAATGGCGCAAGA_001,97
GGGGGTTCAATGGCGCAAGA_002,31
GGGGGTTCAATGGCGCAAGA_003,4
GGGGGTTCAATGGCGCAAGA_004,155
GGGGGTTCAATGGCGCAAGA_005,68
GGGGGTTCAATGGCGCAAGA_006,49
AGAAACCTGCCAATCACACC_001,82
AGAAACCTGCCAATCACACC_002,144
AGAAACCTGCCAATCACACC_003,35
AGAAACCTGCCAATCACACC_004,174
AGAAACCTGCCAATCACACC_005,63
AGAAACCTGCCAATCACACC_006,68
AGAAACCTGCCAATCACACC_007,81
AGAAACCTGCCAATCACACC_008,24
AGAAACCTGCCAATCACACC_009,1
AGAAACCTGCCAATCACACC_010,93
AGAAACCTGCCAATCACACC_011,43
AGAAACCTGCCAATCACACC_012,188
AGAAACCTGCCAATCACACC_013,81
AGAAACCTGCCAATCACACC_014,19
CTTCAAACTTATATCAGCCG_001,33
CAGCTTGGCATCCATACTCG_001,158
CAGCTTGGCATCCATACTCG_002,1
CAGCTTGGCATCCATACTCG_003,15
CAGCTTGGCATCCATACTCG_004,129
AAAATTTCTGCCATCAAGTG_001,15
AAAATTTCTGCCATCAAGTG_002,190
AAAATTTCTGCCATCAAGTG_003,150
AAAATTTCTGCCATCAAGTG_004,169
AGCGCCGGGTAGTGGACTCG_001,188
AGCGCCGGGTAGTGGACTCG_002,102
AGCGCCGGGTAGTGGACTCG_003,167
AGCGCCGGGTAGTGGACTCG_004,174
AGCGCCGGGTAGTGGACTCG_005,191
AGCGCCGGGTAGTGGACTCG_006,60
AGCGCCGGGTAGTGGACTCG_007,127
TAGAATCCAAAGCTGATCCA_001,112
TAGAATCCAAAGCTGATCCA_002,198
TAGAATCCAAAGCTGATCCA_003,161
TAGAATCCAAAGCTGATCCA_004,157
TAGAATCCAAAGCTGATCCA_005,180
ATACCCAATAGAGTCCGAGG_001,23
ATACCCAATAGAGTCCGAGG_002,137
ATACCCAATAGAGTCCGAGG_003,147
ATACCCAATAGAGTCCGAGG_004,60
ATACCCAATAGAGTCCGAGG_005,50
ATACCCAATAGAGTCCGAGG_006,169
ATACCCAATAGAGTCCGAGG_007,127
ATACCCAATAGAGTCCGAGG_008,70
ATACCCAATAGAGTCCGAGG_009,51
CAGAGAATGCTGAGTTCATG_001,62
CAGAGAATGCTGAGTTCATG_002,60
CAGAGAATGCTGAGTTCATG_003,28
CAGAGAATGCTGAGTTCATG_004,147
CAGAGAATGCTGAGTTCATG_005,164
CAGAGAATGCTGAGTTCATG_006,159
CAGAGAATGCTGAGTTCATG_007,8
CAGAGAATGCTGAGTTCATG_008,153
CAGAGAATGCTGAGTTCATG_009,85
CAGAGAATGCTGAGTTCATG_010,169
CAGAGAATGCTGAGTTCATG_011,55
CAGCCAAGACTCACATCCCT_001,137
CAGCCAAGACTCACATCCCT_002,8
CAGCCAAGACTCACATCCCT_003,153
CAGCCAAGACTCACATCCCT_004,168
CAGCCAAGACTCACATCCCT_005,148
CAGCCAAGACTCACATCCCT_006,38
CAGCCAAGACTCACATCCCT_007,169
CAGCCAAGACTCACATCCCT_008,43
CAGCCAAGACTCACATCCCT_009,108
CAGCCAAGACTCACATCCCT_010,82
CAGCCAAGACTCACATCCCT_011,107
CAGCCAAGACTCACATCCCT_012,56
CAGCCAAGACTCACATCCCT_013,88
CAGCCAAGACTCACATCCCT_014,180
CAGCCAAGACTCACATCCCT_015,97
CAGCCAAGACTCACATCCCT_016,69
CTTCCTTGAGATGATACACG_001,97
GCGCAAACACAGCTGTCGGA_001,48
GCGCAAACACAGCTGTCGGA_002,85
GCGCAAACACAGCTGTCGGA_003,26
GCGCAAACACAGCTGTCGGA_004,83
GCGCAAACACAGCTGTCGGA_005,86
GCGCAAACACAGCTGTCGGA_006,134
GCGCAAACACAGCTGTCGGA_007,119
CTGGAGTTCCTGCACCGTGT_001,32
CTGGAGTTCCTGCACCGTGT_002,58
CTGGAGTTCCTGCACCGTGT_003,116
CTGGAGTTCCTGCACCGTGT_004,148
CTGGAGTTCCTGCACCGTGT_005,123
CTGGAGTTCCTGCACCGTGT_006,183
CTGGAGTTCCTGCACCGTGT_007,85
CTGGAGTTCCTGCACCGTGT_008,56
CTGGAGTTCCTGCACCGTGT_009,175
CTGGAGTTCCTGCACCGTGT_010,124
CTGGAGTTCCTGCACCGTGT_011,1
CCACCAAAGAAATGGCACAG_001,183
CCACCAAAGAAATGGCACAG_002,166
CCACCAAAGAAATGGCACAG_003,178
CCACCAAAGAAATGGCACAG_004,88
CCACCAAAGAAATGGCACAG_005,50
CCACCAAAGAAATGGCACAG_006,184
CCACCAAAGAAATGGCACAG_007,50
CCACCAAAGAAATGGCACAG_008,70
CCACCAAAGAAATGGCACAG_009,83
CCACCAAAGAAATGGCACAG_010,166
CCACCAAAGAAATGGCACAG_011,162
CCACCAAAGAAATGGCACAG_012,163
CCACCAAAGAAATGGCACAG_013,15
CCACCAAAGAAATGGCACAG_014,187
CCACCAAAGAAATGGCACAG_015,17
CCACCAAAGAAATGGCACAG_016,25
CCACCAAAGAAATGGCACAG_017,124
CCACCAAAGAAATGGCACAG_018,135
CCACCAAAGAAATGGCACAG_019,94
CCACCAAAGAAATGGCACAG_020,55
CCACCAAAGAAATGGCACAG_021,18
CCACCAAAGAAATGGCACAG_022,19
CCACCAAAGAAATGGCACAG_023,176
GAAGTGCAAACACTTGCTTG_001,194
GAAGTGCAAACACTTGCTTG_002,69
GAAGTGCAAACACTTGCTTG_003,118
GAAGTGCAAACACTTGCTTG_004,183
GAAGTGCAAACACTTGCTTG_005,179
GAAGTGCAAACACTTGCTTG_006,168
GAAGTGCAAACACTTGCTTG_007,194
GAAGTGCAAACACTTGCTTG_008,158
GAAGTGCAAACACTTGCTTG_009,9
GAAGTGCAAACACTTGCTTG_010,174
GAAGTGCAAACACTTGCTTG_011,161
GAAGTGCAAACACTTGCTTG_012,103
GGTATCAGCATAGTGTTGAG_001,41
GGTATCAGCATAGTGTTGAG_002,184
GGTATCAGCATAGTGTTGAG_003,130
GGTATCAGCATAGTGTTGAG_004,47
GGCAGCCAACGGCAGCATGG_001,67
GGCAGCCAACGGCAGCATGG_002,190
GGCAGCCAACGGCAGCATGG_003,107
GGCAGCCAACGGCAGCATGG_004,170
GGCAGCCAACGGCAGCATGG_005,149
GGCAGCCAACGGCAGCATGG_006,113
GGCAGCCAACGGCAGCATGG_007,128
GGCAGCCAACGGCAGCATGG_008,177
GGCAGCCAACGGCAGCATGG_009,110
GGCAGCCAACGGCAGCATGG_010,86
GGCAGCCAACGGCAGCATGG_011,199
GGCAGCCAACGGCAGCATGG_012,19
GGCAGCCAACGGCAGCATGG_013,135
GGCAGCCAACGGCAGCATGG_014,166
GGCAGCCAACGGCAGCATGG_015,142
GGCAGCCAACGGCAGCATGG_016,172
GGCAGCCAACGGCAGCATGG_017,56
GATGCAGAATACTCGGAGTG_001,12
GATGCAGAATACTCGGAGTG_002,43
GATGCAGAATACTCGGAGTG_003,68
GATGCAGAATACTCGGAGTG_004,132
GATGCAGAATACTCGGAGTG_005,72
GATGCAGAATACTCGGAGTG_006,162
GATGCAGAATACTCGGAGTG_007,66
GATGCAGAATACTCGGAGTG_008,88
GATGCAGAATACTCGGAGTG_009,160
GATGCAGAATACTCGGAGTG_010,9
GATGCAGAATACTCGGAGTG_011,59
GATGCAGAATACTCGGAGTG_012,12
GATGCAGAATACTCGGAGTG_013,15
GATGCAGAATACTCGGAGTG_014,9
ACACTACAAAAATCTGTGAT_001,66
ACACTACAAAAATCTGTGAT_002,57
ACACTACAAAAATCTGTGAT_003,27
ACACTACAAAAATCTGTGAT_004,157
ACACTACAAAAATCTGTGAT_005,157
ACACTACAAAAATCTGTGAT_006,170
ACACTACAAAAATCTGTGAT_007,27
ACACTACAAAAATCTGTGAT_008,182
ACACTACAAAAATCTGTGAT_009,106
ACACTACAAAAATCTGTGAT_010,121
ACACTACAAAAATCTGTGAT_011,126
GCCCCCCTTGGACCCCCCAC_001,138
GCCCCCCTTGGACCCCCCAC_002,139
GCCCCCCTTGGACCCCCCAC_003,92
GCCCCCCTTGGACCCCCCAC_004,78
GCCCCCCTTGGACCCCCCAC_005,48
GCCCCCCTTGGACCCCCCAC_006,59
GCCCCCCTTGGACCCCCCAC_007,106
GCCCCCCTTGGACCCCCCAC_008,50
GCCCCCCTTGGACCCCCCAC_009,52
GCCCCCCTTGGACCCCCCAC_010,170
GCCCCCCTTGGACCCCCCAC_011,107
GCCCCCCTTGGACCCCCCAC_012,157
GCCCCCCTTGGACCCCCCAC_013,148
GCCCCCCTTGGACCCCCCAC_014,88
GCCCCCCTTGGACCCCCCAC_015,186
GCCCCCCTTGGACCCCCCAC_016,81
GCCCCCCTTGGACCCCCCAC_017,149
GCCCCCCTTGGACCCCCCAC_018,58
GCCCCCCTTGGACCCCCCAC_019,169
GCCCCCCTTGGACCCCCCAC_020,56
GCCCCCCTTGGACCCCCCAC_021,155
ACAAGCTCACTCCCGCCCAG_001,24
ACAAGCTCACTCCCGCCCAG_002,53
ACAAGCTCACTCCCGCCCAG_003,34
ACAAGCTCACTCCCGCCCAG_004,1
ACAAGCTCACTCCCGCCCAG_005,53
ACAAGCTCACTCCCGCCCAG_006,130
ACAAGCTCACTCCCGCCCAG_007,188
ACAAGCTCACTCCCGCCCAG_008,192
ACAAGCTCACTCCCGCCCAG_009,29
ACAAGCTCACTCCCGCCCAG_010,184
ACAAGCTCACTCCCGCCCAG_011,78
ACAAGCTCACTCCCGCCCAG_012,33
ACAAGCTCACTCCCGCCCAG_013,107
ACAAGCTCACTCCCGCCCAG_014,79
ACAAGCTCACTCCCGCCCAG_015,88
ACAAGCTCACTCCCGCCCAG_016,120
ACAAGCTCACTCCCGCCCAG_017,188
ACAAGCTCACTCCCGCCCAG_018,39
ACAAGCTCACTCCCGCCCAG_019,13
ACAAGCTCACTCCCGCCCAG_020,182
GGTCGAAACTCGAAGACATG_001,78
GGTCGAAACTCGAAGACATG_002,2
GGTCGAAACTCGAAGACATG_003,8
GGTCGAAACTCGAAGACATG_004,102
GGTCGAAACTCGAAGACATG_005,1
GGTCGAAACTCGAAGACATG_006,41
GGTCGAAACTCGAAGACATG_007,176
GGTCGAAACTCGAAGACATG_008,70
GGTCGAAACTCGAAGACATG_009,48
GGTCGAAACTCGAAGACATG_010,168
GGTCGAAACTCGAAGACATG_011,58
GGTCGAAACTCGAAGACATG_012,98
GGTCGAAACTCGAAGACATG_013,88
GGTCGAAACTCGAAGACATG_014,148
GGTCGAAACTCGAAGACATG_015,35
GGTCGAAACTCGAAGACATG_016,43
GGTCGAAACTCGAAGACATG_017,75
GGTCGAAACTCGAAGACATG_018,58
GGAGGGTTCCGTTCCCACAG_001,44
GGAGGGTTCCGTTCCCACAG_002,8
GGAGGGTTCCGTTCCCACAG_003,199
GGAGGGTTCCGTTCCCACAG_004,169
GGAGGGTTCCGTTCCCACAG_005,16
GGAGGGTTCCGTTCCCACAG_006,75
TGATATTTGTTCCACCACGA_001,108
TGATATTTGTTCCACCACGA_002,152
TGATATTTGTTCCACCACGA_003,88
TGATATTTGTTCCACCACGA_004,190
TGATATTTGTTCCACCACGA_005,141
TGATATTTGTTCCACCACGA_006,15
TGATATTTGTTCCACCACGA_007,93
TGATATTTGTTCCACCACGA_008,136
TGATATTTGTTCCACCACGA_009,150
TGATATTTGTTCCACCACGA_010,94
TGATATTTGTTCCACCACGA_011,152
TGATATTTGTTCCACCACGA_012,17
TGATATTTGTTCCACCACGA_013,199
GTATCAAAATAATGAATCTG_001,165
GTATCAAAATAATGAATCTG_002,108
GTATCAAAATAATGAATCTG_003,98
GTATCAAAATAATGAATCTG_004,150
GTATCAAAATAATGAATCTG_005,169
GTATCAAAATAATGAATCTG_006,1
GTATCAAAATAATGAATCTG_007,39
TTATTAGTTACGGACTGAAG_001,54
CACAGTTGTGAAACCCAGTG_001,166
CACAGTTGTGAAACCCAGTG_002,19
CACAGTTGTGAAACCCAGTG_003,68
CACAGTTGTGAAACCCAGTG_004,108
GCACTCTAATCTGAACTCTG_001,45
GCACTCTAATCTGAACTCTG_002,138
GCACTCTAATCTGAACTCTG_003,6
GCACTCTAATCTGAACTCTG_004,25
GAAGGATTAATTACACAAGG_001,32
GAAGGATTAATTACACAAGG_002,147
GAAGGATTAATTACACAAGG_003,147
GAAGGATTAATTACACAAGG_004,144
GAAGGATTAATTACACAAGG_005,123
GAAGGATTAATTACACAAGG_006,40
GAAGGATTAATTACACAAGG_007,66
ATACTCACATCACAGCCCGC_001,1
ATACTCACATCACAGCCCGC_002,135
ATACTCACATCACAGCCCGC_003,5
ATACTCACATCACAGCCCGC_004,49
ATACTCACATCACAGCCCGC_005,167
ATACTCACATCACAGCCCGC_006,67
ATACTCACATCACAGCCCGC_007,31
ATACTCACATCACAGCCCGC_008,30
ATACTCACATCACAGCCCGC_009,184
ATACTCACATCACAGCCCGC_010,185
ATACTCACATCACAGCCCGC_011,56
ATACTCACATCACAGCCCGC_012,63
ATACTCACATCACAGCCCGC_013,89
ATACTCACATCACAGCCCGC_014,105
ATACTCACATCACAGCCCGC_015,40
ATACTCACATCACAGCCCGC_016,81
ATACTCACATCACAGCCCGC_017,61
ATACTCACATCACAGCCCGC_018,17
ATACTCACATCACAGCCCGC_019,106
ATACTCACATCACAGCCCGC_020,49
ATACTCACATCACAGCCCGC_021,16
ATACTCACATCACAGCCCGC_022,43
ATACTCACATCACAGCCCGC_023,115
GTGGAGAAACTCATTCTCAG_001,126
GTGGAGAAACTCATTCTCAG_002,128
GTGGAGAAACTCATTCTCAG_003,184
GTGGAGAAACTCATTCTCAG_004,98
GTGGAGAAACTCATTCTCAG_005,151
GTGGAGAAACTCATTCTCAG_006,78
GACAAAGCCCCAGATGCCGG_001,191
GACAAAGCCCCAGATGCCGG_002,85
GACAAAGCCCCAGATGCCGG_003,50
GACAAAGCCCCAGATGCCGG_004,22
GACAAAGCCCCAGATGCCGG_005,84
GACAAAGCCCCAGATGCCGG_006,126
GACAAAGCCCCAGATGCCGG_007,92
GACAAAGCCCCAGATGCCGG_008,72
GACAAAGCCCCAGATGCCGG_009,197
GACAAAGCCCCAGATGCCGG_010,115
GACAAAGCCCCAGATGCCGG_011,33
GACAAAGCCCCAGATGCCGG_012,40
GACAAAGCCCCAGATGCCGG_013,81
GACAAAGCCCCAGATGCCGG_014,155
GGAAGAGAAATGAAGAAGAC_001,156
TCCTACAAAGCGCCCTGTCG_001,54
TCCTACAAAGCGCCCTGTCG_002,95
TATTGATGTGGAAAATGTGG_001,100
TATTGATGTGGAAAATGTGG_002,169
TATTGATGTGGAAAATGTGG_003,180
TATTGATGTGGAAAATGTGG_004,62
TGTGCTGGGGGTTTAATAAG_001,50
TGTGCTGGGGGTTTAATAAG_002,78
ATACCAACTCGAAAGCCCGA_001,17
ATACCAACTCGAAAGCCCGA_002,192
ATACCAACTCGAAAGCCCGA_003,148
ATACCAACTCGAAAGCCCGA_004,16
ATACCAACTCGAAAGCCCGA_005,58
ATACCAACTCGAAAGCCCGA_006,199
ATACCAACTCGAAAGCCCGA_007,52
GTGTGATGTTTGACAAAGCC_001,141
GTGTGATGTTTGACAAAGCC_002,169
GTGTGATGTTTGACAAAGCC_003,140
GTGTGATGTTTGACAAAGCC_004,85
GTGTGATGTTTGACAAAGCC_005,9
GTGTGATGTTTGACAAAGCC_006,125
GTGTGATGTTTGACAAAGCC_007,106
GTGTGATGTTTGACAAAGCC_008,94
GTGTGATGTTTGACAAAGCC_009,169
GTGTGATGTTTGACAAAGCC_010,72
GTGTGATGTTTGACAAAGCC_011,170
GTGTGATGTTTGACAAAGCC_012,98
GTGTGATGTTTGACAAAGCC_013,27
CTTCCAGTACCCAGCGTAGT_001,191
CTTCCAGTACCCAGCGTAGT_002,85
CTTCCAGTACCCAGCGTAGT_003,183
CTTCCAGTACCCAGCGTAGT_004,83
TCCCACTAGACTCAAATCTG_001,178
TCCCACTAGACTCAAATCTG_002,125
TCCCACTAGACTCAAATCTG_003,28
TCCCACTAGACTCAAATCTG_004,62
ACACTTGGCTTGACAAACGT_001,141
ACACTTGGCTTGACAAACGT_002,165
ACACTTGGCTTGACAAACGT_003,114
CTTAGGGGATCACCCCACAG_001,44
CTTAGGGGATCACCCCACAG_002,105
CTTAGGGGATCACCCCACAG_003,58
CTTAGGGGATCACCCCACAG_004,104
ACAGCGACGGAGGTCTCTAG_001,115
ACAGCGACGGAGGTCTCTAG_002,155
ACAGCGACGGAGGTCTCTAG_003,63
ACAGCGACGGAGGTCTCTAG_004,138
ACAGCGACGGAGGTCTCTAG_005,63
ACAGCGACGGAGGTCTCTAG_006,66
GAAAGCCGAAAGGGAGCTAG_001,64
GAAAGCCGAAAGGGAGCTAG_002,73
GAAAGCCGAAAGGGAGCTAG_003,145
GAAAGCCGAAAGGGAGCTAG_004,96
GAAAGCCGAAAGGGAGCTAG_005,142
TGCATAAAGAGATTTCCCAG_001,178
TGCATAAAGAGATTTCCCAG_002,130
TGCATAAAGAGATTTCCCAG_003,0
TGCATAAAGAGATTTCCCAG_004,70
TGCATAAAGAGATTTCCCAG_005,62
TGCATAAAGAGATTTCCCAG_006,123
TGCATAAAGAGATTTCCCAG_007,177
TGCATAAAGAGATTTCCCAG_008,83
TGCATAAAGAGATTTCCCAG_009,138
TGCATAAAGAGATTTCCCAG_010,15
TGCATAAAGAGATTTCCCAG_011,56
TGCATAAAGAGATTTCCCAG_012,118
TGCATAAAGAGATTTCCCAG_013,102
TGCATAAAGAGATTTCCCAG_014,94
TGCATAAAGAGATTTCCCAG_015,161
TGCATAAAGAGATTTCCCAG_016,42
TGCATAAAGAGATTTCCCAG_017,63
TGCATAAAGAGATTTCCCAG_018,105
TGCATAAAGAGATTTCCCAG_019,12
TGCATAAAGAGATTTCCCAG_020,79
TGAATTTGCACATGGCATTG_001,58
TGAATTTGCACATGGCATTG_002,9
TGAATTTGCACATGGCATTG_003,48
CCTTACATACCGCCAGCCAT_001,159
CCTTACATACCGCCAGCCAT_002,114
CCTTACATACCGCCAGCCAT_003,114
CCTTACATACCGCCAGCCAT_004,96
CCTTACATACCGCCAGCCAT_005,84
CCTTACATACCGCCAGCCAT_006,172
CCTTACATACCGCCAGCCAT_007,0
CCTTACATACCGCCAGCCAT_008,43
CCTTACATACCGCCAGCCAT_009,46
CCTTACATACCGCCAGCCAT_010,105
CCTTACATACCGCCAGCCAT_011,13
CCTTACATACCGCCAGCCAT_012,113
CCTTACATACCGCCAGCCAT_013,147
CCTTACATACCGCCAGCCAT_014,158
CCTTACATACCGCCAGCCAT_015,127
CCTTACATACCGCCAGCCAT_016,35
AAGGACCAAAGCACCCAAGC_001,92
AAGGACCAAAGCACCCAAGC_002,23
AAGGACCAAAGCACCCAAGC_003,193
AAGGACCAAAGCACCCAAGC_004,136
AAGGACCAAAGCACCCAAGC_005,198
AAGGACCAAAGCACCCAAGC_006,29
AAGGACCAAAGCACCCAAGC_007,139
AAGGACCAAAGCACCCAAGC_008,6
AAGGACCAAAGCACCCAAGC_009,6
AAGGACCAAAGCACCCAAGC_010,1
AAGGACCAAAGCACCCAAGC_011,184
AAGGACCAAAGCACCCAAGC_012,40
AAGGACCAAAGCACCCAAGC_013,176
AAGGACCAAAGCACCCAAGC_014,121
AAGGACCAAAGCACCCAAGC_015,98
AAGGACCAAAGCACCCAAGC_016,147
AAGGACCAAAGCACCCAAGC_017,62
AAGGACCAAAGCACCCAAGC_018,52
AAGGACCAAAGCACCCAAGC_019,40
AAGGACCAAAGCACCCAAGC_020,116
AAGGACCAAAGCACCCAAGC_021,115
CATTGTCGTGGGAGGCCGTG_001,193
CATTGTCGTGGGAGGCCGTG_002,27
CATTGTCGTGGGAGGCCGTG_003,121
CATTGTCGTGGGAGGCCGTG_004,101
CATTGTCGTGGGAGGCCGTG_005,162
CATTGTCGTGGGAGGCCGTG_006,15
CATTGTCGTGGGAGGCCGTG_007,85
CATTGTCGTGGGAGGCCGTG_008,184
CATTGTCGTGGGAGGCCGTG_009,199
CCGAATATGATGTACCATGG_001,148
CCGAATATGATGTACCATGG_002,62
CCGAATATGATGTACCATGG_003,117
CCGAATATGATGTACCATGG_004,76
CCGAATATGATGTACCATGG_005,160
CCGAATATGATGTACCATGG_006,63
CCTCAGTGTGCCACTCGTAG_001,62
CCTCAGTGTGCCACTCGTAG_002,69
CCTCAGTGTGCCACTCGTAG_003,58
CAACGGCTACATCAGCCGGG_001,161
CAACGGCTACATCAGCCGGG_002,19
GAGAAAAGTGGTGCACGCGG_001,8
GAGAAAAGTGGTGCACGCGG_002,34
GAGAAAAGTGGTGCACGCGG_003,149
GAGAAAAGTGGTGCACGCGG_004,49
GAGAAAAGTGGTGCACGCGG_005,123
GAGAAAAGTGGTGCACGCGG_006,78
GAGAAAAGTGGTGCACGCGG_007,69
GAGAAAAGTGGTGCACGCGG_008,133
GAGAAAAGTGGTGCACGCGG_009,7
GAGAAAAGTGGTGCACGCGG_010,7
GAGAAAAGTGGTGCACGCGG_011,113
GAGAAAAGTGGTGCACGCGG_012,187
GAGAAAAGTGGTGCACGCGG_013,172
GAGAAAAGTGGTGCACGCGG_014,87
GAGAAAAGTGGTGCACGCGG_015,87
GAGAAAAGTGGTGCACGCGG_016,152
GAGAAAAGTGGTGCACGCGG_017,5
GAGAAAAGTGGTGCACGCGG_018,16
GAGAAAAGTGGTGCACGCGG_019,90
GAGAAAAGTGGTGCACGCGG_020,49
GAGAAAAGTGGTGCACGCGG_021,134
GAGAAAAGTGGTGCACGCGG_022,180
GGCTGAGTTCCGTGCACCCG_001,158
GGCTGAGTTCCGTGCACCCG_002,80
GGCTGAGTTCCGTGCACCCG_003,17
GGCTGAGTTCCGTGCACCCG_004,188
GGCTGAGTTCCGTGCACCCG_005,167
GGCTGAGTTCCGTGCACCCG_006,120
GGCTGAGTTCCGTGCACCCG_007,65
GGCTGAGTTCCGTGCACCCG_008,138
GGCTGAGTTCCGTGCACCCG_009,67
GGCTGAGTTCCGTGCACCCG_010,157
GGCTGAGTTCCGTGCACCCG_011,89
GGCTGAGTTCCGTGCACCCG_012,91
GGCTGAGTTCCGTGCACCCG_013,147
GGCTGAGTTCCGTGCACCCG_014,161
GGCTGAGTTCCGTGCACCCG_015,6
GGCTGAGTTCCGTGCACCCG_016,8
GGCTGAGTTCCGTGCACCCG_017,190
GGCTGAGTTCCGTGCACCCG_018,175
GGCTGAGTTCCGTGCACCCG_019,35
GGCTGAGTTCCGTGCACCCG_020,188
GGCTGAGTTCCGTGCACCCG_021,15
GGCTGAGTTCCGTGCACCCG_022,185
GGCTGAGTTCCGTGCACCCG_023,96
GGCTGAGTTCCGTGCACCCG_024,6
AATGTGTAAAGGCCCGGGAG_001,191
AATGTGTAAAGGCCCGGGAG_002,44
AATGTGTAAAGGCCCGGGAG_003,105
AATGTGTAAAGGCCCGGGAG_004,1
AATGTGTAAAGGCCCGGGAG_005,81
AATGTGTAAAGGCCCGGGAG_006,77
AATGTGTAAAGGCCCGGGAG_007,77
AATGTGTAAAGGCCCGGGAG_008,81
AATGTGTAAAGGCCCGGGAG_009,61
AATGTGTAAAGGCCCGGGAG_010,69
AATGTGTAAAGGCCCGGGAG_011,43
AATGTGTAAAGGCCCGGGAG_012,188
AATGTGTAAAGGCCCGGGAG_013,169
AATGTGTAAAGGCCCGGGAG_014,136
ATCGTAAGGAGCTTCGGAAG_001,188
ATCGTAAGGAGCTTCGGAAG_002,166
ATCGTAAGGAGCTTCGGAAG_003,65
ATCGTAAGGAGCTTCGGAAG_004,61
ATCGTAAGGAGCTTCGGAAG_005,20
ATCGTAAGGAGCTTCGGAAG_006,162
ATCGTAAGGAGCTTCGGAAG_007,132
ATCGTAAGGAGCTTCGGAAG_008,4
ATCGTAAGGAGCTTCGGAAG_009,75
ATCGTAAGGAGCTTCGGAAG_010,168
ATCGTAAGGAGCTTCGGAAG_011,158
ATCGTAAGGAGCTTCGGAAG_012,11
TTAGCGATGGAGTGTACGAG_001,72
TTAGCGATGGAGTGTACGAG_002,162
TTAGCGATGGAGTGTACGAG_003,102
TTAGCGATGGAGTGTACGAG_004,59
TTAGCGATGGAGTGTACGAG_005,141
TTAGCGATGGAGTGTACGAG_006,117
TTAGCGATGGAGTGTACGAG_007,94
TTAGCGATGGAGTGTACGAG_008,81
TTAGCGATGGAGTGTACGAG_009,164
TTAGCGATGGAGTGTACGAG_010,58
TTAGCGATGGAGTGTACGAG_011,26
TTAGCGATGGAGTGTACGAG_012,160
TTAGCGATGGAGTGTACGAG_013,16
TTAGCGATGGAGTGTACGAG_014,163
TTAGCGATGGAGTGTACGAG_015,144
TTAGCGATGGAGTGTACGAG_016,94
TTAGCGATGGAGTGTACGAG_017,79
TTAGCGATGGAGTGTACGAG_018,2
TTAGCGATGGAGTGTACGAG_019,81
TTAGCGATGGAGTGTACGAG_020,76
TTAGCGATGGAGTGTACGAG_021,183
TTAGCGATGGAGTGTACGAG_022,16
TCTGTCGTCTATTGCCACGG_001,121
TCTGTCGTCTATTGCCACGG_002,199
TCTGTCGTCTATTGCCACGG_003,169
TCTGTCGTCTATTGCCACGG_004,127
TCTGTCGTCTATTGCCACGG_005,28
TCTGTCGTCTATTGCCACGG_006,191
TCTGTCGTCTATTGCCACGG_007,147
CGACTTGATTCGGGTCCAAG_001,151
CGACTTGATTCGGGTCCAAG_002,15
CGACTTGATTCGGGTCCAAG_003,157
CGACTTGATTCGGGTCCAAG_004,60
CGACTTGATTCGGGTCCAAG_005,127
CGACTTGATTCGGGTCCAAG_006,149
CGACTTGATTCGGGTCCAAG_007,130
CGACTTGATTCGGGTCCAAG_008,103
CGACTTGATTCGGGTCCAAG_009,8
CGACTTGATTCGGGTCCAAG_010,6
CGACTTGATTCGGGTCCAAG_011,196
CGACTTGATTCGGGTCCAAG_012,154
CGACTTGATTCGGGTCCAAG_013,146
CGACTTGATTCGGGTCCAAG_014,0
CGACTTGATTCGGGTCCAAG_015,152
CGACTTGATTCGGGTCCAAG_016,47
CGACTTGATTCGGGTCCAAG_017,162
CGACTTGATTCGGGTCCAAG_018,133
CGACTTGATTCGGGTCCAAG_019,94
CGACTTGATTCGGGTCCAAG_020,5
AAGAATACGATGCTTGCCAG_001,149
AAGAATACGATGCTTGCCAG_002,55
AAAGGCGAGTAAAGGCCAGT_001,175
AAAGGCGAGTAAAGGCCAGT_002,77
AAAGGCGAGTAAAGGCCAGT_003,77
AAAGGCGAGTAAAGGCCAGT_004,130
AAAGGCGAGTAAAGGCCAGT_005,181
AAAGGCGAGTAAAGGCCAGT_006,158
AAAGGCGAGTAAAGGCCAGT_007,7
AAAGGCGAGTAAAGGCCAGT_008,86
AAAGGCGAGTAAAGGCCAGT_009,6
AAAGGCGAGTAAAGGCCAGT_010,11
AAAGGCGAGTAAAGGCCAGT_011,65
AAAGGCGAGTAAAGGCCAGT_012,66
AAAGGCGAGTAAAGGCCAGT_013,197
AAAGGCGAGTAAAGGCCAGT_014,196
AAAGGCGAGTAAAGGCCAGT_015,5
AAAGGCGAGTAAAGGCCAGT_016,77
AAAGGCGAGTAAAGGCCAGT_017,88
ATATCCAGCCCAAAGCACTG_001,197
ATATCCAGCCCAAAGCACTG_002,75
ATATCCAGCCCAAAGCACTG_003,50
TCCACACGAACAGCAGCCTA_001,119
TCCACACGAACAGCAGCCTA_002,17
TCCACACGAACAGCAGCCTA_003,58
TCCACACGAACAGCAGCCTA_004,94
TCCACACGAACAGCAGCCTA_005,51
TCCACACGAACAGCAGCCTA_006,184
TCTGTTGAAGGAGCGCCAAA_001,68
TCTGTTGAAGGAGCGCCAAA_002,178
TCTGTTGAAGGAGCGCCAAA_003,171
TCTGTTGAAGGAGCGCCAAA_004,155
TCTGTTGAAGGAGCGCCAAA_005,88
CTTGTTCGTGAATCTAGGGA_001,158
CTTGTTCGTGAATCTAGGGA_002,194
CTTGTTCGTGAATCTAGGGA_003,75
CTTGTTCGTGAATCTAGGGA_004,12
CTCATTAGGACTACAGTCAG_001,48
CTCATTAGGACTACAGTCAG_002,8
CTCATTAGGACTACAGTCAG_003,94
CTCATTAGGACTACAGTCAG_004,16
CTCATTAGGACTACAGTCAG_005,194
CTCATTAGGACTACAGTCAG_006,129
CTCATTAGGACTACAGTCAG_007,104
CTCATTAGGACTACAGTCAG_008,90
CTCATTAGGACTACAGTCAG_009,174
CTCATTAGGACTACAGTCAG_010,148
CTCATTAGGACTACAGTCAG_011,19
CTCATTAGGACTACAGTCAG_012,106
CTCATTAGGACTACAGTCAG_013,12
CTCATTAGGACTACAGTCAG_014,126
AGCACAGTAGAACTAAGGGT_001,121
AGCACAGTAGAACTAAGGGT_002,0
AGCACAGTAGAACTAAGGGT_003,156
AGCACAGTAGAACTAAGGGT_004,91
AGCACAGTAGAACTAAGGGT_005,41
AGCACAGTAGAACTAAGGGT_006,55
AGCACAGTAGAACTAAGGGT_007,96
AGCACAGTAGAACTAAGGGT_008,96
TGGTGCAAGGCATTATACAA_001,96
TGGTGCAAGGCATTATACAA_002,147
TGGTGCAAGGCATTATACAA_003,8
TGGTGCAAGGCATTATACAA_004,172
TGGTGCAAGGCATTATACAA_005,174
TGGTGCAAGGCATTATACAA_006,105
TGGTGCAAGGCATTATACAA_007,179
TGGTGCAAGGCATTATACAA_008,176
TGGTGCAAGGCATTATACAA_009,191
TGGTGCAAGGCATTATACAA_010,198
ATATCCTGAGTATGGTAGCT_001,108
ATATCCTGAGTATGGTAGCT_002,134
ATATCCTGAGTATGGTAGCT_003,86
ATATCCTGAGTATGGTAGCT_004,22
ATATCCTGAGTATGGTAGCT_005,141
ATATCCTGAGTATGGTAGCT_006,94
ATATCCTGAGTATGGTAGCT_007,88
ACTTGGCCATGTGAGATACA_001,23
ACTTGGCCATGTGAGATACA_002,115
ACTTGGCCATGTGAGATACA_003,47
ACTTGGCCATGTGAGATACA_004,158
ACTTGGCCATGTGAGATACA_005,96
ACTTGGCCATGTGAGATACA_006,83
ACTTGGCCATGTGAGATACA_007,97
ACTTGGCCATGTGAGATACA_008,174
AAGGAACCAAGGCTATGACA_001,41
AAGGAACCAAGGCTATGACA_002,34
AAGGAACCAAGGCTATGACA_003,82
AAGGAACCAAGGCTATGACA_004,127
AAGGAACCAAGGCTATGACA_005,65
AAGGAACCAAGGCTATGACA_006,78
ACAGGAATTCCCTACCTACG_001,195
ACAGGAATTCCCTACCTACG_002,93
ACAGGAATTCCCTACCTACG_003,196
ACAGGAATTCCCTACCTACG_004,105
AGTCCAGCTGTCTACTAACC_001,170
AGTCCAGCTGTCTACTAACC_002,81
AGTCCAGCTGTCTACTAACC_003,81
AGTCCAGCTGTCTACTAACC_004,72
AGTCCAGCTGTCTACTAACC_005,193
AGTCCAGCTGTCTACTAACC_006,130
CTGGGTCAGATGGAAAACCA_001,4
CTGGGTCAGATGGAAAACCA_002,182
CTGGGTCAGATGGAAAACCA_003,154
CTGGGTCAGATGGAAAACCA_004,17
CTGGGTCAGATGGAAAACCA_005,137
CTGGGTCAGATGGAAAACCA_006,192
CTGGGTCAGATGGAAAACCA_007,48
CTGGGTCAGATGGAAAACCA_008,120
CTGGGTCAGATGGAAAACCA_009,50
CTGGGTCAGATGGAAAACCA_010,61
CTGGGTCAGATGGAAAACCA_011,155
CTGGGTCAGATGGAAAACCA_012,130
CTGGGTCAGATGGAAAACCA_013,130
CTGGGTCAGATGGAAAACCA_014,90
CTGGGTCAGATGGAAAACCA_015,180
TAGAGAGTTTAAAGCCCGAG_001,57
TAGAGAGTTTAAAGCCCGAG_002,124
TAGAGAGTTTAAAGCCCGAG_003,188
TAGAGAGTTTAAAGCCCGAG_004,177
TAGAGAGTTTAAAGCCCGAG_005,65
AGGCGTGCTTGGGTCGCAGG_001,141
AGGCGTGCTTGGGTCGCAGG_002,127
AGGCGTGCTTGGGTCGCAGG_003,60
AGGCGTGCTTGGGTCGCAGG_004,162
AGGCGTGCTTGGGTCGCAGG_005,73
AGGCGTGCTTGGGTCGCAGG_006,40
AGGCGTGCTTGGGTCGCAGG_007,56
AGGCGTGCTTGGGTCGCAGG_008,166
AGGCGTGCTTGGGTCGCAGG_009,113
AGGCGTGCTTGGGTCGCAGG_010,43
AGGCGTGCTTGGGTCGCAGG_011,196
AGGCGTGCTTGGGTCGCAGG_012,129
CCATGTCACCAAGCTCGACG_001,182
CCATGTCACCAAGCTCGACG_002,11
CCATGTCACCAAGCTCGACG_003,69
CCATGTCACCAAGCTCGACG_004,64
CCATGTCACCAAGCTCGACG_005,69
CCATGTCACCAAGCTCGACG_006,154
CCATGTCACCAAGCTCGACG_007,6
CCATGTCACCAAGCTCGACG_008,161
CCATGTCACCAAGCTCGACG_009,166
CCATGTCACCAAGCTCGACG_010,48
CCATGTCACCAAGCTCGACG_011,57
CCATGTCACCAAGCTCGACG_012,152
CCATGTCACCAAGCTCGACG_013,129
CCATGTCACCAAGCTCGACG_014,173
CCATGTCACCAAGCTCGACG_015,63
CCATGTCACCAAGCTCGACG_016,52
AATAAGCCTACAATTAACTT_001,42
AATAAGCCTACAATTAACTT_002,171
GTCGCCCTCAGACGCCACAG_001,82
GTCGCCCTCAGACGCCACAG_002,184
GTCGCCCTCAGACGCCACAG_003,146
GTCGCCCTCAGACGCCACAG_004,115
GTCGCCCTCAGACGCCACAG_005,176
GTCGCCCTCAGACGCCACAG_006,127
GTCGCCCTCAGACGCCACAG_007,86
GTCGCCCTCAGACGCCACAG_008,108
GTCGCCCTCAGACGCCACAG_009,144
GTCGCCCTCAGACGCCACAG_010,163
GTCGCCCTCAGACGCCACAG_011,91
GTCGCCCTCAGACGCCACAG_012,132
GTCGCCCTCAGACGCCACAG_013,41
GTCGCCCTCAGACGCCACAG_014,64
GTCGCCCTCAGACGCCACAG_015,23
GTCGCCCTCAGACGCCACAG_016,54
GTCGCCCTCAGACGCCACAG_017,60
GTCGCCCTCAGACGCCACAG_018,151
GTCGCCCTCAGACGCCACAG_019,158
GTCGCCCTCAGACGCCACAG_020,7
GTCGCCCTCAGACGCCACAG_021,115
GTCGCCCTCAGACGCCACAG_022,178
GTCGCCCTCAGACGCCACAG_023,29
GTCGCCCTCAGACGCCACAG_024,12
GTCGCCCTCAGACGCCACAG_025,105
GTCGCCCTCAGACGCCACAG_026,134
GTCGCCCTCAGACGCCACAG_027,96
GTCGCCCTCAGACGCCACAG_028,92
GTCGCCCTCAGACGCCACAG_029,72
GTTGAGGATGAGTGAGACCA_001,45
GTTGAGGATGAGTGAGACCA_002,107
GTTGAGGATGAGTGAGACCA_003,17
GTTGAGGATGAGTGAGACCA_004,106
GTTGAGGATGAGTGAGACCA_005,16
GTTGAGGATGAGTGAGACCA_006,183
GTTGAGGATGAGTGAGACCA_007,121
GTTGAGGATGAGTGAGACCA_008,199
GTTGAGGATGAGTGAGACCA_009,194
GGACGCAAAGGGGATGATCG_001,101
GGACGCAAAGGGGATGATCG_002,68
GGACGCAAAGGGGATGATCG_003,26
GGACGCAAAGGGGATGATCG_004,105
GGACGCAAAGGGGATGATCG_005,12
GGACGCAAAGGGGATGATCG_006,66
GGACGCAAAGGGGATGATCG_007,93
GGACGCAAAGGGGATGATCG_008,177
GGACGCAAAGGGGATGATCG_009,100
GGACGCAAAGGGGATGATCG_010,20
GGACGCAAAGGGGATGATCG_011,9
GGACGCAAAGGGGATGATCG_012,121
GGACGCAAAGGGGATGATCG_013,170
GGACGCAAAGGGGATGATCG_014,177
GGACGCAAAGGGGATGATCG_015,170
GGACGCAAAGGGGATGATCG_016,168
GGACGCAAAGGGGATGATCG_017,198
GGACGCAAAGGGGATGATCG_018,127
TGGTACTTAGACCGAAACCT_001,15
TGGTACTTAGACCGAAACCT_002,150
TGGTACTTAGACCGAAACCT_003,49
TGGTACTTAGACCGAAACCT_004,101
TGGTACTTAGACCGAAACCT_005,146
GCTGTCACAACTGTCATCAG_001,183
CAGCAGCCACAGAAGTGCTG_001,125
CAGCAGCCACAGAAGTGCTG_002,0
CAGCAGCCACAGAAGTGCTG_003,45
CAGCAGCCACAGAAGTGCTG_004,60
CAGCAGCCACAGAAGTGCTG_005,176
CAGCAGCCACAGAAGTGCTG_006,11
CAGCAGCCACAGAAGTGCTG_007,102
CAGCAGCCACAGAAGTGCTG_008,6
CAGCAGCCACAGAAGTGCTG_009,96
CAGCAGCCACAGAAGTGCTG_010,148
CAGCAGCCACAGAAGTGCTG_011,92
CAGCAGCCACAGAAGTGCTG_012,31
CAGCAGCCACAGAAGTGCTG_013,97
CAGCAGCCACAGAAGTGCTG_014,72
CAGCAGCCACAGAAGTGCTG_015,162
CAGCAGCCACAGAAGTGCTG_016,160
CAGCAGCCACAGAAGTGCTG_017,83
CAGCAGCCACAGAAGTGCTG_018,99
CAGCAGCCACAGAAGTGCTG_019,83
CAGCAGCCACAGAAGTGCTG_020,13
CAGCAGCCACAGAAGTGCTG_021,147
CAGCAGCCACAGAAGTGCTG_022,27
CAGCAGCCACAGAAGTGCTG_023,92
CAGCAGCCACAGAAGTGCTG_024,158
CAGCAGCCACAGAAGTGCTG_025,59
CAGCAGCCACAGAAGTGCTG_026,161
CAGCAGCCACAGAAGTGCTG_027,158
CAGCAGCCACAGAAGTGCTG_028,84
CAGCAGCCACAGAAGTGCTG_029,138
CAGCAGCCACAGAAGTGCTG_030,58
CAGCAGCCACAGAAGTGCTG_031,168
CAGCAGCCACAGAAGTGCTG_032,146
CAGCAGCCACAGAAGTGCTG_033,88
CAGCAGCCACAGAAGTGCTG_034,170
CAGCAGCCACAGAAGTGCTG_035,78
CAGCAGCCACAGAAGTGCTG_036,182
CAGCAGCCACAGAAGTGCTG_037,2
CAGCAGCCACAGAAGTGCTG_038,10
CAGCAGCCACAGAAGTGCTG_039,48
CAGCAGCCACAGAAGTGCTG_040,171
CAGCAGCCACAGAAGTGCTG_041,193
CAGCAGCCACAGAAGTGCTG_042,180
CAGCAGCCACAGAAGTGCTG_043,152
CAGCAGCCACAGAAGTGCTG_044,119
CAGCAGCCACAGAAGTGCTG_045,144
CAGCAGCCACAGAAGTGCTG_046,42
CAGCAGCCACAGAAGTGCTG_047,184
CAGCAGCCACAGAAGTGCTG_048,154
CAGCAGCCACAGAAGTGCTG_049,93
CAGCAGCCACAGAAGTGCTG_050,93
ATTAAGGAGTCAGCAAAAGT_001,76
ATTAAGGAGTCAGCAAAAGT_002,77
ATTAAGGAGTCAGCAAAAGT_003,116
ATTAAGGAGTCAGCAAAAGT_004,147
ATTAAGGAGTCAGCAAAAGT_005,114
ATTAAGGAGTCAGCAAAAGT_006,114
GGAACTTCTGTCCATTGAAG_001,8
GGAACTTCTGTCCATTGAAG_002,150
GGAACTTCTGTCCATTGAAG_003,62
GGAACTTCTGTCCATTGAAG_004,70
GGAACTTCTGTCCATTGAAG_005,175
ATCACTGTCTGGAACCACAC_001,59
ATCACTGTCTGGAACCACAC_002,162
ATCACTGTCTGGAACCACAC_003,198
ATCACTGTCTGGAACCACAC_004,53
ATCACTGTCTGGAACCACAC_005,24
ATCACTGTCTGGAACCACAC_006,150
ATCACTGTCTGGAACCACAC_007,112
ATCACTGTCTGGAACCACAC_008,31
ATCACTGTCTGGAACCACAC_009,121
ATCACTGTCTGGAACCACAC_010,172
ATCACTGTCTGGAACCACAC_011,68
ATCACTGTCTGGAACCACAC_012,15
ATCACTGTCTGGAACCACAC_013,169
ATCACTGTCTGGAACCACAC_014,42
ATCACTGTCTGGAACCACAC_015,172
ATCACTGTCTGGAACCACAC_016,82
ATCACTGTCTGGAACCACAC_017,23
ATCACTGTCTGGAACCACAC_018,115
ATCACTGTCTGGAACCACAC_019,62
ATCACTGTCTGGAACCACAC_020,100
ATCACTGTCTGGAACCACAC_021,176
ATCACTGTCTGGAACCACAC_022,193
CATCATCCGGACACCAACAG_001,38
CATCATCCGGACACCAACAG_002,94
CATCATCCGGACACCAACAG_003,112
CATCATCCGGACACCAACAG_004,111
CATCATCCGGACACCAACAG_005,194
CATCATCCGGACACCAACAG_006,147
CATCATCCGGACACCAACAG_007,94
CATCATCCGGACACCAACAG_008,147
CATCATCCGGACACCAACAG_009,139
CATCATCCGGACACCAACAG_010,183
CATCATCCGGACACCAACAG_011,38
GACAACAACCCAGTACACTG_001,104
GACAACAACCCAGTACACTG_002,130
GACAACAACCCAGTACACTG_003,197
GACAACAACCCAGTACACTG_004,133
GACAACAACCCAGTACACTG_005,159
GACAACAACCCAGTACACTG_006,150
GACAACAACCCAGTACACTG_007,42
GACAACAACCCAGTACACTG_008,142
GACAACAACCCAGTACACTG_009,175
GACAACAACCCAGTACACTG_010,165
GACAACAACCCAGTACACTG_011,25
GACAACAACCCAGTACACTG_012,25
GACAACAACCCAGTACACTG_013,74
GACAACAACCCAGTACACTG_014,21
GACAACAACCCAGTACACTG_015,170
GACAACAACCCAGTACACTG_016,125
GCCTCACTATACAGGACGAG_001,77
AACAGCCAAATACCGATCAA_001,132
AACAGCCAAATACCGATCAA_002,16
AACAGCCAAATACCGATCAA_003,53
AACAGCCAAATACCGATCAA_004,50
AACAGCCAAATACCGATCAA_005,144
TGAACGATCATTGTACACGA_001,61
TGAACGATCATTGTACACGA_002,56
TGAACGATCATTGTACACGA_003,39
GGGAGACAATAGCCACACTA_001,19
GGGAGACAATAGCCACACTA_002,169
GGGAGACAATAGCCACACTA_003,166
GGGAGACAATAGCCACACTA_004,49
GGGAGACAATAGCCACACTA_005,158
GGGAGACAATAGCCACACTA_006,36
GGGAGACAATAGCCACACTA_007,147
GGGAGACAATAGCCACACTA_008,175
GGGAGACAATAGCCACACTA_009,11
GGGAGACAATAGCCACACTA_010,127
ACAAAGATCGCATGGCATAC_001,28
ACAAAGATCGCATGGCATAC_002,120
ACAAAGATCGCATGGCATAC_003,98
ACAAAGATCGCATGGCATAC_004,150
ACAAAGATCGCATGGCATAC_005,127
ACAAAGATCGCATGGCATAC_006,94
ACAAAGATCGCATGGCATAC_007,78
ACAAAGATCGCATGGCATAC_008,31
ACAAAGATCGCATGGCATAC_009,4
ACAAAGATCGCATGGCATAC_010,170
ACAAAGATCGCATGGCATAC_011,103
ACAAAGATCGCATGGCATAC_012,175
ACAAAGATCGCATGGCATAC_013,66
ACAAAGATCGCATGGCATAC_014,177
ACAAAGATCGCATGGCATAC_015,152
ACAAAGATCGCATGGCATAC_016,138
ACAAAGATCGCATGGCATAC_017,114
ACAAAGATCGCATGGCATAC_018,56
ACAAAGATCGCATGGCATAC_019,88
ACAAAGATCGCATGGCATAC_020,123
AGCTGTCTCCAGTACTACAC_001,149
AGCTGTCTCCAGTACTACAC_002,115
AGCTGTCTCCAGTACTACAC_003,12
AGCTGTCTCCAGTACTACAC_004,50
AGCTGTCTCCAGTACTACAC_005,76
AGCTGTCTCCAGTACTACAC_006,9
AGCTGTCTCCAGTACTACAC_007,56
AGCTGTCTCCAGTACTACAC_008,144
AGCTGTCTCCAGTACTACAC_009,155
AGCTGTCTCCAGTACTACAC_010,185
AGCTGTCTCCAGTACTACAC_011,69
AGCTGTCTCCAGTACTACAC_012,98
AGCTGTCTCCAGTACTACAC_013,83
AGCTGTCTCCAGTACTACAC_014,104
AGCTGTCTCCAGTACTACAC_015,184
AGCTGTCTCCAGTACTACAC_016,40
AGCTGTCTCCAGTACTACAC_017,76
AGCTGTCTCCAGTACTACAC_018,1
AAGGGATGAAGATCCTCACA_001,190
AAGGGATGAAGATCCTCACA_002,189
AAGGGATGAAGATCCTCACA_003,106
AAGGGATGAAGATCCTCACA_004,144
GGAGGCAGTACTGGACATAG_001,1
GGAGGCAGTACTGGACATAG_002,130
GGAGGCAGTACTGGACATAG_003,82
GGAGGCAGTACTGGACATAG_004,137
GGAGGCAGTACTGGACATAG_005,23
AAGTGCAATTACTGTACCCG_001,14
AAGTGCAATTACTGTACCCG_002,49
AAGTGCAATTACTGTACCCG_003,97
ACGATGTCATCCAGTTTGCG_001,61
ACGATGTCATCCAGTTTGCG_002,22
ACGATGTCATCCAGTTTGCG_003,198
ACGATGTCATCCAGTTTGCG_004,175
ACGATGTCATCCAGTTTGCG_005,43
ACGATGTCATCCAGTTTGCG_006,102
ACGATGTCATCCAGTTTGCG_007,151
ATGTGGACAAGACCGTGGCT_001,15
ATGTGGACAAGACCGTGGCT_002,113
ATGTGGACAAGACCGTGGCT_003,19
ATGTGGACAAGACCGTGGCT_004,84
ATGTGGACAAGACCGTGGCT_005,101
ATGTGGACAAGACCGTGGCT_006,107
ATGTGGACAAGACCGTGGCT_007,49
ATGTGGACAAGACCGTGGCT_008,49
ATGTGGACAAGACCGTGGCT_009,150
ATGTGGACAAGACCGTGGCT_010,15
GGATGTCACAGCCAAAACGT_001,151
GGATGTCACAGCCAAAACGT_002,177
GGATGTCACAGCCAAAACGT_003,89
ATGTCCACCCCACCCAGAGT_001,33
ATGTCCACCCCACCCAGAGT_002,65
ATGTCCACCCCACCCAGAGT_003,162
ATGTCCACCCCACCCAGAGT_004,84
ATGTCCACCCCACCCAGAGT_005,16
ATGTCCACCCCACCCAGAGT_006,134
ATGTCCACCCCACCCAGAGT_007,125
ATGTCCACCCCACCCAGAGT_008,184
ATGTCCACCCCACCCAGAGT_009,50
ATGTCCACCCCACCCAGAGT_010,88
ATGTCCACCCCACCCAGAGT_011,167
ATGTCCACCCCACCCAGAGT_012,126
ATGTCCACCCCACCCAGAGT_013,15
ATGTCCACCCCACCCAGAGT_014,67
ATGTCCACCCCACCCAGAGT_015,105
ATGTCCACCCCACCCAGAGT_016,177
ATGTCCACCCCACCCAGAGT_017,162
ATGTCCACCCCACCCAGAGT_018,155
TAGCATGGCTACAGTCAAGT_001,169
TAGCATGGCTACAGTCAAGT_002,154
TAGCATGGCTACAGTCAAGT_003,30
TAGCATGGCTACAGTCAAGT_004,172
CCTGAGCAGCGGGTACGCAG_001,97
CCTGAGCAGCGGGTACGCAG_002,176
CCTGAGCAGCGGGTACGCAG_003,38
CCTGAGCAGCGGGTACGCAG_004,109
CCTGAGCAGCGGGTACGCAG_005,189
CCTGAGCAGCGGGTACGCAG_006,83
CCTGAGCAGCGGGTACGCAG_007,123
CCTGAGCAGCGGGTACGCAG_008,49
CCTGAGCAGCGGGTACGCAG_009,52
GTTTGTGTTTCCATAAACTG_001,166
GTTTGTGTTTCCATAAACTG_002,183
GTTTGTGTTTCCATAAACTG_003,160
GTTTGTGTTTCCATAAACTG_004,14
TTCTCGATCTCATCAGCCTG_001,105
TTCTCGATCTCATCAGCCTG_002,62
TTCTCGATCTCATCAGCCTG_003,48
CCTCCATAGAGTGAAATCGA_001,150
CCTCCATAGAGTGAAATCGA_002,53
CCTCCATAGAGTGAAATCGA_003,30
CCTCCATAGAGTGAAATCGA_004,30
CCTCCATAGAGTGAAATCGA_005,148
CCTCCATAGAGTGAAATCGA_006,120
CCTCCATAGAGTGAAATCGA_007,173
GATGAACGTAGTCCACCAGT_001,156
GATGAACGTAGTCCACCAGT_002,27
AGAAGCACTCAGTAACAAGG_001,112
AGAAGCACTCAGTAACAAGG_002,171
AGAAGCACTCAGTAACAAGG_003,181
AGAAGCACTCAGTAACAAGG_004,68
AGAAGCACTCAGTAACAAGG_005,115
AGAAGCACTCAGTAACAAGG_006,150
AGAAGCACTCAGTAACAAGG_007,190
AGAAGCACTCAGTAACAAGG_008,63
AGAAGCACTCAGTAACAAGG_009,55
AGAAGCACTCAGTAACAAGG_010,160
AGAAGCACTCAGTAACAAGG_011,145
AGAAGCACTCAGTAACAAGG_012,70
AAAATGCAACAGATGTACCC_001,141
AAAATGCAACAGATGTACCC_002,23
AAAATGCAACAGATGTACCC_003,54
AAAATGCAACAGATGTACCC_004,144
CCGTTCATGTGAGTAGTTGG_001,116
CCGTTCATGTGAGTAGTTGG_002,81
CCGTTCATGTGAGTAGTTGG_003,198
CCGTTCATGTGAGTAGTTGG_004,9
AGCATTAAAGCTCTACTGTG_001,144
CAAGACGATTGCGAGCAAGA_001,158
CAAGACGATTGCGAGCAAGA_002,118
CAAGACGATTGCGAGCAAGA_003,171
CAAGACGATTGCGAGCAAGA_004,38
CAAGACGATTGCGAGCAAGA_005,186
CAAGACGATTGCGAGCAAGA_006,175
CAAGACGATTGCGAGCAAGA_007,54
CAAGACGATTGCGAGCAAGA_008,147
CAAGACGATTGCGAGCAAGA_009,191
CAAGACGATTGCGAGCAAGA_010,84
CAAGACGATTGCGAGCAAGA_011,34
GAGCACTGAAAGGCACTACG_001,147
GAGCACTGAAAGGCACTACG_002,132
GAGCACTGAAAGGCACTACG_003,54
GAGCACTGAAAGGCACTACG_004,130
GAGCACTGAAAGGCACTACG_005,92
GAGCACTGAAAGGCACTACG_006,152
GAGCACTGAAAGGCACTACG_007,35
GAGCACTGAAAGGCACTACG_008,68
GAGCACTGAAAGGCACTACG_009,45
GAGCACTGAAAGGCACTACG_010,107
GAGCACTGAAAGGCACTACG_011,94
GAGCACTGAAAGGCACTACG_012,57
GAGCACTGAAAGGCACTACG_013,166
GAGCACTGAAAGGCACTACG_014,171
GAGCACTGAAAGGCACTACG_015,4
GAGCACTGAAAGGCACTACG_016,170
GAGCACTGAAAGGCACTACG_017,121
GAGCACTGAAAGGCACTACG_018,88
GAGCACTGAAAGGCACTACG_019,141
GAGCACTGAAAGGCACTACG_020,18
GAGCACTGAAAGGCACTACG_021,94
GAGCACTGAAAGGCACTACG_022,110
GAGCACTGAAAGGCACTACG_023,94
GAGCACTGAAAGGCACTACG_024,166
GAGCACTGAAAGGCACTACG_025,78
GAGCACTGAAAGGCACTACG_026,162
GAGCACTGAAAGGCACTACG_027,75
GAGCACTGAAAGGCACTACG_028,127
GAGCACTGAAAGGCACTACG_029,170
GAGCACTGAAAGGCACTACG_030,100
GAGCACTGAAAGGCACTACG_031,174
GAGCACTGAAAGGCACTACG_032,95
GAGCACTGAAAGGCACTACG_033,195
GAGCACTGAAAGGCACTACG_034,94
GAGCACTGAAAGGCACTACG_035,19
GAGCACTGAAAGGCACTACG_036,169
GAGCACTGAAAGGCACTACG_037,133
GAGCACTGAAAGGCACTACG_038,41
GAGCACTGAAAGGCACTACG_039,70
GAGCACTGAAAGGCACTACG_040,127
GAGCACTGAAAGGCACTACG_041,0
GAGCACTGAAAGGCACTACG_042,27
GAGCACTGAAAGGCACTACG_043,127
GCTGCCGAGTGGGCACGTCA_001,62
GCTGCCGAGTGGGCACGTCA_002,187
GCTGCCGAGTGGGCACGTCA_003,67
GCTGCCGAGTGGGCACGTCA_004,55
GCTGCCGAGTGGGCACGTCA_005,112
GCTGCCGAGTGGGCACGTCA_006,94
GCTGCCGAGTGGGCACGTCA_007,0
GCTGCCGAGTGGGCACGTCA_008,15
GCTGCCGAGTGGGCACGTCA_009,80
GCTGCCGAGTGGGCACGTCA_010,6
GCTGCCGAGTGGGCACGTCA_011,160
GCTGCCGAGTGGGCACGTCA_012,96
GCTGCCGAGTGGGCACGTCA_013,1
GCTGCCGAGTGGGCACGTCA_014,180
GCTGCCGAGTGGGCACGTCA_015,47
CCACCAGCTTACGCACACCG_001,199
CCACCAGCTTACGCACACCG_002,60
CCACCAGCTTACGCACACCG_003,17
CCACCAGCTTACGCACACCG_004,91
CCACCAGCTTACGCACACCG_005,77
CCACCAGCTTACGCACACCG_006,98
CCACCAGCTTACGCACACCG_007,113
CCACCAGCTTACGCACACCG_008,141
CCACCAGCTTACGCACACCG_009,98
CCACCAGCTTACGCACACCG_010,41
CCACCAGCTTACGCACACCG_011,57
CCACCAGCTTACGCACACCG_012,39
CCACCAGCTTACGCACACCG_013,62
CCACCAGCTTACGCACACCG_014,149
CCACCAGCTTACGCACACCG_015,44
CCACCAGCTTACGCACACCG_016,57
ACAGGACTGTTCCCTGATGT_001,103
ACAGGACTGTTCCCTGATGT_002,103
ACAGGACTGTTCCCTGATGT_003,69
ACAGGACTGTTCCCTGATGT_004,69
ACAGGACTGTTCCCTGATGT_005,12
ACAGGACTGTTCCCTGATGT_006,176
ACAGGACTGTTCCCTGATGT_007,193
ACAGGACTGTTCCCTGATGT_008,63
ACAAACCTAAATATGCCTAG_001,145
ACAAACCTAAATATGCCTAG_002,138
CAACGTTTGTGACTATCAGG_001,149
CAACGTTTGTGACTATCAGG_002,166
CAACGTTTGTGACTATCAGG_003,91
CAACGTTTGTGACTATCAGG_004,12
CAACGTTTGTGACTATCAGG_005,77
CAACGTTTGTGACTATCAGG_006,3
CAACGTTTGTGACTATCAGG_007,162
AGTGCAACAACTGATATGCA_001,12
AGTGCAACAACTGATATGCA_002,42
AGTGCAACAACTGATATGCA_003,154
AGTGCAACAACTGATATGCA_004,0
AGTGCAACAACTGATATGCA_005,97
GTTCCTCAGGAACAATAACG_001,163
GTTCCTCAGGAACAATAACG_002,160
CAGCTAAAAGGACTCCCAAG_001,152
GAGAAGGCGAACTCGTTGAG_001,48
GAGAAGGCGAACTCGTTGAG_002,1
GAGAAGGCGAACTCGTTGAG_003,91
GAGAAGGCGAACTCGTTGAG_004,177
GAGAAGGCGAACTCGTTGAG_005,74
GAGAAGGCGAACTCGTTGAG_006,61
GAGAAGGCGAACTCGTTGAG_007,81
GAGAAGGCGAACTCGTTGAG_008,148
GAGAAGGCGAACTCGTTGAG_009,52
GAGAAGGCGAACTCGTTGAG_010,111
GAGAAGGCGAACTCGTTGAG_011,162
GAGAAGGCGAACTCGTTGAG_012,142
GAGAAGGCGAACTCGTTGAG_013,40
GAGAAGGCGAACTCGTTGAG_014,190
GAGAAGGCGAACTCGTTGAG_015,158
GAGAAGGCGAACTCGTTGAG_016,15
TAAAATGTGACTCACATCCA_001,128
TAAAATGTGACTCACATCCA_002,4
TAAAATGTGACTCACATCCA_003,144
TAAAATGTGACTCACATCCA_004,10
TAAAATGTGACTCACATCCA_005,70
TAAAATGTGACTCACATCCA_006,51
TAAAATGTGACTCACATCCA_007,59
TAAAATGTGACTCACATCCA_008,30
AGCCCCATCTCGAAAGAGCA_001,140
AGCCCCATCTCGAAAGAGCA_002,46
AGCCCCATCTCGAAAGAGCA_003,18
AGCCCCATCTCGAAAGAGCA_004,70
AGCCCCATCTCGAAAGAGCA_005,17
AGCCCCATCTCGAAAGAGCA_006,19
AGCCCCATCTCGAAAGAGCA_007,185
AGCCCCATCTCGAAAGAGCA_008,94
AGCCCCATCTCGAAAGAGCA_009,94
AGCCCCATCTCGAAAGAGCA_010,158
AGCCCCATCTCGAAAGAGCA_011,54
AGCCCCATCTCGAAAGAGCA_012,1
AGCCCCATCTCGAAAGAGCA_013,199
AGCCCCATCTCGAAAGAGCA_014,198
AGCCCCATCTCGAAAGAGCA_015,107
AGCCCCATCTCGAAAGAGCA_016,198
AGCCCCATCTCGAAAGAGCA_017,199
AGCCCCATCTCGAAAGAGCA_018,108
AGCCCCATCTCGAAAGAGCA_019,188
AGCCCCATCTCGAAAGAGCA_020,41
AGCCCCATCTCGAAAGAGCA_021,46
AGCCCCATCTCGAAAGAGCA_022,166
AGCCCCATCTCGAAAGAGCA_023,79
AGCCCCATCTCGAAAGAGCA_024,168
CATGTACCATGACTGGCGGC_001,101
CATGTACCATGACTGGCGGC_002,82
GAGTGAGGATGTGTCCAACA_001,29
GAGTGAGGATGTGTCCAACA_002,85
GAGTGAGGATGTGTCCAACA_003,157
GAGTGAGGATGTGTCCAACA_004,88
GAGTGAGGATGTGTCCAACA_005,69
GAGTGAGGATGTGTCCAACA_006,49
GAGTGAGGATGTGTCCAACA_007,81
GAGTGAGGATGTGTCCAACA_008,150
CTCCAGTATGACGTCTACGA_001,26
CTCCAGTATGACGTCTACGA_002,19
GCGCATACCTTGAAGTACAC_001,105
TCTGGACGGACAGTAGACTG_001,98
TCTGGACGGACAGTAGACTG_002,139
TCTGGACGGACAGTAGACTG_003,106
TCTGGACGGACAGTAGACTG_004,121
TCTGGACGGACAGTAGACTG_005,117
TCTGGACGGACAGTAGACTG_006,137
TCTGGACGGACAGTAGACTG_007,6
TCTGGACGGACAGTAGACTG_008,42
TCTGGACGGACAGTAGACTG_009,196
TCTGGACGGACAGTAGACTG_010,125
TCTGGACGGACAGTAGACTG_011,158
TTAAGCCCCATACATCGGGA_001,3
TTAAGCCCCATACATCGGGA_002,68
TTAAGCCCCATACATCGGGA_003,42
TTAAGCCCCATACATCGGGA_004,88
TTAAGCCCCATACATCGGGA_005,70
TTAAGCCCCATACATCGGGA_006,117
TTAAGCCCCATACATCGGGA_007,0
TTAAGCCCCATACATCGGGA_008,184
TTAAGCCCCATACATCGGGA_009,88
TTAAGCCCCATACATCGGGA_010,141
TTAAGCCCCATACATCGGGA_011,117
TTAAGCCCCATACATCGGGA_012,15
AATATAATGAGATAAAGCAC_001,182
AATATAATGAGATAAAGCAC_002,174
GCGCGAGCTGGACACCATCG_001,130
GCGCGAGCTGGACACCATCG_002,74
GCGCGAGCTGGACACCATCG_003,152
GCGCGAGCTGGACACCATCG_004,39
GCGCGAGCTGGACACCATCG_005,170
GCGCGAGCTGGACACCATCG_006,94
GCGCGAGCTGGACACCATCG_007,167
GCGCGAGCTGGACACCATCG_008,147
GCGCGAGCTGGACACCATCG_009,58
GCGCGAGCTGGACACCATCG_010,17
GCAGCTCCGACGAAGACAAG_001,3
GCAGCTCCGACGAAGACAAG_002,68
GCAGCTCCGACGAAGACAAG_003,155
GCAGCTCCGACGAAGACAAG_004,34
GCAGCTCCGACGAAGACAAG_005,70
TGGGCTGCTGGTGCTACCTG_001,115
TGGGCTGCTGGTGCTACCTG_002,78
TGGGCTGCTGGTGCTACCTG_003,121
TGGGCTGCTGGTGCTACCTG_004,52
AGGGGCAGTGGATATTGACG_001,158
AGGGGCAGTGGATATTGACG_002,84
AGGGGCAGTGGATATTGACG_003,96
AGGGGCAGTGGATATTGACG_004,175
CCCATAGGGACAGCACTGGT_001,152
CCCATAGGGACAGCACTGGT_002,134
CCCATAGGGACAGCACTGGT_003,102
CCCATAGGGACAGCACTGGT_004,82
CCCATAGGGACAGCACTGGT_005,50
CCCATAGGGACAGCACTGGT_006,195
CCCATAGGGACAGCACTGGT_007,137
CCCATAGGGACAGCACTGGT_008,73
CCCATAGGGACAGCACTGGT_009,48
CCCATAGGGACAGCACTGGT_010,49
CCCATAGGGACAGCACTGGT_011,24
CCCATAGGGACAGCACTGGT_012,2
CCCATAGGGACAGCACTGGT_013,48
CGAAGAGAACGAATTTGCGG_001,28
CGAAGAGAACGAATTTGCGG_002,175
TGTTGAGGGCAACAATCTCG_001,144
TGTTGAGGGCAACAATCTCG_002,188
TGTTGAGGGCAACAATCTCG_003,38
AGCTGGCAGGAGCATGCCGG_001,178
AGCTGGCAGGAGCATGCCGG_002,20
AGCTGGCAGGAGCATGCCGG_003,118
AGCTGGCAGGAGCATGCCGG_004,81
AGCTGGCAGGAGCATGCCGG_005,121
AGCTGGCAGGAGCATGCCGG_006,138
AGCTGGCAGGAGCATGCCGG_007,67
AGCTGGCAGGAGCATGCCGG_008,127
AGCTGGCAGGAGCATGCCGG_009,185
AGCTGGCAGGAGCATGCCGG_010,62
AGCTGGCAGGAGCATGCCGG_011,191
AGCTGGCAGGAGCATGCCGG_012,133
AGCTGGCAGGAGCATGCCGG_013,175
AGCTGGCAGGAGCATGCCGG_014,41
AGCTGGCAGGAGCATGCCGG_015,76
AGCTGGCAGGAGCATGCCGG_016,62
AGCTGGCAGGAGCATGCCGG_017,98
AGCTGGCAGGAGCATGCCGG_018,181
AGCTGGCAGGAGCATGCCGG_019,53
AGCTGGCAGGAGCATGCCGG_020,53
AGCTGGCAGGAGCATGCCGG_021,121
AGCTGGCAGGAGCATGCCGG_022,127
AGCTGGCAGGAGCATGCCGG_023,125
AGCTGGCAGGAGCATGCCGG_024,40
AGCTGGCAGGAGCATGCCGG_025,46
AGCTGGCAGGAGCATGCCGG_026,63
AGCTGGCAGGAGCATGCCGG_027,83
AGCTGGCAGGAGCATGCCGG_028,121
AGCTGGCAGGAGCATGCCGG_029,27
AAATGCAGAAGAAGATGTGT_001,13
AAATGCAGAAGAAGATGTGT_002,139
AAATGCAGAAGAAGATGTGT_003,96
AAATGCAGAAGAAGATGTGT_004,92
AAATGCAGAAGAAGATGTGT_005,147
AAATGCAGAAGAAGATGTGT_006,64
AAATGCAGAAGAAGATGTGT_007,65
AAATGCAGAAGAAGATGTGT_008,13
AAATGCAGAAGAAGATGTGT_009,148
AAATGCAGAAGAAGATGTGT_010,106
AAATGCAGAAGAAGATGTGT_011,161
AAATGCAGAAGAAGATGTGT_012,123
AAATGCAGAAGAAGATGTGT_013,196
AAATGCAGAAGAAGATGTGT_014,182
AAATGCAGAAGAAGATGTGT_015,98
AAATGCAGAAGAAGATGTGT_016,72
AAATGCAGAAGAAGATGTGT_017,174
AAATGCAGAAGAAGATGTGT_018,153
AAATGCAGAAGAAGATGTGT_019,2
TCACCGAGAACACATATTCG_001,68
TCACCGAGAACACATATTCG_002,162
TCACCGAGAACACATATTCG_003,108
GGTAGTTCATGATGGCGCGT_001,78
GGTAGTTCATGATGGCGCGT_002,17
GGAGGGACTTGGACAACCCG_001,140
GGAGGGACTTGGACAACCCG_002,1
GGAGGGACTTGGACAACCCG_003,103
GGAGGGACTTGGACAACCCG_004,1
GGAGGGACTTGGACAACCCG_005,196
GGAGGGACTTGGACAACCCG_006,104
GGAGGGACTTGGACAACCCG_007,156
GGAGGGACTTGGACAACCCG_008,185
GGAGGGACTTGGACAACCCG_009,102
GGAGGGACTTGGACAACCCG_010,30
GGAGGGACTTGGACAACCCG_011,34
GGAGGGACTTGGACAACCCG_012,29
GGAGGGACTTGGACAACCCG_013,2
TAGATAGTGCGGACACCCTG_001,166
TAGATAGTGCGGACACCCTG_002,56
TAGATAGTGCGGACACCCTG_003,105
TAGATAGTGCGGACACCCTG_004,60
TAGATAGTGCGGACACCCTG_005,131
TAGATAGTGCGGACACCCTG_006,41
TAGATAGTGCGGACACCCTG_007,89
TAGATAGTGCGGACACCCTG_008,127
TAGATAGTGCGGACACCCTG_009,179
TAGATAGTGCGGACACCCTG_010,83
TAGATAGTGCGGACACCCTG_011,170
TAGATAGTGCGGACACCCTG_012,58
TAGATAGTGCGGACACCCTG_013,115
TAGATAGTGCGGACACCCTG_014,127
TAGATAGTGCGGACACCCTG_015,102
TAGATAGTGCGGACACCCTG_016,128
TAGATAGTGCGGACACCCTG_017,119
TAGATAGTGCGGACACCCTG_018,148
TAGATAGTGCGGACACCCTG_019,117
TAGATAGTGCGGACACCCTG_020,127
TAGATAGTGCGGACACCCTG_021,191
TAGATAGTGCGGACACCCTG_022,133
TAGATAGTGCGGACACCCTG_023,157
CCTGGCAGGCATCGGAATCG_001,172
CCTGGCAGGCATCGGAATCG_002,150
CCTGGCAGGCATCGGAATCG_003,68
CCTGGCAGGCATCGGAATCG_004,5
CCTGGCAGGCATCGGAATCG_005,193
CCTGGCAGGCATCGGAATCG_006,12
CCTGGCAGGCATCGGAATCG_007,26
CCTGGCAGGCATCGGAATCG_008,119
CCTGGCAGGCATCGGAATCG_009,72
CCTGGCAGGCATCGGAATCG_010,22
CCTGGCAGGCATCGGAATCG_011,99
CCTGGCAGGCATCGGAATCG_012,13
CCTGGCAGGCATCGGAATCG_013,60
CCTGGCAGGCATCGGAATCG_014,88
CCTGGCAGGCATCGGAATCG_015,98
CCTGGCAGGCATCGGAATCG_016,166
CCTGGCAGGCATCGGAATCG_017,148
CCTGGCAGGCATCGGAATCG_018,132
CCTGGCAGGCATCGGAATCG_019,178
CCTGGCAGGCATCGGAATCG_020,94
CCTGGCAGGCATCGGAATCG_021,24
CCTGGCAGGCATCGGAATCG_022,183
CCTGGCAGGCATCGGAATCG_023,46
CCTGGCAGGCATCGGAATCG_024,33
CCTGGCAGGCATCGGAATCG_025,16
CCTGGCAGGCATCGGAATCG_026,51
CCTGGCAGGCATCGGAATCG_027,21
CCTGGCAGGCATCGGAATCG_028,56
CCTGGCAGGCATCGGAATCG_029,42
GGCGATAGTACATTGCGAGG_001,105
GGCGATAGTACATTGCGAGG_002,136
GGCGATAGTACATTGCGAGG_003,59
GGCGATAGTACATTGCGAGG_004,187
GGCGATAGTACATTGCGAGG_005,160
GGCGATAGTACATTGCGAGG_006,25
GGCGATAGTACATTGCGAGG_007,149
TGCGGCCCAGACGTGTTCAG_001,68
TGCGGCCCAGACGTGTTCAG_002,42
TGCGGCCCAGACGTGTTCAG_003,106
TGCGGCCCAGACGTGTTCAG_004,151
TGCGGCCCAGACGTGTTCAG_005,172
TGCGGCCCAGACGTGTTCAG_006,170
TGCGGCCCAGACGTGTTCAG_007,43
TGCGGCCCAGACGTGTTCAG_008,94
TGCGGCCCAGACGTGTTCAG_009,81
TGCGGCCCAGACGTGTTCAG_010,77
TGCGGCCCAGACGTGTTCAG_011,38
TGCGGCCCAGACGTGTTCAG_012,15
TGCGGCCCAGACGTGTTCAG_013,61
TGCGGCCCAGACGTGTTCAG_014,88
TGCGGCCCAGACGTGTTCAG_015,1
TGCGGCCCAGACGTGTTCAG_016,56
TGCGGCCCAGACGTGTTCAG_017,22
TGCGGCCCAGACGTGTTCAG_018,66
TGCGGCCCAGACGTGTTCAG_019,140
TGCGGCCCAGACGTGTTCAG_020,199
TGCGGCCCAGACGTGTTCAG_021,62
TGCGGCCCAGACGTGTTCAG_022,28
TGCGGCCCAGACGTGTTCAG_023,159
TGCGGCCCAGACGTGTTCAG_024,29
TGCGGCCCAGACGTGTTCAG_025,61
TGCGGCCCAGACGTGTTCAG_026,36
TGCGGCCCAGACGTGTTCAG_027,31
TGCGGCCCAGACGTGTTCAG_028,150
TGCGGCCCAGACGTGTTCAG_029,67
TGCGGCCCAGACGTGTTCAG_030,148
TGCGGCCCAGACGTGTTCAG_031,198
TGCGGCCCAGACGTGTTCAG_032,117
TGCGGCCCAGACGTGTTCAG_033,27
TGCGGCCCAGACGTGTTCAG_034,61
TGCGGCCCAGACGTGTTCAG_035,162
TGCGGCCCAGACGTGTTCAG_036,158
TGCGGCCCAGACGTGTTCAG_037,165
TGCGGCCCAGACGTGTTCAG_038,56
TCATCCGCTACATACACCAG_001,103
TCATCCGCTACATACACCAG_002,81
TCATCCGCTACATACACCAG_003,12
AAGGGAAGAATGTTGTCCAG_001,46
AAGGGAAGAATGTTGTCCAG_002,81
AAGGGAAGAATGTTGTCCAG_003,76
AAGGGAAGAATGTTGTCCAG_004,61
AAGGGAAGAATGTTGTCCAG_005,175
AAGGGAAGAATGTTGTCCAG_006,42
AAGGGAAGAATGTTGTCCAG_007,108
AAGGGAAGAATGTTGTCCAG_008,133
AAGGGAAGAATGTTGTCCAG_009,145
AAGGGAAGAATGTTGTCCAG_010,57
AAGGGAAGAATGTTGTCCAG_011,187
AAGGGAAGAATGTTGTCCAG_012,79
CCAACGGCAACTGACAATGG_001,102
CCAACGGCAACTGACAATGG_002,188
CCAACGGCAACTGACAATGG_003,176
CCAACGGCAACTGACAATGG_004,112
CCAACGGCAACTGACAATGG_005,118
CCAACGGCAACTGACAATGG_006,156
CCAACGGCAACTGACAATGG_007,63
CCAACGGCAACTGACAATGG_008,175
CCAACGGCAACTGACAATGG_009,125
CCAACGGCAACTGACAATGG_010,17
CCAACGGCAACTGACAATGG_011,197
CCAACGGCAACTGACAATGG_012,16
CCAACGGCAACTGACAATGG_013,170
CCAACGGCAACTGACAATGG_014,169
CCAACGGCAACTGACAATGG_015,105
CCAACGGCAACTGACAATGG_016,27
CCAACGGCAACTGACAATGG_017,29
CCAACGGCAACTGACAATGG_018,0
CCAACGGCAACTGACAATGG_019,111
CCAACGGCAACTGACAATGG_020,89
TAGTCCACATGCATCAAATG_001,155
TAGTCCACATGCATCAAATG_002,84
TAGTCCACATGCATCAAATG_003,146
TAGTCCACATGCATCAAATG_004,162
TAGTCCACATGCATCAAATG_005,166
TAGTCCACATGCATCAAATG_006,92
TAGTCCACATGCATCAAATG_007,117
TAGTCCACATGCATCAAATG_008,55
TAGTCCACATGCATCAAATG_009,70
TAGTCCACATGCATCAAATG_010,99
TAGTCCACATGCATCAAATG_011,37
TAGTCCACATGCATCAAATG_012,82
TAGTCCACATGCATCAAATG_013,136
ACCTTATCATTAAGAAACTG_001,84
CCCTGTGGGACAAAAAGAGG_001,14
CCCTGTGGGACAAAAAGAGG_002,98
CCCTGTGGGACAAAAAGAGG_003,19
CCCTGTGGGACAAAAAGAGG_004,50
CCCTGTGGGACAAAAAGAGG_005,190
CCCTGTGGGACAAAAAGAGG_006,162
GCGGGCGAAAAGTGGCCCCG_001,77
GCGGGCGAAAAGTGGCCCCG_002,150
GCGGGCGAAAAGTGGCCCCG_003,125
GCGGGCGAAAAGTGGCCCCG_004,9
GCGGGCGAAAAGTGGCCCCG_005,15
GCGGGCGAAAAGTGGCCCCG_006,83
TGGAGGCCGAAGAACGCGAA_001,166
TGGAGGCCGAAGAACGCGAA_002,117
TGGAGGCCGAAGAACGCGAA_003,107
TGGAGGCCGAAGAACGCGAA_004,52
TGGAGGCCGAAGAACGCGAA_005,77
AAGGAGAACAAGGTGACATG_001,11
AAGGAGAACAAGGTGACATG_002,115
AAGGAGAACAAGGTGACATG_003,117
AAGGAGAACAAGGTGACATG_004,68
AAGGAGAACAAGGTGACATG_005,150
AAGGAGAACAAGGTGACATG_006,179
AAGGAGAACAAGGTGACATG_007,28
AAGGAGAACAAGGTGACATG_008,78
AAGGAGAACAAGGTGACATG_009,35
AAGGAGAACAAGGTGACATG_010,187
AAGGAGAACAAGGTGACATG_011,43
CTGAATACAACTCATAGATG_001,159
CTGAATACAACTCATAGATG_002,167
CTGAATACAACTCATAGATG_003,152
GCGGCACCGCCACGTCGGAG_001,27
GCGGCACCGCCACGTCGGAG_002,49
GCGGCACCGCCACGTCGGAG_003,95
GCGGCACCGCCACGTCGGAG_004,108
GCGGCACCGCCACGTCGGAG_005,198
GCGGCACCGCCACGTCGGAG_006,68
GCGGCACCGCCACGTCGGAG_007,118
GCGGCACCGCCACGTCGGAG_008,151
GCGGCACCGCCACGTCGGAG_009,12
GCGGCACCGCCACGTCGGAG_010,27
GCGGCACCGCCACGTCGGAG_011,184
ACGGAGGCTAAGCGTCGCAA_001,148
ACGGAGGCTAAGCGTCGCAA_002,178
ACGGAGGCTAAGCGTCGCAA_003,196
ACGGAGGCTAAGCGTCGCAA_004,91
ACGGAGGCTAAGCGTCGCAA_005,97
ACGGAGGCTAAGCGTCGCAA_006,130
ACGGAGGCTAAGCGTCGCAA_007,176
ACGGAGGCTAAGCGTCGCAA_008,128
ACGGAGGCTAAGCGTCGCAA_009,51
ACGGAGGCTAAGCGTCGCAA_010,129
ACGGAGGCTAAGCGTCGCAA_011,148
ACGGAGGCTAAGCGTCGCAA_012,169
ACGGAGGCTAAGCGTCGCAA_013,40
ACGGAGGCTAAGCGTCGCAA_014,92
ACGGAGGCTAAGCGTCGCAA_015,61
ACGGAGGCTAAGCGTCGCAA_016,148
ACGGAGGCTAAGCGTCGCAA_017,155
ACGGAGGCTAAGCGTCGCAA_018,29
ACGGAGGCTAAGCGTCGCAA_019,58
ACGGAGGCTAAGCGTCGCAA_020,197
ACGGAGGCTAAGCGTCGCAA_021,61
ACGGAGGCTAAGCGTCGCAA_022,163
ACGGAGGCTAAGCGTCGCAA_023,68
ACGGAGGCTAAGCGTCGCAA_024,188
ACGGAGGCTAAGCGTCGCAA_025,190
ACGGAGGCTAAGCGTCGCAA_026,49
ACGGAGGCTAAGCGTCGCAA_027,63
ACGGAGGCTAAGCGTCGCAA_028,106
ACGGAGGCTAAGCGTCGCAA_029,173
ACGGAGGCTAAGCGTCGCAA_030,55
ACGGAGGCTAAGCGTCGCAA_031,166
ACGGAGGCTAAGCGTCGCAA_032,6
ACGGAGGCTAAGCGTCGCAA_033,114
ACGGAGGCTAAGCGTCGCAA_034,104
CTCGGTGAAAAGCCGCACTG_001,22
CTCGGTGAAAAGCCGCACTG_002,130
CTCGGTGAAAAGCCGCACTG_003,125
CTCGGTGAAAAGCCGCACTG_004,7
CTCGGTGAAAAGCCGCACTG_005,27
CTCGGTGAAAAGCCGCACTG_006,4
CTCGGTGAAAAGCCGCACTG_007,160
CTCGGTGAAAAGCCGCACTG_008,97
CTCGGTGAAAAGCCGCACTG_009,12
CTCGGTGAAAAGCCGCACTG_010,10
CTCGGTGAAAAGCCGCACTG_011,12
CTCGGTGAAAAGCCGCACTG_012,54
CTCGGTGAAAAGCCGCACTG_013,69
CTCGGTGAAAAGCCGCACTG_014,158
CTCGGTGAAAAGCCGCACTG_015,163
CTCGGTGAAAAGCCGCACTG_016,181
CTCGGTGAAAAGCCGCACTG_017,32
CTCGGTGAAAAGCCGCACTG_018,32
CTCGGTGAAAAGCCGCACTG_019,169
CTCGGTGAAAAGCCGCACTG_020,184
CTCGGTGAAAAGCCGCACTG_021,55
CTCGGTGAAAAGCCGCACTG_022,12
CTCGGTGAAAAGCCGCACTG_023,64
CTCGGTGAAAAGCCGCACTG_024,121
CTCGGTGAAAAGCCGCACTG_025,100
CTCGGTGAAAAGCCGCACTG_026,192
CTCGGTGAAAAGCCGCACTG_027,155
CTCGGTGAAAAGCCGCACTG_028,88
CTCGGTGAAAAGCCGCACTG_029,142
CTCGGTGAAAAGCCGCACTG_030,45
CTCGGTGAAAAGCCGCACTG_031,2
CTCGGTGAAAAGCCGCACTG_032,130
CTCGGTGAAAAGCCGCACTG_033,16
CTCGGTGAAAAGCCGCACTG_034,112
CTCGGTGAAAAGCCGCACTG_035,131
CTCGGTGAAAAGCCGCACTG_036,5
CTCGGTGAAAAGCCGCACTG_037,147
CTCGGTGAAAAGCCGCACTG_038,103
CTCGGTGAAAAGCCGCACTG_039,155
CTCGGTGAAAAGCCGCACTG_040,38
CTCGGTGAAAAGCCGCACTG_041,78
CTCGGTGAAAAGCCGCACTG_042,8
CTCGGTGAAAAGCCGCACTG_043,90
CTCGGTGAAAAGCCGCACTG_044,168
CTCGGTGAAAAGCCGCACTG_045,13
CTCGGTGAAAAGCCGCACTG_046,105
CTCGGTGAAAAGCCGCACTG_047,191
CTCGGTGAAAAGCCGCACTG_048,145
CTCGGTGAAAAGCCGCACTG_049,68
CTCGGTGAAAAGCCGCACTG_050,41
CTCGGTGAAAAGCCGCACTG_051,176
CTCGGTGAAAAGCCGCACTG_052,32
CTCGGTGAAAAGCCGCACTG_053,130
GATTCCGCTTGGTGAAAACG_001,65
GATTCCGCTTGGTGAAAACG_002,82
GATTCCGCTTGGTGAAAACG_003,43
GATTCCGCTTGGTGAAAACG_004,148
GATTCCGCTTGGTGAAAACG_005,55
TGTTCGGGCAAAGCAGATGT_001,181
TGTTCGGGCAAAGCAGATGT_002,88
TGTTCGGGCAAAGCAGATGT_003,168
TGTTCGGGCAAAGCAGATGT_004,112
TGTTCGGGCAAAGCAGATGT_005,129
TGTTCGGGCAAAGCAGATGT_006,160
AAATACAGTGGAGTTCCTGT_001,48
AAATACAGTGGAGTTCCTGT_002,32
AAATACAGTGGAGTTCCTGT_003,108
AAATACAGTGGAGTTCCTGT_004,49
AAATACAGTGGAGTTCCTGT_005,130
AAATACAGTGGAGTTCCTGT_006,38
AAATACAGTGGAGTTCCTGT_007,127
AAATACAGTGGAGTTCCTGT_008,153
AAATACAGTGGAGTTCCTGT_009,166
AAATACAGTGGAGTTCCTGT_010,34
AAATACAGTGGAGTTCCTGT_011,63
CTGTCGGAGGACGAGGACCG_001,162
CTGTCGGAGGACGAGGACCG_002,14
CTGTCGGAGGACGAGGACCG_003,162
CTGTCGGAGGACGAGGACCG_004,38
CTGTCGGAGGACGAGGACCG_005,110
CTGTCGGAGGACGAGGACCG_006,68
CTGTCGGAGGACGAGGACCG_007,116
CTGTCGGAGGACGAGGACCG_008,166
CTGTCGGAGGACGAGGACCG_009,72
CTGTCGGAGGACGAGGACCG_010,169
CTGTCGGAGGACGAGGACCG_011,169
CTGTCGGAGGACGAGGACCG_012,151
CCTCTGAACAGCACGCACCC_001,190
CCTCTGAACAGCACGCACCC_002,102
CCTCTGAACAGCACGCACCC_003,197
CCTCTGAACAGCACGCACCC_004,172
CCTCTGAACAGCACGCACCC_005,49
CCTCTGAACAGCACGCACCC_006,88
CCTCTGAACAGCACGCACCC_007,105
CCTCTGAACAGCACGCACCC_008,115
CCTCTGAACAGCACGCACCC_009,52
CCTCTGAACAGCACGCACCC_010,147
CCTCTGAACAGCACGCACCC_011,68
CCTCTGAACAGCACGCACCC_012,27
CCTCTGAACAGCACGCACCC_013,180
CCTCTGAACAGCACGCACCC_014,28
CCTCTGAACAGCACGCACCC_015,163
GTTGAGAGACACGCTCAGCG_001,57
GTTGAGAGACACGCTCAGCG_002,188
GTTGAGAGACACGCTCAGCG_003,95
GTTGAGAGACACGCTCAGCG_004,10
GTTGAGAGACACGCTCAGCG_005,195
GTTGAGAGACACGCTCAGCG_006,40
GTTGAGAGACACGCTCAGCG_007,161
GTTGAGAGACACGCTCAGCG_008,7
GTTGAGAGACACGCTCAGCG_009,187
GTTGAGAGACACGCTCAGCG_010,112
GTTGAGAGACACGCTCAGCG_011,8
GTTGAGAGACACGCTCAGCG_012,112
GTTGAGAGACACGCTCAGCG_013,127
GTTGAGAGACACGCTCAGCG_014,60
GTTGAGAGACACGCTCAGCG_015,140
GTTGAGAGACACGCTCAGCG_016,117
GTTGAGAGACACGCTCAGCG_017,199
CGTCCCGCACGCGAACGGGA_001,102
CGTCCCGCACGCGAACGGGA_002,158
CGTCCCGCACGCGAACGGGA_003,162
CGTCCCGCACGCGAACGGGA_004,34
CGTCCCGCACGCGAACGGGA_005,62
CGTCCCGCACGCGAACGGGA_006,162
CGTCCCGCACGCGAACGGGA_007,48
CGTCCCGCACGCGAACGGGA_008,48
CGTCCCGCACGCGAACGGGA_009,156
CAAACATGGTATAGTACACA_001,0
CCAAGTGCCAGATTAGAGCA_001,73
CCAAGTGCCAGATTAGAGCA_002,9
CCAAGTGCCAGATTAGAGCA_003,185
CCAAGTGCCAGATTAGAGCA_004,160
CCAAGTGCCAGATTAGAGCA_005,30
CTCAGTGTTCACGCCCCGGG_001,183
CTCAGTGTTCACGCCCCGGG_002,29
CTCAGTGTTCACGCCCCGGG_003,33
CTCAGTGTTCACGCCCCGGG_004,23
CTCAGTGTTCACGCCCCGGG_005,81
CTCAGTGTTCACGCCCCGGG_006,22
CTCAGTGTTCACGCCCCGGG_007,67
CTCAGTGTTCACGCCCCGGG_008,60
CTCAGTGTTCACGCCCCGGG_009,129
CTCAGTGTTCACGCCCCGGG_010,38
CTCAGTGTTCACGCCCCGGG_011,150
CTCAGTGTTCACGCCCCGGG_012,74
CTCAGTGTTCACGCCCCGGG_013,82
CTCAGTGTTCACGCCCCGGG_014,2
CTCAGTGTTCACGCCCCGGG_015,10
CTCAGTGTTCACGCCCCGGG_016,56
CTCAGTGTTCACGCCCCGGG_017,47
TTAGGAAATCAGTCATTGGA_001,40
TTAGGAAATCAGTCATTGGA_002,130
TTAGGAAATCAGTCATTGGA_003,105
TTAGGAAATCAGTCATTGGA_004,41
TTAGGAAATCAGTCATTGGA_005,102
TTAGGAAATCAGTCATTGGA_006,37
TTAGGAAATCAGTCATTGGA_007,33
TTAGGAAATCAGTCATTGGA_008,35
TTAGGAAATCAGTCATTGGA_009,9
TTAGGAAATCAGTCATTGGA_010,85
TTAGGAAATCAGTCATTGGA_011,169
TTAGGAAATCAGTCATTGGA_012,82
TTAGGAAATCAGTCATTGGA_013,141
TTAGGAAATCAGTCATTGGA_014,63
TTAGGAAATCAGTCATTGGA_015,19
TTAGGAAATCAGTCATTGGA_016,62
ATGATGCTGGAAATCGACTT_001,183
ATGATGCTGGAAATCGACTT_002,116
ATGATGCTGGAAATCGACTT_003,19
ATGATGCTGGAAATCGACTT_004,29
ATGATGCTGGAAATCGACTT_005,108
ATGATGCTGGAAATCGACTT_006,15
ATGATGCTGGAAATCGACTT_007,148
ATGATGCTGGAAATCGACTT_008,158
ATGATGCTGGAAATCGACTT_009,58
ATGATGCTGGAAATCGACTT_010,148
ATGATGCTGGAAATCGACTT_011,20
ATGATGCTGGAAATCGACTT_012,28
ATGATGCTGGAAATCGACTT_013,117
ATGATGCTGGAAATCGACTT_014,81
ATGATGCTGGAAATCGACTT_015,50
ATGATGCTGGAAATCGACTT_016,174
ATGATGCTGGAAATCGACTT_017,148
ATGATGCTGGAAATCGACTT_018,30
ATGATGCTGGAAATCGACTT_019,77
ATGATGCTGGAAATCGACTT_020,77
ATGGAAAATGAGCACGTGTG_001,28
ATGGAAAATGAGCACGTGTG_002,62
ATGGAAAATGAGCACGTGTG_003,139
ATGGAAAATGAGCACGTGTG_004,94
ATGGAAAATGAGCACGTGTG_005,177
ATGGAAAATGAGCACGTGTG_006,94
ATGGAAAATGAGCACGTGTG_007,134
ATGGAAAATGAGCACGTGTG_008,120
ATGGAAAATGAGCACGTGTG_009,149
ATGGAAAATGAGCACGTGTG_010,158
ATGGAAAATGAGCACGTGTG_011,147
ATGGAAAATGAGCACGTGTG_012,181
CTCCCTTGTGAAATGGCCGA_001,150
CTCCCTTGTGAAATGGCCGA_002,73
CTCCCTTGTGAAATGGCCGA_003,35
CTCCCTTGTGAAATGGCCGA_004,117
CTCCCTTGTGAAATGGCCGA_005,0
CTCCCTTGTGAAATGGCCGA_006,19
CTCCCTTGTGAAATGGCCGA_007,68
TAATGGAGCTGCAATTCTTG_001,116
TAATGGAGCTGCAATTCTTG_002,35
TAATGGAGCTGCAATTCTTG_003,42
CCAACTTCTCACGTAAACTG_001,74
CCAACTTCTCACGTAAACTG_002,152
CCAACTTCTCACGTAAACTG_003,144
CCAACTTCTCACGTAAACTG_004,49
CCAACTTCTCACGTAAACTG_005,172
CCAACTTCTCACGTAAACTG_006,38
CCAACTTCTCACGTAAACTG_007,102
CCAACTTCTCACGTAAACTG_008,16
CCAACTTCTCACGTAAACTG_009,76
CCAACTTCTCACGTAAACTG_010,37
CCAACTTCTCACGTAAACTG_011,176
CCAACTTCTCACGTAAACTG_012,62
CCAACTTCTCACGTAAACTG_013,9
CCAACTTCTCACGTAAACTG_014,184
CCAACTTCTCACGTAAACTG_015,8
CCAACTTCTCACGTAAACTG_016,78
CCAACTTCTCACGTAAACTG_017,148
CCAACTTCTCACGTAAACTG_018,2
CCAACTTCTCACGTAAACTG_019,115
CCAACTTCTCACGTAAACTG_020,140
TTCAACTCTTATACTCTCAC_001,27
CTTGAGGAGCCCCGACACCG_001,45
CTTGAGGAGCCCCGACACCG_002,135
CTTGAGGAGCCCCGACACCG_003,70
CTTGAGGAGCCCCGACACCG_004,43
CTTGAGGAGCCCCGACACCG_005,113
CTTGAGGAGCCCCGACACCG_006,192
CTTGAGGAGCCCCGACACCG_007,53
CTTGAGGAGCCCCGACACCG_008,120
CTTGAGGAGCCCCGACACCG_009,149
CTTGAGGAGCCCCGACACCG_010,94
CTTGAGGAGCCCCGACACCG_011,117
TTCTTGTTAGGACACGAGGT_001,4
TTCTTGTTAGGACACGAGGT_002,165
TTCTTGTTAGGACACGAGGT_003,191
TTCTTGTTAGGACACGAGGT_004,163
TTCTTGTTAGGACACGAGGT_005,69
TTCTTGTTAGGACACGAGGT_006,49
TTCTTGTTAGGACACGAGGT_007,169
TTCTTGTTAGGACACGAGGT_008,76
TTCTTGTTAGGACACGAGGT_009,158
TTCTTGTTAGGACACGAGGT_010,57
CAAAGTGATCAGCTACTACT_001,173
CAAAGTGATCAGCTACTACT_002,35
CAAAGTGATCAGCTACTACT_003,56
CAAAGTGATCAGCTACTACT_004,3
CAAAGTGATCAGCTACTACT_005,136
CCTCCTTTGATGCGAAACTG_001,53
CCTCCTTTGATGCGAAACTG_002,65
CCTCCTTTGATGCGAAACTG_003,188
CCTCCTTTGATGCGAAACTG_004,169
CCTCCTTTGATGCGAAACTG_005,47
CCTCCTTTGATGCGAAACTG_006,108
CCTCCTTTGATGCGAAACTG_007,26
CCTCCTTTGATGCGAAACTG_008,56
GAAATCCGGAGACATTGGCA_001,105
GAAATCCGGAGACATTGGCA_002,1
GAAATCCGGAGACATTGGCA_003,9
GAAATCCGGAGACATTGGCA_004,184
GAAATCCGGAGACATTGGCA_005,115
GAAATCCGGAGACATTGGCA_006,171
GAAATCCGGAGACATTGGCA_007,105
GAAATCCGGAGACATTGGCA_008,6
GAAATCCGGAGACATTGGCA_009,77
GAAATCCGGAGACATTGGCA_010,19
TCCAGAACATCTGCTCAGAA_001,2
TCCAGAACATCTGCTCAGAA_002,160
TCCAGAACATCTGCTCAGAA_003,42
TCCAGAACATCTGCTCAGAA_004,139
TCCAGAACATCTGCTCAGAA_005,156
TCCAGAACATCTGCTCAGAA_006,151
TCCAGAACATCTGCTCAGAA_007,62
TCCAGAACATCTGCTCAGAA_008,122
TCCAGAACATCTGCTCAGAA_009,12
TCCAGAACATCTGCTCAGAA_010,12
TCCAGAACATCTGCTCAGAA_011,6
CAAGACCTTCAGTCAGAGCA_001,4
CAAGACCTTCAGTCAGAGCA_002,161
CAAGACCTTCAGTCAGAGCA_003,41
CAAGACCTTCAGTCAGAGCA_004,188
CAAGACCTTCAGTCAGAGCA_005,12
CAAGACCTTCAGTCAGAGCA_006,76
CAAGACCTTCAGTCAGAGCA_007,199
CAAGACCTTCAGTCAGAGCA_008,104
CAAGACCTTCAGTCAGAGCA_009,42
CAAGACCTTCAGTCAGAGCA_010,162
CAAGACCTTCAGTCAGAGCA_011,15
CAAGACCTTCAGTCAGAGCA_012,139
CAAGACCTTCAGTCAGAGCA_013,56
CAAGACCTTCAGTCAGAGCA_014,62
CAAGACCTTCAGTCAGAGCA_015,88
CAAGACCTTCAGTCAGAGCA_016,49
CAAGACCTTCAGTCAGAGCA_017,83
CAAGACCTTCAGTCAGAGCA_018,44
CAAGACCTTCAGTCAGAGCA_019,152
CAAGACCTTCAGTCAGAGCA_020,158
CAAGACCTTCAGTCAGAGCA_021,192
CAAGACCTTCAGTCAGAGCA_022,184
CAAGACCTTCAGTCAGAGCA_023,78
CAAGACCTTCAGTCAGAGCA_024,77
CAAGACCTTCAGTCAGAGCA_025,138
CAAGACCTTCAGTCAGAGCA_026,175
CCAGAGTGAACTCTTTCGGG_001,147
CCAGAGTGAACTCTTTCGGG_002,116
CCAGAGTGAACTCTTTCGGG_003,159
CCAGAGTGAACTCTTTCGGG_004,165
CCAGAGTGAACTCTTTCGGG_005,99
CCAGAGTGAACTCTTTCGGG_006,86
CCAGAGTGAACTCTTTCGGG_007,68
CCAGAGTGAACTCTTTCGGG_008,30
CCAGAGTGAACTCTTTCGGG_009,35
CGTGCCTTTACATTCACTTT_001,68
CGTGCCTTTACATTCACTTT_002,192
CGTGCCTTTACATTCACTTT_003,173
CGTGCCTTTACATTCACTTT_004,29
CGTGCCTTTACATTCACTTT_005,70
CGTGCCTTTACATTCACTTT_006,105
CGTGCCTTTACATTCACTTT_007,172
CGTGCCTTTACATTCACTTT_008,174
CGTGCCTTTACATTCACTTT_009,76
CGTGCCTTTACATTCACTTT_010,85
CGTGCCTTTACATTCACTTT_011,19
CGTGCCTTTACATTCACTTT_012,19
TGATAGTATCAGCAGTGATG_001,150
TGATAGTATCAGCAGTGATG_002,141
TGATAGTATCAGCAGTGATG_003,53
TGATAGTATCAGCAGTGATG_004,70
TGATAGTATCAGCAGTGATG_005,50
TGATAGTATCAGCAGTGATG_006,43
TGATAGTATCAGCAGTGATG_007,107
TGATAGTATCAGCAGTGATG_008,108
TGATAGTATCAGCAGTGATG_009,178
TGATAGTATCAGCAGTGATG_010,177
TGATAGTATCAGCAGTGATG_011,69
ATGTCTATTCTATATCCGAG_001,62
ATGTCTATTCTATATCCGAG_002,131
GAGGAGCTTAAACCTCTACA_001,159
GAGGAGCTTAAACCTCTACA_002,134
GAGGAGCTTAAACCTCTACA_003,121
GAGGAGCTTAAACCTCTACA_004,56
GAGGAGCTTAAACCTCTACA_005,9
GAGGAGCTTAAACCTCTACA_006,94
GAGGAGCTTAAACCTCTACA_007,101
GAGGAGCTTAAACCTCTACA_008,171
CCAGGACCAGAATTTGACTG_001,55
CCAGGACCAGAATTTGACTG_002,121
CCAGGACCAGAATTTGACTG_003,17
CCAGGACCAGAATTTGACTG_004,53
CCAGGACCAGAATTTGACTG_005,105
CCAGGACCAGAATTTGACTG_006,70
CCAGGACCAGAATTTGACTG_007,53
CCAGGACCAGAATTTGACTG_008,160
CCAGGACCAGAATTTGACTG_009,124
CCAGGACCAGAATTTGACTG_010,144
ATGGAACTGTACGAGATAGG_001,149
ATGGAACTGTACGAGATAGG_002,161
ATGGAACTGTACGAGATAGG_003,174
AAGCAGAAGAAAGTTCGCGA_001,53
AAGCAGAAGAAAGTTCGCGA_002,159
AAGCAGAAGAAAGTTCGCGA_003,31
AAGCAGAAGAAAGTTCGCGA_004,8
AAGCAGAAGAAAGTTCGCGA_005,150
AAGCAGAAGAAAGTTCGCGA_006,188
AAGCAGAAGAAAGTTCGCGA_007,77
AAGCAGAAGAAAGTTCGCGA_008,14
AAGCAGAAGAAAGTTCGCGA_009,99
AAGCAGAAGAAAGTTCGCGA_010,19
AAGCAGAAGAAAGTTCGCGA_011,121
AAGCAGAAGAAAGTTCGCGA_012,42
AAGCAGAAGAAAGTTCGCGA_013,2
AAGCAGAAGAAAGTTCGCGA_014,63
CATGATGGACAACTCTACTG_001,35
CATGATGGACAACTCTACTG_002,172
CATGATGGACAACTCTACTG_003,144
GTTCCTGCCAATAGACACGG_001,172
GTTCCTGCCAATAGACACGG_002,27
GTTCCTGCCAATAGACACGG_003,78
TCCTTGGCTTCATCACAAAG_001,40
TCCTTGGCTTCATCACAAAG_002,142
TCCTTGGCTTCATCACAAAG_003,56
TCCTTGGCTTCATCACAAAG_004,62
TCCTTGGCTTCATCACAAAG_005,138
TCCTTGGCTTCATCACAAAG_006,63
TCCTTGGCTTCATCACAAAG_007,49
TCCTTGGCTTCATCACAAAG_008,145
TCCTTGGCTTCATCACAAAG_009,136
ACATCCAAGTCTTCTTGATG_001,88
CATTTGCTGCTCGTGCACGG_001,181
CATTTGCTGCTCGTGCACGG_002,2
CATTTGCTGCTCGTGCACGG_003,157
CATTTGCTGCTCGTGCACGG_004,9
CATTTGCTGCTCGTGCACGG_005,186
CATTTGCTGCTCGTGCACGG_006,89
CATTTGCTGCTCGTGCACGG_007,47
CAGCAGTCAGCGTCTGCCGG_001,137
CAGCAGTCAGCGTCTGCCGG_002,2
CAGCAGTCAGCGTCTGCCGG_003,116
CAGCAGTCAGCGTCTGCCGG_004,115
CAGCAGTCAGCGTCTGCCGG_005,43
CAGCAGTCAGCGTCTGCCGG_006,142
CAGCAGTCAGCGTCTGCCGG_007,21
CAGCAGTCAGCGTCTGCCGG_008,199
CAGCAGTCAGCGTCTGCCGG_009,188
CAGCAGTCAGCGTCTGCCGG_010,169
CAGCAGTCAGCGTCTGCCGG_011,75
CAGCAGTCAGCGTCTGCCGG_012,133
CAGCAGTCAGCGTCTGCCGG_013,116
CAGCAGTCAGCGTCTGCCGG_014,77
CAGCAGTCAGCGTCTGCCGG_015,78
CAGCAGTCAGCGTCTGCCGG_016,179
CAGCAGTCAGCGTCTGCCGG_017,17
CAGCAGTCAGCGTCTGCCGG_018,168
CAGCAGTCAGCGTCTGCCGG_019,4
CAGCAGTCAGCGTCTGCCGG_020,2
CAGCAGTCAGCGTCTGCCGG_021,56
CAGCAGTCAGCGTCTGCCGG_022,10
CAGCAGTCAGCGTCTGCCGG_023,149
CAGCAGTCAGCGTCTGCCGG_024,50
CAGCAGTCAGCGTCTGCCGG_025,106
CAGCAGTCAGCGTCTGCCGG_026,86
TTTATCCCACCATTAGAGAG_001,8
TTTATCCCACCATTAGAGAG_002,127
TTTATCCCACCATTAGAGAG_003,60
TTTATCCCACCATTAGAGAG_004,83
TTTATCCCACCATTAGAGAG_005,136
TTTATCCCACCATTAGAGAG_006,2
TTTATCCCACCATTAGAGAG_007,88
TTTATCCCACCATTAGAGAG_008,29
TTTATCCCACCATTAGAGAG_009,108
TTTATCCCACCATTAGAGAG_010,186
TTTATCCCACCATTAGAGAG_011,199
TTTATCCCACCATTAGAGAG_012,106
TTTATCCCACCATTAGAGAG_013,10
TTTATCCCACCATTAGAGAG_014,13
GTGTGCACCGTTCTACAATG_001,187
GTGTGCACCGTTCTACAATG_002,194
GTGTGCACCGTTCTACAATG_003,61
GTGTGCACCGTTCTACAATG_004,76
GCGGAGTGAGCTACTAGGCA_001,197
GCGGAGTGAGCTACTAGGCA_002,142
GCGGAGTGAGCTACTAGGCA_003,116
GCGGAGTGAGCTACTAGGCA_004,158
GCGGAGTGAGCTACTAGGCA_005,98
GCGGAGTGAGCTACTAGGCA_006,117
GCGGAGTGAGCTACTAGGCA_007,113
GCGGAGTGAGCTACTAGGCA_008,102
GCGGAGTGAGCTACTAGGCA_009,149
GCGGAGTGAGCTACTAGGCA_010,198
GCGGAGTGAGCTACTAGGCA_011,40
GCGGAGTGAGCTACTAGGCA_012,43
GCGGAGTGAGCTACTAGGCA_013,141
GCGGAGTGAGCTACTAGGCA_014,79
ATCGACAGAGTCCGTCAAGT_001,20
ATCGACAGAGTCCGTCAAGT_002,80
ATCGACAGAGTCCGTCAAGT_003,104
ATCGACAGAGTCCGTCAAGT_004,9
ATCGACAGAGTCCGTCAAGT_005,150
ATCGACAGAGTCCGTCAAGT_006,18
ATCGACAGAGTCCGTCAAGT_007,8
ATCGACAGAGTCCGTCAAGT_008,50
ATCGACAGAGTCCGTCAAGT_009,46
ATCGACAGAGTCCGTCAAGT_010,116
ATCGACAGAGTCCGTCAAGT_011,141
ATCGACAGAGTCCGTCAAGT_012,121
ATCGACAGAGTCCGTCAAGT_013,43
GGAAGTGATCAATGCACACA_001,30
GGAAGTGATCAATGCACACA_002,148
GGAAGTGATCAATGCACACA_003,57
GGAAGTGATCAATGCACACA_004,178
GGAAGTGATCAATGCACACA_005,154
GGAAGTGATCAATGCACACA_006,173
GGAAGTGATCAATGCACACA_007,173
GGAAGTGATCAATGCACACA_008,42
GGAAGTGATCAATGCACACA_009,150
GGAAGTGATCAATGCACACA_010,30
GGAAGTGATCAATGCACACA_011,150
GGAAGTGATCAATGCACACA_012,150
GGAAGTGATCAATGCACACA_013,58
GGAAGTGATCAATGCACACA_014,57
GGAAGTGATCAATGCACACA_015,29
GGAAGTGATCAATGCACACA_016,75
GCTTATGCGCTACCTCCATG_001,118
GCTTATGCGCTACCTCCATG_002,152
GCTTATGCGCTACCTCCATG_003,76
GCTTATGCGCTACCTCCATG_004,105
GCTTATGCGCTACCTCCATG_005,176
GCTTATGCGCTACCTCCATG_006,76
GCTTATGCGCTACCTCCATG_007,40
GCTTATGCGCTACCTCCATG_008,105
GCTTATGCGCTACCTCCATG_009,65
GCTTATGCGCTACCTCCATG_010,115
GCTTATGCGCTACCTCCATG_011,2
GCTTATGCGCTACCTCCATG_012,84
GCTTATGCGCTACCTCCATG_013,119
GCTTATGCGCTACCTCCATG_014,98
GCTTATGCGCTACCTCCATG_015,123
CAGGACGTGACAAAGGGTCC_001,182
CAGGACGTGACAAAGGGTCC_002,32
CAGGACGTGACAAAGGGTCC_003,101
CAGGACGTGACAAAGGGTCC_004,161
CAGGACGTGACAAAGGGTCC_005,138
CAGGACGTGACAAAGGGTCC_006,48
CAGGACGTGACAAAGGGTCC_007,192
TAGAGGCTGAGTTAGTGACA_001,103
TAGAGGCTGAGTTAGTGACA_002,80
TAGAGGCTGAGTTAGTGACA_003,130
ACGCCCACTCGGGCAAAGAG_001,77
ACGCCCACTCGGGCAAAGAG_002,106
AGTTAAAAAAGGCAGAACGG_001,150
AGTTAAAAAAGGCAGAACGG_002,176
AGTTAAAAAAGGCAGAACGG_003,109
AGTTAAAAAAGGCAGAACGG_004,48
AGTTAAAAAAGGCAGAACGG_005,166
AGTTAAAAAAGGCAGAACGG_006,103
AGTTAAAAAAGGCAGAACGG_007,21
AACCGGGGTTCCCGACACTC_001,198
AACCGGGGTTCCCGACACTC_002,60
AACCGGGGTTCCCGACACTC_003,69
AACCGGGGTTCCCGACACTC_004,160
AACCGGGGTTCCCGACACTC_005,55
AACCGGGGTTCCCGACACTC_006,170
AACCGGGGTTCCCGACACTC_007,151
AACCGGGGTTCCCGACACTC_008,19
AACCGGGGTTCCCGACACTC_009,199
AACCGGGGTTCCCGACACTC_010,75
AACCGGGGTTCCCGACACTC_011,67
AACCGGGGTTCCCGACACTC_012,29
AACCGGGGTTCCCGACACTC_013,174
AACCGGGGTTCCCGACACTC_014,58
AACCGGGGTTCCCGACACTC_015,177
AACCGGGGTTCCCGACACTC_016,147
AACCGGGGTTCCCGACACTC_017,70
AACCGGGGTTCCCGACACTC_018,29
AACCGGGGTTCCCGACACTC_019,199
AACCGGGGTTCCCGACACTC_020,118
AACCGGGGTTCCCGACACTC_021,33
AACCGGGGTTCCCGACACTC_022,20
AACCGGGGTTCCCGACACTC_023,84
AACCGGGGTTCCCGACACTC_024,126
AGCTCTGACCCATACCACAG_001,130
AGCTCTGACCCATACCACAG_002,39
AGCTCTGACCCATACCACAG_003,9
AGCTCTGACCCATACCACAG_004,121
AGCTCTGACCCATACCACAG_005,84
GCACACGGGAGTGAACCGTA_001,169
GCACACGGGAGTGAACCGTA_002,12
GCACACGGGAGTGAACCGTA_003,130
GCACACGGGAGTGAACCGTA_004,15
GCACACGGGAGTGAACCGTA_005,51
GCACACGGGAGTGAACCGTA_006,2
GCACACGGGAGTGAACCGTA_007,163
GCACACGGGAGTGAACCGTA_008,190
TCTGTGATAACTTGTTCTAG_001,105
TGTCTCCTCATAGGCTCCCA_001,185
TGTCTCCTCATAGGCTCCCA_002,187
TGTCTCCTCATAGGCTCCCA_003,182
TGTCTCCTCATAGGCTCCCA_004,12
TGTCTCCTCATAGGCTCCCA_005,178
TGTCTCCTCATAGGCTCCCA_006,178
TGTCTCCTCATAGGCTCCCA_007,81
TGTCTCCTCATAGGCTCCCA_008,101
TGTCTCCTCATAGGCTCCCA_009,102
TGTCTCCTCATAGGCTCCCA_010,12
TGTCTCCTCATAGGCTCCCA_011,158
TGTCTCCTCATAGGCTCCCA_012,19
TGTCTCCTCATAGGCTCCCA_013,19
TGTCTCCTCATAGGCTCCCA_014,41
TGTCTCCTCATAGGCTCCCA_015,132
TGTCTCCTCATAGGCTCCCA_016,86
TGTCTCCTCATAGGCTCCCA_017,145
TGTCTCCTCATAGGCTCCCA_018,144
TGTCTCCTCATAGGCTCCCA_019,119
TGTCTCCTCATAGGCTCCCA_020,77
TGTCTCCTCATAGGCTCCCA_021,12
TGTCTCCTCATAGGCTCCCA_022,129
TGTCTCCTCATAGGCTCCCA_023,198
TGTCTCCTCATAGGCTCCCA_024,22
TGTCTCCTCATAGGCTCCCA_025,102
TGTCTCCTCATAGGCTCCCA_026,114
TGTCTCCTCATAGGCTCCCA_027,27
TGTCTCCTCATAGGCTCCCA_028,144
GGCGGAGGAGGAGGGCCTCG_001,130
GGCGGAGGAGGAGGGCCTCG_002,58
CAGCAAGCGTACTTCATCTG_001,118
CAGCAAGCGTACTTCATCTG_002,171
CAGCAAGCGTACTTCATCTG_003,136
CAGCAAGCGTACTTCATCTG_004,131
AACCTCGAAGATCAGACCCA_001,122
AACCTCGAAGATCAGACCCA_002,144
AACCTCGAAGATCAGACCCA_003,94
AACCTCGAAGATCAGACCCA_004,3
AACCTCGAAGATCAGACCCA_005,64
AACCTCGAAGATCAGACCCA_006,152
AACCTCGAAGATCAGACCCA_007,115
AACCTCGAAGATCAGACCCA_008,144
AACCTCGAAGATCAGACCCA_009,76
AACCTCGAAGATCAGACCCA_010,60
AACCTCGAAGATCAGACCCA_011,156
AACCTCGAAGATCAGACCCA_012,9
AACCTCGAAGATCAGACCCA_013,140
AACCTCGAAGATCAGACCCA_014,198
AACCTCGAAGATCAGACCCA_015,14
AACCTCGAAGATCAGACCCA_016,8
AACCTCGAAGATCAGACCCA_017,199
AACCTCGAAGATCAGACCCA_018,71
AACCTCGAAGATCAGACCCA_019,133
AACCTCGAAGATCAGACCCA_020,75
AACCTCGAAGATCAGACCCA_021,156
AACCTCGAAGATCAGACCCA_022,153
AACCTCGAAGATCAGACCCA_023,34
AACCTCGAAGATCAGACCCA_024,175
AACCTCGAAGATCAGACCCA_025,86
AACCTCGAAGATCAGACCCA_026,130
AACCTCGAAGATCAGACCCA_027,116
AACCTCGAAGATCAGACCCA_028,149
AACCTCGAAGATCAGACCCA_029,131
AACCTCGAAGATCAGACCCA_030,198
AACCTCGAAGATCAGACCCA_031,107
AACCTCGAAGATCAGACCCA_032,126
AACCTCGAAGATCAGACCCA_033,15
AACCTCGAAGATCAGACCCA_034,19
AACCTCGAAGATCAGACCCA_035,199
AACCTCGAAGATCAGACCCA_036,62
ACGCTTACTTATTTGAACCA_001,76
ACGCTTACTTATTTGAACCA_002,138
ACGCTTACTTATTTGAACCA_003,187
ACGCTTACTTATTTGAACCA_004,34
ACGCTTACTTATTTGAACCA_005,19
ACGCTTACTTATTTGAACCA_006,175
ACGCTTACTTATTTGAACCA_007,138
ACGCTTACTTATTTGAACCA_008,90
AGAAGACGAAGCACTCCCAG_001,5
AGAAGACGAAGCACTCCCAG_002,81
AGAAGACGAAGCACTCCCAG_003,72
AGAAGACGAAGCACTCCCAG_004,62
AGAAGACGAAGCACTCCCAG_005,48
AGAAGACGAAGCACTCCCAG_006,15
AGAAGACGAAGCACTCCCAG_007,13
AGAAGACGAAGCACTCCCAG_008,42
AGAAGACGAAGCACTCCCAG_009,172
AGAAGACGAAGCACTCCCAG_010,69
AGAAGACGAAGCACTCCCAG_011,84
AGAAGACGAAGCACTCCCAG_012,141
AGAAGACGAAGCACTCCCAG_013,11
AGAAGACGAAGCACTCCCAG_014,176
TGACTGTAGTCGGACCACAC_001,112
TGACTGTAGTCGGACCACAC_002,162
TGACTGTAGTCGGACCACAC_003,72
TGACTGTAGTCGGACCACAC_004,175
TGACTGTAGTCGGACCACAC_005,141
TGACTGTAGTCGGACCACAC_006,72
TGACTGTAGTCGGACCACAC_007,94
TGACTGTAGTCGGACCACAC_008,152
TGACTGTAGTCGGACCACAC_009,182
TGACTGTAGTCGGACCACAC_010,12
TGACTGTAGTCGGACCACAC_011,150
TGACTGTAGTCGGACCACAC_012,38
TGACTGTAGTCGGACCACAC_013,198
TGACTGTAGTCGGACCACAC_014,139
TGACTGTAGTCGGACCACAC_015,116
TGACTGTAGTCGGACCACAC_016,60
TGACTGTAGTCGGACCACAC_017,158
TGACTGTAGTCGGACCACAC_018,42
TGACTGTAGTCGGACCACAC_019,83
TGACTGTAGTCGGACCACAC_020,98
TGACTGTAGTCGGACCACAC_021,103
TGACTGTAGTCGGACCACAC_022,81
TGACTGTAGTCGGACCACAC_023,72
TGACTGTAGTCGGACCACAC_024,170
TGACTGTAGTCGGACCACAC_025,157
TGACTGTAGTCGGACCACAC_026,157
TGACTGTAGTCGGACCACAC_027,127
TGACTGTAGTCGGACCACAC_028,158
TGACTGTAGTCGGACCACAC_029,125
TGACTGTAGTCGGACCACAC_030,72
TGACTGTAGTCGGACCACAC_031,115
TGACTGTAGTCGGACCACAC_032,106
TGACTGTAGTCGGACCACAC_033,68
TGACTGTAGTCGGACCACAC_034,127
TGACTGTAGTCGGACCACAC_035,48
TGACTGTAGTCGGACCACAC_036,52
TGACTGTAGTCGGACCACAC_037,131
GTGGTCACGTTGCCAGTCAG_001,106
GTGGTCACGTTGCCAGTCAG_002,70
GTGGTCACGTTGCCAGTCAG_003,142
GTGGTCACGTTGCCAGTCAG_004,104
GTGGTCACGTTGCCAGTCAG_005,43
GTGGTCACGTTGCCAGTCAG_006,149
GTGGTCACGTTGCCAGTCAG_007,94
GTGGTCACGTTGCCAGTCAG_008,164
GTGGTCACGTTGCCAGTCAG_009,93
GTGGTCACGTTGCCAGTCAG_010,191
ATCCCAGATGAGTCTCAGAG_001,61
ATCCCAGATGAGTCTCAGAG_002,42
ATCCCAGATGAGTCTCAGAG_003,94
ATCCCAGATGAGTCTCAGAG_004,88
ATCCCAGATGAGTCTCAGAG_005,121
ATCCCAGATGAGTCTCAGAG_006,166
ATCCCAGATGAGTCTCAGAG_007,77
ATCCCAGATGAGTCTCAGAG_008,77
ATCCCAGATGAGTCTCAGAG_009,50
ATCCCAGATGAGTCTCAGAG_010,116
TCGCCTACGCAACCAGAGAG_001,146
TCGCCTACGCAACCAGAGAG_002,49
TCGCCTACGCAACCAGAGAG_003,149
TCGCCTACGCAACCAGAGAG_004,13
TCGCCTACGCAACCAGAGAG_005,35
TCGCCTACGCAACCAGAGAG_006,116
TCGCCTACGCAACCAGAGAG_007,105
TCGCCTACGCAACCAGAGAG_008,80
TCGCCTACGCAACCAGAGAG_009,60
TCGCCTACGCAACCAGAGAG_010,82
TCGCCTACGCAACCAGAGAG_011,175
TCGCCTACGCAACCAGAGAG_012,138
TCGCCTACGCAACCAGAGAG_013,3
TCGCCTACGCAACCAGAGAG_014,118
TCGCCTACGCAACCAGAGAG_015,84
ATTAGGCCTTTTTCTTAACT_001,178
ATTAGGCCTTTTTCTTAACT_002,165
ATTAGGCCTTTTTCTTAACT_003,146
ATTAGGCCTTTTTCTTAACT_004,187
ATTAGGCCTTTTTCTTAACT_005,16
ATTAGGCCTTTTTCTTAACT_006,175
ATTAGGCCTTTTTCTTAACT_007,188
GATGTGATCTATGGTTGCGA_001,105
GATGTGATCTATGGTTGCGA_002,149
GATGTGATCTATGGTTGCGA_003,147
GATGTGATCTATGGTTGCGA_004,42
GATGTGATCTATGGTTGCGA_005,10
GATGTGATCTATGGTTGCGA_006,190
AGTCCATCTTCGGTGCACCA_001,96
AGTCCATCTTCGGTGCACCA_002,39
AGTCCATCTTCGGTGCACCA_003,169
AGTCCATCTTCGGTGCACCA_004,156
AGTCCATCTTCGGTGCACCA_005,127
AGTCCATCTTCGGTGCACCA_006,91
AGTCCATCTTCGGTGCACCA_007,108
AGTCCATCTTCGGTGCACCA_008,149
AGTCCATCTTCGGTGCACCA_009,58
AGTCCATCTTCGGTGCACCA_010,192
AGTCCATCTTCGGTGCACCA_011,5
AGTCCATCTTCGGTGCACCA_012,172
AGTCCATCTTCGGTGCACCA_013,144
AGTCCATCTTCGGTGCACCA_014,57
AGTCCATCTTCGGTGCACCA_015,162
AGTCCATCTTCGGTGCACCA_016,40
AGTCCATCTTCGGTGCACCA_017,27
AGTCCATCTTCGGTGCACCA_018,102
AGTCCATCTTCGGTGCACCA_019,35
AGTCCATCTTCGGTGCACCA_020,71
AGTCCATCTTCGGTGCACCA_021,61
TCTGGGGGCAAAACTACACG_001,149
TCTGGGGGCAAAACTACACG_002,176
TCTGGGGGCAAAACTACACG_003,114
TCTGGGGGCAAAACTACACG_004,77
CCGCGGGAAGTAGCCACCCG_001,30
CCGCGGGAAGTAGCCACCCG_002,137
CCGCGGGAAGTAGCCACCCG_003,144
CCGCGGGAAGTAGCCACCCG_004,138
CCGCGGGAAGTAGCCACCCG_005,138
CCGCGGGAAGTAGCCACCCG_006,23
CCGCGGGAAGTAGCCACCCG_007,23
CCGCGGGAAGTAGCCACCCG_008,76
CCGCGGGAAGTAGCCACCCG_009,137
CCGCGGGAAGTAGCCACCCG_010,44
CCGCGGGAAGTAGCCACCCG_011,3
CCGCGGGAAGTAGCCACCCG_012,96
CCGCGGGAAGTAGCCACCCG_013,80
CCGCGGGAAGTAGCCACCCG_014,108
CCGCGGGAAGTAGCCACCCG_015,151
CCGCGGGAAGTAGCCACCCG_016,56
CCGCGGGAAGTAGCCACCCG_017,50
CCGCGGGAAGTAGCCACCCG_018,133
CCGCGGGAAGTAGCCACCCG_019,150
CCGCGGGAAGTAGCCACCCG_020,102
CCGCGGGAAGTAGCCACCCG_021,61
CCGCGGGAAGTAGCCACCCG_022,57
CCGCGGGAAGTAGCCACCCG_023,111
CCGCGGGAAGTAGCCACCCG_024,184
CCGCGGGAAGTAGCCACCCG_025,58
CCGCGGGAAGTAGCCACCCG_026,155
CCGCGGGAAGTAGCCACCCG_027,112
CCGCGGGAAGTAGCCACCCG_028,131
CCGCGGGAAGTAGCCACCCG_029,83
CCGCGGGAAGTAGCCACCCG_030,40
CCGCGGGAAGTAGCCACCCG_031,146
CCGCGGGAAGTAGCCACCCG_032,68
CCGCGGGAAGTAGCCACCCG_033,28
CCGCGGGAAGTAGCCACCCG_034,169
CCGCGGGAAGTAGCCACCCG_035,16
CCGCGGGAAGTAGCCACCCG_036,88
CCGCGGGAAGTAGCCACCCG_037,175
CCGCGGGAAGTAGCCACCCG_038,94
CCGCGGGAAGTAGCCACCCG_039,106
CCGCGGGAAGTAGCCACCCG_040,137
CCGCGGGAAGTAGCCACCCG_041,117
CCGCGGGAAGTAGCCACCCG_042,187
CCGCGGGAAGTAGCCACCCG_043,187
CCGCGGGAAGTAGCCACCCG_044,149
CCGCGGGAAGTAGCCACCCG_045,12
CCGCGGGAAGTAGCCACCCG_046,165
CCGCGGGAAGTAGCCACCCG_047,168
CCGCGGGAAGTAGCCACCCG_048,108
CATTAGGGACGTGACTGGCG_001,147
CATTAGGGACGTGACTGGCG_002,94
CATTAGGGACGTGACTGGCG_003,70
CATTAGGGACGTGACTGGCG_004,60
CATTAGGGACGTGACTGGCG_005,2
CATTAGGGACGTGACTGGCG_006,169
CATTAGGGACGTGACTGGCG_007,150
CATTAGGGACGTGACTGGCG_008,68
CATTAGGGACGTGACTGGCG_009,127
CATTAGGGACGTGACTGGCG_010,156
CATTAGGGACGTGACTGGCG_011,151
CATTAGGGACGTGACTGGCG_012,48
CATTAGGGACGTGACTGGCG_013,12
CATTAGGGACGTGACTGGCG_014,57
CATTAGGGACGTGACTGGCG_015,90
CATTAGGGACGTGACTGGCG_016,4
CATTAGGGACGTGACTGGCG_017,125
CATTAGGGACGTGACTGGCG_018,50
CATTAGGGACGTGACTGGCG_019,160
CATTAGGGACGTGACTGGCG_020,119
CATTAGGGACGTGACTGGCG_021,162
CATTAGGGACGTGACTGGCG_022,25
CATTAGGGACGTGACTGGCG_023,13
CATTAGGGACGTGACTGGCG_024,35
CATTAGGGACGTGACTGGCG_025,111
CATTAGGGACGTGACTGGCG_026,147
CATTAGGGACGTGACTGGCG_027,48
CATTAGGGACGTGACTGGCG_028,58
CATTAGGGACGTGACTGGCG_029,145
ACACGCACAAGCGATGACCC_001,139
ACACGCACAAGCGATGACCC_002,128
GCACCAAGAAACATGCCATA_001,37
GCACCAAGAAACATGCCATA_002,118
GCACCAAGAAACATGCCATA_003,184
GCACCAAGAAACATGCCATA_004,86
GCACCAAGAAACATGCCATA_005,87
GCACCAAGAAACATGCCATA_006,117
GCACCAAGAAACATGCCATA_007,150
GCACCAAGAAACATGCCATA_008,40
GAGGTCATGCCGTACGCACA_001,77
GAGGTCATGCCGTACGCACA_002,159
GAGGTCATGCCGTACGCACA_003,60
GAGGTCATGCCGTACGCACA_004,15
GAGGTCATGCCGTACGCACA_005,82
GAGGTCATGCCGTACGCACA_006,94
GAGGTCATGCCGTACGCACA_007,126
GAGGTCATGCCGTACGCACA_008,76
GAGGTCATGCCGTACGCACA_009,105
GAGGTCATGCCGTACGCACA_010,74
GAGGTCATGCCGTACGCACA_011,127
GAGGTCATGCCGTACGCACA_012,34
GAGGTCATGCCGTACGCACA_013,1
GAGGTCATGCCGTACGCACA_014,142
GAGGTCATGCCGTACGCACA_015,142
GAGAACTCTCCATCGGCCAC_001,144
GAGAACTCTCCATCGGCCAC_002,37
GAGAACTCTCCATCGGCCAC_003,59
GAGAACTCTCCATCGGCCAC_004,33
GAGAACTCTCCATCGGCCAC_005,163
GAGAACTCTCCATCGGCCAC_006,86
GAGAACTCTCCATCGGCCAC_007,184
GAGAACTCTCCATCGGCCAC_008,65
GAGAACTCTCCATCGGCCAC_009,142
GAGAACTCTCCATCGGCCAC_010,83
GACGTAGCCTTCCGAAATAT_001,27
GACGTAGCCTTCCGAAATAT_002,170
GACGTAGCCTTCCGAAATAT_003,33
GACGTAGCCTTCCGAAATAT_004,187
GACGTAGCCTTCCGAAATAT_005,103
GACGTAGCCTTCCGAAATAT_006,75
GACGTAGCCTTCCGAAATAT_007,130
GACGTAGCCTTCCGAAATAT_008,90
GACGTAGCCTTCCGAAATAT_009,105
GACGTAGCCTTCCGAAATAT_010,113
GACGTAGCCTTCCGAAATAT_011,64
GACGTAGCCTTCCGAAATAT_012,174
GACGTAGCCTTCCGAAATAT_013,195
GACGTAGCCTTCCGAAATAT_014,15
GACGTAGCCTTCCGAAATAT_015,27
TATCCCAAGTACCCACGTCG_001,199
TATCCCAAGTACCCACGTCG_002,42
TATCCCAAGTACCCACGTCG_003,173
TATCCCAAGTACCCACGTCG_004,128
TATCCCAAGTACCCACGTCG_005,4
TATCCCAAGTACCCACGTCG_006,68
TATCCCAAGTACCCACGTCG_007,153
TATCCCAAGTACCCACGTCG_008,117
TGGGCTCCGCACTATCTGCG_001,147
TGGGCTCCGCACTATCTGCG_002,162
TGGGCTCCGCACTATCTGCG_003,102
TGGGCTCCGCACTATCTGCG_004,159
TGGGCTCCGCACTATCTGCG_005,67
TGGGCTCCGCACTATCTGCG_006,118
TGGGCTCCGCACTATCTGCG_007,129
TGGGCTCCGCACTATCTGCG_008,13
TGGGCTCCGCACTATCTGCG_009,30
AAGAAACAAAACAATCAGTG_001,121
AAGAAACAAAACAATCAGTG_002,29
AAGAAACAAAACAATCAGTG_003,96
AAGAAACAAAACAATCAGTG_004,118
AAGAAACAAAACAATCAGTG_005,163
AAGAAACAAAACAATCAGTG_006,154
AAGAAACAAAACAATCAGTG_007,162
AAGAAACAAAACAATCAGTG_008,99
AAGAAACAAAACAATCAGTG_009,128
AAGAAACAAAACAATCAGTG_010,126
AAGAAACAAAACAATCAGTG_011,157
AAGAAACAAAACAATCAGTG_012,36
AAGAAACAAAACAATCAGTG_013,138
AAGAAACAAAACAATCAGTG_014,171
AAGAAACAAAACAATCAGTG_015,145
AAGAAACAAAACAATCAGTG_016,26
AAGAAACAAAACAATCAGTG_017,124
AAGAAACAAAACAATCAGTG_018,37
AAGAAACAAAACAATCAGTG_019,147
AAGAAACAAAACAATCAGTG_020,40
AAGAAACAAAACAATCAGTG_021,142
AAGAAACAAAACAATCAGTG_022,23
GGACGGTGTCATCCAGTGCA_001,130
GTAAAGTTGGTGGTACATCA_001,85
GTAAAGTTGGTGGTACATCA_002,38
GTAAAGTTGGTGGTACATCA_003,182
GTAAAGTTGGTGGTACATCA_004,146
GTAAAGTTGGTGGTACATCA_005,162
GTAAAGTTGGTGGTACATCA_006,68
GTAAAGTTGGTGGTACATCA_007,62
GTAAAGTTGGTGGTACATCA_008,158
GTAAAGTTGGTGGTACATCA_009,76
GTAAAGTTGGTGGTACATCA_010,169
GTAAAGTTGGTGGTACATCA_011,70
GTAAAGTTGGTGGTACATCA_012,145
GTAAAGTTGGTGGTACATCA_013,11
GTAAAGTTGGTGGTACATCA_014,73
GTAAAGTTGGTGGTACATCA_015,94
GTAAAGTTGGTGGTACATCA_016,138
GTAAAGTTGGTGGTACATCA_017,60
GTAAAGTTGGTGGTACATCA_018,69
GCTTCCGTGGACACATAACA_001,149
GCTTCCGTGGACACATAACA_002,194
GCTTCCGTGGACACATAACA_003,191
AGACTAGGAAGGCCACAGCG_001,62
AGACTAGGAAGGCCACAGCG_002,27
AGACTAGGAAGGCCACAGCG_003,81
AGACTAGGAAGGCCACAGCG_004,127
AGACTAGGAAGGCCACAGCG_005,178
AGACTAGGAAGGCCACAGCG_006,98
AGACTAGGAAGGCCACAGCG_007,61
AGACTAGGAAGGCCACAGCG_008,140
TATATGATGAACAAATTGTG_001,58
TATATGATGAACAAATTGTG_002,65
TATATGATGAACAAATTGTG_003,186
TATATGATGAACAAATTGTG_004,159
TATATGATGAACAAATTGTG_005,47
TATATGATGAACAAATTGTG_006,151
TATATGATGAACAAATTGTG_007,70
TATATGATGAACAAATTGTG_008,6
TATATGATGAACAAATTGTG_009,78
TATATGATGAACAAATTGTG_010,157
TATATGATGAACAAATTGTG_011,102
TATATGATGAACAAATTGTG_012,29
TATATGATGAACAAATTGTG_013,188
TATATGATGAACAAATTGTG_014,17
TATATGATGAACAAATTGTG_015,118
TATATGATGAACAAATTGTG_016,12
TATATGATGAACAAATTGTG_017,30
TATATGATGAACAAATTGTG_018,79
TAACGGAAACCAGTCGTTTG_001,38
TAACGGAAACCAGTCGTTTG_002,69
TAACGGAAACCAGTCGTTTG_003,78
TAACGGAAACCAGTCGTTTG_004,177
TAACGGAAACCAGTCGTTTG_005,12
TAACGGAAACCAGTCGTTTG_006,174
TAACGGAAACCAGTCGTTTG_007,36
TAACGGAAACCAGTCGTTTG_008,6
TAACGGAAACCAGTCGTTTG_009,169
TAACGGAAACCAGTCGTTTG_010,191
TAACGGAAACCAGTCGTTTG_011,48
TAACGGAAACCAGTCGTTTG_012,110
TAACGGAAACCAGTCGTTTG_013,13
TAACGGAAACCAGTCGTTTG_014,144
TAACGGAAACCAGTCGTTTG_015,104
TTCTTTACTGATGGTCGTGC_001,89
TTCTTTACTGATGGTCGTGC_002,145
TTCTTTACTGATGGTCGTGC_003,187
TTCTTTACTGATGGTCGTGC_004,155
TTCTTTACTGATGGTCGTGC_005,76
TTCTTTACTGATGGTCGTGC_006,161
TTCTTTACTGATGGTCGTGC_007,27
TTCTTTACTGATGGTCGTGC_008,55
TTCTTTACTGATGGTCGTGC_009,70
TTCTTTACTGATGGTCGTGC_010,122
TTCTTTACTGATGGTCGTGC_011,63
ACAGATGGGCTGGCAGCAGG_001,159
ACAGATGGGCTGGCAGCAGG_002,152
ACAGATGGGCTGGCAGCAGG_003,177
ACAGATGGGCTGGCAGCAGG_004,100
ACAGATGGGCTGGCAGCAGG_005,103
ACAGATGGGCTGGCAGCAGG_006,186
ACAGATGGGCTGGCAGCAGG_007,147
ACAGATGGGCTGGCAGCAGG_008,138
TCGCTGGCCCGTACCTAGGG_001,58
TCGCTGGCCCGTACCTAGGG_002,199
TCGCTGGCCCGTACCTAGGG_003,156
TCGCTGGCCCGTACCTAGGG_004,72
TCGCTGGCCCGTACCTAGGG_005,95
TCGCTGGCCCGTACCTAGGG_006,38
TCGCTGGCCCGTACCTAGGG_007,168
TCGCTGGCCCGTACCTAGGG_008,139
TCGCTGGCCCGTACCTAGGG_009,144
TCGCTGGCCCGTACCTAGGG_010,175
TCGCTGGCCCGTACCTAGGG_011,98
TCGCTGGCCCGTACCTAGGG_012,82
TCGCTGGCCCGTACCTAGGG_013,191
TCGCTGGCCCGTACCTAGGG_014,198
ATAACCGAGAAGGCCCGCTG_001,154
ATAACCGAGAAGGCCCGCTG_002,170
ATAACCGAGAAGGCCCGCTG_003,94
ATAACCGAGAAGGCCCGCTG_004,172
ATAACCGAGAAGGCCCGCTG_005,63
ATAACCGAGAAGGCCCGCTG_006,169
ATAACCGAGAAGGCCCGCTG_007,169
ATAACCGAGAAGGCCCGCTG_008,69
ATAACCGAGAAGGCCCGCTG_009,42
ATAACCGAGAAGGCCCGCTG_010,7
ATAACCGAGAAGGCCCGCTG_011,139
ATAACCGAGAAGGCCCGCTG_012,91
ATAACCGAGAAGGCCCGCTG_013,78
ATAACCGAGAAGGCCCGCTG_014,0
ATAACCGAGAAGGCCCGCTG_015,156
ATAACCGAGAAGGCCCGCTG_016,129
ATAACCGAGAAGGCCCGCTG_017,55
ATAACCGAGAAGGCCCGCTG_018,30
ATAACCGAGAAGGCCCGCTG_019,38
ATAACCGAGAAGGCCCGCTG_020,44
ATAACCGAGAAGGCCCGCTG_021,169
ATAACCGAGAAGGCCCGCTG_022,121
ATAACCGAGAAGGCCCGCTG_023,11
ATAACCGAGAAGGCCCGCTG_024,136
ATAACCGAGAAGGCCCGCTG_025,107
ATAACCGAGAAGGCCCGCTG_026,63
ATAACCGAGAAGGCCCGCTG_027,168
ATAACCGAGAAGGCCCGCTG_028,144
ATAACCGAGAAGGCCCGCTG_029,45
ATAACCGAGAAGGCCCGCTG_030,173
ATAACCGAGAAGGCCCGCTG_031,74
ATAACCGAGAAGGCCCGCTG_032,90
ATAACCGAGAAGGCCCGCTG_033,13
ATAACCGAGAAGGCCCGCTG_034,29
CTGCCCCAGATACACCCTTG_001,193
CTGCCCCAGATACACCCTTG_002,55
CTGCCCCAGATACACCCTTG_003,115
CTGCCCCAGATACACCCTTG_004,72
CTGCCCCAGATACACCCTTG_005,39
CTGCCCCAGATACACCCTTG_006,3
CTGCCCCAGATACACCCTTG_007,199
CTGCCCCAGATACACCCTTG_008,105
CTGCCCCAGATACACCCTTG_009,144
CTGCCCCAGATACACCCTTG_010,180
CTGCCCCAGATACACCCTTG_011,136
GCACGAGGCCCCTACACCGG_001,78
GCACGAGGCCCCTACACCGG_002,28
GCACGAGGCCCCTACACCGG_003,165
GCACGAGGCCCCTACACCGG_004,184
GCACGAGGCCCCTACACCGG_005,25
GCACGAGGCCCCTACACCGG_006,63
GCACGAGGCCCCTACACCGG_007,156
GCACGAGGCCCCTACACCGG_008,156
GCACGAGGCCCCTACACCGG_009,169
GCACGAGGCCCCTACACCGG_010,82
GCACGAGGCCCCTACACCGG_011,184
GCACGAGGCCCCTACACCGG_012,38
GCACGAGGCCCCTACACCGG_013,128
GCACGAGGCCCCTACACCGG_014,33
GCACGAGGCCCCTACACCGG_015,160
GCACGAGGCCCCTACACCGG_016,174
GCACGAGGCCCCTACACCGG_017,158
GCACGAGGCCCCTACACCGG_018,149
GCACGAGGCCCCTACACCGG_019,5
GCACGAGGCCCCTACACCGG_020,158
GCACGAGGCCCCTACACCGG_021,88
GCACGAGGCCCCTACACCGG_022,166
GCACGAGGCCCCTACACCGG_023,168
GCACGAGGCCCCTACACCGG_024,190
GCACGAGGCCCCTACACCGG_025,48
GCACGAGGCCCCTACACCGG_026,145
GCACGAGGCCCCTACACCGG_027,163
GCACGAGGCCCCTACACCGG_028,121
GCACGAGGCCCCTACACCGG_029,94
GCACGAGGCCCCTACACCGG_030,9
GCACGAGGCCCCTACACCGG_031,107
GCACGAGGCCCCTACACCGG_032,88
GCACGAGGCCCCTACACCGG_033,104
GCACGAGGCCCCTACACCGG_034,118
GCACGAGGCCCCTACACCGG_035,157
GCACGAGGCCCCTACACCGG_036,48
GCACGAGGCCCCTACACCGG_037,141
GCACGAGGCCCCTACACCGG_038,40
GCACGAGGCCCCTACACCGG_039,29
GCACGAGGCCCCTACACCGG_040,130
ATTACAAATATAACATACAG_001,126
GGACAGTTTCGACTACGTGA_001,156
GGACAGTTTCGACTACGTGA_002,149
GGACAGTTTCGACTACGTGA_003,8
TCTGATAGAGCAGAGTACCT_001,77
TCTGATAGAGCAGAGTACCT_002,41
TCTGATAGAGCAGAGTACCT_003,154
TGGGACAAGCACACCACCAA_001,48
TGGGACAAGCACACCACCAA_002,78
TGGGACAAGCACACCACCAA_003,6
TGGGACAAGCACACCACCAA_004,77
TGGGACAAGCACACCACCAA_005,78
TGGGACAAGCACACCACCAA_006,5
TGGGACAAGCACACCACCAA_007,75
TGGGACAAGCACACCACCAA_008,58
TGGGACAAGCACACCACCAA_009,169
TGGGACAAGCACACCACCAA_010,56
TGGGACAAGCACACCACCAA_011,138
TGGGACAAGCACACCACCAA_012,97
TGGGACAAGCACACCACCAA_013,79
TGGGACAAGCACACCACCAA_014,19
TGGGACAAGCACACCACCAA_015,126
TGGGACAAGCACACCACCAA_016,17
TGGGACAAGCACACCACCAA_017,24
TGGGACAAGCACACCACCAA_018,21
TGGGACAAGCACACCACCAA_019,82
TGGGACAAGCACACCACCAA_020,15
TGGGACAAGCACACCACCAA_021,174
TGGGACAAGCACACCACCAA_022,194
TGGGACAAGCACACCACCAA_023,83
TGGGACAAGCACACCACCAA_024,150
TGGGACAAGCACACCACCAA_025,44
TGGGACAAGCACACCACCAA_026,78
TGGGACAAGCACACCACCAA_027,105
TGGGACAAGCACACCACCAA_028,151
TGGGACAAGCACACCACCAA_029,78
TGGGACAAGCACACCACCAA_030,81
ACTCAAGCAAATTTGAGCTG_001,121
ACTCAAGCAAATTTGAGCTG_002,171
ACTCAAGCAAATTTGAGCTG_003,123
ACTCAAGCAAATTTGAGCTG_004,175
ACTCAAGCAAATTTGAGCTG_005,80
ACTCAAGCAAATTTGAGCTG_006,169
ACTCAAGCAAATTTGAGCTG_007,10
ACTCAAGCAAATTTGAGCTG_008,106
GCTGCCTTACAACGAGAAGT_001,124
GCTGCCTTACAACGAGAAGT_002,70
GCTGCCTTACAACGAGAAGT_003,2
GCTGCCTTACAACGAGAAGT_004,188
GCTGCCTTACAACGAGAAGT_005,68
GCTGCCTTACAACGAGAAGT_006,87
GCTGCCTTACAACGAGAAGT_007,87
GCTGCCTTACAACGAGAAGT_008,28
GCTGCCTTACAACGAGAAGT_009,106
GTGGAAGCAGAAACCACACA_001,146
GTGGAAGCAGAAACCACACA_002,64
GTGGAAGCAGAAACCACACA_003,191
GTGGAAGCAGAAACCACACA_004,166
GTGGAAGCAGAAACCACACA_005,111
GTGGAAGCAGAAACCACACA_006,134
GTGGAAGCAGAAACCACACA_007,108
GTGGAAGCAGAAACCACACA_008,159
GTGGAAGCAGAAACCACACA_009,48
GTGGAAGCAGAAACCACACA_010,107
GTGGAAGCAGAAACCACACA_011,118
GTGGAAGCAGAAACCACACA_012,119
GTGGAAGCAGAAACCACACA_013,193
GTGCCCTCGGCAGTGTCCTG_001,175
GTGCCCTCGGCAGTGTCCTG_002,0
GTGCCCTCGGCAGTGTCCTG_003,189
GTGCCCTCGGCAGTGTCCTG_004,70
GTGCCCTCGGCAGTGTCCTG_005,84
GTGCCCTCGGCAGTGTCCTG_006,160
GTGCCCTCGGCAGTGTCCTG_007,146
GTGCCCTCGGCAGTGTCCTG_008,77
GTGCCCTCGGCAGTGTCCTG_009,195
GTGCCCTCGGCAGTGTCCTG_010,186
GTGCCCTCGGCAGTGTCCTG_011,173
GTGCCCTCGGCAGTGTCCTG_012,130
GTGCCCTCGGCAGTGTCCTG_013,192
GTGCCCTCGGCAGTGTCCTG_014,15
GTGCCCTCGGCAGTGTCCTG_015,105
GTGCCCTCGGCAGTGTCCTG_016,191
GTGCCCTCGGCAGTGTCCTG_017,15
GTGCCCTCGGCAGTGTCCTG_018,35
GTGCCCTCGGCAGTGTCCTG_019,64
GTGCCCTCGGCAGTGTCCTG_020,81
GTGCCCTCGGCAGTGTCCTG_021,188
GAGGACACTCTGAATCCACG_001,112
GAGGACACTCTGAATCCACG_002,154
GAGGACACTCTGAATCCACG_003,147
ACAAACTCCTCCATTTCCTG_001,70
ACAAACTCCTCCATTTCCTG_002,48
ACAAACTCCTCCATTTCCTG_003,60
ACAAACTCCTCCATTTCCTG_004,169
ACAAACTCCTCCATTTCCTG_005,150
ACAAACTCCTCCATTTCCTG_006,166
ACAAACTCCTCCATTTCCTG_007,193
ACAAACTCCTCCATTTCCTG_008,168
ACAAACTCCTCCATTTCCTG_009,118
ACAAACTCCTCCATTTCCTG_010,151
TAGGAATTGTAGGTATTGAA_001,71
TATGTCGCGATGATGGAACG_001,154
TATGTCGCGATGATGGAACG_002,29
TATGTCGCGATGATGGAACG_003,196
TATGTCGCGATGATGGAACG_004,89
TATGTCGCGATGATGGAACG_005,99
CATTGGCAAAGATCCTCCGA_001,131
CATTGGCAAAGATCCTCCGA_002,172
CATTGGCAAAGATCCTCCGA_003,137
CATTGGCAAAGATCCTCCGA_004,68
CATTGGCAAAGATCCTCCGA_005,1
CATTGGCAAAGATCCTCCGA_006,88
CATTGGCAAAGATCCTCCGA_007,170
CATTGGCAAAGATCCTCCGA_008,177
CATTGGCAAAGATCCTCCGA_009,133
CATTGGCAAAGATCCTCCGA_010,74
CATTGGCAAAGATCCTCCGA_011,35
CATTGGCAAAGATCCTCCGA_012,67
CATTGGCAAAGATCCTCCGA_013,190
CATTGGCAAAGATCCTCCGA_014,169
CATTGGCAAAGATCCTCCGA_015,20
CATTGGCAAAGATCCTCCGA_016,166
CATTGGCAAAGATCCTCCGA_017,34
GTGTGACGTGACAGTCAGCG_001,63
GTGTGACGTGACAGTCAGCG_002,62
GTGTGACGTGACAGTCAGCG_003,42
GTGTGACGTGACAGTCAGCG_004,103
GTGTGACGTGACAGTCAGCG_005,116
GTGTGACGTGACAGTCAGCG_006,139
GTGTGACGTGACAGTCAGCG_007,17
AGGAGTATACAGCATCGAAG_001,138
AGGAGTATACAGCATCGAAG_002,27
AGGAGTATACAGCATCGAAG_003,169
AGGAGTATACAGCATCGAAG_004,184
AGGAGTATACAGCATCGAAG_005,98
AGGAGTATACAGCATCGAAG_006,57
AGGAGTATACAGCATCGAAG_007,57
CTGGAGGATTTCACACCCAG_001,121
CTGGAGGATTTCACACCCAG_002,144
CTGGAGGATTTCACACCCAG_003,160
CTGGAGGATTTCACACCCAG_004,134
CTGGAGGATTTCACACCCAG_005,104
CTGGAGGATTTCACACCCAG_006,157
CTGGAGGATTTCACACCCAG_007,128
CTGGAGGATTTCACACCCAG_008,12
CTGGAGGATTTCACACCCAG_009,78
CTGGAGGATTTCACACCCAG_010,157
CTGGAGGATTTCACACCCAG_011,104
CTGGAGGATTTCACACCCAG_012,79
CTGGAGGATTTCACACCCAG_013,150
CTGGAGGATTTCACACCCAG_014,55
CTGGAGGATTTCACACCCAG_015,170
CTGGAGGATTTCACACCCAG_016,21
CTGGAGGATTTCACACCCAG_017,26
GCCATCGTTGATGCTCAGTG_001,144
GCCATCGTTGATGCTCAGTG_002,162
GCCATCGTTGATGCTCAGTG_003,1
GCCATCGTTGATGCTCAGTG_004,35
GCCATCGTTGATGCTCAGTG_005,196
GCCATCGTTGATGCTCAGTG_006,68
GCCATCGTTGATGCTCAGTG_007,101
GCCATCGTTGATGCTCAGTG_008,31
GCCATCGTTGATGCTCAGTG_009,133
GCCATCGTTGATGCTCAGTG_010,75
GCCATCGTTGATGCTCAGTG_011,0
GCCATCGTTGATGCTCAGTG_012,35
GGTCAACCGGGACCTCAAGT_001,156
GGTCAACCGGGACCTCAAGT_002,57
GGTCAACCGGGACCTCAAGT_003,77
GGTCAACCGGGACCTCAAGT_004,123
GGTCAACCGGGACCTCAAGT_005,147
GGTCAACCGGGACCTCAAGT_006,156
GGTCAACCGGGACCTCAAGT_007,84
ACTGCAAGACAGCATCCAGT_001,53
ACTGCAAGACAGCATCCAGT_002,43
ACTGCAAGACAGCATCCAGT_003,102
ACTGCAAGACAGCATCCAGT_004,101
ACTGCAAGACAGCATCCAGT_005,101
ACTGCAAGACAGCATCCAGT_006,175
ACTGCAAGACAGCATCCAGT_007,172
ACTGCAAGACAGCATCCAGT_008,166
ACTGCAAGACAGCATCCAGT_009,184
ACTGCAAGACAGCATCCAGT_010,190
ACTGCAAGACAGCATCCAGT_011,127
ACTGCAAGACAGCATCCAGT_012,114
ACTGCAAGACAGCATCCAGT_013,4
ACTGCAAGACAGCATCCAGT_014,132
ACTGCAAGACAGCATCCAGT_015,168
ACTGCAAGACAGCATCCAGT_016,94
ACTGCAAGACAGCATCCAGT_017,79
ACTGCAAGACAGCATCCAGT_018,56
ACTGCAAGACAGCATCCAGT_019,2
ACTGCAAGACAGCATCCAGT_020,91
ACTGCAAGACAGCATCCAGT_021,61
ACTGCAAGACAGCATCCAGT_022,2
ACTGCAAGACAGCATCCAGT_023,62
ACTGCAAGACAGCATCCAGT_024,147
ACTGCAAGACAGCATCCAGT_025,76
ACTGCAAGACAGCATCCAGT_026,94
ACTGCAAGACAGCATCCAGT_027,39
ACTGCAAGACAGCATCCAGT_028,179
ACTGCAAGACAGCATCCAGT_029,194
ACTGCAAGACAGCATCCAGT_030,100
ACTGCAAGACAGCATCCAGT_031,125
ACTGCAAGACAGCATCCAGT_032,9
ACTGCAAGACAGCATCCAGT_033,199
ACTGCAAGACAGCATCCAGT_034,168
CCCTGCGTTTCCCCTACGGG_001,158
CCCTGCGTTTCCCCTACGGG_002,30
CCCTGCGTTTCCCCTACGGG_003,87
CCCTGCGTTTCCCCTACGGG_004,199
CCCTGCGTTTCCCCTACGGG_005,141
CCCTGCGTTTCCCCTACGGG_006,23
TGATGATCAAGGTGTCACCC_001,189
AGGGTGACTGCAGGCAACGG_001,176
AGGGTGACTGCAGGCAACGG_002,23
AGGGTGACTGCAGGCAACGG_003,5
AGGGTGACTGCAGGCAACGG_004,119
AGGGTGACTGCAGGCAACGG_005,21
AGGGTGACTGCAGGCAACGG_006,61
AGGGTGACTGCAGGCAACGG_007,144
AGGGTGACTGCAGGCAACGG_008,146
AGGGTGACTGCAGGCAACGG_009,83
AGGGTGACTGCAGGCAACGG_010,4
AGGGTGACTGCAGGCAACGG_011,160
AGGGTGACTGCAGGCAACGG_012,169
AGGGTGACTGCAGGCAACGG_013,65
AGGGTGACTGCAGGCAACGG_014,145
AGGGTGACTGCAGGCAACGG_015,127
AGGGTGACTGCAGGCAACGG_016,182
AGGGTGACTGCAGGCAACGG_017,120
AGGGTGACTGCAGGCAACGG_018,141
AGGGTGACTGCAGGCAACGG_019,125
AGGGTGACTGCAGGCAACGG_020,172
AGGGTGACTGCAGGCAACGG_021,17
AGGGTGACTGCAGGCAACGG_022,19
AGGGTGACTGCAGGCAACGG_023,50
AGGGTGACTGCAGGCAACGG_024,198
AGGGTGACTGCAGGCAACGG_025,183
AGGGTGACTGCAGGCAACGG_026,168
AGGGTGACTGCAGGCAACGG_027,49
AGTCCCAATCCAGCAAGTAG_001,115
AGTCCCAATCCAGCAAGTAG_002,145
AGGCTTCTCTACCAGTACTG_001,2
AGGCTTCTCTACCAGTACTG_002,68
AGGCTTCTCTACCAGTACTG_003,9
AGGCTTCTCTACCAGTACTG_004,138
AAACAGTCACAGTTGACCCT_001,147
AAACAGTCACAGTTGACCCT_002,70
AAACAGTCACAGTTGACCCT_003,8
AAACAGTCACAGTTGACCCT_004,134
AAACAGTCACAGTTGACCCT_005,15
AAACAGTCACAGTTGACCCT_006,52
AAACAGTCACAGTTGACCCT_007,97
AAACAGTCACAGTTGACCCT_008,47
AAACAGTCACAGTTGACCCT_009,19
AAACAGTCACAGTTGACCCT_010,176
AAACAGTCACAGTTGACCCT_011,16
AAACAGTCACAGTTGACCCT_012,115
AAACAGTCACAGTTGACCCT_013,180
AAACAGTCACAGTTGACCCT_014,152
AAACAGTCACAGTTGACCCT_015,106
AAACAGTCACAGTTGACCCT_016,10
AACCGACGATGACAAATACA_001,130
AACCGACGATGACAAATACA_002,141
AACCGACGATGACAAATACA_003,57
AACCGACGATGACAAATACA_004,66
AATGCCAATCTACCATCGAG_001,3
AATGCCAATCTACCATCGAG_002,55
AATGCCAATCTACCATCGAG_003,157
AATGCCAATCTACCATCGAG_004,28
AATGCCAATCTACCATCGAG_005,35
AATGCCAATCTACCATCGAG_006,33
AATGCCAATCTACCATCGAG_007,69
AATGCCAATCTACCATCGAG_008,81
AATGCCAATCTACCATCGAG_009,1
AATGCCAATCTACCATCGAG_010,93
AATGCCAATCTACCATCGAG_011,124
AATGCCAATCTACCATCGAG_012,46
AATGCCAATCTACCATCGAG_013,64
AATGCCAATCTACCATCGAG_014,184
AATGCCAATCTACCATCGAG_015,170
AATGCCAATCTACCATCGAG_016,8
AACTTAGAAGTCCTACTGAG_001,118
AACTTAGAAGTCCTACTGAG_002,82
AACTTAGAAGTCCTACTGAG_003,136
AACTTAGAAGTCCTACTGAG_004,72
AACTTAGAAGTCCTACTGAG_005,162
AACTTAGAAGTCCTACTGAG_006,83
AACTTAGAAGTCCTACTGAG_007,70
AACTTAGAAGTCCTACTGAG_008,160
AACTTAGAAGTCCTACTGAG_009,107
AACTTAGAAGTCCTACTGAG_010,53
AACTTAGAAGTCCTACTGAG_011,181
AACTTAGAAGTCCTACTGAG_012,20
AACTTAGAAGTCCTACTGAG_013,184
AACTTAGAAGTCCTACTGAG_014,28
AACTTAGAAGTCCTACTGAG_015,48
AACTTAGAAGTCCTACTGAG_016,114
AACTTAGAAGTCCTACTGAG_017,97
AACTTAGAAGTCCTACTGAG_018,4
AACTTAGAAGTCCTACTGAG_019,9
AACTTAGAAGTCCTACTGAG_020,71
AACTTAGAAGTCCTACTGAG_021,146
AACTTAGAAGTCCTACTGAG_022,60
AACTTAGAAGTCCTACTGAG_023,82
AACTTAGAAGTCCTACTGAG_024,186
AACTTAGAAGTCCTACTGAG_025,193
AACTTAGAAGTCCTACTGAG_026,112
AACTTAGAAGTCCTACTGAG_027,46
AACTTAGAAGTCCTACTGAG_028,15
AACTTAGAAGTCCTACTGAG_029,34
TGTACACATCATGACATCCA_001,48
TGTACACATCATGACATCCA_002,106
TGTACACATCATGACATCCA_003,197
TGTACACATCATGACATCCA_004,158
AGACTCGGATCTCCTTCTGA_001,194
ACTCTGGAGCAACCCGGACA_001,177
ACTCTGGAGCAACCCGGACA_002,77
ACTCTGGAGCAACCCGGACA_003,49
ACTCTGGAGCAACCCGGACA_004,149
ACTCTGGAGCAACCCGGACA_005,141
ACTCTGGAGCAACCCGGACA_006,127
ACTCTGGAGCAACCCGGACA_007,108
ACTCTGGAGCAACCCGGACA_008,6
ACTCTGGAGCAACCCGGACA_009,125
ACTCTGGAGCAACCCGGACA_010,0
ACTCTGGAGCAACCCGGACA_011,60
ACTCTGGAGCAACCCGGACA_012,88
ACTCTGGAGCAACCCGGACA_013,42
ACTCTGGAGCAACCCGGACA_014,56
ACTCTGGAGCAACCCGGACA_015,82
ACTCTGGAGCAACCCGGACA_016,196
ACTCTGGAGCAACCCGGACA_017,29
ACTCTGGAGCAACCCGGACA_018,107
ACTCTGGAGCAACCCGGACA_019,22
ACTCTGGAGCAACCCGGACA_020,47
ACTCTGGAGCAACCCGGACA_021,166
ACTCTGGAGCAACCCGGACA_022,129
ACTCTGGAGCAACCCGGACA_023,3
ACTCTGGAGCAACCCGGACA_024,180
ACTCTGGAGCAACCCGGACA_025,180
ACTCTGGAGCAACCCGGACA_026,188
ACTCTGGAGCAACCCGGACA_027,155
ATGTGTGATGATTTAGGACG_001,84
ATGTGTGATGATTTAGGACG_002,197
ATGTGTGATGATTTAGGACG_003,15
ATGTGTGATGATTTAGGACG_004,9
ATGTGTGATGATTTAGGACG_005,116
ATGTGTGATGATTTAGGACG_006,43
GGATATCAACCAGAAACTCC_001,178
GGATATCAACCAGAAACTCC_002,47
GGATATCAACCAGAAACTCC_003,4
GGATATCAACCAGAAACTCC_004,162
GGATATCAACCAGAAACTCC_005,51
GGATATCAACCAGAAACTCC_006,32
GGATATCAACCAGAAACTCC_007,94
GCACACGGTCTAGTTCTCAG_001,83
GCACACGGTCTAGTTCTCAG_002,9
GCACACGGTCTAGTTCTCAG_003,197
GCACACGGTCTAGTTCTCAG_004,102
GCACACGGTCTAGTTCTCAG_005,194
GCACACGGTCTAGTTCTCAG_006,83
GCACACGGTCTAGTTCTCAG_007,105
GCACACGGTCTAGTTCTCAG_008,129
GCACACGGTCTAGTTCTCAG_009,105
GCACACGGTCTAGTTCTCAG_010,18
GCACACGGTCTAGTTCTCAG_011,49
GCACACGGTCTAGTTCTCAG_012,137
GCACACGGTCTAGTTCTCAG_013,15
GCACACGGTCTAGTTCTCAG_014,27
GCACACGGTCTAGTTCTCAG_015,19
GCACACGGTCTAGTTCTCAG_016,150
CAAGATCTACCACCCCAACG_001,20
CAAGATCTACCACCCCAACG_002,50
CAAGATCTACCACCCCAACG_003,21
CAAGATCTACCACCCCAACG_004,194
CAAGATCTACCACCCCAACG_005,48
CAAGATCTACCACCCCAACG_006,149
CAAGATCTACCACCCCAACG_007,47
CAAGATCTACCACCCCAACG_008,95
CAAGATCTACCACCCCAACG_009,196
CAAGATCTACCACCCCAACG_010,158
CAAGATCTACCACCCCAACG_011,34
CAAGATCTACCACCCCAACG_012,46
CAAGATCTACCACCCCAACG_013,4
CAAGATCTACCACCCCAACG_014,88
CAAGATCTACCACCCCAACG_015,65
CAAGATCTACCACCCCAACG_016,126
CAAGATCTACCACCCCAACG_017,33
CAAGATCTACCACCCCAACG_018,136
CAAGATCTACCACCCCAACG_019,77
CAAGATCTACCACCCCAACG_020,6
CAAGATCTACCACCCCAACG_021,148
CAAGATCTACCACCCCAACG_022,81
CAAGATCTACCACCCCAACG_023,78
CAAGATCTACCACCCCAACG_024,182
CAAGATCTACCACCCCAACG_025,87
CAAGATCTACCACCCCAACG_026,80
TCACGGACAAGACGAGCAGG_001,115
TCACGGACAAGACGAGCAGG_002,180
TCACGGACAAGACGAGCAGG_003,23
TCACGGACAAGACGAGCAGG_004,163
TCACGGACAAGACGAGCAGG_005,133
TCACGGACAAGACGAGCAGG_006,62
TCACGGACAAGACGAGCAGG_007,37
TCACGGACAAGACGAGCAGG_008,179
TCACGGACAAGACGAGCAGG_009,85
TCACGGACAAGACGAGCAGG_010,25
TCACGGACAAGACGAGCAGG_011,171
TCACGGACAAGACGAGCAGG_012,48
TCACGGACAAGACGAGCAGG_013,130
TCACGGACAAGACGAGCAGG_014,169
TCACGGACAAGACGAGCAGG_015,63
TCACGGACAAGACGAGCAGG_016,5
TCACGGACAAGACGAGCAGG_017,50
TCACGGACAAGACGAGCAGG_018,172
TCACGGACAAGACGAGCAGG_019,98
GGAGGGTGACTCTTCCCGCA_001,136
GCCAAGCTCCACCGAAAGCG_001,149
GCCAAGCTCCACCGAAAGCG_002,169
GCCAAGCTCCACCGAAAGCG_003,48
GCCAAGCTCCACCGAAAGCG_004,125
GCCAAGCTCCACCGAAAGCG_005,108
GCCAAGCTCCACCGAAAGCG_006,129
GCCAAGCTCCACCGAAAGCG_007,66
GCCAAGCTCCACCGAAAGCG_008,63
GCCAAGCTCCACCGAAAGCG_009,168
GCCAAGCTCCACCGAAAGCG_010,9
GCCAAGCTCCACCGAAAGCG_011,68
AAGATACCTACTGCTTAGAA_001,159
AAGATACCTACTGCTTAGAA_002,77
CCTCCAGTGGGACTTCACTG_001,157
CCTCCAGTGGGACTTCACTG_002,182
CCTCCAGTGGGACTTCACTG_003,11
CCTCCAGTGGGACTTCACTG_004,70
CCTCCAGTGGGACTTCACTG_005,111
CCTCCAGTGGGACTTCACTG_006,119
CCTCCAGTGGGACTTCACTG_007,151
CCTCCAGTGGGACTTCACTG_008,50
CCTCCAGTGGGACTTCACTG_009,184
CCTCCAGTGGGACTTCACTG_010,121
CCTCCAGTGGGACTTCACTG_011,177
CCTCCAGTGGGACTTCACTG_012,147
CCTCCAGTGGGACTTCACTG_013,63
CCTCCAGTGGGACTTCACTG_014,198
CCTCCAGTGGGACTTCACTG_015,105
CCTCCAGTGGGACTTCACTG_016,117
CCTCCAGTGGGACTTCACTG_017,50
CCTCCAGTGGGACTTCACTG_018,62
CCTCCAGTGGGACTTCACTG_019,135
CCTCCAGTGGGACTTCACTG_020,156
CCTCCAGTGGGACTTCACTG_021,159
CCTCCAGTGGGACTTCACTG_022,97
CCTCCAGTGGGACTTCACTG_023,56
TTTCGAATCAAGCAGCACGA_001,48
TTTCGAATCAAGCAGCACGA_002,49
TTTCGAATCAAGCAGCACGA_003,134
TTTCGAATCAAGCAGCACGA_004,84
TTTCGAATCAAGCAGCACGA_005,123
TTTCGAATCAAGCAGCACGA_006,190
TTTCGAATCAAGCAGCACGA_007,190
TTTCGAATCAAGCAGCACGA_008,119
TTTCGAATCAAGCAGCACGA_009,2
TTTCGAATCAAGCAGCACGA_010,8
TTTCGAATCAAGCAGCACGA_011,49
TTTCGAATCAAGCAGCACGA_012,96
TTTCGAATCAAGCAGCACGA_013,94
ACTCTGTCTTCCCAATGCGT_001,147
ACTCTGTCTTCCCAATGCGT_002,183
ACTCTGTCTTCCCAATGCGT_003,2
ACTCTGTCTTCCCAATGCGT_004,88
ACTCTGTCTTCCCAATGCGT_005,75
ACTCTGTCTTCCCAATGCGT_006,114
ACTCTGTCTTCCCAATGCGT_007,29
ACTCTGTCTTCCCAATGCGT_008,43
ACAACAACGAGCGCAGCAAG_001,43
ACAACAACGAGCGCAGCAAG_002,17
ACAACAACGAGCGCAGCAAG_003,11
ACAACAACGAGCGCAGCAAG_004,70
ACAACAACGAGCGCAGCAAG_005,141
ACAACAACGAGCGCAGCAAG_006,30
ACAACAACGAGCGCAGCAAG_007,56
ACAACAACGAGCGCAGCAAG_008,26
ACAACAACGAGCGCAGCAAG_009,147
ACAACAACGAGCGCAGCAAG_010,172
ACAACAACGAGCGCAGCAAG_011,81
ACAACAACGAGCGCAGCAAG_012,76
ACAACAACGAGCGCAGCAAG_013,68
ACAACAACGAGCGCAGCAAG_014,52
ACAACAACGAGCGCAGCAAG_015,20
GCTGTCGCACCACCACCACG_001,195
GCTGTCGCACCACCACCACG_002,191
GCTGTCGCACCACCACCACG_003,125
GCTGTCGCACCACCACCACG_004,54
GCTGTCGCACCACCACCACG_005,118
GCTGTCGCACCACCACCACG_006,52
GCTGTCGCACCACCACCACG_007,43
GCTGTCGCACCACCACCACG_008,9
GCTGTCGCACCACCACCACG_009,154
GCTGTCGCACCACCACCACG_010,185
GCTGTCGCACCACCACCACG_011,176
GCTGTCGCACCACCACCACG_012,169
GCTGTCGCACCACCACCACG_013,40
GCTGTCGCACCACCACCACG_014,129
GCTGTCGCACCACCACCACG_015,81
GCTGTCGCACCACCACCACG_016,104
GCTGTCGCACCACCACCACG_017,74
GCTGTCGCACCACCACCACG_018,108
GCTGTCGCACCACCACCACG_019,19
GCTGTCGCACCACCACCACG_020,69
GCTGTCGCACCACCACCACG_021,136
GCTGTCGCACCACCACCACG_022,166
GCTGTCGCACCACCACCACG_023,184
GCTGTCGCACCACCACCACG_024,140
GCTGTCGCACCACCACCACG_025,6
GCTGTCGCACCACCACCACG_026,125
GCTGTCGCACCACCACCACG_027,158
GCTGTCGCACCACCACCACG_028,81
GCTGTCGCACCACCACCACG_029,179
GCTGTCGCACCACCACCACG_030,140
GCTGTCGCACCACCACCACG_031,106
GCTGTCGCACCACCACCACG_032,104
GCTGTCGCACCACCACCACG_033,77
GCTGTCGCACCACCACCACG_034,175
GCTGTCGCACCACCACCACG_035,135
GCTGTCGCACCACCACCACG_036,113
GCTGTCGCACCACCACCACG_037,48
GCTGTCGCACCACCACCACG_038,187
GCTGTCGCACCACCACCACG_039,153
GCTGTCGCACCACCACCACG_040,92
GCTGTCGCACCACCACCACG_041,113
GCTGTCGCACCACCACCACG_042,50
GCTGTCGCACCACCACCACG_043,81
GCTGTCGCACCACCACCACG_044,175
GCTGTCGCACCACCACCACG_045,172
GCTGTCGCACCACCACCACG_046,58
GCTGTCGCACCACCACCACG_047,187
GCTGTCGCACCACCACCACG_048,56
GCTGTCGCACCACCACCACG_049,63
GCTGTCGCACCACCACCACG_050,191
GCTGTCGCACCACCACCACG_051,146
GCTGTCGCACCACCACCACG_052,56
GCTGTCGCACCACCACCACG_053,188
GCTGTCGCACCACCACCACG_054,114
GCTGTCGCACCACCACCACG_055,50
GCTGTCGCACCACCACCACG_056,6
GCTGTCGCACCACCACCACG_057,35
GCTGTCGCACCACCACCACG_058,0
GCTGTCGCACCACCACCACG_059,124
GCTGTCGCACCACCACCACG_060,41
GCTGTCGCACCACCACCACG_061,9
GCTGTCGCACCACCACCACG_062,39
GCTGTCGCACCACCACCACG_063,52
TCTAAAGTCAGACTACTCTG_001,83
TCTAAAGTCAGACTACTCTG_002,51
TCTAAAGTCAGACTACTCTG_003,197
TCTAAAGTCAGACTACTCTG_004,50
TCTAAAGTCAGACTACTCTG_005,45
TCTAAAGTCAGACTACTCTG_006,184
TCTAAAGTCAGACTACTCTG_007,176
TCTAAAGTCAGACTACTCTG_008,31
TCTAAAGTCAGACTACTCTG_009,125
GCCACAGTCCAGGATTCTAA_001,144
GCCACAGTCCAGGATTCTAA_002,43
GCCACAGTCCAGGATTCTAA_003,94
GCCACAGTCCAGGATTCTAA_004,48
GCCACAGTCCAGGATTCTAA_005,41
TGAGGAGCATCACCTTGTCA_001,147
TGAGGAGCATCACCTTGTCA_002,91
TGAGGAGCATCACCTTGTCA_003,56
TGAGGAGCATCACCTTGTCA_004,166
TGAGGAGCATCACCTTGTCA_005,38
TGAGGAGCATCACCTTGTCA_006,198
TGAGGAGCATCACCTTGTCA_007,78
TGAGGAGCATCACCTTGTCA_008,82
TGAGGAGCATCACCTTGTCA_009,85
TGAGGAGCATCACCTTGTCA_010,159
TGAGGAGCATCACCTTGTCA_011,170
TGAGGAGCATCACCTTGTCA_012,116
TGAGGAGCATCACCTTGTCA_013,139
TGAGGAGCATCACCTTGTCA_014,149
GCATTATACAGGGCTCAGTA_001,131
GCATTATACAGGGCTCAGTA_002,86
GCATTATACAGGGCTCAGTA_003,71
GCATTATACAGGGCTCAGTA_004,122
GCATTATACAGGGCTCAGTA_005,155
AGAGCATGATGACCCGTGAC_001,184
AGAGCATGATGACCCGTGAC_002,163
AGAGCATGATGACCCGTGAC_003,146
AGAGCATGATGACCCGTGAC_004,161
AGAGCATGATGACCCGTGAC_005,81
AGAGCATGATGACCCGTGAC_006,55
AGAGCATGATGACCCGTGAC_007,97
AGAGCATGATGACCCGTGAC_008,194
AGAGCATGATGACCCGTGAC_009,36
AGAGCATGATGACCCGTGAC_010,19
AGAGCATGATGACCCGTGAC_011,19
AGAGCATGATGACCCGTGAC_012,78
AGAGCATGATGACCCGTGAC_013,88
AGAGCATGATGACCCGTGAC_014,81
AGAGCATGATGACCCGTGAC_015,125
AGAGCATGATGACCCGTGAC_016,188
AGAGCATGATGACCCGTGAC_017,27
AGAGCATGATGACCCGTGAC_018,138
ATCCAGCGTAAGAATAACAG_001,43
ATCCAGCGTAAGAATAACAG_002,188
ATCCAGCGTAAGAATAACAG_003,103
ATCCAGCGTAAGAATAACAG_004,138
AAAGCGCGCGTATTTAGCTC_001,97
AAAGCGCGCGTATTTAGCTC_002,42
GCTAACGGCCTGCCCCAACG_001,85
GCTAACGGCCTGCCCCAACG_002,42
GCTAACGGCCTGCCCCAACG_003,142
GCTAACGGCCTGCCCCAACG_004,61
GCTAACGGCCTGCCCCAACG_005,137
GCTAACGGCCTGCCCCAACG_006,42
GCTAACGGCCTGCCCCAACG_007,22
GCTAACGGCCTGCCCCAACG_008,29
GCTAACGGCCTGCCCCAACG_009,134
GCTAACGGCCTGCCCCAACG_010,153
GCTAACGGCCTGCCCCAACG_011,153
GCTAACGGCCTGCCCCAACG_012,132
GCTAACGGCCTGCCCCAACG_013,134
GCTAACGGCCTGCCCCAACG_014,81
GCTAACGGCCTGCCCCAACG_015,61
GCTAACGGCCTGCCCCAACG_016,1
GCTAACGGCCTGCCCCAACG_017,6
GCTAACGGCCTGCCCCAACG_018,175
GCTAACGGCCTGCCCCAACG_019,181
GCTAACGGCCTGCCCCAACG_020,78
TCCAGATACGCTTACTGACA_001,82
TCCAGATACGCTTACTGACA_002,140
TCCAGATACGCTTACTGACA_003,33
ACAACGCCAACGTCACCTGG_001,78
ACAACGCCAACGTCACCTGG_002,16
ACAACGCCAACGTCACCTGG_003,146
ACAACGCCAACGTCACCTGG_004,58
ACAACGCCAACGTCACCTGG_005,110
ACAACGCCAACGTCACCTGG_006,118
ACAACGCCAACGTCACCTGG_007,112
ACAACGCCAACGTCACCTGG_008,52
ACAACGCCAACGTCACCTGG_009,166
ACAACGCCAACGTCACCTGG_010,66
ACAACGCCAACGTCACCTGG_011,57
ACAACGCCAACGTCACCTGG_012,104
ACAACGCCAACGTCACCTGG_013,68
ACAACGCCAACGTCACCTGG_014,16
ACAACGCCAACGTCACCTGG_015,34
ACAACGCCAACGTCACCTGG_016,15
ACAACGCCAACGTCACCTGG_017,66
ACAACGCCAACGTCACCTGG_018,54
ACAACGCCAACGTCACCTGG_019,89
ACAACGCCAACGTCACCTGG_020,86
ACAACGCCAACGTCACCTGG_021,137
AGAAATGTACACGACTCATG_001,169
AGAAATGTACACGACTCATG_002,12
AGAAATGTACACGACTCATG_003,81
AGAAATGTACACGACTCATG_004,113
AGAAATGTACACGACTCATG_005,73
AGAAATGTACACGACTCATG_006,149
AGAAATGTACACGACTCATG_007,198
AGAAATGTACACGACTCATG_008,25
AGCCGAGGCAGACTTAGCCG_001,119
AGCCGAGGCAGACTTAGCCG_002,162
AGCCGAGGCAGACTTAGCCG_003,28
AGCCGAGGCAGACTTAGCCG_004,50
AGCCGAGGCAGACTTAGCCG_005,52
AGCCGAGGCAGACTTAGCCG_006,12
AGCCGAGGCAGACTTAGCCG_007,50
AGCCGAGGCAGACTTAGCCG_008,70
AGCCGAGGCAGACTTAGCCG_009,48
AGCCGAGGCAGACTTAGCCG_010,88
AGCCGAGGCAGACTTAGCCG_011,5
CTAACGCAGCAAGATTGCCG_001,131
CTAACGCAGCAAGATTGCCG_002,62
CTAACGCAGCAAGATTGCCG_003,25
CTAACGCAGCAAGATTGCCG_004,107
CTAACGCAGCAAGATTGCCG_005,121
CTAACGCAGCAAGATTGCCG_006,80
CTAACGCAGCAAGATTGCCG_007,62
CTAACGCAGCAAGATTGCCG_008,171
TTTGTTTGGATTGCTTCAAG_001,149
TTTGTTTGGATTGCTTCAAG_002,116
TTTGTTTGGATTGCTTCAAG_003,58
TTTGTTTGGATTGCTTCAAG_004,85
GCAGGAAAGTGACATGCACA_001,54
GCAGGAAAGTGACATGCACA_002,149
GCAGGAAAGTGACATGCACA_003,118
GCAGGAAAGTGACATGCACA_004,117
GCAGGAAAGTGACATGCACA_005,90
GCAGGAAAGTGACATGCACA_006,36
GCAGGAAAGTGACATGCACA_007,28
GCAGGAAAGTGACATGCACA_008,176
GCAGGAAAGTGACATGCACA_009,158
AGTTACCTGTGCAACACTGG_001,149
AGTTACCTGTGCAACACTGG_002,68
AGTTACCTGTGCAACACTGG_003,112
AGTTACCTGTGCAACACTGG_004,137
AGTTACCTGTGCAACACTGG_005,178
AGTTACCTGTGCAACACTGG_006,152
AGTTACCTGTGCAACACTGG_007,72
AGTTACCTGTGCAACACTGG_008,141
AGTTACCTGTGCAACACTGG_009,141
AGTTACCTGTGCAACACTGG_010,56
AGTTACCTGTGCAACACTGG_011,184
AGTTACCTGTGCAACACTGG_012,12
AGTTACCTGTGCAACACTGG_013,184
AGTTACCTGTGCAACACTGG_014,24
AGTTACCTGTGCAACACTGG_015,75
AGTTACCTGTGCAACACTGG_016,58
AGTTACCTGTGCAACACTGG_017,149
AGTTACCTGTGCAACACTGG_018,74
AGTTACCTGTGCAACACTGG_019,108
AGTTACCTGTGCAACACTGG_020,148
AGTTACCTGTGCAACACTGG_021,8
AGTTACCTGTGCAACACTGG_022,178
AGTTACCTGTGCAACACTGG_023,77
AGTTACCTGTGCAACACTGG_024,6
AGTTACCTGTGCAACACTGG_025,69
AGTTACCTGTGCAACACTGG_026,69
AGTTACCTGTGCAACACTGG_027,2
AGTTACCTGTGCAACACTGG_028,165
AGTTACCTGTGCAACACTGG_029,31
AGTTACCTGTGCAACACTGG_030,146
AGTTACCTGTGCAACACTGG_031,149
CTTTAGAGTCCCCATCGAGG_001,182
GATCTGATGTAAAGTAGACA_001,17
GATCTGATGTAAAGTAGACA_002,28
GATCTGATGTAAAGTAGACA_003,156
GATCTGATGTAAAGTAGACA_004,118
GATCTGATGTAAAGTAGACA_005,28
GATCTGATGTAAAGTAGACA_006,158
CATGAGTAAAGTGTGTAACA_001,49
ATGGATGTGGACAGATGCCG_001,121
ATGGATGTGGACAGATGCCG_002,129
ATGGATGTGGACAGATGCCG_003,61
ATGGATGTGGACAGATGCCG_004,26
ATGGATGTGGACAGATGCCG_005,166
ATGGATGTGGACAGATGCCG_006,70
ATGGATGTGGACAGATGCCG_007,105
ATGGATGTGGACAGATGCCG_008,172
ATGGATGTGGACAGATGCCG_009,60
ATGGATGTGGACAGATGCCG_010,139
ATGGATGTGGACAGATGCCG_011,190
ATGGATGTGGACAGATGCCG_012,168
GAGCAGCATTCGGATAAGGA_001,158
GAGCAGCATTCGGATAAGGA_002,120
GAGCAGCATTCGGATAAGGA_003,159
GAGCAGCATTCGGATAAGGA_004,62
GTGGTCGTTGTGACCCAACC_001,170
GTGGTCGTTGTGACCCAACC_002,105
GTGGTCGTTGTGACCCAACC_003,21
GTGGTCGTTGTGACCCAACC_004,170
GTGGTCGTTGTGACCCAACC_005,63
GTGGTCGTTGTGACCCAACC_006,39
TGCAGTGGGACTGATTGCCG_001,12
TGCAGTGGGACTGATTGCCG_002,170
TGCAGTGGGACTGATTGCCG_003,106
TGCAGTGGGACTGATTGCCG_004,60
TGCAGTGGGACTGATTGCCG_005,133
TGCAGTGGGACTGATTGCCG_006,120
TGCAGTGGGACTGATTGCCG_007,90
TGCAGTGGGACTGATTGCCG_008,40
TGCAGTGGGACTGATTGCCG_009,76
TGCAGTGGGACTGATTGCCG_010,41
TGCAGTGGGACTGATTGCCG_011,68
TGCAGTGGGACTGATTGCCG_012,144
TGCAGTGGGACTGATTGCCG_013,1
TGCAGTGGGACTGATTGCCG_014,170
TGCAGTGGGACTGATTGCCG_015,57
TGCAGTGGGACTGATTGCCG_016,119
TTTCCCAGTAGCAATAGGGT_001,154
TTTCCCAGTAGCAATAGGGT_002,121
TTTCCCAGTAGCAATAGGGT_003,144
TTTCCCAGTAGCAATAGGGT_004,42
TTTCCCAGTAGCAATAGGGT_005,148
TTTCCCAGTAGCAATAGGGT_006,10
TTTCCCAGTAGCAATAGGGT_007,2
TTTCCCAGTAGCAATAGGGT_008,24
TTTCCCAGTAGCAATAGGGT_009,154
TTTCCCAGTAGCAATAGGGT_010,151
TTTCCCAGTAGCAATAGGGT_011,6
TTTCCCAGTAGCAATAGGGT_012,153
CTGTCCATAATTAGTCCATG_001,158
CTGTCCATAATTAGTCCATG_002,191
CTGTCCATAATTAGTCCATG_003,41
ATACCCATCCAATCAATCCG_001,63
ATACCCATCCAATCAATCCG_002,194
ATACCCATCCAATCAATCCG_003,65
ATACCCATCCAATCAATCCG_004,40
ATACCCATCCAATCAATCCG_005,188
ATACCCATCCAATCAATCCG_006,87
ATACCCATCCAATCAATCCG_007,87
CCAGATCAAAGTCTTGACGG_001,60
CCAGATCAAAGTCTTGACGG_002,54
CCAGATCAAAGTCTTGACGG_003,5
CCAGATCAAAGTCTTGACGG_004,8
CCAGATCAAAGTCTTGACGG_005,160
CCAGATCAAAGTCTTGACGG_006,116
CCAGATCAAAGTCTTGACGG_007,11
CCAGATCAAAGTCTTGACGG_008,186
CCAGATCAAAGTCTTGACGG_009,150
CCAGATCAAAGTCTTGACGG_010,170
TTCATTCTGAATTGTTGCAG_001,98
TTCATTCTGAATTGTTGCAG_002,192
TTCATTCTGAATTGTTGCAG_003,150
TTCATTCTGAATTGTTGCAG_004,190
CGTGCCACAGATGAAGAAAG_001,28
CGTGCCACAGATGAAGAAAG_002,186
CGTGCCACAGATGAAGAAAG_003,134
CGTGCCACAGATGAAGAAAG_004,102
CGTGCCACAGATGAAGAAAG_005,1
CGTGCCACAGATGAAGAAAG_006,17
CGTGCCACAGATGAAGAAAG_007,149
CGTGCCACAGATGAAGAAAG_008,133
CGTGCCACAGATGAAGAAAG_009,16
CGTGCCACAGATGAAGAAAG_010,5
CGTGCCACAGATGAAGAAAG_011,62
CGTGCCACAGATGAAGAAAG_012,118
CGTGCCACAGATGAAGAAAG_013,48
CGTGCCACAGATGAAGAAAG_014,193
CGTGCCACAGATGAAGAAAG_015,115
CATCTGGTCACGGAAGTACG_001,38
CATCTGGTCACGGAAGTACG_002,148
CATCTGGTCACGGAAGTACG_003,107
CATCTGGTCACGGAAGTACG_004,70
CATCTGGTCACGGAAGTACG_005,167
CATCTGGTCACGGAAGTACG_006,8
CATCTGGTCACGGAAGTACG_007,23
CATCTGGTCACGGAAGTACG_008,148
CATCTGGTCACGGAAGTACG_009,177
CATCTGGTCACGGAAGTACG_010,61
CATCTGGTCACGGAAGTACG_011,98
CATCTGGTCACGGAAGTACG_012,76
CATCTGGTCACGGAAGTACG_013,70
CATCTGGTCACGGAAGTACG_014,83
CATCTGGTCACGGAAGTACG_015,50
CATCTGGTCACGGAAGTACG_016,18
CATCTGGTCACGGAAGTACG_017,102
CATCTGGTCACGGAAGTACG_018,181
CATCTGGTCACGGAAGTACG_019,65
CATCTGGTCACGGAAGTACG_020,110
CATCTGGTCACGGAAGTACG_021,149
CATCTGGTCACGGAAGTACG_022,141
CATCTGGTCACGGAAGTACG_023,154
CATCTGGTCACGGAAGTACG_024,29
CATCTGGTCACGGAAGTACG_025,31
CATCTGGTCACGGAAGTACG_026,28
CATCTGGTCACGGAAGTACG_027,162
CATCTGGTCACGGAAGTACG_028,170
CATCTGGTCACGGAAGTACG_029,128
CATCTGGTCACGGAAGTACG_030,177
CATCTGGTCACGGAAGTACG_031,18
GCGGATGTGGCGAAGCCGCG_001,77
GCGGATGTGGCGAAGCCGCG_002,28
GCGGATGTGGCGAAGCCGCG_003,198
GCGGATGTGGCGAAGCCGCG_004,130
GCGGATGTGGCGAAGCCGCG_005,191
GCGGATGTGGCGAAGCCGCG_006,160
GCGGATGTGGCGAAGCCGCG_007,168
GCGGATGTGGCGAAGCCGCG_008,92
GCGGATGTGGCGAAGCCGCG_009,53
GCGGATGTGGCGAAGCCGCG_010,37
GCGGATGTGGCGAAGCCGCG_011,162
GCGGATGTGGCGAAGCCGCG_012,15
GCGGATGTGGCGAAGCCGCG_013,117
GCGGATGTGGCGAAGCCGCG_014,4
GCGGATGTGGCGAAGCCGCG_015,82
GCGGATGTGGCGAAGCCGCG_016,175
GCGGATGTGGCGAAGCCGCG_017,138
GCGGATGTGGCGAAGCCGCG_018,107
GCGGATGTGGCGAAGCCGCG_019,138
GCGGATGTGGCGAAGCCGCG_020,148
GCGGATGTGGCGAAGCCGCG_021,117
GCGGATGTGGCGAAGCCGCG_022,3
GCGGATGTGGCGAAGCCGCG_023,198
GCGGATGTGGCGAAGCCGCG_024,140
GAAGGGTTTGTACACATCAT_001,163
GAAGGGTTTGTACACATCAT_002,4
GAAGGGTTTGTACACATCAT_003,104
GAAGGGTTTGTACACATCAT_004,29
GAAGGGTTTGTACACATCAT_005,182
GAAGGGTTTGTACACATCAT_006,19
GAAGGGTTTGTACACATCAT_007,8
GAAGGGTTTGTACACATCAT_008,108
TGTGCGGCGGCTCGTCCAAG_001,171
TGTGCGGCGGCTCGTCCAAG_002,21
TGTGCGGCGGCTCGTCCAAG_003,68
TGTGCGGCGGCTCGTCCAAG_004,48
TGTGCGGCGGCTCGTCCAAG_005,106
TGTGCGGCGGCTCGTCCAAG_006,63
TGTGCGGCGGCTCGTCCAAG_007,189
TGTGCGGCGGCTCGTCCAAG_008,151
TGTGCGGCGGCTCGTCCAAG_009,10
TGTGCGGCGGCTCGTCCAAG_010,1
TGTGCGGCGGCTCGTCCAAG_011,9
AAAAGGAGAAATTTCCATCC_001,84
AAAAGGAGAAATTTCCATCC_002,35
AAAAGGAGAAATTTCCATCC_003,159
AAAAGGAGAAATTTCCATCC_004,10
AAAAGGAGAAATTTCCATCC_005,21
AAAAGGAGAAATTTCCATCC_006,123
CCCCCACAGGACTTACCTAG_001,15
CCCCCACAGGACTTACCTAG_002,72
CCCCCACAGGACTTACCTAG_003,48
CCCCCACAGGACTTACCTAG_004,3
CCCCCACAGGACTTACCTAG_005,152
CCCCCACAGGACTTACCTAG_006,15
CCCCCACAGGACTTACCTAG_007,121
CCCCCACAGGACTTACCTAG_008,10
CCCCCACAGGACTTACCTAG_009,124
CCCCCACAGGACTTACCTAG_010,99
CCCCCACAGGACTTACCTAG_011,56
CCCCCACAGGACTTACCTAG_012,152
TCCAGCACCGCCGTCAAGCA_001,20
TCCAGCACCGCCGTCAAGCA_002,125
TCCAGCACCGCCGTCAAGCA_003,120
TCCAGCACCGCCGTCAAGCA_004,1
TCCAGCACCGCCGTCAAGCA_005,139
TCCAGCACCGCCGTCAAGCA_006,166
TCCAGCACCGCCGTCAAGCA_007,68
TCCAGCACCGCCGTCAAGCA_008,108
TCCAGCACCGCCGTCAAGCA_009,161
TCCAGCACCGCCGTCAAGCA_010,8
TCCAGCACCGCCGTCAAGCA_011,4
GCGGGCACAAGGGTACCTAC_001,48
GCGGGCACAAGGGTACCTAC_002,34
GCGGGCACAAGGGTACCTAC_003,1
GCGGGCACAAGGGTACCTAC_004,1
GCGGGCACAAGGGTACCTAC_005,148
GCGGGCACAAGGGTACCTAC_006,77
GCGGGCACAAGGGTACCTAC_007,104
GACCGCGACTCCATGAGCTG_001,50
GACCGCGACTCCATGAGCTG_002,9
GACCGCGACTCCATGAGCTG_003,118
GACCGCGACTCCATGAGCTG_004,22
GACCGCGACTCCATGAGCTG_005,16
GACCGCGACTCCATGAGCTG_006,17
GACCGCGACTCCATGAGCTG_007,107
GACCGCGACTCCATGAGCTG_008,196
GACCGCGACTCCATGAGCTG_009,41
GACCGCGACTCCATGAGCTG_010,41
GACCGCGACTCCATGAGCTG_011,1
GACCGCGACTCCATGAGCTG_012,162
GACCGCGACTCCATGAGCTG_013,41
GACCGCGACTCCATGAGCTG_014,29
GACCGCGACTCCATGAGCTG_015,38
GACCGCGACTCCATGAGCTG_016,105
GACCGCGACTCCATGAGCTG_017,43
GACCGCGACTCCATGAGCTG_018,29
GACCGCGACTCCATGAGCTG_019,29
GACCGCGACTCCATGAGCTG_020,148
GACCGCGACTCCATGAGCTG_021,157
GACCGCGACTCCATGAGCTG_022,103
GACCGCGACTCCATGAGCTG_023,8
GACCGCGACTCCATGAGCTG_024,65
GACCGCGACTCCATGAGCTG_025,58
GACCGCGACTCCATGAGCTG_026,147
GACCGCGACTCCATGAGCTG_027,121
GACCGCGACTCCATGAGCTG_028,88
GACCGCGACTCCATGAGCTG_029,104
GACCGCGACTCCATGAGCTG_030,130
GACCGCGACTCCATGAGCTG_031,20
GACCGCGACTCCATGAGCTG_032,84
GACCGCGACTCCATGAGCTG_033,26
GACCGCGACTCCATGAGCTG_034,139
GACCGCGACTCCATGAGCTG_035,173
GACCGCGACTCCATGAGCTG_036,177
GACCGCGACTCCATGAGCTG_037,10
GACCGCGACTCCATGAGCTG_038,166
GACCGCGACTCCATGAGCTG_039,137
GACCGCGACTCCATGAGCTG_040,105
GACCGCGACTCCATGAGCTG_041,36
GACCGCGACTCCATGAGCTG_042,104
GACCGCGACTCCATGAGCTG_043,68
GATGAAGCCAACGCACACGA_001,177
GATGAAGCCAACGCACACGA_002,69
GATGAAGCCAACGCACACGA_003,191
GATGAAGCCAACGCACACGA_004,5
GATGAAGCCAACGCACACGA_005,151
GATGAAGCCAACGCACACGA_006,69
GATGAAGCCAACGCACACGA_007,127
GATGAAGCCAACGCACACGA_008,197
GATGAAGCCAACGCACACGA_009,8
GATGAAGCCAACGCACACGA_010,48
GATGAAGCCAACGCACACGA_011,150
GATGAAGCCAACGCACACGA_012,81
GATGAAGCCAACGCACACGA_013,113
GATGAAGCCAACGCACACGA_014,48
GATGAAGCCAACGCACACGA_015,22
GATGAAGCCAACGCACACGA_016,49
GATGAAGCCAACGCACACGA_017,116
GATGAAGCCAACGCACACGA_018,165
GATGAAGCCAACGCACACGA_019,170
GATGAAGCCAACGCACACGA_020,144
GATGAAGCCAACGCACACGA_021,179
GATGAAGCCAACGCACACGA_022,96
GATGAAGCCAACGCACACGA_023,43
GATGAAGCCAACGCACACGA_024,127
GATGAAGCCAACGCACACGA_025,150
GATGAAGCCAACGCACACGA_026,1
GATGAAGCCAACGCACACGA_027,88
GATGAAGCCAACGCACACGA_028,5
GATGAAGCCAACGCACACGA_029,96
GATGAAGCCAACGCACACGA_030,10
GATGAAGCCAACGCACACGA_031,84
GATGAAGCCAACGCACACGA_032,106
GATGAAGCCAACGCACACGA_033,62
GATGAAGCCAACGCACACGA_034,105
GATGAAGCCAACGCACACGA_035,15
AGTATTGTGAGGACTGAACA_001,172
AGTATTGTGAGGACTGAACA_002,94
AGTATTGTGAGGACTGAACA_003,105
AGTATTGTGAGGACTGAACA_004,1
AGTATTGTGAGGACTGAACA_005,50
AGTATTGTGAGGACTGAACA_006,61
AGTATTGTGAGGACTGAACA_007,189
AGTATTGTGAGGACTGAACA_008,63
AGTATTGTGAGGACTGAACA_009,199
GGAGCGAGGACTTATTCCCA_001,138
GGAGCGAGGACTTATTCCCA_002,188
GGAGCGAGGACTTATTCCCA_003,151
GGAGCGAGGACTTATTCCCA_004,22
GGAGCGAGGACTTATTCCCA_005,135
GGAGCGAGGACTTATTCCCA_006,172
GGAGCGAGGACTTATTCCCA_007,11
GGAGCGAGGACTTATTCCCA_008,105
GGAGCGAGGACTTATTCCCA_009,45
GGAGCGAGGACTTATTCCCA_010,69
AAATAAACACATCACCCACG_001,88
AAATAAACACATCACCCACG_002,126
AAATAAACACATCACCCACG_003,171
AAATAAACACATCACCCACG_004,141
AAATAAACACATCACCCACG_005,94
AAATAAACACATCACCCACG_006,175
AAATAAACACATCACCCACG_007,124
AAATAAACACATCACCCACG_008,180
AATATGGGCTGGAATCTCGT_001,165
AATATGGGCTGGAATCTCGT_002,52
AATATGGGCTGGAATCTCGT_003,190
AATATGGGCTGGAATCTCGT_004,118
AATATGGGCTGGAATCTCGT_005,98
AATATGGGCTGGAATCTCGT_006,56
AATATGGGCTGGAATCTCGT_007,171
GGCATGGAGGGTCATAGCTG_001,55
GGCATGGAGGGTCATAGCTG_002,186
GGCATGGAGGGTCATAGCTG_003,73
GGCATGGAGGGTCATAGCTG_004,75
GGCATGGAGGGTCATAGCTG_005,147
GGCATGGAGGGTCATAGCTG_006,152
GGCATGGAGGGTCATAGCTG_007,3
GGCATGGAGGGTCATAGCTG_008,95
GGCATGGAGGGTCATAGCTG_009,107
GGCATGGAGGGTCATAGCTG_010,29
GGCATGGAGGGTCATAGCTG_011,147
GGCATGGAGGGTCATAGCTG_012,123
ACTACCACTTGAATACATGG_001,138
ACTACCACTTGAATACATGG_002,180
ACTACCACTTGAATACATGG_003,17
ACTACCACTTGAATACATGG_004,34
ACTACCACTTGAATACATGG_005,189
ACTACCACTTGAATACATGG_006,1
ACTACCACTTGAATACATGG_007,146
ACAGCGTGGGATGTTCACAA_001,107
ACAGCGTGGGATGTTCACAA_002,105
ACAGCGTGGGATGTTCACAA_003,95
ACAGCGTGGGATGTTCACAA_004,178
ACAGCGTGGGATGTTCACAA_005,45
ACAGCGTGGGATGTTCACAA_006,123
ACAGCGTGGGATGTTCACAA_007,89
ACAGCGTGGGATGTTCACAA_008,52
ACAGCGTGGGATGTTCACAA_009,84
ACAGCGTGGGATGTTCACAA_010,158
ACAGCGTGGGATGTTCACAA_011,180
ACAGCGTGGGATGTTCACAA_012,199
ACAGCGTGGGATGTTCACAA_013,184
ACAGCGTGGGATGTTCACAA_014,145
ACAGCGTGGGATGTTCACAA_015,103
ACAGCGTGGGATGTTCACAA_016,61
ACAGCGTGGGATGTTCACAA_017,183
ACAGCGTGGGATGTTCACAA_018,58
ACAGCGTGGGATGTTCACAA_019,43
ACAGCGTGGGATGTTCACAA_020,188
ACAGCGTGGGATGTTCACAA_021,158
ACAGCGTGGGATGTTCACAA_022,82
ACAGCGTGGGATGTTCACAA_023,148
ACAGCGTGGGATGTTCACAA_024,76
ACAGCGTGGGATGTTCACAA_025,27
ACAGCGTGGGATGTTCACAA_026,4
ACAGCGTGGGATGTTCACAA_027,54
GTCTTGTATCACACGAACTG_001,39
GTGTGGTACTGTTATCACGT_001,186
GTGTGGTACTGTTATCACGT_002,119
GTGTGGTACTGTTATCACGT_003,121
GTGTGGTACTGTTATCACGT_004,116
GTGTGGTACTGTTATCACGT_005,43
GTGTGGTACTGTTATCACGT_006,40
ATAATCTAACTGTACAACAC_001,15
CTTATTCTTTATTCCCATGG_001,9
CTTATTCTTTATTCCCATGG_002,56
CTTATTCTTTATTCCCATGG_003,162
CTTATTCTTTATTCCCATGG_004,90
GGTCAGTCTGTTCAACAAGT_001,62
GGTCAGTCTGTTCAACAAGT_002,33
GGTCAGTCTGTTCAACAAGT_003,88
GGTCAGTCTGTTCAACAAGT_004,158
GGTCAGTCTGTTCAACAAGT_005,76
GGTCAGTCTGTTCAACAAGT_006,119
GGTCAGTCTGTTCAACAAGT_007,15
ATTTCCTGCTACACCAGAGG_001,78
ATTTCCTGCTACACCAGAGG_002,82
ATTTCCTGCTACACCAGAGG_003,149
ATTTCCTGCTACACCAGAGG_004,130
GGCAGGTAGAATCCCAGCAG_001,19
GGCAGGTAGAATCCCAGCAG_002,105
GGCAGGTAGAATCCCAGCAG_003,161
GGCAGGTAGAATCCCAGCAG_004,124
GGCAGGTAGAATCCCAGCAG_005,103
GGCAGGTAGAATCCCAGCAG_006,19
GGCAGGTAGAATCCCAGCAG_007,199
GGCAGGTAGAATCCCAGCAG_008,157
GGCAGGTAGAATCCCAGCAG_009,144
GGCAGGTAGAATCCCAGCAG_010,47
GGCAGGTAGAATCCCAGCAG_011,82
GGCAGGTAGAATCCCAGCAG_012,171
GGCAGGTAGAATCCCAGCAG_013,12
GGCAGGTAGAATCCCAGCAG_014,190
GGCAGGTAGAATCCCAGCAG_015,140
GGCAGGTAGAATCCCAGCAG_016,50
GGCAGGTAGAATCCCAGCAG_017,91
GCCGGCCCTTGCCATACACG_001,119
GCCGGCCCTTGCCATACACG_002,93
GCCGGCCCTTGCCATACACG_003,27
GCCGGCCCTTGCCATACACG_004,5
GCCGGCCCTTGCCATACACG_005,80
GCCGGCCCTTGCCATACACG_006,141
GCCGGCCCTTGCCATACACG_007,12
GCCGGCCCTTGCCATACACG_008,61
GCCGGCCCTTGCCATACACG_009,12
GCCGGCCCTTGCCATACACG_010,112
GCCGGCCCTTGCCATACACG_011,71
GCCGGCCCTTGCCATACACG_012,149
GCCGGCCCTTGCCATACACG_013,43
GATCAGTACAGAAAACAAAT_001,198
GATCAGTACAGAAAACAAAT_002,127
GATCAGTACAGAAAACAAAT_003,172
GATCAGTACAGAAAACAAAT_004,131
GATCAGTACAGAAAACAAAT_005,124
GATCAGTACAGAAAACAAAT_006,118
GATCAGTACAGAAAACAAAT_007,153
TTTGGATTGGCAGATCATGG_001,138
TTTGGATTGGCAGATCATGG_002,168
TTTGGATTGGCAGATCATGG_003,111
TTTGGATTGGCAGATCATGG_004,114
TTTGGATTGGCAGATCATGG_005,68
TTTGGATTGGCAGATCATGG_006,106
AGCATCTAGCAGAGATCAAG_001,116
AGCATCTAGCAGAGATCAAG_002,66
AGCATCTAGCAGAGATCAAG_003,52
AGCATCTAGCAGAGATCAAG_004,33
AGCATCTAGCAGAGATCAAG_005,18
AGCATCTAGCAGAGATCAAG_006,148
AGCATCTAGCAGAGATCAAG_007,154
AGCATCTAGCAGAGATCAAG_008,188
AGCATCTAGCAGAGATCAAG_009,58
AGCATCTAGCAGAGATCAAG_010,62
AGCATCTAGCAGAGATCAAG_011,38
ATTCCTGTGTAGCATCAAGT_001,6
ATTCCTGTGTAGCATCAAGT_002,169
ATTCCTGTGTAGCATCAAGT_003,77
ATTCCTGTGTAGCATCAAGT_004,136
ATTCCTGTGTAGCATCAAGT_005,158
ATTCCTGTGTAGCATCAAGT_006,105
ATTCCTGTGTAGCATCAAGT_007,122
ATTCCTGTGTAGCATCAAGT_008,194
ATTCCTGTGTAGCATCAAGT_009,38
ATTCCTGTGTAGCATCAAGT_010,30
ATTCCTGTGTAGCATCAAGT_011,197
ATTCCTGTGTAGCATCAAGT_012,118
ATTCCTGTGTAGCATCAAGT_013,135
ATTCCTGTGTAGCATCAAGT_014,19
ATTCCTGTGTAGCATCAAGT_015,63
ACAGATCGAGAACATTGATG_001,141
ACAGATCGAGAACATTGATG_002,24
ACAGATCGAGAACATTGATG_003,85
ACAGATCGAGAACATTGATG_004,2
TGTCGTCGTAGTCTCCCCAG_001,1
TGTCGTCGTAGTCTCCCCAG_002,158
TGTCGTCGTAGTCTCCCCAG_003,105
GCGCCAGCGGAAGGTATGAA_001,15
GCGCCAGCGGAAGGTATGAA_002,154
GCGCCAGCGGAAGGTATGAA_003,11
GCGCCAGCGGAAGGTATGAA_004,168
GCGCCAGCGGAAGGTATGAA_005,199
GCGCCAGCGGAAGGTATGAA_006,103
GCGCCAGCGGAAGGTATGAA_007,149
GCGCCAGCGGAAGGTATGAA_008,195
GCGCCAGCGGAAGGTATGAA_009,76
GCGCCAGCGGAAGGTATGAA_010,176
GCGCCAGCGGAAGGTATGAA_011,105
GCGCCAGCGGAAGGTATGAA_012,162
GCGCCAGCGGAAGGTATGAA_013,168
GCGCCAGCGGAAGGTATGAA_014,34
GCGCCAGCGGAAGGTATGAA_015,52
GCGCCAGCGGAAGGTATGAA_016,67
GCGCCAGCGGAAGGTATGAA_017,46
GCGCCAGCGGAAGGTATGAA_018,77
GCGCCAGCGGAAGGTATGAA_019,175
TGAGCGATACGGATATAAGG_001,67
CTTGGAGAGTCATTCAACAG_001,46
CTTGGAGAGTCATTCAACAG_002,85
CTTGGAGAGTCATTCAACAG_003,9
CTTGGAGAGTCATTCAACAG_004,37
CTTGGAGAGTCATTCAACAG_005,119
CTTGGAGAGTCATTCAACAG_006,166
CTTGGAGAGTCATTCAACAG_007,71
GTTTAATAGGGTGATGACAA_001,44
GTTTAATAGGGTGATGACAA_002,80
GTTTAATAGGGTGATGACAA_003,30
GTTTAATAGGGTGATGACAA_004,41
GTTTAATAGGGTGATGACAA_005,4
TTCCTGTCTGTGGATCAAAT_001,101
TTCCTGTCTGTGGATCAAAT_002,53
TTCCTGTCTGTGGATCAAAT_003,199
TTCCTGTCTGTGGATCAAAT_004,63
TTCCTGTCTGTGGATCAAAT_005,43
TTCCTGTCTGTGGATCAAAT_006,91
TTCCTGTCTGTGGATCAAAT_007,52
TTCCTGTCTGTGGATCAAAT_008,149
TTCCTGTCTGTGGATCAAAT_009,178
TTCCTGTCTGTGGATCAAAT_010,79
TTCCTGTCTGTGGATCAAAT_011,132
AATCAGCTGCCAGTTCCACT_001,191
AATCAGCTGCCAGTTCCACT_002,69
AATCAGCTGCCAGTTCCACT_003,169
AATCAGCTGCCAGTTCCACT_004,149
AATCAGCTGCCAGTTCCACT_005,121
GCTACAAGTTTAGCAACTCG_001,181
GCTACAAGTTTAGCAACTCG_002,104
GCTACAAGTTTAGCAACTCG_003,58
GCTACAAGTTTAGCAACTCG_004,28
GGCATGTACGAGCAACTCAA_001,121
GGCATGTACGAGCAACTCAA_002,88
GGCATGTACGAGCAACTCAA_003,113
GGCATGTACGAGCAACTCAA_004,60
GGCATGTACGAGCAACTCAA_005,170
GGCATGTACGAGCAACTCAA_006,160
GGCATGTACGAGCAACTCAA_007,168
GGCATGTACGAGCAACTCAA_008,91
GGCATGTACGAGCAACTCAA_009,124
GGCATGTACGAGCAACTCAA_010,39
GGCATGTACGAGCAACTCAA_011,172
GCCATCCGGAATCTACGGGA_001,25
GCCATCCGGAATCTACGGGA_002,193
GCCATCCGGAATCTACGGGA_003,90
GCCATCCGGAATCTACGGGA_004,198
GCCATCCGGAATCTACGGGA_005,56
GCCATCCGGAATCTACGGGA_006,2
GCCATCCGGAATCTACGGGA_007,190
GTGGGTTGCAGAGAGAGTAG_001,190
GTGGGTTGCAGAGAGAGTAG_002,190
GTGGGTTGCAGAGAGAGTAG_003,128
GTGGGTTGCAGAGAGAGTAG_004,90
GTGGGTTGCAGAGAGAGTAG_005,8
GTGGGTTGCAGAGAGAGTAG_006,141
GTGGGTTGCAGAGAGAGTAG_007,68
GTGGGTTGCAGAGAGAGTAG_008,56
GTGGGTTGCAGAGAGAGTAG_009,175
TTGTTCAGGATTTGGCAGAC_001,102
TTGTTCAGGATTTGGCAGAC_002,9
TTGTTCAGGATTTGGCAGAC_003,191
GCAGGACTCAGATATCGAGA_001,189
GCAGGACTCAGATATCGAGA_002,15
GCAGGACTCAGATATCGAGA_003,35
TCATAGCCTACACCCAAGGA_001,70
TCATAGCCTACACCCAAGGA_002,62
TCATAGCCTACACCCAAGGA_003,21
TCATAGCCTACACCCAAGGA_004,35
TCATAGCCTACACCCAAGGA_005,115
TCATAGCCTACACCCAAGGA_006,69
CCACGAGGAGAACAGCAGTG_001,52
CCACGAGGAGAACAGCAGTG_002,80
CCACGAGGAGAACAGCAGTG_003,11
CCACGAGGAGAACAGCAGTG_004,124
CCACGAGGAGAACAGCAGTG_005,45
CCACGAGGAGAACAGCAGTG_006,96
CCACGAGGAGAACAGCAGTG_007,95
CCACGAGGAGAACAGCAGTG_008,46
CCACGAGGAGAACAGCAGTG_009,63
CCACGAGGAGAACAGCAGTG_010,63
CCACGAGGAGAACAGCAGTG_011,195
CCACGAGGAGAACAGCAGTG_012,108
CCACGAGGAGAACAGCAGTG_013,35
CCACGAGGAGAACAGCAGTG_014,159
CCACGAGGAGAACAGCAGTG_015,48
CCACGAGGAGAACAGCAGTG_016,8
CCACGAGGAGAACAGCAGTG_017,40
CCACGAGGAGAACAGCAGTG_018,61
CCACGAGGAGAACAGCAGTG_019,177
CCACGAGGAGAACAGCAGTG_020,86
CCACGAGGAGAACAGCAGTG_021,130
CCACGAGGAGAACAGCAGTG_022,165
CCACGAGGAGAACAGCAGTG_023,68
CCACGAGGAGAACAGCAGTG_024,40
CCACGAGGAGAACAGCAGTG_025,3
CCACGAGGAGAACAGCAGTG_026,127
CCACGAGGAGAACAGCAGTG_027,102
CCACGAGGAGAACAGCAGTG_028,92
CCACGAGGAGAACAGCAGTG_029,116
CCACGAGGAGAACAGCAGTG_030,78
CCACGAGGAGAACAGCAGTG_031,43
CCACGAGGAGAACAGCAGTG_032,44
CCACGAGGAGAACAGCAGTG_033,168
CCACGAGGAGAACAGCAGTG_034,88
CCACGAGGAGAACAGCAGTG_035,163
CCACGAGGAGAACAGCAGTG_036,85
CCACGAGGAGAACAGCAGTG_037,127
CCACGAGGAGAACAGCAGTG_038,49
CCACGAGGAGAACAGCAGTG_039,198
CCACGAGGAGAACAGCAGTG_040,140
CCACGAGGAGAACAGCAGTG_041,161
CCACGAGGAGAACAGCAGTG_042,155
CCACGAGGAGAACAGCAGTG_043,81
CCACGAGGAGAACAGCAGTG_044,32
CCACGAGGAGAACAGCAGTG_045,150
CCACGAGGAGAACAGCAGTG_046,128
CCACGAGGAGAACAGCAGTG_047,19
CCACGAGGAGAACAGCAGTG_048,2
CTGGTCTGTTAGTCCAACGA_001,0
CTGGTCTGTTAGTCCAACGA_002,125
CTGGTCTGTTAGTCCAACGA_003,123
CTGGTCTGTTAGTCCAACGA_004,82
CTGGTCTGTTAGTCCAACGA_005,17
CTGGTCTGTTAGTCCAACGA_006,127
CTGGTCTGTTAGTCCAACGA_007,125
CTGGTCTGTTAGTCCAACGA_008,172
CTGGTCTGTTAGTCCAACGA_009,6
CTGGTCTGTTAGTCCAACGA_010,85
CTGGTCTGTTAGTCCAACGA_011,84
CTGGTCTGTTAGTCCAACGA_012,84
CTGGTCTGTTAGTCCAACGA_013,137
GAGGTCGGGAGCTTCCTCAG_001,41
GAGGTCGGGAGCTTCCTCAG_002,69
GAGGTCGGGAGCTTCCTCAG_003,70
GAGGTCGGGAGCTTCCTCAG_004,9
GAGGTCGGGAGCTTCCTCAG_005,12
GAGGTCGGGAGCTTCCTCAG_006,168
GAGGTCGGGAGCTTCCTCAG_007,118
GAGGTCGGGAGCTTCCTCAG_008,105
GAGGTCGGGAGCTTCCTCAG_009,88
GATGGAAAAAGGCCTGGACT_001,10
GATGGAAAAAGGCCTGGACT_002,0
GATGGAAAAAGGCCTGGACT_003,128
GATGGAAAAAGGCCTGGACT_004,84
GATGGAAAAAGGCCTGGACT_005,13
GATGGAAAAAGGCCTGGACT_006,19
GATGGAAAAAGGCCTGGACT_007,32
GATGGAAAAAGGCCTGGACT_008,91
GATGGAAAAAGGCCTGGACT_009,1
GATGGAAAAAGGCCTGGACT_010,65
GATGGAAAAAGGCCTGGACT_011,137
GATGGAAAAAGGCCTGGACT_012,127
GATGGAAAAAGGCCTGGACT_013,26
GATGGAAAAAGGCCTGGACT_014,81
GATGGAAAAAGGCCTGGACT_015,18
GATGGAAAAAGGCCTGGACT_016,52
GATGGAAAAAGGCCTGGACT_017,109
GCCGCTTAAACTTGCCTCGA_001,183
GCCGCTTAAACTTGCCTCGA_002,192
GCCGCTTAAACTTGCCTCGA_003,105
GCCGCTTAAACTTGCCTCGA_004,169
GCCGCTTAAACTTGCCTCGA_005,17
GCCGCTTAAACTTGCCTCGA_006,194
GCCGCTTAAACTTGCCTCGA_007,47
GCCGCTTAAACTTGCCTCGA_008,41
GCCGCTTAAACTTGCCTCGA_009,19
GCCGCTTAAACTTGCCTCGA_010,62
GCCGCTTAAACTTGCCTCGA_011,48
GCCGCTTAAACTTGCCTCGA_012,63
GGGTGGGTGCAGCACAGAAG_001,23
GGGTGGGTGCAGCACAGAAG_002,29
GGGTGGGTGCAGCACAGAAG_003,81
GGGTGGGTGCAGCACAGAAG_004,166
TGTAGCCTGAAAGCTGTACA_001,121
TGTAGCCTGAAAGCTGTACA_002,127
TGTAGCCTGAAAGCTGTACA_003,41
TGTAGCCTGAAAGCTGTACA_004,105
TGTAGCCTGAAAGCTGTACA_005,12
TGTAGCCTGAAAGCTGTACA_006,147
TGTAGCCTGAAAGCTGTACA_007,191
TGTAGCCTGAAAGCTGTACA_008,41
TGTAGCCTGAAAGCTGTACA_009,150
TGTAGCCTGAAAGCTGTACA_010,52
TGTAGCCTGAAAGCTGTACA_011,151
TGTAGCCTGAAAGCTGTACA_012,155
TGTAGCCTGAAAGCTGTACA_013,48
TGTAGCCTGAAAGCTGTACA_014,182
TGTAGCCTGAAAGCTGTACA_015,181
TGTAGCCTGAAAGCTGTACA_016,169
ACCAGGACAGCCGCGCACAG_001,102
ACCAGGACAGCCGCGCACAG_002,195
ACCAGGACAGCCGCGCACAG_003,72
ACCAGGACAGCCGCGCACAG_004,154
ACCAGGACAGCCGCGCACAG_005,143
ACCAGGACAGCCGCGCACAG_006,169
ACCAGGACAGCCGCGCACAG_007,101
ACCAGGACAGCCGCGCACAG_008,48
ACCAGGACAGCCGCGCACAG_009,76
ACCAGGACAGCCGCGCACAG_010,27
ACCAGGACAGCCGCGCACAG_011,29
ACCAGGACAGCCGCGCACAG_012,61
ACCAGGACAGCCGCGCACAG_013,31
ACCAGGACAGCCGCGCACAG_014,108
ACCAGGACAGCCGCGCACAG_015,178
ACCAGGACAGCCGCGCACAG_016,169
ACCAGGACAGCCGCGCACAG_017,161
GCTGTTGGTGTCTAACAGTG_001,42
GCTGTTGGTGTCTAACAGTG_002,94
GCTGTTGGTGTCTAACAGTG_003,54
GCTGTTGGTGTCTAACAGTG_004,184
GCTGTTGGTGTCTAACAGTG_005,137
GCTGTTGGTGTCTAACAGTG_006,124
GCTGTTGGTGTCTAACAGTG_007,145
GGTTGCCGTGCATTCTCCAG_001,96
GGTTGCCGTGCATTCTCCAG_002,184
GGTTGCCGTGCATTCTCCAG_003,28
GGTTGCCGTGCATTCTCCAG_004,125
GGTTGCCGTGCATTCTCCAG_005,18
GGTTGCCGTGCATTCTCCAG_006,169
GGTTGCCGTGCATTCTCCAG_007,155
GGTTGCCGTGCATTCTCCAG_008,95
GGTTGCCGTGCATTCTCCAG_009,137
GGTTGCCGTGCATTCTCCAG_010,34
GGTTGCCGTGCATTCTCCAG_011,77
GTTTAAGAAGTGCACCATAG_001,132
GTTTAAGAAGTGCACCATAG_002,116
GTTTAAGAAGTGCACCATAG_003,158
GTTTAAGAAGTGCACCATAG_004,193
GTTTAAGAAGTGCACCATAG_005,16
GTTTAAGAAGTGCACCATAG_006,121
GTTTAAGAAGTGCACCATAG_007,184
GTTTAAGAAGTGCACCATAG_008,188
GTTTAAGAAGTGCACCATAG_009,98
GTTTAAGAAGTGCACCATAG_010,150
ACCTTCACTAAAATCTTGGT_001,23
ACCTTCACTAAAATCTTGGT_002,102
ACCTTCACTAAAATCTTGGT_003,46
ACCTTCACTAAAATCTTGGT_004,56
ACCTTCACTAAAATCTTGGT_005,138
ACCTTCACTAAAATCTTGGT_006,113
ACCTTCACTAAAATCTTGGT_007,99
AATTTGAAGAGGTTACAAAA_001,112
AGATGCAATTGAGAACAACA_001,164
AGATGCAATTGAGAACAACA_002,147
AGATGCAATTGAGAACAACA_003,19
AGATGCAATTGAGAACAACA_004,11
AGATGCAATTGAGAACAACA_005,32
AGATGCAATTGAGAACAACA_006,87
AGATGCAATTGAGAACAACA_007,80
AGATGCAATTGAGAACAACA_008,67
AGATGCAATTGAGAACAACA_009,80
AGATGCAATTGAGAACAACA_010,178
AGATGCAATTGAGAACAACA_011,84
AGATGCAATTGAGAACAACA_012,127
AGATGCAATTGAGAACAACA_013,147
TGACTTTAGCAGTTGCAGAA_001,150
TGACTTTAGCAGTTGCAGAA_002,150
TGACTTTAGCAGTTGCAGAA_003,156
AGATGGCTACTCTGGAGTTG_001,127
AGATGGCTACTCTGGAGTTG_002,17
GGAACCGGCTGTGGCATTGG_001,40
ACCTGAAGACCGTGTCGGAG_001,196
ACCTGAAGACCGTGTCGGAG_002,49
ACCTGAAGACCGTGTCGGAG_003,21
ACCTGAAGACCGTGTCGGAG_004,32
ACCTGAAGACCGTGTCGGAG_005,163
ACCTGAAGACCGTGTCGGAG_006,61
ACCTGAAGACCGTGTCGGAG_007,35
ACCTGAAGACCGTGTCGGAG_008,35
ACCTGAAGACCGTGTCGGAG_009,10
ACACAGTGGACACCACGAAG_001,29
ACACAGTGGACACCACGAAG_002,113
ACACAGTGGACACCACGAAG_003,20
ACACAGTGGACACCACGAAG_004,11
ACACAGTGGACACCACGAAG_005,72
ACACAGTGGACACCACGAAG_006,160
ACACAGTGGACACCACGAAG_007,145
ACACAGTGGACACCACGAAG_008,135
ACACAGTGGACACCACGAAG_009,70
ACACAGTGGACACCACGAAG_010,48
ACACAGTGGACACCACGAAG_011,84
ACACAGTGGACACCACGAAG_012,199
ACACAGTGGACACCACGAAG_013,41
ACACAGTGGACACCACGAAG_014,25
ACACAGTGGACACCACGAAG_015,190
ACACAGTGGACACCACGAAG_016,41
ACACAGTGGACACCACGAAG_017,115
ACACAGTGGACACCACGAAG_018,85
ACACAGTGGACACCACGAAG_019,63
ACACAGTGGACACCACGAAG_020,150
ACACAGTGGACACCACGAAG_021,116
ACACAGTGGACACCACGAAG_022,122
ACACAGTGGACACCACGAAG_023,150
ACACAGTGGACACCACGAAG_024,114
ACACAGTGGACACCACGAAG_025,90
ACACAGTGGACACCACGAAG_026,136
ACACAGTGGACACCACGAAG_027,70
ACACAGTGGACACCACGAAG_028,146
ACACAGTGGACACCACGAAG_029,102
ACACAGTGGACACCACGAAG_030,38
ACACAGTGGACACCACGAAG_031,178
AGGAACGCATCGGTCACCAC_001,17
AGGAACGCATCGGTCACCAC_002,181
AGGAACGCATCGGTCACCAC_003,77
AGGAACGCATCGGTCACCAC_004,60
AGGAACGCATCGGTCACCAC_005,27
AGGAACGCATCGGTCACCAC_006,96
AGGAACGCATCGGTCACCAC_007,8
AGGAACGCATCGGTCACCAC_008,111
AGGAACGCATCGGTCACCAC_009,153
AGGAACGCATCGGTCACCAC_010,1
AGGAACGCATCGGTCACCAC_011,58
AGGAACGCATCGGTCACCAC_012,153
AGGAACGCATCGGTCACCAC_013,88
AGGAACGCATCGGTCACCAC_014,75
AGGAACGCATCGGTCACCAC_015,149
AGGAACGCATCGGTCACCAC_016,1
AGGAACGCATCGGTCACCAC_017,56
AGGAACGCATCGGTCACCAC_018,56
AGGAACGCATCGGTCACCAC_019,199
AGGAACGCATCGGTCACCAC_020,191
AGGAACGCATCGGTCACCAC_021,20
AGGAACGCATCGGTCACCAC_022,44
AGGAACGCATCGGTCACCAC_023,5
AGGAACGCATCGGTCACCAC_024,13
AGGAACGCATCGGTCACCAC_025,170
AGGAACGCATCGGTCACCAC_026,61
AGGAACGCATCGGTCACCAC_027,41
AGGAACGCATCGGTCACCAC_028,162
AGGAACGCATCGGTCACCAC_029,138
AGGAACGCATCGGTCACCAC_030,131
AGGAACGCATCGGTCACCAC_031,138
AGGAACGCATCGGTCACCAC_032,147
AGGAACGCATCGGTCACCAC_033,164
AGGAACGCATCGGTCACCAC_034,164
AGGAACGCATCGGTCACCAC_035,137
AGGAACGCATCGGTCACCAC_036,69
AGGAACGCATCGGTCACCAC_037,83
TACCGGTTGATAATTGATGG_001,76
TACCGGTTGATAATTGATGG_002,54
CTGTCTCCAACATTCACCAG_001,130
CTGTCTCCAACATTCACCAG_002,88
CTGTCTCCAACATTCACCAG_003,50
CTGTCTCCAACATTCACCAG_004,144
CTGTCTCCAACATTCACCAG_005,71
CTGTCTCCAACATTCACCAG_006,69
CTGTCTCCAACATTCACCAG_007,125
CTGTCTCCAACATTCACCAG_008,68
CTGTCTCCAACATTCACCAG_009,102
CTGTCTCCAACATTCACCAG_010,42
CTGTCTCCAACATTCACCAG_011,81
CTGTCTCCAACATTCACCAG_012,92
CTGTCTCCAACATTCACCAG_013,116
CTGTCTCCAACATTCACCAG_014,174
CTGTCTCCAACATTCACCAG_015,96
CTGTCTCCAACATTCACCAG_016,46
CTGTCTCCAACATTCACCAG_017,4
CTGTCTCCAACATTCACCAG_018,35
CTGTCTCCAACATTCACCAG_019,158
GGGCCCTCCAGAACAATGAT_001,102
GGGCCCTCCAGAACAATGAT_002,2
GGGCCCTCCAGAACAATGAT_003,192
GGGCCCTCCAGAACAATGAT_004,60
GGGCCCTCCAGAACAATGAT_005,161
GGGCCCTCCAGAACAATGAT_006,78
GGGCCCTCCAGAACAATGAT_007,61
GGGCCCTCCAGAACAATGAT_008,158
GGGCCCTCCAGAACAATGAT_009,77
GGGCCCTCCAGAACAATGAT_010,81
GGGCCCTCCAGAACAATGAT_011,34
GGGCCCTCCAGAACAATGAT_012,17
GGGCCCTCCAGAACAATGAT_013,119
GGGCCCTCCAGAACAATGAT_014,39
GGGCCCTCCAGAACAATGAT_015,157
GGGCCCTCCAGAACAATGAT_016,190
GGGCCCTCCAGAACAATGAT_017,31
GGGCCCTCCAGAACAATGAT_018,35
GGGCCCTCCAGAACAATGAT_019,152
GGAGCATCCACTGACGCTAG_001,147
GGAGCATCCACTGACGCTAG_002,88
GGAGCATCCACTGACGCTAG_003,0
CTTTCAGGTCCAGACAGTCG_001,163
CTTTCAGGTCCAGACAGTCG_002,146
CCAAGAAGGCGCGCGATGCG_001,190
CCAAGAAGGCGCGCGATGCG_002,188
CCAAGAAGGCGCGCGATGCG_003,144
CCAAGAAGGCGCGCGATGCG_004,14
CCAAGAAGGCGCGCGATGCG_005,44
CCAAGAAGGCGCGCGATGCG_006,149
CCAAGAAGGCGCGCGATGCG_007,48
CCAAGAAGGCGCGCGATGCG_008,14
CCAAGAAGGCGCGCGATGCG_009,75
CCAAGAAGGCGCGCGATGCG_010,168
CCAAGAAGGCGCGCGATGCG_011,85
CCAAGAAGGCGCGCGATGCG_012,124
CCAAGAAGGCGCGCGATGCG_013,6
CCAAGAAGGCGCGCGATGCG_014,88
CCAAGAAGGCGCGCGATGCG_015,55
GATGTAGCTCTCCTACAGTG_001,194
GATGTAGCTCTCCTACAGTG_002,122
GATGTAGCTCTCCTACAGTG_003,51
GATGTAGCTCTCCTACAGTG_004,188
GATGTAGCTCTCCTACAGTG_005,140
GATGTAGCTCTCCTACAGTG_006,191
CCGTGAAAGCTGTCATCGAT_001,150
CCGTGAAAGCTGTCATCGAT_002,15
CCGTGAAAGCTGTCATCGAT_003,105
CCGTGAAAGCTGTCATCGAT_004,108
GATTTAGATATTGAGCCAGG_001,144
CAGGCCCGGTACTGTCATGG_001,80
CAGGCCCGGTACTGTCATGG_002,27
CAGGCCCGGTACTGTCATGG_003,38
CAGGCCCGGTACTGTCATGG_004,41
CAGGCCCGGTACTGTCATGG_005,115
CAGGCCCGGTACTGTCATGG_006,154
GTGGAAGTGTACCAACACGC_001,77
GTGGAAGTGTACCAACACGC_002,186
GTGGAAGTGTACCAACACGC_003,15
GTGGAAGTGTACCAACACGC_004,141
GTGGAAGTGTACCAACACGC_005,185
ATGGCTGAGCTATACACTAG_001,178
ATGGCTGAGCTATACACTAG_002,172
ATGGCTGAGCTATACACTAG_003,37
ATGGCTGAGCTATACACTAG_004,76
ATGGCTGAGCTATACACTAG_005,82
ATGGCTGAGCTATACACTAG_006,159
ATGGCTGAGCTATACACTAG_007,42
ATGGCTGAGCTATACACTAG_008,82
ATGGCTGAGCTATACACTAG_009,17
GAGCATCGATCCATAGGTAC_001,15
GAGCATCGATCCATAGGTAC_002,22
GAGCATCGATCCATAGGTAC_003,184
GAGCATCGATCCATAGGTAC_004,129
GAGCATCGATCCATAGGTAC_005,177
GAGCATCGATCCATAGGTAC_006,155
GAGCATCGATCCATAGGTAC_007,176
GAGCATCGATCCATAGGTAC_008,34
GAGCATCGATCCATAGGTAC_009,165
ATCTCAAATGGAACACGCCA_001,43
ATCTCAAATGGAACACGCCA_002,102
ATCTCAAATGGAACACGCCA_003,10
ATCTCAAATGGAACACGCCA_004,107
ATCTCAAATGGAACACGCCA_005,50
ATCTCAAATGGAACACGCCA_006,129
ATCTCAAATGGAACACGCCA_007,158
ATCTCAAATGGAACACGCCA_008,85
ATCTCAAATGGAACACGCCA_009,51
ATCTCAAATGGAACACGCCA_010,184
ATCTCAAATGGAACACGCCA_011,188
ATCTCAAATGGAACACGCCA_012,198
ATCTCAAATGGAACACGCCA_013,176
ATCTCAAATGGAACACGCCA_014,167
ATCTCAAATGGAACACGCCA_015,167
ATCTCAAATGGAACACGCCA_016,178
TGCCATGTTTGTCAAACCCA_001,175
CTTGGATACAGAGTCGCATG_001,19
CTTGGATACAGAGTCGCATG_002,19
TTGGGCCAGAGTACGATGCA_001,150
TTGGGCCAGAGTACGATGCA_002,102
TTGGGCCAGAGTACGATGCA_003,72
TTGGGCCAGAGTACGATGCA_004,130
TTGGGCCAGAGTACGATGCA_005,81
TTGGGCCAGAGTACGATGCA_006,159
TTGGGCCAGAGTACGATGCA_007,28
TTGGGCCAGAGTACGATGCA_008,94
TTGGGCCAGAGTACGATGCA_009,49
TTGGGCCAGAGTACGATGCA_010,150
TTGGGCCAGAGTACGATGCA_011,93
TTGGGCCAGAGTACGATGCA_012,16
TTGGGCCAGAGTACGATGCA_013,13
TTGGGCCAGAGTACGATGCA_014,56
TTGGGCCAGAGTACGATGCA_015,95
TTGGGCCAGAGTACGATGCA_016,52
TTGGGCCAGAGTACGATGCA_017,48
TTGGGCCAGAGTACGATGCA_018,38
TTGGGCCAGAGTACGATGCA_019,81
ACAACAGAGAAGTTGCCAAG_001,72
ACAACAGAGAAGTTGCCAAG_002,191
ACAACAGAGAAGTTGCCAAG_003,181
ACAACAGAGAAGTTGCCAAG_004,173
ACAACAGAGAAGTTGCCAAG_005,45
ACAACAGAGAAGTTGCCAAG_006,62
ACAACAGAGAAGTTGCCAAG_007,126
ACAACAGAGAAGTTGCCAAG_008,17
ACAACAGAGAAGTTGCCAAG_009,81
ACAACAGAGAAGTTGCCAAG_010,42
ACAACAGAGAAGTTGCCAAG_011,27
ACAACAGAGAAGTTGCCAAG_012,60
ACAACAGAGAAGTTGCCAAG_013,174
ACAACAGAGAAGTTGCCAAG_014,124
ACAACAGAGAAGTTGCCAAG_015,68
AAGACCTCAGGCTAACAGTG_001,169
AAGACCTCAGGCTAACAGTG_002,70
AAGACCTCAGGCTAACAGTG_003,32
AAGACCTCAGGCTAACAGTG_004,164
AAGACCTCAGGCTAACAGTG_005,164
AAGACCTCAGGCTAACAGTG_006,164
AAGACCTCAGGCTAACAGTG_007,102
AAGACCTCAGGCTAACAGTG_008,47
AAGACCTCAGGCTAACAGTG_009,47
AAGACCTCAGGCTAACAGTG_010,12
AAGACCTCAGGCTAACAGTG_011,63
AAGACCTCAGGCTAACAGTG_012,121
AAGACCTCAGGCTAACAGTG_013,108
AAGACCTCAGGCTAACAGTG_014,172
AAGACCTCAGGCTAACAGTG_015,181
AAGACCTCAGGCTAACAGTG_016,73
AAGACCTCAGGCTAACAGTG_017,49
AAGACCTCAGGCTAACAGTG_018,102
AAGACCTCAGGCTAACAGTG_019,30
AAGACCTCAGGCTAACAGTG_020,70
AAGACCTCAGGCTAACAGTG_021,198
AAGACCTCAGGCTAACAGTG_022,108
AAGACCTCAGGCTAACAGTG_023,135
AAGACCTCAGGCTAACAGTG_024,63
AAGACCTCAGGCTAACAGTG_025,28
AAGACCTCAGGCTAACAGTG_026,166
AAGACCTCAGGCTAACAGTG_027,170
AAGACCTCAGGCTAACAGTG_028,193
AAGACCTCAGGCTAACAGTG_029,152
AAGACCTCAGGCTAACAGTG_030,58
AAGACCTCAGGCTAACAGTG_031,103
AAGACCTCAGGCTAACAGTG_032,82
AAGACCTCAGGCTAACAGTG_033,69
AAGACCTCAGGCTAACAGTG_034,12
AAGACCTCAGGCTAACAGTG_035,10
AAGACCTCAGGCTAACAGTG_036,1
AAGACCTCAGGCTAACAGTG_037,98
AAGACCTCAGGCTAACAGTG_038,141
AAGACCTCAGGCTAACAGTG_039,77
AAGACCTCAGGCTAACAGTG_040,35
AAGACCTCAGGCTAACAGTG_041,171
AAGACCTCAGGCTAACAGTG_042,16
AAGACCTCAGGCTAACAGTG_043,52
AAGACCTCAGGCTAACAGTG_044,43
AAGACCTCAGGCTAACAGTG_045,94
AAGACCTCAGGCTAACAGTG_046,138
AAGACCTCAGGCTAACAGTG_047,49
AAGACCTCAGGCTAACAGTG_048,152
AAGACCTCAGGCTAACAGTG_049,63
AAGACCTCAGGCTAACAGTG_050,70
AAGACCTCAGGCTAACAGTG_051,153
AAGACCTCAGGCTAACAGTG_052,69
AAGACCTCAGGCTAACAGTG_053,148
GATGGAGCAAGGTATACAAG_001,148
GATGGAGCAAGGTATACAAG_002,116
GATGGAGCAAGGTATACAAG_003,76
ACATGAATTCAGATTCCCAG_001,53
ACATGAATTCAGATTCCCAG_002,11
ACATGAATTCAGATTCCCAG_003,92
CCAGGAAGAAATGAAGGCGT_001,27
CCAGGAAGAAATGAAGGCGT_002,15
CCAGGAAGAAATGAAGGCGT_003,77
CCAGGAAGAAATGAAGGCGT_004,182
CCAGGAAGAAATGAAGGCGT_005,150
CCAGGAAGAAATGAAGGCGT_006,107
CCAGGAAGAAATGAAGGCGT_007,148
CCAGGAAGAAATGAAGGCGT_008,120
CCAGGAAGAAATGAAGGCGT_009,102
CCAGGAAGAAATGAAGGCGT_010,41
CCAGGAAGAAATGAAGGCGT_011,199
CCAGGAAGAAATGAAGGCGT_012,113
CCAGGAAGAAATGAAGGCGT_013,1
CCAGGAAGAAATGAAGGCGT_014,168
CCAGGAAGAAATGAAGGCGT_015,175
CCAGGAAGAAATGAAGGCGT_016,169
CCAGGAAGAAATGAAGGCGT_017,10
CCAGGAAGAAATGAAGGCGT_018,11
CCAGGAAGAAATGAAGGCGT_019,137
CCAGGAAGAAATGAAGGCGT_020,171
CCAGGAAGAAATGAAGGCGT_021,22
CGGGCTCCGGAAATTACTCG_001,51
CGGGCTCCGGAAATTACTCG_002,40
TTGTCCTCGTGGAAGGACGT_001,88
TTGTCCTCGTGGAAGGACGT_002,141
TTGTCCTCGTGGAAGGACGT_003,146
TTGTCCTCGTGGAAGGACGT_004,134
TTGTCCTCGTGGAAGGACGT_005,168
TTGTCCTCGTGGAAGGACGT_006,168
TTGTCCTCGTGGAAGGACGT_007,144
TTGTCCTCGTGGAAGGACGT_008,19
TTGTCCTCGTGGAAGGACGT_009,2
TTGTCCTCGTGGAAGGACGT_010,88
TTGTCCTCGTGGAAGGACGT_011,78
TTGTCCTCGTGGAAGGACGT_012,81
TTGTCCTCGTGGAAGGACGT_013,126
TTGTCCTCGTGGAAGGACGT_014,22
TTGTCCTCGTGGAAGGACGT_015,20
TTGTCCTCGTGGAAGGACGT_016,53
TTGTCCTCGTGGAAGGACGT_017,176
TTGTCCTCGTGGAAGGACGT_018,122
TTGTCCTCGTGGAAGGACGT_019,185
TTGTCCTCGTGGAAGGACGT_020,108
TTGTCCTCGTGGAAGGACGT_021,191
TTGTCCTCGTGGAAGGACGT_022,96
TTGTCCTCGTGGAAGGACGT_023,190
TTGTCCTCGTGGAAGGACGT_024,127
TTGTCCTCGTGGAAGGACGT_025,80
TTGTCCTCGTGGAAGGACGT_026,138
TTGTCCTCGTGGAAGGACGT_027,142
TTGTCCTCGTGGAAGGACGT_028,124
TTGTCCTCGTGGAAGGACGT_029,40
TTGTCCTCGTGGAAGGACGT_030,47
TTGTCCTCGTGGAAGGACGT_031,36
TGTAGGGCCTAAAGACCACC_001,162
TGTAGGGCCTAAAGACCACC_002,62
GATGTTAATCTAACTAGTGA_001,63
GATGTTAATCTAACTAGTGA_002,168
GATGTTAATCTAACTAGTGA_003,69
GATGTTAATCTAACTAGTGA_004,81
TTGTTGAGCACAGAAAACGA_001,40
TTGTTGAGCACAGAAAACGA_002,81
TTGTTGAGCACAGAAAACGA_003,188
TTGTTGAGCACAGAAAACGA_004,78
TTGTTGAGCACAGAAAACGA_005,78
TTGTTGAGCACAGAAAACGA_006,61
TTGTTGAGCACAGAAAACGA_007,117
TTGTTGAGCACAGAAAACGA_008,100
TTGTTGAGCACAGAAAACGA_009,92
TTGTTGAGCACAGAAAACGA_010,163
TTGTTGAGCACAGAAAACGA_011,111
TTGTTGAGCACAGAAAACGA_012,40
TTGTTGAGCACAGAAAACGA_013,162
TTGTTGAGCACAGAAAACGA_014,77
TTGTTGAGCACAGAAAACGA_015,94
AAGAGCGAATCGATTTCGTG_001,59
AAGAGCGAATCGATTTCGTG_002,82
AAGAGCGAATCGATTTCGTG_003,88
AAGAGCGAATCGATTTCGTG_004,170
AAGAGCGAATCGATTTCGTG_005,115
AAGAGCGAATCGATTTCGTG_006,105
AAGAGCGAATCGATTTCGTG_007,188
AAGAGCGAATCGATTTCGTG_008,112
AAGAGCGAATCGATTTCGTG_009,159
AAGAGCGAATCGATTTCGTG_010,85
AAGAGCGAATCGATTTCGTG_011,120
AAGAGCGAATCGATTTCGTG_012,98
AAGAGCGAATCGATTTCGTG_013,96
AAGAGCGAATCGATTTCGTG_014,29
AAGAGCGAATCGATTTCGTG_015,161
AAGAGCGAATCGATTTCGTG_016,199
AAGAGCGAATCGATTTCGTG_017,115
AAGAGCGAATCGATTTCGTG_018,9
AAGAGCGAATCGATTTCGTG_019,118
AAGAGCGAATCGATTTCGTG_020,101
AAGAGCGAATCGATTTCGTG_021,191
AAGAGCGAATCGATTTCGTG_022,138
AAGAGCGAATCGATTTCGTG_023,176
AAGAGCGAATCGATTTCGTG_024,130
AAGAGCGAATCGATTTCGTG_025,162
AAGAGCGAATCGATTTCGTG_026,56
AAGAGCGAATCGATTTCGTG_027,160
GAGGTTGTCCAGGGTCACCA_001,47
GAGGTTGTCCAGGGTCACCA_002,0
GAGGTTGTCCAGGGTCACCA_003,15
GAGGTTGTCCAGGGTCACCA_004,5
GAGGTTGTCCAGGGTCACCA_005,54
GAGGTTGTCCAGGGTCACCA_006,149
GAGGTTGTCCAGGGTCACCA_007,134
GAGGTTGTCCAGGGTCACCA_008,155
GAGGTTGTCCAGGGTCACCA_009,36
GAGGTTGTCCAGGGTCACCA_010,166
GAGGTTGTCCAGGGTCACCA_011,163
GAGGTTGTCCAGGGTCACCA_012,36
GAGGTTGTCCAGGGTCACCA_013,73
GAGGTTGTCCAGGGTCACCA_014,86
GAGGTTGTCCAGGGTCACCA_015,86
GAGGTTGTCCAGGGTCACCA_016,40
GAGGTTGTCCAGGGTCACCA_017,26
GAGGTTGTCCAGGGTCACCA_018,88
GAGGTTGTCCAGGGTCACCA_019,107
GAGGTTGTCCAGGGTCACCA_020,24
GAGGTTGTCCAGGGTCACCA_021,29
GAGGTTGTCCAGGGTCACCA_022,15
GAGGTTGTCCAGGGTCACCA_023,53
GAGGTTGTCCAGGGTCACCA_024,145
GAGGTTGTCCAGGGTCACCA_025,63
GAGGTTGTCCAGGGTCACCA_026,184
GAGGTTGTCCAGGGTCACCA_027,195
GGAGCCGCTTCCAAGGCACG_001,56
GGAGCCGCTTCCAAGGCACG_002,191
GGAGCCGCTTCCAAGGCACG_003,102
GGAGCCGCTTCCAAGGCACG_004,34
GGAGCCGCTTCCAAGGCACG_005,38
GGAGCCGCTTCCAAGGCACG_006,82
GGAGCCGCTTCCAAGGCACG_007,113
GGAGCCGCTTCCAAGGCACG_008,127
GGAGCCGCTTCCAAGGCACG_009,131
GGAGCCGCTTCCAAGGCACG_010,73
GGAGCCGCTTCCAAGGCACG_011,73
GGAGCCGCTTCCAAGGCACG_012,104
GCATGAGGACGATCTGCGAC_001,191
GCATGAGGACGATCTGCGAC_002,76
GCATGAGGACGATCTGCGAC_003,165
GCATGAGGACGATCTGCGAC_004,198
GCATGAGGACGATCTGCGAC_005,56
GCATGAGGACGATCTGCGAC_006,65
GCATGAGGACGATCTGCGAC_007,67
GCATGAGGACGATCTGCGAC_008,46
GCATGAGGACGATCTGCGAC_009,52
GCTGAGCCGTGAACGCTGTG_001,147
GCTGAGCCGTGAACGCTGTG_002,145
GCTGAGCCGTGAACGCTGTG_003,117
GCTGAGCCGTGAACGCTGTG_004,27
GCTGAGCCGTGAACGCTGTG_005,59
ATTCTAGACCCATCCAAATG_001,70
ATTCTAGACCCATCCAAATG_002,79
GGCAGAGTTTCCGTTCCCTG_001,77
GGCAGAGTTTCCGTTCCCTG_002,15
GGCAGAGTTTCCGTTCCCTG_003,70
GGCAGAGTTTCCGTTCCCTG_004,84
GGCAGAGTTTCCGTTCCCTG_005,105
GGCAGAGTTTCCGTTCCCTG_006,41
GGCAGAGTTTCCGTTCCCTG_007,175
GTACGTCCGAGACACAGTCG_001,193
GTACGTCCGAGACACAGTCG_002,168
GTACGTCCGAGACACAGTCG_003,103
GTACGTCCGAGACACAGTCG_004,49
GTACGTCCGAGACACAGTCG_005,10
GTACGTCCGAGACACAGTCG_006,17
GTACGTCCGAGACACAGTCG_007,118
GTACGTCCGAGACACAGTCG_008,166
GTACGTCCGAGACACAGTCG_009,136
GTACGTCCGAGACACAGTCG_010,178
GTACGTCCGAGACACAGTCG_011,100
GTACGTCCGAGACACAGTCG_012,157
GTACGTCCGAGACACAGTCG_013,23
GTACGTCCGAGACACAGTCG_014,42
GTACGTCCGAGACACAGTCG_015,138
GTACGTCCGAGACACAGTCG_016,147
GTACGTCCGAGACACAGTCG_017,191
GTACGTCCGAGACACAGTCG_018,69
GTACGTCCGAGACACAGTCG_019,191
GTACGTCCGAGACACAGTCG_020,172
GTACGTCCGAGACACAGTCG_021,73
GTACGTCCGAGACACAGTCG_022,49
GTACGTCCGAGACACAGTCG_023,162
GTTTCATATACCTCTATGTG_001,8
GTTTCATATACCTCTATGTG_002,119
GAAGGGGCTTTACATGTGCG_001,27
GAAGGGGCTTTACATGTGCG_002,185
GAAGGGGCTTTACATGTGCG_003,68
GAAGGGGCTTTACATGTGCG_004,157
GAAGGGGCTTTACATGTGCG_005,158
GAAGGGGCTTTACATGTGCG_006,34
TACTTCAAGGAATATCACGT_001,174
TACTTCAAGGAATATCACGT_002,122
GATCCCTTTCCGTCGAGTTG_001,62
GATCCCTTTCCGTCGAGTTG_002,68
GATCCCTTTCCGTCGAGTTG_003,155
GATCCCTTTCCGTCGAGTTG_004,54
GATCCCTTTCCGTCGAGTTG_005,88
GATCCCTTTCCGTCGAGTTG_006,183
GATCCCTTTCCGTCGAGTTG_007,38
GATCCCTTTCCGTCGAGTTG_008,38
GATCCCTTTCCGTCGAGTTG_009,105
GATCCCTTTCCGTCGAGTTG_010,176
GATCCCTTTCCGTCGAGTTG_011,69
GATCCCTTTCCGTCGAGTTG_012,68
GATCCCTTTCCGTCGAGTTG_013,39
GATCCCTTTCCGTCGAGTTG_014,146
GATCCCTTTCCGTCGAGTTG_015,137
GATCATCCAGCGACATCTCG_001,176
GATCATCCAGCGACATCTCG_002,184
GATCATCCAGCGACATCTCG_003,193
GATCATCCAGCGACATCTCG_004,184
GATCATCCAGCGACATCTCG_005,57
GATCATCCAGCGACATCTCG_006,161
GATCATCCAGCGACATCTCG_007,117
GATCATCCAGCGACATCTCG_008,66
GATCATCCAGCGACATCTCG_009,22
GATCATCCAGCGACATCTCG_010,120
GATCATCCAGCGACATCTCG_011,79
GATCATCCAGCGACATCTCG_012,4
GATCATCCAGCGACATCTCG_013,123
CAGATGGAAGATGCTTACCG_001,28
CAGATGGAAGATGCTTACCG_002,1
CAGATGGAAGATGCTTACCG_003,40
CTGAACGCTGCAGGGAACGT_001,171
CTGAACGCTGCAGGGAACGT_002,170
CTGAACGCTGCAGGGAACGT_003,81
CTGAACGCTGCAGGGAACGT_004,92
CTGAACGCTGCAGGGAACGT_005,49
CTGAACGCTGCAGGGAACGT_006,59
GCAGATGGCAAGTGGCCGCG_001,10
GCAGATGGCAAGTGGCCGCG_002,176
GCAGATGGCAAGTGGCCGCG_003,98
GCAGATGGCAAGTGGCCGCG_004,51
GCAGATGGCAAGTGGCCGCG_005,163
GCAGATGGCAAGTGGCCGCG_006,177
GCAGATGGCAAGTGGCCGCG_007,77
GCAGATGGCAAGTGGCCGCG_008,82
GCAGATGGCAAGTGGCCGCG_009,78
GCAGATGGCAAGTGGCCGCG_010,17
GCAGATGGCAAGTGGCCGCG_011,17
GCAGATGGCAAGTGGCCGCG_012,88
GCAGATGGCAAGTGGCCGCG_013,162
GCAGATGGCAAGTGGCCGCG_014,32
GCAGATGGCAAGTGGCCGCG_015,86
GCAGATGGCAAGTGGCCGCG_016,112
GCAGATGGCAAGTGGCCGCG_017,55
GCAGATGGCAAGTGGCCGCG_018,48
GCAGATGGCAAGTGGCCGCG_019,191
GCAGATGGCAAGTGGCCGCG_020,188
GCAGATGGCAAGTGGCCGCG_021,29
GGTGTTGGAAGCCATTTCGA_001,43
GGTGTTGGAAGCCATTTCGA_002,158
GGTGTTGGAAGCCATTTCGA_003,153
GGTGTTGGAAGCCATTTCGA_004,81
GGTGTTGGAAGCCATTTCGA_005,140
GGTGTTGGAAGCCATTTCGA_006,96
GTCGCTCGCTACGATGGAGT_001,58
GTCGCTCGCTACGATGGAGT_002,152
GTCGCTCGCTACGATGGAGT_003,199
GTCGCTCGCTACGATGGAGT_004,1
GTCGCTCGCTACGATGGAGT_005,157
GTCGCTCGCTACGATGGAGT_006,56
GTCGCTCGCTACGATGGAGT_007,159
GTCGCTCGCTACGATGGAGT_008,27
GTCGCTCGCTACGATGGAGT_009,23
GTCGCTCGCTACGATGGAGT_010,21
GTGTTGGGGATAGGTTCATG_001,27
GTGTTGGGGATAGGTTCATG_002,27
GTGTTGGGGATAGGTTCATG_003,182
GTGTTGGGGATAGGTTCATG_004,29
GTGTTGGGGATAGGTTCATG_005,125
GTGTTGGGGATAGGTTCATG_006,49
GTGTTGGGGATAGGTTCATG_007,120
GTGTTGGGGATAGGTTCATG_008,155
GTGTTGGGGATAGGTTCATG_009,137
GTGTTGGGGATAGGTTCATG_010,57
GTGTTGGGGATAGGTTCATG_011,130
GTGTTGGGGATAGGTTCATG_012,146
GTGTTGGGGATAGGTTCATG_013,148
TGTCTGGGAATTCACGCCAA_001,50
TGTCTGGGAATTCACGCCAA_002,20
TGTCTGGGAATTCACGCCAA_003,198
TGTCTGGGAATTCACGCCAA_004,88
TGTCTGGGAATTCACGCCAA_005,169
TGTCTGGGAATTCACGCCAA_006,60
TGTCTGGGAATTCACGCCAA_007,60
TGTCTGGGAATTCACGCCAA_008,185
TGTCTGGGAATTCACGCCAA_009,88
TGTCTGGGAATTCACGCCAA_010,169
TGTCTGGGAATTCACGCCAA_011,8
TGTCTGGGAATTCACGCCAA_012,171
TGTCTGGGAATTCACGCCAA_013,164
TGTCTGGGAATTCACGCCAA_014,164
TGTCTGGGAATTCACGCCAA_015,174
AGGATCTGGAGAATCAGTAC_001,15
AGGATCTGGAGAATCAGTAC_002,171
AGGATCTGGAGAATCAGTAC_003,3
AGGATCTGGAGAATCAGTAC_004,156
AGGATCTGGAGAATCAGTAC_005,56
CATTGCACGCCACAGCATTG_001,109
CATTGCACGCCACAGCATTG_002,64
CATTGCACGCCACAGCATTG_003,198
CATTGCACGCCACAGCATTG_004,70
CATTGCACGCCACAGCATTG_005,62
CATTGCACGCCACAGCATTG_006,78
CATTGCACGCCACAGCATTG_007,84
CATTGCACGCCACAGCATTG_008,72
CATTGCACGCCACAGCATTG_009,181
CATTGCACGCCACAGCATTG_010,88
CATTGCACGCCACAGCATTG_011,32
CATTGCACGCCACAGCATTG_012,105
CATTGCACGCCACAGCATTG_013,8
CATTGCACGCCACAGCATTG_014,40
CATTGCACGCCACAGCATTG_015,187
CATTGCACGCCACAGCATTG_016,98
CATTGCACGCCACAGCATTG_017,151
CATTGCACGCCACAGCATTG_018,191
CATTGCACGCCACAGCATTG_019,8
CATTGCACGCCACAGCATTG_020,123
CATTGCACGCCACAGCATTG_021,125
CATTGCACGCCACAGCATTG_022,115
CATTGCACGCCACAGCATTG_023,75
CATTGCACGCCACAGCATTG_024,74
CATTGCACGCCACAGCATTG_025,120
CATTGCACGCCACAGCATTG_026,115
CATTGCACGCCACAGCATTG_027,86
CATTGCACGCCACAGCATTG_028,29
CATTGCACGCCACAGCATTG_029,53
CATTGCACGCCACAGCATTG_030,78
CATTGCACGCCACAGCATTG_031,115
CATTGCACGCCACAGCATTG_032,5
CATTGCACGCCACAGCATTG_033,126
CATTGCACGCCACAGCATTG_034,149
CATTGCACGCCACAGCATTG_035,81
CATTGCACGCCACAGCATTG_036,35
CATTGCACGCCACAGCATTG_037,158
CATTGCACGCCACAGCATTG_038,106
CATTGCACGCCACAGCATTG_039,48
CATTGCACGCCACAGCATTG_040,70
CATTGCACGCCACAGCATTG_041,109
CATTGCACGCCACAGCATTG_042,155
ACAGCAGTCTTGAAATAGCC_001,118
ACAGCAGTCTTGAAATAGCC_002,125
ACAGCAGTCTTGAAATAGCC_003,167
ACAGCAGTCTTGAAATAGCC_004,45
ACAGCAGTCTTGAAATAGCC_005,0
ACAGCAGTCTTGAAATAGCC_006,11
ACAGCAGTCTTGAAATAGCC_007,52
ACAGCAGTCTTGAAATAGCC_008,83
ACAGCAGTCTTGAAATAGCC_009,161
CAGCAAGCTGAGCTTCCGGG_001,13
CAGCAAGCTGAGCTTCCGGG_002,127
CAGCAAGCTGAGCTTCCGGG_003,63
CAGCAAGCTGAGCTTCCGGG_004,108
CAGCAAGCTGAGCTTCCGGG_005,113
CAGCAAGCTGAGCTTCCGGG_006,80
CAGCAAGCTGAGCTTCCGGG_007,161
CAGCAAGCTGAGCTTCCGGG_008,147
CAGCAAGCTGAGCTTCCGGG_009,127
CAGCAAGCTGAGCTTCCGGG_010,117
CAGCAAGCTGAGCTTCCGGG_011,118
CAGCAAGCTGAGCTTCCGGG_012,33
CAGCAAGCTGAGCTTCCGGG_013,169
CAGCAAGCTGAGCTTCCGGG_014,124
CAGCAAGCTGAGCTTCCGGG_015,54
CAGCAAGCTGAGCTTCCGGG_016,62
CAGCAAGCTGAGCTTCCGGG_017,19
CAGCAAGCTGAGCTTCCGGG_018,22
CAGCAAGCTGAGCTTCCGGG_019,185
CAGCAAGCTGAGCTTCCGGG_020,7
CAGCAAGCTGAGCTTCCGGG_021,78
CAGCAAGCTGAGCTTCCGGG_022,38
CAGCAAGCTGAGCTTCCGGG_023,127
CAGCAAGCTGAGCTTCCGGG_024,41
CAGCAAGCTGAGCTTCCGGG_025,197
CAGCAAGCTGAGCTTCCGGG_026,81
CAGCAAGCTGAGCTTCCGGG_027,95
CAGCAAGCTGAGCTTCCGGG_028,118
CAGCAAGCTGAGCTTCCGGG_029,76
CAGCAAGCTGAGCTTCCGGG_030,168
CAGCAAGCTGAGCTTCCGGG_031,188
CAGCAAGCTGAGCTTCCGGG_032,3
CAGCAAGCTGAGCTTCCGGG_033,44
CAGCAAGCTGAGCTTCCGGG_034,177
CAGCAAGCTGAGCTTCCGGG_035,52
CAGCAAGCTGAGCTTCCGGG_036,82
GCTAGGCATGGTACCGCACG_001,15
GCTAGGCATGGTACCGCACG_002,165
GCTAGGCATGGTACCGCACG_003,183
GCTAGGCATGGTACCGCACG_004,192
GCTAGGCATGGTACCGCACG_005,46
GCTAGGCATGGTACCGCACG_006,140
GGATCTGTGATAGCCAGCAC_001,65
GGATCTGTGATAGCCAGCAC_002,176
GGATCTGTGATAGCCAGCAC_003,12
GGATCTGTGATAGCCAGCAC_004,193
GGATCTGTGATAGCCAGCAC_005,29
CTTTCCAACAACATAAGGGA_001,37
CTTTCCAACAACATAAGGGA_002,8
CTTTCCAACAACATAAGGGA_003,9
CTTTCCAACAACATAAGGGA_004,76
CTTTCCAACAACATAAGGGA_005,72
CTTTCCAACAACATAAGGGA_006,175
GTACACGCCTTCATCTTGCA_001,117
GTACACGCCTTCATCTTGCA_002,178
GTACACGCCTTCATCTTGCA_003,172
GTACACGCCTTCATCTTGCA_004,20
CAGATGGCAAGGTAGCTCAA_001,126
CAGATGGCAAGGTAGCTCAA_002,162
CAGATGGCAAGGTAGCTCAA_003,70
CAGATGGCAAGGTAGCTCAA_004,104
CAGATGGCAAGGTAGCTCAA_005,34
CAGATGGCAAGGTAGCTCAA_006,182
CAGATGGCAAGGTAGCTCAA_007,155
CAGATGGCAAGGTAGCTCAA_008,88
TAGGTCTCTGACTGCAACTG_001,119
TAGGTCTCTGACTGCAACTG_002,189
TAGGTCTCTGACTGCAACTG_003,55
TAGGTCTCTGACTGCAACTG_004,141
TAGGTCTCTGACTGCAACTG_005,150
TAGGTCTCTGACTGCAACTG_006,177
TAGGTCTCTGACTGCAACTG_007,6
TAGGTCTCTGACTGCAACTG_008,188
TAGGTCTCTGACTGCAACTG_009,94
TAGGTCTCTGACTGCAACTG_010,118
TAGGTCTCTGACTGCAACTG_011,151
TAGGTCTCTGACTGCAACTG_012,111
ATGTTCATGATTGAGATCGC_001,55
ATGTTCATGATTGAGATCGC_002,42
ATGTTCATGATTGAGATCGC_003,61
ATGTTCATGATTGAGATCGC_004,52
ATGTTCATGATTGAGATCGC_005,177
GTTATCTGAAGAACCTCCAG_001,1
GTTATCTGAAGAACCTCCAG_002,83
GTTATCTGAAGAACCTCCAG_003,189
CTTGCGGATATAATCCACAG_001,22
CAGAGAAGCAAAGACCGAAG_001,82
CAGAGAAGCAAAGACCGAAG_002,160
CAGAGAAGCAAAGACCGAAG_003,68
CAGAGAAGCAAAGACCGAAG_004,94
CAGAGAAGCAAAGACCGAAG_005,171
CAGAGAAGCAAAGACCGAAG_006,63
CAGAGAAGCAAAGACCGAAG_007,22
CAGAGAAGCAAAGACCGAAG_008,87
CAGAGAAGCAAAGACCGAAG_009,9
CAGAGAAGCAAAGACCGAAG_010,100
CAGAGAAGCAAAGACCGAAG_011,151
CAGAGAAGCAAAGACCGAAG_012,162
CAGAGAAGCAAAGACCGAAG_013,160
CAGAGAAGCAAAGACCGAAG_014,161
CAGAGAAGCAAAGACCGAAG_015,45
CAGAGAAGCAAAGACCGAAG_016,62
CAGCATTTCAGAGACTAACA_001,21
CAGCATTTCAGAGACTAACA_002,172
CAGCATTTCAGAGACTAACA_003,165
CAGCATTTCAGAGACTAACA_004,188
CAGCATTTCAGAGACTAACA_005,31
CAGCATTTCAGAGACTAACA_006,150
CAGCATTTCAGAGACTAACA_007,145
CAGCATTTCAGAGACTAACA_008,9
CAGCATTTCAGAGACTAACA_009,72
CAGCATTTCAGAGACTAACA_010,150
CAGCATTTCAGAGACTAACA_011,43
CAGCATTTCAGAGACTAACA_012,141
CAGCATTTCAGAGACTAACA_013,137
CAGCATTTCAGAGACTAACA_014,83
CAGCATTTCAGAGACTAACA_015,48
CAGCATTTCAGAGACTAACA_016,80
CAGCATTTCAGAGACTAACA_017,24
CAGCATTTCAGAGACTAACA_018,0
CAGCATTTCAGAGACTAACA_019,78
CAGCATTTCAGAGACTAACA_020,41
CAGCATTTCAGAGACTAACA_021,184
CAGCATTTCAGAGACTAACA_022,77
CTGACTATGGTTATACTCAG_001,179
CTGACTATGGTTATACTCAG_002,140
CTGACTATGGTTATACTCAG_003,96
CAGCTGACTTACTTGGAGCT_001,170
CAGCTGACTTACTTGGAGCT_002,72
CAGCTGACTTACTTGGAGCT_003,22
CAGCTGACTTACTTGGAGCT_004,148
CAGCTGACTTACTTGGAGCT_005,176
CAGCTGACTTACTTGGAGCT_006,46
CAGCTGACTTACTTGGAGCT_007,49
CAGCTGACTTACTTGGAGCT_008,142
CAGCTGACTTACTTGGAGCT_009,32
CAGCTGACTTACTTGGAGCT_010,37
CAGCTGACTTACTTGGAGCT_011,116
CAGCTGACTTACTTGGAGCT_012,30
CAGCTGACTTACTTGGAGCT_013,162
CAGCTGACTTACTTGGAGCT_014,156
CAGCTGACTTACTTGGAGCT_015,35
CAGCTGACTTACTTGGAGCT_016,81
CAGCTGACTTACTTGGAGCT_017,56
CAGCTGACTTACTTGGAGCT_018,169
CAGCTGACTTACTTGGAGCT_019,22
TGCAGCCAGTAATTACGCCA_001,172
TGCAGCCAGTAATTACGCCA_002,105
TGCAGCCAGTAATTACGCCA_003,82
TGCAGCCAGTAATTACGCCA_004,63
TGCAGCCAGTAATTACGCCA_005,107
TGCAGCCAGTAATTACGCCA_006,41
TGCAGCCAGTAATTACGCCA_007,127
TGCAGCCAGTAATTACGCCA_008,172
TGCAGCCAGTAATTACGCCA_009,128
TGCAGCCAGTAATTACGCCA_010,144
TGCAGCCAGTAATTACGCCA_011,48
TGCAGCCAGTAATTACGCCA_012,171
TGCAGCCAGTAATTACGCCA_013,77
TGCAGCCAGTAATTACGCCA_014,94
TGCTGTACCACCCTTACCAA_001,48
TGCTGTACCACCCTTACCAA_002,137
TGCTGTACCACCCTTACCAA_003,29
TGCTGTACCACCCTTACCAA_004,64
TGCTGTACCACCCTTACCAA_005,147
TGCTGTACCACCCTTACCAA_006,108
TGCTGTACCACCCTTACCAA_007,125
TGCTGTACCACCCTTACCAA_008,65
TGCTGTACCACCCTTACCAA_009,103
TGCTGTACCACCCTTACCAA_010,141
TGCTGTACCACCCTTACCAA_011,13
TGCTGTACCACCCTTACCAA_012,148
TGCTGTACCACCCTTACCAA_013,135
TGCTGTACCACCCTTACCAA_014,50
TGCTGTACCACCCTTACCAA_015,32
TGCTGTACCACCCTTACCAA_016,139
TGCTGTACCACCCTTACCAA_017,188
TGCTGTACCACCCTTACCAA_018,63
TGCTGTACCACCCTTACCAA_019,168
TGCTGTACCACCCTTACCAA_020,138
TGCTGTACCACCCTTACCAA_021,27
TGCTGTACCACCCTTACCAA_022,1
TGCTGTACCACCCTTACCAA_023,14
TGCTGTACCACCCTTACCAA_024,1
GTCGTTGCTTTGGCTAACGA_001,94
GTCGTTGCTTTGGCTAACGA_002,43
GTCGTTGCTTTGGCTAACGA_003,195
GTCGTTGCTTTGGCTAACGA_004,81
AAAGTTTGAGCTTTACCTTG_001,68
AAAGTTTGAGCTTTACCTTG_002,119
AAAGTTTGAGCTTTACCTTG_003,199
AAAGTTTGAGCTTTACCTTG_004,149
AAAGTTTGAGCTTTACCTTG_005,81
AAAGTTTGAGCTTTACCTTG_006,175
CGCCAATCTAGAATACTCTG_001,101
CGCCAATCTAGAATACTCTG_002,20
CGCCAATCTAGAATACTCTG_003,50
GCACATGTTCAAGCATTCGG_001,64
GCACATGTTCAAGCATTCGG_002,102
GCACATGTTCAAGCATTCGG_003,6
GCACATGTTCAAGCATTCGG_004,188
GCACATGTTCAAGCATTCGG_005,199
GCACATGTTCAAGCATTCGG_006,34
GCACATGTTCAAGCATTCGG_007,33
GCACATGTTCAAGCATTCGG_008,90
GCACATGTTCAAGCATTCGG_009,139
GCACATGTTCAAGCATTCGG_010,163
GCACATGTTCAAGCATTCGG_011,105
GCACATGTTCAAGCATTCGG_012,154
GCACATGTTCAAGCATTCGG_013,15
GCACATGTTCAAGCATTCGG_014,80
GCACATGTTCAAGCATTCGG_015,34
GCACATGTTCAAGCATTCGG_016,147
GCACATGTTCAAGCATTCGG_017,149
GCACATGTTCAAGCATTCGG_018,118
GCACATGTTCAAGCATTCGG_019,175
GCACATGTTCAAGCATTCGG_020,37
GCACATGTTCAAGCATTCGG_021,52
GCACATGTTCAAGCATTCGG_022,5
CATGCCAAACACCCTGACCG_001,5
CATGCCAAACACCCTGACCG_002,26
CATGCCAAACACCCTGACCG_003,62
CATGCCAAACACCCTGACCG_004,105
CATGCCAAACACCCTGACCG_005,188
CATGCCAAACACCCTGACCG_006,149
CATGCCAAACACCCTGACCG_007,2
CATGCCAAACACCCTGACCG_008,147
CATGCCAAACACCCTGACCG_009,27
CACCTGTTGCCTGGACGCCG_001,72
CACCTGTTGCCTGGACGCCG_002,21
CACCTGTTGCCTGGACGCCG_003,157
CACCTGTTGCCTGGACGCCG_004,46
CACCTGTTGCCTGGACGCCG_005,103
CACCTGTTGCCTGGACGCCG_006,152
CACCTGTTGCCTGGACGCCG_007,197
GGGTATGGCTCAACTCCAGG_001,6
GGGTATGGCTCAACTCCAGG_002,178
GGGTATGGCTCAACTCCAGG_003,55
GGGTATGGCTCAACTCCAGG_004,161
GGGTATGGCTCAACTCCAGG_005,6
GGGTATGGCTCAACTCCAGG_006,92
GGGTATGGCTCAACTCCAGG_007,147
GGGTATGGCTCAACTCCAGG_008,110
GGGTATGGCTCAACTCCAGG_009,145
GGGTATGGCTCAACTCCAGG_010,162
GGGTATGGCTCAACTCCAGG_011,102
GGGTATGGCTCAACTCCAGG_012,106
GGGTATGGCTCAACTCCAGG_013,106
GGGTATGGCTCAACTCCAGG_014,81
CAGCATCGTCACTGAACTTG_001,115
CAGCATCGTCACTGAACTTG_002,127
CAGCATCGTCACTGAACTTG_003,185
CAGCATCGTCACTGAACTTG_004,102
CAGCATCGTCACTGAACTTG_005,94
CAGCATCGTCACTGAACTTG_006,169
GTACACGTAGTACTGGTCGT_001,29
GTACACGTAGTACTGGTCGT_002,137
GTACACGTAGTACTGGTCGT_003,123
GTACACGTAGTACTGGTCGT_004,94
GTACACGTAGTACTGGTCGT_005,145
GTACACGTAGTACTGGTCGT_006,61
GTACACGTAGTACTGGTCGT_007,77
GTACACGTAGTACTGGTCGT_008,44
GTACACGTAGTACTGGTCGT_009,117
GTACACGTAGTACTGGTCGT_010,56
ATAATCGAATTCACACTGGT_001,197
ATAATCGAATTCACACTGGT_002,169
ATAATCGAATTCACACTGGT_003,105
ATAATCGAATTCACACTGGT_004,194
ATAATCGAATTCACACTGGT_005,139
ATAATCGAATTCACACTGGT_006,22
ATAATCGAATTCACACTGGT_007,28
ATAATCGAATTCACACTGGT_008,165
ATAATCGAATTCACACTGGT_009,187
ATAATCGAATTCACACTGGT_010,99
ATAATCGAATTCACACTGGT_011,144
AAACTATAGAACCAGCCGTG_001,131
AAACTATAGAACCAGCCGTG_002,154
AAACTATAGAACCAGCCGTG_003,91
AAACTATAGAACCAGCCGTG_004,17
AAACTATAGAACCAGCCGTG_005,83
AAACTATAGAACCAGCCGTG_006,104
AGCTGGTGGTGAAGTCTGAG_001,75
AGCTGGTGGTGAAGTCTGAG_002,42
AGCTGGTGGTGAAGTCTGAG_003,170
AGCTGGTGGTGAAGTCTGAG_004,60
AGCTGGTGGTGAAGTCTGAG_005,197
AGCTGGTGGTGAAGTCTGAG_006,109
AGCTGGTGGTGAAGTCTGAG_007,146
AGCTGGTGGTGAAGTCTGAG_008,43
AGCTGGTGGTGAAGTCTGAG_009,130
AGCTGGTGGTGAAGTCTGAG_010,145
AGCTGGTGGTGAAGTCTGAG_011,78
AGCTGGTGGTGAAGTCTGAG_012,142
AGCTGGTGGTGAAGTCTGAG_013,166
AGCTGGTGGTGAAGTCTGAG_014,124
AGCTGGTGGTGAAGTCTGAG_015,148
AGCTGGTGGTGAAGTCTGAG_016,130
GAAGAGAAACAAGAGAAGCT_001,121
GAAGAGAAACAAGAGAAGCT_002,158
CAGGCTGCTTAGGAATAACG_001,194
CAGGCTGCTTAGGAATAACG_002,194
CAGGCTGCTTAGGAATAACG_003,157
CAGGCTGCTTAGGAATAACG_004,69
CAGGCTGCTTAGGAATAACG_005,181
CAGGCTGCTTAGGAATAACG_006,139
CAGGCTGCTTAGGAATAACG_007,135
CAGGCTGCTTAGGAATAACG_008,124
CAGGCTGCTTAGGAATAACG_009,77
CTCTTCCCAGACAGTGTAGT_001,94
CTCTTCCCAGACAGTGTAGT_002,147
CTCTTCCCAGACAGTGTAGT_003,50
CTCTTCCCAGACAGTGTAGT_004,125
CTCTTCCCAGACAGTGTAGT_005,177
CTCTTCCCAGACAGTGTAGT_006,101
CTCTTCCCAGACAGTGTAGT_007,121
CTAGAGCGCGAGGTGTACGA_001,161
CTAGAGCGCGAGGTGTACGA_002,22
CTAGAGCGCGAGGTGTACGA_003,112
CTAGAGCGCGAGGTGTACGA_004,171
CTAGAGCGCGAGGTGTACGA_005,129
CTAGAGCGCGAGGTGTACGA_006,40
CTAGAGCGCGAGGTGTACGA_007,118
CTAGAGCGCGAGGTGTACGA_008,3
CTAGAGCGCGAGGTGTACGA_009,185
CTAGAGCGCGAGGTGTACGA_010,21
CTAGAGCGCGAGGTGTACGA_011,0
CTAGAGCGCGAGGTGTACGA_012,56
CTAGAGCGCGAGGTGTACGA_013,172
GCATCATCGCTCGATGTGAG_001,0
GCATCATCGCTCGATGTGAG_002,171
GCATCATCGCTCGATGTGAG_003,98
GCATCATCGCTCGATGTGAG_004,88
GCATCATCGCTCGATGTGAG_005,28
GCATCATCGCTCGATGTGAG_006,65
GCATCATCGCTCGATGTGAG_007,199
GCATCATCGCTCGATGTGAG_008,105
GCATCATCGCTCGATGTGAG_009,199
AGTCCAGAATCCAAGCTCTG_001,150
AGTCCAGAATCCAAGCTCTG_002,172
AGTCCAGAATCCAAGCTCTG_003,181
AGTCCAGAATCCAAGCTCTG_004,118
AGTCCAGAATCCAAGCTCTG_005,176
AGTCCAGAATCCAAGCTCTG_006,184
AGTCCAGAATCCAAGCTCTG_007,41
AGTCCAGAATCCAAGCTCTG_008,150
AGTCCAGAATCCAAGCTCTG_009,84
AGTCCAGAATCCAAGCTCTG_010,169
TCGGTTGACAATCAATAGTG_001,96
TCGGTTGACAATCAATAGTG_002,141
AACAAGTCAGTGATTCTCGA_001,34
AACAAGTCAGTGATTCTCGA_002,145
AACAAGTCAGTGATTCTCGA_003,130
TTGAAGAAGAATTGCATCAG_001,50
TTGAAGAAGAATTGCATCAG_002,29
TTGAAGAAGAATTGCATCAG_003,151
TTGAAGAAGAATTGCATCAG_004,46
TTGAAGAAGAATTGCATCAG_005,17
TTGAAGAAGAATTGCATCAG_006,84
TTGAAGAAGAATTGCATCAG_007,4
TTGAAGAAGAATTGCATCAG_008,50
TTGAAGAAGAATTGCATCAG_009,77
TACCGGGCAGAGACAAACAC_001,7
TACCGGGCAGAGACAAACAC_002,150
TACCGGGCAGAGACAAACAC_003,0
TACCGGGCAGAGACAAACAC_004,78
TACCGGGCAGAGACAAACAC_005,158
CACCATATAAGCATCAAACA_001,29
CACCATATAAGCATCAAACA_002,166
CACCATATAAGCATCAAACA_003,56
CACCATATAAGCATCAAACA_004,119
CACCATATAAGCATCAAACA_005,173
CACCATATAAGCATCAAACA_006,162
CACCATATAAGCATCAAACA_007,149
CACCATATAAGCATCAAACA_008,175
CACCATATAAGCATCAAACA_009,16
CACCATATAAGCATCAAACA_010,44
CACCATATAAGCATCAAACA_011,9
CACCATATAAGCATCAAACA_012,169
ATGTGAACATGGAATCATCA_001,86
ATGTGAACATGGAATCATCA_002,30
ATGTGAACATGGAATCATCA_003,190
ATGTGAACATGGAATCATCA_004,100
ATGTGAACATGGAATCATCA_005,169
ATGTGAACATGGAATCATCA_006,162
ATGTGAACATGGAATCATCA_007,159
ATGTGAACATGGAATCATCA_008,88
ATGTGAACATGGAATCATCA_009,168
ATGTGAACATGGAATCATCA_010,26
ATGTGAACATGGAATCATCA_011,111
AAAAAGATCATGATTGAGCG_001,36
AAAAAGATCATGATTGAGCG_002,141
GCGGACGCGCAGCCACTCGA_001,102
GCGGACGCGCAGCCACTCGA_002,62
GCGGACGCGCAGCCACTCGA_003,147
GCGGACGCGCAGCCACTCGA_004,48
GCGGACGCGCAGCCACTCGA_005,141
GCGGACGCGCAGCCACTCGA_006,9
GCGGACGCGCAGCCACTCGA_007,197
GCGGACGCGCAGCCACTCGA_008,13
GCGGACGCGCAGCCACTCGA_009,162
GCGGACGCGCAGCCACTCGA_010,85
GCGGACGCGCAGCCACTCGA_011,81
GCGGACGCGCAGCCACTCGA_012,136
GCGGACGCGCAGCCACTCGA_013,28
GCGGACGCGCAGCCACTCGA_014,138
GCGGACGCGCAGCCACTCGA_015,138
GCGGACGCGCAGCCACTCGA_016,0
AGCCACTAACAACATAGCCC_001,144
AGCCACTAACAACATAGCCC_002,2
AGCCACTAACAACATAGCCC_003,185
GCACGGGCGTGGAGCCAATG_001,175
GCACGGGCGTGGAGCCAATG_002,112
GCACGGGCGTGGAGCCAATG_003,8
GCACGGGCGTGGAGCCAATG_004,80
GCACGGGCGTGGAGCCAATG_005,28
GCACGGGCGTGGAGCCAATG_006,27
GCACGGGCGTGGAGCCAATG_007,33
GCACGGGCGTGGAGCCAATG_008,17
GCACGGGCGTGGAGCCAATG_009,174
GCACGGGCGTGGAGCCAATG_010,191
GCACGGGCGTGGAGCCAATG_011,30
GCACGGGCGTGGAGCCAATG_012,153
GCACGGGCGTGGAGCCAATG_013,43
GCACGGGCGTGGAGCCAATG_014,125
GCACGGGCGTGGAGCCAATG_015,61
GCACGGGCGTGGAGCCAATG_016,141
GCACGGGCGTGGAGCCAATG_017,187
GCACGGGCGTGGAGCCAATG_018,199
GCACGGGCGTGGAGCCAATG_019,24
GCACGGGCGTGGAGCCAATG_020,186
GCACGGGCGTGGAGCCAATG_021,96
GCACGGGCGTGGAGCCAATG_022,53
GCACGGGCGTGGAGCCAATG_023,70
GCACGGGCGTGGAGCCAATG_024,144
GCACGGGCGTGGAGCCAATG_025,32
GCACGGGCGTGGAGCCAATG_026,107
GCACGGGCGTGGAGCCAATG_027,153
AGCCTCTTGTCGGTATGAGT_001,166
AGCCTCTTGTCGGTATGAGT_002,169
AGCCTCTTGTCGGTATGAGT_003,101
AGCCTCTTGTCGGTATGAGT_004,160
AGCCTCTTGTCGGTATGAGT_005,94
AGCCTCTTGTCGGTATGAGT_006,158
AGCCTCTTGTCGGTATGAGT_007,110
AGCCTCTTGTCGGTATGAGT_008,127
AGCCTCTTGTCGGTATGAGT_009,27
AGCCTCTTGTCGGTATGAGT_010,158
AGCCTCTTGTCGGTATGAGT_011,74
AGCCTCTTGTCGGTATGAGT_012,20
AGCCTCTTGTCGGTATGAGT_013,81
AGCCTCTTGTCGGTATGAGT_014,132
AGCCTCTTGTCGGTATGAGT_015,151
AGCCTCTTGTCGGTATGAGT_016,184
AGCCTCTTGTCGGTATGAGT_017,34
TATGAAAAAGCAGAGCGACT_001,2
TATGAAAAAGCAGAGCGACT_002,17
TATGAAAAAGCAGAGCGACT_003,12
TATGAAAAAGCAGAGCGACT_004,138
TATGAAAAAGCAGAGCGACT_005,37
TGTCCAGTAATAGCAATCTG_001,102
AGAGTATTTCAATGACGAGG_001,70
TTACAAACGCATGGAACCAG_001,183
TTACAAACGCATGGAACCAG_002,166
TTACAAACGCATGGAACCAG_003,0
TTACAAACGCATGGAACCAG_004,98
TTACAAACGCATGGAACCAG_005,105
TTACAAACGCATGGAACCAG_006,138
AGAAGCTCAAAGAGTCCGTG_001,89
AGAAGCTCAAAGAGTCCGTG_002,34
AGAAGCTCAAAGAGTCCGTG_003,12
AGAAGCTCAAAGAGTCCGTG_004,127
AGAAGCTCAAAGAGTCCGTG_005,179
AGAAGCTCAAAGAGTCCGTG_006,148
AGAAGCTCAAAGAGTCCGTG_007,14
AGAAGCTCAAAGAGTCCGTG_008,141
AGAAGCTCAAAGAGTCCGTG_009,145
AGAAGCTCAAAGAGTCCGTG_010,36
TGCAGCCCGTATGAGAACTG_001,141
TGCAGCCCGTATGAGAACTG_002,146
TGCAGCCCGTATGAGAACTG_003,194
TGCAGCCCGTATGAGAACTG_004,23
TGCAGCCCGTATGAGAACTG_005,184
TGCAGCCCGTATGAGAACTG_006,119
TGCAGCCCGTATGAGAACTG_007,57
TGCAGCCCGTATGAGAACTG_008,78
TGCAGCCCGTATGAGAACTG_009,152
TGCAGCCCGTATGAGAACTG_010,168
TGCAGCCCGTATGAGAACTG_011,118
TGCAGCCCGTATGAGAACTG_012,142
TGCAGCCCGTATGAGAACTG_013,136
AGCGGGTCATGGCCAACGTG_001,3
AGCGGGTCATGGCCAACGTG_002,191
AGCGGGTCATGGCCAACGTG_003,85
AGCGGGTCATGGCCAACGTG_004,131
AGCGGGTCATGGCCAACGTG_005,43
AGCGGGTCATGGCCAACGTG_006,16
AGCGGGTCATGGCCAACGTG_007,6
AGCGGGTCATGGCCAACGTG_008,158
AGCGGGTCATGGCCAACGTG_009,42
AGCGGGTCATGGCCAACGTG_010,30
AGCGGGTCATGGCCAACGTG_011,197
AGCGGGTCATGGCCAACGTG_012,28
AGCGGGTCATGGCCAACGTG_013,95
AGCGGGTCATGGCCAACGTG_014,129
AGCGGGTCATGGCCAACGTG_015,119
AGCGGGTCATGGCCAACGTG_016,106
AGCGGGTCATGGCCAACGTG_017,49
AGCGGGTCATGGCCAACGTG_018,66
AGCGGGTCATGGCCAACGTG_019,74
AGCGGGTCATGGCCAACGTG_020,75
AGCGGGTCATGGCCAACGTG_021,170
AGCGGGTCATGGCCAACGTG_022,116
AGCGGGTCATGGCCAACGTG_023,145
AGCGGGTCATGGCCAACGTG_024,185
AGCGGGTCATGGCCAACGTG_025,38
AGCGGGTCATGGCCAACGTG_026,1
AGCGGGTCATGGCCAACGTG_027,50
AGCGGGTCATGGCCAACGTG_028,77
AGCGGGTCATGGCCAACGTG_029,169
AGCGGGTCATGGCCAACGTG_030,174
AGCGGGTCATGGCCAACGTG_031,177
AGCGGGTCATGGCCAACGTG_032,40
AGCGGGTCATGGCCAACGTG_033,150
GTGTGAAGACTGCTGACCGG_001,150
GTGTGAAGACTGCTGACCGG_002,15
GTGTGAAGACTGCTGACCGG_003,133
GTGTGAAGACTGCTGACCGG_004,9
GTGTGAAGACTGCTGACCGG_005,160
GTGTGAAGACTGCTGACCGG_006,183
GTGTGAAGACTGCTGACCGG_007,161
GTGTGAAGACTGCTGACCGG_008,47
GTGTGAAGACTGCTGACCGG_009,148
GTGTGAAGACTGCTGACCGG_010,149
GTGTGAAGACTGCTGACCGG_011,116
GTGTGAAGACTGCTGACCGG_012,158
GTGTGAAGACTGCTGACCGG_013,147
GTGTGAAGACTGCTGACCGG_014,82
GTGTGAAGACTGCTGACCGG_015,157
AAAATATGAAGTGCGTGCTG_001,44
AAAATATGAAGTGCGTGCTG_002,145
AAAATATGAAGTGCGTGCTG_003,145
AAAATATGAAGTGCGTGCTG_004,130
AAAATATGAAGTGCGTGCTG_005,121
AAAATATGAAGTGCGTGCTG_006,51
CCAACGAGTTCCACGCGGCG_001,46
CCAACGAGTTCCACGCGGCG_002,124
CCAACGAGTTCCACGCGGCG_003,157
CCAACGAGTTCCACGCGGCG_004,31
CCAACGAGTTCCACGCGGCG_005,188
CCAACGAGTTCCACGCGGCG_006,28
CCAACGAGTTCCACGCGGCG_007,141
CCAACGAGTTCCACGCGGCG_008,46
CCAACGAGTTCCACGCGGCG_009,136
GCTCACCACGCTCTCCACGT_001,169
GCTCACCACGCTCTCCACGT_002,32
GCTCACCACGCTCTCCACGT_003,95
GCTCACCACGCTCTCCACGT_004,144
ATTGGCTGGTTTAGGCAGAA_001,151
ATTGGCTGGTTTAGGCAGAA_002,62
ATTGGCTGGTTTAGGCAGAA_003,78
ATTGGCTGGTTTAGGCAGAA_004,124
ATTGGCTGGTTTAGGCAGAA_005,104
ATTGGCTGGTTTAGGCAGAA_006,150
ATTGGCTGGTTTAGGCAGAA_007,110
ATTGGCTGGTTTAGGCAGAA_008,188
ATTGGCTGGTTTAGGCAGAA_009,116
ATTGGCTGGTTTAGGCAGAA_010,125
ATTGGCTGGTTTAGGCAGAA_011,174
GGCGCCGGGCATCCACGGGG_001,6
GGCGCCGGGCATCCACGGGG_002,127
GGCGCCGGGCATCCACGGGG_003,155
GGCGCCGGGCATCCACGGGG_004,174
GGCGCCGGGCATCCACGGGG_005,30
GGCGCCGGGCATCCACGGGG_006,75
GGCGCCGGGCATCCACGGGG_007,157
GGCGCCGGGCATCCACGGGG_008,180
GGCGCCGGGCATCCACGGGG_009,118
GGCGCCGGGCATCCACGGGG_010,144
GGCGCCGGGCATCCACGGGG_011,169
GGCGCCGGGCATCCACGGGG_012,137
GGCGCCGGGCATCCACGGGG_013,108
GGCGCCGGGCATCCACGGGG_014,125
GGCGCCGGGCATCCACGGGG_015,12
GGCGCCGGGCATCCACGGGG_016,15
GGCGCCGGGCATCCACGGGG_017,35
GGCGCCGGGCATCCACGGGG_018,93
GGCGCCGGGCATCCACGGGG_019,100
GGCGCCGGGCATCCACGGGG_020,172
GGCGCCGGGCATCCACGGGG_021,23
GGCGCCGGGCATCCACGGGG_022,147
GGCGCCGGGCATCCACGGGG_023,86
GGCGCCGGGCATCCACGGGG_024,84
GGCGCCGGGCATCCACGGGG_025,197
GGCGCCGGGCATCCACGGGG_026,68
GGCGCCGGGCATCCACGGGG_027,113
GGCGCCGGGCATCCACGGGG_028,195
GGCGCCGGGCATCCACGGGG_029,34
GGCGCCGGGCATCCACGGGG_030,11
GGCGCCGGGCATCCACGGGG_031,170
GGCGCCGGGCATCCACGGGG_032,176
GGCGCCGGGCATCCACGGGG_033,153
GGCGCCGGGCATCCACGGGG_034,142
GGCGCCGGGCATCCACGGGG_035,198
GGCGCCGGGCATCCACGGGG_036,80
GGCGCCGGGCATCCACGGGG_037,27
GGCGCCGGGCATCCACGGGG_038,27
GGCGCCGGGCATCCACGGGG_039,44
GGCGCCGGGCATCCACGGGG_040,29
GGCGCCGGGCATCCACGGGG_041,100
GTAGGCTGCTCGATGAAGAG_001,140
GTAGGCTGCTCGATGAAGAG_002,49
GTAGGCTGCTCGATGAAGAG_003,179
GTAGGCTGCTCGATGAAGAG_004,150
GTAGGCTGCTCGATGAAGAG_005,141
GTAGGCTGCTCGATGAAGAG_006,185
GTAGGCTGCTCGATGAAGAG_007,9
GTAGGCTGCTCGATGAAGAG_008,137
GTAGGCTGCTCGATGAAGAG_009,48
AGGAATCCCCCATAACCCCA_001,5
AGGAATCCCCCATAACCCCA_002,18
AGGAATCCCCCATAACCCCA_003,131
AGGAATCCCCCATAACCCCA_004,121
AGGAATCCCCCATAACCCCA_005,172
AGGAATCCCCCATAACCCCA_006,110
AGGAATCCCCCATAACCCCA_007,160
AGGAATCCCCCATAACCCCA_008,35
AGGAATCCCCCATAACCCCA_009,145
AGGAATCCCCCATAACCCCA_010,10
AGGAATCCCCCATAACCCCA_011,52
AGGAATCCCCCATAACCCCA_012,145
AGTCTGTCAGTCGTTCCAAG_001,38
AGTCTGTCAGTCGTTCCAAG_002,44
AGTCTGTCAGTCGTTCCAAG_003,70
AGTCTGTCAGTCGTTCCAAG_004,38
AGTCTGTCAGTCGTTCCAAG_005,123
AGTCTGTCAGTCGTTCCAAG_006,98
AGTCTGTCAGTCGTTCCAAG_007,33
AGTCTGTCAGTCGTTCCAAG_008,41
AGTCTGTCAGTCGTTCCAAG_009,74
AGTCTGTCAGTCGTTCCAAG_010,34
AGTCTGTCAGTCGTTCCAAG_011,94
AGTCTGTCAGTCGTTCCAAG_012,172
AGTCTGTCAGTCGTTCCAAG_013,62
AGTCTGTCAGTCGTTCCAAG_014,62
AGTCTGTCAGTCGTTCCAAG_015,17
AGTCTGTCAGTCGTTCCAAG_016,14
AGTCTGTCAGTCGTTCCAAG_017,17
AGTCTGTCAGTCGTTCCAAG_018,92
AGTCTGTCAGTCGTTCCAAG_019,4
AGTCTGTCAGTCGTTCCAAG_020,31
ATTATTAGCCAGCCAACTGG_001,78
ATTATTAGCCAGCCAACTGG_002,49
ATTATTAGCCAGCCAACTGG_003,2
ATTATTAGCCAGCCAACTGG_004,169
ATTATTAGCCAGCCAACTGG_005,182
ATTATTAGCCAGCCAACTGG_006,129
ATTATTAGCCAGCCAACTGG_007,88
ATTATTAGCCAGCCAACTGG_008,150
ATTATTAGCCAGCCAACTGG_009,88
ATTATTAGCCAGCCAACTGG_010,96
ATTATTAGCCAGCCAACTGG_011,169
ATTATTAGCCAGCCAACTGG_012,31
ATTATTAGCCAGCCAACTGG_013,33
ATTATTAGCCAGCCAACTGG_014,123
ATTATTAGCCAGCCAACTGG_015,126
ATTATTAGCCAGCCAACTGG_016,30
ATTATTAGCCAGCCAACTGG_017,32
ATTATTAGCCAGCCAACTGG_018,180
CAAGTGCACTGGATATAGGT_001,48
CAAGTGCACTGGATATAGGT_002,10
GTCAACAGAATACTCACGGG_001,42
GTCAACAGAATACTCACGGG_002,32
GTCAACAGAATACTCACGGG_003,31
GTCAACAGAATACTCACGGG_004,40
GTCAACAGAATACTCACGGG_005,183
TGACTACAGCGATGATGGGT_001,190
TGACTACAGCGATGATGGGT_002,9
TGACTACAGCGATGATGGGT_003,194
TGACTACAGCGATGATGGGT_004,92
TGACTACAGCGATGATGGGT_005,185
TGACTACAGCGATGATGGGT_006,169
TGACTACAGCGATGATGGGT_007,78
AACTACTGTGGCAATACAGG_001,48
AACTACTGTGGCAATACAGG_002,194
AACTACTGTGGCAATACAGG_003,147
AACTACTGTGGCAATACAGG_004,116
AACTACTGTGGCAATACAGG_005,179
AACTACTGTGGCAATACAGG_006,116
AACTACTGTGGCAATACAGG_007,87
AACTACTGTGGCAATACAGG_008,19
ACCTCCGCTCCCAATCTACC_001,11
ACCTCCGCTCCCAATCTACC_002,155
ACCTCCGCTCCCAATCTACC_003,134
ACCTCCGCTCCCAATCTACC_004,81
ACCTCCGCTCCCAATCTACC_005,98
ACCTCCGCTCCCAATCTACC_006,178
ACCTCCGCTCCCAATCTACC_007,63
AGATGACAGAAGAATACATG_001,127
AGATGACAGAAGAATACATG_002,169
AGATGACAGAAGAATACATG_003,103
AGTACACAGTCCTTGTCGCA_001,72
AGTACACAGTCCTTGTCGCA_002,127
TAGCGACTCGTCGAAGTACT_001,194
TAGCGACTCGTCGAAGTACT_002,145
TAGCGACTCGTCGAAGTACT_003,63
TAGCGACTCGTCGAAGTACT_004,44
CTCACTTACAGCATCGTGCG_001,39
CTCACTTACAGCATCGTGCG_002,11
TACCTAGGGCAGTGATAGAA_001,49
TACCTAGGGCAGTGATAGAA_002,158
TACCTAGGGCAGTGATAGAA_003,94
TACCTAGGGCAGTGATAGAA_004,78
TACCTAGGGCAGTGATAGAA_005,77
TACCTAGGGCAGTGATAGAA_006,40
TACCTAGGGCAGTGATAGAA_007,182
GCACCAGCAACCACGCCCAG_001,32
GCACCAGCAACCACGCCCAG_002,160
GCACCAGCAACCACGCCCAG_003,36
GCACCAGCAACCACGCCCAG_004,10
GCACCAGCAACCACGCCCAG_005,115
GCACCAGCAACCACGCCCAG_006,113
GCACCAGCAACCACGCCCAG_007,15
GCACCAGCAACCACGCCCAG_008,68
GCACCAGCAACCACGCCCAG_009,113
GCACCAGCAACCACGCCCAG_010,42
GCACCAGCAACCACGCCCAG_011,42
GCACCAGCAACCACGCCCAG_012,21
GCACCAGCAACCACGCCCAG_013,55
GCACCAGCAACCACGCCCAG_014,29
GCACCAGCAACCACGCCCAG_015,123
GAACCAGTCGGATCCAGAAG_001,154
GAACCAGTCGGATCCAGAAG_002,99
GAACCAGTCGGATCCAGAAG_003,140
GAACCAGTCGGATCCAGAAG_004,9
GAACCAGTCGGATCCAGAAG_005,169
GAACCAGTCGGATCCAGAAG_006,170
GAACCAGTCGGATCCAGAAG_007,185
TGGATGAAGAAGGTAGAACC_001,27
TGGATGAAGAAGGTAGAACC_002,62
TGGATGAAGAAGGTAGAACC_003,161
ATTGAAGGAAGCCTCGATCA_001,35
ATTGAAGGAAGCCTCGATCA_002,28
ATTGAAGGAAGCCTCGATCA_003,106
ATTGAAGGAAGCCTCGATCA_004,158
ATTGAAGGAAGCCTCGATCA_005,105
ATTGAAGGAAGCCTCGATCA_006,192
ATTGAAGGAAGCCTCGATCA_007,42
ATTGAAGGAAGCCTCGATCA_008,36
ATTGAAGGAAGCCTCGATCA_009,168
ATTGAAGGAAGCCTCGATCA_010,166
ATTGAAGGAAGCCTCGATCA_011,137
ATTGAAGGAAGCCTCGATCA_012,100
ATTGAAGGAAGCCTCGATCA_013,152
ATGATGAGCCTGTATCGCAG_001,180
ATGATGAGCCTGTATCGCAG_002,70
ATGATGAGCCTGTATCGCAG_003,148
ATGATGAGCCTGTATCGCAG_004,2
CAGCAGCTTAGGGTCAAACT_001,158
CAGCAGCTTAGGGTCAAACT_002,144
CAGCAGCTTAGGGTCAAACT_003,165
CAGCAGCTTAGGGTCAAACT_004,91
CAGCAGCTTAGGGTCAAACT_005,132
CAGCAGCTTAGGGTCAAACT_006,38
CAGCAGCTTAGGGTCAAACT_007,118
CAGCAGCTTAGGGTCAAACT_008,196
CAGCAGCTTAGGGTCAAACT_009,188
CAGCAGCTTAGGGTCAAACT_010,135
CAGCAGCTTAGGGTCAAACT_011,8
CAGCAGCTTAGGGTCAAACT_012,115
CAGCAGCTTAGGGTCAAACT_013,150
CAGCAGCTTAGGGTCAAACT_014,107
CAGCAGCTTAGGGTCAAACT_015,94
CAGCAGCTTAGGGTCAAACT_016,94
CAGCAGCTTAGGGTCAAACT_017,169
CAGCAGCTTAGGGTCAAACT_018,1
CAGCAGCTTAGGGTCAAACT_019,98
CAGCAGCTTAGGGTCAAACT_020,67
CAGCAGCTTAGGGTCAAACT_021,7
CAGCAGCTTAGGGTCAAACT_022,90
CAGCAGCTTAGGGTCAAACT_023,131
CAGCAGCTTAGGGTCAAACT_024,147
CAGCAGCTTAGGGTCAAACT_025,180
GGACCGGGAAGAGCGCGTGT_001,100
GGACCGGGAAGAGCGCGTGT_002,121
GGACCGGGAAGAGCGCGTGT_003,2
GGACCGGGAAGAGCGCGTGT_004,144
GGACCGGGAAGAGCGCGTGT_005,151
GGACCGGGAAGAGCGCGTGT_006,175
GGACCGGGAAGAGCGCGTGT_007,128
GGACCGGGAAGAGCGCGTGT_008,68
GGACCGGGAAGAGCGCGTGT_009,29
GGACCGGGAAGAGCGCGTGT_010,147
GGACCGGGAAGAGCGCGTGT_011,149
GGACCGGGAAGAGCGCGTGT_012,19
GGACCGGGAAGAGCGCGTGT_013,131
GGACCGGGAAGAGCGCGTGT_014,29
GGACCGGGAAGAGCGCGTGT_015,54
GGACCGGGAAGAGCGCGTGT_016,76
GGACCGGGAAGAGCGCGTGT_017,44
GGACCGGGAAGAGCGCGTGT_018,131
GGACCGGGAAGAGCGCGTGT_019,0
AGGCCGTGGCCAGAGTAGCA_001,155
AGGCCGTGGCCAGAGTAGCA_002,151
AGGCCGTGGCCAGAGTAGCA_003,62
AGGCCGTGGCCAGAGTAGCA_004,1
AGGCCGTGGCCAGAGTAGCA_005,19
AGGCCGTGGCCAGAGTAGCA_006,33
AGGCCGTGGCCAGAGTAGCA_007,196
AGGCCGTGGCCAGAGTAGCA_008,12
AGGCCGTGGCCAGAGTAGCA_009,11
AGGCCGTGGCCAGAGTAGCA_010,110
AGGCCGTGGCCAGAGTAGCA_011,65
AGGCCGTGGCCAGAGTAGCA_012,73
AGGCCGTGGCCAGAGTAGCA_013,29
AGGCCGTGGCCAGAGTAGCA_014,115
AGGCCGTGGCCAGAGTAGCA_015,40
AGGCCGTGGCCAGAGTAGCA_016,169
AGGCCGTGGCCAGAGTAGCA_017,162
AGGCCGTGGCCAGAGTAGCA_018,145
AGGCCGTGGCCAGAGTAGCA_019,148
AGGCCGTGGCCAGAGTAGCA_020,44
AGGCCGTGGCCAGAGTAGCA_021,130
AGGCCGTGGCCAGAGTAGCA_022,188
AGGCCGTGGCCAGAGTAGCA_023,14
AGGCCGTGGCCAGAGTAGCA_024,47
AGGCCGTGGCCAGAGTAGCA_025,62
AGGCCGTGGCCAGAGTAGCA_026,116
AGGCCGTGGCCAGAGTAGCA_027,144
AGGCCGTGGCCAGAGTAGCA_028,146
AGGCCGTGGCCAGAGTAGCA_029,165
AATCCGTTGAGCAAAAACCG_001,23
AATCCGTTGAGCAAAAACCG_002,146
AATCCGTTGAGCAAAAACCG_003,37
AATCCGTTGAGCAAAAACCG_004,153
AATCCGTTGAGCAAAAACCG_005,50
AATCCGTTGAGCAAAAACCG_006,25
AATCCGTTGAGCAAAAACCG_007,28
AATCCGTTGAGCAAAAACCG_008,15
AATCCGTTGAGCAAAAACCG_009,113
AATCCGTTGAGCAAAAACCG_010,70
AATCCGTTGAGCAAAAACCG_011,127
AATCCGTTGAGCAAAAACCG_012,156
AATCCGTTGAGCAAAAACCG_013,97
AATCCGTTGAGCAAAAACCG_014,176
AATCCGTTGAGCAAAAACCG_015,98
AATCCGTTGAGCAAAAACCG_016,87
AATCCGTTGAGCAAAAACCG_017,87
AATCCGTTGAGCAAAAACCG_018,140
AATCCGTTGAGCAAAAACCG_019,34
AATCCGTTGAGCAAAAACCG_020,116
AATCCGTTGAGCAAAAACCG_021,9
AATCCGTTGAGCAAAAACCG_022,115
AATCCGTTGAGCAAAAACCG_023,50
TTGGACACAGACCATTGCAA_001,48
TTGGACACAGACCATTGCAA_002,147
TTGGACACAGACCATTGCAA_003,8
TTGGACACAGACCATTGCAA_004,175
TTGGACACAGACCATTGCAA_005,91
TTGGACACAGACCATTGCAA_006,58
TTGGACACAGACCATTGCAA_007,74
TTGGACACAGACCATTGCAA_008,85
TTGGACACAGACCATTGCAA_009,30
TTGGACACAGACCATTGCAA_010,120
TTGGACACAGACCATTGCAA_011,62
TTGGACACAGACCATTGCAA_012,116
TTGGACACAGACCATTGCAA_013,55
TTGGACACAGACCATTGCAA_014,62
TTGGACACAGACCATTGCAA_015,55
TGAGAACCCTGACTTAGCCA_001,138
TGAGAACCCTGACTTAGCCA_002,143
TGAGAACCCTGACTTAGCCA_003,61
TGAGAACCCTGACTTAGCCA_004,102
TGAGAACCCTGACTTAGCCA_005,150
TGAGAACCCTGACTTAGCCA_006,50
TGAGAACCCTGACTTAGCCA_007,113
TGAGAACCCTGACTTAGCCA_008,0
AACACCTGTCTTGAACGAAG_001,103
AACACCTGTCTTGAACGAAG_002,44
AACACCTGTCTTGAACGAAG_003,15
AACACCTGTCTTGAACGAAG_004,14
AACACCTGTCTTGAACGAAG_005,68
AACACCTGTCTTGAACGAAG_006,184
TCATCAGAAGGACCTAATGC_001,36
TCATCAGAAGGACCTAATGC_002,23
TCATCAGAAGGACCTAATGC_003,135
TCATCAGAAGGACCTAATGC_004,127
GGGTGGAAATGATAGTCGGG_001,58
GGGTGGAAATGATAGTCGGG_002,41
GAAAGCGCTCTAGTTCTGCA_001,141
GAAAGCGCTCTAGTTCTGCA_002,76
GAAAGCGCTCTAGTTCTGCA_003,111
GAAAGCGCTCTAGTTCTGCA_004,160
GAAAGCGCTCTAGTTCTGCA_005,74
GAAAGCGCTCTAGTTCTGCA_006,121
GAAAGCGCTCTAGTTCTGCA_007,105
GAAAGCGCTCTAGTTCTGCA_008,61
GAAAGCGCTCTAGTTCTGCA_009,3
GAAAGCGCTCTAGTTCTGCA_010,25
GAAAGCGCTCTAGTTCTGCA_011,157
GCCTTGCATGCCGCAACAAG_001,62
GCCTTGCATGCCGCAACAAG_002,48
GCCTTGCATGCCGCAACAAG_003,175
GCCTTGCATGCCGCAACAAG_004,182
GCCTTGCATGCCGCAACAAG_005,193
CGCCGGAGAAGCGTCACGCC_001,28
CGCCGGAGAAGCGTCACGCC_002,148
CGCCGGAGAAGCGTCACGCC_003,148
CGCCGGAGAAGCGTCACGCC_004,138
GGAATTACCACAGAGTACGT_001,74
GGAATTACCACAGAGTACGT_002,147
GGGCTCAGACACATGATTGG_001,12
GGGCTCAGACACATGATTGG_002,177
GGGCTCAGACACATGATTGG_003,187
GGGCTCAGACACATGATTGG_004,12
GGGCTCAGACACATGATTGG_005,33
GGGCTCAGACACATGATTGG_006,114
TGATGGCGAAGGGGTCACAC_001,191
TGATGGCGAAGGGGTCACAC_002,17
TGATGGCGAAGGGGTCACAC_003,53
TGATGGCGAAGGGGTCACAC_004,8
TGATGGCGAAGGGGTCACAC_005,94
TGATGGCGAAGGGGTCACAC_006,143
TGATGGCGAAGGGGTCACAC_007,143
TGATGGCGAAGGGGTCACAC_008,147
TGATGGCGAAGGGGTCACAC_009,61
TGATGGCGAAGGGGTCACAC_010,84
TGATGGCGAAGGGGTCACAC_011,155
TGATGGCGAAGGGGTCACAC_012,9
TGATGGCGAAGGGGTCACAC_013,1
TGATGGCGAAGGGGTCACAC_014,18
TGATGGCGAAGGGGTCACAC_015,130
TGATGGCGAAGGGGTCACAC_016,2
TGATGGCGAAGGGGTCACAC_017,13
TGATGGCGAAGGGGTCACAC_018,91
TGATGGCGAAGGGGTCACAC_019,159
TGATGGCGAAGGGGTCACAC_020,144
TGATGGCGAAGGGGTCACAC_021,196
TGATGGCGAAGGGGTCACAC_022,174
TGATGGCGAAGGGGTCACAC_023,153
TGATGGCGAAGGGGTCACAC_024,41
TGATGGCGAAGGGGTCACAC_025,145
TGATGGCGAAGGGGTCACAC_026,84
TGGCGCGCGCCTCACCACAA_001,73
TGGCGCGCGCCTCACCACAA_002,47
TGGCGCGCGCCTCACCACAA_003,178
TGGCGCGCGCCTCACCACAA_004,197
TGGCGCGCGCCTCACCACAA_005,177
TGGCGCGCGCCTCACCACAA_006,26
TGGCGCGCGCCTCACCACAA_007,5
TGGCGCGCGCCTCACCACAA_008,173
TGGCGCGCGCCTCACCACAA_009,173
TGGCGCGCGCCTCACCACAA_010,95
TGGCGCGCGCCTCACCACAA_011,121
TGGCGCGCGCCTCACCACAA_012,179
TGGCGCGCGCCTCACCACAA_013,158
TGGCGCGCGCCTCACCACAA_014,193
TGGCGCGCGCCTCACCACAA_015,141
TGGCGCGCGCCTCACCACAA_016,28
TGGCGCGCGCCTCACCACAA_017,133
TGGCGCGCGCCTCACCACAA_018,150
TGGCGCGCGCCTCACCACAA_019,46
TGGCGCGCGCCTCACCACAA_020,183
TGGCGCGCGCCTCACCACAA_021,102
GATAGCGGCGGATTTCACGG_001,41
GATAGCGGCGGATTTCACGG_002,94
GATAGCGGCGGATTTCACGG_003,42
GATAGCGGCGGATTTCACGG_004,171
GATAGCGGCGGATTTCACGG_005,199
GATAGCGGCGGATTTCACGG_006,59
GATAGCGGCGGATTTCACGG_007,163
GATAGCGGCGGATTTCACGG_008,70
GATAGCGGCGGATTTCACGG_009,127
GATAGCGGCGGATTTCACGG_010,175
GATAGCGGCGGATTTCACGG_011,43
GATAGCGGCGGATTTCACGG_012,32
GATAGCGGCGGATTTCACGG_013,145
GATAGCGGCGGATTTCACGG_014,115
GATAGCGGCGGATTTCACGG_015,48
GATAGCGGCGGATTTCACGG_016,88
ACGGGAACGGCTCACCCGGT_001,5
ACGGGAACGGCTCACCCGGT_002,154
ACGGGAACGGCTCACCCGGT_003,88
ACGGGAACGGCTCACCCGGT_004,50
ACGGGAACGGCTCACCCGGT_005,70
ACGGGAACGGCTCACCCGGT_006,162
ACGGGAACGGCTCACCCGGT_007,113
ACGGGAACGGCTCACCCGGT_008,46
ACGGGAACGGCTCACCCGGT_009,106
ACGGGAACGGCTCACCCGGT_010,155
ACGGGAACGGCTCACCCGGT_011,31
ATTCGATCAATGAAGCGTCT_001,21
ATTCGATCAATGAAGCGTCT_002,115
ATTCGATCAATGAAGCGTCT_003,194
ATTCGATCAATGAAGCGTCT_004,105
ATTCGATCAATGAAGCGTCT_005,105
ATTCGATCAATGAAGCGTCT_006,44
ATTCGATCAATGAAGCGTCT_007,192
ATTCGATCAATGAAGCGTCT_008,9
ATTCGATCAATGAAGCGTCT_009,116
ATTCGATCAATGAAGCGTCT_010,102
ATTCGATCAATGAAGCGTCT_011,1
ATTCGATCAATGAAGCGTCT_012,58
ATTCGATCAATGAAGCGTCT_013,177
ATTCGATCAATGAAGCGTCT_014,58
ATTCGATCAATGAAGCGTCT_015,49
ATTCGATCAATGAAGCGTCT_016,106
ATTCGATCAATGAAGCGTCT_017,102
ATTCGATCAATGAAGCGTCT_018,0
GAGCGGCTGAAGGTGGACAA_001,42
GAGCGGCTGAAGGTGGACAA_002,40
GAGCGGCTGAAGGTGGACAA_003,177
GAGCGGCTGAAGGTGGACAA_004,105
GAGCGGCTGAAGGTGGACAA_005,70
GAGCGGCTGAAGGTGGACAA_006,37
GAGCGGCTGAAGGTGGACAA_007,197
GAGCGGCTGAAGGTGGACAA_008,1
GAGCGGCTGAAGGTGGACAA_009,178
GAGCGGCTGAAGGTGGACAA_010,149
GAGCGGCTGAAGGTGGACAA_011,61
GAGCGGCTGAAGGTGGACAA_012,199
GAGCGGCTGAAGGTGGACAA_013,41
GAGCGGCTGAAGGTGGACAA_014,123
GAGCGGCTGAAGGTGGACAA_015,184
GAGCGGCTGAAGGTGGACAA_016,115
GAGCGGCTGAAGGTGGACAA_017,185
GAGCGGCTGAAGGTGGACAA_018,1
GAGCGGCTGAAGGTGGACAA_019,121
GAGCGGCTGAAGGTGGACAA_020,105
GAGCGGCTGAAGGTGGACAA_021,96
GAGCGGCTGAAGGTGGACAA_022,7
GAGCGGCTGAAGGTGGACAA_023,58
GAGCGGCTGAAGGTGGACAA_024,76
GAGCGGCTGAAGGTGGACAA_025,88
GAGCGGCTGAAGGTGGACAA_026,150
GAGCGGCTGAAGGTGGACAA_027,9
GAGCGGCTGAAGGTGGACAA_028,67
GAGCGGCTGAAGGTGGACAA_029,105
GAGCGGCTGAAGGTGGACAA_030,199
GAGCGGCTGAAGGTGGACAA_031,37
GAGCGGCTGAAGGTGGACAA_032,2
CAGATGGCCCCCATTGTTAG_001,6
CAGATGGCCCCCATTGTTAG_002,53
CAGATGGCCCCCATTGTTAG_003,11
CAGATGGCCCCCATTGTTAG_004,181
CAGATGGCCCCCATTGTTAG_005,82
CATTGATAGACGTCACCACG_001,102
CATTGATAGACGTCACCACG_002,166
CATTGATAGACGTCACCACG_003,81
CATTGATAGACGTCACCACG_004,70
CATTGATAGACGTCACCACG_005,53
TTTGCCAGGCACTAGAGGAT_001,188
TTTGCCAGGCACTAGAGGAT_002,157
TTTGCCAGGCACTAGAGGAT_003,172
TTTGCCAGGCACTAGAGGAT_004,178
TTTGCCAGGCACTAGAGGAT_005,173
TTTGCCAGGCACTAGAGGAT_006,173
TTTGCCAGGCACTAGAGGAT_007,51
TTTGCCAGGCACTAGAGGAT_008,118
TTTGCCAGGCACTAGAGGAT_009,138
TTTGCCAGGCACTAGAGGAT_010,50
TTTGCCAGGCACTAGAGGAT_011,19
TTTGCCAGGCACTAGAGGAT_012,199
TTTGCCAGGCACTAGAGGAT_013,118
TTTGCCAGGCACTAGAGGAT_014,9
TTTGCCAGGCACTAGAGGAT_015,28
TTTGCCAGGCACTAGAGGAT_016,0
TTTGCCAGGCACTAGAGGAT_017,17
TTTGCCAGGCACTAGAGGAT_018,188
TTTGCCAGGCACTAGAGGAT_019,134
TTTGCCAGGCACTAGAGGAT_020,181
TTTGCCAGGCACTAGAGGAT_021,69
TTTGCCAGGCACTAGAGGAT_022,165
TTTGCCAGGCACTAGAGGAT_023,59
TTTGCCAGGCACTAGAGGAT_024,100
TTTGCCAGGCACTAGAGGAT_025,160
TTTGCCAGGCACTAGAGGAT_026,43
TTTGCCAGGCACTAGAGGAT_027,82
CACTGACTCGTCCGATACGG_001,185
CACTGACTCGTCCGATACGG_002,59
CACTGACTCGTCCGATACGG_003,19
CACTGACTCGTCCGATACGG_004,130
CACTGACTCGTCCGATACGG_005,178
CACTGACTCGTCCGATACGG_006,80
CACTGACTCGTCCGATACGG_007,166
CACTGACTCGTCCGATACGG_008,144
CACTGACTCGTCCGATACGG_009,52
CACTGACTCGTCCGATACGG_010,34
CACTGACTCGTCCGATACGG_011,77
CAGATAAAGTTACAATGCTG_001,108
CAGATAAAGTTACAATGCTG_002,169
CAGATAAAGTTACAATGCTG_003,48
CAGATAAAGTTACAATGCTG_004,20
AACCAAGATACAGGTAGAGG_001,9
AACCAAGATACAGGTAGAGG_002,9
AACCAAGATACAGGTAGAGG_003,8
AACCAAGATACAGGTAGAGG_004,134
AACCAAGATACAGGTAGAGG_005,34
AACCAAGATACAGGTAGAGG_006,66
AACCAAGATACAGGTAGAGG_007,133
AGATGGTGAACGGCTCTTTG_001,32
AGATGGTGAACGGCTCTTTG_002,101
AGATGGTGAACGGCTCTTTG_003,161
AGATGGTGAACGGCTCTTTG_004,100
AGATGGTGAACGGCTCTTTG_005,24
AGATGGTGAACGGCTCTTTG_006,72
AGATGGTGAACGGCTCTTTG_007,107
AGATGGTGAACGGCTCTTTG_008,150
AGATGGTGAACGGCTCTTTG_009,180
AGATGGTGAACGGCTCTTTG_010,72
AGATGGTGAACGGCTCTTTG_011,168
AGATGGTGAACGGCTCTTTG_012,158
AGATGGTGAACGGCTCTTTG_013,168
AGATGGTGAACGGCTCTTTG_014,116
AGATGGTGAACGGCTCTTTG_015,166
CATCAAACTTCCTTGCCATG_001,130
CATCAAACTTCCTTGCCATG_002,38
CATCAAACTTCCTTGCCATG_003,169
CATCAAACTTCCTTGCCATG_004,15
CATCAAACTTCCTTGCCATG_005,41
CATCAAACTTCCTTGCCATG_006,40
CATCAAACTTCCTTGCCATG_007,148
CATCAAACTTCCTTGCCATG_008,93
CATCAAACTTCCTTGCCATG_009,16
CATCAAACTTCCTTGCCATG_010,27
TGCGAAACGCCAGAACAGCG_001,49
TGCGAAACGCCAGAACAGCG_002,172
TGCGAAACGCCAGAACAGCG_003,92
TGCGAAACGCCAGAACAGCG_004,113
TGCGAAACGCCAGAACAGCG_005,172
TGCGAAACGCCAGAACAGCG_006,174
TGCGAAACGCCAGAACAGCG_007,192
TGCGAAACGCCAGAACAGCG_008,190
TGCGAAACGCCAGAACAGCG_009,41
TGCGAAACGCCAGAACAGCG_010,198
TGCGAAACGCCAGAACAGCG_011,76
TGCGAAACGCCAGAACAGCG_012,81
TGCGAAACGCCAGAACAGCG_013,34
TGCGAAACGCCAGAACAGCG_014,188
TGCGAAACGCCAGAACAGCG_015,62
TGCGAAACGCCAGAACAGCG_016,70
TGCGAAACGCCAGAACAGCG_017,56
AGATGACCAGCCCTATCACC_001,118
AGATGACCAGCCCTATCACC_002,19
AGATGACCAGCCCTATCACC_003,20
AGATGACCAGCCCTATCACC_004,168
AGATGACCAGCCCTATCACC_005,15
AGATGACCAGCCCTATCACC_006,172
AGATGACCAGCCCTATCACC_007,102
AGATGACCAGCCCTATCACC_008,187
AGATGACCAGCCCTATCACC_009,62
AGATGACCAGCCCTATCACC_010,158
GAGAAAACCTCTAACCAGCA_001,61
GAGAAAACCTCTAACCAGCA_002,61
GAGAAAACCTCTAACCAGCA_003,147
TGGCTCATTGTTGTACAGCG_001,157
ATGTGCAAGACATCATCACA_001,113
ATGTGCAAGACATCATCACA_002,185
ATGTGCAAGACATCATCACA_003,145
ATGTGCAAGACATCATCACA_004,95
ATGTGCAAGACATCATCACA_005,27
ATGTGCAAGACATCATCACA_006,106
ATGTGCAAGACATCATCACA_007,83
ATGTGCAAGACATCATCACA_008,3
ATGTGCAAGACATCATCACA_009,3
ATGTGCAAGACATCATCACA_010,77
TCTGGTATATGGACGCTGGG_001,61
TCTGGTATATGGACGCTGGG_002,86
TCTGGTATATGGACGCTGGG_003,121
TCTGGTATATGGACGCTGGG_004,158
TCTGGTATATGGACGCTGGG_005,174
GATCCGGCGAAGTCGGCGGG_001,190
GATCCGGCGAAGTCGGCGGG_002,166
GATCCGGCGAAGTCGGCGGG_003,172
GATCCGGCGAAGTCGGCGGG_004,51
GATCCGGCGAAGTCGGCGGG_005,69
GATCCGGCGAAGTCGGCGGG_006,159
GATCCGGCGAAGTCGGCGGG_007,68
GATCCGGCGAAGTCGGCGGG_008,49
GATCCGGCGAAGTCGGCGGG_009,140
GATCCGGCGAAGTCGGCGGG_010,141
GATCCGGCGAAGTCGGCGGG_011,150
GATCCGGCGAAGTCGGCGGG_012,49
GATCCGGCGAAGTCGGCGGG_013,166
GATCCGGCGAAGTCGGCGGG_014,155
GATCCGGCGAAGTCGGCGGG_015,137
GATCCGGCGAAGTCGGCGGG_016,58
GATCCGGCGAAGTCGGCGGG_017,99
GATCCGGCGAAGTCGGCGGG_018,184
GATCCGGCGAAGTCGGCGGG_019,0
GTCTGATCTAGATCGAATCA_001,144
GTCTGATCTAGATCGAATCA_002,80
GTCTGATCTAGATCGAATCA_003,172
GTCTGATCTAGATCGAATCA_004,159
GTCTGATCTAGATCGAATCA_005,195
TAAGCTTTGGATCATGAGCG_001,85
TAAGCTTTGGATCATGAGCG_002,7
TAAGCTTTGGATCATGAGCG_003,169
TAAGCTTTGGATCATGAGCG_004,2
TTGGGGTAAAAGGCACAGTG_001,127
TTGGGGTAAAAGGCACAGTG_002,102
TTGGGGTAAAAGGCACAGTG_003,62
TTGGGGTAAAAGGCACAGTG_004,62
TTGGGGTAAAAGGCACAGTG_005,40
TTGGGGTAAAAGGCACAGTG_006,126
TTGGGGTAAAAGGCACAGTG_007,19
TTGGGGTAAAAGGCACAGTG_008,77
TTGGGGTAAAAGGCACAGTG_009,88
TTGGGGTAAAAGGCACAGTG_010,19
TTGGGGTAAAAGGCACAGTG_011,158
TTGGGGTAAAAGGCACAGTG_012,169
TTGGGGTAAAAGGCACAGTG_013,82
TTGGGGTAAAAGGCACAGTG_014,138
TTGGGGTAAAAGGCACAGTG_015,134
TTGGGGTAAAAGGCACAGTG_016,190
TTGGGGTAAAAGGCACAGTG_017,1
TTGGGGTAAAAGGCACAGTG_018,62
TTGGGGTAAAAGGCACAGTG_019,63
TTGGGGTAAAAGGCACAGTG_020,94
TTGGGGTAAAAGGCACAGTG_021,72
TTGGGGTAAAAGGCACAGTG_022,130
TTGGGGTAAAAGGCACAGTG_023,144
TTGGGGTAAAAGGCACAGTG_024,46
TTGGGGTAAAAGGCACAGTG_025,103
TTGGGGTAAAAGGCACAGTG_026,50
TTGGGGTAAAAGGCACAGTG_027,19
TTGGGGTAAAAGGCACAGTG_028,168
TTGGGGTAAAAGGCACAGTG_029,59
ACAGGCCTCTAACAGGAGCT_001,143
ACAGGCCTCTAACAGGAGCT_002,143
ACAGGCCTCTAACAGGAGCT_003,42
ACAGGCCTCTAACAGGAGCT_004,27
ACAGGCCTCTAACAGGAGCT_005,19
GTGTCCCGACCACACAACTG_001,149
GTGTCCCGACCACACAACTG_002,149
GTGTCCCGACCACACAACTG_003,149
GTGTCCCGACCACACAACTG_004,150
GTGTCCCGACCACACAACTG_005,127
GTGTCCCGACCACACAACTG_006,92
GTGTCCCGACCACACAACTG_007,199
GTGTCCCGACCACACAACTG_008,105
GTGTCCCGACCACACAACTG_009,34
GTGTCCCGACCACACAACTG_010,177
GTGTCCCGACCACACAACTG_011,27
GTGTCCCGACCACACAACTG_012,60
GTGTCCCGACCACACAACTG_013,112
GTGTCCCGACCACACAACTG_014,85
GTGTCCCGACCACACAACTG_015,106
GTGTCCCGACCACACAACTG_016,28
GTGTCCCGACCACACAACTG_017,129
GTGTCCCGACCACACAACTG_018,141
GTGTCCCGACCACACAACTG_019,58
GTGTCCCGACCACACAACTG_020,185
GTGTCCCGACCACACAACTG_021,145
GTGTCCCGACCACACAACTG_022,56
GTGTCCCGACCACACAACTG_023,177
GTGTCCCGACCACACAACTG_024,35
GTGTCCCGACCACACAACTG_025,61
TACGCTCGATCTATGAGCTG_001,171
AGCGCCTGCCCTATTGCCGG_001,86
AGCGCCTGCCCTATTGCCGG_002,5
AGCGCCTGCCCTATTGCCGG_003,26
ACCCTTTCCGCACATACCTG_001,172
ACCCTTTCCGCACATACCTG_002,49
ACCCTTTCCGCACATACCTG_003,2
ACCCTTTCCGCACATACCTG_004,44
ACCCTTTCCGCACATACCTG_005,69
ACCCTTTCCGCACATACCTG_006,78
ACCCTTTCCGCACATACCTG_007,168
ACCCTTTCCGCACATACCTG_008,96
ACCCTTTCCGCACATACCTG_009,63
ACCCTTTCCGCACATACCTG_010,84
ACCCTTTCCGCACATACCTG_011,78
ACCCTTTCCGCACATACCTG_012,46
ACCCTTTCCGCACATACCTG_013,38
ACCCTTTCCGCACATACCTG_014,191
ACCCTTTCCGCACATACCTG_015,124
ACCCTTTCCGCACATACCTG_016,8
ACCCTTTCCGCACATACCTG_017,77
ACCCTTTCCGCACATACCTG_018,66
ACCCTTTCCGCACATACCTG_019,66
ACCCTTTCCGCACATACCTG_020,169
TTATAGACATGGATGCAGCG_001,55
TTGTATCCGTAATCATGACA_001,158
ATGAGCATGAACTGGCCCTG_001,94
ATGAGCATGAACTGGCCCTG_002,38
ATGAGCATGAACTGGCCCTG_003,115
ATGAGCATGAACTGGCCCTG_004,12
ATGAGCATGAACTGGCCCTG_005,12
ATGAGCATGAACTGGCCCTG_006,42
ATGAGCATGAACTGGCCCTG_007,86
ATGAGCATGAACTGGCCCTG_008,94
ATGAGCATGAACTGGCCCTG_009,119
CCGCAACGGAGTAACCTCTG_001,183
CCGCAACGGAGTAACCTCTG_002,43
CCGCAACGGAGTAACCTCTG_003,112
CCGCAACGGAGTAACCTCTG_004,149
CCGCAACGGAGTAACCTCTG_005,69
CCGCAACGGAGTAACCTCTG_006,113
CCGCAACGGAGTAACCTCTG_007,70
CCGCAACGGAGTAACCTCTG_008,154
CCGCAACGGAGTAACCTCTG_009,48
CCGCAACGGAGTAACCTCTG_010,94
CCGCAACGGAGTAACCTCTG_011,127
CCGCAACGGAGTAACCTCTG_012,148
CCGCAACGGAGTAACCTCTG_013,103
CCGCAACGGAGTAACCTCTG_014,148
CCGCAACGGAGTAACCTCTG_015,41
CCGCAACGGAGTAACCTCTG_016,44
CCGCAACGGAGTAACCTCTG_017,144
CCGCAACGGAGTAACCTCTG_018,106
CCGCAACGGAGTAACCTCTG_019,12
CCGCAACGGAGTAACCTCTG_020,94
CCGCAACGGAGTAACCTCTG_021,77
CCGCAACGGAGTAACCTCTG_022,175
CCGCAACGGAGTAACCTCTG_023,19
CCGCAACGGAGTAACCTCTG_024,102
ATGGGCTATGAGTTTGGCAA_001,127
ATGGGCTATGAGTTTGGCAA_002,56
ATGGGCTATGAGTTTGGCAA_003,29
ATGGGCTATGAGTTTGGCAA_004,36
ATGGGCTATGAGTTTGGCAA_005,84
ATGGGCTATGAGTTTGGCAA_006,40
ATGGGCTATGAGTTTGGCAA_007,49
ATGGGCTATGAGTTTGGCAA_008,22
ATGGGCTATGAGTTTGGCAA_009,191
ATGGGCTATGAGTTTGGCAA_010,108
ATGGGCTATGAGTTTGGCAA_011,188
CGATTGGCTGCGCGGCCCGG_001,94
CGATTGGCTGCGCGGCCCGG_002,29
CGATTGGCTGCGCGGCCCGG_003,17
CGATTGGCTGCGCGGCCCGG_004,151
CGATTGGCTGCGCGGCCCGG_005,196
CGATTGGCTGCGCGGCCCGG_006,43
CGATTGGCTGCGCGGCCCGG_007,114
CGATTGGCTGCGCGGCCCGG_008,147
CGATTGGCTGCGCGGCCCGG_009,101
CGATTGGCTGCGCGGCCCGG_010,190
CGATTGGCTGCGCGGCCCGG_011,82
CGATTGGCTGCGCGGCCCGG_012,162
CGATTGGCTGCGCGGCCCGG_013,107
CGATTGGCTGCGCGGCCCGG_014,132
CGATTGGCTGCGCGGCCCGG_015,127
CGATTGGCTGCGCGGCCCGG_016,124
ACTGTGAGTAGAGTTCCCTG_001,2
ACTGTGAGTAGAGTTCCCTG_002,63
ACTGTGAGTAGAGTTCCCTG_003,65
ACTGTGAGTAGAGTTCCCTG_004,120
ACTGTGAGTAGAGTTCCCTG_005,50
ACTGTGAGTAGAGTTCCCTG_006,12
ACTGTGAGTAGAGTTCCCTG_007,107
ACTGTGAGTAGAGTTCCCTG_008,176
ACTGTGAGTAGAGTTCCCTG_009,94
ACTGTGAGTAGAGTTCCCTG_010,1
ACTGTGAGTAGAGTTCCCTG_011,122
ACTGTGAGTAGAGTTCCCTG_012,1
ACTGTGAGTAGAGTTCCCTG_013,115
ACTGTGAGTAGAGTTCCCTG_014,9
ACTGTGAGTAGAGTTCCCTG_015,94
ACTGTGAGTAGAGTTCCCTG_016,137
ACTGTGAGTAGAGTTCCCTG_017,38
ACTGTGAGTAGAGTTCCCTG_018,194
ACTGTGAGTAGAGTTCCCTG_019,121
ACTGTGAGTAGAGTTCCCTG_020,177
ACTGTGAGTAGAGTTCCCTG_021,145
ACTGTGAGTAGAGTTCCCTG_022,168
ACTGTGAGTAGAGTTCCCTG_023,149
ACTGTGAGTAGAGTTCCCTG_024,149
ACTGTGAGTAGAGTTCCCTG_025,44
ACTGTGAGTAGAGTTCCCTG_026,5
ACTGTGAGTAGAGTTCCCTG_027,141
TCAGCACAGGACGCGAGCAG_001,45
TCAGCACAGGACGCGAGCAG_002,96
TCAGCACAGGACGCGAGCAG_003,20
TCAGCACAGGACGCGAGCAG_004,162
TCAGCACAGGACGCGAGCAG_005,103
TCAGCACAGGACGCGAGCAG_006,82
TCAGCACAGGACGCGAGCAG_007,128
TCAGCACAGGACGCGAGCAG_008,115
TCAGCACAGGACGCGAGCAG_009,188
TCAGCACAGGACGCGAGCAG_010,72
TCAGCACAGGACGCGAGCAG_011,127
TCAGCACAGGACGCGAGCAG_012,105
TCAGCACAGGACGCGAGCAG_013,176
TCAGCACAGGACGCGAGCAG_014,78
TCAGCACAGGACGCGAGCAG_015,13
TCAGCACAGGACGCGAGCAG_016,83
TCAGCACAGGACGCGAGCAG_017,98
TCAGCACAGGACGCGAGCAG_018,2
TCAGCACAGGACGCGAGCAG_019,199
TCAGCACAGGACGCGAGCAG_020,177
TCAGCACAGGACGCGAGCAG_021,144
TCAGCACAGGACGCGAGCAG_022,139
TCAGCACAGGACGCGAGCAG_023,104
TCAGCACAGGACGCGAGCAG_024,42
TCAGCACAGGACGCGAGCAG_025,41
TCAGCACAGGACGCGAGCAG_026,105
TCAGCACAGGACGCGAGCAG_027,172
TCAGCACAGGACGCGAGCAG_028,8
TCAGCACAGGACGCGAGCAG_029,103
TCAGCACAGGACGCGAGCAG_030,42
TCAGCACAGGACGCGAGCAG_031,157
TCAGCACAGGACGCGAGCAG_032,58
TCAGCACAGGACGCGAGCAG_033,46
TCAGCACAGGACGCGAGCAG_034,151
TCAGCACAGGACGCGAGCAG_035,106
TCAGCACAGGACGCGAGCAG_036,163
TCAGCACAGGACGCGAGCAG_037,163
TCAGCACAGGACGCGAGCAG_038,91
TCAGCACAGGACGCGAGCAG_039,6
TCAGCACAGGACGCGAGCAG_040,197
TCAGCACAGGACGCGAGCAG_041,188
TCAGCACAGGACGCGAGCAG_042,153
TCAGCACAGGACGCGAGCAG_043,115
TCAGCACAGGACGCGAGCAG_044,182
TCAGCACAGGACGCGAGCAG_045,188
TCAGCACAGGACGCGAGCAG_046,199
TCAGCACAGGACGCGAGCAG_047,29
TCAGCACAGGACGCGAGCAG_048,69
TCAGCACAGGACGCGAGCAG_049,43
TCAGCACAGGACGCGAGCAG_050,166
TCAGCACAGGACGCGAGCAG_051,87
TCAGCACAGGACGCGAGCAG_052,77
TCAGCACAGGACGCGAGCAG_053,37
TCAGCACAGGACGCGAGCAG_054,70
TCAGCACAGGACGCGAGCAG_055,121
CGGATTTCCACACGACGTAG_001,88
CGGATTTCCACACGACGTAG_002,58
CGGATTTCCACACGACGTAG_003,17
CGGATTTCCACACGACGTAG_004,48
CGGATTTCCACACGACGTAG_005,194
CGGATTTCCACACGACGTAG_006,48
CGGATTTCCACACGACGTAG_007,69
CGGATTTCCACACGACGTAG_008,72
CGGATTTCCACACGACGTAG_009,63
CGGATTTCCACACGACGTAG_010,103
CGGATTTCCACACGACGTAG_011,62
CGGATTTCCACACGACGTAG_012,141
CGGATTTCCACACGACGTAG_013,130
CGGATTTCCACACGACGTAG_014,27
TGATAGATACTTCATAGCTG_001,118
CTCGGTAGTGCTCCACAGCG_001,2
CTCGGTAGTGCTCCACAGCG_002,76
CTCGGTAGTGCTCCACAGCG_003,134
CTCGGTAGTGCTCCACAGCG_004,1
CTCGGTAGTGCTCCACAGCG_005,105
CTCGGTAGTGCTCCACAGCG_006,119
CTCGGTAGTGCTCCACAGCG_007,158
CTCGGTAGTGCTCCACAGCG_008,62
CTCGGTAGTGCTCCACAGCG_009,144
CTCGGTAGTGCTCCACAGCG_010,35
CTCGGTAGTGCTCCACAGCG_011,185
CTCGGTAGTGCTCCACAGCG_012,113
AATCTCATCAGTCTTTCCAT_001,2
AATCTCATCAGTCTTTCCAT_002,18
AATCTCATCAGTCTTTCCAT_003,150
AATCTCATCAGTCTTTCCAT_004,96
AATCTCATCAGTCTTTCCAT_005,27
AATCTCATCAGTCTTTCCAT_006,190
AATCTCATCAGTCTTTCCAT_007,121
AATCTCATCAGTCTTTCCAT_008,29
AATCTCATCAGTCTTTCCAT_009,1
AATCTCATCAGTCTTTCCAT_010,199
AATCTCATCAGTCTTTCCAT_011,166
AATCTCATCAGTCTTTCCAT_012,74
AATCTCATCAGTCTTTCCAT_013,148
AATCTCATCAGTCTTTCCAT_014,72
AATCTCATCAGTCTTTCCAT_015,56
TGAGGATGAAAACTGGACCA_001,157
TGAGGATGAAAACTGGACCA_002,102
TGAGGATGAAAACTGGACCA_003,167
TGAGGATGAAAACTGGACCA_004,182
TGAGGATGAAAACTGGACCA_005,121
TGAGGATGAAAACTGGACCA_006,12
TGAGGATGAAAACTGGACCA_007,177
TGAGGATGAAAACTGGACCA_008,62
TGAGGATGAAAACTGGACCA_009,147
TGAGGATGAAAACTGGACCA_010,58
TGAGGATGAAAACTGGACCA_011,105
TGAGGATGAAAACTGGACCA_012,158
TGAGGATGAAAACTGGACCA_013,52
TGAGGATGAAAACTGGACCA_014,156
TGAGGATGAAAACTGGACCA_015,194
TGAGGATGAAAACTGGACCA_016,83
TGAGGATGAAAACTGGACCA_017,17
TGAGGATGAAAACTGGACCA_018,43
TGAGGATGAAAACTGGACCA_019,180
ACTTCCAGTTCCAGCGTACG_001,98
ACTTCCAGTTCCAGCGTACG_002,183
ACTTCCAGTTCCAGCGTACG_003,177
ACTTCCAGTTCCAGCGTACG_004,134
CATCCTCTACAACCCGCAGT_001,110
CATCCTCTACAACCCGCAGT_002,88
CATCCTCTACAACCCGCAGT_003,152
CATCCTCTACAACCCGCAGT_004,62
TGTGCTTGTCTGCTATGTAG_001,171
TGTGCTTGTCTGCTATGTAG_002,154
TGTGCTTGTCTGCTATGTAG_003,170
TGTGCTTGTCTGCTATGTAG_004,72
TGTGCTTGTCTGCTATGTAG_005,119
GCCCAGGGGCTACAACTACA_001,10
GCCCAGGGGCTACAACTACA_002,58
GCCCAGGGGCTACAACTACA_003,154
GCCCAGGGGCTACAACTACA_004,129
GCCCAGGGGCTACAACTACA_005,169
GCCCAGGGGCTACAACTACA_006,150
GCCCAGGGGCTACAACTACA_007,183
GCCCAGGGGCTACAACTACA_008,118
GCCCAGGGGCTACAACTACA_009,46
GCCCAGGGGCTACAACTACA_010,79
AATCTCGTTAGTGTGGTTGG_001,99
AATCTCGTTAGTGTGGTTGG_002,94
AATCTCGTTAGTGTGGTTGG_003,32
AATCTCGTTAGTGTGGTTGG_004,171
AATCTCGTTAGTGTGGTTGG_005,168
AATCTCGTTAGTGTGGTTGG_006,160
AATCTCGTTAGTGTGGTTGG_007,109
AATCTCGTTAGTGTGGTTGG_008,96
AATCTCGTTAGTGTGGTTGG_009,53
AATCTCGTTAGTGTGGTTGG_010,52
AATCTCGTTAGTGTGGTTGG_011,141
AATCTCGTTAGTGTGGTTGG_012,148
AATCTCGTTAGTGTGGTTGG_013,63
AATCTCGTTAGTGTGGTTGG_014,174
AATCTCGTTAGTGTGGTTGG_015,184
AATCTCGTTAGTGTGGTTGG_016,28
AATCTCGTTAGTGTGGTTGG_017,146
CCTCCTCGGTGCGACCACCG_001,50
CCTCCTCGGTGCGACCACCG_002,112
CCTCCTCGGTGCGACCACCG_003,82
CCTCCTCGGTGCGACCACCG_004,42
CCTCCTCGGTGCGACCACCG_005,80
CCTCCTCGGTGCGACCACCG_006,134
CCTCCTCGGTGCGACCACCG_007,35
CCTCCTCGGTGCGACCACCG_008,1
CCTCCTCGGTGCGACCACCG_009,121
CCTCCTCGGTGCGACCACCG_010,70
CCTCCTCGGTGCGACCACCG_011,129
CCTCCTCGGTGCGACCACCG_012,103
CCTCCTCGGTGCGACCACCG_013,50
CCTCCTCGGTGCGACCACCG_014,94
CCTCCTCGGTGCGACCACCG_015,184
CCTCCTCGGTGCGACCACCG_016,171
CCTCCTCGGTGCGACCACCG_017,56
CCTCCTCGGTGCGACCACCG_018,46
CCTCCTCGGTGCGACCACCG_019,166
CCTCCTCGGTGCGACCACCG_020,164
CCTCCTCGGTGCGACCACCG_021,164
CCTCCTCGGTGCGACCACCG_022,142
CCTCCTCGGTGCGACCACCG_023,105
CCTCCTCGGTGCGACCACCG_024,33
AGGGCATAGTGACAAGAGGG_001,106
AGGGCATAGTGACAAGAGGG_002,106
AGGGCATAGTGACAAGAGGG_003,96
AGGGCATAGTGACAAGAGGG_004,103
AGGGCATAGTGACAAGAGGG_005,160
AGGGCATAGTGACAAGAGGG_006,32
TGTTGGTATTCGCCAGTATG_001,138
TGTTGGTATTCGCCAGTATG_002,94
TGTTGGTATTCGCCAGTATG_003,2
CCCCCGCGCTTGCCGCTCGG_001,186
CCCCCGCGCTTGCCGCTCGG_002,48
CCCCCGCGCTTGCCGCTCGG_003,7
CCCCCGCGCTTGCCGCTCGG_004,8
CCCCCGCGCTTGCCGCTCGG_005,168
CCCCCGCGCTTGCCGCTCGG_006,121
CCCCCGCGCTTGCCGCTCGG_007,56
CCCCCGCGCTTGCCGCTCGG_008,140
CCCCCGCGCTTGCCGCTCGG_009,62
CCCCCGCGCTTGCCGCTCGG_010,97
CCCCCGCGCTTGCCGCTCGG_011,114
CCCCCGCGCTTGCCGCTCGG_012,171
CCCCCGCGCTTGCCGCTCGG_013,42
CCCCCGCGCTTGCCGCTCGG_014,32
CCCCCGCGCTTGCCGCTCGG_015,9
CCCCCGCGCTTGCCGCTCGG_016,25
CCCCCGCGCTTGCCGCTCGG_017,63
AGATTAGAATCAATGCCTCC_001,73
AGATTAGAATCAATGCCTCC_002,93
AGATTAGAATCAATGCCTCC_003,116
AGATTAGAATCAATGCCTCC_004,9
AGATTAGAATCAATGCCTCC_005,85
AGATTAGAATCAATGCCTCC_006,26
AGATTAGAATCAATGCCTCC_007,141
CAAGGTACAAGACCACAGCA_001,45
CAAGGTACAAGACCACAGCA_002,15
CAAGGTACAAGACCACAGCA_003,174
CAAGGTACAAGACCACAGCA_004,37
CAAGGTACAAGACCACAGCA_005,88
CAAGGTACAAGACCACAGCA_006,198
CAAGGTACAAGACCACAGCA_007,138
CAAGGTACAAGACCACAGCA_008,34
CAAGGTACAAGACCACAGCA_009,174
CAAGGTACAAGACCACAGCA_010,162
CAAGGTACAAGACCACAGCA_011,27
CAAGGTACAAGACCACAGCA_012,82
CCGACAGCTTCGACACCGTG_001,182
CCGACAGCTTCGACACCGTG_002,169
CCGACAGCTTCGACACCGTG_003,105
CCGACAGCTTCGACACCGTG_004,154
CCGACAGCTTCGACACCGTG_005,178
CCGACAGCTTCGACACCGTG_006,30
CCGACAGCTTCGACACCGTG_007,177
CCGACAGCTTCGACACCGTG_008,193
CCGACAGCTTCGACACCGTG_009,160
CCGACAGCTTCGACACCGTG_010,83
CCGACAGCTTCGACACCGTG_011,193
CCGACAGCTTCGACACCGTG_012,174
CCGACAGCTTCGACACCGTG_013,34
CCGACAGCTTCGACACCGTG_014,177
CCGACAGCTTCGACACCGTG_015,137
CCGACAGCTTCGACACCGTG_016,20
CCGACAGCTTCGACACCGTG_017,28
CCGACAGCTTCGACACCGTG_018,131
CCGACAGCTTCGACACCGTG_019,52
CCGACAGCTTCGACACCGTG_020,96
CCGACAGCTTCGACACCGTG_021,36
CCGACAGCTTCGACACCGTG_022,171
CCGACAGCTTCGACACCGTG_023,68
CCGACAGCTTCGACACCGTG_024,184
CCGACAGCTTCGACACCGTG_025,184
CCGACAGCTTCGACACCGTG_026,137
CCGACAGCTTCGACACCGTG_027,48
CCGACAGCTTCGACACCGTG_028,150
CCGACAGCTTCGACACCGTG_029,140
CCGACAGCTTCGACACCGTG_030,148
CCGACAGCTTCGACACCGTG_031,81
CCGACAGCTTCGACACCGTG_032,70
CCGACAGCTTCGACACCGTG_033,113
CCGACAGCTTCGACACCGTG_034,43
GTCCACCCGGCGGAAGCGCG_001,171
GTCCACCCGGCGGAAGCGCG_002,115
GTCCACCCGGCGGAAGCGCG_003,115
GTCCACCCGGCGGAAGCGCG_004,113
GTCCACCCGGCGGAAGCGCG_005,198
GTCCACCCGGCGGAAGCGCG_006,16
GTCCACCCGGCGGAAGCGCG_007,190
GTCCACCCGGCGGAAGCGCG_008,67
GTCCACCCGGCGGAAGCGCG_009,138
TCAGCACTGTCAGATCCGTG_001,197
TCAGCACTGTCAGATCCGTG_002,83
TCAGCACTGTCAGATCCGTG_003,116
TCAGCACTGTCAGATCCGTG_004,191
TCAGCACTGTCAGATCCGTG_005,7
TCAGCACTGTCAGATCCGTG_006,1
TCAGCACTGTCAGATCCGTG_007,144
TCAGCACTGTCAGATCCGTG_008,50
TCAGCACTGTCAGATCCGTG_009,139
TCAGCACTGTCAGATCCGTG_010,107
TCAGCACTGTCAGATCCGTG_011,10
TCAGCACTGTCAGATCCGTG_012,183
TCAGCACTGTCAGATCCGTG_013,175
TCAGCACTGTCAGATCCGTG_014,89
TCAGCACTGTCAGATCCGTG_015,9
TCAGCACTGTCAGATCCGTG_016,198
TCAGCACTGTCAGATCCGTG_017,113
GAGCACTATGGAGTAGCGCA_001,12
GAGCACTATGGAGTAGCGCA_002,11
GAGCACTATGGAGTAGCGCA_003,107
GAGCACTATGGAGTAGCGCA_004,88
GAGCACTATGGAGTAGCGCA_005,103
GAGCACTATGGAGTAGCGCA_006,69
GAGCACTATGGAGTAGCGCA_007,185
GAGCACTATGGAGTAGCGCA_008,146
GAGCACTATGGAGTAGCGCA_009,73
GAGCACTATGGAGTAGCGCA_010,178
GAGCACTATGGAGTAGCGCA_011,108
GAGCACTATGGAGTAGCGCA_012,40
GAGCACTATGGAGTAGCGCA_013,83
GAGCACTATGGAGTAGCGCA_014,10
GAGCACTATGGAGTAGCGCA_015,34
GAGCACTATGGAGTAGCGCA_016,103
GATGCCGATGAGCTTGACCA_001,161
GATGCCGATGAGCTTGACCA_002,177
GATGCCGATGAGCTTGACCA_003,72
GATGCCGATGAGCTTGACCA_004,105
GATGCCGATGAGCTTGACCA_005,52
GATGCCGATGAGCTTGACCA_006,184
GATGCCGATGAGCTTGACCA_007,96
GATGCCGATGAGCTTGACCA_008,104
GCCGGCTGCACTCGTCCGCG_001,143
GCCGGCTGCACTCGTCCGCG_002,27
GCCGGCTGCACTCGTCCGCG_003,7
GCCGGCTGCACTCGTCCGCG_004,15
GCCGGCTGCACTCGTCCGCG_005,48
GCCGGCTGCACTCGTCCGCG_006,126
GCCGGCTGCACTCGTCCGCG_007,184
GCCGGCTGCACTCGTCCGCG_008,149
GCCGGCTGCACTCGTCCGCG_009,115
GCCGGCTGCACTCGTCCGCG_010,116
GCCGGCTGCACTCGTCCGCG_011,40
GCCGGCTGCACTCGTCCGCG_012,68
GCCGGCTGCACTCGTCCGCG_013,5
GCCGGCTGCACTCGTCCGCG_014,42
ACTGGACGACCAATGAGCTG_001,102
ACTGGACGACCAATGAGCTG_002,45
ACTGGACGACCAATGAGCTG_003,6
ACTGGACGACCAATGAGCTG_004,17
ACTGGACGACCAATGAGCTG_005,11
ACTGGACGACCAATGAGCTG_006,49
ACTGGACGACCAATGAGCTG_007,34
ACTGGACGACCAATGAGCTG_008,118
ACTGGACGACCAATGAGCTG_009,152
GGACCTCATTCAGGTCGCTG_001,59
GGACCTCATTCAGGTCGCTG_002,162
GGACCTCATTCAGGTCGCTG_003,96
GGACCTCATTCAGGTCGCTG_004,34
GGACCTCATTCAGGTCGCTG_005,105
GGACCTCATTCAGGTCGCTG_006,5
GGACCTCATTCAGGTCGCTG_007,37
GGACCTCATTCAGGTCGCTG_008,101
GGACCTCATTCAGGTCGCTG_009,77
GGACCTCATTCAGGTCGCTG_010,19
GGACCTCATTCAGGTCGCTG_011,127
TATGGCCCTTCCGACACATG_001,64
TATGGCCCTTCCGACACATG_002,15
TATGGCCCTTCCGACACATG_003,36
TATGGCCCTTCCGACACATG_004,144
TATGGCCCTTCCGACACATG_005,96
TATGGCCCTTCCGACACATG_006,61
TATGGCCCTTCCGACACATG_007,93
TATGGCCCTTCCGACACATG_008,81
TATGGCCCTTCCGACACATG_009,28
TATGGCCCTTCCGACACATG_010,167
TATGGCCCTTCCGACACATG_011,167
TATGGCCCTTCCGACACATG_012,17
CACCCGGCAGATATCCGTGA_001,57
CACCCGGCAGATATCCGTGA_002,155
CACCCGGCAGATATCCGTGA_003,81
CACCCGGCAGATATCCGTGA_004,150
CACCCGGCAGATATCCGTGA_005,1
CACCCGGCAGATATCCGTGA_006,101
CACCCGGCAGATATCCGTGA_007,172
ATCGTAGCCGTTATCCACGA_001,54
ATCGTAGCCGTTATCCACGA_002,70
ATCGTAGCCGTTATCCACGA_003,112
ATCGTAGCCGTTATCCACGA_004,88
ATCGTAGCCGTTATCCACGA_005,176
ATCGTAGCCGTTATCCACGA_006,195
ATCGTAGCCGTTATCCACGA_007,96
ATCGTAGCCGTTATCCACGA_008,3
ATCGTAGCCGTTATCCACGA_009,157
ATCGTAGCCGTTATCCACGA_010,197
ATCGTAGCCGTTATCCACGA_011,76
ATCGTAGCCGTTATCCACGA_012,175
ATCGTAGCCGTTATCCACGA_013,134
ATCGTAGCCGTTATCCACGA_014,76
ATCGTAGCCGTTATCCACGA_015,128
ATCGTAGCCGTTATCCACGA_016,167
ATCGTAGCCGTTATCCACGA_017,144
ATCGTAGCCGTTATCCACGA_018,50
ATCGTAGCCGTTATCCACGA_019,10
ATCGTAGCCGTTATCCACGA_020,162
TATACGAAGAACTAACAGCT_001,6
TATACGAAGAACTAACAGCT_002,199
TATACGAAGAACTAACAGCT_003,78
TATACGAAGAACTAACAGCT_004,160
TATACGAAGAACTAACAGCT_005,151
TATACGAAGAACTAACAGCT_006,147
TATACGAAGAACTAACAGCT_007,30
TATACGAAGAACTAACAGCT_008,189
TATACGAAGAACTAACAGCT_009,54
TATACGAAGAACTAACAGCT_010,9
GGGTCCTCAAGCCAAACGCG_001,28
GGGTCCTCAAGCCAAACGCG_002,5
GGGTCCTCAAGCCAAACGCG_003,48
GGGTCCTCAAGCCAAACGCG_004,9
GGGTCCTCAAGCCAAACGCG_005,74
GGGTCCTCAAGCCAAACGCG_006,55
GGGTCCTCAAGCCAAACGCG_007,62
GGGTCCTCAAGCCAAACGCG_008,16
GGGTCCTCAAGCCAAACGCG_009,55
GGGTCCTCAAGCCAAACGCG_010,175
GGGTCCTCAAGCCAAACGCG_011,136
GGGTCCTCAAGCCAAACGCG_012,137
GGGTCCTCAAGCCAAACGCG_013,181
GGGTCCTCAAGCCAAACGCG_014,153
GGGTCCTCAAGCCAAACGCG_015,12
GGGTCCTCAAGCCAAACGCG_016,58
GGGTCCTCAAGCCAAACGCG_017,162
GGGTCCTCAAGCCAAACGCG_018,180
GGGTCCTCAAGCCAAACGCG_019,133
GGGTCCTCAAGCCAAACGCG_020,84
TTTGCTACGTCTGCGCTCGG_001,132
TTTGCTACGTCTGCGCTCGG_002,157
TTTGCTACGTCTGCGCTCGG_003,58
TTTGCTACGTCTGCGCTCGG_004,177
TTTGCTACGTCTGCGCTCGG_005,73
TTTGCTACGTCTGCGCTCGG_006,13
TTTGCTACGTCTGCGCTCGG_007,118
TTTGCTACGTCTGCGCTCGG_008,136
TTTGCTACGTCTGCGCTCGG_009,199
TTTGCTACGTCTGCGCTCGG_010,66
GACAAACAGAGAGACACTGT_001,44
GACAAACAGAGAGACACTGT_002,62
GACAAACAGAGAGACACTGT_003,94
GACAAACAGAGAGACACTGT_004,166
GCCTAGTAGTTCGTGGACCA_001,149
GCCTAGTAGTTCGTGGACCA_002,149
GCCTAGTAGTTCGTGGACCA_003,1
GCCTAGTAGTTCGTGGACCA_004,69
GCCTAGTAGTTCGTGGACCA_005,177
GCCTAGTAGTTCGTGGACCA_006,106
ACAGGCCAGGAGGCAAGCAT_001,117
ACAGGCCAGGAGGCAAGCAT_002,99
ACAGGCCAGGAGGCAAGCAT_003,117
ACAGGCCAGGAGGCAAGCAT_004,83
ACAGGCCAGGAGGCAAGCAT_005,157
ACAGGCCAGGAGGCAAGCAT_006,6
ACAGGCCAGGAGGCAAGCAT_007,108
ACAGGCCAGGAGGCAAGCAT_008,73
ACAGGCCAGGAGGCAAGCAT_009,58
ACAGGCCAGGAGGCAAGCAT_010,187
ACAGGCCAGGAGGCAAGCAT_011,61
ACAGGCCAGGAGGCAAGCAT_012,56
ACAGGCCAGGAGGCAAGCAT_013,120
ACAGGCCAGGAGGCAAGCAT_014,68
ACAGGCCAGGAGGCAAGCAT_015,166
ACAGGCCAGGAGGCAAGCAT_016,163
ACAGGCCAGGAGGCAAGCAT_017,114
ACAGGCCAGGAGGCAAGCAT_018,144
ACAGGCCAGGAGGCAAGCAT_019,93
ACAGGCCAGGAGGCAAGCAT_020,61
ACAGGCCAGGAGGCAAGCAT_021,61
ACAGGCCAGGAGGCAAGCAT_022,124
ACAGGCCAGGAGGCAAGCAT_023,11
ACAGGCCAGGAGGCAAGCAT_024,2
ACAGGCCAGGAGGCAAGCAT_025,22
ACAGGCCAGGAGGCAAGCAT_026,96
ACAGGCCAGGAGGCAAGCAT_027,29
ACAGGCCAGGAGGCAAGCAT_028,102
ACAGGCCAGGAGGCAAGCAT_029,121
ACAGGCCAGGAGGCAAGCAT_030,197
ACAGGCCAGGAGGCAAGCAT_031,42
ACAGGCCAGGAGGCAAGCAT_032,83
ACAGGCCAGGAGGCAAGCAT_033,61
ACAGGCCAGGAGGCAAGCAT_034,140
ACAGGCCAGGAGGCAAGCAT_035,175
ACAGGCCAGGAGGCAAGCAT_036,47
ACAGGCCAGGAGGCAAGCAT_037,37
ACAGGCCAGGAGGCAAGCAT_038,50
ACAGGCCAGGAGGCAAGCAT_039,105
ACAGGCCAGGAGGCAAGCAT_040,11
ACAGGCCAGGAGGCAAGCAT_041,127
ACAGGCCAGGAGGCAAGCAT_042,184
ACAGGCCAGGAGGCAAGCAT_043,158
TATGAGAAGCTTTCACGGAG_001,8
TATGAGAAGCTTTCACGGAG_002,5
TATGAGAAGCTTTCACGGAG_003,58
TATGAGAAGCTTTCACGGAG_004,130
GGGAGAAGGTTAGCTAATCG_001,65
GGGAGAAGGTTAGCTAATCG_002,62
GGGAGAAGGTTAGCTAATCG_003,140
GGGAGAAGGTTAGCTAATCG_004,102
GGGAGAAGGTTAGCTAATCG_005,76
GGGAGAAGGTTAGCTAATCG_006,16
GGGAGAAGGTTAGCTAATCG_007,143
GGGAGAAGGTTAGCTAATCG_008,104
GGGAGAAGGTTAGCTAATCG_009,147
GGGAGAAGGTTAGCTAATCG_010,108
GGGAGAAGGTTAGCTAATCG_011,127
GGGAGAAGGTTAGCTAATCG_012,76
GGGAGAAGGTTAGCTAATCG_013,145
GGGAGAAGGTTAGCTAATCG_014,107
GGGAGAAGGTTAGCTAATCG_015,121
ATCGTGACTTGAGCAGTGAT_001,112
ATCGTGACTTGAGCAGTGAT_002,137
ATCGTGACTTGAGCAGTGAT_003,121
ATCGTGACTTGAGCAGTGAT_004,115
ATCGTGACTTGAGCAGTGAT_005,172
ATCGTGACTTGAGCAGTGAT_006,50
ATCGTGACTTGAGCAGTGAT_007,142
ATCGTGACTTGAGCAGTGAT_008,153
ATCGTGACTTGAGCAGTGAT_009,124
ATCGTGACTTGAGCAGTGAT_010,52
TGAATCTGACCTCTATAGCC_001,150
TGAATCTGACCTCTATAGCC_002,127
CAGATAGTTCAACCCTCTCA_001,98
CAGATAGTTCAACCCTCTCA_002,76
CAGATAGTTCAACCCTCTCA_003,158
CAGATAGTTCAACCCTCTCA_004,1
CAGATAGTTCAACCCTCTCA_005,41
GAGCCGCTGACTGACGCTGA_001,159
GAGCCGCTGACTGACGCTGA_002,43
GAGCCGCTGACTGACGCTGA_003,134
ACTCTGTCTCTATCGCAGTG_001,189
ACTCTGTCTCTATCGCAGTG_002,50
ACTCTGTCTCTATCGCAGTG_003,162
ACTCTGTCTCTATCGCAGTG_004,63
TACCACAGTCATACCTCACG_001,131
TCTGACCTCCGCCCTTCCGT_001,134
TCTGACCTCCGCCCTTCCGT_002,158
TCTGACCTCCGCCCTTCCGT_003,192
TCTGACCTCCGCCCTTCCGT_004,37
TCTGACCTCCGCCCTTCCGT_005,131
TCTGACCTCCGCCCTTCCGT_006,145
TCTGACCTCCGCCCTTCCGT_007,175
TCTGACCTCCGCCCTTCCGT_008,112
TCTGACCTCCGCCCTTCCGT_009,190
TCTGACCTCCGCCCTTCCGT_010,43
TCTGACCTCCGCCCTTCCGT_011,58
TCTGACCTCCGCCCTTCCGT_012,111
TCTGACCTCCGCCCTTCCGT_013,47
TCTGACCTCCGCCCTTCCGT_014,125
TCTGACCTCCGCCCTTCCGT_015,57
TCTGACCTCCGCCCTTCCGT_016,45
TCTGACCTCCGCCCTTCCGT_017,120
TCTGACCTCCGCCCTTCCGT_018,47
TCTGACCTCCGCCCTTCCGT_019,114
TCTGACCTCCGCCCTTCCGT_020,114
TCTGACCTCCGCCCTTCCGT_021,172
TCTGACCTCCGCCCTTCCGT_022,102
TCTGACCTCCGCCCTTCCGT_023,194
TCTGACCTCCGCCCTTCCGT_024,50
TCTGACCTCCGCCCTTCCGT_025,15
TCTGACCTCCGCCCTTCCGT_026,5
TCTGACCTCCGCCCTTCCGT_027,17
TCTGACCTCCGCCCTTCCGT_028,91
GTGCACGTAAGAGTGAAGGA_001,41
GTGCACGTAAGAGTGAAGGA_002,183
GTGCACGTAAGAGTGAAGGA_003,70
GTGCACGTAAGAGTGAAGGA_004,175
GTGCACGTAAGAGTGAAGGA_005,190
GTGCACGTAAGAGTGAAGGA_006,65
GTGCACGTAAGAGTGAAGGA_007,100
GTGCACGTAAGAGTGAAGGA_008,162
GTGCACGTAAGAGTGAAGGA_009,160
GTGCACGTAAGAGTGAAGGA_010,61
GTGCACGTAAGAGTGAAGGA_011,88
GTGCACGTAAGAGTGAAGGA_012,91
GTGCACGTAAGAGTGAAGGA_013,127
GTGCACGTAAGAGTGAAGGA_014,127
GTGCACGTAAGAGTGAAGGA_015,67
CTCACACACTCTTCATAAAG_001,41
CTCACACACTCTTCATAAAG_002,88
CTCACACACTCTTCATAAAG_003,94
CACACACCCATGCCCGAAGG_001,3
CACACACCCATGCCCGAAGG_002,183
CACACACCCATGCCCGAAGG_003,22
CACACACCCATGCCCGAAGG_004,28
GCAGCTGTACTGTTACGAGG_001,17
GCAGCTGTACTGTTACGAGG_002,183
ATCAGCCTGAGCCTACTGAT_001,199
ATCAGCCTGAGCCTACTGAT_002,41
ATCAGCCTGAGCCTACTGAT_003,4
ATCAGCCTGAGCCTACTGAT_004,162
ATCAGCCTGAGCCTACTGAT_005,41
ATCAGCCTGAGCCTACTGAT_006,127
ATCAGCCTGAGCCTACTGAT_007,62
ATCAGCCTGAGCCTACTGAT_008,25
ATCAGCCTGAGCCTACTGAT_009,127
ATCAGCCTGAGCCTACTGAT_010,30
ATCAGCCTGAGCCTACTGAT_011,19
ATCAGCCTGAGCCTACTGAT_012,161
ATCAGCCTGAGCCTACTGAT_013,175
ATCAGCCTGAGCCTACTGAT_014,34
ATCAGCCTGAGCCTACTGAT_015,175
ATCAGCCTGAGCCTACTGAT_016,1
ATCAGCCTGAGCCTACTGAT_017,148
ATCAGCCTGAGCCTACTGAT_018,113
AGAATGTACTCCTGAAGTGG_001,199
AGAATGTACTCCTGAAGTGG_002,155
CCACCCCCCCACATAACCGG_001,155
CCACCCCCCCACATAACCGG_002,107
CCACCCCCCCACATAACCGG_003,53
CCACCCCCCCACATAACCGG_004,168
CCACCCCCCCACATAACCGG_005,137
CCACCCCCCCACATAACCGG_006,146
CCACCCCCCCACATAACCGG_007,176
CCACCCCCCCACATAACCGG_008,153
CCACCCCCCCACATAACCGG_009,100
CCACCCCCCCACATAACCGG_010,130
CCACCCCCCCACATAACCGG_011,32
CCACCCCCCCACATAACCGG_012,96
CCACCCCCCCACATAACCGG_013,57
CCACCCCCCCACATAACCGG_014,118
CCACCCCCCCACATAACCGG_015,147
CCACCCCCCCACATAACCGG_016,168
CCACCCCCCCACATAACCGG_017,70
CCACCCCCCCACATAACCGG_018,24
AAAAGATATTAAACACAATG_001,174
AAAAGATATTAAACACAATG_002,138
CCGACAGTGAAGACTTCAGT_001,62
CCGACAGTGAAGACTTCAGT_002,8
CCGACAGTGAAGACTTCAGT_003,175
CCGACAGTGAAGACTTCAGT_004,94
CCGACAGTGAAGACTTCAGT_005,50
CCGACAGTGAAGACTTCAGT_006,105
CCGACAGTGAAGACTTCAGT_007,141
CCGACAGTGAAGACTTCAGT_008,139
CCGACAGTGAAGACTTCAGT_009,53
CCGACAGTGAAGACTTCAGT_010,148
CCGACAGTGAAGACTTCAGT_011,88
CCGACAGTGAAGACTTCAGT_012,118
CCGACAGTGAAGACTTCAGT_013,101
CCGACAGTGAAGACTTCAGT_014,107
CCGACAGTGAAGACTTCAGT_015,78
CCGACAGTGAAGACTTCAGT_016,193
CCGACAGTGAAGACTTCAGT_017,152
CCGACAGTGAAGACTTCAGT_018,28
CCGACAGTGAAGACTTCAGT_019,76
GCTGAGTTTACTTGTAGGAG_001,104
GCTGAGTTTACTTGTAGGAG_002,72
GCTGAGTTTACTTGTAGGAG_003,48
GCTGAGTTTACTTGTAGGAG_004,42
GCTGAGTTTACTTGTAGGAG_005,127
GCTGAGTTTACTTGTAGGAG_006,94
GCTGAGTTTACTTGTAGGAG_007,141
GGGTCATAGATATCGAATCG_001,60
TCACACCAGGTCTCCACAAG_001,70
TCACACCAGGTCTCCACAAG_002,127
TCACACCAGGTCTCCACAAG_003,82
TCACACCAGGTCTCCACAAG_004,134
TCACACCAGGTCTCCACAAG_005,91
TCACACCAGGTCTCCACAAG_006,85
TCACACCAGGTCTCCACAAG_007,26
TCACACCAGGTCTCCACAAG_008,168
TCACACCAGGTCTCCACAAG_009,137
TCACACCAGGTCTCCACAAG_010,37
TCACACCAGGTCTCCACAAG_011,176
TCACACCAGGTCTCCACAAG_012,94
TCACACCAGGTCTCCACAAG_013,12
TCACACCAGGTCTCCACAAG_014,169
TCACACCAGGTCTCCACAAG_015,82
TCACACCAGGTCTCCACAAG_016,122
TTATCTCTATCCCAAAGCGG_001,80
TTATCTCTATCCCAAAGCGG_002,68
TTATCTCTATCCCAAAGCGG_003,160
TTATCTCTATCCCAAAGCGG_004,63
TTATCTCTATCCCAAAGCGG_005,19
TTATCTCTATCCCAAAGCGG_006,48
TTATCTCTATCCCAAAGCGG_007,160
TTATCTCTATCCCAAAGCGG_008,185
TTATCTCTATCCCAAAGCGG_009,175
ATGAGAACCAAGTAACGCTG_001,108
ATGAGAACCAAGTAACGCTG_002,81
ATGAGAACCAAGTAACGCTG_003,104
ATGAGAACCAAGTAACGCTG_004,123
ATGAGAACCAAGTAACGCTG_005,65
ATGAGAACCAAGTAACGCTG_006,50
ATGAGAACCAAGTAACGCTG_007,43
ATGAGAACCAAGTAACGCTG_008,160
ATGAGAACCAAGTAACGCTG_009,15
ATGAGAACCAAGTAACGCTG_010,147
ATGAGAACCAAGTAACGCTG_011,7
GCTTTGCAGATAGAATATGA_001,196
GCTTTGCAGATAGAATATGA_002,177
GCTTTGCAGATAGAATATGA_003,141
GCTGACCCGGAAATCAAACG_001,94
GCTGACCCGGAAATCAAACG_002,146
GCTGACCCGGAAATCAAACG_003,147
GCTGACCCGGAAATCAAACG_004,175
GCTGACCCGGAAATCAAACG_005,81
GCTGACCCGGAAATCAAACG_006,156
GCTGACCCGGAAATCAAACG_007,78
GGAATAGGGTCGGGACACAG_001,61
GGAATAGGGTCGGGACACAG_002,29
GGAATAGGGTCGGGACACAG_003,68
TCCTTCCAGGAATGTCCCAG_001,121
TCCTTCCAGGAATGTCCCAG_002,184
TCCTTCCAGGAATGTCCCAG_003,161
TCCTTCCAGGAATGTCCCAG_004,80
TTTCTAATGGCTCCCCAAAG_001,106
TTTCTAATGGCTCCCCAAAG_002,46
CACCATCATGATCAACGGCG_001,58
CACCATCATGATCAACGGCG_002,102
CACCATCATGATCAACGGCG_003,94
CACCATCATGATCAACGGCG_004,189
CACCATCATGATCAACGGCG_005,53
CACCATCATGATCAACGGCG_006,131
CACCATCATGATCAACGGCG_007,60
CACCATCATGATCAACGGCG_008,112
CACCATCATGATCAACGGCG_009,169
CACCATCATGATCAACGGCG_010,103
CACCATCATGATCAACGGCG_011,48
CACCATCATGATCAACGGCG_012,191
CACCATCATGATCAACGGCG_013,156
CACCATCATGATCAACGGCG_014,85
CACCATCATGATCAACGGCG_015,174
CACCATCATGATCAACGGCG_016,108
CACCATCATGATCAACGGCG_017,150
CACCATCATGATCAACGGCG_018,52
CACCATCATGATCAACGGCG_019,115
CACCATCATGATCAACGGCG_020,137
CACCATCATGATCAACGGCG_021,68
CACCATCATGATCAACGGCG_022,130
CACCATCATGATCAACGGCG_023,163
CACCATCATGATCAACGGCG_024,84
CACCATCATGATCAACGGCG_025,162
CACCATCATGATCAACGGCG_026,175
CACCATCATGATCAACGGCG_027,188
CACCATCATGATCAACGGCG_028,142
CACCATCATGATCAACGGCG_029,19
CACCATCATGATCAACGGCG_030,72
CACCATCATGATCAACGGCG_031,185
GCATAGCTGGTATAGACCAG_001,195
GCATAGCTGGTATAGACCAG_002,98
GCATAGCTGGTATAGACCAG_003,151
GCATAGCTGGTATAGACCAG_004,197
GCATAGCTGGTATAGACCAG_005,28
GCATAGCTGGTATAGACCAG_006,137
GCATAGCTGGTATAGACCAG_007,78
GCATAGCTGGTATAGACCAG_008,143
GCATAGCTGGTATAGACCAG_009,160
GCATAGCTGGTATAGACCAG_010,90
GCATAGCTGGTATAGACCAG_011,161
GCATAGCTGGTATAGACCAG_012,168
GCATAGCTGGTATAGACCAG_013,148
GAATGCCTCCATCCACACTG_001,117
GAATGCCTCCATCCACACTG_002,118
GAATGCCTCCATCCACACTG_003,119
GAATGCCTCCATCCACACTG_004,10
GAATGCCTCCATCCACACTG_005,94
GAATGCCTCCATCCACACTG_006,70
GAATGCCTCCATCCACACTG_007,35
ATGCAAAGTTTGGTTCAATG_001,160
ATGCAAAGTTTGGTTCAATG_002,118
ATGCAAAGTTTGGTTCAATG_003,76
ATGCAAAGTTTGGTTCAATG_004,70
ATGCAAAGTTTGGTTCAATG_005,108
ATGCAAAGTTTGGTTCAATG_006,4
ATGCAAAGTTTGGTTCAATG_007,29
ATGCAAAGTTTGGTTCAATG_008,39
ATGCAAAGTTTGGTTCAATG_009,144
ATGCAAAGTTTGGTTCAATG_010,144
ACTCTCGTGTACAATAGCAT_001,181
ACTCTCGTGTACAATAGCAT_002,104
ACTCTCGTGTACAATAGCAT_003,94
ACTCTCGTGTACAATAGCAT_004,195
ACTCTCGTGTACAATAGCAT_005,2
ACTCTCGTGTACAATAGCAT_006,172
ACTCTCGTGTACAATAGCAT_007,140
ACTCTCGTGTACAATAGCAT_008,135
ACTCTCGTGTACAATAGCAT_009,64
ACTCTCGTGTACAATAGCAT_010,163
ACTCTCGTGTACAATAGCAT_011,122
ACTCTCGTGTACAATAGCAT_012,176
ACTCTCGTGTACAATAGCAT_013,116
ACTCTCGTGTACAATAGCAT_014,76
CCTGAGATGGAAAATAAGGC_001,48
CCTGAGATGGAAAATAAGGC_002,182
CTCACTGATATCGAATGCAA_001,2
CTCACTGATATCGAATGCAA_002,63
CTCACTGATATCGAATGCAA_003,2
CTCACTGATATCGAATGCAA_004,174
CTCACTGATATCGAATGCAA_005,50
CTCACTGATATCGAATGCAA_006,49
CTCACTGATATCGAATGCAA_007,199
CTCACTGATATCGAATGCAA_008,46
GCAAGCCTACAACCCGTGTG_001,146
GCAAGCCTACAACCCGTGTG_002,104
GCAAGCCTACAACCCGTGTG_003,182
GCAAGCCTACAACCCGTGTG_004,148
GCAAGCCTACAACCCGTGTG_005,22
GCAAGCCTACAACCCGTGTG_006,131
GCAAGCCTACAACCCGTGTG_007,29
GCAAGCCTACAACCCGTGTG_008,152
GCAAGCCTACAACCCGTGTG_009,106
AACTTGGGAGATGTCTCTAA_001,94
AACTTGGGAGATGTCTCTAA_002,19
AACTTGGGAGATGTCTCTAA_003,151
AACTTGGGAGATGTCTCTAA_004,139
AACTTGGGAGATGTCTCTAA_005,136
AACTTGGGAGATGTCTCTAA_006,52
TCACCCGGATCCCGGCGTCA_001,177
TCACCCGGATCCCGGCGTCA_002,192
TCACCCGGATCCCGGCGTCA_003,82
TCACCCGGATCCCGGCGTCA_004,152
ACTACAGTGACAGATCACGA_001,153
ACTACAGTGACAGATCACGA_002,132
ACTACAGTGACAGATCACGA_003,149
ACTACAGTGACAGATCACGA_004,184
ACTACAGTGACAGATCACGA_005,150
ACTACAGTGACAGATCACGA_006,139
ACTACAGTGACAGATCACGA_007,156
ACTACAGTGACAGATCACGA_008,178
ACTACAGTGACAGATCACGA_009,55
ACTACAGTGACAGATCACGA_010,152
ACTGGATGAACACCCAAGCA_001,53
ACTGGATGAACACCCAAGCA_002,111
ACTGGATGAACACCCAAGCA_003,57
ACTGGATGAACACCCAAGCA_004,25
ACTGGATGAACACCCAAGCA_005,134
ACTGGATGAACACCCAAGCA_006,150
ACTGGATGAACACCCAAGCA_007,29
ACTGGATGAACACCCAAGCA_008,44
ACTGGATGAACACCCAAGCA_009,138
ACTGGATGAACACCCAAGCA_010,152
ACTGGATGAACACCCAAGCA_011,9
ACTGGATGAACACCCAAGCA_012,197
ACTGGATGAACACCCAAGCA_013,91
ACTGGATGAACACCCAAGCA_014,169
ACTGGATGAACACCCAAGCA_015,156
ACTGGATGAACACCCAAGCA_016,100
ACTGGATGAACACCCAAGCA_017,188
CGGGTGGTTAAAGCGAAGGA_001,78
CGGGTGGTTAAAGCGAAGGA_002,165
GCCGTAGTGGCCGTTCTGCG_001,81
GCCGTAGTGGCCGTTCTGCG_002,41
GATGTCCGCTCCGATCTGGG_001,172
GATGTCCGCTCCGATCTGGG_002,157
GATGTCCGCTCCGATCTGGG_003,127
GATGTCCGCTCCGATCTGGG_004,42
GATGTCCGCTCCGATCTGGG_005,129
GATGTCCGCTCCGATCTGGG_006,159
GATGTCCGCTCCGATCTGGG_007,171
GATGTCCGCTCCGATCTGGG_008,53
GATGTCCGCTCCGATCTGGG_009,94
GATGTCCGCTCCGATCTGGG_010,107
GATGTCCGCTCCGATCTGGG_011,30
GATGTCCGCTCCGATCTGGG_012,48
GATGTCCGCTCCGATCTGGG_013,78
GATGTCCGCTCCGATCTGGG_014,182
GATGTCCGCTCCGATCTGGG_015,40
AGGGCTAATGCACAGAACAG_001,55
AGGGCTAATGCACAGAACAG_002,82
AGGGCTAATGCACAGAACAG_003,48
AGGGCTAATGCACAGAACAG_004,172
AGGGCTAATGCACAGAACAG_005,56
AGGGCTAATGCACAGAACAG_006,106
AGGGCTAATGCACAGAACAG_007,63
AGGGCTAATGCACAGAACAG_008,146
AGGGCTAATGCACAGAACAG_009,76
AGGGCTAATGCACAGAACAG_010,98
AGGGCTAATGCACAGAACAG_011,141
AGGGCTAATGCACAGAACAG_012,95
AGGGCTAATGCACAGAACAG_013,116
AGGGCTAATGCACAGAACAG_014,8
AGGGCTAATGCACAGAACAG_015,0
AGGGCTAATGCACAGAACAG_016,81
AGGGCTAATGCACAGAACAG_017,120
AGGGCTAATGCACAGAACAG_018,125
AGGGCTAATGCACAGAACAG_019,140
AGGGCTAATGCACAGAACAG_020,50
AGGGCTAATGCACAGAACAG_021,19
AGGGCTAATGCACAGAACAG_022,50
GCTAATCAAGACAGTCACGC_001,47
GCTAATCAAGACAGTCACGC_002,98
GCTAATCAAGACAGTCACGC_003,58
GCTAATCAAGACAGTCACGC_004,58
GCTAATCAAGACAGTCACGC_005,169
GCTAATCAAGACAGTCACGC_006,78
GCTAATCAAGACAGTCACGC_007,116
GCTAATCAAGACAGTCACGC_008,76
GCTAATCAAGACAGTCACGC_009,7
GGAGAAATATTATGTGCACG_001,191
CCACACACATATATTCACGT_001,106
CCACACACATATATTCACGT_002,188
GCTCCGTCTGCTGCAATGTG_001,41
GCTCCGTCTGCTGCAATGTG_002,65
GCTCCGTCTGCTGCAATGTG_003,65
GCTCCGTCTGCTGCAATGTG_004,48
GCTCCGTCTGCTGCAATGTG_005,58
GCTCCGTCTGCTGCAATGTG_006,160
GCTCCGTCTGCTGCAATGTG_007,159
GCTCCGTCTGCTGCAATGTG_008,157
GCTCCGTCTGCTGCAATGTG_009,23
GCTCCGTCTGCTGCAATGTG_010,137
GCTCCGTCTGCTGCAATGTG_011,24
GCTCCGTCTGCTGCAATGTG_012,185
GCTCCGTCTGCTGCAATGTG_013,144
GCTCCGTCTGCTGCAATGTG_014,7
GCTCCGTCTGCTGCAATGTG_015,162
GCTCCGTCTGCTGCAATGTG_016,26
GCTCCGTCTGCTGCAATGTG_017,9
GCTCCGTCTGCTGCAATGTG_018,172
GCTCCGTCTGCTGCAATGTG_019,142
GCTCCGTCTGCTGCAATGTG_020,105
GCTCCGTCTGCTGCAATGTG_021,35
GTACGGAGGAGTACCACCAC_001,14
GTACGGAGGAGTACCACCAC_002,17
AGGGGGCTCAAAGTTTACCT_001,17
AGGGGGCTCAAAGTTTACCT_002,58
AGGGGGCTCAAAGTTTACCT_003,34
AGGGGGCTCAAAGTTTACCT_004,50
AGGGGGCTCAAAGTTTACCT_005,105
AGGGGGCTCAAAGTTTACCT_006,5
AGGGGGCTCAAAGTTTACCT_007,158
AGGGGGCTCAAAGTTTACCT_008,78
AGGGGGCTCAAAGTTTACCT_009,9
AGGGGGCTCAAAGTTTACCT_010,113
AGGGGGCTCAAAGTTTACCT_011,13
AGGGGGCTCAAAGTTTACCT_012,118
AGGGGGCTCAAAGTTTACCT_013,76
AGGGGGCTCAAAGTTTACCT_014,141
AGGGGGCTCAAAGTTTACCT_015,189
AGGGGGCTCAAAGTTTACCT_016,104
AGGGGGCTCAAAGTTTACCT_017,56
AGGGGGCTCAAAGTTTACCT_018,147
AGGGGGCTCAAAGTTTACCT_019,99
AGGGGGCTCAAAGTTTACCT_020,188
AGGGGGCTCAAAGTTTACCT_021,188
AGGGGGCTCAAAGTTTACCT_022,94
AGGGGGCTCAAAGTTTACCT_023,167
AGGGGGCTCAAAGTTTACCT_024,167
CAGACATGGTACCTGCGCCT_001,81
CAGACATGGTACCTGCGCCT_002,9
TAACTGTGGATTAACAACAG_001,105
TAACTGTGGATTAACAACAG_002,72
TAACTGTGGATTAACAACAG_003,107
TAACTGTGGATTAACAACAG_004,170
TAACTGTGGATTAACAACAG_005,132
TAACTGTGGATTAACAACAG_006,15
TAACTGTGGATTAACAACAG_007,172
TAACTGTGGATTAACAACAG_008,194
TAACTGTGGATTAACAACAG_009,74
TAACTGTGGATTAACAACAG_010,15
TAACTGTGGATTAACAACAG_011,117
TAACTGTGGATTAACAACAG_012,184
TAACTGTGGATTAACAACAG_013,81
TAACTGTGGATTAACAACAG_014,18
TAACTGTGGATTAACAACAG_015,174
ACTGTGGCGTGATGGCCGCG_001,159
ACTGTGGCGTGATGGCCGCG_002,97
ACTGTGGCGTGATGGCCGCG_003,194
ACTGTGGCGTGATGGCCGCG_004,85
GCCATCAGTATGAAGTCGGG_001,127
GCCATCAGTATGAAGTCGGG_002,114
GCCATCAGTATGAAGTCGGG_003,96
GCCATCAGTATGAAGTCGGG_004,177
GCCATCAGTATGAAGTCGGG_005,188
GCCATCAGTATGAAGTCGGG_006,184
GCCATCAGTATGAAGTCGGG_007,169
GCCATCAGTATGAAGTCGGG_008,36
GCCATCAGTATGAAGTCGGG_009,175
GCCATCAGTATGAAGTCGGG_010,96
GCCATCAGTATGAAGTCGGG_011,160
ATATTTGATAAGATACAGAG_001,145
ATATTTGATAAGATACAGAG_002,12
ATATTTGATAAGATACAGAG_003,21
CAACTGTCAGACCCTAACCA_001,92
CAACTGTCAGACCCTAACCA_002,83
CAACTGTCAGACCCTAACCA_003,38
TCTGTTGCAGGTGATAACGC_001,29
TCTGTTGCAGGTGATAACGC_002,4
TCTGTTGCAGGTGATAACGC_003,48
TCTGTTGCAGGTGATAACGC_004,88
TCTGTTGCAGGTGATAACGC_005,169
TCTGTTGCAGGTGATAACGC_006,191
TTGAATAATTGATCACAACC_001,187
TTGAATAATTGATCACAACC_002,105
TTGAATAATTGATCACAACC_003,154
TTGAATAATTGATCACAACC_004,107
TTGAATAATTGATCACAACC_005,157
TTGAATAATTGATCACAACC_006,1
TTGAATAATTGATCACAACC_007,2
TTGAATAATTGATCACAACC_008,1
TTGAATAATTGATCACAACC_009,78
CTGAGTGTCTCCATCAGGGA_001,116
CTGAGTGTCTCCATCAGGGA_002,94
CTGAGTGTCTCCATCAGGGA_003,141
CTGAGTGTCTCCATCAGGGA_004,128
CTGAGTGTCTCCATCAGGGA_005,105
CTGAGTGTCTCCATCAGGGA_006,127
CTGAGTGTCTCCATCAGGGA_007,141
CTGAGTGTCTCCATCAGGGA_008,188
CTTTGTGGATAACAAGATGT_001,150
CTTTGTGGATAACAAGATGT_002,150
CTTTGTGGATAACAAGATGT_003,101
GCGCCGTCATGAGACCCGAC_001,29
GCGCCGTCATGAGACCCGAC_002,37
GCGCCGTCATGAGACCCGAC_003,47
GCGCCGTCATGAGACCCGAC_004,76
GCGCCGTCATGAGACCCGAC_005,138
GCGCCGTCATGAGACCCGAC_006,86
GCGCCGTCATGAGACCCGAC_007,57
GCGCCGTCATGAGACCCGAC_008,96
GCGCCGTCATGAGACCCGAC_009,139
GCGCCGTCATGAGACCCGAC_010,188
GCGCCGTCATGAGACCCGAC_011,174
GTGCTTCATGCAAATCAGCT_001,8
GTGCTTCATGCAAATCAGCT_002,115
GTGCTTCATGCAAATCAGCT_003,6
GTGCTTCATGCAAATCAGCT_004,14
GTGCTTCATGCAAATCAGCT_005,196
GTGCTTCATGCAAATCAGCT_006,80
GTGCTTCATGCAAATCAGCT_007,120
GTGCTTCATGCAAATCAGCT_008,19
GTGCTTCATGCAAATCAGCT_009,47
GTGCTTCATGCAAATCAGCT_010,108
GTGCTTCATGCAAATCAGCT_011,131
TTCCTGTTTGTCTAACCACG_001,17
TTCCTGTTTGTCTAACCACG_002,120
CCTGGAGTACCACGTCAACG_001,44
CCTGGAGTACCACGTCAACG_002,120
CCTGGAGTACCACGTCAACG_003,169
CCTGGAGTACCACGTCAACG_004,122
CCTGGAGTACCACGTCAACG_005,31
CTTTCTTGAGATCGAGATCG_001,117
CTTTCTTGAGATCGAGATCG_002,132
CTTTCTTGAGATCGAGATCG_003,184
CTTTCTTGAGATCGAGATCG_004,5
CTTTCTTGAGATCGAGATCG_005,23
CTTTCTTGAGATCGAGATCG_006,38
CTTTCTTGAGATCGAGATCG_007,118
ACAATCCGAGACAGGATGAG_001,72
ACAATCCGAGACAGGATGAG_002,69
ACAATCCGAGACAGGATGAG_003,34
ACAATCCGAGACAGGATGAG_004,43
ACAATCCGAGACAGGATGAG_005,130
ACAATCCGAGACAGGATGAG_006,41
ACAATCCGAGACAGGATGAG_007,28
ACAATCCGAGACAGGATGAG_008,176
ACAATCCGAGACAGGATGAG_009,107
ACAATCCGAGACAGGATGAG_010,169
ACAATCCGAGACAGGATGAG_011,68
ACAATCCGAGACAGGATGAG_012,9
ACAATCCGAGACAGGATGAG_013,82
ACAATCCGAGACAGGATGAG_014,33
ACAATCCGAGACAGGATGAG_015,13
TGAAGTAAGTGCAAACCACG_001,23
TGAAGTAAGTGCAAACCACG_002,94
TGAAGTAAGTGCAAACCACG_003,110
TGAAGTAAGTGCAAACCACG_004,0
TGAAGTAAGTGCAAACCACG_005,160
AAGAAGTCTTTCAAGCTGAG_001,20
AAGAAGTCTTTCAAGCTGAG_002,123
AAGAAGTCTTTCAAGCTGAG_003,104
ACAGTGGGCTCCCTTCAGAA_001,81
ACAGTGGGCTCCCTTCAGAA_002,149
ACAGTGGGCTCCCTTCAGAA_003,155
ACAGTGGGCTCCCTTCAGAA_004,148
ACAGTGGGCTCCCTTCAGAA_005,138
ACAGTGGGCTCCCTTCAGAA_006,27
ACAGTGGGCTCCCTTCAGAA_007,69
ACAGTGGGCTCCCTTCAGAA_008,146
CTGTCGGCAGATCTTGTCCG_001,119
CTGTCGGCAGATCTTGTCCG_002,19
CTGTCGGCAGATCTTGTCCG_003,104
CTGTCGGCAGATCTTGTCCG_004,15
CTGTCGGCAGATCTTGTCCG_005,27
TCAGCAGCAATGGACTCTTG_001,27
TCAGCAGCAATGGACTCTTG_002,41
TCAGCAGCAATGGACTCTTG_003,176
TCAGCAGCAATGGACTCTTG_004,94
TCAGCAGCAATGGACTCTTG_005,10
TCAGCAGCAATGGACTCTTG_006,56
TCAGCAGCAATGGACTCTTG_007,22
TTCATGAGCTACTTCCCACG_001,137
TTCATGAGCTACTTCCCACG_002,97
TTCATGAGCTACTTCCCACG_003,183
TTCATGAGCTACTTCCCACG_004,168
GCAGGCCATGGTGACAATCA_001,199
GCAGGCCATGGTGACAATCA_002,80
GCAGGCCATGGTGACAATCA_003,97
GCAGGCCATGGTGACAATCA_004,169
GCAGGCCATGGTGACAATCA_005,160
GCAGGCCATGGTGACAATCA_006,3
GCAGGCCATGGTGACAATCA_007,98
GCAGGCCATGGTGACAATCA_008,120
GCAGGCCATGGTGACAATCA_009,180
GCAGGCCATGGTGACAATCA_010,125
CAATAATTACCTGACCAAGG_001,26
CAATAATTACCTGACCAAGG_002,26
CAATAATTACCTGACCAAGG_003,42
GCCACAAAAGGGATACAGGA_001,138
GCCACAAAAGGGATACAGGA_002,106
GCCACAAAAGGGATACAGGA_003,126
GCCACAAAAGGGATACAGGA_004,115
GCCACAAAAGGGATACAGGA_005,145
GCCACAAAAGGGATACAGGA_006,81
GCCACAAAAGGGATACAGGA_007,93
GCCACAAAAGGGATACAGGA_008,170
GCCACAAAAGGGATACAGGA_009,198
GCCACAAAAGGGATACAGGA_010,12
GCCACAAAAGGGATACAGGA_011,24
GCCACAAAAGGGATACAGGA_012,183
GCCACAAAAGGGATACAGGA_013,103
GCCACAAAAGGGATACAGGA_014,72
GCCACAAAAGGGATACAGGA_015,21
GCCACAAAAGGGATACAGGA_016,61
GCCACAAAAGGGATACAGGA_017,94
GCCACAAAAGGGATACAGGA_018,58
GCCACAAAAGGGATACAGGA_019,192
GCCACAAAAGGGATACAGGA_020,48
GATGTCAACCAAGTACAACA_001,169
GATGTCAACCAAGTACAACA_002,69
GATGTCAACCAAGTACAACA_003,139
GATGTCAACCAAGTACAACA_004,62
GATGTCAACCAAGTACAACA_005,136
GATGTCAACCAAGTACAACA_006,147
CTGGTACCCGGAGTCCCGAG_001,8
CTGGTACCCGGAGTCCCGAG_002,150
CTGGTACCCGGAGTCCCGAG_003,94
CTGGTACCCGGAGTCCCGAG_004,97
CTGGTACCCGGAGTCCCGAG_005,117
CTGGTACCCGGAGTCCCGAG_006,171
CTGGTACCCGGAGTCCCGAG_007,32
CTGGTACCCGGAGTCCCGAG_008,30
CTGGTACCCGGAGTCCCGAG_009,156
CTGGTACCCGGAGTCCCGAG_010,66
CTGGTACCCGGAGTCCCGAG_011,36
CTGGTACCCGGAGTCCCGAG_012,39
CTGGTACCCGGAGTCCCGAG_013,66
CTGGTACCCGGAGTCCCGAG_014,119
CTGGTACCCGGAGTCCCGAG_015,119
CTGGTACCCGGAGTCCCGAG_016,105
CTGGTACCCGGAGTCCCGAG_017,184
CTGGTACCCGGAGTCCCGAG_018,18
TTTGAACGCCAGCAAACAGA_001,158
TTTGAACGCCAGCAAACAGA_002,27
TTTGAACGCCAGCAAACAGA_003,22
TTTGAACGCCAGCAAACAGA_004,87
TTTGAACGCCAGCAAACAGA_005,136
TTTGAACGCCAGCAAACAGA_006,192
TTTGAACGCCAGCAAACAGA_007,16
TTTGAACGCCAGCAAACAGA_008,94
TTTGAACGCCAGCAAACAGA_009,22
TTTGAACGCCAGCAAACAGA_010,17
AGGATTAACTAGAACACTAG_001,57
AGGATTAACTAGAACACTAG_002,112
AGGATTAACTAGAACACTAG_003,162
AGGATTAACTAGAACACTAG_004,184
TAGATGACAATAGTGACACT_001,118
TAGATGACAATAGTGACACT_002,28
TAGATGACAATAGTGACACT_003,95
TAGATGACAATAGTGACACT_004,160
TCCGCGGCCCCTGATGACCG_001,50
TCCGCGGCCCCTGATGACCG_002,184
TCCGCGGCCCCTGATGACCG_003,180
TCCGCGGCCCCTGATGACCG_004,13
CTTTGGCACGAGACTCAAAG_001,6
CTTTGGCACGAGACTCAAAG_002,47
CTTTGGCACGAGACTCAAAG_003,4
CTTTGGCACGAGACTCAAAG_004,148
CTTTGGCACGAGACTCAAAG_005,160
CTTTGGCACGAGACTCAAAG_006,148
CTTTGGCACGAGACTCAAAG_007,102
CTTTGGCACGAGACTCAAAG_008,172
CTTTGGCACGAGACTCAAAG_009,97
CTTTGGCACGAGACTCAAAG_010,169
GGGGACAACATACAAGCCGA_001,86
GGGGACAACATACAAGCCGA_002,160
GGGGACAACATACAAGCCGA_003,82
GGGGACAACATACAAGCCGA_004,17
GGGGACAACATACAAGCCGA_005,2
GGGGACAACATACAAGCCGA_006,108
GGGGACAACATACAAGCCGA_007,173
GGGGACAACATACAAGCCGA_008,150
TGGTATAATCCCACAGACTA_001,188
TGGTATAATCCCACAGACTA_002,49
TGGTATAATCCCACAGACTA_003,62
TGGTATAATCCCACAGACTA_004,107
TGGTATAATCCCACAGACTA_005,59
TGGTATAATCCCACAGACTA_006,40
CAAGTCTATGAAAATGGTAG_001,76
CAAGTCTATGAAAATGGTAG_002,191
CAAGTCTATGAAAATGGTAG_003,144
CAAGTCTATGAAAATGGTAG_004,81
CAAGTCTATGAAAATGGTAG_005,36
GTACCCCTATGGCCGTTCTA_001,49
GTACCCCTATGGCCGTTCTA_002,127
GTACCCCTATGGCCGTTCTA_003,48
GTACCCCTATGGCCGTTCTA_004,116
GTACCCCTATGGCCGTTCTA_005,14
GTACCCCTATGGCCGTTCTA_006,92
GTACCCCTATGGCCGTTCTA_007,168
GTACCCCTATGGCCGTTCTA_008,66
TGGAGTTAGTCTTGTATGAA_001,165
TGGAGTTAGTCTTGTATGAA_002,186
TGGAGTTAGTCTTGTATGAA_003,169
TGGAGTTAGTCTTGTATGAA_004,82
TGGAGTTAGTCTTGTATGAA_005,56
TGGAGTTAGTCTTGTATGAA_006,168
TGGAGTTAGTCTTGTATGAA_007,126
TGGAGTTAGTCTTGTATGAA_008,126
GGCACGGGAATCGCACTCCT_001,88
GGCACGGGAATCGCACTCCT_002,191
GGCACGGGAATCGCACTCCT_003,105
GGCACGGGAATCGCACTCCT_004,44
GGCACGGGAATCGCACTCCT_005,30
GGCACGGGAATCGCACTCCT_006,45
GGCACGGGAATCGCACTCCT_007,38
GGCACGGGAATCGCACTCCT_008,40
GGCACGGGAATCGCACTCCT_009,184
GGCACGGGAATCGCACTCCT_010,1
GGCACGGGAATCGCACTCCT_011,161
GGCACGGGAATCGCACTCCT_012,165
GGCACGGGAATCGCACTCCT_013,35
GGCACGGGAATCGCACTCCT_014,184
GGCACGGGAATCGCACTCCT_015,90
GGCACGGGAATCGCACTCCT_016,188
GGCACGGGAATCGCACTCCT_017,118
GGCACGGGAATCGCACTCCT_018,101
TTAAAGGCATGGTACAAAGG_001,106
TTAAAGGCATGGTACAAAGG_002,191
TTAAAGGCATGGTACAAAGG_003,192
TTAAAGGCATGGTACAAAGG_004,83
TTAAAGGCATGGTACAAAGG_005,108
TTAAAGGCATGGTACAAAGG_006,134
TTAAAGGCATGGTACAAAGG_007,184
TTAAAGGCATGGTACAAAGG_008,136
TTAAAGGCATGGTACAAAGG_009,90
CGCTATTAGAACAAGATCAG_001,140
CGCTATTAGAACAAGATCAG_002,140
CGCTATTAGAACAAGATCAG_003,15
CGCTATTAGAACAAGATCAG_004,82
CGCTATTAGAACAAGATCAG_005,107
CGCTATTAGAACAAGATCAG_006,0
CGCTATTAGAACAAGATCAG_007,117
CGCTATTAGAACAAGATCAG_008,112
GCCTATCAAGTGATATTGGA_001,8
GCCTATCAAGTGATATTGGA_002,48
GCCTATCAAGTGATATTGGA_003,105
GCCTATCAAGTGATATTGGA_004,171
GCCTATCAAGTGATATTGGA_005,88
GCCTATCAAGTGATATTGGA_006,140
GCCTATCAAGTGATATTGGA_007,184
GCCTATCAAGTGATATTGGA_008,132
GCCTATCAAGTGATATTGGA_009,88
GCCTATCAAGTGATATTGGA_010,149
GCCTATCAAGTGATATTGGA_011,168
GCCTATCAAGTGATATTGGA_012,97
GTAGCGACGGATTTCGCGCA_001,149
GTAGCGACGGATTTCGCGCA_002,38
GTAGCGACGGATTTCGCGCA_003,114
GTAGCGACGGATTTCGCGCA_004,114
GTAGCGACGGATTTCGCGCA_005,184
GTAGCGACGGATTTCGCGCA_006,162
GTAGCGACGGATTTCGCGCA_007,63
GTAGCGACGGATTTCGCGCA_008,34
GCAATGACAATAATACCGTG_001,145
GCAATGACAATAATACCGTG_002,88
TGACTGAACTTTGTTGGGTG_001,77
TGACTGAACTTTGTTGGGTG_002,147
TGACTGAACTTTGTTGGGTG_003,155
TGACTGAACTTTGTTGGGTG_004,104
TGACTGAACTTTGTTGGGTG_005,175
TGACTGAACTTTGTTGGGTG_006,169
TGACTGAACTTTGTTGGGTG_007,199
TGACTGAACTTTGTTGGGTG_008,102
TGACTGAACTTTGTTGGGTG_009,68
TGACTGAACTTTGTTGGGTG_010,5
TGACTGAACTTTGTTGGGTG_011,70
AAACATCTGAGAAATTTACG_001,142
AAACATCTGAGAAATTTACG_002,113
AAACATCTGAGAAATTTACG_003,117
TGTGCAAGAGAAAATTCCAT_001,169
TGTGCAAGAGAAAATTCCAT_002,160
TGTGCAAGAGAAAATTCCAT_003,49
TGTGCAAGAGAAAATTCCAT_004,63
TGTGCAAGAGAAAATTCCAT_005,117
AAGGCCGAGGATAAGGAGGT_001,19
AAGGCCGAGGATAAGGAGGT_002,192
TCAGTACAAGTGCATCCCAG_001,111
TCAGTACAAGTGCATCCCAG_002,108
TCAGTACAAGTGCATCCCAG_003,81
TCAGTACAAGTGCATCCCAG_004,94
TCAGTACAAGTGCATCCCAG_005,67
TCAGTACAAGTGCATCCCAG_006,127
TCAGTACAAGTGCATCCCAG_007,188
TCAGTACAAGTGCATCCCAG_008,48
TCAGTACAAGTGCATCCCAG_009,17
TCAGTACAAGTGCATCCCAG_010,26
TCAGTACAAGTGCATCCCAG_011,67
TCAGTACAAGTGCATCCCAG_012,142
TCAGTACAAGTGCATCCCAG_013,1
AGTCAACTCCAAATTTACTG_001,149
AGTCAACTCCAAATTTACTG_002,144
AGTCAACTCCAAATTTACTG_003,18
AGTCAACTCCAAATTTACTG_004,77
AGTCAACTCCAAATTTACTG_005,42
CACAGTCTGCTGATCAGTGG_001,65
CACAGTCTGCTGATCAGTGG_002,151
CACAGTCTGCTGATCAGTGG_003,195
CACAGTCTGCTGATCAGTGG_004,16
CACAGTCTGCTGATCAGTGG_005,144
CACAGTCTGCTGATCAGTGG_006,150
CACAGTCTGCTGATCAGTGG_007,45
CAGGATATGGTTATCAGCCA_001,158
CAGGATATGGTTATCAGCCA_002,49
CCAACGTTTGAGTCCTCTCA_001,99
CCAACGTTTGAGTCCTCTCA_002,78
CCAACGTTTGAGTCCTCTCA_003,50
CCAACGTTTGAGTCCTCTCA_004,0
CCAACGTTTGAGTCCTCTCA_005,119
CCAACGTTTGAGTCCTCTCA_006,149
CCAACGTTTGAGTCCTCTCA_007,58
CCAACGTTTGAGTCCTCTCA_008,81
CCAACGTTTGAGTCCTCTCA_009,168
CCAACGTTTGAGTCCTCTCA_010,11
CCAACGTTTGAGTCCTCTCA_011,115
CCAACGTTTGAGTCCTCTCA_012,113
CCAACGTTTGAGTCCTCTCA_013,153
CCAACGTTTGAGTCCTCTCA_014,81
GTCAGGCTACATCAGCAAAG_001,62
GTCAGGCTACATCAGCAAAG_002,60
GTCAGGCTACATCAGCAAAG_003,135
GTCAGGCTACATCAGCAAAG_004,50
GTGCCTGCGATAGTCTGCTG_001,197
GTGCCTGCGATAGTCTGCTG_002,89
GTGCCTGCGATAGTCTGCTG_003,166
GTGCCTGCGATAGTCTGCTG_004,180
CTCTGCCCATTCAAAGACTC_001,118
CTCTGCCCATTCAAAGACTC_002,146
CTCTGCCCATTCAAAGACTC_003,9
CTCTGCCCATTCAAAGACTC_004,101
CTCTGCCCATTCAAAGACTC_005,103
CTCTGCCCATTCAAAGACTC_006,48
CTCTGCCCATTCAAAGACTC_007,192
CTCTGCCCATTCAAAGACTC_008,32
CTCTGCCCATTCAAAGACTC_009,122
CTCTGCCCATTCAAAGACTC_010,199
CTCTGCCCATTCAAAGACTC_011,127
CTCTGCCCATTCAAAGACTC_012,48
CTCTGCCCATTCAAAGACTC_013,46
CTCTGCCCATTCAAAGACTC_014,111
CATGACAGAAAACTGCATCA_001,108
CATGACAGAAAACTGCATCA_002,47
CATGACAGAAAACTGCATCA_003,21
CATGACAGAAAACTGCATCA_004,101
CATGACAGAAAACTGCATCA_005,109
CATGACAGAAAACTGCATCA_006,99
CATGACAGAAAACTGCATCA_007,6
CATGACAGAAAACTGCATCA_008,172
CATGACAGAAAACTGCATCA_009,66
CCTCCACCAAGCCACGAAGA_001,13
CCTCCACCAAGCCACGAAGA_002,58
CCTCCACCAAGCCACGAAGA_003,9
TCGGGATCGTCGGTAAATAC_001,42
TCGGGATCGTCGGTAAATAC_002,59
TCGGGATCGTCGGTAAATAC_003,199
TCTTTACTATGCAATGTTGG_001,69
TCTTTACTATGCAATGTTGG_002,94
TGTGTGCGGTGGTCAAACAG_001,139
TGTGTGCGGTGGTCAAACAG_002,78
TGTGTGCGGTGGTCAAACAG_003,106
TGTGTGCGGTGGTCAAACAG_004,29
TGTGTGCGGTGGTCAAACAG_005,105
TGTGTGCGGTGGTCAAACAG_006,170
TGTGTGCGGTGGTCAAACAG_007,94
TGTGTGCGGTGGTCAAACAG_008,60
TGTGTGCGGTGGTCAAACAG_009,12
TGTGTGCGGTGGTCAAACAG_010,50
TGTGTGCGGTGGTCAAACAG_011,160
TGTGTGCGGTGGTCAAACAG_012,51
TGTGTGCGGTGGTCAAACAG_013,29
TGTGTGCGGTGGTCAAACAG_014,111
TGTGTGCGGTGGTCAAACAG_015,182
TGTGTGCGGTGGTCAAACAG_016,143
TGTGTGCGGTGGTCAAACAG_017,169
TGAGGTGGACTGCATTACAG_001,131
TGAGGTGGACTGCATTACAG_002,53
TGAGGTGGACTGCATTACAG_003,186
TGAGGTGGACTGCATTACAG_004,193
TGAGGTGGACTGCATTACAG_005,24
TGAGGTGGACTGCATTACAG_006,54
TGAGGTGGACTGCATTACAG_007,100
TGAGGTGGACTGCATTACAG_008,181
TGAGGTGGACTGCATTACAG_009,59
TGAGGTGGACTGCATTACAG_010,174
TGAGGTGGACTGCATTACAG_011,168
TGAGGTGGACTGCATTACAG_012,97
TGAGGTGGACTGCATTACAG_013,141
TGAGGTGGACTGCATTACAG_014,70
TGAGGTGGACTGCATTACAG_015,78
TGAGGTGGACTGCATTACAG_016,39
TGAGGTGGACTGCATTACAG_017,142
ATGCAGCTGTGAACGATCAG_001,112
ATGCAGCTGTGAACGATCAG_002,60
ATGCAGCTGTGAACGATCAG_003,137
ATGCAGCTGTGAACGATCAG_004,13
ATGCAGCTGTGAACGATCAG_005,63
ATGCAGCTGTGAACGATCAG_006,69
GGATGCATATCGGAGTTAGG_001,109
GGATGCATATCGGAGTTAGG_002,46
TCGGCGACGTGTTCAATGGG_001,169
TCGGCGACGTGTTCAATGGG_002,58
TCGGCGACGTGTTCAATGGG_003,148
TCGGCGACGTGTTCAATGGG_004,178
TCGGCGACGTGTTCAATGGG_005,150
TCGGCGACGTGTTCAATGGG_006,41
TCGGCGACGTGTTCAATGGG_007,54
TCGGCGACGTGTTCAATGGG_008,62
TCGGCGACGTGTTCAATGGG_009,160
TCGGCGACGTGTTCAATGGG_010,83
TCGGCGACGTGTTCAATGGG_011,75
TCGGCGACGTGTTCAATGGG_012,186
TCGGCGACGTGTTCAATGGG_013,81
TCGGCGACGTGTTCAATGGG_014,35
TCGGCGACGTGTTCAATGGG_015,124
TATCCACCTTCAGAGTACAC_001,163
TATCCACCTTCAGAGTACAC_002,28
TATCCACCTTCAGAGTACAC_003,56
CAAGATGAGACCACCCACGA_001,137
CAAGATGAGACCACCCACGA_002,63
CAAGATGAGACCACCCACGA_003,144
CAAGATGAGACCACCCACGA_004,144
CAAGATGAGACCACCCACGA_005,19
CAAGATGAGACCACCCACGA_006,8
CAAGATGAGACCACCCACGA_007,175
CAAGATGAGACCACCCACGA_008,116
CAAGATGAGACCACCCACGA_009,1
CAAGATGAGACCACCCACGA_010,62
CAAGATGAGACCACCCACGA_011,84
CAAGATGAGACCACCCACGA_012,137
TGAACCAGGATCCATAAACA_001,191
TGAACCAGGATCCATAAACA_002,88
TGAACCAGGATCCATAAACA_003,135
TGAACCAGGATCCATAAACA_004,125
TGAACCAGGATCCATAAACA_005,8
AGTGAATATGACCCCAACTT_001,171
AGTGAATATGACCCCAACTT_002,94
CAAGTCTCGCGCGTCCACTG_001,126
CAAGTCTCGCGCGTCCACTG_002,105
CAAGTCTCGCGCGTCCACTG_003,8
CAAGTCTCGCGCGTCCACTG_004,141
CAAGTCTCGCGCGTCCACTG_005,130
CAAGTCTCGCGCGTCCACTG_006,49
CAAGTCTCGCGCGTCCACTG_007,134
CAAGTCTCGCGCGTCCACTG_008,94
CAAGTCTCGCGCGTCCACTG_009,63
CAAGTCTCGCGCGTCCACTG_010,124
CAAGTCTCGCGCGTCCACTG_011,33
CAAGTCTCGCGCGTCCACTG_012,144
CAAGTCTCGCGCGTCCACTG_013,63
CAAGTCTCGCGCGTCCACTG_014,73
CAAGTCTCGCGCGTCCACTG_015,170
CAAGTCTCGCGCGTCCACTG_016,19
CAAGTCTCGCGCGTCCACTG_017,49
CAAGTCTCGCGCGTCCACTG_018,33
CAAGTCTCGCGCGTCCACTG_019,19
CAAGTCTCGCGCGTCCACTG_020,111
CAAGTCTCGCGCGTCCACTG_021,158
CAAGTCTCGCGCGTCCACTG_022,90
CAAGTCTCGCGCGTCCACTG_023,49
CAAGTCTCGCGCGTCCACTG_024,32
CAAGTCTCGCGCGTCCACTG_025,130
CAAGTCTCGCGCGTCCACTG_026,118
CAAGTCTCGCGCGTCCACTG_027,188
CAAGTCTCGCGCGTCCACTG_028,31
CAAGTCTCGCGCGTCCACTG_029,9
CAAGTCTCGCGCGTCCACTG_030,116
CAAGTCTCGCGCGTCCACTG_031,67
CAAGTCTCGCGCGTCCACTG_032,10
CAAGTCTCGCGCGTCCACTG_033,130
CAAGTCTCGCGCGTCCACTG_034,85
CAAGTCTCGCGCGTCCACTG_035,29
CAAGTCTCGCGCGTCCACTG_036,6
CAAGTCTCGCGCGTCCACTG_037,108
CAAGTCTCGCGCGTCCACTG_038,52
CAAGTCTCGCGCGTCCACTG_039,96
CAAGTCTCGCGCGTCCACTG_040,158
ATGTTCTTGTGGGTGTCACG_001,135
ATGTTCTTGTGGGTGTCACG_002,104
ATGTTCTTGTGGGTGTCACG_003,124
ATGTTCTTGTGGGTGTCACG_004,150
ATGTTCTTGTGGGTGTCACG_005,194
TCAATGACCACTCATTGACC_001,134
TCAATGACCACTCATTGACC_002,36
TCAATGACCACTCATTGACC_003,174
TCAATGACCACTCATTGACC_004,149
TCAATGACCACTCATTGACC_005,88
TCAATGACCACTCATTGACC_006,154
GTTCCTGATGGTGCACGGAT_001,145
GTTCCTGATGGTGCACGGAT_002,113
GTTCCTGATGGTGCACGGAT_003,77
GTTCCTGATGGTGCACGGAT_004,122
GTTCCTGATGGTGCACGGAT_005,154
GTTCCTGATGGTGCACGGAT_006,33
GTTCCTGATGGTGCACGGAT_007,27
GTTCCTGATGGTGCACGGAT_008,188
GTTCCTGATGGTGCACGGAT_009,148
GTTCCTGATGGTGCACGGAT_010,35
GTTCCTGATGGTGCACGGAT_011,157
GTTCCTGATGGTGCACGGAT_012,118
GTTCCTGATGGTGCACGGAT_013,5
GTTCCTGATGGTGCACGGAT_014,22
GTTCCTGATGGTGCACGGAT_015,113
GTTCCTGATGGTGCACGGAT_016,194
GTTCCTGATGGTGCACGGAT_017,98
GTTCCTGATGGTGCACGGAT_018,176
GTTCCTGATGGTGCACGGAT_019,133
GTTCCTGATGGTGCACGGAT_020,63
GTTCCTGATGGTGCACGGAT_021,120
GTTCCTGATGGTGCACGGAT_022,124
ACAATGCCTATGTCGCGGCG_001,147
ACAATGCCTATGTCGCGGCG_002,89
ACAATGCCTATGTCGCGGCG_003,104
ACAATGCCTATGTCGCGGCG_004,89
ACAATGCCTATGTCGCGGCG_005,90
ACAATGCCTATGTCGCGGCG_006,168
ACAATGCCTATGTCGCGGCG_007,17
ACAATGCCTATGTCGCGGCG_008,106
ACAATGCCTATGTCGCGGCG_009,194
ACAATGCCTATGTCGCGGCG_010,150
ACAATGCCTATGTCGCGGCG_011,158
GTCACTCGTCATGATGTCGC_001,191
GTCACTCGTCATGATGTCGC_002,114
GTCACTCGTCATGATGTCGC_003,187
GTCACTCGTCATGATGTCGC_004,11
GTCACTCGTCATGATGTCGC_005,70
ACACTGACATCTAAATACAG_001,2
ACACTGACATCTAAATACAG_002,162
ACACTGACATCTAAATACAG_003,84
ACACTGACATCTAAATACAG_004,8
ACACTGACATCTAAATACAG_005,1
ACACTGACATCTAAATACAG_006,144
ACACTGACATCTAAATACAG_007,27
ACACTGACATCTAAATACAG_008,41
ACACTGACATCTAAATACAG_009,40
ACACTGACATCTAAATACAG_010,10
CCCAGTGAGTGGCAGAGTCG_001,107
CCCAGTGAGTGGCAGAGTCG_002,158
CCCAGTGAGTGGCAGAGTCG_003,96
CCCAGTGAGTGGCAGAGTCG_004,176
CCCAGTGAGTGGCAGAGTCG_005,197
CCCAGTGAGTGGCAGAGTCG_006,13
CCCAGTGAGTGGCAGAGTCG_007,136
TGGAGGGCCCCAATTTGCAG_001,48
TGGAGGGCCCCAATTTGCAG_002,6
TGGAGGGCCCCAATTTGCAG_003,19
TGGAGGGCCCCAATTTGCAG_004,103
TGGAGGGCCCCAATTTGCAG_005,63
TGGAGGGCCCCAATTTGCAG_006,94
CCTGCTGGGAAACATGGGCA_001,169
CCTGCTGGGAAACATGGGCA_002,1
CCTGCTGGGAAACATGGGCA_003,154
CCTGCTGGGAAACATGGGCA_004,1
CCTGCTGGGAAACATGGGCA_005,23
CCTGCTGGGAAACATGGGCA_006,182
CCTGCTGGGAAACATGGGCA_007,27
CCTGCTGGGAAACATGGGCA_008,194
ACTCACCTGTTGATGCCTGG_001,163
ACTCACCTGTTGATGCCTGG_002,146
ACTCACCTGTTGATGCCTGG_003,75
ACTCACCTGTTGATGCCTGG_004,23
ACTCACCTGTTGATGCCTGG_005,76
ACTCACCTGTTGATGCCTGG_006,96
ACTCACCTGTTGATGCCTGG_007,191
ACTCACCTGTTGATGCCTGG_008,46
ACTCACCTGTTGATGCCTGG_009,94
CCAGGACCCTTGGTTCTGTG_001,77
CCAGGACCCTTGGTTCTGTG_002,15
CCAGGACCCTTGGTTCTGTG_003,0
CCAGGACCCTTGGTTCTGTG_004,130
CCAGGACCCTTGGTTCTGTG_005,177
CCAGGACCCTTGGTTCTGTG_006,116
CCAGGACCCTTGGTTCTGTG_007,122
CCAGGACCCTTGGTTCTGTG_008,160
CCAGGACCCTTGGTTCTGTG_009,16
CCAGGACCCTTGGTTCTGTG_010,15
CCAGGACCCTTGGTTCTGTG_011,83
CCAGGACCCTTGGTTCTGTG_012,185
CCAGGACCCTTGGTTCTGTG_013,69
CCAGGACCCTTGGTTCTGTG_014,79
CCAGGACCCTTGGTTCTGTG_015,103
AAAGATAAACATTATGAATG_001,28
AAAGATAAACATTATGAATG_002,165
AAAGATAAACATTATGAATG_003,4
AAAGATAAACATTATGAATG_004,133
AAAGATAAACATTATGAATG_005,146
AAAGATAAACATTATGAATG_006,70
AAAGATAAACATTATGAATG_007,11
AAAGATAAACATTATGAATG_008,150
AATCTATCGATCACTCAGCG_001,77
AATCTATCGATCACTCAGCG_002,58
AATCTATCGATCACTCAGCG_003,137
AATCTATCGATCACTCAGCG_004,132
AATCTATCGATCACTCAGCG_005,9
AATCTATCGATCACTCAGCG_006,149
AGGTAAAAAAGAGTGTCAAG_001,167
GAAGTAGTGGAGCTGAACGT_001,70
GAAGTAGTGGAGCTGAACGT_002,157
GAAGTAGTGGAGCTGAACGT_003,45
GAAGTAGTGGAGCTGAACGT_004,160
GAAGTAGTGGAGCTGAACGT_005,184
GAAGTAGTGGAGCTGAACGT_006,46
GAAGTAGTGGAGCTGAACGT_007,52
GAAGTAGTGGAGCTGAACGT_008,132
GAAGTAGTGGAGCTGAACGT_009,77
GAAGTAGTGGAGCTGAACGT_010,126
GAAGTAGTGGAGCTGAACGT_011,33
GAAGTAGTGGAGCTGAACGT_012,116
GAAGTAGTGGAGCTGAACGT_013,120
GAAGTAGTGGAGCTGAACGT_014,75
GAAGTAGTGGAGCTGAACGT_015,177
GAAGTAGTGGAGCTGAACGT_016,106
GAAGTAGTGGAGCTGAACGT_017,77
GAAGTAGTGGAGCTGAACGT_018,63
GACCAGGACGAGAAGCACCG_001,148
GACCAGGACGAGAAGCACCG_002,186
GACCAGGACGAGAAGCACCG_003,129
GACCAGGACGAGAAGCACCG_004,48
GACCAGGACGAGAAGCACCG_005,44
GACCAGGACGAGAAGCACCG_006,115
GACCAGGACGAGAAGCACCG_007,75
GACCAGGACGAGAAGCACCG_008,17
GACCAGGACGAGAAGCACCG_009,103
GACCAGGACGAGAAGCACCG_010,12
GACCAGGACGAGAAGCACCG_011,147
GACCAGGACGAGAAGCACCG_012,123
GACCAGGACGAGAAGCACCG_013,169
GACCAGGACGAGAAGCACCG_014,23
GACCAGGACGAGAAGCACCG_015,127
GACCAGGACGAGAAGCACCG_016,41
GACCAGGACGAGAAGCACCG_017,88
GACCAGGACGAGAAGCACCG_018,108
GACCAGGACGAGAAGCACCG_019,89
GACCAGGACGAGAAGCACCG_020,169
GACCAGGACGAGAAGCACCG_021,107
GACCAGGACGAGAAGCACCG_022,17
GGAGGTGGTACACTTCTCCT_001,43
GGAGGTGGTACACTTCTCCT_002,72
GGAGGTGGTACACTTCTCCT_003,122
GGAGGTGGTACACTTCTCCT_004,50
GGAGGTGGTACACTTCTCCT_005,27
TGTGTCATTAGGGATACTGG_001,66
CCAGCCACAAACCGTTTCCG_001,27
CCAGCCACAAACCGTTTCCG_002,76
CCAGCCACAAACCGTTTCCG_003,125
CCAGCCACAAACCGTTTCCG_004,132
CCAGCCACAAACCGTTTCCG_005,77
CCAGCCACAAACCGTTTCCG_006,78
CCAGCCACAAACCGTTTCCG_007,2
CCAGCCACAAACCGTTTCCG_008,8
CCAGCCACAAACCGTTTCCG_009,147
CCAGCCACAAACCGTTTCCG_010,88
CCAGCCACAAACCGTTTCCG_011,27
CCAGCCACAAACCGTTTCCG_012,171
CCAGCCACAAACCGTTTCCG_013,72
CCAGCCACAAACCGTTTCCG_014,45
CCAGCCACAAACCGTTTCCG_015,2
ACTCTACCTACCGTTCATGA_001,11
ACTCTACCTACCGTTCATGA_002,126
GAGGTCCTTCTGCCACCGAG_001,54
GAGGTCCTTCTGCCACCGAG_002,138
GAGGTCCTTCTGCCACCGAG_003,60
GAGGTCCTTCTGCCACCGAG_004,155
GAGGTCCTTCTGCCACCGAG_005,4
GAGGTCCTTCTGCCACCGAG_006,24
GAGGTCCTTCTGCCACCGAG_007,19
GAGGTCCTTCTGCCACCGAG_008,149
GAGGTCCTTCTGCCACCGAG_009,27
GAGGTCCTTCTGCCACCGAG_010,175
GAGGTCCTTCTGCCACCGAG_011,13
GAGGTCCTTCTGCCACCGAG_012,118
GAGGTCCTTCTGCCACCGAG_013,174
GAGGTCCTTCTGCCACCGAG_014,49
GAGGTCCTTCTGCCACCGAG_015,102
GAGGTCCTTCTGCCACCGAG_016,160
TCCTTAATGAAGTCTCAACA_001,130
TCCTTAATGAAGTCTCAACA_002,68
TCCTTAATGAAGTCTCAACA_003,193
TCCTTAATGAAGTCTCAACA_004,2
TCCTTAATGAAGTCTCAACA_005,32
TCCTTAATGAAGTCTCAACA_006,198
TCCTTAATGAAGTCTCAACA_007,28
TCCTTAATGAAGTCTCAACA_008,33
GCTTGTTATAATGCGCCAGG_001,44
GCTTGTTATAATGCGCCAGG_002,62
TTGCGCACGATGAACAACAA_001,8
TTGCGCACGATGAACAACAA_002,40
TTGCGCACGATGAACAACAA_003,3
TTGCGCACGATGAACAACAA_004,125
TTGCGCACGATGAACAACAA_005,158
TTGCGCACGATGAACAACAA_006,120
TTGCGCACGATGAACAACAA_007,1
TTGCGCACGATGAACAACAA_008,182
TTGCGCACGATGAACAACAA_009,9
TTGCGCACGATGAACAACAA_010,94
TTGCGCACGATGAACAACAA_011,70
TTGCGCACGATGAACAACAA_012,78
TTGCGCACGATGAACAACAA_013,114
TTGCGCACGATGAACAACAA_014,63
TTGCGCACGATGAACAACAA_015,116
TTGCGCACGATGAACAACAA_016,81
TTGCGCACGATGAACAACAA_017,96
TTGCGCACGATGAACAACAA_018,37
GCTGCCGGCATGATTAAACC_001,9
ATGGACAAGGAGGTACCTTC_001,162
ATGGACAAGGAGGTACCTTC_002,149
ATGGACAAGGAGGTACCTTC_003,48
ATGGACAAGGAGGTACCTTC_004,175
ATGGACAAGGAGGTACCTTC_005,141
ATGGACAAGGAGGTACCTTC_006,12
ATGGACAAGGAGGTACCTTC_007,155
ATGGACAAGGAGGTACCTTC_008,94
ATGGACAAGGAGGTACCTTC_009,147
ATGGACAAGGAGGTACCTTC_010,31
ATGGACAAGGAGGTACCTTC_011,19
ATGGACAAGGAGGTACCTTC_012,45
ATGGACAAGGAGGTACCTTC_013,181
ATGGACAAGGAGGTACCTTC_014,56
ATGGACAAGGAGGTACCTTC_015,34
ATGGACAAGGAGGTACCTTC_016,170
ATGGACAAGGAGGTACCTTC_017,127
ATGGACAAGGAGGTACCTTC_018,16
ATGGACAAGGAGGTACCTTC_019,145
ATGGACAAGGAGGTACCTTC_020,78
ATGGACAAGGAGGTACCTTC_021,184
ATGGACAAGGAGGTACCTTC_022,28
ATGGACAAGGAGGTACCTTC_023,49
ATGGACAAGGAGGTACCTTC_024,8
ATGGACAAGGAGGTACCTTC_025,162
ATGGACAAGGAGGTACCTTC_026,149
ATGGACAAGGAGGTACCTTC_027,73
ATGGACAAGGAGGTACCTTC_028,71
CTATGCCCTGGTGATCGATG_001,53
CTATGCCCTGGTGATCGATG_002,36
CTATGCCCTGGTGATCGATG_003,94
CTATGCCCTGGTGATCGATG_004,178
CTATGCCCTGGTGATCGATG_005,125
TAGGCTTCTACCGAATTCGA_001,43
TAGGCTTCTACCGAATTCGA_002,130
TAGGCTTCTACCGAATTCGA_003,26
TAGGCTTCTACCGAATTCGA_004,148
TAGGCTTCTACCGAATTCGA_005,92
TAGGCTTCTACCGAATTCGA_006,174
TTGCTATCATTAGGGCTATG_001,3
TTGCTATCATTAGGGCTATG_002,69
TTGCTATCATTAGGGCTATG_003,121
TTGCTATCATTAGGGCTATG_004,20
TTGCTATCATTAGGGCTATG_005,114
TTGCTATCATTAGGGCTATG_006,150
TTTGTTAAAGTCCAAGCAAC_001,24
TTTGTTAAAGTCCAAGCAAC_002,144
TTTGTTAAAGTCCAAGCAAC_003,115
TTTGTTAAAGTCCAAGCAAC_004,16
TTTGTTAAAGTCCAAGCAAC_005,84
TTTGTTAAAGTCCAAGCAAC_006,82
TTTGTTAAAGTCCAAGCAAC_007,149
TTTGTTAAAGTCCAAGCAAC_008,188
TTTGTTAAAGTCCAAGCAAC_009,88
TTTGTTAAAGTCCAAGCAAC_010,170
TTTGTTAAAGTCCAAGCAAC_011,136
TTTGTTAAAGTCCAAGCAAC_012,77
AAGGACTCACATTTCCTTCG_001,17
AAGGACTCACATTTCCTTCG_002,88
AAGGACTCACATTTCCTTCG_003,144
AAGGACTCACATTTCCTTCG_004,125
AAGGACTCACATTTCCTTCG_005,107
AAGGACTCACATTTCCTTCG_006,6
AAGGACTCACATTTCCTTCG_007,178
ACCACTGACCTGGAAACGTG_001,158
ACCACTGACCTGGAAACGTG_002,50
ACCACTGACCTGGAAACGTG_003,60
ACCACTGACCTGGAAACGTG_004,168
ACCACTGACCTGGAAACGTG_005,48
ACCACTGACCTGGAAACGTG_006,139
ACCACTGACCTGGAAACGTG_007,109
ACCACTGACCTGGAAACGTG_008,153
ACCACTGACCTGGAAACGTG_009,163
ACCACTGACCTGGAAACGTG_010,2
ACCACTGACCTGGAAACGTG_011,169
ACCACTGACCTGGAAACGTG_012,130
ACCACTGACCTGGAAACGTG_013,105
ACCACTGACCTGGAAACGTG_014,120
ACCACTGACCTGGAAACGTG_015,170
ACCACTGACCTGGAAACGTG_016,12
ACCACTGACCTGGAAACGTG_017,127
ACCACTGACCTGGAAACGTG_018,188
ACCACTGACCTGGAAACGTG_019,82
ACCACTGACCTGGAAACGTG_020,176
ACCACTGACCTGGAAACGTG_021,76
ACCACTGACCTGGAAACGTG_022,199
ACCACTGACCTGGAAACGTG_023,55
ACCACTGACCTGGAAACGTG_024,29
ACCACTGACCTGGAAACGTG_025,88
ACCACTGACCTGGAAACGTG_026,57
ACCACTGACCTGGAAACGTG_027,100
ACCACTGACCTGGAAACGTG_028,50
ACCACTGACCTGGAAACGTG_029,51
ACCACTGACCTGGAAACGTG_030,177
ACCACTGACCTGGAAACGTG_031,31
AAATGTCACTTGTTCACGTG_001,1
AAATGTCACTTGTTCACGTG_002,199
AAATGTCACTTGTTCACGTG_003,19
AAATGTCACTTGTTCACGTG_004,33
AAATGTCACTTGTTCACGTG_005,153
CAAGAGGCAAGTGTCAGTTG_001,123
CAAGAGGCAAGTGTCAGTTG_002,54
CAGTTACCAAGGTATGAAGC_001,127
CAGTTACCAAGGTATGAAGC_002,127
CAGTTACCAAGGTATGAAGC_003,113
CAGTTACCAAGGTATGAAGC_004,36
ACTTGGACGACTGCCTGATG_001,170
ACTTGGACGACTGCCTGATG_002,141
ACTTGGACGACTGCCTGATG_003,31
ACTTGGACGACTGCCTGATG_004,34
ACTTGGACGACTGCCTGATG_005,11
ACTTGGACGACTGCCTGATG_006,161
ACTTGGACGACTGCCTGATG_007,91
ACTTGGACGACTGCCTGATG_008,166
ACTTGGACGACTGCCTGATG_009,180
ACTTGGACGACTGCCTGATG_010,188
ACTTGGACGACTGCCTGATG_011,138
ATGAGATGACATCAGATACG_001,133
ATGAGATGACATCAGATACG_002,23
ATGAGATGACATCAGATACG_003,26
ATGAGATGACATCAGATACG_004,150
ATGAGATGACATCAGATACG_005,19
CCGGTGTGGACGTCGCAGGG_001,117
CCGGTGTGGACGTCGCAGGG_002,21
CCGGTGTGGACGTCGCAGGG_003,176
CCGGTGTGGACGTCGCAGGG_004,134
CCGGTGTGGACGTCGCAGGG_005,198
CCGGTGTGGACGTCGCAGGG_006,148
CCGGTGTGGACGTCGCAGGG_007,120
CCGGTGTGGACGTCGCAGGG_008,99
CCGGTGTGGACGTCGCAGGG_009,187
CCGGTGTGGACGTCGCAGGG_010,76
CCGGTGTGGACGTCGCAGGG_011,98
AATAGTTTGATTGCATGCAG_001,181
AATAGTTTGATTGCATGCAG_002,121
AATAGTTTGATTGCATGCAG_003,146
AATAGTTTGATTGCATGCAG_004,118
AATAGTTTGATTGCATGCAG_005,58
AATAGTTTGATTGCATGCAG_006,58
AATAGTTTGATTGCATGCAG_007,8
AATAGTTTGATTGCATGCAG_008,186
AATAGTTTGATTGCATGCAG_009,64
GGTGCAGTACCGGACTGACT_001,50
GGTGCAGTACCGGACTGACT_002,2
GGTGCAGTACCGGACTGACT_003,2
GGTGCAGTACCGGACTGACT_004,96
GGTGCAGTACCGGACTGACT_005,153
GGTGCAGTACCGGACTGACT_006,172
GGTGCAGTACCGGACTGACT_007,19
GGTGCAGTACCGGACTGACT_008,66
GGTGCAGTACCGGACTGACT_009,62
GGTGCAGTACCGGACTGACT_010,160
GGTGCAGTACCGGACTGACT_011,42
GGTGCAGTACCGGACTGACT_012,75
GGTGCAGTACCGGACTGACT_013,142
GTCCTGTGCACAGATTCACA_001,101
GTCCTGTGCACAGATTCACA_002,97
GTCCTGTGCACAGATTCACA_003,37
GTCCTGTGCACAGATTCACA_004,144
GTCCTGTGCACAGATTCACA_005,49
GTCCTGTGCACAGATTCACA_006,63
GTCCTGTGCACAGATTCACA_007,126
TTTCTCATAACATTCCAATG_001,2
TTTCTCATAACATTCCAATG_002,132
CGGACACCTGGTTCCCGGAG_001,124
CGGACACCTGGTTCCCGGAG_002,148
CGGACACCTGGTTCCCGGAG_003,91
TCGGGCCCGAACACGTACTG_001,139
TCGGGCCCGAACACGTACTG_002,181
TCGGGCCCGAACACGTACTG_003,68
TCGGGCCCGAACACGTACTG_004,132
TCGGGCCCGAACACGTACTG_005,77
TCGGGCCCGAACACGTACTG_006,153
TCGGGCCCGAACACGTACTG_007,78
TCGGGCCCGAACACGTACTG_008,194
TCGGGCCCGAACACGTACTG_009,50
TCGGGCCCGAACACGTACTG_010,147
TCGGGCCCGAACACGTACTG_011,109
TCGGGCCCGAACACGTACTG_012,58
TCGGGCCCGAACACGTACTG_013,48
TCGGGCCCGAACACGTACTG_014,9
TCGGGCCCGAACACGTACTG_015,83
TCGGGCCCGAACACGTACTG_016,155
TCGGGCCCGAACACGTACTG_017,130
TCGGGCCCGAACACGTACTG_018,77
TCGGGCCCGAACACGTACTG_019,180
TCGGGCCCGAACACGTACTG_020,168
TCGGGCCCGAACACGTACTG_021,165
TCGGGCCCGAACACGTACTG_022,151
TCGGGCCCGAACACGTACTG_023,188
TCGGGCCCGAACACGTACTG_024,115
AAATTATCAGCCAAAAGCGA_001,142
AAATTATCAGCCAAAAGCGA_002,13
AAATTATCAGCCAAAAGCGA_003,197
AAATTATCAGCCAAAAGCGA_004,72
GGCACAGCTACAAAGGCACA_001,115
GGCACAGCTACAAAGGCACA_002,95
GGCACAGCTACAAAGGCACA_003,49
GGCACAGCTACAAAGGCACA_004,189
GGCACAGCTACAAAGGCACA_005,52
GGCACAGCTACAAAGGCACA_006,51
GGCACAGCTACAAAGGCACA_007,134
GGCACAGCTACAAAGGCACA_008,162
GGCACAGCTACAAAGGCACA_009,40
GGCACAGCTACAAAGGCACA_010,46
CCTGCAGGCCCTCGATATAG_001,154
CCTGCAGGCCCTCGATATAG_002,16
CCTGCAGGCCCTCGATATAG_003,50
CCTGCAGGCCCTCGATATAG_004,104
CCTGCAGGCCCTCGATATAG_005,64
CGAACCGAGATGAATAAGCG_001,168
CGAACCGAGATGAATAAGCG_002,77
CGAACCGAGATGAATAAGCG_003,183
CGAACCGAGATGAATAAGCG_004,68
CGAACCGAGATGAATAAGCG_005,82
ACTGAGCTACTACTCTGAGT_001,62
ACTGAGCTACTACTCTGAGT_002,26
ACTGAGCTACTACTCTGAGT_003,34
ACTGAGCTACTACTCTGAGT_004,154
GGGAGAAGCAGCCAAACTAT_001,171
GGGAGAAGCAGCCAAACTAT_002,184
GGGAGAAGCAGCCAAACTAT_003,3
GGGAGAAGCAGCCAAACTAT_004,199
GGGAGAAGCAGCCAAACTAT_005,12
GGGAGAAGCAGCCAAACTAT_006,5
GGGAGAAGCAGCCAAACTAT_007,6
GGGAGAAGCAGCCAAACTAT_008,125
GGGAGAAGCAGCCAAACTAT_009,156
GGGAGAAGCAGCCAAACTAT_010,133
GGGAGAAGCAGCCAAACTAT_011,14
GGGAGAAGCAGCCAAACTAT_012,48
GGGAGAAGCAGCCAAACTAT_013,121
GAGCAGCTACTGTATACTCC_001,178
GAAAACACCCACGTTCCTGG_001,159
GAAAACACCCACGTTCCTGG_002,22
GAAAACACCCACGTTCCTGG_003,127
GAAAACACCCACGTTCCTGG_004,175
GAAAACACCCACGTTCCTGG_005,147
TTTGTAGTAGGTTTCATGGG_001,28
TTTGTAGTAGGTTTCATGGG_002,63
CTCAGCTTTACCATCCCTGG_001,121
CTCAGCTTTACCATCCCTGG_002,191
CTCAGCTTTACCATCCCTGG_003,172
CTCAGCTTTACCATCCCTGG_004,61
CTCAGCTTTACCATCCCTGG_005,160
CTCAGCTTTACCATCCCTGG_006,119
CTCAGCTTTACCATCCCTGG_007,165
CTCAGCTTTACCATCCCTGG_008,83
CTCAGCTTTACCATCCCTGG_009,127
CTCAGCTTTACCATCCCTGG_010,130
GATGGAGACTTGTACCACAA_001,40
GATGGAGACTTGTACCACAA_002,69
GATGGAGACTTGTACCACAA_003,95
GATGGAGACTTGTACCACAA_004,57
GATGGAGACTTGTACCACAA_005,86
GATGGAGACTTGTACCACAA_006,33
GATGGAGACTTGTACCACAA_007,29
GATGGAGACTTGTACCACAA_008,64
GATGGAGACTTGTACCACAA_009,65
GATGGAGACTTGTACCACAA_010,192
GATGGAGACTTGTACCACAA_011,188
GATGGAGACTTGTACCACAA_012,21
GATGGAGACTTGTACCACAA_013,78
GATGGAGACTTGTACCACAA_014,150
GATGGAGACTTGTACCACAA_015,105
GATGGAGACTTGTACCACAA_016,127
GCGTCCCTTACCAGCGGCAC_001,1
GCGTCCCTTACCAGCGGCAC_002,150
GCGTCCCTTACCAGCGGCAC_003,56
GCGTCCCTTACCAGCGGCAC_004,175
GCGTCCCTTACCAGCGGCAC_005,84
GCGTCCCTTACCAGCGGCAC_006,25
GCGTCCCTTACCAGCGGCAC_007,113
GCGTCCCTTACCAGCGGCAC_008,121
GCGTCCCTTACCAGCGGCAC_009,134
GCGTCCCTTACCAGCGGCAC_010,5
GCGTCCCTTACCAGCGGCAC_011,98
GCGTCCCTTACCAGCGGCAC_012,191
CTTGATAGATGTTCTAACCA_001,74
CTTGATAGATGTTCTAACCA_002,1
CTTGATAGATGTTCTAACCA_003,40
GGTGGGAACCAAAGAAACAG_001,6
GGTGGGAACCAAAGAAACAG_002,176
GGTGGGAACCAAAGAAACAG_003,176
GGTGGGAACCAAAGAAACAG_004,77
GGTGGGAACCAAAGAAACAG_005,57
GGTGGGAACCAAAGAAACAG_006,144
GGTGGGAACCAAAGAAACAG_007,58
GGTGGGAACCAAAGAAACAG_008,33
GGTGGGAACCAAAGAAACAG_009,99
GGTGGGAACCAAAGAAACAG_010,140
GGTGGGAACCAAAGAAACAG_011,60
GGTGGGAACCAAAGAAACAG_012,77
GGTGGGAACCAAAGAAACAG_013,50
GGTGGGAACCAAAGAAACAG_014,166
GGTGGGAACCAAAGAAACAG_015,23
GGTGGGAACCAAAGAAACAG_016,161
GGTGGGAACCAAAGAAACAG_017,116
GGTGGGAACCAAAGAAACAG_018,172
GTTGGAACAGTCGGCTACAT_001,195
GTTGGAACAGTCGGCTACAT_002,19
GTTGGAACAGTCGGCTACAT_003,63
GTTGGAACAGTCGGCTACAT_004,41
GTTGGAACAGTCGGCTACAT_005,34
GTTGGAACAGTCGGCTACAT_006,158
GTTGGAACAGTCGGCTACAT_007,4
GTTGGAACAGTCGGCTACAT_008,14
GTTGGAACAGTCGGCTACAT_009,108
GTTGGAACAGTCGGCTACAT_010,45
GTTGGAACAGTCGGCTACAT_011,83
GTTGGAACAGTCGGCTACAT_012,57
GTTGGAACAGTCGGCTACAT_013,34
GTTGGAACAGTCGGCTACAT_014,102
TGGTCACGTCAGCAAGCAGG_001,27
TGGTCACGTCAGCAAGCAGG_002,28
TGGTCACGTCAGCAAGCAGG_003,36
TGGTCACGTCAGCAAGCAGG_004,174
TGGTCACGTCAGCAAGCAGG_005,73
TGGTCACGTCAGCAAGCAGG_006,81
TGGTCACGTCAGCAAGCAGG_007,146
TGGTCACGTCAGCAAGCAGG_008,103
TGGTCACGTCAGCAAGCAGG_009,91
TGGTCACGTCAGCAAGCAGG_010,141
GAATCGGAGCCATAGTCCAA_001,199
GAATCGGAGCCATAGTCCAA_002,69
GAATCGGAGCCATAGTCCAA_003,143
GAATCGGAGCCATAGTCCAA_004,148
GAATCGGAGCCATAGTCCAA_005,122
CTGGGACCAGAACTAGCTCT_001,149
CTGGGACCAGAACTAGCTCT_002,62
CTGGGACCAGAACTAGCTCT_003,50
CTGGGACCAGAACTAGCTCT_004,195
CTGGGACCAGAACTAGCTCT_005,0
CTGGGACCAGAACTAGCTCT_006,189
CCCATAGAAAATTGACCCTG_001,62
CCCATAGAAAATTGACCCTG_002,39
CCCATAGAAAATTGACCCTG_003,162
CCCATAGAAAATTGACCCTG_004,145
CCCATAGAAAATTGACCCTG_005,9
CCCATAGAAAATTGACCCTG_006,50
CCCATAGAAAATTGACCCTG_007,150
CCCATAGAAAATTGACCCTG_008,52
CCCATAGAAAATTGACCCTG_009,72
CGAGGCCGGGTCCACTACCA_001,119
CGAGGCCGGGTCCACTACCA_002,132
CGAGGCCGGGTCCACTACCA_003,41
CGAGGCCGGGTCCACTACCA_004,127
CGAGGCCGGGTCCACTACCA_005,192
CGAGGCCGGGTCCACTACCA_006,144
CGAGGCCGGGTCCACTACCA_007,187
CGAGGCCGGGTCCACTACCA_008,166
CGAGGCCGGGTCCACTACCA_009,80
CGAGGCCGGGTCCACTACCA_010,80
CGAGGCCGGGTCCACTACCA_011,58
CGAGGCCGGGTCCACTACCA_012,98
CGAGGCCGGGTCCACTACCA_013,141
CGAGGCCGGGTCCACTACCA_014,156
CGAGGCCGGGTCCACTACCA_015,190
CGAGGCCGGGTCCACTACCA_016,192
CGAGGCCGGGTCCACTACCA_017,15
CGAGGCCGGGTCCACTACCA_018,120
CGAGGCCGGGTCCACTACCA_019,17
CGAGGCCGGGTCCACTACCA_020,69
CGAGGCCGGGTCCACTACCA_021,47
CGAGGCCGGGTCCACTACCA_022,133
CGAGGCCGGGTCCACTACCA_023,118
CGAGGCCGGGTCCACTACCA_024,74
CGAGGCCGGGTCCACTACCA_025,174
GGCCCAAGGACAAAAGAAAG_001,22
GGCCCAAGGACAAAAGAAAG_002,134
GGCCCAAGGACAAAAGAAAG_003,52
GGCCCAAGGACAAAAGAAAG_004,42
GGCCCAAGGACAAAAGAAAG_005,124
GGCCCAAGGACAAAAGAAAG_006,83
GGCCCAAGGACAAAAGAAAG_007,153
ACAGAGTCACTTCATCAACT_001,160
ACAGAGTCACTTCATCAACT_002,150
ACAGAGTCACTTCATCAACT_003,46
ACAGAGTCACTTCATCAACT_004,169
ACAGAGTCACTTCATCAACT_005,93
ACAGAGTCACTTCATCAACT_006,60
ACAGAGTCACTTCATCAACT_007,157
ACAGAGTCACTTCATCAACT_008,105
ACAGAGTCACTTCATCAACT_009,62
ACAGAGTCACTTCATCAACT_010,88
ACAGAGTCACTTCATCAACT_011,116
ACAGAGTCACTTCATCAACT_012,140
TATAATGCACTGATTACTGT_001,179
TATAATGCACTGATTACTGT_002,10
GGGCTCCGGTGACGTGTGTG_001,177
GGGCTCCGGTGACGTGTGTG_002,17
GGGCTCCGGTGACGTGTGTG_003,169
GGGCTCCGGTGACGTGTGTG_004,169
GGGCTCCGGTGACGTGTGTG_005,12
GGGCTCCGGTGACGTGTGTG_006,5
GGGCTCCGGTGACGTGTGTG_007,182
GGGCTCCGGTGACGTGTGTG_008,40
GGGCTCCGGTGACGTGTGTG_009,77
GGGCTCCGGTGACGTGTGTG_010,98
GGGCTCCGGTGACGTGTGTG_011,190
GGGCTCCGGTGACGTGTGTG_012,61
GGGCTCCGGTGACGTGTGTG_013,13
GGGCTCCGGTGACGTGTGTG_014,149
GGGCTCCGGTGACGTGTGTG_015,54
GGGCTCCGGTGACGTGTGTG_016,165
GGGCTCCGGTGACGTGTGTG_017,95
GGGCTCCGGTGACGTGTGTG_018,177
GGGCTCCGGTGACGTGTGTG_019,66
GGGCTCCGGTGACGTGTGTG_020,34
GGGCTCCGGTGACGTGTGTG_021,147
GGGCTCCGGTGACGTGTGTG_022,168
GGGCTCCGGTGACGTGTGTG_023,174
GGGCTCCGGTGACGTGTGTG_024,89
TATCTGAGCTGTGTCACCAT_001,188
TATCTGAGCTGTGTCACCAT_002,37
TATCTGAGCTGTGTCACCAT_003,15
TATCTGAGCTGTGTCACCAT_004,135
CAGCACGAGCTCAAATTCCG_001,197
CAGCACGAGCTCAAATTCCG_002,127
CAGCACGAGCTCAAATTCCG_003,188
CAGCACGAGCTCAAATTCCG_004,188
CAGCACGAGCTCAAATTCCG_005,87
CAGCACGAGCTCAAATTCCG_006,182
CAGCACGAGCTCAAATTCCG_007,160
CAGCACGAGCTCAAATTCCG_008,11
ACATGTTCCACAATTACGGC_001,76
ACATGTTCCACAATTACGGC_002,11
ACATGTTCCACAATTACGGC_003,97
ACATGTTCCACAATTACGGC_004,58
ACATGTTCCACAATTACGGC_005,11
ACATGTTCCACAATTACGGC_006,198
ACATGTTCCACAATTACGGC_007,104
ACATGTTCCACAATTACGGC_008,45
ACATGTTCCACAATTACGGC_009,177
ACATGTTCCACAATTACGGC_010,50
ACATGTTCCACAATTACGGC_011,169
ACATGTTCCACAATTACGGC_012,170
ACATGTTCCACAATTACGGC_013,166
ACATGTTCCACAATTACGGC_014,19
ACATGTTCCACAATTACGGC_015,63
ACATGTTCCACAATTACGGC_016,126
GCAGAACCTACCTGCTACCG_001,130
GCAGAACCTACCTGCTACCG_002,149
GCAGAACCTACCTGCTACCG_003,89
GCAGAACCTACCTGCTACCG_004,44
GCAGAACCTACCTGCTACCG_005,150
GCAGAACCTACCTGCTACCG_006,16
GCAGAACCTACCTGCTACCG_007,92
GCAGAACCTACCTGCTACCG_008,5
GCAGAACCTACCTGCTACCG_009,180
GCTGCAGGATTCAATAAACT_001,175
GCTGCAGGATTCAATAAACT_002,89
GACCCCAGTTTACCCCATCC_001,33
GACCCCAGTTTACCCCATCC_002,117
GTCCACCCTAGTGAGACATG_001,94
GTCCACCCTAGTGAGACATG_002,12
GTCCACCCTAGTGAGACATG_003,19
GTCCACCCTAGTGAGACATG_004,160
GTCCACCCTAGTGAGACATG_005,81
GTCCACCCTAGTGAGACATG_006,12
GTCCACCCTAGTGAGACATG_007,45
GTCCACCCTAGTGAGACATG_008,115
GTCCACCCTAGTGAGACATG_009,193
GTCCACCCTAGTGAGACATG_010,45
GTCCACCCTAGTGAGACATG_011,134
GTCCACCCTAGTGAGACATG_012,174
GTCCACCCTAGTGAGACATG_013,96
GTCCACCCTAGTGAGACATG_014,15
GTCCACCCTAGTGAGACATG_015,20
GTCCACCCTAGTGAGACATG_016,60
GTCCACCCTAGTGAGACATG_017,127
GTCCACCCTAGTGAGACATG_018,134
GTCCACCCTAGTGAGACATG_019,8
GTCCACCCTAGTGAGACATG_020,145
GTCCACCCTAGTGAGACATG_021,1
GTCCACCCTAGTGAGACATG_022,45
GTCCACCCTAGTGAGACATG_023,45
GTCCACCCTAGTGAGACATG_024,9
GTCCACCCTAGTGAGACATG_025,120
GTCCACCCTAGTGAGACATG_026,2
GTCCACCCTAGTGAGACATG_027,1
GTCCACCCTAGTGAGACATG_028,121
GTCCACCCTAGTGAGACATG_029,3
GTCCACCCTAGTGAGACATG_030,140
GTCCACCCTAGTGAGACATG_031,60
GTCCACCCTAGTGAGACATG_032,84
GTCCACCCTAGTGAGACATG_033,162
GTCCACCCTAGTGAGACATG_034,29
GTCCACCCTAGTGAGACATG_035,188
GTCCACCCTAGTGAGACATG_036,115
GTCCACCCTAGTGAGACATG_037,70
GTCCACCCTAGTGAGACATG_038,97
GTCCACCCTAGTGAGACATG_039,148
GTCCACCCTAGTGAGACATG_040,33
CCGTGGCCGAAGCGGCTCCT_001,78
CCGTGGCCGAAGCGGCTCCT_002,34
CCGTGGCCGAAGCGGCTCCT_003,60
CCGTGGCCGAAGCGGCTCCT_004,94
CCGTGGCCGAAGCGGCTCCT_005,183
CCGTGGCCGAAGCGGCTCCT_006,62
CCGTGGCCGAAGCGGCTCCT_007,94
CCGTGGCCGAAGCGGCTCCT_008,75
CCGTGGCCGAAGCGGCTCCT_009,157
CCGTGGCCGAAGCGGCTCCT_010,113
CCGTGGCCGAAGCGGCTCCT_011,8
CCGTGGCCGAAGCGGCTCCT_012,8
CCGTGGCCGAAGCGGCTCCT_013,132
CCGTGGCCGAAGCGGCTCCT_014,105
CCGTGGCCGAAGCGGCTCCT_015,98
CCGTGGCCGAAGCGGCTCCT_016,58
CCGTGGCCGAAGCGGCTCCT_017,144
CCGTGGCCGAAGCGGCTCCT_018,129
CCGTGGCCGAAGCGGCTCCT_019,108
CCGTGGCCGAAGCGGCTCCT_020,167
CCGTGGCCGAAGCGGCTCCT_021,30
CCGTGGCCGAAGCGGCTCCT_022,40
CCGTGGCCGAAGCGGCTCCT_023,56
CCGTGGCCGAAGCGGCTCCT_024,58
CCGTGGCCGAAGCGGCTCCT_025,63
CCGTGGCCGAAGCGGCTCCT_026,6
CCGTGGCCGAAGCGGCTCCT_027,81
CCGTGGCCGAAGCGGCTCCT_028,80
CCGTGGCCGAAGCGGCTCCT_029,111
CCGTGGCCGAAGCGGCTCCT_030,197
AAGGCTGTGAGCATGGATGG_001,12
AAGGCTGTGAGCATGGATGG_002,108
AAGGCTGTGAGCATGGATGG_003,47
AAGGCTGTGAGCATGGATGG_004,15
AAGGCTGTGAGCATGGATGG_005,42
AAGGCTGTGAGCATGGATGG_006,42
AAGGCTGTGAGCATGGATGG_007,81
AAGGCTGTGAGCATGGATGG_008,133
AAGGCTGTGAGCATGGATGG_009,89
AAGGCTGTGAGCATGGATGG_010,145
AAGGCTGTGAGCATGGATGG_011,116
AAGGCTGTGAGCATGGATGG_012,160
AAGGCTGTGAGCATGGATGG_013,144
AAGGCTGTGAGCATGGATGG_014,134
AAGGCTGTGAGCATGGATGG_015,158
AAGGCTGTGAGCATGGATGG_016,144
AAGGCTGTGAGCATGGATGG_017,42
AAGGCTGTGAGCATGGATGG_018,25
AAGGCTGTGAGCATGGATGG_019,105
AAGGCTGTGAGCATGGATGG_020,19
AAGGCTGTGAGCATGGATGG_021,127
AAGGCTGTGAGCATGGATGG_022,191
AAGGCTGTGAGCATGGATGG_023,62
AAGGCTGTGAGCATGGATGG_024,163
AAGGCTGTGAGCATGGATGG_025,68
AAGGCTGTGAGCATGGATGG_026,50
AAGGCTGTGAGCATGGATGG_027,147
AAGGCTGTGAGCATGGATGG_028,12
AAGGCTGTGAGCATGGATGG_029,78
AAGGCTGTGAGCATGGATGG_030,53
AAGGCTGTGAGCATGGATGG_031,88
AAGGCTGTGAGCATGGATGG_032,199
AAGGCTGTGAGCATGGATGG_033,34
AAGGCTGTGAGCATGGATGG_034,10
AAGGCTGTGAGCATGGATGG_035,106
AAGGCTGTGAGCATGGATGG_036,49
AAGGCTGTGAGCATGGATGG_037,157
AAGGCTGTGAGCATGGATGG_038,54
CAAAGCCTGGTCAATGAAGT_001,132
CAAAGCCTGGTCAATGAAGT_002,58
CAAAGCCTGGTCAATGAAGT_003,76
CAAAGCCTGGTCAATGAAGT_004,144
CAAAGCCTGGTCAATGAAGT_005,177
CAAAGCCTGGTCAATGAAGT_006,162
CAAAGCCTGGTCAATGAAGT_007,22
CAAAGCCTGGTCAATGAAGT_008,50
CAAAGCCTGGTCAATGAAGT_009,118
CAAAGCCTGGTCAATGAAGT_010,88
CAAAGCCTGGTCAATGAAGT_011,191
CAAAGCCTGGTCAATGAAGT_012,49
TGGTGGTGAGCAGACGACAA_001,143
TGGTGGTGAGCAGACGACAA_002,92
TGGTGGTGAGCAGACGACAA_003,146
TGGTGGTGAGCAGACGACAA_004,108
TGGTGGTGAGCAGACGACAA_005,15
TGGTGGTGAGCAGACGACAA_006,118
TGGTGGTGAGCAGACGACAA_007,165
TGGTGGTGAGCAGACGACAA_008,84
TGGTGGTGAGCAGACGACAA_009,78
ATTTCTGTTGATCCACCAGA_001,15
ATTTCTGTTGATCCACCAGA_002,191
ATTTCTGTTGATCCACCAGA_003,141
ATTTCTGTTGATCCACCAGA_004,69
ATTTCTGTTGATCCACCAGA_005,185
CCACATTGGAATCCCCAATG_001,199
CCAGCCATTCCCGGGATCCG_001,24
CCAGCCATTCCCGGGATCCG_002,85
CCAGCCATTCCCGGGATCCG_003,105
CCAGCCATTCCCGGGATCCG_004,77
CCAGCCATTCCCGGGATCCG_005,182
CCAGCCATTCCCGGGATCCG_006,175
CCAGCCATTCCCGGGATCCG_007,186
CCAGCCATTCCCGGGATCCG_008,54
CCAGCCATTCCCGGGATCCG_009,12
CCAGCCATTCCCGGGATCCG_010,173
CCAGCCATTCCCGGGATCCG_011,194
CCAGCCATTCCCGGGATCCG_012,117
CCAGCCATTCCCGGGATCCG_013,11
CCAGCCATTCCCGGGATCCG_014,174
CCAGCCATTCCCGGGATCCG_015,178
CCAGCCATTCCCGGGATCCG_016,23
CCAGCCATTCCCGGGATCCG_017,138
CCAGCCATTCCCGGGATCCG_018,81
CCAGCCATTCCCGGGATCCG_019,70
CCAGCCATTCCCGGGATCCG_020,81
CCAGCCATTCCCGGGATCCG_021,104
CCAGCCATTCCCGGGATCCG_022,183
CCAGCCATTCCCGGGATCCG_023,181
CCAGCCATTCCCGGGATCCG_024,154
CCAGCCATTCCCGGGATCCG_025,65
CCAGCCATTCCCGGGATCCG_026,188
CCAGCCATTCCCGGGATCCG_027,9
CCAGCCATTCCCGGGATCCG_028,68
CCAGCCATTCCCGGGATCCG_029,23
CCAGCCATTCCCGGGATCCG_030,6
CCAGCCATTCCCGGGATCCG_031,10
CCAGCCATTCCCGGGATCCG_032,39
CCAGCCATTCCCGGGATCCG_033,3
CCAGCCATTCCCGGGATCCG_034,33
CTGGTCGAAAGTATAAAACC_001,68
CTGGTCGAAAGTATAAAACC_002,130
CTGGTCGAAAGTATAAAACC_003,0
CTGGTCGAAAGTATAAAACC_004,40
CTGGTCGAAAGTATAAAACC_005,28
CTGGTCGAAAGTATAAAACC_006,39
CTGGTCGAAAGTATAAAACC_007,174
CTGGTCGAAAGTATAAAACC_008,54
CTGTGTGTTATGCTCGAGGG_001,5
CTGTGTGTTATGCTCGAGGG_002,56
TACCCCAACACTTCTATCTG_001,168
TACCCCAACACTTCTATCTG_002,94
TACCCCAACACTTCTATCTG_003,34
TACCCCAACACTTCTATCTG_004,172
TACCCCAACACTTCTATCTG_005,145
TACCCCAACACTTCTATCTG_006,78
TACCCCAACACTTCTATCTG_007,73
TACCCCAACACTTCTATCTG_008,17
TACCCCAACACTTCTATCTG_009,167
TACCCCAACACTTCTATCTG_010,167
TACCCCAACACTTCTATCTG_011,150
ACATCCACGTCATTAATCCA_001,48
ACATCCACGTCATTAATCCA_002,103
ACATCCACGTCATTAATCCA_003,115
ACATCCACGTCATTAATCCA_004,96
ACATCCACGTCATTAATCCA_005,62
ACATCCACGTCATTAATCCA_006,19
ACATCCACGTCATTAATCCA_007,33
ACATCCACGTCATTAATCCA_008,67
ACATCCACGTCATTAATCCA_009,193
ACATCCACGTCATTAATCCA_010,3
ACATCCACGTCATTAATCCA_011,121
ACATCCACGTCATTAATCCA_012,78
ACATCCACGTCATTAATCCA_013,191
ACATCCACGTCATTAATCCA_014,131
ACATCCACGTCATTAATCCA_015,180
CCTTTCCTCGCAGTACATCG_001,198
CCTTTCCTCGCAGTACATCG_002,181
CCTTTCCTCGCAGTACATCG_003,12
CCTTTCCTCGCAGTACATCG_004,4
CCTTTCCTCGCAGTACATCG_005,20
CCTTTCCTCGCAGTACATCG_006,12
CCTTTCCTCGCAGTACATCG_007,2
CCTTTCCTCGCAGTACATCG_008,19
CCTTTCCTCGCAGTACATCG_009,176
CCTTTCCTCGCAGTACATCG_010,176
CCTTTCCTCGCAGTACATCG_011,180
CCTTTCCTCGCAGTACATCG_012,168
GATCCTGATCGCAACAGACG_001,168
GATCCTGATCGCAACAGACG_002,34
GATCCTGATCGCAACAGACG_003,34
GATCCTGATCGCAACAGACG_004,88
GATCCTGATCGCAACAGACG_005,183
TGGCTGATATCTCAGGTTAG_001,50
ATAGAGCAAATTATTACCGG_001,118
ATAGAGCAAATTATTACCGG_002,45
CCAAGGAGCACGGTGACCCG_001,156
CCAAGGAGCACGGTGACCCG_002,47
CCAAGGAGCACGGTGACCCG_003,64
CCAAGGAGCACGGTGACCCG_004,49
CCAAGGAGCACGGTGACCCG_005,161
CCAAGGAGCACGGTGACCCG_006,37
CCAAGGAGCACGGTGACCCG_007,134
CCAAGGAGCACGGTGACCCG_008,40
AATGATCCGTAAAAGACAAG_001,70
AATGATCCGTAAAAGACAAG_002,41
AATGATCCGTAAAAGACAAG_003,170
AATGATCCGTAAAAGACAAG_004,73
AATGATCCGTAAAAGACAAG_005,191
AATGATCCGTAAAAGACAAG_006,148
AATGATCCGTAAAAGACAAG_007,141
AATGATCCGTAAAAGACAAG_008,1
AATGATCCGTAAAAGACAAG_009,129
AATGATCCGTAAAAGACAAG_010,154
AATGATCCGTAAAAGACAAG_011,116
AATGATCCGTAAAAGACAAG_012,102
AATGATCCGTAAAAGACAAG_013,94
AATGATCCGTAAAAGACAAG_014,65
AATGATCCGTAAAAGACAAG_015,6
AATGATCCGTAAAAGACAAG_016,125
AATGATCCGTAAAAGACAAG_017,94
TCGATCATGGCATATATCTG_001,47
TAGAGCGGGTCATGAATCAC_001,172
TAGAGCGGGTCATGAATCAC_002,50
TAGAGCGGGTCATGAATCAC_003,48
TAGAGCGGGTCATGAATCAC_004,64
TAGAGCGGGTCATGAATCAC_005,121
TAGAGCGGGTCATGAATCAC_006,153
TAGAGCGGGTCATGAATCAC_007,66
TAGAGCGGGTCATGAATCAC_008,59
TAGAGCGGGTCATGAATCAC_009,98
TAGAGCGGGTCATGAATCAC_010,47
GGCCACAAAGAGTAGAGTAT_001,0
GGCCACAAAGAGTAGAGTAT_002,76
GGCCACAAAGAGTAGAGTAT_003,127
GGCCACAAAGAGTAGAGTAT_004,65
GGCCACAAAGAGTAGAGTAT_005,92
GGCCACAAAGAGTAGAGTAT_006,184
GGCCACAAAGAGTAGAGTAT_007,98
AGGGTGAGTGAACGTGTCCA_001,162
AGGGTGAGTGAACGTGTCCA_002,115
AGGGTGAGTGAACGTGTCCA_003,81
AGGGTGAGTGAACGTGTCCA_004,8
AGGGTGAGTGAACGTGTCCA_005,39
AGGGTGAGTGAACGTGTCCA_006,52
TCAATGGAGGACTCTCGTTG_001,138
TTGAAGTGCGAGATCCACAC_001,62
TTGAAGTGCGAGATCCACAC_002,49
TTGAAGTGCGAGATCCACAC_003,177
TTGAAGTGCGAGATCCACAC_004,161
TTGAAGTGCGAGATCCACAC_005,97
TTGAAGTGCGAGATCCACAC_006,137
TTGAAGTGCGAGATCCACAC_007,67
TTGAAGTGCGAGATCCACAC_008,158
TTGAAGTGCGAGATCCACAC_009,41
TTGAAGTGCGAGATCCACAC_010,197
TTGAAGTGCGAGATCCACAC_011,9
TTGAAGTGCGAGATCCACAC_012,112
TTGAAGTGCGAGATCCACAC_013,23
AAAATCTCGTTTCTGCCGAG_001,172
AAAATCTCGTTTCTGCCGAG_002,22
AAAATCTCGTTTCTGCCGAG_003,27
GGGCAAACACAGTTTACCAC_001,32
GGGCAAACACAGTTTACCAC_002,15
GGGCAAACACAGTTTACCAC_003,184
GGGCAAACACAGTTTACCAC_004,78
GGGCAAACACAGTTTACCAC_005,37
GGGCAAACACAGTTTACCAC_006,46
GGGCAAACACAGTTTACCAC_007,91
GGGCAAACACAGTTTACCAC_008,178
GGGCAAACACAGTTTACCAC_009,124
GGGCAAACACAGTTTACCAC_010,189
GGGCAAACACAGTTTACCAC_011,144
GGGCAAACACAGTTTACCAC_012,28
GGGCAAACACAGTTTACCAC_013,166
GGGCAAACACAGTTTACCAC_014,18
GGGCAAACACAGTTTACCAC_015,22
GGGAAATACTGAACGCAAAG_001,28
GGGAAATACTGAACGCAAAG_002,65
GGGAAATACTGAACGCAAAG_003,19
GGGAAATACTGAACGCAAAG_004,28
GGGAAATACTGAACGCAAAG_005,188
GGGAAATACTGAACGCAAAG_006,16
GGGAAATACTGAACGCAAAG_007,78
GGGAAATACTGAACGCAAAG_008,2
TAGTCGCGATAGGCCTTCCA_001,69
TAGTCGCGATAGGCCTTCCA_002,42
TAGTCGCGATAGGCCTTCCA_003,51
TAGTCGCGATAGGCCTTCCA_004,176
TAGTCGCGATAGGCCTTCCA_005,142
TAGTCGCGATAGGCCTTCCA_006,197
TAGTCGCGATAGGCCTTCCA_007,23
TAGTCGCGATAGGCCTTCCA_008,5
TAGTCGCGATAGGCCTTCCA_009,96
TAGTCGCGATAGGCCTTCCA_010,130
TAGTCGCGATAGGCCTTCCA_011,69
TAGTCGCGATAGGCCTTCCA_012,83
TAGTCGCGATAGGCCTTCCA_013,178
TAGTCGCGATAGGCCTTCCA_014,16
TAGTCGCGATAGGCCTTCCA_015,88
TAGTCGCGATAGGCCTTCCA_016,63
TAGTCGCGATAGGCCTTCCA_017,8
TAGTCGCGATAGGCCTTCCA_018,187
TAGTCGCGATAGGCCTTCCA_019,190
TAGTCGCGATAGGCCTTCCA_020,78
TAGTCGCGATAGGCCTTCCA_021,28
TAGTCGCGATAGGCCTTCCA_022,181
TAGTCGCGATAGGCCTTCCA_023,168
TAGTCGCGATAGGCCTTCCA_024,106
TAGTCGCGATAGGCCTTCCA_025,49
AGAGACAACCACAACAGCCC_001,74
AGAGACAACCACAACAGCCC_002,185
AGAGACAACCACAACAGCCC_003,63
TGTGTTGCAGCACTTGAACG_001,177
TGTGTTGCAGCACTTGAACG_002,28
TGTGTTGCAGCACTTGAACG_003,1
TGTGTTGCAGCACTTGAACG_004,17
TGTGTTGCAGCACTTGAACG_005,38
TGTGTTGCAGCACTTGAACG_006,119
TGTGTTGCAGCACTTGAACG_007,102
TGTGTTGCAGCACTTGAACG_008,160
TGTGTTGCAGCACTTGAACG_009,6
TGTGTTGCAGCACTTGAACG_010,77
TGTGTTGCAGCACTTGAACG_011,77
AAACAAAGGACTGTATTGGG_001,94
AAACAAAGGACTGTATTGGG_002,150
AAACAAAGGACTGTATTGGG_003,11
AAACAAAGGACTGTATTGGG_004,17
AAACAAAGGACTGTATTGGG_005,12
AAACAAAGGACTGTATTGGG_006,103
AAACAAAGGACTGTATTGGG_007,140
AAACAAAGGACTGTATTGGG_008,73
AAACAAAGGACTGTATTGGG_009,185
AAACAAAGGACTGTATTGGG_010,73
AAACAAAGGACTGTATTGGG_011,135
AAACAAAGGACTGTATTGGG_012,29
AGAATCCACGCGTGCTCCCG_001,157
AGAATCCACGCGTGCTCCCG_002,56
AGAATCCACGCGTGCTCCCG_003,46
AGAATCCACGCGTGCTCCCG_004,40
AGAATCCACGCGTGCTCCCG_005,37
AGAATCCACGCGTGCTCCCG_006,198
AGAATCCACGCGTGCTCCCG_007,62
AGAATCCACGCGTGCTCCCG_008,168
AGAATCCACGCGTGCTCCCG_009,81
AGAATCCACGCGTGCTCCCG_010,7
AGAATCCACGCGTGCTCCCG_011,52
AGGAGGAACATAAAGACGTG_001,89
AGGAGGAACATAAAGACGTG_002,198
AGGAGGAACATAAAGACGTG_003,1
AGGAGGAACATAAAGACGTG_004,17
AGGAGGAACATAAAGACGTG_005,139
AGGAGGAACATAAAGACGTG_006,54
TGAACCACAGGCAGGTTGTG_001,146
TGAACCACAGGCAGGTTGTG_002,169
TGAACCACAGGCAGGTTGTG_003,198
TGAACCACAGGCAGGTTGTG_004,84
TGAACCACAGGCAGGTTGTG_005,46
TGAACCACAGGCAGGTTGTG_006,152
TGAACCACAGGCAGGTTGTG_007,147
TGAACCACAGGCAGGTTGTG_008,141
TGAACCACAGGCAGGTTGTG_009,110
TGAACCACAGGCAGGTTGTG_010,58
TGAACCACAGGCAGGTTGTG_011,145
TGAACCACAGGCAGGTTGTG_012,60
TGAACCACAGGCAGGTTGTG_013,160
TGAACCACAGGCAGGTTGTG_014,106
TGAACCACAGGCAGGTTGTG_015,86
TGAACCACAGGCAGGTTGTG_016,87
TGAACCACAGGCAGGTTGTG_017,52
TGAACCACAGGCAGGTTGTG_018,50
GCAGCTGTCAGACGCCGCCA_001,25
GCAGCTGTCAGACGCCGCCA_002,142
GCAGCTGTCAGACGCCGCCA_003,88
GCAGCTGTCAGACGCCGCCA_004,42
GCAGCTGTCAGACGCCGCCA_005,105
GCAGCTGTCAGACGCCGCCA_006,119
GTCATAGTAGGTGTCTCGGA_001,15
GTCATAGTAGGTGTCTCGGA_002,28
GAGTGTCGACCGAGCCCATG_001,72
GAGTGTCGACCGAGCCCATG_002,77
GAGTGTCGACCGAGCCCATG_003,169
GAGTGTCGACCGAGCCCATG_004,102
GAGTGTCGACCGAGCCCATG_005,34
GAGTGTCGACCGAGCCCATG_006,91
GAGTGTCGACCGAGCCCATG_007,65
GAGTGTCGACCGAGCCCATG_008,70
GAGTGTCGACCGAGCCCATG_009,172
GAGTGTCGACCGAGCCCATG_010,28
GAGTGTCGACCGAGCCCATG_011,90
GAGTGTCGACCGAGCCCATG_012,168
GAGTGTCGACCGAGCCCATG_013,147
GAGTGTCGACCGAGCCCATG_014,172
GAGTGTCGACCGAGCCCATG_015,146
GAGTGTCGACCGAGCCCATG_016,85
GAGTGTCGACCGAGCCCATG_017,26
GAGTGTCGACCGAGCCCATG_018,147
GAGTGTCGACCGAGCCCATG_019,116
GAGTGTCGACCGAGCCCATG_020,150
GAGTGTCGACCGAGCCCATG_021,175
GAGTGTCGACCGAGCCCATG_022,15
GAGTGTCGACCGAGCCCATG_023,1
GAGTGTCGACCGAGCCCATG_024,6
GAGTGTCGACCGAGCCCATG_025,105
GAGTGTCGACCGAGCCCATG_026,195
GAGTGTCGACCGAGCCCATG_027,144
GAGTGTCGACCGAGCCCATG_028,107
GAGTGTCGACCGAGCCCATG_029,138
GAGTGTCGACCGAGCCCATG_030,8
GAGTGTCGACCGAGCCCATG_031,35
GAGTGTCGACCGAGCCCATG_032,66
GAGTGTCGACCGAGCCCATG_033,10
GAGTGTCGACCGAGCCCATG_034,87
GAGTGTCGACCGAGCCCATG_035,179
GAGTGTCGACCGAGCCCATG_036,166
GAGTGTCGACCGAGCCCATG_037,119
GAGTGTCGACCGAGCCCATG_038,156
GAGTGTCGACCGAGCCCATG_039,177
GAGTGTCGACCGAGCCCATG_040,58
CCCTTTCCTGCGTGACGTCG_001,19
CCCTTTCCTGCGTGACGTCG_002,61
CCCTTTCCTGCGTGACGTCG_003,133
CCCTTTCCTGCGTGACGTCG_004,144
CCCAGCACGGATGATACCAT_001,73
CCCAGCACGGATGATACCAT_002,181
CCCAGCACGGATGATACCAT_003,0
CCCAGCACGGATGATACCAT_004,52
AAGTTACCTCACCAGCCGCA_001,47
AAGTTACCTCACCAGCCGCA_002,29
AAGTTACCTCACCAGCCGCA_003,58
ACAAACTAGTAAGTTGCTCT_001,60
ACAAACTAGTAAGTTGCTCT_002,135
ACAAACTAGTAAGTTGCTCT_003,106
CGAGTGTCTCATCCGCTTGG_001,157
CGAGTGTCTCATCCGCTTGG_002,138
CGAGTGTCTCATCCGCTTGG_003,125
CGAGTGTCTCATCCGCTTGG_004,153
CGAGTGTCTCATCCGCTTGG_005,169
GCACGAGTTCAAAAGCCAAG_001,138
GCACGAGTTCAAAAGCCAAG_002,49
GCACGAGTTCAAAAGCCAAG_003,78
GCACGAGTTCAAAAGCCAAG_004,2
GTGGCTAAGAAACTCCACGA_001,76
GTGGCTAAGAAACTCCACGA_002,177
GTGGCTAAGAAACTCCACGA_003,2
GTGGCTAAGAAACTCCACGA_004,58
GTGGCTAAGAAACTCCACGA_005,30
GTGGCTAAGAAACTCCACGA_006,185
GTGGCTAAGAAACTCCACGA_007,198
GTGGCTAAGAAACTCCACGA_008,97
GTGGCTAAGAAACTCCACGA_009,34
GTGGCTAAGAAACTCCACGA_010,49
GTGGCTAAGAAACTCCACGA_011,170
GTGGCTAAGAAACTCCACGA_012,61
GTGGCTAAGAAACTCCACGA_013,103
GTGGCTAAGAAACTCCACGA_014,105
GTGGCTAAGAAACTCCACGA_015,70
GTGGCTAAGAAACTCCACGA_016,187
GTGGCTAAGAAACTCCACGA_017,57
GTGGCTAAGAAACTCCACGA_018,162
GTGGCTAAGAAACTCCACGA_019,198
GTGGCTAAGAAACTCCACGA_020,124
GTGGCTAAGAAACTCCACGA_021,123
GTGGCTAAGAAACTCCACGA_022,3
GTGGCTAAGAAACTCCACGA_023,160
GTGGCTAAGAAACTCCACGA_024,67
TACATGTCTCAGCAGAACAC_001,196
TACATGTCTCAGCAGAACAC_002,147
TACATGTCTCAGCAGAACAC_003,68
TACATGTCTCAGCAGAACAC_004,118
TACATGTCTCAGCAGAACAC_005,123
TACATGTCTCAGCAGAACAC_006,154
TACATGTCTCAGCAGAACAC_007,57
TACATGTCTCAGCAGAACAC_008,199
TACATGTCTCAGCAGAACAC_009,128
GACAGTCCAAGCACTAGTGG_001,13
GACAGTCCAAGCACTAGTGG_002,181
GACAGTCCAAGCACTAGTGG_003,94
GACAGTCCAAGCACTAGTGG_004,43
GACAGTCCAAGCACTAGTGG_005,145
GACAGTCCAAGCACTAGTGG_006,43
GACAGTCCAAGCACTAGTGG_007,126
GACAGTCCAAGCACTAGTGG_008,138
GACAGTCCAAGCACTAGTGG_009,152
GACAGTCCAAGCACTAGTGG_010,133
TAGGTTGACTGATTTGACCC_001,116
TAGGTTGACTGATTTGACCC_002,79
GGGAGCTGTTCCATAAGGAA_001,84
GGGAGCTGTTCCATAAGGAA_002,52
GGGAGCTGTTCCATAAGGAA_003,168
GGGAGCTGTTCCATAAGGAA_004,38
GGGAGCTGTTCCATAAGGAA_005,137
GGGAGCTGTTCCATAAGGAA_006,157
GGGAGCTGTTCCATAAGGAA_007,22
GGGAGCTGTTCCATAAGGAA_008,1
GGGAGCTGTTCCATAAGGAA_009,92
GGGAGCTGTTCCATAAGGAA_010,169
GGGAGCTGTTCCATAAGGAA_011,55
GGGAGCTGTTCCATAAGGAA_012,170
TCATCTGAGAGTCATACTTG_001,105
TCATCTGAGAGTCATACTTG_002,34
TCATCTGAGAGTCATACTTG_003,152
TGCAATAAACTGTTTGACAT_001,62
TGCAATAAACTGTTTGACAT_002,23
TGCAATAAACTGTTTGACAT_003,68
TGCAATAAACTGTTTGACAT_004,106
TTACTTTGGTAGGTTGACTG_001,49
TTACTTTGGTAGGTTGACTG_002,148
TTACTTTGGTAGGTTGACTG_003,96
TTACTTTGGTAGGTTGACTG_004,65
TTACTTTGGTAGGTTGACTG_005,110
TTACTTTGGTAGGTTGACTG_006,151
TTACTTTGGTAGGTTGACTG_007,150
TTACTTTGGTAGGTTGACTG_008,9
TTACTTTGGTAGGTTGACTG_009,35
TTACTTTGGTAGGTTGACTG_010,27
GCCCAATATAAGGAGTGACT_001,185
GAGCTGACGCTGTCTCACAT_001,30
GAGCTGACGCTGTCTCACAT_002,171
GAGCTGACGCTGTCTCACAT_003,84
GAGCTGACGCTGTCTCACAT_004,40
AAATAAAGAAGCTTGCTTAG_001,152
AAATAAAGAAGCTTGCTTAG_002,72
AAATAAAGAAGCTTGCTTAG_003,33
AAATAAAGAAGCTTGCTTAG_004,136
AAATAAAGAAGCTTGCTTAG_005,94
GCAGCCTGACACGTTGATCA_001,65
GCAGCCTGACACGTTGATCA_002,63
GCAGCCTGACACGTTGATCA_003,77
GCAGCCTGACACGTTGATCA_004,15
GCAGCCTGACACGTTGATCA_005,30
GCAGCCTGACACGTTGATCA_006,151
GCAGCCTGACACGTTGATCA_007,129
GCAGCCTGACACGTTGATCA_008,12
GTCTCTGCAGAACTTGAGTG_001,137
GTCTCTGCAGAACTTGAGTG_002,188
GTCTCTGCAGAACTTGAGTG_003,107
GTCTCTGCAGAACTTGAGTG_004,176
GTCTCTGCAGAACTTGAGTG_005,80
GTCTCTGCAGAACTTGAGTG_006,178
GTCTCTGCAGAACTTGAGTG_007,7
GTCTCTGCAGAACTTGAGTG_008,160
GTCTCTGCAGAACTTGAGTG_009,56
GTCTCTGCAGAACTTGAGTG_010,152
TACCATGATGTCAAAAGGAG_001,144
TACCATGATGTCAAAAGGAG_002,195
TACCATGATGTCAAAAGGAG_003,48
TACCATGATGTCAAAAGGAG_004,175
TACCATGATGTCAAAAGGAG_005,50
TACCATGATGTCAAAAGGAG_006,150
TACCATGATGTCAAAAGGAG_007,177
TACCATGATGTCAAAAGGAG_008,40
AGCAAAATTGAGAACCACGA_001,43
AGCAAAATTGAGAACCACGA_002,135
AGCAAAATTGAGAACCACGA_003,2
AGCAAAATTGAGAACCACGA_004,2
AGCAAAATTGAGAACCACGA_005,107
AGCAAAATTGAGAACCACGA_006,8
AGCAAAATTGAGAACCACGA_007,84
AGCAAAATTGAGAACCACGA_008,155
AGCAAAATTGAGAACCACGA_009,49
AGCAAAATTGAGAACCACGA_010,101
GGATTTGACTTACTTCAAGG_001,104
GGATTTGACTTACTTCAAGG_002,88
GGATTTGACTTACTTCAAGG_003,150
GGATTTGACTTACTTCAAGG_004,177
GGATTTGACTTACTTCAAGG_005,76
GGATTTGACTTACTTCAAGG_006,106
GGATTTGACTTACTTCAAGG_007,197
GGATTTGACTTACTTCAAGG_008,59
TGCTGCACGCGCTCCTGATG_001,81
TGCTGCACGCGCTCCTGATG_002,11
TGCTGCACGCGCTCCTGATG_003,16
TGCTGCACGCGCTCCTGATG_004,126
TGCTGCACGCGCTCCTGATG_005,175
TGCTGCACGCGCTCCTGATG_006,59
TGCTGCACGCGCTCCTGATG_007,150
TGCTGCACGCGCTCCTGATG_008,86
TGCTGCACGCGCTCCTGATG_009,81
TGCTGCACGCGCTCCTGATG_010,106
TGCTGCACGCGCTCCTGATG_011,45
TGCTGCACGCGCTCCTGATG_012,48
TGCTGCACGCGCTCCTGATG_013,59
TGCTGCACGCGCTCCTGATG_014,128
TGCTGCACGCGCTCCTGATG_015,67
TGCTGCACGCGCTCCTGATG_016,119
TGCTGCACGCGCTCCTGATG_017,163
TGCTGCACGCGCTCCTGATG_018,154
TGCTGCACGCGCTCCTGATG_019,38
TGCTGCACGCGCTCCTGATG_020,116
TGCTGCACGCGCTCCTGATG_021,91
TGCTGCACGCGCTCCTGATG_022,155
TGCTGCACGCGCTCCTGATG_023,145
TGCTGCACGCGCTCCTGATG_024,65
TGCTGCACGCGCTCCTGATG_025,148
TGCTGCACGCGCTCCTGATG_026,168
TGCTGCACGCGCTCCTGATG_027,53
TGCTGCACGCGCTCCTGATG_028,43
TGCTGCACGCGCTCCTGATG_029,15
TGCTGCACGCGCTCCTGATG_030,9
TGCTGCACGCGCTCCTGATG_031,37
TGCTGCACGCGCTCCTGATG_032,106
TGCTGCACGCGCTCCTGATG_033,77
TGCTGCACGCGCTCCTGATG_034,188
TGCTGCACGCGCTCCTGATG_035,143
TGCTGCACGCGCTCCTGATG_036,163
TTGATGCTGAGGTAAGGCAG_001,113
TTGATGCTGAGGTAAGGCAG_002,187
TTGATGCTGAGGTAAGGCAG_003,150
TTGATGCTGAGGTAAGGCAG_004,166
TTGATGCTGAGGTAAGGCAG_005,49
TTGATGCTGAGGTAAGGCAG_006,144
TTGATGCTGAGGTAAGGCAG_007,5
TTGATGCTGAGGTAAGGCAG_008,69
GCAGTAATCCAGCTTTCTGT_001,73
GCAGTAATCCAGCTTTCTGT_002,97
GCAGTAATCCAGCTTTCTGT_003,80
GCAGTAATCCAGCTTTCTGT_004,196
GCAGTAATCCAGCTTTCTGT_005,80
ATCGTAAACTTGTTGATGCG_001,34
ATCGTAAACTTGTTGATGCG_002,148
ATCGTAAACTTGTTGATGCG_003,18
ATCGTAAACTTGTTGATGCG_004,127
ATCGTAAACTTGTTGATGCG_005,83
ATCGTAAACTTGTTGATGCG_006,56
ATCGTAAACTTGTTGATGCG_007,43
ATCGTAAACTTGTTGATGCG_008,70
ATCGTAAACTTGTTGATGCG_009,58
ATCGTAAACTTGTTGATGCG_010,162
ATCGTAAACTTGTTGATGCG_011,48
ATCGTAAACTTGTTGATGCG_012,8
ATCGTAAACTTGTTGATGCG_013,191
ATCGTAAACTTGTTGATGCG_014,174
ATCGTAAACTTGTTGATGCG_015,2
ATCGTAAACTTGTTGATGCG_016,148
ATCGTAAACTTGTTGATGCG_017,152
ATCGTAAACTTGTTGATGCG_018,105
ATCGTAAACTTGTTGATGCG_019,127
ATCGTAAACTTGTTGATGCG_020,62
ATCGTAAACTTGTTGATGCG_021,146
GAGCATCCTCTCTTACCCCA_001,8
GAGCATCCTCTCTTACCCCA_002,23
GAGCATCCTCTCTTACCCCA_003,91
GAGCATCCTCTCTTACCCCA_004,149
GAGCATCCTCTCTTACCCCA_005,59
GAGCATCCTCTCTTACCCCA_006,28
GAGCATCCTCTCTTACCCCA_007,93
GAGCATCCTCTCTTACCCCA_008,107
GAGCATCCTCTCTTACCCCA_009,90
GAGCATCCTCTCTTACCCCA_010,3
GGCACAGACTACGATGAACA_001,4
GGCACAGACTACGATGAACA_002,147
GGCACAGACTACGATGAACA_003,172
GGGTGCTGAGAGTCTCAGGA_001,187
GGGTGCTGAGAGTCTCAGGA_002,45
GGGTGCTGAGAGTCTCAGGA_003,82
GGGTGCTGAGAGTCTCAGGA_004,150
GGGTGCTGAGAGTCTCAGGA_005,141
TGAGGACTTATAAATGACTG_001,137
TGAGGACTTATAAATGACTG_002,20
TGAGGACTTATAAATGACTG_003,161
TGAGGACTTATAAATGACTG_004,146
TGAGGACTTATAAATGACTG_005,20
TGAGGACTTATAAATGACTG_006,14
TGAGGACTTATAAATGACTG_007,14
TGAGGACTTATAAATGACTG_008,4
TGAGGACTTATAAATGACTG_009,5
TGAGGACTTATAAATGACTG_010,134
TGAGGACTTATAAATGACTG_011,127
TGAGGACTTATAAATGACTG_012,116
TGAGGACTTATAAATGACTG_013,144
AGAGTCAAGGCTATTCCGGT_001,52
AGAGTCAAGGCTATTCCGGT_002,177
AGAGTCAAGGCTATTCCGGT_003,101
AGAGTCAAGGCTATTCCGGT_004,26
AGAGTCAAGGCTATTCCGGT_005,152
AGAGTCAAGGCTATTCCGGT_006,156
AGAGTCAAGGCTATTCCGGT_007,162
AGAGTCAAGGCTATTCCGGT_008,147
AGAGTCAAGGCTATTCCGGT_009,177
AGAGTCAAGGCTATTCCGGT_010,80
AGAGTCAAGGCTATTCCGGT_011,68
TAGGTCAGGCTTCGGCAGGA_001,61
TAGGTCAGGCTTCGGCAGGA_002,3
TAGGTCAGGCTTCGGCAGGA_003,99
TAGGTCAGGCTTCGGCAGGA_004,78
TAGGTCAGGCTTCGGCAGGA_005,84
TAGGTCAGGCTTCGGCAGGA_006,143
TTTCCAAAGGATGATTGCTG_001,8
TTTCCAAAGGATGATTGCTG_002,69
GCGGGTAGTTGAGCAGACCG_001,96
GCGGGTAGTTGAGCAGACCG_002,23
GCGGGTAGTTGAGCAGACCG_003,189
GCGGGTAGTTGAGCAGACCG_004,45
GCGGGTAGTTGAGCAGACCG_005,5
GCGGGTAGTTGAGCAGACCG_006,169
GCGGGTAGTTGAGCAGACCG_007,78
GCGGGTAGTTGAGCAGACCG_008,93
GCGGGTAGTTGAGCAGACCG_009,28
GCGGGTAGTTGAGCAGACCG_010,151
GCGGGTAGTTGAGCAGACCG_011,36
GCGGGTAGTTGAGCAGACCG_012,6
GCGGGTAGTTGAGCAGACCG_013,65
GCGGGTAGTTGAGCAGACCG_014,190
GCGGGTAGTTGAGCAGACCG_015,124
GCGGGTAGTTGAGCAGACCG_016,50
GCGGGTAGTTGAGCAGACCG_017,146
GCGGGTAGTTGAGCAGACCG_018,156
GCGGGTAGTTGAGCAGACCG_019,43
GCGGGTAGTTGAGCAGACCG_020,97
GCGGGTAGTTGAGCAGACCG_021,161
GCGGGTAGTTGAGCAGACCG_022,179
GCGGGTAGTTGAGCAGACCG_023,150
GCGGGTAGTTGAGCAGACCG_024,43
GCGGGTAGTTGAGCAGACCG_025,198
GCGGGTAGTTGAGCAGACCG_026,56
GCGGGTAGTTGAGCAGACCG_027,184
GCGGGTAGTTGAGCAGACCG_028,94
GCGGGTAGTTGAGCAGACCG_029,94
GCGGGTAGTTGAGCAGACCG_030,139
GCGGGTAGTTGAGCAGACCG_031,75
GCGGGTAGTTGAGCAGACCG_032,60
GCGGGTAGTTGAGCAGACCG_033,174
GCGGGTAGTTGAGCAGACCG_034,25
GCGGGTAGTTGAGCAGACCG_035,175
GCGGGTAGTTGAGCAGACCG_036,46
GCGGGTAGTTGAGCAGACCG_037,39
TTGTTGCCCACGAGGACAAG_001,169
TTGTTGCCCACGAGGACAAG_002,22
TTGTTGCCCACGAGGACAAG_003,15
TTGTTGCCCACGAGGACAAG_004,182
TTGTTGCCCACGAGGACAAG_005,149
TTGTTGCCCACGAGGACAAG_006,2
TTGTTGCCCACGAGGACAAG_007,188
TTGTTGCCCACGAGGACAAG_008,117
GCTGACCGTGTTCAGCAGGA_001,60
GCTGACCGTGTTCAGCAGGA_002,70
GCTGACCGTGTTCAGCAGGA_003,137
GCTGACCGTGTTCAGCAGGA_004,119
GCTGACCGTGTTCAGCAGGA_005,127
GCTGACCGTGTTCAGCAGGA_006,127
GCTGACCGTGTTCAGCAGGA_007,31
GCTGACCGTGTTCAGCAGGA_008,97
GCTGACCGTGTTCAGCAGGA_009,47
GCTGACCGTGTTCAGCAGGA_010,33
GCTGACCGTGTTCAGCAGGA_011,33
GCTGACCGTGTTCAGCAGGA_012,64
GCTGACCGTGTTCAGCAGGA_013,171
GCTGACCGTGTTCAGCAGGA_014,158
GCTGACCGTGTTCAGCAGGA_015,38
GCTGACCGTGTTCAGCAGGA_016,132
GCTGACCGTGTTCAGCAGGA_017,20
AATCACCAATGCGCCACATG_001,148
AATCACCAATGCGCCACATG_002,165
AATCACCAATGCGCCACATG_003,152
AATCACCAATGCGCCACATG_004,130
AATCACCAATGCGCCACATG_005,126
AATCACCAATGCGCCACATG_006,69
AATCACCAATGCGCCACATG_007,81
CCAAGGGGCTGAGCGATCCA_001,118
CCAAGGGGCTGAGCGATCCA_002,78
CCAAGGGGCTGAGCGATCCA_003,29
CCAAGGGGCTGAGCGATCCA_004,76
CCAAGGGGCTGAGCGATCCA_005,70
CCAAGGGGCTGAGCGATCCA_006,192
CCAAGGGGCTGAGCGATCCA_007,49
CCAAGGGGCTGAGCGATCCA_008,94
CCAAGGGGCTGAGCGATCCA_009,52
CCAAGGGGCTGAGCGATCCA_010,75
CCAAGGGGCTGAGCGATCCA_011,162
CCAAGGGGCTGAGCGATCCA_012,198
CCAAGGGGCTGAGCGATCCA_013,105
CCAAGGGGCTGAGCGATCCA_014,7
CCAAGGGGCTGAGCGATCCA_015,15
CCAAGGGGCTGAGCGATCCA_016,184
CCAAGGGGCTGAGCGATCCA_017,29
CCAAGGGGCTGAGCGATCCA_018,80
CCAAGGGGCTGAGCGATCCA_019,148
CCAAGGGGCTGAGCGATCCA_020,69
CCAAGGGGCTGAGCGATCCA_021,10
CCAAGGGGCTGAGCGATCCA_022,197
CCAAGGGGCTGAGCGATCCA_023,94
CCAAGGGGCTGAGCGATCCA_024,66
CCAAGGGGCTGAGCGATCCA_025,50
CCAAGGGGCTGAGCGATCCA_026,40
CCAAGGGGCTGAGCGATCCA_027,130
CCAAGGGGCTGAGCGATCCA_028,127
CCAAGGGGCTGAGCGATCCA_029,130
CCAAGGGGCTGAGCGATCCA_030,144
CCAAGGGGCTGAGCGATCCA_031,144
CCAAGGGGCTGAGCGATCCA_032,54
CCAAGGGGCTGAGCGATCCA_033,86
CCAAGGGGCTGAGCGATCCA_034,141
ACGTCTTTGCATATGTCGCA_001,18
CTGTCTTGGAACATCAACCA_001,34
CTGTCTTGGAACATCAACCA_002,192
CTGTCTTGGAACATCAACCA_003,34
CTGTCTTGGAACATCAACCA_004,121
CTGTCTTGGAACATCAACCA_005,19
CTGTCTTGGAACATCAACCA_006,152
CTGTCTTGGAACATCAACCA_007,152
CTGTCTTGGAACATCAACCA_008,38
TGGGAGTCACGGACGGTTCG_001,84
TGGGAGTCACGGACGGTTCG_002,193
TGGGAGTCACGGACGGTTCG_003,177
TGGGAGTCACGGACGGTTCG_004,7
TGGGAGTCACGGACGGTTCG_005,65
TGGGAGTCACGGACGGTTCG_006,5
TGGGAGTCACGGACGGTTCG_007,163
TGGGAGTCACGGACGGTTCG_008,146
TGGGAGTCACGGACGGTTCG_009,126
TGGGAGTCACGGACGGTTCG_010,58
TGGGAGTCACGGACGGTTCG_011,17
TGGGAGTCACGGACGGTTCG_012,76
TGGGAGTCACGGACGGTTCG_013,147
TGGGAGTCACGGACGGTTCG_014,184
TGGGAGTCACGGACGGTTCG_015,147
TGGGAGTCACGGACGGTTCG_016,146
TGGGAGTCACGGACGGTTCG_017,91
TGGGAGTCACGGACGGTTCG_018,91
TGGGAGTCACGGACGGTTCG_019,170
TGGGAGTCACGGACGGTTCG_020,103
TGGGAGTCACGGACGGTTCG_021,177
TGGGAGTCACGGACGGTTCG_022,112
TGGGAGTCACGGACGGTTCG_023,5
TGGGAGTCACGGACGGTTCG_024,4
TGGGAGTCACGGACGGTTCG_025,197
TGGGAGTCACGGACGGTTCG_026,58
TGGGAGTCACGGACGGTTCG_027,177
TGGGAGTCACGGACGGTTCG_028,126
TGGGAGTCACGGACGGTTCG_029,41
TGGGAGTCACGGACGGTTCG_030,59
TGGGAGTCACGGACGGTTCG_031,191
TGGGAGTCACGGACGGTTCG_032,106
TGGGAGTCACGGACGGTTCG_033,114
TGGGAGTCACGGACGGTTCG_034,65
TGGGAGTCACGGACGGTTCG_035,141
TGGGAGTCACGGACGGTTCG_036,75
TGGGAGTCACGGACGGTTCG_037,68
TGGGAGTCACGGACGGTTCG_038,101
TGGGAGTCACGGACGGTTCG_039,1
TGGGAGTCACGGACGGTTCG_040,154
TGGGAGTCACGGACGGTTCG_041,36
TGGGAGTCACGGACGGTTCG_042,97
TGGGAGTCACGGACGGTTCG_043,170
TGGGAGTCACGGACGGTTCG_044,39
TGGGAGTCACGGACGGTTCG_045,180
TGGGAGTCACGGACGGTTCG_046,91
TGGGAGTCACGGACGGTTCG_047,1
TGGGAGTCACGGACGGTTCG_048,49
TGGGAGTCACGGACGGTTCG_049,68
TGGGAGTCACGGACGGTTCG_050,56
TTTCAGGATTAAGCGATTCC_001,186
TTTCAGGATTAAGCGATTCC_002,53
TTTCAGGATTAAGCGATTCC_003,166
TTTCAGGATTAAGCGATTCC_004,2
CCGATGGAACAACCGGCAGG_001,163
CCGATGGAACAACCGGCAGG_002,95
CCGATGGAACAACCGGCAGG_003,34
CCGATGGAACAACCGGCAGG_004,81
CCGATGGAACAACCGGCAGG_005,154
CCGATGGAACAACCGGCAGG_006,144
CCGATGGAACAACCGGCAGG_007,102
CCGATGGAACAACCGGCAGG_008,121
CCGATGGAACAACCGGCAGG_009,162
CCGATGGAACAACCGGCAGG_010,129
CCGATGGAACAACCGGCAGG_011,38
CCGATGGAACAACCGGCAGG_012,168
CCGATGGAACAACCGGCAGG_013,157
CCGATGGAACAACCGGCAGG_014,88
CCGATGGAACAACCGGCAGG_015,27
CCGATGGAACAACCGGCAGG_016,160
CCGATGGAACAACCGGCAGG_017,48
CCGATGGAACAACCGGCAGG_018,160
CCGATGGAACAACCGGCAGG_019,96
CCTTTAATAACCGTGCTGAA_001,8
CCTTTAATAACCGTGCTGAA_002,165
CCTTTAATAACCGTGCTGAA_003,75
CGCAGGTTGGGCTATGGCTG_001,83
CGCAGGTTGGGCTATGGCTG_002,178
CGCAGGTTGGGCTATGGCTG_003,29
CGCAGGTTGGGCTATGGCTG_004,29
CGCAGGTTGGGCTATGGCTG_005,194
CGCAGGTTGGGCTATGGCTG_006,43
CGCAGGTTGGGCTATGGCTG_007,127
CGCAGGTTGGGCTATGGCTG_008,197
CGCAGGTTGGGCTATGGCTG_009,75
CGCAGGTTGGGCTATGGCTG_010,98
CGCAGGTTGGGCTATGGCTG_011,150
CGCAGGTTGGGCTATGGCTG_012,94
CGCAGGTTGGGCTATGGCTG_013,68
CGCAGGTTGGGCTATGGCTG_014,127
CGCAGGTTGGGCTATGGCTG_015,38
CGCAGGTTGGGCTATGGCTG_016,29
CGCAGGTTGGGCTATGGCTG_017,99
CGCAGGTTGGGCTATGGCTG_018,137
CGCAGGTTGGGCTATGGCTG_019,68
CGCAGGTTGGGCTATGGCTG_020,82
CGCAGGTTGGGCTATGGCTG_021,197
CGCAGGTTGGGCTATGGCTG_022,144
CGCAGGTTGGGCTATGGCTG_023,80
CGCAGGTTGGGCTATGGCTG_024,91
CCAGTTCAACCACGACACGC_001,98
CCAGTTCAACCACGACACGC_002,191
CCAGTTCAACCACGACACGC_003,49
CCAGTTCAACCACGACACGC_004,190
CCAGTTCAACCACGACACGC_005,56
CCAGTTCAACCACGACACGC_006,41
CCAGTTCAACCACGACACGC_007,62
CCAGTTCAACCACGACACGC_008,144
CCAGTTCAACCACGACACGC_009,58
CCAGTTCAACCACGACACGC_010,58
CCAGTTCAACCACGACACGC_011,127
CCAGTTCAACCACGACACGC_012,67
CCAGTTCAACCACGACACGC_013,81
CCAGTTCAACCACGACACGC_014,199
CCAGTTCAACCACGACACGC_015,97
CCAGTTCAACCACGACACGC_016,130
CCAGTTCAACCACGACACGC_017,31
CCAGTTCAACCACGACACGC_018,182
CCAGTTCAACCACGACACGC_019,171
CCAGTTCAACCACGACACGC_020,39
CCAGTTCAACCACGACACGC_021,49
CCAGTTCAACCACGACACGC_022,178
CCAGTTCAACCACGACACGC_023,31
CCAGTTCAACCACGACACGC_024,3
CCAGTTCAACCACGACACGC_025,191
CCAGTTCAACCACGACACGC_026,180
CCAGTTCAACCACGACACGC_027,102
CTGGCATCCTTTAAGAATGA_001,28
CTGGCATCCTTTAAGAATGA_002,97
CTGGCATCCTTTAAGAATGA_003,62
TGAGAGTAACAAATTGGACC_001,125
AGCTCATAGACTTCTCACAC_001,195
AGCTCATAGACTTCTCACAC_002,88
AGCTCATAGACTTCTCACAC_003,146
CAGTTGTATAAATCGCTGCG_001,116
CAGTTGTATAAATCGCTGCG_002,51
CAGTTGTATAAATCGCTGCG_003,169
CAGTTGTATAAATCGCTGCG_004,69
GCCAAAGAATAAGTCCTCCA_001,124
GCCAAAGAATAAGTCCTCCA_002,89
GCCAAAGAATAAGTCCTCCA_003,3
GCCAAAGAATAAGTCCTCCA_004,91
GCACGGAACTTAAAGAGCAG_001,157
GCACGGAACTTAAAGAGCAG_002,192
GCACGGAACTTAAAGAGCAG_003,81
GCACGGAACTTAAAGAGCAG_004,175
GCACGGAACTTAAAGAGCAG_005,48
GCACGGAACTTAAAGAGCAG_006,124
GCACGGAACTTAAAGAGCAG_007,121
GCACGGAACTTAAAGAGCAG_008,15
GCACGGAACTTAAAGAGCAG_009,103
GCACGGAACTTAAAGAGCAG_010,155
GCACGGAACTTAAAGAGCAG_011,66
GCACGGAACTTAAAGAGCAG_012,142
CTGCGGGCAGCGGCTCCCCG_001,127
CTGCGGGCAGCGGCTCCCCG_002,49
CTGCGGGCAGCGGCTCCCCG_003,66
CTGCGGGCAGCGGCTCCCCG_004,170
CTGCGGGCAGCGGCTCCCCG_005,49
CTGCGGGCAGCGGCTCCCCG_006,44
CTGCGGGCAGCGGCTCCCCG_007,195
CCATGTCAGGAACATCAGGA_001,124
GGGAAAAGGGAACTCACAAG_001,97
GGGAAAAGGGAACTCACAAG_002,97
GGGAAAAGGGAACTCACAAG_003,58
GGGAAAAGGGAACTCACAAG_004,0
GGGAAAAGGGAACTCACAAG_005,84
GGGAAAAGGGAACTCACAAG_006,150
GGGAAAAGGGAACTCACAAG_007,184
GGGAAAAGGGAACTCACAAG_008,77
GGGAAAAGGGAACTCACAAG_009,158
GTAGGGGCTAGTTTAGGATG_001,178
GTAGGGGCTAGTTTAGGATG_002,145
GTAGGGGCTAGTTTAGGATG_003,166
GTAGGGGCTAGTTTAGGATG_004,82
GTAGGGGCTAGTTTAGGATG_005,2
GTAGGGGCTAGTTTAGGATG_006,19
GTAGGGGCTAGTTTAGGATG_007,56
GTAGGGGCTAGTTTAGGATG_008,34
GTAGGGGCTAGTTTAGGATG_009,81
GTAGGGGCTAGTTTAGGATG_010,69
GAGTGGCCCCAGATGTACAC_001,134
GAGTGGCCCCAGATGTACAC_002,166
GAGTGGCCCCAGATGTACAC_003,70
GAGTGGCCCCAGATGTACAC_004,107
GAGTGGCCCCAGATGTACAC_005,12
GAGTGGCCCCAGATGTACAC_006,156
GAGTGGCCCCAGATGTACAC_007,125
GAGTGGCCCCAGATGTACAC_008,128
GAGTGGCCCCAGATGTACAC_009,151
GAGTGGCCCCAGATGTACAC_010,84
GAGTGGCCCCAGATGTACAC_011,172
GAGTGGCCCCAGATGTACAC_012,111
GAGTGGCCCCAGATGTACAC_013,7
GAGTGGCCCCAGATGTACAC_014,117
GAGTGGCCCCAGATGTACAC_015,98
GAGTGGCCCCAGATGTACAC_016,10
GAGTGGCCCCAGATGTACAC_017,20
GAGTGGCCCCAGATGTACAC_018,125
GAGTGGCCCCAGATGTACAC_019,191
GAGTGGCCCCAGATGTACAC_020,43
GAGTGGCCCCAGATGTACAC_021,194
GAGTGGCCCCAGATGTACAC_022,146
GAGTGGCCCCAGATGTACAC_023,182
GAGTGGCCCCAGATGTACAC_024,181
GAGTGGCCCCAGATGTACAC_025,92
GAGTGGCCCCAGATGTACAC_026,148
GAGTGGCCCCAGATGTACAC_027,180
GAGTGGCCCCAGATGTACAC_028,0
GAGTGGCCCCAGATGTACAC_029,124
GAGTGGCCCCAGATGTACAC_030,106
GAGTGGCCCCAGATGTACAC_031,191
GGTACACAGGTCCTTACCCT_001,144
GGTACACAGGTCCTTACCCT_002,169
GGTACACAGGTCCTTACCCT_003,119
GGTACACAGGTCCTTACCCT_004,107
GGTACACAGGTCCTTACCCT_005,15
GGTACACAGGTCCTTACCCT_006,93
GGTACACAGGTCCTTACCCT_007,43
GGTACACAGGTCCTTACCCT_008,169
GGTACACAGGTCCTTACCCT_009,125
GGTACACAGGTCCTTACCCT_010,184
AAGGCCAATTCGTGTCGGTG_001,183
AAGGCCAATTCGTGTCGGTG_002,184
AAGGCCAATTCGTGTCGGTG_003,18
AAGGCCAATTCGTGTCGGTG_004,175
AAGGCCAATTCGTGTCGGTG_005,52
AAGGCCAATTCGTGTCGGTG_006,49
AAGGCCAATTCGTGTCGGTG_007,48
AAGGCCAATTCGTGTCGGTG_008,132
AAGGCCAATTCGTGTCGGTG_009,171
TGGTAACTGATGCGGAGGCA_001,98
TGGTAACTGATGCGGAGGCA_002,82
TGGTAACTGATGCGGAGGCA_003,137
TGGTAACTGATGCGGAGGCA_004,77
TGGTAACTGATGCGGAGGCA_005,145
TGGTAACTGATGCGGAGGCA_006,26
TAGGGGGCAAGATAATGTCA_001,55
CCCGACGCAGGATGCAGACG_001,118
CCCGACGCAGGATGCAGACG_002,47
GTAGCGAACAGTGTCGACGG_001,43
GTAGCGAACAGTGTCGACGG_002,142
CAGAACGTACTCCACGCACA_001,68
ACCAAATTGAGGGATCAGAG_001,166
ACCAAATTGAGGGATCAGAG_002,106
ACCAAATTGAGGGATCAGAG_003,48
ACCAAATTGAGGGATCAGAG_004,120
ACCAAATTGAGGGATCAGAG_005,28
ACCAAATTGAGGGATCAGAG_006,61
ACCAAATTGAGGGATCAGAG_007,0
ACCAAATTGAGGGATCAGAG_008,161
ACCAAATTGAGGGATCAGAG_009,50
ACCAAATTGAGGGATCAGAG_010,98
ACCAAATTGAGGGATCAGAG_011,137
TCAAGAGGTATCCCACGCCA_001,187
TCAAGAGGTATCCCACGCCA_002,191
TCAAGAGGTATCCCACGCCA_003,198
TCAAGAGGTATCCCACGCCA_004,148
AGGACACCTGCTCAAACCCA_001,122
AGGACACCTGCTCAAACCCA_002,107
AGGACACCTGCTCAAACCCA_003,35
AGGACACCTGCTCAAACCCA_004,85
AGGACACCTGCTCAAACCCA_005,7
AGGACACCTGCTCAAACCCA_006,137
AGGACACCTGCTCAAACCCA_007,118
AGGACACCTGCTCAAACCCA_008,45
AGGACACCTGCTCAAACCCA_009,85
AGGACACCTGCTCAAACCCA_010,179
AGGACACCTGCTCAAACCCA_011,179
AGGACACCTGCTCAAACCCA_012,192
AGGACACCTGCTCAAACCCA_013,158
AGGACACCTGCTCAAACCCA_014,50
AGGACACCTGCTCAAACCCA_015,106
AGGACACCTGCTCAAACCCA_016,140
AGGACACCTGCTCAAACCCA_017,130
AGGACACCTGCTCAAACCCA_018,92
AGGACACCTGCTCAAACCCA_019,81
GTGAACTCGTTCGGGCCCGA_001,138
GTGAACTCGTTCGGGCCCGA_002,172
GTGAACTCGTTCGGGCCCGA_003,80
GTGAACTCGTTCGGGCCCGA_004,107
GTGAACTCGTTCGGGCCCGA_005,74
GTGAACTCGTTCGGGCCCGA_006,38
GTGAACTCGTTCGGGCCCGA_007,1
GTGAACTCGTTCGGGCCCGA_008,103
GTGAACTCGTTCGGGCCCGA_009,170
GTGAACTCGTTCGGGCCCGA_010,56
GTGAACTCGTTCGGGCCCGA_011,172
GTGAACTCGTTCGGGCCCGA_012,128
GTGAACTCGTTCGGGCCCGA_013,197
GTGAACTCGTTCGGGCCCGA_014,168
GTGAACTCGTTCGGGCCCGA_015,198
GTGAACTCGTTCGGGCCCGA_016,105
GTGAACTCGTTCGGGCCCGA_017,52
GAACTCGCAGATGCCGCTCA_001,40
GAACTCGCAGATGCCGCTCA_002,137
GAACTCGCAGATGCCGCTCA_003,137
GAACTCGCAGATGCCGCTCA_004,170
GAACTCGCAGATGCCGCTCA_005,28
GAACTCGCAGATGCCGCTCA_006,6
GAACTCGCAGATGCCGCTCA_007,62
GAACTCGCAGATGCCGCTCA_008,191
AACCACACCAGCCATCGACT_001,68
AACCACACCAGCCATCGACT_002,177
AACCACACCAGCCATCGACT_003,173
AACCACACCAGCCATCGACT_004,16
AACCACACCAGCCATCGACT_005,14
AACCACACCAGCCATCGACT_006,9
AACCACACCAGCCATCGACT_007,166
AACCACACCAGCCATCGACT_008,143
AACCACACCAGCCATCGACT_009,190
AACCACACCAGCCATCGACT_010,120
AACCACACCAGCCATCGACT_011,197
CCATAGCTTTAAGATACACA_001,139
CCATAGCTTTAAGATACACA_002,119
CCATAGCTTTAAGATACACA_003,29
CCATAGCTTTAAGATACACA_004,184
CCATAGCTTTAAGATACACA_005,58
TCTTCTCAAGTTGATACCAT_001,72
TCTTCTCAAGTTGATACCAT_002,30
TCTTCTCAAGTTGATACCAT_003,75
TCTTCTCAAGTTGATACCAT_004,104
TCTTCTCAAGTTGATACCAT_005,45
TCTTCTCAAGTTGATACCAT_006,105
TCTTCTCAAGTTGATACCAT_007,5
TCTTCTCAAGTTGATACCAT_008,12
TCTTCTCAAGTTGATACCAT_009,77
TCTTCTCAAGTTGATACCAT_010,179
TCTTCTCAAGTTGATACCAT_011,121
TCTTCTCAAGTTGATACCAT_012,131
GCACCTGTCCCAAAACCGAG_001,78
GCACCTGTCCCAAAACCGAG_002,20
GCACCTGTCCCAAAACCGAG_003,133
GCACCTGTCCCAAAACCGAG_004,100
GCACCTGTCCCAAAACCGAG_005,110
GCACCTGTCCCAAAACCGAG_006,60
GCACCTGTCCCAAAACCGAG_007,76
GCACCTGTCCCAAAACCGAG_008,9
TGGCGCCAAGCGTCACCGTA_001,32
TGGCGCCAAGCGTCACCGTA_002,184
TGGCGCCAAGCGTCACCGTA_003,171
TGGCGCCAAGCGTCACCGTA_004,83
TGGCGCCAAGCGTCACCGTA_005,19
TGGCGCCAAGCGTCACCGTA_006,116
TGGCGCCAAGCGTCACCGTA_007,0
TGGCGCCAAGCGTCACCGTA_008,48
GCACTTTGACTGCTGTCTCG_001,187
GCACTTTGACTGCTGTCTCG_002,68
GCACTTTGACTGCTGTCTCG_003,61
GCACTTTGACTGCTGTCTCG_004,173
GCACTTTGACTGCTGTCTCG_005,173
GCACTTTGACTGCTGTCTCG_006,9
GCACTTTGACTGCTGTCTCG_007,98
GCACTTTGACTGCTGTCTCG_008,27
GCAGTAGATGCGCACGTACA_001,49
GCAGTAGATGCGCACGTACA_002,170
GCAGTAGATGCGCACGTACA_003,198
GCAGTAGATGCGCACGTACA_004,46
GCAGTAGATGCGCACGTACA_005,63
GCAGTAGATGCGCACGTACA_006,94
GCAGTAGATGCGCACGTACA_007,61
GCAGTAGATGCGCACGTACA_008,125
GCAGTAGATGCGCACGTACA_009,187
GCAGTAGATGCGCACGTACA_010,0
GCAGTAGATGCGCACGTACA_011,169
GCAGTAGATGCGCACGTACA_012,7
GCAGTAGATGCGCACGTACA_013,182
GCAGTAGATGCGCACGTACA_014,165
GCAGTAGATGCGCACGTACA_015,27
GAGCTACTGTCAGTTCACGA_001,58
GAGCTACTGTCAGTTCACGA_002,62
GAGCTACTGTCAGTTCACGA_003,189
GAGCTACTGTCAGTTCACGA_004,163
GAGCTACTGTCAGTTCACGA_005,58
GAGCTACTGTCAGTTCACGA_006,117
GAGCTACTGTCAGTTCACGA_007,108
AGAGACTGATGATATGACTC_001,198
AGGTGCTGCGTGAGGCCTCG_001,8
AGGTGCTGCGTGAGGCCTCG_002,6
AGGTGCTGCGTGAGGCCTCG_003,47
AGGTGCTGCGTGAGGCCTCG_004,188
AGGTGCTGCGTGAGGCCTCG_005,177
AGGTGCTGCGTGAGGCCTCG_006,144
AGGTGCTGCGTGAGGCCTCG_007,106
GATTGCTAGGCTATATCTGG_001,121
GATTGCTAGGCTATATCTGG_002,60
GCATCTTTGACACAGTCACG_001,2
GCATCTTTGACACAGTCACG_002,171
GCATCTTTGACACAGTCACG_003,13
GCATCTTTGACACAGTCACG_004,110
GCATCTTTGACACAGTCACG_005,62
GCATCTTTGACACAGTCACG_006,87
GCATCTTTGACACAGTCACG_007,90
GCATCTTTGACACAGTCACG_008,57
GCATCTTTGACACAGTCACG_009,70
GCATCTTTGACACAGTCACG_010,72
GCATCTTTGACACAGTCACG_011,119
GCATCTTTGACACAGTCACG_012,14
GCATCTTTGACACAGTCACG_013,192
GCATCTTTGACACAGTCACG_014,91
GCATCTTTGACACAGTCACG_015,28
GCTGCAGATAAGCATCAGTG_001,183
GCTGCAGATAAGCATCAGTG_002,15
GCTGCAGATAAGCATCAGTG_003,116
GCTGCAGATAAGCATCAGTG_004,33
CAAGGCCGGGTCAATCAGCT_001,127
CAAGGCCGGGTCAATCAGCT_002,95
CAAGGCCGGGTCAATCAGCT_003,175
CAAGGCCGGGTCAATCAGCT_004,92
CAAGGCCGGGTCAATCAGCT_005,157
CAAGGCCGGGTCAATCAGCT_006,191
CAAGGCCGGGTCAATCAGCT_007,194
CAAGGCCGGGTCAATCAGCT_008,76
CAAGGCCGGGTCAATCAGCT_009,76
GTATTTCCGTTTCGCCCGAG_001,94
GTATTTCCGTTTCGCCCGAG_002,48
ACTCGGTTCAGGTCAACAGG_001,121
ACTCGGTTCAGGTCAACAGG_002,160
ACTCGGTTCAGGTCAACAGG_003,181
ACTCGGTTCAGGTCAACAGG_004,147
ACTCGGTTCAGGTCAACAGG_005,152
ACTCGGTTCAGGTCAACAGG_006,8
ACTCGGTTCAGGTCAACAGG_007,136
ACTCGGTTCAGGTCAACAGG_008,135
ACTCGGTTCAGGTCAACAGG_009,65
ACTCGGTTCAGGTCAACAGG_010,2
ACTCGGTTCAGGTCAACAGG_011,95
ACTCGGTTCAGGTCAACAGG_012,34
ACTCGGTTCAGGTCAACAGG_013,16
ACTCGGTTCAGGTCAACAGG_014,134
ACTCGGTTCAGGTCAACAGG_015,6
TCCTGAGTCATGCAATTGAA_001,61
TGGAGCCTCCTTATGACCCA_001,184
TGGAGCCTCCTTATGACCCA_002,61
TGGAGCCTCCTTATGACCCA_003,72
TGGAGCCTCCTTATGACCCA_004,108
TGGAGCCTCCTTATGACCCA_005,134
TGGAGCCTCCTTATGACCCA_006,148
TGGAGCCTCCTTATGACCCA_007,98
TGGAGCCTCCTTATGACCCA_008,146
TGGAGCCTCCTTATGACCCA_009,172
TGGAGCCTCCTTATGACCCA_010,154
TGGAGCCTCCTTATGACCCA_011,43
TGGAGCCTCCTTATGACCCA_012,152
TGGAGCCTCCTTATGACCCA_013,146
TGGAGCCTCCTTATGACCCA_014,188
TGGAGCCTCCTTATGACCCA_015,102
TGGAGCCTCCTTATGACCCA_016,158
GATCCACACTCCCAACAAGG_001,149
GATCCACACTCCCAACAAGG_002,168
GATCCACACTCCCAACAAGG_003,43
GGTGCGGCGGACATCAGAGA_001,36
GGTGCGGCGGACATCAGAGA_002,127
GGTGCGGCGGACATCAGAGA_003,12
GGTGCGGCGGACATCAGAGA_004,81
GGTGCGGCGGACATCAGAGA_005,118
GGTGCGGCGGACATCAGAGA_006,113
GGTGCGGCGGACATCAGAGA_007,196
GGTGCGGCGGACATCAGAGA_008,81
GGTGCGGCGGACATCAGAGA_009,120
GGTGCGGCGGACATCAGAGA_010,52
GGTGCGGCGGACATCAGAGA_011,130
AACCTGAACGCTATGACCTG_001,34
AACCTGAACGCTATGACCTG_002,68
AACCTGAACGCTATGACCTG_003,130
AACCTGAACGCTATGACCTG_004,100
AACCTGAACGCTATGACCTG_005,175
AACCTGAACGCTATGACCTG_006,197
AACCTGAACGCTATGACCTG_007,68
AACCTGAACGCTATGACCTG_008,156
AACCTGAACGCTATGACCTG_009,117
AACCTGAACGCTATGACCTG_010,55
GATCCTGTAGAGGCACGACA_001,101
GATCCTGTAGAGGCACGACA_002,50
GATCCTGTAGAGGCACGACA_003,19
GATCCTGTAGAGGCACGACA_004,19
GATCCTGTAGAGGCACGACA_005,85
GATCCTGTAGAGGCACGACA_006,2
GATCCTGTAGAGGCACGACA_007,24
GATCCTGTAGAGGCACGACA_008,162
GATCCTGTAGAGGCACGACA_009,83
GATCCTGTAGAGGCACGACA_010,27
GATCCTGTAGAGGCACGACA_011,175
GATCCTGTAGAGGCACGACA_012,5
GATCCTGTAGAGGCACGACA_013,17
GATCCTGTAGAGGCACGACA_014,169
GATCCTGTAGAGGCACGACA_015,189
GATCCTGTAGAGGCACGACA_016,197
GATCCTGTAGAGGCACGACA_017,12
GATCCTGTAGAGGCACGACA_018,170
GATCCTGTAGAGGCACGACA_019,52
AAGGGCTCCAGCAAGAAATG_001,58
AAGGGCTCCAGCAAGAAATG_002,61
AAGGGCTCCAGCAAGAAATG_003,94
AAGGGCTCCAGCAAGAAATG_004,1
AAGGGCTCCAGCAAGAAATG_005,145
AAGGGCTCCAGCAAGAAATG_006,83
AAGGGCTCCAGCAAGAAATG_007,115
AAGGGCTCCAGCAAGAAATG_008,0
AAGGGCTCCAGCAAGAAATG_009,58
AAGGGCTCCAGCAAGAAATG_010,88
AAGGGCTCCAGCAAGAAATG_011,177
AAGGGCTCCAGCAAGAAATG_012,146
AAGGGCTCCAGCAAGAAATG_013,156
CCGGGAGACTCATGAGATCG_001,103
CCGGGAGACTCATGAGATCG_002,105
CCGGGAGACTCATGAGATCG_003,147
CCGGGAGACTCATGAGATCG_004,1
CCGGGAGACTCATGAGATCG_005,60
CCGGGAGACTCATGAGATCG_006,154
CCGGGAGACTCATGAGATCG_007,117
CCGGGAGACTCATGAGATCG_008,44
CATCACCCACCAACATCCAT_001,113
CATCACCCACCAACATCCAT_002,56
CATCACCCACCAACATCCAT_003,169
CATCACCCACCAACATCCAT_004,29
CATCACCCACCAACATCCAT_005,137
CATCACCCACCAACATCCAT_006,91
CATCACCCACCAACATCCAT_007,126
CATCACCCACCAACATCCAT_008,161
CATCACCCACCAACATCCAT_009,195
CATCACCCACCAACATCCAT_010,115
CATCACCCACCAACATCCAT_011,124
CATCACCCACCAACATCCAT_012,184
CATCACCCACCAACATCCAT_013,50
CATCACCCACCAACATCCAT_014,63
CATCACCCACCAACATCCAT_015,147
CATCACCCACCAACATCCAT_016,28
CATCACCCACCAACATCCAT_017,162
CATCACCCACCAACATCCAT_018,196
CATCACCCACCAACATCCAT_019,108
CATCACCCACCAACATCCAT_020,188
CATCACCCACCAACATCCAT_021,174
CATCACCCACCAACATCCAT_022,136
CATCACCCACCAACATCCAT_023,24
CATCACCCACCAACATCCAT_024,126
TGCATTTATAGACTGACTAG_001,199
TGCATTTATAGACTGACTAG_002,10
CAGGCCATTCACCTTTCGGG_001,41
CAGGCCATTCACCTTTCGGG_002,197
CAGGCCATTCACCTTTCGGG_003,140
CAGGCCATTCACCTTTCGGG_004,82
CAGGCCATTCACCTTTCGGG_005,171
CAGGCCATTCACCTTTCGGG_006,108
CAGGCCATTCACCTTTCGGG_007,135
CAGGCCATTCACCTTTCGGG_008,8
CAGGCCATTCACCTTTCGGG_009,139
CAGGCCATTCACCTTTCGGG_010,103
CAGGCCATTCACCTTTCGGG_011,1
CAGGCCATTCACCTTTCGGG_012,196
CAGGCCATTCACCTTTCGGG_013,147
CAGGCCATTCACCTTTCGGG_014,32
CAGGCCATTCACCTTTCGGG_015,30
CAGGCCATTCACCTTTCGGG_016,36
CAGGCCATTCACCTTTCGGG_017,36
CAGGCCATTCACCTTTCGGG_018,78
CAGGCCATTCACCTTTCGGG_019,110
GCAGGTCACAGAATTCAAGG_001,172
GCAGGTCACAGAATTCAAGG_002,88
GCAGGTCACAGAATTCAAGG_003,15
GCAGGTCACAGAATTCAAGG_004,16
GCAGGTCACAGAATTCAAGG_005,4
GCAGGTCACAGAATTCAAGG_006,6
CTATCTGCGTGGGATCTCGA_001,138
CTATCTGCGTGGGATCTCGA_002,199
CTATCTGCGTGGGATCTCGA_003,88
CTATCTGCGTGGGATCTCGA_004,108
GGGCAGCTCCCATCGAACAG_001,121
GGGCAGCTCCCATCGAACAG_002,77
GGGCAGCTCCCATCGAACAG_003,119
GGGCAGCTCCCATCGAACAG_004,26
GGGCAGCTCCCATCGAACAG_005,86
AAGGACAACACATTTGGATA_001,149
AAGGACAACACATTTGGATA_002,127
AAGGACAACACATTTGGATA_003,53
AAGGACAACACATTTGGATA_004,181
AAGGACAACACATTTGGATA_005,55
AAGGACAACACATTTGGATA_006,170
AAGGACAACACATTTGGATA_007,188
AAGGACAACACATTTGGATA_008,32
AAGGACAACACATTTGGATA_009,58
AAGGACAACACATTTGGATA_010,158
AAGGACAACACATTTGGATA_011,135
AAGGACAACACATTTGGATA_012,78
AAGGACAACACATTTGGATA_013,40
AAGGACAACACATTTGGATA_014,162
AAGGACAACACATTTGGATA_015,10
ATAGATGGGACATAATGCAT_001,147
ATAGATGGGACATAATGCAT_002,60
ATAGATGGGACATAATGCAT_003,147
ATAGATGGGACATAATGCAT_004,19
ATAGATGGGACATAATGCAT_005,160
ATAGATGGGACATAATGCAT_006,148
ATAGATGGGACATAATGCAT_007,25
ATAGATGGGACATAATGCAT_008,10
ATAGATGGGACATAATGCAT_009,98
ATAGATGGGACATAATGCAT_010,1
TGCCGACGACCTCGGCTATG_001,125
TGCCGACGACCTCGGCTATG_002,12
TGCCGACGACCTCGGCTATG_003,130
TGCCGACGACCTCGGCTATG_004,72
TGCCGACGACCTCGGCTATG_005,128
TGCCGACGACCTCGGCTATG_006,134
TGCCGACGACCTCGGCTATG_007,154
TGCCGACGACCTCGGCTATG_008,76
TGCCGACGACCTCGGCTATG_009,78
TGCCGACGACCTCGGCTATG_010,183
TGCCGACGACCTCGGCTATG_011,198
TGCCGACGACCTCGGCTATG_012,127
TGCCGACGACCTCGGCTATG_013,127
TGCCGACGACCTCGGCTATG_014,77
TGCCGACGACCTCGGCTATG_015,158
TGCCGACGACCTCGGCTATG_016,168
TGCCGACGACCTCGGCTATG_017,56
TGCCGACGACCTCGGCTATG_018,112
TGCCGACGACCTCGGCTATG_019,97
TGCCGACGACCTCGGCTATG_020,31
TGCCGACGACCTCGGCTATG_021,9
TGCCGACGACCTCGGCTATG_022,63
TGCCGACGACCTCGGCTATG_023,43
TGCCGACGACCTCGGCTATG_024,149
TGCCGACGACCTCGGCTATG_025,25
TGCCGACGACCTCGGCTATG_026,137
TGCCGACGACCTCGGCTATG_027,173
TGCCGACGACCTCGGCTATG_028,196
TGCCGACGACCTCGGCTATG_029,104
TGCCGACGACCTCGGCTATG_030,69
TGCCGACGACCTCGGCTATG_031,147
ACTGCATCCCAGATCGAGGC_001,60
ACTGCATCCCAGATCGAGGC_002,144
ACTGCATCCCAGATCGAGGC_003,70
ACTGCATCCCAGATCGAGGC_004,134
ACTGCATCCCAGATCGAGGC_005,40
ACTGCATCCCAGATCGAGGC_006,72
ACTGCATCCCAGATCGAGGC_007,72
ACTGCATCCCAGATCGAGGC_008,118
ACTGCATCCCAGATCGAGGC_009,156
ACTGCATCCCAGATCGAGGC_010,127
ACTGCATCCCAGATCGAGGC_011,107
ACTGCATCCCAGATCGAGGC_012,184
ACTGCATCCCAGATCGAGGC_013,40
ACTGCATCCCAGATCGAGGC_014,6
ACTGCATCCCAGATCGAGGC_015,178
ACTGCATCCCAGATCGAGGC_016,45
ACTGCATCCCAGATCGAGGC_017,116
GCCCATTATAGTAACAACTG_001,165
GCCCATTATAGTAACAACTG_002,61
GCCCATTATAGTAACAACTG_003,149
CAGCGGATGATTCTGGAACT_001,109
CAAGTTCCACTAACTTGTGG_001,42
CAAGTTCCACTAACTTGTGG_002,122
CAAGTTCCACTAACTTGTGG_003,27
AGCCAGACTACCCTGCCGAG_001,8
AGCCAGACTACCCTGCCGAG_002,183
AGCCAGACTACCCTGCCGAG_003,112
AGCCAGACTACCCTGCCGAG_004,110
AGCCAGACTACCCTGCCGAG_005,134
AGCCAGACTACCCTGCCGAG_006,97
AGCCAGACTACCCTGCCGAG_007,20
AGCCAGACTACCCTGCCGAG_008,108
AGCCAGACTACCCTGCCGAG_009,126
AGCCAGACTACCCTGCCGAG_010,172
AGCCAGACTACCCTGCCGAG_011,76
AGCCAGACTACCCTGCCGAG_012,146
AGCCAGACTACCCTGCCGAG_013,128
AGCCAGACTACCCTGCCGAG_014,80
GCTGGCACTCCGTCACCACG_001,48
GCTGGCACTCCGTCACCACG_002,175
GCTGGCACTCCGTCACCACG_003,191
GCTGGCACTCCGTCACCACG_004,114
GCTGGCACTCCGTCACCACG_005,139
GCTGGCACTCCGTCACCACG_006,52
GCTGGCACTCCGTCACCACG_007,2
GCTGGCACTCCGTCACCACG_008,23
GCTGGCACTCCGTCACCACG_009,83
GCTGGCACTCCGTCACCACG_010,70
GCTGGCACTCCGTCACCACG_011,77
GCTGGCACTCCGTCACCACG_012,88
GCTGGCACTCCGTCACCACG_013,147
GCTGGCACTCCGTCACCACG_014,98
GCTGGCACTCCGTCACCACG_015,160
GCTGGCACTCCGTCACCACG_016,198
GCTGGCACTCCGTCACCACG_017,46
GCTGGCACTCCGTCACCACG_018,18
GCTGGCACTCCGTCACCACG_019,162
GCTGGCACTCCGTCACCACG_020,131
GCTGGCACTCCGTCACCACG_021,168
GCTGGCACTCCGTCACCACG_022,196
ATTGAAGAGGCGATGCATGT_001,168
ATTGAAGAGGCGATGCATGT_002,96
ATTGAAGAGGCGATGCATGT_003,133
ATTGAAGAGGCGATGCATGT_004,34
ATTGAAGAGGCGATGCATGT_005,63
ATTGAAGAGGCGATGCATGT_006,9
ATTGAAGAGGCGATGCATGT_007,162
ATTGAAGAGGCGATGCATGT_008,19
ATTGAAGAGGCGATGCATGT_009,169
ATTGAAGAGGCGATGCATGT_010,25
ATTGAAGAGGCGATGCATGT_011,32
ATTGAAGAGGCGATGCATGT_012,4
ATTGAAGAGGCGATGCATGT_013,118
GAACGTGACCGTCACTGACG_001,70
GAACGTGACCGTCACTGACG_002,34
GAACGTGACCGTCACTGACG_003,102
GAACGTGACCGTCACTGACG_004,62
GAACGTGACCGTCACTGACG_005,96
GAACGTGACCGTCACTGACG_006,102
GAACGTGACCGTCACTGACG_007,188
GAACGTGACCGTCACTGACG_008,10
TCAATTAAGGATCTCACAGA_001,48
TCAATTAAGGATCTCACAGA_002,41
TCAATTAAGGATCTCACAGA_003,48
TCAATTAAGGATCTCACAGA_004,22
TCAATTAAGGATCTCACAGA_005,47
TCAATTAAGGATCTCACAGA_006,83
TCAATTAAGGATCTCACAGA_007,111
TCAATTAAGGATCTCACAGA_008,118
TCAATTAAGGATCTCACAGA_009,101
TCAATTAAGGATCTCACAGA_010,183
TCAATTAAGGATCTCACAGA_011,41
ACCCATAGGACGGTACACAA_001,48
ACCCATAGGACGGTACACAA_002,197
ACCCATAGGACGGTACACAA_003,7
ACCCATAGGACGGTACACAA_004,141
ACCCATAGGACGGTACACAA_005,88
ACCCATAGGACGGTACACAA_006,192
ACCCATAGGACGGTACACAA_007,177
ACCCATAGGACGGTACACAA_008,192
ACCCATAGGACGGTACACAA_009,24
ACCCATAGGACGGTACACAA_010,71
ACCCATAGGACGGTACACAA_011,88
ACCCATAGGACGGTACACAA_012,19
ACCCATAGGACGGTACACAA_013,86
ACCCATAGGACGGTACACAA_014,83
ACCCATAGGACGGTACACAA_015,115
ACCCATAGGACGGTACACAA_016,9
ACCCATAGGACGGTACACAA_017,146
ACCCATAGGACGGTACACAA_018,111
ACCCATAGGACGGTACACAA_019,115
ACCCATAGGACGGTACACAA_020,55
ACCCATAGGACGGTACACAA_021,54
ACCCATAGGACGGTACACAA_022,137
ACCCATAGGACGGTACACAA_023,138
ACCCATAGGACGGTACACAA_024,196
ACCCATAGGACGGTACACAA_025,90
ACCCATAGGACGGTACACAA_026,177
ACCCATAGGACGGTACACAA_027,61
ACCCATAGGACGGTACACAA_028,153
ACCCATAGGACGGTACACAA_029,6
ACCCATAGGACGGTACACAA_030,79
TTGTTGGGCTGGATAATGCA_001,41
GCTGTTCGAGAGGTTCGAGA_001,72
GCTGTTCGAGAGGTTCGAGA_002,147
GCTGTTCGAGAGGTTCGAGA_003,60
GCTGTTCGAGAGGTTCGAGA_004,140
GCTGTTCGAGAGGTTCGAGA_005,4
GCTGTTCGAGAGGTTCGAGA_006,77
GCTGTTCGAGAGGTTCGAGA_007,112
GCTGTTCGAGAGGTTCGAGA_008,83
GCTGTTCGAGAGGTTCGAGA_009,192
GCTGTTCGAGAGGTTCGAGA_010,185
GCTGTTCGAGAGGTTCGAGA_011,72
GCTGTTCGAGAGGTTCGAGA_012,26
GCTGTTCGAGAGGTTCGAGA_013,8
GCTGTTCGAGAGGTTCGAGA_014,72
GCTGTTCGAGAGGTTCGAGA_015,192
GCTGTTCGAGAGGTTCGAGA_016,138
GCTGTTCGAGAGGTTCGAGA_017,114
GCTGTTCGAGAGGTTCGAGA_018,170
GCTGTTCGAGAGGTTCGAGA_019,191
GCTGTTCGAGAGGTTCGAGA_020,41
GCTGTTCGAGAGGTTCGAGA_021,170
GCTGTTCGAGAGGTTCGAGA_022,105
GCTGTTCGAGAGGTTCGAGA_023,54
GCTGTTCGAGAGGTTCGAGA_024,127
GCTGTTCGAGAGGTTCGAGA_025,129
GCTGTTCGAGAGGTTCGAGA_026,160
GCTGTTCGAGAGGTTCGAGA_027,178
GCTGTTCGAGAGGTTCGAGA_028,117
CTCAGCTTCCCGTATATGAG_001,189
CTCAGCTTCCCGTATATGAG_002,22
CTCAGCTTCCCGTATATGAG_003,5
CTCAGCTTCCCGTATATGAG_004,98
CTCAGCTTCCCGTATATGAG_005,17
CTCAGCTTCCCGTATATGAG_006,197
CTCAGCTTCCCGTATATGAG_007,8
CTCAGCTTCCCGTATATGAG_008,106
CTCAGCTTCCCGTATATGAG_009,198
CTCAGCTTCCCGTATATGAG_010,123
GTAATACAGTGACAATGGTA_001,24
GTAATACAGTGACAATGGTA_002,5
GTAATACAGTGACAATGGTA_003,168
GTAATACAGTGACAATGGTA_004,8
GTAATACAGTGACAATGGTA_005,191
GTAATACAGTGACAATGGTA_006,147
GTAATACAGTGACAATGGTA_007,3
TGAAGCCCAGTAATAAACAC_001,51
TGAAGCCCAGTAATAAACAC_002,29
TGAAGCCCAGTAATAAACAC_003,137
TGAAGCCCAGTAATAAACAC_004,140
TGAAGCCCAGTAATAAACAC_005,140
TGGAAAAAGTGCATGCTGGG_001,9
TGGAAAAAGTGCATGCTGGG_002,160
TGGAAAAAGTGCATGCTGGG_003,13
TGGAAAAAGTGCATGCTGGG_004,157
TGGAAAAAGTGCATGCTGGG_005,1
TGGAAAAAGTGCATGCTGGG_006,168
TGGAAAAAGTGCATGCTGGG_007,137
AGGCGTGGAGAGTCTGTGTG_001,88
AGGCGTGGAGAGTCTGTGTG_002,94
AGGCGTGGAGAGTCTGTGTG_003,32
AGGCGTGGAGAGTCTGTGTG_004,181
AGGCGTGGAGAGTCTGTGTG_005,158
AGGCGTGGAGAGTCTGTGTG_006,182
AGGCGTGGAGAGTCTGTGTG_007,83
AGGCGTGGAGAGTCTGTGTG_008,137
AGGCGTGGAGAGTCTGTGTG_009,124
AGGCGTGGAGAGTCTGTGTG_010,15
AGGCGTGGAGAGTCTGTGTG_011,58
AGGCGTGGAGAGTCTGTGTG_012,150
AGGCGTGGAGAGTCTGTGTG_013,12
AGGCGTGGAGAGTCTGTGTG_014,24
AGGCGTGGAGAGTCTGTGTG_015,44
AGGCGTGGAGAGTCTGTGTG_016,162
AGGCGTGGAGAGTCTGTGTG_017,88
AGGCGTGGAGAGTCTGTGTG_018,183
AGGCGTGGAGAGTCTGTGTG_019,170
AGGCGTGGAGAGTCTGTGTG_020,182
AGGCGTGGAGAGTCTGTGTG_021,46
CCGCTACCGGTGAACCAGCG_001,51
CCGCTACCGGTGAACCAGCG_002,117
CCGCTACCGGTGAACCAGCG_003,177
CCGCTACCGGTGAACCAGCG_004,15
CCGCTACCGGTGAACCAGCG_005,197
CCGCTACCGGTGAACCAGCG_006,12
CCGCTACCGGTGAACCAGCG_007,191
CCGCTACCGGTGAACCAGCG_008,134
CCGCTACCGGTGAACCAGCG_009,188
CCGCTACCGGTGAACCAGCG_010,70
CCGCTACCGGTGAACCAGCG_011,197
CCGCTACCGGTGAACCAGCG_012,133
CCGCTACCGGTGAACCAGCG_013,60
CCGCTACCGGTGAACCAGCG_014,114
CCGCTACCGGTGAACCAGCG_015,4
CCGCTACCGGTGAACCAGCG_016,58
CCGCTACCGGTGAACCAGCG_017,9
CCGCTACCGGTGAACCAGCG_018,70
CCGCTACCGGTGAACCAGCG_019,134
CCGCTACCGGTGAACCAGCG_020,143
CCGCTACCGGTGAACCAGCG_021,33
CCGCTACCGGTGAACCAGCG_022,131
CCGCTACCGGTGAACCAGCG_023,169
CCGCTACCGGTGAACCAGCG_024,179
CCGCTACCGGTGAACCAGCG_025,180
CCGCTACCGGTGAACCAGCG_026,184
CCGCTACCGGTGAACCAGCG_027,50
CCGCTACCGGTGAACCAGCG_028,14
CCGCTACCGGTGAACCAGCG_029,28
CCGCTACCGGTGAACCAGCG_030,153
CCGCTACCGGTGAACCAGCG_031,2
CCGCTACCGGTGAACCAGCG_032,151
CCGCTACCGGTGAACCAGCG_033,101
CCGCTACCGGTGAACCAGCG_034,50
GAGAGCGTCGAAACGCTGTG_001,102
GAGAGCGTCGAAACGCTGTG_002,0
GAGAGCGTCGAAACGCTGTG_003,128
GAGAGCGTCGAAACGCTGTG_004,99
GAGAGCGTCGAAACGCTGTG_005,19
GAGAGCGTCGAAACGCTGTG_006,78
GAGAGCGTCGAAACGCTGTG_007,116
GAGAGCGTCGAAACGCTGTG_008,137
GAGAGCGTCGAAACGCTGTG_009,35
GAGAGCGTCGAAACGCTGTG_010,127
GCCTTCATGTGGCAGTGACG_001,103
GCCTTCATGTGGCAGTGACG_002,71
TGCTTAACAGTATGGTTGTG_001,92
GTGCTCCACTGGGATCTCGT_001,68
GTGCTCCACTGGGATCTCGT_002,113
GTGCTCCACTGGGATCTCGT_003,168
GTGCTCCACTGGGATCTCGT_004,40
GTGCTCCACTGGGATCTCGT_005,175
GTGCTCCACTGGGATCTCGT_006,163
GTGCTCCACTGGGATCTCGT_007,45
GTGCTCCACTGGGATCTCGT_008,76
GTGCTCCACTGGGATCTCGT_009,148
GTGCTCCACTGGGATCTCGT_010,67
GTGCTCCACTGGGATCTCGT_011,52
GTGCTCCACTGGGATCTCGT_012,192
GTGCTCCACTGGGATCTCGT_013,130
GTGCTCCACTGGGATCTCGT_014,169
GTGCTCCACTGGGATCTCGT_015,180
TTCTGGATGGTACATGACAG_001,62
TTCTGGATGGTACATGACAG_002,58
TTCTGGATGGTACATGACAG_003,169
TTCTGGATGGTACATGACAG_004,47
TTCTGGATGGTACATGACAG_005,6
CATCCTAGAGCTCCACACAA_001,83
CATCCTAGAGCTCCACACAA_002,83
CATCCTAGAGCTCCACACAA_003,25
CATCCTAGAGCTCCACACAA_004,85
CATCCTAGAGCTCCACACAA_005,158
CATCCTAGAGCTCCACACAA_006,184
GGGGGGCCATGCCCAGTTCA_001,48
GGGGGGCCATGCCCAGTTCA_002,137
GGGGGGCCATGCCCAGTTCA_003,49
GGGGGGCCATGCCCAGTTCA_004,51
GGGGGGCCATGCCCAGTTCA_005,54
GGGGGGCCATGCCCAGTTCA_006,44
GGGGGGCCATGCCCAGTTCA_007,1
GGGGGGCCATGCCCAGTTCA_008,177
GGGGGGCCATGCCCAGTTCA_009,29
GGGGGGCCATGCCCAGTTCA_010,40
GGGGGGCCATGCCCAGTTCA_011,145
GGGGGGCCATGCCCAGTTCA_012,188
TCTCGTCCAGAAGCTTAACA_001,7
ACAAGCACCCTTTATGAGCG_001,166
ACAAGCACCCTTTATGAGCG_002,59
ACAAGCACCCTTTATGAGCG_003,5
ACAAGCACCCTTTATGAGCG_004,198
ACAAGCACCCTTTATGAGCG_005,13
ACAAGCACCCTTTATGAGCG_006,166
ACAAGCACCCTTTATGAGCG_007,147
ACAAGCACCCTTTATGAGCG_008,122
ACAAGCACCCTTTATGAGCG_009,17
ACAAGCACCCTTTATGAGCG_010,86
ACAAGCACCCTTTATGAGCG_011,182
ACAGCAATGTACACTCGTGG_001,29
ACAGCAATGTACACTCGTGG_002,12
ACAGCAATGTACACTCGTGG_003,84
ACAGCAATGTACACTCGTGG_004,69
ACAGCAATGTACACTCGTGG_005,8
CGCAGGAAGCCAATCCGACG_001,65
CGCAGGAAGCCAATCCGACG_002,77
CGCAGGAAGCCAATCCGACG_003,8
CGCAGGAAGCCAATCCGACG_004,149
CGCAGGAAGCCAATCCGACG_005,1
CGCAGGAAGCCAATCCGACG_006,2
CGCAGGAAGCCAATCCGACG_007,33
CGCAGGAAGCCAATCCGACG_008,83
CGCAGGAAGCCAATCCGACG_009,42
TATTACCGGACAAAGCTGCG_001,128
TATTACCGGACAAAGCTGCG_002,153
TATTACCGGACAAAGCTGCG_003,81
TATTACCGGACAAAGCTGCG_004,49
TATTACCGGACAAAGCTGCG_005,106
TATTACCGGACAAAGCTGCG_006,94
TATTACCGGACAAAGCTGCG_007,165
TATTACCGGACAAAGCTGCG_008,155
TATTACCGGACAAAGCTGCG_009,141
TATTACCGGACAAAGCTGCG_010,23
TATTACCGGACAAAGCTGCG_011,101
TATTACCGGACAAAGCTGCG_012,103
TATTACCGGACAAAGCTGCG_013,65
TATTACCGGACAAAGCTGCG_014,179
TATTACCGGACAAAGCTGCG_015,52
TATTACCGGACAAAGCTGCG_016,41
TATTACCGGACAAAGCTGCG_017,161
TATTACCGGACAAAGCTGCG_018,196
TATTACCGGACAAAGCTGCG_019,88
TATTACCGGACAAAGCTGCG_020,175
TATTACCGGACAAAGCTGCG_021,16
TATTACCGGACAAAGCTGCG_022,10
TATTACCGGACAAAGCTGCG_023,58
TATTACCGGACAAAGCTGCG_024,0
TATTACCGGACAAAGCTGCG_025,66
AGCGCCGAATACGAGTAGGG_001,77
AGCGCCGAATACGAGTAGGG_002,38
AGCGCCGAATACGAGTAGGG_003,67
AGCGCCGAATACGAGTAGGG_004,92
AGCGCCGAATACGAGTAGGG_005,57
AGCGCCGAATACGAGTAGGG_006,57
AGCGCCGAATACGAGTAGGG_007,91
AGCGCCGAATACGAGTAGGG_008,102
AGCGCCGAATACGAGTAGGG_009,23
GACCGGGAGCTTGCTGACCG_001,62
GACCGGGAGCTTGCTGACCG_002,177
GACCGGGAGCTTGCTGACCG_003,29
GACCGGGAGCTTGCTGACCG_004,189
GACCGGGAGCTTGCTGACCG_005,130
GACCGGGAGCTTGCTGACCG_006,98
AAACCGGTATTGACTAACCC_001,120
AAACCGGTATTGACTAACCC_002,15
AAGGCTGTGTTCCCACACGG_001,61
AAGGCTGTGTTCCCACACGG_002,145
AAGGCTGTGTTCCCACACGG_003,83
AAGGCTGTGTTCCCACACGG_004,96
AAGGCTGTGTTCCCACACGG_005,38
AAGGCTGTGTTCCCACACGG_006,1
AAGGCTGTGTTCCCACACGG_007,33
AAGGCTGTGTTCCCACACGG_008,162
AAGGCTGTGTTCCCACACGG_009,58
AAGGCTGTGTTCCCACACGG_010,65
AAGGCTGTGTTCCCACACGG_011,29
AAGGCTGTGTTCCCACACGG_012,40
GTAACCAACAGAACGACTGT_001,50
GTAACCAACAGAACGACTGT_002,183
GTAACCAACAGAACGACTGT_003,139
GTAACCAACAGAACGACTGT_004,88
GTAACCAACAGAACGACTGT_005,81
GTAACCAACAGAACGACTGT_006,123
CTCTGCCACGTACTCGAGGG_001,144
CTCTGCCACGTACTCGAGGG_002,75
CTCTGCCACGTACTCGAGGG_003,62
CTCTGCCACGTACTCGAGGG_004,35
CTCTGCCACGTACTCGAGGG_005,39
CTCTGCCACGTACTCGAGGG_006,39
GAGCTGCTGGGAGAGTACGT_001,55
GAGCTGCTGGGAGAGTACGT_002,45
GAGCTGCTGGGAGAGTACGT_003,122
GAGCTGCTGGGAGAGTACGT_004,68
GAGCTGCTGGGAGAGTACGT_005,1
GAGCTGCTGGGAGAGTACGT_006,49
GAGCTGCTGGGAGAGTACGT_007,137
GAGCTGCTGGGAGAGTACGT_008,16
AGAACCGCAGAGCTAAGCAA_001,169
AGAACCGCAGAGCTAAGCAA_002,42
AGAACCGCAGAGCTAAGCAA_003,69
AGAACCGCAGAGCTAAGCAA_004,30
AGAACCGCAGAGCTAAGCAA_005,189
AGAACCGCAGAGCTAAGCAA_006,48
AGAACCGCAGAGCTAAGCAA_007,13
AGAACCGCAGAGCTAAGCAA_008,176
AGAACCGCAGAGCTAAGCAA_009,69
AGAACCGCAGAGCTAAGCAA_010,41
AGAACCGCAGAGCTAAGCAA_011,113
AGAACCGCAGAGCTAAGCAA_012,31
AGAACCGCAGAGCTAAGCAA_013,194
AGAACCGCAGAGCTAAGCAA_014,76
AGAACCGCAGAGCTAAGCAA_015,88
AGAACCGCAGAGCTAAGCAA_016,9
AGAACCGCAGAGCTAAGCAA_017,127
AGAACCGCAGAGCTAAGCAA_018,181
AGAACCGCAGAGCTAAGCAA_019,188
AGAACCGCAGAGCTAAGCAA_020,18
AGAACCGCAGAGCTAAGCAA_021,75
AGAACCGCAGAGCTAAGCAA_022,102
AGAACCGCAGAGCTAAGCAA_023,1
CACCCTGAGAGTGACCGGCG_001,181
CACCCTGAGAGTGACCGGCG_002,174
CACCCTGAGAGTGACCGGCG_003,81
CACCCTGAGAGTGACCGGCG_004,175
CACCCTGAGAGTGACCGGCG_005,102
CACCCTGAGAGTGACCGGCG_006,113
CACCCTGAGAGTGACCGGCG_007,60
CACCCTGAGAGTGACCGGCG_008,165
CACCCTGAGAGTGACCGGCG_009,53
CACCCTGAGAGTGACCGGCG_010,194
CACCCTGAGAGTGACCGGCG_011,9
CACCCTGAGAGTGACCGGCG_012,29
CACCCTGAGAGTGACCGGCG_013,146
CACCCTGAGAGTGACCGGCG_014,108
CACCCTGAGAGTGACCGGCG_015,100
CACCCTGAGAGTGACCGGCG_016,28
CACCCTGAGAGTGACCGGCG_017,159
CACCCTGAGAGTGACCGGCG_018,28
CACCCTGAGAGTGACCGGCG_019,44
CACCCTGAGAGTGACCGGCG_020,76
CACCCTGAGAGTGACCGGCG_021,102
CACCCTGAGAGTGACCGGCG_022,160
CACCCTGAGAGTGACCGGCG_023,28
CACCCTGAGAGTGACCGGCG_024,164
CACCCTGAGAGTGACCGGCG_025,194
CACCCTGAGAGTGACCGGCG_026,152
CACCCTGAGAGTGACCGGCG_027,96
CACCCTGAGAGTGACCGGCG_028,29
CCTTATCAGTGTTCGGAGTG_001,70
CCTTATCAGTGTTCGGAGTG_002,91
CCTTATCAGTGTTCGGAGTG_003,44
CCTTATCAGTGTTCGGAGTG_004,129
CCTTATCAGTGTTCGGAGTG_005,147
CCTTATCAGTGTTCGGAGTG_006,155
CCTTATCAGTGTTCGGAGTG_007,145
GAGTTTCTGGTAAACACTAG_001,76
GAGTTTCTGGTAAACACTAG_002,105
GCCACGTTCCCGCTACATGG_001,182
GCCACGTTCCCGCTACATGG_002,1
GCCACGTTCCCGCTACATGG_003,160
GCCACGTTCCCGCTACATGG_004,174
GGAAGAAGGTACTTAGCTGG_001,27
GGAAGAAGGTACTTAGCTGG_002,126
GGAAGAAGGTACTTAGCTGG_003,148
GGAAGAAGGTACTTAGCTGG_004,82
GGAAGAAGGTACTTAGCTGG_005,6
TCTGTTCCAACTGATAGTGA_001,69
TCTGTTCCAACTGATAGTGA_002,162
TGAAGATGTTCAAATTGAGG_001,49
TGAAGATGTTCAAATTGAGG_002,80
TGAAGATGTTCAAATTGAGG_003,144
GGGTCCCAAACAACTCAGGA_001,8
GGGTCCCAAACAACTCAGGA_002,43
GGGTCCCAAACAACTCAGGA_003,149
GGGTCCCAAACAACTCAGGA_004,185
GGGTCCCAAACAACTCAGGA_005,145
GGGTCCCAAACAACTCAGGA_006,22
GGGTCCCAAACAACTCAGGA_007,59
GGGTCCCAAACAACTCAGGA_008,54
GGGTCCCAAACAACTCAGGA_009,58
GGGTCCCAAACAACTCAGGA_010,131
GGGTCCCAAACAACTCAGGA_011,175
GGGTCCCAAACAACTCAGGA_012,139
GGGTCCCAAACAACTCAGGA_013,105
GGGTCCCAAACAACTCAGGA_014,122
GGGTCCCAAACAACTCAGGA_015,81
GGGTCCCAAACAACTCAGGA_016,66
GGGTCCCAAACAACTCAGGA_017,63
GGGTCCCAAACAACTCAGGA_018,27
GGGTCCCAAACAACTCAGGA_019,170
GGGTCCCAAACAACTCAGGA_020,77
AGGAGGAAACACTGGCACCG_001,196
AGGAGGAAACACTGGCACCG_002,134
AGGAGGAAACACTGGCACCG_003,70
AGGAGGAAACACTGGCACCG_004,159
AGGAGGAAACACTGGCACCG_005,28
AGGAGGAAACACTGGCACCG_006,199
AGGAGGAAACACTGGCACCG_007,27
AGGAGGAAACACTGGCACCG_008,74
AGGAGGAAACACTGGCACCG_009,95
AGGAGGAAACACTGGCACCG_010,80
AGGAGGAAACACTGGCACCG_011,191
AGGAGGAAACACTGGCACCG_012,19
AGGAGGAAACACTGGCACCG_013,63
AGGAGGAAACACTGGCACCG_014,155
AGGAGGAAACACTGGCACCG_015,175
AGGAGGAAACACTGGCACCG_016,63
AGGAGGAAACACTGGCACCG_017,8
AGGAGGAAACACTGGCACCG_018,67
AGGAGGAAACACTGGCACCG_019,36
AGGAGGAAACACTGGCACCG_020,97
AGGAGGAAACACTGGCACCG_021,12
AGGAGGAAACACTGGCACCG_022,158
AGGAGGAAACACTGGCACCG_023,141
AGGAGGAAACACTGGCACCG_024,48
AGGAGGAAACACTGGCACCG_025,40
AGGAGGAAACACTGGCACCG_026,29
AGGAGGAAACACTGGCACCG_027,78
AGGAGGAAACACTGGCACCG_028,103
AGGAGGAAACACTGGCACCG_029,6
AGGAGGAAACACTGGCACCG_030,76
AGGAGGAAACACTGGCACCG_031,150
AGGAGGAAACACTGGCACCG_032,86
AGGAGGAAACACTGGCACCG_033,63
AGGAGGAAACACTGGCACCG_034,78
AGGAGGAAACACTGGCACCG_035,42
AGGAGGAAACACTGGCACCG_036,43
GCCCGCCAGCTCTTACCCGA_001,199
GCCCGCCAGCTCTTACCCGA_002,123
CATGATGTAGGCGATAGCGA_001,21
CATGATGTAGGCGATAGCGA_002,87
CATGATGTAGGCGATAGCGA_003,150
CATGATGTAGGCGATAGCGA_004,11
CATGATGTAGGCGATAGCGA_005,25
CACTCAACCCACAGCCACGG_001,96
CACTCAACCCACAGCCACGG_002,70
CACTCAACCCACAGCCACGG_003,48
CACTCAACCCACAGCCACGG_004,41
CACTCAACCCACAGCCACGG_005,105
CACTCAACCCACAGCCACGG_006,103
CACTCAACCCACAGCCACGG_007,185
CACTCAACCCACAGCCACGG_008,172
CACTCAACCCACAGCCACGG_009,76
CACTCAACCCACAGCCACGG_010,17
CACTCAACCCACAGCCACGG_011,88
CACTCAACCCACAGCCACGG_012,147
CACTCAACCCACAGCCACGG_013,60
CACTCAACCCACAGCCACGG_014,139
CACTCAACCCACAGCCACGG_015,2
CACTCAACCCACAGCCACGG_016,12
CACTCAACCCACAGCCACGG_017,16
CACTCAACCCACAGCCACGG_018,75
CACTCAACCCACAGCCACGG_019,117
CACTCAACCCACAGCCACGG_020,70
CACTCAACCCACAGCCACGG_021,8
CACTCAACCCACAGCCACGG_022,12
CACTCAACCCACAGCCACGG_023,144
CACTCAACCCACAGCCACGG_024,130
CACTCAACCCACAGCCACGG_025,7
CACTCAACCCACAGCCACGG_026,29
CACTCAACCCACAGCCACGG_027,8
CACTCAACCCACAGCCACGG_028,193
CACTCAACCCACAGCCACGG_029,152
CACTCAACCCACAGCCACGG_030,24
CACTCAACCCACAGCCACGG_031,53
CACTCAACCCACAGCCACGG_032,24
CACTCAACCCACAGCCACGG_033,94
CACTCAACCCACAGCCACGG_034,6
CACTCAACCCACAGCCACGG_035,49
CACTCAACCCACAGCCACGG_036,174
CACTCAACCCACAGCCACGG_037,40
CACTCAACCCACAGCCACGG_038,97
CACTCAACCCACAGCCACGG_039,52
CACTCAACCCACAGCCACGG_040,70
CACTCAACCCACAGCCACGG_041,180
CACTCAACCCACAGCCACGG_042,168
TCACCCACTGTAAAGGAGGA_001,101
TCACCCACTGTAAAGGAGGA_002,50
TCACCCACTGTAAAGGAGGA_003,77
TCACCCACTGTAAAGGAGGA_004,63
TCTTCACATCGATGGCTCGC_001,23
TCTTCACATCGATGGCTCGC_002,176
TCTTCACATCGATGGCTCGC_003,145
TCTTCACATCGATGGCTCGC_004,124
AGAGGAGGCTGGTCAGACAA_001,173
AGAGGAGGCTGGTCAGACAA_002,173
AGAGGAGGCTGGTCAGACAA_003,119
AGAGGAGGCTGGTCAGACAA_004,58
AGAGGAGGCTGGTCAGACAA_005,42
AGAGGAGGCTGGTCAGACAA_006,154
AGAGGAGGCTGGTCAGACAA_007,8
AGAGGAGGCTGGTCAGACAA_008,158
AGAGGAGGCTGGTCAGACAA_009,145
AGAGGAGGCTGGTCAGACAA_010,94
AGAGGAGGCTGGTCAGACAA_011,118
AGAGGAGGCTGGTCAGACAA_012,16
AGAGGAGGCTGGTCAGACAA_013,94
AGAGGAGGCTGGTCAGACAA_014,48
AGAGGAGGCTGGTCAGACAA_015,83
AGAGGAGGCTGGTCAGACAA_016,192
AGTCCAACTTTGCCCCAAGT_001,105
AGTCCAACTTTGCCCCAAGT_002,29
AGTCCAACTTTGCCCCAAGT_003,98
AGTCCAACTTTGCCCCAAGT_004,184
AGTCCAACTTTGCCCCAAGT_005,86
AGTCCAACTTTGCCCCAAGT_006,82
AGTCCAACTTTGCCCCAAGT_007,9
AGTCCAACTTTGCCCCAAGT_008,30
AGTCCAACTTTGCCCCAAGT_009,98
AGTCCAACTTTGCCCCAAGT_010,144
AGTCCAACTTTGCCCCAAGT_011,75
TGAAATCACAGAATATCTGG_001,154
TGAAATCACAGAATATCTGG_002,64
TGAAATCACAGAATATCTGG_003,151
TGAAATCACAGAATATCTGG_004,188
TGAAATCACAGAATATCTGG_005,168
TTCACACCATCACGACGCGT_001,51
TTCACACCATCACGACGCGT_002,50
TTCACACCATCACGACGCGT_003,95
TTCACACCATCACGACGCGT_004,20
TTCACACCATCACGACGCGT_005,191
TTCACACCATCACGACGCGT_006,22
TTCACACCATCACGACGCGT_007,189
ACAAATGTAAGCCTTGTCCA_001,19
ACAAATGTAAGCCTTGTCCA_002,175
ACAAATGTAAGCCTTGTCCA_003,51
ACAAATGTAAGCCTTGTCCA_004,26
ACAAATGTAAGCCTTGTCCA_005,81
ACAAATGTAAGCCTTGTCCA_006,52
ACAAATGTAAGCCTTGTCCA_007,147
ACAAATGTAAGCCTTGTCCA_008,180
ACAAATGTAAGCCTTGTCCA_009,129
ACAAATGTAAGCCTTGTCCA_010,81
ACAAATGTAAGCCTTGTCCA_011,88
ATACAGTGGAGCAACAACAA_001,199
ATACAGTGGAGCAACAACAA_002,145
ATACAGTGGAGCAACAACAA_003,20
ATACAGTGGAGCAACAACAA_004,68
ATACAGTGGAGCAACAACAA_005,64
ATACAGTGGAGCAACAACAA_006,104
ATACAGTGGAGCAACAACAA_007,177
ATACAGTGGAGCAACAACAA_008,57
ATACAGTGGAGCAACAACAA_009,121
ATACAGTGGAGCAACAACAA_010,198
ATACAGTGGAGCAACAACAA_011,21
ATACAGTGGAGCAACAACAA_012,160
ATACAGTGGAGCAACAACAA_013,40
ATACAGTGGAGCAACAACAA_014,115
ATACAGTGGAGCAACAACAA_015,21
ATACAGTGGAGCAACAACAA_016,35
ATACAGTGGAGCAACAACAA_017,103
ATACAGTGGAGCAACAACAA_018,113
ATACAGTGGAGCAACAACAA_019,128
ATACAGTGGAGCAACAACAA_020,138
ATACAGTGGAGCAACAACAA_021,146
ATACAGTGGAGCAACAACAA_022,184
ATACAGTGGAGCAACAACAA_023,4
ATACAGTGGAGCAACAACAA_024,90
ATACAGTGGAGCAACAACAA_025,177
ATACAGTGGAGCAACAACAA_026,23
CTCACAGTCACCGAGAACCA_001,53
CTCACAGTCACCGAGAACCA_002,132
CTCACAGTCACCGAGAACCA_003,115
CTCACAGTCACCGAGAACCA_004,47
CTCACAGTCACCGAGAACCA_005,108
CTCACAGTCACCGAGAACCA_006,157
CTCACAGTCACCGAGAACCA_007,43
CTCACAGTCACCGAGAACCA_008,94
CTCACAGTCACCGAGAACCA_009,140
CTCACAGTCACCGAGAACCA_010,169
CTCACAGTCACCGAGAACCA_011,117
GACACATTGATAGTCAGAGT_001,106
GACACATTGATAGTCAGAGT_002,17
GACACATTGATAGTCAGAGT_003,147
GACACATTGATAGTCAGAGT_004,102
GACACATTGATAGTCAGAGT_005,138
GACACATTGATAGTCAGAGT_006,27
GACACATTGATAGTCAGAGT_007,0
GACACATTGATAGTCAGAGT_008,133
GATACATTCAACCTTCTGCG_001,181
GATACATTCAACCTTCTGCG_002,107
GATACATTCAACCTTCTGCG_003,99
GATACATTCAACCTTCTGCG_004,162
CTTCGACCGCTTACGCAGGG_001,189
CTTCGACCGCTTACGCAGGG_002,171
CTTCGACCGCTTACGCAGGG_003,10
CTTCGACCGCTTACGCAGGG_004,169
CTTCGACCGCTTACGCAGGG_005,40
CTTCGACCGCTTACGCAGGG_006,50
CTTCGACCGCTTACGCAGGG_007,48
CTTCGACCGCTTACGCAGGG_008,51
CTTCGACCGCTTACGCAGGG_009,88
CTTCGACCGCTTACGCAGGG_010,150
CTTCGACCGCTTACGCAGGG_011,88
CTTCGACCGCTTACGCAGGG_012,168
CTTCGACCGCTTACGCAGGG_013,8
CTTCGACCGCTTACGCAGGG_014,0
CTTCGACCGCTTACGCAGGG_015,78
CTTCGACCGCTTACGCAGGG_016,164
TCCCATTGAGTCGGCTGCTG_001,127
TCCCATTGAGTCGGCTGCTG_002,176
TCCCATTGAGTCGGCTGCTG_003,182
TCCCATTGAGTCGGCTGCTG_004,191
TCCCATTGAGTCGGCTGCTG_005,142
TCCCATTGAGTCGGCTGCTG_006,142
TCCCATTGAGTCGGCTGCTG_007,146
TCCCATTGAGTCGGCTGCTG_008,77
TCCCATTGAGTCGGCTGCTG_009,174
TCCCATTGAGTCGGCTGCTG_010,16
TCCCATTGAGTCGGCTGCTG_011,96
TCCCATTGAGTCGGCTGCTG_012,183
TCCCATTGAGTCGGCTGCTG_013,15
TCCCATTGAGTCGGCTGCTG_014,115
TCCCATTGAGTCGGCTGCTG_015,150
TCCCATTGAGTCGGCTGCTG_016,148
TCCCATTGAGTCGGCTGCTG_017,85
TCCCATTGAGTCGGCTGCTG_018,78
TCCCATTGAGTCGGCTGCTG_019,172
TCCCATTGAGTCGGCTGCTG_020,169
TCCCATTGAGTCGGCTGCTG_021,168
CCTCTGCACACGGACCTCGA_001,60
CCTCTGCACACGGACCTCGA_002,94
CCTCTGCACACGGACCTCGA_003,31
CCTCTGCACACGGACCTCGA_004,31
CCTCTGCACACGGACCTCGA_005,171
CCTCTGCACACGGACCTCGA_006,134
CCTCTGCACACGGACCTCGA_007,9
CCTCTGCACACGGACCTCGA_008,94
CCTCTGCACACGGACCTCGA_009,76
CCTCTGCACACGGACCTCGA_010,196
CCTCTGCACACGGACCTCGA_011,19
CCTCTGCACACGGACCTCGA_012,179
CCTCTGCACACGGACCTCGA_013,102
CCTCTGCACACGGACCTCGA_014,39
CCTCTGCACACGGACCTCGA_015,130
CTCTACACCCCCATAGATCG_001,188
CTCTACACCCCCATAGATCG_002,5
CTCTACACCCCCATAGATCG_003,69
CTCTACACCCCCATAGATCG_004,155
CTCTACACCCCCATAGATCG_005,183
CTCTACACCCCCATAGATCG_006,136
CTCTACACCCCCATAGATCG_007,74
CTCTACACCCCCATAGATCG_008,72
CTCTACACCCCCATAGATCG_009,51
CTCTACACCCCCATAGATCG_010,197
CTCTACACCCCCATAGATCG_011,34
CTCTACACCCCCATAGATCG_012,120
TCCAAGAGTGACAGAGTCGT_001,58
TCCAAGAGTGACAGAGTCGT_002,105
TCCAAGAGTGACAGAGTCGT_003,54
TCCAAGAGTGACAGAGTCGT_004,43
TCCAAGAGTGACAGAGTCGT_005,116
TCCAAGAGTGACAGAGTCGT_006,43
CATAAGCTGTAAAAACTTTG_001,154
CATAAGCTGTAAAAACTTTG_002,3
GAGGCCCCGCACGTTGACCA_001,63
GAGGCCCCGCACGTTGACCA_002,12
GAGGCCCCGCACGTTGACCA_003,168
GAGGCCCCGCACGTTGACCA_004,93
GAGGCCCCGCACGTTGACCA_005,115
GAGGCCCCGCACGTTGACCA_006,70
GAGGCCCCGCACGTTGACCA_007,197
GAGGCCCCGCACGTTGACCA_008,52
GGTCATAACGACCATCTCCA_001,140
GGTCATAACGACCATCTCCA_002,143
GGTCATAACGACCATCTCCA_003,14
GGTCATAACGACCATCTCCA_004,98
GGTCATAACGACCATCTCCA_005,50
GGTCATAACGACCATCTCCA_006,50
GGTCATAACGACCATCTCCA_007,105
GGTCATAACGACCATCTCCA_008,143
GGTCATAACGACCATCTCCA_009,143
GGTCATAACGACCATCTCCA_010,63
GGTCATAACGACCATCTCCA_011,87
GGTCATAACGACCATCTCCA_012,87
GGTCATAACGACCATCTCCA_013,10
GGTCATAACGACCATCTCCA_014,106
GGTCATAACGACCATCTCCA_015,26
CAGAAATGGGGAAATACACG_001,78
CAGAAATGGGGAAATACACG_002,115
CAGAAATGGGGAAATACACG_003,40
CAGAAATGGGGAAATACACG_004,70
TGTCTCTGCGCTTTAACGGA_001,130
TGTCTCTGCGCTTTAACGGA_002,9
TGTCTCTGCGCTTTAACGGA_003,173
TGTCTCTGCGCTTTAACGGA_004,49
TGTCTCTGCGCTTTAACGGA_005,114
CTGTACAACTACCGCCATGG_001,192
CTGTACAACTACCGCCATGG_002,4
CTGTACAACTACCGCCATGG_003,63
CTGTACAACTACCGCCATGG_004,21
CTGTACAACTACCGCCATGG_005,5
CTGTACAACTACCGCCATGG_006,150
CTGTACAACTACCGCCATGG_007,12
CTGTACAACTACCGCCATGG_008,162
GCCACCCTCCACAGTAACGA_001,17
GCCACCCTCCACAGTAACGA_002,77
GCCACCCTCCACAGTAACGA_003,140
GCCACCCTCCACAGTAACGA_004,105
GCCACCCTCCACAGTAACGA_005,53
GCCACCCTCCACAGTAACGA_006,188
GCCACCCTCCACAGTAACGA_007,46
GCCACCCTCCACAGTAACGA_008,169
GCCACCCTCCACAGTAACGA_009,150
GCCACCCTCCACAGTAACGA_010,121
GCCACCCTCCACAGTAACGA_011,127
AGTGTAAAGCAACACACCCA_001,78
AGTGTAAAGCAACACACCCA_002,150
AGTGTAAAGCAACACACCCA_003,161
AGTGTAAAGCAACACACCCA_004,29
AGTGTAAAGCAACACACCCA_005,9
AGTGTAAAGCAACACACCCA_006,70
AGTGTAAAGCAACACACCCA_007,8
AGTGTAAAGCAACACACCCA_008,173
AGTGTAAAGCAACACACCCA_009,8
AGTGTAAAGCAACACACCCA_010,178
AGTGTAAAGCAACACACCCA_011,75
AGTGTAAAGCAACACACCCA_012,33
AGTGTAAAGCAACACACCCA_013,12
AGTGTAAAGCAACACACCCA_014,40
AGTGTAAAGCAACACACCCA_015,67
AGTGTAAAGCAACACACCCA_016,16
AGTGTAAAGCAACACACCCA_017,169
AGTGTAAAGCAACACACCCA_018,172
AGTGTAAAGCAACACACCCA_019,145
AGTGTAAAGCAACACACCCA_020,9
AGTGTAAAGCAACACACCCA_021,120
AGTGTAAAGCAACACACCCA_022,141
AGTGTAAAGCAACACACCCA_023,119
AGTGTAAAGCAACACACCCA_024,48
AGTGTAAAGCAACACACCCA_025,10
AGTGTAAAGCAACACACCCA_026,91
AGTGTAAAGCAACACACCCA_027,147
AGTGTAAAGCAACACACCCA_028,152
AGTGTAAAGCAACACACCCA_029,98
AGTGTAAAGCAACACACCCA_030,105
AGTGTAAAGCAACACACCCA_031,121
AGTGTAAAGCAACACACCCA_032,29
AGTGTAAAGCAACACACCCA_033,44
CCGGCCACCGCAGAGACCGG_001,114
CCGGCCACCGCAGAGACCGG_002,53
CCGGCCACCGCAGAGACCGG_003,154
CCGGCCACCGCAGAGACCGG_004,10
CCGGCCACCGCAGAGACCGG_005,84
CCGGCCACCGCAGAGACCGG_006,115
CCGGCCACCGCAGAGACCGG_007,157
CCGGCCACCGCAGAGACCGG_008,77
CCGGCCACCGCAGAGACCGG_009,20
CCGGCCACCGCAGAGACCGG_010,5
CCGGCCACCGCAGAGACCGG_011,179
CCGGCCACCGCAGAGACCGG_012,38
CCGGCCACCGCAGAGACCGG_013,174
CCGGCCACCGCAGAGACCGG_014,127
CCGGCCACCGCAGAGACCGG_015,125
CCGGCCACCGCAGAGACCGG_016,37
CCGGCCACCGCAGAGACCGG_017,3
CCGGCCACCGCAGAGACCGG_018,77
CCGGCCACCGCAGAGACCGG_019,77
CCGGCCACCGCAGAGACCGG_020,35
CCGGCCACCGCAGAGACCGG_021,121
AGGCAGCCCAGCAACTGACG_001,140
AGGCAGCCCAGCAACTGACG_002,125
AGGCAGCCCAGCAACTGACG_003,127
AGGCAGCCCAGCAACTGACG_004,154
AGGCAGCCCAGCAACTGACG_005,143
AGGCAGCCCAGCAACTGACG_006,183
AGGCAGCCCAGCAACTGACG_007,69
AGGCAGCCCAGCAACTGACG_008,82
AGGCAGCCCAGCAACTGACG_009,127
AGGCAGCCCAGCAACTGACG_010,117
AGGCAGCCCAGCAACTGACG_011,41
AGGCAGCCCAGCAACTGACG_012,42
AGGCAGCCCAGCAACTGACG_013,21
AGGCAGCCCAGCAACTGACG_014,150
AGGCAGCCCAGCAACTGACG_015,199
AGGCAGCCCAGCAACTGACG_016,17
AGGCAGCCCAGCAACTGACG_017,17
AGGCAGCCCAGCAACTGACG_018,7
AGGCAGCCCAGCAACTGACG_019,40
AGGCAGCCCAGCAACTGACG_020,77
AGGCAGCCCAGCAACTGACG_021,108
AGGCAGCCCAGCAACTGACG_022,138
AGGCAGCCCAGCAACTGACG_023,153
AGGCAGCCCAGCAACTGACG_024,106
AGGCAGCCCAGCAACTGACG_025,77
AGGCAGCCCAGCAACTGACG_026,70
AGGCAGCCCAGCAACTGACG_027,17
AGGCAGCCCAGCAACTGACG_028,33
AGGCAGCCCAGCAACTGACG_029,39
AGGCAGCCCAGCAACTGACG_030,6
AGGCAGCCCAGCAACTGACG_031,17
AGGCAGCCCAGCAACTGACG_032,46
AGGCAGCCCAGCAACTGACG_033,137
AGGCAGCCCAGCAACTGACG_034,78
AGGCAGCCCAGCAACTGACG_035,165
AAAGCCACCATTACCAGCAG_001,197
AAAGCCACCATTACCAGCAG_002,141
AAAGCCACCATTACCAGCAG_003,168
AAAGCCACCATTACCAGCAG_004,78
GGTGCTATAGATGTCACACT_001,144
GGTGCTATAGATGTCACACT_002,158
GGTGCTATAGATGTCACACT_003,136
GGTGCTATAGATGTCACACT_004,58
GGTGCTATAGATGTCACACT_005,175
TTCTTCATTTATCTTTATTC_001,139
TTCTTCATTTATCTTTATTC_002,68
TTCTTCATTTATCTTTATTC_003,187
TGGAGAGAACTAGATCAAGC_001,138
GGTGAGCATAAGGTGCACAA_001,50
GGTGAGCATAAGGTGCACAA_002,105
GGTGAGCATAAGGTGCACAA_003,183
GGTGAGCATAAGGTGCACAA_004,154
GGTGAGCATAAGGTGCACAA_005,77
GGTGAGCATAAGGTGCACAA_006,5
GGTGAGCATAAGGTGCACAA_007,120
GGTGAGCATAAGGTGCACAA_008,50
GGTGAGCATAAGGTGCACAA_009,105
GGTGAGCATAAGGTGCACAA_010,39
CTGTGTTCTGTAGACAGACG_001,93
CTGTGTTCTGTAGACAGACG_002,42
CTGTGTTCTGTAGACAGACG_003,128
CTGTGTTCTGTAGACAGACG_004,175
CTGTGTTCTGTAGACAGACG_005,81
CTGTGTTCTGTAGACAGACG_006,188
CTGTGTTCTGTAGACAGACG_007,104
CTGTGTTCTGTAGACAGACG_008,68
CTGTGTTCTGTAGACAGACG_009,27
CTGTGTTCTGTAGACAGACG_010,168
GAGGCCAGAGAAACACACGA_001,52
GAGGCCAGAGAAACACACGA_002,94
GAGGCCAGAGAAACACACGA_003,19
GAGGCCAGAGAAACACACGA_004,1
GAGGCCAGAGAAACACACGA_005,144
GAGGCCAGAGAAACACACGA_006,84
GAGGCCAGAGAAACACACGA_007,98
GAGGCCAGAGAAACACACGA_008,42
GAGGCCAGAGAAACACACGA_009,174
GAGGCCAGAGAAACACACGA_010,139
GAGGCCAGAGAAACACACGA_011,37
GAGGCCAGAGAAACACACGA_012,63
GAGGCCAGAGAAACACACGA_013,15
GAGGCCAGAGAAACACACGA_014,156
GAGGCCAGAGAAACACACGA_015,95
GAGGCCAGAGAAACACACGA_016,95
GAGGCCAGAGAAACACACGA_017,0
GAGGCCAGAGAAACACACGA_018,130
GAGGCCAGAGAAACACACGA_019,137
GAGGCCAGAGAAACACACGA_020,158
GAGGCCAGAGAAACACACGA_021,124
GAGGCCAGAGAAACACACGA_022,182
GAGGCCAGAGAAACACACGA_023,139
GAGGCCAGAGAAACACACGA_024,73
GAGGCCAGAGAAACACACGA_025,65
GAGGCCAGAGAAACACACGA_026,144
GAGGCCAGAGAAACACACGA_027,6
GAGGCCAGAGAAACACACGA_028,88
GAGGCCAGAGAAACACACGA_029,138
GAGGCCAGAGAAACACACGA_030,175
GAGGCCAGAGAAACACACGA_031,84
GAGGCCAGAGAAACACACGA_032,33
GAGGCCAGAGAAACACACGA_033,4
GAGGCCAGAGAAACACACGA_034,49
GAGGCCAGAGAAACACACGA_035,89
GAGGCCAGAGAAACACACGA_036,13
GAGGCCAGAGAAACACACGA_037,166
GAGGCCAGAGAAACACACGA_038,139
GAGGCCAGAGAAACACACGA_039,63
GAGGCCAGAGAAACACACGA_040,171
GAGGCCAGAGAAACACACGA_041,147
GTATACCATCAAACCCCCCA_001,4
GTATACCATCAAACCCCCCA_002,94
GTATACCATCAAACCCCCCA_003,77
GTATACCATCAAACCCCCCA_004,198
GTATACCATCAAACCCCCCA_005,154
CTTCATCGGACCAAAAGCAG_001,91
CTTCATCGGACCAAAAGCAG_002,95
CTTCATCGGACCAAAAGCAG_003,55
TTAAGGTATCAGATACACAC_001,23
TTAAGGTATCAGATACACAC_002,90
ATCAGTGGTAATCCATAAGG_001,192
ATCAGTGGTAATCCATAAGG_002,61
ATCAGTGGTAATCCATAAGG_003,9
ATCAGTGGTAATCCATAAGG_004,180
GCGCCCGTGACAGCCGAGTG_001,43
GCGCCCGTGACAGCCGAGTG_002,106
GCGCCCGTGACAGCCGAGTG_003,33
GCGCCCGTGACAGCCGAGTG_004,69
GCGCCCGTGACAGCCGAGTG_005,158
GCTTCATGCGGATCGTACGA_001,19
GCTTCATGCGGATCGTACGA_002,146
GCTTCATGCGGATCGTACGA_003,152
GCTTCATGCGGATCGTACGA_004,70
GCTTCATGCGGATCGTACGA_005,16
GCTTCATGCGGATCGTACGA_006,19
GCTTCATGCGGATCGTACGA_007,106
GCTTCATGCGGATCGTACGA_008,70
GCTTCATGCGGATCGTACGA_009,1
GCTTCATGCGGATCGTACGA_010,189
AGCAATGGTAGAGAACCCGG_001,23
AGCAATGGTAGAGAACCCGG_002,166
AGCAATGGTAGAGAACCCGG_003,188
AGCAATGGTAGAGAACCCGG_004,0
AGCAATGGTAGAGAACCCGG_005,137
AGCAATGGTAGAGAACCCGG_006,125
AGCAATGGTAGAGAACCCGG_007,101
AGCAATGGTAGAGAACCCGG_008,166
AGCAATGGTAGAGAACCCGG_009,96
AGCAATGGTAGAGAACCCGG_010,133
AGCAATGGTAGAGAACCCGG_011,88
AGCAATGGTAGAGAACCCGG_012,34
AGCAATGGTAGAGAACCCGG_013,175
AGCAATGGTAGAGAACCCGG_014,70
AGCAATGGTAGAGAACCCGG_015,174
AGCAATGGTAGAGAACCCGG_016,170
AGCAATGGTAGAGAACCCGG_017,160
AGCAATGGTAGAGAACCCGG_018,31
AGCAATGGTAGAGAACCCGG_019,82
AGCAATGGTAGAGAACCCGG_020,49
AGCAATGGTAGAGAACCCGG_021,150
AGCAATGGTAGAGAACCCGG_022,78
AGCAATGGTAGAGAACCCGG_023,122
AGCAATGGTAGAGAACCCGG_024,9
AGCAATGGTAGAGAACCCGG_025,68
GTCATGTAGAGATTGCCGGG_001,5
GTCATGTAGAGATTGCCGGG_002,29
GTCATGTAGAGATTGCCGGG_003,21
GTCATGTAGAGATTGCCGGG_004,199
GTCATGTAGAGATTGCCGGG_005,137
GTCATGTAGAGATTGCCGGG_006,174
GTCATGTAGAGATTGCCGGG_007,78
GTCATGTAGAGATTGCCGGG_008,193
GTCATGTAGAGATTGCCGGG_009,181
GTCATGTAGAGATTGCCGGG_010,130
GTCATGTAGAGATTGCCGGG_011,107
GTCATGTAGAGATTGCCGGG_012,168
GTCATGTAGAGATTGCCGGG_013,111
GTCATGTAGAGATTGCCGGG_014,77
GTCATGTAGAGATTGCCGGG_015,63
GTCATGTAGAGATTGCCGGG_016,126
GTCATGTAGAGATTGCCGGG_017,150
GTCATGTAGAGATTGCCGGG_018,35
AGTGGGTACAAGACTGCTCA_001,42
AGTGGGTACAAGACTGCTCA_002,4
AGTGGGTACAAGACTGCTCA_003,32
AGTGGGTACAAGACTGCTCA_004,169
AGTGGGTACAAGACTGCTCA_005,105
AGTGGGTACAAGACTGCTCA_006,166
AGTGGGTACAAGACTGCTCA_007,55
AGTGGGTACAAGACTGCTCA_008,68
AGTGGGTACAAGACTGCTCA_009,127
AGTGGGTACAAGACTGCTCA_010,197
AGTGGGTACAAGACTGCTCA_011,62
AGTGGGTACAAGACTGCTCA_012,173
AGTGGGTACAAGACTGCTCA_013,173
AGTGGGTACAAGACTGCTCA_014,125
AGTGGGTACAAGACTGCTCA_015,158
AGTGGGTACAAGACTGCTCA_016,58
AGTGGGTACAAGACTGCTCA_017,27
AGTGGGTACAAGACTGCTCA_018,99
ATAGACCATAGTAACCTGGG_001,148
ATAGACCATAGTAACCTGGG_002,191
ATAGACCATAGTAACCTGGG_003,98
ATAGACCATAGTAACCTGGG_004,158
CTACAAGACCATTGCCCGAG_001,129
CTACAAGACCATTGCCCGAG_002,157
CTACAAGACCATTGCCCGAG_003,84
CTACAAGACCATTGCCCGAG_004,143
CTACAAGACCATTGCCCGAG_005,106
CTACAAGACCATTGCCCGAG_006,75
CTACAAGACCATTGCCCGAG_007,134
CTACAAGACCATTGCCCGAG_008,83
CTACAAGACCATTGCCCGAG_009,168
CACTGTTGCCTGGCATAGCG_001,142
CACTGTTGCCTGGCATAGCG_002,104
CACTGTTGCCTGGCATAGCG_003,194
CACTGTTGCCTGGCATAGCG_004,191
CACTGTTGCCTGGCATAGCG_005,27
CACTGTTGCCTGGCATAGCG_006,186
CACTGTTGCCTGGCATAGCG_007,149
CACTGTTGCCTGGCATAGCG_008,83
CACTGTTGCCTGGCATAGCG_009,34
CACTGTTGCCTGGCATAGCG_010,96
CACTGTTGCCTGGCATAGCG_011,45
CACTGTTGCCTGGCATAGCG_012,126
GACGGACTGCTGCAATCCGG_001,107
GACGGACTGCTGCAATCCGG_002,60
GACGGACTGCTGCAATCCGG_003,158
GACGGACTGCTGCAATCCGG_004,130
GACGGACTGCTGCAATCCGG_005,135
GACGGACTGCTGCAATCCGG_006,170
GACGGACTGCTGCAATCCGG_007,13
GACGGACTGCTGCAATCCGG_008,62
GACGGACTGCTGCAATCCGG_009,94
GACGGACTGCTGCAATCCGG_010,66
GACGGACTGCTGCAATCCGG_011,137
GACGGACTGCTGCAATCCGG_012,3
GACGGACTGCTGCAATCCGG_013,78
GACGGACTGCTGCAATCCGG_014,53
GCCGGGAAAAGTGATTCGAG_001,8
GCCGGGAAAAGTGATTCGAG_002,198
GCCGGGAAAAGTGATTCGAG_003,38
GCCGGGAAAAGTGATTCGAG_004,186
GCCGGGAAAAGTGATTCGAG_005,19
GCCGGGAAAAGTGATTCGAG_006,58
GCCGGGAAAAGTGATTCGAG_007,62
GCCGGGAAAAGTGATTCGAG_008,83
GCCGGGAAAAGTGATTCGAG_009,158
GCCGGGAAAAGTGATTCGAG_010,107
GCCGGGAAAAGTGATTCGAG_011,72
GCCGGGAAAAGTGATTCGAG_012,16
GCCGGGAAAAGTGATTCGAG_013,121
GCCGGGAAAAGTGATTCGAG_014,161
GCCGGGAAAAGTGATTCGAG_015,163
GCCGGGAAAAGTGATTCGAG_016,144
GCCGGGAAAAGTGATTCGAG_017,170
GCCGGGAAAAGTGATTCGAG_018,179
AGCATGGGTGAACCATGACA_001,142
AGCATGGGTGAACCATGACA_002,53
AGCATGGGTGAACCATGACA_003,49
AGCATGGGTGAACCATGACA_004,43
AGCATGGGTGAACCATGACA_005,172
AGCATGGGTGAACCATGACA_006,136
AGCATGGGTGAACCATGACA_007,130
AGCATGGGTGAACCATGACA_008,88
AGCATGGGTGAACCATGACA_009,168
AGCATGGGTGAACCATGACA_010,19
AGCATGGGTGAACCATGACA_011,39
CGCCGCGAACTGGAGCACCC_001,195
CGCCGCGAACTGGAGCACCC_002,147
CGCCGCGAACTGGAGCACCC_003,58
CGCCGCGAACTGGAGCACCC_004,76
CGCCGCGAACTGGAGCACCC_005,181
CGCCGCGAACTGGAGCACCC_006,178
CGCCGCGAACTGGAGCACCC_007,144
CGCCGCGAACTGGAGCACCC_008,99
CGCCGCGAACTGGAGCACCC_009,97
AGAACTCCGAGGCCGCATCG_001,196
AGAACTCCGAGGCCGCATCG_002,128
AGAACTCCGAGGCCGCATCG_003,63
AGAACTCCGAGGCCGCATCG_004,99
AGAACTCCGAGGCCGCATCG_005,124
GGGGCCGTACACTTGCGTGG_001,48
GGGGCCGTACACTTGCGTGG_002,102
GGGGCCGTACACTTGCGTGG_003,50
GGGGCCGTACACTTGCGTGG_004,16
GGGGCCGTACACTTGCGTGG_005,60
GGGGCCGTACACTTGCGTGG_006,188
GGGGCCGTACACTTGCGTGG_007,10
GGGGCCGTACACTTGCGTGG_008,127
CACACGATGTTGTTACCTGA_001,94
CACACGATGTTGTTACCTGA_002,172
CACACGATGTTGTTACCTGA_003,73
CACACGATGTTGTTACCTGA_004,46
CACACGATGTTGTTACCTGA_005,194
CACACGATGTTGTTACCTGA_006,72
CACACGATGTTGTTACCTGA_007,20
CACACGATGTTGTTACCTGA_008,98
CACACGATGTTGTTACCTGA_009,19
CACACGATGTTGTTACCTGA_010,168
CACACGATGTTGTTACCTGA_011,121
CACACGATGTTGTTACCTGA_012,169
CACACGATGTTGTTACCTGA_013,151
CACACGATGTTGTTACCTGA_014,8
CACACGATGTTGTTACCTGA_015,138
CACACGATGTTGTTACCTGA_016,29
CACACGATGTTGTTACCTGA_017,27
CACACGATGTTGTTACCTGA_018,27
CACACGATGTTGTTACCTGA_019,168
CACACGATGTTGTTACCTGA_020,154
CACACGATGTTGTTACCTGA_021,185
ATGGTCAAGGAACCTACCAA_001,83
ATGGTCAAGGAACCTACCAA_002,97
ATGGTCAAGGAACCTACCAA_003,0
ATGGTCAAGGAACCTACCAA_004,160
ATGGTCAAGGAACCTACCAA_005,78
ATGGTCAAGGAACCTACCAA_006,135
ATGGTCAAGGAACCTACCAA_007,20
ATGGTCAAGGAACCTACCAA_008,101
ATGGTCAAGGAACCTACCAA_009,112
ATGGTCAAGGAACCTACCAA_010,149
ATGGTCAAGGAACCTACCAA_011,125
ATGGTCAAGGAACCTACCAA_012,141
ATGGTCAAGGAACCTACCAA_013,77
ATGGTCAAGGAACCTACCAA_014,149
ATGGTCAAGGAACCTACCAA_015,50
ATGGTCAAGGAACCTACCAA_016,78
ATGGTCAAGGAACCTACCAA_017,138
ATGGTCAAGGAACCTACCAA_018,0
ATGGTCAAGGAACCTACCAA_019,108
ATGGTCAAGGAACCTACCAA_020,178
ATGGTCAAGGAACCTACCAA_021,9
ATGGTCAAGGAACCTACCAA_022,13
ATGGTCAAGGAACCTACCAA_023,26
ATGGTCAAGGAACCTACCAA_024,78
ATGGTCAAGGAACCTACCAA_025,150
ATGGTCAAGGAACCTACCAA_026,160
TGGGATACGAGTCTCCATCG_001,1
TGGGATACGAGTCTCCATCG_002,149
TGGGATACGAGTCTCCATCG_003,178
TGGGATACGAGTCTCCATCG_004,123
TGGGATACGAGTCTCCATCG_005,85
TGGGATACGAGTCTCCATCG_006,40
GCTGGTTGTTGATAGCATCG_001,156
GCTGGTTGTTGATAGCATCG_002,60
GCTGGTTGTTGATAGCATCG_003,125
GCTGGTTGTTGATAGCATCG_004,118
GAAATATGGCATCATCGAGG_001,170
GAAATATGGCATCATCGAGG_002,3
GAAATATGGCATCATCGAGG_003,33
TGTCCACTGCACAGTTCGAG_001,188
TGTCCACTGCACAGTTCGAG_002,193
GGCCCCATGGCTACTACCCA_001,158
GGCCCCATGGCTACTACCCA_002,21
GGCCCCATGGCTACTACCCA_003,157
GGCCCCATGGCTACTACCCA_004,148
GGCCCCATGGCTACTACCCA_005,25
TGTGTCCGGTCTAAACATTG_001,70
TGTGTCCGGTCTAAACATTG_002,43
TGTGTCCGGTCTAAACATTG_003,161
TGTGTCCGGTCTAAACATTG_004,141
TGTGTCCGGTCTAAACATTG_005,42
TGTGTCCGGTCTAAACATTG_006,77
TGTGTCCGGTCTAAACATTG_007,28
TGTGTCCGGTCTAAACATTG_008,15
CTTGGGGCCAAGAACATAGG_001,40
CTTGGGGCCAAGAACATAGG_002,38
CTTGGGGCCAAGAACATAGG_003,65
CTTGGGGCCAAGAACATAGG_004,170
CTTGGGGCCAAGAACATAGG_005,16
CTTGGGGCCAAGAACATAGG_006,115
CTTGGGGCCAAGAACATAGG_007,118
CTTGGGGCCAAGAACATAGG_008,115
CTTGGGGCCAAGAACATAGG_009,40
CTTGGGGCCAAGAACATAGG_010,129
CTTGGGGCCAAGAACATAGG_011,151
CTTGGGGCCAAGAACATAGG_012,6
CTTGGGGCCAAGAACATAGG_013,197
TGTGTAGCTCATCTTGGCTG_001,73
ATGACCAAAACTGTGCCTTG_001,154
ATGACCAAAACTGTGCCTTG_002,173
GAAGCATGGATATCGGCAAG_001,11
GAAGCATGGATATCGGCAAG_002,146
GAAGCATGGATATCGGCAAG_003,28
GAAGCATGGATATCGGCAAG_004,119
GAAGCATGGATATCGGCAAG_005,85
GAAGCATGGATATCGGCAAG_006,69
GAAGCATGGATATCGGCAAG_007,129
GGCCGACTGGTTGTAAAAGG_001,175
GGATAAAAACCGAAAGCCAG_001,12
GGATAAAAACCGAAAGCCAG_002,84
GGATAAAAACCGAAAGCCAG_003,36
GGATAAAAACCGAAAGCCAG_004,12
GGATAAAAACCGAAAGCCAG_005,4
GGATAAAAACCGAAAGCCAG_006,136
GGATAAAAACCGAAAGCCAG_007,126
GGATAAAAACCGAAAGCCAG_008,116
GGATAAAAACCGAAAGCCAG_009,62
GGATAAAAACCGAAAGCCAG_010,45
GGATAAAAACCGAAAGCCAG_011,121
GGATAAAAACCGAAAGCCAG_012,195
GGATAAAAACCGAAAGCCAG_013,110
GGATAAAAACCGAAAGCCAG_014,189
AGATTGGGGATTATGACTCA_001,14
AGATTGGGGATTATGACTCA_002,180
AGATTGGGGATTATGACTCA_003,80
CATGCTAGTAGTGAACGGTG_001,198
CATGCTAGTAGTGAACGGTG_002,153
CATGCTAGTAGTGAACGGTG_003,34
CATGCTAGTAGTGAACGGTG_004,40
CATGCTAGTAGTGAACGGTG_005,113
CATGCTAGTAGTGAACGGTG_006,188
CATGCTAGTAGTGAACGGTG_007,116
CATGCTAGTAGTGAACGGTG_008,56
CATGCTAGTAGTGAACGGTG_009,199
CATGCTAGTAGTGAACGGTG_010,1
CATGCTAGTAGTGAACGGTG_011,49
CATGCTAGTAGTGAACGGTG_012,104
CATGCTAGTAGTGAACGGTG_013,77
CATGCTAGTAGTGAACGGTG_014,179
ACATAGGCCTGGCACTATCG_001,146
ACATAGGCCTGGCACTATCG_002,133
ACATAGGCCTGGCACTATCG_003,144
ACATAGGCCTGGCACTATCG_004,105
ACATAGGCCTGGCACTATCG_005,18
ACATAGGCCTGGCACTATCG_006,133
ACATAGGCCTGGCACTATCG_007,28
ATTGGGGTAAAGAGTTGATT_001,108
ATTGGGGTAAAGAGTTGATT_002,30
ATTGGGGTAAAGAGTTGATT_003,195
TGAGACCGAAACCAGACTAC_001,183
TGGCGACTTCGACTTCGATG_001,50
TGGCGACTTCGACTTCGATG_002,159
TGGCGACTTCGACTTCGATG_003,16
TGGCGACTTCGACTTCGATG_004,124
GAGCTGGTGAAAGAACCGCC_001,141
GAGCTGGTGAAAGAACCGCC_002,60
GAGCTGGTGAAAGAACCGCC_003,88
GAGCTGGTGAAAGAACCGCC_004,159
GAGCTGGTGAAAGAACCGCC_005,134
GAGCTGGTGAAAGAACCGCC_006,171
GAGCTGGTGAAAGAACCGCC_007,42
GGTGCTCGGCTCGGACACAT_001,122
GGTGCTCGGCTCGGACACAT_002,106
GGTGCTCGGCTCGGACACAT_003,51
GGTGCTCGGCTCGGACACAT_004,194
GGTGCTCGGCTCGGACACAT_005,81
GGTGCTCGGCTCGGACACAT_006,83
GGTGCTCGGCTCGGACACAT_007,145
GGTGCTCGGCTCGGACACAT_008,24
GGTGCTCGGCTCGGACACAT_009,163
GGTGCTCGGCTCGGACACAT_010,27
GGTGCTCGGCTCGGACACAT_011,2
GGTGCTCGGCTCGGACACAT_012,182
GGTGCTCGGCTCGGACACAT_013,84
GGTGCTCGGCTCGGACACAT_014,88
GGTGCTCGGCTCGGACACAT_015,82
GGTGCTCGGCTCGGACACAT_016,170
GGTGCTCGGCTCGGACACAT_017,98
GGTGCTCGGCTCGGACACAT_018,159
GGTGCTCGGCTCGGACACAT_019,137
GGTGCTCGGCTCGGACACAT_020,150
GGTGCTCGGCTCGGACACAT_021,94
GGTGCTCGGCTCGGACACAT_022,9
GGTGCTCGGCTCGGACACAT_023,38
GGTGCTCGGCTCGGACACAT_024,26
GGTGCTCGGCTCGGACACAT_025,33
GGTGCTCGGCTCGGACACAT_026,20
GGTGCTCGGCTCGGACACAT_027,116
GGTGCTCGGCTCGGACACAT_028,106
GGTGCTCGGCTCGGACACAT_029,8
GGTGCTCGGCTCGGACACAT_030,179
GGTGCTCGGCTCGGACACAT_031,81
GGTGCTCGGCTCGGACACAT_032,94
GTCTCTCCATGAGATATCGG_001,6
GTCTCTCCATGAGATATCGG_002,50
TTCCAAGGGAGTGAAAATCT_001,95
TTCCAAGGGAGTGAAAATCT_002,7
TTCCAAGGGAGTGAAAATCT_003,132
TTCCAAGGGAGTGAAAATCT_004,191
TTCCAAGGGAGTGAAAATCT_005,28
TTCCAAGGGAGTGAAAATCT_006,40
TCTTCCCGTTGTACTACGTG_001,116
TCTTCCCGTTGTACTACGTG_002,29
TCTTCCCGTTGTACTACGTG_003,13
TCTTCCCGTTGTACTACGTG_004,178
TCTTCCCGTTGTACTACGTG_005,36
TCTTCCCGTTGTACTACGTG_006,84
TCTTCCCGTTGTACTACGTG_007,168
CACCGGGTTCTTGATGAACG_001,56
CACCGGGTTCTTGATGAACG_002,115
CACCGGGTTCTTGATGAACG_003,1
CACCGGGTTCTTGATGAACG_004,85
CACCGGGTTCTTGATGAACG_005,181
CACCGGGTTCTTGATGAACG_006,21
CACCGGGTTCTTGATGAACG_007,58
CACCGGGTTCTTGATGAACG_008,27
CACCGGGTTCTTGATGAACG_009,94
CACCGGGTTCTTGATGAACG_010,58
CACCGGGTTCTTGATGAACG_011,130
CACCGGGTTCTTGATGAACG_012,9
CACCGGGTTCTTGATGAACG_013,81
TGTATGTATTTACTCCGAGG_001,15
TGGGCTACATGAAATCCAAG_001,127
TGGGCTACATGAAATCCAAG_002,70
CTTCATGAAACCCAATTCAG_001,171
CTTCATGAAACCCAATTCAG_002,46
CTTCATGAAACCCAATTCAG_003,113
CTTCATGAAACCCAATTCAG_004,102
CTTCATGAAACCCAATTCAG_005,148
CTTCATGAAACCCAATTCAG_006,95
CTTCATGAAACCCAATTCAG_007,11
CTTCATGAAACCCAATTCAG_008,124
TAATGGGTGGCGTTACTGGC_001,9
TAATGGGTGGCGTTACTGGC_002,48
TAATGGGTGGCGTTACTGGC_003,17
TAATGGGTGGCGTTACTGGC_004,145
TAATGGGTGGCGTTACTGGC_005,127
TAATGGGTGGCGTTACTGGC_006,5
TAATGGGTGGCGTTACTGGC_007,197
TAATGGGTGGCGTTACTGGC_008,176
TAATGGGTGGCGTTACTGGC_009,78
CTACGTGACCTACGGCTCGG_001,160
CTACGTGACCTACGGCTCGG_002,157
CTACGTGACCTACGGCTCGG_003,121
CTACGTGACCTACGGCTCGG_004,181
CTACGTGACCTACGGCTCGG_005,19
CTACGTGACCTACGGCTCGG_006,16
CTACGTGACCTACGGCTCGG_007,25
CTACGTGACCTACGGCTCGG_008,95
CTACGTGACCTACGGCTCGG_009,26
CTACGTGACCTACGGCTCGG_010,165
ATGGCTGGTTCACCCCTGGG_001,186
ATGGCTGGTTCACCCCTGGG_002,174
ATGGCTGGTTCACCCCTGGG_003,135
ATGGCTGGTTCACCCCTGGG_004,100
ATGGCTGGTTCACCCCTGGG_005,113
ATGGCTGGTTCACCCCTGGG_006,190
ATGGCTGGTTCACCCCTGGG_007,33
ATGGCTGGTTCACCCCTGGG_008,23
ATGGCTGGTTCACCCCTGGG_009,136
CCGCAGCGAGAGCGACGCGT_001,62
CCGCAGCGAGAGCGACGCGT_002,160
CCGCAGCGAGAGCGACGCGT_003,199
CCGCAGCGAGAGCGACGCGT_004,9
CCGCAGCGAGAGCGACGCGT_005,148
CCGCAGCGAGAGCGACGCGT_006,53
CCGCAGCGAGAGCGACGCGT_007,94
CCGCAGCGAGAGCGACGCGT_008,168
CCTCTTACCACAATAGCATG_001,73
CCTCTTACCACAATAGCATG_002,125
CCTCTTACCACAATAGCATG_003,191
CCTCTTACCACAATAGCATG_004,54
CCTCTTACCACAATAGCATG_005,177
CAGCGCTGTTCACTGCAAGC_001,53
CAGCGCTGTTCACTGCAAGC_002,193
CAGCGCTGTTCACTGCAAGC_003,126
CAGCGCTGTTCACTGCAAGC_004,44
CAGCGCTGTTCACTGCAAGC_005,134
CAGCGCTGTTCACTGCAAGC_006,174
CAGCGCTGTTCACTGCAAGC_007,52
CAGCGCTGTTCACTGCAAGC_008,82
CAGCGCTGTTCACTGCAAGC_009,162
CAGCGCTGTTCACTGCAAGC_010,11
GGCCCGTAGAAAGCGTCGGG_001,137
GGCCCGTAGAAAGCGTCGGG_002,168
GGCCCGTAGAAAGCGTCGGG_003,75
GGCCCGTAGAAAGCGTCGGG_004,85
GGCCCGTAGAAAGCGTCGGG_005,151
GGCCCGTAGAAAGCGTCGGG_006,160
GGCCCGTAGAAAGCGTCGGG_007,177
GGCCCGTAGAAAGCGTCGGG_008,3
GGCCCGTAGAAAGCGTCGGG_009,71
GGCCCGTAGAAAGCGTCGGG_010,141
GGCCCGTAGAAAGCGTCGGG_011,96
GGCCCGTAGAAAGCGTCGGG_012,31
GGCCCGTAGAAAGCGTCGGG_013,141
GGCCCGTAGAAAGCGTCGGG_014,102
GGCCCGTAGAAAGCGTCGGG_015,16
GGCCCGTAGAAAGCGTCGGG_016,187
GGCCCGTAGAAAGCGTCGGG_017,166
GGCCCGTAGAAAGCGTCGGG_018,37
GGCCCGTAGAAAGCGTCGGG_019,124
GAGATGGTAGACAAAACCCC_001,62
GGTCCGTACACTAACAGATG_001,160
GGTCCGTACACTAACAGATG_002,160
GGTCCGTACACTAACAGATG_003,51
AGTGAAATATGAGTTGCCTT_001,51
AGTGAAATATGAGTTGCCTT_002,41
AGTGAAATATGAGTTGCCTT_003,58
GGCGATTCGGGTGGAGGTCG_001,138
GGCGATTCGGGTGGAGGTCG_002,166
GGCGATTCGGGTGGAGGTCG_003,192
GGCGATTCGGGTGGAGGTCG_004,192
GGCGATTCGGGTGGAGGTCG_005,163
GGCGATTCGGGTGGAGGTCG_006,8
GGCGATTCGGGTGGAGGTCG_007,144
GGCGATTCGGGTGGAGGTCG_008,158
GGCGATTCGGGTGGAGGTCG_009,55
GGCGATTCGGGTGGAGGTCG_010,127
GGCGATTCGGGTGGAGGTCG_011,8
GGCGATTCGGGTGGAGGTCG_012,186
GGCGATTCGGGTGGAGGTCG_013,195
GGCGATTCGGGTGGAGGTCG_014,116
GGCGATTCGGGTGGAGGTCG_015,56
GGCGATTCGGGTGGAGGTCG_016,145
GGCGATTCGGGTGGAGGTCG_017,104
GGCGATTCGGGTGGAGGTCG_018,184
GGCGATTCGGGTGGAGGTCG_019,121
GGCGATTCGGGTGGAGGTCG_020,7
GGCGATTCGGGTGGAGGTCG_021,91
GGCGATTCGGGTGGAGGTCG_022,169
GGCGATTCGGGTGGAGGTCG_023,146
GGCGATTCGGGTGGAGGTCG_024,105
GGCGATTCGGGTGGAGGTCG_025,149
GGCGATTCGGGTGGAGGTCG_026,172
GGCGATTCGGGTGGAGGTCG_027,71
GGCGATTCGGGTGGAGGTCG_028,91
AGCAAAACACGTAGTTAAGG_001,55
AGCAAAACACGTAGTTAAGG_002,184
AGCAAAACACGTAGTTAAGG_003,98
AGCAAAACACGTAGTTAAGG_004,126
AGCAAAACACGTAGTTAAGG_005,28
AGCAAAACACGTAGTTAAGG_006,70
CCGCCATTTCACCCAGTAAG_001,160
CCGCCATTTCACCCAGTAAG_002,85
CCGCCATTTCACCCAGTAAG_003,26
CCGCCATTTCACCCAGTAAG_004,27
AGGCTATTCCTCTGCATTCT_001,159
AGGCTATTCCTCTGCATTCT_002,61
AGGCTATTCCTCTGCATTCT_003,86
AGGCTATTCCTCTGCATTCT_004,104
AAAATGGCCAAAAACTGGAG_001,77
AAAATGGCCAAAAACTGGAG_002,2
AAAATGGCCAAAAACTGGAG_003,120
AAAATGGCCAAAAACTGGAG_004,51
AAAATGGCCAAAAACTGGAG_005,176
AAAATGGCCAAAAACTGGAG_006,78
AAAATGGCCAAAAACTGGAG_007,102
AAAATGGCCAAAAACTGGAG_008,76
AAAATGGCCAAAAACTGGAG_009,137
CAGAGACCACCAAAACCAGG_001,8
CAGAGACCACCAAAACCAGG_002,59
CAGAGACCACCAAAACCAGG_003,62
CAGAGACCACCAAAACCAGG_004,17
CAGAGACCACCAAAACCAGG_005,113
CAGAGACCACCAAAACCAGG_006,140
CAGAGACCACCAAAACCAGG_007,194
CAGAGACCACCAAAACCAGG_008,92
CAGAGACCACCAAAACCAGG_009,13
CAGAGACCACCAAAACCAGG_010,0
CAGAGACCACCAAAACCAGG_011,62
CAGAGACCACCAAAACCAGG_012,3
CAGAGACCACCAAAACCAGG_013,46
CAGAGACCACCAAAACCAGG_014,138
CAGAGACCACCAAAACCAGG_015,177
CAGAGACCACCAAAACCAGG_016,34
CAGAGACCACCAAAACCAGG_017,45
CAGAGACCACCAAAACCAGG_018,168
CAGAGACCACCAAAACCAGG_019,40
CAGAGACCACCAAAACCAGG_020,90
CAGAGACCACCAAAACCAGG_021,9
CAGAGACCACCAAAACCAGG_022,152
CAGAGACCACCAAAACCAGG_023,57
GCTGTCCGAGACCCTGACAA_001,160
GCTGTCCGAGACCCTGACAA_002,87
GCTGTCCGAGACCCTGACAA_003,126
GCTGTCCGAGACCCTGACAA_004,42
GCTGTCCGAGACCCTGACAA_005,82
GCTGTCCGAGACCCTGACAA_006,123
GCTGTCCGAGACCCTGACAA_007,179
GCTGTCCGAGACCCTGACAA_008,185
TGGTCTTGTCAGCTGCCATG_001,88
TGGTCTTGTCAGCTGCCATG_002,145
TGGTCTTGTCAGCTGCCATG_003,50
TGGTCTTGTCAGCTGCCATG_004,69
TGGTCTTGTCAGCTGCCATG_005,7
TGGTCTTGTCAGCTGCCATG_006,75
AAAATCTACAGCCTTAACGA_001,175
AAAATCTACAGCCTTAACGA_002,106
AAAATCTACAGCCTTAACGA_003,142
AGAGAAGTCCCGGACCTATG_001,116
AGAGAAGTCCCGGACCTATG_002,117
AGAGAAGTCCCGGACCTATG_003,15
AGAGAAGTCCCGGACCTATG_004,100
AAGTACTCGGAAAACACCTG_001,188
AAGTACTCGGAAAACACCTG_002,166
AAGTACTCGGAAAACACCTG_003,58
AAGTACTCGGAAAACACCTG_004,60
AAGTACTCGGAAAACACCTG_005,192
AAGTACTCGGAAAACACCTG_006,68
AAGTACTCGGAAAACACCTG_007,176
AAGTACTCGGAAAACACCTG_008,146
AAGTACTCGGAAAACACCTG_009,103
AAGTACTCGGAAAACACCTG_010,190
AAGTACTCGGAAAACACCTG_011,94
AAGTACTCGGAAAACACCTG_012,156
AAGTACTCGGAAAACACCTG_013,164
AAGTACTCGGAAAACACCTG_014,156
AAGTACTCGGAAAACACCTG_015,108
AAGTACTCGGAAAACACCTG_016,127
AAGTACTCGGAAAACACCTG_017,150
AAGTACTCGGAAAACACCTG_018,78
AAGTACTCGGAAAACACCTG_019,135
AAGTACTCGGAAAACACCTG_020,105
AAGTACTCGGAAAACACCTG_021,105
AAGTACTCGGAAAACACCTG_022,118
AAGTACTCGGAAAACACCTG_023,147
AAGTACTCGGAAAACACCTG_024,153
AAGTACTCGGAAAACACCTG_025,186
AAGTACTCGGAAAACACCTG_026,152
AAGTACTCGGAAAACACCTG_027,152
ATGCATGATTGTTATAGAAG_001,127
ATGCATGATTGTTATAGAAG_002,70
ATGCATGATTGTTATAGAAG_003,70
ATGCATGATTGTTATAGAAG_004,48
ATGCATGATTGTTATAGAAG_005,177
ATGCATGATTGTTATAGAAG_006,26
ATGCATGATTGTTATAGAAG_007,131
ATGCATGATTGTTATAGAAG_008,59
ATGCATGATTGTTATAGAAG_009,35
ATGCATGATTGTTATAGAAG_010,138
ATGCATGATTGTTATAGAAG_011,168
GAAGTCCTGATCATCTAACA_001,193
GAGGGTAGGTCAAATCATCA_001,77
GAGGGTAGGTCAAATCATCA_002,41
GAGGGTAGGTCAAATCATCA_003,145
GAGGGTAGGTCAAATCATCA_004,12
GAGGGTAGGTCAAATCATCA_005,74
GAGGGTAGGTCAAATCATCA_006,105
GAGGGTAGGTCAAATCATCA_007,157
GAGGGTAGGTCAAATCATCA_008,84
GAGGGTAGGTCAAATCATCA_009,152
GAGGGTAGGTCAAATCATCA_010,198
GAGGGTAGGTCAAATCATCA_011,168
TATACAAATTCTGCTGGTCA_001,58
GCAAACAGTCGACCCCCATG_001,147
GCAAACAGTCGACCCCCATG_002,168
GCAAACAGTCGACCCCCATG_003,119
GCAAACAGTCGACCCCCATG_004,176
GCAAACAGTCGACCCCCATG_005,78
GCAAACAGTCGACCCCCATG_006,49
GCAAACAGTCGACCCCCATG_007,149
GTGTTGCGTGACAACATCCA_001,31
GTGTTGCGTGACAACATCCA_002,50
GTGTTGCGTGACAACATCCA_003,75
GTGTTGCGTGACAACATCCA_004,160
GTGTTGCGTGACAACATCCA_005,127
AAGCAGGGCTGTCTTTACAA_001,176
AAGCAGGGCTGTCTTTACAA_002,190
AAGCAGGGCTGTCTTTACAA_003,196
AAGCAGGGCTGTCTTTACAA_004,108
AAGCAGGGCTGTCTTTACAA_005,178
AAGCAGGGCTGTCTTTACAA_006,11
AAGCAGGGCTGTCTTTACAA_007,48
AAGCAGGGCTGTCTTTACAA_008,153
AAGCAGGGCTGTCTTTACAA_009,41
AAGCAGGGCTGTCTTTACAA_010,199
AAGCAGGGCTGTCTTTACAA_011,51
AAGCAGGGCTGTCTTTACAA_012,150
GCGCCGTGCTAGGATCCCGT_001,6
GCGCCGTGCTAGGATCCCGT_002,68
CCCAAGCCGGAACTTCACGT_001,2
CCCAAGCCGGAACTTCACGT_002,178
CCCAAGCCGGAACTTCACGT_003,124
CCCAAGCCGGAACTTCACGT_004,2
CCCAAGCCGGAACTTCACGT_005,88
CCCAAGCCGGAACTTCACGT_006,174
CCCAAGCCGGAACTTCACGT_007,183
CCCAAGCCGGAACTTCACGT_008,97
CCCAAGCCGGAACTTCACGT_009,191
CCCAAGCCGGAACTTCACGT_010,77
CCCAAGCCGGAACTTCACGT_011,68
TGGATTATTCGGCTGCGGAA_001,145
TGGATTATTCGGCTGCGGAA_002,165
AATCTCCACGCAATACCTGA_001,30
AATCTCCACGCAATACCTGA_002,76
AATCTCCACGCAATACCTGA_003,183
AATCTCCACGCAATACCTGA_004,138
CGTCGCAGGCCGGATCGGCA_001,114
CGTCGCAGGCCGGATCGGCA_002,157
CGTCGCAGGCCGGATCGGCA_003,23
CGTCGCAGGCCGGATCGGCA_004,53
CGTCGCAGGCCGGATCGGCA_005,81
CGTCGCAGGCCGGATCGGCA_006,115
CGTCGCAGGCCGGATCGGCA_007,80
CGTCGCAGGCCGGATCGGCA_008,113
CGTCGCAGGCCGGATCGGCA_009,129
CGTCGCAGGCCGGATCGGCA_010,149
CGTCGCAGGCCGGATCGGCA_011,34
CGTCGCAGGCCGGATCGGCA_012,47
CGTCGCAGGCCGGATCGGCA_013,58
CGTCGCAGGCCGGATCGGCA_014,35
CGTCGCAGGCCGGATCGGCA_015,141
CGTCGCAGGCCGGATCGGCA_016,147
CGTCGCAGGCCGGATCGGCA_017,78
CGTCGCAGGCCGGATCGGCA_018,184
CGTCGCAGGCCGGATCGGCA_019,38
CGTCGCAGGCCGGATCGGCA_020,168
CGTCGCAGGCCGGATCGGCA_021,147
CGTCGCAGGCCGGATCGGCA_022,59
CGTCGCAGGCCGGATCGGCA_023,63
CGTCGCAGGCCGGATCGGCA_024,168
CGTCGCAGGCCGGATCGGCA_025,19
CGTCGCAGGCCGGATCGGCA_026,199
CGTCGCAGGCCGGATCGGCA_027,9
CGTCGCAGGCCGGATCGGCA_028,15
CGTCGCAGGCCGGATCGGCA_029,40
CGTCGCAGGCCGGATCGGCA_030,60
CGTCGCAGGCCGGATCGGCA_031,190
CGTCGCAGGCCGGATCGGCA_032,196
CGTCGCAGGCCGGATCGGCA_033,177
CTCTGACACCACCATACCAA_001,3
CTCTGACACCACCATACCAA_002,3
CTCTGACACCACCATACCAA_003,135
CTCTGACACCACCATACCAA_004,88
CAGAGCAAAGTATTTCAACG_001,43
CAGAGCAAAGTATTTCAACG_002,15
TGGGAGCGTCTACTGCAAGG_001,27
TGGGAGCGTCTACTGCAAGG_002,94
TGGGAGCGTCTACTGCAAGG_003,188
CTGGACGCTGGACCCGGAGT_001,32
AATCACGGATCTTCTTGACA_001,171
AATCACGGATCTTCTTGACA_002,166
AATCACGGATCTTCTTGACA_003,58
AATCACGGATCTTCTTGACA_004,29
AATCACGGATCTTCTTGACA_005,166
AATCACGGATCTTCTTGACA_006,116
AATCACGGATCTTCTTGACA_007,177
AATCACGGATCTTCTTGACA_008,96
AATCACGGATCTTCTTGACA_009,69
AATCACGGATCTTCTTGACA_010,29
AATCACGGATCTTCTTGACA_011,66
TCAGAAACCTCCTGCAAAAG_001,188
TGAACATTCTGACTCGACCG_001,127
TGAACATTCTGACTCGACCG_002,183
TGAACATTCTGACTCGACCG_003,138
GATCCAGCAATATTTCTTAA_001,153
GATCCAGCAATATTTCTTAA_002,127
GATCCAGCAATATTTCTTAA_003,49
GATCCAGCAATATTTCTTAA_004,10
GATCCAGCAATATTTCTTAA_005,62
GATCCAGCAATATTTCTTAA_006,196
CTGAGACAGAAACATCAGGC_001,25
CTGAGACAGAAACATCAGGC_002,29
CTGAGACAGAAACATCAGGC_003,188
CTGAGACAGAAACATCAGGC_004,94
CCATGTGACCATCAACGCAC_001,161
CCATGTGACCATCAACGCAC_002,196
CCATGTGACCATCAACGCAC_003,150
CCATGTGACCATCAACGCAC_004,188
CCATGTGACCATCAACGCAC_005,190
CCATGTGACCATCAACGCAC_006,48
CCATGTGACCATCAACGCAC_007,16
CCATGTGACCATCAACGCAC_008,83
CCATGTGACCATCAACGCAC_009,84
CCATGTGACCATCAACGCAC_010,175
CCATGTGACCATCAACGCAC_011,78
CCATGTGACCATCAACGCAC_012,19
CCATGTGACCATCAACGCAC_013,149
CCATGTGACCATCAACGCAC_014,157
CCATGTGACCATCAACGCAC_015,104
CCATGTGACCATCAACGCAC_016,117
CCATCCAAGTAGGTAAGCTG_001,28
CCATCCAAGTAGGTAAGCTG_002,77
CCATCCAAGTAGGTAAGCTG_003,1
CCATCCAAGTAGGTAAGCTG_004,1
CCATCCAAGTAGGTAAGCTG_005,32
CCATCCAAGTAGGTAAGCTG_006,132
CCATCCAAGTAGGTAAGCTG_007,176
CCATCCAAGTAGGTAAGCTG_008,12
CCATCCAAGTAGGTAAGCTG_009,194
CCATCCAAGTAGGTAAGCTG_010,117
CCATCCAAGTAGGTAAGCTG_011,102
CCATCCAAGTAGGTAAGCTG_012,186
CCATCCAAGTAGGTAAGCTG_013,17
CCATCCAAGTAGGTAAGCTG_014,168
AGATCACAGAGGCAGCCCGT_001,172
AGATCACAGAGGCAGCCCGT_002,56
AGATCACAGAGGCAGCCCGT_003,54
AGATCACAGAGGCAGCCCGT_004,24
AGATCACAGAGGCAGCCCGT_005,16
AGATCACAGAGGCAGCCCGT_006,15
AGATCACAGAGGCAGCCCGT_007,113
AGATCACAGAGGCAGCCCGT_008,141
AGATCACAGAGGCAGCCCGT_009,156
AGATCACAGAGGCAGCCCGT_010,97
AGATCACAGAGGCAGCCCGT_011,40
AGATCACAGAGGCAGCCCGT_012,162
AAGTTCTTCCGCGAGTACGA_001,111
AAGTTCTTCCGCGAGTACGA_002,160
AAGTTCTTCCGCGAGTACGA_003,113
AAGTTCTTCCGCGAGTACGA_004,152
AAGTTCTTCCGCGAGTACGA_005,193
GAACACTGACTCTATCGAGC_001,173
GAACACTGACTCTATCGAGC_002,49
GAACACTGACTCTATCGAGC_003,144
AATGCCACCGAGGATCGCTG_001,72
AATGCCACCGAGGATCGCTG_002,174
AATGCCACCGAGGATCGCTG_003,118
AATGCCACCGAGGATCGCTG_004,192
AATGCCACCGAGGATCGCTG_005,34
AATGCCACCGAGGATCGCTG_006,114
AATGCCACCGAGGATCGCTG_007,92
AATGCCACCGAGGATCGCTG_008,31
AATGCCACCGAGGATCGCTG_009,199
AATGCCACCGAGGATCGCTG_010,145
AATGCCACCGAGGATCGCTG_011,149
CCCGCGGCCCCATTCCGACG_001,114
CCCGCGGCCCCATTCCGACG_002,103
AAGGACAGGACATTTACCAT_001,169
AAGGACAGGACATTTACCAT_002,103
AAGGACAGGACATTTACCAT_003,50
AAGGACAGGACATTTACCAT_004,108
AAGGACAGGACATTTACCAT_005,23
AAGGACAGGACATTTACCAT_006,121
AAGGACAGGACATTTACCAT_007,56
AAGGACAGGACATTTACCAT_008,48
AAGGACAGGACATTTACCAT_009,10
AAGGACAGGACATTTACCAT_010,182
GGCGCAGGGTGATGTGCCGT_001,12
GGCGCAGGGTGATGTGCCGT_002,138
GGCGCAGGGTGATGTGCCGT_003,81
GGCGCAGGGTGATGTGCCGT_004,138
GGCGCAGGGTGATGTGCCGT_005,146
GGCGCAGGGTGATGTGCCGT_006,82
GGCGCAGGGTGATGTGCCGT_007,153
GGCGCAGGGTGATGTGCCGT_008,168
GCCCGCGGTAGGCGCACTGG_001,142
GCCCGCGGTAGGCGCACTGG_002,145
GCCCGCGGTAGGCGCACTGG_003,191
GCCCGCGGTAGGCGCACTGG_004,114
GCCCGCGGTAGGCGCACTGG_005,149
GCCCGCGGTAGGCGCACTGG_006,89
GCCCGCGGTAGGCGCACTGG_007,181
GCCCGCGGTAGGCGCACTGG_008,95
GCCCGCGGTAGGCGCACTGG_009,139
GCCCGCGGTAGGCGCACTGG_010,124
GCCCGCGGTAGGCGCACTGG_011,87
GCCCGCGGTAGGCGCACTGG_012,161
GCCCGCGGTAGGCGCACTGG_013,121
GCCCGCGGTAGGCGCACTGG_014,153
GCCCGCGGTAGGCGCACTGG_015,12
GCCCGCGGTAGGCGCACTGG_016,187
GCCCGCGGTAGGCGCACTGG_017,25
GCCCGCGGTAGGCGCACTGG_018,191
GCCCGCGGTAGGCGCACTGG_019,2
GCCCGCGGTAGGCGCACTGG_020,56
GCCCGCGGTAGGCGCACTGG_021,81
GCCCGCGGTAGGCGCACTGG_022,63
GCCCGCGGTAGGCGCACTGG_023,140
GCCCGCGGTAGGCGCACTGG_024,66
ATATTCAAGATCGTTCTGTG_001,141
ATATTCAAGATCGTTCTGTG_002,29
CAGCAGAAAGCCCGTCATCT_001,171
CAGCAGAAAGCCCGTCATCT_002,42
CAGCAGAAAGCCCGTCATCT_003,30
CAGCAGAAAGCCCGTCATCT_004,72
CAGCAGAAAGCCCGTCATCT_005,83
CAGCAGAAAGCCCGTCATCT_006,75
CAGCAGAAAGCCCGTCATCT_007,34
CAGCAGAAAGCCCGTCATCT_008,3
GACAGCGCCATCACATACCG_001,130
GACAGCGCCATCACATACCG_002,149
GACAGCGCCATCACATACCG_003,58
GACAGCGCCATCACATACCG_004,158
GACAGCGCCATCACATACCG_005,81
GACAGCGCCATCACATACCG_006,94
GACAGCGCCATCACATACCG_007,61
GACGTTACCGATGCCCGTAG_001,82
GACGTTACCGATGCCCGTAG_002,29
GACGTTACCGATGCCCGTAG_003,159
GACGTTACCGATGCCCGTAG_004,191
GACGTTACCGATGCCCGTAG_005,36
GACGTTACCGATGCCCGTAG_006,98
GACGTTACCGATGCCCGTAG_007,189
GACGTTACCGATGCCCGTAG_008,184
GACGTTACCGATGCCCGTAG_009,115
GACGTTACCGATGCCCGTAG_010,70
GACGTTACCGATGCCCGTAG_011,155
GACGTTACCGATGCCCGTAG_012,168
GACGTTACCGATGCCCGTAG_013,100
TCTGGATACTTAAAAACTGT_001,33
TTTCATTGAAAGAGTGCCAA_001,127
TTTCATTGAAAGAGTGCCAA_002,40
TTTCATTGAAAGAGTGCCAA_003,141
TTTCATTGAAAGAGTGCCAA_004,66
TTTCATTGAAAGAGTGCCAA_005,199
TTTCATTGAAAGAGTGCCAA_006,99
TTTCATTGAAAGAGTGCCAA_007,192
TTTCATTGAAAGAGTGCCAA_008,50
TTTCATTGAAAGAGTGCCAA_009,146
TTTCATTGAAAGAGTGCCAA_010,60
TTTCATTGAAAGAGTGCCAA_011,17
TTTCATTGAAAGAGTGCCAA_012,16
TTTCATTGAAAGAGTGCCAA_013,169
TTTCATTGAAAGAGTGCCAA_014,79
TTTCATTGAAAGAGTGCCAA_015,199
GGGACATAGTAGATTACAGG_001,184
GGGACATAGTAGATTACAGG_002,198
GGGACATAGTAGATTACAGG_003,136
GAAGTGGAAGTTGAGAACGA_001,138
GAAGTGGAAGTTGAGAACGA_002,65
GAAGTGGAAGTTGAGAACGA_003,76
GAAGTGGAAGTTGAGAACGA_004,199
GAAGTGGAAGTTGAGAACGA_005,0
GCAGCCATGTCTGACAAACC_001,1
GCAGCCATGTCTGACAAACC_002,193
CACCCTCGCACCCCTGCTCG_001,195
CACCCTCGCACCCCTGCTCG_002,196
CACCCTCGCACCCCTGCTCG_003,60
CACCCTCGCACCCCTGCTCG_004,127
CACCCTCGCACCCCTGCTCG_005,33
CACCCTCGCACCCCTGCTCG_006,181
CACCCTCGCACCCCTGCTCG_007,192
CACCCTCGCACCCCTGCTCG_008,145
CACCCTCGCACCCCTGCTCG_009,158
CACCCTCGCACCCCTGCTCG_010,18
CACCCTCGCACCCCTGCTCG_011,83
CACCCTCGCACCCCTGCTCG_012,41
CACCCTCGCACCCCTGCTCG_013,141
CACCCTCGCACCCCTGCTCG_014,94
CACCCTCGCACCCCTGCTCG_015,111
CACCCTCGCACCCCTGCTCG_016,121
CACCCTCGCACCCCTGCTCG_017,102
CACCCTCGCACCCCTGCTCG_018,67
CACCCTCGCACCCCTGCTCG_019,44
CACCCTCGCACCCCTGCTCG_020,28
CACCCTCGCACCCCTGCTCG_021,156
CACCCTCGCACCCCTGCTCG_022,66
CAATGTGTCAACTCTTGACA_001,105
CAATGTGTCAACTCTTGACA_002,60
CAATGTGTCAACTCTTGACA_003,104
CAATGTGTCAACTCTTGACA_004,128
CAATGTGTCAACTCTTGACA_005,138
CAATGTGTCAACTCTTGACA_006,176
GGTGATGGGAACCAGAATGA_001,162
GGTGATGGGAACCAGAATGA_002,28
GGTGATGGGAACCAGAATGA_003,190
CAGCAAGCTCCATGGTACGA_001,18
CAGCAAGCTCCATGGTACGA_002,19
CAGCAAGCTCCATGGTACGA_003,159
CAGCAAGCTCCATGGTACGA_004,50
CAGCAAGCTCCATGGTACGA_005,59
CAGCAAGCTCCATGGTACGA_006,92
GAAGTTAAAAATGTGCCTTG_001,63
GAAGTTAAAAATGTGCCTTG_002,160
GAAGTTAAAAATGTGCCTTG_003,115
GAAGTTAAAAATGTGCCTTG_004,72
GAAGTTAAAAATGTGCCTTG_005,119
GAAGTTAAAAATGTGCCTTG_006,150
GAAGTTAAAAATGTGCCTTG_007,4
GAAGTTAAAAATGTGCCTTG_008,198
GAAGTTAAAAATGTGCCTTG_009,2
GGAATGTCAAGAGGATCCCA_001,165
GGAATGTCAAGAGGATCCCA_002,80
GGAATGTCAAGAGGATCCCA_003,188
GGAATGTCAAGAGGATCCCA_004,126
GGAATGTCAAGAGGATCCCA_005,86
GGAATGTCAAGAGGATCCCA_006,86
GGAATGTCAAGAGGATCCCA_007,155
GGAATGTCAAGAGGATCCCA_008,101
GGAATGTCAAGAGGATCCCA_009,53
GGAATGTCAAGAGGATCCCA_010,121
GGAATGTCAAGAGGATCCCA_011,198
GGAATGTCAAGAGGATCCCA_012,3
GAGCATGGGATTGACCCCAC_001,136
GAGCATGGGATTGACCCCAC_002,108
GAGCATGGGATTGACCCCAC_003,118
GAGCATGGGATTGACCCCAC_004,50
GAGCATGGGATTGACCCCAC_005,198
GAGCATGGGATTGACCCCAC_006,63
GAGCATGGGATTGACCCCAC_007,75
GAGCATGGGATTGACCCCAC_008,141
GAGCATGGGATTGACCCCAC_009,38
GAGCATGGGATTGACCCCAC_010,76
GAGCATGGGATTGACCCCAC_011,180
GAGCATGGGATTGACCCCAC_012,161
GAGCATGGGATTGACCCCAC_013,197
GAGCATGGGATTGACCCCAC_014,48
GAGCATGGGATTGACCCCAC_015,199
GAGCATGGGATTGACCCCAC_016,99
GAGCATGGGATTGACCCCAC_017,57
GAGCATGGGATTGACCCCAC_018,114
GAGCATGGGATTGACCCCAC_019,169
GAGCATGGGATTGACCCCAC_020,76
GAGCATGGGATTGACCCCAC_021,169
GAGCATGGGATTGACCCCAC_022,64
GAGCATGGGATTGACCCCAC_023,166
GAGCATGGGATTGACCCCAC_024,146
GAGCATGGGATTGACCCCAC_025,185
GAGCATGGGATTGACCCCAC_026,67
GAGCATGGGATTGACCCCAC_027,98
GAGCATGGGATTGACCCCAC_028,138
GAGCATGGGATTGACCCCAC_029,152
GAGCATGGGATTGACCCCAC_030,51
GAGCATGGGATTGACCCCAC_031,151
GAGCATGGGATTGACCCCAC_032,120
GAGCATGGGATTGACCCCAC_033,118
GGGCGAAGGACCCTGACAGC_001,42
GGGCGAAGGACCCTGACAGC_002,22
GGGCGAAGGACCCTGACAGC_003,170
GGGCGAAGGACCCTGACAGC_004,127
GGGCGAAGGACCCTGACAGC_005,105
GGGCGAAGGACCCTGACAGC_006,15
GGGCGAAGGACCCTGACAGC_007,167
GGGCGAAGGACCCTGACAGC_008,194
GGGCGAAGGACCCTGACAGC_009,168
GGGCGAAGGACCCTGACAGC_010,66
GGGCGAAGGACCCTGACAGC_011,26
GGGCGAAGGACCCTGACAGC_012,162
GGGCGAAGGACCCTGACAGC_013,137
GGGCGAAGGACCCTGACAGC_014,175
GGGCGAAGGACCCTGACAGC_015,105
GGGCGAAGGACCCTGACAGC_016,116
GGGCGAAGGACCCTGACAGC_017,105
GGGCGAAGGACCCTGACAGC_018,110
GGGCGAAGGACCCTGACAGC_019,161
GGGCGAAGGACCCTGACAGC_020,56
GGGCGAAGGACCCTGACAGC_021,68
GGGCGAAGGACCCTGACAGC_022,108
GGGCGAAGGACCCTGACAGC_023,88
GGGCGAAGGACCCTGACAGC_024,177
GGGCGAAGGACCCTGACAGC_025,158
GATGCATAAAGATGCGACTT_001,42
GATGCATAAAGATGCGACTT_002,50
GATGCATAAAGATGCGACTT_003,127
GATGCATAAAGATGCGACTT_004,86
GATGCATAAAGATGCGACTT_005,115
GATGCATAAAGATGCGACTT_006,162
GATGCATAAAGATGCGACTT_007,13
TTTGGGTTTATCCGCCCCCA_001,135
TTTGGGTTTATCCGCCCCCA_002,106
TTTGGGTTTATCCGCCCCCA_003,22
TTTGGGTTTATCCGCCCCCA_004,195
TTTGGGTTTATCCGCCCCCA_005,166
AGTTGCCGGAGAGACAGCCC_001,38
AGTTGCCGGAGAGACAGCCC_002,191
AGTTGCCGGAGAGACAGCCC_003,171
AGTTGCCGGAGAGACAGCCC_004,67
CACGCTCACAGTCATACACG_001,41
CACGCTCACAGTCATACACG_002,82
CACGCTCACAGTCATACACG_003,172
CACGCTCACAGTCATACACG_004,130
TACGAGGCCAACATTTCAGG_001,122
TACGAGGCCAACATTTCAGG_002,122
TACGAGGCCAACATTTCAGG_003,28
TACGAGGCCAACATTTCAGG_004,32
CAGGCGGAGCGCGACCTCGT_001,141
CAGGCGGAGCGCGACCTCGT_002,138
CAGGCGGAGCGCGACCTCGT_003,198
CAGGCGGAGCGCGACCTCGT_004,43
CAGGCGGAGCGCGACCTCGT_005,127
CAGGCGGAGCGCGACCTCGT_006,115
CAGGCGGAGCGCGACCTCGT_007,46
CAGGCGGAGCGCGACCTCGT_008,188
CAGGCGGAGCGCGACCTCGT_009,156
CAGGCGGAGCGCGACCTCGT_010,147
CAGGCGGAGCGCGACCTCGT_011,185
CAGGCGGAGCGCGACCTCGT_012,32
CAGGCGGAGCGCGACCTCGT_013,88
CAGGCGGAGCGCGACCTCGT_014,142
CAGGCGGAGCGCGACCTCGT_015,3
CAGGCGGAGCGCGACCTCGT_016,146
CAGGCGGAGCGCGACCTCGT_017,113
CAGGCGGAGCGCGACCTCGT_018,113
CAGGCGGAGCGCGACCTCGT_019,171
CAGGCGGAGCGCGACCTCGT_020,27
CAGGCGGAGCGCGACCTCGT_021,9
CAGGCGGAGCGCGACCTCGT_022,77
CAGGCGGAGCGCGACCTCGT_023,145
CAGGCGGAGCGCGACCTCGT_024,182
CAGGCGGAGCGCGACCTCGT_025,31
CAGGCGGAGCGCGACCTCGT_026,52
CAGGCGGAGCGCGACCTCGT_027,68
CAGGCGGAGCGCGACCTCGT_028,142
CAGGCGGAGCGCGACCTCGT_029,14
CAGGCGGAGCGCGACCTCGT_030,146
CAGGCGGAGCGCGACCTCGT_031,46
CAGGCGGAGCGCGACCTCGT_032,180
CAGGCGGAGCGCGACCTCGT_033,89
CAGGCGGAGCGCGACCTCGT_034,74
TCTTCATGATCAGCCTCGAC_001,144
TCTTCATGATCAGCCTCGAC_002,112
TCTTCATGATCAGCCTCGAC_003,113
TCTTCATGATCAGCCTCGAC_004,33
TCTTCATGATCAGCCTCGAC_005,8
TCTTCATGATCAGCCTCGAC_006,3
ACTCATACCTGCCGGATCCA_001,48
ACTCATACCTGCCGGATCCA_002,5
ACTCATACCTGCCGGATCCA_003,99
ACTCATACCTGCCGGATCCA_004,42
ACTCATACCTGCCGGATCCA_005,130
ACTCATACCTGCCGGATCCA_006,89
ACTCATACCTGCCGGATCCA_007,35
ACTCATACCTGCCGGATCCA_008,23
ACTCATACCTGCCGGATCCA_009,137
ACTCATACCTGCCGGATCCA_010,88
ACTCATACCTGCCGGATCCA_011,3
ACTCATACCTGCCGGATCCA_012,102
ACTCATACCTGCCGGATCCA_013,181
ACTCATACCTGCCGGATCCA_014,12
ACTCATACCTGCCGGATCCA_015,105
ACTCATACCTGCCGGATCCA_016,114
ACTCATACCTGCCGGATCCA_017,27
ACTCATACCTGCCGGATCCA_018,53
ACTCATACCTGCCGGATCCA_019,8
ACTCATACCTGCCGGATCCA_020,68
ACTCATACCTGCCGGATCCA_021,126
ACTCATACCTGCCGGATCCA_022,19
ACTCATACCTGCCGGATCCA_023,177
ACTCATACCTGCCGGATCCA_024,49
ACTCATACCTGCCGGATCCA_025,185
TTAGATGGATTATCAGCATG_001,16
TTAGATGGATTATCAGCATG_002,68
TTAGATGGATTATCAGCATG_003,191
TTAGATGGATTATCAGCATG_004,22
TTAGATGGATTATCAGCATG_005,15
AGTCGAGGGACGTATGAGGT_001,186
AGTCGAGGGACGTATGAGGT_002,84
AGTCGAGGGACGTATGAGGT_003,94
AGTCGAGGGACGTATGAGGT_004,134
AGTCGAGGGACGTATGAGGT_005,60
AGTCGAGGGACGTATGAGGT_006,116
AGTCGAGGGACGTATGAGGT_007,94
AGTCGAGGGACGTATGAGGT_008,105
AGTCGAGGGACGTATGAGGT_009,144
AGTCGAGGGACGTATGAGGT_010,182
AGTCGAGGGACGTATGAGGT_011,15
AGTCGAGGGACGTATGAGGT_012,168
AGTCGAGGGACGTATGAGGT_013,71
AGTCGAGGGACGTATGAGGT_014,12
AGTCGAGGGACGTATGAGGT_015,79
AGTCGAGGGACGTATGAGGT_016,149
AGTCGAGGGACGTATGAGGT_017,158
AGTCGAGGGACGTATGAGGT_018,48
AGTCGAGGGACGTATGAGGT_019,17
AGTCGAGGGACGTATGAGGT_020,101
AGTCGAGGGACGTATGAGGT_021,134
AGTCGAGGGACGTATGAGGT_022,101
AGTCGAGGGACGTATGAGGT_023,197
AGTCGAGGGACGTATGAGGT_024,8
AGTCGAGGGACGTATGAGGT_025,39
AGTCGAGGGACGTATGAGGT_026,136
AGTCGAGGGACGTATGAGGT_027,99
AGTCGAGGGACGTATGAGGT_028,109
AGTCGAGGGACGTATGAGGT_029,182
AGTCGAGGGACGTATGAGGT_030,6
AGTCGAGGGACGTATGAGGT_031,62
AGTCGAGGGACGTATGAGGT_032,168
AGTCGAGGGACGTATGAGGT_033,194
CACCTGACGTTAAACAGCGA_001,185
CACCTGACGTTAAACAGCGA_002,118
CACCTGACGTTAAACAGCGA_003,42
CACCTGACGTTAAACAGCGA_004,74
CACCTGACGTTAAACAGCGA_005,48
CACCTGACGTTAAACAGCGA_006,146
CACCTGACGTTAAACAGCGA_007,29
CACCTGACGTTAAACAGCGA_008,134
TCCAGAGCCAACATCCCAGG_001,121
TCCAGAGCCAACATCCCAGG_002,103
TCCAGAGCCAACATCCCAGG_003,192
TCCAGAGCCAACATCCCAGG_004,22
TCCAGAGCCAACATCCCAGG_005,6
TCCAGAGCCAACATCCCAGG_006,133
TCTGTGCGTCACACTGAGCG_001,8
TCTGTGCGTCACACTGAGCG_002,174
TCTGTGCGTCACACTGAGCG_003,70
CAGCACAGTGGCAAGTGCGA_001,166
CAGCACAGTGGCAAGTGCGA_002,177
CAGCACAGTGGCAAGTGCGA_003,154
CAGCACAGTGGCAAGTGCGA_004,146
CAGCACAGTGGCAAGTGCGA_005,176
CGTGACTCGACAGGCCCTTG_001,33
CGTGACTCGACAGGCCCTTG_002,2
CGTGACTCGACAGGCCCTTG_003,74
CGTGACTCGACAGGCCCTTG_004,74
CGTGACTCGACAGGCCCTTG_005,115
CGTGACTCGACAGGCCCTTG_006,116
CGTGACTCGACAGGCCCTTG_007,75
CGTGACTCGACAGGCCCTTG_008,154
CGTGACTCGACAGGCCCTTG_009,50
CGTGACTCGACAGGCCCTTG_010,172
CGTGACTCGACAGGCCCTTG_011,124
GGTTTCACTTCGAGACCGGC_001,67
GGTTTCACTTCGAGACCGGC_002,92
GGTTTCACTTCGAGACCGGC_003,94
GGTTTCACTTCGAGACCGGC_004,164
GGTTTCACTTCGAGACCGGC_005,172
GGTTTCACTTCGAGACCGGC_006,9
GGTTTCACTTCGAGACCGGC_007,163
GGTTTCACTTCGAGACCGGC_008,9
GGTTTCACTTCGAGACCGGC_009,169
GGTTTCACTTCGAGACCGGC_010,96
GGTTTCACTTCGAGACCGGC_011,35
GGTTTCACTTCGAGACCGGC_012,127
GGTTTCACTTCGAGACCGGC_013,15
GGTTTCACTTCGAGACCGGC_014,180
GGTTTCACTTCGAGACCGGC_015,196
GGTTTCACTTCGAGACCGGC_016,178
CAGATCCATCGGCCCCCGTG_001,15
CAGATCCATCGGCCCCCGTG_002,149
CAGATCCATCGGCCCCCGTG_003,17
CAGATCCATCGGCCCCCGTG_004,102
CAGATCCATCGGCCCCCGTG_005,38
CAGATCCATCGGCCCCCGTG_006,136
CAGATCCATCGGCCCCCGTG_007,149
CAGATCCATCGGCCCCCGTG_008,32
CAGATCCATCGGCCCCCGTG_009,123
CAGATCCATCGGCCCCCGTG_010,93
CAGATCCATCGGCCCCCGTG_011,92
CAGATCCATCGGCCCCCGTG_012,67
CAGATCCATCGGCCCCCGTG_013,94
CAGATCCATCGGCCCCCGTG_014,104
CAGATCCATCGGCCCCCGTG_015,36
CAGATCCATCGGCCCCCGTG_016,145
CAGATCCATCGGCCCCCGTG_017,102
CAGATCCATCGGCCCCCGTG_018,151
CAGATCCATCGGCCCCCGTG_019,188
GCAGGTGTACGAGAACGCGT_001,169
GCAGGTGTACGAGAACGCGT_002,145
GCAGGTGTACGAGAACGCGT_003,140
GCAGGTGTACGAGAACGCGT_004,169
GCAGGTGTACGAGAACGCGT_005,164
GCAGGTGTACGAGAACGCGT_006,164
GCAGGTGTACGAGAACGCGT_007,121
GCAGGTGTACGAGAACGCGT_008,60
GCAGGTGTACGAGAACGCGT_009,127
GCAGGTGTACGAGAACGCGT_010,169
GCAGGTGTACGAGAACGCGT_011,97
GCAGGTGTACGAGAACGCGT_012,86
GCAGGTGTACGAGAACGCGT_013,168
GCAGGTGTACGAGAACGCGT_014,102
GCAGGTGTACGAGAACGCGT_015,94
GCAGGTGTACGAGAACGCGT_016,50
GCAGGTGTACGAGAACGCGT_017,59
GCAGGTGTACGAGAACGCGT_018,68
GCAGGTGTACGAGAACGCGT_019,102
GGGGCATGAAGAACCGCTCA_001,140
GGGGCATGAAGAACCGCTCA_002,189
GGGGCATGAAGAACCGCTCA_003,23
GGGGCATGAAGAACCGCTCA_004,129
GGGGCATGAAGAACCGCTCA_005,32
GGGGCATGAAGAACCGCTCA_006,158
GGGGCATGAAGAACCGCTCA_007,54
GGGGCATGAAGAACCGCTCA_008,88
GGGGCATGAAGAACCGCTCA_009,45
GGGGCATGAAGAACCGCTCA_010,163
GGGGCATGAAGAACCGCTCA_011,83
GGGGCATGAAGAACCGCTCA_012,37
GGGGCATGAAGAACCGCTCA_013,50
GGGGCATGAAGAACCGCTCA_014,2
GGGGCATGAAGAACCGCTCA_015,17
GGGGCATGAAGAACCGCTCA_016,38
GGGGCATGAAGAACCGCTCA_017,123
GGGGCATGAAGAACCGCTCA_018,81
GGGGCATGAAGAACCGCTCA_019,74
AACAGTGCCAGCTTGTTGAT_001,94
AACAGTGCCAGCTTGTTGAT_002,8
AACAGTGCCAGCTTGTTGAT_003,44
AACAGTGCCAGCTTGTTGAT_004,169
AACAGTGCCAGCTTGTTGAT_005,105
AACAGTGCCAGCTTGTTGAT_006,28
AACAGTGCCAGCTTGTTGAT_007,172
AACAGTGCCAGCTTGTTGAT_008,53
AACAGTGCCAGCTTGTTGAT_009,121
AACAGTGCCAGCTTGTTGAT_010,193
AACAGTGCCAGCTTGTTGAT_011,49
AACAGTGCCAGCTTGTTGAT_012,15
AACAGTGCCAGCTTGTTGAT_013,158
TACAGGGACTTCACGTACAT_001,34
TACAGGGACTTCACGTACAT_002,184
TACAGGGACTTCACGTACAT_003,145
TACAGGGACTTCACGTACAT_004,105
TACAGGGACTTCACGTACAT_005,63
TACAGGGACTTCACGTACAT_006,141
TACAGGGACTTCACGTACAT_007,92
TACAGGGACTTCACGTACAT_008,30
TACAGGGACTTCACGTACAT_009,144
TACAGGGACTTCACGTACAT_010,129
TACAGGGACTTCACGTACAT_011,196
TACAGGGACTTCACGTACAT_012,10
AATGACGACCCAAGAAACGA_001,112
AATGACGACCCAAGAAACGA_002,81
AATGACGACCCAAGAAACGA_003,58
AATGACGACCCAAGAAACGA_004,141
TCTTCAAACTTGATCCACCT_001,76
TCTTCAAACTTGATCCACCT_002,19
TCTTCAAACTTGATCCACCT_003,60
TCTTCAAACTTGATCCACCT_004,66
TCTTCAAACTTGATCCACCT_005,176
TCTTCAAACTTGATCCACCT_006,56
TCTTCAAACTTGATCCACCT_007,50
TCTTCAAACTTGATCCACCT_008,59
TCTTCAAACTTGATCCACCT_009,159
TCTTCAAACTTGATCCACCT_010,166
TCTTCAAACTTGATCCACCT_011,44
TCTTCAAACTTGATCCACCT_012,115
CCTGTGGGGCAAAGTGAACG_001,145
CCTGTGGGGCAAAGTGAACG_002,59
CCTGTGGGGCAAAGTGAACG_003,139
CCTGTGGGGCAAAGTGAACG_004,2
CCTGTGGGGCAAAGTGAACG_005,121
CCTGTGGGGCAAAGTGAACG_006,5
CCTGTGGGGCAAAGTGAACG_007,110
CCTGTGGGGCAAAGTGAACG_008,110
CCTGTGGGGCAAAGTGAACG_009,171
CCTGTGGGGCAAAGTGAACG_010,149
CCTGTGGGGCAAAGTGAACG_011,149
CCTGTGGGGCAAAGTGAACG_012,82
TTCTCATCAAACTCTACACA_001,19
TTCTCATCAAACTCTACACA_002,127
TTCTCATCAAACTCTACACA_003,73
TTCTCATCAAACTCTACACA_004,184
TTCTCATCAAACTCTACACA_005,63
TTCTCATCAAACTCTACACA_006,0
GCTGAGGAGCGTGCGCGAAG_001,21
GCTGAGGAGCGTGCGCGAAG_002,178
GCTGAGGAGCGTGCGCGAAG_003,6
GCTGAGGAGCGTGCGCGAAG_004,6
GCTGAGGAGCGTGCGCGAAG_005,175
GCTGAGGAGCGTGCGCGAAG_006,3
GCTGAGGAGCGTGCGCGAAG_007,69
AGAGACATGCAGCCGTTTCG_001,147
AGAGACATGCAGCCGTTTCG_002,60
AGAGACATGCAGCCGTTTCG_003,51
AGAGACATGCAGCCGTTTCG_004,177
TTGTGATTGAGAGTGCGCAG_001,150
TTGTGATTGAGAGTGCGCAG_002,152
TTGTGATTGAGAGTGCGCAG_003,104
TTGTGATTGAGAGTGCGCAG_004,29
TTGTGATTGAGAGTGCGCAG_005,53
TTGTGATTGAGAGTGCGCAG_006,124
TTGTGATTGAGAGTGCGCAG_007,137
TTGTGATTGAGAGTGCGCAG_008,58
TTGTGATTGAGAGTGCGCAG_009,175
TTGTGATTGAGAGTGCGCAG_010,134
ACTGGTGTCACTGCACGAGA_001,29
ACTGGTGTCACTGCACGAGA_002,88
ACTGGTGTCACTGCACGAGA_003,97
ACTGGTGTCACTGCACGAGA_004,88
ACTGGTGTCACTGCACGAGA_005,68
ACTGGTGTCACTGCACGAGA_006,98
ACTGGTGTCACTGCACGAGA_007,187
ACTGGTGTCACTGCACGAGA_008,19
GAAGGCAAAGAAACCTGCTA_001,58
GAAGGCAAAGAAACCTGCTA_002,184
GAAGGCAAAGAAACCTGCTA_003,160
ACGTGCTGTTGCAACTCGAG_001,117
ACGTGCTGTTGCAACTCGAG_002,191
ACGTGCTGTTGCAACTCGAG_003,184
ACGTGCTGTTGCAACTCGAG_004,54
ACGTGCTGTTGCAACTCGAG_005,199
ACGTGCTGTTGCAACTCGAG_006,169
ACGTGCTGTTGCAACTCGAG_007,0
ACGTGCTGTTGCAACTCGAG_008,195
ACGTGCTGTTGCAACTCGAG_009,88
ACGTGCTGTTGCAACTCGAG_010,147
ACGTGCTGTTGCAACTCGAG_011,21
ACGTGCTGTTGCAACTCGAG_012,123
ACGTGCTGTTGCAACTCGAG_013,95
ACGTGCTGTTGCAACTCGAG_014,4
ACGTGCTGTTGCAACTCGAG_015,138
ACGTGCTGTTGCAACTCGAG_016,17
ACGTGCTGTTGCAACTCGAG_017,78
ACGTGCTGTTGCAACTCGAG_018,117
ACGTGCTGTTGCAACTCGAG_019,140
ACGTGCTGTTGCAACTCGAG_020,186
ACGTGCTGTTGCAACTCGAG_021,191
ACGTGCTGTTGCAACTCGAG_022,56
ACGTGCTGTTGCAACTCGAG_023,47
ACGTGCTGTTGCAACTCGAG_024,47
ACGTGCTGTTGCAACTCGAG_025,27
ACGTGCTGTTGCAACTCGAG_026,102
ACGTGCTGTTGCAACTCGAG_027,50
ACGTGCTGTTGCAACTCGAG_028,75
ACGTGCTGTTGCAACTCGAG_029,4
ACGTGCTGTTGCAACTCGAG_030,18
ACGTGCTGTTGCAACTCGAG_031,142
ACGTGCTGTTGCAACTCGAG_032,180
ACTGAGCCACGTCAATCTGT_001,182
ACTGAGCCACGTCAATCTGT_002,190
ACTGAGCCACGTCAATCTGT_003,123
ACTGAGCCACGTCAATCTGT_004,182
ACTGAGCCACGTCAATCTGT_005,147
ACTGAGCCACGTCAATCTGT_006,127
ACTGAGCCACGTCAATCTGT_007,137
ACTGAGCCACGTCAATCTGT_008,49
ACTGAGCCACGTCAATCTGT_009,177
ACTGAGCCACGTCAATCTGT_010,4
ACTGAGCCACGTCAATCTGT_011,39
ACTGAGCCACGTCAATCTGT_012,192
ACTGAGCCACGTCAATCTGT_013,58
ACTGAGCCACGTCAATCTGT_014,188
ACTGAGCCACGTCAATCTGT_015,185
ACTTTCTGATACATAGACTC_001,70
ACTTTCTGATACATAGACTC_002,70
ACTTTCTGATACATAGACTC_003,42
ACTTTCTGATACATAGACTC_004,64
ACTTTCTGATACATAGACTC_005,6
ACTTTCTGATACATAGACTC_006,1
ACTTTCTGATACATAGACTC_007,170
ACTTTCTGATACATAGACTC_008,149
ACTTTCTGATACATAGACTC_009,154
ACTTTCTGATACATAGACTC_010,186
ACTTTCTGATACATAGACTC_011,159
ACTTTCTGATACATAGACTC_012,158
ACTTTCTGATACATAGACTC_013,162
CAAAGCTCAAAGGGAGCACG_001,119
CAAAGCTCAAAGGGAGCACG_002,157
CAAAGCTCAAAGGGAGCACG_003,60
CAAAGCTCAAAGGGAGCACG_004,72
CAAAGCTCAAAGGGAGCACG_005,12
CAAAGCTCAAAGGGAGCACG_006,191
CAAAGCTCAAAGGGAGCACG_007,133
CAAAGCTCAAAGGGAGCACG_008,12
CAAAGCTCAAAGGGAGCACG_009,118
CAAAGCTCAAAGGGAGCACG_010,68
CAAAGCTCAAAGGGAGCACG_011,130
CAAAGCTCAAAGGGAGCACG_012,95
CAAAGCTCAAAGGGAGCACG_013,148
CAAAGCTCAAAGGGAGCACG_014,130
CAAAGCTCAAAGGGAGCACG_015,36
CAAAGCTCAAAGGGAGCACG_016,125
CAAAGCTCAAAGGGAGCACG_017,39
CAAAGCTCAAAGGGAGCACG_018,126
CAAAGCTCAAAGGGAGCACG_019,35
CAAAGCTCAAAGGGAGCACG_020,84
CAAAGCTCAAAGGGAGCACG_021,179
CAAAGCTCAAAGGGAGCACG_022,68
AGATATCGGGCCCGCGACGG_001,78
AGATATCGGGCCCGCGACGG_002,173
AGATATCGGGCCCGCGACGG_003,173
AGATATCGGGCCCGCGACGG_004,25
AGATATCGGGCCCGCGACGG_005,72
AGATATCGGGCCCGCGACGG_006,138
AGATATCGGGCCCGCGACGG_007,48
AGATATCGGGCCCGCGACGG_008,127
AGATATCGGGCCCGCGACGG_009,76
AGATATCGGGCCCGCGACGG_010,162
AGATATCGGGCCCGCGACGG_011,65
AGATATCGGGCCCGCGACGG_012,48
AGATATCGGGCCCGCGACGG_013,148
AGATATCGGGCCCGCGACGG_014,73
AGATATCGGGCCCGCGACGG_015,46
CAGGCACTCCCAAAGGCGCG_001,184
CAGGCACTCCCAAAGGCGCG_002,98
CAGGCACTCCCAAAGGCGCG_003,188
CAGGCACTCCCAAAGGCGCG_004,12
CAGGCACTCCCAAAGGCGCG_005,198
CAGGCACTCCCAAAGGCGCG_006,35
CAGGCACTCCCAAAGGCGCG_007,117
CAGGCACTCCCAAAGGCGCG_008,60
CAGGCACTCCCAAAGGCGCG_009,171
CAGGCACTCCCAAAGGCGCG_010,111
CAGGCACTCCCAAAGGCGCG_011,25
CAGGCACTCCCAAAGGCGCG_012,29
CAGGCACTCCCAAAGGCGCG_013,92
CAGGCACTCCCAAAGGCGCG_014,163
CAGGCACTCCCAAAGGCGCG_015,124
TGGTATCTGTAACCCCGCAG_001,153
TGGTATCTGTAACCCCGCAG_002,41
TGGTATCTGTAACCCCGCAG_003,62
TGGTATCTGTAACCCCGCAG_004,70
TGGTATCTGTAACCCCGCAG_005,29
TGGTATCTGTAACCCCGCAG_006,58
TGGTATCTGTAACCCCGCAG_007,26
TGACCACTTCTAGGACCGAG_001,78
TGACCACTTCTAGGACCGAG_002,29
TGACCACTTCTAGGACCGAG_003,159
CATCCAGTGAAAATTTAAGG_001,181
CATCCAGTGAAAATTTAAGG_002,153
CATCCAGTGAAAATTTAAGG_003,48
CATCCAGTGAAAATTTAAGG_004,139
CATCCAGTGAAAATTTAAGG_005,159
ACTGTTGGCCACATACTCGG_001,76
ACTGTTGGCCACATACTCGG_002,59
ACTGTTGGCCACATACTCGG_003,52
ACTGTTGGCCACATACTCGG_004,132
ACTGTTGGCCACATACTCGG_005,168
ACTGTTGGCCACATACTCGG_006,75
ACTGTTGGCCACATACTCGG_007,198
ACTGTTGGCCACATACTCGG_008,58
ACTGTTGGCCACATACTCGG_009,174
ACTGTTGGCCACATACTCGG_010,151
ACTGTTGGCCACATACTCGG_011,199
ACTGTTGGCCACATACTCGG_012,113
ACTGTTGGCCACATACTCGG_013,184
CATCCGGCCCGAGTTCCGCG_001,172
CATCCGGCCCGAGTTCCGCG_002,48
CATCCGGCCCGAGTTCCGCG_003,30
CATCCGGCCCGAGTTCCGCG_004,62
TCCTAGGAGCTGATAGCCAG_001,88
TCCTAGGAGCTGATAGCCAG_002,121
TCCTAGGAGCTGATAGCCAG_003,103
TCCTAGGAGCTGATAGCCAG_004,130
TCCTAGGAGCTGATAGCCAG_005,65
TCCTAGGAGCTGATAGCCAG_006,85
TCCTAGGAGCTGATAGCCAG_007,85
TCCTAGGAGCTGATAGCCAG_008,107
TCCTAGGAGCTGATAGCCAG_009,12
TCCTAGGAGCTGATAGCCAG_010,178
TCCTAGGAGCTGATAGCCAG_011,164
TCCTAGGAGCTGATAGCCAG_012,164
GGAGTTCTGTCCTTCTGGCG_001,136
ACTCACCTAAGTAGAATCGC_001,127
ACTCACCTAAGTAGAATCGC_002,111
ACTCACCTAAGTAGAATCGC_003,142
ACTCACCTAAGTAGAATCGC_004,168
ACTCACCTAAGTAGAATCGC_005,76
ACTCACCTAAGTAGAATCGC_006,187
ACTCACCTAAGTAGAATCGC_007,150
ACTCACCTAAGTAGAATCGC_008,134
TCTTCGCACAGTGCAAACTC_001,68
TCTTCGCACAGTGCAAACTC_002,1
TCTTCGCACAGTGCAAACTC_003,66
GATTATCAATTACACCACAG_001,77
CTGGGTTCGGGATATCAAGA_001,25
CTGGGTTCGGGATATCAAGA_002,61
GCCCCACTCGCCAGTCACAA_001,166
GCCCCACTCGCCAGTCACAA_002,184
GCCCCACTCGCCAGTCACAA_003,165
GCCCCACTCGCCAGTCACAA_004,46
GCCCCACTCGCCAGTCACAA_005,100
GCCCCACTCGCCAGTCACAA_006,162
GCCCCACTCGCCAGTCACAA_007,1
GCCCCACTCGCCAGTCACAA_008,175
GCCCCACTCGCCAGTCACAA_009,160
GCCCCACTCGCCAGTCACAA_010,1
GCCCCACTCGCCAGTCACAA_011,65
GCCCCACTCGCCAGTCACAA_012,60
GCCCCACTCGCCAGTCACAA_013,1
GCCCCACTCGCCAGTCACAA_014,1
GCCCCACTCGCCAGTCACAA_015,119
GCCCCACTCGCCAGTCACAA_016,64
ATGGCTTCAAGCCGCCAATG_001,199
ATGGCTTCAAGCCGCCAATG_002,7
ATGGCTTCAAGCCGCCAATG_003,157
ATGGCTTCAAGCCGCCAATG_004,157
ATGGCTTCAAGCCGCCAATG_005,1
ATGGCTTCAAGCCGCCAATG_006,128
ATGGCTTCAAGCCGCCAATG_007,23
ATGGCTTCAAGCCGCCAATG_008,198
ATGGCTTCAAGCCGCCAATG_009,155
ATGGCTTCAAGCCGCCAATG_010,2
ATGGCTTCAAGCCGCCAATG_011,88
ATGGCTTCAAGCCGCCAATG_012,188
ATGGCTTCAAGCCGCCAATG_013,179
ATGGCTTCAAGCCGCCAATG_014,137
ATGGCTTCAAGCCGCCAATG_015,50
ATGGCTTCAAGCCGCCAATG_016,120
ATGGCTTCAAGCCGCCAATG_017,195
ATGGCTTCAAGCCGCCAATG_018,8
ATGGCTTCAAGCCGCCAATG_019,100
ATGGCTTCAAGCCGCCAATG_020,100
ATGGCTTCAAGCCGCCAATG_021,100
ATGGCTTCAAGCCGCCAATG_022,146
ATGGCTTCAAGCCGCCAATG_023,110
ATGGCTTCAAGCCGCCAATG_024,50
ATGGCTTCAAGCCGCCAATG_025,155
ATGGCTTCAAGCCGCCAATG_026,104
ATGGCTTCAAGCCGCCAATG_027,141
ATGGCTTCAAGCCGCCAATG_028,168
ATGGCTTCAAGCCGCCAATG_029,174
ATGGCTTCAAGCCGCCAATG_030,35
ATGGCTTCAAGCCGCCAATG_031,153
ATGGCTTCAAGCCGCCAATG_032,170
AACCAAAAGTTGATAGAAAC_001,181
AACCAAAAGTTGATAGAAAC_002,12
AACCAAAAGTTGATAGAAAC_003,61
AACCAAAAGTTGATAGAAAC_004,44
AACCAAAAGTTGATAGAAAC_005,148
AACCAAAAGTTGATAGAAAC_006,181
AACCAAAAGTTGATAGAAAC_007,152
AACCAAAAGTTGATAGAAAC_008,103
CGACAAGAACACGTGGACGG_001,0
CGACAAGAACACGTGGACGG_002,161
CGACAAGAACACGTGGACGG_003,48
CGACAAGAACACGTGGACGG_004,147
CGACAAGAACACGTGGACGG_005,65
CGACAAGAACACGTGGACGG_006,199
CGACAAGAACACGTGGACGG_007,162
CGACAAGAACACGTGGACGG_008,113
CGACAAGAACACGTGGACGG_009,15
CTTCCACCTATAGTAAACAT_001,107
CTTCCACCTATAGTAAACAT_002,151
CATATGGGCTGGTATACCTG_001,106
CATATGGGCTGGTATACCTG_002,77
CATATGGGCTGGTATACCTG_003,197
CATATGGGCTGGTATACCTG_004,158
CATATGGGCTGGTATACCTG_005,191
CATATGGGCTGGTATACCTG_006,188
GAAAAGCATCAACATGAAGG_001,171
GAAAAGCATCAACATGAAGG_002,195
GAAAAGCATCAACATGAAGG_003,137
GAAAAGCATCAACATGAAGG_004,103
GCCAATAAAATGTAGTCACG_001,149
GCCAATAAAATGTAGTCACG_002,149
GCCAATAAAATGTAGTCACG_003,135
GCCAATAAAATGTAGTCACG_004,115
GCCAATAAAATGTAGTCACG_005,62
GCCAATAAAATGTAGTCACG_006,12
AGTGCAACCTGATCGCCGAG_001,145
AGTGCAACCTGATCGCCGAG_002,148
AGTGCAACCTGATCGCCGAG_003,150
AGTGCAACCTGATCGCCGAG_004,48
AGTGCAACCTGATCGCCGAG_005,41
AGTGCAACCTGATCGCCGAG_006,150
AGTGCAACCTGATCGCCGAG_007,125
AGTGCAACCTGATCGCCGAG_008,39
AGTGCAACCTGATCGCCGAG_009,4
GCAATGGTACCAGAGTAGTT_001,194
GCAATGGTACCAGAGTAGTT_002,19
GCAATGGTACCAGAGTAGTT_003,108
GCAATGGTACCAGAGTAGTT_004,125
GCAATGGTACCAGAGTAGTT_005,130
GCAATGGTACCAGAGTAGTT_006,46
GCAATGGTACCAGAGTAGTT_007,90
GCAATGGTACCAGAGTAGTT_008,18
CACTCACCCACATGTACTCG_001,108
CACTCACCCACATGTACTCG_002,162
CACTCACCCACATGTACTCG_003,23
CACTCACCCACATGTACTCG_004,2
CACTCACCCACATGTACTCG_005,157
CACTCACCCACATGTACTCG_006,158
CACTCACCCACATGTACTCG_007,38
CACTCACCCACATGTACTCG_008,124
CACTCACCCACATGTACTCG_009,65
CACTCACCCACATGTACTCG_010,153
TAGAGGCACAGTGGACCAAG_001,102
TAGAGGCACAGTGGACCAAG_002,93
TAGAGGCACAGTGGACCAAG_003,116
TAGAGGCACAGTGGACCAAG_004,129
TAGAGGCACAGTGGACCAAG_005,81
TAGAGGCACAGTGGACCAAG_006,80
TAGAGGCACAGTGGACCAAG_007,148
TAGAGGCACAGTGGACCAAG_008,114
TAGAGGCACAGTGGACCAAG_009,17
TAGAGGCACAGTGGACCAAG_010,40
TAGAGGCACAGTGGACCAAG_011,124
TAGAGGCACAGTGGACCAAG_012,19
TAGAGGCACAGTGGACCAAG_013,2
GGAAGTGAATGTGGACACAC_001,146
GGAAGTGAATGTGGACACAC_002,168
GGAAGTGAATGTGGACACAC_003,175
GGAAGTGAATGTGGACACAC_004,198
GGAAGTGAATGTGGACACAC_005,158
GGAAGTGAATGTGGACACAC_006,140
GGAAGTGAATGTGGACACAC_007,46
GGAAGTGAATGTGGACACAC_008,192
CCACAAGGATCCGAAAAGTG_001,118
CCACAAGGATCCGAAAAGTG_002,133
AGCCTCAGACGTCACAGTAA_001,160
AGCCTCAGACGTCACAGTAA_002,133
AGCCTCAGACGTCACAGTAA_003,39
AGCCTCAGACGTCACAGTAA_004,40
AGCCTCAGACGTCACAGTAA_005,9
AGCCTCAGACGTCACAGTAA_006,123
AGCCTCAGACGTCACAGTAA_007,182
AGCCTCAGACGTCACAGTAA_008,144
CCGCCACCCTAAATACAACA_001,14
CCGCCACCCTAAATACAACA_002,106
AAGACCACCAACGGGCACGG_001,47
AAGACCACCAACGGGCACGG_002,119
AAGACCACCAACGGGCACGG_003,135
AAGACCACCAACGGGCACGG_004,16
AAGACCACCAACGGGCACGG_005,173
AAGACCACCAACGGGCACGG_006,1
ACCACCCAGTTAAAGCGGAG_001,62
ACCACCCAGTTAAAGCGGAG_002,77
ACCACCCAGTTAAAGCGGAG_003,161
ACCACCCAGTTAAAGCGGAG_004,6
ACCACCCAGTTAAAGCGGAG_005,105
ACCACCCAGTTAAAGCGGAG_006,70
ACCACCCAGTTAAAGCGGAG_007,81
ACCACCCAGTTAAAGCGGAG_008,170
ACCACCCAGTTAAAGCGGAG_009,129
ACCACCCAGTTAAAGCGGAG_010,74
ACCACCCAGTTAAAGCGGAG_011,54
ACCACCCAGTTAAAGCGGAG_012,22
ACCACCCAGTTAAAGCGGAG_013,98
ACCACCCAGTTAAAGCGGAG_014,34
ACCACCCAGTTAAAGCGGAG_015,20
ACCACCCAGTTAAAGCGGAG_016,175
ACCACCCAGTTAAAGCGGAG_017,169
ACCACCCAGTTAAAGCGGAG_018,116
ACCACCCAGTTAAAGCGGAG_019,37
ACCACCCAGTTAAAGCGGAG_020,88
ACCACCCAGTTAAAGCGGAG_021,35
ACCACCCAGTTAAAGCGGAG_022,179
TCTGACTGTGATCCGAAGAG_001,17
TCTGACTGTGATCCGAAGAG_002,182
TCTGACTGTGATCCGAAGAG_003,27
TCTGACTGTGATCCGAAGAG_004,69
TCTGACTGTGATCCGAAGAG_005,53
CGACCTATCCCAGAATGGTG_001,62
CGACCTATCCCAGAATGGTG_002,110
CGACCTATCCCAGAATGGTG_003,21
CGACCTATCCCAGAATGGTG_004,23
CGACCTATCCCAGAATGGTG_005,29
CGACCTATCCCAGAATGGTG_006,165
CGACCTATCCCAGAATGGTG_007,144
CGACCTATCCCAGAATGGTG_008,180
TCTTAAACAACCTCTCCCAA_001,70
TCTTAAACAACCTCTCCCAA_002,57
ACTATGTGTCAGTAAGGAAG_001,185
ACTATGTGTCAGTAAGGAAG_002,140
ACTATGTGTCAGTAAGGAAG_003,25
ACTATGTGTCAGTAAGGAAG_004,146
ACTATGTGTCAGTAAGGAAG_005,75
ACTATGTGTCAGTAAGGAAG_006,166
CAGCGCCGAAACTCTTTCCG_001,5
CAGCGCCGAAACTCTTTCCG_002,152
CAGCGCCGAAACTCTTTCCG_003,170
CAGCGCCGAAACTCTTTCCG_004,198
CAGCGCCGAAACTCTTTCCG_005,189
CAGCGCCGAAACTCTTTCCG_006,104
CAGCGCCGAAACTCTTTCCG_007,75
CAGCGCCGAAACTCTTTCCG_008,190
CAGCGCCGAAACTCTTTCCG_009,110
CAGCGCCGAAACTCTTTCCG_010,113
CAGCGCCGAAACTCTTTCCG_011,181
CAGCGCCGAAACTCTTTCCG_012,161
CAGCGCCGAAACTCTTTCCG_013,28
CAGCGCCGAAACTCTTTCCG_014,126
CAGCGCCGAAACTCTTTCCG_015,5
CAGCGCCGAAACTCTTTCCG_016,174
CAGCGCCGAAACTCTTTCCG_017,86
CAGCGCCGAAACTCTTTCCG_018,137
CAGCGCCGAAACTCTTTCCG_019,80
CAGCGCCGAAACTCTTTCCG_020,130
CAGCGCCGAAACTCTTTCCG_021,50
CTACCAACCTGCGATCACCA_001,50
CTACCAACCTGCGATCACCA_002,127
CTACCAACCTGCGATCACCA_003,191
CTACCAACCTGCGATCACCA_004,73
AAGGCAGCGACATCCGAGGA_001,140
AAGGCAGCGACATCCGAGGA_002,9
AAGGCAGCGACATCCGAGGA_003,17
AAGGCAGCGACATCCGAGGA_004,134
GATGACCCCGCACACGACGT_001,101
GATGACCCCGCACACGACGT_002,45
GATGACCCCGCACACGACGT_003,125
GATGACCCCGCACACGACGT_004,175
GATGACCCCGCACACGACGT_005,147
GATGACCCCGCACACGACGT_006,138
GATGACCCCGCACACGACGT_007,119
GATGACCCCGCACACGACGT_008,156
AGCTTCAATCAACGCATATG_001,142
AGCTTCAATCAACGCATATG_002,62
AGCTTCAATCAACGCATATG_003,84
AGCTTCAATCAACGCATATG_004,94
AGCTTCAATCAACGCATATG_005,62
AGCTTCAATCAACGCATATG_006,41
AGCTTCAATCAACGCATATG_007,133
AGCTTCAATCAACGCATATG_008,0
AGCTTCAATCAACGCATATG_009,8
AGCTTCAATCAACGCATATG_010,22
AGCTTCAATCAACGCATATG_011,91
AGCTTCAATCAACGCATATG_012,76
AGCTTCAATCAACGCATATG_013,47
AGCTTCAATCAACGCATATG_014,47
AGCTTCAATCAACGCATATG_015,144
AGCTTCAATCAACGCATATG_016,101
AGCTTCAATCAACGCATATG_017,4
AGCTTCAATCAACGCATATG_018,93
AGCTTCAATCAACGCATATG_019,146
AGCTTCAATCAACGCATATG_020,36
AGCTTCAATCAACGCATATG_021,138
AGCTTCAATCAACGCATATG_022,138
AGCTTCAATCAACGCATATG_023,191
AGCTTCAATCAACGCATATG_024,18
AAGGAACGGCAGCGACACAT_001,170
AAGGAACGGCAGCGACACAT_002,106
AAGGAACGGCAGCGACACAT_003,77
AAGGAACGGCAGCGACACAT_004,137
AAGGAACGGCAGCGACACAT_005,131
AAGGAACGGCAGCGACACAT_006,72
AAGGAACGGCAGCGACACAT_007,192
AAGGAACGGCAGCGACACAT_008,146
AAGGAACGGCAGCGACACAT_009,152
AAGGAACGGCAGCGACACAT_010,83
AAGGAACGGCAGCGACACAT_011,197
AAGGAACGGCAGCGACACAT_012,41
AAGGAACGGCAGCGACACAT_013,148
AAGGAACGGCAGCGACACAT_014,94
CATTACTGACCGGGCCGACG_001,62
CATTACTGACCGGGCCGACG_002,0
CATTACTGACCGGGCCGACG_003,105
CATTACTGACCGGGCCGACG_004,199
CATTACTGACCGGGCCGACG_005,83
CATTACTGACCGGGCCGACG_006,80
CATTACTGACCGGGCCGACG_007,6
CATTACTGACCGGGCCGACG_008,135
CATTACTGACCGGGCCGACG_009,140
CATTACTGACCGGGCCGACG_010,22
CATTACTGACCGGGCCGACG_011,62
CATTACTGACCGGGCCGACG_012,113
CATTACTGACCGGGCCGACG_013,196
CATTACTGACCGGGCCGACG_014,198
TGAAGTATGCTAACTGACTG_001,115
TGAAGTATGCTAACTGACTG_002,121
TGAAGTATGCTAACTGACTG_003,105
TGAAGTATGCTAACTGACTG_004,64
TGAAGTATGCTAACTGACTG_005,28
TGAAGTATGCTAACTGACTG_006,139
TGAAGTATGCTAACTGACTG_007,73
TGAAGTATGCTAACTGACTG_008,152
TGAAGTATGCTAACTGACTG_009,169
TGAAGTATGCTAACTGACTG_010,16
TGAAGTATGCTAACTGACTG_011,1
TGAAGTATGCTAACTGACTG_012,35
TGAAGTATGCTAACTGACTG_013,52
TGAAGTATGCTAACTGACTG_014,26
TGAAGTATGCTAACTGACTG_015,185
TGAAGTATGCTAACTGACTG_016,76
TGAAGTATGCTAACTGACTG_017,137
TGAAGTATGCTAACTGACTG_018,188
TGAAGTATGCTAACTGACTG_019,21
AAAATTTATCCAGACCCACC_001,25
AAAATTTATCCAGACCCACC_002,140
AAAATTTATCCAGACCCACC_003,172
AAAATTTATCCAGACCCACC_004,67
TCAACGCCAGCGAATCAGTG_001,56
TCAACGCCAGCGAATCAGTG_002,53
TCAACGCCAGCGAATCAGTG_003,48
TCAACGCCAGCGAATCAGTG_004,169
TCAACGCCAGCGAATCAGTG_005,137
TCAACGCCAGCGAATCAGTG_006,127
GGGGGCTTCGAAGTGATGAA_001,117
GGGGGCTTCGAAGTGATGAA_002,106
GGGGGCTTCGAAGTGATGAA_003,71
GGGGGCTTCGAAGTGATGAA_004,39
GGGGGCTTCGAAGTGATGAA_005,130
GGGGGCTTCGAAGTGATGAA_006,114
GGGGGCTTCGAAGTGATGAA_007,181
GGGGGCTTCGAAGTGATGAA_008,102
AAGGTTCAAATACTCGAGTG_001,48
AAGGTTCAAATACTCGAGTG_002,42
AAGGTTCAAATACTCGAGTG_003,37
AAGGTTCAAATACTCGAGTG_004,38
AAGGTTCAAATACTCGAGTG_005,128
AAGGTTCAAATACTCGAGTG_006,33
AAGGTTCAAATACTCGAGTG_007,149
AAGGTTCAAATACTCGAGTG_008,162
AAGGTTCAAATACTCGAGTG_009,187
AAGGTTCAAATACTCGAGTG_010,79
ATCACACACCGTAAAGAGGG_001,138
ATCACACACCGTAAAGAGGG_002,17
ATCACACACCGTAAAGAGGG_003,199
ATCACACACCGTAAAGAGGG_004,55
ATCACACACCGTAAAGAGGG_005,192
ATCACACACCGTAAAGAGGG_006,16
ATCACACACCGTAAAGAGGG_007,1
ATCACACACCGTAAAGAGGG_008,34
ATCACACACCGTAAAGAGGG_009,188
ATCACACACCGTAAAGAGGG_010,174
ATCACACACCGTAAAGAGGG_011,105
ATCACACACCGTAAAGAGGG_012,176
ATCACACACCGTAAAGAGGG_013,168
ATCACACACCGTAAAGAGGG_014,134
ATCACACACCGTAAAGAGGG_015,11
ATCACACACCGTAAAGAGGG_016,19
GTGGCAAAAAGCATAAACCG_001,192
GTGGCAAAAAGCATAAACCG_002,172
GTGGCAAAAAGCATAAACCG_003,121
GTGGCAAAAAGCATAAACCG_004,84
GTGGCAAAAAGCATAAACCG_005,170
GTGGCAAAAAGCATAAACCG_006,54
GTGGCAAAAAGCATAAACCG_007,29
GTGGCAAAAAGCATAAACCG_008,173
ACCGTCGAACTCAAGTACAA_001,79
ACCGTCGAACTCAAGTACAA_002,19
ACCGTCGAACTCAAGTACAA_003,102
ACCGTCGAACTCAAGTACAA_004,76
ACCGTCGAACTCAAGTACAA_005,147
ACCGTCGAACTCAAGTACAA_006,113
ACCGTCGAACTCAAGTACAA_007,88
ACCGTCGAACTCAAGTACAA_008,88
ACCGTCGAACTCAAGTACAA_009,38
ACCGTCGAACTCAAGTACAA_010,148
ACCGTCGAACTCAAGTACAA_011,82
ACCGTCGAACTCAAGTACAA_012,108
ACCGTCGAACTCAAGTACAA_013,125
ACCGTCGAACTCAAGTACAA_014,157
ACCGTCGAACTCAAGTACAA_015,143
ACCGTCGAACTCAAGTACAA_016,67
ACCGTCGAACTCAAGTACAA_017,147
ACCGTCGAACTCAAGTACAA_018,29
ACCGTCGAACTCAAGTACAA_019,15
ACCGTCGAACTCAAGTACAA_020,121
ACCGTCGAACTCAAGTACAA_021,103
ACCGTCGAACTCAAGTACAA_022,126
ACCGTCGAACTCAAGTACAA_023,2
ACCGTCGAACTCAAGTACAA_024,61
ACCGTCGAACTCAAGTACAA_025,66
ACCGTCGAACTCAAGTACAA_026,147
ACCGTCGAACTCAAGTACAA_027,84
ACCGTCGAACTCAAGTACAA_028,178
ACCGTCGAACTCAAGTACAA_029,74
AGTGAAACCATACATAGACG_001,112
AGTGAAACCATACATAGACG_002,199
AGTGAAACCATACATAGACG_003,28
AGTGAAACCATACATAGACG_004,175
CGCAGCACCTACCTTGACCC_001,178
AATGTAGTTAAGAATGGCTC_001,50
AATGTAGTTAAGAATGGCTC_002,88
AATGTAGTTAAGAATGGCTC_003,161
AATGTAGTTAAGAATGGCTC_004,146
TCTGACTGGCCATCTACTTG_001,137
TCTGACTGGCCATCTACTTG_002,137
TCTGACTGGCCATCTACTTG_003,168
TCTGACTGGCCATCTACTTG_004,33
CCATCACCGAGACATCAGTT_001,41
CCATCACCGAGACATCAGTT_002,49
CCATCACCGAGACATCAGTT_003,139
CCATCACCGAGACATCAGTT_004,49
CCATCACCGAGACATCAGTT_005,149
CCATCACCGAGACATCAGTT_006,169
CCATCACCGAGACATCAGTT_007,160
CCATCACCGAGACATCAGTT_008,88
CCATCACCGAGACATCAGTT_009,88
CCATCACCGAGACATCAGTT_010,50
CCATCACCGAGACATCAGTT_011,2
CCATCACCGAGACATCAGTT_012,158
CCATCACCGAGACATCAGTT_013,128
CCATCACCGAGACATCAGTT_014,83
CCATCACCGAGACATCAGTT_015,58
CCATCACCGAGACATCAGTT_016,122
CCATCACCGAGACATCAGTT_017,17
CCATCACCGAGACATCAGTT_018,3
CCATCACCGAGACATCAGTT_019,38
CCATCACCGAGACATCAGTT_020,27
CCATCACCGAGACATCAGTT_021,176
CCATCACCGAGACATCAGTT_022,64
GCGGCTGGCAGAAACACAGG_001,180
GCGGCTGGCAGAAACACAGG_002,99
GCGGCTGGCAGAAACACAGG_003,82
GCGGCTGGCAGAAACACAGG_004,192
GCGGCTGGCAGAAACACAGG_005,102
GCGGCTGGCAGAAACACAGG_006,97
GCGGCTGGCAGAAACACAGG_007,152
GCGGCTGGCAGAAACACAGG_008,10
GCGGCTGGCAGAAACACAGG_009,9
ACATGAGCATCATTCGCATG_001,170
ACATGAGCATCATTCGCATG_002,156
ACATGAGCATCATTCGCATG_003,96
TGGGTGAACGTACGTTAACG_001,149
TGGGTGAACGTACGTTAACG_002,35
AGACGGCTAAAAGAATAGTG_001,198
AGACGGCTAAAAGAATAGTG_002,56
GAAGCCCACAACGAATGGCG_001,29
GAAGCCCACAACGAATGGCG_002,119
GAAGCCCACAACGAATGGCG_003,48
GAAGCCCACAACGAATGGCG_004,172
GAAGCCCACAACGAATGGCG_005,106
GAAGCCCACAACGAATGGCG_006,180
GAAGCCCACAACGAATGGCG_007,191
GAAGCCCACAACGAATGGCG_008,153
GAAGCCCACAACGAATGGCG_009,193
GCAATCATGACGATCCCACA_001,169
GCAATCATGACGATCCCACA_002,120
GCAATCATGACGATCCCACA_003,182
GGTGACACCGCTATCCCCAG_001,143
GGTGACACCGCTATCCCCAG_002,155
GGTGACACCGCTATCCCCAG_003,124
GGTGACACCGCTATCCCCAG_004,157
GGTGACACCGCTATCCCCAG_005,9
GGTGACACCGCTATCCCCAG_006,35
GGTGACACCGCTATCCCCAG_007,26
ACCAAACAACTCGAGTATCG_001,17
ACCAAACAACTCGAGTATCG_002,116
ACCAAACAACTCGAGTATCG_003,17
ACCAAACAACTCGAGTATCG_004,157
ACCAAACAACTCGAGTATCG_005,76
ACCAAACAACTCGAGTATCG_006,42
CTGACAGGTACTGCCAAGCA_001,190
CTGACAGGTACTGCCAAGCA_002,62
CTGACAGGTACTGCCAAGCA_003,15
CTGACAGGTACTGCCAAGCA_004,6
CTGACAGGTACTGCCAAGCA_005,143
CTGACAGGTACTGCCAAGCA_006,16
CTGACAGGTACTGCCAAGCA_007,168
CTGACAGGTACTGCCAAGCA_008,8
TAGAGCAGTCACTCCAGCCG_001,80
TAGAGCAGTCACTCCAGCCG_002,115
TAGAGCAGTCACTCCAGCCG_003,70
TAGAGCAGTCACTCCAGCCG_004,156
TAGAGCAGTCACTCCAGCCG_005,76
TAGAGCAGTCACTCCAGCCG_006,177
TAGAGCAGTCACTCCAGCCG_007,10
TAGAGCAGTCACTCCAGCCG_008,78
TAGAGCAGTCACTCCAGCCG_009,166
TAGAGCAGTCACTCCAGCCG_010,174
TAGAGCAGTCACTCCAGCCG_011,135
CGCACGCCCGTTGGCCAGCG_001,170
CGCACGCCCGTTGGCCAGCG_002,4
CGCACGCCCGTTGGCCAGCG_003,150
CGCACGCCCGTTGGCCAGCG_004,119
CGCACGCCCGTTGGCCAGCG_005,153
CGCACGCCCGTTGGCCAGCG_006,41
CGCACGCCCGTTGGCCAGCG_007,199
ACCCGGGCATACATAGCGTG_001,70
ACCCGGGCATACATAGCGTG_002,165
ACCCGGGCATACATAGCGTG_003,197
TCTTTACTGAATAAACAAGG_001,4
TCTTTACTGAATAAACAAGG_002,98
TCTTTACTGAATAAACAAGG_003,88
TCTTTACTGAATAAACAAGG_004,151
TGGATGGAGCTCGGTCCCGG_001,64
TGGATGGAGCTCGGTCCCGG_002,144
TGGATGGAGCTCGGTCCCGG_003,134
TGGATGGAGCTCGGTCCCGG_004,91
TGGATGGAGCTCGGTCCCGG_005,54
TGGATGGAGCTCGGTCCCGG_006,160
TGGATGGAGCTCGGTCCCGG_007,178
TGGATGGAGCTCGGTCCCGG_008,29
TGGATGGAGCTCGGTCCCGG_009,127
TGGATGGAGCTCGGTCCCGG_010,57
TGGATGGAGCTCGGTCCCGG_011,62
TGGATGGAGCTCGGTCCCGG_012,121
TGGATGGAGCTCGGTCCCGG_013,45
TGGATGGAGCTCGGTCCCGG_014,76
TGGATGGAGCTCGGTCCCGG_015,157
TGGATGGAGCTCGGTCCCGG_016,49
TGGATGGAGCTCGGTCCCGG_017,165
TGGATGGAGCTCGGTCCCGG_018,8
TGGATGGAGCTCGGTCCCGG_019,45
TGGATGGAGCTCGGTCCCGG_020,191
TGGATGGAGCTCGGTCCCGG_021,19
TGGATGGAGCTCGGTCCCGG_022,170
TGGATGGAGCTCGGTCCCGG_023,48
TGGATGGAGCTCGGTCCCGG_024,130
TGGATGGAGCTCGGTCCCGG_025,165
TGGATGGAGCTCGGTCCCGG_026,119
TGGATGGAGCTCGGTCCCGG_027,59
TGGATGGAGCTCGGTCCCGG_028,148
TGGATGGAGCTCGGTCCCGG_029,119
TGGATGGAGCTCGGTCCCGG_030,124
TGGATGGAGCTCGGTCCCGG_031,156
TGGATGGAGCTCGGTCCCGG_032,146
TGGATGGAGCTCGGTCCCGG_033,129
TGGATGGAGCTCGGTCCCGG_034,48
TGGATGGAGCTCGGTCCCGG_035,178
TGGATGGAGCTCGGTCCCGG_036,88
TGGATGGAGCTCGGTCCCGG_037,166
TGGATGGAGCTCGGTCCCGG_038,27
TGGATGGAGCTCGGTCCCGG_039,127
TGGATGGAGCTCGGTCCCGG_040,4
TGGATGGAGCTCGGTCCCGG_041,89
TGGATGGAGCTCGGTCCCGG_042,81
AGAAAACACCTACTGTCTTG_001,183
AGAAAACACCTACTGTCTTG_002,68
AGAAAACACCTACTGTCTTG_003,44
AGAAAACACCTACTGTCTTG_004,175
AGAAAACACCTACTGTCTTG_005,144
AGAAAACACCTACTGTCTTG_006,194
AGAAAACACCTACTGTCTTG_007,16
AGAAAACACCTACTGTCTTG_008,159
AGAAAACACCTACTGTCTTG_009,42
AGAAAACACCTACTGTCTTG_010,117
AGAAAACACCTACTGTCTTG_011,68
CCTGCACGTGTGACTACCGG_001,69
CCTGCACGTGTGACTACCGG_002,101
CCTGCACGTGTGACTACCGG_003,174
TTTCCAGGTACAATGACTGG_001,58
TTTCCAGGTACAATGACTGG_002,136
AAAAGGGATGTTTATGACCA_001,133
AAAAGGGATGTTTATGACCA_002,149
AAAAGGGATGTTTATGACCA_003,15
AAAAGGGATGTTTATGACCA_004,168
AAAAGGGATGTTTATGACCA_005,28
AAAAGGGATGTTTATGACCA_006,116
CCACGACTATTAAGGAACAC_001,136
CCACGACTATTAAGGAACAC_002,33
CCACGACTATTAAGGAACAC_003,17
TACCTGCGGTGCTCACGTTG_001,42
TACCTGCGGTGCTCACGTTG_002,16
TACCTGCGGTGCTCACGTTG_003,198
TACCTGCGGTGCTCACGTTG_004,73
TACCTGCGGTGCTCACGTTG_005,86
TACCTGCGGTGCTCACGTTG_006,149
TACCTGCGGTGCTCACGTTG_007,75
TACCTGCGGTGCTCACGTTG_008,106
TACCTGCGGTGCTCACGTTG_009,136
GCCGTGTGTGTTTGTGACGG_001,61
GCCGTGTGTGTTTGTGACGG_002,100
GCCGTGTGTGTTTGTGACGG_003,26
GCCGTGTGTGTTTGTGACGG_004,175
ACAACTTACAGGATAGTGTC_001,130
ACAACTTACAGGATAGTGTC_002,103
GCTTCATGTTGGCGACTGCA_001,149
GCTTCATGTTGGCGACTGCA_002,92
GCTTCATGTTGGCGACTGCA_003,146
GCTTCATGTTGGCGACTGCA_004,84
GCTTCATGTTGGCGACTGCA_005,60
GCTTCATGTTGGCGACTGCA_006,31
CAGAAACGCCAAAATCTACG_001,94
CAGAAACGCCAAAATCTACG_002,88
CAGAAACGCCAAAATCTACG_003,177
CAGAAACGCCAAAATCTACG_004,25
CAGAAACGCCAAAATCTACG_005,96
CAGAAACGCCAAAATCTACG_006,170
GGAACCGGAGCAGTTCGGCG_001,87
GGAACCGGAGCAGTTCGGCG_002,4
GGAACCGGAGCAGTTCGGCG_003,26
GGAACCGGAGCAGTTCGGCG_004,117
GGAACCGGAGCAGTTCGGCG_005,69
GGAACCGGAGCAGTTCGGCG_006,105
GGAACCGGAGCAGTTCGGCG_007,96
GGAACCGGAGCAGTTCGGCG_008,72
GGAACCGGAGCAGTTCGGCG_009,177
GGAACCGGAGCAGTTCGGCG_010,138
GGAACCGGAGCAGTTCGGCG_011,68
GGAACCGGAGCAGTTCGGCG_012,66
GGAACCGGAGCAGTTCGGCG_013,83
GGAACCGGAGCAGTTCGGCG_014,147
TTGGGCCCCACCCACGACTG_001,121
TTGGGCCCCACCCACGACTG_002,29
TTGGGCCCCACCCACGACTG_003,20
TTGGGCCCCACCCACGACTG_004,145
TTGGGCCCCACCCACGACTG_005,145
TTGGGCCCCACCCACGACTG_006,72
TTGGGCCCCACCCACGACTG_007,19
TTGGGCCCCACCCACGACTG_008,199
TTGGGCCCCACCCACGACTG_009,144
TTGGGCCCCACCCACGACTG_010,157
TTGGGCCCCACCCACGACTG_011,94
TTGGGCCCCACCCACGACTG_012,77
TTGGGCCCCACCCACGACTG_013,20
TTGGGCCCCACCCACGACTG_014,84
TTGGGCCCCACCCACGACTG_015,13
TTGGGCCCCACCCACGACTG_016,61
TTGGGCCCCACCCACGACTG_017,148
TTGGGCCCCACCCACGACTG_018,165
TTGGGCCCCACCCACGACTG_019,95
TTGGGCCCCACCCACGACTG_020,170
TTGGGCCCCACCCACGACTG_021,190
TTGGGCCCCACCCACGACTG_022,98
TTGGGCCCCACCCACGACTG_023,6
TTGGGCCCCACCCACGACTG_024,74
TTGGGCCCCACCCACGACTG_025,88
TTGGGCCCCACCCACGACTG_026,147
TTGGGCCCCACCCACGACTG_027,97
TTGGGCCCCACCCACGACTG_028,16
TTGGGCCCCACCCACGACTG_029,157
TTGGGCCCCACCCACGACTG_030,50
TTGGGCCCCACCCACGACTG_031,17
TTGGGCCCCACCCACGACTG_032,82
TTGGGCCCCACCCACGACTG_033,105
TTGGGCCCCACCCACGACTG_034,162
TTGGGCCCCACCCACGACTG_035,57
TTGGGCCCCACCCACGACTG_036,56
TTGGGCCCCACCCACGACTG_037,64
TTGGGCCCCACCCACGACTG_038,115
TTGGGCCCCACCCACGACTG_039,40
TTGGGCCCCACCCACGACTG_040,46
TTGGGCCCCACCCACGACTG_041,35
TTGGGCCCCACCCACGACTG_042,129
TTGGGCCCCACCCACGACTG_043,169
TTGGGCCCCACCCACGACTG_044,168
TTGGGCCCCACCCACGACTG_045,86
TTGGGCCCCACCCACGACTG_046,192
TTGGGCCCCACCCACGACTG_047,58
GTCACGTGGAATTTGGAATG_001,169
GTCACGTGGAATTTGGAATG_002,112
GCAGGCTGTCGCGTACTGCG_001,92
GCAGGCTGTCGCGTACTGCG_002,29
GCAGGCTGTCGCGTACTGCG_003,178
GCAGGCTGTCGCGTACTGCG_004,197
GCAGGCTGTCGCGTACTGCG_005,26
GCAGGCTGTCGCGTACTGCG_006,183
GCAGGCTGTCGCGTACTGCG_007,102
GCAGGCTGTCGCGTACTGCG_008,151
GCAGGCTGTCGCGTACTGCG_009,178
GCAGGCTGTCGCGTACTGCG_010,0
GCAGGCTGTCGCGTACTGCG_011,153
GCAGGCTGTCGCGTACTGCG_012,153
GCAGGCTGTCGCGTACTGCG_013,29
GCAGGCTGTCGCGTACTGCG_014,38
GCAGGCTGTCGCGTACTGCG_015,69
GCAGGCTGTCGCGTACTGCG_016,1
GCAGGCTGTCGCGTACTGCG_017,41
GCAGGCTGTCGCGTACTGCG_018,172
GCAGGCTGTCGCGTACTGCG_019,103
GCAGGCTGTCGCGTACTGCG_020,180
GCAGGCTGTCGCGTACTGCG_021,1
GACACAGCCATCGTGCCCAT_001,182
GACACAGCCATCGTGCCCAT_002,161
GACACAGCCATCGTGCCCAT_003,70
GACACAGCCATCGTGCCCAT_004,165
GACACAGCCATCGTGCCCAT_005,199
GACACAGCCATCGTGCCCAT_006,189
GACACAGCCATCGTGCCCAT_007,184
GACACAGCCATCGTGCCCAT_008,41
GACACAGCCATCGTGCCCAT_009,19
GACACAGCCATCGTGCCCAT_010,130
GACACAGCCATCGTGCCCAT_011,12
GACACAGCCATCGTGCCCAT_012,172
AAGACAAAGCCCCCACACAT_001,194
AAGACAAAGCCCCCACACAT_002,45
AAGACAAAGCCCCCACACAT_003,15
AAGACAAAGCCCCCACACAT_004,40
AAGACAAAGCCCCCACACAT_005,191
AAGACAAAGCCCCCACACAT_006,162
AAGACAAAGCCCCCACACAT_007,83
AAGACAAAGCCCCCACACAT_008,83
AAGACAAAGCCCCCACACAT_009,150
AAGACAAAGCCCCCACACAT_010,105
AAGACAAAGCCCCCACACAT_011,188
AAGACAAAGCCCCCACACAT_012,16
AAGACAAAGCCCCCACACAT_013,8
AAGACAAAGCCCCCACACAT_014,68
AAGACAAAGCCCCCACACAT_015,75
AAGACAAAGCCCCCACACAT_016,37
AAGACAAAGCCCCCACACAT_017,97
AAGACAAAGCCCCCACACAT_018,65
AAGACAAAGCCCCCACACAT_019,188
AAGACAAAGCCCCCACACAT_020,8
AAGACAAAGCCCCCACACAT_021,11
AAGACAAAGCCCCCACACAT_022,35
AAGACAAAGCCCCCACACAT_023,138
AAGACAAAGCCCCCACACAT_024,94
AAGACAAAGCCCCCACACAT_025,67
AAGACAAAGCCCCCACACAT_026,56
AAGACAAAGCCCCCACACAT_027,48
AAGACAAAGCCCCCACACAT_028,168
AAGACAAAGCCCCCACACAT_029,40
AAGACAAAGCCCCCACACAT_030,124
AAGACAAAGCCCCCACACAT_031,168
AAGCTGTAAAATGATAACAG_001,157
AAGCTGTAAAATGATAACAG_002,42
AAGCTGTAAAATGATAACAG_003,51
AAGCTGTAAAATGATAACAG_004,2
AAGCTGTAAAATGATAACAG_005,78
AAGCTGTAAAATGATAACAG_006,88
CCAGTTCCAGGTAGACATGG_001,134
CCAGTTCCAGGTAGACATGG_002,44
CCAGTTCCAGGTAGACATGG_003,150
CCAGTTCCAGGTAGACATGG_004,17
CCAGTTCCAGGTAGACATGG_005,76
CCAGTTCCAGGTAGACATGG_006,94
CCAGTTCCAGGTAGACATGG_007,87
CCAGTTCCAGGTAGACATGG_008,80
CCAGTTCCAGGTAGACATGG_009,85
CCAGTTCCAGGTAGACATGG_010,134
CCAGTTCCAGGTAGACATGG_011,74
CCAGTTCCAGGTAGACATGG_012,72
CCAGTTCCAGGTAGACATGG_013,141
CCAGTTCCAGGTAGACATGG_014,129
CCAGTTCCAGGTAGACATGG_015,6
CCAGTTCCAGGTAGACATGG_016,108
CCAGTTCCAGGTAGACATGG_017,122
CCAGTTCCAGGTAGACATGG_018,87
CCAGTTCCAGGTAGACATGG_019,104
CCAGTTCCAGGTAGACATGG_020,88
CCAGTTCCAGGTAGACATGG_021,158
CCAGTTCCAGGTAGACATGG_022,72
CCAGTTCCAGGTAGACATGG_023,63
CCAGTTCCAGGTAGACATGG_024,82
CCAGTTCCAGGTAGACATGG_025,18
GAGATCGACTCGCTCTACGA_001,146
GAGATCGACTCGCTCTACGA_002,112
GAGATCGACTCGCTCTACGA_003,84
GAGATCGACTCGCTCTACGA_004,50
GAGATCGACTCGCTCTACGA_005,126
GAGATCGACTCGCTCTACGA_006,78
GAGATCGACTCGCTCTACGA_007,157
GAGATCGACTCGCTCTACGA_008,157
GAGATCGACTCGCTCTACGA_009,175
GATCAGAATATAGACTCCTG_001,78
GATCAGAATATAGACTCCTG_002,173
GATCAGAATATAGACTCCTG_003,173
GATCAGAATATAGACTCCTG_004,81
GATCAGAATATAGACTCCTG_005,149
TTACCATCAAACCGAACACG_001,46
TTACCATCAAACCGAACACG_002,63
TTACCATCAAACCGAACACG_003,65
GACTTAACGGGTAATCAAGT_001,78
GACTTAACGGGTAATCAAGT_002,56
GACTTAACGGGTAATCAAGT_003,180
GTGCAAGCGAGTCACCACGT_001,192
GTGCAAGCGAGTCACCACGT_002,185
GTGCAAGCGAGTCACCACGT_003,29
GTGCAAGCGAGTCACCACGT_004,188
GTGCAAGCGAGTCACCACGT_005,60
GTGCAAGCGAGTCACCACGT_006,12
GTGCAAGCGAGTCACCACGT_007,155
GTGCAAGCGAGTCACCACGT_008,145
GTGCAAGCGAGTCACCACGT_009,41
GTGCAAGCGAGTCACCACGT_010,38
GTGCAAGCGAGTCACCACGT_011,162
GTGCAAGCGAGTCACCACGT_012,125
GTGCAAGCGAGTCACCACGT_013,75
GTGCAAGCGAGTCACCACGT_014,6
GTGCAAGCGAGTCACCACGT_015,9
GTGCAAGCGAGTCACCACGT_016,127
GTGCAAGCGAGTCACCACGT_017,175
GTGCAAGCGAGTCACCACGT_018,162
GTGCAAGCGAGTCACCACGT_019,107
GTGCAAGCGAGTCACCACGT_020,171
GTGCAAGCGAGTCACCACGT_021,84
GTGCAAGCGAGTCACCACGT_022,149
GTGCAAGCGAGTCACCACGT_023,160
GTGCAAGCGAGTCACCACGT_024,8
GTGCAAGCGAGTCACCACGT_025,94
GTGCAAGCGAGTCACCACGT_026,179
GTGCAAGCGAGTCACCACGT_027,36
GTGCAAGCGAGTCACCACGT_028,101
GTGCAAGCGAGTCACCACGT_029,39
GTGCAAGCGAGTCACCACGT_030,3
GTGCAAGCGAGTCACCACGT_031,52
GTGCAAGCGAGTCACCACGT_032,82
GTGCAAGCGAGTCACCACGT_033,61
GTGCAAGCGAGTCACCACGT_034,121
GTGCAAGCGAGTCACCACGT_035,76
GTGCAAGCGAGTCACCACGT_036,190
GTGCAAGCGAGTCACCACGT_037,66
GTGCAAGCGAGTCACCACGT_038,135
CCTCACCTGATTCTGCCGTG_001,138
CCTCACCTGATTCTGCCGTG_002,49
CCTCACCTGATTCTGCCGTG_003,93
CCTCACCTGATTCTGCCGTG_004,106
CCTCACCTGATTCTGCCGTG_005,75
CCTCACCTGATTCTGCCGTG_006,157
TATAGTCGAGTGCTTGACAA_001,60
TATAGTCGAGTGCTTGACAA_002,130
TATAGTCGAGTGCTTGACAA_003,55
TATAGTCGAGTGCTTGACAA_004,153
TATAGTCGAGTGCTTGACAA_005,105
TATAGTCGAGTGCTTGACAA_006,167
TATAGTCGAGTGCTTGACAA_007,8
TATAGTCGAGTGCTTGACAA_008,46
TATAGTCGAGTGCTTGACAA_009,104
TATAGTCGAGTGCTTGACAA_010,183
TCTCCAGAACAGCCCCCACG_001,39
TCTCCAGAACAGCCCCCACG_002,28
TTGGGGATTAACCCAGAGCC_001,12
TTGGGGATTAACCCAGAGCC_002,41
TTGGGGATTAACCCAGAGCC_003,149
TTGGGGATTAACCCAGAGCC_004,191
TTGGGGATTAACCCAGAGCC_005,102
TTGGGGATTAACCCAGAGCC_006,96
TTGGGGATTAACCCAGAGCC_007,135
TTGGGGATTAACCCAGAGCC_008,15
TTGGGGATTAACCCAGAGCC_009,56
TTGGGGATTAACCCAGAGCC_010,77
TTGGGGATTAACCCAGAGCC_011,172
TTGGGGATTAACCCAGAGCC_012,98
AGATTAAGGCAATAGTGACT_001,55
AGATTAAGGCAATAGTGACT_002,78
CATCCCTAGAGAGTACTGCA_001,176
CATCCCTAGAGAGTACTGCA_002,125
CATCCCTAGAGAGTACTGCA_003,192
CATCCCTAGAGAGTACTGCA_004,2
CATCCCTAGAGAGTACTGCA_005,106
CATCCCTAGAGAGTACTGCA_006,1
CATCCCTAGAGAGTACTGCA_007,63
CATCCCTAGAGAGTACTGCA_008,74
CATCCCTAGAGAGTACTGCA_009,81
ACAGATAACGAGTCCTCCGG_001,88
ACAGATAACGAGTCCTCCGG_002,160
ACAGATAACGAGTCCTCCGG_003,115
ACAGATAACGAGTCCTCCGG_004,97
ACAGATAACGAGTCCTCCGG_005,166
GTTCACAATTTCCCGCCGTG_001,60
GTTCACAATTTCCCGCCGTG_002,58
GTTCACAATTTCCCGCCGTG_003,58
GTTCACAATTTCCCGCCGTG_004,160
GTTCACAATTTCCCGCCGTG_005,60
GTTCACAATTTCCCGCCGTG_006,3
GTTCACAATTTCCCGCCGTG_007,87
GTTCACAATTTCCCGCCGTG_008,87
GTTCACAATTTCCCGCCGTG_009,87
GTTCACAATTTCCCGCCGTG_010,108
GTTCACAATTTCCCGCCGTG_011,80
GTTCACAATTTCCCGCCGTG_012,47
GTTCACAATTTCCCGCCGTG_013,81
GTTCACAATTTCCCGCCGTG_014,183
GTTCACAATTTCCCGCCGTG_015,93
GTTCACAATTTCCCGCCGTG_016,70
GTTCACAATTTCCCGCCGTG_017,92
GTTCACAATTTCCCGCCGTG_018,162
GTTCACAATTTCCCGCCGTG_019,149
GTTCACAATTTCCCGCCGTG_020,63
GTTCACAATTTCCCGCCGTG_021,94
GTTCACAATTTCCCGCCGTG_022,147
GTTCACAATTTCCCGCCGTG_023,22
GTTCACAATTTCCCGCCGTG_024,172
GTTCACAATTTCCCGCCGTG_025,184
GTTCACAATTTCCCGCCGTG_026,184
GTTCACAATTTCCCGCCGTG_027,35
GTTCACAATTTCCCGCCGTG_028,74
GTTCACAATTTCCCGCCGTG_029,15
GTTCACAATTTCCCGCCGTG_030,198
CGCCACGAAAAGGTCTGACA_001,199
CGCCACGAAAAGGTCTGACA_002,184
CGCCACGAAAAGGTCTGACA_003,176
CGCCACGAAAAGGTCTGACA_004,162
CGCCACGAAAAGGTCTGACA_005,43
CGCCACGAAAAGGTCTGACA_006,188
CGCCACGAAAAGGTCTGACA_007,166
CTACCAAAGCCATCAGTCGG_001,2
CTACCAAAGCCATCAGTCGG_002,128
CTACCAAAGCCATCAGTCGG_003,110
CTACCAAAGCCATCAGTCGG_004,61
CTACCAAAGCCATCAGTCGG_005,174
CTACCAAAGCCATCAGTCGG_006,106
CTACCAAAGCCATCAGTCGG_007,29
CTACCAAAGCCATCAGTCGG_008,121
CTACCAAAGCCATCAGTCGG_009,80
CTACCAAAGCCATCAGTCGG_010,0
CTGGCCGAATCTCACTATGT_001,48
CTGGCCGAATCTCACTATGT_002,113
CTGGCCGAATCTCACTATGT_003,68
CTGGCCGAATCTCACTATGT_004,84
CTGGCCGAATCTCACTATGT_005,84
CTGGCCGAATCTCACTATGT_006,37
CTGGCCGAATCTCACTATGT_007,188
CTGGCCGAATCTCACTATGT_008,112
CTGGCCGAATCTCACTATGT_009,0
CTGGCCGAATCTCACTATGT_010,12
CTGGCCGAATCTCACTATGT_011,161
CTGGCCGAATCTCACTATGT_012,160
CTGGCCGAATCTCACTATGT_013,50
CTGGCCGAATCTCACTATGT_014,87
CTGGCCGAATCTCACTATGT_015,158
CTGGCCGAATCTCACTATGT_016,56
CTGGCCGAATCTCACTATGT_017,82
CTGGCCGAATCTCACTATGT_018,19
ATGATAGACTCCTACCCCAG_001,198
ATGATAGACTCCTACCCCAG_002,15
ATGATAGACTCCTACCCCAG_003,88
ATGATAGACTCCTACCCCAG_004,149
ATGATAGACTCCTACCCCAG_005,60
ATGATAGACTCCTACCCCAG_006,65
ATGATAGACTCCTACCCCAG_007,0
ATGATAGACTCCTACCCCAG_008,162
ATGATAGACTCCTACCCCAG_009,122
ATGATAGACTCCTACCCCAG_010,186
ATGATAGACTCCTACCCCAG_011,34
ATGATAGACTCCTACCCCAG_012,174
ATGATAGACTCCTACCCCAG_013,157
ATGATAGACTCCTACCCCAG_014,1
ATGATAGACTCCTACCCCAG_015,102
ATGATAGACTCCTACCCCAG_016,192
AAGATGTTGGACTTAGCATG_001,94
AAGATGTTGGACTTAGCATG_002,58
AAGATGTTGGACTTAGCATG_003,146
AAGATGTTGGACTTAGCATG_004,42
AAGATGTTGGACTTAGCATG_005,0
AAGATGTTGGACTTAGCATG_006,170
AAGATGTTGGACTTAGCATG_007,48
AAGATGTTGGACTTAGCATG_008,167
AAGATGTTGGACTTAGCATG_009,167
AAGATGTTGGACTTAGCATG_010,51
AAGATGTTGGACTTAGCATG_011,102
AAGATGTTGGACTTAGCATG_012,141
AAGATGTTGGACTTAGCATG_013,105
AAGATGTTGGACTTAGCATG_014,105
AAGATGTTGGACTTAGCATG_015,134
AAGATGTTGGACTTAGCATG_016,140
AAGATGTTGGACTTAGCATG_017,17
AAGATGTTGGACTTAGCATG_018,90
AAGATGTTGGACTTAGCATG_019,56
AAGATGTTGGACTTAGCATG_020,12
AAGATGTTGGACTTAGCATG_021,139
AAGATGTTGGACTTAGCATG_022,28
CACCGGCTCAAACCCCCTGG_001,116
CACCGGCTCAAACCCCCTGG_002,5
CACCGGCTCAAACCCCCTGG_003,106
CACCGGCTCAAACCCCCTGG_004,82
CACCGGCTCAAACCCCCTGG_005,173
CACCGGCTCAAACCCCCTGG_006,173
CACCGGCTCAAACCCCCTGG_007,29
CACCGGCTCAAACCCCCTGG_008,91
CACCGGCTCAAACCCCCTGG_009,47
CACCGGCTCAAACCCCCTGG_010,40
CACCGGCTCAAACCCCCTGG_011,17
CACCGGCTCAAACCCCCTGG_012,103
CACCGGCTCAAACCCCCTGG_013,121
CACCGGCTCAAACCCCCTGG_014,83
CACCGGCTCAAACCCCCTGG_015,183
CACCGGCTCAAACCCCCTGG_016,170
CACCGGCTCAAACCCCCTGG_017,43
CACCGGCTCAAACCCCCTGG_018,149
CACCGGCTCAAACCCCCTGG_019,35
CACCGGCTCAAACCCCCTGG_020,153
AGGCTGGCCATGTAAGATCG_001,78
AGGCTGGCCATGTAAGATCG_002,16
AGGCTGGCCATGTAAGATCG_003,37
AGGCTGGCCATGTAAGATCG_004,117
AGGCTGGCCATGTAAGATCG_005,46
AGGCTGGCCATGTAAGATCG_006,69
AGGCTGGCCATGTAAGATCG_007,184
AGGCTGGCCATGTAAGATCG_008,81
AGGCTGGCCATGTAAGATCG_009,120
AGGCTGGCCATGTAAGATCG_010,152
AGGCTGGCCATGTAAGATCG_011,2
AGGCTGGCCATGTAAGATCG_012,172
AGGCTGGCCATGTAAGATCG_013,103
AGGCTGGCCATGTAAGATCG_014,155
GTACAGCCCTCCCGGAATGG_001,194
GTACAGCCCTCCCGGAATGG_002,124
GTACAGCCCTCCCGGAATGG_003,117
GTACAGCCCTCCCGGAATGG_004,86
GTACAGCCCTCCCGGAATGG_005,1
GTACAGCCCTCCCGGAATGG_006,194
GTACAGCCCTCCCGGAATGG_007,127
GTACAGCCCTCCCGGAATGG_008,127
GTACAGCCCTCCCGGAATGG_009,10
GTACAGCCCTCCCGGAATGG_010,192
GTACAGCCCTCCCGGAATGG_011,39
GTACAGCCCTCCCGGAATGG_012,54
GTACAGCCCTCCCGGAATGG_013,162
GTACAGCCCTCCCGGAATGG_014,58
TCGGTTCGCCCTCGCCCTCG_001,58
TCGGTTCGCCCTCGCCCTCG_002,87
TCGGTTCGCCCTCGCCCTCG_003,173
TCGGTTCGCCCTCGCCCTCG_004,72
TCGGTTCGCCCTCGCCCTCG_005,84
TCGGTTCGCCCTCGCCCTCG_006,45
TCGGTTCGCCCTCGCCCTCG_007,148
TGACGTTATCAGTCAAAGGT_001,82
TGACGTTATCAGTCAAAGGT_002,15
TGACGTTATCAGTCAAAGGT_003,172
TGACGTTATCAGTCAAAGGT_004,119
TGACGTTATCAGTCAAAGGT_005,34
TGACGTTATCAGTCAAAGGT_006,34
TATCTCTATAAACGGGAGAG_001,199
AGATCACCTAAAGCCCGTAG_001,146
AGATCACCTAAAGCCCGTAG_002,197
AGATCACCTAAAGCCCGTAG_003,88
AGATCACCTAAAGCCCGTAG_004,82
AGATCACCTAAAGCCCGTAG_005,187
AGATCACCTAAAGCCCGTAG_006,93
AGATCACCTAAAGCCCGTAG_007,188
AGATCACCTAAAGCCCGTAG_008,63
CAAGCCATTGCACTACACGA_001,118
CAAGCCATTGCACTACACGA_002,168
CAAGCCATTGCACTACACGA_003,115
CAAGCCATTGCACTACACGA_004,127
CAAGCCATTGCACTACACGA_005,1
CAAGCCATTGCACTACACGA_006,181
CAAGCCATTGCACTACACGA_007,68
CAAGCCATTGCACTACACGA_008,156
CAAGCCATTGCACTACACGA_009,91
CAAGCCATTGCACTACACGA_010,31
CAAGCCATTGCACTACACGA_011,6
CAAGCCATTGCACTACACGA_012,153
CAAGCCATTGCACTACACGA_013,142
CAAGCCATTGCACTACACGA_014,115
CCCGTGTCCTATGCACACAC_001,183
CCCGTGTCCTATGCACACAC_002,72
CCCGTGTCCTATGCACACAC_003,72
CCCGTGTCCTATGCACACAC_004,186
CCCGTGTCCTATGCACACAC_005,92
CCCGTGTCCTATGCACACAC_006,65
CCCGTGTCCTATGCACACAC_007,50
CCCGTGTCCTATGCACACAC_008,41
CCCGTGTCCTATGCACACAC_009,144
CCCGTGTCCTATGCACACAC_010,136
GCTGCTGTGCTCCCTTTCTG_001,177
GCTGCTGTGCTCCCTTTCTG_002,45
GCTGCTGTGCTCCCTTTCTG_003,33
GCTGCTGTGCTCCCTTTCTG_004,161
GCTGCTGTGCTCCCTTTCTG_005,34
GCTGCTGTGCTCCCTTTCTG_006,167
ACAGCTGTAGGATCACGTAA_001,85
ACAGCTGTAGGATCACGTAA_002,180
ACAGCTGTAGGATCACGTAA_003,126
ACAGCTGTAGGATCACGTAA_004,147
AGTTACTTTCCAGCTAAAGG_001,138
AGTTACTTTCCAGCTAAAGG_002,15
AGTTACTTTCCAGCTAAAGG_003,11
GGGGTGTCAGCCAAAGAGTG_001,110
GGGGTGTCAGCCAAAGAGTG_002,78
GGGGTGTCAGCCAAAGAGTG_003,49
GGGGTGTCAGCCAAAGAGTG_004,175
GGGGTGTCAGCCAAAGAGTG_005,47
GGGGTGTCAGCCAAAGAGTG_006,78
GGGGTGTCAGCCAAAGAGTG_007,82
GGGGTGTCAGCCAAAGAGTG_008,138
GGGGTGTCAGCCAAAGAGTG_009,63
GGGGTGTCAGCCAAAGAGTG_010,11
GGGGTGTCAGCCAAAGAGTG_011,156
GGGGTGTCAGCCAAAGAGTG_012,168
GGGGTGTCAGCCAAAGAGTG_013,50
CCAAGAATGCAACCACCTGT_001,102
CCAAGAATGCAACCACCTGT_002,184
CCAAGAATGCAACCACCTGT_003,144
CCAAGAATGCAACCACCTGT_004,10
AAGCAGTTTATCCGTTCAGT_001,57
AAGCAGTTTATCCGTTCAGT_002,15
AAGCAGTTTATCCGTTCAGT_003,126
GCGGACCGTAGCGTTCAGCG_001,134
GCGGACCGTAGCGTTCAGCG_002,123
GCGGACCGTAGCGTTCAGCG_003,190
GCGGACCGTAGCGTTCAGCG_004,61
GCGGACCGTAGCGTTCAGCG_005,137
GCGGACCGTAGCGTTCAGCG_006,178
GCGGACCGTAGCGTTCAGCG_007,111
CCACCCCATAGGTGAACGAG_001,62
CCACCCCATAGGTGAACGAG_002,27
CCACCCCATAGGTGAACGAG_003,16
CCACCCCATAGGTGAACGAG_004,94
CCACCCCATAGGTGAACGAG_005,61
CCACCCCATAGGTGAACGAG_006,61
CCACCCCATAGGTGAACGAG_007,41
CCACCCCATAGGTGAACGAG_008,121
CCACCCCATAGGTGAACGAG_009,48
CCACCCCATAGGTGAACGAG_010,166
CCACCCCATAGGTGAACGAG_011,91
CCACCCCATAGGTGAACGAG_012,112
TGCAATTCAGTGTGATGTGA_001,15
TGCAATTCAGTGTGATGTGA_002,168
TGCAATTCAGTGTGATGTGA_003,40
TGCAATTCAGTGTGATGTGA_004,188
TGTTGAACTGTCGTACATGG_001,152
TGTTGAACTGTCGTACATGG_002,184
TGTTGAACTGTCGTACATGG_003,37
TGTTGAACTGTCGTACATGG_004,197
CTGGGGGTCGATGTCACGCA_001,139
ACTAGGATGACTGTAAAGGG_001,16
ACTAGGATGACTGTAAAGGG_002,85
ACTAGGATGACTGTAAAGGG_003,107
ACTAGGATGACTGTAAAGGG_004,106
ACTAGGATGACTGTAAAGGG_005,150
CTGCATAGTACCCATGTCAG_001,56
CTGCATAGTACCCATGTCAG_002,43
CTGCATAGTACCCATGTCAG_003,82
CTGCATAGTACCCATGTCAG_004,130
CTGCATAGTACCCATGTCAG_005,134
CTGCATAGTACCCATGTCAG_006,149
GAGAACCTCATCACCGCCAA_001,73
GAGAACCTCATCACCGCCAA_002,88
GAGAACCTCATCACCGCCAA_003,48
GAGAACCTCATCACCGCCAA_004,58
GAGAACCTCATCACCGCCAA_005,72
GAGAACCTCATCACCGCCAA_006,171
GAGAACCTCATCACCGCCAA_007,6
GAGAACCTCATCACCGCCAA_008,101
GAGAACCTCATCACCGCCAA_009,175
GAGAACCTCATCACCGCCAA_010,76
GAGAACCTCATCACCGCCAA_011,104
GAGAACCTCATCACCGCCAA_012,16
GAGAACCTCATCACCGCCAA_013,41
GAGAACCTCATCACCGCCAA_014,119
GAGAACCTCATCACCGCCAA_015,94
GAGAACCTCATCACCGCCAA_016,190
GAGAACCTCATCACCGCCAA_017,176
GAGAACCTCATCACCGCCAA_018,25
GAGAACCTCATCACCGCCAA_019,29
GAGAACCTCATCACCGCCAA_020,17
AACCATGAGTGTGTCCGCAA_001,115
AACCATGAGTGTGTCCGCAA_002,192
AACCATGAGTGTGTCCGCAA_003,158
AACCATGAGTGTGTCCGCAA_004,49
AACCATGAGTGTGTCCGCAA_005,42
AACCATGAGTGTGTCCGCAA_006,160
AACCATGAGTGTGTCCGCAA_007,141
AACCATGAGTGTGTCCGCAA_008,125
AACCATGAGTGTGTCCGCAA_009,173
AACCATGAGTGTGTCCGCAA_010,1
AACCATGAGTGTGTCCGCAA_011,41
AACCATGAGTGTGTCCGCAA_012,12
AACCATGAGTGTGTCCGCAA_013,194
AACCATGAGTGTGTCCGCAA_014,181
AACCATGAGTGTGTCCGCAA_015,60
AACCATGAGTGTGTCCGCAA_016,76
AACCATGAGTGTGTCCGCAA_017,72
AACCATGAGTGTGTCCGCAA_018,130
AACCATGAGTGTGTCCGCAA_019,35
AACCATGAGTGTGTCCGCAA_020,142
GGTTACGTCATCGACTCCAG_001,129
GGTTACGTCATCGACTCCAG_002,60
GGTTACGTCATCGACTCCAG_003,134
GGTTACGTCATCGACTCCAG_004,24
CATAGACAACAAGATCGAAC_001,55
CATAGACAACAAGATCGAAC_002,116
CATATGCGGCCACGACGGTG_001,152
CATATGCGGCCACGACGGTG_002,5
CATATGCGGCCACGACGGTG_003,94
CATATGCGGCCACGACGGTG_004,156
CATATGCGGCCACGACGGTG_005,151
CATATGCGGCCACGACGGTG_006,62
CATATGCGGCCACGACGGTG_007,43
CATATGCGGCCACGACGGTG_008,113
AGCACAGCGCCGAGTCCGAG_001,126
AGCACAGCGCCGAGTCCGAG_002,104
AGCACAGCGCCGAGTCCGAG_003,15
AGCACAGCGCCGAGTCCGAG_004,24
CAGCGGCCGTTGCAGAACAG_001,8
CAGCGGCCGTTGCAGAACAG_002,78
CAGCGGCCGTTGCAGAACAG_003,50
CAGCGGCCGTTGCAGAACAG_004,127
CAGCGGCCGTTGCAGAACAG_005,50
CAGCGGCCGTTGCAGAACAG_006,150
CAGCGGCCGTTGCAGAACAG_007,139
CAGCGGCCGTTGCAGAACAG_008,191
CAGCGGCCGTTGCAGAACAG_009,193
CAGCGGCCGTTGCAGAACAG_010,199
CAGCGGCCGTTGCAGAACAG_011,129
CAGCGGCCGTTGCAGAACAG_012,78
CAGCGGCCGTTGCAGAACAG_013,81
CAGCGGCCGTTGCAGAACAG_014,197
CAGCGGCCGTTGCAGAACAG_015,103
CAGCGGCCGTTGCAGAACAG_016,93
CAGCGGCCGTTGCAGAACAG_017,51
CAGCGGCCGTTGCAGAACAG_018,122
CAGCGGCCGTTGCAGAACAG_019,46
CAGCGGCCGTTGCAGAACAG_020,149
CAGCGGCCGTTGCAGAACAG_021,62
CAGCGGCCGTTGCAGAACAG_022,0
CAGCGGCCGTTGCAGAACAG_023,49
CAGCGGCCGTTGCAGAACAG_024,17
CAGCGGCCGTTGCAGAACAG_025,178
CAGCGGCCGTTGCAGAACAG_026,168
CAGCGGCCGTTGCAGAACAG_027,146
CAGCGGCCGTTGCAGAACAG_028,11
CAGCGGCCGTTGCAGAACAG_029,17
CAGCGGCCGTTGCAGAACAG_030,155
CAGCGGCCGTTGCAGAACAG_031,103
CAGCGGCCGTTGCAGAACAG_032,116
CAGCGGCCGTTGCAGAACAG_033,185
CAGCGGCCGTTGCAGAACAG_034,58
CAGCGGCCGTTGCAGAACAG_035,82
CAGCGGCCGTTGCAGAACAG_036,17
CAGCGGCCGTTGCAGAACAG_037,45
CAGCGGCCGTTGCAGAACAG_038,189
CAGCGGCCGTTGCAGAACAG_039,34
CAGCGGCCGTTGCAGAACAG_040,38
CAGCGGCCGTTGCAGAACAG_041,92
GCTGCGAGCCTGACAGACAT_001,150
GCTGCGAGCCTGACAGACAT_002,119
GCTGCGAGCCTGACAGACAT_003,50
GCTGCGAGCCTGACAGACAT_004,84
GCTGCGAGCCTGACAGACAT_005,158
GGATTACAGAAATACGAGAG_001,84
GGATTACAGAAATACGAGAG_002,72
GGATTACAGAAATACGAGAG_003,33
GGATTACAGAAATACGAGAG_004,25
GGATTACAGAAATACGAGAG_005,56
GGATTACAGAAATACGAGAG_006,57
TCAGACATCACAAATATGGT_001,122
TCAGACATCACAAATATGGT_002,3
ACATGGTGGCCAACGAGACA_001,51
ACATGGTGGCCAACGAGACA_002,51
ACATGGTGGCCAACGAGACA_003,172
ACATGGTGGCCAACGAGACA_004,142
CCTCATTGCAGAGTGCGAGT_001,98
CCTCATTGCAGAGTGCGAGT_002,150
CCTCATTGCAGAGTGCGAGT_003,169
CCTCATTGCAGAGTGCGAGT_004,48
CCTCATTGCAGAGTGCGAGT_005,22
CCTCATTGCAGAGTGCGAGT_006,183
CCTCATTGCAGAGTGCGAGT_007,34
CCTCATTGCAGAGTGCGAGT_008,78
CCTCATTGCAGAGTGCGAGT_009,127
CCTCATTGCAGAGTGCGAGT_010,15
CCTCATTGCAGAGTGCGAGT_011,19
CCTCATTGCAGAGTGCGAGT_012,18
CCTCATTGCAGAGTGCGAGT_013,27
CCTCATTGCAGAGTGCGAGT_014,37
CCTCATTGCAGAGTGCGAGT_015,174
CCTCATTGCAGAGTGCGAGT_016,50
CTGAGACAGTATGCCGTGGA_001,162
CTGAGACAGTATGCCGTGGA_002,72
AGGTGAAGACCAATGTCTCG_001,184
AGGTGAAGACCAATGTCTCG_002,160
AGGTGAAGACCAATGTCTCG_003,75
AGGTGAAGACCAATGTCTCG_004,96
AGGTGAAGACCAATGTCTCG_005,130
AGGTGAAGACCAATGTCTCG_006,49
AGGTGAAGACCAATGTCTCG_007,165
GATTGCTGTACCGATACCCT_001,141
GATTGCTGTACCGATACCCT_002,85
GATTGCTGTACCGATACCCT_003,2
GTCAATGTAGGTCAGCACTG_001,29
GTCAATGTAGGTCAGCACTG_002,197
GTCAATGTAGGTCAGCACTG_003,83
GTCAATGTAGGTCAGCACTG_004,94
GTCAATGTAGGTCAGCACTG_005,141
GTCAATGTAGGTCAGCACTG_006,60
GTCAATGTAGGTCAGCACTG_007,107
AGTTCAGCAAAGACACCGAG_001,166
AGTTCAGCAAAGACACCGAG_002,82
AGTTCAGCAAAGACACCGAG_003,149
AGTTCAGCAAAGACACCGAG_004,29
AGTTCAGCAAAGACACCGAG_005,7
AGTTCAGCAAAGACACCGAG_006,88
AGTTCAGCAAAGACACCGAG_007,134
AGTTCAGCAAAGACACCGAG_008,134
AGTTCAGCAAAGACACCGAG_009,122
AGTTCAGCAAAGACACCGAG_010,122
AGTTCAGCAAAGACACCGAG_011,150
AGTTCAGCAAAGACACCGAG_012,189
AGTTCAGCAAAGACACCGAG_013,51
AGTTCAGCAAAGACACCGAG_014,77
AGTTCAGCAAAGACACCGAG_015,19
AGTTCAGCAAAGACACCGAG_016,10
AGTTCAGCAAAGACACCGAG_017,97
ATCATTGGCTATGTAAAAGC_001,115
ATCATTGGCTATGTAAAAGC_002,162
CCAATTACCTCACTCTCTCG_001,182
CCAATTACCTCACTCTCTCG_002,119
CCAATTACCTCACTCTCTCG_003,198
CCAATTACCTCACTCTCTCG_004,129
CCAATTACCTCACTCTCTCG_005,102
CCAATTACCTCACTCTCTCG_006,133
CCAATTACCTCACTCTCTCG_007,144
CCAGGCAAAGGAACGACATG_001,114
CCAGGCAAAGGAACGACATG_002,169
CCAGGCAAAGGAACGACATG_003,130
AGAGCATCTTCTAATGCTTG_001,139
AGAGCATCTTCTAATGCTTG_002,192
AGAGCATCTTCTAATGCTTG_003,60
GTCATCAAGATGATCGACAT_001,163
GTCATCAAGATGATCGACAT_002,108
TGCGCGGTTAGTCCTCACGA_001,112
TGCGCGGTTAGTCCTCACGA_002,60
TGCGCGGTTAGTCCTCACGA_003,25
TGCGCGGTTAGTCCTCACGA_004,179
TGCGCGGTTAGTCCTCACGA_005,14
TGCGCGGTTAGTCCTCACGA_006,145
TGCGCGGTTAGTCCTCACGA_007,185
TGCGCGGTTAGTCCTCACGA_008,119
TGCGCGGTTAGTCCTCACGA_009,145
TGCGCGGTTAGTCCTCACGA_010,50
TGCGCGGTTAGTCCTCACGA_011,1
TGCGCGGTTAGTCCTCACGA_012,50
TGCGCGGTTAGTCCTCACGA_013,147
TGCGCGGTTAGTCCTCACGA_014,47
TGCGCGGTTAGTCCTCACGA_015,132
TGCGCGGTTAGTCCTCACGA_016,175
TGCGCGGTTAGTCCTCACGA_017,192
TGCGCGGTTAGTCCTCACGA_018,174
TGCGCGGTTAGTCCTCACGA_019,150
TGCGCGGTTAGTCCTCACGA_020,131
TGCGCGGTTAGTCCTCACGA_021,20
TGCGCGGTTAGTCCTCACGA_022,147
TGCGCGGTTAGTCCTCACGA_023,174
TGCGCGGTTAGTCCTCACGA_024,148
TGCGCGGTTAGTCCTCACGA_025,9
TATTCACGGCTGGAAGACAA_001,161
TATTCACGGCTGGAAGACAA_002,188
ACTCACGCTTATGTTCCGGG_001,177
ACTCACGCTTATGTTCCGGG_002,8
ACTCACGCTTATGTTCCGGG_003,198
ACTCACGCTTATGTTCCGGG_004,144
ACTCACGCTTATGTTCCGGG_005,62
CAGACGGAGAAACAGTCCAC_001,21
CAGACGGAGAAACAGTCCAC_002,77
CAGACGGAGAAACAGTCCAC_003,137
CAGACGGAGAAACAGTCCAC_004,81
CAGACGGAGAAACAGTCCAC_005,145
CAGACGGAGAAACAGTCCAC_006,142
CAGACGGAGAAACAGTCCAC_007,38
CAGACGGAGAAACAGTCCAC_008,61
CAGACGGAGAAACAGTCCAC_009,49
CAGACGGAGAAACAGTCCAC_010,48
CAGACGGAGAAACAGTCCAC_011,170
CAGACGGAGAAACAGTCCAC_012,1
CAGACGGAGAAACAGTCCAC_013,76
CAGACGGAGAAACAGTCCAC_014,163
CAGACGGAGAAACAGTCCAC_015,157
CAGACGGAGAAACAGTCCAC_016,142
CAGACGGAGAAACAGTCCAC_017,107
AAGCAAGACCCGAGAAGGTG_001,116
AAGCAAGACCCGAGAAGGTG_002,130
AAGCAAGACCCGAGAAGGTG_003,124
AAGCAAGACCCGAGAAGGTG_004,97
AAGCAAGACCCGAGAAGGTG_005,107
AAGCAAGACCCGAGAAGGTG_006,1
AAGCAAGACCCGAGAAGGTG_007,94
AAGCAAGACCCGAGAAGGTG_008,89
AAGCAAGACCCGAGAAGGTG_009,176
AAGCAAGACCCGAGAAGGTG_010,160
AAGCAAGACCCGAGAAGGTG_011,86
AAGCAAGACCCGAGAAGGTG_012,48
AAGCAAGACCCGAGAAGGTG_013,20
AAGCAAGACCCGAGAAGGTG_014,16
AAGCAAGACCCGAGAAGGTG_015,42
AAGCAAGACCCGAGAAGGTG_016,163
AAGCAAGACCCGAGAAGGTG_017,94
AAGCAAGACCCGAGAAGGTG_018,103
AAGCAAGACCCGAGAAGGTG_019,174
AAGCAAGACCCGAGAAGGTG_020,15
AAGCAAGACCCGAGAAGGTG_021,65
AAGCAAGACCCGAGAAGGTG_022,63
AAGCAAGACCCGAGAAGGTG_023,78
AAGCAAGACCCGAGAAGGTG_024,126
AAGCAAGACCCGAGAAGGTG_025,164
AAGCAAGACCCGAGAAGGTG_026,184
AAGCAAGACCCGAGAAGGTG_027,162
AAGCAAGACCCGAGAAGGTG_028,34
AAGCAAGACCCGAGAAGGTG_029,8
AAGCAAGACCCGAGAAGGTG_030,3
ACTGACAATGATGTATATGT_001,103
GCCTCAGGTAGATCCCACGC_001,47
GCCTCAGGTAGATCCCACGC_002,146
GCCTCAGGTAGATCCCACGC_003,121
CTCATACTTCAGATCCAGTG_001,163
CTCATACTTCAGATCCAGTG_002,178
CTCATACTTCAGATCCAGTG_003,43
TAGTCCTTAGGGTGGGCTGA_001,127
TAGTCCTTAGGGTGGGCTGA_002,78
TAGTCCTTAGGGTGGGCTGA_003,27
TAGTCCTTAGGGTGGGCTGA_004,127
TAGTCCTTAGGGTGGGCTGA_005,147
TAGTCCTTAGGGTGGGCTGA_006,188
TAGTCCTTAGGGTGGGCTGA_007,141
TAGTCCTTAGGGTGGGCTGA_008,199
TAGTCCTTAGGGTGGGCTGA_009,41
TAGTCCTTAGGGTGGGCTGA_010,86
TAGTCCTTAGGGTGGGCTGA_011,120
TAGTCCTTAGGGTGGGCTGA_012,26
TAGTCCTTAGGGTGGGCTGA_013,115
TAGTCCTTAGGGTGGGCTGA_014,1
TAGTCCTTAGGGTGGGCTGA_015,195
TAGTCCTTAGGGTGGGCTGA_016,97
TAGTCCTTAGGGTGGGCTGA_017,15
TAGTCCTTAGGGTGGGCTGA_018,103
TAGTCCTTAGGGTGGGCTGA_019,34
TAGTCCTTAGGGTGGGCTGA_020,160
TAGTCCTTAGGGTGGGCTGA_021,20
TAGTCCTTAGGGTGGGCTGA_022,175
TAGTCCTTAGGGTGGGCTGA_023,82
TAGTCCTTAGGGTGGGCTGA_024,104
TAGTCCTTAGGGTGGGCTGA_025,115
TAGTCCTTAGGGTGGGCTGA_026,115
TAGTCCTTAGGGTGGGCTGA_027,77
TAGTCCTTAGGGTGGGCTGA_028,40
TAGTCCTTAGGGTGGGCTGA_029,57
TAGTCCTTAGGGTGGGCTGA_030,172
TAGTCCTTAGGGTGGGCTGA_031,49
TAGTCCTTAGGGTGGGCTGA_032,52
TAGTCCTTAGGGTGGGCTGA_033,127
TAGTCCTTAGGGTGGGCTGA_034,17
TAGTCCTTAGGGTGGGCTGA_035,76
TAGTCCTTAGGGTGGGCTGA_036,163
TAGTCCTTAGGGTGGGCTGA_037,146
TAGTCCTTAGGGTGGGCTGA_038,105
TAGTCCTTAGGGTGGGCTGA_039,118
TAGTCCTTAGGGTGGGCTGA_040,175
TAGTCCTTAGGGTGGGCTGA_041,140
TAGTCCTTAGGGTGGGCTGA_042,188
TAGTCCTTAGGGTGGGCTGA_043,39
TAGTCCTTAGGGTGGGCTGA_044,160
TAGTCCTTAGGGTGGGCTGA_045,62
TAGTCCTTAGGGTGGGCTGA_046,85
TAGTCCTTAGGGTGGGCTGA_047,186
AGGGCAAGATGCCCATGAAG_001,29
AGGGCAAGATGCCCATGAAG_002,10
AGGGCAAGATGCCCATGAAG_003,137
AGGGCAAGATGCCCATGAAG_004,41
AGGGCAAGATGCCCATGAAG_005,119
AGGGCAAGATGCCCATGAAG_006,121
AGGGCAAGATGCCCATGAAG_007,20
AGGGCAAGATGCCCATGAAG_008,120
AGCCCAGGGGCCAAGCATGG_001,155
AGCCCAGGGGCCAAGCATGG_002,76
AGCCCAGGGGCCAAGCATGG_003,162
AGCCCAGGGGCCAAGCATGG_004,181
AGCCCAGGGGCCAAGCATGG_005,192
AGCCCAGGGGCCAAGCATGG_006,48
AGCCCAGGGGCCAAGCATGG_007,41
AGCCCAGGGGCCAAGCATGG_008,2
AGCCCAGGGGCCAAGCATGG_009,162
AGCCCAGGGGCCAAGCATGG_010,7
AGCCCAGGGGCCAAGCATGG_011,21
AGCCCAGGGGCCAAGCATGG_012,122
AGCCCAGGGGCCAAGCATGG_013,27
AGCCCAGGGGCCAAGCATGG_014,172
AGCCCAGGGGCCAAGCATGG_015,88
AGCCCAGGGGCCAAGCATGG_016,41
AGCCCAGGGGCCAAGCATGG_017,22
AGCCCAGGGGCCAAGCATGG_018,165
AGCCCAGGGGCCAAGCATGG_019,96
AGCCCAGGGGCCAAGCATGG_020,191
AGCCCAGGGGCCAAGCATGG_021,148
AGCCCAGGGGCCAAGCATGG_022,197
AGCCCAGGGGCCAAGCATGG_023,57
AGCCCAGGGGCCAAGCATGG_024,142
CAAACACGGGCACTGATGGA_001,78
CAAACACGGGCACTGATGGA_002,19
CAAACACGGGCACTGATGGA_003,56
CGGAACGAACATTGGCTCGG_001,101
CGGAACGAACATTGGCTCGG_002,168
CGGAACGAACATTGGCTCGG_003,120
GCGCGGCCAGCAGACCTGCA_001,72
GCGCGGCCAGCAGACCTGCA_002,23
AGAAACCAGAAGGTACCCTG_001,107
AGAAACCAGAAGGTACCCTG_002,150
AGAAACCAGAAGGTACCCTG_003,94
AGAAACCAGAAGGTACCCTG_004,60
AGAAACCAGAAGGTACCCTG_005,48
AGAAACCAGAAGGTACCCTG_006,32
AGAAACCAGAAGGTACCCTG_007,98
AGAAACCAGAAGGTACCCTG_008,2
AGAAACCAGAAGGTACCCTG_009,15
AGAAACCAGAAGGTACCCTG_010,168
AGAAACCAGAAGGTACCCTG_011,146
AGAAACCAGAAGGTACCCTG_012,36
AGAAACCAGAAGGTACCCTG_013,61
AGAAACCAGAAGGTACCCTG_014,29
AGAAACCAGAAGGTACCCTG_015,67
AGAAACCAGAAGGTACCCTG_016,152
AGAAACCAGAAGGTACCCTG_017,49
ACGAGTGTGCATACTTCGAG_001,78
ACGAGTGTGCATACTTCGAG_002,175
ACGAGTGTGCATACTTCGAG_003,21
ACGAGTGTGCATACTTCGAG_004,43
ATTCAGACACTCATTAAAGG_001,139
ATTCAGACACTCATTAAAGG_002,38
ATTCAGACACTCATTAAAGG_003,121
ATTCAGACACTCATTAAAGG_004,9
ATTCAGACACTCATTAAAGG_005,192
ATTCAGACACTCATTAAAGG_006,60
ATTCAGACACTCATTAAAGG_007,16
ATTCAGACACTCATTAAAGG_008,58
CAGGACACCCCCGCACAGGT_001,112
CAGGACACCCCCGCACAGGT_002,170
CAGGACACCCCCGCACAGGT_003,137
CAGGACACCCCCGCACAGGT_004,27
CAGGACACCCCCGCACAGGT_005,101
CAGGACACCCCCGCACAGGT_006,88
CAGGACACCCCCGCACAGGT_007,84
CAGGACACCCCCGCACAGGT_008,38
CAGGACACCCCCGCACAGGT_009,70
CAGGACACCCCCGCACAGGT_010,129
CAGGACACCCCCGCACAGGT_011,19
CAGGACACCCCCGCACAGGT_012,155
CAGGACACCCCCGCACAGGT_013,121
CAGGACACCCCCGCACAGGT_014,34
CAGGACACCCCCGCACAGGT_015,53
CAGGACACCCCCGCACAGGT_016,174
CAGGACACCCCCGCACAGGT_017,148
CAGGACACCCCCGCACAGGT_018,101
CAGGACACCCCCGCACAGGT_019,190
CAGGACACCCCCGCACAGGT_020,135
CAGGACACCCCCGCACAGGT_021,10
CAGGACACCCCCGCACAGGT_022,142
CAGGACACCCCCGCACAGGT_023,10
CAGGACACCCCCGCACAGGT_024,12
CAGGACACCCCCGCACAGGT_025,126
CAGGACACCCCCGCACAGGT_026,34
GGAGTGTATTCAACTCAAGT_001,88
GGAGTGTATTCAACTCAAGT_002,160
GGAGTGTATTCAACTCAAGT_003,16
GGAGTGTATTCAACTCAAGT_004,6
GGAGTGTATTCAACTCAAGT_005,178
GGAGTGTATTCAACTCAAGT_006,34
GGAGTGTATTCAACTCAAGT_007,153
GGCATGCCAGTAGCCCACAT_001,58
GGCATGCCAGTAGCCCACAT_002,134
GGCATGCCAGTAGCCCACAT_003,188
GGCATGCCAGTAGCCCACAT_004,116
GGCATGCCAGTAGCCCACAT_005,144
GGCATGCCAGTAGCCCACAT_006,56
GGCATGCCAGTAGCCCACAT_007,134
GGCATGCCAGTAGCCCACAT_008,127
GGCATGCCAGTAGCCCACAT_009,78
GGCATGCCAGTAGCCCACAT_010,188
GGCATGCCAGTAGCCCACAT_011,50
GGCATGCCAGTAGCCCACAT_012,48
GGCATGCCAGTAGCCCACAT_013,191
GGCATGCCAGTAGCCCACAT_014,21
GGCATGCCAGTAGCCCACAT_015,102
GGCATGCCAGTAGCCCACAT_016,183
GGCATGCCAGTAGCCCACAT_017,50
GGCATGCCAGTAGCCCACAT_018,177
GGCATGCCAGTAGCCCACAT_019,177
GGCATGCCAGTAGCCCACAT_020,104
GGCATGCCAGTAGCCCACAT_021,82
GGCATGCCAGTAGCCCACAT_022,97
GGCATGCCAGTAGCCCACAT_023,146
GGCATGCCAGTAGCCCACAT_024,173
GGCATGCCAGTAGCCCACAT_025,42
GGCATGCCAGTAGCCCACAT_026,78
GGCATGCCAGTAGCCCACAT_027,178
GGCATGCCAGTAGCCCACAT_028,83
AACCTAGAAAGGCTGTTACG_001,103
AACCTAGAAAGGCTGTTACG_002,56
AACCTAGAAAGGCTGTTACG_003,82
AACCTAGAAAGGCTGTTACG_004,70
AACCTAGAAAGGCTGTTACG_005,85
AACCTAGAAAGGCTGTTACG_006,194
AACCTAGAAAGGCTGTTACG_007,78
AACCTAGAAAGGCTGTTACG_008,182
AACCTAGAAAGGCTGTTACG_009,23
AACCTAGAAAGGCTGTTACG_010,46
AACCTAGAAAGGCTGTTACG_011,94
AACCTAGAAAGGCTGTTACG_012,105
AACCTAGAAAGGCTGTTACG_013,109
AACCTAGAAAGGCTGTTACG_014,109
AACCTAGAAAGGCTGTTACG_015,112
AACCTAGAAAGGCTGTTACG_016,37
AACCTAGAAAGGCTGTTACG_017,197
AACCTAGAAAGGCTGTTACG_018,49
AACCTAGAAAGGCTGTTACG_019,63
AACCTAGAAAGGCTGTTACG_020,138
GCTCCTGGTCTGGTACAATG_001,169
GCTCCTGGTCTGGTACAATG_002,9
GCTCCTGGTCTGGTACAATG_003,9
GCTCCTGGTCTGGTACAATG_004,116
GCTCCTGGTCTGGTACAATG_005,78
GCTCCTGGTCTGGTACAATG_006,91
GCTCCTGGTCTGGTACAATG_007,154
GCTCCTGGTCTGGTACAATG_008,33
GCTCCTGGTCTGGTACAATG_009,80
GCTCCTGGTCTGGTACAATG_010,178
GCTCCTGGTCTGGTACAATG_011,152
GCTCCTGGTCTGGTACAATG_012,162
TGAGGGTAGCCATAATGAAG_001,160
TGAGGGTAGCCATAATGAAG_002,145
TGAGGGTAGCCATAATGAAG_003,104
TGAGGGTAGCCATAATGAAG_004,26
GTGGTGTTGGTTACGTCAGG_001,15
GTGGTGTTGGTTACGTCAGG_002,172
GTGGTGTTGGTTACGTCAGG_003,70
GTGGTGTTGGTTACGTCAGG_004,117
GTGGTGTTGGTTACGTCAGG_005,159
GTGGTGTTGGTTACGTCAGG_006,103
GTGGTGTTGGTTACGTCAGG_007,127
GTGGTGTTGGTTACGTCAGG_008,103
GTGGTGTTGGTTACGTCAGG_009,177
CGCCCTCGAACTTAACGCCG_001,28
CGCCCTCGAACTTAACGCCG_002,132
CGCCCTCGAACTTAACGCCG_003,116
CGCCCTCGAACTTAACGCCG_004,23
CGCCCTCGAACTTAACGCCG_005,101
CGCCCTCGAACTTAACGCCG_006,5
CGCCCTCGAACTTAACGCCG_007,69
AATACTAATGATCCAGGCGT_001,132
AATACTAATGATCCAGGCGT_002,56
AATACTAATGATCCAGGCGT_003,78
AATACTAATGATCCAGGCGT_004,49
AATACTAATGATCCAGGCGT_005,13
ATCTATGATTGGATACGCAG_001,152
ATCTATGATTGGATACGCAG_002,150
ATCTATGATTGGATACGCAG_003,149
ATCTATGATTGGATACGCAG_004,139
ATCTATGATTGGATACGCAG_005,194
ATCTATGATTGGATACGCAG_006,96
ATCTATGATTGGATACGCAG_007,188
ATCTATGATTGGATACGCAG_008,103
ATCTATGATTGGATACGCAG_009,81
ATCTATGATTGGATACGCAG_010,29
ATCTATGATTGGATACGCAG_011,28
ATCTATGATTGGATACGCAG_012,105
ATCTATGATTGGATACGCAG_013,1
ATCTATGATTGGATACGCAG_014,17
GGCAAAGCCAGCGGACAGCT_001,48
GGCAAAGCCAGCGGACAGCT_002,37
GGCAAAGCCAGCGGACAGCT_003,52
GGCAAAGCCAGCGGACAGCT_004,3
GGCAAAGCCAGCGGACAGCT_005,48
GGCAAAGCCAGCGGACAGCT_006,145
GGCAAAGCCAGCGGACAGCT_007,147
GGCAAAGCCAGCGGACAGCT_008,122
GGCAAAGCCAGCGGACAGCT_009,141
ATAGTGACGGTTACACAAAG_001,58
ATAGTGACGGTTACACAAAG_002,1
ATAGTGACGGTTACACAAAG_003,174
ATATTCGGCGTAGGTCTGAG_001,4
ATATTCGGCGTAGGTCTGAG_002,30
ATATTCGGCGTAGGTCTGAG_003,40
ATATTCGGCGTAGGTCTGAG_004,61
ATATTCGGCGTAGGTCTGAG_005,191
ATATTCGGCGTAGGTCTGAG_006,59
ATATTCGGCGTAGGTCTGAG_007,49
ATATTCGGCGTAGGTCTGAG_008,170
ATATTCGGCGTAGGTCTGAG_009,145
CACTAATGTGACAACAGCAG_001,62
CACTAATGTGACAACAGCAG_002,30
CACTAATGTGACAACAGCAG_003,40
CACTAATGTGACAACAGCAG_004,142
CACTAATGTGACAACAGCAG_005,166
CACTAATGTGACAACAGCAG_006,55
CATTGCTAAGATGCGCATGG_001,29
CATTGCTAAGATGCGCATGG_002,70
CATTGCTAAGATGCGCATGG_003,88
CATTGCTAAGATGCGCATGG_004,101
CATTGCTAAGATGCGCATGG_005,96
AATGTTGGGACGAAACAACG_001,158
AATGTTGGGACGAAACAACG_002,11
AATGTTGGGACGAAACAACG_003,156
AATGTTGGGACGAAACAACG_004,34
AATGTTGGGACGAAACAACG_005,81
AATGTTGGGACGAAACAACG_006,61
AATGTTGGGACGAAACAACG_007,185
AATGTTGGGACGAAACAACG_008,63
AATGTTGGGACGAAACAACG_009,67
AATGTTGGGACGAAACAACG_010,66
AATGTTGGGACGAAACAACG_011,148
AATGTTGGGACGAAACAACG_012,68
AATGTTGGGACGAAACAACG_013,46
ATGGCTTTATGCAACATGTG_001,69
ATGGCTTTATGCAACATGTG_002,182
ATGGCTTTATGCAACATGTG_003,35
ATGGCTTTATGCAACATGTG_004,31
ATGGCTTTATGCAACATGTG_005,57
ATGGCTTTATGCAACATGTG_006,22
ATGGCTTTATGCAACATGTG_007,91
ATGGCTTTATGCAACATGTG_008,115
AGTGTCAATGAACTATAGGG_001,148
AGTGTCAATGAACTATAGGG_002,129
AGTGTCAATGAACTATAGGG_003,82
AGTGTCAATGAACTATAGGG_004,3
AGTGTCAATGAACTATAGGG_005,39
AGTGTCAATGAACTATAGGG_006,28
AGTGTCAATGAACTATAGGG_007,179
AAGACTCACATTCGGCCCAG_001,0
AAGACTCACATTCGGCCCAG_002,35
AAGACTCACATTCGGCCCAG_003,136
AAGACTCACATTCGGCCCAG_004,4
AGCCTCCTGCTCCTCAGTAG_001,70
AGCCTCCTGCTCCTCAGTAG_002,118
AGCCTCCTGCTCCTCAGTAG_003,154
AGCCTCCTGCTCCTCAGTAG_004,158
AGCCTCCTGCTCCTCAGTAG_005,172
AGCCTCCTGCTCCTCAGTAG_006,115
AGCCTCCTGCTCCTCAGTAG_007,6
AGCCTCCTGCTCCTCAGTAG_008,62
AGCCTCCTGCTCCTCAGTAG_009,17
AGCCTCCTGCTCCTCAGTAG_010,151
AGCCTCCTGCTCCTCAGTAG_011,81
AGCCTCCTGCTCCTCAGTAG_012,130
AGCCTCCTGCTCCTCAGTAG_013,43
AGCCTCCTGCTCCTCAGTAG_014,162
AGCCTCCTGCTCCTCAGTAG_015,178
AGCCTCCTGCTCCTCAGTAG_016,108
AGCCTCCTGCTCCTCAGTAG_017,127
AGCCTCCTGCTCCTCAGTAG_018,39
CAAATGAGCTCAGATGCCCG_001,28
CAAATGAGCTCAGATGCCCG_002,6
CAAATGAGCTCAGATGCCCG_003,68
CAAATGAGCTCAGATGCCCG_004,34
CAAATGAGCTCAGATGCCCG_005,103
CAAATGAGCTCAGATGCCCG_006,113
CAAATGAGCTCAGATGCCCG_007,172
CAAATGAGCTCAGATGCCCG_008,195
GGGAGTCGGAGCCCACATAG_001,38
GGGAGTCGGAGCCCACATAG_002,172
GGGAGTCGGAGCCCACATAG_003,182
GGGAGTCGGAGCCCACATAG_004,50
GGGAGTCGGAGCCCACATAG_005,10
GGGAGTCGGAGCCCACATAG_006,132
GGGAGTCGGAGCCCACATAG_007,161
GGGAGTCGGAGCCCACATAG_008,82
GGGAGTCGGAGCCCACATAG_009,113
GGGAGTCGGAGCCCACATAG_010,32
GGGAGTCGGAGCCCACATAG_011,164
GGGAGTCGGAGCCCACATAG_012,164
GGGAGTCGGAGCCCACATAG_013,17
GGGAGTCGGAGCCCACATAG_014,60
GGGAGTCGGAGCCCACATAG_015,107
GGGAGTCGGAGCCCACATAG_016,56
GGGAGTCGGAGCCCACATAG_017,144
GGGAGTCGGAGCCCACATAG_018,127
GGGAGTCGGAGCCCACATAG_019,41
GGGAGTCGGAGCCCACATAG_020,76
GGGAGTCGGAGCCCACATAG_021,0
GGGAGTCGGAGCCCACATAG_022,19
GGGAGTCGGAGCCCACATAG_023,149
GGGAGTCGGAGCCCACATAG_024,6
GGATGTCTAGTTCACGCACT_001,113
GGATGTCTAGTTCACGCACT_002,15
GGATGTCTAGTTCACGCACT_003,94
GGATGTCTAGTTCACGCACT_004,63
GGATGTCTAGTTCACGCACT_005,32
GGATGTCTAGTTCACGCACT_006,48
GGATGTCTAGTTCACGCACT_007,4
GGATGTCTAGTTCACGCACT_008,50
GGATGTCTAGTTCACGCACT_009,141
GGATGTCTAGTTCACGCACT_010,9
GGATGTCTAGTTCACGCACT_011,126
GGATGTCTAGTTCACGCACT_012,118
GGATGTCTAGTTCACGCACT_013,24
GGATGTCTAGTTCACGCACT_014,17
GGATGTCTAGTTCACGCACT_015,48
GGATGTCTAGTTCACGCACT_016,63
GGATGTCTAGTTCACGCACT_017,52
GGATGTCTAGTTCACGCACT_018,51
AATGAAGCTGCGCACCCTCA_001,175
AATGAAGCTGCGCACCCTCA_002,134
AATGAAGCTGCGCACCCTCA_003,196
AATGAAGCTGCGCACCCTCA_004,130
AATGAAGCTGCGCACCCTCA_005,161
AATGAAGCTGCGCACCCTCA_006,76
AATGAAGCTGCGCACCCTCA_007,144
AATGAAGCTGCGCACCCTCA_008,198
AATGAAGCTGCGCACCCTCA_009,134
AATGAAGCTGCGCACCCTCA_010,155
AATGAAGCTGCGCACCCTCA_011,66
AATGAAGCTGCGCACCCTCA_012,57
AATGAAGCTGCGCACCCTCA_013,126
ACAGTGGCCTCCATTGAGCG_001,3
ACAGTGGCCTCCATTGAGCG_002,78
ACAGTGGCCTCCATTGAGCG_003,2
ACAGTGGCCTCCATTGAGCG_004,9
ACAGTGGCCTCCATTGAGCG_005,196
ACAGTGGCCTCCATTGAGCG_006,76
ACAGTGGCCTCCATTGAGCG_007,80
ACAGTGGCCTCCATTGAGCG_008,2
ACAGTGGCCTCCATTGAGCG_009,99
ACAGTGGCCTCCATTGAGCG_010,46
ACAGTGGCCTCCATTGAGCG_011,105
ACAGTGGCCTCCATTGAGCG_012,90
ACAGTGGCCTCCATTGAGCG_013,81
ACAGTGGCCTCCATTGAGCG_014,77
ACAGTGGCCTCCATTGAGCG_015,150
TTTCTTTCACGCACTCCACA_001,37
TTTCTTTCACGCACTCCACA_002,128
TTTCTTTCACGCACTCCACA_003,181
TTTCTTTCACGCACTCCACA_004,159
TTTCTTTCACGCACTCCACA_005,141
TTTCTTTCACGCACTCCACA_006,65
TTTCTTTCACGCACTCCACA_007,105
TTTCTTTCACGCACTCCACA_008,113
TTTCTTTCACGCACTCCACA_009,30
GCTCACGCTTCTCTGAGTGC_001,142
GCTCACGCTTCTCTGAGTGC_002,185
ACATAGGACAGTTACAGCTA_001,85
ACATAGGACAGTTACAGCTA_002,161
ACATAGGACAGTTACAGCTA_003,151
ACATAGGACAGTTACAGCTA_004,197
ACATAGGACAGTTACAGCTA_005,72
ACATAGGACAGTTACAGCTA_006,197
ACATAGGACAGTTACAGCTA_007,187
ACATAGGACAGTTACAGCTA_008,184
ACATAGGACAGTTACAGCTA_009,29
ACATAGGACAGTTACAGCTA_010,91
ACATAGGACAGTTACAGCTA_011,105
ACATAGGACAGTTACAGCTA_012,88
ACATAGGACAGTTACAGCTA_013,77
ACATAGGACAGTTACAGCTA_014,39
ACATAGGACAGTTACAGCTA_015,138
CTACCCAGACATCATCCGCA_001,103
CTACCCAGACATCATCCGCA_002,168
CTACCCAGACATCATCCGCA_003,25
CTACCCAGACATCATCCGCA_004,147
CTACCCAGACATCATCCGCA_005,150
CTACCCAGACATCATCCGCA_006,112
CTACCCAGACATCATCCGCA_007,129
TGTGCACATGCGGTATGACG_001,182
TATCCAGTCCACATGACACC_001,74
TATCCAGTCCACATGACACC_002,129
GCGAATTGAGAAGGACACCG_001,131
GCGAATTGAGAAGGACACCG_002,81
GCGAATTGAGAAGGACACCG_003,8
GCGAATTGAGAAGGACACCG_004,185
AACTCTACAGCATATTTCCG_001,58
CACTTCGCACACAGCACCAG_001,124
CACTTCGCACACAGCACCAG_002,68
CACTTCGCACACAGCACCAG_003,29
CACTTCGCACACAGCACCAG_004,199
CACTTCGCACACAGCACCAG_005,57
CACTTCGCACACAGCACCAG_006,121
CACTTCGCACACAGCACCAG_007,199
CACTTCGCACACAGCACCAG_008,77
CACTTCGCACACAGCACCAG_009,141
CACTTCGCACACAGCACCAG_010,2
CACTTCGCACACAGCACCAG_011,27
CACTTCGCACACAGCACCAG_012,161
CACTTCGCACACAGCACCAG_013,188
TTCAAGGGGTCCGCACCCTG_001,174
TTCAAGGGGTCCGCACCCTG_002,48
TTCAAGGGGTCCGCACCCTG_003,139
TTCAAGGGGTCCGCACCCTG_004,90
TTCAAGGGGTCCGCACCCTG_005,144
TTCAAGGGGTCCGCACCCTG_006,139
TTCAAGGGGTCCGCACCCTG_007,133
TTCAAGGGGTCCGCACCCTG_008,13
TTCAAGGGGTCCGCACCCTG_009,177
TTCAAGGGGTCCGCACCCTG_010,82
TTCAAGGGGTCCGCACCCTG_011,19
TTCAAGGGGTCCGCACCCTG_012,47
TTCAAGGGGTCCGCACCCTG_013,28
TTCAAGGGGTCCGCACCCTG_014,66
TTCAAGGGGTCCGCACCCTG_015,138
TTCAAGGGGTCCGCACCCTG_016,68
AGGAACTCAGACAGTTCAAG_001,143
AGGAACTCAGACAGTTCAAG_002,47
GACAGCCAAGTTGTTGAGCG_001,62
GACAGCCAAGTTGTTGAGCG_002,116
CATTCGATGCACAAAAACAC_001,133
CATTCGATGCACAAAAACAC_002,177
CATTCGATGCACAAAAACAC_003,145
CATTCGATGCACAAAAACAC_004,19
CATTCGATGCACAAAAACAC_005,15
GAGGATAAATTACGATGGAG_001,192
GAGGATAAATTACGATGGAG_002,163
GAGGATAAATTACGATGGAG_003,97
GAGGATAAATTACGATGGAG_004,127
GAGGATAAATTACGATGGAG_005,52
CCACCAAAGATGACTCATTG_001,158
CCACCAAAGATGACTCATTG_002,83
CCACCAAAGATGACTCATTG_003,146
CCACCAAAGATGACTCATTG_004,98
CCACCAAAGATGACTCATTG_005,43
CCACCAAAGATGACTCATTG_006,150
CCACCAAAGATGACTCATTG_007,111
CCACCAAAGATGACTCATTG_008,75
CCACCAAAGATGACTCATTG_009,88
CCACCAAAGATGACTCATTG_010,106
CCACCAAAGATGACTCATTG_011,141
CCACCAAAGATGACTCATTG_012,69
CCACCAAAGATGACTCATTG_013,164
CCACCAAAGATGACTCATTG_014,110
TCCGCGACCCCTATCACGTG_001,137
TCCGCGACCCCTATCACGTG_002,148
TCCGCGACCCCTATCACGTG_003,181
TCCGCGACCCCTATCACGTG_004,137
TCCGCGACCCCTATCACGTG_005,144
TCCGCGACCCCTATCACGTG_006,29
TCCGCGACCCCTATCACGTG_007,12
TCCGCGACCCCTATCACGTG_008,171
TCCGCGACCCCTATCACGTG_009,144
TCCGCGACCCCTATCACGTG_010,125
TCCGCGACCCCTATCACGTG_011,107
TCCGCGACCCCTATCACGTG_012,71
TCCGCGACCCCTATCACGTG_013,115
TCCGCGACCCCTATCACGTG_014,68
TCCGCGACCCCTATCACGTG_015,157
TCCGCGACCCCTATCACGTG_016,96
TCCGCGACCCCTATCACGTG_017,17
TCCGCGACCCCTATCACGTG_018,124
TCCGCGACCCCTATCACGTG_019,137
GAACATTCGAAAGGACCTGG_001,172
GAACATTCGAAAGGACCTGG_002,198
GAACATTCGAAAGGACCTGG_003,78
GAACATTCGAAAGGACCTGG_004,95
GAACATTCGAAAGGACCTGG_005,29
GAACATTCGAAAGGACCTGG_006,150
GAACATTCGAAAGGACCTGG_007,28
GAACATTCGAAAGGACCTGG_008,66
GAACATTCGAAAGGACCTGG_009,13
GAACATTCGAAAGGACCTGG_010,3
AGCATCCCGACATGTATGAG_001,127
AGCATCCCGACATGTATGAG_002,172
AGCATCCCGACATGTATGAG_003,58
AGCATCCCGACATGTATGAG_004,183
AGCATCCCGACATGTATGAG_005,75
AGCATCCCGACATGTATGAG_006,144
AGCATCCCGACATGTATGAG_007,58
TCCCCCCAGATGAAAAAGAG_001,154
ATGCCTATGAGGAGATCGTG_001,187
ATGCCTATGAGGAGATCGTG_002,176
ATGCCTATGAGGAGATCGTG_003,182
ATGCCTATGAGGAGATCGTG_004,4
ATGCCTATGAGGAGATCGTG_005,77
ATGCCTATGAGGAGATCGTG_006,106
ATGCCTATGAGGAGATCGTG_007,126
ATGCCTATGAGGAGATCGTG_008,48
ATGCCTATGAGGAGATCGTG_009,27
ATGCCTATGAGGAGATCGTG_010,192
ATGCCTATGAGGAGATCGTG_011,47
ATGCCTATGAGGAGATCGTG_012,68
ATGCCTATGAGGAGATCGTG_013,108
ATGCCTATGAGGAGATCGTG_014,188
GGGCTTGGGATCACTCGTGA_001,12
GGGCTTGGGATCACTCGTGA_002,105
GGGCTTGGGATCACTCGTGA_003,17
GGGCTTGGGATCACTCGTGA_004,86
GGGCTTGGGATCACTCGTGA_005,192
GGGCTTGGGATCACTCGTGA_006,194
GGGCTTGGGATCACTCGTGA_007,34
GGGCTTGGGATCACTCGTGA_008,161
GGGCTTGGGATCACTCGTGA_009,128
GGGCTTGGGATCACTCGTGA_010,166
GGGCTTGGGATCACTCGTGA_011,56
TATTGTTGTAAATGAAGCCG_001,151
TATTGTTGTAAATGAAGCCG_002,44
TCCCCACCTGTCAAACTCCA_001,176
TCCCCACCTGTCAAACTCCA_002,127
TCGGCTACAATCTTTGGCAT_001,65
TCGGCTACAATCTTTGGCAT_002,28
TCGGCTACAATCTTTGGCAT_003,48
TCGGCTACAATCTTTGGCAT_004,83
TCGGCTACAATCTTTGGCAT_005,165
TCGGCTACAATCTTTGGCAT_006,152
TCGGCTACAATCTTTGGCAT_007,105
TCGGCTACAATCTTTGGCAT_008,41
TGCCCCACCCCAGTGCTCAG_001,20
TGCCCCACCCCAGTGCTCAG_002,77
TGCCCCACCCCAGTGCTCAG_003,62
TGCCCCACCCCAGTGCTCAG_004,198
TGCCCCACCCCAGTGCTCAG_005,147
TGCCCCACCCCAGTGCTCAG_006,49
TGCCCCACCCCAGTGCTCAG_007,49
TGCCCCACCCCAGTGCTCAG_008,49
TGCCCCACCCCAGTGCTCAG_009,1
TGCCCCACCCCAGTGCTCAG_010,41
TGCCCCACCCCAGTGCTCAG_011,82
TGCCCCACCCCAGTGCTCAG_012,85
TGCCCCACCCCAGTGCTCAG_013,182
TGCCCCACCCCAGTGCTCAG_014,24
TGCCCCACCCCAGTGCTCAG_015,11
TGCCCCACCCCAGTGCTCAG_016,153
TGCCCCACCCCAGTGCTCAG_017,43
TGCCCCACCCCAGTGCTCAG_018,106
TGCCCCACCCCAGTGCTCAG_019,61
TGCCCCACCCCAGTGCTCAG_020,88
TGCCCCACCCCAGTGCTCAG_021,96
TGCCCCACCCCAGTGCTCAG_022,150
TGCCCCACCCCAGTGCTCAG_023,102
TGCCCCACCCCAGTGCTCAG_024,57
TGCCCCACCCCAGTGCTCAG_025,123
TGCCCCACCCCAGTGCTCAG_026,145
TGCCCCACCCCAGTGCTCAG_027,48
TGCCCCACCCCAGTGCTCAG_028,162
TGCCCCACCCCAGTGCTCAG_029,188
TGCCCCACCCCAGTGCTCAG_030,63
TGCCCCACCCCAGTGCTCAG_031,115
TGCCCCACCCCAGTGCTCAG_032,127
TGCCCCACCCCAGTGCTCAG_033,149
TGCCCCACCCCAGTGCTCAG_034,170
TGCCCCACCCCAGTGCTCAG_035,94
TGCCCCACCCCAGTGCTCAG_036,168
TGCCCCACCCCAGTGCTCAG_037,170
TGCCCCACCCCAGTGCTCAG_038,77
TGCCCCACCCCAGTGCTCAG_039,77
TGCCCCACCCCAGTGCTCAG_040,74
TGCCCCACCCCAGTGCTCAG_041,39
TGCCCCACCCCAGTGCTCAG_042,137
TGCCCCACCCCAGTGCTCAG_043,166
TGCCCCACCCCAGTGCTCAG_044,142
TGCCCCACCCCAGTGCTCAG_045,68
TGCCCCACCCCAGTGCTCAG_046,160
TGCCCCACCCCAGTGCTCAG_047,98
TGCCCCACCCCAGTGCTCAG_048,65
TGCCCCACCCCAGTGCTCAG_049,11
TGCCCCACCCCAGTGCTCAG_050,98
TGCCCCACCCCAGTGCTCAG_051,56
TGCCCCACCCCAGTGCTCAG_052,52
TCTGCGTCCTTAACGCTGGG_001,89
TCTGCGTCCTTAACGCTGGG_002,75
TGTCCTGGGAAATAAGACAT_001,119
TGTCCTGGGAAATAAGACAT_002,107
TGTCCTGGGAAATAAGACAT_003,146
TGTCCTGGGAAATAAGACAT_004,28
TGTCCTGGGAAATAAGACAT_005,185
GGTGATAAGCACGGTCTCTG_001,130
GGTGATAAGCACGGTCTCTG_002,168
GGTGATAAGCACGGTCTCTG_003,170
GGTGATAAGCACGGTCTCTG_004,112
GGTGATAAGCACGGTCTCTG_005,89
GGTGATAAGCACGGTCTCTG_006,150
GGTGATAAGCACGGTCTCTG_007,83
GGTGATAAGCACGGTCTCTG_008,169
GGTGATAAGCACGGTCTCTG_009,146
GGTGATAAGCACGGTCTCTG_010,162
GGTGATAAGCACGGTCTCTG_011,94
GGTGATAAGCACGGTCTCTG_012,169
GGTGATAAGCACGGTCTCTG_013,57
GGTGATAAGCACGGTCTCTG_014,20
GGTGATAAGCACGGTCTCTG_015,175
GGTGATAAGCACGGTCTCTG_016,9
GGTGATAAGCACGGTCTCTG_017,11
GGTGATAAGCACGGTCTCTG_018,103
GGTGATAAGCACGGTCTCTG_019,86
AGGTTACAAAGCTCGACTGA_001,103
AGGTTACAAAGCTCGACTGA_002,34
AGGTTACAAAGCTCGACTGA_003,9
AGGTTACAAAGCTCGACTGA_004,46
GGAATGCATGGACGGCAACG_001,25
GGAATGCATGGACGGCAACG_002,33
GGAATGCATGGACGGCAACG_003,75
GGAATGCATGGACGGCAACG_004,27
GGAATGCATGGACGGCAACG_005,145
GGAATGCATGGACGGCAACG_006,107
GGAATGCATGGACGGCAACG_007,121
GGAATGCATGGACGGCAACG_008,29
GGAATGCATGGACGGCAACG_009,126
GGAATGCATGGACGGCAACG_010,160
GGAATGCATGGACGGCAACG_011,17
GGAATGCATGGACGGCAACG_012,147
GGAATGCATGGACGGCAACG_013,36
GGAATGCATGGACGGCAACG_014,193
GGAATGCATGGACGGCAACG_015,115
GGAATGCATGGACGGCAACG_016,180
TGGACTGTACTTTGACACCG_001,68
TGGACTGTACTTTGACACCG_002,174
GTGGCAACAGTTAATACCGG_001,106
GTGGCAACAGTTAATACCGG_002,88
GTGGCAACAGTTAATACCGG_003,129
GTGGCAACAGTTAATACCGG_004,7
GTGGCAACAGTTAATACCGG_005,20
GGGAATCAGCTTCGGCAGCA_001,35
GGGAATCAGCTTCGGCAGCA_002,10
AGTGTCACTAAGAAGCAGCT_001,94
AGTGTCACTAAGAAGCAGCT_002,68
AGTGTCACTAAGAAGCAGCT_003,43
AGTGTCACTAAGAAGCAGCT_004,154
AGTGTCACTAAGAAGCAGCT_005,182
ACTTTGTCCGAAAAGAGAGG_001,28
ACTTTGTCCGAAAAGAGAGG_002,102
ACTTTGTCCGAAAAGAGAGG_003,63
ACTTTGTCCGAAAAGAGAGG_004,103
ACTTTGTCCGAAAAGAGAGG_005,165
ACTTTGTCCGAAAAGAGAGG_006,92
ACCCAGTCCGACCCACGGGT_001,1
ACCCAGTCCGACCCACGGGT_002,62
ACCCAGTCCGACCCACGGGT_003,78
ACCCAGTCCGACCCACGGGT_004,112
ACCCAGTCCGACCCACGGGT_005,148
ACCCAGTCCGACCCACGGGT_006,99
ACCCAGTCCGACCCACGGGT_007,179
ACCCAGTCCGACCCACGGGT_008,156
ACCCAGTCCGACCCACGGGT_009,74
ACCCAGTCCGACCCACGGGT_010,22
ACCCAGTCCGACCCACGGGT_011,141
ACCCAGTCCGACCCACGGGT_012,134
ACCCAGTCCGACCCACGGGT_013,17
ACCCAGTCCGACCCACGGGT_014,135
ACCCAGTCCGACCCACGGGT_015,196
ACCCAGTCCGACCCACGGGT_016,47
ACCCAGTCCGACCCACGGGT_017,107
ACCCAGTCCGACCCACGGGT_018,198
ACCCAGTCCGACCCACGGGT_019,188
ACCCAGTCCGACCCACGGGT_020,124
ACCCAGTCCGACCCACGGGT_021,96
ATCCAGCTCCTGAATACACA_001,177
ATCCAGCTCCTGAATACACA_002,172
ATCCAGCTCCTGAATACACA_003,158
ATCCAGCTCCTGAATACACA_004,85
ATCCAGCTCCTGAATACACA_005,184
ATCCAGCTCCTGAATACACA_006,191
ATCCAGCTCCTGAATACACA_007,172
TGGATCGGACCCCTGACGGG_001,175
TGGATCGGACCCCTGACGGG_002,113
TGGATCGGACCCCTGACGGG_003,69
TGGATCGGACCCCTGACGGG_004,139
TGGATCGGACCCCTGACGGG_005,71
TGGATCGGACCCCTGACGGG_006,125
TGGATCGGACCCCTGACGGG_007,82
TGGATCGGACCCCTGACGGG_008,126
TGGATCGGACCCCTGACGGG_009,83
TGGATCGGACCCCTGACGGG_010,77
TGGATCGGACCCCTGACGGG_011,188
TGGATCGGACCCCTGACGGG_012,198
TGGATCGGACCCCTGACGGG_013,16
TGGATCGGACCCCTGACGGG_014,89
TGGATCGGACCCCTGACGGG_015,98
TGGATCGGACCCCTGACGGG_016,18
ATTCCCACAAAATGCTTGAA_001,141
ATTCCCACAAAATGCTTGAA_002,76
ATTCCCACAAAATGCTTGAA_003,150
ATTCCCACAAAATGCTTGAA_004,133
ATTCCCACAAAATGCTTGAA_005,198
ATTCCCACAAAATGCTTGAA_006,81
ATTCCCACAAAATGCTTGAA_007,158
GAGCTGTAAATCAGCTACCA_001,199
GAGCTGTAAATCAGCTACCA_002,103
GAGCTGTAAATCAGCTACCA_003,191
GAGCTGTAAATCAGCTACCA_004,90
GAGCTGTAAATCAGCTACCA_005,39
GAGCTGTAAATCAGCTACCA_006,152
GAGCTGTAAATCAGCTACCA_007,115
GAGCTGTAAATCAGCTACCA_008,5
GAGCTGTAAATCAGCTACCA_009,176
CTCCCCTTGAGGGTCCCCCG_001,58
CTCCCCTTGAGGGTCCCCCG_002,150
CTCCCCTTGAGGGTCCCCCG_003,17
AAAGGCCGGACTATTGCCAC_001,7
AAAGGCCGGACTATTGCCAC_002,20
GGGGGACCAGACGCCTTACG_001,158
GGGGGACCAGACGCCTTACG_002,141
GGGGGACCAGACGCCTTACG_003,35
GGGGGACCAGACGCCTTACG_004,136
GGGGGACCAGACGCCTTACG_005,96
GGGGGACCAGACGCCTTACG_006,30
GGGGGACCAGACGCCTTACG_007,158
GGGGGACCAGACGCCTTACG_008,45
AAACCAAAATCAAACCAACT_001,174
AAACCAAAATCAAACCAACT_002,95
AAACCAAAATCAAACCAACT_003,87
AAACCAAAATCAAACCAACT_004,129
AAACCAAAATCAAACCAACT_005,130
AAACCAAAATCAAACCAACT_006,137
AAACCAAAATCAAACCAACT_007,105
AAACCAAAATCAAACCAACT_008,108
AAACCAAAATCAAACCAACT_009,62
AAACCAAAATCAAACCAACT_010,124
AAACCAAAATCAAACCAACT_011,175
GCTCAGACACCTATTACCAG_001,17
GCTCAGACACCTATTACCAG_002,61
GCTCAGACACCTATTACCAG_003,93
GCTCAGACACCTATTACCAG_004,81
GCTCAGACACCTATTACCAG_005,124
GCTCAGACACCTATTACCAG_006,52
GCTCAGACACCTATTACCAG_007,198
GCTCAGACACCTATTACCAG_008,144
CCTCAAGGCAGCCGTGATCG_001,2
CCTCAAGGCAGCCGTGATCG_002,94
CCTCAAGGCAGCCGTGATCG_003,7
CCTCAAGGCAGCCGTGATCG_004,127
CCTCAAGGCAGCCGTGATCG_005,10
CCTCAAGGCAGCCGTGATCG_006,87
CCTCAAGGCAGCCGTGATCG_007,10
TTGGGGGCGTCGAAGAGCCA_001,158
TTGGGGGCGTCGAAGAGCCA_002,55
TTGGGGGCGTCGAAGAGCCA_003,166
TTGGGGGCGTCGAAGAGCCA_004,127
TTGGGGGCGTCGAAGAGCCA_005,108
TTGGGGGCGTCGAAGAGCCA_006,71
TTGGGGGCGTCGAAGAGCCA_007,10
CAGCGATTCAATGTGCAGGG_001,77
CAGCGATTCAATGTGCAGGG_002,64
CAGCGATTCAATGTGCAGGG_003,199
CAGCGATTCAATGTGCAGGG_004,66
CAGCGATTCAATGTGCAGGG_005,52
CAGCGATTCAATGTGCAGGG_006,63
CAGCGATTCAATGTGCAGGG_007,12
CAGCGATTCAATGTGCAGGG_008,34
GACTGTAGATCCACATTCGG_001,70
GACTGTAGATCCACATTCGG_002,52
GACTGTAGATCCACATTCGG_003,148
GACTGTAGATCCACATTCGG_004,143
AACGTGCGCAAGCGTTGCGG_001,9
AACGTGCGCAAGCGTTGCGG_002,53
AACGTGCGCAAGCGTTGCGG_003,142
AACGTGCGCAAGCGTTGCGG_004,109
AACGTGCGCAAGCGTTGCGG_005,109
TCGTGATCACTAAGCCGGTG_001,36
TCGTGATCACTAAGCCGGTG_002,115
TCGTGATCACTAAGCCGGTG_003,158
TCGTGATCACTAAGCCGGTG_004,150
TCGTGATCACTAAGCCGGTG_005,171
TCGTGATCACTAAGCCGGTG_006,88
TCGTGATCACTAAGCCGGTG_007,41
TCGTGATCACTAAGCCGGTG_008,14
TCGTGATCACTAAGCCGGTG_009,195
TCGTGATCACTAAGCCGGTG_010,140
TCGTGATCACTAAGCCGGTG_011,190
TCGTGATCACTAAGCCGGTG_012,162
TCGTGATCACTAAGCCGGTG_013,77
TCGTGATCACTAAGCCGGTG_014,8
TCGTGATCACTAAGCCGGTG_015,105
TCGTGATCACTAAGCCGGTG_016,87
TCGTGATCACTAAGCCGGTG_017,106
TCGTGATCACTAAGCCGGTG_018,148
AGGCTGATTCACCCCAAGAG_001,141
AGGCTGATTCACCCCAAGAG_002,2
AGGCTGATTCACCCCAAGAG_003,75
AGGCTGATTCACCCCAAGAG_004,84
AGGCTGATTCACCCCAAGAG_005,162
AGGCTGATTCACCCCAAGAG_006,137
AGGCTGATTCACCCCAAGAG_007,58
CAGCGAATGAATTCGCACAG_001,129
CAGCGAATGAATTCGCACAG_002,180
CAGCGAATGAATTCGCACAG_003,152
CAGCGAATGAATTCGCACAG_004,75
CAGCGAATGAATTCGCACAG_005,1
CAGCGAATGAATTCGCACAG_006,97
CAGCGAATGAATTCGCACAG_007,111
CAGCGAATGAATTCGCACAG_008,17
CAGCGAATGAATTCGCACAG_009,172
CAGCGAATGAATTCGCACAG_010,166
CAGCGAATGAATTCGCACAG_011,75
CAGCGAATGAATTCGCACAG_012,131
AGAGAAAAGTCACGGACCTG_001,5
AGAGAAAAGTCACGGACCTG_002,26
AGAGAAAAGTCACGGACCTG_003,168
AGAGAAAAGTCACGGACCTG_004,137
AGAGAAAAGTCACGGACCTG_005,111
AGAGAAAAGTCACGGACCTG_006,157
AGAGAAAAGTCACGGACCTG_007,77
AGAGAAAAGTCACGGACCTG_008,2
AGAGAAAAGTCACGGACCTG_009,66
AGAGAAAAGTCACGGACCTG_010,40
AGAGAAAAGTCACGGACCTG_011,62
AGAGAAAAGTCACGGACCTG_012,34
AGAGAAAAGTCACGGACCTG_013,88
AGAGAAAAGTCACGGACCTG_014,194
AGAGAAAAGTCACGGACCTG_015,147
AGAGAAAAGTCACGGACCTG_016,146
AGAGAAAAGTCACGGACCTG_017,144
AGAGAAAAGTCACGGACCTG_018,54
AGAGAAAAGTCACGGACCTG_019,176
AGAGAAAAGTCACGGACCTG_020,27
AGAGAAAAGTCACGGACCTG_021,166
AGAGAAAAGTCACGGACCTG_022,188
AGAGAAAAGTCACGGACCTG_023,82
AGAGAAAAGTCACGGACCTG_024,155
AGAGAAAAGTCACGGACCTG_025,9
AGAGAAAAGTCACGGACCTG_026,100
AGAGAAAAGTCACGGACCTG_027,76
AGAGAAAAGTCACGGACCTG_028,175
AGAGAAAAGTCACGGACCTG_029,106
AGAGAAAAGTCACGGACCTG_030,27
AGAGAAAAGTCACGGACCTG_031,150
GTCTCGTCCCTGCCGTCGGG_001,136
GTCTCGTCCCTGCCGTCGGG_002,120
GTCTCGTCCCTGCCGTCGGG_003,155
GTCTCGTCCCTGCCGTCGGG_004,22
GTCTCGTCCCTGCCGTCGGG_005,118
GTCTCGTCCCTGCCGTCGGG_006,103
GTCTCGTCCCTGCCGTCGGG_007,34
GTCTCGTCCCTGCCGTCGGG_008,82
GTCTCGTCCCTGCCGTCGGG_009,62
GTCTCGTCCCTGCCGTCGGG_010,156
GTCTCGTCCCTGCCGTCGGG_011,186
GTCTCGTCCCTGCCGTCGGG_012,56
GTCTCGTCCCTGCCGTCGGG_013,183
GTCTCGTCCCTGCCGTCGGG_014,122
GTCTCGTCCCTGCCGTCGGG_015,162
GTCTCGTCCCTGCCGTCGGG_016,48
GTCTCGTCCCTGCCGTCGGG_017,43
GTCTCGTCCCTGCCGTCGGG_018,162
GTCTCGTCCCTGCCGTCGGG_019,62
AGGAGGGTGATGAACACCAC_001,169
AGGAGGGTGATGAACACCAC_002,63
AGGAGGGTGATGAACACCAC_003,1
AGGAGGGTGATGAACACCAC_004,162
AGGAGGGTGATGAACACCAC_005,53
AGGAGGGTGATGAACACCAC_006,137
AGGAGGGTGATGAACACCAC_007,168
AGGAGGGTGATGAACACCAC_008,50
AGGAGGGTGATGAACACCAC_009,12
AGGAGGGTGATGAACACCAC_010,27
AGGAGGGTGATGAACACCAC_011,17
AGGAGGGTGATGAACACCAC_012,169
AGGAGGGTGATGAACACCAC_013,86
AGGAGGGTGATGAACACCAC_014,61
AGGAGGGTGATGAACACCAC_015,144
AGGAGGGTGATGAACACCAC_016,192
AGGAGGGTGATGAACACCAC_017,199
AGGAGGGTGATGAACACCAC_018,41
AGGAGGGTGATGAACACCAC_019,105
AGGAGGGTGATGAACACCAC_020,30
AGGAGGGTGATGAACACCAC_021,64
AGGAGGGTGATGAACACCAC_022,114
AGGAGGGTGATGAACACCAC_023,148
AGGAGGGTGATGAACACCAC_024,137
ACTGGGCGAATGTATTTGAG_001,5
ACTGGGCGAATGTATTTGAG_002,152
ACTGGGCGAATGTATTTGAG_003,178
ACTGGGCGAATGTATTTGAG_004,178
ACTGGGCGAATGTATTTGAG_005,42
ACTGGGCGAATGTATTTGAG_006,44
ACTGGGCGAATGTATTTGAG_007,6
ACTGGGCGAATGTATTTGAG_008,124
ACTGGGCGAATGTATTTGAG_009,197
AATGGCAACCAATCATGTAC_001,148
AATGGCAACCAATCATGTAC_002,148
AATGGCAACCAATCATGTAC_003,153
AATGGCAACCAATCATGTAC_004,46
AATGGCAACCAATCATGTAC_005,49
ATTGGCAAGCTACAATAATG_001,184
ATTGGCAAGCTACAATAATG_002,43
ATTGGCAAGCTACAATAATG_003,148
ATTGGCAAGCTACAATAATG_004,14
ATTGGCAAGCTACAATAATG_005,130
ATTGGCAAGCTACAATAATG_006,188
GGCCACCTCATCTACAAATG_001,11
GGCCACCTCATCTACAAATG_002,34
GGCCACCTCATCTACAAATG_003,162
GGCCACCTCATCTACAAATG_004,78
AGGAAATGGTCCTCAGAGGG_001,156
AGGAAATGGTCCTCAGAGGG_002,156
AGGAAATGGTCCTCAGAGGG_003,175
AGGAAATGGTCCTCAGAGGG_004,104
AGGAAATGGTCCTCAGAGGG_005,146
AGGAAATGGTCCTCAGAGGG_006,141
TAATACTCACAGGTGTAAGG_001,160
TAATACTCACAGGTGTAAGG_002,133
TAATACTCACAGGTGTAAGG_003,11
TAGCTCAAAGCTCCGCTCAG_001,41
TAGCTCAAAGCTCCGCTCAG_002,176
TAGCTCAAAGCTCCGCTCAG_003,172
TAGCTCAAAGCTCCGCTCAG_004,198
ACACAAACAGCTTCTCACCA_001,108
ACACAAACAGCTTCTCACCA_002,102
ACACAAACAGCTTCTCACCA_003,67
ACACAAACAGCTTCTCACCA_004,157
ACACAAACAGCTTCTCACCA_005,72
ACACAAACAGCTTCTCACCA_006,125
ACACAAACAGCTTCTCACCA_007,146
ACACAAACAGCTTCTCACCA_008,195
ACACAAACAGCTTCTCACCA_009,160
ACACAAACAGCTTCTCACCA_010,148
ACACAAACAGCTTCTCACCA_011,92
ACACAAACAGCTTCTCACCA_012,144
ACACAAACAGCTTCTCACCA_013,114
CAGGTGGGCACATAGCACAC_001,154
GGAGACCTGACAAATTTCAA_001,24
GGAGACCTGACAAATTTCAA_002,51
GGAGACCTGACAAATTTCAA_003,188
GGAGACCTGACAAATTTCAA_004,46
GGAGACCTGACAAATTTCAA_005,52
TAACGTGTAGATGCCATTCG_001,0
TAACGTGTAGATGCCATTCG_002,33
TAACGTGTAGATGCCATTCG_003,96
AGCGGACCCAAGCTTGAAGA_001,177
AGCGGACCCAAGCTTGAAGA_002,185
AGCGGACCCAAGCTTGAAGA_003,127
AGCGGACCCAAGCTTGAAGA_004,103
AGCGGACCCAAGCTTGAAGA_005,138
AGCGGACCCAAGCTTGAAGA_006,166
AGCGGACCCAAGCTTGAAGA_007,185
AGCGGACCCAAGCTTGAAGA_008,56
AGCGGACCCAAGCTTGAAGA_009,89
AGCGGACCCAAGCTTGAAGA_010,68
AGCGGACCCAAGCTTGAAGA_011,180
AGCGGACCCAAGCTTGAAGA_012,165
AGCGGACCCAAGCTTGAAGA_013,52
CAGCTCTTCGGACATCCGCA_001,154
CAGCTCTTCGGACATCCGCA_002,103
CAGCTCTTCGGACATCCGCA_003,45
CAGCTCTTCGGACATCCGCA_004,94
CAGCTCTTCGGACATCCGCA_005,8
CAGCTCTTCGGACATCCGCA_006,85
CAGCTCTTCGGACATCCGCA_007,6
CAGCTCTTCGGACATCCGCA_008,160
CAGCTCTTCGGACATCCGCA_009,105
CAGCTCTTCGGACATCCGCA_010,48
CAGCTCTTCGGACATCCGCA_011,65
CAGCTCTTCGGACATCCGCA_012,19
CAGCTCTTCGGACATCCGCA_013,1
CAGCTCTTCGGACATCCGCA_014,93
CAGCTCTTCGGACATCCGCA_015,35
CAGCTCTTCGGACATCCGCA_016,145
CAGCTCTTCGGACATCCGCA_017,174
CAGCTCTTCGGACATCCGCA_018,179
CAGCTCTTCGGACATCCGCA_019,172
CAGCTCTTCGGACATCCGCA_020,31
CAGCTCTTCGGACATCCGCA_021,92
CAGCTCTTCGGACATCCGCA_022,176
CAGCTCTTCGGACATCCGCA_023,179
CAGCTCTTCGGACATCCGCA_024,46
CAGCTCTTCGGACATCCGCA_025,106
CAGCTCTTCGGACATCCGCA_026,186
CAGCTCTTCGGACATCCGCA_027,29
CAGCTCTTCGGACATCCGCA_028,180
CAGCTCTTCGGACATCCGCA_029,49
CAGCTCTTCGGACATCCGCA_030,6
CAGCTCTTCGGACATCCGCA_031,28
CAGCTCTTCGGACATCCGCA_032,136
CAGCTCTTCGGACATCCGCA_033,170
CAGCTCTTCGGACATCCGCA_034,3
CAGGGCCAGGTCGCTCAGCG_001,68
CAGGGCCAGGTCGCTCAGCG_002,188
CAGGGCCAGGTCGCTCAGCG_003,149
CAGGGCCAGGTCGCTCAGCG_004,48
CAGGGCCAGGTCGCTCAGCG_005,178
CAGGGCCAGGTCGCTCAGCG_006,111
CAGGGCCAGGTCGCTCAGCG_007,108
CAGGGCCAGGTCGCTCAGCG_008,178
CAGGGCCAGGTCGCTCAGCG_009,41
CAGGGCCAGGTCGCTCAGCG_010,77
CAGGGCCAGGTCGCTCAGCG_011,172
CAGGGCCAGGTCGCTCAGCG_012,43
ACATGGAGGTAGCTAGAACA_001,58
ACATGGAGGTAGCTAGAACA_002,138
ACATGGAGGTAGCTAGAACA_003,118
ACATGGAGGTAGCTAGAACA_004,100
ACATGGAGGTAGCTAGAACA_005,24
ACATGGAGGTAGCTAGAACA_006,111
ACATGGAGGTAGCTAGAACA_007,64
ACATGGAGGTAGCTAGAACA_008,15
ACATGGAGGTAGCTAGAACA_009,92
ACATGGAGGTAGCTAGAACA_010,174
ACATGGAGGTAGCTAGAACA_011,102
ACATGGAGGTAGCTAGAACA_012,156
ACATGGAGGTAGCTAGAACA_013,175
ACATGGAGGTAGCTAGAACA_014,70
ACATGGAGGTAGCTAGAACA_015,108
ACATGGAGGTAGCTAGAACA_016,141
ACATGGGCGCCCAAGAACAA_001,44
ACATGGGCGCCCAAGAACAA_002,97
ACATGGGCGCCCAAGAACAA_003,50
ACATGGGCGCCCAAGAACAA_004,150
GCATAGGCGTCGTAGTAGGG_001,114
GCATAGGCGTCGTAGTAGGG_002,114
GCATAGGCGTCGTAGTAGGG_003,50
GCATAGGCGTCGTAGTAGGG_004,172
GCATAGGCGTCGTAGTAGGG_005,59
GCATAGGCGTCGTAGTAGGG_006,50
GCATAGGCGTCGTAGTAGGG_007,21
GCATAGGCGTCGTAGTAGGG_008,158
GCATAGGCGTCGTAGTAGGG_009,181
GCATAGGCGTCGTAGTAGGG_010,150
GCATAGGCGTCGTAGTAGGG_011,190
GCATAGGCGTCGTAGTAGGG_012,6
GCATAGGCGTCGTAGTAGGG_013,56
GCATAGGCGTCGTAGTAGGG_014,144
GATTCTCCGGAACGCTCGCG_001,170
GATTCTCCGGAACGCTCGCG_002,28
GAGCTGAAGCAGTGGTACAA_001,41
GAGCTGAAGCAGTGGTACAA_002,130
GAGCTGAAGCAGTGGTACAA_003,57
GAGCTGAAGCAGTGGTACAA_004,120
GAGCTGAAGCAGTGGTACAA_005,30
GAGCTGAAGCAGTGGTACAA_006,156
GAGCTGAAGCAGTGGTACAA_007,138
GAGCTGAAGCAGTGGTACAA_008,2
GAGCTGAAGCAGTGGTACAA_009,149
GAGCTGAAGCAGTGGTACAA_010,105
GAGCTGAAGCAGTGGTACAA_011,82
GAGCTGAAGCAGTGGTACAA_012,6
GAGCTGAAGCAGTGGTACAA_013,182
GAGCTGAAGCAGTGGTACAA_014,77
GAGCTGAAGCAGTGGTACAA_015,174
GAGCTGAAGCAGTGGTACAA_016,28
GAGCTGAAGCAGTGGTACAA_017,116
GAGCTGAAGCAGTGGTACAA_018,4
CTACAGGCCAGCTTATGACC_001,62
CTACAGGCCAGCTTATGACC_002,112
CTACAGGCCAGCTTATGACC_003,44
GCAGCAGTGATGATCCACAG_001,171
GCAGCAGTGATGATCCACAG_002,15
GCAGCAGTGATGATCCACAG_003,142
GCAGCAGTGATGATCCACAG_004,5
GCAGCAGTGATGATCCACAG_005,48
GCAGCAGTGATGATCCACAG_006,108
GCAGCAGTGATGATCCACAG_007,161
GCAGCAGTGATGATCCACAG_008,36
GCAGCAGTGATGATCCACAG_009,5
GCAGCAGTGATGATCCACAG_010,128
GCAGCAGTGATGATCCACAG_011,88
GCAGCAGTGATGATCCACAG_012,128
ACATGAAGTTGTTCTCGGGG_001,50
AGGTCAATACTATCTCCAGG_001,108
GACATTTCATTCGACCACAG_001,129
GACATTTCATTCGACCACAG_002,23
GACATTTCATTCGACCACAG_003,15
GACATTTCATTCGACCACAG_004,68
ACTGGCATCCGGATAAAGGA_001,177
ACTGGCATCCGGATAAAGGA_002,128
ACTGGCATCCGGATAAAGGA_003,84
ACTGGCATCCGGATAAAGGA_004,115
ACTGGCATCCGGATAAAGGA_005,158
ACTGGCATCCGGATAAAGGA_006,148
ACTGGCATCCGGATAAAGGA_007,151
ATGAATGTCTGCGAAAGTAT_001,113
ATGAATGTCTGCGAAAGTAT_002,102
ATGAATGTCTGCGAAAGTAT_003,145
ATGAATGTCTGCGAAAGTAT_004,139
ATGAATGTCTGCGAAAGTAT_005,184
ATGAATGTCTGCGAAAGTAT_006,168
GGTTCCCAAAGGAAGTTGTG_001,78
GGTTCCCAAAGGAAGTTGTG_002,150
GGTTCCCAAAGGAAGTTGTG_003,49
GGTTCCCAAAGGAAGTTGTG_004,170
GGTTCCCAAAGGAAGTTGTG_005,70
GGTTCCCAAAGGAAGTTGTG_006,32
GGTTCCCAAAGGAAGTTGTG_007,183
GGTTCCCAAAGGAAGTTGTG_008,119
GGTTCCCAAAGGAAGTTGTG_009,1
GGTTCCCAAAGGAAGTTGTG_010,104
TAAGGAGACACCTTATAGTG_001,191
TAAGGAGACACCTTATAGTG_002,137
TAAGGAGACACCTTATAGTG_003,169
TAAGGAGACACCTTATAGTG_004,59
TAAGGAGACACCTTATAGTG_005,67
TAAGGAGACACCTTATAGTG_006,141
TAAGGAGACACCTTATAGTG_007,176
ATGGCACAGAGTTCTTGTGT_001,132
CTCCAACCCTCAAATCACCG_001,88
CTCCAACCCTCAAATCACCG_002,34
CTCCAACCCTCAAATCACCG_003,17
CTCCAACCCTCAAATCACCG_004,58
CTCCAACCCTCAAATCACCG_005,77
CTCCAACCCTCAAATCACCG_006,61
CTCCAACCCTCAAATCACCG_007,125
CTCCAACCCTCAAATCACCG_008,94
CTCCAACCCTCAAATCACCG_009,18
CTCCAACCCTCAAATCACCG_010,115
CTCCAACCCTCAAATCACCG_011,152
CTCCAACCCTCAAATCACCG_012,152
CTCCAACCCTCAAATCACCG_013,152
CTCCAACCCTCAAATCACCG_014,59
CTCCAACCCTCAAATCACCG_015,25
CCTGGGGTACCGCTACATTG_001,172
CCTGGGGTACCGCTACATTG_002,156
CCTGGGGTACCGCTACATTG_003,149
CCTGGGGTACCGCTACATTG_004,158
CCTGGGGTACCGCTACATTG_005,149
CCTGGGGTACCGCTACATTG_006,156
CCTGGGGTACCGCTACATTG_007,68
GGGGTAGGAAAAGCCACGTG_001,9
GGGGTAGGAAAAGCCACGTG_002,2
GGGGTAGGAAAAGCCACGTG_003,29
GGGGTAGGAAAAGCCACGTG_004,1
GGGGTAGGAAAAGCCACGTG_005,151
GGGGTAGGAAAAGCCACGTG_006,166
GGGGTAGGAAAAGCCACGTG_007,199
GGGGTAGGAAAAGCCACGTG_008,109
GGGGTAGGAAAAGCCACGTG_009,175
GGGGTAGGAAAAGCCACGTG_010,175
GGGGTAGGAAAAGCCACGTG_011,74
GGGGTAGGAAAAGCCACGTG_012,168
GGGGTAGGAAAAGCCACGTG_013,12
GGGGTAGGAAAAGCCACGTG_014,163
GGGGTAGGAAAAGCCACGTG_015,49
GGGGTAGGAAAAGCCACGTG_016,137
GGGGTAGGAAAAGCCACGTG_017,94
GGGGTAGGAAAAGCCACGTG_018,169
GGGGTAGGAAAAGCCACGTG_019,126
AGTCTCCTGAGGAACTGAAG_001,23
AGTCTCCTGAGGAACTGAAG_002,122
AGTCTCCTGAGGAACTGAAG_003,127
AGTCTCCTGAGGAACTGAAG_004,43
AGTCTCCTGAGGAACTGAAG_005,19
AGTCTCCTGAGGAACTGAAG_006,156
AGTCTCCTGAGGAACTGAAG_007,42
AGTCTCCTGAGGAACTGAAG_008,117
AGTCTCCTGAGGAACTGAAG_009,44
AGTCTCCTGAGGAACTGAAG_010,108
AGTCTCCTGAGGAACTGAAG_011,80
AGTCTCCTGAGGAACTGAAG_012,56
AGTCTCCTGAGGAACTGAAG_013,78
AGTCTCCTGAGGAACTGAAG_014,137
AGTCTCCTGAGGAACTGAAG_015,46
CTGATCTGCGAGCGGCAGCG_001,32
CTGATCTGCGAGCGGCAGCG_002,189
CTGATCTGCGAGCGGCAGCG_003,34
CTGATCTGCGAGCGGCAGCG_004,40
CTGATCTGCGAGCGGCAGCG_005,98
CTGATCTGCGAGCGGCAGCG_006,111
CTGATCTGCGAGCGGCAGCG_007,184
CTGATCTGCGAGCGGCAGCG_008,145
CTGATCTGCGAGCGGCAGCG_009,50
CTGATCTGCGAGCGGCAGCG_010,75
CTGATCTGCGAGCGGCAGCG_011,62
CTGATCTGCGAGCGGCAGCG_012,92
CTGATCTGCGAGCGGCAGCG_013,34
CTGATCTGCGAGCGGCAGCG_014,170
CTGATCTGCGAGCGGCAGCG_015,29
CTGATCTGCGAGCGGCAGCG_016,193
CTGATCTGCGAGCGGCAGCG_017,137
CTGATCTGCGAGCGGCAGCG_018,88
CTGATCTGCGAGCGGCAGCG_019,4
GATTCCTTTCAGATTAACGT_001,61
GATTCCTTTCAGATTAACGT_002,75
GATTCCTTTCAGATTAACGT_003,18
GATTCCTTTCAGATTAACGT_004,41
GAGGTGCGAGATAACGGGGA_001,8
GAGGTGCGAGATAACGGGGA_002,116
GAGGTGCGAGATAACGGGGA_003,139
GAGGTGCGAGATAACGGGGA_004,37
GAGGTGCGAGATAACGGGGA_005,119
GAGGTGCGAGATAACGGGGA_006,44
GAGGTGCGAGATAACGGGGA_007,149
GAGGTGCGAGATAACGGGGA_008,168
GAGGTGCGAGATAACGGGGA_009,162
GAGGTGCGAGATAACGGGGA_010,62
GAGGTGCGAGATAACGGGGA_011,121
GAGGTGCGAGATAACGGGGA_012,165
GAGGTGCGAGATAACGGGGA_013,152
GAGGTGCGAGATAACGGGGA_014,124
GAGGTGCGAGATAACGGGGA_015,170
CAGTTCCCAGAGGTCCACTT_001,26
CAGTTCCCAGAGGTCCACTT_002,57
CAGTTCCCAGAGGTCCACTT_003,192
CAGTTCCCAGAGGTCCACTT_004,48
CAGTTCCCAGAGGTCCACTT_005,149
CAGTTCCCAGAGGTCCACTT_006,138
CAGTTCCCAGAGGTCCACTT_007,133
CAGTTCCCAGAGGTCCACTT_008,133
CAGTTCCCAGAGGTCCACTT_009,115
CAGTTCCCAGAGGTCCACTT_010,191
CAGTTCCCAGAGGTCCACTT_011,77
CAGTTCCCAGAGGTCCACTT_012,45
CAGTTCCCAGAGGTCCACTT_013,82
CAGTTCCCAGAGGTCCACTT_014,114
CAGTTCCCAGAGGTCCACTT_015,27
CAGTTCCCAGAGGTCCACTT_016,137
CAGTTCCCAGAGGTCCACTT_017,27
CAGTTCCCAGAGGTCCACTT_018,117
TCACTCTTGGTTGCTCAGTG_001,169
TCACTCTTGGTTGCTCAGTG_002,115
TCACTCTTGGTTGCTCAGTG_003,113
TCACTCTTGGTTGCTCAGTG_004,96
TCACTCTTGGTTGCTCAGTG_005,29
TCACTCTTGGTTGCTCAGTG_006,150
TCACTCTTGGTTGCTCAGTG_007,8
TCACTCTTGGTTGCTCAGTG_008,124
TCACTCTTGGTTGCTCAGTG_009,82
TCACTCTTGGTTGCTCAGTG_010,83
TCACTCTTGGTTGCTCAGTG_011,102
TCACTCTTGGTTGCTCAGTG_012,196
TCACTCTTGGTTGCTCAGTG_013,181
TCACTCTTGGTTGCTCAGTG_014,7
TACCCAGTGAAGCCATTCGA_001,77
TACCCAGTGAAGCCATTCGA_002,38
TACCCAGTGAAGCCATTCGA_003,184
TACCCAGTGAAGCCATTCGA_004,105
TACCCAGTGAAGCCATTCGA_005,198
TACCCAGTGAAGCCATTCGA_006,132
TACCCAGTGAAGCCATTCGA_007,170
TACCCAGTGAAGCCATTCGA_008,98
TACCCAGTGAAGCCATTCGA_009,47
TACCCAGTGAAGCCATTCGA_010,108
TACCCAGTGAAGCCATTCGA_011,9
TACCCAGTGAAGCCATTCGA_012,49
TACCCAGTGAAGCCATTCGA_013,81
TACCCAGTGAAGCCATTCGA_014,104
TACCCAGTGAAGCCATTCGA_015,68
TACCCAGTGAAGCCATTCGA_016,169
TACCCAGTGAAGCCATTCGA_017,78
TACCCAGTGAAGCCATTCGA_018,88
TACCCAGTGAAGCCATTCGA_019,133
TACCCAGTGAAGCCATTCGA_020,169
TACCCAGTGAAGCCATTCGA_021,166
TACCCAGTGAAGCCATTCGA_022,142
TACCCAGTGAAGCCATTCGA_023,168
CCAACTCCAATGCGCCATCA_001,137
CCAACTCCAATGCGCCATCA_002,48
CCAACTCCAATGCGCCATCA_003,199
CCAACTCCAATGCGCCATCA_004,47
CCAACTCCAATGCGCCATCA_005,47
CCAACTCCAATGCGCCATCA_006,0
CCAACTCCAATGCGCCATCA_007,117
CCAACTCCAATGCGCCATCA_008,76
CCAACTCCAATGCGCCATCA_009,137
CCAACTCCAATGCGCCATCA_010,88
CCAACTCCAATGCGCCATCA_011,40
CCAACTCCAATGCGCCATCA_012,8
GCCGGGACCTCCAGTACCAT_001,94
GCCGGGACCTCCAGTACCAT_002,127
GCCGGGACCTCCAGTACCAT_003,44
GCCGGGACCTCCAGTACCAT_004,82
GCCGGGACCTCCAGTACCAT_005,170
GCCGGGACCTCCAGTACCAT_006,34
GCCGGGACCTCCAGTACCAT_007,50
GCCGGGACCTCCAGTACCAT_008,121
GCCGGGACCTCCAGTACCAT_009,27
GCCGGGACCTCCAGTACCAT_010,47
GCCGGGACCTCCAGTACCAT_011,157
GCGCCTATCGTTGGCCACGG_001,150
GCGCCTATCGTTGGCCACGG_002,125
GCGCCTATCGTTGGCCACGG_003,158
GCGCCTATCGTTGGCCACGG_004,172
GCGCCTATCGTTGGCCACGG_005,185
GCGCCTATCGTTGGCCACGG_006,146
GCGCCTATCGTTGGCCACGG_007,47
ACTCACATTCTCTATGAACT_001,123
ACTCACATTCTCTATGAACT_002,90
ACTCACATTCTCTATGAACT_003,152
TGCTGGGGCTGTACTTCGAG_001,64
TGCTGGGGCTGTACTTCGAG_002,78
TGCTGGGGCTGTACTTCGAG_003,6
TGCTGGGGCTGTACTTCGAG_004,176
TGCTGGGGCTGTACTTCGAG_005,1
TGCTGGGGCTGTACTTCGAG_006,127
TGCTGGGGCTGTACTTCGAG_007,125
TGCTGGGGCTGTACTTCGAG_008,27
TGCTGGGGCTGTACTTCGAG_009,102
TGCTGGGGCTGTACTTCGAG_010,150
TGCTGGGGCTGTACTTCGAG_011,141
TGCTGGGGCTGTACTTCGAG_012,68
TGCTGGGGCTGTACTTCGAG_013,100
TGCTGGGGCTGTACTTCGAG_014,145
TGCTGGGGCTGTACTTCGAG_015,94
TGGGTTGCTAGAAACCCACC_001,47
AATATCTATTCCAAGCCCAG_001,98
AATATCTATTCCAAGCCCAG_002,185
AATATCTATTCCAAGCCCAG_003,120
AATATCTATTCCAAGCCCAG_004,112
AATATCTATTCCAAGCCCAG_005,19
AATATCTATTCCAAGCCCAG_006,149
AATATCTATTCCAAGCCCAG_007,173
AATATCTATTCCAAGCCCAG_008,34
AATATCTATTCCAAGCCCAG_009,168
AATATCTATTCCAAGCCCAG_010,16
AATATCTATTCCAAGCCCAG_011,27
TCAAGGGCAGCCAATTACTG_001,44
TCAAGGGCAGCCAATTACTG_002,156
TCAAGGGCAGCCAATTACTG_003,41
TCAAGGGCAGCCAATTACTG_004,78
TCAAGGGCAGCCAATTACTG_005,58
GGGATTCATGCCAAAATACA_001,50
GGGATTCATGCCAAAATACA_002,83
ATTTACCTAAGCCTGTAGTG_001,83
ATTTACCTAAGCCTGTAGTG_002,102
ACATCAAGGCCACCGATCTG_001,4
ACATCAAGGCCACCGATCTG_002,169
ACATCAAGGCCACCGATCTG_003,192
ACATCAAGGCCACCGATCTG_004,5
ACATCAAGGCCACCGATCTG_005,57
ACATCAAGGCCACCGATCTG_006,162
ACATCAAGGCCACCGATCTG_007,192
ACATCAAGGCCACCGATCTG_008,75
ACATCAAGGCCACCGATCTG_009,120
ACATCAAGGCCACCGATCTG_010,50
ACATCAAGGCCACCGATCTG_011,83
ACATCAAGGCCACCGATCTG_012,113
ACATCAAGGCCACCGATCTG_013,126
ACATCAAGGCCACCGATCTG_014,106
ACATCAAGGCCACCGATCTG_015,137
ACATCAAGGCCACCGATCTG_016,113
AGTCGTAACTTACTTCAGAG_001,81
AGTCGTAACTTACTTCAGAG_002,166
AGTCGTAACTTACTTCAGAG_003,140
AGTCGTAACTTACTTCAGAG_004,125
AGTCGTAACTTACTTCAGAG_005,87
AGTCGTAACTTACTTCAGAG_006,63
AGTCGTAACTTACTTCAGAG_007,61
AGTCGTAACTTACTTCAGAG_008,128
GTTAAAAACAGACATGCCTA_001,103
GTTAAAAACAGACATGCCTA_002,29
TACATTGAGGAAACCCTTCG_001,181
TACATTGAGGAAACCCTTCG_002,106
TACATTGAGGAAACCCTTCG_003,112
TACATTGAGGAAACCCTTCG_004,170
TACATTGAGGAAACCCTTCG_005,46
TACATTGAGGAAACCCTTCG_006,138
AAGGGAGAAGCAGTTCGTGG_001,48
AAGGGAGAAGCAGTTCGTGG_002,22
AAGGGAGAAGCAGTTCGTGG_003,142
AAGGGAGAAGCAGTTCGTGG_004,41
AAGGGAGAAGCAGTTCGTGG_005,16
AAGGGAGAAGCAGTTCGTGG_006,15
AAGGGAGAAGCAGTTCGTGG_007,119
AAGGGAGAAGCAGTTCGTGG_008,47
AAGGGAGAAGCAGTTCGTGG_009,129
AAGGGAGAAGCAGTTCGTGG_010,126
GATGCTTTCTACAGTTATGG_001,130
GATGCTTTCTACAGTTATGG_002,115
GATGCTTTCTACAGTTATGG_003,9
GATGCTTTCTACAGTTATGG_004,120
GATGCTTTCTACAGTTATGG_005,77
GATGCTTTCTACAGTTATGG_006,149
GATGCTTTCTACAGTTATGG_007,15
GATGCTTTCTACAGTTATGG_008,118
GATGCTTTCTACAGTTATGG_009,4
GGAGAGGATATGTAGCGAGG_001,77
GGAGAGGATATGTAGCGAGG_002,98
GGAGAGGATATGTAGCGAGG_003,40
GGAGAGGATATGTAGCGAGG_004,53
GGAGAGGATATGTAGCGAGG_005,146
GGAGAGGATATGTAGCGAGG_006,88
GGAGAGGATATGTAGCGAGG_007,106
TCCAGCGCGAGCTTACTCGT_001,70
TCCAGCGCGAGCTTACTCGT_002,102
TCCAGCGCGAGCTTACTCGT_003,95
TCCAGCGCGAGCTTACTCGT_004,2
TCCAGCGCGAGCTTACTCGT_005,61
TCCAGCGCGAGCTTACTCGT_006,16
TCCAGCGCGAGCTTACTCGT_007,53
TCCAGCGCGAGCTTACTCGT_008,29
TCCAGCGCGAGCTTACTCGT_009,129
TCCAGCGCGAGCTTACTCGT_010,8
TCCAGCGCGAGCTTACTCGT_011,130
TCCAGCGCGAGCTTACTCGT_012,85
TCCAGCGCGAGCTTACTCGT_013,68
TCCAGCGCGAGCTTACTCGT_014,15
TCCAGCGCGAGCTTACTCGT_015,158
TCCAGCGCGAGCTTACTCGT_016,145
TCCAGCGCGAGCTTACTCGT_017,98
TCCAGCGCGAGCTTACTCGT_018,137
TCCAGCGCGAGCTTACTCGT_019,29
TCCAGCGCGAGCTTACTCGT_020,90
TCCAGCGCGAGCTTACTCGT_021,8
TCCAGCGCGAGCTTACTCGT_022,142
TCCAGCGCGAGCTTACTCGT_023,137
TCCAGCGCGAGCTTACTCGT_024,37
TCCAGCGCGAGCTTACTCGT_025,29
TCCAGCGCGAGCTTACTCGT_026,66
TCCAGCGCGAGCTTACTCGT_027,180
TCCAGCGCGAGCTTACTCGT_028,126
TATTATCTGGCTACACAATG_001,29
TATTATCTGGCTACACAATG_002,15
TATTATCTGGCTACACAATG_003,193
TGTTGCAAGAATTATGCATG_001,86
TGTTGCAAGAATTATGCATG_002,109
TGTTGCAAGAATTATGCATG_003,177
TTGTTGGTCATAGGACGACA_001,185
TTGTTGGTCATAGGACGACA_002,69
TTGTTGGTCATAGGACGACA_003,83
ACAGCTTCGATCGGAATCTG_001,41
ACAGCTTCGATCGGAATCTG_002,181
ACAGCTTCGATCGGAATCTG_003,82
ACAGCTTCGATCGGAATCTG_004,166
ACAGCTTCGATCGGAATCTG_005,1
ACAGCTTCGATCGGAATCTG_006,69
ACAGCTTCGATCGGAATCTG_007,43
ACAGCTTCGATCGGAATCTG_008,177
ACAGCTTCGATCGGAATCTG_009,181
ACAGCTTCGATCGGAATCTG_010,76
ACAGCTTCGATCGGAATCTG_011,98
ACAGCTTCGATCGGAATCTG_012,118
ACAGCTTCGATCGGAATCTG_013,173
ACAGCTTCGATCGGAATCTG_014,75
ACAGCTTCGATCGGAATCTG_015,29
ACAGCTTCGATCGGAATCTG_016,58
ACAGCTTCGATCGGAATCTG_017,72
ACAGCTTCGATCGGAATCTG_018,24
ACAGCTTCGATCGGAATCTG_019,80
ACAGCTTCGATCGGAATCTG_020,171
ACAGCTTCGATCGGAATCTG_021,45
ACAGCTTCGATCGGAATCTG_022,47
ACAGCTTCGATCGGAATCTG_023,168
ACAGCTTCGATCGGAATCTG_024,199
GACATGAAGGGAGATGCTGA_001,144
GACATGAAGGGAGATGCTGA_002,5
GACATGAAGGGAGATGCTGA_003,22
GACATGAAGGGAGATGCTGA_004,65
GACATGAAGGGAGATGCTGA_005,168
GACATGAAGGGAGATGCTGA_006,140
CCAGTCGCGCCACTGCCTCG_001,77
CCAGTCGCGCCACTGCCTCG_002,85
CCAGTCGCGCCACTGCCTCG_003,49
CCAGTCGCGCCACTGCCTCG_004,181
CCAGTCGCGCCACTGCCTCG_005,158
CCAGTCGCGCCACTGCCTCG_006,130
CCAGTCGCGCCACTGCCTCG_007,48
CCAGTCGCGCCACTGCCTCG_008,159
CCAGTCGCGCCACTGCCTCG_009,198
CCAGTCGCGCCACTGCCTCG_010,159
CCAGTCGCGCCACTGCCTCG_011,31
CCAGTCGCGCCACTGCCTCG_012,199
CCAGTCGCGCCACTGCCTCG_013,60
CCAGTCGCGCCACTGCCTCG_014,169
CCAGTCGCGCCACTGCCTCG_015,184
CCAGTCGCGCCACTGCCTCG_016,19
CCAGTCGCGCCACTGCCTCG_017,46
CCAGTCGCGCCACTGCCTCG_018,63
CCAGTCGCGCCACTGCCTCG_019,1
CCAGTCGCGCCACTGCCTCG_020,60
CCAGTCGCGCCACTGCCTCG_021,149
CCAGTCGCGCCACTGCCTCG_022,28
CCAGTCGCGCCACTGCCTCG_023,41
GGAGATGGAGAGCTATGATG_001,183
GGAGATGGAGAGCTATGATG_002,15
GGAGATGGAGAGCTATGATG_003,186
GGAGATGGAGAGCTATGATG_004,127
GGAGATGGAGAGCTATGATG_005,165
GGAGATGGAGAGCTATGATG_006,57
GGAGATGGAGAGCTATGATG_007,92
GGAGATGGAGAGCTATGATG_008,144
GGAGATGGAGAGCTATGATG_009,50
GGAGATGGAGAGCTATGATG_010,28
ATAGTGGTGAATCAGTACCA_001,101
ATAGTGGTGAATCAGTACCA_002,12
ATAGTGGTGAATCAGTACCA_003,61
ATAGTGGTGAATCAGTACCA_004,45
ATAGTGGTGAATCAGTACCA_005,161
GGATGGGTCATGCATCAATG_001,198
GGATGGGTCATGCATCAATG_002,130
GGATGGGTCATGCATCAATG_003,48
GGATGGGTCATGCATCAATG_004,49
GGATGGGTCATGCATCAATG_005,189
CCCCACAAACTCATTCTCTG_001,162
GCACGCTGTTCACATCATCG_001,38
GCACGCTGTTCACATCATCG_002,35
GCACGCTGTTCACATCATCG_003,17
GCACGCTGTTCACATCATCG_004,49
GCACGCTGTTCACATCATCG_005,39
ACTGGAGCCTTATTGGAGGT_001,32
ACTGGAGCCTTATTGGAGGT_002,154
ACTGGAGCCTTATTGGAGGT_003,7
ACTGGAGCCTTATTGGAGGT_004,167
ACTGGAGCCTTATTGGAGGT_005,22
ACTGGAGCCTTATTGGAGGT_006,162
ACTGGAGCCTTATTGGAGGT_007,173
ACTGGAGCCTTATTGGAGGT_008,1
ACTGGAGCCTTATTGGAGGT_009,115
ACTCGCTTTAGAAAGCCACG_001,11
ACTCGCTTTAGAAAGCCACG_002,198
ACTCGCTTTAGAAAGCCACG_003,192
ACTCGCTTTAGAAAGCCACG_004,152
ACTCGCTTTAGAAAGCCACG_005,20
ACTCGCTTTAGAAAGCCACG_006,138
ACTCGCTTTAGAAAGCCACG_007,197
ACTCGCTTTAGAAAGCCACG_008,40
ACTCGCTTTAGAAAGCCACG_009,121
ACTCGCTTTAGAAAGCCACG_010,10
ACTCGCTTTAGAAAGCCACG_011,52
ATAAAGGATTCTCTCCATCG_001,48
ATAAAGGATTCTCTCCATCG_002,144
ATAAAGGATTCTCTCCATCG_003,191
ATAAAGGATTCTCTCCATCG_004,160
GGAAGAGGCCACAACAGACG_001,60
ACACCGAGGCCCCAACACCC_001,157
ACACCGAGGCCCCAACACCC_002,108
ACACCGAGGCCCCAACACCC_003,15
ACACCGAGGCCCCAACACCC_004,152
ACACCGAGGCCCCAACACCC_005,30
ACACCGAGGCCCCAACACCC_006,194
ACACCGAGGCCCCAACACCC_007,188
ACACCGAGGCCCCAACACCC_008,158
GGGAGCGGCGTAGTCCCGAG_001,172
GGGAGCGGCGTAGTCCCGAG_002,2
GGGAGCGGCGTAGTCCCGAG_003,94
GGGAGCGGCGTAGTCCCGAG_004,175
GGGAGCGGCGTAGTCCCGAG_005,76
GGGAGCGGCGTAGTCCCGAG_006,104
GGGAGCGGCGTAGTCCCGAG_007,59
GGGAGCGGCGTAGTCCCGAG_008,127
GGGAGCGGCGTAGTCCCGAG_009,198
GGGAGCGGCGTAGTCCCGAG_010,150
GGGAGCGGCGTAGTCCCGAG_011,107
GGGAGCGGCGTAGTCCCGAG_012,51
GGGAGCGGCGTAGTCCCGAG_013,177
GGGAGCGGCGTAGTCCCGAG_014,148
GGGAGCGGCGTAGTCCCGAG_015,96
TACAGTAATACAGTCAACAC_001,80
GAATGACCACATCAACCTGA_001,53
GAATGACCACATCAACCTGA_002,39
GAATGACCACATCAACCTGA_003,16
GAATGACCACATCAACCTGA_004,170
GAATGACCACATCAACCTGA_005,169
GAATGACCACATCAACCTGA_006,16
GAATGACCACATCAACCTGA_007,146
GAATGACCACATCAACCTGA_008,170
GAATGACCACATCAACCTGA_009,168
GGTGTGGTAGTCGCACACGC_001,2
GGTGTGGTAGTCGCACACGC_002,44
GGTGTGGTAGTCGCACACGC_003,58
GGTGTGGTAGTCGCACACGC_004,162
GGTGTGGTAGTCGCACACGC_005,133
GGTGTGGTAGTCGCACACGC_006,12
GGTGTGGTAGTCGCACACGC_007,177
GGTGTGGTAGTCGCACACGC_008,113
GGTGTGGTAGTCGCACACGC_009,150
GGTGTGGTAGTCGCACACGC_010,81
GGTGTGGTAGTCGCACACGC_011,56
GGTGTGGTAGTCGCACACGC_012,46
GGTGTGGTAGTCGCACACGC_013,28
GGTGTGGTAGTCGCACACGC_014,29
GGTGTGGTAGTCGCACACGC_015,8
GGTGTGGTAGTCGCACACGC_016,62
GGTGTGGTAGTCGCACACGC_017,48
GGTGTGGTAGTCGCACACGC_018,48
GGTGTGGTAGTCGCACACGC_019,166
GGTGTGGTAGTCGCACACGC_020,49
GGTGTGGTAGTCGCACACGC_021,81
GGTGTGGTAGTCGCACACGC_022,163
GATGCACGCAAGGAAAGCTA_001,21
GATGCACGCAAGGAAAGCTA_002,116
GATGCACGCAAGGAAAGCTA_003,101
GATGCACGCAAGGAAAGCTA_004,18
GATGCACGCAAGGAAAGCTA_005,127
GATGCACGCAAGGAAAGCTA_006,147
GATGCACGCAAGGAAAGCTA_007,171
GATGCACGCAAGGAAAGCTA_008,65
GATGCACGCAAGGAAAGCTA_009,23
AATTGAGATGCTCAAAACTG_001,184
AATTGAGATGCTCAAAACTG_002,98
AATTGAGATGCTCAAAACTG_003,1
AATTGAGATGCTCAAAACTG_004,24
AATTGAGATGCTCAAAACTG_005,91
AATTGAGATGCTCAAAACTG_006,197
AGCATATGAAAGTGGATTAT_001,176
AGCATATGAAAGTGGATTAT_002,142
AGCATATGAAAGTGGATTAT_003,10
AGCATATGAAAGTGGATTAT_004,148
AGCATATGAAAGTGGATTAT_005,188
GCAGCCTCAGCAGAACAACG_001,175
GCAGCCTCAGCAGAACAACG_002,182
GCAGCCTCAGCAGAACAACG_003,70
GCAGCCTCAGCAGAACAACG_004,12
GCAGCCTCAGCAGAACAACG_005,137
ACCTTATCTAGGCAAAACGA_001,153
ATAAACATGAGAGGAACTCC_001,149
ATAAACATGAGAGGAACTCC_002,160
CAGAGGGCTAGCGCGTTGAG_001,181
CAGAGGGCTAGCGCGTTGAG_002,72
CAGAGGGCTAGCGCGTTGAG_003,154
CAGAGGGCTAGCGCGTTGAG_004,169
CAGAGGGCTAGCGCGTTGAG_005,166
CAGAGGGCTAGCGCGTTGAG_006,158
CAGAGGGCTAGCGCGTTGAG_007,62
CAGAGGGCTAGCGCGTTGAG_008,106
CAGAGGGCTAGCGCGTTGAG_009,27
CAGAGGGCTAGCGCGTTGAG_010,104
CAGAGGGCTAGCGCGTTGAG_011,3
CAGAGGGCTAGCGCGTTGAG_012,163
CAGAGGGCTAGCGCGTTGAG_013,28
CAGAGGGCTAGCGCGTTGAG_014,141
CAGAGGGCTAGCGCGTTGAG_015,117
CAGAGGGCTAGCGCGTTGAG_016,8
CAGAGGGCTAGCGCGTTGAG_017,126
CAGAGGGCTAGCGCGTTGAG_018,182
CAGAGGGCTAGCGCGTTGAG_019,191
CAGAGGGCTAGCGCGTTGAG_020,29
CAGAGGGCTAGCGCGTTGAG_021,115
CAGAGGGCTAGCGCGTTGAG_022,169
GCTGGTGTCTAGGAACTACC_001,184
GCTGGTGTCTAGGAACTACC_002,88
GCTGGTGTCTAGGAACTACC_003,112
GCTGGTGTCTAGGAACTACC_004,42
GCTGGTGTCTAGGAACTACC_005,2
GCTGGTGTCTAGGAACTACC_006,180
GCTGGTGTCTAGGAACTACC_007,152
GCTGGTGTCTAGGAACTACC_008,34
GCTGGTGTCTAGGAACTACC_009,45
GGGAACATAAAGACGTGAAG_001,34
GGGAACATAAAGACGTGAAG_002,175
GGGAACATAAAGACGTGAAG_003,126
GGGAACATAAAGACGTGAAG_004,164
GGGAACATAAAGACGTGAAG_005,142
GGGAACATAAAGACGTGAAG_006,106
GGGAACATAAAGACGTGAAG_007,163
GGGAACATAAAGACGTGAAG_008,31
GGGAACATAAAGACGTGAAG_009,170
GGGAACATAAAGACGTGAAG_010,184
GGGAACATAAAGACGTGAAG_011,175
GGGAACATAAAGACGTGAAG_012,174
GGGAACATAAAGACGTGAAG_013,199
GGGAACATAAAGACGTGAAG_014,184
GGGAACATAAAGACGTGAAG_015,34
GCAGTGACACAAGCAGTATG_001,102
GCAGTGACACAAGCAGTATG_002,52
GCAGTGACACAAGCAGTATG_003,96
GCAGTGACACAAGCAGTATG_004,153
GCAGTGACACAAGCAGTATG_005,17
GCAGTGACACAAGCAGTATG_006,103
GCAGTGACACAAGCAGTATG_007,179
GCAGTGACACAAGCAGTATG_008,152
GCAGTGACACAAGCAGTATG_009,61
GCAGTGACACAAGCAGTATG_010,27
GCAGTGACACAAGCAGTATG_011,27
GCAGTGACACAAGCAGTATG_012,136
GCAGTGACACAAGCAGTATG_013,177
GCAGTGACACAAGCAGTATG_014,90
TGGAGAAACTTATCCTCAGG_001,138
GGAGAGGGACTGGGTCAGCG_001,169
GGAGAGGGACTGGGTCAGCG_002,43
GGAGAGGGACTGGGTCAGCG_003,70
GGAGAGGGACTGGGTCAGCG_004,176
GGAGAGGGACTGGGTCAGCG_005,142
GGAGAGGGACTGGGTCAGCG_006,8
GGAGAGGGACTGGGTCAGCG_007,116
GGAGAGGGACTGGGTCAGCG_008,18
GGAGAGGGACTGGGTCAGCG_009,178
GGAGAGGGACTGGGTCAGCG_010,96
GGAGAGGGACTGGGTCAGCG_011,41
GGAGAGGGACTGGGTCAGCG_012,53
GGAGAGGGACTGGGTCAGCG_013,127
GGAGAGGGACTGGGTCAGCG_014,140
GGAGAGGGACTGGGTCAGCG_015,51
GGAGAGGGACTGGGTCAGCG_016,191
GGAGAGGGACTGGGTCAGCG_017,105
GGAGAGGGACTGGGTCAGCG_018,69
GGAGAGGGACTGGGTCAGCG_019,68
GGAGAGGGACTGGGTCAGCG_020,86
GGAGAGGGACTGGGTCAGCG_021,86
GGAGAGGGACTGGGTCAGCG_022,147
GGAGAGGGACTGGGTCAGCG_023,195
GGAGAGGGACTGGGTCAGCG_024,175
GGAGAGGGACTGGGTCAGCG_025,188
GGAGAGGGACTGGGTCAGCG_026,173
GGAGAGGGACTGGGTCAGCG_027,113
GGAGAGGGACTGGGTCAGCG_028,81
GGAGAGGGACTGGGTCAGCG_029,48
GGAGAGGGACTGGGTCAGCG_030,112
GGAGAGGGACTGGGTCAGCG_031,45
GGAGAGGGACTGGGTCAGCG_032,118
GGAGAGGGACTGGGTCAGCG_033,158
GGAGAGGGACTGGGTCAGCG_034,107
GGAGAGGGACTGGGTCAGCG_035,101
GGAGAGGGACTGGGTCAGCG_036,145
GGAGAGGGACTGGGTCAGCG_037,44
TCTTCACATGAAGATAACCA_001,2
TCTTCACATGAAGATAACCA_002,115
TCTTCACATGAAGATAACCA_003,62
TCTTCACATGAAGATAACCA_004,117
TCTTCACATGAAGATAACCA_005,16
TCTTCACATGAAGATAACCA_006,156
TCTTCACATGAAGATAACCA_007,192
TCTTCACATGAAGATAACCA_008,94
TCTTCACATGAAGATAACCA_009,8
TCTTCACATGAAGATAACCA_010,169
TCTTCACATGAAGATAACCA_011,18
ACGCAGGAGGACATCTACGT_001,58
ACGCAGGAGGACATCTACGT_002,119
ACGCAGGAGGACATCTACGT_003,119
ACGCAGGAGGACATCTACGT_004,177
ACGCAGGAGGACATCTACGT_005,197
ACGCAGGAGGACATCTACGT_006,91
ACGCAGGAGGACATCTACGT_007,17
ACGCAGGAGGACATCTACGT_008,78
ACGCAGGAGGACATCTACGT_009,139
ACGCAGGAGGACATCTACGT_010,154
ACGCAGGAGGACATCTACGT_011,197
ACGCAGGAGGACATCTACGT_012,6
ACGCAGGAGGACATCTACGT_013,6
ATGAAGCCCCTGTTGCCGAT_001,146
ATGAAGCCCCTGTTGCCGAT_002,137
ATGAAGCCCCTGTTGCCGAT_003,150
ATGAAGCCCCTGTTGCCGAT_004,94
ATGAAGCCCCTGTTGCCGAT_005,188
ATGAAGCCCCTGTTGCCGAT_006,102
ATGAAGCCCCTGTTGCCGAT_007,130
ATGAAGCCCCTGTTGCCGAT_008,105
ATGAAGCCCCTGTTGCCGAT_009,51
ATGAAGCCCCTGTTGCCGAT_010,192
ATGAAGCCCCTGTTGCCGAT_011,165
ATGAAGCCCCTGTTGCCGAT_012,120
ATGAAGCCCCTGTTGCCGAT_013,170
ATGAAGCCCCTGTTGCCGAT_014,184
ATGAAGCCCCTGTTGCCGAT_015,80
ATGAAGCCCCTGTTGCCGAT_016,57
ATGAAGCCCCTGTTGCCGAT_017,24
ATGAAGCCCCTGTTGCCGAT_018,161
ATGAAGCCCCTGTTGCCGAT_019,84
ATGAAGCCCCTGTTGCCGAT_020,116
ATGAAGCCCCTGTTGCCGAT_021,36
ATGAAGCCCCTGTTGCCGAT_022,56
ATGAAGCCCCTGTTGCCGAT_023,197
ATGAAGCCCCTGTTGCCGAT_024,76
ATGAAGCCCCTGTTGCCGAT_025,45
ATGAAGCCCCTGTTGCCGAT_026,48
ATGAAGCCCCTGTTGCCGAT_027,77
ATGAAGCCCCTGTTGCCGAT_028,66
ATGAAGCCCCTGTTGCCGAT_029,20
ATGAAGCCCCTGTTGCCGAT_030,173
ATGAAGCCCCTGTTGCCGAT_031,81
ATGAAGCCCCTGTTGCCGAT_032,56
GAAGCCCGAAGAACGTCCTG_001,50
GAAGCCCGAAGAACGTCCTG_002,102
GAAGCCCGAAGAACGTCCTG_003,102
GAAGCCCGAAGAACGTCCTG_004,48
GAAGCCCGAAGAACGTCCTG_005,48
GAAGCCCGAAGAACGTCCTG_006,127
GAAGCCCGAAGAACGTCCTG_007,66
GAAGCCCGAAGAACGTCCTG_008,137
GAAGCCCGAAGAACGTCCTG_009,21
GAAGCCCGAAGAACGTCCTG_010,69
ATATGTCCACTTACACACCA_001,192
ATATGTCCACTTACACACCA_002,162
ATATGTCCACTTACACACCA_003,77
ATATGTCCACTTACACACCA_004,107
ATATGTCCACTTACACACCA_005,51
ATATGTCCACTTACACACCA_006,55
ATATGTCCACTTACACACCA_007,129
ATATGTCCACTTACACACCA_008,45
ATATGTCCACTTACACACCA_009,62
ATATGTCCACTTACACACCA_010,145
ATATGTCCACTTACACACCA_011,198
ATATGTCCACTTACACACCA_012,162
ATATGTCCACTTACACACCA_013,80
ATATGTCCACTTACACACCA_014,94
ATATGTCCACTTACACACCA_015,164
ATATGTCCACTTACACACCA_016,0
ATATGTCCACTTACACACCA_017,16
ATATGTCCACTTACACACCA_018,142
ATATGTCCACTTACACACCA_019,1
ATATGTCCACTTACACACCA_020,16
ATATGTCCACTTACACACCA_021,157
ATATGTCCACTTACACACCA_022,39
ATATGTCCACTTACACACCA_023,63
ATATGTCCACTTACACACCA_024,63
ATATGTCCACTTACACACCA_025,164
ATATGTCCACTTACACACCA_026,179
CCTGGTGAGAGACTACGGGA_001,151
CCTGGTGAGAGACTACGGGA_002,31
CCTGGTGAGAGACTACGGGA_003,179
CCTGGTGAGAGACTACGGGA_004,155
CCTGGTGAGAGACTACGGGA_005,57
CCTGGTGAGAGACTACGGGA_006,44
CCTGGTGAGAGACTACGGGA_007,183
CCTGGTGAGAGACTACGGGA_008,84
CCTGGTGAGAGACTACGGGA_009,43
CCTGGTGAGAGACTACGGGA_010,162
CCTGGTGAGAGACTACGGGA_011,26
GTACTTACGAAATGGTACCT_001,130
GTACTTACGAAATGGTACCT_002,84
GTACTTACGAAATGGTACCT_003,75
GTACTTACGAAATGGTACCT_004,160
GTACTTACGAAATGGTACCT_005,84
GTACTTACGAAATGGTACCT_006,183
GTACTTACGAAATGGTACCT_007,81
GTACTTACGAAATGGTACCT_008,115
GTACTTACGAAATGGTACCT_009,28
GTACTTACGAAATGGTACCT_010,29
TGAAAGCCAAGCATCACGCA_001,140
TGAAAGCCAAGCATCACGCA_002,169
TGAAAGCCAAGCATCACGCA_003,102
ACGGTACCGCGACCTGATCG_001,181
ACGGTACCGCGACCTGATCG_002,23
ACGGTACCGCGACCTGATCG_003,149
ACGGTACCGCGACCTGATCG_004,12
ACGGTACCGCGACCTGATCG_005,81
ACGGTACCGCGACCTGATCG_006,155
ACGGTACCGCGACCTGATCG_007,197
ACGGTACCGCGACCTGATCG_008,36
ACGGTACCGCGACCTGATCG_009,42
ACGGTACCGCGACCTGATCG_010,24
ACGGTACCGCGACCTGATCG_011,84
ACGGTACCGCGACCTGATCG_012,198
ACGGTACCGCGACCTGATCG_013,103
ACGGTACCGCGACCTGATCG_014,8
ACGGTACCGCGACCTGATCG_015,89
ACGGTACCGCGACCTGATCG_016,169
ACGGTACCGCGACCTGATCG_017,67
ACGGTACCGCGACCTGATCG_018,78
ACGGTACCGCGACCTGATCG_019,102
ACGGTACCGCGACCTGATCG_020,15
ACGGTACCGCGACCTGATCG_021,37
ACTGTACCCAGAGGTGCCTG_001,23
ACTGTACCCAGAGGTGCCTG_002,37
ACTGTACCCAGAGGTGCCTG_003,186
ACTGTACCCAGAGGTGCCTG_004,117
ACTGTACCCAGAGGTGCCTG_005,174
ACTGTACCCAGAGGTGCCTG_006,56
ACTGTACCCAGAGGTGCCTG_007,157
ACTGTACCCAGAGGTGCCTG_008,15
TCACCACACTACCTGGATAG_001,183
TCACCACACTACCTGGATAG_002,151
TCACCACACTACCTGGATAG_003,40
TCACCACACTACCTGGATAG_004,10
TCACCACACTACCTGGATAG_005,127
TCACCACACTACCTGGATAG_006,76
TCATTGTGACTGTTGTCCGA_001,32
TCATTGTGACTGTTGTCCGA_002,1
TCATTGTGACTGTTGTCCGA_003,40
TCATTGTGACTGTTGTCCGA_004,76
TCATTGTGACTGTTGTCCGA_005,91
TCGTTAAACAAGACCTACGA_001,157
TCGTTAAACAAGACCTACGA_002,183
TCGTTAAACAAGACCTACGA_003,19
CAATCTGTTCGTGAATGAGT_001,44
CAATCTGTTCGTGAATGAGT_002,63
CAATCTGTTCGTGAATGAGT_003,58
CAATCTGTTCGTGAATGAGT_004,160
CAATCTGTTCGTGAATGAGT_005,189
CAATCTGTTCGTGAATGAGT_006,175
CAATCTGTTCGTGAATGAGT_007,78
CAATCTGTTCGTGAATGAGT_008,105
TTGGGTTGAAAGACAGACCG_001,137
TTGGGTTGAAAGACAGACCG_002,48
TTGGGTTGAAAGACAGACCG_003,158
TTGGGTTGAAAGACAGACCG_004,60
TTGGGTTGAAAGACAGACCG_005,174
TTGGGTTGAAAGACAGACCG_006,75
TTGGGTTGAAAGACAGACCG_007,106
TTGGGTTGAAAGACAGACCG_008,171
TTGGGTTGAAAGACAGACCG_009,114
TTGGGTTGAAAGACAGACCG_010,114
TTGGGTTGAAAGACAGACCG_011,124
TTGGGTTGAAAGACAGACCG_012,148
TTGGGTTGAAAGACAGACCG_013,198
TTGGGTTGAAAGACAGACCG_014,158
TTGGGTTGAAAGACAGACCG_015,143
TTGGGTTGAAAGACAGACCG_016,42
TTGGGTTGAAAGACAGACCG_017,52
TTGGGTTGAAAGACAGACCG_018,86
TTGGGTTGAAAGACAGACCG_019,195
TTGGGTTGAAAGACAGACCG_020,49
TTGGGTTGAAAGACAGACCG_021,170
TTGGGTTGAAAGACAGACCG_022,58
TTGGGTTGAAAGACAGACCG_023,49
TTGGGTTGAAAGACAGACCG_024,157
TTGGGTTGAAAGACAGACCG_025,142
TTGGGTTGAAAGACAGACCG_026,28
TTGGGTTGAAAGACAGACCG_027,82
TTGGGTTGAAAGACAGACCG_028,91
TTGGGTTGAAAGACAGACCG_029,37
TTGGGTTGAAAGACAGACCG_030,158
GAAGACTATGTGCCCTACAC_001,147
GAAGACTATGTGCCCTACAC_002,19
GAAGACTATGTGCCCTACAC_003,113
GAAGACTATGTGCCCTACAC_004,147
GAAGACTATGTGCCCTACAC_005,142
GAAGACTATGTGCCCTACAC_006,46
GAAGACTATGTGCCCTACAC_007,82
GAAGACTATGTGCCCTACAC_008,105
GAAGACTATGTGCCCTACAC_009,13
GAAGACTATGTGCCCTACAC_010,66
GAAGACTATGTGCCCTACAC_011,182
GAAGACTATGTGCCCTACAC_012,37
CAACGGTCTAGAGTACATCG_001,81
CAACGGTCTAGAGTACATCG_002,144
CAACGGTCTAGAGTACATCG_003,184
CAACGGTCTAGAGTACATCG_004,92
CAACGGTCTAGAGTACATCG_005,62
CAACGGTCTAGAGTACATCG_006,151
CAACGGTCTAGAGTACATCG_007,199
CAACGGTCTAGAGTACATCG_008,41
CAACGGTCTAGAGTACATCG_009,8
AAAACCGCAAAATCAGCCAG_001,58
AAAACCGCAAAATCAGCCAG_002,162
AAAACCGCAAAATCAGCCAG_003,37
AAAACCGCAAAATCAGCCAG_004,47
AAAACCGCAAAATCAGCCAG_005,166
AAAACCGCAAAATCAGCCAG_006,16
AAAACCGCAAAATCAGCCAG_007,141
AAAACCGCAAAATCAGCCAG_008,115
AAAACCGCAAAATCAGCCAG_009,70
AAAACCGCAAAATCAGCCAG_010,158
AAAACCGCAAAATCAGCCAG_011,58
AAAACCGCAAAATCAGCCAG_012,2
AAAACCGCAAAATCAGCCAG_013,123
AAAACCGCAAAATCAGCCAG_014,115
ACAGAGGCCTACATCGTCAG_001,170
ACAGAGGCCTACATCGTCAG_002,181
ACAGAGGCCTACATCGTCAG_003,113
ACAGAGGCCTACATCGTCAG_004,110
GCTAATTCAGTACTTGAACC_001,109
GCTAATTCAGTACTTGAACC_002,173
GCTAATTCAGTACTTGAACC_003,101
GATGGCAGCTCAGATCCGTG_001,70
GATGGCAGCTCAGATCCGTG_002,15
GATGGCAGCTCAGATCCGTG_003,29
GATGGCAGCTCAGATCCGTG_004,148
GATGGCAGCTCAGATCCGTG_005,199
GATGGCAGCTCAGATCCGTG_006,161
GATGGCAGCTCAGATCCGTG_007,1
GATGGCAGCTCAGATCCGTG_008,91
GATGGCAGCTCAGATCCGTG_009,199
GATGGCAGCTCAGATCCGTG_010,12
GATGGCAGCTCAGATCCGTG_011,162
GATGGCAGCTCAGATCCGTG_012,149
GATGGCAGCTCAGATCCGTG_013,48
GATGGCAGCTCAGATCCGTG_014,23
GATGGCAGCTCAGATCCGTG_015,48
GATGGCAGCTCAGATCCGTG_016,129
GGGAGAGGGCCGCCAGCATG_001,184
GGGAGAGGGCCGCCAGCATG_002,27
GGGAGAGGGCCGCCAGCATG_003,147
GGGAGAGGGCCGCCAGCATG_004,28
GGGAGAGGGCCGCCAGCATG_005,58
GGGAGAGGGCCGCCAGCATG_006,186
GGGAGAGGGCCGCCAGCATG_007,70
GGGAGAGGGCCGCCAGCATG_008,127
GGGAGAGGGCCGCCAGCATG_009,180
GGGAGAGGGCCGCCAGCATG_010,111
GGGAGAGGGCCGCCAGCATG_011,30
GGGAGAGGGCCGCCAGCATG_012,145
GGGAGAGGGCCGCCAGCATG_013,140
GGGAGAGGGCCGCCAGCATG_014,92
GGGAGAGGGCCGCCAGCATG_015,81
GGGAGAGGGCCGCCAGCATG_016,81
ACAGCTAGATGAGACCCTGT_001,117
ACAGCTAGATGAGACCCTGT_002,12
ACAGCTAGATGAGACCCTGT_003,66
ACAGCTAGATGAGACCCTGT_004,69
TCTACCTGCGGATCATACTG_001,9
TCTACCTGCGGATCATACTG_002,154
TCTACCTGCGGATCATACTG_003,132
TCTACCTGCGGATCATACTG_004,88
TCTACCTGCGGATCATACTG_005,61
CCCCTCATTTAGGGTCTCTG_001,147
CCCCTCATTTAGGGTCTCTG_002,91
CCCCTCATTTAGGGTCTCTG_003,11
CCCCTCATTTAGGGTCTCTG_004,127
CCCCTCATTTAGGGTCTCTG_005,78
CCCCTCATTTAGGGTCTCTG_006,182
CCCCTCATTTAGGGTCTCTG_007,7
CCCCTCATTTAGGGTCTCTG_008,21
CCCCTCATTTAGGGTCTCTG_009,121
CCCCTCATTTAGGGTCTCTG_010,69
CCCCTCATTTAGGGTCTCTG_011,12
CCCCTCATTTAGGGTCTCTG_012,2
CCCCTCATTTAGGGTCTCTG_013,131
CCCCTCATTTAGGGTCTCTG_014,153
GTAGCAACACGAATTAACCT_001,179
GTAGCAACACGAATTAACCT_002,102
GTAGCAACACGAATTAACCT_003,175
CCAAGATGAAGGGTCAACAG_001,160
CCAAGATGAAGGGTCAACAG_002,133
CCAAGATGAAGGGTCAACAG_003,186
CCAAGATGAAGGGTCAACAG_004,142
CCAAGATGAAGGGTCAACAG_005,158
CCAAGATGAAGGGTCAACAG_006,31
CCAAGATGAAGGGTCAACAG_007,15
CCAAGATGAAGGGTCAACAG_008,106
CCAAGATGAAGGGTCAACAG_009,49
GTCATCAAACTAAGACACAA_001,78
GTCATCAAACTAAGACACAA_002,2
GTCATCAAACTAAGACACAA_003,142
GTCATCAAACTAAGACACAA_004,137
GTCATCAAACTAAGACACAA_005,41
GTCATCAAACTAAGACACAA_006,171
GTCATCAAACTAAGACACAA_007,72
GTCATCAAACTAAGACACAA_008,187
GTCATCAAACTAAGACACAA_009,98
GTCATCAAACTAAGACACAA_010,168
GTCATCAAACTAAGACACAA_011,68
GTCATCAAACTAAGACACAA_012,35
GTCATCAAACTAAGACACAA_013,129
GTCATCAAACTAAGACACAA_014,145
GTCATCAAACTAAGACACAA_015,26
TGGAGGTTGGAGCCTGAAGA_001,32
AAGAAACACCACAATCAAGG_001,24
AAGAAACACCACAATCAAGG_002,161
AAGAAACACCACAATCAAGG_003,45
AAGAAACACCACAATCAAGG_004,131
AAGAAACACCACAATCAAGG_005,171
AAGAAACACCACAATCAAGG_006,136
ACCAAAGCTAAGTGCCGTCA_001,156
ACCAAAGCTAAGTGCCGTCA_002,3
ACCAAAGCTAAGTGCCGTCA_003,188
ACCAAAGCTAAGTGCCGTCA_004,68
GATATCCTACATCTTACATG_001,43
GCCGAGTGGAACGGGCAATG_001,172
GCCGAGTGGAACGGGCAATG_002,147
GCCGAGTGGAACGGGCAATG_003,172
GCCGAGTGGAACGGGCAATG_004,102
GCCGAGTGGAACGGGCAATG_005,181
GCCGAGTGGAACGGGCAATG_006,77
GCCGAGTGGAACGGGCAATG_007,178
GCCGAGTGGAACGGGCAATG_008,178
GCCGAGTGGAACGGGCAATG_009,184
GCCGAGTGGAACGGGCAATG_010,122
GCCGAGTGGAACGGGCAATG_011,146
GCCGAGTGGAACGGGCAATG_012,63
GCCGAGTGGAACGGGCAATG_013,63
GCCGAGTGGAACGGGCAATG_014,134
GCCGAGTGGAACGGGCAATG_015,3
GCCGAGTGGAACGGGCAATG_016,56
GCCGAGTGGAACGGGCAATG_017,126
GCCGAGTGGAACGGGCAATG_018,119
GCCGAGTGGAACGGGCAATG_019,114
GCCGAGTGGAACGGGCAATG_020,197
GCCGAGTGGAACGGGCAATG_021,88
GCCGAGTGGAACGGGCAATG_022,66
TTACTTGCAGAATCACCGAT_001,169
TTACTTGCAGAATCACCGAT_002,31
TTACTTGCAGAATCACCGAT_003,191
TTACTTGCAGAATCACCGAT_004,24
ATTCTCAGTGCAAGTCTATG_001,49
ATTCTCAGTGCAAGTCTATG_002,43
ATTCTCAGTGCAAGTCTATG_003,1
ATTCTCAGTGCAAGTCTATG_004,188
ATTCTCAGTGCAAGTCTATG_005,121
ATTCTCAGTGCAAGTCTATG_006,38
ATTCTCAGTGCAAGTCTATG_007,146
CTCTCTTCCCAGGTGCACGT_001,73
CTCTCTTCCCAGGTGCACGT_002,54
CTCTCTTCCCAGGTGCACGT_003,56
CTCTCTTCCCAGGTGCACGT_004,94
CTCTCTTCCCAGGTGCACGT_005,30
CTCTCTTCCCAGGTGCACGT_006,98
CTCTCTTCCCAGGTGCACGT_007,82
CTCTCTTCCCAGGTGCACGT_008,123
CTCTCTTCCCAGGTGCACGT_009,35
CTCTCTTCCCAGGTGCACGT_010,47
CTCTCTTCCCAGGTGCACGT_011,97
GAATAGATTTGTCAGTTAGG_001,7
GAATAGATTTGTCAGTTAGG_002,152
GAATAGATTTGTCAGTTAGG_003,152
GAATAGATTTGTCAGTTAGG_004,169
GAATAGATTTGTCAGTTAGG_005,81
GAATAGATTTGTCAGTTAGG_006,27
GAATAGATTTGTCAGTTAGG_007,26
GAATAGATTTGTCAGTTAGG_008,92
GAATAGATTTGTCAGTTAGG_009,108
GAATAGATTTGTCAGTTAGG_010,77
GAATAGATTTGTCAGTTAGG_011,88
GAATAGATTTGTCAGTTAGG_012,15
GCTGACGACACCCACCTATG_001,40
GCTGACGACACCCACCTATG_002,27
GCTGACGACACCCACCTATG_003,72
GCTGACGACACCCACCTATG_004,9
GCTGACGACACCCACCTATG_005,183
GCTGACGACACCCACCTATG_006,55
GCTGACGACACCCACCTATG_007,87
GCTGACGACACCCACCTATG_008,91
GCTGACGACACCCACCTATG_009,24
GCTGACGACACCCACCTATG_010,103
GCTGACGACACCCACCTATG_011,120
GCTGACGACACCCACCTATG_012,3
GCTGACGACACCCACCTATG_013,108
GCTGACGACACCCACCTATG_014,6
GCTGACGACACCCACCTATG_015,50
GCTGACGACACCCACCTATG_016,77
CACAAACCTGTGCTTCGACG_001,53
CACAAACCTGTGCTTCGACG_002,2
CACAAACCTGTGCTTCGACG_003,166
CACAAACCTGTGCTTCGACG_004,169
CACAAACCTGTGCTTCGACG_005,37
CACAAACCTGTGCTTCGACG_006,112
CACAAACCTGTGCTTCGACG_007,0
AGCTCGCAGCGCGAGGCGAT_001,34
AGCTCGCAGCGCGAGGCGAT_002,113
AGCTCGCAGCGCGAGGCGAT_003,145
AGCTCGCAGCGCGAGGCGAT_004,148
AGCTCGCAGCGCGAGGCGAT_005,68
AGCTCGCAGCGCGAGGCGAT_006,5
AGCTCGCAGCGCGAGGCGAT_007,82
AGCTCGCAGCGCGAGGCGAT_008,145
AGCTCGCAGCGCGAGGCGAT_009,60
AGCTCGCAGCGCGAGGCGAT_010,3
AGCTCGCAGCGCGAGGCGAT_011,197
AGCTCGCAGCGCGAGGCGAT_012,0
AGCTCGCAGCGCGAGGCGAT_013,46
AGCTCGCAGCGCGAGGCGAT_014,50
AGCTCGCAGCGCGAGGCGAT_015,162
CCCCACCCCCAGGTTCTACG_001,145
CCCCACCCCCAGGTTCTACG_002,68
CCCCACCCCCAGGTTCTACG_003,105
CCCCACCCCCAGGTTCTACG_004,15
CCCCACCCCCAGGTTCTACG_005,130
CCCCACCCCCAGGTTCTACG_006,94
CCCCACCCCCAGGTTCTACG_007,137
CCCCACCCCCAGGTTCTACG_008,59
CCCCACCCCCAGGTTCTACG_009,189
CCCCACCCCCAGGTTCTACG_010,173
CCCCACCCCCAGGTTCTACG_011,18
CCCCACCCCCAGGTTCTACG_012,190
GCATGGGCTTGGTATCCCGA_001,83
GCATGGGCTTGGTATCCCGA_002,169
GCATGGGCTTGGTATCCCGA_003,72
GCATGGGCTTGGTATCCCGA_004,72
GCATGGGCTTGGTATCCCGA_005,145
GCATGGGCTTGGTATCCCGA_006,120
GTAAATGACAACTGGAAGCG_001,12
GTAAATGACAACTGGAAGCG_002,4
GTAAATGACAACTGGAAGCG_003,45
GTAAATGACAACTGGAAGCG_004,60
GTAAATGACAACTGGAAGCG_005,146
GTAAATGACAACTGGAAGCG_006,50
GTAAATGACAACTGGAAGCG_007,127
GTAAATGACAACTGGAAGCG_008,1
GTAAATGACAACTGGAAGCG_009,48
GCTGTGCACTATGATCGCTC_001,3
GCTGTGCACTATGATCGCTC_002,130
GCTGTGCACTATGATCGCTC_003,174
GCTGTGCACTATGATCGCTC_004,159
GCTGTGCACTATGATCGCTC_005,142
GCTGTGCACTATGATCGCTC_006,106
GCTGTGCACTATGATCGCTC_007,58
GCTGTGCACTATGATCGCTC_008,73
TTTCTGCCTCCGGAAAACAA_001,119
TTTCTGCCTCCGGAAAACAA_002,69
TTTCTGCCTCCGGAAAACAA_003,105
TTTCTGCCTCCGGAAAACAA_004,17
TTTCTGCCTCCGGAAAACAA_005,119
TTTCTGCCTCCGGAAAACAA_006,70
TTTCTGCCTCCGGAAAACAA_007,175
TTTCTGCCTCCGGAAAACAA_008,17
GAATTGGGAAAATCTTGTAG_001,117
GAATTGGGAAAATCTTGTAG_002,38
GAATTGGGAAAATCTTGTAG_003,121
GAATTGGGAAAATCTTGTAG_004,91
GTCTACATAAGACCGTGCGG_001,138
TAGAGCTCATAAGTCAGGAG_001,62
TAGAGCTCATAAGTCAGGAG_002,102
TAGAGCTCATAAGTCAGGAG_003,8
TAGAGCTCATAAGTCAGGAG_004,160
TAGAGCTCATAAGTCAGGAG_005,88
TAGAGCTCATAAGTCAGGAG_006,130
TAGAGCTCATAAGTCAGGAG_007,117
TAGAGCTCATAAGTCAGGAG_008,29
CCTCGGCGCTGACCAGACGC_001,163
CCTCGGCGCTGACCAGACGC_002,181
CCTCGGCGCTGACCAGACGC_003,193
CCTCGGCGCTGACCAGACGC_004,106
CCTCGGCGCTGACCAGACGC_005,138
CCTCGGCGCTGACCAGACGC_006,177
CCTCGGCGCTGACCAGACGC_007,175
CCTCGGCGCTGACCAGACGC_008,50
CCTCGGCGCTGACCAGACGC_009,50
CCTCGGCGCTGACCAGACGC_010,175
GACCTACAAAAAGACATCGA_001,137
GACCTACAAAAAGACATCGA_002,89
GACCTACAAAAAGACATCGA_003,24
GACCTACAAAAAGACATCGA_004,20
GACCTACAAAAAGACATCGA_005,67
GACCTACAAAAAGACATCGA_006,28
GAGGTGGATGAGGACTTCGA_001,174
GAGGTGGATGAGGACTTCGA_002,0
GAGGTGGATGAGGACTTCGA_003,168
GAGGTGGATGAGGACTTCGA_004,70
GAGGTGGATGAGGACTTCGA_005,29
GAGGTGGATGAGGACTTCGA_006,121
GAGGTGGATGAGGACTTCGA_007,43
GAGGTGGATGAGGACTTCGA_008,169
GAGGTGGATGAGGACTTCGA_009,183
GAGGTGGATGAGGACTTCGA_010,147
GAGGTGGATGAGGACTTCGA_011,130
GAGGTGGATGAGGACTTCGA_012,182
GAGGTGGATGAGGACTTCGA_013,41
GAGGTGGATGAGGACTTCGA_014,138
GAGGTGGATGAGGACTTCGA_015,136
AGAGTTAAGGTACTCCATCT_001,197
AGAGTTAAGGTACTCCATCT_002,43
AGAGTTAAGGTACTCCATCT_003,59
AGAGTTAAGGTACTCCATCT_004,87
AGAGTTAAGGTACTCCATCT_005,117
AGAGTTAAGGTACTCCATCT_006,46
AGAGTTAAGGTACTCCATCT_007,82
AGAGTTAAGGTACTCCATCT_008,54
AGAGTTAAGGTACTCCATCT_009,92
TTTCCTAGCCAGGATAAAGT_001,127
TTTCCTAGCCAGGATAAAGT_002,81
TTTCCTAGCCAGGATAAAGT_003,49
TTTCCTAGCCAGGATAAAGT_004,179
TTTCCTAGCCAGGATAAAGT_005,170
TTTCCTAGCCAGGATAAAGT_006,12
TTTCCTAGCCAGGATAAAGT_007,176
TTTCCTAGCCAGGATAAAGT_008,29
GAAATAACAGAGTGGACCCA_001,41
GAAATAACAGAGTGGACCCA_002,18
GAAATAACAGAGTGGACCCA_003,49
GAAATAACAGAGTGGACCCA_004,114
GAAATAACAGAGTGGACCCA_005,75
GAAATAACAGAGTGGACCCA_006,120
GAAATAACAGAGTGGACCCA_007,162
AGTGGTAGGCTTCTTAATGG_001,66
AGTGGTAGGCTTCTTAATGG_002,77
AGTGGTAGGCTTCTTAATGG_003,176
AGTGGTAGGCTTCTTAATGG_004,87
AGTGGTAGGCTTCTTAATGG_005,6
AGTGGTAGGCTTCTTAATGG_006,97
GCTCTGCTCGCTGGTGTACG_001,75
GCTCTGCTCGCTGGTGTACG_002,49
GCTCTGCTCGCTGGTGTACG_003,46
GTAAGAGAGTCCTTCCTATG_001,161
GTAAGAGAGTCCTTCCTATG_002,185
GTAAGAGAGTCCTTCCTATG_003,25
GTAAGAGAGTCCTTCCTATG_004,130
GTAAGAGAGTCCTTCCTATG_005,35
GTAAGAGAGTCCTTCCTATG_006,98
GTAAGAGAGTCCTTCCTATG_007,94
GTAAGAGAGTCCTTCCTATG_008,147
GTAAGAGAGTCCTTCCTATG_009,70
GTAAGAGAGTCCTTCCTATG_010,36
TCTTCTGCTAGACGACACTC_001,60
TCTTCTGCTAGACGACACTC_002,105
TCTTCTGCTAGACGACACTC_003,35
TCTTCTGCTAGACGACACTC_004,130
CGACATGCGCTCCATTAAGT_001,77
CGACATGCGCTCCATTAAGT_002,98
CGACATGCGCTCCATTAAGT_003,78
CGACATGCGCTCCATTAAGT_004,170
CGACATGCGCTCCATTAAGT_005,127
CGACATGCGCTCCATTAAGT_006,142
CGACATGCGCTCCATTAAGT_007,2
CGACATGCGCTCCATTAAGT_008,159
CGACATGCGCTCCATTAAGT_009,136
CGACATGCGCTCCATTAAGT_010,188
CGACATGCGCTCCATTAAGT_011,2
GGTATATCATTGACACCGAG_001,127
CATGGTGAACTACTACACCT_001,124
CATGGTGAACTACTACACCT_002,95
CATGGTGAACTACTACACCT_003,81
CATGGTGAACTACTACACCT_004,68
CATGGTGAACTACTACACCT_005,149
CATGGTGAACTACTACACCT_006,12
CATGGTGAACTACTACACCT_007,186
TGATGGTGAGCAGCTCATCG_001,184
TGATGGTGAGCAGCTCATCG_002,41
TGCAGACCTACGTCTACCAG_001,157
TGCAGACCTACGTCTACCAG_002,143
TGCAGACCTACGTCTACCAG_003,7
TGCAGACCTACGTCTACCAG_004,38
AGCCGTCAGAGATATTTCGG_001,169
AGCCGTCAGAGATATTTCGG_002,91
AGCCGTCAGAGATATTTCGG_003,59
AGCCGTCAGAGATATTTCGG_004,39
GAAGAAACAAGCTCCCGAGG_001,49
GAAGAAACAAGCTCCCGAGG_002,160
GAAGAAACAAGCTCCCGAGG_003,88
GAAGAAACAAGCTCCCGAGG_004,197
GAAGAAACAAGCTCCCGAGG_005,8
GAAGAAACAAGCTCCCGAGG_006,18
GAAGAAACAAGCTCCCGAGG_007,38
GAAGAAACAAGCTCCCGAGG_008,40
GAAGAAACAAGCTCCCGAGG_009,47
CGTGGGGGATGACTTCACGC_001,151
CGTGGGGGATGACTTCACGC_002,57
CGTGGGGGATGACTTCACGC_003,158
CGTGGGGGATGACTTCACGC_004,148
CGTGGGGGATGACTTCACGC_005,103
CGTGGGGGATGACTTCACGC_006,53
CGTGGGGGATGACTTCACGC_007,48
CGTGGGGGATGACTTCACGC_008,138
CGTGGGGGATGACTTCACGC_009,152
GACAACTGCCCAGAGAACTG_001,9
GACAACTGCCCAGAGAACTG_002,102
GACAACTGCCCAGAGAACTG_003,98
GACAACTGCCCAGAGAACTG_004,70
GACAACTGCCCAGAGAACTG_005,183
GACAACTGCCCAGAGAACTG_006,27
GACAACTGCCCAGAGAACTG_007,96
GACAACTGCCCAGAGAACTG_008,78
GACAACTGCCCAGAGAACTG_009,94
GACAACTGCCCAGAGAACTG_010,130
GACAACTGCCCAGAGAACTG_011,94
GACAACTGCCCAGAGAACTG_012,15
GACAACTGCCCAGAGAACTG_013,108
GACAACTGCCCAGAGAACTG_014,72
GACAACTGCCCAGAGAACTG_015,58
GACAACTGCCCAGAGAACTG_016,80
GACAACTGCCCAGAGAACTG_017,56
GACAACTGCCCAGAGAACTG_018,1
GACAACTGCCCAGAGAACTG_019,113
GACAACTGCCCAGAGAACTG_020,107
GACAACTGCCCAGAGAACTG_021,94
GACAACTGCCCAGAGAACTG_022,12
GACAACTGCCCAGAGAACTG_023,175
GACAACTGCCCAGAGAACTG_024,31
GACAACTGCCCAGAGAACTG_025,2
GACAACTGCCCAGAGAACTG_026,28
GACAACTGCCCAGAGAACTG_027,11
GACAACTGCCCAGAGAACTG_028,36
GACAACTGCCCAGAGAACTG_029,152
GACAACTGCCCAGAGAACTG_030,162
GCAACCCAGAAAACAGACAC_001,65
GCAACCCAGAAAACAGACAC_002,149
GCAACCCAGAAAACAGACAC_003,62
GCAACCCAGAAAACAGACAC_004,141
GCAACCCAGAAAACAGACAC_005,127
GCAACCCAGAAAACAGACAC_006,82
GCAACCCAGAAAACAGACAC_007,17
GCAACCCAGAAAACAGACAC_008,124
GCAACCCAGAAAACAGACAC_009,169
GCAACCCAGAAAACAGACAC_010,2
GCAACCCAGAAAACAGACAC_011,138
GCAACCCAGAAAACAGACAC_012,168
GCAACCCAGAAAACAGACAC_013,113
GCAACCCAGAAAACAGACAC_014,103
GCAACCCAGAAAACAGACAC_015,99
GCAACCCAGAAAACAGACAC_016,23
GCAACCCAGAAAACAGACAC_017,125
GCAACCCAGAAAACAGACAC_018,118
GGCAGAAGGTCCTACCACGG_001,61
GGCAGAAGGTCCTACCACGG_002,194
GGCAGAAGGTCCTACCACGG_003,8
GGCAGAAGGTCCTACCACGG_004,40
GGCAGAAGGTCCTACCACGG_005,194
GGCAGAAGGTCCTACCACGG_006,61
GGCAGAAGGTCCTACCACGG_007,168
GGCAGAAGGTCCTACCACGG_008,40
AGCATTTGACCTCTTCGACG_001,144
AGCATTTGACCTCTTCGACG_002,137
AGCATTTGACCTCTTCGACG_003,197
AGCATTTGACCTCTTCGACG_004,51
AGCATTTGACCTCTTCGACG_005,12
AGCATTTGACCTCTTCGACG_006,144
AGCATTTGACCTCTTCGACG_007,71
TGTAGCGCACTCGGACGAAG_001,53
TGTAGCGCACTCGGACGAAG_002,126
TGTAGCGCACTCGGACGAAG_003,199
TGTAGCGCACTCGGACGAAG_004,99
TGTAGCGCACTCGGACGAAG_005,192
TGTAGCGCACTCGGACGAAG_006,156
TGTAGCGCACTCGGACGAAG_007,170
TGTAGCGCACTCGGACGAAG_008,192
TGTAGCGCACTCGGACGAAG_009,155
TGTAGCGCACTCGGACGAAG_010,13
TGTAGCGCACTCGGACGAAG_011,199
TGTAGCGCACTCGGACGAAG_012,102
TGTAGCGCACTCGGACGAAG_013,118
TGTAGCGCACTCGGACGAAG_014,119
TGTAGCGCACTCGGACGAAG_015,158
TGTAGCGCACTCGGACGAAG_016,157
TGTAGCGCACTCGGACGAAG_017,105
TGTAGCGCACTCGGACGAAG_018,28
TGTAGCGCACTCGGACGAAG_019,11
TGTAGCGCACTCGGACGAAG_020,193
TGTAGCGCACTCGGACGAAG_021,131
TGATCACGGAGTACCTAAGG_001,170
TGATCACGGAGTACCTAAGG_002,72
TGATCACGGAGTACCTAAGG_003,121
TGATCACGGAGTACCTAAGG_004,94
TGATCACGGAGTACCTAAGG_005,101
TGATCACGGAGTACCTAAGG_006,168
TGATCACGGAGTACCTAAGG_007,127
TGATCACGGAGTACCTAAGG_008,160
TGATCACGGAGTACCTAAGG_009,32
GCACCCGTGATGCAGGTCCG_001,113
GCACCCGTGATGCAGGTCCG_002,50
GCACCCGTGATGCAGGTCCG_003,84
GCACCCGTGATGCAGGTCCG_004,171
GCACCCGTGATGCAGGTCCG_005,182
GCACCCGTGATGCAGGTCCG_006,123
GCACCCGTGATGCAGGTCCG_007,163
GCACCCGTGATGCAGGTCCG_008,6
GCACCCGTGATGCAGGTCCG_009,191
GCACCCGTGATGCAGGTCCG_010,132
GCACCCGTGATGCAGGTCCG_011,184
GCACCCGTGATGCAGGTCCG_012,184
GCACCCGTGATGCAGGTCCG_013,144
GCACCCGTGATGCAGGTCCG_014,190
GCACCCGTGATGCAGGTCCG_015,139
GCACCCGTGATGCAGGTCCG_016,127
GCACCCGTGATGCAGGTCCG_017,170
GCACCCGTGATGCAGGTCCG_018,61
ACAGGACAAGAAAACCTGGC_001,149
ACAGGACAAGAAAACCTGGC_002,8
ACAGGACAAGAAAACCTGGC_003,94
ACAGGACAAGAAAACCTGGC_004,58
ACAGGACAAGAAAACCTGGC_005,48
ACAGGACAAGAAAACCTGGC_006,1
ACAGGACAAGAAAACCTGGC_007,190
ACAGGACAAGAAAACCTGGC_008,138
ACAGGACAAGAAAACCTGGC_009,158
ACAGGACAAGAAAACCTGGC_010,142
ACAGGACAAGAAAACCTGGC_011,81
ACAGGACAAGAAAACCTGGC_012,51
GATTCTGATAATTGACGAGG_001,42
GATTCTGATAATTGACGAGG_002,15
GATTCTGATAATTGACGAGG_003,127
GATTCTGATAATTGACGAGG_004,149
GATTCTGATAATTGACGAGG_005,166
TATTATCTACAGAATGAACT_001,173
ACCTGTGCTGGACCCACACG_001,17
ACCTGTGCTGGACCCACACG_002,50
ACCTGTGCTGGACCCACACG_003,188
ACCTGTGCTGGACCCACACG_004,171
ACCTGTGCTGGACCCACACG_005,53
ACCTGTGCTGGACCCACACG_006,192
ACCTGTGCTGGACCCACACG_007,162
ACCTGTGCTGGACCCACACG_008,52
ACCTGTGCTGGACCCACACG_009,170
ACCTGTGCTGGACCCACACG_010,76
ACCTGTGCTGGACCCACACG_011,130
ACCTGTGCTGGACCCACACG_012,135
ACCTGTGCTGGACCCACACG_013,5
ACCTGTGCTGGACCCACACG_014,60
CAGTTCACTAAGCTGACCCA_001,150
CAGTTCACTAAGCTGACCCA_002,15
CAGTTCACTAAGCTGACCCA_003,80
CAGTTCACTAAGCTGACCCA_004,80
CAGTTCACTAAGCTGACCCA_005,97
CAGTTCACTAAGCTGACCCA_006,178
CAGTTCACTAAGCTGACCCA_007,23
CAGTTCACTAAGCTGACCCA_008,83
CAGTTCACTAAGCTGACCCA_009,149
CAGTTCACTAAGCTGACCCA_010,58
CAGTTCACTAAGCTGACCCA_011,102
CAGTTCACTAAGCTGACCCA_012,35
CAGTTCACTAAGCTGACCCA_013,185
CCAGGCGAATATCCTCTGTG_001,193
GATCATCACCAATGCCCACG_001,172
GATCATCACCAATGCCCACG_002,94
GATCATCACCAATGCCCACG_003,127
GATCATCACCAATGCCCACG_004,113
GATCATCACCAATGCCCACG_005,146
GATCATCACCAATGCCCACG_006,31
GATCATCACCAATGCCCACG_007,192
GATCATCACCAATGCCCACG_008,35
GATCATCACCAATGCCCACG_009,40
GATCATCACCAATGCCCACG_010,81
GATCATCACCAATGCCCACG_011,184
GATCATCACCAATGCCCACG_012,174
GATCATCACCAATGCCCACG_013,191
GATCATCACCAATGCCCACG_014,189
GATCATCACCAATGCCCACG_015,41
GATCATCACCAATGCCCACG_016,76
GATCATCACCAATGCCCACG_017,41
GATCATCACCAATGCCCACG_018,82
GATCATCACCAATGCCCACG_019,118
GATCATCACCAATGCCCACG_020,127
GATCATCACCAATGCCCACG_021,142
GATCATCACCAATGCCCACG_022,75
TCATGTCTCTTCATAGTCAG_001,76
TCATGTCTCTTCATAGTCAG_002,153
TCATGTCTCTTCATAGTCAG_003,17
TCATGTCTCTTCATAGTCAG_004,118
TCATGTCTCTTCATAGTCAG_005,172
TCATGTCTCTTCATAGTCAG_006,29
TCATGTCTCTTCATAGTCAG_007,29
TCATGTCTCTTCATAGTCAG_008,22
TCATGTCTCTTCATAGTCAG_009,111
TCATGTCTCTTCATAGTCAG_010,1
AACCGTGTTAGTTAGATGCT_001,78
AACCGTGTTAGTTAGATGCT_002,48
AACCGTGTTAGTTAGATGCT_003,113
AACCGTGTTAGTTAGATGCT_004,157
AACCGTGTTAGTTAGATGCT_005,116
AACCGTGTTAGTTAGATGCT_006,15
AACCGTGTTAGTTAGATGCT_007,121
AACCGTGTTAGTTAGATGCT_008,62
AACCGTGTTAGTTAGATGCT_009,36
AACCGTGTTAGTTAGATGCT_010,127
AACCGTGTTAGTTAGATGCT_011,12
AACCGTGTTAGTTAGATGCT_012,104
AACCGTGTTAGTTAGATGCT_013,83
AACCGTGTTAGTTAGATGCT_014,13
AACCGTGTTAGTTAGATGCT_015,44
AACCGTGTTAGTTAGATGCT_016,13
AACCGTGTTAGTTAGATGCT_017,184
AACCGTGTTAGTTAGATGCT_018,184
AACCGTGTTAGTTAGATGCT_019,115
AACCGTGTTAGTTAGATGCT_020,127
AACCGTGTTAGTTAGATGCT_021,21
AACCGTGTTAGTTAGATGCT_022,49
AACCGTGTTAGTTAGATGCT_023,169
AACCGTGTTAGTTAGATGCT_024,89
AACCGTGTTAGTTAGATGCT_025,81
AACCGTGTTAGTTAGATGCT_026,185
AACCGTGTTAGTTAGATGCT_027,68
AACCGTGTTAGTTAGATGCT_028,119
AACCGTGTTAGTTAGATGCT_029,119
GAAGAACATCGAAGTTGACA_001,152
GAAGAACATCGAAGTTGACA_002,26
GAAGAACATCGAAGTTGACA_003,36
GAAGAACATCGAAGTTGACA_004,129
GAAGAACATCGAAGTTGACA_005,104
GAAGAACATCGAAGTTGACA_006,112
GAAGAACATCGAAGTTGACA_007,11
ATTCCAGCTAAAAGCCATAG_001,169
ATTCCAGCTAAAAGCCATAG_002,19
ATTCCAGCTAAAAGCCATAG_003,6
ATTCCAGCTAAAAGCCATAG_004,78
ATTCCAGCTAAAAGCCATAG_005,73
ATTCCAGCTAAAAGCCATAG_006,140
ATTCCAGCTAAAAGCCATAG_007,170
ATTCCAGCTAAAAGCCATAG_008,24
CCAGACCAAACACTCGCCCT_001,137
CCAGACCAAACACTCGCCCT_002,143
CCAGACCAAACACTCGCCCT_003,91
CCAGACCAAACACTCGCCCT_004,171
CCAGACCAAACACTCGCCCT_005,113
CCAGACCAAACACTCGCCCT_006,113
CCAGACCAAACACTCGCCCT_007,160
CCAGACCAAACACTCGCCCT_008,105
CCAGACCAAACACTCGCCCT_009,130
CCAGACCAAACACTCGCCCT_010,29
CCAGACCAAACACTCGCCCT_011,147
CCAGACCAAACACTCGCCCT_012,94
CCAGACCAAACACTCGCCCT_013,170
CCAGACCAAACACTCGCCCT_014,149
CCAGACCAAACACTCGCCCT_015,83
CATCCGGGTTCTTGTCCGGG_001,18
CATCCGGGTTCTTGTCCGGG_002,48
CCGCACGGAGCCAGTGCCCG_001,161
CCGCACGGAGCCAGTGCCCG_002,161
CCGCACGGAGCCAGTGCCCG_003,101
CCGCACGGAGCCAGTGCCCG_004,174
CCGCACGGAGCCAGTGCCCG_005,135
CCGCACGGAGCCAGTGCCCG_006,116
CCGCACGGAGCCAGTGCCCG_007,19
CCGCACGGAGCCAGTGCCCG_008,171
CCGCACGGAGCCAGTGCCCG_009,92
GAGGCGCGCACCTGTTCTCG_001,169
TTGGTGATCAATACAGCTGG_001,75
TTGGTGATCAATACAGCTGG_002,26
TTGGTGATCAATACAGCTGG_003,138
TTGGTGATCAATACAGCTGG_004,81
GATCGCCTCCATAGGAATCG_001,190
GATCGCCTCCATAGGAATCG_002,148
GATCGCCTCCATAGGAATCG_003,160
GATCGCCTCCATAGGAATCG_004,184
GATCGCCTCCATAGGAATCG_005,40
GATCGCCTCCATAGGAATCG_006,158
GATCGCCTCCATAGGAATCG_007,19
GATCGCCTCCATAGGAATCG_008,58
GATCGCCTCCATAGGAATCG_009,105
CCGGAGAGTATAATGGTCAG_001,127
CCGGAGAGTATAATGGTCAG_002,150
CCGGAGAGTATAATGGTCAG_003,177
CCGGAGAGTATAATGGTCAG_004,169
CCGGAGAGTATAATGGTCAG_005,28
CCGGAGAGTATAATGGTCAG_006,56
GAGTCCTGAGACACTGACAA_001,94
GAGTCCTGAGACACTGACAA_002,97
GAGTCCTGAGACACTGACAA_003,127
GAGTCCTGAGACACTGACAA_004,172
GAGTCCTGAGACACTGACAA_005,18
GAGTCCTGAGACACTGACAA_006,41
GAGTCCTGAGACACTGACAA_007,37
GAGTCCTGAGACACTGACAA_008,176
GAGTCCTGAGACACTGACAA_009,191
GAGTCCTGAGACACTGACAA_010,115
GAGTCCTGAGACACTGACAA_011,89
GAGTCCTGAGACACTGACAA_012,77
GAGTCCTGAGACACTGACAA_013,1
GAGTCCTGAGACACTGACAA_014,191
GAGTCCTGAGACACTGACAA_015,95
GAGTCCTGAGACACTGACAA_016,118
GAGTCCTGAGACACTGACAA_017,82
GAGTCCTGAGACACTGACAA_018,170
GAGTCCTGAGACACTGACAA_019,102
GAGTCCTGAGACACTGACAA_020,17
GAGTCCTGAGACACTGACAA_021,40
GAGTCCTGAGACACTGACAA_022,30
GAGTCCTGAGACACTGACAA_023,103
GAGTCCTGAGACACTGACAA_024,185
GAGTCCTGAGACACTGACAA_025,169
GAGTCCTGAGACACTGACAA_026,145
GAGTCCTGAGACACTGACAA_027,149
GAGTCCTGAGACACTGACAA_028,51
GAGTCCTGAGACACTGACAA_029,51
GAGTCCTGAGACACTGACAA_030,23
GAGTCCTGAGACACTGACAA_031,132
GAGTCCTGAGACACTGACAA_032,158
GAGTCCTGAGACACTGACAA_033,76
GAGTCCTGAGACACTGACAA_034,121
GAGTCCTGAGACACTGACAA_035,194
GAGTCCTGAGACACTGACAA_036,10
GAGTCCTGAGACACTGACAA_037,152
TAGTGAAGGCGGATAAGTAG_001,184
TAGTGAAGGCGGATAAGTAG_002,105
TAGTGAAGGCGGATAAGTAG_003,125
TAGTGAAGGCGGATAAGTAG_004,166
TAGTGAAGGCGGATAAGTAG_005,49
TAGTGAAGGCGGATAAGTAG_006,48
TAGTGAAGGCGGATAAGTAG_007,60
TAGTGAAGGCGGATAAGTAG_008,32
TAGTGAAGGCGGATAAGTAG_009,53
TAGTGAAGGCGGATAAGTAG_010,177
TAGTGAAGGCGGATAAGTAG_011,152
TAGTGAAGGCGGATAAGTAG_012,138
CCACATTCTTCGCATGAGAA_001,147
CCACATTCTTCGCATGAGAA_002,63
CCACATTCTTCGCATGAGAA_003,60
CCACATTCTTCGCATGAGAA_004,181
CCACATTCTTCGCATGAGAA_005,169
CCACATTCTTCGCATGAGAA_006,157
CCACATTCTTCGCATGAGAA_007,91
CCACATTCTTCGCATGAGAA_008,139
CCACATTCTTCGCATGAGAA_009,4
CCACATTCTTCGCATGAGAA_010,106
CCACATTCTTCGCATGAGAA_011,15
CCACATTCTTCGCATGAGAA_012,167
CCACATTCTTCGCATGAGAA_013,147
CCACATTCTTCGCATGAGAA_014,97
CCACATTCTTCGCATGAGAA_015,97
CCACATTCTTCGCATGAGAA_016,2
CCACATTCTTCGCATGAGAA_017,159
CCACATTCTTCGCATGAGAA_018,197
CCACATTCTTCGCATGAGAA_019,68
CCACATTCTTCGCATGAGAA_020,104
CCACATTCTTCGCATGAGAA_021,37
CCACATTCTTCGCATGAGAA_022,37
CCACATTCTTCGCATGAGAA_023,127
TCCTACCAGCCTCCATGTAG_001,154
TCCTACCAGCCTCCATGTAG_002,137
TCCTACCAGCCTCCATGTAG_003,102
TCCTACCAGCCTCCATGTAG_004,77
TCCTACCAGCCTCCATGTAG_005,118
ACCGTGGCCATCACTCATGA_001,134
ACCGTGGCCATCACTCATGA_002,158
ACCGTGGCCATCACTCATGA_003,169
ACCGTGGCCATCACTCATGA_004,197
ACCGTGGCCATCACTCATGA_005,89
ACCGTGGCCATCACTCATGA_006,68
ACCGTGGCCATCACTCATGA_007,170
ACCGTGGCCATCACTCATGA_008,2
ACCGTGGCCATCACTCATGA_009,77
ACCGTGGCCATCACTCATGA_010,48
ACCGTGGCCATCACTCATGA_011,177
ACCGTGGCCATCACTCATGA_012,81
CCACCAGCACAAACTGCCGA_001,63
CCACCAGCACAAACTGCCGA_002,4
CCACCAGCACAAACTGCCGA_003,22
CCACCAGCACAAACTGCCGA_004,141
CCACCAGCACAAACTGCCGA_005,105
CCACCAGCACAAACTGCCGA_006,11
CCACCAGCACAAACTGCCGA_007,34
CCACCAGCACAAACTGCCGA_008,113
CCACCAGCACAAACTGCCGA_009,90
ACCAGGCTCTTGGGACAACG_001,150
ACCAGGCTCTTGGGACAACG_002,4
ACCAGGCTCTTGGGACAACG_003,35
ACCAGGCTCTTGGGACAACG_004,69
ACCAGGCTCTTGGGACAACG_005,86
ACCAGGCTCTTGGGACAACG_006,23
ACCAGGCTCTTGGGACAACG_007,105
ACCAGGCTCTTGGGACAACG_008,46
GGAGGCCAGACAGCTTTCTG_001,78
GGAGGCCAGACAGCTTTCTG_002,67
GGAGGCCAGACAGCTTTCTG_003,30
GGAGGCCAGACAGCTTTCTG_004,17
GGAGGCCAGACAGCTTTCTG_005,61
GGAGGCCAGACAGCTTTCTG_006,114
GGAGGCCAGACAGCTTTCTG_007,185
GGAGGCCAGACAGCTTTCTG_008,62
GGAGGCCAGACAGCTTTCTG_009,66
GGAGGCCAGACAGCTTTCTG_010,136
GGAGGCCAGACAGCTTTCTG_011,88
GGAGGCCAGACAGCTTTCTG_012,177
GGAGGCCAGACAGCTTTCTG_013,198
GGAGGCCAGACAGCTTTCTG_014,13
GGAGGCCAGACAGCTTTCTG_015,130
GGAGGCCAGACAGCTTTCTG_016,154
GGAGGCCAGACAGCTTTCTG_017,61
GGAGGCCAGACAGCTTTCTG_018,58
GGAGGCCAGACAGCTTTCTG_019,94
GGAGGCCAGACAGCTTTCTG_020,115
GGAGGCCAGACAGCTTTCTG_021,15
GGAGGCCAGACAGCTTTCTG_022,170
GGAGGCCAGACAGCTTTCTG_023,178
GGAGGCCAGACAGCTTTCTG_024,178
GGAGGCCAGACAGCTTTCTG_025,124
CCAGCCCTATGAGTACCGAT_001,85
CCAGCCCTATGAGTACCGAT_002,102
CCAGCCCTATGAGTACCGAT_003,139
CCAGCCCTATGAGTACCGAT_004,2
CCAGCCCTATGAGTACCGAT_005,169
CCAGCCCTATGAGTACCGAT_006,185
CCAGCCCTATGAGTACCGAT_007,165
CCAGCCCTATGAGTACCGAT_008,174
CCAGCCCTATGAGTACCGAT_009,2
CCAGCCCTATGAGTACCGAT_010,62
CCAGCCCTATGAGTACCGAT_011,130
CCAGCCCTATGAGTACCGAT_012,32
CCAGCCCTATGAGTACCGAT_013,191
CCAGCCCTATGAGTACCGAT_014,118
CCAGCCCTATGAGTACCGAT_015,47
CCAGCCCTATGAGTACCGAT_016,104
CCAGCCCTATGAGTACCGAT_017,145
CAGGGCAAGACCATCAACCT_001,145
CAGGGCAAGACCATCAACCT_002,22
CAGGGCAAGACCATCAACCT_003,134
CAGGGCAAGACCATCAACCT_004,33
CAGGGCAAGACCATCAACCT_005,174
CAGGGCAAGACCATCAACCT_006,68
CAGGGCAAGACCATCAACCT_007,141
CAGGGCAAGACCATCAACCT_008,1
CAGGGCAAGACCATCAACCT_009,27
CAGGGCAAGACCATCAACCT_010,63
CAGGGCAAGACCATCAACCT_011,63
CAGGGCAAGACCATCAACCT_012,63
GGAGTTCGACATTTACCGCG_001,74
GGAGTTCGACATTTACCGCG_002,114
GGAGTTCGACATTTACCGCG_003,113
GGAGTTCGACATTTACCGCG_004,4
GGAGTTCGACATTTACCGCG_005,192
GGAGTTCGACATTTACCGCG_006,14
GGAGTTCGACATTTACCGCG_007,32
GGAGTTCGACATTTACCGCG_008,34
GGAGTTCGACATTTACCGCG_009,168
GGAGTTCGACATTTACCGCG_010,124
GGAGTTCGACATTTACCGCG_011,168
GGAGTTCGACATTTACCGCG_012,99
TGTGAACTACGTGACCGCGA_001,169
TGTGAACTACGTGACCGCGA_002,24
TGTGAACTACGTGACCGCGA_003,98
TGTGAACTACGTGACCGCGA_004,92
TGTGAACTACGTGACCGCGA_005,58
TGTGAACTACGTGACCGCGA_006,170
TGTGAACTACGTGACCGCGA_007,49
TGTGAACTACGTGACCGCGA_008,73
TGTGAACTACGTGACCGCGA_009,157
TGTGAACTACGTGACCGCGA_010,103
CTGCCGAAAATCCAGAGCAG_001,29
CTGCCGAAAATCCAGAGCAG_002,32
CTGCCGAAAATCCAGAGCAG_003,171
CTGCCGAAAATCCAGAGCAG_004,30
CTGCCGAAAATCCAGAGCAG_005,58
CTGCCGAAAATCCAGAGCAG_006,121
CTGCCGAAAATCCAGAGCAG_007,61
CTGCCGAAAATCCAGAGCAG_008,142
CTGCCGAAAATCCAGAGCAG_009,43
CTGCCGAAAATCCAGAGCAG_010,162
CTGCCGAAAATCCAGAGCAG_011,8
CTGCCGAAAATCCAGAGCAG_012,106
GACGATGTTTAGATACTGAA_001,125
GACGATGTTTAGATACTGAA_002,36
GACGATGTTTAGATACTGAA_003,6
GACGATGTTTAGATACTGAA_004,24
GACGATGTTTAGATACTGAA_005,125
GACGATGTTTAGATACTGAA_006,192
GACGATGTTTAGATACTGAA_007,117
GACGATGTTTAGATACTGAA_008,182
GACGATGTTTAGATACTGAA_009,185
GACGATGTTTAGATACTGAA_010,105
GACGATGTTTAGATACTGAA_011,150
ACGGGCCGATACCTTTGTAG_001,23
ACGGGCCGATACCTTTGTAG_002,23
ACGGGCCGATACCTTTGTAG_003,6
ATCAATGGTATATTACCAGG_001,145
TGTCGGAAGTGTCTCCAAGG_001,189
TGTCGGAAGTGTCTCCAAGG_002,88
TGTCGGAAGTGTCTCCAAGG_003,110
TGTCGGAAGTGTCTCCAAGG_004,124
TGTCGGAAGTGTCTCCAAGG_005,96
TGTCGGAAGTGTCTCCAAGG_006,149
TGTCGGAAGTGTCTCCAAGG_007,189
TGTCGGAAGTGTCTCCAAGG_008,12
TGTCGGAAGTGTCTCCAAGG_009,27
TGTCGGAAGTGTCTCCAAGG_010,102
AGCGTTAAACAATCTCATCG_001,24
AGCGTTAAACAATCTCATCG_002,128
AGCGTTAAACAATCTCATCG_003,74
AGCGTTAAACAATCTCATCG_004,185
AGCGTTAAACAATCTCATCG_005,53
AGCGTTAAACAATCTCATCG_006,61
AGCGTTAAACAATCTCATCG_007,61
AGCGTTAAACAATCTCATCG_008,96
AGCGTTAAACAATCTCATCG_009,9
AGCGTTAAACAATCTCATCG_010,136
AGCGTTAAACAATCTCATCG_011,116
TAACGTGGGTCGTAAGTGCG_001,71
TAACGTGGGTCGTAAGTGCG_002,178
TAACGTGGGTCGTAAGTGCG_003,161
TAACGTGGGTCGTAAGTGCG_004,6
CTTCGTGAAGCACTCCATGG_001,154
CTTCGTGAAGCACTCCATGG_002,121
CTTCGTGAAGCACTCCATGG_003,16
CTTCGTGAAGCACTCCATGG_004,75
CTTCGTGAAGCACTCCATGG_005,170
CTTCGTGAAGCACTCCATGG_006,36
CTTCGTGAAGCACTCCATGG_007,117
CTTCGTGAAGCACTCCATGG_008,141
CTTCGTGAAGCACTCCATGG_009,56
CTTCGTGAAGCACTCCATGG_010,27
CTTCGTGAAGCACTCCATGG_011,157
CTTCGTGAAGCACTCCATGG_012,172
CTTCGTGAAGCACTCCATGG_013,124
AATCTTCTTGAACCATGACT_001,121
AATCTTCTTGAACCATGACT_002,181
AATCTTCTTGAACCATGACT_003,71
AATCTTCTTGAACCATGACT_004,160
AATCTTCTTGAACCATGACT_005,81
AATCTTCTTGAACCATGACT_006,40
AATCTTCTTGAACCATGACT_007,58
AATCTTCTTGAACCATGACT_008,118
AATCTTCTTGAACCATGACT_009,105
AATCTTCTTGAACCATGACT_010,190
AATCTTCTTGAACCATGACT_011,4
AATCTTCTTGAACCATGACT_012,34
AATCTTCTTGAACCATGACT_013,94
AATCTTCTTGAACCATGACT_014,148
AATCTTCTTGAACCATGACT_015,82
AATCTTCTTGAACCATGACT_016,100
AATCTTCTTGAACCATGACT_017,96
GCCAGCGGGTCCAAAGCTCG_001,159
GCCAGCGGGTCCAAAGCTCG_002,72
GCCAGCGGGTCCAAAGCTCG_003,82
GCCAGCGGGTCCAAAGCTCG_004,150
GCCAGCGGGTCCAAAGCTCG_005,55
GCCAGCGGGTCCAAAGCTCG_006,145
GCCAGCGGGTCCAAAGCTCG_007,169
CAGGGCCAGCAACTACTCTG_001,185
CAGGGCCAGCAACTACTCTG_002,64
CAGGGCCAGCAACTACTCTG_003,199
CAGGGCCAGCAACTACTCTG_004,107
CAGGGCCAGCAACTACTCTG_005,191
CAGGGCCAGCAACTACTCTG_006,199
CAGGGCCAGCAACTACTCTG_007,107
CAGGGCCAGCAACTACTCTG_008,149
CAGGGCCAGCAACTACTCTG_009,127
CAGGGCCAGCAACTACTCTG_010,27
CAGGGCCAGCAACTACTCTG_011,110
CAGGGCCAGCAACTACTCTG_012,89
CAGGGCCAGCAACTACTCTG_013,144
CAGGGCCAGCAACTACTCTG_014,90
CAGGGCCAGCAACTACTCTG_015,158
CAGGGCCAGCAACTACTCTG_016,160
CAGGGCCAGCAACTACTCTG_017,65
CAGGGCCAGCAACTACTCTG_018,152
CAGGGCCAGCAACTACTCTG_019,188
CAGGGCCAGCAACTACTCTG_020,79
CAGGGCCAGCAACTACTCTG_021,77
CAGGGCCAGCAACTACTCTG_022,141
CAGGGCCAGCAACTACTCTG_023,92
CTGGATCGCACCTTGCAGCA_001,176
CTGGATCGCACCTTGCAGCA_002,82
CTGGATCGCACCTTGCAGCA_003,146
CTGGATCGCACCTTGCAGCA_004,35
CTGGATCGCACCTTGCAGCA_005,157
CTGGATCGCACCTTGCAGCA_006,151
CTGGATCGCACCTTGCAGCA_007,8
CTGGATCGCACCTTGCAGCA_008,67
CTGGATCGCACCTTGCAGCA_009,125
CTGGATCGCACCTTGCAGCA_010,108
CTGGATCGCACCTTGCAGCA_011,194
CTGGATCGCACCTTGCAGCA_012,38
CTGGATCGCACCTTGCAGCA_013,12
CTGGATCGCACCTTGCAGCA_014,14
CTGGATCGCACCTTGCAGCA_015,184
CTGGATCGCACCTTGCAGCA_016,42
CTGGATCGCACCTTGCAGCA_017,20
GCAGGAGACTCTGGTCCACG_001,132
GCAGGAGACTCTGGTCCACG_002,157
GCAGGAGACTCTGGTCCACG_003,40
GCAGGAGACTCTGGTCCACG_004,29
GCAGGAGACTCTGGTCCACG_005,65
GCAGGAGACTCTGGTCCACG_006,16
GCAGGAGACTCTGGTCCACG_007,92
GCAGGAGACTCTGGTCCACG_008,160
GCAGGAGACTCTGGTCCACG_009,165
GCAGGAGACTCTGGTCCACG_010,112
GCAGGAGACTCTGGTCCACG_011,194
GCAGGAGACTCTGGTCCACG_012,171
GCAGGAGACTCTGGTCCACG_013,166
GCAGGAGACTCTGGTCCACG_014,88
GCAGGAGACTCTGGTCCACG_015,68
GCAGGAGACTCTGGTCCACG_016,150
GTTATTGTACAGGTTCGAGT_001,76
GTTATTGTACAGGTTCGAGT_002,70
GTTATTGTACAGGTTCGAGT_003,60
GTTATTGTACAGGTTCGAGT_004,160
GTTATTGTACAGGTTCGAGT_005,63
GTTATTGTACAGGTTCGAGT_006,36
GTTATTGTACAGGTTCGAGT_007,126
GAGCCGCAGAAAGAGGACAA_001,151
GAGCCGCAGAAAGAGGACAA_002,108
GAGCCGCAGAAAGAGGACAA_003,97
GAGCCGCAGAAAGAGGACAA_004,155
GAGCCGCAGAAAGAGGACAA_005,140
GAGCCGCAGAAAGAGGACAA_006,199
GAGCCGCAGAAAGAGGACAA_007,145
GAGCCGCAGAAAGAGGACAA_008,22
GAGCCGCAGAAAGAGGACAA_009,150
GAGCCGCAGAAAGAGGACAA_010,82
GAGCCGCAGAAAGAGGACAA_011,98
GAGCCGCAGAAAGAGGACAA_012,58
GAGCCGCAGAAAGAGGACAA_013,138
GAGCCGCAGAAAGAGGACAA_014,40
GAGCCGCAGAAAGAGGACAA_015,180
GAGCCGCAGAAAGAGGACAA_016,123
GAGCCGCAGAAAGAGGACAA_017,40
TACCTCAAGCGCCTTCATGT_001,121
TACCTCAAGCGCCTTCATGT_002,103
TACCTCAAGCGCCTTCATGT_003,173
TACCTCAAGCGCCTTCATGT_004,15
TACCTCAAGCGCCTTCATGT_005,112
TACCTCAAGCGCCTTCATGT_006,36
TACCTCAAGCGCCTTCATGT_007,64
TACCTCAAGCGCCTTCATGT_008,155
TACCTCAAGCGCCTTCATGT_009,87
TACCTCAAGCGCCTTCATGT_010,160
TACCTCAAGCGCCTTCATGT_011,193
TACCTCAAGCGCCTTCATGT_012,2
TACCTCAAGCGCCTTCATGT_013,43
TACCTCAAGCGCCTTCATGT_014,95
TACCTCAAGCGCCTTCATGT_015,96
TACCTCAAGCGCCTTCATGT_016,119
TACCTCAAGCGCCTTCATGT_017,48
TACCTCAAGCGCCTTCATGT_018,17
TACCTCAAGCGCCTTCATGT_019,96
AAAGGATCCTGACACTCGCG_001,119
AAAGGATCCTGACACTCGCG_002,55
AAAGGATCCTGACACTCGCG_003,125
AAAGGATCCTGACACTCGCG_004,70
AAAGGATCCTGACACTCGCG_005,127
AAAGGATCCTGACACTCGCG_006,85
AAAGGATCCTGACACTCGCG_007,108
AAAGGATCCTGACACTCGCG_008,100
AAAGGATCCTGACACTCGCG_009,185
AAAGGATCCTGACACTCGCG_010,135
AAAGGATCCTGACACTCGCG_011,81
AGTACCTGTCCACCACACTC_001,118
AGTACCTGTCCACCACACTC_002,98
AGTACCTGTCCACCACACTC_003,91
AGTACCTGTCCACCACACTC_004,50
AGTACCTGTCCACCACACTC_005,164
AAAGAGAATTCGAGAATCCG_001,189
AAAGAGAATTCGAGAATCCG_002,19
AAAGAGAATTCGAGAATCCG_003,198
AAAGAGAATTCGAGAATCCG_004,158
AAAGAGAATTCGAGAATCCG_005,169
AAAGAGAATTCGAGAATCCG_006,41
AAAGAGAATTCGAGAATCCG_007,76
AAAGAGAATTCGAGAATCCG_008,52
AAAGAGAATTCGAGAATCCG_009,165
AAAGAGAATTCGAGAATCCG_010,132
AAAGAGAATTCGAGAATCCG_011,177
GAGGACGGCAAGGGCAGCAG_001,154
GAGGACGGCAAGGGCAGCAG_002,62
GAGGACGGCAAGGGCAGCAG_003,10
GAGGACGGCAAGGGCAGCAG_004,81
GAGGACGGCAAGGGCAGCAG_005,168
GAGGACGGCAAGGGCAGCAG_006,91
GGATGGTTCGAAGATCTGAG_001,130
GGATGGTTCGAAGATCTGAG_002,102
GGATGGTTCGAAGATCTGAG_003,53
GGATGGTTCGAAGATCTGAG_004,77
GGATGGTTCGAAGATCTGAG_005,5
GGGGTCAATAGTCAACGAGG_001,116
GGGGTCAATAGTCAACGAGG_002,175
GGGGTCAATAGTCAACGAGG_003,184
TCAGTCCATACTGTTTAGAG_001,199
TCAGTCCATACTGTTTAGAG_002,50
TCAGTCCATACTGTTTAGAG_003,139
GACACGGTGAGTCCCCAACG_001,117
GACACGGTGAGTCCCCAACG_002,147
GACACGGTGAGTCCCCAACG_003,188
GACACGGTGAGTCCCCAACG_004,55
GACACGGTGAGTCCCCAACG_005,29
GACACGGTGAGTCCCCAACG_006,4
TGCAGTGGAAACACGTCTTG_001,59
TGCAGTGGAAACACGTCTTG_002,157
TGCAGTGGAAACACGTCTTG_003,157
TGCAGTGGAAACACGTCTTG_004,184
TGCAGTGGAAACACGTCTTG_005,63
TGCAGTGGAAACACGTCTTG_006,127
TGCAGTGGAAACACGTCTTG_007,130
TGCAGTGGAAACACGTCTTG_008,184
TGCAGTGGAAACACGTCTTG_009,16
TGCAGTGGAAACACGTCTTG_010,132
TGCAGTGGAAACACGTCTTG_011,3
TGCAGTGGAAACACGTCTTG_012,81
TGCAGTGGAAACACGTCTTG_013,81
TGCAGTGGAAACACGTCTTG_014,1
TGCAGTGGAAACACGTCTTG_015,160
TGCAGTGGAAACACGTCTTG_016,45
TGCAGTGGAAACACGTCTTG_017,128
TGCAGTGGAAACACGTCTTG_018,125
TGCAGTGGAAACACGTCTTG_019,171
TGCAGTGGAAACACGTCTTG_020,195
TGCAGTGGAAACACGTCTTG_021,11
TGCAGTGGAAACACGTCTTG_022,121
ACGTGCTCGACGACTCCGAC_001,184
ACGTGCTCGACGACTCCGAC_002,68
ACGTGCTCGACGACTCCGAC_003,62
ACGTGCTCGACGACTCCGAC_004,127
ACGTGCTCGACGACTCCGAC_005,68
ACGTGCTCGACGACTCCGAC_006,153
ACGTGCTCGACGACTCCGAC_007,148
ACGTGCTCGACGACTCCGAC_008,184
ACGTGCTCGACGACTCCGAC_009,175
AGACCTGGTGCCCTATGACA_001,4
AGACCTGGTGCCCTATGACA_002,129
AGACCTGGTGCCCTATGACA_003,120
AGACCTGGTGCCCTATGACA_004,183
AGACCTGGTGCCCTATGACA_005,139
AGACCTGGTGCCCTATGACA_006,78
AGACCTGGTGCCCTATGACA_007,47
AGACCTGGTGCCCTATGACA_008,95
AGACCTGGTGCCCTATGACA_009,4
AGACCTGGTGCCCTATGACA_010,114
AGACCTGGTGCCCTATGACA_011,178
AGACCTGGTGCCCTATGACA_012,60
AGACCTGGTGCCCTATGACA_013,50
AGACCTGGTGCCCTATGACA_014,114
AGACCTGGTGCCCTATGACA_015,81
AGACCTGGTGCCCTATGACA_016,94
AGACCTGGTGCCCTATGACA_017,130
AGACCTGGTGCCCTATGACA_018,128
AGACCTGGTGCCCTATGACA_019,176
AGACCTGGTGCCCTATGACA_020,64
AGACCTGGTGCCCTATGACA_021,90
AGACCTGGTGCCCTATGACA_022,52
GGTGATCAATCCTTCAACAG_001,19
ATCCGTGTAAAACAGCGTGA_001,30
ATCCGTGTAAAACAGCGTGA_002,1
ATCCGTGTAAAACAGCGTGA_003,133
ATCCGTGTAAAACAGCGTGA_004,146
ATCCGTGTAAAACAGCGTGA_005,48
ATCCGTGTAAAACAGCGTGA_006,16
ATCCGTGTAAAACAGCGTGA_007,9
ATCCGTGTAAAACAGCGTGA_008,30
ATCCGTGTAAAACAGCGTGA_009,9
ATCCGTGTAAAACAGCGTGA_010,117
ATCCGTGTAAAACAGCGTGA_011,17
ATCCGTGTAAAACAGCGTGA_012,189
ATCCGTGTAAAACAGCGTGA_013,172
ATCCGTGTAAAACAGCGTGA_014,114
ATCCGTGTAAAACAGCGTGA_015,98
ATCCGTGTAAAACAGCGTGA_016,5
ATCCGTGTAAAACAGCGTGA_017,194
ATCCGTGTAAAACAGCGTGA_018,25
ATCCGTGTAAAACAGCGTGA_019,191
ATCCGTGTAAAACAGCGTGA_020,15
ATCCGTGTAAAACAGCGTGA_021,149
ATCCGTGTAAAACAGCGTGA_022,109
AGCAGCGGGGACCAAGCTGT_001,38
AGCAGCGGGGACCAAGCTGT_002,35
AGCAGCGGGGACCAAGCTGT_003,27
AGCAGCGGGGACCAAGCTGT_004,101
AGCAGCGGGGACCAAGCTGT_005,160
AGCAGCGGGGACCAAGCTGT_006,124
AGCAGCGGGGACCAAGCTGT_007,182
AGCAGCGGGGACCAAGCTGT_008,29
AGCAGCGGGGACCAAGCTGT_009,115
AGCAGCGGGGACCAAGCTGT_010,48
AGCAGCGGGGACCAAGCTGT_011,134
AGCAGCGGGGACCAAGCTGT_012,41
AGCAGCGGGGACCAAGCTGT_013,155
AGCAGCGGGGACCAAGCTGT_014,161
AGCAGCGGGGACCAAGCTGT_015,36
AGCAGCGGGGACCAAGCTGT_016,84
AGCAGCGGGGACCAAGCTGT_017,177
AGCAGCGGGGACCAAGCTGT_018,28
AGCAGCGGGGACCAAGCTGT_019,48
AGCAGCGGGGACCAAGCTGT_020,156
AGCAGCGGGGACCAAGCTGT_021,60
AGCAGCGGGGACCAAGCTGT_022,178
AGCAGCGGGGACCAAGCTGT_023,141
AGCAGCGGGGACCAAGCTGT_024,52
AGCAGCGGGGACCAAGCTGT_025,35
AGCAGCGGGGACCAAGCTGT_026,157
AGCAGCGGGGACCAAGCTGT_027,76
AGCAGCGGGGACCAAGCTGT_028,170
AGCAGCGGGGACCAAGCTGT_029,7
AGCAGCGGGGACCAAGCTGT_030,4
AGCAGCGGGGACCAAGCTGT_031,7
AGCAGCGGGGACCAAGCTGT_032,91
AGCAGCGGGGACCAAGCTGT_033,21
AGCAGCGGGGACCAAGCTGT_034,83
AGCAGCGGGGACCAAGCTGT_035,27
AGCAGCGGGGACCAAGCTGT_036,16
AGCAGCGGGGACCAAGCTGT_037,185
AGCAGCGGGGACCAAGCTGT_038,140
AGCAGCGGGGACCAAGCTGT_039,158
AGCAGCGGGGACCAAGCTGT_040,117
AGCAGCGGGGACCAAGCTGT_041,15
AGCAGCGGGGACCAAGCTGT_042,137
AGCAGCGGGGACCAAGCTGT_043,109
AGCAGCGGGGACCAAGCTGT_044,178
AGCAGCGGGGACCAAGCTGT_045,189
AGCAGCGGGGACCAAGCTGT_046,73
AGCAGCGGGGACCAAGCTGT_047,165
AGCAGCGGGGACCAAGCTGT_048,55
AGCAGCGGGGACCAAGCTGT_049,178
AGCAGCGGGGACCAAGCTGT_050,178
AGCAGCGGGGACCAAGCTGT_051,94
AGCAGCGGGGACCAAGCTGT_052,56
AGCAGCGGGGACCAAGCTGT_053,168
AGCAGCGGGGACCAAGCTGT_054,41
AGCAGCGGGGACCAAGCTGT_055,170
AGCAGCGGGGACCAAGCTGT_056,58
AGCAGCGGGGACCAAGCTGT_057,108
AGCAGCGGGGACCAAGCTGT_058,56
AGCAGCGGGGACCAAGCTGT_059,41
AGCAGCGGGGACCAAGCTGT_060,157
AGCAGCGGGGACCAAGCTGT_061,19
AGCAGCGGGGACCAAGCTGT_062,150
AGCAGCGGGGACCAAGCTGT_063,98
CTTTGATGCCACAATATCAT_001,193
CTTTGATGCCACAATATCAT_002,138
CTTTGATGCCACAATATCAT_003,7
CTTTGATGCCACAATATCAT_004,182
CGGAGCGTCAGGCTTCCACG_001,124
CGGAGCGTCAGGCTTCCACG_002,134
CGGAGCGTCAGGCTTCCACG_003,139
CGGAGCGTCAGGCTTCCACG_004,5
CGGAGCGTCAGGCTTCCACG_005,79
CGGAGCGTCAGGCTTCCACG_006,62
CGGAGCGTCAGGCTTCCACG_007,76
CGGAGCGTCAGGCTTCCACG_008,69
CGGAGCGTCAGGCTTCCACG_009,122
CGGAGCGTCAGGCTTCCACG_010,153
TTCGCTGGGAGAGTCATCCT_001,145
TTCGCTGGGAGAGTCATCCT_002,158
TTCGCTGGGAGAGTCATCCT_003,77
TTCGCTGGGAGAGTCATCCT_004,172
TTCGCTGGGAGAGTCATCCT_005,5
TTCGCTGGGAGAGTCATCCT_006,45
TTCGCTGGGAGAGTCATCCT_007,11
TTCGCTGGGAGAGTCATCCT_008,148
TTCGCTGGGAGAGTCATCCT_009,130
TTCGCTGGGAGAGTCATCCT_010,124
TTCGCTGGGAGAGTCATCCT_011,142
TTCGCTGGGAGAGTCATCCT_012,47
TTACTACCGCTACTTAGCAG_001,167
TTACTACCGCTACTTAGCAG_002,158
TTACTACCGCTACTTAGCAG_003,149
TTACTACCGCTACTTAGCAG_004,9
TTACTACCGCTACTTAGCAG_005,198
TCATGCACTCTGTCAAGCTG_001,176
TCATGCACTCTGTCAAGCTG_002,127
TCATGCACTCTGTCAAGCTG_003,36
TCATGCACTCTGTCAAGCTG_004,43
TCATGCACTCTGTCAAGCTG_005,146
TCATGCACTCTGTCAAGCTG_006,6
TCATGCACTCTGTCAAGCTG_007,169
TCATGCACTCTGTCAAGCTG_008,9
TCATGCACTCTGTCAAGCTG_009,54
TCATGCACTCTGTCAAGCTG_010,136
TATGGGAGACCTACCAGAGT_001,137
TATGGGAGACCTACCAGAGT_002,77
GGAAACTGCGAGTATTCTCA_001,177
GGAAACTGCGAGTATTCTCA_002,167
GGAAACTGCGAGTATTCTCA_003,47
GATGCCAATTCAGAATCTGA_001,31
GGGCGTGGATATCACATGGA_001,77
GGGCGTGGATATCACATGGA_002,175
TGGTGATAGAGGGGTCCGAG_001,154
TGGTGATAGAGGGGTCCGAG_002,12
TGGTGATAGAGGGGTCCGAG_003,115
TGGTGATAGAGGGGTCCGAG_004,169
TGGTGATAGAGGGGTCCGAG_005,144
TGGTGATAGAGGGGTCCGAG_006,146
TGGTGATAGAGGGGTCCGAG_007,168
TGGTGATAGAGGGGTCCGAG_008,45
TGGTGATAGAGGGGTCCGAG_009,14
TGGTGATAGAGGGGTCCGAG_010,154
TGGTGATAGAGGGGTCCGAG_011,60
TGGTGATAGAGGGGTCCGAG_012,115
TGGTGATAGAGGGGTCCGAG_013,91
TGGTGATAGAGGGGTCCGAG_014,31
TGGTGATAGAGGGGTCCGAG_015,140
TGGTGATAGAGGGGTCCGAG_016,8
TGGTGATAGAGGGGTCCGAG_017,138
TGGTGATAGAGGGGTCCGAG_018,62
TGGTGATAGAGGGGTCCGAG_019,126
GGGGTAAGTCACTACAACCA_001,101
AGATACTTCATCCCACCAGG_001,115
AGATACTTCATCCCACCAGG_002,136
GTTCATTGCAAATTACACAT_001,172
GTTCATTGCAAATTACACAT_002,5
GTTCATTGCAAATTACACAT_003,154
GTTCATTGCAAATTACACAT_004,118
GTTCATTGCAAATTACACAT_005,146
GTTCATTGCAAATTACACAT_006,16
GTTCATTGCAAATTACACAT_007,81
GTTCATTGCAAATTACACAT_008,195
GTTCATTGCAAATTACACAT_009,178
ATGTAAAATGCCAGCAACGT_001,17
ATGTAAAATGCCAGCAACGT_002,53
ATGTAAAATGCCAGCAACGT_003,112
ATGTAAAATGCCAGCAACGT_004,22
ATGTAAAATGCCAGCAACGT_005,154
ATGTAAAATGCCAGCAACGT_006,163
ATGTAAAATGCCAGCAACGT_007,9
ATGTAAAATGCCAGCAACGT_008,108
ATGTAAAATGCCAGCAACGT_009,121
ATGTAAAATGCCAGCAACGT_010,191
ATGTAAAATGCCAGCAACGT_011,64
ATGTAAAATGCCAGCAACGT_012,170
ATGTAAAATGCCAGCAACGT_013,121
GTGAAAGTGCAGACTCAACA_001,12
GTGAAAGTGCAGACTCAACA_002,101
GTGAAAGTGCAGACTCAACA_003,116
GTGAAAGTGCAGACTCAACA_004,63
GTGAAAGTGCAGACTCAACA_005,115
GTGAAAGTGCAGACTCAACA_006,24
GTGAAAGTGCAGACTCAACA_007,29
GTGAAAGTGCAGACTCAACA_008,94
GTGAAAGTGCAGACTCAACA_009,122
GTGAAAGTGCAGACTCAACA_010,41
GTGAAAGTGCAGACTCAACA_011,183
GTGAAAGTGCAGACTCAACA_012,19
GTGAAAGTGCAGACTCAACA_013,78
GTGAAAGTGCAGACTCAACA_014,134
GTGAAAGTGCAGACTCAACA_015,70
GTGAAAGTGCAGACTCAACA_016,127
GTGAAAGTGCAGACTCAACA_017,79
AACTTTGCCATCTATAAGGG_001,152
AACTTTGCCATCTATAAGGG_002,28
AACTTTGCCATCTATAAGGG_003,174
AACTTTGCCATCTATAAGGG_004,1
AACTTTGCCATCTATAAGGG_005,186
AGGGATCGTATGATATACGA_001,137
AGGGATCGTATGATATACGA_002,91
AGGGATCGTATGATATACGA_003,151
AGGGATCGTATGATATACGA_004,192
AGGGATCGTATGATATACGA_005,61
AGGGATCGTATGATATACGA_006,153
AGGGATCGTATGATATACGA_007,152
GCAGCCCACAGGCACACAGC_001,30
GCAGCCCACAGGCACACAGC_002,116
GCAGCCCACAGGCACACAGC_003,46
GCAGCCCACAGGCACACAGC_004,60
GCAGCCCACAGGCACACAGC_005,65
GCAGCCCACAGGCACACAGC_006,188
GCAGCCCACAGGCACACAGC_007,129
GCAGCCCACAGGCACACAGC_008,23
GCAGCCCACAGGCACACAGC_009,139
GCAGCCCACAGGCACACAGC_010,35
GCAGCCCACAGGCACACAGC_011,141
GCAGCCCACAGGCACACAGC_012,37
GCAGCCCACAGGCACACAGC_013,51
GCAGCCCACAGGCACACAGC_014,184
GCAGCCCACAGGCACACAGC_015,111
TGAGCACCATATGTTCTGCG_001,146
TGAGCACCATATGTTCTGCG_002,130
TGAGCACCATATGTTCTGCG_003,199
TGAGCACCATATGTTCTGCG_004,126
GCCCAGTGTCCACGTTCCAG_001,172
GCCCAGTGTCCACGTTCCAG_002,0
GCCCAGTGTCCACGTTCCAG_003,198
GCCCAGTGTCCACGTTCCAG_004,17
GCCCAGTGTCCACGTTCCAG_005,138
GCCCAGTGTCCACGTTCCAG_006,78
GCCCAGTGTCCACGTTCCAG_007,95
GCCCAGTGTCCACGTTCCAG_008,62
GCCCAGTGTCCACGTTCCAG_009,73
GCCCAGTGTCCACGTTCCAG_010,38
GCCCAGTGTCCACGTTCCAG_011,117
GCCCAGTGTCCACGTTCCAG_012,28
GCCCAGTGTCCACGTTCCAG_013,9
GCCCAGTGTCCACGTTCCAG_014,105
GCCCAGTGTCCACGTTCCAG_015,81
GCCCAGTGTCCACGTTCCAG_016,175
GCCCAGTGTCCACGTTCCAG_017,52
AGGTCGATGGATAACTCCAA_001,78
AGGTCGATGGATAACTCCAA_002,48
AGGTCGATGGATAACTCCAA_003,1
AGGTCGATGGATAACTCCAA_004,29
AGGTCGATGGATAACTCCAA_005,46
GACAACAGTGTAGCTTCACC_001,10
GACAACAGTGTAGCTTCACC_002,162
GACAACAGTGTAGCTTCACC_003,96
GACAACAGTGTAGCTTCACC_004,170
TGCTGCTCCTGCTGCCCTGT_001,40
TGCTGCTCCTGCTGCCCTGT_002,36
TGCTGCTCCTGCTGCCCTGT_003,149
TGCTGCTCCTGCTGCCCTGT_004,184
TGCTGCTCCTGCTGCCCTGT_005,197
TGCTGCTCCTGCTGCCCTGT_006,174
TGCTGCTCCTGCTGCCCTGT_007,110
GGGCCCCCGCCAATCCAGGA_001,46
GGGCCCCCGCCAATCCAGGA_002,45
GGGCCCCCGCCAATCCAGGA_003,148
GGGCCCCCGCCAATCCAGGA_004,16
GGGCCCCCGCCAATCCAGGA_005,192
GGGCCCCCGCCAATCCAGGA_006,147
GGGCCCCCGCCAATCCAGGA_007,179
GGGCCCCCGCCAATCCAGGA_008,62
GGGCCCCCGCCAATCCAGGA_009,63
GGGCCCCCGCCAATCCAGGA_010,33
GGGCCCCCGCCAATCCAGGA_011,183
GGGCCCCCGCCAATCCAGGA_012,162
GGGCCCCCGCCAATCCAGGA_013,105
GGGCCCCCGCCAATCCAGGA_014,112
GGGCCCCCGCCAATCCAGGA_015,5
GGGCCCCCGCCAATCCAGGA_016,103
GGGCCCCCGCCAATCCAGGA_017,49
GGGCCCCCGCCAATCCAGGA_018,8
GGGCCCCCGCCAATCCAGGA_019,54
GGGCCCCCGCCAATCCAGGA_020,149
GGGCCCCCGCCAATCCAGGA_021,92
GGGCCCCCGCCAATCCAGGA_022,29
GGGCCCCCGCCAATCCAGGA_023,117
GGGCCCCCGCCAATCCAGGA_024,22
GGGCCCCCGCCAATCCAGGA_025,145
GGGCCCCCGCCAATCCAGGA_026,80
GGGCCCCCGCCAATCCAGGA_027,66
GGGCCCCCGCCAATCCAGGA_028,40
GGGCCCCCGCCAATCCAGGA_029,33
GGGCCCCCGCCAATCCAGGA_030,196
GGGCCCCCGCCAATCCAGGA_031,33
GGGCCCCCGCCAATCCAGGA_032,63
GGGCCCCCGCCAATCCAGGA_033,30
GGGCCCCCGCCAATCCAGGA_034,108
CAGCTTTGGACGAATAAACT_001,95
CAGCTTTGGACGAATAAACT_002,128
CAGCTTTGGACGAATAAACT_003,90
TGAACACAAACGAGAAATTG_001,147
TGAACACAAACGAGAAATTG_002,139
TGAACACAAACGAGAAATTG_003,18
TGAACACAAACGAGAAATTG_004,88
TGAACACAAACGAGAAATTG_005,161
TGAACACAAACGAGAAATTG_006,101
TGAACACAAACGAGAAATTG_007,95
TGAACACAAACGAGAAATTG_008,191
TGAACACAAACGAGAAATTG_009,94
TGAACACAAACGAGAAATTG_010,192
TGAACACAAACGAGAAATTG_011,28
TGAACACAAACGAGAAATTG_012,197
TGAACACAAACGAGAAATTG_013,90
TAATGCCCGTTGGACCACAG_001,137
TAATGCCCGTTGGACCACAG_002,40
TAATGCCCGTTGGACCACAG_003,34
TAATGCCCGTTGGACCACAG_004,175
TAATGCCCGTTGGACCACAG_005,26
TAATGCCCGTTGGACCACAG_006,114
TAATGCCCGTTGGACCACAG_007,141
TAATGCCCGTTGGACCACAG_008,29
TAATGCCCGTTGGACCACAG_009,69
TAATGCCCGTTGGACCACAG_010,24
TAATGCCCGTTGGACCACAG_011,32
TAATGCCCGTTGGACCACAG_012,180
TAATGCCCGTTGGACCACAG_013,166
TAATGCCCGTTGGACCACAG_014,120
TAATGCCCGTTGGACCACAG_015,192
TAATGCCCGTTGGACCACAG_016,158
TAATGCCCGTTGGACCACAG_017,56
TAATGCCCGTTGGACCACAG_018,131
TAATGCCCGTTGGACCACAG_019,128
TAATGCCCGTTGGACCACAG_020,130
TAATGCCCGTTGGACCACAG_021,178
TAATGCCCGTTGGACCACAG_022,13
TAATGCCCGTTGGACCACAG_023,149
TAATGCCCGTTGGACCACAG_024,58
TAATGCCCGTTGGACCACAG_025,10
TAATGCCCGTTGGACCACAG_026,15
TAATGCCCGTTGGACCACAG_027,83
TAATGCCCGTTGGACCACAG_028,45
TAATGCCCGTTGGACCACAG_029,112
TAATGCCCGTTGGACCACAG_030,29
TAATGCCCGTTGGACCACAG_031,40
TGCTCACCTACTCCACTGAC_001,147
TGCTCACCTACTCCACTGAC_002,30
TGCTCACCTACTCCACTGAC_003,169
TGCTCACCTACTCCACTGAC_004,147
TGTGGAAAAGCGTTTAATCG_001,115
TGGAATTCGGACCAGATAGA_001,154
TGGAATTCGGACCAGATAGA_002,50
TGGAATTCGGACCAGATAGA_003,74
TGGAATTCGGACCAGATAGA_004,25
TGGAATTCGGACCAGATAGA_005,58
TGGAATTCGGACCAGATAGA_006,128
TGGAATTCGGACCAGATAGA_007,179
TGGAATTCGGACCAGATAGA_008,191
TGGAATTCGGACCAGATAGA_009,17
CTTATTACTCCAGTATAAGA_001,12
CTTATTACTCCAGTATAAGA_002,2
CTTATTACTCCAGTATAAGA_003,51
CAAGACGCAATATCACCTGG_001,17
CAAGACGCAATATCACCTGG_002,26
AAGAAGTAGTAATCCTTTGG_001,169
AAGAAGTAGTAATCCTTTGG_002,198
AAGAAGTAGTAATCCTTTGG_003,169
AAGAAGTAGTAATCCTTTGG_004,105
TTAGTCACATCCTCCCACAG_001,47
TTAGTCACATCCTCCCACAG_002,108
TGTAGGTACTCGGCCCCGAG_001,27
TGTAGGTACTCGGCCCCGAG_002,78
TGTAGGTACTCGGCCCCGAG_003,1
TGTAGGTACTCGGCCCCGAG_004,9
TGTAGGTACTCGGCCCCGAG_005,160
TGTAGGTACTCGGCCCCGAG_006,9
TGTAGGTACTCGGCCCCGAG_007,84
TGTAGGTACTCGGCCCCGAG_008,23
TGTAGGTACTCGGCCCCGAG_009,62
TGTAGGTACTCGGCCCCGAG_010,149
TGTAGGTACTCGGCCCCGAG_011,43
TGTAGGTACTCGGCCCCGAG_012,20
TGTAGGTACTCGGCCCCGAG_013,68
CAGCCAAGCAGAGAAACTGA_001,138
CAGCCAAGCAGAGAAACTGA_002,68
CAGCCAAGCAGAGAAACTGA_003,48
CAGCCAAGCAGAGAAACTGA_004,96
CAGCCAAGCAGAGAAACTGA_005,1
CAGCCAAGCAGAGAAACTGA_006,77
CAGCCAAGCAGAGAAACTGA_007,34
CAGCCAAGCAGAGAAACTGA_008,77
CAGCCAAGCAGAGAAACTGA_009,10
CAGCCAAGCAGAGAAACTGA_010,168
CAGCCAAGCAGAGAAACTGA_011,63
CAGCCAAGCAGAGAAACTGA_012,94
ATGAATCCATGAAACCAGGG_001,174
ATGAATCCATGAAACCAGGG_002,134
ATGAATCCATGAAACCAGGG_003,186
ATGAATCCATGAAACCAGGG_004,83
ATGAATCCATGAAACCAGGG_005,140
ATGAATCCATGAAACCAGGG_006,145
TAAGACTGCTGTGCAAACCT_001,41
TAAGACTGCTGTGCAAACCT_002,156
TAAGACTGCTGTGCAAACCT_003,118
TAAGACTGCTGTGCAAACCT_004,112
TAAGACTGCTGTGCAAACCT_005,160
TAAGACTGCTGTGCAAACCT_006,48
TAAGACTGCTGTGCAAACCT_007,55
TAAGACTGCTGTGCAAACCT_008,28
TAAGACTGCTGTGCAAACCT_009,185
TAAGACTGCTGTGCAAACCT_010,45
TAAGACTGCTGTGCAAACCT_011,127
TAAGACTGCTGTGCAAACCT_012,189
TAAGACTGCTGTGCAAACCT_013,32
GGATCATAGTTCCCAGCATG_001,27
TAGGCGATTTCAACTATGTG_001,4
TAGGCGATTTCAACTATGTG_002,17
TAGGCGATTTCAACTATGTG_003,62
TAGGCGATTTCAACTATGTG_004,67
TAGGCGATTTCAACTATGTG_005,86
TAGGCGATTTCAACTATGTG_006,45
TAGGCGATTTCAACTATGTG_007,28
TAGGCGATTTCAACTATGTG_008,72
TAGGCGATTTCAACTATGTG_009,34
TAGGCGATTTCAACTATGTG_010,52
TAGGCGATTTCAACTATGTG_011,145
GAAGAGGAACGTGGAATCTG_001,94
GAAGAGGAACGTGGAATCTG_002,138
GAAGAGGAACGTGGAATCTG_003,168
GAAGAGGAACGTGGAATCTG_004,171
GAAGAGGAACGTGGAATCTG_005,141
GAAGAGGAACGTGGAATCTG_006,103
GAAGAGGAACGTGGAATCTG_007,48
GAAGAGGAACGTGGAATCTG_008,91
GAAGAGGAACGTGGAATCTG_009,31
GAAGAGGAACGTGGAATCTG_010,155
GAAGAGGAACGTGGAATCTG_011,66
GAAGAGGAACGTGGAATCTG_012,192
GAAGAGGAACGTGGAATCTG_013,168
GAAGAGGAACGTGGAATCTG_014,165
GAAGAGGAACGTGGAATCTG_015,37
GAAGAGGAACGTGGAATCTG_016,21
GAAGAGGAACGTGGAATCTG_017,168
GAAGAGGAACGTGGAATCTG_018,198
GAAGAGGAACGTGGAATCTG_019,127
GAAGAGGAACGTGGAATCTG_020,74
GAAGAGGAACGTGGAATCTG_021,144
GAAGAGGAACGTGGAATCTG_022,145
GAAGAGGAACGTGGAATCTG_023,118
GAAGAGGAACGTGGAATCTG_024,28
GAAGAGGAACGTGGAATCTG_025,10
GAAGAGGAACGTGGAATCTG_026,52
GAAGAGGAACGTGGAATCTG_027,123
GAGACAACTACTTCCGAAGT_001,51
GAGACAACTACTTCCGAAGT_002,27
CTGCACTCCCTCTCACGGAA_001,57
CTGCACTCCCTCTCACGGAA_002,196
CTGCACTCCCTCTCACGGAA_003,182
CTGCACTCCCTCTCACGGAA_004,42
CTGCACTCCCTCTCACGGAA_005,198
CTGCACTCCCTCTCACGGAA_006,84
CTGCACTCCCTCTCACGGAA_007,27
CTGCACTCCCTCTCACGGAA_008,2
CTGCACTCCCTCTCACGGAA_009,181
CTGCACTCCCTCTCACGGAA_010,0
GCTGTTCAACTCCAATACGG_001,22
GCTGTTCAACTCCAATACGG_002,158
GCTGTTCAACTCCAATACGG_003,190
GCTGTTCAACTCCAATACGG_004,50
GCTGTTCAACTCCAATACGG_005,172
GCTGTTCAACTCCAATACGG_006,90
GCTGTTCAACTCCAATACGG_007,145
GCTGTTCAACTCCAATACGG_008,149
GCTGTTCAACTCCAATACGG_009,188
GCTGTTCAACTCCAATACGG_010,153
GTTACCAGCGCTATGGAGTC_001,39
GTTACCAGCGCTATGGAGTC_002,72
GTTACCAGCGCTATGGAGTC_003,188
GTTACCAGCGCTATGGAGTC_004,49
TATACCTACCAAATCGGCTG_001,105
TATACCTACCAAATCGGCTG_002,41
TATACCTACCAAATCGGCTG_003,119
TATACCTACCAAATCGGCTG_004,182
TATACCTACCAAATCGGCTG_005,155
TATACCTACCAAATCGGCTG_006,170
GGACAAAATAATGAAGGACC_001,134
GGACAAAATAATGAAGGACC_002,105
CCTTGGGTCACATCAAACGC_001,54
CCTTGGGTCACATCAAACGC_002,115
CCTTGGGTCACATCAAACGC_003,24
GTGAAAAAGGGTCTGCGACA_001,92
GTGAAAAAGGGTCTGCGACA_002,188
GTGAAAAAGGGTCTGCGACA_003,178
GTGAAAAAGGGTCTGCGACA_004,54
GTGAAAAAGGGTCTGCGACA_005,62
GTGAAAAAGGGTCTGCGACA_006,139
GTGAAAAAGGGTCTGCGACA_007,24
GTGAAAAAGGGTCTGCGACA_008,190
GTGAAAAAGGGTCTGCGACA_009,25
GTGAAAAAGGGTCTGCGACA_010,196
GTGAAAAAGGGTCTGCGACA_011,166
GTGAAAAAGGGTCTGCGACA_012,154
GTGAAAAAGGGTCTGCGACA_013,154
GTGAAAAAGGGTCTGCGACA_014,94
GAGCAAGCAAGACTTAGGAG_001,193
GAGCAAGCAAGACTTAGGAG_002,105
GAGCAAGCAAGACTTAGGAG_003,16
GAGCAAGCAAGACTTAGGAG_004,50
GAGCAAGCAAGACTTAGGAG_005,105
GAGCAAGCAAGACTTAGGAG_006,78
GAGCAAGCAAGACTTAGGAG_007,99
GAGCAAGCAAGACTTAGGAG_008,38
GAGCAAGCAAGACTTAGGAG_009,8
GAGCAAGCAAGACTTAGGAG_010,41
GAGCAAGCAAGACTTAGGAG_011,168
GAGCAAGCAAGACTTAGGAG_012,61
GAGCAAGCAAGACTTAGGAG_013,41
GAGCAAGCAAGACTTAGGAG_014,41
CACAGTCTTGCACAAATAGG_001,76
CACAGTCTTGCACAAATAGG_002,48
GCTAGTGTCGTGGGGGATGA_001,21
GCTAGTGTCGTGGGGGATGA_002,60
GCTAGTGTCGTGGGGGATGA_003,24
GCTAGTGTCGTGGGGGATGA_004,69
GCTAGTGTCGTGGGGGATGA_005,15
GCTAGTGTCGTGGGGGATGA_006,151
GCTAGTGTCGTGGGGGATGA_007,41
GCTAGTGTCGTGGGGGATGA_008,126
GCTAGTGTCGTGGGGGATGA_009,77
GCTAGTGTCGTGGGGGATGA_010,100
GCTAGTGTCGTGGGGGATGA_011,103
GCTAGTGTCGTGGGGGATGA_012,196
GCTAGTGTCGTGGGGGATGA_013,143
GCTAGTGTCGTGGGGGATGA_014,179
GCTAGTGTCGTGGGGGATGA_015,198
GCTAGTGTCGTGGGGGATGA_016,98
GCTAGTGTCGTGGGGGATGA_017,86
GCTAGTGTCGTGGGGGATGA_018,116
GCTAGTGTCGTGGGGGATGA_019,58
GCTAGTGTCGTGGGGGATGA_020,176
GCTAGTGTCGTGGGGGATGA_021,78
GCTAGTGTCGTGGGGGATGA_022,94
GCTAGTGTCGTGGGGGATGA_023,112
GCTAGTGTCGTGGGGGATGA_024,2
GCTAGTGTCGTGGGGGATGA_025,57
GCTAGTGTCGTGGGGGATGA_026,161
GCTAGTGTCGTGGGGGATGA_027,60
GCTAGTGTCGTGGGGGATGA_028,156
GCTAGTGTCGTGGGGGATGA_029,125
GCTAGTGTCGTGGGGGATGA_030,1
GCTAGTGTCGTGGGGGATGA_031,138
GCTAGTGTCGTGGGGGATGA_032,152
GCTAGTGTCGTGGGGGATGA_033,83
GCTAGTGTCGTGGGGGATGA_034,112
GCTAGTGTCGTGGGGGATGA_035,89
AGAGGTGAGCGAGAGCACGA_001,112
AGAGGTGAGCGAGAGCACGA_002,62
AGAGGTGAGCGAGAGCACGA_003,84
AGAGGTGAGCGAGAGCACGA_004,54
AGAGGTGAGCGAGAGCACGA_005,77
AGAGGTGAGCGAGAGCACGA_006,68
AGAGGTGAGCGAGAGCACGA_007,114
AGAGGTGAGCGAGAGCACGA_008,25
AGAGGTGAGCGAGAGCACGA_009,149
AGAGGTGAGCGAGAGCACGA_010,142
AGAGGTGAGCGAGAGCACGA_011,181
AGAGGTGAGCGAGAGCACGA_012,15
AGAGGTGAGCGAGAGCACGA_013,2
AGAGGTGAGCGAGAGCACGA_014,27
AGAGGTGAGCGAGAGCACGA_015,177
AGAGGTGAGCGAGAGCACGA_016,168
AGAGGTGAGCGAGAGCACGA_017,148
AGAGGTGAGCGAGAGCACGA_018,198
AGAGGTGAGCGAGAGCACGA_019,44
AGAGGTGAGCGAGAGCACGA_020,178
AGAGGTGAGCGAGAGCACGA_021,83
AGAGGTGAGCGAGAGCACGA_022,18
AGAGGTGAGCGAGAGCACGA_023,179
AGAGGTGAGCGAGAGCACGA_024,0
AGAGGTGAGCGAGAGCACGA_025,175
AGAGGTGAGCGAGAGCACGA_026,144
AGAGGTGAGCGAGAGCACGA_027,169
AGAGGTGAGCGAGAGCACGA_028,78
AGAGGTGAGCGAGAGCACGA_029,115
AGAGGTGAGCGAGAGCACGA_030,113
AGAGGTGAGCGAGAGCACGA_031,120
AGAGGTGAGCGAGAGCACGA_032,84
AGAGGTGAGCGAGAGCACGA_033,44
AGAGGTGAGCGAGAGCACGA_034,33
AGAGGTGAGCGAGAGCACGA_035,122
AGAGGTGAGCGAGAGCACGA_036,104
AGAGGTGAGCGAGAGCACGA_037,76
AGAGGTGAGCGAGAGCACGA_038,175
AGAGGTGAGCGAGAGCACGA_039,172
AGAGGTGAGCGAGAGCACGA_040,58
AGAGGTGAGCGAGAGCACGA_041,45
AGAGGTGAGCGAGAGCACGA_042,31
AGAGGTGAGCGAGAGCACGA_043,126
AGAGGTGAGCGAGAGCACGA_044,89
AGAGGTGAGCGAGAGCACGA_045,175
AGAGGTGAGCGAGAGCACGA_046,37
AGAGGTGAGCGAGAGCACGA_047,191
AGAGGTGAGCGAGAGCACGA_048,3
AGAGGTGAGCGAGAGCACGA_049,169
AGAGGTGAGCGAGAGCACGA_050,114
AGAGGTGAGCGAGAGCACGA_051,107
AGAGGTGAGCGAGAGCACGA_052,62
AGAGGTGAGCGAGAGCACGA_053,126
AGAGGTGAGCGAGAGCACGA_054,129
AGAGGTGAGCGAGAGCACGA_055,165
AGAGGTGAGCGAGAGCACGA_056,100
CCTCCCCCGCAGATCTTCGG_001,154
CCTCCCCCGCAGATCTTCGG_002,149
CCTCCCCCGCAGATCTTCGG_003,114
CCTCCCCCGCAGATCTTCGG_004,20
CCTCCCCCGCAGATCTTCGG_005,64
CCTCCCCCGCAGATCTTCGG_006,17
CCTCCCCCGCAGATCTTCGG_007,101
CCTCCCCCGCAGATCTTCGG_008,32
CCTCCCCCGCAGATCTTCGG_009,40
CCTCCCCCGCAGATCTTCGG_010,42
CCTCCCCCGCAGATCTTCGG_011,89
CCTCCCCCGCAGATCTTCGG_012,135
CCTCCCCCGCAGATCTTCGG_013,174
CCTCCCCCGCAGATCTTCGG_014,168
CCTCCCCCGCAGATCTTCGG_015,91
CCTCCCCCGCAGATCTTCGG_016,26
CCTCCCCCGCAGATCTTCGG_017,88
CCTCCCCCGCAGATCTTCGG_018,38
CCTCCCCCGCAGATCTTCGG_019,48
CCTCCCCCGCAGATCTTCGG_020,50
CCTCCCCCGCAGATCTTCGG_021,119
CCTCCCCCGCAGATCTTCGG_022,197
CCTCCCCCGCAGATCTTCGG_023,127
CCTCCCCCGCAGATCTTCGG_024,51
CCTCCCCCGCAGATCTTCGG_025,80
CCTCCCCCGCAGATCTTCGG_026,2
CCTCCCCCGCAGATCTTCGG_027,177
CCTCCCCCGCAGATCTTCGG_028,27
CCTCCCCCGCAGATCTTCGG_029,188
CCTCCCCCGCAGATCTTCGG_030,136
CCTCCCCCGCAGATCTTCGG_031,115
CCTCCCCCGCAGATCTTCGG_032,193
CCTCCCCCGCAGATCTTCGG_033,29
TCCGCGAGGACATCACGTGG_001,149
TCCGCGAGGACATCACGTGG_002,138
TCCGCGAGGACATCACGTGG_003,29
TCCGCGAGGACATCACGTGG_004,47
TCCGCGAGGACATCACGTGG_005,37
TCCGCGAGGACATCACGTGG_006,33
TCCGCGAGGACATCACGTGG_007,198
TCCGCGAGGACATCACGTGG_008,172
TCCGCGAGGACATCACGTGG_009,58
TCCGCGAGGACATCACGTGG_010,193
TCCGCGAGGACATCACGTGG_011,60
TCCGCGAGGACATCACGTGG_012,144
CACCAGGGATGGCAAGCCCT_001,42
CACCAGGGATGGCAAGCCCT_002,96
CACCAGGGATGGCAAGCCCT_003,130
CACCAGGGATGGCAAGCCCT_004,4
CACCAGGGATGGCAAGCCCT_005,68
CACCAGGGATGGCAAGCCCT_006,98
CACCAGGGATGGCAAGCCCT_007,18
CACCAGGGATGGCAAGCCCT_008,12
CACCAGGGATGGCAAGCCCT_009,151
CACCAGGGATGGCAAGCCCT_010,115
CACCAGGGATGGCAAGCCCT_011,130
CACCAGGGATGGCAAGCCCT_012,189
CACCAGGGATGGCAAGCCCT_013,98
CACCAGGGATGGCAAGCCCT_014,76
CACCAGGGATGGCAAGCCCT_015,132
CACCAGGGATGGCAAGCCCT_016,63
CACCAGGGATGGCAAGCCCT_017,10
CACCAGGGATGGCAAGCCCT_018,176
CACCAGGGATGGCAAGCCCT_019,145
CACCAGGGATGGCAAGCCCT_020,82
GACGACGCGCGTCAGCCGCG_001,105
GACGACGCGCGTCAGCCGCG_002,166
GACGACGCGCGTCAGCCGCG_003,153
GACGACGCGCGTCAGCCGCG_004,45
GGAGCAAGGAATAACCGAGA_001,62
GGAGCAAGGAATAACCGAGA_002,144
GGAGCAAGGAATAACCGAGA_003,80
GGAGCAAGGAATAACCGAGA_004,45
GGAGCAAGGAATAACCGAGA_005,67
GGAGCAAGGAATAACCGAGA_006,45
GGAGCAAGGAATAACCGAGA_007,160
GGAGCAAGGAATAACCGAGA_008,28
GGAGCAAGGAATAACCGAGA_009,162
AAGGTCCGCGGGTCAAACTG_001,184
AAGGTCCGCGGGTCAAACTG_002,115
AAGGTCCGCGGGTCAAACTG_003,50
AAGGTCCGCGGGTCAAACTG_004,113
AAGGTCCGCGGGTCAAACTG_005,37
AAGGTCCGCGGGTCAAACTG_006,19
AAGGTCCGCGGGTCAAACTG_007,1
AAGGTCCGCGGGTCAAACTG_008,127
AAGGTCCGCGGGTCAAACTG_009,2
AAGGTCCGCGGGTCAAACTG_010,68
AAGGTCCGCGGGTCAAACTG_011,28
AAGGTCCGCGGGTCAAACTG_012,168
AAGGTCCGCGGGTCAAACTG_013,160
CCTGCAGTACCATGTCACTC_001,44
CCTGCAGTACCATGTCACTC_002,73
CCTGCAGTACCATGTCACTC_003,110
GGAACAAGTTCAGTGAACTG_001,156
GGAACAAGTTCAGTGAACTG_002,175
GGAACAAGTTCAGTGAACTG_003,23
GGAACAAGTTCAGTGAACTG_004,55
GGAACAAGTTCAGTGAACTG_005,19
GGAACAAGTTCAGTGAACTG_006,52
GGAACAAGTTCAGTGAACTG_007,48
GGAACAAGTTCAGTGAACTG_008,122
GGAACAAGTTCAGTGAACTG_009,13
GGAACAAGTTCAGTGAACTG_010,107
GGAACAAGTTCAGTGAACTG_011,77
GGAACAAGTTCAGTGAACTG_012,49
GGAACAAGTTCAGTGAACTG_013,78
GGAACAAGTTCAGTGAACTG_014,169
GGAACAAGTTCAGTGAACTG_015,151
GGAACAAGTTCAGTGAACTG_016,48
GGAACAAGTTCAGTGAACTG_017,21
GGAACAAGTTCAGTGAACTG_018,140
GGAACAAGTTCAGTGAACTG_019,91
GGAACAAGTTCAGTGAACTG_020,78
GGAACAAGTTCAGTGAACTG_021,144
TGGACACCATTATCGTCGTG_001,77
TGGACACCATTATCGTCGTG_002,49
AACGGGCACATGATACCCAT_001,1
AACGGGCACATGATACCCAT_002,94
AACGGGCACATGATACCCAT_003,169
AACGGGCACATGATACCCAT_004,87
GTGGAACAGCCTGGGCACGT_001,69
GTGGAACAGCCTGGGCACGT_002,134
GTGGAACAGCCTGGGCACGT_003,38
GTGGAACAGCCTGGGCACGT_004,156
GTGGAACAGCCTGGGCACGT_005,98
GTGGAACAGCCTGGGCACGT_006,174
GTGGAACAGCCTGGGCACGT_007,129
GTGGAACAGCCTGGGCACGT_008,146
GTGGAACAGCCTGGGCACGT_009,12
GTGGAACAGCCTGGGCACGT_010,22
CACAACAAGAACTGTAGTTT_001,184
CACAACAAGAACTGTAGTTT_002,19
CACAACAAGAACTGTAGTTT_003,42
CACAACAAGAACTGTAGTTT_004,82
CACAACAAGAACTGTAGTTT_005,105
CACAACAAGAACTGTAGTTT_006,81
GTCCTCGAACTACAATGGGG_001,102
GTCCTCGAACTACAATGGGG_002,10
GTCCTCGAACTACAATGGGG_003,169
GTCCTCGAACTACAATGGGG_004,76
GTCCTCGAACTACAATGGGG_005,40
GTCCTCGAACTACAATGGGG_006,72
GTCCTCGAACTACAATGGGG_007,48
GTCCTCGAACTACAATGGGG_008,50
GTCCTCGAACTACAATGGGG_009,8
GTCCTCGAACTACAATGGGG_010,185
GTCCTCGAACTACAATGGGG_011,78
GCTCGTTGCACACAAAGTAC_001,175
GGCAGCATAGGCGAAGCGGT_001,60
GGCAGCATAGGCGAAGCGGT_002,154
GGCAGCATAGGCGAAGCGGT_003,50
GGCAGCATAGGCGAAGCGGT_004,100
GGCAGCATAGGCGAAGCGGT_005,178
GGCAGCATAGGCGAAGCGGT_006,16
GGCAGCATAGGCGAAGCGGT_007,12
GGCAGCATAGGCGAAGCGGT_008,59
ATGATGGCCAAATATCGGAG_001,103
ATGATGGCCAAATATCGGAG_002,177
GGGATGGCAGAGTTTCGACG_001,52
GGGATGGCAGAGTTTCGACG_002,184
GGGATGGCAGAGTTTCGACG_003,141
GGGATGGCAGAGTTTCGACG_004,83
GGGATGGCAGAGTTTCGACG_005,182
GGGATGGCAGAGTTTCGACG_006,60
GGGATGGCAGAGTTTCGACG_007,124
GGGATGGCAGAGTTTCGACG_008,3
GGGATGGCAGAGTTTCGACG_009,141
GGGATGGCAGAGTTTCGACG_010,39
GGGATGGCAGAGTTTCGACG_011,128
GGGATGGCAGAGTTTCGACG_012,92
CGGATCGACCCCCTTTGTAG_001,105
CGGATCGACCCCCTTTGTAG_002,198
CGGATCGACCCCCTTTGTAG_003,72
TGGTCAAGTTCACCATGAGA_001,90
TGGTCAAGTTCACCATGAGA_002,28
TGGTCAAGTTCACCATGAGA_003,82
TGGTCAAGTTCACCATGAGA_004,103
TGGTCAAGTTCACCATGAGA_005,37
ACACCGGGAATCCAACACAG_001,90
ACACCGGGAATCCAACACAG_002,150
ACACCGGGAATCCAACACAG_003,15
ACACCGGGAATCCAACACAG_004,154
ACACCGGGAATCCAACACAG_005,34
ACACCGGGAATCCAACACAG_006,105
ACACCGGGAATCCAACACAG_007,75
ACACCGGGAATCCAACACAG_008,6
ACACCGGGAATCCAACACAG_009,97
ACACCGGGAATCCAACACAG_010,97
ACACCGGGAATCCAACACAG_011,175
ACACCGGGAATCCAACACAG_012,144
ACACCGGGAATCCAACACAG_013,5
ACACCGGGAATCCAACACAG_014,170
ACACCGGGAATCCAACACAG_015,191
ACACCGGGAATCCAACACAG_016,117
ACACCGGGAATCCAACACAG_017,194
ACACCGGGAATCCAACACAG_018,166
ACACCGGGAATCCAACACAG_019,63
ACACCGGGAATCCAACACAG_020,102
ACACCGGGAATCCAACACAG_021,106
ACACCGGGAATCCAACACAG_022,96
GCTGATTGGACGAGCCGGAG_001,65
GCTGATTGGACGAGCCGGAG_002,176
GCTGATTGGACGAGCCGGAG_003,170
GCTGATTGGACGAGCCGGAG_004,49
GCTGATTGGACGAGCCGGAG_005,50
GCTGATTGGACGAGCCGGAG_006,186
GCTGATTGGACGAGCCGGAG_007,7
GCTGATTGGACGAGCCGGAG_008,42
GCTGATTGGACGAGCCGGAG_009,49
GCTGATTGGACGAGCCGGAG_010,178
GCTGATTGGACGAGCCGGAG_011,178
GCTGATTGGACGAGCCGGAG_012,53
GCTGATTGGACGAGCCGGAG_013,114
GCTGATTGGACGAGCCGGAG_014,0
GCTGATTGGACGAGCCGGAG_015,52
GCTGATTGGACGAGCCGGAG_016,20
GCTGATTGGACGAGCCGGAG_017,144
GCTGATTGGACGAGCCGGAG_018,9
GGGACGTTCGGTCTTGCACG_001,112
GGGACGTTCGGTCTTGCACG_002,53
GGGACGTTCGGTCTTGCACG_003,167
GGATGTGCAGGTATACGACG_001,115
GGATGTGCAGGTATACGACG_002,182
GGATGTGCAGGTATACGACG_003,177
GGATGTGCAGGTATACGACG_004,25
GCCAGCGATTTACCTTCATA_001,94
GCCAGCGATTTACCTTCATA_002,182
GCCAGCGATTTACCTTCATA_003,0
GCCAGCGATTTACCTTCATA_004,196
GCCAGCGATTTACCTTCATA_005,159
GCCAGCGATTTACCTTCATA_006,58
GCCAGCGATTTACCTTCATA_007,49
GCCAGCGATTTACCTTCATA_008,134
GCCAGCGATTTACCTTCATA_009,161
GCCAGCGATTTACCTTCATA_010,100
GCCAGCGATTTACCTTCATA_011,72
GCCAGCGATTTACCTTCATA_012,121
GCCAGCGATTTACCTTCATA_013,19
GCCAGCGATTTACCTTCATA_014,77
GCCAGCGATTTACCTTCATA_015,61
GCCAGCGATTTACCTTCATA_016,155
GCCAGCGATTTACCTTCATA_017,152
AGTTGGAGCTCTGCGCGAAG_001,105
AGTTGGAGCTCTGCGCGAAG_002,127
AGTTGGAGCTCTGCGCGAAG_003,93
AGTTGGAGCTCTGCGCGAAG_004,18
AGTTGGAGCTCTGCGCGAAG_005,13
AGTTGGAGCTCTGCGCGAAG_006,108
AGTTGGAGCTCTGCGCGAAG_007,93
AGTTGGAGCTCTGCGCGAAG_008,179
AGTTGGAGCTCTGCGCGAAG_009,132
AGTTGGAGCTCTGCGCGAAG_010,29
AGTTGGAGCTCTGCGCGAAG_011,145
AGTTGGAGCTCTGCGCGAAG_012,127
AGTTGGAGCTCTGCGCGAAG_013,57
AGTTGGAGCTCTGCGCGAAG_014,35
AGTTGGAGCTCTGCGCGAAG_015,116
CAATGCTCTGGTGTTCTACG_001,145
CAATGCTCTGGTGTTCTACG_002,188
CAATGCTCTGGTGTTCTACG_003,103
CAATGCTCTGGTGTTCTACG_004,8
CAATGCTCTGGTGTTCTACG_005,78
CAATGCTCTGGTGTTCTACG_006,169
CAATGCTCTGGTGTTCTACG_007,28
GTTCTCCGTAAAACATCGCA_001,58
GTTCTCCGTAAAACATCGCA_002,129
GTTCTCCGTAAAACATCGCA_003,198
GTTCTCCGTAAAACATCGCA_004,38
GTTCTCCGTAAAACATCGCA_005,188
GTTCTCCGTAAAACATCGCA_006,146
GTTCTCCGTAAAACATCGCA_007,10
GTTCTCCGTAAAACATCGCA_008,68
AAGGTCTGATGTGTTAACCA_001,150
AAGGTCTGATGTGTTAACCA_002,81
AAGGTCTGATGTGTTAACCA_003,169
AAGGTCTGATGTGTTAACCA_004,169
AAGGTCTGATGTGTTAACCA_005,50
AAGGTCTGATGTGTTAACCA_006,19
ACTGCTGCTTATCAACAACG_001,137
ACTGCTGCTTATCAACAACG_002,16
ACTGCTGCTTATCAACAACG_003,85
ACTGCTGCTTATCAACAACG_004,82
ACTGCTGCTTATCAACAACG_005,68
ACTGCTGCTTATCAACAACG_006,40
ACTGCTGCTTATCAACAACG_007,141
ACTGCTGCTTATCAACAACG_008,94
ACTGCTGCTTATCAACAACG_009,152
ACTGCTGCTTATCAACAACG_010,56
ACTGCTGCTTATCAACAACG_011,41
ACTGCTGCTTATCAACAACG_012,191
ACTGCTGCTTATCAACAACG_013,199
ACTGCTGCTTATCAACAACG_014,28
ACTGCTGCTTATCAACAACG_015,105
ACTGCTGCTTATCAACAACG_016,152
ACTGCTGCTTATCAACAACG_017,118
ACTGCTGCTTATCAACAACG_018,181
ACTGCTGCTTATCAACAACG_019,148
TGCCCCTGAGTGATCCAACG_001,147
TGCCCCTGAGTGATCCAACG_002,192
TGCCCCTGAGTGATCCAACG_003,170
GACACACAAAACTTACAGAG_001,177
GACACACAAAACTTACAGAG_002,1
GACACACAAAACTTACAGAG_003,57
GACACACAAAACTTACAGAG_004,29
ACCAACGATGTCAGAGACAT_001,196
ACCAACGATGTCAGAGACAT_002,130
ACCAACGATGTCAGAGACAT_003,178
ACCAACGATGTCAGAGACAT_004,107
TTGAAGTTCACGGCACACAC_001,9
TTGAAGTTCACGGCACACAC_002,56
TTGAAGTTCACGGCACACAC_003,8
TTGAAGTTCACGGCACACAC_004,174
TTGAAGTTCACGGCACACAC_005,9
TTGAAGTTCACGGCACACAC_006,197
TTGAAGTTCACGGCACACAC_007,187
TTGAAGTTCACGGCACACAC_008,53
TTGAAGTTCACGGCACACAC_009,115
TTGAAGTTCACGGCACACAC_010,74
TTGAAGTTCACGGCACACAC_011,2
TTGAAGTTCACGGCACACAC_012,48
TTGAAGTTCACGGCACACAC_013,88
TTGAAGTTCACGGCACACAC_014,123
TTGAAGTTCACGGCACACAC_015,139
TTGAAGTTCACGGCACACAC_016,100
ATCTGTTCCCGACATGCAGG_001,74
ATCTGTTCCCGACATGCAGG_002,156
ATCTGTTCCCGACATGCAGG_003,74
ATCTGTTCCCGACATGCAGG_004,94
ATCTGTTCCCGACATGCAGG_005,137
ATCTGTTCCCGACATGCAGG_006,178
ATCTGTTCCCGACATGCAGG_007,78
ATCTGTTCCCGACATGCAGG_008,199
ATCTGTTCCCGACATGCAGG_009,42
ATCTGTTCCCGACATGCAGG_010,106
TTGGTGGCGTAACAATAATG_001,4
CAAATACTATGCAGATGGGG_001,9
CAAATACTATGCAGATGGGG_002,121
CAAATACTATGCAGATGGGG_003,25
CAAATACTATGCAGATGGGG_004,113
CAAATACTATGCAGATGGGG_005,170
CAAATACTATGCAGATGGGG_006,198
CAAATACTATGCAGATGGGG_007,106
CAAATACTATGCAGATGGGG_008,6
CCCACTAATGTGGCGCAGGG_001,1
CCCACTAATGTGGCGCAGGG_002,170
CCCACTAATGTGGCGCAGGG_003,77
CCCACTAATGTGGCGCAGGG_004,8
CCCACTAATGTGGCGCAGGG_005,94
GCAGAGATGGAACTCTGTGG_001,169
GCAGAGATGGAACTCTGTGG_002,64
TTGCTATAGCTGGTCTACGT_001,175
TTGCTATAGCTGGTCTACGT_002,105
TTGCTATAGCTGGTCTACGT_003,36
TTGCTATAGCTGGTCTACGT_004,48
TTGCTATAGCTGGTCTACGT_005,98
TTGCTATAGCTGGTCTACGT_006,81
TTGCTATAGCTGGTCTACGT_007,35
CAGACTCGGGTCCTGGACCC_001,41
CAGACTCGGGTCCTGGACCC_002,56
CAGACTCGGGTCCTGGACCC_003,35
CAGACTCGGGTCCTGGACCC_004,142
CTGGACTGGCCTTCATCGTG_001,141
CTGGACTGGCCTTCATCGTG_002,17
CTGGACTGGCCTTCATCGTG_003,177
CTGGACTGGCCTTCATCGTG_004,182
CTGGACTGGCCTTCATCGTG_005,191
CTGGACTGGCCTTCATCGTG_006,19
CTGGACTGGCCTTCATCGTG_007,2
CTGGACTGGCCTTCATCGTG_008,127
CTGGACTGGCCTTCATCGTG_009,13
CTGGACTGGCCTTCATCGTG_010,65
CTGGACTGGCCTTCATCGTG_011,121
CTGGACTGGCCTTCATCGTG_012,121
CTGGACTGGCCTTCATCGTG_013,1
GAAGGCGCGGAGGATAAGCA_001,198
GAAGGCGCGGAGGATAAGCA_002,57
GAAGGCGCGGAGGATAAGCA_003,96
GAAGGCGCGGAGGATAAGCA_004,81
GAAGGCGCGGAGGATAAGCA_005,82
GAAGGCGCGGAGGATAAGCA_006,144
GAAGGCGCGGAGGATAAGCA_007,98
GAAGGCGCGGAGGATAAGCA_008,43
GAAGGCGCGGAGGATAAGCA_009,75
GAAGGCGCGGAGGATAAGCA_010,149
GAAGGCGCGGAGGATAAGCA_011,187
GAAGGCGCGGAGGATAAGCA_012,98
GAAGGCGCGGAGGATAAGCA_013,40
GAAGGCGCGGAGGATAAGCA_014,169
GAAGGCGCGGAGGATAAGCA_015,2
GAAGGCGCGGAGGATAAGCA_016,60
GAAGGCGCGGAGGATAAGCA_017,17
GAAGGCGCGGAGGATAAGCA_018,62
GAAGGCGCGGAGGATAAGCA_019,121
GAAGGCGCGGAGGATAAGCA_020,156
GAAGGCGCGGAGGATAAGCA_021,156
GAAGGCGCGGAGGATAAGCA_022,82
GAAGGCGCGGAGGATAAGCA_023,145
GAAGGCGCGGAGGATAAGCA_024,185
GAAGGCGCGGAGGATAAGCA_025,94
GAAGGCGCGGAGGATAAGCA_026,63
GAAGGCGCGGAGGATAAGCA_027,155
GAAGGCGCGGAGGATAAGCA_028,144
GAAGGCGCGGAGGATAAGCA_029,88
GAAGGCGCGGAGGATAAGCA_030,16
GAAGGCGCGGAGGATAAGCA_031,130
GAAGGCGCGGAGGATAAGCA_032,56
GAAGGCGCGGAGGATAAGCA_033,60
GAAGGCGCGGAGGATAAGCA_034,166
GAAGGCGCGGAGGATAAGCA_035,103
GAAGGCGCGGAGGATAAGCA_036,58
GAAGGCGCGGAGGATAAGCA_037,101
TGAATGAGCAGTACATTCGG_001,105
TGAATGAGCAGTACATTCGG_002,11
TGAATGAGCAGTACATTCGG_003,176
TGAATGAGCAGTACATTCGG_004,62
TGAATGAGCAGTACATTCGG_005,12
TGAATGAGCAGTACATTCGG_006,33
TGAATGAGCAGTACATTCGG_007,198
TGAATGAGCAGTACATTCGG_008,166
GCCCGACCTGACCACCTACG_001,169
GCCCGACCTGACCACCTACG_002,88
GCCCGACCTGACCACCTACG_003,116
GCCCGACCTGACCACCTACG_004,128
GCCCGACCTGACCACCTACG_005,28
GCCCGACCTGACCACCTACG_006,145
GCCCGACCTGACCACCTACG_007,129
GCCCGACCTGACCACCTACG_008,1
GCCCGACCTGACCACCTACG_009,50
GCCCGACCTGACCACCTACG_010,197
GCCCGACCTGACCACCTACG_011,124
GCCCGACCTGACCACCTACG_012,101
GCCCGACCTGACCACCTACG_013,168
GCCCGACCTGACCACCTACG_014,81
GCCCGACCTGACCACCTACG_015,130
GAGTATTTCTGGTTAAGCAT_001,41
GAGTATTTCTGGTTAAGCAT_002,105
GAGTATTTCTGGTTAAGCAT_003,149
GAGTATTTCTGGTTAAGCAT_004,189
GAGTATTTCTGGTTAAGCAT_005,6
GAGTATTTCTGGTTAAGCAT_006,26
GAGTATTTCTGGTTAAGCAT_007,56
GAGTATTTCTGGTTAAGCAT_008,128
GAGTATTTCTGGTTAAGCAT_009,115
GAGTATTTCTGGTTAAGCAT_010,16
GTAAAGATCTCTTCACACAG_001,160
GTAAAGATCTCTTCACACAG_002,115
GTAAAGATCTCTTCACACAG_003,77
ACCTACCATGAACCTTCAGA_001,88
ACCTACCATGAACCTTCAGA_002,120
ACCTACCATGAACCTTCAGA_003,94
ACCTACCATGAACCTTCAGA_004,35
ACCTACCATGAACCTTCAGA_005,74
AAATACTGGGACATATCCAG_001,168
AAATACTGGGACATATCCAG_002,11
AAATACTGGGACATATCCAG_003,77
AAATACTGGGACATATCCAG_004,62
AAATACTGGGACATATCCAG_005,47
CAGAAAACATCGGAGCAGTG_001,129
CAGAAAACATCGGAGCAGTG_002,58
CAGAAAACATCGGAGCAGTG_003,17
CAGAAAACATCGGAGCAGTG_004,115
CAGAAAACATCGGAGCAGTG_005,91
CAGAAAACATCGGAGCAGTG_006,88
CAGAAAACATCGGAGCAGTG_007,62
CAGAAAACATCGGAGCAGTG_008,96
CAGAAAACATCGGAGCAGTG_009,15
CAGAAAACATCGGAGCAGTG_010,62
CAGAAAACATCGGAGCAGTG_011,148
CAGAAAACATCGGAGCAGTG_012,53
CAGAAAACATCGGAGCAGTG_013,17
CAGAAAACATCGGAGCAGTG_014,31
CAGAAAACATCGGAGCAGTG_015,165
CAGAAAACATCGGAGCAGTG_016,66
CAGAAAACATCGGAGCAGTG_017,127
CAGAAAACATCGGAGCAGTG_018,198
CAGAAAACATCGGAGCAGTG_019,177
GGAACCACTGTTCGGGCGCG_001,74
GGAACCACTGTTCGGGCGCG_002,121
GGAACCACTGTTCGGGCGCG_003,36
GGAACCACTGTTCGGGCGCG_004,37
GGAACCACTGTTCGGGCGCG_005,197
GGAACCACTGTTCGGGCGCG_006,48
GGAACCACTGTTCGGGCGCG_007,61
GGAACCACTGTTCGGGCGCG_008,35
GGAACCACTGTTCGGGCGCG_009,78
GGAACCACTGTTCGGGCGCG_010,63
GGAACCACTGTTCGGGCGCG_011,162
GGAACCACTGTTCGGGCGCG_012,19
GGAACCACTGTTCGGGCGCG_013,83
GGAACCACTGTTCGGGCGCG_014,125
GGAACCACTGTTCGGGCGCG_015,85
GGAACCACTGTTCGGGCGCG_016,78
GGAACCACTGTTCGGGCGCG_017,67
GGAACCACTGTTCGGGCGCG_018,10
GGAACCACTGTTCGGGCGCG_019,191
GGAACCACTGTTCGGGCGCG_020,127
GGAACCACTGTTCGGGCGCG_021,19
GGAACCACTGTTCGGGCGCG_022,134
GGAACCACTGTTCGGGCGCG_023,134
GGAACCACTGTTCGGGCGCG_024,94
GGAACCACTGTTCGGGCGCG_025,172
GGAACCACTGTTCGGGCGCG_026,86
GGAACCACTGTTCGGGCGCG_027,158
GGAACCACTGTTCGGGCGCG_028,102
GGAACCACTGTTCGGGCGCG_029,28
GGAACCACTGTTCGGGCGCG_030,77
GAGGGAAATACAAACTGGTG_001,135
GAGGGAAATACAAACTGGTG_002,26
GAGGGAAATACAAACTGGTG_003,34
GAGGGAAATACAAACTGGTG_004,82
GAGGGAAATACAAACTGGTG_005,67
GAGGGAAATACAAACTGGTG_006,34
GAGGGAAATACAAACTGGTG_007,188
GAGGGAAATACAAACTGGTG_008,70
GAGGGAAATACAAACTGGTG_009,1
GAGGGAAATACAAACTGGTG_010,51
GAGGGAAATACAAACTGGTG_011,95
GAGGGAAATACAAACTGGTG_012,168
GAGGGAAATACAAACTGGTG_013,138
GAGGGAAATACAAACTGGTG_014,180
GAGGGAAATACAAACTGGTG_015,19
GAGGGAAATACAAACTGGTG_016,120
CACCGCCGTCCGGACCACTC_001,46
CACCGCCGTCCGGACCACTC_002,47
CACCGCCGTCCGGACCACTC_003,44
CACCGCCGTCCGGACCACTC_004,127
CACCGCCGTCCGGACCACTC_005,165
CACCGCCGTCCGGACCACTC_006,101
CACCGCCGTCCGGACCACTC_007,101
CACCGCCGTCCGGACCACTC_008,58
CACCGCCGTCCGGACCACTC_009,147
CACCGCCGTCCGGACCACTC_010,65
CACCGCCGTCCGGACCACTC_011,150
CACCGCCGTCCGGACCACTC_012,9
CACCGCCGTCCGGACCACTC_013,48
CACCGCCGTCCGGACCACTC_014,192
CACCGCCGTCCGGACCACTC_015,105
CACCGCCGTCCGGACCACTC_016,131
CACCGCCGTCCGGACCACTC_017,174
CACCGCCGTCCGGACCACTC_018,121
CACCGCCGTCCGGACCACTC_019,197
CACCGCCGTCCGGACCACTC_020,1
CACCGCCGTCCGGACCACTC_021,22
CACCGCCGTCCGGACCACTC_022,6
CACCGCCGTCCGGACCACTC_023,48
CACCGCCGTCCGGACCACTC_024,73
CACCGCCGTCCGGACCACTC_025,2
CACCGCCGTCCGGACCACTC_026,172
CACCGCCGTCCGGACCACTC_027,56
CACCGCCGTCCGGACCACTC_028,97
CACCGCCGTCCGGACCACTC_029,129
CACCGCCGTCCGGACCACTC_030,169
CACCGCCGTCCGGACCACTC_031,88
CACCGCCGTCCGGACCACTC_032,142
CACCGCCGTCCGGACCACTC_033,138
CACCGCCGTCCGGACCACTC_034,77
CCTTACTCTCTCCATGTCAG_001,3
CCTTACTCTCTCCATGTCAG_002,53
CCTTACTCTCTCCATGTCAG_003,35
GCTGGTGGACAAGTTTAACC_001,106
ATTTCACCCTATAATCGGAA_001,83
AGGGGATGCACATTTCGATG_001,175
AGGGGATGCACATTTCGATG_002,115
CTTCCTTCGGAACGTCACAT_001,48
CTTCCTTCGGAACGTCACAT_002,182
CTTCCTTCGGAACGTCACAT_003,78
CTTCCTTCGGAACGTCACAT_004,2
CTTCCTTCGGAACGTCACAT_005,184
CTTCCTTCGGAACGTCACAT_006,115
CTTCCTTCGGAACGTCACAT_007,15
CTTCCTTCGGAACGTCACAT_008,7
CTTCCTTCGGAACGTCACAT_009,127
CTTCCTTCGGAACGTCACAT_010,40
CTTCCTTCGGAACGTCACAT_011,188
CTTCCTTCGGAACGTCACAT_012,107
CTTCCTTCGGAACGTCACAT_013,188
CTTCCTTCGGAACGTCACAT_014,58
ACTGTGCTTGAGTTTGAATG_001,72
ACTGTGCTTGAGTTTGAATG_002,162
ACTGTGCTTGAGTTTGAATG_003,176
ACTGTGCTTGAGTTTGAATG_004,41
ACTGTGCTTGAGTTTGAATG_005,57
ACTGTGCTTGAGTTTGAATG_006,14
ACTGTGCTTGAGTTTGAATG_007,115
ACTGTGCTTGAGTTTGAATG_008,15
ACTGTGCTTGAGTTTGAATG_009,34
ACTGTGCTTGAGTTTGAATG_010,10
ACTGTGCTTGAGTTTGAATG_011,116
TCTGAGCTGCCTGGATATCC_001,173
GAGCCTCATTTACTGAACAG_001,154
GAGCCTCATTTACTGAACAG_002,72
GAGCCTCATTTACTGAACAG_003,56
GAGCCTCATTTACTGAACAG_004,82
GAGCCTCATTTACTGAACAG_005,60
GAGCCTCATTTACTGAACAG_006,37
GAGCCTCATTTACTGAACAG_007,37
GAGCCTCATTTACTGAACAG_008,159
GAAAGCAAGGAATCCTCCAA_001,16
GAAAGCAAGGAATCCTCCAA_002,12
GAAAGCAAGGAATCCTCCAA_003,54
GAAAGCAAGGAATCCTCCAA_004,154
GAAAGCAAGGAATCCTCCAA_005,120
GAAAGCAAGGAATCCTCCAA_006,43
GAAAGCAAGGAATCCTCCAA_007,76
GAAAGCAAGGAATCCTCCAA_008,126
TTCCATGGTCAAAAAATGGC_001,126
TTCCATGGTCAAAAAATGGC_002,126
TTCCATGGTCAAAAAATGGC_003,83
TTCCATGGTCAAAAAATGGC_004,60
TTCCATGGTCAAAAAATGGC_005,174
CAAAGTGTCACTATCACCAA_001,127
CAAAGTGTCACTATCACCAA_002,199
CAAAGTGTCACTATCACCAA_003,168
CAAAGTGTCACTATCACCAA_004,124
GGGCCTTCAGTGTCGCCATG_001,96
GGGCCTTCAGTGTCGCCATG_002,169
GGGCCTTCAGTGTCGCCATG_003,103
GGGCCTTCAGTGTCGCCATG_004,115
GGGCCTTCAGTGTCGCCATG_005,3
GGGCCTTCAGTGTCGCCATG_006,126
GGGCCTTCAGTGTCGCCATG_007,191
GGGCCTTCAGTGTCGCCATG_008,41
GGGCCTTCAGTGTCGCCATG_009,35
GGGCCTTCAGTGTCGCCATG_010,178
GGGCCTTCAGTGTCGCCATG_011,78
GGGCCTTCAGTGTCGCCATG_012,113
GGTGTCATCAATCAACATGT_001,77
GGTGTCATCAATCAACATGT_002,42
GGTGTCATCAATCAACATGT_003,42
GGTGTCATCAATCAACATGT_004,14
GGTGTCATCAATCAACATGT_005,48
GGTGTCATCAATCAACATGT_006,147
GGTGTCATCAATCAACATGT_007,104
GGTGTCATCAATCAACATGT_008,15
GGTGTCATCAATCAACATGT_009,158
GGTGTCATCAATCAACATGT_010,170
GGTGTCATCAATCAACATGT_011,69
GGTGTCATCAATCAACATGT_012,52
GGTGTCATCAATCAACATGT_013,144
GGTGTCATCAATCAACATGT_014,58
GGTGTCATCAATCAACATGT_015,138
GGTGTCATCAATCAACATGT_016,0
GGTGTCATCAATCAACATGT_017,62
GGTGTCATCAATCAACATGT_018,138
GGTGTCATCAATCAACATGT_019,142
GGTGTCATCAATCAACATGT_020,143
GGTGTCATCAATCAACATGT_021,119
GGTGTCATCAATCAACATGT_022,101
GAAGTTGAGAAACAGCTCCC_001,19
GCCCGCAAAGATGAGGATGT_001,174
GCCCGCAAAGATGAGGATGT_002,103
GCCCGCAAAGATGAGGATGT_003,8
AAACTTTATTGGACGCCAGT_001,113
AAACTTTATTGGACGCCAGT_002,19
AAACTTTATTGGACGCCAGT_003,83
AAACTTTATTGGACGCCAGT_004,70
AAACTTTATTGGACGCCAGT_005,187
AAACTTTATTGGACGCCAGT_006,84
AAACTTTATTGGACGCCAGT_007,49
AAACTTTATTGGACGCCAGT_008,107
AAACTTTATTGGACGCCAGT_009,102
AAACTTTATTGGACGCCAGT_010,77
AAACTTTATTGGACGCCAGT_011,13
AAACTTTATTGGACGCCAGT_012,176
AAACTTTATTGGACGCCAGT_013,101
AAACTTTATTGGACGCCAGT_014,35
AAACTTTATTGGACGCCAGT_015,102
AAACTTTATTGGACGCCAGT_016,48
AAACTTTATTGGACGCCAGT_017,198
CAGAGCTCTTCAGAAACTGA_001,144
CCAGTGTAAAGATCGAAGGA_001,160
GCAGACATCCTTGTTCGGAG_001,149
GCAGACATCCTTGTTCGGAG_002,83
GATTACTATGACCTGTATGG_001,28
GTGGAACCCAGTGCACGCGG_001,149
GTGGAACCCAGTGCACGCGG_002,162
GTGGAACCCAGTGCACGCGG_003,154
GTGGAACCCAGTGCACGCGG_004,27
GTGGAACCCAGTGCACGCGG_005,182
GTGGAACCCAGTGCACGCGG_006,9
GTGGAACCCAGTGCACGCGG_007,6
GTGGAACCCAGTGCACGCGG_008,7
GTGGAACCCAGTGCACGCGG_009,95
GTGGAACCCAGTGCACGCGG_010,115
GTGGAACCCAGTGCACGCGG_011,42
GTGGAACCCAGTGCACGCGG_012,86
GTGGAACCCAGTGCACGCGG_013,148
GTGGAACCCAGTGCACGCGG_014,104
GTGGAACCCAGTGCACGCGG_015,78
GTGGAACCCAGTGCACGCGG_016,82
GTGGAACCCAGTGCACGCGG_017,33
GTGGAACCCAGTGCACGCGG_018,75
GTGGAACCCAGTGCACGCGG_019,88
GTGGAACCCAGTGCACGCGG_020,98
GTGGAACCCAGTGCACGCGG_021,197
GTGGAACCCAGTGCACGCGG_022,34
GTGGAACCCAGTGCACGCGG_023,183
GTGGAACCCAGTGCACGCGG_024,88
GTGGAACCCAGTGCACGCGG_025,132
GTGGAACCCAGTGCACGCGG_026,123
GTGGAACCCAGTGCACGCGG_027,177
GTGGAACCCAGTGCACGCGG_028,177
GTGGAACCCAGTGCACGCGG_029,74
GTGGAACCCAGTGCACGCGG_030,41
GTGGAACCCAGTGCACGCGG_031,63
GTGGAACCCAGTGCACGCGG_032,60
GTGGAACCCAGTGCACGCGG_033,184
GTGGAACCCAGTGCACGCGG_034,3
GTGGAACCCAGTGCACGCGG_035,14
GTGGAACCCAGTGCACGCGG_036,14
GTGGAACCCAGTGCACGCGG_037,26
GTGGAACCCAGTGCACGCGG_038,104
GTGGAACCCAGTGCACGCGG_039,158
GATCGTCAGGTTATATCGAG_001,138
GATCGTCAGGTTATATCGAG_002,63
GATCGTCAGGTTATATCGAG_003,56
GATCGTCAGGTTATATCGAG_004,130
TGCTTTGTAGAAAAAGTCGC_001,53
TGCTTTGTAGAAAAAGTCGC_002,27
TGCTTTGTAGAAAAAGTCGC_003,129
TGCTTTGTAGAAAAAGTCGC_004,4
TGCTTTGTAGAAAAAGTCGC_005,108
TGCTTTGTAGAAAAAGTCGC_006,82
TGCTTTGTAGAAAAAGTCGC_007,82
TTGTAACACAACATTTGACA_001,168
TTGTAACACAACATTTGACA_002,166
ACCTTGACCAGTGACGAGTG_001,22
ACCTTGACCAGTGACGAGTG_002,98
ACCTTGACCAGTGACGAGTG_003,120
ACCTTGACCAGTGACGAGTG_004,183
ACCTTGACCAGTGACGAGTG_005,183
ACCTTGACCAGTGACGAGTG_006,116
ACCTTGACCAGTGACGAGTG_007,53
ACCTTGACCAGTGACGAGTG_008,41
ACCTTGACCAGTGACGAGTG_009,144
ACCTTGACCAGTGACGAGTG_010,177
ACCTTGACCAGTGACGAGTG_011,82
ACCTTGACCAGTGACGAGTG_012,62
ACCTTGACCAGTGACGAGTG_013,43
ACCTTGACCAGTGACGAGTG_014,108
ACCTTGACCAGTGACGAGTG_015,137
ACCTTGACCAGTGACGAGTG_016,41
ACCTTGACCAGTGACGAGTG_017,93
ACCTTGACCAGTGACGAGTG_018,1
ACCTTGACCAGTGACGAGTG_019,84
TGGGCCTAAGTCTAAGAACT_001,141
TGGGCCTAAGTCTAAGAACT_002,82
TGGGCCTAAGTCTAAGAACT_003,156
GGGGAACACAGCCATCATGG_001,160
GGGGAACACAGCCATCATGG_002,27
CCCACAGAACTCATACGGCG_001,181
CCCACAGAACTCATACGGCG_002,169
CCCACAGAACTCATACGGCG_003,181
CCCACAGAACTCATACGGCG_004,196
GTTTACCGCGGAATGCTCTG_001,105
GTTTACCGCGGAATGCTCTG_002,139
GTTTACCGCGGAATGCTCTG_003,115
GTTTACCGCGGAATGCTCTG_004,139
GTTTACCGCGGAATGCTCTG_005,162
GTTTACCGCGGAATGCTCTG_006,105
GTTTACCGCGGAATGCTCTG_007,137
GTTTACCGCGGAATGCTCTG_008,182
TGTGGAGCCGACGATCGCCA_001,191
TGTGGAGCCGACGATCGCCA_002,6
TGTGGAGCCGACGATCGCCA_003,81
TGTGGAGCCGACGATCGCCA_004,153
TGTGGAGCCGACGATCGCCA_005,51
TGTGGAGCCGACGATCGCCA_006,70
TGTGGAGCCGACGATCGCCA_007,184
TGTGGAGCCGACGATCGCCA_008,118
TGTGGAGCCGACGATCGCCA_009,187
TGTGGAGCCGACGATCGCCA_010,190
TGTGGAGCCGACGATCGCCA_011,105
TGTGGAGCCGACGATCGCCA_012,2
TGTGGAGCCGACGATCGCCA_013,197
TGTGGAGCCGACGATCGCCA_014,147
TGTGGAGCCGACGATCGCCA_015,19
TGTGGAGCCGACGATCGCCA_016,172
TGTGGAGCCGACGATCGCCA_017,43
TGTGGAGCCGACGATCGCCA_018,196
TGTGGAGCCGACGATCGCCA_019,46
TGTGGAGCCGACGATCGCCA_020,149
TGTGGAGCCGACGATCGCCA_021,149
TGTGGAGCCGACGATCGCCA_022,147
TGTGGAGCCGACGATCGCCA_023,160
TGTGGAGCCGACGATCGCCA_024,3
TGTGGAGCCGACGATCGCCA_025,175
TGTGGAGCCGACGATCGCCA_026,76
TGTGGAGCCGACGATCGCCA_027,160
TGTGGAGCCGACGATCGCCA_028,61
TGTGGAGCCGACGATCGCCA_029,83
TGTGGAGCCGACGATCGCCA_030,184
TGTGGAGCCGACGATCGCCA_031,49
TGTGGAGCCGACGATCGCCA_032,43
TGTGGAGCCGACGATCGCCA_033,153
TGTGGAGCCGACGATCGCCA_034,39
TGTGGAGCCGACGATCGCCA_035,27
TGTGGAGCCGACGATCGCCA_036,40
TGTGGAGCCGACGATCGCCA_037,38
CAGCTAGAGGCACACAACAC_001,172
CAGCTAGAGGCACACAACAC_002,199
CAGCTAGAGGCACACAACAC_003,51
CAGCTAGAGGCACACAACAC_004,157
CAGCTAGAGGCACACAACAC_005,146
CAGCTAGAGGCACACAACAC_006,146
CAGCTAGAGGCACACAACAC_007,22
CAGCTAGAGGCACACAACAC_008,11
CAGCTAGAGGCACACAACAC_009,94
CAGCTAGAGGCACACAACAC_010,199
AGCCTGACACTGAAGGACTG_001,2
AGCCTGACACTGAAGGACTG_002,24
AGCCTGACACTGAAGGACTG_003,129
AGCCTGACACTGAAGGACTG_004,63
AGCCTGACACTGAAGGACTG_005,166
AGCCTGACACTGAAGGACTG_006,132
AGCCTGACACTGAAGGACTG_007,197
AGCCTGACACTGAAGGACTG_008,128
AGCCTGACACTGAAGGACTG_009,198
AGCCTGACACTGAAGGACTG_010,95
AGCCTGACACTGAAGGACTG_011,69
AGCCTGACACTGAAGGACTG_012,7
AGCCTGACACTGAAGGACTG_013,20
AGCCTGACACTGAAGGACTG_014,166
AGCCTGACACTGAAGGACTG_015,11
AGCCTGACACTGAAGGACTG_016,179
AGCCTGACACTGAAGGACTG_017,198
AGGGCTCACCGTGGACAATG_001,181
AGGGCTCACCGTGGACAATG_002,113
AGGGCTCACCGTGGACAATG_003,65
AGGGCTCACCGTGGACAATG_004,127
AGGGCTCACCGTGGACAATG_005,48
AGGGCTCACCGTGGACAATG_006,168
AGGGCTCACCGTGGACAATG_007,61
AGGGCTCACCGTGGACAATG_008,185
AGGGCTCACCGTGGACAATG_009,22
AGGGCTCACCGTGGACAATG_010,72
AGGGCTCACCGTGGACAATG_011,29
AGGGCTCACCGTGGACAATG_012,159
AGGGCTCACCGTGGACAATG_013,195
AGGGCTCACCGTGGACAATG_014,199
AGGGCTCACCGTGGACAATG_015,77
AGGGCTCACCGTGGACAATG_016,4
AGGGCTCACCGTGGACAATG_017,119
AGGGCTCACCGTGGACAATG_018,124
AGGGCTCACCGTGGACAATG_019,43
CAGCGTTTGTTAACTCACAG_001,127
CAGCGTTTGTTAACTCACAG_002,190
CAGCGTTTGTTAACTCACAG_003,29
CAGCGTTTGTTAACTCACAG_004,17
CAGCGTTTGTTAACTCACAG_005,86
CAGCGTTTGTTAACTCACAG_006,126
CAGCGTTTGTTAACTCACAG_007,51
CAGCGTTTGTTAACTCACAG_008,157
CAGCGTTTGTTAACTCACAG_009,70
CAGCGTTTGTTAACTCACAG_010,103
CAGCGTTTGTTAACTCACAG_011,133
CAGCGTTTGTTAACTCACAG_012,48
CAGCGTTTGTTAACTCACAG_013,12
CAGCGTTTGTTAACTCACAG_014,77
CAGCGTTTGTTAACTCACAG_015,198
CAGCGTTTGTTAACTCACAG_016,44
CAGCGTTTGTTAACTCACAG_017,105
CAGCGTTTGTTAACTCACAG_018,127
CAGCGTTTGTTAACTCACAG_019,77
CAGCGTTTGTTAACTCACAG_020,124
CAGCGTTTGTTAACTCACAG_021,70
CGAACACGTTCCACCAGGAG_001,68
CGAACACGTTCCACCAGGAG_002,12
CGAACACGTTCCACCAGGAG_003,89
CGAACACGTTCCACCAGGAG_004,107
CGAACACGTTCCACCAGGAG_005,12
CGAACACGTTCCACCAGGAG_006,76
CGAACACGTTCCACCAGGAG_007,130
CGAACACGTTCCACCAGGAG_008,180
CGAACACGTTCCACCAGGAG_009,98
CGAACACGTTCCACCAGGAG_010,99
AAAATACCTATAATACCCTC_001,113
TCGGCCGAGAGGACTAATGG_001,130
TCGGCCGAGAGGACTAATGG_002,19
TCGGCCGAGAGGACTAATGG_003,170
TCGGCCGAGAGGACTAATGG_004,34
TCGGCCGAGAGGACTAATGG_005,81
TCGGCCGAGAGGACTAATGG_006,49
TCGGCCGAGAGGACTAATGG_007,93
TCGGCCGAGAGGACTAATGG_008,141
TCGGCCGAGAGGACTAATGG_009,15
TCGGCCGAGAGGACTAATGG_010,69
TCGGCCGAGAGGACTAATGG_011,80
TCGGCCGAGAGGACTAATGG_012,77
TCGGCCGAGAGGACTAATGG_013,168
TCGGCCGAGAGGACTAATGG_014,53
TCGGCCGAGAGGACTAATGG_015,6
TCGGCCGAGAGGACTAATGG_016,152
TCGGCCGAGAGGACTAATGG_017,177
TCGGCCGAGAGGACTAATGG_018,144
TGAGGACGTTCCAAGTGAGG_001,149
TGAGGACGTTCCAAGTGAGG_002,116
TGAGGACGTTCCAAGTGAGG_003,104
TGAGGACGTTCCAAGTGAGG_004,47
TGAGGACGTTCCAAGTGAGG_005,84
TGAGGACGTTCCAAGTGAGG_006,199
GTAGGAAACAACGTAGAGAA_001,175
GTAGGAAACAACGTAGAGAA_002,29
GTAGGAAACAACGTAGAGAA_003,6
GTAGGAAACAACGTAGAGAA_004,127
AATCTCTGACTAGAGTCTTG_001,183
AATCTCTGACTAGAGTCTTG_002,150
AATCTCTGACTAGAGTCTTG_003,168
CAGGATCAGCCGCCAATCGG_001,21
CAGGATCAGCCGCCAATCGG_002,183
CAGGATCAGCCGCCAATCGG_003,82
CAGGATCAGCCGCCAATCGG_004,76
CAGGATCAGCCGCCAATCGG_005,152
CAGGATCAGCCGCCAATCGG_006,104
CAGGATCAGCCGCCAATCGG_007,182
CAGGATCAGCCGCCAATCGG_008,60
CAGGATCAGCCGCCAATCGG_009,70
CAGGATCAGCCGCCAATCGG_010,57
CAGGATCAGCCGCCAATCGG_011,57
CAGGATCAGCCGCCAATCGG_012,175
CAGGATCAGCCGCCAATCGG_013,43
CAGGATCAGCCGCCAATCGG_014,81
CAGGATCAGCCGCCAATCGG_015,105
CAGGATCAGCCGCCAATCGG_016,43
CAGGATCAGCCGCCAATCGG_017,106
CAGGATCAGCCGCCAATCGG_018,94
CAGGATCAGCCGCCAATCGG_019,153
CAGGATCAGCCGCCAATCGG_020,68
CAGGATCAGCCGCCAATCGG_021,55
CAGGATCAGCCGCCAATCGG_022,60
CAGGATCAGCCGCCAATCGG_023,107
CAGGATCAGCCGCCAATCGG_024,5
CAGGATCAGCCGCCAATCGG_025,103
CAGGATCAGCCGCCAATCGG_026,116
CAGGATCAGCCGCCAATCGG_027,12
CAGGATCAGCCGCCAATCGG_028,94
CAGGATCAGCCGCCAATCGG_029,147
CAGGATCAGCCGCCAATCGG_030,160
CAGGATCAGCCGCCAATCGG_031,148
CAGGATCAGCCGCCAATCGG_032,122
CAGGATCAGCCGCCAATCGG_033,121
CAGGATCAGCCGCCAATCGG_034,118
CAGGATCAGCCGCCAATCGG_035,163
CAGGATCAGCCGCCAATCGG_036,37
CAGGATCAGCCGCCAATCGG_037,149
CAGGATCAGCCGCCAATCGG_038,173
CAGGATCAGCCGCCAATCGG_039,173
CAGGATCAGCCGCCAATCGG_040,27
CAGGATCAGCCGCCAATCGG_041,23
CAGGATCAGCCGCCAATCGG_042,74
CAGGATCAGCCGCCAATCGG_043,21
TCGCACGCCTCCTCGATCAG_001,92
TCGCACGCCTCCTCGATCAG_002,192
TCGCACGCCTCCTCGATCAG_003,142
TCGCACGCCTCCTCGATCAG_004,76
TCGCACGCCTCCTCGATCAG_005,197
TCGCACGCCTCCTCGATCAG_006,0
TCGCACGCCTCCTCGATCAG_007,171
TCGCACGCCTCCTCGATCAG_008,33
TCGCACGCCTCCTCGATCAG_009,106
TCGCACGCCTCCTCGATCAG_010,145
TCGCACGCCTCCTCGATCAG_011,124
TCGCACGCCTCCTCGATCAG_012,110
TCGCACGCCTCCTCGATCAG_013,67
TCGCACGCCTCCTCGATCAG_014,146
TCGCACGCCTCCTCGATCAG_015,117
TCGCACGCCTCCTCGATCAG_016,122
TCGCACGCCTCCTCGATCAG_017,193
TCGCACGCCTCCTCGATCAG_018,17
TCGCACGCCTCCTCGATCAG_019,91
TCGCACGCCTCCTCGATCAG_020,70
TCGCACGCCTCCTCGATCAG_021,69
TCGCACGCCTCCTCGATCAG_022,0
TCGCACGCCTCCTCGATCAG_023,81
TCGCACGCCTCCTCGATCAG_024,3
TCGCACGCCTCCTCGATCAG_025,179
TCGCACGCCTCCTCGATCAG_026,34
TCGCACGCCTCCTCGATCAG_027,174
TGTCAGTTCTGATGTAGTGG_001,185
TGTCAGTTCTGATGTAGTGG_002,33
AGATGTCAGTGAGGGCCAAG_001,7
AGATGTCAGTGAGGGCCAAG_002,100
AGATGTCAGTGAGGGCCAAG_003,194
AGATGTCAGTGAGGGCCAAG_004,139
AGATGTCAGTGAGGGCCAAG_005,182
AGATGTCAGTGAGGGCCAAG_006,72
TCACCTATCCCAGTTATGGA_001,16
TCACCTATCCCAGTTATGGA_002,160
TCACCTATCCCAGTTATGGA_003,105
TCACCTATCCCAGTTATGGA_004,152
TCACCTATCCCAGTTATGGA_005,41
TCACCTATCCCAGTTATGGA_006,16
TCACCTATCCCAGTTATGGA_007,180
TCACCTATCCCAGTTATGGA_008,18
GATCCCGGGGGTATCAACTG_001,194
GATCCCGGGGGTATCAACTG_002,127
GATCCCGGGGGTATCAACTG_003,117
GATCCCGGGGGTATCAACTG_004,8
GATCCCGGGGGTATCAACTG_005,150
GATCCCGGGGGTATCAACTG_006,107
GATCCCGGGGGTATCAACTG_007,174
GATCCCGGGGGTATCAACTG_008,56
GATCCCGGGGGTATCAACTG_009,183
GATCCCGGGGGTATCAACTG_010,84
GATCCCGGGGGTATCAACTG_011,106
GATCCCGGGGGTATCAACTG_012,81
GATCCCGGGGGTATCAACTG_013,88
GATCCCGGGGGTATCAACTG_014,163
GATCCCGGGGGTATCAACTG_015,166
GACTGGTAAACTGCTCTGAA_001,169
GACTGGTAAACTGCTCTGAA_002,184
GACTGGTAAACTGCTCTGAA_003,126
GACTGGTAAACTGCTCTGAA_004,197
GACTGGTAAACTGCTCTGAA_005,153
GACTGGTAAACTGCTCTGAA_006,82
GACTGGTAAACTGCTCTGAA_007,169
GACTGGTAAACTGCTCTGAA_008,40
GACTGGTAAACTGCTCTGAA_009,71
GACTGGTAAACTGCTCTGAA_010,60
GACTGGTAAACTGCTCTGAA_011,183
GACTGGTAAACTGCTCTGAA_012,163
GACTGGTAAACTGCTCTGAA_013,96
GACTGGTAAACTGCTCTGAA_014,190
GACTGGTAAACTGCTCTGAA_015,148
GACTGGTAAACTGCTCTGAA_016,46
GACTGGTAAACTGCTCTGAA_017,17
GACTGGTAAACTGCTCTGAA_018,199
GGATAGGATAATAGAGAGAG_001,86
AGTGGTCAAGACCTAAGGAG_001,168
AGTGGTCAAGACCTAAGGAG_002,150
AGTGGTCAAGACCTAAGGAG_003,158
AGTGGTCAAGACCTAAGGAG_004,88
AGTGGTCAAGACCTAAGGAG_005,183
AGTGGTCAAGACCTAAGGAG_006,100
AGTGGTCAAGACCTAAGGAG_007,104
AGTGGTCAAGACCTAAGGAG_008,124
AGTGGTCAAGACCTAAGGAG_009,2
AGTGGTCAAGACCTAAGGAG_010,65
AGTGGTCAAGACCTAAGGAG_011,85
AGTGGTCAAGACCTAAGGAG_012,147
ATGGGCCAGTGAGATCCCCG_001,68
ATGGGCCAGTGAGATCCCCG_002,12
ATGGGCCAGTGAGATCCCCG_003,50
ATGGGCCAGTGAGATCCCCG_004,55
ATGGGCCAGTGAGATCCCCG_005,157
ATGGGCCAGTGAGATCCCCG_006,148
ATGGGCCAGTGAGATCCCCG_007,178
TTGTATGAATGGCCACACCA_001,139
ATACCTATTGTAGTCAAACC_001,61
ATACCTATTGTAGTCAAACC_002,141
ATACCTATTGTAGTCAAACC_003,152
ATACCTATTGTAGTCAAACC_004,115
TGTCAAAATTCCAATGATGA_001,111
TGTCAAAATTCCAATGATGA_002,186
TGTCAAAATTCCAATGATGA_003,198
TGTCAAAATTCCAATGATGA_004,104
TGTCAAAATTCCAATGATGA_005,149
TGTCAAAATTCCAATGATGA_006,46
TGTCAAAATTCCAATGATGA_007,146
CACACTTGGCACAGCTCATG_001,48
CACACTTGGCACAGCTCATG_002,76
CACACTTGGCACAGCTCATG_003,7
CACACTTGGCACAGCTCATG_004,170
CACACTTGGCACAGCTCATG_005,137
CACACTTGGCACAGCTCATG_006,182
TAACACAGATCCCAGCTCCG_001,2
TAACACAGATCCCAGCTCCG_002,0
TAACACAGATCCCAGCTCCG_003,127
TAACACAGATCCCAGCTCCG_004,5
TAACACAGATCCCAGCTCCG_005,1
TAACACAGATCCCAGCTCCG_006,45
TAACACAGATCCCAGCTCCG_007,34
TAACACAGATCCCAGCTCCG_008,19
TAACACAGATCCCAGCTCCG_009,46
TAACACAGATCCCAGCTCCG_010,138
CCTGAGGAACAACATCGGGA_001,27
CCTGAGGAACAACATCGGGA_002,147
CCTGAGGAACAACATCGGGA_003,141
CCTGAGGAACAACATCGGGA_004,28
CCTGAGGAACAACATCGGGA_005,168
CCTGAGGAACAACATCGGGA_006,149
CCTGAGGAACAACATCGGGA_007,184
CCTGAGGAACAACATCGGGA_008,82
CCTGAGGAACAACATCGGGA_009,29
CCTGAGGAACAACATCGGGA_010,166
CCTGAGGAACAACATCGGGA_011,140
CCTGAGGAACAACATCGGGA_012,176
CCTGAGGAACAACATCGGGA_013,96
CCTGAGGAACAACATCGGGA_014,8
CCTGAGGAACAACATCGGGA_015,191
CCTGAGGAACAACATCGGGA_016,76
CCTGAGGAACAACATCGGGA_017,175
CCTGAGGAACAACATCGGGA_018,142
CCTGAGGAACAACATCGGGA_019,19
CCTGAGGAACAACATCGGGA_020,197
GGAACTCCGCAGTAAACCAA_001,129
GGAACTCCGCAGTAAACCAA_002,26
GGAACTCCGCAGTAAACCAA_003,51
GGAACTCCGCAGTAAACCAA_004,120
GGAACTCCGCAGTAAACCAA_005,74
GGAACTCCGCAGTAAACCAA_006,190
TCCTGGGCCTAACTCCAGAA_001,93
TCCTGGGCCTAACTCCAGAA_002,43
TCCTGGGCCTAACTCCAGAA_003,26
TCCTGGGCCTAACTCCAGAA_004,8
TCCTGGGCCTAACTCCAGAA_005,150
TCCTGGGCCTAACTCCAGAA_006,83
TGAAATGGGGAAGTCCATCA_001,116
TGAAATGGGGAAGTCCATCA_002,77
TGAAATGGGGAAGTCCATCA_003,10
GCTCGGACCAAGTCTTTCCG_001,80
GCTCGGACCAAGTCTTTCCG_002,62
GCTCGGACCAAGTCTTTCCG_003,74
GCTCGGACCAAGTCTTTCCG_004,164
GCTCGGACCAAGTCTTTCCG_005,41
GCTCGGACCAAGTCTTTCCG_006,137
GCTCGGACCAAGTCTTTCCG_007,49
TGCCCGCAGTGCTGAAGCGG_001,43
TGCCCGCAGTGCTGAAGCGG_002,50
TGCCCGCAGTGCTGAAGCGG_003,174
TGCCCGCAGTGCTGAAGCGG_004,70
TGCCCGCAGTGCTGAAGCGG_005,160
TGCCCGCAGTGCTGAAGCGG_006,108
TGCCCGCAGTGCTGAAGCGG_007,4
TGCCCGCAGTGCTGAAGCGG_008,105
TGCCCGCAGTGCTGAAGCGG_009,168
TGCCCGCAGTGCTGAAGCGG_010,52
TGCCCGCAGTGCTGAAGCGG_011,3
TGCCCGCAGTGCTGAAGCGG_012,69
TGCCCGCAGTGCTGAAGCGG_013,86
TGCCCGCAGTGCTGAAGCGG_014,3
TGCCCGCAGTGCTGAAGCGG_015,72
TGCCCGCAGTGCTGAAGCGG_016,73
TGCCCGCAGTGCTGAAGCGG_017,47
TGCCCGCAGTGCTGAAGCGG_018,10
TGCCCGCAGTGCTGAAGCGG_019,60
TGCCCGCAGTGCTGAAGCGG_020,91
TGCCCGCAGTGCTGAAGCGG_021,100
TGCCCGCAGTGCTGAAGCGG_022,191
TGCCCGCAGTGCTGAAGCGG_023,49
TGCCCGCAGTGCTGAAGCGG_024,63
TGCCCGCAGTGCTGAAGCGG_025,134
TGCCCGCAGTGCTGAAGCGG_026,39
TGCCCGCAGTGCTGAAGCGG_027,152
TGCCCGCAGTGCTGAAGCGG_028,68
TGCCCGCAGTGCTGAAGCGG_029,136
TGCCCGCAGTGCTGAAGCGG_030,106
TGCCCGCAGTGCTGAAGCGG_031,9
TGCCCGCAGTGCTGAAGCGG_032,177
TTTCAATGTGGGCTTCAAAG_001,174
TTTCAATGTGGGCTTCAAAG_002,17
TTTCAATGTGGGCTTCAAAG_003,106
TTTCAATGTGGGCTTCAAAG_004,98
TTTCAATGTGGGCTTCAAAG_005,3
TTTCAATGTGGGCTTCAAAG_006,124
GGTCTGCCCCGCCGCCTACG_001,173
GGTCTGCCCCGCCGCCTACG_002,28
GGTCTGCCCCGCCGCCTACG_003,76
GGTCTGCCCCGCCGCCTACG_004,119
GGTCTGCCCCGCCGCCTACG_005,99
GGTCTGCCCCGCCGCCTACG_006,162
GGTCTGCCCCGCCGCCTACG_007,175
GGTCTGCCCCGCCGCCTACG_008,166
GGTCTGCCCCGCCGCCTACG_009,34
GGTCTGCCCCGCCGCCTACG_010,125
GGTCTGCCCCGCCGCCTACG_011,40
GGTCTGCCCCGCCGCCTACG_012,138
GGTCTGCCCCGCCGCCTACG_013,35
GGTCTGCCCCGCCGCCTACG_014,50
AAGAAAGCACTCCCTGACTG_001,8
AAGAAAGCACTCCCTGACTG_002,148
AAGAAAGCACTCCCTGACTG_003,150
AAGAAAGCACTCCCTGACTG_004,44
AAGAAAGCACTCCCTGACTG_005,9
AAGAAAGCACTCCCTGACTG_006,162
AAGAAAGCACTCCCTGACTG_007,168
AAGAAAGCACTCCCTGACTG_008,188
TATGATGACAGCCACTGGGT_001,84
TATGATGACAGCCACTGGGT_002,158
TATGATGACAGCCACTGGGT_003,160
TATGATGACAGCCACTGGGT_004,196
TATGATGACAGCCACTGGGT_005,5
TATGATGACAGCCACTGGGT_006,101
TATGATGACAGCCACTGGGT_007,134
TATGATGACAGCCACTGGGT_008,56
ACCTGGAAATGAGCCTGAAG_001,27
ACCTGGAAATGAGCCTGAAG_002,103
ACCTGGAAATGAGCCTGAAG_003,129
ACCTGGAAATGAGCCTGAAG_004,42
ACCTGGAAATGAGCCTGAAG_005,1
ACCTGGAAATGAGCCTGAAG_006,104
ACCTGGAAATGAGCCTGAAG_007,34
ACCTGGAAATGAGCCTGAAG_008,37
AACACTTACCATCTCATCCA_001,37
AACACTTACCATCTCATCCA_002,5
AACACTTACCATCTCATCCA_003,50
AAAGTTTCCACATGGTGACG_001,49
AAAGTTTCCACATGGTGACG_002,52
AAAGTTTCCACATGGTGACG_003,19
AAAGTTTCCACATGGTGACG_004,198
AAAGTTTCCACATGGTGACG_005,76
AAAGTTTCCACATGGTGACG_006,113
AAAGTTTCCACATGGTGACG_007,50
AAAGTTTCCACATGGTGACG_008,2
AAAGTTTCCACATGGTGACG_009,84
AAAGTTTCCACATGGTGACG_010,168
AAAGTTTCCACATGGTGACG_011,184
AAAGTTTCCACATGGTGACG_012,120
AAAGTTTCCACATGGTGACG_013,98
AAAGTTTCCACATGGTGACG_014,107
AAAGTTTCCACATGGTGACG_015,194
AAAGTTTCCACATGGTGACG_016,71
AAAGTTTCCACATGGTGACG_017,104
AAAGTTTCCACATGGTGACG_018,138
AAAGTTTCCACATGGTGACG_019,10
AAAGTTTCCACATGGTGACG_020,50
AAAGTTTCCACATGGTGACG_021,1
AAAGTTTCCACATGGTGACG_022,198
AAAGTTTCCACATGGTGACG_023,109
AGTTATGGAGGCCCTCACTA_001,60
AGTTATGGAGGCCCTCACTA_002,176
AGTTATGGAGGCCCTCACTA_003,192
AGTTATGGAGGCCCTCACTA_004,54
AGTTATGGAGGCCCTCACTA_005,58
AGTTATGGAGGCCCTCACTA_006,7
AGTTATGGAGGCCCTCACTA_007,176
AGTTATGGAGGCCCTCACTA_008,175
AGTTATGGAGGCCCTCACTA_009,149
AGTTATGGAGGCCCTCACTA_010,48
AGTTATGGAGGCCCTCACTA_011,122
AGTTATGGAGGCCCTCACTA_012,95
AGTTATGGAGGCCCTCACTA_013,128
AGTTATGGAGGCCCTCACTA_014,93
AGTTATGGAGGCCCTCACTA_015,44
AGTTATGGAGGCCCTCACTA_016,9
AGTTATGGAGGCCCTCACTA_017,1
AGTTATGGAGGCCCTCACTA_018,174
AGTTATGGAGGCCCTCACTA_019,177
AGTTATGGAGGCCCTCACTA_020,116
AGTTATGGAGGCCCTCACTA_021,88
AGTTATGGAGGCCCTCACTA_022,174
AGTTATGGAGGCCCTCACTA_023,147
AGTTATGGAGGCCCTCACTA_024,9
AGTTATGGAGGCCCTCACTA_025,2
AGTTATGGAGGCCCTCACTA_026,81
AGTTATGGAGGCCCTCACTA_027,147
AGTTATGGAGGCCCTCACTA_028,158
AGTTATGGAGGCCCTCACTA_029,82
AGTTATGGAGGCCCTCACTA_030,148
AGTTATGGAGGCCCTCACTA_031,12
AGTTATGGAGGCCCTCACTA_032,183
AGTTATGGAGGCCCTCACTA_033,169
AGTTATGGAGGCCCTCACTA_034,150
AGTTATGGAGGCCCTCACTA_035,98
AGTTATGGAGGCCCTCACTA_036,26
AGTTATGGAGGCCCTCACTA_037,191
AGTTATGGAGGCCCTCACTA_038,130
AGTTATGGAGGCCCTCACTA_039,13
AGTTATGGAGGCCCTCACTA_040,38
GAGGAAGTATTCATTCACGC_001,30
GAGGAAGTATTCATTCACGC_002,12
GAGGAAGTATTCATTCACGC_003,96
GAGGAAGTATTCATTCACGC_004,41
AAGAAGACGATCACTTACGG_001,197
AAGAAGACGATCACTTACGG_002,53
AAGAAGACGATCACTTACGG_003,16
AAGAAGACGATCACTTACGG_004,19
AAGAAGACGATCACTTACGG_005,198
AAGAAGACGATCACTTACGG_006,158
AAGAAGACGATCACTTACGG_007,62
AAGAGACAGGAAACGTGCAG_001,137
AAGAGACAGGAAACGTGCAG_002,5
AAGAGACAGGAAACGTGCAG_003,49
AAGAGACAGGAAACGTGCAG_004,94
AAGAGACAGGAAACGTGCAG_005,91
AAGAGACAGGAAACGTGCAG_006,175
AAGAGACAGGAAACGTGCAG_007,81
AAGAGACAGGAAACGTGCAG_008,74
AAGAGACAGGAAACGTGCAG_009,175
AAGAGACAGGAAACGTGCAG_010,129
AAGAGACAGGAAACGTGCAG_011,2
CCTTCAATAATGTTAAACAG_001,105
CCTTCAATAATGTTAAACAG_002,138
CCTTCAATAATGTTAAACAG_003,175
CCTTCAATAATGTTAAACAG_004,56
CCTTCAATAATGTTAAACAG_005,162
CCTTCAATAATGTTAAACAG_006,79
CCTTCAATAATGTTAAACAG_007,58
GTTGACAGCTACGTCGTAGG_001,147
GTTGACAGCTACGTCGTAGG_002,7
GTTGACAGCTACGTCGTAGG_003,174
GTTGACAGCTACGTCGTAGG_004,105
TATGGGAAGTTGTCAAACAC_001,9
TATGGGAAGTTGTCAAACAC_002,191
TATGGGAAGTTGTCAAACAC_003,77
TATGGGAAGTTGTCAAACAC_004,199
TATGGGAAGTTGTCAAACAC_005,177
TATGGGAAGTTGTCAAACAC_006,4
ATCTGGGTAACAACTGCTGA_001,68
ATCTGGGTAACAACTGCTGA_002,13
ATCTGGGTAACAACTGCTGA_003,169
ATCTGGGTAACAACTGCTGA_004,91
ATCTGGGTAACAACTGCTGA_005,186
ATCTGGGTAACAACTGCTGA_006,46
ATCTGGGTAACAACTGCTGA_007,59
GGAAAGCCTTAAGCAAAGAT_001,67
GGAAAGCCTTAAGCAAAGAT_002,189
GGAAAGCCTTAAGCAAAGAT_003,153
GGAAAGCCTTAAGCAAAGAT_004,105
GGAAAGCCTTAAGCAAAGAT_005,50
GGAAAGCCTTAAGCAAAGAT_006,146
GGAAAGCCTTAAGCAAAGAT_007,62
GGAAAGCCTTAAGCAAAGAT_008,105
GGAAAGCCTTAAGCAAAGAT_009,63
GGAAAGCCTTAAGCAAAGAT_010,182
GGAAAGCCTTAAGCAAAGAT_011,121
GGAAAGCCTTAAGCAAAGAT_012,60
GGAAAGCCTTAAGCAAAGAT_013,78
GGAAAGCCTTAAGCAAAGAT_014,67
CACCACAAAAAGCTGGCAGT_001,182
CACCACAAAAAGCTGGCAGT_002,152
CACCACAAAAAGCTGGCAGT_003,88
CACCACAAAAAGCTGGCAGT_004,107
CACCACAAAAAGCTGGCAGT_005,177
CACCACAAAAAGCTGGCAGT_006,158
CACCACAAAAAGCTGGCAGT_007,162
CACCACAAAAAGCTGGCAGT_008,151
CACCACAAAAAGCTGGCAGT_009,154
CACCACAAAAAGCTGGCAGT_010,111
CACCACAAAAAGCTGGCAGT_011,125
CACCACAAAAAGCTGGCAGT_012,177
CACCACAAAAAGCTGGCAGT_013,21
CACCACAAAAAGCTGGCAGT_014,14
CACCACAAAAAGCTGGCAGT_015,131
AGTCGTAGCAGTCATCACGC_001,146
AGTCGTAGCAGTCATCACGC_002,168
AGTCGTAGCAGTCATCACGC_003,187
AGTCGTAGCAGTCATCACGC_004,106
AGTCGTAGCAGTCATCACGC_005,170
AGTCGTAGCAGTCATCACGC_006,171
AGTCGTAGCAGTCATCACGC_007,19
AGTCGTAGCAGTCATCACGC_008,121
AGTCGTAGCAGTCATCACGC_009,70
AGTCGTAGCAGTCATCACGC_010,172
AGTCGTAGCAGTCATCACGC_011,50
AGTCGTAGCAGTCATCACGC_012,169
AGTCGTAGCAGTCATCACGC_013,36
AGTCGTAGCAGTCATCACGC_014,158
AGTCGTAGCAGTCATCACGC_015,60
AGTCGTAGCAGTCATCACGC_016,59
AGTCGTAGCAGTCATCACGC_017,181
AGTCGTAGCAGTCATCACGC_018,141
AACTTGCGACTCTCCCCAGA_001,94
AACTTGCGACTCTCCCCAGA_002,19
AACTTGCGACTCTCCCCAGA_003,31
AACTTGCGACTCTCCCCAGA_004,133
AACTTGCGACTCTCCCCAGA_005,121
CCATGACTTTCGGGAAACTG_001,116
CCATGACTTTCGGGAAACTG_002,158
CCATGACTTTCGGGAAACTG_003,62
CCATGACTTTCGGGAAACTG_004,197
CCATGACTTTCGGGAAACTG_005,83
CCATGACTTTCGGGAAACTG_006,120
CTCCTGCACAGGGACCAAAG_001,191
CTCCTGCACAGGGACCAAAG_002,147
CTCCTGCACAGGGACCAAAG_003,154
CTCCTGCACAGGGACCAAAG_004,15
CTCCTGCACAGGGACCAAAG_005,124
CTCCTGCACAGGGACCAAAG_006,9
CTCCTGCACAGGGACCAAAG_007,178
CTCCTGCACAGGGACCAAAG_008,80
CTCCTGCACAGGGACCAAAG_009,101
CTCCTGCACAGGGACCAAAG_010,115
CTCCTGCACAGGGACCAAAG_011,142
CTCCTGCACAGGGACCAAAG_012,106
CTCCTGCACAGGGACCAAAG_013,183
CTCCTGCACAGGGACCAAAG_014,166
CTCCTGCACAGGGACCAAAG_015,146
GGCCACCACAGACTTGCACA_001,40
GGCCACCACAGACTTGCACA_002,8
GGCCACCACAGACTTGCACA_003,177
GGCCACCACAGACTTGCACA_004,41
GGCCACCACAGACTTGCACA_005,85
AGCCACAAAACTCGCACTTG_001,96
AGCCACAAAACTCGCACTTG_002,63
AGCCACAAAACTCGCACTTG_003,106
AGCCACAAAACTCGCACTTG_004,146
AGCCACAAAACTCGCACTTG_005,139
AGCCACAAAACTCGCACTTG_006,175
AGCCACAAAACTCGCACTTG_007,131
AGCCACAAAACTCGCACTTG_008,183
AGCCACAAAACTCGCACTTG_009,144
AGCCACAAAACTCGCACTTG_010,54
AGCCACAAAACTCGCACTTG_011,159
AGCCACAAAACTCGCACTTG_012,199
AGCCACAAAACTCGCACTTG_013,111
AGCCACAAAACTCGCACTTG_014,82
AGCCACAAAACTCGCACTTG_015,159
AGCCACAAAACTCGCACTTG_016,107
AGCCACAAAACTCGCACTTG_017,78
AGCCACAAAACTCGCACTTG_018,3
AGCCACAAAACTCGCACTTG_019,85
AGCCACAAAACTCGCACTTG_020,2
AGCCACAAAACTCGCACTTG_021,38
AGCCACAAAACTCGCACTTG_022,149
AGCCACAAAACTCGCACTTG_023,96
AGCCACAAAACTCGCACTTG_024,79
AGCCACAAAACTCGCACTTG_025,115
AGCCACAAAACTCGCACTTG_026,58
AGCCACAAAACTCGCACTTG_027,183
AGCCACAAAACTCGCACTTG_028,156
AGCCACAAAACTCGCACTTG_029,17
AGCCACAAAACTCGCACTTG_030,40
AGCCACAAAACTCGCACTTG_031,17
AGCCACAAAACTCGCACTTG_032,104
AGCCACAAAACTCGCACTTG_033,45
GAAGTGATGCGATAATACGG_001,94
GAAGTGATGCGATAATACGG_002,130
GAAGTGATGCGATAATACGG_003,62
GAAGTGATGCGATAATACGG_004,41
GAAGTGATGCGATAATACGG_005,88
GAAGTGATGCGATAATACGG_006,152
GAAGTGATGCGATAATACGG_007,177
GAAGTGATGCGATAATACGG_008,69
GCTGATGGGTCGAACCAACA_001,63
GCTGATGGGTCGAACCAACA_002,106
GCTGATGGGTCGAACCAACA_003,72
GCTGATGGGTCGAACCAACA_004,149
GCTGATGGGTCGAACCAACA_005,191
GCTGATGGGTCGAACCAACA_006,191
GCTGATGGGTCGAACCAACA_007,88
GCTGATGGGTCGAACCAACA_008,41
GCTGATGGGTCGAACCAACA_009,160
GCTGATGGGTCGAACCAACA_010,80
GCTGATGGGTCGAACCAACA_011,128
GCTGATGGGTCGAACCAACA_012,185
GCTGATGGGTCGAACCAACA_013,62
GCTGATGGGTCGAACCAACA_014,125
GCTGATGGGTCGAACCAACA_015,36
GCTGATGGGTCGAACCAACA_016,51
ACACCTCGTGCATCCTCGTG_001,166
ACACCTCGTGCATCCTCGTG_002,91
ACACCTCGTGCATCCTCGTG_003,78
ACACCTCGTGCATCCTCGTG_004,62
ACACCTCGTGCATCCTCGTG_005,178
ACACCTCGTGCATCCTCGTG_006,156
ACACCTCGTGCATCCTCGTG_007,117
ACACCTCGTGCATCCTCGTG_008,160
ACACCTCGTGCATCCTCGTG_009,152
ACACCTCGTGCATCCTCGTG_010,45
CGTACACAACCCTATCAGAA_001,188
CGTACACAACCCTATCAGAA_002,82
ATCCTGTGGAACATACCATG_001,139
ATCCTGTGGAACATACCATG_002,101
ATCCTGTGGAACATACCATG_003,75
ATCCTGTGGAACATACCATG_004,157
ATCCTGTGGAACATACCATG_005,58
ATCCTGTGGAACATACCATG_006,152
ATCCTGTGGAACATACCATG_007,103
ATCCTGTGGAACATACCATG_008,50
ATCCTGTGGAACATACCATG_009,107
ATCCTGTGGAACATACCATG_010,91
ATCCTGTGGAACATACCATG_011,199
ATCCTGTGGAACATACCATG_012,191
TTAATTCCAACCAAATCCCG_001,102
TTAATTCCAACCAAATCCCG_002,138
TTAATTCCAACCAAATCCCG_003,46
TTAATTCCAACCAAATCCCG_004,37
TTAATTCCAACCAAATCCCG_005,153
TTAATTCCAACCAAATCCCG_006,141
TTAATTCCAACCAAATCCCG_007,111
TTAATTCCAACCAAATCCCG_008,110
TTAATTCCAACCAAATCCCG_009,16
CAATGGGAACATTTGTACTG_001,147
CAATGGGAACATTTGTACTG_002,82
CAATGGGAACATTTGTACTG_003,102
CAATGGGAACATTTGTACTG_004,184
CAATGGGAACATTTGTACTG_005,50
CAATGGGAACATTTGTACTG_006,177
CAATGGGAACATTTGTACTG_007,47
ATCAGGAACCAAGCTTCTGA_001,106
ATCAGGAACCAAGCTTCTGA_002,197
ATCAGGAACCAAGCTTCTGA_003,30
ATCAGGAACCAAGCTTCTGA_004,81
ATCAGGAACCAAGCTTCTGA_005,81
ATCAGGAACCAAGCTTCTGA_006,80
ATCAGGAACCAAGCTTCTGA_007,144
ATCAGGAACCAAGCTTCTGA_008,13
ATCAGGAACCAAGCTTCTGA_009,88
ATCAGGAACCAAGCTTCTGA_010,29
ATCAGGAACCAAGCTTCTGA_011,174
ATCAGGAACCAAGCTTCTGA_012,197
ATCAGGAACCAAGCTTCTGA_013,14
ATCAGGAACCAAGCTTCTGA_014,19
ATCAGGAACCAAGCTTCTGA_015,196
ATCAGGAACCAAGCTTCTGA_016,10
ATCAGGAACCAAGCTTCTGA_017,137
AGCTTGCGTCTGGAGTCTCA_001,181
AGCTTGCGTCTGGAGTCTCA_002,134
AGCTTGCGTCTGGAGTCTCA_003,195
AGCTTGCGTCTGGAGTCTCA_004,27
AGCTTGCGTCTGGAGTCTCA_005,42
AGCTTGCGTCTGGAGTCTCA_006,37
GACTGTCAGGTCCCAAATGG_001,29
GACTGTCAGGTCCCAAATGG_002,150
GACTGTCAGGTCCCAAATGG_003,1
GACTGTCAGGTCCCAAATGG_004,103
GACTGTCAGGTCCCAAATGG_005,17
GACTGTCAGGTCCCAAATGG_006,23
GACTGTCAGGTCCCAAATGG_007,98
GACTGTCAGGTCCCAAATGG_008,107
GACTGTCAGGTCCCAAATGG_009,174
GACTGTCAGGTCCCAAATGG_010,169
GAGCAAGCGGCTTCGCAGGG_001,145
GAGCAAGCGGCTTCGCAGGG_002,13
GAGCAAGCGGCTTCGCAGGG_003,38
GAGCAAGCGGCTTCGCAGGG_004,84
GAGCAAGCGGCTTCGCAGGG_005,60
GAGCAAGCGGCTTCGCAGGG_006,168
GAGCAAGCGGCTTCGCAGGG_007,196
GAGCAAGCGGCTTCGCAGGG_008,7
GAGCAAGCGGCTTCGCAGGG_009,15
GAGCAAGCGGCTTCGCAGGG_010,146
GAGCAAGCGGCTTCGCAGGG_011,106
GAGCAAGCGGCTTCGCAGGG_012,184
GAGCAAGCGGCTTCGCAGGG_013,169
GAGCAAGCGGCTTCGCAGGG_014,69
GAGCAAGCGGCTTCGCAGGG_015,26
GAGCAAGCGGCTTCGCAGGG_016,56
GAGCAAGCGGCTTCGCAGGG_017,48
GAGCAAGCGGCTTCGCAGGG_018,19
GAGCAAGCGGCTTCGCAGGG_019,115
AAGAGCTTCATACTCCGCAG_001,82
AAGAGCTTCATACTCCGCAG_002,55
AAGAGCTTCATACTCCGCAG_003,176
AAGAGCTTCATACTCCGCAG_004,30
AAGAGCTTCATACTCCGCAG_005,78
AAGAGCTTCATACTCCGCAG_006,160
AAGAGCTTCATACTCCGCAG_007,194
GAAACCAATACATAATTCAA_001,157
GAAACCAATACATAATTCAA_002,121
AGGTTGTTGGCATGGAATGG_001,153
AGGTTGTTGGCATGGAATGG_002,151
AGGTTGTTGGCATGGAATGG_003,104
AGGTTGTTGGCATGGAATGG_004,58
GGAACCAAGGGATTGACTTG_001,96
GGAACCAAGGGATTGACTTG_002,113
GGAACCAAGGGATTGACTTG_003,58
GGAACCAAGGGATTGACTTG_004,198
GGAACCAAGGGATTGACTTG_005,65
GGAACCAAGGGATTGACTTG_006,158
GGAACCAAGGGATTGACTTG_007,169
GGAACCAAGGGATTGACTTG_008,51
GGAACCAAGGGATTGACTTG_009,94
GGAACCAAGGGATTGACTTG_010,144
GGAACCAAGGGATTGACTTG_011,1
GGAACCAAGGGATTGACTTG_012,40
GGAACCAAGGGATTGACTTG_013,63
GGAACCAAGGGATTGACTTG_014,130
GGAACCAAGGGATTGACTTG_015,10
GGAATAATCCACCCATTTGG_001,169
GGAATAATCCACCCATTTGG_002,183
AACTTCTGCTGGAACCTCGA_001,177
AACTTCTGCTGGAACCTCGA_002,12
AACTTCTGCTGGAACCTCGA_003,72
AACTTCTGCTGGAACCTCGA_004,162
AACTTCTGCTGGAACCTCGA_005,157
AACTTCTGCTGGAACCTCGA_006,47
AACTTCTGCTGGAACCTCGA_007,147
AACTTCTGCTGGAACCTCGA_008,182
AACTTCTGCTGGAACCTCGA_009,73
AACTTCTGCTGGAACCTCGA_010,68
AACTTCTGCTGGAACCTCGA_011,48
AACTTCTGCTGGAACCTCGA_012,165
AACTTCTGCTGGAACCTCGA_013,34
AACTTCTGCTGGAACCTCGA_014,130
CCACAGAGAGCCCAGCGACG_001,50
CCACAGAGAGCCCAGCGACG_002,188
GATCAAACCAGACGAGAGCG_001,27
GATCAAACCAGACGAGAGCG_002,57
GATGCCCACTGCAATCAACA_001,84
GATGCCCACTGCAATCAACA_002,171
GATGCCCACTGCAATCAACA_003,134
GATGCCCACTGCAATCAACA_004,105
GATGCCCACTGCAATCAACA_005,105
GATGCCCACTGCAATCAACA_006,48
GATGCCCACTGCAATCAACA_007,29
GATGCCCACTGCAATCAACA_008,163
GATGCCCACTGCAATCAACA_009,126
GATGCCCACTGCAATCAACA_010,77
GATGCCCACTGCAATCAACA_011,63
GATGCCCACTGCAATCAACA_012,13
GATGCCCACTGCAATCAACA_013,9
GATGCCCACTGCAATCAACA_014,127
GATGCCCACTGCAATCAACA_015,68
GATGCCCACTGCAATCAACA_016,107
GATGCCCACTGCAATCAACA_017,12
GATGCCCACTGCAATCAACA_018,19
AGAGCTGACTGGGCTCATCG_001,37
AGAGCTGACTGGGCTCATCG_002,153
AGAGCTGACTGGGCTCATCG_003,73
AGAGCTGACTGGGCTCATCG_004,191
AGAGCTGACTGGGCTCATCG_005,105
AGAGCTGACTGGGCTCATCG_006,127
AGAGCTGACTGGGCTCATCG_007,151
AGAGCTGACTGGGCTCATCG_008,135
AGAGCTGACTGGGCTCATCG_009,161
AGAGCTGACTGGGCTCATCG_010,108
AGAGCTGACTGGGCTCATCG_011,114
AGAGCTGACTGGGCTCATCG_012,111
AGAGCTGACTGGGCTCATCG_013,105
AGAGCTGACTGGGCTCATCG_014,28
AGAGCTGACTGGGCTCATCG_015,27
AGAGCTGACTGGGCTCATCG_016,152
AGAGCTGACTGGGCTCATCG_017,61
AGAGCTGACTGGGCTCATCG_018,142
AGAGCTGACTGGGCTCATCG_019,104
AATAGCTACGTCCTGAGCTG_001,86
AATAGCTACGTCCTGAGCTG_002,197
AATAGCTACGTCCTGAGCTG_003,127
AATAGCTACGTCCTGAGCTG_004,159
AATAGCTACGTCCTGAGCTG_005,133
AATAGCTACGTCCTGAGCTG_006,13
AATAGCTACGTCCTGAGCTG_007,160
AATAGCTACGTCCTGAGCTG_008,146
AATAGCTACGTCCTGAGCTG_009,28
AATAGCTACGTCCTGAGCTG_010,10
AATAGCTACGTCCTGAGCTG_011,58
AATAGCTACGTCCTGAGCTG_012,17
AATAGCTACGTCCTGAGCTG_013,143
AATAGCTACGTCCTGAGCTG_014,5
AATAGCTACGTCCTGAGCTG_015,155
TACCAATAAAATCTCCAGCG_001,127
TACCAATAAAATCTCCAGCG_002,162
TACCAATAAAATCTCCAGCG_003,28
TACCAATAAAATCTCCAGCG_004,58
TACCAATAAAATCTCCAGCG_005,94
TACCAATAAAATCTCCAGCG_006,144
TCACGGTTTAGGTTGCACGA_001,153
TCACGGTTTAGGTTGCACGA_002,162
TCACGGTTTAGGTTGCACGA_003,174
TCACGGTTTAGGTTGCACGA_004,84
TCACGGTTTAGGTTGCACGA_005,105
TCACGGTTTAGGTTGCACGA_006,116
TCACGGTTTAGGTTGCACGA_007,176
TCACGGTTTAGGTTGCACGA_008,68
TCACGGTTTAGGTTGCACGA_009,23
TCACGGTTTAGGTTGCACGA_010,152
TCACGGTTTAGGTTGCACGA_011,90
CTAACACTCACCAAACACCT_001,144
CTAACACTCACCAAACACCT_002,182
TTCAATACAAACCTCCATCG_001,198
TTCAATACAAACCTCCATCG_002,158
TTCAATACAAACCTCCATCG_003,58
TTCAATACAAACCTCCATCG_004,95
TTCAATACAAACCTCCATCG_005,71
TTCAATACAAACCTCCATCG_006,198
TTCAATACAAACCTCCATCG_007,192
TTCAATACAAACCTCCATCG_008,162
TTCAATACAAACCTCCATCG_009,88
TTCAATACAAACCTCCATCG_010,70
TTCAATACAAACCTCCATCG_011,113
CGGCTGAGACAACAGGACAT_001,73
CGGCTGAGACAACAGGACAT_002,121
CGGCTGAGACAACAGGACAT_003,149
CGGCTGAGACAACAGGACAT_004,152
CGGCTGAGACAACAGGACAT_005,109
CGGCTGAGACAACAGGACAT_006,87
CGGCTGAGACAACAGGACAT_007,169
CGGCTGAGACAACAGGACAT_008,17
CGGCTGAGACAACAGGACAT_009,100
CGGCTGAGACAACAGGACAT_010,189
CGGCTGAGACAACAGGACAT_011,53
CGGCTGAGACAACAGGACAT_012,76
CGGCTGAGACAACAGGACAT_013,15
CGGCTGAGACAACAGGACAT_014,84
CGGCTGAGACAACAGGACAT_015,168
CGGCTGAGACAACAGGACAT_016,156
CGGCTGAGACAACAGGACAT_017,85
CGGCTGAGACAACAGGACAT_018,186
CGGCTGAGACAACAGGACAT_019,50
CGGCTGAGACAACAGGACAT_020,85
CGGCTGAGACAACAGGACAT_021,105
CGGCTGAGACAACAGGACAT_022,189
CGGCTGAGACAACAGGACAT_023,172
CGGCTGAGACAACAGGACAT_024,60
CGGCTGAGACAACAGGACAT_025,198
CGGCTGAGACAACAGGACAT_026,78
CGGCTGAGACAACAGGACAT_027,106
CGGCTGAGACAACAGGACAT_028,76
CGGCTGAGACAACAGGACAT_029,48
CGGCTGAGACAACAGGACAT_030,119
CGGCTGAGACAACAGGACAT_031,128
CGGCTGAGACAACAGGACAT_032,166
CGGCTGAGACAACAGGACAT_033,169
CGGCTGAGACAACAGGACAT_034,77
CGGCTGAGACAACAGGACAT_035,15
CGGCTGAGACAACAGGACAT_036,2
CGGCTGAGACAACAGGACAT_037,178
CGGCTGAGACAACAGGACAT_038,49
CGGCTGAGACAACAGGACAT_039,49
CGGCTGAGACAACAGGACAT_040,65
CGGCTGAGACAACAGGACAT_041,0
CGGCTGAGACAACAGGACAT_042,42
CGGCTGAGACAACAGGACAT_043,21
GGAGATCAAGCAGCTCACAG_001,181
GGAGATCAAGCAGCTCACAG_002,155
GGAGATCAAGCAGCTCACAG_003,130
GGAGATCAAGCAGCTCACAG_004,140
GGAGATCAAGCAGCTCACAG_005,129
GGAGATCAAGCAGCTCACAG_006,137
GGAGATCAAGCAGCTCACAG_007,76
ACATACCTGAATGGTGAAAG_001,156
ACATACCTGAATGGTGAAAG_002,170
GACGACCCGGAGCTCCGACA_001,154
GACGACCCGGAGCTCCGACA_002,35
GACGACCCGGAGCTCCGACA_003,127
GACGACCCGGAGCTCCGACA_004,92
GACGACCCGGAGCTCCGACA_005,158
GACGACCCGGAGCTCCGACA_006,162
GACGACCCGGAGCTCCGACA_007,189
GACGACCCGGAGCTCCGACA_008,199
ATGTATGCATTTATGCTCTG_001,112
ATGTATGCATTTATGCTCTG_002,198
TGAAGGTCTCGTCCCAGACG_001,48
TGAAGGTCTCGTCCCAGACG_002,191
TGAAGGTCTCGTCCCAGACG_003,41
TGAAGGTCTCGTCCCAGACG_004,178
TGAAGGTCTCGTCCCAGACG_005,75
TGAAGGTCTCGTCCCAGACG_006,108
TGAAGGTCTCGTCCCAGACG_007,88
TGAAGGTCTCGTCCCAGACG_008,103
TGAAGGTCTCGTCCCAGACG_009,198
AACGTTTGATGACAGACAGA_001,56
AACGTTTGATGACAGACAGA_002,77
AACGTTTGATGACAGACAGA_003,182
AACGTTTGATGACAGACAGA_004,50
AACGTTTGATGACAGACAGA_005,73
AACGTTTGATGACAGACAGA_006,154
AACGTTTGATGACAGACAGA_007,17
AACGTTTGATGACAGACAGA_008,98
AACGTTTGATGACAGACAGA_009,176
AACGTTTGATGACAGACAGA_010,101
TCACGATGGACCCAATGAAG_001,130
TCACGATGGACCCAATGAAG_002,144
AACTTTAACTGGGACCACTG_001,0
AACTTTAACTGGGACCACTG_002,31
AACTTTAACTGGGACCACTG_003,108
AACTTTAACTGGGACCACTG_004,83
AACTTTAACTGGGACCACTG_005,15
AACTTTAACTGGGACCACTG_006,35
AACTTTAACTGGGACCACTG_007,70
AACTTTAACTGGGACCACTG_008,48
AACTTTAACTGGGACCACTG_009,129
AACTTTAACTGGGACCACTG_010,197
AACTTTAACTGGGACCACTG_011,27
AACTTTAACTGGGACCACTG_012,37
ACGTGGGCACCACTGCACTG_001,103
ACGTGGGCACCACTGCACTG_002,104
ACGTGGGCACCACTGCACTG_003,199
ACGTGGGCACCACTGCACTG_004,29
ACGTGGGCACCACTGCACTG_005,15
ACGTGGGCACCACTGCACTG_006,177
ACGTGGGCACCACTGCACTG_007,112
ACGTGGGCACCACTGCACTG_008,102
ACGTGGGCACCACTGCACTG_009,18
ACGTGGGCACCACTGCACTG_010,155
ACGTGGGCACCACTGCACTG_011,158
ACGTGGGCACCACTGCACTG_012,150
ACGTGGGCACCACTGCACTG_013,20
ACGTGGGCACCACTGCACTG_014,62
ACGTGGGCACCACTGCACTG_015,188
ACGTGGGCACCACTGCACTG_016,25
ACGTGGGCACCACTGCACTG_017,184
ACGTGGGCACCACTGCACTG_018,63
ACGTGGGCACCACTGCACTG_019,0
ACGTGGGCACCACTGCACTG_020,119
ACGTGGGCACCACTGCACTG_021,184
ACGTGGGCACCACTGCACTG_022,149
ACGTGGGCACCACTGCACTG_023,31
TAGAACAAAGTCTGATTCCG_001,3
TAGAACAAAGTCTGATTCCG_002,96
TAGAACAAAGTCTGATTCCG_003,78
TAGAACAAAGTCTGATTCCG_004,16
GGTACTCTACGCGCACGATG_001,182
GGTACTCTACGCGCACGATG_002,72
GGTACTCTACGCGCACGATG_003,88
GGTACTCTACGCGCACGATG_004,149
GGTACTCTACGCGCACGATG_005,138
GGTACTCTACGCGCACGATG_006,138
GGTACTCTACGCGCACGATG_007,117
GGTACTCTACGCGCACGATG_008,185
GGTACTCTACGCGCACGATG_009,127
GGTACTCTACGCGCACGATG_010,162
GGTACTCTACGCGCACGATG_011,194
GGTACTCTACGCGCACGATG_012,184
GGTACTCTACGCGCACGATG_013,40
GGTACTCTACGCGCACGATG_014,133
CAGGCTTAGAGACACAGTGA_001,96
CAGGCTTAGAGACACAGTGA_002,196
CAGGCTTAGAGACACAGTGA_003,6
CAGGCTTAGAGACACAGTGA_004,192
CAGGCTTAGAGACACAGTGA_005,162
AAATGGTATCAAAGTAACAG_001,148
AAATGGTATCAAAGTAACAG_002,94
CAGGCCTGGGAAGTGAACAA_001,105
CAGGCCTGGGAAGTGAACAA_002,42
CAGGCCTGGGAAGTGAACAA_003,9
CAGGCCTGGGAAGTGAACAA_004,44
CAGGCCTGGGAAGTGAACAA_005,169
CAGGCCTGGGAAGTGAACAA_006,44
CAGGCCTGGGAAGTGAACAA_007,93
CAGGCCTGGGAAGTGAACAA_008,159
CAGGCCTGGGAAGTGAACAA_009,49
CAGGCCTGGGAAGTGAACAA_010,41
CAGGCCTGGGAAGTGAACAA_011,57
CAGGCCTGGGAAGTGAACAA_012,124
CAGGCCTGGGAAGTGAACAA_013,169
TGGTGATGATGCATCATAGG_001,24
TGGTGATGATGCATCATAGG_002,141
TCGATCGAGGTTGCATTCGG_001,9
TCGATCGAGGTTGCATTCGG_002,113
TCGATCGAGGTTGCATTCGG_003,5
TCGATCGAGGTTGCATTCGG_004,57
TCGATCGAGGTTGCATTCGG_005,146
TCGATCGAGGTTGCATTCGG_006,60
TCGATCGAGGTTGCATTCGG_007,182
TCGATCGAGGTTGCATTCGG_008,27
TCGATCGAGGTTGCATTCGG_009,139
TCGATCGAGGTTGCATTCGG_010,30
TCGATCGAGGTTGCATTCGG_011,65
TCGATCGAGGTTGCATTCGG_012,158
TCGATCGAGGTTGCATTCGG_013,129
TCGATCGAGGTTGCATTCGG_014,170
TCGATCGAGGTTGCATTCGG_015,12
TCGATCGAGGTTGCATTCGG_016,76
TCGATCGAGGTTGCATTCGG_017,94
TCGATCGAGGTTGCATTCGG_018,193
TCGATCGAGGTTGCATTCGG_019,152
TCGATCGAGGTTGCATTCGG_020,49
TCGATCGAGGTTGCATTCGG_021,124
TCGATCGAGGTTGCATTCGG_022,182
TCGATCGAGGTTGCATTCGG_023,55
TCGATCGAGGTTGCATTCGG_024,76
TGTACACCGAGTTTCTGCAC_001,181
TGTACACCGAGTTTCTGCAC_002,165
TGTACACCGAGTTTCTGCAC_003,154
TGTACACCGAGTTTCTGCAC_004,90
TGTACACCGAGTTTCTGCAC_005,116
TGTACACCGAGTTTCTGCAC_006,168
TTTGACAGCCCACTTTAGGG_001,43
TTTGACAGCCCACTTTAGGG_002,123
TTTGACAGCCCACTTTAGGG_003,94
TTTGACAGCCCACTTTAGGG_004,40
TTTGACAGCCCACTTTAGGG_005,179
TTTGACAGCCCACTTTAGGG_006,108
TTTGACAGCCCACTTTAGGG_007,88
TTTGACAGCCCACTTTAGGG_008,96
TTTGACAGCCCACTTTAGGG_009,129
TTTGACAGCCCACTTTAGGG_010,70
TTTGACAGCCCACTTTAGGG_011,0
TTTGACAGCCCACTTTAGGG_012,3
GCAGAGGGCAGTTCCCTCTG_001,154
GCAGAGGGCAGTTCCCTCTG_002,122
GCAGAGGGCAGTTCCCTCTG_003,187
GCAGAGGGCAGTTCCCTCTG_004,68
GCAGAGGGCAGTTCCCTCTG_005,62
GCAGAGGGCAGTTCCCTCTG_006,88
GCAGAGGGCAGTTCCCTCTG_007,92
GCAGAGGGCAGTTCCCTCTG_008,112
GCAGAGGGCAGTTCCCTCTG_009,58
GCAGAGGGCAGTTCCCTCTG_010,124
GCAGAGGGCAGTTCCCTCTG_011,170
GCAGAGGGCAGTTCCCTCTG_012,193
GCAGAGGGCAGTTCCCTCTG_013,180
GCAGAGGGCAGTTCCCTCTG_014,190
GCAGAGGGCAGTTCCCTCTG_015,105
GCAGAGGGCAGTTCCCTCTG_016,13
GCAGAGGGCAGTTCCCTCTG_017,43
GCAGAGGGCAGTTCCCTCTG_018,88
GCAGAGGGCAGTTCCCTCTG_019,103
GCAGAGGGCAGTTCCCTCTG_020,148
GCAGAGGGCAGTTCCCTCTG_021,143
GCAGAGGGCAGTTCCCTCTG_022,72
GCAGAGGGCAGTTCCCTCTG_023,30
GCAGAGGGCAGTTCCCTCTG_024,155
GCAGAGGGCAGTTCCCTCTG_025,61
GCAGAGGGCAGTTCCCTCTG_026,31
GTTAAAAAAGGTGTCGTCGA_001,77
GTTAAAAAAGGTGTCGTCGA_002,113
GTTAAAAAAGGTGTCGTCGA_003,61
GTTAAAAAAGGTGTCGTCGA_004,105
GTTAAAAAAGGTGTCGTCGA_005,152
GTTAAAAAAGGTGTCGTCGA_006,198
TGCCTCTCCCTTACCCGGAC_001,76
TGCCTCTCCCTTACCCGGAC_002,192
TGCCTCTCCCTTACCCGGAC_003,148
TGCCTCTCCCTTACCCGGAC_004,80
TGCCTCTCCCTTACCCGGAC_005,127
TGCCTCTCCCTTACCCGGAC_006,189
TGCCTCTCCCTTACCCGGAC_007,139
TGCCTCTCCCTTACCCGGAC_008,199
TGCCTCTCCCTTACCCGGAC_009,34
TGCCTCTCCCTTACCCGGAC_010,93
TGCCTCTCCCTTACCCGGAC_011,44
TGCCTCTCCCTTACCCGGAC_012,25
TGCCTCTCCCTTACCCGGAC_013,9
TGCCTCTCCCTTACCCGGAC_014,16
TGCCTCTCCCTTACCCGGAC_015,94
TGCCTCTCCCTTACCCGGAC_016,73
TGCCTCTCCCTTACCCGGAC_017,72
TGCCTCTCCCTTACCCGGAC_018,199
TGCCTCTCCCTTACCCGGAC_019,191
TGCCTCTCCCTTACCCGGAC_020,84
TGCCTCTCCCTTACCCGGAC_021,118
TGCCTCTCCCTTACCCGGAC_022,175
TGCCTCTCCCTTACCCGGAC_023,63
TGCCTCTCCCTTACCCGGAC_024,121
TGCCTCTCCCTTACCCGGAC_025,14
TGCCTCTCCCTTACCCGGAC_026,90
TGCCTCTCCCTTACCCGGAC_027,26
GCAGGTGAAACATCTTACAC_001,150
GCAGGTGAAACATCTTACAC_002,184
GCAGGTGAAACATCTTACAC_003,78
GCAGGTGAAACATCTTACAC_004,68
GCAGGTGAAACATCTTACAC_005,123
GCAGGTGAAACATCTTACAC_006,123
GCAGGTGAAACATCTTACAC_007,81
GCAGGTGAAACATCTTACAC_008,155
CAGCGCCAGCAGGTTGGACA_001,60
CAGCGCCAGCAGGTTGGACA_002,169
CAGCGCCAGCAGGTTGGACA_003,98
CAGCGCCAGCAGGTTGGACA_004,60
CAGCGCCAGCAGGTTGGACA_005,130
CAGCGCCAGCAGGTTGGACA_006,42
CAGCGCCAGCAGGTTGGACA_007,142
CAGCGCCAGCAGGTTGGACA_008,32
CAGCGCCAGCAGGTTGGACA_009,150
CAGCGCCAGCAGGTTGGACA_010,94
CAGCGCCAGCAGGTTGGACA_011,182
CAGCGCCAGCAGGTTGGACA_012,199
CAGCGCCAGCAGGTTGGACA_013,69
CAGCGCCAGCAGGTTGGACA_014,76
GGAGTGAAGCCATTCACACG_001,100
GGAGTGAAGCCATTCACACG_002,108
GGAGTGAAGCCATTCACACG_003,49
GGAGTGAAGCCATTCACACG_004,19
GGAGTGAAGCCATTCACACG_005,190
GGAGTGAAGCCATTCACACG_006,115
GGAGTGAAGCCATTCACACG_007,121
GGAGTGAAGCCATTCACACG_008,79
GGAGTGAAGCCATTCACACG_009,188
GGAGTGAAGCCATTCACACG_010,94
GGAGTGAAGCCATTCACACG_011,28
GGAGTGAAGCCATTCACACG_012,113
GGAGTGAAGCCATTCACACG_013,150
GGAGTGAAGCCATTCACACG_014,94
GGAGTGAAGCCATTCACACG_015,66
GGAGTGAAGCCATTCACACG_016,44
GGAGTGAAGCCATTCACACG_017,14
GGAGTGAAGCCATTCACACG_018,74
GGAGTGAAGCCATTCACACG_019,28
CCTCCAGACACACCATATGA_001,162
CCTCCAGACACACCATATGA_002,174
CCTCCAGACACACCATATGA_003,32
CCTCCAGACACACCATATGA_004,194
CCTCCAGACACACCATATGA_005,65
TATTTCCTATGTCCAAGATG_001,78
GAATTTCAGGTGCCCCACGA_001,95
GAATTTCAGGTGCCCCACGA_002,49
GAATTTCAGGTGCCCCACGA_003,162
GAATTTCAGGTGCCCCACGA_004,160
GAATTTCAGGTGCCCCACGA_005,104
GAATTTCAGGTGCCCCACGA_006,27
GAATTTCAGGTGCCCCACGA_007,5
ACCCCAGGGCCCGCAAACAG_001,73
ACCCCAGGGCCCGCAAACAG_002,160
ACCCCAGGGCCCGCAAACAG_003,77
ACCCCAGGGCCCGCAAACAG_004,103
ACCCCAGGGCCCGCAAACAG_005,50
ACCCCAGGGCCCGCAAACAG_006,128
ACCCCAGGGCCCGCAAACAG_007,53
ACCCCAGGGCCCGCAAACAG_008,157
ACCCCAGGGCCCGCAAACAG_009,157
ACCCCAGGGCCCGCAAACAG_010,141
ACCCCAGGGCCCGCAAACAG_011,121
ACCCCAGGGCCCGCAAACAG_012,157
ACCCCAGGGCCCGCAAACAG_013,176
ACCCCAGGGCCCGCAAACAG_014,192
ACCCCAGGGCCCGCAAACAG_015,98
ACCCCAGGGCCCGCAAACAG_016,98
ACCCCAGGGCCCGCAAACAG_017,74
ACCCCAGGGCCCGCAAACAG_018,20
ACCCCAGGGCCCGCAAACAG_019,195
ACCCCAGGGCCCGCAAACAG_020,83
ACCCCAGGGCCCGCAAACAG_021,70
ACCCCAGGGCCCGCAAACAG_022,41
ACCCCAGGGCCCGCAAACAG_023,58
ACCCCAGGGCCCGCAAACAG_024,49
ACCCCAGGGCCCGCAAACAG_025,189
ACCCCAGGGCCCGCAAACAG_026,60
ACCCCAGGGCCCGCAAACAG_027,81
ACCCCAGGGCCCGCAAACAG_028,56
ACCCCAGGGCCCGCAAACAG_029,181
ACCCCAGGGCCCGCAAACAG_030,101
ACCCCAGGGCCCGCAAACAG_031,163
ACCCCAGGGCCCGCAAACAG_032,28
ACCCCAGGGCCCGCAAACAG_033,136
ACCCCAGGGCCCGCAAACAG_034,168
TGTCACACAGTTTAACAAGG_001,49
TGTCACACAGTTTAACAAGG_002,84
TGTCACACAGTTTAACAAGG_003,173
GCCCCTTATGATTGTTATAG_001,11
GCCCCTTATGATTGTTATAG_002,77
GCCCCTTATGATTGTTATAG_003,17
TACTGGCTATTGCAATCGAG_001,63
GCTCATGAACAAGATTAGAG_001,163
GCTCATGAACAAGATTAGAG_002,102
GCTCATGAACAAGATTAGAG_003,60
GCTCATGAACAAGATTAGAG_004,116
GCTCATGAACAAGATTAGAG_005,98
GCTCATGAACAAGATTAGAG_006,14
GCTCATGAACAAGATTAGAG_007,46
GACCAGACGTCAGTCTAACA_001,130
GACAGGAGCAACGATAATGG_001,93
GACAGGAGCAACGATAATGG_002,72
GACAGGAGCAACGATAATGG_003,52
GACAGGAGCAACGATAATGG_004,157
GACAGGAGCAACGATAATGG_005,162
GACAGGAGCAACGATAATGG_006,28
GACAGGAGCAACGATAATGG_007,70
GACAGGAGCAACGATAATGG_008,88
GACAGGAGCAACGATAATGG_009,136
GACAGGAGCAACGATAATGG_010,104
GACAGGAGCAACGATAATGG_011,167
GCAGGTCACCCATATGTAGG_001,27
GCAGGTCACCCATATGTAGG_002,94
GCAGGTCACCCATATGTAGG_003,198
GCAGGTCACCCATATGTAGG_004,49
GCAGGTCACCCATATGTAGG_005,62
CTGCGATGACAACCATCCCG_001,81
CTGCGATGACAACCATCCCG_002,108
CTGCGATGACAACCATCCCG_003,102
CTGCGATGACAACCATCCCG_004,165
CTGCGATGACAACCATCCCG_005,5
CTGCGATGACAACCATCCCG_006,104
CAGGCGTTCAGCCAACACAG_001,41
CAGGCGTTCAGCCAACACAG_002,54
CAGGCGTTCAGCCAACACAG_003,198
CAGGCGTTCAGCCAACACAG_004,50
CAGGCGTTCAGCCAACACAG_005,171
CAGGCGTTCAGCCAACACAG_006,58
CAGGCGTTCAGCCAACACAG_007,48
CAGGCGTTCAGCCAACACAG_008,82
CAGGCGTTCAGCCAACACAG_009,15
CAGGCGTTCAGCCAACACAG_010,146
CAGGCGTTCAGCCAACACAG_011,42
CAGGCGTTCAGCCAACACAG_012,97
CAGGCGTTCAGCCAACACAG_013,97
CAGGCGTTCAGCCAACACAG_014,116
CAGGCGTTCAGCCAACACAG_015,70
CAGGCGTTCAGCCAACACAG_016,97
CAGGCGTTCAGCCAACACAG_017,56
CAGGCGTTCAGCCAACACAG_018,199
CAGGCGTTCAGCCAACACAG_019,126
CAGGCGTTCAGCCAACACAG_020,52
GGTCTTGGCCTCAAACCTGA_001,116
GGTCTTGGCCTCAAACCTGA_002,17
GGTCTTGGCCTCAAACCTGA_003,20
GGTCTTGGCCTCAAACCTGA_004,56
GGTCTTGGCCTCAAACCTGA_005,188
GGTCTTGGCCTCAAACCTGA_006,58
GGTCTTGGCCTCAAACCTGA_007,61
GGTCTTGGCCTCAAACCTGA_008,65
GGTCTTGGCCTCAAACCTGA_009,48
GGTCTTGGCCTCAAACCTGA_010,81
TCCACGGGATACACCTTCCG_001,170
TCCACGGGATACACCTTCCG_002,161
TCCACGGGATACACCTTCCG_003,103
TCCACGGGATACACCTTCCG_004,153
TGCTGTTCCATGGACCCAGA_001,72
TGCTGTTCCATGGACCCAGA_002,162
TGCTGTTCCATGGACCCAGA_003,138
TGCTGTTCCATGGACCCAGA_004,88
TGCTGTTCCATGGACCCAGA_005,48
TGCTGTTCCATGGACCCAGA_006,178
TGCTGTTCCATGGACCCAGA_007,12
TGCTGTTCCATGGACCCAGA_008,62
TGCTGTTCCATGGACCCAGA_009,198
TGCTGTTCCATGGACCCAGA_010,119
TGCTGTTCCATGGACCCAGA_011,119
TGCTGTTCCATGGACCCAGA_012,198
CTCAAACTTGTACTTGCAGT_001,183
CTCAAACTTGTACTTGCAGT_002,89
GCAGCGATGAAGCAATCATG_001,119
GCAGCGATGAAGCAATCATG_002,135
GCAGCGATGAAGCAATCATG_003,199
GCAGCGATGAAGCAATCATG_004,192
GCAGCGATGAAGCAATCATG_005,30
GCAGCGATGAAGCAATCATG_006,117
GCAGCGATGAAGCAATCATG_007,81
GCAGCGATGAAGCAATCATG_008,0
GCAGCGATGAAGCAATCATG_009,94
GCAGCGATGAAGCAATCATG_010,118
GCAGCGATGAAGCAATCATG_011,68
GCAGCGATGAAGCAATCATG_012,10
GCAGCGATGAAGCAATCATG_013,168
GCAGCGATGAAGCAATCATG_014,102
AGAAGTTCCCCTAAGCGCTG_001,146
AGAAGTTCCCCTAAGCGCTG_002,1
AGAAGTTCCCCTAAGCGCTG_003,95
AGAAGTTCCCCTAAGCGCTG_004,29
AGAAGTTCCCCTAAGCGCTG_005,127
AGAAGTTCCCCTAAGCGCTG_006,9
AGAAGTTCCCCTAAGCGCTG_007,147
AGAAGTTCCCCTAAGCGCTG_008,115
AGAAGTTCCCCTAAGCGCTG_009,106
AGAAGTTCCCCTAAGCGCTG_010,114
AGAAGTTCCCCTAAGCGCTG_011,84
AGAAGTTCCCCTAAGCGCTG_012,128
AGAAGTTCCCCTAAGCGCTG_013,126
AGAAGTTCCCCTAAGCGCTG_014,48
AGAAGTTCCCCTAAGCGCTG_015,77
AGAAGTTCCCCTAAGCGCTG_016,1
AGAAGTTCCCCTAAGCGCTG_017,130
AGAAGTTCCCCTAAGCGCTG_018,147
AGAAGTTCCCCTAAGCGCTG_019,129
AGAAGTTCCCCTAAGCGCTG_020,152
AGAAGTTCCCCTAAGCGCTG_021,100
AGAAGTTCCCCTAAGCGCTG_022,22
AGAAGTTCCCCTAAGCGCTG_023,161
AGAAGTTCCCCTAAGCGCTG_024,47
AGAAGTTCCCCTAAGCGCTG_025,178
AGAAGTTCCCCTAAGCGCTG_026,160
AGAAGTTCCCCTAAGCGCTG_027,160
AGAAGTTCCCCTAAGCGCTG_028,52
AGAAGTTCCCCTAAGCGCTG_029,101
AGAAGTTCCCCTAAGCGCTG_030,101
AGAAGTTCCCCTAAGCGCTG_031,29
AGAAGTTCCCCTAAGCGCTG_032,78
AGAAGTTCCCCTAAGCGCTG_033,58
TGTCGGCTACACTTGAACAG_001,104
TGTCGGCTACACTTGAACAG_002,49
TGTCGGCTACACTTGAACAG_003,3
TGTCGGCTACACTTGAACAG_004,168
TGTCGGCTACACTTGAACAG_005,162
TGTCGGCTACACTTGAACAG_006,30
TGAAAACACGCACATTGTCG_001,104
TGAAAACACGCACATTGTCG_002,157
TGAAAACACGCACATTGTCG_003,102
TGGCCACATGGACATACGAG_001,75
TGGCCACATGGACATACGAG_002,170
TGGCCACATGGACATACGAG_003,115
TGGCCACATGGACATACGAG_004,9
GCCTGGAAGAGAGCTCAATG_001,186
GCCTGGAAGAGAGCTCAATG_002,186
GCCTGGAAGAGAGCTCAATG_003,144
GCCTGGAAGAGAGCTCAATG_004,145
GCCTGGAAGAGAGCTCAATG_005,58
GAGTCCGGGGAATAAGAGGC_001,118
GAGTCCGGGGAATAAGAGGC_002,138
GAGTCCGGGGAATAAGAGGC_003,2
GAGTCCGGGGAATAAGAGGC_004,107
GAGTCCGGGGAATAAGAGGC_005,0
GAGTCCGGGGAATAAGAGGC_006,105
GAGTCCGGGGAATAAGAGGC_007,111
GAGTCCGGGGAATAAGAGGC_008,70
GAGTCCGGGGAATAAGAGGC_009,154
GAGTCCGGGGAATAAGAGGC_010,133
GAGTCCGGGGAATAAGAGGC_011,40
GAGTCCGGGGAATAAGAGGC_012,142
GAGTCCGGGGAATAAGAGGC_013,34
GAGTCCGGGGAATAAGAGGC_014,77
GAGTCCGGGGAATAAGAGGC_015,14
TGCTGTTCCTCCATACCAGG_001,35
TGCTGTTCCTCCATACCAGG_002,60
TGCTGTTCCTCCATACCAGG_003,103
TGCTGTTCCTCCATACCAGG_004,72
TGCTGTTCCTCCATACCAGG_005,130
TGCTGTTCCTCCATACCAGG_006,59
TGCTGTTCCTCCATACCAGG_007,36
TGCTGTTCCTCCATACCAGG_008,20
TGCTGTTCCTCCATACCAGG_009,14
TGCTGTTCCTCCATACCAGG_010,47
TGCTGTTCCTCCATACCAGG_011,168
TGCTGTTCCTCCATACCAGG_012,23
TGCTGTTCCTCCATACCAGG_013,138
TGCTGTTCCTCCATACCAGG_014,29
TGCTGTTCCTCCATACCAGG_015,109
TGCTGTTCCTCCATACCAGG_016,43
TGCTGTTCCTCCATACCAGG_017,155
TGCTGTTCCTCCATACCAGG_018,180
TGCTGTTCCTCCATACCAGG_019,145
TGCTGTTCCTCCATACCAGG_020,152
CCGAGGACGAACACGACCAG_001,172
TGCCTGCAGCAGTGAGTACA_001,125
TGCCTGCAGCAGTGAGTACA_002,170
TGCCTGCAGCAGTGAGTACA_003,120
TGCCTGCAGCAGTGAGTACA_004,74
TGCCTGCAGCAGTGAGTACA_005,22
TGCCTGCAGCAGTGAGTACA_006,78
TGCCTGCAGCAGTGAGTACA_007,65
TGCCTGCAGCAGTGAGTACA_008,98
TGCCTGCAGCAGTGAGTACA_009,60
TGCCTGCAGCAGTGAGTACA_010,151
TGCCTGCAGCAGTGAGTACA_011,37
TGCCTGCAGCAGTGAGTACA_012,121
TGCCTGCAGCAGTGAGTACA_013,19
TGCCTGCAGCAGTGAGTACA_014,174
TGCCTGCAGCAGTGAGTACA_015,110
TGCCTGCAGCAGTGAGTACA_016,78
TGCCTGCAGCAGTGAGTACA_017,162
TCTGGCTGCTAGCTACCAAG_001,166
TCTGGCTGCTAGCTACCAAG_002,166
TGCTGAGGACTGCCCCATCG_001,156
TGCTGAGGACTGCCCCATCG_002,189
TGCTGAGGACTGCCCCATCG_003,88
TGCTGAGGACTGCCCCATCG_004,103
TGCTGAGGACTGCCCCATCG_005,96
TGCTGAGGACTGCCCCATCG_006,56
TGCTGAGGACTGCCCCATCG_007,49
TGCTGAGGACTGCCCCATCG_008,155
TGCTGAGGACTGCCCCATCG_009,69
TGCTGAGGACTGCCCCATCG_010,105
TGCTGAGGACTGCCCCATCG_011,177
TGCTGAGGACTGCCCCATCG_012,177
TGCTGAGGACTGCCCCATCG_013,175
ACTGCATTACTTCATAACGC_001,77
ATGCTTCTTCGGATCATCAA_001,8
CCATAGGACAAGCCACGCCA_001,166
CCATAGGACAAGCCACGCCA_002,102
CCATAGGACAAGCCACGCCA_003,41
CCATAGGACAAGCCACGCCA_004,69
CCATAGGACAAGCCACGCCA_005,114
CCATAGGACAAGCCACGCCA_006,174
CCATAGGACAAGCCACGCCA_007,120
CCATAGGACAAGCCACGCCA_008,147
CCATAGGACAAGCCACGCCA_009,61
CCATAGGACAAGCCACGCCA_010,83
CCATAGGACAAGCCACGCCA_011,70
CCATAGGACAAGCCACGCCA_012,102
CCATAGGACAAGCCACGCCA_013,6
CCATAGGACAAGCCACGCCA_014,108
CCATAGGACAAGCCACGCCA_015,45
CCATAGGACAAGCCACGCCA_016,52
CCATAGGACAAGCCACGCCA_017,48
CCATAGGACAAGCCACGCCA_018,0
CCATAGGACAAGCCACGCCA_019,33
CCATAGGACAAGCCACGCCA_020,137
CCATAGGACAAGCCACGCCA_021,94
TGACGTGCGATGTGTAAACG_001,49
TGACGTGCGATGTGTAAACG_002,175
TGACGTGCGATGTGTAAACG_003,12
TGACGTGCGATGTGTAAACG_004,36
TGACGTGCGATGTGTAAACG_005,2
TGACGTGCGATGTGTAAACG_006,98
TGACGTGCGATGTGTAAACG_007,29
TGACGTGCGATGTGTAAACG_008,113
TGACGTGCGATGTGTAAACG_009,88
TGACGTGCGATGTGTAAACG_010,117
TGACGTGCGATGTGTAAACG_011,82
TGACGTGCGATGTGTAAACG_012,98
TGACGTGCGATGTGTAAACG_013,29
TGACGTGCGATGTGTAAACG_014,103
TGACGTGCGATGTGTAAACG_015,91
TGACGTGCGATGTGTAAACG_016,137
ACTCATCATGTCCCGCAGCT_001,184
ACTCATCATGTCCCGCAGCT_002,138
ACTCATCATGTCCCGCAGCT_003,106
ACTCATCATGTCCCGCAGCT_004,63
GACCCGCGCCTGATGCACGT_001,48
GACCCGCGCCTGATGCACGT_002,115
GACCCGCGCCTGATGCACGT_003,85
GACCCGCGCCTGATGCACGT_004,198
GACCCGCGCCTGATGCACGT_005,169
GACCCGCGCCTGATGCACGT_006,81
GACCCGCGCCTGATGCACGT_007,12
GACCCGCGCCTGATGCACGT_008,75
GACCCGCGCCTGATGCACGT_009,30
GACCCGCGCCTGATGCACGT_010,157
GACCCGCGCCTGATGCACGT_011,83
CAAGATACTGAGAGCCAGGA_001,172
CAAGATACTGAGAGCCAGGA_002,14
CAAGATACTGAGAGCCAGGA_003,199
CAAGATACTGAGAGCCAGGA_004,148
CAAGATACTGAGAGCCAGGA_005,50
CAAGATACTGAGAGCCAGGA_006,68
CAAGATACTGAGAGCCAGGA_007,176
CAAGATACTGAGAGCCAGGA_008,187
CAAGATACTGAGAGCCAGGA_009,161
CAAGATACTGAGAGCCAGGA_010,81
CAAGATACTGAGAGCCAGGA_011,185
CAAGATACTGAGAGCCAGGA_012,50
CAAGATACTGAGAGCCAGGA_013,88
CAAGATACTGAGAGCCAGGA_014,168
CAAGATACTGAGAGCCAGGA_015,91
CAAGATACTGAGAGCCAGGA_016,2
CAAGATACTGAGAGCCAGGA_017,148
CAAGATACTGAGAGCCAGGA_018,170
CAAGATACTGAGAGCCAGGA_019,56
CAAGATACTGAGAGCCAGGA_020,76
CAAGATACTGAGAGCCAGGA_021,106
CAAGATACTGAGAGCCAGGA_022,0
CAAGATACTGAGAGCCAGGA_023,168
CAAGATACTGAGAGCCAGGA_024,12
GAGAGCTCCATCTCCTACGG_001,95
GAGAGCTCCATCTCCTACGG_002,107
CGAGGCCCACAACATTGGTG_001,81
CGAGGCCCACAACATTGGTG_002,1
CGAGGCCCACAACATTGGTG_003,166
CGAGGCCCACAACATTGGTG_004,172
CGAGGCCCACAACATTGGTG_005,104
CGAGGCCCACAACATTGGTG_006,75
CGAGGCCCACAACATTGGTG_007,113
CGAGGCCCACAACATTGGTG_008,75
CGAGGCCCACAACATTGGTG_009,170
CGAGGCCCACAACATTGGTG_010,28
CGAGGCCCACAACATTGGTG_011,52
CGAGGCCCACAACATTGGTG_012,48
CGAGGCCCACAACATTGGTG_013,130
CGAGGCCCACAACATTGGTG_014,30
CGAGGCCCACAACATTGGTG_015,78
CGAGGCCCACAACATTGGTG_016,174
CGAGGCCCACAACATTGGTG_017,178
CGAGGCCCACAACATTGGTG_018,103
CGAGGCCCACAACATTGGTG_019,172
CGAGGCCCACAACATTGGTG_020,172
GAGAATACCAGATTTCTGCA_001,122
GAGAATACCAGATTTCTGCA_002,21
GAGAATACCAGATTTCTGCA_003,98
GAGAATACCAGATTTCTGCA_004,86
TAGCTGTGGAAGAGCATTCG_001,157
TAGCTGTGGAAGAGCATTCG_002,198
TAGCTGTGGAAGAGCATTCG_003,80
TAGCTGTGGAAGAGCATTCG_004,161
TAGCTGTGGAAGAGCATTCG_005,45
TAGCTGTGGAAGAGCATTCG_006,4
TAGCTGTGGAAGAGCATTCG_007,3
TGAATTTCTCATGTTCACTG_001,142
TGAATTTCTCATGTTCACTG_002,84
TGAATTTCTCATGTTCACTG_003,128
TGAATTTCTCATGTTCACTG_004,130
AGAAGCCCATGAACATGGAG_001,157
AGAAGCCCATGAACATGGAG_002,127
AGAAGCCCATGAACATGGAG_003,174
AGAAGCCCATGAACATGGAG_004,107
AGAAGCCCATGAACATGGAG_005,98
AGAAGCCCATGAACATGGAG_006,69
CCTGGCCAAATGCTCATCCG_001,10
CCTGGCCAAATGCTCATCCG_002,40
CCTGGCCAAATGCTCATCCG_003,22
CCTGGCCAAATGCTCATCCG_004,28
TGTGTGACGGGAACCCACGT_001,1
TGTGTGACGGGAACCCACGT_002,42
TGTGTGACGGGAACCCACGT_003,130
TGTGTGACGGGAACCCACGT_004,76
TGTGTGACGGGAACCCACGT_005,11
TGTGTGACGGGAACCCACGT_006,40
TGTGTGACGGGAACCCACGT_007,184
TGTGTGACGGGAACCCACGT_008,184
TGTGTGACGGGAACCCACGT_009,137
TGTGTGACGGGAACCCACGT_010,113
TGTGTGACGGGAACCCACGT_011,40
TGTGTGACGGGAACCCACGT_012,45
TGTGTGACGGGAACCCACGT_013,146
TGTGTGACGGGAACCCACGT_014,29
TGTGTGACGGGAACCCACGT_015,62
TGTGTGACGGGAACCCACGT_016,106
TGTGTGACGGGAACCCACGT_017,120
TGTGTGACGGGAACCCACGT_018,39
TGTGTGACGGGAACCCACGT_019,168
TGTGTGACGGGAACCCACGT_020,2
TGTGTGACGGGAACCCACGT_021,57
TGTGTGACGGGAACCCACGT_022,17
AGCCAAGCAAACCATGACCC_001,150
AGCCAAGCAAACCATGACCC_002,176
CAGCAGGCTGCAGATACGAG_001,127
CAGCAGGCTGCAGATACGAG_002,154
CAGCAGGCTGCAGATACGAG_003,8
CAGCAGGCTGCAGATACGAG_004,28
CAGCAGGCTGCAGATACGAG_005,1
CAGCAGGCTGCAGATACGAG_006,94
CAGCAGGCTGCAGATACGAG_007,98
CAGCAGGCTGCAGATACGAG_008,144
CAGCAGGCTGCAGATACGAG_009,60
CAGCAGGCTGCAGATACGAG_010,10
CAGCAGGCTGCAGATACGAG_011,78
CAGCAGGCTGCAGATACGAG_012,170
CAGCAGGCTGCAGATACGAG_013,11
CAGCAGGCTGCAGATACGAG_014,63
CAGCAGGCTGCAGATACGAG_015,174
CAGCAGGCTGCAGATACGAG_016,61
CAGCAGGCTGCAGATACGAG_017,24
CAGCAGGCTGCAGATACGAG_018,123
CAGCAGGCTGCAGATACGAG_019,4
CAGCAGGCTGCAGATACGAG_020,43
CAGCAGGCTGCAGATACGAG_021,174
CAGCAGGCTGCAGATACGAG_022,134
CAGCAGGCTGCAGATACGAG_023,152
CAGCAGGCTGCAGATACGAG_024,61
CAGCAGGCTGCAGATACGAG_025,130
CAGCAGGCTGCAGATACGAG_026,18
CAGCAGGCTGCAGATACGAG_027,194
CCAACAAGAACAATATCCGC_001,7
CCAACAAGAACAATATCCGC_002,176
CCAACAAGAACAATATCCGC_003,137
CCAACAAGAACAATATCCGC_004,97
GTAACATATAGAGTTACCGG_001,9
TCGTCACCATGACAACACTA_001,29
TCGTCACCATGACAACACTA_002,117
TCGTCACCATGACAACACTA_003,115
TCGTCACCATGACAACACTA_004,45
TCGTCACCATGACAACACTA_005,197
TCGTCACCATGACAACACTA_006,140
TCGTCACCATGACAACACTA_007,175
TCGTCACCATGACAACACTA_008,84
TCGTCACCATGACAACACTA_009,138
TCGTCACCATGACAACACTA_010,80
TCGTCACCATGACAACACTA_011,188
TCGTCACCATGACAACACTA_012,54
TCGTCACCATGACAACACTA_013,197
TCGTCACCATGACAACACTA_014,102
TCGTCACCATGACAACACTA_015,40
TCGTCACCATGACAACACTA_016,191
TCGTCACCATGACAACACTA_017,70
TCGTCACCATGACAACACTA_018,136
TCGTCACCATGACAACACTA_019,115
GAGGCATCGCTGGAGCTACG_001,140
GAGGCATCGCTGGAGCTACG_002,117
GAGGCATCGCTGGAGCTACG_003,160
GAGGCATCGCTGGAGCTACG_004,161
CAACACACTAACTCGGATAG_001,148
CAACACACTAACTCGGATAG_002,50
CAACACACTAACTCGGATAG_003,197
TGGTGTGCGTGCGTGGCGAG_001,176
TGGTGTGCGTGCGTGGCGAG_002,188
TGGTGTGCGTGCGTGGCGAG_003,81
TGGTGTGCGTGCGTGGCGAG_004,160
TGGTGTGCGTGCGTGGCGAG_005,151
TGGTGTGCGTGCGTGGCGAG_006,141
TGGTGTGCGTGCGTGGCGAG_007,17
TGGTGTGCGTGCGTGGCGAG_008,103
TGGTGTGCGTGCGTGGCGAG_009,67
TGGTGTGCGTGCGTGGCGAG_010,1
TGGTGTGCGTGCGTGGCGAG_011,85
TGGTGTGCGTGCGTGGCGAG_012,41
TGGTGTGCGTGCGTGGCGAG_013,178
TGGTGTGCGTGCGTGGCGAG_014,125
TGGTGTGCGTGCGTGGCGAG_015,94
TGGTGTGCGTGCGTGGCGAG_016,168
TGGTGTGCGTGCGTGGCGAG_017,169
TGGTGTGCGTGCGTGGCGAG_018,64
TGGTGTGCGTGCGTGGCGAG_019,148
AGCACGGATTGCAGTTGTCG_001,152
AGCACGGATTGCAGTTGTCG_002,96
AGCACGGATTGCAGTTGTCG_003,134
AGCACGGATTGCAGTTGTCG_004,83
AGCACGGATTGCAGTTGTCG_005,138
AGCACGGATTGCAGTTGTCG_006,77
AGCACGGATTGCAGTTGTCG_007,99
AGCACGGATTGCAGTTGTCG_008,40
AGCACGGATTGCAGTTGTCG_009,43
AGCACGGATTGCAGTTGTCG_010,35
AGCACGGATTGCAGTTGTCG_011,147
AGCACGGATTGCAGTTGTCG_012,160
AGCACGGATTGCAGTTGTCG_013,148
GCTCGAAGCTGCCTAGTGGG_001,109
GCTCGAAGCTGCCTAGTGGG_002,103
GCTCGAAGCTGCCTAGTGGG_003,17
GCTCGAAGCTGCCTAGTGGG_004,131
GCTCGAAGCTGCCTAGTGGG_005,197
GCTCGAAGCTGCCTAGTGGG_006,144
GCTCGAAGCTGCCTAGTGGG_007,26
CTGGGCATTAGGTACATCTG_001,43
CTGGGCATTAGGTACATCTG_002,23
CTGGGCATTAGGTACATCTG_003,189
CTGGGCATTAGGTACATCTG_004,134
CTGGGCATTAGGTACATCTG_005,22
CTGGGCATTAGGTACATCTG_006,170
CTGGGCATTAGGTACATCTG_007,169
CTGGGCATTAGGTACATCTG_008,142
CTGGGCATTAGGTACATCTG_009,39
CTGGGCATTAGGTACATCTG_010,62
TAAGCACCACTATTGCTACG_001,104
TAAGCACCACTATTGCTACG_002,113
CGGGCTCGTACGCGTACTTG_001,142
CGGGCTCGTACGCGTACTTG_002,127
CGGGCTCGTACGCGTACTTG_003,43
CGGGCTCGTACGCGTACTTG_004,159
CGGGCTCGTACGCGTACTTG_005,194
CGGGCTCGTACGCGTACTTG_006,15
CGGGCTCGTACGCGTACTTG_007,183
CGGGCTCGTACGCGTACTTG_008,105
CGGGCTCGTACGCGTACTTG_009,122
CGGGCTCGTACGCGTACTTG_010,174
CGGGCTCGTACGCGTACTTG_011,149
CGGGCTCGTACGCGTACTTG_012,106
GAGAGGCTTTACTCCCGTCG_001,152
GAGAGGCTTTACTCCCGTCG_002,168
GAGAGGCTTTACTCCCGTCG_003,194
GAGAGGCTTTACTCCCGTCG_004,78
GAGAGGCTTTACTCCCGTCG_005,145
GAGAGGCTTTACTCCCGTCG_006,9
GAGAGGCTTTACTCCCGTCG_007,130
GAGAGGCTTTACTCCCGTCG_008,137
GAGAGGCTTTACTCCCGTCG_009,139
GCGCCTGGCAATCCAACTCG_001,105
GCGCCTGGCAATCCAACTCG_002,82
GCGCCTGGCAATCCAACTCG_003,5
GCGCCTGGCAATCCAACTCG_004,179
GCGCCTGGCAATCCAACTCG_005,108
GCGCCTGGCAATCCAACTCG_006,108
GCGCCTGGCAATCCAACTCG_007,188
GAGTCGATCATTGAGAAACA_001,101
GAGTCGATCATTGAGAAACA_002,191
GAGTCGATCATTGAGAAACA_003,48
GAGTCGATCATTGAGAAACA_004,48
GAGTCGATCATTGAGAAACA_005,77
GAGTCGATCATTGAGAAACA_006,76
GAGTCGATCATTGAGAAACA_007,145
GAGTCGATCATTGAGAAACA_008,192
GAGTCGATCATTGAGAAACA_009,101
GAGTCGATCATTGAGAAACA_010,48
GAGTCGATCATTGAGAAACA_011,140
GAGTCGATCATTGAGAAACA_012,13
GAGTCGATCATTGAGAAACA_013,102
GAGTCGATCATTGAGAAACA_014,88
GAGTCGATCATTGAGAAACA_015,40
GAGTCGATCATTGAGAAACA_016,137
GAGTCGATCATTGAGAAACA_017,56
GCTCCCCGAGGCTGCATCGT_001,98
GCTCCCCGAGGCTGCATCGT_002,89
GCTCCCCGAGGCTGCATCGT_003,127
GCTCCCCGAGGCTGCATCGT_004,72
GCTCCCCGAGGCTGCATCGT_005,14
GCTCCCCGAGGCTGCATCGT_006,177
GCTCCCCGAGGCTGCATCGT_007,189
GCTCCCCGAGGCTGCATCGT_008,76
GCTCCCCGAGGCTGCATCGT_009,41
GCTCCCCGAGGCTGCATCGT_010,88
GCTCCCCGAGGCTGCATCGT_011,162
GCTCCCCGAGGCTGCATCGT_012,60
GCTCCCCGAGGCTGCATCGT_013,6
GCTCCCCGAGGCTGCATCGT_014,103
GCTCCCCGAGGCTGCATCGT_015,138
GCTCCCCGAGGCTGCATCGT_016,101
GCTCCCCGAGGCTGCATCGT_017,94
GCTCCCCGAGGCTGCATCGT_018,188
GCTCCCCGAGGCTGCATCGT_019,29
CGATGACAAGAGTGGCAGCG_001,41
CGATGACAAGAGTGGCAGCG_002,127
CGATGACAAGAGTGGCAGCG_003,12
CGATGACAAGAGTGGCAGCG_004,70
CGATGACAAGAGTGGCAGCG_005,169
CGATGACAAGAGTGGCAGCG_006,180
CGATGACAAGAGTGGCAGCG_007,70
CGATGACAAGAGTGGCAGCG_008,149
CGATGACAAGAGTGGCAGCG_009,92
CGATGACAAGAGTGGCAGCG_010,82
CGATGACAAGAGTGGCAGCG_011,10
CGATGACAAGAGTGGCAGCG_012,35
CGATGACAAGAGTGGCAGCG_013,3
CGATGACAAGAGTGGCAGCG_014,18
TTCCCTTAACCAGCAGACTG_001,176
TTCCCTTAACCAGCAGACTG_002,30
TTCCCTTAACCAGCAGACTG_003,45
TTCCCTTAACCAGCAGACTG_004,36
TTCCCTTAACCAGCAGACTG_005,124
TTCCCTTAACCAGCAGACTG_006,11
TTCCCTTAACCAGCAGACTG_007,72
TTCCCTTAACCAGCAGACTG_008,116
TTCCCTTAACCAGCAGACTG_009,38
TTCCCTTAACCAGCAGACTG_010,141
TTCCCTTAACCAGCAGACTG_011,130
TTCCCTTAACCAGCAGACTG_012,1
TTCCCTTAACCAGCAGACTG_013,124
TTCCCTTAACCAGCAGACTG_014,94
TTCCCTTAACCAGCAGACTG_015,62
TTCCCTTAACCAGCAGACTG_016,147
TTCCCTTAACCAGCAGACTG_017,171
TTCCCTTAACCAGCAGACTG_018,31
TTCCCTTAACCAGCAGACTG_019,49
TTCCCTTAACCAGCAGACTG_020,63
TTCCCTTAACCAGCAGACTG_021,197
TTCCCTTAACCAGCAGACTG_022,130
TTCCCTTAACCAGCAGACTG_023,12
TTCCCTTAACCAGCAGACTG_024,169
TTCCCTTAACCAGCAGACTG_025,88
TTCCCTTAACCAGCAGACTG_026,34
TTCCCTTAACCAGCAGACTG_027,186
CATCTGCCTCACCTCTATGG_001,157
CATCTGCCTCACCTCTATGG_002,170
CATCTGCCTCACCTCTATGG_003,160
CATCTGCCTCACCTCTATGG_004,191
CATCTGCCTCACCTCTATGG_005,153
CATCTGCCTCACCTCTATGG_006,4
CATCTGCCTCACCTCTATGG_007,184
CATCTGCCTCACCTCTATGG_008,194
CGCCCAGTCACTCAAATCCG_001,154
CGCCCAGTCACTCAAATCCG_002,171
CGCCCAGTCACTCAAATCCG_003,85
CGCCCAGTCACTCAAATCCG_004,190
CGCCCAGTCACTCAAATCCG_005,88
CGCCCAGTCACTCAAATCCG_006,160
CGCCCAGTCACTCAAATCCG_007,158
CGCCCAGTCACTCAAATCCG_008,88
CGCCCAGTCACTCAAATCCG_009,3
CGCCCAGTCACTCAAATCCG_010,77
CGCCCAGTCACTCAAATCCG_011,115
TCTACAATGGAACCCTCAAG_001,137
TCTACAATGGAACCCTCAAG_002,115
TCTACAATGGAACCCTCAAG_003,65
TCTACAATGGAACCCTCAAG_004,21
TCTACAATGGAACCCTCAAG_005,48
GGACACAATAGGAGTGCGAG_001,27
GGACACAATAGGAGTGCGAG_002,94
GGACACAATAGGAGTGCGAG_003,174
GGACACAATAGGAGTGCGAG_004,130
GGACACAATAGGAGTGCGAG_005,70
CATTCCAGAAGCTGAACTCG_001,76
CATTCCAGAAGCTGAACTCG_002,41
CATTCCAGAAGCTGAACTCG_003,150
CATTCCAGAAGCTGAACTCG_004,117
AAAGTGATGGATGACATTTG_001,169
GCTATTGAAGTATCTCACAT_001,48
GCTATTGAAGTATCTCACAT_002,113
GCTATTGAAGTATCTCACAT_003,15
GCTATTGAAGTATCTCACAT_004,158
CACTTGGCCTATGGAAAACG_001,130
CACTTGGCCTATGGAAAACG_002,101
CACTTGGCCTATGGAAAACG_003,11
CACTTGGCCTATGGAAAACG_004,130
CACTTGGCCTATGGAAAACG_005,56
CACTTGGCCTATGGAAAACG_006,19
GTGTCCCAAGCACAGCCCAG_001,15
GTGTCCCAAGCACAGCCCAG_002,183
GTGTCCCAAGCACAGCCCAG_003,51
GTGTCCCAAGCACAGCCCAG_004,35
GTGTCCCAAGCACAGCCCAG_005,42
GTGTCCCAAGCACAGCCCAG_006,130
GTGTCCCAAGCACAGCCCAG_007,2
GTGTCCCAAGCACAGCCCAG_008,150
GTGTCCCAAGCACAGCCCAG_009,145
GTGTCCCAAGCACAGCCCAG_010,19
GTGTCCCAAGCACAGCCCAG_011,153
GTGTCCCAAGCACAGCCCAG_012,147
GTGTCCCAAGCACAGCCCAG_013,104
GTGTCCCAAGCACAGCCCAG_014,155
GTGTCCCAAGCACAGCCCAG_015,169
GTGTCCCAAGCACAGCCCAG_016,174
GTGTCCCAAGCACAGCCCAG_017,141
GTGTCCCAAGCACAGCCCAG_018,168
GTGTCCCAAGCACAGCCCAG_019,130
GTGTCCCAAGCACAGCCCAG_020,131
GTGTCCCAAGCACAGCCCAG_021,82
GTGTCCCAAGCACAGCCCAG_022,87
GTGTCCCAAGCACAGCCCAG_023,87
GTGTCCCAAGCACAGCCCAG_024,172
GTGTCCCAAGCACAGCCCAG_025,80
GTGTCCCAAGCACAGCCCAG_026,178
GTGTCCCAAGCACAGCCCAG_027,11
GTGTCCCAAGCACAGCCCAG_028,26
GTGTCCCAAGCACAGCCCAG_029,43
GTGTCCCAAGCACAGCCCAG_030,168
GTGTCCCAAGCACAGCCCAG_031,111
GTGTCCCAAGCACAGCCCAG_032,41
GTGTCCCAAGCACAGCCCAG_033,105
GTGTCCCAAGCACAGCCCAG_034,2
GTGTCCCAAGCACAGCCCAG_035,160
GTGTCCCAAGCACAGCCCAG_036,0
GTGTCCCAAGCACAGCCCAG_037,80
GTGTCCCAAGCACAGCCCAG_038,6
GTGTCCCAAGCACAGCCCAG_039,32
GTGTCCCAAGCACAGCCCAG_040,174
GTGTCCCAAGCACAGCCCAG_041,68
GTGTCCCAAGCACAGCCCAG_042,28
AATTCCCAAAACTCCAGTAT_001,104
AATTCCCAAAACTCCAGTAT_002,68
AATTCCCAAAACTCCAGTAT_003,146
CCTGGCCAGCCCCAACATCG_001,36
CCTGGCCAGCCCCAACATCG_002,36
CCTGGCCAGCCCCAACATCG_003,94
CCTGGCCAGCCCCAACATCG_004,192
CCTGGCCAGCCCCAACATCG_005,174
CCTGGCCAGCCCCAACATCG_006,69
CCTGGCCAGCCCCAACATCG_007,126
CCTGGCCAGCCCCAACATCG_008,38
CCTGGCCAGCCCCAACATCG_009,155
CCTGGCCAGCCCCAACATCG_010,103
CCTGGCCAGCCCCAACATCG_011,177
CCTGGCCAGCCCCAACATCG_012,198
CCTGGCCAGCCCCAACATCG_013,83
CCTGGCCAGCCCCAACATCG_014,138
CCTGGCCAGCCCCAACATCG_015,19
CCTGGCCAGCCCCAACATCG_016,63
CCTGGCCAGCCCCAACATCG_017,88
CAGCCCGACCAGCTTCAAGG_001,88
CAGCCCGACCAGCTTCAAGG_002,51
CAGCCCGACCAGCTTCAAGG_003,27
CAGCCCGACCAGCTTCAAGG_004,172
CAGCCCGACCAGCTTCAAGG_005,74
AACTCATCGTAGGAGGCACA_001,34
AACTCATCGTAGGAGGCACA_002,33
AACTCATCGTAGGAGGCACA_003,38
AACTCATCGTAGGAGGCACA_004,34
AACTCATCGTAGGAGGCACA_005,121
AACTCATCGTAGGAGGCACA_006,108
AACTCATCGTAGGAGGCACA_007,141
AACTCATCGTAGGAGGCACA_008,1
AACTCATCGTAGGAGGCACA_009,113
AACTCATCGTAGGAGGCACA_010,62
AACTCATCGTAGGAGGCACA_011,46
AACTCATCGTAGGAGGCACA_012,136
AACTCATCGTAGGAGGCACA_013,183
AAAACTACCAACAGGCACAG_001,142
AAAACTACCAACAGGCACAG_002,102
AAAACTACCAACAGGCACAG_003,52
AAAACTACCAACAGGCACAG_004,69
AAAACTACCAACAGGCACAG_005,36
AAAACTACCAACAGGCACAG_006,66
AAAACTACCAACAGGCACAG_007,100
AAAACTACCAACAGGCACAG_008,108
AAAACTACCAACAGGCACAG_009,113
AAAACTACCAACAGGCACAG_010,179
AAAACTACCAACAGGCACAG_011,182
AAAACTACCAACAGGCACAG_012,149
AAAACTACCAACAGGCACAG_013,65
AAAACTACCAACAGGCACAG_014,29
AAAACTACCAACAGGCACAG_015,171
AAAACTACCAACAGGCACAG_016,13
AAAACTACCAACAGGCACAG_017,134
AAAACTACCAACAGGCACAG_018,160
AAAACTACCAACAGGCACAG_019,171
AAAACTACCAACAGGCACAG_020,190
AAAACTACCAACAGGCACAG_021,27
AAAACTACCAACAGGCACAG_022,144
AAAACTACCAACAGGCACAG_023,168
AAAACTACCAACAGGCACAG_024,150
AAAACTACCAACAGGCACAG_025,40
AAAACTACCAACAGGCACAG_026,34
AAAACTACCAACAGGCACAG_027,10
AAAACTACCAACAGGCACAG_028,8
AAAACTACCAACAGGCACAG_029,81
AAAACTACCAACAGGCACAG_030,81
AAAACTACCAACAGGCACAG_031,115
GGTCTTACCAATGGCGTGAA_001,171
GGTCTTACCAATGGCGTGAA_002,62
GGTCTTACCAATGGCGTGAA_003,42
GGTCTTACCAATGGCGTGAA_004,69
GTATGTCGAGAGTACCAACG_001,43
GTATGTCGAGAGTACCAACG_002,133
GTATGTCGAGAGTACCAACG_003,92
GTATGTCGAGAGTACCAACG_004,9
GTATGTCGAGAGTACCAACG_005,3
GTATGTCGAGAGTACCAACG_006,174
GTATGTCGAGAGTACCAACG_007,94
GTATGTCGAGAGTACCAACG_008,65
CGGGCAGCGCTCATCAACGT_001,177
CGGGCAGCGCTCATCAACGT_002,94
CGGGCAGCGCTCATCAACGT_003,182
CGGGCAGCGCTCATCAACGT_004,156
CGGGCAGCGCTCATCAACGT_005,12
CGGGCAGCGCTCATCAACGT_006,15
CGGGCAGCGCTCATCAACGT_007,145
CGGGCAGCGCTCATCAACGT_008,188
CGGGCAGCGCTCATCAACGT_009,188
CGGGCAGCGCTCATCAACGT_010,68
CGGGCAGCGCTCATCAACGT_011,131
CGGGCAGCGCTCATCAACGT_012,126
GGAATCCGGAGCTCATGAGG_001,137
GGAATCCGGAGCTCATGAGG_002,173
GGAATCCGGAGCTCATGAGG_003,150
GGAATCCGGAGCTCATGAGG_004,20
GGAATCCGGAGCTCATGAGG_005,53
GGAATCCGGAGCTCATGAGG_006,193
GGAATCCGGAGCTCATGAGG_007,42
GGAATCCGGAGCTCATGAGG_008,27
GGAATCCGGAGCTCATGAGG_009,158
GGAATCCGGAGCTCATGAGG_010,54
GGAATCCGGAGCTCATGAGG_011,67
GGAATCCGGAGCTCATGAGG_012,159
GGAATCCGGAGCTCATGAGG_013,175
GGAATCCGGAGCTCATGAGG_014,72
GGAATCCGGAGCTCATGAGG_015,87
GGAATCCGGAGCTCATGAGG_016,112
GGAATCCGGAGCTCATGAGG_017,81
GGAATCCGGAGCTCATGAGG_018,197
GGAATCCGGAGCTCATGAGG_019,115
GGAATCCGGAGCTCATGAGG_020,118
GGAATCCGGAGCTCATGAGG_021,27
TTCACTGTGCTGGTCAACGG_001,32
TTCACTGTGCTGGTCAACGG_002,124
TTCACTGTGCTGGTCAACGG_003,194
TTCACTGTGCTGGTCAACGG_004,106
TTCACTGTGCTGGTCAACGG_005,48
TTCACTGTGCTGGTCAACGG_006,105
TTCACTGTGCTGGTCAACGG_007,149
TTCACTGTGCTGGTCAACGG_008,191
GAAGATTGATGTGTACGACT_001,197
GAAGATTGATGTGTACGACT_002,103
GAAGATTGATGTGTACGACT_003,188
GAAGATTGATGTGTACGACT_004,1
GAAGATTGATGTGTACGACT_005,50
GAAGATTGATGTGTACGACT_006,106
GAAGATTGATGTGTACGACT_007,145
GAAGATTGATGTGTACGACT_008,114
GAAGATTGATGTGTACGACT_009,13
GCTGCCCGAACCCCCGAACG_001,8
GCTGCCCGAACCCCCGAACG_002,133
GCTGCCCGAACCCCCGAACG_003,43
GCTGCCCGAACCCCCGAACG_004,108
GCTGCCCGAACCCCCGAACG_005,81
GCTGCCCGAACCCCCGAACG_006,150
GCTGCCCGAACCCCCGAACG_007,1
GCTGCCCGAACCCCCGAACG_008,169
GCTGCCCGAACCCCCGAACG_009,58
GCTGCCCGAACCCCCGAACG_010,2
GCTGCCCGAACCCCCGAACG_011,106
GCTGCCCGAACCCCCGAACG_012,130
GCTGCCCGAACCCCCGAACG_013,181
GCTGCCCGAACCCCCGAACG_014,49
GCTGCCCGAACCCCCGAACG_015,117
GCTGCCCGAACCCCCGAACG_016,78
GCTGCCCGAACCCCCGAACG_017,168
GCTGCCCGAACCCCCGAACG_018,52
GCTGCCCGAACCCCCGAACG_019,55
GCTGCCCGAACCCCCGAACG_020,63
GCTGCCCGAACCCCCGAACG_021,114
GCTGCCCGAACCCCCGAACG_022,137
GCTGCCCGAACCCCCGAACG_023,2
GCTGCCCGAACCCCCGAACG_024,35
GCTGCCCGAACCCCCGAACG_025,148
TACAGATCTGATTATGACCG_001,58
TACAGATCTGATTATGACCG_002,85
TATTATCCTGGTGATCAAGG_001,106
TATTATCCTGGTGATCAAGG_002,104
TATTATCCTGGTGATCAAGG_003,26
TATTATCCTGGTGATCAAGG_004,27
ACATCGAGGGGCGTCATCAG_001,166
ACATCGAGGGGCGTCATCAG_002,66
ACATCGAGGGGCGTCATCAG_003,27
ACATCGAGGGGCGTCATCAG_004,160
ACATCGAGGGGCGTCATCAG_005,77
ACATCGAGGGGCGTCATCAG_006,174
ACATCGAGGGGCGTCATCAG_007,75
ACATCGAGGGGCGTCATCAG_008,140
ACATCGAGGGGCGTCATCAG_009,113
ACATCGAGGGGCGTCATCAG_010,198
ACATCGAGGGGCGTCATCAG_011,130
ACATCGAGGGGCGTCATCAG_012,85
ACATCGAGGGGCGTCATCAG_013,105
CTTCGTGACCTACTCCAATG_001,69
CTTCGTGACCTACTCCAATG_002,85
CTTCGTGACCTACTCCAATG_003,85
CTTCGTGACCTACTCCAATG_004,50
CTTCGTGACCTACTCCAATG_005,169
CTTCGTGACCTACTCCAATG_006,93
GGCACCGGAGTCCAGGACAA_001,50
GGCACCGGAGTCCAGGACAA_002,60
GGCACCGGAGTCCAGGACAA_003,49
GGCACCGGAGTCCAGGACAA_004,146
GGCACCGGAGTCCAGGACAA_005,33
GGCACCGGAGTCCAGGACAA_006,28
GGCACCGGAGTCCAGGACAA_007,102
GGCACCGGAGTCCAGGACAA_008,8
GGCACCGGAGTCCAGGACAA_009,136
GGCACCGGAGTCCAGGACAA_010,197
GGCACCGGAGTCCAGGACAA_011,42
GGCACCGGAGTCCAGGACAA_012,145
GGCACCGGAGTCCAGGACAA_013,60
GGCACCGGAGTCCAGGACAA_014,40
GGCACCGGAGTCCAGGACAA_015,116
GGCACCGGAGTCCAGGACAA_016,155
GGCACCGGAGTCCAGGACAA_017,185
GGCACCGGAGTCCAGGACAA_018,174
GGCACCGGAGTCCAGGACAA_019,127
GGCACCGGAGTCCAGGACAA_020,48
GGCACCGGAGTCCAGGACAA_021,169
CAGTCTCTGCTGGTCGACGT_001,158
CAGTCTCTGCTGGTCGACGT_002,76
CAGTCTCTGCTGGTCGACGT_003,19
CAGTCTCTGCTGGTCGACGT_004,1
GACAGAACAAGGCAAGCAGT_001,102
GACAGAACAAGGCAAGCAGT_002,176
GACAGAACAAGGCAAGCAGT_003,190
GACAGAACAAGGCAAGCAGT_004,83
GACAGAACAAGGCAAGCAGT_005,183
GACAGAACAAGGCAAGCAGT_006,107
GACAGAACAAGGCAAGCAGT_007,176
GACAGAACAAGGCAAGCAGT_008,8
GTTCCGCAGTAACAGCGTGA_001,104
GTTCCGCAGTAACAGCGTGA_002,121
GTTCCGCAGTAACAGCGTGA_003,60
GTTCCGCAGTAACAGCGTGA_004,146
GTTCCGCAGTAACAGCGTGA_005,128
GTTCCGCAGTAACAGCGTGA_006,27
GTTCCGCAGTAACAGCGTGA_007,17
GTTCCGCAGTAACAGCGTGA_008,34
CCAACCCAAGAACTGACCTA_001,176
CCAACCCAAGAACTGACCTA_002,162
CCAACCCAAGAACTGACCTA_003,116
CCAACCCAAGAACTGACCTA_004,26
CCAACCCAAGAACTGACCTA_005,137
CCAACCCAAGAACTGACCTA_006,189
CCAACCCAAGAACTGACCTA_007,152
CCAACCCAAGAACTGACCTA_008,12
CCAACCCAAGAACTGACCTA_009,150
CCAACCCAAGAACTGACCTA_010,134
CCAACCCAAGAACTGACCTA_011,28
CCAACCCAAGAACTGACCTA_012,198
CCAACCCAAGAACTGACCTA_013,127
CCAACCCAAGAACTGACCTA_014,105
CCAACCCAAGAACTGACCTA_015,60
CCAACCCAAGAACTGACCTA_016,174
CCAACCCAAGAACTGACCTA_017,54
CCAACCCAAGAACTGACCTA_018,54
CCAACCCAAGAACTGACCTA_019,158
CCAACCCAAGAACTGACCTA_020,130
CCAACCCAAGAACTGACCTA_021,0
CCAACCCAAGAACTGACCTA_022,155
CCAACCCAAGAACTGACCTA_023,144
CCAACCCAAGAACTGACCTA_024,43
CAGTGAGTGGTACCCATCGG_001,153
CAGTGAGTGGTACCCATCGG_002,41
CAGTGAGTGGTACCCATCGG_003,150
CAGTGAGTGGTACCCATCGG_004,184
TGCATCCTGTCAGTTTCGAA_001,112
TGCATCCTGTCAGTTTCGAA_002,11
TGCATCCTGTCAGTTTCGAA_003,119
TGCATCCTGTCAGTTTCGAA_004,198
TGCATCCTGTCAGTTTCGAA_005,190
TGCATCCTGTCAGTTTCGAA_006,88
TGCATCCTGTCAGTTTCGAA_007,8
TGCATCCTGTCAGTTTCGAA_008,6
TGCATCCTGTCAGTTTCGAA_009,197
TGCATCCTGTCAGTTTCGAA_010,59
TGCATCCTGTCAGTTTCGAA_011,106
TGCATCCTGTCAGTTTCGAA_012,158
TGCATCCTGTCAGTTTCGAA_013,158
TGCATCCTGTCAGTTTCGAA_014,105
TGCATCCTGTCAGTTTCGAA_015,44
TGCATCCTGTCAGTTTCGAA_016,43
TGCATCCTGTCAGTTTCGAA_017,41
TGCATCCTGTCAGTTTCGAA_018,194
CTGCGCCCATACCTCCGGTG_001,17
CTGCGCCCATACCTCCGGTG_002,48
CTGCGCCCATACCTCCGGTG_003,106
AACGCTGTCGTACGTGTATA_001,41
AACGCTGTCGTACGTGTATA_002,48
AACGCTGTCGTACGTGTATA_003,94
AACGCTGTCGTACGTGTATA_004,133
AACGCTGTCGTACGTGTATA_005,94
AACGCTGTCGTACGTGTATA_006,115
AACGCTGTCGTACGTGTATA_007,35
AACGCTGTCGTACGTGTATA_008,148
AACGCTGTCGTACGTGTATA_009,192
AACGCTGTCGTACGTGTATA_010,17
AACGCTGTCGTACGTGTATA_011,83
AACGCTGTCGTACGTGTATA_012,134
AACGCTGTCGTACGTGTATA_013,103
AACGCTGTCGTACGTGTATA_014,147
AACGCTGTCGTACGTGTATA_015,169
AACGCTGTCGTACGTGTATA_016,70
AACGCTGTCGTACGTGTATA_017,141
AACGCTGTCGTACGTGTATA_018,97
AACGCTGTCGTACGTGTATA_019,48
AGTAGTATAGAAATTGTAGG_001,97
AGTAGTATAGAAATTGTAGG_002,43
CTGCGCCAGAAGGTGCGCGA_001,49
CTGCGCCAGAAGGTGCGCGA_002,174
CTGCGCCAGAAGGTGCGCGA_003,108
CTGCGCCAGAAGGTGCGCGA_004,112
GAAGCGACCATTCATCGACG_001,162
GAAGCGACCATTCATCGACG_002,185
GAAGCGACCATTCATCGACG_003,113
GAAGCGACCATTCATCGACG_004,16
GAAGCGACCATTCATCGACG_005,70
GAAGCGACCATTCATCGACG_006,33
GAAGCGACCATTCATCGACG_007,62
GAAGCGACCATTCATCGACG_008,82
GAAGCGACCATTCATCGACG_009,161
GAAGCGACCATTCATCGACG_010,127
GAAGCGACCATTCATCGACG_011,146
GAAGCGACCATTCATCGACG_012,178
GGAGGCAAACACTGGACCCA_001,60
GGAGGCAAACACTGGACCCA_002,120
GGAGGCAAACACTGGACCCA_003,105
GGAGGCAAACACTGGACCCA_004,119
GGAGGCAAACACTGGACCCA_005,134
GGAGGCAAACACTGGACCCA_006,29
GGAGGCAAACACTGGACCCA_007,120
GGAGGCAAACACTGGACCCA_008,38
GGAGGCAAACACTGGACCCA_009,82
GGAGGCAAACACTGGACCCA_010,141
GGAGGCAAACACTGGACCCA_011,3
GGAGGCAAACACTGGACCCA_012,34
GGAGGCAAACACTGGACCCA_013,101
GGAGGCAAACACTGGACCCA_014,122
GGAGGCAAACACTGGACCCA_015,153
GGAGGCAAACACTGGACCCA_016,61
GGAGGCAAACACTGGACCCA_017,83
GGAGGCAAACACTGGACCCA_018,17
GGAGGCAAACACTGGACCCA_019,31
GGAGGCAAACACTGGACCCA_020,80
GGAGGCAAACACTGGACCCA_021,162
GGAGGCAAACACTGGACCCA_022,39
GGAGGCAAACACTGGACCCA_023,81
GGAGGCAAACACTGGACCCA_024,149
GGAGGCAAACACTGGACCCA_025,21
GGGGCCCGAAGACGTTGGTG_001,52
GGGGCCCGAAGACGTTGGTG_002,31
GGGGCCCGAAGACGTTGGTG_003,170
GGGGCCCGAAGACGTTGGTG_004,4
GGGGCCCGAAGACGTTGGTG_005,72
GGGGCCCGAAGACGTTGGTG_006,72
GGGGCCCGAAGACGTTGGTG_007,188
GGGGCCCGAAGACGTTGGTG_008,152
GGGGCCCGAAGACGTTGGTG_009,104
GGGGCCCGAAGACGTTGGTG_010,113
GTCGTAAGAGTCCGGCTCCG_001,42
GTCGTAAGAGTCCGGCTCCG_002,122
GTCGTAAGAGTCCGGCTCCG_003,126
GTCGTAAGAGTCCGGCTCCG_004,28
GTCGTAAGAGTCCGGCTCCG_005,98
GTCGTAAGAGTCCGGCTCCG_006,37
GTCGTAAGAGTCCGGCTCCG_007,160
GTCGTAAGAGTCCGGCTCCG_008,156
GTCGTAAGAGTCCGGCTCCG_009,72
GTCGTAAGAGTCCGGCTCCG_010,94
TAACGCCCTTCAGACACTAG_001,133
TAACGCCCTTCAGACACTAG_002,41
TAACGCCCTTCAGACACTAG_003,38
TAACGCCCTTCAGACACTAG_004,68
TAACGCCCTTCAGACACTAG_005,165
TAACGCCCTTCAGACACTAG_006,118
TAACGCCCTTCAGACACTAG_007,188
TAACGCCCTTCAGACACTAG_008,29
TAACGCCCTTCAGACACTAG_009,140
TAACGCCCTTCAGACACTAG_010,146
TAACGCCCTTCAGACACTAG_011,177
TAACGCCCTTCAGACACTAG_012,33
TAACGCCCTTCAGACACTAG_013,38
TAACGCCCTTCAGACACTAG_014,198
TAACGCCCTTCAGACACTAG_015,175
TAACGCCCTTCAGACACTAG_016,199
TCATAAGAGAGCTTACATAG_001,177
TCATAAGAGAGCTTACATAG_002,171
TCATAAGAGAGCTTACATAG_003,88
TCATAAGAGAGCTTACATAG_004,62
TCATAAGAGAGCTTACATAG_005,19
GTTCCTTATGTAGAAGAAAA_001,81
GTTCCTTATGTAGAAGAAAA_002,78
TCAGAACAAAGTTCTGGACG_001,86
TCAGAACAAAGTTCTGGACG_002,9
TCAGAACAAAGTTCTGGACG_003,29
CACAACATACACCAGCCCAT_001,102
CACAACATACACCAGCCCAT_002,115
CACAACATACACCAGCCCAT_003,51
CACAACATACACCAGCCCAT_004,20
AAGTCACCTGGGGCATGGTG_001,114
AAGTCACCTGGGGCATGGTG_002,6
AAGTCACCTGGGGCATGGTG_003,6
AAGTCACCTGGGGCATGGTG_004,150
AAGTCACCTGGGGCATGGTG_005,36
AAGTCACCTGGGGCATGGTG_006,161
AAGTCACCTGGGGCATGGTG_007,169
AAGTCACCTGGGGCATGGTG_008,58
AAGTCACCTGGGGCATGGTG_009,28
AAGTCACCTGGGGCATGGTG_010,140
AAGTCACCTGGGGCATGGTG_011,4
AAGTCACCTGGGGCATGGTG_012,15
AAGTCACCTGGGGCATGGTG_013,156
AAGTCACCTGGGGCATGGTG_014,141
AAGTCACCTGGGGCATGGTG_015,77
AAGTCACCTGGGGCATGGTG_016,88
AAGTCACCTGGGGCATGGTG_017,190
AAGTCACCTGGGGCATGGTG_018,52
AAGTCACCTGGGGCATGGTG_019,65
AAGTCACCTGGGGCATGGTG_020,127
AAGTCACCTGGGGCATGGTG_021,178
AAGTCACCTGGGGCATGGTG_022,198
AAGTCACCTGGGGCATGGTG_023,181
AAGTCACCTGGGGCATGGTG_024,29
AAGTCACCTGGGGCATGGTG_025,45
AAGTCACCTGGGGCATGGTG_026,178
AAGTCACCTGGGGCATGGTG_027,48
AAGTCACCTGGGGCATGGTG_028,1
AAGTCACCTGGGGCATGGTG_029,19
CTATTGACAGCAAAAAGATG_001,104
CTATTGACAGCAAAAAGATG_002,91
AAGTGTACCGGAATTGACGG_001,181
AAGTGTACCGGAATTGACGG_002,192
AAGTGTACCGGAATTGACGG_003,120
AAGTGTACCGGAATTGACGG_004,156
AAGTGTACCGGAATTGACGG_005,162
AAGTGTACCGGAATTGACGG_006,130
CTGACGACCAGGTCACCAAG_001,108
CTGACGACCAGGTCACCAAG_002,6
CTGACGACCAGGTCACCAAG_003,114
CTGACGACCAGGTCACCAAG_004,147
CTGACGACCAGGTCACCAAG_005,135
CTGACCTGATGACATCGACG_001,121
CTGACCTGATGACATCGACG_002,62
CTGACCTGATGACATCGACG_003,173
CTGACCTGATGACATCGACG_004,173
CTGACCTGATGACATCGACG_005,106
CTGACCTGATGACATCGACG_006,61
CTGACCTGATGACATCGACG_007,42
CTGACCTGATGACATCGACG_008,69
GCTGGGCCGCTATACCTCAC_001,177
GCTGGGCCGCTATACCTCAC_002,181
GCTGGGCCGCTATACCTCAC_003,197
GCTGGGCCGCTATACCTCAC_004,149
GCTGGGCCGCTATACCTCAC_005,105
GCTGGGCCGCTATACCTCAC_006,141
GCTGGGCCGCTATACCTCAC_007,96
GCTGGGCCGCTATACCTCAC_008,130
GCTGGGCCGCTATACCTCAC_009,190
CGCAGCTGTTGAAAGCATGG_001,62
CGCAGCTGTTGAAAGCATGG_002,181
CGCAGCTGTTGAAAGCATGG_003,118
CGCAGCTGTTGAAAGCATGG_004,105
CGCAGCTGTTGAAAGCATGG_005,179
CGCAGCTGTTGAAAGCATGG_006,65
CGCAGCTGTTGAAAGCATGG_007,184
CGCAGCTGTTGAAAGCATGG_008,67
CGCAGCTGTTGAAAGCATGG_009,113
CGCAGCTGTTGAAAGCATGG_010,145
CGCAGCTGTTGAAAGCATGG_011,15
CGCAGCTGTTGAAAGCATGG_012,199
CGCAGCTGTTGAAAGCATGG_013,51
CGCAGCTGTTGAAAGCATGG_014,79
CGCAGCTGTTGAAAGCATGG_015,176
GCGAAACCGACGGCGCCGGG_001,191
GCGAAACCGACGGCGCCGGG_002,104
GCGAAACCGACGGCGCCGGG_003,48
GCGAAACCGACGGCGCCGGG_004,32
GCGAAACCGACGGCGCCGGG_005,124
GCGAAACCGACGGCGCCGGG_006,141
GCGAAACCGACGGCGCCGGG_007,185
GCGAAACCGACGGCGCCGGG_008,121
GCGAAACCGACGGCGCCGGG_009,170
GCGAAACCGACGGCGCCGGG_010,38
GCGAAACCGACGGCGCCGGG_011,169
GCGAAACCGACGGCGCCGGG_012,94
GCGAAACCGACGGCGCCGGG_013,170
GCGAAACCGACGGCGCCGGG_014,47
GCGAAACCGACGGCGCCGGG_015,101
AGGGTGGGGTCATCATACAT_001,169
AGGGTGGGGTCATCATACAT_002,155
AGGGTGGGGTCATCATACAT_003,29
AGGGTGGGGTCATCATACAT_004,110
AGGGTGGGGTCATCATACAT_005,89
AGGGTGGGGTCATCATACAT_006,9
AGGGTGGGGTCATCATACAT_007,23
AGGGTGGGGTCATCATACAT_008,9
AGGGTGGGGTCATCATACAT_009,169
AGGGTGGGGTCATCATACAT_010,91
AGGGTGGGGTCATCATACAT_011,15
AGGGTGGGGTCATCATACAT_012,180
AGGGTGGGGTCATCATACAT_013,121
AGGGTGGGGTCATCATACAT_014,180
AGGGTGGGGTCATCATACAT_015,144
AGGGTGGGGTCATCATACAT_016,178
TGGATCCGGCCCACGCAGCG_001,102
TGGATCCGGCCCACGCAGCG_002,53
TGGATCCGGCCCACGCAGCG_003,41
TGGATCCGGCCCACGCAGCG_004,174
TGGATCCGGCCCACGCAGCG_005,4
TGGATCCGGCCCACGCAGCG_006,47
TGGATCCGGCCCACGCAGCG_007,5
TGGATCCGGCCCACGCAGCG_008,134
TGGATCCGGCCCACGCAGCG_009,162
TGGATCCGGCCCACGCAGCG_010,12
TGGATCCGGCCCACGCAGCG_011,75
TGGATCCGGCCCACGCAGCG_012,60
TGGATCCGGCCCACGCAGCG_013,39
TGGGCATGTGTGTCAACGAG_001,23
TGGGCATGTGTGTCAACGAG_002,114
TGGGCATGTGTGTCAACGAG_003,78
TGGGCATGTGTGTCAACGAG_004,130
TGGGCATGTGTGTCAACGAG_005,4
TGGGCATGTGTGTCAACGAG_006,71
TGGGCATGTGTGTCAACGAG_007,12
TGGGCATGTGTGTCAACGAG_008,119
TGGGGGTCCGCTGATGACCA_001,8
TGGGGGTCCGCTGATGACCA_002,49
TGGGGGTCCGCTGATGACCA_003,169
TGGGGGTCCGCTGATGACCA_004,43
TGGGGGTCCGCTGATGACCA_005,160
TGGGGGTCCGCTGATGACCA_006,56
TGGGGGTCCGCTGATGACCA_007,184
TGGGGGTCCGCTGATGACCA_008,137
TGGGGGTCCGCTGATGACCA_009,103
TGGGGGTCCGCTGATGACCA_010,186
TGGGGGTCCGCTGATGACCA_011,35
TGGGGGTCCGCTGATGACCA_012,197
TGAGGCCCGTGCATTTGAGG_001,183
TGAGGCCCGTGCATTTGAGG_002,149
TGAGGCCCGTGCATTTGAGG_003,87
TGAGGCCCGTGCATTTGAGG_004,71
TGAGGCCCGTGCATTTGAGG_005,53
TGAGGCCCGTGCATTTGAGG_006,58
TGAGGCCCGTGCATTTGAGG_007,94
TGAGGCCCGTGCATTTGAGG_008,56
TGAGGCCCGTGCATTTGAGG_009,183
TGAGGCCCGTGCATTTGAGG_010,39
AGGTGCCTCCAGTTTGAGGG_001,35
AGGTGCCTCCAGTTTGAGGG_002,102
AGGTGCCTCCAGTTTGAGGG_003,49
AGGTGCCTCCAGTTTGAGGG_004,94
AGGTGCCTCCAGTTTGAGGG_005,103
AGGTGCCTCCAGTTTGAGGG_006,184
AGGTGCCTCCAGTTTGAGGG_007,169
AGGTGCCTCCAGTTTGAGGG_008,137
AGGTGCCTCCAGTTTGAGGG_009,36
AGGTGCCTCCAGTTTGAGGG_010,36
AGGTGCCTCCAGTTTGAGGG_011,57
AGGTGCCTCCAGTTTGAGGG_012,44
AGGTGCCTCCAGTTTGAGGG_013,185
AGGTGCCTCCAGTTTGAGGG_014,15
AGGTGCCTCCAGTTTGAGGG_015,92
AGGTGCCTCCAGTTTGAGGG_016,194
GATGCCCACTACATGGCTGT_001,127
GATGCCCACTACATGGCTGT_002,158
GATGCCCACTACATGGCTGT_003,183
TGCGACATGATTAATGGTAC_001,53
TGCGACATGATTAATGGTAC_002,161
TGCGACATGATTAATGGTAC_003,88
GACCCGTTTGGGCGTCCCTG_001,193
GACCCGTTTGGGCGTCCCTG_002,127
GACCCGTTTGGGCGTCCCTG_003,29
GACCCGTTTGGGCGTCCCTG_004,175
GACCCGTTTGGGCGTCCCTG_005,10
GACCCGTTTGGGCGTCCCTG_006,57
GACCCGTTTGGGCGTCCCTG_007,2
GACCCGTTTGGGCGTCCCTG_008,107
GACCCGTTTGGGCGTCCCTG_009,12
GACCCGTTTGGGCGTCCCTG_010,163
GACCCGTTTGGGCGTCCCTG_011,118
GACCCGTTTGGGCGTCCCTG_012,149
GACCCGTTTGGGCGTCCCTG_013,166
GACCCGTTTGGGCGTCCCTG_014,145
GACCCGTTTGGGCGTCCCTG_015,100
AAGGTATTGATAACAGAACA_001,162
TGTGGCGCCTGATCACCCCG_001,77
TGTGGCGCCTGATCACCCCG_002,55
TGTGGCGCCTGATCACCCCG_003,121
TGTGGCGCCTGATCACCCCG_004,166
TCAATAATGAATATTGTGAG_001,149
TCAATAATGAATATTGTGAG_002,119
CCTCGGGGTCTGCGCCGAAG_001,176
CCTCGGGGTCTGCGCCGAAG_002,178
CCTCGGGGTCTGCGCCGAAG_003,189
CCTCGGGGTCTGCGCCGAAG_004,50
CCTCGGGGTCTGCGCCGAAG_005,56
CCTCGGGGTCTGCGCCGAAG_006,180
GAGACAGAGTTGCGACCGCG_001,22
GAGACAGAGTTGCGACCGCG_002,48
GAGACAGAGTTGCGACCGCG_003,12
GAGACAGAGTTGCGACCGCG_004,63
GAGACAGAGTTGCGACCGCG_005,19
GAGACAGAGTTGCGACCGCG_006,80
GAGACAGAGTTGCGACCGCG_007,132
GAGACAGAGTTGCGACCGCG_008,197
GAGACAGAGTTGCGACCGCG_009,166
GAGACAGAGTTGCGACCGCG_010,81
GAGACAGAGTTGCGACCGCG_011,73
GAGACAGAGTTGCGACCGCG_012,79
GAGACAGAGTTGCGACCGCG_013,186
GAGACAGAGTTGCGACCGCG_014,95
GAGACAGAGTTGCGACCGCG_015,122
GAGACAGAGTTGCGACCGCG_016,41
GAGACAGAGTTGCGACCGCG_017,176
GAGACAGAGTTGCGACCGCG_018,191
GAGACAGAGTTGCGACCGCG_019,150
GAGACAGAGTTGCGACCGCG_020,118
GAGACAGAGTTGCGACCGCG_021,13
GAGACAGAGTTGCGACCGCG_022,160
GAGACAGAGTTGCGACCGCG_023,62
GAGACAGAGTTGCGACCGCG_024,168
GAGACAGAGTTGCGACCGCG_025,115
GAGACAGAGTTGCGACCGCG_026,117
GAGACAGAGTTGCGACCGCG_027,80
GAGACAGAGTTGCGACCGCG_028,151
GAGACAGAGTTGCGACCGCG_029,28
GAGACAGAGTTGCGACCGCG_030,102
GAGACAGAGTTGCGACCGCG_031,66
GAGACAGAGTTGCGACCGCG_032,90
GAGACAGAGTTGCGACCGCG_033,39
GAGACAGAGTTGCGACCGCG_034,6
GAGACAGAGTTGCGACCGCG_035,57
GTCAGGGAGAACATCCCGGT_001,23
GTCAGGGAGAACATCCCGGT_002,23
GTCAGGGAGAACATCCCGGT_003,161
GGTAACTGGAGCCGTAGCGT_001,0
GGTAACTGGAGCCGTAGCGT_002,174
GGTAACTGGAGCCGTAGCGT_003,17
GGTAACTGGAGCCGTAGCGT_004,105
GGTAACTGGAGCCGTAGCGT_005,198
GGTAACTGGAGCCGTAGCGT_006,28
GGTAACTGGAGCCGTAGCGT_007,79
GGTAACTGGAGCCGTAGCGT_008,123
GGTAACTGGAGCCGTAGCGT_009,130
GGTAACTGGAGCCGTAGCGT_010,83
GGTAACTGGAGCCGTAGCGT_011,13
CACTTACCTTCACAAAACAC_001,98
CACTTACCTTCACAAAACAC_002,73
CACTTACCTTCACAAAACAC_003,151
CACTTACCTTCACAAAACAC_004,14
CACTTACCTTCACAAAACAC_005,68
CACTTACCTTCACAAAACAC_006,89
CACTTACCTTCACAAAACAC_007,97
CACTTACCTTCACAAAACAC_008,159
CACTTACCTTCACAAAACAC_009,157
CTGCTCAGGAATGATCTAGG_001,170
CTCTCACTCACCGTCCACGC_001,135
CTCTCACTCACCGTCCACGC_002,144
CTCTCACTCACCGTCCACGC_003,17
CTCTCACTCACCGTCCACGC_004,148
CTCTCACTCACCGTCCACGC_005,38
CTCTCACTCACCGTCCACGC_006,92
CTCTCACTCACCGTCCACGC_007,155
CTCTCACTCACCGTCCACGC_008,60
CTCTCACTCACCGTCCACGC_009,162
GAAGCACAAAAAGGGACAGT_001,191
GAAGCACAAAAAGGGACAGT_002,115
GAAGCACAAAAAGGGACAGT_003,187
GAAGCACAAAAAGGGACAGT_004,34
GAAGCACAAAAAGGGACAGT_005,94
CGATGGCAGCCATGTCACTG_001,16
CGATGGCAGCCATGTCACTG_002,45
CGATGGCAGCCATGTCACTG_003,184
CGATGGCAGCCATGTCACTG_004,40
CGATGGCAGCCATGTCACTG_005,149
CCCACTTTAGACTCACGCTG_001,30
CCCACTTTAGACTCACGCTG_002,169
CCCACTTTAGACTCACGCTG_003,169
CCCACTTTAGACTCACGCTG_004,24
CCCACTTTAGACTCACGCTG_005,53
CCCACTTTAGACTCACGCTG_006,24
CCCACTTTAGACTCACGCTG_007,41
CCCACTTTAGACTCACGCTG_008,199
CCCACTTTAGACTCACGCTG_009,138
CCCACTTTAGACTCACGCTG_010,43
CCCACTTTAGACTCACGCTG_011,9
CCCACTTTAGACTCACGCTG_012,34
TCGAGGACCCCTACTCGTCG_001,154
TCGAGGACCCCTACTCGTCG_002,57
TCGAGGACCCCTACTCGTCG_003,72
TCGAGGACCCCTACTCGTCG_004,107
TCGAGGACCCCTACTCGTCG_005,148
TCGAGGACCCCTACTCGTCG_006,65
TCGAGGACCCCTACTCGTCG_007,54
TCGAGGACCCCTACTCGTCG_008,77
TCGAGGACCCCTACTCGTCG_009,53
TCGAGGACCCCTACTCGTCG_010,126
TCGAGGACCCCTACTCGTCG_011,2
TGGGAGGAGTGTCCGCGCCA_001,24
TGGGAGGAGTGTCCGCGCCA_002,154
TGGGAGGAGTGTCCGCGCCA_003,4
TGGGAGGAGTGTCCGCGCCA_004,30
TGGGAGGAGTGTCCGCGCCA_005,44
TGGGAGGAGTGTCCGCGCCA_006,169
TGGGAGGAGTGTCCGCGCCA_007,19
TGGGAGGAGTGTCCGCGCCA_008,183
TGGGAGGAGTGTCCGCGCCA_009,150
TGGGAGGAGTGTCCGCGCCA_010,15
TGGGAGGAGTGTCCGCGCCA_011,52
TGGGAGGAGTGTCCGCGCCA_012,81
TGGGAGGAGTGTCCGCGCCA_013,183
TGGGAGGAGTGTCCGCGCCA_014,118
TGGGAGGAGTGTCCGCGCCA_015,40
TGGGAGGAGTGTCCGCGCCA_016,180
TGGGAGGAGTGTCCGCGCCA_017,114
TGGGAGGAGTGTCCGCGCCA_018,0
CACGTCCGAGCACAAAGTGT_001,77
CACGTCCGAGCACAAAGTGT_002,145
CACGTCCGAGCACAAAGTGT_003,5
CACGTCCGAGCACAAAGTGT_004,97
CACGTCCGAGCACAAAGTGT_005,195
CACGTCCGAGCACAAAGTGT_006,49
CACGTCCGAGCACAAAGTGT_007,169
CACGTCCGAGCACAAAGTGT_008,3
CACGTCCGAGCACAAAGTGT_009,17
CACTCTGAAATACCCCAACG_001,176
CACTCTGAAATACCCCAACG_002,18
CACTCTGAAATACCCCAACG_003,137
CACTCTGAAATACCCCAACG_004,12
CGGGACGTTTGTCAGCCCTG_001,43
CGGGACGTTTGTCAGCCCTG_002,148
CGGGACGTTTGTCAGCCCTG_003,177
CGGGACGTTTGTCAGCCCTG_004,150
CGGGACGTTTGTCAGCCCTG_005,169
CGGGACGTTTGTCAGCCCTG_006,93
CGGGACGTTTGTCAGCCCTG_007,156
CGGGACGTTTGTCAGCCCTG_008,32
CGGGACGTTTGTCAGCCCTG_009,122
CGGGACGTTTGTCAGCCCTG_010,43
GGATTACGTGAACCGCATAG_001,152
GGATTACGTGAACCGCATAG_002,172
GGACGATGCTACTCACGATG_001,185
GGACGATGCTACTCACGATG_002,1
GTGGTCGGAGACTCACTCGG_001,96
GTGGTCGGAGACTCACTCGG_002,37
GTGGTCGGAGACTCACTCGG_003,82
GTGGTCGGAGACTCACTCGG_004,147
GTGGTCGGAGACTCACTCGG_005,38
TGTATTTCATAAACTCACGT_001,141
TGTATTTCATAAACTCACGT_002,169
TGTATTTCATAAACTCACGT_003,114
TGTATTTCATAAACTCACGT_004,175
TGTATTTCATAAACTCACGT_005,115
TGTATTTCATAAACTCACGT_006,141
TGTATTTCATAAACTCACGT_007,127
TGTATTTCATAAACTCACGT_008,35
TGTATTTCATAAACTCACGT_009,118
TGTCACTGTAGGTCCAGCGT_001,138
TGTCACTGTAGGTCCAGCGT_002,0
TGTCACTGTAGGTCCAGCGT_003,13
TGTCACTGTAGGTCCAGCGT_004,151
TGTCACTGTAGGTCCAGCGT_005,194
TGTCACTGTAGGTCCAGCGT_006,85
TGTCACTGTAGGTCCAGCGT_007,117
TGTCACTGTAGGTCCAGCGT_008,30
TGTCACTGTAGGTCCAGCGT_009,75
TGTCACTGTAGGTCCAGCGT_010,163
TGTCACTGTAGGTCCAGCGT_011,78
AGCCTTGGCAACTGGAAACG_001,189
AGCCTTGGCAACTGGAAACG_002,145
AGCCTTGGCAACTGGAAACG_003,4
AGCCTTGGCAACTGGAAACG_004,4
AGCCTTGGCAACTGGAAACG_005,1
AGCCTTGGCAACTGGAAACG_006,0
AGCCTTGGCAACTGGAAACG_007,47
AGCCTTGGCAACTGGAAACG_008,171
AGCCTTGGCAACTGGAAACG_009,18
AGCCTTGGCAACTGGAAACG_010,172
AGCCTTGGCAACTGGAAACG_011,120
AGCCTTGGCAACTGGAAACG_012,169
AGCCTTGGCAACTGGAAACG_013,52
AGCCTTGGCAACTGGAAACG_014,94
AGCCTTGGCAACTGGAAACG_015,169
AGCCTTGGCAACTGGAAACG_016,169
AGCCTTGGCAACTGGAAACG_017,12
AGCCTTGGCAACTGGAAACG_018,107
AGCCTTGGCAACTGGAAACG_019,198
AGCCTTGGCAACTGGAAACG_020,77
AGCCTTGGCAACTGGAAACG_021,19
AGCCTTGGCAACTGGAAACG_022,29
AGCCTTGGCAACTGGAAACG_023,50
AGCCTTGGCAACTGGAAACG_024,145
AGCCTTGGCAACTGGAAACG_025,91
AGCCTTGGCAACTGGAAACG_026,150
AGCCTTGGCAACTGGAAACG_027,94
AGCCTTGGCAACTGGAAACG_028,130
AGCCTTGGCAACTGGAAACG_029,69
AGCCTTGGCAACTGGAAACG_030,196
AGCCTTGGCAACTGGAAACG_031,42
AGCCTTGGCAACTGGAAACG_032,191
AGCCTTGGCAACTGGAAACG_033,118
TTCCGTTCTCCATCAGACGA_001,149
TTCCGTTCTCCATCAGACGA_002,51
TTCCGTTCTCCATCAGACGA_003,76
TTCCGTTCTCCATCAGACGA_004,145
TTCCGTTCTCCATCAGACGA_005,193
TTCCGTTCTCCATCAGACGA_006,72
TTCCGTTCTCCATCAGACGA_007,33
TTCCGTTCTCCATCAGACGA_008,0
TTCCGTTCTCCATCAGACGA_009,192
TTCCGTTCTCCATCAGACGA_010,152
TTCCGTTCTCCATCAGACGA_011,194
TTCCGTTCTCCATCAGACGA_012,149
TTCCGTTCTCCATCAGACGA_013,63
GAAGAAGATGTTCTGACTCG_001,142
GAAGAAGATGTTCTGACTCG_002,168
GAAGAAGATGTTCTGACTCG_003,144
GAAGAAGATGTTCTGACTCG_004,100
GAAGAAGATGTTCTGACTCG_005,43
GAAGAAGATGTTCTGACTCG_006,121
GAAGAAGATGTTCTGACTCG_007,125
AGGACTTTGCTGTCTCTGAG_001,151
AGGACTTTGCTGTCTCTGAG_002,151
AGGACTTTGCTGTCTCTGAG_003,68
AGGACTTTGCTGTCTCTGAG_004,196
AGGACTTTGCTGTCTCTGAG_005,173
AGGACTTTGCTGTCTCTGAG_006,139
AGGACTTTGCTGTCTCTGAG_007,151
AGGACTTTGCTGTCTCTGAG_008,176
AGGACTTTGCTGTCTCTGAG_009,92
AGGACTTTGCTGTCTCTGAG_010,128
AGGACTTTGCTGTCTCTGAG_011,68
AGGACTTTGCTGTCTCTGAG_012,144
AGGACTTTGCTGTCTCTGAG_013,147
AGGACTTTGCTGTCTCTGAG_014,123
AGGACTTTGCTGTCTCTGAG_015,13
AGGACTTTGCTGTCTCTGAG_016,103
TGGCGTGAAACCTTCCACCG_001,174
TGGCGTGAAACCTTCCACCG_002,122
TGGCGTGAAACCTTCCACCG_003,141
TGGCGTGAAACCTTCCACCG_004,184
TGGCGTGAAACCTTCCACCG_005,189
TGGCGTGAAACCTTCCACCG_006,169
TGGCGTGAAACCTTCCACCG_007,105
TGGCGTGAAACCTTCCACCG_008,72
TGGCGTGAAACCTTCCACCG_009,101
TGGCGTGAAACCTTCCACCG_010,153
TGGCGTGAAACCTTCCACCG_011,110
TGGCGTGAAACCTTCCACCG_012,8
TGGCGTGAAACCTTCCACCG_013,46
TGGCGTGAAACCTTCCACCG_014,115
TGGCGTGAAACCTTCCACCG_015,92
TGGCGTGAAACCTTCCACCG_016,52
TGGCGTGAAACCTTCCACCG_017,146
TGGCGTGAAACCTTCCACCG_018,127
TGGCGTGAAACCTTCCACCG_019,60
TGGCGTGAAACCTTCCACCG_020,34
TGGCGTGAAACCTTCCACCG_021,107
TGGCGTGAAACCTTCCACCG_022,30
ACCCATGCATATATGCCCGG_001,127
AGATTGTAAGCACGCATCGT_001,137
AGATTGTAAGCACGCATCGT_002,19
AGATTGTAAGCACGCATCGT_003,199
AGATTGTAAGCACGCATCGT_004,158
AGATTGTAAGCACGCATCGT_005,140
AGATTGTAAGCACGCATCGT_006,2
AGATTGTAAGCACGCATCGT_007,123
AGATTGTAAGCACGCATCGT_008,36
AGATTGTAAGCACGCATCGT_009,16
AGATTGTAAGCACGCATCGT_010,29
AGATTGTAAGCACGCATCGT_011,106
AGATTGTAAGCACGCATCGT_012,93
TGCTGGAGCAGGAGTTCGCG_001,169
TGCTGGAGCAGGAGTTCGCG_002,27
TGCTGGAGCAGGAGTTCGCG_003,158
TGCTGGAGCAGGAGTTCGCG_004,118
TGCTGGAGCAGGAGTTCGCG_005,46
TGCTGGAGCAGGAGTTCGCG_006,175
TGCTGGAGCAGGAGTTCGCG_007,88
TGCTGGAGCAGGAGTTCGCG_008,39
TGCTGGAGCAGGAGTTCGCG_009,134
TGCTGGAGCAGGAGTTCGCG_010,60
TGCTGGAGCAGGAGTTCGCG_011,0
TGCTGGAGCAGGAGTTCGCG_012,175
TGCTGGAGCAGGAGTTCGCG_013,1
TGCTGGAGCAGGAGTTCGCG_014,58
GGTGACACCCAACGCACACG_001,184
GGTGACACCCAACGCACACG_002,84
GGTGACACCCAACGCACACG_003,96
GGTGACACCCAACGCACACG_004,160
TCAGGATTATCGACAAGCAG_001,148
TCAGGATTATCGACAAGCAG_002,97
TCAGGATTATCGACAAGCAG_003,161
TCAGGATTATCGACAAGCAG_004,100
TCAGGATTATCGACAAGCAG_005,41
TCAGGATTATCGACAAGCAG_006,175
TCAGGATTATCGACAAGCAG_007,12
TCAGGATTATCGACAAGCAG_008,76
TCAGGATTATCGACAAGCAG_009,133
CCCCAGCACGAACACAAGGC_001,115
CCCCAGCACGAACACAAGGC_002,124
CCCCAGCACGAACACAAGGC_003,5
CCCCAGCACGAACACAAGGC_004,49
CCCCAGCACGAACACAAGGC_005,158
CCCCAGCACGAACACAAGGC_006,8
CCCCAGCACGAACACAAGGC_007,188
CCCCAGCACGAACACAAGGC_008,138
CCCCAGCACGAACACAAGGC_009,52
CCCCAGCACGAACACAAGGC_010,96
CCCCAGCACGAACACAAGGC_011,64
CCGGATGCAGAAGTCCCATG_001,176
CCGGATGCAGAAGTCCCATG_002,40
CCGGATGCAGAAGTCCCATG_003,172
CCGGATGCAGAAGTCCCATG_004,194
CCGGATGCAGAAGTCCCATG_005,160
CCGGATGCAGAAGTCCCATG_006,141
CCGGATGCAGAAGTCCCATG_007,12
CCGGATGCAGAAGTCCCATG_008,75
CCGGATGCAGAAGTCCCATG_009,179
CCGGATGCAGAAGTCCCATG_010,96
CCGGATGCAGAAGTCCCATG_011,169
CCGGATGCAGAAGTCCCATG_012,58
CCGGATGCAGAAGTCCCATG_013,24
GCCAGTGGTCGTCGAAAGGG_001,154
GCCAGTGGTCGTCGAAAGGG_002,154
GCCAGTGGTCGTCGAAAGGG_003,34
GCCAGTGGTCGTCGAAAGGG_004,119
GCCAGTGGTCGTCGAAAGGG_005,34
GCCAGTGGTCGTCGAAAGGG_006,175
GCCAGTGGTCGTCGAAAGGG_007,149
GCCAGTGGTCGTCGAAAGGG_008,160
GCCAGTGGTCGTCGAAAGGG_009,150
GCCAGTGGTCGTCGAAAGGG_010,75
GCCAGTGGTCGTCGAAAGGG_011,12
GCCAGTGGTCGTCGAAAGGG_012,5
GCCAGTGGTCGTCGAAAGGG_013,93
GCCAGTGGTCGTCGAAAGGG_014,127
GCCAGTGGTCGTCGAAAGGG_015,195
GCCAGTGGTCGTCGAAAGGG_016,137
GCCAGTGGTCGTCGAAAGGG_017,106
GCCAGTGGTCGTCGAAAGGG_018,169
GCCAGTGGTCGTCGAAAGGG_019,137
GCCAGTGGTCGTCGAAAGGG_020,145
GCCAGTGGTCGTCGAAAGGG_021,140
GCCAGTGGTCGTCGAAAGGG_022,85
GCCAGTGGTCGTCGAAAGGG_023,81
GCCAGTGGTCGTCGAAAGGG_024,46
GCCAGTGGTCGTCGAAAGGG_025,94
GCCAGTGGTCGTCGAAAGGG_026,16
GCCAGTGGTCGTCGAAAGGG_027,182
GCCAGTGGTCGTCGAAAGGG_028,77
GCCAGTGGTCGTCGAAAGGG_029,42
GCCAGTGGTCGTCGAAAGGG_030,145
GCCAGTGGTCGTCGAAAGGG_031,124
GCCAGTGGTCGTCGAAAGGG_032,16
GCCAGTGGTCGTCGAAAGGG_033,121
GCCAGTGGTCGTCGAAAGGG_034,150
GGTCGTACTGGACGTCCGCG_001,83
GGTCGTACTGGACGTCCGCG_002,86
GGTCGTACTGGACGTCCGCG_003,69
GGTCGTACTGGACGTCCGCG_004,65
GGTCGTACTGGACGTCCGCG_005,117
GGTCGTACTGGACGTCCGCG_006,141
GGTCGTACTGGACGTCCGCG_007,82
GGTCGTACTGGACGTCCGCG_008,161
GGTCGTACTGGACGTCCGCG_009,178
GGTCGTACTGGACGTCCGCG_010,69
GGTCGTACTGGACGTCCGCG_011,17
GGTCGTACTGGACGTCCGCG_012,68
GGTCGTACTGGACGTCCGCG_013,40
ACGCTGTGTGGGACTCCCAA_001,62
ACGCTGTGTGGGACTCCCAA_002,124
ACGCTGTGTGGGACTCCCAA_003,192
ACGCTGTGTGGGACTCCCAA_004,60
ACGCTGTGTGGGACTCCCAA_005,28
ACGCTGTGTGGGACTCCCAA_006,120
ACGCTGTGTGGGACTCCCAA_007,29
ACGCTGTGTGGGACTCCCAA_008,160
ACGCTGTGTGGGACTCCCAA_009,88
ACGCTGTGTGGGACTCCCAA_010,175
ACGCTGTGTGGGACTCCCAA_011,5
ACGCTGTGTGGGACTCCCAA_012,80
ACGCTGTGTGGGACTCCCAA_013,47
CTTGTAAAGCTGAGCAACGG_001,62
CTTGTAAAGCTGAGCAACGG_002,127
CTTGTAAAGCTGAGCAACGG_003,27
CTTGTAAAGCTGAGCAACGG_004,56
CTTGTAAAGCTGAGCAACGG_005,166
GCCTCAACATATGCCCTGTG_001,79
GCCTCAACATATGCCCTGTG_002,140
GCCTCAACATATGCCCTGTG_003,47
GCCTCAACATATGCCCTGTG_004,140
GCCTCAACATATGCCCTGTG_005,123
GCCTCAACATATGCCCTGTG_006,33
TCGGCCGCCATGGTCTTCAG_001,45
TCGGCCGCCATGGTCTTCAG_002,77
TCGGCCGCCATGGTCTTCAG_003,189
TCGGCCGCCATGGTCTTCAG_004,58
TCGGCCGCCATGGTCTTCAG_005,62
TCGGCCGCCATGGTCTTCAG_006,102
TCGGCCGCCATGGTCTTCAG_007,17
TCGGCCGCCATGGTCTTCAG_008,94
TCGGCCGCCATGGTCTTCAG_009,172
TCGGCCGCCATGGTCTTCAG_010,149
TCGGCCGCCATGGTCTTCAG_011,188
TCGGCCGCCATGGTCTTCAG_012,57
TCGGCCGCCATGGTCTTCAG_013,125
TCGGCCGCCATGGTCTTCAG_014,95
TCGGCCGCCATGGTCTTCAG_015,13
TCGGCCGCCATGGTCTTCAG_016,191
TCGGCCGCCATGGTCTTCAG_017,176
TCGGCCGCCATGGTCTTCAG_018,163
TCGGCCGCCATGGTCTTCAG_019,150
TCGGCCGCCATGGTCTTCAG_020,0
TCGGCCGCCATGGTCTTCAG_021,169
TCGGCCGCCATGGTCTTCAG_022,80
TCGGCCGCCATGGTCTTCAG_023,99
TCGGCCGCCATGGTCTTCAG_024,162
TCGGCCGCCATGGTCTTCAG_025,69
ACTTACAGGATCCCCTCCAG_001,169
ACTTACAGGATCCCCTCCAG_002,135
ACTTACAGGATCCCCTCCAG_003,23
ACTTACAGGATCCCCTCCAG_004,166
ACTTACAGGATCCCCTCCAG_005,160
ACTTACAGGATCCCCTCCAG_006,12
ACTTACAGGATCCCCTCCAG_007,194
ACTTACAGGATCCCCTCCAG_008,107
ACTTACAGGATCCCCTCCAG_009,139
ACTTACAGGATCCCCTCCAG_010,162
ACTTACAGGATCCCCTCCAG_011,5
ACTTACAGGATCCCCTCCAG_012,137
ACTTACAGGATCCCCTCCAG_013,168
TACTAGAACAGGAATGTGAA_001,47
TACTAGAACAGGAATGTGAA_002,178
TACTAGAACAGGAATGTGAA_003,72
TAAGCGTAAGCATAGCCATG_001,65
TAAGCGTAAGCATAGCCATG_002,120
TAAGCGTAAGCATAGCCATG_003,156
TAAGCGTAAGCATAGCCATG_004,15
TAAGCGTAAGCATAGCCATG_005,36
TAAGCGTAAGCATAGCCATG_006,14
TAAGCGTAAGCATAGCCATG_007,14
TAAGCGTAAGCATAGCCATG_008,1
TAAGCGTAAGCATAGCCATG_009,138
TAAGCGTAAGCATAGCCATG_010,197
TAAGCGTAAGCATAGCCATG_011,20
TAAGCGTAAGCATAGCCATG_012,191
TAAGCGTAAGCATAGCCATG_013,168
TAAGCGTAAGCATAGCCATG_014,199
TCAGAACAAAAGGACACTCT_001,189
TCAGAACAAAAGGACACTCT_002,127
TCAGAACAAAAGGACACTCT_003,25
TCAGAACAAAAGGACACTCT_004,98
TCAGAACAAAAGGACACTCT_005,114
TCAGAACAAAAGGACACTCT_006,163
TCAGAACAAAAGGACACTCT_007,120
TCAGAACAAAAGGACACTCT_008,33
ATCTGCGTTGTGCCAACGAG_001,50
ATCTGCGTTGTGCCAACGAG_002,188
ATCTGCGTTGTGCCAACGAG_003,183
ATCTGCGTTGTGCCAACGAG_004,117
ATCTGCGTTGTGCCAACGAG_005,17
ATCTGCGTTGTGCCAACGAG_006,145
ATCTGCGTTGTGCCAACGAG_007,109
ATCTGCGTTGTGCCAACGAG_008,9
ATCTGCGTTGTGCCAACGAG_009,54
AGTGATTACATCCATGGTGT_001,160
ACTTAGGCCGCAAAGTACCT_001,40
ACTTAGGCCGCAAAGTACCT_002,43
ACTTAGGCCGCAAAGTACCT_003,169
ACTTAGGCCGCAAAGTACCT_004,168
ACTTAGGCCGCAAAGTACCT_005,118
ACTTAGGCCGCAAAGTACCT_006,102
ACTTAGGCCGCAAAGTACCT_007,116
ACTTAGGCCGCAAAGTACCT_008,101
ACTTAGGCCGCAAAGTACCT_009,24
ACTTAGGCCGCAAAGTACCT_010,172
ACTTAGGCCGCAAAGTACCT_011,112
ACTTAGGCCGCAAAGTACCT_012,187
ACTTAGGCCGCAAAGTACCT_013,108
ACTTAGGCCGCAAAGTACCT_014,160
ACTTAGGCCGCAAAGTACCT_015,0
ACTTAGGCCGCAAAGTACCT_016,32
ACTTAGGCCGCAAAGTACCT_017,98
ACTTAGGCCGCAAAGTACCT_018,144
ACTTAGGCCGCAAAGTACCT_019,63
ACTTAGGCCGCAAAGTACCT_020,29
ACTTAGGCCGCAAAGTACCT_021,150
ACTTAGGCCGCAAAGTACCT_022,63
ACTTAGGCCGCAAAGTACCT_023,157
ACTTAGGCCGCAAAGTACCT_024,90
ACTTAGGCCGCAAAGTACCT_025,124
ACTTAGGCCGCAAAGTACCT_026,106
ACTTAGGCCGCAAAGTACCT_027,78
ACTTAGGCCGCAAAGTACCT_028,34
ACTTAGGCCGCAAAGTACCT_029,150
CCAAAGATCCACATCAACAC_001,4
CCAAAGATCCACATCAACAC_002,88
CCAAAGATCCACATCAACAC_003,177
CCAAAGATCCACATCAACAC_004,194
AAGCTTCTGCATAAACGGAG_001,45
AAGCTTCTGCATAAACGGAG_002,127
AAGCTTCTGCATAAACGGAG_003,3
AAGCTTCTGCATAAACGGAG_004,1
AAGCTTCTGCATAAACGGAG_005,48
AAGCTTCTGCATAAACGGAG_006,8
AAGCTTCTGCATAAACGGAG_007,182
AAGCTTCTGCATAAACGGAG_008,127
AAGCTTCTGCATAAACGGAG_009,49
AAGCTTCTGCATAAACGGAG_010,24
AAGCTTCTGCATAAACGGAG_011,40
AAGCTTCTGCATAAACGGAG_012,50
AAGCTTCTGCATAAACGGAG_013,196
AAGCTTCTGCATAAACGGAG_014,125
AAGCTTCTGCATAAACGGAG_015,151
AAGCTTCTGCATAAACGGAG_016,6
AAGCTTCTGCATAAACGGAG_017,104
TGATGTGTGAAGTATCCTCT_001,7
TGATGTGTGAAGTATCCTCT_002,81
TGATGTGTGAAGTATCCTCT_003,158
TGATGTGTGAAGTATCCTCT_004,56
TGATGTGTGAAGTATCCTCT_005,52
TGATGTGTGAAGTATCCTCT_006,13
TGATGTGTGAAGTATCCTCT_007,94
TGATGTGTGAAGTATCCTCT_008,60
TGATGTGTGAAGTATCCTCT_009,45
TGATGTGTGAAGTATCCTCT_010,130
TGATGTGTGAAGTATCCTCT_011,165
TGATGTGTGAAGTATCCTCT_012,137
TGATGTGTGAAGTATCCTCT_013,139
TGATGTGTGAAGTATCCTCT_014,184
CAGTGCCAGGAACATCTGAA_001,27
CAGTGCCAGGAACATCTGAA_002,119
CAGTGCCAGGAACATCTGAA_003,2
CAGTGCCAGGAACATCTGAA_004,67
CAGTGCCAGGAACATCTGAA_005,155
CAGTGCCAGGAACATCTGAA_006,81
CAGTGCCAGGAACATCTGAA_007,43
CAGTGCCAGGAACATCTGAA_008,98
CAGTGCCAGGAACATCTGAA_009,50
CAGTGCCAGGAACATCTGAA_010,31
GAAGCGGCGACAAAACCACA_001,58
GAAGCGGCGACAAAACCACA_002,33
GAAGCGGCGACAAAACCACA_003,136
GAAGCGGCGACAAAACCACA_004,76
GAAGCGGCGACAAAACCACA_005,114
GAAGCGGCGACAAAACCACA_006,162
GAAGCGGCGACAAAACCACA_007,49
GAAGCGGCGACAAAACCACA_008,198
GAAGCGGCGACAAAACCACA_009,3
GAAGCGGCGACAAAACCACA_010,132
GAAGCGGCGACAAAACCACA_011,126
TGCCAGCACACAGCCGTTTG_001,105
TGCCAGCACACAGCCGTTTG_002,138
GTCATCAGCGATTTGACGAG_001,184
GTCATCAGCGATTTGACGAG_002,12
GTCATCAGCGATTTGACGAG_003,146
GTCATCAGCGATTTGACGAG_004,157
GTCATCAGCGATTTGACGAG_005,151
GTCATCAGCGATTTGACGAG_006,82
GTCATCAGCGATTTGACGAG_007,127
GTCATCAGCGATTTGACGAG_008,160
GTCATCAGCGATTTGACGAG_009,83
GTCATCAGCGATTTGACGAG_010,105
GTCATCAGCGATTTGACGAG_011,94
GTCATCAGCGATTTGACGAG_012,197
GTCATCAGCGATTTGACGAG_013,60
GTCATCAGCGATTTGACGAG_014,134
GATACCGGGAACCTCCAGAC_001,118
GATACCGGGAACCTCCAGAC_002,169
GATACCGGGAACCTCCAGAC_003,168
GATACCGGGAACCTCCAGAC_004,194
GATACCGGGAACCTCCAGAC_005,25
GATACCGGGAACCTCCAGAC_006,91
GATACCGGGAACCTCCAGAC_007,91
GATACCGGGAACCTCCAGAC_008,142
GATACCGGGAACCTCCAGAC_009,196
GATACCGGGAACCTCCAGAC_010,126
GATACCGGGAACCTCCAGAC_011,21
GATACCGGGAACCTCCAGAC_012,14
GATACCGGGAACCTCCAGAC_013,14
GATACCGGGAACCTCCAGAC_014,183
GATACCGGGAACCTCCAGAC_015,107
GATACCGGGAACCTCCAGAC_016,1
GATACCGGGAACCTCCAGAC_017,150
GATACCGGGAACCTCCAGAC_018,64
AAAATCGAGACTTCGCCACG_001,168
AAAATCGAGACTTCGCCACG_002,159
AAAATCGAGACTTCGCCACG_003,24
AAAATCGAGACTTCGCCACG_004,199
GGAATTTCGAACTCGCCACC_001,28
GGAATTTCGAACTCGCCACC_002,81
GGAATTTCGAACTCGCCACC_003,35
GGAGAAAGACCAGAGGATCG_001,44
GGAGAAAGACCAGAGGATCG_002,10
GGAGAAAGACCAGAGGATCG_003,171
GGAGAAAGACCAGAGGATCG_004,139
GGAGAAAGACCAGAGGATCG_005,176
GGAGAAAGACCAGAGGATCG_006,9
GGAGAAAGACCAGAGGATCG_007,51
GGAGAAAGACCAGAGGATCG_008,28
GGAGAAAGACCAGAGGATCG_009,97
GGAGAAAGACCAGAGGATCG_010,5
GGAGAAAGACCAGAGGATCG_011,104
GGAGAAAGACCAGAGGATCG_012,141
GGAGAAAGACCAGAGGATCG_013,153
GGAGAAAGACCAGAGGATCG_014,0
GGAGAAAGACCAGAGGATCG_015,90
CACACGCTGCATAATATCCA_001,6
TCCAATCAGAGCCGATACTG_001,17
TCCAATCAGAGCCGATACTG_002,121
TCCAATCAGAGCCGATACTG_003,148
TCCAATCAGAGCCGATACTG_004,177
TCCAATCAGAGCCGATACTG_005,57
ACAGTACCTAACATAGGCCT_001,44
ACAGTACCTAACATAGGCCT_002,29
AAGTGAACCCGAGTCACCGA_001,64
AAGTGAACCCGAGTCACCGA_002,101
AAGTGAACCCGAGTCACCGA_003,26
AAGTGAACCCGAGTCACCGA_004,56
TGTCTTAAAATATACGTCAA_001,12
TGTCTTAAAATATACGTCAA_002,147
TGTCTTAAAATATACGTCAA_003,26
TGTCTTAAAATATACGTCAA_004,148
TGTCTTAAAATATACGTCAA_005,121
TGTCTTAAAATATACGTCAA_006,124
TGTCTTAAAATATACGTCAA_007,8
GCTGCGGGTACCCGAGAACA_001,121
GCTGCGGGTACCCGAGAACA_002,169
GCTGCGGGTACCCGAGAACA_003,153
GCTGCGGGTACCCGAGAACA_004,167
GCTGCGGGTACCCGAGAACA_005,24
GCTGCGGGTACCCGAGAACA_006,56
GCTGCGGGTACCCGAGAACA_007,177
GCTGCGGGTACCCGAGAACA_008,82
TCTGAAATAGGCCTTGCACA_001,83
TCTGAAATAGGCCTTGCACA_002,0
TCTGAAATAGGCCTTGCACA_003,177
TCTGAAATAGGCCTTGCACA_004,153
TCTGAAATAGGCCTTGCACA_005,102
TCTGAAATAGGCCTTGCACA_006,110
CTGATGGCCAGAATGCCGTG_001,174
CTGATGGCCAGAATGCCGTG_002,175
CTGATGGCCAGAATGCCGTG_003,94
CTGATGGCCAGAATGCCGTG_004,52
CTGATGGCCAGAATGCCGTG_005,77
CTGATGGCCAGAATGCCGTG_006,81
CTGATGGCCAGAATGCCGTG_007,152
CTGATGGCCAGAATGCCGTG_008,58
CTGATGGCCAGAATGCCGTG_009,176
CAGGCAATCCCGCCGCAGGG_001,121
CAGGCAATCCCGCCGCAGGG_002,72
CAGGCAATCCCGCCGCAGGG_003,92
CAGGCAATCCCGCCGCAGGG_004,121
CAGGCAATCCCGCCGCAGGG_005,94
CAGGCAATCCCGCCGCAGGG_006,25
CAGGCAATCCCGCCGCAGGG_007,7
CAGGCAATCCCGCCGCAGGG_008,121
CAGGCAATCCCGCCGCAGGG_009,88
CAGGCAATCCCGCCGCAGGG_010,179
CAGGCAATCCCGCCGCAGGG_011,144
CAGGCAATCCCGCCGCAGGG_012,6
CAGGCAATCCCGCCGCAGGG_013,6
ACTAGCTCTTCGCATAACTG_001,113
TGGAATAACTAAAGGCTCTG_001,0
TGGAATAACTAAAGGCTCTG_002,138
TGGAATAACTAAAGGCTCTG_003,12
TGGAATAACTAAAGGCTCTG_004,70
TGGAATAACTAAAGGCTCTG_005,53
TGGAATAACTAAAGGCTCTG_006,98
TGGAATAACTAAAGGCTCTG_007,182
TGGAATAACTAAAGGCTCTG_008,199
TGGAATAACTAAAGGCTCTG_009,29
TGGAATAACTAAAGGCTCTG_010,171
TGGAATAACTAAAGGCTCTG_011,160
TGGAATAACTAAAGGCTCTG_012,29
TGGAATAACTAAAGGCTCTG_013,174
TGGAATAACTAAAGGCTCTG_014,181
TGGAATAACTAAAGGCTCTG_015,81
TGGAATAACTAAAGGCTCTG_016,5
TGGAATAACTAAAGGCTCTG_017,94
TGGAATAACTAAAGGCTCTG_018,198
TGGACGACACCCAGTTCGTG_001,159
TGGACGACACCCAGTTCGTG_002,113
TGGACGACACCCAGTTCGTG_003,134
TGGACGACACCCAGTTCGTG_004,77
TGGACGACACCCAGTTCGTG_005,191
TGGACGACACCCAGTTCGTG_006,158
TGGACGACACCCAGTTCGTG_007,196
TGGACGACACCCAGTTCGTG_008,196
TGGACGACACCCAGTTCGTG_009,94
TGGACGACACCCAGTTCGTG_010,24
TGGACGACACCCAGTTCGTG_011,46
TGGACGACACCCAGTTCGTG_012,62
TGGACGACACCCAGTTCGTG_013,147
TGGACGACACCCAGTTCGTG_014,40
TGGACGACACCCAGTTCGTG_015,63
TGGACGACACCCAGTTCGTG_016,177
TGGACGACACCCAGTTCGTG_017,1
TGGACGACACCCAGTTCGTG_018,151
TGGACGACACCCAGTTCGTG_019,40
TGGACGACACCCAGTTCGTG_020,190
TGGACGACACCCAGTTCGTG_021,94
TGGACGACACCCAGTTCGTG_022,95
TGGACGACACCCAGTTCGTG_023,178
TGGACGACACCCAGTTCGTG_024,41
TGGACGACACCCAGTTCGTG_025,40
TGGACGACACCCAGTTCGTG_026,33
TGGACGACACCCAGTTCGTG_027,66
TGGACGACACCCAGTTCGTG_028,62
TGGACGACACCCAGTTCGTG_029,63
TGGACGACACCCAGTTCGTG_030,3
TGGACGACACCCAGTTCGTG_031,15
TGGACGACACCCAGTTCGTG_032,146
TGGACGACACCCAGTTCGTG_033,78
TGGACGACACCCAGTTCGTG_034,168
TGGACGACACCCAGTTCGTG_035,124
GAATGCCTACGAGAACCGGG_001,25
GAATGCCTACGAGAACCGGG_002,183
GAATGCCTACGAGAACCGGG_003,170
GAATGCCTACGAGAACCGGG_004,170
GAATGCCTACGAGAACCGGG_005,54
GAATGCCTACGAGAACCGGG_006,98
GAATGCCTACGAGAACCGGG_007,157
GAATGCCTACGAGAACCGGG_008,127
GAATGCCTACGAGAACCGGG_009,150
GAATGCCTACGAGAACCGGG_010,93
GAATGCCTACGAGAACCGGG_011,113
GAATGCCTACGAGAACCGGG_012,44
GAATGCCTACGAGAACCGGG_013,148
GAATGCCTACGAGAACCGGG_014,74
GAATGCCTACGAGAACCGGG_015,31
GAATGCCTACGAGAACCGGG_016,63
GAATGCCTACGAGAACCGGG_017,94
GAATGCCTACGAGAACCGGG_018,127
GAATGCCTACGAGAACCGGG_019,148
GAATGCCTACGAGAACCGGG_020,40
GAATGCCTACGAGAACCGGG_021,188
GAATGCCTACGAGAACCGGG_022,25
GAATGCCTACGAGAACCGGG_023,34
GAATGCCTACGAGAACCGGG_024,153
GAATGCCTACGAGAACCGGG_025,77
GAATGCCTACGAGAACCGGG_026,169
GAATGCCTACGAGAACCGGG_027,37
GAATGCCTACGAGAACCGGG_028,89
GGGCATCTGCTCCAACTCAG_001,88
GGGCATCTGCTCCAACTCAG_002,58
GGGCATCTGCTCCAACTCAG_003,184
GGGCATCTGCTCCAACTCAG_004,15
GGGCATCTGCTCCAACTCAG_005,189
GGGCATCTGCTCCAACTCAG_006,160
GGGCATCTGCTCCAACTCAG_007,41
GGGCATCTGCTCCAACTCAG_008,28
GGGCATCTGCTCCAACTCAG_009,28
ACAACTGTTATGGGACCACC_001,18
ACAACTGTTATGGGACCACC_002,5
ACAACTGTTATGGGACCACC_003,28
TTAACCAGCGCGTTTCTCAC_001,23
TAGGAGGCATACACCATACA_001,42
TAGGAGGCATACACCATACA_002,83
TAGGAGGCATACACCATACA_003,149
TAGGAGGCATACACCATACA_004,192
TAGGAGGCATACACCATACA_005,52
CCATGTAGTTAGACACGATG_001,10
CCATGTAGTTAGACACGATG_002,173
CCATGTAGTTAGACACGATG_003,184
CCATGTAGTTAGACACGATG_004,148
CCATGTAGTTAGACACGATG_005,177
CCATGTAGTTAGACACGATG_006,78
CCATGTAGTTAGACACGATG_007,22
CCATGTAGTTAGACACGATG_008,34
CCATGTAGTTAGACACGATG_009,175
CCATGTAGTTAGACACGATG_010,104
CCATGTAGTTAGACACGATG_011,192
CCATGTAGTTAGACACGATG_012,18
CCATGTAGTTAGACACGATG_013,137
CCATGTAGTTAGACACGATG_014,180
CCATGTAGTTAGACACGATG_015,40
CCATGTAGTTAGACACGATG_016,179
CCATGTAGTTAGACACGATG_017,34
GGGTACTAGTGACCTTGCAA_001,177
GGGTACTAGTGACCTTGCAA_002,192
GGGTACTAGTGACCTTGCAA_003,195
GGGTACTAGTGACCTTGCAA_004,130
GGGTACTAGTGACCTTGCAA_005,19
GGGTACTAGTGACCTTGCAA_006,119
GGGTACTAGTGACCTTGCAA_007,20
GGGTACTAGTGACCTTGCAA_008,192
GGGTACTAGTGACCTTGCAA_009,50
GGGTACTAGTGACCTTGCAA_010,94
GGGTACTAGTGACCTTGCAA_011,149
GGGTACTAGTGACCTTGCAA_012,177
GGGTACTAGTGACCTTGCAA_013,102
GGGTACTAGTGACCTTGCAA_014,75
GGGTACTAGTGACCTTGCAA_015,73
GGGTACTAGTGACCTTGCAA_016,65
GGGTACTAGTGACCTTGCAA_017,63
GGGTACTAGTGACCTTGCAA_018,11
GGGTACTAGTGACCTTGCAA_019,140
GGGTACTAGTGACCTTGCAA_020,12
GGGTACTAGTGACCTTGCAA_021,83
GGGTACTAGTGACCTTGCAA_022,116
GGGTACTAGTGACCTTGCAA_023,105
GGGTACTAGTGACCTTGCAA_024,137
GGGTACTAGTGACCTTGCAA_025,63
GGGTACTAGTGACCTTGCAA_026,63
GGGTACTAGTGACCTTGCAA_027,94
GGGTACTAGTGACCTTGCAA_028,18
GGGTACTAGTGACCTTGCAA_029,69
ACATCTTCATTGATGATGCT_001,137
ACATCTTCATTGATGATGCT_002,168
ACATCTTCATTGATGATGCT_003,162
ATTTCCAAGTCGTTTCTATG_001,78
ATTTCCAAGTCGTTTCTATG_002,34
ATTTCCAAGTCGTTTCTATG_003,166
ATTTCCAAGTCGTTTCTATG_004,181
ATTTCCAAGTCGTTTCTATG_005,159
ATTTCCAAGTCGTTTCTATG_006,132
ATTTCCAAGTCGTTTCTATG_007,16
ATTTCCAAGTCGTTTCTATG_008,75
ATTTCCAAGTCGTTTCTATG_009,58
ATTTCCAAGTCGTTTCTATG_010,101
ATTTCCAAGTCGTTTCTATG_011,83
ATTTCCAAGTCGTTTCTATG_012,56
CTCCACATCGTAGAAATAGT_001,146
CTCCACATCGTAGAAATAGT_002,16
CTCCACATCGTAGAAATAGT_003,65
AGAGGATCATCAAGTAGAGG_001,8
AGAGGATCATCAAGTAGAGG_002,105
ACAGCAAGAAGAGACTGCAG_001,162
ACAGCAAGAAGAGACTGCAG_002,160
ACAGCAAGAAGAGACTGCAG_003,145
ACAGCAAGAAGAGACTGCAG_004,161
ACAGCAAGAAGAGACTGCAG_005,93
ACAGCAAGAAGAGACTGCAG_006,96
ACAGCAAGAAGAGACTGCAG_007,165
ACAGCAAGAAGAGACTGCAG_008,68
ACAGCAAGAAGAGACTGCAG_009,90
ACAGCAAGAAGAGACTGCAG_010,3
AAGGAAGGTCTATGCACACA_001,32
AAGGAAGGTCTATGCACACA_002,160
AAGGAAGGTCTATGCACACA_003,49
AAGGAAGGTCTATGCACACA_004,188
AAGGAAGGTCTATGCACACA_005,81
AAGGAAGGTCTATGCACACA_006,156
AAGGAAGGTCTATGCACACA_007,1
AAGGAAGGTCTATGCACACA_008,163
AAGGAAGGTCTATGCACACA_009,159
AAGGAAGGTCTATGCACACA_010,181
AAGGAAGGTCTATGCACACA_011,93
AAGGAAGGTCTATGCACACA_012,0
AAGGAAGGTCTATGCACACA_013,17
AAGGAAGGTCTATGCACACA_014,17
AAGGAAGGTCTATGCACACA_015,45
AAGGAAGGTCTATGCACACA_016,40
AAGGAAGGTCTATGCACACA_017,1
AAGGAAGGTCTATGCACACA_018,50
AAGGAAGGTCTATGCACACA_019,197
TTCACTGTTTGATGCGGAAG_001,114
TTCACTGTTTGATGCGGAAG_002,114
TTCACTGTTTGATGCGGAAG_003,196
TTCACTGTTTGATGCGGAAG_004,4
TTCACTGTTTGATGCGGAAG_005,81
TTCACTGTTTGATGCGGAAG_006,37
TCCAACAGGCCCTCAACCAA_001,11
TCCAACAGGCCCTCAACCAA_002,150
TCCAACAGGCCCTCAACCAA_003,107
TCCAACAGGCCCTCAACCAA_004,94
TCCAACAGGCCCTCAACCAA_005,34
TCCAACAGGCCCTCAACCAA_006,5
TCCAACAGGCCCTCAACCAA_007,28
CATTGGGGTCCAGGTGCCCG_001,9
CATTGGGGTCCAGGTGCCCG_002,94
CATTGGGGTCCAGGTGCCCG_003,77
CATTGGGGTCCAGGTGCCCG_004,149
CATTGGGGTCCAGGTGCCCG_005,32
CATTGGGGTCCAGGTGCCCG_006,48
CATTGGGGTCCAGGTGCCCG_007,166
CATTGGGGTCCAGGTGCCCG_008,188
CATTGGGGTCCAGGTGCCCG_009,1
CATTGGGGTCCAGGTGCCCG_010,77
CATTGGGGTCCAGGTGCCCG_011,177
CATTGGGGTCCAGGTGCCCG_012,198
CATTGGGGTCCAGGTGCCCG_013,16
CATTGGGGTCCAGGTGCCCG_014,87
CATTGGGGTCCAGGTGCCCG_015,123
CATTGGGGTCCAGGTGCCCG_016,30
CATTGGGGTCCAGGTGCCCG_017,177
CATTGGGGTCCAGGTGCCCG_018,12
CATTGGGGTCCAGGTGCCCG_019,78
CATTGGGGTCCAGGTGCCCG_020,47
CATTGGGGTCCAGGTGCCCG_021,42
CATTGGGGTCCAGGTGCCCG_022,10
CATTGGGGTCCAGGTGCCCG_023,66
CGGCCCGCGTCACTGTCGCG_001,45
CGGCCCGCGTCACTGTCGCG_002,150
CGGCCCGCGTCACTGTCGCG_003,106
CGGCCCGCGTCACTGTCGCG_004,106
CAAAGATCGTATCTGTAGAG_001,20
TAGCCGCAATGTGCTACACA_001,144
TAGCCGCAATGTGCTACACA_002,6
TAGCCGCAATGTGCTACACA_003,15
AGGAGTTGTCGGAATAACCA_001,12
CACCTGCAGAAGGTCTAACA_001,38
CACCTGCAGAAGGTCTAACA_002,196
CACCTGCAGAAGGTCTAACA_003,159
CACCTGCAGAAGGTCTAACA_004,130
CACCTGCAGAAGGTCTAACA_005,18
CACCTGCAGAAGGTCTAACA_006,4
ATACATCGGATGATGATACC_001,91
ATACATCGGATGATGATACC_002,7
ATACATCGGATGATGATACC_003,138
ATACATCGGATGATGATACC_004,138
AGCCGAAGGCCCAGACGTAG_001,115
AGCCGAAGGCCCAGACGTAG_002,8
AGCCGAAGGCCCAGACGTAG_003,133
ATGTGAACAGGATATCCCAA_001,72
ATGTGAACAGGATATCCCAA_002,14
ATGTGAACAGGATATCCCAA_003,0
ATGTGAACAGGATATCCCAA_004,187
ATGTGAACAGGATATCCCAA_005,125
CCTGTAGCCGCCACTCACGC_001,48
CCTGTAGCCGCCACTCACGC_002,82
CCTGTAGCCGCCACTCACGC_003,43
CCTGTAGCCGCCACTCACGC_004,43
CCTGTAGCCGCCACTCACGC_005,29
CCTGTAGCCGCCACTCACGC_006,50
CCTGTAGCCGCCACTCACGC_007,170
GTGGGTTGTACGACTCGGCG_001,94
GTGGGTTGTACGACTCGGCG_002,2
GTGGGTTGTACGACTCGGCG_003,157
GTGGGTTGTACGACTCGGCG_004,157
GTGGGTTGTACGACTCGGCG_005,46
GTGGGTTGTACGACTCGGCG_006,178
GTGGGTTGTACGACTCGGCG_007,63
AAGGCCAAGAAGACCAACGC_001,26
AAGGCCAAGAAGACCAACGC_002,120
AAGGCCAAGAAGACCAACGC_003,166
AAGGCCAAGAAGACCAACGC_004,161
AAGGCCAAGAAGACCAACGC_005,151
AAGGCCAAGAAGACCAACGC_006,86
AAGGCCAAGAAGACCAACGC_007,24
AAGGCCAAGAAGACCAACGC_008,40
AAGGCCAAGAAGACCAACGC_009,127
AAGGCCAAGAAGACCAACGC_010,105
AAGGCCAAGAAGACCAACGC_011,157
AAGGCCAAGAAGACCAACGC_012,21
CTGAACTAGTGAGCACGCTG_001,77
CTGAACTAGTGAGCACGCTG_002,172
CTGAACTAGTGAGCACGCTG_003,191
CTGAACTAGTGAGCACGCTG_004,58
CTGAACTAGTGAGCACGCTG_005,146
CTGAACTAGTGAGCACGCTG_006,176
CTGAACTAGTGAGCACGCTG_007,160
CTGAACTAGTGAGCACGCTG_008,26
CTGAACTAGTGAGCACGCTG_009,81
CTGAACTAGTGAGCACGCTG_010,152
CTGAACTAGTGAGCACGCTG_011,10
CTGAACTAGTGAGCACGCTG_012,138
CTGAACTAGTGAGCACGCTG_013,77
ACTTTATGACGCACTCACTG_001,168
ACTTTATGACGCACTCACTG_002,150
ACTTTATGACGCACTCACTG_003,150
ACTTTATGACGCACTCACTG_004,36
ACTTTATGACGCACTCACTG_005,157
ACTTTATGACGCACTCACTG_006,62
ACTTTATGACGCACTCACTG_007,94
AGATTCATTCACGAGTTGGG_001,183
AGATTCATTCACGAGTTGGG_002,168
AGATTCATTCACGAGTTGGG_003,175
AGATTCATTCACGAGTTGGG_004,82
AGATTCATTCACGAGTTGGG_005,61
AGATTCATTCACGAGTTGGG_006,158
AGATTCATTCACGAGTTGGG_007,113
AGATTCATTCACGAGTTGGG_008,183
AGATTCATTCACGAGTTGGG_009,184
AGATTCATTCACGAGTTGGG_010,8
AGATTCATTCACGAGTTGGG_011,16
AGATTCATTCACGAGTTGGG_012,182
AGATTCATTCACGAGTTGGG_013,146
AGATTCATTCACGAGTTGGG_014,127
AGATTCATTCACGAGTTGGG_015,52
AGATTCATTCACGAGTTGGG_016,184
CTTGATTGAAGAACACACCC_001,15
AGAAGACTAAAGGAGTATGG_001,2
AGAAGACTAAAGGAGTATGG_002,94
AGAAGACTAAAGGAGTATGG_003,89
AGAAGACTAAAGGAGTATGG_004,67
AGAAGACTAAAGGAGTATGG_005,61
AGAAGACTAAAGGAGTATGG_006,165
TGGCAAACATAGCTTTCCGA_001,43
TGGCAAACATAGCTTTCCGA_002,11
AAAGCTGTTACATTCCCGCT_001,43
AAAGCTGTTACATTCCCGCT_002,77
AAAGCTGTTACATTCCCGCT_003,48
AAAGCTGTTACATTCCCGCT_004,196
AAAGCTGTTACATTCCCGCT_005,79
AAAGCTGTTACATTCCCGCT_006,28
AAAGCTGTTACATTCCCGCT_007,78
AAAGCTGTTACATTCCCGCT_008,133
AAAGCTGTTACATTCCCGCT_009,82
AAAGCTGTTACATTCCCGCT_010,149
CAAACAGGGAAACCAACGTG_001,62
CAAACAGGGAAACCAACGTG_002,144
CAAACAGGGAAACCAACGTG_003,41
CAAACAGGGAAACCAACGTG_004,88
CAAACAGGGAAACCAACGTG_005,17
CAAACAGGGAAACCAACGTG_006,131
CAAACAGGGAAACCAACGTG_007,12
TTCAAAAACAGTTATTGGAA_001,81
TTCAAAAACAGTTATTGGAA_002,78
TTCAAAAACAGTTATTGGAA_003,38
TTCAAAAACAGTTATTGGAA_004,11
TTCAAAAACAGTTATTGGAA_005,72
AGTGGATAGTGCTCTGAGCA_001,3
AGTGGATAGTGCTCTGAGCA_002,188
AGTGGATAGTGCTCTGAGCA_003,33
AGTGGATAGTGCTCTGAGCA_004,126
CTACCAACGACAAGATGTGG_001,129
CTACCAACGACAAGATGTGG_002,99
CTACCAACGACAAGATGTGG_003,44
CTACCAACGACAAGATGTGG_004,88
CTACCAACGACAAGATGTGG_005,76
ATAAACCGCCTCGTTTCCGG_001,9
ATAAACCGCCTCGTTTCCGG_002,188
ATAAACCGCCTCGTTTCCGG_003,44
ATAAACCGCCTCGTTTCCGG_004,112
ATAAACCGCCTCGTTTCCGG_005,135
ATAAACCGCCTCGTTTCCGG_006,84
GGCACCTCGCAGTTTCAAGT_001,187
GGCACCTCGCAGTTTCAAGT_002,34
GGCACCTCGCAGTTTCAAGT_003,140
GGCACCTCGCAGTTTCAAGT_004,190
GGCACCTCGCAGTTTCAAGT_005,35
CTTGTCCAAACTCCCCATTG_001,189
CTTGTCCAAACTCCCCATTG_002,51
CTTGTCCAAACTCCCCATTG_003,98
CTTGTCCAAACTCCCCATTG_004,121
CTTGTCCAAACTCCCCATTG_005,9
CTTGTCCAAACTCCCCATTG_006,81
CTTGTCCAAACTCCCCATTG_007,150
CTTGTCCAAACTCCCCATTG_008,29
CTTGTCCAAACTCCCCATTG_009,161
CTTGTCCAAACTCCCCATTG_010,4
CTTGTCCAAACTCCCCATTG_011,88
CTTGTCCAAACTCCCCATTG_012,27
CTTGTCCAAACTCCCCATTG_013,78
CTTGTCCAAACTCCCCATTG_014,94
CTTGTCCAAACTCCCCATTG_015,23
CTTGTCCAAACTCCCCATTG_016,22
ATCCTCTAGCTTCACACTGA_001,38
ATCCTCTAGCTTCACACTGA_002,2
ATCCTCTAGCTTCACACTGA_003,38
ATCCTCTAGCTTCACACTGA_004,181
ATCCTCTAGCTTCACACTGA_005,181
ATCCTCTAGCTTCACACTGA_006,71
ATCCTCTAGCTTCACACTGA_007,102
ATCCTCTAGCTTCACACTGA_008,156
ATCCTCTAGCTTCACACTGA_009,170
ATCCTCTAGCTTCACACTGA_010,78
ATCCTCTAGCTTCACACTGA_011,176
GAAATGACTCGGAAGAGTAG_001,69
GAAATGACTCGGAAGAGTAG_002,4
GAAATGACTCGGAAGAGTAG_003,126
ATGGTACATTGATAGACTCA_001,96
ATGGTACATTGATAGACTCA_002,50
ATGGTACATTGATAGACTCA_003,79
GTTTGCACGGGAGTGCACGT_001,198
GTTTGCACGGGAGTGCACGT_002,15
GTTTGCACGGGAGTGCACGT_003,62
GTTTGCACGGGAGTGCACGT_004,146
GTTTGCACGGGAGTGCACGT_005,2
GTTTGCACGGGAGTGCACGT_006,55
GTTTGCACGGGAGTGCACGT_007,45
GTTTGCACGGGAGTGCACGT_008,50
GTTTGCACGGGAGTGCACGT_009,69
GTTTGCACGGGAGTGCACGT_010,92
GTTTGCACGGGAGTGCACGT_011,82
GTTTGCACGGGAGTGCACGT_012,4
GTTTGCACGGGAGTGCACGT_013,134
GTTTGCACGGGAGTGCACGT_014,108
GTTTGCACGGGAGTGCACGT_015,91
AGGGAAAGAGCCCTGCGTGG_001,111
AGGGAAAGAGCCCTGCGTGG_002,88
AGGGAAAGAGCCCTGCGTGG_003,183
AGGGAAAGAGCCCTGCGTGG_004,13
AGGGAAAGAGCCCTGCGTGG_005,174
AGGGAAAGAGCCCTGCGTGG_006,23
AGGGAAAGAGCCCTGCGTGG_007,50
AGGGAAAGAGCCCTGCGTGG_008,75
AGGGAAAGAGCCCTGCGTGG_009,28
CCCGTGGGTGAAGTTATCGA_001,155
CCCGTGGGTGAAGTTATCGA_002,149
TTACTCAGGGGGTTACACTG_001,12
TTACTCAGGGGGTTACACTG_002,17
TTACTCAGGGGGTTACACTG_003,116
TTACTCAGGGGGTTACACTG_004,115
TTACTCAGGGGGTTACACTG_005,99
TTACTCAGGGGGTTACACTG_006,145
TTACTCAGGGGGTTACACTG_007,165
TTACTCAGGGGGTTACACTG_008,94
TTACTCAGGGGGTTACACTG_009,139
TTACTCAGGGGGTTACACTG_010,25
TTACTCAGGGGGTTACACTG_011,150
TTACTCAGGGGGTTACACTG_012,89
TTACTCAGGGGGTTACACTG_013,19
TTACTCAGGGGGTTACACTG_014,94
CACTCAGTTTACTGACCGAG_001,34
CACTCAGTTTACTGACCGAG_002,176
CACTCAGTTTACTGACCGAG_003,48
CACTCAGTTTACTGACCGAG_004,184
CCATGTCAACATGAGCGAGT_001,150
CCATGTCAACATGAGCGAGT_002,38
CCATGTCAACATGAGCGAGT_003,145
TACCTAGATATCGCCAGGTG_001,141
TACCTAGATATCGCCAGGTG_002,8
TACCTAGATATCGCCAGGTG_003,36
TGAAGCCCAGGATTAGCCTA_001,31
TGAAGCCCAGGATTAGCCTA_002,185
TGAAGCCCAGGATTAGCCTA_003,88
TGAAGCCCAGGATTAGCCTA_004,115
TGAAGCCCAGGATTAGCCTA_005,182
TGAAGCCCAGGATTAGCCTA_006,29
TGAAGCCCAGGATTAGCCTA_007,116
TGAAGCCCAGGATTAGCCTA_008,111
TGAAGCCCAGGATTAGCCTA_009,149
TGAAGCCCAGGATTAGCCTA_010,161
TGAAGCCCAGGATTAGCCTA_011,67
TGAAGCCCAGGATTAGCCTA_012,84
TGAAGCCCAGGATTAGCCTA_013,115
TGAAGCCCAGGATTAGCCTA_014,6
TGAAGCCCAGGATTAGCCTA_015,6
TGAAGCCCAGGATTAGCCTA_016,6
TGAAGCCCAGGATTAGCCTA_017,144
TGAAGCCCAGGATTAGCCTA_018,191
GAAGCTAGACACTGACACTC_001,70
CTAACCTGTTAGGTACATAG_001,182
CTAACCTGTTAGGTACATAG_002,188
CTAACCTGTTAGGTACATAG_003,176
CTAACCTGTTAGGTACATAG_004,144
CTAACCTGTTAGGTACATAG_005,13
CTAACCTGTTAGGTACATAG_006,174
CTAACCTGTTAGGTACATAG_007,151
CTAACCTGTTAGGTACATAG_008,135
CTAACCTGTTAGGTACATAG_009,88
CTAACCTGTTAGGTACATAG_010,172
GCACTGCCTAATACCTCTCG_001,15
GCACTGCCTAATACCTCTCG_002,190
GCACTGCCTAATACCTCTCG_003,4
GCACTGCCTAATACCTCTCG_004,13
GCACTGCCTAATACCTCTCG_005,169
GCACTGCCTAATACCTCTCG_006,31
GCACTGCCTAATACCTCTCG_007,156
GCACTGCCTAATACCTCTCG_008,180
GCACTGCCTAATACCTCTCG_009,95
GCACTGCCTAATACCTCTCG_010,69
GCACTGCCTAATACCTCTCG_011,47
GACACCAAGAGGATAAACCG_001,129
GACACCAAGAGGATAAACCG_002,168
GACACCAAGAGGATAAACCG_003,94
GACACCAAGAGGATAAACCG_004,123
GACACCAAGAGGATAAACCG_005,28
GACACCAAGAGGATAAACCG_006,58
GACACCAAGAGGATAAACCG_007,55
GACACCAAGAGGATAAACCG_008,161
GACACCAAGAGGATAAACCG_009,0
GACACCAAGAGGATAAACCG_010,68
GACACCAAGAGGATAAACCG_011,77
GACACCAAGAGGATAAACCG_012,65
GCTGATCTTCTTCTTCCCAT_001,78
GCTGATCTTCTTCTTCCCAT_002,9
GATGTGCGCATATGACAGCA_001,115
GATGTGCGCATATGACAGCA_002,50
GATGTGCGCATATGACAGCA_003,169
GATGTGCGCATATGACAGCA_004,150
GATGTGCGCATATGACAGCA_005,98
GAGGCAAGATCATACACGAG_001,12
GAGGCAAGATCATACACGAG_002,186
GAGGCAAGATCATACACGAG_003,70
GAGGCAAGATCATACACGAG_004,113
GAGGCAAGATCATACACGAG_005,169
GAGGCAAGATCATACACGAG_006,77
GAGGCAAGATCATACACGAG_007,184
GAGGCAAGATCATACACGAG_008,175
GAGGCAAGATCATACACGAG_009,22
GAGGCAAGATCATACACGAG_010,76
GAGGCAAGATCATACACGAG_011,140
GAGGCAAGATCATACACGAG_012,66
GAGGCAAGATCATACACGAG_013,191
GAGGCAAGATCATACACGAG_014,184
GAGGCAAGATCATACACGAG_015,33
GAGGCAAGATCATACACGAG_016,112
GAGGCAAGATCATACACGAG_017,82
GAGGCAAGATCATACACGAG_018,41
GAGGCAAGATCATACACGAG_019,105
GAGGCAAGATCATACACGAG_020,58
GAGGCAAGATCATACACGAG_021,94
GAGGCAAGATCATACACGAG_022,42
GAGGCAAGATCATACACGAG_023,127
GAGGCAAGATCATACACGAG_024,199
GAGGCAAGATCATACACGAG_025,67
GAGGCAAGATCATACACGAG_026,2
GAGGCAAGATCATACACGAG_027,15
GAGGCAAGATCATACACGAG_028,144
GAGGCAAGATCATACACGAG_029,8
GGTGGCCAGAGCGCCCCAGT_001,15
GGTGGCCAGAGCGCCCCAGT_002,83
GGTGGCCAGAGCGCCCCAGT_003,52
GGTGGCCAGAGCGCCCCAGT_004,197
AGTAATGAGCTCGGACACCG_001,111
AGTAATGAGCTCGGACACCG_002,129
AGTAATGAGCTCGGACACCG_003,48
AGTAATGAGCTCGGACACCG_004,178
AGTAATGAGCTCGGACACCG_005,94
AGTAATGAGCTCGGACACCG_006,56
AGTAATGAGCTCGGACACCG_007,75
AGTAATGAGCTCGGACACCG_008,159
AGTAATGAGCTCGGACACCG_009,29
AGTAATGAGCTCGGACACCG_010,194
AGTAATGAGCTCGGACACCG_011,115
AAACACATCTCCATTGACTG_001,130
AAACACATCTCCATTGACTG_002,141
AAACACATCTCCATTGACTG_003,70
AAACACATCTCCATTGACTG_004,165
CTTCCGACATGCCCGCAACG_001,187
CTTCCGACATGCCCGCAACG_002,65
CTTCCGACATGCCCGCAACG_003,38
TCTGTGATAAAAATGACCTG_001,115
TCTGTGATAAAAATGACCTG_002,74
TCTGTGATAAAAATGACCTG_003,118
TCTGTGATAAAAATGACCTG_004,98
TCTGTGATAAAAATGACCTG_005,51
TCTGTGATAAAAATGACCTG_006,197
TCTGTGATAAAAATGACCTG_007,123
TCTGTGATAAAAATGACCTG_008,199
TCTGTGATAAAAATGACCTG_009,160
TCTGTGATAAAAATGACCTG_010,66
TCTGTGATAAAAATGACCTG_011,91
TCTGTGATAAAAATGACCTG_012,197
TCTGTGATAAAAATGACCTG_013,6
TCTGTGATAAAAATGACCTG_014,138
ACGAGATCCAGATGAACACG_001,195
ACGAGATCCAGATGAACACG_002,50
ACGAGATCCAGATGAACACG_003,158
ACGAGATCCAGATGAACACG_004,127
ACGAGATCCAGATGAACACG_005,94
ACGAGATCCAGATGAACACG_006,112
ACGAGATCCAGATGAACACG_007,2
CCTCTCATACTGCTTTCACA_001,4
CCTCTCATACTGCTTTCACA_002,38
TCATTCCGAAATCAGCACAT_001,3
TCATTCCGAAATCAGCACAT_002,188
TCATTCCGAAATCAGCACAT_003,80
TCATTCCGAAATCAGCACAT_004,163
TCATTCCGAAATCAGCACAT_005,127
TCATTCCGAAATCAGCACAT_006,172
TCATTCCGAAATCAGCACAT_007,198
TCATTCCGAAATCAGCACAT_008,162
TCATTCCGAAATCAGCACAT_009,82
TCATTCCGAAATCAGCACAT_010,62
TCATTCCGAAATCAGCACAT_011,12
TCATTCCGAAATCAGCACAT_012,28
TCATTCCGAAATCAGCACAT_013,33
TCATTCCGAAATCAGCACAT_014,151
CTTGGATGGCCACTACACGC_001,35
CTTGGATGGCCACTACACGC_002,12
AAGCGTGGGCAAGACGTGCG_001,16
AAGCGTGGGCAAGACGTGCG_002,96
AAGCGTGGGCAAGACGTGCG_003,94
AAGCGTGGGCAAGACGTGCG_004,128
AAGCGTGGGCAAGACGTGCG_005,96
AAGCGTGGGCAAGACGTGCG_006,177
AAGCGTGGGCAAGACGTGCG_007,21
AAGCGTGGGCAAGACGTGCG_008,12
AAGCGTGGGCAAGACGTGCG_009,17
AAGCGTGGGCAAGACGTGCG_010,189
AAGCGTGGGCAAGACGTGCG_011,160
AAGCGTGGGCAAGACGTGCG_012,62
AAGCGTGGGCAAGACGTGCG_013,127
AAGCGTGGGCAAGACGTGCG_014,48
AAGCGTGGGCAAGACGTGCG_015,15
AAGCGTGGGCAAGACGTGCG_016,8
AAGCGTGGGCAAGACGTGCG_017,84
AAGCGTGGGCAAGACGTGCG_018,177
AAGCGTGGGCAAGACGTGCG_019,38
AAGCGTGGGCAAGACGTGCG_020,105
AAGCGTGGGCAAGACGTGCG_021,44
AAGCGTGGGCAAGACGTGCG_022,63
AAGCGTGGGCAAGACGTGCG_023,146
AAGCGTGGGCAAGACGTGCG_024,168
AAGCGTGGGCAAGACGTGCG_025,67
AAGCGTGGGCAAGACGTGCG_026,105
AAGCGTGGGCAAGACGTGCG_027,15
AAGCGTGGGCAAGACGTGCG_028,3
AAGCGTGGGCAAGACGTGCG_029,190
AAGCGTGGGCAAGACGTGCG_030,135
AAGCGTGGGCAAGACGTGCG_031,49
AAGCGTGGGCAAGACGTGCG_032,58
AAGCGTGGGCAAGACGTGCG_033,15
AAGCGTGGGCAAGACGTGCG_034,121
AAGCGTGGGCAAGACGTGCG_035,168
AAGCGTGGGCAAGACGTGCG_036,177
AAGCGTGGGCAAGACGTGCG_037,42
AAGCGTGGGCAAGACGTGCG_038,146
CGAGTGCTATCGCAGCAGTG_001,115
CGAGTGCTATCGCAGCAGTG_002,140
CGAGTGCTATCGCAGCAGTG_003,61
GGAGTGGTGGGACGAATCTG_001,194
GGAGTGGTGGGACGAATCTG_002,132
GGAGTGGTGGGACGAATCTG_003,130
GGAGTGGTGGGACGAATCTG_004,194
GGAGTGGTGGGACGAATCTG_005,135
GGAGTGGTGGGACGAATCTG_006,37
GGAGTGGTGGGACGAATCTG_007,68
GGAGTGGTGGGACGAATCTG_008,70
GGAGTGGTGGGACGAATCTG_009,11
GGAGTGGTGGGACGAATCTG_010,11
GGAGTGGTGGGACGAATCTG_011,11
GGAGTGGTGGGACGAATCTG_012,147
GGAGTGGTGGGACGAATCTG_013,83
CCGCGCAGGCAATGGCAACG_001,102
CCGCGCAGGCAATGGCAACG_002,9
CCGCGCAGGCAATGGCAACG_003,118
CCGCGCAGGCAATGGCAACG_004,141
CCGCGCAGGCAATGGCAACG_005,12
CCGCGCAGGCAATGGCAACG_006,130
CCGCGCAGGCAATGGCAACG_007,153
CCGCGCAGGCAATGGCAACG_008,197
CCGCGCAGGCAATGGCAACG_009,120
CCGCGCAGGCAATGGCAACG_010,132
CCGCGCAGGCAATGGCAACG_011,54
CCGCGCAGGCAATGGCAACG_012,187
CCGCGCAGGCAATGGCAACG_013,11
CCGCGCAGGCAATGGCAACG_014,105
CCGCGCAGGCAATGGCAACG_015,198
CCGCGCAGGCAATGGCAACG_016,146
CCGCGCAGGCAATGGCAACG_017,111
CCGCGCAGGCAATGGCAACG_018,45
CCGCGCAGGCAATGGCAACG_019,35
CCGCGCAGGCAATGGCAACG_020,193
CCGCGCAGGCAATGGCAACG_021,54
CCGCGCAGGCAATGGCAACG_022,98
CCGCGCAGGCAATGGCAACG_023,120
CCGCGCAGGCAATGGCAACG_024,83
CCGCGCAGGCAATGGCAACG_025,76
CCGCGCAGGCAATGGCAACG_026,77
CCGCGCAGGCAATGGCAACG_027,10
CCGCGCAGGCAATGGCAACG_028,50
CCGCGCAGGCAATGGCAACG_029,162
CCGCGCAGGCAATGGCAACG_030,152
CCGCGCAGGCAATGGCAACG_031,75
CCGCGCAGGCAATGGCAACG_032,147
CCGCGCAGGCAATGGCAACG_033,29
CCGCGCAGGCAATGGCAACG_034,35
CCGCGCAGGCAATGGCAACG_035,13
CCGCGCAGGCAATGGCAACG_036,155
GAGCCCAGTCTCCGCCCGCG_001,5
GAGCCCAGTCTCCGCCCGCG_002,149
GAGCCCAGTCTCCGCCCGCG_003,70
GAGCCCAGTCTCCGCCCGCG_004,128
GAGCCCAGTCTCCGCCCGCG_005,134
GAGCCCAGTCTCCGCCCGCG_006,162
GAGCCCAGTCTCCGCCCGCG_007,199
GAGCCCAGTCTCCGCCCGCG_008,70
GAGCCCAGTCTCCGCCCGCG_009,21
GAGCCCAGTCTCCGCCCGCG_010,31
GAGCCCAGTCTCCGCCCGCG_011,158
GAGCCCAGTCTCCGCCCGCG_012,131
GAGCCCAGTCTCCGCCCGCG_013,131
GAGCCCAGTCTCCGCCCGCG_014,64
GAGCCCAGTCTCCGCCCGCG_015,178
GAGCCCAGTCTCCGCCCGCG_016,43
GGGTTGCCTGCGATGACGAG_001,125
GGGTTGCCTGCGATGACGAG_002,161
GGGTTGCCTGCGATGACGAG_003,149
GGGTTGCCTGCGATGACGAG_004,145
GGGTTGCCTGCGATGACGAG_005,28
GGGTTGCCTGCGATGACGAG_006,168
AAGCACTAGTCCGTATGATG_001,62
AAGCACTAGTCCGTATGATG_002,47
AAGCACTAGTCCGTATGATG_003,104
AAGCACTAGTCCGTATGATG_004,72
AAGCACTAGTCCGTATGATG_005,188
AAGCACTAGTCCGTATGATG_006,128
AAGCACTAGTCCGTATGATG_007,140
AAGCACTAGTCCGTATGATG_008,58
AAGCACTAGTCCGTATGATG_009,146
AAGCACTAGTCCGTATGATG_010,48
AAGCACTAGTCCGTATGATG_011,42
AAGCACTAGTCCGTATGATG_012,5
AAGCACTAGTCCGTATGATG_013,170
AAGCACTAGTCCGTATGATG_014,70
AAGCACTAGTCCGTATGATG_015,150
AAGCACTAGTCCGTATGATG_016,191
AAGCACTAGTCCGTATGATG_017,123
AAGCACTAGTCCGTATGATG_018,21
AAGCACTAGTCCGTATGATG_019,163
AAGCACTAGTCCGTATGATG_020,174
AAGCACTAGTCCGTATGATG_021,155
AAGCACTAGTCCGTATGATG_022,140
AAGCACTAGTCCGTATGATG_023,26
AAGCACTAGTCCGTATGATG_024,34
AAGCACTAGTCCGTATGATG_025,192
AAGCACTAGTCCGTATGATG_026,70
AAGCACTAGTCCGTATGATG_027,2
AAGCACTAGTCCGTATGATG_028,165
GACCCAGTGACCATCAACTG_001,14
GACCCAGTGACCATCAACTG_002,138
GACCCAGTGACCATCAACTG_003,48
GACCCAGTGACCATCAACTG_004,11
GACCCAGTGACCATCAACTG_005,150
GACCCAGTGACCATCAACTG_006,28
GACCCAGTGACCATCAACTG_007,133
GACCCAGTGACCATCAACTG_008,189
GACCCAGTGACCATCAACTG_009,182
GACCCAGTGACCATCAACTG_010,60
GACCCAGTGACCATCAACTG_011,0
GACCCAGTGACCATCAACTG_012,182
GACCCAGTGACCATCAACTG_013,190
GACCCAGTGACCATCAACTG_014,155
GACCCAGTGACCATCAACTG_015,137
GACCCAGTGACCATCAACTG_016,50
GACCCAGTGACCATCAACTG_017,88
GACCCAGTGACCATCAACTG_018,177
CTTCAAAGTGTAGTGAATGT_001,31
CTTCAAAGTGTAGTGAATGT_002,129
CAGTGCCAGCAGCACGTACG_001,0
CAGTGCCAGCAGCACGTACG_002,96
CAGTGCCAGCAGCACGTACG_003,181
CAGTGCCAGCAGCACGTACG_004,107
CAGTGCCAGCAGCACGTACG_005,92
CAGTGCCAGCAGCACGTACG_006,53
CAGTGCCAGCAGCACGTACG_007,47
ACTTCGACAAGAATAAGATC_001,129
ACTTCGACAAGAATAAGATC_002,12
TGGTGGTGACTGTGTGCGAG_001,48
TGGTGGTGACTGTGTGCGAG_002,45
TGGTGGTGACTGTGTGCGAG_003,75
TGGTGGTGACTGTGTGCGAG_004,64
TGGTGGTGACTGTGTGCGAG_005,184
TGGTGGTGACTGTGTGCGAG_006,184
TGGTGGTGACTGTGTGCGAG_007,146
TGGTGGTGACTGTGTGCGAG_008,198
TGGTGGTGACTGTGTGCGAG_009,50
GGCCAGGAGGGAGATTACGG_001,75
GGCCAGGAGGGAGATTACGG_002,155
GGCCAGGAGGGAGATTACGG_003,181
GGCCAGGAGGGAGATTACGG_004,112
GGCCAGGAGGGAGATTACGG_005,83
GGCCAGGAGGGAGATTACGG_006,103
GGCCAGGAGGGAGATTACGG_007,194
ATTACTTACTCAATCACTCG_001,195
ATTACTTACTCAATCACTCG_002,1
ATAGGCCCAATCATTTCAGG_001,195
ATAGGCCCAATCATTTCAGG_002,134
ATAGGCCCAATCATTTCAGG_003,147
ATAGGCCCAATCATTTCAGG_004,107
ATAGGCCCAATCATTTCAGG_005,38
ATAGGCCCAATCATTTCAGG_006,92
ATAGGCCCAATCATTTCAGG_007,95
CCAGAAAAAAGATACCCTAA_001,35
CCAGAAAAAAGATACCCTAA_002,1
CCAGAAAAAAGATACCCTAA_003,152
CGGCGCGCTCCGGAACAAGG_001,41
CGGCGCGCTCCGGAACAAGG_002,166
CGGCGCGCTCCGGAACAAGG_003,154
CGGCGCGCTCCGGAACAAGG_004,76
CGGCGCGCTCCGGAACAAGG_005,140
CGGCGCGCTCCGGAACAAGG_006,185
CGGCGCGCTCCGGAACAAGG_007,22
CGGCGCGCTCCGGAACAAGG_008,145
CGGCGCGCTCCGGAACAAGG_009,130
CGGCGCGCTCCGGAACAAGG_010,154
CGGCGCGCTCCGGAACAAGG_011,191
CGGCGCGCTCCGGAACAAGG_012,107
CGGCGCGCTCCGGAACAAGG_013,118
CGGCGCGCTCCGGAACAAGG_014,83
CGGCGCGCTCCGGAACAAGG_015,83
CGGCGCGCTCCGGAACAAGG_016,182
CGGCGCGCTCCGGAACAAGG_017,110
CGGCGCGCTCCGGAACAAGG_018,15
CGGCGCGCTCCGGAACAAGG_019,86
CGGCGCGCTCCGGAACAAGG_020,155
CGGCGCGCTCCGGAACAAGG_021,44
CGGCGCGCTCCGGAACAAGG_022,88
CGGCGCGCTCCGGAACAAGG_023,176
CGGCGCGCTCCGGAACAAGG_024,121
CGGCGCGCTCCGGAACAAGG_025,106
CGGCGCGCTCCGGAACAAGG_026,83
CGGCGCGCTCCGGAACAAGG_027,28
CGGCGCGCTCCGGAACAAGG_028,31
CGGCGCGCTCCGGAACAAGG_029,178
CGGCGCGCTCCGGAACAAGG_030,47
CGGCGCGCTCCGGAACAAGG_031,161
CGGCGCGCTCCGGAACAAGG_032,45
CGGCGCGCTCCGGAACAAGG_033,130
CGGCGCGCTCCGGAACAAGG_034,62
CGGCGCGCTCCGGAACAAGG_035,22
GACTACAATAGGGACTCGCC_001,176
GACTACAATAGGGACTCGCC_002,98
GACTACAATAGGGACTCGCC_003,45
GACTACAATAGGGACTCGCC_004,162
AGAAGTCCCCGACCGACTGG_001,119
AGAAGTCCCCGACCGACTGG_002,161
AGAAGTCCCCGACCGACTGG_003,68
AGAAGTCCCCGACCGACTGG_004,137
AGAAGTCCCCGACCGACTGG_005,147
AGAAGTCCCCGACCGACTGG_006,107
AGAAGTCCCCGACCGACTGG_007,29
AGAAGTCCCCGACCGACTGG_008,149
AGAAGTCCCCGACCGACTGG_009,32
AGAAGTCCCCGACCGACTGG_010,82
AGAAGTCCCCGACCGACTGG_011,41
AGAAGTCCCCGACCGACTGG_012,148
AGAAGTCCCCGACCGACTGG_013,113
AGAAGTCCCCGACCGACTGG_014,42
AGAAGTCCCCGACCGACTGG_015,147
AGAAGTCCCCGACCGACTGG_016,56
AGAAGTCCCCGACCGACTGG_017,93
AGAAGTCCCCGACCGACTGG_018,82
AGAAGTCCCCGACCGACTGG_019,154
AGAAGTCCCCGACCGACTGG_020,21
AGAAGTCCCCGACCGACTGG_021,30
AGAAGTCCCCGACCGACTGG_022,86
AGAAGTCCCCGACCGACTGG_023,103
AGAAGTCCCCGACCGACTGG_024,49
AGAAGTCCCCGACCGACTGG_025,141
AGAAGTCCCCGACCGACTGG_026,149
AGAAGTCCCCGACCGACTGG_027,63
AGAAGTCCCCGACCGACTGG_028,3
AGAAGTCCCCGACCGACTGG_029,138
AGAAGTCCCCGACCGACTGG_030,152
AGAAGTCCCCGACCGACTGG_031,39
CCAGTTACCGCCCTCCGGTG_001,131
CCAGTTACCGCCCTCCGGTG_002,113
CCAGTTACCGCCCTCCGGTG_003,170
CCAGTTACCGCCCTCCGGTG_004,141
CCAGTTACCGCCCTCCGGTG_005,88
CCAGTTACCGCCCTCCGGTG_006,120
CCAGTTACCGCCCTCCGGTG_007,7
CCAGTTACCGCCCTCCGGTG_008,42
CCAGTTACCGCCCTCCGGTG_009,172
CCAGTTACCGCCCTCCGGTG_010,191
CCAGTTACCGCCCTCCGGTG_011,11
CCAGTTACCGCCCTCCGGTG_012,175
CCAGTTACCGCCCTCCGGTG_013,173
CCAGTTACCGCCCTCCGGTG_014,84
CCAGTTACCGCCCTCCGGTG_015,88
CCAGTTACCGCCCTCCGGTG_016,159
CCAGTTACCGCCCTCCGGTG_017,83
CCAGTTACCGCCCTCCGGTG_018,162
CCAGTTACCGCCCTCCGGTG_019,50
CCAGTTACCGCCCTCCGGTG_020,63
CCAGTTACCGCCCTCCGGTG_021,180
CCAGTTACCGCCCTCCGGTG_022,34
CCAGTTACCGCCCTCCGGTG_023,43
GAAAGCACAATTAGATTCAG_001,76
GAAAGCACAATTAGATTCAG_002,105
GAAAGCACAATTAGATTCAG_003,35
GAAAGCACAATTAGATTCAG_004,162
GAAAGCACAATTAGATTCAG_005,127
GAAAGCACAATTAGATTCAG_006,2
GAAAGCACAATTAGATTCAG_007,78
GAAAGCACAATTAGATTCAG_008,96
GAAAGCACAATTAGATTCAG_009,177
GAAAGCACAATTAGATTCAG_010,41
GAAAGCACAATTAGATTCAG_011,126
GAAAGCACAATTAGATTCAG_012,144
GAAAGCACAATTAGATTCAG_013,80
GAAAGCACAATTAGATTCAG_014,166
GAAAGCACAATTAGATTCAG_015,56
GAAAGCACAATTAGATTCAG_016,126
GAAAGCACAATTAGATTCAG_017,178
GAAAGCACAATTAGATTCAG_018,108
GAAAGCACAATTAGATTCAG_019,197
CAACTACCCTCACCCCAGCG_001,8
CAACTACCCTCACCCCAGCG_002,30
CAACTACCCTCACCCCAGCG_003,76
CAACTACCCTCACCCCAGCG_004,68
CAACTACCCTCACCCCAGCG_005,140
CAACTACCCTCACCCCAGCG_006,48
CAACTACCCTCACCCCAGCG_007,172
CAACTACCCTCACCCCAGCG_008,60
CAACTACCCTCACCCCAGCG_009,196
CAACTACCCTCACCCCAGCG_010,121
CAACTACCCTCACCCCAGCG_011,102
CAACTACCCTCACCCCAGCG_012,35
CAACTACCCTCACCCCAGCG_013,163
CAACTACCCTCACCCCAGCG_014,168
CAACTACCCTCACCCCAGCG_015,1
CAACTACCCTCACCCCAGCG_016,50
CAACTACCCTCACCCCAGCG_017,75
CAACTACCCTCACCCCAGCG_018,160
CAACTACCCTCACCCCAGCG_019,121
CAACTACCCTCACCCCAGCG_020,150
CAACTACCCTCACCCCAGCG_021,116
CAACTACCCTCACCCCAGCG_022,68
CAACTACCCTCACCCCAGCG_023,159
CAACTACCCTCACCCCAGCG_024,196
CAACTACCCTCACCCCAGCG_025,8
CAACTACCCTCACCCCAGCG_026,107
CAACTACCCTCACCCCAGCG_027,50
CAACTACCCTCACCCCAGCG_028,41
CAACTACCCTCACCCCAGCG_029,111
CAACTACCCTCACCCCAGCG_030,84
CAACTACCCTCACCCCAGCG_031,68
CAACTACCCTCACCCCAGCG_032,113
CAACTACCCTCACCCCAGCG_033,39
CAACTACCCTCACCCCAGCG_034,39
CAACTACCCTCACCCCAGCG_035,78
CAACTACCCTCACCCCAGCG_036,50
CAACTACCCTCACCCCAGCG_037,26
CAACTACCCTCACCCCAGCG_038,79
CAACTACCCTCACCCCAGCG_039,124
CAACTACCCTCACCCCAGCG_040,124
CAACTACCCTCACCCCAGCG_041,68
CAACTACCCTCACCCCAGCG_042,0
CAACTACCCTCACCCCAGCG_043,152
CAACTACCCTCACCCCAGCG_044,165
CAACTACCCTCACCCCAGCG_045,179
CAACTACCCTCACCCCAGCG_046,83
CAACTACCCTCACCCCAGCG_047,39
CAACTACCCTCACCCCAGCG_048,80
CAACTACCCTCACCCCAGCG_049,84
CAACTACCCTCACCCCAGCG_050,68
CAACTACCCTCACCCCAGCG_051,148
CAACTACCCTCACCCCAGCG_052,155
CAACTACCCTCACCCCAGCG_053,9
CAGGCGACGAGTTTGAACTG_001,40
CAGGCGACGAGTTTGAACTG_002,149
CAGGCGACGAGTTTGAACTG_003,19
CAGGCGACGAGTTTGAACTG_004,134
CAGGCGACGAGTTTGAACTG_005,76
CAGGCGACGAGTTTGAACTG_006,137
CAGGCGACGAGTTTGAACTG_007,129
CAGGCGACGAGTTTGAACTG_008,61
CAGGCGACGAGTTTGAACTG_009,92
CAGGCGACGAGTTTGAACTG_010,115
CAGGCGACGAGTTTGAACTG_011,32
CAGGCGACGAGTTTGAACTG_012,198
CAGGCGACGAGTTTGAACTG_013,150
CAGGCGACGAGTTTGAACTG_014,127
CAGGCGACGAGTTTGAACTG_015,178
CAGGCGACGAGTTTGAACTG_016,1
CAGGCGACGAGTTTGAACTG_017,9
CAGGCGACGAGTTTGAACTG_018,10
TCGATCCCTCGGTACCCCCG_001,70
TCGATCCCTCGGTACCCCCG_002,4
TCGATCCCTCGGTACCCCCG_003,184
TCGATCCCTCGGTACCCCCG_004,7
TCGATCCCTCGGTACCCCCG_005,194
TCGATCCCTCGGTACCCCCG_006,77
TCGATCCCTCGGTACCCCCG_007,125
TCGATCCCTCGGTACCCCCG_008,125
TCGATCCCTCGGTACCCCCG_009,72
TCGATCCCTCGGTACCCCCG_010,75
CACTCCAGAACCCACTACGG_001,9
CACTCCAGAACCCACTACGG_002,115
CACTCCAGAACCCACTACGG_003,190
CACTCCAGAACCCACTACGG_004,189
ATGCTGAACCGAATGGTGGG_001,185
ATGCTGAACCGAATGGTGGG_002,169
ATGCTGAACCGAATGGTGGG_003,29
ATGCTGAACCGAATGGTGGG_004,175
ATGCTGAACCGAATGGTGGG_005,43
ATGCTGAACCGAATGGTGGG_006,7
ATGCTGAACCGAATGGTGGG_007,158
ATGCTGAACCGAATGGTGGG_008,82
ATGCTGAACCGAATGGTGGG_009,184
ATGCTGAACCGAATGGTGGG_010,137
ATGCTGAACCGAATGGTGGG_011,156
ATGCTGAACCGAATGGTGGG_012,156
ATGCTGAACCGAATGGTGGG_013,99
ATGCTGAACCGAATGGTGGG_014,107
ATGCTGAACCGAATGGTGGG_015,19
ATGCTGAACCGAATGGTGGG_016,58
ATGCTGAACCGAATGGTGGG_017,45
ATGCTGAACCGAATGGTGGG_018,101
ATGCTGAACCGAATGGTGGG_019,75
ATGCTGAACCGAATGGTGGG_020,61
ATGCTGAACCGAATGGTGGG_021,26
ATGCTGAACCGAATGGTGGG_022,168
ATGCTGAACCGAATGGTGGG_023,131
TCAAGTCCTTCTACGACGCG_001,40
TCAAGTCCTTCTACGACGCG_002,139
TCAAGTCCTTCTACGACGCG_003,194
TCAAGTCCTTCTACGACGCG_004,7
TCAAGTCCTTCTACGACGCG_005,3
TCAAGTCCTTCTACGACGCG_006,40
ACTTGTCACAGGTATCTCCT_001,148
ACTTGTCACAGGTATCTCCT_002,19
CAACAAGGACCTTTCATACA_001,170
CAACAAGGACCTTTCATACA_002,126
CAACAAGGACCTTTCATACA_003,151
GACGCGTTGAGACACTCGGG_001,2
GACGCGTTGAGACACTCGGG_002,130
GACGCGTTGAGACACTCGGG_003,51
GACGCGTTGAGACACTCGGG_004,185
GACGCGTTGAGACACTCGGG_005,117
GACGCGTTGAGACACTCGGG_006,61
GACGCGTTGAGACACTCGGG_007,96
GACGCGTTGAGACACTCGGG_008,84
GACGCGTTGAGACACTCGGG_009,38
GACGCGTTGAGACACTCGGG_010,166
CAGCTACTGACTGACCATGG_001,15
CAGCTACTGACTGACCATGG_002,15
CAGCTACTGACTGACCATGG_003,0
CAGCTACTGACTGACCATGG_004,103
ACCACGGCCGTAGGACCCAA_001,156
ACCACGGCCGTAGGACCCAA_002,4
ACCACGGCCGTAGGACCCAA_003,88
ACCACGGCCGTAGGACCCAA_004,9
ACCACGGCCGTAGGACCCAA_005,182
ACCACGGCCGTAGGACCCAA_006,52
ACCACGGCCGTAGGACCCAA_007,40
ACCACGGCCGTAGGACCCAA_008,17
ACCACGGCCGTAGGACCCAA_009,138
ACCACGGCCGTAGGACCCAA_010,63
ACCACGGCCGTAGGACCCAA_011,123
ACCACGGCCGTAGGACCCAA_012,3
ACCACGGCCGTAGGACCCAA_013,143
ACCACGGCCGTAGGACCCAA_014,143
AGTTGTGTACAACGCGTGCA_001,127
AGTTGTGTACAACGCGTGCA_002,182
AGTTGTGTACAACGCGTGCA_003,176
AGAAACCTACAACTCATGGA_001,31
AGAAACCTACAACTCATGGA_002,85
AAGTTCCACCGAAGTCAATG_001,53
AAGTTCCACCGAAGTCAATG_002,121
AAGTTCCACCGAAGTCAATG_003,181
AAGTTCCACCGAAGTCAATG_004,72
AAGTTCCACCGAAGTCAATG_005,132
AAGTTCCACCGAAGTCAATG_006,75
AAGTTCCACCGAAGTCAATG_007,82
AAGTTCCACCGAAGTCAATG_008,191
AAGTTCCACCGAAGTCAATG_009,144
AAGTTCCACCGAAGTCAATG_010,176
AAGTTCCACCGAAGTCAATG_011,189
AAGTTCCACCGAAGTCAATG_012,182
AAGTTCCACCGAAGTCAATG_013,76
AAGTTCCACCGAAGTCAATG_014,41
AAGTTCCACCGAAGTCAATG_015,157
AAGTTCCACCGAAGTCAATG_016,62
AAGTTCCACCGAAGTCAATG_017,148
AAGTTCCACCGAAGTCAATG_018,61
AAGTTCCACCGAAGTCAATG_019,42
AAGTTCCACCGAAGTCAATG_020,19
AAGTTCCACCGAAGTCAATG_021,180
AAGTTCCACCGAAGTCAATG_022,116
GCATCTCCCGCTGATGAGCG_001,0
GCATCTCCCGCTGATGAGCG_002,51
GCATCTCCCGCTGATGAGCG_003,53
GCATCTCCCGCTGATGAGCG_004,33
GCATCTCCCGCTGATGAGCG_005,135
GCATCTCCCGCTGATGAGCG_006,198
GCATCTCCCGCTGATGAGCG_007,83
GCATCTCCCGCTGATGAGCG_008,70
GCATCTCCCGCTGATGAGCG_009,85
GCATCTCCCGCTGATGAGCG_010,126
GCATCTCCCGCTGATGAGCG_011,56
GCATCTCCCGCTGATGAGCG_012,58
GCATCTCCCGCTGATGAGCG_013,96
GCATCTCCCGCTGATGAGCG_014,57
GCATCTCCCGCTGATGAGCG_015,53
GCATCTCCCGCTGATGAGCG_016,28
GCATCTCCCGCTGATGAGCG_017,185
GCATCTCCCGCTGATGAGCG_018,152
GCATCTCCCGCTGATGAGCG_019,40
GCATCTCCCGCTGATGAGCG_020,196
GCATCTCCCGCTGATGAGCG_021,175
ATGGCCAGTCACGAGAACCC_001,2
ATGGCCAGTCACGAGAACCC_002,182
GAAATTTCGGCAGTGACGAT_001,62
GAAATTTCGGCAGTGACGAT_002,76
GAAATTTCGGCAGTGACGAT_003,115
GAAATTTCGGCAGTGACGAT_004,160
GAAATTTCGGCAGTGACGAT_005,162
GAAATTTCGGCAGTGACGAT_006,159
GCTCATCAATCTACTTTCTG_001,40
TGCCCGGCACAGATTTGAGT_001,29
TGCCCGGCACAGATTTGAGT_002,185
TGCCCGGCACAGATTTGAGT_003,33
TGCCCGGCACAGATTTGAGT_004,85
TGCCCGGCACAGATTTGAGT_005,44
TGCCCGGCACAGATTTGAGT_006,48
TGCCCGGCACAGATTTGAGT_007,158
TGCCCGGCACAGATTTGAGT_008,149
TGCCCGGCACAGATTTGAGT_009,133
CTCTCCAGAGACCTCCTGAG_001,31
CTCTCCAGAGACCTCCTGAG_002,94
CTCTCCAGAGACCTCCTGAG_003,41
CTCTCCAGAGACCTCCTGAG_004,51
CTCTCCAGAGACCTCCTGAG_005,56
CTCTCCAGAGACCTCCTGAG_006,1
CTCTCCAGAGACCTCCTGAG_007,169
CTCTCCAGAGACCTCCTGAG_008,65
CTCTCCAGAGACCTCCTGAG_009,130
CTCTCCAGAGACCTCCTGAG_010,59
CTCTCCAGAGACCTCCTGAG_011,94
CTCTCCAGAGACCTCCTGAG_012,141
CTCTCCAGAGACCTCCTGAG_013,73
CTCTCCAGAGACCTCCTGAG_014,53
CTCTCCAGAGACCTCCTGAG_015,155
CTCTCCAGAGACCTCCTGAG_016,29
CTCTCCAGAGACCTCCTGAG_017,82
CTCTCCAGAGACCTCCTGAG_018,176
CTCTCCAGAGACCTCCTGAG_019,165
CTCTCCAGAGACCTCCTGAG_020,33
CTCTCCAGAGACCTCCTGAG_021,153
CTCTCCAGAGACCTCCTGAG_022,108
CTCTCCAGAGACCTCCTGAG_023,83
CTCTCCAGAGACCTCCTGAG_024,83
CTCTCCAGAGACCTCCTGAG_025,142
CTCTCCAGAGACCTCCTGAG_026,124
CTCTCCAGAGACCTCCTGAG_027,80
CTCTCCAGAGACCTCCTGAG_028,7
CTCTCCAGAGACCTCCTGAG_029,166
CTCTCCAGAGACCTCCTGAG_030,180
CTCTCCAGAGACCTCCTGAG_031,50
CTCTCCAGAGACCTCCTGAG_032,105
CTCTCCAGAGACCTCCTGAG_033,148
CTCTCCAGAGACCTCCTGAG_034,20
CTCTCCAGAGACCTCCTGAG_035,160
GCCTGTGTGGACCATCATCG_001,106
GCCTGTGTGGACCATCATCG_002,178
GCCTGTGTGGACCATCATCG_003,171
GCCTGTGTGGACCATCATCG_004,115
GCCTGTGTGGACCATCATCG_005,34
GCCTGTGTGGACCATCATCG_006,33
GCCTGTGTGGACCATCATCG_007,166
GCCTGTGTGGACCATCATCG_008,105
GCCTGTGTGGACCATCATCG_009,185
GCCTGTGTGGACCATCATCG_010,80
GCCTGTGTGGACCATCATCG_011,17
GATTCTTATGGAATTCCTCA_001,50
GCGCTGGCGCCAATGCGTCG_001,25
GCGCTGGCGCCAATGCGTCG_002,17
GCGCTGGCGCCAATGCGTCG_003,134
GCGCTGGCGCCAATGCGTCG_004,12
GCGCTGGCGCCAATGCGTCG_005,56
GCGCTGGCGCCAATGCGTCG_006,188
GCGCTGGCGCCAATGCGTCG_007,62
GCGCTGGCGCCAATGCGTCG_008,131
GCGCTGGCGCCAATGCGTCG_009,182
GCGCTGGCGCCAATGCGTCG_010,50
GCGCTGGCGCCAATGCGTCG_011,19
GCGCTGGCGCCAATGCGTCG_012,88
GATATAAAACGCACCCAGCG_001,118
GATATAAAACGCACCCAGCG_002,77
GATATAAAACGCACCCAGCG_003,172
GATATAAAACGCACCCAGCG_004,140
GATATAAAACGCACCCAGCG_005,198
GATATAAAACGCACCCAGCG_006,62
GATATAAAACGCACCCAGCG_007,129
GATATAAAACGCACCCAGCG_008,150
GATATAAAACGCACCCAGCG_009,134
GATATAAAACGCACCCAGCG_010,66
GATATAAAACGCACCCAGCG_011,87
GATATAAAACGCACCCAGCG_012,8
GATATAAAACGCACCCAGCG_013,61
TTCTCAGCCAAAGTCTACGT_001,68
TTCTCAGCCAAAGTCTACGT_002,168
TTCTCAGCCAAAGTCTACGT_003,18
TTCTCAGCCAAAGTCTACGT_004,62
TTCTCAGCCAAAGTCTACGT_005,77
TTCTCAGCCAAAGTCTACGT_006,172
CAAGATACGGAACTCCCTAA_001,194
CAAGATACGGAACTCCCTAA_002,59
CAAGATACGGAACTCCCTAA_003,162
CAAGATACGGAACTCCCTAA_004,44
TACAAATGTGTGGTAAAGCA_001,18
TACAAATGTGTGGTAAAGCA_002,15
TACAAATGTGTGGTAAAGCA_003,81
ATCACTGACCTTACCCACAG_001,29
ATCACTGACCTTACCCACAG_002,52
ATCACTGACCTTACCCACAG_003,166
ATCACTGACCTTACCCACAG_004,49
ATCACTGACCTTACCCACAG_005,116
ATCACTGACCTTACCCACAG_006,72
ATCACTGACCTTACCCACAG_007,94
ATCACTGACCTTACCCACAG_008,135
ATCACTGACCTTACCCACAG_009,88
ATCACTGACCTTACCCACAG_010,182
ATCACTGACCTTACCCACAG_011,11
ATCACTGACCTTACCCACAG_012,9
ATCACTGACCTTACCCACAG_013,151
ATCACTGACCTTACCCACAG_014,144
ATCACTGACCTTACCCACAG_015,82
ATCACTGACCTTACCCACAG_016,17
ATCACTGACCTTACCCACAG_017,45
ATCACTGACCTTACCCACAG_018,125
ATCACTGACCTTACCCACAG_019,109
ATCACTGACCTTACCCACAG_020,149
ATCACTGACCTTACCCACAG_021,2
ATCACTGACCTTACCCACAG_022,103
ATCACTGACCTTACCCACAG_023,92
ATTAAAGATGACAGTCATTG_001,19
TCAAATGAAGGCAAATTGGA_001,168
TCAAATGAAGGCAAATTGGA_002,40
TCAAATGAAGGCAAATTGGA_003,145
TCAAATGAAGGCAAATTGGA_004,48
TCAAATGAAGGCAAATTGGA_005,130
TCAAATGAAGGCAAATTGGA_006,57
CACGATCACAATGATCGAAG_001,17
CACGATCACAATGATCGAAG_002,2
CACGATCACAATGATCGAAG_003,74
TCAGAGGGACTTGTACAGGG_001,16
TCAGAGGGACTTGTACAGGG_002,60
TCAGAGGGACTTGTACAGGG_003,23
TCAGAGGGACTTGTACAGGG_004,37
TCAGAGGGACTTGTACAGGG_005,22
TCAGAGGGACTTGTACAGGG_006,125
TCTTGCACCAGTCACTCTTG_001,51
TCTTGCACCAGTCACTCTTG_002,2
TCTTGCACCAGTCACTCTTG_003,0
TCTTGCACCAGTCACTCTTG_004,67
TCTTGCACCAGTCACTCTTG_005,110
TCTTGCACCAGTCACTCTTG_006,100
TCTTGCACCAGTCACTCTTG_007,155
TCTTGCACCAGTCACTCTTG_008,113
TCTTGCACCAGTCACTCTTG_009,49
TCTTGCACCAGTCACTCTTG_010,106
TCTTGCACCAGTCACTCTTG_011,188
TCTTGCACCAGTCACTCTTG_012,135
CATAGTAAAACCTCCAGTGA_001,55
CATAGTAAAACCTCCAGTGA_002,58
CATAGTAAAACCTCCAGTGA_003,139
GCCATCTGGACATCCTCAGC_001,32
GCCATCTGGACATCCTCAGC_002,48
GCCATCTGGACATCCTCAGC_003,191
GCCATCTGGACATCCTCAGC_004,88
GCCATCTGGACATCCTCAGC_005,16
GCCATCTGGACATCCTCAGC_006,121
GCCATCTGGACATCCTCAGC_007,156
GCCATCTGGACATCCTCAGC_008,115
GCCATCTGGACATCCTCAGC_009,40
GCCATCTGGACATCCTCAGC_010,118
GCCATCTGGACATCCTCAGC_011,50
GCCATCTGGACATCCTCAGC_012,36
GCCATCTGGACATCCTCAGC_013,185
GCCATCTGGACATCCTCAGC_014,15
GCCATCTGGACATCCTCAGC_015,151
GAAAGCCAGGTACTTCACTA_001,125
GTTGCACAATGCGCACAAAG_001,34
GTTGCACAATGCGCACAAAG_002,94
GTTGCACAATGCGCACAAAG_003,115
GTTGCACAATGCGCACAAAG_004,150
AGTACCTGTCGGCCCCTGAA_001,11
AGTACCTGTCGGCCCCTGAA_002,65
AGTACCTGTCGGCCCCTGAA_003,51
AGTACCTGTCGGCCCCTGAA_004,149
AGTACCTGTCGGCCCCTGAA_005,32
AGTACCTGTCGGCCCCTGAA_006,42
AGTACCTGTCGGCCCCTGAA_007,75
AGTACCTGTCGGCCCCTGAA_008,170
AGTACCTGTCGGCCCCTGAA_009,91
AGTACCTGTCGGCCCCTGAA_010,194
AGTACCTGTCGGCCCCTGAA_011,187
AGTACCTGTCGGCCCCTGAA_012,15
AGTACCTGTCGGCCCCTGAA_013,157
AGTACCTGTCGGCCCCTGAA_014,99
AGTACCTGTCGGCCCCTGAA_015,178
AGTACCTGTCGGCCCCTGAA_016,67
AATGTTTCCCATACAGAACG_001,122
AATGTTTCCCATACAGAACG_002,29
TATGCTGGTAGCGTTCAAAG_001,80
TATGCTGGTAGCGTTCAAAG_002,80
TATGCTGGTAGCGTTCAAAG_003,70
ATAAACTCACCAACTACGTG_001,61
ATAAACTCACCAACTACGTG_002,105
ATAAACTCACCAACTACGTG_003,23
ATAAACTCACCAACTACGTG_004,2
ATAAACTCACCAACTACGTG_005,146
ATAAACTCACCAACTACGTG_006,174
ATAAACTCACCAACTACGTG_007,26
ATAAACTCACCAACTACGTG_008,131
ATAAACTCACCAACTACGTG_009,188
ATAAACTCACCAACTACGTG_010,105
ATAAACTCACCAACTACGTG_011,177
ATAAACTCACCAACTACGTG_012,50
ATAAACTCACCAACTACGTG_013,68
ATAAACTCACCAACTACGTG_014,81
ATAAACTCACCAACTACGTG_015,150
ATAAACTCACCAACTACGTG_016,75
ATAAACTCACCAACTACGTG_017,145
ATAAACTCACCAACTACGTG_018,63
ATAAACTCACCAACTACGTG_019,115
ATAAACTCACCAACTACGTG_020,138
ACAAGGACAACATCTGACCC_001,152
ACAAGGACAACATCTGACCC_002,81
ACAAGGACAACATCTGACCC_003,93
GTGGAGCTGCTCTACGAGGT_001,62
GTGGAGCTGCTCTACGAGGT_002,118
GTGGAGCTGCTCTACGAGGT_003,175
GTGGAGCTGCTCTACGAGGT_004,58
GTGGAGCTGCTCTACGAGGT_005,169
TCAACAGAGACAACCCTCTG_001,137
TCAACAGAGACAACCCTCTG_002,28
TCAACAGAGACAACCCTCTG_003,42
TCAACAGAGACAACCCTCTG_004,89
TCAACAGAGACAACCCTCTG_005,11
TCAACAGAGACAACCCTCTG_006,80
TCAACAGAGACAACCCTCTG_007,23
TCAACAGAGACAACCCTCTG_008,102
TCAACAGAGACAACCCTCTG_009,115
TCAACAGAGACAACCCTCTG_010,19
TCAACAGAGACAACCCTCTG_011,115
TCAACAGAGACAACCCTCTG_012,147
TCAACAGAGACAACCCTCTG_013,78
AGATTATCACAAGCAGCATG_001,125
TCTGAAACACTCGCTCCACA_001,77
TCTGAAACACTCGCTCCACA_002,142
TCTGAAACACTCGCTCCACA_003,169
TCTGAAACACTCGCTCCACA_004,149
TCTGAAACACTCGCTCCACA_005,193
TCTGAAACACTCGCTCCACA_006,19
GGTTCGCAAGCGCATAACCC_001,166
GGTTCGCAAGCGCATAACCC_002,108
GGAGATTTCATAACGAAGTG_001,127
GGAGATTTCATAACGAAGTG_002,76
GGAGATTTCATAACGAAGTG_003,60
GGAGATTTCATAACGAAGTG_004,105
GGAGATTTCATAACGAAGTG_005,10
GGAACAGGAGCGATTCAGCA_001,16
GGAACAGGAGCGATTCAGCA_002,6
GGAACAGGAGCGATTCAGCA_003,132
GGAACAGGAGCGATTCAGCA_004,123
GGCCAAGTACGCCAAGATGG_001,70
GGCCAAGTACGCCAAGATGG_002,41
GGCCAAGTACGCCAAGATGG_003,61
GGCCAAGTACGCCAAGATGG_004,78
GGCCAAGTACGCCAAGATGG_005,92
AGCCGGCATTGACATAATAG_001,134
AGCCGGCATTGACATAATAG_002,42
AGCCGGCATTGACATAATAG_003,163
AGCCGGCATTGACATAATAG_004,62
AGCCGGCATTGACATAATAG_005,88
AGCCGGCATTGACATAATAG_006,62
AGCCGGCATTGACATAATAG_007,113
AGCCGGCATTGACATAATAG_008,69
AGTACCTGATGGTTACTCGG_001,65
AGTACCTGATGGTTACTCGG_002,169
AGTACCTGATGGTTACTCGG_003,185
AGTACCTGATGGTTACTCGG_004,199
AGTACCTGATGGTTACTCGG_005,197
AGTACCTGATGGTTACTCGG_006,119
ACCTGCCCCACATACCCACA_001,75
ACCTGCCCCACATACCCACA_002,154
ACCTGCCCCACATACCCACA_003,163
ACCTGCCCCACATACCCACA_004,40
ACCTGCCCCACATACCCACA_005,70
ACCTGCCCCACATACCCACA_006,148
ACCTGCCCCACATACCCACA_007,127
ACCTGCCCCACATACCCACA_008,130
ACCTGCCCCACATACCCACA_009,38
ACCTGCCCCACATACCCACA_010,192
ACCTGCCCCACATACCCACA_011,104
ACCTGCCCCACATACCCACA_012,118
ACCTGCCCCACATACCCACA_013,23
ACCTGCCCCACATACCCACA_014,58
ACCTGCCCCACATACCCACA_015,132
ACCTGCCCCACATACCCACA_016,170
ACCTGCCCCACATACCCACA_017,124
ACCTGCCCCACATACCCACA_018,136
AGTCTGTGGCCATTATACAC_001,70
AGTCTGTGGCCATTATACAC_002,62
AGTCTGTGGCCATTATACAC_003,4
AGTCTGTGGCCATTATACAC_004,182
AGTCTGTGGCCATTATACAC_005,78
AGTCTGTGGCCATTATACAC_006,144
CTCCATCCTGGGCAAACCTG_001,127
CTCCATCCTGGGCAAACCTG_002,152
CTCCATCCTGGGCAAACCTG_003,152
CTCCATCCTGGGCAAACCTG_004,184
CTCCATCCTGGGCAAACCTG_005,46
CTCCATCCTGGGCAAACCTG_006,174
CTCCATCCTGGGCAAACCTG_007,130
CTCCATCCTGGGCAAACCTG_008,9
CTCCATCCTGGGCAAACCTG_009,44
CTCCATCCTGGGCAAACCTG_010,27
CTCCATCCTGGGCAAACCTG_011,58
CTCCATCCTGGGCAAACCTG_012,9
CTCCATCCTGGGCAAACCTG_013,52
CTCCATCCTGGGCAAACCTG_014,0
AGGGCACCCGGTTCATACGC_001,53
AGGGCACCCGGTTCATACGC_002,82
AGGGCACCCGGTTCATACGC_003,130
AGGGCACCCGGTTCATACGC_004,50
AGGGCACCCGGTTCATACGC_005,104
AGGGCACCCGGTTCATACGC_006,92
AGGGCACCCGGTTCATACGC_007,103
AGGGCACCCGGTTCATACGC_008,170
AGGGCACCCGGTTCATACGC_009,127
AGGGCACCCGGTTCATACGC_010,70
AGGGCACCCGGTTCATACGC_011,44
AGGGCACCCGGTTCATACGC_012,199
AGGGCACCCGGTTCATACGC_013,55
AGGGCACCCGGTTCATACGC_014,190
AGGGCACCCGGTTCATACGC_015,108
AGGGCACCCGGTTCATACGC_016,6
AGGGCACCCGGTTCATACGC_017,185
AGGGCACCCGGTTCATACGC_018,77
AGGGCACCCGGTTCATACGC_019,197
AGGGCACCCGGTTCATACGC_020,15
AGGGCACCCGGTTCATACGC_021,62
AGGGCACCCGGTTCATACGC_022,30
AGGGCACCCGGTTCATACGC_023,77
AGGGCACCCGGTTCATACGC_024,150
AGGGCACCCGGTTCATACGC_025,149
AGGGCACCCGGTTCATACGC_026,97
AGGGCACCCGGTTCATACGC_027,148
AGGGCACCCGGTTCATACGC_028,29
AGGGCACCCGGTTCATACGC_029,70
AGGGCACCCGGTTCATACGC_030,76
AGGGCACCCGGTTCATACGC_031,62
AGGGCACCCGGTTCATACGC_032,171
AGGGCACCCGGTTCATACGC_033,162
AGGGCACCCGGTTCATACGC_034,88
AGGGCACCCGGTTCATACGC_035,77
AGGGCACCCGGTTCATACGC_036,172
AGGGCACCCGGTTCATACGC_037,60
AGGGCACCCGGTTCATACGC_038,55
AGGGCACCCGGTTCATACGC_039,162
AGGGCACCCGGTTCATACGC_040,162
AGGGCACCCGGTTCATACGC_041,21
AGGGCACCCGGTTCATACGC_042,111
AGGGCACCCGGTTCATACGC_043,25
AGGGCACCCGGTTCATACGC_044,199
AGGGCACCCGGTTCATACGC_045,124
AGGGCACCCGGTTCATACGC_046,115
AGGGCACCCGGTTCATACGC_047,77
AGGGCACCCGGTTCATACGC_048,125
AGGGCACCCGGTTCATACGC_049,111
AGGGCACCCGGTTCATACGC_050,88
AGGGCACCCGGTTCATACGC_051,8
AGGGCACCCGGTTCATACGC_052,52
AGGGCACCCGGTTCATACGC_053,40
AGGGCACCCGGTTCATACGC_054,191
AGGGCACCCGGTTCATACGC_055,140
AGGGCACCCGGTTCATACGC_056,138
AGGGCACCCGGTTCATACGC_057,10
AGGGCACCCGGTTCATACGC_058,6
AGGGCACCCGGTTCATACGC_059,80
AGGGCACCCGGTTCATACGC_060,9
AGGGCACCCGGTTCATACGC_061,94
AGGGCACCCGGTTCATACGC_062,120
AGGGCACCCGGTTCATACGC_063,188
GGGCATCACAGTAAGTCATC_001,149
GGGCATCACAGTAAGTCATC_002,48
GGGCATCACAGTAAGTCATC_003,23
GGGCATCACAGTAAGTCATC_004,82
GGGCATCACAGTAAGTCATC_005,116
GGGCATCACAGTAAGTCATC_006,171
GGGCATCACAGTAAGTCATC_007,105
GGGCATCACAGTAAGTCATC_008,45
GGGCATCACAGTAAGTCATC_009,197
CAGGACTCCTAAATCATCAG_001,182
CAGGACTCCTAAATCATCAG_002,115
CAGGACTCCTAAATCATCAG_003,185
CAGGACTCCTAAATCATCAG_004,2
CAGGACTCCTAAATCATCAG_005,98
CAGGACTCCTAAATCATCAG_006,192
GAAGAACAGTGTCGCCAGCT_001,133
GAAGAACAGTGTCGCCAGCT_002,146
GAAGAACAGTGTCGCCAGCT_003,50
GAAGAACAGTGTCGCCAGCT_004,182
TGTGGGGATGGCATACACGT_001,118
CCTTAAATAAACCATGCAGT_001,151
CCTTAAATAAACCATGCAGT_002,19
CCTTAAATAAACCATGCAGT_003,199
CCTTAAATAAACCATGCAGT_004,150
CCTTAAATAAACCATGCAGT_005,83
CCTTAAATAAACCATGCAGT_006,156
CCTTAAATAAACCATGCAGT_007,156
CCTTAAATAAACCATGCAGT_008,77
CCTTAAATAAACCATGCAGT_009,78
AATATGCTATACATTACCGC_001,17
AATATGCTATACATTACCGC_002,161
AATATGCTATACATTACCGC_003,180
TGACTGTTCAAAGAAAGTTG_001,41
TGACTGTTCAAAGAAAGTTG_002,161
TGACTGTTCAAAGAAAGTTG_003,36
TGACTGTTCAAAGAAAGTTG_004,169
TGACTGTTCAAAGAAAGTTG_005,95
TGACTGTTCAAAGAAAGTTG_006,94
TGACTGTTCAAAGAAAGTTG_007,199
TGACTGTTCAAAGAAAGTTG_008,60
TGACTGTTCAAAGAAAGTTG_009,68
TGACTGTTCAAAGAAAGTTG_010,149
TGACTGTTCAAAGAAAGTTG_011,28
TGACTGTTCAAAGAAAGTTG_012,42
TGACTGTTCAAAGAAAGTTG_013,51
TGACTGTTCAAAGAAAGTTG_014,107
ACAGTGCAGGACGAAGAATG_001,171
ACAGTGCAGGACGAAGAATG_002,171
ACAGTGCAGGACGAAGAATG_003,146
ACAGTGCAGGACGAAGAATG_004,116
ACAGTGCAGGACGAAGAATG_005,74
GTGGCAACCCTCCAGAAATG_001,171
GTGGCAACCCTCCAGAAATG_002,33
GTGGCAACCCTCCAGAAATG_003,83
GTGGCAACCCTCCAGAAATG_004,94
TGGGTGGTAGCAAAATGGAT_001,58
TGGGTGGTAGCAAAATGGAT_002,152
TGGGTGGTAGCAAAATGGAT_003,112
TGGGTGGTAGCAAAATGGAT_004,174
TGGGTGGTAGCAAAATGGAT_005,111
TGGGTGGTAGCAAAATGGAT_006,17
TGGGTGGTAGCAAAATGGAT_007,53
TGGGTGGTAGCAAAATGGAT_008,45
TGGGTGGTAGCAAAATGGAT_009,73
TGGGTGGTAGCAAAATGGAT_010,130
TGGGTGGTAGCAAAATGGAT_011,0
TGGGTGGTAGCAAAATGGAT_012,173
TGGGTGGTAGCAAAATGGAT_013,15
TTGCGAGGGACATCTCCGAA_001,119
TTGCGAGGGACATCTCCGAA_002,41
TTGCGAGGGACATCTCCGAA_003,165
TTGCGAGGGACATCTCCGAA_004,182
TTGCGAGGGACATCTCCGAA_005,147
TTGCGAGGGACATCTCCGAA_006,134
TTGCGAGGGACATCTCCGAA_007,54
TTGCGAGGGACATCTCCGAA_008,19
TTGCGAGGGACATCTCCGAA_009,169
TTGCGAGGGACATCTCCGAA_010,188
TTGCGAGGGACATCTCCGAA_011,148
TTGCGAGGGACATCTCCGAA_012,4
TTGCGAGGGACATCTCCGAA_013,62
TTGCGAGGGACATCTCCGAA_014,12
TTGCGAGGGACATCTCCGAA_015,98
TTGCGAGGGACATCTCCGAA_016,199
TTGCGAGGGACATCTCCGAA_017,141
TTGCGAGGGACATCTCCGAA_018,141
TTGCGAGGGACATCTCCGAA_019,149
TTGCGAGGGACATCTCCGAA_020,105
TTGCGAGGGACATCTCCGAA_021,83
TTGCGAGGGACATCTCCGAA_022,148
TTGCGAGGGACATCTCCGAA_023,104
TTGCGAGGGACATCTCCGAA_024,41
TTGCGAGGGACATCTCCGAA_025,169
TTGCGAGGGACATCTCCGAA_026,6
TTGCGAGGGACATCTCCGAA_027,108
TTGCGAGGGACATCTCCGAA_028,114
TTGCGAGGGACATCTCCGAA_029,188
CCAGGGCACCGTCGACTCCG_001,198
CCAGGGCACCGTCGACTCCG_002,137
CCAGGGCACCGTCGACTCCG_003,0
CCAGGGCACCGTCGACTCCG_004,199
CCAGGGCACCGTCGACTCCG_005,43
CCAGGGCACCGTCGACTCCG_006,146
CCAGGGCACCGTCGACTCCG_007,137
CCAGGGCACCGTCGACTCCG_008,33
CCAGGGCACCGTCGACTCCG_009,44
CCAGGGCACCGTCGACTCCG_010,162
CCAGGGCACCGTCGACTCCG_011,148
CCAGGGCACCGTCGACTCCG_012,68
CCAGGGCACCGTCGACTCCG_013,113
CCAGGGCACCGTCGACTCCG_014,148
CCAGGGCACCGTCGACTCCG_015,81
CCAGGGCACCGTCGACTCCG_016,119
CCAGGGCACCGTCGACTCCG_017,119
CCAGGGCACCGTCGACTCCG_018,88
CCAGGGCACCGTCGACTCCG_019,12
CCAGGGCACCGTCGACTCCG_020,199
CCAGGGCACCGTCGACTCCG_021,103
CCAGGGCACCGTCGACTCCG_022,61
CCAGGGCACCGTCGACTCCG_023,175
CCAGGGCACCGTCGACTCCG_024,2
CCAGGGCACCGTCGACTCCG_025,41
CCAGGGCACCGTCGACTCCG_026,67
CCAGGGCACCGTCGACTCCG_027,168
CCAGGGCACCGTCGACTCCG_028,10
CCAGGGCACCGTCGACTCCG_029,112
CCAGGGCACCGTCGACTCCG_030,62
CCAGGGCACCGTCGACTCCG_031,83
CCAGGGCACCGTCGACTCCG_032,144
CCAGGGCACCGTCGACTCCG_033,68
CCAGGGCACCGTCGACTCCG_034,136
CCAGGGCACCGTCGACTCCG_035,56
CCAGGGCACCGTCGACTCCG_036,112
AATAGCGGCTCAACCCACGA_001,165
AATAGCGGCTCAACCCACGA_002,9
AATAGCGGCTCAACCCACGA_003,48
AATAGCGGCTCAACCCACGA_004,58
AATAGCGGCTCAACCCACGA_005,96
AATAGCGGCTCAACCCACGA_006,71
AATAGCGGCTCAACCCACGA_007,142
AATAGCGGCTCAACCCACGA_008,178
AATAGCGGCTCAACCCACGA_009,172
AATAGCGGCTCAACCCACGA_010,194
AATAGCGGCTCAACCCACGA_011,78
AATAGCGGCTCAACCCACGA_012,162
AATAGCGGCTCAACCCACGA_013,100
AATAGCGGCTCAACCCACGA_014,58
AATAGCGGCTCAACCCACGA_015,23
AATAGCGGCTCAACCCACGA_016,61
AATAGCGGCTCAACCCACGA_017,177
AATAGCGGCTCAACCCACGA_018,102
AATAGCGGCTCAACCCACGA_019,103
AATAGCGGCTCAACCCACGA_020,128
AATAGCGGCTCAACCCACGA_021,147
AATAGCGGCTCAACCCACGA_022,169
AATAGCGGCTCAACCCACGA_023,52
AATAGCGGCTCAACCCACGA_024,13
AATAGCGGCTCAACCCACGA_025,2
AATAGCGGCTCAACCCACGA_026,149
AATAGCGGCTCAACCCACGA_027,148
AATAGCGGCTCAACCCACGA_028,88
AATAGCGGCTCAACCCACGA_029,43
AATAGCGGCTCAACCCACGA_030,157
AATAGCGGCTCAACCCACGA_031,31
GCTTAACATGTACATCCACA_001,112
GCTTAACATGTACATCCACA_002,160
GCTTAACATGTACATCCACA_003,179
GCTTAACATGTACATCCACA_004,180
ACAGCCTTACCCGGTCACCC_001,12
ACAGCCTTACCCGGTCACCC_002,3
CGTAGCTGCGCTCTACGCCG_001,98
TACCTGTGCCAGATGTACGG_001,64
TACCTGTGCCAGATGTACGG_002,151
TACCTGTGCCAGATGTACGG_003,141
TACCTGTGCCAGATGTACGG_004,125
TACCTGTGCCAGATGTACGG_005,169
TACCTGTGCCAGATGTACGG_006,2
TACCTGTGCCAGATGTACGG_007,12
TACCTGTGCCAGATGTACGG_008,196
TACCTGTGCCAGATGTACGG_009,97
TACCTGTGCCAGATGTACGG_010,143
TACCTGTGCCAGATGTACGG_011,66
TACCTGTGCCAGATGTACGG_012,184
TACCTGTGCCAGATGTACGG_013,94
TACCTGTGCCAGATGTACGG_014,34
TACCTGTGCCAGATGTACGG_015,162
ATAGTAAAGATAAAAGTCCA_001,70
ATAGTAAAGATAAAAGTCCA_002,168
GAAGGTTCCCAATCTCTCGG_001,68
GAAGGTTCCCAATCTCTCGG_002,124
GAAGGTTCCCAATCTCTCGG_003,146
GAAGGTTCCCAATCTCTCGG_004,30
TCATTGTCATCATGTATGGA_001,48
TCATTGTCATCATGTATGGA_002,15
TCATTGTCATCATGTATGGA_003,129
TCATTGTCATCATGTATGGA_004,171
TCATTGTCATCATGTATGGA_005,98
TCATTGTCATCATGTATGGA_006,181
AGGGAGTGCCGAGTCCGGCG_001,112
AGGGAGTGCCGAGTCCGGCG_002,181
AGGGAGTGCCGAGTCCGGCG_003,126
AGGGAGTGCCGAGTCCGGCG_004,165
AGGGAGTGCCGAGTCCGGCG_005,156
AGGGAGTGCCGAGTCCGGCG_006,158
AGGGAGTGCCGAGTCCGGCG_007,185
TTGAGAGTGAACGTCCCCAC_001,184
TTGAGAGTGAACGTCCCCAC_002,160
TTGAGAGTGAACGTCCCCAC_003,12
TTGAGAGTGAACGTCCCCAC_004,57
TTGAGAGTGAACGTCCCCAC_005,161
TTGAGAGTGAACGTCCCCAC_006,108
TTGAGAGTGAACGTCCCCAC_007,75
TTGAGAGTGAACGTCCCCAC_008,81
TTGAGAGTGAACGTCCCCAC_009,193
TTGAGAGTGAACGTCCCCAC_010,193
TTGAGAGTGAACGTCCCCAC_011,113
TTGAGAGTGAACGTCCCCAC_012,94
TTGAGAGTGAACGTCCCCAC_013,172
TTGAGAGTGAACGTCCCCAC_014,175
TTGAGAGTGAACGTCCCCAC_015,115
TTGAGAGTGAACGTCCCCAC_016,77
TTGAGAGTGAACGTCCCCAC_017,131
TTGAGAGTGAACGTCCCCAC_018,37
GGAGGTGTCCGATCCATCAG_001,134
GGAGGTGTCCGATCCATCAG_002,142
GGAGGTGTCCGATCCATCAG_003,50
GGAGGTGTCCGATCCATCAG_004,94
GGAGGTGTCCGATCCATCAG_005,25
GGAGGTGTCCGATCCATCAG_006,171
GGAGGTGTCCGATCCATCAG_007,110
GGAGGTGTCCGATCCATCAG_008,150
GGAGGTGTCCGATCCATCAG_009,176
GGAGGTGTCCGATCCATCAG_010,50
GGAGGTGTCCGATCCATCAG_011,1
GGAGGTGTCCGATCCATCAG_012,50
TGGACTACGAGACCTTGACG_001,154
TGGACTACGAGACCTTGACG_002,182
TGGACTACGAGACCTTGACG_003,164
TGGACTACGAGACCTTGACG_004,164
TGGACTACGAGACCTTGACG_005,169
TGGACTACGAGACCTTGACG_006,183
TGGACTACGAGACCTTGACG_007,197
TGGACTACGAGACCTTGACG_008,146
TGGACTACGAGACCTTGACG_009,199
TGGACTACGAGACCTTGACG_010,116
TGGACTACGAGACCTTGACG_011,166
TTGCCGATAGAGATTGCCTG_001,87
TTGCCGATAGAGATTGCCTG_002,129
TTGCCGATAGAGATTGCCTG_003,7
TTGCCGATAGAGATTGCCTG_004,48
TTGCCGATAGAGATTGCCTG_005,112
TTGCCGATAGAGATTGCCTG_006,26
TTGCCGATAGAGATTGCCTG_007,115
TTGCCGATAGAGATTGCCTG_008,30
TTGCCGATAGAGATTGCCTG_009,103
TTGCCGATAGAGATTGCCTG_010,82
TTGCCGATAGAGATTGCCTG_011,168
TTGCCGATAGAGATTGCCTG_012,72
TTGCCGATAGAGATTGCCTG_013,66
TTGCCGATAGAGATTGCCTG_014,63
TTGCCGATAGAGATTGCCTG_015,39
TCTTGGCCACCTTGGTAGTC_001,127
TCTTGGCCACCTTGGTAGTC_002,168
TCTTGGCCACCTTGGTAGTC_003,196
CTGACCTGTCTAGTACACGT_001,96
AGGATAACACCACCAACTAT_001,80
AGGATAACACCACCAACTAT_002,47
AGGATAACACCACCAACTAT_003,47
AGGATAACACCACCAACTAT_004,197
AGGATAACACCACCAACTAT_005,38
AGGATAACACCACCAACTAT_006,157
AGGATAACACCACCAACTAT_007,150
AGGATAACACCACCAACTAT_008,166
AGGATAACACCACCAACTAT_009,88
AGGATAACACCACCAACTAT_010,115
AGGATAACACCACCAACTAT_011,176
AGGATAACACCACCAACTAT_012,25
AGGATAACACCACCAACTAT_013,57
AGGATAACACCACCAACTAT_014,165
AGGATAACACCACCAACTAT_015,130
AGGATAACACCACCAACTAT_016,155
AGGATAACACCACCAACTAT_017,63
GAGATCCGCTCTGTACACGT_001,49
GAGATCCGCTCTGTACACGT_002,72
GAGATCCGCTCTGTACACGT_003,191
GAGATCCGCTCTGTACACGT_004,156
GAGATCCGCTCTGTACACGT_005,30
GAGATCCGCTCTGTACACGT_006,146
GAGATCCGCTCTGTACACGT_007,57
GAGATCCGCTCTGTACACGT_008,127
GAGATCCGCTCTGTACACGT_009,150
GAGATCCGCTCTGTACACGT_010,105
GAGATCCGCTCTGTACACGT_011,184
GAGATCCGCTCTGTACACGT_012,127
GAGATCCGCTCTGTACACGT_013,142
CTGTCCACCTACAGCGATGT_001,15
CTGTCCACCTACAGCGATGT_002,15
CTGTCCACCTACAGCGATGT_003,11
CTGTCCACCTACAGCGATGT_004,75
CTGTCCACCTACAGCGATGT_005,112
CTGTCCACCTACAGCGATGT_006,46
CTGTCCACCTACAGCGATGT_007,82
CTGTCCACCTACAGCGATGT_008,22
CTGACTCTTGGTGTTGATAG_001,160
CTGACTCTTGGTGTTGATAG_002,71
TGAAATAGGCGCCGACATTG_001,152
TGAAATAGGCGCCGACATTG_002,141
TGAAATAGGCGCCGACATTG_003,191
TGAAATAGGCGCCGACATTG_004,0
TGAAATAGGCGCCGACATTG_005,113
TGAAATAGGCGCCGACATTG_006,64
TGAAATAGGCGCCGACATTG_007,146
TGAAATAGGCGCCGACATTG_008,48
TGAAATAGGCGCCGACATTG_009,1
TGAAATAGGCGCCGACATTG_010,35
TGAAATAGGCGCCGACATTG_011,198
TGAAATAGGCGCCGACATTG_012,163
TGGCAAGCGTAGCTATGTGT_001,27
TGGCAAGCGTAGCTATGTGT_002,123
TGGCAAGCGTAGCTATGTGT_003,160
TGGCAAGCGTAGCTATGTGT_004,1
TGGCAAGCGTAGCTATGTGT_005,130
TGGCAAGCGTAGCTATGTGT_006,81
GAGGTTAAGAACAGATGCTG_001,151
GAGGTTAAGAACAGATGCTG_002,195
GAGGTTAAGAACAGATGCTG_003,185
GAGGTTAAGAACAGATGCTG_004,134
GAGGTTAAGAACAGATGCTG_005,50
GAGGTTAAGAACAGATGCTG_006,149
GAGGTTAAGAACAGATGCTG_007,27
CAGACCAAAGATCACCGAAG_001,44
CAGACCAAAGATCACCGAAG_002,96
CAGACCAAAGATCACCGAAG_003,127
CAGACCAAAGATCACCGAAG_004,72
CAGACCAAAGATCACCGAAG_005,13
CAGACCAAAGATCACCGAAG_006,148
CAGACCAAAGATCACCGAAG_007,49
CAGACCAAAGATCACCGAAG_008,33
CAGACCAAAGATCACCGAAG_009,39
CAGACCAAAGATCACCGAAG_010,49
ACTTAGTAAATCTGCTACTC_001,80
TTCCCAACGATGAACCGCCG_001,47
TTCCCAACGATGAACCGCCG_002,188
TTCCCAACGATGAACCGCCG_003,103
TTCCCAACGATGAACCGCCG_004,48
TTCCCAACGATGAACCGCCG_005,38
TTCCCAACGATGAACCGCCG_006,57
TTCCCAACGATGAACCGCCG_007,113
TTCCCAACGATGAACCGCCG_008,170
TTCCCAACGATGAACCGCCG_009,104
CTGTGTAATAAAACCCAGAG_001,188
CTGTGTAATAAAACCCAGAG_002,78
CTGTGTAATAAAACCCAGAG_003,51
CTGTGTAATAAAACCCAGAG_004,142
CTGTGTAATAAAACCCAGAG_005,12
CTGTGTAATAAAACCCAGAG_006,159
ATGTTCCCGTTAGCAAACAC_001,146
ATGTTCCCGTTAGCAAACAC_002,76
ATGTTCCCGTTAGCAAACAC_003,105
ATGTTCCCGTTAGCAAACAC_004,169
ATGTTCCCGTTAGCAAACAC_005,28
ATGTTCCCGTTAGCAAACAC_006,161
ATGTTCCCGTTAGCAAACAC_007,41
ATGTTCCCGTTAGCAAACAC_008,76
ATGTTCCCGTTAGCAAACAC_009,116
ATGTTCCCGTTAGCAAACAC_010,158
ATGTTCCCGTTAGCAAACAC_011,50
ATGTTCCCGTTAGCAAACAC_012,134
ATGTTCCCGTTAGCAAACAC_013,47
ATGTTCCCGTTAGCAAACAC_014,120
ATGTTCCCGTTAGCAAACAC_015,192
ATGTTCCCGTTAGCAAACAC_016,80
ATGTTCCCGTTAGCAAACAC_017,2
ATGTTCCCGTTAGCAAACAC_018,65
GCGAGTGGGCGCTGTCAAGG_001,123
GCGAGTGGGCGCTGTCAAGG_002,183
GCGAGTGGGCGCTGTCAAGG_003,31
GCGAGTGGGCGCTGTCAAGG_004,197
GCGAGTGGGCGCTGTCAAGG_005,19
GCGAGTGGGCGCTGTCAAGG_006,159
GCGAGTGGGCGCTGTCAAGG_007,50
GCGAGTGGGCGCTGTCAAGG_008,14
TTCTGCGATTTAATTCCCGC_001,41
TTCTGCGATTTAATTCCCGC_002,144
TTCTGCGATTTAATTCCCGC_003,61
TTCTGCGATTTAATTCCCGC_004,148
TTCTGCGATTTAATTCCCGC_005,94
TTCTGCGATTTAATTCCCGC_006,37
TTCTGCGATTTAATTCCCGC_007,39
TTCTGCGATTTAATTCCCGC_008,124
GGGAACTTTACCAACCATCA_001,144
GGGAACTTTACCAACCATCA_002,165
ACATGTAGATAATTGTTCAG_001,121
ACATGTAGATAATTGTTCAG_002,116
ACATGTAGATAATTGTTCAG_003,101
ACATGTAGATAATTGTTCAG_004,45
ACATGTAGATAATTGTTCAG_005,139
ACATGTAGATAATTGTTCAG_006,5
ACATGTAGATAATTGTTCAG_007,0
CCTGTACCCGAATAACCATG_001,111
CCTGTACCCGAATAACCATG_002,169
CCTGTACCCGAATAACCATG_003,26
CCTGTACCCGAATAACCATG_004,69
CCTGTACCCGAATAACCATG_005,47
CCTGTACCCGAATAACCATG_006,122
CCTGTACCCGAATAACCATG_007,127
CCTGTACCCGAATAACCATG_008,136
CCTGTACCCGAATAACCATG_009,118
CCTGTACCCGAATAACCATG_010,10
CATTTGGAGGAGCAACAATG_001,170
CATTTGGAGGAGCAACAATG_002,23
CATTTGGAGGAGCAACAATG_003,118
CATTTGGAGGAGCAACAATG_004,96
CATTTGGAGGAGCAACAATG_005,101
CATTTGGAGGAGCAACAATG_006,105
CATTTGGAGGAGCAACAATG_007,191
CATTTGGAGGAGCAACAATG_008,52
CATTTGGAGGAGCAACAATG_009,146
CATTTGGAGGAGCAACAATG_010,29
CATTTGGAGGAGCAACAATG_011,24
CATTTGGAGGAGCAACAATG_012,169
CATTTGGAGGAGCAACAATG_013,88
CATTTGGAGGAGCAACAATG_014,115
CATTTGGAGGAGCAACAATG_015,139
CATTTGGAGGAGCAACAATG_016,78
CATTTGGAGGAGCAACAATG_017,142
TCAGACGGGTACTCGCGGGT_001,112
TCAGACGGGTACTCGCGGGT_002,4
TCAGACGGGTACTCGCGGGT_003,125
TCAGACGGGTACTCGCGGGT_004,100
TCAGACGGGTACTCGCGGGT_005,97
TCAGACGGGTACTCGCGGGT_006,189
TCAGACGGGTACTCGCGGGT_007,92
TCAGACGGGTACTCGCGGGT_008,70
TCAGACGGGTACTCGCGGGT_009,169
GACGACCAGTCATGGACGTG_001,166
GACGACCAGTCATGGACGTG_002,49
GACGACCAGTCATGGACGTG_003,94
GACGACCAGTCATGGACGTG_004,198
GACGACCAGTCATGGACGTG_005,191
GACGACCAGTCATGGACGTG_006,58
GACGACCAGTCATGGACGTG_007,123
GACGACCAGTCATGGACGTG_008,8
GACGACCAGTCATGGACGTG_009,23
GACGACCAGTCATGGACGTG_010,177
GACGACCAGTCATGGACGTG_011,169
GACGACCAGTCATGGACGTG_012,48
GACGACCAGTCATGGACGTG_013,107
GACGACCAGTCATGGACGTG_014,12
GACGACCAGTCATGGACGTG_015,107
GACGACCAGTCATGGACGTG_016,54
GACGACCAGTCATGGACGTG_017,102
GACGACCAGTCATGGACGTG_018,62
GACGACCAGTCATGGACGTG_019,11
GACGACCAGTCATGGACGTG_020,183
GACGACCAGTCATGGACGTG_021,147
GACGACCAGTCATGGACGTG_022,3
GACGACCAGTCATGGACGTG_023,148
GACGACCAGTCATGGACGTG_024,22
CAAATCCAGGGATGTCCGTG_001,198
CAAATCCAGGGATGTCCGTG_002,196
CAAATCCAGGGATGTCCGTG_003,190
CAAATCCAGGGATGTCCGTG_004,148
CAAATCCAGGGATGTCCGTG_005,135
CAAATCCAGGGATGTCCGTG_006,135
CAAATCCAGGGATGTCCGTG_007,132
CAAATCCAGGGATGTCCGTG_008,81
CAAATCCAGGGATGTCCGTG_009,121
CAAATCCAGGGATGTCCGTG_010,144
CAAATCCAGGGATGTCCGTG_011,17
GGAGGTTCTGCAAACACACG_001,5
GGAGGTTCTGCAAACACACG_002,84
GGAGGTTCTGCAAACACACG_003,160
GGAGGTTCTGCAAACACACG_004,100
GGAGGTTCTGCAAACACACG_005,152
GGAGGTTCTGCAAACACACG_006,68
GGAGGTTCTGCAAACACACG_007,162
GGAGGTTCTGCAAACACACG_008,48
AGCTCGGATTCCATGAACCT_001,70
AGCTCGGATTCCATGAACCT_002,62
AGCTCGGATTCCATGAACCT_003,9
AGCTCGGATTCCATGAACCT_004,40
AGCTCGGATTCCATGAACCT_005,72
AGCTCGGATTCCATGAACCT_006,129
AGCTCGGATTCCATGAACCT_007,186
AGCTCGGATTCCATGAACCT_008,63
AGCTCGGATTCCATGAACCT_009,53
AGCTCGGATTCCATGAACCT_010,119
AGCTCGGATTCCATGAACCT_011,137
AGCTCGGATTCCATGAACCT_012,9
CGGGCTGTATTACTCAACCA_001,19
CGGGCTGTATTACTCAACCA_002,162
ACGAGTATGCCTGTCCAGCA_001,12
ACGAGTATGCCTGTCCAGCA_002,155
ACGAGTATGCCTGTCCAGCA_003,13
ACGAGTATGCCTGTCCAGCA_004,115
ACGAGTATGCCTGTCCAGCA_005,94
ACGAGTATGCCTGTCCAGCA_006,162
ACGAGTATGCCTGTCCAGCA_007,113
ACGAGTATGCCTGTCCAGCA_008,12
ACGAGTATGCCTGTCCAGCA_009,62
ACGAGTATGCCTGTCCAGCA_010,162
ACGAGTATGCCTGTCCAGCA_011,48
ACGAGTATGCCTGTCCAGCA_012,162
CCAACTTACGGCCAACATAG_001,37
CCAACTTACGGCCAACATAG_002,157
CCAACTTACGGCCAACATAG_003,158
CCAACTTACGGCCAACATAG_004,116
CCAACTTACGGCCAACATAG_005,182
CCAACTTACGGCCAACATAG_006,170
CCAACTTACGGCCAACATAG_007,119
CCAACTTACGGCCAACATAG_008,106
CCAACTTACGGCCAACATAG_009,30
AGTCCGAGACTTAAGCTGAG_001,76
AGTCCGAGACTTAAGCTGAG_002,29
AGTCCGAGACTTAAGCTGAG_003,68
AGTCCGAGACTTAAGCTGAG_004,144
AGTCCGAGACTTAAGCTGAG_005,50
AGTCCGAGACTTAAGCTGAG_006,116
AGTCCGAGACTTAAGCTGAG_007,58
AGTCCGAGACTTAAGCTGAG_008,94
AGTCCGAGACTTAAGCTGAG_009,187
AGTCCGAGACTTAAGCTGAG_010,16
AGTCCGAGACTTAAGCTGAG_011,4
AGTCCGAGACTTAAGCTGAG_012,155
AGTCCGAGACTTAAGCTGAG_013,57
AGTCCGAGACTTAAGCTGAG_014,43
AGTCCGAGACTTAAGCTGAG_015,130
AGTCCGAGACTTAAGCTGAG_016,76
AGTCCGAGACTTAAGCTGAG_017,170
AGTCCGAGACTTAAGCTGAG_018,69
AGTCCGAGACTTAAGCTGAG_019,193
AGTCCGAGACTTAAGCTGAG_020,43
AGTCCGAGACTTAAGCTGAG_021,193
AGTCCGAGACTTAAGCTGAG_022,160
AGTCCGAGACTTAAGCTGAG_023,188
AGTCCGAGACTTAAGCTGAG_024,171
AGTCCGAGACTTAAGCTGAG_025,102
AGTCCGAGACTTAAGCTGAG_026,179
AGTCCGAGACTTAAGCTGAG_027,146
AGTCCGAGACTTAAGCTGAG_028,111
AGTCCGAGACTTAAGCTGAG_029,3
AGTCCGAGACTTAAGCTGAG_030,166
AGTCCGAGACTTAAGCTGAG_031,108
AGTCCGAGACTTAAGCTGAG_032,137
AGTCCGAGACTTAAGCTGAG_033,168
AGTCCGAGACTTAAGCTGAG_034,123
AGTCCGAGACTTAAGCTGAG_035,174
AGTCCGAGACTTAAGCTGAG_036,172
AGTCCGAGACTTAAGCTGAG_037,25
AGTGGATTGTCCTGTTTGCG_001,133
AGTGGATTGTCCTGTTTGCG_002,163
AGTGGATTGTCCTGTTTGCG_003,60
AGTGGATTGTCCTGTTTGCG_004,116
AGTGGATTGTCCTGTTTGCG_005,40
AGTGGATTGTCCTGTTTGCG_006,69
AGTGGATTGTCCTGTTTGCG_007,105
AGTGGATTGTCCTGTTTGCG_008,60
AGTGGATTGTCCTGTTTGCG_009,111
AGTGGATTGTCCTGTTTGCG_010,190
AGTGGATTGTCCTGTTTGCG_011,172
AGTGGATTGTCCTGTTTGCG_012,8
AAGGTCTGGACCACATACGA_001,173
AAGGTCTGGACCACATACGA_002,173
AAGGTCTGGACCACATACGA_003,131
AAGGTCTGGACCACATACGA_004,61
AAGGTCTGGACCACATACGA_005,70
AAGGTCTGGACCACATACGA_006,20
AAGGTCTGGACCACATACGA_007,38
AAGGTCTGGACCACATACGA_008,42
AAGGTCTGGACCACATACGA_009,113
AAGGTCTGGACCACATACGA_010,57
AAGGTCTGGACCACATACGA_011,133
AAGGTCTGGACCACATACGA_012,1
AAGGTCTGGACCACATACGA_013,161
AAGGTCTGGACCACATACGA_014,160
AAGGTCTGGACCACATACGA_015,49
AAGGTCTGGACCACATACGA_016,124
AAGGTCTGGACCACATACGA_017,145
AAGGTCTGGACCACATACGA_018,172
ACTTGTTACAAGAATTCACA_001,62
ACTTGTTACAAGAATTCACA_002,101
ACTTGTTACAAGAATTCACA_003,102
ACTTGTTACAAGAATTCACA_004,127
ACTTGTTACAAGAATTCACA_005,171
ACTTGTTACAAGAATTCACA_006,92
ACTTGTTACAAGAATTCACA_007,31
ACTTGTTACAAGAATTCACA_008,16
ACTTGTTACAAGAATTCACA_009,83
ACTTGTTACAAGAATTCACA_010,142
ACTTGTTACAAGAATTCACA_011,46
ACTTGTTACAAGAATTCACA_012,88
AGAGCCCACACCAGTCAGGG_001,107
AGAGCCCACACCAGTCAGGG_002,191
AGAGCCCACACCAGTCAGGG_003,129
AGAGCCCACACCAGTCAGGG_004,113
AGAGCCCACACCAGTCAGGG_005,96
AGAGCCCACACCAGTCAGGG_006,172
AGAGCCCACACCAGTCAGGG_007,197
AGAGCCCACACCAGTCAGGG_008,150
AGAGCCCACACCAGTCAGGG_009,49
AGAGCCCACACCAGTCAGGG_010,159
AGAGCCCACACCAGTCAGGG_011,147
AGAGCCCACACCAGTCAGGG_012,83
AGAGCCCACACCAGTCAGGG_013,168
TTGACCGGAGAAATGCGGAA_001,19
TTGACCGGAGAAATGCGGAA_002,156
TTGACCGGAGAAATGCGGAA_003,121
TTGACCGGAGAAATGCGGAA_004,86
TTGACCGGAGAAATGCGGAA_005,139
TTGACCGGAGAAATGCGGAA_006,193
TTGACCGGAGAAATGCGGAA_007,46
TTGACCGGAGAAATGCGGAA_008,68
TTGACCGGAGAAATGCGGAA_009,94
TGTAAGGCAGCAAGGTAGCG_001,159
TGTAAGGCAGCAAGGTAGCG_002,0
TGTAAGGCAGCAAGGTAGCG_003,16
TGTAAGGCAGCAAGGTAGCG_004,187
TGTAAGGCAGCAAGGTAGCG_005,103
TGTAAGGCAGCAAGGTAGCG_006,197
TGTAAGGCAGCAAGGTAGCG_007,175
CATGGTGTTACGCACCACCG_001,6
CATGGTGTTACGCACCACCG_002,47
CATGGTGTTACGCACCACCG_003,148
CATGGTGTTACGCACCACCG_004,76
CATGGTGTTACGCACCACCG_005,48
CATGGTGTTACGCACCACCG_006,149
CATGGTGTTACGCACCACCG_007,19
CATGGTGTTACGCACCACCG_008,199
CATGGTGTTACGCACCACCG_009,30
CATGGTGTTACGCACCACCG_010,170
CATGGTGTTACGCACCACCG_011,9
CATGGTGTTACGCACCACCG_012,183
AATCGTAGTAAAGCCAAGGA_001,176
GGATCTCTTCATGAAACGAG_001,156
GGATCTCTTCATGAAACGAG_002,72
GGATCTCTTCATGAAACGAG_003,156
CAGGCCCTCTTAATGGCACG_001,193
CAGGCCCTCTTAATGGCACG_002,122
CAGGCCCTCTTAATGGCACG_003,132
CAGGCCCTCTTAATGGCACG_004,64
CAGGCCCTCTTAATGGCACG_005,27
CAGGCCCTCTTAATGGCACG_006,192
CAGGCCCTCTTAATGGCACG_007,145
CAGGCCCTCTTAATGGCACG_008,106
CAGGCCCTCTTAATGGCACG_009,17
CAGGCCCTCTTAATGGCACG_010,34
CAGGCCCTCTTAATGGCACG_011,178
AAGGGCGACAAGGCTCCCGG_001,145
AAGGGCGACAAGGCTCCCGG_002,1
AAGGGCGACAAGGCTCCCGG_003,166
AAGGGCGACAAGGCTCCCGG_004,144
AAGGGCGACAAGGCTCCCGG_005,22
AAGGGCGACAAGGCTCCCGG_006,53
AAGGGCGACAAGGCTCCCGG_007,94
AAGGGCGACAAGGCTCCCGG_008,179
AAGGGCGACAAGGCTCCCGG_009,172
AAGGGCGACAAGGCTCCCGG_010,96
AAGGGCGACAAGGCTCCCGG_011,49
AAGGGCGACAAGGCTCCCGG_012,69
AAGGGCGACAAGGCTCCCGG_013,190
AAGGGCGACAAGGCTCCCGG_014,144
AAGGGCGACAAGGCTCCCGG_015,127
AAGGGCGACAAGGCTCCCGG_016,91
ACTCTCCAGGCTTAACACAG_001,104
ACTCTCCAGGCTTAACACAG_002,135
ACTCTCCAGGCTTAACACAG_003,175
ACTCTCCAGGCTTAACACAG_004,119
ACTCTCCAGGCTTAACACAG_005,7
ACTCTCCAGGCTTAACACAG_006,145
ATCAAGGCAGTGGATTCATG_001,23
ATCAAGGCAGTGGATTCATG_002,158
ATCAAGGCAGTGGATTCATG_003,15
ATCAAGGCAGTGGATTCATG_004,1
ATCAAGGCAGTGGATTCATG_005,29
ATCAAGGCAGTGGATTCATG_006,96
ATCAAGGCAGTGGATTCATG_007,95
ATCAAGGCAGTGGATTCATG_008,137
ATCAAGGCAGTGGATTCATG_009,80
ATCAAGGCAGTGGATTCATG_010,116
ATCAAGGCAGTGGATTCATG_011,180
ATCAAGGCAGTGGATTCATG_012,1
CCTACGGCGCACCCCCGCCG_001,113
CCTACGGCGCACCCCCGCCG_002,181
CCTACGGCGCACCCCCGCCG_003,194
CCTACGGCGCACCCCCGCCG_004,164
GCAAGCCCACGACCTACTTG_001,81
GCAAGCCCACGACCTACTTG_002,172
GCAAGCCCACGACCTACTTG_003,96
GCAAGCCCACGACCTACTTG_004,77
GCAAGCCCACGACCTACTTG_005,15
GCAAGCCCACGACCTACTTG_006,147
GCAAGCCCACGACCTACTTG_007,61
GCAAGCCCACGACCTACTTG_008,40
GCAAGCCCACGACCTACTTG_009,83
GCAAGCCCACGACCTACTTG_010,74
GCAAGCCCACGACCTACTTG_011,111
GCAAGCCCACGACCTACTTG_012,84
GCAAGCCCACGACCTACTTG_013,38
GCAAGCCCACGACCTACTTG_014,123
GCAAGCCCACGACCTACTTG_015,119
GCAAGCCCACGACCTACTTG_016,138
GCAAGCCCACGACCTACTTG_017,8
GCAAGCCCACGACCTACTTG_018,75
GCAAGCCCACGACCTACTTG_019,88
GCAAGCCCACGACCTACTTG_020,188
GCAAGCCCACGACCTACTTG_021,134
GCAAGCCCACGACCTACTTG_022,63
GATGAAGAAGTTATTCAAGA_001,116
TGTACCTGGGAATGAGGCTA_001,148
TGTACCTGGGAATGAGGCTA_002,55
TGTACCTGGGAATGAGGCTA_003,158
TGTACCTGGGAATGAGGCTA_004,166
CAGGCCCGTGAACTTAGCCG_001,183
CAGGCCCGTGAACTTAGCCG_002,157
ACGTGTACAGACATCTGCGC_001,105
ACGTGTACAGACATCTGCGC_002,189
ACGTGTACAGACATCTGCGC_003,103
ACGTGTACAGACATCTGCGC_004,37
ACGTGTACAGACATCTGCGC_005,101
ACGTGTACAGACATCTGCGC_006,57
ACGTGTACAGACATCTGCGC_007,173
AGCACAGCCCCAAAATTCCG_001,170
AGCACAGCCCCAAAATTCCG_002,147
AGCACAGCCCCAAAATTCCG_003,63
AGCACAGCCCCAAAATTCCG_004,181
AGCACAGCCCCAAAATTCCG_005,53
AGCACAGCCCCAAAATTCCG_006,0
AGCACAGCCCCAAAATTCCG_007,159
AGCACAGCCCCAAAATTCCG_008,68
AGCACAGCCCCAAAATTCCG_009,44
AGCACAGCCCCAAAATTCCG_010,9
AGCACAGCCCCAAAATTCCG_011,67
AGCACAGCCCCAAAATTCCG_012,46
AGCACAGCCCCAAAATTCCG_013,89
AGCACAGCCCCAAAATTCCG_014,154
AGCACAGCCCCAAAATTCCG_015,49
AGCACAGCCCCAAAATTCCG_016,127
AGCACAGCCCCAAAATTCCG_017,33
AGCACAGCCCCAAAATTCCG_018,58
AGCACAGCCCCAAAATTCCG_019,119
AGCACAGCCCCAAAATTCCG_020,157
AGCACAGCCCCAAAATTCCG_021,34
AGCACAGCCCCAAAATTCCG_022,28
AGCACAGCCCCAAAATTCCG_023,52
ATATAACCACACATTATAAG_001,50
ATATAACCACACATTATAAG_002,144
ATATAACCACACATTATAAG_003,132
ATATAACCACACATTATAAG_004,192
ATGGTCGTCAGCTTCAATAG_001,51
ATGGTCGTCAGCTTCAATAG_002,49
ATGGTCGTCAGCTTCAATAG_003,20
ATGGTCGTCAGCTTCAATAG_004,8
ATGGTCGTCAGCTTCAATAG_005,106
ATGGTCGTCAGCTTCAATAG_006,6
ATGGTCGTCAGCTTCAATAG_007,72
ATGGTCGTCAGCTTCAATAG_008,58
ATGGTCGTCAGCTTCAATAG_009,123
ATGGTCGTCAGCTTCAATAG_010,24
ATGGTCGTCAGCTTCAATAG_011,36
ATGGTCGTCAGCTTCAATAG_012,121
ATGGTCGTCAGCTTCAATAG_013,17
ATGGTCGTCAGCTTCAATAG_014,20
ATGGTCGTCAGCTTCAATAG_015,115
ATGGTCGTCAGCTTCAATAG_016,49
ATGGTCGTCAGCTTCAATAG_017,96
ATGGTCGTCAGCTTCAATAG_018,144
CAGGTGACCTACGTGCGCAG_001,47
CAGGTGACCTACGTGCGCAG_002,48
CAGGTGACCTACGTGCGCAG_003,162
CAGGTGACCTACGTGCGCAG_004,81
CAGGTGACCTACGTGCGCAG_005,81
CAGGTGACCTACGTGCGCAG_006,184
CAGGTGACCTACGTGCGCAG_007,117
CAGGTGACCTACGTGCGCAG_008,168
CAGGTGACCTACGTGCGCAG_009,103
CAGGTGACCTACGTGCGCAG_010,34
CAGGTGACCTACGTGCGCAG_011,118
CTTGCATCCCGAGTCCAACG_001,5
CTTGCATCCCGAGTCCAACG_002,26
CTTGCATCCCGAGTCCAACG_003,63
CTTGCATCCCGAGTCCAACG_004,19
CTTGCATCCCGAGTCCAACG_005,182
CTTGCATCCCGAGTCCAACG_006,137
CTTGCATCCCGAGTCCAACG_007,68
CTTGCATCCCGAGTCCAACG_008,166
CTTGCATCCCGAGTCCAACG_009,26
GCATTCGCATGACAGATGGA_001,88
GCATTCGCATGACAGATGGA_002,48
GCATTCGCATGACAGATGGA_003,42
GCATTCGCATGACAGATGGA_004,116
GCATTCGCATGACAGATGGA_005,116
GCATTCGCATGACAGATGGA_006,173
GGGTGAACCTGAAAATGTGT_001,48
GGGTGAACCTGAAAATGTGT_002,28
GGGTGAACCTGAAAATGTGT_003,168
GAGAGTGCTGGACTCCTACG_001,158
GAGAGTGCTGGACTCCTACG_002,144
GAGAGTGCTGGACTCCTACG_003,78
GAGAGTGCTGGACTCCTACG_004,180
GAGAGTGCTGGACTCCTACG_005,128
GAGAGTGCTGGACTCCTACG_006,105
GAGAGTGCTGGACTCCTACG_007,58
GAGAGTGCTGGACTCCTACG_008,169
GAGAGTGCTGGACTCCTACG_009,135
GAGAGTGCTGGACTCCTACG_010,180
GAGAGTGCTGGACTCCTACG_011,25
GAGAGTGCTGGACTCCTACG_012,2
GAGAGTGCTGGACTCCTACG_013,26
GAGAGTGCTGGACTCCTACG_014,174
GAGAGTGCTGGACTCCTACG_015,67
GAGAGTGCTGGACTCCTACG_016,94
GAGAGTGCTGGACTCCTACG_017,130
CTTCATCGTTTATAAAATCC_001,82
CTTCATCGTTTATAAAATCC_002,157
CAAACAAACAAGGTTCCTTG_001,160
CAAACAAACAAGGTTCCTTG_002,194
CAAACAAACAAGGTTCCTTG_003,60
CAAACAAACAAGGTTCCTTG_004,125
CAAACAAACAAGGTTCCTTG_005,116
CAAACAAACAAGGTTCCTTG_006,113
CAAACAAACAAGGTTCCTTG_007,155
CAAACAAACAAGGTTCCTTG_008,151
CAAACAAACAAGGTTCCTTG_009,34
CAAACAAACAAGGTTCCTTG_010,121
CAAACAAACAAGGTTCCTTG_011,197
CAAACAAACAAGGTTCCTTG_012,172
CAAACAAACAAGGTTCCTTG_013,9
CAAACAAACAAGGTTCCTTG_014,15
CAAACAAACAAGGTTCCTTG_015,10
CAAACAAACAAGGTTCCTTG_016,53
CAAACAAACAAGGTTCCTTG_017,151
CAAACAAACAAGGTTCCTTG_018,99
GCGTCCCTTACCTGTGGTGC_001,69
GCGTCCCTTACCTGTGGTGC_002,22
GCGTCCCTTACCTGTGGTGC_003,22
GCGTCCCTTACCTGTGGTGC_004,14
GCGTCCCTTACCTGTGGTGC_005,199
GCGTCCCTTACCTGTGGTGC_006,10
GGAAGTGCTGAATGCAATAG_001,98
GGAAGTGCTGAATGCAATAG_002,105
GGAAGTGCTGAATGCAATAG_003,11
GGAAGTGCTGAATGCAATAG_004,19
TAGATGCCGCCTTCCCAGGT_001,69
TAGATGCCGCCTTCCCAGGT_002,144
TAGATGCCGCCTTCCCAGGT_003,44
GTCGCATCCAGAGAGCTGAT_001,186
GTCGCATCCAGAGAGCTGAT_002,87
GTCGCATCCAGAGAGCTGAT_003,87
GTCGCATCCAGAGAGCTGAT_004,102
GTCGCATCCAGAGAGCTGAT_005,40
GTCGCATCCAGAGAGCTGAT_006,176
GTCGCATCCAGAGAGCTGAT_007,60
GTCGCATCCAGAGAGCTGAT_008,106
TGCCGACATTCCTCCCATCG_001,122
ACTGTCTTTCTTTACACTTG_001,130
ACTGTCTTTCTTTACACTTG_002,160
ACTGTCTTTCTTTACACTTG_003,73
ACTGTCTTTCTTTACACTTG_004,105
ACTGTCTTTCTTTACACTTG_005,85
ACTGTCTTTCTTTACACTTG_006,177
ACTGTCTTTCTTTACACTTG_007,150
ACTGTCTTTCTTTACACTTG_008,27
TTATGATGGGAAAGTACACG_001,181
TTATGATGGGAAAGTACACG_002,134
TTATGATGGGAAAGTACACG_003,65
TTATGATGGGAAAGTACACG_004,106
TTATGATGGGAAAGTACACG_005,77
GATCGCTATAACCACTGCAA_001,119
GATCGCTATAACCACTGCAA_002,22
GATCGCTATAACCACTGCAA_003,168
GATCGCTATAACCACTGCAA_004,191
GATCGCTATAACCACTGCAA_005,101
GATCGCTATAACCACTGCAA_006,35
GATCGCTATAACCACTGCAA_007,48
ATACACTTAAAGATCACATG_001,1
ATACACTTAAAGATCACATG_002,34
ATACACTTAAAGATCACATG_003,126
ATACACTTAAAGATCACATG_004,38
ATACACTTAAAGATCACATG_005,76
ATACACTTAAAGATCACATG_006,103
ATACACTTAAAGATCACATG_007,113
ATACACTTAAAGATCACATG_008,85
ATACACTTAAAGATCACATG_009,151
ATACACTTAAAGATCACATG_010,68
ATACACTTAAAGATCACATG_011,187
ATACACTTAAAGATCACATG_012,65
ATACACTTAAAGATCACATG_013,88
ATACACTTAAAGATCACATG_014,66
ATACACTTAAAGATCACATG_015,55
ATACACTTAAAGATCACATG_016,70
ATACACTTAAAGATCACATG_017,127
ATACACTTAAAGATCACATG_018,78
ATACACTTAAAGATCACATG_019,3
CTGGAGCAGGTATACATCCG_001,135
ATGACAGGGGCAATTACGTA_001,167
ATGACAGGGGCAATTACGTA_002,149
ATGACAGGGGCAATTACGTA_003,78
ATGACAGGGGCAATTACGTA_004,10
ATGACAGGGGCAATTACGTA_005,27
ATGACAGGGGCAATTACGTA_006,115
ATGACAGGGGCAATTACGTA_007,52
ATGACAGGGGCAATTACGTA_008,127
ATGACAGGGGCAATTACGTA_009,50
ATGACAGGGGCAATTACGTA_010,149
ATGACAGGGGCAATTACGTA_011,48
ATGACAGGGGCAATTACGTA_012,0
ATGACAGGGGCAATTACGTA_013,198
ATGACAGGGGCAATTACGTA_014,59
ATGACAGGGGCAATTACGTA_015,121
ATGACAGGGGCAATTACGTA_016,26
ATGACAGGGGCAATTACGTA_017,78
ATGACAGGGGCAATTACGTA_018,166
ATGACAGGGGCAATTACGTA_019,197
AAGCACGGAAGTACTCACGT_001,104
AAGCACGGAAGTACTCACGT_002,101
AAGCACGGAAGTACTCACGT_003,45
AAGCACGGAAGTACTCACGT_004,13
AAGCACGGAAGTACTCACGT_005,15
AAGCACGGAAGTACTCACGT_006,69
AAGCACGGAAGTACTCACGT_007,194
AAGCACGGAAGTACTCACGT_008,150
AAGCACGGAAGTACTCACGT_009,139
AAGCACGGAAGTACTCACGT_010,85
AAGCACGGAAGTACTCACGT_011,137
AAGCACGGAAGTACTCACGT_012,176
AAGCACGGAAGTACTCACGT_013,174
AAGCACGGAAGTACTCACGT_014,3
AAGCACGGAAGTACTCACGT_015,68
AAGCACGGAAGTACTCACGT_016,61
AAGCACGGAAGTACTCACGT_017,91
AAGCACGGAAGTACTCACGT_018,141
GCTACCAGAGTGTCACCGCG_001,81
GCTACCAGAGTGTCACCGCG_002,175
GCTACCAGAGTGTCACCGCG_003,67
GCTACCAGAGTGTCACCGCG_004,107
GCTACCAGAGTGTCACCGCG_005,45
GCTACCAGAGTGTCACCGCG_006,5
GCTACCAGAGTGTCACCGCG_007,103
GCTACCAGAGTGTCACCGCG_008,1
TGGTCAGGGACACGGCCCCG_001,50
TGGTCAGGGACACGGCCCCG_002,178
TGGTCAGGGACACGGCCCCG_003,115
TGGTCAGGGACACGGCCCCG_004,9
TGGTCAGGGACACGGCCCCG_005,98
TGGTCAGGGACACGGCCCCG_006,145
TGGTCAGGGACACGGCCCCG_007,145
TGGTCAGGGACACGGCCCCG_008,158
TGGTCAGGGACACGGCCCCG_009,198
TGGTCAGGGACACGGCCCCG_010,119
TGGTCAGGGACACGGCCCCG_011,185
TGGTCAGGGACACGGCCCCG_012,40
TGGTCAGGGACACGGCCCCG_013,90
TGGTCAGGGACACGGCCCCG_014,81
TGGTCAGGGACACGGCCCCG_015,83
TGGTCAGGGACACGGCCCCG_016,33
TGGTCAGGGACACGGCCCCG_017,33
TCACGCAATCTGGAGCGCTC_001,80
TCACGCAATCTGGAGCGCTC_002,84
GGGTTAGACTTGTGCAACCA_001,150
GGGTTAGACTTGTGCAACCA_002,3
GGGTTAGACTTGTGCAACCA_003,5
GGGTTAGACTTGTGCAACCA_004,11
GGGTTAGACTTGTGCAACCA_005,154
GGGTTAGACTTGTGCAACCA_006,198
GGGTTAGACTTGTGCAACCA_007,184
GGGTTAGACTTGTGCAACCA_008,158
GGGTTAGACTTGTGCAACCA_009,149
GGGTTAGACTTGTGCAACCA_010,61
GGGTTAGACTTGTGCAACCA_011,156
GGGTTAGACTTGTGCAACCA_012,125
ATATAATCCTGAGCAACCCA_001,148
CTCGGGTCCCAAGATCACGT_001,184
CTCGGGTCCCAAGATCACGT_002,16
GCTCGGGCAGCTAGATATCG_001,134
GCTCGGGCAGCTAGATATCG_002,189
GCTCGGGCAGCTAGATATCG_003,18
GCTCGGGCAGCTAGATATCG_004,119
AAAGTGCTTCCCGACAGACA_001,82
AAAGTGCTTCCCGACAGACA_002,158
AAAGTGCTTCCCGACAGACA_003,169
AAAGTGCTTCCCGACAGACA_004,65
AAAGTGCTTCCCGACAGACA_005,174
AAAGTGCTTCCCGACAGACA_006,104
AAAGTGCTTCCCGACAGACA_007,171
AAAGTGCTTCCCGACAGACA_008,135
AAAGTGCTTCCCGACAGACA_009,135
AAAGTGCTTCCCGACAGACA_010,131
GGGTAAATCTGACATCCCCA_001,40
GGGTAAATCTGACATCCCCA_002,147
GGGTAAATCTGACATCCCCA_003,119
GGGTAAATCTGACATCCCCA_004,85
GGGTAAATCTGACATCCCCA_005,25
GGGTAAATCTGACATCCCCA_006,127
AGCCGAGTCGTATCAAGGAG_001,188
AGCCGAGTCGTATCAAGGAG_002,9
AGCCGAGTCGTATCAAGGAG_003,75
AGCCGAGTCGTATCAAGGAG_004,192
TTCCAAGACATGATGGGCCA_001,39
TTCCAAGACATGATGGGCCA_002,81
TTCCAAGACATGATGGGCCA_003,1
TTCCAAGACATGATGGGCCA_004,19
TTCCAAGACATGATGGGCCA_005,10
TTCCAAGACATGATGGGCCA_006,118
ACTCAGTTCATGTTCCGCCG_001,17
ACTCAGTTCATGTTCCGCCG_002,48
ACTCAGTTCATGTTCCGCCG_003,119
ACTCAGTTCATGTTCCGCCG_004,106
ACTCAGTTCATGTTCCGCCG_005,149
ACTCAGTTCATGTTCCGCCG_006,126
ACTCAGTTCATGTTCCGCCG_007,176
ACTCAGTTCATGTTCCGCCG_008,140
ACTCAGTTCATGTTCCGCCG_009,98
ACTCAGTTCATGTTCCGCCG_010,104
ACTCAGTTCATGTTCCGCCG_011,43
ACTCAGTTCATGTTCCGCCG_012,76
ACTCAGTTCATGTTCCGCCG_013,197
ACTCAGTTCATGTTCCGCCG_014,67
TTTGGGCATGAACCATGATG_001,142
TTTGGGCATGAACCATGATG_002,158
TTTGGGCATGAACCATGATG_003,134
TTTGGGCATGAACCATGATG_004,4
AGATCAGCTTCAATGTCCTG_001,40
AGATCAGCTTCAATGTCCTG_002,64
GGGGCTGGGCAGAATAAACA_001,34
GGGGCTGGGCAGAATAAACA_002,184
CTCGCAAGCGCTGATCAGAA_001,15
CTCGCAAGCGCTGATCAGAA_002,4
CTCGCAAGCGCTGATCAGAA_003,1
CTCGCAAGCGCTGATCAGAA_004,184
CTCGCAAGCGCTGATCAGAA_005,28
CTCGCAAGCGCTGATCAGAA_006,42
CTCACAGGCTCAACTCGGGG_001,43
CTCACAGGCTCAACTCGGGG_002,12
CTCACAGGCTCAACTCGGGG_003,60
CTCACAGGCTCAACTCGGGG_004,1
CTCACAGGCTCAACTCGGGG_005,155
CTCACAGGCTCAACTCGGGG_006,58
CTCACAGGCTCAACTCGGGG_007,70
CTCACAGGCTCAACTCGGGG_008,181
CTCACAGGCTCAACTCGGGG_009,121
CTCACAGGCTCAACTCGGGG_010,35
CTCACAGGCTCAACTCGGGG_011,15
CTCACAGGCTCAACTCGGGG_012,27
CTCACAGGCTCAACTCGGGG_013,170
CTCACAGGCTCAACTCGGGG_014,11
CTCACAGGCTCAACTCGGGG_015,62
CTCACAGGCTCAACTCGGGG_016,156
CTCACAGGCTCAACTCGGGG_017,100
CTCACAGGCTCAACTCGGGG_018,158
CTCACAGGCTCAACTCGGGG_019,123
GGAGGGCCTAGACCTAGACG_001,169
GGAGGGCCTAGACCTAGACG_002,2
GGAGGGCCTAGACCTAGACG_003,6
GGAGGGCCTAGACCTAGACG_004,113
GGAGGGCCTAGACCTAGACG_005,9
CATTCATGAAGATCGATGAT_001,142
CATTCATGAAGATCGATGAT_002,56
CATTCATGAAGATCGATGAT_003,65
CATTCATGAAGATCGATGAT_004,65
CATTCATGAAGATCGATGAT_005,115
CATTCATGAAGATCGATGAT_006,115
CATTCATGAAGATCGATGAT_007,127
CATTCATGAAGATCGATGAT_008,29
CATTCATGAAGATCGATGAT_009,160
TCAACTTACAAGATAGTGCA_001,134
TCAACTTACAAGATAGTGCA_002,71
TCAACTTACAAGATAGTGCA_003,178
TCAACTTACAAGATAGTGCA_004,97
TCAACTTACAAGATAGTGCA_005,33
TCAACTTACAAGATAGTGCA_006,65
TCAACTTACAAGATAGTGCA_007,49
TCAACTTACAAGATAGTGCA_008,10
TCAACTTACAAGATAGTGCA_009,19
TCAACTTACAAGATAGTGCA_010,9
ATGGAATGGAGACATTAAAG_001,158
ATGGAATGGAGACATTAAAG_002,140
AGCCCGCCACAGAATAGCTG_001,138
AGCCCGCCACAGAATAGCTG_002,38
AGCCCGCCACAGAATAGCTG_003,187
AGCCCGCCACAGAATAGCTG_004,28
AGCCCGCCACAGAATAGCTG_005,188
AGCCCGCCACAGAATAGCTG_006,146
AGCCCGCCACAGAATAGCTG_007,194
AGCCCGCCACAGAATAGCTG_008,108
AGCCCGCCACAGAATAGCTG_009,135
AGCCCGCCACAGAATAGCTG_010,95
AGCCCGCCACAGAATAGCTG_011,171
AGCCCGCCACAGAATAGCTG_012,58
AGCCCGCCACAGAATAGCTG_013,102
AGCCCGCCACAGAATAGCTG_014,58
AGCCCGCCACAGAATAGCTG_015,43
AGCCCGCCACAGAATAGCTG_016,0
AGCCCGCCACAGAATAGCTG_017,199
AGCCCGCCACAGAATAGCTG_018,20
AGCCCGCCACAGAATAGCTG_019,88
AGCCCGCCACAGAATAGCTG_020,43
AGCCCGCCACAGAATAGCTG_021,198
AGCCCGCCACAGAATAGCTG_022,50
AGCCCGCCACAGAATAGCTG_023,48
AGCCCGCCACAGAATAGCTG_024,30
AGCCCGCCACAGAATAGCTG_025,86
AGCCCGCCACAGAATAGCTG_026,129
AGCCCGCCACAGAATAGCTG_027,53
AGCCCGCCACAGAATAGCTG_028,60
AGCCCGCCACAGAATAGCTG_029,7
AGCCCGCCACAGAATAGCTG_030,115
AGCCCGCCACAGAATAGCTG_031,94
AGCCCGCCACAGAATAGCTG_032,146
AGCCCGCCACAGAATAGCTG_033,145
AGCCCGCCACAGAATAGCTG_034,170
AGCCCGCCACAGAATAGCTG_035,150
AGCCCGCCACAGAATAGCTG_036,1
AGCCCGCCACAGAATAGCTG_037,88
AGCCCGCCACAGAATAGCTG_038,158
AGCCCGCCACAGAATAGCTG_039,146
AGCCCGCCACAGAATAGCTG_040,199
AGCCCGCCACAGAATAGCTG_041,127
AGCCCGCCACAGAATAGCTG_042,147
AGCCCGCCACAGAATAGCTG_043,29
AGCCCGCCACAGAATAGCTG_044,172
AGCCCGCCACAGAATAGCTG_045,198
AGCCCGCCACAGAATAGCTG_046,103
AGCCCGCCACAGAATAGCTG_047,148
GTCCACGTGAGTATTGAAGT_001,170
GTCCACGTGAGTATTGAAGT_002,103
TGGATGGAAAAGCGACACCG_001,80
TGGATGGAAAAGCGACACCG_002,149
TGGATGGAAAAGCGACACCG_003,150
TGGATGGAAAAGCGACACCG_004,113
TGGATGGAAAAGCGACACCG_005,11
TGGATGGAAAAGCGACACCG_006,118
TGGATGGAAAAGCGACACCG_007,115
TGGATGGAAAAGCGACACCG_008,58
TGGATGGAAAAGCGACACCG_009,84
TGGATGGAAAAGCGACACCG_010,88
TGGATGGAAAAGCGACACCG_011,38
TGGATGGAAAAGCGACACCG_012,5
TGGATGGAAAAGCGACACCG_013,129
TGGATGGAAAAGCGACACCG_014,83
TGGATGGAAAAGCGACACCG_015,147
TGGATGGAAAAGCGACACCG_016,22
TGGATGGAAAAGCGACACCG_017,8
TGGATGGAAAAGCGACACCG_018,170
TGGATGGAAAAGCGACACCG_019,74
TGGATGGAAAAGCGACACCG_020,2
TGGATGGAAAAGCGACACCG_021,172
TGGATGGAAAAGCGACACCG_022,139
TGGATGGAAAAGCGACACCG_023,103
TGGATGGAAAAGCGACACCG_024,25
TGGATGGAAAAGCGACACCG_025,168
TGGATGGAAAAGCGACACCG_026,137
TGGATGGAAAAGCGACACCG_027,105
TGGATGGAAAAGCGACACCG_028,191
TGGATGGAAAAGCGACACCG_029,10
ATTCGACCGACTGTTGTCCA_001,160
ATTCGACCGACTGTTGTCCA_002,94
ATTCGACCGACTGTTGTCCA_003,112
ATTCGACCGACTGTTGTCCA_004,9
CTGAACCAACATTCCTCCTG_001,76
CTGAACCAACATTCCTCCTG_002,94
CTGAACCAACATTCCTCCTG_003,191
CTGAACCAACATTCCTCCTG_004,137
CTGAACCAACATTCCTCCTG_005,97
CTGAACCAACATTCCTCCTG_006,148
CTGAACCAACATTCCTCCTG_007,38
CTGAACCAACATTCCTCCTG_008,129
CTGAACCAACATTCCTCCTG_009,16
CTGAACCAACATTCCTCCTG_010,116
CTGAACCAACATTCCTCCTG_011,83
CTGAACCAACATTCCTCCTG_012,142
CTGAACCAACATTCCTCCTG_013,33
CTGAACCAACATTCCTCCTG_014,33
CTGAACCAACATTCCTCCTG_015,3
CTGAACCAACATTCCTCCTG_016,29
CATTGTAATATTAACAGTCA_001,13
CATTGTAATATTAACAGTCA_002,74
CATTGTAATATTAACAGTCA_003,78
CATTGTAATATTAACAGTCA_004,92
CATTGTAATATTAACAGTCA_005,35
TAGGTGGTAACTGCTCCGAA_001,77
TAGGTGGTAACTGCTCCGAA_002,162
TCACTGCGAAACCTGCTCGA_001,81
TCACTGCGAAACCTGCTCGA_002,96
TCACTGCGAAACCTGCTCGA_003,26
TCACTGCGAAACCTGCTCGA_004,175
TCACTGCGAAACCTGCTCGA_005,44
TCACTGCGAAACCTGCTCGA_006,102
TCACTGCGAAACCTGCTCGA_007,96
TCACTGCGAAACCTGCTCGA_008,8
TCACTGCGAAACCTGCTCGA_009,134
TCACTGCGAAACCTGCTCGA_010,150
TCACTGCGAAACCTGCTCGA_011,49
TCACTGCGAAACCTGCTCGA_012,149
TCACTGCGAAACCTGCTCGA_013,169
TCACTGCGAAACCTGCTCGA_014,162
TTCCCACACAAATTTGTGAG_001,46
TTCCCACACAAATTTGTGAG_002,160
TTCCCACACAAATTTGTGAG_003,191
TTCCCACACAAATTTGTGAG_004,10
TTCCCACACAAATTTGTGAG_005,186
TTCCCACACAAATTTGTGAG_006,148
TTCCCACACAAATTTGTGAG_007,190
TTCCCACACAAATTTGTGAG_008,36
TTCCCACACAAATTTGTGAG_009,50
TTCCCACACAAATTTGTGAG_010,27
TTCCCACACAAATTTGTGAG_011,106
TTCCCACACAAATTTGTGAG_012,191
ACAAGTGTGCCCAGTCAAGG_001,91
ACAAGTGTGCCCAGTCAAGG_002,1
ACAAGTGTGCCCAGTCAAGG_003,141
ACAAGTGTGCCCAGTCAAGG_004,60
ACAAGTGTGCCCAGTCAAGG_005,12
ACAAGTGTGCCCAGTCAAGG_006,148
ACAAGTGTGCCCAGTCAAGG_007,169
ACAAGTGTGCCCAGTCAAGG_008,87
ACAAGTGTGCCCAGTCAAGG_009,131
GGGACTCAATTGGCACACTG_001,76
GGGACTCAATTGGCACACTG_002,184
GGGACTCAATTGGCACACTG_003,198
GGGACTCAATTGGCACACTG_004,170
GGGACTCAATTGGCACACTG_005,66
GGGACTCAATTGGCACACTG_006,199
GGGACTCAATTGGCACACTG_007,12
GGGACTCAATTGGCACACTG_008,145
GGGACTCAATTGGCACACTG_009,50
GGGACTCAATTGGCACACTG_010,170
GGGACTCAATTGGCACACTG_011,26
GGGACTCAATTGGCACACTG_012,103
GGGACTCAATTGGCACACTG_013,119
GGGACTCAATTGGCACACTG_014,88
GGGACTCAATTGGCACACTG_015,137
GGGACTCAATTGGCACACTG_016,120
GGGACTCAATTGGCACACTG_017,155
GGGACTCAATTGGCACACTG_018,15
GGGACTCAATTGGCACACTG_019,33
GGGACTCAATTGGCACACTG_020,118
GGGACTCAATTGGCACACTG_021,77
GGGACTCAATTGGCACACTG_022,170
CAGCCTCTGCCAATCCATGT_001,100
CAGCCTCTGCCAATCCATGT_002,178
CAGCCTCTGCCAATCCATGT_003,102
CAGCCTCTGCCAATCCATGT_004,26
CAGCCTCTGCCAATCCATGT_005,92
CAGCCTCTGCCAATCCATGT_006,152
CAGCCTCTGCCAATCCATGT_007,130
CAGCCTCTGCCAATCCATGT_008,136
AAGACAAATGGATGTTCTCT_001,137
AAGACAAATGGATGTTCTCT_002,179
AAGACAAATGGATGTTCTCT_003,6
AGGGCCGGCCATAGTTCACG_001,68
GCAACACGACAGGTACCCTG_001,128
GCAACACGACAGGTACCCTG_002,10
GCAACACGACAGGTACCCTG_003,38
GCAACACGACAGGTACCCTG_004,116
GCAACACGACAGGTACCCTG_005,173
GCAACACGACAGGTACCCTG_006,173
GCAACACGACAGGTACCCTG_007,52
GCAACACGACAGGTACCCTG_008,68
GCAACACGACAGGTACCCTG_009,122
GCAACACGACAGGTACCCTG_010,188
GCAACACGACAGGTACCCTG_011,21
TGAGATCAGGAGTGAGAACG_001,176
TGAGATCAGGAGTGAGAACG_002,34
TGAGATCAGGAGTGAGAACG_003,118
CGTCTTCCCACTGGACATCG_001,54
CGTCTTCCCACTGGACATCG_002,78
GCGCCGGTTCGCCTCCATCG_001,0
GCGCCGGTTCGCCTCCATCG_002,6
GCGCCGGTTCGCCTCCATCG_003,119
GCGCCGGTTCGCCTCCATCG_004,37
GCGCCGGTTCGCCTCCATCG_005,24
GCGCCGGTTCGCCTCCATCG_006,69
GCGCCGGTTCGCCTCCATCG_007,8
ACGTAGCCGAAGTAGTGTGC_001,133
ACGTAGCCGAAGTAGTGTGC_002,122
ACGTAGCCGAAGTAGTGTGC_003,38
ACGTAGCCGAAGTAGTGTGC_004,75
ACGTAGCCGAAGTAGTGTGC_005,155
ACGTAGCCGAAGTAGTGTGC_006,177
ACGTAGCCGAAGTAGTGTGC_007,116
ACGTAGCCGAAGTAGTGTGC_008,47
ACGTAGCCGAAGTAGTGTGC_009,196
ACGTAGCCGAAGTAGTGTGC_010,19
ACGTAGCCGAAGTAGTGTGC_011,1
ACGTAGCCGAAGTAGTGTGC_012,25
ACGTAGCCGAAGTAGTGTGC_013,40
ACCTGATGGATACCCCCGGG_001,146
ACCTGATGGATACCCCCGGG_002,102
ACCTGATGGATACCCCCGGG_003,191
ACCTGATGGATACCCCCGGG_004,49
ACCTGATGGATACCCCCGGG_005,105
ACCTGATGGATACCCCCGGG_006,118
ACCTGATGGATACCCCCGGG_007,80
ACCTGATGGATACCCCCGGG_008,153
ACCTGATGGATACCCCCGGG_009,60
ACCTGATGGATACCCCCGGG_010,77
CTATAAACCCATGAGATGCC_001,183
TGATGAGAAGGGAGCACGTG_001,51
TGATGAGAAGGGAGCACGTG_002,50
TGATGAGAAGGGAGCACGTG_003,84
TGATGAGAAGGGAGCACGTG_004,49
TGATGAGAAGGGAGCACGTG_005,138
TGATGAGAAGGGAGCACGTG_006,169
TGATGAGAAGGGAGCACGTG_007,170
TGATGAGAAGGGAGCACGTG_008,175
TGATGAGAAGGGAGCACGTG_009,15
TGATGAGAAGGGAGCACGTG_010,124
TGATGAGAAGGGAGCACGTG_011,158
TGATGAGAAGGGAGCACGTG_012,107
TGATGAGAAGGGAGCACGTG_013,178
TGATGAGAAGGGAGCACGTG_014,140
TGATGAGAAGGGAGCACGTG_015,2
TGATGAGAAGGGAGCACGTG_016,146
ACTGCACCAAGATGTAAATG_001,142
ACTGCACCAAGATGTAAATG_002,151
ACTGCACCAAGATGTAAATG_003,93
ACTGCACCAAGATGTAAATG_004,6
ACTGCACCAAGATGTAAATG_005,96
ACTGCACCAAGATGTAAATG_006,196
ACTGCACCAAGATGTAAATG_007,19
ACCATAGAATTAGCGTGCAG_001,149
ACCATAGAATTAGCGTGCAG_002,88
ACCATAGAATTAGCGTGCAG_003,123
ACCATAGAATTAGCGTGCAG_004,94
ACCATAGAATTAGCGTGCAG_005,127
ACCATAGAATTAGCGTGCAG_006,141
ACCATAGAATTAGCGTGCAG_007,95
ACCATAGAATTAGCGTGCAG_008,145
ACCATAGAATTAGCGTGCAG_009,52
ACCATAGAATTAGCGTGCAG_010,59
ACCATAGAATTAGCGTGCAG_011,50
ACCATAGAATTAGCGTGCAG_012,12
ACCATAGAATTAGCGTGCAG_013,6
ACCATAGAATTAGCGTGCAG_014,125
ACCATAGAATTAGCGTGCAG_015,182
ACCATAGAATTAGCGTGCAG_016,48
ACCATAGAATTAGCGTGCAG_017,11
ACCATAGAATTAGCGTGCAG_018,3
GGCCAACAACATACTTGTCG_001,72
CCCGGCGCGCCCAATGCGTG_001,8
CCCGGCGCGCCCAATGCGTG_002,12
CCCGGCGCGCCCAATGCGTG_003,54
CCCGGCGCGCCCAATGCGTG_004,29
CCCGGCGCGCCCAATGCGTG_005,188
CCCGGCGCGCCCAATGCGTG_006,80
CCCGGCGCGCCCAATGCGTG_007,47
CCCGGCGCGCCCAATGCGTG_008,5
CCCGGCGCGCCCAATGCGTG_009,30
CCCGGCGCGCCCAATGCGTG_010,105
CCCGGCGCGCCCAATGCGTG_011,176
CCCGGCGCGCCCAATGCGTG_012,8
CCCGGCGCGCCCAATGCGTG_013,176
CCCGGCGCGCCCAATGCGTG_014,184
CCCGGCGCGCCCAATGCGTG_015,1
CCCGGCGCGCCCAATGCGTG_016,41
CCCGGCGCGCCCAATGCGTG_017,136
CCCGGCGCGCCCAATGCGTG_018,152
CCCGGCGCGCCCAATGCGTG_019,48
CCCGGCGCGCCCAATGCGTG_020,56
ATGGAGACATCTTCGAGTTG_001,69
ATGGAGACATCTTCGAGTTG_002,129
ATGGAGACATCTTCGAGTTG_003,52
ATGGAGACATCTTCGAGTTG_004,47
ATGGAGACATCTTCGAGTTG_005,14
GCGCGCTCGCATCCCCAAGA_001,98
GCGCGCTCGCATCCCCAAGA_002,55
GCGCGCTCGCATCCCCAAGA_003,175
GCGCGCTCGCATCCCCAAGA_004,101
GCGCGCTCGCATCCCCAAGA_005,118
GCGCGCTCGCATCCCCAAGA_006,78
GCGCGCTCGCATCCCCAAGA_007,150
GCGCGCTCGCATCCCCAAGA_008,114
GCGCGCTCGCATCCCCAAGA_009,48
GCGCGCTCGCATCCCCAAGA_010,77
GCGCGCTCGCATCCCCAAGA_011,65
GCGCGCTCGCATCCCCAAGA_012,36
GCGCGCTCGCATCCCCAAGA_013,108
ACTACAACTAGTACTAAGTG_001,132
ACTACAACTAGTACTAAGTG_002,170
ACTACAACTAGTACTAAGTG_003,170
TAAAATCCTTGATCCCAGAG_001,97
TAAAATCCTTGATCCCAGAG_002,6
TAAAATCCTTGATCCCAGAG_003,36
TAAAATCCTTGATCCCAGAG_004,66
CATCATGAAGATCGGCATCG_001,161
CATCATGAAGATCGGCATCG_002,41
CATCATGAAGATCGGCATCG_003,8
CATCATGAAGATCGGCATCG_004,28
CATCATGAAGATCGGCATCG_005,24
CATCATGAAGATCGGCATCG_006,167
CATCATGAAGATCGGCATCG_007,167
CATCATGAAGATCGGCATCG_008,104
CATCATGAAGATCGGCATCG_009,2
CATCATGAAGATCGGCATCG_010,2
CATCATGAAGATCGGCATCG_011,39
CATCATGAAGATCGGCATCG_012,152
CATCATGAAGATCGGCATCG_013,152
CATCATGAAGATCGGCATCG_014,149
CATCATGAAGATCGGCATCG_015,151
CATCATGAAGATCGGCATCG_016,72
AGAGCTCCACCACTGAGAGT_001,153
AGAGCTCCACCACTGAGAGT_002,160
AGAGCTCCACCACTGAGAGT_003,75
AGAGCTCCACCACTGAGAGT_004,163
AGAGCTCCACCACTGAGAGT_005,186
AGAGCTCCACCACTGAGAGT_006,14
AGAGCTCCACCACTGAGAGT_007,52
AGAGCTCCACCACTGAGAGT_008,40
AGAGCTCCACCACTGAGAGT_009,8
AGAGCTCCACCACTGAGAGT_010,170
AGAGCTCCACCACTGAGAGT_011,78
AGAGCTCCACCACTGAGAGT_012,168
AGAGCTCCACCACTGAGAGT_013,3
AGAGCTCCACCACTGAGAGT_014,17
AGAGCTCCACCACTGAGAGT_015,123
GTGCTCCTTTAAGTAAACGA_001,162
GTGCTCCTTTAAGTAAACGA_002,8
GTGCTCCTTTAAGTAAACGA_003,46
GCCACGTAGGCCCTCCACGG_001,148
GCCACGTAGGCCCTCCACGG_002,9
GCCACGTAGGCCCTCCACGG_003,154
GCCACGTAGGCCCTCCACGG_004,137
GCCACGTAGGCCCTCCACGG_005,77
GCCACGTAGGCCCTCCACGG_006,144
GCCACGTAGGCCCTCCACGG_007,25
GCCACGTAGGCCCTCCACGG_008,119
GCCACGTAGGCCCTCCACGG_009,170
GCCACGTAGGCCCTCCACGG_010,145
GCCACGTAGGCCCTCCACGG_011,188
GCCACGTAGGCCCTCCACGG_012,188
GCCACGTAGGCCCTCCACGG_013,168
GCCACGTAGGCCCTCCACGG_014,146
GCCACGTAGGCCCTCCACGG_015,155
GCCACGTAGGCCCTCCACGG_016,35
GCCACGTAGGCCCTCCACGG_017,124
GCCACGTAGGCCCTCCACGG_018,185
GCCACGTAGGCCCTCCACGG_019,166
GCCACGTAGGCCCTCCACGG_020,34
GCCACGTAGGCCCTCCACGG_021,101
GCCACGTAGGCCCTCCACGG_022,22
GCCACGTAGGCCCTCCACGG_023,104
GCCACGTAGGCCCTCCACGG_024,6
GCCACGTAGGCCCTCCACGG_025,157
GCCACGTAGGCCCTCCACGG_026,37
GGATACATGACTGCATAGAG_001,40
AAATCCGGCCAGGTCGACTG_001,13
AAATCCGGCCAGGTCGACTG_002,48
AAATCCGGCCAGGTCGACTG_003,2
AAATCCGGCCAGGTCGACTG_004,1
AAATCCGGCCAGGTCGACTG_005,61
AAATCCGGCCAGGTCGACTG_006,47
AAATCCGGCCAGGTCGACTG_007,63
AAATCCGGCCAGGTCGACTG_008,2
AAATCCGGCCAGGTCGACTG_009,148
AAATCCGGCCAGGTCGACTG_010,25
AAATCCGGCCAGGTCGACTG_011,151
AAATCCGGCCAGGTCGACTG_012,88
AAATCCGGCCAGGTCGACTG_013,35
AAATCCGGCCAGGTCGACTG_014,172
AAATCCGGCCAGGTCGACTG_015,151
AAATCCGGCCAGGTCGACTG_016,150
AAATCCGGCCAGGTCGACTG_017,169
AAATCCGGCCAGGTCGACTG_018,74
AAATCCGGCCAGGTCGACTG_019,177
AAATCCGGCCAGGTCGACTG_020,86
AAATCCGGCCAGGTCGACTG_021,40
AAATCCGGCCAGGTCGACTG_022,188
AAATCCGGCCAGGTCGACTG_023,115
AAATCCGGCCAGGTCGACTG_024,166
AAATCCGGCCAGGTCGACTG_025,175
AAATCCGGCCAGGTCGACTG_026,23
AAATCCGGCCAGGTCGACTG_027,145
AAATCCGGCCAGGTCGACTG_028,61
AAATCCGGCCAGGTCGACTG_029,164
AAATCCGGCCAGGTCGACTG_030,12
AAATCCGGCCAGGTCGACTG_031,115
AAATCCGGCCAGGTCGACTG_032,31
AAATCCGGCCAGGTCGACTG_033,158
AAATCCGGCCAGGTCGACTG_034,166
AAATCCGGCCAGGTCGACTG_035,136
AAATCCGGCCAGGTCGACTG_036,48
AAATCCGGCCAGGTCGACTG_037,134
AAATCCGGCCAGGTCGACTG_038,62
AAATCCGGCCAGGTCGACTG_039,188
AAATCCGGCCAGGTCGACTG_040,78
AAATCCGGCCAGGTCGACTG_041,60
AAATCCGGCCAGGTCGACTG_042,67
AAATCCGGCCAGGTCGACTG_043,191
AAATCCGGCCAGGTCGACTG_044,38
AAATCCGGCCAGGTCGACTG_045,65
ATATTATTCATCTGTGCCAG_001,150
AGGTAAACAGCAGGTACTTG_001,62
AGGTAAACAGCAGGTACTTG_002,147
AGGTAAACAGCAGGTACTTG_003,12
AGGTAAACAGCAGGTACTTG_004,147
AGGTAAACAGCAGGTACTTG_005,90
AGGTAAACAGCAGGTACTTG_006,183
AGGTAAACAGCAGGTACTTG_007,49
CGGGCCCCACTACAACCCGC_001,69
CGGGCCCCACTACAACCCGC_002,118
CGGGCCCCACTACAACCCGC_003,14
CGGGCCCCACTACAACCCGC_004,156
CGGGCCCCACTACAACCCGC_005,81
CGGGCCCCACTACAACCCGC_006,30
CGGGCCCCACTACAACCCGC_007,166
CGGGCCCCACTACAACCCGC_008,27
CGGGCCCCACTACAACCCGC_009,37
CGGGCCCCACTACAACCCGC_010,46
CGGGCCCCACTACAACCCGC_011,10
CGGGCCCCACTACAACCCGC_012,117
CGGGCCCCACTACAACCCGC_013,162
CGGGCCCCACTACAACCCGC_014,190
CGGGCCCCACTACAACCCGC_015,98
TAACCCCTGTTACTTACCAG_001,189
TAACCCCTGTTACTTACCAG_002,18
TAACCCCTGTTACTTACCAG_003,147
TAACCCCTGTTACTTACCAG_004,115
TAACCCCTGTTACTTACCAG_005,30
TAACCCCTGTTACTTACCAG_006,63
TATAGCGGAAAAAGGCACCG_001,194
TATAGCGGAAAAAGGCACCG_002,124
TATAGCGGAAAAAGGCACCG_003,28
TATAGCGGAAAAAGGCACCG_004,189
TATAGCGGAAAAAGGCACCG_005,63
TATAGCGGAAAAAGGCACCG_006,170
TATAGCGGAAAAAGGCACCG_007,5
TATAGCGGAAAAAGGCACCG_008,70
TATAGCGGAAAAAGGCACCG_009,172
TATAGCGGAAAAAGGCACCG_010,72
TATAGCGGAAAAAGGCACCG_011,108
TATAGCGGAAAAAGGCACCG_012,199
TATAGCGGAAAAAGGCACCG_013,34
TATAGCGGAAAAAGGCACCG_014,134
TATAGCGGAAAAAGGCACCG_015,81
TATAGCGGAAAAAGGCACCG_016,177
TATAGCGGAAAAAGGCACCG_017,199
TATAGCGGAAAAAGGCACCG_018,198
TATAGCGGAAAAAGGCACCG_019,168
TATAGCGGAAAAAGGCACCG_020,122
TATAGCGGAAAAAGGCACCG_021,68
TATAGCGGAAAAAGGCACCG_022,15
TATAGCGGAAAAAGGCACCG_023,77
TATAGCGGAAAAAGGCACCG_024,101
TATAGCGGAAAAAGGCACCG_025,117
TATAGCGGAAAAAGGCACCG_026,105
TATAGCGGAAAAAGGCACCG_027,134
TATAGCGGAAAAAGGCACCG_028,155
TATAGCGGAAAAAGGCACCG_029,28
TATAGCGGAAAAAGGCACCG_030,23
TATAGCGGAAAAAGGCACCG_031,9
TATAGCGGAAAAAGGCACCG_032,159
TATAGCGGAAAAAGGCACCG_033,134
TATAGCGGAAAAAGGCACCG_034,111
TATAGCGGAAAAAGGCACCG_035,139
TATAGCGGAAAAAGGCACCG_036,179
GGCTTCAAAAGACCACACAA_001,171
GGCTTCAAAAGACCACACAA_002,87
GGCTTCAAAAGACCACACAA_003,42
GGCTTCAAAAGACCACACAA_004,165
GGCTTCAAAAGACCACACAA_005,17
GGCTTCAAAAGACCACACAA_006,187
GGCTTCAAAAGACCACACAA_007,137
GGCTTCAAAAGACCACACAA_008,158
GGCTTCAAAAGACCACACAA_009,34
GGCTTCAAAAGACCACACAA_010,158
GGCTTCAAAAGACCACACAA_011,184
GGCTTCAAAAGACCACACAA_012,88
GGCTTCAAAAGACCACACAA_013,158
GGCTTCAAAAGACCACACAA_014,186
GGCTTCAAAAGACCACACAA_015,16
GGCTTCAAAAGACCACACAA_016,158
GGCTTCAAAAGACCACACAA_017,137
GGCTTCAAAAGACCACACAA_018,133
GGCTTCAAAAGACCACACAA_019,192
GGCTTCAAAAGACCACACAA_020,2
GGCTTCAAAAGACCACACAA_021,179
GGCTTCAAAAGACCACACAA_022,1
GGCTTCAAAAGACCACACAA_023,169
GGCTTCAAAAGACCACACAA_024,136
GGCTTCAAAAGACCACACAA_025,62
GCCATCTGAGCCATGAGCCC_001,12
GCCATCTGAGCCATGAGCCC_002,68
TTCTGCAGCTGCTCATAACG_001,16
TTCTGCAGCTGCTCATAACG_002,150
ACAGAGAGGAAAATATCCGC_001,166
ACAGAGAGGAAAATATCCGC_002,127
ACAGAGAGGAAAATATCCGC_003,87
ACAGAGAGGAAAATATCCGC_004,190
ACAGAGAGGAAAATATCCGC_005,10
ACAGAGAGGAAAATATCCGC_006,37
GCACCACCCCACCCGCATGG_001,198
GCACCACCCCACCCGCATGG_002,162
GCACCACCCCACCCGCATGG_003,23
GCACCACCCCACCCGCATGG_004,5
GCACCACCCCACCCGCATGG_005,49
GCACCACCCCACCCGCATGG_006,102
GCACCACCCCACCCGCATGG_007,51
GCACCACCCCACCCGCATGG_008,27
GCACCACCCCACCCGCATGG_009,101
GCACCACCCCACCCGCATGG_010,192
GCACCACCCCACCCGCATGG_011,83
GCACCACCCCACCCGCATGG_012,127
GCACCACCCCACCCGCATGG_013,169
GCACCACCCCACCCGCATGG_014,45
GCACCACCCCACCCGCATGG_015,122
GCACCACCCCACCCGCATGG_016,12
GCACCACCCCACCCGCATGG_017,82
GCACCACCCCACCCGCATGG_018,190
GCACCACCCCACCCGCATGG_019,148
GCACCACCCCACCCGCATGG_020,13
GCACCACCCCACCCGCATGG_021,143
GCACCACCCCACCCGCATGG_022,66
GCACCACCCCACCCGCATGG_023,39
GCACCACCCCACCCGCATGG_024,170
GCACCACCCCACCCGCATGG_025,180
GCACCACCCCACCCGCATGG_026,185
GCACCACCCCACCCGCATGG_027,37
GCACCACCCCACCCGCATGG_028,168
GCACCACCCCACCCGCATGG_029,63
GCACCACCCCACCCGCATGG_030,5
GCACCACCCCACCCGCATGG_031,52
GCACCACCCCACCCGCATGG_032,10
GCACCACCCCACCCGCATGG_033,148
GCACCACCCCACCCGCATGG_034,148
GCACCACCCCACCCGCATGG_035,177
GCACCACCCCACCCGCATGG_036,123
GCACCACCCCACCCGCATGG_037,71
GCACCACCCCACCCGCATGG_038,10
GCACCACCCCACCCGCATGG_039,48
GCACCACCCCACCCGCATGG_040,145
GCACCACCCCACCCGCATGG_041,199
TGTTGGCAGAGTGTGGAGCG_001,139
TGTTGGCAGAGTGTGGAGCG_002,49
TGTTGGCAGAGTGTGGAGCG_003,170
TGTTGGCAGAGTGTGGAGCG_004,2
TGTTGGCAGAGTGTGGAGCG_005,164
TGTTGGCAGAGTGTGGAGCG_006,36
TGTTGGCAGAGTGTGGAGCG_007,6
TGTTGGCAGAGTGTGGAGCG_008,94
TGTTGGCAGAGTGTGGAGCG_009,21
TGTTGGCAGAGTGTGGAGCG_010,50
TGTTGGCAGAGTGTGGAGCG_011,111
AGGGCAGTCAAACCCTGTAG_001,5
AGGGCAGTCAAACCCTGTAG_002,36
AGGGCAGTCAAACCCTGTAG_003,11
AGGGCAGTCAAACCCTGTAG_004,88
AGGGCAGTCAAACCCTGTAG_005,159
AGGGCAGTCAAACCCTGTAG_006,148
AGGGCAGTCAAACCCTGTAG_007,82
AGGGCAGTCAAACCCTGTAG_008,116
AGGGCAGTCAAACCCTGTAG_009,178
AGGGCAGTCAAACCCTGTAG_010,163
AGGGCAGTCAAACCCTGTAG_011,28
CATGACACTGCTTAACACCA_001,18
CATGACACTGCTTAACACCA_002,15
CATGACACTGCTTAACACCA_003,140
CATGACACTGCTTAACACCA_004,2
CATGACACTGCTTAACACCA_005,82
CATGACACTGCTTAACACCA_006,103
CATGACACTGCTTAACACCA_007,148
CATGACACTGCTTAACACCA_008,151
CATGACACTGCTTAACACCA_009,12
CATGACACTGCTTAACACCA_010,3
CATGACACTGCTTAACACCA_011,120
CATGACACTGCTTAACACCA_012,6
CATGACACTGCTTAACACCA_013,6
CATGACACTGCTTAACACCA_014,177
CATGACACTGCTTAACACCA_015,119
GTGTATGTGCAGCAATCCAG_001,20
GTGTATGTGCAGCAATCCAG_002,197
GTGTATGTGCAGCAATCCAG_003,14
GTGTATGTGCAGCAATCCAG_004,82
GTGTATGTGCAGCAATCCAG_005,115
GTGTATGTGCAGCAATCCAG_006,9
GTGTATGTGCAGCAATCCAG_007,76
GTGTATGTGCAGCAATCCAG_008,2
GTGTATGTGCAGCAATCCAG_009,162
GTGTATGTGCAGCAATCCAG_010,125
GTGTATGTGCAGCAATCCAG_011,47
GTGTATGTGCAGCAATCCAG_012,93
AGCTGACAGTATGCTTACAT_001,114
AGCTGACAGTATGCTTACAT_002,70
AGCTGACAGTATGCTTACAT_003,9
AGCTGACAGTATGCTTACAT_004,50
AGCTGACAGTATGCTTACAT_005,1
AGCTGACAGTATGCTTACAT_006,160
AGCTGACAGTATGCTTACAT_007,48
ATTAGTCCACCACAGAACCT_001,102
ATTAGTCCACCACAGAACCT_002,193
ATTAGTCCACCACAGAACCT_003,16
CTAATCCATGAAAACCGCAT_001,145
CTAATCCATGAAAACCGCAT_002,15
CTAATCCATGAAAACCGCAT_003,106
CTGACTGGGAGCCAAAACCT_001,60
CTGACTGGGAGCCAAAACCT_002,17
CTGACTGGGAGCCAAAACCT_003,21
GATAGCGGGAAAATTCCTCC_001,17
GATAGCGGGAAAATTCCTCC_002,82
GATAGCGGGAAAATTCCTCC_003,152
GATAGCGGGAAAATTCCTCC_004,144
GATAGCGGGAAAATTCCTCC_005,151
GATAGCGGGAAAATTCCTCC_006,82
GATAGCGGGAAAATTCCTCC_007,6
GATAGCGGGAAAATTCCTCC_008,161
GATAGCGGGAAAATTCCTCC_009,142
CAGACGCTTGGCATAGAAGT_001,84
CAGACGCTTGGCATAGAAGT_002,32
CAGACGCTTGGCATAGAAGT_003,125
CAGACGCTTGGCATAGAAGT_004,22
CAGACGCTTGGCATAGAAGT_005,158
CAGACGCTTGGCATAGAAGT_006,16
CAGACGCTTGGCATAGAAGT_007,72
CAGACGCTTGGCATAGAAGT_008,96
CAGACGCTTGGCATAGAAGT_009,96
CAGACGCTTGGCATAGAAGT_010,153
CAGACGCTTGGCATAGAAGT_011,40
CAGACGCTTGGCATAGAAGT_012,168
CAGACGCTTGGCATAGAAGT_013,171
CAGACGCTTGGCATAGAAGT_014,103
CAGACGCTTGGCATAGAAGT_015,115
CAGACGCTTGGCATAGAAGT_016,147
CAGACGCTTGGCATAGAAGT_017,27
AGACCACGTCTGCGATGCAG_001,73
AGACCACGTCTGCGATGCAG_002,183
AGACCACGTCTGCGATGCAG_003,137
AGACCACGTCTGCGATGCAG_004,5
AGACCACGTCTGCGATGCAG_005,13
AGACCACGTCTGCGATGCAG_006,107
AGACCACGTCTGCGATGCAG_007,156
TGTTATAAAATCTGTTCATG_001,101
TGTTATAAAATCTGTTCATG_002,174
TGTTATAAAATCTGTTCATG_003,162
TGTTATAAAATCTGTTCATG_004,8
TTCGGCTACAGCAAGGAACA_001,5
TTCGGCTACAGCAAGGAACA_002,81
TTCGGCTACAGCAAGGAACA_003,169
AGCTGCGCCAGCAGACCGAG_001,170
AGCTGCGCCAGCAGACCGAG_002,195
AGCTGCGCCAGCAGACCGAG_003,141
AGCTGCGCCAGCAGACCGAG_004,144
CGAGGTGCCCGACGACTTCG_001,129
CGAGGTGCCCGACGACTTCG_002,144
CGAGGTGCCCGACGACTTCG_003,108
CGAGGTGCCCGACGACTTCG_004,73
CGAGGTGCCCGACGACTTCG_005,101
CGAGGTGCCCGACGACTTCG_006,187
CGAGGTGCCCGACGACTTCG_007,140
CGAGGTGCCCGACGACTTCG_008,65
CGTTCTCTGGGATAATGCAG_001,144
AATTCAAAATGCTGTCAACG_001,146
AATTCAAAATGCTGTCAACG_002,19
AATTCAAAATGCTGTCAACG_003,148
AATTCAAAATGCTGTCAACG_004,51
AATTCAAAATGCTGTCAACG_005,45
AATTCAAAATGCTGTCAACG_006,114
GGAGAACATGACAGCAAATA_001,184
GGAGAACATGACAGCAAATA_002,190
GGAGAACATGACAGCAAATA_003,169
GGAGAACATGACAGCAAATA_004,70
GGAGAACATGACAGCAAATA_005,4
GCAGGTCTACGCGTTCTACG_001,41
GCAGGTCTACGCGTTCTACG_002,1
CGTGCGCCAGGAAAACGTGA_001,27
TGATTCACACACCGACTCCG_001,199
TGATTCACACACCGACTCCG_002,92
TGATTCACACACCGACTCCG_003,50
TGATTCACACACCGACTCCG_004,185
TGATTCACACACCGACTCCG_005,44
TGATTCACACACCGACTCCG_006,56
TGATTCACACACCGACTCCG_007,119
TGAATTTAATGGAACTGGCT_001,41
TGAATTTAATGGAACTGGCT_002,137
TGAATTTAATGGAACTGGCT_003,154
TGAATTTAATGGAACTGGCT_004,197
TGAATTTAATGGAACTGGCT_005,6
AGAAACCACTTACATAGGCG_001,139
AGAAACCACTTACATAGGCG_002,184
AGAAACCACTTACATAGGCG_003,41
TGCCCTGAGTCTCAATGAAG_001,92
TGCCCTGAGTCTCAATGAAG_002,26
TGCCCTGAGTCTCAATGAAG_003,26
TGCCCTGAGTCTCAATGAAG_004,57
TGCCCTGAGTCTCAATGAAG_005,35
TGCCCTGAGTCTCAATGAAG_006,136
TGCCCTGAGTCTCAATGAAG_007,184
TGCCCTGAGTCTCAATGAAG_008,19
GGGTACCTCAGCACCCCCAG_001,106
GGGTACCTCAGCACCCCCAG_002,17
GGGTACCTCAGCACCCCCAG_003,54
GGGTACCTCAGCACCCCCAG_004,119
GGGTACCTCAGCACCCCCAG_005,179
GGGTACCTCAGCACCCCCAG_006,98
GGGTACCTCAGCACCCCCAG_007,104
GGGTACCTCAGCACCCCCAG_008,8
GGGTACCTCAGCACCCCCAG_009,188
GGGTACCTCAGCACCCCCAG_010,77
GGGTACCTCAGCACCCCCAG_011,78
GGGTACCTCAGCACCCCCAG_012,178
GGGTACCTCAGCACCCCCAG_013,154
GGGTACCTCAGCACCCCCAG_014,199
GGGTACCTCAGCACCCCCAG_015,19
GGGTACCTCAGCACCCCCAG_016,14
GGGTACCTCAGCACCCCCAG_017,157
GGGTACCTCAGCACCCCCAG_018,52
GGGTACCTCAGCACCCCCAG_019,166
GGGTACCTCAGCACCCCCAG_020,160
CGTGTCCGAGTACCCCAGCG_001,119
CGTGTCCGAGTACCCCAGCG_002,28
CGTGTCCGAGTACCCCAGCG_003,69
CGTGTCCGAGTACCCCAGCG_004,182
CGTGTCCGAGTACCCCAGCG_005,58
CGTGTCCGAGTACCCCAGCG_006,159
CGTGTCCGAGTACCCCAGCG_007,150
CGTGTCCGAGTACCCCAGCG_008,98
CGTGTCCGAGTACCCCAGCG_009,186
CGTGTCCGAGTACCCCAGCG_010,92
CGTGTCCGAGTACCCCAGCG_011,83
CGTGTCCGAGTACCCCAGCG_012,192
CGTGTCCGAGTACCCCAGCG_013,9
CGTGTCCGAGTACCCCAGCG_014,135
CGTGTCCGAGTACCCCAGCG_015,89
CGTGTCCGAGTACCCCAGCG_016,11
CGTGTCCGAGTACCCCAGCG_017,158
CGTGTCCGAGTACCCCAGCG_018,6
CGTGTCCGAGTACCCCAGCG_019,80
CTGGAGAGCTGCTAAGGCAT_001,184
CTGGAGAGCTGCTAAGGCAT_002,175
CTGGAGAGCTGCTAAGGCAT_003,8
CTGGAGAGCTGCTAAGGCAT_004,127
CTGGAGAGCTGCTAAGGCAT_005,61
CTGGAGAGCTGCTAAGGCAT_006,61
CTGGAGAGCTGCTAAGGCAT_007,156
CTGGAGAGCTGCTAAGGCAT_008,49
GATTGATGTCCAGAGACTGC_001,48
GATTGATGTCCAGAGACTGC_002,29
GATTGATGTCCAGAGACTGC_003,32
GATTGATGTCCAGAGACTGC_004,52
CTCTTCTAACATCCCTAAGG_001,65
CAGAAGATGAGGATCGAGGT_001,61
CAGAAGATGAGGATCGAGGT_002,174
AAGGTGTCACAGTAAGATGT_001,156
AAGGTGTCACAGTAAGATGT_002,156
AAGGTGTCACAGTAAGATGT_003,42
AAGGTGTCACAGTAAGATGT_004,154
AAGGTGTCACAGTAAGATGT_005,190
AAGGTGTCACAGTAAGATGT_006,60
AAGGTGTCACAGTAAGATGT_007,82
AAGGTGTCACAGTAAGATGT_008,136
GGCCTGCCGAGAATTTGAGA_001,177
GGCCTGCCGAGAATTTGAGA_002,102
GGCCTGCCGAGAATTTGAGA_003,95
GGCCTGCCGAGAATTTGAGA_004,30
GGCCTGCCGAGAATTTGAGA_005,40
GGCCTGCCGAGAATTTGAGA_006,157
GGCCTGCCGAGAATTTGAGA_007,187
GGCCTGCCGAGAATTTGAGA_008,0
GGCCTGCCGAGAATTTGAGA_009,41
TGACCATCTACTGATGTTAG_001,38
TGACCATCTACTGATGTTAG_002,73
TGACCATCTACTGATGTTAG_003,151
AAAGATAGTAAGATTGTACC_001,107
AAAGATAGTAAGATTGTACC_002,123
AAAGATAGTAAGATTGTACC_003,117
AAAGATAGTAAGATTGTACC_004,150
AAAGATAGTAAGATTGTACC_005,78
TGAGCATGAGGTCGTTAGAG_001,13
CCCACTCCATAGAATCTCCG_001,74
CCCACTCCATAGAATCTCCG_002,121
CCCACTCCATAGAATCTCCG_003,139
CCCACTCCATAGAATCTCCG_004,102
CCCACTCCATAGAATCTCCG_005,59
CCCACTCCATAGAATCTCCG_006,1
CCCACTCCATAGAATCTCCG_007,66
AGATATCATTCCATAAGGAG_001,48
AGATATCATTCCATAAGGAG_002,15
CCCCAGGTCCTGGTGAACGA_001,108
CCCCAGGTCCTGGTGAACGA_002,4
CCCCAGGTCCTGGTGAACGA_003,185
CCCCAGGTCCTGGTGAACGA_004,160
CCCCAGGTCCTGGTGAACGA_005,10
CCCCAGGTCCTGGTGAACGA_006,198
CCCCAGGTCCTGGTGAACGA_007,167
CCCCAGGTCCTGGTGAACGA_008,160
CCCCAGGTCCTGGTGAACGA_009,138
CCCCAGGTCCTGGTGAACGA_010,80
CCCCAGGTCCTGGTGAACGA_011,168
CCCCAGGTCCTGGTGAACGA_012,93
CCCCAGGTCCTGGTGAACGA_013,160
CCCCAGGTCCTGGTGAACGA_014,50
CCCCAGGTCCTGGTGAACGA_015,51
CCCCAGGTCCTGGTGAACGA_016,70
CCCCAGGTCCTGGTGAACGA_017,113
CCCCAGGTCCTGGTGAACGA_018,6
CCCCAGGTCCTGGTGAACGA_019,6
CCCCAGGTCCTGGTGAACGA_020,164
CCCCAGGTCCTGGTGAACGA_021,45
CTGGCAGACTTTGATTTCTG_001,7
CTGGCAGACTTTGATTTCTG_002,78
CTGGCAGACTTTGATTTCTG_003,6
CTGGCAGACTTTGATTTCTG_004,61
CTGGCAGACTTTGATTTCTG_005,192
CTGGCAGACTTTGATTTCTG_006,113
CTGGCAGACTTTGATTTCTG_007,144
GCATATTGCAGCCCAACAGA_001,49
GCATATTGCAGCCCAACAGA_002,30
TGTCGCGAGTTACGGCGTCG_001,28
TGTCGCGAGTTACGGCGTCG_002,81
TGTCGCGAGTTACGGCGTCG_003,57
TGTCGCGAGTTACGGCGTCG_004,33
TGTCGCGAGTTACGGCGTCG_005,137
TGTCGCGAGTTACGGCGTCG_006,159
TGTCGCGAGTTACGGCGTCG_007,69
TGTCGCGAGTTACGGCGTCG_008,58
TGTCGCGAGTTACGGCGTCG_009,70
TGTCGCGAGTTACGGCGTCG_010,72
TGTCGCGAGTTACGGCGTCG_011,168
TGTCGCGAGTTACGGCGTCG_012,169
TGTCGCGAGTTACGGCGTCG_013,57
TGTCGCGAGTTACGGCGTCG_014,67
TGTCGCGAGTTACGGCGTCG_015,125
TGTCGCGAGTTACGGCGTCG_016,171
TGTCGCGAGTTACGGCGTCG_017,2
TGTCGCGAGTTACGGCGTCG_018,116
TGTCGCGAGTTACGGCGTCG_019,73
TGTCGCGAGTTACGGCGTCG_020,166
TGTCGCGAGTTACGGCGTCG_021,152
ACATATACTCCGACTGACAA_001,169
ACATATACTCCGACTGACAA_002,41
ACATATACTCCGACTGACAA_003,76
ACATATACTCCGACTGACAA_004,77
ACATATACTCCGACTGACAA_005,192
CCAAGCATCAACACCATGAG_001,192
CCAAGCATCAACACCATGAG_002,138
TACACCGAGCTGCCTATGAG_001,147
TACACCGAGCTGCCTATGAG_002,117
TACACCGAGCTGCCTATGAG_003,160
TACACCGAGCTGCCTATGAG_004,96
TACACCGAGCTGCCTATGAG_005,137
TACACCGAGCTGCCTATGAG_006,118
TACACCGAGCTGCCTATGAG_007,102
TACACCGAGCTGCCTATGAG_008,61
TACACCGAGCTGCCTATGAG_009,180
TACACCGAGCTGCCTATGAG_010,160
TACACCGAGCTGCCTATGAG_011,136
TACACCGAGCTGCCTATGAG_012,40
TACACCGAGCTGCCTATGAG_013,188
TACACCGAGCTGCCTATGAG_014,106
TACACCGAGCTGCCTATGAG_015,50
TACACCGAGCTGCCTATGAG_016,76
TACACCGAGCTGCCTATGAG_017,187
TACACCGAGCTGCCTATGAG_018,107
TACACCGAGCTGCCTATGAG_019,170
TACACCGAGCTGCCTATGAG_020,103
TACACCGAGCTGCCTATGAG_021,131
TACACCGAGCTGCCTATGAG_022,85
TACACCGAGCTGCCTATGAG_023,121
TACACCGAGCTGCCTATGAG_024,121
TACACCGAGCTGCCTATGAG_025,176
GCGTGGGTCAATATGGACAT_001,12
GCGTGGGTCAATATGGACAT_002,196
GCGTGGGTCAATATGGACAT_003,49
GCGTGGGTCAATATGGACAT_004,138
GCGTGGGTCAATATGGACAT_005,73
GCGTGGGTCAATATGGACAT_006,118
GCGTGGGTCAATATGGACAT_007,32
CCACCACCTAGAATCGAAAG_001,41
CCACCACCTAGAATCGAAAG_002,127
CCACCACCTAGAATCGAAAG_003,118
CCACCACCTAGAATCGAAAG_004,61
CCACCACCTAGAATCGAAAG_005,2
CCACCACCTAGAATCGAAAG_006,70
CAGTTCCCAGACACGCCGGT_001,156
CAGTTCCCAGACACGCCGGT_002,51
CAGTTCCCAGACACGCCGGT_003,114
CAGTTCCCAGACACGCCGGT_004,98
CAGTTCCCAGACACGCCGGT_005,116
CAGTTCCCAGACACGCCGGT_006,35
CAGTTCCCAGACACGCCGGT_007,42
CAGTTCCCAGACACGCCGGT_008,43
CCACTGGCTGGGAACTCTCA_001,94
CCACTGGCTGGGAACTCTCA_002,65
CCACTGGCTGGGAACTCTCA_003,140
CCACTGGCTGGGAACTCTCA_004,5
GAGCTTGTATAAGCACCACG_001,74
GAGCTTGTATAAGCACCACG_002,174
GAGCTTGTATAAGCACCACG_003,99
GCTTGCCCCATCTATCACTG_001,140
GCTTGCCCCATCTATCACTG_002,117
AAAATCACCAGTGCTGTTTG_001,177
AAAATCACCAGTGCTGTTTG_002,129
AAAATCACCAGTGCTGTTTG_003,122
AAAATCACCAGTGCTGTTTG_004,94
AAAATCACCAGTGCTGTTTG_005,137
AAAATCACCAGTGCTGTTTG_006,88
AAAATCACCAGTGCTGTTTG_007,50
AAAATCACCAGTGCTGTTTG_008,41
AAAATCACCAGTGCTGTTTG_009,164
AAAATCACCAGTGCTGTTTG_010,5
AAAATCACCAGTGCTGTTTG_011,43
AAAATCACCAGTGCTGTTTG_012,156
AAAATCACCAGTGCTGTTTG_013,73
AAAATCACCAGTGCTGTTTG_014,50
AAAATCACCAGTGCTGTTTG_015,129
AAAATCACCAGTGCTGTTTG_016,127
AAAATCACCAGTGCTGTTTG_017,176
AAAATCACCAGTGCTGTTTG_018,70
AGGAGATGAACAACTACCGG_001,133
AGGAGATGAACAACTACCGG_002,41
AGGAGATGAACAACTACCGG_003,94
AGGAGATGAACAACTACCGG_004,175
AGGAGATGAACAACTACCGG_005,155
AGGAGATGAACAACTACCGG_006,83
AGGAGATGAACAACTACCGG_007,134
AGGAGATGAACAACTACCGG_008,29
AGGAGATGAACAACTACCGG_009,90
AGGAGATGAACAACTACCGG_010,184
AGGAGATGAACAACTACCGG_011,81
AGGAGATGAACAACTACCGG_012,81
AGGAGATGAACAACTACCGG_013,0
CCCTACCTATCCGGTGCTTT_001,3
CCCTACCTATCCGGTGCTTT_002,68
CCCTACCTATCCGGTGCTTT_003,91
CCCTACCTATCCGGTGCTTT_004,88
CCCTACCTATCCGGTGCTTT_005,28
CCCTACCTATCCGGTGCTTT_006,127
CCCTACCTATCCGGTGCTTT_007,2
CCCTACCTATCCGGTGCTTT_008,130
CCCTACCTATCCGGTGCTTT_009,164
CCCTACCTATCCGGTGCTTT_010,69
CCCTACCTATCCGGTGCTTT_011,190
CCCTACCTATCCGGTGCTTT_012,91
CCCTACCTATCCGGTGCTTT_013,51
CCCTACCTATCCGGTGCTTT_014,138
CCCTACCTATCCGGTGCTTT_015,124
CCCTACCTATCCGGTGCTTT_016,50
CCCTACCTATCCGGTGCTTT_017,65
CCCTACCTATCCGGTGCTTT_018,41
CCCTACCTATCCGGTGCTTT_019,72
CCCTACCTATCCGGTGCTTT_020,178
CCCTACCTATCCGGTGCTTT_021,3
CCCTACCTATCCGGTGCTTT_022,178
CCCTACCTATCCGGTGCTTT_023,56
CCCTACCTATCCGGTGCTTT_024,175
CCAGCCTCAGACCCCCCATG_001,0
CCAGCCTCAGACCCCCCATG_002,176
CCAGCCTCAGACCCCCCATG_003,155
CCAGCCTCAGACCCCCCATG_004,8
CCAGCCTCAGACCCCCCATG_005,61
CCAGCCTCAGACCCCCCATG_006,58
CCAGCCTCAGACCCCCCATG_007,168
CCAGCCTCAGACCCCCCATG_008,94
CCAGCCTCAGACCCCCCATG_009,66
CCAGCCTCAGACCCCCCATG_010,46
CTACGTGGACTACCGCACTG_001,61
CTACGTGGACTACCGCACTG_002,58
CTACGTGGACTACCGCACTG_003,78
CTACGTGGACTACCGCACTG_004,25
TGGTTCCAGGATCAAGAGTA_001,130
TGGTTCCAGGATCAAGAGTA_002,104
TGGTTCCAGGATCAAGAGTA_003,57
TGGTTCCAGGATCAAGAGTA_004,49
TGGTTCCAGGATCAAGAGTA_005,103
TGGTTCCAGGATCAAGAGTA_006,16
TGGTTCCAGGATCAAGAGTA_007,44
TGGTTCCAGGATCAAGAGTA_008,29
TGGTTCCAGGATCAAGAGTA_009,36
TGGTTCCAGGATCAAGAGTA_010,168
ATCCGAACATCTCCCAGCTA_001,112
ATCCGAACATCTCCCAGCTA_002,177
ATCCGAACATCTCCCAGCTA_003,148
ATCCGAACATCTCCCAGCTA_004,76
ATCCGAACATCTCCCAGCTA_005,105
ATCCGAACATCTCCCAGCTA_006,106
ATCCGAACATCTCCCAGCTA_007,138
CCTTACCTACTACCATCCGT_001,42
CCTTACCTACTACCATCCGT_002,94
CCTTACCTACTACCATCCGT_003,93
CCTTACCTACTACCATCCGT_004,188
CCTTACCTACTACCATCCGT_005,37
ACAGTTCAGAATTCATCTGG_001,132
ACAGTTCAGAATTCATCTGG_002,101
GGACCCGGTAGCCACCAACC_001,133
GGACCCGGTAGCCACCAACC_002,98
GGACCCGGTAGCCACCAACC_003,174
GGCCTCATCACAGGTCAACG_001,9
GGCCTCATCACAGGTCAACG_002,148
GGCCTCATCACAGGTCAACG_003,127
GGCCTCATCACAGGTCAACG_004,150
GGCCTCATCACAGGTCAACG_005,146
GGCCTCATCACAGGTCAACG_006,140
GGCCTCATCACAGGTCAACG_007,169
TGTCACAGACTGTATCAACT_001,106
TGTCACAGACTGTATCAACT_002,127
TGTCACAGACTGTATCAACT_003,163
TGTCACAGACTGTATCAACT_004,108
TGTCACAGACTGTATCAACT_005,6
TGTCACAGACTGTATCAACT_006,131
TGTCACAGACTGTATCAACT_007,159
TTATAGGTGAATACTCGGGC_001,173
TTATAGGTGAATACTCGGGC_002,159
TTATAGGTGAATACTCGGGC_003,162
TTATAGGTGAATACTCGGGC_004,9
CACTGGCTACAAGCAGGCTT_001,9
CACTGGCTACAAGCAGGCTT_002,98
CACTGGCTACAAGCAGGCTT_003,11
CACTGGCTACAAGCAGGCTT_004,35
CACTGGCTACAAGCAGGCTT_005,105
CACTGGCTACAAGCAGGCTT_006,174
CACTGGCTACAAGCAGGCTT_007,76
CACTGGCTACAAGCAGGCTT_008,1
CACTGGCTACAAGCAGGCTT_009,49
TAGCAAAAAGTGATACCCAG_001,83
TAGCAAAAAGTGATACCCAG_002,160
TAGCAAAAAGTGATACCCAG_003,193
TAGCAAAAAGTGATACCCAG_004,186
TAGCAAAAAGTGATACCCAG_005,188
TAGCAAAAAGTGATACCCAG_006,119
TAGCAAAAAGTGATACCCAG_007,21
TAGCAAAAAGTGATACCCAG_008,31
TAGCAAAAAGTGATACCCAG_009,55
TAGCAAAAAGTGATACCCAG_010,9
TAGCAAAAAGTGATACCCAG_011,58
CAGTTGGTACAGTACCAGTG_001,70
CAGTTGGTACAGTACCAGTG_002,66
CAGTTGGTACAGTACCAGTG_003,180
CAGTTGGTACAGTACCAGTG_004,28
CAGTTGGTACAGTACCAGTG_005,106
CTCGTCCCAAACGAAGACGC_001,149
CTCGTCCCAAACGAAGACGC_002,77
CTCGTCCCAAACGAAGACGC_003,127
CTCGTCCCAAACGAAGACGC_004,8
CTCGTCCCAAACGAAGACGC_005,70
CTCGTCCCAAACGAAGACGC_006,197
CTCGTCCCAAACGAAGACGC_007,184
CTCGTCCCAAACGAAGACGC_008,5
CTCGTCCCAAACGAAGACGC_009,146
CTCGTCCCAAACGAAGACGC_010,48
CTCGTCCCAAACGAAGACGC_011,172
CTCGTCCCAAACGAAGACGC_012,127
CTCGTCCCAAACGAAGACGC_013,2
TCGGAGGGACGTCTGACTCG_001,2
TCGGAGGGACGTCTGACTCG_002,106
TCGGAGGGACGTCTGACTCG_003,175
TCGGAGGGACGTCTGACTCG_004,24
TCGGAGGGACGTCTGACTCG_005,3
TCGGAGGGACGTCTGACTCG_006,141
TCGGAGGGACGTCTGACTCG_007,88
TCGGAGGGACGTCTGACTCG_008,192
TCGGAGGGACGTCTGACTCG_009,152
TCGGAGGGACGTCTGACTCG_010,3
TCGGAGGGACGTCTGACTCG_011,58
TCGGAGGGACGTCTGACTCG_012,120
TCGGAGGGACGTCTGACTCG_013,137
TCGGAGGGACGTCTGACTCG_014,121
TCGGAGGGACGTCTGACTCG_015,11
TGGTGCGGATGCGGAGGTGT_001,28
TGGTGCGGATGCGGAGGTGT_002,3
TGGTGCGGATGCGGAGGTGT_003,119
GACAAAGGCGAGTAAAACAA_001,7
GACAAAGGCGAGTAAAACAA_002,64
GACAAAGGCGAGTAAAACAA_003,4
GACAAAGGCGAGTAAAACAA_004,37
CAATCGCTACCAGGAACGCA_001,109
CAATCGCTACCAGGAACGCA_002,7
CAATCGCTACCAGGAACGCA_003,36
CAATCGCTACCAGGAACGCA_004,149
CATGTGCGATTCAGATTAGG_001,44
CATGTGCGATTCAGATTAGG_002,102
CATGTGCGATTCAGATTAGG_003,53
CATGTGCGATTCAGATTAGG_004,175
CATGTGCGATTCAGATTAGG_005,147
CATGTGCGATTCAGATTAGG_006,133
CATGTGCGATTCAGATTAGG_007,147
CATGTGCGATTCAGATTAGG_008,45
CATGTGCGATTCAGATTAGG_009,78
CATGTGCGATTCAGATTAGG_010,176
CATGTGCGATTCAGATTAGG_011,79
CATGTGCGATTCAGATTAGG_012,170
CATGTGCGATTCAGATTAGG_013,169
CATGTGCGATTCAGATTAGG_014,191
CATGTGCGATTCAGATTAGG_015,29
TCTTTCTCACCATAGATCGG_001,36
TCTTTCTCACCATAGATCGG_002,161
TCTTTCTCACCATAGATCGG_003,105
TCTTTCTCACCATAGATCGG_004,16
TCTTTCTCACCATAGATCGG_005,13
ACAGTACGTCATGCTCTCGG_001,29
CAGCAGACCCACATACACAG_001,23
CAGCAGACCCACATACACAG_002,168
CAGCAGACCCACATACACAG_003,45
CAGCAGACCCACATACACAG_004,58
CAGCAGACCCACATACACAG_005,29
CAGCAGACCCACATACACAG_006,95
CAGCAGACCCACATACACAG_007,86
CAGCAGACCCACATACACAG_008,119
CAGCAGACCCACATACACAG_009,107
CAGCAGACCCACATACACAG_010,162
CTTCGTATATCAGCAACTAC_001,145
CTTCGTATATCAGCAACTAC_002,191
CTTCGTATATCAGCAACTAC_003,82
CTTCGTATATCAGCAACTAC_004,185
CTTCGTATATCAGCAACTAC_005,38
CTTCGTATATCAGCAACTAC_006,57
CTTCGTATATCAGCAACTAC_007,88
CAGCATTCGGTAGACCCTGA_001,116
CAGCATTCGGTAGACCCTGA_002,81
CAGCATTCGGTAGACCCTGA_003,98
CAGCATTCGGTAGACCCTGA_004,93
CAGCATTCGGTAGACCCTGA_005,11
CAGCATTCGGTAGACCCTGA_006,9
CAGCATTCGGTAGACCCTGA_007,139
CAGCATTCGGTAGACCCTGA_008,181
CAGCATTCGGTAGACCCTGA_009,113
CAGCATTCGGTAGACCCTGA_010,113
CAGCATTCGGTAGACCCTGA_011,15
CAGCATTCGGTAGACCCTGA_012,61
CAGCATTCGGTAGACCCTGA_013,33
CAGCATTCGGTAGACCCTGA_014,149
CAGCATTCGGTAGACCCTGA_015,149
GATCACTCAAGACTACGGGC_001,127
GATCACTCAAGACTACGGGC_002,182
GATCACTCAAGACTACGGGC_003,169
GATCACTCAAGACTACGGGC_004,72
GATCACTCAAGACTACGGGC_005,18
GATCACTCAAGACTACGGGC_006,106
GATTCCAGATATAAGGCCCG_001,117
GATTCCAGATATAAGGCCCG_002,155
TGTACCTGACCGTATGCGAG_001,49
TGTACCTGACCGTATGCGAG_002,48
TGTACCTGACCGTATGCGAG_003,83
TGTACCTGACCGTATGCGAG_004,91
TGTACCTGACCGTATGCGAG_005,90
TGTACCTGACCGTATGCGAG_006,102
TGTACCTGACCGTATGCGAG_007,107
GGGACCAGCGCCCTTCCGAG_001,94
GGGACCAGCGCCCTTCCGAG_002,104
GGGACCAGCGCCCTTCCGAG_003,108
GGGACCAGCGCCCTTCCGAG_004,37
GGGACCAGCGCCCTTCCGAG_005,171
GGGACCAGCGCCCTTCCGAG_006,34
GGGACCAGCGCCCTTCCGAG_007,174
GGGACCAGCGCCCTTCCGAG_008,169
GGGACCAGCGCCCTTCCGAG_009,49
GGGACCAGCGCCCTTCCGAG_010,160
GGGACCAGCGCCCTTCCGAG_011,0
GGGACCAGCGCCCTTCCGAG_012,87
GGGACCAGCGCCCTTCCGAG_013,156
GACCGGCCAGAGGCGACACA_001,159
GACCGGCCAGAGGCGACACA_002,106
GACCGGCCAGAGGCGACACA_003,88
GACCGGCCAGAGGCGACACA_004,9
GACCGGCCAGAGGCGACACA_005,182
GACCGGCCAGAGGCGACACA_006,138
GACCGGCCAGAGGCGACACA_007,174
GACCGGCCAGAGGCGACACA_008,169
GACCGGCCAGAGGCGACACA_009,9
GACCGGCCAGAGGCGACACA_010,70
GACCGGCCAGAGGCGACACA_011,82
GACCGGCCAGAGGCGACACA_012,197
GACCGGCCAGAGGCGACACA_013,190
GACCGGCCAGAGGCGACACA_014,40
GACCGGCCAGAGGCGACACA_015,77
GACCGGCCAGAGGCGACACA_016,68
GACCGGCCAGAGGCGACACA_017,45
TACGCCCCAAGTTGGGACGC_001,174
TACGCCCCAAGTTGGGACGC_002,1
TACGCCCCAAGTTGGGACGC_003,154
TACGCCCCAAGTTGGGACGC_004,156
TACGCCCCAAGTTGGGACGC_005,105
TACGCCCCAAGTTGGGACGC_006,88
TACGCCCCAAGTTGGGACGC_007,124
TACGCCCCAAGTTGGGACGC_008,78
TACGCCCCAAGTTGGGACGC_009,188
GCCACATTCTTCACAAACGT_001,16
GCCACATTCTTCACAAACGT_002,148
TTCTGGTGTCCAGAGAAGCA_001,105
TTCTGGTGTCCAGAGAAGCA_002,115
TTCTGGTGTCCAGAGAAGCA_003,11
TTCTGGTGTCCAGAGAAGCA_004,9
TTCTGGTGTCCAGAGAAGCA_005,69
TTCTGGTGTCCAGAGAAGCA_006,8
TTCTGGTGTCCAGAGAAGCA_007,158
ATGAGGGTGGTGTCCTTAGA_001,106
ATGAGGGTGGTGTCCTTAGA_002,50
ATGAGGGTGGTGTCCTTAGA_003,50
ATGAGGGTGGTGTCCTTAGA_004,8
ATGAGGGTGGTGTCCTTAGA_005,13
ATGAGGGTGGTGTCCTTAGA_006,172
ATGAGGGTGGTGTCCTTAGA_007,89
ATGAGGGTGGTGTCCTTAGA_008,75
ATGAGGGTGGTGTCCTTAGA_009,105
ATGAGGGTGGTGTCCTTAGA_010,63
ATGAGGGTGGTGTCCTTAGA_011,176
ATGAGGGTGGTGTCCTTAGA_012,134
ACCCGGCACTACCATTTCGA_001,48
ACCCGGCACTACCATTTCGA_002,126
ACCCGGCACTACCATTTCGA_003,49
ACCCGGCACTACCATTTCGA_004,115
ACCCGGCACTACCATTTCGA_005,76
ACCCGGCACTACCATTTCGA_006,172
ACCCGGCACTACCATTTCGA_007,63
ACCCGGCACTACCATTTCGA_008,158
GTCCTTCTATGTTGTCAGCT_001,82
GTCCTTCTATGTTGTCAGCT_002,92
GTCCTTCTATGTTGTCAGCT_003,195
GGTCCCTGGGAGGCAGCGTG_001,43
GGTCCCTGGGAGGCAGCGTG_002,80
GGTCCCTGGGAGGCAGCGTG_003,121
GGTCCCTGGGAGGCAGCGTG_004,61
GGTCCCTGGGAGGCAGCGTG_005,190
GGTCCCTGGGAGGCAGCGTG_006,35
GGTCCCTGGGAGGCAGCGTG_007,7
GGTCCCTGGGAGGCAGCGTG_008,60
GGTCCCTGGGAGGCAGCGTG_009,117
GGTCCCTGGGAGGCAGCGTG_010,58
GGTCCCTGGGAGGCAGCGTG_011,127
GGTCCCTGGGAGGCAGCGTG_012,105
GGTCCCTGGGAGGCAGCGTG_013,25
GGTCCCTGGGAGGCAGCGTG_014,141
GGTCCCTGGGAGGCAGCGTG_015,58
GGTCCCTGGGAGGCAGCGTG_016,52
GGTCCCTGGGAGGCAGCGTG_017,107
GGTCCCTGGGAGGCAGCGTG_018,135
GGTCCCTGGGAGGCAGCGTG_019,161
GGTCCCTGGGAGGCAGCGTG_020,102
GGTCCCTGGGAGGCAGCGTG_021,102
GGTCCCTGGGAGGCAGCGTG_022,116
GTGGTGGTAAAATGCACTTG_001,116
GTGGTGGTAAAATGCACTTG_002,116
GTGGTGGTAAAATGCACTTG_003,132
GTGGTGGTAAAATGCACTTG_004,27
GTGGTGGTAAAATGCACTTG_005,28
GTGGTGGTAAAATGCACTTG_006,121
GTGGTGGTAAAATGCACTTG_007,194
GTGGTGGTAAAATGCACTTG_008,149
GTGGTGGTAAAATGCACTTG_009,77
GTGGTGGTAAAATGCACTTG_010,146
GTGGTGGTAAAATGCACTTG_011,188
GTGGTGGTAAAATGCACTTG_012,90
GTGGTGGTAAAATGCACTTG_013,99
CCTCGAAACCATGAACGCAG_001,47
CCTCGAAACCATGAACGCAG_002,98
CCTCGAAACCATGAACGCAG_003,183
CCTCGAAACCATGAACGCAG_004,40
CCTCGAAACCATGAACGCAG_005,149
CCTCGAAACCATGAACGCAG_006,99
CCTCGAAACCATGAACGCAG_007,174
CCTCGAAACCATGAACGCAG_008,98
CCTCGAAACCATGAACGCAG_009,116
CCTCGAAACCATGAACGCAG_010,50
CCTCGAAACCATGAACGCAG_011,32
CCTCGAAACCATGAACGCAG_012,102
CCTCGAAACCATGAACGCAG_013,81
CCTCGAAACCATGAACGCAG_014,22
CCTCGAAACCATGAACGCAG_015,191
CCTCGAAACCATGAACGCAG_016,126
CCTCGAAACCATGAACGCAG_017,8
CCTCGAAACCATGAACGCAG_018,88
CCTCGAAACCATGAACGCAG_019,8
CCTCGAAACCATGAACGCAG_020,146
CCTCGAAACCATGAACGCAG_021,174
CCTCGAAACCATGAACGCAG_022,104
CCTCGAAACCATGAACGCAG_023,16
CCTCGAAACCATGAACGCAG_024,101
CCTCGAAACCATGAACGCAG_025,160
CCTCGAAACCATGAACGCAG_026,141
CCTCGAAACCATGAACGCAG_027,109
CCTCGAAACCATGAACGCAG_028,148
TACCGTAACAGCTCGCTCTG_001,112
TACCGTAACAGCTCGCTCTG_002,77
TACCGTAACAGCTCGCTCTG_003,134
TACCGTAACAGCTCGCTCTG_004,162
TACCGTAACAGCTCGCTCTG_005,126
TACCGTAACAGCTCGCTCTG_006,158
TACCGTAACAGCTCGCTCTG_007,63
TACCGTAACAGCTCGCTCTG_008,81
TACCGTAACAGCTCGCTCTG_009,40
TACCGTAACAGCTCGCTCTG_010,184
TACCGTAACAGCTCGCTCTG_011,15
TACCGTAACAGCTCGCTCTG_012,69
TACCGTAACAGCTCGCTCTG_013,96
TACCGTAACAGCTCGCTCTG_014,5
TACCGTAACAGCTCGCTCTG_015,197
TACCGTAACAGCTCGCTCTG_016,58
TACCGTAACAGCTCGCTCTG_017,58
TACCGTAACAGCTCGCTCTG_018,152
TACCGTAACAGCTCGCTCTG_019,30
TACCGTAACAGCTCGCTCTG_020,1
TACCGTAACAGCTCGCTCTG_021,48
TACCGTAACAGCTCGCTCTG_022,148
TACCGTAACAGCTCGCTCTG_023,147
TACCGTAACAGCTCGCTCTG_024,93
TACCGTAACAGCTCGCTCTG_025,17
TACCGTAACAGCTCGCTCTG_026,176
TACCGTAACAGCTCGCTCTG_027,61
TACCGTAACAGCTCGCTCTG_028,162
TACCGTAACAGCTCGCTCTG_029,174
TACCGTAACAGCTCGCTCTG_030,65
TACCGTAACAGCTCGCTCTG_031,142
TACCGTAACAGCTCGCTCTG_032,168
TCTGAAAACAAATCCTACGA_001,128
CAGAAAGCGTGTGTTCCACG_001,15
TGAAGAAGGGGAGCATCTCG_001,144
TGAAGAAGGGGAGCATCTCG_002,150
TGAAGAAGGGGAGCATCTCG_003,198
TGCTGCGCCAGGAAAAGACA_001,41
TGCTGCGCCAGGAAAAGACA_002,123
TGCTGCGCCAGGAAAAGACA_003,142
GGTTACCACCCAATGTCACG_001,51
GGTTACCACCCAATGTCACG_002,193
GGTTACCACCCAATGTCACG_003,105
GGTTACCACCCAATGTCACG_004,153
TTCAGCAACCTGGTTTCAGT_001,122
TTCAGCAACCTGGTTTCAGT_002,102
TTCAGCAACCTGGTTTCAGT_003,69
TTCAGCAACCTGGTTTCAGT_004,16
TTCAGCAACCTGGTTTCAGT_005,158
TTCAGCAACCTGGTTTCAGT_006,31
TTCAGCAACCTGGTTTCAGT_007,29
TTCAGCAACCTGGTTTCAGT_008,84
ACTGCCCAACATGAGATCTG_001,53
ACTGCCCAACATGAGATCTG_002,146
ACTGCCCAACATGAGATCTG_003,26
ACTGCCCAACATGAGATCTG_004,192
ACTGCCCAACATGAGATCTG_005,15
ACTGCCCAACATGAGATCTG_006,65
ACTGCCCAACATGAGATCTG_007,171
ACTGCCCAACATGAGATCTG_008,159
ACTGCCCAACATGAGATCTG_009,78
ACTGCCCAACATGAGATCTG_010,144
ACTGCCCAACATGAGATCTG_011,83
ACTGCCCAACATGAGATCTG_012,47
ACTGCCCAACATGAGATCTG_013,67
ACTGCCCAACATGAGATCTG_014,4
ACTGCCCAACATGAGATCTG_015,159
ACTGCCCAACATGAGATCTG_016,177
ACTGCCCAACATGAGATCTG_017,146
ACTGCCCAACATGAGATCTG_018,2
ACTGCCCAACATGAGATCTG_019,24
ACTGCCCAACATGAGATCTG_020,67
ACTGCCCAACATGAGATCTG_021,169
ACTGCCCAACATGAGATCTG_022,104
ACTGCCCAACATGAGATCTG_023,107
ACTGCCCAACATGAGATCTG_024,9
ACTGCCCAACATGAGATCTG_025,130
ACTGCCCAACATGAGATCTG_026,146
ACTGCCCAACATGAGATCTG_027,116
ACTGCCCAACATGAGATCTG_028,159
ACTGCCCAACATGAGATCTG_029,1
ACTGCCCAACATGAGATCTG_030,144
ACTGCCCAACATGAGATCTG_031,121
AACCTGCAAACAATCAGGCA_001,137
AACCTGCAAACAATCAGGCA_002,125
AACCTGCAAACAATCAGGCA_003,88
AACCTGCAAACAATCAGGCA_004,90
AACCTGCAAACAATCAGGCA_005,149
AACCTGCAAACAATCAGGCA_006,134
AACCTGCAAACAATCAGGCA_007,150
GCACCCCTCGGAGCTAATAG_001,35
GCACCCCTCGGAGCTAATAG_002,58
GCACCCCTCGGAGCTAATAG_003,157
GCACCCCTCGGAGCTAATAG_004,115
GCACCCCTCGGAGCTAATAG_005,15
GCACCCCTCGGAGCTAATAG_006,1
GCACCCCTCGGAGCTAATAG_007,116
CCGGTCATAGGGCACGCGCA_001,160
CCGGTCATAGGGCACGCGCA_002,109
CCGGTCATAGGGCACGCGCA_003,62
CCGGTCATAGGGCACGCGCA_004,188
CCGGTCATAGGGCACGCGCA_005,3
CCGGTCATAGGGCACGCGCA_006,116
CCGGTCATAGGGCACGCGCA_007,121
CCGGTCATAGGGCACGCGCA_008,131
GGCTGAGCTGAGGCAACATG_001,52
GGCTGAGCTGAGGCAACATG_002,96
GGCTGAGCTGAGGCAACATG_003,184
GGCTGAGCTGAGGCAACATG_004,28
GGCTGAGCTGAGGCAACATG_005,129
GGCTGAGCTGAGGCAACATG_006,73
GGCTGAGCTGAGGCAACATG_007,132
GGCTGAGCTGAGGCAACATG_008,85
GGCTGAGCTGAGGCAACATG_009,85
GGCTGAGCTGAGGCAACATG_010,53
GGCTGAGCTGAGGCAACATG_011,190
GGCTGAGCTGAGGCAACATG_012,175
GTTGGCGACTGTGCTTCAAG_001,69
GTTGGCGACTGTGCTTCAAG_002,144
GTTGGCGACTGTGCTTCAAG_003,84
TCCACAACCGCCAATACCAG_001,115
TCCACAACCGCCAATACCAG_002,81
TCCACAACCGCCAATACCAG_003,2
TCCACAACCGCCAATACCAG_004,41
TCCACAACCGCCAATACCAG_005,43
TCCACAACCGCCAATACCAG_006,78
TCCACAACCGCCAATACCAG_007,34
TCCACAACCGCCAATACCAG_008,134
TCCACAACCGCCAATACCAG_009,56
TCCACAACCGCCAATACCAG_010,14
TCCACAACCGCCAATACCAG_011,6
CAGCGATGAAGATGGACGGA_001,194
CAGCGATGAAGATGGACGGA_002,46
CAGCGATGAAGATGGACGGA_003,56
CAGCGATGAAGATGGACGGA_004,15
CAGCGATGAAGATGGACGGA_005,50
CAGCGATGAAGATGGACGGA_006,76
CAGCGATGAAGATGGACGGA_007,76
CAGCGATGAAGATGGACGGA_008,170
CAGCGATGAAGATGGACGGA_009,55
CAGCGATGAAGATGGACGGA_010,58
CAGCGATGAAGATGGACGGA_011,58
CAGACACCTAGACCAGTGGC_001,62
CAGACACCTAGACCAGTGGC_002,154
CAGACACCTAGACCAGTGGC_003,138
CAGACACCTAGACCAGTGGC_004,34
CAGACACCTAGACCAGTGGC_005,82
CAGACACCTAGACCAGTGGC_006,130
CAGACACCTAGACCAGTGGC_007,5
CAGACACCTAGACCAGTGGC_008,149
ATGAAGTGACAGCTCATACG_001,78
ATGAAGTGACAGCTCATACG_002,169
ATGAAGTGACAGCTCATACG_003,153
ATGAAGTGACAGCTCATACG_004,122
ATGAAGTGACAGCTCATACG_005,169
ATGAAGTGACAGCTCATACG_006,60
ATGAAGTGACAGCTCATACG_007,191
CATGGCTGAACTTTGTCCGG_001,127
CATGGCTGAACTTTGTCCGG_002,115
CATGGCTGAACTTTGTCCGG_003,179
CATGGCTGAACTTTGTCCGG_004,18
CATGGCTGAACTTTGTCCGG_005,106
CATGGCTGAACTTTGTCCGG_006,144
CATGGCTGAACTTTGTCCGG_007,46
CATGGCTGAACTTTGTCCGG_008,134
CATGGCTGAACTTTGTCCGG_009,174
CATGGCTGAACTTTGTCCGG_010,39
CATGGCTGAACTTTGTCCGG_011,11
CATGGCTGAACTTTGTCCGG_012,52
CATGGCTGAACTTTGTCCGG_013,5
CATGGCTGAACTTTGTCCGG_014,198
CATGGCTGAACTTTGTCCGG_015,69
CATGGCTGAACTTTGTCCGG_016,165
CATGGCTGAACTTTGTCCGG_017,3
CTGCCGCAAGGCCCGTGCAA_001,5
CTGCCGCAAGGCCCGTGCAA_002,2
CTGCCGCAAGGCCCGTGCAA_003,55
CTGCCGCAAGGCCCGTGCAA_004,114
CTGCCGCAAGGCCCGTGCAA_005,88
CTGCCGCAAGGCCCGTGCAA_006,98
CTGCCGCAAGGCCCGTGCAA_007,28
CTGCCGCAAGGCCCGTGCAA_008,58
CTGCCGCAAGGCCCGTGCAA_009,118
CTGCCGCAAGGCCCGTGCAA_010,133
CTGCCGCAAGGCCCGTGCAA_011,59
CTGCCGCAAGGCCCGTGCAA_012,145
CTGCCGCAAGGCCCGTGCAA_013,60
CTGCCGCAAGGCCCGTGCAA_014,130
CTGCCGCAAGGCCCGTGCAA_015,58
CTGCCGCAAGGCCCGTGCAA_016,88
CTGCCGCAAGGCCCGTGCAA_017,27
CTGCCGCAAGGCCCGTGCAA_018,43
CCACAGGACGTAGAGCATTG_001,127
CCACAGGACGTAGAGCATTG_002,100
CCACAGGACGTAGAGCATTG_003,106
CCACAGGACGTAGAGCATTG_004,53
CCACAGGACGTAGAGCATTG_005,176
CCACAGGACGTAGAGCATTG_006,22
CCACAGGACGTAGAGCATTG_007,2
CCACAGGACGTAGAGCATTG_008,130
CCACAGGACGTAGAGCATTG_009,47
CCACAGGACGTAGAGCATTG_010,113
CCACAGGACGTAGAGCATTG_011,27
CCACAGGACGTAGAGCATTG_012,166
CCACAGGACGTAGAGCATTG_013,168
CCACAGGACGTAGAGCATTG_014,56
CCACAGGACGTAGAGCATTG_015,15
CCACAGGACGTAGAGCATTG_016,23
ATGAACTGGCTTGACTACTT_001,155
ATGAACTGGCTTGACTACTT_002,54
AAGGCTGAGAATTCTAGCTG_001,137
AAGGCTGAGAATTCTAGCTG_002,190
AAGGCTGAGAATTCTAGCTG_003,199
AAGGCTGAGAATTCTAGCTG_004,78
AAGGCTGAGAATTCTAGCTG_005,152
AAGGCTGAGAATTCTAGCTG_006,11
AAGGCTGAGAATTCTAGCTG_007,125
AAGGCTGAGAATTCTAGCTG_008,108
GGTCGGGGCAACTTTACAGA_001,170
GGTCGGGGCAACTTTACAGA_002,191
GGTCGGGGCAACTTTACAGA_003,83
GGTCGGGGCAACTTTACAGA_004,82
GGTCGGGGCAACTTTACAGA_005,48
CTTGCCTGATCGAGACCGTG_001,183
CTTGCCTGATCGAGACCGTG_002,137
CTTGCCTGATCGAGACCGTG_003,26
CTTGCCTGATCGAGACCGTG_004,175
CTTGCCTGATCGAGACCGTG_005,80
CTTGCCTGATCGAGACCGTG_006,95
TTGTTGGCGATGACCAGCAG_001,1
TTGTTGGCGATGACCAGCAG_002,98
TTGTTGGCGATGACCAGCAG_003,166
TTGTTGGCGATGACCAGCAG_004,144
TTGTTGGCGATGACCAGCAG_005,94
TTGTTGGCGATGACCAGCAG_006,120
TTGTTGGCGATGACCAGCAG_007,78
TTGTTGGCGATGACCAGCAG_008,151
TGGTTCTATCTTCTACAACC_001,168
AGCAGAAGGGAGGTGCTAGT_001,191
AGCAGAAGGGAGGTGCTAGT_002,27
AGCAGAAGGGAGGTGCTAGT_003,122
AGCAGAAGGGAGGTGCTAGT_004,137
AGCAGAAGGGAGGTGCTAGT_005,40
AGCAGAAGGGAGGTGCTAGT_006,177
AGCAGAAGGGAGGTGCTAGT_007,121
AGCAGAAGGGAGGTGCTAGT_008,34
AGCAGAAGGGAGGTGCTAGT_009,128
AGCAGAAGGGAGGTGCTAGT_010,178
AGCAGAAGGGAGGTGCTAGT_011,82
AGCAGAAGGGAGGTGCTAGT_012,97
AGCAGAAGGGAGGTGCTAGT_013,140
AGCAGAAGGGAGGTGCTAGT_014,84
AGCAGAAGGGAGGTGCTAGT_015,73
AGCAGAAGGGAGGTGCTAGT_016,172
AGCAGAAGGGAGGTGCTAGT_017,94
AGCAGAAGGGAGGTGCTAGT_018,67
AGCAGAAGGGAGGTGCTAGT_019,40
AGCAGAAGGGAGGTGCTAGT_020,1
AGCAGAAGGGAGGTGCTAGT_021,5
AGCAGAAGGGAGGTGCTAGT_022,169
AGCAGAAGGGAGGTGCTAGT_023,168
AGCAGAAGGGAGGTGCTAGT_024,69
AGCAGAAGGGAGGTGCTAGT_025,154
GGGAAACACGAGCTTCAATG_001,142
GGGAAACACGAGCTTCAATG_002,170
GGGAAACACGAGCTTCAATG_003,16
CTCGATTTGGCAGATATGAA_001,157
CTCGATTTGGCAGATATGAA_002,150
CCTCTGCGTCGAGGGAACCG_001,104
CCTCTGCGTCGAGGGAACCG_002,84
CCTCTGCGTCGAGGGAACCG_003,63
CCTCTGCGTCGAGGGAACCG_004,29
CCTCTGCGTCGAGGGAACCG_005,144
CCTCTGCGTCGAGGGAACCG_006,63
CCTCTGCGTCGAGGGAACCG_007,27
CCTCTGCGTCGAGGGAACCG_008,107
CCTCTGCGTCGAGGGAACCG_009,28
CCTCTGCGTCGAGGGAACCG_010,126
CCTCTGCGTCGAGGGAACCG_011,149
CCTCTGCGTCGAGGGAACCG_012,151
CCTCTGCGTCGAGGGAACCG_013,78
CCTCTGCGTCGAGGGAACCG_014,69
CCTCTGCGTCGAGGGAACCG_015,198
CCTCTGCGTCGAGGGAACCG_016,145
CCTCTGCGTCGAGGGAACCG_017,50
CCTCTGCGTCGAGGGAACCG_018,151
CCTCTGCGTCGAGGGAACCG_019,127
CCTCTGCGTCGAGGGAACCG_020,154
CCTCTGCGTCGAGGGAACCG_021,21
CCTCTGCGTCGAGGGAACCG_022,83
CCTCTGCGTCGAGGGAACCG_023,116
CCTCTGCGTCGAGGGAACCG_024,169
TTGAGCGATCCCTCTATCCC_001,74
TTGAGCGATCCCTCTATCCC_002,184
ACAGGAGCCACAGCTGGAGC_001,11
ACAGGAGCCACAGCTGGAGC_002,147
ACAGGAGCCACAGCTGGAGC_003,46
ACAGGAGCCACAGCTGGAGC_004,174
ACAGGAGCCACAGCTGGAGC_005,192
ACAGGAGCCACAGCTGGAGC_006,93
ACAGGAGCCACAGCTGGAGC_007,0
ACAGGAGCCACAGCTGGAGC_008,127
ACAGGAGCCACAGCTGGAGC_009,48
GTATCCATAGTGAGTTCGAA_001,147
GTATCCATAGTGAGTTCGAA_002,58
GTATCCATAGTGAGTTCGAA_003,151
GTATCCATAGTGAGTTCGAA_004,0
GTATCCATAGTGAGTTCGAA_005,191
GTATCCATAGTGAGTTCGAA_006,118
GTATCCATAGTGAGTTCGAA_007,22
GTATCCATAGTGAGTTCGAA_008,113
GTATCCATAGTGAGTTCGAA_009,68
GTATCCATAGTGAGTTCGAA_010,197
GTATCCATAGTGAGTTCGAA_011,122
GTATCCATAGTGAGTTCGAA_012,1
GTATCCATAGTGAGTTCGAA_013,130
GTATCCATAGTGAGTTCGAA_014,115
GTGACCTGAAATGGTGATCT_001,106
GTGACCTGAAATGGTGATCT_002,69
GTGACCTGAAATGGTGATCT_003,166
GTGACCTGAAATGGTGATCT_004,34
GTGACCTGAAATGGTGATCT_005,54
GTGACCTGAAATGGTGATCT_006,113
GTGACCTGAAATGGTGATCT_007,40
GTGACCTGAAATGGTGATCT_008,127
GTGACCTGAAATGGTGATCT_009,28
TCTTCCAGGAACCCGGTTTG_001,66
TCTTCCAGGAACCCGGTTTG_002,120
CGACTTCAACAGACGCCACA_001,130
CGACTTCAACAGACGCCACA_002,180
CGACTTCAACAGACGCCACA_003,114
CGACTTCAACAGACGCCACA_004,77
CGACTTCAACAGACGCCACA_005,17
CGACTTCAACAGACGCCACA_006,85
CGACTTCAACAGACGCCACA_007,56
CGACTTCAACAGACGCCACA_008,188
CGACTTCAACAGACGCCACA_009,169
CGACTTCAACAGACGCCACA_010,191
CGACTTCAACAGACGCCACA_011,17
CGACTTCAACAGACGCCACA_012,109
CGACTTCAACAGACGCCACA_013,89
CGACTTCAACAGACGCCACA_014,177
CGACTTCAACAGACGCCACA_015,119
CAATAAGCCCCGAGTAGGCG_001,119
CAATAAGCCCCGAGTAGGCG_002,69
CAATAAGCCCCGAGTAGGCG_003,57
CAATAAGCCCCGAGTAGGCG_004,139
CAATAAGCCCCGAGTAGGCG_005,154
CAATAAGCCCCGAGTAGGCG_006,168
CAATAAGCCCCGAGTAGGCG_007,43
CAATAAGCCCCGAGTAGGCG_008,0
GGTCAGCATGCCAATATGTG_001,77
TCAGCGGTCAGATCCTTGGG_001,18
TCAGCGGTCAGATCCTTGGG_002,106
TCAGCGGTCAGATCCTTGGG_003,2
TCAGCGGTCAGATCCTTGGG_004,115
ACCAGCGAGCGGCCCGAAGG_001,194
ACCAGCGAGCGGCCCGAAGG_002,49
ACCAGCGAGCGGCCCGAAGG_003,67
ACCAGCGAGCGGCCCGAAGG_004,141
CATGCAGAGATAAAGCCCTA_001,68
CATGCAGAGATAAAGCCCTA_002,43
CATGCAGAGATAAAGCCCTA_003,34
CATGCAGAGATAAAGCCCTA_004,8
CATGCAGAGATAAAGCCCTA_005,37
CATGCAGAGATAAAGCCCTA_006,5
GGGGCCGCCCGACTACGACG_001,105
GGGGCCGCCCGACTACGACG_002,41
GGGGCCGCCCGACTACGACG_003,160
GGGGCCGCCCGACTACGACG_004,50
GGGGCCGCCCGACTACGACG_005,164
GGGGCCGCCCGACTACGACG_006,24
GGGGCCGCCCGACTACGACG_007,36
GGGGCCGCCCGACTACGACG_008,115
GGGGCCGCCCGACTACGACG_009,188
GGGGCCGCCCGACTACGACG_010,98
GGGGCCGCCCGACTACGACG_011,42
GGGGCCGCCCGACTACGACG_012,98
GGGGCCGCCCGACTACGACG_013,16
GGGGCCGCCCGACTACGACG_014,70
GGGGCCGCCCGACTACGACG_015,68
GGGGCCGCCCGACTACGACG_016,81
GGGGCCGCCCGACTACGACG_017,12
GGGGCCGCCCGACTACGACG_018,125
GGGGCCGCCCGACTACGACG_019,130
GGGGCCGCCCGACTACGACG_020,72
GGGGCCGCCCGACTACGACG_021,94
GGGGCCGCCCGACTACGACG_022,17
GGGGCCGCCCGACTACGACG_023,84
GGGGCCGCCCGACTACGACG_024,21
GGGGCCGCCCGACTACGACG_025,127
GGGGCCGCCCGACTACGACG_026,49
GGGGCCGCCCGACTACGACG_027,10
GGGGCCGCCCGACTACGACG_028,188
GGGGCCGCCCGACTACGACG_029,126
GTGCGCATGGGCTGATGTTA_001,94
GTGCGCATGGGCTGATGTTA_002,160
GTGCGCATGGGCTGATGTTA_003,19
GTGCGCATGGGCTGATGTTA_004,135
GTGCGCATGGGCTGATGTTA_005,96
GTGCGCATGGGCTGATGTTA_006,127
GTGCGCATGGGCTGATGTTA_007,156
GTGCGCATGGGCTGATGTTA_008,78
GTGCGCATGGGCTGATGTTA_009,58
GTGCGCATGGGCTGATGTTA_010,4
GTGCGCATGGGCTGATGTTA_011,5
GTGCGCATGGGCTGATGTTA_012,17
GTGCGCATGGGCTGATGTTA_013,126
GTGCGCATGGGCTGATGTTA_014,101
GTGCGCATGGGCTGATGTTA_015,61
GTGCGCATGGGCTGATGTTA_016,156
GTGCGCATGGGCTGATGTTA_017,149
GTGCGCATGGGCTGATGTTA_018,56
GTGCGCATGGGCTGATGTTA_019,112
GTGCGCATGGGCTGATGTTA_020,51
GTGCGCATGGGCTGATGTTA_021,27
GTGCGCATGGGCTGATGTTA_022,49
GTGCGCATGGGCTGATGTTA_023,175
GTGCGCATGGGCTGATGTTA_024,149
GTGCGCATGGGCTGATGTTA_025,117
GTGCGCATGGGCTGATGTTA_026,57
GTGCGCATGGGCTGATGTTA_027,19
GTGCGCATGGGCTGATGTTA_028,175
GTGCGCATGGGCTGATGTTA_029,138
GTGCGCATGGGCTGATGTTA_030,48
GTGCGCATGGGCTGATGTTA_031,43
GTGCGCATGGGCTGATGTTA_032,37
GTGCGCATGGGCTGATGTTA_033,169
TAGGTAAATCGAGTATTGTG_001,19
TAGGTAAATCGAGTATTGTG_002,63
TAGGTAAATCGAGTATTGTG_003,8
TAGGTAAATCGAGTATTGTG_004,19
TAGGTAAATCGAGTATTGTG_005,115
TAGGTAAATCGAGTATTGTG_006,76
TAGGTAAATCGAGTATTGTG_007,190
CCATGTTCACGAGAGTACAT_001,135
CCATGTTCACGAGAGTACAT_002,116
CCATGTTCACGAGAGTACAT_003,127
CCATGTTCACGAGAGTACAT_004,184
CCATGTTCACGAGAGTACAT_005,88
CCATGTTCACGAGAGTACAT_006,48
CCATGTTCACGAGAGTACAT_007,45
CCATGTTCACGAGAGTACAT_008,91
CCATGTTCACGAGAGTACAT_009,5
CCATGTTCACGAGAGTACAT_010,121
CCATGTTCACGAGAGTACAT_011,17
CCATGTTCACGAGAGTACAT_012,25
CCATGTTCACGAGAGTACAT_013,1
CCATGTTCACGAGAGTACAT_014,57
CCATGTTCACGAGAGTACAT_015,122
CCATGTTCACGAGAGTACAT_016,48
CCATGTTCACGAGAGTACAT_017,184
CATTGTCCTCATCATTCGTG_001,20
CATTGTCCTCATCATTCGTG_002,27
CATTGTCCTCATCATTCGTG_003,91
CATTGTCCTCATCATTCGTG_004,19
CATTGTCCTCATCATTCGTG_005,188
CATTGTCCTCATCATTCGTG_006,105
CATTGTCCTCATCATTCGTG_007,174
CATTGTCCTCATCATTCGTG_008,140
CATTGTCCTCATCATTCGTG_009,93
CATTGTCCTCATCATTCGTG_010,56
CATTGTCCTCATCATTCGTG_011,133
CATTGTCCTCATCATTCGTG_012,12
CATTGTCCTCATCATTCGTG_013,19
CATTGTCCTCATCATTCGTG_014,144
CTCTTCCAGATCTTAGACTG_001,48
CTCTTCCAGATCTTAGACTG_002,17
CTCTTCCAGATCTTAGACTG_003,127
CTCTTCCAGATCTTAGACTG_004,111
CTCTTCCAGATCTTAGACTG_005,166
CTCTTCCAGATCTTAGACTG_006,52
CTCTTCCAGATCTTAGACTG_007,61
CTCTTCCAGATCTTAGACTG_008,58
CTCTTCCAGATCTTAGACTG_009,74
CTCTTCCAGATCTTAGACTG_010,188
CTCTTCCAGATCTTAGACTG_011,81
CTCTTCCAGATCTTAGACTG_012,177
CTCTTCCAGATCTTAGACTG_013,43
CTCTTCCAGATCTTAGACTG_014,27
CTCTTCCAGATCTTAGACTG_015,55
CTCTTCCAGATCTTAGACTG_016,170
TAACATCCTTTCGTGTAACG_001,141
TAACATCCTTTCGTGTAACG_002,174
TAACATCCTTTCGTGTAACG_003,33
AGATGCCAGAATTCATGTTG_001,5
AGATGCCAGAATTCATGTTG_002,94
AGATGCCAGAATTCATGTTG_003,169
AGATGCCAGAATTCATGTTG_004,41
TTTCTATAGAAATCCAATCA_001,180
TTTCTATAGAAATCCAATCA_002,72
TTTCTATAGAAATCCAATCA_003,40
CGGCTCCCCCTTTCTCGGCG_001,148
CGGCTCCCCCTTTCTCGGCG_002,148
CGGCTCCCCCTTTCTCGGCG_003,27
CGGCTCCCCCTTTCTCGGCG_004,41
CGGCTCCCCCTTTCTCGGCG_005,131
CGGCTCCCCCTTTCTCGGCG_006,78
CGGCTCCCCCTTTCTCGGCG_007,169
CGGCTCCCCCTTTCTCGGCG_008,178
CGGCTCCCCCTTTCTCGGCG_009,8
CGGCTCCCCCTTTCTCGGCG_010,188
CGGCTCCCCCTTTCTCGGCG_011,69
CGGCTCCCCCTTTCTCGGCG_012,91
CGGCTCCCCCTTTCTCGGCG_013,120
CGGCTCCCCCTTTCTCGGCG_014,82
CGGCTCCCCCTTTCTCGGCG_015,171
CGGCTCCCCCTTTCTCGGCG_016,166
CGGCTCCCCCTTTCTCGGCG_017,141
CGGCTCCCCCTTTCTCGGCG_018,2
CGGCTCCCCCTTTCTCGGCG_019,169
CGGCTCCCCCTTTCTCGGCG_020,121
CGGCTCCCCCTTTCTCGGCG_021,66
CGGCTCCCCCTTTCTCGGCG_022,57
CGGCTCCCCCTTTCTCGGCG_023,37
CGGCTCCCCCTTTCTCGGCG_024,28
GAAGAATCTTACACCATATG_001,32
GAAGAATCTTACACCATATG_002,62
GAAGAATCTTACACCATATG_003,152
GAAGAATCTTACACCATATG_004,2
GCTGCCAGACCACTTGCTGC_001,146
GCTGCCAGACCACTTGCTGC_002,175
GCTGCCAGACCACTTGCTGC_003,115
GCTGCCAGACCACTTGCTGC_004,192
GCTGCCAGACCACTTGCTGC_005,113
GCTGCCAGACCACTTGCTGC_006,56
GCTGCCAGACCACTTGCTGC_007,57
GCTGCCAGACCACTTGCTGC_008,64
GCTGCCAGACCACTTGCTGC_009,169
GCTGCCAGACCACTTGCTGC_010,127
GCTGCCAGACCACTTGCTGC_011,41
GCTGCCAGACCACTTGCTGC_012,29
AACGTCTTTGAAGGAAGCTG_001,58
AACGTCTTTGAAGGAAGCTG_002,97
AACGTCTTTGAAGGAAGCTG_003,146
AACGTCTTTGAAGGAAGCTG_004,27
AACGTCTTTGAAGGAAGCTG_005,29
AACGTCTTTGAAGGAAGCTG_006,53
AACGTCTTTGAAGGAAGCTG_007,186
GGGTATAGCACCCATAACGA_001,149
GGGTATAGCACCCATAACGA_002,188
GGGTATAGCACCCATAACGA_003,128
GGGTATAGCACCCATAACGA_004,159
AGATGATGGGCACTTCGGAA_001,162
AGATGATGGGCACTTCGGAA_002,133
AGATGATGGGCACTTCGGAA_003,147
AGATGATGGGCACTTCGGAA_004,179
AGATGATGGGCACTTCGGAA_005,133
AGATGATGGGCACTTCGGAA_006,55
AGGAATGGTCAGGCACACAA_001,45
AGGAATGGTCAGGCACACAA_002,163
AGGAATGGTCAGGCACACAA_003,88
AGGAATGGTCAGGCACACAA_004,168
AGGAATGGTCAGGCACACAA_005,175
AGGAATGGTCAGGCACACAA_006,139
AGGAATGGTCAGGCACACAA_007,37
AGGAATGGTCAGGCACACAA_008,140
AGGAATGGTCAGGCACACAA_009,11
AGGAATGGTCAGGCACACAA_010,116
AGGAATGGTCAGGCACACAA_011,36
AGGAATGGTCAGGCACACAA_012,145
AGGAATGGTCAGGCACACAA_013,1
AGGAATGGTCAGGCACACAA_014,17
AGGAATGGTCAGGCACACAA_015,52
AGGAATGGTCAGGCACACAA_016,95
AGGAATGGTCAGGCACACAA_017,113
AGGAATGGTCAGGCACACAA_018,113
AGGAATGGTCAGGCACACAA_019,108
AGGAATGGTCAGGCACACAA_020,168
AGGAATGGTCAGGCACACAA_021,130
AGGAATGGTCAGGCACACAA_022,187
AGGAATGGTCAGGCACACAA_023,62
AGGAATGGTCAGGCACACAA_024,50
AGGAATGGTCAGGCACACAA_025,39
AGGAATGGTCAGGCACACAA_026,170
AGGAATGGTCAGGCACACAA_027,163
AGGAATGGTCAGGCACACAA_028,106
AGGAATGGTCAGGCACACAA_029,63
AGGAATGGTCAGGCACACAA_030,34
AGGAATGGTCAGGCACACAA_031,48
AGGAATGGTCAGGCACACAA_032,65
AGGAATGGTCAGGCACACAA_033,191
AGGAATGGTCAGGCACACAA_034,43
AGGAATGGTCAGGCACACAA_035,40
AGGAATGGTCAGGCACACAA_036,124
AGGAATGGTCAGGCACACAA_037,161
AGGAATGGTCAGGCACACAA_038,155
CAGAGCTGGGAGTGACCAAG_001,49
CAGAGCTGGGAGTGACCAAG_002,185
CAGAGCTGGGAGTGACCAAG_003,137
CAGAGCTGGGAGTGACCAAG_004,20
CAGAGCTGGGAGTGACCAAG_005,95
CCTCAGTCACTTGACGCGAG_001,147
CCTCAGTCACTTGACGCGAG_002,21
CCTCAGTCACTTGACGCGAG_003,8
CCTCAGTCACTTGACGCGAG_004,106
CCTCAGTCACTTGACGCGAG_005,35
GGATGTTCACACCCTCGTAG_001,88
GGATGTTCACACCCTCGTAG_002,70
GGATGTTCACACCCTCGTAG_003,50
GGATGTTCACACCCTCGTAG_004,12
GGATGTTCACACCCTCGTAG_005,85
GGATGTTCACACCCTCGTAG_006,138
GGATGTTCACACCCTCGTAG_007,119
GGATGTTCACACCCTCGTAG_008,63
GGATGTTCACACCCTCGTAG_009,14
GGATGTTCACACCCTCGTAG_010,78
GGATGTTCACACCCTCGTAG_011,199
GATAAGAGTCCACACAGTTG_001,14
TGTGTTCGTCACGTTCAATG_001,117
TGTGTTCGTCACGTTCAATG_002,88
TGTGTTCGTCACGTTCAATG_003,151
TGTGTTCGTCACGTTCAATG_004,76
TGTGTTCGTCACGTTCAATG_005,168
TGTGTTCGTCACGTTCAATG_006,145
TGTGTTCGTCACGTTCAATG_007,27
ATGACGACGAGCAACCAGTG_001,56
ATGACGACGAGCAACCAGTG_002,167
ATGACGACGAGCAACCAGTG_003,65
ATGACGACGAGCAACCAGTG_004,130
ATGACGACGAGCAACCAGTG_005,103
ATGACGACGAGCAACCAGTG_006,174
ATGACGACGAGCAACCAGTG_007,29
ATGACGACGAGCAACCAGTG_008,94
ATGACGACGAGCAACCAGTG_009,16
ATGACGACGAGCAACCAGTG_010,94
ATGACGACGAGCAACCAGTG_011,40
ATGACGACGAGCAACCAGTG_012,27
ATGACGACGAGCAACCAGTG_013,158
ATGACGACGAGCAACCAGTG_014,105
ATGACGACGAGCAACCAGTG_015,31
ATGACGACGAGCAACCAGTG_016,152
ATGACGACGAGCAACCAGTG_017,69
GGTGCTGCATGGATATGAAG_001,171
GGTGCTGCATGGATATGAAG_002,127
GGTGCTGCATGGATATGAAG_003,51
GGTGCTGCATGGATATGAAG_004,150
GGTGCTGCATGGATATGAAG_005,166
GGTGCTGCATGGATATGAAG_006,107
GGTGCTGCATGGATATGAAG_007,162
GGTGCTGCATGGATATGAAG_008,77
CCTGAGTGATGTCCACGGAA_001,168
CCTGAGTGATGTCCACGGAA_002,148
CCTGAGTGATGTCCACGGAA_003,34
AGGGGAATCCTATTTAACGC_001,64
AGAAACACTTATGGCTCCCG_001,39
AGAAACACTTATGGCTCCCG_002,16
AGAAACACTTATGGCTCCCG_003,94
AGAAACACTTATGGCTCCCG_004,94
AGAAACACTTATGGCTCCCG_005,79
AGAAACACTTATGGCTCCCG_006,3
TAAAAGTAAATCTTCCCAGA_001,146
CCTAACCCCTGGCCAGGAAG_001,149
CCTAACCCCTGGCCAGGAAG_002,127
CCTAACCCCTGGCCAGGAAG_003,81
CCTAACCCCTGGCCAGGAAG_004,63
CCTAACCCCTGGCCAGGAAG_005,169
CCTAACCCCTGGCCAGGAAG_006,41
CCTAACCCCTGGCCAGGAAG_007,48
CCTAACCCCTGGCCAGGAAG_008,47
CCTAACCCCTGGCCAGGAAG_009,108
CCTAACCCCTGGCCAGGAAG_010,86
CCTAACCCCTGGCCAGGAAG_011,83
CCTAACCCCTGGCCAGGAAG_012,145
CCTAACCCCTGGCCAGGAAG_013,50
CCTAACCCCTGGCCAGGAAG_014,113
CCTAACCCCTGGCCAGGAAG_015,110
CCTAACCCCTGGCCAGGAAG_016,83
CCTAACCCCTGGCCAGGAAG_017,50
CCTAACCCCTGGCCAGGAAG_018,128
CCTAACCCCTGGCCAGGAAG_019,86
CCTAACCCCTGGCCAGGAAG_020,191
CCTAACCCCTGGCCAGGAAG_021,132
CCTAACCCCTGGCCAGGAAG_022,27
CCTAACCCCTGGCCAGGAAG_023,46
CCTAACCCCTGGCCAGGAAG_024,158
CCTAACCCCTGGCCAGGAAG_025,55
CCTAACCCCTGGCCAGGAAG_026,50
CCTAACCCCTGGCCAGGAAG_027,88
CCTAACCCCTGGCCAGGAAG_028,37
CCTAACCCCTGGCCAGGAAG_029,185
CCTAACCCCTGGCCAGGAAG_030,121
CCTAACCCCTGGCCAGGAAG_031,60
CCTAACCCCTGGCCAGGAAG_032,190
CCTAACCCCTGGCCAGGAAG_033,81
CCTAACCCCTGGCCAGGAAG_034,31
CGGGACCAAATTCTTACGGT_001,59
TACTGTGTCTCTGAATACTG_001,120
AGAAGGCGCACGAGCTCATG_001,42
AGAAGGCGCACGAGCTCATG_002,2
AGAAGGCGCACGAGCTCATG_003,166
AGAAGGCGCACGAGCTCATG_004,55
AGAAGGCGCACGAGCTCATG_005,95
AGAAGGCGCACGAGCTCATG_006,148
AGAAGGCGCACGAGCTCATG_007,35
AGAAGGCGCACGAGCTCATG_008,40
AGAAGGCGCACGAGCTCATG_009,65
AGAAGGCGCACGAGCTCATG_010,88
AGAAGGCGCACGAGCTCATG_011,50
AGAAGGCGCACGAGCTCATG_012,157
AGAAGGCGCACGAGCTCATG_013,174
AGAAGGCGCACGAGCTCATG_014,165
AGAAGGCGCACGAGCTCATG_015,84
AGAAGGCGCACGAGCTCATG_016,99
AGAAGGCGCACGAGCTCATG_017,111
AGAAGGCGCACGAGCTCATG_018,97
AGAAGGCGCACGAGCTCATG_019,114
AGAAGGCGCACGAGCTCATG_020,55
AGAAGGCGCACGAGCTCATG_021,125
AGAGCCCTGGATAGTAATGA_001,178
AGAGCCCTGGATAGTAATGA_002,75
AGAGCCCTGGATAGTAATGA_003,61
AGAGCCCTGGATAGTAATGA_004,61
ATGGCCCTTTCAACGTCCTG_001,170
ATGGCCCTTTCAACGTCCTG_002,15
ATGGCCCTTTCAACGTCCTG_003,164
ATGGCCCTTTCAACGTCCTG_004,167
ATGGCCCTTTCAACGTCCTG_005,65
ATGGCCCTTTCAACGTCCTG_006,158
ATGGCCCTTTCAACGTCCTG_007,105
ATGGCCCTTTCAACGTCCTG_008,77
ATGGCCCTTTCAACGTCCTG_009,61
ATGGCCCTTTCAACGTCCTG_010,183
AACTCGAAAATCAGTAACAG_001,68
AACTCGAAAATCAGTAACAG_002,7
AACTCGAAAATCAGTAACAG_003,32
AACTCGAAAATCAGTAACAG_004,147
AACTCGAAAATCAGTAACAG_005,57
AACTCGAAAATCAGTAACAG_006,104
AACTCGAAAATCAGTAACAG_007,140
AACTCGAAAATCAGTAACAG_008,145
AACTCGAAAATCAGTAACAG_009,161
AACTCGAAAATCAGTAACAG_010,76
AACTCGAAAATCAGTAACAG_011,147
AACTCGAAAATCAGTAACAG_012,115
AACTCGAAAATCAGTAACAG_013,190
AACTCGAAAATCAGTAACAG_014,48
AACTCGAAAATCAGTAACAG_015,77
AACTCGAAAATCAGTAACAG_016,23
AACTCGAAAATCAGTAACAG_017,63
AACTCGAAAATCAGTAACAG_018,106
AGGAACTTCTACCTTCAAGT_001,118
AGGAACTTCTACCTTCAAGT_002,157
AGGAACTTCTACCTTCAAGT_003,188
AGGAACTTCTACCTTCAAGT_004,56
AGGAACTTCTACCTTCAAGT_005,163
AGGAACTTCTACCTTCAAGT_006,183
AGGAACTTCTACCTTCAAGT_007,50
CAATAAATCGGACTGTGCCG_001,135
CAATAAATCGGACTGTGCCG_002,124
AGTGGTCTCGGAAAGTTGTG_001,166
AGTGGTCTCGGAAAGTTGTG_002,184
AGTGGTCTCGGAAAGTTGTG_003,49
AGTGGTCTCGGAAAGTTGTG_004,92
AGTGGTCTCGGAAAGTTGTG_005,114
AGTGGTCTCGGAAAGTTGTG_006,58
AGTGGTCTCGGAAAGTTGTG_007,3
AGTGGTCTCGGAAAGTTGTG_008,65
AGTGGTCTCGGAAAGTTGTG_009,195
CTAGACCGGAGCATCCGAGG_001,125
CTAGACCGGAGCATCCGAGG_002,16
CTAGACCGGAGCATCCGAGG_003,77
CTAGACCGGAGCATCCGAGG_004,184
CTAGACCGGAGCATCCGAGG_005,149
CTAGACCGGAGCATCCGAGG_006,172
CTAGACCGGAGCATCCGAGG_007,0
CTAGACCGGAGCATCCGAGG_008,97
GAAGCCGGGCCATTATTCAG_001,117
GAAGCCGGGCCATTATTCAG_002,65
GAAGCCGGGCCATTATTCAG_003,88
GCTGACCGCCTGTCCTACTC_001,193
GCTGACCGCCTGTCCTACTC_002,154
GCTGACCGCCTGTCCTACTC_003,69
GCTGACCGCCTGTCCTACTC_004,32
GCTGACCGCCTGTCCTACTC_005,156
GCTGACCGCCTGTCCTACTC_006,137
GCTGACCGCCTGTCCTACTC_007,31
GCTGACCGCCTGTCCTACTC_008,162
GCTGACCGCCTGTCCTACTC_009,68
GCTGACCGCCTGTCCTACTC_010,158
GCTGACCGCCTGTCCTACTC_011,120
GCTGACCGCCTGTCCTACTC_012,198
GCTGACCGCCTGTCCTACTC_013,132
GCTGACCGCCTGTCCTACTC_014,154
GCTGACCGCCTGTCCTACTC_015,177
GGGAATGTATTCCAGCTCCG_001,63
GGGAATGTATTCCAGCTCCG_002,88
GGGAATGTATTCCAGCTCCG_003,181
GGGAATGTATTCCAGCTCCG_004,92
ATTCCCCACTAGGATCCGAA_001,32
ATTCCCCACTAGGATCCGAA_002,141
ATTCCCCACTAGGATCCGAA_003,59
ATTCCCCACTAGGATCCGAA_004,60
ATTCCCCACTAGGATCCGAA_005,26
ATTCCCCACTAGGATCCGAA_006,23
ATTCCCCACTAGGATCCGAA_007,61
ATTCCCCACTAGGATCCGAA_008,150
ATTCCCCACTAGGATCCGAA_009,177
ATTCCCCACTAGGATCCGAA_010,159
ATTCCCCACTAGGATCCGAA_011,4
ATTCCCCACTAGGATCCGAA_012,166
ATTCCCCACTAGGATCCGAA_013,77
ATTCCCCACTAGGATCCGAA_014,189
ATTCCCCACTAGGATCCGAA_015,4
ATTCCCCACTAGGATCCGAA_016,102
ATTCCCCACTAGGATCCGAA_017,92
ATTCCCCACTAGGATCCGAA_018,7
GCTCACACCTAACTAGACAT_001,142
GCTCACACCTAACTAGACAT_002,182
GCTCACACCTAACTAGACAT_003,146
GCTCACACCTAACTAGACAT_004,176
GCTCACACCTAACTAGACAT_005,48
GCTCACACCTAACTAGACAT_006,33
GCTCACACCTAACTAGACAT_007,42
GCTCACACCTAACTAGACAT_008,197
GCTCACACCTAACTAGACAT_009,54
GCTCACACCTAACTAGACAT_010,193
GCTCACACCTAACTAGACAT_011,56
GCTCACACCTAACTAGACAT_012,52
GCTCACACCTAACTAGACAT_013,88
GCTCACACCTAACTAGACAT_014,32
GCTCACACCTAACTAGACAT_015,99
GCTCACACCTAACTAGACAT_016,5
GCTCACACCTAACTAGACAT_017,159
GCTCACACCTAACTAGACAT_018,9
GCTCACACCTAACTAGACAT_019,147
GCTCACACCTAACTAGACAT_020,199
GCTCACACCTAACTAGACAT_021,103
GTGTATGTGCCCTACACCCA_001,85
GTGTATGTGCCCTACACCCA_002,118
GTGTATGTGCCCTACACCCA_003,138
GTGTATGTGCCCTACACCCA_004,114
TGGAATAGCAGAGACTCCGG_001,11
TGGAATAGCAGAGACTCCGG_002,173
TGGAATAGCAGAGACTCCGG_003,186
TGGAATAGCAGAGACTCCGG_004,156
TGGAATAGCAGAGACTCCGG_005,44
TGGAATAGCAGAGACTCCGG_006,96
TGGAATAGCAGAGACTCCGG_007,88
TGGAATAGCAGAGACTCCGG_008,72
TGGAATAGCAGAGACTCCGG_009,155
TGGAATAGCAGAGACTCCGG_010,81
TGGAATAGCAGAGACTCCGG_011,50
CTCCCGGCCAGCCCGGAACA_001,32
CTCCCGGCCAGCCCGGAACA_002,157
CTCCCGGCCAGCCCGGAACA_003,145
ATCACCAATGAGACCTTCCG_001,105
ATCACCAATGAGACCTTCCG_002,84
ATCACCAATGAGACCTTCCG_003,115
AAGGCTCAACCTACAAACGG_001,78
AAGGCTCAACCTACAAACGG_002,135
AAGGCTCAACCTACAAACGG_003,133
AAGGCTCAACCTACAAACGG_004,183
AAGGCTCAACCTACAAACGG_005,69
AAGGCTCAACCTACAAACGG_006,32
AAGGCTCAACCTACAAACGG_007,166
CGCGCAGAAGGCAAGCAGGG_001,79
CGCGCAGAAGGCAAGCAGGG_002,61
CGCGCAGAAGGCAAGCAGGG_003,9
CGCGCAGAAGGCAAGCAGGG_004,62
CGCGCAGAAGGCAAGCAGGG_005,112
CGCGCAGAAGGCAAGCAGGG_006,187
CGCGCAGAAGGCAAGCAGGG_007,127
CGCGCAGAAGGCAAGCAGGG_008,81
CGCGCAGAAGGCAAGCAGGG_009,118
CGCGCAGAAGGCAAGCAGGG_010,19
CGCGCAGAAGGCAAGCAGGG_011,1
CGCGCAGAAGGCAAGCAGGG_012,82
CGCGCAGAAGGCAAGCAGGG_013,20
CGCGCAGAAGGCAAGCAGGG_014,126
CGCGCAGAAGGCAAGCAGGG_015,128
CGCGCAGAAGGCAAGCAGGG_016,128
CGCGCAGAAGGCAAGCAGGG_017,170
CGCGCAGAAGGCAAGCAGGG_018,137
CGCGCAGAAGGCAAGCAGGG_019,144
CGCGCAGAAGGCAAGCAGGG_020,78
CGCGCAGAAGGCAAGCAGGG_021,169
CGCGCAGAAGGCAAGCAGGG_022,11
CGCGCAGAAGGCAAGCAGGG_023,113
CGCGCAGAAGGCAAGCAGGG_024,176
CGCGCAGAAGGCAAGCAGGG_025,4
CGCGCAGAAGGCAAGCAGGG_026,104
CGCGCAGAAGGCAAGCAGGG_027,67
CGCGCAGAAGGCAAGCAGGG_028,1
CGCGCAGAAGGCAAGCAGGG_029,94
CGCGCAGAAGGCAAGCAGGG_030,9
CGCGCAGAAGGCAAGCAGGG_031,188
CGCGCAGAAGGCAAGCAGGG_032,17
CGCGCAGAAGGCAAGCAGGG_033,178
CGCGCAGAAGGCAAGCAGGG_034,46
CGCGCAGAAGGCAAGCAGGG_035,188
CGCGCAGAAGGCAAGCAGGG_036,180
CGCGCAGAAGGCAAGCAGGG_037,115
CGCGCAGAAGGCAAGCAGGG_038,165
CGCGCAGAAGGCAAGCAGGG_039,182
CGCGCAGAAGGCAAGCAGGG_040,9
CGCGCAGAAGGCAAGCAGGG_041,106
AGTGCGGTGATGCACTTGGG_001,126
AGTGCGGTGATGCACTTGGG_002,159
AGTGCGGTGATGCACTTGGG_003,136
AGTGCGGTGATGCACTTGGG_004,119
GGCATCTGGAAATTACAGAC_001,83
GGCATCTGGAAATTACAGAC_002,9
TGGGACACTCCAGTATTGGG_001,98
TGGGACACTCCAGTATTGGG_002,82
TGGGACACTCCAGTATTGGG_003,174
TGGGACACTCCAGTATTGGG_004,175
TGGGACACTCCAGTATTGGG_005,72
TGGGACACTCCAGTATTGGG_006,60
TGGGACACTCCAGTATTGGG_007,10
TGTGTCTCAGCTAATCCAAA_001,193
TGTGTCTCAGCTAATCCAAA_002,102
TTCCCTAGGACTCTCACAGA_001,8
TTCCCTAGGACTCTCACAGA_002,75
TTCCCTAGGACTCTCACAGA_003,164
TTCCCTAGGACTCTCACAGA_004,135
TTCCCTAGGACTCTCACAGA_005,85
TTCCCTAGGACTCTCACAGA_006,172
TTCCCTAGGACTCTCACAGA_007,72
TTCCCTAGGACTCTCACAGA_008,58
TTCCCTAGGACTCTCACAGA_009,85
GGCAGCCGAGAAGGTGTCCG_001,3
GGCAGCCGAGAAGGTGTCCG_002,124
GGCAGCCGAGAAGGTGTCCG_003,50
GGCAGCCGAGAAGGTGTCCG_004,105
GGCAGCCGAGAAGGTGTCCG_005,16
GGCAGCCGAGAAGGTGTCCG_006,50
GGCAGCCGAGAAGGTGTCCG_007,198
GGCAGCCGAGAAGGTGTCCG_008,184
GGCAGCCGAGAAGGTGTCCG_009,188
GGCAGCCGAGAAGGTGTCCG_010,28
GGCAGCCGAGAAGGTGTCCG_011,106
GGCAGCCGAGAAGGTGTCCG_012,122
CCTGGGGTCTCCCTACCCGG_001,16
CCTGGGGTCTCCCTACCCGG_002,178
CCTGGGGTCTCCCTACCCGG_003,177
CCTGGGGTCTCCCTACCCGG_004,115
CCTGGGGTCTCCCTACCCGG_005,174
CCTGGGGTCTCCCTACCCGG_006,147
CCTGGGGTCTCCCTACCCGG_007,149
CCTGGGGTCTCCCTACCCGG_008,149
CCTGGGGTCTCCCTACCCGG_009,26
CCTGGGGTCTCCCTACCCGG_010,191
CCTGGGGTCTCCCTACCCGG_011,191
CCTGGGGTCTCCCTACCCGG_012,9
CTACGATGATGACCGCAAGT_001,38
AATCCAGATGTAGGAACCAG_001,53
AATCCAGATGTAGGAACCAG_002,51
AATCCAGATGTAGGAACCAG_003,176
AATCCAGATGTAGGAACCAG_004,88
AATCCAGATGTAGGAACCAG_005,106
AATCCAGATGTAGGAACCAG_006,137
AATCCAGATGTAGGAACCAG_007,132
AATCCAGATGTAGGAACCAG_008,47
AATCCAGATGTAGGAACCAG_009,100
AATCCAGATGTAGGAACCAG_010,104
AATCCAGATGTAGGAACCAG_011,86
AATCCAGATGTAGGAACCAG_012,42
AATCCAGATGTAGGAACCAG_013,92
AATCCAGATGTAGGAACCAG_014,154
AATCCAGATGTAGGAACCAG_015,168
CAACAGGGAAATCTGCACGA_001,136
CAACAGGGAAATCTGCACGA_002,168
CAACAGGGAAATCTGCACGA_003,96
CAACAGGGAAATCTGCACGA_004,112
CAACAGGGAAATCTGCACGA_005,94
CAACAGGGAAATCTGCACGA_006,56
GGGGACAAGAAGAACTACCG_001,114
GGGGACAAGAAGAACTACCG_002,15
GGGGACAAGAAGAACTACCG_003,35
GGGGACAAGAAGAACTACCG_004,105
GGGGACAAGAAGAACTACCG_005,55
GGGGACAAGAAGAACTACCG_006,119
GGGGACAAGAAGAACTACCG_007,55
GGGGACAAGAAGAACTACCG_008,148
GGGGACAAGAAGAACTACCG_009,123
GGGGACAAGAAGAACTACCG_010,13
GGGGACAAGAAGAACTACCG_011,171
GGGGACAAGAAGAACTACCG_012,141
GGGGACAAGAAGAACTACCG_013,76
GGGGACAAGAAGAACTACCG_014,100
GTGTTCAATGAAATCGTGCG_001,169
GTGTTCAATGAAATCGTGCG_002,84
GTGTTCAATGAAATCGTGCG_003,197
GTGTTCAATGAAATCGTGCG_004,128
GTGTTCAATGAAATCGTGCG_005,126
GTGTTCAATGAAATCGTGCG_006,138
GTGTTCAATGAAATCGTGCG_007,171
CTGGCAGCATGAGGGTGTGC_001,52
CTGGCAGCATGAGGGTGTGC_002,58
CTGGCAGCATGAGGGTGTGC_003,24
CTGGCAGCATGAGGGTGTGC_004,92
CTGGCAGCATGAGGGTGTGC_005,194
CTGGCAGCATGAGGGTGTGC_006,45
CTGGCAGCATGAGGGTGTGC_007,95
CTGGCAGCATGAGGGTGTGC_008,163
CTGGCAGCATGAGGGTGTGC_009,127
CTGGCAGCATGAGGGTGTGC_010,37
CTGGCAGCATGAGGGTGTGC_011,104
CTGGCAGCATGAGGGTGTGC_012,129
CTGGCAGCATGAGGGTGTGC_013,183
CTGGCAGCATGAGGGTGTGC_014,97
CTGGCAGCATGAGGGTGTGC_015,27
CTGGCAGCATGAGGGTGTGC_016,26
CTGGCAGCATGAGGGTGTGC_017,81
CTGGCAGCATGAGGGTGTGC_018,188
CTGGCAGCATGAGGGTGTGC_019,188
CTGGCAGCATGAGGGTGTGC_020,197
GGCCGCTCATCGCAGCACTG_001,158
GGCCGCTCATCGCAGCACTG_002,107
GGCCGCTCATCGCAGCACTG_003,41
GGGGGATGGAGTGAGCTACG_001,174
GGGGGATGGAGTGAGCTACG_002,36
GGGGGATGGAGTGAGCTACG_003,57
GGGGGATGGAGTGAGCTACG_004,171
GGGGGATGGAGTGAGCTACG_005,42
GGGGGATGGAGTGAGCTACG_006,45
GGGGGATGGAGTGAGCTACG_007,151
GGGGGATGGAGTGAGCTACG_008,150
GGGGGATGGAGTGAGCTACG_009,0
GGGGGATGGAGTGAGCTACG_010,47
GGGGGATGGAGTGAGCTACG_011,95
GGGGGATGGAGTGAGCTACG_012,144
GGGGGATGGAGTGAGCTACG_013,88
GGGGGATGGAGTGAGCTACG_014,98
GGGGGATGGAGTGAGCTACG_015,57
GGGGGATGGAGTGAGCTACG_016,42
GGGGGATGGAGTGAGCTACG_017,77
GGGGGATGGAGTGAGCTACG_018,175
GGGGGATGGAGTGAGCTACG_019,161
GGGGGATGGAGTGAGCTACG_020,50
GGGGGATGGAGTGAGCTACG_021,52
GGGGGATGGAGTGAGCTACG_022,156
GGGGGATGGAGTGAGCTACG_023,162
GGGGGATGGAGTGAGCTACG_024,94
GGGGGATGGAGTGAGCTACG_025,174
GGGGGATGGAGTGAGCTACG_026,150
GGGGGATGGAGTGAGCTACG_027,78
GGGGGATGGAGTGAGCTACG_028,43
GGGGGATGGAGTGAGCTACG_029,130
GGGGGATGGAGTGAGCTACG_030,28
GGGGGATGGAGTGAGCTACG_031,191
GGGGGATGGAGTGAGCTACG_032,137
GGGGGATGGAGTGAGCTACG_033,170
GGGGGATGGAGTGAGCTACG_034,40
GGGGGATGGAGTGAGCTACG_035,79
GGGGGATGGAGTGAGCTACG_036,33
GTTGGAAATAAAACCTGCGC_001,69
GTTGGAAATAAAACCTGCGC_002,8
CTTACCACAGAAACAAGTGT_001,17
CTTACCACAGAAACAAGTGT_002,12
CTTACCACAGAAACAAGTGT_003,127
CTTACCACAGAAACAAGTGT_004,47
TTCTCCGTCTACCAGCACTC_001,106
TTCTCCGTCTACCAGCACTC_002,104
TTCTCCGTCTACCAGCACTC_003,169
TTCTCCGTCTACCAGCACTC_004,87
TTCTCCGTCTACCAGCACTC_005,68
TTCTCCGTCTACCAGCACTC_006,28
TTCTCCGTCTACCAGCACTC_007,126
TTCTCCGTCTACCAGCACTC_008,104
GCATCCCAGTACCAGCACCG_001,146
GCATCCCAGTACCAGCACCG_002,2
GCATCCCAGTACCAGCACCG_003,1
GCATCCCAGTACCAGCACCG_004,177
GCATCCCAGTACCAGCACCG_005,98
GCATCCCAGTACCAGCACCG_006,125
GCATCCCAGTACCAGCACCG_007,113
GCATCCCAGTACCAGCACCG_008,185
GCATCCCAGTACCAGCACCG_009,27
GCATCCCAGTACCAGCACCG_010,76
GCATCCCAGTACCAGCACCG_011,166
GCATCCCAGTACCAGCACCG_012,196
GCATCCCAGTACCAGCACCG_013,97
AAGGATGTAACCATCAAGTG_001,137
AAGGATGTAACCATCAAGTG_002,12
AAGGATGTAACCATCAAGTG_003,43
AAGGATGTAACCATCAAGTG_004,92
AAGGATGTAACCATCAAGTG_005,127
AAGGATGTAACCATCAAGTG_006,48
AAGGATGTAACCATCAAGTG_007,159
AAGGATGTAACCATCAAGTG_008,194
AAGGATGTAACCATCAAGTG_009,172
AAGGATGTAACCATCAAGTG_010,98
AAGGATGTAACCATCAAGTG_011,9
AAGGATGTAACCATCAAGTG_012,168
AAGGATGTAACCATCAAGTG_013,146
AAGGATGTAACCATCAAGTG_014,192
AAGGATGTAACCATCAAGTG_015,30
AAGGATGTAACCATCAAGTG_016,79
AAGGATGTAACCATCAAGTG_017,126
AAGGATGTAACCATCAAGTG_018,188
AAGGATGTAACCATCAAGTG_019,16
AGTGGGCGCTATGAATGTCA_001,183
AGTGGGCGCTATGAATGTCA_002,189
AGTGGGCGCTATGAATGTCA_003,160
AGTGGGCGCTATGAATGTCA_004,157
AGTGGGCGCTATGAATGTCA_005,70
AGTGGGCGCTATGAATGTCA_006,82
AGTGGGCGCTATGAATGTCA_007,192
AGTGGGCGCTATGAATGTCA_008,58
AGTGGGCGCTATGAATGTCA_009,20
AGTGGGCGCTATGAATGTCA_010,121
AGTGGGCGCTATGAATGTCA_011,138
AGTGGGCGCTATGAATGTCA_012,182
AGTGTCACTTCCGTCAGGAG_001,177
AGTGTCACTTCCGTCAGGAG_002,32
AGTGTCACTTCCGTCAGGAG_003,181
AGTGTCACTTCCGTCAGGAG_004,181
AGTGTCACTTCCGTCAGGAG_005,60
AGTGTCACTTCCGTCAGGAG_006,172
AGTGTCACTTCCGTCAGGAG_007,131
AGTGTCACTTCCGTCAGGAG_008,136
AGTGTCACTTCCGTCAGGAG_009,38
AGTGTCACTTCCGTCAGGAG_010,83
AGTGTCACTTCCGTCAGGAG_011,147
AGTGTCACTTCCGTCAGGAG_012,50
AGTGTCACTTCCGTCAGGAG_013,138
AGTGTCACTTCCGTCAGGAG_014,34
AGTGTCACTTCCGTCAGGAG_015,3
AGTGTCACTTCCGTCAGGAG_016,77
CATTCATGCACCGAACTGCG_001,66
CATTCATGCACCGAACTGCG_002,94
CATTCATGCACCGAACTGCG_003,166
GGAAGTAACGATAGATGCTG_001,40
GGAAGTAACGATAGATGCTG_002,159
GGAAGTAACGATAGATGCTG_003,197
GGAAGTAACGATAGATGCTG_004,53
GGAAGTAACGATAGATGCTG_005,102
GGAAGTAACGATAGATGCTG_006,196
GGAAGTAACGATAGATGCTG_007,106
GGAAGTAACGATAGATGCTG_008,115
GGAAGTAACGATAGATGCTG_009,19
GGAAGTAACGATAGATGCTG_010,24
GGAAGTAACGATAGATGCTG_011,68
GGAAGTAACGATAGATGCTG_012,83
GGAAGTAACGATAGATGCTG_013,126
GGAAGTAACGATAGATGCTG_014,199
GGAAGTAACGATAGATGCTG_015,70
GGAAGTAACGATAGATGCTG_016,137
GGAAGTAACGATAGATGCTG_017,104
GGAAGTAACGATAGATGCTG_018,191
GGAAGTAACGATAGATGCTG_019,188
GGAAGTAACGATAGATGCTG_020,10
CCTTCGACTTAGGGTGTGGC_001,24
CCTTCGACTTAGGGTGTGGC_002,139
CCTTCGACTTAGGGTGTGGC_003,54
CCTTCGACTTAGGGTGTGGC_004,81
CCTTCGACTTAGGGTGTGGC_005,75
CCTTCGACTTAGGGTGTGGC_006,29
CCTTCGACTTAGGGTGTGGC_007,86
CCTTCGACTTAGGGTGTGGC_008,83
CCTTCGACTTAGGGTGTGGC_009,148
CCTTCGACTTAGGGTGTGGC_010,129
CCTTCGACTTAGGGTGTGGC_011,190
CCTTCGACTTAGGGTGTGGC_012,9
CCTTCGACTTAGGGTGTGGC_013,94
CCTTCGACTTAGGGTGTGGC_014,24
AAGATCCCAGGTCTTGCCCA_001,27
AAGATCCCAGGTCTTGCCCA_002,97
AAGATCCCAGGTCTTGCCCA_003,158
AAGATCCCAGGTCTTGCCCA_004,50
AAGATCCCAGGTCTTGCCCA_005,140
AAGATCCCAGGTCTTGCCCA_006,9
AAGATCCCAGGTCTTGCCCA_007,63
TATGTGCCGAGTAAATAATG_001,73
TATGTGCCGAGTAAATAATG_002,141
TATGTGCCGAGTAAATAATG_003,169
TATGTGCCGAGTAAATAATG_004,24
TATGTGCCGAGTAAATAATG_005,123
AGCCATGAACGTGACCCGAA_001,29
AGCCATGAACGTGACCCGAA_002,111
AGCCATGAACGTGACCCGAA_003,12
AGCCATGAACGTGACCCGAA_004,34
GATGTTGTGATAGTAGACCA_001,106
GATGTTGTGATAGTAGACCA_002,176
GATGTTGTGATAGTAGACCA_003,63
GATGTTGTGATAGTAGACCA_004,15
GATGTTGTGATAGTAGACCA_005,133
CAGATTTCATCACAGTCGCG_001,174
CAGATTTCATCACAGTCGCG_002,7
CAGATTTCATCACAGTCGCG_003,64
CAGATTTCATCACAGTCGCG_004,135
AAGTCCCAAGTGCTAAGAGG_001,78
AAGTCCCAAGTGCTAAGAGG_002,48
AAGTCCCAAGTGCTAAGAGG_003,42
AAGTCCCAAGTGCTAAGAGG_004,2
AAGTCCCAAGTGCTAAGAGG_005,185
AAGTCCCAAGTGCTAAGAGG_006,4
AAGTCCCAAGTGCTAAGAGG_007,187
AAGTCCCAAGTGCTAAGAGG_008,42
AAGTCCCAAGTGCTAAGAGG_009,116
AAGTCCCAAGTGCTAAGAGG_010,2
AAGTCCCAAGTGCTAAGAGG_011,12
AAGTCCCAAGTGCTAAGAGG_012,94
AAGTCCCAAGTGCTAAGAGG_013,112
AAGTCCCAAGTGCTAAGAGG_014,3
AAGTCCCAAGTGCTAAGAGG_015,119
AAGTCCCAAGTGCTAAGAGG_016,142
GGAAAGCAGTTAGTGCCAAG_001,2
GGAAAGCAGTTAGTGCCAAG_002,43
GGAAAGCAGTTAGTGCCAAG_003,70
GGAAAGCAGTTAGTGCCAAG_004,50
GGAAAGCAGTTAGTGCCAAG_005,168
GGAAAGCAGTTAGTGCCAAG_006,96
GGAAAGCAGTTAGTGCCAAG_007,71
GGAAAGCAGTTAGTGCCAAG_008,108
GGAAAGCAGTTAGTGCCAAG_009,195
TTAATGGGCACATCTGAAGA_001,167
TTAATGGGCACATCTGAAGA_002,168
TTAATGGGCACATCTGAAGA_003,35
AAATAAGGAGGGATAACACC_001,98
AAATAAGGAGGGATAACACC_002,77
AAATAAGGAGGGATAACACC_003,78
AAATAAGGAGGGATAACACC_004,115
ATACGAAACATTGTAGTCCG_001,147
ATACGAAACATTGTAGTCCG_002,144
ATACGAAACATTGTAGTCCG_003,194
ATACGAAACATTGTAGTCCG_004,17
ATACGAAACATTGTAGTCCG_005,19
ATACGAAACATTGTAGTCCG_006,77
ATACGAAACATTGTAGTCCG_007,170
ATACGAAACATTGTAGTCCG_008,63
CCAGCTGTGGTGCATCTACA_001,62
CCAGCTGTGGTGCATCTACA_002,145
CCAGCTGTGGTGCATCTACA_003,65
CCAGCTGTGGTGCATCTACA_004,102
CCAGCTGTGGTGCATCTACA_005,103
CCAGCTGTGGTGCATCTACA_006,104
CCAGCTGTGGTGCATCTACA_007,115
AATCTGTACGAACCATCTGG_001,141
AATCTGTACGAACCATCTGG_002,105
AATCTGTACGAACCATCTGG_003,34
AATCTGTACGAACCATCTGG_004,68
AATCTGTACGAACCATCTGG_005,84
AATCTGTACGAACCATCTGG_006,64
ACACAGCTCGTCGTGCATGT_001,7
ACACAGCTCGTCGTGCATGT_002,72
ACACAGCTCGTCGTGCATGT_003,147
ACACAGCTCGTCGTGCATGT_004,54
ACACAGCTCGTCGTGCATGT_005,15
ACACAGCTCGTCGTGCATGT_006,31
ACACAGCTCGTCGTGCATGT_007,30
ACACAGCTCGTCGTGCATGT_008,27
ACACAGCTCGTCGTGCATGT_009,188
ACACAGCTCGTCGTGCATGT_010,146
ACACAGCTCGTCGTGCATGT_011,113
ACACAGCTCGTCGTGCATGT_012,60
ACACAGCTCGTCGTGCATGT_013,198
ACACAGCTCGTCGTGCATGT_014,83
ACACAGCTCGTCGTGCATGT_015,104
ACACAGCTCGTCGTGCATGT_016,147
ACACAGCTCGTCGTGCATGT_017,147
ACACAGCTCGTCGTGCATGT_018,77
ACACAGCTCGTCGTGCATGT_019,19
ACACAGCTCGTCGTGCATGT_020,11
ACACAGCTCGTCGTGCATGT_021,147
ACACAGCTCGTCGTGCATGT_022,5
GTTTGCAACCCATGGCGTGG_001,198
GTTTGCAACCCATGGCGTGG_002,191
GTTTGCAACCCATGGCGTGG_003,80
GTTTGCAACCCATGGCGTGG_004,151
GTTTGCAACCCATGGCGTGG_005,133
GTTTGCAACCCATGGCGTGG_006,184
GTTTGCAACCCATGGCGTGG_007,1
GTTTGCAACCCATGGCGTGG_008,127
GTTTGCAACCCATGGCGTGG_009,9
GTTTGCAACCCATGGCGTGG_010,50
GTTTGCAACCCATGGCGTGG_011,1
GTTTGCAACCCATGGCGTGG_012,9
GTTTGCAACCCATGGCGTGG_013,183
GCAGCGAGTGGGCATCGTCG_001,107
GCAGCGAGTGGGCATCGTCG_002,129
GCAGCGAGTGGGCATCGTCG_003,147
GCAGCGAGTGGGCATCGTCG_004,172
GCAGCGAGTGGGCATCGTCG_005,70
GCAGCGAGTGGGCATCGTCG_006,108
GCAGCGAGTGGGCATCGTCG_007,47
GCAGCGAGTGGGCATCGTCG_008,33
GCAGCGAGTGGGCATCGTCG_009,81
CACCATCTTGGGTACCACGG_001,145
CACCATCTTGGGTACCACGG_002,188
CACCATCTTGGGTACCACGG_003,51
CACCATCTTGGGTACCACGG_004,127
CACCATCTTGGGTACCACGG_005,19
CACCATCTTGGGTACCACGG_006,138
CACCATCTTGGGTACCACGG_007,43
CACCATCTTGGGTACCACGG_008,42
CACCATCTTGGGTACCACGG_009,183
CACCATCTTGGGTACCACGG_010,121
CACCATCTTGGGTACCACGG_011,168
CACCATCTTGGGTACCACGG_012,152
CACCATCTTGGGTACCACGG_013,81
CTGATGTCTGATGAGGTCTG_001,102
CTGATGTCTGATGAGGTCTG_002,63
CTGATGTCTGATGAGGTCTG_003,78
CTGATGTCTGATGAGGTCTG_004,146
CTGATGTCTGATGAGGTCTG_005,54
CTGATGTCTGATGAGGTCTG_006,170
CTGATGTCTGATGAGGTCTG_007,56
CTGATGTCTGATGAGGTCTG_008,144
CTGATGTCTGATGAGGTCTG_009,162
CTGATGTCTGATGAGGTCTG_010,170
CTGATGTCTGATGAGGTCTG_011,159
CTGATGTCTGATGAGGTCTG_012,172
GTCAGACCTAGAGCCACCAG_001,7
GTCAGACCTAGAGCCACCAG_002,147
GTCAGACCTAGAGCCACCAG_003,160
GTCAGACCTAGAGCCACCAG_004,162
GTCAGACCTAGAGCCACCAG_005,50
GTCAGACCTAGAGCCACCAG_006,136
GTCAGACCTAGAGCCACCAG_007,9
GTCAGACCTAGAGCCACCAG_008,83
GTCAGACCTAGAGCCACCAG_009,191
GTCAGACCTAGAGCCACCAG_010,12
GTCAGACCTAGAGCCACCAG_011,127
GTCAGACCTAGAGCCACCAG_012,127
GTCAGACCTAGAGCCACCAG_013,118
GGCCAAGACTCGCTCTTCTA_001,1
GGCCAAGACTCGCTCTTCTA_002,133
GGCCAAGACTCGCTCTTCTA_003,91
GGCCAAGACTCGCTCTTCTA_004,126
GGCCAAGACTCGCTCTTCTA_005,166
TCGGCTCCTGAAGCCAGTAT_001,53
TCGGCTCCTGAAGCCAGTAT_002,32
TCGGCTCCTGAAGCCAGTAT_003,148
TCGGCTCCTGAAGCCAGTAT_004,28
TCGGCTCCTGAAGCCAGTAT_005,95
TCGGCTCCTGAAGCCAGTAT_006,137
TCGGCTCCTGAAGCCAGTAT_007,22
TCGGCTCCTGAAGCCAGTAT_008,114
TCGGCTCCTGAAGCCAGTAT_009,197
TCGGCTCCTGAAGCCAGTAT_010,43
TCGGCTCCTGAAGCCAGTAT_011,42
TCGGCTCCTGAAGCCAGTAT_012,110
TCGGCTCCTGAAGCCAGTAT_013,159
TCGGCTCCTGAAGCCAGTAT_014,103
TCGGCTCCTGAAGCCAGTAT_015,9
TCGGCTCCTGAAGCCAGTAT_016,75
TCGGCTCCTGAAGCCAGTAT_017,64
TCGGCTCCTGAAGCCAGTAT_018,118
TCGGCTCCTGAAGCCAGTAT_019,28
TCGGCTCCTGAAGCCAGTAT_020,138
TCGGCTCCTGAAGCCAGTAT_021,63
TCGGCTCCTGAAGCCAGTAT_022,162
TCGGCTCCTGAAGCCAGTAT_023,197
TCGGCTCCTGAAGCCAGTAT_024,132
TCGGCTCCTGAAGCCAGTAT_025,96
AGAAGGAAGCAACACGATCG_001,91
AGAAGGAAGCAACACGATCG_002,185
AGAAGGAAGCAACACGATCG_003,66
AGAAGGAAGCAACACGATCG_004,78
AGATGTAGAAAGGTACACCA_001,24
AGATGTAGAAAGGTACACCA_002,185
AGATGTAGAAAGGTACACCA_003,104
AGATGTAGAAAGGTACACCA_004,47
AGATGTAGAAAGGTACACCA_005,81
AGATGTAGAAAGGTACACCA_006,161
AGATGTAGAAAGGTACACCA_007,162
AGATGTAGAAAGGTACACCA_008,30
AGATGTAGAAAGGTACACCA_009,144
AGATGTAGAAAGGTACACCA_010,74
AGATGTAGAAAGGTACACCA_011,177
AGATGTAGAAAGGTACACCA_012,174
AGATGTAGAAAGGTACACCA_013,81
AGATGTAGAAAGGTACACCA_014,58
AGATGTAGAAAGGTACACCA_015,129
AGATGTAGAAAGGTACACCA_016,160
AGATGTAGAAAGGTACACCA_017,41
AGATGTAGAAAGGTACACCA_018,150
AGATGTAGAAAGGTACACCA_019,97
AGATGTAGAAAGGTACACCA_020,35
AGATGTAGAAAGGTACACCA_021,198
TGAGTATATGGAGTTTGACA_001,130
TGAGTATATGGAGTTTGACA_002,32
TGAGTATATGGAGTTTGACA_003,176
TGAGTATATGGAGTTTGACA_004,199
TGAGTATATGGAGTTTGACA_005,107
TGAGTATATGGAGTTTGACA_006,115
TGAGTATATGGAGTTTGACA_007,184
TGAGTATATGGAGTTTGACA_008,171
TGAGTATATGGAGTTTGACA_009,127
TGAGTATATGGAGTTTGACA_010,180
ATGGAGGGACTGTAGTAACT_001,80
ATGGAGGGACTGTAGTAACT_002,139
ATGGAGGGACTGTAGTAACT_003,199
ATGGAGGGACTGTAGTAACT_004,170
ATGGAGGGACTGTAGTAACT_005,155
CCTCGCGCGTGCTCATGTCG_001,182
CCTCGCGCGTGCTCATGTCG_002,35
CCTCGCGCGTGCTCATGTCG_003,83
CCTCGCGCGTGCTCATGTCG_004,159
CCTCGCGCGTGCTCATGTCG_005,101
CCTCGCGCGTGCTCATGTCG_006,119
CCTCGCGCGTGCTCATGTCG_007,30
CCTCGCGCGTGCTCATGTCG_008,63
CCTCGCGCGTGCTCATGTCG_009,137
CCTCGCGCGTGCTCATGTCG_010,53
CCTCGCGCGTGCTCATGTCG_011,34
CCTCGCGCGTGCTCATGTCG_012,0
CCTCGCGCGTGCTCATGTCG_013,68
CCTCGCGCGTGCTCATGTCG_014,26
CCTCGCGCGTGCTCATGTCG_015,47
GTAACAAGGAGATTGAGCTG_001,115
GTAACAAGGAGATTGAGCTG_002,0
GTAACAAGGAGATTGAGCTG_003,12
GTAACAAGGAGATTGAGCTG_004,135
GTAACAAGGAGATTGAGCTG_005,93
GTAACAAGGAGATTGAGCTG_006,49
GTAACAAGGAGATTGAGCTG_007,88
GTAACAAGGAGATTGAGCTG_008,108
GTAACAAGGAGATTGAGCTG_009,6
GATCAGCACGAAGGCAACTG_001,23
GATCAGCACGAAGGCAACTG_002,98
GATCAGCACGAAGGCAACTG_003,113
GATCAGCACGAAGGCAACTG_004,72
GATCAGCACGAAGGCAACTG_005,11
GATCAGCACGAAGGCAACTG_006,127
GATCAGCACGAAGGCAACTG_007,188
GATCAGCACGAAGGCAACTG_008,156
GATCAGCACGAAGGCAACTG_009,15
GATCAGCACGAAGGCAACTG_010,105
GATCAGCACGAAGGCAACTG_011,7
GATCAGCACGAAGGCAACTG_012,37
GATCAGCACGAAGGCAACTG_013,30
CACTGCTGAAAGAGTCCTAG_001,11
CACTGCTGAAAGAGTCCTAG_002,171
CACTGCTGAAAGAGTCCTAG_003,38
CACTGCTGAAAGAGTCCTAG_004,147
CACTGCTGAAAGAGTCCTAG_005,78
CACTGCTGAAAGAGTCCTAG_006,12
CACTGCTGAAAGAGTCCTAG_007,102
AGAGGAGGAAGACTTACCGT_001,56
AGAGGAGGAAGACTTACCGT_002,27
AGAGGAGGAAGACTTACCGT_003,191
AGAGGAGGAAGACTTACCGT_004,12
TTAAAAAAATGATCCAAACG_001,98
TTAAAAAAATGATCCAAACG_002,147
TTAAAAAAATGATCCAAACG_003,137
ACGCGTAGCCCAATGAGCGG_001,136
ACGCGTAGCCCAATGAGCGG_002,101
ACGCGTAGCCCAATGAGCGG_003,147
ACGCGTAGCCCAATGAGCGG_004,170
ACGCGTAGCCCAATGAGCGG_005,44
ACGCGTAGCCCAATGAGCGG_006,67
ACGCGTAGCCCAATGAGCGG_007,145
ACGCGTAGCCCAATGAGCGG_008,183
ACGCGTAGCCCAATGAGCGG_009,185
ACGCGTAGCCCAATGAGCGG_010,34
ACGCGTAGCCCAATGAGCGG_011,56
GAGTATGTTTCAACTAATCG_001,0
GGGCGTCCAAGAAATCGCTG_001,76
GGGCGTCCAAGAAATCGCTG_002,4
GGGCGTCCAAGAAATCGCTG_003,115
GGGCGTCCAAGAAATCGCTG_004,102
GGGCGTCCAAGAAATCGCTG_005,18
GGGCGTCCAAGAAATCGCTG_006,46
GGGCGTCCAAGAAATCGCTG_007,36
GGGCGTCCAAGAAATCGCTG_008,81
GGGCGTCCAAGAAATCGCTG_009,13
AAGCGACTGTGGCCCGCACG_001,168
AAGCGACTGTGGCCCGCACG_002,170
AAGCGACTGTGGCCCGCACG_003,42
AAGCGACTGTGGCCCGCACG_004,169
AAGCGACTGTGGCCCGCACG_005,53
AAGCGACTGTGGCCCGCACG_006,45
TAATTAGGATCAGGTCTCCT_001,36
TAATTAGGATCAGGTCTCCT_002,158
TAATTAGGATCAGGTCTCCT_003,91
TAATTAGGATCAGGTCTCCT_004,22
TAATTAGGATCAGGTCTCCT_005,155
TAATTAGGATCAGGTCTCCT_006,8
TAATTAGGATCAGGTCTCCT_007,170
TAATTAGGATCAGGTCTCCT_008,194
TAATTAGGATCAGGTCTCCT_009,174
TAATTAGGATCAGGTCTCCT_010,175
TAATTAGGATCAGGTCTCCT_011,56
TAATTAGGATCAGGTCTCCT_012,7
TAATTAGGATCAGGTCTCCT_013,142
TAATTAGGATCAGGTCTCCT_014,153
TAATTAGGATCAGGTCTCCT_015,166
TAATTAGGATCAGGTCTCCT_016,171
TAATTAGGATCAGGTCTCCT_017,137
TCTTCAAAGAACCAGAGCAT_001,32
TCTTCAAAGAACCAGAGCAT_002,181
TCTTCAAAGAACCAGAGCAT_003,126
TCTTCAAAGAACCAGAGCAT_004,147
TCTTCAAAGAACCAGAGCAT_005,74
TCTTCAAAGAACCAGAGCAT_006,134
TCTTCAAAGAACCAGAGCAT_007,178
TCTTCAAAGAACCAGAGCAT_008,178
TCTTCAAAGAACCAGAGCAT_009,36
TCTTCAAAGAACCAGAGCAT_010,178
TCTTCAAAGAACCAGAGCAT_011,199
TCTTCAAAGAACCAGAGCAT_012,165
AAGGTAGTCACTGATATCAG_001,55
AAGGTAGTCACTGATATCAG_002,0
TTTACCAGTTTGTATCCAAG_001,60
TTTACCAGTTTGTATCCAAG_002,188
TTTACCAGTTTGTATCCAAG_003,69
AAAGGCACTGCTCAACGAGG_001,162
AAAGGCACTGCTCAACGAGG_002,176
AAAGGCACTGCTCAACGAGG_003,72
AAAGGCACTGCTCAACGAGG_004,1
AAAGGCACTGCTCAACGAGG_005,50
AAAGGCACTGCTCAACGAGG_006,22
AAAGGCACTGCTCAACGAGG_007,13
AAAGGCACTGCTCAACGAGG_008,199
AAAGGCACTGCTCAACGAGG_009,121
AAAGGCACTGCTCAACGAGG_010,66
AAAACTTAGTTTCAACCCTG_001,160
AAAACTTAGTTTCAACCCTG_002,16
AAAACTTAGTTTCAACCCTG_003,157
AAAACTTAGTTTCAACCCTG_004,147
AAAACTTAGTTTCAACCCTG_005,107
AAAACTTAGTTTCAACCCTG_006,165
AAAACTTAGTTTCAACCCTG_007,152
AAAACTTAGTTTCAACCCTG_008,34
AAAACTTAGTTTCAACCCTG_009,30
GCAGAGCGCCTCAAAACCGA_001,31
GCAGAGCGCCTCAAAACCGA_002,135
GCAGAGCGCCTCAAAACCGA_003,103
CGCCGCATCCACAGCTACCG_001,154
CGCCGCATCCACAGCTACCG_002,4
CGCCGCATCCACAGCTACCG_003,96
CGCCGCATCCACAGCTACCG_004,188
CGCCGCATCCACAGCTACCG_005,32
CGCCGCATCCACAGCTACCG_006,161
CGCCGCATCCACAGCTACCG_007,166
TTCCTTGATACTCACTTGGG_001,185
TTCCTTGATACTCACTTGGG_002,63
TTCCTTGATACTCACTTGGG_003,12
TTCCTTGATACTCACTTGGG_004,199
TTCCTTGATACTCACTTGGG_005,192
TTCCTTGATACTCACTTGGG_006,169
TTCCTTGATACTCACTTGGG_007,179
TTCCTTGATACTCACTTGGG_008,94
TTCCTTGATACTCACTTGGG_009,48
TTCCTTGATACTCACTTGGG_010,2
TTCCTTGATACTCACTTGGG_011,184
TTCCTTGATACTCACTTGGG_012,48
AGCGGGAAAAGATGGAGCGG_001,161
AGCGGGAAAAGATGGAGCGG_002,29
AGCGGGAAAAGATGGAGCGG_003,137
AGCGGGAAAAGATGGAGCGG_004,105
AGCGGGAAAAGATGGAGCGG_005,62
AGCGGGAAAAGATGGAGCGG_006,22
AGCGGGAAAAGATGGAGCGG_007,41
AGCGGGAAAAGATGGAGCGG_008,168
AGCGGGAAAAGATGGAGCGG_009,49
AGCGGGAAAAGATGGAGCGG_010,96
AGCGGGAAAAGATGGAGCGG_011,121
AGCGGGAAAAGATGGAGCGG_012,15
AGCGGGAAAAGATGGAGCGG_013,83
AGCGGGAAAAGATGGAGCGG_014,57
AGCGGGAAAAGATGGAGCGG_015,153
AGCGGGAAAAGATGGAGCGG_016,48
AGCGGGAAAAGATGGAGCGG_017,152
AGCGGGAAAAGATGGAGCGG_018,108
AGCGGGAAAAGATGGAGCGG_019,135
AGCGGGAAAAGATGGAGCGG_020,160
AGCGGGAAAAGATGGAGCGG_021,160
AGCGGGAAAAGATGGAGCGG_022,147
AGCGGGAAAAGATGGAGCGG_023,78
AGCGGGAAAAGATGGAGCGG_024,48
AGCGGGAAAAGATGGAGCGG_025,198
AGCGGGAAAAGATGGAGCGG_026,150
AGCGGGAAAAGATGGAGCGG_027,16
AGCGGGAAAAGATGGAGCGG_028,166
AGCGGGAAAAGATGGAGCGG_029,69
AGCGGGAAAAGATGGAGCGG_030,31
AGCGGGAAAAGATGGAGCGG_031,130
AGCGGGAAAAGATGGAGCGG_032,94
AGCGGGAAAAGATGGAGCGG_033,112
AGCGGGAAAAGATGGAGCGG_034,13
AGCGGGAAAAGATGGAGCGG_035,150
AGCGGGAAAAGATGGAGCGG_036,85
AGCGGGAAAAGATGGAGCGG_037,53
AGCGGGAAAAGATGGAGCGG_038,40
AGCGGGAAAAGATGGAGCGG_039,137
AGCGGGAAAAGATGGAGCGG_040,107
AGCGGGAAAAGATGGAGCGG_041,156
AGCGGGAAAAGATGGAGCGG_042,102
AGCGGGAAAAGATGGAGCGG_043,49
AGCGGGAAAAGATGGAGCGG_044,63
CTACATGGTTGAGTCGACCC_001,72
CTACATGGTTGAGTCGACCC_002,75
CTACATGGTTGAGTCGACCC_003,70
CTACATGGTTGAGTCGACCC_004,139
GGTGATGCATCCTTTCACTG_001,98
GGTGATGCATCCTTTCACTG_002,3
GGTGATGCATCCTTTCACTG_003,5
GGTGATGCATCCTTTCACTG_004,125
GGTGATGCATCCTTTCACTG_005,6
GGTGATGCATCCTTTCACTG_006,6
AAGATGAATCCGACTACGCA_001,102
AAGATGAATCCGACTACGCA_002,87
AAGATGAATCCGACTACGCA_003,82
AAGATGAATCCGACTACGCA_004,146
AAGATGAATCCGACTACGCA_005,162
AAGATGAATCCGACTACGCA_006,28
AAGATGAATCCGACTACGCA_007,95
AAGATGAATCCGACTACGCA_008,75
AAGATGAATCCGACTACGCA_009,4
AAGATGAATCCGACTACGCA_010,123
AAGATGAATCCGACTACGCA_011,38
AAGATGAATCCGACTACGCA_012,117
CGTGCACGCTGGGCCCATCG_001,145
CGTGCACGCTGGGCCCATCG_002,162
CGTGCACGCTGGGCCCATCG_003,121
CGTGCACGCTGGGCCCATCG_004,11
CGTGCACGCTGGGCCCATCG_005,176
CGTGCACGCTGGGCCCATCG_006,123
CGTGCACGCTGGGCCCATCG_007,62
CGTGCACGCTGGGCCCATCG_008,9
CGTGCACGCTGGGCCCATCG_009,196
TCACGGAGAAACCCTCGGTG_001,184
TCACGGAGAAACCCTCGGTG_002,9
TCACGGAGAAACCCTCGGTG_003,118
TCACGGAGAAACCCTCGGTG_004,158
TCACGGAGAAACCCTCGGTG_005,50
TCACGGAGAAACCCTCGGTG_006,185
TCACGGAGAAACCCTCGGTG_007,130
TCACGGAGAAACCCTCGGTG_008,94
TCACGGAGAAACCCTCGGTG_009,137
TCACGGAGAAACCCTCGGTG_010,118
TCACGGAGAAACCCTCGGTG_011,80
GGAAATAGCTTCCTGGCACG_001,6
GCTGGAGAAAGGCCTTATGA_001,60
GCTGGAGAAAGGCCTTATGA_002,185
GCTGGAGAAAGGCCTTATGA_003,12
GCTGGAGAAAGGCCTTATGA_004,5
GCTGGAGAAAGGCCTTATGA_005,185
GCTGGAGAAAGGCCTTATGA_006,137
CAATGTTAGGCACACTGTGT_001,118
CAATGTTAGGCACACTGTGT_002,81
CAATGTTAGGCACACTGTGT_003,1
CAATGTTAGGCACACTGTGT_004,32
CAATGTTAGGCACACTGTGT_005,108
CAATGTTAGGCACACTGTGT_006,97
CAATGTTAGGCACACTGTGT_007,159
CAATGTTAGGCACACTGTGT_008,58
CAATGTTAGGCACACTGTGT_009,199
CAATGTTAGGCACACTGTGT_010,81
CAATGTTAGGCACACTGTGT_011,187
ATGAATAGAAAGCCATACAT_001,114
ATGAATAGAAAGCCATACAT_002,60
ATGAATAGAAAGCCATACAT_003,48
ATGAATAGAAAGCCATACAT_004,103
ATGAATAGAAAGCCATACAT_005,34
ATGAATAGAAAGCCATACAT_006,50
ATGAATAGAAAGCCATACAT_007,118
ATGAATAGAAAGCCATACAT_008,19
ATGAATAGAAAGCCATACAT_009,16
GGTATAGAGGTTATTCATGG_001,152
GGTATAGAGGTTATTCATGG_002,69
GGTATAGAGGTTATTCATGG_003,104
GGTATAGAGGTTATTCATGG_004,188
GGTATAGAGGTTATTCATGG_005,197
GGTATAGAGGTTATTCATGG_006,1
GGTATAGAGGTTATTCATGG_007,25
AAACAGCACAAGTTAGACAC_001,17
AAACAGCACAAGTTAGACAC_002,8
AAACAGCACAAGTTAGACAC_003,16
AAACAGCACAAGTTAGACAC_004,6
AAACAGCACAAGTTAGACAC_005,172
AAACAGCACAAGTTAGACAC_006,199
AAACAGCACAAGTTAGACAC_007,62
GGAGAAGTACCGGCTCGTGG_001,96
GGAGAAGTACCGGCTCGTGG_002,174
GGAGAAGTACCGGCTCGTGG_003,96
GGAGAAGTACCGGCTCGTGG_004,145
GGAGAAGTACCGGCTCGTGG_005,98
GGAGAAGTACCGGCTCGTGG_006,70
GGAGAAGTACCGGCTCGTGG_007,113
GGAGAAGTACCGGCTCGTGG_008,125
CAGGATTCACTCCACTACGA_001,149
CAGGATTCACTCCACTACGA_002,8
CAGGATTCACTCCACTACGA_003,139
CAGGATTCACTCCACTACGA_004,109
CAGGATTCACTCCACTACGA_005,109
CAGGATTCACTCCACTACGA_006,182
CAGGATTCACTCCACTACGA_007,127
CAGGATTCACTCCACTACGA_008,65
CTGGGTCATCGGAACCACCG_001,183
CTGGGTCATCGGAACCACCG_002,104
TGAAGGCAGTCACAGAACAG_001,107
TGAAGGCAGTCACAGAACAG_002,172
TGAAGGCAGTCACAGAACAG_003,48
GACGAACTCGTCGAACAAGG_001,101
AATAAGCTACCTGAGACCTC_001,41
AATAAGCTACCTGAGACCTC_002,127
AATAAGCTACCTGAGACCTC_003,6
AATAAGCTACCTGAGACCTC_004,106
AATAAGCTACCTGAGACCTC_005,120
AATAAGCTACCTGAGACCTC_006,188
AATAAGCTACCTGAGACCTC_007,0
AATAAGCTACCTGAGACCTC_008,6
AATAAGCTACCTGAGACCTC_009,10
GCTGGCGGCCGTGAGAAACG_001,54
GCTGGCGGCCGTGAGAAACG_002,4
GCTGGCGGCCGTGAGAAACG_003,152
GCTGGCGGCCGTGAGAAACG_004,22
GCTGGCGGCCGTGAGAAACG_005,197
GCTGGCGGCCGTGAGAAACG_006,184
GCTGGCGGCCGTGAGAAACG_007,168
GCTGGCGGCCGTGAGAAACG_008,129
GCTGGCGGCCGTGAGAAACG_009,38
GCTGGCGGCCGTGAGAAACG_010,34
GCTGGCGGCCGTGAGAAACG_011,11
GCTGGCGGCCGTGAGAAACG_012,161
GCTGGCGGCCGTGAGAAACG_013,55
GCTGGCGGCCGTGAGAAACG_014,81
GCTGGCGGCCGTGAGAAACG_015,23
GCTGGCGGCCGTGAGAAACG_016,191
GCTGGCGGCCGTGAGAAACG_017,12
GCTGGCGGCCGTGAGAAACG_018,177
GCTGGCGGCCGTGAGAAACG_019,105
GCTGGCGGCCGTGAGAAACG_020,79
CCTGTGAGCAACATGAGCCA_001,197
CCTGTGAGCAACATGAGCCA_002,78
CCTGTGAGCAACATGAGCCA_003,169
CCTGTGAGCAACATGAGCCA_004,161
CCTGTGAGCAACATGAGCCA_005,8
CCTGTGAGCAACATGAGCCA_006,105
CCTGTGAGCAACATGAGCCA_007,137
CCTGTGAGCAACATGAGCCA_008,38
CCTGTGAGCAACATGAGCCA_009,141
CCTGTGAGCAACATGAGCCA_010,186
CCTGTGAGCAACATGAGCCA_011,112
CCTGTGAGCAACATGAGCCA_012,148
CCTGTGAGCAACATGAGCCA_013,159
CCTGTGAGCAACATGAGCCA_014,159
CCTGTGAGCAACATGAGCCA_015,46
CCTGTGAGCAACATGAGCCA_016,142
CCTGTGAGCAACATGAGCCA_017,96
CCTGTGAGCAACATGAGCCA_018,26
TGTGCCGGGGGTGATATCAG_001,21
TGTGCCGGGGGTGATATCAG_002,82
TGTGCCGGGGGTGATATCAG_003,76
TGTGCCGGGGGTGATATCAG_004,169
TGTGCCGGGGGTGATATCAG_005,9
TGTGCCGGGGGTGATATCAG_006,103
TGTGCCGGGGGTGATATCAG_007,176
TGTGCCGGGGGTGATATCAG_008,59
TGTGCCGGGGGTGATATCAG_009,52
TGTGCCGGGGGTGATATCAG_010,92
TGTGCCGGGGGTGATATCAG_011,54
AGGTCCTTCACAGCCACCAT_001,146
ACCAACTTCTCGGACACAGG_001,134
ACCAACTTCTCGGACACAGG_002,179
ACCAACTTCTCGGACACAGG_003,179
ACCAACTTCTCGGACACAGG_004,127
ACCAACTTCTCGGACACAGG_005,160
AGGGAAAGACGAGTCAAAGG_001,105
AGGGAAAGACGAGTCAAAGG_002,29
AGGGAAAGACGAGTCAAAGG_003,170
AGGGAAAGACGAGTCAAAGG_004,190
AGGGAAAGACGAGTCAAAGG_005,82
AGGGAAAGACGAGTCAAAGG_006,191
AGGGAAAGACGAGTCAAAGG_007,152
AGGGAAAGACGAGTCAAAGG_008,172
AGGGAAAGACGAGTCAAAGG_009,4
AGGGAAAGACGAGTCAAAGG_010,42
AGGGAAAGACGAGTCAAAGG_011,135
AGGGAAAGACGAGTCAAAGG_012,3
AGGGAAAGACGAGTCAAAGG_013,149
AGGGAAAGACGAGTCAAAGG_014,94
AGGGAAAGACGAGTCAAAGG_015,155
AGCGACGAGTCAGTGTACCC_001,198
AGCGACGAGTCAGTGTACCC_002,172
AGCGACGAGTCAGTGTACCC_003,12
AGCGACGAGTCAGTGTACCC_004,73
AGCGACGAGTCAGTGTACCC_005,145
AGCGACGAGTCAGTGTACCC_006,5
AGCGACGAGTCAGTGTACCC_007,158
AGCGACGAGTCAGTGTACCC_008,45
AGCGACGAGTCAGTGTACCC_009,16
AGCGACGAGTCAGTGTACCC_010,1
AGCGACGAGTCAGTGTACCC_011,106
AGCGACGAGTCAGTGTACCC_012,28
AGCGACGAGTCAGTGTACCC_013,61
CGGCACCATCCTCGGACTCG_001,28
CGGCACCATCCTCGGACTCG_002,43
CGGCACCATCCTCGGACTCG_003,191
CGGCACCATCCTCGGACTCG_004,19
CGGCACCATCCTCGGACTCG_005,18
CGGCACCATCCTCGGACTCG_006,152
CGGCACCATCCTCGGACTCG_007,112
CGGCACCATCCTCGGACTCG_008,4
CGGCACCATCCTCGGACTCG_009,113
CGGCACCATCCTCGGACTCG_010,105
CGGCACCATCCTCGGACTCG_011,34
CGGCACCATCCTCGGACTCG_012,14
CGGCACCATCCTCGGACTCG_013,80
CGGCACCATCCTCGGACTCG_014,160
CGGCACCATCCTCGGACTCG_015,144
CGGCACCATCCTCGGACTCG_016,77
CGGCACCATCCTCGGACTCG_017,140
CGGCACCATCCTCGGACTCG_018,176
CGGCACCATCCTCGGACTCG_019,38
CGGCACCATCCTCGGACTCG_020,147
CGGCACCATCCTCGGACTCG_021,80
CGGCACCATCCTCGGACTCG_022,68
CTATAAACTCCCCGATCTGG_001,36
GACGATGACGGATTACCGCA_001,113
GACGATGACGGATTACCGCA_002,123
GACGATGACGGATTACCGCA_003,70
GACGATGACGGATTACCGCA_004,197
GACGATGACGGATTACCGCA_005,115
GACGATGACGGATTACCGCA_006,58
GCTGGGTGGAGTTGTCACGA_001,162
GCTGGGTGGAGTTGTCACGA_002,189
GCTGGGTGGAGTTGTCACGA_003,4
GCTGGGTGGAGTTGTCACGA_004,193
GCTGGGTGGAGTTGTCACGA_005,28
GCTGGGTGGAGTTGTCACGA_006,105
GCTGGGTGGAGTTGTCACGA_007,185
GCTGGGTGGAGTTGTCACGA_008,57
GCTGGGTGGAGTTGTCACGA_009,1
GCTGGGTGGAGTTGTCACGA_010,162
GCTGGGTGGAGTTGTCACGA_011,9
GCTGGGTGGAGTTGTCACGA_012,174
GCTGGGTGGAGTTGTCACGA_013,160
GGCAGGACGGGGAGTAGTAG_001,191
GGCAGGACGGGGAGTAGTAG_002,52
GGCAGGACGGGGAGTAGTAG_003,188
GGCAGGACGGGGAGTAGTAG_004,106
GGCAGGACGGGGAGTAGTAG_005,51
GGCAGGACGGGGAGTAGTAG_006,199
GGCAGGACGGGGAGTAGTAG_007,158
GGCAGGACGGGGAGTAGTAG_008,5
GGCAGGACGGGGAGTAGTAG_009,182
GGCAGGACGGGGAGTAGTAG_010,147
GGCAGGACGGGGAGTAGTAG_011,20
GGCAGGACGGGGAGTAGTAG_012,27
GGCAGGACGGGGAGTAGTAG_013,72
GGCAGGACGGGGAGTAGTAG_014,92
GGCAGGACGGGGAGTAGTAG_015,163
GGCAGGACGGGGAGTAGTAG_016,28
GGCAGGACGGGGAGTAGTAG_017,15
GGCAGGACGGGGAGTAGTAG_018,177
GGCAGGACGGGGAGTAGTAG_019,88
GGCAGGACGGGGAGTAGTAG_020,39
GGCAGGACGGGGAGTAGTAG_021,29
GGCAGGACGGGGAGTAGTAG_022,81
GGCAGGACGGGGAGTAGTAG_023,14
GGCAGGACGGGGAGTAGTAG_024,179
GGCAGGACGGGGAGTAGTAG_025,106
TAGAGTGCATAAGAGAACCA_001,82
TAGAGTGCATAAGAGAACCA_002,82
TAGAGTGCATAAGAGAACCA_003,140
TAGAGTGCATAAGAGAACCA_004,18
TAGAGTGCATAAGAGAACCA_005,182
TAGAGTGCATAAGAGAACCA_006,158
TAGAGTGCATAAGAGAACCA_007,93
TAGAGTGCATAAGAGAACCA_008,94
TAGAGTGCATAAGAGAACCA_009,130
TAGAGTGCATAAGAGAACCA_010,3
TAGAGTGCATAAGAGAACCA_011,173
TAGAGTGCATAAGAGAACCA_012,29
TGGGTACCCAGACATCAAAG_001,83
TGGGTACCCAGACATCAAAG_002,116
TGGGTACCCAGACATCAAAG_003,29
TGGGTACCCAGACATCAAAG_004,42
GGAGCTGTACTCGGGCACGT_001,84
GGAGCTGTACTCGGGCACGT_002,54
GGAGCTGTACTCGGGCACGT_003,127
GGAGCTGTACTCGGGCACGT_004,81
GGAGCTGTACTCGGGCACGT_005,127
GGAGCTGTACTCGGGCACGT_006,85
GGAGCTGTACTCGGGCACGT_007,15
GGAGCTGTACTCGGGCACGT_008,88
GGAGCTGTACTCGGGCACGT_009,50
GGAGCTGTACTCGGGCACGT_010,18
GGAGCTGTACTCGGGCACGT_011,183
GGAGCTGTACTCGGGCACGT_012,141
GGAGCTGTACTCGGGCACGT_013,59
GGAGCTGTACTCGGGCACGT_014,77
GGAGCTGTACTCGGGCACGT_015,86
GGAGCTGTACTCGGGCACGT_016,149
GGAGCTGTACTCGGGCACGT_017,70
GGAGCTGTACTCGGGCACGT_018,4
GGAGCTGTACTCGGGCACGT_019,124
GGAGCTGTACTCGGGCACGT_020,58
GGAGCTGTACTCGGGCACGT_021,65
GGAGCTGTACTCGGGCACGT_022,15
GGAGCTGTACTCGGGCACGT_023,63
GGAGCTGTACTCGGGCACGT_024,178
GGAGCTGTACTCGGGCACGT_025,47
GGAGCTGTACTCGGGCACGT_026,75
GGAGCTGTACTCGGGCACGT_027,68
GGAGCTGTACTCGGGCACGT_028,16
GGAGCTGTACTCGGGCACGT_029,168
GGAGCTGTACTCGGGCACGT_030,58
GGAGCTGTACTCGGGCACGT_031,130
TCACGTTCTCCTCAGTCCGG_001,4
TCACGTTCTCCTCAGTCCGG_002,8
TCACGTTCTCCTCAGTCCGG_003,144
TCACGTTCTCCTCAGTCCGG_004,62
TCACGTTCTCCTCAGTCCGG_005,133
TCACGTTCTCCTCAGTCCGG_006,17
TCACGTTCTCCTCAGTCCGG_007,109
TCACGTTCTCCTCAGTCCGG_008,154
TCACGTTCTCCTCAGTCCGG_009,38
TCACGTTCTCCTCAGTCCGG_010,60
TCACGTTCTCCTCAGTCCGG_011,22
TCACGTTCTCCTCAGTCCGG_012,4
TCACGTTCTCCTCAGTCCGG_013,67
TCACGTTCTCCTCAGTCCGG_014,130
TCACGTTCTCCTCAGTCCGG_015,128
GTCAGGATCACCTTCCAGCG_001,29
GTCAGGATCACCTTCCAGCG_002,167
GTCAGGATCACCTTCCAGCG_003,72
TCGGGAAATCCGAATGCTCA_001,21
TCGGGAAATCCGAATGCTCA_002,48
TCGGGAAATCCGAATGCTCA_003,129
TCGGGAAATCCGAATGCTCA_004,1
TCGGGAAATCCGAATGCTCA_005,197
TCGGGAAATCCGAATGCTCA_006,60
TCGGGAAATCCGAATGCTCA_007,137
TCGGGAAATCCGAATGCTCA_008,70
TCGGGAAATCCGAATGCTCA_009,132
TCGGGAAATCCGAATGCTCA_010,63
TCGGGAAATCCGAATGCTCA_011,49
TAGCAGAATCCCGTTCTGAA_001,145
TAGCAGAATCCCGTTCTGAA_002,128
TAGCAGAATCCCGTTCTGAA_003,19
TAGCAGAATCCCGTTCTGAA_004,48
TAGCAGAATCCCGTTCTGAA_005,172
GCAGTTACCGATCCCCGAGG_001,106
GCAGTTACCGATCCCCGAGG_002,0
CCTACCACAATGATGCTCGA_001,36
CCTACCACAATGATGCTCGA_002,124
CCTACCACAATGATGCTCGA_003,160
CCTACCACAATGATGCTCGA_004,53
CATGATCTCAGATTAGAGAG_001,148
CATGATCTCAGATTAGAGAG_002,144
CATGATCTCAGATTAGAGAG_003,54
CATGATCTCAGATTAGAGAG_004,68
GACAGACTGGAAGCTTGACG_001,130
GACAGACTGGAAGCTTGACG_002,162
GACAGACTGGAAGCTTGACG_003,26
GACAGACTGGAAGCTTGACG_004,49
GACAGACTGGAAGCTTGACG_005,61
GACAGACTGGAAGCTTGACG_006,60
GACAGACTGGAAGCTTGACG_007,88
GACAGACTGGAAGCTTGACG_008,40
GACAGACTGGAAGCTTGACG_009,56
GACAGACTGGAAGCTTGACG_010,137
GACAGACTGGAAGCTTGACG_011,154
ACGGTGGGGATGGACCTACT_001,43
ACGGTGGGGATGGACCTACT_002,127
ACGGTGGGGATGGACCTACT_003,31
ACGGTGGGGATGGACCTACT_004,41
ACGGTGGGGATGGACCTACT_005,41
ACGGTGGGGATGGACCTACT_006,171
ACGGTGGGGATGGACCTACT_007,163
ACGGTGGGGATGGACCTACT_008,101
ACGGTGGGGATGGACCTACT_009,1
ACGGTGGGGATGGACCTACT_010,23
ACGGTGGGGATGGACCTACT_011,1
ACGGTGGGGATGGACCTACT_012,181
ACGGTGGGGATGGACCTACT_013,147
ACGGTGGGGATGGACCTACT_014,199
ACGGTGGGGATGGACCTACT_015,94
ACGGTGGGGATGGACCTACT_016,88
ACGGTGGGGATGGACCTACT_017,81
ACGGTGGGGATGGACCTACT_018,169
ACGGTGGGGATGGACCTACT_019,83
ACGGTGGGGATGGACCTACT_020,31
ACGGTGGGGATGGACCTACT_021,152
ACGGTGGGGATGGACCTACT_022,42
ACGGTGGGGATGGACCTACT_023,74
ACGGTGGGGATGGACCTACT_024,19
ACGGTGGGGATGGACCTACT_025,15
ACGGTGGGGATGGACCTACT_026,53
ACGGTGGGGATGGACCTACT_027,105
ACGGTGGGGATGGACCTACT_028,176
ACGGTGGGGATGGACCTACT_029,147
ACGGTGGGGATGGACCTACT_030,58
ACGGTGGGGATGGACCTACT_031,17
ACGGTGGGGATGGACCTACT_032,76
ACGGTGGGGATGGACCTACT_033,173
ACGGTGGGGATGGACCTACT_034,188
ACGGTGGGGATGGACCTACT_035,19
ACGGTGGGGATGGACCTACT_036,106
ACGGTGGGGATGGACCTACT_037,77
ACGGTGGGGATGGACCTACT_038,19
ACGGTGGGGATGGACCTACT_039,171
ACGGTGGGGATGGACCTACT_040,197
ATTGATGAAAGCTCATTGAC_001,133
ATTGATGAAAGCTCATTGAC_002,94
ATTGATGAAAGCTCATTGAC_003,24
ATTGATGAAAGCTCATTGAC_004,58
AGCGTCGTTTATATCCACGG_001,117
AGCGTCGTTTATATCCACGG_002,160
AGCGTCGTTTATATCCACGG_003,100
AGCGTCGTTTATATCCACGG_004,177
AGCGTCGTTTATATCCACGG_005,9
AGCGTCGTTTATATCCACGG_006,177
AGCGTCGTTTATATCCACGG_007,2
AGCGTCGTTTATATCCACGG_008,84
AGCGTCGTTTATATCCACGG_009,59
AGCGTCGTTTATATCCACGG_010,168
AGCGTCGTTTATATCCACGG_011,138
AGCGTCGTTTATATCCACGG_012,152
AGCGTCGTTTATATCCACGG_013,99
AGCGTCGTTTATATCCACGG_014,77
AGCGTCGTTTATATCCACGG_015,147
AGCGTCGTTTATATCCACGG_016,140
AGCGTCGTTTATATCCACGG_017,141
TTGGTGGTTGGAACATTACG_001,76
TTGGTGGTTGGAACATTACG_002,24
TTGGTGGTTGGAACATTACG_003,175
TTGGTGGTTGGAACATTACG_004,64
TTGGTGGTTGGAACATTACG_005,67
TTGGTGGTTGGAACATTACG_006,56
TTGGTGGTTGGAACATTACG_007,94
AGGCTGGAGAACTTAAATGG_001,119
AGGCTGGAGAACTTAAATGG_002,119
AGGCTGGAGAACTTAAATGG_003,198
AGGCTGGAGAACTTAAATGG_004,134
AGGCTGGAGAACTTAAATGG_005,18
AGGCTGGAGAACTTAAATGG_006,140
AGGCTGGAGAACTTAAATGG_007,95
AGGCTGGAGAACTTAAATGG_008,171
AGGCTGGAGAACTTAAATGG_009,94
AGGCTGGAGAACTTAAATGG_010,33
AGGCTGGAGAACTTAAATGG_011,123
AGGCTGGAGAACTTAAATGG_012,13
AGGCTGGAGAACTTAAATGG_013,9
AGGCTGGAGAACTTAAATGG_014,156
AGGCTGGAGAACTTAAATGG_015,95
AGGCTGGAGAACTTAAATGG_016,31
AGGCTGGAGAACTTAAATGG_017,166
AGGCTGGAGAACTTAAATGG_018,94
AGGCTGGAGAACTTAAATGG_019,28
AGGGAGGCTCCTAGACTCCG_001,6
AGGGAGGCTCCTAGACTCCG_002,9
AGGGAGGCTCCTAGACTCCG_003,48
AGGGAGGCTCCTAGACTCCG_004,148
AGGGAGGCTCCTAGACTCCG_005,197
AGGGAGGCTCCTAGACTCCG_006,105
AGGGAGGCTCCTAGACTCCG_007,50
AGGGAGGCTCCTAGACTCCG_008,60
AGGGAGGCTCCTAGACTCCG_009,48
AGGGAGGCTCCTAGACTCCG_010,77
AGGGAGGCTCCTAGACTCCG_011,130
GGATTCATACGACGTGACTG_001,178
GGAGTCCTTAAGATACTCGA_001,151
GGAGTCCTTAAGATACTCGA_002,65
GGAGTCCTTAAGATACTCGA_003,111
GGAGTCCTTAAGATACTCGA_004,81
GGAGTCCTTAAGATACTCGA_005,165
GGAGTCCTTAAGATACTCGA_006,50
GGAGTCCTTAAGATACTCGA_007,160
GGAGTCCTTAAGATACTCGA_008,160
ACGCAAAGCTGTCATCGTGA_001,81
ACGCAAAGCTGTCATCGTGA_002,188
ACGCAAAGCTGTCATCGTGA_003,41
TGGAAGGCACCAGAATCCGG_001,48
TGGAAGGCACCAGAATCCGG_002,49
TGGAAGGCACCAGAATCCGG_003,199
TGGAAGGCACCAGAATCCGG_004,105
TGGAAGGCACCAGAATCCGG_005,61
TGGAAGGCACCAGAATCCGG_006,127
TGGAAGGCACCAGAATCCGG_007,183
TGGAAGGCACCAGAATCCGG_008,80
TGGAAGGCACCAGAATCCGG_009,122
TAGATTATCTCATGGGCGAG_001,160
TAGATTATCTCATGGGCGAG_002,47
TAGATTATCTCATGGGCGAG_003,170
TAGATTATCTCATGGGCGAG_004,6
GCAGCTCACCTGCTATCCAC_001,134
GCAGCTCACCTGCTATCCAC_002,2
GCAGCTCACCTGCTATCCAC_003,127
GCAGCTCACCTGCTATCCAC_004,181
GCAGCTCACCTGCTATCCAC_005,192
GCAGCTCACCTGCTATCCAC_006,148
GCAGCTCACCTGCTATCCAC_007,187
GCAGCTCACCTGCTATCCAC_008,30
GCAGCTCACCTGCTATCCAC_009,5
GCAGCTCACCTGCTATCCAC_010,192
GCAGCTCACCTGCTATCCAC_011,82
GCAGCTCACCTGCTATCCAC_012,160
GCAGCTCACCTGCTATCCAC_013,64
GCAGCTCACCTGCTATCCAC_014,147
GCAGCTCACCTGCTATCCAC_015,169
GCAGCTCACCTGCTATCCAC_016,32
GCAGCTCACCTGCTATCCAC_017,53
GCAGCTCACCTGCTATCCAC_018,172
GCAGCTCACCTGCTATCCAC_019,57
GCAGCTCACCTGCTATCCAC_020,88
GAGGTGAAGAAGGCTTTGAC_001,40
GAGGTGAAGAAGGCTTTGAC_002,38
GAGGTGAAGAAGGCTTTGAC_003,9
GAGGTGAAGAAGGCTTTGAC_004,93
GAGGTGAAGAAGGCTTTGAC_005,45
GAGGTGAAGAAGGCTTTGAC_006,7
GAGGTGAAGAAGGCTTTGAC_007,171
GAGGTGAAGAAGGCTTTGAC_008,76
GAGGTGAAGAAGGCTTTGAC_009,120
GAGGTGAAGAAGGCTTTGAC_010,146
GAGGTGAAGAAGGCTTTGAC_011,108
GAGGTGAAGAAGGCTTTGAC_012,169
GAGGTGAAGAAGGCTTTGAC_013,15
GAGGTGAAGAAGGCTTTGAC_014,125
GAGGTGAAGAAGGCTTTGAC_015,174
TGCTCACTACAGTGATGTCG_001,149
TGCTCACTACAGTGATGTCG_002,46
TGCTCACTACAGTGATGTCG_003,151
TCTATTAAAACTCTCCTGTG_001,119
TCTATTAAAACTCTCCTGTG_002,51
TCTATTAAAACTCTCCTGTG_003,181
TCTATTAAAACTCTCCTGTG_004,169
TCTATTAAAACTCTCCTGTG_005,160
TCTATTAAAACTCTCCTGTG_006,80
AAGGTGGTCTACACTAGGGG_001,88
AAGGTGGTCTACACTAGGGG_002,28
AAGGTGGTCTACACTAGGGG_003,170
AAGGTGGTCTACACTAGGGG_004,78
AAGGTGGTCTACACTAGGGG_005,123
AAGGTGGTCTACACTAGGGG_006,48
AAGGTGGTCTACACTAGGGG_007,56
AAGGTGGTCTACACTAGGGG_008,149
AAGGTGGTCTACACTAGGGG_009,105
AAGGTGGTCTACACTAGGGG_010,160
AAGGTGGTCTACACTAGGGG_011,20
AAGGTGGTCTACACTAGGGG_012,78
AAGGTGGTCTACACTAGGGG_013,138
AAGGTGGTCTACACTAGGGG_014,52
AAGGTGGTCTACACTAGGGG_015,162
AAGGTGGTCTACACTAGGGG_016,113
AAGGTGGTCTACACTAGGGG_017,21
AAGGTGGTCTACACTAGGGG_018,2
AAGGTGGTCTACACTAGGGG_019,105
AAGGTGGTCTACACTAGGGG_020,176
AAGGTGGTCTACACTAGGGG_021,42
AAGGTGGTCTACACTAGGGG_022,180
AAGGTGGTCTACACTAGGGG_023,185
AAGGTGGTCTACACTAGGGG_024,15
AAGGTGGTCTACACTAGGGG_025,127
AAGGTGGTCTACACTAGGGG_026,23
AAGGTGGTCTACACTAGGGG_027,118
AAGGTGGTCTACACTAGGGG_028,166
AAGGTGGTCTACACTAGGGG_029,6
AAGGTGGTCTACACTAGGGG_030,64
AATGAAAGGCAAGGTCAACG_001,60
AATGAAAGGCAAGGTCAACG_002,44
AATGAAAGGCAAGGTCAACG_003,121
AATGAAAGGCAAGGTCAACG_004,55
AATGAAAGGCAAGGTCAACG_005,97
AATGAAAGGCAAGGTCAACG_006,30
AATGAAAGGCAAGGTCAACG_007,157
AATGAAAGGCAAGGTCAACG_008,108
AATGAAAGGCAAGGTCAACG_009,22
AATGAAAGGCAAGGTCAACG_010,180
AATGAAAGGCAAGGTCAACG_011,160
AATGAAAGGCAAGGTCAACG_012,1
AATGAAAGGCAAGGTCAACG_013,40
AATGAAAGGCAAGGTCAACG_014,37
GCATCCTGTTACATCCCCGT_001,139
GCATCCTGTTACATCCCCGT_002,158
GCATCCTGTTACATCCCCGT_003,38
GCATCCTGTTACATCCCCGT_004,192
GCATCCTGTTACATCCCCGT_005,5
GCATCCTGTTACATCCCCGT_006,56
AGATGACCGTGAGACACCTG_001,38
AGATGACCGTGAGACACCTG_002,78
AGATGACCGTGAGACACCTG_003,135
AGATGACCGTGAGACACCTG_004,179
AGATGACCGTGAGACACCTG_005,122
AGATGACCGTGAGACACCTG_006,113
AGATGACCGTGAGACACCTG_007,135
AGATGACCGTGAGACACCTG_008,149
AGATGACCGTGAGACACCTG_009,107
AGATGACCGTGAGACACCTG_010,35
AGATGACCGTGAGACACCTG_011,75
AGCAGCTCGAGTGGACTGGG_001,28
AGCAGCTCGAGTGGACTGGG_002,14
AGCAGCTCGAGTGGACTGGG_003,197
AGCAGCTCGAGTGGACTGGG_004,100
AGCAGCTCGAGTGGACTGGG_005,91
AGCAGCTCGAGTGGACTGGG_006,83
AGCAGCTCGAGTGGACTGGG_007,174
AGCAGCTCGAGTGGACTGGG_008,173
AGCAGCTCGAGTGGACTGGG_009,60
AGCAGCTCGAGTGGACTGGG_010,14
AGCAGCTCGAGTGGACTGGG_011,113
AGCAGCTCGAGTGGACTGGG_012,7
AGCAGCTCGAGTGGACTGGG_013,137
AGCAGCTCGAGTGGACTGGG_014,160
AGCAGCTCGAGTGGACTGGG_015,175
AGCAGCTCGAGTGGACTGGG_016,56
AGCAGCTCGAGTGGACTGGG_017,176
AGCAGCTCGAGTGGACTGGG_018,5
AGCAGCTCGAGTGGACTGGG_019,18
AGCAGCTCGAGTGGACTGGG_020,33
AGCAGCTCGAGTGGACTGGG_021,192
AGCAGCTCGAGTGGACTGGG_022,127
AGCAGCTCGAGTGGACTGGG_023,180
AGCAGCTCGAGTGGACTGGG_024,74
AGCAGCTCGAGTGGACTGGG_025,172
AGCAGCTCGAGTGGACTGGG_026,70
AGCAGCTCGAGTGGACTGGG_027,44
AGCAGCTCGAGTGGACTGGG_028,36
AGCAGCTCGAGTGGACTGGG_029,148
AGCAGCTCGAGTGGACTGGG_030,43
AGCAGCTCGAGTGGACTGGG_031,23
AGCAGCTCGAGTGGACTGGG_032,33
AGCAGCTCGAGTGGACTGGG_033,97
AGCAGCTCGAGTGGACTGGG_034,139
AGCAGCTCGAGTGGACTGGG_035,171
AGCAGCTCGAGTGGACTGGG_036,82
AGCAGCTCGAGTGGACTGGG_037,130
AGCAGCTCGAGTGGACTGGG_038,149
AGCAGCTCGAGTGGACTGGG_039,62
AGCAGCTCGAGTGGACTGGG_040,70
AGCAGCTCGAGTGGACTGGG_041,42
AGCAGCTCGAGTGGACTGGG_042,119
GCAAAGCTGAGCAACTCCTG_001,81
GCAAAGCTGAGCAACTCCTG_002,97
GAGCCTTGGACCAACAAACG_001,8
GAGCCTTGGACCAACAAACG_002,150
GAGCCTTGGACCAACAAACG_003,185
GAGCCTTGGACCAACAAACG_004,162
GAGCCTTGGACCAACAAACG_005,169
GAGCCTTGGACCAACAAACG_006,144
GTGGATAAAATCCCTCTCCG_001,58
GTGGATAAAATCCCTCTCCG_002,160
GTGGATAAAATCCCTCTCCG_003,193
GTGGATAAAATCCCTCTCCG_004,58
GTGGATAAAATCCCTCTCCG_005,74
GTGGATAAAATCCCTCTCCG_006,127
GTGGATAAAATCCCTCTCCG_007,183
GTGGATAAAATCCCTCTCCG_008,198
GTGGATAAAATCCCTCTCCG_009,148
GTGGATAAAATCCCTCTCCG_010,67
GTGGATAAAATCCCTCTCCG_011,140
CAAACTGGCAGCCCCCCGGT_001,171
CAAACTGGCAGCCCCCCGGT_002,96
CAAACTGGCAGCCCCCCGGT_003,12
CAAACTGGCAGCCCCCCGGT_004,12
CAAACTGGCAGCCCCCCGGT_005,132
CAAACTGGCAGCCCCCCGGT_006,98
CAAACTGGCAGCCCCCCGGT_007,14
CAAACTGGCAGCCCCCCGGT_008,27
CAAACTGGCAGCCCCCCGGT_009,119
CAAACTGGCAGCCCCCCGGT_010,68
CAAACTGGCAGCCCCCCGGT_011,152
GACGAATTAGAGGTACCCTG_001,90
GGGCTACCTGGAGACAGTGG_001,146
GGGCTACCTGGAGACAGTGG_002,23
GGGCTACCTGGAGACAGTGG_003,69
AGGTCAATATCATTTGCACA_001,119
CCGCATGCACAACTTGAACG_001,114
CCGCATGCACAACTTGAACG_002,185
CCGCATGCACAACTTGAACG_003,145
CCGCATGCACAACTTGAACG_004,49
CCGCATGCACAACTTGAACG_005,138
CCGCATGCACAACTTGAACG_006,41
GAATATTTGATACTTCATCA_001,121
GAATATTTGATACTTCATCA_002,186
AACCCCAGACAATATCCTTG_001,81
AACCCCAGACAATATCCTTG_002,43
AACCCCAGACAATATCCTTG_003,38
AACCCCAGACAATATCCTTG_004,151
AACCCCAGACAATATCCTTG_005,121
TAAATCAGTACATACCCATG_001,175
TAAATCAGTACATACCCATG_002,107
TAAATCAGTACATACCCATG_003,62
TAAATCAGTACATACCCATG_004,162
TAAATCAGTACATACCCATG_005,151
TAAATCAGTACATACCCATG_006,105
TATCATGCATACCTTCAAAG_001,181
TATCATGCATACCTTCAAAG_002,61
TATCATGCATACCTTCAAAG_003,0
TATCATGCATACCTTCAAAG_004,121
AGTGGCTCAACGATGCAGGT_001,8
AGTGGCTCAACGATGCAGGT_002,137
AGTGGCTCAACGATGCAGGT_003,35
AGTGGCTCAACGATGCAGGT_004,99
AGTGGCTCAACGATGCAGGT_005,167
AGTGGCTCAACGATGCAGGT_006,167
AGTGGCTCAACGATGCAGGT_007,185
AGTGGCTCAACGATGCAGGT_008,41
AGTGGCTCAACGATGCAGGT_009,197
AGTGGCTCAACGATGCAGGT_010,50
AGTGGCTCAACGATGCAGGT_011,162
AGTGGCTCAACGATGCAGGT_012,115
AGTGGCTCAACGATGCAGGT_013,13
AGTGGCTCAACGATGCAGGT_014,188
TCCAGCCTAGTGGAGCACCG_001,163
TCCAGCCTAGTGGAGCACCG_002,78
TCCAGCCTAGTGGAGCACCG_003,41
TCCAGCCTAGTGGAGCACCG_004,106
TCCAGCCTAGTGGAGCACCG_005,175
TCCAGCCTAGTGGAGCACCG_006,65
TCCAGCCTAGTGGAGCACCG_007,32
TCCAGCCTAGTGGAGCACCG_008,112
TCCAGCCTAGTGGAGCACCG_009,88
TCCAGCCTAGTGGAGCACCG_010,189
TCCAGCCTAGTGGAGCACCG_011,174
TCCAGCCTAGTGGAGCACCG_012,119
TCCAGCCTAGTGGAGCACCG_013,106
TCCAGCCTAGTGGAGCACCG_014,48
TCCAGCCTAGTGGAGCACCG_015,41
TCCAGCCTAGTGGAGCACCG_016,97
TCCAGCCTAGTGGAGCACCG_017,161
TCCAGCCTAGTGGAGCACCG_018,122
TCCAGCCTAGTGGAGCACCG_019,85
TCCAGCCTAGTGGAGCACCG_020,199
TCCAGCCTAGTGGAGCACCG_021,1
TCCAGCCTAGTGGAGCACCG_022,135
TCCAGCCTAGTGGAGCACCG_023,60
TCTGCGAATCAACAGGAGAC_001,9
AGCTCATAAAACTCCAAAAG_001,2
AGCTCATAAAACTCCAAAAG_002,88
AGCTCATAAAACTCCAAAAG_003,94
AGCTCATAAAACTCCAAAAG_004,147
GCCAATCCTAAGAACGCTGA_001,188
GCCAATCCTAAGAACGCTGA_002,3
GCCAATCCTAAGAACGCTGA_003,105
GCCAATCCTAAGAACGCTGA_004,67
GCCAATCCTAAGAACGCTGA_005,195
GCCAATCCTAAGAACGCTGA_006,78
GCCAATCCTAAGAACGCTGA_007,42
GCCAATCCTAAGAACGCTGA_008,130
CCAGATCGTGCGTACTGCAT_001,178
CCAGATCGTGCGTACTGCAT_002,8
CCAGATCGTGCGTACTGCAT_003,77
CCAGATCGTGCGTACTGCAT_004,156
CCAGATCGTGCGTACTGCAT_005,156
CCAGATCGTGCGTACTGCAT_006,69
CCAGATCGTGCGTACTGCAT_007,72
CCAGATCGTGCGTACTGCAT_008,150
CCAGATCGTGCGTACTGCAT_009,37
CCAGATCGTGCGTACTGCAT_010,177
ACAAGACATCCTTGCCTGCA_001,58
ACAAGACATCCTTGCCTGCA_002,87
ACAAGACATCCTTGCCTGCA_003,134
ACAAGACATCCTTGCCTGCA_004,67
ACAAGACATCCTTGCCTGCA_005,190
ACAAGACATCCTTGCCTGCA_006,160
ACAAGACATCCTTGCCTGCA_007,168
ACAAGACATCCTTGCCTGCA_008,65
ACAAGACATCCTTGCCTGCA_009,160
TAAATTTGATCACTTAAGGA_001,2
GGAGCTCTGGAAGCGCAAGT_001,150
GGAGCTCTGGAAGCGCAAGT_002,149
GGAGCTCTGGAAGCGCAAGT_003,34
GGAGCTCTGGAAGCGCAAGT_004,8
GGAGCTCTGGAAGCGCAAGT_005,181
GGAGCTCTGGAAGCGCAAGT_006,104
GGAGCTCTGGAAGCGCAAGT_007,112
GGAGCTCTGGAAGCGCAAGT_008,118
GGAGCTCTGGAAGCGCAAGT_009,134
GGAGCTCTGGAAGCGCAAGT_010,69
GGAGCTCTGGAAGCGCAAGT_011,46
GGAGCTCTGGAAGCGCAAGT_012,48
GGAGCTCTGGAAGCGCAAGT_013,55
GGAGCTCTGGAAGCGCAAGT_014,56
GGAGCTCTGGAAGCGCAAGT_015,75
GGAGCTCTGGAAGCGCAAGT_016,63
GCGTCACTGCCACGAACACG_001,103
GCGTCACTGCCACGAACACG_002,196
GCGTCACTGCCACGAACACG_003,169
GCGTCACTGCCACGAACACG_004,110
GCGTCACTGCCACGAACACG_005,81
GCGTCACTGCCACGAACACG_006,66
CCATATTCGGAGTTGAGGCA_001,135
CCATATTCGGAGTTGAGGCA_002,131
CCATATTCGGAGTTGAGGCA_003,19
CCATATTCGGAGTTGAGGCA_004,68
CCATATTCGGAGTTGAGGCA_005,35
CCATATTCGGAGTTGAGGCA_006,147
CCATATTCGGAGTTGAGGCA_007,130
CCATATTCGGAGTTGAGGCA_008,82
CCATATTCGGAGTTGAGGCA_009,1
CCATATTCGGAGTTGAGGCA_010,192
CCATATTCGGAGTTGAGGCA_011,91
CCATATTCGGAGTTGAGGCA_012,2
CCATATTCGGAGTTGAGGCA_013,165
CCATATTCGGAGTTGAGGCA_014,12
CCATATTCGGAGTTGAGGCA_015,62
CCATATTCGGAGTTGAGGCA_016,132
CCATATTCGGAGTTGAGGCA_017,26
CCATATTCGGAGTTGAGGCA_018,168
CCATATTCGGAGTTGAGGCA_019,183
CCATATTCGGAGTTGAGGCA_020,172
CCATATTCGGAGTTGAGGCA_021,124
CCATATTCGGAGTTGAGGCA_022,142
TGGTCTCGTTCATGCACGCA_001,96
TGGTCTCGTTCATGCACGCA_002,7
TGGTCTCGTTCATGCACGCA_003,13
TGGTCTCGTTCATGCACGCA_004,149
TGGTCTCGTTCATGCACGCA_005,188
TGGTCTCGTTCATGCACGCA_006,49
TGGTCTCGTTCATGCACGCA_007,192
TGGTCTCGTTCATGCACGCA_008,76
TGGTCTCGTTCATGCACGCA_009,69
TGGTCTCGTTCATGCACGCA_010,180
TGGTCTCGTTCATGCACGCA_011,62
TGGTCTCGTTCATGCACGCA_012,148
TGGTCTCGTTCATGCACGCA_013,61
TGGTCTCGTTCATGCACGCA_014,129
TGGTCTCGTTCATGCACGCA_015,94
TGGTCTCGTTCATGCACGCA_016,2
TGGTCTCGTTCATGCACGCA_017,6
TGGTCTCGTTCATGCACGCA_018,15
TGGTCTCGTTCATGCACGCA_019,3
TGGTCTCGTTCATGCACGCA_020,3
CCCACAGCTACCACACGGTG_001,169
CAGGGTTGCGCAGAGGACTC_001,120
CAGGGTTGCGCAGAGGACTC_002,27
CAGGGTTGCGCAGAGGACTC_003,148
CAGGGTTGCGCAGAGGACTC_004,199
CAGGGTTGCGCAGAGGACTC_005,88
CAGGGTTGCGCAGAGGACTC_006,136
CAGGGTTGCGCAGAGGACTC_007,65
CAGGGTTGCGCAGAGGACTC_008,29
CAGGGTTGCGCAGAGGACTC_009,88
CAGGGTTGCGCAGAGGACTC_010,151
CAGGGTTGCGCAGAGGACTC_011,191
CAGGGTTGCGCAGAGGACTC_012,27
CAGGGTTGCGCAGAGGACTC_013,65
CAGGGTTGCGCAGAGGACTC_014,103
CAGGGTTGCGCAGAGGACTC_015,163
CAGGGTTGCGCAGAGGACTC_016,54
CAGGGTTGCGCAGAGGACTC_017,141
CAGGGTTGCGCAGAGGACTC_018,177
CAGGGTTGCGCAGAGGACTC_019,127
CAGGGTTGCGCAGAGGACTC_020,45
CAGGGTTGCGCAGAGGACTC_021,12
CAGGGTTGCGCAGAGGACTC_022,72
CAGGGTTGCGCAGAGGACTC_023,58
CAGGGTTGCGCAGAGGACTC_024,97
CAGGGTTGCGCAGAGGACTC_025,48
CAGGGTTGCGCAGAGGACTC_026,182
CAGGGTTGCGCAGAGGACTC_027,45
CAGGGTTGCGCAGAGGACTC_028,140
CAGGGTTGCGCAGAGGACTC_029,73
CAGGGTTGCGCAGAGGACTC_030,94
CAGGGTTGCGCAGAGGACTC_031,20
CAGGGTTGCGCAGAGGACTC_032,94
CAGGGTTGCGCAGAGGACTC_033,142
CAGGGTTGCGCAGAGGACTC_034,168
CAGGGTTGCGCAGAGGACTC_035,159
CAGGGTTGCGCAGAGGACTC_036,30
TTTCGACGTAAGACACACCT_001,121
TTTCGACGTAAGACACACCT_002,78
TTTCGACGTAAGACACACCT_003,42
TTTCGACGTAAGACACACCT_004,26
TTTCGACGTAAGACACACCT_005,175
TTTCGACGTAAGACACACCT_006,94
TTTCGACGTAAGACACACCT_007,127
TTTCGACGTAAGACACACCT_008,58
TTTCGACGTAAGACACACCT_009,194
TTTCGACGTAAGACACACCT_010,43
TTTCGACGTAAGACACACCT_011,138
TTTCGACGTAAGACACACCT_012,142
TTTCGACGTAAGACACACCT_013,106
TTTCGACGTAAGACACACCT_014,86
CCTCATGGTTCAAGGACTCG_001,24
CCTCATGGTTCAAGGACTCG_002,115
CCTCATGGTTCAAGGACTCG_003,2
CCTCATGGTTCAAGGACTCG_004,98
CCTCATGGTTCAAGGACTCG_005,156
CCTCATGGTTCAAGGACTCG_006,2
CCTCATGGTTCAAGGACTCG_007,76
CCTCATGGTTCAAGGACTCG_008,118
CCTCATGGTTCAAGGACTCG_009,56
GGTTCTTATAGTCTCGACTG_001,171
GAGCCGCCAAAAATATGCTG_001,154
GAGCCGCCAAAAATATGCTG_002,185
GAGCCGCCAAAAATATGCTG_003,123
GAGCCGCCAAAAATATGCTG_004,101
GAGCCGCCAAAAATATGCTG_005,153
GAGCCGCCAAAAATATGCTG_006,185
GAGCCGCCAAAAATATGCTG_007,185
GAGCCGCCAAAAATATGCTG_008,126
CAAGCAGAGAAGTTCCCTTG_001,49
CAAGCAGAGAAGTTCCCTTG_002,16
CAAGCAGAGAAGTTCCCTTG_003,150
CAAGCAGAGAAGTTCCCTTG_004,198
CAAGCAGAGAAGTTCCCTTG_005,197
CTGCCAGCGAGAATTGTCCG_001,54
CTGCCAGCGAGAATTGTCCG_002,16
CTGCCAGCGAGAATTGTCCG_003,78
CTGCCAGCGAGAATTGTCCG_004,125
CTGCCAGCGAGAATTGTCCG_005,169
CTGCCAGCGAGAATTGTCCG_006,49
CTGCCAGCGAGAATTGTCCG_007,1
CTGCCAGCGAGAATTGTCCG_008,81
CTGCCAGCGAGAATTGTCCG_009,41
CCCTCTACAAAGCCATGAAG_001,170
CCCTCTACAAAGCCATGAAG_002,196
CCCTCTACAAAGCCATGAAG_003,45
CCCTCTACAAAGCCATGAAG_004,169
CCCTCTACAAAGCCATGAAG_005,94
AGCTCAAGGGATGACTAGAG_001,127
AGCTCAAGGGATGACTAGAG_002,17
AGCTCAAGGGATGACTAGAG_003,17
AGCTCAAGGGATGACTAGAG_004,97
AGCTCAAGGGATGACTAGAG_005,149
AGCTCAAGGGATGACTAGAG_006,49
AGCTCAAGGGATGACTAGAG_007,95
AGCTCAAGGGATGACTAGAG_008,88
AGCTCAAGGGATGACTAGAG_009,94
AGCTCAAGGGATGACTAGAG_010,98
AGCTCAAGGGATGACTAGAG_011,57
AGCTCAAGGGATGACTAGAG_012,106
AGCTCAAGGGATGACTAGAG_013,63
AGCTCAAGGGATGACTAGAG_014,44
AGCTCAAGGGATGACTAGAG_015,33
CAGTGCATCCTCATACACGT_001,17
CAGTGCATCCTCATACACGT_002,148
CAGTGCATCCTCATACACGT_003,159
CAGTGCATCCTCATACACGT_004,134
ATGAAACATATACAACGAGT_001,16
TTCCGAGTAATCAGCCAACG_001,53
TTCCGAGTAATCAGCCAACG_002,27
TTCCGAGTAATCAGCCAACG_003,14
TTCCGAGTAATCAGCCAACG_004,19
TTCCGAGTAATCAGCCAACG_005,180
TTCCGAGTAATCAGCCAACG_006,95
TTCCGAGTAATCAGCCAACG_007,162
TTCCGAGTAATCAGCCAACG_008,86
TTCCGAGTAATCAGCCAACG_009,44
TTCCGAGTAATCAGCCAACG_010,135
TTCCGAGTAATCAGCCAACG_011,139
TTCCGAGTAATCAGCCAACG_012,98
CCAGCTTCATCACCAGGCGT_001,0
CCAGCTTCATCACCAGGCGT_002,115
CCAGCTTCATCACCAGGCGT_003,89
CCAGCTTCATCACCAGGCGT_004,48
CCAGCTTCATCACCAGGCGT_005,63
CCAGCTTCATCACCAGGCGT_006,77
CCAGCTTCATCACCAGGCGT_007,69
CCAGCTTCATCACCAGGCGT_008,166
CCAGCTTCATCACCAGGCGT_009,92
CCAGCTTCATCACCAGGCGT_010,166
CCAGCTTCATCACCAGGCGT_011,184
CCAGCTTCATCACCAGGCGT_012,188
CCAGCTTCATCACCAGGCGT_013,169
CCTGATGAGAGCCCCCGCCG_001,15
CCTGATGAGAGCCCCCGCCG_002,191
CCTGATGAGAGCCCCCGCCG_003,37
CCTGATGAGAGCCCCCGCCG_004,15
CCTGATGAGAGCCCCCGCCG_005,28
CCTGATGAGAGCCCCCGCCG_006,133
CCTGATGAGAGCCCCCGCCG_007,174
CCTGATGAGAGCCCCCGCCG_008,95
CCTGATGAGAGCCCCCGCCG_009,116
CCTGATGAGAGCCCCCGCCG_010,29
CCTGATGAGAGCCCCCGCCG_011,182
CCTGATGAGAGCCCCCGCCG_012,48
CCTGATGAGAGCCCCCGCCG_013,142
CCTGATGAGAGCCCCCGCCG_014,50
CCTGATGAGAGCCCCCGCCG_015,169
CCTGATGAGAGCCCCCGCCG_016,127
CCTGATGAGAGCCCCCGCCG_017,142
CCTGATGAGAGCCCCCGCCG_018,0
CCTGATGAGAGCCCCCGCCG_019,46
CCTGATGAGAGCCCCCGCCG_020,148
CCTGATGAGAGCCCCCGCCG_021,189
CCTGATGAGAGCCCCCGCCG_022,169
CCTGATGAGAGCCCCCGCCG_023,1
CCTGATGAGAGCCCCCGCCG_024,90
CCTGATGAGAGCCCCCGCCG_025,46
CCTGATGAGAGCCCCCGCCG_026,38
CCTGATGAGAGCCCCCGCCG_027,169
CCTGATGAGAGCCCCCGCCG_028,0
CCTGATGAGAGCCCCCGCCG_029,62
CCTGATGAGAGCCCCCGCCG_030,78
CCTGATGAGAGCCCCCGCCG_031,55
CCTGATGAGAGCCCCCGCCG_032,185
CCTGATGAGAGCCCCCGCCG_033,43
CCTGATGAGAGCCCCCGCCG_034,166
CCTGATGAGAGCCCCCGCCG_035,63
CCTGATGAGAGCCCCCGCCG_036,58
CCTGATGAGAGCCCCCGCCG_037,31
CCTGATGAGAGCCCCCGCCG_038,61
GCTTGTGGCTAACTTGCGTG_001,77
GCTTGTGGCTAACTTGCGTG_002,142
GCTTGTGGCTAACTTGCGTG_003,103
GCTTGTGGCTAACTTGCGTG_004,142
GCTTGTGGCTAACTTGCGTG_005,14
GCTTGTGGCTAACTTGCGTG_006,42
GCTTGTGGCTAACTTGCGTG_007,27
GCTTGTGGCTAACTTGCGTG_008,27
GCGGACGTGCCCCACCCGTG_001,182
GCGGACGTGCCCCACCCGTG_002,144
GCGGACGTGCCCCACCCGTG_003,148
GCGGACGTGCCCCACCCGTG_004,95
GCGGACGTGCCCCACCCGTG_005,92
GCGGACGTGCCCCACCCGTG_006,94
AGTTCTGAAAGAGTTAGACG_001,76
AGTTCTGAAAGAGTTAGACG_002,30
AGTTCTGAAAGAGTTAGACG_003,94
AGTTCTGAAAGAGTTAGACG_004,41
AGTTCTGAAAGAGTTAGACG_005,118
AGTTCTGAAAGAGTTAGACG_006,168
AGACGGTGCCGAAGGACCTG_001,88
AGACGGTGCCGAAGGACCTG_002,28
AGACGGTGCCGAAGGACCTG_003,178
AGACGGTGCCGAAGGACCTG_004,108
AGGCCAACATGCGAAAACGC_001,92
AGGCCAACATGCGAAAACGC_002,170
AGGCCAACATGCGAAAACGC_003,103
AGGCCAACATGCGAAAACGC_004,50
AGGCCAACATGCGAAAACGC_005,158
AGGCCAACATGCGAAAACGC_006,127
AGGCCAACATGCGAAAACGC_007,109
AGGCCAACATGCGAAAACGC_008,59
AGGCCAACATGCGAAAACGC_009,69
AGGCCAACATGCGAAAACGC_010,77
AGGCCAACATGCGAAAACGC_011,176
AGGCCAACATGCGAAAACGC_012,140
AGGCCAACATGCGAAAACGC_013,185
AGGCCAACATGCGAAAACGC_014,192
TCCCCTTTGAGGTCACAACA_001,133
TCCCCTTTGAGGTCACAACA_002,20
TCCCCTTTGAGGTCACAACA_003,69
TTAGAAGACCAACTTCAAGG_001,94
TTAGAAGACCAACTTCAAGG_002,165
TTAGAAGACCAACTTCAAGG_003,129
TTAGAAGACCAACTTCAAGG_004,108
TTAGAAGACCAACTTCAAGG_005,53
TTAGAAGACCAACTTCAAGG_006,8
TTAGAAGACCAACTTCAAGG_007,9
TTAGAAGACCAACTTCAAGG_008,188
TGTCAGAGGCAGAGGAAAAT_001,174
AGTGTTTCGGCACAAAGAGA_001,127
AGTGTTTCGGCACAAAGAGA_002,17
AGTGTTTCGGCACAAAGAGA_003,107
AGTGTTTCGGCACAAAGAGA_004,86
AGTGTTTCGGCACAAAGAGA_005,158
AGTGTTTCGGCACAAAGAGA_006,83
CACAAGCGGACCATCCGGAA_001,41
CACAAGCGGACCATCCGGAA_002,127
CACAAGCGGACCATCCGGAA_003,1
CACAAGCGGACCATCCGGAA_004,153
CACAAGCGGACCATCCGGAA_005,166
CACAAGCGGACCATCCGGAA_006,118
CACAAGCGGACCATCCGGAA_007,106
CACAAGCGGACCATCCGGAA_008,4
CACAAGCGGACCATCCGGAA_009,61
CACAAGCGGACCATCCGGAA_010,178
CACAAGCGGACCATCCGGAA_011,41
CACAAGCGGACCATCCGGAA_012,168
CACAAGCGGACCATCCGGAA_013,169
CACAAGCGGACCATCCGGAA_014,7
CACAAGCGGACCATCCGGAA_015,70
CACAAGCGGACCATCCGGAA_016,127
CACAAGCGGACCATCCGGAA_017,5
CACAAGCGGACCATCCGGAA_018,168
CACAAGCGGACCATCCGGAA_019,28
CACAAGCGGACCATCCGGAA_020,193
CACAAGCGGACCATCCGGAA_021,42
CACAAGCGGACCATCCGGAA_022,105
CACAAGCGGACCATCCGGAA_023,113
CACAAGCGGACCATCCGGAA_024,60
CACAAGCGGACCATCCGGAA_025,160
CACAAGCGGACCATCCGGAA_026,140
CACAAGCGGACCATCCGGAA_027,29
CACAAGCGGACCATCCGGAA_028,193
CACAAGCGGACCATCCGGAA_029,161
CACAAGCGGACCATCCGGAA_030,151
CACAAGCGGACCATCCGGAA_031,174
CACAAGCGGACCATCCGGAA_032,146
CACAAGCGGACCATCCGGAA_033,0
CACAAGCGGACCATCCGGAA_034,172
TGAGTGGAACTGCGAACCCG_001,32
TGAGTGGAACTGCGAACCCG_002,176
TGAGTGGAACTGCGAACCCG_003,27
TGAGTGGAACTGCGAACCCG_004,102
TGAGTGGAACTGCGAACCCG_005,48
TGAGTGGAACTGCGAACCCG_006,22
TGAGTGGAACTGCGAACCCG_007,38
TGAGTGGAACTGCGAACCCG_008,112
TGAGTGGAACTGCGAACCCG_009,118
TGAGTGGAACTGCGAACCCG_010,148
TGAGTGGAACTGCGAACCCG_011,13
TGAGTGGAACTGCGAACCCG_012,65
TGAGTGGAACTGCGAACCCG_013,86
TGAGTGGAACTGCGAACCCG_014,154
TGAGTGGAACTGCGAACCCG_015,8
TGAGTGGAACTGCGAACCCG_016,162
TGTTCCTCAGGAAAATGATG_001,91
AAGAAAGACAGTCGACGGGA_001,19
AAGAAAGACAGTCGACGGGA_002,1
AAGAAAGACAGTCGACGGGA_003,174
AAGAAAGACAGTCGACGGGA_004,127
AAGAAAGACAGTCGACGGGA_005,60
AAGAAAGACAGTCGACGGGA_006,86
AAGAAAGACAGTCGACGGGA_007,158
AAGAAAGACAGTCGACGGGA_008,170
AAGAAAGACAGTCGACGGGA_009,29
AAGAAAGACAGTCGACGGGA_010,155
AAGAAAGACAGTCGACGGGA_011,79
AAGAAAGACAGTCGACGGGA_012,177
AAGAAAGACAGTCGACGGGA_013,194
CTTTCAAGCCAAAGTCGCCT_001,82
CTTTCAAGCCAAAGTCGCCT_002,184
CTTTCAAGCCAAAGTCGCCT_003,9
CTTTCAAGCCAAAGTCGCCT_004,150
GCATCCTTAATGTCCAGTCA_001,171
GCATCCTTAATGTCCAGTCA_002,42
GCATCCTTAATGTCCAGTCA_003,82
GCGCTCACGGAGTCGCGACA_001,118
GCGCTCACGGAGTCGCGACA_002,68
GCGCTCACGGAGTCGCGACA_003,98
GCGCTCACGGAGTCGCGACA_004,41
GCGCTCACGGAGTCGCGACA_005,48
GCGCTCACGGAGTCGCGACA_006,159
GCGCTCACGGAGTCGCGACA_007,68
GCGCTCACGGAGTCGCGACA_008,37
GCGCTCACGGAGTCGCGACA_009,126
GCGCTCACGGAGTCGCGACA_010,130
GCGCTCACGGAGTCGCGACA_011,0
TGGGGTCCACGCCAATACAG_001,144
TGGGGTCCACGCCAATACAG_002,76
TGGGGTCCACGCCAATACAG_003,169
TGGGGTCCACGCCAATACAG_004,69
TGGGGTCCACGCCAATACAG_005,188
TGGGGTCCACGCCAATACAG_006,85
TGGGGTCCACGCCAATACAG_007,65
TGGGGTCCACGCCAATACAG_008,121
TGGGGTCCACGCCAATACAG_009,10
TGGGGTCCACGCCAATACAG_010,27
TGGGGTCCACGCCAATACAG_011,114
TGGGGTCCACGCCAATACAG_012,114
TGGGGTCCACGCCAATACAG_013,128
TGGGGTCCACGCCAATACAG_014,20
TGGGGTCCACGCCAATACAG_015,89
TCAGAGTTTCGAAGCATGCA_001,60
TCAGAGTTTCGAAGCATGCA_002,36
TCAGAGTTTCGAAGCATGCA_003,94
TCAGAGTTTCGAAGCATGCA_004,8
TCAGAGTTTCGAAGCATGCA_005,158
TCAGAGTTTCGAAGCATGCA_006,18
TCAGAGTTTCGAAGCATGCA_007,117
TCAGAGTTTCGAAGCATGCA_008,184
TCAGAGTTTCGAAGCATGCA_009,50
TCAGAGTTTCGAAGCATGCA_010,19
TCAGAGTTTCGAAGCATGCA_011,162
TCAGAGTTTCGAAGCATGCA_012,19
TCAGAGTTTCGAAGCATGCA_013,185
TCAGAGTTTCGAAGCATGCA_014,68
TCAGAGTTTCGAAGCATGCA_015,4
TCAGAGTTTCGAAGCATGCA_016,174
AGGTGACAGCCTTTGGACGT_001,121
AGGTGACAGCCTTTGGACGT_002,138
AGGTGACAGCCTTTGGACGT_003,140
AGGTGACAGCCTTTGGACGT_004,199
AGGTGACAGCCTTTGGACGT_005,134
AGGTGACAGCCTTTGGACGT_006,158
AGGTGACAGCCTTTGGACGT_007,69
AGGTGACAGCCTTTGGACGT_008,174
AGGTGACAGCCTTTGGACGT_009,72
AGGTGACAGCCTTTGGACGT_010,65
AGGTGACAGCCTTTGGACGT_011,65
AGGTGACAGCCTTTGGACGT_012,41
AGGTGACAGCCTTTGGACGT_013,17
AGGTGACAGCCTTTGGACGT_014,160
AGGTGACAGCCTTTGGACGT_015,66
GCAGCTTCAGGGTCGAACAG_001,43
GCAGCTTCAGGGTCGAACAG_002,199
GCAGCTTCAGGGTCGAACAG_003,98
GCAGCTTCAGGGTCGAACAG_004,48
GCAGCTTCAGGGTCGAACAG_005,2
GCAGCTTCAGGGTCGAACAG_006,125
GCAGCTTCAGGGTCGAACAG_007,100
GCAGCTTCAGGGTCGAACAG_008,12
GCAGCTTCAGGGTCGAACAG_009,125
GCAGCTTCAGGGTCGAACAG_010,125
GCAGCTTCAGGGTCGAACAG_011,94
GCAGCTTCAGGGTCGAACAG_012,70
GCAGCTTCAGGGTCGAACAG_013,60
GCAGCTTCAGGGTCGAACAG_014,116
GCAGCTTCAGGGTCGAACAG_015,56
GCAGCTTCAGGGTCGAACAG_016,52
GCAGCTTCAGGGTCGAACAG_017,151
GCAGCTTCAGGGTCGAACAG_018,3
GCAGCTTCAGGGTCGAACAG_019,57
GCAGCTTCAGGGTCGAACAG_020,155
GGGAAAGAAGACAACTACCG_001,17
GGGAAAGAAGACAACTACCG_002,146
GGGAAAGAAGACAACTACCG_003,162
GGGAAAGAAGACAACTACCG_004,8
GGGAAAGAAGACAACTACCG_005,55
GGGAAAGAAGACAACTACCG_006,62
GGGAAAGAAGACAACTACCG_007,141
GGGAAAGAAGACAACTACCG_008,107
GGGAAAGAAGACAACTACCG_009,160
GGGAAAGAAGACAACTACCG_010,142
GGGAAAGAAGACAACTACCG_011,39
GGGGCGAGCGGCGGGACTAG_001,188
GGGGCGAGCGGCGGGACTAG_002,169
GGGGCGAGCGGCGGGACTAG_003,159
GGGGCGAGCGGCGGGACTAG_004,106
GGGGCGAGCGGCGGGACTAG_005,77
GGGGCGAGCGGCGGGACTAG_006,149
GGGGCGAGCGGCGGGACTAG_007,87
GGGGCGAGCGGCGGGACTAG_008,83
GGGGCGAGCGGCGGGACTAG_009,141
GGGGCGAGCGGCGGGACTAG_010,81
GGGGCGAGCGGCGGGACTAG_011,118
GGGGCGAGCGGCGGGACTAG_012,190
GGGGCGAGCGGCGGGACTAG_013,186
GGGGCGAGCGGCGGGACTAG_014,53
GGGGCGAGCGGCGGGACTAG_015,127
GGGGCGAGCGGCGGGACTAG_016,169
GGGGCGAGCGGCGGGACTAG_017,197
GGGGCGAGCGGCGGGACTAG_018,99
GGGGCGAGCGGCGGGACTAG_019,83
GGGGCGAGCGGCGGGACTAG_020,193
GGGGCGAGCGGCGGGACTAG_021,40
GGGGCGAGCGGCGGGACTAG_022,33
GGGGCGAGCGGCGGGACTAG_023,49
GGGGCGAGCGGCGGGACTAG_024,191
GGGGCGAGCGGCGGGACTAG_025,27
GGGGCGAGCGGCGGGACTAG_026,151
GGGGCGAGCGGCGGGACTAG_027,168
GGGGCGAGCGGCGGGACTAG_028,28
GGGGCGAGCGGCGGGACTAG_029,94
GGGGCGAGCGGCGGGACTAG_030,166
GGGGCGAGCGGCGGGACTAG_031,194
GGGGCGAGCGGCGGGACTAG_032,103
GGGGCGAGCGGCGGGACTAG_033,104
GGGGCGAGCGGCGGGACTAG_034,162
GGGGCGAGCGGCGGGACTAG_035,138
GGGGCGAGCGGCGGGACTAG_036,9
GGGGCGAGCGGCGGGACTAG_037,85
GTTCAATTAGGTGTGTGCTG_001,25
GTTCAATTAGGTGTGTGCTG_002,62
GTTCAATTAGGTGTGTGCTG_003,86
GTTCAATTAGGTGTGTGCTG_004,46
GTTCAATTAGGTGTGTGCTG_005,165
GTTCAATTAGGTGTGTGCTG_006,168
GTTCAATTAGGTGTGTGCTG_007,164
GTGCACAAAGAATGTTACAA_001,96
GTGCACAAAGAATGTTACAA_002,152
GTGCACAAAGAATGTTACAA_003,160
GTGCACAAAGAATGTTACAA_004,137
GTGCACAAAGAATGTTACAA_005,190
GTGCACAAAGAATGTTACAA_006,105
GTGCACAAAGAATGTTACAA_007,158
GTGCACAAAGAATGTTACAA_008,76
GTGCACAAAGAATGTTACAA_009,97
CAGCTCTGATGTCCGGCATG_001,146
CAGCTCTGATGTCCGGCATG_002,190
CAGCTCTGATGTCCGGCATG_003,110
CAGCTCTGATGTCCGGCATG_004,148
CAGCTCTGATGTCCGGCATG_005,63
CAGCTCTGATGTCCGGCATG_006,146
CAGCTCTGATGTCCGGCATG_007,68
CAGCTCTGATGTCCGGCATG_008,68
GTCTGTCCTAGTGTCCGCAG_001,59
GTCTGTCCTAGTGTCCGCAG_002,38
GTCTGTCCTAGTGTCCGCAG_003,27
GTCTGTCCTAGTGTCCGCAG_004,70
GTCTGTCCTAGTGTCCGCAG_005,150
GTCTGTCCTAGTGTCCGCAG_006,126
GTCTGTCCTAGTGTCCGCAG_007,158
GTCTGTCCTAGTGTCCGCAG_008,130
GTCTGTCCTAGTGTCCGCAG_009,19
CTAAGAAAGAGAAATTCCTG_001,56
CTAAGAAAGAGAAATTCCTG_002,111
CTAAGAAAGAGAAATTCCTG_003,17
CTAAGAAAGAGAAATTCCTG_004,130
CTAAGAAAGAGAAATTCCTG_005,124
CTAAGAAAGAGAAATTCCTG_006,184
TTTGCCTACCAGAAACGTAG_001,156
TTTGCCTACCAGAAACGTAG_002,14
TTTGCCTACCAGAAACGTAG_003,50
TTTGCCTACCAGAAACGTAG_004,150
TTTGCCTACCAGAAACGTAG_005,159
TTTGCCTACCAGAAACGTAG_006,187
CAGCTCCACTCACCAGGAAC_001,16
CAGCTCCACTCACCAGGAAC_002,5
CAGCTCCACTCACCAGGAAC_003,145
CAGCTCCACTCACCAGGAAC_004,129
GTTCCACACGACATCATCCG_001,122
GTTCCACACGACATCATCCG_002,146
GTTCCACACGACATCATCCG_003,17
CAGCTCCTGGTCCGACATGT_001,151
CAGCTCCTGGTCCGACATGT_002,76
CAGCTCCTGGTCCGACATGT_003,142
CAGCTCCTGGTCCGACATGT_004,144
CAGCTCCTGGTCCGACATGT_005,43
CAGCTCCTGGTCCGACATGT_006,8
CAGCTCCTGGTCCGACATGT_007,154
CAGCTCCTGGTCCGACATGT_008,103
CAGCTCCTGGTCCGACATGT_009,183
CAGCTCCTGGTCCGACATGT_010,116
CAGCTCCTGGTCCGACATGT_011,43
CAGCTCCTGGTCCGACATGT_012,162
CAGCTCCTGGTCCGACATGT_013,29
CAGCTCCTGGTCCGACATGT_014,66
CAGCTCCTGGTCCGACATGT_015,18
CCCGCACGGTCATGTCGCCG_001,62
CCCGCACGGTCATGTCGCCG_002,171
AGTAGTGACACTGTCCAGCA_001,17
AGTAGTGACACTGTCCAGCA_002,151
AGTAGTGACACTGTCCAGCA_003,129
AGTAGTGACACTGTCCAGCA_004,179
AGTAGTGACACTGTCCAGCA_005,188
AGTAGTGACACTGTCCAGCA_006,130
AGTAGTGACACTGTCCAGCA_007,104
AGTAGTGACACTGTCCAGCA_008,19
AGTAGTGACACTGTCCAGCA_009,26
AGTAGTGACACTGTCCAGCA_010,152
AGTAGTGACACTGTCCAGCA_011,10
TTCTCTGGACGGCCGCCCTG_001,191
TTCTCTGGACGGCCGCCCTG_002,76
TTCTCTGGACGGCCGCCCTG_003,58
TTCTCTGGACGGCCGCCCTG_004,151
TTCTCTGGACGGCCGCCCTG_005,169
TTCTCTGGACGGCCGCCCTG_006,43
TTCTCTGGACGGCCGCCCTG_007,154
TTCTCTGGACGGCCGCCCTG_008,191
TTCTCTGGACGGCCGCCCTG_009,69
TTCTCTGGACGGCCGCCCTG_010,123
TTCTCTGGACGGCCGCCCTG_011,161
TTCTCTGGACGGCCGCCCTG_012,116
TTCTCTGGACGGCCGCCCTG_013,1
TTCTCTGGACGGCCGCCCTG_014,176
TTCTCTGGACGGCCGCCCTG_015,86
TTCTCTGGACGGCCGCCCTG_016,69
TTCTCTGGACGGCCGCCCTG_017,130
TTCTCTGGACGGCCGCCCTG_018,22
TTCTCTGGACGGCCGCCCTG_019,44
TTCTCTGGACGGCCGCCCTG_020,17
TTCTCTGGACGGCCGCCCTG_021,149
TTCTCTGGACGGCCGCCCTG_022,29
TTCTCTGGACGGCCGCCCTG_023,107
TTCTCTGGACGGCCGCCCTG_024,61
TTCTCTGGACGGCCGCCCTG_025,175
TTCTCTGGACGGCCGCCCTG_026,121
TTCTCTGGACGGCCGCCCTG_027,42
TTCTCTGGACGGCCGCCCTG_028,49
TTCTCTGGACGGCCGCCCTG_029,19
TTCTCTGGACGGCCGCCCTG_030,168
TTCTCTGGACGGCCGCCCTG_031,191
TTCTCTGGACGGCCGCCCTG_032,148
TTCTCTGGACGGCCGCCCTG_033,28
TTCTCTGGACGGCCGCCCTG_034,156
TTCTCTGGACGGCCGCCCTG_035,28
TTCTCTGGACGGCCGCCCTG_036,172
TTCTCTGGACGGCCGCCCTG_037,15
TTCTCTGGACGGCCGCCCTG_038,72
TTCTCTGGACGGCCGCCCTG_039,63
TTCTCTGGACGGCCGCCCTG_040,83
GCTCAAGAAAGAAGTGACAC_001,106
GCTCAAGAAAGAAGTGACAC_002,175
GCTCAAGAAAGAAGTGACAC_003,147
GCTCAAGAAAGAAGTGACAC_004,23
GCTCAAGAAAGAAGTGACAC_005,181
GCTCAAGAAAGAAGTGACAC_006,51
GCTCAAGAAAGAAGTGACAC_007,1
GCTCAAGAAAGAAGTGACAC_008,31
GCTCAAGAAAGAAGTGACAC_009,184
GCTCAAGAAAGAAGTGACAC_010,8
GCTCAAGAAAGAAGTGACAC_011,127
GCTCAAGAAAGAAGTGACAC_012,127
GCTCAAGAAAGAAGTGACAC_013,54
GCTCAAGAAAGAAGTGACAC_014,76
GCTCAAGAAAGAAGTGACAC_015,138
GTATATTGCAAATACCGTAG_001,107
CTCAAAGATGTCATTGACGA_001,3
CTCAAAGATGTCATTGACGA_002,191
CTCAAAGATGTCATTGACGA_003,81
CTCAAAGATGTCATTGACGA_004,144
CTCAAAGATGTCATTGACGA_005,55
CTCAAAGATGTCATTGACGA_006,101
CTCAAAGATGTCATTGACGA_007,188
CTCAAAGATGTCATTGACGA_008,117
CTCAAAGATGTCATTGACGA_009,157
CTCAAAGATGTCATTGACGA_010,43
CTCAAAGATGTCATTGACGA_011,62
AAACTAATGATGTTGCATGG_001,178
AAACTAATGATGTTGCATGG_002,125
AACAGTACTCAGGCATCTGA_001,119
AACAGTACTCAGGCATCTGA_002,78
AACAGTACTCAGGCATCTGA_003,65
AACAGTACTCAGGCATCTGA_004,107
AACAGTACTCAGGCATCTGA_005,99
AACAGTACTCAGGCATCTGA_006,183
AACAGTACTCAGGCATCTGA_007,192
AACAGTACTCAGGCATCTGA_008,42
AACAGTACTCAGGCATCTGA_009,193
AACAGTACTCAGGCATCTGA_010,138
AACAGTACTCAGGCATCTGA_011,63
AACAGTACTCAGGCATCTGA_012,110
ATAGAGCTGATAGGTCAGCT_001,84
ATAGAGCTGATAGGTCAGCT_002,198
ATAGAGCTGATAGGTCAGCT_003,177
ATAGAGCTGATAGGTCAGCT_004,111
ATAGAGCTGATAGGTCAGCT_005,149
ATAGAGCTGATAGGTCAGCT_006,73
ATAGAGCTGATAGGTCAGCT_007,45
ATAGAGCTGATAGGTCAGCT_008,161
ATAGAGCTGATAGGTCAGCT_009,116
ATAGAGCTGATAGGTCAGCT_010,26
ATAGAGCTGATAGGTCAGCT_011,18
ATAGAGCTGATAGGTCAGCT_012,107
CACGGTGCGACGTGTCATCG_001,197
CACGGTGCGACGTGTCATCG_002,102
CACGGTGCGACGTGTCATCG_003,63
CACGGTGCGACGTGTCATCG_004,46
CACGGTGCGACGTGTCATCG_005,69
CACGGTGCGACGTGTCATCG_006,114
CACGGTGCGACGTGTCATCG_007,82
CACGGTGCGACGTGTCATCG_008,177
CACGGTGCGACGTGTCATCG_009,147
CACGGTGCGACGTGTCATCG_010,53
CACGGTGCGACGTGTCATCG_011,191
CACGGTGCGACGTGTCATCG_012,32
CACGGTGCGACGTGTCATCG_013,168
CACGGTGCGACGTGTCATCG_014,178
CACGGTGCGACGTGTCATCG_015,27
CACGGTGCGACGTGTCATCG_016,117
CACGGTGCGACGTGTCATCG_017,74
CACGGTGCGACGTGTCATCG_018,52
GGCCGCCGCAGATCTCACCA_001,190
GGCCGCCGCAGATCTCACCA_002,127
GGCCGCCGCAGATCTCACCA_003,183
GGCCGCCGCAGATCTCACCA_004,74
GGCCGCCGCAGATCTCACCA_005,188
GGCCGCCGCAGATCTCACCA_006,139
GGCCGCCGCAGATCTCACCA_007,144
GGCCGCCGCAGATCTCACCA_008,2
GGCCGCCGCAGATCTCACCA_009,80
GGCCGCCGCAGATCTCACCA_010,31
GGCCGCCGCAGATCTCACCA_011,102
GGCCGCCGCAGATCTCACCA_012,160
GGCCGCCGCAGATCTCACCA_013,163
GGCCGCCGCAGATCTCACCA_014,160
GGCCGCCGCAGATCTCACCA_015,103
GGCCGCCGCAGATCTCACCA_016,94
GGCCGCCGCAGATCTCACCA_017,177
GGCCGCCGCAGATCTCACCA_018,182
GGCCGCCGCAGATCTCACCA_019,40
GGCCGCCGCAGATCTCACCA_020,49
GGCCGCCGCAGATCTCACCA_021,126
TAAGCGATTATCTGCCACCG_001,17
AGAAAACGATCAAACCCCAC_001,149
AGAAAACGATCAAACCCCAC_002,55
AGAAAACGATCAAACCCCAC_003,170
AGAAAACGATCAAACCCCAC_004,78
AGAAAACGATCAAACCCCAC_005,40
AGAAAACGATCAAACCCCAC_006,147
AGAAAACGATCAAACCCCAC_007,152
AGAAAACGATCAAACCCCAC_008,49
AGAAAACGATCAAACCCCAC_009,138
GCTCGGACTGTATGACACCG_001,188
GCTCGGACTGTATGACACCG_002,106
GCTCGGACTGTATGACACCG_003,137
GCTCGGACTGTATGACACCG_004,116
GCTCGGACTGTATGACACCG_005,49
GCTCGGACTGTATGACACCG_006,5
GCTCGGACTGTATGACACCG_007,138
GCTCGGACTGTATGACACCG_008,78
GCTCGGACTGTATGACACCG_009,0
GCTCGGACTGTATGACACCG_010,150
GCTCGGACTGTATGACACCG_011,27
GCTCGGACTGTATGACACCG_012,124
TACCTTAGGAGCAAGTACGC_001,69
TACCTTAGGAGCAAGTACGC_002,43
TACCTTAGGAGCAAGTACGC_003,105
TACCTTAGGAGCAAGTACGC_004,48
TACCTTAGGAGCAAGTACGC_005,70
TACCTTAGGAGCAAGTACGC_006,162
TACCTTAGGAGCAAGTACGC_007,94
AGCCGGGACACCGATTCCCA_001,54
AGCCGGGACACCGATTCCCA_002,113
AGCCGGGACACCGATTCCCA_003,160
AGCCGGGACACCGATTCCCA_004,177
AGCCGGGACACCGATTCCCA_005,115
AGCCGGGACACCGATTCCCA_006,115
AGCCGGGACACCGATTCCCA_007,117
AGCCGGGACACCGATTCCCA_008,108
AGCCGGGACACCGATTCCCA_009,2
AGCCGGGACACCGATTCCCA_010,199
AGCCGGGACACCGATTCCCA_011,16
AGCCGGGACACCGATTCCCA_012,0
AGCCGGGACACCGATTCCCA_013,86
AGCCGGGACACCGATTCCCA_014,98
AGCCGGGACACCGATTCCCA_015,41
AGCCGGGACACCGATTCCCA_016,27
AGCCGGGACACCGATTCCCA_017,42
AGCCGGGACACCGATTCCCA_018,185
AGCCGGGACACCGATTCCCA_019,158
AGCCGGGACACCGATTCCCA_020,147
AGCCGGGACACCGATTCCCA_021,13
AGCCGGGACACCGATTCCCA_022,109
AGCCGGGACACCGATTCCCA_023,110
AGCCGGGACACCGATTCCCA_024,67
AGCCGGGACACCGATTCCCA_025,95
AGCCGGGACACCGATTCCCA_026,185
AGCCGGGACACCGATTCCCA_027,157
AGCCGGGACACCGATTCCCA_028,166
AGCCGGGACACCGATTCCCA_029,16
AGCCGGGACACCGATTCCCA_030,13
AGCCGGGACACCGATTCCCA_031,1
AGCCGGGACACCGATTCCCA_032,2
AGCCGGGACACCGATTCCCA_033,67
AGCCGGGACACCGATTCCCA_034,37
AGCCGGGACACCGATTCCCA_035,29
AGCCGGGACACCGATTCCCA_036,41
AGCCGGGACACCGATTCCCA_037,180
AGCCGGGACACCGATTCCCA_038,180
AGCCGGGACACCGATTCCCA_039,66
GGGAGGGACTCACAAAGTCA_001,0
GGGAGGGACTCACAAAGTCA_002,141
GGGAGGGACTCACAAAGTCA_003,15
GGGAGGGACTCACAAAGTCA_004,19
GGGAGGGACTCACAAAGTCA_005,90
ATTAAGTTAAAAGACACTGG_001,118
ATTAAGTTAAAAGACACTGG_002,113
ATTAAGTTAAAAGACACTGG_003,9
ATTAAGTTAAAAGACACTGG_004,169
ATTAAGTTAAAAGACACTGG_005,18
ATTAAGTTAAAAGACACTGG_006,149
ATTAAGTTAAAAGACACTGG_007,113
ATTAAGTTAAAAGACACTGG_008,126
ATTAAGTTAAAAGACACTGG_009,198
ATTAAGTTAAAAGACACTGG_010,5
ATTAAGTTAAAAGACACTGG_011,5
ATTAAGTTAAAAGACACTGG_012,103
ATTAAGTTAAAAGACACTGG_013,31
ATTAAGTTAAAAGACACTGG_014,149
ATTAAGTTAAAAGACACTGG_015,52
AGGCTGGCGCAGCCAAGCCT_001,127
AGGCTGGCGCAGCCAAGCCT_002,130
AGGCTGGCGCAGCCAAGCCT_003,29
AGGCTGGCGCAGCCAAGCCT_004,62
AGGCTGGCGCAGCCAAGCCT_005,176
AGGCTGGCGCAGCCAAGCCT_006,48
TGTCCATCCTTACAGGTCCG_001,141
TGTCCATCCTTACAGGTCCG_002,144
TGTCCATCCTTACAGGTCCG_003,138
TGTCCATCCTTACAGGTCCG_004,177
TGTCCATCCTTACAGGTCCG_005,169
TGTCCATCCTTACAGGTCCG_006,118
CATATCGGTCTGACTGGTGC_001,190
CATATCGGTCTGACTGGTGC_002,188
TTGTCACATAGGAAAATCTG_001,48
TTGTCACATAGGAAAATCTG_002,149
TTGTCACATAGGAAAATCTG_003,57
TTGTCACATAGGAAAATCTG_004,1
TTGTCACATAGGAAAATCTG_005,169
TTGTCACATAGGAAAATCTG_006,70
TGGTAGCCGAGCTACACCGG_001,184
TGGTAGCCGAGCTACACCGG_002,49
TGGTAGCCGAGCTACACCGG_003,183
TGGTAGCCGAGCTACACCGG_004,85
TGGTAGCCGAGCTACACCGG_005,158
TGGTAGCCGAGCTACACCGG_006,76
TGGTAGCCGAGCTACACCGG_007,123
TGGTAGCCGAGCTACACCGG_008,23
TGGTAGCCGAGCTACACCGG_009,105
TGGTAGCCGAGCTACACCGG_010,81
TGGTAGCCGAGCTACACCGG_011,115
TGGTAGCCGAGCTACACCGG_012,180
TTTGCCATCTGCTTCGTATG_001,103
GAGATGGTGAATGAACCCCC_001,73
GAGATGGTGAATGAACCCCC_002,193
CCAGAACAAACTGCTCCCCG_001,10
CCAGAACAAACTGCTCCCCG_002,191
CCAGAACAAACTGCTCCCCG_003,55
CCAGAACAAACTGCTCCCCG_004,174
CCAGAACAAACTGCTCCCCG_005,66
CCAGAACAAACTGCTCCCCG_006,120
CCAGAACAAACTGCTCCCCG_007,48
CCAGAACAAACTGCTCCCCG_008,186
GGCCCTATTCACATCGAAGG_001,104
GGCCCTATTCACATCGAAGG_002,158
GTGGTGGCCAGGATCATGCG_001,41
GTGGTGGCCAGGATCATGCG_002,1
GTGGTGGCCAGGATCATGCG_003,162
GTGGTGGCCAGGATCATGCG_004,94
GTGGTGGCCAGGATCATGCG_005,130
GTGGTGGCCAGGATCATGCG_006,129
GTGGTGGCCAGGATCATGCG_007,118
GTGGTGGCCAGGATCATGCG_008,130
GTGGTGGCCAGGATCATGCG_009,37
GTGGTGGCCAGGATCATGCG_010,174
GTGGTGGCCAGGATCATGCG_011,16
GTGGTGGCCAGGATCATGCG_012,124
GTGGTGGCCAGGATCATGCG_013,51
GTGGTGGCCAGGATCATGCG_014,51
GTGGTGGCCAGGATCATGCG_015,198
GTGGTGGCCAGGATCATGCG_016,182
GTGGTGGCCAGGATCATGCG_017,113
TACATCCACTTCCAATCACG_001,29
TACATCCACTTCCAATCACG_002,38
TACATCCACTTCCAATCACG_003,151
TACATCCACTTCCAATCACG_004,158
TACATCCACTTCCAATCACG_005,59
TACATCCACTTCCAATCACG_006,158
TACATCCACTTCCAATCACG_007,73
CCCCGACGCCACGCTCCCCA_001,1
CCCCGACGCCACGCTCCCCA_002,158
CCCCGACGCCACGCTCCCCA_003,75
CCCCGACGCCACGCTCCCCA_004,199
CCCCGACGCCACGCTCCCCA_005,161
CCCCGACGCCACGCTCCCCA_006,98
CCCCGACGCCACGCTCCCCA_007,43
CCCCGACGCCACGCTCCCCA_008,198
ACTGGTTCATTATATGAACG_001,50
AGTTCAGGATCTGCTATCTG_001,82
AGTTCAGGATCTGCTATCTG_002,144
AGTTCAGGATCTGCTATCTG_003,165
AGTTCAGGATCTGCTATCTG_004,50
AGTTCAGGATCTGCTATCTG_005,181
AGTTCAGGATCTGCTATCTG_006,160
AGTTCAGGATCTGCTATCTG_007,48
AGTTCAGGATCTGCTATCTG_008,86
GTAATATCGCATCAATTGGG_001,29
GTAATATCGCATCAATTGGG_002,15
GTAATATCGCATCAATTGGG_003,103
GTAATATCGCATCAATTGGG_004,119
GTAATATCGCATCAATTGGG_005,117
GTAATATCGCATCAATTGGG_006,17
GTAATATCGCATCAATTGGG_007,63
GTAATATCGCATCAATTGGG_008,197
TTGTTCCCACACCTGGGTGT_001,194
TTGTTCCCACACCTGGGTGT_002,118
TTGTTCCCACACCTGGGTGT_003,166
TTGTTCCCACACCTGGGTGT_004,154
TTGTTCCCACACCTGGGTGT_005,15
TTGTTCCCACACCTGGGTGT_006,139
TTGTTCCCACACCTGGGTGT_007,152
TTGTTCCCACACCTGGGTGT_008,72
TTGTTCCCACACCTGGGTGT_009,9
TTGTTCCCACACCTGGGTGT_010,17
TTGTTCCCACACCTGGGTGT_011,54
TTGTTCCCACACCTGGGTGT_012,31
TTGTTCCCACACCTGGGTGT_013,103
TTGTTCCCACACCTGGGTGT_014,124
TTGTTCCCACACCTGGGTGT_015,44
TTGTTCCCACACCTGGGTGT_016,16
TTGTTCCCACACCTGGGTGT_017,28
TTGTTCCCACACCTGGGTGT_018,191
TTGTTCCCACACCTGGGTGT_019,156
GATCTCCAAGCGGTACTCTG_001,36
GATCTCCAAGCGGTACTCTG_002,7
GATCTCCAAGCGGTACTCTG_003,164
GATCTCCAAGCGGTACTCTG_004,164
GATCTCCAAGCGGTACTCTG_005,130
GATCTCCAAGCGGTACTCTG_006,4
GATCTCCAAGCGGTACTCTG_007,110
GATCTCCAAGCGGTACTCTG_008,37
GATCTCCAAGCGGTACTCTG_009,14
GATCTCCAAGCGGTACTCTG_010,169
GATCTCCAAGCGGTACTCTG_011,191
GATCTCCAAGCGGTACTCTG_012,58
GATCTCCAAGCGGTACTCTG_013,115
GATCTCCAAGCGGTACTCTG_014,137
GATCTCCAAGCGGTACTCTG_015,115
GATCTCCAAGCGGTACTCTG_016,98
GATCTCCAAGCGGTACTCTG_017,136
GATCTCCAAGCGGTACTCTG_018,121
GATCTCCAAGCGGTACTCTG_019,21
GATCTCCAAGCGGTACTCTG_020,152
GATCTCCAAGCGGTACTCTG_021,158
GATCTCCAAGCGGTACTCTG_022,56
TCGTTAGTGTCAACCCATGG_001,96
TCGTTAGTGTCAACCCATGG_002,9
TCGTTAGTGTCAACCCATGG_003,118
TCGTTAGTGTCAACCCATGG_004,35
TCGTTAGTGTCAACCCATGG_005,184
AAACTGCAGTTAATGTCCCA_001,63
AAACTGCAGTTAATGTCCCA_002,191
AAACTGCAGTTAATGTCCCA_003,81
AAACTGCAGTTAATGTCCCA_004,107
AAACTGCAGTTAATGTCCCA_005,82
AAACTGCAGTTAATGTCCCA_006,55
AAACTGCAGTTAATGTCCCA_007,121
AAACTGCAGTTAATGTCCCA_008,113
AAACTGCAGTTAATGTCCCA_009,4
AAACTGCAGTTAATGTCCCA_010,4
AAACTGCAGTTAATGTCCCA_011,24
AAACTGCAGTTAATGTCCCA_012,182
AAACTGCAGTTAATGTCCCA_013,48
AAACTGCAGTTAATGTCCCA_014,61
AAACTGCAGTTAATGTCCCA_015,138
AAACTGCAGTTAATGTCCCA_016,104
AAACTGCAGTTAATGTCCCA_017,62
AAACTGCAGTTAATGTCCCA_018,48
AAACTGCAGTTAATGTCCCA_019,159
CTCCAAGCCACAATTGGACA_001,70
CTCCAAGCCACAATTGGACA_002,70
CTCCAAGCCACAATTGGACA_003,118
CTCCAAGCCACAATTGGACA_004,121
CTCCAAGCCACAATTGGACA_005,120
CTCCAAGCCACAATTGGACA_006,172
CTCCAAGCCACAATTGGACA_007,172
CTCCAAGCCACAATTGGACA_008,58
CTCCAAGCCACAATTGGACA_009,113
CTCCAAGCCACAATTGGACA_010,19
CTCCAAGCCACAATTGGACA_011,17
CTCCAAGCCACAATTGGACA_012,98
CTCCAAGCCACAATTGGACA_013,61
CTCCAAGCCACAATTGGACA_014,46
CTCCAAGCCACAATTGGACA_015,72
CTCCAAGCCACAATTGGACA_016,50
CTCCAAGCCACAATTGGACA_017,46
CTCCAAGCCACAATTGGACA_018,49
CTCCAAGCCACAATTGGACA_019,24
CTACACCATCCAGACACTCA_001,173
CTACACCATCCAGACACTCA_002,188
CTACACCATCCAGACACTCA_003,161
CTACACCATCCAGACACTCA_004,1
CTACACCATCCAGACACTCA_005,161
CTACACCATCCAGACACTCA_006,175
CTACACCATCCAGACACTCA_007,63
CTACACCATCCAGACACTCA_008,76
CTACACCATCCAGACACTCA_009,40
CTACACCATCCAGACACTCA_010,179
CTACACCATCCAGACACTCA_011,98
CTACACCATCCAGACACTCA_012,17
CTACACCATCCAGACACTCA_013,10
CTACACCATCCAGACACTCA_014,151
CTACACCATCCAGACACTCA_015,82
CTACACCATCCAGACACTCA_016,17
AGTGCAATACAGCCTCATTG_001,107
AGTGCAATACAGCCTCATTG_002,190
AGTGCAATACAGCCTCATTG_003,178
AGTGCAATACAGCCTCATTG_004,12
TGACCACCCAGTGTGCATAG_001,24
TGACCACCCAGTGTGCATAG_002,193
TGACCACCCAGTGTGCATAG_003,40
TGACCACCCAGTGTGCATAG_004,137
TGACCACCCAGTGTGCATAG_005,11
TGACCACCCAGTGTGCATAG_006,196
TCTATGGGCTGACCATGGCA_001,76
TCTATGGGCTGACCATGGCA_002,76
GCTGCAGATCCCCTATGACA_001,196
GCTGCAGATCCCCTATGACA_002,69
GCTGCAGATCCCCTATGACA_003,29
GCTGCAGATCCCCTATGACA_004,102
GCTGCAGATCCCCTATGACA_005,68
TGTAAGAGGCTAGATGGACT_001,148
TGTAAGAGGCTAGATGGACT_002,166
TGTAAGAGGCTAGATGGACT_003,185
TGTAAGAGGCTAGATGGACT_004,162
TGTAAGAGGCTAGATGGACT_005,141
TGTAAGAGGCTAGATGGACT_006,106
TGTAAGAGGCTAGATGGACT_007,46
CGAGGCAGAGCAGAACCATG_001,81
CGAGGCAGAGCAGAACCATG_002,23
CGAGGCAGAGCAGAACCATG_003,34
CGAGGCAGAGCAGAACCATG_004,26
CGAGGCAGAGCAGAACCATG_005,53
CGAGGCAGAGCAGAACCATG_006,50
CGAGGCAGAGCAGAACCATG_007,117
CGAGGCAGAGCAGAACCATG_008,186
CGAGGCAGAGCAGAACCATG_009,8
CGAGGCAGAGCAGAACCATG_010,138
CGAGGCAGAGCAGAACCATG_011,35
CGAGGCAGAGCAGAACCATG_012,1
CGAGGCAGAGCAGAACCATG_013,16
CGAGGCAGAGCAGAACCATG_014,153
CGAGGCAGAGCAGAACCATG_015,150
CGAGGCAGAGCAGAACCATG_016,150
CGAGGCAGAGCAGAACCATG_017,158
CGAGGCAGAGCAGAACCATG_018,12
CGAGGCAGAGCAGAACCATG_019,81
CGAGGCAGAGCAGAACCATG_020,110
CGAGGCAGAGCAGAACCATG_021,198
CGAGGCAGAGCAGAACCATG_022,104
CGAGGCAGAGCAGAACCATG_023,150
CGAGGCAGAGCAGAACCATG_024,38
CGAGGCAGAGCAGAACCATG_025,134
CGAGGCAGAGCAGAACCATG_026,3
CGAGGCAGAGCAGAACCATG_027,159
CGAGGCAGAGCAGAACCATG_028,77
CGAGGCAGAGCAGAACCATG_029,65
CGAGGCAGAGCAGAACCATG_030,46
CGAGGCAGAGCAGAACCATG_031,123
CGAGGCAGAGCAGAACCATG_032,27
CGAGGCAGAGCAGAACCATG_033,60
CGAGGCAGAGCAGAACCATG_034,70
CGAGGCAGAGCAGAACCATG_035,34
CGAGGCAGAGCAGAACCATG_036,175
GTATGTCAGTTGGTTTCAAG_001,92
GTATGTCAGTTGGTTTCAAG_002,161
GTATGTCAGTTGGTTTCAAG_003,191
GTATGTCAGTTGGTTTCAAG_004,161
GTATGTCAGTTGGTTTCAAG_005,142
GTATGTCAGTTGGTTTCAAG_006,85
GTATGTCAGTTGGTTTCAAG_007,65
GTATGTCAGTTGGTTTCAAG_008,123
GTATGTCAGTTGGTTTCAAG_009,144
GTATGTCAGTTGGTTTCAAG_010,94
GTATGTCAGTTGGTTTCAAG_011,66
GTATGTCAGTTGGTTTCAAG_012,22
GTATGTCAGTTGGTTTCAAG_013,84
GTATGTCAGTTGGTTTCAAG_014,0
GTATGTCAGTTGGTTTCAAG_015,100
GTATGTCAGTTGGTTTCAAG_016,134
GTATGTCAGTTGGTTTCAAG_017,17
GTATGTCAGTTGGTTTCAAG_018,43
TACTGAGCAGCCTCTCAAAG_001,78
TACTGAGCAGCCTCTCAAAG_002,169
TACTGAGCAGCCTCTCAAAG_003,161
TACTGAGCAGCCTCTCAAAG_004,183
TACTGAGCAGCCTCTCAAAG_005,182
TACTGAGCAGCCTCTCAAAG_006,16
TACTGAGCAGCCTCTCAAAG_007,83
TACTGAGCAGCCTCTCAAAG_008,9
TACTGAGCAGCCTCTCAAAG_009,110
GGCCTGCCTCTACTCCATGG_001,35
GGCCTGCCTCTACTCCATGG_002,149
GGCCTGCCTCTACTCCATGG_003,39
GGCCTGCCTCTACTCCATGG_004,171
GGCCTGCCTCTACTCCATGG_005,137
GGCCTGCCTCTACTCCATGG_006,167
GGCCTGCCTCTACTCCATGG_007,153
GGCCTGCCTCTACTCCATGG_008,157
GGCCTGCCTCTACTCCATGG_009,186
GGCCTGCCTCTACTCCATGG_010,2
GGCCTGCCTCTACTCCATGG_011,128
GGCCTGCCTCTACTCCATGG_012,162
GGCCTGCCTCTACTCCATGG_013,156
GGCCTGCCTCTACTCCATGG_014,176
GGCCTGCCTCTACTCCATGG_015,110
ACACTGGGAGAGCTAGCTAA_001,182
ACACTGGGAGAGCTAGCTAA_002,102
ACACTGGGAGAGCTAGCTAA_003,9
ACACTGGGAGAGCTAGCTAA_004,4
ACACTGGGAGAGCTAGCTAA_005,12
ACACTGGGAGAGCTAGCTAA_006,17
ACACTGGGAGAGCTAGCTAA_007,29
ACACTGGGAGAGCTAGCTAA_008,84
ACACTGGGAGAGCTAGCTAA_009,101
ACACTGGGAGAGCTAGCTAA_010,175
ACACTGGGAGAGCTAGCTAA_011,104
ACACTGGGAGAGCTAGCTAA_012,51
ACACTGGGAGAGCTAGCTAA_013,75
ACACTGGGAGAGCTAGCTAA_014,74
ACACTGGGAGAGCTAGCTAA_015,15
ACACTGGGAGAGCTAGCTAA_016,174
ACACTGGGAGAGCTAGCTAA_017,42
ACACTGGGAGAGCTAGCTAA_018,42
ACACTGGGAGAGCTAGCTAA_019,150
ACACTGGGAGAGCTAGCTAA_020,80
ACACTGGGAGAGCTAGCTAA_021,94
ACACTGGGAGAGCTAGCTAA_022,122
ACACTGGGAGAGCTAGCTAA_023,13
ACACTGGGAGAGCTAGCTAA_024,41
ACACTGGGAGAGCTAGCTAA_025,169
ACACTGGGAGAGCTAGCTAA_026,29
ACACTGGGAGAGCTAGCTAA_027,98
ACACTGGGAGAGCTAGCTAA_028,60
ACACTGGGAGAGCTAGCTAA_029,169
ACACTGGGAGAGCTAGCTAA_030,9
ACACTGGGAGAGCTAGCTAA_031,144
ACACTGGGAGAGCTAGCTAA_032,69
ACACTGGGAGAGCTAGCTAA_033,130
ACACTGGGAGAGCTAGCTAA_034,69
ACACTGGGAGAGCTAGCTAA_035,152
ACACTGGGAGAGCTAGCTAA_036,60
ACACTGGGAGAGCTAGCTAA_037,133
ACACTGGGAGAGCTAGCTAA_038,43
GTCGCGCCCTACTGAAAAGA_001,130
GTCGCGCCCTACTGAAAAGA_002,163
GTCGCGCCCTACTGAAAAGA_003,107
GTCGCGCCCTACTGAAAAGA_004,160
GTCGCGCCCTACTGAAAAGA_005,153
GTCGCGCCCTACTGAAAAGA_006,112
GTCGCGCCCTACTGAAAAGA_007,165
GTCGCGCCCTACTGAAAAGA_008,130
GTCGCGCCCTACTGAAAAGA_009,199
GTCGCGCCCTACTGAAAAGA_010,48
GTCGCGCCCTACTGAAAAGA_011,41
GTCGCGCCCTACTGAAAAGA_012,197
GTCGCGCCCTACTGAAAAGA_013,148
GTCGCGCCCTACTGAAAAGA_014,29
GTCGCGCCCTACTGAAAAGA_015,93
GTCGCGCCCTACTGAAAAGA_016,122
GTCGCGCCCTACTGAAAAGA_017,152
GTCGCGCCCTACTGAAAAGA_018,99
GTCGCGCCCTACTGAAAAGA_019,49
GTCGCGCCCTACTGAAAAGA_020,28
GTCGCGCCCTACTGAAAAGA_021,39
GTCGCGCCCTACTGAAAAGA_022,78
GTCGCGCCCTACTGAAAAGA_023,184
AACTAAACTTGGTTGCTCAA_001,182
AACTAAACTTGGTTGCTCAA_002,22
AACTAAACTTGGTTGCTCAA_003,189
AACTAAACTTGGTTGCTCAA_004,151
AACTAAACTTGGTTGCTCAA_005,82
AACTAAACTTGGTTGCTCAA_006,190
AACTAAACTTGGTTGCTCAA_007,28
AACTAAACTTGGTTGCTCAA_008,5
AACTAAACTTGGTTGCTCAA_009,81
AACTAAACTTGGTTGCTCAA_010,154
AACTAAACTTGGTTGCTCAA_011,85
AACTAAACTTGGTTGCTCAA_012,72
AACTAAACTTGGTTGCTCAA_013,108
AACTAAACTTGGTTGCTCAA_014,31
AACTAAACTTGGTTGCTCAA_015,43
AACTAAACTTGGTTGCTCAA_016,122
AACTAAACTTGGTTGCTCAA_017,38
AACTAAACTTGGTTGCTCAA_018,16
AACTAAACTTGGTTGCTCAA_019,199
TGATACTCTACCATCACCAG_001,142
AATACTCCAAAACCTTCAAG_001,49
AATACTCCAAAACCTTCAAG_002,13
AATACTCCAAAACCTTCAAG_003,20
AATACTCCAAAACCTTCAAG_004,137
AATACTCCAAAACCTTCAAG_005,117
AATACTCCAAAACCTTCAAG_006,33
AATACTCCAAAACCTTCAAG_007,12
AATACTCCAAAACCTTCAAG_008,74
GATTGCGAACGTCTGATCCC_001,76
GGAAATCTCCCATCTAACTC_001,161
GGAAATCTCCCATCTAACTC_002,8
GGAAATCTCCCATCTAACTC_003,176
GGAAATCTCCCATCTAACTC_004,149
GGAAATCTCCCATCTAACTC_005,168
GGAAATCTCCCATCTAACTC_006,175
GGAAATCTCCCATCTAACTC_007,116
GACCATGAACTGCAATCTGT_001,149
GACCATGAACTGCAATCTGT_002,70
GACCATGAACTGCAATCTGT_003,15
GACCATGAACTGCAATCTGT_004,104
GACCATGAACTGCAATCTGT_005,38
GACCATGAACTGCAATCTGT_006,184
GAGATGAGACATAAGCAGGT_001,95
GAGATGAGACATAAGCAGGT_002,118
GAGATGAGACATAAGCAGGT_003,12
GAGATGAGACATAAGCAGGT_004,115
GAGATGAGACATAAGCAGGT_005,12
GAGATGAGACATAAGCAGGT_006,107
GAGATGAGACATAAGCAGGT_007,144
GAGATGAGACATAAGCAGGT_008,186
GAGATGAGACATAAGCAGGT_009,141
GAGATGAGACATAAGCAGGT_010,182
GAGATGAGACATAAGCAGGT_011,45
GAGATGAGACATAAGCAGGT_012,175
GAGATGAGACATAAGCAGGT_013,129
GAGATGAGACATAAGCAGGT_014,36
GTCCACAGTACTTTCCCCCG_001,40
GTCCACAGTACTTTCCCCCG_002,198
GTCCACAGTACTTTCCCCCG_003,116
GTCCACAGTACTTTCCCCCG_004,62
GTCCACAGTACTTTCCCCCG_005,183
GTCCACAGTACTTTCCCCCG_006,159
GTCCACAGTACTTTCCCCCG_007,195
GTCCACAGTACTTTCCCCCG_008,149
GTCCACAGTACTTTCCCCCG_009,51
GTCCACAGTACTTTCCCCCG_010,67
GTCCACAGTACTTTCCCCCG_011,137
GTCCACAGTACTTTCCCCCG_012,33
GTCCACAGTACTTTCCCCCG_013,144
GTCCACAGTACTTTCCCCCG_014,174
TGCAGACACAGCACATGAGT_001,2
TGCAGACACAGCACATGAGT_002,130
TGCAGACACAGCACATGAGT_003,181
TGCAGACACAGCACATGAGT_004,189
TGCAGACACAGCACATGAGT_005,199
TGCAGACACAGCACATGAGT_006,103
TGCAGACACAGCACATGAGT_007,175
TGCAGACACAGCACATGAGT_008,155
TGCAGACACAGCACATGAGT_009,48
TGCAGACACAGCACATGAGT_010,78
TGCAGACACAGCACATGAGT_011,178
TGCAGACACAGCACATGAGT_012,177
TGCAGACACAGCACATGAGT_013,57
TGCAGACACAGCACATGAGT_014,105
TGCAGACACAGCACATGAGT_015,8
TGCAGACACAGCACATGAGT_016,115
TTGACGACAAAGCATCACGA_001,182
TTGACGACAAAGCATCACGA_002,73
TTGACGACAAAGCATCACGA_003,137
TTGACGACAAAGCATCACGA_004,161
TTGACGACAAAGCATCACGA_005,74
TTGACGACAAAGCATCACGA_006,74
TTGACGACAAAGCATCACGA_007,148
TTGACGACAAAGCATCACGA_008,161
TTGACGACAAAGCATCACGA_009,52
TTGACGACAAAGCATCACGA_010,160
TTGACGACAAAGCATCACGA_011,30
TTGACGACAAAGCATCACGA_012,12
TTGACGACAAAGCATCACGA_013,197
TTGACGACAAAGCATCACGA_014,158
TTGACGACAAAGCATCACGA_015,162
TTGACGACAAAGCATCACGA_016,141
TTGACGACAAAGCATCACGA_017,44
TTGACGACAAAGCATCACGA_018,105
TTGACGACAAAGCATCACGA_019,48
TTGACGACAAAGCATCACGA_020,66
TTGACGACAAAGCATCACGA_021,124
GAGACAGCTGAACCTTCGTG_001,51
GAGACAGCTGAACCTTCGTG_002,17
GAGACAGCTGAACCTTCGTG_003,194
GAGACAGCTGAACCTTCGTG_004,171
GAGACAGCTGAACCTTCGTG_005,52
GAGACAGCTGAACCTTCGTG_006,105
GAGACAGCTGAACCTTCGTG_007,28
GAGACAGCTGAACCTTCGTG_008,14
GAGACAGCTGAACCTTCGTG_009,20
GAGACAGCTGAACCTTCGTG_010,15
GGAGACCCAAGAGAAATCGG_001,48
GGAGACCCAAGAGAAATCGG_002,34
GGAGACCCAAGAGAAATCGG_003,33
GGAGACCCAAGAGAAATCGG_004,185
GGAGACCCAAGAGAAATCGG_005,41
GGAGACCCAAGAGAAATCGG_006,150
GGAGACCCAAGAGAAATCGG_007,34
GGAGACCCAAGAGAAATCGG_008,34
GGAGACCCAAGAGAAATCGG_009,142
GGAGACCCAAGAGAAATCGG_010,160
GGAGACCCAAGAGAAATCGG_011,199
GGAGACCCAAGAGAAATCGG_012,76
GGAGACCCAAGAGAAATCGG_013,55
GGAGACCCAAGAGAAATCGG_014,91
GGAGACCCAAGAGAAATCGG_015,33
GGAGACCCAAGAGAAATCGG_016,117
GGAGACCCAAGAGAAATCGG_017,96
GGGCCGGTGCACAAACAGCG_001,84
GGGCCGGTGCACAAACAGCG_002,184
GGGCCGGTGCACAAACAGCG_003,49
GGGCCGGTGCACAAACAGCG_004,49
GGGCCGGTGCACAAACAGCG_005,162
GGGCCGGTGCACAAACAGCG_006,60
GGGCCGGTGCACAAACAGCG_007,175
GGGCCGGTGCACAAACAGCG_008,98
GGGCCGGTGCACAAACAGCG_009,19
GGGCCGGTGCACAAACAGCG_010,175
GGGCCGGTGCACAAACAGCG_011,31
GGGCCGGTGCACAAACAGCG_012,19
GGGCCGGTGCACAAACAGCG_013,76
CACCCTTTACTTCTCAGGAC_001,91
CACCCTTTACTTCTCAGGAC_002,87
ACATGGCCCCCTGTGAACGA_001,194
ACATGGCCCCCTGTGAACGA_002,151
ACATGGCCCCCTGTGAACGA_003,174
ACATGGCCCCCTGTGAACGA_004,8
ACATGGCCCCCTGTGAACGA_005,106
ACATGGCCCCCTGTGAACGA_006,155
ACATGGCCCCCTGTGAACGA_007,68
ACATGGCCCCCTGTGAACGA_008,184
ACATGGCCCCCTGTGAACGA_009,15
GAACTCGCTCTGGAACACCT_001,6
GAACTCGCTCTGGAACACCT_002,170
GAACTCGCTCTGGAACACCT_003,56
GAACTCGCTCTGGAACACCT_004,52
GAACTCGCTCTGGAACACCT_005,42
GAACTCGCTCTGGAACACCT_006,117
GAACTCGCTCTGGAACACCT_007,88
GAACTCGCTCTGGAACACCT_008,47
GAACTCGCTCTGGAACACCT_009,146
GAACTCGCTCTGGAACACCT_010,165
GAACTCGCTCTGGAACACCT_011,138
GAACTCGCTCTGGAACACCT_012,142
GAACTCGCTCTGGAACACCT_013,104
AGCCACCAAAAGTTTCCGAG_001,143
AGCCACCAAAAGTTTCCGAG_002,102
AGCCACCAAAAGTTTCCGAG_003,54
AGCCACCAAAAGTTTCCGAG_004,62
AGCCACCAAAAGTTTCCGAG_005,185
AGCCACCAAAAGTTTCCGAG_006,162
AGCCACCAAAAGTTTCCGAG_007,141
AGCCACCAAAAGTTTCCGAG_008,34
AGCCACCAAAAGTTTCCGAG_009,88
AGCCACCAAAAGTTTCCGAG_010,175
AGCCACCAAAAGTTTCCGAG_011,146
AGCCACCAAAAGTTTCCGAG_012,55
AGCCACCAAAAGTTTCCGAG_013,129
AGCCACCAAAAGTTTCCGAG_014,29
AGCCACCAAAAGTTTCCGAG_015,80
AATGACTAACTGAAACCGGT_001,105
AATGACTAACTGAAACCGGT_002,53
AATGACTAACTGAAACCGGT_003,168
AATGACTAACTGAAACCGGT_004,23
AATGACTAACTGAAACCGGT_005,102
AATGACTAACTGAAACCGGT_006,169
AATGACTAACTGAAACCGGT_007,49
AATGACTAACTGAAACCGGT_008,191
AATGACTAACTGAAACCGGT_009,113
AATGACTAACTGAAACCGGT_010,162
AATGACTAACTGAAACCGGT_011,131
AATGACTAACTGAAACCGGT_012,46
AATGACTAACTGAAACCGGT_013,168
AATGACTAACTGAAACCGGT_014,46
AATGACTAACTGAAACCGGT_015,41
AATGACTAACTGAAACCGGT_016,16
AATGACTAACTGAAACCGGT_017,195
AATGACTAACTGAAACCGGT_018,24
AATGACTAACTGAAACCGGT_019,130
AATGACTAACTGAAACCGGT_020,142
AATGACTAACTGAAACCGGT_021,105
AATGACTAACTGAAACCGGT_022,149
AATGACTAACTGAAACCGGT_023,145
AATGACTAACTGAAACCGGT_024,113
TCACAATGATCTCGTTGACA_001,193
CAACTTACTCCAGATCGAGT_001,148
CAACTTACTCCAGATCGAGT_002,12
CAACTTACTCCAGATCGAGT_003,77
CAACTTACTCCAGATCGAGT_004,121
CAACTTACTCCAGATCGAGT_005,183
CAACTTACTCCAGATCGAGT_006,152
CAACTTACTCCAGATCGAGT_007,154
CAACTTACTCCAGATCGAGT_008,7
CAACTTACTCCAGATCGAGT_009,34
CAACTTACTCCAGATCGAGT_010,57
CAACTTACTCCAGATCGAGT_011,116
CAACTTACTCCAGATCGAGT_012,197
CAACTTACTCCAGATCGAGT_013,71
CAACTTACTCCAGATCGAGT_014,63
CAACTTACTCCAGATCGAGT_015,175
CAACTTACTCCAGATCGAGT_016,38
CAACTTACTCCAGATCGAGT_017,158
CAACTTACTCCAGATCGAGT_018,44
TTAATGCAGAAAAATCTCCA_001,149
TTAATGCAGAAAAATCTCCA_002,189
TTAATGCAGAAAAATCTCCA_003,132
TTAATGCAGAAAAATCTCCA_004,102
TTAATGCAGAAAAATCTCCA_005,181
TTAATGCAGAAAAATCTCCA_006,15
TTAATGCAGAAAAATCTCCA_007,3
TTAATGCAGAAAAATCTCCA_008,144
TTAATGCAGAAAAATCTCCA_009,89
ATAAATGAGGCGAGTCACCG_001,87
ATAAATGAGGCGAGTCACCG_002,32
ATAAATGAGGCGAGTCACCG_003,155
ATAAATGAGGCGAGTCACCG_004,60
ATAAATGAGGCGAGTCACCG_005,11
ATAAATGAGGCGAGTCACCG_006,170
ATAAATGAGGCGAGTCACCG_007,27
ATAAATGAGGCGAGTCACCG_008,198
ATAAATGAGGCGAGTCACCG_009,83
ATAAATGAGGCGAGTCACCG_010,115
ATAAATGAGGCGAGTCACCG_011,115
ATAAATGAGGCGAGTCACCG_012,15
ATAAATGAGGCGAGTCACCG_013,171
ATAAATGAGGCGAGTCACCG_014,124
CAGCTCTGGGTTGACCGTGG_001,196
CAGCTCTGGGTTGACCGTGG_002,76
CAGCTCTGGGTTGACCGTGG_003,196
CAGCTCTGGGTTGACCGTGG_004,135
CCTGGATCCGAAATGCAAAG_001,61
CCTGGATCCGAAATGCAAAG_002,186
CCTGGATCCGAAATGCAAAG_003,184
TCCCTGACGCAAAAAACGAT_001,102
TCCCTGACGCAAAAAACGAT_002,35
TCCCTGACGCAAAAAACGAT_003,78
TCCCTGACGCAAAAAACGAT_004,36
TCCCTGACGCAAAAAACGAT_005,191
TCCCTGACGCAAAAAACGAT_006,17
GCAAAATTCGCAACCTGCTG_001,83
GCAAAATTCGCAACCTGCTG_002,146
GCAAAATTCGCAACCTGCTG_003,24
GCAAAATTCGCAACCTGCTG_004,92
GCAAAATTCGCAACCTGCTG_005,176
GCAAAATTCGCAACCTGCTG_006,12
GCAAAATTCGCAACCTGCTG_007,168
GCAAAATTCGCAACCTGCTG_008,80
GCAAAATTCGCAACCTGCTG_009,191
GCAAAATTCGCAACCTGCTG_010,126
GATGGGACTACTCTACACGA_001,102
GATGGGACTACTCTACACGA_002,121
GATGGGACTACTCTACACGA_003,184
GATGGGACTACTCTACACGA_004,187
GATGGGACTACTCTACACGA_005,194
GATGGGACTACTCTACACGA_006,46
GATGGGACTACTCTACACGA_007,173
GATGGGACTACTCTACACGA_008,10
CGTCCAGATACCATCACCCA_001,25
CGTCCAGATACCATCACCCA_002,6
AGAACCCGCCCAATAACCTG_001,154
AGAACCCGCCCAATAACCTG_002,77
AGAACCCGCCCAATAACCTG_003,170
AGAACCCGCCCAATAACCTG_004,145
AGAACCCGCCCAATAACCTG_005,55
AGAACCCGCCCAATAACCTG_006,24
AGAACCCGCCCAATAACCTG_007,120
AGAACCCGCCCAATAACCTG_008,24
AGAACCCGCCCAATAACCTG_009,56
AGAACCCGCCCAATAACCTG_010,183
AGAACCCGCCCAATAACCTG_011,131
AGAACCCGCCCAATAACCTG_012,140
AGAACCCGCCCAATAACCTG_013,82
CTGGCTGTGTCGCCTGTCTG_001,78
CTGGCTGTGTCGCCTGTCTG_002,130
CTGGCTGTGTCGCCTGTCTG_003,105
CTGGCTGTGTCGCCTGTCTG_004,38
CTGGCTGTGTCGCCTGTCTG_005,147
CTGGCTGTGTCGCCTGTCTG_006,137
CTGGCTGTGTCGCCTGTCTG_007,148
CTGGCTGTGTCGCCTGTCTG_008,116
CTGGCTGTGTCGCCTGTCTG_009,127
CTGGCTGTGTCGCCTGTCTG_010,149
CTGGCTGTGTCGCCTGTCTG_011,102
CTGGCTGTGTCGCCTGTCTG_012,81
CTGGCTGTGTCGCCTGTCTG_013,18
CTGGCTGTGTCGCCTGTCTG_014,118
CTGGCTGTGTCGCCTGTCTG_015,141
GCAACTCTACAGACTGGACG_001,175
GCAACTCTACAGACTGGACG_002,138
GCAACTCTACAGACTGGACG_003,3
GCAACTCTACAGACTGGACG_004,27
GCAACTCTACAGACTGGACG_005,182
GCAACTCTACAGACTGGACG_006,23
GCAACTCTACAGACTGGACG_007,16
GCAACTCTACAGACTGGACG_008,117
GCAACTCTACAGACTGGACG_009,78
GCAACTCTACAGACTGGACG_010,1
GCAACTCTACAGACTGGACG_011,41
GCAACTCTACAGACTGGACG_012,185
GCAACTCTACAGACTGGACG_013,147
AAGGCAGTCCTGCATACATG_001,67
AAGGCAGTCCTGCATACATG_002,78
AAGGCAGTCCTGCATACATG_003,199
AAGGCAGTCCTGCATACATG_004,133
AAGGCAGTCCTGCATACATG_005,30
AAGGCAGTCCTGCATACATG_006,70
AAGGCAGTCCTGCATACATG_007,97
AAGGCAGTCCTGCATACATG_008,69
AAGGCAGTCCTGCATACATG_009,9
AAGGCAGTCCTGCATACATG_010,168
AAGGCAGTCCTGCATACATG_011,63
CTGACGGAGCAGTACCCACA_001,51
CTGACGGAGCAGTACCCACA_002,178
CTGACGGAGCAGTACCCACA_003,49
CTGACGGAGCAGTACCCACA_004,130
CTGACGGAGCAGTACCCACA_005,188
CTGACGGAGCAGTACCCACA_006,94
CTGACGGAGCAGTACCCACA_007,172
CTGACGGAGCAGTACCCACA_008,78
CTGACGGAGCAGTACCCACA_009,68
CTGACGGAGCAGTACCCACA_010,174
CTGACGGAGCAGTACCCACA_011,183
CTGACGGAGCAGTACCCACA_012,145
CTGACGGAGCAGTACCCACA_013,14
CTGACGGAGCAGTACCCACA_014,40
CTGACGGAGCAGTACCCACA_015,196
CTGACGGAGCAGTACCCACA_016,80
CTGACGGAGCAGTACCCACA_017,121
CTGACGGAGCAGTACCCACA_018,41
CTGACGGAGCAGTACCCACA_019,158
CTGACGGAGCAGTACCCACA_020,48
CTGACGGAGCAGTACCCACA_021,60
CTGACGGAGCAGTACCCACA_022,29
CTGACGGAGCAGTACCCACA_023,149
CTGACGGAGCAGTACCCACA_024,187
CTGACGGAGCAGTACCCACA_025,16
CTGACGGAGCAGTACCCACA_026,121
CTGACGGAGCAGTACCCACA_027,197
CTGACGGAGCAGTACCCACA_028,134
CTGACGGAGCAGTACCCACA_029,105
CTGACGGAGCAGTACCCACA_030,15
CTGACGGAGCAGTACCCACA_031,94
CTGACGGAGCAGTACCCACA_032,145
CTGACGGAGCAGTACCCACA_033,158
CTGACGGAGCAGTACCCACA_034,182
CTGACGGAGCAGTACCCACA_035,132
CTGACGGAGCAGTACCCACA_036,155
CTGACGGAGCAGTACCCACA_037,71
CTGACGGAGCAGTACCCACA_038,9
CTGACGGAGCAGTACCCACA_039,108
CTGACGGAGCAGTACCCACA_040,134
CTGACGGAGCAGTACCCACA_041,147
CTGACGGAGCAGTACCCACA_042,143
CTGACGGAGCAGTACCCACA_043,29
CTGACGGAGCAGTACCCACA_044,127
CTGACGGAGCAGTACCCACA_045,29
CTGACGGAGCAGTACCCACA_046,3
CTGACGGAGCAGTACCCACA_047,64
CTGACGGAGCAGTACCCACA_048,148
GGGACACTGCGGGACAAGAG_001,184
GGGACACTGCGGGACAAGAG_002,78
GGGACACTGCGGGACAAGAG_003,80
GGGACACTGCGGGACAAGAG_004,178
GGGACACTGCGGGACAAGAG_005,82
CTGCAGGAGATCCAGTACTG_001,12
CTGCAGGAGATCCAGTACTG_002,173
CTGCAGGAGATCCAGTACTG_003,190
CTGCAGGAGATCCAGTACTG_004,60
CTGCAGGAGATCCAGTACTG_005,84
CTGCAGGAGATCCAGTACTG_006,58
CTGCAGGAGATCCAGTACTG_007,177
CTGCAGGAGATCCAGTACTG_008,141
CTGCAGGAGATCCAGTACTG_009,145
CTGCAGGAGATCCAGTACTG_010,150
CTGCAGGAGATCCAGTACTG_011,17
CTGCAGGAGATCCAGTACTG_012,78
CTGCAGGAGATCCAGTACTG_013,29
CTGCAGGAGATCCAGTACTG_014,86
CTGCAGGAGATCCAGTACTG_015,91
CTGCAGGAGATCCAGTACTG_016,124
CTGCAGGAGATCCAGTACTG_017,146
CTGCAGGAGATCCAGTACTG_018,180
TAGCAAGTCGGGTGACAGCA_001,185
TAGCAAGTCGGGTGACAGCA_002,89
TAGCAAGTCGGGTGACAGCA_003,142
TAGCAAGTCGGGTGACAGCA_004,128
TAGCAAGTCGGGTGACAGCA_005,116
TAGCAAGTCGGGTGACAGCA_006,18
TAGCAAGTCGGGTGACAGCA_007,116
GGCCGCCGACACCAATGAAG_001,172
GGCCGCCGACACCAATGAAG_002,155
GGCCGCCGACACCAATGAAG_003,49
GGCCGCCGACACCAATGAAG_004,145
GGCCGCCGACACCAATGAAG_005,16
GGCCGCCGACACCAATGAAG_006,141
GGCCGCCGACACCAATGAAG_007,57
GGCCGCCGACACCAATGAAG_008,180
GAGGCCAGTGAGTGATCAAG_001,115
GAGGCCAGTGAGTGATCAAG_002,170
GAAGCAGGGAAAGAAAACGG_001,84
GAAGCAGGGAAAGAAAACGG_002,176
GAAGCAGGGAAAGAAAACGG_003,149
GAAGCAGGGAAAGAAAACGG_004,115
GAAGCAGGGAAAGAAAACGG_005,121
GAAGCAGGGAAAGAAAACGG_006,33
GAAGCAGGGAAAGAAAACGG_007,65
GAAGCAGGGAAAGAAAACGG_008,65
GAAGCAGGGAAAGAAAACGG_009,12
GAAGCAGGGAAAGAAAACGG_010,73
GAAGCAGGGAAAGAAAACGG_011,154
GAAGCAGGGAAAGAAAACGG_012,21
GAAGCAGGGAAAGAAAACGG_013,166
GAAGCAGGGAAAGAAAACGG_014,81
GAAGCAGGGAAAGAAAACGG_015,159
GAAGCAGGGAAAGAAAACGG_016,9
GAAGCAGGGAAAGAAAACGG_017,115
GAAGCAGGGAAAGAAAACGG_018,142
GAAGCAGGGAAAGAAAACGG_019,50
GAAGCAGGGAAAGAAAACGG_020,88
GAAGCAGGGAAAGAAAACGG_021,88
GAAGCAGGGAAAGAAAACGG_022,175
GAAGCAGGGAAAGAAAACGG_023,20
GAAGCAGGGAAAGAAAACGG_024,162
GAAGCAGGGAAAGAAAACGG_025,121
GAAGCAGGGAAAGAAAACGG_026,197
GAAGCAGGGAAAGAAAACGG_027,49
GAAGCAGGGAAAGAAAACGG_028,145
GAAGCAGGGAAAGAAAACGG_029,147
GAAGCAGGGAAAGAAAACGG_030,116
GAAGCAGGGAAAGAAAACGG_031,105
GAAGCAGGGAAAGAAAACGG_032,78
GAAGCAGGGAAAGAAAACGG_033,17
GAAGCAGGGAAAGAAAACGG_034,183
TGGCGATGACCTACAAACAG_001,12
TGGCGATGACCTACAAACAG_002,76
ATTGTGGGTTTACATACCTG_001,169
ATTGTGGGTTTACATACCTG_002,170
ATTGTGGGTTTACATACCTG_003,102
ATTGTGGGTTTACATACCTG_004,105
ATTGTGGGTTTACATACCTG_005,50
ATTGTGGGTTTACATACCTG_006,58
ATTGTGGGTTTACATACCTG_007,186
ATTGTGGGTTTACATACCTG_008,20
ATTGTGGGTTTACATACCTG_009,32
ATTGTGGGTTTACATACCTG_010,35
ATTGTGGGTTTACATACCTG_011,160
ATTGTGGGTTTACATACCTG_012,190
CGTGCGCTGCACCCACAACG_001,9
CGTGCGCTGCACCCACAACG_002,143
CGTGCGCTGCACCCACAACG_003,184
CGTGCGCTGCACCCACAACG_004,40
CGTGCGCTGCACCCACAACG_005,78
CGTGCGCTGCACCCACAACG_006,148
CGTGCGCTGCACCCACAACG_007,150
CGTGCGCTGCACCCACAACG_008,31
CGTGCGCTGCACCCACAACG_009,181
ACTGAATGAGTGCACTCCAA_001,140
ACTGAATGAGTGCACTCCAA_002,78
ACTGAATGAGTGCACTCCAA_003,137
ACTGAATGAGTGCACTCCAA_004,115
ACTGAATGAGTGCACTCCAA_005,77
ACTGAATGAGTGCACTCCAA_006,1
ACTGAATGAGTGCACTCCAA_007,131
ACTGAATGAGTGCACTCCAA_008,44
ACTGAATGAGTGCACTCCAA_009,166
ACTGAATGAGTGCACTCCAA_010,134
ACTGAATGAGTGCACTCCAA_011,15
ACTGAATGAGTGCACTCCAA_012,180
ACTGAATGAGTGCACTCCAA_013,90
CCGCGCTCATAGTTCCATGG_001,9
CCGCGCTCATAGTTCCATGG_002,155
CGGGAGCAGATACTGCTGAA_001,44
CGGGAGCAGATACTGCTGAA_002,84
CGGGAGCAGATACTGCTGAA_003,49
CGATTAGTAAACAATGACGA_001,13
CAATAAATCCTAGTACGTTA_001,127
CAATAAATCCTAGTACGTTA_002,76
CAATAAATCCTAGTACGTTA_003,101
GGCAGTCACTTGACACACGG_001,102
GGCAGTCACTTGACACACGG_002,62
GGCAGTCACTTGACACACGG_003,88
GGCAGTCACTTGACACACGG_004,5
GGCAGTCACTTGACACACGG_005,94
GGCAGTCACTTGACACACGG_006,80
GGCAGTCACTTGACACACGG_007,150
GGCAGTCACTTGACACACGG_008,111
GGCAGTCACTTGACACACGG_009,53
GGCAGTCACTTGACACACGG_010,7
GGCAGTCACTTGACACACGG_011,92
GGCAGTCACTTGACACACGG_012,91
GGCAGTCACTTGACACACGG_013,105
GGCAGTCACTTGACACACGG_014,41
GGCAGTCACTTGACACACGG_015,162
GGCAGTCACTTGACACACGG_016,15
GGCAGTCACTTGACACACGG_017,15
GGCAGTCACTTGACACACGG_018,93
GGCAGTCACTTGACACACGG_019,0
GGCAGTCACTTGACACACGG_020,168
GGCAGTCACTTGACACACGG_021,182
GGCAGTCACTTGACACACGG_022,189
GGCAGTCACTTGACACACGG_023,122
GGCAGTCACTTGACACACGG_024,9
GGCAGTCACTTGACACACGG_025,43
GGCAGTCACTTGACACACGG_026,120
GGCAGTCACTTGACACACGG_027,180
GGCAGTCACTTGACACACGG_028,39
GGCAGTCACTTGACACACGG_029,191
GGCAGTCACTTGACACACGG_030,137
GGCAGTCACTTGACACACGG_031,162
GGGTTGACATGGGACCCTGT_001,102
GGGTTGACATGGGACCCTGT_002,172
GGGTTGACATGGGACCCTGT_003,7
GGGTTGACATGGGACCCTGT_004,113
GGGTTGACATGGGACCCTGT_005,47
GGGTTGACATGGGACCCTGT_006,47
GGGTTGACATGGGACCCTGT_007,160
GGGTTGACATGGGACCCTGT_008,142
GGGTTGACATGGGACCCTGT_009,172
GGGTTGACATGGGACCCTGT_010,43
GGGTTGACATGGGACCCTGT_011,157
GGGTTGACATGGGACCCTGT_012,82
GGTTCAGCCAGAAACACAGT_001,162
GGTTCAGCCAGAAACACAGT_002,12
GGTTCAGCCAGAAACACAGT_003,85
GGTTCAGCCAGAAACACAGT_004,150
GGTTCAGCCAGAAACACAGT_005,42
GGTTCAGCCAGAAACACAGT_006,60
GGTTCAGCCAGAAACACAGT_007,131
GGTTCAGCCAGAAACACAGT_008,166
GGTTCAGCCAGAAACACAGT_009,177
TGTGGTCGGCATCATGTGTG_001,183
TGTGGTCGGCATCATGTGTG_002,154
TGTGGTCGGCATCATGTGTG_003,119
TGTGGTCGGCATCATGTGTG_004,88
TGTGGTCGGCATCATGTGTG_005,169
TGTGGTCGGCATCATGTGTG_006,199
TGTGGTCGGCATCATGTGTG_007,187
TGTGGTCGGCATCATGTGTG_008,178
TGTGGTCGGCATCATGTGTG_009,161
TGTGGTCGGCATCATGTGTG_010,196
TGTGGTCGGCATCATGTGTG_011,80
TGTGGTCGGCATCATGTGTG_012,124
ATGGGTATTATCAGTCAATG_001,19
ATGGGTATTATCAGTCAATG_002,134
ATGGGTATTATCAGTCAATG_003,47
ATGGGTATTATCAGTCAATG_004,65
ATGGGTATTATCAGTCAATG_005,196
ATGGGTATTATCAGTCAATG_006,131
ACTTGATAGATTTCAAACAG_001,106
ACTTGATAGATTTCAAACAG_002,2
ACTTGATAGATTTCAAACAG_003,109
CTGATGTCGGAAGAAGTCGT_001,188
CTGATGTCGGAAGAAGTCGT_002,36
CTGATGTCGGAAGAAGTCGT_003,9
CTGATGTCGGAAGAAGTCGT_004,29
CTGATGTCGGAAGAAGTCGT_005,176
CTGATGTCGGAAGAAGTCGT_006,184
CTGATGTCGGAAGAAGTCGT_007,103
CTGATGTCGGAAGAAGTCGT_008,199
CTGATGTCGGAAGAAGTCGT_009,177
CTGATGTCGGAAGAAGTCGT_010,76
CTGATGTCGGAAGAAGTCGT_011,170
CTGATGTCGGAAGAAGTCGT_012,62
CTGATGTCGGAAGAAGTCGT_013,189
CTGATGTCGGAAGAAGTCGT_014,107
CTGATGTCGGAAGAAGTCGT_015,94
CTGATGTCGGAAGAAGTCGT_016,129
CTGATGTCGGAAGAAGTCGT_017,142
CTGATGTCGGAAGAAGTCGT_018,35
CTGATGTCGGAAGAAGTCGT_019,24
CTGATGTCGGAAGAAGTCGT_020,27
CTGGCGCCAACTCCGCAAGG_001,169
CTGGCGCCAACTCCGCAAGG_002,160
CTGGCGCCAACTCCGCAAGG_003,145
CTGGCGCCAACTCCGCAAGG_004,140
CTGGCGCCAACTCCGCAAGG_005,15
CTGGCGCCAACTCCGCAAGG_006,74
CTGGCGCCAACTCCGCAAGG_007,121
CTGGCGCCAACTCCGCAAGG_008,98
CTGGCGCCAACTCCGCAAGG_009,132
CTGGCGCCAACTCCGCAAGG_010,58
CTGGCGCCAACTCCGCAAGG_011,115
CTGGCGCCAACTCCGCAAGG_012,43
CTGGCGCCAACTCCGCAAGG_013,49
CTGGCGCCAACTCCGCAAGG_014,79
CTGGCGCCAACTCCGCAAGG_015,165
CTGGCGCCAACTCCGCAAGG_016,78
CTGGCGCCAACTCCGCAAGG_017,90
CTGGCGCCAACTCCGCAAGG_018,155
CTGGCGCCAACTCCGCAAGG_019,52
TGATGGGTACGCTAAAAAGG_001,5
TGATGGGTACGCTAAAAAGG_002,148
TGATGGGTACGCTAAAAAGG_003,103
AGTTAAACAAGAAAGAATGG_001,94
AGTTAAACAAGAAAGAATGG_002,129
AGTTAAACAAGAAAGAATGG_003,176
AGTTAAACAAGAAAGAATGG_004,96
GCGGATGTAAATCCCCACGC_001,148
GCGGATGTAAATCCCCACGC_002,177
GCGGATGTAAATCCCCACGC_003,65
GCGGATGTAAATCCCCACGC_004,9
GCGGATGTAAATCCCCACGC_005,42
GCGGATGTAAATCCCCACGC_006,127
GCGGATGTAAATCCCCACGC_007,156
GCGGATGTAAATCCCCACGC_008,22
GCGGATGTAAATCCCCACGC_009,139
GCGGATGTAAATCCCCACGC_010,77
GCGGATGTAAATCCCCACGC_011,62
GCGGATGTAAATCCCCACGC_012,48
GCGGATGTAAATCCCCACGC_013,141
GCGGATGTAAATCCCCACGC_014,38
GCGGATGTAAATCCCCACGC_015,30
GCGGATGTAAATCCCCACGC_016,162
GCGGATGTAAATCCCCACGC_017,100
GCGGATGTAAATCCCCACGC_018,63
GGAGAGCGTCTGGGCGTAGT_001,172
GGAGAGCGTCTGGGCGTAGT_002,94
GGAGAGCGTCTGGGCGTAGT_003,48
GGAGAGCGTCTGGGCGTAGT_004,41
GGAGAGCGTCTGGGCGTAGT_005,138
GGAGAGCGTCTGGGCGTAGT_006,63
AATACCTGGAAGCAGAACCG_001,12
AATACCTGGAAGCAGAACCG_002,181
AATACCTGGAAGCAGAACCG_003,40
AATACCTGGAAGCAGAACCG_004,32
AATACCTGGAAGCAGAACCG_005,52
AATACCTGGAAGCAGAACCG_006,24
AATACCTGGAAGCAGAACCG_007,151
AATACCTGGAAGCAGAACCG_008,153
AATACCTGGAAGCAGAACCG_009,178
AATACCTGGAAGCAGAACCG_010,99
AATACCTGGAAGCAGAACCG_011,123
CTCCCTGCCGGCCGGGTTAG_001,127
CTCCCTGCCGGCCGGGTTAG_002,157
CTCCCTGCCGGCCGGGTTAG_003,72
CTCCCTGCCGGCCGGGTTAG_004,7
CTCCCTGCCGGCCGGGTTAG_005,49
CTCCCTGCCGGCCGGGTTAG_006,157
CTCCCTGCCGGCCGGGTTAG_007,78
CTCCCTGCCGGCCGGGTTAG_008,25
CTCCCTGCCGGCCGGGTTAG_009,126
CTCCCTGCCGGCCGGGTTAG_010,13
CTCCCTGCCGGCCGGGTTAG_011,137
CTCCCTGCCGGCCGGGTTAG_012,129
CTCCCTGCCGGCCGGGTTAG_013,29
CTCCCTGCCGGCCGGGTTAG_014,56
CTCCCTGCCGGCCGGGTTAG_015,48
CTCCCTGCCGGCCGGGTTAG_016,105
CTCCCTGCCGGCCGGGTTAG_017,46
CTCCCTGCCGGCCGGGTTAG_018,78
CTCCCTGCCGGCCGGGTTAG_019,115
CTCCCTGCCGGCCGGGTTAG_020,92
CTCCCTGCCGGCCGGGTTAG_021,32
CTCCCTGCCGGCCGGGTTAG_022,126
CTCCCTGCCGGCCGGGTTAG_023,1
CTCCCTGCCGGCCGGGTTAG_024,42
CTCCCTGCCGGCCGGGTTAG_025,40
CTCCCTGCCGGCCGGGTTAG_026,18
CTCCCTGCCGGCCGGGTTAG_027,115
CTCCCTGCCGGCCGGGTTAG_028,2
CTCCCTGCCGGCCGGGTTAG_029,82
CTCCCTGCCGGCCGGGTTAG_030,78
CTCCCTGCCGGCCGGGTTAG_031,106
GCACCCGTGTGATTCGCGAA_001,64
GCACCCGTGTGATTCGCGAA_002,12
GCACCCGTGTGATTCGCGAA_003,98
GCACCCGTGTGATTCGCGAA_004,89
GCACCCGTGTGATTCGCGAA_005,172
GCACCCGTGTGATTCGCGAA_006,158
GCACCCGTGTGATTCGCGAA_007,1
GCACCCGTGTGATTCGCGAA_008,166
GCACCCGTGTGATTCGCGAA_009,139
GCACCCGTGTGATTCGCGAA_010,85
GCACCCGTGTGATTCGCGAA_011,172
GCACCCGTGTGATTCGCGAA_012,137
CTTATCTCTTACCTTCGAGC_001,155
CGGCGTCCACATGGGCCATG_001,8
CGGCGTCCACATGGGCCATG_002,94
CGGCGTCCACATGGGCCATG_003,155
CGGCGTCCACATGGGCCATG_004,81
CGGCGTCCACATGGGCCATG_005,115
CGGCGTCCACATGGGCCATG_006,168
CGGCGTCCACATGGGCCATG_007,105
CGGCGTCCACATGGGCCATG_008,177
CGGCGTCCACATGGGCCATG_009,62
CGGCGTCCACATGGGCCATG_010,39
CGGCGTCCACATGGGCCATG_011,166
CGGCGTCCACATGGGCCATG_012,69
GATGGTCTGATTCATAACTC_001,78
GATGGTCTGATTCATAACTC_002,62
GCTTCATCAAGATTCCGCGG_001,169
GCTTCATCAAGATTCCGCGG_002,100
GCTTCATCAAGATTCCGCGG_003,0
GCTTCATCAAGATTCCGCGG_004,76
GCTTCATCAAGATTCCGCGG_005,158
GCTTCATCAAGATTCCGCGG_006,62
GCTTCATCAAGATTCCGCGG_007,46
GCTTCATCAAGATTCCGCGG_008,166
GCTTCATCAAGATTCCGCGG_009,188
CCAATTGCTTCAATACCCAA_001,85
CCAATTGCTTCAATACCCAA_002,161
CCAATTGCTTCAATACCCAA_003,134
CCAATTGCTTCAATACCCAA_004,72
CCAATTGCTTCAATACCCAA_005,72
GTCCCGGATTACTGGATCGA_001,83
GTCCCGGATTACTGGATCGA_002,132
GTCCCGGATTACTGGATCGA_003,155
GTCCCGGATTACTGGATCGA_004,42
GTCCCGGATTACTGGATCGA_005,176
GTCCCGGATTACTGGATCGA_006,184
GTCCCGGATTACTGGATCGA_007,43
TGTGACGCGCTACCATTCGG_001,50
GAGGGTCTACTAACCACCCA_001,87
GAGGGTCTACTAACCACCCA_002,76
GAGGGTCTACTAACCACCCA_003,49
GAGGGTCTACTAACCACCCA_004,74
GAGGGTCTACTAACCACCCA_005,56
GAGGGTCTACTAACCACCCA_006,173
GAGGGTCTACTAACCACCCA_007,127
GAGGGTCTACTAACCACCCA_008,193
GAGGGTCTACTAACCACCCA_009,105
GAGGGTCTACTAACCACCCA_010,142
GAGGGTCTACTAACCACCCA_011,198
CTGCATCGTGGCGTACATGG_001,169
CTGCATCGTGGCGTACATGG_002,33
CTGCATCGTGGCGTACATGG_003,105
CTGCATCGTGGCGTACATGG_004,115
CTGCATCGTGGCGTACATGG_005,49
CTGCATCGTGGCGTACATGG_006,150
CTGCATCGTGGCGTACATGG_007,82
CTGCATCGTGGCGTACATGG_008,153
CTGCATCGTGGCGTACATGG_009,169
CTGCATCGTGGCGTACATGG_010,131
CTGCATCGTGGCGTACATGG_011,62
CTGCATCGTGGCGTACATGG_012,15
CACCAAGCTCCCAACCATCG_001,173
CACCAAGCTCCCAACCATCG_002,169
CACCAAGCTCCCAACCATCG_003,49
CACCAAGCTCCCAACCATCG_004,160
CACCAAGCTCCCAACCATCG_005,128
CTCAGGCCTGAGCAGACACG_001,101
CTCAGGCCTGAGCAGACACG_002,183
CTCAGGCCTGAGCAGACACG_003,159
CTCAGGCCTGAGCAGACACG_004,21
CTCAGGCCTGAGCAGACACG_005,3
CTCAGGCCTGAGCAGACACG_006,85
CTCAGGCCTGAGCAGACACG_007,186
CTCAGGCCTGAGCAGACACG_008,42
CTCAGGCCTGAGCAGACACG_009,133
CTCAGGCCTGAGCAGACACG_010,48
CTCAGGCCTGAGCAGACACG_011,160
CTCAGGCCTGAGCAGACACG_012,28
CTCAGGCCTGAGCAGACACG_013,79
TCCCCCTTCAGTTTAATGAG_001,170
TCCCCCTTCAGTTTAATGAG_002,41
TCCCCCTTCAGTTTAATGAG_003,5
TCCCCCTTCAGTTTAATGAG_004,130
TCCCCCTTCAGTTTAATGAG_005,173
TGCTCAGGAGGGACAGGATG_001,149
TGCTCAGGAGGGACAGGATG_002,106
TGCTCAGGAGGGACAGGATG_003,171
TGCTCAGGAGGGACAGGATG_004,30
TGCTCAGGAGGGACAGGATG_005,61
TGCTCAGGAGGGACAGGATG_006,140
TGCTCAGGAGGGACAGGATG_007,12
TGCTCAGGAGGGACAGGATG_008,9
TGCTCAGGAGGGACAGGATG_009,183
TGCTCAGGAGGGACAGGATG_010,15
TGCTCAGGAGGGACAGGATG_011,65
TGCTCAGGAGGGACAGGATG_012,85
TGCTCAGGAGGGACAGGATG_013,73
TGCTCAGGAGGGACAGGATG_014,112
TGCTCAGGAGGGACAGGATG_015,119
TGCTCAGGAGGGACAGGATG_016,50
TGCTCAGGAGGGACAGGATG_017,162
TGCTCAGGAGGGACAGGATG_018,191
GGGGTTCTACATACCCACAG_001,141
GGGGTTCTACATACCCACAG_002,192
GGGGTTCTACATACCCACAG_003,58
GGGTTGCATCGGGACTGCTG_001,0
GGGTTGCATCGGGACTGCTG_002,79
GGGTTGCATCGGGACTGCTG_003,68
GGGTTGCATCGGGACTGCTG_004,112
GGGTTGCATCGGGACTGCTG_005,38
GGGTTGCATCGGGACTGCTG_006,166
GGGTTGCATCGGGACTGCTG_007,120
GGGTTGCATCGGGACTGCTG_008,121
GGGTTGCATCGGGACTGCTG_009,28
GGGTTGCATCGGGACTGCTG_010,68
GGGTTGCATCGGGACTGCTG_011,76
GCAGAACGAGGAGTTCATGA_001,155
GCAGAACGAGGAGTTCATGA_002,85
GCAGAACGAGGAGTTCATGA_003,56
GCAGAACGAGGAGTTCATGA_004,70
GCAGAACGAGGAGTTCATGA_005,144
GCAGAACGAGGAGTTCATGA_006,55
GCAGAACGAGGAGTTCATGA_007,137
GCAGAACGAGGAGTTCATGA_008,126
AGAACTCACTACGGACCCCG_001,94
AGAACTCACTACGGACCCCG_002,2
AGAACTCACTACGGACCCCG_003,58
AGAACTCACTACGGACCCCG_004,188
AGAACTCACTACGGACCCCG_005,157
AGAACTCACTACGGACCCCG_006,134
AGAACTCACTACGGACCCCG_007,129
AGAACTCACTACGGACCCCG_008,9
AGAACTCACTACGGACCCCG_009,74
AGAACTCACTACGGACCCCG_010,41
AGAACTCACTACGGACCCCG_011,106
AGAACTCACTACGGACCCCG_012,48
AGAACTCACTACGGACCCCG_013,19
AGAACTCACTACGGACCCCG_014,162
AGAACTCACTACGGACCCCG_015,198
AGAACTCACTACGGACCCCG_016,150
AGAACTCACTACGGACCCCG_017,146
AGAACTCACTACGGACCCCG_018,52
AGAACTCACTACGGACCCCG_019,166
AGAACTCACTACGGACCCCG_020,174
AGAACTCACTACGGACCCCG_021,25
AGAACTCACTACGGACCCCG_022,104
CGACCCAGACTGGTGCAAGA_001,120
CGACCCAGACTGGTGCAAGA_002,83
CGACCCAGACTGGTGCAAGA_003,68
CGACCCAGACTGGTGCAAGA_004,160
CGACCCAGACTGGTGCAAGA_005,34
CGACCCAGACTGGTGCAAGA_006,99
CGACCCAGACTGGTGCAAGA_007,138
CGACCCAGACTGGTGCAAGA_008,166
CGACCCAGACTGGTGCAAGA_009,27
CTTGAACACTCTCAACCGGA_001,61
CTTGAACACTCTCAACCGGA_002,92
CTTGAACACTCTCAACCGGA_003,69
CTGTACCTGGTCCAATACTG_001,5
CTGTACCTGGTCCAATACTG_002,141
CTGTACCTGGTCCAATACTG_003,124
CTGTACCTGGTCCAATACTG_004,56
CTGTACCTGGTCCAATACTG_005,160
CTGTACCTGGTCCAATACTG_006,47
CTGTACCTGGTCCAATACTG_007,82
CTGTACCTGGTCCAATACTG_008,146
CTGTACCTGGTCCAATACTG_009,198
CTGTACCTGGTCCAATACTG_010,77
CTGTACCTGGTCCAATACTG_011,98
CTGTACCTGGTCCAATACTG_012,2
TCTCGAACCTGTCACCACAA_001,54
ACTTTGCCTGAGGGTAACCA_001,80
ACTTTGCCTGAGGGTAACCA_002,44
ACTTTGCCTGAGGGTAACCA_003,198
ACTTTGCCTGAGGGTAACCA_004,50
ACTTTGCCTGAGGGTAACCA_005,168
AAGCTGATAGACGTCAGACA_001,50
AAGCTGATAGACGTCAGACA_002,20
AGGTGCTGGAATATTTACTA_001,102
AGGTGCTGGAATATTTACTA_002,169
CGAAGTACAAGGCTCGATTG_001,127
CGAAGTACAAGGCTCGATTG_002,43
CGAAGTACAAGGCTCGATTG_003,12
CGAAGTACAAGGCTCGATTG_004,128
CGAAGTACAAGGCTCGATTG_005,101
CTTGGTCATGCCAATAGGCT_001,60
CTTGGTCATGCCAATAGGCT_002,8
CTTGGTCATGCCAATAGGCT_003,35
CTTGGTCATGCCAATAGGCT_004,183
AGATAGACCCGACTGTGCAG_001,127
AGATAGACCCGACTGTGCAG_002,116
AGATAGACCCGACTGTGCAG_003,102
AGATAGACCCGACTGTGCAG_004,119
AGATAGACCCGACTGTGCAG_005,128
AGATAGACCCGACTGTGCAG_006,57
AGATAGACCCGACTGTGCAG_007,22
AGATAGACCCGACTGTGCAG_008,13
AGATAGACCCGACTGTGCAG_009,13
AGATAGACCCGACTGTGCAG_010,189
AGATAGACCCGACTGTGCAG_011,107
AGATAGACCCGACTGTGCAG_012,187
AGATAGACCCGACTGTGCAG_013,137
AGATAGACCCGACTGTGCAG_014,141
AGATAGACCCGACTGTGCAG_015,102
GATCTTACCCAAAACAGCTC_001,159
GATCTTACCCAAAACAGCTC_002,40
GATCTTACCCAAAACAGCTC_003,32
GATCTTACCCAAAACAGCTC_004,54
GATCTTACCCAAAACAGCTC_005,14
GATCTTACCCAAAACAGCTC_006,61
GATCTTACCCAAAACAGCTC_007,33
GATCTTACCCAAAACAGCTC_008,76
GATCTTACCCAAAACAGCTC_009,19
GATCTTACCCAAAACAGCTC_010,15
GATCTTACCCAAAACAGCTC_011,149
GATCTTACCCAAAACAGCTC_012,63
GATCTTACCCAAAACAGCTC_013,149
GATCTTACCCAAAACAGCTC_014,5
GATCTTACCCAAAACAGCTC_015,158
GCAGATTATATCGCATCCTA_001,172
GCAGATTATATCGCATCCTA_002,8
GCAGATTATATCGCATCCTA_003,103
GCAGATTATATCGCATCCTA_004,40
GCAGATTATATCGCATCCTA_005,98
GCAGATTATATCGCATCCTA_006,56
GTCAGGATTACTCCAGCAGG_001,88
GTCAGGATTACTCCAGCAGG_002,149
CGGGCCAGTGAGAAGCACCG_001,102
CGGGCCAGTGAGAAGCACCG_002,102
CGGGCCAGTGAGAAGCACCG_003,137
CGGGCCAGTGAGAAGCACCG_004,138
CGGGCCAGTGAGAAGCACCG_005,137
CGGGCCAGTGAGAAGCACCG_006,33
CGGGCCAGTGAGAAGCACCG_007,29
CGGGCCAGTGAGAAGCACCG_008,29
CGGGCCAGTGAGAAGCACCG_009,120
CGGGCCAGTGAGAAGCACCG_010,95
CATGGTGCCAGCCCAGAGAG_001,113
CATGGTGCCAGCCCAGAGAG_002,99
CATGGTGCCAGCCCAGAGAG_003,3
CATGGTGCCAGCCCAGAGAG_004,56
CATGGTGCCAGCCCAGAGAG_005,46
CATGGTGCCAGCCCAGAGAG_006,63
CATGGTGCCAGCCCAGAGAG_007,161
CATGGTGCCAGCCCAGAGAG_008,46
CATGGTGCCAGCCCAGAGAG_009,27
GAAACACAGGACTGTTCTGA_001,127
GAAACACAGGACTGTTCTGA_002,13
GAAACACAGGACTGTTCTGA_003,39
GAAACACAGGACTGTTCTGA_004,172
GAAACACAGGACTGTTCTGA_005,71
GAAACACAGGACTGTTCTGA_006,83
GAAACACAGGACTGTTCTGA_007,94
GATGTTAACAGCACTACGTG_001,165
GATGTTAACAGCACTACGTG_002,56
GATGTTAACAGCACTACGTG_003,29
GGAAAACCAACAGAAGGCGT_001,106
GGAAAACCAACAGAAGGCGT_002,75
GGAAAACCAACAGAAGGCGT_003,129
GGAGCTCCGTATGATGACTT_001,95
GGAGCTCCGTATGATGACTT_002,65
GCTCCTAAGGACAAATGGGT_001,171
GCTCCTAAGGACAAATGGGT_002,61
GCTCCTAAGGACAAATGGGT_003,181
GCTCCTAAGGACAAATGGGT_004,34
GCTCCTAAGGACAAATGGGT_005,86
GCTCCTAAGGACAAATGGGT_006,50
GCTCCTAAGGACAAATGGGT_007,77
GCTCCTAAGGACAAATGGGT_008,163
GCTCCTAAGGACAAATGGGT_009,163
GCTCCTAAGGACAAATGGGT_010,116
TCTAACCCAATGCTGTATCG_001,124
GATGCTGAGGAAGATTGCTG_001,94
GATGCTGAGGAAGATTGCTG_002,4
GATGCTGAGGAAGATTGCTG_003,22
GATGCTGAGGAAGATTGCTG_004,180
GATGCTGAGGAAGATTGCTG_005,175
GATGCTGAGGAAGATTGCTG_006,137
GATGCTGAGGAAGATTGCTG_007,76
GATGCTGAGGAAGATTGCTG_008,66
GATGCTGAGGAAGATTGCTG_009,153
GATGCTGAGGAAGATTGCTG_010,168
GATGCTGAGGAAGATTGCTG_011,165
GATGCTGAGGAAGATTGCTG_012,84
GATGCTGAGGAAGATTGCTG_013,127
GCCGAGCACCACGCCGAAGA_001,139
GCCGAGCACCACGCCGAAGA_002,182
GCCGAGCACCACGCCGAAGA_003,185
GCCGAGCACCACGCCGAAGA_004,65
GCCGAGCACCACGCCGAAGA_005,150
GCCGAGCACCACGCCGAAGA_006,48
GCCGAGCACCACGCCGAAGA_007,66
GCCGAGCACCACGCCGAAGA_008,148
GCCGAGCACCACGCCGAAGA_009,60
GCCGAGCACCACGCCGAAGA_010,76
GCCGAGCACCACGCCGAAGA_011,168
GCCGAGCACCACGCCGAAGA_012,49
GCGCAGCACAGCAGTCAGCC_001,54
GCGCAGCACAGCAGTCAGCC_002,139
GCGCAGCACAGCAGTCAGCC_003,160
GCGCAGCACAGCAGTCAGCC_004,8
GCGCAGCACAGCAGTCAGCC_005,8
GCGCAGCACAGCAGTCAGCC_006,75
GCGCAGCACAGCAGTCAGCC_007,197
GCGCAGCACAGCAGTCAGCC_008,182
GCGCAGCACAGCAGTCAGCC_009,98
GCGCAGCACAGCAGTCAGCC_010,186
GCGCAGCACAGCAGTCAGCC_011,111
GCGCAGCACAGCAGTCAGCC_012,78
GCGCAGCACAGCAGTCAGCC_013,105
GCGCAGCACAGCAGTCAGCC_014,15
GCGCAGCACAGCAGTCAGCC_015,43
GCGCAGCACAGCAGTCAGCC_016,144
GCGCAGCACAGCAGTCAGCC_017,35
GCGCAGCACAGCAGTCAGCC_018,49
GCGCAGCACAGCAGTCAGCC_019,132
ATGCTCCTTACAAAACAGCA_001,60
ATGCTCCTTACAAAACAGCA_002,81
ATGCTCCTTACAAAACAGCA_003,94
ATGCTCCTTACAAAACAGCA_004,152
CTCCACTGCAAAGAGGCCCA_001,176
CTCCACTGCAAAGAGGCCCA_002,22
CTCCACTGCAAAGAGGCCCA_003,102
CTCCACTGCAAAGAGGCCCA_004,13
CTCCACTGCAAAGAGGCCCA_005,197
CTCCACTGCAAAGAGGCCCA_006,15
CTCCACTGCAAAGAGGCCCA_007,62
CTCCACTGCAAAGAGGCCCA_008,68
CTCCACTGCAAAGAGGCCCA_009,3
CTCCACTGCAAAGAGGCCCA_010,40
CTCCACTGCAAAGAGGCCCA_011,151
CTCCACTGCAAAGAGGCCCA_012,11
CTCCACTGCAAAGAGGCCCA_013,29
CTCCACTGCAAAGAGGCCCA_014,88
CTCCACTGCAAAGAGGCCCA_015,169
CTCCACTGCAAAGAGGCCCA_016,94
CTCCACTGCAAAGAGGCCCA_017,81
CTCCACTGCAAAGAGGCCCA_018,152
CTCCACTGCAAAGAGGCCCA_019,77
CTCCACTGCAAAGAGGCCCA_020,35
CTCCACTGCAAAGAGGCCCA_021,116
GTCAGTACTAGTACGAGATG_001,20
GTCAGTACTAGTACGAGATG_002,179
GTCAGTACTAGTACGAGATG_003,9
GTCAGTACTAGTACGAGATG_004,52
GTCAGTACTAGTACGAGATG_005,168
TTACTACCAGTGGATCATCA_001,164
TTACTACCAGTGGATCATCA_002,112
TTACTACCAGTGGATCATCA_003,59
GCTCCGTGAATGAGTGCTCG_001,116
GCTCCGTGAATGAGTGCTCG_002,130
GCTCCGTGAATGAGTGCTCG_003,127
GCTCCGTGAATGAGTGCTCG_004,188
GCTCCGTGAATGAGTGCTCG_005,114
GCTCCGTGAATGAGTGCTCG_006,114
GCTCCGTGAATGAGTGCTCG_007,24
GCTCCGTGAATGAGTGCTCG_008,184
CAAGAACCCAATCGACCGAG_001,60
GGGCACGGGTAGGGGCGGGT_001,175
GGGCACGGGTAGGGGCGGGT_002,65
GGGCACGGGTAGGGGCGGGT_003,111
GGGCACGGGTAGGGGCGGGT_004,145
GGGCACGGGTAGGGGCGGGT_005,19
GGGCACGGGTAGGGGCGGGT_006,185
GGGCACGGGTAGGGGCGGGT_007,140
GGGCACGGGTAGGGGCGGGT_008,157
GGGCACGGGTAGGGGCGGGT_009,184
GGGCACGGGTAGGGGCGGGT_010,37
GGGCACGGGTAGGGGCGGGT_011,151
GGGCACGGGTAGGGGCGGGT_012,1
TCAGAACCGCCCCTGGTCGG_001,96
TCAGAACCGCCCCTGGTCGG_002,40
TCAGAACCGCCCCTGGTCGG_003,43
TCAGAACCGCCCCTGGTCGG_004,16
TCAGAACCGCCCCTGGTCGG_005,57
TCAGAACCGCCCCTGGTCGG_006,186
TCAGAACCGCCCCTGGTCGG_007,73
TCAGAACCGCCCCTGGTCGG_008,144
TCAGAACCGCCCCTGGTCGG_009,36
TCAGAACCGCCCCTGGTCGG_010,60
TCAGAACCGCCCCTGGTCGG_011,124
TCAGAACCGCCCCTGGTCGG_012,77
TCAGAACCGCCCCTGGTCGG_013,35
CTGCTGCTCTTGCTGCCCCG_001,147
CTGCTGCTCTTGCTGCCCCG_002,23
GCAGCCCGGTATTTAGCAGT_001,77
GCAGCCCGGTATTTAGCAGT_002,181
GCAGCCCGGTATTTAGCAGT_003,50
GCAGCCCGGTATTTAGCAGT_004,178
GCCGGCTGTTCTGTGCACAA_001,196
GCCGGCTGTTCTGTGCACAA_002,88
GCCGGCTGTTCTGTGCACAA_003,115
GCCGGCTGTTCTGTGCACAA_004,168
GCCGGCTGTTCTGTGCACAA_005,116
GCCGGCTGTTCTGTGCACAA_006,174
GCCGGCTGTTCTGTGCACAA_007,2
GCCGGCTGTTCTGTGCACAA_008,22
GCCAACCCAGACTTTCCCAG_001,12
GCCAACCCAGACTTTCCCAG_002,77
GCCAACCCAGACTTTCCCAG_003,144
GCCAACCCAGACTTTCCCAG_004,28
GCCAACCCAGACTTTCCCAG_005,183
GCCAACCCAGACTTTCCCAG_006,147
GCCAACCCAGACTTTCCCAG_007,125
GCCAACCCAGACTTTCCCAG_008,158
GCCAACCCAGACTTTCCCAG_009,36
GCCAACCCAGACTTTCCCAG_010,8
GCCAACCCAGACTTTCCCAG_011,160
GCCAACCCAGACTTTCCCAG_012,92
GCCAACCCAGACTTTCCCAG_013,7
GCCAACCCAGACTTTCCCAG_014,124
GCCAACCCAGACTTTCCCAG_015,57
GCCAACCCAGACTTTCCCAG_016,126
GCCAACCCAGACTTTCCCAG_017,199
GCCAACCCAGACTTTCCCAG_018,115
GCCAACCCAGACTTTCCCAG_019,2
GCCAACCCAGACTTTCCCAG_020,149
TACTCACCTCCCGACCAGTG_001,130
TACTCACCTCCCGACCAGTG_002,138
TACTCACCTCCCGACCAGTG_003,188
TACTCACCTCCCGACCAGTG_004,0
TACTCACCTCCCGACCAGTG_005,2
TACTCACCTCCCGACCAGTG_006,137
TACTCACCTCCCGACCAGTG_007,6
TACTCACCTCCCGACCAGTG_008,36
TACTCACCTCCCGACCAGTG_009,65
TACTCACCTCCCGACCAGTG_010,11
TACTCACCTCCCGACCAGTG_011,141
TACTCACCTCCCGACCAGTG_012,86
TACTCACCTCCCGACCAGTG_013,141
TACTCACCTCCCGACCAGTG_014,107
TACTCACCTCCCGACCAGTG_015,185
TACTCACCTCCCGACCAGTG_016,169
TACTCACCTCCCGACCAGTG_017,49
TACTCACCTCCCGACCAGTG_018,145
TACTCACCTCCCGACCAGTG_019,93
TACTCACCTCCCGACCAGTG_020,88
TACTCACCTCCCGACCAGTG_021,158
TACTCACCTCCCGACCAGTG_022,149
TACTCACCTCCCGACCAGTG_023,176
TACTCACCTCCCGACCAGTG_024,27
CTTCTCTTGTCTTACCAGTG_001,170
CTTCTCTTGTCTTACCAGTG_002,35
CTTCTCTTGTCTTACCAGTG_003,23
CTTCTCTTGTCTTACCAGTG_004,74
CTTCTCTTGTCTTACCAGTG_005,96
GGGACCGCCATGAGACTGGT_001,84
GGGACCGCCATGAGACTGGT_002,105
GGGACCGCCATGAGACTGGT_003,137
GGGACCGCCATGAGACTGGT_004,21
GGGACCGCCATGAGACTGGT_005,186
GGGACCGCCATGAGACTGGT_006,108
TCTTACCAACCCATCCAAGG_001,115
TCTTACCAACCCATCCAAGG_002,75
TCTTACCAACCCATCCAAGG_003,168
TCTTACCAACCCATCCAAGG_004,88
TCTTACCAACCCATCCAAGG_005,151
TCTTACCAACCCATCCAAGG_006,81
TCTTACCAACCCATCCAAGG_007,168
TCTTACCAACCCATCCAAGG_008,46
TCTTACCAACCCATCCAAGG_009,106
GAATATCTTCCGTAACCAAG_001,77
GAATATCTTCCGTAACCAAG_002,62
GAATATCTTCCGTAACCAAG_003,51
GAATATCTTCCGTAACCAAG_004,160
GAATATCTTCCGTAACCAAG_005,76
TGGGATCAATACCTGTGGAG_001,136
TGGGATCAATACCTGTGGAG_002,177
CATCCCTTACTAGACACATG_001,16
CATCCCTTACTAGACACATG_002,61
CATCCCTTACTAGACACATG_003,13
CATCCCTTACTAGACACATG_004,58
CATCCCTTACTAGACACATG_005,116
CATCCCTTACTAGACACATG_006,199
CATCCCTTACTAGACACATG_007,45
CATCCCTTACTAGACACATG_008,161
CATCCCTTACTAGACACATG_009,162
CATCCCTTACTAGACACATG_010,130
GGGAGGGCCTTTAGTCAAGG_001,52
GGGAGGGCCTTTAGTCAAGG_002,184
GGGAGGGCCTTTAGTCAAGG_003,114
GGGAGGGCCTTTAGTCAAGG_004,114
GGGAGGGCCTTTAGTCAAGG_005,65
GGGAGGGCCTTTAGTCAAGG_006,134
GGGAGGGCCTTTAGTCAAGG_007,103
GGGAGGGCCTTTAGTCAAGG_008,37
GGGAGGGCCTTTAGTCAAGG_009,130
GGGAGGGCCTTTAGTCAAGG_010,136
GGGAGGGCCTTTAGTCAAGG_011,9
GGGAGGGCCTTTAGTCAAGG_012,138
GGGAGGGCCTTTAGTCAAGG_013,109
GGGAGGGCCTTTAGTCAAGG_014,109
CATGTGTAAGATCGTGTCCA_001,77
CATGTGTAAGATCGTGTCCA_002,94
CATGTGTAAGATCGTGTCCA_003,64
CATGTGTAAGATCGTGTCCA_004,176
CATGTGTAAGATCGTGTCCA_005,100
CATGTGTAAGATCGTGTCCA_006,58
CATGTGTAAGATCGTGTCCA_007,113
CATGTGTAAGATCGTGTCCA_008,185
CATGTGTAAGATCGTGTCCA_009,152
CATGTGTAAGATCGTGTCCA_010,170
CATGTGTAAGATCGTGTCCA_011,3
CATGTGTAAGATCGTGTCCA_012,179
CATGTGTAAGATCGTGTCCA_013,48
CATGTGTAAGATCGTGTCCA_014,108
CATGTGTAAGATCGTGTCCA_015,6
GGGAGGAACCAGCTCAACCG_001,86
ATCACGACAGCGTACTACAG_001,51
ATCACGACAGCGTACTACAG_002,14
ATCACGACAGCGTACTACAG_003,187
ATCACGACAGCGTACTACAG_004,103
ATCACGACAGCGTACTACAG_005,29
ATCACGACAGCGTACTACAG_006,116
TCAATCACTAGCCAGGAGAG_001,54
TCAATCACTAGCCAGGAGAG_002,85
TCAATCACTAGCCAGGAGAG_003,135
TCAATCACTAGCCAGGAGAG_004,127
TCAATCACTAGCCAGGAGAG_005,130
TTCATCTCCCCACCATCTCG_001,165
TTCATCTCCCCACCATCTCG_002,173
TTCATCTCCCCACCATCTCG_003,178
TTCATCTCCCCACCATCTCG_004,92
TTCATCTCCCCACCATCTCG_005,74
TTCATCTCCCCACCATCTCG_006,81
TTCATCTCCCCACCATCTCG_007,127
TTCATCTCCCCACCATCTCG_008,35
TTCATCTCCCCACCATCTCG_009,120
TTCATCTCCCCACCATCTCG_010,142
TTCATCTCCCCACCATCTCG_011,104
TTCATCTCCCCACCATCTCG_012,184
TTCATCTCCCCACCATCTCG_013,199
TTCATCTCCCCACCATCTCG_014,52
TTCATCTCCCCACCATCTCG_015,153
TTCATCTCCCCACCATCTCG_016,142
TTCATCTCCCCACCATCTCG_017,29
TTCATCTCCCCACCATCTCG_018,65
TTCATCTCCCCACCATCTCG_019,92
TTCATCTCCCCACCATCTCG_020,108
TTCATCTCCCCACCATCTCG_021,178
TTCATCTCCCCACCATCTCG_022,180
TTCATCTCCCCACCATCTCG_023,147
TTCATCTCCCCACCATCTCG_024,144
TTCATCTCCCCACCATCTCG_025,0
TTCATCTCCCCACCATCTCG_026,171
TTCATCTCCCCACCATCTCG_027,136
TTCATCTCCCCACCATCTCG_028,49
TTCATCTCCCCACCATCTCG_029,35
TTCATCTCCCCACCATCTCG_030,152
TTCATCTCCCCACCATCTCG_031,104
TTCATCTCCCCACCATCTCG_032,174
TTCATCTCCCCACCATCTCG_033,99
TTCATCTCCCCACCATCTCG_034,47
TTCATCTCCCCACCATCTCG_035,180
TTCATCTCCCCACCATCTCG_036,121
TTCATCTCCCCACCATCTCG_037,1
TTCATCTCCCCACCATCTCG_038,52
TTCATCTCCCCACCATCTCG_039,56
TTCATCTCCCCACCATCTCG_040,166
TTCATCTCCCCACCATCTCG_041,102
TTCATCTCCCCACCATCTCG_042,144
TTCATCTCCCCACCATCTCG_043,154
TTCATCTCCCCACCATCTCG_044,126
GAAGGAACTGAGCCTGATGA_001,8
GAAGGAACTGAGCCTGATGA_002,58
GAAGGAACTGAGCCTGATGA_003,195
GAAGGAACTGAGCCTGATGA_004,58
GAAGGAACTGAGCCTGATGA_005,102
GAAGGAACTGAGCCTGATGA_006,177
GAAGGAACTGAGCCTGATGA_007,183
AGGTGTAATTACCCCAGAAG_001,165
AGGTGTAATTACCCCAGAAG_002,170
AGGTGTAATTACCCCAGAAG_003,171
AGGTGTAATTACCCCAGAAG_004,149
AGGTGTAATTACCCCAGAAG_005,48
AGGTGTAATTACCCCAGAAG_006,146
AGGTGTAATTACCCCAGAAG_007,1
ATTAGTTCAGCCATGCTCAA_001,78
ATTAGTTCAGCCATGCTCAA_002,96
ATTAGTTCAGCCATGCTCAA_003,177
ATTAGTTCAGCCATGCTCAA_004,192
ATTAGTTCAGCCATGCTCAA_005,34
GAAGGTATATGAGCTGTTAG_001,127
GAAGGTATATGAGCTGTTAG_002,130
GAAGGTATATGAGCTGTTAG_003,15
GAAGGTATATGAGCTGTTAG_004,129
GAAGGTATATGAGCTGTTAG_005,49
GAAGGTATATGAGCTGTTAG_006,49
GAAGGTATATGAGCTGTTAG_007,115
GAAGGTATATGAGCTGTTAG_008,127
GAAGGTATATGAGCTGTTAG_009,120
GAAGGTATATGAGCTGTTAG_010,115
GAAGGTATATGAGCTGTTAG_011,42
CAGCATCTGTGAAGGCACCG_001,55
CAGCATCTGTGAAGGCACCG_002,6
CAGCATCTGTGAAGGCACCG_003,14
CAGCATCTGTGAAGGCACCG_004,60
CAGCATCTGTGAAGGCACCG_005,49
CAGCATCTGTGAAGGCACCG_006,150
CAGCATCTGTGAAGGCACCG_007,120
CAGCATCTGTGAAGGCACCG_008,118
CAGCATCTGTGAAGGCACCG_009,52
CAGCATCTGTGAAGGCACCG_010,10
CAGCATCTGTGAAGGCACCG_011,117
CAGCATCTGTGAAGGCACCG_012,147
CAGCATCTGTGAAGGCACCG_013,183
CAGCATCTGTGAAGGCACCG_014,62
CAGCATCTGTGAAGGCACCG_015,162
CAGCATCTGTGAAGGCACCG_016,144
CAGCATCTGTGAAGGCACCG_017,63
CAGCATCTGTGAAGGCACCG_018,188
CAGCATCTGTGAAGGCACCG_019,78
CAGCATCTGTGAAGGCACCG_020,19
GAACTGAAGATTCAAATGCG_001,126
GAACTGAAGATTCAAATGCG_002,171
GAACTGAAGATTCAAATGCG_003,46
GAACTGAAGATTCAAATGCG_004,12
ATCCATTCAGGAGTAGTGGG_001,25
ATCCATTCAGGAGTAGTGGG_002,169
ATCCATTCAGGAGTAGTGGG_003,53
ATCCATTCAGGAGTAGTGGG_004,103
ATCCATTCAGGAGTAGTGGG_005,159
ATCCATTCAGGAGTAGTGGG_006,23
ATCCATTCAGGAGTAGTGGG_007,144
ATCCATTCAGGAGTAGTGGG_008,153
ATCCATTCAGGAGTAGTGGG_009,127
ATCCATTCAGGAGTAGTGGG_010,166
ATCCATTCAGGAGTAGTGGG_011,130
ATCCATTCAGGAGTAGTGGG_012,94
ATCCATTCAGGAGTAGTGGG_013,148
ATCCATTCAGGAGTAGTGGG_014,83
ATCCATTCAGGAGTAGTGGG_015,104
ATCCATTCAGGAGTAGTGGG_016,155
ATCCATTCAGGAGTAGTGGG_017,141
ATCCATTCAGGAGTAGTGGG_018,170
ATCCATTCAGGAGTAGTGGG_019,104
ATCCATTCAGGAGTAGTGGG_020,139
ATCCATTCAGGAGTAGTGGG_021,64
ATCCATTCAGGAGTAGTGGG_022,66
ATCCATTCAGGAGTAGTGGG_023,82
ATCCATTCAGGAGTAGTGGG_024,85
ATCCATTCAGGAGTAGTGGG_025,25
GCAACGTGAGTGCCTGTGCG_001,77
GCAACGTGAGTGCCTGTGCG_002,49
GCAACGTGAGTGCCTGTGCG_003,41
GCAACGTGAGTGCCTGTGCG_004,118
GCAACGTGAGTGCCTGTGCG_005,88
GCAACGTGAGTGCCTGTGCG_006,98
GCAACGTGAGTGCCTGTGCG_007,16
GCAACGTGAGTGCCTGTGCG_008,115
GCAACGTGAGTGCCTGTGCG_009,82
GCAACGTGAGTGCCTGTGCG_010,115
GCAACGTGAGTGCCTGTGCG_011,112
GCAACGTGAGTGCCTGTGCG_012,115
GCAACGTGAGTGCCTGTGCG_013,9
GCAACGTGAGTGCCTGTGCG_014,121
GCAACGTGAGTGCCTGTGCG_015,144
GCAACGTGAGTGCCTGTGCG_016,30
GCAACGTGAGTGCCTGTGCG_017,197
GCAACGTGAGTGCCTGTGCG_018,177
GCAACGTGAGTGCCTGTGCG_019,121
CTTCGTTATGCTGCACACAG_001,3
CTTCGTTATGCTGCACACAG_002,137
CTTCGTTATGCTGCACACAG_003,134
CTTCGTTATGCTGCACACAG_004,182
CTTCGTTATGCTGCACACAG_005,198
CTTCGTTATGCTGCACACAG_006,97
CTTCGTTATGCTGCACACAG_007,185
CTTCGTTATGCTGCACACAG_008,105
CTTCGTTATGCTGCACACAG_009,50
CTTCGTTATGCTGCACACAG_010,104
CTTCGTTATGCTGCACACAG_011,48
CTTCGTTATGCTGCACACAG_012,62
CTTCGTTATGCTGCACACAG_013,28
CTTCGTTATGCTGCACACAG_014,129
GATCAAACACGGCGTCATGG_001,1
GATCAAACACGGCGTCATGG_002,172
GATCAAACACGGCGTCATGG_003,29
GATCAAACACGGCGTCATGG_004,29
GATCAAACACGGCGTCATGG_005,170
GATCAAACACGGCGTCATGG_006,94
GATCAAACACGGCGTCATGG_007,122
GATCAAACACGGCGTCATGG_008,15
GATCAAACACGGCGTCATGG_009,81
GATCAAACACGGCGTCATGG_010,34
GATCAAACACGGCGTCATGG_011,131
GATCAAACACGGCGTCATGG_012,28
GATCAAACACGGCGTCATGG_013,168
GATCAAACACGGCGTCATGG_014,138
GATCAAACACGGCGTCATGG_015,27
GATCAAACACGGCGTCATGG_016,10
GATCAAACACGGCGTCATGG_017,20
GATCAAACACGGCGTCATGG_018,13
GATCAAACACGGCGTCATGG_019,176
GATCAAACACGGCGTCATGG_020,186
GATCAAACACGGCGTCATGG_021,197
GTTAGGAGTCGGCTTTATGT_001,66
GTTAGGAGTCGGCTTTATGT_002,108
GTTAGGAGTCGGCTTTATGT_003,114
AATTCTAGAACCCAAAACAA_001,0
AATTCTAGAACCCAAAACAA_002,170
AATTCTAGAACCCAAAACAA_003,191
AATTCTAGAACCCAAAACAA_004,131
GACGCCCCGCTTCACCACAA_001,132
GACGCCCCGCTTCACCACAA_002,53
GACGCCCCGCTTCACCACAA_003,171
GACGCCCCGCTTCACCACAA_004,60
GACGCCCCGCTTCACCACAA_005,64
GACGCCCCGCTTCACCACAA_006,29
GACGCCCCGCTTCACCACAA_007,49
GACGCCCCGCTTCACCACAA_008,170
GACGCCCCGCTTCACCACAA_009,34
GACGCCCCGCTTCACCACAA_010,22
GACGCCCCGCTTCACCACAA_011,39
GACGCCCCGCTTCACCACAA_012,44
GACGCCCCGCTTCACCACAA_013,0
GACGCCCCGCTTCACCACAA_014,159
GACGCCCCGCTTCACCACAA_015,171
GACGCCCCGCTTCACCACAA_016,29
GACGCCCCGCTTCACCACAA_017,162
GACGCCCCGCTTCACCACAA_018,181
GACGCCCCGCTTCACCACAA_019,144
GACGCCCCGCTTCACCACAA_020,34
GACGCCCCGCTTCACCACAA_021,117
GACGCCCCGCTTCACCACAA_022,192
GACGCCCCGCTTCACCACAA_023,130
GACGCCCCGCTTCACCACAA_024,179
GACGCCCCGCTTCACCACAA_025,28
GACGCCCCGCTTCACCACAA_026,113
GACGCCCCGCTTCACCACAA_027,85
GACGCCCCGCTTCACCACAA_028,123
GACGCCCCGCTTCACCACAA_029,48
GACGCCCCGCTTCACCACAA_030,184
GACGCCCCGCTTCACCACAA_031,69
GACGCCCCGCTTCACCACAA_032,40
GACGCCCCGCTTCACCACAA_033,147
GACGCCCCGCTTCACCACAA_034,99
GACGCCCCGCTTCACCACAA_035,160
GACGCCCCGCTTCACCACAA_036,192
GACGCCCCGCTTCACCACAA_037,50
GACGCCCCGCTTCACCACAA_038,150
GACGCCCCGCTTCACCACAA_039,94
GAAAGAAGGAATCAGAACCC_001,151
CCTGACCTGATAATGCTCGG_001,52
CCTGACCTGATAATGCTCGG_002,12
GCTATAGCTGGTCATCACTA_001,56
GCTATAGCTGGTCATCACTA_002,141
GCTATAGCTGGTCATCACTA_003,53
GCTATAGCTGGTCATCACTA_004,102
GCTATAGCTGGTCATCACTA_005,83
GCTATAGCTGGTCATCACTA_006,82
GCAAAAACCACACCAACTGG_001,81
GCAAAAACCACACCAACTGG_002,15
GCAAAAACCACACCAACTGG_003,147
GCAAAAACCACACCAACTGG_004,15
GCAAAAACCACACCAACTGG_005,187
GCAAAAACCACACCAACTGG_006,185
GCAAAAACCACACCAACTGG_007,30
GCAAAAACCACACCAACTGG_008,198
GCAAAAACCACACCAACTGG_009,146
GCAAAAACCACACCAACTGG_010,174
GCAAAAACCACACCAACTGG_011,8
GCAAAAACCACACCAACTGG_012,25
GCAAAAACCACACCAACTGG_013,138
GCAAAAACCACACCAACTGG_014,189
GCAAAAACCACACCAACTGG_015,60
GCAAAAACCACACCAACTGG_016,175
GCAAAAACCACACCAACTGG_017,63
GCAAAAACCACACCAACTGG_018,168
GCAAAAACCACACCAACTGG_019,152
GCAAAAACCACACCAACTGG_020,107
GCAAAAACCACACCAACTGG_021,149
GCAAAAACCACACCAACTGG_022,39
TCTTATAGAGAAGCTCGCAG_001,147
TCTTATAGAGAAGCTCGCAG_002,187
TCTTATAGAGAAGCTCGCAG_003,194
TCTTATAGAGAAGCTCGCAG_004,104
TCTTATAGAGAAGCTCGCAG_005,58
TCTTATAGAGAAGCTCGCAG_006,184
TCTTATAGAGAAGCTCGCAG_007,198
TCTTATAGAGAAGCTCGCAG_008,17
TCTTATAGAGAAGCTCGCAG_009,129
GGGATCTTCTGGAGTTACCT_001,9
GGGATCTTCTGGAGTTACCT_002,94
GGGATCTTCTGGAGTTACCT_003,149
GGGATCTTCTGGAGTTACCT_004,169
GGGATCTTCTGGAGTTACCT_005,127
GGGATCTTCTGGAGTTACCT_006,152
GGTTCAGAAACAAATCGAGT_001,169
GGTTCAGAAACAAATCGAGT_002,171
GGTTCAGAAACAAATCGAGT_003,37
GGTTCAGAAACAAATCGAGT_004,155
AACAGGAATATAAGCCACGA_001,174
AACAGGAATATAAGCCACGA_002,137
AACAGGAATATAAGCCACGA_003,106
AACAGGAATATAAGCCACGA_004,153
AACAGGAATATAAGCCACGA_005,174
TGAGGTCATGGTCCACGTAG_001,171
TGAGGTCATGGTCCACGTAG_002,7
TGAGGTCATGGTCCACGTAG_003,27
TGAGGTCATGGTCCACGTAG_004,152
TAAACTGCATCGATACTAGG_001,70
TAAACTGCATCGATACTAGG_002,115
TAAACTGCATCGATACTAGG_003,28
GCCGCACAATAGAACTCCTG_001,121
GCCGCACAATAGAACTCCTG_002,19
GCCGCACAATAGAACTCCTG_003,108
GCCGCACAATAGAACTCCTG_004,51
GCCGCACAATAGAACTCCTG_005,122
GCCGCACAATAGAACTCCTG_006,101
GCCGCACAATAGAACTCCTG_007,91
GCCGCACAATAGAACTCCTG_008,130
GCCGCACAATAGAACTCCTG_009,130
GCCGCACAATAGAACTCCTG_010,39
GCCGCACAATAGAACTCCTG_011,121
TCTGCCCAGGAATTACTGCG_001,62
TCTGCCCAGGAATTACTGCG_002,1
TCTGCCCAGGAATTACTGCG_003,181
TCTGCCCAGGAATTACTGCG_004,103
TCTGCCCAGGAATTACTGCG_005,81
TCTGCCCAGGAATTACTGCG_006,7
TCTGCCCAGGAATTACTGCG_007,8
TCTGCCCAGGAATTACTGCG_008,3
TCTGCCCAGGAATTACTGCG_009,173
TCTGCCCAGGAATTACTGCG_010,116
TCTGCCCAGGAATTACTGCG_011,105
TCTGCCCAGGAATTACTGCG_012,145
TCTGCCCAGGAATTACTGCG_013,44
CAGCTCCAGCGATTCGGACA_001,48
CAGCTCCAGCGATTCGGACA_002,62
CAGCTCCAGCGATTCGGACA_003,44
CAGCTCCAGCGATTCGGACA_004,125
CTTGATTGTCCGGGACCGGT_001,57
CTTGATTGTCCGGGACCGGT_002,104
CTTGATTGTCCGGGACCGGT_003,170
CTTGATTGTCCGGGACCGGT_004,41
CTTGATTGTCCGGGACCGGT_005,1
CTTGATTGTCCGGGACCGGT_006,6
GGAGAACTACCGCAAGCGAG_001,21
GGAGAACTACCGCAAGCGAG_002,96
GGAGAACTACCGCAAGCGAG_003,150
GGAGAACTACCGCAAGCGAG_004,158
GGAGAACTACCGCAAGCGAG_005,55
GGAGAACTACCGCAAGCGAG_006,66
GGAGAACTACCGCAAGCGAG_007,175
GGAGAACTACCGCAAGCGAG_008,5
GGAGAACTACCGCAAGCGAG_009,105
GGAGAACTACCGCAAGCGAG_010,129
GGAGAACTACCGCAAGCGAG_011,158
GGAGAACTACCGCAAGCGAG_012,27
GGAGAACTACCGCAAGCGAG_013,46
GGAGAACTACCGCAAGCGAG_014,144
GGAGAACTACCGCAAGCGAG_015,77
GGAGAACTACCGCAAGCGAG_016,15
GGAGAACTACCGCAAGCGAG_017,27
GGAGAACTACCGCAAGCGAG_018,52
CAGGGTGACATCACTGTACG_001,160
CAGGGTGACATCACTGTACG_002,145
CAGGGTGACATCACTGTACG_003,35
CAGGGTGACATCACTGTACG_004,68
CAGGGTGACATCACTGTACG_005,63
CAGGGTGACATCACTGTACG_006,155
CAGGGTGACATCACTGTACG_007,160
CAGGGTGACATCACTGTACG_008,118
CAGGGTGACATCACTGTACG_009,43
AAAGACGGCTCTAACAAGTC_001,171
AAAGACGGCTCTAACAAGTC_002,111
AAAGACGGCTCTAACAAGTC_003,60
AAAGACGGCTCTAACAAGTC_004,15
AAAGACGGCTCTAACAAGTC_005,57
AAAGACGGCTCTAACAAGTC_006,119
AAAGACGGCTCTAACAAGTC_007,125
GGCCATCATGAATGGCCATG_001,23
GGCCATCATGAATGGCCATG_002,133
CAAGATCTTCAAAATCCAGG_001,35
CAAGATCTTCAAAATCCAGG_002,123
CAAGATCTTCAAAATCCAGG_003,2
CAAGATCTTCAAAATCCAGG_004,93
CAAGATCTTCAAAATCCAGG_005,158
CAAGATCTTCAAAATCCAGG_006,138
CAAGATCTTCAAAATCCAGG_007,43
GAGCGTTTGGAGCAGTACTG_001,5
GAGCGTTTGGAGCAGTACTG_002,80
GAGCGTTTGGAGCAGTACTG_003,47
GAGCGTTTGGAGCAGTACTG_004,9
GAGCGTTTGGAGCAGTACTG_005,67
GAGCGTTTGGAGCAGTACTG_006,62
GAGCGTTTGGAGCAGTACTG_007,134
GAGCGTTTGGAGCAGTACTG_008,140
GAGCGTTTGGAGCAGTACTG_009,154
GAGCGTTTGGAGCAGTACTG_010,172
GAGCGTTTGGAGCAGTACTG_011,43
GAGCGTTTGGAGCAGTACTG_012,78
GAGCGTTTGGAGCAGTACTG_013,67
GAGCGTTTGGAGCAGTACTG_014,75
AGTGCTTAGTCTGAGAGAAG_001,4
AGTGCTTAGTCTGAGAGAAG_002,172
AGTGCTTAGTCTGAGAGAAG_003,117
AGTGCTTAGTCTGAGAGAAG_004,57
AGTGCTTAGTCTGAGAGAAG_005,88
AGTGCTTAGTCTGAGAGAAG_006,15
AGTGCTTAGTCTGAGAGAAG_007,50
AGTGCTTAGTCTGAGAGAAG_008,15
AGTGCTTAGTCTGAGAGAAG_009,127
AGTGCTTAGTCTGAGAGAAG_010,0
AGTGCTTAGTCTGAGAGAAG_011,195
AGTGCTTAGTCTGAGAGAAG_012,77
AGTGCTTAGTCTGAGAGAAG_013,191
AGTGCTTAGTCTGAGAGAAG_014,48
AGTGCTTAGTCTGAGAGAAG_015,190
GTGAGCCAGCTCCTTCGGCG_001,83
GTGAGCCAGCTCCTTCGGCG_002,174
GTGAGCCAGCTCCTTCGGCG_003,163
TGTCGGGAGTCATGCTGACG_001,106
TGTCGGGAGTCATGCTGACG_002,47
TGTCGGGAGTCATGCTGACG_003,41
TGTCGGGAGTCATGCTGACG_004,196
TGTCGGGAGTCATGCTGACG_005,125
TGTCGGGAGTCATGCTGACG_006,87
TGTCGGGAGTCATGCTGACG_007,19
TGTCGGGAGTCATGCTGACG_008,74
TGTCGGGAGTCATGCTGACG_009,157
TGTCGGGAGTCATGCTGACG_010,161
TGTCGGGAGTCATGCTGACG_011,127
GCCAATCCAGTACCTGCCAG_001,49
GCCAATCCAGTACCTGCCAG_002,47
GCCAATCCAGTACCTGCCAG_003,158
TGTGATCTGATAAGTGACAT_001,133
TGTGATCTGATAAGTGACAT_002,194
TGTGATCTGATAAGTGACAT_003,21
GAAGCCTGAGTATAGGTCAT_001,60
GAAGCCTGAGTATAGGTCAT_002,185
GAAGCCTGAGTATAGGTCAT_003,32
GAAGCCTGAGTATAGGTCAT_004,129
GAAGCCTGAGTATAGGTCAT_005,138
GAAGCCTGAGTATAGGTCAT_006,149
GAAGCCTGAGTATAGGTCAT_007,193
GAAGCCTGAGTATAGGTCAT_008,82
TCTGTCTCCAATCACAGACA_001,41
TCTGTCTCCAATCACAGACA_002,63
TCTGTCTCCAATCACAGACA_003,63
TCTGTCTCCAATCACAGACA_004,168
GGTCCCAGAGGGCACATGAG_001,43
GGTCCCAGAGGGCACATGAG_002,27
GGTCCCAGAGGGCACATGAG_003,184
GGTCCCAGAGGGCACATGAG_004,79
GGTCCCAGAGGGCACATGAG_005,2
GGTCCCAGAGGGCACATGAG_006,169
GGTCCCAGAGGGCACATGAG_007,146
GGTCCCAGAGGGCACATGAG_008,98
GGTCCCAGAGGGCACATGAG_009,51
GGTCCCAGAGGGCACATGAG_010,102
GGTCCCAGAGGGCACATGAG_011,174
GGTCCCAGAGGGCACATGAG_012,67
GGTCCCAGAGGGCACATGAG_013,145
GGTCCCAGAGGGCACATGAG_014,187
AGAACTCTGTGGATACTCAT_001,57
AGAACTCTGTGGATACTCAT_002,51
AGAACTCTGTGGATACTCAT_003,65
AGAACTCTGTGGATACTCAT_004,85
AGAACTCTGTGGATACTCAT_005,197
AGAACTCTGTGGATACTCAT_006,83
AGAACTCTGTGGATACTCAT_007,177
AGAACTCTGTGGATACTCAT_008,20
AGAACTCTGTGGATACTCAT_009,169
AGAACTCTGTGGATACTCAT_010,40
GTGTTACAATAGCTGGATGA_001,184
AGACAAACACAACCGAAGTG_001,28
AGACAAACACAACCGAAGTG_002,181
AGACAAACACAACCGAAGTG_003,108
AGACAAACACAACCGAAGTG_004,48
AGACAAACACAACCGAAGTG_005,63
AGACAAACACAACCGAAGTG_006,175
AGACAAACACAACCGAAGTG_007,82
AGACAAACACAACCGAAGTG_008,14
AGACAAACACAACCGAAGTG_009,144
AGACAAACACAACCGAAGTG_010,158
AGACAAACACAACCGAAGTG_011,37
AGACAAACACAACCGAAGTG_012,0
AGACAAACACAACCGAAGTG_013,163
AGACAAACACAACCGAAGTG_014,16
AGACAAACACAACCGAAGTG_015,169
AGACAAACACAACCGAAGTG_016,94
AGACAAACACAACCGAAGTG_017,136
TATGTACAATGAAGGCTGAA_001,105
TATGTACAATGAAGGCTGAA_002,155
TATGTACAATGAAGGCTGAA_003,170
TATGTACAATGAAGGCTGAA_004,60
TATGTACAATGAAGGCTGAA_005,10
CAAGTGACAGAAAGTGACCT_001,160
CAAGTGACAGAAAGTGACCT_002,105
CAAGTGACAGAAAGTGACCT_003,88
CAAGTGACAGAAAGTGACCT_004,104
CAAGTGACAGAAAGTGACCT_005,4
CAAGTGACAGAAAGTGACCT_006,191
CAAGTGACAGAAAGTGACCT_007,171
CAAGTGACAGAAAGTGACCT_008,110
CAAGTGACAGAAAGTGACCT_009,53
CAAGTGACAGAAAGTGACCT_010,194
CAAGTGACAGAAAGTGACCT_011,47
CAAGTGACAGAAAGTGACCT_012,199
CAAGTGACAGAAAGTGACCT_013,20
CAAGTGACAGAAAGTGACCT_014,25
CAAGTGACAGAAAGTGACCT_015,91
CAAGTGACAGAAAGTGACCT_016,168
CAAGTGACAGAAAGTGACCT_017,141
TTCTGCCTGGCTATTGAGTG_001,34
TTCTGCCTGGCTATTGAGTG_002,42
TTCTGCCTGGCTATTGAGTG_003,9
TTCTGCCTGGCTATTGAGTG_004,46
TTCTGCCTGGCTATTGAGTG_005,188
TGTTTCGAATCCCCGGACGC_001,168
TGTTTCGAATCCCCGGACGC_002,163
TGTTTCGAATCCCCGGACGC_003,169
TGTTTCGAATCCCCGGACGC_004,150
TGTTTCGAATCCCCGGACGC_005,48
CATGGTCTTGGGTTGTGACG_001,114
CATGGTCTTGGGTTGTGACG_002,56
CATGGTCTTGGGTTGTGACG_003,159
CATGGTCTTGGGTTGTGACG_004,13
CCTGAGCCACAACCAGCTGT_001,44
CCTGAGCCACAACCAGCTGT_002,48
CCTGAGCCACAACCAGCTGT_003,176
CCTGAGCCACAACCAGCTGT_004,144
CCTGAGCCACAACCAGCTGT_005,128
CCTGAGCCACAACCAGCTGT_006,9
CCTGAGCCACAACCAGCTGT_007,113
CCTGAGCCACAACCAGCTGT_008,105
CCTGAGCCACAACCAGCTGT_009,78
CCTGAGCCACAACCAGCTGT_010,190
CCTGAGCCACAACCAGCTGT_011,94
CCTGAGCCACAACCAGCTGT_012,156
GCTCCGGAGAGTTATTGAAG_001,51
GCTCCGGAGAGTTATTGAAG_002,193
GCTCCGGAGAGTTATTGAAG_003,166
GCTCCGGAGAGTTATTGAAG_004,166
GCTCCGGAGAGTTATTGAAG_005,75
GCTCCGGAGAGTTATTGAAG_006,76
GCTCCGGAGAGTTATTGAAG_007,176
GCTCCGGAGAGTTATTGAAG_008,98
GCTCCGGAGAGTTATTGAAG_009,60
CAATTGATAAGGCGCCAAAG_001,73
CAATTGATAAGGCGCCAAAG_002,92
CAATTGATAAGGCGCCAAAG_003,145
CAATTGATAAGGCGCCAAAG_004,27
CAGTAGAAGAGGGTCAAGGG_001,2
CAGTAGAAGAGGGTCAAGGG_002,130
CAGTAGAAGAGGGTCAAGGG_003,110
CAGTAGAAGAGGGTCAAGGG_004,168
CAGTAGAAGAGGGTCAAGGG_005,169
CAGTAGAAGAGGGTCAAGGG_006,43
CAGTAGAAGAGGGTCAAGGG_007,88
CAGTAGAAGAGGGTCAAGGG_008,177
CAGTAGAAGAGGGTCAAGGG_009,150
CCCCGCGATCACCAACGGGT_001,198
CCCCGCGATCACCAACGGGT_002,5
CCCCGCGATCACCAACGGGT_003,115
CCCCGCGATCACCAACGGGT_004,55
CCCCGCGATCACCAACGGGT_005,84
CCCCGCGATCACCAACGGGT_006,31
CCCCGCGATCACCAACGGGT_007,38
CCCCGCGATCACCAACGGGT_008,162
CCCCGCGATCACCAACGGGT_009,124
CCCCGCGATCACCAACGGGT_010,82
CCCCGCGATCACCAACGGGT_011,98
CCCCGCGATCACCAACGGGT_012,140
CCCCGCGATCACCAACGGGT_013,165
CCCCGCGATCACCAACGGGT_014,132
CCCCGCGATCACCAACGGGT_015,49
CCCCGCGATCACCAACGGGT_016,149
CCCCGCGATCACCAACGGGT_017,148
CCCCGCGATCACCAACGGGT_018,57
CCCCGCGATCACCAACGGGT_019,126
CCCCGCGATCACCAACGGGT_020,40
TCACAGATGTTCCTTGACTG_001,9
TCACAGATGTTCCTTGACTG_002,53
TCACAGATGTTCCTTGACTG_003,176
TCACAGATGTTCCTTGACTG_004,157
TCACAGATGTTCCTTGACTG_005,59
TCACAGATGTTCCTTGACTG_006,147
GGGGTACGGATACAGAGGAG_001,70
TAGTTGGGCCTTCTGAAAGC_001,67
TAGTTGGGCCTTCTGAAAGC_002,50
TAGTTGGGCCTTCTGAAAGC_003,29
TAGTTGGGCCTTCTGAAAGC_004,145
TACAGCTTTCGAGGCTACCA_001,70
TACAGCTTTCGAGGCTACCA_002,162
TACAGCTTTCGAGGCTACCA_003,105
TACAGCTTTCGAGGCTACCA_004,74
TACAGCTTTCGAGGCTACCA_005,184
GTTGGACACCAACATAACTG_001,59
GTTGGACACCAACATAACTG_002,57
GTTGGACACCAACATAACTG_003,112
GTTGGACACCAACATAACTG_004,52
GTTGGACACCAACATAACTG_005,2
GTTGGACACCAACATAACTG_006,121
GTTGGACACCAACATAACTG_007,171
GTTGGACACCAACATAACTG_008,105
GTTGGACACCAACATAACTG_009,163
GTTGGACACCAACATAACTG_010,134
GTTGGACACCAACATAACTG_011,28
GTTGGACACCAACATAACTG_012,7
GTAACCAAAGCTGATTGACT_001,82
GTAACCAAAGCTGATTGACT_002,70
GTAACCAAAGCTGATTGACT_003,174
GTAACCAAAGCTGATTGACT_004,130
GTAACCAAAGCTGATTGACT_005,60
GTAACCAAAGCTGATTGACT_006,152
GTAACCAAAGCTGATTGACT_007,159
GTAACCAAAGCTGATTGACT_008,174
GTAACCAAAGCTGATTGACT_009,158
GTAACCAAAGCTGATTGACT_010,53
GTAACCAAAGCTGATTGACT_011,121
GTAACCAAAGCTGATTGACT_012,20
GTAACCAAAGCTGATTGACT_013,83
GTAACCAAAGCTGATTGACT_014,144
GTAACCAAAGCTGATTGACT_015,168
GTAACCAAAGCTGATTGACT_016,19
GTAACCAAAGCTGATTGACT_017,52
GTAACCAAAGCTGATTGACT_018,198
GTAACCAAAGCTGATTGACT_019,103
AGCCAATGAGAATCTTTGTG_001,115
AGCCAATGAGAATCTTTGTG_002,98
AGCCAATGAGAATCTTTGTG_003,35
AGCCAATGAGAATCTTTGTG_004,138
AGCCAATGAGAATCTTTGTG_005,60
AGCCAATGAGAATCTTTGTG_006,2
AGCCAATGAGAATCTTTGTG_007,130
AGCCAATGAGAATCTTTGTG_008,18
ATGACAGCTGAACCGCCTAA_001,42
ATGACAGCTGAACCGCCTAA_002,33
ATGACAGCTGAACCGCCTAA_003,181
ATGACAGCTGAACCGCCTAA_004,100
ATGACAGCTGAACCGCCTAA_005,78
ATGACAGCTGAACCGCCTAA_006,28
AGAAGGCAGCTACTAGCACG_001,151
AGAAGGCAGCTACTAGCACG_002,94
AGAAGGCAGCTACTAGCACG_003,57
AGAAGGCAGCTACTAGCACG_004,141
AGAAGGCAGCTACTAGCACG_005,83
AGAAGGCAGCTACTAGCACG_006,127
AGAAGGCAGCTACTAGCACG_007,32
ACAGAGTCTACTAGATGACT_001,68
AGTCGCTGAGGACTCACTGG_001,126
AGTCGCTGAGGACTCACTGG_002,80
AGTCGCTGAGGACTCACTGG_003,124
AGTCGCTGAGGACTCACTGG_004,75
AGTCGCTGAGGACTCACTGG_005,81
AGTCGCTGAGGACTCACTGG_006,115
AGTCGCTGAGGACTCACTGG_007,99
AGTCGCTGAGGACTCACTGG_008,65
AGTCGCTGAGGACTCACTGG_009,14
AGTCGCTGAGGACTCACTGG_010,24
AGTCGCTGAGGACTCACTGG_011,136
AGTCGCTGAGGACTCACTGG_012,176
AGTCGCTGAGGACTCACTGG_013,29
AGTCGCTGAGGACTCACTGG_014,177
GAACATCGACTTCAGCAACG_001,151
GAACATCGACTTCAGCAACG_002,70
GAACATCGACTTCAGCAACG_003,0
GAACATCGACTTCAGCAACG_004,42
GAACATCGACTTCAGCAACG_005,161
GAACATCGACTTCAGCAACG_006,184
GAACATCGACTTCAGCAACG_007,175
GAACATCGACTTCAGCAACG_008,145
GAACATCGACTTCAGCAACG_009,199
GAACATCGACTTCAGCAACG_010,174
GAACATCGACTTCAGCAACG_011,35
CTGCGTGTCACCCCAGTCGG_001,41
CTGCGTGTCACCCCAGTCGG_002,16
CTGCGTGTCACCCCAGTCGG_003,17
CTGCGTGTCACCCCAGTCGG_004,97
CTGCGTGTCACCCCAGTCGG_005,13
CTGCGTGTCACCCCAGTCGG_006,85
CTGCGTGTCACCCCAGTCGG_007,179
CTGCGTGTCACCCCAGTCGG_008,175
CTGCGTGTCACCCCAGTCGG_009,63
CTGCGTGTCACCCCAGTCGG_010,174
CCGCTTCCACGAGATGCACG_001,158
CCGCTTCCACGAGATGCACG_002,43
CCGCTTCCACGAGATGCACG_003,83
CCGCTTCCACGAGATGCACG_004,175
CCGCTTCCACGAGATGCACG_005,94
CCGCTTCCACGAGATGCACG_006,38
CCGCTTCCACGAGATGCACG_007,172
CCGCTTCCACGAGATGCACG_008,19
CCGCTTCCACGAGATGCACG_009,176
CCGCTTCCACGAGATGCACG_010,128
CCGCTTCCACGAGATGCACG_011,56
TCATCAAGATGTGGTCAGCG_001,149
TCATCAAGATGTGGTCAGCG_002,75
TCATCAAGATGTGGTCAGCG_003,125
TCATCAAGATGTGGTCAGCG_004,116
TCATCAAGATGTGGTCAGCG_005,59
TCATCAAGATGTGGTCAGCG_006,48
TCATCAAGATGTGGTCAGCG_007,199
TCATCAAGATGTGGTCAGCG_008,152
AAAGACAGACCACATGCCAG_001,78
AAAGACAGACCACATGCCAG_002,115
AAAGACAGACCACATGCCAG_003,157
AAAGACAGACCACATGCCAG_004,4
AAAGACAGACCACATGCCAG_005,148
AAAGACAGACCACATGCCAG_006,131
AAAGACAGACCACATGCCAG_007,186
AAAGACAGACCACATGCCAG_008,9
AAAGACAGACCACATGCCAG_009,90
AAAGACAGACCACATGCCAG_010,183
AAAGACAGACCACATGCCAG_011,63
TAGTATCTCACCTTGGAACG_001,156
TAGTATCTCACCTTGGAACG_002,28
GGATGCATAGAAAATAGGGT_001,169
GGATGCATAGAAAATAGGGT_002,124
TCTTTCCGGAGGACTCGCTG_001,148
TCTTTCCGGAGGACTCGCTG_002,176
TCTTTCCGGAGGACTCGCTG_003,3
TCTTTCCGGAGGACTCGCTG_004,188
TCTTTCCGGAGGACTCGCTG_005,54
TCTTTCCGGAGGACTCGCTG_006,70
ACAAATCTTCTGCATGTCGG_001,95
ACAAATCTTCTGCATGTCGG_002,183
ACAAATCTTCTGCATGTCGG_003,86
ACAAATCTTCTGCATGTCGG_004,122
CACCGCTTTGGTGATGAGCG_001,70
CACCGCTTTGGTGATGAGCG_002,183
CACCGCTTTGGTGATGAGCG_003,118
CACCGCTTTGGTGATGAGCG_004,129
CACCGCTTTGGTGATGAGCG_005,52
CACCGCTTTGGTGATGAGCG_006,33
CACCGCTTTGGTGATGAGCG_007,154
CACCGCTTTGGTGATGAGCG_008,141
CACCGCTTTGGTGATGAGCG_009,160
CACCGCTTTGGTGATGAGCG_010,82
CACCGCTTTGGTGATGAGCG_011,41
CACCGCTTTGGTGATGAGCG_012,140
CACCGCTTTGGTGATGAGCG_013,44
CACCGCTTTGGTGATGAGCG_014,64
CACCGCTTTGGTGATGAGCG_015,78
CACCGCTTTGGTGATGAGCG_016,150
CACCGCTTTGGTGATGAGCG_017,8
CACCGCTTTGGTGATGAGCG_018,188
CACCGCTTTGGTGATGAGCG_019,145
CACCGCTTTGGTGATGAGCG_020,141
CACCGCTTTGGTGATGAGCG_021,176
CACCGCTTTGGTGATGAGCG_022,168
CACCGCTTTGGTGATGAGCG_023,84
CACCGCTTTGGTGATGAGCG_024,48
CACCGCTTTGGTGATGAGCG_025,168
GTGGCTAGGAGACTCCATGG_001,65
GTGGCTAGGAGACTCCATGG_002,115
GTGGCTAGGAGACTCCATGG_003,130
TAGCACCCAACCCGGCCGAG_001,60
TAGCACCCAACCCGGCCGAG_002,34
TAGCACCCAACCCGGCCGAG_003,153
TAGCACCCAACCCGGCCGAG_004,56
TAGCACCCAACCCGGCCGAG_005,63
TAGCACCCAACCCGGCCGAG_006,7
TAGCACCCAACCCGGCCGAG_007,67
TAGCACCCAACCCGGCCGAG_008,42
TAGCACCCAACCCGGCCGAG_009,172
TAGCACCCAACCCGGCCGAG_010,187
TAGCACCCAACCCGGCCGAG_011,140
TAGCACCCAACCCGGCCGAG_012,68
TAGCACCCAACCCGGCCGAG_013,53
TAGCACCCAACCCGGCCGAG_014,150
TAGCACCCAACCCGGCCGAG_015,184
TAGCACCCAACCCGGCCGAG_016,175
TAGCACCCAACCCGGCCGAG_017,170
TAGCACCCAACCCGGCCGAG_018,107
TAGCACCCAACCCGGCCGAG_019,11
TAGCACCCAACCCGGCCGAG_020,192
TAGCACCCAACCCGGCCGAG_021,146
TAGCACCCAACCCGGCCGAG_022,77
TAGCACCCAACCCGGCCGAG_023,199
TAGCACCCAACCCGGCCGAG_024,111
TAGCACCCAACCCGGCCGAG_025,111
TAGCACCCAACCCGGCCGAG_026,116
TAGCACCCAACCCGGCCGAG_027,94
TAGCACCCAACCCGGCCGAG_028,184
TAGCACCCAACCCGGCCGAG_029,102
TAGCACCCAACCCGGCCGAG_030,128
TAGCACCCAACCCGGCCGAG_031,78
TAGCACCCAACCCGGCCGAG_032,15
TAGCACCCAACCCGGCCGAG_033,15
TAGCACCCAACCCGGCCGAG_034,160
TAGCACCCAACCCGGCCGAG_035,57
TAGCACCCAACCCGGCCGAG_036,91
TAGCACCCAACCCGGCCGAG_037,34
TAGCACCCAACCCGGCCGAG_038,50
TAGCACCCAACCCGGCCGAG_039,37
TAGCACCCAACCCGGCCGAG_040,106
TAGCACCCAACCCGGCCGAG_041,172
TAGCACCCAACCCGGCCGAG_042,147
AAACCCATATAGAGGGCGCT_001,146
AAACCCATATAGAGGGCGCT_002,145
AAACCCATATAGAGGGCGCT_003,196
AAACCCATATAGAGGGCGCT_004,188
AAACCCATATAGAGGGCGCT_005,184
AAACCCATATAGAGGGCGCT_006,148
AAACCCATATAGAGGGCGCT_007,50
AAACCCATATAGAGGGCGCT_008,135
AAACCCATATAGAGGGCGCT_009,41
AAACCCATATAGAGGGCGCT_010,23
AAACCCATATAGAGGGCGCT_011,121
AAACCCATATAGAGGGCGCT_012,28
AAACCCATATAGAGGGCGCT_013,2
AAACCCATATAGAGGGCGCT_014,32
AAACCCATATAGAGGGCGCT_015,30
AAACCCATATAGAGGGCGCT_016,97
AAACCCATATAGAGGGCGCT_017,140
AAACCCATATAGAGGGCGCT_018,108
AAACCCATATAGAGGGCGCT_019,63
TGACATTCACCAGCGAGATG_001,67
TCCCTGCATTCATGGTTTTA_001,17
TCCCTGCATTCATGGTTTTA_002,127
TCCCTGCATTCATGGTTTTA_003,78
TCCCTGCATTCATGGTTTTA_004,78
TCCCTGCATTCATGGTTTTA_005,127
TCCCTGCATTCATGGTTTTA_006,145
TCCCTGCATTCATGGTTTTA_007,17
ATCATTAGCTCAACACTCGG_001,134
ATCATTAGCTCAACACTCGG_002,81
ATCATTAGCTCAACACTCGG_003,52
ATCATTAGCTCAACACTCGG_004,34
ATCATTAGCTCAACACTCGG_005,108
ATCATTAGCTCAACACTCGG_006,69
ATCATTAGCTCAACACTCGG_007,197
ATCATTAGCTCAACACTCGG_008,34
ATCATTAGCTCAACACTCGG_009,136
ATCATTAGCTCAACACTCGG_010,194
ATCATTAGCTCAACACTCGG_011,99
ATCATTAGCTCAACACTCGG_012,42
ATCATTAGCTCAACACTCGG_013,92
ATCATTAGCTCAACACTCGG_014,34
ATCATTAGCTCAACACTCGG_015,34
CGTTCGTAGAATCAGCTCTG_001,30
CGTTCGTAGAATCAGCTCTG_002,32
CGTTCGTAGAATCAGCTCTG_003,118
TCTGGCTGCGGCTACTCCGG_001,168
TCTGGCTGCGGCTACTCCGG_002,126
TCTGGCTGCGGCTACTCCGG_003,123
TCTGGCTGCGGCTACTCCGG_004,105
TCTGGCTGCGGCTACTCCGG_005,166
TCTGGCTGCGGCTACTCCGG_006,12
TCTGGCTGCGGCTACTCCGG_007,86
TCTGGCTGCGGCTACTCCGG_008,54
TCTGGCTGCGGCTACTCCGG_009,118
TCTGGCTGCGGCTACTCCGG_010,67
ACTCCAATGCCCCACAACAA_001,186
ACTCCAATGCCCCACAACAA_002,157
ACTCCAATGCCCCACAACAA_003,198
ACTCCAATGCCCCACAACAA_004,155
ACTCCAATGCCCCACAACAA_005,183
ACTCCAATGCCCCACAACAA_006,28
AGACCTCTGCCATACACTCA_001,69
AGACCTCTGCCATACACTCA_002,169
AGACCTCTGCCATACACTCA_003,146
GACCGGGGCTCAGGTTACTG_001,78
GACCGGGGCTCAGGTTACTG_002,170
GACCGGGGCTCAGGTTACTG_003,78
GACCGGGGCTCAGGTTACTG_004,91
GACCGGGGCTCAGGTTACTG_005,48
GACCGGGGCTCAGGTTACTG_006,16
GACCGGGGCTCAGGTTACTG_007,54
GACCGGGGCTCAGGTTACTG_008,135
GACCGGGGCTCAGGTTACTG_009,117
GACCGGGGCTCAGGTTACTG_010,2
GACCGGGGCTCAGGTTACTG_011,116
GAAAGTTATGAATTTCACTG_001,149
GAAAGTTATGAATTTCACTG_002,44
GAAAGTTATGAATTTCACTG_003,81
GAAAGTTATGAATTTCACTG_004,37
GAAAGTTATGAATTTCACTG_005,88
GAAAGTTATGAATTTCACTG_006,60
GAAAGTTATGAATTTCACTG_007,59
GAAAGTTATGAATTTCACTG_008,72
CGTGTCAGGACGCATCGTGT_001,60
CGTGTCAGGACGCATCGTGT_002,151
CGTGTCAGGACGCATCGTGT_003,194
TAAACAGAGATGATCGACAG_001,77
TAAACAGAGATGATCGACAG_002,13
TAAACAGAGATGATCGACAG_003,152
TAAACAGAGATGATCGACAG_004,158
TAAACAGAGATGATCGACAG_005,144
TAAACAGAGATGATCGACAG_006,197
TAAACAGAGATGATCGACAG_007,82
TAAACAGAGATGATCGACAG_008,150
TAAACAGAGATGATCGACAG_009,69
TAAACAGAGATGATCGACAG_010,20
TAAACAGAGATGATCGACAG_011,182
TAAACAGAGATGATCGACAG_012,106
TAAACAGAGATGATCGACAG_013,12
TAAACAGAGATGATCGACAG_014,12
TAAACAGAGATGATCGACAG_015,186
TAAACAGAGATGATCGACAG_016,85
TAAACAGAGATGATCGACAG_017,10
TAAACAGAGATGATCGACAG_018,27
CAAGTGTACAAGTCAAGACG_001,43
CAAGTGTACAAGTCAAGACG_002,128
CAAGTGTACAAGTCAAGACG_003,120
CAAGTGTACAAGTCAAGACG_004,55
CAAGTGTACAAGTCAAGACG_005,152
AGCCGGTCATTCGTGGACCC_001,149
TAGTTGGCATGAAGTGTACG_001,146
TAGTTGGCATGAAGTGTACG_002,168
TAGTTGGCATGAAGTGTACG_003,168
TAGTTGGCATGAAGTGTACG_004,70
TAGTTGGCATGAAGTGTACG_005,67
TAGTTGGCATGAAGTGTACG_006,111
TAGTTGGCATGAAGTGTACG_007,47
TAGTTGGCATGAAGTGTACG_008,97
TAGTTGGCATGAAGTGTACG_009,22
TAGTTGGCATGAAGTGTACG_010,77
TAGTTGGCATGAAGTGTACG_011,113
AAGGAGCCAGTGACAAGCAG_001,70
AAGGAGCCAGTGACAAGCAG_002,138
AAGGAGCCAGTGACAAGCAG_003,169
AAGGAGCCAGTGACAAGCAG_004,29
AAGGAGCCAGTGACAAGCAG_005,129
AAGGAGCCAGTGACAAGCAG_006,69
AAGGAGCCAGTGACAAGCAG_007,175
AAGGAGCCAGTGACAAGCAG_008,106
CTCCAAGACGTGGATCAAGG_001,17
CTCCAAGACGTGGATCAAGG_002,2
CTCCAAGACGTGGATCAAGG_003,160
CTCCAAGACGTGGATCAAGG_004,169
CTCCAAGACGTGGATCAAGG_005,32
CTCCAAGACGTGGATCAAGG_006,101
CTCCAAGACGTGGATCAAGG_007,3
ACTCCTGACACTAGTCGAAG_001,191
ACTCCTGACACTAGTCGAAG_002,168
ACTCCTGACACTAGTCGAAG_003,100
ACTCCTGACACTAGTCGAAG_004,14
ACTCCTGACACTAGTCGAAG_005,149
ACTCCTGACACTAGTCGAAG_006,4
TATGACAACGGTTTCCCCAC_001,127
TATGACAACGGTTTCCCCAC_002,64
TATGACAACGGTTTCCCCAC_003,0
TATGACAACGGTTTCCCCAC_004,54
TATGACAACGGTTTCCCCAC_005,46
TATGACAACGGTTTCCCCAC_006,41
TATGACAACGGTTTCCCCAC_007,3
TTGGCAGCTTATAATCTGCA_001,52
TTGGGGCACCCACGCAAACG_001,76
TTGGGGCACCCACGCAAACG_002,110
TTGGGGCACCCACGCAAACG_003,96
TTGGGGCACCCACGCAAACG_004,40
GTTGAGTGGAAACTTCACGT_001,25
GTTGAGTGGAAACTTCACGT_002,48
GTTGAGTGGAAACTTCACGT_003,78
GTTGAGTGGAAACTTCACGT_004,188
GTTGAGTGGAAACTTCACGT_005,81
GTTGAGTGGAAACTTCACGT_006,119
GTTGAGTGGAAACTTCACGT_007,145
GTTGAGTGGAAACTTCACGT_008,4
CACTACACTACAATTATGTG_001,166
CACTACACTACAATTATGTG_002,12
GCTGAATTTCCTGCGCTCAG_001,177
GCTGAATTTCCTGCGCTCAG_002,141
GCTGAATTTCCTGCGCTCAG_003,27
GCTGAATTTCCTGCGCTCAG_004,128
GCTGAATTTCCTGCGCTCAG_005,72
GGATTCCAAGCATAAAAGAA_001,172
GGATTCCAAGCATAAAAGAA_002,134
GGATTCCAAGCATAAAAGAA_003,65
GGATTCCAAGCATAAAAGAA_004,148
GGATTCCAAGCATAAAAGAA_005,179
GGATTCCAAGCATAAAAGAA_006,75
GGATTCCAAGCATAAAAGAA_007,173
GGATTCCAAGCATAAAAGAA_008,178
GGATTCCAAGCATAAAAGAA_009,106
GGATTCCAAGCATAAAAGAA_010,36
GGATTCCAAGCATAAAAGAA_011,68
TCAGGACAGAGTAGTTCCAG_001,12
TCAGGACAGAGTAGTTCCAG_002,81
TCAGGACAGAGTAGTTCCAG_003,12
ACACTATCAGTACCAGCGAA_001,0
ACACTATCAGTACCAGCGAA_002,24
ACACTATCAGTACCAGCGAA_003,5
ACACTATCAGTACCAGCGAA_004,156
ACACTATCAGTACCAGCGAA_005,130
ACACTATCAGTACCAGCGAA_006,174
ACACTATCAGTACCAGCGAA_007,43
ACACTATCAGTACCAGCGAA_008,128
ACACTATCAGTACCAGCGAA_009,51
ACACTATCAGTACCAGCGAA_010,115
ACACTATCAGTACCAGCGAA_011,27
ACACTATCAGTACCAGCGAA_012,193
ACACTATCAGTACCAGCGAA_013,78
ACACTATCAGTACCAGCGAA_014,10
ACACTATCAGTACCAGCGAA_015,147
ACACTATCAGTACCAGCGAA_016,72
GAGTACAAGTCTCTCTACCG_001,112
CCAAGAACCTCCATGGTCGG_001,29
CCAAGAACCTCCATGGTCGG_002,145
CCAAGAACCTCCATGGTCGG_003,117
CCAAGAACCTCCATGGTCGG_004,192
CCAAGAACCTCCATGGTCGG_005,165
CCAAGAACCTCCATGGTCGG_006,14
CCAAGAACCTCCATGGTCGG_007,120
CCAAGAACCTCCATGGTCGG_008,42
CCAAGAACCTCCATGGTCGG_009,71
CCAAGAACCTCCATGGTCGG_010,0
CCAAGAACCTCCATGGTCGG_011,8
GTTCCTATACAGAGCCGGCA_001,180
GTTCCTATACAGAGCCGGCA_002,30
GTTCCTATACAGAGCCGGCA_003,31
GTTCCTATACAGAGCCGGCA_004,5
TCCACAGACCATGTCTGCAA_001,97
TCCACAGACCATGTCTGCAA_002,17
TCCACAGACCATGTCTGCAA_003,119
TCCACAGACCATGTCTGCAA_004,45
TCCACAGACCATGTCTGCAA_005,1
ATGTAAAATGTATATCCCAC_001,35
ATGTAAAATGTATATCCCAC_002,167
ATGTAAAATGTATATCCCAC_003,186
ATGTAAAATGTATATCCCAC_004,16
ATGTAAAATGTATATCCCAC_005,55
AAGTCGCGGTTAACGTGACT_001,9
AAGTCGCGGTTAACGTGACT_002,140
AAGTCGCGGTTAACGTGACT_003,199
AAGTCGCGGTTAACGTGACT_004,105
AAGTCGCGGTTAACGTGACT_005,105
AAGTCGCGGTTAACGTGACT_006,162
GCTGCAACTGTATATCTACA_001,105
AGGGTTTGCAGAAACAACCC_001,53
GCCTATGGTTTAGATAAAGG_001,75
GCCTATGGTTTAGATAAAGG_002,49
GCCTATGGTTTAGATAAAGG_003,94
GCCTATGGTTTAGATAAAGG_004,15
GCCTATGGTTTAGATAAAGG_005,29
GCCTATGGTTTAGATAAAGG_006,174
TCATAAACCGGACCTCTGTG_001,110
TCATAAACCGGACCTCTGTG_002,153
TCATAAACCGGACCTCTGTG_003,170
TCATAAACCGGACCTCTGTG_004,36
TCATAAACCGGACCTCTGTG_005,66
TCATAAACCGGACCTCTGTG_006,111
TCATAAACCGGACCTCTGTG_007,28
TCATAAACCGGACCTCTGTG_008,28
TCATAAACCGGACCTCTGTG_009,168
TCATAAACCGGACCTCTGTG_010,39
TGGCGACTCCGGTATGAAGG_001,58
TGGCGACTCCGGTATGAAGG_002,194
TGGCGACTCCGGTATGAAGG_003,92
TGGCGACTCCGGTATGAAGG_004,106
TGGCGACTCCGGTATGAAGG_005,1
ACAGCGACAAAGTCAAGCGC_001,181
ACAGCGACAAAGTCAAGCGC_002,4
ACAGCGACAAAGTCAAGCGC_003,8
ACAGCGACAAAGTCAAGCGC_004,195
ACAGCGACAAAGTCAAGCGC_005,177
ACAGCGACAAAGTCAAGCGC_006,121
ACAGCGACAAAGTCAAGCGC_007,30
ACAGCGACAAAGTCAAGCGC_008,9
ACAGCGACAAAGTCAAGCGC_009,69
ACAGCGACAAAGTCAAGCGC_010,163
ACAGCGACAAAGTCAAGCGC_011,2
ACAGCGACAAAGTCAAGCGC_012,150
ACAGCGACAAAGTCAAGCGC_013,48
ACAGCGACAAAGTCAAGCGC_014,83
ACAGCGACAAAGTCAAGCGC_015,123
TTTAGCAATAGTGCATGGAG_001,0
TTTAGCAATAGTGCATGGAG_002,9
GACGGACGTGCGCCCCGAAG_001,38
GACGGACGTGCGCCCCGAAG_002,44
GACGGACGTGCGCCCCGAAG_003,145
GACGGACGTGCGCCCCGAAG_004,147
GACGGACGTGCGCCCCGAAG_005,72
GACGGACGTGCGCCCCGAAG_006,46
GACGGACGTGCGCCCCGAAG_007,99
GACGGACGTGCGCCCCGAAG_008,53
GTGCCCTACAGCAATTTCTG_001,198
GTGCCCTACAGCAATTTCTG_002,29
GTGCCCTACAGCAATTTCTG_003,59
GTGCCCTACAGCAATTTCTG_004,91
GTGCCCTACAGCAATTTCTG_005,100
GTGCCCTACAGCAATTTCTG_006,150
GTGCCCTACAGCAATTTCTG_007,53
GTGCCCTACAGCAATTTCTG_008,113
GTGCCCTACAGCAATTTCTG_009,172
CTGTACCAAGGCTCAAACCG_001,62
CTGTACCAAGGCTCAAACCG_002,162
CTGTACCAAGGCTCAAACCG_003,60
CTGTACCAAGGCTCAAACCG_004,105
CTGTACCAAGGCTCAAACCG_005,130
CTGTACCAAGGCTCAAACCG_006,42
CTGTACCAAGGCTCAAACCG_007,103
TTTCAAGGAGTGTGTCCATG_001,81
TTTCAAGGAGTGTGTCCATG_002,8
TTTCAAGGAGTGTGTCCATG_003,81
TTTCAAGGAGTGTGTCCATG_004,144
TTTCAAGGAGTGTGTCCATG_005,81
TTTCAAGGAGTGTGTCCATG_006,0
TTTCAAGGAGTGTGTCCATG_007,70
TTTCAAGGAGTGTGTCCATG_008,41
TTTCAAGGAGTGTGTCCATG_009,120
TTTCAAGGAGTGTGTCCATG_010,91
TTTCAAGGAGTGTGTCCATG_011,115
GGCAGGGAGCCCCCAACTGG_001,42
GGCAGGGAGCCCCCAACTGG_002,172
GGCAGGGAGCCCCCAACTGG_003,33
GGCAGGGAGCCCCCAACTGG_004,156
GGCAGGGAGCCCCCAACTGG_005,93
GGCAGGGAGCCCCCAACTGG_006,17
GGCAGGGAGCCCCCAACTGG_007,70
GGCAGGGAGCCCCCAACTGG_008,104
GGCAGGGAGCCCCCAACTGG_009,111
GGCAGGGAGCCCCCAACTGG_010,6
GGCAGGGAGCCCCCAACTGG_011,55
GGCAGGGAGCCCCCAACTGG_012,149
GGCAGGGAGCCCCCAACTGG_013,12
GGCAGGGAGCCCCCAACTGG_014,107
GGCAGGGAGCCCCCAACTGG_015,158
GGCAGGGAGCCCCCAACTGG_016,189
GGCAGGGAGCCCCCAACTGG_017,65
GGCAGGGAGCCCCCAACTGG_018,185
GGCAGGGAGCCCCCAACTGG_019,97
GGCAGGGAGCCCCCAACTGG_020,0
GGCAGGGAGCCCCCAACTGG_021,17
GGCAGGGAGCCCCCAACTGG_022,199
GGCAGGGAGCCCCCAACTGG_023,168
GGCAGGGAGCCCCCAACTGG_024,55
GGCAGGGAGCCCCCAACTGG_025,36
GGCAGGGAGCCCCCAACTGG_026,69
ATTCAATTTAGACTTCAGCA_001,171
ATTCAATTTAGACTTCAGCA_002,194
ATTCAATTTAGACTTCAGCA_003,68
ATTCAATTTAGACTTCAGCA_004,73
ATTCAATTTAGACTTCAGCA_005,74
ATTCAATTTAGACTTCAGCA_006,145
ATTCAATTTAGACTTCAGCA_007,124
ATTCAATTTAGACTTCAGCA_008,138
ATTCAATTTAGACTTCAGCA_009,130
ATTCAATTTAGACTTCAGCA_010,149
ATTCAATTTAGACTTCAGCA_011,121
CACCAAGGAGTGGCACTTCG_001,46
CACCAAGGAGTGGCACTTCG_002,172
CACCAAGGAGTGGCACTTCG_003,191
CACCAAGGAGTGGCACTTCG_004,80
CACCAAGGAGTGGCACTTCG_005,60
CACCAAGGAGTGGCACTTCG_006,25
CACCAAGGAGTGGCACTTCG_007,146
CACCAAGGAGTGGCACTTCG_008,114
CACCAAGGAGTGGCACTTCG_009,0
CACCAAGGAGTGGCACTTCG_010,0
CACCAAGGAGTGGCACTTCG_011,142
CACCAAGGAGTGGCACTTCG_012,51
CACCAAGGAGTGGCACTTCG_013,19
CACCAAGGAGTGGCACTTCG_014,127
CACCAAGGAGTGGCACTTCG_015,150
CACCAAGGAGTGGCACTTCG_016,42
CACCAAGGAGTGGCACTTCG_017,94
CACCAAGGAGTGGCACTTCG_018,116
CACCAAGGAGTGGCACTTCG_019,61
CACCAAGGAGTGGCACTTCG_020,92
CACCAAGGAGTGGCACTTCG_021,78
CACCAAGGAGTGGCACTTCG_022,188
CACCAAGGAGTGGCACTTCG_023,177
CACCAAGGAGTGGCACTTCG_024,86
CACCAAGGAGTGGCACTTCG_025,113
CACCAAGGAGTGGCACTTCG_026,103
CACCAAGGAGTGGCACTTCG_027,48
CACCAAGGAGTGGCACTTCG_028,38
CACCAAGGAGTGGCACTTCG_029,198
CACCAAGGAGTGGCACTTCG_030,10
CACCAAGGAGTGGCACTTCG_031,158
CACCAAGGAGTGGCACTTCG_032,194
CACCAAGGAGTGGCACTTCG_033,0
CACCAAGGAGTGGCACTTCG_034,119
CACCAAGGAGTGGCACTTCG_035,12
CACCAAGGAGTGGCACTTCG_036,104
CACCAAGGAGTGGCACTTCG_037,67
CACCAAGGAGTGGCACTTCG_038,136
CACCAAGGAGTGGCACTTCG_039,15
CACCAAGGAGTGGCACTTCG_040,32
CACCAAGGAGTGGCACTTCG_041,192
CACCAAGGAGTGGCACTTCG_042,1
CACCAAGGAGTGGCACTTCG_043,28
CACCAAGGAGTGGCACTTCG_044,137
CACCAAGGAGTGGCACTTCG_045,91
CACCAAGGAGTGGCACTTCG_046,57
CACCAAGGAGTGGCACTTCG_047,175
GTCGAGTGCTCTACACCCTA_001,70
GTCGAGTGCTCTACACCCTA_002,76
GTCGAGTGCTCTACACCCTA_003,137
GTCGAGTGCTCTACACCCTA_004,102
GTCGAGTGCTCTACACCCTA_005,134
GTCGAGTGCTCTACACCCTA_006,152
GTCGAGTGCTCTACACCCTA_007,127
GTCGAGTGCTCTACACCCTA_008,9
GTCGAGTGCTCTACACCCTA_009,44
GTCGAGTGCTCTACACCCTA_010,82
GTCGAGTGCTCTACACCCTA_011,15
GTCGAGTGCTCTACACCCTA_012,168
GTCGAGTGCTCTACACCCTA_013,82
GTCGAGTGCTCTACACCCTA_014,176
GCCTTCTTCCCCCCGCACGG_001,36
GCCTTCTTCCCCCCGCACGG_002,197
GCCTTCTTCCCCCCGCACGG_003,130
GCCTTCTTCCCCCCGCACGG_004,65
GCCTTCTTCCCCCCGCACGG_005,148
GCCTTCTTCCCCCCGCACGG_006,16
GCCTTCTTCCCCCCGCACGG_007,93
GCCTTCTTCCCCCCGCACGG_008,14
GCCTTCTTCCCCCCGCACGG_009,176
GCCTTCTTCCCCCCGCACGG_010,156
GCCTTCTTCCCCCCGCACGG_011,34
GCCTTCTTCCCCCCGCACGG_012,157
GCCTTCTTCCCCCCGCACGG_013,127
GCCTTCTTCCCCCCGCACGG_014,69
GCCTTCTTCCCCCCGCACGG_015,44
GCCTTCTTCCCCCCGCACGG_016,8
GCCTTCTTCCCCCCGCACGG_017,104
GCCTTCTTCCCCCCGCACGG_018,48
GCCTTCTTCCCCCCGCACGG_019,94
GCCTTCTTCCCCCCGCACGG_020,126
GCCTTCTTCCCCCCGCACGG_021,184
GCCTTCTTCCCCCCGCACGG_022,19
GCCTTCTTCCCCCCGCACGG_023,108
GCCTTCTTCCCCCCGCACGG_024,194
GCCTTCTTCCCCCCGCACGG_025,46
GCCTTCTTCCCCCCGCACGG_026,159
GCCTTCTTCCCCCCGCACGG_027,170
GCCTTCTTCCCCCCGCACGG_028,106
GCCTTCTTCCCCCCGCACGG_029,15
GCCTTCTTCCCCCCGCACGG_030,17
GCCTTCTTCCCCCCGCACGG_031,108
GCCTTCTTCCCCCCGCACGG_032,16
CCACAGCAGTCACAGGCCGG_001,154
CCACAGCAGTCACAGGCCGG_002,6
CCACAGCAGTCACAGGCCGG_003,80
CCACAGCAGTCACAGGCCGG_004,149
CCACAGCAGTCACAGGCCGG_005,94
CCACAGCAGTCACAGGCCGG_006,77
CCACAGCAGTCACAGGCCGG_007,41
CCACAGCAGTCACAGGCCGG_008,23
CCACAGCAGTCACAGGCCGG_009,67
CCACAGCAGTCACAGGCCGG_010,138
CCACAGCAGTCACAGGCCGG_011,94
CCACAGCAGTCACAGGCCGG_012,149
CCACAGCAGTCACAGGCCGG_013,29
CCACAGCAGTCACAGGCCGG_014,158
CCACAGCAGTCACAGGCCGG_015,49
CCACAGCAGTCACAGGCCGG_016,185
CCACAGCAGTCACAGGCCGG_017,23
CCACAGCAGTCACAGGCCGG_018,197
CCACAGCAGTCACAGGCCGG_019,188
CCACAGCAGTCACAGGCCGG_020,107
CCACAGCAGTCACAGGCCGG_021,136
CCACAGCAGTCACAGGCCGG_022,70
CCACAGCAGTCACAGGCCGG_023,18
CCACAGCAGTCACAGGCCGG_024,27
CCACAGCAGTCACAGGCCGG_025,9
AGAACCCTAAGAGATCATTG_001,8
AGAACCCTAAGAGATCATTG_002,140
AGAACCCTAAGAGATCATTG_003,158
AGAACCCTAAGAGATCATTG_004,185
GTCACATTTCCACGACATAG_001,127
GTCACATTTCCACGACATAG_002,190
GTCACATTTCCACGACATAG_003,60
GTCACATTTCCACGACATAG_004,97
AGGAACATCAGAACTGACAC_001,48
AGGAACATCAGAACTGACAC_002,172
AGGAACATCAGAACTGACAC_003,94
AGGAACATCAGAACTGACAC_004,16
AGGAACATCAGAACTGACAC_005,77
AGGAACATCAGAACTGACAC_006,47
AGGAACATCAGAACTGACAC_007,8
AGGAACATCAGAACTGACAC_008,34
AGGAACATCAGAACTGACAC_009,62
AGGAACATCAGAACTGACAC_010,141
AGGAACATCAGAACTGACAC_011,118
AGGAACATCAGAACTGACAC_012,113
AGGAACATCAGAACTGACAC_013,60
AGGAACATCAGAACTGACAC_014,60
AGGAACATCAGAACTGACAC_015,174
AGGAACATCAGAACTGACAC_016,149
AGGAACATCAGAACTGACAC_017,184
AGGAACATCAGAACTGACAC_018,161
AGGAACATCAGAACTGACAC_019,147
AGGAACATCAGAACTGACAC_020,162
GCTCAATCCATCAATTACAC_001,23
GCTCAATCCATCAATTACAC_002,132
GCTCAATCCATCAATTACAC_003,28
GCTCAATCCATCAATTACAC_004,46
GCTCAATCCATCAATTACAC_005,118
GCTCAATCCATCAATTACAC_006,117
GCTCAATCCATCAATTACAC_007,67
GCTCAATCCATCAATTACAC_008,52
GACCAGCTGATCAAACGTCG_001,192
GACCAGCTGATCAAACGTCG_002,128
GACCAGCTGATCAAACGTCG_003,90
GACCAGCTGATCAAACGTCG_004,42
GACCAGCTGATCAAACGTCG_005,105
GACCAGCTGATCAAACGTCG_006,162
GACCAGCTGATCAAACGTCG_007,60
GACCAGCTGATCAAACGTCG_008,189
CATTGTGTGCATGAATAGCA_001,185
CATTGTGTGCATGAATAGCA_002,77
CATTGTGTGCATGAATAGCA_003,31
CATTGTGTGCATGAATAGCA_004,92
ACAGTCCGGAATATTACGGC_001,80
ACAGTCCGGAATATTACGGC_002,78
ACAGAAACAGCATCCACTGT_001,5
ACAGAAACAGCATCCACTGT_002,181
ACAGAAACAGCATCCACTGT_003,173
ACAGAAACAGCATCCACTGT_004,26
ACAGAAACAGCATCCACTGT_005,50
ACAGAAACAGCATCCACTGT_006,38
ACAGAAACAGCATCCACTGT_007,112
ACAGAAACAGCATCCACTGT_008,24
ACAGAAACAGCATCCACTGT_009,138
ACAGAAACAGCATCCACTGT_010,63
ACAGAAACAGCATCCACTGT_011,34
GCCCACCTATAGCCTACATG_001,121
GCCCACCTATAGCCTACATG_002,183
GCCCACCTATAGCCTACATG_003,183
GCCCACCTATAGCCTACATG_004,58
GCCCACCTATAGCCTACATG_005,106
GCCCACCTATAGCCTACATG_006,130
GCCCACCTATAGCCTACATG_007,48
GCATGCAAACGTTAGAACCA_001,115
GCATGCAAACGTTAGAACCA_002,4
GCATGCAAACGTTAGAACCA_003,185
GCATGCAAACGTTAGAACCA_004,104
GCATGCAAACGTTAGAACCA_005,130
GCATGCAAACGTTAGAACCA_006,179
GCATGCAAACGTTAGAACCA_007,48
GCATGCAAACGTTAGAACCA_008,148
GCATGCAAACGTTAGAACCA_009,23
GCATGCAAACGTTAGAACCA_010,8
GCATGCAAACGTTAGAACCA_011,162
GCATGCAAACGTTAGAACCA_012,87
GCATGCAAACGTTAGAACCA_013,32
AAATAGAGGCAAGCCCAATT_001,13
AAATAGAGGCAAGCCCAATT_002,190
AAATAGAGGCAAGCCCAATT_003,41
AAATAGAGGCAAGCCCAATT_004,159
AAATAGAGGCAAGCCCAATT_005,1
AAATAGAGGCAAGCCCAATT_006,189
AAATAGAGGCAAGCCCAATT_007,19
AAATAGAGGCAAGCCCAATT_008,11
AAATAGAGGCAAGCCCAATT_009,184
AAATAGAGGCAAGCCCAATT_010,189
AAATAGAGGCAAGCCCAATT_011,189
AAATAGAGGCAAGCCCAATT_012,105
AAATAGAGGCAAGCCCAATT_013,137
GAGTCCATGATTAGGGACCT_001,0
GAGTCCATGATTAGGGACCT_002,70
GAGTCCATGATTAGGGACCT_003,10
GAGTCCATGATTAGGGACCT_004,194
GAGTCCATGATTAGGGACCT_005,122
GAGTCCATGATTAGGGACCT_006,106
GAGTCCATGATTAGGGACCT_007,63
GAGTCCATGATTAGGGACCT_008,144
GAGTCCATGATTAGGGACCT_009,130
GAGTCCATGATTAGGGACCT_010,4
GGAGCCGACTCTAACACTAG_001,8
GGAGCCGACTCTAACACTAG_002,175
GGAGCCGACTCTAACACTAG_003,176
GGAGCCGACTCTAACACTAG_004,147
GGAGCCGACTCTAACACTAG_005,30
GGAGCCGACTCTAACACTAG_006,74
GGATCTTCTCGCCCTCAGAG_001,1
GGATCTTCTCGCCCTCAGAG_002,155
GGATCTTCTCGCCCTCAGAG_003,120
GGATCTTCTCGCCCTCAGAG_004,163
GGATCTTCTCGCCCTCAGAG_005,20
GGATCTTCTCGCCCTCAGAG_006,188
CAATTTGACAGCTCATGTAG_001,34
CAATTTGACAGCTCATGTAG_002,85
CTGCACCAAATGTGGGATCG_001,188
CTGCACCAAATGTGGGATCG_002,173
CTGCACCAAATGTGGGATCG_003,185
CTGCACCAAATGTGGGATCG_004,19
CTGCACCAAATGTGGGATCG_005,169
CTGCACCAAATGTGGGATCG_006,56
CTGCACCAAATGTGGGATCG_007,199
CTGCACCAAATGTGGGATCG_008,158
CTGCACCAAATGTGGGATCG_009,57
CTGCACCAAATGTGGGATCG_010,168
CTGCACCAAATGTGGGATCG_011,65
CTGCACCAAATGTGGGATCG_012,15
CTGCACCAAATGTGGGATCG_013,150
CTGCACCAAATGTGGGATCG_014,199
CTGCACCAAATGTGGGATCG_015,189
CTGCACCAAATGTGGGATCG_016,194
CTGCACCAAATGTGGGATCG_017,31
CTGCACCAAATGTGGGATCG_018,166
CTGCACCAAATGTGGGATCG_019,142
GCAGCTCATTGATCTCGCTG_001,34
CAACAACAAACTGTACCAGC_001,162
CAACAACAAACTGTACCAGC_002,0
CAACAACAAACTGTACCAGC_003,87
CAACAACAAACTGTACCAGC_004,76
CAACAACAAACTGTACCAGC_005,133
CAACAACAAACTGTACCAGC_006,102
CAACAACAAACTGTACCAGC_007,104
CAACAACAAACTGTACCAGC_008,74
CAACAACAAACTGTACCAGC_009,124
CAACAACAAACTGTACCAGC_010,78
CAACAACAAACTGTACCAGC_011,199
GGGTGTCCAACGCGTGCAGA_001,169
GGGTGTCCAACGCGTGCAGA_002,130
GGGTGTCCAACGCGTGCAGA_003,48
GGGTGTCCAACGCGTGCAGA_004,19
GGGTGTCCAACGCGTGCAGA_005,150
GGGTGTCCAACGCGTGCAGA_006,114
GGGTGTCCAACGCGTGCAGA_007,159
GGGTGTCCAACGCGTGCAGA_008,130
GGGTGTCCAACGCGTGCAGA_009,127
GGGTGTCCAACGCGTGCAGA_010,155
GGGTGTCCAACGCGTGCAGA_011,199
GGGTGTCCAACGCGTGCAGA_012,105
GGGTGTCCAACGCGTGCAGA_013,57
GGGTGTCCAACGCGTGCAGA_014,19
GGGTGTCCAACGCGTGCAGA_015,9
GGGTGTCCAACGCGTGCAGA_016,137
GGGTGTCCAACGCGTGCAGA_017,118
GGGTGTCCAACGCGTGCAGA_018,59
GGGTGTCCAACGCGTGCAGA_019,148
GGGTGTCCAACGCGTGCAGA_020,61
GGGTGTCCAACGCGTGCAGA_021,36
GGGTGTCCAACGCGTGCAGA_022,187
GGGTGTCCAACGCGTGCAGA_023,98
GGGTGTCCAACGCGTGCAGA_024,36
GGGTGTCCAACGCGTGCAGA_025,45
GGGTGTCCAACGCGTGCAGA_026,93
GGGTGTCCAACGCGTGCAGA_027,43
GGGTGTCCAACGCGTGCAGA_028,121
GGGTGTCCAACGCGTGCAGA_029,150
GGGTGTCCAACGCGTGCAGA_030,15
GGGTGTCCAACGCGTGCAGA_031,157
GGGTGTCCAACGCGTGCAGA_032,60
GGGTGTCCAACGCGTGCAGA_033,85
GGGTGTCCAACGCGTGCAGA_034,162
GGGTGTCCAACGCGTGCAGA_035,72
GGGTGTCCAACGCGTGCAGA_036,131
GGGTGTCCAACGCGTGCAGA_037,56
GGGTGTCCAACGCGTGCAGA_038,154
GGGTGTCCAACGCGTGCAGA_039,12
GGGTGTCCAACGCGTGCAGA_040,130
GGGTGTCCAACGCGTGCAGA_041,168
GGGTGTCCAACGCGTGCAGA_042,104
GGGTGTCCAACGCGTGCAGA_043,119
GGGTGTCCAACGCGTGCAGA_044,161
GGGTGTCCAACGCGTGCAGA_045,52
GGGTGTCCAACGCGTGCAGA_046,35
GGGTGTCCAACGCGTGCAGA_047,178
GGGTGTCCAACGCGTGCAGA_048,155
GGGTGTCCAACGCGTGCAGA_049,48
GGGTGTCCAACGCGTGCAGA_050,161
GGGTGTCCAACGCGTGCAGA_051,80
AACATGGCCTGGTCCAAACC_001,198
AACATGGCCTGGTCCAAACC_002,112
AACATGGCCTGGTCCAAACC_003,43
AACATGGCCTGGTCCAAACC_004,48
AACATGGCCTGGTCCAAACC_005,106
AACATGGCCTGGTCCAAACC_006,78
AACATGGCCTGGTCCAAACC_007,170
AACATGGCCTGGTCCAAACC_008,89
GCTGCTTCACTAGCAGTCAT_001,0
GCTGCTTCACTAGCAGTCAT_002,8
GCTGCTTCACTAGCAGTCAT_003,53
GCTGCTTCACTAGCAGTCAT_004,34
GCTGCTTCACTAGCAGTCAT_005,82
GCTGCTTCACTAGCAGTCAT_006,1
GCTGCTTCACTAGCAGTCAT_007,77
GCTGCTTCACTAGCAGTCAT_008,34
GCTGCTTCACTAGCAGTCAT_009,116
GCTGCTTCACTAGCAGTCAT_010,151
GCTGCTTCACTAGCAGTCAT_011,115
GCTGCTTCACTAGCAGTCAT_012,30
GCTGCTTCACTAGCAGTCAT_013,178
GCTGCTTCACTAGCAGTCAT_014,165
GCTGCTTCACTAGCAGTCAT_015,77
GCTGCTTCACTAGCAGTCAT_016,47
GCTGCTTCACTAGCAGTCAT_017,119
GCTGCTTCACTAGCAGTCAT_018,199
GCTGCTTCACTAGCAGTCAT_019,120
GCTGCTTCACTAGCAGTCAT_020,98
GCTGCTTCACTAGCAGTCAT_021,102
GCTGCTTCACTAGCAGTCAT_022,6
GCTGCTTCACTAGCAGTCAT_023,83
GCTGCTTCACTAGCAGTCAT_024,15
GCTGCTTCACTAGCAGTCAT_025,57
GCTGCTTCACTAGCAGTCAT_026,48
GCTGCTTCACTAGCAGTCAT_027,167
GCTGCTTCACTAGCAGTCAT_028,50
GCTGCTTCACTAGCAGTCAT_029,99
GCTGCTTCACTAGCAGTCAT_030,16
GCTGCTTCACTAGCAGTCAT_031,1
AGAAAGCTTACCTAGTCAGT_001,83
CGGTACCTAAATCCACCATG_001,78
CGGTACCTAAATCCACCATG_002,15
CGGTACCTAAATCCACCATG_003,147
CGGTACCTAAATCCACCATG_004,27
CGGTACCTAAATCCACCATG_005,153
CGGTACCTAAATCCACCATG_006,89
CGGTACCTAAATCCACCATG_007,170
CGGTACCTAAATCCACCATG_008,38
CGGTACCTAAATCCACCATG_009,5
CGGTACCTAAATCCACCATG_010,137
CGGTACCTAAATCCACCATG_011,22
CGGTACCTAAATCCACCATG_012,49
CGGTACCTAAATCCACCATG_013,19
CGGTACCTAAATCCACCATG_014,90
CGGTACCTAAATCCACCATG_015,43
CGGTACCTAAATCCACCATG_016,165
CGGTACCTAAATCCACCATG_017,45
CGGTACCTAAATCCACCATG_018,1
GGGCCAAGAGGAGCTAAACG_001,98
GGGCCAAGAGGAGCTAAACG_002,117
GGGCCAAGAGGAGCTAAACG_003,27
GGGCCAAGAGGAGCTAAACG_004,32
GGGCCAAGAGGAGCTAAACG_005,13
GGGCCAAGAGGAGCTAAACG_006,40
GGGCCAAGAGGAGCTAAACG_007,142
GGGCCAAGAGGAGCTAAACG_008,167
GCTGATTGACCAGTACCACG_001,188
GCTGATTGACCAGTACCACG_002,166
GCTGATTGACCAGTACCACG_003,177
GCTGATTGACCAGTACCACG_004,19
GCTGATTGACCAGTACCACG_005,134
GCTGATTGACCAGTACCACG_006,156
GCTGATTGACCAGTACCACG_007,104
GCTGATTGACCAGTACCACG_008,138
GCTGATTGACCAGTACCACG_009,59
GCTGATTGACCAGTACCACG_010,184
GCTGATTGACCAGTACCACG_011,72
GCTGATTGACCAGTACCACG_012,124
GCTGATTGACCAGTACCACG_013,168
GCTGATTGACCAGTACCACG_014,113
GCTGATTGACCAGTACCACG_015,70
GCTGATTGACCAGTACCACG_016,30
GCTGATTGACCAGTACCACG_017,190
GCTGATTGACCAGTACCACG_018,199
GCTGATTGACCAGTACCACG_019,137
GCTGATTGACCAGTACCACG_020,34
GCTGATTGACCAGTACCACG_021,168
GCTGATTGACCAGTACCACG_022,20
GCTGATTGACCAGTACCACG_023,48
GCTGATTGACCAGTACCACG_024,28
GTTCTGCGCGACAACATTCA_001,137
GTTCTGCGCGACAACATTCA_002,155
GTTCTGCGCGACAACATTCA_003,137
GTTCTGCGCGACAACATTCA_004,179
GTTCTGCGCGACAACATTCA_005,188
GTTCTGCGCGACAACATTCA_006,134
GTTCTGCGCGACAACATTCA_007,26
GTTCTGCGCGACAACATTCA_008,118
GTTCTGCGCGACAACATTCA_009,136
GTTCTGCGCGACAACATTCA_010,6
GAGGTAATCGGAGTACACGC_001,139
GAGGTAATCGGAGTACACGC_002,185
GAGGTAATCGGAGTACACGC_003,138
GAGGTAATCGGAGTACACGC_004,189
GAGGTAATCGGAGTACACGC_005,189
GAGGTAATCGGAGTACACGC_006,68
GAGGTAATCGGAGTACACGC_007,49
GAGGTAATCGGAGTACACGC_008,62
GAGGTAATCGGAGTACACGC_009,87
GAGGTAATCGGAGTACACGC_010,152
GAGGTAATCGGAGTACACGC_011,21
GAGGTAATCGGAGTACACGC_012,38
GAGGTAATCGGAGTACACGC_013,34
GAGGTAATCGGAGTACACGC_014,28
GAGGTAATCGGAGTACACGC_015,162
GGCAGGACTTGAGGTACGTG_001,156
GGCAGGACTTGAGGTACGTG_002,114
GGCAGGACTTGAGGTACGTG_003,24
GGCAGGACTTGAGGTACGTG_004,15
GGCAGGACTTGAGGTACGTG_005,93
GGCAGGACTTGAGGTACGTG_006,170
GGCAGGACTTGAGGTACGTG_007,141
GGCAGGACTTGAGGTACGTG_008,33
GGCAGGACTTGAGGTACGTG_009,128
GGCAGGACTTGAGGTACGTG_010,198
GGCAGGACTTGAGGTACGTG_011,48
GGCAGGACTTGAGGTACGTG_012,108
GGCAGGACTTGAGGTACGTG_013,178
GGCAGGACTTGAGGTACGTG_014,146
GGCAGGACTTGAGGTACGTG_015,126
GGATACCTGGGCCGACTTTC_001,118
GGATACCTGGGCCGACTTTC_002,53
GGATACCTGGGCCGACTTTC_003,50
GGATACCTGGGCCGACTTTC_004,178
GGATACCTGGGCCGACTTTC_005,137
GGATACCTGGGCCGACTTTC_006,81
GGATACCTGGGCCGACTTTC_007,12
GGATACCTGGGCCGACTTTC_008,29
GGATACCTGGGCCGACTTTC_009,5
GGATACCTGGGCCGACTTTC_010,65
GGATACCTGGGCCGACTTTC_011,149
GGATACCTGGGCCGACTTTC_012,78
GGATACCTGGGCCGACTTTC_013,197
GGATACCTGGGCCGACTTTC_014,124
GGATACCTGGGCCGACTTTC_015,113
GGATACCTGGGCCGACTTTC_016,46
GGATACCTGGGCCGACTTTC_017,9
GGATACCTGGGCCGACTTTC_018,188
GGATACCTGGGCCGACTTTC_019,44
GGATACCTGGGCCGACTTTC_020,158
GGATACCTGGGCCGACTTTC_021,192
GGATACCTGGGCCGACTTTC_022,140
GGATACCTGGGCCGACTTTC_023,8
GGATACCTGGGCCGACTTTC_024,37
GGATACCTGGGCCGACTTTC_025,193
GGATACCTGGGCCGACTTTC_026,104
GGATACCTGGGCCGACTTTC_027,68
GGATACCTGGGCCGACTTTC_028,178
GGATACCTGGGCCGACTTTC_029,28
GGATACCTGGGCCGACTTTC_030,162
ATAGGACAATGCGCGAGCCA_001,172
ATAGGACAATGCGCGAGCCA_002,161
ATAGGACAATGCGCGAGCCA_003,146
ATAGGACAATGCGCGAGCCA_004,174
ATAGGACAATGCGCGAGCCA_005,127
ATAGGACAATGCGCGAGCCA_006,107
ATAGGACAATGCGCGAGCCA_007,12
TCGCGGTCTATAAGCCCCCG_001,182
TCGCGGTCTATAAGCCCCCG_002,35
TCGCGGTCTATAAGCCCCCG_003,144
CAGTTCCTGTGAAATCTGCG_001,147
CAGTTCCTGTGAAATCTGCG_002,120
CAGTTCCTGTGAAATCTGCG_003,148
CAGTTCCTGTGAAATCTGCG_004,181
CAGTTCCTGTGAAATCTGCG_005,14
AAACAAAACTAACTCAACCG_001,101
AAACAAAACTAACTCAACCG_002,191
AAACAAAACTAACTCAACCG_003,183
AAACAAAACTAACTCAACCG_004,138
AAACAAAACTAACTCAACCG_005,85
AAACAAAACTAACTCAACCG_006,189
AAACAAAACTAACTCAACCG_007,126
AAACAAAACTAACTCAACCG_008,144
AAACAAAACTAACTCAACCG_009,77
AAACAAAACTAACTCAACCG_010,88
AAACAAAACTAACTCAACCG_011,105
AAACAAAACTAACTCAACCG_012,156
CACGGCACCAAAAACAAGCG_001,164
CACGGCACCAAAAACAAGCG_002,10
CACGGCACCAAAAACAAGCG_003,116
CACGGCACCAAAAACAAGCG_004,147
CACGGCACCAAAAACAAGCG_005,9
CACGGCACCAAAAACAAGCG_006,26
CACGGCACCAAAAACAAGCG_007,38
CACGGCACCAAAAACAAGCG_008,80
CACGGCACCAAAAACAAGCG_009,107
CACGGCACCAAAAACAAGCG_010,48
CACGGCACCAAAAACAAGCG_011,87
CACGGCACCAAAAACAAGCG_012,40
CACGGCACCAAAAACAAGCG_013,141
ATTATTTCCGAGGATACGAG_001,2
AGAGGAACTGATGCAATATG_001,87
AGAGGAACTGATGCAATATG_002,76
AGAGGAACTGATGCAATATG_003,2
AGAGGAACTGATGCAATATG_004,1
AGAGGAACTGATGCAATATG_005,24
AGAGGAACTGATGCAATATG_006,198
AGAGGAACTGATGCAATATG_007,158
AGAGGAACTGATGCAATATG_008,83
AGAGGAACTGATGCAATATG_009,31
ACAAGGGACGCAAAAATGAA_001,181
ACAAGGGACGCAAAAATGAA_002,164
ACAAGGGACGCAAAAATGAA_003,19
ACAAGGGACGCAAAAATGAA_004,129
ACAAGGGACGCAAAAATGAA_005,149
TCTGGACAAGTTTACCAGAC_001,82
GAAGAATGCGATGTAAAATG_001,19
GAAGAATGCGATGTAAAATG_002,105
GAAGAATGCGATGTAAAATG_003,60
GAAGAATGCGATGTAAAATG_004,38
GAAGAATGCGATGTAAAATG_005,42
GAAGAATGCGATGTAAAATG_006,97
TACAACAGGAGTCCCCACTC_001,34
TACAACAGGAGTCCCCACTC_002,115
TACAACAGGAGTCCCCACTC_003,197
TACAACAGGAGTCCCCACTC_004,164
TACAACAGGAGTCCCCACTC_005,112
TACAACAGGAGTCCCCACTC_006,96
TAAGAAATCGGTCAGATGCG_001,96
TAAGAAATCGGTCAGATGCG_002,177
TAAGAAATCGGTCAGATGCG_003,30
TAAGAAATCGGTCAGATGCG_004,76
TAAGAAATCGGTCAGATGCG_005,116
TAAGAAATCGGTCAGATGCG_006,185
TAAGAAATCGGTCAGATGCG_007,148
TAAGAAATCGGTCAGATGCG_008,25
TAAGAAATCGGTCAGATGCG_009,41
TAAGAAATCGGTCAGATGCG_010,48
TCAACAAAAACCACTATCCG_001,17
TCAACAAAAACCACTATCCG_002,70
TCAACAAAAACCACTATCCG_003,4
TCAACAAAAACCACTATCCG_004,57
TCAACAAAAACCACTATCCG_005,129
TCAACAAAAACCACTATCCG_006,139
TCAACAAAAACCACTATCCG_007,101
TCAACAAAAACCACTATCCG_008,8
TCAACAAAAACCACTATCCG_009,52
TCAACAAAAACCACTATCCG_010,146
TCAACAAAAACCACTATCCG_011,48
TCAACAAAAACCACTATCCG_012,91
TCAACAAAAACCACTATCCG_013,114
TCAACAAAAACCACTATCCG_014,144
TCAACAAAAACCACTATCCG_015,29
TCAACAAAAACCACTATCCG_016,181
TCAACAAAAACCACTATCCG_017,35
TCAACAAAAACCACTATCCG_018,46
TCAACAAAAACCACTATCCG_019,58
TCAACAAAAACCACTATCCG_020,41
TCAACAAAAACCACTATCCG_021,85
CTGCACAAAGAAGGCATAAG_001,50
CTGCACAAAGAAGGCATAAG_002,137
CTGCACAAAGAAGGCATAAG_003,19
CTGCACAAAGAAGGCATAAG_004,106
CTGCACAAAGAAGGCATAAG_005,191
CTGCACAAAGAAGGCATAAG_006,150
CTGCACAAAGAAGGCATAAG_007,82
CTGCACAAAGAAGGCATAAG_008,62
CTGCACAAAGAAGGCATAAG_009,2
CTGCACAAAGAAGGCATAAG_010,177
CTGCACAAAGAAGGCATAAG_011,29
CTGCACAAAGAAGGCATAAG_012,142
CTGCACAAAGAAGGCATAAG_013,3
CTGCACAAAGAAGGCATAAG_014,175
CTGCACAAAGAAGGCATAAG_015,185
CTGCACAAAGAAGGCATAAG_016,12
AGGAGAAAGGTTCCAAACAG_001,113
AGGAGAAAGGTTCCAAACAG_002,160
AGGAGAAAGGTTCCAAACAG_003,137
AGGAGAAAGGTTCCAAACAG_004,15
AGGAGAAAGGTTCCAAACAG_005,114
AGGAGAAAGGTTCCAAACAG_006,75
AGGAGAAAGGTTCCAAACAG_007,102
AGGAGAAAGGTTCCAAACAG_008,193
AGGAGAAAGGTTCCAAACAG_009,160
AGGAGAAAGGTTCCAAACAG_010,184
AGGAGAAAGGTTCCAAACAG_011,169
AGGAGAAAGGTTCCAAACAG_012,112
AGGAGAAAGGTTCCAAACAG_013,151
AGGAGAAAGGTTCCAAACAG_014,72
AGGAGAAAGGTTCCAAACAG_015,121
AGGAGAAAGGTTCCAAACAG_016,139
AGGAGAAAGGTTCCAAACAG_017,174
CATGTTCAAACCAACCACAG_001,48
CATGTTCAAACCAACCACAG_002,182
CATGTTCAAACCAACCACAG_003,117
CATGTTCAAACCAACCACAG_004,33
CATGTTCAAACCAACCACAG_005,114
CATGTTCAAACCAACCACAG_006,59
CATGTTCAAACCAACCACAG_007,8
CATGTTCAAACCAACCACAG_008,134
CATGTTCAAACCAACCACAG_009,193
CATGTTCAAACCAACCACAG_010,193
CATGTTCAAACCAACCACAG_011,28
CATGTTCAAACCAACCACAG_012,77
AGCTGTTTGGAGCGTAAGGA_001,174
AGCTGTTTGGAGCGTAAGGA_002,105
AGCTGTTTGGAGCGTAAGGA_003,101
AGCTGTTTGGAGCGTAAGGA_004,172
AGCTGTTTGGAGCGTAAGGA_005,156
AGCTGTTTGGAGCGTAAGGA_006,88
AGCTGTTTGGAGCGTAAGGA_007,6
AGCTGTTTGGAGCGTAAGGA_008,63
AGCTGTTTGGAGCGTAAGGA_009,119
AGTGCAGAACTGCTTCACAA_001,127
AGTGCAGAACTGCTTCACAA_002,158
AGTGCAGAACTGCTTCACAA_003,192
AGTGCAGAACTGCTTCACAA_004,113
AGTGCAGAACTGCTTCACAA_005,63
AGTGCAGAACTGCTTCACAA_006,104
AGTGCAGAACTGCTTCACAA_007,32
AGTGCAGAACTGCTTCACAA_008,17
AGTGCAGAACTGCTTCACAA_009,136
AGTGCAGAACTGCTTCACAA_010,119
AGTGCAGAACTGCTTCACAA_011,70
AGTGCAGAACTGCTTCACAA_012,46
AGTGCAGAACTGCTTCACAA_013,81
AGTGCAGAACTGCTTCACAA_014,60
AGTGCAGAACTGCTTCACAA_015,62
AGTGCAGAACTGCTTCACAA_016,197
AGTGCAGAACTGCTTCACAA_017,82
AGTGCAGAACTGCTTCACAA_018,1
AGTGCAGAACTGCTTCACAA_019,38
AGTGCAGAACTGCTTCACAA_020,190
AGTGCAGAACTGCTTCACAA_021,193
AGTGCAGAACTGCTTCACAA_022,45
AGTGCAGAACTGCTTCACAA_023,49
AGTGCAGAACTGCTTCACAA_024,188
AGTGCAGAACTGCTTCACAA_025,63
AGTGCAGAACTGCTTCACAA_026,101
GGGCTCTGGAGTAACAAACA_001,53
GGGCTCTGGAGTAACAAACA_002,45
GGGCTCTGGAGTAACAAACA_003,22
GGGCTCTGGAGTAACAAACA_004,94
GGGCTCTGGAGTAACAAACA_005,32
GGGCTCTGGAGTAACAAACA_006,65
TGATAACCACAAATGGACCC_001,109
TGATAACCACAAATGGACCC_002,177
CGTCTAAGCACATGCCCAAG_001,27
CGTCTAAGCACATGCCCAAG_002,132
CGTCTAAGCACATGCCCAAG_003,178
AAGGCTGCAGTTTCTAGTCA_001,134
AAGGCTGCAGTTTCTAGTCA_002,1
AAGGCTGCAGTTTCTAGTCA_003,83
AAGGCTGCAGTTTCTAGTCA_004,16
AAGGCTGCAGTTTCTAGTCA_005,65
AAGGCTGCAGTTTCTAGTCA_006,112
AAGGCTGCAGTTTCTAGTCA_007,162
ATAGTGGAAAGGGTCACAGA_001,191
ATAGTGGAAAGGGTCACAGA_002,15
ATAGTGGAAAGGGTCACAGA_003,76
ATAGTGGAAAGGGTCACAGA_004,193
ATAGTGGAAAGGGTCACAGA_005,127
ATAGTGGAAAGGGTCACAGA_006,169
ATAGTGGAAAGGGTCACAGA_007,151
ATAGTGGAAAGGGTCACAGA_008,118
ATAGTGGAAAGGGTCACAGA_009,14
ATAGTGGAAAGGGTCACAGA_010,10
ATAGTGGAAAGGGTCACAGA_011,180
ATAGTGGAAAGGGTCACAGA_012,125
ATAGTGGAAAGGGTCACAGA_013,22
ATAGTGGAAAGGGTCACAGA_014,56
ATAGTGGAAAGGGTCACAGA_015,35
GAAGTGCTCTACCAGAGTTG_001,149
GAAGTGCTCTACCAGAGTTG_002,117
GAAGTGCTCTACCAGAGTTG_003,19
GTACTGGGTCGGTCATTAGG_001,98
GTACTGGGTCGGTCATTAGG_002,92
GTACTGGGTCGGTCATTAGG_003,78
GTACTGGGTCGGTCATTAGG_004,176
GTACTGGGTCGGTCATTAGG_005,176
GTACTGGGTCGGTCATTAGG_006,72
GTACTGGGTCGGTCATTAGG_007,130
GTACTGGGTCGGTCATTAGG_008,122
ACCACTTATATCGTCCAATG_001,184
ATAGCCATGTGCAATCTCGG_001,7
ATAGCCATGTGCAATCTCGG_002,2
ATAGCCATGTGCAATCTCGG_003,108
ATAGCCATGTGCAATCTCGG_004,106
ATAGCCATGTGCAATCTCGG_005,148
ATAGCCATGTGCAATCTCGG_006,169
ATAGCCATGTGCAATCTCGG_007,83
ATAGCCATGTGCAATCTCGG_008,70
ATAGCCATGTGCAATCTCGG_009,89
ATAGCCATGTGCAATCTCGG_010,163
ATAGCCATGTGCAATCTCGG_011,150
CGATAATGGTCACCAAACTG_001,48
CGATAATGGTCACCAAACTG_002,162
CGATAATGGTCACCAAACTG_003,112
CGATAATGGTCACCAAACTG_004,197
CGATAATGGTCACCAAACTG_005,2
CGATAATGGTCACCAAACTG_006,190
CGATAATGGTCACCAAACTG_007,134
GCCGCGGTAGAAAAGCGGAT_001,150
GCCGCGGTAGAAAAGCGGAT_002,149
GCCGCGGTAGAAAAGCGGAT_003,181
AGGTCTCGGAGGAAGTTCTG_001,1
AGGTCTCGGAGGAAGTTCTG_002,184
AGGTCTCGGAGGAAGTTCTG_003,166
AGGTCTCGGAGGAAGTTCTG_004,115
AGGTCTCGGAGGAAGTTCTG_005,180
AGGTCTCGGAGGAAGTTCTG_006,6
AGGTCTCGGAGGAAGTTCTG_007,69
AGGTCTCGGAGGAAGTTCTG_008,144
AGGTCTCGGAGGAAGTTCTG_009,121
AGGTCTCGGAGGAAGTTCTG_010,48
AGGTCTCGGAGGAAGTTCTG_011,134
AGGTCTCGGAGGAAGTTCTG_012,184
AGGTCTCGGAGGAAGTTCTG_013,39
AGGTCTCGGAGGAAGTTCTG_014,52
AGGTCTCGGAGGAAGTTCTG_015,3
TACCACTGGCCAGGACCATG_001,15
TACCACTGGCCAGGACCATG_002,86
TACCACTGGCCAGGACCATG_003,88
TACCACTGGCCAGGACCATG_004,93
TACCACTGGCCAGGACCATG_005,110
TACCACTGGCCAGGACCATG_006,4
TACCACTGGCCAGGACCATG_007,52
TACCACTGGCCAGGACCATG_008,162
TACCACTGGCCAGGACCATG_009,77
TACCACTGGCCAGGACCATG_010,63
TACCACTGGCCAGGACCATG_011,19
TACCACTGGCCAGGACCATG_012,77
TACCACTGGCCAGGACCATG_013,166
TACCACTGGCCAGGACCATG_014,146
TACCACTGGCCAGGACCATG_015,28
TACCACTGGCCAGGACCATG_016,103
TACCACTGGCCAGGACCATG_017,1
TACCACTGGCCAGGACCATG_018,149
TACCACTGGCCAGGACCATG_019,55
TACCACTGGCCAGGACCATG_020,43
CCGAACAGCACGTCCACGCA_001,77
CCGAACAGCACGTCCACGCA_002,96
CCGAACAGCACGTCCACGCA_003,48
CCGAACAGCACGTCCACGCA_004,48
CCGAACAGCACGTCCACGCA_005,169
CCGAACAGCACGTCCACGCA_006,60
CCGAACAGCACGTCCACGCA_007,146
CCGAACAGCACGTCCACGCA_008,106
CCGAACAGCACGTCCACGCA_009,20
CCGAACAGCACGTCCACGCA_010,87
CCGAACAGCACGTCCACGCA_011,27
CCGAACAGCACGTCCACGCA_012,4
CCGAACAGCACGTCCACGCA_013,185
CCGAACAGCACGTCCACGCA_014,165
CCGAACAGCACGTCCACGCA_015,145
CCGAACAGCACGTCCACGCA_016,191
CCGAACAGCACGTCCACGCA_017,97
CCGAACAGCACGTCCACGCA_018,52
ATAGTTACACCTACAATTAG_001,113
ATAGTTACACCTACAATTAG_002,177
ATAGTTACACCTACAATTAG_003,190
ATAGTTACACCTACAATTAG_004,168
CAGGTAAGTAATTGTTGCCG_001,175
CCTCGGCCACTTGGACATCG_001,84
CCTCGGCCACTTGGACATCG_002,62
CCTCGGCCACTTGGACATCG_003,113
CCTCGGCCACTTGGACATCG_004,105
CCTCGGCCACTTGGACATCG_005,104
CCTCGGCCACTTGGACATCG_006,83
CCTCGGCCACTTGGACATCG_007,142
CCTCGGCCACTTGGACATCG_008,197
CCTCGGCCACTTGGACATCG_009,119
GTATGCGATATTAGAGCTGT_001,25
GTATGCGATATTAGAGCTGT_002,198
GTATGCGATATTAGAGCTGT_003,29
GTATGCGATATTAGAGCTGT_004,177
GTATGCGATATTAGAGCTGT_005,138
GTATGCGATATTAGAGCTGT_006,170
GTATGCGATATTAGAGCTGT_007,166
GTATGCGATATTAGAGCTGT_008,113
ACTTCAGAGTTGTCCAGCGA_001,76
ACTTCAGAGTTGTCCAGCGA_002,62
ACTTCAGAGTTGTCCAGCGA_003,170
ACTTCAGAGTTGTCCAGCGA_004,149
ACTTCAGAGTTGTCCAGCGA_005,110
ACTTCAGAGTTGTCCAGCGA_006,127
ACTTCAGAGTTGTCCAGCGA_007,19
ACTTCAGAGTTGTCCAGCGA_008,70
ACTTCAGAGTTGTCCAGCGA_009,147
ACTTCAGAGTTGTCCAGCGA_010,163
ACTTCAGAGTTGTCCAGCGA_011,107
ACTTCAGAGTTGTCCAGCGA_012,103
ACTTCAGAGTTGTCCAGCGA_013,32
CATGAGGGAATTGCCAAACA_001,127
CATGAGGGAATTGCCAAACA_002,170
CATGAGGGAATTGCCAAACA_003,88
CATGAGGGAATTGCCAAACA_004,153
CATGAGGGAATTGCCAAACA_005,142
CATGAGGGAATTGCCAAACA_006,159
CATGAGGGAATTGCCAAACA_007,59
GTACATGCCATCCTGGCCAT_001,107
GTACATGCCATCCTGGCCAT_002,68
GTACATGCCATCCTGGCCAT_003,115
GTACATGCCATCCTGGCCAT_004,15
GTACATGCCATCCTGGCCAT_005,189
GTACATGCCATCCTGGCCAT_006,180
GTACATGCCATCCTGGCCAT_007,115
GTACATGCCATCCTGGCCAT_008,78
CACGAGCAGGCAGAGCACGA_001,176
CACGAGCAGGCAGAGCACGA_002,151
CACGAGCAGGCAGAGCACGA_003,140
CACGAGCAGGCAGAGCACGA_004,94
CACGAGCAGGCAGAGCACGA_005,91
CACGAGCAGGCAGAGCACGA_006,63
CACGAGCAGGCAGAGCACGA_007,68
CACGAGCAGGCAGAGCACGA_008,117
CACGAGCAGGCAGAGCACGA_009,147
CACGAGCAGGCAGAGCACGA_010,127
CACGAGCAGGCAGAGCACGA_011,3
CACGAGCAGGCAGAGCACGA_012,178
AAATTTCACTTACTTTGGAC_001,0
AAATTTCACTTACTTTGGAC_002,22
GTCTTGTCTCATGACAGCCA_001,152
GTCTTGTCTCATGACAGCCA_002,27
GTCTTGTCTCATGACAGCCA_003,157
GTCTTGTCTCATGACAGCCA_004,156
GTCTTGTCTCATGACAGCCA_005,9
GTCTTGTCTCATGACAGCCA_006,198
GTCTTGTCTCATGACAGCCA_007,130
GTCTTGTCTCATGACAGCCA_008,123
TGCTGGTGTCGATGCCACCA_001,121
TGCTGGTGTCGATGCCACCA_002,12
TGCTGGTGTCGATGCCACCA_003,130
TGCTGGTGTCGATGCCACCA_004,121
TGCTGGTGTCGATGCCACCA_005,121
TGCTGGTGTCGATGCCACCA_006,41
TGCTGGTGTCGATGCCACCA_007,90
TGCTGGTGTCGATGCCACCA_008,89
TGCTGGTGTCGATGCCACCA_009,115
TGCTGGTGTCGATGCCACCA_010,170
AAATCCACGCTCGCACATGG_001,37
AAATCCACGCTCGCACATGG_002,33
AAATCCACGCTCGCACATGG_003,1
AAATCCACGCTCGCACATGG_004,158
AAATCCACGCTCGCACATGG_005,25
AAATCCACGCTCGCACATGG_006,129
AAATCCACGCTCGCACATGG_007,177
AAATCCACGCTCGCACATGG_008,148
AAATCCACGCTCGCACATGG_009,53
AAATCCACGCTCGCACATGG_010,55
AAATCCACGCTCGCACATGG_011,142
AAATCCACGCTCGCACATGG_012,39
AAATCCACGCTCGCACATGG_013,174
AAATCCACGCTCGCACATGG_014,127
AAATCCACGCTCGCACATGG_015,88
AGATTGTTGACATTGACAAA_001,185
AGATTGTTGACATTGACAAA_002,158
AGATTGTTGACATTGACAAA_003,162
AGATTGTTGACATTGACAAA_004,17
AGATTGTTGACATTGACAAA_005,188
AGATTGTTGACATTGACAAA_006,137
AGATTGTTGACATTGACAAA_007,120
CTGGAAGAGAAGGTCCCCTG_001,70
CTGGAAGAGAAGGTCCCCTG_002,17
CTGGAAGAGAAGGTCCCCTG_003,130
CTGGAAGAGAAGGTCCCCTG_004,146
CTGGAAGAGAAGGTCCCCTG_005,53
CTGGAAGAGAAGGTCCCCTG_006,5
CTGGAAGAGAAGGTCCCCTG_007,124
CTGGAAGAGAAGGTCCCCTG_008,149
CTGGAAGAGAAGGTCCCCTG_009,58
CTGGAAGAGAAGGTCCCCTG_010,103
CTGGAAGAGAAGGTCCCCTG_011,64
CTGGAAGAGAAGGTCCCCTG_012,103
CTGGAAGAGAAGGTCCCCTG_013,12
CTGGAAGAGAAGGTCCCCTG_014,88
CTGGAAGAGAAGGTCCCCTG_015,11
CTGGAAGAGAAGGTCCCCTG_016,145
CTGGAAGAGAAGGTCCCCTG_017,110
CTGGAAGAGAAGGTCCCCTG_018,9
CTGGAAGAGAAGGTCCCCTG_019,48
CTGGAAGAGAAGGTCCCCTG_020,129
CTGGAAGAGAAGGTCCCCTG_021,62
CTGGAAGAGAAGGTCCCCTG_022,76
CTGGAAGAGAAGGTCCCCTG_023,12
CTGGAAGAGAAGGTCCCCTG_024,130
CTGGAAGAGAAGGTCCCCTG_025,56
CTGGAAGAGAAGGTCCCCTG_026,58
CTGGAAGAGAAGGTCCCCTG_027,22
CTGGAAGAGAAGGTCCCCTG_028,121
CTGGAAGAGAAGGTCCCCTG_029,117
CTGGAAGAGAAGGTCCCCTG_030,35
TACAGCAAAAGAGTCTACAT_001,123
TACAGCAAAAGAGTCTACAT_002,7
TACAGCAAAAGAGTCTACAT_003,188
TACAGCAAAAGAGTCTACAT_004,199
TACAGCAAAAGAGTCTACAT_005,58
TACAGCAAAAGAGTCTACAT_006,121
TACAGCAAAAGAGTCTACAT_007,48
TACAGCAAAAGAGTCTACAT_008,54
TACAGCAAAAGAGTCTACAT_009,180
ATATAAAGGACTCAAACGCG_001,12
ATATAAAGGACTCAAACGCG_002,27
ATATAAAGGACTCAAACGCG_003,60
ATATAAAGGACTCAAACGCG_004,1
ATATAAAGGACTCAAACGCG_005,105
ATATAAAGGACTCAAACGCG_006,74
ATATAAAGGACTCAAACGCG_007,42
ATATAAAGGACTCAAACGCG_008,30
ATATAAAGGACTCAAACGCG_009,73
ACCAGGTATCAAGCTCATAG_001,30
ACCAGGTATCAAGCTCATAG_002,52
ACCAGGTATCAAGCTCATAG_003,41
ACCAGGTATCAAGCTCATAG_004,82
ACCAGGTATCAAGCTCATAG_005,156
ACCAGGTATCAAGCTCATAG_006,56
AGGAGCAGGAGAACTCGTAG_001,192
AGGAGCAGGAGAACTCGTAG_002,29
AGGAGCAGGAGAACTCGTAG_003,182
AGGAGCAGGAGAACTCGTAG_004,127
AGGAGCAGGAGAACTCGTAG_005,4
AGGAGCAGGAGAACTCGTAG_006,89
AGGAGCAGGAGAACTCGTAG_007,181
AGGAGCAGGAGAACTCGTAG_008,163
AGGAGCAGGAGAACTCGTAG_009,53
AGGAGCAGGAGAACTCGTAG_010,82
AGGAGCAGGAGAACTCGTAG_011,10
AGGAGCAGGAGAACTCGTAG_012,150
AGGAGCAGGAGAACTCGTAG_013,175
AGGAGCAGGAGAACTCGTAG_014,50
AGGAGCAGGAGAACTCGTAG_015,88
AGGAGCAGGAGAACTCGTAG_016,126
AGGAGCAGGAGAACTCGTAG_017,85
AGGAGCAGGAGAACTCGTAG_018,34
AGGAGCAGGAGAACTCGTAG_019,148
AGGAGCAGGAGAACTCGTAG_020,10
AGGAGCAGGAGAACTCGTAG_021,172
AGGAGCAGGAGAACTCGTAG_022,191
AACCAAGCGTTCTTACAACA_001,197
GCCCACTTCAAGCATCAATG_001,105
GCCCACTTCAAGCATCAATG_002,48
GCCCACTTCAAGCATCAATG_003,6
GCCCACTTCAAGCATCAATG_004,169
GCCCACTTCAAGCATCAATG_005,30
GCCCACTTCAAGCATCAATG_006,151
GCCCACTTCAAGCATCAATG_007,149
GCCCACTTCAAGCATCAATG_008,6
GCCCACTTCAAGCATCAATG_009,161
GCCCACTTCAAGCATCAATG_010,156
GCCCACTTCAAGCATCAATG_011,136
GCCCACTTCAAGCATCAATG_012,28
TCACCCCATCAAAATCACTC_001,149
TCACCCCATCAAAATCACTC_002,34
TCACCCCATCAAAATCACTC_003,165
TCACCCCATCAAAATCACTC_004,197
TCACCCCATCAAAATCACTC_005,51
TCACCCCATCAAAATCACTC_006,135
TCACCCCATCAAAATCACTC_007,161
TCACCCCATCAAAATCACTC_008,28
TCACCCCATCAAAATCACTC_009,23
TCACCCCATCAAAATCACTC_010,88
TCACCCCATCAAAATCACTC_011,98
TCACCCCATCAAAATCACTC_012,2
TCACCCCATCAAAATCACTC_013,7
TCACCCCATCAAAATCACTC_014,175
TCACCCCATCAAAATCACTC_015,106
CATCTGGTCGCCGTCCAGAG_001,166
CATCTGGTCGCCGTCCAGAG_002,69
CATCTGGTCGCCGTCCAGAG_003,133
CATCTGGTCGCCGTCCAGAG_004,110
GGTACCGGGGCAGCTACTGG_001,142
GGTACCGGGGCAGCTACTGG_002,6
GGTACCGGGGCAGCTACTGG_003,6
GGTACCGGGGCAGCTACTGG_004,81
GGTACCGGGGCAGCTACTGG_005,4
GGTACCGGGGCAGCTACTGG_006,23
GGTACCGGGGCAGCTACTGG_007,107
GGTACCGGGGCAGCTACTGG_008,31
GGTACCGGGGCAGCTACTGG_009,198
GGTACCGGGGCAGCTACTGG_010,49
GGTACCGGGGCAGCTACTGG_011,130
GGTACCGGGGCAGCTACTGG_012,134
GGTACCGGGGCAGCTACTGG_013,15
GGTACCGGGGCAGCTACTGG_014,115
GGTACCGGGGCAGCTACTGG_015,96
GGTACCGGGGCAGCTACTGG_016,95
GGTACCGGGGCAGCTACTGG_017,113
GGTACCGGGGCAGCTACTGG_018,175
GGTACCGGGGCAGCTACTGG_019,40
GGTACCGGGGCAGCTACTGG_020,106
GGTACCGGGGCAGCTACTGG_021,69
GGTACCGGGGCAGCTACTGG_022,70
GGTACCGGGGCAGCTACTGG_023,32
GGTACCGGGGCAGCTACTGG_024,72
GGTACCGGGGCAGCTACTGG_025,144
GGTACCGGGGCAGCTACTGG_026,170
GGTACCGGGGCAGCTACTGG_027,9
GGTACCGGGGCAGCTACTGG_028,48
CCTACCAGTGAAGAGGTCCG_001,173
CCTACCAGTGAAGAGGTCCG_002,56
CCTACCAGTGAAGAGGTCCG_003,78
CCTACCAGTGAAGAGGTCCG_004,128
CCTACCAGTGAAGAGGTCCG_005,154
CCTACCAGTGAAGAGGTCCG_006,197
CCTACCAGTGAAGAGGTCCG_007,74
CCTACCAGTGAAGAGGTCCG_008,141
CCTACCAGTGAAGAGGTCCG_009,68
CCTACCAGTGAAGAGGTCCG_010,97
CCTACCAGTGAAGAGGTCCG_011,47
CCTACCAGTGAAGAGGTCCG_012,162
CCTACCAGTGAAGAGGTCCG_013,25
CCTACCAGTGAAGAGGTCCG_014,138
CCTACCAGTGAAGAGGTCCG_015,9
CCTACCAGTGAAGAGGTCCG_016,150
CATGGGCTTTCTATGCAACG_001,48
CATGGGCTTTCTATGCAACG_002,115
CATGGGCTTTCTATGCAACG_003,9
CATGGGCTTTCTATGCAACG_004,174
CTCAAGAGCTTAGTGAACAA_001,115
CTCAAGAGCTTAGTGAACAA_002,130
CTCAAGAGCTTAGTGAACAA_003,28
CTCAAGAGCTTAGTGAACAA_004,88
CTCAAGAGCTTAGTGAACAA_005,103
CTCAAGAGCTTAGTGAACAA_006,94
GAGTCAGGAAGCACTACAGG_001,133
GAGTCAGGAAGCACTACAGG_002,160
GAGTCAGGAAGCACTACAGG_003,169
GAGTCAGGAAGCACTACAGG_004,140
GAGTCAGGAAGCACTACAGG_005,52
GAGTCAGGAAGCACTACAGG_006,193
GAGTCAGGAAGCACTACAGG_007,51
GAGTCAGGAAGCACTACAGG_008,112
GAGTCAGGAAGCACTACAGG_009,199
GAGTCAGGAAGCACTACAGG_010,150
GAGTCAGGAAGCACTACAGG_011,184
GAGTCAGGAAGCACTACAGG_012,88
GAGTCAGGAAGCACTACAGG_013,147
GAGTCAGGAAGCACTACAGG_014,178
GAGTCAGGAAGCACTACAGG_015,41
GAGTCAGGAAGCACTACAGG_016,168
GAGTCAGGAAGCACTACAGG_017,66
TATTGGTGATTACAATCGAA_001,120
TGTGTGCCGAATATTAGGTG_001,82
TGTGTGCCGAATATTAGGTG_002,183
TGTGTGCCGAATATTAGGTG_003,17
TGTGTGCCGAATATTAGGTG_004,123
TGTGTGCCGAATATTAGGTG_005,81
TGTGTGCCGAATATTAGGTG_006,165
CCTGCTGACCAGTAACTCCC_001,150
CTGTAAAGGAACAACAAGAG_001,76
CTGTAAAGGAACAACAAGAG_002,184
CTGTAAAGGAACAACAAGAG_003,159
CTGTAAAGGAACAACAAGAG_004,53
CTGTAAAGGAACAACAAGAG_005,36
CTGTAAAGGAACAACAAGAG_006,173
CTGTAAAGGAACAACAAGAG_007,173
CTGTAAAGGAACAACAAGAG_008,115
CTGTAAAGGAACAACAAGAG_009,145
CTGTAAAGGAACAACAAGAG_010,104
CTGTAAAGGAACAACAAGAG_011,34
CTGTAAAGGAACAACAAGAG_012,184
CTGTAAAGGAACAACAAGAG_013,150
CTGTAAAGGAACAACAAGAG_014,166
CTGTAAAGGAACAACAAGAG_015,153
CAACAGGATGGAATCCGACG_001,17
CAACAGGATGGAATCCGACG_002,10
CAACAGGATGGAATCCGACG_003,150
CAACAGGATGGAATCCGACG_004,170
CAACAGGATGGAATCCGACG_005,69
CAACAGGATGGAATCCGACG_006,20
GCTCTCAACCTAACACGCCA_001,137
GCTCTCAACCTAACACGCCA_002,84
GCTCTCAACCTAACACGCCA_003,9
GCTCTCAACCTAACACGCCA_004,70
GCTCTCAACCTAACACGCCA_005,127
GCTCTCAACCTAACACGCCA_006,96
GCTCTCAACCTAACACGCCA_007,141
GCTCTCAACCTAACACGCCA_008,138
GCTCTCAACCTAACACGCCA_009,148
GCTCTCAACCTAACACGCCA_010,28
GCTCTCAACCTAACACGCCA_011,58
GCTCTCAACCTAACACGCCA_012,31
GCTCTCAACCTAACACGCCA_013,48
GCTCTCAACCTAACACGCCA_014,20
GCTCTCAACCTAACACGCCA_015,192
GCTCTCAACCTAACACGCCA_016,5
GCTCTCAACCTAACACGCCA_017,124
GCTCTCAACCTAACACGCCA_018,165
GCTCTCAACCTAACACGCCA_019,96
GCTCTCAACCTAACACGCCA_020,78
GCTCTCAACCTAACACGCCA_021,130
GCTCTCAACCTAACACGCCA_022,158
ACAGATACAAGGACAGAGCG_001,150
ACAGATACAAGGACAGAGCG_002,18
ACAGATACAAGGACAGAGCG_003,43
GCAGAGGGATGCGTGCCACG_001,176
GCAGAGGGATGCGTGCCACG_002,152
GCAGAGGGATGCGTGCCACG_003,158
GCAGAGGGATGCGTGCCACG_004,44
GCAGAGGGATGCGTGCCACG_005,155
GCAGAGGGATGCGTGCCACG_006,9
GCAGAGGGATGCGTGCCACG_007,33
GCAGAGGGATGCGTGCCACG_008,66
GCAGAGGGATGCGTGCCACG_009,182
GCAGAGGGATGCGTGCCACG_010,141
GCAGAGGGATGCGTGCCACG_011,27
CGGAGCTTAGCGTGGGGGCG_001,127
CGGAGCTTAGCGTGGGGGCG_002,48
CGGAGCTTAGCGTGGGGGCG_003,11
CGGAGCTTAGCGTGGGGGCG_004,119
CGGAGCTTAGCGTGGGGGCG_005,193
CGGAGCTTAGCGTGGGGGCG_006,166
CGGAGCTTAGCGTGGGGGCG_007,93
CGGAGCTTAGCGTGGGGGCG_008,15
CGGAGCTTAGCGTGGGGGCG_009,50
CGGAGCTTAGCGTGGGGGCG_010,186
CGGAGCTTAGCGTGGGGGCG_011,141
CGGAGCTTAGCGTGGGGGCG_012,67
CGGAGCTTAGCGTGGGGGCG_013,61
CGGAGCTTAGCGTGGGGGCG_014,54
CGGAGCTTAGCGTGGGGGCG_015,153
CGGAGCTTAGCGTGGGGGCG_016,82
CGGAGCTTAGCGTGGGGGCG_017,2
CGGAGCTTAGCGTGGGGGCG_018,192
CGGAGCTTAGCGTGGGGGCG_019,60
CGGAGCTTAGCGTGGGGGCG_020,60
CGGAGCTTAGCGTGGGGGCG_021,94
CGGAGCTTAGCGTGGGGGCG_022,168
CGGAGCTTAGCGTGGGGGCG_023,108
CGGAGCTTAGCGTGGGGGCG_024,2
CGGAGCTTAGCGTGGGGGCG_025,2
CGGAGCTTAGCGTGGGGGCG_026,87
CGGAGCTTAGCGTGGGGGCG_027,145
GTGACTTGCCTGATCAAACT_001,178
GTGACTTGCCTGATCAAACT_002,4
AAAATCAGCATAGTTGAACC_001,45
AAAATCAGCATAGTTGAACC_002,172
AAAATCAGCATAGTTGAACC_003,41
AAGTGGGTGAGCTAGACACG_001,27
AAGTGGGTGAGCTAGACACG_002,32
AAGTGGGTGAGCTAGACACG_003,18
AAGTGGGTGAGCTAGACACG_004,115
AAGTGGGTGAGCTAGACACG_005,62
AAGTGGGTGAGCTAGACACG_006,126
AAGTGGGTGAGCTAGACACG_007,11
AAGTGGGTGAGCTAGACACG_008,121
AAGTGGGTGAGCTAGACACG_009,169
AAGTGGGTGAGCTAGACACG_010,89
AAGTGGGTGAGCTAGACACG_011,94
AAGTGGGTGAGCTAGACACG_012,139
AAGTGGGTGAGCTAGACACG_013,155
AAGTGGGTGAGCTAGACACG_014,124
AAGTGGGTGAGCTAGACACG_015,166
AAGTGGGTGAGCTAGACACG_016,199
AAGTGGGTGAGCTAGACACG_017,124
TGTTCACCTTGATATCCTGA_001,61
CATCTGACCCAAGAAACTAA_001,79
CATCTGACCCAAGAAACTAA_002,76
CATCTGACCCAAGAAACTAA_003,20
CATCTGACCCAAGAAACTAA_004,158
GATGCACTCACCTTGCACCG_001,50
GATGCACTCACCTTGCACCG_002,17
GATGCACTCACCTTGCACCG_003,13
GATGCACTCACCTTGCACCG_004,75
GATGCACTCACCTTGCACCG_005,68
GATGCACTCACCTTGCACCG_006,144
TTCGGGGTAGACCTCCATAG_001,113
TTCGGGGTAGACCTCCATAG_002,193
TTCGGGGTAGACCTCCATAG_003,25
TTCGGGGTAGACCTCCATAG_004,144
TTCGGGGTAGACCTCCATAG_005,88
TTCGGGGTAGACCTCCATAG_006,108
TTCGGGGTAGACCTCCATAG_007,6
TTCGGGGTAGACCTCCATAG_008,137
TTCGGGGTAGACCTCCATAG_009,97
TTCGGGGTAGACCTCCATAG_010,44
TTCGGGGTAGACCTCCATAG_011,82
TTCGGGGTAGACCTCCATAG_012,12
TTCGGGGTAGACCTCCATAG_013,47
TTCGGGGTAGACCTCCATAG_014,19
TTCGGGGTAGACCTCCATAG_015,52
AAGTGCTGCATCAACGTGTG_001,17
AAGTGCTGCATCAACGTGTG_002,181
AAGTGCTGCATCAACGTGTG_003,130
AAGTGCTGCATCAACGTGTG_004,158
AAGTGCTGCATCAACGTGTG_005,127
AAGTGCTGCATCAACGTGTG_006,70
AAGTGCTGCATCAACGTGTG_007,57
AAGTGCTGCATCAACGTGTG_008,150
AAGTGCTGCATCAACGTGTG_009,40
AAGTGCTGCATCAACGTGTG_010,110
AAGTGCTGCATCAACGTGTG_011,82
AAGTGCTGCATCAACGTGTG_012,44
AAGTGCTGCATCAACGTGTG_013,181
AAGTGCTGCATCAACGTGTG_014,157
AAGTGCTGCATCAACGTGTG_015,22
AAGTGCTGCATCAACGTGTG_016,136
AAGTGCTGCATCAACGTGTG_017,180
AAGTGCTGCATCAACGTGTG_018,108
AAGTGCTGCATCAACGTGTG_019,23
AAGTGCTGCATCAACGTGTG_020,138
AAGTGCTGCATCAACGTGTG_021,44
AAGTGCTGCATCAACGTGTG_022,8
AAGTGCTGCATCAACGTGTG_023,88
AGAAATGAGCATTTCAAGAG_001,97
AATATTATGGAAACACTCCA_001,8
AATATTATGGAAACACTCCA_002,183
AATATTATGGAAACACTCCA_003,66
AATATTATGGAAACACTCCA_004,26
AATTAAACTTACAAGAGGCA_001,177
AATTAAACTTACAAGAGGCA_002,171
AATTAAACTTACAAGAGGCA_003,89
AATTAAACTTACAAGAGGCA_004,162
AATTAAACTTACAAGAGGCA_005,102
AATTAAACTTACAAGAGGCA_006,190
AATTAAACTTACAAGAGGCA_007,157
AATTAAACTTACAAGAGGCA_008,172
CTGGCCCTCATCGAACGTGG_001,148
CTGGCCCTCATCGAACGTGG_002,107
GGGCAGAAGTTGCTGTCCTG_001,182
GGGCAGAAGTTGCTGTCCTG_002,96
GGGCAGAAGTTGCTGTCCTG_003,99
GGGCAGAAGTTGCTGTCCTG_004,109
GGGCAGAAGTTGCTGTCCTG_005,79
GGGCAGAAGTTGCTGTCCTG_006,45
GGGCAGAAGTTGCTGTCCTG_007,195
GGGCAGAAGTTGCTGTCCTG_008,93
GGGCAGAAGTTGCTGTCCTG_009,127
GGGCAGAAGTTGCTGTCCTG_010,23
GGGCAGAAGTTGCTGTCCTG_011,144
GGGCAGAAGTTGCTGTCCTG_012,2
GGGCAGAAGTTGCTGTCCTG_013,136
GGGCAGAAGTTGCTGTCCTG_014,60
GGGCAGAAGTTGCTGTCCTG_015,166
GGGCAGAAGTTGCTGTCCTG_016,154
AGTTGTGAGAAGCCCCAAGT_001,134
AGTTGTGAGAAGCCCCAAGT_002,50
AGTTGTGAGAAGCCCCAAGT_003,3
AGTTGTGAGAAGCCCCAAGT_004,165
AGTTGTGAGAAGCCCCAAGT_005,97
AGTTGTGAGAAGCCCCAAGT_006,149
AGTTGTGAGAAGCCCCAAGT_007,102
AGTTGTGAGAAGCCCCAAGT_008,97
AGTTGTGAGAAGCCCCAAGT_009,182
AGTTGTGAGAAGCCCCAAGT_010,192
AGTTGTGAGAAGCCCCAAGT_011,141
AGTTGTGAGAAGCCCCAAGT_012,96
AGTTGTGAGAAGCCCCAAGT_013,148
AGTTGTGAGAAGCCCCAAGT_014,60
AGTTGTGAGAAGCCCCAAGT_015,149
AGTTGTGAGAAGCCCCAAGT_016,133
AGTTGTGAGAAGCCCCAAGT_017,158
AGTTGTGAGAAGCCCCAAGT_018,174
AGTTGTGAGAAGCCCCAAGT_019,168
AGTTGTGAGAAGCCCCAAGT_020,174
CAAACATAATTACTGCCGGT_001,64
TACCTCTGTGACATTGAACG_001,166
TACCTCTGTGACATTGAACG_002,138
TACCTCTGTGACATTGAACG_003,78
TACCTCTGTGACATTGAACG_004,83
TACCTCTGTGACATTGAACG_005,63
TACCTCTGTGACATTGAACG_006,93
TACCTCTGTGACATTGAACG_007,10
TACCTCTGTGACATTGAACG_008,191
TACCTCTGTGACATTGAACG_009,17
ACAGCACTTGCTAGGAACAG_001,65
ACAGCACTTGCTAGGAACAG_002,146
ACAGCACTTGCTAGGAACAG_003,141
ACAGCACTTGCTAGGAACAG_004,29
ACAGCACTTGCTAGGAACAG_005,11
ACAGCACTTGCTAGGAACAG_006,190
ACAGCACTTGCTAGGAACAG_007,117
ACAGCACTTGCTAGGAACAG_008,199
ACAGCACTTGCTAGGAACAG_009,119
ACAGCACTTGCTAGGAACAG_010,9
ACAGCACTTGCTAGGAACAG_011,192
ACAGCACTTGCTAGGAACAG_012,41
ACAGCACTTGCTAGGAACAG_013,177
ACAGCACTTGCTAGGAACAG_014,61
ACAGCACTTGCTAGGAACAG_015,133
ACAGCACTTGCTAGGAACAG_016,17
ACAGCACTTGCTAGGAACAG_017,12
ACAGCACTTGCTAGGAACAG_018,68
ACAGCACTTGCTAGGAACAG_019,23
CTGCAAAGTGGTACGATCGA_001,94
CTGCAAAGTGGTACGATCGA_002,18
CTGCAAAGTGGTACGATCGA_003,38
CTGCAAAGTGGTACGATCGA_004,69
CTGCAAAGTGGTACGATCGA_005,154
CTGCAAAGTGGTACGATCGA_006,118
CTGCAAAGTGGTACGATCGA_007,91
CTGCAAAGTGGTACGATCGA_008,67
CTGCAAAGTGGTACGATCGA_009,92
CTGCAAAGTGGTACGATCGA_010,73
CTGCAAAGTGGTACGATCGA_011,184
CTGCAAAGTGGTACGATCGA_012,158
CTGCAAAGTGGTACGATCGA_013,145
TGACAGTCCCCGATACTGTG_001,98
TGACAGTCCCCGATACTGTG_002,38
TGACAGTCCCCGATACTGTG_003,48
TGACAGTCCCCGATACTGTG_004,41
TGACAGTCCCCGATACTGTG_005,47
TGACAGTCCCCGATACTGTG_006,134
TGACAGTCCCCGATACTGTG_007,162
TGACAGTCCCCGATACTGTG_008,169
AGGTCCCTATGATAGGCCGG_001,94
AGGTCCCTATGATAGGCCGG_002,154
AGGTCCCTATGATAGGCCGG_003,129
AGGTCCCTATGATAGGCCGG_004,105
AGGTCCCTATGATAGGCCGG_005,81
AGGTCCCTATGATAGGCCGG_006,15
AGGTCCCTATGATAGGCCGG_007,89
GAGGTGCAGATGAAGCGCGT_001,107
GAGGTGCAGATGAAGCGCGT_002,23
GAGGTGCAGATGAAGCGCGT_003,30
CGTGTTGAAGTACTCAACGC_001,58
CGTGTTGAAGTACTCAACGC_002,143
CGTGTTGAAGTACTCAACGC_003,92
CGTGTTGAAGTACTCAACGC_004,146
CGTGTTGAAGTACTCAACGC_005,17
CGTGTTGAAGTACTCAACGC_006,147
CGTGTTGAAGTACTCAACGC_007,59
ACGAAGTTAAGTAATTTCCA_001,181
ACGAAGTTAAGTAATTTCCA_002,55
ACGAAGTTAAGTAATTTCCA_003,185
ACGAAGTTAAGTAATTTCCA_004,160
ATAGTGCCTTTAACTTCCCG_001,192
ATAGTGCCTTTAACTTCCCG_002,94
ATAGTGCCTTTAACTTCCCG_003,120
ATAGTGCCTTTAACTTCCCG_004,147
ATAGTGCCTTTAACTTCCCG_005,88
ATAGTGCCTTTAACTTCCCG_006,57
ATAGTGCCTTTAACTTCCCG_007,198
ATAGTGCCTTTAACTTCCCG_008,114
ATAGTGCCTTTAACTTCCCG_009,29
ATAGTGCCTTTAACTTCCCG_010,40
ATAGTGCCTTTAACTTCCCG_011,63
ATAGTGCCTTTAACTTCCCG_012,197
ATAGTGCCTTTAACTTCCCG_013,132
ATAGTGCCTTTAACTTCCCG_014,178
ATAGTGCCTTTAACTTCCCG_015,97
ATAGTGCCTTTAACTTCCCG_016,1
ATAGTGCCTTTAACTTCCCG_017,1
CCAACGGTGCTGTGACTCTG_001,138
CCAACGGTGCTGTGACTCTG_002,34
CCAACGGTGCTGTGACTCTG_003,116
CCAACGGTGCTGTGACTCTG_004,75
CCAACGGTGCTGTGACTCTG_005,31
CCAACGGTGCTGTGACTCTG_006,96
CCAACGGTGCTGTGACTCTG_007,168
CCAACGGTGCTGTGACTCTG_008,48
CCAACGGTGCTGTGACTCTG_009,0
AGCGTTGATGATCCAAGTGT_001,21
AGCGTTGATGATCCAAGTGT_002,197
AGCGTTGATGATCCAAGTGT_003,166
ATGCGCAGCTCCAGAATTTT_001,159
ATGCGCAGCTCCAGAATTTT_002,137
ATGCGCAGCTCCAGAATTTT_003,48
ATGCGCAGCTCCAGAATTTT_004,41
ATGCGCAGCTCCAGAATTTT_005,105
ATGCGCAGCTCCAGAATTTT_006,98
ATGCGCAGCTCCAGAATTTT_007,2
ATGCGCAGCTCCAGAATTTT_008,122
ATGCGCAGCTCCAGAATTTT_009,163
ATGCGCAGCTCCAGAATTTT_010,92
ATGCGCAGCTCCAGAATTTT_011,45
ATGCGCAGCTCCAGAATTTT_012,162
ATGCGCAGCTCCAGAATTTT_013,30
ATGCGCAGCTCCAGAATTTT_014,182
ATGCGCAGCTCCAGAATTTT_015,127
ATGCGCAGCTCCAGAATTTT_016,129
ATGCGCAGCTCCAGAATTTT_017,15
ATGCGCAGCTCCAGAATTTT_018,134
ATGCGCAGCTCCAGAATTTT_019,70
ATGCGCAGCTCCAGAATTTT_020,69
ATGCGCAGCTCCAGAATTTT_021,40
ATGCGCAGCTCCAGAATTTT_022,144
ATGCGCAGCTCCAGAATTTT_023,144
ATGCGCAGCTCCAGAATTTT_024,21
GGAGACCATCGAGACCACAG_001,168
GGAGACCATCGAGACCACAG_002,4
GGAGACCATCGAGACCACAG_003,9
GGCAACTATGCGGAGCGGGT_001,82
AATGGATGAGCTTTATCCCA_001,61
AATGGATGAGCTTTATCCCA_002,83
AATGGATGAGCTTTATCCCA_003,38
AATGGATGAGCTTTATCCCA_004,74
AATGGATGAGCTTTATCCCA_005,147
AATGGATGAGCTTTATCCCA_006,60
AATGGATGAGCTTTATCCCA_007,152
AATGGATGAGCTTTATCCCA_008,103
AATGGATGAGCTTTATCCCA_009,75
AATGGATGAGCTTTATCCCA_010,183
AATGGATGAGCTTTATCCCA_011,94
AATGGATGAGCTTTATCCCA_012,67
AATGGATGAGCTTTATCCCA_013,17
AATGGATGAGCTTTATCCCA_014,186
AATGGATGAGCTTTATCCCA_015,174
AATGGATGAGCTTTATCCCA_016,50
AATGGATGAGCTTTATCCCA_017,94
AATGGATGAGCTTTATCCCA_018,49
AATGGATGAGCTTTATCCCA_019,178
AATGGATGAGCTTTATCCCA_020,149
AATGGATGAGCTTTATCCCA_021,130
TCCTGGTACAAACTCCACGA_001,144
TCCTGGTACAAACTCCACGA_002,23
TCCTGGTACAAACTCCACGA_003,116
TCCTGGTACAAACTCCACGA_004,23
TCCTGGTACAAACTCCACGA_005,27
TCCTGGTACAAACTCCACGA_006,160
TCCTGGTACAAACTCCACGA_007,28
TCCTGGTACAAACTCCACGA_008,145
TCCTGGTACAAACTCCACGA_009,120
TCCTGGTACAAACTCCACGA_010,188
TCCTGGTACAAACTCCACGA_011,184
TCCTGGTACAAACTCCACGA_012,41
TCCTGGTACAAACTCCACGA_013,89
TCCTGGTACAAACTCCACGA_014,149
ACTTCGTTCAAGTGGATCCA_001,85
ACTTCGTTCAAGTGGATCCA_002,44
ACTTCGTTCAAGTGGATCCA_003,117
ACTTCGTTCAAGTGGATCCA_004,155
ACTTCGTTCAAGTGGATCCA_005,70
ACTTCGTTCAAGTGGATCCA_006,189
ACTTCGTTCAAGTGGATCCA_007,7
ACTTCGTTCAAGTGGATCCA_008,38
ACTTCGTTCAAGTGGATCCA_009,138
ACTTCGTTCAAGTGGATCCA_010,128
ACTTCGTTCAAGTGGATCCA_011,168
ACTTCGTTCAAGTGGATCCA_012,91
ACTTCGTTCAAGTGGATCCA_013,30
ATGCCACAATCACTTAAGGT_001,149
ATGCCACAATCACTTAAGGT_002,9
ATGCCACAATCACTTAAGGT_003,146
ATGCCACAATCACTTAAGGT_004,190
ATGCCACAATCACTTAAGGT_005,157
ATGCCACAATCACTTAAGGT_006,153
GAAGTGCGTAGAGAATGGCG_001,54
GAAGTGCGTAGAGAATGGCG_002,168
GAAGTGCGTAGAGAATGGCG_003,94
GAAGTGCGTAGAGAATGGCG_004,165
GAAGTGCGTAGAGAATGGCG_005,193
CTTGGTGTGAACCCTGCCGT_001,9
CTTGGTGTGAACCCTGCCGT_002,76
CTTGGTGTGAACCCTGCCGT_003,58
CTTGGTGTGAACCCTGCCGT_004,76
CTTGGTGTGAACCCTGCCGT_005,118
CTTGGTGTGAACCCTGCCGT_006,61
CTTGGTGTGAACCCTGCCGT_007,193
CTTGGTGTGAACCCTGCCGT_008,166
CTTGGTGTGAACCCTGCCGT_009,60
CTTGGTGTGAACCCTGCCGT_010,184
CTTGGTGTGAACCCTGCCGT_011,78
CTTGGTGTGAACCCTGCCGT_012,78
ATGCACAATACACCAAGTTG_001,96
ATGCACAATACACCAAGTTG_002,81
ATAGAGCATCCGAAAGCTGT_001,137
ATAGAGCATCCGAAAGCTGT_002,127
ATAGAGCATCCGAAAGCTGT_003,141
ATAGAGCATCCGAAAGCTGT_004,42
ATAGAGCATCCGAAAGCTGT_005,104
ATAGAGCATCCGAAAGCTGT_006,174
ATAGAGCATCCGAAAGCTGT_007,9
ATAGAGCATCCGAAAGCTGT_008,84
ATAGAGCATCCGAAAGCTGT_009,184
ATAGAGCATCCGAAAGCTGT_010,22
ATAGAGCATCCGAAAGCTGT_011,29
ATAGAGCATCCGAAAGCTGT_012,7
CAGCGGGTTGATGACCGGAG_001,15
CAGCGGGTTGATGACCGGAG_002,18
CAGCGGGTTGATGACCGGAG_003,88
CAGCGGGTTGATGACCGGAG_004,121
CAGCGGGTTGATGACCGGAG_005,168
CACTGCACCCAAACCCGCCG_001,183
CACTGCACCCAAACCCGCCG_002,107
CACTGCACCCAAACCCGCCG_003,1
CACTGCACCCAAACCCGCCG_004,64
CACTGCACCCAAACCCGCCG_005,33
CACTGCACCCAAACCCGCCG_006,23
CACTGCACCCAAACCCGCCG_007,123
CACTGCACCCAAACCCGCCG_008,177
CACTGCACCCAAACCCGCCG_009,118
CACTGCACCCAAACCCGCCG_010,185
CACTGCACCCAAACCCGCCG_011,178
CACTGCACCCAAACCCGCCG_012,46
CACTGCACCCAAACCCGCCG_013,147
CACTGCACCCAAACCCGCCG_014,188
CACTGCACCCAAACCCGCCG_015,52
CACTGCACCCAAACCCGCCG_016,56
CACTGCACCCAAACCCGCCG_017,98
CACTGCACCCAAACCCGCCG_018,75
CACTGCACCCAAACCCGCCG_019,30
CACTGCACCCAAACCCGCCG_020,148
CACTGCACCCAAACCCGCCG_021,77
CACTGCACCCAAACCCGCCG_022,105
CACTGCACCCAAACCCGCCG_023,34
CACTGCACCCAAACCCGCCG_024,188
CACTGCACCCAAACCCGCCG_025,142
CACTGCACCCAAACCCGCCG_026,32
GGAGCCATAAAGCTGCTTGG_001,115
GGAGCCATAAAGCTGCTTGG_002,159
GGAGCCATAAAGCTGCTTGG_003,65
GGAGCCATAAAGCTGCTTGG_004,131
GGAGCCATAAAGCTGCTTGG_005,68
CTTAAGTTTCAGATTGTCGG_001,155
CTTAAGTTTCAGATTGTCGG_002,45
CTTAAGTTTCAGATTGTCGG_003,27
CTTAAGTTTCAGATTGTCGG_004,176
CTTAAGTTTCAGATTGTCGG_005,49
CATGGAGGTGCTCAACACGC_001,43
CATGGAGGTGCTCAACACGC_002,119
CATGGAGGTGCTCAACACGC_003,0
CATGGAGGTGCTCAACACGC_004,78
GAGTTGATCAAAGACCTGGT_001,67
GAGTTGATCAAAGACCTGGT_002,147
GAGTTGATCAAAGACCTGGT_003,34
GAGTTGATCAAAGACCTGGT_004,150
GAGTTGATCAAAGACCTGGT_005,176
GAGTTGATCAAAGACCTGGT_006,49
GAGTTGATCAAAGACCTGGT_007,81
GGTCATTCACTCTCATCGTG_001,70
GGTCATTCACTCTCATCGTG_002,15
GGTCATTCACTCTCATCGTG_003,46
GGTCATTCACTCTCATCGTG_004,98
GGTCATTCACTCTCATCGTG_005,159
GGTCATTCACTCTCATCGTG_006,85
GGTCATTCACTCTCATCGTG_007,97
GGTCATTCACTCTCATCGTG_008,95
GGTCATTCACTCTCATCGTG_009,158
GGTCATTCACTCTCATCGTG_010,174
GGTCATTCACTCTCATCGTG_011,136
GGTCATTCACTCTCATCGTG_012,15
TGCAAGTTACCTATACAGAG_001,104
TGCAAGTTACCTATACAGAG_002,67
CAGCGCGCGGATGTACTCCA_001,17
CAGCGCGCGGATGTACTCCA_002,113
CAGCGCGCGGATGTACTCCA_003,26
CAGCGCGCGGATGTACTCCA_004,74
TTAGGCAGTGACTCACACAA_001,9
TTAGGCAGTGACTCACACAA_002,35
TTAGGCAGTGACTCACACAA_003,148
TTAGGCAGTGACTCACACAA_004,94
TTAGGCAGTGACTCACACAA_005,32
TTAGGCAGTGACTCACACAA_006,103
CATCATACACCCGCCCCTCG_001,45
CATCATACACCCGCCCCTCG_002,134
CATCATACACCCGCCCCTCG_003,21
CATCATACACCCGCCCCTCG_004,146
CATCATACACCCGCCCCTCG_005,173
CATCATACACCCGCCCCTCG_006,86
CATCATACACCCGCCCCTCG_007,158
CATCATACACCCGCCCCTCG_008,177
CATCATACACCCGCCCCTCG_009,19
CATCATACACCCGCCCCTCG_010,68
CATCATACACCCGCCCCTCG_011,66
CATCATACACCCGCCCCTCG_012,148
CATCATACACCCGCCCCTCG_013,90
CATCATACACCCGCCCCTCG_014,155
CATCATACACCCGCCCCTCG_015,57
TGGAAACGCCGAAACAACGT_001,11
TGGAAACGCCGAAACAACGT_002,96
TGGAAACGCCGAAACAACGT_003,196
TGGAAACGCCGAAACAACGT_004,192
TGGAAACGCCGAAACAACGT_005,51
TGGAAACGCCGAAACAACGT_006,69
TGGAAACGCCGAAACAACGT_007,123
TGGAAACGCCGAAACAACGT_008,174
TGGAAACGCCGAAACAACGT_009,102
TGGAAACGCCGAAACAACGT_010,76
TGGAAACGCCGAAACAACGT_011,142
TGGAAACGCCGAAACAACGT_012,36
TGGAAACGCCGAAACAACGT_013,48
TGGAAACGCCGAAACAACGT_014,112
TGGAAACGCCGAAACAACGT_015,174
TGGAAACGCCGAAACAACGT_016,106
TGGAAACGCCGAAACAACGT_017,77
TGGAAACGCCGAAACAACGT_018,83
CCAGCTATACGGAGAATCAT_001,68
CCAGCTATACGGAGAATCAT_002,88
CCAGCTATACGGAGAATCAT_003,119
CCAGCTATACGGAGAATCAT_004,102
CCAGCTATACGGAGAATCAT_005,78
CCAGCTATACGGAGAATCAT_006,42
CCAGCTATACGGAGAATCAT_007,19
CATGTAACTTACGGATGACA_001,155
CATGTAACTTACGGATGACA_002,38
GGAACCCAGAAGCTTCGAGT_001,45
GGAACCCAGAAGCTTCGAGT_002,15
GGAACCCAGAAGCTTCGAGT_003,92
GGAACCCAGAAGCTTCGAGT_004,169
GGAACCCAGAAGCTTCGAGT_005,36
GGAACCCAGAAGCTTCGAGT_006,107
GGAACCCAGAAGCTTCGAGT_007,9
GGAACCCAGAAGCTTCGAGT_008,61
GGAACCCAGAAGCTTCGAGT_009,137
GGAACCCAGAAGCTTCGAGT_010,88
GGAACCCAGAAGCTTCGAGT_011,81
GGAACCCAGAAGCTTCGAGT_012,12
GGAACCCAGAAGCTTCGAGT_013,58
GGAACCCAGAAGCTTCGAGT_014,123
GGAACCCAGAAGCTTCGAGT_015,157
GGAACCCAGAAGCTTCGAGT_016,51
GGAACCCAGAAGCTTCGAGT_017,15
GGAACCCAGAAGCTTCGAGT_018,43
GGAACCCAGAAGCTTCGAGT_019,66
GGAACCCAGAAGCTTCGAGT_020,137
GGAACCCAGAAGCTTCGAGT_021,176
GGAACCCAGAAGCTTCGAGT_022,2
CAGCTCCCGGCAGACGACGT_001,182
CAGCTCCCGGCAGACGACGT_002,165
CAGCTCCCGGCAGACGACGT_003,183
CAGCTCCCGGCAGACGACGT_004,168
CAGCTCCCGGCAGACGACGT_005,41
CAGCTCCCGGCAGACGACGT_006,96
CAGCTCCCGGCAGACGACGT_007,32
CAGCTCCCGGCAGACGACGT_008,122
CAGCTCCCGGCAGACGACGT_009,66
CAGCTCCCGGCAGACGACGT_010,124
CAGCTCCCGGCAGACGACGT_011,27
CAGCTCCCGGCAGACGACGT_012,116
CAGCTCCCGGCAGACGACGT_013,98
CAGCTCCCGGCAGACGACGT_014,110
CAGCTCCCGGCAGACGACGT_015,30
CAGCTCCCGGCAGACGACGT_016,29
CAGCTCCCGGCAGACGACGT_017,48
CAGCTCCCGGCAGACGACGT_018,121
CAGCTCCCGGCAGACGACGT_019,166
CAGCTCCCGGCAGACGACGT_020,115
CAGCTCCCGGCAGACGACGT_021,152
CAGCTCCCGGCAGACGACGT_022,169
CAGCTCCCGGCAGACGACGT_023,50
CAGCTCCCGGCAGACGACGT_024,127
CAGCTCCCGGCAGACGACGT_025,19
CAGCTCCCGGCAGACGACGT_026,188
CAGCTCCCGGCAGACGACGT_027,158
CAGCTCCCGGCAGACGACGT_028,172
CAGCTCCCGGCAGACGACGT_029,52
CAGCTCCCGGCAGACGACGT_030,82
CAGCTCCCGGCAGACGACGT_031,118
CAGCTCCCGGCAGACGACGT_032,91
CAGCTCCCGGCAGACGACGT_033,197
TTGGTTTCATTATACACTTG_001,166
TTTAAGCAAGTATCTGACAT_001,155
TTTAAGCAAGTATCTGACAT_002,21
TTTAAGCAAGTATCTGACAT_003,10
TTTAAGCAAGTATCTGACAT_004,11
TTTAAGCAAGTATCTGACAT_005,121
TTTAAGCAAGTATCTGACAT_006,56
GCTACCTAAAGGGACTAGGA_001,48
GCTACCTAAAGGGACTAGGA_002,7
GCTACCTAAAGGGACTAGGA_003,172
GCTACCTAAAGGGACTAGGA_004,197
GCTACCTAAAGGGACTAGGA_005,150
GCTACCTAAAGGGACTAGGA_006,117
GCTACCTAAAGGGACTAGGA_007,110
GCTACCTAAAGGGACTAGGA_008,184
GCTACCTAAAGGGACTAGGA_009,152
GCTACCTAAAGGGACTAGGA_010,194
GCTACCTAAAGGGACTAGGA_011,88
GCTACCTAAAGGGACTAGGA_012,77
GCTACCTAAAGGGACTAGGA_013,169
GCTACCTAAAGGGACTAGGA_014,27
GCTACCTAAAGGGACTAGGA_015,47
GCTACCTAAAGGGACTAGGA_016,67
GCTTCGGAAATGAGGAACAG_001,103
GCTTCGGAAATGAGGAACAG_002,78
GCTTCGGAAATGAGGAACAG_003,127
GCTTCGGAAATGAGGAACAG_004,26
GCTTCGGAAATGAGGAACAG_005,124
GCTTCGGAAATGAGGAACAG_006,119
GCTTCGGAAATGAGGAACAG_007,51
GCTTCGGAAATGAGGAACAG_008,146
GCTTCGGAAATGAGGAACAG_009,70
GCTTCGGAAATGAGGAACAG_010,192
GCTTCGGAAATGAGGAACAG_011,187
GCTTCGGAAATGAGGAACAG_012,140
GCTTCGGAAATGAGGAACAG_013,36
GCTTCGGAAATGAGGAACAG_014,80
GCTTCGGAAATGAGGAACAG_015,119
GCTTCGGAAATGAGGAACAG_016,55
GCTTCGGAAATGAGGAACAG_017,62
GCTTCGGAAATGAGGAACAG_018,113
GCTTCGGAAATGAGGAACAG_019,16
GCTTCGGAAATGAGGAACAG_020,103
GCTTCGGAAATGAGGAACAG_021,105
GCTTCGGAAATGAGGAACAG_022,19
GCTTCGGAAATGAGGAACAG_023,101
GCTTCGGAAATGAGGAACAG_024,44
GCTTCGGAAATGAGGAACAG_025,83
GCTTCGGAAATGAGGAACAG_026,198
GCTTCGGAAATGAGGAACAG_027,84
TGCCATAGCGGTATTCCACG_001,102
TGCCATAGCGGTATTCCACG_002,171
TGCCATAGCGGTATTCCACG_003,182
TGCCATAGCGGTATTCCACG_004,132
TGCCATAGCGGTATTCCACG_005,105
TGCCATAGCGGTATTCCACG_006,188
TGCCATAGCGGTATTCCACG_007,58
TGCCATAGCGGTATTCCACG_008,163
CCAGATACGTAATTGGTTTG_001,133
CCAGATACGTAATTGGTTTG_002,152
CCAGATACGTAATTGGTTTG_003,83
TTGAAATGACTTCCTACCAC_001,61
TTGAAATGACTTCCTACCAC_002,197
TTGAAATGACTTCCTACCAC_003,168
TTGAAATGACTTCCTACCAC_004,172
GTTCCCCGTCACAGACGACA_001,55
GTTCCCCGTCACAGACGACA_002,13
GTTCCCCGTCACAGACGACA_003,76
GTTCCCCGTCACAGACGACA_004,170
GTTCCCCGTCACAGACGACA_005,68
GTTCCCCGTCACAGACGACA_006,120
GTTCCCCGTCACAGACGACA_007,2
GTTCCCCGTCACAGACGACA_008,62
GTTCCCCGTCACAGACGACA_009,165
GTTCCCCGTCACAGACGACA_010,28
GTTCCCCGTCACAGACGACA_011,179
GTTCCCCGTCACAGACGACA_012,175
GTTCCCCGTCACAGACGACA_013,70
TGGAGTCATACTTGGCGGAG_001,158
TGGAGTCATACTTGGCGGAG_002,145
TGGAGTCATACTTGGCGGAG_003,185
TGGAGTCATACTTGGCGGAG_004,3
TGGAGTCATACTTGGCGGAG_005,150
TGGAGTCATACTTGGCGGAG_006,60
TCCATCAACCAGAGCATCGG_001,23
TCCATCAACCAGAGCATCGG_002,127
TCCATCAACCAGAGCATCGG_003,39
TCCATCAACCAGAGCATCGG_004,156
TCCATCAACCAGAGCATCGG_005,113
TCCATCAACCAGAGCATCGG_006,167
TCCATCAACCAGAGCATCGG_007,150
TCCATCAACCAGAGCATCGG_008,167
TCCATCAACCAGAGCATCGG_009,191
TCCATCAACCAGAGCATCGG_010,188
TCCATCAACCAGAGCATCGG_011,98
AACACTGTTATGCCATGCAG_001,80
AACACTGTTATGCCATGCAG_002,157
AACACTGTTATGCCATGCAG_003,190
AACACTGTTATGCCATGCAG_004,74
AACACTGTTATGCCATGCAG_005,53
AACACTGTTATGCCATGCAG_006,58
AACACTGTTATGCCATGCAG_007,107
AACACTGTTATGCCATGCAG_008,199
AACACTGTTATGCCATGCAG_009,2
AACACTGTTATGCCATGCAG_010,105
AACACTGTTATGCCATGCAG_011,182
AACACTGTTATGCCATGCAG_012,91
AACACTGTTATGCCATGCAG_013,165
AACACTGTTATGCCATGCAG_014,106
AACACTGTTATGCCATGCAG_015,124
AACACTGTTATGCCATGCAG_016,27
AACCAAGATGATATACAAGA_001,48
GGTACCAGCACGTGCAAGAG_001,115
GGTACCAGCACGTGCAAGAG_002,145
GGTACCAGCACGTGCAAGAG_003,78
GGTACCAGCACGTGCAAGAG_004,176
GGTACCAGCACGTGCAAGAG_005,90
GGTACCAGCACGTGCAAGAG_006,70
GGTACCAGCACGTGCAAGAG_007,48
GGTACCAGCACGTGCAAGAG_008,74
GGTACCAGCACGTGCAAGAG_009,141
GGTACCAGCACGTGCAAGAG_010,112
GGTACCAGCACGTGCAAGAG_011,2
GGTACCAGCACGTGCAAGAG_012,98
GGTACCAGCACGTGCAAGAG_013,179
GGTACCAGCACGTGCAAGAG_014,14
GGTACCAGCACGTGCAAGAG_015,107
GGTACCAGCACGTGCAAGAG_016,56
GGTACCAGCACGTGCAAGAG_017,20
GGTACCAGCACGTGCAAGAG_018,106
GGTACCAGCACGTGCAAGAG_019,49
GGTACCAGCACGTGCAAGAG_020,75
GGTACCAGCACGTGCAAGAG_021,20
GGTACCAGCACGTGCAAGAG_022,20
CCCGCCGTATGAGTTATGTG_001,27
CCCGCCGTATGAGTTATGTG_002,6
CCCGCCGTATGAGTTATGTG_003,115
CCCGCCGTATGAGTTATGTG_004,61
CCCGCCGTATGAGTTATGTG_005,173
CCCGCCGTATGAGTTATGTG_006,144
CCCGCCGTATGAGTTATGTG_007,197
CCCGCCGTATGAGTTATGTG_008,124
CCCGCCGTATGAGTTATGTG_009,180
CGGACCTACTGTCCTACCTG_001,168
CGGACCTACTGTCCTACCTG_002,49
CGGACCTACTGTCCTACCTG_003,137
CCGCCGGCCAGATATTCAGG_001,81
CCGCCGGCCAGATATTCAGG_002,127
TGTGAAGTAAAGTGCCGTGG_001,77
TGTGAAGTAAAGTGCCGTGG_002,49
TGTGAAGTAAAGTGCCGTGG_003,10
TGTGAAGTAAAGTGCCGTGG_004,8
TGTGAAGTAAAGTGCCGTGG_005,43
TGTGAAGTAAAGTGCCGTGG_006,121
TGTGAAGTAAAGTGCCGTGG_007,197
TGTGAAGTAAAGTGCCGTGG_008,28
TGTGAAGTAAAGTGCCGTGG_009,188
CTTTCTCGTATGGCTTACCA_001,99
TGGTGTACTCAGCGACGACG_001,145
TGGTGTACTCAGCGACGACG_002,93
TGGTGTACTCAGCGACGACG_003,196
TGGTGTACTCAGCGACGACG_004,12
TGGTGTACTCAGCGACGACG_005,191
TGGTGTACTCAGCGACGACG_006,156
TGGTGTACTCAGCGACGACG_007,130
TGGTGTACTCAGCGACGACG_008,63
TGGTGTACTCAGCGACGACG_009,42
TGGTGTACTCAGCGACGACG_010,134
TGGTGTACTCAGCGACGACG_011,19
TGGTGTACTCAGCGACGACG_012,20
TGGTGTACTCAGCGACGACG_013,127
TGGTGTACTCAGCGACGACG_014,196
TGGTGTACTCAGCGACGACG_015,36
TGGTGTACTCAGCGACGACG_016,119
TGGTGTACTCAGCGACGACG_017,1
TGGTGTACTCAGCGACGACG_018,99
TGGTGTACTCAGCGACGACG_019,191
TGGTGTACTCAGCGACGACG_020,61
TGGTGTACTCAGCGACGACG_021,78
TGGTGTACTCAGCGACGACG_022,65
GATGTAGGCAATCACTCCGA_001,147
GATGTAGGCAATCACTCCGA_002,191
GATGTAGGCAATCACTCCGA_003,164
GATGTAGGCAATCACTCCGA_004,94
ATGCTTGGCTTGAGGATCCG_001,25
ATGCTTGGCTTGAGGATCCG_002,102
ATGCTTGGCTTGAGGATCCG_003,116
ATGCTTGGCTTGAGGATCCG_004,81
ATGCTTGGCTTGAGGATCCG_005,27
ATGCTTGGCTTGAGGATCCG_006,43
ATGCTTGGCTTGAGGATCCG_007,53
TGAGGACGTGAAGCGCACAG_001,177
TGAGGACGTGAAGCGCACAG_002,188
TGAGGACGTGAAGCGCACAG_003,188
TGAGGACGTGAAGCGCACAG_004,184
TGAGGACGTGAAGCGCACAG_005,52
TGAGGACGTGAAGCGCACAG_006,105
TGAGGACGTGAAGCGCACAG_007,118
TGAGGACGTGAAGCGCACAG_008,56
TGAGGACGTGAAGCGCACAG_009,82
TGAGGACGTGAAGCGCACAG_010,2
TGAGGACGTGAAGCGCACAG_011,76
TGAGGACGTGAAGCGCACAG_012,129
TGAGGACGTGAAGCGCACAG_013,94
TGAGGACGTGAAGCGCACAG_014,142
TGAGGACGTGAAGCGCACAG_015,52
TGAGGACGTGAAGCGCACAG_016,23
TGAGGACGTGAAGCGCACAG_017,102
TGAGGACGTGAAGCGCACAG_018,22
TGAGGACGTGAAGCGCACAG_019,13
TGAGGACGTGAAGCGCACAG_020,70
TGAGGACGTGAAGCGCACAG_021,1
TGAGGACGTGAAGCGCACAG_022,124
TGAGGACGTGAAGCGCACAG_023,73
CAAAGCACTGCACGATGTAG_001,5
CAAAGCACTGCACGATGTAG_002,73
CAAAGCACTGCACGATGTAG_003,34
AGCCGGAGAACGACCCCGAG_001,48
AGCCGGAGAACGACCCCGAG_002,198
AGCCGGAGAACGACCCCGAG_003,52
AGCCGGAGAACGACCCCGAG_004,150
AGCCGGAGAACGACCCCGAG_005,62
AGCCGGAGAACGACCCCGAG_006,189
AGCCGGAGAACGACCCCGAG_007,32
AGCCGGAGAACGACCCCGAG_008,187
AGCCGGAGAACGACCCCGAG_009,151
AGCCGGAGAACGACCCCGAG_010,149
AGCCGGAGAACGACCCCGAG_011,166
AGCCGGAGAACGACCCCGAG_012,170
AGCCGGAGAACGACCCCGAG_013,182
AGCCGGAGAACGACCCCGAG_014,69
AGCCGGAGAACGACCCCGAG_015,19
AGCCGGAGAACGACCCCGAG_016,88
AGCCGGAGAACGACCCCGAG_017,116
AGCCGGAGAACGACCCCGAG_018,168
AGCCGGAGAACGACCCCGAG_019,13
AGCCGGAGAACGACCCCGAG_020,66
AGCCGGAGAACGACCCCGAG_021,26
AGCCGGAGAACGACCCCGAG_022,101
AGCCGGAGAACGACCCCGAG_023,145
AGCCGGAGAACGACCCCGAG_024,115
AGCCGGAGAACGACCCCGAG_025,76
AGCCGGAGAACGACCCCGAG_026,141
AGCCGGAGAACGACCCCGAG_027,186
AGCCGGAGAACGACCCCGAG_028,112
AGCCGGAGAACGACCCCGAG_029,165
AGCCGGAGAACGACCCCGAG_030,104
AGCCGGAGAACGACCCCGAG_031,188
AGCCGGAGAACGACCCCGAG_032,158
AGCCGGAGAACGACCCCGAG_033,128
AGCCGGAGAACGACCCCGAG_034,77
AGCCGGAGAACGACCCCGAG_035,148
AGCCGGAGAACGACCCCGAG_036,1
AGCCGGAGAACGACCCCGAG_037,185
AGCCGGAGAACGACCCCGAG_038,61
AGCCGGAGAACGACCCCGAG_039,84
AGCCGGAGAACGACCCCGAG_040,19
AGCCGGAGAACGACCCCGAG_041,66
AGCCGGAGAACGACCCCGAG_042,169
AGCCGGAGAACGACCCCGAG_043,188
AGCCGGAGAACGACCCCGAG_044,180
TGCAACGGGATTATTATGGT_001,146
TGCAACGGGATTATTATGGT_002,138
TGCAACGGGATTATTATGGT_003,76
TGCAACGGGATTATTATGGT_004,7
GCGCGGAGGATTTGCCCCTG_001,116
GCGCGGAGGATTTGCCCCTG_002,178
GCGCGGAGGATTTGCCCCTG_003,2
GCGCGGAGGATTTGCCCCTG_004,149
GCGCGGAGGATTTGCCCCTG_005,29
GCGCGGAGGATTTGCCCCTG_006,154
GCGCGGAGGATTTGCCCCTG_007,141
GCGCGGAGGATTTGCCCCTG_008,70
GCGCGGAGGATTTGCCCCTG_009,105
GCGCGGAGGATTTGCCCCTG_010,138
GCGCGGAGGATTTGCCCCTG_011,56
GCGCGGAGGATTTGCCCCTG_012,131
GCGCGGAGGATTTGCCCCTG_013,146
GCGCGGAGGATTTGCCCCTG_014,147
GCGCGGAGGATTTGCCCCTG_015,61
GCGCGGAGGATTTGCCCCTG_016,57
GCGCGGAGGATTTGCCCCTG_017,6
GCGCGGAGGATTTGCCCCTG_018,174
GCGCGGAGGATTTGCCCCTG_019,67
GCGCGGAGGATTTGCCCCTG_020,0
GCGCGGAGGATTTGCCCCTG_021,68
GCGCGGAGGATTTGCCCCTG_022,65
GCGCGGAGGATTTGCCCCTG_023,40
GCGCGGAGGATTTGCCCCTG_024,145
GCGCGGAGGATTTGCCCCTG_025,192
TGGAGCTTAAACGCTACGGG_001,185
TGGAGCTTAAACGCTACGGG_002,32
TGGAGCTTAAACGCTACGGG_003,18
TGGAGCTTAAACGCTACGGG_004,5
TGGAGCTTAAACGCTACGGG_005,164
TGGAGCTTAAACGCTACGGG_006,169
TGGAGCTTAAACGCTACGGG_007,130
GGATGGCCGGGACTGCACAG_001,141
GGATGGCCGGGACTGCACAG_002,124
GGATGGCCGGGACTGCACAG_003,80
GGATGGCCGGGACTGCACAG_004,58
GGATGGCCGGGACTGCACAG_005,28
GGATGGCCGGGACTGCACAG_006,154
GGATGGCCGGGACTGCACAG_007,194
GGATGGCCGGGACTGCACAG_008,139
GGATGGCCGGGACTGCACAG_009,11
GGATGGCCGGGACTGCACAG_010,16
GGATGGCCGGGACTGCACAG_011,150
GGATGGCCGGGACTGCACAG_012,75
GGATGGCCGGGACTGCACAG_013,138
GGATGGCCGGGACTGCACAG_014,49
GGATGGCCGGGACTGCACAG_015,86
GGATGGCCGGGACTGCACAG_016,8
GGATGGCCGGGACTGCACAG_017,130
GGATGGCCGGGACTGCACAG_018,134
GGATGGCCGGGACTGCACAG_019,47
GGATGGCCGGGACTGCACAG_020,40
GGATGGCCGGGACTGCACAG_021,147
GGATGGCCGGGACTGCACAG_022,194
GGATGGCCGGGACTGCACAG_023,113
GGATGGCCGGGACTGCACAG_024,142
GGATGGCCGGGACTGCACAG_025,48
GGATGGCCGGGACTGCACAG_026,121
GGATGGCCGGGACTGCACAG_027,188
GGATGGCCGGGACTGCACAG_028,69
GGATGGCCGGGACTGCACAG_029,149
GGATGGCCGGGACTGCACAG_030,19
GGATGGCCGGGACTGCACAG_031,199
GGATGGCCGGGACTGCACAG_032,144
ACGTGCAGCTAACAAAATGG_001,190
ACGTGCAGCTAACAAAATGG_002,15
ACGTGCAGCTAACAAAATGG_003,27
ACGTGCAGCTAACAAAATGG_004,35
ACCCGCGAACAGCACGCATG_001,44
ACCCGCGAACAGCACGCATG_002,49
ACCCGCGAACAGCACGCATG_003,88
ACCCGCGAACAGCACGCATG_004,146
ACCCGCGAACAGCACGCATG_005,96
ACCCGCGAACAGCACGCATG_006,171
ACCCGCGAACAGCACGCATG_007,85
ACCCGCGAACAGCACGCATG_008,171
ACCCGCGAACAGCACGCATG_009,63
ACCCGCGAACAGCACGCATG_010,76
ACCCGCGAACAGCACGCATG_011,30
ACCCGCGAACAGCACGCATG_012,86
ACCCGCGAACAGCACGCATG_013,69
ACCCGCGAACAGCACGCATG_014,46
ACCCGCGAACAGCACGCATG_015,19
ACCCGCGAACAGCACGCATG_016,39
ACCCGCGAACAGCACGCATG_017,165
ACCCGCGAACAGCACGCATG_018,34
GAGGCTATGAAGCCATGGTA_001,161
GAGGCTATGAAGCCATGGTA_002,50
GAGGCTATGAAGCCATGGTA_003,114
GAGGCTATGAAGCCATGGTA_004,168
CCGCTACAGTCTCTACACGA_001,166
CCGCTACAGTCTCTACACGA_002,62
CCGCTACAGTCTCTACACGA_003,24
CCGCTACAGTCTCTACACGA_004,1
CCGCTACAGTCTCTACACGA_005,191
CCGCTACAGTCTCTACACGA_006,19
GAGAAGGGACTTCCGGCAAG_001,13
GAGAAGGGACTTCCGGCAAG_002,186
GAGAAGGGACTTCCGGCAAG_003,9
GAGAAGGGACTTCCGGCAAG_004,174
GAGAAGGGACTTCCGGCAAG_005,159
GAGAAGGGACTTCCGGCAAG_006,29
GAGAAGGGACTTCCGGCAAG_007,9
GAGAAGGGACTTCCGGCAAG_008,76
GAGAAGGGACTTCCGGCAAG_009,88
GAGAAGGGACTTCCGGCAAG_010,135
CGAGTACAAAGTAACCGCGC_001,34
CGAGTACAAAGTAACCGCGC_002,50
CGAGTACAAAGTAACCGCGC_003,2
CGAGTACAAAGTAACCGCGC_004,104
CGAGTACAAAGTAACCGCGC_005,152
CGAGTACAAAGTAACCGCGC_006,186
GATAGGCTTCAAAGAGAACC_001,17
CGTGTAAAAATACCTTTCTA_001,155
CGTGTAAAAATACCTTTCTA_002,16
CGTGTAAAAATACCTTTCTA_003,12
CGTGTAAAAATACCTTTCTA_004,48
CGTGTAAAAATACCTTTCTA_005,160
CGTGTAAAAATACCTTTCTA_006,157
CGTGTAAAAATACCTTTCTA_007,21
CGTGTAAAAATACCTTTCTA_008,183
CGTGTAAAAATACCTTTCTA_009,63
CGTGTAAAAATACCTTTCTA_010,63
GAGCAACAGGGCACCCACCA_001,60
GAGCAACAGGGCACCCACCA_002,158
GAGCAACAGGGCACCCACCA_003,21
GAGCAACAGGGCACCCACCA_004,195
GAGCAACAGGGCACCCACCA_005,88
GAGCAACAGGGCACCCACCA_006,28
GAGCAACAGGGCACCCACCA_007,150
GAGCAACAGGGCACCCACCA_008,157
GAGCAACAGGGCACCCACCA_009,150
GAGCAACAGGGCACCCACCA_010,107
GAGCAACAGGGCACCCACCA_011,107
GAGCAACAGGGCACCCACCA_012,85
GAGCAACAGGGCACCCACCA_013,177
GAGCAACAGGGCACCCACCA_014,78
GAGCAACAGGGCACCCACCA_015,88
GAGCAACAGGGCACCCACCA_016,88
GAGCAACAGGGCACCCACCA_017,32
GAGCAACAGGGCACCCACCA_018,47
GAGCAACAGGGCACCCACCA_019,33
GAGCAACAGGGCACCCACCA_020,157
GAGCAACAGGGCACCCACCA_021,168
GAGCAACAGGGCACCCACCA_022,45
GAGCAACAGGGCACCCACCA_023,169
GAGCAACAGGGCACCCACCA_024,43
GAGCAACAGGGCACCCACCA_025,144
GAGCAACAGGGCACCCACCA_026,172
GAGCAACAGGGCACCCACCA_027,175
GAGCAACAGGGCACCCACCA_028,108
GAGCAACAGGGCACCCACCA_029,131
GAGCAACAGGGCACCCACCA_030,169
GAGCAACAGGGCACCCACCA_031,88
GAGCAACAGGGCACCCACCA_032,30
GAGCAACAGGGCACCCACCA_033,106
GAGCAACAGGGCACCCACCA_034,112
GAGCAACAGGGCACCCACCA_035,119
GAGCAACAGGGCACCCACCA_036,3
GAGCAACAGGGCACCCACCA_037,144
GCTCTCGGACGGGAGGAACG_001,50
GCTCTCGGACGGGAGGAACG_002,157
GCTCTCGGACGGGAGGAACG_003,123
GCTCTCGGACGGGAGGAACG_004,41
GCTCTCGGACGGGAGGAACG_005,27
GCTCTCGGACGGGAGGAACG_006,174
GCTCTCGGACGGGAGGAACG_007,2
GCTCTCGGACGGGAGGAACG_008,184
GCTCTCGGACGGGAGGAACG_009,27
GCTGGTAGAGAGTGCCGGAG_001,116
GCTGGTAGAGAGTGCCGGAG_002,12
GCTGGTAGAGAGTGCCGGAG_003,189
GCTGGTAGAGAGTGCCGGAG_004,98
TATAGCATTTCACTCCCATG_001,6
TATAGCATTTCACTCCCATG_002,178
TATAGCATTTCACTCCCATG_003,113
TATAGCATTTCACTCCCATG_004,188
GGAAAGGAGAGAAAACACCG_001,183
GGAAAGGAGAGAAAACACCG_002,139
GGAAAGGAGAGAAAACACCG_003,11
GGAAAGGAGAGAAAACACCG_004,27
GGAAAGGAGAGAAAACACCG_005,162
GGAAAGGAGAGAAAACACCG_006,77
GACTCCGATAAGTAATCTTG_001,115
ACAGTAGAGGCATATTCTGG_001,36
ACAGTAGAGGCATATTCTGG_002,91
CTTTATGAAGATTATAATGG_001,180
CTTTATGAAGATTATAATGG_002,61
TAACACTTACTTAATAGTGG_001,6
TAACACTTACTTAATAGTGG_002,28
TAACACTTACTTAATAGTGG_003,188
TAACACTTACTTAATAGTGG_004,193
TGTAGTTGCTCAAATATGGG_001,191
TGTAGTTGCTCAAATATGGG_002,118
TGTAGTTGCTCAAATATGGG_003,102
TGTAGTTGCTCAAATATGGG_004,17
TGTAGTTGCTCAAATATGGG_005,189
AATAAACGTGTACTGAGGCG_001,114
GAATAGTAGCAAATAGCACC_001,162
TGGCTAGGATCGATTACAGT_001,60
TGGCTAGGATCGATTACAGT_002,88
TGGCTAGGATCGATTACAGT_003,190
TACCGCAGCCCCATATGCTA_001,113
TACCGCAGCCCCATATGCTA_002,162
TACCGCAGCCCCATATGCTA_003,118
TACCGCAGCCCCATATGCTA_004,56
CAGAGTCATAGAACCGTCTG_001,130
CAGAGTCATAGAACCGTCTG_002,58
AAAGGTTCTGAATCAAACGG_001,72
AAAGGTTCTGAATCAAACGG_002,5
AAAGGTTCTGAATCAAACGG_003,119
AAAGGTTCTGAATCAAACGG_004,21
AAAGGTTCTGAATCAAACGG_005,110
AAAGGTTCTGAATCAAACGG_006,2
AAAGGTTCTGAATCAAACGG_007,16
AAAGGTTCTGAATCAAACGG_008,60
AAAGGTTCTGAATCAAACGG_009,94
AAAGGTTCTGAATCAAACGG_010,180
GATGCTTCTCGAACAAAACA_001,17
GATGCTTCTCGAACAAAACA_002,169
GATGCTTCTCGAACAAAACA_003,61
GATGCTTCTCGAACAAAACA_004,9
CTGGAGCGAGCTCCCCGACG_001,114
CTGGAGCGAGCTCCCCGACG_002,16
CTGGAGCGAGCTCCCCGACG_003,82
CTGGAGCGAGCTCCCCGACG_004,88
CTGGAGCGAGCTCCCCGACG_005,49
TGACGAGGAGGGTGTAGTCG_001,184
TGACGAGGAGGGTGTAGTCG_002,88
TGACGAGGAGGGTGTAGTCG_003,170
TGACGAGGAGGGTGTAGTCG_004,41
TGACGAGGAGGGTGTAGTCG_005,45
TGACGAGGAGGGTGTAGTCG_006,72
TGACGAGGAGGGTGTAGTCG_007,181
TGACGAGGAGGGTGTAGTCG_008,181
TGACGAGGAGGGTGTAGTCG_009,122
TGACGAGGAGGGTGTAGTCG_010,123
TGACGAGGAGGGTGTAGTCG_011,190
TGACGAGGAGGGTGTAGTCG_012,69
TGACGAGGAGGGTGTAGTCG_013,127
TGACGAGGAGGGTGTAGTCG_014,80
TGACGAGGAGGGTGTAGTCG_015,36
TGACGAGGAGGGTGTAGTCG_016,42
TGACGAGGAGGGTGTAGTCG_017,59
TGACGAGGAGGGTGTAGTCG_018,160
TGACGAGGAGGGTGTAGTCG_019,82
TGACGAGGAGGGTGTAGTCG_020,95
TGACGAGGAGGGTGTAGTCG_021,65
TGACGAGGAGGGTGTAGTCG_022,39
TGACGAGGAGGGTGTAGTCG_023,96
AGGTACTGTTCAAACATCAT_001,185
AGGTACTGTTCAAACATCAT_002,70
AGGTACTGTTCAAACATCAT_003,157
AGGTACTGTTCAAACATCAT_004,43
AGGTACTGTTCAAACATCAT_005,141
AGGTACTGTTCAAACATCAT_006,26
AGGTACTGTTCAAACATCAT_007,177
AGGTACTGTTCAAACATCAT_008,37
AGGTACTGTTCAAACATCAT_009,121
AGGTACTGTTCAAACATCAT_010,49
AGGTACTGTTCAAACATCAT_011,81
AAAGGTAGGGTTGTGCCACA_001,77
AAAGGTAGGGTTGTGCCACA_002,19
AAAGGTAGGGTTGTGCCACA_003,135
AAAGGTAGGGTTGTGCCACA_004,97
AAAGGTAGGGTTGTGCCACA_005,102
AAAGGTAGGGTTGTGCCACA_006,19
GTGCCCGGCCTAGACAGACA_001,17
GTGCCCGGCCTAGACAGACA_002,66
GTGCCCGGCCTAGACAGACA_003,40
GTGCCCGGCCTAGACAGACA_004,88
GTGCCCGGCCTAGACAGACA_005,80
GTGCCCGGCCTAGACAGACA_006,88
GTGCCCGGCCTAGACAGACA_007,127
GTGCCCGGCCTAGACAGACA_008,3
GTGCCCGGCCTAGACAGACA_009,15
GTGCCCGGCCTAGACAGACA_010,175
GTGCCCGGCCTAGACAGACA_011,138
GTGCCCGGCCTAGACAGACA_012,43
CGGTTGATTCTGGTGTAATG_001,144
CGGTTGATTCTGGTGTAATG_002,27
GTATATGTAGGGGTGTACCA_001,103
GTATATGTAGGGGTGTACCA_002,115
GTATATGTAGGGGTGTACCA_003,150
GTATATGTAGGGGTGTACCA_004,155
GTATATGTAGGGGTGTACCA_005,93
GTATATGTAGGGGTGTACCA_006,75
GTATATGTAGGGGTGTACCA_007,66
GTATATGTAGGGGTGTACCA_008,63
GTATATGTAGGGGTGTACCA_009,168
GTATATGTAGGGGTGTACCA_010,105
GTATATGTAGGGGTGTACCA_011,43
GTATATGTAGGGGTGTACCA_012,12
GTATATGTAGGGGTGTACCA_013,62
GTATATGTAGGGGTGTACCA_014,181
GTATATGTAGGGGTGTACCA_015,150
GTATATGTAGGGGTGTACCA_016,38
GTATATGTAGGGGTGTACCA_017,99
CCTGTTAAGACAATGCACTG_001,47
CCTGTTAAGACAATGCACTG_002,54
CCTGTTAAGACAATGCACTG_003,54
CCTGTTAAGACAATGCACTG_004,157
CCTGTTAAGACAATGCACTG_005,60
CCTGTTAAGACAATGCACTG_006,147
CCTGTTAAGACAATGCACTG_007,38
CCTGTTAAGACAATGCACTG_008,43
CCTGTTAAGACAATGCACTG_009,145
CCTGTTAAGACAATGCACTG_010,12
CCTGTTAAGACAATGCACTG_011,167
CCTGTTAAGACAATGCACTG_012,188
CCTGTTAAGACAATGCACTG_013,15
CCTGTTAAGACAATGCACTG_014,81
CCTGTTAAGACAATGCACTG_015,184
CCTGTTAAGACAATGCACTG_016,62
CCTGTTAAGACAATGCACTG_017,80
CAACATAGCAGCATATGGTG_001,125
CAACATAGCAGCATATGGTG_002,94
CACCTGACCGACGAATCAGT_001,103
CACCTGACCGACGAATCAGT_002,94
CACCTGACCGACGAATCAGT_003,62
CACCTGACCGACGAATCAGT_004,112
CACCTGACCGACGAATCAGT_005,50
CCCAATGGCTTCTGCGTGAC_001,43
CCCAATGGCTTCTGCGTGAC_002,169
CCCAATGGCTTCTGCGTGAC_003,16
CCCAATGGCTTCTGCGTGAC_004,127
CCCAATGGCTTCTGCGTGAC_005,48
CCCAATGGCTTCTGCGTGAC_006,172
CCCAATGGCTTCTGCGTGAC_007,146
CCCAATGGCTTCTGCGTGAC_008,63
CCCAATGGCTTCTGCGTGAC_009,19
CCCAATGGCTTCTGCGTGAC_010,144
CCCAATGGCTTCTGCGTGAC_011,130
CCCAATGGCTTCTGCGTGAC_012,156
CCCAATGGCTTCTGCGTGAC_013,156
CCCAATGGCTTCTGCGTGAC_014,16
CCCAATGGCTTCTGCGTGAC_015,146
CCCAATGGCTTCTGCGTGAC_016,113
CCCAATGGCTTCTGCGTGAC_017,137
CCCAATGGCTTCTGCGTGAC_018,7
CCCAATGGCTTCTGCGTGAC_019,102
CCCAATGGCTTCTGCGTGAC_020,184
CCCAATGGCTTCTGCGTGAC_021,73
CCCAATGGCTTCTGCGTGAC_022,139
CCCAATGGCTTCTGCGTGAC_023,32
CCCAATGGCTTCTGCGTGAC_024,166
CCCAATGGCTTCTGCGTGAC_025,142
CCCAATGGCTTCTGCGTGAC_026,5
CCCAATGGCTTCTGCGTGAC_027,168
CCCAATGGCTTCTGCGTGAC_028,160
CCCAATGGCTTCTGCGTGAC_029,25
CCCAATGGCTTCTGCGTGAC_030,41
CCCAATGGCTTCTGCGTGAC_031,191
TATCCTAGTATACGACATCA_001,52
CAGCACATCCCCCAATACTG_001,141
CAGCACATCCCCCAATACTG_002,168
CAGCACATCCCCCAATACTG_003,138
CAGCACATCCCCCAATACTG_004,61
CAGCACATCCCCCAATACTG_005,86
GAGGTCTGAGGCTAGTCTGA_001,162
AGCTGCAACTTACATACTAG_001,98
AGCTGCAACTTACATACTAG_002,199
TGCAAGGCTTGACCATCAGT_001,118
TGCAAGGCTTGACCATCAGT_002,177
TGCAAGGCTTGACCATCAGT_003,53
TGCAAGGCTTGACCATCAGT_004,31
TGCAAGGCTTGACCATCAGT_005,106
TGCAAGGCTTGACCATCAGT_006,15
TGCAAGGCTTGACCATCAGT_007,37
TGCAAGGCTTGACCATCAGT_008,93
TGCAAGGCTTGACCATCAGT_009,16
TGCAAGGCTTGACCATCAGT_010,38
TGCAAGGCTTGACCATCAGT_011,21
TGCAAGGCTTGACCATCAGT_012,41
TGCAAGGCTTGACCATCAGT_013,15
TGCAAGGCTTGACCATCAGT_014,17
TGCAAGGCTTGACCATCAGT_015,140
TGCAAGGCTTGACCATCAGT_016,176
TGCAAGGCTTGACCATCAGT_017,83
TGCAAGGCTTGACCATCAGT_018,141
TGCAAGGCTTGACCATCAGT_019,31
TGCAAGGCTTGACCATCAGT_020,166
TGCAAGGCTTGACCATCAGT_021,125
TGCAAGGCTTGACCATCAGT_022,126
TGCAAGGCTTGACCATCAGT_023,118
TGCAAGGCTTGACCATCAGT_024,23
TGCAAGGCTTGACCATCAGT_025,48
AGCACTGAGTCTAATGCCGG_001,147
AGCACTGAGTCTAATGCCGG_002,91
AGCACTGAGTCTAATGCCGG_003,148
AGCACTGAGTCTAATGCCGG_004,182
TGCAGCTGTGAGAATCCAAG_001,175
TGCAGCTGTGAGAATCCAAG_002,197
TGCAGCTGTGAGAATCCAAG_003,131
TGCAGCTGTGAGAATCCAAG_004,171
CAGCTGTCGCACTGTCTGCG_001,45
AGTCGCATTTACCCCAAGGG_001,84
AGTCGCATTTACCCCAAGGG_002,145
AGTCGCATTTACCCCAAGGG_003,19
AGTCGCATTTACCCCAAGGG_004,17
AGTCGCATTTACCCCAAGGG_005,42
AGTCGCATTTACCCCAAGGG_006,66
AGTCGCATTTACCCCAAGGG_007,6
AGTCGCATTTACCCCAAGGG_008,27
AGTCGCATTTACCCCAAGGG_009,11
TTTCACCAATGACCGCCGAT_001,112
TTTCACCAATGACCGCCGAT_002,5
TTTCACCAATGACCGCCGAT_003,160
TTTCACCAATGACCGCCGAT_004,27
TTTCACCAATGACCGCCGAT_005,117
TTTCACCAATGACCGCCGAT_006,50
TTTCACCAATGACCGCCGAT_007,50
TTTCACCAATGACCGCCGAT_008,163
TTTCACCAATGACCGCCGAT_009,125
TTTCACCAATGACCGCCGAT_010,18
TTTCACCAATGACCGCCGAT_011,39
TTTCACCAATGACCGCCGAT_012,52
TTTCACCAATGACCGCCGAT_013,69
TTTCACCAATGACCGCCGAT_014,93
TTTCACCAATGACCGCCGAT_015,78
TTTCACCAATGACCGCCGAT_016,191
TTTCACCAATGACCGCCGAT_017,12
TTTCACCAATGACCGCCGAT_018,138
TTTCACCAATGACCGCCGAT_019,165
TTTCACCAATGACCGCCGAT_020,158
TTTCACCAATGACCGCCGAT_021,12
TTTCACCAATGACCGCCGAT_022,19
TTTCACCAATGACCGCCGAT_023,103
TTTCACCAATGACCGCCGAT_024,115
TTTCACCAATGACCGCCGAT_025,198
TTTCACCAATGACCGCCGAT_026,59
TTTCACCAATGACCGCCGAT_027,148
TTTCACCAATGACCGCCGAT_028,110
TTTCACCAATGACCGCCGAT_029,13
TGGATGCTTACTTGAAGACG_001,20
AGAACAAACAGAGACAGCTG_001,113
AGAACAAACAGAGACAGCTG_002,48
AGAACAAACAGAGACAGCTG_003,22
AGAACAAACAGAGACAGCTG_004,88
AGAACAAACAGAGACAGCTG_005,193
AGAACAAACAGAGACAGCTG_006,126
AGAACAAACAGAGACAGCTG_007,144
AGAACAAACAGAGACAGCTG_008,50
AGAACAAACAGAGACAGCTG_009,195
AGAACAAACAGAGACAGCTG_010,111
AGAACAAACAGAGACAGCTG_011,177
AGAACAAACAGAGACAGCTG_012,61
AGAACAAACAGAGACAGCTG_013,61
AGAACAAACAGAGACAGCTG_014,28
AGAACAAACAGAGACAGCTG_015,76
AGAACAAACAGAGACAGCTG_016,120
AAGGACTAGCTAGCATGCAG_001,187
AAGGACTAGCTAGCATGCAG_002,29
AAGGACTAGCTAGCATGCAG_003,137
AAGGACTAGCTAGCATGCAG_004,17
AAGGACTAGCTAGCATGCAG_005,150
AAGGACTAGCTAGCATGCAG_006,194
AAGGACTAGCTAGCATGCAG_007,112
AAGGACTAGCTAGCATGCAG_008,174
AAGGACTAGCTAGCATGCAG_009,94
AAGGACTAGCTAGCATGCAG_010,103
AAGGACTAGCTAGCATGCAG_011,137
AAGGACTAGCTAGCATGCAG_012,148
AAGGACTAGCTAGCATGCAG_013,61
AAGGACTAGCTAGCATGCAG_014,119
AAGGACTAGCTAGCATGCAG_015,71
AAGGACTAGCTAGCATGCAG_016,159
TCCGCAATAAGAAAAGCCAA_001,190
TCCGCAATAAGAAAAGCCAA_002,58
TCCGCAATAAGAAAAGCCAA_003,196
GCGTCTTATAGGGAGTGTAG_001,78
GCGTCTTATAGGGAGTGTAG_002,152
GCGTCTTATAGGGAGTGTAG_003,169
GCGTCTTATAGGGAGTGTAG_004,35
GCGTCTTATAGGGAGTGTAG_005,127
GAAAATCCATTTACTGCTCG_001,19
GAAAATCCATTTACTGCTCG_002,45
GAAAATCCATTTACTGCTCG_003,134
CTCCAAGTTTCTCCGCACCA_001,172
CTCCAAGTTTCTCCGCACCA_002,61
CTCCAAGTTTCTCCGCACCA_003,58
CTCCAAGTTTCTCCGCACCA_004,117
CTCCAAGTTTCTCCGCACCA_005,88
CTCCAAGTTTCTCCGCACCA_006,188
TCTGGTCTCTGTAGCAACAG_001,70
TCTGGTCTCTGTAGCAACAG_002,108
TCTGGTCTCTGTAGCAACAG_003,178
TCTGGTCTCTGTAGCAACAG_004,116
TCTGGTCTCTGTAGCAACAG_005,98
TCTGGTCTCTGTAGCAACAG_006,199
TCTGGTCTCTGTAGCAACAG_007,107
CAAGTTACTCAGGTGATAGA_001,153
CAAGTTACTCAGGTGATAGA_002,175
CAAGTTACTCAGGTGATAGA_003,151
TACATGAGCCGCTCACCCCG_001,19
TACATGAGCCGCTCACCCCG_002,120
TACATGAGCCGCTCACCCCG_003,127
TACATGAGCCGCTCACCCCG_004,4
TACATGAGCCGCTCACCCCG_005,198
TACATGAGCCGCTCACCCCG_006,181
TACATGAGCCGCTCACCCCG_007,145
TACATGAGCCGCTCACCCCG_008,168
TACATGAGCCGCTCACCCCG_009,145
TACATGAGCCGCTCACCCCG_010,79
TACATGAGCCGCTCACCCCG_011,124
TACATGAGCCGCTCACCCCG_012,138
GTGCCCGTCAAGGGACACGC_001,27
GTGCCCGTCAAGGGACACGC_002,23
GTGCCCGTCAAGGGACACGC_003,15
GTGCCCGTCAAGGGACACGC_004,78
GTGCCCGTCAAGGGACACGC_005,1
GTGCCCGTCAAGGGACACGC_006,69
GTGCCCGTCAAGGGACACGC_007,19
GTGCCCGTCAAGGGACACGC_008,153
GTGCCCGTCAAGGGACACGC_009,99
GTGCCCGTCAAGGGACACGC_010,162
GTGCCCGTCAAGGGACACGC_011,149
GTGCCCGTCAAGGGACACGC_012,19
GTGCCCGTCAAGGGACACGC_013,63
GTGCCCGTCAAGGGACACGC_014,78
GTGCCCGTCAAGGGACACGC_015,94
GTGCCCGTCAAGGGACACGC_016,26
GTGCCCGTCAAGGGACACGC_017,108
GTGCCCGTCAAGGGACACGC_018,177
GTGCCCGTCAAGGGACACGC_019,76
TGGACTTGAGAAGCACGTAG_001,19
TGGACTTGAGAAGCACGTAG_002,179
TGGACTTGAGAAGCACGTAG_003,139
TGGACTTGAGAAGCACGTAG_004,147
TGGACTTGAGAAGCACGTAG_005,178
TGGACTTGAGAAGCACGTAG_006,121
TGGACTTGAGAAGCACGTAG_007,102
TGGACTTGAGAAGCACGTAG_008,99
TGGACTTGAGAAGCACGTAG_009,190
TGGACTTGAGAAGCACGTAG_010,187
TGGACTTGAGAAGCACGTAG_011,163
TGGACTTGAGAAGCACGTAG_012,133
TGGACTTGAGAAGCACGTAG_013,169
TGGACTTGAGAAGCACGTAG_014,95
TGGACTTGAGAAGCACGTAG_015,1
TGGACTTGAGAAGCACGTAG_016,169
TGGACTTGAGAAGCACGTAG_017,147
TGGACTTGAGAAGCACGTAG_018,28
TGGACTTGAGAAGCACGTAG_019,50
TGGACTTGAGAAGCACGTAG_020,28
TGGACTTGAGAAGCACGTAG_021,172
TGGACTTGAGAAGCACGTAG_022,102
TGGACTTGAGAAGCACGTAG_023,62
TGGACTTGAGAAGCACGTAG_024,185
CCCCGCTGCTGCTGCCCCAG_001,52
CCCCGCTGCTGCTGCCCCAG_002,142
CCCCGCTGCTGCTGCCCCAG_003,8
CCCCGCTGCTGCTGCCCCAG_004,33
CCCCGCTGCTGCTGCCCCAG_005,139
CCCCGCTGCTGCTGCCCCAG_006,186
CCCCGCTGCTGCTGCCCCAG_007,178
CCCCGCTGCTGCTGCCCCAG_008,12
CCCCGCTGCTGCTGCCCCAG_009,185
CCCCGCTGCTGCTGCCCCAG_010,67
CCCCGCTGCTGCTGCCCCAG_011,166
CCCCGCTGCTGCTGCCCCAG_012,48
CCCCGCTGCTGCTGCCCCAG_013,188
CCCCGCTGCTGCTGCCCCAG_014,168
CCCCGCTGCTGCTGCCCCAG_015,77
CCCCGCTGCTGCTGCCCCAG_016,83
CCCCGCTGCTGCTGCCCCAG_017,113
CCCCGCTGCTGCTGCCCCAG_018,116
CCCCGCTGCTGCTGCCCCAG_019,9
CCCCGCTGCTGCTGCCCCAG_020,53
CCCCGCTGCTGCTGCCCCAG_021,133
CCCCGCTGCTGCTGCCCCAG_022,188
CCCCGCTGCTGCTGCCCCAG_023,49
CCCCGCTGCTGCTGCCCCAG_024,127
CCCCGCTGCTGCTGCCCCAG_025,31
CCCCGCTGCTGCTGCCCCAG_026,76
CCCCGCTGCTGCTGCCCCAG_027,37
CCCCGCTGCTGCTGCCCCAG_028,144
CCCCGCTGCTGCTGCCCCAG_029,121
CCCCGCTGCTGCTGCCCCAG_030,78
TGTGAACGGCAGCTACGCAA_001,16
TGTGAACGGCAGCTACGCAA_002,150
TGTGAACGGCAGCTACGCAA_003,58
CCGAATACAAGAACGCAGAA_001,150
CCGAATACAAGAACGCAGAA_002,17
CCGAATACAAGAACGCAGAA_003,145
CCGAATACAAGAACGCAGAA_004,52
CCGAATACAAGAACGCAGAA_005,1
CCGAATACAAGAACGCAGAA_006,134
CCGAATACAAGAACGCAGAA_007,61
TGTGATCAGAGTGAACAACT_001,17
TGTGATCAGAGTGAACAACT_002,84
TGTGATCAGAGTGAACAACT_003,139
TGTGATCAGAGTGAACAACT_004,193
TGTGATCAGAGTGAACAACT_005,160
TGTGATCAGAGTGAACAACT_006,83
TGTGATCAGAGTGAACAACT_007,81
TGTGATCAGAGTGAACAACT_008,1
TGTGATCAGAGTGAACAACT_009,34
TGTGATCAGAGTGAACAACT_010,52
TGGTGAGCGATTTCCACCAG_001,198
TGGTGAGCGATTTCCACCAG_002,55
TGGTGAGCGATTTCCACCAG_003,20
TGGTGAGCGATTTCCACCAG_004,35
CAGCACCGGCCGAGTCTGGA_001,122
CAGCACCGGCCGAGTCTGGA_002,169
CAGCACCGGCCGAGTCTGGA_003,105
CAGCACCGGCCGAGTCTGGA_004,29
CAGCACCGGCCGAGTCTGGA_005,21
CAGCACCGGCCGAGTCTGGA_006,80
CAGCACCGGCCGAGTCTGGA_007,49
CAGCACCGGCCGAGTCTGGA_008,41
CAGCACCGGCCGAGTCTGGA_009,41
CAGCACCGGCCGAGTCTGGA_010,62
CAGCACCGGCCGAGTCTGGA_011,127
CAGCACCGGCCGAGTCTGGA_012,176
CAGCACCGGCCGAGTCTGGA_013,94
CAGCACCGGCCGAGTCTGGA_014,149
CAGCACCGGCCGAGTCTGGA_015,102
CAGCACCGGCCGAGTCTGGA_016,50
CAGCACCGGCCGAGTCTGGA_017,58
CAGCACCGGCCGAGTCTGGA_018,166
CAGCACCGGCCGAGTCTGGA_019,15
CAGCACCGGCCGAGTCTGGA_020,152
CAGCACCGGCCGAGTCTGGA_021,63
CAGCACCGGCCGAGTCTGGA_022,67
CAGCACCGGCCGAGTCTGGA_023,168
CAGCACCGGCCGAGTCTGGA_024,188
CAGCACCGGCCGAGTCTGGA_025,30
CAGCACCGGCCGAGTCTGGA_026,76
GAAGTCTAAAGAGCCTGATG_001,15
GAAGTCTAAAGAGCCTGATG_002,152
GAAGTCTAAAGAGCCTGATG_003,26
GAAGTCTAAAGAGCCTGATG_004,163
GAAGTCTAAAGAGCCTGATG_005,198
GAAGTCTAAAGAGCCTGATG_006,2
GAAGTCTAAAGAGCCTGATG_007,124
CCAGACCACTCCCCGACCTG_001,58
CCAGACCACTCCCCGACCTG_002,170
CCAGACCACTCCCCGACCTG_003,76
CCAGACCACTCCCCGACCTG_004,106
CCAGACCACTCCCCGACCTG_005,192
CCAGACCACTCCCCGACCTG_006,87
CCAGACCACTCCCCGACCTG_007,17
CCAGACCACTCCCCGACCTG_008,190
CCAGACCACTCCCCGACCTG_009,16
CCAGACCACTCCCCGACCTG_010,163
CCAGACCACTCCCCGACCTG_011,170
CCAGACCACTCCCCGACCTG_012,49
CTTGCTAAGCGTTTCACCAG_001,8
CTTGCTAAGCGTTTCACCAG_002,171
CTTGCTAAGCGTTTCACCAG_003,60
CTTGCTAAGCGTTTCACCAG_004,117
CTTGCTAAGCGTTTCACCAG_005,23
CTTGCTAAGCGTTTCACCAG_006,184
CTTGCTAAGCGTTTCACCAG_007,15
CTTGCTAAGCGTTTCACCAG_008,1
CTTGCTAAGCGTTTCACCAG_009,14
CTTGCTAAGCGTTTCACCAG_010,61
CTTGCTAAGCGTTTCACCAG_011,185
CTTGCTAAGCGTTTCACCAG_012,107
CTTGCTAAGCGTTTCACCAG_013,191
CTTGCTAAGCGTTTCACCAG_014,121
CTTGCTAAGCGTTTCACCAG_015,188
CTTGCTAAGCGTTTCACCAG_016,68
TGGCTTTGGTGACTGCTGCG_001,27
TGGCTTTGGTGACTGCTGCG_002,184
TGGCTTTGGTGACTGCTGCG_003,148
TGGCTTTGGTGACTGCTGCG_004,142
TGGCTTTGGTGACTGCTGCG_005,77
TGGCTTTGGTGACTGCTGCG_006,116
TGGCTTTGGTGACTGCTGCG_007,133
TGGCTTTGGTGACTGCTGCG_008,26
TGGCTTTGGTGACTGCTGCG_009,2
TGGCTTTGGTGACTGCTGCG_010,150
CGTGATTGTCAACTGCACTG_001,151
CGTGATTGTCAACTGCACTG_002,48
CGTGATTGTCAACTGCACTG_003,182
CGTGATTGTCAACTGCACTG_004,182
CGTGATTGTCAACTGCACTG_005,169
CGTGATTGTCAACTGCACTG_006,26
CGTGATTGTCAACTGCACTG_007,8
CGTGATTGTCAACTGCACTG_008,20
ACAGCACACCATTAACACGT_001,163
ACAGCACACCATTAACACGT_002,142
ACAGCACACCATTAACACGT_003,56
ACAGCACACCATTAACACGT_004,11
ACAGCACACCATTAACACGT_005,146
ACAGCACACCATTAACACGT_006,124
ACAGCACACCATTAACACGT_007,6
ACAGCACACCATTAACACGT_008,159
CTTCATAGGAGAATCCGGTG_001,134
CTTCATAGGAGAATCCGGTG_002,194
CTTCATAGGAGAATCCGGTG_003,27
CTTCATAGGAGAATCCGGTG_004,191
CTTCATAGGAGAATCCGGTG_005,149
CTTCATAGGAGAATCCGGTG_006,2
CTTCATAGGAGAATCCGGTG_007,16
CTTCATAGGAGAATCCGGTG_008,16
CTTCATAGGAGAATCCGGTG_009,88
CTTCATAGGAGAATCCGGTG_010,98
CTTCATAGGAGAATCCGGTG_011,84
CTTCATAGGAGAATCCGGTG_012,69
CTTCATAGGAGAATCCGGTG_013,137
CTTCATAGGAGAATCCGGTG_014,44
CTTCATAGGAGAATCCGGTG_015,84
TAAGATGGTACCTATCACTG_001,42
TAAGATGGTACCTATCACTG_002,174
TAAGATGGTACCTATCACTG_003,119
TAAGATGGTACCTATCACTG_004,48
TAAGATGGTACCTATCACTG_005,61
TAAGATGGTACCTATCACTG_006,103
GTGACCCACTGGATCCAGGA_001,115
GTGACCCACTGGATCCAGGA_002,29
GTGACCCACTGGATCCAGGA_003,33
GTGACCCACTGGATCCAGGA_004,199
GTGACCCACTGGATCCAGGA_005,83
TGGTAGGTCCCACTGTGCAA_001,18
TGGTAGGTCCCACTGTGCAA_002,23
TGGTAGGTCCCACTGTGCAA_003,55
TGGTAGGTCCCACTGTGCAA_004,11
TGGTAGGTCCCACTGTGCAA_005,156
TGGTAGGTCCCACTGTGCAA_006,147
TGGTAGGTCCCACTGTGCAA_007,128
TGGTAGGTCCCACTGTGCAA_008,114
TGGTAGGTCCCACTGTGCAA_009,49
TGGTAGGTCCCACTGTGCAA_010,182
TGGTAGGTCCCACTGTGCAA_011,42
TGGTAGGTCCCACTGTGCAA_012,115
TGGTAGGTCCCACTGTGCAA_013,178
TGGTAGGTCCCACTGTGCAA_014,36
TGGTAGGTCCCACTGTGCAA_015,85
TGGTAGGTCCCACTGTGCAA_016,140
TGGTAGGTCCCACTGTGCAA_017,11
GCTTCACCGTATGTTCGAGG_001,23
GGACGCGGGAGGACACAGTG_001,78
GGACGCGGGAGGACACAGTG_002,175
GGACGCGGGAGGACACAGTG_003,134
GGACGCGGGAGGACACAGTG_004,51
GGACGCGGGAGGACACAGTG_005,142
GGACGCGGGAGGACACAGTG_006,51
GGACGCGGGAGGACACAGTG_007,149
GGACGCGGGAGGACACAGTG_008,75
GGACGCGGGAGGACACAGTG_009,104
GGACGCGGGAGGACACAGTG_010,116
GGACGCGGGAGGACACAGTG_011,111
GGACGCGGGAGGACACAGTG_012,58
GGACGCGGGAGGACACAGTG_013,49
GGACGCGGGAGGACACAGTG_014,138
GGACGCGGGAGGACACAGTG_015,106
GGACGCGGGAGGACACAGTG_016,96
GGACGCGGGAGGACACAGTG_017,96
GGACGCGGGAGGACACAGTG_018,162
GGACGCGGGAGGACACAGTG_019,124
GGACGCGGGAGGACACAGTG_020,151
GGACGCGGGAGGACACAGTG_021,52
GGACGCGGGAGGACACAGTG_022,161
GGACGCGGGAGGACACAGTG_023,74
GGACGCGGGAGGACACAGTG_024,188
GGACGCGGGAGGACACAGTG_025,6
GGACGCGGGAGGACACAGTG_026,138
GGACGCGGGAGGACACAGTG_027,13
GGACGCGGGAGGACACAGTG_028,79
CGCCCCATGCTATCCTCACG_001,34
CGCCCCATGCTATCCTCACG_002,1
CGCCCCATGCTATCCTCACG_003,160
CGCCCCATGCTATCCTCACG_004,91
CGCCCCATGCTATCCTCACG_005,88
CGCCCCATGCTATCCTCACG_006,138
CGCCCCATGCTATCCTCACG_007,56
GCAGGATACCGGACCAGCAC_001,58
GCAGGATACCGGACCAGCAC_002,77
GCAGGATACCGGACCAGCAC_003,122
GCAGGATACCGGACCAGCAC_004,103
GCAGGATACCGGACCAGCAC_005,125
GGGTGTTGGAGAGTATTGTG_001,85
GGGTGTTGGAGAGTATTGTG_002,121
GGGTGTTGGAGAGTATTGTG_003,191
GGGTGTTGGAGAGTATTGTG_004,15
GGGTGTTGGAGAGTATTGTG_005,30
GGGTGTTGGAGAGTATTGTG_006,138
GGGTGTTGGAGAGTATTGTG_007,199
GTAGTCGGTCGAGCAGAAAG_001,87
GTAGTCGGTCGAGCAGAAAG_002,50
GTAGTCGGTCGAGCAGAAAG_003,121
GTAGTCGGTCGAGCAGAAAG_004,33
GTAGTCGGTCGAGCAGAAAG_005,82
GTAGTCGGTCGAGCAGAAAG_006,84
GTAGTCGGTCGAGCAGAAAG_007,58
GTAGTCGGTCGAGCAGAAAG_008,184
GTAGTCGGTCGAGCAGAAAG_009,9
GTAGTCGGTCGAGCAGAAAG_010,47
GTAGTCGGTCGAGCAGAAAG_011,140
GTAGTCGGTCGAGCAGAAAG_012,69
GTAGTCGGTCGAGCAGAAAG_013,121
GTAGTCGGTCGAGCAGAAAG_014,1
GTAGTCGGTCGAGCAGAAAG_015,93
GTAGTCGGTCGAGCAGAAAG_016,157
CTGGGAGACCAGAACAGGCG_001,40
CTGGGAGACCAGAACAGGCG_002,62
CTGGGAGACCAGAACAGGCG_003,149
CTGGGAGACCAGAACAGGCG_004,90
CTGGGAGACCAGAACAGGCG_005,138
CTGGGAGACCAGAACAGGCG_006,41
CTGGGAGACCAGAACAGGCG_007,22
CTGGGAGACCAGAACAGGCG_008,162
CTGGGAGACCAGAACAGGCG_009,83
CTGGGAGACCAGAACAGGCG_010,115
CTGGGAGACCAGAACAGGCG_011,134
CTGGGAGACCAGAACAGGCG_012,167
AATCGGATATAACATCATCC_001,58
AATCGGATATAACATCATCC_002,125
AATCGGATATAACATCATCC_003,52
ACTGGCACCCTATATCCCCA_001,17
ACTGGCACCCTATATCCCCA_002,17
ACTGGCACCCTATATCCCCA_003,16
ACTGGCACCCTATATCCCCA_004,18
ACTGGCACCCTATATCCCCA_005,7
ACTGGCACCCTATATCCCCA_006,14
TCAATCAGAAACCATAGCTG_001,171
TCAATCAGAAACCATAGCTG_002,137
TCAATCAGAAACCATAGCTG_003,138
TCAATCAGAAACCATAGCTG_004,97
TCAATCAGAAACCATAGCTG_005,108
TCAATCAGAAACCATAGCTG_006,90
TCAATCAGAAACCATAGCTG_007,160
TCAATCAGAAACCATAGCTG_008,1
TCAATCAGAAACCATAGCTG_009,13
TCAATCAGAAACCATAGCTG_010,116
TCAATCAGAAACCATAGCTG_011,119
TCAATCAGAAACCATAGCTG_012,94
TCAATCAGAAACCATAGCTG_013,172
TCAATCAGAAACCATAGCTG_014,10
TCAATCAGAAACCATAGCTG_015,40
TCAATCAGAAACCATAGCTG_016,184
TCAATCAGAAACCATAGCTG_017,40
TCAATCAGAAACCATAGCTG_018,53
TCAATCAGAAACCATAGCTG_019,72
TCAATCAGAAACCATAGCTG_020,99
TCAATCAGAAACCATAGCTG_021,123
GATATGCTGCAGTCTCCAGG_001,172
GATATGCTGCAGTCTCCAGG_002,158
GATATGCTGCAGTCTCCAGG_003,120
GATATGCTGCAGTCTCCAGG_004,0
GATATGCTGCAGTCTCCAGG_005,134
GATATGCTGCAGTCTCCAGG_006,174
GATATGCTGCAGTCTCCAGG_007,153
GATATGCTGCAGTCTCCAGG_008,102
GATATGCTGCAGTCTCCAGG_009,77
GTTGGCCCAAAGAGTAATCG_001,9
GTTGGCCCAAAGAGTAATCG_002,83
GTTGGCCCAAAGAGTAATCG_003,175
GTTGGCCCAAAGAGTAATCG_004,2
GTTGGCCCAAAGAGTAATCG_005,117
GTTGGCCCAAAGAGTAATCG_006,89
AGAAGGGAAGCCCTACTACG_001,138
AGAAGGGAAGCCCTACTACG_002,84
AGAAGGGAAGCCCTACTACG_003,199
AGAAGGGAAGCCCTACTACG_004,149
AGAAGGGAAGCCCTACTACG_005,36
AGAAGGGAAGCCCTACTACG_006,161
AGAAGGGAAGCCCTACTACG_007,36
AGAAGGGAAGCCCTACTACG_008,34
AGAAGGGAAGCCCTACTACG_009,8
AGAAGGGAAGCCCTACTACG_010,57
AGAAGGGAAGCCCTACTACG_011,48
AGAAGGGAAGCCCTACTACG_012,168
AGAAGGGAAGCCCTACTACG_013,26
AGAAGGGAAGCCCTACTACG_014,62
ATACCTTATGCGTTATTAGG_001,2
GCACAATGGAGCCTTCCGTG_001,107
GCACAATGGAGCCTTCCGTG_002,94
GCACAATGGAGCCTTCCGTG_003,12
GCACAATGGAGCCTTCCGTG_004,178
GCACAATGGAGCCTTCCGTG_005,147
GCACAATGGAGCCTTCCGTG_006,45
GCACAATGGAGCCTTCCGTG_007,94
GCACAATGGAGCCTTCCGTG_008,81
GCACAATGGAGCCTTCCGTG_009,42
GCACAATGGAGCCTTCCGTG_010,150
GCACAATGGAGCCTTCCGTG_011,192
GCACAATGGAGCCTTCCGTG_012,48
GCACAATGGAGCCTTCCGTG_013,192
GCACAATGGAGCCTTCCGTG_014,102
GCACAATGGAGCCTTCCGTG_015,168
GCACAATGGAGCCTTCCGTG_016,9
GCACAATGGAGCCTTCCGTG_017,141
GCACAATGGAGCCTTCCGTG_018,88
GCACAATGGAGCCTTCCGTG_019,130
GCACAATGGAGCCTTCCGTG_020,4
GCACAATGGAGCCTTCCGTG_021,187
GCACAATGGAGCCTTCCGTG_022,29
GCACAATGGAGCCTTCCGTG_023,30
GCACAATGGAGCCTTCCGTG_024,12
GCACAATGGAGCCTTCCGTG_025,43
GCACAATGGAGCCTTCCGTG_026,185
GCACAATGGAGCCTTCCGTG_027,1
GCACAATGGAGCCTTCCGTG_028,197
GCACAATGGAGCCTTCCGTG_029,19
GCACAATGGAGCCTTCCGTG_030,19
GCACAATGGAGCCTTCCGTG_031,63
GCACAATGGAGCCTTCCGTG_032,105
GCACAATGGAGCCTTCCGTG_033,50
GCACAATGGAGCCTTCCGTG_034,50
GCCAGTGGTCCAGCCAGTCG_001,51
GCCAGTGGTCCAGCCAGTCG_002,160
GCCAGTGGTCCAGCCAGTCG_003,119
GCCAGTGGTCCAGCCAGTCG_004,40
GCCAGTGGTCCAGCCAGTCG_005,178
GCCAGTGGTCCAGCCAGTCG_006,137
GCCAGTGGTCCAGCCAGTCG_007,145
GCCAGTGGTCCAGCCAGTCG_008,48
GCCAGTGGTCCAGCCAGTCG_009,124
GCCAGTGGTCCAGCCAGTCG_010,120
GCCAGTGGTCCAGCCAGTCG_011,28
TCATCGTCTTTGGGAGTGTG_001,1
TCATCGTCTTTGGGAGTGTG_002,172
TCATCGTCTTTGGGAGTGTG_003,139
TCATCGTCTTTGGGAGTGTG_004,76
TCATCGTCTTTGGGAGTGTG_005,177
TCATCGTCTTTGGGAGTGTG_006,161
TCATCGTCTTTGGGAGTGTG_007,97
TCATCGTCTTTGGGAGTGTG_008,21
TCATCGTCTTTGGGAGTGTG_009,59
TCATCGTCTTTGGGAGTGTG_010,49
TCATCGTCTTTGGGAGTGTG_011,145
TCATCGTCTTTGGGAGTGTG_012,16
TCATCGTCTTTGGGAGTGTG_013,78
TCATCGTCTTTGGGAGTGTG_014,140
TCATCGTCTTTGGGAGTGTG_015,157
TCATCGTCTTTGGGAGTGTG_016,24
TCATCGTCTTTGGGAGTGTG_017,165
TCATCGTCTTTGGGAGTGTG_018,78
TCATCGTCTTTGGGAGTGTG_019,36
TCATCGTCTTTGGGAGTGTG_020,170
TCATCGTCTTTGGGAGTGTG_021,28
TCATCGTCTTTGGGAGTGTG_022,136
GTGGCTATTACACATCAGCA_001,68
TCCATGAAATCATCCCACTG_001,99
TCCATGAAATCATCCCACTG_002,20
TCCATGAAATCATCCCACTG_003,47
TCCATGAAATCATCCCACTG_004,131
TCCATGAAATCATCCCACTG_005,131
TCCATGAAATCATCCCACTG_006,48
TCCATGAAATCATCCCACTG_007,82
TCCATGAAATCATCCCACTG_008,134
TCCATGAAATCATCCCACTG_009,124
TCCATGAAATCATCCCACTG_010,48
CCAGAACAATATATGAAGGA_001,41
TCTGTGAAAATCTTCCACGA_001,29
CCTTACTGATGATCCGAACG_001,83
CCTTACTGATGATCCGAACG_002,9
CCTTACTGATGATCCGAACG_003,179
CCTTACTGATGATCCGAACG_004,179
CCTTACTGATGATCCGAACG_005,124
CCTTACTGATGATCCGAACG_006,144
CCTTACTGATGATCCGAACG_007,130
CCTTACTGATGATCCGAACG_008,9
CCTTACTGATGATCCGAACG_009,52
CCTTACTGATGATCCGAACG_010,186
TTACATTCCCCCTAGCAAAG_001,12
TTACATTCCCCCTAGCAAAG_002,40
TTACATTCCCCCTAGCAAAG_003,4
TTACATTCCCCCTAGCAAAG_004,117
TTACATTCCCCCTAGCAAAG_005,85
TTACATTCCCCCTAGCAAAG_006,26
TATGAGCGTCCCAATTACCA_001,132
GATTTGACTGAAGAACGACT_001,147
GATTTGACTGAAGAACGACT_002,148
GATTTGACTGAAGAACGACT_003,128
GATTTGACTGAAGAACGACT_004,9
GATTTGACTGAAGAACGACT_005,173
GATTTGACTGAAGAACGACT_006,173
TCATCATTCGGAAGCAACAG_001,21
TCATCATTCGGAAGCAACAG_002,6
TCATCATTCGGAAGCAACAG_003,83
TCATCATTCGGAAGCAACAG_004,75
TCATCATTCGGAAGCAACAG_005,44
AATTGGCGCTATGCTACTGG_001,83
AATTGGCGCTATGCTACTGG_002,191
AATTGGCGCTATGCTACTGG_003,154
AATTGGCGCTATGCTACTGG_004,188
GGAATGATGCTCTACCACCA_001,74
GGAATGATGCTCTACCACCA_002,63
GGAATGATGCTCTACCACCA_003,49
GGAATGATGCTCTACCACCA_004,76
GAGTCACCCCCTCGAACCCA_001,147
GAGTCACCCCCTCGAACCCA_002,50
GAGTCACCCCCTCGAACCCA_003,25
GAGTCACCCCCTCGAACCCA_004,177
GAGTCACCCCCTCGAACCCA_005,50
GAGTCACCCCCTCGAACCCA_006,182
GAGTCACCCCCTCGAACCCA_007,15
GAGTCACCCCCTCGAACCCA_008,102
GAGTCACCCCCTCGAACCCA_009,160
GAGTCACCCCCTCGAACCCA_010,178
GAGTCACCCCCTCGAACCCA_011,7
GAGTCACCCCCTCGAACCCA_012,179
GAGTCACCCCCTCGAACCCA_013,189
GAGTCACCCCCTCGAACCCA_014,19
GAGTCACCCCCTCGAACCCA_015,191
GAGTCACCCCCTCGAACCCA_016,88
GAGTCACCCCCTCGAACCCA_017,8
GAGTCACCCCCTCGAACCCA_018,48
GAGTCACCCCCTCGAACCCA_019,13
GAGTCACCCCCTCGAACCCA_020,5
GAGTCACCCCCTCGAACCCA_021,168
GAGTCACCCCCTCGAACCCA_022,160
GAGTCACCCCCTCGAACCCA_023,196
GAGTCACCCCCTCGAACCCA_024,157
GAGTCACCCCCTCGAACCCA_025,49
GAGTCACCCCCTCGAACCCA_026,67
GAGTCACCCCCTCGAACCCA_027,62
GAGTCACCCCCTCGAACCCA_028,94
GAGTCACCCCCTCGAACCCA_029,104
GAGTCACCCCCTCGAACCCA_030,41
GAGTCACCCCCTCGAACCCA_031,176
GAGTCACCCCCTCGAACCCA_032,60
GAGTCACCCCCTCGAACCCA_033,76
GAGTCACCCCCTCGAACCCA_034,144
GAGTCACCCCCTCGAACCCA_035,9
GAGTCACCCCCTCGAACCCA_036,124
GAGTCACCCCCTCGAACCCA_037,131
GAGTCACCCCCTCGAACCCA_038,49
GAGTCACCCCCTCGAACCCA_039,85
GAGTCACCCCCTCGAACCCA_040,174
GAGTCACCCCCTCGAACCCA_041,3
GAGTCACCCCCTCGAACCCA_042,46
GAGTCACCCCCTCGAACCCA_043,124
GAGTCACCCCCTCGAACCCA_044,152
GAGTCACCCCCTCGAACCCA_045,188
GAGTCACCCCCTCGAACCCA_046,99
GAGTCACCCCCTCGAACCCA_047,49
GAGTCACCCCCTCGAACCCA_048,138
GAGTCACCCCCTCGAACCCA_049,165
GAGTCACCCCCTCGAACCCA_050,125
GAGTCACCCCCTCGAACCCA_051,66
GAGTCACCCCCTCGAACCCA_052,112
GAGTCACCCCCTCGAACCCA_053,88
GAGTCACCCCCTCGAACCCA_054,111
GAGTCACCCCCTCGAACCCA_055,162
GAGTCACCCCCTCGAACCCA_056,43
GAGTCACCCCCTCGAACCCA_057,177
GAGTCACCCCCTCGAACCCA_058,146
GAGTCACCCCCTCGAACCCA_059,180
GAGTCACCCCCTCGAACCCA_060,86
ATCGTCACTTCCCTATACAT_001,158
ATCGTCACTTCCCTATACAT_002,82
ATCGTCACTTCCCTATACAT_003,20
ATCGTCACTTCCCTATACAT_004,58
ATCGTCACTTCCCTATACAT_005,67
ATCGTCACTTCCCTATACAT_006,194
ATCGTCACTTCCCTATACAT_007,122
ATCGTCACTTCCCTATACAT_008,62
ATCGTCACTTCCCTATACAT_009,172
ATCGTCACTTCCCTATACAT_010,35
CGCGGGTAGGATAGACAGGG_001,29
CGCGGGTAGGATAGACAGGG_002,102
CGCGGGTAGGATAGACAGGG_003,17
GGTGCAGACACTACCCATCG_001,174
GGTGCAGACACTACCCATCG_002,42
GGTGCAGACACTACCCATCG_003,176
GGTGCAGACACTACCCATCG_004,55
GGTGCAGACACTACCCATCG_005,127
GGTGCAGACACTACCCATCG_006,127
GGTGCAGACACTACCCATCG_007,191
TAGACGACACGCAATTCCTG_001,80
TAGACGACACGCAATTCCTG_002,166
TAGACGACACGCAATTCCTG_003,168
GTTCCTGGGAATCAAGATCA_001,150
GTTCCTGGGAATCAAGATCA_002,158
GAAGCTATTGATGCCACGCA_001,141
GAAGCTATTGATGCCACGCA_002,8
GAAGCTATTGATGCCACGCA_003,120
GAAGCTATTGATGCCACGCA_004,22
GAAGCTATTGATGCCACGCA_005,78
GAAGCTATTGATGCCACGCA_006,169
GAAGCTATTGATGCCACGCA_007,28
GAAGCTATTGATGCCACGCA_008,48
GAAGCTATTGATGCCACGCA_009,48
TAGTAGCCATGGTAGAGTGT_001,121
TAGTAGCCATGGTAGAGTGT_002,158
TAGTAGCCATGGTAGAGTGT_003,60
TAGTAGCCATGGTAGAGTGT_004,142
GTATGACATGAGTGCAAACG_001,50
GTATGACATGAGTGCAAACG_002,65
GTATGACATGAGTGCAAACG_003,26
GTATGACATGAGTGCAAACG_004,132
GTATGACATGAGTGCAAACG_005,181
TACTTACTACGGCCACAGTA_001,38
TACTTACTACGGCCACAGTA_002,15
TACTTACTACGGCCACAGTA_003,134
TACTTACTACGGCCACAGTA_004,28
TACTTACTACGGCCACAGTA_005,81
TACTTACTACGGCCACAGTA_006,9
TACTTACTACGGCCACAGTA_007,76
TACTTACTACGGCCACAGTA_008,152
TACTTACTACGGCCACAGTA_009,115
TACTTACTACGGCCACAGTA_010,150
TATGCTGCGTATGTAACTGT_001,17
TATGCTGCGTATGTAACTGT_002,28
AGATATGATTATATCAGCAA_001,132
AGATATGATTATATCAGCAA_002,199
AGATATGATTATATCAGCAA_003,84
AACTGACACTCACATATGCT_001,2
AACTGACACTCACATATGCT_002,82
AACTGACACTCACATATGCT_003,107
AACTGACACTCACATATGCT_004,119
AACTGACACTCACATATGCT_005,155
AACTGACACTCACATATGCT_006,83
AACTGACACTCACATATGCT_007,82
AACTGACACTCACATATGCT_008,144
AACTGACACTCACATATGCT_009,1
AACTGACACTCACATATGCT_010,16
AACTGACACTCACATATGCT_011,190
AACTGACACTCACATATGCT_012,5
AACTGACACTCACATATGCT_013,105
AACTGACACTCACATATGCT_014,162
AACTGACACTCACATATGCT_015,106
AACTGACACTCACATATGCT_016,6
AACTGACACTCACATATGCT_017,137
GAAGTACGCCTACCTCAACG_001,33
GAAGTACGCCTACCTCAACG_002,15
GAAGTACGCCTACCTCAACG_003,178
GAAGTACGCCTACCTCAACG_004,82
GAAGTACGCCTACCTCAACG_005,117
GAAGTACGCCTACCTCAACG_006,32
GAAGTACGCCTACCTCAACG_007,36
GAAGTACGCCTACCTCAACG_008,113
TCTTCCTAGCACTGCCAATG_001,61
TCTTCCTAGCACTGCCAATG_002,20
GTTGCGGGGTATGTAGACCT_001,53
GTTGCGGGGTATGTAGACCT_002,58
GTTGCGGGGTATGTAGACCT_003,193
GTTGCGGGGTATGTAGACCT_004,54
GTTGCGGGGTATGTAGACCT_005,60
GTTGCGGGGTATGTAGACCT_006,174
GTTGCGGGGTATGTAGACCT_007,162
GTTGCGGGGTATGTAGACCT_008,78
GTTGCGGGGTATGTAGACCT_009,166
GTTGCGGGGTATGTAGACCT_010,145
GTTGCGGGGTATGTAGACCT_011,129
GTTGCGGGGTATGTAGACCT_012,103
GTTGCGGGGTATGTAGACCT_013,17
GTTGCGGGGTATGTAGACCT_014,94
GTTGCGGGGTATGTAGACCT_015,51
GTTGCGGGGTATGTAGACCT_016,26
GTTGCGGGGTATGTAGACCT_017,178
GTTGCGGGGTATGTAGACCT_018,185
GTTGCGGGGTATGTAGACCT_019,90
GTTGCGGGGTATGTAGACCT_020,62
GTTGCGGGGTATGTAGACCT_021,163
ATCCTTCCGATAGGACTGAA_001,107
ATCCTTCCGATAGGACTGAA_002,166
ATCCTTCCGATAGGACTGAA_003,50
ATCCTTCCGATAGGACTGAA_004,22
ATCCTTCCGATAGGACTGAA_005,147
ATCCTTCCGATAGGACTGAA_006,67
ATCCTTCCGATAGGACTGAA_007,199
ATCCTTCCGATAGGACTGAA_008,16
ATCCTTCCGATAGGACTGAA_009,187
ATCCTTCCGATAGGACTGAA_010,165
ATCCTTCCGATAGGACTGAA_011,30
ATCCTTCCGATAGGACTGAA_012,198
ATCCTTCCGATAGGACTGAA_013,182
ATCCTTCCGATAGGACTGAA_014,198
ATCCTTCCGATAGGACTGAA_015,182
ATCCTTCCGATAGGACTGAA_016,195
ATCCTTCCGATAGGACTGAA_017,14
ATCCTTCCGATAGGACTGAA_018,75
ATCCTTCCGATAGGACTGAA_019,102
ATCCTTCCGATAGGACTGAA_020,188
ATCCTTCCGATAGGACTGAA_021,146
ATCCTTCCGATAGGACTGAA_022,117
ATCCTTCCGATAGGACTGAA_023,102
GGAAATGCTCTGTGTCCATG_001,121
GGAAATGCTCTGTGTCCATG_002,60
GGAAATGCTCTGTGTCCATG_003,185
GGAAATGCTCTGTGTCCATG_004,168
GGAAATGCTCTGTGTCCATG_005,187
GGAAATGCTCTGTGTCCATG_006,91
GGAAATGCTCTGTGTCCATG_007,80
GGAAATGCTCTGTGTCCATG_008,117
GGAAATGCTCTGTGTCCATG_009,138
GGAAATGCTCTGTGTCCATG_010,40
GGAAATGCTCTGTGTCCATG_011,158
GGATCAGTATATTGGCCGTG_001,157
GGATCAGTATATTGGCCGTG_002,129
GGATCAGTATATTGGCCGTG_003,146
GGATCAGTATATTGGCCGTG_004,184
ATTCTCCACCACATCAACGC_001,56
ATTCTCCACCACATCAACGC_002,83
ATTCTCCACCACATCAACGC_003,50
ATTCTCCACCACATCAACGC_004,97
ATTCTCCACCACATCAACGC_005,48
GCCAGCTTTCAACAATGATG_001,11
GCCAGCTTTCAACAATGATG_002,106
GCCAGCTTTCAACAATGATG_003,191
GCCAGCTTTCAACAATGATG_004,127
GCCAGCTTTCAACAATGATG_005,31
GCCAGCTTTCAACAATGATG_006,33
GCCAGCTTTCAACAATGATG_007,136
GCCAGCTTTCAACAATGATG_008,127
GCGTTCCTTACCAGCGGCGC_001,122
GCGTTCCTTACCAGCGGCGC_002,31
GCGTTCCTTACCAGCGGCGC_003,183
GCGTTCCTTACCAGCGGCGC_004,60
GCGTTCCTTACCAGCGGCGC_005,7
GCGTTCCTTACCAGCGGCGC_006,49
GCGTTCCTTACCAGCGGCGC_007,160
GTCAAAGCCGGATTGAAATG_001,68
GTCAAAGCCGGATTGAAATG_002,88
GTCAAAGCCGGATTGAAATG_003,145
GGAGAAGTGCAGATAGTCTG_001,42
GGAGAAGTGCAGATAGTCTG_002,34
GGAGAAGTGCAGATAGTCTG_003,34
GGAGAAGTGCAGATAGTCTG_004,180
TCCCAATGCTCTGACCATAG_001,160
TCCCAATGCTCTGACCATAG_002,95
AAGGGTTGAGAAGTTACCAA_001,78
AAGGGTTGAGAAGTTACCAA_002,150
AAGGGTTGAGAAGTTACCAA_003,17
AAGGGTTGAGAAGTTACCAA_004,171
AAGGGTTGAGAAGTTACCAA_005,123
AAGGGTTGAGAAGTTACCAA_006,88
AAGTATTGAGTGAGTTCTCG_001,17
AAGTATTGAGTGAGTTCTCG_002,87
AAGTATTGAGTGAGTTCTCG_003,9
AAGTATTGAGTGAGTTCTCG_004,19
AAGTATTGAGTGAGTTCTCG_005,138
AATTCATCTTACCGGCCCCA_001,116
AATTCATCTTACCGGCCCCA_002,198
AATTCATCTTACCGGCCCCA_003,22
AATTCATCTTACCGGCCCCA_004,192
AATTCATCTTACCGGCCCCA_005,8
AATTCATCTTACCGGCCCCA_006,158
AATTCATCTTACCGGCCCCA_007,2
AATTCATCTTACCGGCCCCA_008,156
GGATTCAGGAGACTTGTCAG_001,112
GGATTCAGGAGACTTGTCAG_002,145
GGATTCAGGAGACTTGTCAG_003,162
GGATTCAGGAGACTTGTCAG_004,24
GGATTCAGGAGACTTGTCAG_005,158
GGATTCAGGAGACTTGTCAG_006,169
GGATTCAGGAGACTTGTCAG_007,144
GGATTCAGGAGACTTGTCAG_008,121
GGATTCAGGAGACTTGTCAG_009,93
GGATTCAGGAGACTTGTCAG_010,14
GGATTCAGGAGACTTGTCAG_011,125
GGATTCAGGAGACTTGTCAG_012,104
GGATTCAGGAGACTTGTCAG_013,5
GGATTCAGGAGACTTGTCAG_014,101
GGATTCAGGAGACTTGTCAG_015,89
GGATTCAGGAGACTTGTCAG_016,170
GGATTCAGGAGACTTGTCAG_017,161
GGATTCAGGAGACTTGTCAG_018,183
GGATTCAGGAGACTTGTCAG_019,188
GGATTCAGGAGACTTGTCAG_020,105
GGATTCAGGAGACTTGTCAG_021,9
GGATTCAGGAGACTTGTCAG_022,161
GGATTCAGGAGACTTGTCAG_023,40
GGATTCAGGAGACTTGTCAG_024,28
GGATTCAGGAGACTTGTCAG_025,31
GGATTCAGGAGACTTGTCAG_026,186
AGAATGAGTATGTCAAGATG_001,40
AGAATGAGTATGTCAAGATG_002,94
AGAATGAGTATGTCAAGATG_003,2
AGAATGAGTATGTCAAGATG_004,91
AGAATGAGTATGTCAAGATG_005,34
AGAATGAGTATGTCAAGATG_006,19
TATCGCTTCCGATTAGTCCG_001,148
TATCGCTTCCGATTAGTCCG_002,8
TATCGCTTCCGATTAGTCCG_003,170
TATCGCTTCCGATTAGTCCG_004,55
TATCGCTTCCGATTAGTCCG_005,16
TATCGCTTCCGATTAGTCCG_006,168
TATCGCTTCCGATTAGTCCG_007,155
TATCGCTTCCGATTAGTCCG_008,62
TATCGCTTCCGATTAGTCCG_009,127
TATCGCTTCCGATTAGTCCG_010,102
TATCGCTTCCGATTAGTCCG_011,98
TATCGCTTCCGATTAGTCCG_012,179
TATCGCTTCCGATTAGTCCG_013,77
CTCCTCACCCTGATATACTG_001,50
CTCCTCACCCTGATATACTG_002,131
CTCCTCACCCTGATATACTG_003,29
CTCCTCACCCTGATATACTG_004,194
CTCCTCACCCTGATATACTG_005,165
CTCCTCACCCTGATATACTG_006,158
CTCCTCACCCTGATATACTG_007,166
CATCAAGGCGCTGTACGAGT_001,169
CATCAAGGCGCTGTACGAGT_002,116
CATGCTCTCATATGTCTGGG_001,159
AACCTGGGGAGTACGAGCAG_001,129
AACCTGGGGAGTACGAGCAG_002,145
AACCTGGGGAGTACGAGCAG_003,103
AACCTGGGGAGTACGAGCAG_004,30
AACCTGGGGAGTACGAGCAG_005,8
AACCTGGGGAGTACGAGCAG_006,105
AACCTGGGGAGTACGAGCAG_007,109
AACCTGGGGAGTACGAGCAG_008,59
AACCTGGGGAGTACGAGCAG_009,175
AACCTGGGGAGTACGAGCAG_010,20
AACCTGGGGAGTACGAGCAG_011,181
AACCTGGGGAGTACGAGCAG_012,51
AACCTGGGGAGTACGAGCAG_013,105
AACCTGGGGAGTACGAGCAG_014,16
AACCTGGGGAGTACGAGCAG_015,67
AACCTGGGGAGTACGAGCAG_016,108
AACCTGGGGAGTACGAGCAG_017,179
AACCTGGGGAGTACGAGCAG_018,19
AACCTGGGGAGTACGAGCAG_019,88
AACCTGGGGAGTACGAGCAG_020,161
AACCTGGGGAGTACGAGCAG_021,36
AACCTGGGGAGTACGAGCAG_022,172
AACCTGGGGAGTACGAGCAG_023,45
AACCTGGGGAGTACGAGCAG_024,130
AACCTGGGGAGTACGAGCAG_025,144
AACCTGGGGAGTACGAGCAG_026,148
AACCTGGGGAGTACGAGCAG_027,8
AACCTGGGGAGTACGAGCAG_028,183
AACCTGGGGAGTACGAGCAG_029,190
AACCTGGGGAGTACGAGCAG_030,155
AACCTGGGGAGTACGAGCAG_031,128
AACCTGGGGAGTACGAGCAG_032,119
AACCTGGGGAGTACGAGCAG_033,178
AACCTGGGGAGTACGAGCAG_034,91
AACCTGGGGAGTACGAGCAG_035,113
AACCTGGGGAGTACGAGCAG_036,49
AACCTGGGGAGTACGAGCAG_037,182
AACCTGGGGAGTACGAGCAG_038,151
AACCTGGGGAGTACGAGCAG_039,176
AACCTGGGGAGTACGAGCAG_040,145
AACCTGGGGAGTACGAGCAG_041,127
AACCTGGGGAGTACGAGCAG_042,132
AACCTGGGGAGTACGAGCAG_043,198
AACCTGGGGAGTACGAGCAG_044,147
AACCTGGGGAGTACGAGCAG_045,193
AACCTGGGGAGTACGAGCAG_046,68
AACCTGGGGAGTACGAGCAG_047,157
AACCTGGGGAGTACGAGCAG_048,157
AACCTGGGGAGTACGAGCAG_049,140
AACCTGGGGAGTACGAGCAG_050,121
AACCTGGGGAGTACGAGCAG_051,38
AACCTGGGGAGTACGAGCAG_052,106
AACCTGGGGAGTACGAGCAG_053,41
AACCTGGGGAGTACGAGCAG_054,145
AACCTGGGGAGTACGAGCAG_055,28
AACCTGGGGAGTACGAGCAG_056,130
AACCTGGGGAGTACGAGCAG_057,72
AACCTGGGGAGTACGAGCAG_058,106
AACCTGGGGAGTACGAGCAG_059,15
AACCTGGGGAGTACGAGCAG_060,176
AACCTGGGGAGTACGAGCAG_061,35
AACCTGGGGAGTACGAGCAG_062,56
AACCTGGGGAGTACGAGCAG_063,188
AACCTGGGGAGTACGAGCAG_064,28
AACCTGGGGAGTACGAGCAG_065,90
AACCTGGGGAGTACGAGCAG_066,180
AACCTGGGGAGTACGAGCAG_067,87
AACCTGGGGAGTACGAGCAG_068,27
AACCTGGGGAGTACGAGCAG_069,88
AACCTGGGGAGTACGAGCAG_070,124
AACCTGGGGAGTACGAGCAG_071,48
AACCTGGGGAGTACGAGCAG_072,51
AACCTGGGGAGTACGAGCAG_073,116
AAGATGTCACTCACTTATGA_001,81
AAGATGTCACTCACTTATGA_002,33
AAGATGTCACTCACTTATGA_003,157
TACACAGATGAACCTTCCTG_001,139
TACACAGATGAACCTTCCTG_002,194
TACACAGATGAACCTTCCTG_003,50
TACACAGATGAACCTTCCTG_004,190
TACACAGATGAACCTTCCTG_005,95
TACACAGATGAACCTTCCTG_006,188
TACACAGATGAACCTTCCTG_007,48
TACACAGATGAACCTTCCTG_008,10
TACACAGATGAACCTTCCTG_009,44
TAGGATTTCAGCCATTATGG_001,29
TAGGATTTCAGCCATTATGG_002,192
TAGGATTTCAGCCATTATGG_003,118
TAGGATTTCAGCCATTATGG_004,35
TAGGATTTCAGCCATTATGG_005,52
TGCACATAGTTGCAGTACCA_001,131
TGCACATAGTTGCAGTACCA_002,166
TGCACATAGTTGCAGTACCA_003,92
TGCACATAGTTGCAGTACCA_004,169
TGCACATAGTTGCAGTACCA_005,2
TGCACATAGTTGCAGTACCA_006,15
TGCACATAGTTGCAGTACCA_007,0
TGCACATAGTTGCAGTACCA_008,0
TGCACATAGTTGCAGTACCA_009,79
TGCACATAGTTGCAGTACCA_010,39
CAAAATGGGGTCATTCTCCG_001,32
CAAAATGGGGTCATTCTCCG_002,150
CAAAATGGGGTCATTCTCCG_003,77
CCCAACCTCAATTCCCAAGG_001,40
CCCAACCTCAATTCCCAAGG_002,161
CCCAACCTCAATTCCCAAGG_003,15
CCCAACCTCAATTCCCAAGG_004,117
CCCAACCTCAATTCCCAAGG_005,65
CCCAACCTCAATTCCCAAGG_006,185
CCCAACCTCAATTCCCAAGG_007,169
CCCAACCTCAATTCCCAAGG_008,41
CCCAACCTCAATTCCCAAGG_009,177
CCCAACCTCAATTCCCAAGG_010,65
CCCAACCTCAATTCCCAAGG_011,113
CCCAACCTCAATTCCCAAGG_012,20
CCCAACCTCAATTCCCAAGG_013,63
CCCAACCTCAATTCCCAAGG_014,136
CCCAACCTCAATTCCCAAGG_015,164
CCCAACCTCAATTCCCAAGG_016,168
CCCAACCTCAATTCCCAAGG_017,49
CCCAACCTCAATTCCCAAGG_018,83
TATCCATCGACGTTAAACAC_001,187
GATGGTGACAATAGCCACGC_001,17
GATGGTGACAATAGCCACGC_002,4
GATGGTGACAATAGCCACGC_003,48
GATGGTGACAATAGCCACGC_004,76
GATGGTGACAATAGCCACGC_005,160
CCTCCTGCACTGATAGTAGG_001,148
CCTCCTGCACTGATAGTAGG_002,1
CCTCCTGCACTGATAGTAGG_003,35
CCTCCTGCACTGATAGTAGG_004,8
CCTCCTGCACTGATAGTAGG_005,146
CCTCCTGCACTGATAGTAGG_006,198
CCTCCTGCACTGATAGTAGG_007,12
CCTCCTGCACTGATAGTAGG_008,126
ATGCCCCATCAAGTGAACTC_001,83
ATGCCCCATCAAGTGAACTC_002,107
ATGCCCCATCAAGTGAACTC_003,92
ATGCCCCATCAAGTGAACTC_004,19
ATGCCCCATCAAGTGAACTC_005,177
ATGCCCCATCAAGTGAACTC_006,185
ATGCCCCATCAAGTGAACTC_007,49
ATGCCCCATCAAGTGAACTC_008,116
ATGCCCCATCAAGTGAACTC_009,55
CTTCAAAGCACTTCTGCAGT_001,65
CTTCAAAGCACTTCTGCAGT_002,88
CTTCAAAGCACTTCTGCAGT_003,170
CTTCAAAGCACTTCTGCAGT_004,92
CTTCAAAGCACTTCTGCAGT_005,197
CTTCAAAGCACTTCTGCAGT_006,0
CTTCAAAGCACTTCTGCAGT_007,49
GTTTCGACTAAAACAATCTA_001,127
GTTTCGACTAAAACAATCTA_002,169
GTTTCGACTAAAACAATCTA_003,84
GTTTCGACTAAAACAATCTA_004,88
GTTTCGACTAAAACAATCTA_005,184
GTTTCGACTAAAACAATCTA_006,77
GTTTCGACTAAAACAATCTA_007,106
CAGATCAATGATGGGATGGG_001,115
CAGATCAATGATGGGATGGG_002,113
CAGATCAATGATGGGATGGG_003,135
CAGATCAATGATGGGATGGG_004,82
CAGATCAATGATGGGATGGG_005,88
CAGATCAATGATGGGATGGG_006,88
CAGATCAATGATGGGATGGG_007,140
CAGATCAATGATGGGATGGG_008,44
CAGATCAATGATGGGATGGG_009,190
CAGATCAATGATGGGATGGG_010,190
CAGATCAATGATGGGATGGG_011,145
CAGATCAATGATGGGATGGG_012,188
CAGATCAATGATGGGATGGG_013,63
CAGATCAATGATGGGATGGG_014,188
CGACTGCAAGCAGTTTCGGG_001,170
CGACTGCAAGCAGTTTCGGG_002,121
CGACTGCAAGCAGTTTCGGG_003,142
CGACTGCAAGCAGTTTCGGG_004,85
CGACTGCAAGCAGTTTCGGG_005,58
CGACTGCAAGCAGTTTCGGG_006,77
CGACTGCAAGCAGTTTCGGG_007,170
CGACTGCAAGCAGTTTCGGG_008,149
CGACTGCAAGCAGTTTCGGG_009,41
CGACTGCAAGCAGTTTCGGG_010,153
CGACTGCAAGCAGTTTCGGG_011,142
AGATATGGGACCCGTACACA_001,156
GAGCTTCATGACCCACCAAG_001,181
GAGCTTCATGACCCACCAAG_002,108
GAGCTTCATGACCCACCAAG_003,129
GAGCTTCATGACCCACCAAG_004,13
GAGCTTCATGACCCACCAAG_005,106
GGATGAGGACATGCCTGCGG_001,155
GGATGAGGACATGCCTGCGG_002,83
GGATGAGGACATGCCTGCGG_003,35
GGATGAGGACATGCCTGCGG_004,134
GGATGAGGACATGCCTGCGG_005,149
GGATGAGGACATGCCTGCGG_006,119
GGATGAGGACATGCCTGCGG_007,6
GGTGGACACCATCACATCCA_001,106
GGTGGACACCATCACATCCA_002,126
GGTGGACACCATCACATCCA_003,29
GGTGGACACCATCACATCCA_004,120
GGTGGACACCATCACATCCA_005,175
GGTGGACACCATCACATCCA_006,113
GGTGGACACCATCACATCCA_007,66
GGTGGACACCATCACATCCA_008,144
GGTGGACACCATCACATCCA_009,151
GGTGGACACCATCACATCCA_010,10
AATACGTACCTCATTGTGGG_001,166
AATACGTACCTCATTGTGGG_002,115
AATACGTACCTCATTGTGGG_003,13
GCAAACTGCGCTATGGAATG_001,2
GCAAACTGCGCTATGGAATG_002,197
GCAAACTGCGCTATGGAATG_003,56
GCAAACTGCGCTATGGAATG_004,60
GCAAACTGCGCTATGGAATG_005,169
GCAAACTGCGCTATGGAATG_006,48
GCAAACTGCGCTATGGAATG_007,156
GCAAACTGCGCTATGGAATG_008,183
CCAATAAAATTACCTCGTAG_001,43
CCAATAAAATTACCTCGTAG_002,28
GGCAGCTTCTTACCACAGCG_001,188
GGCAGCTTCTTACCACAGCG_002,83
GGCAGCTTCTTACCACAGCG_003,49
GGCAGCTTCTTACCACAGCG_004,128
GGCAGCTTCTTACCACAGCG_005,65
GGCAGCTTCTTACCACAGCG_006,198
GGCAGCTTCTTACCACAGCG_007,184
GGTCCACCTCCCATCAGAGT_001,69
GGTCCACCTCCCATCAGAGT_002,160
GGTCCACCTCCCATCAGAGT_003,70
GGTCCACCTCCCATCAGAGT_004,48
GGTCCACCTCCCATCAGAGT_005,111
GGTCCACCTCCCATCAGAGT_006,154
GGTCCACCTCCCATCAGAGT_007,86
GGTCCACCTCCCATCAGAGT_008,21
GGTCCACCTCCCATCAGAGT_009,54
GGTCCACCTCCCATCAGAGT_010,90
GGTCCACCTCCCATCAGAGT_011,183
GATTTCACAGAATTCCACGT_001,98
GATTTCACAGAATTCCACGT_002,60
GCCCCGGGAACAGCCGTCGT_001,60
GCCCCGGGAACAGCCGTCGT_002,105
GCCCCGGGAACAGCCGTCGT_003,133
GCCCCGGGAACAGCCGTCGT_004,12
GCCCCGGGAACAGCCGTCGT_005,196
GCCCCGGGAACAGCCGTCGT_006,178
GCCCCGGGAACAGCCGTCGT_007,113
GCCCCGGGAACAGCCGTCGT_008,22
GCCCCGGGAACAGCCGTCGT_009,40
GCCCCGGGAACAGCCGTCGT_010,95
GCCCCGGGAACAGCCGTCGT_011,188
GCCCCGGGAACAGCCGTCGT_012,1
CAGTCTCCATCGCGGGCCCG_001,175
CAGTCTCCATCGCGGGCCCG_002,45
CAGTCTCCATCGCGGGCCCG_003,182
CAGTCTCCATCGCGGGCCCG_004,105
CAGTCTCCATCGCGGGCCCG_005,103
CAGTCTCCATCGCGGGCCCG_006,102
CAGTCTCCATCGCGGGCCCG_007,14
CAGTCTCCATCGCGGGCCCG_008,9
CAGTCTCCATCGCGGGCCCG_009,30
CAGTCTCCATCGCGGGCCCG_010,4
CAGTCTCCATCGCGGGCCCG_011,12
CAGTCTCCATCGCGGGCCCG_012,105
CAGTCTCCATCGCGGGCCCG_013,2
GATGTGGATCTATGTCGTCT_001,129
GATGTGGATCTATGTCGTCT_002,38
GATGTGGATCTATGTCGTCT_003,14
GAGGTTGGACTCCACGAGTG_001,172
GAGGTTGGACTCCACGAGTG_002,29
GAGGTTGGACTCCACGAGTG_003,49
GAGGTTGGACTCCACGAGTG_004,158
GAGGTTGGACTCCACGAGTG_005,183
GAGGTTGGACTCCACGAGTG_006,69
GAGGTTGGACTCCACGAGTG_007,36
GAGGTTGGACTCCACGAGTG_008,118
GAGGTTGGACTCCACGAGTG_009,27
CTCACATAGAATCTGGCCCA_001,152
CTCACATAGAATCTGGCCCA_002,62
CTCACATAGAATCTGGCCCA_003,137
CTCACATAGAATCTGGCCCA_004,172
CTCACATAGAATCTGGCCCA_005,134
CTCACATAGAATCTGGCCCA_006,151
CTCACATAGAATCTGGCCCA_007,23
CTCACATAGAATCTGGCCCA_008,84
CTCACATAGAATCTGGCCCA_009,183
CTCACATAGAATCTGGCCCA_010,66
CTCACATAGAATCTGGCCCA_011,191
ACAGGTGTGGCAAAACATGT_001,12
ACAGGTGTGGCAAAACATGT_002,186
ACAGGTGTGGCAAAACATGT_003,104
AGACAGCTGTGACTATGAAG_001,2
AGACAGCTGTGACTATGAAG_002,1
AGACAGCTGTGACTATGAAG_003,132
AGACAGCTGTGACTATGAAG_004,62
AGACAGCTGTGACTATGAAG_005,42
AGACAGCTGTGACTATGAAG_006,48
AGACAGCTGTGACTATGAAG_007,76
AGACAGCTGTGACTATGAAG_008,127
AGACAGCTGTGACTATGAAG_009,168
AGACAGCTGTGACTATGAAG_010,170
AGACAGCTGTGACTATGAAG_011,192
AGACAGCTGTGACTATGAAG_012,10
AGACAGCTGTGACTATGAAG_013,125
AGACAGCTGTGACTATGAAG_014,161
AGACAGCTGTGACTATGAAG_015,172
AGACAGCTGTGACTATGAAG_016,165
GCTTCGATGGACATTCACGG_001,6
GCTTCGATGGACATTCACGG_002,162
GCTTCGATGGACATTCACGG_003,178
GCTTCGATGGACATTCACGG_004,4
GCTTCGATGGACATTCACGG_005,4
GCTTCGATGGACATTCACGG_006,4
GCTTCGATGGACATTCACGG_007,171
GCTTCGATGGACATTCACGG_008,139
GCTTCGATGGACATTCACGG_009,8
GCTTCGATGGACATTCACGG_010,64
GCTTCGATGGACATTCACGG_011,168
GCTTCGATGGACATTCACGG_012,129
GCTTCGATGGACATTCACGG_013,45
GCTTCGATGGACATTCACGG_014,94
GCTTCGATGGACATTCACGG_015,113
GCTTCGATGGACATTCACGG_016,61
GCTTCGATGGACATTCACGG_017,80
GCTTCGATGGACATTCACGG_018,45
GCTTCGATGGACATTCACGG_019,31
GCTTCGATGGACATTCACGG_020,184
GCTTCGATGGACATTCACGG_021,118
GCTTCGATGGACATTCACGG_022,26
GCTTCGATGGACATTCACGG_023,48
GCTTCGATGGACATTCACGG_024,171
GCTTCGATGGACATTCACGG_025,94
GCTTCGATGGACATTCACGG_026,126
GCTTCGATGGACATTCACGG_027,124
GCTTCGATGGACATTCACGG_028,145
GCTTCGATGGACATTCACGG_029,59
GCTTCGATGGACATTCACGG_030,57
GCTTCGATGGACATTCACGG_031,184
GCTTCGATGGACATTCACGG_032,94
GCTTCGATGGACATTCACGG_033,25
GCTTCGATGGACATTCACGG_034,197
CAACGGGCAATAACACAGTG_001,62
CAACGGGCAATAACACAGTG_002,100
CAACGGGCAATAACACAGTG_003,69
CAACGGGCAATAACACAGTG_004,29
CAACGGGCAATAACACAGTG_005,158
CTACACAAAAGCGCAACAAG_001,59
CTACACAAAAGCGCAACAAG_002,84
CTACACAAAAGCGCAACAAG_003,70
CTTACACTTTAAATGCCGGG_001,162
CTTACACTTTAAATGCCGGG_002,139
CTTACACTTTAAATGCCGGG_003,21
CTTACACTTTAAATGCCGGG_004,148
CTTACACTTTAAATGCCGGG_005,0
GGCACGGCTCGACCTCAATG_001,130
GGCACGGCTCGACCTCAATG_002,183
GGCACGGCTCGACCTCAATG_003,21
GGCACGGCTCGACCTCAATG_004,122
GGCACGGCTCGACCTCAATG_005,57
GGCACGGCTCGACCTCAATG_006,198
GGCACGGCTCGACCTCAATG_007,41
GGCACGGCTCGACCTCAATG_008,181
GTTCTCCATAAACACCCCAG_001,17
AAAGCGTTAAGATTGAGGAA_001,29
AAAGCGTTAAGATTGAGGAA_002,78
AAAGCGTTAAGATTGAGGAA_003,129
AAAGCGTTAAGATTGAGGAA_004,126
AAAGCGTTAAGATTGAGGAA_005,31
AAAGCGTTAAGATTGAGGAA_006,127
AAAGCGTTAAGATTGAGGAA_007,198
AAAGCGTTAAGATTGAGGAA_008,197
AAACCTTGCGAGTCCACATG_001,96
AAACCTTGCGAGTCCACATG_002,79
AAACCTTGCGAGTCCACATG_003,127
AAACCTTGCGAGTCCACATG_004,127
AAACCTTGCGAGTCCACATG_005,96
AAACCTTGCGAGTCCACATG_006,48
AAACCTTGCGAGTCCACATG_007,170
AAACCTTGCGAGTCCACATG_008,16
AAACCTTGCGAGTCCACATG_009,35
AAACCTTGCGAGTCCACATG_010,38
AAACCTTGCGAGTCCACATG_011,32
AAACCTTGCGAGTCCACATG_012,94
AAACCTTGCGAGTCCACATG_013,166
AAACCTTGCGAGTCCACATG_014,3
AAACCTTGCGAGTCCACATG_015,136
AAACCTTGCGAGTCCACATG_016,169
AAACCTTGCGAGTCCACATG_017,76
AAACCTTGCGAGTCCACATG_018,162
AAACCTTGCGAGTCCACATG_019,147
AAACCTTGCGAGTCCACATG_020,83
AAACCTTGCGAGTCCACATG_021,2
AAACCTTGCGAGTCCACATG_022,160
AAACCTTGCGAGTCCACATG_023,179
AAACCTTGCGAGTCCACATG_024,18
AAACCTTGCGAGTCCACATG_025,82
AAACCTTGCGAGTCCACATG_026,167
AAACCTTGCGAGTCCACATG_027,156
AAACCTTGCGAGTCCACATG_028,40
ACGGCCCTGCCTCATATCGA_001,135
ACGGCCCTGCCTCATATCGA_002,1
ACGGCCCTGCCTCATATCGA_003,10
ACGGCCCTGCCTCATATCGA_004,84
ACGGCCCTGCCTCATATCGA_005,139
ACGGCCCTGCCTCATATCGA_006,35
AAATCCGCCAGTATTTGCGG_001,4
AAATCCGCCAGTATTTGCGG_002,90
AAATCCGCCAGTATTTGCGG_003,52
AAATCCGCCAGTATTTGCGG_004,141
AAATCCGCCAGTATTTGCGG_005,101
AAATCCGCCAGTATTTGCGG_006,181
AGATTCCCAATGTAGAACGG_001,32
AGATTCCCAATGTAGAACGG_002,134
AGATTCCCAATGTAGAACGG_003,170
AGATTCCCAATGTAGAACGG_004,5
AGATTCCCAATGTAGAACGG_005,169
AGATTCCCAATGTAGAACGG_006,60
AGATTCCCAATGTAGAACGG_007,73
GGCAGCCCATCATTTCCAGG_001,152
TATGTCGAGGTTATATTACC_001,132
TCTCTGGGAGAAACTCCCAG_001,96
TCTCTGGGAGAAACTCCCAG_002,48
TCTCTGGGAGAAACTCCCAG_003,41
TCTCTGGGAGAAACTCCCAG_004,150
TCTCTGGGAGAAACTCCCAG_005,101
TCTCTGGGAGAAACTCCCAG_006,31
TCTCTGGGAGAAACTCCCAG_007,29
TCTCTGGGAGAAACTCCCAG_008,9
TCTCTGGGAGAAACTCCCAG_009,162
TCTCTGGGAGAAACTCCCAG_010,112
TCTCTGGGAGAAACTCCCAG_011,1
TCTCTGGGAGAAACTCCCAG_012,109
TCTCTGGGAGAAACTCCCAG_013,4
TCTCTGGGAGAAACTCCCAG_014,90
TCTCTGGGAGAAACTCCCAG_015,188
TCTCTGGGAGAAACTCCCAG_016,10
GAGGTCTGTAAAGTTACACA_001,144
GAGGTCTGTAAAGTTACACA_002,121
GGAGCCCCGGGTATGAACCC_001,77
TCTTATTCAACTCTTCTCGG_001,19
TCTTATTCAACTCTTCTCGG_002,49
AAGACACTGACTACTGTTCA_001,34
AAGACACTGACTACTGTTCA_002,32
AAGACACTGACTACTGTTCA_003,20
AAGACACTGACTACTGTTCA_004,27
AAGACACTGACTACTGTTCA_005,37
GCAGGGTGCCCATATAAAAT_001,53
GCAGGGTGCCCATATAAAAT_002,171
GCAGGGTGCCCATATAAAAT_003,128
GCAGGGTGCCCATATAAAAT_004,175
GCAGGGTGCCCATATAAAAT_005,183
GCAGGGTGCCCATATAAAAT_006,191
GCAGGGTGCCCATATAAAAT_007,25
GCAGGGTGCCCATATAAAAT_008,121
GCAGGGTGCCCATATAAAAT_009,38
GCAGGGTGCCCATATAAAAT_010,121
GCAGGGTGCCCATATAAAAT_011,113
GCAGGGTGCCCATATAAAAT_012,3
GCAGGGTGCCCATATAAAAT_013,84
GCAGGGTGCCCATATAAAAT_014,9
ATTTGCCGAAGAATAGATGG_001,104
CCTCTTGGAAGGCCTGACAG_001,173
CCTCTTGGAAGGCCTGACAG_002,127
CCTCTTGGAAGGCCTGACAG_003,198
CCTCTTGGAAGGCCTGACAG_004,41
CCTCTTGGAAGGCCTGACAG_005,100
CCTCTTGGAAGGCCTGACAG_006,96
CCTCTTGGAAGGCCTGACAG_007,47
CCTCTTGGAAGGCCTGACAG_008,130
TCCCTCCTTGCTTACCATGT_001,94
TCCCTCCTTGCTTACCATGT_002,87
GTGACGTTGAACAAGCCACA_001,62
GTGACGTTGAACAAGCCACA_002,177
GTGACGTTGAACAAGCCACA_003,102
GTGACGTTGAACAAGCCACA_004,16
GTGACGTTGAACAAGCCACA_005,72
GTGACGTTGAACAAGCCACA_006,72
GTGACGTTGAACAAGCCACA_007,130
GTGACGTTGAACAAGCCACA_008,40
GGATGGATGGTGACTCAAAG_001,119
GGATGGATGGTGACTCAAAG_002,169
GGATGGATGGTGACTCAAAG_003,158
GGATGGATGGTGACTCAAAG_004,170
GGATGGATGGTGACTCAAAG_005,60
GGATGGATGGTGACTCAAAG_006,191
GGATGGATGGTGACTCAAAG_007,188
GGATGGATGGTGACTCAAAG_008,162
GGATGGATGGTGACTCAAAG_009,130
GGATGGATGGTGACTCAAAG_010,28
GGATGGATGGTGACTCAAAG_011,77
CTGAAATGATTGGGCCTATG_001,149
CTGAAATGATTGGGCCTATG_002,153
CTGAAATGATTGGGCCTATG_003,73
CTGAAATGATTGGGCCTATG_004,138
CTGAAATGATTGGGCCTATG_005,76
CTGAAATGATTGGGCCTATG_006,86
CTGAAATGATTGGGCCTATG_007,199
CTGAAATGATTGGGCCTATG_008,190
CTGAAATGATTGGGCCTATG_009,68
CTGAAATGATTGGGCCTATG_010,184
CTGAAATGATTGGGCCTATG_011,198
CTGAAATGATTGGGCCTATG_012,94
CTGAAATGATTGGGCCTATG_013,13
ATGATGAATGCTGACATGGA_001,60
ATGATGAATGCTGACATGGA_002,116
ATGATGAATGCTGACATGGA_003,19
ATGATGAATGCTGACATGGA_004,61
ATGATGAATGCTGACATGGA_005,62
ATGATGAATGCTGACATGGA_006,134
ATGATGAATGCTGACATGGA_007,151
ATGATGAATGCTGACATGGA_008,184
TAAAGAGTCATGGCATGAGG_001,172
TAAAGAGTCATGGCATGAGG_002,29
TAAAGAGTCATGGCATGAGG_003,153
TGCTGGACCAGGATTCAGTG_001,196
TGCTGGACCAGGATTCAGTG_002,6
TGCTGGACCAGGATTCAGTG_003,122
TGCTGGACCAGGATTCAGTG_004,36
TGCTGGACCAGGATTCAGTG_005,190
TGCTGGACCAGGATTCAGTG_006,186
TGCTGGACCAGGATTCAGTG_007,172
TGCTGGACCAGGATTCAGTG_008,177
TGCTGGACCAGGATTCAGTG_009,12
TGCTGGACCAGGATTCAGTG_010,145
TGCTGGACCAGGATTCAGTG_011,50
TGCTGGACCAGGATTCAGTG_012,136
TGCTGGACCAGGATTCAGTG_013,34
GGGACCTGGACTATGAGAAG_001,79
GGGACCTGGACTATGAGAAG_002,63
GGGACCTGGACTATGAGAAG_003,35
GGGACCTGGACTATGAGAAG_004,28
ATGGCCATGATACGGGACAG_001,165
GCGCACAGGGTTACTTCGTG_001,95
GCGCACAGGGTTACTTCGTG_002,21
GCGCACAGGGTTACTTCGTG_003,20
GCGCACAGGGTTACTTCGTG_004,20
GCGCACAGGGTTACTTCGTG_005,7
GCGCACAGGGTTACTTCGTG_006,122
GCGCACAGGGTTACTTCGTG_007,165
GCGCACAGGGTTACTTCGTG_008,185
GCGCACAGGGTTACTTCGTG_009,105
GCGCACAGGGTTACTTCGTG_010,152
GCGCACAGGGTTACTTCGTG_011,198
GCGCACAGGGTTACTTCGTG_012,147
GCGCACAGGGTTACTTCGTG_013,19
GCGCACAGGGTTACTTCGTG_014,186
GCGCACAGGGTTACTTCGTG_015,149
GCGCACAGGGTTACTTCGTG_016,16
GCGCACAGGGTTACTTCGTG_017,62
GCGCACAGGGTTACTTCGTG_018,134
GCGCACAGGGTTACTTCGTG_019,19
GCGCACAGGGTTACTTCGTG_020,184
GCGCACAGGGTTACTTCGTG_021,118
GCGCACAGGGTTACTTCGTG_022,123
GCGCACAGGGTTACTTCGTG_023,40
GCGCACAGGGTTACTTCGTG_024,25
ACCATGCATCCCCAAAACCA_001,107
ACCATGCATCCCCAAAACCA_002,105
ACCATGCATCCCCAAAACCA_003,105
ACCATGCATCCCCAAAACCA_004,105
ACCATGCATCCCCAAAACCA_005,22
ACCATGCATCCCCAAAACCA_006,70
ACCATGCATCCCCAAAACCA_007,60
ACCATGCATCCCCAAAACCA_008,1
ACCATGCATCCCCAAAACCA_009,14
ACCATGCATCCCCAAAACCA_010,75
ACCATGCATCCCCAAAACCA_011,108
ACCATGCATCCCCAAAACCA_012,126
ACCATGCATCCCCAAAACCA_013,169
ACCATGCATCCCCAAAACCA_014,102
ACCATGCATCCCCAAAACCA_015,3
ACCATGCATCCCCAAAACCA_016,8
ACCATGCATCCCCAAAACCA_017,33
GGAGTCAGATACCGAGACCC_001,45
ACCGAGTCATCGTATTCGAG_001,17
CCCACCCTGCTGCCCGAGCT_001,198
CCCACCCTGCTGCCCGAGCT_002,56
CCCACCCTGCTGCCCGAGCT_003,17
CCCACCCTGCTGCCCGAGCT_004,104
CCCACCCTGCTGCCCGAGCT_005,122
CCCACCCTGCTGCCCGAGCT_006,107
CCCACCCTGCTGCCCGAGCT_007,46
CCCACCCTGCTGCCCGAGCT_008,135
CCCACCCTGCTGCCCGAGCT_009,12
CCCACCCTGCTGCCCGAGCT_010,134
CCCACCCTGCTGCCCGAGCT_011,54
CCCACCCTGCTGCCCGAGCT_012,166
CCCACCCTGCTGCCCGAGCT_013,58
CCCACCCTGCTGCCCGAGCT_014,28
CCCACCCTGCTGCCCGAGCT_015,188
CCCACCCTGCTGCCCGAGCT_016,105
ATGTCGTCTTCCAAGTAGAG_001,22
ATGTCGTCTTCCAAGTAGAG_002,133
ATGTCGTCTTCCAAGTAGAG_003,45
ATGTCGTCTTCCAAGTAGAG_004,28
ATGTCGTCTTCCAAGTAGAG_005,70
ATGTCGTCTTCCAAGTAGAG_006,28
ATGTCGTCTTCCAAGTAGAG_007,50
ATGTCGTCTTCCAAGTAGAG_008,17
ATGTCGTCTTCCAAGTAGAG_009,56
GCCAGCGGGGATATGGTGAA_001,185
GCCAGCGGGGATATGGTGAA_002,78
GCCAGCGGGGATATGGTGAA_003,63
GCCAGCGGGGATATGGTGAA_004,94
GCCAGCGGGGATATGGTGAA_005,36
GCCAGCGGGGATATGGTGAA_006,83
GCCAGCGGGGATATGGTGAA_007,149
GCCAGCGGGGATATGGTGAA_008,63
GCCAGCGGGGATATGGTGAA_009,94
GCCAGCGGGGATATGGTGAA_010,141
GCCAGCGGGGATATGGTGAA_011,141
GCCAGCGGGGATATGGTGAA_012,174
GCCAGCGGGGATATGGTGAA_013,67
GCCAGCGGGGATATGGTGAA_014,83
GCCAGCGGGGATATGGTGAA_015,44
GCCAGCGGGGATATGGTGAA_016,118
GCCAGCGGGGATATGGTGAA_017,103
GCCAGCGGGGATATGGTGAA_018,192
GCCAGCGGGGATATGGTGAA_019,78
GCCAGCGGGGATATGGTGAA_020,114
GCCAGCGGGGATATGGTGAA_021,76
GCCAGCGGGGATATGGTGAA_022,160
GCCAGCGGGGATATGGTGAA_023,16
GCCAGCGGGGATATGGTGAA_024,34
GCCAGCGGGGATATGGTGAA_025,83
GCCAGCGGGGATATGGTGAA_026,41
GCCAGCGGGGATATGGTGAA_027,169
GCCAGCGGGGATATGGTGAA_028,35
GCCAGCGGGGATATGGTGAA_029,13
GCCAGCGGGGATATGGTGAA_030,104
GCCAGCGGGGATATGGTGAA_031,29
GCCAGCGGGGATATGGTGAA_032,12
GCCAGCGGGGATATGGTGAA_033,18
GCCAGCGGGGATATGGTGAA_034,168
GCCAGCGGGGATATGGTGAA_035,180
GCCAGCGGGGATATGGTGAA_036,60
GCCAGCGGGGATATGGTGAA_037,43
GCCAGCGGGGATATGGTGAA_038,19
GCCAGCGGGGATATGGTGAA_039,152
GCCAGCGGGGATATGGTGAA_040,91
GCCAGCGGGGATATGGTGAA_041,147
GGACTCCTCCTTCATCAGCC_001,26
GGACTCCTCCTTCATCAGCC_002,104
GGACTCCTCCTTCATCAGCC_003,84
GGACTCCTCCTTCATCAGCC_004,144
GGACTCCTCCTTCATCAGCC_005,188
CACACCAGTTCAGGATGCCA_001,70
CACACCAGTTCAGGATGCCA_002,55
CACACCAGTTCAGGATGCCA_003,87
CACACCAGTTCAGGATGCCA_004,60
CACACCAGTTCAGGATGCCA_005,60
CACACCAGTTCAGGATGCCA_006,67
CACACCAGTTCAGGATGCCA_007,67
CACACCAGTTCAGGATGCCA_008,75
CACACCAGTTCAGGATGCCA_009,15
CACACCAGTTCAGGATGCCA_010,173
CACACCAGTTCAGGATGCCA_011,5
CACACCAGTTCAGGATGCCA_012,29
CACACCAGTTCAGGATGCCA_013,166
CACACCAGTTCAGGATGCCA_014,11
CACACCAGTTCAGGATGCCA_015,176
GACCCTAGTGGAAATTACGG_001,107
GACCCTAGTGGAAATTACGG_002,34
CAGCATGTGAGTAAAGTCTG_001,101
CAGCATGTGAGTAAAGTCTG_002,98
CAGCATGTGAGTAAAGTCTG_003,151
CTGTTACTGAAATGTGCGTG_001,195
CTGTTACTGAAATGTGCGTG_002,50
CTGTTACTGAAATGTGCGTG_003,154
CTGTTACTGAAATGTGCGTG_004,149
CTGTTACTGAAATGTGCGTG_005,4
CTGTTACTGAAATGTGCGTG_006,19
CTGTTACTGAAATGTGCGTG_007,158
CTGTTACTGAAATGTGCGTG_008,158
CTGTTACTGAAATGTGCGTG_009,145
CTGTTACTGAAATGTGCGTG_010,58
CTGTTACTGAAATGTGCGTG_011,158
CTGTTACTGAAATGTGCGTG_012,56
CTGTTACTGAAATGTGCGTG_013,56
GTTGCCCATGAGATCAACCA_001,12
GTTGCCCATGAGATCAACCA_002,81
GTTGCCCATGAGATCAACCA_003,8
GTTGCCCATGAGATCAACCA_004,40
TTCAGACAGATGTAAGTGAA_001,198
TTCAGACAGATGTAAGTGAA_002,1
TTCAGACAGATGTAAGTGAA_003,190
TTCAGACAGATGTAAGTGAA_004,120
TTCAGACAGATGTAAGTGAA_005,8
CTGGGGGCCAAACTCCGCCA_001,74
CTGGGGGCCAAACTCCGCCA_002,172
CTGGGGGCCAAACTCCGCCA_003,88
CTGGGGGCCAAACTCCGCCA_004,105
CTGGGGGCCAAACTCCGCCA_005,199
CTGGGGGCCAAACTCCGCCA_006,144
CTGGGGGCCAAACTCCGCCA_007,85
CTGGGGGCCAAACTCCGCCA_008,85
CTGGGGGCCAAACTCCGCCA_009,112
CTGGGGGCCAAACTCCGCCA_010,138
CTGGGGGCCAAACTCCGCCA_011,1
CTGGGGGCCAAACTCCGCCA_012,88
CTGGGGGCCAAACTCCGCCA_013,113
CTGGGGGCCAAACTCCGCCA_014,98
CTGGGGGCCAAACTCCGCCA_015,27
CTGGGGGCCAAACTCCGCCA_016,43
GCAAATGGATACCAATCAGA_001,168
GCAAATGGATACCAATCAGA_002,197
GCAAATGGATACCAATCAGA_003,102
GAGAGGGTATCAAGTATCGT_001,112
GAGAGGGTATCAAGTATCGT_002,134
GAGAGGGTATCAAGTATCGT_003,65
GAGAGGGTATCAAGTATCGT_004,81
GAGAGGGTATCAAGTATCGT_005,111
GCAAAGGCTGTAGTTGATGG_001,73
GCAAAGGCTGTAGTTGATGG_002,178
GCAAAGGCTGTAGTTGATGG_003,17
GCAAAGGCTGTAGTTGATGG_004,133
GCAAAGGCTGTAGTTGATGG_005,13
GCAAAGGCTGTAGTTGATGG_006,65
GCAAAGGCTGTAGTTGATGG_007,37
GCAAAGGCTGTAGTTGATGG_008,41
GCAAAGGCTGTAGTTGATGG_009,130
TGTCCTTGTAGGAATAGCAT_001,18
TGTCCTTGTAGGAATAGCAT_002,30
TGTCCTTGTAGGAATAGCAT_003,140
TGTCCTTGTAGGAATAGCAT_004,161
TGTCCTTGTAGGAATAGCAT_005,158
TGTCCTTGTAGGAATAGCAT_006,15
TGTCCTTGTAGGAATAGCAT_007,1
TGTCCTTGTAGGAATAGCAT_008,176
TGTCCTTGTAGGAATAGCAT_009,75
TGTCCTTGTAGGAATAGCAT_010,41
TGTCCTTGTAGGAATAGCAT_011,182
TGCCTCTTGAGCCATCATCA_001,172
TGCCTCTTGAGCCATCATCA_002,107
TGCCTCTTGAGCCATCATCA_003,12
TGCCTCTTGAGCCATCATCA_004,174
TGCCTCTTGAGCCATCATCA_005,124
TGCCTCTTGAGCCATCATCA_006,161
TGCCTCTTGAGCCATCATCA_007,49
TGCCTCTTGAGCCATCATCA_008,168
TGCCTCTTGAGCCATCATCA_009,57
TGCCTCTTGAGCCATCATCA_010,105
TGCCTCTTGAGCCATCATCA_011,134
TGCCTCTTGAGCCATCATCA_012,62
TGCCTCTTGAGCCATCATCA_013,143
TGCCTCTTGAGCCATCATCA_014,143
TGCCTCTTGAGCCATCATCA_015,184
TGCCTCTTGAGCCATCATCA_016,9
TGCCTCTTGAGCCATCATCA_017,23
TGCCTCTTGAGCCATCATCA_018,107
TGCCTCTTGAGCCATCATCA_019,12
TGCCTCTTGAGCCATCATCA_020,12
CTGGGGTAGTCAAGGTACCG_001,185
CTGGGGTAGTCAAGGTACCG_002,10
CTGGGGTAGTCAAGGTACCG_003,127
CTGGGGTAGTCAAGGTACCG_004,162
CTGGGGTAGTCAAGGTACCG_005,48
CTGGGGTAGTCAAGGTACCG_006,121
CTGGGGTAGTCAAGGTACCG_007,34
CTGGGGTAGTCAAGGTACCG_008,144
CTGGGGTAGTCAAGGTACCG_009,3
CTGGGGTAGTCAAGGTACCG_010,91
CTGGGGTAGTCAAGGTACCG_011,198
CTGGGGTAGTCAAGGTACCG_012,199
CTGGGGTAGTCAAGGTACCG_013,127
CTGGGGTAGTCAAGGTACCG_014,74
CTGGGGTAGTCAAGGTACCG_015,162
CTGGGGTAGTCAAGGTACCG_016,149
CTGGGGTAGTCAAGGTACCG_017,49
CTGGGGTAGTCAAGGTACCG_018,26
CTGGGGTAGTCAAGGTACCG_019,63
AGCACCAGTAAATCTGGCAT_001,191
AGCACCAGTAAATCTGGCAT_002,94
AGCACCAGTAAATCTGGCAT_003,62
AGCACCAGTAAATCTGGCAT_004,83
AGCACCAGTAAATCTGGCAT_005,15
AGCACCAGTAAATCTGGCAT_006,127
AGCACCAGTAAATCTGGCAT_007,69
AGCACCAGTAAATCTGGCAT_008,172
AGCACCAGTAAATCTGGCAT_009,160
AGCACCAGTAAATCTGGCAT_010,183
AGCACCAGTAAATCTGGCAT_011,152
AGCACCAGTAAATCTGGCAT_012,77
AGCACCAGTAAATCTGGCAT_013,58
ATGCTGGGCACGAACGACGG_001,78
ATGCTGGGCACGAACGACGG_002,105
ATGCTGGGCACGAACGACGG_003,41
ATGCTGGGCACGAACGACGG_004,9
ATGCTGGGCACGAACGACGG_005,147
ATGCTGGGCACGAACGACGG_006,49
ATGCTGGGCACGAACGACGG_007,114
ATGCTGGGCACGAACGACGG_008,176
ATGCTGGGCACGAACGACGG_009,33
ATGCTGGGCACGAACGACGG_010,146
ATGCTGGGCACGAACGACGG_011,76
ATGCTGGGCACGAACGACGG_012,85
ATGCTGGGCACGAACGACGG_013,185
ATGCTGGGCACGAACGACGG_014,27
ATGCTGGGCACGAACGACGG_015,155
ATGCTGGGCACGAACGACGG_016,52
ATGCTGGGCACGAACGACGG_017,44
ATGCTGGGCACGAACGACGG_018,88
ATGCTGGGCACGAACGACGG_019,188
ATGCTGGGCACGAACGACGG_020,169
ATGCTGGGCACGAACGACGG_021,70
ATGCTGGGCACGAACGACGG_022,35
ATGCTGGGCACGAACGACGG_023,4
ATGCTGGGCACGAACGACGG_024,114
ATGCTGGGCACGAACGACGG_025,105
ATGCTGGGCACGAACGACGG_026,148
ATGCTGGGCACGAACGACGG_027,17
ACGGCCACTGAGCCCCCTAG_001,118
ACGGCCACTGAGCCCCCTAG_002,152
ACGGCCACTGAGCCCCCTAG_003,12
ACGGCCACTGAGCCCCCTAG_004,176
ACGGCCACTGAGCCCCCTAG_005,70
ACGGCCACTGAGCCCCCTAG_006,24
ACGGCCACTGAGCCCCCTAG_007,23
ACGGCCACTGAGCCCCCTAG_008,148
ACGGCCACTGAGCCCCCTAG_009,150
ACGGCCACTGAGCCCCCTAG_010,192
ACGGCCACTGAGCCCCCTAG_011,35
CAATGGACGCTACCCCAGAT_001,87
CAATGGACGCTACCCCAGAT_002,70
CAATGGACGCTACCCCAGAT_003,105
AAGACATAGGATCTTTACCA_001,138
TTCTGCTGTCGGGAGTCCAG_001,102
TTCTGCTGTCGGGAGTCCAG_002,62
TTCTGCTGTCGGGAGTCCAG_003,192
TTCTGCTGTCGGGAGTCCAG_004,192
TTCTGCTGTCGGGAGTCCAG_005,9
TTCTGCTGTCGGGAGTCCAG_006,16
TTCTGCTGTCGGGAGTCCAG_007,46
TTCTGCTGTCGGGAGTCCAG_008,130
GTAGGCAGTGCCTTCCCAAG_001,43
GTAGGCAGTGCCTTCCCAAG_002,78
GTAGGCAGTGCCTTCCCAAG_003,162
GTAGGCAGTGCCTTCCCAAG_004,65
GTAGGCAGTGCCTTCCCAAG_005,113
GTAGGCAGTGCCTTCCCAAG_006,60
GTAGGCAGTGCCTTCCCAAG_007,132
GTAGGCAGTGCCTTCCCAAG_008,104
GTAGGCAGTGCCTTCCCAAG_009,46
CAAATAAATATTGGCCCCCG_001,49
CAAATAAATATTGGCCCCCG_002,88
CAAATAAATATTGGCCCCCG_003,168
GAACTGCTTGAGGTCTCTAG_001,20
GAACTGCTTGAGGTCTCTAG_002,51
GAACTGCTTGAGGTCTCTAG_003,157
GAACTGCTTGAGGTCTCTAG_004,27
GAACTGCTTGAGGTCTCTAG_005,187
GAACTGCTTGAGGTCTCTAG_006,139
GAACTGCTTGAGGTCTCTAG_007,128
GAACTGCTTGAGGTCTCTAG_008,168
GAACTGCTTGAGGTCTCTAG_009,64
GAACTGCTTGAGGTCTCTAG_010,94
AGTCAACCTCAACTACCGAA_001,177
AGTCAACCTCAACTACCGAA_002,9
AGTCAACCTCAACTACCGAA_003,169
AGTCAACCTCAACTACCGAA_004,158
AGTCAACCTCAACTACCGAA_005,88
AGTCAACCTCAACTACCGAA_006,136
AGTCAACCTCAACTACCGAA_007,137
AGTCAACCTCAACTACCGAA_008,81
AGTCAACCTCAACTACCGAA_009,124
AGTCAACCTCAACTACCGAA_010,96
AGTCAACCTCAACTACCGAA_011,56
AGTCAACCTCAACTACCGAA_012,91
ACTTGGGCACCCAAAACTAA_001,80
ACTTGGGCACCCAAAACTAA_002,196
ACTTGGGCACCCAAAACTAA_003,182
ACTTGGGCACCCAAAACTAA_004,163
ACTTGGGCACCCAAAACTAA_005,4
ACTTGGGCACCCAAAACTAA_006,63
ACTTGGGCACCCAAAACTAA_007,184
ACTTGGGCACCCAAAACTAA_008,148
ACTTGGGCACCCAAAACTAA_009,27
ACTTGGGCACCCAAAACTAA_010,147
CGTCAGCGTTGACTGTCAAG_001,126
CGTCAGCGTTGACTGTCAAG_002,191
CGTCAGCGTTGACTGTCAAG_003,49
CGTCAGCGTTGACTGTCAAG_004,27
CGTCAGCGTTGACTGTCAAG_005,9
CGTCAGCGTTGACTGTCAAG_006,58
CGTCAGCGTTGACTGTCAAG_007,197
CAGCCATGAAAACGGCCGTG_001,167
CAGCCATGAAAACGGCCGTG_002,15
CAGCCATGAAAACGGCCGTG_003,133
CAGCCATGAAAACGGCCGTG_004,161
CAGCCATGAAAACGGCCGTG_005,8
CAGCCATGAAAACGGCCGTG_006,69
CAGCCATGAAAACGGCCGTG_007,199
CAGCCATGAAAACGGCCGTG_008,146
CAGCCATGAAAACGGCCGTG_009,149
CAGCCATGAAAACGGCCGTG_010,52
CAGCCATGAAAACGGCCGTG_011,75
CAGCCATGAAAACGGCCGTG_012,198
CAGCCATGAAAACGGCCGTG_013,98
CAGCCATGAAAACGGCCGTG_014,80
CAGCCATGAAAACGGCCGTG_015,58
CAGCCATGAAAACGGCCGTG_016,140
CTCTGAGAGCCGGAACAGCA_001,197
CTCTGAGAGCCGGAACAGCA_002,52
CTCTGAGAGCCGGAACAGCA_003,78
CTCTGAGAGCCGGAACAGCA_004,58
CTCTGAGAGCCGGAACAGCA_005,85
CTCTGAGAGCCGGAACAGCA_006,182
CTCTGAGAGCCGGAACAGCA_007,29
CTCTGAGAGCCGGAACAGCA_008,26
CTCTGAGAGCCGGAACAGCA_009,188
CTCTGAGAGCCGGAACAGCA_010,67
GCAGCTGGACCCACAGCAGG_001,160
GCAGCTGGACCCACAGCAGG_002,45
GCAGCTGGACCCACAGCAGG_003,162
GCAGCTGGACCCACAGCAGG_004,119
GCAGCTGGACCCACAGCAGG_005,156
GCAGCTGGACCCACAGCAGG_006,71
GCAGCTGGACCCACAGCAGG_007,67
GCAGCTGGACCCACAGCAGG_008,156
GCAGCTGGACCCACAGCAGG_009,152
GCAGCTGGACCCACAGCAGG_010,96
GCAGCTGGACCCACAGCAGG_011,42
GCAGCTGGACCCACAGCAGG_012,123
GCAGCTGGACCCACAGCAGG_013,2
GCAGCTGGACCCACAGCAGG_014,143
GCAGCTGGACCCACAGCAGG_015,127
GCAGCTGGACCCACAGCAGG_016,125
GCAGCTGGACCCACAGCAGG_017,199
GCAGCTGGACCCACAGCAGG_018,6
CAAGGGGTTCATCCCAGGTG_001,185
CAAGGGGTTCATCCCAGGTG_002,67
CAAGGGGTTCATCCCAGGTG_003,138
CAAGGGGTTCATCCCAGGTG_004,31
CAAGGGGTTCATCCCAGGTG_005,198
GAATTCGCCGATGCTTTGCA_001,56
GAATTCGCCGATGCTTTGCA_002,37
GAATTCGCCGATGCTTTGCA_003,42
GAATTCGCCGATGCTTTGCA_004,113
GAATTCGCCGATGCTTTGCA_005,69
GAATTCGCCGATGCTTTGCA_006,63
GAATTCGCCGATGCTTTGCA_007,19
GATGACATGAAGAATTGCGG_001,15
GATGACATGAAGAATTGCGG_002,88
GATGACATGAAGAATTGCGG_003,175
GATGACATGAAGAATTGCGG_004,90
GATGACATGAAGAATTGCGG_005,75
GATGACATGAAGAATTGCGG_006,162
GATGACATGAAGAATTGCGG_007,69
GATGACATGAAGAATTGCGG_008,40
CCGGGCTCCAAACCCCAAAG_001,38
CCGGGCTCCAAACCCCAAAG_002,115
CCGGGCTCCAAACCCCAAAG_003,139
CCGGGCTCCAAACCCCAAAG_004,104
CCGGGCTCCAAACCCCAAAG_005,140
CCGGGCTCCAAACCCCAAAG_006,30
CCGGGCTCCAAACCCCAAAG_007,82
CCGGGCTCCAAACCCCAAAG_008,12
CCGGGCTCCAAACCCCAAAG_009,141
CCGGGCTCCAAACCCCAAAG_010,111
CCGGGCTCCAAACCCCAAAG_011,88
CCGGGCTCCAAACCCCAAAG_012,29
CCGGGCTCCAAACCCCAAAG_013,112
CCGGGCTCCAAACCCCAAAG_014,6
CCGGGCTCCAAACCCCAAAG_015,61
CCGGGCTCCAAACCCCAAAG_016,63
CCGGGCTCCAAACCCCAAAG_017,105
CCGGGCTCCAAACCCCAAAG_018,152
GTATCAAAAGCAAATGATTG_001,6
GTATCAAAAGCAAATGATTG_002,2
GTATCAAAAGCAAATGATTG_003,1
GTATCAAAAGCAAATGATTG_004,86
GTATCAAAAGCAAATGATTG_005,51
TCTTCCAAAAACTTACGCTG_001,19
TCTTCCAAAAACTTACGCTG_002,120
TCTTCCAAAAACTTACGCTG_003,184
TCTTCCAAAAACTTACGCTG_004,119
TCTTCCAAAAACTTACGCTG_005,106
TCTTCCAAAAACTTACGCTG_006,48
TCTTCCAAAAACTTACGCTG_007,160
TCTTCCAAAAACTTACGCTG_008,118
TCTTCCAAAAACTTACGCTG_009,15
TCTTCCAAAAACTTACGCTG_010,91
TCTTCCAAAAACTTACGCTG_011,15
TCTTCCAAAAACTTACGCTG_012,193
TCTTCCAAAAACTTACGCTG_013,101
TCTTCCAAAAACTTACGCTG_014,146
TCTTCCAAAAACTTACGCTG_015,83
TCTTCCAAAAACTTACGCTG_016,69
TCTTCCAAAAACTTACGCTG_017,140
TCTTCCAAAAACTTACGCTG_018,173
TCTTCCAAAAACTTACGCTG_019,29
TCTTCCAAAAACTTACGCTG_020,68
AATGAAGACAATACTTCGTG_001,137
AATGAAGACAATACTTCGTG_002,27
AATGAAGACAATACTTCGTG_003,168
AATGAAGACAATACTTCGTG_004,141
AATGAAGACAATACTTCGTG_005,47
AATGAAGACAATACTTCGTG_006,145
AATGAAGACAATACTTCGTG_007,59
AATGAAGACAATACTTCGTG_008,56
TGCTGAATTGCATGTCCTTG_001,106
TGCTGAATTGCATGTCCTTG_002,172
TGCTGAATTGCATGTCCTTG_003,40
TGCTGAATTGCATGTCCTTG_004,75
TGCTGAATTGCATGTCCTTG_005,171
TGGAAGCCACATACTCCTTG_001,180
TGGAAGCCACATACTCCTTG_002,22
TGGAAGCCACATACTCCTTG_003,120
TGGAAGCCACATACTCCTTG_004,156
TGGAAGCCACATACTCCTTG_005,16
TGGAAGCCACATACTCCTTG_006,97
TGGAAGCCACATACTCCTTG_007,20
TGGAAGCCACATACTCCTTG_008,148
TGGAAGCCACATACTCCTTG_009,77
CACCCCCCAACATCTACGAG_001,1
CACCCCCCAACATCTACGAG_002,70
CACCCCCCAACATCTACGAG_003,56
CACCCCCCAACATCTACGAG_004,112
CACCCCCCAACATCTACGAG_005,29
CACCCCCCAACATCTACGAG_006,32
CACCCCCCAACATCTACGAG_007,112
CACCCCCCAACATCTACGAG_008,91
CACCCCCCAACATCTACGAG_009,50
CACCCCCCAACATCTACGAG_010,150
CACCCCCCAACATCTACGAG_011,41
CACCCCCCAACATCTACGAG_012,166
CACCCCCCAACATCTACGAG_013,152
CACCCCCCAACATCTACGAG_014,118
CACCCCCCAACATCTACGAG_015,158
CACCCCCCAACATCTACGAG_016,10
CACCCCCCAACATCTACGAG_017,3
CACCCCCCAACATCTACGAG_018,124
CACCCCCCAACATCTACGAG_019,162
CACCCCCCAACATCTACGAG_020,61
GAATTGTTACAGGTCACACT_001,172
GAATTGTTACAGGTCACACT_002,185
GCAATATGAGTCTCTGAGTG_001,92
GCAATATGAGTCTCTGAGTG_002,181
GCAATATGAGTCTCTGAGTG_003,41
GCAATATGAGTCTCTGAGTG_004,105
GCAATATGAGTCTCTGAGTG_005,104
GCAATATGAGTCTCTGAGTG_006,116
GCAATATGAGTCTCTGAGTG_007,77
GCAATATGAGTCTCTGAGTG_008,124
GCAATATGAGTCTCTGAGTG_009,103
GCAATATGAGTCTCTGAGTG_010,163
AGTTAGAAAGCATAGTACAA_001,192
CAGTCAGGGAAGATAGATGG_001,177
CAGTCAGGGAAGATAGATGG_002,19
CAGTCAGGGAAGATAGATGG_003,140
CAGTCAGGGAAGATAGATGG_004,181
CAGTCAGGGAAGATAGATGG_005,196
CAGTCAGGGAAGATAGATGG_006,58
CAGTCAGGGAAGATAGATGG_007,4
CAGTCAGGGAAGATAGATGG_008,105
CAGTCAGGGAAGATAGATGG_009,12
CAGTCAGGGAAGATAGATGG_010,158
GCTGACTGTTGAAGTCCTTG_001,68
GCTGACTGTTGAAGTCCTTG_002,68
TTACATGAACACCAACCATG_001,35
TTACATGAACACCAACCATG_002,35
TTACATGAACACCAACCATG_003,119
TTACATGAACACCAACCATG_004,50
TTACATGAACACCAACCATG_005,177
TTACATGAACACCAACCATG_006,162
TTACATGAACACCAACCATG_007,51
TTACATGAACACCAACCATG_008,47
TTACATGAACACCAACCATG_009,194
TTACATGAACACCAACCATG_010,94
TTACATGAACACCAACCATG_011,11
TTACATGAACACCAACCATG_012,199
TTACATGAACACCAACCATG_013,172
TTGCTCGTCACCGGAAAAGG_001,127
TTGCTCGTCACCGGAAAAGG_002,191
TTGCTCGTCACCGGAAAAGG_003,153
TTGCTCGTCACCGGAAAAGG_004,104
TTGCTCGTCACCGGAAAAGG_005,9
TTGCTCGTCACCGGAAAAGG_006,187
TTGCTCGTCACCGGAAAAGG_007,190
TTGCTCGTCACCGGAAAAGG_008,76
TTGCTCGTCACCGGAAAAGG_009,19
TTGCTCGTCACCGGAAAAGG_010,68
ATTACTGCGACGGCTATGAT_001,16
ATTACTGCGACGGCTATGAT_002,185
ATTACTGCGACGGCTATGAT_003,103
ATTACTGCGACGGCTATGAT_004,61
ATTACTGCGACGGCTATGAT_005,156
ATTACTGCGACGGCTATGAT_006,55
ATTACTGCGACGGCTATGAT_007,126
ATTACTGCGACGGCTATGAT_008,15
ATTACTGCGACGGCTATGAT_009,91
TGGCGACCAAGAGATTCAAG_001,42
TGGCGACCAAGAGATTCAAG_002,120
TGGCGACCAAGAGATTCAAG_003,158
TGGCGACCAAGAGATTCAAG_004,9
TGGCGACCAAGAGATTCAAG_005,105
TGGCGACCAAGAGATTCAAG_006,113
GCCATCGAGGCATTGCACAT_001,115
GCCATCGAGGCATTGCACAT_002,130
GCCATCGAGGCATTGCACAT_003,176
GCCATCGAGGCATTGCACAT_004,183
GCCATCGAGGCATTGCACAT_005,1
GCCATCGAGGCATTGCACAT_006,145
GCCATCGAGGCATTGCACAT_007,178
GCCATCGAGGCATTGCACAT_008,13
GCCATCGAGGCATTGCACAT_009,58
GCCATCGAGGCATTGCACAT_010,146
GCCATCGAGGCATTGCACAT_011,175
GCCATCGAGGCATTGCACAT_012,3
GCCATCGAGGCATTGCACAT_013,52
TTGATGAATCCGATTCTGCG_001,35
CCAGCCCGAAGTCGATGATG_001,150
CCAGCCCGAAGTCGATGATG_002,49
CCAGCCCGAAGTCGATGATG_003,106
CCAGCCCGAAGTCGATGATG_004,173
CCAGCCCGAAGTCGATGATG_005,161
CCAGCCCGAAGTCGATGATG_006,150
CCAGCCCGAAGTCGATGATG_007,2
GAGCCCGGATGGGATATCTG_001,43
GAGCCCGGATGGGATATCTG_002,148
GAGCCCGGATGGGATATCTG_003,78
GAGCCCGGATGGGATATCTG_004,125
GAGCCCGGATGGGATATCTG_005,125
GAGCCCGGATGGGATATCTG_006,80
GAGCCCGGATGGGATATCTG_007,172
GAGCCCGGATGGGATATCTG_008,66
GTTTCTGAACAACTACGACG_001,149
GTTTCTGAACAACTACGACG_002,149
GTTTCTGAACAACTACGACG_003,93
GTTTCTGAACAACTACGACG_004,185
GTTTCTGAACAACTACGACG_005,17
GTTTCTGAACAACTACGACG_006,23
GTTTCTGAACAACTACGACG_007,177
GTTTCTGAACAACTACGACG_008,176
TCTGTGTGATGCACCCACTT_001,191
TCTGTGTGATGCACCCACTT_002,156
TCTGTGTGATGCACCCACTT_003,48
TCTGTGTGATGCACCCACTT_004,151
TCTGTGTGATGCACCCACTT_005,45
TCTGTGTGATGCACCCACTT_006,30
TCTGTGTGATGCACCCACTT_007,62
TCTGTGTGATGCACCCACTT_008,62
TCTGTGTGATGCACCCACTT_009,106
TCTGTGTGATGCACCCACTT_010,50
AGAACCAGACTGGAGCATCA_001,127
AGAACCAGACTGGAGCATCA_002,131
AGAACCAGACTGGAGCATCA_003,166
AGAACCAGACTGGAGCATCA_004,68
AGAACCAGACTGGAGCATCA_005,169
AGAACCAGACTGGAGCATCA_006,184
AGAACCAGACTGGAGCATCA_007,184
AGAACCAGACTGGAGCATCA_008,17
AGAACCAGACTGGAGCATCA_009,77
AGAACCAGACTGGAGCATCA_010,83
AGAACCAGACTGGAGCATCA_011,59
AGAACCAGACTGGAGCATCA_012,46
AGAACCAGACTGGAGCATCA_013,148
AGAACCAGACTGGAGCATCA_014,140
AGAACCAGACTGGAGCATCA_015,58
AGAACCAGACTGGAGCATCA_016,58
AGAACCAGACTGGAGCATCA_017,148
AGAACCAGACTGGAGCATCA_018,163
AGAACCAGACTGGAGCATCA_019,56
AGAACCAGACTGGAGCATCA_020,49
AGAACCAGACTGGAGCATCA_021,138
AGAACCAGACTGGAGCATCA_022,150
AGAACCAGACTGGAGCATCA_023,40
AGAACCAGACTGGAGCATCA_024,2
AGAACCAGACTGGAGCATCA_025,55
AGAACCAGACTGGAGCATCA_026,80
AGAACCAGACTGGAGCATCA_027,2
AGAACCAGACTGGAGCATCA_028,142
AGAACCAGACTGGAGCATCA_029,178
AGAACCAGACTGGAGCATCA_030,123
AGAACCAGACTGGAGCATCA_031,0
AGAACCAGACTGGAGCATCA_032,28
AGAACCAGACTGGAGCATCA_033,69
AGAACCAGACTGGAGCATCA_034,47
AGAACCAGACTGGAGCATCA_035,127
AGAACCAGACTGGAGCATCA_036,24
ATAGTCAATGGACAAGGAGA_001,1
ATAGTCAATGGACAAGGAGA_002,84
ATAGTCAATGGACAAGGAGA_003,190
ATAGTCAATGGACAAGGAGA_004,127
ATAGTCAATGGACAAGGAGA_005,60
ATAGTCAATGGACAAGGAGA_006,127
ATAGTCAATGGACAAGGAGA_007,62
ATAGTCAATGGACAAGGAGA_008,147
ATCCTGATAGACCTACGCCG_001,34
ATCCTGATAGACCTACGCCG_002,152
ATCCTGATAGACCTACGCCG_003,27
ATCCTGATAGACCTACGCCG_004,35
ATCCTGATAGACCTACGCCG_005,29
CCCCCGACTCTAGTTCCAAG_001,126
CCCCCGACTCTAGTTCCAAG_002,140
CCCCCGACTCTAGTTCCAAG_003,182
CCCCCGACTCTAGTTCCAAG_004,117
CCCCCGACTCTAGTTCCAAG_005,43
CCCCCGACTCTAGTTCCAAG_006,10
CCCCCGACTCTAGTTCCAAG_007,15
TATAGTTTGGCTCCACCGCG_001,127
TATAGTTTGGCTCCACCGCG_002,85
TATAGTTTGGCTCCACCGCG_003,177
TATAGTTTGGCTCCACCGCG_004,12
TATAGTTTGGCTCCACCGCG_005,130
TATAGTTTGGCTCCACCGCG_006,182
CCTTGTTAAGGTTCAGAACG_001,62
CCTTGTTAAGGTTCAGAACG_002,44
CCTTGTTAAGGTTCAGAACG_003,38
CCTTGTTAAGGTTCAGAACG_004,74
CCTTGTTAAGGTTCAGAACG_005,176
CCTTGTTAAGGTTCAGAACG_006,144
CCTTGTTAAGGTTCAGAACG_007,144
ACTCACGCAAGACACAGTAG_001,74
ACTCACGCAAGACACAGTAG_002,65
ACTCACGCAAGACACAGTAG_003,171
ACTCACGCAAGACACAGTAG_004,40
ACTCACGCAAGACACAGTAG_005,170
ACTCACGCAAGACACAGTAG_006,101
ACTCACGCAAGACACAGTAG_007,3
ACTCACGCAAGACACAGTAG_008,14
ACTCACGCAAGACACAGTAG_009,48
ACTCACGCAAGACACAGTAG_010,146
ACTCACGCAAGACACAGTAG_011,64
ACTCACGCAAGACACAGTAG_012,80
ACTCACGCAAGACACAGTAG_013,188
ACTCACGCAAGACACAGTAG_014,166
ACTCACGCAAGACACAGTAG_015,95
CTGGGCTGGAAAGACATATG_001,190
CTGGGCTGGAAAGACATATG_002,190
CTGGGCTGGAAAGACATATG_003,97
CTGGGCTGGAAAGACATATG_004,158
CTGGGCTGGAAAGACATATG_005,10
CTGGGCTGGAAAGACATATG_006,116
CTGGGCTGGAAAGACATATG_007,43
GATGATCAACAGGTCCCCTG_001,191
GATGATCAACAGGTCCCCTG_002,61
GATGATCAACAGGTCCCCTG_003,197
GATGATCAACAGGTCCCCTG_004,78
GATGATCAACAGGTCCCCTG_005,102
GATGATCAACAGGTCCCCTG_006,183
GATGATCAACAGGTCCCCTG_007,53
GATGATCAACAGGTCCCCTG_008,76
GATGATCAACAGGTCCCCTG_009,182
GATGATCAACAGGTCCCCTG_010,30
GATGATCAACAGGTCCCCTG_011,170
GATGATCAACAGGTCCCCTG_012,191
GATGATCAACAGGTCCCCTG_013,140
GATGATCAACAGGTCCCCTG_014,184
GATGATCAACAGGTCCCCTG_015,144
GATGATCAACAGGTCCCCTG_016,171
GATGATCAACAGGTCCCCTG_017,183
GATGATCAACAGGTCCCCTG_018,122
GATGATCAACAGGTCCCCTG_019,51
GATGATCAACAGGTCCCCTG_020,168
GATGATCAACAGGTCCCCTG_021,138
GATGATCAACAGGTCCCCTG_022,34
GATGATCAACAGGTCCCCTG_023,56
GATGATCAACAGGTCCCCTG_024,115
CATGATGCCAAGTCTGGCAG_001,154
CATGATGCCAAGTCTGGCAG_002,50
CATGATGCCAAGTCTGGCAG_003,59
CATGATGCCAAGTCTGGCAG_004,15
CATGATGCCAAGTCTGGCAG_005,88
CATGATGCCAAGTCTGGCAG_006,32
CATGATGCCAAGTCTGGCAG_007,94
CATGATGCCAAGTCTGGCAG_008,195
CATGATGCCAAGTCTGGCAG_009,179
CATGATGCCAAGTCTGGCAG_010,158
CATGATGCCAAGTCTGGCAG_011,4
AGGCACTGCCGTTAAAGCAC_001,87
AGGCACTGCCGTTAAAGCAC_002,169
AGGCACTGCCGTTAAAGCAC_003,154
AGGCACTGCCGTTAAAGCAC_004,160
AGGCACTGCCGTTAAAGCAC_005,94
AGGCACTGCCGTTAAAGCAC_006,151
AGGCACTGCCGTTAAAGCAC_007,197
AGGCACTGCCGTTAAAGCAC_008,67
AGGCACTGCCGTTAAAGCAC_009,69
AGGCACTGCCGTTAAAGCAC_010,40
AGGCACTGCCGTTAAAGCAC_011,105
AGGCACTGCCGTTAAAGCAC_012,77
AGGCACTGCCGTTAAAGCAC_013,197
AGGCACTGCCGTTAAAGCAC_014,61
GAATTCTAGAATGTACTCTG_001,6
GAATTCTAGAATGTACTCTG_002,127
GAATTCTAGAATGTACTCTG_003,9
GAATTCTAGAATGTACTCTG_004,67
TGGTGCACATTATCCACGGA_001,192
TGGTGCACATTATCCACGGA_002,81
TGGTGCACATTATCCACGGA_003,77
TGGTGCACATTATCCACGGA_004,141
GGCAGAAAAGCGGCACCACG_001,34
GGCAGAAAAGCGGCACCACG_002,7
GGCAGAAAAGCGGCACCACG_003,10
GGCAGAAAAGCGGCACCACG_004,159
GGCAGAAAAGCGGCACCACG_005,191
GGCAGAAAAGCGGCACCACG_006,116
GGCAGAAAAGCGGCACCACG_007,146
GGCAGAAAAGCGGCACCACG_008,17
GGCAGAAAAGCGGCACCACG_009,166
GGCAGAAAAGCGGCACCACG_010,56
GGCAGAAAAGCGGCACCACG_011,49
GGCAGAAAAGCGGCACCACG_012,58
GGCAGAAAAGCGGCACCACG_013,190
GGCAGAAAAGCGGCACCACG_014,30
GGCAGAAAAGCGGCACCACG_015,194
GGCAGAAAAGCGGCACCACG_016,2
GGCAGAAAAGCGGCACCACG_017,40
GGCAGAAAAGCGGCACCACG_018,68
GGCAGAAAAGCGGCACCACG_019,85
GGCAGAAAAGCGGCACCACG_020,158
GGCAGAAAAGCGGCACCACG_021,64
GGCAGAAAAGCGGCACCACG_022,91
GGCAGAAAAGCGGCACCACG_023,21
GGCAGAAAAGCGGCACCACG_024,41
GGCAGAAAAGCGGCACCACG_025,176
GGCAGAAAAGCGGCACCACG_026,17
GGCAGAAAAGCGGCACCACG_027,50
GGCAGAAAAGCGGCACCACG_028,105
GGCAGAAAAGCGGCACCACG_029,169
GGCAGAAAAGCGGCACCACG_030,176
GGCAGAAAAGCGGCACCACG_031,41
GGCAGAAAAGCGGCACCACG_032,115
GGCAGAAAAGCGGCACCACG_033,33
GGCAGAAAAGCGGCACCACG_034,29
GGCAGAAAAGCGGCACCACG_035,126
GGCAGAAAAGCGGCACCACG_036,21
GGCAGAAAAGCGGCACCACG_037,146
GGCAGAAAAGCGGCACCACG_038,156
GGCAGAAAAGCGGCACCACG_039,68
GGCAGAAAAGCGGCACCACG_040,94
GGCAGAAAAGCGGCACCACG_041,56
GGCAGAAAAGCGGCACCACG_042,130
CCCACACGCTCGTGACCCCA_001,137
CCCACACGCTCGTGACCCCA_002,33
CCCACACGCTCGTGACCCCA_003,57
GCGGCAGCCCGTAACCCGCG_001,171
GCGGCAGCCCGTAACCCGCG_002,73
GCGGCAGCCCGTAACCCGCG_003,98
GCGGCAGCCCGTAACCCGCG_004,162
GCGGCAGCCCGTAACCCGCG_005,115
GCGGCAGCCCGTAACCCGCG_006,33
ACAGACTCTGAGTAGACTGA_001,43
ACAGACTCTGAGTAGACTGA_002,112
TGTGCTGAGTTCCATTACCG_001,160
TGTGCTGAGTTCCATTACCG_002,93
TGTGCTGAGTTCCATTACCG_003,93
TGTGCTGAGTTCCATTACCG_004,75
TGTGCTGAGTTCCATTACCG_005,119
TGTGCTGAGTTCCATTACCG_006,56
TGTGCTGAGTTCCATTACCG_007,142
TTGACTTCGACATCTAGACT_001,50
TTGACTTCGACATCTAGACT_002,150
TTGACTTCGACATCTAGACT_003,3
TTGACTTCGACATCTAGACT_004,94
AACCGAGTGAGTTGGACCAA_001,60
AACCGAGTGAGTTGGACCAA_002,172
AACCGAGTGAGTTGGACCAA_003,145
AACCGAGTGAGTTGGACCAA_004,103
AACCGAGTGAGTTGGACCAA_005,78
AACCGAGTGAGTTGGACCAA_006,105
AACCGAGTGAGTTGGACCAA_007,85
AACCGAGTGAGTTGGACCAA_008,32
AACCGAGTGAGTTGGACCAA_009,15
AACCGAGTGAGTTGGACCAA_010,5
AACCGAGTGAGTTGGACCAA_011,81
AACCGAGTGAGTTGGACCAA_012,17
AACCGAGTGAGTTGGACCAA_013,39
AACCGAGTGAGTTGGACCAA_014,138
AACCGAGTGAGTTGGACCAA_015,199
CTACAGCCTAGTAATAGAGG_001,177
CTACAGCCTAGTAATAGAGG_002,19
CTACAGCCTAGTAATAGAGG_003,14
CTACAGCCTAGTAATAGAGG_004,43
CTACAGCCTAGTAATAGAGG_005,41
CTACAGCCTAGTAATAGAGG_006,9
GCATCCTAGAAAATCCAATG_001,132
GCATCCTAGAAAATCCAATG_002,53
GCATCCTAGAAAATCCAATG_003,15
GCATCCTAGAAAATCCAATG_004,46
GCATCCTAGAAAATCCAATG_005,89
GCATCCTAGAAAATCCAATG_006,46
CCTTTAGTGCTTAATAGCCG_001,198
CGAGTGTTGAATCAGTACAC_001,1
CGAGTGTTGAATCAGTACAC_002,85
CGAGTGTTGAATCAGTACAC_003,132
CGAGTGTTGAATCAGTACAC_004,11
CGAGTGTTGAATCAGTACAC_005,94
CGAGTGTTGAATCAGTACAC_006,91
CGAGTGTTGAATCAGTACAC_007,40
CGAGTGTTGAATCAGTACAC_008,41
CGAGTGTTGAATCAGTACAC_009,4
CGAGTGTTGAATCAGTACAC_010,82
CGAGTGTTGAATCAGTACAC_011,18
CGAGTGTTGAATCAGTACAC_012,162
CGAGTGTTGAATCAGTACAC_013,152
TGGAGAATTTAGGCACTCAT_001,160
TGGAGAATTTAGGCACTCAT_002,193
TGGAGAATTTAGGCACTCAT_003,190
GGGGAGGATGAGGACCATCG_001,113
GGGGAGGATGAGGACCATCG_002,193
GGGGAGGATGAGGACCATCG_003,66
GGGGAGGATGAGGACCATCG_004,56
GGGGAGGATGAGGACCATCG_005,1
GCAGGGGCGATTTCTAGCTG_001,166
GCAGGGGCGATTTCTAGCTG_002,33
TGGAAGAGCAAAATACTGGG_001,154
TGGAAGAGCAAAATACTGGG_002,29
TGGAAGAGCAAAATACTGGG_003,83
TGGAAGAGCAAAATACTGGG_004,56
TGGAAGAGCAAAATACTGGG_005,107
TGGAAGAGCAAAATACTGGG_006,168
TGGAAGAGCAAAATACTGGG_007,182
TGGAAGAGCAAAATACTGGG_008,56
TGGAAGAGCAAAATACTGGG_009,50
AAGGAGTCCTACCTTTACAG_001,134
AAGGAGTCCTACCTTTACAG_002,105
AAGGAGTCCTACCTTTACAG_003,0
AAGGAGTCCTACCTTTACAG_004,146
AAGGAGTCCTACCTTTACAG_005,62
AAGGAGTCCTACCTTTACAG_006,170
AGAACATCTATTGAGACAAG_001,18
GGTGCCGTAGGGAGCGCCAA_001,65
GGTGCCGTAGGGAGCGCCAA_002,108
GGTGCCGTAGGGAGCGCCAA_003,112
GGTGCCGTAGGGAGCGCCAA_004,94
GGTGCCGTAGGGAGCGCCAA_005,13
GGTGCCGTAGGGAGCGCCAA_006,174
GGTGCCGTAGGGAGCGCCAA_007,162
GGTGCCGTAGGGAGCGCCAA_008,6
GGTGCCGTAGGGAGCGCCAA_009,127
GGTGCCGTAGGGAGCGCCAA_010,67
TTGTGCAGTGCTCGACTGTG_001,36
TTGTGCAGTGCTCGACTGTG_002,149
TTGTGCAGTGCTCGACTGTG_003,48
TTGTGCAGTGCTCGACTGTG_004,126
TTGTGCAGTGCTCGACTGTG_005,81
TTGTGCAGTGCTCGACTGTG_006,100
TTGTGCAGTGCTCGACTGTG_007,98
TTGTGCAGTGCTCGACTGTG_008,158
TTGTGCAGTGCTCGACTGTG_009,70
TTGTGCAGTGCTCGACTGTG_010,84
GCGACACACTCTATGAACTT_001,181
GCGACACACTCTATGAACTT_002,166
GCGACACACTCTATGAACTT_003,27
GCGACACACTCTATGAACTT_004,126
GCGACACACTCTATGAACTT_005,97
GCGACACACTCTATGAACTT_006,58
GCGACACACTCTATGAACTT_007,142
TCATACCCAGGCTAGACCTG_001,22
TCATACCCAGGCTAGACCTG_002,2
TCATACCCAGGCTAGACCTG_003,127
TCATACCCAGGCTAGACCTG_004,162
TCATACCCAGGCTAGACCTG_005,181
ACTGTAGTCCTGAGTTAGCA_001,40
ACTGTAGTCCTGAGTTAGCA_002,146
ACTGTAGTCCTGAGTTAGCA_003,119
ACTGTAGTCCTGAGTTAGCA_004,68
ACTGTAGTCCTGAGTTAGCA_005,68
GTCCAGCAAAAGCATCATCC_001,30
GTCCAGCAAAAGCATCATCC_002,175
AACGGTGTTTCGATGGACGG_001,147
AACGGTGTTTCGATGGACGG_002,146
AACGGTGTTTCGATGGACGG_003,55
AACGGTGTTTCGATGGACGG_004,12
AACGGTGTTTCGATGGACGG_005,168
AACGGTGTTTCGATGGACGG_006,196
AACGGTGTTTCGATGGACGG_007,5
GCAAGTGAACAGGATTACCT_001,127
GCAAGTGAACAGGATTACCT_002,176
GCAAGTGAACAGGATTACCT_003,106
GCAAGTGAACAGGATTACCT_004,191
GCAAGTGAACAGGATTACCT_005,108
GCAAGTGAACAGGATTACCT_006,34
GCAAGTGAACAGGATTACCT_007,126
GCAAGTGAACAGGATTACCT_008,38
GATGCTGCTTACATGTCCTG_001,69
GATGCTGCTTACATGTCCTG_002,9
GATGCTGCTTACATGTCCTG_003,87
GATGCTGCTTACATGTCCTG_004,11
TGGAAAGGTTTACTCGACAA_001,97
TGGAAAGGTTTACTCGACAA_002,118
TGGAAAGGTTTACTCGACAA_003,48
TGGAAAGGTTTACTCGACAA_004,82
TGGAAAGGTTTACTCGACAA_005,47
TGGAAAGGTTTACTCGACAA_006,60
TGGAAAGGTTTACTCGACAA_007,27
TGGAAAGGTTTACTCGACAA_008,40
CATGAACACTCCCATCTGTG_001,168
CATGAACACTCCCATCTGTG_002,159
CATGAACACTCCCATCTGTG_003,150
CATGAACACTCCCATCTGTG_004,18
CATGAACACTCCCATCTGTG_005,75
CATGAACACTCCCATCTGTG_006,192
CATGAACACTCCCATCTGTG_007,141
CCCCGACAGCGCTGACACCG_001,163
CCCCGACAGCGCTGACACCG_002,134
CCCCGACAGCGCTGACACCG_003,7
CCCCGACAGCGCTGACACCG_004,68
CCCCGACAGCGCTGACACCG_005,158
CCCCGACAGCGCTGACACCG_006,48
CCCCGACAGCGCTGACACCG_007,113
CCCCGACAGCGCTGACACCG_008,43
CCCCGACAGCGCTGACACCG_009,91
CCCCGACAGCGCTGACACCG_010,9
CCCCGACAGCGCTGACACCG_011,24
CCCCGACAGCGCTGACACCG_012,27
CCCCGACAGCGCTGACACCG_013,104
CCCCGACAGCGCTGACACCG_014,71
CCCCGACAGCGCTGACACCG_015,1
CCCCGACAGCGCTGACACCG_016,15
CCCCGACAGCGCTGACACCG_017,19
CCCCGACAGCGCTGACACCG_018,27
GCTTACCGATGATCAAGATG_001,95
GCTTACCGATGATCAAGATG_002,19
GCTTACCGATGATCAAGATG_003,173
GCTTACCGATGATCAAGATG_004,127
GCTTACCGATGATCAAGATG_005,60
GCTTACCGATGATCAAGATG_006,101
GCTTACCGATGATCAAGATG_007,96
GCTTACCGATGATCAAGATG_008,116
GCTTACCGATGATCAAGATG_009,168
GCTTACCGATGATCAAGATG_010,96
GCTTACCGATGATCAAGATG_011,161
AGCAACGGCGAAGACGCGGG_001,184
AGCAACGGCGAAGACGCGGG_002,44
AGCAACGGCGAAGACGCGGG_003,37
AGCAACGGCGAAGACGCGGG_004,102
AGCAACGGCGAAGACGCGGG_005,114
AGCAACGGCGAAGACGCGGG_006,66
TAGACTGCAATTAGCCATTG_001,127
TAGACTGCAATTAGCCATTG_002,19
TAGACTGCAATTAGCCATTG_003,8
TAGACTGCAATTAGCCATTG_004,33
TAGACTGCAATTAGCCATTG_005,43
TAGACTGCAATTAGCCATTG_006,134
TAGACTGCAATTAGCCATTG_007,144
GAGGCAGGCAGCAATCACGT_001,198
GAGGCAGGCAGCAATCACGT_002,77
GAGGCAGGCAGCAATCACGT_003,85
GAGGCAGGCAGCAATCACGT_004,53
GAGGCAGGCAGCAATCACGT_005,33
GAGGCAGGCAGCAATCACGT_006,192
GAGGCAGGCAGCAATCACGT_007,177
GAGGCAGGCAGCAATCACGT_008,49
GAGGCAGGCAGCAATCACGT_009,174
GAGGCAGGCAGCAATCACGT_010,13
GAGGCAGGCAGCAATCACGT_011,60
GAGGCAGGCAGCAATCACGT_012,115
GAGGCAGGCAGCAATCACGT_013,129
GAGGCAGGCAGCAATCACGT_014,72
GAGGCAGGCAGCAATCACGT_015,79
GAGGCAGGCAGCAATCACGT_016,26
GAGGCAGGCAGCAATCACGT_017,98
ATGGCTAAAAGGCTTAACCC_001,107
GGTGTCGTATAGGGCCGTGG_001,90
TGGTGTTCTACTATGTCACG_001,152
TGGTGTTCTACTATGTCACG_002,103
ACAGCTTAAAAAGCAACAGG_001,147
ACAGCTTAAAAAGCAACAGG_002,177
ACAGCTTAAAAAGCAACAGG_003,198
ACAGCTTAAAAAGCAACAGG_004,191
ACAGCTTAAAAAGCAACAGG_005,27
ACAGCTTAAAAAGCAACAGG_006,158
ACAGCTTAAAAAGCAACAGG_007,146
ACAGCTTAAAAAGCAACAGG_008,162
ACAGCTTAAAAAGCAACAGG_009,13
ACAGCTTAAAAAGCAACAGG_010,168
ACAGCTTAAAAAGCAACAGG_011,106
AAATGTTAACGCAAAAACCA_001,17
AAATGTTAACGCAAAAACCA_002,149
AAATGTTAACGCAAAAACCA_003,54
AAATGTTAACGCAAAAACCA_004,72
AAATGTTAACGCAAAAACCA_005,20
AAATGTTAACGCAAAAACCA_006,166
AAATGTTAACGCAAAAACCA_007,75
AAATGTTAACGCAAAAACCA_008,159
CGCCATCCGCAAGACCAAAG_001,127
CGCCATCCGCAAGACCAAAG_002,60
CGCCATCCGCAAGACCAAAG_003,198
CGCCATCCGCAAGACCAAAG_004,92
CGCCATCCGCAAGACCAAAG_005,84
CGCCATCCGCAAGACCAAAG_006,117
CGCCATCCGCAAGACCAAAG_007,94
CGCCATCCGCAAGACCAAAG_008,121
CGCCATCCGCAAGACCAAAG_009,160
CGCCATCCGCAAGACCAAAG_010,176
CGCCATCCGCAAGACCAAAG_011,6
CGCCATCCGCAAGACCAAAG_012,6
CGCCATCCGCAAGACCAAAG_013,49
CGCCATCCGCAAGACCAAAG_014,32
CCTTCCCCGGGGAAAATCAG_001,29
CCTTCCCCGGGGAAAATCAG_002,189
CCTTCCCCGGGGAAAATCAG_003,132
CCTTCCCCGGGGAAAATCAG_004,29
CCTTCCCCGGGGAAAATCAG_005,48
CCTTCCCCGGGGAAAATCAG_006,81
CCTTCCCCGGGGAAAATCAG_007,188
CCTTCCCCGGGGAAAATCAG_008,149
CCTTCCCCGGGGAAAATCAG_009,169
CCTTCCCCGGGGAAAATCAG_010,115
CCTTCCCCGGGGAAAATCAG_011,40
CTCGGGACTAACGTGAGAGC_001,5
CTCGGGACTAACGTGAGAGC_002,38
CTCGGGACTAACGTGAGAGC_003,103
CTCGGGACTAACGTGAGAGC_004,63
CTCGGGACTAACGTGAGAGC_005,170
CTCGGGACTAACGTGAGAGC_006,184
CTCGGGACTAACGTGAGAGC_007,35
CTCGGGACTAACGTGAGAGC_008,104
CTCGGGACTAACGTGAGAGC_009,49
CTCGGGACTAACGTGAGAGC_010,91
CTCGGGACTAACGTGAGAGC_011,137
GAGGCCAAGCTCCTTGGACA_001,134
GAGGCCAAGCTCCTTGGACA_002,174
GAGGCCAAGCTCCTTGGACA_003,172
GAGGCCAAGCTCCTTGGACA_004,115
GAGGCCAAGCTCCTTGGACA_005,15
GAGGCCAAGCTCCTTGGACA_006,103
GAGGCCAAGCTCCTTGGACA_007,78
GAGGCCAAGCTCCTTGGACA_008,149
GCAGTGCGAATTGTTTGCAG_001,43
GCAGTGCGAATTGTTTGCAG_002,151
GCAGTGCGAATTGTTTGCAG_003,19
GCAGTGCGAATTGTTTGCAG_004,127
GCAGTGCGAATTGTTTGCAG_005,103
GCAGTGCGAATTGTTTGCAG_006,105
GCAGTGCGAATTGTTTGCAG_007,82
GTAGAAGGCATAACCTCTGA_001,113
GTAGAAGGCATAACCTCTGA_002,142
GTAGAAGGCATAACCTCTGA_003,127
AAAATCACAAGATACATCTG_001,103
AAAATCACAAGATACATCTG_002,176
AAAATCACAAGATACATCTG_003,162
AAAATCACAAGATACATCTG_004,155
AAAATCACAAGATACATCTG_005,111
AAAATCACAAGATACATCTG_006,91
AAAATCACAAGATACATCTG_007,101
CAGAGCCTTCAGCTCGAGCA_001,162
CAGAGCCTTCAGCTCGAGCA_002,160
CAGAGCCTTCAGCTCGAGCA_003,58
CAGAGCCTTCAGCTCGAGCA_004,44
CAGAGCCTTCAGCTCGAGCA_005,23
CTTCGTAACCTAGGACGTGA_001,48
CTTCGTAACCTAGGACGTGA_002,149
CTTCGTAACCTAGGACGTGA_003,58
CTTCGTAACCTAGGACGTGA_004,176
CTTCGTAACCTAGGACGTGA_005,105
CAGAACCACACTGGAAAACC_001,96
CAGAACCACACTGGAAAACC_002,36
CAGAACCACACTGGAAAACC_003,136
CAGAACCACACTGGAAAACC_004,6
CTTGCTCTTACACAGAGTGT_001,152
CTTGCTCTTACACAGAGTGT_002,170
CTTGCTCTTACACAGAGTGT_003,145
CTTGCTCTTACACAGAGTGT_004,1
CTTGCTCTTACACAGAGTGT_005,40
CTTGCTCTTACACAGAGTGT_006,105
CTTGCTCTTACACAGAGTGT_007,80
CTTGCTCTTACACAGAGTGT_008,49
CTTGCTCTTACACAGAGTGT_009,180
CTTGCTCTTACACAGAGTGT_010,10
CTTGCTCTTACACAGAGTGT_011,191
CTTGCTCTTACACAGAGTGT_012,6
AGACTGCAGTGCCGAAACGA_001,162
AGACTGCAGTGCCGAAACGA_002,164
AGACTGCAGTGCCGAAACGA_003,164
AGACTGCAGTGCCGAAACGA_004,144
AGACTGCAGTGCCGAAACGA_005,12
AGACTGCAGTGCCGAAACGA_006,14
AGACTGCAGTGCCGAAACGA_007,26
AGACTGCAGTGCCGAAACGA_008,34
AGACTGCAGTGCCGAAACGA_009,38
AGACTGCAGTGCCGAAACGA_010,170
AGACTGCAGTGCCGAAACGA_011,139
AGACTGCAGTGCCGAAACGA_012,32
AGACTGCAGTGCCGAAACGA_013,169
AGACTGCAGTGCCGAAACGA_014,119
AGACTGCAGTGCCGAAACGA_015,83
TGGTAAGCAGGTAAATGGCT_001,98
GCACATGACAGAGAAAATGG_001,149
GCACATGACAGAGAAAATGG_002,77
GCACATGACAGAGAAAATGG_003,150
GCACATGACAGAGAAAATGG_004,53
GCACATGACAGAGAAAATGG_005,8
GCACATGACAGAGAAAATGG_006,137
GCACATGACAGAGAAAATGG_007,14
GCACATGACAGAGAAAATGG_008,77
GCACATGACAGAGAAAATGG_009,23
GCACATGACAGAGAAAATGG_010,104
GCACATGACAGAGAAAATGG_011,39
GCACATGACAGAGAAAATGG_012,153
CATTGAACTAATTCACCAAG_001,177
CATTGAACTAATTCACCAAG_002,44
CATTGAACTAATTCACCAAG_003,19
CATTGAACTAATTCACCAAG_004,149
CATTGAACTAATTCACCAAG_005,13
GGGCCCCAACTAATGCCCGT_001,76
GGGCCCCAACTAATGCCCGT_002,140
GGGCCCCAACTAATGCCCGT_003,68
GGGCCCCAACTAATGCCCGT_004,169
GGGCCCCAACTAATGCCCGT_005,123
GGGCCCCAACTAATGCCCGT_006,192
GGGCCCCAACTAATGCCCGT_007,96
GGGCCCCAACTAATGCCCGT_008,125
GGGCCCCAACTAATGCCCGT_009,152
GGGCCCCAACTAATGCCCGT_010,6
GGGCCCCAACTAATGCCCGT_011,184
GGGCCCCAACTAATGCCCGT_012,149
GGGCCCCAACTAATGCCCGT_013,147
TGATGGCCGAGTATCGCAGG_001,148
TGATGGCCGAGTATCGCAGG_002,26
TGATGGCCGAGTATCGCAGG_003,77
TGATGGCCGAGTATCGCAGG_004,60
TGATGGCCGAGTATCGCAGG_005,58
TGATGGCCGAGTATCGCAGG_006,49
TGATGGCCGAGTATCGCAGG_007,72
TGATGGCCGAGTATCGCAGG_008,104
TGATGGCCGAGTATCGCAGG_009,150
TGATGGCCGAGTATCGCAGG_010,88
TGATGGCCGAGTATCGCAGG_011,62
TGATGGCCGAGTATCGCAGG_012,127
TGATGGCCGAGTATCGCAGG_013,139
TGATGGCCGAGTATCGCAGG_014,47
TGATGGCCGAGTATCGCAGG_015,145
TGATGGCCGAGTATCGCAGG_016,72
TGATGGCCGAGTATCGCAGG_017,60
TGATGGCCGAGTATCGCAGG_018,88
GCAGCTGAGTTCCCTTCGCG_001,102
GCAGCTGAGTTCCCTTCGCG_002,78
GCAGCTGAGTTCCCTTCGCG_003,168
GCAGCTGAGTTCCCTTCGCG_004,169
GCAGCTGAGTTCCCTTCGCG_005,198
GCAGCTGAGTTCCCTTCGCG_006,183
GCAGCTGAGTTCCCTTCGCG_007,48
GCAGCTGAGTTCCCTTCGCG_008,90
GCAGCTGAGTTCCCTTCGCG_009,156
GCAGCTGAGTTCCCTTCGCG_010,160
GCAGCTGAGTTCCCTTCGCG_011,94
GCAGCTGAGTTCCCTTCGCG_012,176
GCAGCTGAGTTCCCTTCGCG_013,146
GCAGCTGAGTTCCCTTCGCG_014,7
GCAGCTGAGTTCCCTTCGCG_015,38
GCAGCTGAGTTCCCTTCGCG_016,96
GCAGCTGAGTTCCCTTCGCG_017,34
GCAGCTGAGTTCCCTTCGCG_018,147
GCAGCTGAGTTCCCTTCGCG_019,138
GCAGCTGAGTTCCCTTCGCG_020,22
GCAGCTGAGTTCCCTTCGCG_021,118
GCAGCTGAGTTCCCTTCGCG_022,28
GCAGCTGAGTTCCCTTCGCG_023,126
TAAGCAAGGCAACAGACCTG_001,17
TAAGCAAGGCAACAGACCTG_002,140
TAAGCAAGGCAACAGACCTG_003,46
TAAGCAAGGCAACAGACCTG_004,144
TAAGCAAGGCAACAGACCTG_005,77
TAAGCAAGGCAACAGACCTG_006,24
TAAGCAAGGCAACAGACCTG_007,96
TAAGCAAGGCAACAGACCTG_008,124
CGGGAGTCGCAATGTGTGCT_001,2
CGGGAGTCGCAATGTGTGCT_002,48
CGGGAGTCGCAATGTGTGCT_003,66
CGGGAGTCGCAATGTGTGCT_004,100
CGGGAGTCGCAATGTGTGCT_005,182
CGGGAGTCGCAATGTGTGCT_006,88
CGGGAGTCGCAATGTGTGCT_007,169
CGGGAGTCGCAATGTGTGCT_008,133
CGGGAGTCGCAATGTGTGCT_009,28
CGGGAGTCGCAATGTGTGCT_010,35
CGGGAGTCGCAATGTGTGCT_011,101
CGGGAGTCGCAATGTGTGCT_012,11
CGGGAGTCGCAATGTGTGCT_013,69
ACCCTGGTTACTGATAACAA_001,6
ACCCTGGTTACTGATAACAA_002,72
ACCCTGGTTACTGATAACAA_003,144
ACCCTGGTTACTGATAACAA_004,159
ACCCTGGTTACTGATAACAA_005,129
ACCCTGGTTACTGATAACAA_006,149
ACCCTGGTTACTGATAACAA_007,16
ACCCTGGTTACTGATAACAA_008,82
ACCCTGGTTACTGATAACAA_009,78
ACCCTGGTTACTGATAACAA_010,126
ACCCTGGTTACTGATAACAA_011,124
ACCCTGGTTACTGATAACAA_012,81
CCTGGATCCCCAACTCCATG_001,81
CCTGGATCCCCAACTCCATG_002,49
CCTGGATCCCCAACTCCATG_003,141
CCTGGATCCCCAACTCCATG_004,151
CCTGGATCCCCAACTCCATG_005,98
CCTGGATCCCCAACTCCATG_006,68
CCTGGATCCCCAACTCCATG_007,140
CCTGGATCCCCAACTCCATG_008,197
CCTGGATCCCCAACTCCATG_009,61
CCTGGATCCCCAACTCCATG_010,60
CCTGGATCCCCAACTCCATG_011,167
CCTGGATCCCCAACTCCATG_012,145
CCTGGATCCCCAACTCCATG_013,3
CCTGGATCCCCAACTCCATG_014,102
CTTGGTATGAAATCACACCT_001,124
CTTGGTATGAAATCACACCT_002,188
CTTGGTATGAAATCACACCT_003,120
CTTGGTATGAAATCACACCT_004,126
CTTGGTATGAAATCACACCT_005,69
CTTGGTATGAAATCACACCT_006,157
TGATCGGCGAATCAGGTGTG_001,193
TGATCGGCGAATCAGGTGTG_002,45
TGATCGGCGAATCAGGTGTG_003,51
TGATCGGCGAATCAGGTGTG_004,11
TGATCGGCGAATCAGGTGTG_005,63
TGATCGGCGAATCAGGTGTG_006,57
TGATCGGCGAATCAGGTGTG_007,0
TGATCGGCGAATCAGGTGTG_008,82
TGATCGGCGAATCAGGTGTG_009,181
TGATCGGCGAATCAGGTGTG_010,125
TGATCGGCGAATCAGGTGTG_011,178
TGATCGGCGAATCAGGTGTG_012,176
TGATCGGCGAATCAGGTGTG_013,48
TGATCGGCGAATCAGGTGTG_014,84
TGATCGGCGAATCAGGTGTG_015,196
TGATCGGCGAATCAGGTGTG_016,21
CACCGTGAGCAGATACTCCA_001,9
CACCGTGAGCAGATACTCCA_002,27
CACCGTGAGCAGATACTCCA_003,72
CACCGTGAGCAGATACTCCA_004,157
CACCGTGAGCAGATACTCCA_005,4
CACCGTGAGCAGATACTCCA_006,50
CACCGTGAGCAGATACTCCA_007,48
CACCGTGAGCAGATACTCCA_008,129
CACCGTGAGCAGATACTCCA_009,174
CACCGTGAGCAGATACTCCA_010,62
CACCGTGAGCAGATACTCCA_011,169
CACCGTGAGCAGATACTCCA_012,16
CACCGTGAGCAGATACTCCA_013,107
CACCGTGAGCAGATACTCCA_014,85
CACCGTGAGCAGATACTCCA_015,194
CACCGTGAGCAGATACTCCA_016,92
CACCGTGAGCAGATACTCCA_017,168
CACCGTGAGCAGATACTCCA_018,177
CACCGTGAGCAGATACTCCA_019,162
CACCGTGAGCAGATACTCCA_020,141
CACCGTGAGCAGATACTCCA_021,76
CACCGTGAGCAGATACTCCA_022,41
CACCGTGAGCAGATACTCCA_023,59
CACCGTGAGCAGATACTCCA_024,40
CACCGTGAGCAGATACTCCA_025,23
CACCGTGAGCAGATACTCCA_026,40
CACCGTGAGCAGATACTCCA_027,193
CACCGTGAGCAGATACTCCA_028,183
CACCGTGAGCAGATACTCCA_029,35
CACCGTGAGCAGATACTCCA_030,10
CACCGTGAGCAGATACTCCA_031,141
CACCGTGAGCAGATACTCCA_032,61
CACCGTGAGCAGATACTCCA_033,188
AGTACCTGGGTCACTGCATG_001,41
AGTACCTGGGTCACTGCATG_002,190
AGTACCTGGGTCACTGCATG_003,48
AGTACCTGGGTCACTGCATG_004,25
AGTACCTGGGTCACTGCATG_005,108
AGTACCTGGGTCACTGCATG_006,130
AGTACCTGGGTCACTGCATG_007,130
AGTACCTGGGTCACTGCATG_008,12
AGTACCTGGGTCACTGCATG_009,148
AGTACCTGGGTCACTGCATG_010,165
AGTACCTGGGTCACTGCATG_011,166
AGTACCTGGGTCACTGCATG_012,43
AGTACCTGGGTCACTGCATG_013,131
AGTACCTGGGTCACTGCATG_014,166
AGTACCTGGGTCACTGCATG_015,120
AGGGGAAAGCCGGTACCTAG_001,133
AGGGGAAAGCCGGTACCTAG_002,102
AGGGGAAAGCCGGTACCTAG_003,197
AGGGGAAAGCCGGTACCTAG_004,101
AGGGGAAAGCCGGTACCTAG_005,92
AGGGGAAAGCCGGTACCTAG_006,95
AGGGGAAAGCCGGTACCTAG_007,44
AGGGGAAAGCCGGTACCTAG_008,33
AGGGGAAAGCCGGTACCTAG_009,173
AGGGGAAAGCCGGTACCTAG_010,145
AGGGGAAAGCCGGTACCTAG_011,57
AGGGGAAAGCCGGTACCTAG_012,104
CGGCTTTGTTGCCCGTAAGC_001,161
CGGCTTTGTTGCCCGTAAGC_002,91
CGGCTTTGTTGCCCGTAAGC_003,188
CGGCTTTGTTGCCCGTAAGC_004,42
CGGCTTTGTTGCCCGTAAGC_005,48
CGGCTTTGTTGCCCGTAAGC_006,58
CGGCTTTGTTGCCCGTAAGC_007,59
CGGCTTTGTTGCCCGTAAGC_008,155
CGGCTTTGTTGCCCGTAAGC_009,156
CGGCTTTGTTGCCCGTAAGC_010,20
CGGCTTTGTTGCCCGTAAGC_011,137
CGGCTTTGTTGCCCGTAAGC_012,158
CGGCTTTGTTGCCCGTAAGC_013,19
CGGCTTTGTTGCCCGTAAGC_014,46
AGGCGTGCGGTCCGTCAAGG_001,61
AGGCGTGCGGTCCGTCAAGG_002,162
AGGCGTGCGGTCCGTCAAGG_003,182
AGGCGTGCGGTCCGTCAAGG_004,192
AGGCGTGCGGTCCGTCAAGG_005,187
AGGCGTGCGGTCCGTCAAGG_006,60
AGGCGTGCGGTCCGTCAAGG_007,29
AGGCGTGCGGTCCGTCAAGG_008,108
AGGCGTGCGGTCCGTCAAGG_009,47
AGGCGTGCGGTCCGTCAAGG_010,8
AGGCGTGCGGTCCGTCAAGG_011,179
AGGCGTGCGGTCCGTCAAGG_012,126
AGGCGTGCGGTCCGTCAAGG_013,18
AGGCGTGCGGTCCGTCAAGG_014,53
AGGCGTGCGGTCCGTCAAGG_015,105
AGGCGTGCGGTCCGTCAAGG_016,26
AGGCGTGCGGTCCGTCAAGG_017,48
AGGCGTGCGGTCCGTCAAGG_018,197
AGGCGTGCGGTCCGTCAAGG_019,103
AGGCGTGCGGTCCGTCAAGG_020,9
AGGCGTGCGGTCCGTCAAGG_021,66
AGGCGTGCGGTCCGTCAAGG_022,126
GACATAGTCCCGCTTGCAGT_001,97
GACATAGTCCCGCTTGCAGT_002,144
GACATAGTCCCGCTTGCAGT_003,184
GACATAGTCCCGCTTGCAGT_004,29
GACATAGTCCCGCTTGCAGT_005,188
GACATAGTCCCGCTTGCAGT_006,166
GACATAGTCCCGCTTGCAGT_007,62
GACATAGTCCCGCTTGCAGT_008,25
GACATAGTCCCGCTTGCAGT_009,24
GACATAGTCCCGCTTGCAGT_010,22
GACATAGTCCCGCTTGCAGT_011,169
GACATAGTCCCGCTTGCAGT_012,77
GACATAGTCCCGCTTGCAGT_013,177
GACATAGTCCCGCTTGCAGT_014,49
GACATAGTCCCGCTTGCAGT_015,21
GACATAGTCCCGCTTGCAGT_016,83
GACATAGTCCCGCTTGCAGT_017,16
GACATAGTCCCGCTTGCAGT_018,98
GACATAGTCCCGCTTGCAGT_019,135
GACATAGTCCCGCTTGCAGT_020,135
GACATAGTCCCGCTTGCAGT_021,155
GGAGGAAGCCAGTGTCCGTG_001,103
GGAGGAAGCCAGTGTCCGTG_002,53
GGAGGAAGCCAGTGTCCGTG_003,85
GGAGGAAGCCAGTGTCCGTG_004,57
GGAGGAAGCCAGTGTCCGTG_005,57
GGAGGAAGCCAGTGTCCGTG_006,15
GGAGGAAGCCAGTGTCCGTG_007,41
GGAGGAAGCCAGTGTCCGTG_008,60
GGAGGAAGCCAGTGTCCGTG_009,30
GGAGGAAGCCAGTGTCCGTG_010,144
GGAGGAAGCCAGTGTCCGTG_011,170
GGAGGAAGCCAGTGTCCGTG_012,184
GGAGGAAGCCAGTGTCCGTG_013,15
GGAGGAAGCCAGTGTCCGTG_014,17
GGAGGAAGCCAGTGTCCGTG_015,11
GGAGGAAGCCAGTGTCCGTG_016,94
GGAGGAAGCCAGTGTCCGTG_017,197
GGAGGAAGCCAGTGTCCGTG_018,28
GGAGGAAGCCAGTGTCCGTG_019,150
GGTAGTCAGTGCGCTCCACG_001,72
GGTAGTCAGTGCGCTCCACG_002,3
GGTAGTCAGTGCGCTCCACG_003,137
GGTAGTCAGTGCGCTCCACG_004,33
GGTAGTCAGTGCGCTCCACG_005,15
GGTAGTCAGTGCGCTCCACG_006,107
GGTAGTCAGTGCGCTCCACG_007,120
GGTAGTCAGTGCGCTCCACG_008,127
GGTAGTCAGTGCGCTCCACG_009,198
GGTAGTCAGTGCGCTCCACG_010,190
GGTAGTCAGTGCGCTCCACG_011,21
GGTAGTCAGTGCGCTCCACG_012,31
GGTAGTCAGTGCGCTCCACG_013,35
GGTAGTCAGTGCGCTCCACG_014,198
GGTAGTCAGTGCGCTCCACG_015,116
GGTAGTCAGTGCGCTCCACG_016,88
GGTAGTCAGTGCGCTCCACG_017,169
GGTAGTCAGTGCGCTCCACG_018,48
GGTAGTCAGTGCGCTCCACG_019,94
GGTAGTCAGTGCGCTCCACG_020,152
GGTAGTCAGTGCGCTCCACG_021,152
GGTAGTCAGTGCGCTCCACG_022,51
GGTAGTCAGTGCGCTCCACG_023,149
GGTAGTCAGTGCGCTCCACG_024,2
GGTAGTCAGTGCGCTCCACG_025,127
GGTAGTCAGTGCGCTCCACG_026,9
TAGCACCGGCCACGACTTGG_001,134
TAGCACCGGCCACGACTTGG_002,17
TAGCACCGGCCACGACTTGG_003,191
AGGGTGTGACCAGAGTGTCA_001,58
AGGGTGTGACCAGAGTGTCA_002,164
AGGGTGTGACCAGAGTGTCA_003,62
AGGGTGTGACCAGAGTGTCA_004,108
AGGGTGTGACCAGAGTGTCA_005,41
AGGGTGTGACCAGAGTGTCA_006,115
AGGGTGTGACCAGAGTGTCA_007,148
AGGGTGTGACCAGAGTGTCA_008,61
AGGGTGTGACCAGAGTGTCA_009,129
AGGGTGTGACCAGAGTGTCA_010,56
AGGGTGTGACCAGAGTGTCA_011,8
AGGGTGTGACCAGAGTGTCA_012,83
AGGGTGTGACCAGAGTGTCA_013,173
AGGGTGTGACCAGAGTGTCA_014,33
AGGGTGTGACCAGAGTGTCA_015,170
AGGGTGTGACCAGAGTGTCA_016,40
AGGGTGTGACCAGAGTGTCA_017,127
AGGGTGTGACCAGAGTGTCA_018,40
AGGGTGTGACCAGAGTGTCA_019,8
AGGGTGTGACCAGAGTGTCA_020,177
CATCAGTGAACTTCACGTGA_001,62
CATCAGTGAACTTCACGTGA_002,77
CATCAGTGAACTTCACGTGA_003,184
CATCAGTGAACTTCACGTGA_004,122
CATCAGTGAACTTCACGTGA_005,144
CATCAGTGAACTTCACGTGA_006,58
CATCAGTGAACTTCACGTGA_007,17
CATCAGTGAACTTCACGTGA_008,174
CATCAGTGAACTTCACGTGA_009,43
CATCAGTGAACTTCACGTGA_010,50
CATCAGTGAACTTCACGTGA_011,88
CATCAGTGAACTTCACGTGA_012,79
CATCAGTGAACTTCACGTGA_013,48
CATCAGTGAACTTCACGTGA_014,37
CATCAGTGAACTTCACGTGA_015,57
CATCAGTGAACTTCACGTGA_016,172
CATCAGTGAACTTCACGTGA_017,75
GTTGATCTATATGGCAAACA_001,165
AGCCGTGGATGAAGGGACAT_001,181
AGCCGTGGATGAAGGGACAT_002,1
AGCCGTGGATGAAGGGACAT_003,145
AGCCGTGGATGAAGGGACAT_004,113
AGCCGTGGATGAAGGGACAT_005,181
AGCCGTGGATGAAGGGACAT_006,151
AGCCGTGGATGAAGGGACAT_007,151
AGCCGTGGATGAAGGGACAT_008,35
AGCCGTGGATGAAGGGACAT_009,119
AGCCGTGGATGAAGGGACAT_010,41
AGCCGTGGATGAAGGGACAT_011,105
AGCCGTGGATGAAGGGACAT_012,68
AGCCGTGGATGAAGGGACAT_013,162
AGCCGTGGATGAAGGGACAT_014,57
AGCCGTGGATGAAGGGACAT_015,80
AGCCGTGGATGAAGGGACAT_016,199
AGCCGTGGATGAAGGGACAT_017,74
AGCCGTGGATGAAGGGACAT_018,58
AGCCGTGGATGAAGGGACAT_019,152
CACGCGCTCGTGGACAACGA_001,12
CACGCGCTCGTGGACAACGA_002,57
CACGCGCTCGTGGACAACGA_003,169
CACGCGCTCGTGGACAACGA_004,119
CACGCGCTCGTGGACAACGA_005,9
CACGCGCTCGTGGACAACGA_006,56
CACGCGCTCGTGGACAACGA_007,20
ATTGTCCTTTGAACCAACAG_001,166
ATTGTCCTTTGAACCAACAG_002,189
ATTGTCCTTTGAACCAACAG_003,93
ATTGTCCTTTGAACCAACAG_004,98
ATTGTCCTTTGAACCAACAG_005,137
ATTGTCCTTTGAACCAACAG_006,112
ATTGTCCTTTGAACCAACAG_007,37
AGAAATATAAAGGGAAACCT_001,75
AGAAATATAAAGGGAAACCT_002,42
AGAAATATAAAGGGAAACCT_003,75
AGAAATATAAAGGGAAACCT_004,166
AGAAATATAAAGGGAAACCT_005,166
AGAAATATAAAGGGAAACCT_006,185
AGAAATATAAAGGGAAACCT_007,15
GAGGATGATAAATATAACAT_001,134
TTATGTCCAAGGAGTAACCT_001,140
TTATGTCCAAGGAGTAACCT_002,20
TTATGTCCAAGGAGTAACCT_003,130
TTATGTCCAAGGAGTAACCT_004,112
TTATGTCCAAGGAGTAACCT_005,88
TTATGTCCAAGGAGTAACCT_006,27
TTATGTCCAAGGAGTAACCT_007,40
TTATGTCCAAGGAGTAACCT_008,144
GATTGACCTTGAAAATACAT_001,15
GATTGACCTTGAAAATACAT_002,70
GATTGACCTTGAAAATACAT_003,56
GATTGACCTTGAAAATACAT_004,169
GATTGACCTTGAAAATACAT_005,17
GATTGACCTTGAAAATACAT_006,137
GATTGACCTTGAAAATACAT_007,172
GATTGACCTTGAAAATACAT_008,34
AATCGGACTTATTCACGCAG_001,85
AATCGGACTTATTCACGCAG_002,62
AATCGGACTTATTCACGCAG_003,29
AATCGGACTTATTCACGCAG_004,107
AATCGGACTTATTCACGCAG_005,97
AATCGGACTTATTCACGCAG_006,68
AATCGGACTTATTCACGCAG_007,43
AATCGGACTTATTCACGCAG_008,17
AATCGGACTTATTCACGCAG_009,102
AATCGGACTTATTCACGCAG_010,161
AATCGGACTTATTCACGCAG_011,107
AATCGGACTTATTCACGCAG_012,186
AATCGGACTTATTCACGCAG_013,77
AATCGGACTTATTCACGCAG_014,76
AATCGGACTTATTCACGCAG_015,12
AATCGGACTTATTCACGCAG_016,94
CTTCAACTTGTAGACACAGC_001,36
CTTCAACTTGTAGACACAGC_002,132
ACTTGATATTTCACACATTG_001,168
TGGACAGCTTGTGTCAGGAG_001,47
CTGGAACAGGCACCAAAAAC_001,2
CTGGAACAGGCACCAAAAAC_002,44
CTGGAACAGGCACCAAAAAC_003,76
CTGGAACAGGCACCAAAAAC_004,145
CTGGAACAGGCACCAAAAAC_005,150
CTGGAACAGGCACCAAAAAC_006,58
CGTACGCGCGCCCTACCCAG_001,188
CGTACGCGCGCCCTACCCAG_002,26
CGTACGCGCGCCCTACCCAG_003,184
CGTACGCGCGCCCTACCCAG_004,0
CGTACGCGCGCCCTACCCAG_005,121
CGTACGCGCGCCCTACCCAG_006,60
CGTACGCGCGCCCTACCCAG_007,17
CGTACGCGCGCCCTACCCAG_008,144
CGTACGCGCGCCCTACCCAG_009,150
CGTACGCGCGCCCTACCCAG_010,144
CGTACGCGCGCCCTACCCAG_011,17
CGTACGCGCGCCCTACCCAG_012,87
CGTACGCGCGCCCTACCCAG_013,27
ACTACCCGTTCATTAGCCAG_001,68
ACTACCCGTTCATTAGCCAG_002,27
ACTACCCGTTCATTAGCCAG_003,2
ACTACCCGTTCATTAGCCAG_004,47
ACTACCCGTTCATTAGCCAG_005,158
ACTACCCGTTCATTAGCCAG_006,158
ACTACCCGTTCATTAGCCAG_007,48
GATGGACACCTGCTTCACGT_001,8
GATGGACACCTGCTTCACGT_002,76
GATGGACACCTGCTTCACGT_003,197
GATGGACACCTGCTTCACGT_004,1
GATGGACACCTGCTTCACGT_005,192
GATGGACACCTGCTTCACGT_006,148
GATGGACACCTGCTTCACGT_007,161
GATGGACACCTGCTTCACGT_008,145
GATGGACACCTGCTTCACGT_009,126
GATGGACACCTGCTTCACGT_010,152
ACATGTAGATCAGATTACAC_001,98
ACATGTAGATCAGATTACAC_002,191
ACATGTAGATCAGATTACAC_003,56
AGCGACACCAGACGGTTGTG_001,121
AGCGACACCAGACGGTTGTG_002,198
AGCGACACCAGACGGTTGTG_003,105
AGCGACACCAGACGGTTGTG_004,32
AGCGACACCAGACGGTTGTG_005,37
AGCGACACCAGACGGTTGTG_006,7
AGCGACACCAGACGGTTGTG_007,169
AGCGACACCAGACGGTTGTG_008,141
AGCGACACCAGACGGTTGTG_009,137
CCAGCAGGCGTATTCATCGA_001,11
CCAGCAGGCGTATTCATCGA_002,175
CCAGCAGGCGTATTCATCGA_003,101
CCAGCAGGCGTATTCATCGA_004,161
CCAGCAGGCGTATTCATCGA_005,50
CCAGCAGGCGTATTCATCGA_006,149
CCAGCAGGCGTATTCATCGA_007,12
CCAGCAGGCGTATTCATCGA_008,28
CCAGCAGGCGTATTCATCGA_009,0
CCAGCAGGCGTATTCATCGA_010,76
GGTGAAAGCCGGCTTCGCCG_001,15
CTTAAGCTTATCAACATCCG_001,12
CTTAAGCTTATCAACATCCG_002,17
CTTAAGCTTATCAACATCCG_003,171
CTTAAGCTTATCAACATCCG_004,2
CTTAAGCTTATCAACATCCG_005,29
CTTAAGCTTATCAACATCCG_006,145
CTTAAGCTTATCAACATCCG_007,169
CTTAAGCTTATCAACATCCG_008,92
CTTAAGCTTATCAACATCCG_009,60
CTTAAGCTTATCAACATCCG_010,16
CTTAAGCTTATCAACATCCG_011,58
CTTAAGCTTATCAACATCCG_012,3
CTTAAGCTTATCAACATCCG_013,194
CTTAAGCTTATCAACATCCG_014,64
CTTAAGCTTATCAACATCCG_015,188
CTTAAGCTTATCAACATCCG_016,3
CTTAAGCTTATCAACATCCG_017,138
CTTAAGCTTATCAACATCCG_018,59
CTTAAGCTTATCAACATCCG_019,110
CTTAAGCTTATCAACATCCG_020,166
CTTAAGCTTATCAACATCCG_021,77
CTTAAGCTTATCAACATCCG_022,193
CTTAAGCTTATCAACATCCG_023,176
CTTAAGCTTATCAACATCCG_024,174
CTTAAGCTTATCAACATCCG_025,106
CTTAAGCTTATCAACATCCG_026,166
CTTAAGCTTATCAACATCCG_027,127
TCTGACAGATAAAATCGGGG_001,30
TCTGACAGATAAAATCGGGG_002,28
TCTGACAGATAAAATCGGGG_003,49
TCTGACAGATAAAATCGGGG_004,29
TCTGACAGATAAAATCGGGG_005,63
TCTGACAGATAAAATCGGGG_006,8
CACTCACGTGATCACAACAG_001,120
CACTCACGTGATCACAACAG_002,85
CACGGAGGTAGCGATAGACC_001,20
CACGGAGGTAGCGATAGACC_002,160
CACGGAGGTAGCGATAGACC_003,3
GTCACTGCAAAATCAATTGG_001,48
GTCACTGCAAAATCAATTGG_002,190
GTCACTGCAAAATCAATTGG_003,175
GTCACTGCAAAATCAATTGG_004,19
GTCACTGCAAAATCAATTGG_005,81
GTCACTGCAAAATCAATTGG_006,193
AGGTCTATAGTGAAAAAAAG_001,144
AGGTCTATAGTGAAAAAAAG_002,118
GCTTGGCTGAGATTGGCGCC_001,26
GCTTGGCTGAGATTGGCGCC_002,121
GCTTGGCTGAGATTGGCGCC_003,145
CTGAACGCAGTCATCCGGAA_001,29
CTGAACGCAGTCATCCGGAA_002,74
CTGAACGCAGTCATCCGGAA_003,48
CTGAACGCAGTCATCCGGAA_004,117
CTGAACGCAGTCATCCGGAA_005,15
CTGAACGCAGTCATCCGGAA_006,158
CTGAACGCAGTCATCCGGAA_007,120
CTGAACGCAGTCATCCGGAA_008,68
CTGAACGCAGTCATCCGGAA_009,197
CTGAACGCAGTCATCCGGAA_010,57
CTGAACGCAGTCATCCGGAA_011,12
CTGAACGCAGTCATCCGGAA_012,34
CTGAACGCAGTCATCCGGAA_013,17
CTGAACGCAGTCATCCGGAA_014,181
ACAGGTTCAGAAGAAAGACG_001,69
ACAGGTTCAGAAGAAAGACG_002,148
ACAGGTTCAGAAGAAAGACG_003,65
ACAGGTTCAGAAGAAAGACG_004,160
ACAGGTTCAGAAGAAAGACG_005,184
ACAGGTTCAGAAGAAAGACG_006,8
ACAGGTTCAGAAGAAAGACG_007,24
ACAGGTTCAGAAGAAAGACG_008,20
GGAATTAGAGTCACCAAAGG_001,178
GGAATTAGAGTCACCAAAGG_002,98
GGAATTAGAGTCACCAAAGG_003,9
GGAATTAGAGTCACCAAAGG_004,44
GGAATTAGAGTCACCAAAGG_005,106
GGAATTAGAGTCACCAAAGG_006,48
GGAATTAGAGTCACCAAAGG_007,77
GGAATTAGAGTCACCAAAGG_008,144
GGAATTAGAGTCACCAAAGG_009,198
GGAATTAGAGTCACCAAAGG_010,1
GGAATTAGAGTCACCAAAGG_011,76
ACCCGCAGAATTGGGCTGGG_001,84
ACCCGCAGAATTGGGCTGGG_002,17
ACCCGCAGAATTGGGCTGGG_003,147
ACCCGCAGAATTGGGCTGGG_004,154
ACCCGCAGAATTGGGCTGGG_005,45
ACCCGCAGAATTGGGCTGGG_006,101
ACCCGCAGAATTGGGCTGGG_007,191
ACCCGCAGAATTGGGCTGGG_008,44
ACCCGCAGAATTGGGCTGGG_009,108
ACCCGCAGAATTGGGCTGGG_010,13
ACCCGCAGAATTGGGCTGGG_011,27
ACCCGCAGAATTGGGCTGGG_012,80
ACCCGCAGAATTGGGCTGGG_013,49
ACCCGCAGAATTGGGCTGGG_014,141
ACCCGCAGAATTGGGCTGGG_015,9
ACCCGCAGAATTGGGCTGGG_016,108
ACCCGCAGAATTGGGCTGGG_017,199
GGTCTCGCACATGCACGAGT_001,122
GGTCTCGCACATGCACGAGT_002,130
GGTCTCGCACATGCACGAGT_003,94
GGTCTCGCACATGCACGAGT_004,49
GGTCTCGCACATGCACGAGT_005,134
GGTCTCGCACATGCACGAGT_006,199
GGTCTCGCACATGCACGAGT_007,127
GGTCTCGCACATGCACGAGT_008,146
GGTCTCGCACATGCACGAGT_009,23
GGTCTCGCACATGCACGAGT_010,55
GGTCTCGCACATGCACGAGT_011,30
GGTCTCGCACATGCACGAGT_012,188
GGTCTCGCACATGCACGAGT_013,97
GGTCTCGCACATGCACGAGT_014,35
GGTCTCGCACATGCACGAGT_015,68
GGTCTCGCACATGCACGAGT_016,179
GGTCTCGCACATGCACGAGT_017,131
GCAATCCCCAAAGCATCACG_001,62
GCAATCCCCAAAGCATCACG_002,42
GCAATCCCCAAAGCATCACG_003,118
GCAATCCCCAAAGCATCACG_004,77
GCAATCCCCAAAGCATCACG_005,175
GCAATCCCCAAAGCATCACG_006,184
GCAATCCCCAAAGCATCACG_007,172
GCAATCCCCAAAGCATCACG_008,166
GCAATCCCCAAAGCATCACG_009,58
GCAATCCCCAAAGCATCACG_010,51
GCAATCCCCAAAGCATCACG_011,189
GCAATCCCCAAAGCATCACG_012,183
GCAATCCCCAAAGCATCACG_013,113
GCAATCCCCAAAGCATCACG_014,172
GCAATCCCCAAAGCATCACG_015,8
GCAATCCCCAAAGCATCACG_016,192
GCAATCCCCAAAGCATCACG_017,101
GCAATCCCCAAAGCATCACG_018,187
GCAATCCCCAAAGCATCACG_019,68
GCAATCCCCAAAGCATCACG_020,115
GCAATCCCCAAAGCATCACG_021,82
GCAATCCCCAAAGCATCACG_022,66
GCAATCCCCAAAGCATCACG_023,70
GCAATCCCCAAAGCATCACG_024,17
GCAATCCCCAAAGCATCACG_025,14
GCAATCCCCAAAGCATCACG_026,46
GCAATCCCCAAAGCATCACG_027,170
GCAATCCCCAAAGCATCACG_028,126
GCAATCCCCAAAGCATCACG_029,10
GCAATCCCCAAAGCATCACG_030,93
GCAATCCCCAAAGCATCACG_031,46
GCAATCCCCAAAGCATCACG_032,147
GCAATCCCCAAAGCATCACG_033,104
GCAATCCCCAAAGCATCACG_034,125
GCAATCCCCAAAGCATCACG_035,64
GGTGAACCATGCGATGCACA_001,59
GGTGAACCATGCGATGCACA_002,166
GGTGAACCATGCGATGCACA_003,170
GGTGAACCATGCGATGCACA_004,199
CTGTGTGCCCAAATTCAGCT_001,73
CTGTGTGCCCAAATTCAGCT_002,41
CTGTGTGCCCAAATTCAGCT_003,151
TAGCCTTCGATAGAGACACA_001,46
TAGCCTTCGATAGAGACACA_002,160
TAGCCTTCGATAGAGACACA_003,69
TAGCCTTCGATAGAGACACA_004,57
GGCAGAGCTAGGTATTTCAG_001,157
CTGTCGAAGACACTCCTCGA_001,91
CTGTCGAAGACACTCCTCGA_002,198
CTGTCGAAGACACTCCTCGA_003,169
CTGTCGAAGACACTCCTCGA_004,154
CTGTCGAAGACACTCCTCGA_005,103
CTGTCGAAGACACTCCTCGA_006,158
CTGTCGAAGACACTCCTCGA_007,129
CTGTCGAAGACACTCCTCGA_008,127
CTGTCGAAGACACTCCTCGA_009,162
CTGTCGAAGACACTCCTCGA_010,67
CTGTCGAAGACACTCCTCGA_011,77
CTGTCGAAGACACTCCTCGA_012,96
CTGTCGAAGACACTCCTCGA_013,27
CTGTCGAAGACACTCCTCGA_014,40
CTGTCGAAGACACTCCTCGA_015,97
CTGTCGAAGACACTCCTCGA_016,190
CTGTCGAAGACACTCCTCGA_017,78
CTGTCGAAGACACTCCTCGA_018,47
CTGTCGAAGACACTCCTCGA_019,95
CTGTCGAAGACACTCCTCGA_020,25
CTGTCGAAGACACTCCTCGA_021,27
CTGTCGAAGACACTCCTCGA_022,25
CTGTCGAAGACACTCCTCGA_023,76
CTGTCGAAGACACTCCTCGA_024,180
CTGTCGAAGACACTCCTCGA_025,28
CTGTCGAAGACACTCCTCGA_026,94
CTGTCGAAGACACTCCTCGA_027,127
CTGTCGAAGACACTCCTCGA_028,19
CTGTCGAAGACACTCCTCGA_029,144
AGAACCCAGTCCCATACACT_001,54
AGAACCCAGTCCCATACACT_002,5
AGAACCCAGTCCCATACACT_003,172
AGAACCCAGTCCCATACACT_004,20
AGAACCCAGTCCCATACACT_005,150
AGAACCCAGTCCCATACACT_006,35
AGAACCCAGTCCCATACACT_007,6
AGAACCCAGTCCCATACACT_008,98
AGAACCCAGTCCCATACACT_009,120
AGAACCCAGTCCCATACACT_010,54
AGAACCCAGTCCCATACACT_011,24
AGAACCCAGTCCCATACACT_012,75
AGAACCCAGTCCCATACACT_013,138
AGAACCCAGTCCCATACACT_014,172
CATCATGGATCAACAGGGAA_001,188
CATCATGGATCAACAGGGAA_002,34
CATCATGGATCAACAGGGAA_003,191
CATCATGGATCAACAGGGAA_004,164
CATCATGGATCAACAGGGAA_005,155
CATCATGGATCAACAGGGAA_006,68
CATCATGGATCAACAGGGAA_007,10
CTGCGTCTTCACGTACTCGG_001,63
CTGCGTCTTCACGTACTCGG_002,139
CTGCGTCTTCACGTACTCGG_003,36
CTGCGTCTTCACGTACTCGG_004,185
CTGCGTCTTCACGTACTCGG_005,113
CTGCGTCTTCACGTACTCGG_006,27
CTGCGTCTTCACGTACTCGG_007,61
CTGCGTCTTCACGTACTCGG_008,70
CTGCGTCTTCACGTACTCGG_009,63
CATGCCGAACACCTAAACGG_001,20
CATGCCGAACACCTAAACGG_002,27
CATGCCGAACACCTAAACGG_003,105
CATGCCGAACACCTAAACGG_004,114
CATGCCGAACACCTAAACGG_005,15
CATGCCGAACACCTAAACGG_006,60
CATGCCGAACACCTAAACGG_007,105
CATGCCGAACACCTAAACGG_008,29
CATGCCGAACACCTAAACGG_009,58
CATGCCGAACACCTAAACGG_010,6
CATGCCGAACACCTAAACGG_011,2
CATGCCGAACACCTAAACGG_012,19
CATGCCGAACACCTAAACGG_013,146
CATGCCGAACACCTAAACGG_014,20
CATGCCGAACACCTAAACGG_015,190
CATGCCGAACACCTAAACGG_016,98
CATGCCGAACACCTAAACGG_017,169
CATGCCGAACACCTAAACGG_018,33
CATGCCGAACACCTAAACGG_019,1
CATGCCGAACACCTAAACGG_020,71
CATGCCGAACACCTAAACGG_021,116
CATGCCGAACACCTAAACGG_022,30
CATGCCGAACACCTAAACGG_023,155
CATGCCGAACACCTAAACGG_024,186
CATGCCGAACACCTAAACGG_025,83
CATGCCGAACACCTAAACGG_026,138
CATGCCGAACACCTAAACGG_027,77
CATGCCGAACACCTAAACGG_028,65
CATGCCGAACACCTAAACGG_029,79
CATGCCGAACACCTAAACGG_030,183
CATGCCGAACACCTAAACGG_031,130
CATGCCGAACACCTAAACGG_032,76
TAGCGCATGTAGGGTACCAC_001,76
TAGCGCATGTAGGGTACCAC_002,163
TAGCGCATGTAGGGTACCAC_003,115
TAGCGCATGTAGGGTACCAC_004,101
TAGCGCATGTAGGGTACCAC_005,170
TAGCGCATGTAGGGTACCAC_006,49
TAGCGCATGTAGGGTACCAC_007,22
TAGCGCATGTAGGGTACCAC_008,7
GCAAACTTGTTCTCATAGCA_001,154
GCAAACTTGTTCTCATAGCA_002,115
GCAAACTTGTTCTCATAGCA_003,63
GCAAACTTGTTCTCATAGCA_004,141
GCAAACTTGTTCTCATAGCA_005,120
GCAAACTTGTTCTCATAGCA_006,56
GGCCGTCGGAGAGATCCGGC_001,4
GGCCGTCGGAGAGATCCGGC_002,35
GGCCGTCGGAGAGATCCGGC_003,8
GGCCGTCGGAGAGATCCGGC_004,77
GGCCGTCGGAGAGATCCGGC_005,93
GGCCGTCGGAGAGATCCGGC_006,98
GGCCGTCGGAGAGATCCGGC_007,105
GGCCGTCGGAGAGATCCGGC_008,138
AGAGACTGTTCAAACCACTG_001,163
AGAGACTGTTCAAACCACTG_002,58
AGAGACTGTTCAAACCACTG_003,162
AGAGACTGTTCAAACCACTG_004,42
AGAGACTGTTCAAACCACTG_005,92
AGAGACTGTTCAAACCACTG_006,40
AGAGACTGTTCAAACCACTG_007,150
AGAGACTGTTCAAACCACTG_008,96
AGAGACTGTTCAAACCACTG_009,88
AGAGACTGTTCAAACCACTG_010,162
AGAGACTGTTCAAACCACTG_011,105
AGAGACTGTTCAAACCACTG_012,188
AGAGACTGTTCAAACCACTG_013,169
AGAGACTGTTCAAACCACTG_014,77
AGAGACTGTTCAAACCACTG_015,175
TTTAGATAGTCCTCATCGAA_001,94
TTTAGATAGTCCTCATCGAA_002,137
TTTAGATAGTCCTCATCGAA_003,60
TCAGTTCTACAAGCTACCTG_001,48
TCAGTTCTACAAGCTACCTG_002,28
TCAGTTCTACAAGCTACCTG_003,44
TCAGTTCTACAAGCTACCTG_004,160
TCAGTTCTACAAGCTACCTG_005,49
TCAGTTCTACAAGCTACCTG_006,15
TCAGTTCTACAAGCTACCTG_007,152
TCAGTTCTACAAGCTACCTG_008,46
TCAGTTCTACAAGCTACCTG_009,49
TCAGTTCTACAAGCTACCTG_010,7
TCAGTTCTACAAGCTACCTG_011,137
TTGTAAACAGTACACTCTGG_001,80
TTGTAAACAGTACACTCTGG_002,47
TTGTAAACAGTACACTCTGG_003,91
TTGTAAACAGTACACTCTGG_004,7
TTGTAAACAGTACACTCTGG_005,35
TTGTAAACAGTACACTCTGG_006,115
TTGTAAACAGTACACTCTGG_007,104
TTGTAAACAGTACACTCTGG_008,149
TTGTAAACAGTACACTCTGG_009,105
AAAAGTTCTCCTCTTATTTG_001,155
AAAAGTTCTCCTCTTATTTG_002,195
AAAAGTTCTCCTCTTATTTG_003,169
AAAAGTTCTCCTCTTATTTG_004,147
AAAAGTTCTCCTCTTATTTG_005,181
AAAAGTTCTCCTCTTATTTG_006,144
AAAAGTTCTCCTCTTATTTG_007,88
AAAAGTTCTCCTCTTATTTG_008,42
CTAAAGTAGAAGTTACACCT_001,11
CTAAAGTAGAAGTTACACCT_002,42
CTAAAGTAGAAGTTACACCT_003,188
CTAAAGTAGAAGTTACACCT_004,28
CTAAAGTAGAAGTTACACCT_005,41
CTAAAGTAGAAGTTACACCT_006,168
CTAAAGTAGAAGTTACACCT_007,57
CTAAAGTAGAAGTTACACCT_008,130
CTAAAGTAGAAGTTACACCT_009,91
CTAAAGTAGAAGTTACACCT_010,177
CTAAAGTAGAAGTTACACCT_011,68
CGCGACGACTCAACCTAGTC_001,194
CGCGACGACTCAACCTAGTC_002,29
CGCGACGACTCAACCTAGTC_003,42
CGCGACGACTCAACCTAGTC_004,87
CGCGACGACTCAACCTAGTC_005,76
CGCGACGACTCAACCTAGTC_006,12
CGCGACGACTCAACCTAGTC_007,48
CGCGACGACTCAACCTAGTC_008,84
CGCGACGACTCAACCTAGTC_009,4
CGCGACGACTCAACCTAGTC_010,47
CGCGACGACTCAACCTAGTC_011,74
CGCGACGACTCAACCTAGTC_012,155
AAAGCCACTTCTACAAACAC_001,199
AAAGCCACTTCTACAAACAC_002,193
AAAGCCACTTCTACAAACAC_003,0
GCGAAGACCACTGCGCAGGG_001,25
GCGAAGACCACTGCGCAGGG_002,59
GCGAAGACCACTGCGCAGGG_003,168
GCTATGGTTGGTAGTAACGG_001,182
GCTATGGTTGGTAGTAACGG_002,176
GCTATGGTTGGTAGTAACGG_003,176
GCTATGGTTGGTAGTAACGG_004,49
GCTATGGTTGGTAGTAACGG_005,116
GCTATGGTTGGTAGTAACGG_006,94
GCTATGGTTGGTAGTAACGG_007,1
GCTATGGTTGGTAGTAACGG_008,168
GGGCTACCTCTGCTTGCGGG_001,142
GGGCTACCTCTGCTTGCGGG_002,72
GGGCTACCTCTGCTTGCGGG_003,4
GGCTTCATGCCATTAAACGT_001,16
GGCTTCATGCCATTAAACGT_002,118
GGCTTCATGCCATTAAACGT_003,8
GGCTTCATGCCATTAAACGT_004,43
CAGTTGGGTCCCCTTTACCT_001,163
CAGTTGGGTCCCCTTTACCT_002,27
CAGTTGGGTCCCCTTTACCT_003,102
CAGTTGGGTCCCCTTTACCT_004,92
CAGTTGGGTCCCCTTTACCT_005,130
CAGTTGGGTCCCCTTTACCT_006,10
CAGTTGGGTCCCCTTTACCT_007,8
CAGTTGGGTCCCCTTTACCT_008,16
CAGTTGGGTCCCCTTTACCT_009,33
CAGTTGGGTCCCCTTTACCT_010,24
CAGTTGGGTCCCCTTTACCT_011,175
CAGTTGGGTCCCCTTTACCT_012,31
CAGTTGGGTCCCCTTTACCT_013,115
CAGTTGGGTCCCCTTTACCT_014,80
CAGTTGGGTCCCCTTTACCT_015,105
CAGTTGGGTCCCCTTTACCT_016,127
CAGTTGGGTCCCCTTTACCT_017,152
CAGTTGGGTCCCCTTTACCT_018,33
GTCCCAGCTCCAGTTACGGT_001,142
GTCCCAGCTCCAGTTACGGT_002,118
GTCCCAGCTCCAGTTACGGT_003,80
GGCAGTCTGTGTTTAACAAG_001,149
GGCAGTCTGTGTTTAACAAG_002,103
GGCAGTCTGTGTTTAACAAG_003,92
GGCAGTCTGTGTTTAACAAG_004,67
GGCAGTCTGTGTTTAACAAG_005,172
GGCAGTCTGTGTTTAACAAG_006,160
GGCAGTCTGTGTTTAACAAG_007,49
TATGTACTAAGAGGTTCTTG_001,49
TATGTACTAAGAGGTTCTTG_002,83
TATGTACTAAGAGGTTCTTG_003,38
TATGTACTAAGAGGTTCTTG_004,46
TTATCGTTATTCGATCCGAG_001,101
TTATCGTTATTCGATCCGAG_002,118
TTATCGTTATTCGATCCGAG_003,63
TTATCGTTATTCGATCCGAG_004,33
AGCGGGGAGAGCAACCCCCG_001,161
AGCGGGGAGAGCAACCCCCG_002,15
AGCGGGGAGAGCAACCCCCG_003,81
AGCGGGGAGAGCAACCCCCG_004,17
AGCGGGGAGAGCAACCCCCG_005,176
AGCGGGGAGAGCAACCCCCG_006,112
AGCGGGGAGAGCAACCCCCG_007,106
AGCGGGGAGAGCAACCCCCG_008,50
AGCGGGGAGAGCAACCCCCG_009,69
AGCGGGGAGAGCAACCCCCG_010,76
AGCGGGGAGAGCAACCCCCG_011,76
AGCGGGGAGAGCAACCCCCG_012,10
AGCGGGGAGAGCAACCCCCG_013,19
AGCGGGGAGAGCAACCCCCG_014,22
AGCGGGGAGAGCAACCCCCG_015,35
AGCGGGGAGAGCAACCCCCG_016,0
AGCGGGGAGAGCAACCCCCG_017,113
AGCGGGGAGAGCAACCCCCG_018,50
AGCGGGGAGAGCAACCCCCG_019,48
AGCGGGGAGAGCAACCCCCG_020,166
AGCGGGGAGAGCAACCCCCG_021,103
AGCGGGGAGAGCAACCCCCG_022,48
AGCGGGGAGAGCAACCCCCG_023,130
AGCGGGGAGAGCAACCCCCG_024,125
AGCGGGGAGAGCAACCCCCG_025,4
AGCGGGGAGAGCAACCCCCG_026,99
AGCGGGGAGAGCAACCCCCG_027,12
AGCGGGGAGAGCAACCCCCG_028,50
AGCGGGGAGAGCAACCCCCG_029,96
AGCGGGGAGAGCAACCCCCG_030,12
AGCGGGGAGAGCAACCCCCG_031,22
AGCGGGGAGAGCAACCCCCG_032,105
AGCGGGGAGAGCAACCCCCG_033,135
AGCGGGGAGAGCAACCCCCG_034,43
AGCGGGGAGAGCAACCCCCG_035,148
AGCGGGGAGAGCAACCCCCG_036,1
AGCGGGGAGAGCAACCCCCG_037,47
AGCGGGGAGAGCAACCCCCG_038,194
AGCGGGGAGAGCAACCCCCG_039,140
AGCGGGGAGAGCAACCCCCG_040,169
AGCGGGGAGAGCAACCCCCG_041,82
AGCGGGGAGAGCAACCCCCG_042,14
AGCGGGGAGAGCAACCCCCG_043,166
AGCGGGGAGAGCAACCCCCG_044,124
AGCGGGGAGAGCAACCCCCG_045,172
AGCGGGGAGAGCAACCCCCG_046,68
AGCGGGGAGAGCAACCCCCG_047,148
CGATAGATGTGTGAATGTGG_001,171
CGATAGATGTGTGAATGTGG_002,70
CGATAGATGTGTGAATGTGG_003,132
CGATAGATGTGTGAATGTGG_004,127
AATTCCCAGTTCTTGAATGT_001,162
AATTCCCAGTTCTTGAATGT_002,169
AATTCCCAGTTCTTGAATGT_003,182
AATTCCCAGTTCTTGAATGT_004,81
AATTCCCAGTTCTTGAATGT_005,6
TATCCCATGAGTGTGTACAG_001,140
TATCCCATGAGTGTGTACAG_002,31
TATCCCATGAGTGTGTACAG_003,197
TATCCCATGAGTGTGTACAG_004,72
TATCCCATGAGTGTGTACAG_005,116
TATCCCATGAGTGTGTACAG_006,149
TATCCCATGAGTGTGTACAG_007,50
TATCCCATGAGTGTGTACAG_008,108
TATCCCATGAGTGTGTACAG_009,111
TATCCCATGAGTGTGTACAG_010,176
TATCCCATGAGTGTGTACAG_011,11
TATCCCATGAGTGTGTACAG_012,123
TATCCCATGAGTGTGTACAG_013,94
TATCCCATGAGTGTGTACAG_014,60
TATCCCATGAGTGTGTACAG_015,98
TATCCCATGAGTGTGTACAG_016,144
TATCCCATGAGTGTGTACAG_017,6
TATCCCATGAGTGTGTACAG_018,91
TATCCCATGAGTGTGTACAG_019,110
TCAACCCCAGCGCACCGTTG_001,179
TCAACCCCAGCGCACCGTTG_002,149
TCAACCCCAGCGCACCGTTG_003,188
TCAACCCCAGCGCACCGTTG_004,190
TCAACCCCAGCGCACCGTTG_005,102
TCAACCCCAGCGCACCGTTG_006,195
TCAACCCCAGCGCACCGTTG_007,181
TCAACCCCAGCGCACCGTTG_008,72
TCAACCCCAGCGCACCGTTG_009,72
TCAACCCCAGCGCACCGTTG_010,195
TCAACCCCAGCGCACCGTTG_011,36
TCAACCCCAGCGCACCGTTG_012,150
TCAACCCCAGCGCACCGTTG_013,115
TCAACCCCAGCGCACCGTTG_014,140
TCAACCCCAGCGCACCGTTG_015,50
TCAACCCCAGCGCACCGTTG_016,115
TCAACCCCAGCGCACCGTTG_017,64
TCAACCCCAGCGCACCGTTG_018,184
TCAACCCCAGCGCACCGTTG_019,81
TCAACCCCAGCGCACCGTTG_020,118
TCAACCCCAGCGCACCGTTG_021,12
TCAACCCCAGCGCACCGTTG_022,184
TCAACCCCAGCGCACCGTTG_023,10
TCAACCCCAGCGCACCGTTG_024,157
TCAACCCCAGCGCACCGTTG_025,146
AAGGCAAAGTGACCTGTGGT_001,34
AAGGCAAAGTGACCTGTGGT_002,44
AAGGCAAAGTGACCTGTGGT_003,102
AAGGCAAAGTGACCTGTGGT_004,146
AAGGCAAAGTGACCTGTGGT_005,129
AAGGCAAAGTGACCTGTGGT_006,179
AAGGCAAAGTGACCTGTGGT_007,101
AAGGCAAAGTGACCTGTGGT_008,43
AAGGCAAAGTGACCTGTGGT_009,22
AAGGCAAAGTGACCTGTGGT_010,110
AAGGCAAAGTGACCTGTGGT_011,66
AAGGCAAAGTGACCTGTGGT_012,13
AAGGCAAAGTGACCTGTGGT_013,31
AAGGCAAAGTGACCTGTGGT_014,177
AAGGCAAAGTGACCTGTGGT_015,38
AAGGCAAAGTGACCTGTGGT_016,6
AAGGCAAAGTGACCTGTGGT_017,141
AAGGCAAAGTGACCTGTGGT_018,0
AAGGCAAAGTGACCTGTGGT_019,177
AAGGCAAAGTGACCTGTGGT_020,1
AAGGCAAAGTGACCTGTGGT_021,162
AAGGCAAAGTGACCTGTGGT_022,107
AAGGCAAAGTGACCTGTGGT_023,131
AAGGCAAAGTGACCTGTGGT_024,170
AAGGCAAAGTGACCTGTGGT_025,34
AAGGCAAAGTGACCTGTGGT_026,142
AAGGCAAAGTGACCTGTGGT_027,180
GATTCAATACAAAAACCCTT_001,88
ACATACTCTACCTCATACGC_001,174
ACATACTCTACCTCATACGC_002,52
ACATACTCTACCTCATACGC_003,85
ACATACTCTACCTCATACGC_004,162
ACATACTCTACCTCATACGC_005,189
GATCGAAACCACAGGAATCA_001,83
GATCGAAACCACAGGAATCA_002,123
GATCGAAACCACAGGAATCA_003,165
GATCGAAACCACAGGAATCA_004,115
GATCGAAACCACAGGAATCA_005,115
GATCGAAACCACAGGAATCA_006,170
GATCGAAACCACAGGAATCA_007,76
GATCGAAACCACAGGAATCA_008,150
GAGATGAGCCCATCACGCAG_001,28
GAGATGAGCCCATCACGCAG_002,42
GAGATGAGCCCATCACGCAG_003,21
GAGATGAGCCCATCACGCAG_004,14
GAGATGAGCCCATCACGCAG_005,158
GAGATGAGCCCATCACGCAG_006,130
GAGATGAGCCCATCACGCAG_007,35
GAGATGAGCCCATCACGCAG_008,178
GAGATGAGCCCATCACGCAG_009,169
GAGATGAGCCCATCACGCAG_010,106
GAGATGAGCCCATCACGCAG_011,141
GAGATGAGCCCATCACGCAG_012,9
GAGATGAGCCCATCACGCAG_013,177
GAGATGAGCCCATCACGCAG_014,125
GAGATGAGCCCATCACGCAG_015,137
GAGATGAGCCCATCACGCAG_016,81
GAGATGAGCCCATCACGCAG_017,159
GAGATGAGCCCATCACGCAG_018,6
GAGATGAGCCCATCACGCAG_019,137
GAGATGAGCCCATCACGCAG_020,148
GAGATGAGCCCATCACGCAG_021,124
GAGATGAGCCCATCACGCAG_022,51
GAGATGAGCCCATCACGCAG_023,69
GAGATGAGCCCATCACGCAG_024,139
GAGATGAGCCCATCACGCAG_025,35
CATCAGAGAACACACACAGG_001,184
CATCAGAGAACACACACAGG_002,140
CATCAGAGAACACACACAGG_003,152
CATCAGAGAACACACACAGG_004,146
CATCAGAGAACACACACAGG_005,190
CATCAGAGAACACACACAGG_006,84
GCTCATTGAAAGATTGGAGC_001,102
GCTCATTGAAAGATTGGAGC_002,76
GCTCATTGAAAGATTGGAGC_003,105
GCTCATTGAAAGATTGGAGC_004,105
GCTCATTGAAAGATTGGAGC_005,58
GCTCATTGAAAGATTGGAGC_006,45
GCTCATTGAAAGATTGGAGC_007,183
GCTCATTGAAAGATTGGAGC_008,2
GCTCATTGAAAGATTGGAGC_009,32
GCTCATTGAAAGATTGGAGC_010,122
GCTCATTGAAAGATTGGAGC_011,199
GCTCATTGAAAGATTGGAGC_012,188
GCTCATTGAAAGATTGGAGC_013,191
GCTCATTGAAAGATTGGAGC_014,10
TGTGCTCACAATAAGTATGA_001,148
TGTGCTCACAATAAGTATGA_002,11
TGTGCTCACAATAAGTATGA_003,146
TGTGCTCACAATAAGTATGA_004,115
AGCCTCGGGACCTCCGGCCA_001,49
AGCCTCGGGACCTCCGGCCA_002,170
AGCCTCGGGACCTCCGGCCA_003,191
AGCCTCGGGACCTCCGGCCA_004,174
AGCCTCGGGACCTCCGGCCA_005,149
AGCCTCGGGACCTCCGGCCA_006,182
AGCCTCGGGACCTCCGGCCA_007,89
AGCCTCGGGACCTCCGGCCA_008,108
AGCCTCGGGACCTCCGGCCA_009,122
AGCCTCGGGACCTCCGGCCA_010,49
AGCCTCGGGACCTCCGGCCA_011,116
AGCCTCGGGACCTCCGGCCA_012,127
AGCCTCGGGACCTCCGGCCA_013,199
AGCCTCGGGACCTCCGGCCA_014,147
AGCCTCGGGACCTCCGGCCA_015,122
AGCCTCGGGACCTCCGGCCA_016,174
AGCCTCGGGACCTCCGGCCA_017,105
AGCCTCGGGACCTCCGGCCA_018,80
AGCCTCGGGACCTCCGGCCA_019,0
AGCCTCGGGACCTCCGGCCA_020,47
AGCCTCGGGACCTCCGGCCA_021,81
AGCCTCGGGACCTCCGGCCA_022,2
AGCCTCGGGACCTCCGGCCA_023,75
ATAATAAATTCTTCCTCCGG_001,94
ATAATAAATTCTTCCTCCGG_002,10
ATAATAAATTCTTCCTCCGG_003,197
TTTCCATTTGACCTACAACA_001,89
TTTCCATTTGACCTACAACA_002,62
TTTCCATTTGACCTACAACA_003,48
TTTCCATTTGACCTACAACA_004,83
CACTACAAGCTCATTCACAT_001,12
CACTACAAGCTCATTCACAT_002,125
CACTACAAGCTCATTCACAT_003,6
CACTACAAGCTCATTCACAT_004,106
CACTACAAGCTCATTCACAT_005,147
CACTACAAGCTCATTCACAT_006,89
CACTACAAGCTCATTCACAT_007,179
CACTACAAGCTCATTCACAT_008,76
CTCCGCTTCTACCGTTCACG_001,34
CTCCGCTTCTACCGTTCACG_002,173
CTCCGCTTCTACCGTTCACG_003,173
CTCCGCTTCTACCGTTCACG_004,52
CTCCGCTTCTACCGTTCACG_005,65
CTCCGCTTCTACCGTTCACG_006,166
CTCCGCTTCTACCGTTCACG_007,16
CTCCGCTTCTACCGTTCACG_008,30
CTCCGCTTCTACCGTTCACG_009,159
TGTGGCTGCCGGTTCCTACG_001,182
TGTGGCTGCCGGTTCCTACG_002,6
TGTGGCTGCCGGTTCCTACG_003,80
TTGGCTGCTGGCTTCCATAG_001,187
TTGGCTGCTGGCTTCCATAG_002,157
TTGGCTGCTGGCTTCCATAG_003,52
GGCCGTGAGCTTCGCCGACG_001,94
GGCCGTGAGCTTCGCCGACG_002,94
GGCCGTGAGCTTCGCCGACG_003,188
GGCCGTGAGCTTCGCCGACG_004,147
GGCCGTGAGCTTCGCCGACG_005,116
GGCCGTGAGCTTCGCCGACG_006,133
GGCCGTGAGCTTCGCCGACG_007,23
GGCCGTGAGCTTCGCCGACG_008,64
GGCCGTGAGCTTCGCCGACG_009,76
GGCCGTGAGCTTCGCCGACG_010,27
GGCCGTGAGCTTCGCCGACG_011,162
GGCCGTGAGCTTCGCCGACG_012,115
GGCCGTGAGCTTCGCCGACG_013,145
GGCCGTGAGCTTCGCCGACG_014,170
GGCCGTGAGCTTCGCCGACG_015,148
GGCCGTGAGCTTCGCCGACG_016,38
GGCCGTGAGCTTCGCCGACG_017,169
GGCCGTGAGCTTCGCCGACG_018,63
GGCCGTGAGCTTCGCCGACG_019,60
GGCCGTGAGCTTCGCCGACG_020,115
GGCCGTGAGCTTCGCCGACG_021,126
GGCCGTGAGCTTCGCCGACG_022,56
GGCCGTGAGCTTCGCCGACG_023,137
GGCCGTGAGCTTCGCCGACG_024,183
GGCCGTGAGCTTCGCCGACG_025,40
GGCCGTGAGCTTCGCCGACG_026,136
GGCCGTGAGCTTCGCCGACG_027,34
GGCCGTGAGCTTCGCCGACG_028,12
GGCCGTGAGCTTCGCCGACG_029,152
GGAGGGCACTACCACTACGC_001,15
GGAGGGCACTACCACTACGC_002,17
GGAGGGCACTACCACTACGC_003,176
GGAGGGCACTACCACTACGC_004,93
GGAGGGCACTACCACTACGC_005,9
GCTGCGGAACTATGTCCCGG_001,76
GCTGCGGAACTATGTCCCGG_002,12
CTAGTAACGGAAACTGTAGA_001,38
CTAGTAACGGAAACTGTAGA_002,0
CTAGTAACGGAAACTGTAGA_003,127
CTAGTAACGGAAACTGTAGA_004,76
CTAGTAACGGAAACTGTAGA_005,136
TCGGGCGTGCTGTACGACAG_001,1
TCGGGCGTGCTGTACGACAG_002,144
TCGGGCGTGCTGTACGACAG_003,24
TCGGGCGTGCTGTACGACAG_004,105
TCGGGCGTGCTGTACGACAG_005,103
TCGGGCGTGCTGTACGACAG_006,15
TCGGGCGTGCTGTACGACAG_007,112
TCGGGCGTGCTGTACGACAG_008,141
TCGGGCGTGCTGTACGACAG_009,119
TCGGGCGTGCTGTACGACAG_010,121
TCGGGCGTGCTGTACGACAG_011,82
TCGGGCGTGCTGTACGACAG_012,22
TCGGGCGTGCTGTACGACAG_013,30
TCGGGCGTGCTGTACGACAG_014,25
TCGGGCGTGCTGTACGACAG_015,83
TCGGGCGTGCTGTACGACAG_016,70
TCGGGCGTGCTGTACGACAG_017,163
TCGGGCGTGCTGTACGACAG_018,106
TCGGGCGTGCTGTACGACAG_019,138
TCGGGCGTGCTGTACGACAG_020,121
TCGGGCGTGCTGTACGACAG_021,197
TCGGGCGTGCTGTACGACAG_022,126
CCACTAAGAGGCCAATAGCA_001,198
CCACTAAGAGGCCAATAGCA_002,27
CTCCGAGCGTTCCATCACCA_001,70
CTCCGAGCGTTCCATCACCA_002,15
CTCCGAGCGTTCCATCACCA_003,58
CTCCGAGCGTTCCATCACCA_004,57
CTCCGAGCGTTCCATCACCA_005,24
CTCCGAGCGTTCCATCACCA_006,198
CTCCGAGCGTTCCATCACCA_007,27
CTCCGAGCGTTCCATCACCA_008,105
CTCCGAGCGTTCCATCACCA_009,105
CTCCGAGCGTTCCATCACCA_010,69
CTCCGAGCGTTCCATCACCA_011,149
CTCCGAGCGTTCCATCACCA_012,49
CTCCGAGCGTTCCATCACCA_013,78
CTCCGAGCGTTCCATCACCA_014,103
CTCCGAGCGTTCCATCACCA_015,121
CTCCGAGCGTTCCATCACCA_016,115
CTCCGAGCGTTCCATCACCA_017,9
GGAAATCGTCCCCTATAACA_001,117
CATGAGCTTTAAATTCGCAG_001,16
CATGAGCTTTAAATTCGCAG_002,116
CGGAGCCTGAGCCAGACCAG_001,141
CGGAGCCTGAGCCAGACCAG_002,129
CGGAGCCTGAGCCAGACCAG_003,14
CGGAGCCTGAGCCAGACCAG_004,0
CGGAGCCTGAGCCAGACCAG_005,163
CGGAGCCTGAGCCAGACCAG_006,160
CGGAGCCTGAGCCAGACCAG_007,72
CGGAGCCTGAGCCAGACCAG_008,138
CGGAGCCTGAGCCAGACCAG_009,63
GCAGATGTGGCGTGCCCATG_001,191
GCAGATGTGGCGTGCCCATG_002,41
GCAGATGTGGCGTGCCCATG_003,104
GCAGATGTGGCGTGCCCATG_004,56
GCAGATGTGGCGTGCCCATG_005,146
CAGTAACTTGTCACCCATCG_001,155
CAGTAACTTGTCACCCATCG_002,120
CCGGACGGCTCAAGTCGCCG_001,153
CCGGACGGCTCAAGTCGCCG_002,8
CCGGACGGCTCAAGTCGCCG_003,114
CCGGACGGCTCAAGTCGCCG_004,113
CCGGACGGCTCAAGTCGCCG_005,152
CCGGACGGCTCAAGTCGCCG_006,194
CCGGACGGCTCAAGTCGCCG_007,130
CCGGACGGCTCAAGTCGCCG_008,191
CCGGACGGCTCAAGTCGCCG_009,101
CCGGACGGCTCAAGTCGCCG_010,115
CCGGACGGCTCAAGTCGCCG_011,43
CTTTATTCTTACAAAGTGTG_001,155
CTTTATTCTTACAAAGTGTG_002,98
CTTTATTCTTACAAAGTGTG_003,54
CTTTATTCTTACAAAGTGTG_004,91
CCACCTGGGAAGTTCCGCCA_001,178
CCACCTGGGAAGTTCCGCCA_002,174
CCACCTGGGAAGTTCCGCCA_003,107
CCACCTGGGAAGTTCCGCCA_004,15
CCACCTGGGAAGTTCCGCCA_005,121
CCACCTGGGAAGTTCCGCCA_006,149
CCACCTGGGAAGTTCCGCCA_007,83
CCACCTGGGAAGTTCCGCCA_008,130
GTCGGCAGATAGCAGCATAG_001,4
GTCGGCAGATAGCAGCATAG_002,127
GTCGGCAGATAGCAGCATAG_003,86
GTCGGCAGATAGCAGCATAG_004,102
GTCGGCAGATAGCAGCATAG_005,188
GTCGGCAGATAGCAGCATAG_006,37
GTCGGCAGATAGCAGCATAG_007,54
GTCGGCAGATAGCAGCATAG_008,161
GTCGGCAGATAGCAGCATAG_009,102
GTCGGCAGATAGCAGCATAG_010,49
GTCGGCAGATAGCAGCATAG_011,175
GTCGGCAGATAGCAGCATAG_012,157
GTCGGCAGATAGCAGCATAG_013,190
TGTTCTTAAGACAAGCAGTG_001,96
TGTTCTTAAGACAAGCAGTG_002,19
TGTTCTTAAGACAAGCAGTG_003,198
TGTTCTTAAGACAAGCAGTG_004,45
TGTTCTTAAGACAAGCAGTG_005,45
TGTTCTTAAGACAAGCAGTG_006,125
TGTTCTTAAGACAAGCAGTG_007,23
TGTTCTTAAGACAAGCAGTG_008,146
TGTTCTTAAGACAAGCAGTG_009,145
TGTTCTTAAGACAAGCAGTG_010,42
TGTTCTTAAGACAAGCAGTG_011,174
TGTTCTTAAGACAAGCAGTG_012,198
AGCCACCTACCGAATACTGG_001,53
AGCCACCTACCGAATACTGG_002,1
AGCCACCTACCGAATACTGG_003,49
AGCCACCTACCGAATACTGG_004,87
AGCCACCTACCGAATACTGG_005,186
AGCCACCTACCGAATACTGG_006,177
AGCCACCTACCGAATACTGG_007,97
AGCCACCTACCGAATACTGG_008,180
AGCCACCTACCGAATACTGG_009,128
AGCCACCTACCGAATACTGG_010,195
AGCCACCTACCGAATACTGG_011,21
AGCCACCTACCGAATACTGG_012,24
AGCCACCTACCGAATACTGG_013,14
AGCCACCTACCGAATACTGG_014,126
ATTACGACCAGTAACACTAA_001,165
ATTACGACCAGTAACACTAA_002,169
ATTACGACCAGTAACACTAA_003,149
ATTACGACCAGTAACACTAA_004,38
ATTACGACCAGTAACACTAA_005,95
ATTACGACCAGTAACACTAA_006,24
ATTACGACCAGTAACACTAA_007,194
ATTACGACCAGTAACACTAA_008,9
ATTACGACCAGTAACACTAA_009,36
ATTACGACCAGTAACACTAA_010,138
ATTACGACCAGTAACACTAA_011,138
ATTACGACCAGTAACACTAA_012,176
ATTACGACCAGTAACACTAA_013,76
ATTACGACCAGTAACACTAA_014,198
ATTACGACCAGTAACACTAA_015,126
ATTACGACCAGTAACACTAA_016,78
ATTACGACCAGTAACACTAA_017,78
GAACTCGGGAACCCCATCAA_001,31
GAACTCGGGAACCCCATCAA_002,60
GAACTCGGGAACCCCATCAA_003,2
GAACTCGGGAACCCCATCAA_004,192
GAACTCGGGAACCCCATCAA_005,127
GAACTCGGGAACCCCATCAA_006,60
GAACTCGGGAACCCCATCAA_007,0
GAACTCGGGAACCCCATCAA_008,113
GAACTCGGGAACCCCATCAA_009,188
GAACTCGGGAACCCCATCAA_010,35
GAACTCGGGAACCCCATCAA_011,98
GAACTCGGGAACCCCATCAA_012,139
GAACTCGGGAACCCCATCAA_013,194
GAACTCGGGAACCCCATCAA_014,11
GAACTCGGGAACCCCATCAA_015,3
GAACTCGGGAACCCCATCAA_016,197
GAACTCGGGAACCCCATCAA_017,75
GAACTCGGGAACCCCATCAA_018,67
GAACTCGGGAACCCCATCAA_019,2
GAACTCGGGAACCCCATCAA_020,8
GAACTCGGGAACCCCATCAA_021,152
GAACTCGGGAACCCCATCAA_022,46
GAACTCGGGAACCCCATCAA_023,19
GAACTCGGGAACCCCATCAA_024,129
GAACTCGGGAACCCCATCAA_025,134
GAACTCGGGAACCCCATCAA_026,50
GAACTCGGGAACCCCATCAA_027,19
GAACTCGGGAACCCCATCAA_028,172
GAACTCGGGAACCCCATCAA_029,88
GAACTCGGGAACCCCATCAA_030,3
GAACTCGGGAACCCCATCAA_031,171
GAACTCGGGAACCCCATCAA_032,6
GAACTCGGGAACCCCATCAA_033,150
GAACTCGGGAACCCCATCAA_034,39
GAACTCGGGAACCCCATCAA_035,137
GAACTCGGGAACCCCATCAA_036,189
GAACTCGGGAACCCCATCAA_037,10
GAACTCGGGAACCCCATCAA_038,176
GCCAGCGCAAGAAGATCGAG_001,82
GCCAGCGCAAGAAGATCGAG_002,149
GCCAGCGCAAGAAGATCGAG_003,49
GCCAGCGCAAGAAGATCGAG_004,5
GCCAGCGCAAGAAGATCGAG_005,96
GCCAGCGCAAGAAGATCGAG_006,82
GCCAGCGCAAGAAGATCGAG_007,103
GCCAGCGCAAGAAGATCGAG_008,28
GCCAGCGCAAGAAGATCGAG_009,138
GCCAGCGCAAGAAGATCGAG_010,137
GCCAGCGCAAGAAGATCGAG_011,26
GCCAGCGCAAGAAGATCGAG_012,72
GCCAGCGCAAGAAGATCGAG_013,82
GCCAGCGCAAGAAGATCGAG_014,164
GCCAGCGCAAGAAGATCGAG_015,146
TAAACTTATGGAGTTACTAG_001,28
TAAACTTATGGAGTTACTAG_002,105
TAAACTTATGGAGTTACTAG_003,137
TAAACTTATGGAGTTACTAG_004,199
TGAGTGCCCCGAACAAGCGG_001,169
TGAGTGCCCCGAACAAGCGG_002,152
TGAGTGCCCCGAACAAGCGG_003,103
TGAGTGCCCCGAACAAGCGG_004,109
TGAGTGCCCCGAACAAGCGG_005,72
TGAGTGCCCCGAACAAGCGG_006,28
TGAGTGCCCCGAACAAGCGG_007,25
TGAGTGCCCCGAACAAGCGG_008,15
TGAGTGCCCCGAACAAGCGG_009,70
TGAGTGCCCCGAACAAGCGG_010,17
TGAGTGCCCCGAACAAGCGG_011,127
TGAGTGCCCCGAACAAGCGG_012,55
TGAGTGCCCCGAACAAGCGG_013,99
CTGCGCTTGTGCCACCAATG_001,2
CTGCGCTTGTGCCACCAATG_002,94
CTGCGCTTGTGCCACCAATG_003,32
CTGCGCTTGTGCCACCAATG_004,34
CTGCGCTTGTGCCACCAATG_005,153
CTGCGCTTGTGCCACCAATG_006,84
CTGCGCTTGTGCCACCAATG_007,70
CTGCGCTTGTGCCACCAATG_008,198
CTGCGCTTGTGCCACCAATG_009,160
AGTTACCGACTACCTCAGGA_001,64
AGTTACCGACTACCTCAGGA_002,64
AGTTACCGACTACCTCAGGA_003,53
AGTTACCGACTACCTCAGGA_004,3
AGTTACCGACTACCTCAGGA_005,146
AGTTACCGACTACCTCAGGA_006,42
AGTTACCGACTACCTCAGGA_007,168
ACTGATCAGACACACTAGTG_001,112
ACTGATCAGACACACTAGTG_002,115
ACTGATCAGACACACTAGTG_003,9
ACTGATCAGACACACTAGTG_004,58
ACTGATCAGACACACTAGTG_005,125
ACTGATCAGACACACTAGTG_006,50
ACTGATCAGACACACTAGTG_007,161
ACTGATCAGACACACTAGTG_008,127
ACTGATCAGACACACTAGTG_009,134
ACTGATCAGACACACTAGTG_010,50
GTGGAAGGTACGGACACTGA_001,102
GTGGAAGGTACGGACACTGA_002,115
GTGGAAGGTACGGACACTGA_003,126
GTGGAAGGTACGGACACTGA_004,152
GTGGAAGGTACGGACACTGA_005,33
GTGGAAGGTACGGACACTGA_006,44
GTGGAAGGTACGGACACTGA_007,137
GTGGAAGGTACGGACACTGA_008,130
GTGGAAGGTACGGACACTGA_009,2
GTTGGAGCTGATCACAACCC_001,160
TGTGAAAACGAGCTCCACTG_001,104
TGTGAAAACGAGCTCCACTG_002,196
TGTGAAAACGAGCTCCACTG_003,79
TGTGAAAACGAGCTCCACTG_004,48
TGTGAAAACGAGCTCCACTG_005,41
TGTGAAAACGAGCTCCACTG_006,76
TGTGAAAACGAGCTCCACTG_007,113
TGTGAAAACGAGCTCCACTG_008,197
TGTGAAAACGAGCTCCACTG_009,168
TGTGAAAACGAGCTCCACTG_010,172
GGACAGTCAGTGACCCACAC_001,49
GGACAGTCAGTGACCCACAC_002,47
GGACAGTCAGTGACCCACAC_003,152
GGACAGTCAGTGACCCACAC_004,5
GGACAGTCAGTGACCCACAC_005,194
GGACAGTCAGTGACCCACAC_006,77
GGACAGTCAGTGACCCACAC_007,120
GGACAGTCAGTGACCCACAC_008,37
GGACAGTCAGTGACCCACAC_009,39
GGACAGTCAGTGACCCACAC_010,34
GGACAGTCAGTGACCCACAC_011,39
GGACAGTCAGTGACCCACAC_012,15
GGACAGTCAGTGACCCACAC_013,131
GGACAGTCAGTGACCCACAC_014,70
GGACAGTCAGTGACCCACAC_015,41
GGACAGTCAGTGACCCACAC_016,167
GGACAGTCAGTGACCCACAC_017,167
GGACAGTCAGTGACCCACAC_018,51
GGACAGTCAGTGACCCACAC_019,146
GGACAGTCAGTGACCCACAC_020,61
GGACAGTCAGTGACCCACAC_021,110
GGACAGTCAGTGACCCACAC_022,41
GGACAGTCAGTGACCCACAC_023,122
GGACAGTCAGTGACCCACAC_024,139
GGACAGTCAGTGACCCACAC_025,124
GGACAGTCAGTGACCCACAC_026,84
GGACAGTCAGTGACCCACAC_027,184
GGACAGTCAGTGACCCACAC_028,20
GGACAGTCAGTGACCCACAC_029,62
GGACAGTCAGTGACCCACAC_030,191
GGACAGTCAGTGACCCACAC_031,48
GGACAGTCAGTGACCCACAC_032,4
GGACAGTCAGTGACCCACAC_033,4
GGACAGTCAGTGACCCACAC_034,168
GGACAGTCAGTGACCCACAC_035,78
GGACAGTCAGTGACCCACAC_036,12
GGACAGTCAGTGACCCACAC_037,199
GGACAGTCAGTGACCCACAC_038,16
GGACAGTCAGTGACCCACAC_039,60
GGACAGTCAGTGACCCACAC_040,103
GGACAGTCAGTGACCCACAC_041,17
GGACAGTCAGTGACCCACAC_042,34
ATAACCGTTACAGCCACAGT_001,85
ATAACCGTTACAGCCACAGT_002,184
ATAACCGTTACAGCCACAGT_003,181
ATAACCGTTACAGCCACAGT_004,147
ATAACCGTTACAGCCACAGT_005,40
ATAACCGTTACAGCCACAGT_006,166
ATAACCGTTACAGCCACAGT_007,35
ATAACCGTTACAGCCACAGT_008,105
ATAACCGTTACAGCCACAGT_009,181
GTGTAAAGGAGAGTTAGAGA_001,144
GTGTAAAGGAGAGTTAGAGA_002,173
GTGTAAAGGAGAGTTAGAGA_003,188
GTATGTCCCTTATAGAAGAG_001,4
GGGTCCGAATGACTTACCAG_001,171
GGGTCCGAATGACTTACCAG_002,193
GGGTCCGAATGACTTACCAG_003,162
GGGTCCGAATGACTTACCAG_004,20
GGGTCCGAATGACTTACCAG_005,147
GGGTCCGAATGACTTACCAG_006,127
GGGTCCGAATGACTTACCAG_007,4
GGGTCCGAATGACTTACCAG_008,122
GGGTCCGAATGACTTACCAG_009,139
GGGTCCGAATGACTTACCAG_010,1
GGGTCCGAATGACTTACCAG_011,67
AGGGCTAAGGGGTCTTGGAG_001,34
AGGGCTAAGGGGTCTTGGAG_002,115
AGGGCTAAGGGGTCTTGGAG_003,118
AGGGCTAAGGGGTCTTGGAG_004,183
AGGGCTAAGGGGTCTTGGAG_005,8
AGGGCTAAGGGGTCTTGGAG_006,197
AGGGCTAAGGGGTCTTGGAG_007,30
AGGGCTAAGGGGTCTTGGAG_008,41
AGGGCTAAGGGGTCTTGGAG_009,113
AGGGCTAAGGGGTCTTGGAG_010,94
AGGGCTAAGGGGTCTTGGAG_011,116
AGGGCTAAGGGGTCTTGGAG_012,172
AGGGCTAAGGGGTCTTGGAG_013,191
AGGGCTAAGGGGTCTTGGAG_014,111
AGGGCTAAGGGGTCTTGGAG_015,94
AGGGCTAAGGGGTCTTGGAG_016,33
AGGGCTAAGGGGTCTTGGAG_017,110
AGGGCTAAGGGGTCTTGGAG_018,68
AGGGCTAAGGGGTCTTGGAG_019,39
AGGGCTAAGGGGTCTTGGAG_020,43
AGGGCTAAGGGGTCTTGGAG_021,56
AGGGCTAAGGGGTCTTGGAG_022,1
AGGGCTAAGGGGTCTTGGAG_023,132
TGAGAGAAGACGATCTCCAG_001,94
TGAGAGAAGACGATCTCCAG_002,193
TGAGAGAAGACGATCTCCAG_003,96
TGAGAGAAGACGATCTCCAG_004,58
TGAGAGAAGACGATCTCCAG_005,105
TGAGAGAAGACGATCTCCAG_006,10
TGAGAGAAGACGATCTCCAG_007,140
TGAGAGAAGACGATCTCCAG_008,146
TGAGAGAAGACGATCTCCAG_009,107
TGAGAGAAGACGATCTCCAG_010,154
TGAGAGAAGACGATCTCCAG_011,43
TGAGAGAAGACGATCTCCAG_012,186
TGAGAGAAGACGATCTCCAG_013,50
AAAACCACAGAACATGCCAA_001,182
AAAACCACAGAACATGCCAA_002,57
AAAACCACAGAACATGCCAA_003,119
AAAACCACAGAACATGCCAA_004,168
AAAACCACAGAACATGCCAA_005,42
AAAACCACAGAACATGCCAA_006,183
AAAACCACAGAACATGCCAA_007,152
AAAACCACAGAACATGCCAA_008,155
AAAACCACAGAACATGCCAA_009,71
AAAACCACAGAACATGCCAA_010,88
AAAACCACAGAACATGCCAA_011,116
AAAACCACAGAACATGCCAA_012,1
AAAACCACAGAACATGCCAA_013,70
AAAACCACAGAACATGCCAA_014,179
AAAACCACAGAACATGCCAA_015,83
AAAACCACAGAACATGCCAA_016,9
AAAACCACAGAACATGCCAA_017,87
AAAACCACAGAACATGCCAA_018,91
CGAAGTCTTTCTTAGATGGT_001,60
CGAAGTCTTTCTTAGATGGT_002,53
CGAAGTCTTTCTTAGATGGT_003,178
CGAAGTCTTTCTTAGATGGT_004,178
CGAAGTCTTTCTTAGATGGT_005,103
CGAAGTCTTTCTTAGATGGT_006,120
CGAAGTCTTTCTTAGATGGT_007,114
CGAAGTCTTTCTTAGATGGT_008,114
CGAAGTCTTTCTTAGATGGT_009,138
CGAAGTCTTTCTTAGATGGT_010,147
CGAAGTCTTTCTTAGATGGT_011,93
CGAAGTCTTTCTTAGATGGT_012,192
CGAAGTCTTTCTTAGATGGT_013,144
CGAAGTCTTTCTTAGATGGT_014,81
CGAAGTCTTTCTTAGATGGT_015,155
CGAAGTCTTTCTTAGATGGT_016,62
CGAAGTCTTTCTTAGATGGT_017,52
CGAAGTCTTTCTTAGATGGT_018,130
TACACCCGTGACCTCAACCA_001,2
TACACCCGTGACCTCAACCA_002,58
TACACCCGTGACCTCAACCA_003,52
TACACCCGTGACCTCAACCA_004,16
TACACCCGTGACCTCAACCA_005,152
TACACCCGTGACCTCAACCA_006,178
TACACCCGTGACCTCAACCA_007,96
TACACCCGTGACCTCAACCA_008,78
TACACCCGTGACCTCAACCA_009,72
TACACCCGTGACCTCAACCA_010,107
TACACCCGTGACCTCAACCA_011,122
AATAGAAATGCCCATTGCCA_001,94
AATAGAAATGCCCATTGCCA_002,117
AATAGAAATGCCCATTGCCA_003,176
AATAGAAATGCCCATTGCCA_004,174
AATAGAAATGCCCATTGCCA_005,170
TAAGGAGGAGACCGTCTGTG_001,139
TAAGGAGGAGACCGTCTGTG_002,158
TAAGGAGGAGACCGTCTGTG_003,111
TAAGGAGGAGACCGTCTGTG_004,11
TAAGGAGGAGACCGTCTGTG_005,7
TAAGGAGGAGACCGTCTGTG_006,67
TAAGGAGGAGACCGTCTGTG_007,140
TAAGGAGGAGACCGTCTGTG_008,94
TAAGGAGGAGACCGTCTGTG_009,98
TAAGGAGGAGACCGTCTGTG_010,16
TAAGGAGGAGACCGTCTGTG_011,40
TAAGGAGGAGACCGTCTGTG_012,48
TAAGGAGGAGACCGTCTGTG_013,117
TAAGGAGGAGACCGTCTGTG_014,154
TAAGGAGGAGACCGTCTGTG_015,1
TAAGGAGGAGACCGTCTGTG_016,102
TAAGGAGGAGACCGTCTGTG_017,1
TAAGGAGGAGACCGTCTGTG_018,3
TAAGGAGGAGACCGTCTGTG_019,137
TAAGGAGGAGACCGTCTGTG_020,57
TAAGGAGGAGACCGTCTGTG_021,150
TAAGGAGGAGACCGTCTGTG_022,15
TAAGGAGGAGACCGTCTGTG_023,153
TAAGGAGGAGACCGTCTGTG_024,168
AGCGGGACTTACCCCATCTG_001,172
AGCGGGACTTACCCCATCTG_002,147
AGCGGGACTTACCCCATCTG_003,103
AGCGGGACTTACCCCATCTG_004,15
AGCGGGACTTACCCCATCTG_005,35
AGCGGGACTTACCCCATCTG_006,77
AGCGGGACTTACCCCATCTG_007,5
AGCGGGACTTACCCCATCTG_008,175
TAAGAAATCCTACCAGACGT_001,70
TAAGAAATCCTACCAGACGT_002,58
CTGACTACAAGTACCGACCT_001,35
AGATGATTGCACATACCACG_001,35
TATGGCACGGAACTGAACCA_001,159
TATGGCACGGAACTGAACCA_002,29
AATTATCTTATGTCTTCTAA_001,102
AATTATCTTATGTCTTCTAA_002,53
AATTATCTTATGTCTTCTAA_003,33
AATTATCTTATGTCTTCTAA_004,40
AATTATCTTATGTCTTCTAA_005,52
AATTATCTTATGTCTTCTAA_006,198
AATTATCTTATGTCTTCTAA_007,1
AATTATCTTATGTCTTCTAA_008,172
AATTATCTTATGTCTTCTAA_009,156
AATTATCTTATGTCTTCTAA_010,101
AATTATCTTATGTCTTCTAA_011,61
AATTATCTTATGTCTTCTAA_012,92
CATTCCTTCTCCCATAACGT_001,62
CATTCCTTCTCCCATAACGT_002,116
GCAGCGAGCAGGTCGCGGGG_001,148
GCAGCGAGCAGGTCGCGGGG_002,177
GCAGCGAGCAGGTCGCGGGG_003,50
GCAGCGAGCAGGTCGCGGGG_004,21
GCAGCGAGCAGGTCGCGGGG_005,26
GCAGCGAGCAGGTCGCGGGG_006,81
GCAGCGAGCAGGTCGCGGGG_007,178
ACGCCGAGTTTGAAGATCAG_001,58
ACGCCGAGTTTGAAGATCAG_002,50
ACGCCGAGTTTGAAGATCAG_003,145
ACGCCGAGTTTGAAGATCAG_004,197
ACGCCGAGTTTGAAGATCAG_005,98
ACGCCGAGTTTGAAGATCAG_006,37
ACGCCGAGTTTGAAGATCAG_007,116
ACGCCGAGTTTGAAGATCAG_008,48
ACGCCGAGTTTGAAGATCAG_009,88
ACGCCGAGTTTGAAGATCAG_010,141
ACGCCGAGTTTGAAGATCAG_011,194
ACGCCGAGTTTGAAGATCAG_012,149
ACGCCGAGTTTGAAGATCAG_013,30
ACGCCGAGTTTGAAGATCAG_014,151
ACGCCGAGTTTGAAGATCAG_015,27
ACGCCGAGTTTGAAGATCAG_016,88
ACGCCGAGTTTGAAGATCAG_017,35
TCAGACAAGAAAGCCAAACG_001,70
TCAGACAAGAAAGCCAAACG_002,61
TCAGACAAGAAAGCCAAACG_003,114
TCAGACAAGAAAGCCAAACG_004,144
TCAGACAAGAAAGCCAAACG_005,78
TCAGACAAGAAAGCCAAACG_006,43
TCAGACAAGAAAGCCAAACG_007,124
ACACCAGCAAGCCCTAACCA_001,49
ACACCAGCAAGCCCTAACCA_002,166
ACACCAGCAAGCCCTAACCA_003,146
ACACCAGCAAGCCCTAACCA_004,75
ACACCAGCAAGCCCTAACCA_005,19
ACACCAGCAAGCCCTAACCA_006,60
ACACCAGCAAGCCCTAACCA_007,147
ACACCAGCAAGCCCTAACCA_008,158
ACACCAGCAAGCCCTAACCA_009,70
ACACCAGCAAGCCCTAACCA_010,82
ACACCAGCAAGCCCTAACCA_011,183
ACACCAGCAAGCCCTAACCA_012,122
ACACCAGCAAGCCCTAACCA_013,98
ACACCAGCAAGCCCTAACCA_014,4
GCACTCTCCAAATTGGAACG_001,46
GCACTCTCCAAATTGGAACG_002,190
GCACTCTCCAAATTGGAACG_003,93
GCACTCTCCAAATTGGAACG_004,53
GCACTCTCCAAATTGGAACG_005,45
GCACTCTCCAAATTGGAACG_006,35
ATAAGCCTCACCACGCAGCA_001,146
ATAAGCCTCACCACGCAGCA_002,16
ATAAGCCTCACCACGCAGCA_003,152
ATAAGCCTCACCACGCAGCA_004,77
ATAAGCCTCACCACGCAGCA_005,146
ATAAGCCTCACCACGCAGCA_006,140
ATAAGCCTCACCACGCAGCA_007,11
ATAAGCCTCACCACGCAGCA_008,145
ATAAGCCTCACCACGCAGCA_009,56
ATAAGCCTCACCACGCAGCA_010,81
ATAAGCCTCACCACGCAGCA_011,57
ATAAGCCTCACCACGCAGCA_012,186
ATAAGCCTCACCACGCAGCA_013,70
ATAAGCCTCACCACGCAGCA_014,70
ATAAGCCTCACCACGCAGCA_015,193
ATAAGCCTCACCACGCAGCA_016,142
ATAAGCCTCACCACGCAGCA_017,129
ATAAGCCTCACCACGCAGCA_018,154
ATAAGCCTCACCACGCAGCA_019,98
ATAAGCCTCACCACGCAGCA_020,29
ATAAGCCTCACCACGCAGCA_021,196
ATAAGCCTCACCACGCAGCA_022,111
ATAAGCCTCACCACGCAGCA_023,138
ATAAGCCTCACCACGCAGCA_024,77
ATAAGCCTCACCACGCAGCA_025,197
AGAGAAGCAGGGTAAAACCC_001,62
CGTTTCTTCTGTAAAGCCCA_001,15
CGTTTCTTCTGTAAAGCCCA_002,28
CGTTTCTTCTGTAAAGCCCA_003,129
GATCACCCAAAATGGGAACA_001,129
GATCACCCAAAATGGGAACA_002,86
GATCACCCAAAATGGGAACA_003,84
GATCACCCAAAATGGGAACA_004,78
GATCACCCAAAATGGGAACA_005,158
GATCACCCAAAATGGGAACA_006,19
GATCACCCAAAATGGGAACA_007,62
GATCACCCAAAATGGGAACA_008,62
GATCACCCAAAATGGGAACA_009,149
GATCACCCAAAATGGGAACA_010,134
GATCACCCAAAATGGGAACA_011,160
GATCACCCAAAATGGGAACA_012,121
GATCACCCAAAATGGGAACA_013,91
GCAGCGACTTATCCGCCATG_001,9
GCAGCGACTTATCCGCCATG_002,199
GCAGCGACTTATCCGCCATG_003,181
GCAGCGACTTATCCGCCATG_004,134
GCAGCGACTTATCCGCCATG_005,62
CCGGAGATCAACACAGTCCG_001,40
CCGGAGATCAACACAGTCCG_002,48
CCGGAGATCAACACAGTCCG_003,123
CCGGAGATCAACACAGTCCG_004,160
CCGGAGATCAACACAGTCCG_005,190
CCGGAGATCAACACAGTCCG_006,168
CCGGAGATCAACACAGTCCG_007,89
CCGGAGATCAACACAGTCCG_008,105
CCGGAGATCAACACAGTCCG_009,105
CCGGAGATCAACACAGTCCG_010,29
CCGGAGATCAACACAGTCCG_011,110
CCGGAGATCAACACAGTCCG_012,123
CCGGAGATCAACACAGTCCG_013,57
CCGGAGATCAACACAGTCCG_014,168
CCGGAGATCAACACAGTCCG_015,140
CCGGAGATCAACACAGTCCG_016,163
CCGGAGATCAACACAGTCCG_017,38
CCGGAGATCAACACAGTCCG_018,60
CCGGAGATCAACACAGTCCG_019,57
CCGGAGATCAACACAGTCCG_020,133
CCGGAGATCAACACAGTCCG_021,62
CCGGAGATCAACACAGTCCG_022,159
CCGGAGATCAACACAGTCCG_023,34
CCGGAGATCAACACAGTCCG_024,116
CCGGAGATCAACACAGTCCG_025,168
CCGGAGATCAACACAGTCCG_026,166
CCGGAGATCAACACAGTCCG_027,147
CCGGAGATCAACACAGTCCG_028,106
CCGGAGATCAACACAGTCCG_029,184
CCGGAGATCAACACAGTCCG_030,125
CTCGTCTGAGAATCAATAAG_001,105
CTCGTCTGAGAATCAATAAG_002,96
CTCGTCTGAGAATCAATAAG_003,138
CTCGTCTGAGAATCAATAAG_004,198
CTCGTCTGAGAATCAATAAG_005,1
CTCGTCTGAGAATCAATAAG_006,168
CTCGTCTGAGAATCAATAAG_007,92
CTCGTCTGAGAATCAATAAG_008,92
CTCGTCTGAGAATCAATAAG_009,26
CTCGTCTGAGAATCAATAAG_010,41
ACAGAGCGTCTTCAAGGAGC_001,150
ACAGAGCGTCTTCAAGGAGC_002,43
ACAGAGCGTCTTCAAGGAGC_003,108
GTGTTGAAAGTCACCAACTC_001,96
GTGTTGAAAGTCACCAACTC_002,147
GTGTTGAAAGTCACCAACTC_003,176
GTGTTGAAAGTCACCAACTC_004,80
GTGTTGAAAGTCACCAACTC_005,161
GTGTTGAAAGTCACCAACTC_006,161
GTGTTGAAAGTCACCAACTC_007,66
GTGTTGAAAGTCACCAACTC_008,125
GTGTTGAAAGTCACCAACTC_009,10
GTGTTGAAAGTCACCAACTC_010,62
GTGTTGAAAGTCACCAACTC_011,191
GTGTTGAAAGTCACCAACTC_012,197
CCTGAGGGCAGCAACCAGCA_001,199
CCTGAGGGCAGCAACCAGCA_002,154
CCTGAGGGCAGCAACCAGCA_003,43
CCTGAGGGCAGCAACCAGCA_004,169
CCTGAGGGCAGCAACCAGCA_005,127
CCTGAGGGCAGCAACCAGCA_006,91
CCTGAGGGCAGCAACCAGCA_007,113
CCTGAGGGCAGCAACCAGCA_008,76
AATGTGCCATAAAATCCTCT_001,40
AATGTGCCATAAAATCCTCT_002,30
AATGTGCCATAAAATCCTCT_003,187
AATGTGCCATAAAATCCTCT_004,13
AATGTGCCATAAAATCCTCT_005,194
AATGTGCCATAAAATCCTCT_006,55
TCGATCCTTATACACCACAA_001,190
AACCTGAGGATACCTAGAGG_001,41
AACCTGAGGATACCTAGAGG_002,199
AACCTGAGGATACCTAGAGG_003,11
AACCTGAGGATACCTAGAGG_004,90
AACCTGAGGATACCTAGAGG_005,79
AACCTGAGGATACCTAGAGG_006,199
AACCTGAGGATACCTAGAGG_007,127
AACCTGAGGATACCTAGAGG_008,146
AACCTGAGGATACCTAGAGG_009,149
AACCTGAGGATACCTAGAGG_010,81
AACCTGAGGATACCTAGAGG_011,8
AACCTGAGGATACCTAGAGG_012,120
AACCTGAGGATACCTAGAGG_013,36
AACCTGAGGATACCTAGAGG_014,88
AGGAAGACTTCACTCAAGTG_001,145
AGGAAGACTTCACTCAAGTG_002,58
AGGAAGACTTCACTCAAGTG_003,85
AGGAAGACTTCACTCAAGTG_004,94
AGGAAGACTTCACTCAAGTG_005,191
AGGAAGACTTCACTCAAGTG_006,114
GGAGGTTCGAGATCACATGC_001,158
GGAGGTTCGAGATCACATGC_002,187
GGAGGTTCGAGATCACATGC_003,48
GGAGGTTCGAGATCACATGC_004,130
GGAGGTTCGAGATCACATGC_005,58
GGAGGTTCGAGATCACATGC_006,115
GGAGGTTCGAGATCACATGC_007,80
GGAGGTTCGAGATCACATGC_008,47
GGAGGTTCGAGATCACATGC_009,6
GGAGGTTCGAGATCACATGC_010,62
GGAGGTTCGAGATCACATGC_011,188
GTTCAGGCCTGACTAAACAC_001,50
GTTCAGGCCTGACTAAACAC_002,169
GTTCAGGCCTGACTAAACAC_003,83
GTTCAGGCCTGACTAAACAC_004,69
GTTCAGGCCTGACTAAACAC_005,106
GTTCAGGCCTGACTAAACAC_006,17
GTTCAGGCCTGACTAAACAC_007,147
TAATGTGATTGAAATGCCTG_001,182
TAATGTGATTGAAATGCCTG_002,104
TAATGTGATTGAAATGCCTG_003,168
TGTACAGAAATACGTCGGTG_001,5
CCTGACCTCGCTGATCTATG_001,15
CCTGACCTCGCTGATCTATG_002,62
CCTGACCTCGCTGATCTATG_003,162
CCTGACCTCGCTGATCTATG_004,8
CCTGACCTCGCTGATCTATG_005,176
CCTGACCTCGCTGATCTATG_006,150
CCTGACCTCGCTGATCTATG_007,166
CCTGACCTCGCTGATCTATG_008,65
CCTGACCTCGCTGATCTATG_009,185
CCTGACCTCGCTGATCTATG_010,81
CCTGACCTCGCTGATCTATG_011,2
CCTGACCTCGCTGATCTATG_012,193
CCTGACCTCGCTGATCTATG_013,1
CCTGACCTCGCTGATCTATG_014,8
CCTGACCTCGCTGATCTATG_015,98
CCTGACCTCGCTGATCTATG_016,65
CCTGACCTCGCTGATCTATG_017,82
CCTGACCTCGCTGATCTATG_018,108
CCTGACCTCGCTGATCTATG_019,114
CCTGACCTCGCTGATCTATG_020,18
GAAAGTTATAAATGGTGGGT_001,130
GAAAGTTATAAATGGTGGGT_002,75
GAAAGTTATAAATGGTGGGT_003,158
GAAAGTTATAAATGGTGGGT_004,144
GAAAGTTATAAATGGTGGGT_005,20
CTGCGTCAGGTGCGACACCT_001,145
CTGCGTCAGGTGCGACACCT_002,16
CTGCGTCAGGTGCGACACCT_003,191
CTGCGTCAGGTGCGACACCT_004,77
CTGCGTCAGGTGCGACACCT_005,178
CTGCGTCAGGTGCGACACCT_006,170
CTGCGTCAGGTGCGACACCT_007,47
CTGCGTCAGGTGCGACACCT_008,118
CTGCGTCAGGTGCGACACCT_009,88
CTGCGTCAGGTGCGACACCT_010,94
CTGCGTCAGGTGCGACACCT_011,148
CTGCGTCAGGTGCGACACCT_012,159
GATGCTGGCCAAGCTCCATG_001,98
GATGCTGGCCAAGCTCCATG_002,43
GATGCTGGCCAAGCTCCATG_003,144
GATGCTGGCCAAGCTCCATG_004,197
GATGCTGGCCAAGCTCCATG_005,199
GATGCTGGCCAAGCTCCATG_006,88
GATGCTGGCCAAGCTCCATG_007,76
GATGCTGGCCAAGCTCCATG_008,168
CACGGGCAGGTCAGTTGCAG_001,186
CACGGGCAGGTCAGTTGCAG_002,61
CACGGGCAGGTCAGTTGCAG_003,141
CACGGGCAGGTCAGTTGCAG_004,154
CACGGGCAGGTCAGTTGCAG_005,53
CACGGGCAGGTCAGTTGCAG_006,161
CACGGGCAGGTCAGTTGCAG_007,179
CACGGGCAGGTCAGTTGCAG_008,172
CACGGGCAGGTCAGTTGCAG_009,169
CACGGGCAGGTCAGTTGCAG_010,146
CACGGGCAGGTCAGTTGCAG_011,86
CACGGGCAGGTCAGTTGCAG_012,51
CACGGGCAGGTCAGTTGCAG_013,135
CACGGGCAGGTCAGTTGCAG_014,11
CACGGGCAGGTCAGTTGCAG_015,122
CACGGGCAGGTCAGTTGCAG_016,66
CACGGGCAGGTCAGTTGCAG_017,148
CACGGGCAGGTCAGTTGCAG_018,197
CACGGGCAGGTCAGTTGCAG_019,18
CACGGGCAGGTCAGTTGCAG_020,5
CACGGGCAGGTCAGTTGCAG_021,177
CACGGGCAGGTCAGTTGCAG_022,172
CACGGGCAGGTCAGTTGCAG_023,63
CACGGGCAGGTCAGTTGCAG_024,34
CACGGGCAGGTCAGTTGCAG_025,106
CAGGTCCAGCACGTGCACGG_001,60
CAGGTCCAGCACGTGCACGG_002,70
CAGGTCCAGCACGTGCACGG_003,175
CAGGTCCAGCACGTGCACGG_004,86
CAGGTCCAGCACGTGCACGG_005,15
CAGGTCCAGCACGTGCACGG_006,98
CAGGTCCAGCACGTGCACGG_007,129
CAGGTCCAGCACGTGCACGG_008,142
CAGGTCCAGCACGTGCACGG_009,15
CAGGTCCAGCACGTGCACGG_010,119
CAGGTCCAGCACGTGCACGG_011,160
CAGGTCCAGCACGTGCACGG_012,121
CAGGTCCAGCACGTGCACGG_013,28
CAGGTCCAGCACGTGCACGG_014,39
CAGGTCCAGCACGTGCACGG_015,168
CAGGTCCAGCACGTGCACGG_016,49
CAGGTCCAGCACGTGCACGG_017,104
CAGGTCCAGCACGTGCACGG_018,153
CAGGTCCAGCACGTGCACGG_019,197
CAGGTCCAGCACGTGCACGG_020,27
GTGTACTCAGTGACGGACAA_001,78
GTGTACTCAGTGACGGACAA_002,106
GTGTACTCAGTGACGGACAA_003,9
GTGTACTCAGTGACGGACAA_004,105
GTGTACTCAGTGACGGACAA_005,16
GTGTACTCAGTGACGGACAA_006,8
GTGTACTCAGTGACGGACAA_007,23
GTGTACTCAGTGACGGACAA_008,23
GTGTACTCAGTGACGGACAA_009,34
GTGTACTCAGTGACGGACAA_010,19
GTGTACTCAGTGACGGACAA_011,173
GTGTACTCAGTGACGGACAA_012,173
GTGTACTCAGTGACGGACAA_013,87
GTGTACTCAGTGACGGACAA_014,33
GTGTACTCAGTGACGGACAA_015,141
GTGTACTCAGTGACGGACAA_016,46
GTGTACTCAGTGACGGACAA_017,98
GTGTACTCAGTGACGGACAA_018,63
GTGTACTCAGTGACGGACAA_019,22
GTGTACTCAGTGACGGACAA_020,58
GTGTACTCAGTGACGGACAA_021,119
GTGTACTCAGTGACGGACAA_022,136
GTGTACTCAGTGACGGACAA_023,130
GTGTACTCAGTGACGGACAA_024,141
GTGTACTCAGTGACGGACAA_025,187
GTGTACTCAGTGACGGACAA_026,116
GTGTACTCAGTGACGGACAA_027,157
GTGTACTCAGTGACGGACAA_028,169
GTGTACTCAGTGACGGACAA_029,101
GTGTACTCAGTGACGGACAA_030,134
GTGTACTCAGTGACGGACAA_031,67
GTGTACTCAGTGACGGACAA_032,184
GTGTACTCAGTGACGGACAA_033,130
GTGTACTCAGTGACGGACAA_034,124
GTGTACTCAGTGACGGACAA_035,88
TGTGCACAGTTATGCCAAAG_001,83
TGAATGTATTTCGAGAACAC_001,140
TGAATGTATTTCGAGAACAC_002,78
AGACCCCACATACATGACCA_001,82
AGACCCCACATACATGACCA_002,42
AGACCCCACATACATGACCA_003,57
AGACCCCACATACATGACCA_004,0
AGACCCCACATACATGACCA_005,162
AGACCCCACATACATGACCA_006,74
AGACCCCACATACATGACCA_007,35
AGACCCCACATACATGACCA_008,13
GACCAACCCTAACCTAAGTG_001,182
GACCAACCCTAACCTAAGTG_002,29
GACCAACCCTAACCTAAGTG_003,127
GACCAACCCTAACCTAAGTG_004,130
TAGGTGCAATATGATGTCCG_001,32
AAGTCTGAAGCACTAAGAAG_001,127
AAGTCTGAAGCACTAAGAAG_002,62
AAGTCTGAAGCACTAAGAAG_003,194
AAGTCTGAAGCACTAAGAAG_004,138
AAGTCTGAAGCACTAAGAAG_005,177
AAGTCTGAAGCACTAAGAAG_006,113
AAGTCTGAAGCACTAAGAAG_007,84
AAGTCTGAAGCACTAAGAAG_008,86
AAGTCTGAAGCACTAAGAAG_009,61
AAGTCTGAAGCACTAAGAAG_010,137
AAGTCTGAAGCACTAAGAAG_011,159
AAGTCTGAAGCACTAAGAAG_012,10
AAGTCTGAAGCACTAAGAAG_013,65
GATGGTGTCAAAGGAGACCC_001,169
ATTCCCAGGAGTTATAGAAG_001,37
ATTCCCAGGAGTTATAGAAG_002,98
ATTCCCAGGAGTTATAGAAG_003,158
ATTCCCAGGAGTTATAGAAG_004,127
ATTCCCAGGAGTTATAGAAG_005,12
ATTCCCAGGAGTTATAGAAG_006,27
ATTCCCAGGAGTTATAGAAG_007,8
CCCGTCCAGCGCCTTCAAGG_001,168
CCCGTCCAGCGCCTTCAAGG_002,94
CCCGTCCAGCGCCTTCAAGG_003,12
CCCGTCCAGCGCCTTCAAGG_004,24
CCCGTCCAGCGCCTTCAAGG_005,159
CCCGTCCAGCGCCTTCAAGG_006,88
CCCGTCCAGCGCCTTCAAGG_007,191
CCCGTCCAGCGCCTTCAAGG_008,188
CCCGTCCAGCGCCTTCAAGG_009,172
CCCGTCCAGCGCCTTCAAGG_010,147
CCCGTCCAGCGCCTTCAAGG_011,199
CCCGTCCAGCGCCTTCAAGG_012,163
AGTCATCAAGTACATCATAG_001,101
AGTCATCAAGTACATCATAG_002,91
TGTGGCGTCCAAGAGGCGTG_001,70
TGTGGCGTCCAAGAGGCGTG_002,48
TGTGGCGTCCAAGAGGCGTG_003,161
TGTGGCGTCCAAGAGGCGTG_004,141
TGTGGCGTCCAAGAGGCGTG_005,74
TGTGGCGTCCAAGAGGCGTG_006,94
ACGTTTGGAGTCATAACGAT_001,127
ACGTTTGGAGTCATAACGAT_002,119
GAAGGCTGGTGCGACGACCA_001,137
GAAGGCTGGTGCGACGACCA_002,119
GAAGGCTGGTGCGACGACCA_003,182
GAAGGCTGGTGCGACGACCA_004,41
GAAGGCTGGTGCGACGACCA_005,119
GAAGGCTGGTGCGACGACCA_006,50
GAAGGCTGGTGCGACGACCA_007,9
GAAGGCTGGTGCGACGACCA_008,101
GAAGGCTGGTGCGACGACCA_009,77
GAAGGCTGGTGCGACGACCA_010,34
GAAGGCTGGTGCGACGACCA_011,177
GAAGGCTGGTGCGACGACCA_012,177
GAAGGCTGGTGCGACGACCA_013,128
GAAGGCTGGTGCGACGACCA_014,162
GAAGGCTGGTGCGACGACCA_015,105
GAAGGCTGGTGCGACGACCA_016,78
GAAGGCTGGTGCGACGACCA_017,26
GAAGGCTGGTGCGACGACCA_018,7
GAAGGCTGGTGCGACGACCA_019,158
GATATTAGTCGACATCTGCG_001,131
GATATTAGTCGACATCTGCG_002,88
GATATTAGTCGACATCTGCG_003,126
CGTTCCCTACACGCACCCGG_001,170
CGTTCCCTACACGCACCCGG_002,166
CGTTCCCTACACGCACCCGG_003,17
CGTTCCCTACACGCACCCGG_004,149
CGTTCCCTACACGCACCCGG_005,160
CGTTCCCTACACGCACCCGG_006,199
CGTTCCCTACACGCACCCGG_007,26
CGTTCCCTACACGCACCCGG_008,51
CGTTCCCTACACGCACCCGG_009,45
GCGGAAGCAGGAAATGCTAA_001,102
GCGGAAGCAGGAAATGCTAA_002,20
GCGGAAGCAGGAAATGCTAA_003,153
GCGGAAGCAGGAAATGCTAA_004,33
TCAAGAAGGAACACATACCC_001,97
TCAAGAAGGAACACATACCC_002,53
ACACTGAGAACTTACGGCAG_001,128
ACACTGAGAACTTACGGCAG_002,65
ACACTGAGAACTTACGGCAG_003,47
ACACTGAGAACTTACGGCAG_004,78
ACACTGAGAACTTACGGCAG_005,45
ACACTGAGAACTTACGGCAG_006,181
ACACTGAGAACTTACGGCAG_007,116
ACACTGAGAACTTACGGCAG_008,157
ACACTGAGAACTTACGGCAG_009,176
ACACTGAGAACTTACGGCAG_010,187
ACACTGAGAACTTACGGCAG_011,130
ACACTGAGAACTTACGGCAG_012,160
ACACTGAGAACTTACGGCAG_013,148
ACACTGAGAACTTACGGCAG_014,154
ACACTGAGAACTTACGGCAG_015,19
ACACTGAGAACTTACGGCAG_016,66
ACACTGAGAACTTACGGCAG_017,145
ACACTGAGAACTTACGGCAG_018,50
CAAGAGTTTAGCCTTGCGAC_001,56
CAAGAGTTTAGCCTTGCGAC_002,19
CAAGAGTTTAGCCTTGCGAC_003,86
CAAGAGTTTAGCCTTGCGAC_004,157
CAAGAGTTTAGCCTTGCGAC_005,143
GAACATCTTCTAGATTGTGA_001,178
GAACATCTTCTAGATTGTGA_002,188
GAACATCTTCTAGATTGTGA_003,98
GAACATCTTCTAGATTGTGA_004,119
GAACATCTTCTAGATTGTGA_005,110
GCAGATGCGATATTTCAGGA_001,54
GCAGATGCGATATTTCAGGA_002,144
GCCAATTGTATATACACCGA_001,187
GCCAATTGTATATACACCGA_002,169
GCCAATTGTATATACACCGA_003,168
GCCAATTGTATATACACCGA_004,33
TCTGGCACTGACATTAGCGA_001,197
TCTGGCACTGACATTAGCGA_002,119
TCTGGCACTGACATTAGCGA_003,8
TCTGGCACTGACATTAGCGA_004,177
TCTGGCACTGACATTAGCGA_005,3
TCTGGCACTGACATTAGCGA_006,12
AAAATGTTGTAGGAGCCCGT_001,159
AAAATGTTGTAGGAGCCCGT_002,32
AAAATGTTGTAGGAGCCCGT_003,15
AAAATGTTGTAGGAGCCCGT_004,157
AAAATGTTGTAGGAGCCCGT_005,127
AAAATGTTGTAGGAGCCCGT_006,15
AAAATGTTGTAGGAGCCCGT_007,49
GGCCTCTGAGGCATCCCTCG_001,182
GGCCTCTGAGGCATCCCTCG_002,100
GGCCTCTGAGGCATCCCTCG_003,154
GGCCTCTGAGGCATCCCTCG_004,169
GGCCTCTGAGGCATCCCTCG_005,193
GGCCTCTGAGGCATCCCTCG_006,157
GGCCTCTGAGGCATCCCTCG_007,116
GGCCTCTGAGGCATCCCTCG_008,146
GGCCTCTGAGGCATCCCTCG_009,111
GGCCTCTGAGGCATCCCTCG_010,83
GGCCTCTGAGGCATCCCTCG_011,109
GGCCTCTGAGGCATCCCTCG_012,172
GGCCTCTGAGGCATCCCTCG_013,66
GGCCTCTGAGGCATCCCTCG_014,198
GGCCTCTGAGGCATCCCTCG_015,11
GGCCTCTGAGGCATCCCTCG_016,127
GGCCTCTGAGGCATCCCTCG_017,129
GGCCTCTGAGGCATCCCTCG_018,23
GGCCTCTGAGGCATCCCTCG_019,23
GGCCTCTGAGGCATCCCTCG_020,138
GGCCTCTGAGGCATCCCTCG_021,49
GGCCTCTGAGGCATCCCTCG_022,136
GGCCTCTGAGGCATCCCTCG_023,188
GGCCTCTGAGGCATCCCTCG_024,188
GGCCTCTGAGGCATCCCTCG_025,75
TGAGCAATTGGAGGGCACTG_001,41
TGAGCAATTGGAGGGCACTG_002,36
TGAGCAATTGGAGGGCACTG_003,26
TGAGCAATTGGAGGGCACTG_004,140
TGAGCAATTGGAGGGCACTG_005,178
TGAGCAATTGGAGGGCACTG_006,155
TGAGCAATTGGAGGGCACTG_007,38
TGAGCAATTGGAGGGCACTG_008,197
TGAGCAATTGGAGGGCACTG_009,58
TGAGCAATTGGAGGGCACTG_010,122
TGAGCAATTGGAGGGCACTG_011,10
TGAGCAATTGGAGGGCACTG_012,96
ATCGCTTGTAGACTCCCTGT_001,194
ATCGCTTGTAGACTCCCTGT_002,117
CTACAACTTAAGAAAACCCA_001,188
CTACAACTTAAGAAAACCCA_002,137
CTTGATCAGTAAAAACTATG_001,74
CTTGATCAGTAAAAACTATG_002,190
CTTGATCAGTAAAAACTATG_003,51
GGCATGAGATTGCTGAGCTG_001,162
GGCATGAGATTGCTGAGCTG_002,199
GGCATGAGATTGCTGAGCTG_003,149
GGCATGAGATTGCTGAGCTG_004,186
GGCATGAGATTGCTGAGCTG_005,2
GGCATGAGATTGCTGAGCTG_006,57
GGCATGAGATTGCTGAGCTG_007,197
GGCATGAGATTGCTGAGCTG_008,177
GGCATGAGATTGCTGAGCTG_009,133
GGCATGAGATTGCTGAGCTG_010,98
GGCATGAGATTGCTGAGCTG_011,162
GGCATGAGATTGCTGAGCTG_012,4
GGCATGAGATTGCTGAGCTG_013,30
GGCATGAGATTGCTGAGCTG_014,13
GGCATGAGATTGCTGAGCTG_015,2
GGCATGAGATTGCTGAGCTG_016,40
GGCATGAGATTGCTGAGCTG_017,90
GGCATGAGATTGCTGAGCTG_018,192
GGCATGAGATTGCTGAGCTG_019,170
GGCATGAGATTGCTGAGCTG_020,145
GGCATGAGATTGCTGAGCTG_021,122
GGCATGAGATTGCTGAGCTG_022,40
TGATCCAGGATGCAGACACG_001,117
TGATCCAGGATGCAGACACG_002,115
TGATCCAGGATGCAGACACG_003,73
TGATCCAGGATGCAGACACG_004,86
TGATCCAGGATGCAGACACG_005,83
TGATCCAGGATGCAGACACG_006,43
TGATCCAGGATGCAGACACG_007,41
TGATCCAGGATGCAGACACG_008,5
TGATCCAGGATGCAGACACG_009,40
TGATCCAGGATGCAGACACG_010,174
TGATCCAGGATGCAGACACG_011,119
CAGCAAATGATGCTTACCCG_001,50
CTATGTAAACCAATCCATTG_001,146
CTATGTAAACCAATCCATTG_002,180
CTATGTAAACCAATCCATTG_003,75
CTATGTAAACCAATCCATTG_004,28
AACTGCGGTTCTCCACGAGG_001,111
AACTGCGGTTCTCCACGAGG_002,12
AACTGCGGTTCTCCACGAGG_003,127
AACTGCGGTTCTCCACGAGG_004,145
AACTGCGGTTCTCCACGAGG_005,175
CACACACAGAGGTGCCACAA_001,197
CACACACAGAGGTGCCACAA_002,78
CACACACAGAGGTGCCACAA_003,27
CACACACAGAGGTGCCACAA_004,34
CACACACAGAGGTGCCACAA_005,65
CACACACAGAGGTGCCACAA_006,55
CACACACAGAGGTGCCACAA_007,193
CACACACAGAGGTGCCACAA_008,170
CACACACAGAGGTGCCACAA_009,5
CACACACAGAGGTGCCACAA_010,8
CACACACAGAGGTGCCACAA_011,147
CACACACAGAGGTGCCACAA_012,86
CACACACAGAGGTGCCACAA_013,161
CACACACAGAGGTGCCACAA_014,75
CACACACAGAGGTGCCACAA_015,147
CACACACAGAGGTGCCACAA_016,187
CACACACAGAGGTGCCACAA_017,172
GGTGACCGCAAAAAAGCCAC_001,69
GGTGACCGCAAAAAAGCCAC_002,41
GGTGACCGCAAAAAAGCCAC_003,185
GGTGACCGCAAAAAAGCCAC_004,148
GGTGACCGCAAAAAAGCCAC_005,40
GGTGACCGCAAAAAAGCCAC_006,43
GGTGACCGCAAAAAAGCCAC_007,158
GGTGACCGCAAAAAAGCCAC_008,140
GGTGACCGCAAAAAAGCCAC_009,146
GGTGACCGCAAAAAAGCCAC_010,154
GGTGACCGCAAAAAAGCCAC_011,15
GGTGACCGCAAAAAAGCCAC_012,158
GGTGACCGCAAAAAAGCCAC_013,106
ACGACAAGGATGGAGAATCC_001,137
ACGACAAGGATGGAGAATCC_002,119
ACGACAAGGATGGAGAATCC_003,173
ACGACAAGGATGGAGAATCC_004,166
ACGACAAGGATGGAGAATCC_005,22
ACGACAAGGATGGAGAATCC_006,78
ACGACAAGGATGGAGAATCC_007,68
ACGACAAGGATGGAGAATCC_008,148
ACGACAAGGATGGAGAATCC_009,52
ACGACAAGGATGGAGAATCC_010,184
TGTCGGCAAAGCTCTATGGA_001,79
TGTCGGCAAAGCTCTATGGA_002,193
TGTCGGCAAAGCTCTATGGA_003,135
TGTCGGCAAAGCTCTATGGA_004,16
TGTCGGCAAAGCTCTATGGA_005,17
TGTCGGCAAAGCTCTATGGA_006,94
TGTCGGCAAAGCTCTATGGA_007,81
TGTCGGCAAAGCTCTATGGA_008,69
TGTCGGCAAAGCTCTATGGA_009,112
TGTCGGCAAAGCTCTATGGA_010,29
TGTCGGCAAAGCTCTATGGA_011,154
TGTCGGCAAAGCTCTATGGA_012,191
CGTAGAAACGACCCCATCAT_001,183
CGTAGAAACGACCCCATCAT_002,146
CGTAGAAACGACCCCATCAT_003,53
CGTAGAAACGACCCCATCAT_004,41
CGTAGAAACGACCCCATCAT_005,160
CGTAGAAACGACCCCATCAT_006,20
CGTAGAAACGACCCCATCAT_007,15
CGTAGAAACGACCCCATCAT_008,40
CGTAGAAACGACCCCATCAT_009,50
CGTAGAAACGACCCCATCAT_010,60
CGTAGAAACGACCCCATCAT_011,187
CGTAGAAACGACCCCATCAT_012,119
CGTAGAAACGACCCCATCAT_013,57
CGTAGAAACGACCCCATCAT_014,42
CGTAGAAACGACCCCATCAT_015,137
CGTAGAAACGACCCCATCAT_016,48
CGTAGAAACGACCCCATCAT_017,151
CGTAGAAACGACCCCATCAT_018,112
CGTAGAAACGACCCCATCAT_019,106
CGTAGAAACGACCCCATCAT_020,199
GAGCGTCAGGTAAATCCGAT_001,147
GAGCGTCAGGTAAATCCGAT_002,83
GAGCGTCAGGTAAATCCGAT_003,12
GAGCGTCAGGTAAATCCGAT_004,125
GAGCGTCAGGTAAATCCGAT_005,137
GAGCGTCAGGTAAATCCGAT_006,29
GAGCGTCAGGTAAATCCGAT_007,2
GAGCGTCAGGTAAATCCGAT_008,116
GAGCGTCAGGTAAATCCGAT_009,48
GAGCGTCAGGTAAATCCGAT_010,1
GAGCGTCAGGTAAATCCGAT_011,88
GAGCGTCAGGTAAATCCGAT_012,110
GAGCGTCAGGTAAATCCGAT_013,155
GAGCGTCAGGTAAATCCGAT_014,58
GAGCGTCAGGTAAATCCGAT_015,144
GAGCGTCAGGTAAATCCGAT_016,179
GAGCGTCAGGTAAATCCGAT_017,141
GAGCGTCAGGTAAATCCGAT_018,144
GAGCGTCAGGTAAATCCGAT_019,46
GAGCGTCAGGTAAATCCGAT_020,15
GAGCGTCAGGTAAATCCGAT_021,162
GAGCGTCAGGTAAATCCGAT_022,160
GAGCGTCAGGTAAATCCGAT_023,147
GAGCGTCAGGTAAATCCGAT_024,91
CTGATGCAAACAGCTCTGGG_001,122
CTGATGCAAACAGCTCTGGG_002,150
CTGATGCAAACAGCTCTGGG_003,170
CTGATGCAAACAGCTCTGGG_004,34
CTGATGCAAACAGCTCTGGG_005,154
CTGATGCAAACAGCTCTGGG_006,102
CTGATGCAAACAGCTCTGGG_007,26
CTGATGCAAACAGCTCTGGG_008,52
CTGATGCAAACAGCTCTGGG_009,125
CTGATGCAAACAGCTCTGGG_010,17
CTGATGCAAACAGCTCTGGG_011,76
CTGATGCAAACAGCTCTGGG_012,173
CTGATGCAAACAGCTCTGGG_013,38
CTGATGCAAACAGCTCTGGG_014,124
CTGATGCAAACAGCTCTGGG_015,50
CTGATGCAAACAGCTCTGGG_016,41
CTGATGCAAACAGCTCTGGG_017,147
CTGATGCAAACAGCTCTGGG_018,105
CTGATGCAAACAGCTCTGGG_019,150
CTGATGCAAACAGCTCTGGG_020,83
CTGATGCAAACAGCTCTGGG_021,193
CTGATGCAAACAGCTCTGGG_022,3
CTGATGCAAACAGCTCTGGG_023,46
CTGATGCAAACAGCTCTGGG_024,197
CTGATGCAAACAGCTCTGGG_025,197
CTGATGCAAACAGCTCTGGG_026,116
CTGATGCAAACAGCTCTGGG_027,194
CTGATGCAAACAGCTCTGGG_028,138
CTGATGCAAACAGCTCTGGG_029,105
CTGATGCAAACAGCTCTGGG_030,105
ACACAAACTGTGCTCCATCA_001,6
ACACAAACTGTGCTCCATCA_002,160
ATTCATGTGTTCGAAAGTAG_001,88
ATTCATGTGTTCGAAAGTAG_002,2
ATTCATGTGTTCGAAAGTAG_003,48
ATTCATGTGTTCGAAAGTAG_004,48
ATTCATGTGTTCGAAAGTAG_005,70
ATTCATGTGTTCGAAAGTAG_006,129
ATTCATGTGTTCGAAAGTAG_007,147
ATTCATGTGTTCGAAAGTAG_008,192
ATTCATGTGTTCGAAAGTAG_009,70
ATTCATGTGTTCGAAAGTAG_010,180
ATTCATGTGTTCGAAAGTAG_011,168
CAGCATATGGAGCGTTACCG_001,172
CAGCATATGGAGCGTTACCG_002,192
CAGCATATGGAGCGTTACCG_003,110
CAGCATATGGAGCGTTACCG_004,101
CAGCATATGGAGCGTTACCG_005,197
CAGCATATGGAGCGTTACCG_006,145
CAGCATATGGAGCGTTACCG_007,76
CCACTCCAGAACATTTACAG_001,21
CCACTCCAGAACATTTACAG_002,94
CCACTCCAGAACATTTACAG_003,137
CCACTCCAGAACATTTACAG_004,0
TCTACCATCTCCTGCACAGG_001,91
TCTACCATCTCCTGCACAGG_002,46
TCTGAATGGCAACCTAACTG_001,127
TCTGAATGGCAACCTAACTG_002,30
TCTGAATGGCAACCTAACTG_003,36
TCTGAATGGCAACCTAACTG_004,177
TTTGTAATGGCATCAATCTG_001,15
TTTGTAATGGCATCAATCTG_002,158
TTTGTAATGGCATCAATCTG_003,157
GACGTTTATCTTCACCGACG_001,174
GGGCCCCGACGGTTACCCGG_001,72
GGGCCCCGACGGTTACCCGG_002,62
GGGCCCCGACGGTTACCCGG_003,2
GGGCCCCGACGGTTACCCGG_004,48
GGGCCCCGACGGTTACCCGG_005,49
GGGCCCCGACGGTTACCCGG_006,8
GGGCCCCGACGGTTACCCGG_007,169
GGGCCCCGACGGTTACCCGG_008,76
GGGCCCCGACGGTTACCCGG_009,49
GGGCCCCGACGGTTACCCGG_010,84
GGGCCCCGACGGTTACCCGG_011,150
GGGCCCCGACGGTTACCCGG_012,159
GGGCCCCGACGGTTACCCGG_013,16
GGGCCCCGACGGTTACCCGG_014,32
GGGCCCCGACGGTTACCCGG_015,70
GGGCCCCGACGGTTACCCGG_016,150
GGGCCCCGACGGTTACCCGG_017,169
GGGCCCCGACGGTTACCCGG_018,94
GGGCCCCGACGGTTACCCGG_019,27
GGGCCCCGACGGTTACCCGG_020,147
GGGCCCCGACGGTTACCCGG_021,84
GGGCCCCGACGGTTACCCGG_022,106
GGGCCCCGACGGTTACCCGG_023,15
GGGCCCCGACGGTTACCCGG_024,15
GGGCCCCGACGGTTACCCGG_025,61
GGGCCCCGACGGTTACCCGG_026,170
GGGCCCCGACGGTTACCCGG_027,149
GGGCCCCGACGGTTACCCGG_028,14
ACTGGCTGCCAAGGTAGCAT_001,178
ACTGGCTGCCAAGGTAGCAT_002,171
ACTGGCTGCCAAGGTAGCAT_003,149
ACTGGCTGCCAAGGTAGCAT_004,29
ACTGGCTGCCAAGGTAGCAT_005,16
ACTGGCTGCCAAGGTAGCAT_006,172
ACTGGCTGCCAAGGTAGCAT_007,88
ACTGGCTGCCAAGGTAGCAT_008,164
ACTGGCTGCCAAGGTAGCAT_009,164
ACTGGCTGCCAAGGTAGCAT_010,158
ACTGGCTGCCAAGGTAGCAT_011,194
ACTGGCTGCCAAGGTAGCAT_012,97
ACTGGCTGCCAAGGTAGCAT_013,103
ACTGGCTGCCAAGGTAGCAT_014,14
ACTGGCTGCCAAGGTAGCAT_015,192
ACTGGCTGCCAAGGTAGCAT_016,79
ACTGGCTGCCAAGGTAGCAT_017,120
ACTGGCTGCCAAGGTAGCAT_018,43
ACTGGCTGCCAAGGTAGCAT_019,161
ACTGGCTGCCAAGGTAGCAT_020,141
ACTGGCTGCCAAGGTAGCAT_021,141
ACTGGCTGCCAAGGTAGCAT_022,146
ACTGGCTGCCAAGGTAGCAT_023,169
ACTGGCTGCCAAGGTAGCAT_024,134
ACTGGCTGCCAAGGTAGCAT_025,77
ACTGGCTGCCAAGGTAGCAT_026,49
ACTGGCTGCCAAGGTAGCAT_027,109
ACTGGCTGCCAAGGTAGCAT_028,109
ACTGGCTGCCAAGGTAGCAT_029,181
ACTGGCTGCCAAGGTAGCAT_030,55
ACTGGCTGCCAAGGTAGCAT_031,63
ACTGGCTGCCAAGGTAGCAT_032,19
ACTGGCTGCCAAGGTAGCAT_033,19
ACTGGCTGCCAAGGTAGCAT_034,73
ACTGGCTGCCAAGGTAGCAT_035,137
ACTGGCTGCCAAGGTAGCAT_036,34
ACTGGCTGCCAAGGTAGCAT_037,170
ACTGGCTGCCAAGGTAGCAT_038,77
ATCCGTGTCCGTGTAAAGGG_001,77
ATCCGTGTCCGTGTAAAGGG_002,165
ATCCGTGTCCGTGTAAAGGG_003,101
ATCCGTGTCCGTGTAAAGGG_004,157
ATCCGTGTCCGTGTAAAGGG_005,148
ATCCGTGTCCGTGTAAAGGG_006,199
ATCCGTGTCCGTGTAAAGGG_007,114
TGATCACTGATGCTTTGCGG_001,28
TGATCACTGATGCTTTGCGG_002,157
TGATCACTGATGCTTTGCGG_003,136
TGTCCGAGTCGATCACGACG_001,163
TGTCCGAGTCGATCACGACG_002,2
TGTCCGAGTCGATCACGACG_003,54
TGTCCGAGTCGATCACGACG_004,35
TGTCCGAGTCGATCACGACG_005,35
TGTCCGAGTCGATCACGACG_006,188
TGTCCGAGTCGATCACGACG_007,115
TGTCCGAGTCGATCACGACG_008,54
TGTCCGAGTCGATCACGACG_009,14
TGTCCGAGTCGATCACGACG_010,181
TGTCCGAGTCGATCACGACG_011,85
TGTCCGAGTCGATCACGACG_012,163
TGTCCGAGTCGATCACGACG_013,159
AGTTTACCTTCAATCAGACA_001,72
AGTTTACCTTCAATCAGACA_002,17
AGCCTTCCTGCAGGGAGCAG_001,16
AGCCTTCCTGCAGGGAGCAG_002,187
AGCCTTCCTGCAGGGAGCAG_003,92
AGCCTTCCTGCAGGGAGCAG_004,49
AGCCTTCCTGCAGGGAGCAG_005,6
AGCCTTCCTGCAGGGAGCAG_006,68
AGCCTTCCTGCAGGGAGCAG_007,56
AGCCTTCCTGCAGGGAGCAG_008,40
AGCCTTCCTGCAGGGAGCAG_009,166
AGCCTTCCTGCAGGGAGCAG_010,198
AGCCTTCCTGCAGGGAGCAG_011,22
AGCCTTCCTGCAGGGAGCAG_012,3
AGCCTTCCTGCAGGGAGCAG_013,182
AGCCTTCCTGCAGGGAGCAG_014,122
GAAGATACTCCCAAGCGTCG_001,18
GAAGATACTCCCAAGCGTCG_002,188
GAAGATACTCCCAAGCGTCG_003,171
GAAGATACTCCCAAGCGTCG_004,102
GAAGATACTCCCAAGCGTCG_005,162
GAAGATACTCCCAAGCGTCG_006,103
GAAGATACTCCCAAGCGTCG_007,187
GAAGATACTCCCAAGCGTCG_008,139
GAAGATACTCCCAAGCGTCG_009,52
GAAGATACTCCCAAGCGTCG_010,108
GAAGATACTCCCAAGCGTCG_011,90
GAAGATACTCCCAAGCGTCG_012,77
GAAGATACTCCCAAGCGTCG_013,86
TTGCAAAGGTCACGAAACTG_001,162
TTGCAAAGGTCACGAAACTG_002,159
TTGCAAAGGTCACGAAACTG_003,147
TTGCAAAGGTCACGAAACTG_004,112
TTGCAAAGGTCACGAAACTG_005,137
TTGCAAAGGTCACGAAACTG_006,115
TTGCAAAGGTCACGAAACTG_007,17
CGACGACACCGTCAGCCGAG_001,147
CGACGACACCGTCAGCCGAG_002,15
CGACGACACCGTCAGCCGAG_003,21
CGACGACACCGTCAGCCGAG_004,100
CGACGACACCGTCAGCCGAG_005,74
CGACGACACCGTCAGCCGAG_006,90
CGACGACACCGTCAGCCGAG_007,32
CGACGACACCGTCAGCCGAG_008,155
CGACGACACCGTCAGCCGAG_009,50
CGACGACACCGTCAGCCGAG_010,153
CGACGACACCGTCAGCCGAG_011,148
TACAAACGTCTGGAGAAACG_001,123
GATGGCACAGTTCTAACCTG_001,77
GATGGCACAGTTCTAACCTG_002,181
GATGGCACAGTTCTAACCTG_003,19
GATGGCACAGTTCTAACCTG_004,17
GATGGCACAGTTCTAACCTG_005,99
GATGGCACAGTTCTAACCTG_006,192
GATGGCACAGTTCTAACCTG_007,168
GATGGCACAGTTCTAACCTG_008,177
GATGGCACAGTTCTAACCTG_009,162
GTTGCAGCCATAGAAGGACG_001,133
GGGACCCGAGACTGGCACAG_001,179
GGGACCCGAGACTGGCACAG_002,117
GGGACCCGAGACTGGCACAG_003,70
GGGACCCGAGACTGGCACAG_004,50
GGGACCCGAGACTGGCACAG_005,60
GGGACCCGAGACTGGCACAG_006,41
GGGACCCGAGACTGGCACAG_007,15
GGGACCCGAGACTGGCACAG_008,192
GGGACCCGAGACTGGCACAG_009,150
GGGACCCGAGACTGGCACAG_010,29
GGGACCCGAGACTGGCACAG_011,115
GGGACCCGAGACTGGCACAG_012,44
GGGACCCGAGACTGGCACAG_013,157
GGGACCCGAGACTGGCACAG_014,8
GGGACCCGAGACTGGCACAG_015,186
GGGACCCGAGACTGGCACAG_016,14
GGGACCCGAGACTGGCACAG_017,14
GGGACCCGAGACTGGCACAG_018,198
GGGACCCGAGACTGGCACAG_019,170
GGGACCCGAGACTGGCACAG_020,180
GGGACCCGAGACTGGCACAG_021,68
GGGACCCGAGACTGGCACAG_022,173
GGGACCCGAGACTGGCACAG_023,173
GGGACCCGAGACTGGCACAG_024,98
GGGACCCGAGACTGGCACAG_025,40
GGGACCCGAGACTGGCACAG_026,152
GGGACCCGAGACTGGCACAG_027,16
GGGACCCGAGACTGGCACAG_028,145
GGGACCCGAGACTGGCACAG_029,77
GGGACCCGAGACTGGCACAG_030,164
GGGACCCGAGACTGGCACAG_031,164
GGGACCCGAGACTGGCACAG_032,155
GGGACCCGAGACTGGCACAG_033,50
GGGACCCGAGACTGGCACAG_034,152
GGGACCCGAGACTGGCACAG_035,132
GGGACCCGAGACTGGCACAG_036,145
GGGACCCGAGACTGGCACAG_037,1
GGGACCCGAGACTGGCACAG_038,146
GGGACCCGAGACTGGCACAG_039,142
GGGACCCGAGACTGGCACAG_040,148
GGGACCCGAGACTGGCACAG_041,19
GGGACCCGAGACTGGCACAG_042,119
GGGACCCGAGACTGGCACAG_043,184
GGGACCCGAGACTGGCACAG_044,21
GGGACCCGAGACTGGCACAG_045,199
GGGACCCGAGACTGGCACAG_046,39
GGGACCCGAGACTGGCACAG_047,82
GGGACCCGAGACTGGCACAG_048,92
GGGACCCGAGACTGGCACAG_049,108
GTGTCGTTCCACAACCTGGG_001,58
GTGTCGTTCCACAACCTGGG_002,176
GTGTCGTTCCACAACCTGGG_003,58
GTGTCGTTCCACAACCTGGG_004,190
GTGTCGTTCCACAACCTGGG_005,176
GTGTCGTTCCACAACCTGGG_006,123
GTGTCGTTCCACAACCTGGG_007,182
GTGTCGTTCCACAACCTGGG_008,148
GTGTCGTTCCACAACCTGGG_009,15
GTGTCGTTCCACAACCTGGG_010,16
GTGTCGTTCCACAACCTGGG_011,29
GTGTCGTTCCACAACCTGGG_012,167
GTGTCGTTCCACAACCTGGG_013,78
GTGTCGTTCCACAACCTGGG_014,49
GTGTCGTTCCACAACCTGGG_015,126
GCAGGAAGACCAGCTCTCCG_001,106
GCAGGAAGACCAGCTCTCCG_002,11
GCAGGAAGACCAGCTCTCCG_003,182
GCAGGAAGACCAGCTCTCCG_004,15
GCAGGAAGACCAGCTCTCCG_005,171
GCAGGAAGACCAGCTCTCCG_006,102
GCAGGAAGACCAGCTCTCCG_007,13
GCAGGAAGACCAGCTCTCCG_008,176
GCAGGAAGACCAGCTCTCCG_009,76
GCAGGAAGACCAGCTCTCCG_010,140
GCAGGAAGACCAGCTCTCCG_011,16
GCAGGAAGACCAGCTCTCCG_012,62
GCAGGAAGACCAGCTCTCCG_013,138
GCAGGAAGACCAGCTCTCCG_014,144
GCAGGAAGACCAGCTCTCCG_015,58
GCAGGAAGACCAGCTCTCCG_016,153
GGAATCCTACTCAGAATGTG_001,62
GGAATCCTACTCAGAATGTG_002,17
GGAATCCTACTCAGAATGTG_003,48
GGAATCCTACTCAGAATGTG_004,191
GGAATCCTACTCAGAATGTG_005,58
GGAATCCTACTCAGAATGTG_006,116
GGAATCCTACTCAGAATGTG_007,141
GGAATCCTACTCAGAATGTG_008,48
GGAATCCTACTCAGAATGTG_009,105
GGAATCCTACTCAGAATGTG_010,5
GGAATCCTACTCAGAATGTG_011,184
GGAATCCTACTCAGAATGTG_012,19
GGAATCCTACTCAGAATGTG_013,145
GGAATCCTACTCAGAATGTG_014,87
GGAATCCTACTCAGAATGTG_015,150
GGAATCCTACTCAGAATGTG_016,40
GGAATCCTACTCAGAATGTG_017,179
GGAATCCTACTCAGAATGTG_018,75
GGAATCCTACTCAGAATGTG_019,6
GGAATCCTACTCAGAATGTG_020,196
ATAATGAAGCTCATTGCTGG_001,27
ATAATGAAGCTCATTGCTGG_002,66
ATAATGAAGCTCATTGCTGG_003,28
ATAATGAAGCTCATTGCTGG_004,171
ATAATGAAGCTCATTGCTGG_005,17
ATAATGAAGCTCATTGCTGG_006,5
TCCTAGGAAAAACCCTTCTG_001,189
TCCTAGGAAAAACCCTTCTG_002,96
TCCTAGGAAAAACCCTTCTG_003,96
TCCTAGGAAAAACCCTTCTG_004,27
TCCTAGGAAAAACCCTTCTG_005,188
TCCTAGGAAAAACCCTTCTG_006,94
TCCTAGGAAAAACCCTTCTG_007,23
TCCTAGGAAAAACCCTTCTG_008,38
TGGAGTGATGAAAGACATCA_001,94
TGGAGTGATGAAAGACATCA_002,7
TGGAGTGATGAAAGACATCA_003,187
TGGAGTGATGAAAGACATCA_004,187
TGGAGTGATGAAAGACATCA_005,15
TGGAGTGATGAAAGACATCA_006,169
TGGAGTGATGAAAGACATCA_007,158
TGGAGTGATGAAAGACATCA_008,114
TGGAGTGATGAAAGACATCA_009,37
TGGAGTGATGAAAGACATCA_010,106
TGGAGTGATGAAAGACATCA_011,168
TGGAGTGATGAAAGACATCA_012,188
TGGAGTGATGAAAGACATCA_013,168
TCGGCTACGGCGTGGAGAAG_001,198
TCGGCTACGGCGTGGAGAAG_002,82
TCGGCTACGGCGTGGAGAAG_003,49
TCGGCTACGGCGTGGAGAAG_004,39
TCGGCTACGGCGTGGAGAAG_005,29
TCGGCTACGGCGTGGAGAAG_006,181
TCGGCTACGGCGTGGAGAAG_007,68
TCGGCTACGGCGTGGAGAAG_008,103
TCGGCTACGGCGTGGAGAAG_009,82
TCGGCTACGGCGTGGAGAAG_010,101
TCGGCTACGGCGTGGAGAAG_011,136
TCGGCTACGGCGTGGAGAAG_012,130
TCGGCTACGGCGTGGAGAAG_013,54
TCGGCTACGGCGTGGAGAAG_014,181
TCGGCTACGGCGTGGAGAAG_015,75
TCGGCTACGGCGTGGAGAAG_016,91
TCGGCTACGGCGTGGAGAAG_017,184
TCGGCTACGGCGTGGAGAAG_018,105
TCGGCTACGGCGTGGAGAAG_019,4
TCGGCTACGGCGTGGAGAAG_020,124
TCGGCTACGGCGTGGAGAAG_021,121
TCGGCTACGGCGTGGAGAAG_022,124
CCCATGGTGATGACCAACCG_001,182
CCCATGGTGATGACCAACCG_002,81
CCCATGGTGATGACCAACCG_003,60
CCCATGGTGATGACCAACCG_004,112
CCCATGGTGATGACCAACCG_005,70
CCCATGGTGATGACCAACCG_006,38
CCCATGGTGATGACCAACCG_007,78
CAGGGCTTAATGGGACCTAG_001,169
CAGGGCTTAATGGGACCTAG_002,38
CAGGGCTTAATGGGACCTAG_003,78
CAGGGCTTAATGGGACCTAG_004,2
CAGGGCTTAATGGGACCTAG_005,175
CAGGGCTTAATGGGACCTAG_006,9
CAGGGCTTAATGGGACCTAG_007,84
CAGGGCTTAATGGGACCTAG_008,72
CAGGGCTTAATGGGACCTAG_009,2
CAGGGCTTAATGGGACCTAG_010,162
CAGGGCTTAATGGGACCTAG_011,120
CAGGGCTTAATGGGACCTAG_012,107
CAGGGCTTAATGGGACCTAG_013,48
CAGGGCTTAATGGGACCTAG_014,184
CAGGGCTTAATGGGACCTAG_015,70
CAGGGCTTAATGGGACCTAG_016,99
CAGGGCTTAATGGGACCTAG_017,186
CAGGGCTTAATGGGACCTAG_018,38
CAGGGCTTAATGGGACCTAG_019,49
CAGGGCTTAATGGGACCTAG_020,17
CAGGGCTTAATGGGACCTAG_021,11
CAGGGCTTAATGGGACCTAG_022,88
CAGGGCTTAATGGGACCTAG_023,10
CAGGGCTTAATGGGACCTAG_024,191
CAGGGCTTAATGGGACCTAG_025,183
CAGGGCTTAATGGGACCTAG_026,115
CAGGGCTTAATGGGACCTAG_027,34
CAGGGCTTAATGGGACCTAG_028,15
CAGGGCTTAATGGGACCTAG_029,39
CAGGGCTTAATGGGACCTAG_030,195
CAGGGCTTAATGGGACCTAG_031,198
ACACAGCAGTCGGGGCGACG_001,123
ACACAGCAGTCGGGGCGACG_002,183
ACACAGCAGTCGGGGCGACG_003,170
ACACAGCAGTCGGGGCGACG_004,188
ACACAGCAGTCGGGGCGACG_005,77
ACACAGCAGTCGGGGCGACG_006,56
ACACAGCAGTCGGGGCGACG_007,138
ACACAGCAGTCGGGGCGACG_008,127
ACACAGCAGTCGGGGCGACG_009,132
ACACAGCAGTCGGGGCGACG_010,33
ACACAGCAGTCGGGGCGACG_011,110
ACACAGCAGTCGGGGCGACG_012,161
ACACAGCAGTCGGGGCGACG_013,172
ACACAGCAGTCGGGGCGACG_014,55
ACACAGCAGTCGGGGCGACG_015,44
ACACAGCAGTCGGGGCGACG_016,53
ACACAGCAGTCGGGGCGACG_017,68
ACACAGCAGTCGGGGCGACG_018,61
ACACAGCAGTCGGGGCGACG_019,115
ACACAGCAGTCGGGGCGACG_020,117
ACACAGCAGTCGGGGCGACG_021,53
ACACAGCAGTCGGGGCGACG_022,157
ACACAGCAGTCGGGGCGACG_023,172
ACACAGCAGTCGGGGCGACG_024,188
ACACAGCAGTCGGGGCGACG_025,152
ACACAGCAGTCGGGGCGACG_026,91
ACACAGCAGTCGGGGCGACG_027,82
ACACAGCAGTCGGGGCGACG_028,127
CCCCGCGTTGGAAACCGGCG_001,142
CCCCGCGTTGGAAACCGGCG_002,101
CCCCGCGTTGGAAACCGGCG_003,32
CCCCGCGTTGGAAACCGGCG_004,28
CCCCGCGTTGGAAACCGGCG_005,37
CCCCGCGTTGGAAACCGGCG_006,29
CCCCGCGTTGGAAACCGGCG_007,172
CCCCGCGTTGGAAACCGGCG_008,182
CCCCGCGTTGGAAACCGGCG_009,149
CCCCGCGTTGGAAACCGGCG_010,115
CCCCGCGTTGGAAACCGGCG_011,168
CCCCGCGTTGGAAACCGGCG_012,62
CCCCGCGTTGGAAACCGGCG_013,94
CCCCGCGTTGGAAACCGGCG_014,120
CCCCGCGTTGGAAACCGGCG_015,46
CCCCGCGTTGGAAACCGGCG_016,160
CCCCGCGTTGGAAACCGGCG_017,190
ATAGGTATTGGTATGTACAA_001,80
ATAGGTATTGGTATGTACAA_002,6
ATAGGTATTGGTATGTACAA_003,175
ATAGGTATTGGTATGTACAA_004,70
ATAGGTATTGGTATGTACAA_005,181
CTGAAGCACGGAGATACTGG_001,43
CTGAAGCACGGAGATACTGG_002,29
CTGAAGCACGGAGATACTGG_003,174
CTGAAGCACGGAGATACTGG_004,127
CTGAAGCACGGAGATACTGG_005,49
CTGAAGCACGGAGATACTGG_006,127
CTGAAGCACGGAGATACTGG_007,8
CTGAAGCACGGAGATACTGG_008,52
CTGAAGCACGGAGATACTGG_009,42
CTGAAGCACGGAGATACTGG_010,49
CTGAAGCACGGAGATACTGG_011,82
CTGAAGCACGGAGATACTGG_012,48
CTGAAGCACGGAGATACTGG_013,102
CTGAAGCACGGAGATACTGG_014,52
CTGAAGCACGGAGATACTGG_015,198
GAGATGTAAGAACAGCACGG_001,190
GAGATGTAAGAACAGCACGG_002,58
GAGATGTAAGAACAGCACGG_003,26
GAGATGTAAGAACAGCACGG_004,181
GAGATGTAAGAACAGCACGG_005,49
GAGATGTAAGAACAGCACGG_006,46
GAGATGTAAGAACAGCACGG_007,68
GAGATGTAAGAACAGCACGG_008,9
GAGATGTAAGAACAGCACGG_009,56
GAGATGTAAGAACAGCACGG_010,147
GAGATGTAAGAACAGCACGG_011,4
TCTTCAGCTTCACTCCGCGG_001,17
TCTTCAGCTTCACTCCGCGG_002,57
TCTTCAGCTTCACTCCGCGG_003,84
TCTTCAGCTTCACTCCGCGG_004,17
TCTTCAGCTTCACTCCGCGG_005,70
TCTTCAGCTTCACTCCGCGG_006,2
CACAGTTATGATCACAGCAA_001,91
CACAGTTATGATCACAGCAA_002,49
CACAGTTATGATCACAGCAA_003,28
CACAGTTATGATCACAGCAA_004,184
CACAGTTATGATCACAGCAA_005,5
CACAGTTATGATCACAGCAA_006,48
CAGCGGTCAGTGAATATCCG_001,196
CAGCGGTCAGTGAATATCCG_002,77
CAGCGGTCAGTGAATATCCG_003,63
AGCAGGTACGCTGCACCTCG_001,30
AGCAGGTACGCTGCACCTCG_002,160
AGCAGGTACGCTGCACCTCG_003,172
AGCAGGTACGCTGCACCTCG_004,97
AGCAGGTACGCTGCACCTCG_005,121
AGCAGGTACGCTGCACCTCG_006,102
AGCAGGTACGCTGCACCTCG_007,115
AGCAGGTACGCTGCACCTCG_008,80
AGCAGGTACGCTGCACCTCG_009,196
AGCAGGTACGCTGCACCTCG_010,165
CACAGTGTGACTTACCCGCT_001,61
CCTTACCAGGACGTTCCAGG_001,185
CCTTACCAGGACGTTCCAGG_002,19
CCTTACCAGGACGTTCCAGG_003,7
CCTTACCAGGACGTTCCAGG_004,12
CCTTACCAGGACGTTCCAGG_005,88
CCTTACCAGGACGTTCCAGG_006,17
CCTTACCAGGACGTTCCAGG_007,70
CCTTACCAGGACGTTCCAGG_008,121
CCTTACCAGGACGTTCCAGG_009,8
CCTTACCAGGACGTTCCAGG_010,97
CCTTACCAGGACGTTCCAGG_011,181
CCTTACCAGGACGTTCCAGG_012,108
CCTTACCAGGACGTTCCAGG_013,50
CCTTACCAGGACGTTCCAGG_014,157
GTTCGCTTTCTGGTTATGGG_001,151
GTTCGCTTTCTGGTTATGGG_002,29
GTTCGCTTTCTGGTTATGGG_003,138
GTTCGCTTTCTGGTTATGGG_004,175
GTTCGCTTTCTGGTTATGGG_005,60
GTTCGCTTTCTGGTTATGGG_006,75
GTTCGCTTTCTGGTTATGGG_007,87
GTTCGCTTTCTGGTTATGGG_008,68
ATCTTCTTATAGAGGTAGCG_001,158
ATCTTCTTATAGAGGTAGCG_002,114
ATCTTCTTATAGAGGTAGCG_003,58
ATCTTCTTATAGAGGTAGCG_004,13
ATCTTCTTATAGAGGTAGCG_005,101
ATCTTCTTATAGAGGTAGCG_006,138
ATCTTCTTATAGAGGTAGCG_007,138
CTGGCCACAGGAACTCATGT_001,113
CTGGCCACAGGAACTCATGT_002,163
CTGGCCACAGGAACTCATGT_003,39
CTGGCCACAGGAACTCATGT_004,196
CTGGCCACAGGAACTCATGT_005,144
CTGGCCACAGGAACTCATGT_006,102
CTGGCCACAGGAACTCATGT_007,118
CTGGCCACAGGAACTCATGT_008,97
CTGGCCACAGGAACTCATGT_009,129
CTGGCCACAGGAACTCATGT_010,98
CTGGCCACAGGAACTCATGT_011,31
CTGGCCACAGGAACTCATGT_012,120
CTGGCCACAGGAACTCATGT_013,47
CTGGCCACAGGAACTCATGT_014,15
TCCGGGCTCGGAGCACACTG_001,137
TCCGGGCTCGGAGCACACTG_002,165
TCCGGGCTCGGAGCACACTG_003,28
TCCGGGCTCGGAGCACACTG_004,169
TCCGGGCTCGGAGCACACTG_005,0
TCCGGGCTCGGAGCACACTG_006,160
TCCGGGCTCGGAGCACACTG_007,64
TCCGGGCTCGGAGCACACTG_008,33
TCCGGGCTCGGAGCACACTG_009,5
TCCGGGCTCGGAGCACACTG_010,23
TCCGGGCTCGGAGCACACTG_011,174
TCCGGGCTCGGAGCACACTG_012,41
TCCGGGCTCGGAGCACACTG_013,44
TCCGGGCTCGGAGCACACTG_014,23
TCCGGGCTCGGAGCACACTG_015,23
TCCGGGCTCGGAGCACACTG_016,76
TCCGGGCTCGGAGCACACTG_017,43
TCCGGGCTCGGAGCACACTG_018,29
TCCGGGCTCGGAGCACACTG_019,63
TCCGGGCTCGGAGCACACTG_020,115
TCCGGGCTCGGAGCACACTG_021,199
TCCGGGCTCGGAGCACACTG_022,60
TCCGGGCTCGGAGCACACTG_023,141
TCCGGGCTCGGAGCACACTG_024,62
TCCGGGCTCGGAGCACACTG_025,76
TCCGGGCTCGGAGCACACTG_026,28
TCCGGGCTCGGAGCACACTG_027,147
TCCGGGCTCGGAGCACACTG_028,164
TCCGGGCTCGGAGCACACTG_029,19
TCCGGGCTCGGAGCACACTG_030,162
TCCGGGCTCGGAGCACACTG_031,169
TCCGGGCTCGGAGCACACTG_032,88
TCCGGGCTCGGAGCACACTG_033,117
TCCGGGCTCGGAGCACACTG_034,57
TCCGGGCTCGGAGCACACTG_035,78
TCCGGGCTCGGAGCACACTG_036,173
AGCGACGCCGCGAGTCCGAG_001,67
AGCGACGCCGCGAGTCCGAG_002,148
AGCCCAGCATCAGGTCAATG_001,191
AGCCCAGCATCAGGTCAATG_002,184
AGCCCAGCATCAGGTCAATG_003,178
AGCCCAGCATCAGGTCAATG_004,187
GAAGAGGCTAGAATGTTTAG_001,168
GAAGAGGCTAGAATGTTTAG_002,157
GAAGAGGCTAGAATGTTTAG_003,151
GAAGAGGCTAGAATGTTTAG_004,11
GAAGAGGCTAGAATGTTTAG_005,80
GAAGAGGCTAGAATGTTTAG_006,169
GAAGAGGCTAGAATGTTTAG_007,105
GAAGAGGCTAGAATGTTTAG_008,137
GAAGAGGCTAGAATGTTTAG_009,9
GAAGAGGCTAGAATGTTTAG_010,50
GAAGAGGCTAGAATGTTTAG_011,5
GAAGAGGCTAGAATGTTTAG_012,66
GAGTTCACCCACGGTCATGT_001,150
GAGTTCACCCACGGTCATGT_002,43
GAGTTCACCCACGGTCATGT_003,26
GAGTTCACCCACGGTCATGT_004,7
GAGTTCACCCACGGTCATGT_005,149
GAGTTCACCCACGGTCATGT_006,169
GAGTTCACCCACGGTCATGT_007,185
GAGTTCACCCACGGTCATGT_008,113
GAGTTCACCCACGGTCATGT_009,177
GAGTTCACCCACGGTCATGT_010,150
GAGTTCACCCACGGTCATGT_011,76
GAGTTCACCCACGGTCATGT_012,66
GAGTTCACCCACGGTCATGT_013,105
GAGTTCACCCACGGTCATGT_014,1
GAGTTCACCCACGGTCATGT_015,110
GAGTTCACCCACGGTCATGT_016,118
GAGTTCACCCACGGTCATGT_017,123
GAGTTCACCCACGGTCATGT_018,0
GAGTTCACCCACGGTCATGT_019,43
ATACTCTCACAGGTACATAA_001,198
ATACTCTCACAGGTACATAA_002,9
ATACTCTCACAGGTACATAA_003,27
ATACTCTCACAGGTACATAA_004,122
ATACTCTCACAGGTACATAA_005,7
ATACTCTCACAGGTACATAA_006,24
ATACTCTCACAGGTACATAA_007,149
ATACTCTCACAGGTACATAA_008,84
ATACTCTCACAGGTACATAA_009,174
ATACTCTCACAGGTACATAA_010,76
ATACTCTCACAGGTACATAA_011,74
ATACTCTCACAGGTACATAA_012,193
ATACTCTCACAGGTACATAA_013,120
ATACTCTCACAGGTACATAA_014,81
ATACTCTCACAGGTACATAA_015,15
ATACTCTCACAGGTACATAA_016,191
ATACTCTCACAGGTACATAA_017,140
ATACTCTCACAGGTACATAA_018,82
ATACTCTCACAGGTACATAA_019,82
ATACTCTCACAGGTACATAA_020,172
ATACTCTCACAGGTACATAA_021,144
ATACTCTCACAGGTACATAA_022,152
ATACTCTCACAGGTACATAA_023,22
TCCAACCCTGCATGACCAAG_001,198
TCCAACCCTGCATGACCAAG_002,199
TCCAACCCTGCATGACCAAG_003,158
TCCAACCCTGCATGACCAAG_004,188
TCCAACCCTGCATGACCAAG_005,19
TCCAACCCTGCATGACCAAG_006,94
GACTGTAAGAGAATTCATGT_001,141
GACTGTAAGAGAATTCATGT_002,118
GACTGTAAGAGAATTCATGT_003,193
GACTGTAAGAGAATTCATGT_004,166
GTGATTGTTCCCGGGAACGG_001,45
GTGATTGTTCCCGGGAACGG_002,69
GTGATTGTTCCCGGGAACGG_003,78
GTGATTGTTCCCGGGAACGG_004,62
GTGATTGTTCCCGGGAACGG_005,116
GTGATTGTTCCCGGGAACGG_006,78
GTGATTGTTCCCGGGAACGG_007,174
GTGATTGTTCCCGGGAACGG_008,106
GTGATTGTTCCCGGGAACGG_009,142
GCATTGATGGGGCGGCACCG_001,193
GCATTGATGGGGCGGCACCG_002,176
GCATTGATGGGGCGGCACCG_003,34
GCATTGATGGGGCGGCACCG_004,144
GCATTGATGGGGCGGCACCG_005,170
GCATTGATGGGGCGGCACCG_006,24
GCATTGATGGGGCGGCACCG_007,99
GCATTGATGGGGCGGCACCG_008,17
GCATTGATGGGGCGGCACCG_009,51
GCATTGATGGGGCGGCACCG_010,3
GCATTGATGGGGCGGCACCG_011,118
GCATTGATGGGGCGGCACCG_012,147
GCATTGATGGGGCGGCACCG_013,15
ATAGACGAGACATAAGACAT_001,58
ATAGACGAGACATAAGACAT_002,188
ATAGACGAGACATAAGACAT_003,4
ATAGACGAGACATAAGACAT_004,151
ATAGACGAGACATAAGACAT_005,97
ATAGACGAGACATAAGACAT_006,13
ATAGACGAGACATAAGACAT_007,33
ATAGACGAGACATAAGACAT_008,83
ATAGACGAGACATAAGACAT_009,140
ATAGACGAGACATAAGACAT_010,127
ATAGACGAGACATAAGACAT_011,39
ATAGACGAGACATAAGACAT_012,19
ATAGACGAGACATAAGACAT_013,78
ATAGACGAGACATAAGACAT_014,178
ATAGACGAGACATAAGACAT_015,142
GGAAGACCCGGCGGGTACCC_001,9
AGACCGGGACCGTCCAGAGT_001,107
AGACCGGGACCGTCCAGAGT_002,134
AGACCGGGACCGTCCAGAGT_003,51
AGACCGGGACCGTCCAGAGT_004,15
AGACCGGGACCGTCCAGAGT_005,85
AGACCGGGACCGTCCAGAGT_006,162
AGACCGGGACCGTCCAGAGT_007,168
AGACCGGGACCGTCCAGAGT_008,165
GAAGTTCCATATTACAACAG_001,197
TGTGAAAGCCCATTTGTCCG_001,60
TGTGAAAGCCCATTTGTCCG_002,62
TGTGAAAGCCCATTTGTCCG_003,166
TGTGAAAGCCCATTTGTCCG_004,148
TGTGAAAGCCCATTTGTCCG_005,158
TGTGAAAGCCCATTTGTCCG_006,24
TGTGAAAGCCCATTTGTCCG_007,188
TGTGAAAGCCCATTTGTCCG_008,172
TGTGAAAGCCCATTTGTCCG_009,178
TGTGAAAGCCCATTTGTCCG_010,161
TGTGAAAGCCCATTTGTCCG_011,52
TGTGAAAGCCCATTTGTCCG_012,121
GCTGGAGAGGATGTGCTCGA_001,144
GCTGGAGAGGATGTGCTCGA_002,53
GCTGGAGAGGATGTGCTCGA_003,17
GCTGGAGAGGATGTGCTCGA_004,145
GCTGGAGAGGATGTGCTCGA_005,50
GCTGGAGAGGATGTGCTCGA_006,76
GCTGGAGAGGATGTGCTCGA_007,24
GCTGGAGAGGATGTGCTCGA_008,29
GCTGGAGAGGATGTGCTCGA_009,102
GCTGGAGAGGATGTGCTCGA_010,176
GCTGGAGAGGATGTGCTCGA_011,106
GCTGGAGAGGATGTGCTCGA_012,39
GCTGGAGAGGATGTGCTCGA_013,147
GCTGGAGAGGATGTGCTCGA_014,180
GCTGGAGAGGATGTGCTCGA_015,192
GTTCCAGAAGGTTAAAAGCG_001,178
GTTCCAGAAGGTTAAAAGCG_002,123
TGGTGACCACGACCGCCTCG_001,109
TGGTGACCACGACCGCCTCG_002,169
TGGTGACCACGACCGCCTCG_003,98
TGGTGACCACGACCGCCTCG_004,148
TGGTGACCACGACCGCCTCG_005,144
TGGTGACCACGACCGCCTCG_006,93
TGGTGACCACGACCGCCTCG_007,104
TGGTGACCACGACCGCCTCG_008,181
TGGTGACCACGACCGCCTCG_009,1
TGGTGACCACGACCGCCTCG_010,190
TGGTGACCACGACCGCCTCG_011,61
TGGTGACCACGACCGCCTCG_012,13
TGGTGACCACGACCGCCTCG_013,113
TGGTGACCACGACCGCCTCG_014,150
TGGTGACCACGACCGCCTCG_015,158
TGGTGACCACGACCGCCTCG_016,80
TGGTGACCACGACCGCCTCG_017,104
TGGTGACCACGACCGCCTCG_018,188
TGGTGACCACGACCGCCTCG_019,109
TGGTGACCACGACCGCCTCG_020,176
TGGTGACCACGACCGCCTCG_021,30
TGGTGACCACGACCGCCTCG_022,146
TGGTGACCACGACCGCCTCG_023,190
TGGTGACCACGACCGCCTCG_024,146
TGGTGACCACGACCGCCTCG_025,68
TGGTGACCACGACCGCCTCG_026,35
TGGTGACCACGACCGCCTCG_027,91
TGGTGACCACGACCGCCTCG_028,152
TGGTGACCACGACCGCCTCG_029,199
TGGTGACCACGACCGCCTCG_030,105
TGGTGACCACGACCGCCTCG_031,3
TGGTGACCACGACCGCCTCG_032,124
TGGTGACCACGACCGCCTCG_033,2
AAAGATGACAAATCTGATCG_001,77
GAAGTTCAGCATCTTGATCG_001,94
GAAGTTCAGCATCTTGATCG_002,166
GAAGTTCAGCATCTTGATCG_003,152
GAGTCCAGATCTGTTCATGT_001,191
GAGTCCAGATCTGTTCATGT_002,41
GAGTCCAGATCTGTTCATGT_003,16
TCCCAAATATGAACAATGCA_001,169
TCCCAAATATGAACAATGCA_002,58
TCCCAAATATGAACAATGCA_003,188
TCCCAAATATGAACAATGCA_004,41
TCCCAAATATGAACAATGCA_005,190
GTAAGCCGCTTCAAAACGGG_001,41
GTAAGCCGCTTCAAAACGGG_002,11
GTAAGCCGCTTCAAAACGGG_003,189
GTAAGCCGCTTCAAAACGGG_004,128
GTAAGCCGCTTCAAAACGGG_005,173
GTAAGCCGCTTCAAAACGGG_006,112
GTAAGCCGCTTCAAAACGGG_007,2
GTAAGCCGCTTCAAAACGGG_008,13
ACGCTACCCCATAGTCGCGG_001,19
ACGCTACCCCATAGTCGCGG_002,76
ACGCTACCCCATAGTCGCGG_003,8
AGCCCCACCCAAAATCCTGG_001,84
AGCCCCACCCAAAATCCTGG_002,106
AGCCCCACCCAAAATCCTGG_003,168
AGCCCCACCCAAAATCCTGG_004,68
AGCCCCACCCAAAATCCTGG_005,52
AGCCCCACCCAAAATCCTGG_006,184
AGCCCCACCCAAAATCCTGG_007,55
AGCCCCACCCAAAATCCTGG_008,166
AGCCCCACCCAAAATCCTGG_009,72
AGCCCCACCCAAAATCCTGG_010,166
AGCCCCACCCAAAATCCTGG_011,166
AGCCCCACCCAAAATCCTGG_012,113
AGCCCCACCCAAAATCCTGG_013,77
AGCCCCACCCAAAATCCTGG_014,170
AGCCCCACCCAAAATCCTGG_015,92
AGCCCCACCCAAAATCCTGG_016,139
AGCCCCACCCAAAATCCTGG_017,58
AGCCCCACCCAAAATCCTGG_018,50
AGCCCCACCCAAAATCCTGG_019,167
AGCCCCACCCAAAATCCTGG_020,153
AGCCCCACCCAAAATCCTGG_021,126
AGCCCCACCCAAAATCCTGG_022,184
AGCCCCACCCAAAATCCTGG_023,188
GAGTTATTAGGCACAACTTG_001,118
GAGTTATTAGGCACAACTTG_002,166
GAGTTATTAGGCACAACTTG_003,168
CGTACCCCTCGTGTACACGC_001,176
CGTACCCCTCGTGTACACGC_002,72
TCAAAATATTTACATCGACG_001,48
TCAAAATATTTACATCGACG_002,30
ACAGGAAGAATACACAACCT_001,119
ACAGGAAGAATACACAACCT_002,19
ACAGGAAGAATACACAACCT_003,59
ACAGGAAGAATACACAACCT_004,54
ACAGGAAGAATACACAACCT_005,122
ACAGGAAGAATACACAACCT_006,52
ACAGGAAGAATACACAACCT_007,27
ACAGGAAGAATACACAACCT_008,159
ACAGGAAGAATACACAACCT_009,177
ACAGGAAGAATACACAACCT_010,60
CCTTGTCAATGAAGCCATCA_001,129
CCTTGTCAATGAAGCCATCA_002,8
CCTTGTCAATGAAGCCATCA_003,42
CCTTGTCAATGAAGCCATCA_004,42
CCTTGTCAATGAAGCCATCA_005,32
CCTTGTCAATGAAGCCATCA_006,16
CCTTGTCAATGAAGCCATCA_007,151
CCTTGTCAATGAAGCCATCA_008,29
CCTTGTCAATGAAGCCATCA_009,180
AAGGTTTGAACCACTGCCAA_001,102
AAGGTTTGAACCACTGCCAA_002,148
AAGGTTTGAACCACTGCCAA_003,189
AAGGTTTGAACCACTGCCAA_004,119
AAGGTTTGAACCACTGCCAA_005,116
AAGGTTTGAACCACTGCCAA_006,108
AAGGTTTGAACCACTGCCAA_007,127
AAGGTTTGAACCACTGCCAA_008,149
AAGGTTTGAACCACTGCCAA_009,108
AAGGTTTGAACCACTGCCAA_010,36
AAGGTTTGAACCACTGCCAA_011,97
AAGGTTTGAACCACTGCCAA_012,50
AAGGTTTGAACCACTGCCAA_013,162
AAGGTTTGAACCACTGCCAA_014,55
AAGGTTTGAACCACTGCCAA_015,161
AAGGTTTGAACCACTGCCAA_016,179
CTGGACATTGCGTTGCATGT_001,182
CTGGACATTGCGTTGCATGT_002,161
CTGGACATTGCGTTGCATGT_003,125
CTGGACATTGCGTTGCATGT_004,147
CTGGACATTGCGTTGCATGT_005,149
CTGGACATTGCGTTGCATGT_006,160
CTGGACATTGCGTTGCATGT_007,105
CTGGACATTGCGTTGCATGT_008,16
CTGGACATTGCGTTGCATGT_009,23
CTGGACATTGCGTTGCATGT_010,33
CTGGACATTGCGTTGCATGT_011,66
CTGGACATTGCGTTGCATGT_012,180
CTGGACATTGCGTTGCATGT_013,131
CTGGACATTGCGTTGCATGT_014,49
GTTCCAAAAACCCTCACACC_001,55
GTTCCAAAAACCCTCACACC_002,30
GTTCCAAAAACCCTCACACC_003,85
GTTCCAAAAACCCTCACACC_004,184
GTTCCAAAAACCCTCACACC_005,50
GTTCCAAAAACCCTCACACC_006,60
GTTCCAAAAACCCTCACACC_007,105
GTTCCAAAAACCCTCACACC_008,63
GTTCCAAAAACCCTCACACC_009,137
GTTCCAAAAACCCTCACACC_010,19
GTTCCAAAAACCCTCACACC_011,19
GTTCCAAAAACCCTCACACC_012,168
AGCCCCAACAAGAAGCACGT_001,80
AGCCCCAACAAGAAGCACGT_002,124
AGCCCCAACAAGAAGCACGT_003,94
AGCCCCAACAAGAAGCACGT_004,110
AGCCCCAACAAGAAGCACGT_005,76
AGCCCCAACAAGAAGCACGT_006,77
AGCCCCAACAAGAAGCACGT_007,50
AGCCCCAACAAGAAGCACGT_008,123
AGCCCCAACAAGAAGCACGT_009,73
AGCCCCAACAAGAAGCACGT_010,165
AGCCCCAACAAGAAGCACGT_011,9
AGCCCCAACAAGAAGCACGT_012,158
AGCCCCAACAAGAAGCACGT_013,41
AGCCCCAACAAGAAGCACGT_014,76
AGCCCCAACAAGAAGCACGT_015,16
AGCCCCAACAAGAAGCACGT_016,5
AGCCCCAACAAGAAGCACGT_017,149
AGCCCCAACAAGAAGCACGT_018,31
AGCCCCAACAAGAAGCACGT_019,101
AGCCCCAACAAGAAGCACGT_020,26
AGCCCCAACAAGAAGCACGT_021,75
AGCCCCAACAAGAAGCACGT_022,150
AGCCCCAACAAGAAGCACGT_023,29
AGCCCCAACAAGAAGCACGT_024,58
AGCCCCAACAAGAAGCACGT_025,105
AGCCCCAACAAGAAGCACGT_026,199
AGCCCCAACAAGAAGCACGT_027,188
AGCCCCAACAAGAAGCACGT_028,34
AGCCCCAACAAGAAGCACGT_029,161
AGCCCCAACAAGAAGCACGT_030,81
AGCCCCAACAAGAAGCACGT_031,181
AGCCCCAACAAGAAGCACGT_032,157
AGCCCCAACAAGAAGCACGT_033,120
AGCCCCAACAAGAAGCACGT_034,175
AGCCCCAACAAGAAGCACGT_035,115
AGCCCCAACAAGAAGCACGT_036,1
AGCCCCAACAAGAAGCACGT_037,77
AGCCCCAACAAGAAGCACGT_038,88
AGCCCCAACAAGAAGCACGT_039,119
AGCCCCAACAAGAAGCACGT_040,180
AGCCCCAACAAGAAGCACGT_041,68
AGCCCCAACAAGAAGCACGT_042,166
AGCCCCAACAAGAAGCACGT_043,166
TACTTCGGCACTATCGGCAT_001,17
TACTTCGGCACTATCGGCAT_002,127
TACTTCGGCACTATCGGCAT_003,17
TACTTCGGCACTATCGGCAT_004,11
TACTTCGGCACTATCGGCAT_005,166
TACTTCGGCACTATCGGCAT_006,116
TACTTCGGCACTATCGGCAT_007,101
TTTGAATCATTTAACGTACC_001,134
ATTAGGAAAATACCACTCCA_001,32
ATTAGGAAAATACCACTCCA_002,135
ATTAGGAAAATACCACTCCA_003,101
ATTAGGAAAATACCACTCCA_004,77
ATTAGGAAAATACCACTCCA_005,82
ATTAGGAAAATACCACTCCA_006,17
ATTAGGAAAATACCACTCCA_007,185
ATTAGGAAAATACCACTCCA_008,175
ATTAGGAAAATACCACTCCA_009,95
ATTAGGAAAATACCACTCCA_010,194
ATTAGGAAAATACCACTCCA_011,169
GTGGGAAAAGATGAAAGTCT_001,29
GTGGGAAAAGATGAAAGTCT_002,149
GTGGGAAAAGATGAAAGTCT_003,127
GTGGGAAAAGATGAAAGTCT_004,115
GTGGGAAAAGATGAAAGTCT_005,20
GTGGGAAAAGATGAAAGTCT_006,59
GTGGGAAAAGATGAAAGTCT_007,14
GTGGGAAAAGATGAAAGTCT_008,175
GTGGGAAAAGATGAAAGTCT_009,162
GTGGGAAAAGATGAAAGTCT_010,19
GTGGGAAAAGATGAAAGTCT_011,127
GTGGGAAAAGATGAAAGTCT_012,27
GTGGGAAAAGATGAAAGTCT_013,121
GTGGGAAAAGATGAAAGTCT_014,106
GTGGGAAAAGATGAAAGTCT_015,101
GTGGGAAAAGATGAAAGTCT_016,63
TTTCCATGTTAAGTTTGCTG_001,105
TTTCCATGTTAAGTTTGCTG_002,107
TTTCCATGTTAAGTTTGCTG_003,127
TTTCCATGTTAAGTTTGCTG_004,166
TTTCCATGTTAAGTTTGCTG_005,41
TTTCCATGTTAAGTTTGCTG_006,169
TTTCCATGTTAAGTTTGCTG_007,132
TTTCCATGTTAAGTTTGCTG_008,81
TTTCCATGTTAAGTTTGCTG_009,121
TTTCCATGTTAAGTTTGCTG_010,133
TTTCCATGTTAAGTTTGCTG_011,165
TTTCCATGTTAAGTTTGCTG_012,179
ACTCCACCACTGGCTGACTG_001,11
ACTCCACCACTGGCTGACTG_002,188
ACTCCACCACTGGCTGACTG_003,86
ACTCCACCACTGGCTGACTG_004,199
ACTCCACCACTGGCTGACTG_005,187
ACTCCACCACTGGCTGACTG_006,60
ACTCCACCACTGGCTGACTG_007,185
ACTCCACCACTGGCTGACTG_008,171
ACTCCACCACTGGCTGACTG_009,161
ACTCCACCACTGGCTGACTG_010,101
ACTCCACCACTGGCTGACTG_011,191
ACTCCACCACTGGCTGACTG_012,143
ACTCCACCACTGGCTGACTG_013,143
ACTCCACCACTGGCTGACTG_014,199
ACTCCACCACTGGCTGACTG_015,110
ACTCCACCACTGGCTGACTG_016,172
TGCACAGGTTGGTACCGCAG_001,178
TGCACAGGTTGGTACCGCAG_002,151
TGCACAGGTTGGTACCGCAG_003,41
TGCACAGGTTGGTACCGCAG_004,168
GATACCCAGGTAGCGCTCTG_001,122
GATACCCAGGTAGCGCTCTG_002,153
GATACCCAGGTAGCGCTCTG_003,82
GATACCCAGGTAGCGCTCTG_004,160
GATACCCAGGTAGCGCTCTG_005,172
GATACCCAGGTAGCGCTCTG_006,38
GATACCCAGGTAGCGCTCTG_007,0
GATACCCAGGTAGCGCTCTG_008,20
GATACCCAGGTAGCGCTCTG_009,8
GATACCCAGGTAGCGCTCTG_010,148
GATACCCAGGTAGCGCTCTG_011,158
GATACCCAGGTAGCGCTCTG_012,98
GATACCCAGGTAGCGCTCTG_013,117
GATACCCAGGTAGCGCTCTG_014,94
GATACCCAGGTAGCGCTCTG_015,151
GATACCCAGGTAGCGCTCTG_016,193
GATACCCAGGTAGCGCTCTG_017,169
GATACCCAGGTAGCGCTCTG_018,94
GAGCCCCTGTACGAGCGCGT_001,61
GAGCCCCTGTACGAGCGCGT_002,32
GAGCCCCTGTACGAGCGCGT_003,196
GAGCCCCTGTACGAGCGCGT_004,182
GAGCCCCTGTACGAGCGCGT_005,176
GAGCCCCTGTACGAGCGCGT_006,178
GAGCCCCTGTACGAGCGCGT_007,36
GAGCCCCTGTACGAGCGCGT_008,126
GAGCCCCTGTACGAGCGCGT_009,154
GAGCCCCTGTACGAGCGCGT_010,154
GAGCCCCTGTACGAGCGCGT_011,140
GAGCCCCTGTACGAGCGCGT_012,184
GAGCCCCTGTACGAGCGCGT_013,20
GAGCCCCTGTACGAGCGCGT_014,40
GAGCCCCTGTACGAGCGCGT_015,28
GAGCCCCTGTACGAGCGCGT_016,134
GAGCCCCTGTACGAGCGCGT_017,49
GAGCCCCTGTACGAGCGCGT_018,102
GAGCCCCTGTACGAGCGCGT_019,172
GAGCCCCTGTACGAGCGCGT_020,48
GAGCCCCTGTACGAGCGCGT_021,50
GAGCCCCTGTACGAGCGCGT_022,159
GAGCCCCTGTACGAGCGCGT_023,188
GAGCCCCTGTACGAGCGCGT_024,175
GAGCCCCTGTACGAGCGCGT_025,106
GAGCCCCTGTACGAGCGCGT_026,133
GAGCCCCTGTACGAGCGCGT_027,139
GAGCCCCTGTACGAGCGCGT_028,17
GAGCCCCTGTACGAGCGCGT_029,140
GAGCCCCTGTACGAGCGCGT_030,17
GAGCCCCTGTACGAGCGCGT_031,145
GAGCCCCTGTACGAGCGCGT_032,77
GAGCCCCTGTACGAGCGCGT_033,115
GAGCCCCTGTACGAGCGCGT_034,105
GAGCCCCTGTACGAGCGCGT_035,34
GAGCCCCTGTACGAGCGCGT_036,142
GAGCCCCTGTACGAGCGCGT_037,63
GAGCCCCTGTACGAGCGCGT_038,2
GAGCCCCTGTACGAGCGCGT_039,69
GAGCCCCTGTACGAGCGCGT_040,50
GAGCCCCTGTACGAGCGCGT_041,39
AGGCTGACACATTAAAGGAG_001,170
AGGCTGACACATTAAAGGAG_002,52
AGGCTGACACATTAAAGGAG_003,144
AGGCTGACACATTAAAGGAG_004,103
AGGCTGACACATTAAAGGAG_005,159
AGGCTGACACATTAAAGGAG_006,145
AGGCTGACACATTAAAGGAG_007,107
AGGCTGACACATTAAAGGAG_008,58
AGGCTGACACATTAAAGGAG_009,30
AGGCTGACACATTAAAGGAG_010,68
AGGCTGACACATTAAAGGAG_011,102
AGGCTGACACATTAAAGGAG_012,180
AAGGCCAGAGGAAATACCGA_001,185
AAGGCCAGAGGAAATACCGA_002,55
AAGGCCAGAGGAAATACCGA_003,149
AAGGCCAGAGGAAATACCGA_004,145
GCTTTGTGAATCACGCCCCG_001,139
GCTTTGTGAATCACGCCCCG_002,58
GCTTTGTGAATCACGCCCCG_003,106
GCTTTGTGAATCACGCCCCG_004,82
GCTTTGTGAATCACGCCCCG_005,116
GCTTTGTGAATCACGCCCCG_006,185
GCTTTGTGAATCACGCCCCG_007,115
GCTTTGTGAATCACGCCCCG_008,184
GCTTTGTGAATCACGCCCCG_009,0
GCTTTGTGAATCACGCCCCG_010,62
CGATGATGTTGAGTGCACGA_001,11
CGATGATGTTGAGTGCACGA_002,142
CGATGATGTTGAGTGCACGA_003,33
CGATGATGTTGAGTGCACGA_004,139
CGATGATGTTGAGTGCACGA_005,48
CGATGATGTTGAGTGCACGA_006,145
CGATGATGTTGAGTGCACGA_007,45
CGATGATGTTGAGTGCACGA_008,61
CGATGATGTTGAGTGCACGA_009,157
CTTTCTGAGTCACTGATACG_001,196
CTTTCTGAGTCACTGATACG_002,85
CTTTCTGAGTCACTGATACG_003,40
CTTTCTGAGTCACTGATACG_004,188
CTTTCTGAGTCACTGATACG_005,113
TGTGTACCCTTCGATCGATG_001,60
TGTGTACCCTTCGATCGATG_002,191
TGTGTACCCTTCGATCGATG_003,74
TGTGTACCCTTCGATCGATG_004,60
AGTATGCCACTGCCTGAGCG_001,15
AGTATGCCACTGCCTGAGCG_002,182
AGTATGCCACTGCCTGAGCG_003,148
AGTATGCCACTGCCTGAGCG_004,187
AGTATGCCACTGCCTGAGCG_005,176
AGTATGCCACTGCCTGAGCG_006,127
AGTATGCCACTGCCTGAGCG_007,125
AGTATGCCACTGCCTGAGCG_008,47
AGTATGCCACTGCCTGAGCG_009,197
AGTATGCCACTGCCTGAGCG_010,113
AGTATGCCACTGCCTGAGCG_011,134
AGTATGCCACTGCCTGAGCG_012,76
AGTATGCCACTGCCTGAGCG_013,175
AGTATGCCACTGCCTGAGCG_014,154
AGTATGCCACTGCCTGAGCG_015,130
AGTATGCCACTGCCTGAGCG_016,8
AGTATGCCACTGCCTGAGCG_017,77
AGTATGCCACTGCCTGAGCG_018,149
AGTATGCCACTGCCTGAGCG_019,0
AGTATGCCACTGCCTGAGCG_020,170
AGTATGCCACTGCCTGAGCG_021,94
AGTATGCCACTGCCTGAGCG_022,83
AGTATGCCACTGCCTGAGCG_023,105
AGTATGCCACTGCCTGAGCG_024,177
AGTATGCCACTGCCTGAGCG_025,28
AGTATGCCACTGCCTGAGCG_026,65
ATGCATTTGTGCAAGTCCTG_001,52
ATGCATTTGTGCAAGTCCTG_002,41
ATGCATTTGTGCAAGTCCTG_003,197
ATGCATTTGTGCAAGTCCTG_004,41
ATGCATTTGTGCAAGTCCTG_005,58
ATGCATTTGTGCAAGTCCTG_006,49
ATGCATTTGTGCAAGTCCTG_007,45
ATGCATTTGTGCAAGTCCTG_008,130
ATGCATTTGTGCAAGTCCTG_009,4
GGAAGCTGTGACTATGCTGG_001,5
GGAAGCTGTGACTATGCTGG_002,150
GGAAGCTGTGACTATGCTGG_003,74
GGAAGCTGTGACTATGCTGG_004,125
GGAAGCTGTGACTATGCTGG_005,127
GGAAGCTGTGACTATGCTGG_006,131
GGAAGCTGTGACTATGCTGG_007,127
GGAAGCTGTGACTATGCTGG_008,168
GGAAGCTGTGACTATGCTGG_009,175
GGAAGCTGTGACTATGCTGG_010,50
TAAAAGAGTAGATGAGTGTG_001,155
TAAAAGAGTAGATGAGTGTG_002,82
TAAAAGAGTAGATGAGTGTG_003,48
TAAAAGAGTAGATGAGTGTG_004,6
CACACACCCCCATTCCGGCA_001,6
CACACACCCCCATTCCGGCA_002,191
CACACACCCCCATTCCGGCA_003,86
CACACACCCCCATTCCGGCA_004,156
CACACACCCCCATTCCGGCA_005,72
CACACACCCCCATTCCGGCA_006,167
CACACACCCCCATTCCGGCA_007,199
CACACACCCCCATTCCGGCA_008,150
GCTGAGAAACGACGCCCCAG_001,147
GCTGAGAAACGACGCCCCAG_002,44
GAATCGCCACCGACCAACTG_001,183
GAATCGCCACCGACCAACTG_002,72
GAATCGCCACCGACCAACTG_003,19
GAATCGCCACCGACCAACTG_004,9
GAATCGCCACCGACCAACTG_005,68
GAATCGCCACCGACCAACTG_006,107
GAATCGCCACCGACCAACTG_007,150
GAATCGCCACCGACCAACTG_008,4
GAATCGCCACCGACCAACTG_009,25
GAATCGCCACCGACCAACTG_010,98
GAATCGCCACCGACCAACTG_011,138
GAATCGCCACCGACCAACTG_012,29
GAATCGCCACCGACCAACTG_013,50
GAATCGCCACCGACCAACTG_014,120
GAATCGCCACCGACCAACTG_015,121
GAATCGCCACCGACCAACTG_016,19
GAATCGCCACCGACCAACTG_017,102
GAATCGCCACCGACCAACTG_018,125
GAATCGCCACCGACCAACTG_019,36
GAATCGCCACCGACCAACTG_020,187
GAATCGCCACCGACCAACTG_021,71
GGAAACCTATGTGCTTCGTG_001,125
CCAGAGATGGACGATTACGT_001,46
CCAGAGATGGACGATTACGT_002,148
CCAGAGATGGACGATTACGT_003,78
CCAGAGATGGACGATTACGT_004,62
CCAGAGATGGACGATTACGT_005,105
CCAGAGATGGACGATTACGT_006,130
CCAGAGATGGACGATTACGT_007,145
CCAGAGATGGACGATTACGT_008,0
CCAGAGATGGACGATTACGT_009,170
CCAGAGATGGACGATTACGT_010,27
GGAGCGAGAACAATTACTCG_001,189
CCATGAACGCATTCATCGTG_001,148
CCATGAACGCATTCATCGTG_002,157
CCATGAACGCATTCATCGTG_003,46
CCATGAACGCATTCATCGTG_004,107
CAGAGCGCCGTTTCCGCCAA_001,56
CAGAGCGCCGTTTCCGCCAA_002,154
CAGAGCGCCGTTTCCGCCAA_003,198
CAGAGCGCCGTTTCCGCCAA_004,93
CAGAGCGCCGTTTCCGCCAA_005,169
CAGAGCGCCGTTTCCGCCAA_006,169
CAGAGCGCCGTTTCCGCCAA_007,116
CAGAGCGCCGTTTCCGCCAA_008,147
CAGAGCGCCGTTTCCGCCAA_009,150
CAGAGCGCCGTTTCCGCCAA_010,44
CAGAGCGCCGTTTCCGCCAA_011,148
CAGAGCGCCGTTTCCGCCAA_012,146
CAGAGCGCCGTTTCCGCCAA_013,150
CAGAGCGCCGTTTCCGCCAA_014,93
CAGAGCGCCGTTTCCGCCAA_015,162
CAGAGCGCCGTTTCCGCCAA_016,34
CAGAGCGCCGTTTCCGCCAA_017,34
CAGAGCGCCGTTTCCGCCAA_018,115
CAGAGCGCCGTTTCCGCCAA_019,176
CAGAGCGCCGTTTCCGCCAA_020,103
CAGAGCGCCGTTTCCGCCAA_021,89
CAGAGCGCCGTTTCCGCCAA_022,6
CAGAGCGCCGTTTCCGCCAA_023,161
CAGAGCGCCGTTTCCGCCAA_024,41
CAGAGCGCCGTTTCCGCCAA_025,133
CAGAGCGCCGTTTCCGCCAA_026,177
CAGAGCGCCGTTTCCGCCAA_027,0
GGAGGCGACCACTTCGCCGG_001,86
AGTATTTCATACACCTACTG_001,178
AGTATTTCATACACCTACTG_002,64
GGTGCCACAGACGTACAGGT_001,17
GGTGCCACAGACGTACAGGT_002,38
GGTGCCACAGACGTACAGGT_003,38
GGTGCCACAGACGTACAGGT_004,70
GGTGCCACAGACGTACAGGT_005,117
GGTGCCACAGACGTACAGGT_006,56
GGTGCCACAGACGTACAGGT_007,157
GGTGCCACAGACGTACAGGT_008,121
GGTGCCACAGACGTACAGGT_009,145
GGTGCCACAGACGTACAGGT_010,140
GGTGCCACAGACGTACAGGT_011,117
GGTGCCACAGACGTACAGGT_012,50
GGTGCCACAGACGTACAGGT_013,6
GGTGCCACAGACGTACAGGT_014,116
GGTGCCACAGACGTACAGGT_015,69
TGGAGATGGACCTGTGATCT_001,170
TGGAGATGGACCTGTGATCT_002,150
TGGAGATGGACCTGTGATCT_003,102
TGGAGATGGACCTGTGATCT_004,17
TGGAGATGGACCTGTGATCT_005,172
TGGAGATGGACCTGTGATCT_006,48
TGGAGATGGACCTGTGATCT_007,147
TGGAGATGGACCTGTGATCT_008,149
TGGAGATGGACCTGTGATCT_009,158
TGGAGATGGACCTGTGATCT_010,161
TGGAGATGGACCTGTGATCT_011,63
TGGAGATGGACCTGTGATCT_012,180
TGGAGATGGACCTGTGATCT_013,127
TGGAGATGGACCTGTGATCT_014,149
TGGAGATGGACCTGTGATCT_015,81
TGGAGATGGACCTGTGATCT_016,175
TGGAGATGGACCTGTGATCT_017,153
TGGAGATGGACCTGTGATCT_018,144
TGGAGATGGACCTGTGATCT_019,176
TTGAGCATGTGATGAACCTG_001,134
TTGAGCATGTGATGAACCTG_002,23
TTGAGCATGTGATGAACCTG_003,124
TTGAGCATGTGATGAACCTG_004,190
TTGAGCATGTGATGAACCTG_005,63
TTGAGCATGTGATGAACCTG_006,29
TTGAGCATGTGATGAACCTG_007,128
TTGAGCATGTGATGAACCTG_008,102
TTGAGCATGTGATGAACCTG_009,0
TTGAGCATGTGATGAACCTG_010,194
TTGAGCATGTGATGAACCTG_011,136
TTGAGCATGTGATGAACCTG_012,108
TTGAGCATGTGATGAACCTG_013,161
TTGAGCATGTGATGAACCTG_014,88
TTGAGCATGTGATGAACCTG_015,16
TTGAGCATGTGATGAACCTG_016,158
TTGAGCATGTGATGAACCTG_017,78
TTGAGCATGTGATGAACCTG_018,64
TTGAGCATGTGATGAACCTG_019,188
TTGAGCATGTGATGAACCTG_020,170
TTGAGCATGTGATGAACCTG_021,33
TTGAGCATGTGATGAACCTG_022,184
TTGAGCATGTGATGAACCTG_023,169
TTGAGCATGTGATGAACCTG_024,121
TTGAGCATGTGATGAACCTG_025,6
CCGCAGATCATCCCGATGAT_001,163
GGGCTGCAAAAGACATGCAC_001,113
GGGCTGCAAAAGACATGCAC_002,53
GGGCTGCAAAAGACATGCAC_003,6
GGGCTGCAAAAGACATGCAC_004,125
GGGCTGCAAAAGACATGCAC_005,47
GGGCTGCAAAAGACATGCAC_006,15
GGGCTGCAAAAGACATGCAC_007,149
GGGCTGCAAAAGACATGCAC_008,77
GGGCTGCAAAAGACATGCAC_009,101
GGGCTGCAAAAGACATGCAC_010,188
GGGCTGCAAAAGACATGCAC_011,177
GGGCTGCAAAAGACATGCAC_012,161
GGGCTGCAAAAGACATGCAC_013,174
GGGCTGCAAAAGACATGCAC_014,9
GGGCTGCAAAAGACATGCAC_015,76
GGGCTGCAAAAGACATGCAC_016,69
GGGCTGCAAAAGACATGCAC_017,96
GGGCTGCAAAAGACATGCAC_018,148
GGGCTGCAAAAGACATGCAC_019,105
GGGCTGCAAAAGACATGCAC_020,107
GGGCTGCAAAAGACATGCAC_021,94
GGGCTGCAAAAGACATGCAC_022,112
GGGCTGCAAAAGACATGCAC_023,49
GGGCTGCAAAAGACATGCAC_024,83
GGGCTGCAAAAGACATGCAC_025,174
GGGCTGCAAAAGACATGCAC_026,186
GGGCTGCAAAAGACATGCAC_027,132
GGGCTGCAAAAGACATGCAC_028,157
CAATTATGAATTTGACACCA_001,118
CAATTATGAATTTGACACCA_002,127
CAATTATGAATTTGACACCA_003,90
AGGCTACCAGATCCTACACA_001,39
AGGCTACCAGATCCTACACA_002,43
AGGCTACCAGATCCTACACA_003,14
AGGCTACCAGATCCTACACA_004,137
AGGCTACCAGATCCTACACA_005,109
AGGCTACCAGATCCTACACA_006,62
AGGCTACCAGATCCTACACA_007,124
AGGCTACCAGATCCTACACA_008,150
AGGCTACCAGATCCTACACA_009,175
ATTGCTACCTGACAGACCTG_001,182
ATTGCTACCTGACAGACCTG_002,166
ATTGCTACCTGACAGACCTG_003,113
ATTGCTACCTGACAGACCTG_004,187
ATTGCTACCTGACAGACCTG_005,156
ATTGCTACCTGACAGACCTG_006,96
ATTGCTACCTGACAGACCTG_007,173
ATTGCTACCTGACAGACCTG_008,94
ATTGCTACCTGACAGACCTG_009,23
ATTGCTACCTGACAGACCTG_010,130
ATTGCTACCTGACAGACCTG_011,32
ATTGCTACCTGACAGACCTG_012,25
ATTGCTACCTGACAGACCTG_013,0
ATTGCTACCTGACAGACCTG_014,70
ATTGCTACCTGACAGACCTG_015,127
ATTGCTACCTGACAGACCTG_016,116
ATTGCTACCTGACAGACCTG_017,127
ATTGCTACCTGACAGACCTG_018,121
ATTGCTACCTGACAGACCTG_019,123
ATTGCTACCTGACAGACCTG_020,49
ATTGCTACCTGACAGACCTG_021,15
ATTGCTACCTGACAGACCTG_022,48
TTCTTCCATACAGACGATGG_001,172
GGCTTGGGTCAAAGATACGC_001,0
GGCTTGGGTCAAAGATACGC_002,44
GGCTTGGGTCAAAGATACGC_003,127
GGCTTGGGTCAAAGATACGC_004,66
GGCTTGGGTCAAAGATACGC_005,13
GGCTTGGGTCAAAGATACGC_006,13
GGCTTGGGTCAAAGATACGC_007,38
GGCTTGGGTCAAAGATACGC_008,110
GGCTTGGGTCAAAGATACGC_009,110
GGCTTGGGTCAAAGATACGC_010,35
GGCTTGGGTCAAAGATACGC_011,56
GGCTTGGGTCAAAGATACGC_012,96
GGCTTGGGTCAAAGATACGC_013,159
GGCTTGGGTCAAAGATACGC_014,157
GGCTTGGGTCAAAGATACGC_015,34
GGCTTGGGTCAAAGATACGC_016,19
GGCTTGGGTCAAAGATACGC_017,12
GGCTTGGGTCAAAGATACGC_018,81
GGCTTGGGTCAAAGATACGC_019,75
TTACGGATGACGTGCACTCG_001,162
TTACGGATGACGTGCACTCG_002,156
TTACGGATGACGTGCACTCG_003,129
TTACGGATGACGTGCACTCG_004,117
TTACGGATGACGTGCACTCG_005,95
TTACGGATGACGTGCACTCG_006,178
TTACGGATGACGTGCACTCG_007,168
TTACGGATGACGTGCACTCG_008,137
TTACGGATGACGTGCACTCG_009,60
TTACGGATGACGTGCACTCG_010,78
GCTGATCGAGAATGTCCTAG_001,3
GCTGATCGAGAATGTCCTAG_002,163
GCTGATCGAGAATGTCCTAG_003,88
GCTGATCGAGAATGTCCTAG_004,189
GCTGATCGAGAATGTCCTAG_005,83
GCTGATCGAGAATGTCCTAG_006,66
GCTGATCGAGAATGTCCTAG_007,1
GCTGATCGAGAATGTCCTAG_008,1
GCTGATCGAGAATGTCCTAG_009,60
AGTTCTCCATCGCTTAACAG_001,62
AGTTCTCCATCGCTTAACAG_002,83
AGTTCTCCATCGCTTAACAG_003,12
AGTTCTCCATCGCTTAACAG_004,133
AGTTCTCCATCGCTTAACAG_005,48
AGTTCTCCATCGCTTAACAG_006,0
AGTTCTCCATCGCTTAACAG_007,150
AGTTCTCCATCGCTTAACAG_008,60
AGTTCTCCATCGCTTAACAG_009,81
AGTTCTCCATCGCTTAACAG_010,52
AGTTCTCCATCGCTTAACAG_011,105
AGTTCTCCATCGCTTAACAG_012,77
AGTTCTCCATCGCTTAACAG_013,128
AGTTCTCCATCGCTTAACAG_014,62
AGTTCTCCATCGCTTAACAG_015,49
AGTTCTCCATCGCTTAACAG_016,63
CGGAAGTCCTTATTAAGAGA_001,12
CGGAAGTCCTTATTAAGAGA_002,96
CGGAAGTCCTTATTAAGAGA_003,85
CGGAAGTCCTTATTAAGAGA_004,95
AAAAGCGCATTGCAATTCAG_001,41
AAAAGCGCATTGCAATTCAG_002,1
AAAAGCGCATTGCAATTCAG_003,29
AAAAGCGCATTGCAATTCAG_004,9
AAAAGCGCATTGCAATTCAG_005,77
AAAAGCGCATTGCAATTCAG_006,96
AAAAGCGCATTGCAATTCAG_007,183
AAAAGCGCATTGCAATTCAG_008,41
AAAAGCGCATTGCAATTCAG_009,140
AAAAGCGCATTGCAATTCAG_010,160
AAAAGCGCATTGCAATTCAG_011,158
AAAAGCGCATTGCAATTCAG_012,130
AAAAGCGCATTGCAATTCAG_013,14
AAAAGCGCATTGCAATTCAG_014,162
AAAAGCGCATTGCAATTCAG_015,44
CAGAATTGAATCTCTCAACG_001,145
CAGAATTGAATCTCTCAACG_002,60
ACACTCCTGATAAAGCCATG_001,103
ACACTCCTGATAAAGCCATG_002,68
ACACTCCTGATAAAGCCATG_003,111
ACACTCCTGATAAAGCCATG_004,111
ACACTCCTGATAAAGCCATG_005,58
ACACTCCTGATAAAGCCATG_006,190
ACACTCCTGATAAAGCCATG_007,141
ACACTCCTGATAAAGCCATG_008,94
ACACTCCTGATAAAGCCATG_009,169
ACACTCCTGATAAAGCCATG_010,115
ACACTCCTGATAAAGCCATG_011,199
ACACTCCTGATAAAGCCATG_012,184
ACACTCCTGATAAAGCCATG_013,184
CCAAGCAGGACCCTCAAATG_001,48
CCAAGCAGGACCCTCAAATG_002,116
CCAAGCAGGACCCTCAAATG_003,75
CCAAGCAGGACCCTCAAATG_004,178
CCAAGCAGGACCCTCAAATG_005,162
GAGTGCTCATCAAAACGCTG_001,84
GAGTGCTCATCAAAACGCTG_002,47
GAGTGCTCATCAAAACGCTG_003,137
GAGTGCTCATCAAAACGCTG_004,43
GAGTGCTCATCAAAACGCTG_005,56
GAGTGCTCATCAAAACGCTG_006,141
GAGTGCTCATCAAAACGCTG_007,65
GAGTGCTCATCAAAACGCTG_008,9
GAGTGCTCATCAAAACGCTG_009,19
GAGTGCTCATCAAAACGCTG_010,41
GAGTGCTCATCAAAACGCTG_011,92
GAGTGCTCATCAAAACGCTG_012,170
GAGTGCTCATCAAAACGCTG_013,113
GAGTGCTCATCAAAACGCTG_014,8
GCCAGCTCACTGGAGCCGAG_001,35
GCCAGCTCACTGGAGCCGAG_002,65
ACCTAGAACAAGTATCCCTG_001,1
ACCTAGAACAAGTATCCCTG_002,157
ACCTAGAACAAGTATCCCTG_003,40
ACCTAGAACAAGTATCCCTG_004,77
ACCTAGAACAAGTATCCCTG_005,13
GGGCAGGTTCTTGATAGCGT_001,119
GGGCAGGTTCTTGATAGCGT_002,181
GGGCAGGTTCTTGATAGCGT_003,36
GGGCAGGTTCTTGATAGCGT_004,54
GGGCAGGTTCTTGATAGCGT_005,50
CAAAGTGAGAAACACAGGAA_001,23
CAAAGTGAGAAACACAGGAA_002,127
CAAAGTGAGAAACACAGGAA_003,77
CAAAGTGAGAAACACAGGAA_004,55
CAAAGTGAGAAACACAGGAA_005,108
CAAAGTGAGAAACACAGGAA_006,5
CAAAGTGAGAAACACAGGAA_007,41
CAAAGTGAGAAACACAGGAA_008,169
CAAAGTGAGAAACACAGGAA_009,38
CAAAGTGAGAAACACAGGAA_010,76
CAAAGTGAGAAACACAGGAA_011,134
CAAAGTGAGAAACACAGGAA_012,67
CAAAGTGAGAAACACAGGAA_013,45
CAAAGTGAGAAACACAGGAA_014,78
CAAAGTGAGAAACACAGGAA_015,62
CAAAGTGAGAAACACAGGAA_016,36
CAAAGTGAGAAACACAGGAA_017,0
CAAAGTGAGAAACACAGGAA_018,62
CAAAGTGAGAAACACAGGAA_019,48
CAAAGTGAGAAACACAGGAA_020,1
CAAAGTGAGAAACACAGGAA_021,82
GTAGCCATTGGGGTATTCAG_001,56
GTAGCCATTGGGGTATTCAG_002,26
GTAGCCATTGGGGTATTCAG_003,92
TATGAGCAGAATGCTCGCCA_001,8
TATGAGCAGAATGCTCGCCA_002,127
TATGAGCAGAATGCTCGCCA_003,14
TATGAGCAGAATGCTCGCCA_004,40
TATGAGCAGAATGCTCGCCA_005,187
TATGAGCAGAATGCTCGCCA_006,13
TATGAGCAGAATGCTCGCCA_007,155
TATGAGCAGAATGCTCGCCA_008,111
TATGAGCAGAATGCTCGCCA_009,0
TATGAGCAGAATGCTCGCCA_010,132
TATGAGCAGAATGCTCGCCA_011,22
TATGAGCAGAATGCTCGCCA_012,42
ACCCCCAGCAGGGCCAAGCA_001,102
CTGGAGGCCACGCGTCTGGG_001,107
CTGGAGGCCACGCGTCTGGG_002,134
CTGGAGGCCACGCGTCTGGG_003,115
CTGGAGGCCACGCGTCTGGG_004,16
CTGGAGGCCACGCGTCTGGG_005,108
CTGGAGGCCACGCGTCTGGG_006,113
CTGGAGGCCACGCGTCTGGG_007,127
CTGGAGGCCACGCGTCTGGG_008,180
CTGGAGGCCACGCGTCTGGG_009,167
CTGGAGGCCACGCGTCTGGG_010,50
CTGGAGGCCACGCGTCTGGG_011,180
CTGGAGGCCACGCGTCTGGG_012,70
CTGGAGGCCACGCGTCTGGG_013,184
GGAACCCCGCTTCTATGATG_001,176
GGAACCCCGCTTCTATGATG_002,148
GGAACCCCGCTTCTATGATG_003,166
GGAACCCCGCTTCTATGATG_004,130
GGAACCCCGCTTCTATGATG_005,58
GGAACCCCGCTTCTATGATG_006,28
GGAACCCCGCTTCTATGATG_007,45
GGAACCCCGCTTCTATGATG_008,19
GGAACCCCGCTTCTATGATG_009,28
GGAACCCCGCTTCTATGATG_010,182
GGAACCCCGCTTCTATGATG_011,150
TCGCACATACAGGTTCGCAG_001,36
TCGCACATACAGGTTCGCAG_002,49
TCGCACATACAGGTTCGCAG_003,106
TCGCACATACAGGTTCGCAG_004,62
TCGCACATACAGGTTCGCAG_005,76
TCGCACATACAGGTTCGCAG_006,74
TCGCACATACAGGTTCGCAG_007,52
TCGCACATACAGGTTCGCAG_008,69
TCGCACATACAGGTTCGCAG_009,125
TCGCACATACAGGTTCGCAG_010,166
TCGCACATACAGGTTCGCAG_011,181
TCGCACATACAGGTTCGCAG_012,129
TCGCACATACAGGTTCGCAG_013,151
TCGCACATACAGGTTCGCAG_014,61
TCGCACATACAGGTTCGCAG_015,103
CATCTCCCTTCCCAAGAGAG_001,124
CATCTCCCTTCCCAAGAGAG_002,144
CATCTCCCTTCCCAAGAGAG_003,149
CATCTCCCTTCCCAAGAGAG_004,55
CATCTCCCTTCCCAAGAGAG_005,164
CATCTCCCTTCCCAAGAGAG_006,80
CATCTCCCTTCCCAAGAGAG_007,68
CTGCATCTGTTACCGCCCTG_001,171
CTGCATCTGTTACCGCCCTG_002,62
CTGCATCTGTTACCGCCCTG_003,56
CTGCATCTGTTACCGCCCTG_004,65
CTGCATCTGTTACCGCCCTG_005,199
CTGCATCTGTTACCGCCCTG_006,113
CTGCATCTGTTACCGCCCTG_007,88
CTGCATCTGTTACCGCCCTG_008,50
CTGCATCTGTTACCGCCCTG_009,169
CTGCATCTGTTACCGCCCTG_010,134
CTGCATCTGTTACCGCCCTG_011,130
CTGCATCTGTTACCGCCCTG_012,36
CTGCATCTGTTACCGCCCTG_013,159
CTGCATCTGTTACCGCCCTG_014,8
CTGCATCTGTTACCGCCCTG_015,88
CTGCATCTGTTACCGCCCTG_016,199
CTGCATCTGTTACCGCCCTG_017,8
CTGCATCTGTTACCGCCCTG_018,100
CTGCATCTGTTACCGCCCTG_019,64
CTGCATCTGTTACCGCCCTG_020,94
CTGCATCTGTTACCGCCCTG_021,88
CTGCATCTGTTACCGCCCTG_022,48
TAGAAGCACACCAGTTGTGA_001,8
TAGAAGCACACCAGTTGTGA_002,40
TAGAAGCACACCAGTTGTGA_003,166
TAGAAGCACACCAGTTGTGA_004,19
TAGAAGCACACCAGTTGTGA_005,15
TAGAAGCACACCAGTTGTGA_006,68
TAGAAGCACACCAGTTGTGA_007,32
TAGAAGCACACCAGTTGTGA_008,138
TAGAAGCACACCAGTTGTGA_009,1
TTACCTGTACATAAGAGAAA_001,7
TTACCTGTACATAAGAGAAA_002,171
AAGAGCTGCATTCTGAGCGA_001,146
AAGAGCTGCATTCTGAGCGA_002,52
GCTCAGGCATCCCTCAACTC_001,184
GCTCAGGCATCCCTCAACTC_002,103
GCTCAGGCATCCCTCAACTC_003,188
GCTCAGGCATCCCTCAACTC_004,51
GCTCAGGCATCCCTCAACTC_005,152
GCTCAGGCATCCCTCAACTC_006,66
AAAGGACAGAAAGGCAGTGT_001,115
AAAGGACAGAAAGGCAGTGT_002,91
AAAGGACAGAAAGGCAGTGT_003,166
AAAGGACAGAAAGGCAGTGT_004,24
AAAGGACAGAAAGGCAGTGT_005,128
AAAGGACAGAAAGGCAGTGT_006,15
AAAGGACAGAAAGGCAGTGT_007,158
AAAGGACAGAAAGGCAGTGT_008,115
AAAGGACAGAAAGGCAGTGT_009,103
AAAGGACAGAAAGGCAGTGT_010,63
AAAGGACAGAAAGGCAGTGT_011,138
AAAGGACAGAAAGGCAGTGT_012,116
AAAGGACAGAAAGGCAGTGT_013,180
ATTTGGGGACGGCACGACGG_001,169
ATTTGGGGACGGCACGACGG_002,67
ATTTGGGGACGGCACGACGG_003,44
ATTTGGGGACGGCACGACGG_004,63
ATTTGGGGACGGCACGACGG_005,92
ATTTGGGGACGGCACGACGG_006,125
ATTTGGGGACGGCACGACGG_007,195
ATTTGGGGACGGCACGACGG_008,88
ATTTGGGGACGGCACGACGG_009,187
ATTTGGGGACGGCACGACGG_010,153
ATTTGGGGACGGCACGACGG_011,108
ATTTGGGGACGGCACGACGG_012,137
ATTTGGGGACGGCACGACGG_013,172
ATTTGGGGACGGCACGACGG_014,84
ATTTGGGGACGGCACGACGG_015,27
ATTTGGGGACGGCACGACGG_016,56
ATTTGGGGACGGCACGACGG_017,22
ATTTGGGGACGGCACGACGG_018,140
ATTTGGGGACGGCACGACGG_019,31
ATTTGGGGACGGCACGACGG_020,94
ATTTGGGGACGGCACGACGG_021,22
ATTTGGGGACGGCACGACGG_022,152
ATTTGGGGACGGCACGACGG_023,76
GCGCCCCGTAGACAGCTACG_001,78
GCGCCCCGTAGACAGCTACG_002,23
GCGCCCCGTAGACAGCTACG_003,138
GCGCCCCGTAGACAGCTACG_004,105
GCGCCCCGTAGACAGCTACG_005,104
GCGCCCCGTAGACAGCTACG_006,104
GCGCCCCGTAGACAGCTACG_007,146
GCGCCCCGTAGACAGCTACG_008,169
GCGCCCCGTAGACAGCTACG_009,68
GCGCCCCGTAGACAGCTACG_010,38
GCGCCCCGTAGACAGCTACG_011,83
GCGCCCCGTAGACAGCTACG_012,138
GCGCCCCGTAGACAGCTACG_013,183
ACGTGCTGTACCCGGACGTG_001,190
ACGTGCTGTACCCGGACGTG_002,22
ACGTGCTGTACCCGGACGTG_003,49
ACGTGCTGTACCCGGACGTG_004,35
ACGTGCTGTACCCGGACGTG_005,188
TGAGCCAGGTGACAAAAACC_001,150
TGAGCCAGGTGACAAAAACC_002,38
TGAGCCAGGTGACAAAAACC_003,76
TGAGCCAGGTGACAAAAACC_004,58
TGAGCCAGGTGACAAAAACC_005,48
CTGCCAGTCACTTTCCACCG_001,138
CTGCCAGTCACTTTCCACCG_002,105
CTGCCAGTCACTTTCCACCG_003,199
CTGCCAGTCACTTTCCACCG_004,181
CTGCCAGTCACTTTCCACCG_005,58
CTGCCAGTCACTTTCCACCG_006,121
CTGCCAGTCACTTTCCACCG_007,89
CTGCCAGTCACTTTCCACCG_008,90
TAATCCACTATATGTTCTGA_001,185
TAATCCACTATATGTTCTGA_002,34
TAATCCACTATATGTTCTGA_003,123
TAATCCACTATATGTTCTGA_004,66
CCAGGGCGCAGAATGTCGCC_001,86
GGTTGGAAATGAGATCACAT_001,93
GGTTGGAAATGAGATCACAT_002,62
TATGTAGTCATTGCGGCTAG_001,186
TATGTAGTCATTGCGGCTAG_002,159
TATGTAGTCATTGCGGCTAG_003,198
TATGTAGTCATTGCGGCTAG_004,46
TATGTAGTCATTGCGGCTAG_005,88
TATGTAGTCATTGCGGCTAG_006,75
TATGTAGTCATTGCGGCTAG_007,158
TATGTAGTCATTGCGGCTAG_008,1
TATGTAGTCATTGCGGCTAG_009,168
TATGTAGTCATTGCGGCTAG_010,145
CCGAGACACGCACATCATCA_001,107
CCGAGACACGCACATCATCA_002,176
CCGAGACACGCACATCATCA_003,49
TGGTGCCCAAACCTCCAAAG_001,137
TGGTGCCCAAACCTCCAAAG_002,164
TGGTGCCCAAACCTCCAAAG_003,164
TGGTGCCCAAACCTCCAAAG_004,77
TGGTGCCCAAACCTCCAAAG_005,148
TGGTGCCCAAACCTCCAAAG_006,38
TGGTGCCCAAACCTCCAAAG_007,155
TGGTGCCCAAACCTCCAAAG_008,13
TGGTGCCCAAACCTCCAAAG_009,50
TGGTGCCCAAACCTCCAAAG_010,2
TGGTGCCCAAACCTCCAAAG_011,141
TGGTGCCCAAACCTCCAAAG_012,190
TGGTGCCCAAACCTCCAAAG_013,58
TGGTGCCCAAACCTCCAAAG_014,55
TGGTGCCCAAACCTCCAAAG_015,64
TGGTGCCCAAACCTCCAAAG_016,190
TGGTGCCCAAACCTCCAAAG_017,58
TGGTGCCCAAACCTCCAAAG_018,99
TGGTGCCCAAACCTCCAAAG_019,48
TGGTGCCCAAACCTCCAAAG_020,68
TGGTGCCCAAACCTCCAAAG_021,168
TCTGTTGTGTACGATGCAAG_001,105
TCTGTTGTGTACGATGCAAG_002,190
CATGAACCGGGGCATCAACG_001,144
CATGAACCGGGGCATCAACG_002,15
CATGAACCGGGGCATCAACG_003,169
CATGAACCGGGGCATCAACG_004,42
CATGAACCGGGGCATCAACG_005,94
CATGAACCGGGGCATCAACG_006,56
CATGAACCGGGGCATCAACG_007,100
CATGAACCGGGGCATCAACG_008,151
CATGAACCGGGGCATCAACG_009,106
CATGAACCGGGGCATCAACG_010,185
CATGAACCGGGGCATCAACG_011,62
CATGAACCGGGGCATCAACG_012,29
CATGAACCGGGGCATCAACG_013,2
CATGAACCGGGGCATCAACG_014,103
CATGAACCGGGGCATCAACG_015,77
CATGAACCGGGGCATCAACG_016,100
CATGAACCGGGGCATCAACG_017,69
GATTCTCGGCAGCTGACGAC_001,146
GATTCTCGGCAGCTGACGAC_002,171
GATTCTCGGCAGCTGACGAC_003,188
GATTCTCGGCAGCTGACGAC_004,43
GATTCTCGGCAGCTGACGAC_005,96
GATTCTCGGCAGCTGACGAC_006,43
GATTCTCGGCAGCTGACGAC_007,30
GATTCTCGGCAGCTGACGAC_008,54
GATTCTCGGCAGCTGACGAC_009,189
GATTCTCGGCAGCTGACGAC_010,58
GATTCTCGGCAGCTGACGAC_011,150
GATTCTCGGCAGCTGACGAC_012,124
GATTCTCGGCAGCTGACGAC_013,160
CATACAAAGCATAGGTGCTG_001,70
CATACAAAGCATAGGTGCTG_002,60
CATACAAAGCATAGGTGCTG_003,93
CATACAAAGCATAGGTGCTG_004,72
CATACAAAGCATAGGTGCTG_005,44
CATACAAAGCATAGGTGCTG_006,42
CATACAAAGCATAGGTGCTG_007,76
CATACAAAGCATAGGTGCTG_008,160
CATACAAAGCATAGGTGCTG_009,120
CATACAAAGCATAGGTGCTG_010,114
CATACAAAGCATAGGTGCTG_011,114
CATACAAAGCATAGGTGCTG_012,30
CATACAAAGCATAGGTGCTG_013,13
ATATCTATGGGAATTCCAGA_001,127
CCTCAATGATGGCTGACAGT_001,31
CCTCAATGATGGCTGACAGT_002,48
CCATCAGGAATCCACTACAA_001,70
CCATCAGGAATCCACTACAA_002,105
CCATCAGGAATCCACTACAA_003,69
CCATCAGGAATCCACTACAA_004,62
CCATCAGGAATCCACTACAA_005,108
CCATCAGGAATCCACTACAA_006,154
CCATCAGGAATCCACTACAA_007,6
CCATCAGGAATCCACTACAA_008,94
CCATCAGGAATCCACTACAA_009,35
CCATCAGGAATCCACTACAA_010,60
CCATCAGGAATCCACTACAA_011,32
CCATCAGGAATCCACTACAA_012,121
CCATCAGGAATCCACTACAA_013,156
TTGGTCTGCCCACTTAACTG_001,12
TTGGTCTGCCCACTTAACTG_002,100
TTGGTCTGCCCACTTAACTG_003,8
TTGGTCTGCCCACTTAACTG_004,105
TTGGTCTGCCCACTTAACTG_005,198
TTGGTCTGCCCACTTAACTG_006,52
TTGGTCTGCCCACTTAACTG_007,153
TTGGTCTGCCCACTTAACTG_008,191
TTGGTCTGCCCACTTAACTG_009,3
AAAGTCATACCTGAGTATTG_001,55
AAAGTCATACCTGAGTATTG_002,188
AAAGTCATACCTGAGTATTG_003,9
TCCCTGCAGGGAGTACACCG_001,11
TCCCTGCAGGGAGTACACCG_002,65
TCCCTGCAGGGAGTACACCG_003,184
TCCCTGCAGGGAGTACACCG_004,1
TCCCTGCAGGGAGTACACCG_005,42
TCCCTGCAGGGAGTACACCG_006,161
TCCCTGCAGGGAGTACACCG_007,76
TCCCTGCAGGGAGTACACCG_008,115
TCCCTGCAGGGAGTACACCG_009,138
TCCCTGCAGGGAGTACACCG_010,107
TCCCTGCAGGGAGTACACCG_011,124
TCCCTGCAGGGAGTACACCG_012,39
TCCCTGCAGGGAGTACACCG_013,175
ATGCCTTGATCACATGAGAG_001,82
ATGCCTTGATCACATGAGAG_002,174
ATGCCTTGATCACATGAGAG_003,144
ATGCCTTGATCACATGAGAG_004,157
ATGCCTTGATCACATGAGAG_005,6
ATGCCTTGATCACATGAGAG_006,182
ATGCCTTGATCACATGAGAG_007,120
ATGCCTTGATCACATGAGAG_008,48
ATGCCTTGATCACATGAGAG_009,145
ATGCCTTGATCACATGAGAG_010,112
ATGCCTTGATCACATGAGAG_011,78
ATGCCTTGATCACATGAGAG_012,65
ATGCCTTGATCACATGAGAG_013,65
ATGCCTTGATCACATGAGAG_014,161
ATGCCTTGATCACATGAGAG_015,66
ATGCCTTGATCACATGAGAG_016,41
ATGCCTTGATCACATGAGAG_017,100
GCTGCACCGTGTCATTGGAG_001,30
GCTGCACCGTGTCATTGGAG_002,190
GCTGCACCGTGTCATTGGAG_003,197
CTGTGCTATGAGTACCTAGG_001,49
GATGTTGCCCTGGGTACCCG_001,2
GATGTTGCCCTGGGTACCCG_002,12
GATGTTGCCCTGGGTACCCG_003,127
GATGTTGCCCTGGGTACCCG_004,170
GATGTTGCCCTGGGTACCCG_005,25
GATGTTGCCCTGGGTACCCG_006,134
GATGTTGCCCTGGGTACCCG_007,162
GATGTTGCCCTGGGTACCCG_008,100
CATGCTGTTAGAAGGCAACG_001,0
CATGCTGTTAGAAGGCAACG_002,56
CATGCTGTTAGAAGGCAACG_003,36
CATGCTGTTAGAAGGCAACG_004,69
CATGCTGTTAGAAGGCAACG_005,169
CATGCTGTTAGAAGGCAACG_006,65
CATGCTGTTAGAAGGCAACG_007,192
CATGCTGTTAGAAGGCAACG_008,101
CATGCTGTTAGAAGGCAACG_009,18
CATGCTGTTAGAAGGCAACG_010,144
CATGCTGTTAGAAGGCAACG_011,24
CATGCTGTTAGAAGGCAACG_012,150
CATGCTGTTAGAAGGCAACG_013,118
CATGCTGTTAGAAGGCAACG_014,9
CATGCTGTTAGAAGGCAACG_015,145
CATGCTGTTAGAAGGCAACG_016,113
TGAAGGAAACCAGTACACCC_001,45
TGAAGGAAACCAGTACACCC_002,121
TGAAGGAAACCAGTACACCC_003,19
TGAAGGAAACCAGTACACCC_004,169
TGACAGGAAAAAACAATCGA_001,149
TGACAGGAAAAAACAATCGA_002,48
TGACAGGAAAAAACAATCGA_003,43
TGACAGGAAAAAACAATCGA_004,166
TGACAGGAAAAAACAATCGA_005,162
TGACAGGAAAAAACAATCGA_006,157
TGACAGGAAAAAACAATCGA_007,124
TGACAGGAAAAAACAATCGA_008,22
TGACAGGAAAAAACAATCGA_009,22
TGACAGGAAAAAACAATCGA_010,104
TGACAGGAAAAAACAATCGA_011,186
TGACAGGAAAAAACAATCGA_012,33
TGACAGGAAAAAACAATCGA_013,18
TGACAGGAAAAAACAATCGA_014,199
AGAAGAGCAAGCCCTTACAA_001,147
AGAAGAGCAAGCCCTTACAA_002,26
AGAAGAGCAAGCCCTTACAA_003,65
AGGCGACGACCCCAGAAACG_001,102
AGGCGACGACCCCAGAAACG_002,76
GAAATGAGGTGGCTTTCCCG_001,139
GAAATGAGGTGGCTTTCCCG_002,169
GAAATGAGGTGGCTTTCCCG_003,41
GAAATGAGGTGGCTTTCCCG_004,27
GAAATGAGGTGGCTTTCCCG_005,42
GAAATGAGGTGGCTTTCCCG_006,69
GAAATGAGGTGGCTTTCCCG_007,140
GAAATGAGGTGGCTTTCCCG_008,11
GAAATGAGGTGGCTTTCCCG_009,83
GAAATGAGGTGGCTTTCCCG_010,88
GAAATGAGGTGGCTTTCCCG_011,57
GAAATGAGGTGGCTTTCCCG_012,197
GAAATGAGGTGGCTTTCCCG_013,159
GAAATGAGGTGGCTTTCCCG_014,24
GAAATGAGGTGGCTTTCCCG_015,106
GTCCCTGTACTGGAGCCACG_001,148
GTCCCTGTACTGGAGCCACG_002,88
GTCCCTGTACTGGAGCCACG_003,22
GTCCCTGTACTGGAGCCACG_004,191
GTCCCTGTACTGGAGCCACG_005,191
GTCCCTGTACTGGAGCCACG_006,199
GTCCCTGTACTGGAGCCACG_007,56
GTCCCTGTACTGGAGCCACG_008,48
GTCCCTGTACTGGAGCCACG_009,88
GTCCCTGTACTGGAGCCACG_010,106
GTCCCTGTACTGGAGCCACG_011,46
GTCCCTGTACTGGAGCCACG_012,0
GTCCCTGTACTGGAGCCACG_013,176
AAACATGTGCCATTATTATG_001,169
AAACATGTGCCATTATTATG_002,11
AGTAAAACCAGATCTCACAA_001,105
AGTAAAACCAGATCTCACAA_002,136
CAAATGTACACAGATCCTGG_001,84
GATGATGAGCGAAACCACCA_001,198
GATGATGAGCGAAACCACCA_002,58
GATGATGAGCGAAACCACCA_003,80
GATGATGAGCGAAACCACCA_004,118
GATGATGAGCGAAACCACCA_005,52
GATGATGAGCGAAACCACCA_006,152
GATGATGAGCGAAACCACCA_007,115
GATGATGAGCGAAACCACCA_008,149
GATGATGAGCGAAACCACCA_009,76
GATGATGAGCGAAACCACCA_010,38
GATGATGAGCGAAACCACCA_011,88
GATGATGAGCGAAACCACCA_012,175
GATGATGAGCGAAACCACCA_013,34
GATGATGAGCGAAACCACCA_014,58
GATGATGAGCGAAACCACCA_015,41
GATGATGAGCGAAACCACCA_016,190
GATGATGAGCGAAACCACCA_017,132
GATGATGAGCGAAACCACCA_018,170
GATGATGAGCGAAACCACCA_019,7
GATGATGAGCGAAACCACCA_020,198
GATGATGAGCGAAACCACCA_021,81
GATGATGAGCGAAACCACCA_022,63
GATGATGAGCGAAACCACCA_023,77
GATGATGAGCGAAACCACCA_024,20
GATGATGAGCGAAACCACCA_025,161
GATGGCTTGGATCATCGACA_001,30
GATGGCTTGGATCATCGACA_002,68
GATGGCTTGGATCATCGACA_003,50
TGTAATTTATTGGATGTTCG_001,22
TGTAATTTATTGGATGTTCG_002,40
TGCTCACCCAGAAACAGTTG_001,43
TGCTCACCCAGAAACAGTTG_002,184
TGCTCACCCAGAAACAGTTG_003,127
ACAGGATTCGGCGTGATTTG_001,4
ACAGGATTCGGCGTGATTTG_002,82
ATCCAGAATGCTTAGATGTG_001,68
ATCCAGAATGCTTAGATGTG_002,178
ATCCAGAATGCTTAGATGTG_003,144
ATCCAGAATGCTTAGATGTG_004,95
ATCCAGAATGCTTAGATGTG_005,85
ATCCAGAATGCTTAGATGTG_006,112
ATCCAGAATGCTTAGATGTG_007,134
ATCCAGAATGCTTAGATGTG_008,33
ATCCAGAATGCTTAGATGTG_009,2
ATCCAGAATGCTTAGATGTG_010,162
ATCCAGAATGCTTAGATGTG_011,147
GGAGCGGTGGAACTCGATCA_001,9
GGAGCGGTGGAACTCGATCA_002,177
GGAGCGGTGGAACTCGATCA_003,19
GGAGCGGTGGAACTCGATCA_004,104
GGAGCGGTGGAACTCGATCA_005,147
GGAGCGGTGGAACTCGATCA_006,85
GGAGCGGTGGAACTCGATCA_007,58
GGAGCGGTGGAACTCGATCA_008,146
CATGGAAACTCATTATGAGA_001,50
CATGGAAACTCATTATGAGA_002,94
CGGCTGTGTCCACGCCCCCG_001,170
CGGCTGTGTCCACGCCCCCG_002,94
CGGCTGTGTCCACGCCCCCG_003,121
CGGCTGTGTCCACGCCCCCG_004,95
CGGCTGTGTCCACGCCCCCG_005,92
CGGCTGTGTCCACGCCCCCG_006,164
CGGCTGTGTCCACGCCCCCG_007,61
CGGCTGTGTCCACGCCCCCG_008,19
CACACAGTATTAGGGCCAGG_001,134
CACACAGTATTAGGGCCAGG_002,134
CACACAGTATTAGGGCCAGG_003,19
CACACAGTATTAGGGCCAGG_004,159
CACACAGTATTAGGGCCAGG_005,72
CACACAGTATTAGGGCCAGG_006,24
CACACAGTATTAGGGCCAGG_007,194
CACACAGTATTAGGGCCAGG_008,32
CACACAGTATTAGGGCCAGG_009,83
CACACAGTATTAGGGCCAGG_010,37
CACACAGTATTAGGGCCAGG_011,17
CACACAGTATTAGGGCCAGG_012,198
ACGTCATTGGTACAAAACTC_001,119
ACGTCATTGGTACAAAACTC_002,112
ACGTCATTGGTACAAAACTC_003,91
ACGTCATTGGTACAAAACTC_004,116
ACGTCATTGGTACAAAACTC_005,116
TGAACCTAGAGTCAAAGAGT_001,66
TGAACCTAGAGTCAAAGAGT_002,98
TGAACCTAGAGTCAAAGAGT_003,38
TGAACCTAGAGTCAAAGAGT_004,149
TGAACCTAGAGTCAAAGAGT_005,175
TGAACCTAGAGTCAAAGAGT_006,91
TGAACCTAGAGTCAAAGAGT_007,161
TTGTCCTTTGGAAACCCAAG_001,5
TTGTCCTTTGGAAACCCAAG_002,23
TTGTCCTTTGGAAACCCAAG_003,137
CTGAAGCATTGCCAAAAGTG_001,50
CTGAAGCATTGCCAAAAGTG_002,44
CTGAAGCATTGCCAAAAGTG_003,36
CCCACAAGAGCCCATTAGAG_001,76
CCCACAAGAGCCCATTAGAG_002,160
CCCACAAGAGCCCATTAGAG_003,52
CCCACAAGAGCCCATTAGAG_004,41
CCCACAAGAGCCCATTAGAG_005,58
CCCACAAGAGCCCATTAGAG_006,149
CCCACAAGAGCCCATTAGAG_007,70
CCCACAAGAGCCCATTAGAG_008,180
CCCACAAGAGCCCATTAGAG_009,70
GTGTTAAAATCAACAAGGAT_001,44
GTGTTAAAATCAACAAGGAT_002,189
GTGTTAAAATCAACAAGGAT_003,55
GTGTTAAAATCAACAAGGAT_004,137
GTGTTAAAATCAACAAGGAT_005,53
GTGTTAAAATCAACAAGGAT_006,20
CTGCACCAAGCATCCCACAT_001,6
CTGCACCAAGCATCCCACAT_002,41
CTGCACCAAGCATCCCACAT_003,33
TTTGATAAAAGCTGCCGCTG_001,119
TTTGATAAAAGCTGCCGCTG_002,77
TTTGATAAAAGCTGCCGCTG_003,130
TTTGATAAAAGCTGCCGCTG_004,31
TTTGATAAAAGCTGCCGCTG_005,15
TTTGATAAAAGCTGCCGCTG_006,53
TTTGATAAAAGCTGCCGCTG_007,44
TTTGATAAAAGCTGCCGCTG_008,88
TTTGATAAAAGCTGCCGCTG_009,69
TTTGATAAAAGCTGCCGCTG_010,158
TTTGATAAAAGCTGCCGCTG_011,159
TTTGATAAAAGCTGCCGCTG_012,41
TTTGATAAAAGCTGCCGCTG_013,199
TTTGATAAAAGCTGCCGCTG_014,172
TTTGATAAAAGCTGCCGCTG_015,35
TTTGATAAAAGCTGCCGCTG_016,191
TTTGATAAAAGCTGCCGCTG_017,171
TTTGATAAAAGCTGCCGCTG_018,21
TTTGATAAAAGCTGCCGCTG_019,131
TTTGATAAAAGCTGCCGCTG_020,58
TTTGATAAAAGCTGCCGCTG_021,1
TTTGATAAAAGCTGCCGCTG_022,60
TTTGATAAAAGCTGCCGCTG_023,17
TTTGATAAAAGCTGCCGCTG_024,13
TTTGATAAAAGCTGCCGCTG_025,45
TTTGATAAAAGCTGCCGCTG_026,145
TTTGATAAAAGCTGCCGCTG_027,172
TTTGATAAAAGCTGCCGCTG_028,147
TTTGATAAAAGCTGCCGCTG_029,40
TTTGATAAAAGCTGCCGCTG_030,119
TTTGATAAAAGCTGCCGCTG_031,67
TTTGATAAAAGCTGCCGCTG_032,127
TTTGATAAAAGCTGCCGCTG_033,12
TTTGATAAAAGCTGCCGCTG_034,12
TTTGATAAAAGCTGCCGCTG_035,29
TTTGATAAAAGCTGCCGCTG_036,160
TTTGATAAAAGCTGCCGCTG_037,198
TTTGATAAAAGCTGCCGCTG_038,88
TTTGATAAAAGCTGCCGCTG_039,15
TTTGATAAAAGCTGCCGCTG_040,197
TTTGATAAAAGCTGCCGCTG_041,1
TTTGATAAAAGCTGCCGCTG_042,95
TTTGATAAAAGCTGCCGCTG_043,2
TTTGATAAAAGCTGCCGCTG_044,148
TTTGATAAAAGCTGCCGCTG_045,149
TTTGATAAAAGCTGCCGCTG_046,50
TTTGATAAAAGCTGCCGCTG_047,48
TTTGATAAAAGCTGCCGCTG_048,18
TTTGATAAAAGCTGCCGCTG_049,1
TTTGATAAAAGCTGCCGCTG_050,9
TTTGATAAAAGCTGCCGCTG_051,3
TTTGATAAAAGCTGCCGCTG_052,119
TTTGATAAAAGCTGCCGCTG_053,48
TTTGATAAAAGCTGCCGCTG_054,53
TTTGATAAAAGCTGCCGCTG_055,16
TTTGATAAAAGCTGCCGCTG_056,174
TTTGATAAAAGCTGCCGCTG_057,87
TTTGATAAAAGCTGCCGCTG_058,149
TTTGATAAAAGCTGCCGCTG_059,63
TTTGATAAAAGCTGCCGCTG_060,118
TTTGATAAAAGCTGCCGCTG_061,33
TTTGATAAAAGCTGCCGCTG_062,0
TTTGATAAAAGCTGCCGCTG_063,57
TTTGATAAAAGCTGCCGCTG_064,46
GGAATGTGTAACATAGACAC_001,19
GGAATGTGTAACATAGACAC_002,169
GGAATGTGTAACATAGACAC_003,57
GGAATGTGTAACATAGACAC_004,17
GGAATGTGTAACATAGACAC_005,169
GGAATGTGTAACATAGACAC_006,118
GGAATGTGTAACATAGACAC_007,83
GGAATGTGTAACATAGACAC_008,48
GGAATGTGTAACATAGACAC_009,127
GGAATGTGTAACATAGACAC_010,140
CGCGACGAGTACAAGCCACT_001,198
CGCGACGAGTACAAGCCACT_002,124
CGCGACGAGTACAAGCCACT_003,76
CGCGACGAGTACAAGCCACT_004,46
CTACGACCCCGACACCAGTG_001,177
CTACGACCCCGACACCAGTG_002,17
CTACGACCCCGACACCAGTG_003,102
CTACGACCCCGACACCAGTG_004,181
CTACGACCCCGACACCAGTG_005,176
CTACGACCCCGACACCAGTG_006,196
CTACGACCCCGACACCAGTG_007,199
CTACGACCCCGACACCAGTG_008,146
CTACGACCCCGACACCAGTG_009,50
CTACGACCCCGACACCAGTG_010,81
CTACGACCCCGACACCAGTG_011,34
CTACGACCCCGACACCAGTG_012,147
CTACGACCCCGACACCAGTG_013,154
CTACGACCCCGACACCAGTG_014,184
CTACGACCCCGACACCAGTG_015,69
CTACGACCCCGACACCAGTG_016,176
CTACGACCCCGACACCAGTG_017,114
CTACGACCCCGACACCAGTG_018,0
CTACGACCCCGACACCAGTG_019,40
CTACGACCCCGACACCAGTG_020,6
CTACGACCCCGACACCAGTG_021,126
CTACGACCCCGACACCAGTG_022,149
CTACGACCCCGACACCAGTG_023,179
CTACGACCCCGACACCAGTG_024,199
GACCATCCACCGCTACCTGT_001,41
GACCATCCACCGCTACCTGT_002,32
GACCATCCACCGCTACCTGT_003,151
GACCATCCACCGCTACCTGT_004,115
GACCATCCACCGCTACCTGT_005,77
GACCATCCACCGCTACCTGT_006,163
GACCATCCACCGCTACCTGT_007,149
GACCATCCACCGCTACCTGT_008,77
GACCATCCACCGCTACCTGT_009,175
GACCATCCACCGCTACCTGT_010,77
GACCATCCACCGCTACCTGT_011,119
GACCATCCACCGCTACCTGT_012,174
GACCATCCACCGCTACCTGT_013,13
GACCATCCACCGCTACCTGT_014,40
GACCATCCACCGCTACCTGT_015,114
GACCATCCACCGCTACCTGT_016,158
GACCATCCACCGCTACCTGT_017,77
GACCATCCACCGCTACCTGT_018,184
GACCATCCACCGCTACCTGT_019,148
GACCATCCACCGCTACCTGT_020,184
GACCATCCACCGCTACCTGT_021,79
GACCATCCACCGCTACCTGT_022,77
GACCATCCACCGCTACCTGT_023,198
GACCATCCACCGCTACCTGT_024,171
GACCATCCACCGCTACCTGT_025,49
GACCATCCACCGCTACCTGT_026,53
GACCATCCACCGCTACCTGT_027,176
GACCATCCACCGCTACCTGT_028,124
GACCATCCACCGCTACCTGT_029,168
GACCATCCACCGCTACCTGT_030,124
GACCATCCACCGCTACCTGT_031,153
GACCATCCACCGCTACCTGT_032,106
GACCATCCACCGCTACCTGT_033,52
GACCATCCACCGCTACCTGT_034,121
GACCATCCACCGCTACCTGT_035,151
GACCATCCACCGCTACCTGT_036,158
TGGCAAGCGGTATTTCACCT_001,94
TGGCAAGCGGTATTTCACCT_002,91
GACGCCCTAATGCCCATCGT_001,1
GACGCCCTAATGCCCATCGT_002,8
GACGCCCTAATGCCCATCGT_003,183
GACGCCCTAATGCCCATCGT_004,191
GACGCCCTAATGCCCATCGT_005,62
GACGCCCTAATGCCCATCGT_006,171
GACGCCCTAATGCCCATCGT_007,119
GACGCCCTAATGCCCATCGT_008,184
GACGCCCTAATGCCCATCGT_009,199
GACGCCCTAATGCCCATCGT_010,28
GACGCCCTAATGCCCATCGT_011,188
GACGCCCTAATGCCCATCGT_012,40
GACGCCCTAATGCCCATCGT_013,5
GACGCCCTAATGCCCATCGT_014,78
GACGCCCTAATGCCCATCGT_015,57
GACGCCCTAATGCCCATCGT_016,64
GACGCCCTAATGCCCATCGT_017,161
GACGCCCTAATGCCCATCGT_018,154
GACGCCCTAATGCCCATCGT_019,17
GACGCCCTAATGCCCATCGT_020,158
GACGCCCTAATGCCCATCGT_021,75
GACGCCCTAATGCCCATCGT_022,140
GACGCCCTAATGCCCATCGT_023,171
GACGCCCTAATGCCCATCGT_024,54
GACGCCCTAATGCCCATCGT_025,89
GACGCCCTAATGCCCATCGT_026,42
GACGCCCTAATGCCCATCGT_027,54
GACGCCCTAATGCCCATCGT_028,127
GACGCCCTAATGCCCATCGT_029,63
GACGCCCTAATGCCCATCGT_030,105
GACGCCCTAATGCCCATCGT_031,88
GACGCCCTAATGCCCATCGT_032,160
GACGCCCTAATGCCCATCGT_033,49
GACGCCCTAATGCCCATCGT_034,168
GACGCCCTAATGCCCATCGT_035,33
GATCCTGCAGCTGCTCAGAA_001,77
GATCCTGCAGCTGCTCAGAA_002,48
GATCCTGCAGCTGCTCAGAA_003,105
GATCCTGCAGCTGCTCAGAA_004,158
GATCCTGCAGCTGCTCAGAA_005,181
GATCCTGCAGCTGCTCAGAA_006,76
GCGCGGCAGTAGCGCTCGAG_001,98
GCGCGGCAGTAGCGCTCGAG_002,53
GCGCGGCAGTAGCGCTCGAG_003,184
GCGCGGCAGTAGCGCTCGAG_004,174
GCGCGGCAGTAGCGCTCGAG_005,179
GCGCGGCAGTAGCGCTCGAG_006,40
GCGCGGCAGTAGCGCTCGAG_007,172
GCGCGGCAGTAGCGCTCGAG_008,67
GCGCGGCAGTAGCGCTCGAG_009,77
GCGCGGCAGTAGCGCTCGAG_010,198
GCGCGGCAGTAGCGCTCGAG_011,177
GCGCGGCAGTAGCGCTCGAG_012,43
GCGCGGCAGTAGCGCTCGAG_013,52
ATTTGACAGAAAGTACACAA_001,49
ATTTGACAGAAAGTACACAA_002,186
ATTTGACAGAAAGTACACAA_003,65
ATTTGACAGAAAGTACACAA_004,181
ATTTGACAGAAAGTACACAA_005,169
ATTTGACAGAAAGTACACAA_006,91
GAGTGCAGGCCGCACAACCT_001,61
GAGTGCAGGCCGCACAACCT_002,134
GAGTGCAGGCCGCACAACCT_003,174
GAGTGCAGGCCGCACAACCT_004,57
GAGTGCAGGCCGCACAACCT_005,18
GAGTGCAGGCCGCACAACCT_006,188
GAGTGCAGGCCGCACAACCT_007,130
GAGTGCAGGCCGCACAACCT_008,102
GAGTGCAGGCCGCACAACCT_009,16
GAGTGCAGGCCGCACAACCT_010,45
GAGTGCAGGCCGCACAACCT_011,48
GAGTGCAGGCCGCACAACCT_012,103
GAGTGCAGGCCGCACAACCT_013,104
GAGTGCAGGCCGCACAACCT_014,184
GCTTGCACATCCATATAGAG_001,156
GCTTGCACATCCATATAGAG_002,77
GCTTGCACATCCATATAGAG_003,109
TCAGGGCCGGGCACTACACG_001,50
TCAGGGCCGGGCACTACACG_002,68
TCAGGGCCGGGCACTACACG_003,16
TCAGGGCCGGGCACTACACG_004,150
TCAGGGCCGGGCACTACACG_005,52
TCAGGGCCGGGCACTACACG_006,148
TCAGGGCCGGGCACTACACG_007,141
TCAGGGCCGGGCACTACACG_008,84
TCAGGGCCGGGCACTACACG_009,172
TCAGGGCCGGGCACTACACG_010,198
TCAGGGCCGGGCACTACACG_011,3
TCAGGGCCGGGCACTACACG_012,180
CTCATAGGGGTCCACCCACA_001,41
CTCATAGGGGTCCACCCACA_002,145
CTCATAGGGGTCCACCCACA_003,133
CTCATAGGGGTCCACCCACA_004,170
CTCATAGGGGTCCACCCACA_005,137
CTCATAGGGGTCCACCCACA_006,71
CTCATAGGGGTCCACCCACA_007,170
CTCATAGGGGTCCACCCACA_008,83
CTCATAGGGGTCCACCCACA_009,87
CTCATAGGGGTCCACCCACA_010,87
CTCATAGGGGTCCACCCACA_011,191
CTCATAGGGGTCCACCCACA_012,115
CTCATAGGGGTCCACCCACA_013,16
CTCATAGGGGTCCACCCACA_014,60
CTCATAGGGGTCCACCCACA_015,7
CTCATAGGGGTCCACCCACA_016,146
CACAGCCCCGTACCCATGGG_001,78
CACAGCCCCGTACCCATGGG_002,154
CACAGCCCCGTACCCATGGG_003,158
CACAGCCCCGTACCCATGGG_004,28
CACAGCCCCGTACCCATGGG_005,62
CACAGCCCCGTACCCATGGG_006,127
CACAGCCCCGTACCCATGGG_007,28
CACAGCCCCGTACCCATGGG_008,192
CACAGCCCCGTACCCATGGG_009,94
CACAGCCCCGTACCCATGGG_010,177
CACAGCCCCGTACCCATGGG_011,55
CACAGCCCCGTACCCATGGG_012,130
CACAGCCCCGTACCCATGGG_013,28
CACAGCCCCGTACCCATGGG_014,169
CACAGCCCCGTACCCATGGG_015,17
CACAGCCCCGTACCCATGGG_016,170
CACAGCCCCGTACCCATGGG_017,50
TGGCGGAGCTTAATCCACAC_001,102
TGGCGGAGCTTAATCCACAC_002,184
TGGCGGAGCTTAATCCACAC_003,145
TGGCGGAGCTTAATCCACAC_004,28
TGGCGGAGCTTAATCCACAC_005,74
TGGCGGAGCTTAATCCACAC_006,141
TGGCGGAGCTTAATCCACAC_007,177
TGGCGGAGCTTAATCCACAC_008,40
TGGCGGAGCTTAATCCACAC_009,4
AAGATCGCCGTAGACAAGAA_001,85
AAGATCGCCGTAGACAAGAA_002,94
AAGATCGCCGTAGACAAGAA_003,152
AAGATCGCCGTAGACAAGAA_004,90
AAGATCGCCGTAGACAAGAA_005,51
AAGATCGCCGTAGACAAGAA_006,93
AAGATCGCCGTAGACAAGAA_007,82
GTAGCGCCCGTCAGTCCACA_001,35
GTAGCGCCCGTCAGTCCACA_002,116
GTAGCGCCCGTCAGTCCACA_003,113
GTAGCGCCCGTCAGTCCACA_004,188
GTAGCGCCCGTCAGTCCACA_005,17
GTAGCGCCCGTCAGTCCACA_006,138
GTAGCGCCCGTCAGTCCACA_007,152
GTAGCGCCCGTCAGTCCACA_008,153
GTAGCGCCCGTCAGTCCACA_009,160
GTAGCGCCCGTCAGTCCACA_010,29
GTAGCGCCCGTCAGTCCACA_011,106
GTAGCGCCCGTCAGTCCACA_012,141
GTAGCGCCCGTCAGTCCACA_013,36
GTAGCGCCCGTCAGTCCACA_014,108
GTAGCGCCCGTCAGTCCACA_015,199
GTAGCGCCCGTCAGTCCACA_016,105
AAATTGGAAGAAATCTTGCG_001,38
AAATTGGAAGAAATCTTGCG_002,31
TTGGTGATTTCTCCGCTCTG_001,188
TTGGTGATTTCTCCGCTCTG_002,163
TTGGTGATTTCTCCGCTCTG_003,107
TTGGTGATTTCTCCGCTCTG_004,137
CACTTCCAACACAATGCCAC_001,137
CACTTCCAACACAATGCCAC_002,185
CACTTCCAACACAATGCCAC_003,50
CACTTCCAACACAATGCCAC_004,144
CACTTCCAACACAATGCCAC_005,88
CACTTCCAACACAATGCCAC_006,146
CACTTCCAACACAATGCCAC_007,123
CACTTCCAACACAATGCCAC_008,92
CACTTCCAACACAATGCCAC_009,156
CACTTCCAACACAATGCCAC_010,38
CACTTCCAACACAATGCCAC_011,32
CACTTCCAACACAATGCCAC_012,47
CACTTCCAACACAATGCCAC_013,136
CACTTCCAACACAATGCCAC_014,105
CACTTCCAACACAATGCCAC_015,1
ATAGCCCATCTACTTACCCG_001,182
ATAGCCCATCTACTTACCCG_002,56
AAGAGGTCAGAATCATGCGC_001,13
AAGAGGTCAGAATCATGCGC_002,141
AAGAGGTCAGAATCATGCGC_003,138
CATAGACGGATGACTCCCGT_001,103
CATAGACGGATGACTCCCGT_002,94
ACATATGTGGCACGATCCGT_001,162
ACATATGTGGCACGATCCGT_002,88
CCCAGTGAACCGAAAGAACG_001,43
CCCAGTGAACCGAAAGAACG_002,17
CCCAGTGAACCGAAAGAACG_003,23
CCCAGTGAACCGAAAGAACG_004,63
CCCAGTGAACCGAAAGAACG_005,154
CCCAGTGAACCGAAAGAACG_006,129
CCCAGTGAACCGAAAGAACG_007,115
CCCAGTGAACCGAAAGAACG_008,50
CCCAGTGAACCGAAAGAACG_009,187
CCCAGTGAACCGAAAGAACG_010,31
CCCAGTGAACCGAAAGAACG_011,70
CCCAGTGAACCGAAAGAACG_012,191
CCCAGTGAACCGAAAGAACG_013,175
CCCAGTGAACCGAAAGAACG_014,149
CCCAGTGAACCGAAAGAACG_015,199
CTATTCCATAAAGAAAGCTG_001,132
CTATTCCATAAAGAAAGCTG_002,83
CTATTCCATAAAGAAAGCTG_003,168
CTATTCCATAAAGAAAGCTG_004,174
CTATTCCATAAAGAAAGCTG_005,1
GAACAACAGGTTTATAACGG_001,88
GAACAACAGGTTTATAACGG_002,35
TCACTATCTATAGAGGACTG_001,79
TCACTATCTATAGAGGACTG_002,13
TCACTATCTATAGAGGACTG_003,190
CGGTCATCAACACGTAACAC_001,102
CGGTCATCAACACGTAACAC_002,192
GAAAATGTGCCGCACCCTAG_001,81
GAAAATGTGCCGCACCCTAG_002,186
GAAAATGTGCCGCACCCTAG_003,104
GAAAATGTGCCGCACCCTAG_004,9
GAAAATGTGCCGCACCCTAG_005,197
ACACGCACTATGTGAACCTG_001,165
ACACGCACTATGTGAACCTG_002,26
ACACGCACTATGTGAACCTG_003,29
ACACGCACTATGTGAACCTG_004,29
ACACGCACTATGTGAACCTG_005,130
ACACGCACTATGTGAACCTG_006,27
ACACGCACTATGTGAACCTG_007,52
ACACGCACTATGTGAACCTG_008,23
ACACGCACTATGTGAACCTG_009,24
ACACGCACTATGTGAACCTG_010,54
ACACGCACTATGTGAACCTG_011,171
ACACGCACTATGTGAACCTG_012,50
ACACGCACTATGTGAACCTG_013,2
ACACGCACTATGTGAACCTG_014,136
ACACGCACTATGTGAACCTG_015,68
ACACGCACTATGTGAACCTG_016,26
ACACGCACTATGTGAACCTG_017,180
ACACGCACTATGTGAACCTG_018,158
ACACGCACTATGTGAACCTG_019,40
ACACGCACTATGTGAACCTG_020,94
ACACGCACTATGTGAACCTG_021,137
ACACGCACTATGTGAACCTG_022,78
ACACGCACTATGTGAACCTG_023,145
ACACGCACTATGTGAACCTG_024,115
ACACGCACTATGTGAACCTG_025,47
ACACGCACTATGTGAACCTG_026,6
ACACGCACTATGTGAACCTG_027,144
ACACGCACTATGTGAACCTG_028,12
ACTCCTTTATGAAGACACTC_001,12
ACTCCTTTATGAAGACACTC_002,187
ACTCCTTTATGAAGACACTC_003,90
ACTCCTTTATGAAGACACTC_004,131
ACTCCTTTATGAAGACACTC_005,105
ACTCCTTTATGAAGACACTC_006,2
ACTCCTTTATGAAGACACTC_007,150
ACTCCTTTATGAAGACACTC_008,16
ACTCCTTTATGAAGACACTC_009,150
ACTGTGAGCACAACCCGAAG_001,101
ACTGTGAGCACAACCCGAAG_002,140
ACTGTGAGCACAACCCGAAG_003,195
ACTGTGAGCACAACCCGAAG_004,31
ACTGTGAGCACAACCCGAAG_005,170
ACTGTGAGCACAACCCGAAG_006,160
AGGGAGATGCAGAACCCCCG_001,63
AGGGAGATGCAGAACCCCCG_002,77
AGGGAGATGCAGAACCCCCG_003,185
AGGGAGATGCAGAACCCCCG_004,49
AGGGAGATGCAGAACCCCCG_005,61
AGGGAGATGCAGAACCCCCG_006,61
AGGGAGATGCAGAACCCCCG_007,94
AGGGAGATGCAGAACCCCCG_008,158
AGGGAGATGCAGAACCCCCG_009,185
AGGGAGATGCAGAACCCCCG_010,58
AGGGAGATGCAGAACCCCCG_011,86
AGGGAGATGCAGAACCCCCG_012,28
CGCCTCTCACGTGTAGGCTT_001,177
CGCCTCTCACGTGTAGGCTT_002,45
CGCCTCTCACGTGTAGGCTT_003,53
CGCCTCTCACGTGTAGGCTT_004,88
CGCCTCTCACGTGTAGGCTT_005,132
CGCCTCTCACGTGTAGGCTT_006,18
CGCCTCTCACGTGTAGGCTT_007,3
CGCCTCTCACGTGTAGGCTT_008,5
CGCCTCTCACGTGTAGGCTT_009,77
CGCCTCTCACGTGTAGGCTT_010,1
CGCCTCTCACGTGTAGGCTT_011,158
CGCCTCTCACGTGTAGGCTT_012,145
CGCCTCTCACGTGTAGGCTT_013,58
CGCCTCTCACGTGTAGGCTT_014,144
CGCCTCTCACGTGTAGGCTT_015,155
CGCCTCTCACGTGTAGGCTT_016,48
CGCCTCTCACGTGTAGGCTT_017,199
CGCCTCTCACGTGTAGGCTT_018,132
CGCCTCTCACGTGTAGGCTT_019,122
CGCCTCTCACGTGTAGGCTT_020,181
CGCCTCTCACGTGTAGGCTT_021,138
CGCCTCTCACGTGTAGGCTT_022,3
CGCCTCTCACGTGTAGGCTT_023,110
CGCCTCTCACGTGTAGGCTT_024,128
CGCCTCTCACGTGTAGGCTT_025,80
CGCCTCTCACGTGTAGGCTT_026,49
ACCTGGAGTCCAACTTGGTG_001,13
ACCTGGAGTCCAACTTGGTG_002,53
ACCTGGAGTCCAACTTGGTG_003,154
ACCTGGAGTCCAACTTGGTG_004,35
ACCTGGAGTCCAACTTGGTG_005,170
ACCTGGAGTCCAACTTGGTG_006,118
ACCTGGAGTCCAACTTGGTG_007,11
ACCTGGAGTCCAACTTGGTG_008,147
ACCTGGAGTCCAACTTGGTG_009,30
ACCTGGAGTCCAACTTGGTG_010,52
ACCTGGAGTCCAACTTGGTG_011,20
ACCTGGAGTCCAACTTGGTG_012,70
ACCTGGAGTCCAACTTGGTG_013,166
GAACGTCTTCTTGTCACATG_001,170
GAACGTCTTCTTGTCACATG_002,46
GGCGCCAAGGTCCCCGCGGG_001,130
GGCGCCAAGGTCCCCGCGGG_002,137
GGCGCCAAGGTCCCCGCGGG_003,191
GGCGCCAAGGTCCCCGCGGG_004,45
GGCGCCAAGGTCCCCGCGGG_005,162
GGCGCCAAGGTCCCCGCGGG_006,101
GGCGCCAAGGTCCCCGCGGG_007,112
GGCGCCAAGGTCCCCGCGGG_008,30
GGCGCCAAGGTCCCCGCGGG_009,121
GGCGCCAAGGTCCCCGCGGG_010,19
GGCGCCAAGGTCCCCGCGGG_011,27
GGCGCCAAGGTCCCCGCGGG_012,63
GGCGCCAAGGTCCCCGCGGG_013,137
GGCGCCAAGGTCCCCGCGGG_014,82
GGCGCCAAGGTCCCCGCGGG_015,50
GGCGCCAAGGTCCCCGCGGG_016,124
GTGCGAAAAACGGCTCAAGG_001,56
GTGCGAAAAACGGCTCAAGG_002,49
GTGCGAAAAACGGCTCAAGG_003,137
GTGCGAAAAACGGCTCAAGG_004,130
GTGCGAAAAACGGCTCAAGG_005,58
GTGCGAAAAACGGCTCAAGG_006,62
GTGCGAAAAACGGCTCAAGG_007,198
GTGCGAAAAACGGCTCAAGG_008,81
GTGCGAAAAACGGCTCAAGG_009,41
GTGCGAAAAACGGCTCAAGG_010,12
GTGCGAAAAACGGCTCAAGG_011,199
GTGCGAAAAACGGCTCAAGG_012,0
GTGCGAAAAACGGCTCAAGG_013,104
GTGCGAAAAACGGCTCAAGG_014,1
GTGCGAAAAACGGCTCAAGG_015,197
GTGCGAAAAACGGCTCAAGG_016,34
GTGCGAAAAACGGCTCAAGG_017,115
GTGCGAAAAACGGCTCAAGG_018,8
GTGCGAAAAACGGCTCAAGG_019,13
GTGCGAAAAACGGCTCAAGG_020,97
GTGCGAAAAACGGCTCAAGG_021,77
GTGCGAAAAACGGCTCAAGG_022,53
GTGCGAAAAACGGCTCAAGG_023,108
GTGCGAAAAACGGCTCAAGG_024,144
GTGCGAAAAACGGCTCAAGG_025,152
GTGCGAAAAACGGCTCAAGG_026,18
GTGCGAAAAACGGCTCAAGG_027,153
GTGCGAAAAACGGCTCAAGG_028,199
GTGCGAAAAACGGCTCAAGG_029,176
AGGGCTCAGGCACCTTGGGG_001,106
AGGGCTCAGGCACCTTGGGG_002,103
AGGGCTCAGGCACCTTGGGG_003,121
AGGGCTCAGGCACCTTGGGG_004,51
AGGGCTCAGGCACCTTGGGG_005,119
AGGGCTCAGGCACCTTGGGG_006,104
AGGGCTCAGGCACCTTGGGG_007,69
AGGGCTCAGGCACCTTGGGG_008,0
AGGGCTCAGGCACCTTGGGG_009,68
AGGGCTCAGGCACCTTGGGG_010,6
AGGGCTCAGGCACCTTGGGG_011,168
AGGGCTCAGGCACCTTGGGG_012,53
AGGGCTCAGGCACCTTGGGG_013,13
AGGGCTCAGGCACCTTGGGG_014,36
ACCACCGTGTTACGAAGAGG_001,107
ACCACCGTGTTACGAAGAGG_002,70
CATTGGACTTATGAATGCAC_001,81
CATTGGACTTATGAATGCAC_002,149
CATTGGACTTATGAATGCAC_003,184
CATTGGACTTATGAATGCAC_004,118
CATTGGACTTATGAATGCAC_005,115
CATTGGACTTATGAATGCAC_006,166
CATTGGACTTATGAATGCAC_007,36
CATTGGACTTATGAATGCAC_008,58
GAGCGACCGTATAGACCGAG_001,27
GAGCGACCGTATAGACCGAG_002,157
GAGCGACCGTATAGACCGAG_003,162
GAGCGACCGTATAGACCGAG_004,145
GAGCGACCGTATAGACCGAG_005,44
GAGCGACCGTATAGACCGAG_006,1
GAGCGACCGTATAGACCGAG_007,54
GATAACGTTCAAATGCATTG_001,88
GATAACGTTCAAATGCATTG_002,17
GATAACGTTCAAATGCATTG_003,28
GATAACGTTCAAATGCATTG_004,88
GATAACGTTCAAATGCATTG_005,1
GATAACGTTCAAATGCATTG_006,135
GATAACGTTCAAATGCATTG_007,81
TGGAATTGTGGCAATCAAAG_001,132
TGGAATTGTGGCAATCAAAG_002,138
TTTGAGACATACAAGAAGCC_001,181
TTTGAGACATACAAGAAGCC_002,43
TTTGAGACATACAAGAAGCC_003,132
TTTGAGACATACAAGAAGCC_004,77
TTTGAGACATACAAGAAGCC_005,105
TTTGAGACATACAAGAAGCC_006,191
CGAGGGAAGAAGCTGCCAAG_001,196
CGAGGGAAGAAGCTGCCAAG_002,125
CGAGGGAAGAAGCTGCCAAG_003,114
CGAGGGAAGAAGCTGCCAAG_004,134
CGAGGGAAGAAGCTGCCAAG_005,168
CGAGGGAAGAAGCTGCCAAG_006,130
CGAGGGAAGAAGCTGCCAAG_007,29
CGAGGGAAGAAGCTGCCAAG_008,65
CGAGGGAAGAAGCTGCCAAG_009,111
CGAGGGAAGAAGCTGCCAAG_010,172
CGAGGGAAGAAGCTGCCAAG_011,184
CGAGGGAAGAAGCTGCCAAG_012,149
CGAGGGAAGAAGCTGCCAAG_013,121
CGAGGGAAGAAGCTGCCAAG_014,41
CGAGGGAAGAAGCTGCCAAG_015,34
CGAGGGAAGAAGCTGCCAAG_016,85
CGAGGGAAGAAGCTGCCAAG_017,5
CGAGGGAAGAAGCTGCCAAG_018,146
CGAGGGAAGAAGCTGCCAAG_019,49
CGAGGGAAGAAGCTGCCAAG_020,154
CGAGGGAAGAAGCTGCCAAG_021,53
CGAGGGAAGAAGCTGCCAAG_022,1
CGAGGGAAGAAGCTGCCAAG_023,69
CGAGGGAAGAAGCTGCCAAG_024,12
CGAGGGAAGAAGCTGCCAAG_025,13
CGAGGGAAGAAGCTGCCAAG_026,50
CGAGGGAAGAAGCTGCCAAG_027,28
CGAGGGAAGAAGCTGCCAAG_028,104
GGAGGCGCCAATGGGACCGC_001,92
GGAGGCGCCAATGGGACCGC_002,137
GGAGGCGCCAATGGGACCGC_003,69
GGAGGCGCCAATGGGACCGC_004,113
GGAGGCGCCAATGGGACCGC_005,166
GGAGGCGCCAATGGGACCGC_006,169
GGAGGCGCCAATGGGACCGC_007,189
GGAGGCGCCAATGGGACCGC_008,117
GGAGGCGCCAATGGGACCGC_009,89
GGAGGCGCCAATGGGACCGC_010,33
GGAGGCGCCAATGGGACCGC_011,188
GGAGGCGCCAATGGGACCGC_012,188
GGAGGCGCCAATGGGACCGC_013,78
AACAGCGAAGTCTTGAAGAG_001,23
AACAGCGAAGTCTTGAAGAG_002,68
AACAGCGAAGTCTTGAAGAG_003,34
ATTGATAACCAGGAGCAGAG_001,59
ATTGATAACCAGGAGCAGAG_002,175
ATTGATAACCAGGAGCAGAG_003,179
ATTGATAACCAGGAGCAGAG_004,108
ATTGATAACCAGGAGCAGAG_005,32
ATTGATAACCAGGAGCAGAG_006,145
ATTGATAACCAGGAGCAGAG_007,62
ATTGATAACCAGGAGCAGAG_008,171
ATTGATAACCAGGAGCAGAG_009,86
ATTGATAACCAGGAGCAGAG_010,56
ATTGATAACCAGGAGCAGAG_011,150
ATTGATAACCAGGAGCAGAG_012,136
ATTGATAACCAGGAGCAGAG_013,175
ATTGATAACCAGGAGCAGAG_014,179
ATTGATAACCAGGAGCAGAG_015,52
ATTGATAACCAGGAGCAGAG_016,194
TCGGTACTTGTACAAATCCC_001,105
TTCTTTGTAATAGACTCACA_001,188
TTCTTTGTAATAGACTCACA_002,9
TTCTTTGTAATAGACTCACA_003,49
TTCTTTGTAATAGACTCACA_004,19
TTCTTTGTAATAGACTCACA_005,24
AAGTATTAGACCTCAGACGA_001,179
AAGTATTAGACCTCAGACGA_002,151
AAGTATTAGACCTCAGACGA_003,89
AAGTATTAGACCTCAGACGA_004,119
AAGTATTAGACCTCAGACGA_005,94
AAGTATTAGACCTCAGACGA_006,115
GCATGAGCAGCAAATTGATG_001,107
GCATGAGCAGCAAATTGATG_002,117
GCATGAGCAGCAAATTGATG_003,9
GCATGAGCAGCAAATTGATG_004,1
GCATGAGCAGCAAATTGATG_005,160
GCATGAGCAGCAAATTGATG_006,188
GTGTGAAGGAATATTTCTCC_001,118
GTGTGAAGGAATATTTCTCC_002,49
GTGTGAAGGAATATTTCTCC_003,63
GTGTGAAGGAATATTTCTCC_004,4
ATCAAAGACTACTTCCACCG_001,107
ATCAAAGACTACTTCCACCG_002,130
ATCAAAGACTACTTCCACCG_003,50
ATCAAAGACTACTTCCACCG_004,15
ATCAAAGACTACTTCCACCG_005,8
ATCAAAGACTACTTCCACCG_006,106
ATCAAAGACTACTTCCACCG_007,1
ATCAAAGACTACTTCCACCG_008,169
ATCAAAGACTACTTCCACCG_009,32
TATTGGCTCCATGAGAGTGG_001,44
TATTGGCTCCATGAGAGTGG_002,22
TATTGGCTCCATGAGAGTGG_003,190
TATTGGCTCCATGAGAGTGG_004,22
GTGACGACCATAAGTTGCAG_001,6
GTGACGACCATAAGTTGCAG_002,9
GTGACGACCATAAGTTGCAG_003,46
GTGACGACCATAAGTTGCAG_004,50
GTGACGACCATAAGTTGCAG_005,188
GTGACGACCATAAGTTGCAG_006,181
GTGACGACCATAAGTTGCAG_007,73
TGGAATACCTCCACTCACGA_001,149
TGGAATACCTCCACTCACGA_002,69
TGGAATACCTCCACTCACGA_003,113
TGGAATACCTCCACTCACGA_004,34
TGGAATACCTCCACTCACGA_005,117
TGGAATACCTCCACTCACGA_006,145
TGGAATACCTCCACTCACGA_007,85
TGGAATACCTCCACTCACGA_008,149
TGGAATACCTCCACTCACGA_009,24
TGGAATACCTCCACTCACGA_010,56
TGGAATACCTCCACTCACGA_011,123
TGGAATACCTCCACTCACGA_012,99
TGGAATACCTCCACTCACGA_013,121
TGGAATACCTCCACTCACGA_014,151
CAAGGTCAAATCTCTGCCCG_001,62
CCTACTCAAACCCATCCTGT_001,1
CCTACTCAAACCCATCCTGT_002,185
CCTACTCAAACCCATCCTGT_003,194
CCTACTCAAACCCATCCTGT_004,65
CCTACTCAAACCCATCCTGT_005,171
CCTACTCAAACCCATCCTGT_006,108
CCTACTCAAACCCATCCTGT_007,47
CCTACTCAAACCCATCCTGT_008,141
CCTACTCAAACCCATCCTGT_009,145
CCTACTCAAACCCATCCTGT_010,80
CCTACTCAAACCCATCCTGT_011,158
CCTACTCAAACCCATCCTGT_012,34
CCTACTCAAACCCATCCTGT_013,81
CCTACTCAAACCCATCCTGT_014,12
CCTACTCAAACCCATCCTGT_015,144
CCTACTCAAACCCATCCTGT_016,180
CCTACTCAAACCCATCCTGT_017,14
CCTACTCAAACCCATCCTGT_018,66
CCTACTCAAACCCATCCTGT_019,62
TGGGGCAAGACCCATTCACC_001,188
TGGGGCAAGACCCATTCACC_002,104
TGGGGCAAGACCCATTCACC_003,196
TGGGGCAAGACCCATTCACC_004,172
TGGGGCAAGACCCATTCACC_005,127
AAGCAAGAGCTATGGCCAAG_001,77
AAGCAAGAGCTATGGCCAAG_002,72
AAGCAAGAGCTATGGCCAAG_003,197
AAGCAAGAGCTATGGCCAAG_004,84
AAGCAAGAGCTATGGCCAAG_005,93
ACTCACTCAAGGTGTCCCAT_001,8
ACTCACTCAAGGTGTCCCAT_002,119
ACTCACTCAAGGTGTCCCAT_003,0
ACTCACTCAAGGTGTCCCAT_004,102
ACTCACTCAAGGTGTCCCAT_005,5
ACTCACTCAAGGTGTCCCAT_006,51
ACTCACTCAAGGTGTCCCAT_007,171
ACTCACTCAAGGTGTCCCAT_008,63
ACTCACTCAAGGTGTCCCAT_009,43
ACTCACTCAAGGTGTCCCAT_010,179
ACTCACTCAAGGTGTCCCAT_011,121
ACTCACTCAAGGTGTCCCAT_012,176
ACTCACTCAAGGTGTCCCAT_013,170
ACTCACTCAAGGTGTCCCAT_014,188
ATGGTGAAATCACTCAACAC_001,50
ATGGTGAAATCACTCAACAC_002,81
ATGGTGAAATCACTCAACAC_003,178
ATGGTGAAATCACTCAACAC_004,132
ATGGTGAAATCACTCAACAC_005,198
ATGGTGAAATCACTCAACAC_006,15
ATGGTGAAATCACTCAACAC_007,189
ATGGTGAAATCACTCAACAC_008,165
ATGGTGAAATCACTCAACAC_009,186
ATGGTGAAATCACTCAACAC_010,94
ATGGTGAAATCACTCAACAC_011,157
ATGGTGAAATCACTCAACAC_012,98
ATGGTGAAATCACTCAACAC_013,155
ATGGTGAAATCACTCAACAC_014,1
ATGGTGAAATCACTCAACAC_015,29
ATGGTGAAATCACTCAACAC_016,81
ATGGTGAAATCACTCAACAC_017,184
ATGGTGAAATCACTCAACAC_018,95
ATGGTGAAATCACTCAACAC_019,132
ATGGTGAAATCACTCAACAC_020,157
ATGGTGAAATCACTCAACAC_021,118
ATGGTGAAATCACTCAACAC_022,12
CATGTGGCGGGACCTCACGG_001,147
CATGTGGCGGGACCTCACGG_002,31
CATGTGGCGGGACCTCACGG_003,54
CATGTGGCGGGACCTCACGG_004,137
CATGTGGCGGGACCTCACGG_005,62
CATGTGGCGGGACCTCACGG_006,144
CATGTGGCGGGACCTCACGG_007,143
CATGTGGCGGGACCTCACGG_008,12
CATGTGGCGGGACCTCACGG_009,107
CATGTGGCGGGACCTCACGG_010,83
CATGTGGCGGGACCTCACGG_011,23
CATGTGGCGGGACCTCACGG_012,40
CATGTGGCGGGACCTCACGG_013,88
CATGTGGCGGGACCTCACGG_014,117
CATGTGGCGGGACCTCACGG_015,176
CATGTGGCGGGACCTCACGG_016,135
CATGTGGCGGGACCTCACGG_017,86
CATGTGGCGGGACCTCACGG_018,123
CATGTGGCGGGACCTCACGG_019,57
CATGTGGCGGGACCTCACGG_020,94
CATGTGGCGGGACCTCACGG_021,144
CATGTGGCGGGACCTCACGG_022,168
CATGTGGCGGGACCTCACGG_023,56
CATGTGGCGGGACCTCACGG_024,155
CATGTGGCGGGACCTCACGG_025,184
CATGTGGCGGGACCTCACGG_026,3
CATGTGGCGGGACCTCACGG_027,128
CATGTGGCGGGACCTCACGG_028,125
CATGTGGCGGGACCTCACGG_029,44
CATGTGGCGGGACCTCACGG_030,166
CATGTGGCGGGACCTCACGG_031,116
CATGTGGCGGGACCTCACGG_032,138
CATGTGGCGGGACCTCACGG_033,145
CATGTGGCGGGACCTCACGG_034,162
CATGTGGCGGGACCTCACGG_035,67
CATGTGGCGGGACCTCACGG_036,96
CATGTGGCGGGACCTCACGG_037,62
CATGTGGCGGGACCTCACGG_038,126
CATGTGGCGGGACCTCACGG_039,98
CATGTGGCGGGACCTCACGG_040,9
CATGTGGCGGGACCTCACGG_041,154
CATGTGGCGGGACCTCACGG_042,90
CATGTGGCGGGACCTCACGG_043,170
TTTCCCGTCCACCATCACGT_001,1
TTTCCCGTCCACCATCACGT_002,66
GCGCGGCCCAGGAAGTCGAA_001,45
GCGCGGCCCAGGAAGTCGAA_002,15
GCGCGGCCCAGGAAGTCGAA_003,16
GCGCGGCCCAGGAAGTCGAA_004,160
GCGCGGCCCAGGAAGTCGAA_005,103
GCGCGGCCCAGGAAGTCGAA_006,3
GCGCGGCCCAGGAAGTCGAA_007,56
GCGCGGCCCAGGAAGTCGAA_008,147
GCGCGGCCCAGGAAGTCGAA_009,170
GCGCGGCCCAGGAAGTCGAA_010,49
GCGCGGCCCAGGAAGTCGAA_011,58
GCGCGGCCCAGGAAGTCGAA_012,77
GCGCGGCCCAGGAAGTCGAA_013,115
GCGCGGCCCAGGAAGTCGAA_014,68
AGAAGAGGTTGGTGCCAACG_001,77
AGAAGAGGTTGGTGCCAACG_002,182
AGAAGAGGTTGGTGCCAACG_003,1
AGAAGAGGTTGGTGCCAACG_004,40
AGAAGAGGTTGGTGCCAACG_005,184
AGAAGAGGTTGGTGCCAACG_006,8
AGAAGAGGTTGGTGCCAACG_007,43
AGAAGAGGTTGGTGCCAACG_008,198
AGAAGAGGTTGGTGCCAACG_009,156
AGAAGAGGTTGGTGCCAACG_010,185
AGAAGAGGTTGGTGCCAACG_011,118
AGAAGAGGTTGGTGCCAACG_012,60
AGAAGAGGTTGGTGCCAACG_013,198
AGAAGAGGTTGGTGCCAACG_014,118
AGAAGAGGTTGGTGCCAACG_015,146
AGAAGAGGTTGGTGCCAACG_016,190
AGAAGAGGTTGGTGCCAACG_017,56
AGAAGAGGTTGGTGCCAACG_018,129
AGAAGAGGTTGGTGCCAACG_019,55
AGAAGAGGTTGGTGCCAACG_020,103
AGAAGAGGTTGGTGCCAACG_021,151
AGAAGAGGTTGGTGCCAACG_022,107
AGAAGAGGTTGGTGCCAACG_023,116
AGAAGAGGTTGGTGCCAACG_024,137
AGAAGAGGTTGGTGCCAACG_025,9
AGAAGAGGTTGGTGCCAACG_026,2
AGAAGAGGTTGGTGCCAACG_027,14
AGAAGAGGTTGGTGCCAACG_028,113
AGAAGAGGTTGGTGCCAACG_029,180
AGAAGAGGTTGGTGCCAACG_030,34
AGAAGAGGTTGGTGCCAACG_031,17
AGAAGAGGTTGGTGCCAACG_032,153
ATTTCAGGAGGCTGTACATA_001,36
ATTTCAGGAGGCTGTACATA_002,165
ATTTCAGGAGGCTGTACATA_003,169
ATTTCAGGAGGCTGTACATA_004,166
ATTTCAGGAGGCTGTACATA_005,188
ATTTCAGGAGGCTGTACATA_006,97
ATTTCAGGAGGCTGTACATA_007,61
ATTTCAGGAGGCTGTACATA_008,105
ATTTCAGGAGGCTGTACATA_009,177
GTTCGAGCACTCAGGACTGT_001,168
GTTCGAGCACTCAGGACTGT_002,49
GTTCGAGCACTCAGGACTGT_003,69
GTTCGAGCACTCAGGACTGT_004,130
GTTCGAGCACTCAGGACTGT_005,133
GTTCGAGCACTCAGGACTGT_006,182
GTTCGAGCACTCAGGACTGT_007,47
GTTCGAGCACTCAGGACTGT_008,77
GTTCGAGCACTCAGGACTGT_009,29
GTTCGAGCACTCAGGACTGT_010,58
GTTCGAGCACTCAGGACTGT_011,116
GTTCGAGCACTCAGGACTGT_012,63
GTTCGAGCACTCAGGACTGT_013,191
GTTCGAGCACTCAGGACTGT_014,141
GTTCGAGCACTCAGGACTGT_015,30
GTTCGAGCACTCAGGACTGT_016,157
GTTCGAGCACTCAGGACTGT_017,103
GTTCGAGCACTCAGGACTGT_018,148
GTTCGAGCACTCAGGACTGT_019,175
GTTCGAGCACTCAGGACTGT_020,77
GTTCGAGCACTCAGGACTGT_021,180
GTTCGAGCACTCAGGACTGT_022,5
GTTCGAGCACTCAGGACTGT_023,15
CAGACTCATATGAACTGGTG_001,108
TCAGGATGCTGTGATAGGCG_001,144
TCAGGATGCTGTGATAGGCG_002,92
TCAGGATGCTGTGATAGGCG_003,181
TCCACTACACTGTCATCATG_001,166
TCCACTACACTGTCATCATG_002,52
TCCACTACACTGTCATCATG_003,116
TCCACTACACTGTCATCATG_004,190
TCCACTACACTGTCATCATG_005,43
TCCACTACACTGTCATCATG_006,43
TCCACTACACTGTCATCATG_007,28
TCCACTACACTGTCATCATG_008,5
CGATGCCTATTACTGCACTG_001,181
CGATGCCTATTACTGCACTG_002,55
CGATGCCTATTACTGCACTG_003,42
CGATGCCTATTACTGCACTG_004,28
CGATGCCTATTACTGCACTG_005,22
CGATGCCTATTACTGCACTG_006,160
CGATGCCTATTACTGCACTG_007,118
GACACTTGGCGGGTGCCACG_001,134
GACACTTGGCGGGTGCCACG_002,29
GACACTTGGCGGGTGCCACG_003,130
GACACTTGGCGGGTGCCACG_004,138
GACACTTGGCGGGTGCCACG_005,199
GACACTTGGCGGGTGCCACG_006,183
GACACTTGGCGGGTGCCACG_007,146
GACACTTGGCGGGTGCCACG_008,101
GACACTTGGCGGGTGCCACG_009,147
GACACTTGGCGGGTGCCACG_010,20
GACACTTGGCGGGTGCCACG_011,33
GACACTTGGCGGGTGCCACG_012,113
GACACTTGGCGGGTGCCACG_013,48
GACACTTGGCGGGTGCCACG_014,6
GACACTTGGCGGGTGCCACG_015,57
GACACTTGGCGGGTGCCACG_016,57
GACACTTGGCGGGTGCCACG_017,98
GACACTTGGCGGGTGCCACG_018,98
GACACTTGGCGGGTGCCACG_019,60
GACACTTGGCGGGTGCCACG_020,88
GACACTTGGCGGGTGCCACG_021,89
GACACTTGGCGGGTGCCACG_022,118
GACACTTGGCGGGTGCCACG_023,142
GACACTTGGCGGGTGCCACG_024,66
GACACTTGGCGGGTGCCACG_025,77
GAACGCTACATAAACTTGGG_001,149
GAACGCTACATAAACTTGGG_002,78
GAACGCTACATAAACTTGGG_003,19
GAACGCTACATAAACTTGGG_004,115
GAACGCTACATAAACTTGGG_005,181
GAACGCTACATAAACTTGGG_006,129
GAACGCTACATAAACTTGGG_007,33
GAACGCTACATAAACTTGGG_008,98
GAACGCTACATAAACTTGGG_009,41
GAACGCTACATAAACTTGGG_010,93
GAACGCTACATAAACTTGGG_011,81
GAACGCTACATAAACTTGGG_012,41
GAACGCTACATAAACTTGGG_013,150
GAACGCTACATAAACTTGGG_014,15
GGAATTGTCAAGTCTATGAG_001,8
GGAATTGTCAAGTCTATGAG_002,8
GGAATTGTCAAGTCTATGAG_003,117
GGAATTGTCAAGTCTATGAG_004,120
GGAATTGTCAAGTCTATGAG_005,94
CGCAGTCCGGGAAGGGACAG_001,197
CGCAGTCCGGGAAGGGACAG_002,28
CGCAGTCCGGGAAGGGACAG_003,58
CGCAGTCCGGGAAGGGACAG_004,198
CGCAGTCCGGGAAGGGACAG_005,17
CGCAGTCCGGGAAGGGACAG_006,2
CGCAGTCCGGGAAGGGACAG_007,199
CGCAGTCCGGGAAGGGACAG_008,19
CGCAGTCCGGGAAGGGACAG_009,41
CGCAGTCCGGGAAGGGACAG_010,185
CGCAGTCCGGGAAGGGACAG_011,75
CGCAGTCCGGGAAGGGACAG_012,92
CGCAGTCCGGGAAGGGACAG_013,90
CGCAGTCCGGGAAGGGACAG_014,175
CGCAGTCCGGGAAGGGACAG_015,91
CGCAGTCCGGGAAGGGACAG_016,156
CGCAGTCCGGGAAGGGACAG_017,150
CGCAGTCCGGGAAGGGACAG_018,134
CGCAGTCCGGGAAGGGACAG_019,2
CGCAGTCCGGGAAGGGACAG_020,137
CGCAGTCCGGGAAGGGACAG_021,97
CGCAGTCCGGGAAGGGACAG_022,108
CGCAGTCCGGGAAGGGACAG_023,78
TGATGTGGGTGAGAATCTAA_001,146
TGATGTGGGTGAGAATCTAA_002,112
TGATGTGGGTGAGAATCTAA_003,148
TTGTCAGCACCAAACAGCGA_001,91
TTGTCAGCACCAAACAGCGA_002,177
TTGTCAGCACCAAACAGCGA_003,132
TTGTCAGCACCAAACAGCGA_004,85
TTGTCAGCACCAAACAGCGA_005,49
TTGTCAGCACCAAACAGCGA_006,43
TTGTCAGCACCAAACAGCGA_007,127
TTGTCAGCACCAAACAGCGA_008,176
TTGTCAGCACCAAACAGCGA_009,35
TTGTCAGCACCAAACAGCGA_010,48
TTGTCAGCACCAAACAGCGA_011,121
TTGTCAGCACCAAACAGCGA_012,179
TTGTCAGCACCAAACAGCGA_013,8
TTGTCAGCACCAAACAGCGA_014,49
TTGTCAGCACCAAACAGCGA_015,104
TTGTCAGCACCAAACAGCGA_016,160
TTGTCAGCACCAAACAGCGA_017,191
TTGTCAGCACCAAACAGCGA_018,145
TTGTCAGCACCAAACAGCGA_019,88
TTGTCAGCACCAAACAGCGA_020,76
TTGTCAGCACCAAACAGCGA_021,19
TTGTCAGCACCAAACAGCGA_022,41
TTGTCAGCACCAAACAGCGA_023,147
GGTGCACAGGTACTACCGAC_001,96
GGTGCACAGGTACTACCGAC_002,56
GGTGCACAGGTACTACCGAC_003,94
GGTGCACAGGTACTACCGAC_004,169
GGTGCACAGGTACTACCGAC_005,2
ATATTGATAGGTCGAACGGC_001,60
ATATTGATAGGTCGAACGGC_002,25
ATATTGATAGGTCGAACGGC_003,25
ATATTGATAGGTCGAACGGC_004,82
ATATTGATAGGTCGAACGGC_005,30
AGCACATGGATGTATCCATG_001,150
AGCACATGGATGTATCCATG_002,61
AGCACATGGATGTATCCATG_003,105
AGCACATGGATGTATCCATG_004,181
AGCACATGGATGTATCCATG_005,168
AGCACATGGATGTATCCATG_006,58
AGCACATGGATGTATCCATG_007,178
AGCACATGGATGTATCCATG_008,88
AGCACATGGATGTATCCATG_009,129
AGCACATGGATGTATCCATG_010,73
AGCACATGGATGTATCCATG_011,80
AGCACATGGATGTATCCATG_012,47
AGCACATGGATGTATCCATG_013,118
AGCACATGGATGTATCCATG_014,176
AGCACATGGATGTATCCATG_015,11
AGCACATGGATGTATCCATG_016,168
AGCACATGGATGTATCCATG_017,188
GGAACTGTACGAGATAGGCG_001,70
GGAACTGTACGAGATAGGCG_002,27
GGAACTGTACGAGATAGGCG_003,57
GGAACTGTACGAGATAGGCG_004,82
GGAACTGTACGAGATAGGCG_005,192
GGAACTGTACGAGATAGGCG_006,130
GGAACTGTACGAGATAGGCG_007,0
GCTCCGTGCCTCGTCGACCC_001,130
GCTCCGTGCCTCGTCGACCC_002,105
AGTTAACTGCCACCTCACAG_001,77
AGTTAACTGCCACCTCACAG_002,150
AGTTAACTGCCACCTCACAG_003,98
AGTTAACTGCCACCTCACAG_004,27
AGTTAACTGCCACCTCACAG_005,155
AGTTAACTGCCACCTCACAG_006,8
AGTTAACTGCCACCTCACAG_007,33
AGTTAACTGCCACCTCACAG_008,8
AGTTAACTGCCACCTCACAG_009,190
AGTTAACTGCCACCTCACAG_010,79
AGTTAACTGCCACCTCACAG_011,28
AGTTAACTGCCACCTCACAG_012,10
CCTGAGTCATCTCAGAGCGT_001,80
CCTGAGTCATCTCAGAGCGT_002,119
ACATCGGCCCTAGACAGGGG_001,170
ACATCGGCCCTAGACAGGGG_002,151
ACATCGGCCCTAGACAGGGG_003,9
ACATCGGCCCTAGACAGGGG_004,188
ACATCGGCCCTAGACAGGGG_005,78
ACATCGGCCCTAGACAGGGG_006,54
ACATCGGCCCTAGACAGGGG_007,25
ACATCGGCCCTAGACAGGGG_008,60
ACATCGGCCCTAGACAGGGG_009,199
ACATCGGCCCTAGACAGGGG_010,5
ACATCGGCCCTAGACAGGGG_011,170
ACATCGGCCCTAGACAGGGG_012,4
ACATCGGCCCTAGACAGGGG_013,50
ACATCGGCCCTAGACAGGGG_014,100
ACATCGGCCCTAGACAGGGG_015,17
ACATCGGCCCTAGACAGGGG_016,88
ACATCGGCCCTAGACAGGGG_017,140
ACATCGGCCCTAGACAGGGG_018,141
ACATCGGCCCTAGACAGGGG_019,199
ACATCGGCCCTAGACAGGGG_020,199
ACATCGGCCCTAGACAGGGG_021,105
ACATCGGCCCTAGACAGGGG_022,80
GTATGCTTTCAACGTCACAG_001,162
GTATGCTTTCAACGTCACAG_002,24
GTATGCTTTCAACGTCACAG_003,23
GTATGCTTTCAACGTCACAG_004,17
GTATGCTTTCAACGTCACAG_005,116
GTATGCTTTCAACGTCACAG_006,108
GTATGCTTTCAACGTCACAG_007,189
GTATGCTTTCAACGTCACAG_008,140
GTATGCTTTCAACGTCACAG_009,48
GTATGCTTTCAACGTCACAG_010,70
GTATGCTTTCAACGTCACAG_011,175
GTATGCTTTCAACGTCACAG_012,180
GTATGCTTTCAACGTCACAG_013,153
GTATGCTTTCAACGTCACAG_014,178
GTATGCTTTCAACGTCACAG_015,80
GTATGCTTTCAACGTCACAG_016,134
GTATGCTTTCAACGTCACAG_017,106
GTATGCTTTCAACGTCACAG_018,48
GTATGCTTTCAACGTCACAG_019,155
GTATGCTTTCAACGTCACAG_020,46
GCGGGCAGAACGACCCTGAC_001,76
GCGGGCAGAACGACCCTGAC_002,196
GCGGGCAGAACGACCCTGAC_003,48
GCGGGCAGAACGACCCTGAC_004,162
GCGGGCAGAACGACCCTGAC_005,53
GCGGGCAGAACGACCCTGAC_006,77
GCGGGCAGAACGACCCTGAC_007,34
GCGGGCAGAACGACCCTGAC_008,46
GCGGGCAGAACGACCCTGAC_009,144
GCGGGCAGAACGACCCTGAC_010,64
GCGGGCAGAACGACCCTGAC_011,94
GCGGGCAGAACGACCCTGAC_012,168
GCGGGCAGAACGACCCTGAC_013,52
GCGGGCAGAACGACCCTGAC_014,68
GCGGGCAGAACGACCCTGAC_015,158
GCGGGCAGAACGACCCTGAC_016,72
GCGGGCAGAACGACCCTGAC_017,172
GCGGGCAGAACGACCCTGAC_018,130
GCGGGCAGAACGACCCTGAC_019,130
GCGGGCAGAACGACCCTGAC_020,21
GCGGGCAGAACGACCCTGAC_021,170
GCGGGCAGAACGACCCTGAC_022,170
GCGGGCAGAACGACCCTGAC_023,96
GCGGGCAGAACGACCCTGAC_024,47
GCGGGCAGAACGACCCTGAC_025,52
GCGGGCAGAACGACCCTGAC_026,11
GCGGGCAGAACGACCCTGAC_027,60
GCGGGCAGAACGACCCTGAC_028,49
GCGGGCAGAACGACCCTGAC_029,38
GCGGGCAGAACGACCCTGAC_030,10
GCGGGCAGAACGACCCTGAC_031,27
GTTGCTTACAGATTGCCAGT_001,50
GTTGCTTACAGATTGCCAGT_002,3
GTTGCTTACAGATTGCCAGT_003,22
GTTGCTTACAGATTGCCAGT_004,31
GTTGCTTACAGATTGCCAGT_005,59
GTTGCTTACAGATTGCCAGT_006,179
GTTGCTTACAGATTGCCAGT_007,78
GTTGCTTACAGATTGCCAGT_008,143
GTTGCTTACAGATTGCCAGT_009,185
GTTGCTTACAGATTGCCAGT_010,157
GTTGCTTACAGATTGCCAGT_011,76
GTTGCTTACAGATTGCCAGT_012,171
GTTGCTTACAGATTGCCAGT_013,144
GTTGCTTACAGATTGCCAGT_014,166
GTTGCTTACAGATTGCCAGT_015,127
GTTGCTTACAGATTGCCAGT_016,30
GTTGCTTACAGATTGCCAGT_017,38
AGAAGTAGGTCTTGTTGCGG_001,144
AGAAGTAGGTCTTGTTGCGG_002,56
AGAAGTAGGTCTTGTTGCGG_003,107
AGAAGTAGGTCTTGTTGCGG_004,149
AGAAGTAGGTCTTGTTGCGG_005,120
AGAAGTAGGTCTTGTTGCGG_006,72
AGAAGTAGGTCTTGTTGCGG_007,63
AGAAGTAGGTCTTGTTGCGG_008,48
AGAAGTAGGTCTTGTTGCGG_009,144
AGAAGTAGGTCTTGTTGCGG_010,50
AGAAGTAGGTCTTGTTGCGG_011,105
AGAAGTAGGTCTTGTTGCGG_012,137
AGAAGTAGGTCTTGTTGCGG_013,78
AGAAGTAGGTCTTGTTGCGG_014,105
AGAAGTAGGTCTTGTTGCGG_015,163
AGAAGTAGGTCTTGTTGCGG_016,168
CAGCTGAGCGTCCTGAACCA_001,184
CAGCTGAGCGTCCTGAACCA_002,91
CAGCTGAGCGTCCTGAACCA_003,145
CAGCTGAGCGTCCTGAACCA_004,44
CAGCTGAGCGTCCTGAACCA_005,188
CAGCTGAGCGTCCTGAACCA_006,24
CAGCTGAGCGTCCTGAACCA_007,156
CAGCTGAGCGTCCTGAACCA_008,156
CAGCTGAGCGTCCTGAACCA_009,116
AATATCAACGACGACAACTG_001,130
AATATCAACGACGACAACTG_002,49
AATATCAACGACGACAACTG_003,179
AATATCAACGACGACAACTG_004,145
AATATCAACGACGACAACTG_005,184
AATATCAACGACGACAACTG_006,19
AATATCAACGACGACAACTG_007,138
AATATCAACGACGACAACTG_008,138
AATATCAACGACGACAACTG_009,111
AATATCAACGACGACAACTG_010,56
AACTGGAAGAAGCAATTTGG_001,199
AACTGGAAGAAGCAATTTGG_002,160
AACTGGAAGAAGCAATTTGG_003,17
AACTGGAAGAAGCAATTTGG_004,193
AACTGGAAGAAGCAATTTGG_005,94
AACTGGAAGAAGCAATTTGG_006,17
AACTGGAAGAAGCAATTTGG_007,127
AACTGGAAGAAGCAATTTGG_008,26
AACTGGAAGAAGCAATTTGG_009,127
AACTGGAAGAAGCAATTTGG_010,126
AACTGGAAGAAGCAATTTGG_011,106
AACTGGAAGAAGCAATTTGG_012,147
AACTGGAAGAAGCAATTTGG_013,39
AACTGGAAGAAGCAATTTGG_014,195
AACTGGAAGAAGCAATTTGG_015,186
AACTGGAAGAAGCAATTTGG_016,0
AACTGGAAGAAGCAATTTGG_017,60
CCGGTGACCAACATTCGGTG_001,121
CCGGTGACCAACATTCGGTG_002,19
CCGGTGACCAACATTCGGTG_003,185
CCGGTGACCAACATTCGGTG_004,7
CGGGCATGACCATAGGCGTG_001,141
CGGGCATGACCATAGGCGTG_002,43
CGGGCATGACCATAGGCGTG_003,184
CGGGCATGACCATAGGCGTG_004,197
CGGGCATGACCATAGGCGTG_005,178
CGGGCATGACCATAGGCGTG_006,150
CGGGCATGACCATAGGCGTG_007,193
CGGGCATGACCATAGGCGTG_008,137
CGGGCATGACCATAGGCGTG_009,76
CGGGCATGACCATAGGCGTG_010,186
CGGGCATGACCATAGGCGTG_011,198
CGGGCATGACCATAGGCGTG_012,66
AATTACAATCCATACCAAGA_001,115
AATTACAATCCATACCAAGA_002,158
AATTACAATCCATACCAAGA_003,78
AATTACAATCCATACCAAGA_004,137
AATTACAATCCATACCAAGA_005,157
AATTACAATCCATACCAAGA_006,31
AATTACAATCCATACCAAGA_007,146
AATTACAATCCATACCAAGA_008,185
AATTACAATCCATACCAAGA_009,20
AATTACAATCCATACCAAGA_010,53
AATTACAATCCATACCAAGA_011,197
AATTACAATCCATACCAAGA_012,3
AATTACAATCCATACCAAGA_013,86
AATTACAATCCATACCAAGA_014,36
AATTACAATCCATACCAAGA_015,171
AATTACAATCCATACCAAGA_016,132
GGTGTTTGCATTCCAGACGG_001,42
GGTGTTTGCATTCCAGACGG_002,44
GGTGTTTGCATTCCAGACGG_003,82
GGTGTTTGCATTCCAGACGG_004,62
GTCCAACAGGAACTGGTAGT_001,2
GTCCAACAGGAACTGGTAGT_002,53
GTCCAACAGGAACTGGTAGT_003,60
GTCCAACAGGAACTGGTAGT_004,171
GTCCAACAGGAACTGGTAGT_005,106
GTCCAACAGGAACTGGTAGT_006,166
GTCCAACAGGAACTGGTAGT_007,14
GTCCAACAGGAACTGGTAGT_008,2
GTCCAACAGGAACTGGTAGT_009,160
GTCCAACAGGAACTGGTAGT_010,78
GTCCAACAGGAACTGGTAGT_011,100
GAATCAGGATACTCGGCCCA_001,83
GAATCAGGATACTCGGCCCA_002,98
GAATCAGGATACTCGGCCCA_003,28
GAATCAGGATACTCGGCCCA_004,8
GAATCAGGATACTCGGCCCA_005,198
GAATCAGGATACTCGGCCCA_006,127
GAATCAGGATACTCGGCCCA_007,38
GAATCAGGATACTCGGCCCA_008,12
GAATCAGGATACTCGGCCCA_009,147
GAATCAGGATACTCGGCCCA_010,88
GAATCAGGATACTCGGCCCA_011,23
GAATCAGGATACTCGGCCCA_012,12
TGTTGGGGTTCATGAAACAG_001,149
TGTTGGGGTTCATGAAACAG_002,113
CTGACAGCGAATCATAACAT_001,94
CTGACAGCGAATCATAACAT_002,199
CTGACAGCGAATCATAACAT_003,9
ACCTAAAAAGAACTCGAAGG_001,86
ACCTAAAAAGAACTCGAAGG_002,4
ACCTAAAAAGAACTCGAAGG_003,139
ACCTAAAAAGAACTCGAAGG_004,105
ACCTAAAAAGAACTCGAAGG_005,48
ACCTAAAAAGAACTCGAAGG_006,142
ACCTAAAAAGAACTCGAAGG_007,20
ACCTAAAAAGAACTCGAAGG_008,56
ACCTAAAAAGAACTCGAAGG_009,40
ACCTAAAAAGAACTCGAAGG_010,162
ACCTAAAAAGAACTCGAAGG_011,186
GAGCGCAGTTGCTAACAGGA_001,34
GAGCGCAGTTGCTAACAGGA_002,83
GAGCGCAGTTGCTAACAGGA_003,188
GAGCGCAGTTGCTAACAGGA_004,148
GAGCGCAGTTGCTAACAGGA_005,171
GAGCGCAGTTGCTAACAGGA_006,64
GATGAAGTTATCAGCACACC_001,17
GATGAAGTTATCAGCACACC_002,149
GATGAAGTTATCAGCACACC_003,13
GATGAAGTTATCAGCACACC_004,78
GATGAAGTTATCAGCACACC_005,177
GATGAAGTTATCAGCACACC_006,49
GATGAAGTTATCAGCACACC_007,131
GTGAGAAAGTATTCCACCAG_001,78
GTGAGAAAGTATTCCACCAG_002,48
GTGAGAAAGTATTCCACCAG_003,106
GTGAGAAAGTATTCCACCAG_004,199
GTGAGAAAGTATTCCACCAG_005,78
CAGGAACACAAGCAGGCCCA_001,177
CAGGAACACAAGCAGGCCCA_002,115
CAGGAACACAAGCAGGCCCA_003,150
CAGGAACACAAGCAGGCCCA_004,92
TTCCAAAGATGGGATGACCA_001,188
TTCCAAAGATGGGATGACCA_002,76
TTCCAAAGATGGGATGACCA_003,88
TTCCAAAGATGGGATGACCA_004,91
TTCCAAAGATGGGATGACCA_005,41
TTCCAAAGATGGGATGACCA_006,32
TTCCAAAGATGGGATGACCA_007,34
TTCCAAAGATGGGATGACCA_008,183
TTCCAAAGATGGGATGACCA_009,87
TTCCAAAGATGGGATGACCA_010,87
TTCCAAAGATGGGATGACCA_011,135
TCTGTGGCCAAGATATCTTG_001,32
TCTGTGGCCAAGATATCTTG_002,48
TCTGTGGCCAAGATATCTTG_003,176
TCTGTGGCCAAGATATCTTG_004,116
TCTGTGGCCAAGATATCTTG_005,166
TCTGTGGCCAAGATATCTTG_006,187
TGGAATCAGTTTGAGTGGCA_001,121
TGGAATCAGTTTGAGTGGCA_002,147
TGGAATCAGTTTGAGTGGCA_003,65
TGGAATCAGTTTGAGTGGCA_004,59
TGGAATCAGTTTGAGTGGCA_005,59
TGGAATCAGTTTGAGTGGCA_006,104
TGGAATCAGTTTGAGTGGCA_007,9
TGGAATCAGTTTGAGTGGCA_008,130
TGGAATCAGTTTGAGTGGCA_009,184
TGGAATCAGTTTGAGTGGCA_010,52
TGGAATCAGTTTGAGTGGCA_011,52
CTGCAGTCAATAGCCAACAT_001,96
CTGCAGTCAATAGCCAACAT_002,151
CTGCAGTCAATAGCCAACAT_003,63
CTGCAGTCAATAGCCAACAT_004,183
CTGCAGTCAATAGCCAACAT_005,88
CTGCAGTCAATAGCCAACAT_006,8
CTGCAGTCAATAGCCAACAT_007,21
CTGCAGTCAATAGCCAACAT_008,107
CTGCAGTCAATAGCCAACAT_009,33
CTGCAGTCAATAGCCAACAT_010,89
CTGCAGTCAATAGCCAACAT_011,134
CTGCAGTCAATAGCCAACAT_012,144
CTGCAGTCAATAGCCAACAT_013,17
CTGCAGTCAATAGCCAACAT_014,136
CTGCAGTCAATAGCCAACAT_015,191
CTGCAGTCAATAGCCAACAT_016,106
CTGCAGTCAATAGCCAACAT_017,198
CTGCAGTCAATAGCCAACAT_018,77
AAGAAGCAGGTCGCTCCAGG_001,17
AAGAAGCAGGTCGCTCCAGG_002,181
AAGAAGCAGGTCGCTCCAGG_003,88
AAGAAGCAGGTCGCTCCAGG_004,7
AAGAAGCAGGTCGCTCCAGG_005,96
AAGAAGCAGGTCGCTCCAGG_006,123
AAGAAGCAGGTCGCTCCAGG_007,27
AAGAAGCAGGTCGCTCCAGG_008,14
AAGAAGCAGGTCGCTCCAGG_009,27
AAGAAGCAGGTCGCTCCAGG_010,47
AAGAAGCAGGTCGCTCCAGG_011,8
AAGAAGCAGGTCGCTCCAGG_012,84
AAGAAGCAGGTCGCTCCAGG_013,25
AAGAAGCAGGTCGCTCCAGG_014,51
AAGAAGCAGGTCGCTCCAGG_015,82
AAGAAGCAGGTCGCTCCAGG_016,17
AAGAAGCAGGTCGCTCCAGG_017,106
AGGAATATGAAAAGAAACGT_001,50
AGGAATATGAAAAGAAACGT_002,177
AGGAATATGAAAAGAAACGT_003,4
CCTCACCCTTGCACTTCCGG_001,72
CCTCACCCTTGCACTTCCGG_002,26
CCTCACCCTTGCACTTCCGG_003,115
CCTCACCCTTGCACTTCCGG_004,50
CCTCACCCTTGCACTTCCGG_005,113
CCTCACCCTTGCACTTCCGG_006,189
CCTCACCCTTGCACTTCCGG_007,60
CCTCACCCTTGCACTTCCGG_008,5
CCTCACCCTTGCACTTCCGG_009,199
CCAACACCGAGTATGACGAG_001,107
CGCTACAGGCAGGACCACAG_001,118
CGCTACAGGCAGGACCACAG_002,114
CGCTACAGGCAGGACCACAG_003,65
CGCTACAGGCAGGACCACAG_004,188
CGCTACAGGCAGGACCACAG_005,142
CGCTACAGGCAGGACCACAG_006,61
CGCTACAGGCAGGACCACAG_007,120
CGCTACAGGCAGGACCACAG_008,162
CGCTACAGGCAGGACCACAG_009,188
CGCTACAGGCAGGACCACAG_010,65
CGCTACAGGCAGGACCACAG_011,118
CGCTACAGGCAGGACCACAG_012,14
CGCTACAGGCAGGACCACAG_013,152
CGCTACAGGCAGGACCACAG_014,150
CGCTACAGGCAGGACCACAG_015,122
CGCTACAGGCAGGACCACAG_016,188
CGCTACAGGCAGGACCACAG_017,83
CGCTACAGGCAGGACCACAG_018,149
CGCTACAGGCAGGACCACAG_019,50
CGCTACAGGCAGGACCACAG_020,81
CGCTACAGGCAGGACCACAG_021,76
CGCTACAGGCAGGACCACAG_022,70
CGCTACAGGCAGGACCACAG_023,97
CGCTACAGGCAGGACCACAG_024,40
CGCTACAGGCAGGACCACAG_025,3
CGGCAGGTTCCTGGCGTCGG_001,51
CGGCAGGTTCCTGGCGTCGG_002,152
CGGCAGGTTCCTGGCGTCGG_003,50
CGGCAGGTTCCTGGCGTCGG_004,135
CGGCAGGTTCCTGGCGTCGG_005,0
GGTGATTTACCCACTGACCG_001,184
GGTGATTTACCCACTGACCG_002,175
GGTGATTTACCCACTGACCG_003,78
GGTGATTTACCCACTGACCG_004,62
GGTGATTTACCCACTGACCG_005,194
GGTGATTTACCCACTGACCG_006,166
GGTGATTTACCCACTGACCG_007,94
GGTGATTTACCCACTGACCG_008,188
GGTGATTTACCCACTGACCG_009,18
GGTGATTTACCCACTGACCG_010,105
GGTGATTTACCCACTGACCG_011,48
GGTGATTTACCCACTGACCG_012,97
GGTGATTTACCCACTGACCG_013,130
GGTGATTTACCCACTGACCG_014,113
GGTGATTTACCCACTGACCG_015,168
GGTGATTTACCCACTGACCG_016,78
GGTGATTTACCCACTGACCG_017,162
TCAGTTCCGCAGCTACGTGT_001,178
TCAGTTCCGCAGCTACGTGT_002,186
TCAGTTCCGCAGCTACGTGT_003,158
TCAGTTCCGCAGCTACGTGT_004,62
TCAGTTCCGCAGCTACGTGT_005,35
TCAGTTCCGCAGCTACGTGT_006,112
TCAGTTCCGCAGCTACGTGT_007,5
GTCAAAAGGAGCCAGACAGT_001,94
GTCAAAAGGAGCCAGACAGT_002,66
GTCAAAAGGAGCCAGACAGT_003,172
GTCAAAAGGAGCCAGACAGT_004,50
GTCAAAAGGAGCCAGACAGT_005,66
ATGTGTCTTAGGATGTTGAG_001,44
ATGTGTCTTAGGATGTTGAG_002,58
ATGTGTCTTAGGATGTTGAG_003,94
ATGTGTCTTAGGATGTTGAG_004,151
ATGTGTCTTAGGATGTTGAG_005,137
ATGTGTCTTAGGATGTTGAG_006,149
ATGTGTCTTAGGATGTTGAG_007,133
ATGTGTCTTAGGATGTTGAG_008,123
ATGTGTCTTAGGATGTTGAG_009,108
GCTGAACGCCGACAGGACGG_001,21
GCTGAACGCCGACAGGACGG_002,0
GCTGAACGCCGACAGGACGG_003,178
GCTGAACGCCGACAGGACGG_004,115
GCTGAACGCCGACAGGACGG_005,134
GCTGAACGCCGACAGGACGG_006,89
GCTGAACGCCGACAGGACGG_007,151
GCTGAACGCCGACAGGACGG_008,17
GCTGAACGCCGACAGGACGG_009,68
GCTGAACGCCGACAGGACGG_010,75
GCTGAACGCCGACAGGACGG_011,29
GCTGAACGCCGACAGGACGG_012,158
GCTGAACGCCGACAGGACGG_013,160
GCTGAACGCCGACAGGACGG_014,19
GCTGAACGCCGACAGGACGG_015,146
GCTGAACGCCGACAGGACGG_016,176
GCTGAACGCCGACAGGACGG_017,157
GCTGAACGCCGACAGGACGG_018,122
GCTGAACGCCGACAGGACGG_019,122
GCTGAACGCCGACAGGACGG_020,176
GCTGAACGCCGACAGGACGG_021,3
GCTGAACGCCGACAGGACGG_022,170
CCGGGGTGCCCAATAGAAAG_001,81
CCGGGGTGCCCAATAGAAAG_002,138
CCGGGGTGCCCAATAGAAAG_003,19
CCGGGGTGCCCAATAGAAAG_004,83
CCGGGGTGCCCAATAGAAAG_005,51
CCGGGGTGCCCAATAGAAAG_006,186
CCGGGGTGCCCAATAGAAAG_007,183
GCACCAAAATAGTGTTCTGA_001,166
GCACCAAAATAGTGTTCTGA_002,94
GCACCAAAATAGTGTTCTGA_003,4
GCACCAAAATAGTGTTCTGA_004,83
GCACCAAAATAGTGTTCTGA_005,40
GCACCAAAATAGTGTTCTGA_006,31
GCACCAAAATAGTGTTCTGA_007,137
GCACCAAAATAGTGTTCTGA_008,57
GCACCAAAATAGTGTTCTGA_009,19
GCACCAAAATAGTGTTCTGA_010,19
TACCACCAATGTGTACCGTG_001,199
TACCACCAATGTGTACCGTG_002,198
TACCACCAATGTGTACCGTG_003,52
TACCACCAATGTGTACCGTG_004,152
TGCTTGAAGGTCTTAGGGTC_001,176
TGCTTGAAGGTCTTAGGGTC_002,106
TGCTTGAAGGTCTTAGGGTC_003,62
TGCTTGAAGGTCTTAGGGTC_004,190
TGCTTGAAGGTCTTAGGGTC_005,29
TGCTTGAAGGTCTTAGGGTC_006,60
TGCTTGAAGGTCTTAGGGTC_007,182
TGCTTGAAGGTCTTAGGGTC_008,107
TGCTTGAAGGTCTTAGGGTC_009,19
TGCTTGAAGGTCTTAGGGTC_010,148
TGCTTGAAGGTCTTAGGGTC_011,83
TGCTTGAAGGTCTTAGGGTC_012,102
TGCTTGAAGGTCTTAGGGTC_013,103
TGCTTGAAGGTCTTAGGGTC_014,197
TGCTTGAAGGTCTTAGGGTC_015,145
TGCTTGAAGGTCTTAGGGTC_016,47
TGCTTGAAGGTCTTAGGGTC_017,68
GCAGGCCGCTGGATCCAGCG_001,11
GCAGGCCGCTGGATCCAGCG_002,197
GCAGGCCGCTGGATCCAGCG_003,9
GCAGGCCGCTGGATCCAGCG_004,11
GCAGGCCGCTGGATCCAGCG_005,170
GCAGGCCGCTGGATCCAGCG_006,62
GCAGGCCGCTGGATCCAGCG_007,50
GCAGGCCGCTGGATCCAGCG_008,26
AGGTAACGGTGGTAATGTAG_001,53
AGGTAACGGTGGTAATGTAG_002,13
AGGTAACGGTGGTAATGTAG_003,9
AGGTAACGGTGGTAATGTAG_004,160
AGGTAACGGTGGTAATGTAG_005,137
CTGTAGCAATTACTTCTCGG_001,160
CTGTAGCAATTACTTCTCGG_002,152
CTGTAGCAATTACTTCTCGG_003,77
CTGTAGCAATTACTTCTCGG_004,174
CTGTAGCAATTACTTCTCGG_005,122
GAAGTTGGACACGACCCGTG_001,84
GAAGTTGGACACGACCCGTG_002,121
GAAGTTGGACACGACCCGTG_003,80
GAAGTTGGACACGACCCGTG_004,127
GAAGTTGGACACGACCCGTG_005,149
GAAGTTGGACACGACCCGTG_006,102
GAAGTTGGACACGACCCGTG_007,49
GAAGTTGGACACGACCCGTG_008,2
GAAGTTGGACACGACCCGTG_009,127
GAAGTTGGACACGACCCGTG_010,108
GAAGTTGGACACGACCCGTG_011,102
GAAGTTGGACACGACCCGTG_012,41
GAAGTTGGACACGACCCGTG_013,77
GAAGTTGGACACGACCCGTG_014,96
GAAGTTGGACACGACCCGTG_015,75
GAAGTTGGACACGACCCGTG_016,141
GAAGTTGGACACGACCCGTG_017,1
GAAGTTGGACACGACCCGTG_018,14
GAAGTTGGACACGACCCGTG_019,186
GAAGTTGGACACGACCCGTG_020,121
GAAGTTGGACACGACCCGTG_021,59
GAAGTTGGACACGACCCGTG_022,57
GAAGTTGGACACGACCCGTG_023,28
GAAGTTGGACACGACCCGTG_024,169
GAAGTTGGACACGACCCGTG_025,11
GAAGTTGGACACGACCCGTG_026,142
GAAGTTGGACACGACCCGTG_027,184
GAAGTTGGACACGACCCGTG_028,177
GAAGTTGGACACGACCCGTG_029,76
GAAGTTGGACACGACCCGTG_030,82
GAAGTTGGACACGACCCGTG_031,99
GAAGTTGGACACGACCCGTG_032,102
GAAGTTGGACACGACCCGTG_033,129
GAAGTTGGACACGACCCGTG_034,14
GAAGTTGGACACGACCCGTG_035,47
GAAGTTGGACACGACCCGTG_036,23
GAAGTTGGACACGACCCGTG_037,17
GAAGTTGGACACGACCCGTG_038,43
AAGTTTGCCCAGGGGATACG_001,48
AAGTTTGCCCAGGGGATACG_002,191
AAGTTTGCCCAGGGGATACG_003,60
AAGTTTGCCCAGGGGATACG_004,2
AAGTTTGCCCAGGGGATACG_005,92
AAGTTTGCCCAGGGGATACG_006,110
AAGTTTGCCCAGGGGATACG_007,185
CCCTCCGGAGACTACAGCCA_001,85
CCCTCCGGAGACTACAGCCA_002,47
CCCTCCGGAGACTACAGCCA_003,29
CCCTCCGGAGACTACAGCCA_004,145
CCCTCCGGAGACTACAGCCA_005,192
CCCTCCGGAGACTACAGCCA_006,82
CCCTCCGGAGACTACAGCCA_007,67
CCCTCCGGAGACTACAGCCA_008,156
CCCTCCGGAGACTACAGCCA_009,153
CCCTCCGGAGACTACAGCCA_010,115
CCCTCCGGAGACTACAGCCA_011,109
CCCTCCGGAGACTACAGCCA_012,65
CCCTCCGGAGACTACAGCCA_013,29
CCCTCCGGAGACTACAGCCA_014,147
CCCTCCGGAGACTACAGCCA_015,172
CCCTCCGGAGACTACAGCCA_016,85
CCCTCCGGAGACTACAGCCA_017,160
CCCTCCGGAGACTACAGCCA_018,18
CCACGAAGTAGCCGGCGCAT_001,80
CCACGAAGTAGCCGGCGCAT_002,48
CCACGAAGTAGCCGGCGCAT_003,48
CCACGAAGTAGCCGGCGCAT_004,43
CCACGAAGTAGCCGGCGCAT_005,193
CCACGAAGTAGCCGGCGCAT_006,155
CCACGAAGTAGCCGGCGCAT_007,35
CCACGAAGTAGCCGGCGCAT_008,41
CCACGAAGTAGCCGGCGCAT_009,44
CCACGAAGTAGCCGGCGCAT_010,6
CCACGAAGTAGCCGGCGCAT_011,40
TGGCAGCACCCAACTGCACG_001,178
TGGCAGCACCCAACTGCACG_002,12
TGGCAGCACCCAACTGCACG_003,106
TGGCAGCACCCAACTGCACG_004,40
TGGCAGCACCCAACTGCACG_005,189
TGGCAGCACCCAACTGCACG_006,179
TGGCAGCACCCAACTGCACG_007,111
TGGCAGCACCCAACTGCACG_008,196
TGGCAGCACCCAACTGCACG_009,86
TGGCAGCACCCAACTGCACG_010,175
TGGCAGCACCCAACTGCACG_011,0
TGGCAGCACCCAACTGCACG_012,141
TGGCAGCACCCAACTGCACG_013,74
TGGCAGCACCCAACTGCACG_014,81
TGGCAGCACCCAACTGCACG_015,124
ACCACTCCACAAAAAAATGC_001,3
ACCACTCCACAAAAAAATGC_002,184
ACCACTCCACAAAAAAATGC_003,178
ACCACTCCACAAAAAAATGC_004,39
ACCACTCCACAAAAAAATGC_005,3
AGTCCACAGGAGGTTCGATG_001,62
AGTCCACAGGAGGTTCGATG_002,105
AGTCCACAGGAGGTTCGATG_003,127
AGTCCACAGGAGGTTCGATG_004,77
AGTCCACAGGAGGTTCGATG_005,68
AGTCCACAGGAGGTTCGATG_006,142
AGTCCACAGGAGGTTCGATG_007,124
AGTCCACAGGAGGTTCGATG_008,54
AGTCCACAGGAGGTTCGATG_009,162
AGTCCACAGGAGGTTCGATG_010,33
AGTCCACAGGAGGTTCGATG_011,33
AGTCCACAGGAGGTTCGATG_012,136
AGTCCACAGGAGGTTCGATG_013,52
AGTCCACAGGAGGTTCGATG_014,81
AGTCCACAGGAGGTTCGATG_015,44
AGTCCACAGGAGGTTCGATG_016,50
AGTCCACAGGAGGTTCGATG_017,166
AGTCCACAGGAGGTTCGATG_018,49
AGTCCACAGGAGGTTCGATG_019,41
AGTCCACAGGAGGTTCGATG_020,27
AGTCCACAGGAGGTTCGATG_021,180
AGTCCACAGGAGGTTCGATG_022,18
TTTGTTGGATACGAAGTGAA_001,172
TTTGTTGGATACGAAGTGAA_002,6
TTTGTTGGATACGAAGTGAA_003,5
TTTGTTGGATACGAAGTGAA_004,122
TTTGTTGGATACGAAGTGAA_005,17
TTTGTTGGATACGAAGTGAA_006,141
AGAGTTTGTTCTATTAACGA_001,70
AGAGTTTGTTCTATTAACGA_002,58
AGAGTTTGTTCTATTAACGA_003,12
AGAGTTTGTTCTATTAACGA_004,144
AGATGGAACTCGAATCAGGC_001,138
AGATGGAACTCGAATCAGGC_002,101
AGATGGAACTCGAATCAGGC_003,57
AGATGGAACTCGAATCAGGC_004,43
AGATGGAACTCGAATCAGGC_005,81
AGATGGAACTCGAATCAGGC_006,31
AGATGGAACTCGAATCAGGC_007,39
AGATGGAACTCGAATCAGGC_008,39
AGATGGAACTCGAATCAGGC_009,118
ACTAAAGAATGACCTGAGGT_001,144
ACTAAAGAATGACCTGAGGT_002,36
ACTAAAGAATGACCTGAGGT_003,48
ACTAAAGAATGACCTGAGGT_004,168
ACTAAAGAATGACCTGAGGT_005,126
ACTAAAGAATGACCTGAGGT_006,126
GGGTACGCTCCATCTCTGTG_001,182
GTAGAGCAGGTAGATCGCCC_001,66
GTAGAGCAGGTAGATCGCCC_002,160
GAAGTGGTATGGGTATTGCA_001,25
GAAGTGGTATGGGTATTGCA_002,50
GAAGTGGTATGGGTATTGCA_003,113
GAAGTGGTATGGGTATTGCA_004,83
GAAGTGGTATGGGTATTGCA_005,61
GAAGTGGTATGGGTATTGCA_006,158
GAAGTGGTATGGGTATTGCA_007,77
GAAGTGGTATGGGTATTGCA_008,149
GAAGTGGTATGGGTATTGCA_009,80
GTACGCAAAGAAGCCATGAT_001,70
GTACGCAAAGAAGCCATGAT_002,159
GTACGCAAAGAAGCCATGAT_003,84
GTACGCAAAGAAGCCATGAT_004,138
GTACGCAAAGAAGCCATGAT_005,137
GTACGCAAAGAAGCCATGAT_006,199
GTACGCAAAGAAGCCATGAT_007,188
GTACGCAAAGAAGCCATGAT_008,62
GTACGCAAAGAAGCCATGAT_009,145
GTACGCAAAGAAGCCATGAT_010,176
GTACGCAAAGAAGCCATGAT_011,50
GTACGCAAAGAAGCCATGAT_012,82
GTACGCAAAGAAGCCATGAT_013,62
GTACGCAAAGAAGCCATGAT_014,48
GTACGCAAAGAAGCCATGAT_015,55
GTACGCAAAGAAGCCATGAT_016,62
GTACGCAAAGAAGCCATGAT_017,175
GTACGCAAAGAAGCCATGAT_018,68
GTACGCAAAGAAGCCATGAT_019,58
GTACGCAAAGAAGCCATGAT_020,116
GTACGCAAAGAAGCCATGAT_021,29
GTACGCAAAGAAGCCATGAT_022,132
GTACGCAAAGAAGCCATGAT_023,57
TGGCCGTGGACATTTACCAG_001,130
TGGCCGTGGACATTTACCAG_002,145
TGGCCGTGGACATTTACCAG_003,78
TGGCCGTGGACATTTACCAG_004,138
TGGCCGTGGACATTTACCAG_005,41
TGGCCGTGGACATTTACCAG_006,45
TGGCCGTGGACATTTACCAG_007,145
TGGCCGTGGACATTTACCAG_008,48
TGGCCGTGGACATTTACCAG_009,152
TGGCCGTGGACATTTACCAG_010,94
GCTGTACACCATGAGCAGCG_001,174
GCTGTACACCATGAGCAGCG_002,163
GCTGTACACCATGAGCAGCG_003,42
GCTGTACACCATGAGCAGCG_004,29
GCTGTACACCATGAGCAGCG_005,15
GCTGTACACCATGAGCAGCG_006,142
GCTGTACACCATGAGCAGCG_007,10
CAAGTTTCAGTACCGTGGGA_001,172
CAAGTTTCAGTACCGTGGGA_002,152
CACCCCAGGCTTGATAACCG_001,23
CACCCCAGGCTTGATAACCG_002,52
CACCCCAGGCTTGATAACCG_003,81
CACCCCAGGCTTGATAACCG_004,94
CACCCCAGGCTTGATAACCG_005,184
CACCCCAGGCTTGATAACCG_006,175
CACCCCAGGCTTGATAACCG_007,48
CACCCCAGGCTTGATAACCG_008,130
CACCCCAGGCTTGATAACCG_009,1
CACCCCAGGCTTGATAACCG_010,157
CACCCCAGGCTTGATAACCG_011,0
CACCCCAGGCTTGATAACCG_012,63
GAGGCACCATTCGTACCCGT_001,102
GAGGCACCATTCGTACCCGT_002,113
GAGGCACCATTCGTACCCGT_003,37
GAGGCACCATTCGTACCCGT_004,141
GAGGCACCATTCGTACCCGT_005,197
GAGGCACCATTCGTACCCGT_006,96
GAGGCACCATTCGTACCCGT_007,187
GCTGCGGACTCGTTCTCAGG_001,126
GCTGCGGACTCGTTCTCAGG_002,43
GCTGCGGACTCGTTCTCAGG_003,102
GCTGCGGACTCGTTCTCAGG_004,67
GCTGCGGACTCGTTCTCAGG_005,118
GCTGCGGACTCGTTCTCAGG_006,7
GCTGCGGACTCGTTCTCAGG_007,48
GCTGCGGACTCGTTCTCAGG_008,70
GCTGCGGACTCGTTCTCAGG_009,12
GCTGCGGACTCGTTCTCAGG_010,148
GCTGCGGACTCGTTCTCAGG_011,85
GCTGCGGACTCGTTCTCAGG_012,80
GCTGCGGACTCGTTCTCAGG_013,199
GCTGCGGACTCGTTCTCAGG_014,34
GCAGCCCGCACGGATCGGGA_001,192
GCAGCCCGCACGGATCGGGA_002,165
GCAGCCCGCACGGATCGGGA_003,63
ACATCAAAGTACCCTACAGG_001,199
ACATCAAAGTACCCTACAGG_002,19
ACATCAAAGTACCCTACAGG_003,181
ACATCAAAGTACCCTACAGG_004,29
ACATCAAAGTACCCTACAGG_005,72
ACATCAAAGTACCCTACAGG_006,178
ACATCAAAGTACCCTACAGG_007,160
ACATCAAAGTACCCTACAGG_008,94
ACATCAAAGTACCCTACAGG_009,60
ACATCAAAGTACCCTACAGG_010,127
ACATCAAAGTACCCTACAGG_011,16
AGGAATCCCCTCCATAACCC_001,77
ATCAGCCCATTTCTGCGCAC_001,171
ATCAGCCCATTTCTGCGCAC_002,158
ATCAGCCCATTTCTGCGCAC_003,94
ATCAGCCCATTTCTGCGCAC_004,192
ATCAGCCCATTTCTGCGCAC_005,21
ATCAGCCCATTTCTGCGCAC_006,185
ATCAGCCCATTTCTGCGCAC_007,159
ATCAGCCCATTTCTGCGCAC_008,188
ATCAGCCCATTTCTGCGCAC_009,56
ATCAGCCCATTTCTGCGCAC_010,29
ATCAGCCCATTTCTGCGCAC_011,105
ATCAGCCCATTTCTGCGCAC_012,80
ATCAGCCCATTTCTGCGCAC_013,124
ATCAGCCCATTTCTGCGCAC_014,178
GCGGAATCAGAGTCGTGGGT_001,147
GCGGAATCAGAGTCGTGGGT_002,141
CCAGATCTCCTGGATCCCAG_001,182
CCAGATCTCCTGGATCCCAG_002,188
CCAGATCTCCTGGATCCCAG_003,131
CCAGATCTCCTGGATCCCAG_004,33
CCAGATCTCCTGGATCCCAG_005,181
CCAGATCTCCTGGATCCCAG_006,113
CCAGATCTCCTGGATCCCAG_007,104
GTACCAGTTCAATTACTACG_001,50
GTACCAGTTCAATTACTACG_002,16
GTACCAGTTCAATTACTACG_003,78
GTACCAGTTCAATTACTACG_004,62
CCTGACTCCACAAGAAACAA_001,94
CCTGACTCCACAAGAAACAA_002,48
CCTGACTCCACAAGAAACAA_003,161
CCTGACTCCACAAGAAACAA_004,186
AATGAACGACTACAAGCTTG_001,53
AATGAACGACTACAAGCTTG_002,94
AATGAACGACTACAAGCTTG_003,80
AATGAACGACTACAAGCTTG_004,30
AATGAACGACTACAAGCTTG_005,178
AATGAACGACTACAAGCTTG_006,188
AATGAACGACTACAAGCTTG_007,2
AATGAACGACTACAAGCTTG_008,11
AATGAACGACTACAAGCTTG_009,19
CTACCCGAACTATGACGCGT_001,78
CTACCCGAACTATGACGCGT_002,19
GAAGGAGACACGCCAGCAGT_001,127
GAAGGAGACACGCCAGCAGT_002,70
GAAGGAGACACGCCAGCAGT_003,178
GAAGGAGACACGCCAGCAGT_004,124
GAAGGAGACACGCCAGCAGT_005,154
GAAGGAGACACGCCAGCAGT_006,115
GAAGGAGACACGCCAGCAGT_007,12
GAAGGAGACACGCCAGCAGT_008,167
GAAGGAGACACGCCAGCAGT_009,49
GAAGGAGACACGCCAGCAGT_010,111
GAAGGAGACACGCCAGCAGT_011,63
GAAGGAGACACGCCAGCAGT_012,63
GAAGGAGACACGCCAGCAGT_013,67
GAAGGAGACACGCCAGCAGT_014,158
GAAGGAGACACGCCAGCAGT_015,46
GAAGGAGACACGCCAGCAGT_016,160
GAAGGAGACACGCCAGCAGT_017,57
GAAGGAGACACGCCAGCAGT_018,153
GAAGGAGACACGCCAGCAGT_019,115
GAAGGAGACACGCCAGCAGT_020,41
GAAGGAGACACGCCAGCAGT_021,141
GAAGGAGACACGCCAGCAGT_022,94
GAAGGAGACACGCCAGCAGT_023,54
GAAGGAGACACGCCAGCAGT_024,49
GAAGGAGACACGCCAGCAGT_025,124
GAAGGAGACACGCCAGCAGT_026,0
AGTTGGAATGTAGTTAGACT_001,183
AGTTGGAATGTAGTTAGACT_002,175
AGTTGGAATGTAGTTAGACT_003,57
AGTTGGAATGTAGTTAGACT_004,152
AGTTGGAATGTAGTTAGACT_005,75
AAGGCTCTATACACAAGAGA_001,27
AAGGCTCTATACACAAGAGA_002,148
AAGGCTCTATACACAAGAGA_003,2
GAGCCCATGATGCTCGACTG_001,126
GAGCCCATGATGCTCGACTG_002,103
AACAAATTCTGAAACGTGTG_001,134
AACAAATTCTGAAACGTGTG_002,127
AACAAATTCTGAAACGTGTG_003,2
AACAAATTCTGAAACGTGTG_004,158
AACAAATTCTGAAACGTGTG_005,144
AACAAATTCTGAAACGTGTG_006,12
CATCCTACCCACCATACCAC_001,190
CATCCTACCCACCATACCAC_002,36
CATCCTACCCACCATACCAC_003,176
CATCCTACCCACCATACCAC_004,91
GCTGGAGCAGGGATGATAGT_001,60
GTAACAGGTCCTCGGAAGGG_001,57
GTAACAGGTCCTCGGAAGGG_002,48
GTAACAGGTCCTCGGAAGGG_003,156
GTAACAGGTCCTCGGAAGGG_004,30
GTAACAGGTCCTCGGAAGGG_005,14
GTAACAGGTCCTCGGAAGGG_006,169
GTAACAGGTCCTCGGAAGGG_007,40
GTAACAGGTCCTCGGAAGGG_008,103
GTAACAGGTCCTCGGAAGGG_009,66
GTAACAGGTCCTCGGAAGGG_010,164
AGGACTGCTCTAAGTGACAA_001,69
AGGACTGCTCTAAGTGACAA_002,15
AGGACTGCTCTAAGTGACAA_003,65
AGGACTGCTCTAAGTGACAA_004,75
AGGACTGCTCTAAGTGACAA_005,49
AGGACTGCTCTAAGTGACAA_006,108
GTTCTTGCGTGGTAGTTGAG_001,176
GTTCTTGCGTGGTAGTTGAG_002,80
GTTCTTGCGTGGTAGTTGAG_003,175
GTTCTTGCGTGGTAGTTGAG_004,166
TTTGTCCTCATTTCTTACTG_001,148
TTTGTCCTCATTTCTTACTG_002,50
TTTGTCCTCATTTCTTACTG_003,26
TTTGTCCTCATTTCTTACTG_004,13
GGGTGACAAAGGTCAGACAA_001,77
GGGTGACAAAGGTCAGACAA_002,170
GGGTGACAAAGGTCAGACAA_003,157
GGGTGACAAAGGTCAGACAA_004,194
GGGTGACAAAGGTCAGACAA_005,170
GGGTGACAAAGGTCAGACAA_006,154
GGGTGACAAAGGTCAGACAA_007,12
GGGTGACAAAGGTCAGACAA_008,1
GGGTGACAAAGGTCAGACAA_009,41
GGGTGACAAAGGTCAGACAA_010,17
GGGTGACAAAGGTCAGACAA_011,50
GGGTGACAAAGGTCAGACAA_012,198
GGGTGACAAAGGTCAGACAA_013,5
GGGTGACAAAGGTCAGACAA_014,158
GGGTGACAAAGGTCAGACAA_015,29
GGGTGACAAAGGTCAGACAA_016,56
GGGTGACAAAGGTCAGACAA_017,90
GGGTGACAAAGGTCAGACAA_018,180
GGGTGACAAAGGTCAGACAA_019,97
GGGTGACAAAGGTCAGACAA_020,39
GGATCACTCAGACTCTATGG_001,145
GGATCACTCAGACTCTATGG_002,24
GGATCACTCAGACTCTATGG_003,125
GGATCACTCAGACTCTATGG_004,75
GGATCACTCAGACTCTATGG_005,6
GGATCACTCAGACTCTATGG_006,83
ATCCTGGTGAGGAATAACAA_001,114
ATCCTGGTGAGGAATAACAA_002,114
ATCCTGGTGAGGAATAACAA_003,92
ATCCTGGTGAGGAATAACAA_004,141
ATCCTGGTGAGGAATAACAA_005,150
ATCCTGGTGAGGAATAACAA_006,44
ATCCTGGTGAGGAATAACAA_007,38
ATCCTGGTGAGGAATAACAA_008,37
CGGTCTCAGTAGTTCACCAG_001,2
CGGTCTCAGTAGTTCACCAG_002,48
CGGTCTCAGTAGTTCACCAG_003,1
CGGTCTCAGTAGTTCACCAG_004,30
ACGGCACTTACCAATCAGTG_001,178
ACGGCACTTACCAATCAGTG_002,81
ACGGCACTTACCAATCAGTG_003,50
ACGGCACTTACCAATCAGTG_004,2
ACGGCACTTACCAATCAGTG_005,11
ACGGCACTTACCAATCAGTG_006,172
ACGGCACTTACCAATCAGTG_007,36
ACGGCACTTACCAATCAGTG_008,63
ACGGCACTTACCAATCAGTG_009,138
ACGGCACTTACCAATCAGTG_010,138
GTGGAGAACATTCGGCAGCT_001,183
GTGGAGAACATTCGGCAGCT_002,58
GTGGAGAACATTCGGCAGCT_003,127
GTGGAGAACATTCGGCAGCT_004,32
GTGGAGAACATTCGGCAGCT_005,41
GTGGAGAACATTCGGCAGCT_006,63
GTGGAGAACATTCGGCAGCT_007,50
TGGCGAAGCCGATGCCGTAG_001,105
TGGCGAAGCCGATGCCGTAG_002,88
TGGCGAAGCCGATGCCGTAG_003,192
TGGCGAAGCCGATGCCGTAG_004,130
TGGCGAAGCCGATGCCGTAG_005,68
TGGCGAAGCCGATGCCGTAG_006,168
AGATGTGCGACTGGAGAATG_001,43
AGATGTGCGACTGGAGAATG_002,105
AGATGTGCGACTGGAGAATG_003,69
AGATGTGCGACTGGAGAATG_004,33
AGATGTGCGACTGGAGAATG_005,72
AGATGTGCGACTGGAGAATG_006,69
AGATGTGCGACTGGAGAATG_007,67
AGATGTGCGACTGGAGAATG_008,45
AGATGTGCGACTGGAGAATG_009,103
AGATGTGCGACTGGAGAATG_010,168
AGATGTGCGACTGGAGAATG_011,48
AGATGTGCGACTGGAGAATG_012,80
TGGTCCCAAAAGTGTCGTTG_001,51
TGGTCCCAAAAGTGTCGTTG_002,193
TGGTCCCAAAAGTGTCGTTG_003,19
TGGTCCCAAAAGTGTCGTTG_004,160
TGGTCCCAAAAGTGTCGTTG_005,153
GGGTCCCACGGGAAGCAGGG_001,1
GGGTCCCACGGGAAGCAGGG_002,25
GGGTCCCACGGGAAGCAGGG_003,196
GGGTCCCACGGGAAGCAGGG_004,172
GGGTCCCACGGGAAGCAGGG_005,158
GGGTCCCACGGGAAGCAGGG_006,14
GGGTCCCACGGGAAGCAGGG_007,65
GGGTCCCACGGGAAGCAGGG_008,28
GGGTCCCACGGGAAGCAGGG_009,162
GGGTCCCACGGGAAGCAGGG_010,191
GGGTCCCACGGGAAGCAGGG_011,114
GGGTCCCACGGGAAGCAGGG_012,150
GGGTCCCACGGGAAGCAGGG_013,0
GGGTCCCACGGGAAGCAGGG_014,94
GGGTCCCACGGGAAGCAGGG_015,188
GGGTCCCACGGGAAGCAGGG_016,158
GGGTCCCACGGGAAGCAGGG_017,145
GGGTCCCACGGGAAGCAGGG_018,174
GGGTCCCACGGGAAGCAGGG_019,118
GGGTCCCACGGGAAGCAGGG_020,40
GGGTCCCACGGGAAGCAGGG_021,52
AGCATGAGCATGGTTCCTGG_001,107
AGCATGAGCATGGTTCCTGG_002,161
AGCATGAGCATGGTTCCTGG_003,127
AGCATGAGCATGGTTCCTGG_004,185
AGCATGAGCATGGTTCCTGG_005,127
AGCATGAGCATGGTTCCTGG_006,43
AGCATGAGCATGGTTCCTGG_007,141
AGCATGAGCATGGTTCCTGG_008,50
AGCATGAGCATGGTTCCTGG_009,40
AGCATGAGCATGGTTCCTGG_010,157
AGCATGAGCATGGTTCCTGG_011,170
GTCCACGAGCAGCATCAGGA_001,55
GTCCACGAGCAGCATCAGGA_002,182
GTCCACGAGCAGCATCAGGA_003,96
GTCCACGAGCAGCATCAGGA_004,88
GTCCACGAGCAGCATCAGGA_005,156
GTCCACGAGCAGCATCAGGA_006,69
GTCCACGAGCAGCATCAGGA_007,149
GTCCACGAGCAGCATCAGGA_008,44
GTCCACGAGCAGCATCAGGA_009,156
GTCCACGAGCAGCATCAGGA_010,137
GTCCACGAGCAGCATCAGGA_011,6
GTCCACGAGCAGCATCAGGA_012,33
GTCCACGAGCAGCATCAGGA_013,163
GTCCACGAGCAGCATCAGGA_014,121
TGTCATCGAAACCCTCCTCA_001,68
TGTCATCGAAACCCTCCTCA_002,130
TGTCATCGAAACCCTCCTCA_003,183
TGTCATCGAAACCCTCCTCA_004,37
TGTCATCGAAACCCTCCTCA_005,149
TGTCATCGAAACCCTCCTCA_006,41
TGTCATCGAAACCCTCCTCA_007,157
TGTCATCGAAACCCTCCTCA_008,148
TGTCATCGAAACCCTCCTCA_009,10
TGTCATCGAAACCCTCCTCA_010,190
TGTCATCGAAACCCTCCTCA_011,176
TGTCATCGAAACCCTCCTCA_012,47
TGTCATCGAAACCCTCCTCA_013,100
TGTCATCGAAACCCTCCTCA_014,28
TGTCATCGAAACCCTCCTCA_015,50
TGTCATCGAAACCCTCCTCA_016,170
TGTCATCGAAACCCTCCTCA_017,48
TGTCATCGAAACCCTCCTCA_018,47
TGTCATCGAAACCCTCCTCA_019,42
TGTCATCGAAACCCTCCTCA_020,158
TGTCATCGAAACCCTCCTCA_021,184
TGTCATCGAAACCCTCCTCA_022,98
TGTCATCGAAACCCTCCTCA_023,198
TGTCATCGAAACCCTCCTCA_024,55
TGTCATCGAAACCCTCCTCA_025,68
TGTCATCGAAACCCTCCTCA_026,40
TGTCATCGAAACCCTCCTCA_027,29
TGTCATCGAAACCCTCCTCA_028,132
CCTGCAGTGACCATTGTCAG_001,186
CCTGCAGTGACCATTGTCAG_002,161
CCTGCAGTGACCATTGTCAG_003,125
CCTGCAGTGACCATTGTCAG_004,18
CCTGCAGTGACCATTGTCAG_005,171
CCTGCAGTGACCATTGTCAG_006,124
CCTGCAGTGACCATTGTCAG_007,58
CCTGCAGTGACCATTGTCAG_008,0
CCTGCAGTGACCATTGTCAG_009,55
CCTGCAGTGACCATTGTCAG_010,63
CCTGCAGTGACCATTGTCAG_011,58
CCTGCAGTGACCATTGTCAG_012,41
GAGGGTGGTAACCAGGACCA_001,48
GAGGGTGGTAACCAGGACCA_002,97
GAGGGTGGTAACCAGGACCA_003,8
GAGGGTGGTAACCAGGACCA_004,62
GAGGGTGGTAACCAGGACCA_005,98
GAGGGTGGTAACCAGGACCA_006,87
GAGGGTGGTAACCAGGACCA_007,123
GAGGGTGGTAACCAGGACCA_008,165
CACAATGAAGACGGTCTCAG_001,101
CACAATGAAGACGGTCTCAG_002,198
CACAATGAAGACGGTCTCAG_003,28
CACAATGAAGACGGTCTCAG_004,116
CACAATGAAGACGGTCTCAG_005,128
CACAATGAAGACGGTCTCAG_006,41
CACAATGAAGACGGTCTCAG_007,112
CACAATGAAGACGGTCTCAG_008,195
CACAATGAAGACGGTCTCAG_009,171
CACAATGAAGACGGTCTCAG_010,134
CACAATGAAGACGGTCTCAG_011,82
CACAATGAAGACGGTCTCAG_012,61
CACAATGAAGACGGTCTCAG_013,48
CACAATGAAGACGGTCTCAG_014,107
CACAATGAAGACGGTCTCAG_015,175
CACAATGAAGACGGTCTCAG_016,170
CACAATGAAGACGGTCTCAG_017,197
CACAATGAAGACGGTCTCAG_018,1
CACAATGAAGACGGTCTCAG_019,45
CACAATGAAGACGGTCTCAG_020,134
CACAATGAAGACGGTCTCAG_021,62
CACAATGAAGACGGTCTCAG_022,168
CACAATGAAGACGGTCTCAG_023,125
CACAATGAAGACGGTCTCAG_024,169
CACAATGAAGACGGTCTCAG_025,76
CACAATGAAGACGGTCTCAG_026,198
CCATTAAGTCACATAGAAGC_001,88
CCATTAAGTCACATAGAAGC_002,42
CCATTAAGTCACATAGAAGC_003,166
TCGAGTCATGTACACAACCC_001,175
TCGAGTCATGTACACAACCC_002,100
GAGAGGCTGCAGGATAACTC_001,149
GAGAGGCTGCAGGATAACTC_002,133
GAGAGGCTGCAGGATAACTC_003,126
GAGAGGCTGCAGGATAACTC_004,127
GAGAGGCTGCAGGATAACTC_005,81
GAGAGGCTGCAGGATAACTC_006,138
GTGTCCCGGCGACTCCGCCA_001,166
GTGTCCCGGCGACTCCGCCA_002,47
GTGTCCCGGCGACTCCGCCA_003,154
GTGTCCCGGCGACTCCGCCA_004,26
GTGTCCCGGCGACTCCGCCA_005,59
GTGTCCCGGCGACTCCGCCA_006,35
GTGTCCCGGCGACTCCGCCA_007,52
GTGTCCCGGCGACTCCGCCA_008,120
GTGTCCCGGCGACTCCGCCA_009,77
GTGTCCCGGCGACTCCGCCA_010,175
GTGTCCCGGCGACTCCGCCA_011,41
GTGTCCCGGCGACTCCGCCA_012,41
GTGTCCCGGCGACTCCGCCA_013,15
GTGTCCCGGCGACTCCGCCA_014,162
GTGTCCCGGCGACTCCGCCA_015,63
GTGTCCCGGCGACTCCGCCA_016,184
AGTCTACTAGTACGACTGGC_001,194
AGTCTACTAGTACGACTGGC_002,24
AGTCTACTAGTACGACTGGC_003,27
AGTCTACTAGTACGACTGGC_004,62
AGTCTACTAGTACGACTGGC_005,69
AGTCTACTAGTACGACTGGC_006,15
TGCACGCTTATCTTTATCTG_001,182
TGCACGCTTATCTTTATCTG_002,134
TGCACGCTTATCTTTATCTG_003,75
TGCACGCTTATCTTTATCTG_004,188
TTATAGGCGTGGAATTGCAG_001,147
TTATAGGCGTGGAATTGCAG_002,29
TTATAGGCGTGGAATTGCAG_003,133
TGAAGAAAATAAGCCAGGCA_001,29
TGAAGAAAATAAGCCAGGCA_002,29
TGAAGAAAATAAGCCAGGCA_003,130
TGAAGAAAATAAGCCAGGCA_004,170
TGAAGAAAATAAGCCAGGCA_005,184
CTTGCACTGGCAAGATACGG_001,72
CTTGCACTGGCAAGATACGG_002,63
CTTGCACTGGCAAGATACGG_003,179
CAACCCGCTATGATGGTCTG_001,15
CAACCCGCTATGATGGTCTG_002,12
CAACCCGCTATGATGGTCTG_003,169
CAACCCGCTATGATGGTCTG_004,102
GATAACAATATATGGTTCAG_001,103
GATAACAATATATGGTTCAG_002,31
GATAACAATATATGGTTCAG_003,136
AATCTCTCTACAAGCCGACA_001,70
AATCTCTCTACAAGCCGACA_002,62
AATCTCTCTACAAGCCGACA_003,78
AATCTCTCTACAAGCCGACA_004,12
AATCTCTCTACAAGCCGACA_005,60
AATCTCTCTACAAGCCGACA_006,166
AATCTCTCTACAAGCCGACA_007,70
AATCTCTCTACAAGCCGACA_008,170
AATCTCTCTACAAGCCGACA_009,99
AATCTCTCTACAAGCCGACA_010,121
AATCTCTCTACAAGCCGACA_011,130
AATCTCTCTACAAGCCGACA_012,198
CAGGCCTCGGCCTAAAGGTA_001,59
CAGGCCTCGGCCTAAAGGTA_002,89
CAGGCCTCGGCCTAAAGGTA_003,23
CAGGCCTCGGCCTAAAGGTA_004,198
CAGGCCTCGGCCTAAAGGTA_005,21
CAGGCCTCGGCCTAAAGGTA_006,134
CAGGCCTCGGCCTAAAGGTA_007,88
CAGGCCTCGGCCTAAAGGTA_008,147
CAGGCCTCGGCCTAAAGGTA_009,41
CAGGCCTCGGCCTAAAGGTA_010,86
CAGGCCTCGGCCTAAAGGTA_011,10
ATATTCTAGGAACTCAACAG_001,10
ATATTCTAGGAACTCAACAG_002,184
ATATTCTAGGAACTCAACAG_003,68
ATATTCTAGGAACTCAACAG_004,5
ATATTCTAGGAACTCAACAG_005,15
ATATTCTAGGAACTCAACAG_006,29
ATATTCTAGGAACTCAACAG_007,127
ATATTCTAGGAACTCAACAG_008,125
ATATTCTAGGAACTCAACAG_009,97
TTGTAGCTTCTCTTCGCCAG_001,147
TCTTTGGGGAATCTCACCCG_001,48
TCTTTGGGGAATCTCACCCG_002,85
ACGTGTACAGTCCCTGCTCG_001,23
ACGTGTACAGTCCCTGCTCG_002,17
ACGTGTACAGTCCCTGCTCG_003,70
ACGTGTACAGTCCCTGCTCG_004,107
ACGTGTACAGTCCCTGCTCG_005,133
ACGTGTACAGTCCCTGCTCG_006,197
ACGTGTACAGTCCCTGCTCG_007,177
ACGTGTACAGTCCCTGCTCG_008,43
ACGTGTACAGTCCCTGCTCG_009,60
ACGTGTACAGTCCCTGCTCG_010,41
ACGTGTACAGTCCCTGCTCG_011,124
ACGTGTACAGTCCCTGCTCG_012,12
ACGTGTACAGTCCCTGCTCG_013,146
ACGTGTACAGTCCCTGCTCG_014,170
ACGTGTACAGTCCCTGCTCG_015,102
ACGTGTACAGTCCCTGCTCG_016,86
GTGGTCATACCGTATTGCAT_001,18
GTGGTCATACCGTATTGCAT_002,118
GTGGTCATACCGTATTGCAT_003,3
GTGGTCATACCGTATTGCAT_004,45
GTGGTCATACCGTATTGCAT_005,99
GTGGTCATACCGTATTGCAT_006,2
GTGGTCATACCGTATTGCAT_007,85
GTGGTCATACCGTATTGCAT_008,97
GTGGTCATACCGTATTGCAT_009,104
GTGGTCATACCGTATTGCAT_010,34
GTGGTCATACCGTATTGCAT_011,37
GTGGTCATACCGTATTGCAT_012,37
TAGGACTCGTTGTAGTGGAG_001,147
TAGGACTCGTTGTAGTGGAG_002,41
TAGGACTCGTTGTAGTGGAG_003,162
TAGGACTCGTTGTAGTGGAG_004,62
TAGGACTCGTTGTAGTGGAG_005,96
TAGGACTCGTTGTAGTGGAG_006,52
TAGGACTCGTTGTAGTGGAG_007,192
TAGGACTCGTTGTAGTGGAG_008,12
TAGGACTCGTTGTAGTGGAG_009,181
TAGGACTCGTTGTAGTGGAG_010,2
TAGGACTCGTTGTAGTGGAG_011,162
TAGGACTCGTTGTAGTGGAG_012,199
GGAGTTGAACCTACATCACT_001,113
GGAGTTGAACCTACATCACT_002,76
GGAGTTGAACCTACATCACT_003,69
GGAGTTGAACCTACATCACT_004,187
GGAGTTGAACCTACATCACT_005,113
GGAGTTGAACCTACATCACT_006,113
ATGAGTGGAGAAGTCATCAT_001,171
ATGAGTGGAGAAGTCATCAT_002,41
ATGAGTGGAGAAGTCATCAT_003,38
ATGAGTGGAGAAGTCATCAT_004,145
ATGAGTGGAGAAGTCATCAT_005,95
ATGAGTGGAGAAGTCATCAT_006,151
ATGAGTGGAGAAGTCATCAT_007,149
ATGAGTGGAGAAGTCATCAT_008,39
ATGAGTGGAGAAGTCATCAT_009,170
TCGGGGTTGGGATTCCACAG_001,154
TCGGGGTTGGGATTCCACAG_002,156
TCGGGGTTGGGATTCCACAG_003,69
TCGGGGTTGGGATTCCACAG_004,158
TCGGGGTTGGGATTCCACAG_005,184
TCGGGGTTGGGATTCCACAG_006,84
CTTTAAGGGTAAGATCACAC_001,117
CTTTAAGGGTAAGATCACAC_002,35
CTTTAAGGGTAAGATCACAC_003,12
CTTTAAGGGTAAGATCACAC_004,18
CTTTAAGGGTAAGATCACAC_005,41
CTGGTGGGGAAGCGCAGGTG_001,63
CTGGTGGGGAAGCGCAGGTG_002,12
CTGGTGGGGAAGCGCAGGTG_003,184
CTGGTGGGGAAGCGCAGGTG_004,2
CTGGTGGGGAAGCGCAGGTG_005,199
CTGGTGGGGAAGCGCAGGTG_006,158
CTGGTGGGGAAGCGCAGGTG_007,120
GAGCACATCCACGTACACAG_001,123
GAGCACATCCACGTACACAG_002,35
GAGCACATCCACGTACACAG_003,139
GAGGCAAAAAGAAATCCCCA_001,93
GAGGCAAAAAGAAATCCCCA_002,38
GAGGCAAAAAGAAATCCCCA_003,42
GAGGCAAAAAGAAATCCCCA_004,160
GAGGCAAAAAGAAATCCCCA_005,15
GAGGCAAAAAGAAATCCCCA_006,48
GAGGCAAAAAGAAATCCCCA_007,127
GAGGCAAAAAGAAATCCCCA_008,62
GAGGCAAAAAGAAATCCCCA_009,137
GAGGCAAAAAGAAATCCCCA_010,55
GAGGCAAAAAGAAATCCCCA_011,117
GAGGCAAAAAGAAATCCCCA_012,78
GAGGCAAAAAGAAATCCCCA_013,35
GAGGCAAAAAGAAATCCCCA_014,100
GAGGCAAAAAGAAATCCCCA_015,88
GAGGCAAAAAGAAATCCCCA_016,2
GAGGCAAAAAGAAATCCCCA_017,154
GAGGCAAAAAGAAATCCCCA_018,117
GAGGCAAAAAGAAATCCCCA_019,10
GAGGCAAAAAGAAATCCCCA_020,112
TTTCAGGCTGATGTATGCGG_001,159
TTTCAGGCTGATGTATGCGG_002,85
TTTCAGGCTGATGTATGCGG_003,62
TTTCAGGCTGATGTATGCGG_004,42
TTTCAGGCTGATGTATGCGG_005,83
TTTCAGGCTGATGTATGCGG_006,1
TTTCAGGCTGATGTATGCGG_007,63
GAGAGACTGACCTCCGACCG_001,42
GAGAGACTGACCTCCGACCG_002,180
GAGAGACTGACCTCCGACCG_003,180
TGTGGAACTTACGCAGAGCG_001,103
GTGTAAAGGAAAATGTGTGG_001,51
GTGTAAAGGAAAATGTGTGG_002,32
GTGTAAAGGAAAATGTGTGG_003,85
GTGTAAAGGAAAATGTGTGG_004,64
GTGTAAAGGAAAATGTGTGG_005,43
CAGAGGAACTGCTTAATGCT_001,199
CAGAGGAACTGCTTAATGCT_002,2
CAGAGGAACTGCTTAATGCT_003,160
CAGAGGAACTGCTTAATGCT_004,34
CAGAGGAACTGCTTAATGCT_005,103
CAGAGGAACTGCTTAATGCT_006,63
CAGAGGAACTGCTTAATGCT_007,188
TAACCCTCTGCTGTACATGG_001,191
TAACCCTCTGCTGTACATGG_002,36
TAACCCTCTGCTGTACATGG_003,193
TAACCCTCTGCTGTACATGG_004,124
TGGAAGTGTCAAACCGACAT_001,108
TGGAAGTGTCAAACCGACAT_002,108
TGGAAGTGTCAAACCGACAT_003,172
TGGAAGTGTCAAACCGACAT_004,78
TGGAAGTGTCAAACCGACAT_005,52
GTCTGAGGAGAATGGTGCAA_001,134
GTCTGAGGAGAATGGTGCAA_002,2
GTCTGAGGAGAATGGTGCAA_003,154
GTCTGAGGAGAATGGTGCAA_004,25
GTCTGAGGAGAATGGTGCAA_005,166
GTCTGAGGAGAATGGTGCAA_006,97
GTCTGAGGAGAATGGTGCAA_007,147
AAAGGGTGAACACCAGTGAA_001,127
AAAGGGTGAACACCAGTGAA_002,198
AAAGGGTGAACACCAGTGAA_003,109
AAAGGGTGAACACCAGTGAA_004,48
AAAGGGTGAACACCAGTGAA_005,162
AAAGGGTGAACACCAGTGAA_006,169
AAAGGGTGAACACCAGTGAA_007,96
AAAGGGTGAACACCAGTGAA_008,29
AAAGGGTGAACACCAGTGAA_009,176
AAAGGGTGAACACCAGTGAA_010,124
AAAGGGTGAACACCAGTGAA_011,65
AAAGGGTGAACACCAGTGAA_012,81
AAAGGGTGAACACCAGTGAA_013,52
AAAGGGTGAACACCAGTGAA_014,2
AAAGGGTGAACACCAGTGAA_015,19
AAAGGGTGAACACCAGTGAA_016,184
AAAGGGTGAACACCAGTGAA_017,178
AAAGGGTGAACACCAGTGAA_018,178
AAAGGGTGAACACCAGTGAA_019,131
AAAGGGTGAACACCAGTGAA_020,177
AAAGGGTGAACACCAGTGAA_021,136
AAAGGGTGAACACCAGTGAA_022,22
AAAGGGTGAACACCAGTGAA_023,12
AAAGGGTGAACACCAGTGAA_024,83
AAAGGGTGAACACCAGTGAA_025,149
AAAGGGTGAACACCAGTGAA_026,174
AAAGGGTGAACACCAGTGAA_027,110
AAAGGGTGAACACCAGTGAA_028,120
AACTAGAGGACAGAAACCCA_001,178
AACTAGAGGACAGAAACCCA_002,47
AACTAGAGGACAGAAACCCA_003,43
AACTAGAGGACAGAAACCCA_004,80
AACTAGAGGACAGAAACCCA_005,185
AACTAGAGGACAGAAACCCA_006,147
AACTAGAGGACAGAAACCCA_007,140
AACTAGAGGACAGAAACCCA_008,157
AACTAGAGGACAGAAACCCA_009,157
GCAAAAGTACTTTAGCTGAC_001,115
GCAAAAGTACTTTAGCTGAC_002,12
GCAAAAGTACTTTAGCTGAC_003,75
GCAAAAGTACTTTAGCTGAC_004,20
GCAAAAGTACTTTAGCTGAC_005,107
GCAAAAGTACTTTAGCTGAC_006,170
GCAAAAGTACTTTAGCTGAC_007,50
GCAAAAGTACTTTAGCTGAC_008,117
GCAAAAGTACTTTAGCTGAC_009,85
GCAAAAGTACTTTAGCTGAC_010,48
GCAAAAGTACTTTAGCTGAC_011,73
CAGTACCATGAGGACGTAGA_001,138
CAGTACCATGAGGACGTAGA_002,149
CAGTACCATGAGGACGTAGA_003,147
CAGTACCATGAGGACGTAGA_004,128
CAGTACCATGAGGACGTAGA_005,172
GTAGAATCGCCACATCCCCC_001,12
CTCCTGTTGGCTCAGGACTG_001,175
CTCCTGTTGGCTCAGGACTG_002,147
CTCCTGTTGGCTCAGGACTG_003,107
CTCCTGTTGGCTCAGGACTG_004,19
CTCCTGTTGGCTCAGGACTG_005,19
CTCCTGTTGGCTCAGGACTG_006,27
CTCCTGTTGGCTCAGGACTG_007,177
CTCCTGTTGGCTCAGGACTG_008,198
CTCCTGTTGGCTCAGGACTG_009,114
CTCCTGTTGGCTCAGGACTG_010,114
CTCCTGTTGGCTCAGGACTG_011,165
CTCCTGTTGGCTCAGGACTG_012,62
CTCCTGTTGGCTCAGGACTG_013,50
CTCCTGTTGGCTCAGGACTG_014,175
CTCCTGTTGGCTCAGGACTG_015,28
CTCCTGTTGGCTCAGGACTG_016,17
CTCCTGTTGGCTCAGGACTG_017,94
CTCCTGTTGGCTCAGGACTG_018,101
CTCCTGTTGGCTCAGGACTG_019,94
CTCCTGTTGGCTCAGGACTG_020,127
CTCCTGTTGGCTCAGGACTG_021,170
CTCCTGTTGGCTCAGGACTG_022,173
CTCCTGTTGGCTCAGGACTG_023,145
CTCCTGTTGGCTCAGGACTG_024,19
CTCCTGTTGGCTCAGGACTG_025,130
CTCCTGTTGGCTCAGGACTG_026,108
CTCCTGTTGGCTCAGGACTG_027,85
CTCCTGTTGGCTCAGGACTG_028,95
CTCCTGTTGGCTCAGGACTG_029,170
CTCCTGTTGGCTCAGGACTG_030,70
CTCCTGTTGGCTCAGGACTG_031,160
CTCCTGTTGGCTCAGGACTG_032,171
CTCCTGTTGGCTCAGGACTG_033,155
CTCCTGTTGGCTCAGGACTG_034,111
CTCCTGTTGGCTCAGGACTG_035,179
CTCCTGTTGGCTCAGGACTG_036,104
CTCCTGTTGGCTCAGGACTG_037,64
CTCCTGTTGGCTCAGGACTG_038,38
CTCCTGTTGGCTCAGGACTG_039,124
CTCCTGTTGGCTCAGGACTG_040,81
CTCCTGTTGGCTCAGGACTG_041,35
CTCCTGTTGGCTCAGGACTG_042,158
CTCCTGTTGGCTCAGGACTG_043,101
CTCCTGTTGGCTCAGGACTG_044,74
CTCCTGTTGGCTCAGGACTG_045,127
CTCCTGTTGGCTCAGGACTG_046,175
CTCCTGTTGGCTCAGGACTG_047,68
ACCTGGATGAAGCATACCCA_001,176
ACCTGGATGAAGCATACCCA_002,171
ACCTGGATGAAGCATACCCA_003,179
ACCTGGATGAAGCATACCCA_004,179
ACCTGGATGAAGCATACCCA_005,48
ACCTGGATGAAGCATACCCA_006,105
ACCTGGATGAAGCATACCCA_007,129
ACCTGGATGAAGCATACCCA_008,74
ACCTGGATGAAGCATACCCA_009,68
ACCTGGATGAAGCATACCCA_010,194
ACCTGGATGAAGCATACCCA_011,182
ACCTGGATGAAGCATACCCA_012,183
ACCTGGATGAAGCATACCCA_013,9
ACCTGGATGAAGCATACCCA_014,24
ACCTGGATGAAGCATACCCA_015,70
AGTACCGCAAAGGCCTGGTG_001,119
AGTACCGCAAAGGCCTGGTG_002,91
AGTACCGCAAAGGCCTGGTG_003,153
AGTACCGCAAAGGCCTGGTG_004,15
AGTACCGCAAAGGCCTGGTG_005,152
AGTACCGCAAAGGCCTGGTG_006,130
AGTACCGCAAAGGCCTGGTG_007,72
AGTACCGCAAAGGCCTGGTG_008,159
AGTACCGCAAAGGCCTGGTG_009,49
AGTACCGCAAAGGCCTGGTG_010,141
AGTACCGCAAAGGCCTGGTG_011,104
AGTACCGCAAAGGCCTGGTG_012,20
AGTACCGCAAAGGCCTGGTG_013,44
AGTACCGCAAAGGCCTGGTG_014,102
AGTACCGCAAAGGCCTGGTG_015,61
AGTACCGCAAAGGCCTGGTG_016,172
AGTACCGCAAAGGCCTGGTG_017,39
AGTACCGCAAAGGCCTGGTG_018,65
AGTACCGCAAAGGCCTGGTG_019,121
AGTACCGCAAAGGCCTGGTG_020,77
AGTACCGCAAAGGCCTGGTG_021,105
AGTACCGCAAAGGCCTGGTG_022,38
GCACCCTGCGACCTCAGGGT_001,139
GCACCCTGCGACCTCAGGGT_002,107
GCACCCTGCGACCTCAGGGT_003,102
GCACCCTGCGACCTCAGGGT_004,106
GGTGTACTGTGACATGCGCA_001,177
GGTGTACTGTGACATGCGCA_002,105
GGTGTACTGTGACATGCGCA_003,159
GGTGTACTGTGACATGCGCA_004,56
GGTGTACTGTGACATGCGCA_005,102
GGTGTACTGTGACATGCGCA_006,158
AGTTCCATACAACCTCCAGT_001,88
AGTTCCATACAACCTCCAGT_002,173
AGTTCCATACAACCTCCAGT_003,169
AGTTCCATACAACCTCCAGT_004,102
AGTTCCATACAACCTCCAGT_005,6
AGTTCCATACAACCTCCAGT_006,153
AGTTCCATACAACCTCCAGT_007,181
AGTTCCATACAACCTCCAGT_008,174
AGTTCCATACAACCTCCAGT_009,33
AGTTCCATACAACCTCCAGT_010,152
AGTTCCATACAACCTCCAGT_011,70
AGTTCCATACAACCTCCAGT_012,13
AGTTCCATACAACCTCCAGT_013,35
GCCAGGGTTACATTCGTCGG_001,70
GCCAGGGTTACATTCGTCGG_002,102
GCCAGGGTTACATTCGTCGG_003,11
GCCAGGGTTACATTCGTCGG_004,13
GCCAGGGTTACATTCGTCGG_005,103
GTTGATGGCTTGTATCACAC_001,10
GTTGATGGCTTGTATCACAC_002,189
GTTGATGGCTTGTATCACAC_003,114
GTTGATGGCTTGTATCACAC_004,4
GTTGATGGCTTGTATCACAC_005,72
GTTGATGGCTTGTATCACAC_006,179
GTTGATGGCTTGTATCACAC_007,106
GTTGATGGCTTGTATCACAC_008,155
TGAAGGTGCAAGTGGTACGC_001,51
TGAAGGTGCAAGTGGTACGC_002,43
TGAAGGTGCAAGTGGTACGC_003,199
TGAAGGTGCAAGTGGTACGC_004,105
TGAAGGTGCAAGTGGTACGC_005,57
TGAAGGTGCAAGTGGTACGC_006,126
TGAAGGTGCAAGTGGTACGC_007,47
TGAAGGTGCAAGTGGTACGC_008,86
TGAAGGTGCAAGTGGTACGC_009,105
TGAAGGTGCAAGTGGTACGC_010,62
TGAAGGTGCAAGTGGTACGC_011,15
TGAAGGTGCAAGTGGTACGC_012,150
TGAAGGTGCAAGTGGTACGC_013,56
TGAAGGTGCAAGTGGTACGC_014,3
TGAAGGTGCAAGTGGTACGC_015,56
TGAAGGTGCAAGTGGTACGC_016,80
TGAAGGTGCAAGTGGTACGC_017,28
GGTGAATCAGTCCGTTGTAG_001,160
GGTGAATCAGTCCGTTGTAG_002,48
GGATCTGTAGTTATGCGTAG_001,77
GGATCTGTAGTTATGCGTAG_002,144
GGATCTGTAGTTATGCGTAG_003,198
GGATCTGTAGTTATGCGTAG_004,1
GGATCTGTAGTTATGCGTAG_005,58
GGATCTGTAGTTATGCGTAG_006,1
GGATCTGTAGTTATGCGTAG_007,19
AGGCTTGGGACCTTGACGCG_001,8
AGGCTTGGGACCTTGACGCG_002,88
AGGCTTGGGACCTTGACGCG_003,50
AGGCTTGGGACCTTGACGCG_004,33
AGGCTTGGGACCTTGACGCG_005,141
AGGCTTGGGACCTTGACGCG_006,40
AGGCTTGGGACCTTGACGCG_007,78
AGGCTTGGGACCTTGACGCG_008,150
AGGCTTGGGACCTTGACGCG_009,159
AGGCTTGGGACCTTGACGCG_010,43
AGGCTTGGGACCTTGACGCG_011,28
AGGCTTGGGACCTTGACGCG_012,70
ATATCTTCTACAATGGACCG_001,157
ATATCTTCTACAATGGACCG_002,17
ATATCTTCTACAATGGACCG_003,39
ATATCTTCTACAATGGACCG_004,56
ATATCTTCTACAATGGACCG_005,49
GGGTGCACATTATTCCTGTG_001,175
GTAGAACCATTCCACCACCG_001,15
GTAGAACCATTCCACCACCG_002,15
CATGCCATTAGCATCCTGTT_001,9
CATGCCATTAGCATCCTGTT_002,0
CATGCCATTAGCATCCTGTT_003,148
TGATAGGCAAAGATTACATG_001,118
TGATAGGCAAAGATTACATG_002,162
TGATAGGCAAAGATTACATG_003,129
TGATAGGCAAAGATTACATG_004,113
TGATAGGCAAAGATTACATG_005,159
TGATAGGCAAAGATTACATG_006,162
GCATACATGCATCAACACAG_001,140
GCATACATGCATCAACACAG_002,16
GCATACATGCATCAACACAG_003,189
GCATACATGCATCAACACAG_004,196
GCATACATGCATCAACACAG_005,196
GCATACATGCATCAACACAG_006,116
GCATACATGCATCAACACAG_007,31
GCATACATGCATCAACACAG_008,156
GCATACATGCATCAACACAG_009,113
GCATACATGCATCAACACAG_010,162
GCATACATGCATCAACACAG_011,105
GCATACATGCATCAACACAG_012,62
GGACAGCCATCTACCCGAAG_001,28
CCAGATTCCCACCCTCAGGG_001,161
CCAGATTCCCACCCTCAGGG_002,138
CCAGATTCCCACCCTCAGGG_003,88
CCAGATTCCCACCCTCAGGG_004,160
CCAGATTCCCACCCTCAGGG_005,135
CCAGATTCCCACCCTCAGGG_006,69
CCAGATTCCCACCCTCAGGG_007,19
CCAGATTCCCACCCTCAGGG_008,191
CCAGATTCCCACCCTCAGGG_009,181
CCAGATTCCCACCCTCAGGG_010,7
TCACACACTGGAGCACTGTG_001,11
TCACACACTGGAGCACTGTG_002,116
TCACACACTGGAGCACTGTG_003,58
TCACACACTGGAGCACTGTG_004,55
TCACACACTGGAGCACTGTG_005,105
TCACACACTGGAGCACTGTG_006,15
TCACACACTGGAGCACTGTG_007,41
TCACACACTGGAGCACTGTG_008,176
TCACACACTGGAGCACTGTG_009,144
TCACACACTGGAGCACTGTG_010,174
TCACACACTGGAGCACTGTG_011,19
TCACACACTGGAGCACTGTG_012,79
TCACACACTGGAGCACTGTG_013,26
TCACACACTGGAGCACTGTG_014,158
TCACACACTGGAGCACTGTG_015,83
TCACACACTGGAGCACTGTG_016,80
TCACACACTGGAGCACTGTG_017,56
TCACACACTGGAGCACTGTG_018,45
TCACACACTGGAGCACTGTG_019,173
TCACACACTGGAGCACTGTG_020,173
TCACACACTGGAGCACTGTG_021,158
TCACACACTGGAGCACTGTG_022,150
TCACACACTGGAGCACTGTG_023,162
TCACACACTGGAGCACTGTG_024,88
TCACACACTGGAGCACTGTG_025,102
TCACACACTGGAGCACTGTG_026,8
TCACACACTGGAGCACTGTG_027,62
TCACACACTGGAGCACTGTG_028,95
TCACACACTGGAGCACTGTG_029,10
TCACACACTGGAGCACTGTG_030,185
TCACACACTGGAGCACTGTG_031,143
TTTGTGCTACCGGCGAACTG_001,112
TTTGTGCTACCGGCGAACTG_002,170
TTTGTGCTACCGGCGAACTG_003,18
TTTGTGCTACCGGCGAACTG_004,50
TTTGTGCTACCGGCGAACTG_005,107
TTTGTGCTACCGGCGAACTG_006,8
TTTGTGCTACCGGCGAACTG_007,56
TTTGTGCTACCGGCGAACTG_008,127
TTTGTGCTACCGGCGAACTG_009,123
TTTGTGCTACCGGCGAACTG_010,182
TTTGTGCTACCGGCGAACTG_011,55
TTTGTGCTACCGGCGAACTG_012,43
TTTGTGCTACCGGCGAACTG_013,56
TTTGTGCTACCGGCGAACTG_014,99
TTTGTGCTACCGGCGAACTG_015,168
TTTGTGCTACCGGCGAACTG_016,50
TTTGTGCTACCGGCGAACTG_017,63
CGGGGCGCCTGAGTCATCGG_001,197
CGGGGCGCCTGAGTCATCGG_002,42
CGGGGCGCCTGAGTCATCGG_003,149
CGGGGCGCCTGAGTCATCGG_004,170
CGGGGCGCCTGAGTCATCGG_005,179
CGGGGCGCCTGAGTCATCGG_006,125
CGGGGCGCCTGAGTCATCGG_007,162
CGGGGCGCCTGAGTCATCGG_008,162
CGGGGCGCCTGAGTCATCGG_009,38
CGGGGCGCCTGAGTCATCGG_010,184
CGGGGCGCCTGAGTCATCGG_011,180
ACTCAGCCATTTTATTAGAA_001,105
ACTCAGCCATTTTATTAGAA_002,194
ACTCAGCCATTTTATTAGAA_003,174
ACTCAGCCATTTTATTAGAA_004,71
ACTCAGCCATTTTATTAGAA_005,180
GGTCTGGCAGTCTTCCAGTG_001,4
GCTGCGCAGAAAGCCAGATG_001,82
GCTGCGCAGAAAGCCAGATG_002,153
GCTGCGCAGAAAGCCAGATG_003,74
GCTGCGCAGAAAGCCAGATG_004,121
GCTGCGCAGAAAGCCAGATG_005,12
GCTGCGCAGAAAGCCAGATG_006,159
GCTGCGCAGAAAGCCAGATG_007,149
GCTGCGCAGAAAGCCAGATG_008,172
GCTGCGCAGAAAGCCAGATG_009,105
GCTGCGCAGAAAGCCAGATG_010,149
GCTGCGCAGAAAGCCAGATG_011,47
GCTGCGCAGAAAGCCAGATG_012,71
AAATCTAGAACTTACCCCAA_001,16
AAATCTAGAACTTACCCCAA_002,151
CGACGGAGTCTACGCCATCG_001,145
CGACGGAGTCTACGCCATCG_002,55
CGACGGAGTCTACGCCATCG_003,115
CGACGGAGTCTACGCCATCG_004,160
CGACGGAGTCTACGCCATCG_005,114
CGACGGAGTCTACGCCATCG_006,158
TAAGGTCTTTCAAGGATTGT_001,8
TAAGGTCTTTCAAGGATTGT_002,124
TAAGGTCTTTCAAGGATTGT_003,153
TAAGGTCTTTCAAGGATTGT_004,129
AAGAAGCCCATCTATACCCA_001,75
AAGAAGCCCATCTATACCCA_002,129
GATCAGGCTACACAACCCGT_001,85
GATCAGGCTACACAACCCGT_002,49
GATCAGGCTACACAACCCGT_003,2
GATCAGGCTACACAACCCGT_004,41
GATCAGGCTACACAACCCGT_005,150
GATCAGGCTACACAACCCGT_006,0
GATCAGGCTACACAACCCGT_007,163
GATCAGGCTACACAACCCGT_008,85
GATCAGGCTACACAACCCGT_009,84
GATCAGGCTACACAACCCGT_010,127
GATCAGGCTACACAACCCGT_011,28
GATCAGGCTACACAACCCGT_012,119
GATCAGGCTACACAACCCGT_013,75
GATCAGGCTACACAACCCGT_014,32
GATCAGGCTACACAACCCGT_015,30
GATCAGGCTACACAACCCGT_016,40
GATCAGGCTACACAACCCGT_017,77
GATCAGGCTACACAACCCGT_018,63
GATCAGGCTACACAACCCGT_019,114
ATATTAGATAAATCCACGAA_001,20
ATATTAGATAAATCCACGAA_002,139
ATATTAGATAAATCCACGAA_003,80
ATATTAGATAAATCCACGAA_004,161
ATATTAGATAAATCCACGAA_005,97
AAGCCGAGAATCCTGCTCAT_001,116
AAGCCGAGAATCCTGCTCAT_002,1
AAGCCGAGAATCCTGCTCAT_003,28
AAGCCGAGAATCCTGCTCAT_004,88
AAGCCGAGAATCCTGCTCAT_005,177
AAGCCGAGAATCCTGCTCAT_006,82
ACAGGCCAGGAGGCAAGCGT_001,141
ACAGGCCAGGAGGCAAGCGT_002,2
TTCGAAGAATCCTCACACTG_001,107
TTCGAAGAATCCTCACACTG_002,158
TTCGAAGAATCCTCACACTG_003,148
TTCGAAGAATCCTCACACTG_004,53
TTCGAAGAATCCTCACACTG_005,123
TTCGAAGAATCCTCACACTG_006,78
TTCGAAGAATCCTCACACTG_007,170
TGTGAATGTCAATGGCACAG_001,50
GTGTGGCTTCTCTAGGCTCG_001,32
GTGTGGCTTCTCTAGGCTCG_002,17
GTGTGGCTTCTCTAGGCTCG_003,73
GTGTGGCTTCTCTAGGCTCG_004,130
GTGTGGCTTCTCTAGGCTCG_005,116
GTGTGGCTTCTCTAGGCTCG_006,10
AGATGGCGATGACGCCCATG_001,105
AGATGGCGATGACGCCCATG_002,95
AGATGGCGATGACGCCCATG_003,139
AGATGGCGATGACGCCCATG_004,48
ATGTGAACGTAATCAAACCC_001,155
CAAGATCGTCGGCAACAAGT_001,84
CAAGATCGTCGGCAACAAGT_002,137
CAAGATCGTCGGCAACAAGT_003,8
CAAGATCGTCGGCAACAAGT_004,1
CAAGATCGTCGGCAACAAGT_005,131
CAAGATCGTCGGCAACAAGT_006,90
CTTGCAAACACCATCAAGGT_001,27
CTTGCAAACACCATCAAGGT_002,91
CTTGCAAACACCATCAAGGT_003,192
CTTGCAAACACCATCAAGGT_004,26
CTTGCAAACACCATCAAGGT_005,116
CTTGCAAACACCATCAAGGT_006,7
CTTGCAAACACCATCAAGGT_007,7
CTTGCAAACACCATCAAGGT_008,57
CTTGCAAACACCATCAAGGT_009,145
CTTGCAAACACCATCAAGGT_010,189
CAGGGACAAGTACCGGTCCG_001,78
CAGGGACAAGTACCGGTCCG_002,169
CAGGGACAAGTACCGGTCCG_003,113
CAGGGACAAGTACCGGTCCG_004,67
CAGGGACAAGTACCGGTCCG_005,34
CAGGGACAAGTACCGGTCCG_006,94
CAGGGACAAGTACCGGTCCG_007,70
CAGGGACAAGTACCGGTCCG_008,67
AGCTGCTGCCTCATCGAGGA_001,8
AGCTGCTGCCTCATCGAGGA_002,168
AGCTGCTGCCTCATCGAGGA_003,120
AGCTGCTGCCTCATCGAGGA_004,37
AGCTGCTGCCTCATCGAGGA_005,115
AGCTGCTGCCTCATCGAGGA_006,60
AGCTGCTGCCTCATCGAGGA_007,58
AGCTGCTGCCTCATCGAGGA_008,8
AGCTGCTGCCTCATCGAGGA_009,116
AGCTGCTGCCTCATCGAGGA_010,197
AGCTGCTGCCTCATCGAGGA_011,128
AGCTGCTGCCTCATCGAGGA_012,82
AGCTGCTGCCTCATCGAGGA_013,168
AGCTGCTGCCTCATCGAGGA_014,83
AGCTGCTGCCTCATCGAGGA_015,174
AGCTGCTGCCTCATCGAGGA_016,144
AGCTGCTGCCTCATCGAGGA_017,184
AGCTGCTGCCTCATCGAGGA_018,42
AGCTGCTGCCTCATCGAGGA_019,61
AGCTGCTGCCTCATCGAGGA_020,121
AGCTGCTGCCTCATCGAGGA_021,131
AGCTGCTGCCTCATCGAGGA_022,112
AGCTGCTGCCTCATCGAGGA_023,26
AGCTGCTGCCTCATCGAGGA_024,188
AGCTGCTGCCTCATCGAGGA_025,2
AGCTGCTGCCTCATCGAGGA_026,19
AGCTGCTGCCTCATCGAGGA_027,122
AGCTGCTGCCTCATCGAGGA_028,193
AGCTGCTGCCTCATCGAGGA_029,55
ACGAAATAATGGGCAATCAG_001,2
ACGAAATAATGGGCAATCAG_002,83
ACGAAATAATGGGCAATCAG_003,2
ACGAAATAATGGGCAATCAG_004,136
ACGAAATAATGGGCAATCAG_005,35
ACGAAATAATGGGCAATCAG_006,73
ACGAAATAATGGGCAATCAG_007,100
ACGAAATAATGGGCAATCAG_008,23
ACGAAATAATGGGCAATCAG_009,43
ACGAAATAATGGGCAATCAG_010,33
ACGAAATAATGGGCAATCAG_011,177
ACGAAATAATGGGCAATCAG_012,67
CAACTGGACAGGTTTCATAG_001,174
CAACTGGACAGGTTTCATAG_002,27
CAACTGGACAGGTTTCATAG_003,5
CAACTGGACAGGTTTCATAG_004,14
CAACTGGACAGGTTTCATAG_005,161
CAACTGGACAGGTTTCATAG_006,90
CAACTGGACAGGTTTCATAG_007,8
CAACTGGACAGGTTTCATAG_008,137
CAACTGGACAGGTTTCATAG_009,184
CAACTGGACAGGTTTCATAG_010,82
CAACTGGACAGGTTTCATAG_011,49
CAACTGGACAGGTTTCATAG_012,49
GGGCAGGTTAACTGCCGACA_001,112
GGGCAGGTTAACTGCCGACA_002,93
GGGCAGGTTAACTGCCGACA_003,72
GGGCAGGTTAACTGCCGACA_004,199
GGGCAGGTTAACTGCCGACA_005,148
GGGCAGGTTAACTGCCGACA_006,199
GGGCAGGTTAACTGCCGACA_007,41
GGGCAGGTTAACTGCCGACA_008,113
GGGCAGGTTAACTGCCGACA_009,88
GGGCAGGTTAACTGCCGACA_010,60
GGGCAGGTTAACTGCCGACA_011,199
GGGCAGGTTAACTGCCGACA_012,170
GGGCAGGTTAACTGCCGACA_013,165
GGGCAGGTTAACTGCCGACA_014,39
GGGCAGGTTAACTGCCGACA_015,113
GGGCAGGTTAACTGCCGACA_016,147
GGGCAGGTTAACTGCCGACA_017,9
GGGCAGGTTAACTGCCGACA_018,127
GGGCAGGTTAACTGCCGACA_019,80
GGGCAGGTTAACTGCCGACA_020,113
GGGCAGGTTAACTGCCGACA_021,167
GGGCAGGTTAACTGCCGACA_022,180
GGGCAGGTTAACTGCCGACA_023,197
GGGCAGGTTAACTGCCGACA_024,62
GGGCAGGTTAACTGCCGACA_025,9
TTCGATGCGTTCGTTAACAG_001,49
TTCGATGCGTTCGTTAACAG_002,45
TTCGATGCGTTCGTTAACAG_003,34
TTCGATGCGTTCGTTAACAG_004,138
TTCGATGCGTTCGTTAACAG_005,138
TTCGATGCGTTCGTTAACAG_006,116
TTCGATGCGTTCGTTAACAG_007,1
TTCGATGCGTTCGTTAACAG_008,115
TTCGATGCGTTCGTTAACAG_009,143
TTCGATGCGTTCGTTAACAG_010,49
TTCGATGCGTTCGTTAACAG_011,187
CCCACTGCACTAAAGACGCT_001,29
CCCACTGCACTAAAGACGCT_002,113
CCCACTGCACTAAAGACGCT_003,88
CCCACTGCACTAAAGACGCT_004,183
CCCACTGCACTAAAGACGCT_005,102
CCCACTGCACTAAAGACGCT_006,184
CCCACTGCACTAAAGACGCT_007,169
CCCACTGCACTAAAGACGCT_008,152
CCCACTGCACTAAAGACGCT_009,40
CCCACTGCACTAAAGACGCT_010,19
CCCACTGCACTAAAGACGCT_011,70
CCCACTGCACTAAAGACGCT_012,172
CCCACTGCACTAAAGACGCT_013,66
CCCACTGCACTAAAGACGCT_014,84
CCCACTGCACTAAAGACGCT_015,185
CCCACTGCACTAAAGACGCT_016,30
CCCACTGCACTAAAGACGCT_017,30
CCCACTGCACTAAAGACGCT_018,62
CCCACTGCACTAAAGACGCT_019,144
CCCACTGCACTAAAGACGCT_020,176
CCCACTGCACTAAAGACGCT_021,153
CCCACTGCACTAAAGACGCT_022,147
CCCACTGCACTAAAGACGCT_023,125
CGGCCTCAAGAACCCCCACG_001,60
CGGCCTCAAGAACCCCCACG_002,127
CGGCCTCAAGAACCCCCACG_003,19
CGGCCTCAAGAACCCCCACG_004,131
CGGCCTCAAGAACCCCCACG_005,12
CGGCCTCAAGAACCCCCACG_006,141
CGGCCTCAAGAACCCCCACG_007,84
CGGCCTCAAGAACCCCCACG_008,73
CGGCCTCAAGAACCCCCACG_009,161
CGGCCTCAAGAACCCCCACG_010,125
AACAAGAAGGAGATTCAGAA_001,58
AACAAGAAGGAGATTCAGAA_002,154
AACAAGAAGGAGATTCAGAA_003,160
AACAAGAAGGAGATTCAGAA_004,17
AACAAGAAGGAGATTCAGAA_005,96
AACAAGAAGGAGATTCAGAA_006,108
AACAAGAAGGAGATTCAGAA_007,149
AACAAGAAGGAGATTCAGAA_008,2
AACAAGAAGGAGATTCAGAA_009,180
AACAAGAAGGAGATTCAGAA_010,144
AACAAGAAGGAGATTCAGAA_011,81
AACAAGAAGGAGATTCAGAA_012,21
AACAAGAAGGAGATTCAGAA_013,182
AACAAGAAGGAGATTCAGAA_014,48
AACAAGAAGGAGATTCAGAA_015,70
AACAAGAAGGAGATTCAGAA_016,169
AACAAGAAGGAGATTCAGAA_017,67
AACAAGAAGGAGATTCAGAA_018,2
AACAAGAAGGAGATTCAGAA_019,82
AACAAGAAGGAGATTCAGAA_020,175
AACAAGAAGGAGATTCAGAA_021,170
AACAAGAAGGAGATTCAGAA_022,60
AACAAGAAGGAGATTCAGAA_023,40
AACAAGAAGGAGATTCAGAA_024,49
AACAAGAAGGAGATTCAGAA_025,157
AACAAGAAGGAGATTCAGAA_026,134
GAAGCACGCCTTACCTGTCT_001,113
GAAGCACGCCTTACCTGTCT_002,83
GAAGCACGCCTTACCTGTCT_003,22
GAAGCACGCCTTACCTGTCT_004,56
GAAGCACGCCTTACCTGTCT_005,135
GAAGCACGCCTTACCTGTCT_006,96
GAAGCACGCCTTACCTGTCT_007,63
GAAGCACGCCTTACCTGTCT_008,63
GAAGCACGCCTTACCTGTCT_009,145
TAGATATTCTGGACACCGCT_001,64
TAGATATTCTGGACACCGCT_002,187
TAGATATTCTGGACACCGCT_003,187
TAGATATTCTGGACACCGCT_004,56
GCCCCACTTACAGAAGACCG_001,64
GCCCCACTTACAGAAGACCG_002,106
GCCCCACTTACAGAAGACCG_003,23
GCCCCACTTACAGAAGACCG_004,52
GCCCCACTTACAGAAGACCG_005,102
GCCCCACTTACAGAAGACCG_006,14
AAAATTGGAGATTCATACCG_001,81
AAAATTGGAGATTCATACCG_002,65
AAAATTGGAGATTCATACCG_003,149
AAAATTGGAGATTCATACCG_004,191
TGGTTGTGGATCACTAACCA_001,189
TGGTTGTGGATCACTAACCA_002,88
TGGTTGTGGATCACTAACCA_003,148
TGGTTGTGGATCACTAACCA_004,162
TGGTTGTGGATCACTAACCA_005,48
TGGTTGTGGATCACTAACCA_006,148
TGGTTGTGGATCACTAACCA_007,88
TGGTTGTGGATCACTAACCA_008,182
TGGTTGTGGATCACTAACCA_009,197
TGGTTGTGGATCACTAACCA_010,46
TGAGGGAGGAGATCGCCGTG_001,57
TGAGGGAGGAGATCGCCGTG_002,48
TGAGGGAGGAGATCGCCGTG_003,115
TGAGGGAGGAGATCGCCGTG_004,10
TGAGGGAGGAGATCGCCGTG_005,39
TGAGGGAGGAGATCGCCGTG_006,52
TGAGGGAGGAGATCGCCGTG_007,66
AGGACCCCACCTGTAACTGA_001,181
AGGACCCCACCTGTAACTGA_002,14
AGGACCCCACCTGTAACTGA_003,53
AGGACCCCACCTGTAACTGA_004,9
AGGACCCCACCTGTAACTGA_005,45
AGGACCCCACCTGTAACTGA_006,134
GGCTACGCAAACAGGAGGAG_001,199
GGCTACGCAAACAGGAGGAG_002,196
GGCTACGCAAACAGGAGGAG_003,106
GGCTACGCAAACAGGAGGAG_004,152
GGCTACGCAAACAGGAGGAG_005,28
GGCTACGCAAACAGGAGGAG_006,124
CAAAATTCAGCTGTCTGCGA_001,65
CAAAATTCAGCTGTCTGCGA_002,108
CAAAATTCAGCTGTCTGCGA_003,91
CAAAATTCAGCTGTCTGCGA_004,112
TTTAACTGTCCCGGTGTGCA_001,78
TTTAACTGTCCCGGTGTGCA_002,70
TTTAACTGTCCCGGTGTGCA_003,23
TTTAACTGTCCCGGTGTGCA_004,63
TTTAACTGTCCCGGTGTGCA_005,138
TTTAACTGTCCCGGTGTGCA_006,83
TTTAACTGTCCCGGTGTGCA_007,15
TTTAACTGTCCCGGTGTGCA_008,11
TTTAACTGTCCCGGTGTGCA_009,129
TTTAACTGTCCCGGTGTGCA_010,62
TTTAACTGTCCCGGTGTGCA_011,1
TTTAACTGTCCCGGTGTGCA_012,115
TTTAACTGTCCCGGTGTGCA_013,199
TTTAACTGTCCCGGTGTGCA_014,17
TTTAACTGTCCCGGTGTGCA_015,32
TTTAACTGTCCCGGTGTGCA_016,70
TGTACCAGTTGCAAACTGTG_001,194
TGTACCAGTTGCAAACTGTG_002,132
TGTACCAGTTGCAAACTGTG_003,41
TGTACCAGTTGCAAACTGTG_004,58
TGTACCAGTTGCAAACTGTG_005,10
AGAGCCCAGCAGCGATACGG_001,39
AGAGCCCAGCAGCGATACGG_002,49
AGAGCCCAGCAGCGATACGG_003,144
AGAGCCCAGCAGCGATACGG_004,144
AGAGCCCAGCAGCGATACGG_005,78
AGAGCCCAGCAGCGATACGG_006,181
AGAGCCCAGCAGCGATACGG_007,64
AGAGCCCAGCAGCGATACGG_008,162
AGAGCCCAGCAGCGATACGG_009,130
AGAGCCCAGCAGCGATACGG_010,61
AGAGCCCAGCAGCGATACGG_011,188
AGAGCCCAGCAGCGATACGG_012,83
AGAGCCCAGCAGCGATACGG_013,50
AGAGCCCAGCAGCGATACGG_014,169
AGAGCCCAGCAGCGATACGG_015,171
AGAGCCCAGCAGCGATACGG_016,8
AGAGCCCAGCAGCGATACGG_017,193
AGAGCCCAGCAGCGATACGG_018,62
AGAGCCCAGCAGCGATACGG_019,95
AGAGCCCAGCAGCGATACGG_020,21
AGAGCCCAGCAGCGATACGG_021,87
AGAGCCCAGCAGCGATACGG_022,65
AGAGCCCAGCAGCGATACGG_023,101
AGAGCCCAGCAGCGATACGG_024,83
AGAGCCCAGCAGCGATACGG_025,56
AGAGCCCAGCAGCGATACGG_026,8
CGTACCCACGAGGCCCGCGT_001,169
CGTACCCACGAGGCCCGCGT_002,130
CGTACCCACGAGGCCCGCGT_003,177
CGTACCCACGAGGCCCGCGT_004,98
CGTACCCACGAGGCCCGCGT_005,135
CGTACCCACGAGGCCCGCGT_006,162
CGTACCCACGAGGCCCGCGT_007,63
CGTACCCACGAGGCCCGCGT_008,138
CGTACCCACGAGGCCCGCGT_009,138
CGTACCCACGAGGCCCGCGT_010,19
CGTACCCACGAGGCCCGCGT_011,179
AGTGCTTTGCTAGCTAAAGG_001,181
TGGGAAAGCGTACTCGTTCG_001,22
TTTGATGGAGCCAGCCAGGT_001,105
TTTGATGGAGCCAGCCAGGT_002,149
TTTGATGGAGCCAGCCAGGT_003,12
TTTGATGGAGCCAGCCAGGT_004,121
TTTGATGGAGCCAGCCAGGT_005,183
TTTGATGGAGCCAGCCAGGT_006,105
TTTGATGGAGCCAGCCAGGT_007,188
TTTGATGGAGCCAGCCAGGT_008,66
TTTGATGGAGCCAGCCAGGT_009,66
TTTGATGGAGCCAGCCAGGT_010,3
CTGCTGCCGTCTACAGTCGG_001,15
CTGCTGCCGTCTACAGTCGG_002,29
CTGCTGCCGTCTACAGTCGG_003,59
CTGCTGCCGTCTACAGTCGG_004,50
CTGCTGCCGTCTACAGTCGG_005,22
CTGCTGCCGTCTACAGTCGG_006,52
CTGCTGCCGTCTACAGTCGG_007,169
CTGCTGCCGTCTACAGTCGG_008,88
CTGCTGCCGTCTACAGTCGG_009,12
CTGCTGCCGTCTACAGTCGG_010,177
CTGCTGCCGTCTACAGTCGG_011,54
CTGCTGCCGTCTACAGTCGG_012,53
CTGCTGCCGTCTACAGTCGG_013,73
CTGCTGCCGTCTACAGTCGG_014,192
CTGCTGCCGTCTACAGTCGG_015,150
CTGCTGCCGTCTACAGTCGG_016,0
CTGCTGCCGTCTACAGTCGG_017,40
CTGCTGCCGTCTACAGTCGG_018,80
CTGCTGCCGTCTACAGTCGG_019,109
CTGCTGCCGTCTACAGTCGG_020,61
GCCGGATGGGACCCGACGCG_001,19
GCCGGATGGGACCCGACGCG_002,140
GCCGGATGGGACCCGACGCG_003,184
GCCGGATGGGACCCGACGCG_004,78
AGGCCATGTTCAAACCCATG_001,107
AGGCCATGTTCAAACCCATG_002,150
AGGCCATGTTCAAACCCATG_003,167
AGGCCATGTTCAAACCCATG_004,164
CCATGAGTTGTCTCCCAGAG_001,145
CCATGAGTTGTCTCCCAGAG_002,26
CCATGAGTTGTCTCCCAGAG_003,48
CCATGAGTTGTCTCCCAGAG_004,52
CCATGAGTTGTCTCCCAGAG_005,84
CCATGAGTTGTCTCCCAGAG_006,161
CCATGAGTTGTCTCCCAGAG_007,146
CCATGAGTTGTCTCCCAGAG_008,94
CCATAATAGTGGCTTGCCAG_001,162
CCATAATAGTGGCTTGCCAG_002,121
CCATAATAGTGGCTTGCCAG_003,159
CCATAATAGTGGCTTGCCAG_004,92
CCATAATAGTGGCTTGCCAG_005,108
CCATAATAGTGGCTTGCCAG_006,130
AATTTCATGCCGTGACATAG_001,69
AATTTCATGCCGTGACATAG_002,6
AATTTCATGCCGTGACATAG_003,5
AATTTCATGCCGTGACATAG_004,44
AATTTCATGCCGTGACATAG_005,4
CAGTTTGGTACCTACCGCCG_001,50
CAGTTTGGTACCTACCGCCG_002,102
CAGTTTGGTACCTACCGCCG_003,188
CAGTTTGGTACCTACCGCCG_004,116
CAGTTTGGTACCTACCGCCG_005,50
CAGTTTGGTACCTACCGCCG_006,63
CAGTTTGGTACCTACCGCCG_007,150
CAGTTTGGTACCTACCGCCG_008,148
CAGTTTGGTACCTACCGCCG_009,125
CAGTTTGGTACCTACCGCCG_010,97
CAGTTTGGTACCTACCGCCG_011,60
CAGTTTGGTACCTACCGCCG_012,10
CAGTTTGGTACCTACCGCCG_013,67
AAAGGCTGACTTAGGCCTAG_001,178
AAAGGCTGACTTAGGCCTAG_002,178
AAAGGCTGACTTAGGCCTAG_003,131
AAAGGCTGACTTAGGCCTAG_004,180
AAAGGCTGACTTAGGCCTAG_005,45
AAAGGCTGACTTAGGCCTAG_006,125
AAAGGCTGACTTAGGCCTAG_007,88
AAAGGCTGACTTAGGCCTAG_008,27
GTCAACCAGCCGAATGACAA_001,76
GTCAACCAGCCGAATGACAA_002,169
GTCAACCAGCCGAATGACAA_003,73
GTCAACCAGCCGAATGACAA_004,111
GTCAACCAGCCGAATGACAA_005,41
GTCAACCAGCCGAATGACAA_006,147
GTCAACCAGCCGAATGACAA_007,135
GTCAACCAGCCGAATGACAA_008,92
GTCAACCAGCCGAATGACAA_009,194
GTCAACCAGCCGAATGACAA_010,119
GTCAACCAGCCGAATGACAA_011,177
ATTCGGATGATAAACAACAG_001,170
ATTCGGATGATAAACAACAG_002,30
ATTCGGATGATAAACAACAG_003,141
ATTCGGATGATAAACAACAG_004,177
ATTCGGATGATAAACAACAG_005,192
ATTCGGATGATAAACAACAG_006,188
CACATATAGTATCATTATGG_001,140
ACCTGGAACGCATCATGTGT_001,150
ACCTGGAACGCATCATGTGT_002,196
ACCTGGAACGCATCATGTGT_003,64
ACCTGGAACGCATCATGTGT_004,32
ACCTGGAACGCATCATGTGT_005,1
ACCTGGAACGCATCATGTGT_006,79
ACCTGGAACGCATCATGTGT_007,145
ACCTGGAACGCATCATGTGT_008,80
ACCTGGAACGCATCATGTGT_009,85
ACCTGGAACGCATCATGTGT_010,166
GCTGGCGCCCAAAATAAAGA_001,10
AGCCATAATAATCACACCGA_001,119
AGCCATAATAATCACACCGA_002,19
AGCCATAATAATCACACCGA_003,94
AATTACCACATGTAATGGAA_001,121
AATTACCACATGTAATGGAA_002,22
AATTACCACATGTAATGGAA_003,87
AATTACCACATGTAATGGAA_004,0
AATTACCACATGTAATGGAA_005,86
ACACCACCTGATCATCAACG_001,2
ACACCACCTGATCATCAACG_002,139
ACACCACCTGATCATCAACG_003,29
ACACCACCTGATCATCAACG_004,154
ACACCACCTGATCATCAACG_005,120
ACACCACCTGATCATCAACG_006,85
ACACCACCTGATCATCAACG_007,76
ACACCACCTGATCATCAACG_008,135
ACACCACCTGATCATCAACG_009,130
ACACCACCTGATCATCAACG_010,19
ACACCACCTGATCATCAACG_011,157
GTATGAATGTAAGCAATATG_001,43
GTATGAATGTAAGCAATATG_002,70
GTATGAATGTAAGCAATATG_003,150
GTATGAATGTAAGCAATATG_004,12
GTATGAATGTAAGCAATATG_005,41
GTATGAATGTAAGCAATATG_006,11
GTATGAATGTAAGCAATATG_007,13
GTATGAATGTAAGCAATATG_008,69
AGGCTCGGGGTATAAATCCA_001,103
AGGCTCGGGGTATAAATCCA_002,3
AGGCTCGGGGTATAAATCCA_003,33
TCAACTTGGATTAACCCTTG_001,55
TCAACTTGGATTAACCCTTG_002,30
TCAACTTGGATTAACCCTTG_003,169
TCAACTTGGATTAACCCTTG_004,183
TCAACTTGGATTAACCCTTG_005,56
TCAACTTGGATTAACCCTTG_006,3
CTCTGGCTACCACTACGGCG_001,68
CTCTGGCTACCACTACGGCG_002,154
CTCTGGCTACCACTACGGCG_003,176
CTCTGGCTACCACTACGGCG_004,152
CTCTGGCTACCACTACGGCG_005,115
CTCTGGCTACCACTACGGCG_006,127
CTCTGGCTACCACTACGGCG_007,95
CTCTGGCTACCACTACGGCG_008,66
CTCTGGCTACCACTACGGCG_009,76
CTCTGGCTACCACTACGGCG_010,142
TGAGAAACACCAATTTCCGA_001,150
TGAGAAACACCAATTTCCGA_002,64
TGAGAAACACCAATTTCCGA_003,179
TGAGAAACACCAATTTCCGA_004,51
AGTGGGTAAGTTCCAGCCTA_001,62
AGTGGGTAAGTTCCAGCCTA_002,17
AGTGGGTAAGTTCCAGCCTA_003,176
AGTGGGTAAGTTCCAGCCTA_004,169
AGTGGGTAAGTTCCAGCCTA_005,178
AGTGGGTAAGTTCCAGCCTA_006,169
GAGAGTGCCATCTACCCCGT_001,62
GAGAGTGCCATCTACCCCGT_002,147
GAGAGTGCCATCTACCCCGT_003,121
GAGAGTGCCATCTACCCCGT_004,179
GAGAGTGCCATCTACCCCGT_005,95
GAGAGTGCCATCTACCCCGT_006,2
GAGAGTGCCATCTACCCCGT_007,71
AATGTTAGGAGTGAACCAAG_001,41
AATGTTAGGAGTGAACCAAG_002,168
TGATGGTGCTTGCAGTGAAG_001,138
TGATGGTGCTTGCAGTGAAG_002,162
TGATGGTGCTTGCAGTGAAG_003,119
TGATGGTGCTTGCAGTGAAG_004,77
TGATGGTGCTTGCAGTGAAG_005,117
TGATGGTGCTTGCAGTGAAG_006,165
TGATGGTGCTTGCAGTGAAG_007,170
TGATGGTGCTTGCAGTGAAG_008,43
TGATGGTGCTTGCAGTGAAG_009,87
TGATGGTGCTTGCAGTGAAG_010,87
TGATGGTGCTTGCAGTGAAG_011,10
TGATGGTGCTTGCAGTGAAG_012,94
TGATGGTGCTTGCAGTGAAG_013,88
TGATGGTGCTTGCAGTGAAG_014,140
TGATGGTGCTTGCAGTGAAG_015,2
TGATGGTGCTTGCAGTGAAG_016,60
TGATGGTGCTTGCAGTGAAG_017,68
TGATGGTGCTTGCAGTGAAG_018,167
AGGTAGGGACGGATGAGCAG_001,169
AGGTAGGGACGGATGAGCAG_002,112
AGGTAGGGACGGATGAGCAG_003,150
AGGTAGGGACGGATGAGCAG_004,105
AGGTAGGGACGGATGAGCAG_005,17
AGGTAGGGACGGATGAGCAG_006,113
AGGTAGGGACGGATGAGCAG_007,57
AGGTAGGGACGGATGAGCAG_008,83
AGGTAGGGACGGATGAGCAG_009,95
AGGTAGGGACGGATGAGCAG_010,5
AGGTAGGGACGGATGAGCAG_011,147
AGGTAGGGACGGATGAGCAG_012,33
AGGTAGGGACGGATGAGCAG_013,149
AGGTAGGGACGGATGAGCAG_014,150
AGGTAGGGACGGATGAGCAG_015,52
AGGTAGGGACGGATGAGCAG_016,19
AGGTAGGGACGGATGAGCAG_017,106
AGGTAGGGACGGATGAGCAG_018,180
AGGTAGGGACGGATGAGCAG_019,127
AGGTAGGGACGGATGAGCAG_020,29
CAGGTTGACTAAAACATGGG_001,165
CAGGTTGACTAAAACATGGG_002,9
CAGGTTGACTAAAACATGGG_003,164
CAGGTTGACTAAAACATGGG_004,92
CAGGTTGACTAAAACATGGG_005,194
CAGGTTGACTAAAACATGGG_006,194
CAGGTTGACTAAAACATGGG_007,28
CAGGTTGACTAAAACATGGG_008,20
GAGGAGTCGATGGCCCGCCG_001,172
GAGGAGTCGATGGCCCGCCG_002,129
GAGGAGTCGATGGCCCGCCG_003,162
GAGGAGTCGATGGCCCGCCG_004,55
GAGGAGTCGATGGCCCGCCG_005,159
GAGGAGTCGATGGCCCGCCG_006,136
GAGGAGTCGATGGCCCGCCG_007,81
GAGGAGTCGATGGCCCGCCG_008,104
GAGGAGTCGATGGCCCGCCG_009,82
GAGGAGTCGATGGCCCGCCG_010,107
GAGGAGTCGATGGCCCGCCG_011,140
AGGAACAGAGAGTTTCTCGT_001,113
AGGAACAGAGAGTTTCTCGT_002,127
AGGAACAGAGAGTTTCTCGT_003,33
AGGAACAGAGAGTTTCTCGT_004,191
AGGAACAGAGAGTTTCTCGT_005,136
AGGAACAGAGAGTTTCTCGT_006,85
AGGAACAGAGAGTTTCTCGT_007,3
AGGAACAGAGAGTTTCTCGT_008,118
AGGAACAGAGAGTTTCTCGT_009,21
CCAAGCTAGAGATTCGCTAT_001,18
TGTGGTGGTCATTATAAGCA_001,179
TGTGGTGGTCATTATAAGCA_002,115
TGTGGTGGTCATTATAAGCA_003,1
TGTGGTGGTCATTATAAGCA_004,162
TGTGGTGGTCATTATAAGCA_005,135
TGTGGTGGTCATTATAAGCA_006,12
TGTGGTGGTCATTATAAGCA_007,77
GTTCTTATGGCGATTAAGCA_001,115
GTTCTTATGGCGATTAAGCA_002,112
GTTCTTATGGCGATTAAGCA_003,62
GTTCTTATGGCGATTAAGCA_004,15
GTTCTTATGGCGATTAAGCA_005,27
GTTCTTATGGCGATTAAGCA_006,58
GTTCTTATGGCGATTAAGCA_007,70
GTTCTTATGGCGATTAAGCA_008,103
GTTCTTATGGCGATTAAGCA_009,140
GTTCTTATGGCGATTAAGCA_010,13
GCTGTGCCATCGAATATTCA_001,119
GCTGTGCCATCGAATATTCA_002,98
GCTGTGCCATCGAATATTCA_003,128
GCTGTGCCATCGAATATTCA_004,94
GCTGTGCCATCGAATATTCA_005,149
GCTGTGCCATCGAATATTCA_006,124
GCTGTGCCATCGAATATTCA_007,37
AGAGCTTAAAGAGAAAGAGT_001,21
AGAGCTTAAAGAGAAAGAGT_002,171
AGAGCTTAAAGAGAAAGAGT_003,106
AGAGCTTAAAGAGAAAGAGT_004,171
AGAGCTTAAAGAGAAAGAGT_005,159
AGAGCTTAAAGAGAAAGAGT_006,60
AGAGCTTAAAGAGAAAGAGT_007,123
AGAGCTTAAAGAGAAAGAGT_008,177
ACGATACAGAGATGCAACAC_001,91
ACGATACAGAGATGCAACAC_002,133
ACGATACAGAGATGCAACAC_003,154
ACGATACAGAGATGCAACAC_004,171
ACGATACAGAGATGCAACAC_005,127
ACGATACAGAGATGCAACAC_006,121
ACGATACAGAGATGCAACAC_007,105
ACGATACAGAGATGCAACAC_008,172
ACGATACAGAGATGCAACAC_009,9
ACGATACAGAGATGCAACAC_010,58
ACGATACAGAGATGCAACAC_011,162
ACGATACAGAGATGCAACAC_012,76
CATTACAATTGCGTCAGCAG_001,160
CATTACAATTGCGTCAGCAG_002,164
CATTACAATTGCGTCAGCAG_003,57
CATTACAATTGCGTCAGCAG_004,60
CATTACAATTGCGTCAGCAG_005,105
CATTACAATTGCGTCAGCAG_006,29
CATTACAATTGCGTCAGCAG_007,144
CATTACAATTGCGTCAGCAG_008,28
CCGAACCCGAGCGCGAGTCG_001,175
CCGAACCCGAGCGCGAGTCG_002,61
CCGAACCCGAGCGCGAGTCG_003,88
CCGAACCCGAGCGCGAGTCG_004,31
CCGAACCCGAGCGCGAGTCG_005,61
CCGAACCCGAGCGCGAGTCG_006,176
CCGAACCCGAGCGCGAGTCG_007,64
CCGAACCCGAGCGCGAGTCG_008,103
CCGAACCCGAGCGCGAGTCG_009,91
CCGAACCCGAGCGCGAGTCG_010,146
CCGAACCCGAGCGCGAGTCG_011,26
CCGAACCCGAGCGCGAGTCG_012,176
CCGAACCCGAGCGCGAGTCG_013,28
CCGAACCCGAGCGCGAGTCG_014,16
GGGGAGAAGCCGTACCTCTG_001,197
GGGGAGAAGCCGTACCTCTG_002,20
GGGGAGAAGCCGTACCTCTG_003,171
GGGGAGAAGCCGTACCTCTG_004,123
GGGGAGAAGCCGTACCTCTG_005,167
AATCATAAGTGTGATCCCGA_001,36
AATCATAAGTGTGATCCCGA_002,125
AATCATAAGTGTGATCCCGA_003,43
AATCATAAGTGTGATCCCGA_004,99
AATCATAAGTGTGATCCCGA_005,121
AATCATAAGTGTGATCCCGA_006,38
AATCATAAGTGTGATCCCGA_007,110
AATCATAAGTGTGATCCCGA_008,91
AATCATAAGTGTGATCCCGA_009,182
AATCATAAGTGTGATCCCGA_010,96
AATCATAAGTGTGATCCCGA_011,157
AATCATAAGTGTGATCCCGA_012,144
AATCATAAGTGTGATCCCGA_013,115
AATCATAAGTGTGATCCCGA_014,85
AATCATAAGTGTGATCCCGA_015,53
AATCATAAGTGTGATCCCGA_016,65
AATCATAAGTGTGATCCCGA_017,172
TCATCGACCACATCGCGGAG_001,162
TCATCGACCACATCGCGGAG_002,114
TCATCGACCACATCGCGGAG_003,170
TCATCGACCACATCGCGGAG_004,54
TCATCGACCACATCGCGGAG_005,93
TCATCGACCACATCGCGGAG_006,62
TCATCGACCACATCGCGGAG_007,34
TCATCGACCACATCGCGGAG_008,67
TCATCGACCACATCGCGGAG_009,86
TCATCGACCACATCGCGGAG_010,34
TCATCGACCACATCGCGGAG_011,22
TCATCGACCACATCGCGGAG_012,75
TCATCGACCACATCGCGGAG_013,70
TCATCGACCACATCGCGGAG_014,31
TCATCGACCACATCGCGGAG_015,54
TCATCGACCACATCGCGGAG_016,153
TCATCGACCACATCGCGGAG_017,63
TCATCGACCACATCGCGGAG_018,121
TCATCGACCACATCGCGGAG_019,94
TCATCGACCACATCGCGGAG_020,127
TCATCGACCACATCGCGGAG_021,28
TCATCGACCACATCGCGGAG_022,79
TCATCGACCACATCGCGGAG_023,9
TCATCGACCACATCGCGGAG_024,81
TCATCGACCACATCGCGGAG_025,40
CAGAACCTCATCAAGGACAA_001,153
CAGAACCTCATCAAGGACAA_002,171
CAGAACCTCATCAAGGACAA_003,129
CAGAACCTCATCAAGGACAA_004,192
CAGAACCTCATCAAGGACAA_005,25
CAGAACCTCATCAAGGACAA_006,153
CAGAACCTCATCAAGGACAA_007,49
GATCACCGGGAAGGAAGATG_001,44
GATCACCGGGAAGGAAGATG_002,46
GATCACCGGGAAGGAAGATG_003,197
GATCACCGGGAAGGAAGATG_004,189
GATCACCGGGAAGGAAGATG_005,30
GATCACCGGGAAGGAAGATG_006,81
GATCACCGGGAAGGAAGATG_007,66
GATCACCGGGAAGGAAGATG_008,179
TGGTGATCTCTCGGTCCACG_001,27
GCAGCAGTAGCGGAAGACGG_001,121
GCAGCAGTAGCGGAAGACGG_002,182
GCAGCAGTAGCGGAAGACGG_003,162
GCAGCAGTAGCGGAAGACGG_004,95
GCAGCAGTAGCGGAAGACGG_005,77
GCAGCAGTAGCGGAAGACGG_006,156
GCAGCAGTAGCGGAAGACGG_007,39
GCAGCAGTAGCGGAAGACGG_008,152
GCAGCAGTAGCGGAAGACGG_009,19
GCAGCAGTAGCGGAAGACGG_010,9
GCAGCAGTAGCGGAAGACGG_011,168
GCAGCAGTAGCGGAAGACGG_012,168
GCAGCAGTAGCGGAAGACGG_013,1
GCAGCAGTAGCGGAAGACGG_014,34
GCAGCAGTAGCGGAAGACGG_015,116
CTGTGATTGAAACTTGCCAA_001,172
CTGTGATTGAAACTTGCCAA_002,47
CTGTGATTGAAACTTGCCAA_003,166
GAAGCTCGGGCACTGCACTG_001,12
GAAGCTCGGGCACTGCACTG_002,41
GAAGCTCGGGCACTGCACTG_003,145
GAAGCTCGGGCACTGCACTG_004,60
GAAGCTCGGGCACTGCACTG_005,127
GAAGCTCGGGCACTGCACTG_006,188
GAAGCTCGGGCACTGCACTG_007,78
GAAGCTCGGGCACTGCACTG_008,51
GAAGCTCGGGCACTGCACTG_009,0
GAAGCTCGGGCACTGCACTG_010,47
GAAGCTCGGGCACTGCACTG_011,178
GAAGCTCGGGCACTGCACTG_012,49
GAAGCTCGGGCACTGCACTG_013,188
GAAGCTCGGGCACTGCACTG_014,188
GAAGCTCGGGCACTGCACTG_015,174
GAAGCTCGGGCACTGCACTG_016,21
GAAGCTCGGGCACTGCACTG_017,9
GAAGCTCGGGCACTGCACTG_018,181
GAAGCTCGGGCACTGCACTG_019,91
GAAGCTCGGGCACTGCACTG_020,11
GAAGCTCGGGCACTGCACTG_021,125
GAAGCTCGGGCACTGCACTG_022,137
GAAGCTCGGGCACTGCACTG_023,168
GAAGCTCGGGCACTGCACTG_024,114
GAAGCTCGGGCACTGCACTG_025,62
GAAGCTCGGGCACTGCACTG_026,27
GAAGCTCGGGCACTGCACTG_027,91
ACGTTCCCTGACCTGTACCG_001,11
ACGTTCCCTGACCTGTACCG_002,16
ACGTTCCCTGACCTGTACCG_003,110
ACGTTCCCTGACCTGTACCG_004,159
ACGTTCCCTGACCTGTACCG_005,181
CCCAGGGGAATCGCTACGTG_001,75
CCCAGGGGAATCGCTACGTG_002,160
CCCAGGGGAATCGCTACGTG_003,55
CCCAGGGGAATCGCTACGTG_004,163
CCCAGGGGAATCGCTACGTG_005,94
CCCAGGGGAATCGCTACGTG_006,77
CCCAGGGGAATCGCTACGTG_007,88
CCCAGGGGAATCGCTACGTG_008,127
CCCAGGGGAATCGCTACGTG_009,25
CCCAGGGGAATCGCTACGTG_010,193
CCCAGGGGAATCGCTACGTG_011,123
CCCAGGGGAATCGCTACGTG_012,52
CCCAGGGGAATCGCTACGTG_013,191
CCCAGGGGAATCGCTACGTG_014,130
CCCAGGGGAATCGCTACGTG_015,69
CCCAGGGGAATCGCTACGTG_016,24
AGCGCCCCTAAGGAGCTCCG_001,48
AGCGCCCCTAAGGAGCTCCG_002,190
AGCGCCCCTAAGGAGCTCCG_003,156
AGCGCCCCTAAGGAGCTCCG_004,121
AGCGCCCCTAAGGAGCTCCG_005,130
AGCGCCCCTAAGGAGCTCCG_006,140
AGCGCCCCTAAGGAGCTCCG_007,77
AGCGCCCCTAAGGAGCTCCG_008,84
AGCGCCCCTAAGGAGCTCCG_009,112
AGCGCCCCTAAGGAGCTCCG_010,67
AGCGCCCCTAAGGAGCTCCG_011,28
AGCGCCCCTAAGGAGCTCCG_012,70
GAGCTGTCCCACCAGCTGGG_001,27
GAGCTGTCCCACCAGCTGGG_002,140
GAGCTGTCCCACCAGCTGGG_003,172
GAGCTGTCCCACCAGCTGGG_004,168
GAGCTGTCCCACCAGCTGGG_005,103
GAGCTGTCCCACCAGCTGGG_006,83
GAGCTGTCCCACCAGCTGGG_007,148
GAGCTGTCCCACCAGCTGGG_008,35
GAGCTGTCCCACCAGCTGGG_009,41
GAGCTGTCCCACCAGCTGGG_010,140
GAGCTGTCCCACCAGCTGGG_011,180
GAGCTGTCCCACCAGCTGGG_012,33
ACCTTAGTGATCCCTCCGGG_001,152
ACCTTAGTGATCCCTCCGGG_002,94
ACCTTAGTGATCCCTCCGGG_003,148
ACCTTAGTGATCCCTCCGGG_004,178
ACCTTAGTGATCCCTCCGGG_005,161
ACCTTAGTGATCCCTCCGGG_006,102
ACCTTAGTGATCCCTCCGGG_007,162
ACCTTAGTGATCCCTCCGGG_008,171
ACCTTAGTGATCCCTCCGGG_009,173
ACCTTAGTGATCCCTCCGGG_010,120
ACCTTAGTGATCCCTCCGGG_011,146
ACCTTAGTGATCCCTCCGGG_012,80
GCAACGGGCGAGTTCTCGCG_001,170
GCAACGGGCGAGTTCTCGCG_002,16
GCAACGGGCGAGTTCTCGCG_003,112
GCAACGGGCGAGTTCTCGCG_004,175
GCAACGGGCGAGTTCTCGCG_005,140
GCAACGGGCGAGTTCTCGCG_006,20
GCAACGGGCGAGTTCTCGCG_007,104
GCAACGGGCGAGTTCTCGCG_008,103
GATGGGTGACGTGACCTACG_001,42
GATGGGTGACGTGACCTACG_002,27
GATGGGTGACGTGACCTACG_003,50
GATGGGTGACGTGACCTACG_004,18
GATGGGTGACGTGACCTACG_005,12
GATGGGTGACGTGACCTACG_006,143
GATGGGTGACGTGACCTACG_007,150
GATGGGTGACGTGACCTACG_008,62
GGAATGGACCTACCTCTGAG_001,29
GGAATGGACCTACCTCTGAG_002,9
GGAATGGACCTACCTCTGAG_003,92
GGAATGGACCTACCTCTGAG_004,32
GGAATGGACCTACCTCTGAG_005,154
GGAATGGACCTACCTCTGAG_006,70
GGAATGGACCTACCTCTGAG_007,140
GGAATGGACCTACCTCTGAG_008,106
GGAATGGACCTACCTCTGAG_009,44
GGAATGGACCTACCTCTGAG_010,106
GGAATGGACCTACCTCTGAG_011,83
GGAATGGACCTACCTCTGAG_012,145
GGAATGGACCTACCTCTGAG_013,170
GGAATGGACCTACCTCTGAG_014,10
GGAATGGACCTACCTCTGAG_015,84
GGAATGGACCTACCTCTGAG_016,107
GGAATGGACCTACCTCTGAG_017,162
GGAATGGACCTACCTCTGAG_018,66
GGAATGGACCTACCTCTGAG_019,124
GGAATGGACCTACCTCTGAG_020,193
AGGTTGCCTGCGGACACGCT_001,146
AGGTTGCCTGCGGACACGCT_002,170
AGGTTGCCTGCGGACACGCT_003,172
AGGTTGCCTGCGGACACGCT_004,10
AGGTTGCCTGCGGACACGCT_005,76
AGGTTGCCTGCGGACACGCT_006,130
AGGTTGCCTGCGGACACGCT_007,160
AGGTTGCCTGCGGACACGCT_008,88
AGGTTGCCTGCGGACACGCT_009,169
AGGTTGCCTGCGGACACGCT_010,34
AGGTTGCCTGCGGACACGCT_011,165
AGGTTGCCTGCGGACACGCT_012,124
AGGTTGCCTGCGGACACGCT_013,131
CTCGTTTGAGCCAAACATCG_001,56
CTCGTTTGAGCCAAACATCG_002,111
CTCGTTTGAGCCAAACATCG_003,50
CTCGTTTGAGCCAAACATCG_004,106
GATCAGACTCTATGAGAGAG_001,130
GATCAGACTCTATGAGAGAG_002,43
GATCAGACTCTATGAGAGAG_003,147
GATCAGACTCTATGAGAGAG_004,147
GATCAGACTCTATGAGAGAG_005,17
GATGTTGAAACGCTCCAGAG_001,52
GATGTTGAAACGCTCCAGAG_002,118
GATGTTGAAACGCTCCAGAG_003,87
GATGTTGAAACGCTCCAGAG_004,87
GATGTTGAAACGCTCCAGAG_005,133
GATGTTGAAACGCTCCAGAG_006,50
GATGTTGAAACGCTCCAGAG_007,49
GATGTTGAAACGCTCCAGAG_008,66
GATGTTGAAACGCTCCAGAG_009,34
GATGTTGAAACGCTCCAGAG_010,169
TATCAACAAGCATTCCACCG_001,133
TATCAACAAGCATTCCACCG_002,129
TATCAACAAGCATTCCACCG_003,169
TATCAACAAGCATTCCACCG_004,199
ATCATGGAGACCGGTTACTG_001,26
ATCATGGAGACCGGTTACTG_002,136
ATCATGGAGACCGGTTACTG_003,165
ATCATGGAGACCGGTTACTG_004,98
ATCATGGAGACCGGTTACTG_005,43
ATCATGGAGACCGGTTACTG_006,130
ATCATGGAGACCGGTTACTG_007,156
ATCATGGAGACCGGTTACTG_008,60
ATCATGGAGACCGGTTACTG_009,19
ATCATGGAGACCGGTTACTG_010,104
CAGTTTCCATCAATGGATCT_001,151
CAGTTTCCATCAATGGATCT_002,29
CAGTTTCCATCAATGGATCT_003,26
CAGTTTCCATCAATGGATCT_004,6
CAGTTTCCATCAATGGATCT_005,28
CAGTTTCCATCAATGGATCT_006,127
CAGTTTCCATCAATGGATCT_007,133
CAGTTTCCATCAATGGATCT_008,82
CAGTTTCCATCAATGGATCT_009,156
CAGTTTCCATCAATGGATCT_010,146
CAGTTTCCATCAATGGATCT_011,17
CAGTTTCCATCAATGGATCT_012,60
CAGTTTCCATCAATGGATCT_013,169
CAGTTTCCATCAATGGATCT_014,127
CAGTTTCCATCAATGGATCT_015,170
CAGTTTCCATCAATGGATCT_016,40
CAGTTTCCATCAATGGATCT_017,16
CAGTTTCCATCAATGGATCT_018,91
CAGTTTCCATCAATGGATCT_019,152
CAGTTTCCATCAATGGATCT_020,6
CAGTTTCCATCAATGGATCT_021,96
TAGTAGCTGTAGTCGACCGG_001,77
TAGTAGCTGTAGTCGACCGG_002,29
TAGTAGCTGTAGTCGACCGG_003,68
TAGTAGCTGTAGTCGACCGG_004,176
TAGTAGCTGTAGTCGACCGG_005,17
TAGTAGCTGTAGTCGACCGG_006,124
TAGTAGCTGTAGTCGACCGG_007,96
TGGCTGTTACAGACCCCACT_001,44
TGGCTGTTACAGACCCCACT_002,113
TGGCTGTTACAGACCCCACT_003,175
TGGCTGTTACAGACCCCACT_004,28
GCAGCTGCACACATAATGCA_001,4
GCAGCTGCACACATAATGCA_002,114
GCAGCTGCACACATAATGCA_003,153
GCAGCTGCACACATAATGCA_004,32
GCAGCTGCACACATAATGCA_005,40
GCAGCTGCACACATAATGCA_006,60
GCAGCTGCACACATAATGCA_007,99
GCAGCTGCACACATAATGCA_008,152
GCAGCTGCACACATAATGCA_009,58
GCAGCTGCACACATAATGCA_010,158
GCAGCTGCACACATAATGCA_011,27
GCAGCTGCACACATAATGCA_012,44
GCAGCTGCACACATAATGCA_013,118
GCAGCTGCACACATAATGCA_014,27
GCAGCTGCACACATAATGCA_015,70
GCAGCTGCACACATAATGCA_016,43
GCAGCTGCACACATAATGCA_017,34
GCAGCTGCACACATAATGCA_018,152
GCAGCTGCACACATAATGCA_019,107
GCAGCTGCACACATAATGCA_020,196
GCAGCTGCACACATAATGCA_021,22
GCAGCTGCACACATAATGCA_022,120
AAGCTAAGTCAGAGACAGAG_001,169
AAGCTAAGTCAGAGACAGAG_002,23
AAGCTAAGTCAGAGACAGAG_003,43
AGGCAGCTGCAACAATCTAG_001,36
AGGCAGCTGCAACAATCTAG_002,74
AGGCAGCTGCAACAATCTAG_003,188
AGGCAGCTGCAACAATCTAG_004,115
AGGCAGCTGCAACAATCTAG_005,11
AGGCAGCTGCAACAATCTAG_006,60
AGGCAGCTGCAACAATCTAG_007,67
AGGCAGCTGCAACAATCTAG_008,120
GCTTCACAGTCACGAGACCC_001,159
TTTATGTTCCAAGGTTGCAA_001,17
TTTATGTTCCAAGGTTGCAA_002,125
TTTATGTTCCAAGGTTGCAA_003,162
ATGCCCATGGAAAGAGACCG_001,60
ATGCCCATGGAAAGAGACCG_002,62
ATGCCCATGGAAAGAGACCG_003,1
ATGCCCATGGAAAGAGACCG_004,160
ATGCCCATGGAAAGAGACCG_005,194
ATGCCCATGGAAAGAGACCG_006,106
ATGCCCATGGAAAGAGACCG_007,170
ATGCCCATGGAAAGAGACCG_008,194
ATGCCCATGGAAAGAGACCG_009,144
ATGCCCATGGAAAGAGACCG_010,183
ATGCCCATGGAAAGAGACCG_011,10
ATGCCCATGGAAAGAGACCG_012,108
ATGCCCATGGAAAGAGACCG_013,147
ATGCCCATGGAAAGAGACCG_014,6
ATGCCCATGGAAAGAGACCG_015,1
ATGCCCATGGAAAGAGACCG_016,12
ATGCCCATGGAAAGAGACCG_017,169
ATGCCCATGGAAAGAGACCG_018,12
ATGCCCATGGAAAGAGACCG_019,169
ATGCCCATGGAAAGAGACCG_020,76
ATGCCCATGGAAAGAGACCG_021,151
ATGCCCATGGAAAGAGACCG_022,6
ATGCCCATGGAAAGAGACCG_023,124
ATGCCCATGGAAAGAGACCG_024,166
ATGCCCATGGAAAGAGACCG_025,174
ATGCCCATGGAAAGAGACCG_026,160
ATGCCCATGGAAAGAGACCG_027,191
ATGCCCATGGAAAGAGACCG_028,19
ATGCCCATGGAAAGAGACCG_029,56
ATGCCCATGGAAAGAGACCG_030,19
AACCTGACATCTTGATGCCG_001,188
AACCTGACATCTTGATGCCG_002,92
AACCTGACATCTTGATGCCG_003,2
AACCTGACATCTTGATGCCG_004,125
AACCTGACATCTTGATGCCG_005,125
AACCTGACATCTTGATGCCG_006,188
AACCTGACATCTTGATGCCG_007,175
AACCTGACATCTTGATGCCG_008,90
AACCTGACATCTTGATGCCG_009,198
AACCTGACATCTTGATGCCG_010,35
AACCTGACATCTTGATGCCG_011,69
TCAGATGTTGAAAAACAACA_001,118
TCAGATGTTGAAAAACAACA_002,196
TCAGATGTTGAAAAACAACA_003,169
TCAGATGTTGAAAAACAACA_004,114
TCAGATGTTGAAAAACAACA_005,170
GGGCAAGATCAAGCTACCCA_001,57
GGGCAAGATCAAGCTACCCA_002,105
GGGCAAGATCAAGCTACCCA_003,62
GGGCAAGATCAAGCTACCCA_004,137
GGGCAAGATCAAGCTACCCA_005,41
AAAGTGTCCAGGGATAGGCG_001,149
AAAGTGTCCAGGGATAGGCG_002,48
AAAGTGTCCAGGGATAGGCG_003,41
AAAGTGTCCAGGGATAGGCG_004,58
AAAGTGTCCAGGGATAGGCG_005,140
AAAGTGTCCAGGGATAGGCG_006,29
AAAGTGTCCAGGGATAGGCG_007,98
AAAGTGTCCAGGGATAGGCG_008,23
AAAGTGTCCAGGGATAGGCG_009,56
AAAGTGTCCAGGGATAGGCG_010,12
AAAGTGTCCAGGGATAGGCG_011,12
AAAGTGTCCAGGGATAGGCG_012,112
AAAGTGTCCAGGGATAGGCG_013,83
AAAGTGTCCAGGGATAGGCG_014,17
AAAGTGTCCAGGGATAGGCG_015,47
AAAGTGTCCAGGGATAGGCG_016,82
AAAGTGTCCAGGGATAGGCG_017,126
AAATCCTGTCAAAAAATGGA_001,88
GTTACTGGTGTGATTACCCA_001,76
GTTACTGGTGTGATTACCCA_002,4
GTTACTGGTGTGATTACCCA_003,168
GTTACTGGTGTGATTACCCA_004,190
ATGACTCTAAAACAGACCGG_001,111
ATGACTCTAAAACAGACCGG_002,116
ATGACTCTAAAACAGACCGG_003,41
ATGACTCTAAAACAGACCGG_004,58
ATGACTCTAAAACAGACCGG_005,185
ATGACTCTAAAACAGACCGG_006,98
ATGACTCTAAAACAGACCGG_007,78
ATGACTCTAAAACAGACCGG_008,54
ATGACTCTAAAACAGACCGG_009,24
ATGACTCTAAAACAGACCGG_010,50
ATGACTCTAAAACAGACCGG_011,170
CTAGCTGTAGGGGTAACTAC_001,41
GGTTCCAGGCCATCAGCTCG_001,172
GGTTCCAGGCCATCAGCTCG_002,117
GGTTCCAGGCCATCAGCTCG_003,36
GGTTCCAGGCCATCAGCTCG_004,104
GGTTCCAGGCCATCAGCTCG_005,159
GGTTCCAGGCCATCAGCTCG_006,55
GGTTCCAGGCCATCAGCTCG_007,182
GGTTCCAGGCCATCAGCTCG_008,191
GGTTCCAGGCCATCAGCTCG_009,150
GGTTCCAGGCCATCAGCTCG_010,166
CTGTCCAAGGCACCGCACCG_001,54
CTGTCCAAGGCACCGCACCG_002,63
CTGTCCAAGGCACCGCACCG_003,81
CTGTCCAAGGCACCGCACCG_004,170
CTGTCCAAGGCACCGCACCG_005,150
CTGTCCAAGGCACCGCACCG_006,51
CTGTCCAAGGCACCGCACCG_007,108
CTGTCCAAGGCACCGCACCG_008,86
CTGTCCAAGGCACCGCACCG_009,156
CTGTCCAAGGCACCGCACCG_010,181
CTGTCCAAGGCACCGCACCG_011,81
CTGTCCAAGGCACCGCACCG_012,81
CTGTCCAAGGCACCGCACCG_013,172
CTGTCCAAGGCACCGCACCG_014,8
CTGTCCAAGGCACCGCACCG_015,62
CTGTCCAAGGCACCGCACCG_016,146
CTGTCCAAGGCACCGCACCG_017,80
GGAAAACCTAGACCCTGTCG_001,196
GGAAAACCTAGACCCTGTCG_002,136
GGAAAACCTAGACCCTGTCG_003,148
GGAAAACCTAGACCCTGTCG_004,138
GGAAAACCTAGACCCTGTCG_005,152
AAGGTGTAATAATCAAACAA_001,2
AGAAACAATCAGCTATGCCT_001,102
AGAAACAATCAGCTATGCCT_002,9
AGAAACAATCAGCTATGCCT_003,2
AGAAACAATCAGCTATGCCT_004,184
AGAAACAATCAGCTATGCCT_005,103
AGAAACAATCAGCTATGCCT_006,3
AGAAACAATCAGCTATGCCT_007,137
AGAAACAATCAGCTATGCCT_008,6
AGAAACAATCAGCTATGCCT_009,184
AGAAACAATCAGCTATGCCT_010,62
AGAAACAATCAGCTATGCCT_011,173
CCTGCTGCTCTACCAGACGT_001,88
CCTGCTGCTCTACCAGACGT_002,124
TAGAGGTACTCACTAACGGA_001,11
TTTAAATGGCGGCAGTTGCA_001,2
TTTAAATGGCGGCAGTTGCA_002,28
AGAGTAACGTCATGTTGCAG_001,2
AGCTGGAGTTCGAGTCCGAG_001,199
AGCTGGAGTTCGAGTCCGAG_002,77
AGCTGGAGTTCGAGTCCGAG_003,28
AGCTGGAGTTCGAGTCCGAG_004,68
AGCTGGAGTTCGAGTCCGAG_005,137
AGCTGGAGTTCGAGTCCGAG_006,141
AGCTGGAGTTCGAGTCCGAG_007,110
AGCTGGAGTTCGAGTCCGAG_008,9
AGCTGGAGTTCGAGTCCGAG_009,117
AGCTGGAGTTCGAGTCCGAG_010,58
AGCTGGAGTTCGAGTCCGAG_011,169
AGCTGGAGTTCGAGTCCGAG_012,145
AGCTGGAGTTCGAGTCCGAG_013,112
AGCTGGAGTTCGAGTCCGAG_014,194
AGCTGGAGTTCGAGTCCGAG_015,73
AGCTGGAGTTCGAGTCCGAG_016,168
AGCTGGAGTTCGAGTCCGAG_017,183
CAGCATACATGCATTCCTCA_001,126
CAGCATACATGCATTCCTCA_002,63
CAGCATACATGCATTCCTCA_003,9
CAGCATACATGCATTCCTCA_004,168
CAGCATACATGCATTCCTCA_005,62
CTAGGTGGTAGTATCAAGCA_001,153
CTAGGTGGTAGTATCAAGCA_002,152
CTAGGTGGTAGTATCAAGCA_003,100
GGTGGCTCCTGTGCCTGCGC_001,190
GGTGGCTCCTGTGCCTGCGC_002,44
GGTGGCTCCTGTGCCTGCGC_003,5
GGTGGCTCCTGTGCCTGCGC_004,63
GGTGGCTCCTGTGCCTGCGC_005,148
GCTCCCTATGAGGTCCTTGG_001,181
GCTCCCTATGAGGTCCTTGG_002,94
GCTCCCTATGAGGTCCTTGG_003,29
GCTCCCTATGAGGTCCTTGG_004,98
GCTCCCTATGAGGTCCTTGG_005,176
GCTCCCTATGAGGTCCTTGG_006,1
GCTCCCTATGAGGTCCTTGG_007,31
GCTCCCTATGAGGTCCTTGG_008,92
CCCCTTCCGACATGACCGAG_001,121
CCCCTTCCGACATGACCGAG_002,76
CCCCTTCCGACATGACCGAG_003,81
CCCCTTCCGACATGACCGAG_004,75
CCCCTTCCGACATGACCGAG_005,139
CCCCTTCCGACATGACCGAG_006,147
CCCCTTCCGACATGACCGAG_007,130
CCCCTTCCGACATGACCGAG_008,144
CCCCTTCCGACATGACCGAG_009,189
CCCCTTCCGACATGACCGAG_010,95
CCCCTTCCGACATGACCGAG_011,107
CCCCTTCCGACATGACCGAG_012,73
CCCCTTCCGACATGACCGAG_013,177
CCCCTTCCGACATGACCGAG_014,12
CCCCTTCCGACATGACCGAG_015,149
CCCCTTCCGACATGACCGAG_016,6
CGTGGTCCCCATGTACTTAG_001,97
CGTGGTCCCCATGTACTTAG_002,102
CGTGGTCCCCATGTACTTAG_003,46
TCCTCACCTAAAGTGCAATA_001,81
TCCTCACCTAAAGTGCAATA_002,150
TCCTCACCTAAAGTGCAATA_003,58
TCCTCACCTAAAGTGCAATA_004,70
TCCTCACCTAAAGTGCAATA_005,106
TCCTCACCTAAAGTGCAATA_006,124
TCCTCACCTAAAGTGCAATA_007,190
TCCTCACCTAAAGTGCAATA_008,88
TCCTCACCTAAAGTGCAATA_009,67
TCCTCACCTAAAGTGCAATA_010,105
TCCTCACCTAAAGTGCAATA_011,39
TCCTCACCTAAAGTGCAATA_012,33
TCCTCACCTAAAGTGCAATA_013,188
TCCTCACCTAAAGTGCAATA_014,115
TCCTCACCTAAAGTGCAATA_015,141
TCCTCACCTAAAGTGCAATA_016,16
TCCTCACCTAAAGTGCAATA_017,124
TGTGCTGATGACATCAGATA_001,80
TGTGCTGATGACATCAGATA_002,77
CGATGCGCCGGATTTCATGG_001,184
GAGTCGCGCAATGTTCATCC_001,120
GAGTCGCGCAATGTTCATCC_002,25
GAGTCGCGCAATGTTCATCC_003,18
GAGTCGCGCAATGTTCATCC_004,34
GAGTCGCGCAATGTTCATCC_005,155
GAGTCGCGCAATGTTCATCC_006,68
GACAGGCATAAAGAATGGCG_001,190
GACAGGCATAAAGAATGGCG_002,41
GACAGGCATAAAGAATGGCG_003,72
GACAGGCATAAAGAATGGCG_004,36
GACAGGCATAAAGAATGGCG_005,15
GACAGGCATAAAGAATGGCG_006,51
GACAGGCATAAAGAATGGCG_007,182
GACAGGCATAAAGAATGGCG_008,175
ATTCAGGATGAGAGTGCGAT_001,27
ATTCAGGATGAGAGTGCGAT_002,3
ATTCAGGATGAGAGTGCGAT_003,94
ATTCAGGATGAGAGTGCGAT_004,49
ATTCAGGATGAGAGTGCGAT_005,119
ATTCAGGATGAGAGTGCGAT_006,137
ATTCAGGATGAGAGTGCGAT_007,49
ATTCAGGATGAGAGTGCGAT_008,184
ATTCAGGATGAGAGTGCGAT_009,137
ATTCAGGATGAGAGTGCGAT_010,118
ATTCAGGATGAGAGTGCGAT_011,105
ATTCAGGATGAGAGTGCGAT_012,25
ATTCAGGATGAGAGTGCGAT_013,186
ATTCAGGATGAGAGTGCGAT_014,92
ATTCAGGATGAGAGTGCGAT_015,199
ATTCAGGATGAGAGTGCGAT_016,138
ATTCAGGATGAGAGTGCGAT_017,166
ATTCAGGATGAGAGTGCGAT_018,150
ATTCAGGATGAGAGTGCGAT_019,98
ATTCAGGATGAGAGTGCGAT_020,174
ATTCAGGATGAGAGTGCGAT_021,15
ATTCAGGATGAGAGTGCGAT_022,89
ATTCAGGATGAGAGTGCGAT_023,60
ATTCAGGATGAGAGTGCGAT_024,137
ATTCAGGATGAGAGTGCGAT_025,127
ATTCAGGATGAGAGTGCGAT_026,105
ATTCAGGATGAGAGTGCGAT_027,102
ATTCAGGATGAGAGTGCGAT_028,48
ATTCAGGATGAGAGTGCGAT_029,76
ATTCAGGATGAGAGTGCGAT_030,82
ATTCAGGATGAGAGTGCGAT_031,58
ATTCAGGATGAGAGTGCGAT_032,19
ATTCAGGATGAGAGTGCGAT_033,94
ATTCAGGATGAGAGTGCGAT_034,98
GCGACACCTCCGAGGACCTG_001,1
GCGACACCTCCGAGGACCTG_002,21
GCGACACCTCCGAGGACCTG_003,112
GCGACACCTCCGAGGACCTG_004,72
GCGACACCTCCGAGGACCTG_005,103
GCGACACCTCCGAGGACCTG_006,137
GCGACACCTCCGAGGACCTG_007,50
GCGACACCTCCGAGGACCTG_008,138
GCGACACCTCCGAGGACCTG_009,106
GCGACACCTCCGAGGACCTG_010,102
GCGACACCTCCGAGGACCTG_011,52
GCTGGAGATCCTGGATACGG_001,12
GCTGGAGATCCTGGATACGG_002,162
GCTGGAGATCCTGGATACGG_003,177
GCTGGAGATCCTGGATACGG_004,141
GCTGGAGATCCTGGATACGG_005,107
GCTGGAGATCCTGGATACGG_006,61
GCTGGAGATCCTGGATACGG_007,152
GCTGGAGATCCTGGATACGG_008,43
GCTGGAGATCCTGGATACGG_009,32
GCTGGAGATCCTGGATACGG_010,60
GCTGGAGATCCTGGATACGG_011,141
GCTGGAGATCCTGGATACGG_012,34
GCTGGAGATCCTGGATACGG_013,118
GCTGGAGATCCTGGATACGG_014,179
GGTCCTAACAAACATAAGCA_001,92
GGTCCTAACAAACATAAGCA_002,68
GGTCCTAACAAACATAAGCA_003,170
GGTCCTAACAAACATAAGCA_004,124
GGTCCTAACAAACATAAGCA_005,144
GGTCCTAACAAACATAAGCA_006,14
TTCCCAGAGTAAGCTGCTCA_001,41
TTCCCAGAGTAAGCTGCTCA_002,105
TTCCCAGAGTAAGCTGCTCA_003,8
TTCCCAGAGTAAGCTGCTCA_004,142
TTCCCAGAGTAAGCTGCTCA_005,198
TTCCCAGAGTAAGCTGCTCA_006,118
TTCCCAGAGTAAGCTGCTCA_007,148
TTCCCAGAGTAAGCTGCTCA_008,70
TTCCCAGAGTAAGCTGCTCA_009,146
TTCCCAGAGTAAGCTGCTCA_010,156
TTCCCAGAGTAAGCTGCTCA_011,53
TTCCCAGAGTAAGCTGCTCA_012,108
TTCCCAGAGTAAGCTGCTCA_013,24
TTCCCAGAGTAAGCTGCTCA_014,102
TTCCCAGAGTAAGCTGCTCA_015,140
TTCCCAGAGTAAGCTGCTCA_016,76
TTCCCAGAGTAAGCTGCTCA_017,45
TTCCCAGAGTAAGCTGCTCA_018,137
ACAGGGGGCTCTGACATGAG_001,176
ACAGGGGGCTCTGACATGAG_002,28
ATATCCCTGTCAAACAACAG_001,181
ATATCCCTGTCAAACAACAG_002,18
ATATCCCTGTCAAACAACAG_003,22
ATATCCCTGTCAAACAACAG_004,61
ATATCCCTGTCAAACAACAG_005,190
ATATCCCTGTCAAACAACAG_006,146
CTTTGACCGGCCCATCTGCG_001,176
CTTTGACCGGCCCATCTGCG_002,59
CTTTGACCGGCCCATCTGCG_003,67
CTTTGACCGGCCCATCTGCG_004,11
CTTTGACCGGCCCATCTGCG_005,114
CTTTGACCGGCCCATCTGCG_006,134
CTTTGACCGGCCCATCTGCG_007,141
CTTTGACCGGCCCATCTGCG_008,177
CTTTGACCGGCCCATCTGCG_009,93
CTTTGACCGGCCCATCTGCG_010,106
CTTTGACCGGCCCATCTGCG_011,19
CTTTGACCGGCCCATCTGCG_012,106
CTTTGACCGGCCCATCTGCG_013,175
GGACAACCGGCCAATTAGGT_001,164
GGACAACCGGCCAATTAGGT_002,18
GGACAACCGGCCAATTAGGT_003,121
GGACAACCGGCCAATTAGGT_004,61
GGACAACCGGCCAATTAGGT_005,69
GGACAACCGGCCAATTAGGT_006,159
TGGCCCCACAGGTACAACTT_001,176
TGGCCCCACAGGTACAACTT_002,53
TGGCCCCACAGGTACAACTT_003,58
TGGCCCCACAGGTACAACTT_004,29
TGGCCCCACAGGTACAACTT_005,2
CCTGTGTCTGTGACAGAGAG_001,9
CCTGTGTCTGTGACAGAGAG_002,94
CCTGTGTCTGTGACAGAGAG_003,50
CCTGTGTCTGTGACAGAGAG_004,8
CCTGTGTCTGTGACAGAGAG_005,158
CCTGTGTCTGTGACAGAGAG_006,8
CCTGTGTCTGTGACAGAGAG_007,94
CCTGTGTCTGTGACAGAGAG_008,53
CTGGTGGGCTGGCTAATCAG_001,78
CTGGTGGGCTGGCTAATCAG_002,63
CTGGTGGGCTGGCTAATCAG_003,191
CTGGTGGGCTGGCTAATCAG_004,45
CTGGTGGGCTGGCTAATCAG_005,191
CTGGTGGGCTGGCTAATCAG_006,42
CTGGTGGGCTGGCTAATCAG_007,108
CTGGTGGGCTGGCTAATCAG_008,84
CTGGTGGGCTGGCTAATCAG_009,1
CTGGTGGGCTGGCTAATCAG_010,16
CTGGTGGGCTGGCTAATCAG_011,142
CTGGTGGGCTGGCTAATCAG_012,13
CTGGTGGGCTGGCTAATCAG_013,191
GGGAGCCGGTGACCCAACCC_001,141
AGTCATAACATATCACTGAC_001,30
AGTTGGGGAAGTCTCGCCGT_001,16
AGTTGGGGAAGTCTCGCCGT_002,175
CCAGAATCTCATCCATGTCG_001,160
CCAGAATCTCATCCATGTCG_002,171
CTTCCCACAAACATATCCAA_001,99
CTTCCCACAAACATATCCAA_002,124
CTTCCCACAAACATATCCAA_003,68
CAAATCCCAGAGTTTGCAAG_001,91
CAAATCCCAGAGTTTGCAAG_002,64
CAAATCCCAGAGTTTGCAAG_003,64
CAAATCCCAGAGTTTGCAAG_004,97
CAAATCCCAGAGTTTGCAAG_005,41
CAAATCCCAGAGTTTGCAAG_006,131
GGTGCTTTCAGGGCACAAGG_001,138
GGTGCTTTCAGGGCACAAGG_002,115
GGTGCTTTCAGGGCACAAGG_003,159
GGTGCTTTCAGGGCACAAGG_004,181
GGTGCTTTCAGGGCACAAGG_005,141
GGTGCTTTCAGGGCACAAGG_006,191
GGTGCTTTCAGGGCACAAGG_007,86
GGTGCTTTCAGGGCACAAGG_008,61
GGTGCTTTCAGGGCACAAGG_009,74
GGTGCTTTCAGGGCACAAGG_010,70
GGTGCTTTCAGGGCACAAGG_011,70
GGTGCTTTCAGGGCACAAGG_012,169
GGTGCTTTCAGGGCACAAGG_013,58
GGTGCTTTCAGGGCACAAGG_014,81
GGTGCTTTCAGGGCACAAGG_015,11
GGTGCTTTCAGGGCACAAGG_016,177
GGTGCTTTCAGGGCACAAGG_017,153
GTGCACCGGGCAGTCAAGTG_001,181
GTGCACCGGGCAGTCAAGTG_002,113
GTGCACCGGGCAGTCAAGTG_003,17
GTGCACCGGGCAGTCAAGTG_004,169
GTGCACCGGGCAGTCAAGTG_005,148
GTGCACCGGGCAGTCAAGTG_006,93
GTGCACCGGGCAGTCAAGTG_007,168
GTGCACCGGGCAGTCAAGTG_008,16
GTGCACCGGGCAGTCAAGTG_009,105
GTGCACCGGGCAGTCAAGTG_010,148
GTGCACCGGGCAGTCAAGTG_011,144
GTGCACCGGGCAGTCAAGTG_012,158
GTGCACCGGGCAGTCAAGTG_013,8
AATAGCACAAGCCATGCCTA_001,129
AATAGCACAAGCCATGCCTA_002,98
AATAGCACAAGCCATGCCTA_003,172
AATAGCACAAGCCATGCCTA_004,58
AATAGCACAAGCCATGCCTA_005,197
AATAGCACAAGCCATGCCTA_006,81
AATAGCACAAGCCATGCCTA_007,75
AATAGCACAAGCCATGCCTA_008,184
AATAGCACAAGCCATGCCTA_009,151
AATAGCACAAGCCATGCCTA_010,121
AATAGCACAAGCCATGCCTA_011,116
AATAGCACAAGCCATGCCTA_012,76
AATAGCACAAGCCATGCCTA_013,47
AATAGCACAAGCCATGCCTA_014,62
AATAGCACAAGCCATGCCTA_015,150
AATAGCACAAGCCATGCCTA_016,6
AATAGCACAAGCCATGCCTA_017,0
AATAGCACAAGCCATGCCTA_018,145
AATAGCACAAGCCATGCCTA_019,62
AATAGCACAAGCCATGCCTA_020,130
AATAGCACAAGCCATGCCTA_021,15
AGACAGCATCAGTGTGCACA_001,162
AGACAGCATCAGTGTGCACA_002,146
AGACAGCATCAGTGTGCACA_003,51
AGACAGCATCAGTGTGCACA_004,182
AGACAGCATCAGTGTGCACA_005,49
AGACAGCATCAGTGTGCACA_006,130
AGACAGCATCAGTGTGCACA_007,55
AGACAGCATCAGTGTGCACA_008,169
AGACAGCATCAGTGTGCACA_009,170
AGACAGCATCAGTGTGCACA_010,7
AGACAGCATCAGTGTGCACA_011,77
AGACAGCATCAGTGTGCACA_012,105
AGACAGCATCAGTGTGCACA_013,149
AGACAGCATCAGTGTGCACA_014,34
AGACAGCATCAGTGTGCACA_015,191
AGACAGCATCAGTGTGCACA_016,122
AGACAGCATCAGTGTGCACA_017,41
AGACAGCATCAGTGTGCACA_018,188
AGACAGCATCAGTGTGCACA_019,112
AGACAGCATCAGTGTGCACA_020,16
AGACAGCATCAGTGTGCACA_021,146
AGACAGCATCAGTGTGCACA_022,124
AGACAGCATCAGTGTGCACA_023,66
AGACAGCATCAGTGTGCACA_024,190
AGACAGCATCAGTGTGCACA_025,34
AGACAGCATCAGTGTGCACA_026,145
CCAGTGGATGTACAACAGGG_001,23
CCAGTGGATGTACAACAGGG_002,188
CCAGTGGATGTACAACAGGG_003,169
CCAGTGGATGTACAACAGGG_004,52
CCAGTGGATGTACAACAGGG_005,76
CCAGTGGATGTACAACAGGG_006,80
CCAGTGGATGTACAACAGGG_007,174
GCTTGTCTCTGATCCCACCG_001,13
GCTTGTCTCTGATCCCACCG_002,81
GCTTGTCTCTGATCCCACCG_003,101
GCTTGTCTCTGATCCCACCG_004,2
GCTTGTCTCTGATCCCACCG_005,48
GCTTGTCTCTGATCCCACCG_006,26
GCTTGTCTCTGATCCCACCG_007,98
GCTTGTCTCTGATCCCACCG_008,58
GCTTGTCTCTGATCCCACCG_009,161
GCTTGTCTCTGATCCCACCG_010,132
GCTTGTCTCTGATCCCACCG_011,127
GCTTGTCTCTGATCCCACCG_012,80
GCTTGTCTCTGATCCCACCG_013,192
TCAATAGGCGTGTAATGATG_001,106
TCAATAGGCGTGTAATGATG_002,80
TCAATAGGCGTGTAATGATG_003,182
TCAATAGGCGTGTAATGATG_004,168
TCAATAGGCGTGTAATGATG_005,125
TCAATAGGCGTGTAATGATG_006,48
TCAATAGGCGTGTAATGATG_007,178
ACCGGCTTGCCTCTGAACGT_001,58
ACCGGCTTGCCTCTGAACGT_002,85
ACCGGCTTGCCTCTGAACGT_003,58
ACCGGCTTGCCTCTGAACGT_004,198
ACCGGCTTGCCTCTGAACGT_005,25
ACCGGCTTGCCTCTGAACGT_006,93
ACCGGCTTGCCTCTGAACGT_007,149
ACCGGCTTGCCTCTGAACGT_008,81
ACCGGCTTGCCTCTGAACGT_009,116
ACCGGCTTGCCTCTGAACGT_010,183
ACCGGCTTGCCTCTGAACGT_011,53
ACCGGCTTGCCTCTGAACGT_012,116
ACCGGCTTGCCTCTGAACGT_013,37
ACCGGCTTGCCTCTGAACGT_014,190
ACCGGCTTGCCTCTGAACGT_015,1
ACCGGCTTGCCTCTGAACGT_016,46
GAAGCCCATCACCGACTATG_001,169
GAAGCCCATCACCGACTATG_002,175
GAAGCCCATCACCGACTATG_003,138
GAAGCCCATCACCGACTATG_004,52
GAAGCCCATCACCGACTATG_005,195
GAAGCCCATCACCGACTATG_006,145
GAAGCCCATCACCGACTATG_007,72
GAAGCCCATCACCGACTATG_008,160
GCTTGAGATCCTACAGCCCG_001,141
GCTTGAGATCCTACAGCCCG_002,139
GCTTGAGATCCTACAGCCCG_003,122
GCTTGAGATCCTACAGCCCG_004,132
GCTTGAGATCCTACAGCCCG_005,42
GCTTGAGATCCTACAGCCCG_006,74
GCTTGAGATCCTACAGCCCG_007,119
GCTTGAGATCCTACAGCCCG_008,148
GCTTGAGATCCTACAGCCCG_009,36
GCTTGAGATCCTACAGCCCG_010,58
GCTTGAGATCCTACAGCCCG_011,17
GCTTGAGATCCTACAGCCCG_012,11
GCTTGAGATCCTACAGCCCG_013,185
GCTGCCTGTCACCGACTAAG_001,115
GCTGCCTGTCACCGACTAAG_002,170
GCTGCCTGTCACCGACTAAG_003,37
AGGATGAATCGGAACCACAG_001,197
AGGATGAATCGGAACCACAG_002,151
AGGATGAATCGGAACCACAG_003,193
AGGATGAATCGGAACCACAG_004,15
AGGATGAATCGGAACCACAG_005,157
AGGATGAATCGGAACCACAG_006,110
AGGATGAATCGGAACCACAG_007,56
AGGATGAATCGGAACCACAG_008,52
AGGATGAATCGGAACCACAG_009,198
AGGATGAATCGGAACCACAG_010,185
AGGATGAATCGGAACCACAG_011,177
AGGATGAATCGGAACCACAG_012,83
AGGATGAATCGGAACCACAG_013,48
AGGATGAATCGGAACCACAG_014,183
AGGATGAATCGGAACCACAG_015,42
AGGATGAATCGGAACCACAG_016,191
AGGATGAATCGGAACCACAG_017,121
AGGATGAATCGGAACCACAG_018,15
AGGATGAATCGGAACCACAG_019,128
AGGATGAATCGGAACCACAG_020,82
ACGAAGGTGTTGCAATGATG_001,40
ACGAAGGTGTTGCAATGATG_002,134
ACGAAGGTGTTGCAATGATG_003,94
ACGAAGGTGTTGCAATGATG_004,88
ACGAAGGTGTTGCAATGATG_005,15
ACGAAGGTGTTGCAATGATG_006,105
CAGTCCCTCAAAGCAGACGT_001,16
CAGTCCCTCAAAGCAGACGT_002,176
CAGTCCCTCAAAGCAGACGT_003,169
CAGTCCCTCAAAGCAGACGT_004,161
CAGTCCCTCAAAGCAGACGT_005,108
CAGTCCCTCAAAGCAGACGT_006,52
CAGTCCCTCAAAGCAGACGT_007,70
CAGTCCCTCAAAGCAGACGT_008,44
CAGTCCCTCAAAGCAGACGT_009,76
CAGTCCCTCAAAGCAGACGT_010,2
CAGTCCCTCAAAGCAGACGT_011,46
CAGTCCCTCAAAGCAGACGT_012,103
CAGTCCCTCAAAGCAGACGT_013,166
CAGTCCCTCAAAGCAGACGT_014,142
CAGTCCCTCAAAGCAGACGT_015,156
GGAGGAGCTTTACGACTGCC_001,68
GGAGGAGCTTTACGACTGCC_002,92
CCATCAGTGATAACCAAATG_001,135
CTGAGAAAAACTGAGAGTCA_001,48
CTGAGAAAAACTGAGAGTCA_002,138
CTGAGAAAAACTGAGAGTCA_003,168
CTGAGAAAAACTGAGAGTCA_004,25
CTGAGAAAAACTGAGAGTCA_005,6
CTGAGAAAAACTGAGAGTCA_006,160
CTGAGAAAAACTGAGAGTCA_007,83
CTGAGAAAAACTGAGAGTCA_008,116
CTGAGAAAAACTGAGAGTCA_009,75
CTTCTCGTATGTCTGGCGGA_001,20
CTTCTCGTATGTCTGGCGGA_002,52
AATCCAAAAGGAATTGCAGA_001,75
AATCCAAAAGGAATTGCAGA_002,41
AATCCAAAAGGAATTGCAGA_003,1
AATCCAAAAGGAATTGCAGA_004,21
AATCCAAAAGGAATTGCAGA_005,85
AATCCAAAAGGAATTGCAGA_006,5
AATCCAAAAGGAATTGCAGA_007,81
AATCCAAAAGGAATTGCAGA_008,10
AATCCAAAAGGAATTGCAGA_009,60
AATCCAAAAGGAATTGCAGA_010,174
AATCCAAAAGGAATTGCAGA_011,103
AATCCAAAAGGAATTGCAGA_012,166
AATCCAAAAGGAATTGCAGA_013,134
AATCCAAAAGGAATTGCAGA_014,80
AATCCAAAAGGAATTGCAGA_015,142
TCTCAACCCTTACTACACAC_001,184
AGCTTCGACAGCCACCGGTG_001,197
AGCTTCGACAGCCACCGGTG_002,47
AGCTTCGACAGCCACCGGTG_003,161
AGCTTCGACAGCCACCGGTG_004,176
AGCTTCGACAGCCACCGGTG_005,130
AGCTTCGACAGCCACCGGTG_006,154
AGCTTCGACAGCCACCGGTG_007,8
AGCTTCGACAGCCACCGGTG_008,127
AGCTTCGACAGCCACCGGTG_009,187
AGCTTCGACAGCCACCGGTG_010,107
AAGGTCAACATAGGCACGAA_001,117
AAGGTCAACATAGGCACGAA_002,23
AAGGTCAACATAGGCACGAA_003,68
AAGGTCAACATAGGCACGAA_004,116
AAGGTCAACATAGGCACGAA_005,12
AAGGTCAACATAGGCACGAA_006,199
CCGCCGAGGTCCGCGCACGG_001,146
CCGCCGAGGTCCGCGCACGG_002,12
CCGCCGAGGTCCGCGCACGG_003,9
CCGCCGAGGTCCGCGCACGG_004,106
CCGCCGAGGTCCGCGCACGG_005,152
CCGCCGAGGTCCGCGCACGG_006,127
CCGCCGAGGTCCGCGCACGG_007,183
CCGCCGAGGTCCGCGCACGG_008,52
CCGCCGAGGTCCGCGCACGG_009,151
CCGCCGAGGTCCGCGCACGG_010,88
CCGCCGAGGTCCGCGCACGG_011,177
CCGCCGAGGTCCGCGCACGG_012,183
CCGCCGAGGTCCGCGCACGG_013,68
CCGCCGAGGTCCGCGCACGG_014,18
CCGCCGAGGTCCGCGCACGG_015,49
CCGCCGAGGTCCGCGCACGG_016,52
CCGCCGAGGTCCGCGCACGG_017,54
CCGCCGAGGTCCGCGCACGG_018,121
CCGCCGAGGTCCGCGCACGG_019,106
CCGCCGAGGTCCGCGCACGG_020,19
CCGCCGAGGTCCGCGCACGG_021,19
CCGCCGAGGTCCGCGCACGG_022,35
CCGCCGAGGTCCGCGCACGG_023,145
CCGCCGAGGTCCGCGCACGG_024,103
CCGCCGAGGTCCGCGCACGG_025,75
CCGCCGAGGTCCGCGCACGG_026,197
CCGCCGAGGTCCGCGCACGG_027,140
CCGCCGAGGTCCGCGCACGG_028,98
CCGCCGAGGTCCGCGCACGG_029,176
CCGCCGAGGTCCGCGCACGG_030,190
CCGCCGAGGTCCGCGCACGG_031,194
CCGCCGAGGTCCGCGCACGG_032,52
CCGCCGAGGTCCGCGCACGG_033,84
CCGCCGAGGTCCGCGCACGG_034,106
CCGCCGAGGTCCGCGCACGG_035,8
CCGCCGAGGTCCGCGCACGG_036,124
CCGCCGAGGTCCGCGCACGG_037,172
CCGCCGAGGTCCGCGCACGG_038,176
CCGCCGAGGTCCGCGCACGG_039,183
CCGCCGAGGTCCGCGCACGG_040,67
CCGCCGAGGTCCGCGCACGG_041,176
CCGCCGAGGTCCGCGCACGG_042,199
CCGCCGAGGTCCGCGCACGG_043,156
CCGCCGAGGTCCGCGCACGG_044,156
CCGCCGAGGTCCGCGCACGG_045,197
CCGCCGAGGTCCGCGCACGG_046,28
CCGCCGAGGTCCGCGCACGG_047,119
CCGCCGAGGTCCGCGCACGG_048,199
CCGCCGAGGTCCGCGCACGG_049,104
CCGCCGAGGTCCGCGCACGG_050,80
CCGCCGAGGTCCGCGCACGG_051,171
CCGCCGAGGTCCGCGCACGG_052,100
CCGCCGAGGTCCGCGCACGG_053,70
CCGCCGAGGTCCGCGCACGG_054,162
CCGCCGAGGTCCGCGCACGG_055,60
CCGCCGAGGTCCGCGCACGG_056,7
CCGCCGAGGTCCGCGCACGG_057,133
CCGCCGAGGTCCGCGCACGG_058,33
CCGCCGAGGTCCGCGCACGG_059,138
CCGCCGAGGTCCGCGCACGG_060,82
CCGCCGAGGTCCGCGCACGG_061,48
CCGCCGAGGTCCGCGCACGG_062,198
CCGCCGAGGTCCGCGCACGG_063,96
CCGCCGAGGTCCGCGCACGG_064,187
CCGCCGAGGTCCGCGCACGG_065,98
ATGGAACTGGCTATGGCTGT_001,12
ATGGAACTGGCTATGGCTGT_002,77
ATGGAACTGGCTATGGCTGT_003,64
ATGGAACTGGCTATGGCTGT_004,28
ATGGAACTGGCTATGGCTGT_005,107
ATGGAACTGGCTATGGCTGT_006,63
ATGGAACTGGCTATGGCTGT_007,88
ATGGAACTGGCTATGGCTGT_008,133
ATGGAACTGGCTATGGCTGT_009,103
TATTAGATGCAATGAAGCAG_001,169
TATTAGATGCAATGAAGCAG_002,133
TATTAGATGCAATGAAGCAG_003,16
TATTAGATGCAATGAAGCAG_004,81
TATTAGATGCAATGAAGCAG_005,62
TATTAGATGCAATGAAGCAG_006,17
TATTAGATGCAATGAAGCAG_007,110
TATTAGATGCAATGAAGCAG_008,90
TATTAGATGCAATGAAGCAG_009,66
TCTGCAAACCATGTCTACAG_001,95
TCTGCAAACCATGTCTACAG_002,119
TCTGCAAACCATGTCTACAG_003,126
CATAGCGCCCCGGTAGTATG_001,28
CATAGCGCCCCGGTAGTATG_002,46
CATAGCGCCCCGGTAGTATG_003,19
CATAGCGCCCCGGTAGTATG_004,42
TACAGGTCTAGCATGTAGGG_001,29
TACAGGTCTAGCATGTAGGG_002,142
TACAGGTCTAGCATGTAGGG_003,94
TACAGGTCTAGCATGTAGGG_004,146
ATGCGAAACGACATTTATTA_001,41
ATGCGAAACGACATTTATTA_002,129
ACGACCGAGCGGTCAGCGAA_001,181
ACGACCGAGCGGTCAGCGAA_002,0
ACGACCGAGCGGTCAGCGAA_003,131
ACGACCGAGCGGTCAGCGAA_004,19
ACGACCGAGCGGTCAGCGAA_005,141
ACGACCGAGCGGTCAGCGAA_006,3
ACGACCGAGCGGTCAGCGAA_007,160
ACGACCGAGCGGTCAGCGAA_008,194
ACGACCGAGCGGTCAGCGAA_009,137
ACGACCGAGCGGTCAGCGAA_010,172
AAAAGTAATGCAAGCAAAGG_001,198
AAAAGTAATGCAAGCAAAGG_002,60
AAAAGTAATGCAAGCAAAGG_003,133
AAAAGTAATGCAAGCAAAGG_004,177
AAAAGTAATGCAAGCAAAGG_005,169
AAAAGTAATGCAAGCAAAGG_006,86
AAAAGTAATGCAAGCAAAGG_007,140
AAAAGTAATGCAAGCAAAGG_008,176
AAAAGTAATGCAAGCAAAGG_009,57
AAAAGTAATGCAAGCAAAGG_010,169
AAAAGTAATGCAAGCAAAGG_011,88
AAAAGTAATGCAAGCAAAGG_012,62
TCTGGAGAAGAATCATCCCA_001,142
TCTGGAGAAGAATCATCCCA_002,124
TCTGGAGAAGAATCATCCCA_003,127
TCTGGAGAAGAATCATCCCA_004,91
TCTGGAGAAGAATCATCCCA_005,171
TCTGGAGAAGAATCATCCCA_006,15
TCTGGAGAAGAATCATCCCA_007,15
TCTGGAGAAGAATCATCCCA_008,162
TCTGGAGAAGAATCATCCCA_009,129
TCTGGAGAAGAATCATCCCA_010,184
TCTGGAGAAGAATCATCCCA_011,12
TCTGGAGAAGAATCATCCCA_012,102
TTCAGCGCGCCTTACCGAAG_001,58
TTCAGCGCGCCTTACCGAAG_002,41
TTCAGCGCGCCTTACCGAAG_003,78
TTCAGCGCGCCTTACCGAAG_004,190
TTCAGCGCGCCTTACCGAAG_005,57
TTCAGCGCGCCTTACCGAAG_006,67
TTCAGCGCGCCTTACCGAAG_007,28
TTGTTATACACCAGGAACGG_001,20
TTGTTATACACCAGGAACGG_002,29
TTGTTATACACCAGGAACGG_003,60
TTGTTATACACCAGGAACGG_004,72
TTGTTATACACCAGGAACGG_005,28
AGTTTAAGGAGCTGAAAGCG_001,172
AGTTTAAGGAGCTGAAAGCG_002,140
AGTTTAAGGAGCTGAAAGCG_003,17
CCCAACTCCGGGGACGTGCA_001,6
CCCAACTCCGGGGACGTGCA_002,171
CCCAACTCCGGGGACGTGCA_003,38
CCCAACTCCGGGGACGTGCA_004,127
CCCAACTCCGGGGACGTGCA_005,19
CCCAACTCCGGGGACGTGCA_006,149
CCCAACTCCGGGGACGTGCA_007,56
CCCAACTCCGGGGACGTGCA_008,83
CCCAACTCCGGGGACGTGCA_009,23
CCCAACTCCGGGGACGTGCA_010,93
CCCAACTCCGGGGACGTGCA_011,36
CCCAACTCCGGGGACGTGCA_012,184
CCCAACTCCGGGGACGTGCA_013,47
CCCAACTCCGGGGACGTGCA_014,58
CCCAACTCCGGGGACGTGCA_015,15
CCCAACTCCGGGGACGTGCA_016,29
CCCAACTCCGGGGACGTGCA_017,53
CCCAACTCCGGGGACGTGCA_018,105
CCCAACTCCGGGGACGTGCA_019,47
CCCAACTCCGGGGACGTGCA_020,147
CCCAACTCCGGGGACGTGCA_021,50
CCCAACTCCGGGGACGTGCA_022,141
CCCAACTCCGGGGACGTGCA_023,157
CCCAACTCCGGGGACGTGCA_024,34
CCCAACTCCGGGGACGTGCA_025,22
CCCAACTCCGGGGACGTGCA_026,6
CCCAACTCCGGGGACGTGCA_027,118
CCCAACTCCGGGGACGTGCA_028,124
CCTAATAGCCGAACAAACTG_001,169
CCTAATAGCCGAACAAACTG_002,48
CCTAATAGCCGAACAAACTG_003,49
CCTAATAGCCGAACAAACTG_004,112
CCTAATAGCCGAACAAACTG_005,94
CCTAATAGCCGAACAAACTG_006,62
CCTAATAGCCGAACAAACTG_007,177
CCTAATAGCCGAACAAACTG_008,8
CTTCTACCGCGAGAAAGAGT_001,196
ACACAAGCGAGGTTCCACGC_001,134
ACACAAGCGAGGTTCCACGC_002,160
ACACAAGCGAGGTTCCACGC_003,15
ACACAAGCGAGGTTCCACGC_004,47
ACACAAGCGAGGTTCCACGC_005,101
ACACAAGCGAGGTTCCACGC_006,187
ACACAAGCGAGGTTCCACGC_007,68
ACACAAGCGAGGTTCCACGC_008,9
ACACAAGCGAGGTTCCACGC_009,38
ACACAAGCGAGGTTCCACGC_010,122
ACACAAGCGAGGTTCCACGC_011,2
ACACAAGCGAGGTTCCACGC_012,157
ACACAAGCGAGGTTCCACGC_013,101
ACACAAGCGAGGTTCCACGC_014,194
ACACAAGCGAGGTTCCACGC_015,142
ACACAAGCGAGGTTCCACGC_016,102
TACACCCAGACAGAGCCCGA_001,8
TACACCCAGACAGAGCCCGA_002,138
TACACCCAGACAGAGCCCGA_003,49
TACACCCAGACAGAGCCCGA_004,11
TACACCCAGACAGAGCCCGA_005,106
TACACCCAGACAGAGCCCGA_006,88
TACACCCAGACAGAGCCCGA_007,105
TACACCCAGACAGAGCCCGA_008,133
TACACCCAGACAGAGCCCGA_009,193
TACACCCAGACAGAGCCCGA_010,78
TACACCCAGACAGAGCCCGA_011,120
TACACCCAGACAGAGCCCGA_012,8
TACACCCAGACAGAGCCCGA_013,69
TACACCCAGACAGAGCCCGA_014,177
TACACCCAGACAGAGCCCGA_015,113
TACACCCAGACAGAGCCCGA_016,74
TACACCCAGACAGAGCCCGA_017,85
TACACCCAGACAGAGCCCGA_018,197
TACACCCAGACAGAGCCCGA_019,157
TACACCCAGACAGAGCCCGA_020,169
TACACCCAGACAGAGCCCGA_021,166
TACACCCAGACAGAGCCCGA_022,138
TACACCCAGACAGAGCCCGA_023,56
TACACCCAGACAGAGCCCGA_024,188
TACACCCAGACAGAGCCCGA_025,70
TACACCCAGACAGAGCCCGA_026,87
TACACCCAGACAGAGCCCGA_027,78
TACACCCAGACAGAGCCCGA_028,94
TACACCCAGACAGAGCCCGA_029,2
TACACCCAGACAGAGCCCGA_030,78
TACACCCAGACAGAGCCCGA_031,168
TACACCCAGACAGAGCCCGA_032,40
TACACCCAGACAGAGCCCGA_033,152
TACACCCAGACAGAGCCCGA_034,148
CAGGACAAGGCAGGACCCGT_001,106
CAGGACAAGGCAGGACCCGT_002,128
CAGGACAAGGCAGGACCCGT_003,42
CAGGACAAGGCAGGACCCGT_004,137
CAGGACAAGGCAGGACCCGT_005,175
CAGGACAAGGCAGGACCCGT_006,182
CAGGACAAGGCAGGACCCGT_007,185
CAGGACAAGGCAGGACCCGT_008,160
CAGGACAAGGCAGGACCCGT_009,133
CAGGACAAGGCAGGACCCGT_010,19
CAGGACAAGGCAGGACCCGT_011,34
CAGGACAAGGCAGGACCCGT_012,116
CAGGACAAGGCAGGACCCGT_013,177
CAGGACAAGGCAGGACCCGT_014,15
CAGGACAAGGCAGGACCCGT_015,115
CAGGACAAGGCAGGACCCGT_016,74
CAGGACAAGGCAGGACCCGT_017,144
CAGGACAAGGCAGGACCCGT_018,6
CAGGACAAGGCAGGACCCGT_019,121
CAGGACAAGGCAGGACCCGT_020,77
CAGGACAAGGCAGGACCCGT_021,62
CAGGACAAGGCAGGACCCGT_022,172
CAGGACAAGGCAGGACCCGT_023,149
CAGGACAAGGCAGGACCCGT_024,10
CAGGACAAGGCAGGACCCGT_025,81
CAGGACAAGGCAGGACCCGT_026,166
CAGGACAAGGCAGGACCCGT_027,188
CAGGACAAGGCAGGACCCGT_028,199
CAGGACAAGGCAGGACCCGT_029,94
ATAACTTTGAGAATGTGGCA_001,33
CTTGGAGCGAATTCGAAGGA_001,90
CTTGGAGCGAATTCGAAGGA_002,176
CTTGGAGCGAATTCGAAGGA_003,5
CTTGGAGCGAATTCGAAGGA_004,104
TTAACCCAGCTTGTCTTCAA_001,78
TTAACCCAGCTTGTCTTCAA_002,137
TTAACCCAGCTTGTCTTCAA_003,147
TTAACCCAGCTTGTCTTCAA_004,68
TTAACCCAGCTTGTCTTCAA_005,168
TTAACCCAGCTTGTCTTCAA_006,40
TTAACCCAGCTTGTCTTCAA_007,9
TTAACCCAGCTTGTCTTCAA_008,38
TTAACCCAGCTTGTCTTCAA_009,67
TTAACCCAGCTTGTCTTCAA_010,158
TTAACCCAGCTTGTCTTCAA_011,127
TTAACCCAGCTTGTCTTCAA_012,18
TTAACCCAGCTTGTCTTCAA_013,144
TTCATACCAATGGTCGACGA_001,150
CGACCACAAGAGGTTTACAC_001,133
CGACCACAAGAGGTTTACAC_002,150
CGACCACAAGAGGTTTACAC_003,62
CGACCACAAGAGGTTTACAC_004,143
CGACCACAAGAGGTTTACAC_005,107
CGACCACAAGAGGTTTACAC_006,113
CGACCACAAGAGGTTTACAC_007,82
CGACCACAAGAGGTTTACAC_008,72
CGACCACAAGAGGTTTACAC_009,184
ACTGCTACTCACCAATTCCA_001,48
ACTGCTACTCACCAATTCCA_002,63
ACTGCTACTCACCAATTCCA_003,122
ACTGCTACTCACCAATTCCA_004,122
ACTGCTACTCACCAATTCCA_005,62
ACTGCTACTCACCAATTCCA_006,157
ACTGCTACTCACCAATTCCA_007,86
ACTGCTACTCACCAATTCCA_008,54
ACTGCTACTCACCAATTCCA_009,48
ACTGCTACTCACCAATTCCA_010,36
ACTGCTACTCACCAATTCCA_011,24
ACTGCTACTCACCAATTCCA_012,135
ACTGCTACTCACCAATTCCA_013,98
ACTGCTACTCACCAATTCCA_014,34
ACTGCTACTCACCAATTCCA_015,104
ACTGCTACTCACCAATTCCA_016,49
ACTGCTACTCACCAATTCCA_017,36
ACTGCTACTCACCAATTCCA_018,72
ACTGCTACTCACCAATTCCA_019,90
ACTGCTACTCACCAATTCCA_020,141
ACTGCTACTCACCAATTCCA_021,152
ACTGCTACTCACCAATTCCA_022,6
ACTGCTACTCACCAATTCCA_023,172
ACTGCTACTCACCAATTCCA_024,49
ACTGCTACTCACCAATTCCA_025,19
ACTGCTACTCACCAATTCCA_026,69
GTTGTGAGAAGAAATCGGGG_001,105
GTTGTGAGAAGAAATCGGGG_002,105
GTTGTGAGAAGAAATCGGGG_003,20
GTTGTGAGAAGAAATCGGGG_004,82
TGCCAGAGACACCCTAACCC_001,179
GATAGCCGTCTGCCAGAATG_001,183
GATAGCCGTCTGCCAGAATG_002,191
GATAGCCGTCTGCCAGAATG_003,12
GATAGCCGTCTGCCAGAATG_004,146
GATAGCCGTCTGCCAGAATG_005,57
GATAGCCGTCTGCCAGAATG_006,70
AGTGACCCCAAAATTACCAA_001,15
AGTGACCCCAAAATTACCAA_002,115
AGTGACCCCAAAATTACCAA_003,150
AGTGACCCCAAAATTACCAA_004,130
AGTGACCCCAAAATTACCAA_005,65
AGTGACCCCAAAATTACCAA_006,186
AGTGACCCCAAAATTACCAA_007,32
AGTGACCCCAAAATTACCAA_008,103
AGTGACCCCAAAATTACCAA_009,105
AGTGACCCCAAAATTACCAA_010,77
AGTGACCCCAAAATTACCAA_011,137
AGTGACCCCAAAATTACCAA_012,158
AGTGACCCCAAAATTACCAA_013,1
AGTGACCCCAAAATTACCAA_014,192
AGTGACCCCAAAATTACCAA_015,185
AGTGACCCCAAAATTACCAA_016,16
AGTGACCCCAAAATTACCAA_017,36
AGTGACCCCAAAATTACCAA_018,175
AGTGACCCCAAAATTACCAA_019,94
AGTGACCCCAAAATTACCAA_020,118
AGTGACCCCAAAATTACCAA_021,168
AGTGACCCCAAAATTACCAA_022,113
GGGCATTGTGAGTACAATGG_001,170
GGGCATTGTGAGTACAATGG_002,36
GGGCATTGTGAGTACAATGG_003,100
GGGCATTGTGAGTACAATGG_004,137
GGGCATTGTGAGTACAATGG_005,183
GGGCATTGTGAGTACAATGG_006,166
GGGCATTGTGAGTACAATGG_007,29
GGGCATTGTGAGTACAATGG_008,29
CACAGGCTACGGTCGCACCG_001,152
CACAGGCTACGGTCGCACCG_002,75
CACAGGCTACGGTCGCACCG_003,80
CACAGGCTACGGTCGCACCG_004,80
CACAGGCTACGGTCGCACCG_005,162
CACAGGCTACGGTCGCACCG_006,69
CACAGGCTACGGTCGCACCG_007,86
CACAGGCTACGGTCGCACCG_008,50
CACAGGCTACGGTCGCACCG_009,169
CACAGGCTACGGTCGCACCG_010,35
CACAGGCTACGGTCGCACCG_011,115
CACAGGCTACGGTCGCACCG_012,26
CACAGGCTACGGTCGCACCG_013,60
CACAGGCTACGGTCGCACCG_014,190
CACAGGCTACGGTCGCACCG_015,150
CACAGGCTACGGTCGCACCG_016,88
CAAGCTGGGGAACAAAAAGC_001,138
CAAGCTGGGGAACAAAAAGC_002,94
CAAGCTGGGGAACAAAAAGC_003,94
CAAGCTGGGGAACAAAAAGC_004,187
CAAGCTGGGGAACAAAAAGC_005,158
CAAGCTGGGGAACAAAAAGC_006,91
CAAGCTGGGGAACAAAAAGC_007,155
CAAGCTGGGGAACAAAAAGC_008,152
CAAGCTGGGGAACAAAAAGC_009,67
TTCCACGACTTTGTTCCCCA_001,34
TTCCACGACTTTGTTCCCCA_002,85
TTCCACGACTTTGTTCCCCA_003,65
TTCCACGACTTTGTTCCCCA_004,138
TTCCACGACTTTGTTCCCCA_005,83
TTCCACGACTTTGTTCCCCA_006,97
TTCCACGACTTTGTTCCCCA_007,135
TTCCACGACTTTGTTCCCCA_008,63
TTCCACGACTTTGTTCCCCA_009,9
ACTGCGATACCCGTCCCGAA_001,149
ACTGCGATACCCGTCCCGAA_002,107
ACTGCGATACCCGTCCCGAA_003,32
ACTGCGATACCCGTCCCGAA_004,143
ACTGCGATACCCGTCCCGAA_005,143
ACTGCGATACCCGTCCCGAA_006,6
ACTGCGATACCCGTCCCGAA_007,6
ACTGCGATACCCGTCCCGAA_008,179
ACTGCGATACCCGTCCCGAA_009,135
ACTGCGATACCCGTCCCGAA_010,116
ACTGCGATACCCGTCCCGAA_011,194
ACTGCGATACCCGTCCCGAA_012,168
ACTGCGATACCCGTCCCGAA_013,16
ACTGCGATACCCGTCCCGAA_014,190
ACTGCGATACCCGTCCCGAA_015,77
ACTGCGATACCCGTCCCGAA_016,199
ACTGCGATACCCGTCCCGAA_017,141
ACTGCGATACCCGTCCCGAA_018,137
ACTGCGATACCCGTCCCGAA_019,6
ACTGCGATACCCGTCCCGAA_020,63
ACTGCGATACCCGTCCCGAA_021,137
ACTGCGATACCCGTCCCGAA_022,152
ACTGCGATACCCGTCCCGAA_023,20
ACTGTCTTTCACATAAACCA_001,83
ACTGTCTTTCACATAAACCA_002,14
ACTGTCTTTCACATAAACCA_003,28
ACCGGCGGCGCAGGAGCAGT_001,154
ACCGGCGGCGCAGGAGCAGT_002,103
ACCGGCGGCGCAGGAGCAGT_003,90
ACCGGCGGCGCAGGAGCAGT_004,96
ACCGGCGGCGCAGGAGCAGT_005,144
ACCGGCGGCGCAGGAGCAGT_006,147
AACATACCCAGATTGCCACT_001,192
AACATACCCAGATTGCCACT_002,188
AACATACCCAGATTGCCACT_003,127
AACATACCCAGATTGCCACT_004,64
AACATACCCAGATTGCCACT_005,8
AACATACCCAGATTGCCACT_006,48
AACATACCCAGATTGCCACT_007,197
AACATACCCAGATTGCCACT_008,89
AACATACCCAGATTGCCACT_009,65
AACATACCCAGATTGCCACT_010,187
AACATACCCAGATTGCCACT_011,139
AACATACCCAGATTGCCACT_012,88
AACATACCCAGATTGCCACT_013,10
AACATACCCAGATTGCCACT_014,177
AACATACCCAGATTGCCACT_015,57
AACATACCCAGATTGCCACT_016,126
AGAGATCAGCGCCATTCACG_001,26
AGAGATCAGCGCCATTCACG_002,50
AGAGATCAGCGCCATTCACG_003,48
AGAGATCAGCGCCATTCACG_004,115
AGAGATCAGCGCCATTCACG_005,53
AGAGATCAGCGCCATTCACG_006,27
AGAGATCAGCGCCATTCACG_007,170
AGAGATCAGCGCCATTCACG_008,169
AGAGATCAGCGCCATTCACG_009,29
AGAGATCAGCGCCATTCACG_010,107
AGAGATCAGCGCCATTCACG_011,119
AGAGATCAGCGCCATTCACG_012,171
AGAGATCAGCGCCATTCACG_013,126
AGAGATCAGCGCCATTCACG_014,80
AGAGATCAGCGCCATTCACG_015,4
AGAGATCAGCGCCATTCACG_016,98
AGAGATCAGCGCCATTCACG_017,88
AGAGATCAGCGCCATTCACG_018,88
AGAGATCAGCGCCATTCACG_019,174
AGAGATCAGCGCCATTCACG_020,135
AGAGATCAGCGCCATTCACG_021,29
AGAGATCAGCGCCATTCACG_022,75
AGAGATCAGCGCCATTCACG_023,2
AGAGATCAGCGCCATTCACG_024,172
AGAGATCAGCGCCATTCACG_025,66
AGAGATCAGCGCCATTCACG_026,56
AGAGATCAGCGCCATTCACG_027,123
AGTTCATGTCAACCCGTCAG_001,19
AGTTCATGTCAACCCGTCAG_002,184
AGTTCATGTCAACCCGTCAG_003,90
AGTTCATGTCAACCCGTCAG_004,143
AGTTCATGTCAACCCGTCAG_005,99
AGTTCATGTCAACCCGTCAG_006,115
CCCCTTCCGGACGGGACCCG_001,174
CCCCTTCCGGACGGGACCCG_002,177
CCCCTTCCGGACGGGACCCG_003,29
CCCCTTCCGGACGGGACCCG_004,57
CCCCTTCCGGACGGGACCCG_005,70
CCCCTTCCGGACGGGACCCG_006,80
CCCCTTCCGGACGGGACCCG_007,178
CCCCTTCCGGACGGGACCCG_008,59
CCCCTTCCGGACGGGACCCG_009,74
CCCCTTCCGGACGGGACCCG_010,197
CCCCTTCCGGACGGGACCCG_011,197
CCCCTTCCGGACGGGACCCG_012,71
CCCCTTCCGGACGGGACCCG_013,71
CCCCTTCCGGACGGGACCCG_014,0
CCCCTTCCGGACGGGACCCG_015,191
CCCCTTCCGGACGGGACCCG_016,137
CCCCTTCCGGACGGGACCCG_017,5
CCCCTTCCGGACGGGACCCG_018,5
CCCCTTCCGGACGGGACCCG_019,56
CCCCTTCCGGACGGGACCCG_020,95
CCCCTTCCGGACGGGACCCG_021,152
CCCCTTCCGGACGGGACCCG_022,176
CCCCTTCCGGACGGGACCCG_023,127
CCCCTTCCGGACGGGACCCG_024,50
CCCCTTCCGGACGGGACCCG_025,65
CCCCTTCCGGACGGGACCCG_026,65
CCCCTTCCGGACGGGACCCG_027,178
CCCCTTCCGGACGGGACCCG_028,105
CCCCTTCCGGACGGGACCCG_029,178
CCCCTTCCGGACGGGACCCG_030,102
CCCCTTCCGGACGGGACCCG_031,168
AGCCTCGAGTGGAATTGGTG_001,78
AGCCTCGAGTGGAATTGGTG_002,144
AGCCTCGAGTGGAATTGGTG_003,104
AGCCTCGAGTGGAATTGGTG_004,12
AGCCTCGAGTGGAATTGGTG_005,160
AGCCTCGAGTGGAATTGGTG_006,93
AGCCTCGAGTGGAATTGGTG_007,74
AGCCTCGAGTGGAATTGGTG_008,184
AGCCTCGAGTGGAATTGGTG_009,104
AGCCTCGAGTGGAATTGGTG_010,188
AGCCTCGAGTGGAATTGGTG_011,141
AGCCTCGAGTGGAATTGGTG_012,30
AGCCTCGAGTGGAATTGGTG_013,149
AGCCTCGAGTGGAATTGGTG_014,35
CCCGGGACAAGGAGCGCGTG_001,15
CCCGGGACAAGGAGCGCGTG_002,40
CCCGGGACAAGGAGCGCGTG_003,34
CCCGGGACAAGGAGCGCGTG_004,135
CCCGGGACAAGGAGCGCGTG_005,123
CCCGGGACAAGGAGCGCGTG_006,42
CCCGGGACAAGGAGCGCGTG_007,24
ACGGACGCCTCTCCGTGCGG_001,43
ACGGACGCCTCTCCGTGCGG_002,141
CCCTGATGAACCATTCCAGG_001,17
CGTAAGGGTGATCACACGTG_001,14
CGTAAGGGTGATCACACGTG_002,134
CGTAAGGGTGATCACACGTG_003,113
CGTAAGGGTGATCACACGTG_004,50
CGTAAGGGTGATCACACGTG_005,144
CGTAAGGGTGATCACACGTG_006,12
CGTAAGGGTGATCACACGTG_007,62
CGTAAGGGTGATCACACGTG_008,113
CGTAAGGGTGATCACACGTG_009,107
CGTAAGGGTGATCACACGTG_010,91
CGTAAGGGTGATCACACGTG_011,172
CGTAAGGGTGATCACACGTG_012,137
ACACCAGAGAAGATCAAAGG_001,149
ACACCAGAGAAGATCAAAGG_002,137
ACACCAGAGAAGATCAAAGG_003,121
ACACCAGAGAAGATCAAAGG_004,108
ACACCAGAGAAGATCAAAGG_005,172
ACACCAGAGAAGATCAAAGG_006,21
ACACCAGAGAAGATCAAAGG_007,76
ACACCAGAGAAGATCAAAGG_008,145
ACACCAGAGAAGATCAAAGG_009,42
ACACCAGAGAAGATCAAAGG_010,144
ACACCAGAGAAGATCAAAGG_011,188
ACACCAGAGAAGATCAAAGG_012,100
ACACCAGAGAAGATCAAAGG_013,88
ACACCAGAGAAGATCAAAGG_014,40
ACACCAGAGAAGATCAAAGG_015,18
GAAAGCGACGTTCTCGGCGT_001,62
GAAAGCGACGTTCTCGGCGT_002,138
GAAAGCGACGTTCTCGGCGT_003,166
GAGACTCTGGCGATGCCGAG_001,38
GAGACTCTGGCGATGCCGAG_002,150
GAGACTCTGGCGATGCCGAG_003,91
GAGACTCTGGCGATGCCGAG_004,66
GAGACTCTGGCGATGCCGAG_005,174
GAGACTCTGGCGATGCCGAG_006,129
GAGACTCTGGCGATGCCGAG_007,177
GAGACTCTGGCGATGCCGAG_008,169
GAGACTCTGGCGATGCCGAG_009,50
GAGACTCTGGCGATGCCGAG_010,46
GAGACTCTGGCGATGCCGAG_011,87
GGAGATCTGTGACTTCGAGG_001,140
GGAGATCTGTGACTTCGAGG_002,80
GGAGATCTGTGACTTCGAGG_003,24
GGAGATCTGTGACTTCGAGG_004,169
GGAGATCTGTGACTTCGAGG_005,16
GGAGATCTGTGACTTCGAGG_006,85
GGAGATCTGTGACTTCGAGG_007,98
GGAGATCTGTGACTTCGAGG_008,5
GGAGATCTGTGACTTCGAGG_009,118
GGAGATCTGTGACTTCGAGG_010,54
GGAGATCTGTGACTTCGAGG_011,16
GGAGATCTGTGACTTCGAGG_012,150
TGTACCACACCAACTATGTG_001,72
TGTACCACACCAACTATGTG_002,84
TGTACCACACCAACTATGTG_003,25
TGTACCACACCAACTATGTG_004,48
TGTACCACACCAACTATGTG_005,78
TGTACCACACCAACTATGTG_006,102
TGTACCACACCAACTATGTG_007,5
TGTACCACACCAACTATGTG_008,171
TGTACCACACCAACTATGTG_009,35
TGTACCACACCAACTATGTG_010,158
TGTACCACACCAACTATGTG_011,128
TGTACCACACCAACTATGTG_012,144
TGTACCACACCAACTATGTG_013,184
CTGCACGTCTACACCCGCGA_001,188
CTGCACGTCTACACCCGCGA_002,46
CTGCACGTCTACACCCGCGA_003,77
CTGCACGTCTACACCCGCGA_004,194
CTGCACGTCTACACCCGCGA_005,158
CTGCACGTCTACACCCGCGA_006,143
CTGCACGTCTACACCCGCGA_007,111
CTGCACGTCTACACCCGCGA_008,80
CTGCACGTCTACACCCGCGA_009,148
CTGCACGTCTACACCCGCGA_010,147
CTGCACGTCTACACCCGCGA_011,98
CTGCACGTCTACACCCGCGA_012,15
CTGCACGTCTACACCCGCGA_013,46
CTGCACGTCTACACCCGCGA_014,166
CTGCACGTCTACACCCGCGA_015,185
CTGCACGTCTACACCCGCGA_016,77
CTGCACGTCTACACCCGCGA_017,166
CTGCACGTCTACACCCGCGA_018,57
CTGCACGTCTACACCCGCGA_019,70
CTGCACGTCTACACCCGCGA_020,189
CTGCACGTCTACACCCGCGA_021,25
CTGCACGTCTACACCCGCGA_022,197
CTGCACGTCTACACCCGCGA_023,59
CTGCACGTCTACACCCGCGA_024,23
CTGCACGTCTACACCCGCGA_025,50
CTGCACGTCTACACCCGCGA_026,94
CTGCACGTCTACACCCGCGA_027,176
CTGCACGTCTACACCCGCGA_028,41
CTGCACGTCTACACCCGCGA_029,127
CTGCACGTCTACACCCGCGA_030,73
CTGCACGTCTACACCCGCGA_031,61
CTGCACGTCTACACCCGCGA_032,184
GGGAACTGGTGTCTAATGGT_001,60
GGGAACTGGTGTCTAATGGT_002,73
GGGAACTGGTGTCTAATGGT_003,160
GGGAACTGGTGTCTAATGGT_004,22
TTTCTTCCGAACCCTCATAG_001,129
TTTCTTCCGAACCCTCATAG_002,146
TTTCTTCCGAACCCTCATAG_003,149
TTTCTTCCGAACCCTCATAG_004,49
TTTCTTCCGAACCCTCATAG_005,121
TTTCTTCCGAACCCTCATAG_006,125
TTTCTTCCGAACCCTCATAG_007,147
TTTCTTCCGAACCCTCATAG_008,48
TTTCTTCCGAACCCTCATAG_009,63
TTTCTTCCGAACCCTCATAG_010,170
TTTCTTCCGAACCCTCATAG_011,36
TTTCTTCCGAACCCTCATAG_012,42
TTTCTTCCGAACCCTCATAG_013,148
TTTCTTCCGAACCCTCATAG_014,151
TTTCTTCCGAACCCTCATAG_015,121
TTTCTTCCGAACCCTCATAG_016,118
TTTCTTCCGAACCCTCATAG_017,59
TTTCTTCCGAACCCTCATAG_018,34
TTTCTTCCGAACCCTCATAG_019,108
TTTCTTCCGAACCCTCATAG_020,6
TTTCTTCCGAACCCTCATAG_021,125
GTTTACTGCTAGACCACTAG_001,18
GTTTACTGCTAGACCACTAG_002,13
GTTTACTGCTAGACCACTAG_003,37
GTTTACTGCTAGACCACTAG_004,6
TCGCTCAACTCCACCGACAG_001,106
TCGCTCAACTCCACCGACAG_002,74
TCGCTCAACTCCACCGACAG_003,35
TCGCTCAACTCCACCGACAG_004,130
TCGCTCAACTCCACCGACAG_005,91
TCGCTCAACTCCACCGACAG_006,96
TCGCTCAACTCCACCGACAG_007,111
TCGCTCAACTCCACCGACAG_008,196
TCGCTCAACTCCACCGACAG_009,28
TCGCTCAACTCCACCGACAG_010,11
TCGCTCAACTCCACCGACAG_011,130
TCGCTCAACTCCACCGACAG_012,146
TCGCTCAACTCCACCGACAG_013,9
TCGCTCAACTCCACCGACAG_014,147
TCGCTCAACTCCACCGACAG_015,118
TCGCTCAACTCCACCGACAG_016,91
CAAGTTCCGTTATCGGCGCG_001,19
CAAGTTCCGTTATCGGCGCG_002,41
CAAGTTCCGTTATCGGCGCG_003,41
CAAGTTCCGTTATCGGCGCG_004,134
CAAGTTCCGTTATCGGCGCG_005,68
CAAGTTCCGTTATCGGCGCG_006,57
TACCTACCATCGACGCAAGA_001,164
TACCTACCATCGACGCAAGA_002,41
TACCTACCATCGACGCAAGA_003,133
TACCTACCATCGACGCAAGA_004,63
TACCTACCATCGACGCAAGA_005,175
TACCTACCATCGACGCAAGA_006,117
TACCTACCATCGACGCAAGA_007,127
TACCTACCATCGACGCAAGA_008,94
TACCTACCATCGACGCAAGA_009,69
TACCTACCATCGACGCAAGA_010,15
TACCTACCATCGACGCAAGA_011,0
TACCTACCATCGACGCAAGA_012,77
TACCTACCATCGACGCAAGA_013,16
TACCTACCATCGACGCAAGA_014,99
TACCTACCATCGACGCAAGA_015,0
TACCTACCATCGACGCAAGA_016,31
TACCTACCATCGACGCAAGA_017,91
TACCTACCATCGACGCAAGA_018,88
AGACTGCACAGGATGGCTTG_001,62
AGACTGCACAGGATGGCTTG_002,96
AGACTGCACAGGATGGCTTG_003,48
AGACTGCACAGGATGGCTTG_004,75
AGACTGCACAGGATGGCTTG_005,23
AGACTGCACAGGATGGCTTG_006,127
AGACTGCACAGGATGGCTTG_007,74
AGACTGCACAGGATGGCTTG_008,50
AGACTGCACAGGATGGCTTG_009,104
AGACTGCACAGGATGGCTTG_010,140
AGACTGCACAGGATGGCTTG_011,28
AGACTGCACAGGATGGCTTG_012,94
AGACTGCACAGGATGGCTTG_013,57
AGACTGCACAGGATGGCTTG_014,19
AGACTGCACAGGATGGCTTG_015,147
GCTCATCTGGGGCTATTCGG_001,107
GCTCATCTGGGGCTATTCGG_002,29
GCTCATCTGGGGCTATTCGG_003,194
GCTCATCTGGGGCTATTCGG_004,185
GCTCATCTGGGGCTATTCGG_005,80
GCTCATCTGGGGCTATTCGG_006,100
TTACTTAATAAACATGCATG_001,137
TTACTTAATAAACATGCATG_002,183
TTACTTAATAAACATGCATG_003,9
TTACTTAATAAACATGCATG_004,171
TTACTTAATAAACATGCATG_005,185
TTACTTAATAAACATGCATG_006,30
TTACTTAATAAACATGCATG_007,57
TTCAGGCTCAAAATATGATG_001,17
AATGATGATATTGCCTGCTA_001,15
TCACAAGTATGCATACAAAG_001,182
TCACAAGTATGCATACAAAG_002,12
TCACAAGTATGCATACAAAG_003,14
TCACAAGTATGCATACAAAG_004,142
CCACAGCCTGAATCGCTATG_001,127
CCACAGCCTGAATCGCTATG_002,186
CCACAGCCTGAATCGCTATG_003,36
CCACAGCCTGAATCGCTATG_004,185
CCACAGCCTGAATCGCTATG_005,85
CCACAGCCTGAATCGCTATG_006,50
CCACAGCCTGAATCGCTATG_007,130
CCACAGCCTGAATCGCTATG_008,75
CCACAGCCTGAATCGCTATG_009,9
GGCCCTAACTCAGAAGCGAA_001,27
GGCCCTAACTCAGAAGCGAA_002,43
GGCCCTAACTCAGAAGCGAA_003,145
GGCCCTAACTCAGAAGCGAA_004,103
GGCCCTAACTCAGAAGCGAA_005,113
GGCCCTAACTCAGAAGCGAA_006,1
GGCCCTAACTCAGAAGCGAA_007,119
GGCCCTAACTCAGAAGCGAA_008,50
GGCCCTAACTCAGAAGCGAA_009,138
GGCCCTAACTCAGAAGCGAA_010,169
GGCCCTAACTCAGAAGCGAA_011,162
GGCCCTAACTCAGAAGCGAA_012,170
GGCCCTAACTCAGAAGCGAA_013,165
GGCCCTAACTCAGAAGCGAA_014,198
CAAGATCAAAAAGCAAGTGA_001,30
CAAGATCAAAAAGCAAGTGA_002,121
CAAGATCAAAAAGCAAGTGA_003,72
CAAGATCAAAAAGCAAGTGA_004,140
CAAGATCAAAAAGCAAGTGA_005,60
CAAGATCAAAAAGCAAGTGA_006,120
CAAGATCAAAAAGCAAGTGA_007,15
CAAGATCAAAAAGCAAGTGA_008,40
CAAGATCAAAAAGCAAGTGA_009,120
TGATGAGACCTGGACTATCG_001,155
TGATGAGACCTGGACTATCG_002,88
TGATGAGACCTGGACTATCG_003,182
TGATGAGACCTGGACTATCG_004,41
TGATGAGACCTGGACTATCG_005,18
TGATGAGACCTGGACTATCG_006,48
TGATGAGACCTGGACTATCG_007,172
TGATGAGACCTGGACTATCG_008,53
TGATGAGACCTGGACTATCG_009,34
TGATGAGACCTGGACTATCG_010,138
TGATGAGACCTGGACTATCG_011,69
TGATGAGACCTGGACTATCG_012,121
TGATGAGACCTGGACTATCG_013,38
TGATGAGACCTGGACTATCG_014,38
ACAACTTGAGCAGGGCACCA_001,116
ACAACTTGAGCAGGGCACCA_002,49
ACAACTTGAGCAGGGCACCA_003,32
ACAACTTGAGCAGGGCACCA_004,81
ACAACTTGAGCAGGGCACCA_005,69
ACAACTTGAGCAGGGCACCA_006,34
ACAACTTGAGCAGGGCACCA_007,28
ACAACTTGAGCAGGGCACCA_008,14
ACAACTTGAGCAGGGCACCA_009,98
ACAACTTGAGCAGGGCACCA_010,144
ACAACTTGAGCAGGGCACCA_011,104
ACAACTTGAGCAGGGCACCA_012,179
ACAACTTGAGCAGGGCACCA_013,22
ACAACTTGAGCAGGGCACCA_014,8
ACAACTTGAGCAGGGCACCA_015,63
ACAACTTGAGCAGGGCACCA_016,94
ACAACTTGAGCAGGGCACCA_017,21
ACAACTTGAGCAGGGCACCA_018,40
ACAACTTGAGCAGGGCACCA_019,172
GTTGGTTACCCAAATCACCA_001,116
GTTGGTTACCCAAATCACCA_002,186
GTTGGTTACCCAAATCACCA_003,36
GTTGGTTACCCAAATCACCA_004,161
GTTGGTTACCCAAATCACCA_005,161
GTTGGTTACCCAAATCACCA_006,176
GTTGGTTACCCAAATCACCA_007,69
GTTGGTTACCCAAATCACCA_008,113
GTTGGTTACCCAAATCACCA_009,183
GTTGGTTACCCAAATCACCA_010,56
GTTGGTTACCCAAATCACCA_011,50
GTTGGTTACCCAAATCACCA_012,40
GTTGGTTACCCAAATCACCA_013,188
GTTGGTTACCCAAATCACCA_014,148
GTTGGTTACCCAAATCACCA_015,135
GTTGGTTACCCAAATCACCA_016,45
GTTGGTTACCCAAATCACCA_017,184
GTTGGTTACCCAAATCACCA_018,41
GTTGGTTACCCAAATCACCA_019,57
GCAGCTGCACGAACATCATG_001,37
GCAGCTGCACGAACATCATG_002,121
GCAGCTGCACGAACATCATG_003,70
GCAGCTGCACGAACATCATG_004,141
GCAGCTGCACGAACATCATG_005,113
GCAGCTGCACGAACATCATG_006,155
GCAGCTGCACGAACATCATG_007,185
GCAGCTGCACGAACATCATG_008,188
GCAGCTGCACGAACATCATG_009,106
GCAGCTGCACGAACATCATG_010,94
GCAGCTGCACGAACATCATG_011,19
GCAGCTGCACGAACATCATG_012,130
GCAGCTGCACGAACATCATG_013,47
GCTGGCTACACACCCCACAA_001,109
GCTGGCTACACACCCCACAA_002,177
GCTGGCTACACACCCCACAA_003,56
GCTGGCTACACACCCCACAA_004,162
GCTGGCTACACACCCCACAA_005,26
GCTGGCTACACACCCCACAA_006,98
GCTGGCTACACACCCCACAA_007,38
GCTGGCTACACACCCCACAA_008,106
GCTGGCTACACACCCCACAA_009,199
GCTGGCTACACACCCCACAA_010,102
GCTGGCTACACACCCCACAA_011,171
ACTTACGTTCTCGTAGTCCA_001,15
ACTTACGTTCTCGTAGTCCA_002,145
ACTTACGTTCTCGTAGTCCA_003,16
ACTTACGTTCTCGTAGTCCA_004,152
GTTCCTTTACGATAACCTAG_001,158
GTTCCTTTACGATAACCTAG_002,111
AGACCAGAGACACCTACGAG_001,99
AGACCAGAGACACCTACGAG_002,50
AGACCAGAGACACCTACGAG_003,157
AGACCAGAGACACCTACGAG_004,126
AGACCAGAGACACCTACGAG_005,30
AGACCAGAGACACCTACGAG_006,106
AGACCAGAGACACCTACGAG_007,106
AGACCAGAGACACCTACGAG_008,62
CACATCAGCACTTCTACCAG_001,181
CACATCAGCACTTCTACCAG_002,163
CACATCAGCACTTCTACCAG_003,177
CACATCAGCACTTCTACCAG_004,162
CACATCAGCACTTCTACCAG_005,8
CACATCAGCACTTCTACCAG_006,105
GGTAACGAGCTGCATCCCCG_001,145
GGTAACGAGCTGCATCCCCG_002,198
GGTAACGAGCTGCATCCCCG_003,0
GGTAACGAGCTGCATCCCCG_004,188
GGTAACGAGCTGCATCCCCG_005,34
GGTAACGAGCTGCATCCCCG_006,42
GGTAACGAGCTGCATCCCCG_007,110
GGTAACGAGCTGCATCCCCG_008,190
GGTAACGAGCTGCATCCCCG_009,170
GGTAACGAGCTGCATCCCCG_010,188
GGTAACGAGCTGCATCCCCG_011,44
GGTAACGAGCTGCATCCCCG_012,191
GGTAACGAGCTGCATCCCCG_013,152
CTTGCCTGCAACATCATGGG_001,192
CTTGCCTGCAACATCATGGG_002,0
CTTGCCTGCAACATCATGGG_003,69
CTTGCCTGCAACATCATGGG_004,6
CTTGCCTGCAACATCATGGG_005,9
CCTCTGTCCACAGATCAGCC_001,19
CCTCTGTCCACAGATCAGCC_002,19
CCTCTGTCCACAGATCAGCC_003,77
CCTCTGTCCACAGATCAGCC_004,4
CCTCTGTCCACAGATCAGCC_005,182
CCTCTGTCCACAGATCAGCC_006,40
CCTCTGTCCACAGATCAGCC_007,103
CCTCTGTCCACAGATCAGCC_008,106
CCTCTGTCCACAGATCAGCC_009,150
GTCCCGCGTACTGAGCCAGA_001,56
GTCCCGCGTACTGAGCCAGA_002,75
GTCCCGCGTACTGAGCCAGA_003,155
GTCCCGCGTACTGAGCCAGA_004,162
GTCCCGCGTACTGAGCCAGA_005,150
GTCCCGCGTACTGAGCCAGA_006,103
GTCCCGCGTACTGAGCCAGA_007,151
GTCCCGCGTACTGAGCCAGA_008,48
GTCCCGCGTACTGAGCCAGA_009,77
GTCCCGCGTACTGAGCCAGA_010,133
GTCCCGCGTACTGAGCCAGA_011,185
GTCCCGCGTACTGAGCCAGA_012,96
GTCCCGCGTACTGAGCCAGA_013,32
GTCCCGCGTACTGAGCCAGA_014,30
GTCCCGCGTACTGAGCCAGA_015,5
GTCCCGCGTACTGAGCCAGA_016,107
GTCCCGCGTACTGAGCCAGA_017,63
GTCCCGCGTACTGAGCCAGA_018,84
GTCCCGCGTACTGAGCCAGA_019,39
GTCCCGCGTACTGAGCCAGA_020,81
GTCCCGCGTACTGAGCCAGA_021,6
GTCCCGCGTACTGAGCCAGA_022,138
GTCCCGCGTACTGAGCCAGA_023,162
GTCCCGCGTACTGAGCCAGA_024,184
GTCCCGCGTACTGAGCCAGA_025,39
GTCCCGCGTACTGAGCCAGA_026,40
AGGATACACGAAGAACCAGG_001,199
AGGATACACGAAGAACCAGG_002,180
AGGATACACGAAGAACCAGG_003,43
AGGATACACGAAGAACCAGG_004,153
AGGATACACGAAGAACCAGG_005,152
AGGATACACGAAGAACCAGG_006,43
AGCGGTACCCGAATCCCTAT_001,141
AGCGGTACCCGAATCCCTAT_002,124
AGCGGTACCCGAATCCCTAT_003,171
AGCGGTACCCGAATCCCTAT_004,105
AGCGGTACCCGAATCCCTAT_005,78
AGCGGTACCCGAATCCCTAT_006,161
AGCGGTACCCGAATCCCTAT_007,57
AGCGGTACCCGAATCCCTAT_008,57
AGCGGTACCCGAATCCCTAT_009,3
AGCGGTACCCGAATCCCTAT_010,146
AGCGGTACCCGAATCCCTAT_011,7
AGCGGTACCCGAATCCCTAT_012,104
AGCGGTACCCGAATCCCTAT_013,166
AGCGGTACCCGAATCCCTAT_014,112
AGCGGTACCCGAATCCCTAT_015,26
AGCGGTACCCGAATCCCTAT_016,108
ATCCAGGCGTAGAACTCGCG_001,29
ATCCAGGCGTAGAACTCGCG_002,116
ATCCAGGCGTAGAACTCGCG_003,15
ATCCAGGCGTAGAACTCGCG_004,168
ATCCAGGCGTAGAACTCGCG_005,189
ATCCAGGCGTAGAACTCGCG_006,198
ATCCAGGCGTAGAACTCGCG_007,133
ATCCAGGCGTAGAACTCGCG_008,176
ATCCAGGCGTAGAACTCGCG_009,176
ATCCAGGCGTAGAACTCGCG_010,105
ATCCAGGCGTAGAACTCGCG_011,27
ATCCAGGCGTAGAACTCGCG_012,119
ATCCAGGCGTAGAACTCGCG_013,168
ATCCAGGCGTAGAACTCGCG_014,56
ATCCAGGCGTAGAACTCGCG_015,25
ATCCAGGCGTAGAACTCGCG_016,84
ATCCAGGCGTAGAACTCGCG_017,184
CAAGGCCAGGACGTCATATG_001,192
CAAGGCCAGGACGTCATATG_002,82
CAAGGCCAGGACGTCATATG_003,150
CAAGGCCAGGACGTCATATG_004,1
CAAGGCCAGGACGTCATATG_005,76
CAAGGCCAGGACGTCATATG_006,146
CAAGGCCAGGACGTCATATG_007,158
CCAGAGACCAATCAGACTTG_001,49
CCAGAGACCAATCAGACTTG_002,149
CCAGAGACCAATCAGACTTG_003,106
CCAGAGACCAATCAGACTTG_004,8
CCAGAGACCAATCAGACTTG_005,10
CAGTCTTCAGGCAACTAACG_001,50
CAGTCTTCAGGCAACTAACG_002,64
CAGTCTTCAGGCAACTAACG_003,51
CAGTCTTCAGGCAACTAACG_004,102
CAGTCTTCAGGCAACTAACG_005,121
CAGTCTTCAGGCAACTAACG_006,40
CAGTCTTCAGGCAACTAACG_007,78
CAGTCTTCAGGCAACTAACG_008,188
CAGTCTTCAGGCAACTAACG_009,141
CAGTCTTCAGGCAACTAACG_010,22
CAGTCTTCAGGCAACTAACG_011,160
CAGTCTTCAGGCAACTAACG_012,117
CAGTCTTCAGGCAACTAACG_013,0
CAGTCTTCAGGCAACTAACG_014,113
CAGTCTTCAGGCAACTAACG_015,194
CAGTCTTCAGGCAACTAACG_016,186
CATGTGATGTTGGAGTAGGA_001,55
ATATCTCAAAGGATTGCGGA_001,176
ATATCTCAAAGGATTGCGGA_002,7
ATATCTCAAAGGATTGCGGA_003,161
CGGGCTCCCCCTACCTTCCG_001,42
CGGGCTCCCCCTACCTTCCG_002,121
CGGGCTCCCCCTACCTTCCG_003,13
CGGGCTCCCCCTACCTTCCG_004,13
CGGGCTCCCCCTACCTTCCG_005,5
CGGGCTCCCCCTACCTTCCG_006,110
CGGGCTCCCCCTACCTTCCG_007,91
CGGGCTCCCCCTACCTTCCG_008,110
CGGGCTCCCCCTACCTTCCG_009,107
CGGGCTCCCCCTACCTTCCG_010,88
CGGGCTCCCCCTACCTTCCG_011,85
CGGGCTCCCCCTACCTTCCG_012,54
CGGGCTCCCCCTACCTTCCG_013,86
CGGGCTCCCCCTACCTTCCG_014,75
CGGGCTCCCCCTACCTTCCG_015,30
CGGGCTCCCCCTACCTTCCG_016,168
CGGGCTCCCCCTACCTTCCG_017,123
CGGGCTCCCCCTACCTTCCG_018,124
CGGGCTCCCCCTACCTTCCG_019,188
CGGGCTCCCCCTACCTTCCG_020,180
CGGGCTCCCCCTACCTTCCG_021,50
CGGGCTCCCCCTACCTTCCG_022,156
CTGGCCAGTAGAAAGTACAT_001,75
CTGGCCAGTAGAAAGTACAT_002,27
CTGGCCAGTAGAAAGTACAT_003,57
GCTGTGAAAAGAAATCATAG_001,7
GCTGTGAAAAGAAATCATAG_002,4
GCTGTGAAAAGAAATCATAG_003,177
GCTGTGAAAAGAAATCATAG_004,88
TGACAAGGTTCGGATACCCA_001,131
TGACAAGGTTCGGATACCCA_002,75
TGACAAGGTTCGGATACCCA_003,105
TGACAAGGTTCGGATACCCA_004,42
TGACAAGGTTCGGATACCCA_005,78
TGACAAGGTTCGGATACCCA_006,78
TTATGGCGCACTGTTTCGGG_001,3
TTATGGCGCACTGTTTCGGG_002,95
TCTGATTGAGGAATGTTGTG_001,107
TCTGATTGAGGAATGTTGTG_002,64
TCTGATTGAGGAATGTTGTG_003,29
TCTGATTGAGGAATGTTGTG_004,158
TCTGATTGAGGAATGTTGTG_005,76
TCTGATTGAGGAATGTTGTG_006,130
TCTGATTGAGGAATGTTGTG_007,126
CAGTTGGGTACATAGCTTGG_001,145
CAGTTGGGTACATAGCTTGG_002,82
CAGTTGGGTACATAGCTTGG_003,57
GAGAGTACCAAGAGTCACTG_001,134
GAGAGTACCAAGAGTCACTG_002,105
GAGAGTACCAAGAGTCACTG_003,182
GAGAGTACCAAGAGTCACTG_004,85
GAGAGTACCAAGAGTCACTG_005,147
GAGAGTACCAAGAGTCACTG_006,115
GAGAGTACCAAGAGTCACTG_007,10
GAGAGTACCAAGAGTCACTG_008,133
GAGAGTACCAAGAGTCACTG_009,63
GAGAGTACCAAGAGTCACTG_010,107
GAGAGTACCAAGAGTCACTG_011,88
GAGAGTACCAAGAGTCACTG_012,70
GAGAGTACCAAGAGTCACTG_013,176
GAGAGTACCAAGAGTCACTG_014,199
GAGAGTACCAAGAGTCACTG_015,18
GAGAGTACCAAGAGTCACTG_016,198
GAGAGTACCAAGAGTCACTG_017,95
GAGAGTACCAAGAGTCACTG_018,112
GAGAGTACCAAGAGTCACTG_019,83
GAGAGTACCAAGAGTCACTG_020,74
TGACTTTGACAACTGCGGGA_001,115
TGACTTTGACAACTGCGGGA_002,88
TGACTTTGACAACTGCGGGA_003,115
TGACTTTGACAACTGCGGGA_004,49
TGACTTTGACAACTGCGGGA_005,105
TGACTTTGACAACTGCGGGA_006,110
TGACTTTGACAACTGCGGGA_007,83
TGACTTTGACAACTGCGGGA_008,76
TGACTTTGACAACTGCGGGA_009,184
TGACTTTGACAACTGCGGGA_010,123
TGACTTTGACAACTGCGGGA_011,52
TGACTTTGACAACTGCGGGA_012,26
TGACTTTGACAACTGCGGGA_013,143
TGACTTTGACAACTGCGGGA_014,143
TGACTTTGACAACTGCGGGA_015,49
TGACTTTGACAACTGCGGGA_016,27
TGACTTTGACAACTGCGGGA_017,52
TGACTTTGACAACTGCGGGA_018,137
TGACTTTGACAACTGCGGGA_019,71
TGACTTTGACAACTGCGGGA_020,162
ATCCTGGGATGCGTCAGACA_001,183
ATCCTGGGATGCGTCAGACA_002,56
ATCCTGGGATGCGTCAGACA_003,46
ATCCTGGGATGCGTCAGACA_004,183
ATCCTGGGATGCGTCAGACA_005,194
ATCCTGGGATGCGTCAGACA_006,194
ATCCTGGGATGCGTCAGACA_007,117
ATCCTGGGATGCGTCAGACA_008,127
ATCCTGGGATGCGTCAGACA_009,28
ATCCTGGGATGCGTCAGACA_010,60
ATCCTGGGATGCGTCAGACA_011,90
ATCCTGGGATGCGTCAGACA_012,58
ATCCTGGGATGCGTCAGACA_013,81
ATCCTGGGATGCGTCAGACA_014,81
ATCCTGGGATGCGTCAGACA_015,195
ATCCTGGGATGCGTCAGACA_016,64
ATCCTGGGATGCGTCAGACA_017,68
ATCCTGGGATGCGTCAGACA_018,17
ATCCTGGGATGCGTCAGACA_019,69
ATCCTGGGATGCGTCAGACA_020,74
ATCCTGGGATGCGTCAGACA_021,8
ATCCTGGGATGCGTCAGACA_022,12
ATCCTGGGATGCGTCAGACA_023,112
ATCCTGGGATGCGTCAGACA_024,28
ATCCTGGGATGCGTCAGACA_025,75
ATCCTGGGATGCGTCAGACA_026,41
ATCCTGGGATGCGTCAGACA_027,48
ATCCTGGGATGCGTCAGACA_028,84
ATCCTGGGATGCGTCAGACA_029,163
ATCCTGGGATGCGTCAGACA_030,28
ATCCTGGGATGCGTCAGACA_031,12
ATCCTGGGATGCGTCAGACA_032,199
ATCCTGGGATGCGTCAGACA_033,3
ATCCTGGGATGCGTCAGACA_034,145
ATCCTGGGATGCGTCAGACA_035,142
ATCCTGGGATGCGTCAGACA_036,199
ATCCTGGGATGCGTCAGACA_037,17
ATCCTGGGATGCGTCAGACA_038,184
ATCCTGGGATGCGTCAGACA_039,125
ATCCTGGGATGCGTCAGACA_040,126
ATCCTGGGATGCGTCAGACA_041,91
TGAAATCCGAGACTTAAATG_001,88
GCTTTATCCAAAAGGTCGTG_001,119
GCTTTATCCAAAAGGTCGTG_002,150
GCTTTATCCAAAAGGTCGTG_003,107
GCTTTATCCAAAAGGTCGTG_004,138
ACAGCTCAACTATGTGCAGT_001,12
ACAGCTCAACTATGTGCAGT_002,184
ACAGCTCAACTATGTGCAGT_003,62
ACAGCTCAACTATGTGCAGT_004,170
ACAGCTCAACTATGTGCAGT_005,124
ACAGCTCAACTATGTGCAGT_006,136
ACAGCTCAACTATGTGCAGT_007,142
ACAGCTCAACTATGTGCAGT_008,124
AGCATGGCATAAAAAGGGGG_001,12
AGCATGGCATAAAAAGGGGG_002,102
AGCATGGCATAAAAAGGGGG_003,28
AGCATGGCATAAAAAGGGGG_004,186
AGCATGGCATAAAAAGGGGG_005,74
AGCATGGCATAAAAAGGGGG_006,136
AGCATGGCATAAAAAGGGGG_007,23
AGCATGGCATAAAAAGGGGG_008,171
AGCATGGCATAAAAAGGGGG_009,43
AGCATGGCATAAAAAGGGGG_010,6
AGCATGGCATAAAAAGGGGG_011,191
AGCATTCGCCTACTCCGTGA_001,199
AGCATTCGCCTACTCCGTGA_002,129
AGCATTCGCCTACTCCGTGA_003,183
AGCATTCGCCTACTCCGTGA_004,5
AGCATTCGCCTACTCCGTGA_005,155
AGCATTCGCCTACTCCGTGA_006,94
AGCATTCGCCTACTCCGTGA_007,193
AGCATTCGCCTACTCCGTGA_008,73
AGCATTCGCCTACTCCGTGA_009,197
TGTGATTCCAAGATTATACA_001,109
AGGCTTCCCAAATCAAGTCG_001,85
AGGCTTCCCAAATCAAGTCG_002,53
AGGCTTCCCAAATCAAGTCG_003,106
AGGCTTCCCAAATCAAGTCG_004,94
AGGCTTCCCAAATCAAGTCG_005,158
AGGCTTCCCAAATCAAGTCG_006,89
AGGCTTCCCAAATCAAGTCG_007,122
AGGCTTCCCAAATCAAGTCG_008,54
AGGCTTCCCAAATCAAGTCG_009,55
AGGCTTCCCAAATCAAGTCG_010,131
AGGCTTCCCAAATCAAGTCG_011,28
AGGCTTCCCAAATCAAGTCG_012,152
AGGCTTCCCAAATCAAGTCG_013,90
AGGCTTCCCAAATCAAGTCG_014,69
AGGCTTCCCAAATCAAGTCG_015,118
AGGCTTCCCAAATCAAGTCG_016,37
AGGCTTCCCAAATCAAGTCG_017,105
GCCCACCTCACCCGCACACT_001,6
GCCCACCTCACCCGCACACT_002,156
GCCCACCTCACCCGCACACT_003,166
GCCCACCTCACCCGCACACT_004,183
GCCCACCTCACCCGCACACT_005,160
GCCCACCTCACCCGCACACT_006,36
GCCCACCTCACCCGCACACT_007,47
GCCCACCTCACCCGCACACT_008,66
GCCCACCTCACCCGCACACT_009,66
GCCCACCTCACCCGCACACT_010,163
GCCCACCTCACCCGCACACT_011,38
GCCCACCTCACCCGCACACT_012,165
GCCCACCTCACCCGCACACT_013,65
GCCCACCTCACCCGCACACT_014,145
GCCCACCTCACCCGCACACT_015,116
GCCCACCTCACCCGCACACT_016,25
GCCCACCTCACCCGCACACT_017,130
GCCCACCTCACCCGCACACT_018,110
GCCCACCTCACCCGCACACT_019,177
GCCCACCTCACCCGCACACT_020,50
GCCCACCTCACCCGCACACT_021,83
GCCCACCTCACCCGCACACT_022,15
GCCCACCTCACCCGCACACT_023,120
GCCCACCTCACCCGCACACT_024,155
GCCCACCTCACCCGCACACT_025,192
GCCCACCTCACCCGCACACT_026,185
GCCCACCTCACCCGCACACT_027,76
GCCCACCTCACCCGCACACT_028,122
GCCCACCTCACCCGCACACT_029,106
GCCCACCTCACCCGCACACT_030,28
GCCCACCTCACCCGCACACT_031,184
GCCCACCTCACCCGCACACT_032,35
TACGAGCTGCCAGTGAACGA_001,15
TACGAGCTGCCAGTGAACGA_002,24
TACGAGCTGCCAGTGAACGA_003,144
TACGAGCTGCCAGTGAACGA_004,135
TACGAGCTGCCAGTGAACGA_005,38
TACGAGCTGCCAGTGAACGA_006,153
TACGAGCTGCCAGTGAACGA_007,20
TACGAGCTGCCAGTGAACGA_008,99
TACGAGCTGCCAGTGAACGA_009,15
TACGAGCTGCCAGTGAACGA_010,149
TACGAGCTGCCAGTGAACGA_011,8
TACGAGCTGCCAGTGAACGA_012,5
TACGAGCTGCCAGTGAACGA_013,148
TACGAGCTGCCAGTGAACGA_014,88
TACGAGCTGCCAGTGAACGA_015,150
TACGAGCTGCCAGTGAACGA_016,88
TACGAGCTGCCAGTGAACGA_017,52
TACGAGCTGCCAGTGAACGA_018,38
TACGAGCTGCCAGTGAACGA_019,153
TACGAGCTGCCAGTGAACGA_020,118
TACGAGCTGCCAGTGAACGA_021,13
TACGAGCTGCCAGTGAACGA_022,140
TACGAGCTGCCAGTGAACGA_023,12
TACGAGCTGCCAGTGAACGA_024,142
TACGAGCTGCCAGTGAACGA_025,32
TACGAGCTGCCAGTGAACGA_026,19
TACGAGCTGCCAGTGAACGA_027,184
TACGAGCTGCCAGTGAACGA_028,37
TACGAGCTGCCAGTGAACGA_029,199
TACGAGCTGCCAGTGAACGA_030,43
TACGAGCTGCCAGTGAACGA_031,81
TACGAGCTGCCAGTGAACGA_032,77
TACGAGCTGCCAGTGAACGA_033,12
TACGAGCTGCCAGTGAACGA_034,106
TACGAGCTGCCAGTGAACGA_035,75
TCAAGATGCAAGTCAAACAC_001,176
TCAAGATGCAAGTCAAACAC_002,100
TCAAGATGCAAGTCAAACAC_003,40
CATCGACTGGAATATCCAAG_001,15
CATCGACTGGAATATCCAAG_002,145
CGCGGGAACTAACACTACCT_001,105
ATAATAATGGGATAGAGCCA_001,62
ATAATAATGGGATAGAGCCA_002,1
ATAATAATGGGATAGAGCCA_003,68
ATAATAATGGGATAGAGCCA_004,130
ATAATAATGGGATAGAGCCA_005,9
ATAATAATGGGATAGAGCCA_006,148
ATAATAATGGGATAGAGCCA_007,144
ATAATAATGGGATAGAGCCA_008,58
ATAATAATGGGATAGAGCCA_009,13
ATAATAATGGGATAGAGCCA_010,97
TGGGCGGCACCACCTGATAC_001,15
TCATAAGATAAGCCATGTAG_001,1
TCATAAGATAAGCCATGTAG_002,2
TCATAAGATAAGCCATGTAG_003,60
GACCTCGCATCAAATACTTG_001,160
GACCTCGCATCAAATACTTG_002,106
GACCTCGCATCAAATACTTG_003,188
GACCTCGCATCAAATACTTG_004,63
GACCTCGCATCAAATACTTG_005,10
TAACCCGCTTATAACCCGGT_001,115
AGAGTTAAAGCTGACATCAG_001,60
AGAGTTAAAGCTGACATCAG_002,170
AGAGTTAAAGCTGACATCAG_003,168
AGAGTTAAAGCTGACATCAG_004,106
AGAGTTAAAGCTGACATCAG_005,157
AGAGTTAAAGCTGACATCAG_006,147
AGAGTTAAAGCTGACATCAG_007,4
AGAGTTAAAGCTGACATCAG_008,70
CAGCTGCAGAAGGCGATGGT_001,34
CAGCTGCAGAAGGCGATGGT_002,43
CAGCTGCAGAAGGCGATGGT_003,173
CAGCTGCAGAAGGCGATGGT_004,121
CAGCTGCAGAAGGCGATGGT_005,82
CAGCTGCAGAAGGCGATGGT_006,121
CAGCTGCAGAAGGCGATGGT_007,178
CAGCTGCAGAAGGCGATGGT_008,105
CAGCTGCAGAAGGCGATGGT_009,41
CAGCTGCAGAAGGCGATGGT_010,157
CAGCTGCAGAAGGCGATGGT_011,159
CAGCTGCAGAAGGCGATGGT_012,85
CAGCTGCAGAAGGCGATGGT_013,133
CAGCTGCAGAAGGCGATGGT_014,120
GATTCAGGCCAACTACACTG_001,168
GATTCAGGCCAACTACACTG_002,1
GATTCAGGCCAACTACACTG_003,102
GATTCAGGCCAACTACACTG_004,1
GATTCAGGCCAACTACACTG_005,150
GATTCAGGCCAACTACACTG_006,16
GATTCAGGCCAACTACACTG_007,169
GATTCAGGCCAACTACACTG_008,128
GATTCAGGCCAACTACACTG_009,66
GATTCAGGCCAACTACACTG_010,171
GATTCAGGCCAACTACACTG_011,22
GATTCAGGCCAACTACACTG_012,46
GATTCAGGCCAACTACACTG_013,68
GATTCAGGCCAACTACACTG_014,162
GATTCAGGCCAACTACACTG_015,38
GATTCAGGCCAACTACACTG_016,2
GATTCAGGCCAACTACACTG_017,141
GATTCAGGCCAACTACACTG_018,62
GATTCAGGCCAACTACACTG_019,119
GATTCAGGCCAACTACACTG_020,137
GATTCAGGCCAACTACACTG_021,129
GATTCAGGCCAACTACACTG_022,13
AATATTGCTGGATCAAACCA_001,118
AATATTGCTGGATCAAACCA_002,115
AATATTGCTGGATCAAACCA_003,58
ACACCAACGTAAGCTGAGCG_001,160
ACACCAACGTAAGCTGAGCG_002,198
ACACCAACGTAAGCTGAGCG_003,42
ACACCAACGTAAGCTGAGCG_004,103
ACACCAACGTAAGCTGAGCG_005,14
ACACCAACGTAAGCTGAGCG_006,56
ACACCAACGTAAGCTGAGCG_007,34
ACACCAACGTAAGCTGAGCG_008,78
ACACCAACGTAAGCTGAGCG_009,160
ACACCAACGTAAGCTGAGCG_010,47
ACACCAACGTAAGCTGAGCG_011,108
ACACCAACGTAAGCTGAGCG_012,88
ACACCAACGTAAGCTGAGCG_013,3
ACACCAACGTAAGCTGAGCG_014,10
ACACCAACGTAAGCTGAGCG_015,118
ACACCAACGTAAGCTGAGCG_016,94
ATTGAGTAGAGCTTCTGACT_001,103
ATTGAGTAGAGCTTCTGACT_002,163
ATTGAGTAGAGCTTCTGACT_003,116
ATTGAGTAGAGCTTCTGACT_004,172
ATTGAGTAGAGCTTCTGACT_005,150
ATTGAGTAGAGCTTCTGACT_006,69
ATTGAGTAGAGCTTCTGACT_007,178
GTCGGCACGAATCTCATGAG_001,173
GTCGGCACGAATCTCATGAG_002,160
GTCGGCACGAATCTCATGAG_003,1
GTCGGCACGAATCTCATGAG_004,122
GTCGGCACGAATCTCATGAG_005,176
TCACTGACCACTCTTCGTCA_001,41
TCACTGACCACTCTTCGTCA_002,145
ACACTTTACACGAAAAACAT_001,48
ACACTTTACACGAAAAACAT_002,154
ACACTTTACACGAAAAACAT_003,174
ACACTTTACACGAAAAACAT_004,77
ACACTTTACACGAAAAACAT_005,9
CCAGACGGCAATCGACCAGA_001,17
CCAGACGGCAATCGACCAGA_002,1
CCAGACGGCAATCGACCAGA_003,25
CCAGACGGCAATCGACCAGA_004,150
CCAGACGGCAATCGACCAGA_005,125
TGCTGCGTACGGCGGCAAGG_001,62
TGCTGCGTACGGCGGCAAGG_002,172
TGCTGCGTACGGCGGCAAGG_003,27
TGCTGCGTACGGCGGCAAGG_004,148
TGCTGCGTACGGCGGCAAGG_005,145
TGCTGCGTACGGCGGCAAGG_006,0
TGCTGCGTACGGCGGCAAGG_007,29
TGCTGCGTACGGCGGCAAGG_008,140
TGCTGCGTACGGCGGCAAGG_009,167
TTCAGAGAGAGAGTCAACGT_001,159
TTCAGAGAGAGAGTCAACGT_002,62
TTCAGAGAGAGAGTCAACGT_003,138
TTCAGAGAGAGAGTCAACGT_004,15
TTCAGAGAGAGAGTCAACGT_005,176
TTCAGAGAGAGAGTCAACGT_006,23
TTCAGAGAGAGAGTCAACGT_007,93
TTCCTGCCAGACATAACCCA_001,191
TTCCTGCCAGACATAACCCA_002,2
TTCCTGCCAGACATAACCCA_003,101
TTCCTGCCAGACATAACCCA_004,172
TGAGAACAGAAAAGGTACAG_001,19
ATCTGGGACCTGAATAAACA_001,9
ATCTGGGACCTGAATAAACA_002,105
ATCTGGGACCTGAATAAACA_003,2
ATCTGGGACCTGAATAAACA_004,23
TCTGGCCCTCTAAAGACAGA_001,175
TCTGGCCCTCTAAAGACAGA_002,178
TCTGGCCCTCTAAAGACAGA_003,42
TCTGGCCCTCTAAAGACAGA_004,106
TCTGGCCCTCTAAAGACAGA_005,188
TCTGGCCCTCTAAAGACAGA_006,118
TCTGGCCCTCTAAAGACAGA_007,65
TCTGGCCCTCTAAAGACAGA_008,162
TCTGGCCCTCTAAAGACAGA_009,57
TCTGGCCCTCTAAAGACAGA_010,146
TCTGGCCCTCTAAAGACAGA_011,191
TCTGGCCCTCTAAAGACAGA_012,90
TCTGGCCCTCTAAAGACAGA_013,177
CTGGCGGAGCGACCACCACG_001,47
CTGGCGGAGCGACCACCACG_002,78
CTGGCGGAGCGACCACCACG_003,43
CTGGCGGAGCGACCACCACG_004,178
CTGGCGGAGCGACCACCACG_005,3
CTGGCGGAGCGACCACCACG_006,82
CTGGCGGAGCGACCACCACG_007,158
CTGGCGGAGCGACCACCACG_008,69
CTGGCGGAGCGACCACCACG_009,162
CTGGCGGAGCGACCACCACG_010,161
CTGGCGGAGCGACCACCACG_011,108
CTGGCGGAGCGACCACCACG_012,94
CTGGCGGAGCGACCACCACG_013,140
CTGGCGGAGCGACCACCACG_014,81
CTGGCGGAGCGACCACCACG_015,89
CTGGCGGAGCGACCACCACG_016,3
TGGGCTGTTTCCACCGTACG_001,183
CAAGCTCAAGAGGAATCCGG_001,88
CAAGCTCAAGAGGAATCCGG_002,80
CAAGCTCAAGAGGAATCCGG_003,170
CAAGCTCAAGAGGAATCCGG_004,30
CAAGCTCAAGAGGAATCCGG_005,174
CAAGCTCAAGAGGAATCCGG_006,191
GCCGATACTTCTCACTCTCT_001,74
GCCGATACTTCTCACTCTCT_002,44
GCCGATACTTCTCACTCTCT_003,121
GCCGATACTTCTCACTCTCT_004,180
GCCGATACTTCTCACTCTCT_005,184
GCCGATACTTCTCACTCTCT_006,124
ACAGGATCTCCCAGCACGCA_001,94
ACAGGATCTCCCAGCACGCA_002,64
ACAGGATCTCCCAGCACGCA_003,196
ACAGGATCTCCCAGCACGCA_004,172
ACAGGATCTCCCAGCACGCA_005,5
ACAGGATCTCCCAGCACGCA_006,112
ACAGGATCTCCCAGCACGCA_007,191
ACAGGATCTCCCAGCACGCA_008,58
ACAGGATCTCCCAGCACGCA_009,128
ACAGGATCTCCCAGCACGCA_010,180
ACAGGATCTCCCAGCACGCA_011,22
CCCGTCGGCGTCCTTCACTG_001,43
CCCGTCGGCGTCCTTCACTG_002,48
CCCGTCGGCGTCCTTCACTG_003,146
CCCGTCGGCGTCCTTCACTG_004,15
CCCGTCGGCGTCCTTCACTG_005,79
CCCGTCGGCGTCCTTCACTG_006,40
CCCGTCGGCGTCCTTCACTG_007,128
CCCGTCGGCGTCCTTCACTG_008,144
CCCGTCGGCGTCCTTCACTG_009,137
CCCGTCGGCGTCCTTCACTG_010,88
CCCGTCGGCGTCCTTCACTG_011,57
CCCGTCGGCGTCCTTCACTG_012,32
CCCGTCGGCGTCCTTCACTG_013,93
CCCGTCGGCGTCCTTCACTG_014,87
CCCGTCGGCGTCCTTCACTG_015,172
CCCGTCGGCGTCCTTCACTG_016,37
CCCGTCGGCGTCCTTCACTG_017,157
CCCGTCGGCGTCCTTCACTG_018,43
CCCGTCGGCGTCCTTCACTG_019,115
CCCGTCGGCGTCCTTCACTG_020,16
CCCGTCGGCGTCCTTCACTG_021,11
CCCGTCGGCGTCCTTCACTG_022,169
CCCGTCGGCGTCCTTCACTG_023,44
CCCGTCGGCGTCCTTCACTG_024,113
CCCGTCGGCGTCCTTCACTG_025,120
CCCGTCGGCGTCCTTCACTG_026,191
TCTCATCCAAGTCTCCCCCG_001,82
GACATTAGGAGCCAAATCAG_001,155
GACATTAGGAGCCAAATCAG_002,65
GACATTAGGAGCCAAATCAG_003,87
GACATTAGGAGCCAAATCAG_004,48
GACATTAGGAGCCAAATCAG_005,169
GACATTAGGAGCCAAATCAG_006,163
GACATTAGGAGCCAAATCAG_007,171
CTCCATCCCATCCATGACAG_001,196
CTCCATCCCATCCATGACAG_002,166
CTCCATCCCATCCATGACAG_003,126
CTCCATCCCATCCATGACAG_004,9
CTCCATCCCATCCATGACAG_005,184
CTCCATCCCATCCATGACAG_006,125
CTCCATCCCATCCATGACAG_007,3
CTCCATCCCATCCATGACAG_008,12
CTCCATCCCATCCATGACAG_009,133
CTCCATCCCATCCATGACAG_010,8
CTCCATCCCATCCATGACAG_011,98
CTCCATCCCATCCATGACAG_012,38
CTCCATCCCATCCATGACAG_013,52
CTCCATCCCATCCATGACAG_014,129
CTCCATCCCATCCATGACAG_015,5
CTCCATCCCATCCATGACAG_016,158
CTCCATCCCATCCATGACAG_017,160
CTCCATCCCATCCATGACAG_018,68
CTCCATCCCATCCATGACAG_019,13
ATCCATCAGTACCTGTCATG_001,48
ATCCATCAGTACCTGTCATG_002,12
ATCCATCAGTACCTGTCATG_003,49
ATCCATCAGTACCTGTCATG_004,18
ATCCATCAGTACCTGTCATG_005,174
ATCCATCAGTACCTGTCATG_006,49
ATCCATCAGTACCTGTCATG_007,69
ATCCATCAGTACCTGTCATG_008,52
ATCCATCAGTACCTGTCATG_009,84
ATCCATCAGTACCTGTCATG_010,80
ATCCATCAGTACCTGTCATG_011,94
ATCCATCAGTACCTGTCATG_012,134
CAACACGCGTTCAAATCCCA_001,56
CAACACGCGTTCAAATCCCA_002,158
CAACACGCGTTCAAATCCCA_003,88
CAACACGCGTTCAAATCCCA_004,197
CAACACGCGTTCAAATCCCA_005,151
CAACACGCGTTCAAATCCCA_006,67
CAACACGCGTTCAAATCCCA_007,18
ATGCCGTAAGAAACTTTGAG_001,192
ATGCCGTAAGAAACTTTGAG_002,96
ATGCCGTAAGAAACTTTGAG_003,62
ATGCCGTAAGAAACTTTGAG_004,153
ATGCCGTAAGAAACTTTGAG_005,98
TGAAGTCAAAGGCATCACCT_001,139
TGAAGTCAAAGGCATCACCT_002,13
TGAAGTCAAAGGCATCACCT_003,174
TGAAGTCAAAGGCATCACCT_004,86
TGAAGTCAAAGGCATCACCT_005,161
TGAAGTCAAAGGCATCACCT_006,65
TGAAGTCAAAGGCATCACCT_007,172
TGAAGTCAAAGGCATCACCT_008,83
TGAAGTCAAAGGCATCACCT_009,62
TGAAGTCAAAGGCATCACCT_010,129
TGAAGTCAAAGGCATCACCT_011,92
TGAAGTCAAAGGCATCACCT_012,127
TGAAGTCAAAGGCATCACCT_013,134
TGAAGTCAAAGGCATCACCT_014,144
TGAAGTCAAAGGCATCACCT_015,118
TGAAGTCAAAGGCATCACCT_016,160
TGAAGTCAAAGGCATCACCT_017,161
TGAAGTCAAAGGCATCACCT_018,113
TGAAGTCAAAGGCATCACCT_019,127
TGAAGTCAAAGGCATCACCT_020,174
CAAGTACAAGCTGAGCAAGA_001,170
CAAGTACAAGCTGAGCAAGA_002,150
CAAGTACAAGCTGAGCAAGA_003,6
CAAGTACAAGCTGAGCAAGA_004,134
CAAGTACAAGCTGAGCAAGA_005,39
TAAAGGATTTATCAAACCAG_001,5
GCCAGAAGCCCAACTTGACG_001,49
GCCAGAAGCCCAACTTGACG_002,1
GCCAGAAGCCCAACTTGACG_003,17
GCCAGAAGCCCAACTTGACG_004,5
GCCAGAAGCCCAACTTGACG_005,117
GCCAGAAGCCCAACTTGACG_006,41
GCCAGAAGCCCAACTTGACG_007,198
GCCAGAAGCCCAACTTGACG_008,60
GCCAGAAGCCCAACTTGACG_009,17
GCCAGAAGCCCAACTTGACG_010,147
GCCAGAAGCCCAACTTGACG_011,2
GCCAGAAGCCCAACTTGACG_012,186
GCCAGAAGCCCAACTTGACG_013,184
GCCAGAAGCCCAACTTGACG_014,17
GCCAGAAGCCCAACTTGACG_015,85
GCCAGAAGCCCAACTTGACG_016,116
GCCAGAAGCCCAACTTGACG_017,9
GCCAGAAGCCCAACTTGACG_018,105
GCCAGAAGCCCAACTTGACG_019,12
GTACAGGAGATCAATATAGC_001,9
GTACAGGAGATCAATATAGC_002,171
TGACGATGGCACAGTTAAGG_001,17
TGACGATGGCACAGTTAAGG_002,133
TGACGATGGCACAGTTAAGG_003,37
AGGTGGGAACCGTATCACAC_001,148
AGGTGGGAACCGTATCACAC_002,62
GGATTGATACTGTCAACCGG_001,156
GGATTGATACTGTCAACCGG_002,81
GGATTGATACTGTCAACCGG_003,165
CTGAAATCACGAGATACCTA_001,55
CTGAAATCACGAGATACCTA_002,8
CTGAAATCACGAGATACCTA_003,94
CTGAAATCACGAGATACCTA_004,72
GATGCATCACTACAATGCTG_001,142
GATGCATCACTACAATGCTG_002,76
GATGCATCACTACAATGCTG_003,128
GATGCATCACTACAATGCTG_004,28
GATGCATCACTACAATGCTG_005,191
GCCATAGGAAGTACAAGTCT_001,97
GCCATAGGAAGTACAAGTCT_002,29
GCCATAGGAAGTACAAGTCT_003,76
GCCATAGGAAGTACAAGTCT_004,72
GCCATAGGAAGTACAAGTCT_005,60
GCCATAGGAAGTACAAGTCT_006,184
GCCATAGGAAGTACAAGTCT_007,168
GCCATAGGAAGTACAAGTCT_008,40
GCCATAGGAAGTACAAGTCT_009,50
GCCATAGGAAGTACAAGTCT_010,48
GGTACGTGGTGTGCAACACG_001,193
GGTACGTGGTGTGCAACACG_002,97
GGTACGTGGTGTGCAACACG_003,44
TGCGCCAGCTACGAGGACTA_001,170
TGCGCCAGCTACGAGGACTA_002,199
TGCGCCAGCTACGAGGACTA_003,168
TGCGCCAGCTACGAGGACTA_004,43
TGCGCCAGCTACGAGGACTA_005,4
TGCGCCAGCTACGAGGACTA_006,149
TGCGCCAGCTACGAGGACTA_007,189
TGCGCCAGCTACGAGGACTA_008,177
TGCGCCAGCTACGAGGACTA_009,19
TGCGCCAGCTACGAGGACTA_010,88
TGCGCCAGCTACGAGGACTA_011,0
TGCGCCAGCTACGAGGACTA_012,36
TGGGACTCTGACGGACTGCG_001,1
TGGGACTCTGACGGACTGCG_002,16
TGGGACTCTGACGGACTGCG_003,17
TGGGACTCTGACGGACTGCG_004,172
TGGGACTCTGACGGACTGCG_005,96
TGGGACTCTGACGGACTGCG_006,53
TGGGACTCTGACGGACTGCG_007,2
TGGGACTCTGACGGACTGCG_008,110
TGGGACTCTGACGGACTGCG_009,94
TGGGACTCTGACGGACTGCG_010,50
CCCGGGCTTGGAATTCGGTG_001,125
CCCGGGCTTGGAATTCGGTG_002,166
CCCGGGCTTGGAATTCGGTG_003,166
CCCGGGCTTGGAATTCGGTG_004,34
CCCGGGCTTGGAATTCGGTG_005,105
CCCGGGCTTGGAATTCGGTG_006,129
CCCGGGCTTGGAATTCGGTG_007,168
CCCGGGCTTGGAATTCGGTG_008,110
CCCGGGCTTGGAATTCGGTG_009,145
CCCGGGCTTGGAATTCGGTG_010,145
CTTACCTGGGAGTCATTGAA_001,76
CTTACCTGGGAGTCATTGAA_002,198
CGATGCCAAGAACATGATGG_001,171
CGATGCCAAGAACATGATGG_002,194
CGATGCCAAGAACATGATGG_003,148
CGATGCCAAGAACATGATGG_004,175
CGATGCCAAGAACATGATGG_005,138
CGATGCCAAGAACATGATGG_006,61
GAGGAAGTGGAGCTGCAGAT_001,137
GAGGAAGTGGAGCTGCAGAT_002,147
GAGGAAGTGGAGCTGCAGAT_003,130
GAGGAAGTGGAGCTGCAGAT_004,15
GAGGAAGTGGAGCTGCAGAT_005,2
ATCCTATCCATATGTAGCAG_001,161
ATCCTATCCATATGTAGCAG_002,88
ATCCTATCCATATGTAGCAG_003,29
ATCCTATCCATATGTAGCAG_004,122
ATCCTATCCATATGTAGCAG_005,15
ATCCTATCCATATGTAGCAG_006,137
ATCCTATCCATATGTAGCAG_007,147
ATCCTATCCATATGTAGCAG_008,172
TTTACTGTACTTTCTAAAAG_001,69
TTTACTGTACTTTCTAAAAG_002,15
CCTGGTAGACTTAGACTACG_001,44
CCTGGTAGACTTAGACTACG_002,49
CCTGGTAGACTTAGACTACG_003,100
GCTTCCAAGTAGCACTCAGT_001,43
GCTTCCAAGTAGCACTCAGT_002,150
GCTTCCAAGTAGCACTCAGT_003,9
GCTTCCAAGTAGCACTCAGT_004,162
GCTTCCAAGTAGCACTCAGT_005,1
AGCCGGAGACTCCTTCGCCT_001,143
AGCCGGAGACTCCTTCGCCT_002,191
AGCCGGAGACTCCTTCGCCT_003,43
AGCCGGAGACTCCTTCGCCT_004,168
AGCCGGAGACTCCTTCGCCT_005,183
AGCCGGAGACTCCTTCGCCT_006,188
AGCCGGAGACTCCTTCGCCT_007,106
AGCCGGAGACTCCTTCGCCT_008,94
AGCCGGAGACTCCTTCGCCT_009,88
GGCTTATCTTGGTTGGACAG_001,23
GGCTTATCTTGGTTGGACAG_002,165
GGCTTATCTTGGTTGGACAG_003,107
GGCTTATCTTGGTTGGACAG_004,60
GGCTTATCTTGGTTGGACAG_005,63
GGCTTATCTTGGTTGGACAG_006,78
CTAGCGCGCGTACGAAGTGG_001,23
CTAGCGCGCGTACGAAGTGG_002,137
GTCTACATGCTCAAACACCA_001,94
GTCTACATGCTCAAACACCA_002,169
GTCTACATGCTCAAACACCA_003,118
GTCTACATGCTCAAACACCA_004,108
TTGAAGTACTACCTGTATCG_001,62
TTGAAGTACTACCTGTATCG_002,107
TTGAAGTACTACCTGTATCG_003,172
TTGAAGTACTACCTGTATCG_004,60
TTGAAGTACTACCTGTATCG_005,60
TTGAAGTACTACCTGTATCG_006,149
GGGCCCACGCTTCATGACGT_001,106
GGGCCCACGCTTCATGACGT_002,70
GGGCCCACGCTTCATGACGT_003,102
GGGCCCACGCTTCATGACGT_004,53
GGGCCCACGCTTCATGACGT_005,94
GGGCCCACGCTTCATGACGT_006,2
GGGCCCACGCTTCATGACGT_007,16
GGGCCCACGCTTCATGACGT_008,126
GGGCCCACGCTTCATGACGT_009,146
GGGCCCACGCTTCATGACGT_010,124
GGGCCCACGCTTCATGACGT_011,127
GGGCCCACGCTTCATGACGT_012,180
GGGCCCACGCTTCATGACGT_013,131
GGGCCCACGCTTCATGACGT_014,77
GGGCCCACGCTTCATGACGT_015,35
CTCGCCTGCAAAGTTGCAGG_001,15
CTCGCCTGCAAAGTTGCAGG_002,3
CTCGCCTGCAAAGTTGCAGG_003,69
CTCGCCTGCAAAGTTGCAGG_004,83
CTCGCCTGCAAAGTTGCAGG_005,169
CTCGCCTGCAAAGTTGCAGG_006,115
CTCGCCTGCAAAGTTGCAGG_007,72
TGGTGACGCACAGGGACAGA_001,134
TGGTGACGCACAGGGACAGA_002,197
TGGTGACGCACAGGGACAGA_003,54
TGGTGACGCACAGGGACAGA_004,77
TGGTGACGCACAGGGACAGA_005,11
TGGTGACGCACAGGGACAGA_006,1
TGGTGACGCACAGGGACAGA_007,136
TGGTGACGCACAGGGACAGA_008,59
TGGTGACGCACAGGGACAGA_009,127
CTCAGATGTTTGTACTACGA_001,42
CTCAGATGTTTGTACTACGA_002,23
CTCAGATGTTTGTACTACGA_003,103
CTCAGATGTTTGTACTACGA_004,56
ACGTTGATGCTCATTGAGAG_001,48
ACGTTGATGCTCATTGAGAG_002,146
ACGTTGATGCTCATTGAGAG_003,129
ACGTTGATGCTCATTGAGAG_004,40
ACGTTGATGCTCATTGAGAG_005,174
ACGTTGATGCTCATTGAGAG_006,134
ACGTTGATGCTCATTGAGAG_007,158
AGGGGGCTGAACTTACGTAG_001,119
AGGGGGCTGAACTTACGTAG_002,102
GCAAGCAATGCAATATCCCA_001,58
GCAAGCAATGCAATATCCCA_002,94
GCAAGCAATGCAATATCCCA_003,182
GCAAGCAATGCAATATCCCA_004,115
GCAAGCAATGCAATATCCCA_005,73
GCAAGCAATGCAATATCCCA_006,156
GCAAGCAATGCAATATCCCA_007,89
GCAAGCAATGCAATATCCCA_008,127
GCAAGCAATGCAATATCCCA_009,157
GCAAGCAATGCAATATCCCA_010,14
GCAGTACGAAAAGCAAATGG_001,77
GCAGTACGAAAAGCAAATGG_002,58
GCAGTACGAAAAGCAAATGG_003,18
CAGCTGCAAAGAGTCCACCC_001,55
CAGCTGCAAAGAGTCCACCC_002,151
TGGACTTGTAGGGATGCACC_001,22
TGGACTTGTAGGGATGCACC_002,121
CACAGGAGTGTGGCTAGTCA_001,63
CACAGGAGTGTGGCTAGTCA_002,77
CACAGGAGTGTGGCTAGTCA_003,63
CACAGGAGTGTGGCTAGTCA_004,116
CACAGGAGTGTGGCTAGTCA_005,70
CACAGGAGTGTGGCTAGTCA_006,17
CACAGGAGTGTGGCTAGTCA_007,166
CACAGGAGTGTGGCTAGTCA_008,108
CACAGGAGTGTGGCTAGTCA_009,163
CACAGGAGTGTGGCTAGTCA_010,149
CACAGGAGTGTGGCTAGTCA_011,188
CACAGGAGTGTGGCTAGTCA_012,34
CACAGGAGTGTGGCTAGTCA_013,63
CACAGGAGTGTGGCTAGTCA_014,90
CACAGGAGTGTGGCTAGTCA_015,12
CACAGGAGTGTGGCTAGTCA_016,162
GTGAAAACATTTGTGCGAGG_001,78
GTGAAAACATTTGTGCGAGG_002,176
CAAGGAAGATACAATGACGA_001,140
CAAGGAAGATACAATGACGA_002,2
CAAGGAAGATACAATGACGA_003,60
CAAGGAAGATACAATGACGA_004,76
CAAGGAAGATACAATGACGA_005,141
GGGAGCCTAAAGGTCGTGTG_001,19
GGGAGCCTAAAGGTCGTGTG_002,149
GGGAGCCTAAAGGTCGTGTG_003,68
GGGAGCCTAAAGGTCGTGTG_004,138
GGGAGCCTAAAGGTCGTGTG_005,48
GGGAGCCTAAAGGTCGTGTG_006,56
GGGAGCCTAAAGGTCGTGTG_007,40
GGGAGCCTAAAGGTCGTGTG_008,128
GGGAGCCTAAAGGTCGTGTG_009,193
GGGAGCCTAAAGGTCGTGTG_010,187
GGGAGCCTAAAGGTCGTGTG_011,63
GGGAGCCTAAAGGTCGTGTG_012,19
GGGAGCCTAAAGGTCGTGTG_013,113
GGGAGCCTAAAGGTCGTGTG_014,56
GGGAGCCTAAAGGTCGTGTG_015,49
GGGAGCCTAAAGGTCGTGTG_016,169
GGGAGCCTAAAGGTCGTGTG_017,27
GGGAGCCTAAAGGTCGTGTG_018,16
GGGAGCCTAAAGGTCGTGTG_019,72
GGGAGCCTAAAGGTCGTGTG_020,29
GGGAGCCTAAAGGTCGTGTG_021,60
GGGAGCCTAAAGGTCGTGTG_022,103
GGGAGCCTAAAGGTCGTGTG_023,137
GCGGACCAGGAGCAAGCTGT_001,149
GCGGACCAGGAGCAAGCTGT_002,63
GCGGACCAGGAGCAAGCTGT_003,149
GCGGACCAGGAGCAAGCTGT_004,92
GCGGACCAGGAGCAAGCTGT_005,170
GCGGACCAGGAGCAAGCTGT_006,2
GCGGACCAGGAGCAAGCTGT_007,11
GCGGACCAGGAGCAAGCTGT_008,48
GCGGACCAGGAGCAAGCTGT_009,70
GCGGACCAGGAGCAAGCTGT_010,29
GCGGACCAGGAGCAAGCTGT_011,98
GCGGACCAGGAGCAAGCTGT_012,182
GCGGACCAGGAGCAAGCTGT_013,104
GCGGACCAGGAGCAAGCTGT_014,148
GCGGACCAGGAGCAAGCTGT_015,136
GCGGACCAGGAGCAAGCTGT_016,141
GCGGACCAGGAGCAAGCTGT_017,147
GCGGACCAGGAGCAAGCTGT_018,103
GCGGACCAGGAGCAAGCTGT_019,28
GCGGACCAGGAGCAAGCTGT_020,17
GCGGACCAGGAGCAAGCTGT_021,130
GCGGACCAGGAGCAAGCTGT_022,68
GCGGACCAGGAGCAAGCTGT_023,127
GCGGACCAGGAGCAAGCTGT_024,56
GCGGACCAGGAGCAAGCTGT_025,126
GCGGACCAGGAGCAAGCTGT_026,130
GCGGACCAGGAGCAAGCTGT_027,96
GCGGACCAGGAGCAAGCTGT_028,30
CACCTTCAGAGATTCAATCG_001,111
CAGCTCAAAAGCCTGGCCAG_001,181
CAGCTCAAAAGCCTGGCCAG_002,80
CAGCTCAAAAGCCTGGCCAG_003,36
CAGCTCAAAAGCCTGGCCAG_004,63
CAGCTCAAAAGCCTGGCCAG_005,149
CAGCTCAAAAGCCTGGCCAG_006,169
CAGCTCAAAAGCCTGGCCAG_007,191
CAGCTCAAAAGCCTGGCCAG_008,23
CAGCTCAAAAGCCTGGCCAG_009,135
CAGCTCAAAAGCCTGGCCAG_010,168
CAGCTCAAAAGCCTGGCCAG_011,160
CAGCTCAAAAGCCTGGCCAG_012,149
CAGCTCAAAAGCCTGGCCAG_013,25
CAGCTCAAAAGCCTGGCCAG_014,166
CAGCTCAAAAGCCTGGCCAG_015,102
CAGCTCAAAAGCCTGGCCAG_016,61
CAGCTCAAAAGCCTGGCCAG_017,94
CAGCTCAAAAGCCTGGCCAG_018,123
CAGCTCAAAAGCCTGGCCAG_019,61
CAGCTCAAAAGCCTGGCCAG_020,52
CAGCTCAAAAGCCTGGCCAG_021,177
CAGCTCAAAAGCCTGGCCAG_022,194
CAGCTCAAAAGCCTGGCCAG_023,8
CAGCTCAAAAGCCTGGCCAG_024,128
CAGCTCAAAAGCCTGGCCAG_025,145
CAGCTCAAAAGCCTGGCCAG_026,13
CAGCTCAAAAGCCTGGCCAG_027,19
CAGCTCAAAAGCCTGGCCAG_028,49
CAGCTCAAAAGCCTGGCCAG_029,124
CAGCTCAAAAGCCTGGCCAG_030,141
ATGTCGGAGTAAGAGACACC_001,19
ATGTCGGAGTAAGAGACACC_002,175
ATGTCGGAGTAAGAGACACC_003,105
ATGTCGGAGTAAGAGACACC_004,169
ATGTCGGAGTAAGAGACACC_005,48
ATGTCGGAGTAAGAGACACC_006,187
ATGTCGGAGTAAGAGACACC_007,2
ATGTCGGAGTAAGAGACACC_008,29
AAGGACCGGATTTCCGACTG_001,156
AAGGACCGGATTTCCGACTG_002,2
AAGGACCGGATTTCCGACTG_003,43
AAGGACCGGATTTCCGACTG_004,184
AAGGACCGGATTTCCGACTG_005,162
AAGGACCGGATTTCCGACTG_006,174
AAGGACCGGATTTCCGACTG_007,47
AAGGACCGGATTTCCGACTG_008,131
AAGGACCGGATTTCCGACTG_009,92
AAGGACCGGATTTCCGACTG_010,91
AAGGACCGGATTTCCGACTG_011,78
AAGGACCGGATTTCCGACTG_012,162
GTTGACCTGGTGGTCTACAA_001,105
GTTGACCTGGTGGTCTACAA_002,48
GTTGACCTGGTGGTCTACAA_003,35
GTTGACCTGGTGGTCTACAA_004,142
GTTGACCTGGTGGTCTACAA_005,147
GTTGACCTGGTGGTCTACAA_006,65
GTTGACCTGGTGGTCTACAA_007,34
GTTGACCTGGTGGTCTACAA_008,46
GTTGACCTGGTGGTCTACAA_009,194
GTTGACCTGGTGGTCTACAA_010,129
GTTGACCTGGTGGTCTACAA_011,70
CTCACGTGGTCCCAACTCAG_001,8
CTCACGTGGTCCCAACTCAG_002,77
CTCACGTGGTCCCAACTCAG_003,143
CTCACGTGGTCCCAACTCAG_004,10
CATCCATAAACGGCTACCCC_001,77
CATCCATAAACGGCTACCCC_002,11
GCCAGTCGAAATCGGACTGT_001,42
GCCAGTCGAAATCGGACTGT_002,150
GCCAGTCGAAATCGGACTGT_003,36
GCCAGTCGAAATCGGACTGT_004,108
GCCAGTCGAAATCGGACTGT_005,61
GCCAGTCGAAATCGGACTGT_006,150
GCCAGTCGAAATCGGACTGT_007,115
GCCAGTCGAAATCGGACTGT_008,45
GCCAGTCGAAATCGGACTGT_009,130
GCCAGTCGAAATCGGACTGT_010,129
GCCAGTCGAAATCGGACTGT_011,174
GGAGCCTGGCCAAGTACAAG_001,96
GGAGCCTGGCCAAGTACAAG_002,60
GGAGCCTGGCCAAGTACAAG_003,12
GGAGCCTGGCCAAGTACAAG_004,41
GGAGCCTGGCCAAGTACAAG_005,35
GGAGCCTGGCCAAGTACAAG_006,112
TTCTTGAAGACAGGAAACAG_001,82
TTCTTGAAGACAGGAAACAG_002,177
TTCTTGAAGACAGGAAACAG_003,158
TTCTTGAAGACAGGAAACAG_004,88
GCACCACCTGAAGAAACTGG_001,18
GCACCACCTGAAGAAACTGG_002,176
GCACCACCTGAAGAAACTGG_003,154
TCTACAGCTAACTGTACCAA_001,149
TCTACAGCTAACTGTACCAA_002,50
TCTACAGCTAACTGTACCAA_003,94
TCTACAGCTAACTGTACCAA_004,54
TCTACAGCTAACTGTACCAA_005,43
TGACCATTGACTGGAACGAG_001,17
TGACCATTGACTGGAACGAG_002,154
TGACCATTGACTGGAACGAG_003,105
TGACCATTGACTGGAACGAG_004,123
TGACCATTGACTGGAACGAG_005,117
AATTATCTGAGAAAGACCAG_001,169
AATTATCTGAGAAAGACCAG_002,122
AATTATCTGAGAAAGACCAG_003,53
AATTATCTGAGAAAGACCAG_004,177
AATTATCTGAGAAAGACCAG_005,50
AATTATCTGAGAAAGACCAG_006,178
TATCTCTCAGGGACGCAAGT_001,42
TATCTCTCAGGGACGCAAGT_002,60
TATCTCTCAGGGACGCAAGT_003,67
TATCTCTCAGGGACGCAAGT_004,105
TATCTCTCAGGGACGCAAGT_005,106
TATCTCTCAGGGACGCAAGT_006,147
TATCTCTCAGGGACGCAAGT_007,66
TATCTCTCAGGGACGCAAGT_008,108
TATCTCTCAGGGACGCAAGT_009,14
TATCTCTCAGGGACGCAAGT_010,179
TATCTCTCAGGGACGCAAGT_011,14
AGCTCGCCATGTCGGTTCTC_001,41
AGCTCGCCATGTCGGTTCTC_002,150
AGCTCGCCATGTCGGTTCTC_003,185
AGCTCGCCATGTCGGTTCTC_004,15
AGCTCGCCATGTCGGTTCTC_005,157
AGCTCGCCATGTCGGTTCTC_006,115
AGCTCGCCATGTCGGTTCTC_007,60
AGCTCGCCATGTCGGTTCTC_008,105
AGCTCGCCATGTCGGTTCTC_009,34
AGCTCGCCATGTCGGTTCTC_010,182
AGCTCGCCATGTCGGTTCTC_011,176
AGCTCGCCATGTCGGTTCTC_012,2
AGCTCGCCATGTCGGTTCTC_013,30
AGCTCGCCATGTCGGTTCTC_014,41
AGCTCGCCATGTCGGTTCTC_015,197
AGCTCGCCATGTCGGTTCTC_016,169
AGCTCGCCATGTCGGTTCTC_017,71
AGCTCGCCATGTCGGTTCTC_018,48
AGCTCGCCATGTCGGTTCTC_019,147
AGCTCGCCATGTCGGTTCTC_020,2
AGCTCGCCATGTCGGTTCTC_021,147
AGCTCGCCATGTCGGTTCTC_022,62
AGCTCGCCATGTCGGTTCTC_023,29
AGCTCGCCATGTCGGTTCTC_024,74
AGCTCGCCATGTCGGTTCTC_025,91
AGCTCGCCATGTCGGTTCTC_026,23
CAGGAAGCACAAATACTCCA_001,94
CAGGAAGCACAAATACTCCA_002,190
CAGGAAGCACAAATACTCCA_003,61
CAGGAAGCACAAATACTCCA_004,138
CAGGAAGCACAAATACTCCA_005,156
CAGGAAGCACAAATACTCCA_006,158
CAGGAAGCACAAATACTCCA_007,137
CTTCAAGTATTTGTCCACAG_001,115
TATCCACAGTTAGACCAAGG_001,108
TATCCACAGTTAGACCAAGG_002,125
TATCCACAGTTAGACCAAGG_003,67
TATCCACAGTTAGACCAAGG_004,73
TATCCACAGTTAGACCAAGG_005,24
TATCCACAGTTAGACCAAGG_006,12
TATCCACAGTTAGACCAAGG_007,12
CGCGCTCATGGTGTTCCGAG_001,18
CGCGCTCATGGTGTTCCGAG_002,129
CGCGCTCATGGTGTTCCGAG_003,135
CGCGCTCATGGTGTTCCGAG_004,101
GCTGCCTGGACCCATATGCG_001,113
GCTGCCTGGACCCATATGCG_002,22
GCTGCCTGGACCCATATGCG_003,29
GCTGCCTGGACCCATATGCG_004,146
GCTGCCTGGACCCATATGCG_005,63
GCTGCCTGGACCCATATGCG_006,169
GCTGCCTGGACCCATATGCG_007,81
GCTGCCTGGACCCATATGCG_008,88
AGACAGCTCAGAATCATCAA_001,51
AGACAGCTCAGAATCATCAA_002,163
GACAGGCTCCAGTTCTACCG_001,65
GACAGGCTCCAGTTCTACCG_002,88
GACAGGCTCCAGTTCTACCG_003,162
GACAGGCTCCAGTTCTACCG_004,161
GACAGGCTCCAGTTCTACCG_005,43
ACTGTTGTCCCACCAACTTG_001,196
ACTGTTGTCCCACCAACTTG_002,99
GGAGAACTCGAGCACCACGA_001,96
GGAGAACTCGAGCACCACGA_002,75
GGAGAACTCGAGCACCACGA_003,47
GGAGAACTCGAGCACCACGA_004,50
GAAACCACAGCTGTGGAACG_001,130
GAAACCACAGCTGTGGAACG_002,88
GAAACCACAGCTGTGGAACG_003,101
GAAACCACAGCTGTGGAACG_004,70
GAAACCACAGCTGTGGAACG_005,55
GAAACCACAGCTGTGGAACG_006,76
ACTGCATTGTGACAACCCAT_001,88
ACTGCATTGTGACAACCCAT_002,107
ACTGCATTGTGACAACCCAT_003,106
ACTGCATTGTGACAACCCAT_004,128
ACTGCATTGTGACAACCCAT_005,14
ACTGCATTGTGACAACCCAT_006,23
ACCAGGCAAATATGTTGGAG_001,130
ACCAGGCAAATATGTTGGAG_002,68
ACCAGGCAAATATGTTGGAG_003,161
ACCAGGCAAATATGTTGGAG_004,158
CGAGATGAATCCCTCATACA_001,10
CGAGATGAATCCCTCATACA_002,29
CGAGATGAATCCCTCATACA_003,188
ACTGATAAGACCAAAAATCG_001,162
ACTGATAAGACCAAAAATCG_002,54
ACTGATAAGACCAAAAATCG_003,84
ACTGATAAGACCAAAAATCG_004,84
ACTGATAAGACCAAAAATCG_005,84
ACTGATAAGACCAAAAATCG_006,131
ACTGATAAGACCAAAAATCG_007,19
ACTGATAAGACCAAAAATCG_008,114
ATGGAAGGAAACACGGCTCG_001,130
ATGGAAGGAAACACGGCTCG_002,11
ATGGAAGGAAACACGGCTCG_003,155
ATGGAAGGAAACACGGCTCG_004,82
ATGGAAGGAAACACGGCTCG_005,57
ATGGAAGGAAACACGGCTCG_006,52
ACATGGTATACATCGCCTGT_001,23
ACATGGTATACATCGCCTGT_002,191
ACATGGTATACATCGCCTGT_003,5
ACATGGTATACATCGCCTGT_004,111
ACATGGTATACATCGCCTGT_005,34
ACATGGTATACATCGCCTGT_006,34
GGAACCGGACAGAGACCCGG_001,70
GGAACCGGACAGAGACCCGG_002,1
GGAACCGGACAGAGACCCGG_003,168
GGAACCGGACAGAGACCCGG_004,105
GGAACCGGACAGAGACCCGG_005,58
GGAACCGGACAGAGACCCGG_006,16
GGAACCGGACAGAGACCCGG_007,140
GGAACCGGACAGAGACCCGG_008,11
GGAACCGGACAGAGACCCGG_009,162
GGAACCGGACAGAGACCCGG_010,101
GGAACCGGACAGAGACCCGG_011,108
GGAACCGGACAGAGACCCGG_012,97
TCTCGAATGGAAGAAGAAGG_001,133
TCTCGAATGGAAGAAGAAGG_002,150
TCTCGAATGGAAGAAGAAGG_003,48
TTTCTTCACTGGTCACACTG_001,161
TTTCTTCACTGGTCACACTG_002,118
TTTCTTCACTGGTCACACTG_003,23
TTTCTTCACTGGTCACACTG_004,120
TTTCTTCACTGGTCACACTG_005,39
TTTCTTCACTGGTCACACTG_006,17
TTTCTTCACTGGTCACACTG_007,81
TTTCTTCACTGGTCACACTG_008,115
TTTCTTCACTGGTCACACTG_009,103
TTTCTTCACTGGTCACACTG_010,160
TTTCTTCACTGGTCACACTG_011,177
TTTCTTCACTGGTCACACTG_012,155
TTTCTTCACTGGTCACACTG_013,13
TTTCTTCACTGGTCACACTG_014,162
TTTCTTCACTGGTCACACTG_015,57
TTTCTTCACTGGTCACACTG_016,156
TTTCTTCACTGGTCACACTG_017,145
TTTCTTCACTGGTCACACTG_018,14
TTTCTTCACTGGTCACACTG_019,139
TTTCTTCACTGGTCACACTG_020,3
TTTCTTCACTGGTCACACTG_021,87
TTTCTTCACTGGTCACACTG_022,8
TTTCTTCACTGGTCACACTG_023,48
GCTCGCACTATGTGGAAGCG_001,19
GCTCGCACTATGTGGAAGCG_002,3
GCTCGCACTATGTGGAAGCG_003,94
GCTCGCACTATGTGGAAGCG_004,94
GCTCGCACTATGTGGAAGCG_005,191
AATCCAGAGAGAAATCGCCC_001,158
AATCCAGAGAGAAATCGCCC_002,58
AATCCAGAGAGAAATCGCCC_003,1
GAAAAGAGCAAAGCTTGCAG_001,183
GAAAAGAGCAAAGCTTGCAG_002,101
GAAAAGAGCAAAGCTTGCAG_003,45
GAAAAGAGCAAAGCTTGCAG_004,78
GAAAAGAGCAAAGCTTGCAG_005,90
GAAAAGAGCAAAGCTTGCAG_006,190
GAAAAGAGCAAAGCTTGCAG_007,186
GAAAAGAGCAAAGCTTGCAG_008,91
GAAAAGAGCAAAGCTTGCAG_009,50
GAAAAGAGCAAAGCTTGCAG_010,16
GAAAAGAGCAAAGCTTGCAG_011,78
GAAAAGAGCAAAGCTTGCAG_012,192
GAAAAGAGCAAAGCTTGCAG_013,198
GAAAAGAGCAAAGCTTGCAG_014,113
GAAAAGAGCAAAGCTTGCAG_015,12
GAAAAGAGCAAAGCTTGCAG_016,10
GAAAAGAGCAAAGCTTGCAG_017,78
GAAAAGAGCAAAGCTTGCAG_018,188
GAAAAGAGCAAAGCTTGCAG_019,150
GAAAAGAGCAAAGCTTGCAG_020,115
GAAAAGAGCAAAGCTTGCAG_021,90
ATTACCCACAACAATAACCT_001,149
AACTGAACAGGTCACCAACA_001,169
AACTGAACAGGTCACCAACA_002,170
AACTGAACAGGTCACCAACA_003,15
AACTGAACAGGTCACCAACA_004,9
AACTGAACAGGTCACCAACA_005,50
AACTGAACAGGTCACCAACA_006,115
AACTGAACAGGTCACCAACA_007,113
AACTGAACAGGTCACCAACA_008,142
AACTGAACAGGTCACCAACA_009,105
CTCAAACTCACGGAGCAGCA_001,198
CTCAAACTCACGGAGCAGCA_002,1
CTCAAACTCACGGAGCAGCA_003,113
CTCAAACTCACGGAGCAGCA_004,113
CTCAAACTCACGGAGCAGCA_005,73
CTCAAACTCACGGAGCAGCA_006,67
CTCAAACTCACGGAGCAGCA_007,192
CTCAAACTCACGGAGCAGCA_008,68
CTCAAACTCACGGAGCAGCA_009,153
CTCAAACTCACGGAGCAGCA_010,175
CTCAAACTCACGGAGCAGCA_011,169
CTCAAACTCACGGAGCAGCA_012,127
CTCAAACTCACGGAGCAGCA_013,41
CTCAAACTCACGGAGCAGCA_014,146
CTCAAACTCACGGAGCAGCA_015,57
CTCAAACTCACGGAGCAGCA_016,144
CTCAAACTCACGGAGCAGCA_017,75
CTCAAACTCACGGAGCAGCA_018,63
CCTCGGGCGTAAATACTCAT_001,60
CCTCGGGCGTAAATACTCAT_002,134
CCTCGGGCGTAAATACTCAT_003,9
CCTCGGGCGTAAATACTCAT_004,40
CCTCGGGCGTAAATACTCAT_005,178
CCTCGGGCGTAAATACTCAT_006,122
CCTCGGGCGTAAATACTCAT_007,34
CCTCGGGCGTAAATACTCAT_008,130
CCTCGGGCGTAAATACTCAT_009,9
CCTCGGGCGTAAATACTCAT_010,170
CCTCGGGCGTAAATACTCAT_011,9
CCTCGGGCGTAAATACTCAT_012,116
GTTTGGTGCTCTCACAAATG_001,59
GCAGGCAATGAGGATAGGGG_001,128
GCAGGCAATGAGGATAGGGG_002,59
GCAGGCAATGAGGATAGGGG_003,182
GCAGGCAATGAGGATAGGGG_004,191
GCAGGCAATGAGGATAGGGG_005,32
GCAGGCAATGAGGATAGGGG_006,40
GCAGGCAATGAGGATAGGGG_007,30
GCAGGCAATGAGGATAGGGG_008,148
GCAGGCAATGAGGATAGGGG_009,53
GCAGGCAATGAGGATAGGGG_010,97
GCAGGCAATGAGGATAGGGG_011,41
GCAGGCAATGAGGATAGGGG_012,177
GCAGGCAATGAGGATAGGGG_013,21
GCAGGCAATGAGGATAGGGG_014,174
GCAGGCAATGAGGATAGGGG_015,58
GCAGGCAATGAGGATAGGGG_016,172
TCCTCAGCCACGGAAATGAG_001,78
TCCTCAGCCACGGAAATGAG_002,121
TCCTCAGCCACGGAAATGAG_003,62
TCCTCAGCCACGGAAATGAG_004,94
TCCTCAGCCACGGAAATGAG_005,50
TCCTCAGCCACGGAAATGAG_006,148
TCCTCAGCCACGGAAATGAG_007,178
TCCTCAGCCACGGAAATGAG_008,104
TCCTCAGCCACGGAAATGAG_009,56
TCCTCAGCCACGGAAATGAG_010,184
TCCTCAGCCACGGAAATGAG_011,84
TCCTCAGCCACGGAAATGAG_012,136
TCCTCAGCCACGGAAATGAG_013,46
TCCTCAGCCACGGAAATGAG_014,158
TCTAAGAAGGAACACCACCG_001,63
TCTAAGAAGGAACACCACCG_002,41
TCTAAGAAGGAACACCACCG_003,8
TCTAAGAAGGAACACCACCG_004,60
TCTAAGAAGGAACACCACCG_005,125
TCTAAGAAGGAACACCACCG_006,47
TCTAAGAAGGAACACCACCG_007,132
TCTAAGAAGGAACACCACCG_008,93
TCTAAGAAGGAACACCACCG_009,93
TCTAAGAAGGAACACCACCG_010,78
TCTAAGAAGGAACACCACCG_011,9
TCTAAGAAGGAACACCACCG_012,137
TCTAAGAAGGAACACCACCG_013,61
TCTAAGAAGGAACACCACCG_014,148
TCTAAGAAGGAACACCACCG_015,50
TCTAAGAAGGAACACCACCG_016,58
TCTAAGAAGGAACACCACCG_017,36
TCTAAGAAGGAACACCACCG_018,147
TCTAAGAAGGAACACCACCG_019,177
TCTAAGAAGGAACACCACCG_020,27
TCTAAGAAGGAACACCACCG_021,29
TCTAAGAAGGAACACCACCG_022,70
TCTAAGAAGGAACACCACCG_023,167
CCAGCACCACGCACACGATG_001,1
CCAGCACCACGCACACGATG_002,29
CCAGCACCACGCACACGATG_003,187
CCAGCACCACGCACACGATG_004,15
CCAGCACCACGCACACGATG_005,170
CCAGCACCACGCACACGATG_006,185
CCAGCACCACGCACACGATG_007,40
CCAGCACCACGCACACGATG_008,152
CCAGCACCACGCACACGATG_009,70
AAACGGTGCCTGTAAGTACG_001,177
AAACGGTGCCTGTAAGTACG_002,185
AAACGGTGCCTGTAAGTACG_003,172
AAACGGTGCCTGTAAGTACG_004,41
CCAGATGATAGTTATCGGCA_001,12
CCAGATGATAGTTATCGGCA_002,112
CCAGATGATAGTTATCGGCA_003,1
CCAGATGATAGTTATCGGCA_004,150
CCAGATGATAGTTATCGGCA_005,75
CCAGATGATAGTTATCGGCA_006,23
CCAGATGATAGTTATCGGCA_007,23
CCTCTTATAGATCGTTACTG_001,45
CCTCTTATAGATCGTTACTG_002,13
CCTCTTATAGATCGTTACTG_003,147
CCTCTTATAGATCGTTACTG_004,170
CCTCTTATAGATCGTTACTG_005,136
CCTCTTATAGATCGTTACTG_006,6
GTTGAGTAATGTGTGAAGAC_001,137
GTTGAGTAATGTGTGAAGAC_002,83
GTTGAGTAATGTGTGAAGAC_003,13
GTTGAGTAATGTGTGAAGAC_004,88
GTTGAGTAATGTGTGAAGAC_005,194
TCTTCCCGACCCAGCTAACA_001,27
TCTTCCCGACCCAGCTAACA_002,58
TCTTCCCGACCCAGCTAACA_003,117
TCTTCCCGACCCAGCTAACA_004,158
TCTTCCCGACCCAGCTAACA_005,159
TCTTCCCGACCCAGCTAACA_006,32
TCTTCCCGACCCAGCTAACA_007,36
TCTTCCCGACCCAGCTAACA_008,88
TTCATAGATAAGAACCCCCA_001,173
TTCATAGATAAGAACCCCCA_002,56
TTCATAGATAAGAACCCCCA_003,81
TTCATAGATAAGAACCCCCA_004,128
TCACTTGGTATACTGTGAAG_001,156
GCAGAAGCGGCACCGCCATG_001,1
GCAGAAGCGGCACCGCCATG_002,106
GCAGAAGCGGCACCGCCATG_003,12
GCAGAAGCGGCACCGCCATG_004,189
GCAGAAGCGGCACCGCCATG_005,184
GCAGAAGCGGCACCGCCATG_006,191
GCAGAAGCGGCACCGCCATG_007,48
GCAGAAGCGGCACCGCCATG_008,176
GCAGAAGCGGCACCGCCATG_009,113
GCAGAAGCGGCACCGCCATG_010,185
GCAGAAGCGGCACCGCCATG_011,120
GCAGAAGCGGCACCGCCATG_012,113
GCAGAAGCGGCACCGCCATG_013,185
GCAGAAGCGGCACCGCCATG_014,172
GCAGAAGCGGCACCGCCATG_015,192
GCAGAAGCGGCACCGCCATG_016,9
GCAGAAGCGGCACCGCCATG_017,158
GCAGAAGCGGCACCGCCATG_018,39
GCAGAAGCGGCACCGCCATG_019,166
GCAGAAGCGGCACCGCCATG_020,181
GCAGAAGCGGCACCGCCATG_021,1
GCAGAAGCGGCACCGCCATG_022,8
GCAGAAGCGGCACCGCCATG_023,137
ACAGCCCGCTGGATCACCGT_001,65
ACAGCCCGCTGGATCACCGT_002,29
ACAGCCCGCTGGATCACCGT_003,72
ACAGCCCGCTGGATCACCGT_004,20
ACAGCCCGCTGGATCACCGT_005,56
ATGGCCGGGAAGGTCAATCA_001,149
ATGGCCGGGAAGGTCAATCA_002,103
ATGGCCGGGAAGGTCAATCA_003,3
ATGGCCGGGAAGGTCAATCA_004,2
ATGGCCGGGAAGGTCAATCA_005,146
ATGGCCGGGAAGGTCAATCA_006,140
ATGGCCGGGAAGGTCAATCA_007,92
ATGGCCGGGAAGGTCAATCA_008,36
ATGGCCGGGAAGGTCAATCA_009,36
ATGGCCGGGAAGGTCAATCA_010,199
ATGGCCGGGAAGGTCAATCA_011,199
ATGGCCGGGAAGGTCAATCA_012,124
ATGGCCGGGAAGGTCAATCA_013,174
ATGGCCGGGAAGGTCAATCA_014,124
ATGGCCGGGAAGGTCAATCA_015,152
ATGGCCGGGAAGGTCAATCA_016,149
ATGGCCGGGAAGGTCAATCA_017,91
ATGGCCGGGAAGGTCAATCA_018,124
GTGGCATCTTGCAATTCAGG_001,137
GTGGCATCTTGCAATTCAGG_002,118
GGCCTCACCTGTGTTCGAAG_001,83
GGCCTCACCTGTGTTCGAAG_002,140
GGCCTCACCTGTGTTCGAAG_003,130
GGCCTCACCTGTGTTCGAAG_004,77
GGCCTCACCTGTGTTCGAAG_005,125
GGCCCAAGAAGAAAGCCATG_001,127
GGCCCAAGAAGAAAGCCATG_002,165
GGCCCAAGAAGAAAGCCATG_003,63
GGCCCAAGAAGAAAGCCATG_004,115
GGCCCAAGAAGAAAGCCATG_005,88
AGAGCAAAGTATTTCAATGT_001,122
AGAGCAAAGTATTTCAATGT_002,56
AGAGCAAAGTATTTCAATGT_003,27
AGAGCAAAGTATTTCAATGT_004,162
AGAGCAAAGTATTTCAATGT_005,160
CAACTCATTGCAAGAACGTG_001,32
CAACTCATTGCAAGAACGTG_002,136
CAACTCATTGCAAGAACGTG_003,166
CAACTCATTGCAAGAACGTG_004,68
CGCCCACATGATGTACACGC_001,38
CGCCCACATGATGTACACGC_002,53
CGCCCACATGATGTACACGC_003,57
CGCCCACATGATGTACACGC_004,24
CGCCCACATGATGTACACGC_005,5
CGCCCACATGATGTACACGC_006,46
GACCCCCCAGGCCAACACGT_001,87
GACCCCCCAGGCCAACACGT_002,34
GACCCCCCAGGCCAACACGT_003,183
GACCCCCCAGGCCAACACGT_004,115
GACCCCCCAGGCCAACACGT_005,78
GACCCCCCAGGCCAACACGT_006,188
GACCCCCCAGGCCAACACGT_007,147
GACCCCCCAGGCCAACACGT_008,185
GACCCCCCAGGCCAACACGT_009,20
GACCCCCCAGGCCAACACGT_010,77
GACCCCCCAGGCCAACACGT_011,77
GACCCCCCAGGCCAACACGT_012,102
GACCCCCCAGGCCAACACGT_013,181
GACCCCCCAGGCCAACACGT_014,168
GACCCCCCAGGCCAACACGT_015,7
GACCCCCCAGGCCAACACGT_016,156
GACCCCCCAGGCCAACACGT_017,190
GACCCCCCAGGCCAACACGT_018,78
GACCCCCCAGGCCAACACGT_019,174
GACCCCCCAGGCCAACACGT_020,148
GACCCCCCAGGCCAACACGT_021,32
GACCCCCCAGGCCAACACGT_022,8
GACCCCCCAGGCCAACACGT_023,72
GACCCCCCAGGCCAACACGT_024,55
GACCCCCCAGGCCAACACGT_025,192
GACCCCCCAGGCCAACACGT_026,12
GACCCCCCAGGCCAACACGT_027,102
GACCCCCCAGGCCAACACGT_028,147
GACCCCCCAGGCCAACACGT_029,27
GACCCCCCAGGCCAACACGT_030,28
GACCCCCCAGGCCAACACGT_031,119
GACCCCCCAGGCCAACACGT_032,184
GACCCCCCAGGCCAACACGT_033,184
GACCCCCCAGGCCAACACGT_034,103
GACCCCCCAGGCCAACACGT_035,59
GACCCCCCAGGCCAACACGT_036,49
GACCCCCCAGGCCAACACGT_037,84
GACCCCCCAGGCCAACACGT_038,142
GACCCCCCAGGCCAACACGT_039,24
GACCCCCCAGGCCAACACGT_040,21
GACCCCCCAGGCCAACACGT_041,56
GACCCCCCAGGCCAACACGT_042,46
GACCCCCCAGGCCAACACGT_043,78
GACCCCCCAGGCCAACACGT_044,61
GACCCCCCAGGCCAACACGT_045,125
GACCCCCCAGGCCAACACGT_046,63
GACCCCCCAGGCCAACACGT_047,19
GACCCCCCAGGCCAACACGT_048,192
GACCCCCCAGGCCAACACGT_049,65
GACCCCCCAGGCCAACACGT_050,137
GACCCCCCAGGCCAACACGT_051,103
TCCTCATGCTTATAATGTTG_001,189
GCCGTGTCAGTTTCAACTTG_001,88
GCCGTGTCAGTTTCAACTTG_002,38
GCCGTGTCAGTTTCAACTTG_003,48
GCCGTGTCAGTTTCAACTTG_004,65
GCCGTGTCAGTTTCAACTTG_005,140
GCCGTGTCAGTTTCAACTTG_006,35
GCCGTGTCAGTTTCAACTTG_007,107
GCCGTGTCAGTTTCAACTTG_008,121
ACTGAGGCGTCCAAAGCAGT_001,157
ACTGAGGCGTCCAAAGCAGT_002,43
ACTGAGGCGTCCAAAGCAGT_003,63
ACTGAGGCGTCCAAAGCAGT_004,27
ACTGAGGCGTCCAAAGCAGT_005,60
ACTGAGGCGTCCAAAGCAGT_006,141
ACTGAGGCGTCCAAAGCAGT_007,113
ACTGAGGCGTCCAAAGCAGT_008,157
ACTGAGGCGTCCAAAGCAGT_009,114
ACTGAGGCGTCCAAAGCAGT_010,21
ACTGAGGCGTCCAAAGCAGT_011,83
AGCCGCTCCAAGTCCACTCG_001,85
AGCCGCTCCAAGTCCACTCG_002,150
AGCCGCTCCAAGTCCACTCG_003,197
AGCCGCTCCAAGTCCACTCG_004,150
AGCCGCTCCAAGTCCACTCG_005,44
AGCCGCTCCAAGTCCACTCG_006,4
AGCCGCTCCAAGTCCACTCG_007,4
AGCCGCTCCAAGTCCACTCG_008,144
AGCCGCTCCAAGTCCACTCG_009,177
AGCCGCTCCAAGTCCACTCG_010,65
AGCCGCTCCAAGTCCACTCG_011,29
AGCCGCTCCAAGTCCACTCG_012,13
AGCCGCTCCAAGTCCACTCG_013,75
AGCCGCTCCAAGTCCACTCG_014,142
AGCCGCTCCAAGTCCACTCG_015,148
AGCCGCTCCAAGTCCACTCG_016,113
AGCCGCTCCAAGTCCACTCG_017,6
AGCCGCTCCAAGTCCACTCG_018,196
AGCCGCTCCAAGTCCACTCG_019,178
AGCCGCTCCAAGTCCACTCG_020,197
AGCCGCTCCAAGTCCACTCG_021,145
AGCCGCTCCAAGTCCACTCG_022,129
AGCCGCTCCAAGTCCACTCG_023,2
AGCCGCTCCAAGTCCACTCG_024,88
AGCCGCTCCAAGTCCACTCG_025,67
AGCCGCTCCAAGTCCACTCG_026,16
AGCCGCTCCAAGTCCACTCG_027,184
AGCCGCTCCAAGTCCACTCG_028,77
AGCCGCTCCAAGTCCACTCG_029,58
AGCCGCTCCAAGTCCACTCG_030,184
AGCCGCTCCAAGTCCACTCG_031,168
AGCCGCTCCAAGTCCACTCG_032,63
AGCCGCTCCAAGTCCACTCG_033,135
AGCCGCTCCAAGTCCACTCG_034,135
AGCCGCTCCAAGTCCACTCG_035,77
AGCCGCTCCAAGTCCACTCG_036,70
TAAAACAAAGTCTATGCAGG_001,152
TAAAACAAAGTCTATGCAGG_002,152
TAAAACAAAGTCTATGCAGG_003,63
TAAAACAAAGTCTATGCAGG_004,107
TAAAACAAAGTCTATGCAGG_005,2
TAAGCATGAGTAGTGACAGA_001,19
TAAGCATGAGTAGTGACAGA_002,181
TAAGCATGAGTAGTGACAGA_003,146
TAAGCATGAGTAGTGACAGA_004,116
TAAGCATGAGTAGTGACAGA_005,1
TAAGCATGAGTAGTGACAGA_006,25
TAAGCATGAGTAGTGACAGA_007,108
TAAGCATGAGTAGTGACAGA_008,88
TAAGCATGAGTAGTGACAGA_009,12
TAAGCATGAGTAGTGACAGA_010,160
CGGAAAATTTACGACCAGCA_001,68
CGGAAAATTTACGACCAGCA_002,14
CGGAAAATTTACGACCAGCA_003,68
ACGCTTGACATTCATGGACG_001,6
ACGCTTGACATTCATGGACG_002,139
ACGCTTGACATTCATGGACG_003,161
ACGCTTGACATTCATGGACG_004,20
ACGCTTGACATTCATGGACG_005,162
ACGCTTGACATTCATGGACG_006,138
ACGCTTGACATTCATGGACG_007,84
ACGCTTGACATTCATGGACG_008,41
AATACTGCCAATGTAGGGGT_001,118
AATACTGCCAATGTAGGGGT_002,20
AATACTGCCAATGTAGGGGT_003,156
AATACTGCCAATGTAGGGGT_004,93
AATACTGCCAATGTAGGGGT_005,190
AATACTGCCAATGTAGGGGT_006,184
AATACTGCCAATGTAGGGGT_007,191
AATACTGCCAATGTAGGGGT_008,37
ATATTGCATTACTAAACCTA_001,35
ATATTGCATTACTAAACCTA_002,88
ATATTGCATTACTAAACCTA_003,127
GTCATGCCTTATTCAACATG_001,26
GTCATGCCTTATTCAACATG_002,29
CACAAACCACAAATCTGTCA_001,168
CACAAACCACAAATCTGTCA_002,34
CACAAACCACAAATCTGTCA_003,169
CACAAACCACAAATCTGTCA_004,10
AAGCAATGGTACTTGCCCGG_001,181
AAGCAATGGTACTTGCCCGG_002,1
AAGCAATGGTACTTGCCCGG_003,76
AAGCAATGGTACTTGCCCGG_004,162
AAGCAATGGTACTTGCCCGG_005,104
AAGCAATGGTACTTGCCCGG_006,28
AAGCAATGGTACTTGCCCGG_007,188
AAGCAATGGTACTTGCCCGG_008,176
AAGCAATGGTACTTGCCCGG_009,137
AAGCAATGGTACTTGCCCGG_010,102
AAGCAATGGTACTTGCCCGG_011,94
AAGCAATGGTACTTGCCCGG_012,51
AAGCAATGGTACTTGCCCGG_013,62
AAGGCCATGCGTAGTCACGA_001,43
AAGGCCATGCGTAGTCACGA_002,68
AAGGCCATGCGTAGTCACGA_003,7
AAGGCCATGCGTAGTCACGA_004,124
AAGGCCATGCGTAGTCACGA_005,63
AAGGCCATGCGTAGTCACGA_006,18
AAGGCCATGCGTAGTCACGA_007,77
AAGGCCATGCGTAGTCACGA_008,41
AAGGCCATGCGTAGTCACGA_009,41
AAGGCCATGCGTAGTCACGA_010,160
AAGGCCATGCGTAGTCACGA_011,162
AAGGCCATGCGTAGTCACGA_012,102
AAGGCCATGCGTAGTCACGA_013,117
GTTGAACCATAAGTAGATCG_001,174
GTTGAACCATAAGTAGATCG_002,11
GTTGAACCATAAGTAGATCG_003,76
GTTGAACCATAAGTAGATCG_004,61
GTTGAACCATAAGTAGATCG_005,181
GTTGAACCATAAGTAGATCG_006,181
GTTGAACCATAAGTAGATCG_007,46
GTTGAACCATAAGTAGATCG_008,63
GCACAGTCAAAGTCAGCAAA_001,68
GCACAGTCAAAGTCAGCAAA_002,63
GCACAGTCAAAGTCAGCAAA_003,45
GCACAGTCAAAGTCAGCAAA_004,7
GCACAGTCAAAGTCAGCAAA_005,148
GCACAGTCAAAGTCAGCAAA_006,20
GCACAGTCAAAGTCAGCAAA_007,185
GCACAGTCAAAGTCAGCAAA_008,195
GCACAGTCAAAGTCAGCAAA_009,113
GCACAGTCAAAGTCAGCAAA_010,6
GCACAGTCAAAGTCAGCAAA_011,28
GCACAGTCAAAGTCAGCAAA_012,3
TCTTAGTGCTCTCCACAAAG_001,4
TCTTAGTGCTCTCCACAAAG_002,65
TCTTAGTGCTCTCCACAAAG_003,41
TTCCATCAATAACAGACCCA_001,172
TTCCATCAATAACAGACCCA_002,4
TTCCATCAATAACAGACCCA_003,154
TTCCATCAATAACAGACCCA_004,176
TTCCATCAATAACAGACCCA_005,127
TTCCATCAATAACAGACCCA_006,95
TTCCATCAATAACAGACCCA_007,176
TTCCATCAATAACAGACCCA_008,105
TTCCATCAATAACAGACCCA_009,58
TTCCATCAATAACAGACCCA_010,6
TTCCATCAATAACAGACCCA_011,180
AGCCGCGGTAGGCCCCCGAG_001,146
AGCCGCGGTAGGCCCCCGAG_002,181
AGCCGCGGTAGGCCCCCGAG_003,27
AGCCGCGGTAGGCCCCCGAG_004,91
AGCCGCGGTAGGCCCCCGAG_005,148
AGCCGCGGTAGGCCCCCGAG_006,165
AGCCGCGGTAGGCCCCCGAG_007,62
AGCCGCGGTAGGCCCCCGAG_008,94
AGCCGCGGTAGGCCCCCGAG_009,61
AGCCGCGGTAGGCCCCCGAG_010,32
AGCCGCGGTAGGCCCCCGAG_011,94
AGCCGCGGTAGGCCCCCGAG_012,148
AGCCGCGGTAGGCCCCCGAG_013,25
AGCCGCGGTAGGCCCCCGAG_014,7
AGCCGCGGTAGGCCCCCGAG_015,129
AGCCGCGGTAGGCCCCCGAG_016,163
AGTGTTTGAGCCAAACGAGT_001,188
AGTGTTTGAGCCAAACGAGT_002,186
AGTGTTTGAGCCAAACGAGT_003,74
AGTGTTTGAGCCAAACGAGT_004,188
AGTGTTTGAGCCAAACGAGT_005,184
AGTGTTTGAGCCAAACGAGT_006,170
AGTGTTTGAGCCAAACGAGT_007,186
GGACATCATAGAGCGCTCGT_001,65
GGACATCATAGAGCGCTCGT_002,60
GGACATCATAGAGCGCTCGT_003,96
GGACATCATAGAGCGCTCGT_004,67
GGACATCATAGAGCGCTCGT_005,17
GGACATCATAGAGCGCTCGT_006,162
GGACATCATAGAGCGCTCGT_007,41
GGACATCATAGAGCGCTCGT_008,10
CACAGAAGCATATGACCCCA_001,143
CACAGAAGCATATGACCCCA_002,166
CACAGAAGCATATGACCCCA_003,149
CACAGAAGCATATGACCCCA_004,68
CACAGAAGCATATGACCCCA_005,136
CACAGAAGCATATGACCCCA_006,95
TGGGGTCAGTCTTACCCACG_001,115
TGGGGTCAGTCTTACCCACG_002,178
TGGGGTCAGTCTTACCCACG_003,130
GAGTGTTCTGGACACCAACA_001,127
GAGTGTTCTGGACACCAACA_002,138
GAGTGTTCTGGACACCAACA_003,70
GAGTGTTCTGGACACCAACA_004,60
GAGTGTTCTGGACACCAACA_005,170
GAGTGTTCTGGACACCAACA_006,82
GAGTGTTCTGGACACCAACA_007,52
GAGTGTTCTGGACACCAACA_008,63
GAGTGTTCTGGACACCAACA_009,14
GAGTGTTCTGGACACCAACA_010,166
GAGTGTTCTGGACACCAACA_011,184
GAGTGTTCTGGACACCAACA_012,166
GAGTGTTCTGGACACCAACA_013,3
GAGTGTTCTGGACACCAACA_014,17
GAGTGTTCTGGACACCAACA_015,138
GAGTGTTCTGGACACCAACA_016,33
GAGTGTTCTGGACACCAACA_017,124
GATCTGGGCGTTGCACAGGT_001,115
GATCTGGGCGTTGCACAGGT_002,169
GATCTGGGCGTTGCACAGGT_003,130
GATCTGGGCGTTGCACAGGT_004,148
GATCTGGGCGTTGCACAGGT_005,166
GATCTGGGCGTTGCACAGGT_006,61
GATCTGGGCGTTGCACAGGT_007,5
GATCTGGGCGTTGCACAGGT_008,80
GATCTGGGCGTTGCACAGGT_009,80
GATCTGGGCGTTGCACAGGT_010,187
GATCTGGGCGTTGCACAGGT_011,3
GATCTGGGCGTTGCACAGGT_012,61
GCGCCACAGTCAAGGACACG_001,117
GCGCCACAGTCAAGGACACG_002,166
TGCTTAGGCCATCGAGTCAG_001,127
TGCTTAGGCCATCGAGTCAG_002,2
ATTTGCCCCAGGAAACCTCA_001,82
ATTTGCCCCAGGAAACCTCA_002,53
ATTTGCCCCAGGAAACCTCA_003,76
ATTTGCCCCAGGAAACCTCA_004,100
ATTTGCCCCAGGAAACCTCA_005,95
ATTTGCCCCAGGAAACCTCA_006,110
ATTTGCCCCAGGAAACCTCA_007,10
ATTTGCCCCAGGAAACCTCA_008,174
GAGAGCCCAGTTCACCGCCG_001,145
GAGAGCCCAGTTCACCGCCG_002,76
GAGAGCCCAGTTCACCGCCG_003,145
GAGAGCCCAGTTCACCGCCG_004,171
GAGAGCCCAGTTCACCGCCG_005,32
GAGAGCCCAGTTCACCGCCG_006,188
GAGAGCCCAGTTCACCGCCG_007,108
GAGAGCCCAGTTCACCGCCG_008,4
GAGAGCCCAGTTCACCGCCG_009,176
GAGAGCCCAGTTCACCGCCG_010,162
GAGAGCCCAGTTCACCGCCG_011,29
GAGAGCCCAGTTCACCGCCG_012,127
GAGAGCCCAGTTCACCGCCG_013,6
GAGAGCCCAGTTCACCGCCG_014,48
GAGAGCCCAGTTCACCGCCG_015,117
AGAGATCCTGGCCAGCCCTG_001,126
AGAGATCCTGGCCAGCCCTG_002,94
AGAGATCCTGGCCAGCCCTG_003,181
AGAGATCCTGGCCAGCCCTG_004,66
AGAGATCCTGGCCAGCCCTG_005,185
AGAGATCCTGGCCAGCCCTG_006,8
AGAGATCCTGGCCAGCCCTG_007,33
CGATCTTGGCGTACAGCTCG_001,43
CGATCTTGGCGTACAGCTCG_002,85
CGATCTTGGCGTACAGCTCG_003,26
CGATCTTGGCGTACAGCTCG_004,84
CGATCTTGGCGTACAGCTCG_005,173
GCAGGCAGGCACTCACAGAC_001,8
GCAGGCAGGCACTCACAGAC_002,160
GCAGGCAGGCACTCACAGAC_003,169
GCAGGCAGGCACTCACAGAC_004,51
GCAGGCAGGCACTCACAGAC_005,166
GCAGGCAGGCACTCACAGAC_006,24
GCAGGCAGGCACTCACAGAC_007,53
GCAGGCAGGCACTCACAGAC_008,84
GCAGGCAGGCACTCACAGAC_009,75
GCAGGCAGGCACTCACAGAC_010,98
GCAGGCAGGCACTCACAGAC_011,67
GCAGGCAGGCACTCACAGAC_012,185
GCAGGCAGGCACTCACAGAC_013,20
GCAGGCAGGCACTCACAGAC_014,182
GCAGGCAGGCACTCACAGAC_015,148
GCAGGCAGGCACTCACAGAC_016,140
GCAGGCAGGCACTCACAGAC_017,10
GCAGGCAGGCACTCACAGAC_018,8
GCAGGCAGGCACTCACAGAC_019,48
GCAGGCAGGCACTCACAGAC_020,127
GCAGGCAGGCACTCACAGAC_021,182
GCAGGCAGGCACTCACAGAC_022,1
GCAGGCAGGCACTCACAGAC_023,42
GGCACTAGCTACAAAAACCG_001,145
GGCACTAGCTACAAAAACCG_002,145
GGCACTAGCTACAAAAACCG_003,94
GGCACTAGCTACAAAAACCG_004,122
GGCACTAGCTACAAAAACCG_005,56
GGCACTAGCTACAAAAACCG_006,50
CCTCGGCGCTCCCGCCCCGG_001,163
CCTCGGCGCTCCCGCCCCGG_002,4
CCTCGGCGCTCCCGCCCCGG_003,102
CCTCGGCGCTCCCGCCCCGG_004,114
CCTCGGCGCTCCCGCCCCGG_005,127
CCTCGGCGCTCCCGCCCCGG_006,37
CCTCGGCGCTCCCGCCCCGG_007,162
CCTCGGCGCTCCCGCCCCGG_008,1
CCTCGGCGCTCCCGCCCCGG_009,69
CCTCGGCGCTCCCGCCCCGG_010,16
CCTCGGCGCTCCCGCCCCGG_011,138
CCTCGGCGCTCCCGCCCCGG_012,8
CCTCGGCGCTCCCGCCCCGG_013,192
CCTCGGCGCTCCCGCCCCGG_014,71
CCTCGGCGCTCCCGCCCCGG_015,107
CCTCGGCGCTCCCGCCCCGG_016,38
CCTCGGCGCTCCCGCCCCGG_017,67
CCTCGGCGCTCCCGCCCCGG_018,69
CCTCGGCGCTCCCGCCCCGG_019,158
CCTCGGCGCTCCCGCCCCGG_020,3
TTAATGACGGCATAGAAACC_001,4
CGAACTTCAAAAGCCTGCCG_001,137
CGAACTTCAAAAGCCTGCCG_002,114
CGAACTTCAAAAGCCTGCCG_003,114
CGAACTTCAAAAGCCTGCCG_004,113
CGAACTTCAAAAGCCTGCCG_005,88
CGAACTTCAAAAGCCTGCCG_006,190
CGAACTTCAAAAGCCTGCCG_007,145
CGAACTTCAAAAGCCTGCCG_008,149
CGAACTTCAAAAGCCTGCCG_009,158
CGAACTTCAAAAGCCTGCCG_010,155
CGAACTTCAAAAGCCTGCCG_011,153
CGAACTTCAAAAGCCTGCCG_012,37
AGCTCATCGAGAGTGCACAC_001,105
AGCTCATCGAGAGTGCACAC_002,94
AGCTCATCGAGAGTGCACAC_003,89
AGCTCATCGAGAGTGCACAC_004,102
AGCTCATCGAGAGTGCACAC_005,41
AGCTCATCGAGAGTGCACAC_006,107
AGCTCATCGAGAGTGCACAC_007,96
AGCTCATCGAGAGTGCACAC_008,49
AGCTCATCGAGAGTGCACAC_009,8
AGCTCATCGAGAGTGCACAC_010,198
AGCTCATCGAGAGTGCACAC_011,25
AGCTCATCGAGAGTGCACAC_012,75
AGCTCATCGAGAGTGCACAC_013,182
AGCTCATCGAGAGTGCACAC_014,59
AGCTCATCGAGAGTGCACAC_015,105
AGCTCATCGAGAGTGCACAC_016,19
AGCTCATCGAGAGTGCACAC_017,23
AGCTCATCGAGAGTGCACAC_018,19
AGCTCATCGAGAGTGCACAC_019,16
AGCTCATCGAGAGTGCACAC_020,177
AGCTCATCGAGAGTGCACAC_021,16
AGCTCATCGAGAGTGCACAC_022,169
AGCTCATCGAGAGTGCACAC_023,27
AGCTCATCGAGAGTGCACAC_024,104
AGCTCATCGAGAGTGCACAC_025,68
AGCTCATCGAGAGTGCACAC_026,81
AGCTCATCGAGAGTGCACAC_027,191
AGCTCATCGAGAGTGCACAC_028,136
AGCTCATCGAGAGTGCACAC_029,177
AGCTCATCGAGAGTGCACAC_030,13
AGCTCATCGAGAGTGCACAC_031,46
AGCTCATCGAGAGTGCACAC_032,152
AGCTCATCGAGAGTGCACAC_033,129
AGCTCATCGAGAGTGCACAC_034,127
ATCTAGGTACTCATATTCGG_001,31
ATCTAGGTACTCATATTCGG_002,183
CATGGCACCATCGTTCAGCT_001,23
CATGGCACCATCGTTCAGCT_002,48
CATGGCACCATCGTTCAGCT_003,150
CATGGCACCATCGTTCAGCT_004,76
CATGGCACCATCGTTCAGCT_005,124
GCAGATTGATGAAAGAACCC_001,112
GCCAAACCCAGTGTTACTGA_001,77
ATATCCGACATATAGCAGGA_001,112
AAAGGCTGCTGATGACACCT_001,108
AAAGGCTGCTGATGACACCT_002,133
AAAGGCTGCTGATGACACCT_003,58
AAAGGCTGCTGATGACACCT_004,199
AAAGGCTGCTGATGACACCT_005,25
AAAGGCTGCTGATGACACCT_006,127
AAAGGCTGCTGATGACACCT_007,40
AAAGGCTGCTGATGACACCT_008,167
AAAGGCTGCTGATGACACCT_009,136
AAAGGCTGCTGATGACACCT_010,162
AAAGGCTGCTGATGACACCT_011,123
AAAGGCTGCTGATGACACCT_012,68
GTACAGGGATCTGTTTGCAG_001,42
GTACAGGGATCTGTTTGCAG_002,96
GTACAGGGATCTGTTTGCAG_003,2
GTACAGGGATCTGTTTGCAG_004,1
TCACACCAGCAATCTCAGTG_001,3
TCACACCAGCAATCTCAGTG_002,108
TCACACCAGCAATCTCAGTG_003,142
TCACACCAGCAATCTCAGTG_004,3
TCACACCAGCAATCTCAGTG_005,63
TCACACCAGCAATCTCAGTG_006,142
TCACACCAGCAATCTCAGTG_007,153
TCCCGCCGGCCATCGAACTG_001,195
TCCCGCCGGCCATCGAACTG_002,114
TCCCGCCGGCCATCGAACTG_003,49
TCCCGCCGGCCATCGAACTG_004,177
TCCCGCCGGCCATCGAACTG_005,87
TCCCGCCGGCCATCGAACTG_006,198
TTGACTAAGATAACACGCAC_001,11
TTGACTAAGATAACACGCAC_002,68
TTGACTAAGATAACACGCAC_003,151
TTGACTAAGATAACACGCAC_004,147
TTGACTAAGATAACACGCAC_005,94
TTGACTAAGATAACACGCAC_006,122
TTGACTAAGATAACACGCAC_007,151
TTGACTAAGATAACACGCAC_008,81
TTGACTAAGATAACACGCAC_009,127
TTGACTAAGATAACACGCAC_010,141
TTGACTAAGATAACACGCAC_011,142
TTGACTAAGATAACACGCAC_012,75
TTGACTAAGATAACACGCAC_013,141
TTGACTAAGATAACACGCAC_014,1
TTGACTAAGATAACACGCAC_015,131
TTGACTAAGATAACACGCAC_016,13
TTGACTAAGATAACACGCAC_017,180
TTGACTAAGATAACACGCAC_018,105
TTGACTAAGATAACACGCAC_019,170
AACCTGGGTTTCAACCACAT_001,168
AACCTGGGTTTCAACCACAT_002,15
AACCTGGGTTTCAACCACAT_003,63
AACCTGGGTTTCAACCACAT_004,79
AACCTGGGTTTCAACCACAT_005,82
AACCTGGGTTTCAACCACAT_006,78
AACCTGGGTTTCAACCACAT_007,158
AACCTGGGTTTCAACCACAT_008,11
AACCTGGGTTTCAACCACAT_009,142
AACCTGGGTTTCAACCACAT_010,10
TTCATGCATGTTCATGACCG_001,55
TTCATGCATGTTCATGACCG_002,27
TTCATGCATGTTCATGACCG_003,70
TTCATGCATGTTCATGACCG_004,184
AAATGACCGGGGATCTAAGG_001,141
AAATGACCGGGGATCTAAGG_002,24
AAATGACCGGGGATCTAAGG_003,150
GACTGACATGTCTCGACCTG_001,0
GACTGACATGTCTCGACCTG_002,125
GACTGACATGTCTCGACCTG_003,87
GATCGACAAGTAACAGACCT_001,15
GATCGACAAGTAACAGACCT_002,178
GATCGACAAGTAACAGACCT_003,64
GATCGACAAGTAACAGACCT_004,24
GATCGACAAGTAACAGACCT_005,130
GATCGACAAGTAACAGACCT_006,1
GATCGACAAGTAACAGACCT_007,110
GATCGACAAGTAACAGACCT_008,99
GATCGACAAGTAACAGACCT_009,88
GATCGACAAGTAACAGACCT_010,48
GATCGACAAGTAACAGACCT_011,12
GATCGACAAGTAACAGACCT_012,88
GATCGACAAGTAACAGACCT_013,145
GATCGACAAGTAACAGACCT_014,12
GATCGACAAGTAACAGACCT_015,162
GATCGACAAGTAACAGACCT_016,170
ATAGGGCGATTGGTAAAAGA_001,80
ATAGGGCGATTGGTAAAAGA_002,155
CATGTGTACTGAGTTATCCT_001,15
CATGTGTACTGAGTTATCCT_002,191
CATGTGTACTGAGTTATCCT_003,138
CATGTGTACTGAGTTATCCT_004,175
CATGTGTACTGAGTTATCCT_005,182
CATGTGTACTGAGTTATCCT_006,183
CATGTGTACTGAGTTATCCT_007,27
CATGTGTACTGAGTTATCCT_008,108
CATGTGTACTGAGTTATCCT_009,115
CATGTGTACTGAGTTATCCT_010,166
CATGTGTACTGAGTTATCCT_011,138
GCTATATCCTCAACTTCCTG_001,91
ATATTTCCAATAATAGGAAG_001,109
ATATTTCCAATAATAGGAAG_002,6
GCACAAGAACTCTACAGCAG_001,141
GCACAAGAACTCTACAGCAG_002,118
GCACAAGAACTCTACAGCAG_003,18
GCACAAGAACTCTACAGCAG_004,168
GCACAAGAACTCTACAGCAG_005,2
GCACAAGAACTCTACAGCAG_006,149
GCACAAGAACTCTACAGCAG_007,66
GGCAGAAGGACCCCTTACAG_001,24
GGCAGAAGGACCCCTTACAG_002,38
GGCAGAAGGACCCCTTACAG_003,64
GGCAGAAGGACCCCTTACAG_004,95
GGCAGAAGGACCCCTTACAG_005,82
GGCAGAAGGACCCCTTACAG_006,58
GGCAGAAGGACCCCTTACAG_007,126
GGCAGAAGGACCCCTTACAG_008,18
GAGAAGGCTGAGTATACTTG_001,178
GAGAAGGCTGAGTATACTTG_002,185
GAGAAGGCTGAGTATACTTG_003,126
GAGAAGGCTGAGTATACTTG_004,111
GGAGCCCCACGACATAACCA_001,171
GGAGCCCCACGACATAACCA_002,166
GGAGCCCCACGACATAACCA_003,149
GGAGCCCCACGACATAACCA_004,184
GGAGCCCCACGACATAACCA_005,84
GGAGCCCCACGACATAACCA_006,81
GGAGCCCCACGACATAACCA_007,174
GGAGCCCCACGACATAACCA_008,81
GGAGCCCCACGACATAACCA_009,61
GGAGCCCCACGACATAACCA_010,75
GGAGCCCCACGACATAACCA_011,42
GGAGCCCCACGACATAACCA_012,78
GGAGCCCCACGACATAACCA_013,35
GGAGCCCCACGACATAACCA_014,9
GGAGCCCCACGACATAACCA_015,69
GTATGAACTAGTGCACACGC_001,88
GTCATCTAGACAAACGGACT_001,102
GTCATCTAGACAAACGGACT_002,102
GTCATCTAGACAAACGGACT_003,96
GTCATCTAGACAAACGGACT_004,55
GTCATCTAGACAAACGGACT_005,118
AGCCGCAGCCACCATCACGG_001,84
AGCCGCAGCCACCATCACGG_002,113
AGCCGCAGCCACCATCACGG_003,41
AGCCGCAGCCACCATCACGG_004,143
AGCCGCAGCCACCATCACGG_005,76
AGCCGCAGCCACCATCACGG_006,94
AGCCGCAGCCACCATCACGG_007,94
AGCCGCAGCCACCATCACGG_008,81
AGCCGCAGCCACCATCACGG_009,16
AGCCGCAGCCACCATCACGG_010,53
AGCCGCAGCCACCATCACGG_011,181
AGCCGCAGCCACCATCACGG_012,100
AGCCGCAGCCACCATCACGG_013,116
AGCCGCAGCCACCATCACGG_014,137
AGCCGCAGCCACCATCACGG_015,26
TCATCACAGTGATGCTTGCG_001,44
TCATCACAGTGATGCTTGCG_002,1
TCATCACAGTGATGCTTGCG_003,49
TCATCACAGTGATGCTTGCG_004,190
TCATCACAGTGATGCTTGCG_005,141
TTCTACACTCGCCGTCCAAG_001,168
TTCTACACTCGCCGTCCAAG_002,9
TTCTACACTCGCCGTCCAAG_003,150
TTCTACACTCGCCGTCCAAG_004,101
TTCTACACTCGCCGTCCAAG_005,53
TTCTACACTCGCCGTCCAAG_006,81
TTCTACACTCGCCGTCCAAG_007,174
TTCTACACTCGCCGTCCAAG_008,32
TTCTACACTCGCCGTCCAAG_009,139
TTCTACACTCGCCGTCCAAG_010,181
TTCTACACTCGCCGTCCAAG_011,78
TTCTACACTCGCCGTCCAAG_012,106
TTCTACACTCGCCGTCCAAG_013,175
TTCTACACTCGCCGTCCAAG_014,144
TTCTACACTCGCCGTCCAAG_015,141
TTCTACACTCGCCGTCCAAG_016,16
GAACTCGCTGGTGTAGAACG_001,6
GAACTCGCTGGTGTAGAACG_002,97
GAACTCGCTGGTGTAGAACG_003,94
GAACTCGCTGGTGTAGAACG_004,123
GAACTCGCTGGTGTAGAACG_005,119
GAACTCGCTGGTGTAGAACG_006,161
GAACTCGCTGGTGTAGAACG_007,108
GAACTCGCTGGTGTAGAACG_008,22
GAACTCGCTGGTGTAGAACG_009,8
GAACTCGCTGGTGTAGAACG_010,16
GAACTCGCTGGTGTAGAACG_011,159
GAACTCGCTGGTGTAGAACG_012,60
GAACTCGCTGGTGTAGAACG_013,27
GAACTCGCTGGTGTAGAACG_014,29
GAACTCGCTGGTGTAGAACG_015,20
GAACTCGCTGGTGTAGAACG_016,135
GAACTCGCTGGTGTAGAACG_017,88
GGTGGCGTCCAAAAGACACC_001,175
GGTGGCGTCCAAAAGACACC_002,48
ACAGTGCTTCGCGTGCTACG_001,43
ACAGTGCTTCGCGTGCTACG_002,146
ACAGTGCTTCGCGTGCTACG_003,157
ACAGTGCTTCGCGTGCTACG_004,180
ACAGTGCTTCGCGTGCTACG_005,8
ACAGTGCTTCGCGTGCTACG_006,118
ACAGTGCTTCGCGTGCTACG_007,29
ACAGTGCTTCGCGTGCTACG_008,20
AGCGCGGTGGGTGAGAACGG_001,94
AGCGCGGTGGGTGAGAACGG_002,114
AGCGCGGTGGGTGAGAACGG_003,62
AGCGCGGTGGGTGAGAACGG_004,129
AGCGCGGTGGGTGAGAACGG_005,178
AGCGCGGTGGGTGAGAACGG_006,154
AGCGCGGTGGGTGAGAACGG_007,72
AGCGCGGTGGGTGAGAACGG_008,109
AGCGCGGTGGGTGAGAACGG_009,42
AGCGCGGTGGGTGAGAACGG_010,2
AGCGCGGTGGGTGAGAACGG_011,29
AGCGCGGTGGGTGAGAACGG_012,106
AGCGCGGTGGGTGAGAACGG_013,77
AGCGCGGTGGGTGAGAACGG_014,163
AGCGCGGTGGGTGAGAACGG_015,193
AGCGCGGTGGGTGAGAACGG_016,40
AGCGCGGTGGGTGAGAACGG_017,58
AGCGCGGTGGGTGAGAACGG_018,77
AGCGCGGTGGGTGAGAACGG_019,29
AGCGCGGTGGGTGAGAACGG_020,67
AGCGCGGTGGGTGAGAACGG_021,181
AGCGCGGTGGGTGAGAACGG_022,12
AGCGCGGTGGGTGAGAACGG_023,68
AGCGCGGTGGGTGAGAACGG_024,149
AGCGCGGTGGGTGAGAACGG_025,30
AGCGCGGTGGGTGAGAACGG_026,40
AGCGCGGTGGGTGAGAACGG_027,182
AGCGCGGTGGGTGAGAACGG_028,8
AGCGCGGTGGGTGAGAACGG_029,77
AGCGCGGTGGGTGAGAACGG_030,151
AGCGCGGTGGGTGAGAACGG_031,56
AGCGCGGTGGGTGAGAACGG_032,103
AGCGCGGTGGGTGAGAACGG_033,182
AGCGCGGTGGGTGAGAACGG_034,149
AGCGCGGTGGGTGAGAACGG_035,88
AGCGCGGTGGGTGAGAACGG_036,196
AGCGCGGTGGGTGAGAACGG_037,108
AGCGCGGTGGGTGAGAACGG_038,70
AGCGCGGTGGGTGAGAACGG_039,58
AGCGCGGTGGGTGAGAACGG_040,22
AGCGCGGTGGGTGAGAACGG_041,89
AGCGCGGTGGGTGAGAACGG_042,103
AGCGCGGTGGGTGAGAACGG_043,30
AGCGCGGTGGGTGAGAACGG_044,58
AGCGCGGTGGGTGAGAACGG_045,199
AGCGCGGTGGGTGAGAACGG_046,144
AGCGCGGTGGGTGAGAACGG_047,34
AGCGCGGTGGGTGAGAACGG_048,34
AGCGCGGTGGGTGAGAACGG_049,185
AGCGCGGTGGGTGAGAACGG_050,169
AGCGCGGTGGGTGAGAACGG_051,166
AGCGCGGTGGGTGAGAACGG_052,118
AGCGCGGTGGGTGAGAACGG_053,127
AGCGCGGTGGGTGAGAACGG_054,106
AGCGCGGTGGGTGAGAACGG_055,27
AGCGCGGTGGGTGAGAACGG_056,155
AGCGCGGTGGGTGAGAACGG_057,57
AGCGCGGTGGGTGAGAACGG_058,91
AGCGCGGTGGGTGAGAACGG_059,74
AGCGCGGTGGGTGAGAACGG_060,136
AGCGCGGTGGGTGAGAACGG_061,28
AGCGCGGTGGGTGAGAACGG_062,174
ACAGAAACTCGCAAAATGGG_001,174
ACAGAAACTCGCAAAATGGG_002,182
ACAGAAACTCGCAAAATGGG_003,65
ACAGAAACTCGCAAAATGGG_004,9
ACAGAAACTCGCAAAATGGG_005,168
ACAGAAACTCGCAAAATGGG_006,76
ACAGAAACTCGCAAAATGGG_007,191
ACAGAAACTCGCAAAATGGG_008,108
ACAGAAACTCGCAAAATGGG_009,10
ACAGAAACTCGCAAAATGGG_010,142
GACTATAGGACTGACTACAG_001,88
GACTATAGGACTGACTACAG_002,169
GACTATAGGACTGACTACAG_003,100
GACTATAGGACTGACTACAG_004,162
AGAGAACATCCTCTACACTG_001,9
AGAGAACATCCTCTACACTG_002,82
AGAGAACATCCTCTACACTG_003,14
AGAGAACATCCTCTACACTG_004,103
AGAGAACATCCTCTACACTG_005,6
AGAGAACATCCTCTACACTG_006,102
AGAGAACATCCTCTACACTG_007,80
AGAGAACATCCTCTACACTG_008,104
AGAGAACATCCTCTACACTG_009,47
AGAGAACATCCTCTACACTG_010,63
AGAGAACATCCTCTACACTG_011,33
AGAGAACATCCTCTACACTG_012,29
AGAGAACATCCTCTACACTG_013,91
AGAGAACATCCTCTACACTG_014,94
AGAGAACATCCTCTACACTG_015,80
ATGGAACTAAGAGATCAAGC_001,105
ATGGAACTAAGAGATCAAGC_002,94
AAGGAAGCTACATAATGACT_001,18
AAGGAAGCTACATAATGACT_002,160
CTCTGCCTTAAAACACCACG_001,26
CTCTGCCTTAAAACACCACG_002,98
CTCTGCCTTAAAACACCACG_003,74
CTCTGCCTTAAAACACCACG_004,116
CTCTGCCTTAAAACACCACG_005,172
GGAGCTGAGAGATCACTGCA_001,147
GGAGCTGAGAGATCACTGCA_002,44
GGAGCTGAGAGATCACTGCA_003,151
GGAGCTGAGAGATCACTGCA_004,68
GGAGCTGAGAGATCACTGCA_005,177
GGAGCTGAGAGATCACTGCA_006,42
GGAGCTGAGAGATCACTGCA_007,162
GGAGCTGAGAGATCACTGCA_008,88
GGAGCTGAGAGATCACTGCA_009,42
GGAGCTGAGAGATCACTGCA_010,147
TCATGAAGCACACCAAACGC_001,94
TCATGAAGCACACCAAACGC_002,43
TCATGAAGCACACCAAACGC_003,175
TCATGAAGCACACCAAACGC_004,81
TCATGAAGCACACCAAACGC_005,181
TCATGAAGCACACCAAACGC_006,32
TCATGAAGCACACCAAACGC_007,137
TCATGAAGCACACCAAACGC_008,55
TCATGAAGCACACCAAACGC_009,145
TCATGAAGCACACCAAACGC_010,6
TCATGAAGCACACCAAACGC_011,70
TCATGAAGCACACCAAACGC_012,28
TCATGAAGCACACCAAACGC_013,174
TCATGAAGCACACCAAACGC_014,128
TCATGAAGCACACCAAACGC_015,167
ACAGGATCTATTACACCATG_001,15
CATAGAGACCAACATCCGTG_001,158
CATAGAGACCAACATCCGTG_002,8
CATAGAGACCAACATCCGTG_003,89
CATAGAGACCAACATCCGTG_004,175
CATAGAGACCAACATCCGTG_005,33
CATAGAGACCAACATCCGTG_006,172
CATAGAGACCAACATCCGTG_007,155
CATAGAGACCAACATCCGTG_008,6
AGGTAGGTAGTATGTTGGGT_001,94
AGGTAGGTAGTATGTTGGGT_002,41
AGGTAGGTAGTATGTTGGGT_003,172
AGGTAGGTAGTATGTTGGGT_004,185
AGGTAGGTAGTATGTTGGGT_005,62
AGGTAGGTAGTATGTTGGGT_006,178
AGGTAGGTAGTATGTTGGGT_007,199
AGGTAGGTAGTATGTTGGGT_008,112
AGGTAGGTAGTATGTTGGGT_009,146
AGGTAGGTAGTATGTTGGGT_010,177
AGTCATCCTGCAATGTTGGT_001,54
AGTCATCCTGCAATGTTGGT_002,199
AGTCATCCTGCAATGTTGGT_003,144
AGTCATCCTGCAATGTTGGT_004,74
AGTCATCCTGCAATGTTGGT_005,65
AGTCATCCTGCAATGTTGGT_006,175
AGTCATCCTGCAATGTTGGT_007,81
AGTCATCCTGCAATGTTGGT_008,56
AGTCATCCTGCAATGTTGGT_009,52
AGTCATCCTGCAATGTTGGT_010,115
AGTCATCCTGCAATGTTGGT_011,151
TGAACACCAATGTGGTCCTG_001,198
TGAACACCAATGTGGTCCTG_002,146
TGAACACCAATGTGGTCCTG_003,88
TGAACACCAATGTGGTCCTG_004,80
GGCGCTGTGACATCGATGAG_001,58
GGCGCTGTGACATCGATGAG_002,141
GGCGCTGTGACATCGATGAG_003,106
GGCGCTGTGACATCGATGAG_004,70
GGCGCTGTGACATCGATGAG_005,116
GGCGCTGTGACATCGATGAG_006,98
GGCGCTGTGACATCGATGAG_007,41
GGCGCTGTGACATCGATGAG_008,113
GGCGCTGTGACATCGATGAG_009,58
GGCGCTGTGACATCGATGAG_010,192
GGCGCTGTGACATCGATGAG_011,7
GGCGCTGTGACATCGATGAG_012,91
GGCGCTGTGACATCGATGAG_013,157
GGCGCTGTGACATCGATGAG_014,175
GGCGCTGTGACATCGATGAG_015,61
GGCGCTGTGACATCGATGAG_016,55
GGCGCTGTGACATCGATGAG_017,8
GGCGCTGTGACATCGATGAG_018,62
GTGGGTGCACCATATGGTCT_001,54
GTAGCTCAGGGAGGACAAGG_001,149
GTAGCTCAGGGAGGACAAGG_002,82
GTAGCTCAGGGAGGACAAGG_003,171
GTAGCTCAGGGAGGACAAGG_004,160
GTAGCTCAGGGAGGACAAGG_005,160
GTAGCTCAGGGAGGACAAGG_006,29
GTAGCTCAGGGAGGACAAGG_007,44
GTAGCTCAGGGAGGACAAGG_008,148
GTAGCTCAGGGAGGACAAGG_009,98
GTAGCTCAGGGAGGACAAGG_010,14
GTAGCTCAGGGAGGACAAGG_011,16
GTAGCTCAGGGAGGACAAGG_012,25
GTAGCTCAGGGAGGACAAGG_013,51
GTAGCTCAGGGAGGACAAGG_014,96
GTAGCTCAGGGAGGACAAGG_015,122
GTAGCTCAGGGAGGACAAGG_016,144
GTAGCTCAGGGAGGACAAGG_017,0
GTAGCTCAGGGAGGACAAGG_018,165
GTAGCTCAGGGAGGACAAGG_019,138
GTAGCTCAGGGAGGACAAGG_020,153
GTAGCTCAGGGAGGACAAGG_021,91
GCACCGAGATAGCTCCTGCG_001,149
GCACCGAGATAGCTCCTGCG_002,110
GCACCGAGATAGCTCCTGCG_003,16
GCACCGAGATAGCTCCTGCG_004,159
GCACCGAGATAGCTCCTGCG_005,148
GCACCGAGATAGCTCCTGCG_006,77
GCACCGAGATAGCTCCTGCG_007,46
GCACCGAGATAGCTCCTGCG_008,136
GCACCGAGATAGCTCCTGCG_009,137
GTGAAGTCAGAGCGTCTGCG_001,47
GTGAAGTCAGAGCGTCTGCG_002,111
GTGAAGTCAGAGCGTCTGCG_003,141
GTGAAGTCAGAGCGTCTGCG_004,88
GTGAAGTCAGAGCGTCTGCG_005,148
GTGAAGTCAGAGCGTCTGCG_006,106
GTGAAGTCAGAGCGTCTGCG_007,183
GTGAAGTCAGAGCGTCTGCG_008,9
GTGAAGTCAGAGCGTCTGCG_009,130
GTGAAGTCAGAGCGTCTGCG_010,12
GTGAAGTCAGAGCGTCTGCG_011,16
GTGAAGTCAGAGCGTCTGCG_012,160
GTGAAGTCAGAGCGTCTGCG_013,106
GTGAAGTCAGAGCGTCTGCG_014,63
GTGAAGTCAGAGCGTCTGCG_015,90
GTTGGTCCATAAATGATCGT_001,57
GTTGGTCCATAAATGATCGT_002,71
GTTGGTCCATAAATGATCGT_003,87
GGCGCCCACAAACCATCGCT_001,192
GGCGCCCACAAACCATCGCT_002,19
GGCGCCCACAAACCATCGCT_003,177
GGCGCCCACAAACCATCGCT_004,89
GGCGCCCACAAACCATCGCT_005,131
GGCGCCCACAAACCATCGCT_006,95
GGCGCCCACAAACCATCGCT_007,62
GGCGCCCACAAACCATCGCT_008,191
GGCGCCCACAAACCATCGCT_009,48
GGCGCCCACAAACCATCGCT_010,199
GGCGCCCACAAACCATCGCT_011,168
GGCGCCCACAAACCATCGCT_012,160
GGCGCCCACAAACCATCGCT_013,23
GTCCAACACTACTAGCTGCA_001,16
GTCCAACACTACTAGCTGCA_002,19
GTCCAACACTACTAGCTGCA_003,75
GTCCAACACTACTAGCTGCA_004,68
AAGGACGAGCTGCATCACTC_001,10
AAGGACGAGCTGCATCACTC_002,166
AAGGACGAGCTGCATCACTC_003,56
AAGGACGAGCTGCATCACTC_004,105
AAGGACGAGCTGCATCACTC_005,105
AAGGACGAGCTGCATCACTC_006,134
AAGGACGAGCTGCATCACTC_007,19
AAGGACGAGCTGCATCACTC_008,78
AAGGACGAGCTGCATCACTC_009,8
CATCTGTTACTTCGGCGAGG_001,4
CATCTGTTACTTCGGCGAGG_002,175
CATCTGTTACTTCGGCGAGG_003,16
CATCTGTTACTTCGGCGAGG_004,51
CATCTGTTACTTCGGCGAGG_005,138
CATCTGTTACTTCGGCGAGG_006,88
CATCTGTTACTTCGGCGAGG_007,149
CATCTGTTACTTCGGCGAGG_008,83
TACCGTCTGAGACTTAACTG_001,137
TACCGTCTGAGACTTAACTG_002,54
TACCGTCTGAGACTTAACTG_003,54
TACCGTCTGAGACTTAACTG_004,162
TACCGTCTGAGACTTAACTG_005,190
TACCGTCTGAGACTTAACTG_006,87
TACCGTCTGAGACTTAACTG_007,111
TACCGTCTGAGACTTAACTG_008,104
TACCGTCTGAGACTTAACTG_009,98
TACCGTCTGAGACTTAACTG_010,170
TACCGTCTGAGACTTAACTG_011,161
TACCGTCTGAGACTTAACTG_012,49
TACCGTCTGAGACTTAACTG_013,175
TACCGTCTGAGACTTAACTG_014,73
TTATTACAAGGAGTTCCGTA_001,8
TTATTACAAGGAGTTCCGTA_002,77
TTATTACAAGGAGTTCCGTA_003,2
CAGGAGCGTCAGGAAGCGAG_001,118
CAGGAGCGTCAGGAAGCGAG_002,127
CAGGAGCGTCAGGAAGCGAG_003,67
CAGGAGCGTCAGGAAGCGAG_004,150
CAGGAGCGTCAGGAAGCGAG_005,158
CAGGAGCGTCAGGAAGCGAG_006,137
CAGGAGCGTCAGGAAGCGAG_007,194
CAGGAGCGTCAGGAAGCGAG_008,73
CAGGAGCGTCAGGAAGCGAG_009,152
CAGGAGCGTCAGGAAGCGAG_010,163
CAGGAGCGTCAGGAAGCGAG_011,44
CAGGAGCGTCAGGAAGCGAG_012,160
CAGGAGCGTCAGGAAGCGAG_013,124
CAGGAGCGTCAGGAAGCGAG_014,183
CAGGAGCGTCAGGAAGCGAG_015,167
CAGGAGCGTCAGGAAGCGAG_016,172
CAGGAGCGTCAGGAAGCGAG_017,14
CAGGAGCGTCAGGAAGCGAG_018,153
CAGGAGCGTCAGGAAGCGAG_019,48
CAGGAGCGTCAGGAAGCGAG_020,108
CAGGAGCGTCAGGAAGCGAG_021,178
CAGGAGCGTCAGGAAGCGAG_022,182
CAGGAGCGTCAGGAAGCGAG_023,40
CAGGAGCGTCAGGAAGCGAG_024,156
CAGGAGCGTCAGGAAGCGAG_025,24
CAGGAGCGTCAGGAAGCGAG_026,14
CAGGAGCGTCAGGAAGCGAG_027,56
CAGGAGCGTCAGGAAGCGAG_028,145
CAGGAGCGTCAGGAAGCGAG_029,136
CAGGAGCGTCAGGAAGCGAG_030,18
CAGGAGCGTCAGGAAGCGAG_031,28
CAGGAGCGTCAGGAAGCGAG_032,19
CAGGAGCGTCAGGAAGCGAG_033,168
CAGGAGCGTCAGGAAGCGAG_034,150
ATCCGGTTTATCAGCAGACA_001,145
ATCCGGTTTATCAGCAGACA_002,16
ATCCGGTTTATCAGCAGACA_003,178
ATCCGGTTTATCAGCAGACA_004,133
ATCCGGTTTATCAGCAGACA_005,18
ATCCGGTTTATCAGCAGACA_006,97
AGTGTTTGTAGATAACTGCG_001,83
AGTGTTTGTAGATAACTGCG_002,69
AGTGTTTGTAGATAACTGCG_003,68
AGCAGATCGCCAAGGCCGAG_001,49
AGCAGATCGCCAAGGCCGAG_002,133
AGCAGATCGCCAAGGCCGAG_003,146
AGCAGATCGCCAAGGCCGAG_004,30
AGCAGATCGCCAAGGCCGAG_005,72
AGCAGATCGCCAAGGCCGAG_006,135
AGCAGATCGCCAAGGCCGAG_007,148
AGCAGATCGCCAAGGCCGAG_008,93
AGCAGATCGCCAAGGCCGAG_009,68
AGCAGATCGCCAAGGCCGAG_010,34
AGCAGATCGCCAAGGCCGAG_011,188
AGCAGATCGCCAAGGCCGAG_012,126
AGCAGATCGCCAAGGCCGAG_013,134
AGCAGATCGCCAAGGCCGAG_014,76
AGCAGATCGCCAAGGCCGAG_015,58
AGCAGATCGCCAAGGCCGAG_016,52
AGCAGATCGCCAAGGCCGAG_017,136
AGCAGATCGCCAAGGCCGAG_018,116
AGCAGATCGCCAAGGCCGAG_019,158
CAGTGCTTGAACATCGTCAG_001,90
CAGTGCTTGAACATCGTCAG_002,30
CAGTGCTTGAACATCGTCAG_003,96
CAGTGCTTGAACATCGTCAG_004,55
CAGTGCTTGAACATCGTCAG_005,45
CAGTGCTTGAACATCGTCAG_006,85
CAGTGCTTGAACATCGTCAG_007,28
CAGTGCTTGAACATCGTCAG_008,38
CAGTGCTTGAACATCGTCAG_009,40
CAGTGCTTGAACATCGTCAG_010,104
CAGTGCTTGAACATCGTCAG_011,154
CAGTGCTTGAACATCGTCAG_012,53
CAGTGCTTGAACATCGTCAG_013,182
CAGTGCTTGAACATCGTCAG_014,56
CAGTGCTTGAACATCGTCAG_015,178
CAGTGCTTGAACATCGTCAG_016,161
CAGTGCTTGAACATCGTCAG_017,62
CAGTGCTTGAACATCGTCAG_018,130
CAGTGCTTGAACATCGTCAG_019,112
CAGTGCTTGAACATCGTCAG_020,9
CAGTGCTTGAACATCGTCAG_021,137
CAGTGCTTGAACATCGTCAG_022,168
CAGTGCTTGAACATCGTCAG_023,66
CAGTGCTTGAACATCGTCAG_024,87
CAGTGCTTGAACATCGTCAG_025,170
CAGTGCTTGAACATCGTCAG_026,188
CAGTGCTTGAACATCGTCAG_027,5
CAGTGCTTGAACATCGTCAG_028,197
CAGTGCTTGAACATCGTCAG_029,145
CAGTGCTTGAACATCGTCAG_030,148
CAGTGCTTGAACATCGTCAG_031,12
CAGTGCTTGAACATCGTCAG_032,127
CAGTGCTTGAACATCGTCAG_033,166
CAGTGCTTGAACATCGTCAG_034,148
CAGTGCTTGAACATCGTCAG_035,19
CAGTGCTTGAACATCGTCAG_036,10
CAGTGCTTGAACATCGTCAG_037,144
CAGTGCTTGAACATCGTCAG_038,114
CAGTGCTTGAACATCGTCAG_039,102
CTACTACTACAAGTGTCACA_001,156
ATGCCTTCGATCATATCTGT_001,104
ATGCCTTCGATCATATCTGT_002,175
ATGCCTTCGATCATATCTGT_003,177
CTGCTGTACAGGGTGTACAG_001,180
CTGCTGTACAGGGTGTACAG_002,40
CTGCTGTACAGGGTGTACAG_003,37
CTGCTGTACAGGGTGTACAG_004,173
CTGCTGTACAGGGTGTACAG_005,34
CTGCTGTACAGGGTGTACAG_006,38
CTGCTGTACAGGGTGTACAG_007,61
CTGCTGTACAGGGTGTACAG_008,124
CTGCTGTACAGGGTGTACAG_009,6
TGGGCTGGTAGCACACAGAC_001,94
TGGGCTGGTAGCACACAGAC_002,38
AAAACTAAAAGCCGTTACCA_001,60
AAAACTAAAAGCCGTTACCA_002,0
AAAACTAAAAGCCGTTACCA_003,195
AAAACTAAAAGCCGTTACCA_004,19
AAAACTAAAAGCCGTTACCA_005,76
AAAACTAAAAGCCGTTACCA_006,8
TGCAGATGTAAAGACGACCG_001,147
TGCAGATGTAAAGACGACCG_002,130
TGCAGATGTAAAGACGACCG_003,1
AAACAGTAGAGTGTACCACG_001,55
AAACAGTAGAGTGTACCACG_002,189
CTGCAAGGTGGGCATTACAC_001,107
CTGCAAGGTGGGCATTACAC_002,58
CTGCAAGGTGGGCATTACAC_003,130
CTGCAAGGTGGGCATTACAC_004,118
CTGCAAGGTGGGCATTACAC_005,98
CTGCAAGGTGGGCATTACAC_006,12
CTGCAAGGTGGGCATTACAC_007,68
CTGCAAGGTGGGCATTACAC_008,146
CTGCAAGGTGGGCATTACAC_009,103
CTGCAAGGTGGGCATTACAC_010,8
CTGCAAGGTGGGCATTACAC_011,175
CTGCAAGGTGGGCATTACAC_012,158
CTGCAAGGTGGGCATTACAC_013,35
CTGCAAGGTGGGCATTACAC_014,88
CTGCAAGGTGGGCATTACAC_015,88
CTGCAAGGTGGGCATTACAC_016,12
CTGCAAGGTGGGCATTACAC_017,31
CTGCAAGGTGGGCATTACAC_018,113
CTGCAAGGTGGGCATTACAC_019,23
CTGCAAGGTGGGCATTACAC_020,38
CTGCAAGGTGGGCATTACAC_021,37
CTGCAAGGTGGGCATTACAC_022,1
CTGCAAGGTGGGCATTACAC_023,30
CTGCAAGGTGGGCATTACAC_024,149
CTGCAAGGTGGGCATTACAC_025,63
CTGCAAGGTGGGCATTACAC_026,199
CTGCAAGGTGGGCATTACAC_027,17
CTGCAAGGTGGGCATTACAC_028,13
CTGCAAGGTGGGCATTACAC_029,77
CTGCAAGGTGGGCATTACAC_030,107
CTGCAAGGTGGGCATTACAC_031,120
TGGGTCAATGCCAGGCGATG_001,130
TGGGTCAATGCCAGGCGATG_002,132
TGGGTCAATGCCAGGCGATG_003,9
TGGGTCAATGCCAGGCGATG_004,104
TGGGTCAATGCCAGGCGATG_005,54
TGGGTCAATGCCAGGCGATG_006,46
TGGGTCAATGCCAGGCGATG_007,23
TGGGTCAATGCCAGGCGATG_008,80
TGGGTCAATGCCAGGCGATG_009,178
TGGGTCAATGCCAGGCGATG_010,65
CAGCAGAGCGTTGAAGCACG_001,1
CAGCAGAGCGTTGAAGCACG_002,41
CAGCAGAGCGTTGAAGCACG_003,2
CAGCAGAGCGTTGAAGCACG_004,150
CAGCAGAGCGTTGAAGCACG_005,94
CAGCAGAGCGTTGAAGCACG_006,98
CAGCAGAGCGTTGAAGCACG_007,37
CAGCAGAGCGTTGAAGCACG_008,6
CAGCAGAGCGTTGAAGCACG_009,137
CAGCAGAGCGTTGAAGCACG_010,114
CAGCAGAGCGTTGAAGCACG_011,72
CAGCAGAGCGTTGAAGCACG_012,175
CAGCAGAGCGTTGAAGCACG_013,138
CAGCAGAGCGTTGAAGCACG_014,50
CAGCAGAGCGTTGAAGCACG_015,62
CAGCAGAGCGTTGAAGCACG_016,68
CAGCAGAGCGTTGAAGCACG_017,148
CTACGTAACTGATTTAATTG_001,160
CTACGTAACTGATTTAATTG_002,19
CTACGTAACTGATTTAATTG_003,191
CTACGTAACTGATTTAATTG_004,11
CTACGTAACTGATTTAATTG_005,156
CTACGTAACTGATTTAATTG_006,187
GCAGAGCAGGAGGCCCCCCG_001,96
GCAGAGCAGGAGGCCCCCCG_002,8
GCAGAGCAGGAGGCCCCCCG_003,48
GCAGAGCAGGAGGCCCCCCG_004,28
GCAGAGCAGGAGGCCCCCCG_005,30
GCAGAGCAGGAGGCCCCCCG_006,199
GCAGAGCAGGAGGCCCCCCG_007,160
GCAGAGCAGGAGGCCCCCCG_008,74
GCAGAGCAGGAGGCCCCCCG_009,49
GCAGAGCAGGAGGCCCCCCG_010,130
GCAGAGCAGGAGGCCCCCCG_011,162
GCAGAGCAGGAGGCCCCCCG_012,154
GCAGAGCAGGAGGCCCCCCG_013,81
GCAGAGCAGGAGGCCCCCCG_014,42
GCAGAGCAGGAGGCCCCCCG_015,114
GCAGAGCAGGAGGCCCCCCG_016,56
GCAGAGCAGGAGGCCCCCCG_017,148
GCAGAGCAGGAGGCCCCCCG_018,58
GCAGAGCAGGAGGCCCCCCG_019,181
GCAGAGCAGGAGGCCCCCCG_020,158
GCAGAGCAGGAGGCCCCCCG_021,46
GCAGAGCAGGAGGCCCCCCG_022,151
GCAGAGCAGGAGGCCCCCCG_023,176
GCAGAGCAGGAGGCCCCCCG_024,192
GCAGAGCAGGAGGCCCCCCG_025,6
GCAGAGCAGGAGGCCCCCCG_026,47
GCAGAGCAGGAGGCCCCCCG_027,80
GCAGAGCAGGAGGCCCCCCG_028,33
GCAGAGCAGGAGGCCCCCCG_029,10
GCAGAGCAGGAGGCCCCCCG_030,15
GCAGAGCAGGAGGCCCCCCG_031,96
GCAGAGCAGGAGGCCCCCCG_032,180
GCAGAGCAGGAGGCCCCCCG_033,30
GCAGAGCAGGAGGCCCCCCG_034,126
GCGCTCGTTCAGGAAACCTG_001,76
GCGCTCGTTCAGGAAACCTG_002,62
GCGCTCGTTCAGGAAACCTG_003,62
GCGCTCGTTCAGGAAACCTG_004,161
GCGCTCGTTCAGGAAACCTG_005,74
GCGCTCGTTCAGGAAACCTG_006,57
GCGCTCGTTCAGGAAACCTG_007,11
GCGCTCGTTCAGGAAACCTG_008,172
GCGCTCGTTCAGGAAACCTG_009,134
GCGCTCGTTCAGGAAACCTG_010,150
GCGCTCGTTCAGGAAACCTG_011,130
GCGCTCGTTCAGGAAACCTG_012,191
GCGCTCGTTCAGGAAACCTG_013,19
GGCTTCCTTGGCGATAACAC_001,128
GGCTTCCTTGGCGATAACAC_002,7
GGCTTCCTTGGCGATAACAC_003,30
GCAAGTCCATGTCTGCCGCG_001,59
GCAAGTCCATGTCTGCCGCG_002,67
GCAAGTCCATGTCTGCCGCG_003,67
GCAAGTCCATGTCTGCCGCG_004,105
GCAAGTCCATGTCTGCCGCG_005,107
CGTCGCTGACGCGCGAGCAC_001,171
CGTCGCTGACGCGCGAGCAC_002,140
CGTCGCTGACGCGCGAGCAC_003,19
CGTCGCTGACGCGCGAGCAC_004,130
CGTCGCTGACGCGCGAGCAC_005,157
CGTCGCTGACGCGCGAGCAC_006,81
CGTCGCTGACGCGCGAGCAC_007,144
ACTTCCAAGAAAACAGCCTG_001,50
ACTTCCAAGAAAACAGCCTG_002,91
ACTTCCAAGAAAACAGCCTG_003,17
ACTTCCAAGAAAACAGCCTG_004,145
ACTTCCAAGAAAACAGCCTG_005,58
ACTTCCAAGAAAACAGCCTG_006,6
ACTTCCAAGAAAACAGCCTG_007,14
ACTTCCAAGAAAACAGCCTG_008,118
ACTTCCAAGAAAACAGCCTG_009,94
ACTTCCAAGAAAACAGCCTG_010,6
ACTTCCAAGAAAACAGCCTG_011,45
ACTTCCAAGAAAACAGCCTG_012,75
ACTTCCAAGAAAACAGCCTG_013,148
ACTTCCAAGAAAACAGCCTG_014,83
ACTTCCAAGAAAACAGCCTG_015,144
ACTTCCAAGAAAACAGCCTG_016,57
ACTTCCAAGAAAACAGCCTG_017,15
ACTTCCAAGAAAACAGCCTG_018,151
ACTTCCAAGAAAACAGCCTG_019,113
ACTTCCAAGAAAACAGCCTG_020,56
ACTTCCAAGAAAACAGCCTG_021,92
ACTTCCAAGAAAACAGCCTG_022,8
ACTTCCAAGAAAACAGCCTG_023,124
GTGGACCCTGATGACATACA_001,166
GTGGACCCTGATGACATACA_002,166
GTGGACCCTGATGACATACA_003,157
GTGGACCCTGATGACATACA_004,175
TGCAGCAAGATACCGAGATG_001,182
TGCAGCAAGATACCGAGATG_002,17
TGCAGCAAGATACCGAGATG_003,115
TGCAGCAAGATACCGAGATG_004,63
TGCAGCAAGATACCGAGATG_005,184
TGCAGCAAGATACCGAGATG_006,56
TGCAGCAAGATACCGAGATG_007,149
CCACAAGGGAAGCTTGTACG_001,188
CCACAAGGGAAGCTTGTACG_002,80
CCACAAGGGAAGCTTGTACG_003,111
CCACAAGGGAAGCTTGTACG_004,7
CCACAAGGGAAGCTTGTACG_005,32
CCACAAGGGAAGCTTGTACG_006,182
CCACAAGGGAAGCTTGTACG_007,84
CCACAAGGGAAGCTTGTACG_008,76
CCACAAGGGAAGCTTGTACG_009,127
CCACAAGGGAAGCTTGTACG_010,94
CCACAAGGGAAGCTTGTACG_011,102
CCACAAGGGAAGCTTGTACG_012,20
CCACAAGGGAAGCTTGTACG_013,127
CCACAAGGGAAGCTTGTACG_014,115
GTGTAGGAATTGGAGACTGG_001,96
GTGTAGGAATTGGAGACTGG_002,115
GTGTAGGAATTGGAGACTGG_003,34
TGCGCGCAGTCCGACTTCCG_001,19
TGCGCGCAGTCCGACTTCCG_002,184
TGCGCGCAGTCCGACTTCCG_003,138
TGCGCGCAGTCCGACTTCCG_004,62
TGCGCGCAGTCCGACTTCCG_005,12
TGCGCGCAGTCCGACTTCCG_006,144
TGCGCGCAGTCCGACTTCCG_007,137
TGCGCGCAGTCCGACTTCCG_008,114
TGCGCGCAGTCCGACTTCCG_009,38
TGCGCGCAGTCCGACTTCCG_010,73
TGCGCGCAGTCCGACTTCCG_011,150
TGCGCGCAGTCCGACTTCCG_012,145
TGCGCGCAGTCCGACTTCCG_013,88
TGCGCGCAGTCCGACTTCCG_014,33
TGCGCGCAGTCCGACTTCCG_015,48
TGCGCGCAGTCCGACTTCCG_016,58
TGCGCGCAGTCCGACTTCCG_017,94
TGCGCGCAGTCCGACTTCCG_018,185
TGCGCGCAGTCCGACTTCCG_019,80
TGCGCGCAGTCCGACTTCCG_020,48
TGCGCGCAGTCCGACTTCCG_021,52
TGCGCGCAGTCCGACTTCCG_022,1
TGCGCGCAGTCCGACTTCCG_023,176
TGCGCGCAGTCCGACTTCCG_024,75
TGCGCGCAGTCCGACTTCCG_025,153
TGCGCGCAGTCCGACTTCCG_026,72
TGCGCGCAGTCCGACTTCCG_027,172
TGCGCGCAGTCCGACTTCCG_028,40
TGCGCGCAGTCCGACTTCCG_029,23
TGCGCGCAGTCCGACTTCCG_030,79
GCCCTGTCTCCATAGCACGA_001,154
GCCCTGTCTCCATAGCACGA_002,178
GCCCTGTCTCCATAGCACGA_003,2
GCCCTGTCTCCATAGCACGA_004,150
GCCCTGTCTCCATAGCACGA_005,169
ACAATCTGAAAACTCGTGAG_001,53
ACAATCTGAAAACTCGTGAG_002,25
GCCGAGCAGTCAAATTCCAG_001,177
GCCGAGCAGTCAAATTCCAG_002,158
GCCGAGCAGTCAAATTCCAG_003,76
GCCGAGCAGTCAAATTCCAG_004,9
GCCGAGCAGTCAAATTCCAG_005,174
TGGTGAGCGGCGGCGACACG_001,77
TGGTGAGCGGCGGCGACACG_002,94
TGGTGAGCGGCGGCGACACG_003,70
TGGTGAGCGGCGGCGACACG_004,78
TGGTGAGCGGCGGCGACACG_005,149
TGGTGAGCGGCGGCGACACG_006,81
GGTGGCGCGTACGACCTCAC_001,43
GGTGGCGCGTACGACCTCAC_002,15
GGTGGCGCGTACGACCTCAC_003,105
GGTGGCGCGTACGACCTCAC_004,194
GGTGGCGCGTACGACCTCAC_005,29
GTATTCATAGCTGTAGTATG_001,127
GTATTCATAGCTGTAGTATG_002,81
GTATTCATAGCTGTAGTATG_003,15
TATGTTCTGGTTTATCAGAG_001,118
TATGTTCTGGTTTATCAGAG_002,27
TATGTTCTGGTTTATCAGAG_003,16
TATGTTCTGGTTTATCAGAG_004,159
AAGATACGAGGCTCTAGGAG_001,149
AAGATACGAGGCTCTAGGAG_002,147
AAGATACGAGGCTCTAGGAG_003,60
AAGATACGAGGCTCTAGGAG_004,127
AAGATACGAGGCTCTAGGAG_005,40
AAGATACGAGGCTCTAGGAG_006,70
GCCATTGATCTGATGTACGG_001,137
GCCATTGATCTGATGTACGG_002,176
GCCATTGATCTGATGTACGG_003,127
GCCATTGATCTGATGTACGG_004,7
GCCATTGATCTGATGTACGG_005,130
GCCATTGATCTGATGTACGG_006,137
GCCATTGATCTGATGTACGG_007,48
GCCATTGATCTGATGTACGG_008,141
GCCATTGATCTGATGTACGG_009,57
TGCCCAGGACCAGCCCAGTG_001,56
TGCCCAGGACCAGCCCAGTG_002,70
TGCCCAGGACCAGCCCAGTG_003,192
TGCCCAGGACCAGCCCAGTG_004,141
TGCCCAGGACCAGCCCAGTG_005,81
TGCCCAGGACCAGCCCAGTG_006,9
TGCCCAGGACCAGCCCAGTG_007,83
TGCCCAGGACCAGCCCAGTG_008,115
TGCCCAGGACCAGCCCAGTG_009,119
TGCCCAGGACCAGCCCAGTG_010,2
TGCCCAGGACCAGCCCAGTG_011,141
TGCCCAGGACCAGCCCAGTG_012,38
TGCCCAGGACCAGCCCAGTG_013,70
TGCCCAGGACCAGCCCAGTG_014,2
TGCCCAGGACCAGCCCAGTG_015,160
TGCCCAGGACCAGCCCAGTG_016,29
TGCCCAGGACCAGCCCAGTG_017,37
TGCCCAGGACCAGCCCAGTG_018,15
TGCCCAGGACCAGCCCAGTG_019,182
TGCCCAGGACCAGCCCAGTG_020,163
AGCGTCATAGATAACCCCTG_001,28
AGCGTCATAGATAACCCCTG_002,172
AGCGTCATAGATAACCCCTG_003,162
AGCGTCATAGATAACCCCTG_004,103
CTGCATCATGCGGCCCGCAA_001,144
CTGCATCATGCGGCCCGCAA_002,76
CTGCATCATGCGGCCCGCAA_003,8
CTGCATCATGCGGCCCGCAA_004,38
CTGCATCATGCGGCCCGCAA_005,98
CTGCATCATGCGGCCCGCAA_006,143
CTGCATCATGCGGCCCGCAA_007,143
CTGCATCATGCGGCCCGCAA_008,42
CTGCATCATGCGGCCCGCAA_009,165
AGGACGGTGAAGGTACGTGA_001,154
AGGACGGTGAAGGTACGTGA_002,154
AGGACGGTGAAGGTACGTGA_003,181
AGGACGGTGAAGGTACGTGA_004,6
AGGACGGTGAAGGTACGTGA_005,58
AGGACGGTGAAGGTACGTGA_006,58
AGGACGGTGAAGGTACGTGA_007,28
ACTAGCTGCCCGATTCCCGG_001,137
GTGGTACTCGCCGATCAGTG_001,181
GTGGTACTCGCCGATCAGTG_002,43
GTGGTACTCGCCGATCAGTG_003,116
GTGGTACTCGCCGATCAGTG_004,48
GTGGTACTCGCCGATCAGTG_005,1
GTGGTACTCGCCGATCAGTG_006,151
GTGGTACTCGCCGATCAGTG_007,199
GTGGTACTCGCCGATCAGTG_008,41
GTGGTACTCGCCGATCAGTG_009,82
GTGGTACTCGCCGATCAGTG_010,7
GTGGTACTCGCCGATCAGTG_011,129
GTGGTACTCGCCGATCAGTG_012,42
GTGGTACTCGCCGATCAGTG_013,99
GTGGTACTCGCCGATCAGTG_014,11
GTGGTACTCGCCGATCAGTG_015,55
GTGGTACTCGCCGATCAGTG_016,192
GTGGTACTCGCCGATCAGTG_017,120
GTGGTACTCGCCGATCAGTG_018,91
GTGGTACTCGCCGATCAGTG_019,58
GTGGTACTCGCCGATCAGTG_020,91
GTGGTACTCGCCGATCAGTG_021,82
GTGGTACTCGCCGATCAGTG_022,169
GTGGTACTCGCCGATCAGTG_023,193
GTGGTACTCGCCGATCAGTG_024,151
GTGGTACTCGCCGATCAGTG_025,110
GTGGTACTCGCCGATCAGTG_026,38
GTGGTACTCGCCGATCAGTG_027,9
GTGGTACTCGCCGATCAGTG_028,198
GTGGTACTCGCCGATCAGTG_029,140
GTGGTACTCGCCGATCAGTG_030,185
GTGGTACTCGCCGATCAGTG_031,161
GTGGTACTCGCCGATCAGTG_032,142
GTGGTACTCGCCGATCAGTG_033,170
GTGGTACTCGCCGATCAGTG_034,46
CGTCGTAGGACATAAAGCTG_001,152
CGTCGTAGGACATAAAGCTG_002,47
CGTCGTAGGACATAAAGCTG_003,177
CGTCGTAGGACATAAAGCTG_004,115
CGTCGTAGGACATAAAGCTG_005,48
CGTCGTAGGACATAAAGCTG_006,57
CGTCGTAGGACATAAAGCTG_007,182
CGTCGTAGGACATAAAGCTG_008,131
CGTCGTAGGACATAAAGCTG_009,188
CTGGTGACCGACAATTACAC_001,147
CTGGTGACCGACAATTACAC_002,48
CTGGTGACCGACAATTACAC_003,169
CTGGTGACCGACAATTACAC_004,145
CTGGTGACCGACAATTACAC_005,105
CTGGTGACCGACAATTACAC_006,178
CTGGTGACCGACAATTACAC_007,130
CTGGTGACCGACAATTACAC_008,162
CTGGTGACCGACAATTACAC_009,130
AGGTCGGAGTGTAGCGCCCG_001,96
AGGTCGGAGTGTAGCGCCCG_002,62
AGGTCGGAGTGTAGCGCCCG_003,185
AGGTCGGAGTGTAGCGCCCG_004,126
AGGTCGGAGTGTAGCGCCCG_005,38
AGGTCGGAGTGTAGCGCCCG_006,75
AGGTCGGAGTGTAGCGCCCG_007,105
AGGTCGGAGTGTAGCGCCCG_008,197
AGGTCGGAGTGTAGCGCCCG_009,100
AGGTCGGAGTGTAGCGCCCG_010,111
AGGTCGGAGTGTAGCGCCCG_011,50
AGGTCGGAGTGTAGCGCCCG_012,12
AGGTCGGAGTGTAGCGCCCG_013,160
CAGAAGACGCCGTACGAGGT_001,156
CAGAAGACGCCGTACGAGGT_002,138
CAGAAGACGCCGTACGAGGT_003,184
CAGAAGACGCCGTACGAGGT_004,50
CAGAAGACGCCGTACGAGGT_005,78
CAGAAGACGCCGTACGAGGT_006,137
CAGAAGACGCCGTACGAGGT_007,155
CAGAAGACGCCGTACGAGGT_008,152
TTCTGAAAGCAAGCTAGGTG_001,174
TTCTGAAAGCAAGCTAGGTG_002,199
TTCTGAAAGCAAGCTAGGTG_003,145
TTCTGAAAGCAAGCTAGGTG_004,141
TTCTGAAAGCAAGCTAGGTG_005,58
TTCTGAAAGCAAGCTAGGTG_006,39
TTCTGAAAGCAAGCTAGGTG_007,147
ATCTGGTGGAGCTACTGGCG_001,80
ATCTGGTGGAGCTACTGGCG_002,124
ATCTGGTGGAGCTACTGGCG_003,24
ATCTGGTGGAGCTACTGGCG_004,48
ATCTGGTGGAGCTACTGGCG_005,48
ACCACCTCCAAAGTCCGAAG_001,54
ACCACCTCCAAAGTCCGAAG_002,101
ACCACCTCCAAAGTCCGAAG_003,55
ACCACCTCCAAAGTCCGAAG_004,193
ACCACCTCCAAAGTCCGAAG_005,50
ACCACCTCCAAAGTCCGAAG_006,123
ACCACCTCCAAAGTCCGAAG_007,98
ACCACCTCCAAAGTCCGAAG_008,124
TAGAGCTGTTCATCCGTGAA_001,121
TAGAGCTGTTCATCCGTGAA_002,170
TAGAGCTGTTCATCCGTGAA_003,160
TAGAGCTGTTCATCCGTGAA_004,41
TAGAGCTGTTCATCCGTGAA_005,191
TAGAGCTGTTCATCCGTGAA_006,105
TAGAGCTGTTCATCCGTGAA_007,2
TAGAGCTGTTCATCCGTGAA_008,124
TAGAGCTGTTCATCCGTGAA_009,158
TAGAGCTGTTCATCCGTGAA_010,48
TAGAGCTGTTCATCCGTGAA_011,156
TAGAGCTGTTCATCCGTGAA_012,108
TAGAGCTGTTCATCCGTGAA_013,149
TAGAGCTGTTCATCCGTGAA_014,41
TAGAGCTGTTCATCCGTGAA_015,61
GAGATGGCTCGAGACCTCGT_001,105
GAGATGGCTCGAGACCTCGT_002,105
GAGATGGCTCGAGACCTCGT_003,108
GAGATGGCTCGAGACCTCGT_004,47
GAGATGGCTCGAGACCTCGT_005,106
GAGATGGCTCGAGACCTCGT_006,137
GAGATGGCTCGAGACCTCGT_007,157
GAGATGGCTCGAGACCTCGT_008,33
CATCCTGAAGCAATTCACCA_001,113
CATCCTGAAGCAATTCACCA_002,68
CATCCTGAAGCAATTCACCA_003,168
CATCCTGAAGCAATTCACCA_004,147
CATCCTGAAGCAATTCACCA_005,170
CATCCTGAAGCAATTCACCA_006,49
TCGAGCTAATCCAAGATATG_001,116
TCGAGCTAATCCAAGATATG_002,56
TCGAGCTAATCCAAGATATG_003,98
TCGAGCTAATCCAAGATATG_004,169
TCGAGCTAATCCAAGATATG_005,145
TCGAGCTAATCCAAGATATG_006,192
TCGAGCTAATCCAAGATATG_007,152
TCGAGCTAATCCAAGATATG_008,125
TCGAGCTAATCCAAGATATG_009,69
GAATCACCCAGATTTAGCGA_001,194
GAATCACCCAGATTTAGCGA_002,170
GAATCACCCAGATTTAGCGA_003,127
GCATGTCCAGGTCAGTCATG_001,96
TGTTCCACCCGACGCATGAG_001,126
TGTTCCACCCGACGCATGAG_002,58
TGTTCCACCCGACGCATGAG_003,99
TGTTCCACCCGACGCATGAG_004,145
TGTTCCACCCGACGCATGAG_005,25
TGTTCCACCCGACGCATGAG_006,65
TGTTCCACCCGACGCATGAG_007,46
ATGGTGGACATTGCATATGG_001,184
ATGGTGGACATTGCATATGG_002,77
ATGGTGGACATTGCATATGG_003,28
ATGGTGGACATTGCATATGG_004,56
ATGGTGGACATTGCATATGG_005,163
ATGGTGGACATTGCATATGG_006,98
ATGGTGGACATTGCATATGG_007,153
GGGATCAGTGATATCCAACA_001,26
GGATCTCTTAAGGAGCAATA_001,130
GGATCTCTTAAGGAGCAATA_002,111
GGATCTCTTAAGGAGCAATA_003,60
GGATCTCTTAAGGAGCAATA_004,17
GGATCTCTTAAGGAGCAATA_005,187
GGTAGTCGGAGAAGGCCACT_001,9
GGTAGTCGGAGAAGGCCACT_002,191
GTTCTTACTAGAAAGTGCGA_001,174
GTTCTTACTAGAAAGTGCGA_002,175
GTTCTTACTAGAAAGTGCGA_003,198
GTTCTTACTAGAAAGTGCGA_004,34
AATGTACTCTTATGTCACAG_001,130
AATGTACTCTTATGTCACAG_002,23
TAGGTCCCCCCAACCCACTT_001,62
TAGGTCCCCCCAACCCACTT_002,105
TAGGTCCCCCCAACCCACTT_003,105
TAGGTCCCCCCAACCCACTT_004,188
TAGGTCCCCCCAACCCACTT_005,192
TAGGTCCCCCCAACCCACTT_006,188
TAGGTCCCCCCAACCCACTT_007,29
TAGGTCCCCCCAACCCACTT_008,108
TAGGTCCCCCCAACCCACTT_009,27
TAGGTCCCCCCAACCCACTT_010,53
TAGGTCCCCCCAACCCACTT_011,114
TAGGTCCCCCCAACCCACTT_012,33
TAGGTCCCCCCAACCCACTT_013,8
TAGGTCCCCCCAACCCACTT_014,117
TAGGTCCCCCCAACCCACTT_015,176
TAGGTCCCCCCAACCCACTT_016,46
TAGGTCCCCCCAACCCACTT_017,13
TAGGTCCCCCCAACCCACTT_018,117
TAGGTCCCCCCAACCCACTT_019,50
TAGGTCCCCCCAACCCACTT_020,66
TAGGTCCCCCCAACCCACTT_021,169
TAGGTCCCCCCAACCCACTT_022,177
TAGGTCCCCCCAACCCACTT_023,170
TAGGTCCCCCCAACCCACTT_024,9
TAGGTCCCCCCAACCCACTT_025,105
TAGGTCCCCCCAACCCACTT_026,60
TAGGTCCCCCCAACCCACTT_027,93
TAGGTCCCCCCAACCCACTT_028,9
TAGGTCCCCCCAACCCACTT_029,15
TAGGTCCCCCCAACCCACTT_030,58
TAGGTCCCCCCAACCCACTT_031,162
TAGGTCCCCCCAACCCACTT_032,103
TAGGTCCCCCCAACCCACTT_033,190
TAGGTCCCCCCAACCCACTT_034,88
TAGGTCCCCCCAACCCACTT_035,127
TAGGTCCCCCCAACCCACTT_036,127
TAGGTCCCCCCAACCCACTT_037,152
TAGGTCCCCCCAACCCACTT_038,28
TAGGTCCCCCCAACCCACTT_039,84
TAGGTCCCCCCAACCCACTT_040,179
TAGGTCCCCCCAACCCACTT_041,175
TAGGTCCCCCCAACCCACTT_042,70
TAGGTCCCCCCAACCCACTT_043,35
TAGGTCCCCCCAACCCACTT_044,126
TAGGTCCCCCCAACCCACTT_045,161
TAGGTCCCCCCAACCCACTT_046,129
TAGGTCCCCCCAACCCACTT_047,66
TAGGTCCCCCCAACCCACTT_048,188
ATTTATCCCACAGAAAGACC_001,159
ATTTATCCCACAGAAAGACC_002,190
ATTTATCCCACAGAAAGACC_003,68
ATTTATCCCACAGAAAGACC_004,55
CTTCTGCTGGTTCAACGTCA_001,47
CTTCTGCTGGTTCAACGTCA_002,70
CTTCTGCTGGTTCAACGTCA_003,75
CTTCTGCTGGTTCAACGTCA_004,102
CTTCTGCTGGTTCAACGTCA_005,198
CAAGGATTGTGATCTTCAGG_001,191
GGCCATCAGCCTGACAACGG_001,161
GGCCATCAGCCTGACAACGG_002,44
GGCCATCAGCCTGACAACGG_003,91
GGCCATCAGCCTGACAACGG_004,72
GGCCATCAGCCTGACAACGG_005,176
GGCCATCAGCCTGACAACGG_006,58
GGCCATCAGCCTGACAACGG_007,54
GGCCATCAGCCTGACAACGG_008,155
GGCCATCAGCCTGACAACGG_009,91
GGCCATCAGCCTGACAACGG_010,121
GGCCATCAGCCTGACAACGG_011,36
GGCCATCAGCCTGACAACGG_012,145
GGCCATCAGCCTGACAACGG_013,63
GGCCATCAGCCTGACAACGG_014,19
GGCCATCAGCCTGACAACGG_015,113
CGTCCCTCCGACACGCCAAG_001,2
CGTCCCTCCGACACGCCAAG_002,1
CGTCCCTCCGACACGCCAAG_003,172
CGTCCCTCCGACACGCCAAG_004,158
CGTCCCTCCGACACGCCAAG_005,76
CGTCCCTCCGACACGCCAAG_006,35
CGTCCCTCCGACACGCCAAG_007,33
CGTCCCTCCGACACGCCAAG_008,57
CGTCCCTCCGACACGCCAAG_009,152
CGTCCCTCCGACACGCCAAG_010,183
CGGACACTCGAAGTCCACTG_001,132
CGGACACTCGAAGTCCACTG_002,88
CGGACACTCGAAGTCCACTG_003,198
CGGACACTCGAAGTCCACTG_004,15
CGGACACTCGAAGTCCACTG_005,107
CGGACACTCGAAGTCCACTG_006,4
CGGACACTCGAAGTCCACTG_007,4
CGGACACTCGAAGTCCACTG_008,25
CGGACACTCGAAGTCCACTG_009,82
CGGACACTCGAAGTCCACTG_010,89
CGGACACTCGAAGTCCACTG_011,64
CGGACACTCGAAGTCCACTG_012,47
CGGACACTCGAAGTCCACTG_013,63
CGGACACTCGAAGTCCACTG_014,105
CGGACACTCGAAGTCCACTG_015,64
CGGACACTCGAAGTCCACTG_016,146
CGGACACTCGAAGTCCACTG_017,60
CGGACACTCGAAGTCCACTG_018,52
CGGACACTCGAAGTCCACTG_019,88
CGGACACTCGAAGTCCACTG_020,124
CGGACACTCGAAGTCCACTG_021,1
CGGACACTCGAAGTCCACTG_022,12
CGGACACTCGAAGTCCACTG_023,1
CGGACACTCGAAGTCCACTG_024,45
CGGACACTCGAAGTCCACTG_025,67
CGGACACTCGAAGTCCACTG_026,140
CGGACACTCGAAGTCCACTG_027,41
CTACCAGCAGCTGAATGACT_001,147
CTACCAGCAGCTGAATGACT_002,15
CTACCAGCAGCTGAATGACT_003,198
CTACCAGCAGCTGAATGACT_004,95
CTACCAGCAGCTGAATGACT_005,166
CTACCAGCAGCTGAATGACT_006,160
CTACCAGCAGCTGAATGACT_007,174
CTACCAGCAGCTGAATGACT_008,57
CTACCAGCAGCTGAATGACT_009,162
CTACCAGCAGCTGAATGACT_010,61
CTACCAGCAGCTGAATGACT_011,178
CAGGCTTAGGAAGTCAGGCA_001,36
CAGGCTTAGGAAGTCAGGCA_002,47
CAGGCTTAGGAAGTCAGGCA_003,160
CAGGCTTAGGAAGTCAGGCA_004,6
CAGGCTTAGGAAGTCAGGCA_005,48
CAGGCTTAGGAAGTCAGGCA_006,48
CAGGCTTAGGAAGTCAGGCA_007,34
CAGGCTTAGGAAGTCAGGCA_008,93
CAGGCTTAGGAAGTCAGGCA_009,82
CAGGCTTAGGAAGTCAGGCA_010,85
CAGGCTTAGGAAGTCAGGCA_011,97
CAGGCTTAGGAAGTCAGGCA_012,171
CAGGCTTAGGAAGTCAGGCA_013,8
CAGGCTTAGGAAGTCAGGCA_014,8
CAGGCTTAGGAAGTCAGGCA_015,27
CAGGCTTAGGAAGTCAGGCA_016,12
CAGGCTTAGGAAGTCAGGCA_017,151
CAGGCTTAGGAAGTCAGGCA_018,150
CAGGCTTAGGAAGTCAGGCA_019,159
CAGGCTTAGGAAGTCAGGCA_020,96
CAGGCTTAGGAAGTCAGGCA_021,103
CAGGCTTAGGAAGTCAGGCA_022,80
CAGGCTTAGGAAGTCAGGCA_023,135
CAGGCTTAGGAAGTCAGGCA_024,8
CAGGCTTAGGAAGTCAGGCA_025,34
CAGGCTTAGGAAGTCAGGCA_026,141
CAGGCTTAGGAAGTCAGGCA_027,88
CAGGCTTAGGAAGTCAGGCA_028,14
CAGGCTTAGGAAGTCAGGCA_029,82
CAGGCTTAGGAAGTCAGGCA_030,120
CAGGCTTAGGAAGTCAGGCA_031,152
CAGGCTTAGGAAGTCAGGCA_032,81
CAGGCTTAGGAAGTCAGGCA_033,43
CAGGCTTAGGAAGTCAGGCA_034,168
CAGGCTTAGGAAGTCAGGCA_035,4
CAGGCTTAGGAAGTCAGGCA_036,4
CAGGCTTAGGAAGTCAGGCA_037,5
CAGGCTTAGGAAGTCAGGCA_038,143
CAGGCTTAGGAAGTCAGGCA_039,48
CAGGCTTAGGAAGTCAGGCA_040,191
CACAGATTCGCGCACACCGT_001,55
CACAGATTCGCGCACACCGT_002,27
CGGGGCCCGACGTCCCCGCG_001,26
CGGGGCCCGACGTCCCCGCG_002,15
CGGGGCCCGACGTCCCCGCG_003,194
CGGGGCCCGACGTCCCCGCG_004,190
CGGGGCCCGACGTCCCCGCG_005,187
GCAAAGCCAAATGGGAAGCA_001,58
GCAAAGCCAAATGGGAAGCA_002,103
GCAAAGCCAAATGGGAAGCA_003,152
GCAAAGCCAAATGGGAAGCA_004,171
GCAAAGCCAAATGGGAAGCA_005,59
GCAAAGCCAAATGGGAAGCA_006,69
GCAAAGCCAAATGGGAAGCA_007,29
GCAAAGCCAAATGGGAAGCA_008,12
GCAAAGCCAAATGGGAAGCA_009,106
GCAAAGCCAAATGGGAAGCA_010,77
GCAAAGCCAAATGGGAAGCA_011,27
ACAGGAGAGACAATACCGCG_001,159
ACAGGAGAGACAATACCGCG_002,65
ACAGGAGAGACAATACCGCG_003,2
ACAGGAGAGACAATACCGCG_004,19
ACAGGAGAGACAATACCGCG_005,9
ACAGGAGAGACAATACCGCG_006,106
ACAGGAGAGACAATACCGCG_007,127
ACAGGAGAGACAATACCGCG_008,12
ACAGGAGAGACAATACCGCG_009,30
ACGAGGTCTTCAGACAGCTG_001,121
ACGAGGTCTTCAGACAGCTG_002,137
ACGAGGTCTTCAGACAGCTG_003,60
ACGAGGTCTTCAGACAGCTG_004,41
ACGAGGTCTTCAGACAGCTG_005,137
ACGAGGTCTTCAGACAGCTG_006,113
ACGAGGTCTTCAGACAGCTG_007,187
ACGAGGTCTTCAGACAGCTG_008,184
ACGAGGTCTTCAGACAGCTG_009,49
ACGAGGTCTTCAGACAGCTG_010,113
ACGAGGTCTTCAGACAGCTG_011,1
ACGAGGTCTTCAGACAGCTG_012,172
ACGAGGTCTTCAGACAGCTG_013,3
ACGAGGTCTTCAGACAGCTG_014,149
ACGAGGTCTTCAGACAGCTG_015,53
ACGAGGTCTTCAGACAGCTG_016,43
ACGAGGTCTTCAGACAGCTG_017,192
ACGAGGTCTTCAGACAGCTG_018,94
GCAACAATCCAAATGGCCAT_001,153
GCAACAATCCAAATGGCCAT_002,74
GCAACAATCCAAATGGCCAT_003,152
GTATATCAAGAGCCACTACA_001,72
GTATATCAAGAGCCACTACA_002,90
GTATATCAAGAGCCACTACA_003,121
GTATATCAAGAGCCACTACA_004,181
GTATATCAAGAGCCACTACA_005,76
GTATATCAAGAGCCACTACA_006,76
GTATATCAAGAGCCACTACA_007,40
GTATATCAAGAGCCACTACA_008,40
GTATATCAAGAGCCACTACA_009,121
GTATATCAAGAGCCACTACA_010,5
GTATATCAAGAGCCACTACA_011,181
AGATCTGTGAGCCCCACAGA_001,54
AGATCTGTGAGCCCCACAGA_002,159
AGATCTGTGAGCCCCACAGA_003,196
AGATCTGTGAGCCCCACAGA_004,125
AGATCTGTGAGCCCCACAGA_005,69
AGATCTGTGAGCCCCACAGA_006,140
TAAGACACTGTACTTTGACG_001,51
TAAGACACTGTACTTTGACG_002,114
TGCCAATTCTAAGATTGTAG_001,62
TGCCAATTCTAAGATTGTAG_002,175
TCAGGTGTCTTCAGTCAGGG_001,147
TCAGGTGTCTTCAGTCAGGG_002,148
TCAGGTGTCTTCAGTCAGGG_003,158
TCAGGTGTCTTCAGTCAGGG_004,65
AGTAACTGATTCCATCAAGA_001,189
ACACTGACCAGAATTGCTGG_001,44
ACACTGACCAGAATTGCTGG_002,42
ACACTGACCAGAATTGCTGG_003,197
ACACTGACCAGAATTGCTGG_004,113
ACACTGACCAGAATTGCTGG_005,32
ACACTGACCAGAATTGCTGG_006,36
ACACTGACCAGAATTGCTGG_007,62
ACACTGACCAGAATTGCTGG_008,141
ACACTGACCAGAATTGCTGG_009,44
ACACTGACCAGAATTGCTGG_010,146
ACACTGACCAGAATTGCTGG_011,86
ACACTGACCAGAATTGCTGG_012,113
GATGTCAGACTATTGCCTCA_001,168
GATGTCAGACTATTGCCTCA_002,64
GATGTCAGACTATTGCCTCA_003,115
GATGTCAGACTATTGCCTCA_004,37
GTTCCTATTGGTGACCCGGG_001,47
GTTCCTATTGGTGACCCGGG_002,42
GTTCCTATTGGTGACCCGGG_003,62
GTTCCTATTGGTGACCCGGG_004,107
GTTCCTATTGGTGACCCGGG_005,115
GTTCCTATTGGTGACCCGGG_006,102
GTTCCTATTGGTGACCCGGG_007,145
GTTCCTATTGGTGACCCGGG_008,105
GTTCCTATTGGTGACCCGGG_009,39
GTTCCTATTGGTGACCCGGG_010,63
GTTCCTATTGGTGACCCGGG_011,137
GTTCCTATTGGTGACCCGGG_012,168
GTTCCTATTGGTGACCCGGG_013,81
GTTCCTATTGGTGACCCGGG_014,90
CTTCCCATACTGGTTCACGA_001,174
CTTCCCATACTGGTTCACGA_002,103
CTTCCCATACTGGTTCACGA_003,2
CTTCCCATACTGGTTCACGA_004,166
CTTCCCATACTGGTTCACGA_005,94
CTTCCCATACTGGTTCACGA_006,151
CTTCCCATACTGGTTCACGA_007,177
CTTCCCATACTGGTTCACGA_008,2
CTTCCCATACTGGTTCACGA_009,147
CTTCCCATACTGGTTCACGA_010,138
CTTCCCATACTGGTTCACGA_011,64
CTTCCCATACTGGTTCACGA_012,19
CTTCCCATACTGGTTCACGA_013,39
CTTCCCATACTGGTTCACGA_014,98
GCAGAGACTCCTCGGCCATG_001,169
GCAGAGACTCCTCGGCCATG_002,91
GCAGAGACTCCTCGGCCATG_003,78
GCAGAGACTCCTCGGCCATG_004,124
GGAATACCGATGTTGGAACA_001,73
GGAATACCGATGTTGGAACA_002,108
GGAATACCGATGTTGGAACA_003,74
GGAATACCGATGTTGGAACA_004,127
TTACCCACAGCATTGTAGAG_001,111
TTACCCACAGCATTGTAGAG_002,60
TTACCCACAGCATTGTAGAG_003,105
TTACCCACAGCATTGTAGAG_004,161
TTACCCACAGCATTGTAGAG_005,100
GCTGAAGGCGCATTACGTGG_001,121
GCTGAAGGCGCATTACGTGG_002,104
GCTGAAGGCGCATTACGTGG_003,51
GACAAGAAAGACACCGACGT_001,45
GACAAGAAAGACACCGACGT_002,41
GACAAGAAAGACACCGACGT_003,41
GACAAGAAAGACACCGACGT_004,62
GACAAGAAAGACACCGACGT_005,137
GACAAGAAAGACACCGACGT_006,91
GACAAGAAAGACACCGACGT_007,13
GACAAGAAAGACACCGACGT_008,144
GACAAGAAAGACACCGACGT_009,172
GACAAGAAAGACACCGACGT_010,152
CTCCAGAGGAGGAACAACGG_001,166
CTCCAGAGGAGGAACAACGG_002,107
CTCCAGAGGAGGAACAACGG_003,49
CTCCAGAGGAGGAACAACGG_004,58
CTCCAGAGGAGGAACAACGG_005,192
CTCCAGAGGAGGAACAACGG_006,78
CTCCAGAGGAGGAACAACGG_007,56
CTCCAGAGGAGGAACAACGG_008,147
CTCCAGAGGAGGAACAACGG_009,131
CTCCAGAGGAGGAACAACGG_010,169
AGGACTTGGTCAATGCCACG_001,157
AGGACTTGGTCAATGCCACG_002,5
AGGACTTGGTCAATGCCACG_003,36
AGGACTTGGTCAATGCCACG_004,100
AGGACTTGGTCAATGCCACG_005,176
AGGACTTGGTCAATGCCACG_006,105
GGCCGGATGAGCACGCTCAG_001,24
GGCCGGATGAGCACGCTCAG_002,184
GGCCGGATGAGCACGCTCAG_003,134
GGCCGGATGAGCACGCTCAG_004,182
GGCCGGATGAGCACGCTCAG_005,51
GGCCGGATGAGCACGCTCAG_006,198
GGCCGGATGAGCACGCTCAG_007,175
GGCCGGATGAGCACGCTCAG_008,42
GGCCGGATGAGCACGCTCAG_009,159
GGCCGGATGAGCACGCTCAG_010,114
GGCCGGATGAGCACGCTCAG_011,163
GGCCGGATGAGCACGCTCAG_012,154
GGCCGGATGAGCACGCTCAG_013,87
GGCCGGATGAGCACGCTCAG_014,70
GGCCGGATGAGCACGCTCAG_015,113
GGCCGGATGAGCACGCTCAG_016,186
GGCCGGATGAGCACGCTCAG_017,145
GGCCGGATGAGCACGCTCAG_018,107
GGCCGGATGAGCACGCTCAG_019,198
GGCCGGATGAGCACGCTCAG_020,134
GGCCGGATGAGCACGCTCAG_021,96
GGCCGGATGAGCACGCTCAG_022,198
GGCCGGATGAGCACGCTCAG_023,151
GGCCGGATGAGCACGCTCAG_024,107
GGCCGGATGAGCACGCTCAG_025,9
GGCCGGATGAGCACGCTCAG_026,141
GGCCGGATGAGCACGCTCAG_027,133
GGCCGGATGAGCACGCTCAG_028,119
GGCCGGATGAGCACGCTCAG_029,91
GGCCGGATGAGCACGCTCAG_030,177
GGCCGGATGAGCACGCTCAG_031,42
GGCCGGATGAGCACGCTCAG_032,34
GGCCGGATGAGCACGCTCAG_033,40
GGCCGGATGAGCACGCTCAG_034,96
GGCCGGATGAGCACGCTCAG_035,126
GGCCGGATGAGCACGCTCAG_036,46
GGGCAAGTACGAGTGGCAAG_001,127
GGGCAAGTACGAGTGGCAAG_002,167
GGGCAAGTACGAGTGGCAAG_003,152
GGGCAAGTACGAGTGGCAAG_004,84
GGGCAAGTACGAGTGGCAAG_005,118
GGGCAAGTACGAGTGGCAAG_006,104
GGGCAAGTACGAGTGGCAAG_007,148
GAACAGCGAGTGCTCTGTCA_001,172
GAACAGCGAGTGCTCTGTCA_002,103
GAACAGCGAGTGCTCTGTCA_003,147
GAACAGCGAGTGCTCTGTCA_004,34
GAACAGCGAGTGCTCTGTCA_005,77
GAACAGCGAGTGCTCTGTCA_006,61
GAACAGCGAGTGCTCTGTCA_007,86
GAACAGCGAGTGCTCTGTCA_008,82
GAACAGCGAGTGCTCTGTCA_009,36
GGCACCAAATAAAACACACA_001,70
GGCACCAAATAAAACACACA_002,166
GGCACCAAATAAAACACACA_003,187
GGCACCAAATAAAACACACA_004,77
AGTAGTTTGGGTGTGATGGA_001,46
AGTAGTTTGGGTGTGATGGA_002,147
AGTAGTTTGGGTGTGATGGA_003,185
AGTAGTTTGGGTGTGATGGA_004,8
AGTAGTTTGGGTGTGATGGA_005,13
AGTAGTTTGGGTGTGATGGA_006,77
AGTAGTTTGGGTGTGATGGA_007,19
AGTAGTTTGGGTGTGATGGA_008,57
AGTAGTTTGGGTGTGATGGA_009,188
AGTAGTTTGGGTGTGATGGA_010,67
AGTAGTTTGGGTGTGATGGA_011,152
AAGAGACTGTGTTTAGTGTG_001,127
AAGAGACTGTGTTTAGTGTG_002,1
AAGAGACTGTGTTTAGTGTG_003,54
AAGAGACTGTGTTTAGTGTG_004,78
AAGAGACTGTGTTTAGTGTG_005,68
AAGAGACTGTGTTTAGTGTG_006,137
AAGAGACTGTGTTTAGTGTG_007,67
AAGAGACTGTGTTTAGTGTG_008,142
AAGAGACTGTGTTTAGTGTG_009,144
AAGAGACTGTGTTTAGTGTG_010,35
CATCATAAATGTACAACGGG_001,34
CATCATAAATGTACAACGGG_002,63
CATCATAAATGTACAACGGG_003,69
CATCATAAATGTACAACGGG_004,162
CATCATAAATGTACAACGGG_005,35
CATCATAAATGTACAACGGG_006,105
CATCATAAATGTACAACGGG_007,70
CATCATAAATGTACAACGGG_008,186
CATCATAAATGTACAACGGG_009,20
CATCATAAATGTACAACGGG_010,106
CATCATAAATGTACAACGGG_011,113
CATCATAAATGTACAACGGG_012,134
CATCATAAATGTACAACGGG_013,82
CATCATAAATGTACAACGGG_014,141
GCTACGCTCTTTGCGACCGT_001,6
GCTACGCTCTTTGCGACCGT_002,178
GGCCACTCATGCGATCCACT_001,62
GGCCACTCATGCGATCCACT_002,168
GGCCACTCATGCGATCCACT_003,127
GGCCACTCATGCGATCCACT_004,174
GGCCACTCATGCGATCCACT_005,115
GGCCACTCATGCGATCCACT_006,79
GGCCACTCATGCGATCCACT_007,137
GGCCACTCATGCGATCCACT_008,155
GGCCACTCATGCGATCCACT_009,117
GGCCACTCATGCGATCCACT_010,1
GGCCACTCATGCGATCCACT_011,2
GGCCACTCATGCGATCCACT_012,188
GGCCACTCATGCGATCCACT_013,66
GGCCACTCATGCGATCCACT_014,59
GGCCACTCATGCGATCCACT_015,98
GGCCACTCATGCGATCCACT_016,62
GGCCACTCATGCGATCCACT_017,173
GGCCACTCATGCGATCCACT_018,175
CGAGGAGCCAGGTATTTGCG_001,11
CGAGGAGCCAGGTATTTGCG_002,190
CGAGGAGCCAGGTATTTGCG_003,115
CGAGGAGCCAGGTATTTGCG_004,119
CGAGGAGCCAGGTATTTGCG_005,6
CGAGGAGCCAGGTATTTGCG_006,168
TTTCGAAGCATTGTACAGTG_001,1
TTTCGAAGCATTGTACAGTG_002,127
TTTCGAAGCATTGTACAGTG_003,61
TTTCGAAGCATTGTACAGTG_004,2
TTTCGAAGCATTGTACAGTG_005,41
TTTCGAAGCATTGTACAGTG_006,56
TTTCGAAGCATTGTACAGTG_007,115
TTTCGAAGCATTGTACAGTG_008,185
TTTCGAAGCATTGTACAGTG_009,123
TTTCGAAGCATTGTACAGTG_010,106
TTTCGAAGCATTGTACAGTG_011,106
TTTCGAAGCATTGTACAGTG_012,108
CTACTACGATGCCTGCTCGG_001,105
CTACTACGATGCCTGCTCGG_002,64
CTACTACGATGCCTGCTCGG_003,93
CTACTACGATGCCTGCTCGG_004,9
CTACTACGATGCCTGCTCGG_005,191
CTACTACGATGCCTGCTCGG_006,52
CTACTACGATGCCTGCTCGG_007,129
CTACTACGATGCCTGCTCGG_008,123
CTACTACGATGCCTGCTCGG_009,69
GCAAACCGTGAAGCAACTGA_001,54
GCAAACCGTGAAGCAACTGA_002,193
GCAAACCGTGAAGCAACTGA_003,141
GCAAACCGTGAAGCAACTGA_004,17
GCAAACCGTGAAGCAACTGA_005,154
GCAAACCGTGAAGCAACTGA_006,83
GCAAACCGTGAAGCAACTGA_007,50
GCAAACCGTGAAGCAACTGA_008,7
ACTCACCTTCCCAAAAAGGT_001,188
ACTCACCTTCCCAAAAAGGT_002,33
ACTCACCTTCCCAAAAAGGT_003,150
ACTCACCTTCCCAAAAAGGT_004,162
ACTCACCTTCCCAAAAAGGT_005,11
ACTCACCTTCCCAAAAAGGT_006,154
ACTCACCTTCCCAAAAAGGT_007,112
ACTCACCTTCCCAAAAAGGT_008,44
ACTCACCTTCCCAAAAAGGT_009,47
ACTCACCTTCCCAAAAAGGT_010,98
ACTCACCTTCCCAAAAAGGT_011,183
ACTCACCTTCCCAAAAAGGT_012,4
GCCCACCAGCAGTGTGACGT_001,58
GCCCACCAGCAGTGTGACGT_002,145
GCCCACCAGCAGTGTGACGT_003,41
GCCCACCAGCAGTGTGACGT_004,58
GCCCACCAGCAGTGTGACGT_005,172
GCCCACCAGCAGTGTGACGT_006,28
GCCCACCAGCAGTGTGACGT_007,16
GCCCACCAGCAGTGTGACGT_008,106
GCCCACCAGCAGTGTGACGT_009,49
GCCCACCAGCAGTGTGACGT_010,137
GCCCACCAGCAGTGTGACGT_011,141
GCCCACCAGCAGTGTGACGT_012,141
GCCCACCAGCAGTGTGACGT_013,179
TGTCGTTGAGCAAGTTTACG_001,184
TGTCGTTGAGCAAGTTTACG_002,104
TGTCGTTGAGCAAGTTTACG_003,80
TGTCGTTGAGCAAGTTTACG_004,49
TGTCGTTGAGCAAGTTTACG_005,86
TGTCGTTGAGCAAGTTTACG_006,13
TGTCGTTGAGCAAGTTTACG_007,0
AATGACGTTGGAATCACAGA_001,110
AATGACGTTGGAATCACAGA_002,166
AATGACGTTGGAATCACAGA_003,53
ACATAGGGGAGTGCAGTCGC_001,58
ACATAGGGGAGTGCAGTCGC_002,53
ACATAGGGGAGTGCAGTCGC_003,28
ACATAGGGGAGTGCAGTCGC_004,29
ACATAGGGGAGTGCAGTCGC_005,182
ACATAGGGGAGTGCAGTCGC_006,107
ACATAGGGGAGTGCAGTCGC_007,67
ACATAGGGGAGTGCAGTCGC_008,29
ACATAGGGGAGTGCAGTCGC_009,148
ACATAGGGGAGTGCAGTCGC_010,50
ACATAGGGGAGTGCAGTCGC_011,161
ACATAGGGGAGTGCAGTCGC_012,38
ACATAGGGGAGTGCAGTCGC_013,2
ACATAGGGGAGTGCAGTCGC_014,9
ACATAGGGGAGTGCAGTCGC_015,44
ACATAGGGGAGTGCAGTCGC_016,94
ACATAGGGGAGTGCAGTCGC_017,165
ACATAGGGGAGTGCAGTCGC_018,190
ACATAGGGGAGTGCAGTCGC_019,115
ACATAGGGGAGTGCAGTCGC_020,151
ACATAGGGGAGTGCAGTCGC_021,149
ACATAGGGGAGTGCAGTCGC_022,141
ACATAGGGGAGTGCAGTCGC_023,36
ACATAGGGGAGTGCAGTCGC_024,174
ACATAGGGGAGTGCAGTCGC_025,77
ACATAGGGGAGTGCAGTCGC_026,184
ACATAGGGGAGTGCAGTCGC_027,56
ACATAGGGGAGTGCAGTCGC_028,144
ACATAGGGGAGTGCAGTCGC_029,49
ACATAGGGGAGTGCAGTCGC_030,138
ACATAGGGGAGTGCAGTCGC_031,57
ACATAGGGGAGTGCAGTCGC_032,61
GCCGCCAAGACGGAAATCGG_001,35
GCCGCCAAGACGGAAATCGG_002,162
GCCGCCAAGACGGAAATCGG_003,154
GCCGCCAAGACGGAAATCGG_004,97
GCCGCCAAGACGGAAATCGG_005,100
GCCGCCAAGACGGAAATCGG_006,191
GCCGCCAAGACGGAAATCGG_007,96
GCCGCCAAGACGGAAATCGG_008,100
GCCGCCAAGACGGAAATCGG_009,82
GCCGCCAAGACGGAAATCGG_010,36
GCCGCCAAGACGGAAATCGG_011,135
GCCGCCAAGACGGAAATCGG_012,88
GCCGCCAAGACGGAAATCGG_013,137
GCCGCCAAGACGGAAATCGG_014,141
GCCGCCAAGACGGAAATCGG_015,167
GCCGCCAAGACGGAAATCGG_016,185
GCCGCCAAGACGGAAATCGG_017,123
GCCGCCAAGACGGAAATCGG_018,61
GCCGCCAAGACGGAAATCGG_019,129
GCCGCCAAGACGGAAATCGG_020,56
GCCGCCAAGACGGAAATCGG_021,78
GCCGCCAAGACGGAAATCGG_022,72
GCCGCCAAGACGGAAATCGG_023,129
GCCGCCAAGACGGAAATCGG_024,113
GCCGCCAAGACGGAAATCGG_025,181
GCCGCCAAGACGGAAATCGG_026,77
GCCGCCAAGACGGAAATCGG_027,170
GCCGCCAAGACGGAAATCGG_028,66
GCCGCCAAGACGGAAATCGG_029,141
GCCGCCAAGACGGAAATCGG_030,33
GCCGCCAAGACGGAAATCGG_031,52
AGAAAAACGTGGAATCGACG_001,115
AGAAAAACGTGGAATCGACG_002,171
AGAAAAACGTGGAATCGACG_003,136
GTTTATCCAGAAGATAAGGC_001,56
GTTTATCCAGAAGATAAGGC_002,161
GTTTATCCAGAAGATAAGGC_003,39
GTTTATCCAGAAGATAAGGC_004,49
GTTTATCCAGAAGATAAGGC_005,27
CGCACACGTCTGCACACCAG_001,186
CGCACACGTCTGCACACCAG_002,146
CGCACACGTCTGCACACCAG_003,141
TGGAGGACGACACCTACCGA_001,88
TGGAGGACGACACCTACCGA_002,105
TGGAGGACGACACCTACCGA_003,94
TGGAGGACGACACCTACCGA_004,170
TGGAGGACGACACCTACCGA_005,115
TGGAGGACGACACCTACCGA_006,27
TGGAGGACGACACCTACCGA_007,136
TGGAGGACGACACCTACCGA_008,29
TGGAGGACGACACCTACCGA_009,19
TGGAGGACGACACCTACCGA_010,157
TGGAGGACGACACCTACCGA_011,86
TGGAGGACGACACCTACCGA_012,36
TGGAGGACGACACCTACCGA_013,121
TGGAGGACGACACCTACCGA_014,158
TGGAGGACGACACCTACCGA_015,17
TGGAGGACGACACCTACCGA_016,83
TGGAGGACGACACCTACCGA_017,165
TGGAGGACGACACCTACCGA_018,165
TGGAGGACGACACCTACCGA_019,167
TGGAGGACGACACCTACCGA_020,68
CAAACGCATCACAGCCTCAG_001,2
GTACAGTATGTACTGCTCCA_001,139
GTACAGTATGTACTGCTCCA_002,49
TCAATGAGTGAATCCAAACG_001,193
TCAATGAGTGAATCCAAACG_002,186
AGCAGGAGCTGCAGCGACGT_001,0
AGCAGGAGCTGCAGCGACGT_002,137
AGCAGGAGCTGCAGCGACGT_003,137
AGCAGGAGCTGCAGCGACGT_004,16
AGCAGGAGCTGCAGCGACGT_005,162
AGCAGGAGCTGCAGCGACGT_006,4
AGCAGGAGCTGCAGCGACGT_007,88
AGCAGGAGCTGCAGCGACGT_008,116
AGCAGGAGCTGCAGCGACGT_009,34
AGCAGGAGCTGCAGCGACGT_010,81
AGCAGGAGCTGCAGCGACGT_011,84
AGCAGGAGCTGCAGCGACGT_012,120
AGCAGGAGCTGCAGCGACGT_013,157
AGCAGGAGCTGCAGCGACGT_014,130
AGCAGGAGCTGCAGCGACGT_015,146
AGCAGGAGCTGCAGCGACGT_016,159
AGCAGGAGCTGCAGCGACGT_017,170
AGCAGGAGCTGCAGCGACGT_018,10
CCTGAGACAGCCACTTCCGG_001,98
CCTGAGACAGCCACTTCCGG_002,172
CCTGAGACAGCCACTTCCGG_003,145
CCTGAGACAGCCACTTCCGG_004,12
CCTGAGACAGCCACTTCCGG_005,11
CCTGAGACAGCCACTTCCGG_006,76
CCTGAGACAGCCACTTCCGG_007,14
CCTGAGACAGCCACTTCCGG_008,54
TTCTCCAAATCCACACCATG_001,188
TTCTCCAAATCCACACCATG_002,183
TTCTCCAAATCCACACCATG_003,0
TTCTCCAAATCCACACCATG_004,118
TTCTCCAAATCCACACCATG_005,45
TTCTCCAAATCCACACCATG_006,103
TTCTCCAAATCCACACCATG_007,159
TTCTCCAAATCCACACCATG_008,31
TTCTCCAAATCCACACCATG_009,40
TTCTCCAAATCCACACCATG_010,39
GGTGGCACAGCTGGCATACG_001,185
GGTGGCACAGCTGGCATACG_002,2
GGTGGCACAGCTGGCATACG_003,52
GGTGGCACAGCTGGCATACG_004,104
GGTGGCACAGCTGGCATACG_005,184
GGTGGCACAGCTGGCATACG_006,83
GGTGGCACAGCTGGCATACG_007,87
GGTGGCACAGCTGGCATACG_008,134
GGTGGCACAGCTGGCATACG_009,134
GGTGGCACAGCTGGCATACG_010,40
AAAAGGTGGGACTCCACAAG_001,48
AAAAGGTGGGACTCCACAAG_002,52
AAAAGGTGGGACTCCACAAG_003,100
AAAAGGTGGGACTCCACAAG_004,161
AAAAGGTGGGACTCCACAAG_005,67
AAAAGGTGGGACTCCACAAG_006,158
AAAAGGTGGGACTCCACAAG_007,107
AAAAGGTGGGACTCCACAAG_008,14
AAAAGGTGGGACTCCACAAG_009,103
AAAAGGTGGGACTCCACAAG_010,1
AAAAGGTGGGACTCCACAAG_011,168
AGAACCAAAGAATGGGTAAG_001,51
AGAACCAAAGAATGGGTAAG_002,12
AGAACCAAAGAATGGGTAAG_003,153
AGAACCAAAGAATGGGTAAG_004,77
AGAACCAAAGAATGGGTAAG_005,125
AGAACCAAAGAATGGGTAAG_006,64
AGAACCAAAGAATGGGTAAG_007,62
GAGCAAAGATGGCTTCCTAG_001,142
GAGCAAAGATGGCTTCCTAG_002,174
GAGCAAAGATGGCTTCCTAG_003,106
GAGCAAAGATGGCTTCCTAG_004,42
GAGCAAAGATGGCTTCCTAG_005,38
GAGCAAAGATGGCTTCCTAG_006,81
GCACCAGCATGTTTGACATG_001,117
GCCGGAACTAGAACCAAACA_001,190
GCCGGAACTAGAACCAAACA_002,15
GCCGGAACTAGAACCAAACA_003,132
GCCGGAACTAGAACCAAACA_004,148
GCCAGGTCCAAACACCACTG_001,81
GCCAGGTCCAAACACCACTG_002,160
GCCAGGTCCAAACACCACTG_003,1
GCCAGGTCCAAACACCACTG_004,189
GCCAGGTCCAAACACCACTG_005,115
GCCAGGTCCAAACACCACTG_006,91
GCCAGGTCCAAACACCACTG_007,9
GCCAGGTCCAAACACCACTG_008,86
GCCAGGTCCAAACACCACTG_009,82
ATACTAACTTTACGAGTCAG_001,146
ATACTAACTTTACGAGTCAG_002,48
ATACTAACTTTACGAGTCAG_003,127
ATACTAACTTTACGAGTCAG_004,198
ATACTAACTTTACGAGTCAG_005,137
ATACTAACTTTACGAGTCAG_006,38
ATACTAACTTTACGAGTCAG_007,21
ATACTAACTTTACGAGTCAG_008,178
ATACTAACTTTACGAGTCAG_009,18
ATACTAACTTTACGAGTCAG_010,61
ATACTAACTTTACGAGTCAG_011,191
ATACTAACTTTACGAGTCAG_012,186
ATACTAACTTTACGAGTCAG_013,96
ATACTAACTTTACGAGTCAG_014,151
ATACTAACTTTACGAGTCAG_015,142
CCATTGCATAAAGTTGTCGT_001,172
CCATTGCATAAAGTTGTCGT_002,41
CCATTGCATAAAGTTGTCGT_003,198
ATGAAGTTAACACTAAGACT_001,175
ATGAAGTTAACACTAAGACT_002,7
ATGAAGTTAACACTAAGACT_003,54
ATGAAGTTAACACTAAGACT_004,94
ATGAAGTTAACACTAAGACT_005,28
ATGAAGTTAACACTAAGACT_006,147
ATGAAGTTAACACTAAGACT_007,1
ATGAAGTTAACACTAAGACT_008,162
ATGAAGTTAACACTAAGACT_009,169
ATGAAGTTAACACTAAGACT_010,144
ATGAAGTTAACACTAAGACT_011,114
ATGAAGTTAACACTAAGACT_012,12
ATGAAGTTAACACTAAGACT_013,182
TGATGTCAACAGGAGCGCGA_001,93
TGATGTCAACAGGAGCGCGA_002,68
TGATGTCAACAGGAGCGCGA_003,0
TGATGTCAACAGGAGCGCGA_004,58
TGATGTCAACAGGAGCGCGA_005,60
TGATGTCAACAGGAGCGCGA_006,178
TGATGTCAACAGGAGCGCGA_007,108
TGATGTCAACAGGAGCGCGA_008,192
TGATGTCAACAGGAGCGCGA_009,94
TGATGTCAACAGGAGCGCGA_010,185
TGATGTCAACAGGAGCGCGA_011,53
TGATGTCAACAGGAGCGCGA_012,171
TGATGTCAACAGGAGCGCGA_013,194
TGATGTCAACAGGAGCGCGA_014,60
TGATGTCAACAGGAGCGCGA_015,98
TGATGTCAACAGGAGCGCGA_016,126
TGATGTCAACAGGAGCGCGA_017,45
TGATGTCAACAGGAGCGCGA_018,67
TGATGTCAACAGGAGCGCGA_019,162
TGATGTCAACAGGAGCGCGA_020,70
TGATGTCAACAGGAGCGCGA_021,55
TGATGTCAACAGGAGCGCGA_022,42
TGATGTCAACAGGAGCGCGA_023,12
TGATGTCAACAGGAGCGCGA_024,107
TGATGTCAACAGGAGCGCGA_025,92
TGATGTCAACAGGAGCGCGA_026,185
TGATGTCAACAGGAGCGCGA_027,114
TGATGTCAACAGGAGCGCGA_028,10
TGATGTCAACAGGAGCGCGA_029,21
TGATGTCAACAGGAGCGCGA_030,91
TGATGTCAACAGGAGCGCGA_031,104
TGATGTCAACAGGAGCGCGA_032,130
TGATGTCAACAGGAGCGCGA_033,169
TGATGTCAACAGGAGCGCGA_034,68
TGATGTCAACAGGAGCGCGA_035,60
TGATGTCAACAGGAGCGCGA_036,178
GCTGCAAGGGTTTACATACA_001,137
GCTGCAAGGGTTTACATACA_002,78
GCTGCAAGGGTTTACATACA_003,173
GCTGCAAGGGTTTACATACA_004,15
GCTGCAAGGGTTTACATACA_005,193
CCCTGCAATATCTGAGCCAG_001,50
CCCTGCAATATCTGAGCCAG_002,40
CCCTGCAATATCTGAGCCAG_003,158
GAGCAACGCATCATCGTAGG_001,47
GAGCAACGCATCATCGTAGG_002,180
GAGCAACGCATCATCGTAGG_003,127
GAGCAACGCATCATCGTAGG_004,189
GAGCAACGCATCATCGTAGG_005,192
GAGCAACGCATCATCGTAGG_006,126
GAGCAACGCATCATCGTAGG_007,39
GAGCAACGCATCATCGTAGG_008,80
GATCCTTTGATAAGTCGACC_001,32
GATCCTTTGATAAGTCGACC_002,184
GATCCTTTGATAAGTCGACC_003,152
GATCCTTTGATAAGTCGACC_004,4
GATCCTTTGATAAGTCGACC_005,40
GATCCTTTGATAAGTCGACC_006,82
GATCCTTTGATAAGTCGACC_007,162
GATCCTTTGATAAGTCGACC_008,37
GATCCTTTGATAAGTCGACC_009,169
GATCCTTTGATAAGTCGACC_010,191
GATCCTTTGATAAGTCGACC_011,192
GATCCTTTGATAAGTCGACC_012,126
GATCCTTTGATAAGTCGACC_013,113
GCAGCAGAGAAATCCCAAAG_001,85
GCAGCAGAGAAATCCCAAAG_002,191
GCAGCAGAGAAATCCCAAAG_003,172
GCAGCAGAGAAATCCCAAAG_004,98
GCAGCAGAGAAATCCCAAAG_005,117
GCAGCAGAGAAATCCCAAAG_006,148
CAGGACGCAAGCCTACCTCT_001,150
CAGGACGCAAGCCTACCTCT_002,139
CAGGACGCAAGCCTACCTCT_003,181
CAGGACGCAAGCCTACCTCT_004,94
CAGGACGCAAGCCTACCTCT_005,11
CAGGACGCAAGCCTACCTCT_006,72
CAGGACGCAAGCCTACCTCT_007,103
CAGGACGCAAGCCTACCTCT_008,170
CAGGACGCAAGCCTACCTCT_009,29
CAGGACGCAAGCCTACCTCT_010,179
CAGGACGCAAGCCTACCTCT_011,162
CAGGACGCAAGCCTACCTCT_012,106
CAGGACGCAAGCCTACCTCT_013,195
CGGACACCCGAAGAAACATA_001,35
CGGACACCCGAAGAAACATA_002,147
CGGACACCCGAAGAAACATA_003,119
CGGACACCCGAAGAAACATA_004,83
CGGACACCCGAAGAAACATA_005,19
GTGACTTGGGCAGTTGTGGG_001,34
GTGACTTGGGCAGTTGTGGG_002,34
GTGACTTGGGCAGTTGTGGG_003,115
GTGACTTGGGCAGTTGTGGG_004,48
GTGACTTGGGCAGTTGTGGG_005,25
GTGACTTGGGCAGTTGTGGG_006,159
GTGACTTGGGCAGTTGTGGG_007,144
GTGACTTGGGCAGTTGTGGG_008,178
GTGACTTGGGCAGTTGTGGG_009,19
GTGACTTGGGCAGTTGTGGG_010,119
GTGACTTGGGCAGTTGTGGG_011,76
GTGACTTGGGCAGTTGTGGG_012,176
GTGACTTGGGCAGTTGTGGG_013,5
GTGACTTGGGCAGTTGTGGG_014,18
GTGACTTGGGCAGTTGTGGG_015,120
GTGACTTGGGCAGTTGTGGG_016,38
GTGACTTGGGCAGTTGTGGG_017,94
GTGACTTGGGCAGTTGTGGG_018,33
GTGACTTGGGCAGTTGTGGG_019,41
GTGACTTGGGCAGTTGTGGG_020,182
GTGACTTGGGCAGTTGTGGG_021,145
GTGACTTGGGCAGTTGTGGG_022,48
GTGACTTGGGCAGTTGTGGG_023,8
GTGACTTGGGCAGTTGTGGG_024,32
GTGACTTGGGCAGTTGTGGG_025,54
GTGACTTGGGCAGTTGTGGG_026,154
GTGACTTGGGCAGTTGTGGG_027,117
GTGACTTGGGCAGTTGTGGG_028,149
GTGACTTGGGCAGTTGTGGG_029,39
GTGACTTGGGCAGTTGTGGG_030,50
GTGACTTGGGCAGTTGTGGG_031,80
GTGACTTGGGCAGTTGTGGG_032,84
CGAGAAGTCCGCCGACCCCA_001,115
CGAGAAGTCCGCCGACCCCA_002,68
CGAGAAGTCCGCCGACCCCA_003,111
CGAGAAGTCCGCCGACCCCA_004,65
CGAGAAGTCCGCCGACCCCA_005,58
CGAGAAGTCCGCCGACCCCA_006,150
CGAGAAGTCCGCCGACCCCA_007,81
CGAGAAGTCCGCCGACCCCA_008,106
CGAGAAGTCCGCCGACCCCA_009,105
AAATTTAGAATCGATAACAG_001,81
AAATTTAGAATCGATAACAG_002,72
AAATTTAGAATCGATAACAG_003,157
AGATAAGAATCTCTTCCTCA_001,134
AGATAAGAATCTCTTCCTCA_002,125
AGATAAGAATCTCTTCCTCA_003,12
AGGCATGACTTACCTCTAGG_001,67
AGGCATGACTTACCTCTAGG_002,41
AGGCATGACTTACCTCTAGG_003,187
AGGCATGACTTACCTCTAGG_004,75
AGGCATGACTTACCTCTAGG_005,80
AGGCATGACTTACCTCTAGG_006,139
AGGCATGACTTACCTCTAGG_007,172
AGGCATGACTTACCTCTAGG_008,115
AGGCATGACTTACCTCTAGG_009,193
AGGCATGACTTACCTCTAGG_010,127
ATTTCAAGAACTAATCCAAG_001,68
ATTTCAAGAACTAATCCAAG_002,70
ATTTCAAGAACTAATCCAAG_003,0
AACAACCTACTGGACGACAA_001,177
AACAACCTACTGGACGACAA_002,163
AACAACCTACTGGACGACAA_003,56
AACAACCTACTGGACGACAA_004,59
AACAACCTACTGGACGACAA_005,123
AACAACCTACTGGACGACAA_006,138
AACAACCTACTGGACGACAA_007,188
AACAACCTACTGGACGACAA_008,128
GAAGCTTCATACCACACTGT_001,183
GAAGCTTCATACCACACTGT_002,175
GAAGCTTCATACCACACTGT_003,137
GAAGCTTCATACCACACTGT_004,175
GAAGCTTCATACCACACTGT_005,64
ACGGTGATGCCAAACTAGAG_001,55
ACGGTGATGCCAAACTAGAG_002,5
ACGGTGATGCCAAACTAGAG_003,22
ACGGTGATGCCAAACTAGAG_004,76
ACGGTGATGCCAAACTAGAG_005,115
ACGGTGATGCCAAACTAGAG_006,34
ACGGTGATGCCAAACTAGAG_007,146
ACGGTGATGCCAAACTAGAG_008,166
ACGGTGATGCCAAACTAGAG_009,115
ACGGTGATGCCAAACTAGAG_010,130
ACGGTGATGCCAAACTAGAG_011,44
CAGTTTGCGAATCAGCAGCT_001,83
CAGTTTGCGAATCAGCAGCT_002,150
CAGTTTGCGAATCAGCAGCT_003,170
CAGTTTGCGAATCAGCAGCT_004,161
CAGTTTGCGAATCAGCAGCT_005,135
CAGTTTGCGAATCAGCAGCT_006,50
CAGTTTGCGAATCAGCAGCT_007,90
CAGTTTGCGAATCAGCAGCT_008,52
CAGTTTGCGAATCAGCAGCT_009,81
CAGTTTGCGAATCAGCAGCT_010,170
CAGTTTGCGAATCAGCAGCT_011,62
CAGTTTGCGAATCAGCAGCT_012,94
CAGTTTGCGAATCAGCAGCT_013,86
CAGTTTGCGAATCAGCAGCT_014,110
CAGTTTGCGAATCAGCAGCT_015,145
CAGTTTGCGAATCAGCAGCT_016,62
CAGTTTGCGAATCAGCAGCT_017,94
CAGTTTGCGAATCAGCAGCT_018,175
CAGTTTGCGAATCAGCAGCT_019,48
CAGTTTGCGAATCAGCAGCT_020,151
CAGTTTGCGAATCAGCAGCT_021,155
CAGTTTGCGAATCAGCAGCT_022,30
CAGTTTGCGAATCAGCAGCT_023,127
CAGTTTGCGAATCAGCAGCT_024,28
CAGTTTGCGAATCAGCAGCT_025,102
GCCATACCGGTAGAGTACAA_001,161
GCCATACCGGTAGAGTACAA_002,138
GCCATACCGGTAGAGTACAA_003,100
GCCATACCGGTAGAGTACAA_004,9
GCCATACCGGTAGAGTACAA_005,67
GCCATACCGGTAGAGTACAA_006,36
GCCATACCGGTAGAGTACAA_007,185
GCCATACCGGTAGAGTACAA_008,115
GCCATACCGGTAGAGTACAA_009,174
GCCATACCGGTAGAGTACAA_010,121
GCCATACCGGTAGAGTACAA_011,37
GGCGCCCGAGTAGAGGCACA_001,80
GGCGCCCGAGTAGAGGCACA_002,94
GGCGCCCGAGTAGAGGCACA_003,151
GGCGCCCGAGTAGAGGCACA_004,92
GGCGCCCGAGTAGAGGCACA_005,161
GGCGCCCGAGTAGAGGCACA_006,80
GGCGCCCGAGTAGAGGCACA_007,162
GGCGCCCGAGTAGAGGCACA_008,56
GGCGCCCGAGTAGAGGCACA_009,130
GGCGCCCGAGTAGAGGCACA_010,165
GGCGCCCGAGTAGAGGCACA_011,54
GGCGCCCGAGTAGAGGCACA_012,166
GGCGCCCGAGTAGAGGCACA_013,141
GGCGCCCGAGTAGAGGCACA_014,119
GGCGCCCGAGTAGAGGCACA_015,144
GGCGCCCGAGTAGAGGCACA_016,29
GGCGCCCGAGTAGAGGCACA_017,178
GGCGCCCGAGTAGAGGCACA_018,54
GGCGCCCGAGTAGAGGCACA_019,74
GGCGCCCGAGTAGAGGCACA_020,48
GGCGCCCGAGTAGAGGCACA_021,27
GGCGCCCGAGTAGAGGCACA_022,131
GTTGAGGAACGATTTCCACC_001,150
GTTGAGGAACGATTTCCACC_002,115
GTTGAGGAACGATTTCCACC_003,131
GTTGAGGAACGATTTCCACC_004,194
GTTGAGGAACGATTTCCACC_005,110
GTTGAGGAACGATTTCCACC_006,16
GTTGAGGAACGATTTCCACC_007,43
GTTGAGGAACGATTTCCACC_008,28
GTTGAGGAACGATTTCCACC_009,138
GTTGAGGAACGATTTCCACC_010,144
GTTGAGGAACGATTTCCACC_011,70
GTTGAGGAACGATTTCCACC_012,77
ACAATCCCTACATTTCGTGG_001,84
CTGCAAAAGGTTTCTCCAGG_001,199
CTGCAAAAGGTTTCTCCAGG_002,76
CTGCAAAAGGTTTCTCCAGG_003,1
CTGCAAAAGGTTTCTCCAGG_004,147
CTGCAAAAGGTTTCTCCAGG_005,163
CTGCAAAAGGTTTCTCCAGG_006,63
CTGCAAAAGGTTTCTCCAGG_007,18
TAAGGGCATAACAGGAACTG_001,147
CAGACACTGGAACATGACCT_001,5
CAGACACTGGAACATGACCT_002,57
CAGACACTGGAACATGACCT_003,105
CAGACACTGGAACATGACCT_004,175
CAGACACTGGAACATGACCT_005,159
CAGACACTGGAACATGACCT_006,172
CAGACACTGGAACATGACCT_007,190
CAGACACTGGAACATGACCT_008,63
CAGACACTGGAACATGACCT_009,176
CAGACACTGGAACATGACCT_010,174
CAGACACTGGAACATGACCT_011,62
CAGACACTGGAACATGACCT_012,157
CAGACACTGGAACATGACCT_013,50
CAGACACTGGAACATGACCT_014,0
CAGACACTGGAACATGACCT_015,99
CAGACACTGGAACATGACCT_016,100
CCTATGAATGCAGCTTGCCA_001,36
CCTATGAATGCAGCTTGCCA_002,77
CCTATGAATGCAGCTTGCCA_003,199
CCTATGAATGCAGCTTGCCA_004,134
CCTATGAATGCAGCTTGCCA_005,168
CCTATGAATGCAGCTTGCCA_006,188
CCTATGAATGCAGCTTGCCA_007,56
CCTATGAATGCAGCTTGCCA_008,91
CCTATGAATGCAGCTTGCCA_009,29
CCTATGAATGCAGCTTGCCA_010,90
CCTATGAATGCAGCTTGCCA_011,35
CCTATGAATGCAGCTTGCCA_012,41
CCTATGAATGCAGCTTGCCA_013,55
CCTATGAATGCAGCTTGCCA_014,83
TGCAGGCACAGGTTCGAATG_001,148
TGCAGGCACAGGTTCGAATG_002,177
TGCAGGCACAGGTTCGAATG_003,56
GGGGAGTGTAGTCACCAACG_001,195
GGGGAGTGTAGTCACCAACG_002,129
GGGGAGTGTAGTCACCAACG_003,27
GGGGAGTGTAGTCACCAACG_004,140
GGGGAGTGTAGTCACCAACG_005,186
GGGGAGTGTAGTCACCAACG_006,29
GGGGAGTGTAGTCACCAACG_007,121
GGGGAGTGTAGTCACCAACG_008,183
CCACCCAAGAGAATGCTGGG_001,95
CCACCCAAGAGAATGCTGGG_002,36
CCACCCAAGAGAATGCTGGG_003,130
CCACCCAAGAGAATGCTGGG_004,142
CCACCCAAGAGAATGCTGGG_005,65
CCACCCAAGAGAATGCTGGG_006,158
CCACCCAAGAGAATGCTGGG_007,29
CCACCCAAGAGAATGCTGGG_008,152
CCACCCAAGAGAATGCTGGG_009,137
CCACCCAAGAGAATGCTGGG_010,57
CCACCCAAGAGAATGCTGGG_011,127
CCACCCAAGAGAATGCTGGG_012,181
CCACCCAAGAGAATGCTGGG_013,81
CCACCCAAGAGAATGCTGGG_014,81
CCACCCAAGAGAATGCTGGG_015,100
CCACCCAAGAGAATGCTGGG_016,125
CCACCCAAGAGAATGCTGGG_017,41
CCACCCAAGAGAATGCTGGG_018,74
CCACCCAAGAGAATGCTGGG_019,116
CCACCCAAGAGAATGCTGGG_020,98
CCACCCAAGAGAATGCTGGG_021,198
TGGCAGAACTCTGTGGATGG_001,185
TGGCAGAACTCTGTGGATGG_002,159
TGGCAGAACTCTGTGGATGG_003,159
CAGACTACGGGCTAAGCGTC_001,191
CAGACTACGGGCTAAGCGTC_002,119
CAGACTACGGGCTAAGCGTC_003,154
CAGACTACGGGCTAAGCGTC_004,33
CAGACTACGGGCTAAGCGTC_005,181
CAGACTACGGGCTAAGCGTC_006,32
CAGACTACGGGCTAAGCGTC_007,108
CAGACTACGGGCTAAGCGTC_008,110
CAGACTACGGGCTAAGCGTC_009,59
CAGACTACGGGCTAAGCGTC_010,45
CAGACTACGGGCTAAGCGTC_011,43
CAGACTACGGGCTAAGCGTC_012,102
CAGACTACGGGCTAAGCGTC_013,22
CAGACTACGGGCTAAGCGTC_014,197
CAGACTACGGGCTAAGCGTC_015,83
CAGACTACGGGCTAAGCGTC_016,154
CAGACTACGGGCTAAGCGTC_017,13
CAGACTACGGGCTAAGCGTC_018,41
CAGACTACGGGCTAAGCGTC_019,13
CAGACTACGGGCTAAGCGTC_020,71
CAGACTACGGGCTAAGCGTC_021,151
CAGACTACGGGCTAAGCGTC_022,69
CAGACTACGGGCTAAGCGTC_023,192
CAGACTACGGGCTAAGCGTC_024,82
CAGACTACGGGCTAAGCGTC_025,55
CAGACTACGGGCTAAGCGTC_026,78
CAGACTACGGGCTAAGCGTC_027,48
CAGACTACGGGCTAAGCGTC_028,91
ACAAAGCCTAGGTTCTCACA_001,27
ACAAAGCCTAGGTTCTCACA_002,161
ACAAAGCCTAGGTTCTCACA_003,32
ACAAAGCCTAGGTTCTCACA_004,177
GCTCGTCCAAGTGCACCAAG_001,41
GCTCGTCCAAGTGCACCAAG_002,72
GCTCGTCCAAGTGCACCAAG_003,72
GCTCGTCCAAGTGCACCAAG_004,53
GCTCGTCCAAGTGCACCAAG_005,26
GCTCGTCCAAGTGCACCAAG_006,48
GCTCGTCCAAGTGCACCAAG_007,19
GCTCGTCCAAGTGCACCAAG_008,40
GCTCGTCCAAGTGCACCAAG_009,121
GCTCGTCCAAGTGCACCAAG_010,78
GCTCGTCCAAGTGCACCAAG_011,83
GCTCGTCCAAGTGCACCAAG_012,174
GCTCGTCCAAGTGCACCAAG_013,116
GCTCGTCCAAGTGCACCAAG_014,88
GCTCGTCCAAGTGCACCAAG_015,9
GCTCGTCCAAGTGCACCAAG_016,102
GGAGGACTTCGACCTGCACG_001,115
GGAGGACTTCGACCTGCACG_002,23
GGAGGACTTCGACCTGCACG_003,172
GGAGGACTTCGACCTGCACG_004,162
CCTCAGCCACAGGTACGAGA_001,167
CCTCAGCCACAGGTACGAGA_002,19
CCTCAGCCACAGGTACGAGA_003,115
CCTCAGCCACAGGTACGAGA_004,168
CCTCAGCCACAGGTACGAGA_005,199
CCTCAGCCACAGGTACGAGA_006,178
CCTCAGCCACAGGTACGAGA_007,168
CCTCAGCCACAGGTACGAGA_008,128
CCTCAGCCACAGGTACGAGA_009,72
CCTCAGCCACAGGTACGAGA_010,72
CCTCAGCCACAGGTACGAGA_011,131
GGCTCGAGGCTCGCGCACTG_001,172
GGCTCGAGGCTCGCGCACTG_002,147
GGCTCGAGGCTCGCGCACTG_003,170
GGCTCGAGGCTCGCGCACTG_004,126
GGCTCGAGGCTCGCGCACTG_005,169
GGCTCGAGGCTCGCGCACTG_006,191
GGCTCGAGGCTCGCGCACTG_007,176
GGCTCGAGGCTCGCGCACTG_008,62
GGCTCGAGGCTCGCGCACTG_009,57
GGCTCGAGGCTCGCGCACTG_010,94
GGCTCGAGGCTCGCGCACTG_011,105
GGCTCGAGGCTCGCGCACTG_012,133
GGCTCGAGGCTCGCGCACTG_013,169
GGCTCGAGGCTCGCGCACTG_014,125
GGCTCGAGGCTCGCGCACTG_015,145
GGCTCGAGGCTCGCGCACTG_016,57
GGCTCGAGGCTCGCGCACTG_017,121
GGCTCGAGGCTCGCGCACTG_018,154
GGCTCGAGGCTCGCGCACTG_019,34
GGCTCGAGGCTCGCGCACTG_020,140
GGCTCGAGGCTCGCGCACTG_021,174
GGCTCGAGGCTCGCGCACTG_022,57
GGCTCGAGGCTCGCGCACTG_023,129
GGCTCGAGGCTCGCGCACTG_024,174
GGCTCGAGGCTCGCGCACTG_025,144
GGCTCGAGGCTCGCGCACTG_026,106
GGCTCGAGGCTCGCGCACTG_027,46
GGCTCGAGGCTCGCGCACTG_028,45
GGCTCGAGGCTCGCGCACTG_029,194
GGCTCGAGGCTCGCGCACTG_030,76
GGCTCGAGGCTCGCGCACTG_031,62
GGCTCGAGGCTCGCGCACTG_032,191
GGCTCGAGGCTCGCGCACTG_033,131
GGCTCGAGGCTCGCGCACTG_034,164
GGCTCGAGGCTCGCGCACTG_035,164
GGCTCGAGGCTCGCGCACTG_036,121
GGCTCGAGGCTCGCGCACTG_037,3
GGCTCGAGGCTCGCGCACTG_038,115
GGCTCGAGGCTCGCGCACTG_039,126
GGCTCGAGGCTCGCGCACTG_040,197
GGCTCGAGGCTCGCGCACTG_041,57
GGCTCGAGGCTCGCGCACTG_042,40
CAAAATCTAGCAATTTTTGG_001,175
CAAAATCTAGCAATTTTTGG_002,148
CAAAATCTAGCAATTTTTGG_003,102
CGCACCGTCTGCGTTGTGTG_001,118
CGCACCGTCTGCGTTGTGTG_002,24
CGCACCGTCTGCGTTGTGTG_003,28
CGCACCGTCTGCGTTGTGTG_004,51
CGCACCGTCTGCGTTGTGTG_005,77
CGCACCGTCTGCGTTGTGTG_006,1
CGCACCGTCTGCGTTGTGTG_007,45
CGCACCGTCTGCGTTGTGTG_008,105
CGCACCGTCTGCGTTGTGTG_009,170
CGCACCGTCTGCGTTGTGTG_010,9
CGCACCGTCTGCGTTGTGTG_011,35
CGCACCGTCTGCGTTGTGTG_012,190
CGCACCGTCTGCGTTGTGTG_013,130
CGCACCGTCTGCGTTGTGTG_014,183
CGCACCGTCTGCGTTGTGTG_015,147
CGCACCGTCTGCGTTGTGTG_016,96
CGCACCGTCTGCGTTGTGTG_017,121
CGCACCGTCTGCGTTGTGTG_018,17
CGCACCGTCTGCGTTGTGTG_019,184
CGCACCGTCTGCGTTGTGTG_020,11
CGCACCGTCTGCGTTGTGTG_021,188
CGCACCGTCTGCGTTGTGTG_022,81
CGCACCGTCTGCGTTGTGTG_023,183
CGCACCGTCTGCGTTGTGTG_024,55
CGCACCGTCTGCGTTGTGTG_025,34
CGCACCGTCTGCGTTGTGTG_026,52
CGCACCGTCTGCGTTGTGTG_027,3
GCTGCATTAAGACCATTCCA_001,194
GCTGCATTAAGACCATTCCA_002,51
GCTGCATTAAGACCATTCCA_003,150
GCTGCATTAAGACCATTCCA_004,25
GCTGCATTAAGACCATTCCA_005,190
GCTGCATTAAGACCATTCCA_006,92
GCTGCATTAAGACCATTCCA_007,199
GCTGCATTAAGACCATTCCA_008,169
GCTGCATTAAGACCATTCCA_009,88
GCTGCATTAAGACCATTCCA_010,93
GCTGCATTAAGACCATTCCA_011,184
GCTGCATTAAGACCATTCCA_012,94
GCTGCATTAAGACCATTCCA_013,162
GGAAAGTAATGCCACCCTCA_001,15
GGAAAGTAATGCCACCCTCA_002,139
GGAAAGTAATGCCACCCTCA_003,133
GGAAAGTAATGCCACCCTCA_004,68
GGAAAGTAATGCCACCCTCA_005,15
GTGGTCACCGACTGAGAACA_001,184
GTGGTCACCGACTGAGAACA_002,19
GTGGTCACCGACTGAGAACA_003,130
GTGGTCACCGACTGAGAACA_004,65
GTGGTCACCGACTGAGAACA_005,25
GTGGTCACCGACTGAGAACA_006,182
TTGGAGGTTACAACCAACAC_001,78
TTGGAGGTTACAACCAACAC_002,121
TTGGAGGTTACAACCAACAC_003,37
CCGACCACATCGATTACAGC_001,175
CCGACCACATCGATTACAGC_002,92
CCGACCACATCGATTACAGC_003,15
CCGACCACATCGATTACAGC_004,46
CCGACCACATCGATTACAGC_005,150
CCGACCACATCGATTACAGC_006,52
CCGACCACATCGATTACAGC_007,56
CGTGCTGGTGGTCTCGCGCG_001,198
CGTGCTGGTGGTCTCGCGCG_002,121
CGTGCTGGTGGTCTCGCGCG_003,174
CGTGCTGGTGGTCTCGCGCG_004,81
CGTGCTGGTGGTCTCGCGCG_005,96
CGTGCTGGTGGTCTCGCGCG_006,139
CGTGCTGGTGGTCTCGCGCG_007,69
CGTGCTGGTGGTCTCGCGCG_008,182
TGAGCGCTCACGGCTCCGAG_001,62
TGAGCGCTCACGGCTCCGAG_002,48
TGAGCGCTCACGGCTCCGAG_003,162
TGAGCGCTCACGGCTCCGAG_004,141
TGAGCGCTCACGGCTCCGAG_005,145
TGAGCGCTCACGGCTCCGAG_006,12
TGAGCGCTCACGGCTCCGAG_007,179
TGAGCGCTCACGGCTCCGAG_008,69
TGAGCGCTCACGGCTCCGAG_009,140
CGTCGCTGGTGGAAGCACGG_001,149
CGTCGCTGGTGGAAGCACGG_002,175
CGTCGCTGGTGGAAGCACGG_003,168
CGTCGCTGGTGGAAGCACGG_004,179
CGTCGCTGGTGGAAGCACGG_005,78
CGTCGCTGGTGGAAGCACGG_006,124
CGTCGCTGGTGGAAGCACGG_007,71
CGTCGCTGGTGGAAGCACGG_008,42
CGTCGCTGGTGGAAGCACGG_009,141
CGTCGCTGGTGGAAGCACGG_010,149
CGTCGCTGGTGGAAGCACGG_011,94
CGTCGCTGGTGGAAGCACGG_012,83
CGTCGCTGGTGGAAGCACGG_013,178
CGTCGCTGGTGGAAGCACGG_014,149
CGTCGCTGGTGGAAGCACGG_015,123
CGTCGCTGGTGGAAGCACGG_016,108
CGTCGCTGGTGGAAGCACGG_017,121
AGGCTGCAAACTTTGCGTCG_001,77
AGGCTGCAAACTTTGCGTCG_002,185
AGGCTGCAAACTTTGCGTCG_003,28
AGGCTGCAAACTTTGCGTCG_004,17
AGGCTGCAAACTTTGCGTCG_005,191
AGGCTGCAAACTTTGCGTCG_006,50
GGGGCTTTAACATTGGAGTC_001,183
GGGGCTTTAACATTGGAGTC_002,126
GGGGCTTTAACATTGGAGTC_003,190
ACAGTTGATCCCCACGCTTG_001,49
ACAGTTGATCCCCACGCTTG_002,113
ACAGTTGATCCCCACGCTTG_003,198
ACAGTTGATCCCCACGCTTG_004,52
ACAGTTGATCCCCACGCTTG_005,55
ACAGTTGATCCCCACGCTTG_006,45
ACAGTTGATCCCCACGCTTG_007,130
GAGGGGCTTACTGAAGAGAT_001,42
GAGGGGCTTACTGAAGAGAT_002,66
GAGGGGCTTACTGAAGAGAT_003,147
GAGGGGCTTACTGAAGAGAT_004,31
GAGGGGCTTACTGAAGAGAT_005,31
GAGGGGCTTACTGAAGAGAT_006,15
GAGGGGCTTACTGAAGAGAT_007,164
GAGGGGCTTACTGAAGAGAT_008,164
GAGGGGCTTACTGAAGAGAT_009,161
GAGGGGCTTACTGAAGAGAT_010,146
GAGGGGCTTACTGAAGAGAT_011,172
GAGGGGCTTACTGAAGAGAT_012,8
AAATACAAAAACCTGGAACG_001,35
AAATACAAAAACCTGGAACG_002,77
AAATACAAAAACCTGGAACG_003,139
AAATACAAAAACCTGGAACG_004,78
AAATACAAAAACCTGGAACG_005,177
AAATACAAAAACCTGGAACG_006,50
AAATACAAAAACCTGGAACG_007,198
AAATACAAAAACCTGGAACG_008,44
AAATACAAAAACCTGGAACG_009,148
GTCGGCAACTGCTATCTCTG_001,116
GTCGGCAACTGCTATCTCTG_002,74
GTCGGCAACTGCTATCTCTG_003,12
GTCGGCAACTGCTATCTCTG_004,174
CAATGGCAACAAGACAAAGA_001,194
CAATGGCAACAAGACAAAGA_002,1
CAATGGCAACAAGACAAAGA_003,94
CAATGGCAACAAGACAAAGA_004,81
CAATGGCAACAAGACAAAGA_005,110
CAATGGCAACAAGACAAAGA_006,56
CTTACCCCTTGCCCTCAATG_001,88
CTTACCCCTTGCCCTCAATG_002,93
CTTACCCCTTGCCCTCAATG_003,103
CTTACCCCTTGCCCTCAATG_004,115
CTTACCCCTTGCCCTCAATG_005,154
CTTACCCCTTGCCCTCAATG_006,177
CTTACCCCTTGCCCTCAATG_007,149
CTTACCCCTTGCCCTCAATG_008,12
CTTACCCCTTGCCCTCAATG_009,103
CTTACCCCTTGCCCTCAATG_010,153
CTTACCCCTTGCCCTCAATG_011,81
CTTACCCCTTGCCCTCAATG_012,89
CTTTCTACACGCACAGCGGG_001,199
CTTTCTACACGCACAGCGGG_002,58
CTTTCTACACGCACAGCGGG_003,163
CTTTCTACACGCACAGCGGG_004,115
CTTTCTACACGCACAGCGGG_005,138
TTACTAGGGAAAATTGTGGG_001,6
TTACTAGGGAAAATTGTGGG_002,62
TTACTAGGGAAAATTGTGGG_003,102
TTACTAGGGAAAATTGTGGG_004,6
TTACTAGGGAAAATTGTGGG_005,51
TTACTAGGGAAAATTGTGGG_006,15
TTACTAGGGAAAATTGTGGG_007,199
TTACTAGGGAAAATTGTGGG_008,137
TTACTAGGGAAAATTGTGGG_009,35
TTACTAGGGAAAATTGTGGG_010,103
TTACTAGGGAAAATTGTGGG_011,156
TTACTAGGGAAAATTGTGGG_012,195
TTACTAGGGAAAATTGTGGG_013,5
TTACTAGGGAAAATTGTGGG_014,175
TTACTAGGGAAAATTGTGGG_015,88
TTACTAGGGAAAATTGTGGG_016,169
TGGGCTCTCAACTTGTCTGG_001,118
TGGGCTCTCAACTTGTCTGG_002,95
TGGGCTCTCAACTTGTCTGG_003,147
TGGGCTCTCAACTTGTCTGG_004,193
TGGGCTCTCAACTTGTCTGG_005,193
TGGGCTCTCAACTTGTCTGG_006,18
TGGGCTCTCAACTTGTCTGG_007,8
CCTGAAGATAGACCCTGGAA_001,0
CCTGAAGATAGACCCTGGAA_002,152
CCTGAAGATAGACCCTGGAA_003,126
CCTGAAGATAGACCCTGGAA_004,2
CCTGAAGATAGACCCTGGAA_005,105
CCTGAAGATAGACCCTGGAA_006,105
CCTGAAGATAGACCCTGGAA_007,13
CCTGAAGATAGACCCTGGAA_008,64
CCTGAAGATAGACCCTGGAA_009,167
CCTGAAGATAGACCCTGGAA_010,167
CTCCTGCCGTTGGCTCAACG_001,26
CTCCTGCCGTTGGCTCAACG_002,193
CTCCTGCCGTTGGCTCAACG_003,107
CTCCTGCCGTTGGCTCAACG_004,105
CTCCTGCCGTTGGCTCAACG_005,43
CTCCTGCCGTTGGCTCAACG_006,25
CTCCTGCCGTTGGCTCAACG_007,14
CTCCTGCCGTTGGCTCAACG_008,192
CTCCTGCCGTTGGCTCAACG_009,95
CTCCTGCCGTTGGCTCAACG_010,19
CTCCTGCCGTTGGCTCAACG_011,105
CTCCTGCCGTTGGCTCAACG_012,18
CTCCTGCCGTTGGCTCAACG_013,107
CTCCTGCCGTTGGCTCAACG_014,142
CTCCTGCCGTTGGCTCAACG_015,188
CTCCTGCCGTTGGCTCAACG_016,183
CTCCTGCCGTTGGCTCAACG_017,136
CTCCTGCCGTTGGCTCAACG_018,48
CTCCTGCCGTTGGCTCAACG_019,127
CATCGAGGAGCGCTCCCAGA_001,164
CATCGAGGAGCGCTCCCAGA_002,164
CATCGAGGAGCGCTCCCAGA_003,181
CATCGAGGAGCGCTCCCAGA_004,86
CATCGAGGAGCGCTCCCAGA_005,40
CATCGAGGAGCGCTCCCAGA_006,4
CATCGAGGAGCGCTCCCAGA_007,57
CATCGAGGAGCGCTCCCAGA_008,62
AGAGACCAGGCTTAATGAGG_001,186
AGAGACCAGGCTTAATGAGG_002,28
AGAGACCAGGCTTAATGAGG_003,114
AGAGACCAGGCTTAATGAGG_004,74
AGAGACCAGGCTTAATGAGG_005,50
AGAGACCAGGCTTAATGAGG_006,155
AGAGACCAGGCTTAATGAGG_007,101
AGAGACCAGGCTTAATGAGG_008,44
AGAGACCAGGCTTAATGAGG_009,172
AGAGACCAGGCTTAATGAGG_010,177
AGAGACCAGGCTTAATGAGG_011,157
AGAGACCAGGCTTAATGAGG_012,173
AGAGACCAGGCTTAATGAGG_013,113
AGTTGGGGGAGCACTCGTAG_001,162
AGTTGGGGGAGCACTCGTAG_002,117
AGTTGGGGGAGCACTCGTAG_003,135
AGTTGGGGGAGCACTCGTAG_004,158
AGTTGGGGGAGCACTCGTAG_005,144
AGTTGGGGGAGCACTCGTAG_006,178
CACATTCAACCAACAGAGCA_001,146
CACATTCAACCAACAGAGCA_002,4
CACATTCAACCAACAGAGCA_003,85
CACATTCAACCAACAGAGCA_004,18
CACATTCAACCAACAGAGCA_005,170
CACATTCAACCAACAGAGCA_006,38
CACATTCAACCAACAGAGCA_007,52
CACATTCAACCAACAGAGCA_008,82
CACATTCAACCAACAGAGCA_009,45
CACATTCAACCAACAGAGCA_010,76
CACATTCAACCAACAGAGCA_011,180
CACATTCAACCAACAGAGCA_012,8
CACATTCAACCAACAGAGCA_013,3
CACATTCAACCAACAGAGCA_014,96
CACATTCAACCAACAGAGCA_015,138
TGAGCAGAAAAAGGTTCGGG_001,160
TGAGCAGAAAAAGGTTCGGG_002,92
TGAGCAGAAAAAGGTTCGGG_003,52
TGAGCAGAAAAAGGTTCGGG_004,88
TGAGCAGAAAAAGGTTCGGG_005,78
TGAGCAGAAAAAGGTTCGGG_006,41
TGAGCAGAAAAAGGTTCGGG_007,116
TGAGCAGAAAAAGGTTCGGG_008,29
TGAGCAGAAAAAGGTTCGGG_009,129
TGAGCAGAAAAAGGTTCGGG_010,168
TGAGCAGAAAAAGGTTCGGG_011,183
ACAAGGAAACCATCCAACAA_001,147
ACAAGGAAACCATCCAACAA_002,103
ACAAGGAAACCATCCAACAA_003,12
ACAAGGAAACCATCCAACAA_004,90
ACAAGGAAACCATCCAACAA_005,181
ACAAGGAAACCATCCAACAA_006,92
ACAAGGAAACCATCCAACAA_007,22
ACAAGGAAACCATCCAACAA_008,148
ACAAGGAAACCATCCAACAA_009,50
ACAAGGAAACCATCCAACAA_010,175
ACAAGGAAACCATCCAACAA_011,88
ACAAGGAAACCATCCAACAA_012,177
ACAAGGAAACCATCCAACAA_013,63
ACAAGGAAACCATCCAACAA_014,117
GCTTGTTCAGAATCCGAGCT_001,115
GCTTGTTCAGAATCCGAGCT_002,17
GCTTGTTCAGAATCCGAGCT_003,175
GCTTGTTCAGAATCCGAGCT_004,16
GCTTGTTCAGAATCCGAGCT_005,190
GCTTGTTCAGAATCCGAGCT_006,176
GCTTGTTCAGAATCCGAGCT_007,59
GCTTGTTCAGAATCCGAGCT_008,113
GCTTGTTCAGAATCCGAGCT_009,199
GCTTGTTCAGAATCCGAGCT_010,56
GCTTGTTCAGAATCCGAGCT_011,134
GCTTGTTCAGAATCCGAGCT_012,52
GCTTGTTCAGAATCCGAGCT_013,69
TCTGGGGTTTGATGTCACAA_001,35
TCTGGGGTTTGATGTCACAA_002,174
TCTGGGGTTTGATGTCACAA_003,196
TCTGGGGTTTGATGTCACAA_004,28
TCTGGGGTTTGATGTCACAA_005,41
TCTGGGGTTTGATGTCACAA_006,0
GGTCCGAAACTCATGATCAG_001,185
GGTCCGAAACTCATGATCAG_002,42
GGTCCGAAACTCATGATCAG_003,111
GGTCCGAAACTCATGATCAG_004,69
GGTCCGAAACTCATGATCAG_005,71
GGTCCGAAACTCATGATCAG_006,71
GGTCCGAAACTCATGATCAG_007,72
GGTCCGAAACTCATGATCAG_008,84
GGTCCGAAACTCATGATCAG_009,117
GGTCCGAAACTCATGATCAG_010,35
GGTCCGAAACTCATGATCAG_011,161
GGTCCGAAACTCATGATCAG_012,73
GGTCCGAAACTCATGATCAG_013,58
GGTCCGAAACTCATGATCAG_014,102
GGTCCGAAACTCATGATCAG_015,28
GGTCCGAAACTCATGATCAG_016,105
TGGCGCAGTTGGTCACCGGG_001,152
TGGCGCAGTTGGTCACCGGG_002,16
TGGCGCAGTTGGTCACCGGG_003,102
TGGCGCAGTTGGTCACCGGG_004,20
TGGCGCAGTTGGTCACCGGG_005,158
TGGCGCAGTTGGTCACCGGG_006,81
TGGCGCAGTTGGTCACCGGG_007,1
TGGCGCAGTTGGTCACCGGG_008,144
TGGCGCAGTTGGTCACCGGG_009,137
TGGCGCAGTTGGTCACCGGG_010,65
CTCTATTGCAATGGTGATGT_001,57
CTCTATTGCAATGGTGATGT_002,197
CAGGAACTGGAAAAGTACCC_001,171
ACAACGATACCAATAGGTTG_001,177
ACAACGATACCAATAGGTTG_002,136
ATGGGCTTGCGACAAAAGCG_001,62
ATGGGCTTGCGACAAAAGCG_002,15
ATGGGCTTGCGACAAAAGCG_003,39
ATGGGCTTGCGACAAAAGCG_004,84
ATGGGCTTGCGACAAAAGCG_005,6
ATGGGCTTGCGACAAAAGCG_006,108
ATGGGCTTGCGACAAAAGCG_007,148
ATGGGCTTGCGACAAAAGCG_008,53
ATGGGCTTGCGACAAAAGCG_009,94
ATGGGCTTGCGACAAAAGCG_010,182
ATGGGCTTGCGACAAAAGCG_011,121
ATGGGCTTGCGACAAAAGCG_012,150
ATGGGCTTGCGACAAAAGCG_013,155
ATGGGCTTGCGACAAAAGCG_014,11
ATGGGCTTGCGACAAAAGCG_015,53
GAGAACAGCGCGCGGCACCG_001,68
GAGAACAGCGCGCGGCACCG_002,169
GAGAACAGCGCGCGGCACCG_003,51
GAGAACAGCGCGCGGCACCG_004,51
GAGAACAGCGCGCGGCACCG_005,45
GAGAACAGCGCGCGGCACCG_006,112
GAGAACAGCGCGCGGCACCG_007,172
GAGAACAGCGCGCGGCACCG_008,137
GAGAACAGCGCGCGGCACCG_009,113
GAGAACAGCGCGCGGCACCG_010,170
GAGAACAGCGCGCGGCACCG_011,121
GAGAACAGCGCGCGGCACCG_012,4
ACAGTTTCAACGGTCCCAGT_001,168
ACAGTTTCAACGGTCCCAGT_002,32
ACAGTTTCAACGGTCCCAGT_003,54
ACAGTTTCAACGGTCCCAGT_004,9
ACAGTTTCAACGGTCCCAGT_005,169
ATTTATTCCACCGGACAGCC_001,62
ATTTATTCCACCGGACAGCC_002,176
ATTTATTCCACCGGACAGCC_003,94
ATTTATTCCACCGGACAGCC_004,175
ATTTATTCCACCGGACAGCC_005,58
ATTTATTCCACCGGACAGCC_006,16
ATTTATTCCACCGGACAGCC_007,162
ATTTATTCCACCGGACAGCC_008,199
ATTTATTCCACCGGACAGCC_009,120
ATTTATTCCACCGGACAGCC_010,186
ATTTATTCCACCGGACAGCC_011,95
ATTTATTCCACCGGACAGCC_012,59
ATTTATTCCACCGGACAGCC_013,4
ATTTATTCCACCGGACAGCC_014,75
ATTTATTCCACCGGACAGCC_015,44
ATTTATTCCACCGGACAGCC_016,58
ATTTATTCCACCGGACAGCC_017,172
ATTTATTCCACCGGACAGCC_018,72
ATTTATTCCACCGGACAGCC_019,20
ATTTATTCCACCGGACAGCC_020,13
ATTTATTCCACCGGACAGCC_021,108
ATTTATTCCACCGGACAGCC_022,50
ATTTATTCCACCGGACAGCC_023,80
ATTTATTCCACCGGACAGCC_024,6
ATTTATTCCACCGGACAGCC_025,9
ATTTATTCCACCGGACAGCC_026,49
AATAAATCAAGGTCATAACC_001,147
AATAAATCAAGGTCATAACC_002,49
AATAAATCAAGGTCATAACC_003,15
AATAAATCAAGGTCATAACC_004,15
AATAAATCAAGGTCATAACC_005,40
GGGAGTTACCCAGAACAGTG_001,198
GGGAGTTACCCAGAACAGTG_002,10
GGGAGTTACCCAGAACAGTG_003,96
GGGAGTTACCCAGAACAGTG_004,48
GGGAGTTACCCAGAACAGTG_005,4
GGGAGTTACCCAGAACAGTG_006,6
GGGAGTTACCCAGAACAGTG_007,19
GGGAGTTACCCAGAACAGTG_008,193
GGGAGTTACCCAGAACAGTG_009,21
GGGAGTTACCCAGAACAGTG_010,51
GGGAGTTACCCAGAACAGTG_011,43
GGGAGTTACCCAGAACAGTG_012,190
GGGAGTTACCCAGAACAGTG_013,55
GGGAGTTACCCAGAACAGTG_014,102
GGGAGTTACCCAGAACAGTG_015,123
GGGAGTTACCCAGAACAGTG_016,184
GGGAGTTACCCAGAACAGTG_017,94
GGGAGTTACCCAGAACAGTG_018,113
GGGAGTTACCCAGAACAGTG_019,140
GGGAGTTACCCAGAACAGTG_020,29
GGGAGTTACCCAGAACAGTG_021,53
GGGAGTTACCCAGAACAGTG_022,87
GGGAGTTACCCAGAACAGTG_023,68
GGGAGTTACCCAGAACAGTG_024,93
GGGAGTTACCCAGAACAGTG_025,0
GGGAGTTACCCAGAACAGTG_026,72
GGGAGTTACCCAGAACAGTG_027,146
GGGAGTTACCCAGAACAGTG_028,127
GGGAGTTACCCAGAACAGTG_029,105
GGGAGTTACCCAGAACAGTG_030,77
GGGAGTTACCCAGAACAGTG_031,78
GGGAGTTACCCAGAACAGTG_032,156
GGGAGTTACCCAGAACAGTG_033,157
GGGAGTTACCCAGAACAGTG_034,165
GGGAGTTACCCAGAACAGTG_035,102
GGGAGTTACCCAGAACAGTG_036,138
GGGAGTTACCCAGAACAGTG_037,169
GGGAGTTACCCAGAACAGTG_038,177
GGGAGTTACCCAGAACAGTG_039,147
GGGAGTTACCCAGAACAGTG_040,123
GGGAGTTACCCAGAACAGTG_041,177
CTTGGAAGAGATGCCAGTGT_001,30
CTTGGAAGAGATGCCAGTGT_002,168
CTTGGAAGAGATGCCAGTGT_003,34
CTTGGAAGAGATGCCAGTGT_004,150
GCGGGGTCCGCATGGCGGCG_001,124
GCGGGGTCCGCATGGCGGCG_002,153
GCGGGGTCCGCATGGCGGCG_003,115
GCGGGGTCCGCATGGCGGCG_004,197
GCGGGGTCCGCATGGCGGCG_005,170
GCGGGGTCCGCATGGCGGCG_006,127
CTCGGACCACTGGTACGAGA_001,40
CTCGGACCACTGGTACGAGA_002,40
CTCGGACCACTGGTACGAGA_003,91
CTCGGACCACTGGTACGAGA_004,91
CTCGGACCACTGGTACGAGA_005,127
CTCGGACCACTGGTACGAGA_006,155
CTCGGACCACTGGTACGAGA_007,16
CTCGGACCACTGGTACGAGA_008,123
CTCGGACCACTGGTACGAGA_009,137
CTCGGACCACTGGTACGAGA_010,33
CACTGATGGGAAGTCCCAGG_001,65
CACTGATGGGAAGTCCCAGG_002,171
CACTGATGGGAAGTCCCAGG_003,38
CACTGATGGGAAGTCCCAGG_004,22
CACTGATGGGAAGTCCCAGG_005,169
CACTGATGGGAAGTCCCAGG_006,157
CACTGATGGGAAGTCCCAGG_007,35
CACTGATGGGAAGTCCCAGG_008,68
CACTGATGGGAAGTCCCAGG_009,50
GGACGACGTGCAGGGCTACG_001,32
GGACGACGTGCAGGGCTACG_002,34
GGACGACGTGCAGGGCTACG_003,28
GGACGACGTGCAGGGCTACG_004,133
GGACGACGTGCAGGGCTACG_005,50
TAAGAGTGCTAGGACTGCGA_001,57
TAAGAGTGCTAGGACTGCGA_002,40
TAAGAGTGCTAGGACTGCGA_003,72
TAAGAGTGCTAGGACTGCGA_004,41
TAAGAGTGCTAGGACTGCGA_005,76
TAAGAGTGCTAGGACTGCGA_006,55
TAAGAGTGCTAGGACTGCGA_007,137
TAATATTAACCTCTTCAGTG_001,82
TAATATTAACCTCTTCAGTG_002,169
TAATATTAACCTCTTCAGTG_003,94
TAATATTAACCTCTTCAGTG_004,30
TAATATTAACCTCTTCAGTG_005,56
TAATATTAACCTCTTCAGTG_006,137
TAATATTAACCTCTTCAGTG_007,188
AACCCAAGAGCTTATCCAGT_001,29
AACCCAAGAGCTTATCCAGT_002,17
AACCCAAGAGCTTATCCAGT_003,94
CCATTACCAGCGGTGCCAAG_001,175
CCATTACCAGCGGTGCCAAG_002,36
CCATTACCAGCGGTGCCAAG_003,64
CCATTACCAGCGGTGCCAAG_004,57
CCATTACCAGCGGTGCCAAG_005,170
CCATTACCAGCGGTGCCAAG_006,147
CCATTACCAGCGGTGCCAAG_007,69
ATGAACTCAGACCTATTGCA_001,29
ATGAACTCAGACCTATTGCA_002,36
ATGAACTCAGACCTATTGCA_003,154
ATGAACTCAGACCTATTGCA_004,194
ATGAACTCAGACCTATTGCA_005,184
ATGAACTCAGACCTATTGCA_006,131
ATGAACTCAGACCTATTGCA_007,26
ATGAACTCAGACCTATTGCA_008,12
ATGAACTCAGACCTATTGCA_009,70
GCGCCTGAAAAAGCCACGCA_001,188
GCGCCTGAAAAAGCCACGCA_002,70
GCGCCTGAAAAAGCCACGCA_003,165
GCGCCTGAAAAAGCCACGCA_004,8
GCGCCTGAAAAAGCCACGCA_005,130
GCGCCTGAAAAAGCCACGCA_006,53
GCGCCTGAAAAAGCCACGCA_007,43
GCGCCTGAAAAAGCCACGCA_008,51
GCGCCTGAAAAAGCCACGCA_009,7
GCGCCTGAAAAAGCCACGCA_010,41
GCGCCTGAAAAAGCCACGCA_011,65
GCGCCTGAAAAAGCCACGCA_012,61
GCGCCTGAAAAAGCCACGCA_013,107
GCGCCTGAAAAAGCCACGCA_014,185
GCGCCTGAAAAAGCCACGCA_015,97
GCGCCTGAAAAAGCCACGCA_016,47
GCGCCTGAAAAAGCCACGCA_017,199
GCGCCTGAAAAAGCCACGCA_018,127
GCGCCTGAAAAAGCCACGCA_019,63
GCGCCTGAAAAAGCCACGCA_020,46
GCGCCTGAAAAAGCCACGCA_021,191
GCGCCTGAAAAAGCCACGCA_022,8
GCGCCTGAAAAAGCCACGCA_023,130
GCGCCTGAAAAAGCCACGCA_024,62
GCGCCTGAAAAAGCCACGCA_025,53
GCGCCTGAAAAAGCCACGCA_026,142
GCGCCTGAAAAAGCCACGCA_027,39
GCGCCTGAAAAAGCCACGCA_028,180
GCGCCTGAAAAAGCCACGCA_029,160
GCGCCTGAAAAAGCCACGCA_030,81
GCGCCTGAAAAAGCCACGCA_031,69
GCGCCTGAAAAAGCCACGCA_032,169
TATGGGAAAATGGTCTCAGG_001,150
TATGGGAAAATGGTCTCAGG_002,126
TATGGGAAAATGGTCTCAGG_003,35
TATGGGAAAATGGTCTCAGG_004,161
TATGGGAAAATGGTCTCAGG_005,116
TATGGGAAAATGGTCTCAGG_006,133
TATGGGAAAATGGTCTCAGG_007,96
TATGGGAAAATGGTCTCAGG_008,43
TATGGGAAAATGGTCTCAGG_009,112
TATGGGAAAATGGTCTCAGG_010,112
TATGGGAAAATGGTCTCAGG_011,138
TATGGGAAAATGGTCTCAGG_012,49
TATGGGAAAATGGTCTCAGG_013,33
TATGGGAAAATGGTCTCAGG_014,115
TATGGGAAAATGGTCTCAGG_015,199
AGGTGCCATGGAGACAACAA_001,114
AGGTGCCATGGAGACAACAA_002,36
AGGTGCCATGGAGACAACAA_003,64
AGGTGCCATGGAGACAACAA_004,147
AGGTGCCATGGAGACAACAA_005,170
AGGTGCCATGGAGACAACAA_006,132
AGGTGCCATGGAGACAACAA_007,122
AGGTGCCATGGAGACAACAA_008,172
AGGTGCCATGGAGACAACAA_009,137
AGGTGCCATGGAGACAACAA_010,46
AGGTGCCATGGAGACAACAA_011,172
AGGTGCCATGGAGACAACAA_012,95
AGGTGCCATGGAGACAACAA_013,144
AGGTGCCATGGAGACAACAA_014,93
AGGTGCCATGGAGACAACAA_015,149
AGGTGCCATGGAGACAACAA_016,83
AGGTGCCATGGAGACAACAA_017,9
AGGTGCCATGGAGACAACAA_018,70
AGGTGCCATGGAGACAACAA_019,172
AGGTGCCATGGAGACAACAA_020,101
AGGTGCCATGGAGACAACAA_021,172
AGGTGCCATGGAGACAACAA_022,0
AGGTGCCATGGAGACAACAA_023,134
GTCCAGCAGATACTAACAGT_001,160
GTCCAGCAGATACTAACAGT_002,48
GTCCAGCAGATACTAACAGT_003,7
GTCCAGCAGATACTAACAGT_004,94
GTCCAGCAGATACTAACAGT_005,186
GTCCAGCAGATACTAACAGT_006,115
GTCCAGCAGATACTAACAGT_007,175
GTCCAGCAGATACTAACAGT_008,40
GTCCAGCAGATACTAACAGT_009,15
GTCCAGCAGATACTAACAGT_010,23
GTCCAGCAGATACTAACAGT_011,183
CGACGGTGAGAACTTGACTC_001,173
CGACGGTGAGAACTTGACTC_002,72
CGACGGTGAGAACTTGACTC_003,50
CGACGGTGAGAACTTGACTC_004,75
CGACGGTGAGAACTTGACTC_005,168
CGACGGTGAGAACTTGACTC_006,27
CGACGGTGAGAACTTGACTC_007,96
CGACGGTGAGAACTTGACTC_008,61
CGACGGTGAGAACTTGACTC_009,10
CCTGTACGGGATGAACGGAG_001,171
CCTGTACGGGATGAACGGAG_002,88
CCTGTACGGGATGAACGGAG_003,152
CCTGTACGGGATGAACGGAG_004,49
CCTGTACGGGATGAACGGAG_005,106
CCTGTACGGGATGAACGGAG_006,186
CCTGTACGGGATGAACGGAG_007,58
CCTGTACGGGATGAACGGAG_008,144
CCTGTACGGGATGAACGGAG_009,127
CCTGTACGGGATGAACGGAG_010,144
CACCTGGGTCAGGAATCCGA_001,125
CACCTGGGTCAGGAATCCGA_002,184
CACCTGGGTCAGGAATCCGA_003,88
CACCTGGGTCAGGAATCCGA_004,190
CACCTGGGTCAGGAATCCGA_005,42
ACCTTAACATCTCCAATACC_001,181
ACTTTCCGTCCACTGTACCA_001,115
ACTTTCCGTCCACTGTACCA_002,198
ACTTTCCGTCCACTGTACCA_003,77
ACTTTCCGTCCACTGTACCA_004,42
ACTTTCCGTCCACTGTACCA_005,106
GGAGCTGACAGACAAGCTCG_001,52
GGAGCTGACAGACAAGCTCG_002,8
GGAGCTGACAGACAAGCTCG_003,95
GGAGCTGACAGACAAGCTCG_004,150
GGAGCTGACAGACAAGCTCG_005,25
GGAGCTGACAGACAAGCTCG_006,53
GGAGCTGACAGACAAGCTCG_007,121
GGAGCTGACAGACAAGCTCG_008,150
GGAGCTGACAGACAAGCTCG_009,168
ATGCAATTTAAGATGCTCTG_001,177
ATGCAATTTAAGATGCTCTG_002,169
ATGCAATTTAAGATGCTCTG_003,88
ATGCAATTTAAGATGCTCTG_004,42
ATGCAATTTAAGATGCTCTG_005,32
ATGCAATTTAAGATGCTCTG_006,94
ATGCAATTTAAGATGCTCTG_007,176
ATGCAATTTAAGATGCTCTG_008,38
ATGCAATTTAAGATGCTCTG_009,68
ATGCAATTTAAGATGCTCTG_010,22
ATGCAATTTAAGATGCTCTG_011,146
ATGCAATTTAAGATGCTCTG_012,134
ATGCAATTTAAGATGCTCTG_013,16
ATGCAATTTAAGATGCTCTG_014,162
ATGCAATTTAAGATGCTCTG_015,92
ATGCAATTTAAGATGCTCTG_016,40
ATGCAATTTAAGATGCTCTG_017,34
TCAGACAATGGCTATCACAC_001,18
TCAGACAATGGCTATCACAC_002,19
TCAGACAATGGCTATCACAC_003,134
TCAGACAATGGCTATCACAC_004,133
TCAGACAATGGCTATCACAC_005,33
TCAGACAATGGCTATCACAC_006,56
TCAGACAATGGCTATCACAC_007,42
TCAGACAATGGCTATCACAC_008,12
TCAGACAATGGCTATCACAC_009,98
CTTCACTGGATGATCCATCG_001,183
CTTCACTGGATGATCCATCG_002,128
CTTCACTGGATGATCCATCG_003,25
CTTCACTGGATGATCCATCG_004,166
CTTCACTGGATGATCCATCG_005,1
CTTCACTGGATGATCCATCG_006,15
CTTCACTGGATGATCCATCG_007,1
AACCAGTTCAAATATCGGAA_001,122
AACCAGTTCAAATATCGGAA_002,127
AACCAGTTCAAATATCGGAA_003,127
AACCAGTTCAAATATCGGAA_004,36
AACCAGTTCAAATATCGGAA_005,38
AACCAGTTCAAATATCGGAA_006,64
AACCAGTTCAAATATCGGAA_007,76
AACCAGTTCAAATATCGGAA_008,13
AACCAGTTCAAATATCGGAA_009,192
AACCAGTTCAAATATCGGAA_010,96
AACCAGTTCAAATATCGGAA_011,30
AACCAGTTCAAATATCGGAA_012,158
AACCAGTTCAAATATCGGAA_013,86
AACCAGTTCAAATATCGGAA_014,168
AACCAGTTCAAATATCGGAA_015,175
GGTTTGTCATATGATACTGT_001,130
AGAGAATATTCACCGTGTCA_001,169
AGAGAATATTCACCGTGTCA_002,198
AGAGAATATTCACCGTGTCA_003,9
AGAGAATATTCACCGTGTCA_004,75
CCATGCCCGCGAATTCAGAA_001,72
CCATGCCCGCGAATTCAGAA_002,16
CCATGCCCGCGAATTCAGAA_003,8
CCATGCCCGCGAATTCAGAA_004,78
CCATGCCCGCGAATTCAGAA_005,72
CCATGCCCGCGAATTCAGAA_006,144
CCATGCCCGCGAATTCAGAA_007,69
CCATGCCCGCGAATTCAGAA_008,52
CCATGCCCGCGAATTCAGAA_009,158
CCATGCCCGCGAATTCAGAA_010,140
CCATGCCCGCGAATTCAGAA_011,157
CCTGAACCTGTGGGACACTG_001,54
CCTGAACCTGTGGGACACTG_002,139
CCTGAACCTGTGGGACACTG_003,105
CCTGAACCTGTGGGACACTG_004,8
CCTGAACCTGTGGGACACTG_005,49
CCTGAACCTGTGGGACACTG_006,41
CCTGAACCTGTGGGACACTG_007,41
CCTGAACCTGTGGGACACTG_008,33
CCTGAACCTGTGGGACACTG_009,160
CCTGAACCTGTGGGACACTG_010,83
CCTGAACCTGTGGGACACTG_011,152
CCTGAACCTGTGGGACACTG_012,119
CCTGAACCTGTGGGACACTG_013,150
CCTGAACCTGTGGGACACTG_014,43
CCTGAACCTGTGGGACACTG_015,9
CCTGAACCTGTGGGACACTG_016,113
CCTGAACCTGTGGGACACTG_017,153
CCTGAACCTGTGGGACACTG_018,36
CCTGAACCTGTGGGACACTG_019,121
CCTGAACCTGTGGGACACTG_020,4
CCTGAACCTGTGGGACACTG_021,183
TGTGGTTTATACTTACAACA_001,50
TGTGGTTTATACTTACAACA_002,44
TGTGGTTTATACTTACAACA_003,82
TGTGGTTTATACTTACAACA_004,158
TGTGGTTTATACTTACAACA_005,102
CTTTATCCAACACTAGCTCA_001,15
CTTTATCCAACACTAGCTCA_002,160
CTTTATCCAACACTAGCTCA_003,190
CTTTATCCAACACTAGCTCA_004,12
CCCTTTGCCCCATCAAGAGG_001,34
CCCTTTGCCCCATCAAGAGG_002,144
CCCTTTGCCCCATCAAGAGG_003,22
CCCTTTGCCCCATCAAGAGG_004,23
CCCTTTGCCCCATCAAGAGG_005,126
ACCACCCAGCCTCACCCGAT_001,56
ACCACCCAGCCTCACCCGAT_002,3
ACCACCCAGCCTCACCCGAT_003,55
ACCACCCAGCCTCACCCGAT_004,31
ACCACCCAGCCTCACCCGAT_005,129
ACCACCCAGCCTCACCCGAT_006,67
ACCACCCAGCCTCACCCGAT_007,127
ACCACCCAGCCTCACCCGAT_008,192
ACCACCCAGCCTCACCCGAT_009,64
ACCACCCAGCCTCACCCGAT_010,108
ACCACCCAGCCTCACCCGAT_011,106
ACCACCCAGCCTCACCCGAT_012,50
ACCACCCAGCCTCACCCGAT_013,155
ACCACCCAGCCTCACCCGAT_014,43
ACCACCCAGCCTCACCCGAT_015,103
ACCACCCAGCCTCACCCGAT_016,90
ACCACCCAGCCTCACCCGAT_017,197
ACCACCCAGCCTCACCCGAT_018,138
ACCACCCAGCCTCACCCGAT_019,34
ACCACCCAGCCTCACCCGAT_020,18
AGAAAGGTCAAACCCACTCG_001,112
AGAAAGGTCAAACCCACTCG_002,2
AGAAAGGTCAAACCCACTCG_003,34
AGAAAGGTCAAACCCACTCG_004,49
AGAAAGGTCAAACCCACTCG_005,154
AGAAAGGTCAAACCCACTCG_006,108
AGAAAGGTCAAACCCACTCG_007,2
AGAAAGGTCAAACCCACTCG_008,148
AGAAAGGTCAAACCCACTCG_009,30
AGAAAGGTCAAACCCACTCG_010,166
AGAAAGGTCAAACCCACTCG_011,166
AGAAAGGTCAAACCCACTCG_012,23
AGAGTTGCGGCGGCGAGCAG_001,8
AGAGTTGCGGCGGCGAGCAG_002,72
AGAGTTGCGGCGGCGAGCAG_003,101
AGAGTTGCGGCGGCGAGCAG_004,153
AGAGTTGCGGCGGCGAGCAG_005,153
AGAGTTGCGGCGGCGAGCAG_006,62
AGAGTTGCGGCGGCGAGCAG_007,147
AGAGTTGCGGCGGCGAGCAG_008,72
AGAGTTGCGGCGGCGAGCAG_009,72
AGAGTTGCGGCGGCGAGCAG_010,115
AGAGTTGCGGCGGCGAGCAG_011,146
AGAGTTGCGGCGGCGAGCAG_012,13
AGAGTTGCGGCGGCGAGCAG_013,34
AGAGTTGCGGCGGCGAGCAG_014,142
AGAGTTGCGGCGGCGAGCAG_015,188
AGAGTTGCGGCGGCGAGCAG_016,140
AGAGTTGCGGCGGCGAGCAG_017,110
AGAGTTGCGGCGGCGAGCAG_018,85
AGAGTTGCGGCGGCGAGCAG_019,169
AGAGTTGCGGCGGCGAGCAG_020,52
AGAGTTGCGGCGGCGAGCAG_021,191
AGAGTTGCGGCGGCGAGCAG_022,70
AGAGTTGCGGCGGCGAGCAG_023,138
AGAGTTGCGGCGGCGAGCAG_024,154
AGAGTTGCGGCGGCGAGCAG_025,184
AGAGTTGCGGCGGCGAGCAG_026,192
AGAGTTGCGGCGGCGAGCAG_027,78
AGAGTTGCGGCGGCGAGCAG_028,62
AGAGTTGCGGCGGCGAGCAG_029,27
AGAGTTGCGGCGGCGAGCAG_030,43
AGAGTTGCGGCGGCGAGCAG_031,77
AGAGTTGCGGCGGCGAGCAG_032,180
AGAGTTGCGGCGGCGAGCAG_033,23
AGAGTTGCGGCGGCGAGCAG_034,127
AGAGTTGCGGCGGCGAGCAG_035,164
AGAGTTGCGGCGGCGAGCAG_036,190
AGAGTTGCGGCGGCGAGCAG_037,192
AACCTGACCCTGCTGGATAG_001,84
AACCTGACCCTGCTGGATAG_002,170
AACCTGACCCTGCTGGATAG_003,115
AACCTGACCCTGCTGGATAG_004,117
AACCTGACCCTGCTGGATAG_005,20
AACCTGACCCTGCTGGATAG_006,96
AACCTGACCCTGCTGGATAG_007,113
AACCTGACCCTGCTGGATAG_008,19
AACCTGACCCTGCTGGATAG_009,22
AACCTGACCCTGCTGGATAG_010,162
AACCTGACCCTGCTGGATAG_011,72
AACCTGACCCTGCTGGATAG_012,94
AACCTGACCCTGCTGGATAG_013,18
AACCTGACCCTGCTGGATAG_014,125
ATCTCCATGTGCCAGAACCT_001,48
ATCTCCATGTGCCAGAACCT_002,44
ATCTCCATGTGCCAGAACCT_003,75
ATCTCCATGTGCCAGAACCT_004,121
ATCTCCATGTGCCAGAACCT_005,116
ATCTCCATGTGCCAGAACCT_006,158
GCAACATGAAATCCAGAATG_001,128
GCAACATGAAATCCAGAATG_002,102
GCAACATGAAATCCAGAATG_003,149
GCAACATGAAATCCAGAATG_004,117
GCAACATGAAATCCAGAATG_005,41
GCAACATGAAATCCAGAATG_006,199
GCAACATGAAATCCAGAATG_007,10
GCAACATGAAATCCAGAATG_008,170
TGTCAATAGGAACAATGTTG_001,35
TGTCAATAGGAACAATGTTG_002,93
AGACCTACAGCTTCTACACT_001,150
AGACCTACAGCTTCTACACT_002,144
AGACCTACAGCTTCTACACT_003,38
AGACCTACAGCTTCTACACT_004,31
AGACCTACAGCTTCTACACT_005,6
AGAAAGACGGGACATACTCA_001,169
AGAAAGACGGGACATACTCA_002,129
AGAAAGACGGGACATACTCA_003,57
GCCAGGGACACAATTAAGGG_001,17
GCCAGGGACACAATTAAGGG_002,169
GCCAGGGACACAATTAAGGG_003,147
GCCAGGGACACAATTAAGGG_004,9
GCCAGGGACACAATTAAGGG_005,82
GCCAGGGACACAATTAAGGG_006,163
GCCAGGGACACAATTAAGGG_007,159
GCCAGGGACACAATTAAGGG_008,134
GCCAGGGACACAATTAAGGG_009,188
GCCAGGGACACAATTAAGGG_010,19
GCCAGGGACACAATTAAGGG_011,88
GCCAGGGACACAATTAAGGG_012,160
GCCAGGGACACAATTAAGGG_013,7
GCCAGGGACACAATTAAGGG_014,175
GCCAGGGACACAATTAAGGG_015,136
GCCAGGGACACAATTAAGGG_016,175
GCCAGGGACACAATTAAGGG_017,183
GCCAGGGACACAATTAAGGG_018,137
GCCAGGGACACAATTAAGGG_019,60
GCCAGGGACACAATTAAGGG_020,121
AGTCCTGTGAAAAACAATGT_001,127
AGTCCTGTGAAAAACAATGT_002,56
AGTCCTGTGAAAAACAATGT_003,150
AGTCCTGTGAAAAACAATGT_004,105
AGTCCTGTGAAAAACAATGT_005,146
AGTCCTGTGAAAAACAATGT_006,130
AGTCCTGTGAAAAACAATGT_007,85
AGTCCTGTGAAAAACAATGT_008,144
AGTCCTGTGAAAAACAATGT_009,29
AGTCCTGTGAAAAACAATGT_010,50
AGTCCTGTGAAAAACAATGT_011,80
AGTCCTGTGAAAAACAATGT_012,117
AGTCCTGTGAAAAACAATGT_013,81
AGTCCTGTGAAAAACAATGT_014,182
AGTCCTGTGAAAAACAATGT_015,0
AACCTGCTTACAGAGGCACA_001,78
AACCTGCTTACAGAGGCACA_002,132
AACCTGCTTACAGAGGCACA_003,132
AACCTGCTTACAGAGGCACA_004,165
AACCTGCTTACAGAGGCACA_005,17
AACCTGCTTACAGAGGCACA_006,127
AACCTGCTTACAGAGGCACA_007,130
AACCTGCTTACAGAGGCACA_008,153
AACCTGCTTACAGAGGCACA_009,194
AACCTGCTTACAGAGGCACA_010,84
AACCTGCTTACAGAGGCACA_011,137
AACCTGCTTACAGAGGCACA_012,40
AACCTGCTTACAGAGGCACA_013,188
AACCTGCTTACAGAGGCACA_014,105
AACCTGCTTACAGAGGCACA_015,77
AACCTGCTTACAGAGGCACA_016,50
AACCTGCTTACAGAGGCACA_017,131
AACCTGCTTACAGAGGCACA_018,123
AACCTGCTTACAGAGGCACA_019,117
AACCTGCTTACAGAGGCACA_020,20
AACCTGCTTACAGAGGCACA_021,56
AACCTGCTTACAGAGGCACA_022,94
CTTCACCAGTGGAAAACTCA_001,154
CTTCACCAGTGGAAAACTCA_002,49
CTTCACCAGTGGAAAACTCA_003,81
CTTCACCAGTGGAAAACTCA_004,85
CTTCACCAGTGGAAAACTCA_005,73
CTTCACCAGTGGAAAACTCA_006,53
CTTCACCAGTGGAAAACTCA_007,30
CTTCACCAGTGGAAAACTCA_008,67
CTTCACCAGTGGAAAACTCA_009,0
CTTCACCAGTGGAAAACTCA_010,108
CTTCACCAGTGGAAAACTCA_011,118
CTTCACCAGTGGAAAACTCA_012,39
AGAGGAGTGGGACGATGACC_001,15
AGAGGAGTGGGACGATGACC_002,40
AGAGGAGTGGGACGATGACC_003,145
AGAGGAGTGGGACGATGACC_004,82
AGAGGAGTGGGACGATGACC_005,11
AGAGGAGTGGGACGATGACC_006,181
AGAGGAGTGGGACGATGACC_007,149
AGAGGAGTGGGACGATGACC_008,70
AGAGGAGTGGGACGATGACC_009,177
CAGCTGGACCCACAGCAGAT_001,156
CAGCTGGACCCACAGCAGAT_002,162
CAGCTGGACCCACAGCAGAT_003,162
CAGCTGGACCCACAGCAGAT_004,67
CAGCTGGACCCACAGCAGAT_005,158
CAGCTGGACCCACAGCAGAT_006,125
CAGCTGGACCCACAGCAGAT_007,179
CAGCTGGACCCACAGCAGAT_008,1
CAGCTGGACCCACAGCAGAT_009,12
CAGCTGGACCCACAGCAGAT_010,12
CAGCTGGACCCACAGCAGAT_011,126
CAGCTGGACCCACAGCAGAT_012,38
GCTTATCGATGTATGATGCG_001,184
GCTTATCGATGTATGATGCG_002,18
GCTTATCGATGTATGATGCG_003,85
GCTTATCGATGTATGATGCG_004,50
GAAAACCAGACTCTGTCCAT_001,26
GAAAACCAGACTCTGTCCAT_002,35
GAAAACCAGACTCTGTCCAT_003,117
GAAAACCAGACTCTGTCCAT_004,68
GAAAACCAGACTCTGTCCAT_005,50
AGGTGGACTTACCCCAAGAA_001,147
AGGTGGACTTACCCCAAGAA_002,60
TTGGAATCCACACCAAACAA_001,106
GCAGATGATCCAGATCCGCG_001,12
GCAGATGATCCAGATCCGCG_002,146
GCAGATGATCCAGATCCGCG_003,142
GCAGATGATCCAGATCCGCG_004,139
GCAGATGATCCAGATCCGCG_005,141
GCAGATGATCCAGATCCGCG_006,149
GCAGATGATCCAGATCCGCG_007,36
GCAGATGATCCAGATCCGCG_008,80
GCAGATGATCCAGATCCGCG_009,118
GCAGATGATCCAGATCCGCG_010,40
GCAGATGATCCAGATCCGCG_011,169
GCAGATGATCCAGATCCGCG_012,105
GCAGATGATCCAGATCCGCG_013,168
GAGTCCTGACGCTCAGCTAG_001,38
GAGTCCTGACGCTCAGCTAG_002,69
GAGTCCTGACGCTCAGCTAG_003,127
GAGTCCTGACGCTCAGCTAG_004,30
GAGTCCTGACGCTCAGCTAG_005,188
GAGTCCTGACGCTCAGCTAG_006,58
GAGTCCTGACGCTCAGCTAG_007,83
TGCTCGGTCACCTCCCTAAG_001,189
TGCTCGGTCACCTCCCTAAG_002,53
TGCTCGGTCACCTCCCTAAG_003,105
TGCTCGGTCACCTCCCTAAG_004,102
TGCTCGGTCACCTCCCTAAG_005,48
TGCTCGGTCACCTCCCTAAG_006,181
ATGGTGAATTGTCTTTGAGT_001,33
CTTGTTGCCAAGGACCACGA_001,70
CTTGTTGCCAAGGACCACGA_002,185
CTTGTTGCCAAGGACCACGA_003,137
CTTGTTGCCAAGGACCACGA_004,98
CTTGTTGCCAAGGACCACGA_005,49
CTTGTTGCCAAGGACCACGA_006,117
CTTGTTGCCAAGGACCACGA_007,72
CTTGTTGCCAAGGACCACGA_008,37
GATCAGGACGAATCACGGCG_001,53
GATCAGGACGAATCACGGCG_002,103
GATCAGGACGAATCACGGCG_003,159
GATCAGGACGAATCACGGCG_004,10
GATCAGGACGAATCACGGCG_005,82
GATCAGGACGAATCACGGCG_006,145
GATCAGGACGAATCACGGCG_007,190
GATCAGGACGAATCACGGCG_008,109
GATCAGGACGAATCACGGCG_009,109
GATCAGGACGAATCACGGCG_010,0
GATCAGGACGAATCACGGCG_011,8
GATCAGGACGAATCACGGCG_012,191
GATCAGGACGAATCACGGCG_013,137
GATCAGGACGAATCACGGCG_014,49
GATCAGGACGAATCACGGCG_015,23
GATCAGGACGAATCACGGCG_016,20
GATCAGGACGAATCACGGCG_017,33
GATCAGGACGAATCACGGCG_018,4
GATCAGGACGAATCACGGCG_019,102
ATAGAACATTAGAATCAACC_001,193
ATAGAACATTAGAATCAACC_002,20
CTTTAAACGAGCCTTCATGA_001,10
CTTTAAACGAGCCTTCATGA_002,86
CTTTAAACGAGCCTTCATGA_003,22
CTTTAAACGAGCCTTCATGA_004,158
TGTCCTACCTCGGAAGACCG_001,20
TGTCCTACCTCGGAAGACCG_002,141
TGTCCTACCTCGGAAGACCG_003,32
TGTCCTACCTCGGAAGACCG_004,145
TGTCCTACCTCGGAAGACCG_005,105
TGTCCTACCTCGGAAGACCG_006,81
TGTCCTACCTCGGAAGACCG_007,122
TGTCCTACCTCGGAAGACCG_008,103
TGTCCTACCTCGGAAGACCG_009,17
TGTCCTACCTCGGAAGACCG_010,107
TGTCCTACCTCGGAAGACCG_011,158
TGTCCTACCTCGGAAGACCG_012,158
TGTCCTACCTCGGAAGACCG_013,60
TGTCCTACCTCGGAAGACCG_014,70
TGTCCTACCTCGGAAGACCG_015,7
TGTCCTACCTCGGAAGACCG_016,177
TGTCCTACCTCGGAAGACCG_017,94
TGTCCTACCTCGGAAGACCG_018,10
TGTCCTACCTCGGAAGACCG_019,28
TGTCCTACCTCGGAAGACCG_020,44
AAGGTACTATTGGATCCACC_001,56
AGGCCCTTCAGCAACGGAGT_001,147
AGGCCCTTCAGCAACGGAGT_002,113
AGGCCCTTCAGCAACGGAGT_003,108
AGGCCCTTCAGCAACGGAGT_004,161
AGGCCCTTCAGCAACGGAGT_005,173
AGGCCCTTCAGCAACGGAGT_006,8
AGGCCCTTCAGCAACGGAGT_007,112
AGGCCCTTCAGCAACGGAGT_008,13
AGGCCCTTCAGCAACGGAGT_009,151
AGGCCCTTCAGCAACGGAGT_010,68
AGGCCCTTCAGCAACGGAGT_011,4
AGGCCCTTCAGCAACGGAGT_012,29
GAGGACCTGAGCGAAAGTGA_001,130
GAGGACCTGAGCGAAAGTGA_002,88
GAGGACCTGAGCGAAAGTGA_003,153
GAGGACCTGAGCGAAAGTGA_004,152
GAGGACCTGAGCGAAAGTGA_005,127
GAGGACCTGAGCGAAAGTGA_006,42
GAGGACCTGAGCGAAAGTGA_007,45
GAGGACCTGAGCGAAAGTGA_008,38
GAGGACCTGAGCGAAAGTGA_009,14
GAGGACCTGAGCGAAAGTGA_010,61
GAGGACCTGAGCGAAAGTGA_011,29
GAGGACCTGAGCGAAAGTGA_012,67
GAGGACCTGAGCGAAAGTGA_013,40
GAGGACCTGAGCGAAAGTGA_014,65
GAGGACCTGAGCGAAAGTGA_015,64
GAGGACCTGAGCGAAAGTGA_016,86
GAGGACCTGAGCGAAAGTGA_017,185
GAGGACCTGAGCGAAAGTGA_018,150
GAGGACCTGAGCGAAAGTGA_019,198
GAGGACCTGAGCGAAAGTGA_020,158
TAGAGATGGCAACATACTGG_001,19
TAGAGATGGCAACATACTGG_002,188
TAGAGATGGCAACATACTGG_003,70
TAGAGATGGCAACATACTGG_004,65
TAGAGATGGCAACATACTGG_005,19
TAGAGATGGCAACATACTGG_006,51
TAGAGATGGCAACATACTGG_007,12
TAGAGATGGCAACATACTGG_008,10
CTATATTCCTTCTAACTACG_001,56
CTATATTCCTTCTAACTACG_002,20
CTATATTCCTTCTAACTACG_003,181
CTATATTCCTTCTAACTACG_004,43
CTATATTCCTTCTAACTACG_005,17
CTATATTCCTTCTAACTACG_006,145
CTATATTCCTTCTAACTACG_007,127
CTATATTCCTTCTAACTACG_008,168
CCAGCAATGCCACATAACCT_001,15
CCAGCAATGCCACATAACCT_002,116
CCAGCAATGCCACATAACCT_003,116
CCAGCAATGCCACATAACCT_004,69
CCAGCAATGCCACATAACCT_005,18
CCAGCAATGCCACATAACCT_006,121
CCAGCAATGCCACATAACCT_007,63
CCAGCAATGCCACATAACCT_008,127
CCAGCAATGCCACATAACCT_009,63
CCAGCAATGCCACATAACCT_010,183
CCAGCAATGCCACATAACCT_011,21
CCAGCAATGCCACATAACCT_012,105
CCAGCAATGCCACATAACCT_013,51
CCAGCAATGCCACATAACCT_014,35
CCAGCAATGCCACATAACCT_015,6
CCAGCAATGCCACATAACCT_016,65
CCAGCAATGCCACATAACCT_017,24
CCAGCAATGCCACATAACCT_018,155
CTCACCATGCACGGCCACAG_001,80
CTCACCATGCACGGCCACAG_002,111
CTCACCATGCACGGCCACAG_003,15
CTCACCATGCACGGCCACAG_004,161
CTCACCATGCACGGCCACAG_005,12
CTCACCATGCACGGCCACAG_006,66
CTCACCATGCACGGCCACAG_007,184
CTCACCATGCACGGCCACAG_008,171
CTCACCATGCACGGCCACAG_009,149
CTCACCATGCACGGCCACAG_010,74
CTCACCATGCACGGCCACAG_011,186
CTCACCATGCACGGCCACAG_012,77
CTCACCATGCACGGCCACAG_013,170
CTCACCATGCACGGCCACAG_014,175
CTCACCATGCACGGCCACAG_015,34
CTCACCATGCACGGCCACAG_016,113
CTCACCATGCACGGCCACAG_017,182
CTCACCATGCACGGCCACAG_018,62
CTCACCATGCACGGCCACAG_019,49
GGTTGACGAGGCTGTAGACC_001,40
GGTTGACGAGGCTGTAGACC_002,8
GGTTGACGAGGCTGTAGACC_003,170
GGTTGACGAGGCTGTAGACC_004,149
GGTTGACGAGGCTGTAGACC_005,57
GGTTGACGAGGCTGTAGACC_006,151
GGTTGACGAGGCTGTAGACC_007,15
GGTTGACGAGGCTGTAGACC_008,132
GGTTGACGAGGCTGTAGACC_009,190
GGTTGACGAGGCTGTAGACC_010,15
GGTTGACGAGGCTGTAGACC_011,11
GGTTGACGAGGCTGTAGACC_012,121
CACTACGGTCTATAACCTCA_001,194
CACTACGGTCTATAACCTCA_002,42
CACTACGGTCTATAACCTCA_003,169
CTTCATCCAGATCCGTTGCA_001,139
CTTCATCCAGATCCGTTGCA_002,40
CTTCATCCAGATCCGTTGCA_003,63
CTTCATCCAGATCCGTTGCA_004,3
CTTCATCCAGATCCGTTGCA_005,77
CTTCATCCAGATCCGTTGCA_006,130
CTTCATCCAGATCCGTTGCA_007,10
CTTCATCCAGATCCGTTGCA_008,180
GTAACCGGAAGACTCCTGGT_001,83
GTAACCGGAAGACTCCTGGT_002,199
GTAACCGGAAGACTCCTGGT_003,76
GTAACCGGAAGACTCCTGGT_004,1
GTAACCGGAAGACTCCTGGT_005,134
GTAACCGGAAGACTCCTGGT_006,118
GTAACCGGAAGACTCCTGGT_007,168
GTAACCGGAAGACTCCTGGT_008,36
GTAACCGGAAGACTCCTGGT_009,161
GTAACCGGAAGACTCCTGGT_010,88
TTCAGGAAATATTGTATATG_001,29
TTCAGGAAATATTGTATATG_002,94
TTCAGGAAATATTGTATATG_003,166
TTCAGGAAATATTGTATATG_004,58
ACAGAATTGATACTAACTGG_001,56
ACAGAATTGATACTAACTGG_002,127
CACGGAGCGCACATCCAGCA_001,160
CACGGAGCGCACATCCAGCA_002,185
CACGGAGCGCACATCCAGCA_003,181
CACGGAGCGCACATCCAGCA_004,158
CACGGAGCGCACATCCAGCA_005,158
CACGGAGCGCACATCCAGCA_006,174
CACGGAGCGCACATCCAGCA_007,131
AAGCTAGCATGTTCATACCG_001,84
AAGCTAGCATGTTCATACCG_002,147
AAGCTAGCATGTTCATACCG_003,173
CCTCTTGGCAGGAGTACTTG_001,12
CCTCTTGGCAGGAGTACTTG_002,15
CCTCTTGGCAGGAGTACTTG_003,58
CCTCTTGGCAGGAGTACTTG_004,19
CCTCTTGGCAGGAGTACTTG_005,199
CCTCTTGGCAGGAGTACTTG_006,146
CCTCTTGGCAGGAGTACTTG_007,102
CCTCTTGGCAGGAGTACTTG_008,174
CCTCTTGGCAGGAGTACTTG_009,47
CCTCTTGGCAGGAGTACTTG_010,1
CCTCTTGGCAGGAGTACTTG_011,105
CCTCTTGGCAGGAGTACTTG_012,155
CCTCTTGGCAGGAGTACTTG_013,180
CCTCTTGGCAGGAGTACTTG_014,44
CCTCTTGGCAGGAGTACTTG_015,5
GAGGATCAACACCATATGGT_001,28
GAGGATCAACACCATATGGT_002,16
GAGGATCAACACCATATGGT_003,161
GAGGATCAACACCATATGGT_004,46
GGTGGCAGCGTAGTCCGCGA_001,42
TGGGGCTTACAGTGACGGGT_001,79
TGGGGCTTACAGTGACGGGT_002,191
TGGGGCTTACAGTGACGGGT_003,112
TGGGGCTTACAGTGACGGGT_004,36
TGGGGCTTACAGTGACGGGT_005,83
TGGGGCTTACAGTGACGGGT_006,43
TGGGGCTTACAGTGACGGGT_007,9
TGGGGCTTACAGTGACGGGT_008,37
CAGGTCTCCTACGACGTCAG_001,27
CAGGTCTCCTACGACGTCAG_002,2
CAGGTCTCCTACGACGTCAG_003,132
CAGGTCTCCTACGACGTCAG_004,72
CAGGTCTCCTACGACGTCAG_005,48
CAGGTCTCCTACGACGTCAG_006,136
AGATACCCAGACAAGCACAC_001,48
AGATACCCAGACAAGCACAC_002,19
AGATACCCAGACAAGCACAC_003,115
AGATACCCAGACAAGCACAC_004,116
AGATACCCAGACAAGCACAC_005,3
AGATACCCAGACAAGCACAC_006,10
AGATACCCAGACAAGCACAC_007,113
AGATACCCAGACAAGCACAC_008,182
AGATACCCAGACAAGCACAC_009,104
AGATACCCAGACAAGCACAC_010,3
ATATGAGGGTGGGAGCAACG_001,82
ATATGAGGGTGGGAGCAACG_002,77
ATATGAGGGTGGGAGCAACG_003,147
ATATGAGGGTGGGAGCAACG_004,99
ATATGAGGGTGGGAGCAACG_005,42
ATATGAGGGTGGGAGCAACG_006,184
ATATGAGGGTGGGAGCAACG_007,150
ATATGAGGGTGGGAGCAACG_008,132
ATATGAGGGTGGGAGCAACG_009,60
ATATGAGGGTGGGAGCAACG_010,109
ATATGAGGGTGGGAGCAACG_011,184
AGCAAGAATGCAGCCCAACA_001,74
AGCAAGAATGCAGCCCAACA_002,22
AGCAAGAATGCAGCCCAACA_003,11
AGCAAGAATGCAGCCCAACA_004,45
AGCAAGAATGCAGCCCAACA_005,41
GAACTCGGGTAGTTATAGCT_001,143
GAACTCGGGTAGTTATAGCT_002,143
GAACTCGGGTAGTTATAGCT_003,29
GAACTCGGGTAGTTATAGCT_004,134
GAACTCGGGTAGTTATAGCT_005,19
GAACTCGGGTAGTTATAGCT_006,15
GAACTCGGGTAGTTATAGCT_007,118
GAACTCGGGTAGTTATAGCT_008,20
GAACTCGGGTAGTTATAGCT_009,168
AATTTCATCAATAAACACGA_001,94
AATTTCATCAATAAACACGA_002,129
AATTTCATCAATAAACACGA_003,130
CAGAAACAGAGAGGACTATG_001,187
CAGAAACAGAGAGGACTATG_002,56
CAGAAACAGAGAGGACTATG_003,90
CACCGGGACCATCAGCTGTA_001,73
CACCGGGACCATCAGCTGTA_002,41
CACCGGGACCATCAGCTGTA_003,146
CACCGGGACCATCAGCTGTA_004,146
CACCGGGACCATCAGCTGTA_005,170
CACCGGGACCATCAGCTGTA_006,117
CACCGGGACCATCAGCTGTA_007,176
CACCGGGACCATCAGCTGTA_008,30
CACCGGGACCATCAGCTGTA_009,43
CACCGGGACCATCAGCTGTA_010,95
CACCGGGACCATCAGCTGTA_011,33
CACCGGGACCATCAGCTGTA_012,15
CACCGGGACCATCAGCTGTA_013,103
CACCGGGACCATCAGCTGTA_014,144
CACCGGGACCATCAGCTGTA_015,166
CACCGGGACCATCAGCTGTA_016,52
CACCGGGACCATCAGCTGTA_017,98
CACCGGGACCATCAGCTGTA_018,50
CACCGGGACCATCAGCTGTA_019,34
CACCGGGACCATCAGCTGTA_020,195
CACCGGGACCATCAGCTGTA_021,118
CACCGGGACCATCAGCTGTA_022,137
CACCGGGACCATCAGCTGTA_023,16
CACCGGGACCATCAGCTGTA_024,80
CACCGGGACCATCAGCTGTA_025,35
CACCGGGACCATCAGCTGTA_026,0
CACCGGGACCATCAGCTGTA_027,28
GGTCCCAGTTTCACAGCGTG_001,29
GGTCCCAGTTTCACAGCGTG_002,127
GGTCCCAGTTTCACAGCGTG_003,116
GGTCCCAGTTTCACAGCGTG_004,48
GGTCCCAGTTTCACAGCGTG_005,77
GGTCCCAGTTTCACAGCGTG_006,198
GGTCCCAGTTTCACAGCGTG_007,9
GGTCCCAGTTTCACAGCGTG_008,117
GGTCCCAGTTTCACAGCGTG_009,28
GGTCCCAGTTTCACAGCGTG_010,135
GGTCCCAGTTTCACAGCGTG_011,12
GGTCCCAGTTTCACAGCGTG_012,196
GGTCCCAGTTTCACAGCGTG_013,123
GGTCCCAGTTTCACAGCGTG_014,174
GCATGTGCAGCCGAACATGT_001,20
GCATGTGCAGCCGAACATGT_002,147
GCATGTGCAGCCGAACATGT_003,154
GCATGTGCAGCCGAACATGT_004,145
GCATGTGCAGCCGAACATGT_005,88
GCATGTGCAGCCGAACATGT_006,109
GCATGTGCAGCCGAACATGT_007,70
GCATGTGCAGCCGAACATGT_008,61
GCATGTGCAGCCGAACATGT_009,106
GCATGTGCAGCCGAACATGT_010,179
GCATGTGCAGCCGAACATGT_011,164
GCATGTGCAGCCGAACATGT_012,88
CACACATATGCCCCTTCCAA_001,159
CACACATATGCCCCTTCCAA_002,5
AATGTAGAGTATATTCAGCG_001,94
CGGCCGAGAAAGTGCCCGAG_001,196
CGGCCGAGAAAGTGCCCGAG_002,2
CGGCCGAGAAAGTGCCCGAG_003,199
CGGCCGAGAAAGTGCCCGAG_004,76
CGGCCGAGAAAGTGCCCGAG_005,118
CGGCCGAGAAAGTGCCCGAG_006,62
CGGCCGAGAAAGTGCCCGAG_007,57
CGGCCGAGAAAGTGCCCGAG_008,29
CGGCCGAGAAAGTGCCCGAG_009,192
CGGCCGAGAAAGTGCCCGAG_010,150
CGGCCGAGAAAGTGCCCGAG_011,8
CGGCCGAGAAAGTGCCCGAG_012,113
CGGCCGAGAAAGTGCCCGAG_013,148
CGGCCGAGAAAGTGCCCGAG_014,182
CGGCCGAGAAAGTGCCCGAG_015,122
CGGCCGAGAAAGTGCCCGAG_016,158
CGGCCGAGAAAGTGCCCGAG_017,107
CGGCCGAGAAAGTGCCCGAG_018,76
CGGCCGAGAAAGTGCCCGAG_019,104
CGGCCGAGAAAGTGCCCGAG_020,60
CGGCCGAGAAAGTGCCCGAG_021,100
CGGCCGAGAAAGTGCCCGAG_022,140
CGGCCGAGAAAGTGCCCGAG_023,138
CGGCCGAGAAAGTGCCCGAG_024,109
CGGCCGAGAAAGTGCCCGAG_025,99
CGGCCGAGAAAGTGCCCGAG_026,62
CGGCCGAGAAAGTGCCCGAG_027,107
CGGCCGAGAAAGTGCCCGAG_028,49
CGGCCGAGAAAGTGCCCGAG_029,161
CGGCCGAGAAAGTGCCCGAG_030,108
CGGCCGAGAAAGTGCCCGAG_031,147
CCTGACGGCCAGATTCAGTG_001,19
CCTGACGGCCAGATTCAGTG_002,152
CCTGACGGCCAGATTCAGTG_003,72
CCTGACGGCCAGATTCAGTG_004,48
CCTGACGGCCAGATTCAGTG_005,115
CCTGACGGCCAGATTCAGTG_006,93
CCTGACGGCCAGATTCAGTG_007,197
CCTGACGGCCAGATTCAGTG_008,9
CCTGACGGCCAGATTCAGTG_009,144
GCAGCCACTTCGAACCCGAG_001,107
GCAGCCACTTCGAACCCGAG_002,58
GCAGCCACTTCGAACCCGAG_003,66
GCAGCCACTTCGAACCCGAG_004,127
GCAGCCACTTCGAACCCGAG_005,58
GCAGCCACTTCGAACCCGAG_006,88
GCAGCCACTTCGAACCCGAG_007,82
GCAGCCACTTCGAACCCGAG_008,81
AGTCATCTAGTGCAGTATCG_001,106
AGTCATCTAGTGCAGTATCG_002,23
AGTCATCTAGTGCAGTATCG_003,173
AGTCATCTAGTGCAGTATCG_004,178
AGTCATCTAGTGCAGTATCG_005,65
AGTCATCTAGTGCAGTATCG_006,35
AGTCATCTAGTGCAGTATCG_007,39
AGTCATCTAGTGCAGTATCG_008,197
AGTCATCTAGTGCAGTATCG_009,198
AGTCATCTAGTGCAGTATCG_010,50
AGTCATCTAGTGCAGTATCG_011,76
AGTCATCTAGTGCAGTATCG_012,126
TTTGATGTAGAGATCTCTCA_001,49
TTTGATGTAGAGATCTCTCA_002,49
TTTGATGTAGAGATCTCTCA_003,81
CAAACGCGAGCTAGAGCTGG_001,78
CAAACGCGAGCTAGAGCTGG_002,42
CAAACGCGAGCTAGAGCTGG_003,139
CAAACGCGAGCTAGAGCTGG_004,163
CAAACGCGAGCTAGAGCTGG_005,133
CAAACGCGAGCTAGAGCTGG_006,179
CAAACGCGAGCTAGAGCTGG_007,1
CAAACGCGAGCTAGAGCTGG_008,116
AGAGGAAGGAAACTCACATG_001,98
AGAGGAAGGAAACTCACATG_002,98
AGAGGAAGGAAACTCACATG_003,76
AGAGGAAGGAAACTCACATG_004,16
AGAGGAAGGAAACTCACATG_005,150
AGAGGAAGGAAACTCACATG_006,61
AGAGGAAGGAAACTCACATG_007,147
AGAGGAAGGAAACTCACATG_008,9
CGCTTCCGCGGCCCGTTCAA_001,171
CGCTTCCGCGGCCCGTTCAA_002,60
CGCTTCCGCGGCCCGTTCAA_003,196
CGCTTCCGCGGCCCGTTCAA_004,42
CGCTTCCGCGGCCCGTTCAA_005,103
CGCTTCCGCGGCCCGTTCAA_006,41
CGCTTCCGCGGCCCGTTCAA_007,198
CGCTTCCGCGGCCCGTTCAA_008,32
CGCTTCCGCGGCCCGTTCAA_009,11
CGCTTCCGCGGCCCGTTCAA_010,2
CGCTTCCGCGGCCCGTTCAA_011,82
CGCTTCCGCGGCCCGTTCAA_012,134
CGCTTCCGCGGCCCGTTCAA_013,168
CGCTTCCGCGGCCCGTTCAA_014,137
CGCTTCCGCGGCCCGTTCAA_015,78
CGCTTCCGCGGCCCGTTCAA_016,48
CGCTTCCGCGGCCCGTTCAA_017,121
CGCTTCCGCGGCCCGTTCAA_018,148
CGCTTCCGCGGCCCGTTCAA_019,192
CGCTTCCGCGGCCCGTTCAA_020,137
CGCTTCCGCGGCCCGTTCAA_021,78
CGCTTCCGCGGCCCGTTCAA_022,168
CGCTTCCGCGGCCCGTTCAA_023,191
CGCTTCCGCGGCCCGTTCAA_024,88
CGCTTCCGCGGCCCGTTCAA_025,180
CGCTTCCGCGGCCCGTTCAA_026,70
CGCTTCCGCGGCCCGTTCAA_027,62
CGCTTCCGCGGCCCGTTCAA_028,160
CGCTTCCGCGGCCCGTTCAA_029,150
CGCTTCCGCGGCCCGTTCAA_030,125
CGCTTCCGCGGCCCGTTCAA_031,82
CGCTTCCGCGGCCCGTTCAA_032,40
CGCTTCCGCGGCCCGTTCAA_033,56
CTGGTGTTCTGACCCCCCTG_001,1
CTGGTGTTCTGACCCCCCTG_002,88
CTGGTGTTCTGACCCCCCTG_003,48
CTGGTGTTCTGACCCCCCTG_004,116
CTGGTGTTCTGACCCCCCTG_005,192
CTGGTGTTCTGACCCCCCTG_006,98
CTGGTGTTCTGACCCCCCTG_007,63
GGCAGCGGCGGTAATGTCCG_001,102
GGCAGCGGCGGTAATGTCCG_002,5
GGCAGCGGCGGTAATGTCCG_003,198
GGCAGCGGCGGTAATGTCCG_004,108
GGCAGCGGCGGTAATGTCCG_005,48
GGCAGCGGCGGTAATGTCCG_006,50
GGCAGCGGCGGTAATGTCCG_007,120
GGCAGCGGCGGTAATGTCCG_008,80
GGCAGCGGCGGTAATGTCCG_009,6
GGCAGCGGCGGTAATGTCCG_010,0
GGCAGCGGCGGTAATGTCCG_011,47
GGCAGCGGCGGTAATGTCCG_012,104
GGCAGCGGCGGTAATGTCCG_013,36
GGCAGCGGCGGTAATGTCCG_014,137
GGCAGCGGCGGTAATGTCCG_015,38
GGCAGCGGCGGTAATGTCCG_016,52
GGCAGCGGCGGTAATGTCCG_017,106
GGCAGCGGCGGTAATGTCCG_018,55
GGCAGCGGCGGTAATGTCCG_019,94
GGCAGCGGCGGTAATGTCCG_020,94
TGACGGGAACTTTGACACCG_001,158
TGACGGGAACTTTGACACCG_002,56
TGACGGGAACTTTGACACCG_003,117
TGACGGGAACTTTGACACCG_004,168
TGACGGGAACTTTGACACCG_005,22
TGACGGGAACTTTGACACCG_006,22
TGACGGGAACTTTGACACCG_007,62
TGACGGGAACTTTGACACCG_008,133
TGACGGGAACTTTGACACCG_009,81
TGACGGGAACTTTGACACCG_010,158
TGACGGGAACTTTGACACCG_011,141
TGACGGGAACTTTGACACCG_012,66
ACTTCCTACGGCGATCATGG_001,46
ACTTCCTACGGCGATCATGG_002,166
ACTTCCTACGGCGATCATGG_003,35
ACTTCCTACGGCGATCATGG_004,118
ACTTCCTACGGCGATCATGG_005,137
ACTTCCTACGGCGATCATGG_006,76
ACTTCCTACGGCGATCATGG_007,41
ACTTCCTACGGCGATCATGG_008,94
GGCAGAAGGCTTGATGGCAC_001,144
GGCAGAAGGCTTGATGGCAC_002,149
GGCAGAAGGCTTGATGGCAC_003,147
GGCAGAAGGCTTGATGGCAC_004,174
GGCAGAAGGCTTGATGGCAC_005,40
GGCAGAAGGCTTGATGGCAC_006,114
GGCAGAAGGCTTGATGGCAC_007,197
GGCAGAAGGCTTGATGGCAC_008,12
GGCAGAAGGCTTGATGGCAC_009,113
GGCAGAAGGCTTGATGGCAC_010,172
GGCAGAAGGCTTGATGGCAC_011,183
GGCAGAAGGCTTGATGGCAC_012,50
GGCAGAAGGCTTGATGGCAC_013,34
GGCAGAAGGCTTGATGGCAC_014,81
GGCAGAAGGCTTGATGGCAC_015,147
GGCAGAAGGCTTGATGGCAC_016,96
GGCAGAAGGCTTGATGGCAC_017,171
GGCAGAAGGCTTGATGGCAC_018,112
TTCCTACAGACGATCCACTT_001,127
TTCCTACAGACGATCCACTT_002,162
TTCCTACAGACGATCCACTT_003,171
TTCCTACAGACGATCCACTT_004,5
TTCCTACAGACGATCCACTT_005,53
TTCCTACAGACGATCCACTT_006,2
TTTGGTAACATTTGGACCTA_001,107
ACACGCTGACCGAGTCATAG_001,144
ACACGCTGACCGAGTCATAG_002,105
ACACGCTGACCGAGTCATAG_003,153
ACACGCTGACCGAGTCATAG_004,22
ACACGCTGACCGAGTCATAG_005,92
ACACGCTGACCGAGTCATAG_006,116
ACACGCTGACCGAGTCATAG_007,169
ACACGCTGACCGAGTCATAG_008,15
ACACGCTGACCGAGTCATAG_009,86
ACACGCTGACCGAGTCATAG_010,173
ACACGCTGACCGAGTCATAG_011,88
ACACGCTGACCGAGTCATAG_012,191
ACACGCTGACCGAGTCATAG_013,3
ACACGCTGACCGAGTCATAG_014,1
ACACGCTGACCGAGTCATAG_015,9
ACACGCTGACCGAGTCATAG_016,197
ACACGCTGACCGAGTCATAG_017,184
ACACGCTGACCGAGTCATAG_018,19
ACACGCTGACCGAGTCATAG_019,167
ACACGCTGACCGAGTCATAG_020,8
GAGTCGCGGGCCGACGACAA_001,16
GAGTCGCGGGCCGACGACAA_002,17
GAGTCGCGGGCCGACGACAA_003,67
GAGTCGCGGGCCGACGACAA_004,61
GAGTCGCGGGCCGACGACAA_005,69
GAGTCGCGGGCCGACGACAA_006,134
GAGTCGCGGGCCGACGACAA_007,34
GAGTCGCGGGCCGACGACAA_008,172
GAGTCGCGGGCCGACGACAA_009,9
GAGTCGCGGGCCGACGACAA_010,8
GAGTCGCGGGCCGACGACAA_011,15
GAGTCGCGGGCCGACGACAA_012,67
GAGTCGCGGGCCGACGACAA_013,46
GAGTCGCGGGCCGACGACAA_014,63
CACAGCAGGATTCATCTCAG_001,149
CACAGCAGGATTCATCTCAG_002,36
CACAGCAGGATTCATCTCAG_003,170
CACAGCAGGATTCATCTCAG_004,109
CACAGCAGGATTCATCTCAG_005,109
CACAGCAGGATTCATCTCAG_006,4
CACAGCAGGATTCATCTCAG_007,91
CACAGCAGGATTCATCTCAG_008,70
CACAGCAGGATTCATCTCAG_009,13
CACAGCAGGATTCATCTCAG_010,158
CACAGCAGGATTCATCTCAG_011,147
CACAGCAGGATTCATCTCAG_012,148
CACAGCAGGATTCATCTCAG_013,112
CACAGCAGGATTCATCTCAG_014,16
CACAGCAGGATTCATCTCAG_015,31
CACAGCAGGATTCATCTCAG_016,102
GAGATCGCAACGTCAACTTG_001,168
GAGATCGCAACGTCAACTTG_002,106
GAGATCGCAACGTCAACTTG_003,88
GAGATCGCAACGTCAACTTG_004,132
GAGATCGCAACGTCAACTTG_005,67
GAGATCGCAACGTCAACTTG_006,103
GAGATCGCAACGTCAACTTG_007,65
GAGATCGCAACGTCAACTTG_008,72
GAGATCGCAACGTCAACTTG_009,86
GAGATCGCAACGTCAACTTG_010,3
GAGATCGCAACGTCAACTTG_011,147
GAGATCGCAACGTCAACTTG_012,155
GAGATCGCAACGTCAACTTG_013,25
GAGATCGCAACGTCAACTTG_014,6
GAGATCGCAACGTCAACTTG_015,62
AGAACCAGCCGAGATAGAAG_001,40
AGAACCAGCCGAGATAGAAG_002,18
AGAACCAGCCGAGATAGAAG_003,199
AGAACCAGCCGAGATAGAAG_004,129
GCGTCCAGGAGCGGCTTCGG_001,78
GCGTCCAGGAGCGGCTTCGG_002,88
GCGTCCAGGAGCGGCTTCGG_003,34
GCGTCCAGGAGCGGCTTCGG_004,83
GCGTCCAGGAGCGGCTTCGG_005,15
GCGTCCAGGAGCGGCTTCGG_006,166
GCGTCCAGGAGCGGCTTCGG_007,50
GCGTCCAGGAGCGGCTTCGG_008,7
GCGTCCAGGAGCGGCTTCGG_009,3
GCGTCCAGGAGCGGCTTCGG_010,20
GCGTCCAGGAGCGGCTTCGG_011,37
GCGTCCAGGAGCGGCTTCGG_012,37
GCGTCCAGGAGCGGCTTCGG_013,50
GCGTCCAGGAGCGGCTTCGG_014,38
GCGTCCAGGAGCGGCTTCGG_015,180
GCGTCCAGGAGCGGCTTCGG_016,115
GCGTCCAGGAGCGGCTTCGG_017,144
GCGTCCAGGAGCGGCTTCGG_018,111
GCGTCCAGGAGCGGCTTCGG_019,88
GCGTCCAGGAGCGGCTTCGG_020,105
GCGTCCAGGAGCGGCTTCGG_021,121
GCGTCCAGGAGCGGCTTCGG_022,15
GCGTCCAGGAGCGGCTTCGG_023,116
GCGTCCAGGAGCGGCTTCGG_024,197
GCGTCCAGGAGCGGCTTCGG_025,56
GCGTCCAGGAGCGGCTTCGG_026,129
GGGGATACTTACACACATGC_001,14
CAACATCGTTGTCTAACCCG_001,163
CAACATCGTTGTCTAACCCG_002,62
CAACATCGTTGTCTAACCCG_003,166
CAACATCGTTGTCTAACCCG_004,56
CAACATCGTTGTCTAACCCG_005,149
CAACATCGTTGTCTAACCCG_006,145
CAACATCGTTGTCTAACCCG_007,94
CAGATCTAAAGCCCCCCACA_001,120
CAGATCTAAAGCCCCCCACA_002,43
CAGATCTAAAGCCCCCCACA_003,56
CAGATCTAAAGCCCCCCACA_004,94
CAGATCTAAAGCCCCCCACA_005,124
CAGATCTAAAGCCCCCCACA_006,130
CAGATCTAAAGCCCCCCACA_007,1
CAGATCTAAAGCCCCCCACA_008,152
CAGATCTAAAGCCCCCCACA_009,15
CAGATCTAAAGCCCCCCACA_010,196
CAGATCTAAAGCCCCCCACA_011,131
CAGATCTAAAGCCCCCCACA_012,135
CAGATCTAAAGCCCCCCACA_013,135
CAGATCTAAAGCCCCCCACA_014,83
CAGATCTAAAGCCCCCCACA_015,31
CAGATCTAAAGCCCCCCACA_016,71
CAGATCTAAAGCCCCCCACA_017,109
CAGATCTAAAGCCCCCCACA_018,6
CAGATCTAAAGCCCCCCACA_019,148
CAGATCTAAAGCCCCCCACA_020,3
CAGATCTAAAGCCCCCCACA_021,152
CAGATCTAAAGCCCCCCACA_022,144
CTGATTAGGTATCCTCAATG_001,105
CTGATTAGGTATCCTCAATG_002,140
CTGATTAGGTATCCTCAATG_003,61
CTGATTAGGTATCCTCAATG_004,1
CTGATTAGGTATCCTCAATG_005,0
CTGATTAGGTATCCTCAATG_006,142
GGTTCCAGTAGACGGCGTAG_001,10
GGTTCCAGTAGACGGCGTAG_002,189
GGTTCCAGTAGACGGCGTAG_003,122
GGTTCCAGTAGACGGCGTAG_004,149
GGTTCCAGTAGACGGCGTAG_005,142
GGTTCCAGTAGACGGCGTAG_006,68
GGTTCCAGTAGACGGCGTAG_007,121
GGTTCCAGTAGACGGCGTAG_008,116
GGTTCCAGTAGACGGCGTAG_009,136
GGTTCCAGTAGACGGCGTAG_010,141
GGTTCCAGTAGACGGCGTAG_011,8
GGTTCCAGTAGACGGCGTAG_012,177
GGTTCCAGTAGACGGCGTAG_013,123
GGTTCCAGTAGACGGCGTAG_014,47
GGTTCCAGTAGACGGCGTAG_015,16
GGTTCCAGTAGACGGCGTAG_016,141
GGTTCCAGTAGACGGCGTAG_017,168
GGTTCCAGTAGACGGCGTAG_018,62
GGTTCCAGTAGACGGCGTAG_019,118
GGTTCCAGTAGACGGCGTAG_020,3
GGTTCCAGTAGACGGCGTAG_021,118
TTGCCTACAACTAGCCACAA_001,28
TTGCCTACAACTAGCCACAA_002,8
TTGCCTACAACTAGCCACAA_003,88
TTGCCTACAACTAGCCACAA_004,169
TTGCCTACAACTAGCCACAA_005,19
TTGCCTACAACTAGCCACAA_006,1
TTGCCTACAACTAGCCACAA_007,158
TTGCCTACAACTAGCCACAA_008,145
TTGCCTACAACTAGCCACAA_009,138
TTGCCTACAACTAGCCACAA_010,137
TTGCCTACAACTAGCCACAA_011,197
TTGCCTACAACTAGCCACAA_012,34
TCCTGGGATCCACACCACTG_001,139
TCCTGGGATCCACACCACTG_002,79
TCCTGGGATCCACACCACTG_003,70
TCCTGGGATCCACACCACTG_004,195
TCCTGGGATCCACACCACTG_005,159
TCCTGGGATCCACACCACTG_006,166
TCCTGGGATCCACACCACTG_007,94
TCCTGGGATCCACACCACTG_008,58
TCCTGGGATCCACACCACTG_009,103
ATGGCCATAAGTGCCTGAAT_001,149
ATGGCCATAAGTGCCTGAAT_002,166
ATGGCCATAAGTGCCTGAAT_003,43
ATGGCCATAAGTGCCTGAAT_004,158
ATGGCCATAAGTGCCTGAAT_005,116
ATGGCCATAAGTGCCTGAAT_006,70
ATGGCCATAAGTGCCTGAAT_007,54
ATGGCCATAAGTGCCTGAAT_008,185
ATGGCCATAAGTGCCTGAAT_009,69
ATGGCCATAAGTGCCTGAAT_010,149
ATGGCCATAAGTGCCTGAAT_011,34
ATGGCCATAAGTGCCTGAAT_012,122
ATGGCCATAAGTGCCTGAAT_013,19
ATGGCCATAAGTGCCTGAAT_014,86
ATGGCCATAAGTGCCTGAAT_015,27
ATGGCCATAAGTGCCTGAAT_016,46
ATGGCCATAAGTGCCTGAAT_017,35
ATGGCCATAAGTGCCTGAAT_018,182
ATGGCCATAAGTGCCTGAAT_019,0
ATGGCCATAAGTGCCTGAAT_020,7
ATGGCCATAAGTGCCTGAAT_021,6
ATGGCCATAAGTGCCTGAAT_022,40
ATGGCCATAAGTGCCTGAAT_023,88
ATGGCCATAAGTGCCTGAAT_024,44
ATGGCCATAAGTGCCTGAAT_025,22
ATGGCCATAAGTGCCTGAAT_026,190
ATGGCCATAAGTGCCTGAAT_027,30
ATGGCCATAAGTGCCTGAAT_028,69
ATGGCCATAAGTGCCTGAAT_029,177
ATGGCCATAAGTGCCTGAAT_030,153
AGGAAGACCCGGAAACTTAG_001,106
AGGAAGACCCGGAAACTTAG_002,106
AGGAAGACCCGGAAACTTAG_003,128
AGGAAGACCCGGAAACTTAG_004,75
AGGAAGACCCGGAAACTTAG_005,92
AGGAAGACCCGGAAACTTAG_006,119
AGGAAGACCCGGAAACTTAG_007,171
AGGAAGACCCGGAAACTTAG_008,176
AGGAAGACCCGGAAACTTAG_009,40
CTTGAGCAGGAGCATACCCA_001,56
CTTGAGCAGGAGCATACCCA_002,144
CTTGAGCAGGAGCATACCCA_003,57
CTTGAGCAGGAGCATACCCA_004,1
CTTGAGCAGGAGCATACCCA_005,127
CTTGAGCAGGAGCATACCCA_006,148
CTTGAGCAGGAGCATACCCA_007,64
CTTGAGCAGGAGCATACCCA_008,105
CTTGAGCAGGAGCATACCCA_009,122
CTTGAGCAGGAGCATACCCA_010,88
CTTGAGCAGGAGCATACCCA_011,183
CTTGAGCAGGAGCATACCCA_012,127
CTTGAGCAGGAGCATACCCA_013,123
CTTGAGCAGGAGCATACCCA_014,127
CTTGAGCAGGAGCATACCCA_015,121
CTTGAGCAGGAGCATACCCA_016,83
TGATGTGTCACCTTCACCAA_001,189
TGATGTGTCACCTTCACCAA_002,113
TGATGTGTCACCTTCACCAA_003,172
TGATGTGTCACCTTCACCAA_004,126
TGATGTGTCACCTTCACCAA_005,93
TGATGTGTCACCTTCACCAA_006,17
TGATGTGTCACCTTCACCAA_007,77
TGATGTGTCACCTTCACCAA_008,124
TGATGTGTCACCTTCACCAA_009,59
CAAACGCTCAATGACACTGT_001,105
CAAACGCTCAATGACACTGT_002,172
CAAACGCTCAATGACACTGT_003,19
CAAACGCTCAATGACACTGT_004,58
CAAACGCTCAATGACACTGT_005,199
TGGCTGCCCGGTCCTTCGAG_001,126
TGGCTGCCCGGTCCTTCGAG_002,183
TGGCTGCCCGGTCCTTCGAG_003,76
TGGCTGCCCGGTCCTTCGAG_004,15
TGGCTGCCCGGTCCTTCGAG_005,199
TGGCTGCCCGGTCCTTCGAG_006,41
TGGCTGCCCGGTCCTTCGAG_007,90
TGGCTGCCCGGTCCTTCGAG_008,151
TTGCAGTACTGACATATCGT_001,48
AGCTGTCGCTCTCATCCGTG_001,0
AGCTGTCGCTCTCATCCGTG_002,103
AGCTGTCGCTCTCATCCGTG_003,178
AGCTGTCGCTCTCATCCGTG_004,25
AGCTGTCGCTCTCATCCGTG_005,144
CACCTTAGGAACCATCAGCG_001,147
CACCTTAGGAACCATCAGCG_002,171
CACCTTAGGAACCATCAGCG_003,166
CACCTTAGGAACCATCAGCG_004,168
CACCTTAGGAACCATCAGCG_005,181
CACCTTAGGAACCATCAGCG_006,17
CACCTTAGGAACCATCAGCG_007,17
CACCTTAGGAACCATCAGCG_008,69
CACCTTAGGAACCATCAGCG_009,33
CACCTTAGGAACCATCAGCG_010,30
CACCTTAGGAACCATCAGCG_011,156
CACCTTAGGAACCATCAGCG_012,156
CACCTTAGGAACCATCAGCG_013,178
CACCTTAGGAACCATCAGCG_014,121
CACCTTAGGAACCATCAGCG_015,67
CACCTTAGGAACCATCAGCG_016,147
CACCTTAGGAACCATCAGCG_017,18
CACCTTAGGAACCATCAGCG_018,140
CACCTTAGGAACCATCAGCG_019,117
CACCTTAGGAACCATCAGCG_020,61
CACCTTAGGAACCATCAGCG_021,149
CACCTTAGGAACCATCAGCG_022,56
CACCTTAGGAACCATCAGCG_023,68
CACCTTAGGAACCATCAGCG_024,160
CACCTTAGGAACCATCAGCG_025,115
CACCTTAGGAACCATCAGCG_026,87
CACCTTAGGAACCATCAGCG_027,87
CACCTTAGGAACCATCAGCG_028,34
CAATGGGTCCAGGACCTATG_001,186
CAATGGGTCCAGGACCTATG_002,114
CAATGGGTCCAGGACCTATG_003,93
CAATGGGTCCAGGACCTATG_004,119
CAATGGGTCCAGGACCTATG_005,40
CAATGGGTCCAGGACCTATG_006,147
CAATGGGTCCAGGACCTATG_007,127
CAATGGGTCCAGGACCTATG_008,12
CAATGGGTCCAGGACCTATG_009,138
CAATGGGTCCAGGACCTATG_010,150
CAATGGGTCCAGGACCTATG_011,57
CAATGGGTCCAGGACCTATG_012,168
CAATGGGTCCAGGACCTATG_013,138
CAATGGGTCCAGGACCTATG_014,184
CAATGGGTCCAGGACCTATG_015,79
CAATGGGTCCAGGACCTATG_016,130
CAATGGGTCCAGGACCTATG_017,77
CAATGGGTCCAGGACCTATG_018,52
CAATGGGTCCAGGACCTATG_019,27
CAATGGGTCCAGGACCTATG_020,115
CAATGGGTCCAGGACCTATG_021,63
CAATGGGTCCAGGACCTATG_022,49
CCGTGCAGATGCACTCCAGG_001,117
CCGTGCAGATGCACTCCAGG_002,144
CCGTGCAGATGCACTCCAGG_003,66
CTCACGGGGACATACAGGGC_001,144
CTCACGGGGACATACAGGGC_002,101
CTCACGGGGACATACAGGGC_003,0
CTCACGGGGACATACAGGGC_004,191
CTCACGGGGACATACAGGGC_005,113
CTCACGGGGACATACAGGGC_006,64
CTCACGGGGACATACAGGGC_007,102
CTCACGGGGACATACAGGGC_008,7
CTCACGGGGACATACAGGGC_009,168
CTCACGGGGACATACAGGGC_010,173
CTCACGGGGACATACAGGGC_011,173
CTCACGGGGACATACAGGGC_012,49
CTCACGGGGACATACAGGGC_013,191
CTCACGGGGACATACAGGGC_014,94
CTCACGGGGACATACAGGGC_015,120
CTCACGGGGACATACAGGGC_016,165
CTCACGGGGACATACAGGGC_017,84
CTCACGGGGACATACAGGGC_018,84
CTCACGGGGACATACAGGGC_019,13
CTCACGGGGACATACAGGGC_020,88
CTCACGGGGACATACAGGGC_021,127
CTCACGGGGACATACAGGGC_022,160
CTCACGGGGACATACAGGGC_023,141
CTCACGGGGACATACAGGGC_024,140
CTCACGGGGACATACAGGGC_025,190
CTCACGGGGACATACAGGGC_026,127
CTCACGGGGACATACAGGGC_027,94
CTCACGGGGACATACAGGGC_028,76
CTCACGGGGACATACAGGGC_029,29
CTCACGGGGACATACAGGGC_030,141
CTCACGGGGACATACAGGGC_031,16
CTCACGGGGACATACAGGGC_032,105
CTCACGGGGACATACAGGGC_033,132
CTCACGGGGACATACAGGGC_034,158
CTCACGGGGACATACAGGGC_035,175
CTCACGGGGACATACAGGGC_036,150
CTCACGGGGACATACAGGGC_037,31
CTCACGGGGACATACAGGGC_038,190
CTCACGGGGACATACAGGGC_039,98
CTCACGGGGACATACAGGGC_040,56
CTCACGGGGACATACAGGGC_041,141
CTCACGGGGACATACAGGGC_042,146
CTCACGGGGACATACAGGGC_043,94
CTCACGGGGACATACAGGGC_044,102
CTCACGGGGACATACAGGGC_045,42
GTCAGATGATAACTTCAACC_001,63
ACTGTGACCATCAGTACAGA_001,32
ACTGTGACCATCAGTACAGA_002,111
ACTGTGACCATCAGTACAGA_003,18
ACTGTGACCATCAGTACAGA_004,80
ACTGTGACCATCAGTACAGA_005,136
ACTGTGACCATCAGTACAGA_006,127
ACTGTGACCATCAGTACAGA_007,127
ACTGTGACCATCAGTACAGA_008,13
ACTGTGACCATCAGTACAGA_009,1
ACTGTGACCATCAGTACAGA_010,115
ACTGTGACCATCAGTACAGA_011,6
ACTGTGACCATCAGTACAGA_012,178
ACTGTGACCATCAGTACAGA_013,120
ACTGTGACCATCAGTACAGA_014,2
ACTGTGACCATCAGTACAGA_015,40
ACTGTGACCATCAGTACAGA_016,144
ACTGTGACCATCAGTACAGA_017,76
ACTGTGACCATCAGTACAGA_018,140
ACTGTGACCATCAGTACAGA_019,176
ACTGTGACCATCAGTACAGA_020,176
ACTGTGACCATCAGTACAGA_021,148
ACTGTGACCATCAGTACAGA_022,62
ACTGTGACCATCAGTACAGA_023,138
ACTGTGACCATCAGTACAGA_024,188
ACTGTGACCATCAGTACAGA_025,141
ACTGTGACCATCAGTACAGA_026,175
ACTGTGACCATCAGTACAGA_027,50
ACTGTGACCATCAGTACAGA_028,199
ACTGTGACCATCAGTACAGA_029,162
ACTGTGACCATCAGTACAGA_030,144
ACTGTGACCATCAGTACAGA_031,165
ACTGTGACCATCAGTACAGA_032,156
ACTGTGACCATCAGTACAGA_033,153
CCTAACCATATGCCTATGCA_001,1
CCTAACCATATGCCTATGCA_002,76
CCTAACCATATGCCTATGCA_003,191
CCTAACCATATGCCTATGCA_004,16
CCTAACCATATGCCTATGCA_005,28
AACCTGCAGATACCCAATTG_001,9
AACCTGCAGATACCCAATTG_002,49
AACCTGCAGATACCCAATTG_003,146
AACCTGCAGATACCCAATTG_004,157
TTCCGCGGGAGCGGTCCCCG_001,102
TTCCGCGGGAGCGGTCCCCG_002,62
TTCCGCGGGAGCGGTCCCCG_003,57
TTCCGCGGGAGCGGTCCCCG_004,115
TTCCGCGGGAGCGGTCCCCG_005,162
CCACCGCATCAGCAGCCACG_001,178
CCACCGCATCAGCAGCCACG_002,180
CCACCGCATCAGCAGCCACG_003,61
CCACCGCATCAGCAGCCACG_004,113
CCACCGCATCAGCAGCCACG_005,110
CCACCGCATCAGCAGCCACG_006,146
CCACCGCATCAGCAGCCACG_007,156
CCACCGCATCAGCAGCCACG_008,105
CCACCGCATCAGCAGCCACG_009,164
CCACCGCATCAGCAGCCACG_010,164
CCACCGCATCAGCAGCCACG_011,176
CGATTCTCTCACTGAGCCGG_001,146
GGAGAAGTTTGAATTAGACG_001,161
GGAGAAGTTTGAATTAGACG_002,178
GGAGAAGTTTGAATTAGACG_003,59
CAGGCTCTGACTGCAACGGA_001,126
CAGGCTCTGACTGCAACGGA_002,169
CAGGCTCTGACTGCAACGGA_003,78
CAGGCTCTGACTGCAACGGA_004,169
CAGGCTCTGACTGCAACGGA_005,63
CAGGCTCTGACTGCAACGGA_006,99
CAGGCTCTGACTGCAACGGA_007,116
TGGAAATAACAACATCCCTG_001,176
TGGAAATAACAACATCCCTG_002,32
TGGAAATAACAACATCCCTG_003,54
TGGAAATAACAACATCCCTG_004,91
TGGAAATAACAACATCCCTG_005,2
CCGTCCCTGACATGGGCCCA_001,129
CCGTCCCTGACATGGGCCCA_002,113
CCGTCCCTGACATGGGCCCA_003,157
CCGTCCCTGACATGGGCCCA_004,161
CCGTCCCTGACATGGGCCCA_005,97
CCGTCCCTGACATGGGCCCA_006,63
CCGTCCCTGACATGGGCCCA_007,27
CCGTCCCTGACATGGGCCCA_008,100
CCGTCCCTGACATGGGCCCA_009,111
CCGTCCCTGACATGGGCCCA_010,32
CCGTCCCTGACATGGGCCCA_011,44
CCGTCCCTGACATGGGCCCA_012,145
CCGTCCCTGACATGGGCCCA_013,54
CCGTCCCTGACATGGGCCCA_014,71
CCGTCCCTGACATGGGCCCA_015,44
CCGTCCCTGACATGGGCCCA_016,168
CCGTCCCTGACATGGGCCCA_017,15
TCTCATAAAGCCATTCAATG_001,68
TCTCATAAAGCCATTCAATG_002,120
CACCGAGGAGGTGTGGGACA_001,78
CACCGAGGAGGTGTGGGACA_002,118
CACCGAGGAGGTGTGGGACA_003,102
CACCGAGGAGGTGTGGGACA_004,154
CACCGAGGAGGTGTGGGACA_005,153
CCAGTGCAATCCTGTTCATG_001,41
CCAGTGCAATCCTGTTCATG_002,12
CCAGTGCAATCCTGTTCATG_003,64
CCAGTGCAATCCTGTTCATG_004,80
CCAGTGCAATCCTGTTCATG_005,23
CCAGTGCAATCCTGTTCATG_006,50
CCAGTGCAATCCTGTTCATG_007,149
CCAGTGCAATCCTGTTCATG_008,67
CCAGTGCAATCCTGTTCATG_009,185
CCAGTGCAATCCTGTTCATG_010,145
CCAGTGCAATCCTGTTCATG_011,98
CCAGTGCAATCCTGTTCATG_012,55
CCAGTGCAATCCTGTTCATG_013,33
CCAGTGCAATCCTGTTCATG_014,158
CCAGTGCAATCCTGTTCATG_015,41
CCAGTGCAATCCTGTTCATG_016,138
CCAGTGCAATCCTGTTCATG_017,43
CCAGTGCAATCCTGTTCATG_018,197
CCAGTGCAATCCTGTTCATG_019,5
GCTTCAGAAAGACCACCGGG_001,114
GCTTCAGAAAGACCACCGGG_002,129
GCTTCAGAAAGACCACCGGG_003,148
GCTTCAGAAAGACCACCGGG_004,149
GCTTCAGAAAGACCACCGGG_005,6
GCTTCAGAAAGACCACCGGG_006,121
GCTTCAGAAAGACCACCGGG_007,184
GCTTCAGAAAGACCACCGGG_008,52
GCTTCAGAAAGACCACCGGG_009,4
GCTTCAGAAAGACCACCGGG_010,12
GCTTCAGAAAGACCACCGGG_011,72
GCTTCAGAAAGACCACCGGG_012,135
GCTTCAGAAAGACCACCGGG_013,15
GCTTCAGAAAGACCACCGGG_014,16
GCTTCAGAAAGACCACCGGG_015,37
GCTTCAGAAAGACCACCGGG_016,9
GCTTCAGAAAGACCACCGGG_017,149
GCTTCAGAAAGACCACCGGG_018,141
ACCAGGCTGCTGAATAACGA_001,115
ACCAGGCTGCTGAATAACGA_002,107
ACCAGGCTGCTGAATAACGA_003,149
ACCAGGCTGCTGAATAACGA_004,22
ACCAGGCTGCTGAATAACGA_005,18
ACCAGGCTGCTGAATAACGA_006,127
ACCAGGCTGCTGAATAACGA_007,106
ACCAGGCTGCTGAATAACGA_008,151
ACCAGGCTGCTGAATAACGA_009,93
ACCAGGCTGCTGAATAACGA_010,113
ACCAGGCTGCTGAATAACGA_011,10
ACCAGGCTGCTGAATAACGA_012,101
ACCAGGCTGCTGAATAACGA_013,94
ACCAGGCTGCTGAATAACGA_014,28
ACCAGGCTGCTGAATAACGA_015,133
ACCAGGCTGCTGAATAACGA_016,98
ACCAGGCTGCTGAATAACGA_017,160
ACCAGGCTGCTGAATAACGA_018,48
GAGTAATTTCGAACGTATTG_001,163
GAGTAATTTCGAACGTATTG_002,185
ACCACAACCACCACCTTCAA_001,4
ACCACAACCACCACCTTCAA_002,151
ACCACAACCACCACCTTCAA_003,105
ACCACAACCACCACCTTCAA_004,170
ACCACAACCACCACCTTCAA_005,46
ACCACAACCACCACCTTCAA_006,51
ACCACAACCACCACCTTCAA_007,81
ACCACAACCACCACCTTCAA_008,197
ACCACAACCACCACCTTCAA_009,74
ACCACAACCACCACCTTCAA_010,52
ACCACAACCACCACCTTCAA_011,168
ACCACAACCACCACCTTCAA_012,123
GGCCAGATGGTCCTAGTGCT_001,149
GGCCAGATGGTCCTAGTGCT_002,94
GGCCAGATGGTCCTAGTGCT_003,127
GGCCAGATGGTCCTAGTGCT_004,25
GGCCAGATGGTCCTAGTGCT_005,125
GGCCAGATGGTCCTAGTGCT_006,112
GGCCAGATGGTCCTAGTGCT_007,38
GGCCAGATGGTCCTAGTGCT_008,22
GGCCAGATGGTCCTAGTGCT_009,166
ATTTGACTAGGCGACTTCGA_001,184
ATTTGACTAGGCGACTTCGA_002,50
ATTTGACTAGGCGACTTCGA_003,15
ATTTGACTAGGCGACTTCGA_004,2
ATTTGACTAGGCGACTTCGA_005,103
TTACCCGTTCAAGCCCCCAA_001,96
TTACCCGTTCAAGCCCCCAA_002,179
TTACCCGTTCAAGCCCCCAA_003,123
TTACCCGTTCAAGCCCCCAA_004,31
TTACCCGTTCAAGCCCCCAA_005,192
TTACCCGTTCAAGCCCCCAA_006,158
TTACCCGTTCAAGCCCCCAA_007,147
TTACCCGTTCAAGCCCCCAA_008,150
TTACCCGTTCAAGCCCCCAA_009,9
TTACCCGTTCAAGCCCCCAA_010,9
TTACCCGTTCAAGCCCCCAA_011,118
TTACCCGTTCAAGCCCCCAA_012,41
TTACCCGTTCAAGCCCCCAA_013,149
TTACCCGTTCAAGCCCCCAA_014,103
TTACCCGTTCAAGCCCCCAA_015,102
TTACCCGTTCAAGCCCCCAA_016,172
AAACTGAGGATATCCGAAAG_001,35
AAACTGAGGATATCCGAAAG_002,123
AAACTGAGGATATCCGAAAG_003,33
AAACTGAGGATATCCGAAAG_004,186
AAACTGAGGATATCCGAAAG_005,77
AAACTGAGGATATCCGAAAG_006,105
CATCTGTACAACATTACCTG_001,76
CATCTGTACAACATTACCTG_002,67
CATCTGTACAACATTACCTG_003,55
CATCTGTACAACATTACCTG_004,120
CATCTGTACAACATTACCTG_005,137
CATCTGTACAACATTACCTG_006,59
GTGCGAAGCGCCCTGCCCGG_001,16
GTGCGAAGCGCCCTGCCCGG_002,69
GTGCGAAGCGCCCTGCCCGG_003,116
GTGCGAAGCGCCCTGCCCGG_004,74
GTGCGAAGCGCCCTGCCCGG_005,13
GTGCGAAGCGCCCTGCCCGG_006,40
GTGCGAAGCGCCCTGCCCGG_007,89
GTGCGAAGCGCCCTGCCCGG_008,135
GTGCGAAGCGCCCTGCCCGG_009,122
GTGCGAAGCGCCCTGCCCGG_010,60
GTGCGAAGCGCCCTGCCCGG_011,147
GTGCGAAGCGCCCTGCCCGG_012,144
GTGCGAAGCGCCCTGCCCGG_013,195
GTGCGAAGCGCCCTGCCCGG_014,84
GTGCGAAGCGCCCTGCCCGG_015,188
GTGCGAAGCGCCCTGCCCGG_016,19
GTGCGAAGCGCCCTGCCCGG_017,2
GTGCGAAGCGCCCTGCCCGG_018,91
CATTGATCGCTATCTGAAGG_001,144
CATTGATCGCTATCTGAAGG_002,2
CATTGATCGCTATCTGAAGG_003,174
CATTGATCGCTATCTGAAGG_004,80
GAAGCCATCCAAGTACGACC_001,183
GAAGCCATCCAAGTACGACC_002,70
GAAGCCATCCAAGTACGACC_003,191
GAAGCCATCCAAGTACGACC_004,30
GAAGCCATCCAAGTACGACC_005,61
GAAGCCATCCAAGTACGACC_006,146
GAAGCCATCCAAGTACGACC_007,74
GAAGCCATCCAAGTACGACC_008,64
GAAGCCATCCAAGTACGACC_009,33
GGTCGCCTGTGCGACATGCT_001,154
GGTCGCCTGTGCGACATGCT_002,24
GGTCGCCTGTGCGACATGCT_003,49
GGTCGCCTGTGCGACATGCT_004,49
GGTCGCCTGTGCGACATGCT_005,62
GGTCGCCTGTGCGACATGCT_006,69
GGTCGCCTGTGCGACATGCT_007,105
GGTCGCCTGTGCGACATGCT_008,41
GGTCGCCTGTGCGACATGCT_009,69
GGTCGCCTGTGCGACATGCT_010,48
GGTCGCCTGTGCGACATGCT_011,158
GGTCGCCTGTGCGACATGCT_012,185
GGTCGCCTGTGCGACATGCT_013,114
GGTCGCCTGTGCGACATGCT_014,60
GGTCGCCTGTGCGACATGCT_015,150
GGTCGCCTGTGCGACATGCT_016,103
GGTCGCCTGTGCGACATGCT_017,41
GGTCGCCTGTGCGACATGCT_018,70
GGTCGCCTGTGCGACATGCT_019,49
GGTCGCCTGTGCGACATGCT_020,101
GGTCGCCTGTGCGACATGCT_021,150
GGTCGCCTGTGCGACATGCT_022,159
GGTCGCCTGTGCGACATGCT_023,138
GGTCGCCTGTGCGACATGCT_024,124
GGTCGCCTGTGCGACATGCT_025,121
GGTCGCCTGTGCGACATGCT_026,175
GGTCGCCTGTGCGACATGCT_027,50
GGTCGCCTGTGCGACATGCT_028,119
GGTCGCCTGTGCGACATGCT_029,119
GGTCGCCTGTGCGACATGCT_030,58
GGTCGCCTGTGCGACATGCT_031,115
GGTCGCCTGTGCGACATGCT_032,42
GGTCGCCTGTGCGACATGCT_033,9
GGTCGCCTGTGCGACATGCT_034,85
GGTCGCCTGTGCGACATGCT_035,168
GGTCGCCTGTGCGACATGCT_036,15
GGTCGCCTGTGCGACATGCT_037,126
GGTCGCCTGTGCGACATGCT_038,141
GGTCGCCTGTGCGACATGCT_039,63
GGTCGCCTGTGCGACATGCT_040,28
GGTCGCCTGTGCGACATGCT_041,0
GGTCGCCTGTGCGACATGCT_042,30
ACCCAGGCCCTTATCAGGAA_001,142
ACCCAGGCCCTTATCAGGAA_002,169
ACCCAGGCCCTTATCAGGAA_003,109
ACCCAGGCCCTTATCAGGAA_004,158
ACCCAGGCCCTTATCAGGAA_005,88
ACCCAGGCCCTTATCAGGAA_006,19
ACCCAGGCCCTTATCAGGAA_007,127
GAACTATCTCTCCCCAACTT_001,135
GTTGATCTCCTGGTCCACCC_001,102
GTTGATCTCCTGGTCCACCC_002,8
ACTCCGTACTGGAAAACTCG_001,16
ACTCCGTACTGGAAAACTCG_002,94
ACTCCGTACTGGAAAACTCG_003,40
ACTCCGTACTGGAAAACTCG_004,99
ACTCCGTACTGGAAAACTCG_005,61
ACTCCGTACTGGAAAACTCG_006,82
AAGATGCTTCTACACCCGGA_001,192
AAGATGCTTCTACACCCGGA_002,145
ATCTCCCATTATCACCAGCA_001,58
ATCTCCCATTATCACCAGCA_002,105
GGACTCTCAAAAGTTAGATG_001,10
GGACTCTCAAAAGTTAGATG_002,86
GGACTCTCAAAAGTTAGATG_003,28
GGACTCTCAAAAGTTAGATG_004,79
GGACTCTCAAAAGTTAGATG_005,177
ACTTCTAGGCTTACTATCTG_001,171
ACTTCTAGGCTTACTATCTG_002,88
TAGATTTGATTAGAACTATC_001,60
TAGATTTGATTAGAACTATC_002,82
TTGGGAAGGACACCATTCCG_001,144
TTGGGAAGGACACCATTCCG_002,68
TTGGGAAGGACACCATTCCG_003,120
TTGGGAAGGACACCATTCCG_004,12
TTGGGAAGGACACCATTCCG_005,19
TTGGGAAGGACACCATTCCG_006,50
TTGGGAAGGACACCATTCCG_007,50
TTGGGAAGGACACCATTCCG_008,26
TTGGGAAGGACACCATTCCG_009,81
TTGGGAAGGACACCATTCCG_010,65
TTGGGAAGGACACCATTCCG_011,48
CGCGCGCCCAGCATTCACGG_001,198
CGCGCGCCCAGCATTCACGG_002,158
CGCGCGCCCAGCATTCACGG_003,129
CGCGCGCCCAGCATTCACGG_004,85
CGCGCGCCCAGCATTCACGG_005,82
CGCGCGCCCAGCATTCACGG_006,184
CGCGCGCCCAGCATTCACGG_007,94
CGCGCGCCCAGCATTCACGG_008,80
GCGCAGCTCAACCTTAACCT_001,101
GCGCAGCTCAACCTTAACCT_002,188
GCGCAGCTCAACCTTAACCT_003,11
GCGCAGCTCAACCTTAACCT_004,110
TGTAGCCACAGCGGGTCACG_001,172
TGTAGCCACAGCGGGTCACG_002,175
TGTAGCCACAGCGGGTCACG_003,23
TGTAGCCACAGCGGGTCACG_004,78
TGTAGCCACAGCGGGTCACG_005,145
CCAGTAGCAGCCCACGACAT_001,75
CCAGTAGCAGCCCACGACAT_002,4
CCAGTAGCAGCCCACGACAT_003,184
CCAGTAGCAGCCCACGACAT_004,41
CCAGTAGCAGCCCACGACAT_005,34
CCAGTAGCAGCCCACGACAT_006,98
CCAGTAGCAGCCCACGACAT_007,94
CCAGTAGCAGCCCACGACAT_008,179
CCAGTAGCAGCCCACGACAT_009,38
CCAGTAGCAGCCCACGACAT_010,40
CCAGTAGCAGCCCACGACAT_011,159
CCAGTAGCAGCCCACGACAT_012,113
CCAGTAGCAGCCCACGACAT_013,55
CCAGTAGCAGCCCACGACAT_014,170
CCAGTAGCAGCCCACGACAT_015,113
CCAGTAGCAGCCCACGACAT_016,65
CCAGTAGCAGCCCACGACAT_017,68
CCAGTAGCAGCCCACGACAT_018,48
CCAGTAGCAGCCCACGACAT_019,162
CCAGTAGCAGCCCACGACAT_020,120
CCAGTAGCAGCCCACGACAT_021,28
CCAGTAGCAGCCCACGACAT_022,180
CCAGTAGCAGCCCACGACAT_023,69
GTAGGGTCCACAGTTTCCCA_001,178
GTAGGGTCCACAGTTTCCCA_002,26
GTAGGGTCCACAGTTTCCCA_003,17
GTAGGGTCCACAGTTTCCCA_004,138
GTAGGGTCCACAGTTTCCCA_005,83
CGATACCGTGACCTAGCAGG_001,141
GCTCCTGAAAATCCGGTGGT_001,105
GCTCCTGAAAATCCGGTGGT_002,24
GCTCCTGAAAATCCGGTGGT_003,63
GCTCCTGAAAATCCGGTGGT_004,85
GCTCCTGAAAATCCGGTGGT_005,147
GCTCCTGAAAATCCGGTGGT_006,17
AGAAGAAGGAGACTTATGAT_001,111
AGAAGAAGGAGACTTATGAT_002,80
AGAAGAAGGAGACTTATGAT_003,118
AGAAGAAGGAGACTTATGAT_004,60
AGAAGAAGGAGACTTATGAT_005,177
AGAAGAAGGAGACTTATGAT_006,159
AGAAGAAGGAGACTTATGAT_007,150
AGAAGAAGGAGACTTATGAT_008,133
AGAAGAAGGAGACTTATGAT_009,23
AGAAGAAGGAGACTTATGAT_010,57
AGAAGAAGGAGACTTATGAT_011,179
AGAAGAAGGAGACTTATGAT_012,103
AGAAGAAGGAGACTTATGAT_013,176
AGAAGAAGGAGACTTATGAT_014,29
AGAAGAAGGAGACTTATGAT_015,76
AGAAGAAGGAGACTTATGAT_016,88
AGAAGAAGGAGACTTATGAT_017,10
AGAAGAAGGAGACTTATGAT_018,93
AGAAGAAGGAGACTTATGAT_019,78
AGAAGAAGGAGACTTATGAT_020,133
AGAAGAAGGAGACTTATGAT_021,33
AGAAGAAGGAGACTTATGAT_022,82
AGAAGAAGGAGACTTATGAT_023,67
AGAAGAAGGAGACTTATGAT_024,26
GGTGATAATAGAACGATACA_001,168
TCTGGTACCCAGCAAAAGAG_001,112
TCTGGTACCCAGCAAAAGAG_002,49
TCTGGTACCCAGCAAAAGAG_003,171
TCTGGTACCCAGCAAAAGAG_004,154
TCTGGTACCCAGCAAAAGAG_005,146
TCTGGTACCCAGCAAAAGAG_006,168
TCTGGTACCCAGCAAAAGAG_007,58
TCTGGTACCCAGCAAAAGAG_008,67
TCTGGTACCCAGCAAAAGAG_009,88
TCTGGTACCCAGCAAAAGAG_010,67
TCTGGTACCCAGCAAAAGAG_011,101
TCTGGTACCCAGCAAAAGAG_012,77
TCTGGTACCCAGCAAAAGAG_013,146
TCTGGTACCCAGCAAAAGAG_014,189
TGCAGGGGGATGCACCACTG_001,19
TGCAGGGGGATGCACCACTG_002,4
TGCAGGGGGATGCACCACTG_003,146
TGCAGGGGGATGCACCACTG_004,62
TGCAGGGGGATGCACCACTG_005,139
TGCAGGGGGATGCACCACTG_006,53
TGCAGGGGGATGCACCACTG_007,162
TGCAGGGGGATGCACCACTG_008,86
TGCAGGGGGATGCACCACTG_009,54
TGCAGGGGGATGCACCACTG_010,153
TGCAGGGGGATGCACCACTG_011,47
TGCAGGGGGATGCACCACTG_012,166
TGCAGGGGGATGCACCACTG_013,149
TGCAGGGGGATGCACCACTG_014,4
TGCAGGGGGATGCACCACTG_015,81
TGCAGGGGGATGCACCACTG_016,140
TGCAGGGGGATGCACCACTG_017,170
TGCAGGGGGATGCACCACTG_018,168
TGCAGGGGGATGCACCACTG_019,140
TGCAGGGGGATGCACCACTG_020,71
TCGATGTAACCCAGCACAAG_001,194
TCGATGTAACCCAGCACAAG_002,166
TCGATGTAACCCAGCACAAG_003,8
TCGATGTAACCCAGCACAAG_004,199
TCGATGTAACCCAGCACAAG_005,58
TCGATGTAACCCAGCACAAG_006,56
TCGATGTAACCCAGCACAAG_007,14
TCGATGTAACCCAGCACAAG_008,56
TCGATGTAACCCAGCACAAG_009,164
TCGATGTAACCCAGCACAAG_010,184
TCGATGTAACCCAGCACAAG_011,183
TCGATGTAACCCAGCACAAG_012,83
CTCCACCGCAGACATGACGA_001,43
CTCCACCGCAGACATGACGA_002,137
CTCCACCGCAGACATGACGA_003,1
CTCCACCGCAGACATGACGA_004,110
CTCCACCGCAGACATGACGA_005,191
CTCCACCGCAGACATGACGA_006,193
CTCCACCGCAGACATGACGA_007,3
CTCCACCGCAGACATGACGA_008,158
AGAATGCTGAACTAAGGAGT_001,193
AGAATGCTGAACTAAGGAGT_002,70
AGAATGCTGAACTAAGGAGT_003,29
AGAATGCTGAACTAAGGAGT_004,76
AGAATGCTGAACTAAGGAGT_005,144
AGAATGCTGAACTAAGGAGT_006,126
AGAATGCTGAACTAAGGAGT_007,48
AGAATGCTGAACTAAGGAGT_008,175
AGAATGCTGAACTAAGGAGT_009,172
AGAATGCTGAACTAAGGAGT_010,161
AGAATGCTGAACTAAGGAGT_011,7
AGAATGCTGAACTAAGGAGT_012,9
AGAATGCTGAACTAAGGAGT_013,107
AGAATGCTGAACTAAGGAGT_014,76
AGAATGCTGAACTAAGGAGT_015,28
AGAATGCTGAACTAAGGAGT_016,46
AGAGAGCCTAACCGTCCCCG_001,48
AGAGAGCCTAACCGTCCCCG_002,60
AGAGAGCCTAACCGTCCCCG_003,130
AGAGAGCCTAACCGTCCCCG_004,190
AGAGAGCCTAACCGTCCCCG_005,145
AGAGAGCCTAACCGTCCCCG_006,197
AGAGAGCCTAACCGTCCCCG_007,121
AGAGAGCCTAACCGTCCCCG_008,66
AGAGAGCCTAACCGTCCCCG_009,50
AGAGAGCCTAACCGTCCCCG_010,8
AGAGAGCCTAACCGTCCCCG_011,38
AGAGAGCCTAACCGTCCCCG_012,108
AGAGAGCCTAACCGTCCCCG_013,6
AGAGAGCCTAACCGTCCCCG_014,47
AGAGAGCCTAACCGTCCCCG_015,6
AGAGAGCCTAACCGTCCCCG_016,64
AGAGAGCCTAACCGTCCCCG_017,32
AGAGAGCCTAACCGTCCCCG_018,199
AGAGAGCCTAACCGTCCCCG_019,134
AGAGAGCCTAACCGTCCCCG_020,29
AGAGAGCCTAACCGTCCCCG_021,40
AGAGAGCCTAACCGTCCCCG_022,169
AGAGAGCCTAACCGTCCCCG_023,150
AGAGAGCCTAACCGTCCCCG_024,33
AGAGAGCCTAACCGTCCCCG_025,147
AGAGAGCCTAACCGTCCCCG_026,197
AGAGAGCCTAACCGTCCCCG_027,104
AGAGAGCCTAACCGTCCCCG_028,29
AGAGAGCCTAACCGTCCCCG_029,132
AGAGAGCCTAACCGTCCCCG_030,192
AGAGAGCCTAACCGTCCCCG_031,136
AGAGAGCCTAACCGTCCCCG_032,121
AGAGAGCCTAACCGTCCCCG_033,6
AGAGAGCCTAACCGTCCCCG_034,184
CGCGCACAGTGAGCTCGTAG_001,14
CGCGCACAGTGAGCTCGTAG_002,138
CGCGCACAGTGAGCTCGTAG_003,105
CGCGCACAGTGAGCTCGTAG_004,116
GACCAGCTGCCGCATCCAGT_001,86
GACCAGCTGCCGCATCCAGT_002,49
GACCAGCTGCCGCATCCAGT_003,138
GACCAGCTGCCGCATCCAGT_004,6
GACCAGCTGCCGCATCCAGT_005,39
GACCAGCTGCCGCATCCAGT_006,15
GACCAGCTGCCGCATCCAGT_007,75
GACCAGCTGCCGCATCCAGT_008,85
GACCAGCTGCCGCATCCAGT_009,144
GACCAGCTGCCGCATCCAGT_010,38
GACCAGCTGCCGCATCCAGT_011,145
GACCAGCTGCCGCATCCAGT_012,134
GACCAGCTGCCGCATCCAGT_013,175
GACCAGCTGCCGCATCCAGT_014,53
GACCAGCTGCCGCATCCAGT_015,144
GACCAGCTGCCGCATCCAGT_016,94
GACCAGCTGCCGCATCCAGT_017,170
GACCAGCTGCCGCATCCAGT_018,73
GACCAGCTGCCGCATCCAGT_019,49
GACCAGCTGCCGCATCCAGT_020,158
CCAGGATACAAACAGACCCT_001,149
AATTGGCATGTGGTCATGGG_001,84
AATTGGCATGTGGTCATGGG_002,48
AATTGGCATGTGGTCATGGG_003,175
AATTGGCATGTGGTCATGGG_004,44
AATTGGCATGTGGTCATGGG_005,80
AATTGGCATGTGGTCATGGG_006,88
AATTGGCATGTGGTCATGGG_007,80
AATTGGCATGTGGTCATGGG_008,68
AATTGGCATGTGGTCATGGG_009,144
AATTGGCATGTGGTCATGGG_010,147
AATTGGCATGTGGTCATGGG_011,92
GGTCGCTGTGAAAACACATG_001,54
GGTCGCTGTGAAAACACATG_002,22
GGTCGCTGTGAAAACACATG_003,65
GGTCGCTGTGAAAACACATG_004,49
GGTCGCTGTGAAAACACATG_005,160
GGTCGCTGTGAAAACACATG_006,138
GGTCGCTGTGAAAACACATG_007,142
GGTCGCTGTGAAAACACATG_008,152
GGTCGCTGTGAAAACACATG_009,157
CCACCGTTCGACGCCCACGT_001,43
CCACCGTTCGACGCCCACGT_002,167
CCACCGTTCGACGCCCACGT_003,167
CCACCGTTCGACGCCCACGT_004,2
CCACCGTTCGACGCCCACGT_005,19
CCACCGTTCGACGCCCACGT_006,173
CCACCGTTCGACGCCCACGT_007,173
CCACCGTTCGACGCCCACGT_008,103
CCACCGTTCGACGCCCACGT_009,12
CCACCGTTCGACGCCCACGT_010,107
CCACCGTTCGACGCCCACGT_011,2
CCACCGTTCGACGCCCACGT_012,48
CCACCGTTCGACGCCCACGT_013,149
CCACCGTTCGACGCCCACGT_014,103
CCACCGTTCGACGCCCACGT_015,160
CCACCGTTCGACGCCCACGT_016,104
CCACCGTTCGACGCCCACGT_017,45
CCACCGTTCGACGCCCACGT_018,102
CCACCGTTCGACGCCCACGT_019,78
CCACCGTTCGACGCCCACGT_020,28
CCACCGTTCGACGCCCACGT_021,197
CCACCGTTCGACGCCCACGT_022,3
CCACCGTTCGACGCCCACGT_023,3
CCACCGTTCGACGCCCACGT_024,33
CAGTAGGCATGAACCTGATG_001,19
CAGTAGGCATGAACCTGATG_002,2
CAGTAGGCATGAACCTGATG_003,65
CAGTAGGCATGAACCTGATG_004,106
CAGTAGGCATGAACCTGATG_005,59
CAGTAGGCATGAACCTGATG_006,56
CAGTAGGCATGAACCTGATG_007,121
CAGTAGGCATGAACCTGATG_008,71
CAGTAGGCATGAACCTGATG_009,31
CAGTAGGCATGAACCTGATG_010,81
CAGTAGGCATGAACCTGATG_011,87
CAGTAGGCATGAACCTGATG_012,95
CAGTAGGCATGAACCTGATG_013,62
CAGTAGGCATGAACCTGATG_014,116
CAGTAGGCATGAACCTGATG_015,48
CAGTAGGCATGAACCTGATG_016,63
CAGTAGGCATGAACCTGATG_017,160
CAGTAGGCATGAACCTGATG_018,158
CAGTAGGCATGAACCTGATG_019,132
CAGTAGGCATGAACCTGATG_020,88
CAGTAGGCATGAACCTGATG_021,69
TGGCGCTAAACGAAGCCAAG_001,32
TGGCGCTAAACGAAGCCAAG_002,197
TGGCGCTAAACGAAGCCAAG_003,166
TGGCGCTAAACGAAGCCAAG_004,188
TGGCGCTAAACGAAGCCAAG_005,137
TGGCGCTAAACGAAGCCAAG_006,162
TGGCGCTAAACGAAGCCAAG_007,91
TGGCGCTAAACGAAGCCAAG_008,147
TGGCGCTAAACGAAGCCAAG_009,187
TGGCGCTAAACGAAGCCAAG_010,127
TGGCGCTAAACGAAGCCAAG_011,104
TGGCGCTAAACGAAGCCAAG_012,45
TGGCGCTAAACGAAGCCAAG_013,98
TGGCGCTAAACGAAGCCAAG_014,141
TGGCGCTAAACGAAGCCAAG_015,60
TGGCGCTAAACGAAGCCAAG_016,146
GACCTGATCAAATGGGATGG_001,21
GACCTGATCAAATGGGATGG_002,184
GACCTGATCAAATGGGATGG_003,161
GACCTGATCAAATGGGATGG_004,69
GACCTGATCAAATGGGATGG_005,150
GACCTGATCAAATGGGATGG_006,134
GACCTGATCAAATGGGATGG_007,140
GACCTGATCAAATGGGATGG_008,124
GACCTGATCAAATGGGATGG_009,168
GCTCTCTGCCAACCCATCAT_001,174
GCTCTCTGCCAACCCATCAT_002,127
GCTCTCTGCCAACCCATCAT_003,106
GCTCTCTGCCAACCCATCAT_004,9
ACAGAATCAGCAAAGTACAA_001,147
ACAGAATCAGCAAAGTACAA_002,103
ACAGAATCAGCAAAGTACAA_003,5
AGGTTTGTTTCTAACTACCT_001,55
AGGTTTGTTTCTAACTACCT_002,76
AGGTTTGTTTCTAACTACCT_003,144
AGGTTTGTTTCTAACTACCT_004,160
AGGTTTGTTTCTAACTACCT_005,94
AGGTTTGTTTCTAACTACCT_006,56
AGGTTTGTTTCTAACTACCT_007,166
GCAGGTGACAAATGGCAGGG_001,115
GCAGGTGACAAATGGCAGGG_002,102
GCAGGTGACAAATGGCAGGG_003,61
GCAGGTGACAAATGGCAGGG_004,44
GCAGGTGACAAATGGCAGGG_005,74
GCAGGTGACAAATGGCAGGG_006,132
GCAGGTGACAAATGGCAGGG_007,159
GCAGGTGACAAATGGCAGGG_008,105
AGGAAGGTGAGATCGTTCTG_001,116
AGGAAGGTGAGATCGTTCTG_002,17
AGGAAGGTGAGATCGTTCTG_003,147
AGGAAGGTGAGATCGTTCTG_004,119
AGGAAGGTGAGATCGTTCTG_005,183
AGGAAGGTGAGATCGTTCTG_006,91
AGGAAGGTGAGATCGTTCTG_007,174
AGGAAGGTGAGATCGTTCTG_008,119
AAGTCACGCTCATTGGCCGG_001,105
AAGTCACGCTCATTGGCCGG_002,188
AAGTCACGCTCATTGGCCGG_003,81
AAGTCACGCTCATTGGCCGG_004,188
AAGTCACGCTCATTGGCCGG_005,32
AAGTCACGCTCATTGGCCGG_006,48
AAGTCACGCTCATTGGCCGG_007,184
AAGTCACGCTCATTGGCCGG_008,12
AAGTCACGCTCATTGGCCGG_009,96
AAGTCACGCTCATTGGCCGG_010,61
AAGTCACGCTCATTGGCCGG_011,2
AAGTCACGCTCATTGGCCGG_012,19
AAGTCACGCTCATTGGCCGG_013,27
AAGTCACGCTCATTGGCCGG_014,156
AAGTCACGCTCATTGGCCGG_015,51
AGCTGTTGAGGGTTGCGTTG_001,117
AGCTGTTGAGGGTTGCGTTG_002,127
AGCTGTTGAGGGTTGCGTTG_003,0
AGCTGTTGAGGGTTGCGTTG_004,23
AGCTGTTGAGGGTTGCGTTG_005,151
AGCTGTTGAGGGTTGCGTTG_006,76
AGCTGTTGAGGGTTGCGTTG_007,91
AGCTGTTGAGGGTTGCGTTG_008,97
AGCTGTTGAGGGTTGCGTTG_009,182
AGCTGTTGAGGGTTGCGTTG_010,137
AGCTGTTGAGGGTTGCGTTG_011,43
AGCTGTTGAGGGTTGCGTTG_012,10
AGCTGTTGAGGGTTGCGTTG_013,19
AGCTGTTGAGGGTTGCGTTG_014,169
AGCTGTTGAGGGTTGCGTTG_015,92
AGCTGTTGAGGGTTGCGTTG_016,163
AGCTGTTGAGGGTTGCGTTG_017,5
AGCTGTTGAGGGTTGCGTTG_018,71
AGCTGTTGAGGGTTGCGTTG_019,29
AGCTGTTGAGGGTTGCGTTG_020,50
AGCTGTTGAGGGTTGCGTTG_021,141
AGCTGTTGAGGGTTGCGTTG_022,175
AGCTGTTGAGGGTTGCGTTG_023,56
AGCTGTTGAGGGTTGCGTTG_024,91
AGCTGTTGAGGGTTGCGTTG_025,125
AGCTGTTGAGGGTTGCGTTG_026,97
AGCTGTTGAGGGTTGCGTTG_027,121
AGCTGTTGAGGGTTGCGTTG_028,141
AGCTGTTGAGGGTTGCGTTG_029,178
AGCTGTTGAGGGTTGCGTTG_030,62
AGCTGTTGAGGGTTGCGTTG_031,174
AGCTGTTGAGGGTTGCGTTG_032,27
AGCTGTTGAGGGTTGCGTTG_033,16
AGCTGTTGAGGGTTGCGTTG_034,145
AGCTGTTGAGGGTTGCGTTG_035,159
AGCTGTTGAGGGTTGCGTTG_036,62
AGCTGTTGAGGGTTGCGTTG_037,184
AGCTGTTGAGGGTTGCGTTG_038,178
AGCTGTTGAGGGTTGCGTTG_039,93
AGCTGTTGAGGGTTGCGTTG_040,158
AGCTGTTGAGGGTTGCGTTG_041,106
AGCTGTTGAGGGTTGCGTTG_042,12
AGCTGTTGAGGGTTGCGTTG_043,27
AGCTGTTGAGGGTTGCGTTG_044,162
AGCTGTTGAGGGTTGCGTTG_045,55
AGCTGTTGAGGGTTGCGTTG_046,53
AGCTGTTGAGGGTTGCGTTG_047,27
AGCTGTTGAGGGTTGCGTTG_048,84
AGCTGTTGAGGGTTGCGTTG_049,130
AGCTGTTGAGGGTTGCGTTG_050,144
AGCTGTTGAGGGTTGCGTTG_051,43
AGCTGTTGAGGGTTGCGTTG_052,36
AGCTGTTGAGGGTTGCGTTG_053,47
AGCTGTTGAGGGTTGCGTTG_054,19
AGCTGTTGAGGGTTGCGTTG_055,170
AGCTGTTGAGGGTTGCGTTG_056,165
AGCTGTTGAGGGTTGCGTTG_057,121
AGCTGTTGAGGGTTGCGTTG_058,96
AGCTGTTGAGGGTTGCGTTG_059,42
AGCTGTTGAGGGTTGCGTTG_060,13
AGCTGTTGAGGGTTGCGTTG_061,121
AGCTGTTGAGGGTTGCGTTG_062,16
AGCTGTTGAGGGTTGCGTTG_063,46
TTGGCAGACTTGCATCAGGC_001,150
TTGGCAGACTTGCATCAGGC_002,84
TTGGCAGACTTGCATCAGGC_003,189
TTGGCAGACTTGCATCAGGC_004,48
TTGGCAGACTTGCATCAGGC_005,44
TTGGCAGACTTGCATCAGGC_006,110
TTGGCAGACTTGCATCAGGC_007,159
TTGGCAGACTTGCATCAGGC_008,179
TTGGCAGACTTGCATCAGGC_009,23
TTGGCAGACTTGCATCAGGC_010,105
TTGGCAGACTTGCATCAGGC_011,145
TTGGCAGACTTGCATCAGGC_012,46
TTGGCAGACTTGCATCAGGC_013,101
TTGGCAGACTTGCATCAGGC_014,2
TTGGCAGACTTGCATCAGGC_015,20
TTGGCAGACTTGCATCAGGC_016,159
TTGGCAGACTTGCATCAGGC_017,53
TTGGCAGACTTGCATCAGGC_018,19
TTGGCAGACTTGCATCAGGC_019,117
TTGGCAGACTTGCATCAGGC_020,118
TTGGCAGACTTGCATCAGGC_021,45
TTGGCAGACTTGCATCAGGC_022,3
TTGGCAGACTTGCATCAGGC_023,52
TCCAACATGGTCCTCAAGTG_001,140
ATATCTCGTAGTGTGTACAG_001,42
ATATCTCGTAGTGTGTACAG_002,107
ATATCTCGTAGTGTGTACAG_003,88
ATATCTCGTAGTGTGTACAG_004,25
ATATCTCGTAGTGTGTACAG_005,16
ATATCTCGTAGTGTGTACAG_006,10
ATATCTCGTAGTGTGTACAG_007,115
ATATCTCGTAGTGTGTACAG_008,17
GACGGTCAACTATAGCACTG_001,120
GACGGTCAACTATAGCACTG_002,82
GGCTATCGATTGCTGCGTCG_001,181
GGCTATCGATTGCTGCGTCG_002,4
GGCTATCGATTGCTGCGTCG_003,15
GGCTATCGATTGCTGCGTCG_004,28
GGCTATCGATTGCTGCGTCG_005,0
TAGTGGAAAATGAATATTGA_001,8
TAGTGGAAAATGAATATTGA_002,179
TAGTGGAAAATGAATATTGA_003,101
TAGTGGAAAATGAATATTGA_004,54
TAGTGGAAAATGAATATTGA_005,168
TCCTCTGAGGACGACTACGT_001,58
TCCTCTGAGGACGACTACGT_002,72
TCCTCTGAGGACGACTACGT_003,189
TCCTCTGAGGACGACTACGT_004,5
TCCTCTGAGGACGACTACGT_005,1
TCCTCTGAGGACGACTACGT_006,2
TCCTCTGAGGACGACTACGT_007,21
TCCTCTGAGGACGACTACGT_008,101
GAAAGCCTGCCCATAGCCCA_001,110
GAAAGCCTGCCCATAGCCCA_002,8
GAAAGCCTGCCCATAGCCCA_003,77
GAAAGCCTGCCCATAGCCCA_004,87
GAAAGCCTGCCCATAGCCCA_005,184
GAAAGCCTGCCCATAGCCCA_006,40
GAAAGCCTGCCCATAGCCCA_007,43
GAAAGCCTGCCCATAGCCCA_008,147
GAAAGCCTGCCCATAGCCCA_009,9
GAAAGCCTGCCCATAGCCCA_010,152
GAAAGCCTGCCCATAGCCCA_011,103
GAAAGCCTGCCCATAGCCCA_012,56
GAAAGCCTGCCCATAGCCCA_013,166
GAAAGCCTGCCCATAGCCCA_014,113
GGTTCAGCAGTGGAGCGTCG_001,129
GGTTCAGCAGTGGAGCGTCG_002,105
GGTTCAGCAGTGGAGCGTCG_003,65
GGTTCAGCAGTGGAGCGTCG_004,149
GGTTCAGCAGTGGAGCGTCG_005,75
GGTTCAGCAGTGGAGCGTCG_006,55
TCATCAATGAGAACACCAGG_001,196
TCATCAATGAGAACACCAGG_002,127
TCATCAATGAGAACACCAGG_003,72
TCATCAATGAGAACACCAGG_004,117
TCATCAATGAGAACACCAGG_005,76
TCATCAATGAGAACACCAGG_006,150
TCATCAATGAGAACACCAGG_007,134
TCATCAATGAGAACACCAGG_008,12
TCATCAATGAGAACACCAGG_009,161
TCATCAATGAGAACACCAGG_010,173
TCATCAATGAGAACACCAGG_011,168
TCATCAATGAGAACACCAGG_012,146
TCATCAATGAGAACACCAGG_013,60
TCATCAATGAGAACACCAGG_014,119
TCATCAATGAGAACACCAGG_015,157
TCATCAATGAGAACACCAGG_016,178
CCACTGTCGAAGATCCCCGG_001,5
CCACTGTCGAAGATCCCCGG_002,110
CCACTGTCGAAGATCCCCGG_003,62
CCACTGTCGAAGATCCCCGG_004,182
CCACTGTCGAAGATCCCCGG_005,110
CCACTGTCGAAGATCCCCGG_006,110
TGGCCAGAAACAGCGTGAAG_001,80
TGGCCAGAAACAGCGTGAAG_002,6
TGGCCAGAAACAGCGTGAAG_003,69
TGGCCAGAAACAGCGTGAAG_004,198
TGGCCAGAAACAGCGTGAAG_005,147
TGGCCAGAAACAGCGTGAAG_006,174
TGGCCAGAAACAGCGTGAAG_007,148
TGGCCAGAAACAGCGTGAAG_008,190
TGGCCAGAAACAGCGTGAAG_009,48
TGGCCAGAAACAGCGTGAAG_010,105
TGGCCAGAAACAGCGTGAAG_011,20
GGCGCTCGCGCTAGCCCCGG_001,93
GGCGCTCGCGCTAGCCCCGG_002,154
GGCGCTCGCGCTAGCCCCGG_003,132
GGCGCTCGCGCTAGCCCCGG_004,172
GGCGCTCGCGCTAGCCCCGG_005,127
GGCGCTCGCGCTAGCCCCGG_006,50
GGCGCTCGCGCTAGCCCCGG_007,13
AAAGTACAGTGCTTTCACTG_001,62
AAAGTACAGTGCTTTCACTG_002,182
AAAGTACAGTGCTTTCACTG_003,57
AAAGTACAGTGCTTTCACTG_004,198
CCTGGACCTACCTGACAGCG_001,80
CCTGGACCTACCTGACAGCG_002,116
CCTGGACCTACCTGACAGCG_003,34
CCTGGACCTACCTGACAGCG_004,152
CCTGGACCTACCTGACAGCG_005,118
GCCAGTTCCATGGATCACCG_001,35
GCCAGTTCCATGGATCACCG_002,94
GCCAGTTCCATGGATCACCG_003,1
GCCAGTTCCATGGATCACCG_004,103
GCCAGTTCCATGGATCACCG_005,106
GCCAGTTCCATGGATCACCG_006,133
GCCAGTTCCATGGATCACCG_007,128
GCCAGTTCCATGGATCACCG_008,184
GCCAGTTCCATGGATCACCG_009,115
GCCAGTTCCATGGATCACCG_010,175
GCCAGTTCCATGGATCACCG_011,96
GCCAGTTCCATGGATCACCG_012,190
GCCAGTTCCATGGATCACCG_013,34
GCCAGTTCCATGGATCACCG_014,115
GCCAGTTCCATGGATCACCG_015,78
GCCAGTTCCATGGATCACCG_016,127
GCCAGTTCCATGGATCACCG_017,48
GCCAGTTCCATGGATCACCG_018,17
GCCAGTTCCATGGATCACCG_019,148
AAACCAGCATCATGTCCATG_001,40
AAACCAGCATCATGTCCATG_002,159
AAACCAGCATCATGTCCATG_003,162
AAACCAGCATCATGTCCATG_004,149
AAACCAGCATCATGTCCATG_005,69
AAACCAGCATCATGTCCATG_006,172
GTCCGGATGCAGATAACAGG_001,148
GTCCGGATGCAGATAACAGG_002,59
GTCCGGATGCAGATAACAGG_003,169
GTCCGGATGCAGATAACAGG_004,120
GTCCGGATGCAGATAACAGG_005,77
GTCCGGATGCAGATAACAGG_006,77
GTCCGGATGCAGATAACAGG_007,141
GTCCGGATGCAGATAACAGG_008,9
GTCCGGATGCAGATAACAGG_009,118
GTCCGGATGCAGATAACAGG_010,48
GTCCGGATGCAGATAACAGG_011,162
GTCCGGATGCAGATAACAGG_012,113
AACGGGTCACAGACTTCCAG_001,114
AACGGGTCACAGACTTCCAG_002,114
AACGGGTCACAGACTTCCAG_003,49
AACGGGTCACAGACTTCCAG_004,78
AACGGGTCACAGACTTCCAG_005,29
AACGGGTCACAGACTTCCAG_006,183
AACGGGTCACAGACTTCCAG_007,37
AACGGGTCACAGACTTCCAG_008,65
AACGGGTCACAGACTTCCAG_009,174
AACGGGTCACAGACTTCCAG_010,52
AACGGGTCACAGACTTCCAG_011,188
AACGGGTCACAGACTTCCAG_012,50
AACGGGTCACAGACTTCCAG_013,62
AACGGGTCACAGACTTCCAG_014,62
AACGGGTCACAGACTTCCAG_015,40
AACGGGTCACAGACTTCCAG_016,15
AACGGGTCACAGACTTCCAG_017,56
AACGGGTCACAGACTTCCAG_018,40
CCAGCCACAGACTCCTACAT_001,145
CCAGCCACAGACTCCTACAT_002,43
CCAGCCACAGACTCCTACAT_003,83
CCAGCCACAGACTCCTACAT_004,28
CCAGCCACAGACTCCTACAT_005,8
CCAGCCACAGACTCCTACAT_006,98
CCAGCCACAGACTCCTACAT_007,104
CCAGCCACAGACTCCTACAT_008,175
CCAGCCACAGACTCCTACAT_009,16
CCAGCCACAGACTCCTACAT_010,1
CCAGCCACAGACTCCTACAT_011,119
CCAGCCACAGACTCCTACAT_012,40
CCAGCCACAGACTCCTACAT_013,63
CCAGCCACAGACTCCTACAT_014,58
CCAGCCACAGACTCCTACAT_015,66
CCAGCCACAGACTCCTACAT_016,10
CCAGCCACAGACTCCTACAT_017,118
GATTCCACATTCGGCAGTCG_001,36
GATTCCACATTCGGCAGTCG_002,116
GATTCCACATTCGGCAGTCG_003,28
GATTCCACATTCGGCAGTCG_004,136
TCTTATTGGCCATGACTGGG_001,181
TCTTATTGGCCATGACTGGG_002,51
GAGACCCTCGACTGCGAGGG_001,76
GAGACCCTCGACTGCGAGGG_002,1
GAGACCCTCGACTGCGAGGG_003,154
GAGACCCTCGACTGCGAGGG_004,7
GAGACCCTCGACTGCGAGGG_005,198
GAGACCCTCGACTGCGAGGG_006,28
GAGACCCTCGACTGCGAGGG_007,98
GAGACCCTCGACTGCGAGGG_008,17
GAGACCCTCGACTGCGAGGG_009,141
GCACCCGTTTCCGGAGCCAA_001,150
GCACCCGTTTCCGGAGCCAA_002,98
GCACCCGTTTCCGGAGCCAA_003,195
GCACCCGTTTCCGGAGCCAA_004,184
GCACCCGTTTCCGGAGCCAA_005,61
GCACCCGTTTCCGGAGCCAA_006,49
GCACCCGTTTCCGGAGCCAA_007,160
GCACCCGTTTCCGGAGCCAA_008,160
GCACCCGTTTCCGGAGCCAA_009,90
GCACCCGTTTCCGGAGCCAA_010,156
GCACCCGTTTCCGGAGCCAA_011,48
GCACCCGTTTCCGGAGCCAA_012,176
GCACCCGTTTCCGGAGCCAA_013,94
GCACCCGTTTCCGGAGCCAA_014,123
GCACCCGTTTCCGGAGCCAA_015,49
GCACCCGTTTCCGGAGCCAA_016,85
GCACCCGTTTCCGGAGCCAA_017,65
GCACCCGTTTCCGGAGCCAA_018,98
GCACCCGTTTCCGGAGCCAA_019,130
GCACCCGTTTCCGGAGCCAA_020,150
GCACCCGTTTCCGGAGCCAA_021,91
GCACCCGTTTCCGGAGCCAA_022,67
GCACCCGTTTCCGGAGCCAA_023,118
GCACCCGTTTCCGGAGCCAA_024,62
GGTGGAGGAGTGGTACCGCG_001,153
GGTGGAGGAGTGGTACCGCG_002,82
GGTGGAGGAGTGGTACCGCG_003,130
GGTGGAGGAGTGGTACCGCG_004,88
CAGTATGAGATCTTTCATGT_001,76
CAGTATGAGATCTTTCATGT_002,21
CAGTATGAGATCTTTCATGT_003,108
CAGTATGAGATCTTTCATGT_004,8
CAGTATGAGATCTTTCATGT_005,18
CAGTATGAGATCTTTCATGT_006,144
CAGTATGAGATCTTTCATGT_007,49
CAGTATGAGATCTTTCATGT_008,21
CAGTATGAGATCTTTCATGT_009,168
CAGTATGAGATCTTTCATGT_010,178
CAGTATGAGATCTTTCATGT_011,0
CAGTATGAGATCTTTCATGT_012,108
CAGTATGAGATCTTTCATGT_013,36
AACCTCTGTAATGACGACGG_001,152
AACCTCTGTAATGACGACGG_002,57
AACCTCTGTAATGACGACGG_003,171
GGCGGATAAGAAAGCCGCTG_001,115
GGCGGATAAGAAAGCCGCTG_002,78
GGCGGATAAGAAAGCCGCTG_003,37
GGCGGATAAGAAAGCCGCTG_004,7
GGCGGATAAGAAAGCCGCTG_005,95
GGCGGATAAGAAAGCCGCTG_006,167
GGCGGATAAGAAAGCCGCTG_007,17
GGCGGATAAGAAAGCCGCTG_008,65
GGCGGATAAGAAAGCCGCTG_009,16
GGCGGATAAGAAAGCCGCTG_010,145
GGCGGATAAGAAAGCCGCTG_011,31
GGCGGATAAGAAAGCCGCTG_012,145
GGCGGATAAGAAAGCCGCTG_013,6
GGCGGATAAGAAAGCCGCTG_014,139
GGCGGATAAGAAAGCCGCTG_015,158
GGCGGATAAGAAAGCCGCTG_016,19
GGCGGATAAGAAAGCCGCTG_017,134
GGCGGATAAGAAAGCCGCTG_018,34
GGCGGATAAGAAAGCCGCTG_019,56
GGCGGATAAGAAAGCCGCTG_020,79
GGCGGATAAGAAAGCCGCTG_021,28
GGCGGATAAGAAAGCCGCTG_022,38
ACACAAGAAAGGAATCACAC_001,105
ACACAAGAAAGGAATCACAC_002,199
ACACAAGAAAGGAATCACAC_003,158
ACACAAGAAAGGAATCACAC_004,183
ACACAAGAAAGGAATCACAC_005,152
ACACAAGAAAGGAATCACAC_006,82
ACACAAGAAAGGAATCACAC_007,49
ACACAAGAAAGGAATCACAC_008,149
ACACAAGAAAGGAATCACAC_009,41
ACACAAGAAAGGAATCACAC_010,113
ACACAAGAAAGGAATCACAC_011,96
ACACAAGAAAGGAATCACAC_012,186
ACACAAGAAAGGAATCACAC_013,155
ACACAAGAAAGGAATCACAC_014,59
ACACAAGAAAGGAATCACAC_015,150
ACACAAGAAAGGAATCACAC_016,148
ACACAAGAAAGGAATCACAC_017,101
ACACAAGAAAGGAATCACAC_018,32
CAAGGCAGGCAGATCACCTG_001,48
CAAGGCAGGCAGATCACCTG_002,28
CTTCGGCAGAGATACGACAG_001,135
CTTCGGCAGAGATACGACAG_002,35
CTTCGGCAGAGATACGACAG_003,157
CTTCGGCAGAGATACGACAG_004,114
CTTCGGCAGAGATACGACAG_005,175
CTTCGGCAGAGATACGACAG_006,41
CTTCGGCAGAGATACGACAG_007,102
CTTCGGCAGAGATACGACAG_008,116
CTTCGGCAGAGATACGACAG_009,126
CTTCGGCAGAGATACGACAG_010,106
CTTCGGCAGAGATACGACAG_011,144
CTTCGGCAGAGATACGACAG_012,9
CTTCGGCAGAGATACGACAG_013,94
CTTCGGCAGAGATACGACAG_014,88
CTTCGGCAGAGATACGACAG_015,19
AGACGGGACTTATCACGGTG_001,29
AGACGGGACTTATCACGGTG_002,94
AGACGGGACTTATCACGGTG_003,118
AGCAAACCAGAACTTGACCG_001,56
AGCAAACCAGAACTTGACCG_002,81
AGCAAACCAGAACTTGACCG_003,129
AGCAAACCAGAACTTGACCG_004,102
AGCAAACCAGAACTTGACCG_005,125
AGCAAACCAGAACTTGACCG_006,119
AGCAAACCAGAACTTGACCG_007,188
AGCAAACCAGAACTTGACCG_008,83
AGCAAACCAGAACTTGACCG_009,148
AGCAAACCAGAACTTGACCG_010,59
AGCAAACCAGAACTTGACCG_011,173
AGCAAACCAGAACTTGACCG_012,178
AGCAAACCAGAACTTGACCG_013,184
AGCAAACCAGAACTTGACCG_014,103
AGCAAACCAGAACTTGACCG_015,183
AGCAAACCAGAACTTGACCG_016,97
AGCAAACCAGAACTTGACCG_017,20
AGCAAACCAGAACTTGACCG_018,121
AGCAAACCAGAACTTGACCG_019,139
AGCAAACCAGAACTTGACCG_020,178
AGCAAACCAGAACTTGACCG_021,162
AGCAAACCAGAACTTGACCG_022,111
GCTGTCGTATGAATTGCAGT_001,120
GCTGTCGTATGAATTGCAGT_002,35
GCTGTCGTATGAATTGCAGT_003,194
AGTCTACTGCCACTCAGAGG_001,66
AGTCTACTGCCACTCAGAGG_002,74
AGTCTACTGCCACTCAGAGG_003,142
AGTCTACTGCCACTCAGAGG_004,183
AGTCTACTGCCACTCAGAGG_005,156
AGTCTACTGCCACTCAGAGG_006,57
AGTCTACTGCCACTCAGAGG_007,155
AGTCTACTGCCACTCAGAGG_008,52
AGCCAGTATAAAGGCACCTG_001,45
AGCCAGTATAAAGGCACCTG_002,57
AGCCAGTATAAAGGCACCTG_003,53
AGCCAGTATAAAGGCACCTG_004,127
AGCCAGTATAAAGGCACCTG_005,4
AGCCAGTATAAAGGCACCTG_006,166
AGCCAGTATAAAGGCACCTG_007,83
AGCCAGTATAAAGGCACCTG_008,175
AGCCAGTATAAAGGCACCTG_009,113
AGCCAGTATAAAGGCACCTG_010,3
AGCCAGTATAAAGGCACCTG_011,165
AGCCAGTATAAAGGCACCTG_012,121
AGCCAGTATAAAGGCACCTG_013,40
AGCCAGTATAAAGGCACCTG_014,18
AGCCAGTATAAAGGCACCTG_015,75
AGGAAAAAATGGTAATCCAG_001,50
AGGAAAAAATGGTAATCCAG_002,22
AGGAAAAAATGGTAATCCAG_003,76
CCATGAGGAACAGTTGACTG_001,114
CCATGAGGAACAGTTGACTG_002,154
CCATGAGGAACAGTTGACTG_003,197
CCATGAGGAACAGTTGACTG_004,117
CCATGAGGAACAGTTGACTG_005,49
CCATGAGGAACAGTTGACTG_006,173
CCATGAGGAACAGTTGACTG_007,102
CCATGAGGAACAGTTGACTG_008,48
CCATGAGGAACAGTTGACTG_009,13
TAGCAAGAAACATCCCAAGT_001,119
TAGCAAGAAACATCCCAAGT_002,26
TAGCAAGAAACATCCCAAGT_003,151
TAGCAAGAAACATCCCAAGT_004,148
TAGCAAGAAACATCCCAAGT_005,177
TAGCAAGAAACATCCCAAGT_006,127
TAGCAAGAAACATCCCAAGT_007,162
TAGCAAGAAACATCCCAAGT_008,88
TAGCAAGAAACATCCCAAGT_009,191
CGAACCTAGCGCTTCCCTTG_001,146
CGAACCTAGCGCTTCCCTTG_002,191
CGAACCTAGCGCTTCCCTTG_003,68
CGAACCTAGCGCTTCCCTTG_004,88
CGAACCTAGCGCTTCCCTTG_005,176
CGAACCTAGCGCTTCCCTTG_006,95
CGAACCTAGCGCTTCCCTTG_007,197
CGAACCTAGCGCTTCCCTTG_008,49
CGAACCTAGCGCTTCCCTTG_009,70
CGAACCTAGCGCTTCCCTTG_010,55
CGAACCTAGCGCTTCCCTTG_011,185
CGAACCTAGCGCTTCCCTTG_012,2
CGAACCTAGCGCTTCCCTTG_013,11
CGAACCTAGCGCTTCCCTTG_014,186
CGAACCTAGCGCTTCCCTTG_015,79
CGAACCTAGCGCTTCCCTTG_016,124
ACGTCATCAGGATCACCCAA_001,20
ACGTCATCAGGATCACCCAA_002,0
ATGGACAACTACGCAGCAAG_001,22
ATGGACAACTACGCAGCAAG_002,185
ATGGACAACTACGCAGCAAG_003,28
ATGGACAACTACGCAGCAAG_004,147
ATGGACAACTACGCAGCAAG_005,81
ATGGACAACTACGCAGCAAG_006,2
ATGGACAACTACGCAGCAAG_007,35
ATGGACAACTACGCAGCAAG_008,94
ATGGACAACTACGCAGCAAG_009,108
ATGGACAACTACGCAGCAAG_010,84
ATGGACAACTACGCAGCAAG_011,197
ATGGACAACTACGCAGCAAG_012,42
ATGGACAACTACGCAGCAAG_013,4
CGAGGACATCGAGAGCGCGT_001,175
CGAGGACATCGAGAGCGCGT_002,55
CGAGGACATCGAGAGCGCGT_003,69
CGAGGACATCGAGAGCGCGT_004,1
CGAGGACATCGAGAGCGCGT_005,144
CGAGGACATCGAGAGCGCGT_006,122
CGAGGACATCGAGAGCGCGT_007,58
AAGAATTACTATGTCTACAG_001,150
AAGAATTACTATGTCTACAG_002,181
AAGAATTACTATGTCTACAG_003,156
AAGAATTACTATGTCTACAG_004,28
CTGGTACAGCGAGTACCGCA_001,8
CTGGTACAGCGAGTACCGCA_002,57
CTGGTACAGCGAGTACCGCA_003,80
CTGGTACAGCGAGTACCGCA_004,178
AGTTCAAGGTCACTCATGGG_001,88
AGTTCAAGGTCACTCATGGG_002,146
AGTTCAAGGTCACTCATGGG_003,145
AGTTCAAGGTCACTCATGGG_004,39
AGTTCAAGGTCACTCATGGG_005,63
CCTCGCTGTACACACAGACA_001,121
CCTCGCTGTACACACAGACA_002,11
CGGTGCAGCAGATCACTCTG_001,174
CGGTGCAGCAGATCACTCTG_002,71
CAATAACATCCAATTCACTG_001,150
CAATAACATCCAATTCACTG_002,100
AAGGAACTCGAGGTTCAAGG_001,170
AAGGAACTCGAGGTTCAAGG_002,63
AAGGAACTCGAGGTTCAAGG_003,35
AAGGAACTCGAGGTTCAAGG_004,77
AAGGAACTCGAGGTTCAAGG_005,149
AAGGAACTCGAGGTTCAAGG_006,9
AAGGAACTCGAGGTTCAAGG_007,127
AAGGAACTCGAGGTTCAAGG_008,169
AAGGAACTCGAGGTTCAAGG_009,50
AAGGAACTCGAGGTTCAAGG_010,78
AAGGAACTCGAGGTTCAAGG_011,192
AAGGAACTCGAGGTTCAAGG_012,150
AAGGAACTCGAGGTTCAAGG_013,141
AAGGAACTCGAGGTTCAAGG_014,147
AAGGAACTCGAGGTTCAAGG_015,19
AAGGAACTCGAGGTTCAAGG_016,174
AAGGAACTCGAGGTTCAAGG_017,133
AAGGAACTCGAGGTTCAAGG_018,186
AAGGAACTCGAGGTTCAAGG_019,31
AAGGAACTCGAGGTTCAAGG_020,171
AAGGAACTCGAGGTTCAAGG_021,35
AAGGAACTCGAGGTTCAAGG_022,88
AAGGAACTCGAGGTTCAAGG_023,143
AAGGAACTCGAGGTTCAAGG_024,81
AAGGAACTCGAGGTTCAAGG_025,175
AAGGAACTCGAGGTTCAAGG_026,0
AAGGAACTCGAGGTTCAAGG_027,108
TTCCCTTCATTCACCGAGAG_001,149
TTCCCTTCATTCACCGAGAG_002,184
TTCCCTTCATTCACCGAGAG_003,121
TTCCCTTCATTCACCGAGAG_004,58
TTCCCTTCATTCACCGAGAG_005,66
TTCCCTTCATTCACCGAGAG_006,137
TTCCCTTCATTCACCGAGAG_007,111
TTGACCCTCACAGGATAGCG_001,51
TTGACCCTCACAGGATAGCG_002,56
TTGACCCTCACAGGATAGCG_003,147
TTGACCCTCACAGGATAGCG_004,74
TTGACCCTCACAGGATAGCG_005,12
TTGACCCTCACAGGATAGCG_006,140
TTGACCCTCACAGGATAGCG_007,63
TTGACCCTCACAGGATAGCG_008,138
TTGACCCTCACAGGATAGCG_009,23
TTGACCCTCACAGGATAGCG_010,14
TTGACCCTCACAGGATAGCG_011,13
CCTCAACCGGCAAATCCGCG_001,30
CCTCAACCGGCAAATCCGCG_002,169
CCTCAACCGGCAAATCCGCG_003,75
CCTCAACCGGCAAATCCGCG_004,178
CCTCAACCGGCAAATCCGCG_005,77
CCTCAACCGGCAAATCCGCG_006,170
CCTCAACCGGCAAATCCGCG_007,169
CCTCAACCGGCAAATCCGCG_008,69
CCTCAACCGGCAAATCCGCG_009,124
TACCGCCCTCACGTCTACTT_001,48
TACCGCCCTCACGTCTACTT_002,162
TACCGCCCTCACGTCTACTT_003,101
TACCGCCCTCACGTCTACTT_004,169
TACCGCCCTCACGTCTACTT_005,14
GAACACCCTTAACCCCACCT_001,77
GAACACCCTTAACCCCACCT_002,198
GAACACCCTTAACCCCACCT_003,148
GAACACCCTTAACCCCACCT_004,94
GAACACCCTTAACCCCACCT_005,90
TGTGCTCACAAACAGCCCTG_001,47
TGTGCTCACAAACAGCCCTG_002,37
TGTGCTCACAAACAGCCCTG_003,141
TGTGCTCACAAACAGCCCTG_004,115
TGTGCTCACAAACAGCCCTG_005,77
TGTGCTCACAAACAGCCCTG_006,36
TGTGCTCACAAACAGCCCTG_007,174
TGTGCTCACAAACAGCCCTG_008,33
TGTGCTCACAAACAGCCCTG_009,70
ACAACAAAGTCTTGATGTGG_001,157
ACAACAAAGTCTTGATGTGG_002,181
ACAACAAAGTCTTGATGTGG_003,84
ACAACAAAGTCTTGATGTGG_004,44
ACAACAAAGTCTTGATGTGG_005,54
ACAACAAAGTCTTGATGTGG_006,16
ACAACAAAGTCTTGATGTGG_007,182
ACAACAAAGTCTTGATGTGG_008,33
ACAACAAAGTCTTGATGTGG_009,102
ACAACAAAGTCTTGATGTGG_010,15
ACAACAAAGTCTTGATGTGG_011,43
ACGGTAGAATCGCTGTGAGG_001,170
ACGGTAGAATCGCTGTGAGG_002,5
ACGGTAGAATCGCTGTGAGG_003,64
AGAACCACAACTGTCAACAT_001,158
AGAACCACAACTGTCAACAT_002,141
AGAACCACAACTGTCAACAT_003,152
AGAACCACAACTGTCAACAT_004,126
AGAACCACAACTGTCAACAT_005,151
CACTCACTCGTAGTACTCAG_001,64
CACTCACTCGTAGTACTCAG_002,76
CACTCACTCGTAGTACTCAG_003,97
CACTCACTCGTAGTACTCAG_004,102
CACTCACTCGTAGTACTCAG_005,135
ATCCTGCTCGACGACATCGC_001,56
ATCCTGCTCGACGACATCGC_002,15
ATCCTGCTCGACGACATCGC_003,23
ATCCTGCTCGACGACATCGC_004,185
ATCCTGCTCGACGACATCGC_005,3
ATCCTGCTCGACGACATCGC_006,8
ATCCTGCTCGACGACATCGC_007,94
ATCCTGCTCGACGACATCGC_008,15
ATCCTGCTCGACGACATCGC_009,49
ATCCTGCTCGACGACATCGC_010,115
ATCCTGCTCGACGACATCGC_011,159
ATCCTGCTCGACGACATCGC_012,115
ATCCTGCTCGACGACATCGC_013,94
ATCCTGCTCGACGACATCGC_014,170
ATCCTGCTCGACGACATCGC_015,152
CAGCGCTCAGACAAAGGCAA_001,87
CAGCGCTCAGACAAAGGCAA_002,98
CAGCGCTCAGACAAAGGCAA_003,94
CAGCGCTCAGACAAAGGCAA_004,89
CAGCGCTCAGACAAAGGCAA_005,115
CAGCGCTCAGACAAAGGCAA_006,69
CAGCGCTCAGACAAAGGCAA_007,191
CAGCGCTCAGACAAAGGCAA_008,146
CAGCGCTCAGACAAAGGCAA_009,140
CAGCGCTCAGACAAAGGCAA_010,132
CAGCGCTCAGACAAAGGCAA_011,150
CTATCTGAAAACCCCCCCGA_001,4
CTATCTGAAAACCCCCCCGA_002,62
CTATCTGAAAACCCCCCCGA_003,198
CTATCTGAAAACCCCCCCGA_004,50
CTATCTGAAAACCCCCCCGA_005,48
CTATCTGAAAACCCCCCCGA_006,147
CTATCTGAAAACCCCCCCGA_007,128
CTATCTGAAAACCCCCCCGA_008,159
CTATCTGAAAACCCCCCCGA_009,124
CTATCTGAAAACCCCCCCGA_010,9
CTATCTGAAAACCCCCCCGA_011,121
CTATCTGAAAACCCCCCCGA_012,17
CTATCTGAAAACCCCCCCGA_013,43
CTATCTGAAAACCCCCCCGA_014,15
CTATCTGAAAACCCCCCCGA_015,15
CTATCTGAAAACCCCCCCGA_016,77
CTATCTGAAAACCCCCCCGA_017,52
CTATCTGAAAACCCCCCCGA_018,105
CTATCTGAAAACCCCCCCGA_019,97
CTATCTGAAAACCCCCCCGA_020,191
CTATCTGAAAACCCCCCCGA_021,70
CTATCTGAAAACCCCCCCGA_022,2
CTATCTGAAAACCCCCCCGA_023,81
CTATCTGAAAACCCCCCCGA_024,91
CTATCTGAAAACCCCCCCGA_025,30
ATAATTGACGACATCCATCA_001,154
ATAATTGACGACATCCATCA_002,96
ATAATTGACGACATCCATCA_003,106
ATAATTGACGACATCCATCA_004,29
ATAATTGACGACATCCATCA_005,62
CTCCAAAGTACTTGTAACCT_001,0
CTCCAAAGTACTTGTAACCT_002,14
ACCTATGCAGACTCTCGCCG_001,107
ACCTATGCAGACTCTCGCCG_002,154
ACCTATGCAGACTCTCGCCG_003,22
ACCTATGCAGACTCTCGCCG_004,12
ACCTATGCAGACTCTCGCCG_005,149
ACCTATGCAGACTCTCGCCG_006,149
ACCTATGCAGACTCTCGCCG_007,22
CAGGCAAGCCTATTCTAGAA_001,168
TTCCCGGTGGAGACCAACTG_001,139
TTCCCGGTGGAGACCAACTG_002,26
TTCCCGGTGGAGACCAACTG_003,53
TTCCCGGTGGAGACCAACTG_004,82
TTCCCGGTGGAGACCAACTG_005,98
TTCCCGGTGGAGACCAACTG_006,190
TTCCCGGTGGAGACCAACTG_007,79
TTCCCGGTGGAGACCAACTG_008,10
TTCCCGGTGGAGACCAACTG_009,161
TTCCCGGTGGAGACCAACTG_010,4
TTCCCGGTGGAGACCAACTG_011,15
TTCCCGGTGGAGACCAACTG_012,25
TTCCCGGTGGAGACCAACTG_013,58
TTCCCGGTGGAGACCAACTG_014,158
TTCCCGGTGGAGACCAACTG_015,37
TTCCCGGTGGAGACCAACTG_016,2
TTCCCGGTGGAGACCAACTG_017,77
TTCCCGGTGGAGACCAACTG_018,148
TTCCCGGTGGAGACCAACTG_019,49
TTCCCGGTGGAGACCAACTG_020,43
TTCCCGGTGGAGACCAACTG_021,152
TTCCCGGTGGAGACCAACTG_022,134
TTCCCGGTGGAGACCAACTG_023,96
TTGACGAGGATATCTCCACC_001,157
AGGTACCTGGATGAACTGGA_001,162
AGGTACCTGGATGAACTGGA_002,1
AGGTACCTGGATGAACTGGA_003,2
AGGTACCTGGATGAACTGGA_004,139
AGGTACCTGGATGAACTGGA_005,46
AGGTACCTGGATGAACTGGA_006,8
AGGTACCTGGATGAACTGGA_007,49
AGGTACCTGGATGAACTGGA_008,43
AGGTACCTGGATGAACTGGA_009,197
AGGTACCTGGATGAACTGGA_010,71
AGGTACCTGGATGAACTGGA_011,159
AGGTACCTGGATGAACTGGA_012,69
AGGTACCTGGATGAACTGGA_013,121
AGGTACCTGGATGAACTGGA_014,162
AGGTACCTGGATGAACTGGA_015,147
AGGTACCTGGATGAACTGGA_016,172
AGGTACCTGGATGAACTGGA_017,85
AGGTACCTGGATGAACTGGA_018,127
AGGTACCTGGATGAACTGGA_019,119
AGGTACCTGGATGAACTGGA_020,138
AGGTACCTGGATGAACTGGA_021,77
AGGTACCTGGATGAACTGGA_022,85
AGGTACCTGGATGAACTGGA_023,65
AGGTACCTGGATGAACTGGA_024,17
AGGTACCTGGATGAACTGGA_025,198
AGGTACCTGGATGAACTGGA_026,147
CTGTCACTGGGCTACTATCG_001,197
CTGTCACTGGGCTACTATCG_002,107
CTGTCACTGGGCTACTATCG_003,3
CTGTCACTGGGCTACTATCG_004,152
CTGTCACTGGGCTACTATCG_005,179
CTGTCACTGGGCTACTATCG_006,198
CTGTCACTGGGCTACTATCG_007,105
CTGTCACTGGGCTACTATCG_008,176
AGAATAAGAGGTTCCCACCG_001,76
AGAATAAGAGGTTCCCACCG_002,63
CTTGCCTAAACTGGCGTCCG_001,113
CTTGCCTAAACTGGCGTCCG_002,78
CTTGCCTAAACTGGCGTCCG_003,165
CTTGCCTAAACTGGCGTCCG_004,94
CTTGCCTAAACTGGCGTCCG_005,133
CTTGCCTAAACTGGCGTCCG_006,64
CTTGCCTAAACTGGCGTCCG_007,199
CTTGCCTAAACTGGCGTCCG_008,161
CTTGCCTAAACTGGCGTCCG_009,160
CTTGCCTAAACTGGCGTCCG_010,113
CTTGCCTAAACTGGCGTCCG_011,25
CTTGCCTAAACTGGCGTCCG_012,193
CTTGCCTAAACTGGCGTCCG_013,141
CTTGCCTAAACTGGCGTCCG_014,117
CTTGCCTAAACTGGCGTCCG_015,170
CTTGCCTAAACTGGCGTCCG_016,30
CTTGCCTAAACTGGCGTCCG_017,73
CTTGCCTAAACTGGCGTCCG_018,91
CTTGCCTAAACTGGCGTCCG_019,145
CTTGCCTAAACTGGCGTCCG_020,144
GCACCCACTTGAAGATACGA_001,50
GCACCCACTTGAAGATACGA_002,180
GCACCCACTTGAAGATACGA_003,163
GCACCCACTTGAAGATACGA_004,40
CACATGTCCCATGATTCTCG_001,142
CACATGTCCCATGATTCTCG_002,134
CACATGTCCCATGATTCTCG_003,81
CTATAGGGTATTCTGCTGCA_001,163
TGCCGGCTACTGCCCCACCA_001,157
TGCCGGCTACTGCCCCACCA_002,162
TGCCGGCTACTGCCCCACCA_003,121
TGCCGGCTACTGCCCCACCA_004,130
TGCCGGCTACTGCCCCACCA_005,20
TGCCGGCTACTGCCCCACCA_006,67
TGCCGGCTACTGCCCCACCA_007,84
TGCCGGCTACTGCCCCACCA_008,42
TGCCGGCTACTGCCCCACCA_009,171
TGCCGGCTACTGCCCCACCA_010,130
TGCCGGCTACTGCCCCACCA_011,18
TGCCGGCTACTGCCCCACCA_012,41
TGCCGGCTACTGCCCCACCA_013,3
TGCCGGCTACTGCCCCACCA_014,98
TGCCGGCTACTGCCCCACCA_015,163
TGCCGGCTACTGCCCCACCA_016,185
TGCCGGCTACTGCCCCACCA_017,16
TGCCGGCTACTGCCCCACCA_018,49
TGCCGGCTACTGCCCCACCA_019,98
TGTTTCCACTCGCACCCGAG_001,121
TGTTTCCACTCGCACCCGAG_002,47
TGTTTCCACTCGCACCCGAG_003,13
TTCAAGTACCCACTGGACCG_001,199
TTCAAGTACCCACTGGACCG_002,144
AGCGATTTAGGGCTGTTACA_001,78
AGCGATTTAGGGCTGTTACA_002,121
AGCGATTTAGGGCTGTTACA_003,33
AGCGATTTAGGGCTGTTACA_004,102
AGCGATTTAGGGCTGTTACA_005,7
AGCGATTTAGGGCTGTTACA_006,57
GGTCTATGACCAGAGCACGC_001,191
GGTCTATGACCAGAGCACGC_002,184
GGTCTATGACCAGAGCACGC_003,34
GGTCTATGACCAGAGCACGC_004,119
GGTCTATGACCAGAGCACGC_005,37
CTCACCTTCATGGACCGCGC_001,136
CTCACCTTCATGGACCGCGC_002,125
CTCACCTTCATGGACCGCGC_003,84
CTCACCTTCATGGACCGCGC_004,177
CTCACCTTCATGGACCGCGC_005,58
CTCACCTTCATGGACCGCGC_006,114
CTCACCTTCATGGACCGCGC_007,106
CTCACCTTCATGGACCGCGC_008,127
CTCACCTTCATGGACCGCGC_009,174
CTCACCTTCATGGACCGCGC_010,1
CTCACCTTCATGGACCGCGC_011,16
CTCACCTTCATGGACCGCGC_012,122
CTCACCTTCATGGACCGCGC_013,8
CTCACCTTCATGGACCGCGC_014,58
CTCACCTTCATGGACCGCGC_015,95
CTCACCTTCATGGACCGCGC_016,66
CTCACCTTCATGGACCGCGC_017,126
CTCACCTTCATGGACCGCGC_018,157
CTCACCTTCATGGACCGCGC_019,62
CTCACCTTCATGGACCGCGC_020,15
GCAGACCACCAGCATTACCG_001,157
CAGAGAGTAAAGAGTCGTAG_001,83
CAGAGAGTAAAGAGTCGTAG_002,169
CAGAGAGTAAAGAGTCGTAG_003,77
CAGAGAGTAAAGAGTCGTAG_004,19
CAGAGAGTAAAGAGTCGTAG_005,21
CAGAGAGTAAAGAGTCGTAG_006,9
CAGAGAGTAAAGAGTCGTAG_007,91
CAGAGAGTAAAGAGTCGTAG_008,158
CAGAGAGTAAAGAGTCGTAG_009,120
CAGAGAGTAAAGAGTCGTAG_010,85
ACCCAGAAGACCAACTGTGA_001,72
ACCCAGAAGACCAACTGTGA_002,192
ACCCAGAAGACCAACTGTGA_003,69
ACCCAGAAGACCAACTGTGA_004,56
ACCCAGAAGACCAACTGTGA_005,69
ACCCAGAAGACCAACTGTGA_006,13
ACCCAGAAGACCAACTGTGA_007,17
ACCCAGAAGACCAACTGTGA_008,19
ACCCAGAAGACCAACTGTGA_009,76
ACCCAGAAGACCAACTGTGA_010,152
AGAATGGATTGAGACACGAT_001,115
AGAATGGATTGAGACACGAT_002,88
AGAATGGATTGAGACACGAT_003,169
AGAATGGATTGAGACACGAT_004,15
AGAATGGATTGAGACACGAT_005,165
AGAATGGATTGAGACACGAT_006,46
AGAATGGATTGAGACACGAT_007,172
GAAGCTCTTAGACCAGCAAC_001,14
GAAGCTCTTAGACCAGCAAC_002,34
GAAGCTCTTAGACCAGCAAC_003,72
GAAGCTCTTAGACCAGCAAC_004,62
GAAGCTCTTAGACCAGCAAC_005,168
GAAGCTCTTAGACCAGCAAC_006,83
GAAGCTCTTAGACCAGCAAC_007,83
GTGAGAGAGGCGGTGGAGAA_001,42
GTGAGAGAGGCGGTGGAGAA_002,120
GTGAGAGAGGCGGTGGAGAA_003,0
GTGAGAGAGGCGGTGGAGAA_004,136
GTGAGAGAGGCGGTGGAGAA_005,86
GTGAGAGAGGCGGTGGAGAA_006,160
GTGAGAGAGGCGGTGGAGAA_007,141
GTGAGAGAGGCGGTGGAGAA_008,121
GTGAGAGAGGCGGTGGAGAA_009,177
GTGAGAGAGGCGGTGGAGAA_010,37
GTGAGAGAGGCGGTGGAGAA_011,28
GTGAGAGAGGCGGTGGAGAA_012,19
GTGAGAGAGGCGGTGGAGAA_013,89
ACTGACCTTCTGGACTGTAG_001,52
ACTGACCTTCTGGACTGTAG_002,32
ACTGACCTTCTGGACTGTAG_003,14
ACTGACCTTCTGGACTGTAG_004,170
ACTGACCTTCTGGACTGTAG_005,140
ACTGACCTTCTGGACTGTAG_006,88
ACTGACCTTCTGGACTGTAG_007,74
ACTGACCTTCTGGACTGTAG_008,101
ACTGACCTTCTGGACTGTAG_009,55
TGCGGAGGGAGATAATTGAG_001,17
TGCGGAGGGAGATAATTGAG_002,150
TGCGGAGGGAGATAATTGAG_003,141
TGCGGAGGGAGATAATTGAG_004,195
TGCGGAGGGAGATAATTGAG_005,127
TGCGGAGGGAGATAATTGAG_006,102
CACAAATTGCTACAAGCCCG_001,169
CACAAATTGCTACAAGCCCG_002,8
CACAAATTGCTACAAGCCCG_003,23
CACAAATTGCTACAAGCCCG_004,39
CACAAATTGCTACAAGCCCG_005,126
GCCGCGTCAGTGTTGCGGCG_001,170
TGTATTTATCCATATTCCAA_001,10
CCTTCAAATTCCCCTACCAG_001,142
CCTTCAAATTCCCCTACCAG_002,121
CCTTCAAATTCCCCTACCAG_003,162
CCTTCAAATTCCCCTACCAG_004,56
CCTTCAAATTCCCCTACCAG_005,69
AAGATATTACTCCTGTGTGT_001,58
ATTGGCACGATAGAACTCCA_001,83
ATTGGCACGATAGAACTCCA_002,15
ATTGGCACGATAGAACTCCA_003,13
ATTGGCACGATAGAACTCCA_004,94
ATTGGCACGATAGAACTCCA_005,142
CAGCAGCCCACTCAATGGGA_001,55
CAGCAGCCCACTCAATGGGA_002,180
CAGCAGCCCACTCAATGGGA_003,130
CAGCAGCCCACTCAATGGGA_004,63
CAGCAGCCCACTCAATGGGA_005,16
CAGCAGCCCACTCAATGGGA_006,91
CAGCAGCCCACTCAATGGGA_007,91
CAGCAGCCCACTCAATGGGA_008,4
CAGCAGCCCACTCAATGGGA_009,187
CAGCAGCCCACTCAATGGGA_010,187
CAGCAGCCCACTCAATGGGA_011,41
CAGCAGCCCACTCAATGGGA_012,40
CAGCAGCCCACTCAATGGGA_013,168
CAGCAGCCCACTCAATGGGA_014,70
CAGCAGCCCACTCAATGGGA_015,109
CAGCAGCCCACTCAATGGGA_016,109
CAGCAGCCCACTCAATGGGA_017,72
CAGCAGCCCACTCAATGGGA_018,115
CAGCAGCCCACTCAATGGGA_019,110
CAGCAGCCCACTCAATGGGA_020,3
CAGCAGCCCACTCAATGGGA_021,15
AGTCGATTTCAATCTCGTCG_001,14
CAGGCCATGGATCTCCCACG_001,109
CAGGCCATGGATCTCCCACG_002,169
CAGGCCATGGATCTCCCACG_003,88
CAGGCCATGGATCTCCCACG_004,150
ATACTTTGTCAAAGCACACG_001,29
ATACTTTGTCAAAGCACACG_002,40
ATACTTTGTCAAAGCACACG_003,140
ATACTTTGTCAAAGCACACG_004,60
ATACTTTGTCAAAGCACACG_005,162
ATACTTTGTCAAAGCACACG_006,127
GGTGGATTACCTCGTCACGT_001,163
GGTGGATTACCTCGTCACGT_002,128
GGTGGATTACCTCGTCACGT_003,19
GGTGGATTACCTCGTCACGT_004,121
GGTGGATTACCTCGTCACGT_005,99
GGTGGATTACCTCGTCACGT_006,57
GGTGGATTACCTCGTCACGT_007,141
GGTGGATTACCTCGTCACGT_008,92
GGTGGATTACCTCGTCACGT_009,162
GGTGGATTACCTCGTCACGT_010,49
GGTGGATTACCTCGTCACGT_011,178
GGTGGATTACCTCGTCACGT_012,48
GGTGGATTACCTCGTCACGT_013,98
GTTTGCTGTAAACCTCAACC_001,50
GTTTGCTGTAAACCTCAACC_002,12
GTTTGCTGTAAACCTCAACC_003,19
GTTTGCTGTAAACCTCAACC_004,22
AATTCATACTAGGAATATTG_001,48
GACGACCATTAGCTGCACAC_001,40
GACGACCATTAGCTGCACAC_002,155
GACGACCATTAGCTGCACAC_003,47
GACGACCATTAGCTGCACAC_004,72
GACGACCATTAGCTGCACAC_005,151
GACGACCATTAGCTGCACAC_006,104
GACGACCATTAGCTGCACAC_007,135
GACGACCATTAGCTGCACAC_008,41
GACGACCATTAGCTGCACAC_009,136
GACGACCATTAGCTGCACAC_010,176
GACGACCATTAGCTGCACAC_011,141
GACGACCATTAGCTGCACAC_012,9
GACGACCATTAGCTGCACAC_013,58
GACGACCATTAGCTGCACAC_014,131
GACGACCATTAGCTGCACAC_015,59
GACGACCATTAGCTGCACAC_016,169
GACGACCATTAGCTGCACAC_017,81
GACGACCATTAGCTGCACAC_018,80
GACGACCATTAGCTGCACAC_019,111
AGGAGCCTGGAGAGCCCGCG_001,95
AGGAGCCTGGAGAGCCCGCG_002,92
AGGAGCCTGGAGAGCCCGCG_003,163
AGGAGCCTGGAGAGCCCGCG_004,32
AGGAGCCTGGAGAGCCCGCG_005,159
AGGAGCCTGGAGAGCCCGCG_006,169
AGGAGCCTGGAGAGCCCGCG_007,76
AGGAGCCTGGAGAGCCCGCG_008,29
AGGAGCCTGGAGAGCCCGCG_009,49
AGGAGCCTGGAGAGCCCGCG_010,155
AGGAGCCTGGAGAGCCCGCG_011,105
AGGAGCCTGGAGAGCCCGCG_012,3
AGGAGCCTGGAGAGCCCGCG_013,96
AGGAGCCTGGAGAGCCCGCG_014,73
AGGAGCCTGGAGAGCCCGCG_015,191
AGGAGCCTGGAGAGCCCGCG_016,15
AGGAGCCTGGAGAGCCCGCG_017,92
AGGAGCCTGGAGAGCCCGCG_018,53
AGGAGCCTGGAGAGCCCGCG_019,11
AGGAGCCTGGAGAGCCCGCG_020,145
TATGCACAAGGGTTTCATCG_001,144
TATGCACAAGGGTTTCATCG_002,148
TATGCACAAGGGTTTCATCG_003,123
TATGCACAAGGGTTTCATCG_004,86
TATGCACAAGGGTTTCATCG_005,15
TATGCACAAGGGTTTCATCG_006,199
TATGCACAAGGGTTTCATCG_007,148
TATGCACAAGGGTTTCATCG_008,127
TATGCACAAGGGTTTCATCG_009,122
TCTGAGACACTACCTTACAG_001,56
TCTGAGACACTACCTTACAG_002,196
TCTGAGACACTACCTTACAG_003,178
TCTGAGACACTACCTTACAG_004,40
TCTGAGACACTACCTTACAG_005,40
TCTGAGACACTACCTTACAG_006,162
TCTGAGACACTACCTTACAG_007,67
CTGGAAGAGTTTCAACCGAG_001,183
CTGGAAGAGTTTCAACCGAG_002,61
CTGGAAGAGTTTCAACCGAG_003,176
CTGGAAGAGTTTCAACCGAG_004,45
CTGGAAGAGTTTCAACCGAG_005,94
CTGGAAGAGTTTCAACCGAG_006,150
CTGGAAGAGTTTCAACCGAG_007,73
CTGGAAGAGTTTCAACCGAG_008,174
CTGGAAGAGTTTCAACCGAG_009,76
CTGGAAGAGTTTCAACCGAG_010,50
CTGGAAGAGTTTCAACCGAG_011,66
CTGGAAGAGTTTCAACCGAG_012,150
CTGGAAGAGTTTCAACCGAG_013,175
CTGGAAGAGTTTCAACCGAG_014,161
CTGGAAGAGTTTCAACCGAG_015,19
CTGGAAGAGTTTCAACCGAG_016,107
CTGGAAGAGTTTCAACCGAG_017,165
CTGGAAGAGTTTCAACCGAG_018,35
AACAGCAAACCCCCCAACAT_001,105
AACAGCAAACCCCCCAACAT_002,48
AACAGCAAACCCCCCAACAT_003,169
AACAGCAAACCCCCCAACAT_004,4
AACAGCAAACCCCCCAACAT_005,4
AACAGCAAACCCCCCAACAT_006,44
AACAGCAAACCCCCCAACAT_007,4
AACAGCAAACCCCCCAACAT_008,31
AACAGCAAACCCCCCAACAT_009,115
AACAGCAAACCCCCCAACAT_010,197
AACAGCAAACCCCCCAACAT_011,97
ACGCTGGTGACACAGAACAG_001,175
ACGCTGGTGACACAGAACAG_002,81
ACGCTGGTGACACAGAACAG_003,20
ACGCTGGTGACACAGAACAG_004,120
ACGCTGGTGACACAGAACAG_005,74
ACGCTGGTGACACAGAACAG_006,2
ACGCTGGTGACACAGAACAG_007,12
ACGCTGGTGACACAGAACAG_008,61
ACGCTGGTGACACAGAACAG_009,72
ACGCTGGTGACACAGAACAG_010,169
ACGCTGGTGACACAGAACAG_011,33
ACGCTGGTGACACAGAACAG_012,146
ACGCTGGTGACACAGAACAG_013,48
ACGCTGGTGACACAGAACAG_014,71
ACGCTGGTGACACAGAACAG_015,127
ACGCTGGTGACACAGAACAG_016,38
ACGCTGGTGACACAGAACAG_017,51
ACGCTGGTGACACAGAACAG_018,19
ACGCTGGTGACACAGAACAG_019,46
ACGCTGGTGACACAGAACAG_020,38
AGCTGGACATACAGCAGCTG_001,151
AGCTGGACATACAGCAGCTG_002,60
AGCTGGACATACAGCAGCTG_003,98
AGCTGGACATACAGCAGCTG_004,123
AGCTGGACATACAGCAGCTG_005,131
AGCTGGACATACAGCAGCTG_006,114
GAGCCCAGCCAAGAGCGTGA_001,172
GAGCCCAGCCAAGAGCGTGA_002,168
GAGCCCAGCCAAGAGCGTGA_003,193
GAGCCCAGCCAAGAGCGTGA_004,172
GAGCCCAGCCAAGAGCGTGA_005,34
GAGCCCAGCCAAGAGCGTGA_006,108
GAGCCCAGCCAAGAGCGTGA_007,99
GGAGGATACTCAGAGTACGG_001,3
GGAGGATACTCAGAGTACGG_002,57
GGAGGATACTCAGAGTACGG_003,28
GGAGGATACTCAGAGTACGG_004,89
TGGAAGTAGTGGCGCCACAG_001,35
TGGAAGTAGTGGCGCCACAG_002,175
TGGAAGTAGTGGCGCCACAG_003,50
TGGAAGTAGTGGCGCCACAG_004,25
TGGAAGTAGTGGCGCCACAG_005,185
TGGAAGTAGTGGCGCCACAG_006,12
TGGAAGTAGTGGCGCCACAG_007,145
TGGAAGTAGTGGCGCCACAG_008,123
TCCTACCTCTGGAGACTATG_001,50
TCCTACCTCTGGAGACTATG_002,152
TCCTACCTCTGGAGACTATG_003,48
TCCTACCTCTGGAGACTATG_004,9
TCCTACCTCTGGAGACTATG_005,103
TCCTACCTCTGGAGACTATG_006,188
TCCTACCTCTGGAGACTATG_007,18
GCCTTCTCACAGTAACCATG_001,23
GCCTTCTCACAGTAACCATG_002,55
GCCTTCTCACAGTAACCATG_003,8
GCCTTCTCACAGTAACCATG_004,56
GCCTTCTCACAGTAACCATG_005,1
GCCTTCTCACAGTAACCATG_006,9
GCCTTCTCACAGTAACCATG_007,90
CCTGCTGACAAAGCCACCGG_001,116
CCTGCTGACAAAGCCACCGG_002,17
CCTGCTGACAAAGCCACCGG_003,166
CCTGCTGACAAAGCCACCGG_004,39
CCTGCTGACAAAGCCACCGG_005,150
CCTGCTGACAAAGCCACCGG_006,43
CCTGCTGACAAAGCCACCGG_007,21
CCTGCTGACAAAGCCACCGG_008,134
CCTGCTGACAAAGCCACCGG_009,160
CCTGCTGACAAAGCCACCGG_010,192
CCTGCTGACAAAGCCACCGG_011,72
CCTGCTGACAAAGCCACCGG_012,171
CCTGCTGACAAAGCCACCGG_013,170
CCTGCTGACAAAGCCACCGG_014,86
CCTGCTGACAAAGCCACCGG_015,50
CCTGCTGACAAAGCCACCGG_016,33
CCTGCTGACAAAGCCACCGG_017,93
CCTGCTGACAAAGCCACCGG_018,148
CCTGCTGACAAAGCCACCGG_019,58
CCTGCTGACAAAGCCACCGG_020,157
CCTGCTGACAAAGCCACCGG_021,11
CCTGCTGACAAAGCCACCGG_022,162
CCTGCTGACAAAGCCACCGG_023,56
CCTGCTGACAAAGCCACCGG_024,16
CCTGCTGACAAAGCCACCGG_025,30
CCTGCTGACAAAGCCACCGG_026,30
CCTGCTGACAAAGCCACCGG_027,8
ACGATAGCTTTAGAAAACTT_001,97
ACGATAGCTTTAGAAAACTT_002,69
ACGATAGCTTTAGAAAACTT_003,185
ACGATAGCTTTAGAAAACTT_004,12
TACACAGGGGAAGCCAGCGT_001,54
TACACAGGGGAAGCCAGCGT_002,105
TACACAGGGGAAGCCAGCGT_003,120
TACACAGGGGAAGCCAGCGT_004,43
TACACAGGGGAAGCCAGCGT_005,113
TACACAGGGGAAGCCAGCGT_006,0
TACACAGGGGAAGCCAGCGT_007,52
TACACAGGGGAAGCCAGCGT_008,176
TACACAGGGGAAGCCAGCGT_009,46
TACACAGGGGAAGCCAGCGT_010,124
TACACAGGGGAAGCCAGCGT_011,169
TACACAGGGGAAGCCAGCGT_012,190
TACACAGGGGAAGCCAGCGT_013,108
TACACAGGGGAAGCCAGCGT_014,70
TACACAGGGGAAGCCAGCGT_015,134
TACACAGGGGAAGCCAGCGT_016,92
TACACAGGGGAAGCCAGCGT_017,152
TACACAGGGGAAGCCAGCGT_018,121
TACACAGGGGAAGCCAGCGT_019,8
TACACAGGGGAAGCCAGCGT_020,155
TACACAGGGGAAGCCAGCGT_021,46
TACACAGGGGAAGCCAGCGT_022,19
TACACAGGGGAAGCCAGCGT_023,147
TACACAGGGGAAGCCAGCGT_024,28
TACACAGGGGAAGCCAGCGT_025,136
GATAGTCAGAATCCAAAGTG_001,77
GATAGTCAGAATCCAAAGTG_002,16
GATAGTCAGAATCCAAAGTG_003,28
GATAGTCAGAATCCAAAGTG_004,40
GATAGTCAGAATCCAAAGTG_005,7
GATAGTCAGAATCCAAAGTG_006,137
AGGGGAAAAATGGAAAGACC_001,162
AGGGGAAAAATGGAAAGACC_002,174
AGGGGAAAAATGGAAAGACC_003,13
AGGGGAAAAATGGAAAGACC_004,2
AGGGGAAAAATGGAAAGACC_005,61
AGGGGAAAAATGGAAAGACC_006,175
AGGGGAAAAATGGAAAGACC_007,199
TTCATCCTTAGATCTAGGTA_001,25
TTCATCCTTAGATCTAGGTA_002,53
TTCATCCTTAGATCTAGGTA_003,7
TTCATCCTTAGATCTAGGTA_004,20
TTCATCCTTAGATCTAGGTA_005,45
TTCATCCTTAGATCTAGGTA_006,188
AGAACACAAATCATGTCCCG_001,49
AGAACACAAATCATGTCCCG_002,50
AGAACACAAATCATGTCCCG_003,159
AGAACACAAATCATGTCCCG_004,42
AGAACACAAATCATGTCCCG_005,75
AGAACACAAATCATGTCCCG_006,2
AGAACACAAATCATGTCCCG_007,104
AGAACACAAATCATGTCCCG_008,5
AGAACACAAATCATGTCCCG_009,34
AGAACACAAATCATGTCCCG_010,81
AGAACACAAATCATGTCCCG_011,37
AAATGAGGTAAGGACCACCA_001,158
AAATGAGGTAAGGACCACCA_002,102
AAATGAGGTAAGGACCACCA_003,30
AAATGAGGTAAGGACCACCA_004,147
AGGTGGGAGACCGAAAGCGT_001,159
AGGTGGGAGACCGAAAGCGT_002,150
AGGTGGGAGACCGAAAGCGT_003,60
AGGTGGGAGACCGAAAGCGT_004,0
AGGTGGGAGACCGAAAGCGT_005,1
AGGTGGGAGACCGAAAGCGT_006,145
AGGTGGGAGACCGAAAGCGT_007,123
AGGTGGGAGACCGAAAGCGT_008,15
AGGTGGGAGACCGAAAGCGT_009,40
AGGTGGGAGACCGAAAGCGT_010,158
AGGTGGGAGACCGAAAGCGT_011,46
AGGTGGGAGACCGAAAGCGT_012,79
AGGTGGGAGACCGAAAGCGT_013,152
AGGTGGGAGACCGAAAGCGT_014,84
AGGTGGGAGACCGAAAGCGT_015,193
AGGTGGGAGACCGAAAGCGT_016,47
AGGTGGGAGACCGAAAGCGT_017,161
AGGTGGGAGACCGAAAGCGT_018,166
AGGTGGGAGACCGAAAGCGT_019,113
AGGTGGGAGACCGAAAGCGT_020,185
AGGTGGGAGACCGAAAGCGT_021,176
AGGTGGGAGACCGAAAGCGT_022,11
AGGTGGGAGACCGAAAGCGT_023,197
AGGTGGGAGACCGAAAGCGT_024,133
AGGTGGGAGACCGAAAGCGT_025,22
AGGTGGGAGACCGAAAGCGT_026,152
AGGTGGGAGACCGAAAGCGT_027,115
AGGTGGGAGACCGAAAGCGT_028,158
AGGTGGGAGACCGAAAGCGT_029,62
AGGTGGGAGACCGAAAGCGT_030,176
AGGTGGGAGACCGAAAGCGT_031,48
AGGTGGGAGACCGAAAGCGT_032,149
AGGTGGGAGACCGAAAGCGT_033,168
AGGTGGGAGACCGAAAGCGT_034,31
AGGTGGGAGACCGAAAGCGT_035,194
AGGTGGGAGACCGAAAGCGT_036,34
AGGTGGGAGACCGAAAGCGT_037,105
AGGTGGGAGACCGAAAGCGT_038,182
AGGTGGGAGACCGAAAGCGT_039,127
AGGTGGGAGACCGAAAGCGT_040,114
AGGTGGGAGACCGAAAGCGT_041,183
AGGTGGGAGACCGAAAGCGT_042,63
AGGTGGGAGACCGAAAGCGT_043,158
ATATCATCTCTTTCAAAGGA_001,42
ATATCATCTCTTTCAAAGGA_002,128
ATATCATCTCTTTCAAAGGA_003,178
TCATTGGTGCTAGACACACG_001,86
TCATTGGTGCTAGACACACG_002,179
TCATTGGTGCTAGACACACG_003,57
TCATTGGTGCTAGACACACG_004,104
CGTGCTCTTCACTGGCACGT_001,127
CGTGCTCTTCACTGGCACGT_002,76
CGTGCTCTTCACTGGCACGT_003,23
CGTGCTCTTCACTGGCACGT_004,21
CGTGCTCTTCACTGGCACGT_005,134
CGTGCTCTTCACTGGCACGT_006,53
CGTGCTCTTCACTGGCACGT_007,171
CGTGCTCTTCACTGGCACGT_008,82
CGTGCTCTTCACTGGCACGT_009,17
CGTGCTCTTCACTGGCACGT_010,169
CGTGCTCTTCACTGGCACGT_011,51
CGTGCTCTTCACTGGCACGT_012,127
CGTGCTCTTCACTGGCACGT_013,169
CGTGCTCTTCACTGGCACGT_014,17
CGTGCTCTTCACTGGCACGT_015,23
AATACTTGAAGAGCCCAACT_001,156
AATACTTGAAGAGCCCAACT_002,151
AATACTTGAAGAGCCCAACT_003,27
AATACTTGAAGAGCCCAACT_004,31
AATACTTGAAGAGCCCAACT_005,48
AATACTTGAAGAGCCCAACT_006,175
AATACTTGAAGAGCCCAACT_007,177
GTGGTAGTAAATGACCGATG_001,69
GTGGTAGTAAATGACCGATG_002,116
GTGGTAGTAAATGACCGATG_003,162
GTGGTAGTAAATGACCGATG_004,93
GTGGTAGTAAATGACCGATG_005,67
GTGGTAGTAAATGACCGATG_006,55
GTGGTAGTAAATGACCGATG_007,70
TCAGGTTACCTGGAGTCAGC_001,147
TCAGGTTACCTGGAGTCAGC_002,194
TCAGGTTACCTGGAGTCAGC_003,165
TCAGGTTACCTGGAGTCAGC_004,171
TCAGGTTACCTGGAGTCAGC_005,97
TCAGGTTACCTGGAGTCAGC_006,134
TCAGGTTACCTGGAGTCAGC_007,50
TCAGGTTACCTGGAGTCAGC_008,165
TCAGGTTACCTGGAGTCAGC_009,73
TCAGGTTACCTGGAGTCAGC_010,125
TCAGGTTACCTGGAGTCAGC_011,8
TCAGGTTACCTGGAGTCAGC_012,147
TCAGGTTACCTGGAGTCAGC_013,41
AATAAGTACACAACGTCATG_001,135
AATAAGTACACAACGTCATG_002,55
AGTTCCATTACGGACCAATG_001,179
AGTTCCATTACGGACCAATG_002,171
AGTTCCATTACGGACCAATG_003,36
TTATGTCAGCAACGTATCCA_001,8
TTATGTCAGCAACGTATCCA_002,105
TTATGTCAGCAACGTATCCA_003,149
TTATGTCAGCAACGTATCCA_004,158
TTATGTCAGCAACGTATCCA_005,148
TTATGTCAGCAACGTATCCA_006,89
CATTATTAGGAAGTGGCTCA_001,183
CATTATTAGGAAGTGGCTCA_002,12
CATTATTAGGAAGTGGCTCA_003,6
CATTATTAGGAAGTGGCTCA_004,108
GCTCGACTCAGAAACCTCAA_001,103
GCTCGACTCAGAAACCTCAA_002,43
GTACAGCCCCGACACGCGTG_001,15
GTACAGCCCCGACACGCGTG_002,130
GTACAGCCCCGACACGCGTG_003,189
GTACAGCCCCGACACGCGTG_004,82
GTACAGCCCCGACACGCGTG_005,10
GTACAGCCCCGACACGCGTG_006,150
GTACAGCCCCGACACGCGTG_007,143
GTACAGCCCCGACACGCGTG_008,143
GTACAGCCCCGACACGCGTG_009,132
GTACAGCCCCGACACGCGTG_010,92
GTACAGCCCCGACACGCGTG_011,88
GTACAGCCCCGACACGCGTG_012,190
GTACAGCCCCGACACGCGTG_013,53
GTACAGCCCCGACACGCGTG_014,134
GTACAGCCCCGACACGCGTG_015,15
GTACAGCCCCGACACGCGTG_016,115
GTACAGCCCCGACACGCGTG_017,9
GTACAGCCCCGACACGCGTG_018,36
GTACAGCCCCGACACGCGTG_019,177
GTACAGCCCCGACACGCGTG_020,164
GTACAGCCCCGACACGCGTG_021,44
GTACAGCCCCGACACGCGTG_022,68
GTACAGCCCCGACACGCGTG_023,8
GTACAGCCCCGACACGCGTG_024,199
GTACAGCCCCGACACGCGTG_025,191
GTACAGCCCCGACACGCGTG_026,143
GTACAGCCCCGACACGCGTG_027,157
GTACAGCCCCGACACGCGTG_028,45
GTACAGCCCCGACACGCGTG_029,113
GTACAGCCCCGACACGCGTG_030,49
GTACAGCCCCGACACGCGTG_031,12
GTACAGCCCCGACACGCGTG_032,94
GTACAGCCCCGACACGCGTG_033,3
GTACAGCCCCGACACGCGTG_034,90
GTACAGCCCCGACACGCGTG_035,40
GTACAGCCCCGACACGCGTG_036,170
GTACAGCCCCGACACGCGTG_037,77
GTACAGCCCCGACACGCGTG_038,43
GTACAGCCCCGACACGCGTG_039,8
GTACAGCCCCGACACGCGTG_040,168
GTACAGCCCCGACACGCGTG_041,33
GTACAGCCCCGACACGCGTG_042,136
GTACAGCCCCGACACGCGTG_043,125
GTACAGCCCCGACACGCGTG_044,125
GTACAGCCCCGACACGCGTG_045,57
GTACAGCCCCGACACGCGTG_046,76
GTACAGCCCCGACACGCGTG_047,159
GTACAGCCCCGACACGCGTG_048,77
GTACAGCCCCGACACGCGTG_049,184
GTACAGCCCCGACACGCGTG_050,35
GTACAGCCCCGACACGCGTG_051,174
GTACAGCCCCGACACGCGTG_052,57
TGTTCAGTGTCCTGACATAG_001,196
TGTTCAGTGTCCTGACATAG_002,91
TGTTCAGTGTCCTGACATAG_003,19
TGTTCAGTGTCCTGACATAG_004,115
TGTTCAGTGTCCTGACATAG_005,83
TGTTCAGTGTCCTGACATAG_006,169
TGTTCAGTGTCCTGACATAG_007,148
TTGGAAGAGAAACCATAGCA_001,68
TTGGAAGAGAAACCATAGCA_002,175
TTGGAAGAGAAACCATAGCA_003,62
TTGGAAGAGAAACCATAGCA_004,70
TTGGAAGAGAAACCATAGCA_005,104
TTGGAAGAGAAACCATAGCA_006,162
TTGGAAGAGAAACCATAGCA_007,158
AGGTAACAGAAATCCAGGAC_001,84
AGGTAACAGAAATCCAGGAC_002,188
AGGTAACAGAAATCCAGGAC_003,162
CACAGAGCGCTACAACCCAG_001,94
CACAGAGCGCTACAACCCAG_002,93
CACAGAGCGCTACAACCCAG_003,115
CACAGAGCGCTACAACCCAG_004,144
TAAACTCAAAGTCATTGGAC_001,49
TAAACTCAAAGTCATTGGAC_002,25
TAAACTCAAAGTCATTGGAC_003,19
TAAACTCAAAGTCATTGGAC_004,48
AGTTACAGTGAAGGTTGTCT_001,148
AGTTACAGTGAAGGTTGTCT_002,166
AGTTACAGTGAAGGTTGTCT_003,116
AGCATTCATCAAGATTACAG_001,114
AGCATTCATCAAGATTACAG_002,60
AGCATTCATCAAGATTACAG_003,93
AGCATTCATCAAGATTACAG_004,88
AGCATTCATCAAGATTACAG_005,88
AGCATTCATCAAGATTACAG_006,70
AGCATTCATCAAGATTACAG_007,171
CCTGGCGAGATTATATGACG_001,77
CCTGGCGAGATTATATGACG_002,12
CCTGGCGAGATTATATGACG_003,198
CCTCGAATATAAACCTACTG_001,194
CCTCGAATATAAACCTACTG_002,3
CCTCGAATATAAACCTACTG_003,94
CCTCGAATATAAACCTACTG_004,116
CCTCGAATATAAACCTACTG_005,74
CCTCGAATATAAACCTACTG_006,31
CCTCGAATATAAACCTACTG_007,68
CCTCGAATATAAACCTACTG_008,188
CCTCGAATATAAACCTACTG_009,28
AGATGCAGATCAAATGACAA_001,68
AGATGCAGATCAAATGACAA_002,107
AGATGCAGATCAAATGACAA_003,82
AGATGCAGATCAAATGACAA_004,197
AGATGCAGATCAAATGACAA_005,77
AGATGCAGATCAAATGACAA_006,84
AGATGCAGATCAAATGACAA_007,162
AGATGCAGATCAAATGACAA_008,76
AGATGCAGATCAAATGACAA_009,10
AGATGCAGATCAAATGACAA_010,144
AGATGCAGATCAAATGACAA_011,137
AGATGCAGATCAAATGACAA_012,170
AGATGCAGATCAAATGACAA_013,20
AGATGCAGATCAAATGACAA_014,190
AGATGCAGATCAAATGACAA_015,191
AGATGCAGATCAAATGACAA_016,116
AGATGCAGATCAAATGACAA_017,184
AGATGCAGATCAAATGACAA_018,34
AGATGCAGATCAAATGACAA_019,12
GGCAGGACGAACATACAGAG_001,195
GGCAGGACGAACATACAGAG_002,75
GGCAGGACGAACATACAGAG_003,1
GGCAGGACGAACATACAGAG_004,124
GGCAGGACGAACATACAGAG_005,124
GGCAGGACGAACATACAGAG_006,22
GGCAGGACGAACATACAGAG_007,64
GGCAGGACGAACATACAGAG_008,52
GGCAGGACGAACATACAGAG_009,39
GGCAGGACGAACATACAGAG_010,81
GGCAGGACGAACATACAGAG_011,188
GGCAGGACGAACATACAGAG_012,141
GGCAGGACGAACATACAGAG_013,54
ATGGCTGAGACCTCGTCCGG_001,157
ATGGCTGAGACCTCGTCCGG_002,184
ATGGCTGAGACCTCGTCCGG_003,7
ACTCTTTGTGACTGAAGAAG_001,146
ACTCTTTGTGACTGAAGAAG_002,169
ACTCTTTGTGACTGAAGAAG_003,163
ACTCTTTGTGACTGAAGAAG_004,72
ACTCTTTGTGACTGAAGAAG_005,71
ACTCTTTGTGACTGAAGAAG_006,158
ACTCTTTGTGACTGAAGAAG_007,162
ACTCTTTGTGACTGAAGAAG_008,103
ACTCTTTGTGACTGAAGAAG_009,159
ACTCTTTGTGACTGAAGAAG_010,1
ACTCTTTGTGACTGAAGAAG_011,60
ACTCTTTGTGACTGAAGAAG_012,41
ACTCTTTGTGACTGAAGAAG_013,178
ACTCTTTGTGACTGAAGAAG_014,156
ACTCTTTGTGACTGAAGAAG_015,112
ACTCTTTGTGACTGAAGAAG_016,63
ACTCTTTGTGACTGAAGAAG_017,78
ACTCTTTGTGACTGAAGAAG_018,198
CTAGTGACACCTACAAAGTG_001,23
CTAGTGACACCTACAAAGTG_002,137
CTAGTGACACCTACAAAGTG_003,91
CTAGTGACACCTACAAAGTG_004,15
CTAGTGACACCTACAAAGTG_005,159
CTAGTGACACCTACAAAGTG_006,43
CTAGTGACACCTACAAAGTG_007,168
CTAGTGACACCTACAAAGTG_008,98
GTTGGGGTAGAAAGCCACGT_001,137
GTTGGGGTAGAAAGCCACGT_002,17
GTTGGGGTAGAAAGCCACGT_003,141
GTTGGGGTAGAAAGCCACGT_004,155
GTTGGGGTAGAAAGCCACGT_005,195
GTTGGGGTAGAAAGCCACGT_006,80
GTTGGGGTAGAAAGCCACGT_007,114
GTTGGGGTAGAAAGCCACGT_008,58
GTTGGGGTAGAAAGCCACGT_009,161
TATGTCCATTAGCACAGGCT_001,134
TATGTCCATTAGCACAGGCT_002,162
TATGTCCATTAGCACAGGCT_003,29
TATGTCCATTAGCACAGGCT_004,171
TATGTCCATTAGCACAGGCT_005,137
TATGTCCATTAGCACAGGCT_006,41
TATGTCCATTAGCACAGGCT_007,163
TGGTATACACATAGCCACCA_001,134
TGGTATACACATAGCCACCA_002,60
TGGTATACACATAGCCACCA_003,190
TGGTATACACATAGCCACCA_004,185
GGTGTGGTTGCAAGACCCAT_001,158
GGTGTGGTTGCAAGACCCAT_002,137
GGTGTGGTTGCAAGACCCAT_003,153
GGTGTGGTTGCAAGACCCAT_004,55
GGTGTGGTTGCAAGACCCAT_005,48
GGTGTGGTTGCAAGACCCAT_006,104
GGTGTGGTTGCAAGACCCAT_007,2
GGTGTGGTTGCAAGACCCAT_008,107
GGTGTGGTTGCAAGACCCAT_009,121
GGTGTGGTTGCAAGACCCAT_010,53
GGTGTGGTTGCAAGACCCAT_011,134
TGTCCTGATGGATTTGACAC_001,45
TGTCCTGATGGATTTGACAC_002,15
TGTCCTGATGGATTTGACAC_003,50
TGTCCTGATGGATTTGACAC_004,76
TGTCCTGATGGATTTGACAC_005,22
TGTCCTGATGGATTTGACAC_006,77
TGTCCTGATGGATTTGACAC_007,43
TGTCCTGATGGATTTGACAC_008,63
TGTCCTGATGGATTTGACAC_009,149
TGTGACTGAACTCGCAGTGC_001,190
TGTGACTGAACTCGCAGTGC_002,161
TGTGACTGAACTCGCAGTGC_003,157
ACAGGCTCACCTGTTACACG_001,12
ACAGGCTCACCTGTTACACG_002,28
ACAGGCTCACCTGTTACACG_003,111
ACAGGCTCACCTGTTACACG_004,152
ACAGGCTCACCTGTTACACG_005,156
ACAGGCTCACCTGTTACACG_006,57
ACAGGCTCACCTGTTACACG_007,26
ACAGGCTCACCTGTTACACG_008,96
ACAGGCTCACCTGTTACACG_009,78
TGATCGGCCAAATCACACGT_001,40
TGATCGGCCAAATCACACGT_002,67
TGATCGGCCAAATCACACGT_003,88
TGATCGGCCAAATCACACGT_004,191
TGATCGGCCAAATCACACGT_005,19
TGATCGGCCAAATCACACGT_006,13
TGATCGGCCAAATCACACGT_007,67
TGATCGGCCAAATCACACGT_008,94
TGATCGGCCAAATCACACGT_009,68
TGATCGGCCAAATCACACGT_010,78
TGATCGGCCAAATCACACGT_011,61
TGATCGGCCAAATCACACGT_012,19
TGATCGGCCAAATCACACGT_013,124
TTGTTGCGAGATAAGTTAGG_001,96
TTGTTGCGAGATAAGTTAGG_002,49
TTGTTGCGAGATAAGTTAGG_003,96
TTGTTGCGAGATAAGTTAGG_004,95
ATGCCTTCAAATAGCCAATG_001,153
ATGCCTTCAAATAGCCAATG_002,197
ATGCCTTCAAATAGCCAATG_003,150
ATGCCTTCAAATAGCCAATG_004,191
ATGCCTTCAAATAGCCAATG_005,193
ATGCCTTCAAATAGCCAATG_006,45
ATGCCTTCAAATAGCCAATG_007,77
ATGCCTTCAAATAGCCAATG_008,160
ATGCCTTCAAATAGCCAATG_009,38
ATGCCTTCAAATAGCCAATG_010,184
ATGCCTTCAAATAGCCAATG_011,103
ATGCCTTCAAATAGCCAATG_012,180
ATGCCTTCAAATAGCCAATG_013,14
ATGCCTTCAAATAGCCAATG_014,43
CATATAGCGATCATAGCCCA_001,169
CATATAGCGATCATAGCCCA_002,43
CATATAGCGATCATAGCCCA_003,4
CATATAGCGATCATAGCCCA_004,165
GAAGGACACGCAGCTCCTGA_001,194
GAAGGACACGCAGCTCCTGA_002,115
GAAGGACACGCAGCTCCTGA_003,27
GAAGGACACGCAGCTCCTGA_004,94
GAAGGACACGCAGCTCCTGA_005,88
GAAGGACACGCAGCTCCTGA_006,2
GAAGGACACGCAGCTCCTGA_007,94
GAAGGACACGCAGCTCCTGA_008,8
GAAGGACACGCAGCTCCTGA_009,152
GAAGGACACGCAGCTCCTGA_010,175
GAAGGACACGCAGCTCCTGA_011,188
GAAGGACACGCAGCTCCTGA_012,3
GAAGGACACGCAGCTCCTGA_013,33
GTGACCTGGAAATCAGCCTC_001,88
GTGACCTGGAAATCAGCCTC_002,33
GTGACCTGGAAATCAGCCTC_003,45
GTGACCTGGAAATCAGCCTC_004,169
GTGACCTGGAAATCAGCCTC_005,48
GTGACCTGGAAATCAGCCTC_006,83
GTGACCTGGAAATCAGCCTC_007,143
GTGACCTGGAAATCAGCCTC_008,143
GTGACCTGGAAATCAGCCTC_009,41
GTGACCTGGAAATCAGCCTC_010,29
GTGACCTGGAAATCAGCCTC_011,144
GTGACCTGGAAATCAGCCTC_012,45
GTGACCTGGAAATCAGCCTC_013,40
GAGGTGGGCCCCACTATGGT_001,8
GAGGTGGGCCCCACTATGGT_002,43
GAGGTGGGCCCCACTATGGT_003,71
GAGGTGGGCCCCACTATGGT_004,75
GAGGTGGGCCCCACTATGGT_005,142
GAGGTGGGCCCCACTATGGT_006,66
GCCAAAGTTTACCAACTAGG_001,194
GCCAAAGTTTACCAACTAGG_002,156
GCCAAAGTTTACCAACTAGG_003,191
GCCAAAGTTTACCAACTAGG_004,62
GCCAAAGTTTACCAACTAGG_005,188
GCCAAAGTTTACCAACTAGG_006,60
GCCAAAGTTTACCAACTAGG_007,144
GGCCACCCCTTACTTCAATG_001,119
GGCCACCCCTTACTTCAATG_002,60
GGCCACCCCTTACTTCAATG_003,73
GGCCACCCCTTACTTCAATG_004,76
GGCCACCCCTTACTTCAATG_005,162
GGCCACCCCTTACTTCAATG_006,68
GGCCACCCCTTACTTCAATG_007,48
GGCCACCCCTTACTTCAATG_008,100
GGCCACCCCTTACTTCAATG_009,22
GGCCACCCCTTACTTCAATG_010,149
GGCCTCTAGTCGTACCCTAG_001,48
GGCCTCTAGTCGTACCCTAG_002,23
GGCCTCTAGTCGTACCCTAG_003,15
GGCCTCTAGTCGTACCCTAG_004,29
GGCCTCTAGTCGTACCCTAG_005,162
GGCCTCTAGTCGTACCCTAG_006,83
ATTAGCTACTTCACAGATTG_001,62
ATTAGCTACTTCACAGATTG_002,141
ATTAGCTACTTCACAGATTG_003,115
ATTAGCTACTTCACAGATTG_004,171
ATTAGCTACTTCACAGATTG_005,85
ATTAGCTACTTCACAGATTG_006,70
ATTAGCTACTTCACAGATTG_007,116
ATTAGCTACTTCACAGATTG_008,184
ATTAGCTACTTCACAGATTG_009,65
GGTGGCCCTACCCTATTCGA_001,181
GGTGGCCCTACCCTATTCGA_002,166
GGTGGCCCTACCCTATTCGA_003,183
GGTGGCCCTACCCTATTCGA_004,12
GGTGGCCCTACCCTATTCGA_005,33
GGTGGCCCTACCCTATTCGA_006,68
GGTGGCCCTACCCTATTCGA_007,167
GGTGGCCCTACCCTATTCGA_008,40
GGTGGCCCTACCCTATTCGA_009,88
GGTGGCCCTACCCTATTCGA_010,122
GGTGGCCCTACCCTATTCGA_011,98
GCCTACAAGAACGTGGTCGG_001,115
GCCTACAAGAACGTGGTCGG_002,83
GCCTACAAGAACGTGGTCGG_003,70
GCCTACAAGAACGTGGTCGG_004,88
GCCTACAAGAACGTGGTCGG_005,81
GCCTACAAGAACGTGGTCGG_006,6
GCCTACAAGAACGTGGTCGG_007,47
GCCTACAAGAACGTGGTCGG_008,144
GCCTACAAGAACGTGGTCGG_009,138
GCCTACAAGAACGTGGTCGG_010,184
GCCTACAAGAACGTGGTCGG_011,184
GCCTACAAGAACGTGGTCGG_012,126
GCCTACAAGAACGTGGTCGG_013,57
GCCTACAAGAACGTGGTCGG_014,68
GCCTACAAGAACGTGGTCGG_015,98
GCCTACAAGAACGTGGTCGG_016,120
GCCTACAAGAACGTGGTCGG_017,88
GCCTACAAGAACGTGGTCGG_018,1
AAAATGAGACCGGTTTCCTG_001,178
AAAATGAGACCGGTTTCCTG_002,157
AAAATGAGACCGGTTTCCTG_003,76
AAAATGAGACCGGTTTCCTG_004,62
AAAATGAGACCGGTTTCCTG_005,9
AAAATGAGACCGGTTTCCTG_006,62
AAAATGAGACCGGTTTCCTG_007,121
AAAATGAGACCGGTTTCCTG_008,56
AAAATGAGACCGGTTTCCTG_009,43
ATGAGCCAGGACACGTAGGG_001,19
ATGAGCCAGGACACGTAGGG_002,134
ATGAGCCAGGACACGTAGGG_003,33
ATGAGCCAGGACACGTAGGG_004,65
ATGAGCCAGGACACGTAGGG_005,161
ATGAGCCAGGACACGTAGGG_006,177
ATGAGCCAGGACACGTAGGG_007,95
CAGCAGGTGAAGCAGTCCCC_001,33
CAGCAGGTGAAGCAGTCCCC_002,137
CAGCAGGTGAAGCAGTCCCC_003,113
CAGCAGGTGAAGCAGTCCCC_004,101
CAGCAGGTGAAGCAGTCCCC_005,187
CCCCACAGATGGTTTCACGA_001,162
CCCCACAGATGGTTTCACGA_002,158
CCCCACAGATGGTTTCACGA_003,196
CCCCACAGATGGTTTCACGA_004,182
CCCCACAGATGGTTTCACGA_005,86
CCCCACAGATGGTTTCACGA_006,34
CCCCACAGATGGTTTCACGA_007,185
CCCCACAGATGGTTTCACGA_008,121
CCCCACAGATGGTTTCACGA_009,57
CCCCACAGATGGTTTCACGA_010,59
CCCCACAGATGGTTTCACGA_011,164
CCCCACAGATGGTTTCACGA_012,37
CCCCACAGATGGTTTCACGA_013,18
CCCCACAGATGGTTTCACGA_014,33
CGTGTTAGTGCTGCTCGGAT_001,46
CGTGTTAGTGCTGCTCGGAT_002,42
CGTGTTAGTGCTGCTCGGAT_003,144
CGTGTTAGTGCTGCTCGGAT_004,154
CGTGTTAGTGCTGCTCGGAT_005,72
CTTAGCTGACCGACAAGGTG_001,1
CTTAGCTGACCGACAAGGTG_002,17
CTTAGCTGACCGACAAGGTG_003,175
CTTAGCTGACCGACAAGGTG_004,183
CTTAGCTGACCGACAAGGTG_005,5
CTTAGCTGACCGACAAGGTG_006,44
CTTAGCTGACCGACAAGGTG_007,152
CTTAGCTGACCGACAAGGTG_008,148
CTTAGCTGACCGACAAGGTG_009,49
CTTAGCTGACCGACAAGGTG_010,115
CTTAGCTGACCGACAAGGTG_011,116
CTTAGCTGACCGACAAGGTG_012,48
CTTAGCTGACCGACAAGGTG_013,77
CTTAGCTGACCGACAAGGTG_014,133
CTTAGCTGACCGACAAGGTG_015,180
CTTAGCTGACCGACAAGGTG_016,191
CTTAGCTGACCGACAAGGTG_017,50
CTTAGCTGACCGACAAGGTG_018,182
CTTAGCTGACCGACAAGGTG_019,150
CTTAGCTGACCGACAAGGTG_020,185
CTTAGCTGACCGACAAGGTG_021,125
CTTAGCTGACCGACAAGGTG_022,150
CTTAGCTGACCGACAAGGTG_023,8
CTTAGCTGACCGACAAGGTG_024,63
CTTAGCTGACCGACAAGGTG_025,126
CTTAGCTGACCGACAAGGTG_026,138
CTTAGCTGACCGACAAGGTG_027,56
CTTAGCTGACCGACAAGGTG_028,9
CTTAGCTGACCGACAAGGTG_029,2
CTTAGCTGACCGACAAGGTG_030,175
CTTAGCTGACCGACAAGGTG_031,191
CTTAGCTGACCGACAAGGTG_032,191
CTTAGCTGACCGACAAGGTG_033,148
CTTAGCTGACCGACAAGGTG_034,19
CTTAGCTGACCGACAAGGTG_035,102
CTTAGCTGACCGACAAGGTG_036,80
CTTAGCTGACCGACAAGGTG_037,15
CTTAGCTGACCGACAAGGTG_038,132
CTTAGCTGACCGACAAGGTG_039,177
GCTGGACACCTCCTTAAGCT_001,83
GCTGGACACCTCCTTAAGCT_002,40
GAGGATGACTCTCATCTCGA_001,149
GAGGATGACTCTCATCTCGA_002,13
GAGGATGACTCTCATCTCGA_003,31
GAGGATGACTCTCATCTCGA_004,95
GAGGATGACTCTCATCTCGA_005,79
AGCTCCCGAAATGAGGACCA_001,193
AGCTCCCGAAATGAGGACCA_002,56
AGCTCCCGAAATGAGGACCA_003,104
AGCTCCCGAAATGAGGACCA_004,72
AGCTCCCGAAATGAGGACCA_005,177
AGCTCCCGAAATGAGGACCA_006,14
AGCTCCCGAAATGAGGACCA_007,160
AGCTCCCGAAATGAGGACCA_008,43
AGCTCCCGAAATGAGGACCA_009,7
AGCTCCCGAAATGAGGACCA_010,140
AGCTCCCGAAATGAGGACCA_011,149
AGCTCCCGAAATGAGGACCA_012,138
AGCTCCCGAAATGAGGACCA_013,34
AGCTCCCGAAATGAGGACCA_014,173
AGCTCCCGAAATGAGGACCA_015,0
AGCTCCCGAAATGAGGACCA_016,60
AGCTCCCGAAATGAGGACCA_017,2
AGCTCCCGAAATGAGGACCA_018,19
AGCTCCCGAAATGAGGACCA_019,19
AGCTCCCGAAATGAGGACCA_020,19
AGCTCCCGAAATGAGGACCA_021,28
AGCTCCCGAAATGAGGACCA_022,77
AGCTCCCGAAATGAGGACCA_023,6
AGCTCCCGAAATGAGGACCA_024,178
AGCTCCCGAAATGAGGACCA_025,175
AGCTCCCGAAATGAGGACCA_026,127
AGCTCCCGAAATGAGGACCA_027,48
AGCTCCCGAAATGAGGACCA_028,116
AGCTCCCGAAATGAGGACCA_029,49
AGCTCCCGAAATGAGGACCA_030,82
AGCTCCCGAAATGAGGACCA_031,162
AGCTCCCGAAATGAGGACCA_032,162
AGCTCCCGAAATGAGGACCA_033,169
AGCTCCCGAAATGAGGACCA_034,37
AGCTCCCGAAATGAGGACCA_035,28
AGCTCCCGAAATGAGGACCA_036,99
AGCTCCCGAAATGAGGACCA_037,189
AGCTCCCGAAATGAGGACCA_038,155
AGCTCCCGAAATGAGGACCA_039,12
AGCTCCCGAAATGAGGACCA_040,85
AGCTCCCGAAATGAGGACCA_041,138
AGCTCCCGAAATGAGGACCA_042,127
AGCTCCCGAAATGAGGACCA_043,39
AGCTCCCGAAATGAGGACCA_044,34
AGCTCCCGAAATGAGGACCA_045,188
AGCTCCCGAAATGAGGACCA_046,63
AGCTCCCGAAATGAGGACCA_047,80
AGCTCCCGAAATGAGGACCA_048,97
AGCTCCCGAAATGAGGACCA_049,125
AGACTGCGGCCAAATAGAGG_001,169
AGACTGCGGCCAAATAGAGG_002,15
AGACTGCGGCCAAATAGAGG_003,132
AGACTGCGGCCAAATAGAGG_004,95
AGACTGCGGCCAAATAGAGG_005,95
AGACTGCGGCCAAATAGAGG_006,174
AGACTGCGGCCAAATAGAGG_007,12
AGACTGCGGCCAAATAGAGG_008,157
AGACTGCGGCCAAATAGAGG_009,10
GATGTGGACATTTCTCAGCG_001,87
GATGTGGACATTTCTCAGCG_002,48
GATGTGGACATTTCTCAGCG_003,132
GATGTGGACATTTCTCAGCG_004,194
GATGTGGACATTTCTCAGCG_005,69
GGGCCTGGAGGAACAAGTCG_001,152
GGGCCTGGAGGAACAAGTCG_002,26
GGGCCTGGAGGAACAAGTCG_003,10
GGGCCTGGAGGAACAAGTCG_004,156
GGGCCTGGAGGAACAAGTCG_005,186
GGGCCTGGAGGAACAAGTCG_006,63
GGGCCTGGAGGAACAAGTCG_007,36
GGGCCTGGAGGAACAAGTCG_008,174
GGGCCTGGAGGAACAAGTCG_009,48
GGGCCTGGAGGAACAAGTCG_010,105
GGGCCTGGAGGAACAAGTCG_011,197
GGGCCTGGAGGAACAAGTCG_012,144
GGGCCTGGAGGAACAAGTCG_013,160
GGGCCTGGAGGAACAAGTCG_014,111
TTTCAGAGGCCATAGGAAGG_001,181
TTTCAGAGGCCATAGGAAGG_002,171
TTTCAGAGGCCATAGGAAGG_003,35
TTTCAGAGGCCATAGGAAGG_004,104
TTTCAGAGGCCATAGGAAGG_005,192
TTTCAGAGGCCATAGGAAGG_006,127
TTTCAGAGGCCATAGGAAGG_007,85
TTTCAGAGGCCATAGGAAGG_008,42
TTTCAGAGGCCATAGGAAGG_009,112
TTTCAGAGGCCATAGGAAGG_010,48
TGCTTGGAACCACATAATGC_001,174
TGCTTGGAACCACATAATGC_002,139
TGCTTGGAACCACATAATGC_003,160
CACCGGAGTCGGACTCGTCG_001,88
CACCGGAGTCGGACTCGTCG_002,147
CACCGGAGTCGGACTCGTCG_003,23
CACCGGAGTCGGACTCGTCG_004,60
CACCGGAGTCGGACTCGTCG_005,88
CACCGGAGTCGGACTCGTCG_006,125
CACCGGAGTCGGACTCGTCG_007,162
CACCGGAGTCGGACTCGTCG_008,10
CACCGGAGTCGGACTCGTCG_009,160
CACCGGAGTCGGACTCGTCG_010,140
CACCGGAGTCGGACTCGTCG_011,161
GCTCCAATTAGCTCCACTGT_001,176
GCTCCAATTAGCTCCACTGT_002,166
GCTCCAATTAGCTCCACTGT_003,45
GCTCCAATTAGCTCCACTGT_004,24
GCTCCAATTAGCTCCACTGT_005,2
GCTCCAATTAGCTCCACTGT_006,140
TTCAGACAGTGATGATTCCG_001,99
TTCAGACAGTGATGATTCCG_002,38
CCTGGGGGAGTCATCCGTCG_001,113
CCTGGGGGAGTCATCCGTCG_002,17
CCTGGGGGAGTCATCCGTCG_003,103
CCTGGGGGAGTCATCCGTCG_004,81
GTCATCTGGAAAATCAGGCT_001,158
GTCATCTGGAAAATCAGGCT_002,105
GTCATCTGGAAAATCAGGCT_003,174
GTCATCTGGAAAATCAGGCT_004,137
GTCATCTGGAAAATCAGGCT_005,34
GTCATCTGGAAAATCAGGCT_006,34
CTTTAAATTCATCAGTTGAG_001,115
CTTTAAATTCATCAGTTGAG_002,74
CTTTAAATTCATCAGTTGAG_003,98
CTTTAAATTCATCAGTTGAG_004,137
AACAAAGAAGACCACACACT_001,68
AACAAAGAAGACCACACACT_002,153
AACAAAGAAGACCACACACT_003,49
ATCATCGGGTTCTCTGTACA_001,118
ATCATCGGGTTCTCTGTACA_002,171
ATCATCGGGTTCTCTGTACA_003,41
ATCATCGGGTTCTCTGTACA_004,190
ATCATCGGGTTCTCTGTACA_005,5
ATCATCGGGTTCTCTGTACA_006,52
ATCATCGGGTTCTCTGTACA_007,37
ATCATCGGGTTCTCTGTACA_008,174
ATCATCGGGTTCTCTGTACA_009,185
ATCATCGGGTTCTCTGTACA_010,185
ATCATCGGGTTCTCTGTACA_011,36
ATCATCGGGTTCTCTGTACA_012,129
ATCATCGGGTTCTCTGTACA_013,92
ATCATCGGGTTCTCTGTACA_014,37
CCTCCAGGGACCCGCCACAC_001,160
CCTCCAGGGACCCGCCACAC_002,123
CCTCCAGGGACCCGCCACAC_003,111
CCTCCAGGGACCCGCCACAC_004,115
CCTCCAGGGACCCGCCACAC_005,169
CCTCCAGGGACCCGCCACAC_006,188
CCTCCAGGGACCCGCCACAC_007,60
CCTCCAGGGACCCGCCACAC_008,78
CCTCCAGGGACCCGCCACAC_009,184
CCTCCAGGGACCCGCCACAC_010,159
CCTCCAGGGACCCGCCACAC_011,163
CCTCCAGGGACCCGCCACAC_012,4
CCTCCAGGGACCCGCCACAC_013,147
CCTCCAGGGACCCGCCACAC_014,150
CCTCCAGGGACCCGCCACAC_015,160
CCTCCAGGGACCCGCCACAC_016,73
CCTCCAGGGACCCGCCACAC_017,140
CCTCCAGGGACCCGCCACAC_018,126
CCTCCAGGGACCCGCCACAC_019,31
CCTCCAGGGACCCGCCACAC_020,94
CCTCCAGGGACCCGCCACAC_021,43
CCTCCAGGGACCCGCCACAC_022,118
CCTCCAGGGACCCGCCACAC_023,168
CCTCCAGGGACCCGCCACAC_024,10
TAAAGAGACTGGATATGTAG_001,192
TAAAGAGACTGGATATGTAG_002,192
TAAAGAGACTGGATATGTAG_003,130
CCAGTGACAACATCGTGCGA_001,149
CCAGTGACAACATCGTGCGA_002,57
CCAGTGACAACATCGTGCGA_003,120
CCAGTGACAACATCGTGCGA_004,2
CCAGTGACAACATCGTGCGA_005,144
CCAGTGACAACATCGTGCGA_006,155
CCAGTGACAACATCGTGCGA_007,76
CCAGTGACAACATCGTGCGA_008,134
CCAGTGACAACATCGTGCGA_009,184
CCAGTGACAACATCGTGCGA_010,81
CCAGTGACAACATCGTGCGA_011,169
CCAGTGACAACATCGTGCGA_012,143
CCAGTGACAACATCGTGCGA_013,184
CCAGTGACAACATCGTGCGA_014,178
CCAGTGACAACATCGTGCGA_015,152
CCAGTGACAACATCGTGCGA_016,172
CCAGTGACAACATCGTGCGA_017,158
CCAGTGACAACATCGTGCGA_018,57
CCAGTGACAACATCGTGCGA_019,78
CCAGTGACAACATCGTGCGA_020,153
CCTGGTGGTCTACGGTTCAG_001,171
CCTGGTGGTCTACGGTTCAG_002,85
CCTGGTGGTCTACGGTTCAG_003,30
CCTGGTGGTCTACGGTTCAG_004,60
CCTGGTGGTCTACGGTTCAG_005,11
CCTGGTGGTCTACGGTTCAG_006,158
CCTGGTGGTCTACGGTTCAG_007,171
CCTGGTGGTCTACGGTTCAG_008,158
CCTGGTGGTCTACGGTTCAG_009,106
CCTGGTGGTCTACGGTTCAG_010,77
CCTGGTGGTCTACGGTTCAG_011,40
CCTGGTGGTCTACGGTTCAG_012,67
CCTGGTGGTCTACGGTTCAG_013,114
CCTGGTGGTCTACGGTTCAG_014,17
CCTGGTGGTCTACGGTTCAG_015,121
CCTGGTGGTCTACGGTTCAG_016,180
ATCTGAGAGAACGTTCCATG_001,20
ATCTGAGAGAACGTTCCATG_002,154
ATCTGAGAGAACGTTCCATG_003,32
ATCTGAGAGAACGTTCCATG_004,82
ATCTGAGAGAACGTTCCATG_005,78
ATCTGAGAGAACGTTCCATG_006,80
ATCTGAGAGAACGTTCCATG_007,144
ATCTGAGAGAACGTTCCATG_008,104
ATCTGAGAGAACGTTCCATG_009,131
ATCTGAGAGAACGTTCCATG_010,98
ATCTGAGAGAACGTTCCATG_011,48
ATCTGAGAGAACGTTCCATG_012,165
ATCTGAGAGAACGTTCCATG_013,34
ATCTGAGAGAACGTTCCATG_014,44
TATTCATATTTGCTTACCAT_001,48
TATTCATATTTGCTTACCAT_002,21
TATTCATATTTGCTTACCAT_003,11
CCTAACAGTACTCCTACGAG_001,20
GTGCGATGTCGCTTCAACGT_001,98
GTGCGATGTCGCTTCAACGT_002,144
GTGCGATGTCGCTTCAACGT_003,51
GTGCGATGTCGCTTCAACGT_004,116
GTGCGATGTCGCTTCAACGT_005,29
GTGCGATGTCGCTTCAACGT_006,29
GTGCGATGTCGCTTCAACGT_007,116
GTGCGATGTCGCTTCAACGT_008,2
GTGCGATGTCGCTTCAACGT_009,107
GTGCGATGTCGCTTCAACGT_010,69
GTGCGATGTCGCTTCAACGT_011,66
GTGCGATGTCGCTTCAACGT_012,1
GTGCGATGTCGCTTCAACGT_013,9
GTGCGATGTCGCTTCAACGT_014,130
GTGCGATGTCGCTTCAACGT_015,24
TGTACCACCATTTATAACAG_001,193
TGTACCACCATTTATAACAG_002,185
TGTACCACCATTTATAACAG_003,107
TGTACCACCATTTATAACAG_004,70
TGTACCACCATTTATAACAG_005,151
TTTATCGTACTTTGGAACGG_001,74
TTTATCGTACTTTGGAACGG_002,49
GGGCTCCGCGAGGAAAACGA_001,0
GGGCTCCGCGAGGAAAACGA_002,158
GGGCTCCGCGAGGAAAACGA_003,48
GGGCTCCGCGAGGAAAACGA_004,197
GGGCTCCGCGAGGAAAACGA_005,55
GGGCTCCGCGAGGAAAACGA_006,161
GGGCTCCGCGAGGAAAACGA_007,118
GGGCTCCGCGAGGAAAACGA_008,43
GGGCTCCGCGAGGAAAACGA_009,69
TATCGAGCGTACACCAATGG_001,44
TATCGAGCGTACACCAATGG_002,190
TATCGAGCGTACACCAATGG_003,191
TATCGAGCGTACACCAATGG_004,62
TATCGAGCGTACACCAATGG_005,1
ATGATGGGGAAGTCTTCAAG_001,7
ATGATGGGGAAGTCTTCAAG_002,170
ATGATGGGGAAGTCTTCAAG_003,4
ATGATGGGGAAGTCTTCAAG_004,80
ATGATGGGGAAGTCTTCAAG_005,76
ATGATGGGGAAGTCTTCAAG_006,135
ATGATGGGGAAGTCTTCAAG_007,148
ATGATGGGGAAGTCTTCAAG_008,131
ATGATGGGGAAGTCTTCAAG_009,197
ATGATGGGGAAGTCTTCAAG_010,118
ATGATGGGGAAGTCTTCAAG_011,48
ATGATGGGGAAGTCTTCAAG_012,74
AGTGGCTTTCTCGCTTCGCG_001,105
AGTGGCTTTCTCGCTTCGCG_002,83
AGTGGCTTTCTCGCTTCGCG_003,127
AGTGGCTTTCTCGCTTCGCG_004,157
AGTGGCTTTCTCGCTTCGCG_005,152
AGTGGCTTTCTCGCTTCGCG_006,49
AGTGGCTTTCTCGCTTCGCG_007,42
AGTGGCTTTCTCGCTTCGCG_008,137
AGTGGCTTTCTCGCTTCGCG_009,161
AGTGGCTTTCTCGCTTCGCG_010,49
AGTGGCTTTCTCGCTTCGCG_011,29
AGTGGCTTTCTCGCTTCGCG_012,63
AGTGGCTTTCTCGCTTCGCG_013,4
ACCACACGGTGCCATCCCAG_001,169
ACCACACGGTGCCATCCCAG_002,141
ACCACACGGTGCCATCCCAG_003,111
ACCACACGGTGCCATCCCAG_004,73
ACCACACGGTGCCATCCCAG_005,137
ACCACACGGTGCCATCCCAG_006,175
ACCACACGGTGCCATCCCAG_007,93
ACCACACGGTGCCATCCCAG_008,75
ACCACACGGTGCCATCCCAG_009,14
ACCACACGGTGCCATCCCAG_010,83
ACCACACGGTGCCATCCCAG_011,98
ACCACACGGTGCCATCCCAG_012,198
ACCACACGGTGCCATCCCAG_013,120
ACCACACGGTGCCATCCCAG_014,179
ACCACACGGTGCCATCCCAG_015,35
ACCACACGGTGCCATCCCAG_016,178
ACCACACGGTGCCATCCCAG_017,178
ACCACACGGTGCCATCCCAG_018,176
ACCACACGGTGCCATCCCAG_019,2
ACCACACGGTGCCATCCCAG_020,39
ACCACACGGTGCCATCCCAG_021,184
ACCACACGGTGCCATCCCAG_022,183
ACCACACGGTGCCATCCCAG_023,155
CGTACTTACCACCTGTGGCG_001,44
CGTACTTACCACCTGTGGCG_002,127
CGTACTTACCACCTGTGGCG_003,166
CGTACTTACCACCTGTGGCG_004,77
CGTACTTACCACCTGTGGCG_005,177
CGTACTTACCACCTGTGGCG_006,98
CGTACTTACCACCTGTGGCG_007,113
CGTACTTACCACCTGTGGCG_008,50
CGTACTTACCACCTGTGGCG_009,140
CGTACTTACCACCTGTGGCG_010,130
GGACAGAGCGATATTTGATG_001,58
GGACAGAGCGATATTTGATG_002,53
GGACAGAGCGATATTTGATG_003,113
GGACAGAGCGATATTTGATG_004,35
CCAGCTGAGGCGGCTACATG_001,33
CCAGCTGAGGCGGCTACATG_002,169
CCAGCTGAGGCGGCTACATG_003,121
CCAGCTGAGGCGGCTACATG_004,82
CCAGCTGAGGCGGCTACATG_005,112
CCAGCTGAGGCGGCTACATG_006,118
CCAGCTGAGGCGGCTACATG_007,183
CCAGCTGAGGCGGCTACATG_008,147
GACTATATTAGGATCAGTAG_001,149
GACTATATTAGGATCAGTAG_002,184
TTGATAAATTTGGGGTGGAA_001,94
TTGATAAATTTGGGGTGGAA_002,78
TTGATAAATTTGGGGTGGAA_003,28
TTGATAAATTTGGGGTGGAA_004,28
CTACAGTGATGACACACCTG_001,74
CTACAGTGATGACACACCTG_002,87
CTACAGTGATGACACACCTG_003,184
CTACAGTGATGACACACCTG_004,147
TGAAGGTCAATGGATCCACC_001,134
TGAAGGTCAATGGATCCACC_002,88
TGAAGGTCAATGGATCCACC_003,177
TGAAGGTCAATGGATCCACC_004,173
TGAAGGTCAATGGATCCACC_005,33
TGAAGGTCAATGGATCCACC_006,50
TGAAGGTCAATGGATCCACC_007,102
CAGGTTGGATCGTCAAACGC_001,1
CAGGTTGGATCGTCAAACGC_002,115
CAGGTTGGATCGTCAAACGC_003,134
CAGGTTGGATCGTCAAACGC_004,134
AGAAATGCAACAAACTTAAA_001,1
AAGAGTTCAAGACACGTCTG_001,120
AAGAGTTCAAGACACGTCTG_002,76
AAGAGTTCAAGACACGTCTG_003,174
AAGAGTTCAAGACACGTCTG_004,52
AAGAGTTCAAGACACGTCTG_005,175
AAGAGTTCAAGACACGTCTG_006,134
AAGAGTTCAAGACACGTCTG_007,170
AAGAGTTCAAGACACGTCTG_008,169
AAGAGTTCAAGACACGTCTG_009,158
AAGAGTTCAAGACACGTCTG_010,17
AAGAGTTCAAGACACGTCTG_011,40
AAGAGTTCAAGACACGTCTG_012,182
AAGAGTTCAAGACACGTCTG_013,98
AAGAGTTCAAGACACGTCTG_014,106
AAGAGTTCAAGACACGTCTG_015,10
ACGGCAATGGAACAGTACAA_001,85
ACGGCAATGGAACAGTACAA_002,171
ACGGCAATGGAACAGTACAA_003,61
ACGGCAATGGAACAGTACAA_004,78
ACGGCAATGGAACAGTACAA_005,96
ACGGCAATGGAACAGTACAA_006,58
ACGGCAATGGAACAGTACAA_007,54
ACGGCAATGGAACAGTACAA_008,190
ACGGCAATGGAACAGTACAA_009,158
ACGGCAATGGAACAGTACAA_010,15
AGTGCCAATGACAGACACCA_001,1
AGTGCCAATGACAGACACCA_002,88
AGTGCCAATGACAGACACCA_003,60
AGTGCCAATGACAGACACCA_004,116
AGTGCCAATGACAGACACCA_005,30
AGTGCCAATGACAGACACCA_006,86
AGTGCCAATGACAGACACCA_007,10
AGTGCCAATGACAGACACCA_008,32
AGTGCCAATGACAGACACCA_009,199
AGTGCCAATGACAGACACCA_010,77
ACATGTTGTTGCCTCTGACG_001,32
ACATGTTGTTGCCTCTGACG_002,162
ACATGTTGTTGCCTCTGACG_003,96
ACATGTTGTTGCCTCTGACG_004,24
ACATGTTGTTGCCTCTGACG_005,20
CGGGAGATCCCAGCTGAGCG_001,37
CGGGAGATCCCAGCTGAGCG_002,171
CGGGAGATCCCAGCTGAGCG_003,181
CGGGAGATCCCAGCTGAGCG_004,5
CGGGAGATCCCAGCTGAGCG_005,5
CGGGAGATCCCAGCTGAGCG_006,165
GCATTGGCAGTCTACTGCCA_001,85
GCATTGGCAGTCTACTGCCA_002,171
GCATTGGCAGTCTACTGCCA_003,177
GCATTGGCAGTCTACTGCCA_004,66
CAGATACGGACTCAGTGACT_001,77
CAGATACGGACTCAGTGACT_002,124
CATGATGCTCTCCTTATACG_001,62
CATGATGCTCTCCTTATACG_002,153
CATGATGCTCTCCTTATACG_003,116
CATGATGCTCTCCTTATACG_004,75
CATGATGCTCTCCTTATACG_005,103
GCACCAAGTTTCCATCCCAT_001,71
GCACCAAGTTTCCATCCCAT_002,147
GCACCAAGTTTCCATCCCAT_003,124
GCACCAAGTTTCCATCCCAT_004,171
GCACCAAGTTTCCATCCCAT_005,41
GCACCAAGTTTCCATCCCAT_006,88
GCACCAAGTTTCCATCCCAT_007,28
GCACCAAGTTTCCATCCCAT_008,60
GCACCAAGTTTCCATCCCAT_009,71
GCACCAAGTTTCCATCCCAT_010,15
GCACCAAGTTTCCATCCCAT_011,115
GCACCAAGTTTCCATCCCAT_012,72
GCACCAAGTTTCCATCCCAT_013,120
GCACCAAGTTTCCATCCCAT_014,133
GCTGGGAATTCATAGACACC_001,33
GCTGGGAATTCATAGACACC_002,69
AGACGCCAAGGCGCCCCGAG_001,29
AGACGCCAAGGCGCCCCGAG_002,57
AGACGCCAAGGCGCCCCGAG_003,108
AGACGCCAAGGCGCCCCGAG_004,90
AGACGCCAAGGCGCCCCGAG_005,4
AGACGCCAAGGCGCCCCGAG_006,196
TGGTACTTGGTCCAGTACTG_001,150
TGGTACTTGGTCCAGTACTG_002,7
TGGTACTTGGTCCAGTACTG_003,152
TGGTACTTGGTCCAGTACTG_004,8
TGGTACTTGGTCCAGTACTG_005,168
TGGTACTTGGTCCAGTACTG_006,118
TGGTACTTGGTCCAGTACTG_007,119
TGGTACTTGGTCCAGTACTG_008,148
CGAACGTCAGGCTAAGCTGG_001,60
CGAACGTCAGGCTAAGCTGG_002,149
CGAACGTCAGGCTAAGCTGG_003,166
CGAACGTCAGGCTAAGCTGG_004,94
CGAACGTCAGGCTAAGCTGG_005,98
CGAACGTCAGGCTAAGCTGG_006,60
CGAACGTCAGGCTAAGCTGG_007,166
CGAACGTCAGGCTAAGCTGG_008,166
CGAACGTCAGGCTAAGCTGG_009,58
CGAACGTCAGGCTAAGCTGG_010,94
CGAACGTCAGGCTAAGCTGG_011,82
CGAACGTCAGGCTAAGCTGG_012,7
CGAACGTCAGGCTAAGCTGG_013,85
CGAACGTCAGGCTAAGCTGG_014,19
CGAACGTCAGGCTAAGCTGG_015,113
CGAACGTCAGGCTAAGCTGG_016,3
CGAACGTCAGGCTAAGCTGG_017,192
CATGGACAGAACCCCAACTG_001,115
CATGGACAGAACCCCAACTG_002,161
CATGGACAGAACCCCAACTG_003,44
CATGGACAGAACCCCAACTG_004,19
CATGGACAGAACCCCAACTG_005,191
CATGGACAGAACCCCAACTG_006,105
CATGGACAGAACCCCAACTG_007,15
CATGGACAGAACCCCAACTG_008,156
CATGGACAGAACCCCAACTG_009,193
CATGGACAGAACCCCAACTG_010,145
CATGGACAGAACCCCAACTG_011,108
CATGGACAGAACCCCAACTG_012,188
CATGGACAGAACCCCAACTG_013,187
CATGGACAGAACCCCAACTG_014,198
CATGGACAGAACCCCAACTG_015,173
CATGGACAGAACCCCAACTG_016,131
CATGGACAGAACCCCAACTG_017,137
CATGGACAGAACCCCAACTG_018,56
GACAGCACTCTTACTAGCTC_001,1
GACAGCACTCTTACTAGCTC_002,68
GACAGCACTCTTACTAGCTC_003,42
GACAGCACTCTTACTAGCTC_004,62
GACAGCACTCTTACTAGCTC_005,50
TCATATACATACCTCCTCAG_001,19
TCATATACATACCTCCTCAG_002,94
TCATATACATACCTCCTCAG_003,10
ACAGTGATCACACTCCATGT_001,188
ACAGTGATCACACTCCATGT_002,100
ACAGTGATCACACTCCATGT_003,141
ACAGTGATCACACTCCATGT_004,35
ACAGTGATCACACTCCATGT_005,16
ACAGTGATCACACTCCATGT_006,188
ACAGTGATCACACTCCATGT_007,52
ACAGTGATCACACTCCATGT_008,116
ACAGTGATCACACTCCATGT_009,67
ACAGTGATCACACTCCATGT_010,172
ACACTGGGCTGGTGCGACGT_001,147
ACACTGGGCTGGTGCGACGT_002,12
ACACTGGGCTGGTGCGACGT_003,7
ACACTGGGCTGGTGCGACGT_004,41
ACACTGGGCTGGTGCGACGT_005,134
ACACTGGGCTGGTGCGACGT_006,175
ACACTGGGCTGGTGCGACGT_007,94
ACACTGGGCTGGTGCGACGT_008,165
ACACTGGGCTGGTGCGACGT_009,3
ACACTGGGCTGGTGCGACGT_010,70
ACATCTTTGTCATCGGCGTG_001,157
ACATCTTTGTCATCGGCGTG_002,126
ACATCTTTGTCATCGGCGTG_003,48
ACATCTTTGTCATCGGCGTG_004,127
ACATCTTTGTCATCGGCGTG_005,120
ACATCTTTGTCATCGGCGTG_006,109
ACATCTTTGTCATCGGCGTG_007,23
ACATCTTTGTCATCGGCGTG_008,25
ACATCTTTGTCATCGGCGTG_009,82
ACATCTTTGTCATCGGCGTG_010,76
ACATCTTTGTCATCGGCGTG_011,174
ACATCTTTGTCATCGGCGTG_012,88
CACCAGCTGAAGACACCGGA_001,105
CACCAGCTGAAGACACCGGA_002,29
CACCAGCTGAAGACACCGGA_003,7
CACCAGCTGAAGACACCGGA_004,138
CACCAGCTGAAGACACCGGA_005,13
CACCAGCTGAAGACACCGGA_006,55
CACCAGCTGAAGACACCGGA_007,49
CACCAGCTGAAGACACCGGA_008,147
CACCAGCTGAAGACACCGGA_009,22
CACCAGCTGAAGACACCGGA_010,141
CACCAGCTGAAGACACCGGA_011,147
CACCAGCTGAAGACACCGGA_012,194
CACCAGCTGAAGACACCGGA_013,109
CACCAGCTGAAGACACCGGA_014,43
CACCAGCTGAAGACACCGGA_015,64
CACCAGCTGAAGACACCGGA_016,58
CACCAGCTGAAGACACCGGA_017,146
CACCAGCTGAAGACACCGGA_018,3
CACCAGCTGAAGACACCGGA_019,178
CACCAGCTGAAGACACCGGA_020,177
CACCAGCTGAAGACACCGGA_021,124
CACCAGCTGAAGACACCGGA_022,58
AGTGTGGGGTCGATACTGCG_001,42
AGTGTGGGGTCGATACTGCG_002,83
AGTGTGGGGTCGATACTGCG_003,16
AGTGTGGGGTCGATACTGCG_004,175
AGTGTGGGGTCGATACTGCG_005,53
AGTGTGGGGTCGATACTGCG_006,110
AGTGTGGGGTCGATACTGCG_007,166
AGTGTGGGGTCGATACTGCG_008,171
AGTGTGGGGTCGATACTGCG_009,96
AGTGTGGGGTCGATACTGCG_010,50
AGTGTGGGGTCGATACTGCG_011,115
AGTGTGGGGTCGATACTGCG_012,79
AGTGTGGGGTCGATACTGCG_013,50
AGTGTGGGGTCGATACTGCG_014,46
AGTGTGGGGTCGATACTGCG_015,172
AGTGTGGGGTCGATACTGCG_016,19
AGTGTGGGGTCGATACTGCG_017,116
AGTGTGGGGTCGATACTGCG_018,140
AGTGTGGGGTCGATACTGCG_019,192
AGTGTGGGGTCGATACTGCG_020,115
AGTGTGGGGTCGATACTGCG_021,118
AGTGTGGGGTCGATACTGCG_022,66
AGTGTGGGGTCGATACTGCG_023,43
AGTGTGGGGTCGATACTGCG_024,107
AGTGTGGGGTCGATACTGCG_025,9
AGTGTGGGGTCGATACTGCG_026,136
AGTGTGGGGTCGATACTGCG_027,173
AGTGTGGGGTCGATACTGCG_028,173
AGTGTGGGGTCGATACTGCG_029,53
AGTGTGGGGTCGATACTGCG_030,91
AGTGTGGGGTCGATACTGCG_031,119
AGTGTGGGGTCGATACTGCG_032,123
GGAAGAGATCTCGGTCCAAG_001,113
TAGCACCTTGTACACATACA_001,189
TAGCACCTTGTACACATACA_002,198
TAGCACCTTGTACACATACA_003,48
TAGCACCTTGTACACATACA_004,58
TAGCACCTTGTACACATACA_005,60
TAGCACCTTGTACACATACA_006,88
TAGCACCTTGTACACATACA_007,157
AGCTCAAGGAGTCTTGCATC_001,52
AGCTCAAGGAGTCTTGCATC_002,64
AGCTCAAGGAGTCTTGCATC_003,50
AGCTCAAGGAGTCTTGCATC_004,9
AGCTCAAGGAGTCTTGCATC_005,10
CCGGTGCTGAAGACTAACGC_001,27
CCGGTGCTGAAGACTAACGC_002,147
CCGGTGCTGAAGACTAACGC_003,147
CCGGTGCTGAAGACTAACGC_004,78
CCGGTGCTGAAGACTAACGC_005,61
CCGGTGCTGAAGACTAACGC_006,63
AAGAAACAACAAGATGTGCT_001,70
AAGAAACAACAAGATGTGCT_002,27
AAGAAACAACAAGATGTGCT_003,10
AAGAAACAACAAGATGTGCT_004,36
AAGAAACAACAAGATGTGCT_005,143
AAGAAACAACAAGATGTGCT_006,67
AAGAAACAACAAGATGTGCT_007,128
AAGAAACAACAAGATGTGCT_008,78
AAGAAACAACAAGATGTGCT_009,69
AAGAAACAACAAGATGTGCT_010,147
AAGAAACAACAAGATGTGCT_011,198
AAGAAACAACAAGATGTGCT_012,140
AAGAAACAACAAGATGTGCT_013,117
AAGAAACAACAAGATGTGCT_014,110
AAGAAACAACAAGATGTGCT_015,107
AAGAAACAACAAGATGTGCT_016,170
AAGAAACAACAAGATGTGCT_017,172
CGGAGAGAAAAGGGCGACGG_001,50
CGGAGAGAAAAGGGCGACGG_002,191
CGGAGAGAAAAGGGCGACGG_003,138
CGGAGAGAAAAGGGCGACGG_004,63
CGGAGAGAAAAGGGCGACGG_005,94
CGGAGAGAAAAGGGCGACGG_006,40
CGGAGAGAAAAGGGCGACGG_007,142
CGGAGAGAAAAGGGCGACGG_008,2
CGGAGAGAAAAGGGCGACGG_009,155
CGGAGAGAAAAGGGCGACGG_010,197
CGGAGAGAAAAGGGCGACGG_011,129
CGGAGAGAAAAGGGCGACGG_012,129
CGGAGAGAAAAGGGCGACGG_013,127
CGGAGAGAAAAGGGCGACGG_014,195
CGGAGAGAAAAGGGCGACGG_015,76
CGGAGAGAAAAGGGCGACGG_016,127
CGGAGAGAAAAGGGCGACGG_017,8
CGGAGAGAAAAGGGCGACGG_018,184
CGGAGAGAAAAGGGCGACGG_019,41
CGGAGAGAAAAGGGCGACGG_020,144
CGGAGAGAAAAGGGCGACGG_021,149
CGGAGAGAAAAGGGCGACGG_022,24
CGGAGAGAAAAGGGCGACGG_023,109
CGGAGAGAAAAGGGCGACGG_024,28
CGGAGAGAAAAGGGCGACGG_025,97
CGGAGAGAAAAGGGCGACGG_026,145
CGTAGGACGCATAGAGCTCG_001,10
CGTAGGACGCATAGAGCTCG_002,157
CGTAGGACGCATAGAGCTCG_003,127
CGTAGGACGCATAGAGCTCG_004,168
ATTCTAGAGTATGCCCCCCG_001,160
ATTCTAGAGTATGCCCCCCG_002,148
GAGACAGATTACTGTCCGAG_001,121
GAGACAGATTACTGTCCGAG_002,104
GAGACAGATTACTGTCCGAG_003,142
GAGACAGATTACTGTCCGAG_004,15
CCCTTTATTGACGTCAAACC_001,191
GCATGAAACTTACCTCACAA_001,57
GCATGAAACTTACCTCACAA_002,11
GCATGAAACTTACCTCACAA_003,8
GCATGAAACTTACCTCACAA_004,82
GCATGAAACTTACCTCACAA_005,163
GCATGAAACTTACCTCACAA_006,53
GCATGAAACTTACCTCACAA_007,92
GCATGAAACTTACCTCACAA_008,168
GCATGAAACTTACCTCACAA_009,56
GCATGAAACTTACCTCACAA_010,67
GCATGAAACTTACCTCACAA_011,172
GCATGAAACTTACCTCACAA_012,84
GCATGAAACTTACCTCACAA_013,185
GCATGAAACTTACCTCACAA_014,185
GCATGAAACTTACCTCACAA_015,169
GCATGAAACTTACCTCACAA_016,12
GCATGAAACTTACCTCACAA_017,6
GCATGAAACTTACCTCACAA_018,34
GCTTTAGCCACATTGTGTGG_001,1
TAGCAGGCAATAGTGAACAA_001,24
TAGCAGGCAATAGTGAACAA_002,93
TAGCAGGCAATAGTGAACAA_003,150
TAGCAGGCAATAGTGAACAA_004,107
TCGCAGCTATCGAACAGGAG_001,99
TCGCAGCTATCGAACAGGAG_002,112
TCGCAGCTATCGAACAGGAG_003,194
TCGCAGCTATCGAACAGGAG_004,98
TCGCAGCTATCGAACAGGAG_005,50
TCGCAGCTATCGAACAGGAG_006,151
TCGCAGCTATCGAACAGGAG_007,191
TCGCAGCTATCGAACAGGAG_008,55
TCGCAGCTATCGAACAGGAG_009,9
CTGCGCCTTCTGCTGCTCGG_001,128
CTGCGCCTTCTGCTGCTCGG_002,42
CTGCGCCTTCTGCTGCTCGG_003,8
CTGCGCCTTCTGCTGCTCGG_004,14
CTGCGCCTTCTGCTGCTCGG_005,5
CTGCGCCTTCTGCTGCTCGG_006,63
CTGCGCCTTCTGCTGCTCGG_007,178
CTGCGCCTTCTGCTGCTCGG_008,168
CTGCGCCTTCTGCTGCTCGG_009,39
CATCTGTGTAGGTCTTCACA_001,81
CATCTGTGTAGGTCTTCACA_002,41
CATCTGTGTAGGTCTTCACA_003,113
CATCTGTGTAGGTCTTCACA_004,60
CATCTGTGTAGGTCTTCACA_005,179
CATCTGTGTAGGTCTTCACA_006,151
CATCTGTGTAGGTCTTCACA_007,101
CATCTGTGTAGGTCTTCACA_008,65
CATCTGTGTAGGTCTTCACA_009,33
GAATATTCTTTGGACACGAG_001,85
GAATATTCTTTGGACACGAG_002,132
GAATATTCTTTGGACACGAG_003,130
GAATATTCTTTGGACACGAG_004,88
GAATATTCTTTGGACACGAG_005,186
GAATATTCTTTGGACACGAG_006,131
GAATATTCTTTGGACACGAG_007,90
GAATATTCTTTGGACACGAG_008,35
CCTTCGAAGGCCAAACCTGG_001,198
CCTTCGAAGGCCAAACCTGG_002,183
CCTTCGAAGGCCAAACCTGG_003,106
CCTTCGAAGGCCAAACCTGG_004,198
CCTTCGAAGGCCAAACCTGG_005,118
CCTTCGAAGGCCAAACCTGG_006,86
CCTTCGAAGGCCAAACCTGG_007,147
CCTTCGAAGGCCAAACCTGG_008,52
CCTTCGAAGGCCAAACCTGG_009,109
CCTTCGAAGGCCAAACCTGG_010,27
CCTTCGAAGGCCAAACCTGG_011,28
CCTTCGAAGGCCAAACCTGG_012,188
CCTTCGAAGGCCAAACCTGG_013,88
CCTTCGAAGGCCAAACCTGG_014,140
CCTTCGAAGGCCAAACCTGG_015,44
CCTTCGAAGGCCAAACCTGG_016,127
CCTTCGAAGGCCAAACCTGG_017,2
CCTTCGAAGGCCAAACCTGG_018,1
CCTTCGAAGGCCAAACCTGG_019,52
CCTTCGAAGGCCAAACCTGG_020,136
CCTTCGAAGGCCAAACCTGG_021,27
CCTTCGAAGGCCAAACCTGG_022,78
CCTTCGAAGGCCAAACCTGG_023,2
ATCACACAGGTCGTGAACAA_001,127
ATCACACAGGTCGTGAACAA_002,53
ATCACACAGGTCGTGAACAA_003,25
ATCACACAGGTCGTGAACAA_004,194
ATCACACAGGTCGTGAACAA_005,115
ATCACACAGGTCGTGAACAA_006,113
ATCACACAGGTCGTGAACAA_007,190
ATCACACAGGTCGTGAACAA_008,26
ATCACACAGGTCGTGAACAA_009,5
ATCACACAGGTCGTGAACAA_010,29
ATCACACAGGTCGTGAACAA_011,150
ATCACACAGGTCGTGAACAA_012,197
CAAGTACAGTTGATACCGTG_001,42
CAAGTACAGTTGATACCGTG_002,174
CAAGTACAGTTGATACCGTG_003,85
CAAGTACAGTTGATACCGTG_004,145
CAAGTACAGTTGATACCGTG_005,56
CAAGTACAGTTGATACCGTG_006,148
AGTACTTCACAGGTCAGAGT_001,145
AGTACTTCACAGGTCAGAGT_002,43
AGTACTTCACAGGTCAGAGT_003,190
AGTACTTCACAGGTCAGAGT_004,28
AGTACTTCACAGGTCAGAGT_005,18
AGTACTTCACAGGTCAGAGT_006,88
AGTACTTCACAGGTCAGAGT_007,17
AGTACTTCACAGGTCAGAGT_008,162
AGTACTTCACAGGTCAGAGT_009,148
ATGTGTGTCAACTACGTTGG_001,172
ATGTGTGTCAACTACGTTGG_002,84
ATGTGTGTCAACTACGTTGG_003,47
ATGTGTGTCAACTACGTTGG_004,162
ATGTGTGTCAACTACGTTGG_005,4
CTGAGATGCTAAGCCCACGG_001,154
CTGAGATGCTAAGCCCACGG_002,19
CTGAGATGCTAAGCCCACGG_003,105
CTGAGATGCTAAGCCCACGG_004,160
CTGAGATGCTAAGCCCACGG_005,9
CTGAGATGCTAAGCCCACGG_006,9
CTGAGATGCTAAGCCCACGG_007,30
CTGAGATGCTAAGCCCACGG_008,82
CTGAGATGCTAAGCCCACGG_009,144
CTGAGATGCTAAGCCCACGG_010,175
CTGAGATGCTAAGCCCACGG_011,82
CTGAGATGCTAAGCCCACGG_012,41
CTGAGATGCTAAGCCCACGG_013,127
CTGAGATGCTAAGCCCACGG_014,190
CTGAGATGCTAAGCCCACGG_015,130
CTGAGATGCTAAGCCCACGG_016,134
CTGAGATGCTAAGCCCACGG_017,43
CTGAGATGCTAAGCCCACGG_018,158
CTGAGATGCTAAGCCCACGG_019,55
CTGAGATGCTAAGCCCACGG_020,127
CTGAGATGCTAAGCCCACGG_021,17
CTGAGATGCTAAGCCCACGG_022,135
TTCATTAACTTACCTACTGT_001,94
TTCATTAACTTACCTACTGT_002,9
AGGATCCTGACAAGGCGCGG_001,94
AGGATCCTGACAAGGCGCGG_002,98
AGGATCCTGACAAGGCGCGG_003,158
AGGATCCTGACAAGGCGCGG_004,66
AGGATCCTGACAAGGCGCGG_005,191
AGGATCCTGACAAGGCGCGG_006,52
AGGATCCTGACAAGGCGCGG_007,193
AGGATCCTGACAAGGCGCGG_008,62
AGGATCCTGACAAGGCGCGG_009,39
AGGATCCTGACAAGGCGCGG_010,42
AGGATCCTGACAAGGCGCGG_011,166
AGGATCCTGACAAGGCGCGG_012,185
AGGATCCTGACAAGGCGCGG_013,158
AGGATCCTGACAAGGCGCGG_014,147
AGGATCCTGACAAGGCGCGG_015,83
AGGATCCTGACAAGGCGCGG_016,2
AGGATCCTGACAAGGCGCGG_017,32
AGGATCCTGACAAGGCGCGG_018,41
AGGATCCTGACAAGGCGCGG_019,178
AGGATCCTGACAAGGCGCGG_020,2
AGGATCCTGACAAGGCGCGG_021,126
AGGATCCTGACAAGGCGCGG_022,144
AGGATCCTGACAAGGCGCGG_023,127
AGGATCCTGACAAGGCGCGG_024,96
AGGATCCTGACAAGGCGCGG_025,160
AGGATCCTGACAAGGCGCGG_026,146
AGGATCCTGACAAGGCGCGG_027,141
AGGATCCTGACAAGGCGCGG_028,45
AGGATCCTGACAAGGCGCGG_029,51
AGGATCCTGACAAGGCGCGG_030,177
AGGATCCTGACAAGGCGCGG_031,162
AGGATCCTGACAAGGCGCGG_032,150
AGGATCCTGACAAGGCGCGG_033,148
AGGATCCTGACAAGGCGCGG_034,170
AGGATCCTGACAAGGCGCGG_035,178
AGGATCCTGACAAGGCGCGG_036,138
AGGATCCTGACAAGGCGCGG_037,22
CTGCCTCGCATCCAACAAGG_001,23
CTGCCTCGCATCCAACAAGG_002,184
CTGCCTCGCATCCAACAAGG_003,102
CTGCCTCGCATCCAACAAGG_004,81
CCCCAAACTGCTATACCGCG_001,135
CCCCAAACTGCTATACCGCG_002,43
CCCCAAACTGCTATACCGCG_003,114
ACAGGAAGTGACACATTCGA_001,10
ACAGGAAGTGACACATTCGA_002,116
ACAGGAAGTGACACATTCGA_003,158
ACAGGAAGTGACACATTCGA_004,108
ACAGGAAGTGACACATTCGA_005,108
ACGCTCTCCTGGCAACAAGT_001,53
ACGCTCTCCTGGCAACAAGT_002,48
ACGCTCTCCTGGCAACAAGT_003,88
ACGCTCTCCTGGCAACAAGT_004,15
ACGCTCTCCTGGCAACAAGT_005,87
ACGCTCTCCTGGCAACAAGT_006,77
ACGCTCTCCTGGCAACAAGT_007,106
ACGCTCTCCTGGCAACAAGT_008,76
ACGCTCTCCTGGCAACAAGT_009,169
ACGCTCTCCTGGCAACAAGT_010,138
ACGCTCTCCTGGCAACAAGT_011,148
ACGCTCTCCTGGCAACAAGT_012,17
ACGCTCTCCTGGCAACAAGT_013,155
ACGCTCTCCTGGCAACAAGT_014,97
ACGCTCTCCTGGCAACAAGT_015,135
ACGCTCTCCTGGCAACAAGT_016,19
ACGCTCTCCTGGCAACAAGT_017,18
ACGCTCTCCTGGCAACAAGT_018,112
ACGCTCTCCTGGCAACAAGT_019,175
ACGCTCTCCTGGCAACAAGT_020,140
ACGCTCTCCTGGCAACAAGT_021,12
ACGCTCTCCTGGCAACAAGT_022,88
ACGCTCTCCTGGCAACAAGT_023,8
ACGCTCTCCTGGCAACAAGT_024,169
ACGCTCTCCTGGCAACAAGT_025,48
ACGCTCTCCTGGCAACAAGT_026,63
ACGCTCTCCTGGCAACAAGT_027,12
ACGCTCTCCTGGCAACAAGT_028,56
ACGCTCTCCTGGCAACAAGT_029,174
ACGCTCTCCTGGCAACAAGT_030,81
ACGCTCTCCTGGCAACAAGT_031,17
ACGCTCTCCTGGCAACAAGT_032,137
ACGCTCTCCTGGCAACAAGT_033,48
ACGCTCTCCTGGCAACAAGT_034,165
ACGCTCTCCTGGCAACAAGT_035,138
ACGCTCTCCTGGCAACAAGT_036,17
ACGCTCTCCTGGCAACAAGT_037,23
ACGCTCTCCTGGCAACAAGT_038,76
ACGCTCTCCTGGCAACAAGT_039,172
AAATGTCTCCCAATGAGTGA_001,140
AAATGTCTCCCAATGAGTGA_002,118
AAATGTCTCCCAATGAGTGA_003,88
AAATGTCTCCCAATGAGTGA_004,24
AAATGTCTCCCAATGAGTGA_005,69
AAATGTCTCCCAATGAGTGA_006,138
AAATGTCTCCCAATGAGTGA_007,9
AAATGTCTCCCAATGAGTGA_008,81
AAATGTCTCCCAATGAGTGA_009,92
AAATGTCTCCCAATGAGTGA_010,177
AAATGTCTCCCAATGAGTGA_011,152
AAATGTCTCCCAATGAGTGA_012,174
ACAAAACCATCTCCTATGTG_001,53
ACAAAACCATCTCCTATGTG_002,34
ACAAAACCATCTCCTATGTG_003,21
ACAAAACCATCTCCTATGTG_004,115
ACAAAACCATCTCCTATGTG_005,160
ACAAAACCATCTCCTATGTG_006,144
GCTGCTGAGGTGTCTACCTG_001,49
GCTGCTGAGGTGTCTACCTG_002,199
GCTGCTGAGGTGTCTACCTG_003,127
GCTGCTGAGGTGTCTACCTG_004,188
GCTGCTGAGGTGTCTACCTG_005,170
GCTGCTGAGGTGTCTACCTG_006,169
GCTGCTGAGGTGTCTACCTG_007,81
GCTGCTGAGGTGTCTACCTG_008,36
GCTGCTGAGGTGTCTACCTG_009,189
GCTGCTGAGGTGTCTACCTG_010,156
GCTGCTGAGGTGTCTACCTG_011,149
GCTGCTGAGGTGTCTACCTG_012,76
GCTGCTGAGGTGTCTACCTG_013,88
GCTGCTGAGGTGTCTACCTG_014,144
GCTGCTGAGGTGTCTACCTG_015,73
GCTGCTGAGGTGTCTACCTG_016,46
GCTGCTGAGGTGTCTACCTG_017,191
GCTGCTGAGGTGTCTACCTG_018,88
GCTGCTGAGGTGTCTACCTG_019,138
GCTGCTGAGGTGTCTACCTG_020,67
GGTCCACGTGCACTTCAAGG_001,133
GGTCCACGTGCACTTCAAGG_002,60
GGTCCACGTGCACTTCAAGG_003,41
GGTCCACGTGCACTTCAAGG_004,194
GGTCCACGTGCACTTCAAGG_005,41
GGTCCACGTGCACTTCAAGG_006,65
GGTCCACGTGCACTTCAAGG_007,67
GGTCCACGTGCACTTCAAGG_008,179
GGTCCACGTGCACTTCAAGG_009,197
GGTCCACGTGCACTTCAAGG_010,2
GGTCCACGTGCACTTCAAGG_011,7
GGTCCACGTGCACTTCAAGG_012,7
GGTCCACGTGCACTTCAAGG_013,168
GGTCCACGTGCACTTCAAGG_014,188
GGTCCACGTGCACTTCAAGG_015,175
GGTCCACGTGCACTTCAAGG_016,23
GTACTGATCAACACGCCCCC_001,23
GTACTGATCAACACGCCCCC_002,62
GTACTGATCAACACGCCCCC_003,100
GTACTGATCAACACGCCCCC_004,70
GAATATAAAGAGACATGAGA_001,114
GAATATAAAGAGACATGAGA_002,1
GAATATAAAGAGACATGAGA_003,98
GAATATAAAGAGACATGAGA_004,83
GAATATAAAGAGACATGAGA_005,178
AGATGACGAGGATTAGAGGT_001,132
AGATGACGAGGATTAGAGGT_002,198
AGATGACGAGGATTAGAGGT_003,33
AGATGACGAGGATTAGAGGT_004,27
AGATGACGAGGATTAGAGGT_005,69
AGATGACGAGGATTAGAGGT_006,120
AGATGACGAGGATTAGAGGT_007,77
AGATGACGAGGATTAGAGGT_008,35
AGATGACGAGGATTAGAGGT_009,116
AGATGACGAGGATTAGAGGT_010,149
AGATGACGAGGATTAGAGGT_011,62
AGATGACGAGGATTAGAGGT_012,173
AGATGACGAGGATTAGAGGT_013,170
AGATGACGAGGATTAGAGGT_014,40
AGATGACGAGGATTAGAGGT_015,171
AGATGACGAGGATTAGAGGT_016,190
AGATGACGAGGATTAGAGGT_017,94
AGATGACGAGGATTAGAGGT_018,116
AGATGACGAGGATTAGAGGT_019,81
AGATGACGAGGATTAGAGGT_020,184
AGATGACGAGGATTAGAGGT_021,160
AGATGACGAGGATTAGAGGT_022,36
AGATGACGAGGATTAGAGGT_023,112
TAAGCCTCATGAAGGAGGGG_001,72
TAAGCCTCATGAAGGAGGGG_002,7
TAAGCCTCATGAAGGAGGGG_003,166
TAAGCCTCATGAAGGAGGGG_004,198
TAAGCCTCATGAAGGAGGGG_005,136
TAAGCCTCATGAAGGAGGGG_006,9
TAAGCCTCATGAAGGAGGGG_007,108
TAAGCCTCATGAAGGAGGGG_008,64
TAAGCCTCATGAAGGAGGGG_009,166
TAAGCCTCATGAAGGAGGGG_010,81
TAAGCCTCATGAAGGAGGGG_011,91
TAAGCCTCATGAAGGAGGGG_012,74
TAAGCCTCATGAAGGAGGGG_013,154
TAAGCCTCATGAAGGAGGGG_014,94
TAAGCCTCATGAAGGAGGGG_015,94
TAAGCCTCATGAAGGAGGGG_016,3
TAAGCCTCATGAAGGAGGGG_017,135
TAAGCCTCATGAAGGAGGGG_018,80
TAAGCCTCATGAAGGAGGGG_019,134
TAAGCCTCATGAAGGAGGGG_020,22
TAAGCCTCATGAAGGAGGGG_021,82
TAAGCCTCATGAAGGAGGGG_022,52
TAAGCCTCATGAAGGAGGGG_023,63
TAAGCCTCATGAAGGAGGGG_024,19
TAAGCCTCATGAAGGAGGGG_025,24
TAAGCCTCATGAAGGAGGGG_026,145
TAAGCCTCATGAAGGAGGGG_027,56
CAGCAGAAAGCAGACCCTTG_001,175
CAGCAGAAAGCAGACCCTTG_002,19
CAGCAGAAAGCAGACCCTTG_003,1
CAGCAGAAAGCAGACCCTTG_004,2
CAGCAGAAAGCAGACCCTTG_005,127
CAGCAGAAAGCAGACCCTTG_006,130
CAGCAGAAAGCAGACCCTTG_007,11
CAGCAGAAAGCAGACCCTTG_008,132
CAGCAGAAAGCAGACCCTTG_009,146
CAGCAGAAAGCAGACCCTTG_010,108
CAGCAGAAAGCAGACCCTTG_011,100
CAGCAGAAAGCAGACCCTTG_012,144
CAGCAGAAAGCAGACCCTTG_013,60
CAGCAGAAAGCAGACCCTTG_014,104
GCAGATAAGCCACTCCTGGG_001,192
GCAGATAAGCCACTCCTGGG_002,102
GCAGATAAGCCACTCCTGGG_003,60
GCAGATAAGCCACTCCTGGG_004,15
GCAGATAAGCCACTCCTGGG_005,126
GCAGATAAGCCACTCCTGGG_006,65
GCAGATAAGCCACTCCTGGG_007,73
GCAGATAAGCCACTCCTGGG_008,177
GCAGATAAGCCACTCCTGGG_009,28
GCAGATAAGCCACTCCTGGG_010,74
GCAGATAAGCCACTCCTGGG_011,141
GCAGATAAGCCACTCCTGGG_012,138
GCAGATAAGCCACTCCTGGG_013,77
GCAGATAAGCCACTCCTGGG_014,169
GCAGATAAGCCACTCCTGGG_015,85
GCAGATAAGCCACTCCTGGG_016,158
GCAGATAAGCCACTCCTGGG_017,197
GCAGATAAGCCACTCCTGGG_018,71
GCAGATAAGCCACTCCTGGG_019,117
GCAGATAAGCCACTCCTGGG_020,146
GCAGATAAGCCACTCCTGGG_021,167
TATGATCATAAATCTAGACA_001,5
TATGATCATAAATCTAGACA_002,11
CCAGACTGGCTAAAACGCTG_001,24
CCAGACTGGCTAAAACGCTG_002,163
CCAGACTGGCTAAAACGCTG_003,66
CCAGACTGGCTAAAACGCTG_004,48
CCAGACTGGCTAAAACGCTG_005,63
CCAGACTGGCTAAAACGCTG_006,56
CCAGACTGGCTAAAACGCTG_007,170
CCAGACTGGCTAAAACGCTG_008,154
CCAGACTGGCTAAAACGCTG_009,164
CCAGACTGGCTAAAACGCTG_010,164
CCAGACTGGCTAAAACGCTG_011,89
CCAGACTGGCTAAAACGCTG_012,91
CCAGACTGGCTAAAACGCTG_013,152
ACTCCTACTTTACCAGGACA_001,127
ACTCCTACTTTACCAGGACA_002,82
ACTCCTACTTTACCAGGACA_003,199
ACTCCTACTTTACCAGGACA_004,98
ACTCCTACTTTACCAGGACA_005,147
ACTCCTACTTTACCAGGACA_006,58
ACTCCTACTTTACCAGGACA_007,198
ACTCCTACTTTACCAGGACA_008,166
ACTCCTACTTTACCAGGACA_009,56
ACTCCTACTTTACCAGGACA_010,81
ACTCCTACTTTACCAGGACA_011,78
ATACAGATGATCGCTCCGAT_001,172
ATACAGATGATCGCTCCGAT_002,186
ATACAGATGATCGCTCCGAT_003,102
ATACAGATGATCGCTCCGAT_004,19
ATACAGATGATCGCTCCGAT_005,34
TAACAAGAAACCGGGCGTCG_001,146
TAACAAGAAACCGGGCGTCG_002,52
TAACAAGAAACCGGGCGTCG_003,162
GGCATCAACGACTAGCATGG_001,165
GGCATCAACGACTAGCATGG_002,103
GGCATCAACGACTAGCATGG_003,105
GGCATCAACGACTAGCATGG_004,23
GGCATCAACGACTAGCATGG_005,15
GGCATCAACGACTAGCATGG_006,49
GGCATCAACGACTAGCATGG_007,133
GGCATCAACGACTAGCATGG_008,106
GGCATCAACGACTAGCATGG_009,60
GGCATCAACGACTAGCATGG_010,148
GGCATCAACGACTAGCATGG_011,136
GGCATCAACGACTAGCATGG_012,136
TCAGACCGTACCTTGCAACA_001,58
TCAGACCGTACCTTGCAACA_002,161
TCAGACCGTACCTTGCAACA_003,101
TCAGACCGTACCTTGCAACA_004,14
TCAGACCGTACCTTGCAACA_005,187
TCAGACCGTACCTTGCAACA_006,48
TCAGACCGTACCTTGCAACA_007,17
TCAGACCGTACCTTGCAACA_008,10
TGCTGTGAGTTATACAACTC_001,41
TGCTGTGAGTTATACAACTC_002,176
TGCTGTGAGTTATACAACTC_003,182
TGCTGTGAGTTATACAACTC_004,88
TGCTGTGAGTTATACAACTC_005,76
ATTTAGTAATGCACACCCAG_001,52
ATTTAGTAATGCACACCCAG_002,115
ATTTAGTAATGCACACCCAG_003,69
ATTTAGTAATGCACACCCAG_004,97
ATTTAGTAATGCACACCCAG_005,88
ATTTAGTAATGCACACCCAG_006,163
ATTTAGTAATGCACACCCAG_007,160
ATTTAGTAATGCACACCCAG_008,128
ATTTAGTAATGCACACCCAG_009,41
ATTTAGTAATGCACACCCAG_010,166
ATTTAGTAATGCACACCCAG_011,137
ATTTAGTAATGCACACCCAG_012,0
ATTTAGTAATGCACACCCAG_013,180
ATTTAGTAATGCACACCCAG_014,80
ATTTAGTAATGCACACCCAG_015,197
CTCCTCTGGGTACACGAACA_001,48
CTCCTCTGGGTACACGAACA_002,136
CTCCTCTGGGTACACGAACA_003,42
CTCCTCTGGGTACACGAACA_004,14
CTCCTCTGGGTACACGAACA_005,52
CTCCTCTGGGTACACGAACA_006,48
CTCCTCTGGGTACACGAACA_007,107
CTCCTCTGGGTACACGAACA_008,167
CTCCTCTGGGTACACGAACA_009,167
CTCCTCTGGGTACACGAACA_010,40
CTCCTCTGGGTACACGAACA_011,46
CTCCTCTGGGTACACGAACA_012,90
CTCCTCTGGGTACACGAACA_013,70
CTCCTCTGGGTACACGAACA_014,151
CTCCTCTGGGTACACGAACA_015,27
CTCCTCTGGGTACACGAACA_016,114
CTCATCAAAAACGAGCCGGA_001,73
CTCATCAAAAACGAGCCGGA_002,157
CTCATCAAAAACGAGCCGGA_003,12
CTCATCAAAAACGAGCCGGA_004,24
CTCATCAAAAACGAGCCGGA_005,73
CTCATCAAAAACGAGCCGGA_006,199
CTCATCAAAAACGAGCCGGA_007,162
CTCATCAAAAACGAGCCGGA_008,106
TCGCAAGCAGAGTACAGATG_001,88
TCGCAAGCAGAGTACAGATG_002,94
TCGCAAGCAGAGTACAGATG_003,188
TCGCAAGCAGAGTACAGATG_004,151
TCGCAAGCAGAGTACAGATG_005,150
TCGCAAGCAGAGTACAGATG_006,175
TCGCAAGCAGAGTACAGATG_007,111
TCGCAAGCAGAGTACAGATG_008,127
TCGCAAGCAGAGTACAGATG_009,42
TCGCAAGCAGAGTACAGATG_010,33
TCGCAAGCAGAGTACAGATG_011,74
TCGCAAGCAGAGTACAGATG_012,40
AGGGAGAAACCATCGTGCTG_001,145
AGGGAGAAACCATCGTGCTG_002,43
AGGGAGAAACCATCGTGCTG_003,50
AGGGAGAAACCATCGTGCTG_004,146
AGGGAGAAACCATCGTGCTG_005,86
AGGGAGAAACCATCGTGCTG_006,137
AGGGAGAAACCATCGTGCTG_007,136
TTCGAATCGAATGTATCCAG_001,121
TTCGAATCGAATGTATCCAG_002,158
TTCGAATCGAATGTATCCAG_003,15
TTAATGGAATCATAGTGCAC_001,134
TTAATGGAATCATAGTGCAC_002,184
TTAATGGAATCATAGTGCAC_003,80
CCACGCACTCCTACACCCGG_001,107
CCATCCCCGAAGCTATGAAG_001,158
CCATCCCCGAAGCTATGAAG_002,31
CCATCCCCGAAGCTATGAAG_003,71
CCATCCCCGAAGCTATGAAG_004,158
CCATCCCCGAAGCTATGAAG_005,158
CCATCCCCGAAGCTATGAAG_006,132
CCATCCCCGAAGCTATGAAG_007,113
CCATCCCCGAAGCTATGAAG_008,4
CCATCCCCGAAGCTATGAAG_009,106
CCATCCCCGAAGCTATGAAG_010,40
AATGGATTTACATAACCAAA_001,125
AATGGATTTACATAACCAAA_002,58
AATGGATTTACATAACCAAA_003,134
AATGGATTTACATAACCAAA_004,169
AATGGATTTACATAACCAAA_005,76
GCAGCAGCTGAATTCATGGA_001,127
GCAGCAGCTGAATTCATGGA_002,96
GCAGCAGCTGAATTCATGGA_003,174
GCAGCAGCTGAATTCATGGA_004,98
GCAGCAGCTGAATTCATGGA_005,188
GCAGCAGCTGAATTCATGGA_006,99
GCAGCAGCTGAATTCATGGA_007,147
GCAGCAGCTGAATTCATGGA_008,84
GCAGCAGCTGAATTCATGGA_009,146
GCAGCAGCTGAATTCATGGA_010,53
GCAGCAGCTGAATTCATGGA_011,106
GCAGCAGCTGAATTCATGGA_012,106
GCAGCAGCTGAATTCATGGA_013,121
GCAGCAGCTGAATTCATGGA_014,12
GCAGCAGCTGAATTCATGGA_015,108
GCAGCAGCTGAATTCATGGA_016,148
GCAGCAGCTGAATTCATGGA_017,170
TCCTCCCAATCAGCCAACAC_001,119
TCCTCCCAATCAGCCAACAC_002,165
TCCTCCCAATCAGCCAACAC_003,17
TCCTCCCAATCAGCCAACAC_004,144
ACAGCACGGGGATGATTTGG_001,85
ACAGCACGGGGATGATTTGG_002,170
ACAGCACGGGGATGATTTGG_003,157
ACAGCACGGGGATGATTTGG_004,163
ACAGCACGGGGATGATTTGG_005,17
ACAGCACGGGGATGATTTGG_006,28
GATCCTTCTCTTTTTGGTTT_001,177
GGAAATCAAGGAGTACGTGG_001,107
GGAAATCAAGGAGTACGTGG_002,76
GGAAATCAAGGAGTACGTGG_003,41
GGAAATCAAGGAGTACGTGG_004,120
GGAAATCAAGGAGTACGTGG_005,63
GGAAATCAAGGAGTACGTGG_006,169
ATTGGCATAACGGAGGTACA_001,94
ATTGGCATAACGGAGGTACA_002,98
ATTGGCATAACGGAGGTACA_003,157
ATTGGCATAACGGAGGTACA_004,9
ATTGGCATAACGGAGGTACA_005,82
ATTGGCATAACGGAGGTACA_006,68
ATTGGCATAACGGAGGTACA_007,118
ATTGGCATAACGGAGGTACA_008,49
ATTGGCATAACGGAGGTACA_009,25
TCGGGAACCGAGTACAGCGT_001,65
TCGGGAACCGAGTACAGCGT_002,49
TCGGGAACCGAGTACAGCGT_003,2
TCGGGAACCGAGTACAGCGT_004,58
TCGGGAACCGAGTACAGCGT_005,105
TCGGGAACCGAGTACAGCGT_006,5
TCGGGAACCGAGTACAGCGT_007,107
TCGGGAACCGAGTACAGCGT_008,162
TCGGGAACCGAGTACAGCGT_009,168
TCGGGAACCGAGTACAGCGT_010,18
TCGGGAACCGAGTACAGCGT_011,38
TCGGGAACCGAGTACAGCGT_012,191
TCGGGAACCGAGTACAGCGT_013,162
TCGGGAACCGAGTACAGCGT_014,69
TCGGGAACCGAGTACAGCGT_015,198
TCGGGAACCGAGTACAGCGT_016,15
TCGGGAACCGAGTACAGCGT_017,88
TCGGGAACCGAGTACAGCGT_018,150
TCGGGAACCGAGTACAGCGT_019,52
TCGGGAACCGAGTACAGCGT_020,145
CACCAAGTGCTTACGGGCAG_001,62
CACCAAGTGCTTACGGGCAG_002,160
CACCAAGTGCTTACGGGCAG_003,160
CACCAAGTGCTTACGGGCAG_004,121
CACCAAGTGCTTACGGGCAG_005,30
CACCAAGTGCTTACGGGCAG_006,31
CACCAAGTGCTTACGGGCAG_007,61
CACCAAGTGCTTACGGGCAG_008,61
CACCAAGTGCTTACGGGCAG_009,185
CACCAAGTGCTTACGGGCAG_010,199
CACCAAGTGCTTACGGGCAG_011,15
CACCAAGTGCTTACGGGCAG_012,144
CACCAAGTGCTTACGGGCAG_013,118
CACCAAGTGCTTACGGGCAG_014,170
CACCAAGTGCTTACGGGCAG_015,120
CACCAAGTGCTTACGGGCAG_016,124
CACCAAGTGCTTACGGGCAG_017,169
CACCAAGTGCTTACGGGCAG_018,188
CACCAAGTGCTTACGGGCAG_019,176
CCTGCTCACAGCCCGACGAA_001,132
CCTGCTCACAGCCCGACGAA_002,170
CCTGCTCACAGCCCGACGAA_003,23
CCTGCTCACAGCCCGACGAA_004,198
CCTGCTCACAGCCCGACGAA_005,79
CCTGCTCACAGCCCGACGAA_006,1
CCTGCTCACAGCCCGACGAA_007,81
CCTGCTCACAGCCCGACGAA_008,191
CCTGCTCACAGCCCGACGAA_009,169
CCTGCTCACAGCCCGACGAA_010,140
AGCATGGCCACCCCTCCGCG_001,104
AGCATGGCCACCCCTCCGCG_002,10
AGCATGGCCACCCCTCCGCG_003,156
AGCATGGCCACCCCTCCGCG_004,92
AGCATGGCCACCCCTCCGCG_005,26
AGCATGGCCACCCCTCCGCG_006,155
AGCATGGCCACCCCTCCGCG_007,57
AGCATGGCCACCCCTCCGCG_008,177
AGCATGGCCACCCCTCCGCG_009,96
AGCATGGCCACCCCTCCGCG_010,152
AGCATGGCCACCCCTCCGCG_011,67
AGCATGGCCACCCCTCCGCG_012,15
AGCATGGCCACCCCTCCGCG_013,197
AGCATGGCCACCCCTCCGCG_014,144
AGCATGGCCACCCCTCCGCG_015,166
CTCAATTCCAGATATGGCCG_001,38
CTCAATTCCAGATATGGCCG_002,149
CTCAATTCCAGATATGGCCG_003,7
CTCAATTCCAGATATGGCCG_004,69
CTCAATTCCAGATATGGCCG_005,127
CTCAATTCCAGATATGGCCG_006,110
CTCAATTCCAGATATGGCCG_007,34
CTCAATTCCAGATATGGCCG_008,180
GAAGTGGAGTTTGTGTCAGG_001,105
GAAGTGGAGTTTGTGTCAGG_002,76
GAAGTGGAGTTTGTGTCAGG_003,149
GAAGTGGAGTTTGTGTCAGG_004,94
GAAGTGGAGTTTGTGTCAGG_005,7
GAAGTGGAGTTTGTGTCAGG_006,120
GAAGTGGAGTTTGTGTCAGG_007,22
GAAGTGGAGTTTGTGTCAGG_008,169
GAAGTGGAGTTTGTGTCAGG_009,56
GAAGTGGAGTTTGTGTCAGG_010,107
GAAGTGGAGTTTGTGTCAGG_011,187
GAAGTGGAGTTTGTGTCAGG_012,11
GAAGTGGAGTTTGTGTCAGG_013,81
TAGGTATACCCGAAATCTTG_001,172
TAGGTATACCCGAAATCTTG_002,113
TAGGTATACCCGAAATCTTG_003,40
TTTGCCCCGCTGGGACTCAG_001,190
TTTGCCCCGCTGGGACTCAG_002,58
TTTGCCCCGCTGGGACTCAG_003,4
TTTGCCCCGCTGGGACTCAG_004,70
TTTGCCCCGCTGGGACTCAG_005,174
TTTGCCCCGCTGGGACTCAG_006,56
TTTGCCCCGCTGGGACTCAG_007,134
TTTGCCCCGCTGGGACTCAG_008,130
TTTGCCCCGCTGGGACTCAG_009,168
TCCTCTCAGGGCTGGAACAG_001,130
TCCTCTCAGGGCTGGAACAG_002,154
TCCTCTCAGGGCTGGAACAG_003,74
TCCTCTCAGGGCTGGAACAG_004,31
TCCTCTCAGGGCTGGAACAG_005,20
TCCTCTCAGGGCTGGAACAG_006,196
TCCTCTCAGGGCTGGAACAG_007,114
TCCTCTCAGGGCTGGAACAG_008,199
TCCTCTCAGGGCTGGAACAG_009,114
TCCTCTCAGGGCTGGAACAG_010,152
TCCTCTCAGGGCTGGAACAG_011,88
TCCTCTCAGGGCTGGAACAG_012,105
TCCTCTCAGGGCTGGAACAG_013,46
TCCTCTCAGGGCTGGAACAG_014,61
TCCTCTCAGGGCTGGAACAG_015,94
TCCTCTCAGGGCTGGAACAG_016,150
TTGAGGATAACAGTAACAAG_001,168
TTGAGGATAACAGTAACAAG_002,26
TTGAGGATAACAGTAACAAG_003,68
TCTGCCTTCCAGACGATCCG_001,43
TCTGCCTTCCAGACGATCCG_002,144
TCTGCCTTCCAGACGATCCG_003,19
TCTGCCTTCCAGACGATCCG_004,78
TCTGCCTTCCAGACGATCCG_005,7
CTCCACCACAATTCTAACCG_001,144
GTGACAGCCTGAATTAGGAG_001,44
GTGACAGCCTGAATTAGGAG_002,161
GCCTCATCGTGCACCCGCTG_001,133
GCCTCATCGTGCACCCGCTG_002,4
GCCTCATCGTGCACCCGCTG_003,17
GCCTCATCGTGCACCCGCTG_004,76
CGGCGTAAAGCACAAAGCCG_001,79
CGGCGTAAAGCACAAAGCCG_002,123
CGGCGTAAAGCACAAAGCCG_003,177
CGGCGTAAAGCACAAAGCCG_004,76
CGGCGTAAAGCACAAAGCCG_005,86
CGGCGTAAAGCACAAAGCCG_006,81
CGGCGTAAAGCACAAAGCCG_007,137
CGGCGTAAAGCACAAAGCCG_008,88
CGGCGTAAAGCACAAAGCCG_009,164
CGGCGTAAAGCACAAAGCCG_010,164
CGGCGTAAAGCACAAAGCCG_011,169
CGGCGTAAAGCACAAAGCCG_012,190
CGGCGTAAAGCACAAAGCCG_013,33
CGGCGTAAAGCACAAAGCCG_014,9
CGGCGTAAAGCACAAAGCCG_015,104
CTAGCAGTCCCATTAAGTCA_001,14
CTAGCAGTCCCATTAAGTCA_002,32
CTAGCAGTCCCATTAAGTCA_003,120
CGAGGTCTTTACCAATCAGG_001,181
CGAGGTCTTTACCAATCAGG_002,177
CGAGGTCTTTACCAATCAGG_003,102
CGAGGTCTTTACCAATCAGG_004,144
CGAGGTCTTTACCAATCAGG_005,167
CGAGGTCTTTACCAATCAGG_006,30
CGAGGTCTTTACCAATCAGG_007,47
CGAGGTCTTTACCAATCAGG_008,168
CGAGGTCTTTACCAATCAGG_009,105
CGAGGTCTTTACCAATCAGG_010,199
CGAGGTCTTTACCAATCAGG_011,89
CGAGGTCTTTACCAATCAGG_012,91
CGAGGTCTTTACCAATCAGG_013,49
CGAGGTCTTTACCAATCAGG_014,137
CGAGGTCTTTACCAATCAGG_015,94
CGAGGTCTTTACCAATCAGG_016,48
CGAGGTCTTTACCAATCAGG_017,132
CGAGGTCTTTACCAATCAGG_018,101
CGAGGTCTTTACCAATCAGG_019,26
CGAGGTCTTTACCAATCAGG_020,160
CGAGGTCTTTACCAATCAGG_021,144
CGAGGTCTTTACCAATCAGG_022,0
CGAGGTCTTTACCAATCAGG_023,188
CGAGGTCTTTACCAATCAGG_024,83
CGAGGTCTTTACCAATCAGG_025,64
CGAGGTCTTTACCAATCAGG_026,60
CTCGCTGGATCACACGCACG_001,27
CTCGCTGGATCACACGCACG_002,143
CTCGCTGGATCACACGCACG_003,127
CTCGCTGGATCACACGCACG_004,36
CTCGCTGGATCACACGCACG_005,178
CTCGCTGGATCACACGCACG_006,127
CTCGCTGGATCACACGCACG_007,48
CTCGCTGGATCACACGCACG_008,41
CTCGCTGGATCACACGCACG_009,112
CTCGCTGGATCACACGCACG_010,138
CTCGCTGGATCACACGCACG_011,41
CTCGCTGGATCACACGCACG_012,76
CTCGCTGGATCACACGCACG_013,124
CTCGCTGGATCACACGCACG_014,136
GTTCAATAAGGTGTGTACTT_001,55
GTTCAATAAGGTGTGTACTT_002,142
GTTCAATAAGGTGTGTACTT_003,42
GTTCAATAAGGTGTGTACTT_004,58
GTTCAATAAGGTGTGTACTT_005,17
GTTCAATAAGGTGTGTACTT_006,76
AAGTCAGGCAGGAAATTCGC_001,35
AAGTCAGGCAGGAAATTCGC_002,12
AAGTCAGGCAGGAAATTCGC_003,11
AAGTCAGGCAGGAAATTCGC_004,172
AAGTCAGGCAGGAAATTCGC_005,106
AAGTCAGGCAGGAAATTCGC_006,68
AAGTCAGGCAGGAAATTCGC_007,90
AAGTCAGGCAGGAAATTCGC_008,118
AAGTCAGGCAGGAAATTCGC_009,104
AAGTCAGGCAGGAAATTCGC_010,19
AAGTCAGGCAGGAAATTCGC_011,77
AAGTCAGGCAGGAAATTCGC_012,1
CCTCAAAGGGACACACAGGT_001,15
CCTCAAAGGGACACACAGGT_002,114
CCTCAAAGGGACACACAGGT_003,70
CCTCAAAGGGACACACAGGT_004,181
CCTCAAAGGGACACACAGGT_005,57
CCTCAAAGGGACACACAGGT_006,31
CCTCAAAGGGACACACAGGT_007,70
CCTCAAAGGGACACACAGGT_008,20
CCTCAAAGGGACACACAGGT_009,88
CCTCAAAGGGACACACAGGT_010,72
CCTCAAAGGGACACACAGGT_011,2
CCTCAAAGGGACACACAGGT_012,116
CCTCAAAGGGACACACAGGT_013,5
CCTCAAAGGGACACACAGGT_014,9
CCTCAAAGGGACACACAGGT_015,103
CCTCAAAGGGACACACAGGT_016,158
CCTCAAAGGGACACACAGGT_017,168
CCTCAAAGGGACACACAGGT_018,48
CCTCAAAGGGACACACAGGT_019,137
CCTCAAAGGGACACACAGGT_020,168
CCTCAAAGGGACACACAGGT_021,180
CCTCAAAGGGACACACAGGT_022,145
CTTACCCAAATGAATAGACA_001,41
CTTACCCAAATGAATAGACA_002,88
CTTACCCAAATGAATAGACA_003,62
TGAACATCGATGTCGCCACG_001,15
TGAACATCGATGTCGCCACG_002,33
TGAACATCGATGTCGCCACG_003,36
TGAACATCGATGTCGCCACG_004,77
TGAACATCGATGTCGCCACG_005,1
TGAACATCGATGTCGCCACG_006,160
TGAACATCGATGTCGCCACG_007,16
TGAACATCGATGTCGCCACG_008,48
TGAACATCGATGTCGCCACG_009,188
TGAACATCGATGTCGCCACG_010,26
TGAACATCGATGTCGCCACG_011,26
TGAGGGATACTTGTACACCT_001,97
TGAGGGATACTTGTACACCT_002,16
TGAGGGATACTTGTACACCT_003,121
GGAATGCATGAACCTTCGGG_001,57
GGAATGCATGAACCTTCGGG_002,2
GGAATGCATGAACCTTCGGG_003,134
GGAATGCATGAACCTTCGGG_004,21
AACTTGTAAACGAGACAGCA_001,185
AACTTGTAAACGAGACAGCA_002,94
AACTTGTAAACGAGACAGCA_003,154
AACTTGTAAACGAGACAGCA_004,42
AACTTGTAAACGAGACAGCA_005,90
AACTTGTAAACGAGACAGCA_006,77
AACTTGTAAACGAGACAGCA_007,58
AACTTGTAAACGAGACAGCA_008,116
AACTTGTAAACGAGACAGCA_009,78
AACTTGTAAACGAGACAGCA_010,127
AACTTGTAAACGAGACAGCA_011,193
AACTTGTAAACGAGACAGCA_012,28
AACTTGTAAACGAGACAGCA_013,166
AACTTGTAAACGAGACAGCA_014,127
AACTTGTAAACGAGACAGCA_015,65
AACTTGTAAACGAGACAGCA_016,104
TACACCCCAGTCTACCGCAG_001,88
TACACCCCAGTCTACCGCAG_002,185
TACACCCCAGTCTACCGCAG_003,158
TACACCCCAGTCTACCGCAG_004,114
TACACCCCAGTCTACCGCAG_005,151
TACACCCCAGTCTACCGCAG_006,30
TACACCCCAGTCTACCGCAG_007,16
TACACCCCAGTCTACCGCAG_008,116
TACACCCCAGTCTACCGCAG_009,183
TACACCCCAGTCTACCGCAG_010,94
TACACCCCAGTCTACCGCAG_011,162
TACACCCCAGTCTACCGCAG_012,191
TACACCCCAGTCTACCGCAG_013,59
TACACCCCAGTCTACCGCAG_014,63
TACACCCCAGTCTACCGCAG_015,168
ATGCAGGCCAGTGCAAACAA_001,185
ATGCAGGCCAGTGCAAACAA_002,161
ATGCAGGCCAGTGCAAACAA_003,64
ATGCAGGCCAGTGCAAACAA_004,60
ATGCAGGCCAGTGCAAACAA_005,58
ATGCAGGCCAGTGCAAACAA_006,2
ATGCAGGCCAGTGCAAACAA_007,52
ATGCAGGCCAGTGCAAACAA_008,19
ATGCAGGCCAGTGCAAACAA_009,15
ATTTCAGATCACTGTCAATG_001,156
ATTTCAGATCACTGTCAATG_002,138
ATTTCAGATCACTGTCAATG_003,63
ATTTCAGATCACTGTCAATG_004,175
ATTTCAGATCACTGTCAATG_005,118
TGTTTGTATGGTGCAAACGG_001,106
TGTTTGTATGGTGCAAACGG_002,94
TGTTTGTATGGTGCAAACGG_003,65
TGTTTGTATGGTGCAAACGG_004,70
TGTTTGTATGGTGCAAACGG_005,87
TGTTTGTATGGTGCAAACGG_006,87
GAGCCAACCAAAGTTTCCAA_001,34
GAGCCAACCAAAGTTTCCAA_002,47
GAGCCAACCAAAGTTTCCAA_003,114
GAGCCAACCAAAGTTTCCAA_004,114
GAGCCAACCAAAGTTTCCAA_005,16
GAGCCAACCAAAGTTTCCAA_006,7
GAGCCAACCAAAGTTTCCAA_007,1
GAGCCAACCAAAGTTTCCAA_008,145
GAGCCAACCAAAGTTTCCAA_009,37
GAGCCAACCAAAGTTTCCAA_010,145
GAGCCAACCAAAGTTTCCAA_011,74
GAGCCAACCAAAGTTTCCAA_012,107
GAGCCAACCAAAGTTTCCAA_013,126
GAGCCAACCAAAGTTTCCAA_014,3
GAGCCAACCAAAGTTTCCAA_015,158
AAAGGATTGTGCTCTGACTG_001,184
AAAGGATTGTGCTCTGACTG_002,116
AAAGGATTGTGCTCTGACTG_003,168
AAAGGATTGTGCTCTGACTG_004,149
AAAGGATTGTGCTCTGACTG_005,147
AAAGGATTGTGCTCTGACTG_006,69
AAAGGATTGTGCTCTGACTG_007,190
CACACCAACTTACATCGTTG_001,8
CACACCAACTTACATCGTTG_002,64
CACACCAACTTACATCGTTG_003,159
CACACCAACTTACATCGTTG_004,12
CACACCAACTTACATCGTTG_005,56
CACACCAACTTACATCGTTG_006,39
GAACCCGACTATGTTCGCCT_001,19
GAACCCGACTATGTTCGCCT_002,37
GAACCCGACTATGTTCGCCT_003,63
ACAGACGCTTTGCATATGGC_001,80
ACAGACGCTTTGCATATGGC_002,17
ACAGACGCTTTGCATATGGC_003,5
ACAGACGCTTTGCATATGGC_004,15
ACAGACGCTTTGCATATGGC_005,20
ACAGACGCTTTGCATATGGC_006,43
ACAGACGCTTTGCATATGGC_007,69
ACAGACGCTTTGCATATGGC_008,24
ACAGACGCTTTGCATATGGC_009,122
ACAGACGCTTTGCATATGGC_010,148
ACAGACGCTTTGCATATGGC_011,60
ACAGACGCTTTGCATATGGC_012,146
ACAGACGCTTTGCATATGGC_013,140
ACAGACGCTTTGCATATGGC_014,187
ACAGACGCTTTGCATATGGC_015,78
ACAGACGCTTTGCATATGGC_016,128
ACAGACGCTTTGCATATGGC_017,183
ACAGACGCTTTGCATATGGC_018,147
ACAGACGCTTTGCATATGGC_019,0
ACAGACGCTTTGCATATGGC_020,46
ACAGACGCTTTGCATATGGC_021,94
CGTCGCCGGCATCGTGACCG_001,72
CGTCGCCGGCATCGTGACCG_002,72
CGTCGCCGGCATCGTGACCG_003,190
CGTCGCCGGCATCGTGACCG_004,9
CGTCGCCGGCATCGTGACCG_005,134
CGTCGCCGGCATCGTGACCG_006,44
CGTCGCCGGCATCGTGACCG_007,98
CGTCGCCGGCATCGTGACCG_008,113
CGTCGCCGGCATCGTGACCG_009,160
CGTCGCCGGCATCGTGACCG_010,107
CGTCGCCGGCATCGTGACCG_011,136
TTACCACCCATAGTGCGAGG_001,22
TTACCACCCATAGTGCGAGG_002,21
ATGCAGCTCTCGACTACAAG_001,102
ATGCAGCTCTCGACTACAAG_002,51
ATGCAGCTCTCGACTACAAG_003,122
ATGCAGCTCTCGACTACAAG_004,168
ATGCAGCTCTCGACTACAAG_005,183
ATGCAGCTCTCGACTACAAG_006,6
ATCCAAAGCATGAATCAGGG_001,8
ATCCAAAGCATGAATCAGGG_002,155
ATCCAAAGCATGAATCAGGG_003,72
ATCCAAAGCATGAATCAGGG_004,118
ATCCAAAGCATGAATCAGGG_005,70
ATCCAAAGCATGAATCAGGG_006,100
ATCCAAAGCATGAATCAGGG_007,43
ATCCAAAGCATGAATCAGGG_008,60
CAGGCGTACTAGACACCGTC_001,42
CAGGCGTACTAGACACCGTC_002,68
CAGGCGTACTAGACACCGTC_003,52
CAGGCGTACTAGACACCGTC_004,57
CAGGCGTACTAGACACCGTC_005,166
CAGGCGTACTAGACACCGTC_006,6
CAGGCGTACTAGACACCGTC_007,13
CAGGCGTACTAGACACCGTC_008,168
CAGGCGTACTAGACACCGTC_009,104
CAGGCGTACTAGACACCGTC_010,50
CAGGCGTACTAGACACCGTC_011,34
CAGGCGTACTAGACACCGTC_012,48
CAGGCGTACTAGACACCGTC_013,37
ACACCCGTTTGACACGGTCA_001,150
ACACCCGTTTGACACGGTCA_002,0
ACACCCGTTTGACACGGTCA_003,23
ACACCCGTTTGACACGGTCA_004,76
ACACCCGTTTGACACGGTCA_005,146
ACACCCGTTTGACACGGTCA_006,0
ACACCCGTTTGACACGGTCA_007,154
ACACCCGTTTGACACGGTCA_008,3
ACACCCGTTTGACACGGTCA_009,112
ACACCCGTTTGACACGGTCA_010,162
ACACCCGTTTGACACGGTCA_011,53
ACTGGAACAGAACTGAGATG_001,189
ACTGGAACAGAACTGAGATG_002,22
GCCGGCGATGTGCTGTAAAG_001,32
GCCGGCGATGTGCTGTAAAG_002,0
GCCGGCGATGTGCTGTAAAG_003,23
GCCGGCGATGTGCTGTAAAG_004,152
GCCGGCGATGTGCTGTAAAG_005,189
GCCGGCGATGTGCTGTAAAG_006,198
GCCGGCGATGTGCTGTAAAG_007,97
GCCGGCGATGTGCTGTAAAG_008,100
GCCGGCGATGTGCTGTAAAG_009,67
GCCGGCGATGTGCTGTAAAG_010,156
GCCGGCGATGTGCTGTAAAG_011,48
GCCGGCGATGTGCTGTAAAG_012,106
GCCGGCGATGTGCTGTAAAG_013,145
GCCGGCGATGTGCTGTAAAG_014,58
GCCGGCGATGTGCTGTAAAG_015,6
GCCGGCGATGTGCTGTAAAG_016,161
GCCGGCGATGTGCTGTAAAG_017,100
GCCGGCGATGTGCTGTAAAG_018,101
GCCGGCGATGTGCTGTAAAG_019,29
GCCGGCGATGTGCTGTAAAG_020,177
GCCGGCGATGTGCTGTAAAG_021,150
GCCGGCGATGTGCTGTAAAG_022,190
GCCGGCGATGTGCTGTAAAG_023,188
GCCGGCGATGTGCTGTAAAG_024,19
GCCGGCGATGTGCTGTAAAG_025,152
GCCGGCGATGTGCTGTAAAG_026,21
CTTCCGCACCATGTCACGAA_001,55
CTTCCGCACCATGTCACGAA_002,174
CTTCCGCACCATGTCACGAA_003,174
GGCAGCGCCTCGTACGCCGT_001,166
GGCAGCGCCTCGTACGCCGT_002,35
GGCAGCGCCTCGTACGCCGT_003,115
GGCAGCGCCTCGTACGCCGT_004,52
GGCAGCGCCTCGTACGCCGT_005,57
GGCAGCGCCTCGTACGCCGT_006,168
TGGGTCCACTGACGTGGACA_001,83
GGTACTTTAACAACATGAGG_001,81
GGTACTTTAACAACATGAGG_002,197
TCTGTTCCACATGTACGACT_001,159
TCTGTTCCACATGTACGACT_002,67
TCTGTTCCACATGTACGACT_003,152
AGGCACCAGTAAGTTTCATG_001,2
AGGCACCAGTAAGTTTCATG_002,158
AGGCACCAGTAAGTTTCATG_003,141
AGGCACCAGTAAGTTTCATG_004,174
AGGCACCAGTAAGTTTCATG_005,170
AGGCACCAGTAAGTTTCATG_006,20
AGGCACCAGTAAGTTTCATG_007,61
AGGCACCAGTAAGTTTCATG_008,19
AGGCACCAGTAAGTTTCATG_009,102
AGGCACCAGTAAGTTTCATG_010,147
AGGCACCAGTAAGTTTCATG_011,188
CCAGAAATTTAACCTCCACG_001,45
CCAGAAATTTAACCTCCACG_002,51
CCAGAAATTTAACCTCCACG_003,27
CCAGAAATTTAACCTCCACG_004,69
CCAGAAATTTAACCTCCACG_005,157
CCAGAAATTTAACCTCCACG_006,121
CCAGAAATTTAACCTCCACG_007,21
CCAGAAATTTAACCTCCACG_008,192
CCAGAAATTTAACCTCCACG_009,148
CCAGAAATTTAACCTCCACG_010,57
CCAGAAATTTAACCTCCACG_011,65
CCAGAAATTTAACCTCCACG_012,9
CCAGAAATTTAACCTCCACG_013,141
CCAGAAATTTAACCTCCACG_014,62
CCAGAAATTTAACCTCCACG_015,42
CCAGAAATTTAACCTCCACG_016,47
CCAGAAATTTAACCTCCACG_017,125
CCAGAAATTTAACCTCCACG_018,120
CCAGAAATTTAACCTCCACG_019,48
CCAGAAATTTAACCTCCACG_020,94
CCAGAAATTTAACCTCCACG_021,180
GAAGAGTGGTTGACCACACG_001,42
GAAGAGTGGTTGACCACACG_002,150
GAAGAGTGGTTGACCACACG_003,139
GAAGAGTGGTTGACCACACG_004,88
GAAGAGTGGTTGACCACACG_005,148
GAAGAGTGGTTGACCACACG_006,1
GAAGAGTGGTTGACCACACG_007,158
GAAGAGTGGTTGACCACACG_008,129
GAAGAGTGGTTGACCACACG_009,95
GAAGAGTGGTTGACCACACG_010,172
GAAGAGTGGTTGACCACACG_011,83
GAAGAGTGGTTGACCACACG_012,117
GAAGAGTGGTTGACCACACG_013,29
CTGCAGGGAAACATGGAGCT_001,15
CTGCAGGGAAACATGGAGCT_002,176
CTGCAGGGAAACATGGAGCT_003,150
CTGCAGGGAAACATGGAGCT_004,183
CTGCAGGGAAACATGGAGCT_005,12
CTGCAGGGAAACATGGAGCT_006,145
CTGCAGGGAAACATGGAGCT_007,78
CTGCAGGGAAACATGGAGCT_008,149
CTGCAGGGAAACATGGAGCT_009,6
CTGCAGGGAAACATGGAGCT_010,161
CTGCAGGGAAACATGGAGCT_011,61
CCATTCCACAGTCCCAACTC_001,166
GATACGTACTAGCTTCATGT_001,45
GATACGTACTAGCTTCATGT_002,199
GATACGTACTAGCTTCATGT_003,49
GCTGCTCACAGGACAACCGT_001,105
GCTGCTCACAGGACAACCGT_002,70
GCTGCTCACAGGACAACCGT_003,144
GCTGCTCACAGGACAACCGT_004,86
GCTGCTCACAGGACAACCGT_005,146
GCTGCTCACAGGACAACCGT_006,195
GCTGCTCACAGGACAACCGT_007,189
GCTGCTCACAGGACAACCGT_008,169
GTACATTGAACCAACCCAGG_001,93
GTACATTGAACCAACCCAGG_002,109
GTACATTGAACCAACCCAGG_003,177
GTACATTGAACCAACCCAGG_004,40
GTACATTGAACCAACCCAGG_005,10
GTACATTGAACCAACCCAGG_006,182
GTACATTGAACCAACCCAGG_007,1
GTACATTGAACCAACCCAGG_008,99
TCAGCGTGCTGAGGATCGCA_001,106
TCAGCGTGCTGAGGATCGCA_002,62
TCAGCGTGCTGAGGATCGCA_003,62
CAGACCAAAAGTTCATCCAG_001,105
CAGACCAAAAGTTCATCCAG_002,113
CAGACCAAAAGTTCATCCAG_003,114
CAGACCAAAAGTTCATCCAG_004,135
CAGACCAAAAGTTCATCCAG_005,6
CAGACCAAAAGTTCATCCAG_006,9
CAGACCAAAAGTTCATCCAG_007,181
CAGACCAAAAGTTCATCCAG_008,175
CAGACCAAAAGTTCATCCAG_009,78
CAGACCAAAAGTTCATCCAG_010,44
CAGACCAAAAGTTCATCCAG_011,13
TCATCAGCTCTTGCCTGGAG_001,10
TCATCAGCTCTTGCCTGGAG_002,138
TCATCAGCTCTTGCCTGGAG_003,114
TCATCAGCTCTTGCCTGGAG_004,84
TCATCAGCTCTTGCCTGGAG_005,147
TGCAGCCGACTCAGTGACAA_001,189
TGCAGCCGACTCAGTGACAA_002,27
TGCAGCCGACTCAGTGACAA_003,48
TGCAGCCGACTCAGTGACAA_004,115
TGCAGCCGACTCAGTGACAA_005,175
TGCAGCCGACTCAGTGACAA_006,149
TGCAGCCGACTCAGTGACAA_007,73
TGCAGCCGACTCAGTGACAA_008,107
TGCAGCCGACTCAGTGACAA_009,107
TGCAGCCGACTCAGTGACAA_010,56
TGCAGCCGACTCAGTGACAA_011,191
TGCAGCCGACTCAGTGACAA_012,125
TGCAGCCGACTCAGTGACAA_013,26
TGCAGCCGACTCAGTGACAA_014,83
TGCAGCCGACTCAGTGACAA_015,9
TGCAGCCGACTCAGTGACAA_016,85
TGCAGCCGACTCAGTGACAA_017,17
TGCAGCCGACTCAGTGACAA_018,1
TGCAGCCGACTCAGTGACAA_019,124
TGCAGCCGACTCAGTGACAA_020,135
CTGGGTGGGAAGAAGCACCA_001,97
CTGGGTGGGAAGAAGCACCA_002,77
CTGGGTGGGAAGAAGCACCA_003,194
CTGGGTGGGAAGAAGCACCA_004,166
CTGGGTGGGAAGAAGCACCA_005,105
CTGGGTGGGAAGAAGCACCA_006,127
CTGGGTGGGAAGAAGCACCA_007,58
CTGGGTGGGAAGAAGCACCA_008,22
CTGGGTGGGAAGAAGCACCA_009,122
CTCTACAAGTCGAACTTTGG_001,65
CTCTACAAGTCGAACTTTGG_002,96
CTCTACAAGTCGAACTTTGG_003,159
CTCTACAAGTCGAACTTTGG_004,49
CTCTACAAGTCGAACTTTGG_005,148
CTCTACAAGTCGAACTTTGG_006,130
CTCTACAAGTCGAACTTTGG_007,26
CTCTACAAGTCGAACTTTGG_008,19
CTCTACAAGTCGAACTTTGG_009,80
CTCTACAAGTCGAACTTTGG_010,177
CTCTACAAGTCGAACTTTGG_011,72
CTCTACAAGTCGAACTTTGG_012,34
CGAAGCGTGAGCAGTTCCGG_001,178
CGAAGCGTGAGCAGTTCCGG_002,67
CGAAGCGTGAGCAGTTCCGG_003,19
CGAAGCGTGAGCAGTTCCGG_004,84
CGAAGCGTGAGCAGTTCCGG_005,188
CCAGCAGAGAACAGACCCTA_001,121
CCAGCAGAGAACAGACCCTA_002,105
CCAGCAGAGAACAGACCCTA_003,40
CCAGCAGAGAACAGACCCTA_004,127
CCAGCAGAGAACAGACCCTA_005,122
CCAGCAGAGAACAGACCCTA_006,162
CCAGCAGAGAACAGACCCTA_007,179
CCAGCAGAGAACAGACCCTA_008,42
CCAGCAGAGAACAGACCCTA_009,185
CCAGCAGAGAACAGACCCTA_010,41
CCAGCAGAGAACAGACCCTA_011,165
CCAGCAGAGAACAGACCCTA_012,76
CCAGCAGAGAACAGACCCTA_013,144
CCAGCAGAGAACAGACCCTA_014,107
CCAGCAGAGAACAGACCCTA_015,175
CCAGCAGAGAACAGACCCTA_016,158
CCAGCAGAGAACAGACCCTA_017,126
CCAGCAGAGAACAGACCCTA_018,174
CCAGCAGAGAACAGACCCTA_019,88
CCAGCAGAGAACAGACCCTA_020,193
CCAGCAGAGAACAGACCCTA_021,116
ACTCAGACCACATTATCCAC_001,182
ACTCAGACCACATTATCCAC_002,58
ACTCAGACCACATTATCCAC_003,8
ACTCAGACCACATTATCCAC_004,157
ACTCAGACCACATTATCCAC_005,29
GGTTGCCCGGGCTGTCCAAG_001,173
GGTTGCCCGGGCTGTCCAAG_002,62
GGTTGCCCGGGCTGTCCAAG_003,42
GGTTGCCCGGGCTGTCCAAG_004,179
GGTTGCCCGGGCTGTCCAAG_005,157
ATATATAACAGATCATGCAC_001,86
ATATATAACAGATCATGCAC_002,174
ATATATAACAGATCATGCAC_003,191
ATATATAACAGATCATGCAC_004,191
ATATATAACAGATCATGCAC_005,80
ATATATAACAGATCATGCAC_006,139
ATATATAACAGATCATGCAC_007,61
ATATATAACAGATCATGCAC_008,50
TAAAACGCGAATGTCAGCTG_001,6
TAAAACGCGAATGTCAGCTG_002,92
TAAAACGCGAATGTCAGCTG_003,19
TTTGGATCAAATCAGTCCTG_001,185
TTTGGATCAAATCAGTCCTG_002,47
TTTGGATCAAATCAGTCCTG_003,164
TTTGGATCAAATCAGTCCTG_004,162
TTTGGATCAAATCAGTCCTG_005,52
TTTGGATCAAATCAGTCCTG_006,58
TTTGGATCAAATCAGTCCTG_007,101
TTTGGATCAAATCAGTCCTG_008,35
TTTGGATCAAATCAGTCCTG_009,69
AATCTGGATTACAACCCCCT_001,141
AATCTGGATTACAACCCCCT_002,43
AATCTGGATTACAACCCCCT_003,159
AATCTGGATTACAACCCCCT_004,121
AATCTGGATTACAACCCCCT_005,162
AATCTGGATTACAACCCCCT_006,102
AATCTGGATTACAACCCCCT_007,8
AATCTGGATTACAACCCCCT_008,29
AATCTGGATTACAACCCCCT_009,84
TCGGAGGTAAATGTGAACCG_001,105
TCGGAGGTAAATGTGAACCG_002,188
TCGGAGGTAAATGTGAACCG_003,190
TCGGAGGTAAATGTGAACCG_004,105
TCGGAGGTAAATGTGAACCG_005,149
TCGGAGGTAAATGTGAACCG_006,33
TCGGAGGTAAATGTGAACCG_007,160
TCGGAGGTAAATGTGAACCG_008,115
TCGGAGGTAAATGTGAACCG_009,41
TCGGAGGTAAATGTGAACCG_010,83
TCGGAGGTAAATGTGAACCG_011,133
TCGGAGGTAAATGTGAACCG_012,184
TCGGAGGTAAATGTGAACCG_013,85
GAAAAGCCATTTGATGTATG_001,69
GAAAAGCCATTTGATGTATG_002,88
GAAAAGCCATTTGATGTATG_003,197
GAAAAGCCATTTGATGTATG_004,146
GAAAAGCCATTTGATGTATG_005,11
GAAAAGCCATTTGATGTATG_006,186
GAAAAGCCATTTGATGTATG_007,64
GAAAAGCCATTTGATGTATG_008,41
GAAAAGCCATTTGATGTATG_009,145
GCTCGACTACGTGTACGGAG_001,19
GTGTCAACTTCCAAACCACG_001,66
GTGTCAACTTCCAAACCACG_002,74
GTGTCAACTTCCAAACCACG_003,152
GTGTCAACTTCCAAACCACG_004,144
TCAGCGCTGACAGATCTGGG_001,36
TCAGCGCTGACAGATCTGGG_002,63
TCAGCGCTGACAGATCTGGG_003,115
GTATTGTGTTCACAAACCAG_001,7
GTATTGTGTTCACAAACCAG_002,2
GTATTGTGTTCACAAACCAG_003,43
GTATTGTGTTCACAAACCAG_004,96
CTCCCCAACAACCTTGCGCA_001,177
CTCCCCAACAACCTTGCGCA_002,48
CTCCCCAACAACCTTGCGCA_003,121
CTCCCCAACAACCTTGCGCA_004,2
CTCCCCAACAACCTTGCGCA_005,14
CTCCCCAACAACCTTGCGCA_006,166
CTCCCCAACAACCTTGCGCA_007,170
CTCCCCAACAACCTTGCGCA_008,147
CTCCCCAACAACCTTGCGCA_009,165
CTCCCCAACAACCTTGCGCA_010,145
CTCCCCAACAACCTTGCGCA_011,132
CTCCCCAACAACCTTGCGCA_012,108
CTCCCCAACAACCTTGCGCA_013,131
CTCCCCAACAACCTTGCGCA_014,77
CTCCCCAACAACCTTGCGCA_015,180
CTCCCCAACAACCTTGCGCA_016,137
CTCCCCAACAACCTTGCGCA_017,91
CTCCCCAACAACCTTGCGCA_018,141
CTCCCCAACAACCTTGCGCA_019,129
CTCCCCAACAACCTTGCGCA_020,83
CTCCCCAACAACCTTGCGCA_021,157
AGGAGCTAAGCGTCATCGCA_001,22
AGGAGCTAAGCGTCATCGCA_002,183
AGGAGCTAAGCGTCATCGCA_003,123
AGGAGCTAAGCGTCATCGCA_004,176
AGGAGCTAAGCGTCATCGCA_005,41
AGGAGCTAAGCGTCATCGCA_006,93
AGGAGCTAAGCGTCATCGCA_007,111
AGGAGCTAAGCGTCATCGCA_008,61
AGGAGCTAAGCGTCATCGCA_009,64
AGGAGCTAAGCGTCATCGCA_010,25
AGGAGCTAAGCGTCATCGCA_011,158
AGGAGCTAAGCGTCATCGCA_012,25
AGGAGCTAAGCGTCATCGCA_013,40
AGGAGCTAAGCGTCATCGCA_014,88
AGGAGCTAAGCGTCATCGCA_015,78
AGGAGCTAAGCGTCATCGCA_016,94
AGGAGCTAAGCGTCATCGCA_017,145
AGGAGCTAAGCGTCATCGCA_018,121
AGGAGCTAAGCGTCATCGCA_019,108
AGGAGCTAAGCGTCATCGCA_020,191
AGGAGCTAAGCGTCATCGCA_021,49
AGGAGCTAAGCGTCATCGCA_022,4
GTCCGGCAACTCTTCACTGG_001,10
GTCCGGCAACTCTTCACTGG_002,50
GTCCGGCAACTCTTCACTGG_003,153
GTCCGGCAACTCTTCACTGG_004,137
GTCCGGCAACTCTTCACTGG_005,9
GTCCGGCAACTCTTCACTGG_006,149
GTCCGGCAACTCTTCACTGG_007,77
GTCCGGCAACTCTTCACTGG_008,75
GTCCGGCAACTCTTCACTGG_009,155
TGACATTGAGATTACACGAG_001,51
TGACATTGAGATTACACGAG_002,149
TGACATTGAGATTACACGAG_003,79
TGACATTGAGATTACACGAG_004,102
TGACATTGAGATTACACGAG_005,41
TGACATTGAGATTACACGAG_006,39
TGGGCCACAAGCCTTTACTC_001,92
TGGGCCACAAGCCTTTACTC_002,15
TGGGCCACAAGCCTTTACTC_003,78
TGGGCCACAAGCCTTTACTC_004,62
TGGGCCACAAGCCTTTACTC_005,150
GCTGAGATCCACGGCCAACA_001,49
GCTGAGATCCACGGCCAACA_002,149
GCTGAGATCCACGGCCAACA_003,27
GCTGAGATCCACGGCCAACA_004,91
GCTGAGATCCACGGCCAACA_005,170
AGATAATAGTCAGCCCTGAA_001,65
AGATAATAGTCAGCCCTGAA_002,84
AGATAATAGTCAGCCCTGAA_003,58
AGATAATAGTCAGCCCTGAA_004,49
AGATAATAGTCAGCCCTGAA_005,166
AGATAATAGTCAGCCCTGAA_006,94
AGATAATAGTCAGCCCTGAA_007,164
AGATAATAGTCAGCCCTGAA_008,164
AGATAATAGTCAGCCCTGAA_009,148
CAAAGTGGTTGAGGTTACGG_001,96
CAAAGTGGTTGAGGTTACGG_002,186
CAAAGTGGTTGAGGTTACGG_003,170
CAAAGTGGTTGAGGTTACGG_004,36
CAAAGTGGTTGAGGTTACGG_005,151
CAAAGTGGTTGAGGTTACGG_006,197
CAAAGTGGTTGAGGTTACGG_007,88
AACCTGACAGCATCGAGCGA_001,125
AACCTGACAGCATCGAGCGA_002,94
AACCTGACAGCATCGAGCGA_003,191
AACCTGACAGCATCGAGCGA_004,189
AACCTGACAGCATCGAGCGA_005,128
AACCTGACAGCATCGAGCGA_006,176
AACCTGACAGCATCGAGCGA_007,82
AACCTGACAGCATCGAGCGA_008,15
AACCTGACAGCATCGAGCGA_009,105
AACCTGACAGCATCGAGCGA_010,16
AACCTGACAGCATCGAGCGA_011,81
AACCTGACAGCATCGAGCGA_012,3
AACCTGACAGCATCGAGCGA_013,31
AACCTGACAGCATCGAGCGA_014,49
AACCTGACAGCATCGAGCGA_015,56
AACCTGACAGCATCGAGCGA_016,155
AACCTGACAGCATCGAGCGA_017,81
AACCTGACAGCATCGAGCGA_018,63
AACCTGACAGCATCGAGCGA_019,138
GCAACTTGTCACAGACGCAG_001,159
GCAACTTGTCACAGACGCAG_002,28
GCAACTTGTCACAGACGCAG_003,113
GCAACTTGTCACAGACGCAG_004,81
GCAACTTGTCACAGACGCAG_005,63
GCAACTTGTCACAGACGCAG_006,63
GCAACTTGTCACAGACGCAG_007,160
TGATGTTAGAAGAAGAACTG_001,43
TGATGTTAGAAGAAGAACTG_002,118
TGATGTTAGAAGAAGAACTG_003,5
TGATGTTAGAAGAAGAACTG_004,133
TGATGTTAGAAGAAGAACTG_005,8
TGATGTTAGAAGAAGAACTG_006,144
TGATGTTAGAAGAAGAACTG_007,29
TGATGTTAGAAGAAGAACTG_008,29
TGATGTTAGAAGAAGAACTG_009,137
TGATGTTAGAAGAAGAACTG_010,149
TGATGTTAGAAGAAGAACTG_011,199
TGATGTTAGAAGAAGAACTG_012,177
TGATGTTAGAAGAAGAACTG_013,178
TGATGTTAGAAGAAGAACTG_014,178
TGATGTTAGAAGAAGAACTG_015,140
TGATGTTAGAAGAAGAACTG_016,146
TGATGTTAGAAGAAGAACTG_017,145
TGATGTTAGAAGAAGAACTG_018,5
TGATGTTAGAAGAAGAACTG_019,66
TGATGTTAGAAGAAGAACTG_020,66
CCAGGCGACTCCCATCAGGG_001,181
CCAGGCGACTCCCATCAGGG_002,49
CCAGGCGACTCCCATCAGGG_003,42
CCAGGCGACTCCCATCAGGG_004,29
CCAGGCGACTCCCATCAGGG_005,66
CCAGGCGACTCCCATCAGGG_006,128
CCAGGCGACTCCCATCAGGG_007,98
CCAGGCGACTCCCATCAGGG_008,165
CCAGGCGACTCCCATCAGGG_009,179
CCAGGCGACTCCCATCAGGG_010,62
CCAGGCGACTCCCATCAGGG_011,80
CCAGGCGACTCCCATCAGGG_012,99
CCAGGCGACTCCCATCAGGG_013,144
CCAGGCGACTCCCATCAGGG_014,50
CCAGGCGACTCCCATCAGGG_015,180
AGCCTGCTATGCATTATCGT_001,40
AGCCTGCTATGCATTATCGT_002,28
AGCCTGCTATGCATTATCGT_003,85
CCAGGGCCGGGTAACCACTG_001,185
CCAGGGCCGGGTAACCACTG_002,61
CCAGGGCCGGGTAACCACTG_003,179
CCAGGGCCGGGTAACCACTG_004,157
CCAGGGCCGGGTAACCACTG_005,134
CCAGGGCCGGGTAACCACTG_006,48
CCAGGGCCGGGTAACCACTG_007,149
CCAGGGCCGGGTAACCACTG_008,17
CCAGGGCCGGGTAACCACTG_009,176
CCAGGGCCGGGTAACCACTG_010,27
CCAGGGCCGGGTAACCACTG_011,9
CCAGGGCCGGGTAACCACTG_012,91
AAGATGAACAGGAAAACAAA_001,29
AAGATGAACAGGAAAACAAA_002,75
AAGATGAACAGGAAAACAAA_003,144
AAGATGAACAGGAAAACAAA_004,129
GCATTTGCGATCTCAAGAAG_001,60
GCATTTGCGATCTCAAGAAG_002,114
GCATTTGCGATCTCAAGAAG_003,194
GCATTTGCGATCTCAAGAAG_004,189
GCATTTGCGATCTCAAGAAG_005,81
ACAGACAGAGAACGTGACAG_001,162
ACAGACAGAGAACGTGACAG_002,81
ACAGACAGAGAACGTGACAG_003,147
ACAGACAGAGAACGTGACAG_004,144
ACAGACAGAGAACGTGACAG_005,158
ACAGACAGAGAACGTGACAG_006,133
ACAGACAGAGAACGTGACAG_007,176
ACAGACAGAGAACGTGACAG_008,2
ACAGACAGAGAACGTGACAG_009,161
ACAGACAGAGAACGTGACAG_010,94
ACAGACAGAGAACGTGACAG_011,178
ACAGACAGAGAACGTGACAG_012,80
ACAGACAGAGAACGTGACAG_013,47
ACAGACAGAGAACGTGACAG_014,127
AGCTGCACAGTCCTTAGCGG_001,84
AGCTGCACAGTCCTTAGCGG_002,118
CCAGGTGGGAATAATGCCCT_001,98
CCAGGTGGGAATAATGCCCT_002,36
CCAGGTGGGAATAATGCCCT_003,83
CCAGGTGGGAATAATGCCCT_004,174
CCAGGTGGGAATAATGCCCT_005,181
CCAGGTGGGAATAATGCCCT_006,163
CCAGGTGGGAATAATGCCCT_007,159
GGACCGTAAGTACCCAGAAA_001,135
GGACCGTAAGTACCCAGAAA_002,189
GGACCGTAAGTACCCAGAAA_003,4
GGACCGTAAGTACCCAGAAA_004,162
GCAAATTGTTGGATATGGTG_001,102
GCAAATTGTTGGATATGGTG_002,71
GCAAATTGTTGGATATGGTG_003,154
GCAAATTGTTGGATATGGTG_004,66
GCAAATTGTTGGATATGGTG_005,83
AAGTATCGGTAGAGCTGCAG_001,16
AAGTATCGGTAGAGCTGCAG_002,90
AAGTATCGGTAGAGCTGCAG_003,149
AAGTATCGGTAGAGCTGCAG_004,183
AAGTATCGGTAGAGCTGCAG_005,42
AAGTATCGGTAGAGCTGCAG_006,127
AAGTATCGGTAGAGCTGCAG_007,59
AAGTATCGGTAGAGCTGCAG_008,175
AAGTATCGGTAGAGCTGCAG_009,99
AAGTATCGGTAGAGCTGCAG_010,159
AAGTATCGGTAGAGCTGCAG_011,95
AAGTATCGGTAGAGCTGCAG_012,2
AAGTATCGGTAGAGCTGCAG_013,135
AAGTATCGGTAGAGCTGCAG_014,130
AAGTATCGGTAGAGCTGCAG_015,131
AAGTATCGGTAGAGCTGCAG_016,131
AAGTATCGGTAGAGCTGCAG_017,34
AAGTATCGGTAGAGCTGCAG_018,117
AAGTATCGGTAGAGCTGCAG_019,172
AAGTATCGGTAGAGCTGCAG_020,69
AAGTATCGGTAGAGCTGCAG_021,118
GGAAACGTTGCAAATTCCGA_001,102
GGAAACGTTGCAAATTCCGA_002,152
GGAAACGTTGCAAATTCCGA_003,178
GGAAACGTTGCAAATTCCGA_004,108
GGAAACGTTGCAAATTCCGA_005,175
GGAAACGTTGCAAATTCCGA_006,141
TCCTCATCCAGGATCACGGA_001,21
TCCTCATCCAGGATCACGGA_002,26
TCCTCATCCAGGATCACGGA_003,125
GCCACCCTTCGACATGTGGA_001,172
GCCACCCTTCGACATGTGGA_002,193
GCCACCCTTCGACATGTGGA_003,2
GCCACCCTTCGACATGTGGA_004,30
GCCACCCTTCGACATGTGGA_005,21
GCCACCCTTCGACATGTGGA_006,60
GCCACCCTTCGACATGTGGA_007,101
GCCACCCTTCGACATGTGGA_008,167
GCCACCCTTCGACATGTGGA_009,167
GCCACCCTTCGACATGTGGA_010,170
GCCACCCTTCGACATGTGGA_011,198
GCCACCCTTCGACATGTGGA_012,28
GCCACCCTTCGACATGTGGA_013,19
GGATGCACTGAGCAGCGTGC_001,33
GGATGCACTGAGCAGCGTGC_002,193
GGATGCACTGAGCAGCGTGC_003,56
GGATGCACTGAGCAGCGTGC_004,16
GGATGCACTGAGCAGCGTGC_005,109
GGATGCACTGAGCAGCGTGC_006,51
GGATGCACTGAGCAGCGTGC_007,165
GGATGCACTGAGCAGCGTGC_008,42
GGATGCACTGAGCAGCGTGC_009,106
GGATGCACTGAGCAGCGTGC_010,48
GGATGCACTGAGCAGCGTGC_011,24
GGATGCACTGAGCAGCGTGC_012,41
GGATGCACTGAGCAGCGTGC_013,162
GGATGCACTGAGCAGCGTGC_014,71
GGATGCACTGAGCAGCGTGC_015,13
GGATGCACTGAGCAGCGTGC_016,0
GGATGCACTGAGCAGCGTGC_017,132
GGATGCACTGAGCAGCGTGC_018,178
GGATGCACTGAGCAGCGTGC_019,48
GGATGCACTGAGCAGCGTGC_020,85
GGATGCACTGAGCAGCGTGC_021,129
GGATGCACTGAGCAGCGTGC_022,68
GGATGCACTGAGCAGCGTGC_023,101
GGATGCACTGAGCAGCGTGC_024,96
GGATGCACTGAGCAGCGTGC_025,151
GGATGCACTGAGCAGCGTGC_026,151
GGATGCACTGAGCAGCGTGC_027,72
GGATGCACTGAGCAGCGTGC_028,65
GGATGCACTGAGCAGCGTGC_029,178
ATCGCCTCTTTCCTCAATTG_001,170
ATCGCCTCTTTCCTCAATTG_002,29
ATCGCCTCTTTCCTCAATTG_003,43
ATCGCCTCTTTCCTCAATTG_004,82
ATCGCCTCTTTCCTCAATTG_005,104
ATCGCCTCTTTCCTCAATTG_006,154
ATCGCCTCTTTCCTCAATTG_007,176
ATCGCCTCTTTCCTCAATTG_008,4
ATCGCCTCTTTCCTCAATTG_009,4
ATCGCCTCTTTCCTCAATTG_010,86
ATCGCCTCTTTCCTCAATTG_011,191
ATCGCCTCTTTCCTCAATTG_012,3
ATCGCCTCTTTCCTCAATTG_013,155
ATCGCCTCTTTCCTCAATTG_014,83
ATCGCCTCTTTCCTCAATTG_015,166
ATCGCCTCTTTCCTCAATTG_016,50
ATCGCCTCTTTCCTCAATTG_017,27
ATCGCCTCTTTCCTCAATTG_018,119
ATCGCCTCTTTCCTCAATTG_019,66
ATCGCCTCTTTCCTCAATTG_020,49
ATCGCCTCTTTCCTCAATTG_021,52
ATCGCCTCTTTCCTCAATTG_022,19
ATCGCCTCTTTCCTCAATTG_023,174
ATCGCCTCTTTCCTCAATTG_024,37
ATCGCCTCTTTCCTCAATTG_025,104
ATCGCCTCTTTCCTCAATTG_026,96
CCAGGAGGGAATCGACAATG_001,46
CCAGGAGGGAATCGACAATG_002,43
CCAGGAGGGAATCGACAATG_003,83
CCAGGAGGGAATCGACAATG_004,19
CCAGGAGGGAATCGACAATG_005,24
CCAGGAGGGAATCGACAATG_006,184
CCAGGAGGGAATCGACAATG_007,155
CCAGGAGGGAATCGACAATG_008,63
CCAGGAGGGAATCGACAATG_009,180
CCAGGAGGGAATCGACAATG_010,138
TGGGCATCGAGTTTAACCCT_001,40
TGGGCATCGAGTTTAACCCT_002,182
TGGGCATCGAGTTTAACCCT_003,94
TGGGCATCGAGTTTAACCCT_004,170
TGGGCATCGAGTTTAACCCT_005,134
TGGGCATCGAGTTTAACCCT_006,198
TGGGCATCGAGTTTAACCCT_007,176
TGGGCATCGAGTTTAACCCT_008,63
TGGGCATCGAGTTTAACCCT_009,105
TGGGCATCGAGTTTAACCCT_010,188
TGGGCATCGAGTTTAACCCT_011,80
AGACTCACTTATGTGCACAA_001,112
AGACTCACTTATGTGCACAA_002,112
AGACTCACTTATGTGCACAA_003,0
CGGGAATAGGACCTATGGCG_001,47
CGGGAATAGGACCTATGGCG_002,80
CGGGAATAGGACCTATGGCG_003,149
CGGGAATAGGACCTATGGCG_004,19
GATGCCACATTGTTGACAGG_001,81
GATGCCACATTGTTGACAGG_002,141
GATGCCACATTGTTGACAGG_003,112
GATGCCACATTGTTGACAGG_004,31
GCCGCCGCCTACAACTTGGG_001,141
GCCGCCGCCTACAACTTGGG_002,43
GCCGCCGCCTACAACTTGGG_003,166
GCCGCCGCCTACAACTTGGG_004,169
GCCGCCGCCTACAACTTGGG_005,40
GCCGCCGCCTACAACTTGGG_006,101
GCCGCCGCCTACAACTTGGG_007,22
GCCGCCGCCTACAACTTGGG_008,98
GCCGCCGCCTACAACTTGGG_009,149
GCCGCCGCCTACAACTTGGG_010,184
GCCGCCGCCTACAACTTGGG_011,103
GCCGCCGCCTACAACTTGGG_012,183
GCCGCCGCCTACAACTTGGG_013,133
GCCGCCGCCTACAACTTGGG_014,144
GCCGCCGCCTACAACTTGGG_015,124
GCCGCCGCCTACAACTTGGG_016,150
TGTGACATTTCTCATGTCGG_001,41
TGTGACATTTCTCATGTCGG_002,2
TGTGACATTTCTCATGTCGG_003,34
TGTGACATTTCTCATGTCGG_004,169
AGCCACGAAGAGGACAATGG_001,130
AGCCACGAAGAGGACAATGG_002,111
AGCCACGAAGAGGACAATGG_003,27
AGCCACGAAGAGGACAATGG_004,127
AGCCACGAAGAGGACAATGG_005,64
AGCCACGAAGAGGACAATGG_006,190
AGCCACGAAGAGGACAATGG_007,176
AGCCACGAAGAGGACAATGG_008,127
AGCCACGAAGAGGACAATGG_009,107
AGCCACGAAGAGGACAATGG_010,113
AGCCACGAAGAGGACAATGG_011,134
AGCCACGAAGAGGACAATGG_012,35
AGCCACGAAGAGGACAATGG_013,19
AGCCACGAAGAGGACAATGG_014,130
AGCCACGAAGAGGACAATGG_015,192
AGCCACGAAGAGGACAATGG_016,127
AGCCACGAAGAGGACAATGG_017,153
AGCCACGAAGAGGACAATGG_018,130
AGCCACGAAGAGGACAATGG_019,150
AGCCACGAAGAGGACAATGG_020,145
AGCCACGAAGAGGACAATGG_021,60
AGCCACGAAGAGGACAATGG_022,14
AGCCACGAAGAGGACAATGG_023,10
AGCCACGAAGAGGACAATGG_024,123
AGCCACGAAGAGGACAATGG_025,126
AGCCACGAAGAGGACAATGG_026,158
AGCCACGAAGAGGACAATGG_027,188
AGCCACGAAGAGGACAATGG_028,199
AGCCACGAAGAGGACAATGG_029,148
AGCCACGAAGAGGACAATGG_030,121
AGCCACGAAGAGGACAATGG_031,199
AGCCACGAAGAGGACAATGG_032,94
AGCCACGAAGAGGACAATGG_033,27
AGCCACGAAGAGGACAATGG_034,56
AGCCACGAAGAGGACAATGG_035,78
AGCCACGAAGAGGACAATGG_036,3
AGCCACGAAGAGGACAATGG_037,39
AGCCACGAAGAGGACAATGG_038,19
AGCCACGAAGAGGACAATGG_039,198
CAAGGAAGCTGGGATCAGCA_001,147
CAAGGAAGCTGGGATCAGCA_002,150
CAAGGAAGCTGGGATCAGCA_003,76
CAAGGAAGCTGGGATCAGCA_004,150
CAAGGAAGCTGGGATCAGCA_005,132
CAAGGAAGCTGGGATCAGCA_006,168
CAAGGAAGCTGGGATCAGCA_007,0
TGCTGAGAAGTCCAATCGAA_001,50
TGCTGAGAAGTCCAATCGAA_002,182
TGCTGAGAAGTCCAATCGAA_003,181
TGCTGAGAAGTCCAATCGAA_004,48
TGCTGAGAAGTCCAATCGAA_005,117
TGCTGAGAAGTCCAATCGAA_006,104
TGCTGAGAAGTCCAATCGAA_007,181
TGCTGAGAAGTCCAATCGAA_008,46
TGCTGAGAAGTCCAATCGAA_009,111
TGGCGGCATCATAGTCAGGG_001,14
TGGCGGCATCATAGTCAGGG_002,30
TGGCGGCATCATAGTCAGGG_003,2
GGCACAACGAGGATCTAGCA_001,159
GGCACAACGAGGATCTAGCA_002,95
GGCACAACGAGGATCTAGCA_003,192
GGCACAACGAGGATCTAGCA_004,123
GGCACAACGAGGATCTAGCA_005,3
GGCACAACGAGGATCTAGCA_006,105
GGCACAACGAGGATCTAGCA_007,2
GGCACAACGAGGATCTAGCA_008,98
GGCACAACGAGGATCTAGCA_009,89
GGTGCTCTAGATCAGGCACA_001,127
GGTGCTCTAGATCAGGCACA_002,16
GGTGCTCTAGATCAGGCACA_003,88
GGTGCTCTAGATCAGGCACA_004,11
GGTGCTCTAGATCAGGCACA_005,5
GGTGCTCTAGATCAGGCACA_006,104
GGTGCTCTAGATCAGGCACA_007,164
GGTGCTCTAGATCAGGCACA_008,164
GGTGCTCTAGATCAGGCACA_009,113
GGTGCTCTAGATCAGGCACA_010,148
GGTGCTCTAGATCAGGCACA_011,89
GGTGCTCTAGATCAGGCACA_012,81
GGTGCTCTAGATCAGGCACA_013,160
GGTGCTCTAGATCAGGCACA_014,82
GGTGCTCTAGATCAGGCACA_015,2
GGTGCTCTAGATCAGGCACA_016,17
GGTGCTCTAGATCAGGCACA_017,3
GGTGCTCTAGATCAGGCACA_018,48
GGTGCTCTAGATCAGGCACA_019,198
GGTGCTCTAGATCAGGCACA_020,6
GGTGCTCTAGATCAGGCACA_021,114
ATGTAGTGGGAATAATCTAA_001,0
ATGTAGTGGGAATAATCTAA_002,61
GGGCGCACGGTACAGCAGGG_001,69
GGGCGCACGGTACAGCAGGG_002,113
GGGCGCACGGTACAGCAGGG_003,23
GGGCGCACGGTACAGCAGGG_004,77
GGGCGCACGGTACAGCAGGG_005,176
GGGCGCACGGTACAGCAGGG_006,77
GGGCGCACGGTACAGCAGGG_007,137
GGGCGCACGGTACAGCAGGG_008,126
GGGCGCACGGTACAGCAGGG_009,80
ACAGAATGGCACATCAACTG_001,49
ACAGAATGGCACATCAACTG_002,146
ACAGAATGGCACATCAACTG_003,117
ACAGAATGGCACATCAACTG_004,103
ACAGAATGGCACATCAACTG_005,1
ACAGAATGGCACATCAACTG_006,6
ATATCAAGTTCCTGAAGCAG_001,94
ATATCAAGTTCCTGAAGCAG_002,17
ATATCAAGTTCCTGAAGCAG_003,172
ATATCAAGTTCCTGAAGCAG_004,183
ATATCAAGTTCCTGAAGCAG_005,28
ATATCAAGTTCCTGAAGCAG_006,182
ATATCAAGTTCCTGAAGCAG_007,98
ATATCAAGTTCCTGAAGCAG_008,133
ATATCAAGTTCCTGAAGCAG_009,133
ATATCAAGTTCCTGAAGCAG_010,181
ATATCAAGTTCCTGAAGCAG_011,194
ATATCAAGTTCCTGAAGCAG_012,95
ATATCAAGTTCCTGAAGCAG_013,198
ATATCAAGTTCCTGAAGCAG_014,162
CCAATAGTGCCACCCACTCG_001,1
CCAATAGTGCCACCCACTCG_002,94
CCAATAGTGCCACCCACTCG_003,115
AAGCTGAAGTCATCAACGGA_001,127
AAGCTGAAGTCATCAACGGA_002,163
AAGCTGAAGTCATCAACGGA_003,117
AAGCTGAAGTCATCAACGGA_004,182
AAGCTGAAGTCATCAACGGA_005,40
AAGCTGAAGTCATCAACGGA_006,63
AAGCTGAAGTCATCAACGGA_007,182
AAGCTGAAGTCATCAACGGA_008,198
AAGCTGAAGTCATCAACGGA_009,188
AAGCTGAAGTCATCAACGGA_010,88
CCACACGTTTACATTTCGTG_001,186
CCACACGTTTACATTTCGTG_002,61
CCACACGTTTACATTTCGTG_003,120
CCACACGTTTACATTTCGTG_004,119
CCACACGTTTACATTTCGTG_005,80
CCACACGTTTACATTTCGTG_006,199
CCACACGTTTACATTTCGTG_007,6
CCACACGTTTACATTTCGTG_008,138
CCACACGTTTACATTTCGTG_009,76
CCACACGTTTACATTTCGTG_010,166
CTCTGCTGTTCAGTGAAGTG_001,74
CTCTGCTGTTCAGTGAAGTG_002,191
CTCTGCTGTTCAGTGAAGTG_003,28
CTCTGCTGTTCAGTGAAGTG_004,157
CTCTGCTGTTCAGTGAAGTG_005,73
CTCTGCTGTTCAGTGAAGTG_006,184
CTCTGCTGTTCAGTGAAGTG_007,53
CTCTGCTGTTCAGTGAAGTG_008,121
CAGACACTGGGCCATCCTGG_001,158
CAGACACTGGGCCATCCTGG_002,43
CAGACACTGGGCCATCCTGG_003,197
CAGACACTGGGCCATCCTGG_004,158
CAGACACTGGGCCATCCTGG_005,144
CAGACACTGGGCCATCCTGG_006,9
CAGACACTGGGCCATCCTGG_007,82
CAGACACTGGGCCATCCTGG_008,177
CAGACACTGGGCCATCCTGG_009,143
CAGACACTGGGCCATCCTGG_010,100
CAGACACTGGGCCATCCTGG_011,168
CAGACACTGGGCCATCCTGG_012,23
CAGACACTGGGCCATCCTGG_013,48
CAGACACTGGGCCATCCTGG_014,171
CAGACACTGGGCCATCCTGG_015,198
CAGACACTGGGCCATCCTGG_016,1
CAGACACTGGGCCATCCTGG_017,130
CAGACACTGGGCCATCCTGG_018,56
CAGACACTGGGCCATCCTGG_019,162
CAGACACTGGGCCATCCTGG_020,137
CAGACACTGGGCCATCCTGG_021,113
CAGACACTGGGCCATCCTGG_022,40
GGCCCCATGGATAATCACCA_001,125
GGCCCCATGGATAATCACCA_002,144
GGCCCCATGGATAATCACCA_003,67
GGCCCCATGGATAATCACCA_004,29
GGCCCCATGGATAATCACCA_005,2
GGCCCCATGGATAATCACCA_006,32
GGCCCCATGGATAATCACCA_007,173
GGCCCCATGGATAATCACCA_008,147
GGCCCCATGGATAATCACCA_009,143
GGCCCCATGGATAATCACCA_010,62
GGCCCCATGGATAATCACCA_011,161
GGCCCCATGGATAATCACCA_012,48
GGCCCCATGGATAATCACCA_013,105
GGCCCCATGGATAATCACCA_014,150
GGCCCCATGGATAATCACCA_015,84
GGCCCCATGGATAATCACCA_016,162
GGCCCCATGGATAATCACCA_017,52
GGCCCCATGGATAATCACCA_018,174
GGCCCCATGGATAATCACCA_019,74
GGCCCCATGGATAATCACCA_020,120
GGCCCCATGGATAATCACCA_021,5
GGCCCCATGGATAATCACCA_022,18
GTATCCTTGATGTTATCAGG_001,154
GTATCCTTGATGTTATCAGG_002,17
GTATCCTTGATGTTATCAGG_003,1
GTATCCTTGATGTTATCAGG_004,110
GTGGATGCCAAAGTGTGCGT_001,94
GTGGATGCCAAAGTGTGCGT_002,160
GTGGATGCCAAAGTGTGCGT_003,194
GTGGATGCCAAAGTGTGCGT_004,73
GTGGATGCCAAAGTGTGCGT_005,166
GTGGATGCCAAAGTGTGCGT_006,150
GTGGATGCCAAAGTGTGCGT_007,168
GTGGATGCCAAAGTGTGCGT_008,140
GTGGATGCCAAAGTGTGCGT_009,10
GTGGATGCCAAAGTGTGCGT_010,153
GTGGATGCCAAAGTGTGCGT_011,29
GTGGATGCCAAAGTGTGCGT_012,29
GTGGATGCCAAAGTGTGCGT_013,62
GTGGATGCCAAAGTGTGCGT_014,102
GTGGATGCCAAAGTGTGCGT_015,4
GTGGATGCCAAAGTGTGCGT_016,69
GTGGATGCCAAAGTGTGCGT_017,186
GTGGATGCCAAAGTGTGCGT_018,65
GTGGATGCCAAAGTGTGCGT_019,49
GTGGATGCCAAAGTGTGCGT_020,199
GTGGATGCCAAAGTGTGCGT_021,145
GTGGATGCCAAAGTGTGCGT_022,76
GTGGATGCCAAAGTGTGCGT_023,105
GTGGATGCCAAAGTGTGCGT_024,140
GTGGATGCCAAAGTGTGCGT_025,159
GTGGATGCCAAAGTGTGCGT_026,38
GTGGATGCCAAAGTGTGCGT_027,155
GTGGATGCCAAAGTGTGCGT_028,76
GTGGATGCCAAAGTGTGCGT_029,130
GTGGATGCCAAAGTGTGCGT_030,120
GTGGATGCCAAAGTGTGCGT_031,198
GTGGATGCCAAAGTGTGCGT_032,126
GTGGATGCCAAAGTGTGCGT_033,144
GTGGATGCCAAAGTGTGCGT_034,29
GTGGATGCCAAAGTGTGCGT_035,70
GTGGATGCCAAAGTGTGCGT_036,62
GTGGATGCCAAAGTGTGCGT_037,104
GTGGATGCCAAAGTGTGCGT_038,136
GTGGATGCCAAAGTGTGCGT_039,68
GTGGATGCCAAAGTGTGCGT_040,104
CATCATCATATCGCCCTGTG_001,4
CATCATCATATCGCCCTGTG_002,20
TCCCCACAGAAGGTTGAGGG_001,105
TCCCCACAGAAGGTTGAGGG_002,101
TCCCCACAGAAGGTTGAGGG_003,112
TCCCCACAGAAGGTTGAGGG_004,166
TCCCCACAGAAGGTTGAGGG_005,81
TCCCCACAGAAGGTTGAGGG_006,127
TCCCCACAGAAGGTTGAGGG_007,139
TCCCCACAGAAGGTTGAGGG_008,55
TCCCCACAGAAGGTTGAGGG_009,142
TCCCCACAGAAGGTTGAGGG_010,45
TCCCCACAGAAGGTTGAGGG_011,194
TCCCCACAGAAGGTTGAGGG_012,50
TCCCCACAGAAGGTTGAGGG_013,184
TCCCCACAGAAGGTTGAGGG_014,199
TCCCCACAGAAGGTTGAGGG_015,41
TCCCCACAGAAGGTTGAGGG_016,60
TCCCCACAGAAGGTTGAGGG_017,4
TCCCCACAGAAGGTTGAGGG_018,197
TCCCCACAGAAGGTTGAGGG_019,152
TCCCCACAGAAGGTTGAGGG_020,188
TCCCCACAGAAGGTTGAGGG_021,188
TCCCCACAGAAGGTTGAGGG_022,199
TCCCCACAGAAGGTTGAGGG_023,65
TTTGCACAATACCTGATCAC_001,188
TTTGCACAATACCTGATCAC_002,49
TTTGCACAATACCTGATCAC_003,127
ACTATAGGTAGAGCCTGTAG_001,176
ACTATAGGTAGAGCCTGTAG_002,171
ACTATAGGTAGAGCCTGTAG_003,147
ACTATAGGTAGAGCCTGTAG_004,146
AATCACCATCTTCGTCATGG_001,70
AATCACCATCTTCGTCATGG_002,20
AATCACCATCTTCGTCATGG_003,102
AATCACCATCTTCGTCATGG_004,23
AATCACCATCTTCGTCATGG_005,116
AATCACCATCTTCGTCATGG_006,183
AATCACCATCTTCGTCATGG_007,125
AATCACCATCTTCGTCATGG_008,152
AATCACCATCTTCGTCATGG_009,180
TGGTTCCGCCGCTGTATCGG_001,88
TGGTTCCGCCGCTGTATCGG_002,24
TGGTTCCGCCGCTGTATCGG_003,100
TGGTTCCGCCGCTGTATCGG_004,27
TGGTTCCGCCGCTGTATCGG_005,82
TGGTTCCGCCGCTGTATCGG_006,5
TGGTTCCGCCGCTGTATCGG_007,147
TGGTTCCGCCGCTGTATCGG_008,128
TGGTTCCGCCGCTGTATCGG_009,24
TGGTTCCGCCGCTGTATCGG_010,17
TGGTTCCGCCGCTGTATCGG_011,44
TGGTTCCGCCGCTGTATCGG_012,174
TGGTTCCGCCGCTGTATCGG_013,149
TGGTTCCGCCGCTGTATCGG_014,165
TGGTTCCGCCGCTGTATCGG_015,125
TGGTTCCGCCGCTGTATCGG_016,17
TGGTTCCGCCGCTGTATCGG_017,104
TGGTTCCGCCGCTGTATCGG_018,106
TGGTTCCGCCGCTGTATCGG_019,104
TGGTTCCGCCGCTGTATCGG_020,15
TGACACATTGATATTGACAC_001,149
TGACACATTGATATTGACAC_002,38
CCACCCCATGCAAACCATCA_001,143
CCACCCCATGCAAACCATCA_002,143
CCACCCCATGCAAACCATCA_003,9
CCACCCCATGCAAACCATCA_004,172
CCACCCCATGCAAACCATCA_005,67
CCACCCCATGCAAACCATCA_006,28
CCACCCCATGCAAACCATCA_007,18
AAATCCTGATAGTGGCATCG_001,133
AAATCCTGATAGTGGCATCG_002,92
AAATCCTGATAGTGGCATCG_003,44
AAATCCTGATAGTGGCATCG_004,84
GTACAGTGAGGGTTGAACAC_001,6
GTACAGTGAGGGTTGAACAC_002,46
GTACAGTGAGGGTTGAACAC_003,103
GTACAGTGAGGGTTGAACAC_004,118
GTACAGTGAGGGTTGAACAC_005,161
GTACAGTGAGGGTTGAACAC_006,26
GTACAGTGAGGGTTGAACAC_007,19
GTACAGTGAGGGTTGAACAC_008,106
GTACAGTGAGGGTTGAACAC_009,166
GTACAGTGAGGGTTGAACAC_010,48
GTACAGTGAGGGTTGAACAC_011,165
GTACAGTGAGGGTTGAACAC_012,2
GTACAGTGAGGGTTGAACAC_013,50
GTACAGTGAGGGTTGAACAC_014,19
GTACAGTGAGGGTTGAACAC_015,185
GTACAGTGAGGGTTGAACAC_016,98
GTACAGTGAGGGTTGAACAC_017,16
GTACAGTGAGGGTTGAACAC_018,65
GTACAGTGAGGGTTGAACAC_019,136
AAGTCAACACGGAGTCTACG_001,82
AAGTCAACACGGAGTCTACG_002,106
AAGTCAACACGGAGTCTACG_003,127
AAGTCAACACGGAGTCTACG_004,78
AAGTCAACACGGAGTCTACG_005,145
AAGTCAACACGGAGTCTACG_006,82
AAGTCAACACGGAGTCTACG_007,80
GAAGATGGATCCTCACGCGG_001,193
GAAGATGGATCCTCACGCGG_002,116
GAAGATGGATCCTCACGCGG_003,110
GAAGATGGATCCTCACGCGG_004,74
GAAGATGGATCCTCACGCGG_005,43
GAAGATGGATCCTCACGCGG_006,175
GAAGATGGATCCTCACGCGG_007,88
GAAGATGGATCCTCACGCGG_008,92
GAAGATGGATCCTCACGCGG_009,53
GAAGATGGATCCTCACGCGG_010,170
GAAGATGGATCCTCACGCGG_011,152
GAAGATGGATCCTCACGCGG_012,198
GAAGATGGATCCTCACGCGG_013,36
GAAGATGGATCCTCACGCGG_014,96
GAAGATGGATCCTCACGCGG_015,49
GAAGATGGATCCTCACGCGG_016,38
GAAGATGGATCCTCACGCGG_017,34
GAAGATGGATCCTCACGCGG_018,144
GAAGATGGATCCTCACGCGG_019,73
GAAGATGGATCCTCACGCGG_020,136
GAAGATGGATCCTCACGCGG_021,104
TATTATAGGATACTGTGACC_001,5
TATTATAGGATACTGTGACC_002,135
TATTATAGGATACTGTGACC_003,80
GCGACGGCCATAACGAACCG_001,180
GCGACGGCCATAACGAACCG_002,49
GCGACGGCCATAACGAACCG_003,190
GCGACGGCCATAACGAACCG_004,56
GCGACGGCCATAACGAACCG_005,134
GCGACGGCCATAACGAACCG_006,105
GCGACGGCCATAACGAACCG_007,178
GCGACGGCCATAACGAACCG_008,118
GCGACGGCCATAACGAACCG_009,180
GCGACGGCCATAACGAACCG_010,15
GCGACGGCCATAACGAACCG_011,172
GATCCGAGACATGTACGCCA_001,148
GATCCGAGACATGTACGCCA_002,39
GATCCGAGACATGTACGCCA_003,166
GATCCGAGACATGTACGCCA_004,104
GATCCGAGACATGTACGCCA_005,96
GATCCGAGACATGTACGCCA_006,3
GATCCGAGACATGTACGCCA_007,128
GATCCGAGACATGTACGCCA_008,82
GATCCGAGACATGTACGCCA_009,159
GATCCGAGACATGTACGCCA_010,99
GATCCGAGACATGTACGCCA_011,48
GATCCGAGACATGTACGCCA_012,169
GATCCGAGACATGTACGCCA_013,24
GATCCGAGACATGTACGCCA_014,175
GATCCGAGACATGTACGCCA_015,174
GATCCGAGACATGTACGCCA_016,79
GATCCGAGACATGTACGCCA_017,8
GATCCGAGACATGTACGCCA_018,88
GATCCGAGACATGTACGCCA_019,142
GATCCGAGACATGTACGCCA_020,69
GATCCGAGACATGTACGCCA_021,27
GATCCGAGACATGTACGCCA_022,175
GATCCGAGACATGTACGCCA_023,122
GATCCGAGACATGTACGCCA_024,120
GATCCGAGACATGTACGCCA_025,102
GATCCGAGACATGTACGCCA_026,82
TCCGTCCGCTCGTAGCCTGG_001,178
TCCGTCCGCTCGTAGCCTGG_002,126
TCCGTCCGCTCGTAGCCTGG_003,50
TCCGTCCGCTCGTAGCCTGG_004,105
TCCGTCCGCTCGTAGCCTGG_005,77
TCCGTCCGCTCGTAGCCTGG_006,17
TCCGTCCGCTCGTAGCCTGG_007,77
TCCGTCCGCTCGTAGCCTGG_008,69
TCCGTCCGCTCGTAGCCTGG_009,11
TCCGTCCGCTCGTAGCCTGG_010,10
TCCGTCCGCTCGTAGCCTGG_011,192
TCCGTCCGCTCGTAGCCTGG_012,95
TCCGTCCGCTCGTAGCCTGG_013,111
TCCGTCCGCTCGTAGCCTGG_014,49
TCCGTCCGCTCGTAGCCTGG_015,81
TCCGTCCGCTCGTAGCCTGG_016,166
TCCGTCCGCTCGTAGCCTGG_017,81
CAAATCCCCAACTCATCTCG_001,72
GGGCACAGCACACTCCACGA_001,70
GGGCACAGCACACTCCACGA_002,94
GGGCACAGCACACTCCACGA_003,30
GGGCACAGCACACTCCACGA_004,84
GGGCACAGCACACTCCACGA_005,144
GGGCACAGCACACTCCACGA_006,84
GGGCACAGCACACTCCACGA_007,47
GGGCACAGCACACTCCACGA_008,1
ATGGGACCCTCACCGCCCCG_001,130
ATGGGACCCTCACCGCCCCG_002,8
ATGGGACCCTCACCGCCCCG_003,150
ATGGGACCCTCACCGCCCCG_004,115
ATGGGACCCTCACCGCCCCG_005,20
ATGGGACCCTCACCGCCCCG_006,191
ATGGGACCCTCACCGCCCCG_007,62
ATGGGACCCTCACCGCCCCG_008,147
ATGGGACCCTCACCGCCCCG_009,152
ATGGGACCCTCACCGCCCCG_010,197
ATGGGACCCTCACCGCCCCG_011,5
ATGGGACCCTCACCGCCCCG_012,37
ATGGGACCCTCACCGCCCCG_013,77
ATGGGACCCTCACCGCCCCG_014,6
ATGGGACCCTCACCGCCCCG_015,149
ATGGGACCCTCACCGCCCCG_016,192
ATGGGACCCTCACCGCCCCG_017,136
ATGGGACCCTCACCGCCCCG_018,171
ATGGGACCCTCACCGCCCCG_019,136
ATGGGACCCTCACCGCCCCG_020,198
ATGGGACCCTCACCGCCCCG_021,150
ATGGGACCCTCACCGCCCCG_022,160
ATGGGACCCTCACCGCCCCG_023,184
ATGGGACCCTCACCGCCCCG_024,81
ATGGGACCCTCACCGCCCCG_025,169
ATGGGACCCTCACCGCCCCG_026,67
ATGGGACCCTCACCGCCCCG_027,76
ATGGGACCCTCACCGCCCCG_028,112
ATGGGACCCTCACCGCCCCG_029,44
ATGGGACCCTCACCGCCCCG_030,169
ATGGGACCCTCACCGCCCCG_031,83
ATGGGACCCTCACCGCCCCG_032,112
ATGGGACCCTCACCGCCCCG_033,32
ATGGGACCCTCACCGCCCCG_034,94
ATGGGACCCTCACCGCCCCG_035,50
ATGGGACCCTCACCGCCCCG_036,56
ATGGGACCCTCACCGCCCCG_037,75
ATGGGACCCTCACCGCCCCG_038,177
ATGGGACCCTCACCGCCCCG_039,91
ATGGGACCCTCACCGCCCCG_040,94
ATGGGACCCTCACCGCCCCG_041,147
ATGGGACCCTCACCGCCCCG_042,140
ATGGGACCCTCACCGCCCCG_043,91
ATGGGACCCTCACCGCCCCG_044,30
ATGGGACCCTCACCGCCCCG_045,53
ATGGGACCCTCACCGCCCCG_046,33
ATGGGACCCTCACCGCCCCG_047,162
ATGGGACCCTCACCGCCCCG_048,148
ATGGGACCCTCACCGCCCCG_049,153
ATGGGACCCTCACCGCCCCG_050,63
ATGGGACCCTCACCGCCCCG_051,74
ATGGGACCCTCACCGCCCCG_052,115
ATGGGACCCTCACCGCCCCG_053,26
ATGGGACCCTCACCGCCCCG_054,124
ATGGGACCCTCACCGCCCCG_055,34
ATGGGACCCTCACCGCCCCG_056,135
ATGGGACCCTCACCGCCCCG_057,152
ATGGGACCCTCACCGCCCCG_058,190
GGGTCCTTGAGAGACTTCCG_001,21
GGGTCCTTGAGAGACTTCCG_002,163
GGGTCCTTGAGAGACTTCCG_003,48
GGGTCCTTGAGAGACTTCCG_004,178
GGGTCCTTGAGAGACTTCCG_005,43
GGGTCCTTGAGAGACTTCCG_006,134
GGGTCCTTGAGAGACTTCCG_007,126
GGGTCCTTGAGAGACTTCCG_008,137
GGGTCCTTGAGAGACTTCCG_009,69
GGGTCCTTGAGAGACTTCCG_010,136
GGGTCCTTGAGAGACTTCCG_011,98
TGAGCAGATAGATCACTACA_001,13
TGAGCAGATAGATCACTACA_002,103
GACGGAAAGAAACCAAGCGT_001,168
GACGGAAAGAAACCAAGCGT_002,133
GACGGAAAGAAACCAAGCGT_003,69
GACGGAAAGAAACCAAGCGT_004,192
GACGGAAAGAAACCAAGCGT_005,2
GACGGAAAGAAACCAAGCGT_006,115
GACGGAAAGAAACCAAGCGT_007,174
GACGGAAAGAAACCAAGCGT_008,50
CAGTAAGATTCAGAAACCCA_001,48
CAGTAAGATTCAGAAACCCA_002,103
CAGTAAGATTCAGAAACCCA_003,97
CAGTAAGATTCAGAAACCCA_004,42
CAGTAAGATTCAGAAACCCA_005,54
CAGTAAGATTCAGAAACCCA_006,86
CAGTAAGATTCAGAAACCCA_007,69
CAGTAAGATTCAGAAACCCA_008,119
CAGTAAGATTCAGAAACCCA_009,119
CAGTAAGATTCAGAAACCCA_010,124
AGCGCACGTTGACCGAACCT_001,65
AGCGCACGTTGACCGAACCT_002,33
AGCGCACGTTGACCGAACCT_003,168
AGCGCACGTTGACCGAACCT_004,20
AGCGCACGTTGACCGAACCT_005,57
AGCGCACGTTGACCGAACCT_006,3
AGCGCACGTTGACCGAACCT_007,13
AGCGCACGTTGACCGAACCT_008,46
AGCGCACGTTGACCGAACCT_009,168
AGCGCACGTTGACCGAACCT_010,66
AGCGCACGTTGACCGAACCT_011,191
AGCGCACGTTGACCGAACCT_012,165
AGCGCACGTTGACCGAACCT_013,99
AGCGCACGTTGACCGAACCT_014,43
AGCGCACGTTGACCGAACCT_015,188
AGCGCACGTTGACCGAACCT_016,68
AGCGCACGTTGACCGAACCT_017,70
AGCGCACGTTGACCGAACCT_018,197
AGCGCACGTTGACCGAACCT_019,121
AGCGCACGTTGACCGAACCT_020,169
ATCGACAAACTGGATCCCCC_001,172
ATCGACAAACTGGATCCCCC_002,98
ATCGACAAACTGGATCCCCC_003,148
ATCGACAAACTGGATCCCCC_004,141
ATCGACAAACTGGATCCCCC_005,152
ATCGACAAACTGGATCCCCC_006,115
AGGACCCCCAACCTTCAACC_001,117
AGGACCCCCAACCTTCAACC_002,163
AGGACCCCCAACCTTCAACC_003,54
AGGACCCCCAACCTTCAACC_004,121
AGGACCCCCAACCTTCAACC_005,76
AGGACCCCCAACCTTCAACC_006,0
AGGACCCCCAACCTTCAACC_007,166
AGGACCCCCAACCTTCAACC_008,7
AGGACCCCCAACCTTCAACC_009,1
CAAAACTTAGGGAAGCAGCT_001,164
CAAAACTTAGGGAAGCAGCT_002,48
CAAAACTTAGGGAAGCAGCT_003,170
CAAAACTTAGGGAAGCAGCT_004,174
CAAAACTTAGGGAAGCAGCT_005,26
CAAAACTTAGGGAAGCAGCT_006,34
CAAAACTTAGGGAAGCAGCT_007,138
CAAAACTTAGGGAAGCAGCT_008,95
CAAAACTTAGGGAAGCAGCT_009,48
CAAAACTTAGGGAAGCAGCT_010,62
CAAAACTTAGGGAAGCAGCT_011,95
CAAAACTTAGGGAAGCAGCT_012,192
CAAAACTTAGGGAAGCAGCT_013,101
CAAAACTTAGGGAAGCAGCT_014,175
CAAAACTTAGGGAAGCAGCT_015,68
CAAAACTTAGGGAAGCAGCT_016,6
CAAAACTTAGGGAAGCAGCT_017,181
CATCCTCACCATGGACAACG_001,181
CATCCTCACCATGGACAACG_002,76
CATCCTCACCATGGACAACG_003,136
CATCCTCACCATGGACAACG_004,88
CATCCTCACCATGGACAACG_005,138
AACCGTTCATCGATTCCGAG_001,129
AACCGTTCATCGATTCCGAG_002,52
AACCGTTCATCGATTCCGAG_003,3
AACCGTTCATCGATTCCGAG_004,168
AACCGTTCATCGATTCCGAG_005,76
AACCGTTCATCGATTCCGAG_006,158
AACCGTTCATCGATTCCGAG_007,65
AACCGTTCATCGATTCCGAG_008,94
AACCGTTCATCGATTCCGAG_009,85
AACCGTTCATCGATTCCGAG_010,17
AACCGTTCATCGATTCCGAG_011,28
AACCGTTCATCGATTCCGAG_012,162
AACCGTTCATCGATTCCGAG_013,0
AACCGTTCATCGATTCCGAG_014,69
AACCGTTCATCGATTCCGAG_015,62
AACCGTTCATCGATTCCGAG_016,193
AACCGTTCATCGATTCCGAG_017,77
AACCGTTCATCGATTCCGAG_018,19
AACCGTTCATCGATTCCGAG_019,34
AACCGTTCATCGATTCCGAG_020,188
AACCGTTCATCGATTCCGAG_021,138
AACCGTTCATCGATTCCGAG_022,9
AACCGTTCATCGATTCCGAG_023,138
AACCGTTCATCGATTCCGAG_024,81
AACCGTTCATCGATTCCGAG_025,138
AACCGTTCATCGATTCCGAG_026,124
CGGTGCCCAACATCACAGTG_001,97
CGGTGCCCAACATCACAGTG_002,32
CGGTGCCCAACATCACAGTG_003,138
CGGTGCCCAACATCACAGTG_004,169
CGGTGCCCAACATCACAGTG_005,121
CGGTGCCCAACATCACAGTG_006,92
CGGTGCCCAACATCACAGTG_007,197
CGGTGCCCAACATCACAGTG_008,137
CGGTGCCCAACATCACAGTG_009,42
CGGTGCCCAACATCACAGTG_010,158
CGGTGCCCAACATCACAGTG_011,186
CGGTGCCCAACATCACAGTG_012,71
CGGTGCCCAACATCACAGTG_013,98
CGGTGCCCAACATCACAGTG_014,19
CGGTGCCCAACATCACAGTG_015,199
CGGTGCCCAACATCACAGTG_016,136
CGGTGCCCAACATCACAGTG_017,168
CGGTGCCCAACATCACAGTG_018,177
CGGTGCCCAACATCACAGTG_019,182
CACCCTGGCACTGTTGCCGT_001,48
CACCCTGGCACTGTTGCCGT_002,9
CACCCTGGCACTGTTGCCGT_003,144
CACCCTGGCACTGTTGCCGT_004,147
CACCCTGGCACTGTTGCCGT_005,81
GAAGCAGCTGTTCATCGGGT_001,78
GAAGCAGCTGTTCATCGGGT_002,54
GAAGCAGCTGTTCATCGGGT_003,15
GAAGCAGCTGTTCATCGGGT_004,150
GAAGCAGCTGTTCATCGGGT_005,98
GAAGCAGCTGTTCATCGGGT_006,60
GAAGCAGCTGTTCATCGGGT_007,111
GAAGCAGCTGTTCATCGGGT_008,169
GAAGCAGCTGTTCATCGGGT_009,199
GAAGCAGCTGTTCATCGGGT_010,76
GAAGCAGCTGTTCATCGGGT_011,32
GAAGCAGCTGTTCATCGGGT_012,178
GAAGCAGCTGTTCATCGGGT_013,151
GAAGCAGCTGTTCATCGGGT_014,159
GAAGCAGCTGTTCATCGGGT_015,8
GAAGCAGCTGTTCATCGGGT_016,55
GAAGCAGCTGTTCATCGGGT_017,104
GAAGCAGCTGTTCATCGGGT_018,63
GAAGCAGCTGTTCATCGGGT_019,177
GAAGCAGCTGTTCATCGGGT_020,106
GAAGCAGCTGTTCATCGGGT_021,78
GAAGCAGCTGTTCATCGGGT_022,41
GAAGCAGCTGTTCATCGGGT_023,116
GGTCCCGTCACATGCCAGTG_001,38
GGTCCCGTCACATGCCAGTG_002,5
GGTCCCGTCACATGCCAGTG_003,152
GGTCCCGTCACATGCCAGTG_004,149
GGTCCCGTCACATGCCAGTG_005,40
GGTCCCGTCACATGCCAGTG_006,8
GGTCCCGTCACATGCCAGTG_007,168
GGTCCCGTCACATGCCAGTG_008,20
GGTCCCGTCACATGCCAGTG_009,38
GGTCCCGTCACATGCCAGTG_010,90
GGTCCCGTCACATGCCAGTG_011,68
GGTCCCGTCACATGCCAGTG_012,61
GTGGTACATGCAATCAAAGA_001,41
GTGGTACATGCAATCAAAGA_002,150
GTGGTACATGCAATCAAAGA_003,77
GTGGTACATGCAATCAAAGA_004,34
GTGGTACATGCAATCAAAGA_005,137
GTGGTACATGCAATCAAAGA_006,12
GTGGTACATGCAATCAAAGA_007,94
GTGGTACATGCAATCAAAGA_008,147
TGGTCGAAGAGGCGGCTATG_001,130
TGGTCGAAGAGGCGGCTATG_002,181
TGGTCGAAGAGGCGGCTATG_003,9
TGGTCGAAGAGGCGGCTATG_004,121
TGGTCGAAGAGGCGGCTATG_005,166
TGGTCGAAGAGGCGGCTATG_006,150
TGGTCGAAGAGGCGGCTATG_007,62
TGGTCGAAGAGGCGGCTATG_008,63
TGGTCGAAGAGGCGGCTATG_009,147
TGGTCGAAGAGGCGGCTATG_010,22
CAGAATCTACTCCACTGAGG_001,88
CAGAATCTACTCCACTGAGG_002,42
TGAACGTCCGGCGTACCTGT_001,78
TGAACGTCCGGCGTACCTGT_002,113
TTGGTCCTAGGATGATTACA_001,121
TTGGTCCTAGGATGATTACA_002,23
TTGGTCCTAGGATGATTACA_003,142
TTGGTCCTAGGATGATTACA_004,181
TGGGGCCCAGACGGTACATG_001,85
TGGGGCCCAGACGGTACATG_002,108
TGGGGCCCAGACGGTACATG_003,148
TGGGGCCCAGACGGTACATG_004,188
TGGGGCCCAGACGGTACATG_005,176
TTTGGGACCTCCGCATCCAG_001,84
TTTGGGACCTCCGCATCCAG_002,11
TTTGGGACCTCCGCATCCAG_003,127
TTTGGGACCTCCGCATCCAG_004,166
TTTGGGACCTCCGCATCCAG_005,156
TTTGGGACCTCCGCATCCAG_006,80
TTTGGGACCTCCGCATCCAG_007,105
TTTGGGACCTCCGCATCCAG_008,77
TTTGGGACCTCCGCATCCAG_009,185
TTTGGGACCTCCGCATCCAG_010,177
TTTGGGACCTCCGCATCCAG_011,161
TTTGGGACCTCCGCATCCAG_012,47
TTTGGGACCTCCGCATCCAG_013,8
TTTGGGACCTCCGCATCCAG_014,94
TTTGGGACCTCCGCATCCAG_015,174
TTTGGGACCTCCGCATCCAG_016,116
TTTGGGACCTCCGCATCCAG_017,33
TTTGGGACCTCCGCATCCAG_018,175
TTTGGGACCTCCGCATCCAG_019,147
TTTGGGACCTCCGCATCCAG_020,1
TTTGGGACCTCCGCATCCAG_021,192
TTTGGGACCTCCGCATCCAG_022,3
TTTGGGACCTCCGCATCCAG_023,34
GGGCTTCAAGACACCCAAGG_001,10
GGGCTTCAAGACACCCAAGG_002,130
TGCAGCAGCCAGCCTCAACG_001,56
TGCAGCAGCCAGCCTCAACG_002,105
TGCAGCAGCCAGCCTCAACG_003,96
TGCAGCAGCCAGCCTCAACG_004,8
TGCAGCAGCCAGCCTCAACG_005,15
TGCAGCAGCCAGCCTCAACG_006,24
TGCAGCAGCCAGCCTCAACG_007,174
TGCAGCAGCCAGCCTCAACG_008,122
TGCAGCAGCCAGCCTCAACG_009,3
TGCAGCAGCCAGCCTCAACG_010,185
TGCAGCAGCCAGCCTCAACG_011,50
TGCAGCAGCCAGCCTCAACG_012,45
TGCAGCAGCCAGCCTCAACG_013,52
TGCAGCAGCCAGCCTCAACG_014,119
TGCAGCAGCCAGCCTCAACG_015,161
TGCAGCAGCCAGCCTCAACG_016,60
TGCAGCAGCCAGCCTCAACG_017,159
TGCAGCAGCCAGCCTCAACG_018,148
TGCAGCAGCCAGCCTCAACG_019,91
TGCAGCAGCCAGCCTCAACG_020,105
TGCAGCAGCCAGCCTCAACG_021,76
TGCAGCAGCCAGCCTCAACG_022,77
TGCAGCAGCCAGCCTCAACG_023,105
TGCAGCAGCCAGCCTCAACG_024,185
TGCAGCAGCCAGCCTCAACG_025,135
TGCAGCAGCCAGCCTCAACG_026,5
TGCAGCAGCCAGCCTCAACG_027,65
TGCAGCAGCCAGCCTCAACG_028,21
TGCAGCAGCCAGCCTCAACG_029,103
TGCAGCAGCCAGCCTCAACG_030,75
TGCAGCAGCCAGCCTCAACG_031,146
TGCAGCAGCCAGCCTCAACG_032,76
TGCAGCAGCCAGCCTCAACG_033,175
TGCAGCAGCCAGCCTCAACG_034,52
TGCAGCAGCCAGCCTCAACG_035,79
TGCAGCAGCCAGCCTCAACG_036,168
TGCAGCAGCCAGCCTCAACG_037,26
TGCAGCAGCCAGCCTCAACG_038,179
GGTCGGGCCAGCGAAAGAGG_001,169
GGTCGGGCCAGCGAAAGAGG_002,17
GGTCGGGCCAGCGAAAGAGG_003,107
GGTCGGGCCAGCGAAAGAGG_004,150
CAGCCTCAGTCATAACAGTG_001,105
CAGCCTCAGTCATAACAGTG_002,78
CAGCCTCAGTCATAACAGTG_003,149
CAGCCTCAGTCATAACAGTG_004,58
CAGCCTCAGTCATAACAGTG_005,181
CAGCCTCAGTCATAACAGTG_006,148
CAGCCTCAGTCATAACAGTG_007,161
CAGCCTCAGTCATAACAGTG_008,145
CAGCCTCAGTCATAACAGTG_009,181
CAGCCTCAGTCATAACAGTG_010,5
CAGCCTCAGTCATAACAGTG_011,17
CAGCCTCAGTCATAACAGTG_012,117
CAGCCTCAGTCATAACAGTG_013,102
ATCAGCCATTGCTTACCGCA_001,6
ATCAGCCATTGCTTACCGCA_002,102
ATCAGCCATTGCTTACCGCA_003,107
ATCAGCCATTGCTTACCGCA_004,166
GAGGGTCGGCTCTACCAAGT_001,15
GTATAGTGGGAGCCTGTCAG_001,50
GTATAGTGGGAGCCTGTCAG_002,94
GTATAGTGGGAGCCTGTCAG_003,1
GTATAGTGGGAGCCTGTCAG_004,80
GTATAGTGGGAGCCTGTCAG_005,178
GTATAGTGGGAGCCTGTCAG_006,79
GTATAGTGGGAGCCTGTCAG_007,68
GTATAGTGGGAGCCTGTCAG_008,194
GTATAGTGGGAGCCTGTCAG_009,139
GTATAGTGGGAGCCTGTCAG_010,174
GTATAGTGGGAGCCTGTCAG_011,40
GTATAGTGGGAGCCTGTCAG_012,169
GTATAGTGGGAGCCTGTCAG_013,66
GTATAGTGGGAGCCTGTCAG_014,88
GTATAGTGGGAGCCTGTCAG_015,94
GTATAGTGGGAGCCTGTCAG_016,67
GTATAGTGGGAGCCTGTCAG_017,47
GTATAGTGGGAGCCTGTCAG_018,87
GTATAGTGGGAGCCTGTCAG_019,190
GTATAGTGGGAGCCTGTCAG_020,79
GTATAGTGGGAGCCTGTCAG_021,139
GTATAGTGGGAGCCTGTCAG_022,159
GTATAGTGGGAGCCTGTCAG_023,153
GATTTGCGGCGTGTTCCGCG_001,81
GATTTGCGGCGTGTTCCGCG_002,26
TGCTCTGAGTGAATATGACC_001,184
TGCTCTGAGTGAATATGACC_002,61
TGCTCTGAGTGAATATGACC_003,180
TGGACCAGCAGACCTAAGTG_001,41
TGGACCAGCAGACCTAAGTG_002,161
TGGACCAGCAGACCTAAGTG_003,165
GTACATACTCCTTGAAACAG_001,118
GTACATACTCCTTGAAACAG_002,75
GTACATACTCCTTGAAACAG_003,198
GTACATACTCCTTGAAACAG_004,160
GTACATACTCCTTGAAACAG_005,78
GTACATACTCCTTGAAACAG_006,162
GTACATACTCCTTGAAACAG_007,60
TGACCCCCCCGGACCCAATG_001,132
TGACCCCCCCGGACCCAATG_002,145
TGACCCCCCCGGACCCAATG_003,56
TGACCCCCCCGGACCCAATG_004,65
TGACCCCCCCGGACCCAATG_005,23
TGACCCCCCCGGACCCAATG_006,141
TGACCCCCCCGGACCCAATG_007,75
TGACCCCCCCGGACCCAATG_008,141
TGACCCCCCCGGACCCAATG_009,68
TGACCCCCCCGGACCCAATG_010,112
TGACCCCCCCGGACCCAATG_011,130
TGACCCCCCCGGACCCAATG_012,160
TGACCCCCCCGGACCCAATG_013,103
TGACCCCCCCGGACCCAATG_014,2
TGACCCCCCCGGACCCAATG_015,165
TGACCCCCCCGGACCCAATG_016,1
TGACCCCCCCGGACCCAATG_017,130
CCAACCCCTAGGGACGCCAA_001,146
CCAACCCCTAGGGACGCCAA_002,51
CCAACCCCTAGGGACGCCAA_003,25
CCAACCCCTAGGGACGCCAA_004,11
CCAACCCCTAGGGACGCCAA_005,194
CCAACCCCTAGGGACGCCAA_006,105
CCAACCCCTAGGGACGCCAA_007,171
CCAACCCCTAGGGACGCCAA_008,123
CCAACCCCTAGGGACGCCAA_009,127
CCAACCCCTAGGGACGCCAA_010,102
CCAACCCCTAGGGACGCCAA_011,11
CCAACCCCTAGGGACGCCAA_012,98
CCAACCCCTAGGGACGCCAA_013,184
CCAACCCCTAGGGACGCCAA_014,150
CCAACCCCTAGGGACGCCAA_015,94
CCAACCCCTAGGGACGCCAA_016,78
CCAACCCCTAGGGACGCCAA_017,160
AGAGTTGGTAGGTCCGGATG_001,175
AGAGTTGGTAGGTCCGGATG_002,60
AGAGTTGGTAGGTCCGGATG_003,90
ATTCTGTTAGACAGTGAATG_001,2
ATTCTGTTAGACAGTGAATG_002,199
ATTCTGTTAGACAGTGAATG_003,132
ATTCTGTTAGACAGTGAATG_004,107
ATTCTGTTAGACAGTGAATG_005,47
ATTCTGTTAGACAGTGAATG_006,27
AAGAAACTGTGACGAGTAAG_001,150
AAGAAACTGTGACGAGTAAG_002,1
AAGAAACTGTGACGAGTAAG_003,180
CACTGAGCAACATGATACCA_001,93
CACTGAGCAACATGATACCA_002,155
CAGGAGCTGTGAAGCATAAG_001,29
CAGGAGCTGTGAAGCATAAG_002,29
CAGGAGCTGTGAAGCATAAG_003,142
CAGGAGCTGTGAAGCATAAG_004,160
CAGGAGCTGTGAAGCATAAG_005,2
CAGGAGCTGTGAAGCATAAG_006,199
CAGGAGCTGTGAAGCATAAG_007,43
CAGGAGCTGTGAAGCATAAG_008,46
CAGGAGCTGTGAAGCATAAG_009,144
CAGGAGCTGTGAAGCATAAG_010,2
CAGGAGCTGTGAAGCATAAG_011,49
CAGGAGCTGTGAAGCATAAG_012,153
CAGGAGCTGTGAAGCATAAG_013,14
CAGGAGCTGTGAAGCATAAG_014,145
CAGGAGCTGTGAAGCATAAG_015,27
CAGGAGCTGTGAAGCATAAG_016,0
CAGGAGCTGTGAAGCATAAG_017,104
TATTGGCAATGATACGACAC_001,58
GATCCATAGTCCCCATAAAA_001,37
GATCCATAGTCCCCATAAAA_002,188
GATCCATAGTCCCCATAAAA_003,184
ACAAATATTCAGCGACACCA_001,107
ACAAATATTCAGCGACACCA_002,139
ACAAATATTCAGCGACACCA_003,34
ACAAATATTCAGCGACACCA_004,137
ACAAATATTCAGCGACACCA_005,80
TTCTTGAACAGATGTGAGCA_001,197
TTCTTGAACAGATGTGAGCA_002,48
TTCTTGAACAGATGTGAGCA_003,23
TTCTTGAACAGATGTGAGCA_004,33
TTCTTGAACAGATGTGAGCA_005,75
TTCTTGAACAGATGTGAGCA_006,9
TTCTTGAACAGATGTGAGCA_007,65
TTCTTGAACAGATGTGAGCA_008,148
TTCTTGAACAGATGTGAGCA_009,169
TTCTTGAACAGATGTGAGCA_010,43
TTCTTGAACAGATGTGAGCA_011,127
GAGGAGCCTAGTGAGACCAT_001,2
GAGGAGCCTAGTGAGACCAT_002,28
GAGGAGCCTAGTGAGACCAT_003,157
GAGGAGCCTAGTGAGACCAT_004,102
GAGGAGCCTAGTGAGACCAT_005,99
GAGGAGCCTAGTGAGACCAT_006,0
GAGGAGCCTAGTGAGACCAT_007,86
GAGGAGCCTAGTGAGACCAT_008,54
GAGGAGCCTAGTGAGACCAT_009,194
GAGGAGCCTAGTGAGACCAT_010,108
GAGGAGCCTAGTGAGACCAT_011,30
GAGGAGCCTAGTGAGACCAT_012,102
GAGGAGCCTAGTGAGACCAT_013,144
GAGGAGCCTAGTGAGACCAT_014,198
GAGGAGCCTAGTGAGACCAT_015,102
GAGGAGCCTAGTGAGACCAT_016,9
GAGGAGCCTAGTGAGACCAT_017,84
CACATCCATCACGGGCCTGT_001,149
CACATCCATCACGGGCCTGT_002,48
CACATCCATCACGGGCCTGT_003,126
GAACGACAACGTCCTGCACT_001,84
GAACGACAACGTCCTGCACT_002,192
GAACGACAACGTCCTGCACT_003,158
TGCAGAGCCTAGCACGGACC_001,91
TGCAGAGCCTAGCACGGACC_002,130
TGCAGAGCCTAGCACGGACC_003,117
TGCAGAGCCTAGCACGGACC_004,45
AATTGCTCGCTGGACAACGG_001,127
AATTGCTCGCTGGACAACGG_002,63
AATTGCTCGCTGGACAACGG_003,50
AATTGCTCGCTGGACAACGG_004,1
AATTGCTCGCTGGACAACGG_005,169
AATTGCTCGCTGGACAACGG_006,1
AATTGCTCGCTGGACAACGG_007,168
AATTGCTCGCTGGACAACGG_008,56
AATTGCTCGCTGGACAACGG_009,31
AATTGCTCGCTGGACAACGG_010,71
AATTGCTCGCTGGACAACGG_011,3
AATTGCTCGCTGGACAACGG_012,146
AATTGCTCGCTGGACAACGG_013,176
AATTGCTCGCTGGACAACGG_014,63
AATTGCTCGCTGGACAACGG_015,120
AATTGCTCGCTGGACAACGG_016,81
AATTGCTCGCTGGACAACGG_017,9
AATTGCTCGCTGGACAACGG_018,184
AATTGCTCGCTGGACAACGG_019,68
AATTGCTCGCTGGACAACGG_020,68
AATTGCTCGCTGGACAACGG_021,6
GGAGGTCCCCGGTATCCCGC_001,77
GGAGGTCCCCGGTATCCCGC_002,138
GGAGGTCCCCGGTATCCCGC_003,194
GGAGGTCCCCGGTATCCCGC_004,68
TGTTCGGTTATACCCATCCA_001,9
ACATCCACGCCATCCTCGTG_001,130
ACATCCACGCCATCCTCGTG_002,192
ACATCCACGCCATCCTCGTG_003,15
ACATCCACGCCATCCTCGTG_004,59
ACATCCACGCCATCCTCGTG_005,8
ACATCCACGCCATCCTCGTG_006,186
ACATCCACGCCATCCTCGTG_007,132
ACATCCACGCCATCCTCGTG_008,70
ACATCCACGCCATCCTCGTG_009,121
ACATCCACGCCATCCTCGTG_010,92
ACATCCACGCCATCCTCGTG_011,2
ACATCCACGCCATCCTCGTG_012,70
ACATCCACGCCATCCTCGTG_013,136
AGAACATTCAACCAAACTGT_001,194
AGAACATTCAACCAAACTGT_002,67
AGAACATTCAACCAAACTGT_003,175
AGAACATTCAACCAAACTGT_004,49
AGAACATTCAACCAAACTGT_005,178
AGAACATTCAACCAAACTGT_006,190
AGAACATTCAACCAAACTGT_007,65
AGAACATTCAACCAAACTGT_008,168
AGAACATTCAACCAAACTGT_009,60
ACAGGCCAACAAGCACCGAT_001,5
ACAGGCCAACAAGCACCGAT_002,163
ACAGGCCAACAAGCACCGAT_003,97
ACAGGCCAACAAGCACCGAT_004,108
ACAGGCCAACAAGCACCGAT_005,53
ACAGGCCAACAAGCACCGAT_006,160
ACAGGCCAACAAGCACCGAT_007,73
ACAGGCCAACAAGCACCGAT_008,116
ACAGGCCAACAAGCACCGAT_009,137
ACAGGCCAACAAGCACCGAT_010,145
ACAGGCCAACAAGCACCGAT_011,2
ACAGGCCAACAAGCACCGAT_012,2
ACAGGCCAACAAGCACCGAT_013,130
ACAGGCCAACAAGCACCGAT_014,135
ACAGGCCAACAAGCACCGAT_015,182
ACAGGCCAACAAGCACCGAT_016,2
ACAGGCCAACAAGCACCGAT_017,169
ACAGGCCAACAAGCACCGAT_018,12
ACAGGCCAACAAGCACCGAT_019,141
ACAGGCCAACAAGCACCGAT_020,3
ACAGGCCAACAAGCACCGAT_021,182
ACAGGCCAACAAGCACCGAT_022,76
ACAGGCCAACAAGCACCGAT_023,163
ACAGGCCAACAAGCACCGAT_024,4
ACAGGCCAACAAGCACCGAT_025,175
ACAGGCCAACAAGCACCGAT_026,184
ACAGGCCAACAAGCACCGAT_027,122
ACAGGCCAACAAGCACCGAT_028,9
ACAGGCCAACAAGCACCGAT_029,9
ACAGGCCAACAAGCACCGAT_030,142
ACAGGCCAACAAGCACCGAT_031,142
ACAGGCCAACAAGCACCGAT_032,193
CCAGTGTTCTGAATCAGGGA_001,73
CCAGTGTTCTGAATCAGGGA_002,117
CTTTAGCTGGATGTCCACGT_001,170
CTTTAGCTGGATGTCCACGT_002,134
CTTTAGCTGGATGTCCACGT_003,55
CTTTAGCTGGATGTCCACGT_004,198
CTTTAGCTGGATGTCCACGT_005,185
CTTTAGCTGGATGTCCACGT_006,194
CTTTAGCTGGATGTCCACGT_007,17
CTTTAGCTGGATGTCCACGT_008,105
CTTTAGCTGGATGTCCACGT_009,36
TCCAGAGAAGCTCACTGCCG_001,158
TCCAGAGAAGCTCACTGCCG_002,83
TCCAGAGAAGCTCACTGCCG_003,34
TCCAGAGAAGCTCACTGCCG_004,112
TCCAGAGAAGCTCACTGCCG_005,104
TCCAGAGAAGCTCACTGCCG_006,84
TCCAGAGAAGCTCACTGCCG_007,186
TCCAGAGAAGCTCACTGCCG_008,132
TCCAGAGAAGCTCACTGCCG_009,176
TCCAGAGAAGCTCACTGCCG_010,43
TCCAGAGAAGCTCACTGCCG_011,9
TCCAGAGAAGCTCACTGCCG_012,115
TCCAGAGAAGCTCACTGCCG_013,9
TCCAGAGAAGCTCACTGCCG_014,28
TCCAGAGAAGCTCACTGCCG_015,83
CCCTCCTGGAGGTATCCAAG_001,59
CCCTCCTGGAGGTATCCAAG_002,105
CCCTCCTGGAGGTATCCAAG_003,190
CCCTCCTGGAGGTATCCAAG_004,17
CCCTCCTGGAGGTATCCAAG_005,4
CATTGCGAGACCAATCTAGA_001,176
CATTGCGAGACCAATCTAGA_002,166
GGGCCTCCACATGCTTACTG_001,98
GGGCCTCCACATGCTTACTG_002,98
GGGCCTCCACATGCTTACTG_003,199
GGGCCTCCACATGCTTACTG_004,106
GGGCCTCCACATGCTTACTG_005,123
GGGCCTCCACATGCTTACTG_006,77
GGGCCTCCACATGCTTACTG_007,70
GGGCCTCCACATGCTTACTG_008,136
TGGAGATGCTGCCAACACAT_001,76
TGGAGATGCTGCCAACACAT_002,130
TGGAGATGCTGCCAACACAT_003,91
CTGTCACCGACAGCACTCTG_001,108
CTGTCACCGACAGCACTCTG_002,150
CTGTCACCGACAGCACTCTG_003,12
CTGTCACCGACAGCACTCTG_004,117
CTGTCACCGACAGCACTCTG_005,15
CTGTCACCGACAGCACTCTG_006,137
CTGTCACCGACAGCACTCTG_007,50
CTGTCACCGACAGCACTCTG_008,155
CTGTCACCGACAGCACTCTG_009,70
CTGTCACCGACAGCACTCTG_010,119
CTGTCACCGACAGCACTCTG_011,49
CTGTCACCGACAGCACTCTG_012,162
CTGTCACCGACAGCACTCTG_013,186
CTGTCACCGACAGCACTCTG_014,160
CTGTCACCGACAGCACTCTG_015,9
CTGTCACCGACAGCACTCTG_016,105
CTGTCACCGACAGCACTCTG_017,67
CTGTCACCGACAGCACTCTG_018,104
CTGTCACCGACAGCACTCTG_019,26
CTGTCACCGACAGCACTCTG_020,131
CTGTCACCGACAGCACTCTG_021,14
CTGTCACCGACAGCACTCTG_022,125
CTGTCACCGACAGCACTCTG_023,94
CTGTCACCGACAGCACTCTG_024,184
CTGTCACCGACAGCACTCTG_025,98
CTGTCACCGACAGCACTCTG_026,30
TAGTGGACAACTCTTCACAG_001,61
TAGTGGACAACTCTTCACAG_002,54
TGCAGTAGTGAGAATCCACG_001,121
TGCAGTAGTGAGAATCCACG_002,118
TTGCCCTGAATCATGCACAC_001,132
TTGCCCTGAATCATGCACAC_002,132
TTGCCCTGAATCATGCACAC_003,132
TTGCCCTGAATCATGCACAC_004,6
TTGCCCTGAATCATGCACAC_005,6
TTGCCCTGAATCATGCACAC_006,102
TTGCCCTGAATCATGCACAC_007,158
TTGCCCTGAATCATGCACAC_008,69
TTGCCCTGAATCATGCACAC_009,55
TTGCCCTGAATCATGCACAC_010,40
TTGCCCTGAATCATGCACAC_011,46
TTGCCCTGAATCATGCACAC_012,2
TTGCCCTGAATCATGCACAC_013,16
TTGCCCTGAATCATGCACAC_014,6
TTGCCCTGAATCATGCACAC_015,168
AGATCTACCAGGAGCTGACT_001,37
AGATCTACCAGGAGCTGACT_002,26
AGATCTACCAGGAGCTGACT_003,187
AGATCTACCAGGAGCTGACT_004,115
AGATCTACCAGGAGCTGACT_005,70
AGATCTACCAGGAGCTGACT_006,59
AGATCTACCAGGAGCTGACT_007,104
CGCTACAGTCTGAGCACGTG_001,166
CGCTACAGTCTGAGCACGTG_002,160
CGCTACAGTCTGAGCACGTG_003,34
CGCTACAGTCTGAGCACGTG_004,92
CGCTACAGTCTGAGCACGTG_005,0
CGCTACAGTCTGAGCACGTG_006,187
CGCTACAGTCTGAGCACGTG_007,113
CGCTACAGTCTGAGCACGTG_008,31
CGCTACAGTCTGAGCACGTG_009,107
CGCTACAGTCTGAGCACGTG_010,146
CGCTACAGTCTGAGCACGTG_011,163
CGCTACAGTCTGAGCACGTG_012,92
CGCTACAGTCTGAGCACGTG_013,139
CGCTACAGTCTGAGCACGTG_014,155
CGCTACAGTCTGAGCACGTG_015,138
CGCTACAGTCTGAGCACGTG_016,62
CGCTACAGTCTGAGCACGTG_017,47
CGCTACAGTCTGAGCACGTG_018,97
CGCTACAGTCTGAGCACGTG_019,79
CGCTACAGTCTGAGCACGTG_020,83
CGCTACAGTCTGAGCACGTG_021,153
CGCTACAGTCTGAGCACGTG_022,36
CGCTACAGTCTGAGCACGTG_023,47
CTTCGGCCGCGTCCACACAT_001,129
CTTCGGCCGCGTCCACACAT_002,95
CTTCGGCCGCGTCCACACAT_003,171
CTTCGGCCGCGTCCACACAT_004,8
CTTCGGCCGCGTCCACACAT_005,68
CTTCGGCCGCGTCCACACAT_006,198
CTTCGGCCGCGTCCACACAT_007,108
TCAGATTTCATTCAAGACAG_001,94
CAGTTCTCTTTGCATCCGTG_001,140
CAGTTCTCTTTGCATCCGTG_002,60
CAGTTCTCTTTGCATCCGTG_003,89
CAGTTCTCTTTGCATCCGTG_004,137
CAGTTCTCTTTGCATCCGTG_005,55
TCTGCCCTTGAGGGGCCTAG_001,88
TCTGCCCTTGAGGGGCCTAG_002,129
TCTGCCCTTGAGGGGCCTAG_003,22
TCTGCCCTTGAGGGGCCTAG_004,110
TCTGCCCTTGAGGGGCCTAG_005,120
TCTGCCCTTGAGGGGCCTAG_006,16
TCTGCCCTTGAGGGGCCTAG_007,25
TCTGCCCTTGAGGGGCCTAG_008,172
ACACGCAGGATGCCCTCACG_001,137
ACACGCAGGATGCCCTCACG_002,63
ACACGCAGGATGCCCTCACG_003,115
ACACGCAGGATGCCCTCACG_004,56
ACACGCAGGATGCCCTCACG_005,29
ACACGCAGGATGCCCTCACG_006,115
ACACGCAGGATGCCCTCACG_007,137
ACACGCAGGATGCCCTCACG_008,154
ACACGCAGGATGCCCTCACG_009,134
ACACGCAGGATGCCCTCACG_010,83
ACACGCAGGATGCCCTCACG_011,110
ACACGCAGGATGCCCTCACG_012,158
ACACGCAGGATGCCCTCACG_013,175
ACACGCAGGATGCCCTCACG_014,118
ACACGCAGGATGCCCTCACG_015,192
ACACGCAGGATGCCCTCACG_016,197
ACACGCAGGATGCCCTCACG_017,17
ACACGCAGGATGCCCTCACG_018,194
ACACGCAGGATGCCCTCACG_019,116
ACACGCAGGATGCCCTCACG_020,15
ACACGCAGGATGCCCTCACG_021,150
ACACGCAGGATGCCCTCACG_022,31
ACACGCAGGATGCCCTCACG_023,194
ACACGCAGGATGCCCTCACG_024,120
ACACGCAGGATGCCCTCACG_025,182
ACACGCAGGATGCCCTCACG_026,139
ACACGCAGGATGCCCTCACG_027,27
ACACGCAGGATGCCCTCACG_028,30
ACACGCAGGATGCCCTCACG_029,43
ACACGCAGGATGCCCTCACG_030,63
ACACGCAGGATGCCCTCACG_031,138
ACACGCAGGATGCCCTCACG_032,49
ACACGCAGGATGCCCTCACG_033,49
ACACGCAGGATGCCCTCACG_034,107
ACACGCAGGATGCCCTCACG_035,58
ACACGCAGGATGCCCTCACG_036,126
ACACGCAGGATGCCCTCACG_037,162
ACACGCAGGATGCCCTCACG_038,50
ACACGCAGGATGCCCTCACG_039,188
ACACGCAGGATGCCCTCACG_040,28
ACACGCAGGATGCCCTCACG_041,19
CTTACCTTGAGAACGCGCAG_001,107
CTTACCTTGAGAACGCGCAG_002,184
CTTACCTTGAGAACGCGCAG_003,41
CTTACCTTGAGAACGCGCAG_004,106
CTTACCTTGAGAACGCGCAG_005,175
CTTACCTTGAGAACGCGCAG_006,188
CTTACCTTGAGAACGCGCAG_007,145
CTTACCTTGAGAACGCGCAG_008,88
CTTACCTTGAGAACGCGCAG_009,170
CTTACCTTGAGAACGCGCAG_010,62
CTTACCTTGAGAACGCGCAG_011,185
CTTACCTTGAGAACGCGCAG_012,102
CTTACCTTGAGAACGCGCAG_013,31
CTTACCTTGAGAACGCGCAG_014,70
GACAACTGAGACATACTGGG_001,19
GACAACTGAGACATACTGGG_002,171
GACAACTGAGACATACTGGG_003,132
GACAACTGAGACATACTGGG_004,171
GACAACTGAGACATACTGGG_005,48
GACAACTGAGACATACTGGG_006,16
GACAACTGAGACATACTGGG_007,166
GACAACTGAGACATACTGGG_008,125
GACAACTGAGACATACTGGG_009,97
GACAACTGAGACATACTGGG_010,169
GACAACTGAGACATACTGGG_011,43
GACAACTGAGACATACTGGG_012,44
GACAACTGAGACATACTGGG_013,28
GACAACTGAGACATACTGGG_014,158
GACAACTGAGACATACTGGG_015,60
GACAACTGAGACATACTGGG_016,49
GACAACTGAGACATACTGGG_017,149
GACAACTGAGACATACTGGG_018,52
GACAACTGAGACATACTGGG_019,2
TACCATGACTCGGATTCGGG_001,115
TACCATGACTCGGATTCGGG_002,162
TACCATGACTCGGATTCGGG_003,51
TACCATGACTCGGATTCGGG_004,145
TACCATGACTCGGATTCGGG_005,102
TACCATGACTCGGATTCGGG_006,147
CGGATCGGACTCACTCGAGC_001,182
CGGATCGGACTCACTCGAGC_002,148
CGGATCGGACTCACTCGAGC_003,86
CGGATCGGACTCACTCGAGC_004,55
CGGATCGGACTCACTCGAGC_005,29
CGGATCGGACTCACTCGAGC_006,11
TGTACACATCCATGCACTTG_001,133
TGTACACATCCATGCACTTG_002,55
CGACTAACCGGAAACTTTTT_001,14
CGACTAACCGGAAACTTTTT_002,54
CGACTAACCGGAAACTTTTT_003,154
CGACTAACCGGAAACTTTTT_004,40
CGACTAACCGGAAACTTTTT_005,168
CGACTAACCGGAAACTTTTT_006,177
CGACTAACCGGAAACTTTTT_007,150
CGACTAACCGGAAACTTTTT_008,166
CGACTAACCGGAAACTTTTT_009,81
CTGTACAAACCTCTGCAGTG_001,137
CTGTACAAACCTCTGCAGTG_002,116
CTGTACAAACCTCTGCAGTG_003,105
CTGTACAAACCTCTGCAGTG_004,42
CTGTACAAACCTCTGCAGTG_005,83
CTGTACAAACCTCTGCAGTG_006,79
CTGTACAAACCTCTGCAGTG_007,18
CTGTACAAACCTCTGCAGTG_008,79
CAAGCAGGGTCAGTACTGCA_001,115
CAAGCAGGGTCAGTACTGCA_002,130
CAAGCAGGGTCAGTACTGCA_003,79
CAAGCAGGGTCAGTACTGCA_004,68
CAAGCAGGGTCAGTACTGCA_005,98
CAAGCAGGGTCAGTACTGCA_006,98
CAAGCAGGGTCAGTACTGCA_007,81
CAAGCAGGGTCAGTACTGCA_008,150
CAAGCAGGGTCAGTACTGCA_009,159
CAAGCAGGGTCAGTACTGCA_010,147
CAAGCAGGGTCAGTACTGCA_011,162
CAAGCAGGGTCAGTACTGCA_012,6
CAAGCAGGGTCAGTACTGCA_013,24
CAAGCAGGGTCAGTACTGCA_014,55
CAAGCAGGGTCAGTACTGCA_015,158
GCAAGTACAGCCAGTCCCGG_001,157
GCAAGTACAGCCAGTCCCGG_002,160
GCAAGTACAGCCAGTCCCGG_003,28
GCAAGTACAGCCAGTCCCGG_004,181
GCAAGTACAGCCAGTCCCGG_005,92
GCAAGTACAGCCAGTCCCGG_006,4
GCAAGTACAGCCAGTCCCGG_007,63
GCAAGTACAGCCAGTCCCGG_008,168
GCAAGTACAGCCAGTCCCGG_009,169
GCAAGTACAGCCAGTCCCGG_010,40
GCAAGTACAGCCAGTCCCGG_011,19
GCAAGTACAGCCAGTCCCGG_012,54
GCAAGTACAGCCAGTCCCGG_013,139
GCAAGTACAGCCAGTCCCGG_014,67
GCAAGTACAGCCAGTCCCGG_015,16
GCAAGTACAGCCAGTCCCGG_016,105
GCAAGTACAGCCAGTCCCGG_017,162
GCAAGTACAGCCAGTCCCGG_018,108
GCAAGTACAGCCAGTCCCGG_019,96
ACAACTGGGTTACACAAACT_001,81
ACAACTGGGTTACACAAACT_002,153
GCAGGAAATCCTCTCCACCT_001,169
GCAGGAAATCCTCTCCACCT_002,101
GCAGGAAATCCTCTCCACCT_003,127
GCAGGAAATCCTCTCCACCT_004,22
GCAGGAAATCCTCTCCACCT_005,30
GCAGGAAATCCTCTCCACCT_006,138
GCAGGAAATCCTCTCCACCT_007,3
GCAGGAAATCCTCTCCACCT_008,170
AGTGCCTTTACACAAACCTA_001,49
AGTGCCTTTACACAAACCTA_002,41
AGTGCCTTTACACAAACCTA_003,4
AGTGCCTTTACACAAACCTA_004,37
AGTGCCTTTACACAAACCTA_005,114
GGAGCATGAGGACACAGCAT_001,88
GGAGCATGAGGACACAGCAT_002,81
ACACCAGCGACGCTTCTACT_001,92
ACACCAGCGACGCTTCTACT_002,172
ACACCAGCGACGCTTCTACT_003,78
ACACCAGCGACGCTTCTACT_004,1
ACACCAGCGACGCTTCTACT_005,6
ACACCAGCGACGCTTCTACT_006,178
ACACCAGCGACGCTTCTACT_007,17
ACACCAGCGACGCTTCTACT_008,77
ACACCAGCGACGCTTCTACT_009,184
ACACCAGCGACGCTTCTACT_010,34
ATCCGGGTAAAGTTCCAGGG_001,104
ATCCGGGTAAAGTTCCAGGG_002,90
ATCCGGGTAAAGTTCCAGGG_003,14
ATCCGGGTAAAGTTCCAGGG_004,161
ATCCGGGTAAAGTTCCAGGG_005,150
ATCCGGGTAAAGTTCCAGGG_006,173
ATCCGGGTAAAGTTCCAGGG_007,39
ATCCGGGTAAAGTTCCAGGG_008,96
ATCCGGGTAAAGTTCCAGGG_009,43
ATCCGGGTAAAGTTCCAGGG_010,22
GATCCACCAAAAGACAATGG_001,30
GATCCACCAAAAGACAATGG_002,107
GATCCACCAAAAGACAATGG_003,105
GATCCACCAAAAGACAATGG_004,63
GATCCACCAAAAGACAATGG_005,157
GATCCACCAAAAGACAATGG_006,33
CTTCGACACTGATGATCTGC_001,61
GCCCCACCAACAGCACTACG_001,155
GCCCCACCAACAGCACTACG_002,169
GCCCCACCAACAGCACTACG_003,54
GCCCCACCAACAGCACTACG_004,60
GCCCCACCAACAGCACTACG_005,65
GCCCCACCAACAGCACTACG_006,48
GCCCCACCAACAGCACTACG_007,129
GCCCCACCAACAGCACTACG_008,53
GCCCCACCAACAGCACTACG_009,115
GCCCCACCAACAGCACTACG_010,55
GCCCCACCAACAGCACTACG_011,170
GCCCCACCAACAGCACTACG_012,80
GCCCCACCAACAGCACTACG_013,152
GCCCCACCAACAGCACTACG_014,91
GCCCCACCAACAGCACTACG_015,158
GCCCCACCAACAGCACTACG_016,48
AGTGAGAATTTGGTCAACAA_001,165
AGTGAGAATTTGGTCAACAA_002,34
AGTGAGAATTTGGTCAACAA_003,198
AGTGAGAATTTGGTCAACAA_004,113
CTTACCTGTAGATGACGGCA_001,15
CTTACCTGTAGATGACGGCA_002,98
CTTACCTGTAGATGACGGCA_003,8
CTTACCTGTAGATGACGGCA_004,148
CTTACCTGTAGATGACGGCA_005,178
CTTACCTGTAGATGACGGCA_006,64
CTTACCTGTAGATGACGGCA_007,134
CTTACCTGTAGATGACGGCA_008,36
CTTACCTGTAGATGACGGCA_009,32
CTTACCTGTAGATGACGGCA_010,38
CTTACCTGTAGATGACGGCA_011,123
CTTACCTGTAGATGACGGCA_012,192
CTTACCTGTAGATGACGGCA_013,117
CTTACCTGTAGATGACGGCA_014,8
CTTACCTGTAGATGACGGCA_015,61
CTTACCTGTAGATGACGGCA_016,58
CTTACCTGTAGATGACGGCA_017,199
CTTACCTGTAGATGACGGCA_018,85
CTTACCTGTAGATGACGGCA_019,14
TTCTCTGTGGACATGACCTG_001,189
TTCTCTGTGGACATGACCTG_002,107
TTCTCTGTGGACATGACCTG_003,177
TTCTCTGTGGACATGACCTG_004,194
TTCTCTGTGGACATGACCTG_005,53
TTCTCTGTGGACATGACCTG_006,192
TTCTCTGTGGACATGACCTG_007,190
TTCTCTGTGGACATGACCTG_008,170
TGGAAGCAATGATGATACCT_001,191
TGGAAGCAATGATGATACCT_002,59
TGGAAGCAATGATGATACCT_003,177
TGGAAGCAATGATGATACCT_004,148
TGGAAGCAATGATGATACCT_005,149
TGGAAGCAATGATGATACCT_006,165
TGGAAGCAATGATGATACCT_007,1
TGGAAGCAATGATGATACCT_008,20
ACAAAATCTCGAATGCCAGT_001,175
ACAAAATCTCGAATGCCAGT_002,49
ACAAAATCTCGAATGCCAGT_003,163
ACAAAATCTCGAATGCCAGT_004,97
ACAAAATCTCGAATGCCAGT_005,27
ACAAAATCTCGAATGCCAGT_006,68
ACAAAATCTCGAATGCCAGT_007,104
ACAAAATCTCGAATGCCAGT_008,52
ACAAAATCTCGAATGCCAGT_009,9
ACAAAATCTCGAATGCCAGT_010,88
ACAAAATCTCGAATGCCAGT_011,90
CGGGCTCAGACTGGTCACGG_001,40
CGGGCTCAGACTGGTCACGG_002,196
CGGGCTCAGACTGGTCACGG_003,12
CGGGCTCAGACTGGTCACGG_004,11
CGGGCTCAGACTGGTCACGG_005,169
CGGGCTCAGACTGGTCACGG_006,19
CGGGCTCAGACTGGTCACGG_007,163
CGGGCTCAGACTGGTCACGG_008,92
TCACAGTTGTCACTATTGTG_001,93
TCACAGTTGTCACTATTGTG_002,42
TCACAGTTGTCACTATTGTG_003,184
TCACAGTTGTCACTATTGTG_004,166
TCACAGTTGTCACTATTGTG_005,126
TCACAGTTGTCACTATTGTG_006,130
GGACAAAGTCATGGAAACAC_001,159
GGACAAAGTCATGGAAACAC_002,146
GGACAAAGTCATGGAAACAC_003,147
GGACAAAGTCATGGAAACAC_004,1
GGACAAAGTCATGGAAACAC_005,166
GGACAAAGTCATGGAAACAC_006,50
GGACAAAGTCATGGAAACAC_007,168
GGACAAAGTCATGGAAACAC_008,2
GGACAAAGTCATGGAAACAC_009,66
GGACAAAGTCATGGAAACAC_010,47
GGACAAAGTCATGGAAACAC_011,6
CGGATGGCCAGGACGTTGAG_001,87
CGGATGGCCAGGACGTTGAG_002,110
CGGATGGCCAGGACGTTGAG_003,135
CGGATGGCCAGGACGTTGAG_004,75
CGGATGGCCAGGACGTTGAG_005,177
CGGATGGCCAGGACGTTGAG_006,96
CGGATGGCCAGGACGTTGAG_007,174
CGGATGGCCAGGACGTTGAG_008,1
CGGATGGCCAGGACGTTGAG_009,82
AAGGGAACTCAGCTGAGTGT_001,3
AAGGCCAGGTGAGAAAAGGT_001,141
AAGGCCAGGTGAGAAAAGGT_002,46
AAGGCCAGGTGAGAAAAGGT_003,30
AAGGCCAGGTGAGAAAAGGT_004,71
AAGGCCAGGTGAGAAAAGGT_005,113
AAGGCCAGGTGAGAAAAGGT_006,192
AAGGCCAGGTGAGAAAAGGT_007,155
AAGGCCAGGTGAGAAAAGGT_008,60
AAGGCCAGGTGAGAAAAGGT_009,199
AAGGCCAGGTGAGAAAAGGT_010,145
TGCTATTGCACATCTCGTTG_001,17
ACGGAAACCTATCCGATGTG_001,8
ACGGAAACCTATCCGATGTG_002,184
ACGGAAACCTATCCGATGTG_003,24
ACGGAAACCTATCCGATGTG_004,141
ACGGAAACCTATCCGATGTG_005,48
ACGGAAACCTATCCGATGTG_006,37
ACGGAAACCTATCCGATGTG_007,197
TGAATGGAGAAAGATTGACC_001,119
TGAATGGAGAAAGATTGACC_002,184
TGAATGGAGAAAGATTGACC_003,79
TGAATGGAGAAAGATTGACC_004,118
TGAATGGAGAAAGATTGACC_005,63
TGAATGGAGAAAGATTGACC_006,104
ACTGCCTCTTTGCCATCGTG_001,8
ACTGCCTCTTTGCCATCGTG_002,29
ACTGCCTCTTTGCCATCGTG_003,63
ACTGCCTCTTTGCCATCGTG_004,54
ACTGCCTCTTTGCCATCGTG_005,189
ACTGCCTCTTTGCCATCGTG_006,29
ACTGCCTCTTTGCCATCGTG_007,1
ACTGCCTCTTTGCCATCGTG_008,128
ACTGCCTCTTTGCCATCGTG_009,83
ACTGCCTCTTTGCCATCGTG_010,149
ACTGCCTCTTTGCCATCGTG_011,70
ACTGCCTCTTTGCCATCGTG_012,9
CGATGTCATACAGCGCAAGG_001,59
CGATGTCATACAGCGCAAGG_002,48
CGATGTCATACAGCGCAAGG_003,120
CGATGTCATACAGCGCAAGG_004,187
CGATGTCATACAGCGCAAGG_005,168
CTATACGCCACTACCCCCGG_001,3
CTATACGCCACTACCCCCGG_002,190
AGCCGAATTCGAAAAACTCT_001,17
AGCCGAATTCGAAAAACTCT_002,177
AGCCGAATTCGAAAAACTCT_003,57
AGCCGAATTCGAAAAACTCT_004,80
AGCCGAATTCGAAAAACTCT_005,34
AGCCGAATTCGAAAAACTCT_006,48
AGCCGAATTCGAAAAACTCT_007,198
AGCCGAATTCGAAAAACTCT_008,28
AGCCGAATTCGAAAAACTCT_009,132
TGTGCCAAATCCAAAGGTCA_001,149
TGTGCCAAATCCAAAGGTCA_002,199
TGTGCCAAATCCAAAGGTCA_003,17
TGTGCCAAATCCAAAGGTCA_004,58
TGTGCCAAATCCAAAGGTCA_005,141
TGTGCCAAATCCAAAGGTCA_006,29
TGTGCCAAATCCAAAGGTCA_007,162
TGTGCCAAATCCAAAGGTCA_008,166
TGTGCCAAATCCAAAGGTCA_009,80
TGTGCCAAATCCAAAGGTCA_010,133
TGTGCCAAATCCAAAGGTCA_011,125
GCAGTATTAGAGCCACTGTC_001,193
GCAGTATTAGAGCCACTGTC_002,54
GCAGTATTAGAGCCACTGTC_003,9
GCAGTATTAGAGCCACTGTC_004,120
GCAGTATTAGAGCCACTGTC_005,39
GCAGTATTAGAGCCACTGTC_006,127
GCAGTATTAGAGCCACTGTC_007,9
GGCGGTAGTGAAATCCACTG_001,116
GGCGGTAGTGAAATCCACTG_002,88
GGCGGTAGTGAAATCCACTG_003,60
GGCGGTAGTGAAATCCACTG_004,160
GGCGGTAGTGAAATCCACTG_005,62
GGCGGTAGTGAAATCCACTG_006,63
GGCGGTAGTGAAATCCACTG_007,189
GGCGGTAGTGAAATCCACTG_008,141
GGCGGTAGTGAAATCCACTG_009,120
AAAGGGATCTGAGTAGTCAT_001,58
AAAGGGATCTGAGTAGTCAT_002,106
AAAGGGATCTGAGTAGTCAT_003,49
AAAGGGATCTGAGTAGTCAT_004,130
AAAGGGATCTGAGTAGTCAT_005,194
AAAGGGATCTGAGTAGTCAT_006,63
AAAGGGATCTGAGTAGTCAT_007,28
AAAGGGATCTGAGTAGTCAT_008,155
AAAGGGATCTGAGTAGTCAT_009,192
AAAGGGATCTGAGTAGTCAT_010,88
AAAGGGATCTGAGTAGTCAT_011,110
AAAGGGATCTGAGTAGTCAT_012,22
AAAGGGATCTGAGTAGTCAT_013,116
AAAGGGATCTGAGTAGTCAT_014,159
AAAGGGATCTGAGTAGTCAT_015,178
AAAGGGATCTGAGTAGTCAT_016,108
AAAGGGATCTGAGTAGTCAT_017,138
GGAGGAGAGACTCACCATCG_001,176
GGAGGAGAGACTCACCATCG_002,97
GGAGGAGAGACTCACCATCG_003,138
GGAGGAGAGACTCACCATCG_004,175
TACAGGTCCAGCATGAACAT_001,144
TACAGGTCCAGCATGAACAT_002,120
TACAGGTCCAGCATGAACAT_003,68
TACAGGTCCAGCATGAACAT_004,115
TACAGGTCCAGCATGAACAT_005,12
TACAGGTCCAGCATGAACAT_006,149
TACAGGTCCAGCATGAACAT_007,128
TTCGACACCCAGTACCCCTA_001,70
TTCGACACCCAGTACCCCTA_002,58
TTCGACACCCAGTACCCCTA_003,16
TTCGACACCCAGTACCCCTA_004,105
TTCGACACCCAGTACCCCTA_005,26
TTCGACACCCAGTACCCCTA_006,80
TTCGACACCCAGTACCCCTA_007,84
TTCGACACCCAGTACCCCTA_008,33
TTCGACACCCAGTACCCCTA_009,56
TTCGACACCCAGTACCCCTA_010,39
ACAACTAATGCATGCTATGG_001,105
ACAACTAATGCATGCTATGG_002,168
ACAACTAATGCATGCTATGG_003,127
ACAACTAATGCATGCTATGG_004,162
ACAACTAATGCATGCTATGG_005,35
CCAGCGTGAACGTTTCCTAG_001,60
CCAGCGTGAACGTTTCCTAG_002,183
CCAGCGTGAACGTTTCCTAG_003,72
CCAGCGTGAACGTTTCCTAG_004,105
CCAGCGTGAACGTTTCCTAG_005,98
CCAGCGTGAACGTTTCCTAG_006,162
CCTTTGATCTCCAAAGAGAG_001,23
CCTTTGATCTCCAAAGAGAG_002,12
CCTTTGATCTCCAAAGAGAG_003,116
CCTTTGATCTCCAAAGAGAG_004,195
CCTTTGATCTCCAAAGAGAG_005,195
CCTTTGATCTCCAAAGAGAG_006,9
CCTTTGATCTCCAAAGAGAG_007,86
CCTTTGATCTCCAAAGAGAG_008,94
CCTTTGATCTCCAAAGAGAG_009,191
GATGTTCCACTATTTCTGCG_001,127
GATGTTCCACTATTTCTGCG_002,116
GATGTTCCACTATTTCTGCG_003,166
TGGGGTTACTGTATCAACTG_001,42
TGGGGTTACTGTATCAACTG_002,123
TGGGGTTACTGTATCAACTG_003,197
TGGGGTTACTGTATCAACTG_004,9
ACGGTAGATACAATATGAAG_001,118
ACGGTAGATACAATATGAAG_002,156
ACGGTAGATACAATATGAAG_003,17
CAAGTGCCAGATGTGCTCCG_001,194
CAAGTGCCAGATGTGCTCCG_002,27
CAAGTGCCAGATGTGCTCCG_003,41
CAAGTGCCAGATGTGCTCCG_004,177
ATGGAGAAATCAGTAATACA_001,149
ATGGAGAAATCAGTAATACA_002,57
ATGGAGAAATCAGTAATACA_003,177
ATGGAGAAATCAGTAATACA_004,171
ATGGAGAAATCAGTAATACA_005,92
ATGGAGAAATCAGTAATACA_006,162
ATGGAGAAATCAGTAATACA_007,113
ATGGAGAAATCAGTAATACA_008,56
CTGGCAGCCACGTGCCACTG_001,169
CTGGCAGCCACGTGCCACTG_002,84
CTGGCAGCCACGTGCCACTG_003,12
CTGGCAGCCACGTGCCACTG_004,146
CTGGCAGCCACGTGCCACTG_005,151
CTGGCAGCCACGTGCCACTG_006,92
CTGGCAGCCACGTGCCACTG_007,110
CTGGCAGCCACGTGCCACTG_008,178
CTGGCAGCCACGTGCCACTG_009,144
CTGGCAGCCACGTGCCACTG_010,124
CTGGCAGCCACGTGCCACTG_011,157
CTGGCAGCCACGTGCCACTG_012,39
CTGGCAGCCACGTGCCACTG_013,126
AAAAGCGAAGTCCCTAGCAG_001,101
AAAAGCGAAGTCCCTAGCAG_002,193
AAAAGCGAAGTCCCTAGCAG_003,37
AAAAGCGAAGTCCCTAGCAG_004,43
AAAAGCGAAGTCCCTAGCAG_005,158
AAAAGCGAAGTCCCTAGCAG_006,62
AAAAGCGAAGTCCCTAGCAG_007,154
AAAAGCGAAGTCCCTAGCAG_008,19
AAAAGCGAAGTCCCTAGCAG_009,159
AAAAGCGAAGTCCCTAGCAG_010,172
AAAAGCGAAGTCCCTAGCAG_011,198
AAAAGCGAAGTCCCTAGCAG_012,150
AAAAGCGAAGTCCCTAGCAG_013,105
AAAAGCGAAGTCCCTAGCAG_014,79
AAAAGCGAAGTCCCTAGCAG_015,80
AAAAGCGAAGTCCCTAGCAG_016,47
AAAAGCGAAGTCCCTAGCAG_017,62
AAAAGCGAAGTCCCTAGCAG_018,19
AAAAGCGAAGTCCCTAGCAG_019,174
AAAAGCGAAGTCCCTAGCAG_020,175
AAAAGCGAAGTCCCTAGCAG_021,49
AAAAGCGAAGTCCCTAGCAG_022,134
AAAAGCGAAGTCCCTAGCAG_023,79
AAAAGCGAAGTCCCTAGCAG_024,106
AAAAGCGAAGTCCCTAGCAG_025,50
AAAAGCGAAGTCCCTAGCAG_026,65
AAAAGCGAAGTCCCTAGCAG_027,11
CGAGGACAGAATTTCCCACA_001,122
CGAGGACAGAATTTCCCACA_002,105
CGAGGACAGAATTTCCCACA_003,105
CGAGGACAGAATTTCCCACA_004,186
CGAGGACAGAATTTCCCACA_005,13
CGAGGACAGAATTTCCCACA_006,74
CGAGGACAGAATTTCCCACA_007,147
CGAGGACAGAATTTCCCACA_008,55
CGAGGACAGAATTTCCCACA_009,170
AGAGTTTAATGTCTCCTGAG_001,137
AGAGTTTAATGTCTCCTGAG_002,52
AACACTGACAGTAACAATCC_001,144
AACACTGACAGTAACAATCC_002,177
CCTGGGCACGACGTTTGCAG_001,19
CCTGGGCACGACGTTTGCAG_002,76
CCTGGGCACGACGTTTGCAG_003,77
CCTGGGCACGACGTTTGCAG_004,137
CCTGGGCACGACGTTTGCAG_005,52
CCTGGGCACGACGTTTGCAG_006,54
CCTGGGCACGACGTTTGCAG_007,171
CCTGGGCACGACGTTTGCAG_008,184
CCTGGGCACGACGTTTGCAG_009,19
CCTGGGCACGACGTTTGCAG_010,125
AGCAGGGCTCGGGTGATAGG_001,138
AGCAGGGCTCGGGTGATAGG_002,166
AGCAGGGCTCGGGTGATAGG_003,198
AGCAGGGCTCGGGTGATAGG_004,74
AGCAGGGCTCGGGTGATAGG_005,139
AGCAGGGCTCGGGTGATAGG_006,193
AGCAGGGCTCGGGTGATAGG_007,175
AGCAGGGCTCGGGTGATAGG_008,199
AGCAGGGCTCGGGTGATAGG_009,162
CCTTCGATCCGTAATCCCAC_001,0
CCTTCGATCCGTAATCCCAC_002,103
CCTTCGATCCGTAATCCCAC_003,83
CCTTCGATCCGTAATCCCAC_004,118
CTTACGCAGTATATACGCAG_001,33
CTTACGCAGTATATACGCAG_002,147
CTTACGCAGTATATACGCAG_003,49
CTTACGCAGTATATACGCAG_004,127
CTTACGCAGTATATACGCAG_005,15
CATGAAACGGACCCCCCCGT_001,84
CATGAAACGGACCCCCCCGT_002,170
CATGAAACGGACCCCCCCGT_003,149
CATGAAACGGACCCCCCCGT_004,63
CATGAAACGGACCCCCCCGT_005,28
CATGAAACGGACCCCCCCGT_006,169
CATGAAACGGACCCCCCCGT_007,157
CATGAAACGGACCCCCCCGT_008,14
CATGAAACGGACCCCCCCGT_009,23
CATGAAACGGACCCCCCCGT_010,40
CATGAAACGGACCCCCCCGT_011,0
CATGAAACGGACCCCCCCGT_012,174
CATGAAACGGACCCCCCCGT_013,77
CATGAAACGGACCCCCCCGT_014,22
TGAGGTAATATCGACTGACT_001,101
TGAGGTAATATCGACTGACT_002,114
TGAGGTAATATCGACTGACT_003,69
TGAGGTAATATCGACTGACT_004,15
TGAGGTAATATCGACTGACT_005,107
TGAGGTAATATCGACTGACT_006,137
GAAGTGGTTGATCTCCCGAG_001,198
TGTGTTGATAAGTTGTACAA_001,34
TGTGTTGATAAGTTGTACAA_002,33
CTCTGTGACATCGTAACATG_001,127
CTCTGTGACATCGTAACATG_002,115
CTCTGTGACATCGTAACATG_003,10
CTCTGTGACATCGTAACATG_004,63
GGCATACAAATGGTGCATCG_001,171
GGCATACAAATGGTGCATCG_002,185
GGCATACAAATGGTGCATCG_003,146
GGCATACAAATGGTGCATCG_004,94
GGCATACAAATGGTGCATCG_005,31
GGCATACAAATGGTGCATCG_006,148
GGCATACAAATGGTGCATCG_007,148
GGCATACAAATGGTGCATCG_008,184
GGCATACAAATGGTGCATCG_009,113
GGCATACAAATGGTGCATCG_010,147
GGCATACAAATGGTGCATCG_011,19
GGGTCCAGGGGTAAACAACG_001,25
GGGTCCAGGGGTAAACAACG_002,28
GGGTCCAGGGGTAAACAACG_003,148
GGGTCCAGGGGTAAACAACG_004,130
GGGTCCAGGGGTAAACAACG_005,193
GGGTCCAGGGGTAAACAACG_006,12
GGGTCCAGGGGTAAACAACG_007,23
GGGTCCAGGGGTAAACAACG_008,91
GGGTCCAGGGGTAAACAACG_009,174
GGGTCCAGGGGTAAACAACG_010,33
GGGTCCAGGGGTAAACAACG_011,115
GGGTCCAGGGGTAAACAACG_012,147
GGGTCCAGGGGTAAACAACG_013,101
GGGTCCAGGGGTAAACAACG_014,84
GGGTCCAGGGGTAAACAACG_015,150
GCTGCTGAACTATGATACAG_001,105
GCTGCTGAACTATGATACAG_002,147
GCTGCTGAACTATGATACAG_003,126
TCCTGACACGGGAGACAGTG_001,12
TCCTGACACGGGAGACAGTG_002,24
TCCTGACACGGGAGACAGTG_003,43
TCCTGACACGGGAGACAGTG_004,105
TCCTGACACGGGAGACAGTG_005,160
TCCTGACACGGGAGACAGTG_006,4
TCCTGACACGGGAGACAGTG_007,174
TCCTGACACGGGAGACAGTG_008,186
TCCTGACACGGGAGACAGTG_009,100
TCCTGACACGGGAGACAGTG_010,188
TCCTGACACGGGAGACAGTG_011,137
TCCTGACACGGGAGACAGTG_012,62
TCCTGACACGGGAGACAGTG_013,17
TCCTGACACGGGAGACAGTG_014,130
TCCTGACACGGGAGACAGTG_015,84
TCCTGACACGGGAGACAGTG_016,166
TCCTGACACGGGAGACAGTG_017,59
TCCTGACACGGGAGACAGTG_018,58
TCCTGACACGGGAGACAGTG_019,142
TCCTGACACGGGAGACAGTG_020,178
TCCTGACACGGGAGACAGTG_021,35
TCCTGACACGGGAGACAGTG_022,113
TCCTGACACGGGAGACAGTG_023,51
TCCTGACACGGGAGACAGTG_024,153
TCCTGACACGGGAGACAGTG_025,114
TCCTGACACGGGAGACAGTG_026,135
TCCTGACACGGGAGACAGTG_027,91
TTCACAAAATTAGAGCGCAT_001,9
TTCACAAAATTAGAGCGCAT_002,35
TTCACAAAATTAGAGCGCAT_003,152
TTCACAAAATTAGAGCGCAT_004,72
TTCACAAAATTAGAGCGCAT_005,94
AGCGCAAAGACACGGCAGCA_001,77
AGCGCAAAGACACGGCAGCA_002,81
AGCGCAAAGACACGGCAGCA_003,107
AGCGCAAAGACACGGCAGCA_004,193
AGCGCAAAGACACGGCAGCA_005,121
AGCGCAAAGACACGGCAGCA_006,157
AGCGCAAAGACACGGCAGCA_007,60
AGCGCAAAGACACGGCAGCA_008,199
AGCGCAAAGACACGGCAGCA_009,17
AGCGCAAAGACACGGCAGCA_010,12
AGCGCAAAGACACGGCAGCA_011,192
AGCGCAAAGACACGGCAGCA_012,141
AGCGCAAAGACACGGCAGCA_013,161
AGCGCAAAGACACGGCAGCA_014,196
AGCGCAAAGACACGGCAGCA_015,183
AGCGCAAAGACACGGCAGCA_016,119
AGCGCAAAGACACGGCAGCA_017,104
AGCGCAAAGACACGGCAGCA_018,166
AGCGCAAAGACACGGCAGCA_019,30
AGCGCAAAGACACGGCAGCA_020,169
AGCGCAAAGACACGGCAGCA_021,184
AGCGCAAAGACACGGCAGCA_022,174
AGCGCAAAGACACGGCAGCA_023,126
AGCGCAAAGACACGGCAGCA_024,168
AGCGCAAAGACACGGCAGCA_025,63
AGCGCAAAGACACGGCAGCA_026,39
AGCGCAAAGACACGGCAGCA_027,49
AGCGCAAAGACACGGCAGCA_028,2
AGCGCAAAGACACGGCAGCA_029,116
AGCGCAAAGACACGGCAGCA_030,105
AGCGCAAAGACACGGCAGCA_031,182
AGCAAACCACCTAGTCCCTG_001,55
AGCAAACCACCTAGTCCCTG_002,158
AGCAAACCACCTAGTCCCTG_003,169
AGCAAACCACCTAGTCCCTG_004,23
AGCAAACCACCTAGTCCCTG_005,29
AGCAAACCACCTAGTCCCTG_006,198
AGCAAACCACCTAGTCCCTG_007,161
AGCAAACCACCTAGTCCCTG_008,19
AGCAAACCACCTAGTCCCTG_009,144
AGCAAACCACCTAGTCCCTG_010,169
AGCAAACCACCTAGTCCCTG_011,10
AGCAAACCACCTAGTCCCTG_012,17
AGCAAACCACCTAGTCCCTG_013,105
AGCAAACCACCTAGTCCCTG_014,71
AGCAAACCACCTAGTCCCTG_015,45
AGCAAACCACCTAGTCCCTG_016,151
AGCAAACCACCTAGTCCCTG_017,9
AGCAAACCACCTAGTCCCTG_018,34
AGCAAACCACCTAGTCCCTG_019,7
AGCAAACCACCTAGTCCCTG_020,88
AGCAAACCACCTAGTCCCTG_021,16
AGCAAACCACCTAGTCCCTG_022,131
AGCAAACCACCTAGTCCCTG_023,113
AGCAAACCACCTAGTCCCTG_024,135
AGCAAACCACCTAGTCCCTG_025,185
AGCAAACCACCTAGTCCCTG_026,8
AGCAAACCACCTAGTCCCTG_027,144
AGCAAACCACCTAGTCCCTG_028,185
GTGAATCCAGGATAAGCGAG_001,80
GTGAATCCAGGATAAGCGAG_002,178
GTGAATCCAGGATAAGCGAG_003,148
GTGAATCCAGGATAAGCGAG_004,177
GTGAATCCAGGATAAGCGAG_005,170
GATGTAACGCATTTCCATAG_001,188
GGCCAAACCCACGACCTCTG_001,6
GGCCAAACCCACGACCTCTG_002,113
GGCCAAACCCACGACCTCTG_003,145
GGCCAAACCCACGACCTCTG_004,57
GGCCAAACCCACGACCTCTG_005,24
GGCCAAACCCACGACCTCTG_006,22
GGCCAAACCCACGACCTCTG_007,55
GGCCAAACCCACGACCTCTG_008,84
GGCCAAACCCACGACCTCTG_009,29
GGCCAAACCCACGACCTCTG_010,171
GGCCAAACCCACGACCTCTG_011,27
GGCCAAACCCACGACCTCTG_012,77
GGCCAAACCCACGACCTCTG_013,177
GGCCAAACCCACGACCTCTG_014,105
GGCCAAACCCACGACCTCTG_015,70
GGCCAAACCCACGACCTCTG_016,72
GGCCAAACCCACGACCTCTG_017,50
GGCCAAACCCACGACCTCTG_018,158
GGCCAAACCCACGACCTCTG_019,57
GGCCAAACCCACGACCTCTG_020,84
GGCCAAACCCACGACCTCTG_021,32
GGCCAAACCCACGACCTCTG_022,149
GGCCAAACCCACGACCTCTG_023,70
GGCCAAACCCACGACCTCTG_024,36
GGCCAAACCCACGACCTCTG_025,177
GGCCAAACCCACGACCTCTG_026,70
GGCCAAACCCACGACCTCTG_027,2
GGCCAAACCCACGACCTCTG_028,126
GGCCAAACCCACGACCTCTG_029,62
GGCCAAACCCACGACCTCTG_030,105
GGCCAAACCCACGACCTCTG_031,96
GGCCAAACCCACGACCTCTG_032,150
GGCCAAACCCACGACCTCTG_033,146
GGCCAAACCCACGACCTCTG_034,77
GGCCAAACCCACGACCTCTG_035,137
GGCCAAACCCACGACCTCTG_036,96
GGCCAAACCCACGACCTCTG_037,153
GGCCAAACCCACGACCTCTG_038,198
GGCCAAACCCACGACCTCTG_039,108
GGCCAAACCCACGACCTCTG_040,94
GGCCAAACCCACGACCTCTG_041,124
GGCCAAACCCACGACCTCTG_042,78
GGCCAAACCCACGACCTCTG_043,138
GGCCAAACCCACGACCTCTG_044,180
GGCCAAACCCACGACCTCTG_045,32
GGCCAAACCCACGACCTCTG_046,63
GGCCAAACCCACGACCTCTG_047,117
GGCCAAACCCACGACCTCTG_048,40
GGCCAAACCCACGACCTCTG_049,144
ATGGCGTGCTTCATAGCAGT_001,82
ATGGCGTGCTTCATAGCAGT_002,43
ATGGCGTGCTTCATAGCAGT_003,105
ATGGCGTGCTTCATAGCAGT_004,132
ATGGCGTGCTTCATAGCAGT_005,19
ATGGCGTGCTTCATAGCAGT_006,124
ATGGCGTGCTTCATAGCAGT_007,135
AAGGCACACCATCTGAAGAG_001,171
AAGGCACACCATCTGAAGAG_002,116
AAGGCACACCATCTGAAGAG_003,58
AAGGCACACCATCTGAAGAG_004,77
AAGGCACACCATCTGAAGAG_005,118
AAGGCACACCATCTGAAGAG_006,174
AAGGCACACCATCTGAAGAG_007,187
AAGGCACACCATCTGAAGAG_008,42
AAGGCACACCATCTGAAGAG_009,76
AAGGCACACCATCTGAAGAG_010,182
AAGGCACACCATCTGAAGAG_011,60
AAGGCACACCATCTGAAGAG_012,136
AAGGCACACCATCTGAAGAG_013,147
CAGGGCCCAGACACCCCACG_001,177
CAGGGCCCAGACACCCCACG_002,170
CAGGGCCCAGACACCCCACG_003,29
CAGGGCCCAGACACCCCACG_004,62
CAGGGCCCAGACACCCCACG_005,51
CAGGGCCCAGACACCCCACG_006,69
CAGGGCCCAGACACCCCACG_007,178
CAGGGCCCAGACACCCCACG_008,178
GGTCCCCGAACCAGAACACG_001,50
GGTCCCCGAACCAGAACACG_002,78
GGTCCCCGAACCAGAACACG_003,198
GGTCCCCGAACCAGAACACG_004,113
GGTCCCCGAACCAGAACACG_005,104
GGTCCCCGAACCAGAACACG_006,20
GGTCCCCGAACCAGAACACG_007,7
GGTCCCCGAACCAGAACACG_008,127
GGTCCCCGAACCAGAACACG_009,65
GGTCCCCGAACCAGAACACG_010,144
GGTCCCCGAACCAGAACACG_011,170
GGTCCCCGAACCAGAACACG_012,107
GGTCCCCGAACCAGAACACG_013,165
GGTCCCCGAACCAGAACACG_014,56
GGTCCCCGAACCAGAACACG_015,88
GGTCCCCGAACCAGAACACG_016,2
GGTCCCCGAACCAGAACACG_017,101
GGTCCCCGAACCAGAACACG_018,84
GGTCCCCGAACCAGAACACG_019,138
GGTCCCCGAACCAGAACACG_020,124
CTTACTTACAGTGAATTCCC_001,49
TTAAACGTGTATACATCAGC_001,122
TTAAACGTGTATACATCAGC_002,129
GAGTAGCTAAGGGAAAACCA_001,78
GAGTAGCTAAGGGAAAACCA_002,78
GAGTAGCTAAGGGAAAACCA_003,152
GAGTAGCTAAGGGAAAACCA_004,40
GAGTAGCTAAGGGAAAACCA_005,183
GAGTAGCTAAGGGAAAACCA_006,183
GAGTAGCTAAGGGAAAACCA_007,52
GAGTAGCTAAGGGAAAACCA_008,84
GAGTAGCTAAGGGAAAACCA_009,2
GAGTAGCTAAGGGAAAACCA_010,61
GAGTAGCTAAGGGAAAACCA_011,78
GAGTAGCTAAGGGAAAACCA_012,8
TACTCAAAGAAATTACTACA_001,8
TACTCAAAGAAATTACTACA_002,116
TACTCAAAGAAATTACTACA_003,72
GTCCTCAGACACGATGAGAC_001,80
GTCCTCAGACACGATGAGAC_002,154
GTCCTCAGACACGATGAGAC_003,105
GTCCTCAGACACGATGAGAC_004,86
GGGACAGTCAATTAGGACGG_001,49
GGGACAGTCAATTAGGACGG_002,196
GGGACAGTCAATTAGGACGG_003,111
GGGACAGTCAATTAGGACGG_004,60
GGGACAGTCAATTAGGACGG_005,14
GGGACAGTCAATTAGGACGG_006,90
GGGACAGTCAATTAGGACGG_007,126
GGGACAGTCAATTAGGACGG_008,160
GGGACAGTCAATTAGGACGG_009,147
GGGACAGTCAATTAGGACGG_010,18
AGTGGTGTGCACATATGCCA_001,161
AGTGGTGTGCACATATGCCA_002,169
AGTGGTGTGCACATATGCCA_003,116
AGTGGTGTGCACATATGCCA_004,67
AGTGGTGTGCACATATGCCA_005,43
AGTGGTGTGCACATATGCCA_006,85
AGTGGTGTGCACATATGCCA_007,72
AGTGGTGTGCACATATGCCA_008,72
ACATATTCGGGATTGTCCAT_001,68
ACATATTCGGGATTGTCCAT_002,102
ACATATTCGGGATTGTCCAT_003,106
ACATATTCGGGATTGTCCAT_004,115
ACATATTCGGGATTGTCCAT_005,28
ACATATTCGGGATTGTCCAT_006,149
ACATATTCGGGATTGTCCAT_007,12
ACATATTCGGGATTGTCCAT_008,29
ACATATTCGGGATTGTCCAT_009,147
ACATATTCGGGATTGTCCAT_010,28
ACATATTCGGGATTGTCCAT_011,143
ATCCGAGAGAATACAGACGT_001,74
ATCCGAGAGAATACAGACGT_002,152
ATCCGAGAGAATACAGACGT_003,117
ATCCGAGAGAATACAGACGT_004,47
ATCCGAGAGAATACAGACGT_005,128
ATCCGAGAGAATACAGACGT_006,136
ATCCGAGAGAATACAGACGT_007,137
GTGAGCAAGCTGACATTGCG_001,81
GTGAGCAAGCTGACATTGCG_002,37
GTGAGCAAGCTGACATTGCG_003,127
GTGAGCAAGCTGACATTGCG_004,137
GTGAGCAAGCTGACATTGCG_005,137
GTGAGCAAGCTGACATTGCG_006,16
GTGAGCAAGCTGACATTGCG_007,199
GTGAGCAAGCTGACATTGCG_008,107
GTGAGCAAGCTGACATTGCG_009,82
GTGAGCAAGCTGACATTGCG_010,169
GTGAGCAAGCTGACATTGCG_011,16
GTGAGCAAGCTGACATTGCG_012,139
GTGAGCAAGCTGACATTGCG_013,54
GTGAGCAAGCTGACATTGCG_014,115
GTGAGCAAGCTGACATTGCG_015,174
GTGAGCAAGCTGACATTGCG_016,159
GTGAGCAAGCTGACATTGCG_017,97
GTGAGCAAGCTGACATTGCG_018,64
GTGAGCAAGCTGACATTGCG_019,32
GTGAGCAAGCTGACATTGCG_020,5
GTGAGCAAGCTGACATTGCG_021,188
GTGAGCAAGCTGACATTGCG_022,174
GTGAGCAAGCTGACATTGCG_023,130
GTGAGCAAGCTGACATTGCG_024,118
GTGAGCAAGCTGACATTGCG_025,28
GTGAGCAAGCTGACATTGCG_026,133
GTGAGCAAGCTGACATTGCG_027,19
GTGAGCAAGCTGACATTGCG_028,105
ATGTTACCGGCTACTCCATG_001,137
ATGTTACCGGCTACTCCATG_002,35
ATGTTACCGGCTACTCCATG_003,104
ATGTTACCGGCTACTCCATG_004,6
ATGTTACCGGCTACTCCATG_005,87
ATGTTACCGGCTACTCCATG_006,137
ATGTTACCGGCTACTCCATG_007,82
ATGTTACCGGCTACTCCATG_008,189
AGCCATAGGCAAATACCACC_001,197
AGCCATAGGCAAATACCACC_002,42
AGCCATAGGCAAATACCACC_003,89
AGCCATAGGCAAATACCACC_004,45
AGCCATAGGCAAATACCACC_005,70
AATCTTCTCTGACAGGACCG_001,98
AATCTTCTCTGACAGGACCG_002,170
AATCTTCTCTGACAGGACCG_003,63
AATCTTCTCTGACAGGACCG_004,105
AATCTTCTCTGACAGGACCG_005,154
AATCTTCTCTGACAGGACCG_006,24
AATCTTCTCTGACAGGACCG_007,16
AATCTTCTCTGACAGGACCG_008,121
AATCTTCTCTGACAGGACCG_009,8
AATCTTCTCTGACAGGACCG_010,110
CATGCTCAGGGACAATCACA_001,15
CATGCTCAGGGACAATCACA_002,57
CATGCTCAGGGACAATCACA_003,139
CATGCTCAGGGACAATCACA_004,85
CATGCTCAGGGACAATCACA_005,194
CATGCTCAGGGACAATCACA_006,9
GATGTCTCATAATAAAGCTG_001,62
GATGTCTCATAATAAAGCTG_002,58
GATGTCTCATAATAAAGCTG_003,14
ATTCTTGTGAGAAGTGTGGT_001,182
ATTCTTGTGAGAAGTGTGGT_002,41
ATTCTTGTGAGAAGTGTGGT_003,19
ATTCTTGTGAGAAGTGTGGT_004,48
ATTCTTGTGAGAAGTGTGGT_005,76
ATTCTTGTGAGAAGTGTGGT_006,23
ATTCTTGTGAGAAGTGTGGT_007,121
ATTCTTGTGAGAAGTGTGGT_008,149
ATTCTTGTGAGAAGTGTGGT_009,115
ATTCTTGTGAGAAGTGTGGT_010,146
ATTCTTGTGAGAAGTGTGGT_011,107
ATTCTTGTGAGAAGTGTGGT_012,147
ATTCTTGTGAGAAGTGTGGT_013,196
ATTCTTGTGAGAAGTGTGGT_014,196
ATTCTTGTGAGAAGTGTGGT_015,6
ATTCTTGTGAGAAGTGTGGT_016,133
ATTCTTGTGAGAAGTGTGGT_017,141
GACCATCAGCACACGATGGG_001,194
GACCATCAGCACACGATGGG_002,23
GACCATCAGCACACGATGGG_003,43
GACCATCAGCACACGATGGG_004,169
GACCATCAGCACACGATGGG_005,28
GACCATCAGCACACGATGGG_006,80
GACCATCAGCACACGATGGG_007,94
GACCATCAGCACACGATGGG_008,105
GACCATCAGCACACGATGGG_009,98
GACCATCAGCACACGATGGG_010,34
GACCATCAGCACACGATGGG_011,68
GACCATCAGCACACGATGGG_012,162
GACCATCAGCACACGATGGG_013,103
GACCATCAGCACACGATGGG_014,148
GACCATCAGCACACGATGGG_015,24
GACCATCAGCACACGATGGG_016,1
GACCATCAGCACACGATGGG_017,150
GACCATCAGCACACGATGGG_018,107
GACCATCAGCACACGATGGG_019,94
GACCATCAGCACACGATGGG_020,191
GACCATCAGCACACGATGGG_021,92
GACCATCAGCACACGATGGG_022,26
GACCATCAGCACACGATGGG_023,101
GACCATCAGCACACGATGGG_024,146
GACCATCAGCACACGATGGG_025,145
GACCATCAGCACACGATGGG_026,11
GACCATCAGCACACGATGGG_027,141
GACCATCAGCACACGATGGG_028,187
GACCATCAGCACACGATGGG_029,133
GACCATCAGCACACGATGGG_030,79
GACCATCAGCACACGATGGG_031,19
GACCATCAGCACACGATGGG_032,144
GACCATCAGCACACGATGGG_033,83
GACCATCAGCACACGATGGG_034,163
GACCATCAGCACACGATGGG_035,26
GACCATCAGCACACGATGGG_036,187
GACCATCAGCACACGATGGG_037,38
GACCATCAGCACACGATGGG_038,74
GACCATCAGCACACGATGGG_039,65
GACCATCAGCACACGATGGG_040,83
GACCATCAGCACACGATGGG_041,105
GACCATCAGCACACGATGGG_042,10
GACCATCAGCACACGATGGG_043,123
GACCATCAGCACACGATGGG_044,42
GACCATCAGCACACGATGGG_045,42
GACCATCAGCACACGATGGG_046,159
GACCATCAGCACACGATGGG_047,188
GACCATCAGCACACGATGGG_048,43
GACCATCAGCACACGATGGG_049,70
AAGATCAGTAAAGAGATTGG_001,124
AAGATCAGTAAAGAGATTGG_002,54
AAGATCAGTAAAGAGATTGG_003,159
AAGATCAGTAAAGAGATTGG_004,129
AAGATCAGTAAAGAGATTGG_005,182
AAGATCAGTAAAGAGATTGG_006,150
AAGATCAGTAAAGAGATTGG_007,54
AAGATCAGTAAAGAGATTGG_008,63
AAGATCAGTAAAGAGATTGG_009,19
CTCACATCAGGAAACCTGAT_001,94
CTCACATCAGGAAACCTGAT_002,96
CTCACATCAGGAAACCTGAT_003,98
TACTCGCGCCATGTACTCTG_001,130
TACTCGCGCCATGTACTCTG_002,78
TACTCGCGCCATGTACTCTG_003,15
TACTCGCGCCATGTACTCTG_004,177
TACTCGCGCCATGTACTCTG_005,75
TACTCGCGCCATGTACTCTG_006,115
TACTCGCGCCATGTACTCTG_007,115
TACTCGCGCCATGTACTCTG_008,160
TACTCGCGCCATGTACTCTG_009,199
TACTCGCGCCATGTACTCTG_010,26
TACTCGCGCCATGTACTCTG_011,175
TACTCGCGCCATGTACTCTG_012,48
TACTCGCGCCATGTACTCTG_013,94
TACTCGCGCCATGTACTCTG_014,94
TACTCGCGCCATGTACTCTG_015,92
TACTCGCGCCATGTACTCTG_016,197
TACTCGCGCCATGTACTCTG_017,38
TACTCGCGCCATGTACTCTG_018,134
TACTCGCGCCATGTACTCTG_019,102
TACTCGCGCCATGTACTCTG_020,46
TACTCGCGCCATGTACTCTG_021,136
TACTCGCGCCATGTACTCTG_022,124
TACTCGCGCCATGTACTCTG_023,34
TACTCGCGCCATGTACTCTG_024,70
GTTTCTGTAATCTACACTAG_001,77
GTTTCTGTAATCTACACTAG_002,8
GTTTCTGTAATCTACACTAG_003,133
GTTTCTGTAATCTACACTAG_004,198
AGCTGAACCCCTAGGCAACG_001,53
AGCTGAACCCCTAGGCAACG_002,117
AGCTGAACCCCTAGGCAACG_003,19
AGCTGAACCCCTAGGCAACG_004,38
AGCTGAACCCCTAGGCAACG_005,146
AGCTGAACCCCTAGGCAACG_006,116
CTATCCGTACACACCCTCGT_001,121
CTATCCGTACACACCCTCGT_002,112
CTATCCGTACACACCCTCGT_003,53
CTATCCGTACACACCCTCGT_004,121
CTATCCGTACACACCCTCGT_005,34
CTGCCCCAGGCGTAATCCTC_001,6
CTGCCCCAGGCGTAATCCTC_002,146
CTGCCCCAGGCGTAATCCTC_003,60
CTGCCCCAGGCGTAATCCTC_004,127
CTGCCCCAGGCGTAATCCTC_005,14
CTGCCCCAGGCGTAATCCTC_006,52
CTGCCCCAGGCGTAATCCTC_007,159
CTGCCCCAGGCGTAATCCTC_008,184
CTGCCCCAGGCGTAATCCTC_009,137
CTGCCCCAGGCGTAATCCTC_010,132
CTGCCCCAGGCGTAATCCTC_011,92
CTGCCCCAGGCGTAATCCTC_012,145
CTGCCCCAGGCGTAATCCTC_013,76
CTGCCCCAGGCGTAATCCTC_014,67
CTGCCCCAGGCGTAATCCTC_015,144
CTGCCCCAGGCGTAATCCTC_016,156
CTGCCCCAGGCGTAATCCTC_017,188
CTGCCCCAGGCGTAATCCTC_018,105
CTGCCCCAGGCGTAATCCTC_019,98
CTGCCCCAGGCGTAATCCTC_020,43
CTGCCCCAGGCGTAATCCTC_021,105
CTGCCCCAGGCGTAATCCTC_022,127
CTGCCCCAGGCGTAATCCTC_023,54
CTGCCCCAGGCGTAATCCTC_024,186
CTGCCCCAGGCGTAATCCTC_025,189
CTGCCCCAGGCGTAATCCTC_026,7
CTGCCCCAGGCGTAATCCTC_027,3
CTGCCCCAGGCGTAATCCTC_028,159
CTGCCCCAGGCGTAATCCTC_029,172
CTGCCCCAGGCGTAATCCTC_030,56
CTGCCCCAGGCGTAATCCTC_031,94
CTGCCCCAGGCGTAATCCTC_032,137
CTGCCCCAGGCGTAATCCTC_033,27
CTGCCCCAGGCGTAATCCTC_034,60
CTGCCCCAGGCGTAATCCTC_035,118
CTGCCCCAGGCGTAATCCTC_036,98
GTAGGTGCCTGCACGCGTCG_001,94
GTAGGTGCCTGCACGCGTCG_002,108
GTAGGTGCCTGCACGCGTCG_003,60
GTAGGTGCCTGCACGCGTCG_004,165
GTAGGTGCCTGCACGCGTCG_005,49
GTAGGTGCCTGCACGCGTCG_006,56
GTAGGTGCCTGCACGCGTCG_007,169
GTAGGTGCCTGCACGCGTCG_008,167
GTAGGTGCCTGCACGCGTCG_009,36
GTAGGTGCCTGCACGCGTCG_010,15
GTAGGTGCCTGCACGCGTCG_011,102
GTAGGTGCCTGCACGCGTCG_012,79
GTAGGTGCCTGCACGCGTCG_013,184
GTAGGTGCCTGCACGCGTCG_014,41
GTAGGTGCCTGCACGCGTCG_015,50
GTAGGTGCCTGCACGCGTCG_016,37
GTAGGTGCCTGCACGCGTCG_017,184
AAAGCGGAGTGGACGACTGG_001,129
AAAGCGGAGTGGACGACTGG_002,106
AAAGCGGAGTGGACGACTGG_003,28
AAAGCGGAGTGGACGACTGG_004,105
AAAGCGGAGTGGACGACTGG_005,183
AAAGCGGAGTGGACGACTGG_006,122
AAAGCGGAGTGGACGACTGG_007,52
AAAGCGGAGTGGACGACTGG_008,113
AAAGCGGAGTGGACGACTGG_009,50
AAAGCGGAGTGGACGACTGG_010,34
AAAGCGGAGTGGACGACTGG_011,148
AAAGCGGAGTGGACGACTGG_012,96
AAAGCGGAGTGGACGACTGG_013,148
AAAGCGGAGTGGACGACTGG_014,131
AAAGCGGAGTGGACGACTGG_015,177
AAAGCGGAGTGGACGACTGG_016,146
AAAGCGGAGTGGACGACTGG_017,145
AAAGCGGAGTGGACGACTGG_018,175
AAAGCGGAGTGGACGACTGG_019,174
AAAGCGGAGTGGACGACTGG_020,50
AAAGCGGAGTGGACGACTGG_021,67
AAAGCGGAGTGGACGACTGG_022,48
AAAGCGGAGTGGACGACTGG_023,117
AAAGCGGAGTGGACGACTGG_024,113
AAAGCGGAGTGGACGACTGG_025,175
AAAGCGGAGTGGACGACTGG_026,105
AAAGCGGAGTGGACGACTGG_027,58
AAAGCGGAGTGGACGACTGG_028,106
AAAGCGGAGTGGACGACTGG_029,49
AAAGCGGAGTGGACGACTGG_030,12
AAAGCGGAGTGGACGACTGG_031,92
AAAGCGGAGTGGACGACTGG_032,105
AAAGCGGAGTGGACGACTGG_033,21
AAAGCGGAGTGGACGACTGG_034,199
AAAGCGGAGTGGACGACTGG_035,191
AAAGCGGAGTGGACGACTGG_036,166
AAAGCGGAGTGGACGACTGG_037,78
AAAGCGGAGTGGACGACTGG_038,146
AAAGCGGAGTGGACGACTGG_039,165
AAAGCGGAGTGGACGACTGG_040,52
AAAGCGGAGTGGACGACTGG_041,110
GGTACACCAGCCCCACACGG_001,98
GGTACACCAGCCCCACACGG_002,15
GGTACACCAGCCCCACACGG_003,108
GGTACACCAGCCCCACACGG_004,15
GGTACACCAGCCCCACACGG_005,140
GGTACACCAGCCCCACACGG_006,56
GGTACACCAGCCCCACACGG_007,128
TCTTAAACGGGCAAAACGCA_001,104
TCTTAAACGGGCAAAACGCA_002,122
TCTTAAACGGGCAAAACGCA_003,122
TTTAGGTTGTCTACACATGG_001,29
AACATGGTGAGAGCCGAGTA_001,119
AACATGGTGAGAGCCGAGTA_002,199
AACATGGTGAGAGCCGAGTA_003,70
AACATGGTGAGAGCCGAGTA_004,102
AACATGGTGAGAGCCGAGTA_005,160
AACATGGTGAGAGCCGAGTA_006,24
AACATGGTGAGAGCCGAGTA_007,137
AACATGGTGAGAGCCGAGTA_008,117
AACATGGTGAGAGCCGAGTA_009,91
AACATGGTGAGAGCCGAGTA_010,120
AACATGGTGAGAGCCGAGTA_011,5
AACATGGTGAGAGCCGAGTA_012,26
AACATGGTGAGAGCCGAGTA_013,120
AACATGGTGAGAGCCGAGTA_014,28
AACATGGTGAGAGCCGAGTA_015,11
AACATGGTGAGAGCCGAGTA_016,97
AACATGGTGAGAGCCGAGTA_017,97
AACATGGTGAGAGCCGAGTA_018,183
AACATGGTGAGAGCCGAGTA_019,104
AACATGGTGAGAGCCGAGTA_020,83
AACATGGTGAGAGCCGAGTA_021,111
AACATGGTGAGAGCCGAGTA_022,171
AACATGGTGAGAGCCGAGTA_023,93
AACATGGTGAGAGCCGAGTA_024,6
AACATGGTGAGAGCCGAGTA_025,185
AACATGGTGAGAGCCGAGTA_026,47
AACATGGTGAGAGCCGAGTA_027,88
AACATGGTGAGAGCCGAGTA_028,181
AACATGGTGAGAGCCGAGTA_029,12
AACATGGTGAGAGCCGAGTA_030,63
AACATGGTGAGAGCCGAGTA_031,127
AACATGGTGAGAGCCGAGTA_032,168
AACATGGTGAGAGCCGAGTA_033,40
AACATGGTGAGAGCCGAGTA_034,46
AACATGGTGAGAGCCGAGTA_035,63
AACATGGTGAGAGCCGAGTA_036,147
AACATGGTGAGAGCCGAGTA_037,121
GCGTCAGTTTGGACCCACAG_001,43
GCGTCAGTTTGGACCCACAG_002,117
GCGTCAGTTTGGACCCACAG_003,169
GCGTCAGTTTGGACCCACAG_004,60
GCGTCAGTTTGGACCCACAG_005,16
GCGTCAGTTTGGACCCACAG_006,57
GCGTCAGTTTGGACCCACAG_007,112
GCGTCAGTTTGGACCCACAG_008,152
GCGTCAGTTTGGACCCACAG_009,49
GCGTCAGTTTGGACCCACAG_010,67
GCGTCAGTTTGGACCCACAG_011,66
GAAATTGAAACGCTACCCGT_001,66
TCTGAGACTTGACGAACTCG_001,158
TCTGAGACTTGACGAACTCG_002,156
CGCCTCATACCAGCCCGACG_001,72
GAAGTTTAAGACCAACATCC_001,42
GAAGTTTAAGACCAACATCC_002,189
GAAGTTTAAGACCAACATCC_003,149
GAAGTTTAAGACCAACATCC_004,8
GAAGTTTAAGACCAACATCC_005,145
GAAGTTTAAGACCAACATCC_006,77
GAAGTTTAAGACCAACATCC_007,183
GAAGTTTAAGACCAACATCC_008,86
GAAGTTTAAGACCAACATCC_009,130
GAAGTTTAAGACCAACATCC_010,16
GAAGTTTAAGACCAACATCC_011,34
GAAGTTTAAGACCAACATCC_012,81
GAAGTTTAAGACCAACATCC_013,108
GAAGTTTAAGACCAACATCC_014,118
GAAGTTTAAGACCAACATCC_015,23
GAAGTTTAAGACCAACATCC_016,50
GAAGTTTAAGACCAACATCC_017,119
GAAGTTTAAGACCAACATCC_018,196
GAAGTTTAAGACCAACATCC_019,169
GAAGTTTAAGACCAACATCC_020,49
GGATTGAAAATGCTCCAGTG_001,68
GGATTGAAAATGCTCCAGTG_002,50
GGATTGAAAATGCTCCAGTG_003,175
TGGCCTCCCACCATTCCAAG_001,181
TGGCCTCCCACCATTCCAAG_002,161
TGGCCTCCCACCATTCCAAG_003,96
TGGCCTCCCACCATTCCAAG_004,41
TGGCCTCCCACCATTCCAAG_005,163
TGGCCTCCCACCATTCCAAG_006,199
TGGCCTCCCACCATTCCAAG_007,7
TGGCCTCCCACCATTCCAAG_008,150
TGGCCTCCCACCATTCCAAG_009,58
TGGCCTCCCACCATTCCAAG_010,141
TGGCCTCCCACCATTCCAAG_011,88
TGGCCTCCCACCATTCCAAG_012,35
TGGCCTCCCACCATTCCAAG_013,198
TGGCCTCCCACCATTCCAAG_014,18
TGGCCTCCCACCATTCCAAG_015,170
TGGCCTCCCACCATTCCAAG_016,15
TGGCCTCCCACCATTCCAAG_017,63
TGGCCTCCCACCATTCCAAG_018,77
TGGCCTCCCACCATTCCAAG_019,189
TGGCCTCCCACCATTCCAAG_020,37
TGGCCTCCCACCATTCCAAG_021,188
TGGCCTCCCACCATTCCAAG_022,131
TGGCCTCCCACCATTCCAAG_023,83
TGGCCTCCCACCATTCCAAG_024,169
TGGCCTCCCACCATTCCAAG_025,144
TGACTTACCGCACACTGGGT_001,137
TGACTTACCGCACACTGGGT_002,73
TGACTTACCGCACACTGGGT_003,35
TGACTTACCGCACACTGGGT_004,4
TGACTTACCGCACACTGGGT_005,51
TGACTTACCGCACACTGGGT_006,34
TGACTTACCGCACACTGGGT_007,145
TGACTTACCGCACACTGGGT_008,126
TGACTTACCGCACACTGGGT_009,82
TGACTTACCGCACACTGGGT_010,113
TGACTTACCGCACACTGGGT_011,96
TGACTTACCGCACACTGGGT_012,136
TGACTTACCGCACACTGGGT_013,142
ATTAATTTAGTCAATGCACT_001,134
ATTAATTTAGTCAATGCACT_002,132
ATTAATTTAGTCAATGCACT_003,186
ATTAATTTAGTCAATGCACT_004,122
ATTAATTTAGTCAATGCACT_005,69
ATTAATTTAGTCAATGCACT_006,33
ATTAATTTAGTCAATGCACT_007,36
ATTAATTTAGTCAATGCACT_008,52
ATTAATTTAGTCAATGCACT_009,105
ATTAATTTAGTCAATGCACT_010,58
ATTAATTTAGTCAATGCACT_011,16
ATTAATTTAGTCAATGCACT_012,175
ATTAATTTAGTCAATGCACT_013,69
ATTAATTTAGTCAATGCACT_014,174
CCGTGCCGTACCTTGGATTG_001,171
CCGTGCCGTACCTTGGATTG_002,16
CCGTGCCGTACCTTGGATTG_003,54
ATGTGTCAAAGTCGCATGGT_001,149
ATGTGTCAAAGTCGCATGGT_002,100
ATGTGTCAAAGTCGCATGGT_003,160
ATGTGTCAAAGTCGCATGGT_004,70
ATGTGTCAAAGTCGCATGGT_005,174
ATGTGTCAAAGTCGCATGGT_006,2
ATGTGTCAAAGTCGCATGGT_007,50
ATGTGTCAAAGTCGCATGGT_008,83
ATGTGTCAAAGTCGCATGGT_009,49
ATGTGTCAAAGTCGCATGGT_010,116
ATGTGTCAAAGTCGCATGGT_011,146
ATGTGTCAAAGTCGCATGGT_012,69
ATGTGTCAAAGTCGCATGGT_013,62
ATGTGTCAAAGTCGCATGGT_014,1
ATGTGTCAAAGTCGCATGGT_015,9
ATGTGTCAAAGTCGCATGGT_016,155
CATCGTAGGCGCCAACCTGA_001,9
CATCGTAGGCGCCAACCTGA_002,129
CATCGTAGGCGCCAACCTGA_003,4
CATCGTAGGCGCCAACCTGA_004,115
CATCGTAGGCGCCAACCTGA_005,67
CATCGTAGGCGCCAACCTGA_006,148
CATCGTAGGCGCCAACCTGA_007,197
CATCGTAGGCGCCAACCTGA_008,147
CATCGTAGGCGCCAACCTGA_009,111
CATCGTAGGCGCCAACCTGA_010,34
CATCGTAGGCGCCAACCTGA_011,81
CATCGTAGGCGCCAACCTGA_012,81
CATCGTAGGCGCCAACCTGA_013,174
CATCGTAGGCGCCAACCTGA_014,83
CATCGTAGGCGCCAACCTGA_015,88
CATCGTAGGCGCCAACCTGA_016,140
CATCGTAGGCGCCAACCTGA_017,107
CATCGTAGGCGCCAACCTGA_018,73
CATCGTAGGCGCCAACCTGA_019,184
CATCGTAGGCGCCAACCTGA_020,72
CATCGTAGGCGCCAACCTGA_021,88
CATCGTAGGCGCCAACCTGA_022,174
CATCGTAGGCGCCAACCTGA_023,36
CATCGTAGGCGCCAACCTGA_024,171
CATCGTAGGCGCCAACCTGA_025,125
CATCGTAGGCGCCAACCTGA_026,67
CATCGTAGGCGCCAACCTGA_027,157
CATCGTAGGCGCCAACCTGA_028,113
GCCTGCACGATGACCCGCCG_001,36
GCCTGCACGATGACCCGCCG_002,70
GCCTGCACGATGACCCGCCG_003,29
GCCTGCACGATGACCCGCCG_004,158
GCCTGCACGATGACCCGCCG_005,48
GCCTGCACGATGACCCGCCG_006,194
GCCTGCACGATGACCCGCCG_007,114
GCCTGCACGATGACCCGCCG_008,1
GCCTGCACGATGACCCGCCG_009,78
GCCTGCACGATGACCCGCCG_010,105
GCCTGCACGATGACCCGCCG_011,141
GCCTGCACGATGACCCGCCG_012,43
GCCTGCACGATGACCCGCCG_013,154
GCCTGCACGATGACCCGCCG_014,19
GCCTGCACGATGACCCGCCG_015,30
CTTGAAGACCCAATCCCCGG_001,149
CTTGAAGACCCAATCCCCGG_002,96
CTTGAAGACCCAATCCCCGG_003,113
CTTGAAGACCCAATCCCCGG_004,137
CTTGAAGACCCAATCCCCGG_005,177
CTTGAAGACCCAATCCCCGG_006,137
GATGTCAGCCAGTCAGGTGA_001,8
GATGTCAGCCAGTCAGGTGA_002,113
GATGTCAGCCAGTCAGGTGA_003,46
ACAGTTCTGAGTACACGGCA_001,38
ACAGTTCTGAGTACACGGCA_002,127
ACAGTTCTGAGTACACGGCA_003,144
ACAGTTCTGAGTACACGGCA_004,31
ACAGTTCTGAGTACACGGCA_005,6
ACAGTTCTGAGTACACGGCA_006,161
ACAGTTCTGAGTACACGGCA_007,137
ACAGTTCTGAGTACACGGCA_008,172
ACAGTTCTGAGTACACGGCA_009,36
ACAGTTCTGAGTACACGGCA_010,50
ACAGTTCTGAGTACACGGCA_011,187
ACAGTTCTGAGTACACGGCA_012,144
ACAGTTCTGAGTACACGGCA_013,92
ACAGTTCTGAGTACACGGCA_014,13
ACAGTTCTGAGTACACGGCA_015,102
ACAGTTCTGAGTACACGGCA_016,105
ACAGTTCTGAGTACACGGCA_017,15
ACAGTTCTGAGTACACGGCA_018,89
ACAGTTCTGAGTACACGGCA_019,13
CGGCCTGCTAGGGTATAGCG_001,8
CGGCCTGCTAGGGTATAGCG_002,42
CGGCCTGCTAGGGTATAGCG_003,168
CGGCCTGCTAGGGTATAGCG_004,33
CGGCCTGCTAGGGTATAGCG_005,33
CGGCCTGCTAGGGTATAGCG_006,185
CGGCCTGCTAGGGTATAGCG_007,80
CGGCCTGCTAGGGTATAGCG_008,153
CGGCCTGCTAGGGTATAGCG_009,186
CGGCCTGCTAGGGTATAGCG_010,152
CAGCGCGTCAAAGAGCGACA_001,87
CAGCGCGTCAAAGAGCGACA_002,55
CAGCGCGTCAAAGAGCGACA_003,77
CAGCGCGTCAAAGAGCGACA_004,70
CAGCGCGTCAAAGAGCGACA_005,149
CAGCGCGTCAAAGAGCGACA_006,6
CAGCGCGTCAAAGAGCGACA_007,94
GCTGGATGCTGCTGTCACGA_001,119
GCTGGATGCTGCTGTCACGA_002,176
GCTGGATGCTGCTGTCACGA_003,159
GCTGGATGCTGCTGTCACGA_004,107
GCTGGATGCTGCTGTCACGA_005,178
GCTGGATGCTGCTGTCACGA_006,162
GCTGGATGCTGCTGTCACGA_007,35
GCTGGATGCTGCTGTCACGA_008,105
GCTGGATGCTGCTGTCACGA_009,115
GCTGGATGCTGCTGTCACGA_010,126
GCTGGATGCTGCTGTCACGA_011,94
GCTGGATGCTGCTGTCACGA_012,27
GCTGGATGCTGCTGTCACGA_013,198
GCTGGATGCTGCTGTCACGA_014,81
GCTGGATGCTGCTGTCACGA_015,187
GCTGGATGCTGCTGTCACGA_016,187
GTGGGGCCAGATCGACGATG_001,137
GTGGGGCCAGATCGACGATG_002,17
GTGGGGCCAGATCGACGATG_003,192
GTGGGGCCAGATCGACGATG_004,69
GTGGGGCCAGATCGACGATG_005,147
GTGGGGCCAGATCGACGATG_006,32
GTGGGGCCAGATCGACGATG_007,172
GTGGGGCCAGATCGACGATG_008,37
GTGGGGCCAGATCGACGATG_009,110
ATTGAAACTTACATCCACAG_001,138
ATTGAAACTTACATCCACAG_002,116
ATTGAAACTTACATCCACAG_003,53
ATTGAAACTTACATCCACAG_004,27
ATTGAAACTTACATCCACAG_005,199
ATTGAAACTTACATCCACAG_006,58
ATTGAAACTTACATCCACAG_007,132
GCTCTGCCACGTATTCTACG_001,106
ACCTCTCAGAGGTACGACCA_001,5
ACCTCTCAGAGGTACGACCA_002,48
ACCTCTCAGAGGTACGACCA_003,48
ACCTCTCAGAGGTACGACCA_004,15
ACCTCTCAGAGGTACGACCA_005,150
ACCACATACCCAGTTAAAGG_001,94
ACCACATACCCAGTTAAAGG_002,18
TCTGGCTTGCACCGTGTCAT_001,7
TCTGGCTTGCACCGTGTCAT_002,76
TCTGGCTTGCACCGTGTCAT_003,159
TCTGGCTTGCACCGTGTCAT_004,169
TCTGGCTTGCACCGTGTCAT_005,30
TCTGGCTTGCACCGTGTCAT_006,129
TCTGGCTTGCACCGTGTCAT_007,126
TCTGGCTTGCACCGTGTCAT_008,174
TCTGGCTTGCACCGTGTCAT_009,193
TCTGGCTTGCACCGTGTCAT_010,113
TCTGGCTTGCACCGTGTCAT_011,113
TCTGGCTTGCACCGTGTCAT_012,48
TCTGGCTTGCACCGTGTCAT_013,56
TCTGGCTTGCACCGTGTCAT_014,175
TCTGGCTTGCACCGTGTCAT_015,3
GAAGCACGCCAGGAAGACAT_001,28
GAAGCACGCCAGGAAGACAT_002,107
GAAGCACGCCAGGAAGACAT_003,192
GAAGCACGCCAGGAAGACAT_004,160
GAAGCACGCCAGGAAGACAT_005,28
GAAGCACGCCAGGAAGACAT_006,56
GAAGCACGCCAGGAAGACAT_007,34
GAAGCACGCCAGGAAGACAT_008,54
GAAGCACGCCAGGAAGACAT_009,142
GAAGCACGCCAGGAAGACAT_010,105
GAAGCACGCCAGGAAGACAT_011,82
GAAGCACGCCAGGAAGACAT_012,177
GAAGCACGCCAGGAAGACAT_013,5
GAAGCACGCCAGGAAGACAT_014,81
GAAGCACGCCAGGAAGACAT_015,85
GAAGCACGCCAGGAAGACAT_016,115
GAAGCACGCCAGGAAGACAT_017,147
GAAGCACGCCAGGAAGACAT_018,18
GAAGCACGCCAGGAAGACAT_019,60
GAAGCACGCCAGGAAGACAT_020,151
GAAGCACGCCAGGAAGACAT_021,152
GAAGCACGCCAGGAAGACAT_022,75
GAAGCACGCCAGGAAGACAT_023,169
GAAGCACGCCAGGAAGACAT_024,61
GAAGCACGCCAGGAAGACAT_025,48
GAAGCACGCCAGGAAGACAT_026,29
GAAGCACGCCAGGAAGACAT_027,148
GAAGCACGCCAGGAAGACAT_028,49
GAAGCACGCCAGGAAGACAT_029,138
GAAGCACGCCAGGAAGACAT_030,103
GAAGCACGCCAGGAAGACAT_031,165
GAAGCACGCCAGGAAGACAT_032,38
TTGTACCGAGACTATAACCA_001,64
TTGTACCGAGACTATAACCA_002,76
TTGTACCGAGACTATAACCA_003,144
TTGTACCGAGACTATAACCA_004,33
TGATATTCCGGATTGCTCCG_001,148
TGATATTCCGGATTGCTCCG_002,153
TGATATTCCGGATTGCTCCG_003,183
TGATATTCCGGATTGCTCCG_004,4
TGATATTCCGGATTGCTCCG_005,106
TGATATTCCGGATTGCTCCG_006,142
TGATATTCCGGATTGCTCCG_007,148
AGAGGCCTACGAAAAACTCC_001,94
AGAGGCCTACGAAAAACTCC_002,76
AGAGGCCTACGAAAAACTCC_003,140
AGAGCTATGAGCTGCCAGAT_001,102
AGAGCTATGAGCTGCCAGAT_002,91
AGAGCTATGAGCTGCCAGAT_003,126
AGAGCTATGAGCTGCCAGAT_004,58
AGAGCTATGAGCTGCCAGAT_005,113
AGAGCTATGAGCTGCCAGAT_006,65
AGAGCTATGAGCTGCCAGAT_007,30
AGAGCTATGAGCTGCCAGAT_008,0
AGAGCTATGAGCTGCCAGAT_009,43
AGAGCTATGAGCTGCCAGAT_010,35
AGAGCTATGAGCTGCCAGAT_011,82
AGAGCTATGAGCTGCCAGAT_012,19
AGAGCTATGAGCTGCCAGAT_013,59
AGAGCTATGAGCTGCCAGAT_014,176
AGAGCTATGAGCTGCCAGAT_015,63
AGAGCTATGAGCTGCCAGAT_016,166
AGAGCTATGAGCTGCCAGAT_017,99
AGAGCTATGAGCTGCCAGAT_018,68
CTATCACTTTGGCACTACCA_001,112
CTATCACTTTGGCACTACCA_002,66
CTATCACTTTGGCACTACCA_003,60
CTATCACTTTGGCACTACCA_004,27
CTTGCGGGAACTGTACCTCA_001,152
CTTGCGGGAACTGTACCTCA_002,111
CTTGCGGGAACTGTACCTCA_003,118
CTTGCGGGAACTGTACCTCA_004,19
CTTGCGGGAACTGTACCTCA_005,178
CTTGCGGGAACTGTACCTCA_006,63
CTTGCGGGAACTGTACCTCA_007,148
CTTGCGGGAACTGTACCTCA_008,49
CTTGCGGGAACTGTACCTCA_009,38
CTTGCGGGAACTGTACCTCA_010,41
CTTGCGGGAACTGTACCTCA_011,132
CTTGCGGGAACTGTACCTCA_012,141
CTTGCGGGAACTGTACCTCA_013,28
CTTGCGGGAACTGTACCTCA_014,172
CTTGCGGGAACTGTACCTCA_015,183
CTTGCGGGAACTGTACCTCA_016,48
CTTGCGGGAACTGTACCTCA_017,60
CTTGCGGGAACTGTACCTCA_018,71
CTTGCGGGAACTGTACCTCA_019,197
CTTGCGGGAACTGTACCTCA_020,148
CTTGCGGGAACTGTACCTCA_021,160
CTTGCGGGAACTGTACCTCA_022,180
CTTGCGGGAACTGTACCTCA_023,137
CTTGCGGGAACTGTACCTCA_024,152
CTTGCGGGAACTGTACCTCA_025,104
CTTGCGGGAACTGTACCTCA_026,144
CTTGCGGGAACTGTACCTCA_027,3
TGAGGATCGAGATGGTGCGG_001,94
TGAGGATCGAGATGGTGCGG_002,162
TGAGGATCGAGATGGTGCGG_003,135
TGAGGATCGAGATGGTGCGG_004,142
TGAGGATCGAGATGGTGCGG_005,87
TGAGGATCGAGATGGTGCGG_006,105
TGAGGATCGAGATGGTGCGG_007,24
TGAGGATCGAGATGGTGCGG_008,111
TGAGGATCGAGATGGTGCGG_009,86
TGAGGATCGAGATGGTGCGG_010,40
TGAGGATCGAGATGGTGCGG_011,44
TGAGGATCGAGATGGTGCGG_012,26
TGAGGATCGAGATGGTGCGG_013,62
TGAGGATCGAGATGGTGCGG_014,78
TGAGGATCGAGATGGTGCGG_015,31
TGAGGATCGAGATGGTGCGG_016,141
TGAGGATCGAGATGGTGCGG_017,77
TGAGGATCGAGATGGTGCGG_018,62
TGAGGATCGAGATGGTGCGG_019,76
ACGGTCGAAGCAGCTTGGCT_001,0
ACGGTCGAAGCAGCTTGGCT_002,75
ACGGTCGAAGCAGCTTGGCT_003,32
ACGGTCGAAGCAGCTTGGCT_004,163
ACGGTCGAAGCAGCTTGGCT_005,27
ACGGTCGAAGCAGCTTGGCT_006,177
GATGGGCTCGTCCATGTCGG_001,77
GATGGGCTCGTCCATGTCGG_002,137
GGCAACAGGGAGTCATGTCG_001,62
GGCAACAGGGAGTCATGTCG_002,7
GGCAACAGGGAGTCATGTCG_003,115
GGCAACAGGGAGTCATGTCG_004,16
GGCAACAGGGAGTCATGTCG_005,88
GGCAACAGGGAGTCATGTCG_006,103
GGCAACAGGGAGTCATGTCG_007,194
GGCAACAGGGAGTCATGTCG_008,43
GGCAACAGGGAGTCATGTCG_009,144
GGCAACAGGGAGTCATGTCG_010,134
GGCAACAGGGAGTCATGTCG_011,22
GGCAACAGGGAGTCATGTCG_012,62
GGCAACAGGGAGTCATGTCG_013,60
GGCAACAGGGAGTCATGTCG_014,70
GGCAACAGGGAGTCATGTCG_015,58
GGCAACAGGGAGTCATGTCG_016,146
GGCAACAGGGAGTCATGTCG_017,20
GGCAACAGGGAGTCATGTCG_018,61
GGCAACAGGGAGTCATGTCG_019,40
GGCAACAGGGAGTCATGTCG_020,183
GGCAACAGGGAGTCATGTCG_021,58
GGCAACAGGGAGTCATGTCG_022,128
GGCAACAGGGAGTCATGTCG_023,17
GGCAACAGGGAGTCATGTCG_024,184
GGCAACAGGGAGTCATGTCG_025,78
ATTCGATAATCACAACTCGG_001,29
ATTCGATAATCACAACTCGG_002,48
ATTCGATAATCACAACTCGG_003,105
ATTCGATAATCACAACTCGG_004,151
ATTCGATAATCACAACTCGG_005,38
ATTCGATAATCACAACTCGG_006,103
ATTCGATAATCACAACTCGG_007,137
ATTCGATAATCACAACTCGG_008,74
ATTCGATAATCACAACTCGG_009,72
CAGATACATCTATAACCGCG_001,72
TGTTGCTGTCCTCAACAAGG_001,133
TGTTGCTGTCCTCAACAAGG_002,87
TGTTGCTGTCCTCAACAAGG_003,45
TGTTGCTGTCCTCAACAAGG_004,171
TGTTGCTGTCCTCAACAAGG_005,113
TGTTGCTGTCCTCAACAAGG_006,57
TGTTGCTGTCCTCAACAAGG_007,125
TCTTGGAACCCAAATCTCAG_001,148
TCTTGGAACCCAAATCTCAG_002,117
ATACTTACACCAGGCAGCTG_001,84
ATACTTACACCAGGCAGCTG_002,10
ATACTTACACCAGGCAGCTG_003,35
ATACTTACACCAGGCAGCTG_004,103
ATACTTACACCAGGCAGCTG_005,124
ATACTTACACCAGGCAGCTG_006,136
CCTCATGATCACACATCATG_001,58
CCTCATGATCACACATCATG_002,95
CCTCATGATCACACATCATG_003,156
CCTCATGATCACACATCATG_004,67
CCTCATGATCACACATCATG_005,37
CCTCATGATCACACATCATG_006,28
CCTCATGATCACACATCATG_007,41
CCTCATGATCACACATCATG_008,111
GCTGGACAGTGGGCAAAGCG_001,197
GCTGGACAGTGGGCAAAGCG_002,19
GCTGGACAGTGGGCAAAGCG_003,50
GCTGGACAGTGGGCAAAGCG_004,15
GCTGGACAGTGGGCAAAGCG_005,45
GCTGGACAGTGGGCAAAGCG_006,4
GCTGGACAGTGGGCAAAGCG_007,105
GCTGGACAGTGGGCAAAGCG_008,199
GCTGGACAGTGGGCAAAGCG_009,53
GCTGGACAGTGGGCAAAGCG_010,152
GCTGGACAGTGGGCAAAGCG_011,140
GCTGGACAGTGGGCAAAGCG_012,76
GCTGGACAGTGGGCAAAGCG_013,53
GCTGGACAGTGGGCAAAGCG_014,40
GCTGGACAGTGGGCAAAGCG_015,162
GCTGGACAGTGGGCAAAGCG_016,64
AACAAGCCTGACAGCCACGG_001,181
AACAAGCCTGACAGCCACGG_002,182
AACAAGCCTGACAGCCACGG_003,33
AACAAGCCTGACAGCCACGG_004,42
AACAAGCCTGACAGCCACGG_005,169
AACAAGCCTGACAGCCACGG_006,174
AACAAGCCTGACAGCCACGG_007,1
AACAAGCCTGACAGCCACGG_008,103
AACAAGCCTGACAGCCACGG_009,69
AACAAGCCTGACAGCCACGG_010,98
AACAAGCCTGACAGCCACGG_011,17
AACAAGCCTGACAGCCACGG_012,187
AACAAGCCTGACAGCCACGG_013,147
AACAAGCCTGACAGCCACGG_014,177
AACAAGCCTGACAGCCACGG_015,176
AACAAGCCTGACAGCCACGG_016,49
AACAAGCCTGACAGCCACGG_017,41
AACAAGCCTGACAGCCACGG_018,176
TTTGTCGAGAGCAAGTCACC_001,160
GGGCCATGGCTCCTACGGAG_001,9
GGGCCATGGCTCCTACGGAG_002,115
GGGCCATGGCTCCTACGGAG_003,146
GGGCCATGGCTCCTACGGAG_004,31
CAGTCCGCACCAATAGCCAA_001,15
CAGTCCGCACCAATAGCCAA_002,140
CAGTCCGCACCAATAGCCAA_003,169
CAGTCCGCACCAATAGCCAA_004,149
CAGTCCGCACCAATAGCCAA_005,175
CAGTCCGCACCAATAGCCAA_006,124
CTTTAAACTTACATATTCCT_001,195
GACCAGTTAGATGATGAAGA_001,170
GACCAGTTAGATGATGAAGA_002,61
GACCAGTTAGATGATGAAGA_003,60
ACCCAAGACAACGATTACAA_001,115
ACCCAAGACAACGATTACAA_002,168
GAATGAAAGTCTCACGGACA_001,62
GAATGAAAGTCTCACGGACA_002,146
GAATGAAAGTCTCACGGACA_003,148
GAATGAAAGTCTCACGGACA_004,169
GAATGAAAGTCTCACGGACA_005,137
GAATGAAAGTCTCACGGACA_006,94
GAATGAAAGTCTCACGGACA_007,175
GAATGAAAGTCTCACGGACA_008,43
GAATGAAAGTCTCACGGACA_009,9
GAATGAAAGTCTCACGGACA_010,183
GAATGAAAGTCTCACGGACA_011,192
GAATGAAAGTCTCACGGACA_012,187
GGAAAAGGAAGATGGAGTGG_001,118
GGAAAAGGAAGATGGAGTGG_002,163
GGAAAAGGAAGATGGAGTGG_003,130
GGAAAAGGAAGATGGAGTGG_004,130
GGTGGCGAAGATGATTCAGG_001,118
GGTGGCGAAGATGATTCAGG_002,9
GTACCTATCAACACTCATGC_001,118
GTACCTATCAACACTCATGC_002,105
GTACCTATCAACACTCATGC_003,78
GTACCTATCAACACTCATGC_004,188
GTACCTATCAACACTCATGC_005,29
GTACCTATCAACACTCATGC_006,156
GTACCTATCAACACTCATGC_007,88
GTACCTATCAACACTCATGC_008,37
GTACCTATCAACACTCATGC_009,147
GTACCTATCAACACTCATGC_010,74
GTACCTATCAACACTCATGC_011,174
GTACCTATCAACACTCATGC_012,65
GTACCTATCAACACTCATGC_013,50
GTACCTATCAACACTCATGC_014,89
GTACCTATCAACACTCATGC_015,126
TGGAAAACTTACCTCAAGCA_001,181
TGGAAAACTTACCTCAAGCA_002,53
TGGAAAACTTACCTCAAGCA_003,11
TGGAAAACTTACCTCAAGCA_004,156
TGGAAAACTTACCTCAAGCA_005,144
GTTGTACAACGGATGAATCG_001,32
GTTGTACAACGGATGAATCG_002,176
GTTGTACAACGGATGAATCG_003,194
GTTGTACAACGGATGAATCG_004,98
GTTGTACAACGGATGAATCG_005,17
TGCTGCCCAACTAAGGAACT_001,43
TGCTGCCCAACTAAGGAACT_002,65
TGCTGCCCAACTAAGGAACT_003,147
GCTGCATGGGCTCACAACTG_001,191
GCTGCATGGGCTCACAACTG_002,172
GCTGCATGGGCTCACAACTG_003,179
GCTGCATGGGCTCACAACTG_004,65
GCTGCATGGGCTCACAACTG_005,19
GCTGCATGGGCTCACAACTG_006,29
GCTGCATGGGCTCACAACTG_007,94
GCTGCATGGGCTCACAACTG_008,5
GCTGCATGGGCTCACAACTG_009,175
GCTGCATGGGCTCACAACTG_010,169
GCTGCATGGGCTCACAACTG_011,70
GCTGCATGGGCTCACAACTG_012,40
CTGGAGGGAGTGATTCCACA_001,11
CTGGAGGGAGTGATTCCACA_002,191
CTGGAGGGAGTGATTCCACA_003,160
AATGAACGTTCATACTGCTG_001,153
ACAGCAAATCCGGTCTACAG_001,38
ACAGCAAATCCGGTCTACAG_002,53
ACAGCAAATCCGGTCTACAG_003,8
ACAGCAAATCCGGTCTACAG_004,142
ACAGCAAATCCGGTCTACAG_005,9
ACAGCAAATCCGGTCTACAG_006,103
ACAGCAAATCCGGTCTACAG_007,129
ACAGCAAATCCGGTCTACAG_008,16
ACAGCAAATCCGGTCTACAG_009,94
ACAGCAAATCCGGTCTACAG_010,130
ACAGCAAATCCGGTCTACAG_011,176
ACAGCAAATCCGGTCTACAG_012,0
ACAGCAAATCCGGTCTACAG_013,12
ACAGCAAATCCGGTCTACAG_014,76
ACAGCAAATCCGGTCTACAG_015,115
ACAGCAAATCCGGTCTACAG_016,53
ACAGCAAATCCGGTCTACAG_017,93
ACAGCAAATCCGGTCTACAG_018,142
GGAGGTGGGTTGAAAACACT_001,78
TCGACACCGCCGCCAAGCGA_001,29
TCGACACCGCCGCCAAGCGA_002,115
TCGACACCGCCGCCAAGCGA_003,52
TCGACACCGCCGCCAAGCGA_004,137
TCGACACCGCCGCCAAGCGA_005,79
TCGACACCGCCGCCAAGCGA_006,14
TCGACACCGCCGCCAAGCGA_007,69
TCGACACCGCCGCCAAGCGA_008,96
TCGACACCGCCGCCAAGCGA_009,50
TCGACACCGCCGCCAAGCGA_010,185
TCGACACCGCCGCCAAGCGA_011,25
TCGACACCGCCGCCAAGCGA_012,121
TCGACACCGCCGCCAAGCGA_013,85
TCGACACCGCCGCCAAGCGA_014,69
TCGACACCGCCGCCAAGCGA_015,46
TCGACACCGCCGCCAAGCGA_016,91
TCGACACCGCCGCCAAGCGA_017,41
TCGACACCGCCGCCAAGCGA_018,58
TCGACACCGCCGCCAAGCGA_019,145
TCGACACCGCCGCCAAGCGA_020,78
TCGACACCGCCGCCAAGCGA_021,147
TCGACACCGCCGCCAAGCGA_022,179
TCGACACCGCCGCCAAGCGA_023,130
TCGACACCGCCGCCAAGCGA_024,144
TCGACACCGCCGCCAAGCGA_025,56
TCGACACCGCCGCCAAGCGA_026,28
TCGACACCGCCGCCAAGCGA_027,116
TCGACACCGCCGCCAAGCGA_028,129
TTGTAGTCGTTGAAAAAACC_001,141
GAACTGAAGATCAGCCATGG_001,199
GAACTGAAGATCAGCCATGG_002,42
GAACTGAAGATCAGCCATGG_003,95
GAACTGAAGATCAGCCATGG_004,124
GAACTGAAGATCAGCCATGG_005,60
GAACTGAAGATCAGCCATGG_006,82
GAACTGAAGATCAGCCATGG_007,45
GAACTGAAGATCAGCCATGG_008,81
GAACTGAAGATCAGCCATGG_009,40
GAACTGAAGATCAGCCATGG_010,139
GAACTGAAGATCAGCCATGG_011,171
GAACTGAAGATCAGCCATGG_012,6
GAACTGAAGATCAGCCATGG_013,64
TTTCGGTAGAGATGTCATGG_001,176
TTTCGGTAGAGATGTCATGG_002,0
TTTCGGTAGAGATGTCATGG_003,7
TTTCGGTAGAGATGTCATGG_004,30
TTTCGGTAGAGATGTCATGG_005,55
TTTCGGTAGAGATGTCATGG_006,113
TTTCGGTAGAGATGTCATGG_007,88
TTTCGGTAGAGATGTCATGG_008,144
TTTCGGTAGAGATGTCATGG_009,94
TTTCGGTAGAGATGTCATGG_010,33
TTTCGGTAGAGATGTCATGG_011,85
TTTCGGTAGAGATGTCATGG_012,148
TTTCGGTAGAGATGTCATGG_013,5
CTATCACCGGAGATACCACT_001,6
CTATCACCGGAGATACCACT_002,57
CTATCACCGGAGATACCACT_003,62
CTATCACCGGAGATACCACT_004,95
GGAGGAGGCTGAACGCACGA_001,143
GGAGGAGGCTGAACGCACGA_002,105
GGAGGAGGCTGAACGCACGA_003,44
GGAGGAGGCTGAACGCACGA_004,43
GGAGGAGGCTGAACGCACGA_005,77
GGAGGAGGCTGAACGCACGA_006,29
GGAGGAGGCTGAACGCACGA_007,111
GGAGGAGGCTGAACGCACGA_008,97
GGAGGAGGCTGAACGCACGA_009,83
GGAGGAGGCTGAACGCACGA_010,83
GGAGGAGGCTGAACGCACGA_011,158
GGAGGAGGCTGAACGCACGA_012,154
GGAGGAGGCTGAACGCACGA_013,102
GGAGGAGGCTGAACGCACGA_014,48
GGAGGAGGCTGAACGCACGA_015,158
GGAGGAGGCTGAACGCACGA_016,170
GGAGGAGGCTGAACGCACGA_017,28
ACGTCCAGGTAACTGGCCAT_001,27
ACGTCCAGGTAACTGGCCAT_002,19
ACGTCCAGGTAACTGGCCAT_003,106
ACGTCCAGGTAACTGGCCAT_004,11
ACGTCCAGGTAACTGGCCAT_005,150
ACGTCCAGGTAACTGGCCAT_006,119
ACGTCCAGGTAACTGGCCAT_007,171
ACGTCCAGGTAACTGGCCAT_008,199
ACGTCCAGGTAACTGGCCAT_009,169
ACGTCCAGGTAACTGGCCAT_010,69
ACGTCCAGGTAACTGGCCAT_011,111
ACGTCCAGGTAACTGGCCAT_012,128
ACGTCCAGGTAACTGGCCAT_013,108
ACGTCCAGGTAACTGGCCAT_014,154
ACGTCCAGGTAACTGGCCAT_015,73
ACGTCCAGGTAACTGGCCAT_016,124
ACGTCCAGGTAACTGGCCAT_017,78
ACGTCCAGGTAACTGGCCAT_018,9
ACGTCCAGGTAACTGGCCAT_019,118
ACGTCCAGGTAACTGGCCAT_020,19
ACGTCCAGGTAACTGGCCAT_021,63
ACGTCCAGGTAACTGGCCAT_022,10
CTGAAAGGCTACAAGCTCAT_001,183
CTGAAAGGCTACAAGCTCAT_002,88
CTGAAAGGCTACAAGCTCAT_003,37
CTGAAAGGCTACAAGCTCAT_004,97
CTGAAAGGCTACAAGCTCAT_005,160
CTGAAAGGCTACAAGCTCAT_006,194
CTGAAAGGCTACAAGCTCAT_007,160
CTGAAAGGCTACAAGCTCAT_008,192
CTGAAAGGCTACAAGCTCAT_009,150
CTGAAAGGCTACAAGCTCAT_010,9
CTGAAAGGCTACAAGCTCAT_011,170
CTGAAAGGCTACAAGCTCAT_012,128
TTTTTAATACAAGGTAATCT_001,136
GTAGGCTTGACATTTAATTG_001,42
GTAGGCTTGACATTTAATTG_002,171
GTAGGCTTGACATTTAATTG_003,78
GTAGGCTTGACATTTAATTG_004,81
GTAGGCTTGACATTTAATTG_005,160
GTAGGCTTGACATTTAATTG_006,40
GTAGGCTTGACATTTAATTG_007,110
GTAGGCTTGACATTTAATTG_008,37
GAGCTCAAGTTCATCAAGAA_001,188
GAGCTCAAGTTCATCAAGAA_002,188
GAGCTCAAGTTCATCAAGAA_003,198
GAGCTCAAGTTCATCAAGAA_004,112
GAGCTCAAGTTCATCAAGAA_005,168
GAGCTCAAGTTCATCAAGAA_006,122
GAGCTCAAGTTCATCAAGAA_007,32
GAGCTCAAGTTCATCAAGAA_008,51
GAGCTCAAGTTCATCAAGAA_009,132
GAGCTCAAGTTCATCAAGAA_010,186
GAGCTCAAGTTCATCAAGAA_011,171
GAGCTCAAGTTCATCAAGAA_012,13
GAGCTCAAGTTCATCAAGAA_013,49
GAGCTCAAGTTCATCAAGAA_014,183
GAGCTCAAGTTCATCAAGAA_015,78
GAGCTCAAGTTCATCAAGAA_016,123
GTGTGTGCGAGTGCCAAGGA_001,12
GTGTGTGCGAGTGCCAAGGA_002,130
GTGTGTGCGAGTGCCAAGGA_003,38
GTGTGTGCGAGTGCCAAGGA_004,105
GTGTGTGCGAGTGCCAAGGA_005,43
GTGTGTGCGAGTGCCAAGGA_006,107
GTGTGTGCGAGTGCCAAGGA_007,60
GTGTGTGCGAGTGCCAAGGA_008,13
GTGTGTGCGAGTGCCAAGGA_009,94
GTGTGTGCGAGTGCCAAGGA_010,165
GTGTGTGCGAGTGCCAAGGA_011,80
GTGTGTGCGAGTGCCAAGGA_012,161
GTGTGTGCGAGTGCCAAGGA_013,78
GTGTGTGCGAGTGCCAAGGA_014,126
GTGTGTGCGAGTGCCAAGGA_015,126
GTGTGTGCGAGTGCCAAGGA_016,132
GTGTGTGCGAGTGCCAAGGA_017,1
GTGTGTGCGAGTGCCAAGGA_018,40
GTGTGTGCGAGTGCCAAGGA_019,60
TCATATAAGAAAGATAGCCA_001,48
TCATATAAGAAAGATAGCCA_002,129
TCATATAAGAAAGATAGCCA_003,145
TCATATAAGAAAGATAGCCA_004,106
TCATATAAGAAAGATAGCCA_005,94
TCATATAAGAAAGATAGCCA_006,179
TCATATAAGAAAGATAGCCA_007,97
TCATATAAGAAAGATAGCCA_008,171
TCATATAAGAAAGATAGCCA_009,20
TCATATAAGAAAGATAGCCA_010,155
TCATATAAGAAAGATAGCCA_011,121
TCATATAAGAAAGATAGCCA_012,107
TCATATAAGAAAGATAGCCA_013,145
TCATATAAGAAAGATAGCCA_014,41
TCATATAAGAAAGATAGCCA_015,124
TCATATAAGAAAGATAGCCA_016,123
TCATATAAGAAAGATAGCCA_017,96
TCATATAAGAAAGATAGCCA_018,190
TCATATAAGAAAGATAGCCA_019,177
TGGGAAATTAGCCTAACCTG_001,58
TGGGAAATTAGCCTAACCTG_002,159
TGGGAAATTAGCCTAACCTG_003,130
TGGGAAATTAGCCTAACCTG_004,147
TGGGAAATTAGCCTAACCTG_005,115
TGGGAAATTAGCCTAACCTG_006,81
TGGGAAATTAGCCTAACCTG_007,127
TGGGAAATTAGCCTAACCTG_008,157
TGGGAAATTAGCCTAACCTG_009,150
TGGGAAATTAGCCTAACCTG_010,180
TGGGAAATTAGCCTAACCTG_011,156
TGTCCTCACTGGTATTCAGG_001,197
TGTCCTCACTGGTATTCAGG_002,121
TGTCCTCACTGGTATTCAGG_003,2
TGTCCTCACTGGTATTCAGG_004,108
CATGATCAGCCACCCACTCG_001,95
CATGATCAGCCACCCACTCG_002,182
CATGATCAGCCACCCACTCG_003,47
CATGATCAGCCACCCACTCG_004,72
CATGATCAGCCACCCACTCG_005,58
CATGATCAGCCACCCACTCG_006,156
CATGATCAGCCACCCACTCG_007,160
CATGATCAGCCACCCACTCG_008,131
CATGATCAGCCACCCACTCG_009,156
CATGATCAGCCACCCACTCG_010,122
CATGATCAGCCACCCACTCG_011,32
CATGATCAGCCACCCACTCG_012,62
CATGATCAGCCACCCACTCG_013,118
CATGATCAGCCACCCACTCG_014,93
CATGATCAGCCACCCACTCG_015,118
CATGATCAGCCACCCACTCG_016,30
CATGATCAGCCACCCACTCG_017,105
CATGATCAGCCACCCACTCG_018,155
CATGATCAGCCACCCACTCG_019,13
CATGATCAGCCACCCACTCG_020,118
CATGATCAGCCACCCACTCG_021,184
CATGATCAGCCACCCACTCG_022,169
CATGATCAGCCACCCACTCG_023,97
CATGATCAGCCACCCACTCG_024,2
CATGATCAGCCACCCACTCG_025,5
CATGATCAGCCACCCACTCG_026,163
CATGATCAGCCACCCACTCG_027,85
CATGATCAGCCACCCACTCG_028,190
CATGATCAGCCACCCACTCG_029,39
CATGATCAGCCACCCACTCG_030,123
CATGATCAGCCACCCACTCG_031,123
CATGATCAGCCACCCACTCG_032,34
CATGATCAGCCACCCACTCG_033,52
CATGATCAGCCACCCACTCG_034,142
CATGATCAGCCACCCACTCG_035,46
CATGATCAGCCACCCACTCG_036,63
CATGATCAGCCACCCACTCG_037,162
CATGATCAGCCACCCACTCG_038,49
CATGATCAGCCACCCACTCG_039,170
CATGATCAGCCACCCACTCG_040,0
CATGATCAGCCACCCACTCG_041,142
CACTGCTTTATCATCAAAGA_001,100
CACTGCTTTATCATCAAAGA_002,161
CACTGCTTTATCATCAAAGA_003,182
CACTGCTTTATCATCAAAGA_004,76
CACTGCTTTATCATCAAAGA_005,148
CACTGCTTTATCATCAAAGA_006,108
CACTGCTTTATCATCAAAGA_007,182
CACTGCTTTATCATCAAAGA_008,171
GTCCTCCTCAATGCTGACGG_001,191
GTCCTCCTCAATGCTGACGG_002,29
GTCCTCCTCAATGCTGACGG_003,149
GTCCTCCTCAATGCTGACGG_004,148
GTCCTCCTCAATGCTGACGG_005,114
GTCCTCCTCAATGCTGACGG_006,173
GTCCTCCTCAATGCTGACGG_007,70
GTCCTCCTCAATGCTGACGG_008,44
GTCCTCCTCAATGCTGACGG_009,17
GTCCTCCTCAATGCTGACGG_010,48
GTCCTCCTCAATGCTGACGG_011,160
GTCCTCCTCAATGCTGACGG_012,38
GTCCTCCTCAATGCTGACGG_013,58
GTCCTCCTCAATGCTGACGG_014,49
GTCCTCCTCAATGCTGACGG_015,24
GTCCTCCTCAATGCTGACGG_016,191
GTCCTCCTCAATGCTGACGG_017,17
GTCCTCCTCAATGCTGACGG_018,185
ATGAAAGCTCCCCCCATCAT_001,102
ATGAAAGCTCCCCCCATCAT_002,99
ATGAAAGCTCCCCCCATCAT_003,41
ATGAAAGCTCCCCCCATCAT_004,0
ATGAAAGCTCCCCCCATCAT_005,40
ATGAAAGCTCCCCCCATCAT_006,144
ATGGCGTGTTCACTTCCAAG_001,105
ATGGCGTGTTCACTTCCAAG_002,105
ATGGCGTGTTCACTTCCAAG_003,48
ATGGCGTGTTCACTTCCAAG_004,124
ATGGCGTGTTCACTTCCAAG_005,191
GCTCTCCATAGCCGTAGAGG_001,45
GCTCTCCATAGCCGTAGAGG_002,121
GCTCTCCATAGCCGTAGAGG_003,12
GCTCTCCATAGCCGTAGAGG_004,72
GCTCTCCATAGCCGTAGAGG_005,2
GCTCTCCATAGCCGTAGAGG_006,8
GCTCTCCATAGCCGTAGAGG_007,44
GCTCTCCATAGCCGTAGAGG_008,162
GCTCTCCATAGCCGTAGAGG_009,31
CGTTCCCAATCACAGTGACC_001,191
CGTTCCCAATCACAGTGACC_002,82
CGTTCCCAATCACAGTGACC_003,136
CGTTCCCAATCACAGTGACC_004,89
CGTTCCCAATCACAGTGACC_005,82
CGTTCCCAATCACAGTGACC_006,23
CGTTCCCAATCACAGTGACC_007,97
TAGCATCACATCCAGAAACC_001,94
TAGCATCACATCCAGAAACC_002,19
ATTGTTACTTGAAGAATGCT_001,115
ATTGTTACTTGAAGAATGCT_002,87
ATTGTTACTTGAAGAATGCT_003,156
ATTGTTACTTGAAGAATGCT_004,28
TCAAACTGAGCGGTACAATG_001,130
TCAAACTGAGCGGTACAATG_002,127
TCAAACTGAGCGGTACAATG_003,3
TCAAACTGAGCGGTACAATG_004,76
TCAAACTGAGCGGTACAATG_005,192
TCAAACTGAGCGGTACAATG_006,16
TCAAACTGAGCGGTACAATG_007,43
TCAAACTGAGCGGTACAATG_008,197
TCAAACTGAGCGGTACAATG_009,106
GTGTATGAATGTTAATTCCG_001,195
GTGTATGAATGTTAATTCCG_002,48
GTGTATGAATGTTAATTCCG_003,181
GTGTATGAATGTTAATTCCG_004,106
GTGTATGAATGTTAATTCCG_005,83
GTGTATGAATGTTAATTCCG_006,113
GTGTATGAATGTTAATTCCG_007,177
GTGTATGAATGTTAATTCCG_008,98
GTGTATGAATGTTAATTCCG_009,1
GTGTATGAATGTTAATTCCG_010,105
GTGTATGAATGTTAATTCCG_011,88
GTGTATGAATGTTAATTCCG_012,50
GTGTATGAATGTTAATTCCG_013,75
GTGTATGAATGTTAATTCCG_014,146
GTGTATGAATGTTAATTCCG_015,169
TCCGAGTCCTTAAAGTCCAG_001,88
TCCGAGTCCTTAAAGTCCAG_002,1
TGAAGGCTCAGACTGAGATG_001,44
TGAAGGCTCAGACTGAGATG_002,148
TGAAGGCTCAGACTGAGATG_003,188
TGAAGGCTCAGACTGAGATG_004,19
TAACCAGCGACATATTACTA_001,21
TAACCAGCGACATATTACTA_002,67
AATAAGATGTGCTCGCAAAG_001,48
AATAAGATGTGCTCGCAAAG_002,177
AATAAGATGTGCTCGCAAAG_003,137
GCAAGGACCTGACGCCCCCG_001,184
GCAAGGACCTGACGCCCCCG_002,28
GCAAGGACCTGACGCCCCCG_003,130
GCAAGGACCTGACGCCCCCG_004,130
GCAAGGACCTGACGCCCCCG_005,157
GCAAGGACCTGACGCCCCCG_006,110
GCAAGGACCTGACGCCCCCG_007,22
GCAAGGACCTGACGCCCCCG_008,93
GCAAGGACCTGACGCCCCCG_009,198
GCAAGGACCTGACGCCCCCG_010,192
GCAAGGACCTGACGCCCCCG_011,92
GCAAGGACCTGACGCCCCCG_012,160
GCAAGGACCTGACGCCCCCG_013,198
GCAAGGACCTGACGCCCCCG_014,88
GCAAGGACCTGACGCCCCCG_015,15
GCAAGGACCTGACGCCCCCG_016,176
GATGAGGCACTTCGTGCCAG_001,29
CAGCGGCAGCTCGTACCCCG_001,13
CAGCGGCAGCTCGTACCCCG_002,50
CAGCGGCAGCTCGTACCCCG_003,188
CAGCGGCAGCTCGTACCCCG_004,19
CAGCGGCAGCTCGTACCCCG_005,147
CAGCGGCAGCTCGTACCCCG_006,188
CAGCGGCAGCTCGTACCCCG_007,182
CAGCGGCAGCTCGTACCCCG_008,156
CAGCGGCAGCTCGTACCCCG_009,43
AGCAAATGCTGTCGCAAATG_001,185
AGCAAATGCTGTCGCAAATG_002,190
AGCAAATGCTGTCGCAAATG_003,192
AGCAAATGCTGTCGCAAATG_004,149
AGCAAATGCTGTCGCAAATG_005,112
TGTCATGGGTCGAAAACTTG_001,19
TGTCATGGGTCGAAAACTTG_002,78
TGTCATGGGTCGAAAACTTG_003,8
TGTCATGGGTCGAAAACTTG_004,43
TGTCATGGGTCGAAAACTTG_005,183
TGTCATGGGTCGAAAACTTG_006,17
TGTCATGGGTCGAAAACTTG_007,1
TGTCATGGGTCGAAAACTTG_008,44
TGTCATGGGTCGAAAACTTG_009,5
TGTCATGGGTCGAAAACTTG_010,190
TGTCATGGGTCGAAAACTTG_011,60
CTTCAGACCACCGCCCAAGG_001,100
CTTCAGACCACCGCCCAAGG_002,27
CTTCAGACCACCGCCCAAGG_003,159
CTTCAGACCACCGCCCAAGG_004,135
CACAGGCACTGAGGAAATTG_001,41
CACAGGCACTGAGGAAATTG_002,67
CACAGGCACTGAGGAAATTG_003,151
CACAGGCACTGAGGAAATTG_004,37
CACAGGCACTGAGGAAATTG_005,62
GAGGCCTGAGACCAGCACGA_001,102
GAGGCCTGAGACCAGCACGA_002,36
GAGGCCTGAGACCAGCACGA_003,36
GAGGCCTGAGACCAGCACGA_004,108
GAGGCCTGAGACCAGCACGA_005,81
GAGGCCTGAGACCAGCACGA_006,61
GAGGCCTGAGACCAGCACGA_007,7
GAGGCCTGAGACCAGCACGA_008,70
GAGGCCTGAGACCAGCACGA_009,60
GAGGCCTGAGACCAGCACGA_010,83
GAGGCCTGAGACCAGCACGA_011,190
GAGGCCTGAGACCAGCACGA_012,48
GAGGCCTGAGACCAGCACGA_013,149
GAGGCCTGAGACCAGCACGA_014,118
GAGGCCTGAGACCAGCACGA_015,102
GAGGCCTGAGACCAGCACGA_016,96
GAGGCCTGAGACCAGCACGA_017,18
GAGGCCTGAGACCAGCACGA_018,142
GAGGCCTGAGACCAGCACGA_019,142
GAGGCCTGAGACCAGCACGA_020,91
GAGGCCTGAGACCAGCACGA_021,49
GAGGCCTGAGACCAGCACGA_022,137
GAGGCCTGAGACCAGCACGA_023,148
GAGGCCTGAGACCAGCACGA_024,34
GAGGCCTGAGACCAGCACGA_025,197
GTCACTCGCACCTCACAATG_001,142
GTCACTCGCACCTCACAATG_002,84
GTCACTCGCACCTCACAATG_003,64
GTCACTCGCACCTCACAATG_004,190
GTCACTCGCACCTCACAATG_005,162
GTCACTCGCACCTCACAATG_006,139
GTCACTCGCACCTCACAATG_007,129
GTCACTCGCACCTCACAATG_008,10
GTCACTCGCACCTCACAATG_009,9
GTCACTCGCACCTCACAATG_010,115
GTCACTCGCACCTCACAATG_011,77
GTCACTCGCACCTCACAATG_012,191
AGTCTACATACAGCCTGACG_001,28
AGTCTACATACAGCCTGACG_002,29
AGTCTACATACAGCCTGACG_003,30
AGTCTACATACAGCCTGACG_004,155
AGTCTACATACAGCCTGACG_005,168
AGTCTACATACAGCCTGACG_006,136
TATCCACTTTGCCATACACA_001,178
TATCCACTTTGCCATACACA_002,157
TATCCACTTTGCCATACACA_003,31
TATCCACTTTGCCATACACA_004,33
TATCCACTTTGCCATACACA_005,113
TATCCACTTTGCCATACACA_006,40
TATCCACTTTGCCATACACA_007,41
GTGGCTGTTACAAGTAACAG_001,135
GTGGCTGTTACAAGTAACAG_002,148
GTGGCTGTTACAAGTAACAG_003,26
GTGGCTGTTACAAGTAACAG_004,175
TATGCAGCCTATTCTGCCAA_001,125
TATGCAGCCTATTCTGCCAA_002,169
AGTGGTCATTCTCTGAGGGT_001,61
AGTGGTCATTCTCTGAGGGT_002,144
AGCAAGAAAAATGATTGACA_001,58
AGCAAGAAAAATGATTGACA_002,198
AGCAAGAAAAATGATTGACA_003,147
AGCAAGAAAAATGATTGACA_004,27
AGCAAGAAAAATGATTGACA_005,76
AGCAAGAAAAATGATTGACA_006,107
AGCAAGAAAAATGATTGACA_007,199
TTATTCAGAAATGGTTACGG_001,188
TTATTCAGAAATGGTTACGG_002,182
TTATTCAGAAATGGTTACGG_003,17
TTATTCAGAAATGGTTACGG_004,107
TTATTCAGAAATGGTTACGG_005,144
TTATTCAGAAATGGTTACGG_006,154
TTATTCAGAAATGGTTACGG_007,130
TTATTCAGAAATGGTTACGG_008,76
TTATTCAGAAATGGTTACGG_009,127
TTATTCAGAAATGGTTACGG_010,130
TTATTCAGAAATGGTTACGG_011,178
TTATTCAGAAATGGTTACGG_012,115
TTATTCAGAAATGGTTACGG_013,188
TTATTCAGAAATGGTTACGG_014,3
TTATTCAGAAATGGTTACGG_015,169
TTATTCAGAAATGGTTACGG_016,80
TTATTCAGAAATGGTTACGG_017,108
TTATTCAGAAATGGTTACGG_018,176
TTATTCAGAAATGGTTACGG_019,1
TTATTCAGAAATGGTTACGG_020,69
TGAGGTTCCGATAACAAACA_001,32
TGAGGTTCCGATAACAAACA_002,103
TGAGGTTCCGATAACAAACA_003,54
TGAGGTTCCGATAACAAACA_004,151
TGAGGTTCCGATAACAAACA_005,35
TGAATTCTTTCAGAGGACCA_001,162
TGAATTCTTTCAGAGGACCA_002,94
TGAATTCTTTCAGAGGACCA_003,48
TGAATTCTTTCAGAGGACCA_004,191
TGAATTCTTTCAGAGGACCA_005,115
TGAATTCTTTCAGAGGACCA_006,195
TGAATTCTTTCAGAGGACCA_007,76
TGAATTCTTTCAGAGGACCA_008,185
TGAATTCTTTCAGAGGACCA_009,170
TGAATTCTTTCAGAGGACCA_010,85
TGAATTCTTTCAGAGGACCA_011,85
TGAATTCTTTCAGAGGACCA_012,138
TGAATTCTTTCAGAGGACCA_013,145
TGAATTCTTTCAGAGGACCA_014,154
GCAGCAATTGCTCTTACACT_001,130
GCCCACCAAACCCCCGACGA_001,41
GCCCACCAAACCCCCGACGA_002,66
GCCCACCAAACCCCCGACGA_003,68
GCCCACCAAACCCCCGACGA_004,69
GCCCACCAAACCCCCGACGA_005,168
GCCCACCAAACCCCCGACGA_006,113
GCCCACCAAACCCCCGACGA_007,31
GCCCACCAAACCCCCGACGA_008,150
GCCCACCAAACCCCCGACGA_009,41
GCCCACCAAACCCCCGACGA_010,184
GCCCACCAAACCCCCGACGA_011,184
GCCCACCAAACCCCCGACGA_012,28
GCCCACCAAACCCCCGACGA_013,106
GGCCTGGACCAGGCTCAGCG_001,162
GGCCTGGACCAGGCTCAGCG_002,10
GGCCTGGACCAGGCTCAGCG_003,29
GGCCTGGACCAGGCTCAGCG_004,170
GGCCTGGACCAGGCTCAGCG_005,192
GGCCTGGACCAGGCTCAGCG_006,91
GGCCTGGACCAGGCTCAGCG_007,68
GGCCTGGACCAGGCTCAGCG_008,154
GGCCTGGACCAGGCTCAGCG_009,103
GGCCTGGACCAGGCTCAGCG_010,16
GGCCTGGACCAGGCTCAGCG_011,101
GGCCTGGACCAGGCTCAGCG_012,184
GGCCTGGACCAGGCTCAGCG_013,170
GGCCTGGACCAGGCTCAGCG_014,136
TAGAGCGGGAACTAATCAAG_001,23
TAGAGCGGGAACTAATCAAG_002,192
TAGAGCGGGAACTAATCAAG_003,150
TAGAGCGGGAACTAATCAAG_004,41
TAGAGCGGGAACTAATCAAG_005,0
TAGAGCGGGAACTAATCAAG_006,76
TAGAGCGGGAACTAATCAAG_007,122
TAGAGCGGGAACTAATCAAG_008,129
CCGAGGTTGGACTTACAGGT_001,143
CCGAGGTTGGACTTACAGGT_002,134
CCGAGGTTGGACTTACAGGT_003,48
CCGAGGTTGGACTTACAGGT_004,134
CCGAGGTTGGACTTACAGGT_005,143
CCGAGGTTGGACTTACAGGT_006,143
CCGAGGTTGGACTTACAGGT_007,120
CCGAGGTTGGACTTACAGGT_008,98
CCGAGGTTGGACTTACAGGT_009,145
CCGAGGTTGGACTTACAGGT_010,2
CCGAGGTTGGACTTACAGGT_011,88
CCGAGGTTGGACTTACAGGT_012,94
CCGAGGTTGGACTTACAGGT_013,172
CCGAGGTTGGACTTACAGGT_014,160
TCAGGCCCATATGAACAGAG_001,153
TCAGGCCCATATGAACAGAG_002,81
TCAGGCCCATATGAACAGAG_003,157
TCAGGCCCATATGAACAGAG_004,157
TCAGGCCCATATGAACAGAG_005,58
TCAGGCCCATATGAACAGAG_006,185
TCAGGCCCATATGAACAGAG_007,35
TCAGGCCCATATGAACAGAG_008,5
TCAGGCCCATATGAACAGAG_009,190
TCAGGCCCATATGAACAGAG_010,15
TCAGGCCCATATGAACAGAG_011,132
TCAGGCCCATATGAACAGAG_012,106
TCAGGCCCATATGAACAGAG_013,191
TCAGGCCCATATGAACAGAG_014,2
TCAGGCCCATATGAACAGAG_015,2
TCAGGCCCATATGAACAGAG_016,162
TCAGGCCCATATGAACAGAG_017,138
TCAGGCCCATATGAACAGAG_018,100
TCAGGCCCATATGAACAGAG_019,108
TCGTCCATGAACCTTCCTGG_001,19
TCGTCCATGAACCTTCCTGG_002,196
TCGTCCATGAACCTTCCTGG_003,146
TCGTCCATGAACCTTCCTGG_004,130
TCGTCCATGAACCTTCCTGG_005,125
TCGTCCATGAACCTTCCTGG_006,2
TCGTCCATGAACCTTCCTGG_007,169
TCGTCCATGAACCTTCCTGG_008,138
TCGTCCATGAACCTTCCTGG_009,101
TCGTCCATGAACCTTCCTGG_010,134
TCGTCCATGAACCTTCCTGG_011,63
TCGTCCATGAACCTTCCTGG_012,79
TCGTCCATGAACCTTCCTGG_013,29
TTCCACACTTACCTAGAATG_001,76
TTCCACACTTACCTAGAATG_002,76
TTCCACACTTACCTAGAATG_003,58
TTCCACACTTACCTAGAATG_004,44
TTCCACACTTACCTAGAATG_005,145
TTCCACACTTACCTAGAATG_006,58
TTCCACACTTACCTAGAATG_007,106
CACTAAGGCCAGCATCACAT_001,95
CACTAAGGCCAGCATCACAT_002,64
CACTAAGGCCAGCATCACAT_003,119
CACTAAGGCCAGCATCACAT_004,90
CACTAAGGCCAGCATCACAT_005,7
CACTAAGGCCAGCATCACAT_006,194
CACTAAGGCCAGCATCACAT_007,34
CACTAAGGCCAGCATCACAT_008,62
CACTAAGGCCAGCATCACAT_009,43
CACTAAGGCCAGCATCACAT_010,96
CACTAAGGCCAGCATCACAT_011,169
CACTAAGGCCAGCATCACAT_012,17
CACTAAGGCCAGCATCACAT_013,147
CACTAAGGCCAGCATCACAT_014,12
CACTAAGGCCAGCATCACAT_015,175
CACTAAGGCCAGCATCACAT_016,64
CACTAAGGCCAGCATCACAT_017,125
CACTAAGGCCAGCATCACAT_018,40
CACTAAGGCCAGCATCACAT_019,35
CACTAAGGCCAGCATCACAT_020,199
CACTAAGGCCAGCATCACAT_021,55
CACTAAGGCCAGCATCACAT_022,81
CACTAAGGCCAGCATCACAT_023,180
CACTAAGGCCAGCATCACAT_024,19
CACTAAGGCCAGCATCACAT_025,2
TGTGGGAGCCAATTGTTCCG_001,158
TGTGGGAGCCAATTGTTCCG_002,81
TGTGGGAGCCAATTGTTCCG_003,138
TGTGGGAGCCAATTGTTCCG_004,93
TGTGGGAGCCAATTGTTCCG_005,188
GCGAATGCCTGAAAGTATAA_001,152
GCGAATGCCTGAAAGTATAA_002,54
GCGAATGCCTGAAAGTATAA_003,16
GCGAATGCCTGAAAGTATAA_004,107
GTAGTCACATTTCACATCCA_001,27
GGAATGTTTCGCAAGCGGAT_001,144
GGAATGTTTCGCAAGCGGAT_002,172
GGAATGTTTCGCAAGCGGAT_003,104
CTTGCACCAGCTCGGGTCGT_001,32
CTTGCACCAGCTCGGGTCGT_002,34
CTTGCACCAGCTCGGGTCGT_003,154
CAGATGAGGAGCTCCGCCGG_001,1
CAGATGAGGAGCTCCGCCGG_002,15
CAGATGAGGAGCTCCGCCGG_003,62
CAGATGAGGAGCTCCGCCGG_004,102
CAGATGAGGAGCTCCGCCGG_005,161
CAGATGAGGAGCTCCGCCGG_006,105
CAGATGAGGAGCTCCGCCGG_007,176
CAGATGAGGAGCTCCGCCGG_008,199
CAGATGAGGAGCTCCGCCGG_009,193
CAGATGAGGAGCTCCGCCGG_010,49
CAGATGAGGAGCTCCGCCGG_011,127
CCTGGAGTACAACTTCAACA_001,94
CCTGGAGTACAACTTCAACA_002,158
CCTGGAGTACAACTTCAACA_003,78
CCTGGAGTACAACTTCAACA_004,94
CCTGGAGTACAACTTCAACA_005,76
CCTGGAGTACAACTTCAACA_006,119
CCTGGAGTACAACTTCAACA_007,124
CCTGGAGTACAACTTCAACA_008,148
AGTCTGCAAGCAATGCCATG_001,119
AGTCTGCAAGCAATGCCATG_002,66
AGTCTGCAAGCAATGCCATG_003,192
AGTCTGCAAGCAATGCCATG_004,112
AGTCTGCAAGCAATGCCATG_005,2
AGTCTGCAAGCAATGCCATG_006,157
AGTCTGCAAGCAATGCCATG_007,188
AGTCTGCAAGCAATGCCATG_008,103
AGTCTGCAAGCAATGCCATG_009,104
AGTCTGCAAGCAATGCCATG_010,180
AGTCTGCAAGCAATGCCATG_011,157
AGCCCGAAGGACCCGGGACA_001,94
AGCCCGAAGGACCCGGGACA_002,188
AGCCCGAAGGACCCGGGACA_003,81
AGCCCGAAGGACCCGGGACA_004,159
AGCCCGAAGGACCCGGGACA_005,81
AGCCCGAAGGACCCGGGACA_006,188
AGCCCGAAGGACCCGGGACA_007,36
AGCCCGAAGGACCCGGGACA_008,58
AGCCCGAAGGACCCGGGACA_009,70
AGCCCGAAGGACCCGGGACA_010,0
AGCCCGAAGGACCCGGGACA_011,160
AGCCCGAAGGACCCGGGACA_012,9
AGCCCGAAGGACCCGGGACA_013,158
AGCCCGAAGGACCCGGGACA_014,50
AGCCCGAAGGACCCGGGACA_015,39
AGCCCGAAGGACCCGGGACA_016,77
AGCCCGAAGGACCCGGGACA_017,8
AGCCCGAAGGACCCGGGACA_018,121
AGCCCGAAGGACCCGGGACA_019,102
AGCCCGAAGGACCCGGGACA_020,188
AGCCCGAAGGACCCGGGACA_021,181
AGCCCGAAGGACCCGGGACA_022,174
AGCCCGAAGGACCCGGGACA_023,147
AGCCCGAAGGACCCGGGACA_024,147
AGCCCGAAGGACCCGGGACA_025,190
AGCCCGAAGGACCCGGGACA_026,195
AGCCCGAAGGACCCGGGACA_027,169
AGCCCGAAGGACCCGGGACA_028,150
AGCCCGAAGGACCCGGGACA_029,76
AGCCCGAAGGACCCGGGACA_030,170
AGCCCGAAGGACCCGGGACA_031,36
AGCCCGAAGGACCCGGGACA_032,105
AGCCCGAAGGACCCGGGACA_033,132
AGCCCGAAGGACCCGGGACA_034,149
AGCCCGAAGGACCCGGGACA_035,5
AGCCCGAAGGACCCGGGACA_036,41
AGCCCGAAGGACCCGGGACA_037,146
AGCCCGAAGGACCCGGGACA_038,41
AGCCCGAAGGACCCGGGACA_039,76
AGCCCGAAGGACCCGGGACA_040,43
AGCCCGAAGGACCCGGGACA_041,158
AGCCCGAAGGACCCGGGACA_042,94
AGCCCGAAGGACCCGGGACA_043,181
AGCCCGAAGGACCCGGGACA_044,4
AGCCCGAAGGACCCGGGACA_045,120
AGCCCGAAGGACCCGGGACA_046,147
AGCCCGAAGGACCCGGGACA_047,180
AGCCCGAAGGACCCGGGACA_048,140
AGCCCGAAGGACCCGGGACA_049,167
AGCCCGAAGGACCCGGGACA_050,167
AGCCCGAAGGACCCGGGACA_051,72
AGCCCGAAGGACCCGGGACA_052,166
AGCCCGAAGGACCCGGGACA_053,27
AGCCCGAAGGACCCGGGACA_054,198
AGCCCGAAGGACCCGGGACA_055,81
AGCCCGAAGGACCCGGGACA_056,35
CAGTGTCACTAAGAAGCAGC_001,172
CATCTATCTGGAGCAAAGAA_001,94
CATCTATCTGGAGCAAAGAA_002,125
CATCTATCTGGAGCAAAGAA_003,113
CATCTATCTGGAGCAAAGAA_004,107
CATCTATCTGGAGCAAAGAA_005,195
CATCTATCTGGAGCAAAGAA_006,112
TCAATCACACCTCGACCAGT_001,178
TCAATCACACCTCGACCAGT_002,36
TCAATCACACCTCGACCAGT_003,151
TCAATCACACCTCGACCAGT_004,153
TCAATCACACCTCGACCAGT_005,15
TCAATCACACCTCGACCAGT_006,57
TCAATCACACCTCGACCAGT_007,104
TCAATCACACCTCGACCAGT_008,121
TCAATCACACCTCGACCAGT_009,58
TCAATCACACCTCGACCAGT_010,56
TCAATCACACCTCGACCAGT_011,35
TCAATCACACCTCGACCAGT_012,78
TCAATCACACCTCGACCAGT_013,122
TCAATCACACCTCGACCAGT_014,178
TCAATCACACCTCGACCAGT_015,177
TCAATCACACCTCGACCAGT_016,136
TCAATCACACCTCGACCAGT_017,34
TCAATCACACCTCGACCAGT_018,6
TCAATCACACCTCGACCAGT_019,47
TGGAGGGGACGACATCTACG_001,48
TGGAGGGGACGACATCTACG_002,77
TGGAGGGGACGACATCTACG_003,88
TGGAGGGGACGACATCTACG_004,82
TGGAGGGGACGACATCTACG_005,54
TGGAGGGGACGACATCTACG_006,57
TGGAGGGGACGACATCTACG_007,147
TGGAGGGGACGACATCTACG_008,37
TGGAGGGGACGACATCTACG_009,1
TGGAGGGGACGACATCTACG_010,147
TGGAGGGGACGACATCTACG_011,137
ACCCAAACATCGACGAAAAG_001,63
ACCCAAACATCGACGAAAAG_002,127
ACCCAAACATCGACGAAAAG_003,63
ACCCAAACATCGACGAAAAG_004,137
ACCCAAACATCGACGAAAAG_005,94
ACCCAAACATCGACGAAAAG_006,132
ACCCAAACATCGACGAAAAG_007,14
ACCCAAACATCGACGAAAAG_008,138
ACCCTACCTGGTATCTACTG_001,186
ACCCTACCTGGTATCTACTG_002,75
ACCCTACCTGGTATCTACTG_003,78
ACCCTACCTGGTATCTACTG_004,80
ACCCTACCTGGTATCTACTG_005,43
ACCCTACCTGGTATCTACTG_006,60
ACCCTACCTGGTATCTACTG_007,172
CAGTGAGGACAGACACAGGT_001,53
CAGTGAGGACAGACACAGGT_002,150
TTCTGGATAGGCGTCATCTG_001,96
TTCTGGATAGGCGTCATCTG_002,105
TTCTGGATAGGCGTCATCTG_003,147
TTCTGGATAGGCGTCATCTG_004,76
TTCTGGATAGGCGTCATCTG_005,77
TTCTGGATAGGCGTCATCTG_006,138
TTCTGGATAGGCGTCATCTG_007,83
TTCTGGATAGGCGTCATCTG_008,199
TAAGAAGCCAAAAATCCATG_001,160
TAAGAAGCCAAAAATCCATG_002,127
TCAGTCCGTAATAATTGCTA_001,118
TCAGTCCGTAATAATTGCTA_002,101
TCAGTCCGTAATAATTGCTA_003,137
AACACAGTGGATGTCGAGAA_001,191
AACACAGTGGATGTCGAGAA_002,3
AACACAGTGGATGTCGAGAA_003,195
AACACAGTGGATGTCGAGAA_004,128
AACACAGTGGATGTCGAGAA_005,0
AACACAGTGGATGTCGAGAA_006,37
AGCTGCCGAAGAAGCGTATG_001,34
AGCTGCCGAAGAAGCGTATG_002,133
AGCTGCCGAAGAAGCGTATG_003,158
AGCTGCCGAAGAAGCGTATG_004,197
AGCTGCCGAAGAAGCGTATG_005,58
AGCTGCCGAAGAAGCGTATG_006,188
AGCTGCCGAAGAAGCGTATG_007,48
AGCTGCCGAAGAAGCGTATG_008,168
CAGTGTTCTGCAGGACCTGT_001,178
CAGTGTTCTGCAGGACCTGT_002,43
CAGTGTTCTGCAGGACCTGT_003,2
CAGTGTTCTGCAGGACCTGT_004,28
CAGTGTTCTGCAGGACCTGT_005,105
CAGTGTTCTGCAGGACCTGT_006,62
CAGTGTTCTGCAGGACCTGT_007,198
CAGTGTTCTGCAGGACCTGT_008,10
CAGTGTTCTGCAGGACCTGT_009,153
GCTTGTCCAAGTAACCGACT_001,29
GCTTGTCCAAGTAACCGACT_002,142
GCTTGTCCAAGTAACCGACT_003,111
GCTTGTCCAAGTAACCGACT_004,104
GCTTGTCCAAGTAACCGACT_005,37
GCTTGTCCAAGTAACCGACT_006,42
GCTTGTCCAAGTAACCGACT_007,84
GCTTGTCCAAGTAACCGACT_008,135
GCTTGTCCAAGTAACCGACT_009,178
GCTTGTCCAAGTAACCGACT_010,107
GCTTGTCCAAGTAACCGACT_011,160
GCTTGTCCAAGTAACCGACT_012,40
GCTTGTCCAAGTAACCGACT_013,172
GCTTGTCCAAGTAACCGACT_014,142
GCTTGTCCAAGTAACCGACT_015,137
GCTTGTCCAAGTAACCGACT_016,48
GCTTGTCCAAGTAACCGACT_017,151
GCTTGTCCAAGTAACCGACT_018,49
GCTTGTCCAAGTAACCGACT_019,91
GCTTGTCCAAGTAACCGACT_020,193
GCTTGTCCAAGTAACCGACT_021,44
GCTTGTCCAAGTAACCGACT_022,38
GCTTGTCCAAGTAACCGACT_023,122
GCTTGTCCAAGTAACCGACT_024,174
GCTTGTCCAAGTAACCGACT_025,174
GCTTGTCCAAGTAACCGACT_026,84
GCTTGTCCAAGTAACCGACT_027,104
GCTTGTCCAAGTAACCGACT_028,35
GTCTGCTCGTTCCCATAAGG_001,80
GTCTGCTCGTTCCCATAAGG_002,33
GTCTGCTCGTTCCCATAAGG_003,148
GTCTGCTCGTTCCCATAAGG_004,42
GTCTGCTCGTTCCCATAAGG_005,191
GTCTGCTCGTTCCCATAAGG_006,118
GTCTGCTCGTTCCCATAAGG_007,170
GTCTGCTCGTTCCCATAAGG_008,159
TGCCCTGGTGCGAAACTGCG_001,145
TGCCCTGGTGCGAAACTGCG_002,25
TGCCCTGGTGCGAAACTGCG_003,139
TGCCCTGGTGCGAAACTGCG_004,191
TGCCCTGGTGCGAAACTGCG_005,199
TGCCCTGGTGCGAAACTGCG_006,50
TGCCCTGGTGCGAAACTGCG_007,148
TGCCCTGGTGCGAAACTGCG_008,83
TGCCCTGGTGCGAAACTGCG_009,134
TGCCCTGGTGCGAAACTGCG_010,137
TGCCCTGGTGCGAAACTGCG_011,8
TGCCCTGGTGCGAAACTGCG_012,177
TGCCCTGGTGCGAAACTGCG_013,41
TGCCCTGGTGCGAAACTGCG_014,15
TGCCCTGGTGCGAAACTGCG_015,69
TGCCCTGGTGCGAAACTGCG_016,172
TGCCCTGGTGCGAAACTGCG_017,97
TGCCCTGGTGCGAAACTGCG_018,59
TGCCCTGGTGCGAAACTGCG_019,139
TGCCCTGGTGCGAAACTGCG_020,141
TGCCCTGGTGCGAAACTGCG_021,147
TGCCCTGGTGCGAAACTGCG_022,11
TGCCCTGGTGCGAAACTGCG_023,144
TGCCCTGGTGCGAAACTGCG_024,38
TGCCCTGGTGCGAAACTGCG_025,50
TGCCCTGGTGCGAAACTGCG_026,112
TGCCCTGGTGCGAAACTGCG_027,152
TGCCCTGGTGCGAAACTGCG_028,60
TGCCCTGGTGCGAAACTGCG_029,127
TGCCCTGGTGCGAAACTGCG_030,81
TGCCCTGGTGCGAAACTGCG_031,15
TGCCCTGGTGCGAAACTGCG_032,150
TGCCCTGGTGCGAAACTGCG_033,195
TGCCCTGGTGCGAAACTGCG_034,117
TGCCCTGGTGCGAAACTGCG_035,107
TGCCCTGGTGCGAAACTGCG_036,23
TGCCCTGGTGCGAAACTGCG_037,148
TGCCCTGGTGCGAAACTGCG_038,88
TGCCCTGGTGCGAAACTGCG_039,179
TGCCCTGGTGCGAAACTGCG_040,147
GAGGCTCACTGTCAGCCGGT_001,87
GAGGCTCACTGTCAGCCGGT_002,33
GAGGCTCACTGTCAGCCGGT_003,75
AGTTGGCTAATGATGTACCT_001,199
AGTTGGCTAATGATGTACCT_002,190
AGTTGGCTAATGATGTACCT_003,148
AGTTGGCTAATGATGTACCT_004,170
AGTTGGCTAATGATGTACCT_005,159
AGTTGGCTAATGATGTACCT_006,67
AGTTGGCTAATGATGTACCT_007,98
AGTTGGCTAATGATGTACCT_008,60
AGTTGGCTAATGATGTACCT_009,188
AGTTGGCTAATGATGTACCT_010,36
AGTTGGCTAATGATGTACCT_011,135
AGTTGGCTAATGATGTACCT_012,53
CTGGCATTCGAGGTGACCAG_001,106
CTGGCATTCGAGGTGACCAG_002,144
CTGGCATTCGAGGTGACCAG_003,97
CTGGCATTCGAGGTGACCAG_004,36
CTGGCATTCGAGGTGACCAG_005,194
CTGGCATTCGAGGTGACCAG_006,134
CTGGCATTCGAGGTGACCAG_007,13
CTTATACTCATCTACACTTG_001,45
CCCAGGCACCTATGTGACCA_001,76
CCCAGGCACCTATGTGACCA_002,156
CCCAGGCACCTATGTGACCA_003,0
CCCAGGCACCTATGTGACCA_004,125
CCCAGGCACCTATGTGACCA_005,17
CCCAGGCACCTATGTGACCA_006,162
CCCAGGCACCTATGTGACCA_007,43
TCACGCAGCCTGATAGACGG_001,137
TCACGCAGCCTGATAGACGG_002,137
TCACGCAGCCTGATAGACGG_003,184
TCACGCAGCCTGATAGACGG_004,28
AAGAAATTCTCTCGTCAACG_001,118
AACTGCCAGGAAAATAGCAA_001,94
AACTGCCAGGAAAATAGCAA_002,43
AACTGCCAGGAAAATAGCAA_003,197
AACTGCCAGGAAAATAGCAA_004,147
AACTGCCAGGAAAATAGCAA_005,8
AACTGCCAGGAAAATAGCAA_006,95
AACTGCCAGGAAAATAGCAA_007,163
AACTGCCAGGAAAATAGCAA_008,94
AACTGCCAGGAAAATAGCAA_009,15
AACTGCCAGGAAAATAGCAA_010,115
AACTGCCAGGAAAATAGCAA_011,175
AACTGCCAGGAAAATAGCAA_012,29
AACTGCCAGGAAAATAGCAA_013,118
AACTGCCAGGAAAATAGCAA_014,77
AACTGCCAGGAAAATAGCAA_015,49
AACTGCCAGGAAAATAGCAA_016,124
AACTGCCAGGAAAATAGCAA_017,162
ACAGCGGCAGGATTTGTCGG_001,150
ACAGCGGCAGGATTTGTCGG_002,38
ACAGCGGCAGGATTTGTCGG_003,114
ACAGCGGCAGGATTTGTCGG_004,97
ACAGCGGCAGGATTTGTCGG_005,120
ACAGCGGCAGGATTTGTCGG_006,46
ACAGCGGCAGGATTTGTCGG_007,138
ACAGCGGCAGGATTTGTCGG_008,107
ACAGCGGCAGGATTTGTCGG_009,91
ACAGCGGCAGGATTTGTCGG_010,158
ACAGCGGCAGGATTTGTCGG_011,73
ACAGCGGCAGGATTTGTCGG_012,145
ACAGCGGCAGGATTTGTCGG_013,82
ACAGCGGCAGGATTTGTCGG_014,61
ACAGCGGCAGGATTTGTCGG_015,127
ACAGCGGCAGGATTTGTCGG_016,139
ACAGCGGCAGGATTTGTCGG_017,120
ACAGCGGCAGGATTTGTCGG_018,162
ACAGCGGCAGGATTTGTCGG_019,2
ACAGCGGCAGGATTTGTCGG_020,11
ACAGCGGCAGGATTTGTCGG_021,35
ACAGCGGCAGGATTTGTCGG_022,141
ACAGCGGCAGGATTTGTCGG_023,168
ACAGCGGCAGGATTTGTCGG_024,65
ACAGCGGCAGGATTTGTCGG_025,50
ACAGCGGCAGGATTTGTCGG_026,168
ACAGCGGCAGGATTTGTCGG_027,105
CGGATACGCCTACCCTACCC_001,188
CGGATACGCCTACCCTACCC_002,78
TGATACTGGCAGCTCAAGAA_001,15
TGATACTGGCAGCTCAAGAA_002,169
TGATACTGGCAGCTCAAGAA_003,188
TGATACTGGCAGCTCAAGAA_004,198
TGATACTGGCAGCTCAAGAA_005,127
TGATACTGGCAGCTCAAGAA_006,52
TGATACTGGCAGCTCAAGAA_007,46
CGGGCCATGGACTCACAGGG_001,54
CGGGCCATGGACTCACAGGG_002,53
CGGGCCATGGACTCACAGGG_003,42
CGGGCCATGGACTCACAGGG_004,28
CGGGCCATGGACTCACAGGG_005,10
ACAGACGAGATCTATGCCCT_001,118
ACAGACGAGATCTATGCCCT_002,76
ACAGACGAGATCTATGCCCT_003,37
ACAGACGAGATCTATGCCCT_004,82
ACAGACGAGATCTATGCCCT_005,56
ACAGACGAGATCTATGCCCT_006,98
ACAGACGAGATCTATGCCCT_007,2
ACAGACGAGATCTATGCCCT_008,62
ACAGACGAGATCTATGCCCT_009,145
ACAGACGAGATCTATGCCCT_010,145
ACAGACGAGATCTATGCCCT_011,16
TCCTAAGAAAGAGTTCTCGC_001,22
TCCTAAGAAAGAGTTCTCGC_002,48
TCCTAAGAAAGAGTTCTCGC_003,145
TCCTAAGAAAGAGTTCTCGC_004,70
TCCTAAGAAAGAGTTCTCGC_005,94
TCCTAAGAAAGAGTTCTCGC_006,144
TCCTAAGAAAGAGTTCTCGC_007,116
TCGCAGTTCTCTTCCCACCG_001,4
TCGCAGTTCTCTTCCCACCG_002,135
TCGCAGTTCTCTTCCCACCG_003,165
TCGCAGTTCTCTTCCCACCG_004,133
TCGCAGTTCTCTTCCCACCG_005,188
TCGCAGTTCTCTTCCCACCG_006,56
GCCCCCACAAGAGCCACAGC_001,174
GCCCCCACAAGAGCCACAGC_002,94
GCCCCCACAAGAGCCACAGC_003,78
GCCCCCACAAGAGCCACAGC_004,76
GCCCCCACAAGAGCCACAGC_005,117
GCCCCCACAAGAGCCACAGC_006,148
GCCCCCACAAGAGCCACAGC_007,8
GCCCCCACAAGAGCCACAGC_008,96
GCCCCCACAAGAGCCACAGC_009,5
GCCCCCACAAGAGCCACAGC_010,34
GCCCCCACAAGAGCCACAGC_011,155
GTAGCATCCCCAGACAAAGG_001,78
GTAGCATCCCCAGACAAAGG_002,16
AAAGTCCGGAGCCGATCACA_001,49
AAAGTCCGGAGCCGATCACA_002,88
AAAGTCCGGAGCCGATCACA_003,32
AAAGTCCGGAGCCGATCACA_004,170
AAAGTCCGGAGCCGATCACA_005,137
AAAGTCCGGAGCCGATCACA_006,45
AAAGTCCGGAGCCGATCACA_007,157
AAAGTCCGGAGCCGATCACA_008,184
AAAGTCCGGAGCCGATCACA_009,53
AAAGTCCGGAGCCGATCACA_010,173
AAAGTCCGGAGCCGATCACA_011,155
AAAGTCCGGAGCCGATCACA_012,81
AAAGTCCGGAGCCGATCACA_013,149
AAAGTCCGGAGCCGATCACA_014,105
AAAGTCCGGAGCCGATCACA_015,127
AAAGTCCGGAGCCGATCACA_016,32
AAAGTCCGGAGCCGATCACA_017,105
AAAGTCCGGAGCCGATCACA_018,19
AAAGTCCGGAGCCGATCACA_019,136
AAAGTCCGGAGCCGATCACA_020,175
AAAGTCCGGAGCCGATCACA_021,63
ATCTCATAGATCTTCCCTCG_001,141
ATCTCATAGATCTTCCCTCG_002,58
ATCTCATAGATCTTCCCTCG_003,21
ATCTCATAGATCTTCCCTCG_004,170
ATCTCATAGATCTTCCCTCG_005,41
ATCTCATAGATCTTCCCTCG_006,94
CCTCACAGCTGATCACCCAG_001,150
CCTCACAGCTGATCACCCAG_002,9
GTAACCATTGATCCCTCCGA_001,94
GTAACCATTGATCCCTCCGA_002,107
GTAACCATTGATCCCTCCGA_003,17
GTAACCATTGATCCCTCCGA_004,12
GTAACCATTGATCCCTCCGA_005,138
TGGGCCATCTATGTTGGCGA_001,149
GTCATTCAAAGATGTGGCTG_001,150
GTCATTCAAAGATGTGGCTG_002,21
GTCATTCAAAGATGTGGCTG_003,31
GTCATTCAAAGATGTGGCTG_004,120
GTCATTCAAAGATGTGGCTG_005,53
GTCATTCAAAGATGTGGCTG_006,51
GTCATTCAAAGATGTGGCTG_007,145
GTCATTCAAAGATGTGGCTG_008,176
GTCATTCAAAGATGTGGCTG_009,90
GTCATTCAAAGATGTGGCTG_010,48
GTCATTCAAAGATGTGGCTG_011,81
GTCATTCAAAGATGTGGCTG_012,23
TCCCAGGAATCCTGAAAGAC_001,40
TCCCAGGAATCCTGAAAGAC_002,81
TCCCAGGAATCCTGAAAGAC_003,86
TGGGAAGAAGACGCATCCTG_001,107
TGGGAAGAAGACGCATCCTG_002,56
TGGGAAGAAGACGCATCCTG_003,19
TGGGAAGAAGACGCATCCTG_004,177
TGGGAAGAAGACGCATCCTG_005,83
TGGGAAGAAGACGCATCCTG_006,53
TGGGAAGAAGACGCATCCTG_007,121
TGGGAAGAAGACGCATCCTG_008,26
TGGGAAGAAGACGCATCCTG_009,177
TGGGAAGAAGACGCATCCTG_010,155
TGGGAAGAAGACGCATCCTG_011,105
TGGGAAGAAGACGCATCCTG_012,83
TGGGAAGAAGACGCATCCTG_013,29
TTGAGCCTCGGGCTTACCGG_001,81
TTGAGCCTCGGGCTTACCGG_002,12
TTGAGCCTCGGGCTTACCGG_003,16
TTGAGCCTCGGGCTTACCGG_004,83
TTGAGCCTCGGGCTTACCGG_005,4
TTGAGCCTCGGGCTTACCGG_006,139
TTGAGCCTCGGGCTTACCGG_007,97
AACAACCAGATCAACAACGC_001,30
AACAACCAGATCAACAACGC_002,1
AACAACCAGATCAACAACGC_003,68
AACAACCAGATCAACAACGC_004,134
AACAACCAGATCAACAACGC_005,10
AACAACCAGATCAACAACGC_006,182
AACAACCAGATCAACAACGC_007,43
AACAACCAGATCAACAACGC_008,175
AACAACCAGATCAACAACGC_009,138
AACAACCAGATCAACAACGC_010,142
AACAACCAGATCAACAACGC_011,19
AACAACCAGATCAACAACGC_012,162
CAGAAGGAGTTCAGTCTGCA_001,101
CAGAAGGAGTTCAGTCTGCA_002,150
CAGAAGGAGTTCAGTCTGCA_003,88
CAGAAGGAGTTCAGTCTGCA_004,169
CAGAAGGAGTTCAGTCTGCA_005,94
CAGAAGGAGTTCAGTCTGCA_006,11
CAGAAGGAGTTCAGTCTGCA_007,83
CAGAAGGAGTTCAGTCTGCA_008,58
CAGAAGGAGTTCAGTCTGCA_009,116
CAGAAGGAGTTCAGTCTGCA_010,2
CAGAAGGAGTTCAGTCTGCA_011,94
CAGAAGGAGTTCAGTCTGCA_012,2
CAGAAGGAGTTCAGTCTGCA_013,1
CAGAAGGAGTTCAGTCTGCA_014,70
CAGAAGGAGTTCAGTCTGCA_015,17
CAGAAGGAGTTCAGTCTGCA_016,24
CAGAAGGAGTTCAGTCTGCA_017,140
CAGAAGGAGTTCAGTCTGCA_018,65
CAGAAGGAGTTCAGTCTGCA_019,122
CAGAAGGAGTTCAGTCTGCA_020,139
CAGAAGGAGTTCAGTCTGCA_021,84
CAGAAGGAGTTCAGTCTGCA_022,58
CAGAAGGAGTTCAGTCTGCA_023,186
CAGAAGGAGTTCAGTCTGCA_024,6
CAGAAGGAGTTCAGTCTGCA_025,193
CCACAATGCCAAATGCCCGG_001,151
CCACAATGCCAAATGCCCGG_002,170
CCACAATGCCAAATGCCCGG_003,21
CCACAATGCCAAATGCCCGG_004,120
CCACAATGCCAAATGCCCGG_005,98
CCACAATGCCAAATGCCCGG_006,82
CCACAATGCCAAATGCCCGG_007,6
CCACAATGCCAAATGCCCGG_008,180
GGCTGTGGACACTTTGGTGA_001,172
GGCTGTGGACACTTTGGTGA_002,87
GGCTGTGGACACTTTGGTGA_003,185
GGCTGTGGACACTTTGGTGA_004,114
GGCTGTGGACACTTTGGTGA_005,144
GGCTGTGGACACTTTGGTGA_006,60
GGCTGTGGACACTTTGGTGA_007,127
GGCTGTGGACACTTTGGTGA_008,45
GGCTGTGGACACTTTGGTGA_009,192
GGCTGTGGACACTTTGGTGA_010,141
GGCTGTGGACACTTTGGTGA_011,76
GGCTGTGGACACTTTGGTGA_012,140
GGCTGTGGACACTTTGGTGA_013,19
CTGCTGACGCACAATGCATG_001,95
CTGCTGACGCACAATGCATG_002,184
CTGCTGACGCACAATGCATG_003,35
CTGCTGACGCACAATGCATG_004,68
CTGCTGACGCACAATGCATG_005,174
CTGCTGACGCACAATGCATG_006,154
CTGCTGACGCACAATGCATG_007,48
CTGCTGACGCACAATGCATG_008,186
CTGCTGACGCACAATGCATG_009,174
CTGCTGACGCACAATGCATG_010,116
CTGCTGACGCACAATGCATG_011,104
CTGCTGACGCACAATGCATG_012,127
CTGCTGACGCACAATGCATG_013,8
CTGCTGACGCACAATGCATG_014,1
CTGCTGACGCACAATGCATG_015,9
CTGCTGACGCACAATGCATG_016,127
CTGCTGACGCACAATGCATG_017,162
TCATCTTGTACATACCCTGC_001,145
ACTCCACCCAAACATCTGGT_001,63
ACTCCACCCAAACATCTGGT_002,61
ACTCCACCCAAACATCTGGT_003,72
ACTCCACCCAAACATCTGGT_004,44
ACTCCACCCAAACATCTGGT_005,150
ACTCCACCCAAACATCTGGT_006,183
ACTCCACCCAAACATCTGGT_007,15
ACTCCACCCAAACATCTGGT_008,44
ACTCCACCCAAACATCTGGT_009,119
ACTCCACCCAAACATCTGGT_010,132
ACTCCACCCAAACATCTGGT_011,58
ACTCCACCCAAACATCTGGT_012,54
ACTCCACCCAAACATCTGGT_013,139
ACTCCACCCAAACATCTGGT_014,199
ACTCCACCCAAACATCTGGT_015,194
ACTCCACCCAAACATCTGGT_016,161
ACTCCACCCAAACATCTGGT_017,98
ACTCCACCCAAACATCTGGT_018,118
ACTCCACCCAAACATCTGGT_019,188
ACTCCACCCAAACATCTGGT_020,13
ACTCCACCCAAACATCTGGT_021,93
ACTCCACCCAAACATCTGGT_022,14
ACTCCACCCAAACATCTGGT_023,170
ACTCCACCCAAACATCTGGT_024,106
TGAGCCCCGGCTCCCCGAAG_001,14
TGAGCCCCGGCTCCCCGAAG_002,62
TGAGCCCCGGCTCCCCGAAG_003,133
TGAGCCCCGGCTCCCCGAAG_004,68
AAGAGAACGTCTGCAAAAGG_001,102
AAGAGAACGTCTGCAAAAGG_002,197
AAGAGAACGTCTGCAAAAGG_003,28
AAGAGAACGTCTGCAAAAGG_004,113
AAGAGAACGTCTGCAAAAGG_005,35
GATGGAGACAGTGTACACCC_001,15
ACTTGGTGCCAAACTCTGAA_001,81
ACTTGGTGCCAAACTCTGAA_002,181
ACTTGGTGCCAAACTCTGAA_003,41
ACTTGGTGCCAAACTCTGAA_004,197
ACTTGGTGCCAAACTCTGAA_005,57
ACTTGGTGCCAAACTCTGAA_006,174
GCCATGCGAGAGAAGCTCCG_001,78
GCCATGCGAGAGAAGCTCCG_002,146
GCCATGCGAGAGAAGCTCCG_003,13
GCCATGCGAGAGAAGCTCCG_004,13
GCCATGCGAGAGAAGCTCCG_005,150
GCCATGCGAGAGAAGCTCCG_006,23
GCCATGCGAGAGAAGCTCCG_007,58
GCCATGCGAGAGAAGCTCCG_008,54
GCCATGCGAGAGAAGCTCCG_009,68
GCCATGCGAGAGAAGCTCCG_010,166
GCCATGCGAGAGAAGCTCCG_011,168
GCCATGCGAGAGAAGCTCCG_012,166
GCCATGCGAGAGAAGCTCCG_013,30
GCCATGCGAGAGAAGCTCCG_014,130
GCCATGCGAGAGAAGCTCCG_015,13
GCCATGCGAGAGAAGCTCCG_016,140
GCCATGCGAGAGAAGCTCCG_017,60
GCCATGCGAGAGAAGCTCCG_018,57
GCCATGCGAGAGAAGCTCCG_019,101
GCCATGCGAGAGAAGCTCCG_020,121
GCCATGCGAGAGAAGCTCCG_021,35
GCCATGCGAGAGAAGCTCCG_022,48
GCCATGCGAGAGAAGCTCCG_023,140
GCCATGCGAGAGAAGCTCCG_024,88
GCCATGCGAGAGAAGCTCCG_025,65
GCCATGCGAGAGAAGCTCCG_026,127
GCCATGCGAGAGAAGCTCCG_027,51
GCCATGCGAGAGAAGCTCCG_028,142
GCCATGCGAGAGAAGCTCCG_029,102
GCCATGCGAGAGAAGCTCCG_030,144
GCCATGCGAGAGAAGCTCCG_031,121
GCCATGCGAGAGAAGCTCCG_032,175
GCCATGCGAGAGAAGCTCCG_033,10
GCCATGCGAGAGAAGCTCCG_034,190
GCCATGCGAGAGAAGCTCCG_035,41
AACCAAGCGAGGGTCCCCGG_001,49
AACCAAGCGAGGGTCCCCGG_002,125
AACCAAGCGAGGGTCCCCGG_003,47
AACCAAGCGAGGGTCCCCGG_004,12
AACCAAGCGAGGGTCCCCGG_005,127
AACCAAGCGAGGGTCCCCGG_006,22
AACCAAGCGAGGGTCCCCGG_007,193
AACCAAGCGAGGGTCCCCGG_008,140
AACCAAGCGAGGGTCCCCGG_009,102
AACCAAGCGAGGGTCCCCGG_010,188
AACCAAGCGAGGGTCCCCGG_011,170
AACCAAGCGAGGGTCCCCGG_012,188
AACCAAGCGAGGGTCCCCGG_013,67
CCTGGCAGGTAGCTTCGACG_001,114
CCTGGCAGGTAGCTTCGACG_002,161
CCTGGCAGGTAGCTTCGACG_003,146
CCTGGCAGGTAGCTTCGACG_004,73
CCTGGCAGGTAGCTTCGACG_005,76
GAAGGGTGTAACATTACTGA_001,141
GAAGGGTGTAACATTACTGA_002,78
GGAGAGCACTCAGAGCCTGG_001,174
GGAGAGCACTCAGAGCCTGG_002,37
GGAGAGCACTCAGAGCCTGG_003,159
GGAGAGCACTCAGAGCCTGG_004,77
GGAGAGCACTCAGAGCCTGG_005,9
GGAGAGCACTCAGAGCCTGG_006,169
GGAGAGCACTCAGAGCCTGG_007,155
GGAGAGCACTCAGAGCCTGG_008,131
GCATGTACATACCCAGCTTG_001,54
TCTGCAGGTACTGTTCCCGT_001,175
TCTGCAGGTACTGTTCCCGT_002,85
TCTGCAGGTACTGTTCCCGT_003,184
TCTGCAGGTACTGTTCCCGT_004,148
TCTGCAGGTACTGTTCCCGT_005,98
TCTGCAGGTACTGTTCCCGT_006,40
TCTGCAGGTACTGTTCCCGT_007,106
AGATCTATACTTCGCAAACG_001,70
AGATCTATACTTCGCAAACG_002,5
AGATCTATACTTCGCAAACG_003,170
AGATCTATACTTCGCAAACG_004,156
AGATCTATACTTCGCAAACG_005,17
CACCCTTCAAATGAATTGAG_001,75
CACCCTTCAAATGAATTGAG_002,170
CACCCTTCAAATGAATTGAG_003,125
CACCCTTCAAATGAATTGAG_004,158
CACCCTTCAAATGAATTGAG_005,120
CACCCTTCAAATGAATTGAG_006,33
CACCCTTCAAATGAATTGAG_007,187
CACCCTTCAAATGAATTGAG_008,169
CACCCTTCAAATGAATTGAG_009,129
GAGCCAGGACGTACAATGGT_001,166
GAGCCAGGACGTACAATGGT_002,183
GAGCCAGGACGTACAATGGT_003,19
GAGCCAGGACGTACAATGGT_004,84
GAGCCAGGACGTACAATGGT_005,2
GAGCCAGGACGTACAATGGT_006,17
GAGCCAGGACGTACAATGGT_007,183
GAGCCAGGACGTACAATGGT_008,103
GAGCCAGGACGTACAATGGT_009,92
GAGCCAGGACGTACAATGGT_010,8
GAGCCAGGACGTACAATGGT_011,168
GAGCCAGGACGTACAATGGT_012,56
GAGCCAGGACGTACAATGGT_013,137
GAGCCAGGACGTACAATGGT_014,119
GAGCCAGGACGTACAATGGT_015,21
GAGCCAGGACGTACAATGGT_016,6
GAGCCAGGACGTACAATGGT_017,196
GAGCCAGGACGTACAATGGT_018,76
GAGCCAGGACGTACAATGGT_019,59
GAGCCAGGACGTACAATGGT_020,174
GAGCCAGGACGTACAATGGT_021,25
CGATCGGGACACAACACTCG_001,73
CGATCGGGACACAACACTCG_002,181
CGATCGGGACACAACACTCG_003,115
CGATCGGGACACAACACTCG_004,141
CGATCGGGACACAACACTCG_005,127
CGATCGGGACACAACACTCG_006,85
CGATCGGGACACAACACTCG_007,116
CGATCGGGACACAACACTCG_008,137
CGATCGGGACACAACACTCG_009,108
CGATCGGGACACAACACTCG_010,108
CGATCGGGACACAACACTCG_011,12
CGATCGGGACACAACACTCG_012,94
CGATCGGGACACAACACTCG_013,169
CGATCGGGACACAACACTCG_014,28
CGATCGGGACACAACACTCG_015,91
CGATCGGGACACAACACTCG_016,108
CGATCGGGACACAACACTCG_017,10
CGATCGGGACACAACACTCG_018,48
CGATCGGGACACAACACTCG_019,49
CGATCGGGACACAACACTCG_020,145
CGATCGGGACACAACACTCG_021,198
CGATCGGGACACAACACTCG_022,191
CGATCGGGACACAACACTCG_023,90
CGATCGGGACACAACACTCG_024,0
CGATCGGGACACAACACTCG_025,83
CGATCGGGACACAACACTCG_026,148
CGATCGGGACACAACACTCG_027,35
TGTGGTAATCTTCTACGACG_001,80
AAACACAATTAACTGGACAC_001,106
AAACACAATTAACTGGACAC_002,113
AAACACAATTAACTGGACAC_003,70
AAACACAATTAACTGGACAC_004,160
AAACACAATTAACTGGACAC_005,106
AAACACAATTAACTGGACAC_006,150
AAACACAATTAACTGGACAC_007,4
AAACACAATTAACTGGACAC_008,74
AAACACAATTAACTGGACAC_009,70
AAACACAATTAACTGGACAC_010,113
AAACACAATTAACTGGACAC_011,168
AAACACAATTAACTGGACAC_012,95
AAACACAATTAACTGGACAC_013,190
AAACACAATTAACTGGACAC_014,87
AAACACAATTAACTGGACAC_015,181
AAACACAATTAACTGGACAC_016,96
AAACACAATTAACTGGACAC_017,110
AAACACAATTAACTGGACAC_018,176
AAACACAATTAACTGGACAC_019,182
AAACACAATTAACTGGACAC_020,43
AAACACAATTAACTGGACAC_021,108
AAACACAATTAACTGGACAC_022,110
AAACACAATTAACTGGACAC_023,120
GAGAGAGAGGGCTCCAGGTG_001,154
GAGAGAGAGGGCTCCAGGTG_002,4
AAAGTTAACATCTTGGAGGC_001,67
AAAGTTAACATCTTGGAGGC_002,110
AAAGTTAACATCTTGGAGGC_003,83
AAAGTTAACATCTTGGAGGC_004,50
AAAGTTAACATCTTGGAGGC_005,36
AAAGTTAACATCTTGGAGGC_006,113
CACGGCTAGAGTGTCCGTGG_001,84
CACGGCTAGAGTGTCCGTGG_002,68
CACGGCTAGAGTGTCCGTGG_003,12
CACGGCTAGAGTGTCCGTGG_004,147
CACGGCTAGAGTGTCCGTGG_005,83
CACGGCTAGAGTGTCCGTGG_006,5
CACGGCTAGAGTGTCCGTGG_007,112
CACGGCTAGAGTGTCCGTGG_008,94
CACGGCTAGAGTGTCCGTGG_009,158
AGCCTCGCTAAGATTTGACA_001,115
AGCCTCGCTAAGATTTGACA_002,175
AGCCTCGCTAAGATTTGACA_003,96
AGCCTCGCTAAGATTTGACA_004,177
AGCCTCGCTAAGATTTGACA_005,68
AGCCTCGCTAAGATTTGACA_006,117
AGCCTCGCTAAGATTTGACA_007,103
AGCCTCGCTAAGATTTGACA_008,155
AGCCTCGCTAAGATTTGACA_009,82
AGCCTCGCTAAGATTTGACA_010,146
AGCCTCGCTAAGATTTGACA_011,39
AGCCTCGCTAAGATTTGACA_012,67
CACCTGCATCCTGCCCAATG_001,127
CACCTGCATCCTGCCCAATG_002,70
CACCTGCATCCTGCCCAATG_003,139
CACCTGCATCCTGCCCAATG_004,98
CACCTGCATCCTGCCCAATG_005,138
CACCTGCATCCTGCCCAATG_006,190
CACCTGCATCCTGCCCAATG_007,105
CACCTGCATCCTGCCCAATG_008,36
CACCTGCATCCTGCCCAATG_009,19
CACCTGCATCCTGCCCAATG_010,197
CACCTGCATCCTGCCCAATG_011,70
CACCTGCATCCTGCCCAATG_012,152
CACCTGCATCCTGCCCAATG_013,39
CACCTGCATCCTGCCCAATG_014,79
CACCTGCATCCTGCCCAATG_015,184
CACCTGCATCCTGCCCAATG_016,37
AGTGGAAAATGCTTATCACA_001,132
AGTGGAAAATGCTTATCACA_002,63
CACACTTACAGACTTCACAA_001,43
CACACTTACAGACTTCACAA_002,6
CAAGCCAAACCTGGACCAGG_001,40
CAAGCCAAACCTGGACCAGG_002,123
CAAGCCAAACCTGGACCAGG_003,147
CAAGCCAAACCTGGACCAGG_004,50
CAAGCCAAACCTGGACCAGG_005,160
CAAGCCAAACCTGGACCAGG_006,134
CAAGCCAAACCTGGACCAGG_007,36
CAAGCCAAACCTGGACCAGG_008,6
CAAGCCAAACCTGGACCAGG_009,23
CAAGCCAAACCTGGACCAGG_010,67
CAAGCCAAACCTGGACCAGG_011,150
CAAGCCAAACCTGGACCAGG_012,188
CAAGCCAAACCTGGACCAGG_013,59
CAAGCCAAACCTGGACCAGG_014,141
CAAGCCAAACCTGGACCAGG_015,188
CAAGCCAAACCTGGACCAGG_016,130
CAAGCCAAACCTGGACCAGG_017,94
CAAGCCAAACCTGGACCAGG_018,65
CAAGCCAAACCTGGACCAGG_019,94
CCTGCAGTACTATCGCTGCA_001,76
CTGAGCAACTTGGCTCACAA_001,172
CTGAGCAACTTGGCTCACAA_002,83
CTGAGCAACTTGGCTCACAA_003,25
CTGAGCAACTTGGCTCACAA_004,115
CTGAGCAACTTGGCTCACAA_005,172
CTGAGCAACTTGGCTCACAA_006,157
CTGAGCAACTTGGCTCACAA_007,70
CTGAGCAACTTGGCTCACAA_008,42
CTGAGCAACTTGGCTCACAA_009,77
CTGAGCAACTTGGCTCACAA_010,1
CTGAGCAACTTGGCTCACAA_011,168
CTGAGCAACTTGGCTCACAA_012,107
CTGAGCAACTTGGCTCACAA_013,105
CTGAGCAACTTGGCTCACAA_014,44
CTGAGCAACTTGGCTCACAA_015,143
CTGAGCAACTTGGCTCACAA_016,127
CTGAGCAACTTGGCTCACAA_017,94
CTGAGCAACTTGGCTCACAA_018,43
CTGAGCAACTTGGCTCACAA_019,63
CTGAGCAACTTGGCTCACAA_020,94
CTGAGCAACTTGGCTCACAA_021,137
CTGAGCAACTTGGCTCACAA_022,191
AAATACGATCTTGAGCAACA_001,32
AAATACGATCTTGAGCAACA_002,62
AAATACGATCTTGAGCAACA_003,28
AAATACGATCTTGAGCAACA_004,178
TGTTCCCTCTCTTCGCGGAG_001,31
TGTTCCCTCTCTTCGCGGAG_002,148
TGTTCCCTCTCTTCGCGGAG_003,133
TGTTCCCTCTCTTCGCGGAG_004,88
CAATTGTCAGAAGTATTCTG_001,184
CAATTGTCAGAAGTATTCTG_002,86
TAACACTCGGGCAATGACTG_001,173
TAACACTCGGGCAATGACTG_002,50
TAACACTCGGGCAATGACTG_003,17
TAACACTCGGGCAATGACTG_004,127
TAACACTCGGGCAATGACTG_005,158
TAACACTCGGGCAATGACTG_006,181
TAACACTCGGGCAATGACTG_007,105
TAACACTCGGGCAATGACTG_008,48
TAACACTCGGGCAATGACTG_009,125
TAACACTCGGGCAATGACTG_010,50
TAACACTCGGGCAATGACTG_011,23
TAACACTCGGGCAATGACTG_012,23
TAACACTCGGGCAATGACTG_013,144
TAACACTCGGGCAATGACTG_014,65
TAACACTCGGGCAATGACTG_015,168
TAACACTCGGGCAATGACTG_016,0
TAACACTCGGGCAATGACTG_017,3
GATTAACACAGGATCCCTTG_001,11
GATTAACACAGGATCCCTTG_002,93
AGCCCACTAGCCGATACTTG_001,197
GATCTCTCACCGTACTAAGG_001,12
GATCTCTCACCGTACTAAGG_002,190
GATCTCTCACCGTACTAAGG_003,145
GATCTCTCACCGTACTAAGG_004,171
GATCTCTCACCGTACTAAGG_005,165
GTGCTGCGGGACAATATCCA_001,58
GTGCTGCGGGACAATATCCA_002,158
GTGCTGCGGGACAATATCCA_003,41
GTGCTGCGGGACAATATCCA_004,198
GTGCTGCGGGACAATATCCA_005,52
GTGCTGCGGGACAATATCCA_006,80
GTGCTGCGGGACAATATCCA_007,133
GTGCTGCGGGACAATATCCA_008,166
GTGCTGCGGGACAATATCCA_009,19
GTGCTGCGGGACAATATCCA_010,161
GTGCTGCGGGACAATATCCA_011,140
GTGCTGCGGGACAATATCCA_012,178
GTGCTGCGGGACAATATCCA_013,81
GTGCTGCGGGACAATATCCA_014,48
GTGCTGCGGGACAATATCCA_015,36
AGAAGGAAATGTGAGCCAGG_001,74
AGAAGGAAATGTGAGCCAGG_002,86
AGAAGGAAATGTGAGCCAGG_003,113
AGAAGGAAATGTGAGCCAGG_004,43
AGAAGGAAATGTGAGCCAGG_005,60
AGAAGGAAATGTGAGCCAGG_006,22
AGAAGGAAATGTGAGCCAGG_007,138
CAGCATGATTAACTGCACCA_001,42
CAGCATGATTAACTGCACCA_002,29
CAGCATGATTAACTGCACCA_003,144
CAGCATGATTAACTGCACCA_004,115
CAGCATGATTAACTGCACCA_005,127
CAGCATGATTAACTGCACCA_006,141
TCCAATTCCTCATACATGGA_001,15
TCCAATTCCTCATACATGGA_002,166
TCCAATTCCTCATACATGGA_003,89
TCCAATTCCTCATACATGGA_004,22
TCCAATTCCTCATACATGGA_005,170
TCCAATTCCTCATACATGGA_006,39
GGTCAACTAAAGTTCGAAGC_001,127
GGTCAACTAAAGTTCGAAGC_002,40
GGTCAACTAAAGTTCGAAGC_003,102
GGTCAACTAAAGTTCGAAGC_004,41
GGTCAACTAAAGTTCGAAGC_005,13
TGAAAAATTTCAGTCACAGG_001,190
TCTCTGTGCCAAAGACGACG_001,169
TGATAAATGAAGTGATGTGG_001,24
TGATAAATGAAGTGATGTGG_002,0
TGATAAATGAAGTGATGTGG_003,127
TGATAAATGAAGTGATGTGG_004,53
TGATAAATGAAGTGATGTGG_005,113
TGATAAATGAAGTGATGTGG_006,127
TGATAAATGAAGTGATGTGG_007,76
TGATAAATGAAGTGATGTGG_008,145
TGATAAATGAAGTGATGTGG_009,3
TGATAAATGAAGTGATGTGG_010,3
TGATAAATGAAGTGATGTGG_011,122
TGATAAATGAAGTGATGTGG_012,96
TGATAAATGAAGTGATGTGG_013,34
AAGTCCAAAGATGAAAAAGG_001,85
AAGTCCAAAGATGAAAAAGG_002,47
AAGTCCAAAGATGAAAAAGG_003,106
AAGTCCAAAGATGAAAAAGG_004,42
AAGTCCAAAGATGAAAAAGG_005,130
AAGTCCAAAGATGAAAAAGG_006,69
AAGTCCAAAGATGAAAAAGG_007,197
GGTGGAGAGAACTACCTGGT_001,188
GGTGGAGAGAACTACCTGGT_002,175
CAGTGCTGAATCGCAACACT_001,32
CAGTGCTGAATCGCAACACT_002,0
CAGTGCTGAATCGCAACACT_003,162
CAGTGCTGAATCGCAACACT_004,7
CAGTGCTGAATCGCAACACT_005,58
CAGTGCTGAATCGCAACACT_006,162
CAGGGTGTGCTACAGCAGGA_001,130
CAGGGTGTGCTACAGCAGGA_002,169
CAGGGTGTGCTACAGCAGGA_003,129
CAGGGTGTGCTACAGCAGGA_004,15
CAGGGTGTGCTACAGCAGGA_005,78
CAGGGTGTGCTACAGCAGGA_006,81
CAGGGTGTGCTACAGCAGGA_007,117
CAGGGTGTGCTACAGCAGGA_008,43
CAGGGTGTGCTACAGCAGGA_009,48
CAGGGTGTGCTACAGCAGGA_010,34
CAGGGTGTGCTACAGCAGGA_011,12
CAGGGTGTGCTACAGCAGGA_012,76
CAGGGTGTGCTACAGCAGGA_013,127
CAGGGTGTGCTACAGCAGGA_014,86
CAGGGTGTGCTACAGCAGGA_015,53
CAGGGTGTGCTACAGCAGGA_016,184
CAGGGTGTGCTACAGCAGGA_017,12
CAGGGTGTGCTACAGCAGGA_018,57
CAGGGTGTGCTACAGCAGGA_019,102
CAGGGTGTGCTACAGCAGGA_020,102
CAGGGTGTGCTACAGCAGGA_021,5
CAGTGAAAGTGGAAGAACAA_001,149
CAGTGAAAGTGGAAGAACAA_002,184
CAGTGAAAGTGGAAGAACAA_003,23
CAGTGAAAGTGGAAGAACAA_004,34
CAGTGAAAGTGGAAGAACAA_005,56
CAGTGAAAGTGGAAGAACAA_006,168
CAGTGAAAGTGGAAGAACAA_007,190
CAGTGAAAGTGGAAGAACAA_008,141
CAGTGAAAGTGGAAGAACAA_009,162
CAGTGAAAGTGGAAGAACAA_010,50
CAGTGAAAGTGGAAGAACAA_011,47
CAGTGAAAGTGGAAGAACAA_012,196
CAGTGAAAGTGGAAGAACAA_013,158
CAGTGAAAGTGGAAGAACAA_014,140
CAGTGAAAGTGGAAGAACAA_015,88
TCACAAACGGGACTTCACGG_001,99
TCACAAACGGGACTTCACGG_002,58
TCACAAACGGGACTTCACGG_003,130
TCACAAACGGGACTTCACGG_004,50
TCACAAACGGGACTTCACGG_005,93
TCACAAACGGGACTTCACGG_006,61
TCACAAACGGGACTTCACGG_007,117
TCACAAACGGGACTTCACGG_008,185
TCACAAACGGGACTTCACGG_009,126
TCACAAACGGGACTTCACGG_010,85
TCACAAACGGGACTTCACGG_011,85
TCACAAACGGGACTTCACGG_012,129
TCACAAACGGGACTTCACGG_013,115
TCACAAACGGGACTTCACGG_014,175
TCACAAACGGGACTTCACGG_015,138
TCACAAACGGGACTTCACGG_016,161
TCACAAACGGGACTTCACGG_017,6
TCACAAACGGGACTTCACGG_018,57
TCACAAACGGGACTTCACGG_019,80
TCACAAACGGGACTTCACGG_020,135
TCACAAACGGGACTTCACGG_021,95
TCACAAACGGGACTTCACGG_022,14
TCACAAACGGGACTTCACGG_023,150
TATAATGTAGACCAGTCAGT_001,98
TATAATGTAGACCAGTCAGT_002,197
TATAATGTAGACCAGTCAGT_003,6
CACATTCCTGATACAGACGT_001,118
CACATTCCTGATACAGACGT_002,115
CCACAGCAGCTCCCAGAGCT_001,185
CCACAGCAGCTCCCAGAGCT_002,15
CCACAGCAGCTCCCAGAGCT_003,41
CCACAGCAGCTCCCAGAGCT_004,33
CCACAGCAGCTCCCAGAGCT_005,48
CCACAGCAGCTCCCAGAGCT_006,0
CCACAGCAGCTCCCAGAGCT_007,169
ATGGACTGTCTGGGTAACAT_001,198
ATGGACTGTCTGGGTAACAT_002,105
CTGAAAGCTCTCCACCTCCA_001,82
CTGAAAGCTCTCCACCTCCA_002,113
CTGAAAGCTCTCCACCTCCA_003,81
CTGAAAGCTCTCCACCTCCA_004,187
CTGAAAGCTCTCCACCTCCA_005,104
ACGGTATTACTTACACAGTG_001,102
ACGGTATTACTTACACAGTG_002,192
GCCCCGGTCCAAAACCACAG_001,68
GCCCCGGTCCAAAACCACAG_002,106
GCCCCGGTCCAAAACCACAG_003,46
GCCCCGGTCCAAAACCACAG_004,99
GCCCCGGTCCAAAACCACAG_005,28
GCCCCGGTCCAAAACCACAG_006,12
GCCCCGGTCCAAAACCACAG_007,7
GCCCCGGTCCAAAACCACAG_008,92
GCCCCGGTCCAAAACCACAG_009,172
GCCCCGGTCCAAAACCACAG_010,147
GCCCCGGTCCAAAACCACAG_011,28
GCCCCGGTCCAAAACCACAG_012,52
GGATGTGGTCGTTGTGAGAG_001,113
GGATGTGGTCGTTGTGAGAG_002,76
GGATGTGGTCGTTGTGAGAG_003,86
GGATGTGGTCGTTGTGAGAG_004,130
GGATGTGGTCGTTGTGAGAG_005,191
CCCACCTCACCTTAATGATG_001,168
CCCACCTCACCTTAATGATG_002,138
CCCACCTCACCTTAATGATG_003,175
CCCACCTCACCTTAATGATG_004,141
CCCACCTCACCTTAATGATG_005,67
CCCACCTCACCTTAATGATG_006,128
CCCACCTCACCTTAATGATG_007,35
CCCACCTCACCTTAATGATG_008,184
CCCACCTCACCTTAATGATG_009,40
CCCACCTCACCTTAATGATG_010,174
CCCACCTCACCTTAATGATG_011,174
TGCACAGGACCACGACAGTG_001,58
TGCACAGGACCACGACAGTG_002,66
ACAGACCCAACCAGTTACGA_001,114
ACAGACCCAACCAGTTACGA_002,53
ACAGACCCAACCAGTTACGA_003,54
ACAGACCCAACCAGTTACGA_004,16
ACAGACCCAACCAGTTACGA_005,53
ACAGACCCAACCAGTTACGA_006,137
ACAGACCCAACCAGTTACGA_007,63
ACAGACCCAACCAGTTACGA_008,117
ACAGACCCAACCAGTTACGA_009,165
ACAGACCCAACCAGTTACGA_010,199
ACACACACACGAGTACTCCG_001,150
CCCAGATTATCTGGCCACTG_001,55
CTGGCACGCACCGTTCTCCA_001,148
CTGGCACGCACCGTTCTCCA_002,88
CTGGCACGCACCGTTCTCCA_003,3
CTGGCACGCACCGTTCTCCA_004,168
CTGGCACGCACCGTTCTCCA_005,9
CTGGCACGCACCGTTCTCCA_006,3
CTGGCACGCACCGTTCTCCA_007,59
GGAAATGAGATTACTCGAGG_001,47
GGAAATGAGATTACTCGAGG_002,80
GGAAATGAGATTACTCGAGG_003,12
GGAAATGAGATTACTCGAGG_004,72
GGAAATGAGATTACTCGAGG_005,73
GGAAATGAGATTACTCGAGG_006,130
GGAAATGAGATTACTCGAGG_007,169
GGAGGTGAACGGCGAAAACG_001,141
GGAGGTGAACGGCGAAAACG_002,24
GGAGGTGAACGGCGAAAACG_003,160
GGAGGTGAACGGCGAAAACG_004,38
GGAGGTGAACGGCGAAAACG_005,61
GGAGGTGAACGGCGAAAACG_006,104
GGAGGTGAACGGCGAAAACG_007,82
GGAGGTGAACGGCGAAAACG_008,158
GGAGGTGAACGGCGAAAACG_009,168
GGAGGTGAACGGCGAAAACG_010,154
GGAGGTGAACGGCGAAAACG_011,148
GGAGGTGAACGGCGAAAACG_012,56
GGAGGTGAACGGCGAAAACG_013,104
ATCACTGGAGCTTACAAGAG_001,160
ATCACTGGAGCTTACAAGAG_002,42
ATCACTGGAGCTTACAAGAG_003,55
ATCACTGGAGCTTACAAGAG_004,130
ATCACTGGAGCTTACAAGAG_005,49
ATCACTGGAGCTTACAAGAG_006,4
ATCACTGGAGCTTACAAGAG_007,176
ATCACTGGAGCTTACAAGAG_008,102
ATCACTGGAGCTTACAAGAG_009,169
AAGATCTCGCTACCCGACGG_001,138
AAGATCTCGCTACCCGACGG_002,158
AAGATCTCGCTACCCGACGG_003,130
AAGATCTCGCTACCCGACGG_004,22
AAGATCTCGCTACCCGACGG_005,194
AAGATCTCGCTACCCGACGG_006,83
AAGATCTCGCTACCCGACGG_007,69
AAGATCTCGCTACCCGACGG_008,148
AAGATCTCGCTACCCGACGG_009,44
AAGATCTCGCTACCCGACGG_010,152
CAAAGCAAAGATCCAAGACA_001,150
CAAAGCAAAGATCCAAGACA_002,156
CAAAGCAAAGATCCAAGACA_003,78
CAAAGCAAAGATCCAAGACA_004,88
CAAAGCAAAGATCCAAGACA_005,77
CAAAGCAAAGATCCAAGACA_006,145
CAAAGCAAAGATCCAAGACA_007,169
CAAAGCAAAGATCCAAGACA_008,13
TGGTGTTGCTCTGAAGACTC_001,108
TGGTGTTGCTCTGAAGACTC_002,2
TGGTGTTGCTCTGAAGACTC_003,107
TGGTGTTGCTCTGAAGACTC_004,118
TGGTGTTGCTCTGAAGACTC_005,17
TGGTGTTGCTCTGAAGACTC_006,130
TGGTGTTGCTCTGAAGACTC_007,77
TGGTGTTGCTCTGAAGACTC_008,70
TGGTGTTGCTCTGAAGACTC_009,127
TGGTGTTGCTCTGAAGACTC_010,59
TGGTGTTGCTCTGAAGACTC_011,147
TGGTGTTGCTCTGAAGACTC_012,170
TGGTGTTGCTCTGAAGACTC_013,37
TGGTGTTGCTCTGAAGACTC_014,167
TGGTGTTGCTCTGAAGACTC_015,167
CCATACAATAGTATTTACTG_001,21
CCATACAATAGTATTTACTG_002,82
CCATACAATAGTATTTACTG_003,102
CCATACAATAGTATTTACTG_004,160
CCATACAATAGTATTTACTG_005,197
CCATACAATAGTATTTACTG_006,162
CCATACAATAGTATTTACTG_007,10
GGTCCGGCCTTCTCAAAAAG_001,189
GGTCCGGCCTTCTCAAAAAG_002,190
GGTCCGGCCTTCTCAAAAAG_003,178
GGTCCGGCCTTCTCAAAAAG_004,46
GGTCCGGCCTTCTCAAAAAG_005,103
GGTCCGGCCTTCTCAAAAAG_006,0
GGTCCGGCCTTCTCAAAAAG_007,88
GGTCCGGCCTTCTCAAAAAG_008,102
GGTCCGGCCTTCTCAAAAAG_009,76
GGTCCGGCCTTCTCAAAAAG_010,126
GGTCCGGCCTTCTCAAAAAG_011,34
GGTCCGGCCTTCTCAAAAAG_012,58
GGTCCGGCCTTCTCAAAAAG_013,138
GGTCCGGCCTTCTCAAAAAG_014,124
GGTCCGGCCTTCTCAAAAAG_015,106
GGTCCGGCCTTCTCAAAAAG_016,106
GGTCCGGCCTTCTCAAAAAG_017,29
GGTCCGGCCTTCTCAAAAAG_018,70
TCAATCAGGCTAAGTCTGAG_001,118
TCAATCAGGCTAAGTCTGAG_002,119
TCAATCAGGCTAAGTCTGAG_003,34
TCAATCAGGCTAAGTCTGAG_004,9
TCAATCAGGCTAAGTCTGAG_005,161
TCAATCAGGCTAAGTCTGAG_006,121
TCAATCAGGCTAAGTCTGAG_007,127
TCAATCAGGCTAAGTCTGAG_008,145
TCAATCAGGCTAAGTCTGAG_009,118
TCAATCAGGCTAAGTCTGAG_010,11
TCAGGGTCTCACGTATTGCA_001,90
CAGTCATCGTCACCCGCAGG_001,159
TCTGCTGGGACGACGACACG_001,25
TCTGCTGGGACGACGACACG_002,142
TCTGCTGGGACGACGACACG_003,39
TCTGCTGGGACGACGACACG_004,8
TCTGCTGGGACGACGACACG_005,198
TCTGCTGGGACGACGACACG_006,103
TCTGCTGGGACGACGACACG_007,145
TCTGCTGGGACGACGACACG_008,95
TCTGCTGGGACGACGACACG_009,92
TCTGCTGGGACGACGACACG_010,42
TCTGCTGGGACGACGACACG_011,147
TCTGCTGGGACGACGACACG_012,107
TCTGCTGGGACGACGACACG_013,12
TCTGCTGGGACGACGACACG_014,184
TCTGCTGGGACGACGACACG_015,76
TCTGCTGGGACGACGACACG_016,140
TCTGCTGGGACGACGACACG_017,188
TCTGCTGGGACGACGACACG_018,144
TCTGCTGGGACGACGACACG_019,16
TCTGCTGGGACGACGACACG_020,60
TCTGCTGGGACGACGACACG_021,65
TCTGCTGGGACGACGACACG_022,30
TCTGCTGGGACGACGACACG_023,104
TCTGCTGGGACGACGACACG_024,35
TCTGCTGGGACGACGACACG_025,167
TCTGCTGGGACGACGACACG_026,167
TCTGCTGGGACGACGACACG_027,91
TGGGAATGATCACCATAGCA_001,134
TGGGAATGATCACCATAGCA_002,199
TGGGAATGATCACCATAGCA_003,42
TGGGAATGATCACCATAGCA_004,57
TGGGAATGATCACCATAGCA_005,98
TGTAACCTACCCCCAACCAC_001,19
TGTAACCTACCCCCAACCAC_002,145
TGTAACCTACCCCCAACCAC_003,0
TGTAACCTACCCCCAACCAC_004,143
TGTAACCTACCCCCAACCAC_005,143
TGTAACCTACCCCCAACCAC_006,103
TGTAACCTACCCCCAACCAC_007,68
TGTAACCTACCCCCAACCAC_008,112
TGTAACCTACCCCCAACCAC_009,84
TGTAACCTACCCCCAACCAC_010,36
TGTAACCTACCCCCAACCAC_011,36
TGTAACCTACCCCCAACCAC_012,188
TGTAACCTACCCCCAACCAC_013,40
TGTAACCTACCCCCAACCAC_014,145
TGTAACCTACCCCCAACCAC_015,88
TGTAACCTACCCCCAACCAC_016,149
TGTAACCTACCCCCAACCAC_017,104
GCTCACGCCGTAAAAGCCGG_001,14
GCTCACGCCGTAAAAGCCGG_002,142
TAATGGTGTGGGTTCGACGT_001,134
TAATGGTGTGGGTTCGACGT_002,33
TAATGGTGTGGGTTCGACGT_003,112
TAATGGTGTGGGTTCGACGT_004,129
GCGCAAGGCTGTGTGTCTGA_001,69
GCGCAAGGCTGTGTGTCTGA_002,68
GCGCAAGGCTGTGTGTCTGA_003,130
CCAAGGCCTGAGGTCCACGT_001,161
CCAAGGCCTGAGGTCCACGT_002,79
CCAAGGCCTGAGGTCCACGT_003,140
CCAAGGCCTGAGGTCCACGT_004,83
CCAAGGCCTGAGGTCCACGT_005,135
CCAAGGCCTGAGGTCCACGT_006,171
CCAAGGCCTGAGGTCCACGT_007,173
CCAAGGCCTGAGGTCCACGT_008,173
CCAAGGCCTGAGGTCCACGT_009,113
TGGTTCGGGAAGATGCCCGG_001,122
TGGTTCGGGAAGATGCCCGG_002,109
TGGTTCGGGAAGATGCCCGG_003,106
TGGTTCGGGAAGATGCCCGG_004,121
TGGTTCGGGAAGATGCCCGG_005,137
TGGTTCGGGAAGATGCCCGG_006,84
TGGTTCGGGAAGATGCCCGG_007,115
TGGTTCGGGAAGATGCCCGG_008,82
TGGTTCGGGAAGATGCCCGG_009,193
TGGTTCGGGAAGATGCCCGG_010,53
TGGTTCGGGAAGATGCCCGG_011,33
TGGTTCGGGAAGATGCCCGG_012,33
TGGTTCGGGAAGATGCCCGG_013,160
TGGTTCGGGAAGATGCCCGG_014,40
TGGTTCGGGAAGATGCCCGG_015,100
TGGTTCGGGAAGATGCCCGG_016,125
TGGTTCGGGAAGATGCCCGG_017,199
TGGTTCGGGAAGATGCCCGG_018,169
TGGTTCGGGAAGATGCCCGG_019,134
TGGTTCGGGAAGATGCCCGG_020,150
TGGTTCGGGAAGATGCCCGG_021,41
TGGTTCGGGAAGATGCCCGG_022,5
TGGTTCGGGAAGATGCCCGG_023,149
TGGTTCGGGAAGATGCCCGG_024,107
TGGTTCGGGAAGATGCCCGG_025,145
TGGTTCGGGAAGATGCCCGG_026,168
TGGTTCGGGAAGATGCCCGG_027,88
TGGTTCGGGAAGATGCCCGG_028,9
TGGTTCGGGAAGATGCCCGG_029,63
TGGTTCGGGAAGATGCCCGG_030,88
TGGTTCGGGAAGATGCCCGG_031,15
TGGTTCGGGAAGATGCCCGG_032,27
TGGTTCGGGAAGATGCCCGG_033,150
TGGTTCGGGAAGATGCCCGG_034,186
TGGTTCGGGAAGATGCCCGG_035,34
TGGTTCGGGAAGATGCCCGG_036,150
TGGTTCGGGAAGATGCCCGG_037,138
TGGTTCGGGAAGATGCCCGG_038,118
TGGTTCGGGAAGATGCCCGG_039,69
TGGTTCGGGAAGATGCCCGG_040,73
GCGAACTGGACAGAACACTT_001,48
GCGAACTGGACAGAACACTT_002,90
GCGAACTGGACAGAACACTT_003,106
GCGAACTGGACAGAACACTT_004,174
GCGAACTGGACAGAACACTT_005,172
GCGAACTGGACAGAACACTT_006,42
GCGAACTGGACAGAACACTT_007,82
GCGAACTGGACAGAACACTT_008,157
GCGAACTGGACAGAACACTT_009,179
GCGAACTGGACAGAACACTT_010,105
GCGAACTGGACAGAACACTT_011,182
GCGAACTGGACAGAACACTT_012,62
GCGAACTGGACAGAACACTT_013,55
GCGAACTGGACAGAACACTT_014,117
GCGAACTGGACAGAACACTT_015,188
GCGAACTGGACAGAACACTT_016,185
GCGAACTGGACAGAACACTT_017,153
GCGAACTGGACAGAACACTT_018,184
GCGAACTGGACAGAACACTT_019,2
GCGAACTGGACAGAACACTT_020,58
GCGAACTGGACAGAACACTT_021,168
GCGAACTGGACAGAACACTT_022,41
GCGAACTGGACAGAACACTT_023,199
GCGAACTGGACAGAACACTT_024,192
GCGAACTGGACAGAACACTT_025,134
GCGAACTGGACAGAACACTT_026,187
GCGAACTGGACAGAACACTT_027,176
GCGAACTGGACAGAACACTT_028,120
GCGAACTGGACAGAACACTT_029,74
GCGAACTGGACAGAACACTT_030,28
GCGAACTGGACAGAACACTT_031,198
GCGAACTGGACAGAACACTT_032,76
GCGAACTGGACAGAACACTT_033,102
GCAGTATAGACACTCGTCAC_001,128
GCAGTATAGACACTCGTCAC_002,188
GCAGTATAGACACTCGTCAC_003,199
GCAGTATAGACACTCGTCAC_004,198
GCAGTATAGACACTCGTCAC_005,168
GCAGTATAGACACTCGTCAC_006,40
GCAGTATAGACACTCGTCAC_007,199
CATAGCATAATTGCCAGCAT_001,78
CATAGCATAATTGCCAGCAT_002,119
CATAGCATAATTGCCAGCAT_003,150
CATAGCATAATTGCCAGCAT_004,178
CATAGCATAATTGCCAGCAT_005,39
GACAAAGGGAATTCCACACC_001,3
GACAAAGGGAATTCCACACC_002,43
GACAAAGGGAATTCCACACC_003,141
GACAAAGGGAATTCCACACC_004,168
GACAAAGGGAATTCCACACC_005,113
GACAAAGGGAATTCCACACC_006,19
GGCGAGCAGGAGTATCACCG_001,55
GGCGAGCAGGAGTATCACCG_002,170
GGCGAGCAGGAGTATCACCG_003,40
GGCGAGCAGGAGTATCACCG_004,48
GGCGAGCAGGAGTATCACCG_005,35
GGCGAGCAGGAGTATCACCG_006,102
GAAATACTAGAGAAAGATGA_001,74
CAAACACACCAACTTTGTGG_001,121
CAAACACACCAACTTTGTGG_002,172
CAAACACACCAACTTTGTGG_003,124
CAAACACACCAACTTTGTGG_004,194
CCTTGGATACAAAATTCTTG_001,78
CCTTGGATACAAAATTCTTG_002,50
ATTAGTGTGATATCTGCTTG_001,5
CAGCGTCGGGAACCAGACCA_001,112
CAGCGTCGGGAACCAGACCA_002,70
CAGCGTCGGGAACCAGACCA_003,146
CAGCGTCGGGAACCAGACCA_004,68
CAGCGTCGGGAACCAGACCA_005,144
CAGCGTCGGGAACCAGACCA_006,181
CAGCGTCGGGAACCAGACCA_007,145
CAGCGTCGGGAACCAGACCA_008,50
CAGCGTCGGGAACCAGACCA_009,0
CAGCGTCGGGAACCAGACCA_010,170
CAGCGTCGGGAACCAGACCA_011,7
CAGCGTCGGGAACCAGACCA_012,49
CAGCGTCGGGAACCAGACCA_013,43
CAGCGTCGGGAACCAGACCA_014,157
CAGCGTCGGGAACCAGACCA_015,115
CAGCGTCGGGAACCAGACCA_016,50
CAGCGTCGGGAACCAGACCA_017,10
CAGCGTCGGGAACCAGACCA_018,121
CAGTTTGATGGCGAGTATCG_001,119
CACTGGGAAGACCTCAACGC_001,70
CACTGGGAAGACCTCAACGC_002,49
CACTGGGAAGACCTCAACGC_003,94
CACTGGGAAGACCTCAACGC_004,145
CACTGGGAAGACCTCAACGC_005,150
CACTGGGAAGACCTCAACGC_006,59
CACTGGGAAGACCTCAACGC_007,190
CACTGGGAAGACCTCAACGC_008,94
CACTGGGAAGACCTCAACGC_009,30
CACTGGGAAGACCTCAACGC_010,86
CACTGGGAAGACCTCAACGC_011,15
CACTGGGAAGACCTCAACGC_012,169
CACTGGGAAGACCTCAACGC_013,104
CACTGGGAAGACCTCAACGC_014,142
CACTGGGAAGACCTCAACGC_015,113
CACTGGGAAGACCTCAACGC_016,162
CACTGGGAAGACCTCAACGC_017,50
GCTGATTGAGTTCTTCGAGG_001,159
CAGATGCCATTACAGCACGC_001,9
CAGATGCCATTACAGCACGC_002,114
CAGATGCCATTACAGCACGC_003,58
CAGATGCCATTACAGCACGC_004,102
CAGATGCCATTACAGCACGC_005,70
CAGATGCCATTACAGCACGC_006,52
CAGATGCCATTACAGCACGC_007,180
CAGATGCCATTACAGCACGC_008,170
CAGATGCCATTACAGCACGC_009,104
CAGATGCCATTACAGCACGC_010,43
CAGATGCCATTACAGCACGC_011,28
CAGATGCCATTACAGCACGC_012,48
CAGATGCCATTACAGCACGC_013,85
TGAGCAGACAGTGTGCCATG_001,94
TGAGCAGACAGTGTGCCATG_002,68
TGAGCAGACAGTGTGCCATG_003,59
TGAGCAGACAGTGTGCCATG_004,58
TGAGCAGACAGTGTGCCATG_005,190
TGAGCAGACAGTGTGCCATG_006,140
TGAGCAGACAGTGTGCCATG_007,83
TGAGCAGACAGTGTGCCATG_008,116
TGAGCAGACAGTGTGCCATG_009,177
TGAGCAGACAGTGTGCCATG_010,106
TGAGCAGACAGTGTGCCATG_011,59
TGAGCAGACAGTGTGCCATG_012,102
TGAGCAGACAGTGTGCCATG_013,130
TGAGCAGACAGTGTGCCATG_014,70
TGAGCAGACAGTGTGCCATG_015,128
TGAGCAGACAGTGTGCCATG_016,94
TCATACGCGCCACGAAGTTG_001,56
TCATACGCGCCACGAAGTTG_002,48
CCCAGCACATGTTAATAAAG_001,112
CCCAGCACATGTTAATAAAG_002,194
GAGAACCATGAGCTCCGGCG_001,7
GAGAACCATGAGCTCCGGCG_002,172
GAGAACCATGAGCTCCGGCG_003,134
GAGAACCATGAGCTCCGGCG_004,5
GAGAACCATGAGCTCCGGCG_005,121
GAGAACCATGAGCTCCGGCG_006,1
GAGAACCATGAGCTCCGGCG_007,198
GAGAACCATGAGCTCCGGCG_008,78
GAGAACCATGAGCTCCGGCG_009,106
GGATACAATTGGCATCCAGC_001,102
GGATACAATTGGCATCCAGC_002,136
GGATACAATTGGCATCCAGC_003,164
GGATACAATTGGCATCCAGC_004,82
GGATACAATTGGCATCCAGC_005,102
GGATACAATTGGCATCCAGC_006,77
TCTGCGGGCGATGAGTGCCG_001,57
TCTGCGGGCGATGAGTGCCG_002,183
TCTGCGGGCGATGAGTGCCG_003,157
TCTGCGGGCGATGAGTGCCG_004,52
AGCGGAGACCAAGGTCCCTG_001,23
AGCGGAGACCAAGGTCCCTG_002,23
AGCGGAGACCAAGGTCCCTG_003,181
AGCGGAGACCAAGGTCCCTG_004,9
AGCGGAGACCAAGGTCCCTG_005,147
AGCGGAGACCAAGGTCCCTG_006,77
AGCGGAGACCAAGGTCCCTG_007,157
AGCGGAGACCAAGGTCCCTG_008,161
AGCGGAGACCAAGGTCCCTG_009,162
AGCGGAGACCAAGGTCCCTG_010,36
AGCGGAGACCAAGGTCCCTG_011,26
AGCGGAGACCAAGGTCCCTG_012,108
AAGATGAGCTATACTATGTG_001,173
AGTGGGTGCCCCTTACGAGG_001,48
AGTGGGTGCCCCTTACGAGG_002,57
AGTGGGTGCCCCTTACGAGG_003,160
AGTGGGTGCCCCTTACGAGG_004,160
AGTGGGTGCCCCTTACGAGG_005,14
AGTGGGTGCCCCTTACGAGG_006,33
AGTGGGTGCCCCTTACGAGG_007,138
AGTGGGTGCCCCTTACGAGG_008,6
AGTGGGTGCCCCTTACGAGG_009,50
AGTGGGTGCCCCTTACGAGG_010,62
AGTGGGTGCCCCTTACGAGG_011,169
TTACATTCCAGATCCAACGC_001,82
TTACATTCCAGATCCAACGC_002,63
TTACATTCCAGATCCAACGC_003,149
TTACATTCCAGATCCAACGC_004,178
TTACATTCCAGATCCAACGC_005,76
TTACATTCCAGATCCAACGC_006,16
TTACATTCCAGATCCAACGC_007,12
TTACATTCCAGATCCAACGC_008,150
GCACTTGACGTTGTACCGAG_001,40
GCACTTGACGTTGTACCGAG_002,172
GCACTTGACGTTGTACCGAG_003,103
GCACTTGACGTTGTACCGAG_004,94
GCACTTGACGTTGTACCGAG_005,38
GCACTTGACGTTGTACCGAG_006,85
GCACTTGACGTTGTACCGAG_007,156
GCACTTGACGTTGTACCGAG_008,79
AGAGCGTCTTCGTGACAAAC_001,105
AGAGCGTCTTCGTGACAAAC_002,191
AGAGCGTCTTCGTGACAAAC_003,149
AGAGCGTCTTCGTGACAAAC_004,194
AGAGCGTCTTCGTGACAAAC_005,12
AGAGCGTCTTCGTGACAAAC_006,115
AGAGCGTCTTCGTGACAAAC_007,74
AGAGCGTCTTCGTGACAAAC_008,83
AGAGCGTCTTCGTGACAAAC_009,75
AGAGCGTCTTCGTGACAAAC_010,2
AGAGCGTCTTCGTGACAAAC_011,78
AGAGCGTCTTCGTGACAAAC_012,169
AGAGCGTCTTCGTGACAAAC_013,188
AGAGCGTCTTCGTGACAAAC_014,184
AGAGCGTCTTCGTGACAAAC_015,96
AGAGCGTCTTCGTGACAAAC_016,104
AGAGCGTCTTCGTGACAAAC_017,29
AGAGCGTCTTCGTGACAAAC_018,60
AGAGCGTCTTCGTGACAAAC_019,185
AGAGCGTCTTCGTGACAAAC_020,1
GGGCGGCAAAGCTCGCGCCA_001,104
GGGCGGCAAAGCTCGCGCCA_002,82
GGGCGGCAAAGCTCGCGCCA_003,150
GGGCGGCAAAGCTCGCGCCA_004,76
GGGCGGCAAAGCTCGCGCCA_005,134
GGGCGGCAAAGCTCGCGCCA_006,19
GGGCGGCAAAGCTCGCGCCA_007,112
GGGCGGCAAAGCTCGCGCCA_008,129
GGGCGGCAAAGCTCGCGCCA_009,170
GGGCGGCAAAGCTCGCGCCA_010,141
GGGCGGCAAAGCTCGCGCCA_011,96
GGGCGGCAAAGCTCGCGCCA_012,20
GGGCGGCAAAGCTCGCGCCA_013,9
GGGCGGCAAAGCTCGCGCCA_014,178
GGGCGGCAAAGCTCGCGCCA_015,191
GGGCGGCAAAGCTCGCGCCA_016,146
GGGCGGCAAAGCTCGCGCCA_017,177
GGGCGGCAAAGCTCGCGCCA_018,86
GGGCGGCAAAGCTCGCGCCA_019,150
GGGCGGCAAAGCTCGCGCCA_020,29
GGGCGGCAAAGCTCGCGCCA_021,57
GGGCGGCAAAGCTCGCGCCA_022,177
GGGCGGCAAAGCTCGCGCCA_023,177
GGGCGGCAAAGCTCGCGCCA_024,30
GGGCGGCAAAGCTCGCGCCA_025,1
GGGCGGCAAAGCTCGCGCCA_026,55
GGGCGGCAAAGCTCGCGCCA_027,91
GGGCGGCAAAGCTCGCGCCA_028,182
GGGCGGCAAAGCTCGCGCCA_029,69
GGGCGGCAAAGCTCGCGCCA_030,78
GGGCGGCAAAGCTCGCGCCA_031,83
GGGCGGCAAAGCTCGCGCCA_032,43
ATACAGTATGCATTGGACCA_001,8
ATACAGTATGCATTGGACCA_002,138
ATACAGTATGCATTGGACCA_003,1
ATACAGTATGCATTGGACCA_004,62
ATACAGTATGCATTGGACCA_005,169
ATACAGTATGCATTGGACCA_006,25
ATACAGTATGCATTGGACCA_007,188
ATACAGTATGCATTGGACCA_008,41
AAGCCGGTGACAGGCAACGG_001,49
AAGCCGGTGACAGGCAACGG_002,145
AAGCCGGTGACAGGCAACGG_003,146
AAGCCGGTGACAGGCAACGG_004,84
AAGCCGGTGACAGGCAACGG_005,35
AAGCCGGTGACAGGCAACGG_006,65
AAGCCGGTGACAGGCAACGG_007,168
AAGCCGGTGACAGGCAACGG_008,83
AAGCCGGTGACAGGCAACGG_009,105
AAGCCGGTGACAGGCAACGG_010,8
AAGCCGGTGACAGGCAACGG_011,198
AAGCCGGTGACAGGCAACGG_012,71
AAGCCGGTGACAGGCAACGG_013,191
AAGCCGGTGACAGGCAACGG_014,16
AAGCCGGTGACAGGCAACGG_015,147
AAGCCGGTGACAGGCAACGG_016,60
AAGCCGGTGACAGGCAACGG_017,105
AAGCCGGTGACAGGCAACGG_018,177
AAGCCGGTGACAGGCAACGG_019,145
AAGCCGGTGACAGGCAACGG_020,2
AAGCCGGTGACAGGCAACGG_021,199
AAGCCGGTGACAGGCAACGG_022,191
AAGCCGGTGACAGGCAACGG_023,62
AAGCCGGTGACAGGCAACGG_024,10
AAGCCGGTGACAGGCAACGG_025,124
TGTGTCACACTCGAAAGCCA_001,167
TGTGTCACACTCGAAAGCCA_002,72
TGTGTCACACTCGAAAGCCA_003,144
TGTGTCACACTCGAAAGCCA_004,193
ACAGCAAGCCAGTGAACCTG_001,142
ACAGCAAGCCAGTGAACCTG_002,184
ACAGCAAGCCAGTGAACCTG_003,1
ACAGCAAGCCAGTGAACCTG_004,199
ACAGCAAGCCAGTGAACCTG_005,101
ACAGCAAGCCAGTGAACCTG_006,103
ACAGCAAGCCAGTGAACCTG_007,103
ACAGCAAGCCAGTGAACCTG_008,194
ACAGCAAGCCAGTGAACCTG_009,172
ACAGCAAGCCAGTGAACCTG_010,9
ACAGCAAGCCAGTGAACCTG_011,199
ACAGCAAGCCAGTGAACCTG_012,102
ACAGCAAGCCAGTGAACCTG_013,147
ACAGCAAGCCAGTGAACCTG_014,62
ACAGCAAGCCAGTGAACCTG_015,89
ACAGCAAGCCAGTGAACCTG_016,188
ACAGCAAGCCAGTGAACCTG_017,193
ACAGCAAGCCAGTGAACCTG_018,137
ACAGCAAGCCAGTGAACCTG_019,67
ACAGCAAGCCAGTGAACCTG_020,58
ACAGCAAGCCAGTGAACCTG_021,105
ACAGCAAGCCAGTGAACCTG_022,41
ACAGCAAGCCAGTGAACCTG_023,177
ACAGCAAGCCAGTGAACCTG_024,191
ACAGCAAGCCAGTGAACCTG_025,112
ACAGCAAGCCAGTGAACCTG_026,49
ACAGCAAGCCAGTGAACCTG_027,41
ACAGCAAGCCAGTGAACCTG_028,151
ACAGCAAGCCAGTGAACCTG_029,169
ACAGCAAGCCAGTGAACCTG_030,19
ACAGCAAGCCAGTGAACCTG_031,19
ACAGCAAGCCAGTGAACCTG_032,37
ACAGCAAGCCAGTGAACCTG_033,80
ACAGCAAGCCAGTGAACCTG_034,188
ACAGCAAGCCAGTGAACCTG_035,23
ACAGCAAGCCAGTGAACCTG_036,130
ACAGCAAGCCAGTGAACCTG_037,58
ACAGCAAGCCAGTGAACCTG_038,145
ACAGCAAGCCAGTGAACCTG_039,198
ACAGCAAGCCAGTGAACCTG_040,94
ACAGCAAGCCAGTGAACCTG_041,198
ACAGCAAGCCAGTGAACCTG_042,142
ACAGCAAGCCAGTGAACCTG_043,106
ACAGCAAGCCAGTGAACCTG_044,89
ACAGCAAGCCAGTGAACCTG_045,28
ACAGCAAGCCAGTGAACCTG_046,142
ACAGCAAGCCAGTGAACCTG_047,62
ACAGCAAGCCAGTGAACCTG_048,55
ACAGCAAGCCAGTGAACCTG_049,63
ACAGCAAGCCAGTGAACCTG_050,35
ACAGCAAGCCAGTGAACCTG_051,174
ACAGCAAGCCAGTGAACCTG_052,163
ACAGCAAGCCAGTGAACCTG_053,123
ACAGCAAGCCAGTGAACCTG_054,9
ACAGCAAGCCAGTGAACCTG_055,197
ACAGCAAGCCAGTGAACCTG_056,57
ATTAGAAGAGAGACTTGTCC_001,38
ATTAGAAGAGAGACTTGTCC_002,148
ATTAGAAGAGAGACTTGTCC_003,39
ATTAGAAGAGAGACTTGTCC_004,84
GGATTGTATAGCCTCCCGCA_001,67
GGATTGTATAGCCTCCCGCA_002,184
GGATTGTATAGCCTCCCGCA_003,108
GGATTGTATAGCCTCCCGCA_004,130
GGATTGTATAGCCTCCCGCA_005,109
TATCCACAGAAGTAGACGCA_001,106
TATCCACAGAAGTAGACGCA_002,54
TATCCACAGAAGTAGACGCA_003,9
TATCCACAGAAGTAGACGCA_004,99
TATCCACAGAAGTAGACGCA_005,67
TATCCACAGAAGTAGACGCA_006,65
TATCCACAGAAGTAGACGCA_007,43
TATCCACAGAAGTAGACGCA_008,49
TATCCACAGAAGTAGACGCA_009,145
TATCCACAGAAGTAGACGCA_010,48
TATCCACAGAAGTAGACGCA_011,17
TATCCACAGAAGTAGACGCA_012,96
TATCCACAGAAGTAGACGCA_013,184
TATCCACAGAAGTAGACGCA_014,49
TATCCACAGAAGTAGACGCA_015,177
TATCCACAGAAGTAGACGCA_016,26
TATCCACAGAAGTAGACGCA_017,144
TATCCACAGAAGTAGACGCA_018,94
TATCCACAGAAGTAGACGCA_019,141
GAAGCCATCCTACGGGAGTG_001,36
GAAGCCATCCTACGGGAGTG_002,132
GAAGCCATCCTACGGGAGTG_003,197
GAAGCCATCCTACGGGAGTG_004,176
GAAGCCATCCTACGGGAGTG_005,172
GAAGCCATCCTACGGGAGTG_006,121
GAAGCCATCCTACGGGAGTG_007,38
GAAGCCATCCTACGGGAGTG_008,72
GAAGCCATCCTACGGGAGTG_009,52
GAAGCCATCCTACGGGAGTG_010,150
GAAGCCATCCTACGGGAGTG_011,145
GAAGCCATCCTACGGGAGTG_012,70
GAAGCCATCCTACGGGAGTG_013,79
GAAGCCATCCTACGGGAGTG_014,61
GAAGCCATCCTACGGGAGTG_015,157
GAAGCCATCCTACGGGAGTG_016,49
GAAGCCATCCTACGGGAGTG_017,63
TGCCCGCTCCCGTTTCGGCG_001,103
TGCCCGCTCCCGTTTCGGCG_002,105
TGCCCGCTCCCGTTTCGGCG_003,105
TGCCCGCTCCCGTTTCGGCG_004,90
CGGCCAAGCATCAATCAGGT_001,147
CGGCCAAGCATCAATCAGGT_002,198
CGGCCAAGCATCAATCAGGT_003,2
CGGCCAAGCATCAATCAGGT_004,127
CGGCCAAGCATCAATCAGGT_005,33
CGGCCAAGCATCAATCAGGT_006,157
CGGCCAAGCATCAATCAGGT_007,115
CGGCCAAGCATCAATCAGGT_008,127
CGGCCAAGCATCAATCAGGT_009,144
CGGCCAAGCATCAATCAGGT_010,40
CGGCCAAGCATCAATCAGGT_011,149
CGGCCAAGCATCAATCAGGT_012,17
CGGCCAAGCATCAATCAGGT_013,68
CGGCCAAGCATCAATCAGGT_014,162
CGGCCAAGCATCAATCAGGT_015,29
CGGCCAAGCATCAATCAGGT_016,168
CGGCCAAGCATCAATCAGGT_017,118
CGGCCAAGCATCAATCAGGT_018,138
CGGCCAAGCATCAATCAGGT_019,138
CCTCCTCCCACAGAGCAAGC_001,107
CCTCCTCCCACAGAGCAAGC_002,130
CCTCCTCCCACAGAGCAAGC_003,56
CCTCCTCCCACAGAGCAAGC_004,177
CCTCCTCCCACAGAGCAAGC_005,184
CCTCCTCCCACAGAGCAAGC_006,0
CCTCCTCCCACAGAGCAAGC_007,13
CCTCCTCCCACAGAGCAAGC_008,39
CAACATGGAGCAGTTACTAC_001,27
CAACATGGAGCAGTTACTAC_002,32
CAACATGGAGCAGTTACTAC_003,156
CAACATGGAGCAGTTACTAC_004,48
CAACATGGAGCAGTTACTAC_005,185
CAACATGGAGCAGTTACTAC_006,195
CAACATGGAGCAGTTACTAC_007,127
CAACATGGAGCAGTTACTAC_008,127
CAACATGGAGCAGTTACTAC_009,35
TCCAGCGTTTGGCAAAACGA_001,174
TCCAGCGTTTGGCAAAACGA_002,93
GAAATAGATACCTTTCCCCG_001,38
AAGAGATCATTTAAGCCACG_001,118
AAGAGATCATTTAAGCCACG_002,184
AAGAGATCATTTAAGCCACG_003,169
AAGAGATCATTTAAGCCACG_004,178
AAGAGATCATTTAAGCCACG_005,6
CAAGCCCTTTATGGACTATG_001,85
CAAGCCCTTTATGGACTATG_002,106
CAAGCCCTTTATGGACTATG_003,192
CAAGCCCTTTATGGACTATG_004,98
CAAGCCCTTTATGGACTATG_005,28
CAAGCCCTTTATGGACTATG_006,80
CAAGCCCTTTATGGACTATG_007,144
CAAGCCCTTTATGGACTATG_008,124
CAAGCCCTTTATGGACTATG_009,58
CAAGCCCTTTATGGACTATG_010,39
CAAGCCCTTTATGGACTATG_011,39
CAAGCCCTTTATGGACTATG_012,19
CAAGCCCTTTATGGACTATG_013,15
CAAGCCCTTTATGGACTATG_014,118
GGGGAGAGGCTGTACGCGTG_001,59
GGGGAGAGGCTGTACGCGTG_002,61
GGGGAGAGGCTGTACGCGTG_003,172
GGGGAGAGGCTGTACGCGTG_004,106
GGGGAGAGGCTGTACGCGTG_005,135
GGGGAGAGGCTGTACGCGTG_006,170
GGGGAGAGGCTGTACGCGTG_007,156
GGGGAGAGGCTGTACGCGTG_008,141
GGGGAGAGGCTGTACGCGTG_009,78
GGGGAGAGGCTGTACGCGTG_010,8
GGGGAGAGGCTGTACGCGTG_011,38
GGGGAGAGGCTGTACGCGTG_012,22
GGGGAGAGGCTGTACGCGTG_013,38
GGGGAGAGGCTGTACGCGTG_014,50
GGGGAGAGGCTGTACGCGTG_015,55
GGGGAGAGGCTGTACGCGTG_016,69
GGGGAGAGGCTGTACGCGTG_017,67
GGGGAGAGGCTGTACGCGTG_018,84
GGGGAGAGGCTGTACGCGTG_019,9
GGGGAGAGGCTGTACGCGTG_020,157
GGGGAGAGGCTGTACGCGTG_021,81
GGGGAGAGGCTGTACGCGTG_022,158
GGGGAGAGGCTGTACGCGTG_023,113
GGGGAGAGGCTGTACGCGTG_024,63
GGGGAGAGGCTGTACGCGTG_025,10
GGGGAGAGGCTGTACGCGTG_026,71
GGGGAGAGGCTGTACGCGTG_027,66
GGGGAGAGGCTGTACGCGTG_028,147
GGGGAGAGGCTGTACGCGTG_029,188
GGGGAGAGGCTGTACGCGTG_030,48
GGGGAGAGGCTGTACGCGTG_031,103
ACATCATACGCTACACACGA_001,41
ACATCATACGCTACACACGA_002,163
ACATCATACGCTACACACGA_003,174
CTGAGCACGCAGTCAGCCGG_001,160
CTGAGCACGCAGTCAGCCGG_002,145
CTGAGCACGCAGTCAGCCGG_003,150
CTGAGCACGCAGTCAGCCGG_004,34
CTGAGCACGCAGTCAGCCGG_005,142
CTGAGCACGCAGTCAGCCGG_006,130
CTGAGCACGCAGTCAGCCGG_007,50
CTGAGCACGCAGTCAGCCGG_008,3
CTGAGCACGCAGTCAGCCGG_009,67
CTGAGCACGCAGTCAGCCGG_010,176
CTGAGCACGCAGTCAGCCGG_011,41
CTGAGCACGCAGTCAGCCGG_012,166
CTGAGCACGCAGTCAGCCGG_013,65
CTGAGCACGCAGTCAGCCGG_014,67
CTGAGCACGCAGTCAGCCGG_015,88
CTGAGCACGCAGTCAGCCGG_016,146
CTGAGCACGCAGTCAGCCGG_017,147
CTGAGCACGCAGTCAGCCGG_018,57
CTGAGCACGCAGTCAGCCGG_019,192
CTGAGCACGCAGTCAGCCGG_020,110
CTGAGCACGCAGTCAGCCGG_021,26
CTGAGCACGCAGTCAGCCGG_022,70
CTGAGCACGCAGTCAGCCGG_023,145
CTGAGCACGCAGTCAGCCGG_024,16
CTGAGCACGCAGTCAGCCGG_025,106
CTGAGCACGCAGTCAGCCGG_026,78
CTGAGCACGCAGTCAGCCGG_027,40
CTGAGCACGCAGTCAGCCGG_028,135
CTGAGCACGCAGTCAGCCGG_029,164
CTGAGCACGCAGTCAGCCGG_030,164
CTGAGCACGCAGTCAGCCGG_031,154
CTGAGCACGCAGTCAGCCGG_032,12
CTGAGCACGCAGTCAGCCGG_033,29
GGTGGATGACCCGATGTGAG_001,81
GGTGGATGACCCGATGTGAG_002,176
GGTGGATGACCCGATGTGAG_003,162
GGTGGATGACCCGATGTGAG_004,4
GGTGGATGACCCGATGTGAG_005,19
GGTGGATGACCCGATGTGAG_006,81
AATCGGTGCGACACACGACG_001,157
AATCGGTGCGACACACGACG_002,138
AATCGGTGCGACACACGACG_003,159
AATCGGTGCGACACACGACG_004,144
AATCGGTGCGACACACGACG_005,76
AATCGGTGCGACACACGACG_006,2
AATCGGTGCGACACACGACG_007,183
AATCGGTGCGACACACGACG_008,19
AATCGGTGCGACACACGACG_009,8
AATCGGTGCGACACACGACG_010,22
AATCGGTGCGACACACGACG_011,35
AATCGGTGCGACACACGACG_012,142
AATCGGTGCGACACACGACG_013,17
AATCGGTGCGACACACGACG_014,112
AATCGGTGCGACACACGACG_015,10
AATCGGTGCGACACACGACG_016,185
AATCGGTGCGACACACGACG_017,87
AATCGGTGCGACACACGACG_018,178
AATCGGTGCGACACACGACG_019,172
AGATGTAATTCCGTAAGGGA_001,113
AGGGAGATCATGAGCCTTCA_001,0
AGGGAGATCATGAGCCTTCA_002,199
AGGGAGATCATGAGCCTTCA_003,199
AGGGAGATCATGAGCCTTCA_004,82
CCCTTCACATATGGAGACAG_001,65
GATTTGAAGGACAAACCCCT_001,141
GATTTGAAGGACAAACCCCT_002,70
GATTTGAAGGACAAACCCCT_003,59
GATTTGAAGGACAAACCCCT_004,149
GATTTGAAGGACAAACCCCT_005,53
GATTTGAAGGACAAACCCCT_006,28
GATTTGAAGGACAAACCCCT_007,34
GATTTGAAGGACAAACCCCT_008,149
GATTTGAAGGACAAACCCCT_009,88
GATTTGAAGGACAAACCCCT_010,19
GATTTGAAGGACAAACCCCT_011,63
TTCCGGCTTCCAATGAGACA_001,115
TTCCGGCTTCCAATGAGACA_002,26
TTCCGGCTTCCAATGAGACA_003,148
TTCCGGCTTCCAATGAGACA_004,4
TTCCGGCTTCCAATGAGACA_005,10
TTCCGGCTTCCAATGAGACA_006,48
TTCCGGCTTCCAATGAGACA_007,156
TTCCGGCTTCCAATGAGACA_008,70
TTCCGGCTTCCAATGAGACA_009,128
TTCCGGCTTCCAATGAGACA_010,125
TTCCGGCTTCCAATGAGACA_011,155
TTCCGGCTTCCAATGAGACA_012,45
TTCCGGCTTCCAATGAGACA_013,85
TTCCGGCTTCCAATGAGACA_014,59
TTCCGGCTTCCAATGAGACA_015,98
TTCCGGCTTCCAATGAGACA_016,127
TTCCGGCTTCCAATGAGACA_017,58
TTCCGGCTTCCAATGAGACA_018,49
TTCCGGCTTCCAATGAGACA_019,48
TTCCGGCTTCCAATGAGACA_020,39
TTCCGGCTTCCAATGAGACA_021,39
CTCCACTAGGAGCTGCCAGT_001,60
CTCCACTAGGAGCTGCCAGT_002,70
CTCCACTAGGAGCTGCCAGT_003,140
CTCCACTAGGAGCTGCCAGT_004,41
CTCCACTAGGAGCTGCCAGT_005,97
CTCCACTAGGAGCTGCCAGT_006,107
CTCCACTAGGAGCTGCCAGT_007,198
CTCCACTAGGAGCTGCCAGT_008,66
CTCCACTAGGAGCTGCCAGT_009,105
CTCCACTAGGAGCTGCCAGT_010,49
CTCCACTAGGAGCTGCCAGT_011,56
CTCCACTAGGAGCTGCCAGT_012,188
CTCCACTAGGAGCTGCCAGT_013,152
CTCCACTAGGAGCTGCCAGT_014,26
CTCCACTAGGAGCTGCCAGT_015,58
CTCCACTAGGAGCTGCCAGT_016,88
CTCCACTAGGAGCTGCCAGT_017,39
CTCCACTAGGAGCTGCCAGT_018,138
CTCCACTAGGAGCTGCCAGT_019,2
CTCCACTAGGAGCTGCCAGT_020,29
CTCCACTAGGAGCTGCCAGT_021,199
CTCCACTAGGAGCTGCCAGT_022,94
CTCCACTAGGAGCTGCCAGT_023,96
CTCCACTAGGAGCTGCCAGT_024,34
CTCCACTAGGAGCTGCCAGT_025,82
CTCCACTAGGAGCTGCCAGT_026,170
CTCCACTAGGAGCTGCCAGT_027,81
CTCCACTAGGAGCTGCCAGT_028,180
CTCCACTAGGAGCTGCCAGT_029,180
CTCCACTAGGAGCTGCCAGT_030,4
CTCCACTAGGAGCTGCCAGT_031,116
CTCCACTAGGAGCTGCCAGT_032,57
CTCCACTAGGAGCTGCCAGT_033,123
CTCCACTAGGAGCTGCCAGT_034,1
CTCCACTAGGAGCTGCCAGT_035,160
TAGGAACCACTATTTCAGGA_001,45
TAGGAACCACTATTTCAGGA_002,130
ACTTTGGGACTATACCACAC_001,5
ACTTTGGGACTATACCACAC_002,23
ACTTTGGGACTATACCACAC_003,41
CTTCGGAATTCAGTGTCTGG_001,125
CTTCGGAATTCAGTGTCTGG_002,40
CTTCGGAATTCAGTGTCTGG_003,46
CCATCATGTGCAATCCAGAG_001,77
CCATCATGTGCAATCCAGAG_002,5
CCATCATGTGCAATCCAGAG_003,26
CCATCATGTGCAATCCAGAG_004,143
CCATCATGTGCAATCCAGAG_005,143
CCATCATGTGCAATCCAGAG_006,145
GAAGCACATCCCCATAGTCA_001,18
GAAGCACATCCCCATAGTCA_002,17
GAAGCACATCCCCATAGTCA_003,52
GAGGATTACTTCATGCGCAA_001,9
GAGGATTACTTCATGCGCAA_002,62
GAGGATTACTTCATGCGCAA_003,149
GAGGATTACTTCATGCGCAA_004,134
ACACGGATTTGCCACCAAAG_001,177
ACACGGATTTGCCACCAAAG_002,41
ACACGGATTTGCCACCAAAG_003,150
ACACGGATTTGCCACCAAAG_004,94
ACACGGATTTGCCACCAAAG_005,2
ACACGGATTTGCCACCAAAG_006,162
ACACGGATTTGCCACCAAAG_007,113
ACACGGATTTGCCACCAAAG_008,16
ACACGGATTTGCCACCAAAG_009,108
ACACGGATTTGCCACCAAAG_010,141
ACACGGATTTGCCACCAAAG_011,63
ACACGGATTTGCCACCAAAG_012,105
ACACGGATTTGCCACCAAAG_013,28
ACACGGATTTGCCACCAAAG_014,155
ACACGGATTTGCCACCAAAG_015,121
ACACGGATTTGCCACCAAAG_016,104
ACACGGATTTGCCACCAAAG_017,126
ACACGGATTTGCCACCAAAG_018,121
ACACGGATTTGCCACCAAAG_019,131
ACACGGATTTGCCACCAAAG_020,45
ACACGGATTTGCCACCAAAG_021,35
CAGCACTGGTTGCTTCTGGT_001,156
CAGCACTGGTTGCTTCTGGT_002,111
CAGCACTGGTTGCTTCTGGT_003,97
CAGCACTGGTTGCTTCTGGT_004,105
CAGCACTGGTTGCTTCTGGT_005,186
CAGCACTGGTTGCTTCTGGT_006,49
CAGCACTGGTTGCTTCTGGT_007,76
CAGCACTGGTTGCTTCTGGT_008,53
CAGCACTGGTTGCTTCTGGT_009,130
CAGCACTGGTTGCTTCTGGT_010,48
CAGCACTGGTTGCTTCTGGT_011,149
GAACAGCAAGCGCTACAAAG_001,149
GAACAGCAAGCGCTACAAAG_002,11
GAACAGCAAGCGCTACAAAG_003,82
GAACAGCAAGCGCTACAAAG_004,57
GAACAGCAAGCGCTACAAAG_005,124
ATTGAGCGGAAGATTCAACT_001,169
ATTGAGCGGAAGATTCAACT_002,4
ATTGAGCGGAAGATTCAACT_003,57
ATTGAGCGGAAGATTCAACT_004,150
ATTGAGCGGAAGATTCAACT_005,24
AGGAGGCCAAGCCCGCATTG_001,127
AGGAGGCCAAGCCCGCATTG_002,127
AGGAGGCCAAGCCCGCATTG_003,133
AGGAGGCCAAGCCCGCATTG_004,160
AGGAGGCCAAGCCCGCATTG_005,26
AGGAGGCCAAGCCCGCATTG_006,39
AGGAGGCCAAGCCCGCATTG_007,178
AGGAGGCCAAGCCCGCATTG_008,45
AGGAGGCCAAGCCCGCATTG_009,29
AGGAGGCCAAGCCCGCATTG_010,137
AGGAGGCCAAGCCCGCATTG_011,174
AGGAGGCCAAGCCCGCATTG_012,52
AGGAGGCCAAGCCCGCATTG_013,35
AGGAGGCCAAGCCCGCATTG_014,127
AGGAGGCCAAGCCCGCATTG_015,192
AGGAGGCCAAGCCCGCATTG_016,82
AGGAGGCCAAGCCCGCATTG_017,9
AGGAGGCCAAGCCCGCATTG_018,94
AGGAGGCCAAGCCCGCATTG_019,168
AGGAGGCCAAGCCCGCATTG_020,55
AGGAGGCCAAGCCCGCATTG_021,45
GACACCAAAGAGTGTCAACA_001,55
GACACCAAAGAGTGTCAACA_002,140
GACACCAAAGAGTGTCAACA_003,19
GACACCAAAGAGTGTCAACA_004,162
GACACCAAAGAGTGTCAACA_005,77
GACACCAAAGAGTGTCAACA_006,20
GACACCAAAGAGTGTCAACA_007,185
GACACCAAAGAGTGTCAACA_008,192
GACACCAAAGAGTGTCAACA_009,35
GACACCAAAGAGTGTCAACA_010,1
GACACCAAAGAGTGTCAACA_011,50
GACACCAAAGAGTGTCAACA_012,141
GACACCAAAGAGTGTCAACA_013,83
GACACCAAAGAGTGTCAACA_014,175
GACACCAAAGAGTGTCAACA_015,126
GACACCAAAGAGTGTCAACA_016,49
GACACCAAAGAGTGTCAACA_017,84
GACACCAAAGAGTGTCAACA_018,76
GACACCAAAGAGTGTCAACA_019,19
GACTGTGACACATGTTATCG_001,84
GACTGTGACACATGTTATCG_002,94
GACTGTGACACATGTTATCG_003,106
GACTGTGACACATGTTATCG_004,49
GACTGTGACACATGTTATCG_005,10
GACTGTGACACATGTTATCG_006,121
GACTGTGACACATGTTATCG_007,145
GACTGTGACACATGTTATCG_008,124
GACTGTGACACATGTTATCG_009,187
GCAAAGAAACAGGCTGCGGG_001,19
GCAAAGAAACAGGCTGCGGG_002,184
GCAAAGAAACAGGCTGCGGG_003,115
GCAAAGAAACAGGCTGCGGG_004,65
CTTCCAGTTGGGATACCGCT_001,53
CTTCCAGTTGGGATACCGCT_002,116
CTTCCAGTTGGGATACCGCT_003,8
CTTCCAGTTGGGATACCGCT_004,92
GAAGGGTGACAGAAACGAGG_001,28
GAAGGGTGACAGAAACGAGG_002,73
GAAGGGTGACAGAAACGAGG_003,94
GAAGGGTGACAGAAACGAGG_004,39
GAAGGGTGACAGAAACGAGG_005,35
TCCCCGTACAGTCACCTGGG_001,182
TGTTGCAAGTAACTGTTCGG_001,6
TGTTGCAAGTAACTGTTCGG_002,29
TGTTGCAAGTAACTGTTCGG_003,198
TGTTGCAAGTAACTGTTCGG_004,168
TGTTGCAAGTAACTGTTCGG_005,198
TGTTGCAAGTAACTGTTCGG_006,96
TGTTGCAAGTAACTGTTCGG_007,185
TGTTGCAAGTAACTGTTCGG_008,116
TGTTGCAAGTAACTGTTCGG_009,173
TGTTGCAAGTAACTGTTCGG_010,198
CGATGACAACACCTACAGCC_001,105
CGATGACAACACCTACAGCC_002,47
CGATGACAACACCTACAGCC_003,108
CGATGACAACACCTACAGCC_004,135
CGATGACAACACCTACAGCC_005,131
CTGATGAAGCGAATTCAGAG_001,112
CTGATGAAGCGAATTCAGAG_002,152
CCCCCTACCAAAGCTCTCAA_001,154
CCCCCTACCAAAGCTCTCAA_002,91
CCCCCTACCAAAGCTCTCAA_003,127
CCCCCTACCAAAGCTCTCAA_004,194
CCCCCTACCAAAGCTCTCAA_005,141
CCCCCTACCAAAGCTCTCAA_006,1
CCCCCTACCAAAGCTCTCAA_007,13
CCCCCTACCAAAGCTCTCAA_008,89
CCCCCTACCAAAGCTCTCAA_009,168
CCCCCTACCAAAGCTCTCAA_010,69
CCCCCTACCAAAGCTCTCAA_011,42
CCCCCTACCAAAGCTCTCAA_012,146
CCCCCTACCAAAGCTCTCAA_013,46
CCCCCTACCAAAGCTCTCAA_014,64
CCCCCTACCAAAGCTCTCAA_015,14
CCCCCTACCAAAGCTCTCAA_016,143
CCCCCTACCAAAGCTCTCAA_017,143
CCCCCTACCAAAGCTCTCAA_018,10
CGTGCCGCATGAGCACGATG_001,109
CGTGCCGCATGAGCACGATG_002,69
CGTGCCGCATGAGCACGATG_003,142
CGTGCCGCATGAGCACGATG_004,65
CGTGCCGCATGAGCACGATG_005,187
CGTGCCGCATGAGCACGATG_006,158
CGTGCCGCATGAGCACGATG_007,120
CGTGCCGCATGAGCACGATG_008,158
CGTGCCGCATGAGCACGATG_009,197
CGTGCCGCATGAGCACGATG_010,81
CGTGCCGCATGAGCACGATG_011,117
CGTGCCGCATGAGCACGATG_012,147
CGTGCCGCATGAGCACGATG_013,130
CGTGCCGCATGAGCACGATG_014,150
CGTGCCGCATGAGCACGATG_015,28
CGTGCCGCATGAGCACGATG_016,166
CGTGCCGCATGAGCACGATG_017,69
CGTGCCGCATGAGCACGATG_018,145
CGTGCCGCATGAGCACGATG_019,12
CGTGCCGCATGAGCACGATG_020,62
CGTGCCGCATGAGCACGATG_021,138
CGTGCCGCATGAGCACGATG_022,118
CGTGCCGCATGAGCACGATG_023,10
CGTGCCGCATGAGCACGATG_024,20
ATTCCAATACTACAACAAGT_001,12
ATTCCAATACTACAACAAGT_002,131
AGATAGAGTCTTAAGAACAT_001,153
AAGAAAAGTCACATTTGGAA_001,126
AGGAGATGGTGGCTAACTGG_001,19
AGGAGATGGTGGCTAACTGG_002,118
AGGAGATGGTGGCTAACTGG_003,78
AGGAGATGGTGGCTAACTGG_004,1
AGGAGATGGTGGCTAACTGG_005,29
AGGAGATGGTGGCTAACTGG_006,148
AGGAGATGGTGGCTAACTGG_007,64
AGGAGATGGTGGCTAACTGG_008,127
ATAAAGGAGAAAGCCCTGTA_001,8
ATAAAGGAGAAAGCCCTGTA_002,65
ATAAAGGAGAAAGCCCTGTA_003,191
ATAAAGGAGAAAGCCCTGTA_004,120
ATAAAGGAGAAAGCCCTGTA_005,19
ATAAAGGAGAAAGCCCTGTA_006,73
ATAAAGGAGAAAGCCCTGTA_007,20
ATAAAGGAGAAAGCCCTGTA_008,187
TACACCGGAGACAGATGGGT_001,150
TACACCGGAGACAGATGGGT_002,105
TACACCGGAGACAGATGGGT_003,29
TACACCGGAGACAGATGGGT_004,141
TACACCGGAGACAGATGGGT_005,177
CAGCACCAGAGGATTCACAG_001,134
CAGCACCAGAGGATTCACAG_002,129
CAGCACCAGAGGATTCACAG_003,99
CAGCACCAGAGGATTCACAG_004,34
CAGCACCAGAGGATTCACAG_005,89
CAGCACCAGAGGATTCACAG_006,77
CAGCACCAGAGGATTCACAG_007,67
CAGCACCAGAGGATTCACAG_008,158
CAGCACCAGAGGATTCACAG_009,65
CAGCACCAGAGGATTCACAG_010,81
CAGCACCAGAGGATTCACAG_011,177
CAGCACCAGAGGATTCACAG_012,164
CAGCACCAGAGGATTCACAG_013,199
GGCGGCATCTAGTAGAAAAG_001,34
TATGAGCAGCTGTCCTCTGA_001,177
CCCCGCCTCTTACAGTCACG_001,27
CCCCGCCTCTTACAGTCACG_002,48
CCCCGCCTCTTACAGTCACG_003,102
CCCCGCCTCTTACAGTCACG_004,9
CCCCGCCTCTTACAGTCACG_005,78
CCCCGCCTCTTACAGTCACG_006,70
CCCCGCCTCTTACAGTCACG_007,192
CCCCGCCTCTTACAGTCACG_008,150
CCCCGCCTCTTACAGTCACG_009,181
CCCCGCCTCTTACAGTCACG_010,125
CGCATTCTTATGCAACTCTG_001,164
CGCATTCTTATGCAACTCTG_002,30
CGCATTCTTATGCAACTCTG_003,16
CGCATTCTTATGCAACTCTG_004,107
ATGAAGGTAGGCGGACAACG_001,86
ATGAAGGTAGGCGGACAACG_002,45
ATGAAGGTAGGCGGACAACG_003,0
ATGAAGGTAGGCGGACAACG_004,34
ATGAAGGTAGGCGGACAACG_005,121
ATGAAGGTAGGCGGACAACG_006,182
ATGAAGGTAGGCGGACAACG_007,190
ATGAAGGTAGGCGGACAACG_008,56
ATGAAGGTAGGCGGACAACG_009,161
ATGAAGGTAGGCGGACAACG_010,68
ATGAAGGTAGGCGGACAACG_011,10
CTGGGAACCGCTTATCACTG_001,122
CTGGGAACCGCTTATCACTG_002,41
CTGGGAACCGCTTATCACTG_003,162
GGCGGAGATCAGGCGCACGA_001,104
GGCGGAGATCAGGCGCACGA_002,116
GGCGGAGATCAGGCGCACGA_003,165
GGCGGAGATCAGGCGCACGA_004,69
GGCGGAGATCAGGCGCACGA_005,119
GGCGGAGATCAGGCGCACGA_006,82
TCACCCAAAAAAATGCACCA_001,137
TCACCCAAAAAAATGCACCA_002,11
TCACCCAAAAAAATGCACCA_003,122
TCACCCAAAAAAATGCACCA_004,105
TCACCCAAAAAAATGCACCA_005,178
TCACCCAAAAAAATGCACCA_006,103
TCACCCAAAAAAATGCACCA_007,132
TCACCCAAAAAAATGCACCA_008,147
TCACCCAAAAAAATGCACCA_009,43
TCACCCAAAAAAATGCACCA_010,169
TCACCCAAAAAAATGCACCA_011,175
TCACCCAAAAAAATGCACCA_012,29
TCACCCAAAAAAATGCACCA_013,9
TCACCCAAAAAAATGCACCA_014,58
TCACCCAAAAAAATGCACCA_015,146
TCACCCAAAAAAATGCACCA_016,119
TCACCCAAAAAAATGCACCA_017,17
TCACCCAAAAAAATGCACCA_018,146
TCACCCAAAAAAATGCACCA_019,94
TCACCCAAAAAAATGCACCA_020,151
TCACCCAAAAAAATGCACCA_021,35
TCACCCAAAAAAATGCACCA_022,38
TCACCCAAAAAAATGCACCA_023,184
TCACCCAAAAAAATGCACCA_024,38
TCACCCAAAAAAATGCACCA_025,103
TCACCCAAAAAAATGCACCA_026,180
TCACCCAAAAAAATGCACCA_027,68
TCACCCAAAAAAATGCACCA_028,26
TCACCCAAAAAAATGCACCA_029,45
TCACCCAAAAAAATGCACCA_030,11
TCACCCAAAAAAATGCACCA_031,158
TCACCCAAAAAAATGCACCA_032,88
TCACCCAAAAAAATGCACCA_033,194
TCACCCAAAAAAATGCACCA_034,60
TCACCCAAAAAAATGCACCA_035,15
TCACCCAAAAAAATGCACCA_036,40
TCACCCAAAAAAATGCACCA_037,148
TCACCCAAAAAAATGCACCA_038,152
TCACCCAAAAAAATGCACCA_039,169
TCACCCAAAAAAATGCACCA_040,76
TCACCCAAAAAAATGCACCA_041,142
TCACCCAAAAAAATGCACCA_042,180
TCACCCAAAAAAATGCACCA_043,56
CACTCGAGCAGAGCGACGAG_001,64
CACTCGAGCAGAGCGACGAG_002,137
CACTCGAGCAGAGCGACGAG_003,81
CACTCGAGCAGAGCGACGAG_004,107
CACTCGAGCAGAGCGACGAG_005,193
CACTCGAGCAGAGCGACGAG_006,141
CACTCGAGCAGAGCGACGAG_007,81
CACTCGAGCAGAGCGACGAG_008,50
CACTCGAGCAGAGCGACGAG_009,106
CACTCGAGCAGAGCGACGAG_010,29
CACTCGAGCAGAGCGACGAG_011,60
CACTCGAGCAGAGCGACGAG_012,98
CACTCGAGCAGAGCGACGAG_013,96
CACTCGAGCAGAGCGACGAG_014,96
CACTCGAGCAGAGCGACGAG_015,153
CACTCGAGCAGAGCGACGAG_016,25
CACTCGAGCAGAGCGACGAG_017,32
CACTCGAGCAGAGCGACGAG_018,176
CACTCGAGCAGAGCGACGAG_019,127
CACTCGAGCAGAGCGACGAG_020,117
AAGGCGGTCACCTTCCACAG_001,162
AAGGCGGTCACCTTCCACAG_002,36
AAGGCGGTCACCTTCCACAG_003,28
AAGGCGGTCACCTTCCACAG_004,77
AAGGCGGTCACCTTCCACAG_005,48
AAGGCGGTCACCTTCCACAG_006,86
AAGGCGGTCACCTTCCACAG_007,10
AAGGCGGTCACCTTCCACAG_008,119
TGGCGCTTTAGACTACGAAG_001,119
TGGCGCTTTAGACTACGAAG_002,105
TGGCGCTTTAGACTACGAAG_003,77
TGGCGCTTTAGACTACGAAG_004,63
TGGCGCTTTAGACTACGAAG_005,168
TGGCGCTTTAGACTACGAAG_006,177
TGGCGCTTTAGACTACGAAG_007,165
TGGCGCTTTAGACTACGAAG_008,28
TGGCGCTTTAGACTACGAAG_009,166
TCCATCTGCAGGGTTCACAT_001,47
TCCATCTGCAGGGTTCACAT_002,72
TCCATCTGCAGGGTTCACAT_003,42
TCCATCTGCAGGGTTCACAT_004,49
TCCATCTGCAGGGTTCACAT_005,45
TCCATCTGCAGGGTTCACAT_006,33
GGGAACGTAGAAGGACACGA_001,56
GGGAACGTAGAAGGACACGA_002,193
GGGAACGTAGAAGGACACGA_003,117
GGGAACGTAGAAGGACACGA_004,130
GGGAACGTAGAAGGACACGA_005,104
GGGAACGTAGAAGGACACGA_006,182
GGGAACGTAGAAGGACACGA_007,188
GGGAACGTAGAAGGACACGA_008,22
GGGAACGTAGAAGGACACGA_009,43
GGGAACGTAGAAGGACACGA_010,38
GGGAACGTAGAAGGACACGA_011,145
GGGAACGTAGAAGGACACGA_012,138
GGGAACGTAGAAGGACACGA_013,68
GGGAACGTAGAAGGACACGA_014,88
GGGAACGTAGAAGGACACGA_015,68
GGGAACGTAGAAGGACACGA_016,136
GGGAACGTAGAAGGACACGA_017,121
GGGAACGTAGAAGGACACGA_018,53
GGGAACGTAGAAGGACACGA_019,186
GGGAACGTAGAAGGACACGA_020,51
GGGAACGTAGAAGGACACGA_021,43
CATCTCATAGATGGTCAATG_001,105
CATCTCATAGATGGTCAATG_002,148
CATCTCATAGATGGTCAATG_003,184
CATCTCATAGATGGTCAATG_004,52
CATCTCATAGATGGTCAATG_005,117
CATCTCATAGATGGTCAATG_006,48
CATCTCATAGATGGTCAATG_007,1
AAACCAACCTCACCTTCCCA_001,44
AAACCAACCTCACCTTCCCA_002,77
AAACCAACCTCACCTTCCCA_003,198
AAACCAACCTCACCTTCCCA_004,29
AAACCAACCTCACCTTCCCA_005,48
AAACCAACCTCACCTTCCCA_006,121
AAACCAACCTCACCTTCCCA_007,84
AAACCAACCTCACCTTCCCA_008,65
AAACCAACCTCACCTTCCCA_009,127
AAACCAACCTCACCTTCCCA_010,62
AAACCAACCTCACCTTCCCA_011,168
AAACCAACCTCACCTTCCCA_012,71
AAACCAACCTCACCTTCCCA_013,46
AAACCAACCTCACCTTCCCA_014,107
AAACCAACCTCACCTTCCCA_015,60
AAACCAACCTCACCTTCCCA_016,166
AAACCAACCTCACCTTCCCA_017,78
TTTATCAAGATACAGCTAGA_001,105
TTTATCAAGATACAGCTAGA_002,1
TTTATCAAGATACAGCTAGA_003,56
TTTATCAAGATACAGCTAGA_004,33
TTTATCAAGATACAGCTAGA_005,144
ATACTTACGACAGCGCCAGG_001,137
ATACTTACGACAGCGCCAGG_002,113
ATACTTACGACAGCGCCAGG_003,170
ATACTTACGACAGCGCCAGG_004,16
ATACTTACGACAGCGCCAGG_005,121
ATACTTACGACAGCGCCAGG_006,66
ATACTTACGACAGCGCCAGG_007,158
ATACTTACGACAGCGCCAGG_008,178
ATACTTACGACAGCGCCAGG_009,91
ATACTTACGACAGCGCCAGG_010,199
ATACTTACGACAGCGCCAGG_011,88
ATACTTACGACAGCGCCAGG_012,56
ATACTTACGACAGCGCCAGG_013,6
ATACTTACGACAGCGCCAGG_014,64
TCCATGCTTTCCGTGTGGTG_001,68
TGGGGAGCGTAAAACTGACA_001,172
ATTAACTGGTTGATAGACGA_001,4
ATTAACTGGTTGATAGACGA_002,55
ATTAACTGGTTGATAGACGA_003,151
ATTAACTGGTTGATAGACGA_004,13
ATTAACTGGTTGATAGACGA_005,98
ATTAACTGGTTGATAGACGA_006,184
ATTAACTGGTTGATAGACGA_007,172
ATTAACTGGTTGATAGACGA_008,81
ATTAACTGGTTGATAGACGA_009,149
ATTAACTGGTTGATAGACGA_010,98
ATTAACTGGTTGATAGACGA_011,76
ATTAACTGGTTGATAGACGA_012,147
ATTAACTGGTTGATAGACGA_013,68
ATTAACTGGTTGATAGACGA_014,138
CTGAGCAACTCACCGTAGTG_001,43
CTGAGCAACTCACCGTAGTG_002,117
CTGAGCAACTCACCGTAGTG_003,46
CTGAGCAACTCACCGTAGTG_004,170
CTGAGCAACTCACCGTAGTG_005,190
CTGAGCAACTCACCGTAGTG_006,76
CTGAGCAACTCACCGTAGTG_007,36
CTGAGCAACTCACCGTAGTG_008,33
CTGAGCAACTCACCGTAGTG_009,116
CTGAGCAACTCACCGTAGTG_010,190
CTGAGCAACTCACCGTAGTG_011,95
CTGAGCAACTCACCGTAGTG_012,79
CTGAGCAACTCACCGTAGTG_013,8
CTGAGCAACTCACCGTAGTG_014,139
CTGAGCAACTCACCGTAGTG_015,24
CTGAGCAACTCACCGTAGTG_016,38
CTGAGCAACTCACCGTAGTG_017,188
CTGAGCAACTCACCGTAGTG_018,17
CTGAGCAACTCACCGTAGTG_019,176
CTGAGCAACTCACCGTAGTG_020,190
CTGAGCAACTCACCGTAGTG_021,48
CTGAGCAACTCACCGTAGTG_022,44
CTGAGCAACTCACCGTAGTG_023,191
CTGAGCAACTCACCGTAGTG_024,27
CTGAGCAACTCACCGTAGTG_025,106
CTGAGCAACTCACCGTAGTG_026,144
CTGAGCAACTCACCGTAGTG_027,149
CTGAGCAACTCACCGTAGTG_028,138
CTGAGCAACTCACCGTAGTG_029,34
CTGAGCAACTCACCGTAGTG_030,185
CTGAGCAACTCACCGTAGTG_031,190
TATGTGTGGTAACGTGTGAG_001,46
TATGTGTGGTAACGTGTGAG_002,94
TATGTGTGGTAACGTGTGAG_003,133
TATGTGTGGTAACGTGTGAG_004,28
TATGTGTGGTAACGTGTGAG_005,174
TATGTGTGGTAACGTGTGAG_006,26
TATGTGTGGTAACGTGTGAG_007,94
TATGTGTGGTAACGTGTGAG_008,13
TATGTGTGGTAACGTGTGAG_009,92
TATGTGTGGTAACGTGTGAG_010,174
TATGTGTGGTAACGTGTGAG_011,19
TATGTGTGGTAACGTGTGAG_012,115
TATGTGTGGTAACGTGTGAG_013,133
TATGTGTGGTAACGTGTGAG_014,17
ACGGCGTAGAGGATAGATCG_001,76
ACGGCGTAGAGGATAGATCG_002,62
ACGGCGTAGAGGATAGATCG_003,119
ACGGCGTAGAGGATAGATCG_004,169
ACGGCGTAGAGGATAGATCG_005,177
ACGGCGTAGAGGATAGATCG_006,166
ACGGCGTAGAGGATAGATCG_007,119
ACGGCGTAGAGGATAGATCG_008,5
ACGGCGTAGAGGATAGATCG_009,34
ACGGCGTAGAGGATAGATCG_010,19
ACGGCGTAGAGGATAGATCG_011,138
ACGGCGTAGAGGATAGATCG_012,142
ACGGCGTAGAGGATAGATCG_013,19
ACGGCGTAGAGGATAGATCG_014,18
ACGGCGTAGAGGATAGATCG_015,169
ACGGCGTAGAGGATAGATCG_016,138
ACATTCGGGTCACTATCTAA_001,140
ACATTCGGGTCACTATCTAA_002,182
ACATTCGGGTCACTATCTAA_003,46
ACATTCGGGTCACTATCTAA_004,188
ACTTCCTGGTCAAGGGACAC_001,88
ACTTCCTGGTCAAGGGACAC_002,189
ACTTCCTGGTCAAGGGACAC_003,82
ACTTCCTGGTCAAGGGACAC_004,169
ACTTCCTGGTCAAGGGACAC_005,0
ACTTCCTGGTCAAGGGACAC_006,80
ACTTCCTGGTCAAGGGACAC_007,102
ACTTCCTGGTCAAGGGACAC_008,75
ACTTCCTGGTCAAGGGACAC_009,197
ACTTCCTGGTCAAGGGACAC_010,17
ACTTCCTGGTCAAGGGACAC_011,192
ACTTCCTGGTCAAGGGACAC_012,145
ACTTCCTGGTCAAGGGACAC_013,16
ACTTCCTGGTCAAGGGACAC_014,14
ACTTCCTGGTCAAGGGACAC_015,28
ACTTCCTGGTCAAGGGACAC_016,130
ACTTCCTGGTCAAGGGACAC_017,88
GGTTCATCTCATGCAAACTG_001,198
GGTTCATCTCATGCAAACTG_002,66
TTTCATCTGGAGTCATACAC_001,139
TTTCATCTGGAGTCATACAC_002,122
GGAACACCTGGCATTAATGG_001,93
CCTACATCGACGACCACGTG_001,147
CCTACATCGACGACCACGTG_002,188
CCTACATCGACGACCACGTG_003,144
CCTACATCGACGACCACGTG_004,145
CCTACATCGACGACCACGTG_005,16
CCTACATCGACGACCACGTG_006,15
CCTACATCGACGACCACGTG_007,134
CCTACATCGACGACCACGTG_008,174
AGTAGAGCTGTCCCTCTCAG_001,53
AGTAGAGCTGTCCCTCTCAG_002,146
AGTAGAGCTGTCCCTCTCAG_003,148
AGTAGAGCTGTCCCTCTCAG_004,169
AGTAGAGCTGTCCCTCTCAG_005,19
AGTAGAGCTGTCCCTCTCAG_006,134
AGTAGAGCTGTCCCTCTCAG_007,54
AGTAGAGCTGTCCCTCTCAG_008,35
AGTAGAGCTGTCCCTCTCAG_009,27
AGTAGAGCTGTCCCTCTCAG_010,112
AGTAGAGCTGTCCCTCTCAG_011,62
AGTAGAGCTGTCCCTCTCAG_012,38
AGTAGAGCTGTCCCTCTCAG_013,35
AGTAGAGCTGTCCCTCTCAG_014,84
AGTAGAGCTGTCCCTCTCAG_015,77
AGTAGAGCTGTCCCTCTCAG_016,29
AGTAGAGCTGTCCCTCTCAG_017,39
AGTAGAGCTGTCCCTCTCAG_018,3
AGTAGAGCTGTCCCTCTCAG_019,33
AGTAGAGCTGTCCCTCTCAG_020,168
GGTGTGCATGATAACAGTCA_001,15
GGTGTGCATGATAACAGTCA_002,68
GCATGATCTCGATGTAATTG_001,136
AGCATTCGGTAGGAGACCTG_001,197
AGCATTCGGTAGGAGACCTG_002,198
AGCATTCGGTAGGAGACCTG_003,145
AGCATTCGGTAGGAGACCTG_004,63
AGCATTCGGTAGGAGACCTG_005,88
AGCATTCGGTAGGAGACCTG_006,146
AGCATTCGGTAGGAGACCTG_007,77
AGCATTCGGTAGGAGACCTG_008,130
AGCATTCGGTAGGAGACCTG_009,29
AGCATTCGGTAGGAGACCTG_010,154
AGCATTCGGTAGGAGACCTG_011,99
AGCATTCGGTAGGAGACCTG_012,123
AGCATTCGGTAGGAGACCTG_013,28
AGCATTCGGTAGGAGACCTG_014,188
AGCATTCGGTAGGAGACCTG_015,188
AGCATTCGGTAGGAGACCTG_016,60
AGCATTCGGTAGGAGACCTG_017,141
AGCATTCGGTAGGAGACCTG_018,19
AGCATTCGGTAGGAGACCTG_019,63
AGCATTCGGTAGGAGACCTG_020,187
AGCATTCGGTAGGAGACCTG_021,176
AGCATTCGGTAGGAGACCTG_022,58
AGCATTCGGTAGGAGACCTG_023,127
AGCATTCGGTAGGAGACCTG_024,179
AGCATTCGGTAGGAGACCTG_025,142
AGCATTCGGTAGGAGACCTG_026,153
AGCATTCGGTAGGAGACCTG_027,180
GGCATTGGCTCGGATCCTGG_001,169
GGCATTGGCTCGGATCCTGG_002,177
GGCATTGGCTCGGATCCTGG_003,103
GGCATTGGCTCGGATCCTGG_004,188
GGCATTGGCTCGGATCCTGG_005,32
GGCATTGGCTCGGATCCTGG_006,174
GGCATTGGCTCGGATCCTGG_007,149
GGCATTGGCTCGGATCCTGG_008,177
GGCATTGGCTCGGATCCTGG_009,198
GGCATTGGCTCGGATCCTGG_010,29
GGCATTGGCTCGGATCCTGG_011,47
GGCATTGGCTCGGATCCTGG_012,146
GGCATTGGCTCGGATCCTGG_013,170
GGCATTGGCTCGGATCCTGG_014,22
TCACACTTTCGAGGTCTGGG_001,68
TCACACTTTCGAGGTCTGGG_002,120
TCACACTTTCGAGGTCTGGG_003,68
TCACACTTTCGAGGTCTGGG_004,30
TCACACTTTCGAGGTCTGGG_005,94
TCACACTTTCGAGGTCTGGG_006,112
TCACACTTTCGAGGTCTGGG_007,16
TTGCCTAACAGACTCCCCCA_001,2
TTGCCTAACAGACTCCCCCA_002,177
TTGCCTAACAGACTCCCCCA_003,8
TTGCCTAACAGACTCCCCCA_004,38
TTGCCTAACAGACTCCCCCA_005,142
TTGCCTAACAGACTCCCCCA_006,152
TTGCCTAACAGACTCCCCCA_007,87
TTGCCTAACAGACTCCCCCA_008,154
TTGCCTAACAGACTCCCCCA_009,189
TTGCCTAACAGACTCCCCCA_010,13
TTGCCTAACAGACTCCCCCA_011,148
TTGCCTAACAGACTCCCCCA_012,95
TTGCCTAACAGACTCCCCCA_013,149
TTGCCTAACAGACTCCCCCA_014,48
TTGCCTAACAGACTCCCCCA_015,136
TTGCCTAACAGACTCCCCCA_016,141
TTGCCTAACAGACTCCCCCA_017,0
TTGCCTAACAGACTCCCCCA_018,127
TTGCCTAACAGACTCCCCCA_019,1
TTGCCTAACAGACTCCCCCA_020,121
TTGCCTAACAGACTCCCCCA_021,161
TTGCCTAACAGACTCCCCCA_022,124
TTGCCTAACAGACTCCCCCA_023,198
TTGCCTAACAGACTCCCCCA_024,124
TTGCCTAACAGACTCCCCCA_025,165
TGCTCTCAGCGACGACCCTG_001,182
TGCTCTCAGCGACGACCCTG_002,141
TGCTCTCAGCGACGACCCTG_003,16
TGCTCTCAGCGACGACCCTG_004,35
TGCTCTCAGCGACGACCCTG_005,72
TGCTCTCAGCGACGACCCTG_006,80
TGCTCTCAGCGACGACCCTG_007,58
TGCTCTCAGCGACGACCCTG_008,60
TGCTCTCAGCGACGACCCTG_009,48
TGCTCTCAGCGACGACCCTG_010,177
TGCTCTCAGCGACGACCCTG_011,160
TGCTCTCAGCGACGACCCTG_012,88
TGCTCTCAGCGACGACCCTG_013,91
TTTCTGATGGTACGTAAGTG_001,169
TTTCTGATGGTACGTAAGTG_002,85
TTTCTGATGGTACGTAAGTG_003,173
TTTCTGATGGTACGTAAGTG_004,173
TTTCTGATGGTACGTAAGTG_005,0
TTTCTGATGGTACGTAAGTG_006,179
TTTCTGATGGTACGTAAGTG_007,138
TTTCTGATGGTACGTAAGTG_008,191
TTTCTGATGGTACGTAAGTG_009,78
TTTCTGATGGTACGTAAGTG_010,39
CCCCATGGATACTCACGGGT_001,118
CCCCATGGATACTCACGGGT_002,170
CCCCATGGATACTCACGGGT_003,56
CCCCATGGATACTCACGGGT_004,78
CCCCATGGATACTCACGGGT_005,136
GTAAACCAAAAGACTTGTAG_001,127
GTAAACCAAAAGACTTGTAG_002,162
GTAAACCAAAAGACTTGTAG_003,54
GTAAACCAAAAGACTTGTAG_004,88
GTAAACCAAAAGACTTGTAG_005,16
GTAAACCAAAAGACTTGTAG_006,103
GTAAACCAAAAGACTTGTAG_007,16
GTAAACCAAAAGACTTGTAG_008,69
GTAAACCAAAAGACTTGTAG_009,62
TCTTCAGGAGTAAAGAGCCT_001,118
TCTTCAGGAGTAAAGAGCCT_002,14
TCTTCAGGAGTAAAGAGCCT_003,90
TCTTCAGGAGTAAAGAGCCT_004,145
TCTTCAGGAGTAAAGAGCCT_005,95
TCTTCAGGAGTAAAGAGCCT_006,121
CTCAATCTCAAACAGGACAG_001,184
CTCAATCTCAAACAGGACAG_002,5
CTCAATCTCAAACAGGACAG_003,53
CTCAATCTCAAACAGGACAG_004,2
CTCAATCTCAAACAGGACAG_005,38
CTCAATCTCAAACAGGACAG_006,62
CTCAATCTCAAACAGGACAG_007,177
CTCAATCTCAAACAGGACAG_008,17
CTCAATCTCAAACAGGACAG_009,142
CTCACCATACCCGACCGACG_001,91
CTCACCATACCCGACCGACG_002,147
CTCACCATACCCGACCGACG_003,40
GAAGGTTTCGGAACACCATG_001,49
GAAGGTTTCGGAACACCATG_002,150
GAAGGTTTCGGAACACCATG_003,94
GAAGGTTTCGGAACACCATG_004,148
GAAGGTTTCGGAACACCATG_005,106
GAAGGTTTCGGAACACCATG_006,125
GAAGGTTTCGGAACACCATG_007,128
GAAGGTTTCGGAACACCATG_008,43
GAAGGTTTCGGAACACCATG_009,60
GAAGGTTTCGGAACACCATG_010,162
GAAGGTTTCGGAACACCATG_011,158
GAAGGTTTCGGAACACCATG_012,155
GAAGGTTTCGGAACACCATG_013,187
GAAGGTTTCGGAACACCATG_014,115
GAAGGTTTCGGAACACCATG_015,188
GAAGGTTTCGGAACACCATG_016,40
GAAGGTTTCGGAACACCATG_017,71
GAAGGTTTCGGAACACCATG_018,29
GAAGGTTTCGGAACACCATG_019,56
GAAGGTTTCGGAACACCATG_020,124
GAAGGTTTCGGAACACCATG_021,114
GAAGGTTTCGGAACACCATG_022,184
GAAGGTTTCGGAACACCATG_023,62
GAAGGTTTCGGAACACCATG_024,126
GAAGGTTTCGGAACACCATG_025,178
GAAGGTTTCGGAACACCATG_026,157
GAAGGTTTCGGAACACCATG_027,105
AAAGCTGGCAAAGAAAAAGA_001,145
AAAGCTGGCAAAGAAAAAGA_002,88
TCGAGAGTATTTGTCATCTG_001,62
TCGAGAGTATTTGTCATCTG_002,27
TCGAGAGTATTTGTCATCTG_003,78
TCGAGAGTATTTGTCATCTG_004,20
TCGAGAGTATTTGTCATCTG_005,13
TCGAGAGTATTTGTCATCTG_006,94
TCGAGAGTATTTGTCATCTG_007,65
TCGAGAGTATTTGTCATCTG_008,151
TCGAGAGTATTTGTCATCTG_009,152
TCGAGAGTATTTGTCATCTG_010,168
TCGAGAGTATTTGTCATCTG_011,144
CAGGATGGAGGCTGTACAGG_001,20
CAGGATGGAGGCTGTACAGG_002,127
CAGGATGGAGGCTGTACAGG_003,191
CAGGATGGAGGCTGTACAGG_004,161
CAGGATGGAGGCTGTACAGG_005,107
CAGGATGGAGGCTGTACAGG_006,88
CAGGATGGAGGCTGTACAGG_007,7
CAGGATGGAGGCTGTACAGG_008,50
CAGGATGGAGGCTGTACAGG_009,128
CAGGATGGAGGCTGTACAGG_010,140
CAGGATGGAGGCTGTACAGG_011,195
CAGGATGGAGGCTGTACAGG_012,40
CAGGATGGAGGCTGTACAGG_013,100
CAGGATGGAGGCTGTACAGG_014,84
CAGGATGGAGGCTGTACAGG_015,30
CAGGATGGAGGCTGTACAGG_016,179
CAGGATGGAGGCTGTACAGG_017,41
CAGGATGGAGGCTGTACAGG_018,113
CAGGATGGAGGCTGTACAGG_019,162
CAGGATGGAGGCTGTACAGG_020,176
CAGGATGGAGGCTGTACAGG_021,190
CAGGATGGAGGCTGTACAGG_022,15
CAGGATGGAGGCTGTACAGG_023,160
CAGGATGGAGGCTGTACAGG_024,34
CAGGATGGAGGCTGTACAGG_025,15
CAGGATGGAGGCTGTACAGG_026,78
CAGGATGGAGGCTGTACAGG_027,65
CAGGATGGAGGCTGTACAGG_028,51
CAGGATGGAGGCTGTACAGG_029,144
CAGGATGGAGGCTGTACAGG_030,63
CAGGATGGAGGCTGTACAGG_031,33
CAGGATGGAGGCTGTACAGG_032,176
CAGGATGGAGGCTGTACAGG_033,70
AGGAGCTGAATGCCTTCACG_001,105
AGGAGCTGAATGCCTTCACG_002,15
AGGAGCTGAATGCCTTCACG_003,178
AGGAGCTGAATGCCTTCACG_004,116
AGGAGCTGAATGCCTTCACG_005,105
AGGAGCTGAATGCCTTCACG_006,188
AGGAGCTGAATGCCTTCACG_007,125
AGGAGCTGAATGCCTTCACG_008,1
AGGAGCTGAATGCCTTCACG_009,80
AGGAGCTGAATGCCTTCACG_010,134
AGGAGCTGAATGCCTTCACG_011,44
AGGAGCTGAATGCCTTCACG_012,176
AGGAGCTGAATGCCTTCACG_013,60
AGGAGCTGAATGCCTTCACG_014,138
AGGAGCTGAATGCCTTCACG_015,60
AGGAGCTGAATGCCTTCACG_016,27
AGGAGCTGAATGCCTTCACG_017,112
AGGAGCTGAATGCCTTCACG_018,166
AGGAGCTGAATGCCTTCACG_019,137
AGGAGCTGAATGCCTTCACG_020,51
AGGAGCTGAATGCCTTCACG_021,124
AGGAGCTGAATGCCTTCACG_022,137
AGGAGCTGAATGCCTTCACG_023,94
AGGAGCTGAATGCCTTCACG_024,194
AGGAGCTGAATGCCTTCACG_025,145
AGGAGCTGAATGCCTTCACG_026,101
GAATGAAAAGGATATGGCGA_001,15
GAATGAAAAGGATATGGCGA_002,184
GAATGAAAAGGATATGGCGA_003,77
GAATGAAAAGGATATGGCGA_004,19
GAATGAAAAGGATATGGCGA_005,149
GAATGAAAAGGATATGGCGA_006,134
GAATGAAAAGGATATGGCGA_007,7
GAATGAAAAGGATATGGCGA_008,168
GAATGAAAAGGATATGGCGA_009,150
GAATGAAAAGGATATGGCGA_010,130
TGACTCAGTAGGAAATACAT_001,88
TTATGTTCGGCGGTATAGTG_001,169
TTATGTTCGGCGGTATAGTG_002,196
TTATGTTCGGCGGTATAGTG_003,153
TTATGTTCGGCGGTATAGTG_004,61
TTATGTTCGGCGGTATAGTG_005,189
TGCCGTGAAAAGACGCTGCG_001,89
TGCCGTGAAAAGACGCTGCG_002,68
TGCCGTGAAAAGACGCTGCG_003,57
TGCCGTGAAAAGACGCTGCG_004,193
TGCCGTGAAAAGACGCTGCG_005,67
TGCCGTGAAAAGACGCTGCG_006,6
TGCCGTGAAAAGACGCTGCG_007,47
TGCCGTGAAAAGACGCTGCG_008,97
TGCCGTGAAAAGACGCTGCG_009,21
TGCCGTGAAAAGACGCTGCG_010,82
TGCCGTGAAAAGACGCTGCG_011,98
TGCCGTGAAAAGACGCTGCG_012,192
TGCCGTGAAAAGACGCTGCG_013,92
TGCCGTGAAAAGACGCTGCG_014,20
TGCCGTGAAAAGACGCTGCG_015,93
TGCCGTGAAAAGACGCTGCG_016,114
TGCCGTGAAAAGACGCTGCG_017,114
TGCCGTGAAAAGACGCTGCG_018,141
TGCCGTGAAAAGACGCTGCG_019,184
TGCCGTGAAAAGACGCTGCG_020,162
TGCCGTGAAAAGACGCTGCG_021,138
TGCCGTGAAAAGACGCTGCG_022,15
TGCCGTGAAAAGACGCTGCG_023,158
GCCAGTACATCAGTCCACTC_001,183
GCCAGTACATCAGTCCACTC_002,58
GCCAGTACATCAGTCCACTC_003,75
GCCAGTACATCAGTCCACTC_004,140
GCCAGTACATCAGTCCACTC_005,186
GCCAGTACATCAGTCCACTC_006,49
GCCAGTACATCAGTCCACTC_007,15
GCCAGTACATCAGTCCACTC_008,29
GGAAAAAGTATTGAACCAGG_001,146
GGAAAAAGTATTGAACCAGG_002,34
GGGAACGAGTGCTCTCAGCA_001,61
GGGAACGAGTGCTCTCAGCA_002,195
GGGAACGAGTGCTCTCAGCA_003,96
GGGAACGAGTGCTCTCAGCA_004,181
GGGAACGAGTGCTCTCAGCA_005,88
GGGAACGAGTGCTCTCAGCA_006,127
GGGAACGAGTGCTCTCAGCA_007,138
GGGAACGAGTGCTCTCAGCA_008,175
GGGAACGAGTGCTCTCAGCA_009,161
GGGAACGAGTGCTCTCAGCA_010,186
GGGAACGAGTGCTCTCAGCA_011,147
GGGAACGAGTGCTCTCAGCA_012,156
GGGAACGAGTGCTCTCAGCA_013,38
GGGAACGAGTGCTCTCAGCA_014,1
GGGAACGAGTGCTCTCAGCA_015,143
GGGAACGAGTGCTCTCAGCA_016,190
GGGAACGAGTGCTCTCAGCA_017,118
GGGAACGAGTGCTCTCAGCA_018,17
GGGAACGAGTGCTCTCAGCA_019,55
GGGAACGAGTGCTCTCAGCA_020,181
GGGAACGAGTGCTCTCAGCA_021,125
GGGAACGAGTGCTCTCAGCA_022,8
GGGAACGAGTGCTCTCAGCA_023,49
GGGAACGAGTGCTCTCAGCA_024,125
GGGAACGAGTGCTCTCAGCA_025,6
GGGAACGAGTGCTCTCAGCA_026,162
GGGAACGAGTGCTCTCAGCA_027,61
GGGAACGAGTGCTCTCAGCA_028,15
GGGAACGAGTGCTCTCAGCA_029,89
GGGAACGAGTGCTCTCAGCA_030,77
GGGAACGAGTGCTCTCAGCA_031,176
GGGAACGAGTGCTCTCAGCA_032,2
GGGAACGAGTGCTCTCAGCA_033,168
GGGAACGAGTGCTCTCAGCA_034,172
GGGAACGAGTGCTCTCAGCA_035,14
TGAGAACGCATCTCAGCCCG_001,10
TGAGAACGCATCTCAGCCCG_002,48
TGAGAACGCATCTCAGCCCG_003,19
TGAGAACGCATCTCAGCCCG_004,50
TGAGAACGCATCTCAGCCCG_005,166
AAATACCAGAGAGTGCTGAT_001,70
AAATACCAGAGAGTGCTGAT_002,78
AAATACCAGAGAGTGCTGAT_003,177
AAATACCAGAGAGTGCTGAT_004,186
AAATACCAGAGAGTGCTGAT_005,88
AAATACCAGAGAGTGCTGAT_006,107
AAATACCAGAGAGTGCTGAT_007,42
AAATACCAGAGAGTGCTGAT_008,1
AAATACCAGAGAGTGCTGAT_009,123
AAATACCAGAGAGTGCTGAT_010,56
AAATACCAGAGAGTGCTGAT_011,101
AAATACCAGAGAGTGCTGAT_012,197
AAATACCAGAGAGTGCTGAT_013,98
AAATACCAGAGAGTGCTGAT_014,56
AAATACCAGAGAGTGCTGAT_015,67
AAATACCAGAGAGTGCTGAT_016,19
AAATACCAGAGAGTGCTGAT_017,58
AAATACCAGAGAGTGCTGAT_018,174
AAATACCAGAGAGTGCTGAT_019,190
AAATACCAGAGAGTGCTGAT_020,172
AAATACCAGAGAGTGCTGAT_021,77
AAATACCAGAGAGTGCTGAT_022,2
AAATACCAGAGAGTGCTGAT_023,105
GCAATCACTTACGGAACCCG_001,56
GCAATCACTTACGGAACCCG_002,154
GCAATCACTTACGGAACCCG_003,85
GCAATCACTTACGGAACCCG_004,1
GCAATCACTTACGGAACCCG_005,184
GCAATCACTTACGGAACCCG_006,82
GCAATCACTTACGGAACCCG_007,29
GCAATCACTTACGGAACCCG_008,57
GCAATCACTTACGGAACCCG_009,175
GCAATCACTTACGGAACCCG_010,38
GCAATCACTTACGGAACCCG_011,117
GCAATCACTTACGGAACCCG_012,33
CCTTGGACGAAGGTGCATGG_001,27
CCTTGGACGAAGGTGCATGG_002,114
CCTTGGACGAAGGTGCATGG_003,142
CCTTGGACGAAGGTGCATGG_004,6
CCTTGGACGAAGGTGCATGG_005,159
TCAAATTGCTGATAGACTGC_001,170
TCAAATTGCTGATAGACTGC_002,19
TCAAATTGCTGATAGACTGC_003,162
TCAAATTGCTGATAGACTGC_004,158
TCAAATTGCTGATAGACTGC_005,197
TCAAATTGCTGATAGACTGC_006,151
TCAAATTGCTGATAGACTGC_007,169
TCAAATTGCTGATAGACTGC_008,182
TCAAATTGCTGATAGACTGC_009,56
TCAAATTGCTGATAGACTGC_010,137
TCAAATTGCTGATAGACTGC_011,198
TCAAATTGCTGATAGACTGC_012,127
GTACTTGTAGTCGGGGTAGT_001,62
GTACTTGTAGTCGGGGTAGT_002,43
GTACTTGTAGTCGGGGTAGT_003,57
GTACTTGTAGTCGGGGTAGT_004,49
GTACTTGTAGTCGGGGTAGT_005,58
GTACTTGTAGTCGGGGTAGT_006,41
GTACTTGTAGTCGGGGTAGT_007,162
TGGACTTGTAATTTGCATCC_001,89
TTCACTATGACTGCGAAAGA_001,129
TTCACTATGACTGCGAAAGA_002,194
TTCACTATGACTGCGAAAGA_003,53
TTCACTATGACTGCGAAAGA_004,193
TTCACTATGACTGCGAAAGA_005,138
TTCACTATGACTGCGAAAGA_006,138
TTCACAACGTCAAGTTACAA_001,170
TTCACAACGTCAAGTTACAA_002,128
CTGTCAGTGGTTGAGGCCGG_001,186
CTGTCAGTGGTTGAGGCCGG_002,142
CTGTCAGTGGTTGAGGCCGG_003,175
CTGTCAGTGGTTGAGGCCGG_004,168
CTGTCAGTGGTTGAGGCCGG_005,89
CTGTCAGTGGTTGAGGCCGG_006,191
CTGTCAGTGGTTGAGGCCGG_007,25
CTGTCAGTGGTTGAGGCCGG_008,9
CTGTCAGTGGTTGAGGCCGG_009,67
CTGTCAGTGGTTGAGGCCGG_010,61
CTGTCAGTGGTTGAGGCCGG_011,113
CTGTCAGTGGTTGAGGCCGG_012,1
CTGTCAGTGGTTGAGGCCGG_013,75
CTGTCAGTGGTTGAGGCCGG_014,163
CTGTCAGTGGTTGAGGCCGG_015,185
CTGTCAGTGGTTGAGGCCGG_016,187
AGCATAGTCCTTATGCATCG_001,167
AGCATAGTCCTTATGCATCG_002,58
AGCATAGTCCTTATGCATCG_003,17
AGCATAGTCCTTATGCATCG_004,40
AGCATAGTCCTTATGCATCG_005,130
AGCATAGTCCTTATGCATCG_006,96
AGCATAGTCCTTATGCATCG_007,198
AGCATAGTCCTTATGCATCG_008,150
AGCATAGTCCTTATGCATCG_009,118
AGCATAGTCCTTATGCATCG_010,146
AGCATAGTCCTTATGCATCG_011,1
GCCTGACCCGCAGGACCCTG_001,168
GCCTGACCCGCAGGACCCTG_002,33
GCCTGACCCGCAGGACCCTG_003,144
GCCTGACCCGCAGGACCCTG_004,49
GCCTGACCCGCAGGACCCTG_005,28
GCCTGACCCGCAGGACCCTG_006,72
GCCTGACCCGCAGGACCCTG_007,5
GCCTGACCCGCAGGACCCTG_008,8
GCCTGACCCGCAGGACCCTG_009,81
GCCTGACCCGCAGGACCCTG_010,29
GCCTGACCCGCAGGACCCTG_011,89
GCCTGACCCGCAGGACCCTG_012,128
GCCTGACCCGCAGGACCCTG_013,93
GCCTGACCCGCAGGACCCTG_014,1
GCCTGACCCGCAGGACCCTG_015,40
GCCTGACCCGCAGGACCCTG_016,168
GCCTGACCCGCAGGACCCTG_017,82
CCGATGACAGAAGACACTTG_001,166
CCGATGACAGAAGACACTTG_002,112
CCGATGACAGAAGACACTTG_003,171
CCGATGACAGAAGACACTTG_004,91
CCGATGACAGAAGACACTTG_005,99
CGAAAGTACATGTTTCGCAT_001,47
CGAAAGTACATGTTTCGCAT_002,114
TAGTAGAGGTTCATCTCGGG_001,62
TAGTAGAGGTTCATCTCGGG_002,55
TAGTAGAGGTTCATCTCGGG_003,172
TAGTAGAGGTTCATCTCGGG_004,120
TAGTAGAGGTTCATCTCGGG_005,136
TAGTAGAGGTTCATCTCGGG_006,138
GGTGAGGGCGCACACACAGG_001,53
GGTGAGGGCGCACACACAGG_002,9
GGTGAGGGCGCACACACAGG_003,102
TTCGAAACACAAGACAGCTG_001,64
TTCGAAACACAAGACAGCTG_002,33
TTCGAAACACAAGACAGCTG_003,12
TTCGAAACACAAGACAGCTG_004,88
TTCGAAACACAAGACAGCTG_005,50
TTCGAAACACAAGACAGCTG_006,21
TTCGAAACACAAGACAGCTG_007,105
TTCGAAACACAAGACAGCTG_008,199
TTCGAAACACAAGACAGCTG_009,32
TTCGAAACACAAGACAGCTG_010,19
TTCGAAACACAAGACAGCTG_011,191
TTCGAAACACAAGACAGCTG_012,165
TTCGAAACACAAGACAGCTG_013,155
TTCGAAACACAAGACAGCTG_014,144
TTCGAAACACAAGACAGCTG_015,74
CCGGGAACACCTGCGTCACG_001,157
CCGGGAACACCTGCGTCACG_002,168
CCGGGAACACCTGCGTCACG_003,2
CCGGGAACACCTGCGTCACG_004,53
CCGGGAACACCTGCGTCACG_005,15
CCGGGAACACCTGCGTCACG_006,12
CCGGGAACACCTGCGTCACG_007,57
CCGGGAACACCTGCGTCACG_008,190
CCGGGAACACCTGCGTCACG_009,35
CCGGGAACACCTGCGTCACG_010,124
CCGGGAACACCTGCGTCACG_011,58
CCGGGAACACCTGCGTCACG_012,199
CCGGGAACACCTGCGTCACG_013,2
CCGGGAACACCTGCGTCACG_014,194
CCGGGAACACCTGCGTCACG_015,123
CCGGGAACACCTGCGTCACG_016,44
CCGGGAACACCTGCGTCACG_017,119
CCGGGAACACCTGCGTCACG_018,70
CCGGGAACACCTGCGTCACG_019,141
CCGGGAACACCTGCGTCACG_020,158
CCGGGAACACCTGCGTCACG_021,157
CCGGGAACACCTGCGTCACG_022,58
CCGGGAACACCTGCGTCACG_023,88
CCGGGAACACCTGCGTCACG_024,122
CCGGGAACACCTGCGTCACG_025,171
CCGGGAACACCTGCGTCACG_026,192
CCGGGAACACCTGCGTCACG_027,174
CCGGGAACACCTGCGTCACG_028,30
CCGGGAACACCTGCGTCACG_029,146
CCGGGAACACCTGCGTCACG_030,145
CCGGGAACACCTGCGTCACG_031,46
CCGGGAACACCTGCGTCACG_032,2
CCGGGAACACCTGCGTCACG_033,70
CCGGGAACACCTGCGTCACG_034,146
CCGGGAACACCTGCGTCACG_035,77
CCGGGAACACCTGCGTCACG_036,149
CCGGGAACACCTGCGTCACG_037,66
CCGGGAACACCTGCGTCACG_038,30
ACGTACCAATACACTCCCCA_001,152
ACGTACCAATACACTCCCCA_002,144
ACGTACCAATACACTCCCCA_003,69
AAAACCAGTTTGTTCCACGA_001,127
AAAACCAGTTTGTTCCACGA_002,2
AAAACCAGTTTGTTCCACGA_003,85
AAAACCAGTTTGTTCCACGA_004,102
AAAACCAGTTTGTTCCACGA_005,152
AAAACCAGTTTGTTCCACGA_006,168
AAAACCAGTTTGTTCCACGA_007,127
AAAACCAGTTTGTTCCACGA_008,3
AAAACCAGTTTGTTCCACGA_009,152
AAAACCAGTTTGTTCCACGA_010,26
AAAACCAGTTTGTTCCACGA_011,66
AAAACCAGTTTGTTCCACGA_012,138
AAAACCAGTTTGTTCCACGA_013,127
AGGACGCCCCGGAAAAACGG_001,157
AGGACGCCCCGGAAAAACGG_002,157
AGGACGCCCCGGAAAAACGG_003,154
AGGACGCCCCGGAAAAACGG_004,62
AGGACGCCCCGGAAAAACGG_005,62
AGGACGCCCCGGAAAAACGG_006,183
AGGACGCCCCGGAAAAACGG_007,75
AGGACGCCCCGGAAAAACGG_008,144
AGGACGCCCCGGAAAAACGG_009,2
AGGACGCCCCGGAAAAACGG_010,116
AGGACGCCCCGGAAAAACGG_011,83
AGGACGCCCCGGAAAAACGG_012,137
AGGACGCCCCGGAAAAACGG_013,2
AGGACGCCCCGGAAAAACGG_014,17
AGGACGCCCCGGAAAAACGG_015,73
AGGACGCCCCGGAAAAACGG_016,65
AGGACGCCCCGGAAAAACGG_017,146
AGGACGCCCCGGAAAAACGG_018,14
AGGACGCCCCGGAAAAACGG_019,62
AGGACGCCCCGGAAAAACGG_020,155
AGGACGCCCCGGAAAAACGG_021,115
AGGACGCCCCGGAAAAACGG_022,198
AGGACGCCCCGGAAAAACGG_023,151
AGGACGCCCCGGAAAAACGG_024,13
ATCAACGTAACGTGAGCATG_001,36
ATCAACGTAACGTGAGCATG_002,107
ATCAACGTAACGTGAGCATG_003,15
ATCAACGTAACGTGAGCATG_004,53
ATCAACGTAACGTGAGCATG_005,67
ATCAACGTAACGTGAGCATG_006,144
ATCAACGTAACGTGAGCATG_007,183
ATCAACGTAACGTGAGCATG_008,175
ATCAACGTAACGTGAGCATG_009,149
ATCAACGTAACGTGAGCATG_010,66
ATCAACGTAACGTGAGCATG_011,19
ATCAACGTAACGTGAGCATG_012,176
ATCAACGTAACGTGAGCATG_013,19
ATCAACGTAACGTGAGCATG_014,19
ATCAACGTAACGTGAGCATG_015,105
ATCAACGTAACGTGAGCATG_016,62
AAAAAGTTCTTCCAAATGGT_001,176
AAAAAGTTCTTCCAAATGGT_002,182
AAAAAGTTCTTCCAAATGGT_003,151
AAAAAGTTCTTCCAAATGGT_004,120
AAAAAGTTCTTCCAAATGGT_005,56
GAAATCAGCGTAGTCGCCAG_001,127
GAAATCAGCGTAGTCGCCAG_002,127
GAAATCAGCGTAGTCGCCAG_003,151
GAAATCAGCGTAGTCGCCAG_004,43
GAAATCAGCGTAGTCGCCAG_005,98
CTAGCTCTGAAGGACACGAC_001,106
CTAGCTCTGAAGGACACGAC_002,151
CTAGCTCTGAAGGACACGAC_003,59
CTAGCTCTGAAGGACACGAC_004,116
CTAGCTCTGAAGGACACGAC_005,161
CTAGCTCTGAAGGACACGAC_006,166
TGAGACCAAAGCGGAAACAC_001,56
TGAGACCAAAGCGGAAACAC_002,154
TGAGACCAAAGCGGAAACAC_003,131
TGAGACCAAAGCGGAAACAC_004,101
TGAGACCAAAGCGGAAACAC_005,14
TGAGACCAAAGCGGAAACAC_006,131
TGAGACCAAAGCGGAAACAC_007,158
TGAGACCAAAGCGGAAACAC_008,40
TGAGACCAAAGCGGAAACAC_009,152
TGAGACCAAAGCGGAAACAC_010,97
TGAGACCAAAGCGGAAACAC_011,77
TGAGACCAAAGCGGAAACAC_012,42
GATTGTCCGAATCTGATCCA_001,15
GATTGTCCGAATCTGATCCA_002,23
GATTGTCCGAATCTGATCCA_003,11
GATTGTCCGAATCTGATCCA_004,159
GATTGTCCGAATCTGATCCA_005,160
GATTGTCCGAATCTGATCCA_006,170
GATTGTCCGAATCTGATCCA_007,42
TTTCATACTTCCAACCACAA_001,194
TTTCATACTTCCAACCACAA_002,19
TTTCATACTTCCAACCACAA_003,23
TTTCATACTTCCAACCACAA_004,82
TTTCATACTTCCAACCACAA_005,40
TTTCATACTTCCAACCACAA_006,10
TTTCATACTTCCAACCACAA_007,134
ATGAAGGAGCCATTTCCGGT_001,102
ATGAAGGAGCCATTTCCGGT_002,197
ATGAAGGAGCCATTTCCGGT_003,113
ATGAAGGAGCCATTTCCGGT_004,58
ATGAAGGAGCCATTTCCGGT_005,146
ATGAAGGAGCCATTTCCGGT_006,138
ATGAAGGAGCCATTTCCGGT_007,170
CCAGATACTCACATTGAGTG_001,25
CCAGATACTCACATTGAGTG_002,12
CCAGATACTCACATTGAGTG_003,82
CCAGATACTCACATTGAGTG_004,174
CCAGATACTCACATTGAGTG_005,132
CCAGATACTCACATTGAGTG_006,170
CCAGATACTCACATTGAGTG_007,117
CCAGATACTCACATTGAGTG_008,170
CCAGATACTCACATTGAGTG_009,165
TTGCCAAAACCTCGGATGCG_001,116
TTGCCAAAACCTCGGATGCG_002,4
TTGCCAAAACCTCGGATGCG_003,94
TTGCCAAAACCTCGGATGCG_004,137
TTGCCAAAACCTCGGATGCG_005,8
TTGCCAAAACCTCGGATGCG_006,51
TTGCCAAAACCTCGGATGCG_007,78
TTGCCAAAACCTCGGATGCG_008,82
TTGCCAAAACCTCGGATGCG_009,24
TTGCCAAAACCTCGGATGCG_010,174
TTGCCAAAACCTCGGATGCG_011,56
TTGCCAAAACCTCGGATGCG_012,148
TTGCCAAAACCTCGGATGCG_013,56
TTGCCAAAACCTCGGATGCG_014,39
TTGCCAAAACCTCGGATGCG_015,164
TTGCCAAAACCTCGGATGCG_016,164
TTGCCAAAACCTCGGATGCG_017,77
TCACCGATATATATTCCAAG_001,20
TCACCGATATATATTCCAAG_002,149
CATGCTCAGGATACGCACCG_001,141
CATGCTCAGGATACGCACCG_002,57
CATGCTCAGGATACGCACCG_003,22
CATGCTCAGGATACGCACCG_004,100
CATGCTCAGGATACGCACCG_005,37
CGAGACCCCCAGGAACTCGT_001,104
CGAGACCCCCAGGAACTCGT_002,22
CGAGACCCCCAGGAACTCGT_003,108
CGAGACCCCCAGGAACTCGT_004,23
CGAGACCCCCAGGAACTCGT_005,75
CGAGACCCCCAGGAACTCGT_006,73
CGAGACCCCCAGGAACTCGT_007,52
CGAGACCCCCAGGAACTCGT_008,101
TGAATGAGCAAACTTCCGCT_001,115
TGAATGAGCAAACTTCCGCT_002,57
TGAATGAGCAAACTTCCGCT_003,29
TGAATGAGCAAACTTCCGCT_004,149
TGAATGAGCAAACTTCCGCT_005,24
TGAATGAGCAAACTTCCGCT_006,27
TGAATGAGCAAACTTCCGCT_007,148
TGAATGAGCAAACTTCCGCT_008,52
TGAATGAGCAAACTTCCGCT_009,84
TGAATGAGCAAACTTCCGCT_010,131
TGAATGAGCAAACTTCCGCT_011,77
TGAATGAGCAAACTTCCGCT_012,160
TGAATGAGCAAACTTCCGCT_013,141
TGAATGAGCAAACTTCCGCT_014,181
AGTCCATGGGCAATTTCGAG_001,194
AGTCCATGGGCAATTTCGAG_002,166
AGTCCATGGGCAATTTCGAG_003,65
AGTCCATGGGCAATTTCGAG_004,135
AGTCCATGGGCAATTTCGAG_005,186
AGTCCATGGGCAATTTCGAG_006,160
AGTCCATGGGCAATTTCGAG_007,17
AGTCCATGGGCAATTTCGAG_008,149
AGTCCATGGGCAATTTCGAG_009,15
AGTCCATGGGCAATTTCGAG_010,169
AGTCCATGGGCAATTTCGAG_011,3
CTGCAGGCACAAGTGCGCAT_001,124
CTGCAGGCACAAGTGCGCAT_002,60
CTGCAGGCACAAGTGCGCAT_003,60
CTGCAGGCACAAGTGCGCAT_004,188
CTGCAGGCACAAGTGCGCAT_005,105
CTGCAGGCACAAGTGCGCAT_006,42
CTGCAGGCACAAGTGCGCAT_007,175
CTGCAGGCACAAGTGCGCAT_008,103
CTGCAGGCACAAGTGCGCAT_009,143
CTGCAGGCACAAGTGCGCAT_010,34
CTGCAGGCACAAGTGCGCAT_011,146
CTGCAGGCACAAGTGCGCAT_012,40
CTGCAGGCACAAGTGCGCAT_013,105
CTGCAGGCACAAGTGCGCAT_014,23
CTGCAGGCACAAGTGCGCAT_015,8
CTGCAGGCACAAGTGCGCAT_016,29
CTGCAGGCACAAGTGCGCAT_017,9
CTGCAGGCACAAGTGCGCAT_018,177
CTGCAGGCACAAGTGCGCAT_019,1
CTGCAGGCACAAGTGCGCAT_020,56
CTGCAGGCACAAGTGCGCAT_021,188
CTGCAGGCACAAGTGCGCAT_022,177
CTGCAGGCACAAGTGCGCAT_023,145
CTGCAGGCACAAGTGCGCAT_024,127
CTGCAGGCACAAGTGCGCAT_025,131
CTGCAGGCACAAGTGCGCAT_026,18
CTGCAGGCACAAGTGCGCAT_027,150
CTGCAGGCACAAGTGCGCAT_028,166
CTGCAGGCACAAGTGCGCAT_029,188
CTGCAGGCACAAGTGCGCAT_030,188
ACAGCCAGCACATCTACCCT_001,61
ACAGCCAGCACATCTACCCT_002,30
CCACATGCTTGGTTCCCAAG_001,22
CCACATGCTTGGTTCCCAAG_002,198
CCACATGCTTGGTTCCCAAG_003,162
CCACATGCTTGGTTCCCAAG_004,8
CCACATGCTTGGTTCCCAAG_005,81
CCACATGCTTGGTTCCCAAG_006,148
CCACATGCTTGGTTCCCAAG_007,2
CCACATGCTTGGTTCCCAAG_008,176
CCACATGCTTGGTTCCCAAG_009,22
CCACATGCTTGGTTCCCAAG_010,180
CCACATGCTTGGTTCCCAAG_011,131
ATGGTGAACCATAAGGATTG_001,108
ATGGTGAACCATAAGGATTG_002,184
ATGGTGAACCATAAGGATTG_003,159
ACTGTGTCAGTGTCGAAGGG_001,191
ACTGTGTCAGTGTCGAAGGG_002,169
ACTGTGTCAGTGTCGAAGGG_003,34
ACTGTGTCAGTGTCGAAGGG_004,169
ACTGTGTCAGTGTCGAAGGG_005,72
ACTGTGTCAGTGTCGAAGGG_006,133
ACTGTGTCAGTGTCGAAGGG_007,41
ACTGTGTCAGTGTCGAAGGG_008,26
ACTGTGTCAGTGTCGAAGGG_009,92
TGATGGACTGATCACAACCG_001,139
TGATGGACTGATCACAACCG_002,172
TGATGGACTGATCACAACCG_003,90
TGATGGACTGATCACAACCG_004,150
TGATGGACTGATCACAACCG_005,157
TGATGGACTGATCACAACCG_006,82
TGATGGACTGATCACAACCG_007,175
TGATGGACTGATCACAACCG_008,103
TGATGGACTGATCACAACCG_009,59
TGATGGACTGATCACAACCG_010,85
TGATGGACTGATCACAACCG_011,165
TGATGGACTGATCACAACCG_012,43
TGATGGACTGATCACAACCG_013,59
TGATGGACTGATCACAACCG_014,46
GCGACATCGCCATAGCAACA_001,182
GCGACATCGCCATAGCAACA_002,20
GCGACATCGCCATAGCAACA_003,32
GCGACATCGCCATAGCAACA_004,163
TCGTAGTCGTGACAGAGCGG_001,35
TCGTAGTCGTGACAGAGCGG_002,115
CCCACGCTTAGGGAGATGTG_001,42
CCCACGCTTAGGGAGATGTG_002,78
CCCACGCTTAGGGAGATGTG_003,188
CCCACGCTTAGGGAGATGTG_004,133
CCCACGCTTAGGGAGATGTG_005,29
CCCACGCTTAGGGAGATGTG_006,193
CCCACGCTTAGGGAGATGTG_007,149
CCCACGCTTAGGGAGATGTG_008,34
CCCACGCTTAGGGAGATGTG_009,78
CCCACGCTTAGGGAGATGTG_010,13
CCCACGCTTAGGGAGATGTG_011,147
CCCACGCTTAGGGAGATGTG_012,17
CCCACGCTTAGGGAGATGTG_013,145
CCCACGCTTAGGGAGATGTG_014,63
CCCACGCTTAGGGAGATGTG_015,9
CCCACGCTTAGGGAGATGTG_016,188
CCCACGCTTAGGGAGATGTG_017,67
CCCACGCTTAGGGAGATGTG_018,98
AGACTCTGCGGCTTCTCATG_001,163
AGACTCTGCGGCTTCTCATG_002,160
AGACTCTGCGGCTTCTCATG_003,185
AGACTCTGCGGCTTCTCATG_004,117
CTTGGCAGATGGCTACACCA_001,52
CTTGGCAGATGGCTACACCA_002,70
CTTGGCAGATGGCTACACCA_003,161
CTTGGCAGATGGCTACACCA_004,192
CTTGGCAGATGGCTACACCA_005,36
CTTGGCAGATGGCTACACCA_006,16
CTTGGCAGATGGCTACACCA_007,70
CTTGGCAGATGGCTACACCA_008,123
CTTGGCAGATGGCTACACCA_009,94
CTTGGCAGATGGCTACACCA_010,88
CTTGGCAGATGGCTACACCA_011,46
CTTGGCAGATGGCTACACCA_012,175
AGATGCGAATCTGCACGTAC_001,130
AGATGCGAATCTGCACGTAC_002,56
AGATGCGAATCTGCACGTAC_003,147
AGATGCGAATCTGCACGTAC_004,35
AGATGCGAATCTGCACGTAC_005,94
AGATGCGAATCTGCACGTAC_006,72
AGATGCGAATCTGCACGTAC_007,66
AGATGCGAATCTGCACGTAC_008,191
AGATGCGAATCTGCACGTAC_009,49
AGATGCGAATCTGCACGTAC_010,20
AGATGCGAATCTGCACGTAC_011,105
AGATGCGAATCTGCACGTAC_012,174
AATGCAGGCCCTATAACCAC_001,75
AATGCAGGCCCTATAACCAC_002,73
AATGCAGGCCCTATAACCAC_003,197
AATGCAGGCCCTATAACCAC_004,9
AATGCAGGCCCTATAACCAC_005,48
AATGCAGGCCCTATAACCAC_006,94
AACCCACCCTCAGAGGCCGT_001,181
AACCCACCCTCAGAGGCCGT_002,134
AACCCACCCTCAGAGGCCGT_003,48
AACCCACCCTCAGAGGCCGT_004,62
AACCCACCCTCAGAGGCCGT_005,70
AACCCACCCTCAGAGGCCGT_006,19
AACCCACCCTCAGAGGCCGT_007,11
AACCCACCCTCAGAGGCCGT_008,58
AACCCACCCTCAGAGGCCGT_009,182
AACCCACCCTCAGAGGCCGT_010,78
AACCCACCCTCAGAGGCCGT_011,41
AACCCACCCTCAGAGGCCGT_012,187
AACCCACCCTCAGAGGCCGT_013,14
AACCCACCCTCAGAGGCCGT_014,147
AACCCACCCTCAGAGGCCGT_015,140
AACCCACCCTCAGAGGCCGT_016,155
AACCCACCCTCAGAGGCCGT_017,117
AACCCACCCTCAGAGGCCGT_018,58
AACCCACCCTCAGAGGCCGT_019,29
AACCCACCCTCAGAGGCCGT_020,19
AACCCACCCTCAGAGGCCGT_021,184
AACCCACCCTCAGAGGCCGT_022,62
AACCCACCCTCAGAGGCCGT_023,49
AACCCACCCTCAGAGGCCGT_024,198
AACCCACCCTCAGAGGCCGT_025,58
AACCCACCCTCAGAGGCCGT_026,90
AACCCACCCTCAGAGGCCGT_027,48
AACCCACCCTCAGAGGCCGT_028,124
AACCCACCCTCAGAGGCCGT_029,1
AACCCACCCTCAGAGGCCGT_030,174
AACCCACCCTCAGAGGCCGT_031,106
AACCCACCCTCAGAGGCCGT_032,192
AACCCACCCTCAGAGGCCGT_033,30
AACCCACCCTCAGAGGCCGT_034,3
CTTAAGTACGCTGAGACTAG_001,116
CTTAAGTACGCTGAGACTAG_002,148
CTTAAGTACGCTGAGACTAG_003,86
GAAGTCTACGATGGTACACA_001,106
GAAGTCTACGATGGTACACA_002,52
GAAGTCTACGATGGTACACA_003,122
TCCTGCGCTCATACATGCAG_001,170
TCCTGCGCTCATACATGCAG_002,132
TCCTGCGCTCATACATGCAG_003,194
TCCTGCGCTCATACATGCAG_004,173
TCCTGCGCTCATACATGCAG_005,13
TCCTGCGCTCATACATGCAG_006,170
TCCTGCGCTCATACATGCAG_007,123
TCCTGCGCTCATACATGCAG_008,129
TCCTGCGCTCATACATGCAG_009,29
TCCTGCGCTCATACATGCAG_010,48
GCTGCGCACCCCTTCCTCAG_001,69
GCTGCGCACCCCTTCCTCAG_002,46
GCTGCGCACCCCTTCCTCAG_003,38
GCTGCGCACCCCTTCCTCAG_004,150
GCTGCGCACCCCTTCCTCAG_005,0
GCTGCGCACCCCTTCCTCAG_006,28
AACACTAATGGGCATGAACT_001,144
AACACTAATGGGCATGAACT_002,194
AACACTAATGGGCATGAACT_003,106
AACACTAATGGGCATGAACT_004,106
AACACTAATGGGCATGAACT_005,150
AACACTAATGGGCATGAACT_006,168
CCTCCTGAAGTACTTCACAA_001,189
CCTCCTGAAGTACTTCACAA_002,13
CCTCCTGAAGTACTTCACAA_003,42
CCTCCTGAAGTACTTCACAA_004,96
CCTCCTGAAGTACTTCACAA_005,163
CCTCCTGAAGTACTTCACAA_006,174
CCTCCTGAAGTACTTCACAA_007,152
CCTCCTGAAGTACTTCACAA_008,58
CATGAACCGCCACAACAACG_001,80
CATGAACCGCCACAACAACG_002,132
CATGAACCGCCACAACAACG_003,68
CATGAACCGCCACAACAACG_004,8
CATGAACCGCCACAACAACG_005,181
CATGAACCGCCACAACAACG_006,63
CATGAACCGCCACAACAACG_007,84
CATGAACCGCCACAACAACG_008,104
CATGAACCGCCACAACAACG_009,174
CATGAACCGCCACAACAACG_010,120
CATGAACCGCCACAACAACG_011,17
CATGAACCGCCACAACAACG_012,147
CATGAACCGCCACAACAACG_013,76
CATGAACCGCCACAACAACG_014,8
CATGAACCGCCACAACAACG_015,22
CATGAACCGCCACAACAACG_016,19
CATGAACCGCCACAACAACG_017,26
CATGAACCGCCACAACAACG_018,147
CATGAACCGCCACAACAACG_019,11
CATGAACCGCCACAACAACG_020,156
CATGAACCGCCACAACAACG_021,33
CATGAACCGCCACAACAACG_022,150
CATGAACCGCCACAACAACG_023,148
CATGAACCGCCACAACAACG_024,10
CATGAACCGCCACAACAACG_025,79
CATGAACCGCCACAACAACG_026,78
CATGAACCGCCACAACAACG_027,106
CATGAACCGCCACAACAACG_028,7
CATGAACCGCCACAACAACG_029,183
CATGAACCGCCACAACAACG_030,49
CATGAACCGCCACAACAACG_031,152
CATGAACCGCCACAACAACG_032,115
CCTACATTAGTCAACTGCCA_001,102
CCTACATTAGTCAACTGCCA_002,149
CCTACATTAGTCAACTGCCA_003,1
CCTACATTAGTCAACTGCCA_004,78
CCTACATTAGTCAACTGCCA_005,2
CCTACATTAGTCAACTGCCA_006,170
GGCCGGCTCGTTCCACAGCG_001,65
GGCCGGCTCGTTCCACAGCG_002,16
GGCCGGCTCGTTCCACAGCG_003,77
GGCCGGCTCGTTCCACAGCG_004,70
GGCCGGCTCGTTCCACAGCG_005,130
GGCCGGCTCGTTCCACAGCG_006,39
GGCCGGCTCGTTCCACAGCG_007,8
GGCCGGCTCGTTCCACAGCG_008,153
GTCGGGAAGACGTCGTCCTG_001,183
GTCGGGAAGACGTCGTCCTG_002,149
GTCGGGAAGACGTCGTCCTG_003,72
GTCGGGAAGACGTCGTCCTG_004,54
GTCGGGAAGACGTCGTCCTG_005,89
GTCGGGAAGACGTCGTCCTG_006,73
GTCGGGAAGACGTCGTCCTG_007,139
GTCGGGAAGACGTCGTCCTG_008,105
GTCGGGAAGACGTCGTCCTG_009,103
GTCGGGAAGACGTCGTCCTG_010,82
GTCGGGAAGACGTCGTCCTG_011,4
GTCGGGAAGACGTCGTCCTG_012,163
GTCGGGAAGACGTCGTCCTG_013,137
GTCGGGAAGACGTCGTCCTG_014,90
GTCGGGAAGACGTCGTCCTG_015,91
GTCGGGAAGACGTCGTCCTG_016,91
GTCGGGAAGACGTCGTCCTG_017,61
GTCGGGAAGACGTCGTCCTG_018,91
GTCGGGAAGACGTCGTCCTG_019,49
GTCGGGAAGACGTCGTCCTG_020,172
GTCGGGAAGACGTCGTCCTG_021,115
GTCGGGAAGACGTCGTCCTG_022,8
GTCGGGAAGACGTCGTCCTG_023,188
GTCGGGAAGACGTCGTCCTG_024,56
GTCGGGAAGACGTCGTCCTG_025,99
GTCGGGAAGACGTCGTCCTG_026,99
GTCGGGAAGACGTCGTCCTG_027,15
GTCGGGAAGACGTCGTCCTG_028,104
GTCGGGAAGACGTCGTCCTG_029,144
GTCGGGAAGACGTCGTCCTG_030,198
GTCGGGAAGACGTCGTCCTG_031,8
GTCGGGAAGACGTCGTCCTG_032,136
GTCGGGAAGACGTCGTCCTG_033,57
GTCGGGAAGACGTCGTCCTG_034,63
GTCGGGAAGACGTCGTCCTG_035,30
TGCTCGAGATGGTCACACCC_001,125
TGCTCGAGATGGTCACACCC_002,37
GCAACAACACGTAGTCCCAC_001,94
GCAACAACACGTAGTCCCAC_002,157
GCAACAACACGTAGTCCCAC_003,150
GCAACAACACGTAGTCCCAC_004,169
GCAACAACACGTAGTCCCAC_005,69
GCAACAACACGTAGTCCCAC_006,183
GCAACAACACGTAGTCCCAC_007,56
GCAACAACACGTAGTCCCAC_008,56
GCAACAACACGTAGTCCCAC_009,19
GCAACAACACGTAGTCCCAC_010,166
GCAACAACACGTAGTCCCAC_011,3
GCAACAACACGTAGTCCCAC_012,10
GCAACAACACGTAGTCCCAC_013,126
GAACCTACCCACAAGGGACG_001,147
GAACCTACCCACAAGGGACG_002,60
GAACCTACCCACAAGGGACG_003,68
GAACCTACCCACAAGGGACG_004,104
GAACCTACCCACAAGGGACG_005,129
GAACCTACCCACAAGGGACG_006,153
GAACCTACCCACAAGGGACG_007,115
GAACCTACCCACAAGGGACG_008,191
GAACCTACCCACAAGGGACG_009,35
GAACCTACCCACAAGGGACG_010,57
GAACCTACCCACAAGGGACG_011,178
GAACCTACCCACAAGGGACG_012,145
GAACCTACCCACAAGGGACG_013,160
CTAGCAGAGAAACGATCATG_001,5
CTAGCAGAGAAACGATCATG_002,5
CTAGCAGAGAAACGATCATG_003,174
CTAGCAGAGAAACGATCATG_004,166
CTAGCAGAGAAACGATCATG_005,10
CTAGCAGAGAAACGATCATG_006,180
CTAGCAGAGAAACGATCATG_007,77
TACTGGACCAGGCTTTGACG_001,34
TACTGGACCAGGCTTTGACG_002,106
TACTGGACCAGGCTTTGACG_003,103
TACTGGACCAGGCTTTGACG_004,85
TACTGGACCAGGCTTTGACG_005,188
TACTGGACCAGGCTTTGACG_006,22
TACTGGACCAGGCTTTGACG_007,50
TACTGGACCAGGCTTTGACG_008,88
TACTGGACCAGGCTTTGACG_009,15
TACTGGACCAGGCTTTGACG_010,178
TACTGGACCAGGCTTTGACG_011,158
TACTGGACCAGGCTTTGACG_012,111
TACTGGACCAGGCTTTGACG_013,63
TACTGGACCAGGCTTTGACG_014,71
TACTGGACCAGGCTTTGACG_015,48
TACTGGACCAGGCTTTGACG_016,161
TACTGGACCAGGCTTTGACG_017,176
TACTGGACCAGGCTTTGACG_018,140
TACTGGACCAGGCTTTGACG_019,180
TACTGGACCAGGCTTTGACG_020,62
TACTGGACCAGGCTTTGACG_021,0
TACTGGACCAGGCTTTGACG_022,29
TACTGGACCAGGCTTTGACG_023,118
TACTGGACCAGGCTTTGACG_024,21
CAAACACCAGGATACCCCCG_001,20
CAAACACCAGGATACCCCCG_002,77
CAAACACCAGGATACCCCCG_003,78
CAAACACCAGGATACCCCCG_004,145
CAAACACCAGGATACCCCCG_005,128
CAAACACCAGGATACCCCCG_006,43
CAAACACCAGGATACCCCCG_007,154
CGGAGTAACAAGCGGACGGA_001,161
CGGAGTAACAAGCGGACGGA_002,6
CGGAGTAACAAGCGGACGGA_003,80
CGGAGTAACAAGCGGACGGA_004,169
CGGAGTAACAAGCGGACGGA_005,105
CGGAGTAACAAGCGGACGGA_006,71
CGGAGTAACAAGCGGACGGA_007,184
CGGAGTAACAAGCGGACGGA_008,63
CGGAGTAACAAGCGGACGGA_009,166
CGGAGTAACAAGCGGACGGA_010,32
CGGAGTAACAAGCGGACGGA_011,86
CGGAGTAACAAGCGGACGGA_012,110
CGGAGTAACAAGCGGACGGA_013,89
CGGAGTAACAAGCGGACGGA_014,46
CGGAGTAACAAGCGGACGGA_015,44
CGGAGTAACAAGCGGACGGA_016,76
CGGAGTAACAAGCGGACGGA_017,161
CGGAGTAACAAGCGGACGGA_018,161
CGGAGTAACAAGCGGACGGA_019,191
CGGAGTAACAAGCGGACGGA_020,106
CGGAGTAACAAGCGGACGGA_021,199
CGGAGTAACAAGCGGACGGA_022,194
CGGAGTAACAAGCGGACGGA_023,159
CGGAGTAACAAGCGGACGGA_024,159
TTAAAGCAGTACAAGTCCAG_001,175
TTAAAGCAGTACAAGTCCAG_002,48
TTAAAGCAGTACAAGTCCAG_003,43
TTAAAGCAGTACAAGTCCAG_004,138
TTAAAGCAGTACAAGTCCAG_005,77
TTAAAGCAGTACAAGTCCAG_006,124
AATACATGTTTCTCGTCCAG_001,91
ACTCCCAAAGAACGCTTAGG_001,150
ACTCCCAAAGAACGCTTAGG_002,170
ACTCCCAAAGAACGCTTAGG_003,2
ACTCCCAAAGAACGCTTAGG_004,111
ACTCCCAAAGAACGCTTAGG_005,183
ACTCCCAAAGAACGCTTAGG_006,154
ACTCCCAAAGAACGCTTAGG_007,176
ACTCCCAAAGAACGCTTAGG_008,94
ACTCCCAAAGAACGCTTAGG_009,62
ACTCCCAAAGAACGCTTAGG_010,48
ACTCCCAAAGAACGCTTAGG_011,34
ACTCCCAAAGAACGCTTAGG_012,8
ACTCCCAAAGAACGCTTAGG_013,83
ACTCCCAAAGAACGCTTAGG_014,174
ACTCCCAAAGAACGCTTAGG_015,27
ACTCCCAAAGAACGCTTAGG_016,109
ACTCCCAAAGAACGCTTAGG_017,150
ACTCCCAAAGAACGCTTAGG_018,95
ACTCCCAAAGAACGCTTAGG_019,50
ACTCCCAAAGAACGCTTAGG_020,165
ACTCCCAAAGAACGCTTAGG_021,68
ACTCCCAAAGAACGCTTAGG_022,198
ACTCCCAAAGAACGCTTAGG_023,49
ACTCCCAAAGAACGCTTAGG_024,76
ACTCCCAAAGAACGCTTAGG_025,6
ACTCCCAAAGAACGCTTAGG_026,144
ACTCCCAAAGAACGCTTAGG_027,194
ACTCCCAAAGAACGCTTAGG_028,12
ACTCCCAAAGAACGCTTAGG_029,88
ATTGGGATTATCGTCTACCG_001,48
ATTGGGATTATCGTCTACCG_002,49
ATTGGGATTATCGTCTACCG_003,119
ATTGGGATTATCGTCTACCG_004,3
ATTGGGATTATCGTCTACCG_005,53
ATTGGGATTATCGTCTACCG_006,191
CAGGCAAGTCACCAAGGCAG_001,147
CAGGCAAGTCACCAAGGCAG_002,72
CAGGCAAGTCACCAAGGCAG_003,125
CAGGCAAGTCACCAAGGCAG_004,175
CAGGCAAGTCACCAAGGCAG_005,68
CAGGCAAGTCACCAAGGCAG_006,34
CAGGCAAGTCACCAAGGCAG_007,126
CAGGCAAGTCACCAAGGCAG_008,11
CAGGCAAGTCACCAAGGCAG_009,113
CAGGCAAGTCACCAAGGCAG_010,185
CAGGCAAGTCACCAAGGCAG_011,174
CAGGCAAGTCACCAAGGCAG_012,27
CAGGCAAGTCACCAAGGCAG_013,95
CAGGCAAGTCACCAAGGCAG_014,58
CAGGCAAGTCACCAAGGCAG_015,8
CAGGCAAGTCACCAAGGCAG_016,142
CAGGCAAGTCACCAAGGCAG_017,144
CAGGCAAGTCACCAAGGCAG_018,125
CAGGCAAGTCACCAAGGCAG_019,30
CAGGCAAGTCACCAAGGCAG_020,103
TACTACAGCAACTATTATGG_001,183
AGAGGCCGTCACTACCCTTG_001,36
AGAGGCCGTCACTACCCTTG_002,149
AGAGGCCGTCACTACCCTTG_003,55
AGAGGCCGTCACTACCCTTG_004,16
AGAGGCCGTCACTACCCTTG_005,55
AGAGGCCGTCACTACCCTTG_006,89
AGAGGCCGTCACTACCCTTG_007,23
AGAGGCCGTCACTACCCTTG_008,5
AGAGGCCGTCACTACCCTTG_009,78
AGAGGCCGTCACTACCCTTG_010,166
AGAGGCCGTCACTACCCTTG_011,168
AGAGGCCGTCACTACCCTTG_012,94
AGAGGCCGTCACTACCCTTG_013,77
AGAGGCCGTCACTACCCTTG_014,152
AGAGGCCGTCACTACCCTTG_015,199
AGAGGCCGTCACTACCCTTG_016,19
AGAGGCCGTCACTACCCTTG_017,13
AGAGGCCGTCACTACCCTTG_018,3
AGAGGCCGTCACTACCCTTG_019,184
AGAGGCCGTCACTACCCTTG_020,144
AGAGGCCGTCACTACCCTTG_021,190
AGAGGCCGTCACTACCCTTG_022,48
AGAGGCCGTCACTACCCTTG_023,150
AGAGGCCGTCACTACCCTTG_024,9
AGAGGCCGTCACTACCCTTG_025,179
AGAGGCCGTCACTACCCTTG_026,87
AGAGGCCGTCACTACCCTTG_027,173
AGAGGCCGTCACTACCCTTG_028,173
AGAGGCCGTCACTACCCTTG_029,60
AGAGGCCGTCACTACCCTTG_030,94
AGAGGCCGTCACTACCCTTG_031,144
AGAGGCCGTCACTACCCTTG_032,9
AGAGGCCGTCACTACCCTTG_033,146
AGAGGCCGTCACTACCCTTG_034,60
AGAGGCCGTCACTACCCTTG_035,149
AGAGGCCGTCACTACCCTTG_036,125
AGAGGCCGTCACTACCCTTG_037,69
AGAGGCCGTCACTACCCTTG_038,34
AGAGGCCGTCACTACCCTTG_039,145
AGAGGCCGTCACTACCCTTG_040,9
AGAGGCCGTCACTACCCTTG_041,155
AGAGGCCGTCACTACCCTTG_042,109
AGAGGCCGTCACTACCCTTG_043,61
ACCAATGTACTATCGAGGGT_001,94
ACCAATGTACTATCGAGGGT_002,32
ACCAATGTACTATCGAGGGT_003,154
ACCAATGTACTATCGAGGGT_004,114
ACCAATGTACTATCGAGGGT_005,190
ACCAATGTACTATCGAGGGT_006,34
ACCAATGTACTATCGAGGGT_007,86
ATACATCAGTCAAGTATGTG_001,94
ATACATCAGTCAAGTATGTG_002,19
CAGATGGCTATCCAGCCTGA_001,40
GAGCGACCTGGAACGTGCAG_001,97
GAGCGACCTGGAACGTGCAG_002,106
GAGCGACCTGGAACGTGCAG_003,27
GAGCGACCTGGAACGTGCAG_004,50
GAGCGACCTGGAACGTGCAG_005,3
GAGCGACCTGGAACGTGCAG_006,113
GAGCGACCTGGAACGTGCAG_007,24
GAGCGACCTGGAACGTGCAG_008,56
GAGCGACCTGGAACGTGCAG_009,2
GAGCGACCTGGAACGTGCAG_010,172
GGCCGGTGAATCTCTGGACA_001,42
GGCCGGTGAATCTCTGGACA_002,103
ACTCCCAGAATGGGATCTGG_001,2
ACTCCCAGAATGGGATCTGG_002,76
ACTCCCAGAATGGGATCTGG_003,16
ACTCCCAGAATGGGATCTGG_004,20
ACTCCCAGAATGGGATCTGG_005,188
ACTCCCAGAATGGGATCTGG_006,88
ACTCCCAGAATGGGATCTGG_007,38
ACTCCCAGAATGGGATCTGG_008,35
ACTCCCAGAATGGGATCTGG_009,183
GTGCAGGAGAGATTAAGTAC_001,149
GTGCAGGAGAGATTAAGTAC_002,127
GTGCAGGAGAGATTAAGTAC_003,2
GTGCAGGAGAGATTAAGTAC_004,141
TGGGAGCAGCTCGATAAAGG_001,152
TGGGAGCAGCTCGATAAAGG_002,97
TGGGAGCAGCTCGATAAAGG_003,105
TGGGAGCAGCTCGATAAAGG_004,125
TGGGAGCAGCTCGATAAAGG_005,94
TGGGAGCAGCTCGATAAAGG_006,169
ACGAGCAACATAAAATCCGC_001,26
ACGAGCAACATAAAATCCGC_002,140
ACGAGCAACATAAAATCCGC_003,104
ACGAGCAACATAAAATCCGC_004,51
ACGAGCAACATAAAATCCGC_005,64
CAGCATCATATTCCTCACGG_001,120
CTAGTGAAGCTGCATATGGG_001,72
CTAGTGAAGCTGCATATGGG_002,178
CATGAGTGTCATTATCAAGT_001,14
GCCGAACAAGCAAAGAACAG_001,160
GCCGAACAAGCAAAGAACAG_002,25
GCCGAACAAGCAAAGAACAG_003,88
GCCGAACAAGCAAAGAACAG_004,124
GCCGAACAAGCAAAGAACAG_005,126
GTTGGTGCCCAATACCGGCG_001,62
GTTGGTGCCCAATACCGGCG_002,51
GTTGGTGCCCAATACCGGCG_003,48
GTTGGTGCCCAATACCGGCG_004,49
GTTGGTGCCCAATACCGGCG_005,12
GTTGGTGCCCAATACCGGCG_006,126
GTTGGTGCCCAATACCGGCG_007,36
GTTGGTGCCCAATACCGGCG_008,112
GTTGGTGCCCAATACCGGCG_009,44
GTTGGTGCCCAATACCGGCG_010,45
GTTGGTGCCCAATACCGGCG_011,19
GTTGGTGCCCAATACCGGCG_012,19
GTTGGTGCCCAATACCGGCG_013,119
GTTGGTGCCCAATACCGGCG_014,162
GTTGGTGCCCAATACCGGCG_015,76
GTTGGTGCCCAATACCGGCG_016,148
GTTGGTGCCCAATACCGGCG_017,95
GTTGGTGCCCAATACCGGCG_018,17
GTTGGTGCCCAATACCGGCG_019,5
GTTGGTGCCCAATACCGGCG_020,35
GTTGGTGCCCAATACCGGCG_021,76
GTTGGTGCCCAATACCGGCG_022,5
GTTGGTGCCCAATACCGGCG_023,88
GTTGGTGCCCAATACCGGCG_024,85
GTTGGTGCCCAATACCGGCG_025,52
GTTGGTGCCCAATACCGGCG_026,142
GTTGGTGCCCAATACCGGCG_027,166
ACATCAGGAAAACAATAACC_001,74
ACATCAGGAAAACAATAACC_002,3
TATAGCGCCCAGTCTTGTCG_001,137
TATAGCGCCCAGTCTTGTCG_002,66
TATAGCGCCCAGTCTTGTCG_003,121
TATAGCGCCCAGTCTTGTCG_004,63
ACGGTGCTCAGCATGTGACG_001,137
ACGGTGCTCAGCATGTGACG_002,23
CAACCGGCGGGCCCCTACAA_001,15
CAACCGGCGGGCCCCTACAA_002,198
CAACCGGCGGGCCCCTACAA_003,24
CAACCGGCGGGCCCCTACAA_004,77
CAACCGGCGGGCCCCTACAA_005,172
CAACCGGCGGGCCCCTACAA_006,23
CAACCGGCGGGCCCCTACAA_007,183
CAACCGGCGGGCCCCTACAA_008,183
CAACCGGCGGGCCCCTACAA_009,51
CAACCGGCGGGCCCCTACAA_010,148
CAACCGGCGGGCCCCTACAA_011,26
CAACCGGCGGGCCCCTACAA_012,34
CAACCGGCGGGCCCCTACAA_013,157
CAACCGGCGGGCCCCTACAA_014,102
CAACCGGCGGGCCCCTACAA_015,170
CAACCGGCGGGCCCCTACAA_016,97
CAACCGGCGGGCCCCTACAA_017,151
CAACCGGCGGGCCCCTACAA_018,115
CAACCGGCGGGCCCCTACAA_019,175
CAACCGGCGGGCCCCTACAA_020,94
CAACCGGCGGGCCCCTACAA_021,42
CAACCGGCGGGCCCCTACAA_022,172
CAACCGGCGGGCCCCTACAA_023,182
CAACCGGCGGGCCCCTACAA_024,119
CAACCGGCGGGCCCCTACAA_025,87
CAACCGGCGGGCCCCTACAA_026,52
CAACCGGCGGGCCCCTACAA_027,116
CAACCGGCGGGCCCCTACAA_028,29
CAACCGGCGGGCCCCTACAA_029,176
CAACCGGCGGGCCCCTACAA_030,2
CAACCGGCGGGCCCCTACAA_031,191
CAACCGGCGGGCCCCTACAA_032,29
CAACCGGCGGGCCCCTACAA_033,76
CAACCGGCGGGCCCCTACAA_034,161
CAACCGGCGGGCCCCTACAA_035,49
CAACCGGCGGGCCCCTACAA_036,134
CAACCGGCGGGCCCCTACAA_037,196
CAACCGGCGGGCCCCTACAA_038,29
CAACCGGCGGGCCCCTACAA_039,197
CAACCGGCGGGCCCCTACAA_040,135
CAACCGGCGGGCCCCTACAA_041,4
CAACCGGCGGGCCCCTACAA_042,173
CAACCGGCGGGCCCCTACAA_043,191
CAACCGGCGGGCCCCTACAA_044,19
CAACCGGCGGGCCCCTACAA_045,191
CAACCGGCGGGCCCCTACAA_046,62
CAACCGGCGGGCCCCTACAA_047,166
CAACCGGCGGGCCCCTACAA_048,102
CACTGACTCGAAAGAATAAG_001,198
CACTGACTCGAAAGAATAAG_002,170
CACTGACTCGAAAGAATAAG_003,84
CACTGACTCGAAAGAATAAG_004,3
CACTGACTCGAAAGAATAAG_005,152
GCAGCGGCAGTGGGTACCGT_001,188
GCAGCGGCAGTGGGTACCGT_002,19
GCAGCGGCAGTGGGTACCGT_003,159
GCAGCGGCAGTGGGTACCGT_004,181
GCAGCGGCAGTGGGTACCGT_005,144
GCAGCGGCAGTGGGTACCGT_006,7
GCAGCGGCAGTGGGTACCGT_007,142
GCAGCGGCAGTGGGTACCGT_008,134
GCAGCGGCAGTGGGTACCGT_009,150
GCAGCGGCAGTGGGTACCGT_010,93
GCAGCGGCAGTGGGTACCGT_011,88
GCAGCGGCAGTGGGTACCGT_012,78
GCAGCGGCAGTGGGTACCGT_013,170
GCAGCGGCAGTGGGTACCGT_014,144
GCAGCGGCAGTGGGTACCGT_015,126
GCAGCGGCAGTGGGTACCGT_016,144
GCAGCGGCAGTGGGTACCGT_017,48
GCAGCGGCAGTGGGTACCGT_018,142
GCAGCGGCAGTGGGTACCGT_019,148
GCAGCGGCAGTGGGTACCGT_020,106
GCAGCGGCAGTGGGTACCGT_021,15
GCAGCGGCAGTGGGTACCGT_022,46
GAAGTAACTCAAATTGCTTG_001,183
GAAGTAACTCAAATTGCTTG_002,82
GAAGTAACTCAAATTGCTTG_003,35
GAAGTAACTCAAATTGCTTG_004,177
GAAGTAACTCAAATTGCTTG_005,148
GAAGTAACTCAAATTGCTTG_006,168
GAAGTAACTCAAATTGCTTG_007,142
GAAGTAACTCAAATTGCTTG_008,153
GAAGTAACTCAAATTGCTTG_009,151
GAAGTAACTCAAATTGCTTG_010,84
GAAGTAACTCAAATTGCTTG_011,70
GCTACTGAGGCAGAAACGGG_001,191
GCTACTGAGGCAGAAACGGG_002,130
GCTACTGAGGCAGAAACGGG_003,198
GCTACTGAGGCAGAAACGGG_004,168
GCTACTGAGGCAGAAACGGG_005,44
CAAAACGGGAGACAAAGGTA_001,134
CAAAACGGGAGACAAAGGTA_002,32
CAAAACGGGAGACAAAGGTA_003,57
CAAAACGGGAGACAAAGGTA_004,83
CAAAACGGGAGACAAAGGTA_005,67
CAAAACGGGAGACAAAGGTA_006,147
CAAAACGGGAGACAAAGGTA_007,74
CAAAACGGGAGACAAAGGTA_008,30
CAAAACGGGAGACAAAGGTA_009,197
CAAAACGGGAGACAAAGGTA_010,170
CAAAACGGGAGACAAAGGTA_011,41
CAAAACGGGAGACAAAGGTA_012,17
CAAAACGGGAGACAAAGGTA_013,78
CAAAACGGGAGACAAAGGTA_014,169
CAAAACGGGAGACAAAGGTA_015,60
CAAAACGGGAGACAAAGGTA_016,75
CAAAACGGGAGACAAAGGTA_017,94
CTGCAACAGCTGATCGAGAG_001,116
CTGCAACAGCTGATCGAGAG_002,121
CTGCAACAGCTGATCGAGAG_003,182
CTGCAACAGCTGATCGAGAG_004,177
CTGCAACAGCTGATCGAGAG_005,179
CTGCAACAGCTGATCGAGAG_006,31
CTGCAACAGCTGATCGAGAG_007,33
GTGCTGTTGTGTCACACATG_001,70
GTGCTGTTGTGTCACACATG_002,147
GTGCTGTTGTGTCACACATG_003,47
GTGCTGTTGTGTCACACATG_004,111
GTGCTGTTGTGTCACACATG_005,42
GTGCTGTTGTGTCACACATG_006,155
GTGCTGTTGTGTCACACATG_007,12
GTGCTGTTGTGTCACACATG_008,121
GTGCTGTTGTGTCACACATG_009,19
CTGCCGAGAGAAGCTCGTCG_001,145
CTGCCGAGAGAAGCTCGTCG_002,149
CTGCCGAGAGAAGCTCGTCG_003,23
CTGCCGAGAGAAGCTCGTCG_004,129
CTGCCGAGAGAAGCTCGTCG_005,21
CTGCCGAGAGAAGCTCGTCG_006,53
CTGCCGAGAGAAGCTCGTCG_007,30
CTGCCGAGAGAAGCTCGTCG_008,170
CACTGCCCCGCGCACCTCCG_001,32
CACTGCCCCGCGCACCTCCG_002,163
CACTGCCCCGCGCACCTCCG_003,187
CACTGCCCCGCGCACCTCCG_004,28
CACTGCCCCGCGCACCTCCG_005,12
CACTGCCCCGCGCACCTCCG_006,127
CACTGCCCCGCGCACCTCCG_007,170
CACTGCCCCGCGCACCTCCG_008,172
CACTGCCCCGCGCACCTCCG_009,190
CACTGCCCCGCGCACCTCCG_010,62
CACTGCCCCGCGCACCTCCG_011,40
CACTGCCCCGCGCACCTCCG_012,106
CACTGCCCCGCGCACCTCCG_013,42
CACTGCCCCGCGCACCTCCG_014,96
CACTGCCCCGCGCACCTCCG_015,98
CACTGCCCCGCGCACCTCCG_016,34
CACTGCCCCGCGCACCTCCG_017,61
CACTGCCCCGCGCACCTCCG_018,34
CACTGCCCCGCGCACCTCCG_019,34
CACTGCCCCGCGCACCTCCG_020,45
CACTGCCCCGCGCACCTCCG_021,145
CACTGCCCCGCGCACCTCCG_022,20
CACTGCCCCGCGCACCTCCG_023,15
CACTGCCCCGCGCACCTCCG_024,156
CACTGCCCCGCGCACCTCCG_025,175
CACTGCCCCGCGCACCTCCG_026,144
CACTGCCCCGCGCACCTCCG_027,70
CACTGCCCCGCGCACCTCCG_028,191
CACTGCCCCGCGCACCTCCG_029,120
CACTGCCCCGCGCACCTCCG_030,50
CACTGCCCCGCGCACCTCCG_031,0
CACTGCCCCGCGCACCTCCG_032,150
CACTGCCCCGCGCACCTCCG_033,62
CACTGCCCCGCGCACCTCCG_034,48
CACTGCCCCGCGCACCTCCG_035,41
CACTGCCCCGCGCACCTCCG_036,96
CACTGCCCCGCGCACCTCCG_037,182
CACTGCCCCGCGCACCTCCG_038,108
CACTGCCCCGCGCACCTCCG_039,6
CACTGCCCCGCGCACCTCCG_040,101
CACTGCCCCGCGCACCTCCG_041,85
CACTGCCCCGCGCACCTCCG_042,151
CACTGCCCCGCGCACCTCCG_043,145
CACTGCCCCGCGCACCTCCG_044,171
CACTGCCCCGCGCACCTCCG_045,88
CACTGCCCCGCGCACCTCCG_046,98
CACTGCCCCGCGCACCTCCG_047,113
CACTGCCCCGCGCACCTCCG_048,84
CACTGCCCCGCGCACCTCCG_049,10
CACTGCCCCGCGCACCTCCG_050,36
CACTGCCCCGCGCACCTCCG_051,130
CACTGCCCCGCGCACCTCCG_052,152
CACTGCCCCGCGCACCTCCG_053,102
CACTGCCCCGCGCACCTCCG_054,84
CACTGCCCCGCGCACCTCCG_055,48
CACTGCCCCGCGCACCTCCG_056,19
CACTGCCCCGCGCACCTCCG_057,142
CACTGCCCCGCGCACCTCCG_058,142
CACTGCCCCGCGCACCTCCG_059,199
CACTGCCCCGCGCACCTCCG_060,115
CACTGCCCCGCGCACCTCCG_061,158
CACTGCCCCGCGCACCTCCG_062,157
CACTGCCCCGCGCACCTCCG_063,19
ACAGCAATGATTGACACTGG_001,12
ACAGCAATGATTGACACTGG_002,45
ACAGCAATGATTGACACTGG_003,140
ACAGCAATGATTGACACTGG_004,15
ACAGCAATGATTGACACTGG_005,56
ACAGCAATGATTGACACTGG_006,116
ACAGCAATGATTGACACTGG_007,1
ACAGCAATGATTGACACTGG_008,157
ACAGCAATGATTGACACTGG_009,177
ACAGCAATGATTGACACTGG_010,162
ACAGCAATGATTGACACTGG_011,17
ACAGCAATGATTGACACTGG_012,48
ACAGCAATGATTGACACTGG_013,131
ACAGCAATGATTGACACTGG_014,180
ACAGCAATGATTGACACTGG_015,57
ACAGCAATGATTGACACTGG_016,184
ACAGCAATGATTGACACTGG_017,12
ACAGCAATGATTGACACTGG_018,150
ACAGCAATGATTGACACTGG_019,19
ACAGCAATGATTGACACTGG_020,184
TCCTGCAATAAGGATCTAGG_001,11
TCCTGCAATAAGGATCTAGG_002,0
TCCTGCAATAAGGATCTAGG_003,160
TCCTGCAATAAGGATCTAGG_004,2
TCCTGCAATAAGGATCTAGG_005,199
TCCTGCAATAAGGATCTAGG_006,176
TCCTGCAATAAGGATCTAGG_007,138
TCCTGCAATAAGGATCTAGG_008,148
TCCTGCAATAAGGATCTAGG_009,63
TCCTGCAATAAGGATCTAGG_010,76
TCCTGCAATAAGGATCTAGG_011,98
AGGTAGTAGGAGGAATGACT_001,106
AGGTAGTAGGAGGAATGACT_002,119
AGGTAGTAGGAGGAATGACT_003,94
TACCTGCAGACAGACAGCAT_001,29
TACCTGCAGACAGACAGCAT_002,76
TACCTGCAGACAGACAGCAT_003,85
TACCTGCAGACAGACAGCAT_004,0
TACCTGCAGACAGACAGCAT_005,83
TACCTGCAGACAGACAGCAT_006,21
TACCTGCAGACAGACAGCAT_007,91
TACCTGCAGACAGACAGCAT_008,125
TACCTGCAGACAGACAGCAT_009,160
TACCTGCAGACAGACAGCAT_010,15
TACCTGCAGACAGACAGCAT_011,121
TACCTGCAGACAGACAGCAT_012,13
TACCTGCAGACAGACAGCAT_013,106
TACCTGCAGACAGACAGCAT_014,117
TACCTGCAGACAGACAGCAT_015,17
TACCTGCAGACAGACAGCAT_016,43
TACCTGCAGACAGACAGCAT_017,142
TACCTGCAGACAGACAGCAT_018,114
TATCATTATCCTCATACATG_001,0
TATCATTATCCTCATACATG_002,40
TTACCGACAGTCCAAACCAA_001,187
TTACCGACAGTCCAAACCAA_002,24
TTACCGACAGTCCAAACCAA_003,115
TTACCGACAGTCCAAACCAA_004,182
TTACCGACAGTCCAAACCAA_005,102
TTACCGACAGTCCAAACCAA_006,49
AGCCATCCAATATGTCTCGG_001,54
CAGTGCGGATAACTATACAC_001,175
CAGTGCGGATAACTATACAC_002,63
CAGTGCGGATAACTATACAC_003,83
CAGTGCGGATAACTATACAC_004,28
CAGTGCGGATAACTATACAC_005,84
CAGTGCGGATAACTATACAC_006,188
AGGTTTCAGATCGGGTGGAG_001,145
AGGTTTCAGATCGGGTGGAG_002,63
AGGTTTCAGATCGGGTGGAG_003,133
AGGTTTCAGATCGGGTGGAG_004,194
AGGTTTCAGATCGGGTGGAG_005,188
AGGTTTCAGATCGGGTGGAG_006,34
AGGTTTCAGATCGGGTGGAG_007,117
AGGTTTCAGATCGGGTGGAG_008,128
AGGTTTCAGATCGGGTGGAG_009,16
AGGTTTCAGATCGGGTGGAG_010,66
AGGTTTCAGATCGGGTGGAG_011,70
AGGTTTCAGATCGGGTGGAG_012,152
GAAGGCTCATGAAGGACGTG_001,149
GAAGGCTCATGAAGGACGTG_002,107
GAAGGCTCATGAAGGACGTG_003,83
GAAGGCTCATGAAGGACGTG_004,129
GAAGGCTCATGAAGGACGTG_005,144
GAAGGCTCATGAAGGACGTG_006,103
TCACCATCGACCCATACTTG_001,147
TCACCATCGACCCATACTTG_002,48
TCACCATCGACCCATACTTG_003,30
TCACCATCGACCCATACTTG_004,184
TCACCATCGACCCATACTTG_005,148
TCACCATCGACCCATACTTG_006,179
TCGGCATACGGGACACACGC_001,54
TCGGCATACGGGACACACGC_002,8
TCGGCATACGGGACACACGC_003,60
TCGGCATACGGGACACACGC_004,93
TCGGCATACGGGACACACGC_005,151
TCGGCATACGGGACACACGC_006,50
TCGGCATACGGGACACACGC_007,25
TCGGCATACGGGACACACGC_008,4
TCGGCATACGGGACACACGC_009,4
TCGGCATACGGGACACACGC_010,55
TCGGCATACGGGACACACGC_011,199
TCGGCATACGGGACACACGC_012,145
TCGGCATACGGGACACACGC_013,30
TCGGCATACGGGACACACGC_014,158
TCGGCATACGGGACACACGC_015,29
TCGGCATACGGGACACACGC_016,143
TCGGCATACGGGACACACGC_017,143
TCGGCATACGGGACACACGC_018,16
TCGGCATACGGGACACACGC_019,70
TCGGCATACGGGACACACGC_020,99
TCGGCATACGGGACACACGC_021,81
TCGGCATACGGGACACACGC_022,60
TCGGCATACGGGACACACGC_023,94
TCGGCATACGGGACACACGC_024,127
TCGGCATACGGGACACACGC_025,184
TCGGCATACGGGACACACGC_026,156
TCGGCATACGGGACACACGC_027,22
TCGGCATACGGGACACACGC_028,56
TCGGCATACGGGACACACGC_029,32
TCGGCATACGGGACACACGC_030,146
TCGGCATACGGGACACACGC_031,14
TCGGCATACGGGACACACGC_032,176
TCGGCATACGGGACACACGC_033,76
TCGGCATACGGGACACACGC_034,9
TCGGCATACGGGACACACGC_035,2
TCGGCATACGGGACACACGC_036,198
TCGGCATACGGGACACACGC_037,77
TCGGCATACGGGACACACGC_038,120
TCGGCATACGGGACACACGC_039,34
TCGGCATACGGGACACACGC_040,164
TCGGCATACGGGACACACGC_041,138
GAAGGTCTCTATGTGAACCG_001,176
GAAGGTCTCTATGTGAACCG_002,51
GAAGGTCTCTATGTGAACCG_003,72
GAAGGTCTCTATGTGAACCG_004,192
GAAGGTCTCTATGTGAACCG_005,106
GAAGGTCTCTATGTGAACCG_006,137
GAAGGTCTCTATGTGAACCG_007,27
GAAGGTCTCTATGTGAACCG_008,88
GAAGGTCTCTATGTGAACCG_009,10
GAAGGTCTCTATGTGAACCG_010,142
TGGACCTGTACACCACGTCG_001,36
GCGTGGAAATCCACAACCAC_001,103
GCGTGGAAATCCACAACCAC_002,10
GCGTGGAAATCCACAACCAC_003,4
GCGTGGAAATCCACAACCAC_004,175
GCGTGGAAATCCACAACCAC_005,150
GCGTGGAAATCCACAACCAC_006,34
TCTTCACCGAGGGATCCCTG_001,110
TCTTCACCGAGGGATCCCTG_002,132
TCTTCACCGAGGGATCCCTG_003,189
TCTTCACCGAGGGATCCCTG_004,68
TCTTCACCGAGGGATCCCTG_005,7
TCTTCACCGAGGGATCCCTG_006,151
TCTTCACCGAGGGATCCCTG_007,128
TCTTCACCGAGGGATCCCTG_008,167
TCTTCACCGAGGGATCCCTG_009,171
TCTTCACCGAGGGATCCCTG_010,147
TCTTCACCGAGGGATCCCTG_011,166
TCTTCACCGAGGGATCCCTG_012,105
TCTTCACCGAGGGATCCCTG_013,58
TCTTCACCGAGGGATCCCTG_014,162
TCTTCACCGAGGGATCCCTG_015,87
TCTTCACCGAGGGATCCCTG_016,113
TCTTCACCGAGGGATCCCTG_017,66
TCTTCACCGAGGGATCCCTG_018,45
TCTTCACCGAGGGATCCCTG_019,138
TCTTCACCGAGGGATCCCTG_020,112
TCTTCACCGAGGGATCCCTG_021,44
TCTTCACCGAGGGATCCCTG_022,168
TCTTCACCGAGGGATCCCTG_023,100
TCTTCACCGAGGGATCCCTG_024,9
CTAGGGCGTTACTACCGCAC_001,119
TCATTTGAGTCATACCTGAG_001,177
TCATTTGAGTCATACCTGAG_002,50
TCATTTGAGTCATACCTGAG_003,29
TCATTTGAGTCATACCTGAG_004,34
TCATTTGAGTCATACCTGAG_005,44
TCATTTGAGTCATACCTGAG_006,0
GGGGATCTCCCAACCTGCCC_001,166
TGGGGTGTATGCTCTCACAC_001,148
TGGGGTGTATGCTCTCACAC_002,117
GTCCACCATGTAGAGCACCA_001,49
GTCCACCATGTAGAGCACCA_002,102
GTCCACCATGTAGAGCACCA_003,190
GTCCACCATGTAGAGCACCA_004,118
GTCCACCATGTAGAGCACCA_005,31
GTCCACCATGTAGAGCACCA_006,102
GTCCACCATGTAGAGCACCA_007,106
GTCCACCATGTAGAGCACCA_008,160
GTCCACCATGTAGAGCACCA_009,27
GTCCACCATGTAGAGCACCA_010,48
GTCCACCATGTAGAGCACCA_011,141
GTCCACCATGTAGAGCACCA_012,70
GTCCACCATGTAGAGCACCA_013,128
GTCCACCATGTAGAGCACCA_014,146
GTCCACCATGTAGAGCACCA_015,169
GTCCACCATGTAGAGCACCA_016,58
GTCCACCATGTAGAGCACCA_017,182
GTCCACCATGTAGAGCACCA_018,112
GTCCACCATGTAGAGCACCA_019,0
GTCCACCATGTAGAGCACCA_020,11
GTCCACCATGTAGAGCACCA_021,165
GTCCACCATGTAGAGCACCA_022,175
GTCCACCATGTAGAGCACCA_023,19
TTGGATATTGGAGCCCACGT_001,12
TTGGATATTGGAGCCCACGT_002,107
TTGGATATTGGAGCCCACGT_003,94
TTGGATATTGGAGCCCACGT_004,108
TTGGATATTGGAGCCCACGT_005,108
TTGGATATTGGAGCCCACGT_006,60
TTGGATATTGGAGCCCACGT_007,192
TTGGATATTGGAGCCCACGT_008,174
TTGGATATTGGAGCCCACGT_009,147
TTGGATATTGGAGCCCACGT_010,177
TTGGATATTGGAGCCCACGT_011,133
CGGCGTCACAGCGAATGTGG_001,85
CGGCGTCACAGCGAATGTGG_002,78
CGGCGTCACAGCGAATGTGG_003,115
CGGCGTCACAGCGAATGTGG_004,32
CGGCGTCACAGCGAATGTGG_005,113
CGGCGTCACAGCGAATGTGG_006,122
CGGCGTCACAGCGAATGTGG_007,197
CGGCGTCACAGCGAATGTGG_008,126
CGGCGTCACAGCGAATGTGG_009,84
CGGCGTCACAGCGAATGTGG_010,174
CGGCGTCACAGCGAATGTGG_011,27
CGGCGTCACAGCGAATGTGG_012,3
CGGCGTCACAGCGAATGTGG_013,112
CGGCGTCACAGCGAATGTGG_014,138
CGGCGTCACAGCGAATGTGG_015,102
TGGGTTGGTATACCACAGGG_001,50
CGCCACGACGCCGAACTCGG_001,150
CGCCACGACGCCGAACTCGG_002,175
CGCCACGACGCCGAACTCGG_003,68
CGCCACGACGCCGAACTCGG_004,174
CGCCACGACGCCGAACTCGG_005,16
CGCCACGACGCCGAACTCGG_006,83
CGCCACGACGCCGAACTCGG_007,130
CGCCACGACGCCGAACTCGG_008,13
CGCCACGACGCCGAACTCGG_009,29
ACGGTCAAATATACCTACCA_001,16
GATGCAGCCGTATCTAGAGG_001,36
TGGAGCGCATGGAAGCAATG_001,111
TGGAGCGCATGGAAGCAATG_002,169
TGGAGCGCATGGAAGCAATG_003,184
TGGAGCGCATGGAAGCAATG_004,184
TGGAGCGCATGGAAGCAATG_005,67
TGGAGCGCATGGAAGCAATG_006,57
TGGAGCGCATGGAAGCAATG_007,76
TGGAGCGCATGGAAGCAATG_008,190
TGGAGCGCATGGAAGCAATG_009,16
TGGAGCGCATGGAAGCAATG_010,169
TGGAGCGCATGGAAGCAATG_011,1
TGGAGCGCATGGAAGCAATG_012,70
TGGAGCGCATGGAAGCAATG_013,55
TGGAGCGCATGGAAGCAATG_014,198
TGGAGCGCATGGAAGCAATG_015,197
TGGAGCGCATGGAAGCAATG_016,50
TGGAGCGCATGGAAGCAATG_017,150
TGGAGCGCATGGAAGCAATG_018,22
TGGAGCGCATGGAAGCAATG_019,129
TGGAGCGCATGGAAGCAATG_020,16
TGGAGCGCATGGAAGCAATG_021,17
TGGAGCGCATGGAAGCAATG_022,160
ACGTAAGTTTACGTGTCACG_001,78
ACGTAAGTTTACGTGTCACG_002,158
ACGTAAGTTTACGTGTCACG_003,49
ACGTAAGTTTACGTGTCACG_004,26
ACGTAAGTTTACGTGTCACG_005,144
ACGTAAGTTTACGTGTCACG_006,157
GACTTCGTGGCACTGCAGAG_001,48
GACTTCGTGGCACTGCAGAG_002,48
GACTTCGTGGCACTGCAGAG_003,87
GACTTCGTGGCACTGCAGAG_004,28
GACTTCGTGGCACTGCAGAG_005,6
GACTTCGTGGCACTGCAGAG_006,102
GACTTCGTGGCACTGCAGAG_007,48
GACTTCGTGGCACTGCAGAG_008,30
GACTTCGTGGCACTGCAGAG_009,140
GACTTCGTGGCACTGCAGAG_010,166
GACTTCGTGGCACTGCAGAG_011,98
GACTTCGTGGCACTGCAGAG_012,82
GACTTCGTGGCACTGCAGAG_013,93
GACTTCGTGGCACTGCAGAG_014,155
GACTTCGTGGCACTGCAGAG_015,49
GACTTCGTGGCACTGCAGAG_016,48
GACTTCGTGGCACTGCAGAG_017,49
GACTTCGTGGCACTGCAGAG_018,81
GACTTCGTGGCACTGCAGAG_019,177
GACTTCGTGGCACTGCAGAG_020,40
GACTTCGTGGCACTGCAGAG_021,76
GACTTCGTGGCACTGCAGAG_022,169
GACTTCGTGGCACTGCAGAG_023,41
GACTTCGTGGCACTGCAGAG_024,184
GACTTCGTGGCACTGCAGAG_025,76
GACTTCGTGGCACTGCAGAG_026,76
GACTTCGTGGCACTGCAGAG_027,170
GACTTCGTGGCACTGCAGAG_028,158
GACTTCGTGGCACTGCAGAG_029,6
GGGATTATTCTAGCAACACA_001,162
GGGATTATTCTAGCAACACA_002,139
TCGTGGCGCACCTGTACGCG_001,111
TCGTGGCGCACCTGTACGCG_002,112
TCGTGGCGCACCTGTACGCG_003,182
TCGTGGCGCACCTGTACGCG_004,9
TCGTGGCGCACCTGTACGCG_005,19
TCGTGGCGCACCTGTACGCG_006,12
TCGTGGCGCACCTGTACGCG_007,173
TCGTGGCGCACCTGTACGCG_008,109
TCGTGGCGCACCTGTACGCG_009,115
TCGTGGCGCACCTGTACGCG_010,88
TCGTGGCGCACCTGTACGCG_011,83
TCGTGGCGCACCTGTACGCG_012,184
TCGTGGCGCACCTGTACGCG_013,63
TCGTGGCGCACCTGTACGCG_014,184
TCGTGGCGCACCTGTACGCG_015,144
TTACCGGTTATAGCCACTCA_001,108
TTACCGGTTATAGCCACTCA_002,47
TTACCGGTTATAGCCACTCA_003,150
TTACCGGTTATAGCCACTCA_004,118
TTACCGGTTATAGCCACTCA_005,124
TTACCGGTTATAGCCACTCA_006,136
GGCCAGTACACTAGCCAGGG_001,161
GGCCAGTACACTAGCCAGGG_002,173
GGCCAGTACACTAGCCAGGG_003,98
GGCCAGTACACTAGCCAGGG_004,81
GGCCAGTACACTAGCCAGGG_005,119
GGCCAGTACACTAGCCAGGG_006,0
GGCCAGTACACTAGCCAGGG_007,137
GGCCAGTACACTAGCCAGGG_008,83
GGCCAGTACACTAGCCAGGG_009,81
GGCCAGTACACTAGCCAGGG_010,178
GGCCAGTACACTAGCCAGGG_011,63
GGCCAGTACACTAGCCAGGG_012,118
GGCCAGTACACTAGCCAGGG_013,168
GGCCAGTACACTAGCCAGGG_014,125
ATACCTAGATTCTACCATCA_001,159
ATACCTAGATTCTACCATCA_002,40
ATACCTAGATTCTACCATCA_003,15
ATACCTAGATTCTACCATCA_004,46
CCGCCCGATGGCATCGCGGG_001,115
CCGCCCGATGGCATCGCGGG_002,107
CCGCCCGATGGCATCGCGGG_003,58
CCGCCCGATGGCATCGCGGG_004,199
CCGCCCGATGGCATCGCGGG_005,137
CCGCCCGATGGCATCGCGGG_006,183
CCGCCCGATGGCATCGCGGG_007,168
CCGCCCGATGGCATCGCGGG_008,168
CCGCCCGATGGCATCGCGGG_009,118
CCGCCCGATGGCATCGCGGG_010,194
CCGCCCGATGGCATCGCGGG_011,132
CCGCCCGATGGCATCGCGGG_012,192
CCGCCCGATGGCATCGCGGG_013,60
CCGCCCGATGGCATCGCGGG_014,190
CCGCCCGATGGCATCGCGGG_015,98
CCGCCCGATGGCATCGCGGG_016,170
CCGCCCGATGGCATCGCGGG_017,67
CCGCCCGATGGCATCGCGGG_018,92
CCGCCCGATGGCATCGCGGG_019,49
CCGCCCGATGGCATCGCGGG_020,140
CCGCCCGATGGCATCGCGGG_021,146
CCGCCCGATGGCATCGCGGG_022,105
CCGCCCGATGGCATCGCGGG_023,152
CCGCCCGATGGCATCGCGGG_024,28
TGAGGCAGATCGCGCCAACG_001,103
TGAGGCAGATCGCGCCAACG_002,115
TGAGGCAGATCGCGCCAACG_003,156
TGAGGCAGATCGCGCCAACG_004,88
TGAGGCAGATCGCGCCAACG_005,101
TGAGGCAGATCGCGCCAACG_006,129
GGGGTTGTACAAGGCCCTAG_001,9
GGGGTTGTACAAGGCCCTAG_002,57
TGATCCGGGAGAAGTATGCG_001,12
TGATCCGGGAGAAGTATGCG_002,141
TGATCCGGGAGAAGTATGCG_003,82
AAGTCCCCGGATACCAACCA_001,183
AAGTCCCCGGATACCAACCA_002,42
AAGTCCCCGGATACCAACCA_003,67
AAGTCCCCGGATACCAACCA_004,134
AAGTCCCCGGATACCAACCA_005,61
AAGTCCCCGGATACCAACCA_006,31
AAGTCCCCGGATACCAACCA_007,43
AAGTCCCCGGATACCAACCA_008,147
AAGTCCCCGGATACCAACCA_009,77
AAGTCCCCGGATACCAACCA_010,198
AAGTCCCCGGATACCAACCA_011,105
AAGTCCCCGGATACCAACCA_012,181
AAGTCCCCGGATACCAACCA_013,45
AAGTCCCCGGATACCAACCA_014,85
AAGTCCCCGGATACCAACCA_015,112
AAGTCCCCGGATACCAACCA_016,1
AAGTCCCCGGATACCAACCA_017,188
AAGTCCCCGGATACCAACCA_018,168
TGCTTCACCTACTACCACAT_001,102
TGCTTCACCTACTACCACAT_002,173
TGCTTCACCTACTACCACAT_003,173
TGCTTCACCTACTACCACAT_004,8
TGCTTCACCTACTACCACAT_005,163
TGCTTCACCTACTACCACAT_006,84
TGCTTCACCTACTACCACAT_007,61
TGGAGTTGGCACCGTTACAG_001,89
TGGAGTTGGCACCGTTACAG_002,21
TGGAGTTGGCACCGTTACAG_003,148
TGGAGTTGGCACCGTTACAG_004,54
TGGAGTTGGCACCGTTACAG_005,25
TGGAGTTGGCACCGTTACAG_006,41
TGGAGTTGGCACCGTTACAG_007,88
CATGGAGCGCCCGGATAAGG_001,17
CATGGAGCGCCCGGATAAGG_002,43
CATGGAGCGCCCGGATAAGG_003,102
CATGGAGCGCCCGGATAAGG_004,10
CATGGAGCGCCCGGATAAGG_005,94
CATGGAGCGCCCGGATAAGG_006,123
AGTTTAAGTCTACGGCCACG_001,159
AGTTTAAGTCTACGGCCACG_002,68
AGTTTAAGTCTACGGCCACG_003,91
AGTTTAAGTCTACGGCCACG_004,106
CTTATGGAGAACCACCCCTG_001,191
CTTATGGAGAACCACCCCTG_002,123
CTTATGGAGAACCACCCCTG_003,188
CTTATGGAGAACCACCCCTG_004,174
CTTATGGAGAACCACCCCTG_005,74
CTTATGGAGAACCACCCCTG_006,177
CTTATGGAGAACCACCCCTG_007,104
CTTATGGAGAACCACCCCTG_008,103
CTTATGGAGAACCACCCCTG_009,104
CTTATGGAGAACCACCCCTG_010,182
CTTATGGAGAACCACCCCTG_011,169
CTTATGGAGAACCACCCCTG_012,27
CTTATGGAGAACCACCCCTG_013,35
CTTATGGAGAACCACCCCTG_014,81
CTTATGGAGAACCACCCCTG_015,3
CTTATGGAGAACCACCCCTG_016,31
CTTATGGAGAACCACCCCTG_017,198
CTTATGGAGAACCACCCCTG_018,105
CTTATGGAGAACCACCCCTG_019,157
CGACGTGGGGTGTAACTCCG_001,189
CGACGTGGGGTGTAACTCCG_002,141
CGACGTGGGGTGTAACTCCG_003,160
CGACGTGGGGTGTAACTCCG_004,9
CGACGTGGGGTGTAACTCCG_005,115
CGACGTGGGGTGTAACTCCG_006,156
ACTTGCGATGGTCCACGGAG_001,98
ACTTGCGATGGTCCACGGAG_002,61
ACTTGCGATGGTCCACGGAG_003,188
ACTTGCGATGGTCCACGGAG_004,144
ACTTGCGATGGTCCACGGAG_005,19
ACTTGCGATGGTCCACGGAG_006,104
ACTTGCGATGGTCCACGGAG_007,7
ACTTGCGATGGTCCACGGAG_008,83
ACTTGCGATGGTCCACGGAG_009,98
ACTTGCGATGGTCCACGGAG_010,48
ACTTGCGATGGTCCACGGAG_011,117
ACTTGCGATGGTCCACGGAG_012,122
ACTTGCGATGGTCCACGGAG_013,11
ACTTGCGATGGTCCACGGAG_014,66
ACTTGCGATGGTCCACGGAG_015,12
ACTTGCGATGGTCCACGGAG_016,34
ACTTGCGATGGTCCACGGAG_017,130
ACTTGCGATGGTCCACGGAG_018,88
ACTTGCGATGGTCCACGGAG_019,145
ACTTGCGATGGTCCACGGAG_020,146
ACTTGCGATGGTCCACGGAG_021,185
ACTTGCGATGGTCCACGGAG_022,181
ACTTGCGATGGTCCACGGAG_023,171
ACTTGCGATGGTCCACGGAG_024,184
ACTTGCGATGGTCCACGGAG_025,18
ACTTGCGATGGTCCACGGAG_026,144
ACTTGCGATGGTCCACGGAG_027,63
ACTTGCGATGGTCCACGGAG_028,35
AGAATTGTACAGGGCGATGG_001,50
AGAATTGTACAGGGCGATGG_002,46
AGGGGTCTTAATGATCCGCG_001,36
AGGGGTCTTAATGATCCGCG_002,151
AGGGGTCTTAATGATCCGCG_003,75
AGGGGTCTTAATGATCCGCG_004,70
AGGGGTCTTAATGATCCGCG_005,63
AGGGGTCTTAATGATCCGCG_006,192
AGGGGTCTTAATGATCCGCG_007,141
AGGGGTCTTAATGATCCGCG_008,14
AGGGGTCTTAATGATCCGCG_009,107
AGGGGTCTTAATGATCCGCG_010,55
AGGGGTCTTAATGATCCGCG_011,10
AGGGGTCTTAATGATCCGCG_012,145
AGGGGTCTTAATGATCCGCG_013,134
ACAGTGACGAGGAGTGGCGG_001,113
ACAGTGACGAGGAGTGGCGG_002,98
ACAGTGACGAGGAGTGGCGG_003,177
ACAGTGACGAGGAGTGGCGG_004,105
ACAGTGACGAGGAGTGGCGG_005,169
ACAGTGACGAGGAGTGGCGG_006,130
ACAGTGACGAGGAGTGGCGG_007,68
ACAGTGACGAGGAGTGGCGG_008,166
ACAGTGACGAGGAGTGGCGG_009,104
ACAGTGACGAGGAGTGGCGG_010,104
ACAGTGACGAGGAGTGGCGG_011,27
ACAGTGACGAGGAGTGGCGG_012,125
ACAGTGACGAGGAGTGGCGG_013,89
ACAGTGACGAGGAGTGGCGG_014,198
ACAGTGACGAGGAGTGGCGG_015,142
ACAGTGACGAGGAGTGGCGG_016,143
ACAGTGACGAGGAGTGGCGG_017,198
ACAGTGACGAGGAGTGGCGG_018,94
ACAGTGACGAGGAGTGGCGG_019,2
ACAGTGACGAGGAGTGGCGG_020,156
ACAGTGACGAGGAGTGGCGG_021,55
ACAGTGACGAGGAGTGGCGG_022,184
ACAGTGACGAGGAGTGGCGG_023,63
ACAGTGACGAGGAGTGGCGG_024,148
ACAGTGACGAGGAGTGGCGG_025,82
ACAGTGACGAGGAGTGGCGG_026,136
ACAGTGACGAGGAGTGGCGG_027,19
ACAGTGACGAGGAGTGGCGG_028,194
ACAGTGACGAGGAGTGGCGG_029,190
ACAGTGACGAGGAGTGGCGG_030,127
ACAGTGACGAGGAGTGGCGG_031,10
ACAGTGACGAGGAGTGGCGG_032,188
ACAGTGACGAGGAGTGGCGG_033,79
CCGTCACTTCTGTCACAACG_001,154
CCGTCACTTCTGTCACAACG_002,85
CCGTCACTTCTGTCACAACG_003,34
CCGTCACTTCTGTCACAACG_004,79
AGGGAGTCGACCCCAACAGC_001,119
AGGGAGTCGACCCCAACAGC_002,139
AGGGAGTCGACCCCAACAGC_003,13
AGGGAGTCGACCCCAACAGC_004,41
AGGGAGTCGACCCCAACAGC_005,50
AGGGAGTCGACCCCAACAGC_006,12
AGGGAGTCGACCCCAACAGC_007,134
AGGGAGTCGACCCCAACAGC_008,173
AGGGAGTCGACCCCAACAGC_009,76
AGGGAGTCGACCCCAACAGC_010,171
AGGGAGTCGACCCCAACAGC_011,149
AGGGAGTCGACCCCAACAGC_012,175
AGGGAGTCGACCCCAACAGC_013,172
CAGCAGCAGCAACGTGCTAG_001,58
CAGCAGCAGCAACGTGCTAG_002,76
CAGCAGCAGCAACGTGCTAG_003,174
CAGCAGCAGCAACGTGCTAG_004,66
CAGCAGCAGCAACGTGCTAG_005,145
CAGCAGCAGCAACGTGCTAG_006,138
CAGCCGGGGTAGCAGCACTT_001,94
CAGCCGGGGTAGCAGCACTT_002,114
CAGCCGGGGTAGCAGCACTT_003,87
CAGCCGGGGTAGCAGCACTT_004,34
CAGCCGGGGTAGCAGCACTT_005,156
CAGCCGGGGTAGCAGCACTT_006,81
CAGCCGGGGTAGCAGCACTT_007,53
CAGCCGGGGTAGCAGCACTT_008,31
CAGCCGGGGTAGCAGCACTT_009,95
CAGCCGGGGTAGCAGCACTT_010,58
CAGCCGGGGTAGCAGCACTT_011,179
CAGCCGGGGTAGCAGCACTT_012,68
CAGCCGGGGTAGCAGCACTT_013,2
CAGCCGGGGTAGCAGCACTT_014,121
CAGCCGGGGTAGCAGCACTT_015,120
CAGCCGGGGTAGCAGCACTT_016,90
CAGCCGGGGTAGCAGCACTT_017,68
CAGCCGGGGTAGCAGCACTT_018,107
CAGCCGGGGTAGCAGCACTT_019,15
CAGCCGGGGTAGCAGCACTT_020,137
CAGCCGGGGTAGCAGCACTT_021,49
CAGCCGGGGTAGCAGCACTT_022,29
CAGCCGGGGTAGCAGCACTT_023,175
CAGCCGGGGTAGCAGCACTT_024,175
CAGCCGGGGTAGCAGCACTT_025,160
CAGCCGGGGTAGCAGCACTT_026,85
CAGCCGGGGTAGCAGCACTT_027,74
CAGCCGGGGTAGCAGCACTT_028,98
CAGCCGGGGTAGCAGCACTT_029,61
CAGCCGGGGTAGCAGCACTT_030,40
CAGCCGGGGTAGCAGCACTT_031,144
CAGCCGGGGTAGCAGCACTT_032,28
CAGCCGGGGTAGCAGCACTT_033,147
GAACCACCAATCACAAGCAA_001,182
GAACCACCAATCACAAGCAA_002,55
GAACCACCAATCACAAGCAA_003,55
GAACCACCAATCACAAGCAA_004,152
GAACCACCAATCACAAGCAA_005,94
GAACCACCAATCACAAGCAA_006,162
GAACCACCAATCACAAGCAA_007,145
GAACCACCAATCACAAGCAA_008,34
AAATAGTTAAAGAAGGCAGG_001,61
AAATAGTTAAAGAAGGCAGG_002,170
AAATAGTTAAAGAAGGCAGG_003,177
AAATAGTTAAAGAAGGCAGG_004,61
AAATAGTTAAAGAAGGCAGG_005,18
AAATAGTTAAAGAAGGCAGG_006,151
AAATAGTTAAAGAAGGCAGG_007,33
AAATAGTTAAAGAAGGCAGG_008,49
CGTGCCATGTGCAATGATGT_001,19
CGTGCCATGTGCAATGATGT_002,71
CGTGCCATGTGCAATGATGT_003,119
CGTGCCATGTGCAATGATGT_004,172
CGTGCCATGTGCAATGATGT_005,58
CGTGCCATGTGCAATGATGT_006,92
CGTGCCATGTGCAATGATGT_007,21
CGTGCCATGTGCAATGATGT_008,142
GAACTCGTACCTCTACTCCA_001,185
GAACTCGTACCTCTACTCCA_002,108
GAACTCGTACCTCTACTCCA_003,7
GAACTCGTACCTCTACTCCA_004,188
GAACTCGTACCTCTACTCCA_005,50
GAACTCGTACCTCTACTCCA_006,166
GAACTCGTACCTCTACTCCA_007,88
GAACTCGTACCTCTACTCCA_008,126
GAACTCGTACCTCTACTCCA_009,3
GAACTCGTACCTCTACTCCA_010,149
GAACTCGTACCTCTACTCCA_011,129
GACTACTGGTTATATTCCAG_001,69
GACTACTGGTTATATTCCAG_002,44
GACTACTGGTTATATTCCAG_003,9
GACTACTGGTTATATTCCAG_004,153
GACTACTGGTTATATTCCAG_005,90
GAGTTCACGACTCTGAGTGC_001,119
GAGTTCACGACTCTGAGTGC_002,41
GAGTTCACGACTCTGAGTGC_003,163
GAGTTCACGACTCTGAGTGC_004,141
GAGTTCACGACTCTGAGTGC_005,188
GAGTTCACGACTCTGAGTGC_006,105
GAGTTCACGACTCTGAGTGC_007,156
CCCCGTGGTCGGATCCTGGG_001,130
CCCCGTGGTCGGATCCTGGG_002,111
CCCCGTGGTCGGATCCTGGG_003,79
CCCCGTGGTCGGATCCTGGG_004,152
CCCCGTGGTCGGATCCTGGG_005,1
CCCCGTGGTCGGATCCTGGG_006,9
CCCCGTGGTCGGATCCTGGG_007,116
GGGAAGAAGAGACAGCACGG_001,112
GGGAAGAAGAGACAGCACGG_002,154
GGGAAGAAGAGACAGCACGG_003,56
GGGAAGAAGAGACAGCACGG_004,82
GGGAAGAAGAGACAGCACGG_005,118
GGGAAGAAGAGACAGCACGG_006,78
GGGAAGAAGAGACAGCACGG_007,121
GGGAAGAAGAGACAGCACGG_008,29
GGGAAGAAGAGACAGCACGG_009,180
GGGAAGAAGAGACAGCACGG_010,65
GGGAAGAAGAGACAGCACGG_011,3
GGGAAGAAGAGACAGCACGG_012,92
GGGAAGAAGAGACAGCACGG_013,147
GGGAAGAAGAGACAGCACGG_014,177
GGGAAGAAGAGACAGCACGG_015,2
GGGAAGAAGAGACAGCACGG_016,45
GGGAAGAAGAGACAGCACGG_017,92
GGGAAGAAGAGACAGCACGG_018,66
GGGAAGAAGAGACAGCACGG_019,157
GGGAAGAAGAGACAGCACGG_020,118
GGGAAGAAGAGACAGCACGG_021,105
GGGAAGAAGAGACAGCACGG_022,140
GGGAAGAAGAGACAGCACGG_023,184
GGGAAGAAGAGACAGCACGG_024,199
GGGAAGAAGAGACAGCACGG_025,123
GGGAAGAAGAGACAGCACGG_026,116
GGGAAGAAGAGACAGCACGG_027,0
GGGAAGAAGAGACAGCACGG_028,34
GGGAAGAAGAGACAGCACGG_029,152
GGGAAGAAGAGACAGCACGG_030,138
GGGAAGAAGAGACAGCACGG_031,133
GGGCGGGCCTCACCTCAGGT_001,115
GGGCGGGCCTCACCTCAGGT_002,81
CACACCAATGGTGTCCCCCA_001,41
CACACCAATGGTGTCCCCCA_002,69
CACACCAATGGTGTCCCCCA_003,107
CACACCAATGGTGTCCCCCA_004,184
CACACCAATGGTGTCCCCCA_005,193
CACACCAATGGTGTCCCCCA_006,167
CACACCAATGGTGTCCCCCA_007,159
CACACCAATGGTGTCCCCCA_008,7
CACACCAATGGTGTCCCCCA_009,168
CACACCAATGGTGTCCCCCA_010,1
CACACCAATGGTGTCCCCCA_011,49
GTGTGTATCTCATGTCCAAG_001,185
AGTATACGCTTGAGAGACCA_001,26
AGTATACGCTTGAGAGACCA_002,194
GCAATTCATGACAATGAGCG_001,50
GCAATTCATGACAATGAGCG_002,34
TAGAAGTCTGGGCCGAATGG_001,189
TCAACACTAGTACACTTGGG_001,57
TGGCTGGTCCAGGTGCACGT_001,75
TGGCTGGTCCAGGTGCACGT_002,59
TGGCTGGTCCAGGTGCACGT_003,65
TGGCTGGTCCAGGTGCACGT_004,91
TGGCTGGTCCAGGTGCACGT_005,16
TGGCTGGTCCAGGTGCACGT_006,33
TGGCTGGTCCAGGTGCACGT_007,182
TGGCTGGTCCAGGTGCACGT_008,121
TGGCTGGTCCAGGTGCACGT_009,80
TGGCTGGTCCAGGTGCACGT_010,47
TGGCTGGTCCAGGTGCACGT_011,29
TGGCTGGTCCAGGTGCACGT_012,27
AGATGAACATTCGTGCAATG_001,181
AGATGAACATTCGTGCAATG_002,54
AGATGAACATTCGTGCAATG_003,120
AGATGAACATTCGTGCAATG_004,124
AGATGAACATTCGTGCAATG_005,6
AGATGAACATTCGTGCAATG_006,6
CTCCAAACAGCAGTCTGAGG_001,199
CTCCAAACAGCAGTCTGAGG_002,37
CTCCAAACAGCAGTCTGAGG_003,113
CTCCAAACAGCAGTCTGAGG_004,80
CTCCAAACAGCAGTCTGAGG_005,104
CTCCAAACAGCAGTCTGAGG_006,147
TGGACTTGTACTGGGATAGG_001,157
TGGACTTGTACTGGGATAGG_002,60
TGGACTTGTACTGGGATAGG_003,158
TGGACTTGTACTGGGATAGG_004,94
TGGACTTGTACTGGGATAGG_005,38
TGGACTTGTACTGGGATAGG_006,43
TGGACTTGTACTGGGATAGG_007,89
TGGACTTGTACTGGGATAGG_008,175
TGGACTTGTACTGGGATAGG_009,184
TGGACTTGTACTGGGATAGG_010,41
TGGACTTGTACTGGGATAGG_011,176
TGGACTTGTACTGGGATAGG_012,103
TGGACTTGTACTGGGATAGG_013,63
TGGACTTGTACTGGGATAGG_014,169
TGGACTTGTACTGGGATAGG_015,1
TGGACTTGTACTGGGATAGG_016,98
TTGGTAGCTGACGGTCACGT_001,65
TTGGTAGCTGACGGTCACGT_002,154
TTGGTAGCTGACGGTCACGT_003,41
TTGGTAGCTGACGGTCACGT_004,152
TTGGTAGCTGACGGTCACGT_005,160
TTGGTAGCTGACGGTCACGT_006,50
TTGGTAGCTGACGGTCACGT_007,170
TTGGTAGCTGACGGTCACGT_008,94
TTGGTAGCTGACGGTCACGT_009,128
TTTCAGTTTATGATTACAGG_001,100
TTTCAGTTTATGATTACAGG_002,91
TTTCAGTTTATGATTACAGG_003,65
TTTCAGTTTATGATTACAGG_004,188
TTTCCATCAGTCAAATCAGT_001,160
TTTCCATCAGTCAAATCAGT_002,198
TTTCCATCAGTCAAATCAGT_003,166
CTTGGCGGTCCACATTGCAA_001,121
CTTGGCGGTCCACATTGCAA_002,157
CTTGGCGGTCCACATTGCAA_003,137
CTTGGCGGTCCACATTGCAA_004,114
CTTGGCGGTCCACATTGCAA_005,169
CTTGGCGGTCCACATTGCAA_006,83
CTTGGCGGTCCACATTGCAA_007,94
CTTGGCGGTCCACATTGCAA_008,107
CTTGGCGGTCCACATTGCAA_009,23
CTTGGCGGTCCACATTGCAA_010,127
CTTGGCGGTCCACATTGCAA_011,145
CTTGGCGGTCCACATTGCAA_012,67
CTTGGCGGTCCACATTGCAA_013,133
CTTGGCGGTCCACATTGCAA_014,127
CTTGGCGGTCCACATTGCAA_015,61
CTTGGCGGTCCACATTGCAA_016,70
CTTGGCGGTCCACATTGCAA_017,68
CTTGGCGGTCCACATTGCAA_018,104
CTTGGCGGTCCACATTGCAA_019,124
CTTGGCGGTCCACATTGCAA_020,76
CTTGGCGGTCCACATTGCAA_021,103
CTTGGCGGTCCACATTGCAA_022,63
CTTGGCGGTCCACATTGCAA_023,169
CTTGGCGGTCCACATTGCAA_024,136
CTTGGCGGTCCACATTGCAA_025,63
TGCACTTCCATGACAGTCAG_001,168
TGCACTTCCATGACAGTCAG_002,184
TGCACTTCCATGACAGTCAG_003,194
TGCACTTCCATGACAGTCAG_004,15
TGCACTTCCATGACAGTCAG_005,75
TGCACTTCCATGACAGTCAG_006,186
TGCACTTCCATGACAGTCAG_007,160
TGCACTTCCATGACAGTCAG_008,169
TGCACTTCCATGACAGTCAG_009,119
TGCACTTCCATGACAGTCAG_010,92
TGCACTTCCATGACAGTCAG_011,160
TGCACTTCCATGACAGTCAG_012,157
TGCACTTCCATGACAGTCAG_013,152
TTGACCAGGATGATCACACG_001,177
TTGACCAGGATGATCACACG_002,142
TTGACCAGGATGATCACACG_003,31
TTGACCAGGATGATCACACG_004,25
TTGACCAGGATGATCACACG_005,168
TGACTTTGGATTCCCCCAGG_001,17
TGACTTTGGATTCCCCCAGG_002,149
TGACTTTGGATTCCCCCAGG_003,199
TGACTTTGGATTCCCCCAGG_004,45
TGACTTTGGATTCCCCCAGG_005,152
TGACTTTGGATTCCCCCAGG_006,192
TGACTTTGGATTCCCCCAGG_007,27
TGACTTTGGATTCCCCCAGG_008,68
TGACTTTGGATTCCCCCAGG_009,184
CCTAAATTATTTCCTGTGAG_001,190
GCCGCGCGTGACAAGTACAC_001,189
GCCGCGCGTGACAAGTACAC_002,58
GCCGCGCGTGACAAGTACAC_003,172
GCCGCGCGTGACAAGTACAC_004,104
GCCGCGCGTGACAAGTACAC_005,116
TGGCCTTGATCATCATGCTA_001,191
TGGCCTTGATCATCATGCTA_002,158
TGGCCTTGATCATCATGCTA_003,141
TGGCCTTGATCATCATGCTA_004,76
TGGCCTTGATCATCATGCTA_005,69
TGGCCTTGATCATCATGCTA_006,8
TGGCCTTGATCATCATGCTA_007,111
ACTGAATGACATACGCCCAA_001,160
ACTGAATGACATACGCCCAA_002,170
ACTGAATGACATACGCCCAA_003,115
ACTGAATGACATACGCCCAA_004,66
ACTGAATGACATACGCCCAA_005,168
ACTGAATGACATACGCCCAA_006,160
ACTGAATGACATACGCCCAA_007,127
GCACATCCAGCGCAGTACTG_001,62
GCACATCCAGCGCAGTACTG_002,41
GCACATCCAGCGCAGTACTG_003,19
GCACATCCAGCGCAGTACTG_004,19
GCACATCCAGCGCAGTACTG_005,184
GCACATCCAGCGCAGTACTG_006,19
GCACATCCAGCGCAGTACTG_007,191
GCACATCCAGCGCAGTACTG_008,102
GCACATCCAGCGCAGTACTG_009,175
GCACATCCAGCGCAGTACTG_010,42
GCACATCCAGCGCAGTACTG_011,52
GCACATCCAGCGCAGTACTG_012,32
GCACATCCAGCGCAGTACTG_013,41
GCACATCCAGCGCAGTACTG_014,82
GCACATCCAGCGCAGTACTG_015,187
GCACATCCAGCGCAGTACTG_016,104
GCACATCCAGCGCAGTACTG_017,72
GCACATCCAGCGCAGTACTG_018,67
GCACATCCAGCGCAGTACTG_019,135
GCACATCCAGCGCAGTACTG_020,0
GCACATCCAGCGCAGTACTG_021,88
GCACATCCAGCGCAGTACTG_022,15
GCACATCCAGCGCAGTACTG_023,58
GCACATCCAGCGCAGTACTG_024,146
GCACATCCAGCGCAGTACTG_025,14
GCACATCCAGCGCAGTACTG_026,194
GCACATCCAGCGCAGTACTG_027,12
GCACATCCAGCGCAGTACTG_028,3
GCACATCCAGCGCAGTACTG_029,10
GCACATCCAGCGCAGTACTG_030,36
GCACATCCAGCGCAGTACTG_031,199
GCACATCCAGCGCAGTACTG_032,48
GCACATCCAGCGCAGTACTG_033,56
GCACATCCAGCGCAGTACTG_034,33
GCACATCCAGCGCAGTACTG_035,123
TTCTACTGTCATTTGTCCCA_001,115
TTCTACTGTCATTTGTCCCA_002,120
TTCTACTGTCATTTGTCCCA_003,9
TTCTACTGTCATTTGTCCCA_004,41
TTCTACTGTCATTTGTCCCA_005,105
TTCTACTGTCATTTGTCCCA_006,127
TTCTACTGTCATTTGTCCCA_007,43
TTCTACTGTCATTTGTCCCA_008,79
TTCTACTGTCATTTGTCCCA_009,41
TTCTACTGTCATTTGTCCCA_010,58
TTCTACTGTCATTTGTCCCA_011,13
CAGGATCCAAGGAACGTTTG_001,30
CAGGATCCAAGGAACGTTTG_002,197
CAGGATCCAAGGAACGTTTG_003,177
CAGGATCCAAGGAACGTTTG_004,60
CAGGATCCAAGGAACGTTTG_005,29
CAGGATCCAAGGAACGTTTG_006,195
CAGGATCCAAGGAACGTTTG_007,92
CAGGATCCAAGGAACGTTTG_008,57
CAGGATCCAAGGAACGTTTG_009,43
GGTCAGCACACGCTGCACAG_001,15
GGTCAGCACACGCTGCACAG_002,117
GGTCAGCACACGCTGCACAG_003,8
GGTCAGCACACGCTGCACAG_004,41
GGTCAGCACACGCTGCACAG_005,5
GGTCAGCACACGCTGCACAG_006,106
GGTCAGCACACGCTGCACAG_007,71
GGTCAGCACACGCTGCACAG_008,150
GGTCAGCACACGCTGCACAG_009,118
GGTCAGCACACGCTGCACAG_010,14
TGTGTGTGGAGAAGTCTTCG_001,181
TGTGTGTGGAGAAGTCTTCG_002,127
TGTGTGTGGAGAAGTCTTCG_003,181
TGTGTGTGGAGAAGTCTTCG_004,67
TGTGTGTGGAGAAGTCTTCG_005,175
TGTGTGTGGAGAAGTCTTCG_006,98
TGTGTGTGGAGAAGTCTTCG_007,88
TGTGTGTGGAGAAGTCTTCG_008,102
TGTGTGTGGAGAAGTCTTCG_009,139
CTTGGAAAACGGAGAGACTG_001,146
CTTGGAAAACGGAGAGACTG_002,129
CTTGGAAAACGGAGAGACTG_003,58
CTTGGAAAACGGAGAGACTG_004,140
CTTGGAAAACGGAGAGACTG_005,198
CTTGGAAAACGGAGAGACTG_006,54
CTTGGAAAACGGAGAGACTG_007,198
CTTGGAAAACGGAGAGACTG_008,36
CTTGGAAAACGGAGAGACTG_009,138
CTTGGAAAACGGAGAGACTG_010,174
CTTGGAAAACGGAGAGACTG_011,1
CTTGGAAAACGGAGAGACTG_012,49
CTTGGAAAACGGAGAGACTG_013,7
CTTGGAAAACGGAGAGACTG_014,184
CTTGGAAAACGGAGAGACTG_015,9
CTTGGAAAACGGAGAGACTG_016,29
CTTGGAAAACGGAGAGACTG_017,130
CTTGGAAAACGGAGAGACTG_018,77
CATATTCAGTACTTCCAGTG_001,162
CATATTCAGTACTTCCAGTG_002,93
CATATTCAGTACTTCCAGTG_003,22
CATATTCAGTACTTCCAGTG_004,72
CATATTCAGTACTTCCAGTG_005,45
GTGTCCCTTAGACGACCTCG_001,121
GTGTCCCTTAGACGACCTCG_002,159
GTGTCCCTTAGACGACCTCG_003,109
GTGTCCCTTAGACGACCTCG_004,139
GTGTCCCTTAGACGACCTCG_005,184
GTGTCCCTTAGACGACCTCG_006,20
GTGTCCCTTAGACGACCTCG_007,115
GTGTCCCTTAGACGACCTCG_008,41
GTGTCCCTTAGACGACCTCG_009,185
GTGTCCCTTAGACGACCTCG_010,159
CCCCTACACGTACCATCACA_001,71
CCCCTACACGTACCATCACA_002,168
CCCCTACACGTACCATCACA_003,150
CCCCTACACGTACCATCACA_004,169
CCCCTACACGTACCATCACA_005,163
CTTCTCACCATATAGCCCTG_001,139
CGTTCATCGACGAGGCTAAG_001,20
CGTTCATCGACGAGGCTAAG_002,106
CGTTCATCGACGAGGCTAAG_003,199
CGTTCATCGACGAGGCTAAG_004,70
CGTTCATCGACGAGGCTAAG_005,27
CGTTCATCGACGAGGCTAAG_006,170
CGTTCATCGACGAGGCTAAG_007,81
CGTTCATCGACGAGGCTAAG_008,1
CGTTCATCGACGAGGCTAAG_009,105
CGTTCATCGACGAGGCTAAG_010,22
CGTTCATCGACGAGGCTAAG_011,134
CGTTCATCGACGAGGCTAAG_012,48
CGTTCATCGACGAGGCTAAG_013,20
CGTTCATCGACGAGGCTAAG_014,176
CGTTCATCGACGAGGCTAAG_015,29
AGAAGTAGACGCCTGGCATG_001,15
AGAAGTAGACGCCTGGCATG_002,144
AGAAGTAGACGCCTGGCATG_003,116
AGAAGTAGACGCCTGGCATG_004,197
AGAAGTAGACGCCTGGCATG_005,31
AGAAGTAGACGCCTGGCATG_006,119
AGAAGTAGACGCCTGGCATG_007,113
AGAAGTAGACGCCTGGCATG_008,57
AGAAGTAGACGCCTGGCATG_009,6
AGAAGTAGACGCCTGGCATG_010,135
AGAAGTAGACGCCTGGCATG_011,180
AGAAGTAGACGCCTGGCATG_012,168
GGCAAATGAGCCCAACCACG_001,162
GGCAAATGAGCCCAACCACG_002,130
GGCAAATGAGCCCAACCACG_003,8
GGCAAATGAGCCCAACCACG_004,127
GGCAAATGAGCCCAACCACG_005,198
GGCAAATGAGCCCAACCACG_006,25
GGCAAATGAGCCCAACCACG_007,149
GGCAAATGAGCCCAACCACG_008,181
GGCAAATGAGCCCAACCACG_009,118
GGCAAATGAGCCCAACCACG_010,73
GGCAAATGAGCCCAACCACG_011,122
GGCAAATGAGCCCAACCACG_012,0
GGCAAATGAGCCCAACCACG_013,1
GGCAAATGAGCCCAACCACG_014,2
GGCAAATGAGCCCAACCACG_015,31
GGCAAATGAGCCCAACCACG_016,51
GGCAAATGAGCCCAACCACG_017,19
GGCAAATGAGCCCAACCACG_018,17
GCGTCCAGGACATGATGCGT_001,172
GCGTCCAGGACATGATGCGT_002,85
GCGTCCAGGACATGATGCGT_003,95
GCGTCCAGGACATGATGCGT_004,76
GCGTCCAGGACATGATGCGT_005,81
TGATCCGAGACATTGACGAG_001,194
TGATCCGAGACATTGACGAG_002,171
TGATCCGAGACATTGACGAG_003,157
TGATCCGAGACATTGACGAG_004,88
TGATCCGAGACATTGACGAG_005,70
TGATCCGAGACATTGACGAG_006,106
TGATCCGAGACATTGACGAG_007,193
TGATCCGAGACATTGACGAG_008,178
TGATCCGAGACATTGACGAG_009,127
TGATCCGAGACATTGACGAG_010,49
TGATCCGAGACATTGACGAG_011,33
TGATCCGAGACATTGACGAG_012,81
TGATCCGAGACATTGACGAG_013,185
TGATCCGAGACATTGACGAG_014,40
TGATCCGAGACATTGACGAG_015,0
TGATCCGAGACATTGACGAG_016,148
CTTTGGCTGGCATCCAATGG_001,48
CTTTGGCTGGCATCCAATGG_002,118
CTTTGGCTGGCATCCAATGG_003,43
CTTTGGCTGGCATCCAATGG_004,45
CTTTGGCTGGCATCCAATGG_005,52
CTTTGGCTGGCATCCAATGG_006,124
CTTTGGCTGGCATCCAATGG_007,127
CTTTGGCTGGCATCCAATGG_008,63
CTTTGGCTGGCATCCAATGG_009,25
CTTTGGCTGGCATCCAATGG_010,107
AGGCTGCTGGATCATATCAG_001,113
AGGCTGCTGGATCATATCAG_002,153
TGGCTTTAATTCTTACACGC_001,186
TGGCTTTAATTCTTACACGC_002,174
TGGCTTTAATTCTTACACGC_003,41
GCAGGTCTAAGATATAAGGT_001,15
GCAGGTCTAAGATATAAGGT_002,179
GCAGGTCTAAGATATAAGGT_003,127
GCAGGTCTAAGATATAAGGT_004,191
GCAGGTCTAAGATATAAGGT_005,134
ATTACTGGGACTAACAACCA_001,150
ATTACTGGGACTAACAACCA_002,60
ATTACTGGGACTAACAACCA_003,91
ATTACTGGGACTAACAACCA_004,107
CAGAAATAGATGACAAGAGG_001,29
CAGAAATAGATGACAAGAGG_002,150
CAAGGGGCACTAGGGATGAG_001,152
CAAGGGGCACTAGGGATGAG_002,65
CAAGGGGCACTAGGGATGAG_003,37
CAAGGGGCACTAGGGATGAG_004,98
CAAGGGGCACTAGGGATGAG_005,157
CAAGGGGCACTAGGGATGAG_006,169
CAAGGGGCACTAGGGATGAG_007,99
CAAGGGGCACTAGGGATGAG_008,1
CAAGGGGCACTAGGGATGAG_009,31
CAAGGGGCACTAGGGATGAG_010,4
CAAGGGGCACTAGGGATGAG_011,48
CAAGGGGCACTAGGGATGAG_012,148
CAAGGGGCACTAGGGATGAG_013,148
CAAGGGGCACTAGGGATGAG_014,114
CAAGGGGCACTAGGGATGAG_015,136
CCCCCAAAGCTCACCATCGT_001,8
CCCCCAAAGCTCACCATCGT_002,150
CCCCCAAAGCTCACCATCGT_003,61
CCCCCAAAGCTCACCATCGT_004,88
CCCCCAAAGCTCACCATCGT_005,33
CCCCCAAAGCTCACCATCGT_006,88
CCCCCAAAGCTCACCATCGT_007,32
CCCCCAAAGCTCACCATCGT_008,107
CCCCCAAAGCTCACCATCGT_009,84
CCCCCAAAGCTCACCATCGT_010,68
CGCTTCCTGAGCTCGCGCGG_001,33
CGCTTCCTGAGCTCGCGCGG_002,8
CGCTTCCTGAGCTCGCGCGG_003,78
TATAGCCCACCAGAAAGGAC_001,105
TATAGCCCACCAGAAAGGAC_002,29
TATAGCCCACCAGAAAGGAC_003,48
TATAGCCCACCAGAAAGGAC_004,177
TATAGCCCACCAGAAAGGAC_005,88
TATAGCCCACCAGAAAGGAC_006,49
TATAGCCCACCAGAAAGGAC_007,144
TATAGCCCACCAGAAAGGAC_008,160
TATAGCCCACCAGAAAGGAC_009,158
TATAGCCCACCAGAAAGGAC_010,145
TATAGCCCACCAGAAAGGAC_011,162
TATAGCCCACCAGAAAGGAC_012,29
TATAGCCCACCAGAAAGGAC_013,88
TATAGCCCACCAGAAAGGAC_014,48
TGTTGCCGTGGAGAAACAGG_001,13
TGTTGCCGTGGAGAAACAGG_002,147
TGTTGCCGTGGAGAAACAGG_003,105
TCAGGAATGTCAGAATCTGG_001,35
CCCCTCTTGGAGAACTACAT_001,23
CCCCTCTTGGAGAACTACAT_002,23
CCCCTCTTGGAGAACTACAT_003,140
CCCCTCTTGGAGAACTACAT_004,163
CCCCTCTTGGAGAACTACAT_005,88
CCCCTCTTGGAGAACTACAT_006,73
CCCCTCTTGGAGAACTACAT_007,48
CCCCTCTTGGAGAACTACAT_008,60
CCCCTCTTGGAGAACTACAT_009,98
CCCCTCTTGGAGAACTACAT_010,52
CCCCTCTTGGAGAACTACAT_011,161
CCCCTCTTGGAGAACTACAT_012,97
CCCCTCTTGGAGAACTACAT_013,14
CCCCTCTTGGAGAACTACAT_014,198
CCCCTCTTGGAGAACTACAT_015,94
CCCCTCTTGGAGAACTACAT_016,35
CTACGCCCGCACGTTGCCAG_001,147
CTACGCCCGCACGTTGCCAG_002,102
CTACGCCCGCACGTTGCCAG_003,171
CTACGCCCGCACGTTGCCAG_004,50
CTACGCCCGCACGTTGCCAG_005,33
CTACGCCCGCACGTTGCCAG_006,115
CTACGCCCGCACGTTGCCAG_007,98
CTACGCCCGCACGTTGCCAG_008,116
CTACGCCCGCACGTTGCCAG_009,34
CTACGCCCGCACGTTGCCAG_010,157
CTACGCCCGCACGTTGCCAG_011,50
CTACGCCCGCACGTTGCCAG_012,4
CTACGCCCGCACGTTGCCAG_013,4
CTACGCCCGCACGTTGCCAG_014,126
CTACGCCCGCACGTTGCCAG_015,66
CTACGCCCGCACGTTGCCAG_016,22
GTGACTCCGCACATACTCAA_001,32
GTGACTCCGCACATACTCAA_002,82
GTGACTCCGCACATACTCAA_003,56
TAAGCACTTGCCCTCCACCT_001,85
TAAGCACTTGCCCTCCACCT_002,17
TAAGCACTTGCCCTCCACCT_003,63
TCACCTGATTAGTCTGAGTG_001,37
TCACCTGATTAGTCTGAGTG_002,13
TGCATTTGGACACGGCACTG_001,141
TGCATTTGGACACGGCACTG_002,182
TGCATTTGGACACGGCACTG_003,88
TGCATTTGGACACGGCACTG_004,88
TGCATTTGGACACGGCACTG_005,139
TGCATTTGGACACGGCACTG_006,96
TGCATTTGGACACGGCACTG_007,8
TGCATTTGGACACGGCACTG_008,126
TGCATTTGGACACGGCACTG_009,96
TGCATTTGGACACGGCACTG_010,97
TGCATTTGGACACGGCACTG_011,47
TGCATTTGGACACGGCACTG_012,25
TGCATTTGGACACGGCACTG_013,67
TGCATTTGGACACGGCACTG_014,147
TGCATTTGGACACGGCACTG_015,134
TGCATTTGGACACGGCACTG_016,42
TGCATTTGGACACGGCACTG_017,68
TGCATTTGGACACGGCACTG_018,173
TGCATTTGGACACGGCACTG_019,173
TGCATTTGGACACGGCACTG_020,107
TGCATTTGGACACGGCACTG_021,91
TGCATTTGGACACGGCACTG_022,34
TGCATTTGGACACGGCACTG_023,1
TGCATTTGGACACGGCACTG_024,162
TGCATTTGGACACGGCACTG_025,147
TGCATTTGGACACGGCACTG_026,186
TGCATTTGGACACGGCACTG_027,63
TGCATTTGGACACGGCACTG_028,129
TGCATTTGGACACGGCACTG_029,40
TGCATTTGGACACGGCACTG_030,180
TGCATTTGGACACGGCACTG_031,124
TGCATTTGGACACGGCACTG_032,39
TGCATTTGGACACGGCACTG_033,33
TGCATTTGGACACGGCACTG_034,118
TGCATTTGGACACGGCACTG_035,163
TGCATTTGGACACGGCACTG_036,78
TGCATTTGGACACGGCACTG_037,36
GGAACCTGGATAAACAGACA_001,82
GGAACCTGGATAAACAGACA_002,20
CACAGTCAGCAGCACAACAG_001,3
CACAGTCAGCAGCACAACAG_002,155
CACAGTCAGCAGCACAACAG_003,17
CACAGTCAGCAGCACAACAG_004,127
CACAGTCAGCAGCACAACAG_005,83
CTGCACTCAGAGACCCAGCG_001,149
CTGCACTCAGAGACCCAGCG_002,151
CTGCACTCAGAGACCCAGCG_003,66
CTTGATTCAGGATTTAAGAG_001,8
CTTGATTCAGGATTTAAGAG_002,9
CTTGATTCAGGATTTAAGAG_003,61
GGCCTGTACATCCTCCAGCG_001,62
GGCCTGTACATCCTCCAGCG_002,133
GGCCTGTACATCCTCCAGCG_003,149
GAGCACGTCGCGGTACACCA_001,70
GAGCACGTCGCGGTACACCA_002,171
GAGCACGTCGCGGTACACCA_003,78
GAGCACGTCGCGGTACACCA_004,142
GAGCACGTCGCGGTACACCA_005,26
GAGCACGTCGCGGTACACCA_006,10
GAGCACGTCGCGGTACACCA_007,75
GAGCACGTCGCGGTACACCA_008,24
GAGCACGTCGCGGTACACCA_009,98
GAGCACGTCGCGGTACACCA_010,165
GAGCACGTCGCGGTACACCA_011,187
GAGCACGTCGCGGTACACCA_012,52
CCGGCCACTCACCCACAGAC_001,36
CCGGCCACTCACCCACAGAC_002,8
AAATCTCTTAGCTAAAAGTG_001,166
AAATCTCTTAGCTAAAAGTG_002,69
AAATCTCTTAGCTAAAAGTG_003,118
AAATCTCTTAGCTAAAAGTG_004,198
AAATCTCTTAGCTAAAAGTG_005,56
AAATCTCTTAGCTAAAAGTG_006,80
AAATCTCTTAGCTAAAAGTG_007,6
AAATCTCTTAGCTAAAAGTG_008,133
AAATCTCTTAGCTAAAAGTG_009,2
ACAGGCCATTGTAGTCGGCG_001,75
ACAGGCCATTGTAGTCGGCG_002,161
ACAGGCCATTGTAGTCGGCG_003,144
ACAGGCCATTGTAGTCGGCG_004,62
ACAGGCCATTGTAGTCGGCG_005,4
ACAGGCCATTGTAGTCGGCG_006,197
GCACCAGCATTTCACACACG_001,48
GCACCAGCATTTCACACACG_002,69
GCACCAGCATTTCACACACG_003,58
GCACCAGCATTTCACACACG_004,20
GCACCAGCATTTCACACACG_005,67
GCACCAGCATTTCACACACG_006,78
GCACCAGCATTTCACACACG_007,29
GCACCAGCATTTCACACACG_008,28
GCACCAGCATTTCACACACG_009,177
TCCAGGCAGACAGTGTCCCG_001,184
TCCAGGCAGACAGTGTCCCG_002,2
TCCAGGCAGACAGTGTCCCG_003,126
TCCAGGCAGACAGTGTCCCG_004,105
TCCAGGCAGACAGTGTCCCG_005,38
TCCAGGCAGACAGTGTCCCG_006,51
TCCAGGCAGACAGTGTCCCG_007,124
TCCAGGCAGACAGTGTCCCG_008,50
TCCAGGCAGACAGTGTCCCG_009,1
GCAAATGCCGTCCAATGCCA_001,150
GCAAATGCCGTCCAATGCCA_002,171
GCAAATGCCGTCCAATGCCA_003,7
GCAAATGCCGTCCAATGCCA_004,16
GCAAATGCCGTCCAATGCCA_005,88
GCAAATGCCGTCCAATGCCA_006,11
GAAGATAAACTTGGACACAA_001,149
GAAGATAAACTTGGACACAA_002,62
GAAGATAAACTTGGACACAA_003,193
GAAGATAAACTTGGACACAA_004,12
GAAGATAAACTTGGACACAA_005,85
GAAGATAAACTTGGACACAA_006,128
GAAGATAAACTTGGACACAA_007,117
GAAGATAAACTTGGACACAA_008,190
GAAGATAAACTTGGACACAA_009,185
GCCAATAAAGACACCGCCCA_001,175
GCCAATAAAGACACCGCCCA_002,49
GCCAATAAAGACACCGCCCA_003,78
GCCAATAAAGACACCGCCCA_004,49
GCCAATAAAGACACCGCCCA_005,28
GCCAATAAAGACACCGCCCA_006,125
GCCAATAAAGACACCGCCCA_007,62
GCTCCCAGCCATCAGCCATG_001,77
GCTCCCAGCCATCAGCCATG_002,75
GCTCCCAGCCATCAGCCATG_003,5
GCTCCCAGCCATCAGCCATG_004,35
GCTCCCAGCCATCAGCCATG_005,145
GCTCCCAGCCATCAGCCATG_006,142
GCTCCCAGCCATCAGCCATG_007,55
GCTCCCAGCCATCAGCCATG_008,183
GCTCCCAGCCATCAGCCATG_009,61
GCTCCCAGCCATCAGCCATG_010,101
AATGGCATATTGGTACTTTG_001,41
AATGGCATATTGGTACTTTG_002,29
AATGGCATATTGGTACTTTG_003,180
AATGGCATATTGGTACTTTG_004,115
AATGGCATATTGGTACTTTG_005,94
ACTAGTCTCATCAAGTGTCA_001,61
ACTAGTCTCATCAAGTGTCA_002,27
ACTAGTCTCATCAAGTGTCA_003,147
ACTAGTCTCATCAAGTGTCA_004,94
ACTAGTCTCATCAAGTGTCA_005,135
ACTAGTCTCATCAAGTGTCA_006,125
ACTAGTCTCATCAAGTGTCA_007,103
ATCTGATCTGTGATCACATG_001,186
ATCTGATCTGTGATCACATG_002,120
ATCTGATCTGTGATCACATG_003,137
ATCTGATCTGTGATCACATG_004,76
ATCTGATCTGTGATCACATG_005,65
ATCTGATCTGTGATCACATG_006,122
GATCCGCAAGACCCTGCGGT_001,188
GATCCGCAAGACCCTGCGGT_002,156
GATCCGCAAGACCCTGCGGT_003,52
GATCCGCAAGACCCTGCGGT_004,168
GATCCGCAAGACCCTGCGGT_005,101
GATCCGCAAGACCCTGCGGT_006,113
AAATCGACCAAGACCCACCT_001,134
AAATCGACCAAGACCCACCT_002,135
AAATCGACCAAGACCCACCT_003,102
AAATCGACCAAGACCCACCT_004,138
AAATCGACCAAGACCCACCT_005,147
AAATCGACCAAGACCCACCT_006,160
AAATCGACCAAGACCCACCT_007,80
AAATCGACCAAGACCCACCT_008,178
AAATCGACCAAGACCCACCT_009,66
AAATCGACCAAGACCCACCT_010,28
AAATCGACCAAGACCCACCT_011,150
AAATCGACCAAGACCCACCT_012,84
AAATCGACCAAGACCCACCT_013,84
AAATCGACCAAGACCCACCT_014,140
AAATCGACCAAGACCCACCT_015,82
AAATCGACCAAGACCCACCT_016,82
AAATCGACCAAGACCCACCT_017,49
AAATCGACCAAGACCCACCT_018,29
AAATCGACCAAGACCCACCT_019,173
AAATCGACCAAGACCCACCT_020,121
AAATCGACCAAGACCCACCT_021,169
AAATCGACCAAGACCCACCT_022,177
AAATCGACCAAGACCCACCT_023,43
AAATCGACCAAGACCCACCT_024,172
AAATCGACCAAGACCCACCT_025,160
AAATCGACCAAGACCCACCT_026,63
AAATCGACCAAGACCCACCT_027,63
AAATCGACCAAGACCCACCT_028,160
AAATCGACCAAGACCCACCT_029,61
AAATCGACCAAGACCCACCT_030,115
AAATCGACCAAGACCCACCT_031,31
AAATCGACCAAGACCCACCT_032,13
GGAGTACGGGATCAGTCGGG_001,177
GGAGTACGGGATCAGTCGGG_002,145
GGAGTACGGGATCAGTCGGG_003,196
GGAGTACGGGATCAGTCGGG_004,147
AAACTCACTTGTTGACCGCG_001,29
AAACTCACTTGTTGACCGCG_002,144
AAACTCACTTGTTGACCGCG_003,1
AAACTCACTTGTTGACCGCG_004,27
AAACTCACTTGTTGACCGCG_005,17
AAACTCACTTGTTGACCGCG_006,118
AAACTCACTTGTTGACCGCG_007,53
AAACTCACTTGTTGACCGCG_008,50
AAACTCACTTGTTGACCGCG_009,198
AAACTCACTTGTTGACCGCG_010,111
AAACTCACTTGTTGACCGCG_011,183
AAACTCACTTGTTGACCGCG_012,91
AAACTCACTTGTTGACCGCG_013,122
AAACTCACTTGTTGACCGCG_014,195
AAACTCACTTGTTGACCGCG_015,17
AAACTCACTTGTTGACCGCG_016,127
AAACTCACTTGTTGACCGCG_017,192
AAACTCACTTGTTGACCGCG_018,59
AAACTCACTTGTTGACCGCG_019,129
AAACTCACTTGTTGACCGCG_020,112
AAACTCACTTGTTGACCGCG_021,82
AAACTCACTTGTTGACCGCG_022,76
AAACTCACTTGTTGACCGCG_023,100
AAACTCACTTGTTGACCGCG_024,145
AAACTCACTTGTTGACCGCG_025,172
AAACTCACTTGTTGACCGCG_026,47
AAACTCACTTGTTGACCGCG_027,74
AAACTCACTTGTTGACCGCG_028,2
AAACTCACTTGTTGACCGCG_029,127
AAACTCACTTGTTGACCGCG_030,191
AAACTCACTTGTTGACCGCG_031,15
AAACTCACTTGTTGACCGCG_032,68
AAACTCACTTGTTGACCGCG_033,186
GTACAGACCGAAGTGATCAC_001,127
GTACAGACCGAAGTGATCAC_002,102
GTACAGACCGAAGTGATCAC_003,73
GTACAGACCGAAGTGATCAC_004,1
GTACAGACCGAAGTGATCAC_005,75
GTACAGACCGAAGTGATCAC_006,88
GTACAGACCGAAGTGATCAC_007,9
GTACAGACCGAAGTGATCAC_008,199
GTACAGACCGAAGTGATCAC_009,188
GTACAGACCGAAGTGATCAC_010,82
AGGCGGAACTGTCAACAGCA_001,91
AGGCGGAACTGTCAACAGCA_002,62
AGGCGGAACTGTCAACAGCA_003,51
AGGCGGAACTGTCAACAGCA_004,12
AGGCGGAACTGTCAACAGCA_005,191
AGGCGGAACTGTCAACAGCA_006,180
AGTAGTACAATAATGCCATG_001,14
AGTAGTACAATAATGCCATG_002,146
AGTAGTACAATAATGCCATG_003,111
AGTAGTACAATAATGCCATG_004,144
CTGAGGATCTCAGAACGAAG_001,96
CTGAGGATCTCAGAACGAAG_002,134
CTGAGGATCTCAGAACGAAG_003,19
CTGAGGATCTCAGAACGAAG_004,92
CTGAGGATCTCAGAACGAAG_005,149
TCTGCCTGGTCTACTGCGTA_001,169
TCTGCCTGGTCTACTGCGTA_002,91
TGGGGAAAATACATGAATTG_001,27
TGGGGAAAATACATGAATTG_002,164
TGGGGAAAATACATGAATTG_003,29
TGGGGAAAATACATGAATTG_004,78
TGGGGAAAATACATGAATTG_005,133
TGGGGAAAATACATGAATTG_006,169
TGGGGAAAATACATGAATTG_007,105
TGGGGAAAATACATGAATTG_008,162
TGGGGAAAATACATGAATTG_009,160
TGGGGAAAATACATGAATTG_010,27
TGGGGAAAATACATGAATTG_011,78
TGGGGAAAATACATGAATTG_012,64
TGGGGAAAATACATGAATTG_013,199
TTTCATGGACTCGCCCAACG_001,175
TTTCATGGACTCGCCCAACG_002,111
TTTCATGGACTCGCCCAACG_003,64
TTTCATGGACTCGCCCAACG_004,128
TTTCATGGACTCGCCCAACG_005,82
TTTCATGGACTCGCCCAACG_006,150
TTTCATGGACTCGCCCAACG_007,168
TTTCATGGACTCGCCCAACG_008,138
TTTCATGGACTCGCCCAACG_009,158
TGAATATGAATCTGAGACTG_001,81
TGAATATGAATCTGAGACTG_002,166
TGAATATGAATCTGAGACTG_003,182
TGAATATGAATCTGAGACTG_004,144
GAAACACAAGAAGAAACGCC_001,42
TGAAAAGCTGATGAGAAGGC_001,81
TGAAAAGCTGATGAGAAGGC_002,96
TGAAAAGCTGATGAGAAGGC_003,62
TGAAAAGCTGATGAGAAGGC_004,147
TGAAAAGCTGATGAGAAGGC_005,197
TGAAAAGCTGATGAGAAGGC_006,115
TGAAAAGCTGATGAGAAGGC_007,92
TGAAAAGCTGATGAGAAGGC_008,72
TCAATGCGTCGCTTTACCCT_001,171
TTCACCTGTTTGCGGCTCGG_001,0
TTCACCTGTTTGCGGCTCGG_002,137
TTCACCTGTTTGCGGCTCGG_003,82
TTCACCTGTTTGCGGCTCGG_004,187
GGGCCCCCGTTGAGACCTGG_001,29
GGGCCCCCGTTGAGACCTGG_002,94
GGGCCCCCGTTGAGACCTGG_003,130
GGGCCCCCGTTGAGACCTGG_004,72
GGGCCCCCGTTGAGACCTGG_005,149
GGGCCCCCGTTGAGACCTGG_006,49
GGGCCCCCGTTGAGACCTGG_007,141
GGGCCCCCGTTGAGACCTGG_008,181
GGGCCCCCGTTGAGACCTGG_009,31
GGGCCCCCGTTGAGACCTGG_010,157
GGGCCCCCGTTGAGACCTGG_011,147
GGGCCCCCGTTGAGACCTGG_012,148
GGGCCCCCGTTGAGACCTGG_013,12
GGGCCCCCGTTGAGACCTGG_014,50
GGGCCCCCGTTGAGACCTGG_015,166
GGGCCCCCGTTGAGACCTGG_016,156
GGGCCCCCGTTGAGACCTGG_017,31
TCCAGGTATACTAAATCACA_001,38
TCCAGGTATACTAAATCACA_002,69
AACTCGATGTAGTCCCCGTG_001,41
AACTCGATGTAGTCCCCGTG_002,28
AACTCGATGTAGTCCCCGTG_003,130
AACTCGATGTAGTCCCCGTG_004,118
AACTCGATGTAGTCCCCGTG_005,100
AACTCGATGTAGTCCCCGTG_006,140
CAGGAATCCGGTCAATAATG_001,84
CAGGAATCCGGTCAATAATG_002,42
CAGGAATCCGGTCAATAATG_003,115
CAGGAATCCGGTCAATAATG_004,26
CAGGAATCCGGTCAATAATG_005,107
CAGGAATCCGGTCAATAATG_006,29
TAAAGTACTGACATGATCAG_001,198
TAAAGTACTGACATGATCAG_002,31
TAAAGTACTGACATGATCAG_003,67
TAAAGTACTGACATGATCAG_004,154
TAAAGTACTGACATGATCAG_005,72
TAAAGTACTGACATGATCAG_006,72
TAAAGTACTGACATGATCAG_007,76
TAAAGTACTGACATGATCAG_008,172
CTGGTGAAGCTGGTCCACTG_001,136
CTGGTGAAGCTGGTCCACTG_002,194
CTGGTGAAGCTGGTCCACTG_003,127
CTGGTGAAGCTGGTCCACTG_004,191
CTGGTGAAGCTGGTCCACTG_005,8
CTGGTGAAGCTGGTCCACTG_006,38
CAAGGTAGAAGCAATGACCC_001,127
CAAGGTAGAAGCAATGACCC_002,169
CAAGGTAGAAGCAATGACCC_003,112
GCGCGGTCACAAGTGAGGCA_001,159
GCGCGGTCACAAGTGAGGCA_002,174
GCGCGGTCACAAGTGAGGCA_003,193
GCGCGGTCACAAGTGAGGCA_004,172
GCGCGGTCACAAGTGAGGCA_005,50
GCGCGGTCACAAGTGAGGCA_006,132
GCGCGGTCACAAGTGAGGCA_007,15
GCGCGGTCACAAGTGAGGCA_008,141
GCGCGGTCACAAGTGAGGCA_009,86
GCGCGGTCACAAGTGAGGCA_010,154
GCGCGGTCACAAGTGAGGCA_011,37
GCGCGGTCACAAGTGAGGCA_012,159
GCGCGGTCACAAGTGAGGCA_013,18
GCGCGGTCACAAGTGAGGCA_014,20
GCGCGGTCACAAGTGAGGCA_015,0
GCGCGGTCACAAGTGAGGCA_016,30
GCGCGGTCACAAGTGAGGCA_017,110
GCGCGGTCACAAGTGAGGCA_018,57
GCGCGGTCACAAGTGAGGCA_019,33
GCGCGGTCACAAGTGAGGCA_020,144
GCGCGGTCACAAGTGAGGCA_021,78
GCGCGGTCACAAGTGAGGCA_022,172
GCGCGGTCACAAGTGAGGCA_023,74
CTGTATCTTCACCAACTAAG_001,81
CTGTATCTTCACCAACTAAG_002,12
CTGTATCTTCACCAACTAAG_003,63
GACTGGAGATATCGTCACAG_001,185
GAAGATATCAGTCTTCACTT_001,197
GAAGATATCAGTCTTCACTT_002,2
GAAGATATCAGTCTTCACTT_003,66
GAAGATATCAGTCTTCACTT_004,169
CTGCTACCTGGAGTTCCGGA_001,169
CTGCTACCTGGAGTTCCGGA_002,149
CTGCTACCTGGAGTTCCGGA_003,28
CTGCTACCTGGAGTTCCGGA_004,127
CTGCTACCTGGAGTTCCGGA_005,16
CTGCTACCTGGAGTTCCGGA_006,8
CTGCTACCTGGAGTTCCGGA_007,24
CTGCTACCTGGAGTTCCGGA_008,126
CTGCTACCTGGAGTTCCGGA_009,86
CTGCTACCTGGAGTTCCGGA_010,110
CTGCTACCTGGAGTTCCGGA_011,106
CTGCTACCTGGAGTTCCGGA_012,15
CTGCTACCTGGAGTTCCGGA_013,171
CTGCTACCTGGAGTTCCGGA_014,37
CTGCTACCTGGAGTTCCGGA_015,134
CTGCTACCTGGAGTTCCGGA_016,6
CTGCTACCTGGAGTTCCGGA_017,37
CTGCTACCTGGAGTTCCGGA_018,114
AACACTCCAGAGATCCACGG_001,147
AACACTCCAGAGATCCACGG_002,176
AACACTCCAGAGATCCACGG_003,49
AACACTCCAGAGATCCACGG_004,146
AACACTCCAGAGATCCACGG_005,127
AACACTCCAGAGATCCACGG_006,87
AACACTCCAGAGATCCACGG_007,81
AACACTCCAGAGATCCACGG_008,187
AACACTCCAGAGATCCACGG_009,59
AACACTCCAGAGATCCACGG_010,188
AACACTCCAGAGATCCACGG_011,34
AACACTCCAGAGATCCACGG_012,43
AACACTCCAGAGATCCACGG_013,56
AACACTCCAGAGATCCACGG_014,142
AACACTCCAGAGATCCACGG_015,77
AACACTCCAGAGATCCACGG_016,9
AAAGGTCTTCGGGTCCAACC_001,133
AAAGGTCTTCGGGTCCAACC_002,102
AAAGGTCTTCGGGTCCAACC_003,106
AAAGGTCTTCGGGTCCAACC_004,63
AAAGGTCTTCGGGTCCAACC_005,82
AAAGGTCTTCGGGTCCAACC_006,11
AAAGGTCTTCGGGTCCAACC_007,57
AAAGGTCTTCGGGTCCAACC_008,55
AAAGGTCTTCGGGTCCAACC_009,10
AAAGGTCTTCGGGTCCAACC_010,102
AAAGGTCTTCGGGTCCAACC_011,107
AAAGGTCTTCGGGTCCAACC_012,160
GGTGGTCCACACGTGCCACG_001,108
TTCCACTCCAAAGAAAACAC_001,61
TTCCACTCCAAAGAAAACAC_002,197
GAGATGGTAACCAAACACCC_001,17
GAGATGGTAACCAAACACCC_002,41
GAGATGGTAACCAAACACCC_003,146
GAGATGGTAACCAAACACCC_004,97
GAGATGGTAACCAAACACCC_005,36
GAGATGGTAACCAAACACCC_006,85
GAGATGGTAACCAAACACCC_007,62
GAGATGGTAACCAAACACCC_008,180
ACTACAGTCAAGGGCGTCAG_001,49
ACTACAGTCAAGGGCGTCAG_002,9
ACTACAGTCAAGGGCGTCAG_003,82
ACTACAGTCAAGGGCGTCAG_004,28
ACTACAGTCAAGGGCGTCAG_005,14
ACTACAGTCAAGGGCGTCAG_006,188
ACTACAGTCAAGGGCGTCAG_007,53
GAAGAGATCAATCTTACCAG_001,33
GAAGAGATCAATCTTACCAG_002,135
GAAGAGATCAATCTTACCAG_003,54
GAAGAGATCAATCTTACCAG_004,192
GAAGAGATCAATCTTACCAG_005,57
GAAGAGATCAATCTTACCAG_006,38
GAAGAGATCAATCTTACCAG_007,174
TGGTCATGAACTTTCTAGTG_001,82
TGGTCATGAACTTTCTAGTG_002,69
TGGTCATGAACTTTCTAGTG_003,121
TGGTCATGAACTTTCTAGTG_004,43
GGAACCTCCTTTGCCAGACG_001,53
GGAACCTCCTTTGCCAGACG_002,125
GGAACCTCCTTTGCCAGACG_003,135
GGAACCTCCTTTGCCAGACG_004,85
GGAACCTCCTTTGCCAGACG_005,17
GGAACCTCCTTTGCCAGACG_006,127
AGTTTGAGCAGATTGTCCTG_001,114
AAGCCTGTTATGTTTCCAGT_001,45
AAGCCTGTTATGTTTCCAGT_002,86
AAGCCTGTTATGTTTCCAGT_003,88
AAGCCTGTTATGTTTCCAGT_004,88
AAGCCTGTTATGTTTCCAGT_005,65
AAGCCTGTTATGTTTCCAGT_006,139
AAGCCTGTTATGTTTCCAGT_007,43
AATCGATCAGACAGATCCAG_001,107
AATCGATCAGACAGATCCAG_002,58
AATCGATCAGACAGATCCAG_003,169
ATACTCACAAAGAATCCCGG_001,185
ATACTCACAAAGAATCCCGG_002,161
ATACTCACAAAGAATCCCGG_003,64
ATACTCACAAAGAATCCCGG_004,60
ATACTCACAAAGAATCCCGG_005,81
ATACTCACAAAGAATCCCGG_006,8
ATACTCACAAAGAATCCCGG_007,50
ATACTCACAAAGAATCCCGG_008,75
ATACTCACAAAGAATCCCGG_009,148
ATACTCACAAAGAATCCCGG_010,70
ATACTCACAAAGAATCCCGG_011,60
ATACTCACAAAGAATCCCGG_012,184
ATACTCACAAAGAATCCCGG_013,45
ATACTCACAAAGAATCCCGG_014,169
ATACTCACAAAGAATCCCGG_015,190
CACCAGCAGGGTAATATGAA_001,62
CACCAGCAGGGTAATATGAA_002,188
CACCAGCAGGGTAATATGAA_003,9
CACCAGCAGGGTAATATGAA_004,9
CACCAGCAGGGTAATATGAA_005,113
CACCAGCAGGGTAATATGAA_006,119
TGTAGCGTGGGTAAATACGA_001,60
TGTAGCGTGGGTAAATACGA_002,94
TGTAGCGTGGGTAAATACGA_003,5
TGTAGCGTGGGTAAATACGA_004,179
TGTAGCGTGGGTAAATACGA_005,5
TGTAGCGTGGGTAAATACGA_006,182
TGTAGCGTGGGTAAATACGA_007,107
TGTAGCGTGGGTAAATACGA_008,77
CAGAACCAGCCAGCGCCGAG_001,118
CAGAACCAGCCAGCGCCGAG_002,72
CAGAACCAGCCAGCGCCGAG_003,41
CAGAACCAGCCAGCGCCGAG_004,7
CAGAACCAGCCAGCGCCGAG_005,168
CAGAACCAGCCAGCGCCGAG_006,76
CAGAACCAGCCAGCGCCGAG_007,79
CAGAACCAGCCAGCGCCGAG_008,41
CAGAACCAGCCAGCGCCGAG_009,52
CAGAACCAGCCAGCGCCGAG_010,38
CAGAACCAGCCAGCGCCGAG_011,177
CAGAACCAGCCAGCGCCGAG_012,72
CAGAACCAGCCAGCGCCGAG_013,43
CAGAACCAGCCAGCGCCGAG_014,72
CAGAACCAGCCAGCGCCGAG_015,72
CAGAACCAGCCAGCGCCGAG_016,72
CAGAACCAGCCAGCGCCGAG_017,55
CAGAACCAGCCAGCGCCGAG_018,72
CAGAACCAGCCAGCGCCGAG_019,70
CAGAACCAGCCAGCGCCGAG_020,30
CAGAACCAGCCAGCGCCGAG_021,120
CAGAACCAGCCAGCGCCGAG_022,81
CAGAACCAGCCAGCGCCGAG_023,54
CAGAACCAGCCAGCGCCGAG_024,117
CAGAACCAGCCAGCGCCGAG_025,150
CAGAACCAGCCAGCGCCGAG_026,172
CAGAACCAGCCAGCGCCGAG_027,44
CAGAACCAGCCAGCGCCGAG_028,58
CAGAACCAGCCAGCGCCGAG_029,47
CAGAACCAGCCAGCGCCGAG_030,48
CAGAACCAGCCAGCGCCGAG_031,131
CAGAACCAGCCAGCGCCGAG_032,116
CAGAACCAGCCAGCGCCGAG_033,13
CAGAACCAGCCAGCGCCGAG_034,108
CAGAACCAGCCAGCGCCGAG_035,40
CAGAACCAGCCAGCGCCGAG_036,94
CAGAACCAGCCAGCGCCGAG_037,23
CAGAACCAGCCAGCGCCGAG_038,123
CAGAACCAGCCAGCGCCGAG_039,113
CAGAACCAGCCAGCGCCGAG_040,94
CAGAACCAGCCAGCGCCGAG_041,138
CAGAACCAGCCAGCGCCGAG_042,81
TCAGTCTGAAAAGGCCGCTG_001,31
TCAGTCTGAAAAGGCCGCTG_002,7
TCAGTCTGAAAAGGCCGCTG_003,27
TCAGTCTGAAAAGGCCGCTG_004,147
TCAGTCTGAAAAGGCCGCTG_005,138
TCAGTCTGAAAAGGCCGCTG_006,166
TCAGTCTGAAAAGGCCGCTG_007,3
TCAGTCTGAAAAGGCCGCTG_008,150
TCAGTCTGAAAAGGCCGCTG_009,120
TCAGTCTGAAAAGGCCGCTG_010,60
TCAGTCTGAAAAGGCCGCTG_011,26
TCAGTCTGAAAAGGCCGCTG_012,81
TCAGTCTGAAAAGGCCGCTG_013,175
TCAGTCTGAAAAGGCCGCTG_014,45
TCAGTCTGAAAAGGCCGCTG_015,127
TCAGTCTGAAAAGGCCGCTG_016,174
TCAGTCTGAAAAGGCCGCTG_017,90
TCAGTCTGAAAAGGCCGCTG_018,143
TGCGGATCATATCATCACCA_001,192
AACTCTCGCTCAAACAGCTG_001,115
AACTCTCGCTCAAACAGCTG_002,115
AACTCTCGCTCAAACAGCTG_003,146
AACTCTCGCTCAAACAGCTG_004,111
AACTCTCGCTCAAACAGCTG_005,126
AACTCTCGCTCAAACAGCTG_006,91
AACTCTCGCTCAAACAGCTG_007,2
AACTCTCGCTCAAACAGCTG_008,112
AACTCTCGCTCAAACAGCTG_009,179
AACTCTCGCTCAAACAGCTG_010,121
AACTCTCGCTCAAACAGCTG_011,158
AACTCTCGCTCAAACAGCTG_012,174
AACTCTCGCTCAAACAGCTG_013,99
AACTCTCGCTCAAACAGCTG_014,124
AAAACCGGACCCCTCCGAAG_001,183
AAAACCGGACCCCTCCGAAG_002,142
AAAACCGGACCCCTCCGAAG_003,10
AAAACCGGACCCCTCCGAAG_004,153
AAAACCGGACCCCTCCGAAG_005,16
AAAACCGGACCCCTCCGAAG_006,182
AAAACCGGACCCCTCCGAAG_007,133
AAAACCGGACCCCTCCGAAG_008,166
GGAGAACCTAACTATACTTG_001,145
GGAGAACCTAACTATACTTG_002,150
AGCGGGAATTGGGATTAACG_001,175
AGCGGGAATTGGGATTAACG_002,62
AGCGGGAATTGGGATTAACG_003,102
AGCGGGAATTGGGATTAACG_004,37
AGCGGGAATTGGGATTAACG_005,27
AGCGGGAATTGGGATTAACG_006,16
AGCGGGAATTGGGATTAACG_007,192
GAGGATGGGATACTTCAACC_001,166
GAGGATGGGATACTTCAACC_002,66
GAGGATGGGATACTTCAACC_003,82
GAGGATGGGATACTTCAACC_004,61
ATCAGTCAGATATGGAACTG_001,34
ATCAGTCAGATATGGAACTG_002,13
ATCAGTCAGATATGGAACTG_003,193
ATCAGTCAGATATGGAACTG_004,42
AGTCAGAGATGACAGCCAAG_001,83
AGTCAGAGATGACAGCCAAG_002,107
CTTCTGAAGTCCCTCTACAG_001,137
CTTCTGAAGTCCCTCTACAG_002,96
CTTCTGAAGTCCCTCTACAG_003,102
CTTCTGAAGTCCCTCTACAG_004,133
CTTCTGAAGTCCCTCTACAG_005,75
CTTCTGAAGTCCCTCTACAG_006,137
CTTCTGAAGTCCCTCTACAG_007,183
CTTCTGAAGTCCCTCTACAG_008,30
CTTCTGAAGTCCCTCTACAG_009,132
GATCTCAGACTCCGACGCTG_001,119
GATCTCAGACTCCGACGCTG_002,8
GATCTCAGACTCCGACGCTG_003,177
GATCTCAGACTCCGACGCTG_004,76
GATCTCAGACTCCGACGCTG_005,160
GATCTCAGACTCCGACGCTG_006,129
GATCTCAGACTCCGACGCTG_007,55
GATCTCAGACTCCGACGCTG_008,155
GATCTCAGACTCCGACGCTG_009,157
GGAGGAACTACTCCCCACGG_001,6
GGAGGAACTACTCCCCACGG_002,7
GGAGGAACTACTCCCCACGG_003,19
GGAGGAACTACTCCCCACGG_004,38
GGAGGAACTACTCCCCACGG_005,191
GGAGGAACTACTCCCCACGG_006,174
GGAGGAACTACTCCCCACGG_007,63
GGAGGAACTACTCCCCACGG_008,158
GGAGGAACTACTCCCCACGG_009,133
GGAGGAACTACTCCCCACGG_010,10
GGAGGAACTACTCCCCACGG_011,144
GGAGGAACTACTCCCCACGG_012,8
GGAGGAACTACTCCCCACGG_013,118
GGAGGAACTACTCCCCACGG_014,48
GGAGGAACTACTCCCCACGG_015,166
GGAGGAACTACTCCCCACGG_016,158
GGAGGAACTACTCCCCACGG_017,74
ACATTTAAATAAGGAGACAG_001,2
ACATTTAAATAAGGAGACAG_002,158
ACATTTAAATAAGGAGACAG_003,61
ACATTTAAATAAGGAGACAG_004,22
ACATTTAAATAAGGAGACAG_005,146
ACATTTAAATAAGGAGACAG_006,126
ACATTTAAATAAGGAGACAG_007,121
ACATTTAAATAAGGAGACAG_008,144
CCTGAGGAGTTATTAACGAT_001,157
CCTGAGGAGTTATTAACGAT_002,119
CCTGAGGAGTTATTAACGAT_003,43
CCTGAGGAGTTATTAACGAT_004,150
CCTGAGGAGTTATTAACGAT_005,172
CCTGAGGAGTTATTAACGAT_006,37
CCTGAGGAGTTATTAACGAT_007,60
AGAGAAATTTGGGATAGATG_001,104
AGAGAAATTTGGGATAGATG_002,172
AGAGAAATTTGGGATAGATG_003,180
CAGAGTAAATGAAGTGCCTG_001,75
CAGAGTAAATGAAGTGCCTG_002,75
CAGAGTAAATGAAGTGCCTG_003,156
CAGAGTAAATGAAGTGCCTG_004,38
CAGAGTAAATGAAGTGCCTG_005,163
CAGAGTAAATGAAGTGCCTG_006,143
CAGAGTAAATGAAGTGCCTG_007,50
CAGAGTAAATGAAGTGCCTG_008,130
CAGAGTAAATGAAGTGCCTG_009,82
CAGAGTAAATGAAGTGCCTG_010,148
CAGAGTAAATGAAGTGCCTG_011,148
CAGAGTAAATGAAGTGCCTG_012,84
AGATTGAGTATGTGTGCCGG_001,175
AGATTGAGTATGTGTGCCGG_002,104
AGATTGAGTATGTGTGCCGG_003,140
AGATTGAGTATGTGTGCCGG_004,121
AGATTGAGTATGTGTGCCGG_005,163
AGATTGAGTATGTGTGCCGG_006,68
AGATTGAGTATGTGTGCCGG_007,140
AGATTGAGTATGTGTGCCGG_008,80
AGATTGAGTATGTGTGCCGG_009,16
AGATTGAGTATGTGTGCCGG_010,78
AGATTGAGTATGTGTGCCGG_011,8
CCAGGGAGCCATCTACACTG_001,65
CCAGGGAGCCATCTACACTG_002,78
CCAGGGAGCCATCTACACTG_003,152
CCAGGGAGCCATCTACACTG_004,153
GGGAACCCGAATGACCCGCA_001,8
GGGAACCCGAATGACCCGCA_002,103
GGGAACCCGAATGACCCGCA_003,83
GGGAACCCGAATGACCCGCA_004,21
GGGAACCCGAATGACCCGCA_005,80
GGGAACCCGAATGACCCGCA_006,196
GGGAACCCGAATGACCCGCA_007,49
GGGAACCCGAATGACCCGCA_008,29
GGGAACCCGAATGACCCGCA_009,186
GGGAACCCGAATGACCCGCA_010,181
GGGAACCCGAATGACCCGCA_011,23
GGGAACCCGAATGACCCGCA_012,74
GGGAACCCGAATGACCCGCA_013,183
GGGAACCCGAATGACCCGCA_014,197
GGGAACCCGAATGACCCGCA_015,50
GGGAACCCGAATGACCCGCA_016,88
GGGAACCCGAATGACCCGCA_017,189
GGGAACCCGAATGACCCGCA_018,159
GGGAACCCGAATGACCCGCA_019,106
GGGAACCCGAATGACCCGCA_020,57
GGGAACCCGAATGACCCGCA_021,49
GTGGCGCTTGAGGTTGCCCG_001,105
GTGGCGCTTGAGGTTGCCCG_002,134
GTGGCGCTTGAGGTTGCCCG_003,59
GTGGCGCTTGAGGTTGCCCG_004,15
TCTGTGGAGATGGTCTACAC_001,58
TCTGTGGAGATGGTCTACAC_002,76
CTTCCTCTCTACCTTCAAAG_001,34
CTTCCTCTCTACCTTCAAAG_002,48
CTTCCTCTCTACCTTCAAAG_003,188
AGCTGGAACTACATGGTCTG_001,105
AGCTGGAACTACATGGTCTG_002,198
AGCTGGAACTACATGGTCTG_003,159
AGCTGGAACTACATGGTCTG_004,175
AGCTGGAACTACATGGTCTG_005,148
AGCTGGAACTACATGGTCTG_006,120
AGCTGGAACTACATGGTCTG_007,192
AGCTGGAACTACATGGTCTG_008,58
AGCTGGAACTACATGGTCTG_009,168
AGCTGGAACTACATGGTCTG_010,49
AGCTGGAACTACATGGTCTG_011,191
AGCTGGAACTACATGGTCTG_012,43
AGCTGGAACTACATGGTCTG_013,39
AGCTGGAACTACATGGTCTG_014,5
AGCTGGAACTACATGGTCTG_015,15
AGCTGGAACTACATGGTCTG_016,42
AGCTGGAACTACATGGTCTG_017,41
AGCTGGAACTACATGGTCTG_018,144
AGCTGGAACTACATGGTCTG_019,117
AGCTGGAACTACATGGTCTG_020,145
AGCTGGAACTACATGGTCTG_021,149
AGCTGGAACTACATGGTCTG_022,48
AGCTGGAACTACATGGTCTG_023,19
AGCTGGAACTACATGGTCTG_024,98
AGCTGGAACTACATGGTCTG_025,28
CTATACGCCACATAACCCCC_001,89
ACAAAAGCAGCATATGTGGG_001,154
ACAAAAGCAGCATATGTGGG_002,34
GAAGAATCGAGTTTCCATCA_001,108
GAAGAATCGAGTTTCCATCA_002,6
GAAGAATCGAGTTTCCATCA_003,127
GAAGAATCGAGTTTCCATCA_004,63
GAAGAATCGAGTTTCCATCA_005,20
GAAGAATCGAGTTTCCATCA_006,176
GAAGAATCGAGTTTCCATCA_007,104
GAAGAATCGAGTTTCCATCA_008,27
GGAAGTGCGAAATCTGTGCG_001,107
GGAAGTGCGAAATCTGTGCG_002,188
GGAAGTGCGAAATCTGTGCG_003,117
GGAAGTGCGAAATCTGTGCG_004,177
GGAAGTGCGAAATCTGTGCG_005,91
GGAAGTGCGAAATCTGTGCG_006,169
GGAAGTGCGAAATCTGTGCG_007,147
GGAAGTGCGAAATCTGTGCG_008,40
GGAAGTGCGAAATCTGTGCG_009,153
GGGCTGGGAGGTCTAACCGG_001,32
GGGCTGGGAGGTCTAACCGG_002,4
GGGCTGGGAGGTCTAACCGG_003,2
GGGCTGGGAGGTCTAACCGG_004,117
GGGCTGGGAGGTCTAACCGG_005,74
GGGCTGGGAGGTCTAACCGG_006,10
GGGCTGGGAGGTCTAACCGG_007,121
TGGATGAGATGCCAGTATCG_001,19
TGGATGAGATGCCAGTATCG_002,63
TGGATGAGATGCCAGTATCG_003,169
TGGATGAGATGCCAGTATCG_004,15
TGGATGAGATGCCAGTATCG_005,98
TGGATGAGATGCCAGTATCG_006,9
TGGATGAGATGCCAGTATCG_007,127
GTGTGCCTGGAACTTGCGCA_001,29
GTGTGCCTGGAACTTGCGCA_002,48
GTGTGCCTGGAACTTGCGCA_003,1
GTGTGCCTGGAACTTGCGCA_004,157
GTGTGCCTGGAACTTGCGCA_005,32
GTGTGCCTGGAACTTGCGCA_006,180
GTGTGCCTGGAACTTGCGCA_007,61
GTGTGCCTGGAACTTGCGCA_008,70
GTGTGCCTGGAACTTGCGCA_009,50
GTGTGCCTGGAACTTGCGCA_010,144
GTGTGCCTGGAACTTGCGCA_011,108
GTGTGCCTGGAACTTGCGCA_012,2
GTGTGCCTGGAACTTGCGCA_013,31
GTGTGCCTGGAACTTGCGCA_014,178
GTGTGCCTGGAACTTGCGCA_015,79
GTGTGCCTGGAACTTGCGCA_016,105
GTGTGCCTGGAACTTGCGCA_017,146
GTGTGCCTGGAACTTGCGCA_018,66
GTGTGCCTGGAACTTGCGCA_019,61
GTGTGCCTGGAACTTGCGCA_020,58
GTGTGCCTGGAACTTGCGCA_021,101
GTGTGCCTGGAACTTGCGCA_022,22
GTGTGCCTGGAACTTGCGCA_023,39
GTGTGCCTGGAACTTGCGCA_024,185
GTGTGCCTGGAACTTGCGCA_025,88
GTGTGCCTGGAACTTGCGCA_026,199
GTGTGCCTGGAACTTGCGCA_027,56
GTGTGCCTGGAACTTGCGCA_028,142
GTGTGCCTGGAACTTGCGCA_029,169
GTGTGCCTGGAACTTGCGCA_030,146
GTGTGCCTGGAACTTGCGCA_031,34
GTGTGCCTGGAACTTGCGCA_032,191
GTGTGCCTGGAACTTGCGCA_033,162
GTGTGCCTGGAACTTGCGCA_034,152
GTGTGCCTGGAACTTGCGCA_035,108
GTGTGCCTGGAACTTGCGCA_036,91
GTGTGCCTGGAACTTGCGCA_037,3
GTGTGCCTGGAACTTGCGCA_038,6
GTGTGCCTGGAACTTGCGCA_039,138
GTGTGCCTGGAACTTGCGCA_040,188
GTGTGCCTGGAACTTGCGCA_041,17
ATACATGCCGTATCTCCACA_001,191
ATACATGCCGTATCTCCACA_002,166
CAGCAGCAACCCCGCCACAG_001,103
CAGCAGCAACCCCGCCACAG_002,137
CAGCAGCAACCCCGCCACAG_003,37
CAGCAGCAACCCCGCCACAG_004,109
CAGCAGCAACCCCGCCACAG_005,146
CAGCAGCAACCCCGCCACAG_006,82
CAGCAGCAACCCCGCCACAG_007,78
CAGCAGCAACCCCGCCACAG_008,35
CAGCAGCAACCCCGCCACAG_009,175
CAGCAGCAACCCCGCCACAG_010,140
CAGCAGCAACCCCGCCACAG_011,49
CAGCAGCAACCCCGCCACAG_012,50
CAGCAGCAACCCCGCCACAG_013,34
CAGCAGCAACCCCGCCACAG_014,43
CAGCAGCAACCCCGCCACAG_015,155
CAGCAGCAACCCCGCCACAG_016,10
CAGCAGCAACCCCGCCACAG_017,168
CAGCAGCAACCCCGCCACAG_018,138
CAGCAGCAACCCCGCCACAG_019,188
CAGCAGCAACCCCGCCACAG_020,180
CAGCAGCAACCCCGCCACAG_021,99
CAGCAGCAACCCCGCCACAG_022,86
CCTTCTTCAGGAGCGCCCAG_001,148
CCTTCTTCAGGAGCGCCCAG_002,188
CCTTCTTCAGGAGCGCCCAG_003,78
CCTTCTTCAGGAGCGCCCAG_004,134
CCTTCTTCAGGAGCGCCCAG_005,105
CCTTCTTCAGGAGCGCCCAG_006,50
CCTTCTTCAGGAGCGCCCAG_007,142
CCTTCTTCAGGAGCGCCCAG_008,182
CCTTCTTCAGGAGCGCCCAG_009,194
CCTTCTTCAGGAGCGCCCAG_010,122
CCTTCTTCAGGAGCGCCCAG_011,197
CCTTCTTCAGGAGCGCCCAG_012,127
CCTTCTTCAGGAGCGCCCAG_013,35
CCTTCTTCAGGAGCGCCCAG_014,107
CCTTCTTCAGGAGCGCCCAG_015,107
CCTTCTTCAGGAGCGCCCAG_016,169
CCTTCTTCAGGAGCGCCCAG_017,177
CCTTCTTCAGGAGCGCCCAG_018,5
CCTTCTTCAGGAGCGCCCAG_019,59
CCTTCTTCAGGAGCGCCCAG_020,25
CCTTCTTCAGGAGCGCCCAG_021,151
CCTTCTTCAGGAGCGCCCAG_022,116
CCTTCTTCAGGAGCGCCCAG_023,95
CCTTCTTCAGGAGCGCCCAG_024,41
CCTTCTTCAGGAGCGCCCAG_025,103
CCTTCTTCAGGAGCGCCCAG_026,87
CCTTCTTCAGGAGCGCCCAG_027,87
CCTTCTTCAGGAGCGCCCAG_028,120
CCTTCTTCAGGAGCGCCCAG_029,158
CCTTCTTCAGGAGCGCCCAG_030,98
CCTTCTTCAGGAGCGCCCAG_031,76
CCTTCTTCAGGAGCGCCCAG_032,130
CCTTCTTCAGGAGCGCCCAG_033,121
CCTTCTTCAGGAGCGCCCAG_034,188
CCTTCTTCAGGAGCGCCCAG_035,188
CCTTCTTCAGGAGCGCCCAG_036,66
CCTTCTTCAGGAGCGCCCAG_037,78
CCACGTTGCACAGGAAGAGT_001,187
CCACGTTGCACAGGAAGAGT_002,80
CCACGTTGCACAGGAAGAGT_003,117
CCACGTTGCACAGGAAGAGT_004,94
CCACGTTGCACAGGAAGAGT_005,191
CCACGTTGCACAGGAAGAGT_006,2
CCACGTTGCACAGGAAGAGT_007,60
CCACGTTGCACAGGAAGAGT_008,11
CCACGTTGCACAGGAAGAGT_009,52
CCACGTTGCACAGGAAGAGT_010,56
CCACGTTGCACAGGAAGAGT_011,0
CCACGTTGCACAGGAAGAGT_012,48
CCACGTTGCACAGGAAGAGT_013,78
CCACGTTGCACAGGAAGAGT_014,161
CCACGTTGCACAGGAAGAGT_015,155
CCACGTTGCACAGGAAGAGT_016,1
CCACGTTGCACAGGAAGAGT_017,29
CCACGTTGCACAGGAAGAGT_018,42
CCACGTTGCACAGGAAGAGT_019,50
CCACGTTGCACAGGAAGAGT_020,22
CCACGTTGCACAGGAAGAGT_021,124
TGACAGGCGAGAATGTCACC_001,152
TGACAGGCGAGAATGTCACC_002,119
TGACAGGCGAGAATGTCACC_003,152
TGACAGGCGAGAATGTCACC_004,134
TGACAGGCGAGAATGTCACC_005,112
AGGTTATAACGAAGACTGTG_001,149
ATGTGAGAAATGTATCAGCA_001,167
GGAGGAAGAAGCGAATGCGC_001,198
GGAGGAAGAAGCGAATGCGC_002,77
GGAGGAAGAAGCGAATGCGC_003,48
GGAGGAAGAAGCGAATGCGC_004,153
GGAGGAAGAAGCGAATGCGC_005,29
GGAGGAAGAAGCGAATGCGC_006,134
GGAGGAAGAAGCGAATGCGC_007,44
ATCTCTAAAAAGAGATACAA_001,146
ATCTCTAAAAAGAGATACAA_002,97
ATCTCTAAAAAGAGATACAA_003,114
ATCTCTAAAAAGAGATACAA_004,82
ATCTCTAAAAAGAGATACAA_005,94
ATCTCTAAAAAGAGATACAA_006,171
ATCTCTAAAAAGAGATACAA_007,118
ATCTCTAAAAAGAGATACAA_008,192
GGATGATGGCATCGGCATCG_001,43
GGATGATGGCATCGGCATCG_002,43
GGATGATGGCATCGGCATCG_003,40
GTGGCGGGAGCACGCGTGCG_001,177
GTGGCGGGAGCACGCGTGCG_002,184
GTGGCGGGAGCACGCGTGCG_003,19
GTGGCGGGAGCACGCGTGCG_004,157
GTGGCGGGAGCACGCGTGCG_005,9
GTGGCGGGAGCACGCGTGCG_006,20
GTGGCGGGAGCACGCGTGCG_007,57
TCGACATCATCATAATGGGG_001,181
GGACATTTATACGGACTATG_001,157
GGACATTTATACGGACTATG_002,136
GGACATTTATACGGACTATG_003,62
GGACATTTATACGGACTATG_004,68
GTGGTACAATGACTCCCCAG_001,139
GTGGTACAATGACTCCCCAG_002,75
GTGGTACAATGACTCCCCAG_003,16
GTGGTACAATGACTCCCCAG_004,144
GTGGTACAATGACTCCCCAG_005,28
GTGGTACAATGACTCCCCAG_006,191
GTGGTACAATGACTCCCCAG_007,166
ACCAAGTAAGGTCATTCCGA_001,162
ACCAAGTAAGGTCATTCCGA_002,169
ACCAAGTAAGGTCATTCCGA_003,72
ACCAAGTAAGGTCATTCCGA_004,137
ACCAAGTAAGGTCATTCCGA_005,78
ACCAAGTAAGGTCATTCCGA_006,38
ACCAAGTAAGGTCATTCCGA_007,58
ACCAAGTAAGGTCATTCCGA_008,23
ACCAAGTAAGGTCATTCCGA_009,23
ACCAAGTAAGGTCATTCCGA_010,48
ACCAAGTAAGGTCATTCCGA_011,185
ACCAAGTAAGGTCATTCCGA_012,71
ACCAAGTAAGGTCATTCCGA_013,77
CGATGTGGAGGACCTTCAAG_001,171
CGATGTGGAGGACCTTCAAG_002,42
CGATGTGGAGGACCTTCAAG_003,112
CGATGTGGAGGACCTTCAAG_004,67
CGATGTGGAGGACCTTCAAG_005,112
CGATGTGGAGGACCTTCAAG_006,63
CGATGTGGAGGACCTTCAAG_007,192
CGATGTGGAGGACCTTCAAG_008,125
GAGATTAGCGGATTTGGCAA_001,119
GAGATTAGCGGATTTGGCAA_002,163
GAGATTAGCGGATTTGGCAA_003,194
GAGATTAGCGGATTTGGCAA_004,43
GAGATTAGCGGATTTGGCAA_005,159
GAGATTAGCGGATTTGGCAA_006,148
GAGATTAGCGGATTTGGCAA_007,185
GAGATTAGCGGATTTGGCAA_008,22
GAGATTAGCGGATTTGGCAA_009,11
GAGATTAGCGGATTTGGCAA_010,3
GAGATTAGCGGATTTGGCAA_011,129
GAGATTAGCGGATTTGGCAA_012,45
TCGACCGCACCAACCGTGCG_001,30
TCGACCGCACCAACCGTGCG_002,92
TCGACCGCACCAACCGTGCG_003,144
TCGACCGCACCAACCGTGCG_004,115
CAGTGATAAATCGGACAATG_001,119
CAGTGATAAATCGGACAATG_002,40
CAGTGATAAATCGGACAATG_003,78
CAGTGATAAATCGGACAATG_004,57
CAGTGATAAATCGGACAATG_005,27
CAGTGATAAATCGGACAATG_006,37
CAGTGATAAATCGGACAATG_007,66
CAGTGATAAATCGGACAATG_008,3
CAGTGATAAATCGGACAATG_009,132
GGGTGGGCACTCCACCAACA_001,12
GGGTGGGCACTCCACCAACA_002,34
GGGTGGGCACTCCACCAACA_003,24
GGGTGGGCACTCCACCAACA_004,50
GGGTGGGCACTCCACCAACA_005,53
GGGTGGGCACTCCACCAACA_006,134
GGGTGGGCACTCCACCAACA_007,172
GGGTGGGCACTCCACCAACA_008,15
GGGTGGGCACTCCACCAACA_009,12
GGGTGGGCACTCCACCAACA_010,124
GGGTGGGCACTCCACCAACA_011,94
GGGTGGGCACTCCACCAACA_012,125
GGGTGGGCACTCCACCAACA_013,69
GGGTGGGCACTCCACCAACA_014,40
GGGTGGGCACTCCACCAACA_015,91
GGGTGGGCACTCCACCAACA_016,151
GGGTGGGCACTCCACCAACA_017,170
GGGTGGGCACTCCACCAACA_018,39
GGGTGGGCACTCCACCAACA_019,90
GGGTGGGCACTCCACCAACA_020,42
AACAGAAAGGGATTCTCTGA_001,85
AACAGAAAGGGATTCTCTGA_002,150
AACAGAAAGGGATTCTCTGA_003,108
ACTCCAGCAACAACTTGATG_001,49
ACTCCAGCAACAACTTGATG_002,19
ACTCCAGCAACAACTTGATG_003,77
ACTCCAGCAACAACTTGATG_004,42
ACTCCAGCAACAACTTGATG_005,24
ACTCCAGCAACAACTTGATG_006,171
ACTCCAGCAACAACTTGATG_007,154
ACTCCAGCAACAACTTGATG_008,53
ACTCCAGCAACAACTTGATG_009,174
ACTCCAGCAACAACTTGATG_010,5
ACTCCAGCAACAACTTGATG_011,21
GCTGGTCCGACTCTACGCAG_001,63
GCTGGTCCGACTCTACGCAG_002,163
GCTGGTCCGACTCTACGCAG_003,5
GCTGGTCCGACTCTACGCAG_004,112
GCTGGTCCGACTCTACGCAG_005,93
GCTGGTCCGACTCTACGCAG_006,14
GCTGGTCCGACTCTACGCAG_007,121
GCTGGTCCGACTCTACGCAG_008,68
GCTGGTCCGACTCTACGCAG_009,32
GCTGGTCCGACTCTACGCAG_010,42
GCTGGTCCGACTCTACGCAG_011,127
GCTGGTCCGACTCTACGCAG_012,45
GCTGGTCCGACTCTACGCAG_013,106
GGCGGATGTAGGTCTGACGG_001,49
GGCGGATGTAGGTCTGACGG_002,193
GGCGGATGTAGGTCTGACGG_003,127
GGCGGATGTAGGTCTGACGG_004,156
GGCGGATGTAGGTCTGACGG_005,198
GGCGGATGTAGGTCTGACGG_006,78
GGCGGATGTAGGTCTGACGG_007,178
GGCGGATGTAGGTCTGACGG_008,61
GGCGGATGTAGGTCTGACGG_009,100
GGCGGATGTAGGTCTGACGG_010,6
GGCGGATGTAGGTCTGACGG_011,36
GGCGGATGTAGGTCTGACGG_012,29
GTATGGCTATGAGATTCCTG_001,133
GCTCTGAGTTCTCAACCACC_001,103
GCTCTGAGTTCTCAACCACC_002,140
GCTCTGAGTTCTCAACCACC_003,150
CAGAGTGAGCCGTTTGTCCG_001,119
CAGAGTGAGCCGTTTGTCCG_002,115
CAGAGTGAGCCGTTTGTCCG_003,20
CAGAGTGAGCCGTTTGTCCG_004,67
CAGAGTGAGCCGTTTGTCCG_005,106
CAGAGTGAGCCGTTTGTCCG_006,182
CAGAGTGAGCCGTTTGTCCG_007,157
CAGAGTGAGCCGTTTGTCCG_008,24
CAGAGTGAGCCGTTTGTCCG_009,53
CAGAGTGAGCCGTTTGTCCG_010,113
CAGAGTGAGCCGTTTGTCCG_011,137
CAGAGTGAGCCGTTTGTCCG_012,120
CAGAGTGAGCCGTTTGTCCG_013,160
CAGAGTGAGCCGTTTGTCCG_014,75
CAGAGTGAGCCGTTTGTCCG_015,60
CAGAGTGAGCCGTTTGTCCG_016,68
CAGAGTGAGCCGTTTGTCCG_017,158
CAGAGTGAGCCGTTTGTCCG_018,138
CAGAGTGAGCCGTTTGTCCG_019,45
CAGAGTGAGCCGTTTGTCCG_020,17
CAGAGTGAGCCGTTTGTCCG_021,147
CAGAGTGAGCCGTTTGTCCG_022,183
TGGTTTCAAGGGGTGAACGA_001,62
TGGTTTCAAGGGGTGAACGA_002,81
TGGTTTCAAGGGGTGAACGA_003,129
TGGTTTCAAGGGGTGAACGA_004,5
TGGTTTCAAGGGGTGAACGA_005,73
TGGTTTCAAGGGGTGAACGA_006,116
TGGTTTCAAGGGGTGAACGA_007,82
TGGTTTCAAGGGGTGAACGA_008,106
TGGTTTCAAGGGGTGAACGA_009,78
TGGTTTCAAGGGGTGAACGA_010,153
TGGTTTCAAGGGGTGAACGA_011,197
CCTAAGTCCTAGTTATGTGA_001,127
CCTAAGTCCTAGTTATGTGA_002,113
CCTAAGTCCTAGTTATGTGA_003,191
TATGAGAACACGGTCCCACA_001,84
TATGAGAACACGGTCCCACA_002,185
TATGAGAACACGGTCCCACA_003,133
TATGAGAACACGGTCCCACA_004,184
TATGAGAACACGGTCCCACA_005,96
AAATCACAGAAACCTGAATG_001,8
AAATCACAGAAACCTGAATG_002,148
AAATCACAGAAACCTGAATG_003,128
AAATCACAGAAACCTGAATG_004,7
ACGTGACGTTAATGAACCTG_001,23
ACGTGACGTTAATGAACCTG_002,47
ACGTGACGTTAATGAACCTG_003,192
ACGTGACGTTAATGAACCTG_004,29
ACGTGACGTTAATGAACCTG_005,191
TCACCTGGGATCTGGCCGTG_001,39
TCACCTGGGATCTGGCCGTG_002,130
TCACCTGGGATCTGGCCGTG_003,29
TCACCTGGGATCTGGCCGTG_004,186
TCACCTGGGATCTGGCCGTG_005,1
TCACCTGGGATCTGGCCGTG_006,135
TCACCTGGGATCTGGCCGTG_007,121
TCACCTGGGATCTGGCCGTG_008,24
TCACCTGGGATCTGGCCGTG_009,89
TCACCTGGGATCTGGCCGTG_010,26
TCACCTGGGATCTGGCCGTG_011,1
TCACCTGGGATCTGGCCGTG_012,81
TCACCTGGGATCTGGCCGTG_013,35
TCACCTGGGATCTGGCCGTG_014,148
TTTGTTGGCACAAATACGGG_001,50
TTTGTTGGCACAAATACGGG_002,57
TGGTCGCACAGTGTACCCGG_001,41
TGGTCGCACAGTGTACCCGG_002,25
TGGTCGCACAGTGTACCCGG_003,73
TGGTCGCACAGTGTACCCGG_004,2
TGGTCGCACAGTGTACCCGG_005,104
TGGTCGCACAGTGTACCCGG_006,87
TGGTCGCACAGTGTACCCGG_007,69
TGGTCGCACAGTGTACCCGG_008,87
TGGTCGCACAGTGTACCCGG_009,69
TGGTCGCACAGTGTACCCGG_010,110
TGGTCGCACAGTGTACCCGG_011,170
TGGTCGCACAGTGTACCCGG_012,4
TGGTCGCACAGTGTACCCGG_013,132
TGGTCGCACAGTGTACCCGG_014,56
TGGTCGCACAGTGTACCCGG_015,1
TGGTCGCACAGTGTACCCGG_016,139
TCTACTAAAGTTGTCATCCG_001,102
TGTTCCTCGGCTTGGCCATG_001,160
TGTTCCTCGGCTTGGCCATG_002,177
TGTTCCTCGGCTTGGCCATG_003,17
TGTTCCTCGGCTTGGCCATG_004,1
TGTTCCTCGGCTTGGCCATG_005,35
TGTTCCTCGGCTTGGCCATG_006,147
TGTTCCTCGGCTTGGCCATG_007,121
TGTTCCTCGGCTTGGCCATG_008,162
TGTTCCTCGGCTTGGCCATG_009,94
TGTTCCTCGGCTTGGCCATG_010,168
TGTTCCTCGGCTTGGCCATG_011,168
TGTTCCTCGGCTTGGCCATG_012,56
TGGCGCCTATTGGCTCTCGG_001,6
TGGCGCCTATTGGCTCTCGG_002,91
TGGCGCCTATTGGCTCTCGG_003,5
TGGCGCCTATTGGCTCTCGG_004,115
TGGCGCCTATTGGCTCTCGG_005,10
TGGCGCCTATTGGCTCTCGG_006,147
TGGCGCCTATTGGCTCTCGG_007,10
TGGCGCCTATTGGCTCTCGG_008,12
TGATCTCTTCAATAACCAGA_001,175
TGATCTCTTCAATAACCAGA_002,160
CAACCCCCGGTAGACCAGGG_001,24
CAACCCCCGGTAGACCAGGG_002,19
CAACCCCCGGTAGACCAGGG_003,198
CAACCCCCGGTAGACCAGGG_004,85
CAACCCCCGGTAGACCAGGG_005,80
CAACCCCCGGTAGACCAGGG_006,160
CAACCCCCGGTAGACCAGGG_007,175
CAACCCCCGGTAGACCAGGG_008,68
CAACCCCCGGTAGACCAGGG_009,147
CAACCCCCGGTAGACCAGGG_010,112
CAACCCCCGGTAGACCAGGG_011,70
CAACCCCCGGTAGACCAGGG_012,121
CAACCCCCGGTAGACCAGGG_013,1
CAACCCCCGGTAGACCAGGG_014,49
CAACCCCCGGTAGACCAGGG_015,137
CAACCCCCGGTAGACCAGGG_016,187
CAACCCCCGGTAGACCAGGG_017,12
CAACCCCCGGTAGACCAGGG_018,34
CAACCCCCGGTAGACCAGGG_019,23
CAACCCCCGGTAGACCAGGG_020,43
CAACCCCCGGTAGACCAGGG_021,172
CAACCCCCGGTAGACCAGGG_022,2
CAACCCCCGGTAGACCAGGG_023,141
CAACCCCCGGTAGACCAGGG_024,106
CAACCCCCGGTAGACCAGGG_025,88
CAACCCCCGGTAGACCAGGG_026,146
CATCCGTCAGCACAACAATG_001,14
CATCCGTCAGCACAACAATG_002,190
CATCCGTCAGCACAACAATG_003,21
CATCCGTCAGCACAACAATG_004,88
CATCCGTCAGCACAACAATG_005,191
CTGCTGATCCACAACAACTT_001,41
CTGCTGATCCACAACAACTT_002,76
CTGCTGATCCACAACAACTT_003,103
CTGCTGATCCACAACAACTT_004,96
CTGCTGATCCACAACAACTT_005,83
CTGCTGATCCACAACAACTT_006,155
CTGCTGATCCACAACAACTT_007,10
GCTGCCGTGTGCGCTCGTTG_001,106
GCTGCCGTGTGCGCTCGTTG_002,175
GCTGCCGTGTGCGCTCGTTG_003,137
GCTGCCGTGTGCGCTCGTTG_004,19
GCTGCCGTGTGCGCTCGTTG_005,158
GCTGCCGTGTGCGCTCGTTG_006,40
CAGGACAGTGATGACAGCGA_001,40
CAGGACAGTGATGACAGCGA_002,68
CAGGACAGTGATGACAGCGA_003,44
TCAGTGCTGTAACGGATACC_001,36
TCAGTGCTGTAACGGATACC_002,80
TCAGTGCTGTAACGGATACC_003,70
TCAGTGCTGTAACGGATACC_004,102
TCAGTGCTGTAACGGATACC_005,85
TCAGTGCTGTAACGGATACC_006,156
TCAGTGCTGTAACGGATACC_007,125
GAGTGTGAAGATGGTCCTGA_001,108
GAGTGTGAAGATGGTCCTGA_002,198
GAGTGTGAAGATGGTCCTGA_003,150
GAGTGTGAAGATGGTCCTGA_004,115
GAGTGTGAAGATGGTCCTGA_005,36
GAGTGTGAAGATGGTCCTGA_006,59
GAGTGTGAAGATGGTCCTGA_007,15
GAGTGTGAAGATGGTCCTGA_008,81
GAGTGTGAAGATGGTCCTGA_009,137
GAGTGTGAAGATGGTCCTGA_010,5
GAGTGTGAAGATGGTCCTGA_011,175
GAGTGTGAAGATGGTCCTGA_012,17
GAGTGTGAAGATGGTCCTGA_013,27
GAGTGTGAAGATGGTCCTGA_014,184
GAGTGTGAAGATGGTCCTGA_015,59
GAGTGTGAAGATGGTCCTGA_016,130
GAGTGTGAAGATGGTCCTGA_017,78
GAGTGTGAAGATGGTCCTGA_018,1
GAGTGTGAAGATGGTCCTGA_019,184
GAGTGTGAAGATGGTCCTGA_020,188
GAGTGTGAAGATGGTCCTGA_021,181
GTGAACTGCAAACAGCATAT_001,186
GTGAACTGCAAACAGCATAT_002,24
GTGAACTGCAAACAGCATAT_003,147
GTGAACTGCAAACAGCATAT_004,15
GTGAACTGCAAACAGCATAT_005,190
GTGAACTGCAAACAGCATAT_006,29
GTGAACTGCAAACAGCATAT_007,134
GTGAACTGCAAACAGCATAT_008,19
GTGAACTGCAAACAGCATAT_009,106
GTGAACTGCAAACAGCATAT_010,37
TCAGTGCTGAAGCATACTGT_001,46
TCAGTGCTGAAGCATACTGT_002,181
TCAGTGCTGAAGCATACTGT_003,63
TCAGTGCTGAAGCATACTGT_004,184
TCAGTGCTGAAGCATACTGT_005,81
TCAGTGCTGAAGCATACTGT_006,105
CCAGCGGAACGGGATCTGTG_001,105
CCAGCGGAACGGGATCTGTG_002,54
CCAGCGGAACGGGATCTGTG_003,137
CCAGCGGAACGGGATCTGTG_004,148
CCAGCGGAACGGGATCTGTG_005,28
CCAGCGGAACGGGATCTGTG_006,113
CCAGCGGAACGGGATCTGTG_007,68
CCAGCGGAACGGGATCTGTG_008,8
CCAGCGGAACGGGATCTGTG_009,54
CCAGCGGAACGGGATCTGTG_010,120
CCAGCGGAACGGGATCTGTG_011,120
CCAGCGGAACGGGATCTGTG_012,90
CCAGCGGAACGGGATCTGTG_013,185
CCAGCGGAACGGGATCTGTG_014,87
CCAGCGGAACGGGATCTGTG_015,20
CCAGCGGAACGGGATCTGTG_016,113
CCAGCGGAACGGGATCTGTG_017,60
CCAGCGGAACGGGATCTGTG_018,199
CCAGCGGAACGGGATCTGTG_019,4
CCAGCGGAACGGGATCTGTG_020,133
CCAGCGGAACGGGATCTGTG_021,77
CCAGCGGAACGGGATCTGTG_022,78
CCAGCGGAACGGGATCTGTG_023,60
CCAGCGGAACGGGATCTGTG_024,50
CCAGCGGAACGGGATCTGTG_025,141
CCAGCGGAACGGGATCTGTG_026,147
CCAGCGGAACGGGATCTGTG_027,147
CCAGCGGAACGGGATCTGTG_028,183
CCAGCGGAACGGGATCTGTG_029,122
CCAGCGGAACGGGATCTGTG_030,54
CCAGCGGAACGGGATCTGTG_031,176
CCAGCGGAACGGGATCTGTG_032,70
CCAGCGGAACGGGATCTGTG_033,23
CCAGCGGAACGGGATCTGTG_034,15
GACCGACAACAGCCACTCAG_001,111
GACCGACAACAGCCACTCAG_002,72
GACCGACAACAGCCACTCAG_003,142
GACCGACAACAGCCACTCAG_004,183
GACCGACAACAGCCACTCAG_005,163
GACCGACAACAGCCACTCAG_006,125
GACCGACAACAGCCACTCAG_007,155
GACCGACAACAGCCACTCAG_008,28
GACCGACAACAGCCACTCAG_009,84
GACCGACAACAGCCACTCAG_010,40
GACCGACAACAGCCACTCAG_011,162
GACCGACAACAGCCACTCAG_012,170
GACCGACAACAGCCACTCAG_013,158
GACCGACAACAGCCACTCAG_014,184
GACCGACAACAGCCACTCAG_015,42
GACCGACAACAGCCACTCAG_016,168
GACCGACAACAGCCACTCAG_017,168
GACCGACAACAGCCACTCAG_018,171
GACCGACAACAGCCACTCAG_019,122
GACCGACAACAGCCACTCAG_020,175
GACCGACAACAGCCACTCAG_021,165
GGAATGCCCATGAACATCCG_001,91
GGAATGCCCATGAACATCCG_002,92
GGAATGCCCATGAACATCCG_003,119
GGAATGCCCATGAACATCCG_004,21
GGAATGCCCATGAACATCCG_005,146
GGAATGCCCATGAACATCCG_006,40
GGAATGCCCATGAACATCCG_007,47
GGAATGCCCATGAACATCCG_008,53
GGAATGCCCATGAACATCCG_009,27
GGAATGCCCATGAACATCCG_010,9
GGAATGCCCATGAACATCCG_011,88
GGAATGCCCATGAACATCCG_012,98
GGAATGCCCATGAACATCCG_013,78
GGAATGCCCATGAACATCCG_014,81
GGAATGCCCATGAACATCCG_015,56
GGAATGCCCATGAACATCCG_016,171
GGAATGCCCATGAACATCCG_017,108
GGAATGCCCATGAACATCCG_018,49
GGAATGCCCATGAACATCCG_019,99
GGAATGCCCATGAACATCCG_020,82
GGAATGCCCATGAACATCCG_021,34
GGAATGCCCATGAACATCCG_022,91
AGCAGCAACAGTTCTACTCG_001,178
AGCAGCAACAGTTCTACTCG_002,9
GAGAACCTTGGTCCACGTCG_001,106
GAGAACCTTGGTCCACGTCG_002,40
GAGAACCTTGGTCCACGTCG_003,156
ACGAGAAGTTCAGTCCAGCT_001,181
ACGAGAAGTTCAGTCCAGCT_002,15
ACGAGAAGTTCAGTCCAGCT_003,185
ACGAGAAGTTCAGTCCAGCT_004,110
TACAACAGTGTCCTGTTCGG_001,161
CCAGCGTGGGAAAGTCGTAG_001,62
CCAGCGTGGGAAAGTCGTAG_002,151
CCAGCGTGGGAAAGTCGTAG_003,26
CCAGCGTGGGAAAGTCGTAG_004,128
CCAGCGTGGGAAAGTCGTAG_005,150
CCAGCGTGGGAAAGTCGTAG_006,18
CCAGCGTGGGAAAGTCGTAG_007,75
CCAGCGTGGGAAAGTCGTAG_008,41
CCAGCGTGGGAAAGTCGTAG_009,94
CCAGCGTGGGAAAGTCGTAG_010,169
CCAGCGTGGGAAAGTCGTAG_011,183
CCAGCGTGGGAAAGTCGTAG_012,17
CTGCATTCCAGGTCAGTCTG_001,183
CTGCATTCCAGGTCAGTCTG_002,149
CTGCATTCCAGGTCAGTCTG_003,2
CTGCATTCCAGGTCAGTCTG_004,142
TGATGTCCGTGATGTGAGCG_001,51
TGATGTCCGTGATGTGAGCG_002,102
TGATGTCCGTGATGTGAGCG_003,67
TGATGTCCGTGATGTGAGCG_004,148
TGATGTCCGTGATGTGAGCG_005,29
TGATGTCCGTGATGTGAGCG_006,19
TGATGTCCGTGATGTGAGCG_007,169
TGATGTCCGTGATGTGAGCG_008,91
GAAAACGATTCGCTTCTCCC_001,162
TACAGCCTCCATGCCCCAAG_001,153
TACAGCCTCCATGCCCCAAG_002,62
TACAGCCTCCATGCCCCAAG_003,149
TACAGCCTCCATGCCCCAAG_004,58
TACAGCCTCCATGCCCCAAG_005,17
TACAGCCTCCATGCCCCAAG_006,7
TACAGCCTCCATGCCCCAAG_007,115
TACAGCCTCCATGCCCCAAG_008,48
TACAGCCTCCATGCCCCAAG_009,94
TACAGCCTCCATGCCCCAAG_010,83
TACAGCCTCCATGCCCCAAG_011,70
TACAGCCTCCATGCCCCAAG_012,62
TACAGCCTCCATGCCCCAAG_013,126
TACAGCCTCCATGCCCCAAG_014,162
TACAGCCTCCATGCCCCAAG_015,16
TACAGCCTCCATGCCCCAAG_016,40
TACAGCCTCCATGCCCCAAG_017,74
TACAGCCTCCATGCCCCAAG_018,24
TACAGCCTCCATGCCCCAAG_019,58
TACAGCCTCCATGCCCCAAG_020,115
TACAGCCTCCATGCCCCAAG_021,198
TACAGCCTCCATGCCCCAAG_022,192
TACAGCCTCCATGCCCCAAG_023,58
TACAGCCTCCATGCCCCAAG_024,15
TACAGCCTCCATGCCCCAAG_025,183
TACAGCCTCCATGCCCCAAG_026,45
TACAGCCTCCATGCCCCAAG_027,146
TACAGCCTCCATGCCCCAAG_028,125
TACAGCCTCCATGCCCCAAG_029,20
TACAGCCTCCATGCCCCAAG_030,141
TACAGCCTCCATGCCCCAAG_031,1
TACAGCCTCCATGCCCCAAG_032,88
TACAGCCTCCATGCCCCAAG_033,145
TACAGCCTCCATGCCCCAAG_034,48
AGGGTAGTGATGGCGGACCG_001,188
AGGGTAGTGATGGCGGACCG_002,130
AGGGTAGTGATGGCGGACCG_003,133
AGGGTAGTGATGGCGGACCG_004,121
AGGGTAGTGATGGCGGACCG_005,31
AGGGTAGTGATGGCGGACCG_006,1
AGGGTAGTGATGGCGGACCG_007,57
AGGGTAGTGATGGCGGACCG_008,8
AGGGTAGTGATGGCGGACCG_009,61
AGGGTAGTGATGGCGGACCG_010,193
AGGGTAGTGATGGCGGACCG_011,117
AGGGTAGTGATGGCGGACCG_012,108
AGGGTAGTGATGGCGGACCG_013,49
AGGGTAGTGATGGCGGACCG_014,149
AGGGTAGTGATGGCGGACCG_015,36
AGGGTAGTGATGGCGGACCG_016,65
AGGGTAGTGATGGCGGACCG_017,113
AGGGTAGTGATGGCGGACCG_018,47
AGGGTAGTGATGGCGGACCG_019,135
AGGGTAGTGATGGCGGACCG_020,195
AGGGTAGTGATGGCGGACCG_021,178
AGGGTAGTGATGGCGGACCG_022,6
AGGGTAGTGATGGCGGACCG_023,141
AGGGTAGTGATGGCGGACCG_024,107
AGGGTAGTGATGGCGGACCG_025,68
AGGGTAGTGATGGCGGACCG_026,88
AGGGTAGTGATGGCGGACCG_027,199
AGGGTAGTGATGGCGGACCG_028,0
AGGGTAGTGATGGCGGACCG_029,83
AGGGAAACAGGACGACACCT_001,177
AGGGAAACAGGACGACACCT_002,115
AGGGAAACAGGACGACACCT_003,156
AGGGAAACAGGACGACACCT_004,0
AGGGAAACAGGACGACACCT_005,15
AGGGAAACAGGACGACACCT_006,45
AGGGAAACAGGACGACACCT_007,30
AGGGAAACAGGACGACACCT_008,14
AGGGAAACAGGACGACACCT_009,104
AGGGAAACAGGACGACACCT_010,19
AGGGAAACAGGACGACACCT_011,87
AGGGAAACAGGACGACACCT_012,149
AGGGAAACAGGACGACACCT_013,177
ATGAAGTTGAACTTGTAGCG_001,162
ATGAAGTTGAACTTGTAGCG_002,169
ATGAAGTTGAACTTGTAGCG_003,58
ATGAAGTTGAACTTGTAGCG_004,94
ATGAAGTTGAACTTGTAGCG_005,182
ATGAAGTTGAACTTGTAGCG_006,140
ATGAAGTTGAACTTGTAGCG_007,150
CCGAGTGCACTGAAGACGAT_001,183
CCGAGTGCACTGAAGACGAT_002,64
CCGAGTGCACTGAAGACGAT_003,4
CCGAGTGCACTGAAGACGAT_004,5
CCGAGTGCACTGAAGACGAT_005,94
CCGAGTGCACTGAAGACGAT_006,190
CCGAGTGCACTGAAGACGAT_007,156
CCGAGTGCACTGAAGACGAT_008,88
CCGAGTGCACTGAAGACGAT_009,144
CCGAGTGCACTGAAGACGAT_010,55
CCGAGTGCACTGAAGACGAT_011,185
CCGAGTGCACTGAAGACGAT_012,160
CCGAGTGCACTGAAGACGAT_013,28
CCGAGTGCACTGAAGACGAT_014,62
CCGAGTGCACTGAAGACGAT_015,199
CCGAGTGCACTGAAGACGAT_016,165
CCGAGTGCACTGAAGACGAT_017,58
CCGAGTGCACTGAAGACGAT_018,27
CCGAGTGCACTGAAGACGAT_019,8
CCGAGTGCACTGAAGACGAT_020,138
CCGAGTGCACTGAAGACGAT_021,68
CCGAGTGCACTGAAGACGAT_022,169
CCGAGTGCACTGAAGACGAT_023,187
CCGAGTGCACTGAAGACGAT_024,58
CCGAGTGCACTGAAGACGAT_025,43
CCGAGTGCACTGAAGACGAT_026,63
CCGAGTGCACTGAAGACGAT_027,19
GATCCTAAAGAAGATAATAG_001,169
GATCCTAAAGAAGATAATAG_002,13
GATCCTAAAGAAGATAATAG_003,127
GATCCTAAAGAAGATAATAG_004,89
ACTGACCAAAATCAGCCCCG_001,29
ACTGACCAAAATCAGCCCCG_002,160
ACTGACCAAAATCAGCCCCG_003,63
ACTGACCAAAATCAGCCCCG_004,57
ACTGACCAAAATCAGCCCCG_005,144
ACTGACCAAAATCAGCCCCG_006,32
ACTGACCAAAATCAGCCCCG_007,55
ACTGACCAAAATCAGCCCCG_008,127
ACTGACCAAAATCAGCCCCG_009,122
ACTGACCAAAATCAGCCCCG_010,182
ACTGACCAAAATCAGCCCCG_011,64
ACTGACCAAAATCAGCCCCG_012,34
ACTGACCAAAATCAGCCCCG_013,81
ACTGACCAAAATCAGCCCCG_014,113
ACTGACCAAAATCAGCCCCG_015,150
ACTGACCAAAATCAGCCCCG_016,44
ACTGACCAAAATCAGCCCCG_017,172
ACTGACCAAAATCAGCCCCG_018,105
ACTGACCAAAATCAGCCCCG_019,147
ACTGACCAAAATCAGCCCCG_020,34
ACTGACCAAAATCAGCCCCG_021,116
ACTGACCAAAATCAGCCCCG_022,29
TACATTGGGATATGAAGGTG_001,9
TACATTGGGATATGAAGGTG_002,166
TACATTGGGATATGAAGGTG_003,14
TACATTGGGATATGAAGGTG_004,130
TACATTGGGATATGAAGGTG_005,15
TACATTGGGATATGAAGGTG_006,169
TACATTGGGATATGAAGGTG_007,169
TGAGTAGGTGACTGGTATAG_001,146
TGAGTAGGTGACTGGTATAG_002,43
TGAGTAGGTGACTGGTATAG_003,69
TGGACTTATCTACGCTGTAG_001,105
TGGACTTATCTACGCTGTAG_002,110
TGGACTTATCTACGCTGTAG_003,76
TGAACAAACGCTGGTCACCG_001,54
TGAACAAACGCTGGTCACCG_002,142
TGAACAAACGCTGGTCACCG_003,84
TGAACAAACGCTGGTCACCG_004,117
TGAACAAACGCTGGTCACCG_005,42
TGAACAAACGCTGGTCACCG_006,51
TGAACAAACGCTGGTCACCG_007,153
TCTTTGTATAAACCTCTGAT_001,41
GCACAAAATAGAGCCAGTTG_001,62
GCACAAAATAGAGCCAGTTG_002,145
GCACAAAATAGAGCCAGTTG_003,82
GCACAAAATAGAGCCAGTTG_004,113
GCACAAAATAGAGCCAGTTG_005,148
GCACAAAATAGAGCCAGTTG_006,161
GCACAAAATAGAGCCAGTTG_007,145
AGAAACCAAAGTTACCGTCT_001,90
AGAAACCAAAGTTACCGTCT_002,195
AGAAACCAAAGTTACCGTCT_003,105
AGAAACCAAAGTTACCGTCT_004,6
AGAAACCAAAGTTACCGTCT_005,36
AGAAACCAAAGTTACCGTCT_006,58
AGAAACCAAAGTTACCGTCT_007,12
AGAAACCAAAGTTACCGTCT_008,192
AGAAACCAAAGTTACCGTCT_009,184
CTGCATGACGAGCTAATGAA_001,26
CTGCATGACGAGCTAATGAA_002,26
CTGCATGACGAGCTAATGAA_003,25
CTGCATGACGAGCTAATGAA_004,48
CTGCATGACGAGCTAATGAA_005,92
CTGCATGACGAGCTAATGAA_006,96
CTGCATGACGAGCTAATGAA_007,80
CTGCATGACGAGCTAATGAA_008,50
CTGCATGACGAGCTAATGAA_009,54
CTGCATGACGAGCTAATGAA_010,103
CTGCATGACGAGCTAATGAA_011,173
CTGCATGACGAGCTAATGAA_012,13
CTGCATGACGAGCTAATGAA_013,60
ACACAATCCAGTGGCCACCA_001,118
ACACAATCCAGTGGCCACCA_002,121
ACACAATCCAGTGGCCACCA_003,48
ACACAATCCAGTGGCCACCA_004,94
ACACAATCCAGTGGCCACCA_005,69
ACACAATCCAGTGGCCACCA_006,1
ACACAATCCAGTGGCCACCA_007,98
ACACAATCCAGTGGCCACCA_008,141
ACACAATCCAGTGGCCACCA_009,61
ACACAATCCAGTGGCCACCA_010,41
ACACAATCCAGTGGCCACCA_011,38
ACACAATCCAGTGGCCACCA_012,156
ACACAATCCAGTGGCCACCA_013,61
ACACAATCCAGTGGCCACCA_014,19
ACACAATCCAGTGGCCACCA_015,94
ACACAATCCAGTGGCCACCA_016,55
ACACAATCCAGTGGCCACCA_017,62
ACACAATCCAGTGGCCACCA_018,130
ACACAATCCAGTGGCCACCA_019,30
ACACAATCCAGTGGCCACCA_020,162
TTGCCAAACTCCTCGAAGAG_001,158
TTGCCAAACTCCTCGAAGAG_002,101
CATCCGACACTTAGACCGAG_001,80
CATCCGACACTTAGACCGAG_002,197
CATCCGACACTTAGACCGAG_003,82
CATCCGACACTTAGACCGAG_004,58
CATCCGACACTTAGACCGAG_005,122
CATCCGACACTTAGACCGAG_006,199
CATCCGACACTTAGACCGAG_007,62
CATCCGACACTTAGACCGAG_008,99
CATCCGACACTTAGACCGAG_009,28
CATCCGACACTTAGACCGAG_010,117
CGAACTTCAGGAGTGCGCTG_001,190
CGAACTTCAGGAGTGCGCTG_002,158
CGAACTTCAGGAGTGCGCTG_003,15
CGAACTTCAGGAGTGCGCTG_004,65
CGAACTTCAGGAGTGCGCTG_005,182
GGGGCGTGATAGTAAGCACA_001,2
GGGGCGTGATAGTAAGCACA_002,121
CGTGACATTGACCACTGGTG_001,87
CGTGACATTGACCACTGGTG_002,49
CGTGACATTGACCACTGGTG_003,84
CGTGACATTGACCACTGGTG_004,162
CGTGACATTGACCACTGGTG_005,174
CGTGACATTGACCACTGGTG_006,61
TACCTGACATCCATTCACAA_001,127
TACCTGACATCCATTCACAA_002,149
TACCTGACATCCATTCACAA_003,110
TACCTGACATCCATTCACAA_004,77
TACCTGACATCCATTCACAA_005,184
TACCTGACATCCATTCACAA_006,22
TACCTGACATCCATTCACAA_007,81
AAAGTTCTCTGGAGTCATGG_001,60
AAAGTTCTCTGGAGTCATGG_002,170
AAAGTTCTCTGGAGTCATGG_003,166
AAAGTTCTCTGGAGTCATGG_004,68
AAAGTTCTCTGGAGTCATGG_005,121
AAAGTTCTCTGGAGTCATGG_006,116
AAAGTTCTCTGGAGTCATGG_007,34
AAAGTTCTCTGGAGTCATGG_008,199
AAAGTTCTCTGGAGTCATGG_009,103
AAAGTTCTCTGGAGTCATGG_010,135
AAAGTTCTCTGGAGTCATGG_011,81
AAAGTTCTCTGGAGTCATGG_012,60
AAAGTTCTCTGGAGTCATGG_013,68
AAAGTTCTCTGGAGTCATGG_014,172
GTATAAGGGACTCGTCCCCG_001,76
GTATAAGGGACTCGTCCCCG_002,169
GTATAAGGGACTCGTCCCCG_003,62
GTATAAGGGACTCGTCCCCG_004,6
GTATAAGGGACTCGTCCCCG_005,115
GTATAAGGGACTCGTCCCCG_006,50
GTATAAGGGACTCGTCCCCG_007,178
GTATAAGGGACTCGTCCCCG_008,115
GTATAAGGGACTCGTCCCCG_009,134
GTATAAGGGACTCGTCCCCG_010,8
GTATAAGGGACTCGTCCCCG_011,116
GTATAAGGGACTCGTCCCCG_012,130
GTATAAGGGACTCGTCCCCG_013,191
GTATAAGGGACTCGTCCCCG_014,191
GTATAAGGGACTCGTCCCCG_015,88
GTATAAGGGACTCGTCCCCG_016,171
GTATAAGGGACTCGTCCCCG_017,162
GTATAAGGGACTCGTCCCCG_018,49
GTATAAGGGACTCGTCCCCG_019,50
GTATAAGGGACTCGTCCCCG_020,149
GTATAAGGGACTCGTCCCCG_021,138
GTATAAGGGACTCGTCCCCG_022,128
TCTTCTGGTAGATCTCTCCG_001,192
TCTTCTGGTAGATCTCTCCG_002,176
TCTTCTGGTAGATCTCTCCG_003,196
TCTTCTGGTAGATCTCTCCG_004,49
CTTTCTCACGATTATGACAG_001,52
GGACACACTTACCAGCATGT_001,148
GGACACACTTACCAGCATGT_002,56
GGACACACTTACCAGCATGT_003,40
GGACACACTTACCAGCATGT_004,35
GGACACACTTACCAGCATGT_005,50
TGCTGGAGGAGATATGTGAC_001,15
TGCTGGAGGAGATATGTGAC_002,11
CGGGTTCCTCTGCCACGGCG_001,147
CGGGTTCCTCTGCCACGGCG_002,38
CGGGTTCCTCTGCCACGGCG_003,129
CGGGTTCCTCTGCCACGGCG_004,26
CGGGTTCCTCTGCCACGGCG_005,145
CGGGTTCCTCTGCCACGGCG_006,185
CGGGTTCCTCTGCCACGGCG_007,19
CGGGTTCCTCTGCCACGGCG_008,115
CGGGTTCCTCTGCCACGGCG_009,130
CGGGTTCCTCTGCCACGGCG_010,191
CGGGTTCCTCTGCCACGGCG_011,148
CGGGTTCCTCTGCCACGGCG_012,133
CGGGTTCCTCTGCCACGGCG_013,79
CGGGTTCCTCTGCCACGGCG_014,56
CGGGTTCCTCTGCCACGGCG_015,148
CGGGTTCCTCTGCCACGGCG_016,72
CGGGTTCCTCTGCCACGGCG_017,91
CGGGTTCCTCTGCCACGGCG_018,106
CGGGTTCCTCTGCCACGGCG_019,1
CGGGTTCCTCTGCCACGGCG_020,144
CGGGTTCCTCTGCCACGGCG_021,130
CGGGTTCCTCTGCCACGGCG_022,66
CGGGTTCCTCTGCCACGGCG_023,2
CGGGTTCCTCTGCCACGGCG_024,43
CGGGTTCCTCTGCCACGGCG_025,27
CGGGTTCCTCTGCCACGGCG_026,114
CGGGTTCCTCTGCCACGGCG_027,188
CGGGTTCCTCTGCCACGGCG_028,49
CGGGTTCCTCTGCCACGGCG_029,106
CGGGTTCCTCTGCCACGGCG_030,191
GCGATGACCTTCTGGCCGGG_001,49
GCGATGACCTTCTGGCCGGG_002,112
GCGATGACCTTCTGGCCGGG_003,185
GCGATGACCTTCTGGCCGGG_004,191
GCGATGACCTTCTGGCCGGG_005,8
GCGATGACCTTCTGGCCGGG_006,116
GCGATGACCTTCTGGCCGGG_007,119
GCGATGACCTTCTGGCCGGG_008,82
GGTAGGGCTTCTGTGCCGCG_001,60
GGTAGGGCTTCTGTGCCGCG_002,54
GGTAGGGCTTCTGTGCCGCG_003,199
GGTAGGGCTTCTGTGCCGCG_004,162
GGTAGGGCTTCTGTGCCGCG_005,164
GGTAGGGCTTCTGTGCCGCG_006,149
GGTAGGGCTTCTGTGCCGCG_007,35
GCTTTCATAAATACTGACCG_001,94
GCTTTCATAAATACTGACCG_002,127
TTTCGCCCACTTCACCTGGG_001,108
TTTCGCCCACTTCACCTGGG_002,141
TTTCGCCCACTTCACCTGGG_003,70
AGAAGTAGGTCATCAACCTG_001,91
AGAAGTAGGTCATCAACCTG_002,17
AGAAGTAGGTCATCAACCTG_003,127
AGAAGTAGGTCATCAACCTG_004,113
AGAAGTAGGTCATCAACCTG_005,181
AGAAGTAGGTCATCAACCTG_006,40
AGAAGTAGGTCATCAACCTG_007,149
AGAAGTAGGTCATCAACCTG_008,5
AGAAGTAGGTCATCAACCTG_009,78
AGAAGTAGGTCATCAACCTG_010,137
AGAAGTAGGTCATCAACCTG_011,86
AGAAGTAGGTCATCAACCTG_012,147
ACAACGTGTCTATTTCAACC_001,147
ACAACGTGTCTATTTCAACC_002,104
ATCTGTGCATGAACAACCAA_001,28
ATCTGTGCATGAACAACCAA_002,120
ATCTGTGCATGAACAACCAA_003,124
ATCTGTGCATGAACAACCAA_004,140
ATCTGTGCATGAACAACCAA_005,176
ATCTGTGCATGAACAACCAA_006,68
ATCTGTGCATGAACAACCAA_007,38
ATCTGTGCATGAACAACCAA_008,111
ATCTGTGCATGAACAACCAA_009,12
ATCTGTGCATGAACAACCAA_010,149
ATCTGTGCATGAACAACCAA_011,4
ATCTGTGCATGAACAACCAA_012,102
ATCTGTGCATGAACAACCAA_013,178
ATCTGTGCATGAACAACCAA_014,41
ATCTGTGCATGAACAACCAA_015,41
ATCTGTGCATGAACAACCAA_016,33
ATCTGTGCATGAACAACCAA_017,57
ATCTGTGCATGAACAACCAA_018,62
ATCTGTGCATGAACAACCAA_019,139
ATCTTAACTAGATTCGTGTG_001,181
ATCTTAACTAGATTCGTGTG_002,185
ATCTTAACTAGATTCGTGTG_003,162
ATCTTAACTAGATTCGTGTG_004,33
ATCTTAACTAGATTCGTGTG_005,140
ATCTTAACTAGATTCGTGTG_006,180
ATCTTAACTAGATTCGTGTG_007,174
ATCTTAACTAGATTCGTGTG_008,124
ATCTTAACTAGATTCGTGTG_009,175
ATCTTAACTAGATTCGTGTG_010,149
ATGAGGCAAAATCATATGAG_001,24
ATGAGGCAAAATCATATGAG_002,29
ATGAGGCAAAATCATATGAG_003,5
ATGAGGCAAAATCATATGAG_004,132
ATGAGGCAAAATCATATGAG_005,60
ATGAGGCAAAATCATATGAG_006,41
ATGAGGCAAAATCATATGAG_007,67
ATGAGGCAAAATCATATGAG_008,182
ATGAGGCAAAATCATATGAG_009,156
GGTCCGGGAAAGCCGAAATG_001,168
GGTCCGGGAAAGCCGAAATG_002,174
GGTCCGGGAAAGCCGAAATG_003,109
GGTCCGGGAAAGCCGAAATG_004,142
GGTCCGGGAAAGCCGAAATG_005,124
GGTCCGGGAAAGCCGAAATG_006,8
GGTCCGGGAAAGCCGAAATG_007,127
GGTCCGGGAAAGCCGAAATG_008,80
GGTCCGGGAAAGCCGAAATG_009,41
GGTCCGGGAAAGCCGAAATG_010,50
GGTCCGGGAAAGCCGAAATG_011,21
GGTCCGGGAAAGCCGAAATG_012,158
GGTCCGGGAAAGCCGAAATG_013,104
GGTCCGGGAAAGCCGAAATG_014,137
GGTCCGGGAAAGCCGAAATG_015,104
GGTCCGGGAAAGCCGAAATG_016,125
GGTCCGGGAAAGCCGAAATG_017,30
GGTCCGGGAAAGCCGAAATG_018,126
GGTCCGGGAAAGCCGAAATG_019,94
GAACGCCGGCTGCATCGCGT_001,161
GAACGCCGGCTGCATCGCGT_002,180
GAACGCCGGCTGCATCGCGT_003,75
GAACGCCGGCTGCATCGCGT_004,168
GAACGCCGGCTGCATCGCGT_005,56
GAACGCCGGCTGCATCGCGT_006,85
GAACGCCGGCTGCATCGCGT_007,176
GAACGCCGGCTGCATCGCGT_008,188
GAACGCCGGCTGCATCGCGT_009,149
GAACGCCGGCTGCATCGCGT_010,50
GAACGCCGGCTGCATCGCGT_011,34
GAACGCCGGCTGCATCGCGT_012,40
GAACGCCGGCTGCATCGCGT_013,16
GAACGCCGGCTGCATCGCGT_014,50
GAACGCCGGCTGCATCGCGT_015,35
GAACGCCGGCTGCATCGCGT_016,113
ACAGGAAGCTCCACTGCACG_001,189
ACAGGAAGCTCCACTGCACG_002,139
ACAGGAAGCTCCACTGCACG_003,112
ACAGGAAGCTCCACTGCACG_004,128
ACAGGAAGCTCCACTGCACG_005,29
ACAGGAAGCTCCACTGCACG_006,119
ACAGGAAGCTCCACTGCACG_007,119
ACAGGAAGCTCCACTGCACG_008,5
ACAGGAAGCTCCACTGCACG_009,12
ACAGGAAGCTCCACTGCACG_010,76
ACAGGAAGCTCCACTGCACG_011,121
ACAGGAAGCTCCACTGCACG_012,133
ACAGGAAGCTCCACTGCACG_013,78
ACAGGAAGCTCCACTGCACG_014,198
AGACCTTATACGCTGACCGG_001,125
AGACCTTATACGCTGACCGG_002,48
AGACCTTATACGCTGACCGG_003,61
AGACCTTATACGCTGACCGG_004,188
AGACCTTATACGCTGACCGG_005,106
AGACCTTATACGCTGACCGG_006,63
AGACCTTATACGCTGACCGG_007,92
CCTGTAGATGACCCACAGAG_001,53
CCTGTAGATGACCCACAGAG_002,198
CCTGTAGATGACCCACAGAG_003,168
CCTGTAGATGACCCACAGAG_004,57
AATAACTCCTGAATTTAAGT_001,178
AAATAGAATCGGCTGCCACT_001,174
AAATAGAATCGGCTGCCACT_002,88
AAATAGAATCGGCTGCCACT_003,84
AAATAGAATCGGCTGCCACT_004,114
AAATAGAATCGGCTGCCACT_005,46
AAATAGAATCGGCTGCCACT_006,142
AAATAGAATCGGCTGCCACT_007,150
AAATAGAATCGGCTGCCACT_008,167
AAATAGAATCGGCTGCCACT_009,194
AAATAGAATCGGCTGCCACT_010,17
AAATAGAATCGGCTGCCACT_011,9
AAATAGAATCGGCTGCCACT_012,160
AAATAGAATCGGCTGCCACT_013,166
AAATAGAATCGGCTGCCACT_014,105
AAATAGAATCGGCTGCCACT_015,130
AAATAGAATCGGCTGCCACT_016,74
AAATAGAATCGGCTGCCACT_017,183
AAATAGAATCGGCTGCCACT_018,117
AAATAGAATCGGCTGCCACT_019,89
AAATAGAATCGGCTGCCACT_020,169
AAATAGAATCGGCTGCCACT_021,10
AAATAGAATCGGCTGCCACT_022,152
AAATAGAATCGGCTGCCACT_023,65
AAATAGAATCGGCTGCCACT_024,68
AAATAGAATCGGCTGCCACT_025,137
AAATAGAATCGGCTGCCACT_026,69
AAATAGAATCGGCTGCCACT_027,191
AAATAGAATCGGCTGCCACT_028,94
AAATAGAATCGGCTGCCACT_029,17
AAATAGAATCGGCTGCCACT_030,48
CCCAGGTCGAACATATCCAG_001,41
CCCAGGTCGAACATATCCAG_002,120
GCTCAGCCTCCAAAGCCACG_001,146
GCTCAGCCTCCAAAGCCACG_002,127
GCTCAGCCTCCAAAGCCACG_003,81
GCTCAGCCTCCAAAGCCACG_004,169
GCTCAGCCTCCAAAGCCACG_005,130
GCTCAGCCTCCAAAGCCACG_006,93
GCTCAGCCTCCAAAGCCACG_007,10
GCTCAGCCTCCAAAGCCACG_008,6
GCTCAGCCTCCAAAGCCACG_009,152
GCATCCGGGAGACTACATGC_001,198
GCATCCGGGAGACTACATGC_002,61
GCATCCGGGAGACTACATGC_003,80
GCATCCGGGAGACTACATGC_004,176
GCATCCGGGAGACTACATGC_005,188
GCATCCGGGAGACTACATGC_006,106
GCATCCGGGAGACTACATGC_007,88
GCATCCGGGAGACTACATGC_008,107
GCATCCGGGAGACTACATGC_009,127
GCATCCGGGAGACTACATGC_010,87
GCATCCGGGAGACTACATGC_011,168
AGACAGGGCATTACCAAGTG_001,156
AGACAGGGCATTACCAAGTG_002,58
CCCAAGCATTGAGTCCAGGG_001,82
CCCAAGCATTGAGTCCAGGG_002,62
CCCAAGCATTGAGTCCAGGG_003,117
CCCAAGCATTGAGTCCAGGG_004,174
CCCAAGCATTGAGTCCAGGG_005,177
CCCAAGCATTGAGTCCAGGG_006,6
CCCAAGCATTGAGTCCAGGG_007,1
GTATGGCATCATGCCCCTCA_001,93
GTATGGCATCATGCCCCTCA_002,121
GTATGGCATCATGCCCCTCA_003,25
GTATGGCATCATGCCCCTCA_004,50
GTATGGCATCATGCCCCTCA_005,48
GTATGGCATCATGCCCCTCA_006,187
GTGATTGAGCCCACTCGCAT_001,60
GTGATTGAGCCCACTCGCAT_002,105
GTGATTGAGCCCACTCGCAT_003,80
GTGATTGAGCCCACTCGCAT_004,80
GTGATTGAGCCCACTCGCAT_005,162
GTGATTGAGCCCACTCGCAT_006,184
GTGATTGAGCCCACTCGCAT_007,82
GTGATTGAGCCCACTCGCAT_008,174
GTGATTGAGCCCACTCGCAT_009,150
GTGATTGAGCCCACTCGCAT_010,73
GTGATTGAGCCCACTCGCAT_011,89
GTGATTGAGCCCACTCGCAT_012,178
GTGATTGAGCCCACTCGCAT_013,168
GTGATTGAGCCCACTCGCAT_014,135
GTGATTGAGCCCACTCGCAT_015,151
GTGATTGAGCCCACTCGCAT_016,137
GTGATTGAGCCCACTCGCAT_017,147
GTGATTGAGCCCACTCGCAT_018,49
GTGATTGAGCCCACTCGCAT_019,65
GTGATTGAGCCCACTCGCAT_020,169
GTGATTGAGCCCACTCGCAT_021,76
GTGATTGAGCCCACTCGCAT_022,77
GTGATTGAGCCCACTCGCAT_023,55
GTGATTGAGCCCACTCGCAT_024,17
GTGATTGAGCCCACTCGCAT_025,177
GTGATTGAGCCCACTCGCAT_026,145
GTGATTGAGCCCACTCGCAT_027,166
GTGATTGAGCCCACTCGCAT_028,142
GTGATTGAGCCCACTCGCAT_029,165
GTGATTGAGCCCACTCGCAT_030,20
GTGATTGAGCCCACTCGCAT_031,110
GTGATTGAGCCCACTCGCAT_032,145
GTGATTGAGCCCACTCGCAT_033,145
GTGATTGAGCCCACTCGCAT_034,153
GTGATTGAGCCCACTCGCAT_035,159
GTGATTGAGCCCACTCGCAT_036,168
GTGATTGAGCCCACTCGCAT_037,141
GTGATTGAGCCCACTCGCAT_038,162
GTGATTGAGCCCACTCGCAT_039,172
GTGATTGAGCCCACTCGCAT_040,124
GTGATTGAGCCCACTCGCAT_041,86
GCTGCTGCTGTTAATAGACG_001,6
CCGCAGGGTCCAATAGCCTA_001,51
CCGCAGGGTCCAATAGCCTA_002,196
CCGCAGGGTCCAATAGCCTA_003,98
CCGCAGGGTCCAATAGCCTA_004,109
TCCCCAAAGCTATTAGACTC_001,12
TCCCCAAAGCTATTAGACTC_002,184
TCCCCAAAGCTATTAGACTC_003,184
TCCCCAAAGCTATTAGACTC_004,130
TCCCCAAAGCTATTAGACTC_005,16
TCCCCAAAGCTATTAGACTC_006,77
TGGATACACAGCAGCTAGGG_001,168
TGGATACACAGCAGCTAGGG_002,142
TGGATACACAGCAGCTAGGG_003,33
TGGATACACAGCAGCTAGGG_004,186
TACATACCCTGGACACGTGA_001,150
TACATACCCTGGACACGTGA_002,76
TACATACCCTGGACACGTGA_003,185
TACATACCCTGGACACGTGA_004,42
TACATACCCTGGACACGTGA_005,174
TACATACCCTGGACACGTGA_006,8
TACATACCCTGGACACGTGA_007,63
TACATACCCTGGACACGTGA_008,50
TACATACCCTGGACACGTGA_009,176
TACATACCCTGGACACGTGA_010,41
GGAGATGGACAACCATATGT_001,44
GGAGATGGACAACCATATGT_002,116
ATTGTTACTACATTAACAGG_001,168
GGCTGAGCCAGATCGCACCC_001,1
GTGGCGTGCCGCTTAGCTGG_001,15
GTGGCGTGCCGCTTAGCTGG_002,168
GTGGCGTGCCGCTTAGCTGG_003,75
GTGGCGTGCCGCTTAGCTGG_004,14
GTGGCGTGCCGCTTAGCTGG_005,134
GTGGCGTGCCGCTTAGCTGG_006,81
TCCAACCTGCTGGGCTACAT_001,194
TCCAACCTGCTGGGCTACAT_002,81
TCCAACCTGCTGGGCTACAT_003,148
TCCAACCTGCTGGGCTACAT_004,120
TCCAACCTGCTGGGCTACAT_005,33
TCCAACCTGCTGGGCTACAT_006,94
TCCAACCTGCTGGGCTACAT_007,43
TCCAACCTGCTGGGCTACAT_008,114
TCTTAGGGGAAAAAGGTCCG_001,146
TCTTAGGGGAAAAAGGTCCG_002,162
TCTTAGGGGAAAAAGGTCCG_003,93
TCTTAGGGGAAAAAGGTCCG_004,60
TCTTAGGGGAAAAAGGTCCG_005,34
TCTTAGGGGAAAAAGGTCCG_006,26
TCTTAGGGGAAAAAGGTCCG_007,197
TCTTAGGGGAAAAAGGTCCG_008,147
TCTTAGGGGAAAAAGGTCCG_009,68
TCTTAGGGGAAAAAGGTCCG_010,108
TCTTAGGGGAAAAAGGTCCG_011,75
TCTTAGGGGAAAAAGGTCCG_012,184
TCTTAGGGGAAAAAGGTCCG_013,68
TCTTAGGGGAAAAAGGTCCG_014,69
TCTTAGGGGAAAAAGGTCCG_015,162
TCTTAGGGGAAAAAGGTCCG_016,13
TCTTAGGGGAAAAAGGTCCG_017,22
TCTTAGGGGAAAAAGGTCCG_018,165
TCTTAGGGGAAAAAGGTCCG_019,72
TCTTAGGGGAAAAAGGTCCG_020,70
TCTTAGGGGAAAAAGGTCCG_021,96
TCTTAGGGGAAAAAGGTCCG_022,13
CAACCTACCATCCTGCGCAG_001,60
CAACCTACCATCCTGCGCAG_002,31
CAGCACCAAAGAGTACTCAG_001,3
CAGCACCAAAGAGTACTCAG_002,18
CAGCACCAAAGAGTACTCAG_003,119
CAGCACCAAAGAGTACTCAG_004,139
CAGCACCAAAGAGTACTCAG_005,51
CAGCACCAAAGAGTACTCAG_006,168
CAGCACCAAAGAGTACTCAG_007,65
CAGCACCAAAGAGTACTCAG_008,155
AGTTCTAATGAGGAATCAAT_001,162
AGTTCTAATGAGGAATCAAT_002,153
AGTTCTAATGAGGAATCAAT_003,94
AGTTCTAATGAGGAATCAAT_004,192
AGTTCTAATGAGGAATCAAT_005,190
AGTTCTAATGAGGAATCAAT_006,149
AGTTCTAATGAGGAATCAAT_007,10
GCTGCGTCGGACGAGCTGTG_001,181
GCTGCGTCGGACGAGCTGTG_002,62
GCTGCGTCGGACGAGCTGTG_003,49
GCTGCGTCGGACGAGCTGTG_004,71
GCTGCGTCGGACGAGCTGTG_005,117
GCTGCGTCGGACGAGCTGTG_006,31
GCTGCGTCGGACGAGCTGTG_007,166
GCTGCGTCGGACGAGCTGTG_008,16
GCTGCGTCGGACGAGCTGTG_009,126
GCTGCGTCGGACGAGCTGTG_010,128
GCTGCGTCGGACGAGCTGTG_011,115
GCTGCGTCGGACGAGCTGTG_012,50
GCTGCGTCGGACGAGCTGTG_013,38
GCTGCGTCGGACGAGCTGTG_014,18
GCTGCGTCGGACGAGCTGTG_015,106
GCTGCGTCGGACGAGCTGTG_016,94
GCTGCGTCGGACGAGCTGTG_017,19
GCTGCGTCGGACGAGCTGTG_018,1
GCTGCGTCGGACGAGCTGTG_019,199
GCTGCGTCGGACGAGCTGTG_020,149
GCTGCGTCGGACGAGCTGTG_021,3
GCTGCGTCGGACGAGCTGTG_022,96
GCTGCGTCGGACGAGCTGTG_023,10
ATTGTTAAGTACCTTCAGCC_001,9
ATTGTTAAGTACCTTCAGCC_002,175
ATTGTTAAGTACCTTCAGCC_003,15
ATTGTTAAGTACCTTCAGCC_004,81
ATTGTTAAGTACCTTCAGCC_005,40
ATTGTTAAGTACCTTCAGCC_006,106
TGCCACCAATGAGAGCTATG_001,70
TGCCACCAATGAGAGCTATG_002,53
TGCCACCAATGAGAGCTATG_003,134
TGCCACCAATGAGAGCTATG_004,88
TGCCACCAATGAGAGCTATG_005,42
TGCCACCAATGAGAGCTATG_006,139
TGCCACCAATGAGAGCTATG_007,132
TGCCACCAATGAGAGCTATG_008,193
TGCCACCAATGAGAGCTATG_009,127
TGCCACCAATGAGAGCTATG_010,69
TGCCACCAATGAGAGCTATG_011,193
TGCCACCAATGAGAGCTATG_012,72
TGCCACCAATGAGAGCTATG_013,108
TGCCACCAATGAGAGCTATG_014,161
TGCCACCAATGAGAGCTATG_015,167
TGCCACCAATGAGAGCTATG_016,55
TGCCACCAATGAGAGCTATG_017,8
TGCCACCAATGAGAGCTATG_018,169
TGCCACCAATGAGAGCTATG_019,150
TGCCACCAATGAGAGCTATG_020,13
TGCCACCAATGAGAGCTATG_021,160
TGCCACCAATGAGAGCTATG_022,51
TGCCACCAATGAGAGCTATG_023,76
TGCCACCAATGAGAGCTATG_024,78
TGCCACCAATGAGAGCTATG_025,69
TGCCACCAATGAGAGCTATG_026,178
TGCCACCAATGAGAGCTATG_027,198
TGCCACCAATGAGAGCTATG_028,55
TGCCACCAATGAGAGCTATG_029,133
TGCCACCAATGAGAGCTATG_030,113
TGCCACCAATGAGAGCTATG_031,161
TGCCACCAATGAGAGCTATG_032,78
TGCCACCAATGAGAGCTATG_033,136
TGCCACCAATGAGAGCTATG_034,63
TGCCACCAATGAGAGCTATG_035,80
TGCCACCAATGAGAGCTATG_036,43
AACATGGAAGAATCCAACAA_001,96
AACATGGAAGAATCCAACAA_002,121
AACATGGAAGAATCCAACAA_003,178
AACATGGAAGAATCCAACAA_004,2
AACATGGAAGAATCCAACAA_005,78
AACATGGAAGAATCCAACAA_006,105
GCTGCCGGCTCACCAAACCA_001,94
GCTGCCGGCTCACCAAACCA_002,118
GCTGCCGGCTCACCAAACCA_003,5
GCTGCCGGCTCACCAAACCA_004,38
GCTGCCGGCTCACCAAACCA_005,1
GCTGCCGGCTCACCAAACCA_006,168
GCTGCCGGCTCACCAAACCA_007,48
TATGAGCGTCCCAACTACCA_001,121
TATGAGCGTCCCAACTACCA_002,115
AGAGACATTTGTGATACGCA_001,67
AGAGACATTTGTGATACGCA_002,61
ATAGATGATTTACCAATATG_001,172
ATAGATGATTTACCAATATG_002,83
ATAGATGATTTACCAATATG_003,50
ATAGATGATTTACCAATATG_004,54
ATAGATGATTTACCAATATG_005,174
ATAGATGATTTACCAATATG_006,83
ATAGATGATTTACCAATATG_007,169
TATTGTCTATGGGCTAACTG_001,77
TATTGTCTATGGGCTAACTG_002,170
TATTGTCTATGGGCTAACTG_003,52
TTTGGCTCCCATTATGGCTG_001,181
TTTGGCTCCCATTATGGCTG_002,183
TTTGGCTCCCATTATGGCTG_003,193
TTTGGCTCCCATTATGGCTG_004,139
TTTGGCTCCCATTATGGCTG_005,49
TTTGGCTCCCATTATGGCTG_006,146
TTTGGCTCCCATTATGGCTG_007,55
CTCTGCGTAATTATACACGG_001,137
CTCTGCGTAATTATACACGG_002,94
GGCTCTGTCGGGGTTCATCG_001,62
GGCTCTGTCGGGGTTCATCG_002,40
GGCTCTGTCGGGGTTCATCG_003,8
GGCTCTGTCGGGGTTCATCG_004,24
GGCTCTGTCGGGGTTCATCG_005,4
GGCTCTGTCGGGGTTCATCG_006,155
GGCTCTGTCGGGGTTCATCG_007,134
GGCTCTGTCGGGGTTCATCG_008,71
GGCTCTGTCGGGGTTCATCG_009,197
GGCTCTGTCGGGGTTCATCG_010,74
GGCTCTGTCGGGGTTCATCG_011,50
GGCTCTGTCGGGGTTCATCG_012,22
GGCTCTGTCGGGGTTCATCG_013,125
GGCTCTGTCGGGGTTCATCG_014,174
GGCTCTGTCGGGGTTCATCG_015,75
GGCTCTGTCGGGGTTCATCG_016,121
GGCTCTGTCGGGGTTCATCG_017,173
GGCTCTGTCGGGGTTCATCG_018,48
GGCTCTGTCGGGGTTCATCG_019,79
GGCTCTGTCGGGGTTCATCG_020,84
GGCTCTGTCGGGGTTCATCG_021,119
GGACATGGACGACCACAGGT_001,149
GGACATGGACGACCACAGGT_002,78
GGACATGGACGACCACAGGT_003,39
GGACATGGACGACCACAGGT_004,177
GGACATGGACGACCACAGGT_005,197
GGACATGGACGACCACAGGT_006,78
GGACATGGACGACCACAGGT_007,188
CCTCCTAGGAGATGAATCCG_001,82
CCTCCTAGGAGATGAATCCG_002,70
CCTCCTAGGAGATGAATCCG_003,34
CCTCCTAGGAGATGAATCCG_004,98
CCTCCTAGGAGATGAATCCG_005,50
CCTCCTAGGAGATGAATCCG_006,81
CCTCCTAGGAGATGAATCCG_007,140
CCTCCTAGGAGATGAATCCG_008,41
CCTCCTAGGAGATGAATCCG_009,164
CCTCCTAGGAGATGAATCCG_010,12
CCTCCTAGGAGATGAATCCG_011,182
GCCCTTTGGGGAAGTAAGCA_001,172
GCCCTTTGGGGAAGTAAGCA_002,182
GCCCTTTGGGGAAGTAAGCA_003,108
GCCCTTTGGGGAAGTAAGCA_004,96
GCCCTTTGGGGAAGTAAGCA_005,88
GCCCTTTGGGGAAGTAAGCA_006,49
GCCCTTTGGGGAAGTAAGCA_007,8
GCCCTTTGGGGAAGTAAGCA_008,40
GCCCTTTGGGGAAGTAAGCA_009,15
GCCCTTTGGGGAAGTAAGCA_010,151
GCCCTTTGGGGAAGTAAGCA_011,25
GCCCTTTGGGGAAGTAAGCA_012,150
GCCCTTTGGGGAAGTAAGCA_013,8
GCCCTTTGGGGAAGTAAGCA_014,150
GCCCTTTGGGGAAGTAAGCA_015,65
GCACGTAGACCAGATGCAAG_001,30
GCACGTAGACCAGATGCAAG_002,15
GCACGTAGACCAGATGCAAG_003,157
GCACGTAGACCAGATGCAAG_004,55
GCACGTAGACCAGATGCAAG_005,33
GCACGTAGACCAGATGCAAG_006,130
GCACGTAGACCAGATGCAAG_007,174
GCACGTAGACCAGATGCAAG_008,195
GCACGTAGACCAGATGCAAG_009,176
GCACGTAGACCAGATGCAAG_010,193
CCCTGGGCCCGAGTCCAGCG_001,146
CCCTGGGCCCGAGTCCAGCG_002,182
CCCTGGGCCCGAGTCCAGCG_003,137
CCCTGGGCCCGAGTCCAGCG_004,111
CCCTGGGCCCGAGTCCAGCG_005,55
CCCTGGGCCCGAGTCCAGCG_006,115
CCCTGGGCCCGAGTCCAGCG_007,197
CCCTGGGCCCGAGTCCAGCG_008,76
CCCTGGGCCCGAGTCCAGCG_009,77
CCCTGGGCCCGAGTCCAGCG_010,42
CCCTGGGCCCGAGTCCAGCG_011,112
CCCTGGGCCCGAGTCCAGCG_012,58
CCCTGGGCCCGAGTCCAGCG_013,170
CCCTGGGCCCGAGTCCAGCG_014,29
CCCTGGGCCCGAGTCCAGCG_015,169
CCCTGGGCCCGAGTCCAGCG_016,17
CCCTGGGCCCGAGTCCAGCG_017,18
CCCTGGGCCCGAGTCCAGCG_018,174
CTTCATGTGCGACTACTGCG_001,11
CTTCATGTGCGACTACTGCG_002,184
CTTCATGTGCGACTACTGCG_003,75
CTTCATGTGCGACTACTGCG_004,120
CTTCATGTGCGACTACTGCG_005,169
CTTCATGTGCGACTACTGCG_006,191
CTTCATGTGCGACTACTGCG_007,33
CTTCATGTGCGACTACTGCG_008,117
CTTCATGTGCGACTACTGCG_009,140
CTTCATGTGCGACTACTGCG_010,110
CTTCATGTGCGACTACTGCG_011,60
CTTCATGTGCGACTACTGCG_012,159
CTTCATGTGCGACTACTGCG_013,148
CTTCATGTGCGACTACTGCG_014,6
CTTCATGTGCGACTACTGCG_015,17
CTTCATGTGCGACTACTGCG_016,22
CATACTCTATTAAATCAGGA_001,12
CATACTCTATTAAATCAGGA_002,138
CATACTCTATTAAATCAGGA_003,53
CATACTCTATTAAATCAGGA_004,162
CATACTCTATTAAATCAGGA_005,56
CATACTCTATTAAATCAGGA_006,160
CATACTCTATTAAATCAGGA_007,131
CATACTCTATTAAATCAGGA_008,105
CATACTCTATTAAATCAGGA_009,48
CATACTCTATTAAATCAGGA_010,63
AGCAGGTCTCGTCAAACACG_001,72
AGCAGGTCTCGTCAAACACG_002,15
AGCAGGTCTCGTCAAACACG_003,38
AGCAGGTCTCGTCAAACACG_004,94
AGCAGGTCTCGTCAAACACG_005,148
AGCAGGTCTCGTCAAACACG_006,26
AGCAGGTCTCGTCAAACACG_007,33
AGCAGGTCTCGTCAAACACG_008,100
AGCAGGTCTCGTCAAACACG_009,159
AGCAGGTCTCGTCAAACACG_010,147
AGCAGGTCTCGTCAAACACG_011,166
AGCAGGTCTCGTCAAACACG_012,20
AGCAGGTCTCGTCAAACACG_013,1
AGCAGGTCTCGTCAAACACG_014,82
AGCAGGTCTCGTCAAACACG_015,121
TCCAAGAAGAATGTTAATGT_001,15
AGATAGTCGTTTAGGATACG_001,23
TTGGAATGACGACAGTATGG_001,170
TTGGAATGACGACAGTATGG_002,41
TAGATGTACTTACCACACTG_001,60
TAGATGTACTTACCACACTG_002,29
TAGATGTACTTACCACACTG_003,58
TAGATGTACTTACCACACTG_004,116
TAGATGTACTTACCACACTG_005,34
TAGATGTACTTACCACACTG_006,115
TAGATGTACTTACCACACTG_007,158
TAGATGTACTTACCACACTG_008,192
TAGATGTACTTACCACACTG_009,157
TAGATGTACTTACCACACTG_010,195
TAGATGTACTTACCACACTG_011,33
TAGATGTACTTACCACACTG_012,149
TAGATGTACTTACCACACTG_013,63
TAGATGTACTTACCACACTG_014,48
AGCACCTACCCATATTCACA_001,130
AGGCCGAGTATCCCCGCCGG_001,52
AGGCCGAGTATCCCCGCCGG_002,189
TAAGAAAGTAGCTCAATACA_001,20
TAAGAAAGTAGCTCAATACA_002,105
TAAGAAAGTAGCTCAATACA_003,146
TAAGAAAGTAGCTCAATACA_004,61
TAAGAAAGTAGCTCAATACA_005,81
TAAGAAAGTAGCTCAATACA_006,113
CCCGCCTGGCTGCCTCACAG_001,12
CCCGCCTGGCTGCCTCACAG_002,50
CCCGCCTGGCTGCCTCACAG_003,191
CCCGCCTGGCTGCCTCACAG_004,139
CCCGCCTGGCTGCCTCACAG_005,9
CCCGCCTGGCTGCCTCACAG_006,53
CCCGCCTGGCTGCCTCACAG_007,24
CCCGCCTGGCTGCCTCACAG_008,36
CCCGCCTGGCTGCCTCACAG_009,94
CCCGCCTGGCTGCCTCACAG_010,117
CCCGCCTGGCTGCCTCACAG_011,29
CCCGCCTGGCTGCCTCACAG_012,2
CCCGCCTGGCTGCCTCACAG_013,121
CCCGCCTGGCTGCCTCACAG_014,127
CCCGCCTGGCTGCCTCACAG_015,197
CCCGCCTGGCTGCCTCACAG_016,111
CCCGCCTGGCTGCCTCACAG_017,150
CCCGCCTGGCTGCCTCACAG_018,82
CCCGCCTGGCTGCCTCACAG_019,120
CCCGCCTGGCTGCCTCACAG_020,1
CCCGCCTGGCTGCCTCACAG_021,123
CCCGCCTGGCTGCCTCACAG_022,45
ACGCTGAGGGCATTGCCGAG_001,83
ACGCTGAGGGCATTGCCGAG_002,82
ACGCTGAGGGCATTGCCGAG_003,70
ACGCTGAGGGCATTGCCGAG_004,154
ACGCTGAGGGCATTGCCGAG_005,132
ACGCTGAGGGCATTGCCGAG_006,60
ACGCTGAGGGCATTGCCGAG_007,41
ACGCTGAGGGCATTGCCGAG_008,107
ACGCTGAGGGCATTGCCGAG_009,171
ACGCTGAGGGCATTGCCGAG_010,139
ACGCTGAGGGCATTGCCGAG_011,44
ACGCTGAGGGCATTGCCGAG_012,185
ACGCTGAGGGCATTGCCGAG_013,131
ACGCTGAGGGCATTGCCGAG_014,12
ACGCTGAGGGCATTGCCGAG_015,1
ACGCTGAGGGCATTGCCGAG_016,186
ACGCTGAGGGCATTGCCGAG_017,186
ACGCTGAGGGCATTGCCGAG_018,168
ACGCTGAGGGCATTGCCGAG_019,147
ACGCTGAGGGCATTGCCGAG_020,48
ACGCTGAGGGCATTGCCGAG_021,80
ACGCTGAGGGCATTGCCGAG_022,178
ACGCTGAGGGCATTGCCGAG_023,142
ACGCTGAGGGCATTGCCGAG_024,115
ACGCTGAGGGCATTGCCGAG_025,28
ACGCTGAGGGCATTGCCGAG_026,28
ACGCTGAGGGCATTGCCGAG_027,40
ACGCTGAGGGCATTGCCGAG_028,30
ACGCTGAGGGCATTGCCGAG_029,111
AGCGCTTTAGCCCCGCACCG_001,107
AGCGCTTTAGCCCCGCACCG_002,183
AGCGCTTTAGCCCCGCACCG_003,53
AGCGCTTTAGCCCCGCACCG_004,29
AGCGCTTTAGCCCCGCACCG_005,137
AGCGCTTTAGCCCCGCACCG_006,147
AGCGCTTTAGCCCCGCACCG_007,28
AGCGCTTTAGCCCCGCACCG_008,147
AGCGCTTTAGCCCCGCACCG_009,105
AGCGCTTTAGCCCCGCACCG_010,127
AGCGCTTTAGCCCCGCACCG_011,48
AGCGCTTTAGCCCCGCACCG_012,30
AGCGCTTTAGCCCCGCACCG_013,82
AGCGCTTTAGCCCCGCACCG_014,56
AGCGCTTTAGCCCCGCACCG_015,58
AGCGCTTTAGCCCCGCACCG_016,24
AGCGCTTTAGCCCCGCACCG_017,115
AGCGCTTTAGCCCCGCACCG_018,162
AGCGCTTTAGCCCCGCACCG_019,147
AGCGCTTTAGCCCCGCACCG_020,94
AGCGCTTTAGCCCCGCACCG_021,191
AGCGCTTTAGCCCCGCACCG_022,29
AGCGCTTTAGCCCCGCACCG_023,191
AGCGCTTTAGCCCCGCACCG_024,15
AGCGCTTTAGCCCCGCACCG_025,50
AGCGCTTTAGCCCCGCACCG_026,158
AGCGCTTTAGCCCCGCACCG_027,33
AGCGCTTTAGCCCCGCACCG_028,70
AGCGCTTTAGCCCCGCACCG_029,133
AGCGCTTTAGCCCCGCACCG_030,113
AGCGCTTTAGCCCCGCACCG_031,71
AGCGCTTTAGCCCCGCACCG_032,112
AGCGCTTTAGCCCCGCACCG_033,168
GTGCATGAGAGGTTGAGCAA_001,43
GTGCATGAGAGGTTGAGCAA_002,8
GTGCATGAGAGGTTGAGCAA_003,110
GTGCATGAGAGGTTGAGCAA_004,174
GTGCATGAGAGGTTGAGCAA_005,137
GTGCATGAGAGGTTGAGCAA_006,147
GTGCATGAGAGGTTGAGCAA_007,9
GTGCATGAGAGGTTGAGCAA_008,188
GTGCATGAGAGGTTGAGCAA_009,70
GTGCATGAGAGGTTGAGCAA_010,106
GTGCATGAGAGGTTGAGCAA_011,77
GTGCATGAGAGGTTGAGCAA_012,68
GTGCATGAGAGGTTGAGCAA_013,142
GTGCATGAGAGGTTGAGCAA_014,146
GTGCATGAGAGGTTGAGCAA_015,38
GTGCATGAGAGGTTGAGCAA_016,150
GTGCATGAGAGGTTGAGCAA_017,1
GTGCATGAGAGGTTGAGCAA_018,155
GTGCATGAGAGGTTGAGCAA_019,174
GTGCATGAGAGGTTGAGCAA_020,135
GTGCATGAGAGGTTGAGCAA_021,107
GTGCATGAGAGGTTGAGCAA_022,61
GTGCATGAGAGGTTGAGCAA_023,62
GTGCATGAGAGGTTGAGCAA_024,143
GTGCATGAGAGGTTGAGCAA_025,74
GTGCATGAGAGGTTGAGCAA_026,14
GTGCATGAGAGGTTGAGCAA_027,185
GTGCATGAGAGGTTGAGCAA_028,94
GTGCATGAGAGGTTGAGCAA_029,147
GTGCATGAGAGGTTGAGCAA_030,81
GTGCATGAGAGGTTGAGCAA_031,115
GTGCATGAGAGGTTGAGCAA_032,154
GTGCATGAGAGGTTGAGCAA_033,105
GTGCATGAGAGGTTGAGCAA_034,48
GTGCATGAGAGGTTGAGCAA_035,120
GTGCATGAGAGGTTGAGCAA_036,145
GTGCATGAGAGGTTGAGCAA_037,3
GTGCATGAGAGGTTGAGCAA_038,8
CTCATCCTACGAAGACTCAG_001,0
CTCATCCTACGAAGACTCAG_002,68
CTCATCCTACGAAGACTCAG_003,171
CTCATCCTACGAAGACTCAG_004,118
CTCATCCTACGAAGACTCAG_005,175
CTCATCCTACGAAGACTCAG_006,83
CTCATCCTACGAAGACTCAG_007,12
CTCATCCTACGAAGACTCAG_008,145
CTCATCCTACGAAGACTCAG_009,23
CTCATCCTACGAAGACTCAG_010,132
CTCATCCTACGAAGACTCAG_011,169
CTCATCCTACGAAGACTCAG_012,178
CTCATCCTACGAAGACTCAG_013,70
CTCATCCTACGAAGACTCAG_014,104
CTCATCCTACGAAGACTCAG_015,74
CTCATCCTACGAAGACTCAG_016,34
CTCATCCTACGAAGACTCAG_017,40
AAGATCTGCCGGGGACTGCG_001,31
AAGATCTGCCGGGGACTGCG_002,33
AAGATCTGCCGGGGACTGCG_003,58
AAGATCTGCCGGGGACTGCG_004,72
AAGATCTGCCGGGGACTGCG_005,102
AAGATCTGCCGGGGACTGCG_006,23
AAGATCTGCCGGGGACTGCG_007,76
AAGATCTGCCGGGGACTGCG_008,53
AAGATCTGCCGGGGACTGCG_009,56
AAGATCTGCCGGGGACTGCG_010,144
AAGATCTGCCGGGGACTGCG_011,130
AAGATCTGCCGGGGACTGCG_012,138
AAGATCTGCCGGGGACTGCG_013,67
AAGATCTGCCGGGGACTGCG_014,15
AAGATCTGCCGGGGACTGCG_015,15
AAGATCTGCCGGGGACTGCG_016,177
AAGATCTGCCGGGGACTGCG_017,30
AAGATCTGCCGGGGACTGCG_018,15
AAGATCTGCCGGGGACTGCG_019,105
AAGATCTGCCGGGGACTGCG_020,98
AAGATCTGCCGGGGACTGCG_021,12
AAGATCTGCCGGGGACTGCG_022,65
AAGATCTGCCGGGGACTGCG_023,149
AAGATCTGCCGGGGACTGCG_024,179
AAGATCTGCCGGGGACTGCG_025,151
AAGATCTGCCGGGGACTGCG_026,126
AAGATCTGCCGGGGACTGCG_027,168
AAGATCTGCCGGGGACTGCG_028,69
AAGATCTGCCGGGGACTGCG_029,158
AAGATCTGCCGGGGACTGCG_030,105
TGGCCGTAGATGAGCCCACG_001,74
TGGCCGTAGATGAGCCCACG_002,28
TGGCCGTAGATGAGCCCACG_003,9
TGGCCGTAGATGAGCCCACG_004,94
CTGACGACAAGCCTGAGATG_001,6
CTGACGACAAGCCTGAGATG_002,159
CTGACGACAAGCCTGAGATG_003,13
CTGACGACAAGCCTGAGATG_004,83
CTGACGACAAGCCTGAGATG_005,126
CTGACGACAAGCCTGAGATG_006,181
CTGACGACAAGCCTGAGATG_007,32
ACTGACGAGGACATACCCGA_001,27
ACTGACGAGGACATACCCGA_002,48
ACTGACGAGGACATACCCGA_003,68
ACTGACGAGGACATACCCGA_004,68
ACTGACGAGGACATACCCGA_005,48
ACTGACGAGGACATACCCGA_006,11
ACTGACGAGGACATACCCGA_007,14
ACTGACGAGGACATACCCGA_008,141
ACTGACGAGGACATACCCGA_009,23
ACTGACGAGGACATACCCGA_010,73
ACTGACGAGGACATACCCGA_011,20
ACTGACGAGGACATACCCGA_012,115
ACTGACGAGGACATACCCGA_013,52
ACTGACGAGGACATACCCGA_014,94
ACTGACGAGGACATACCCGA_015,147
ACTGACGAGGACATACCCGA_016,56
ACTGACGAGGACATACCCGA_017,175
ACTGACGAGGACATACCCGA_018,116
ACTGACGAGGACATACCCGA_019,15
AGTGTGCCTGACACAGCATG_001,137
AGTGTGCCTGACACAGCATG_002,159
AGTGTGCCTGACACAGCATG_003,1
AGTGTGCCTGACACAGCATG_004,153
AGTGTGCCTGACACAGCATG_005,189
AGTGTGCCTGACACAGCATG_006,43
AGTGTGCCTGACACAGCATG_007,68
AGTGTGCCTGACACAGCATG_008,133
AGTGTGCCTGACACAGCATG_009,159
AGTGTGCCTGACACAGCATG_010,145
GTGGCCGAGACCAGCGACGG_001,35
GTGGCCGAGACCAGCGACGG_002,172
GTGGCCGAGACCAGCGACGG_003,168
GTGGCCGAGACCAGCGACGG_004,193
GTGGCCGAGACCAGCGACGG_005,84
GTGGCCGAGACCAGCGACGG_006,150
GTGGCCGAGACCAGCGACGG_007,184
GTGGCCGAGACCAGCGACGG_008,1
GTGGCCGAGACCAGCGACGG_009,102
GTGGCCGAGACCAGCGACGG_010,170
GTGGCCGAGACCAGCGACGG_011,152
GTGGCCGAGACCAGCGACGG_012,162
GTGGCCGAGACCAGCGACGG_013,47
GTGGCCGAGACCAGCGACGG_014,162
GTGGCCGAGACCAGCGACGG_015,69
GTGGCCGAGACCAGCGACGG_016,146
GTGGCCGAGACCAGCGACGG_017,177
GTGGCCGAGACCAGCGACGG_018,81
GTGGCCGAGACCAGCGACGG_019,36
GTGGCCGAGACCAGCGACGG_020,77
GTGGCCGAGACCAGCGACGG_021,98
GTGGCCGAGACCAGCGACGG_022,84
GTGGCCGAGACCAGCGACGG_023,5
GTGGCCGAGACCAGCGACGG_024,69
GTGGCCGAGACCAGCGACGG_025,127
GTGGCCGAGACCAGCGACGG_026,172
GTGGCCGAGACCAGCGACGG_027,81
GTGGCCGAGACCAGCGACGG_028,114
GTGGCCGAGACCAGCGACGG_029,114
GTGGCCGAGACCAGCGACGG_030,27
GTGGCCGAGACCAGCGACGG_031,149
GTGGCCGAGACCAGCGACGG_032,82
GTGGCCGAGACCAGCGACGG_033,136
GTGGCCGAGACCAGCGACGG_034,37
GTGGCCGAGACCAGCGACGG_035,88
GTGGCCGAGACCAGCGACGG_036,40
GTGGCCGAGACCAGCGACGG_037,28
GTGGCCGAGACCAGCGACGG_038,49
GTGGCCGAGACCAGCGACGG_039,77
GTGGCCGAGACCAGCGACGG_040,137
GTGGCCGAGACCAGCGACGG_041,168
CAGCAAAATCAAGTACTCAG_001,32
CAGCAAAATCAAGTACTCAG_002,192
CAGCAAAATCAAGTACTCAG_003,169
CAGCAAAATCAAGTACTCAG_004,182
CAGCAAAATCAAGTACTCAG_005,50
CAGCAAAATCAAGTACTCAG_006,185
CAGCAAAATCAAGTACTCAG_007,168
CAGCAAAATCAAGTACTCAG_008,39
CAGCAAAATCAAGTACTCAG_009,4
AATACATCTATTCCCATCAG_001,115
AATACATCTATTCCCATCAG_002,125
AATACATCTATTCCCATCAG_003,75
AATACATCTATTCCCATCAG_004,106
TCGGAGACAACGGATCACCA_001,27
TCGGAGACAACGGATCACCA_002,42
TCGGAGACAACGGATCACCA_003,127
TCGGAGACAACGGATCACCA_004,49
TCGGAGACAACGGATCACCA_005,51
TCGGAGACAACGGATCACCA_006,83
TCGGAGACAACGGATCACCA_007,103
TCGGAGACAACGGATCACCA_008,102
TCGGAGACAACGGATCACCA_009,85
TCGGAGACAACGGATCACCA_010,172
TCGGAGACAACGGATCACCA_011,94
TCGGAGACAACGGATCACCA_012,130
TCGGAGACAACGGATCACCA_013,92
TCGGAGACAACGGATCACCA_014,50
TCGGAGACAACGGATCACCA_015,100
TCGGAGACAACGGATCACCA_016,100
GCAGATGGAGAACCACGGTG_001,168
GCAGATGGAGAACCACGGTG_002,34
GCAGATGGAGAACCACGGTG_003,15
GCAGATGGAGAACCACGGTG_004,19
GCAGATGGAGAACCACGGTG_005,49
GCAGATGGAGAACCACGGTG_006,89
GCAGATGGAGAACCACGGTG_007,141
GCAGATGGAGAACCACGGTG_008,192
GCAGATGGAGAACCACGGTG_009,121
GCAGATGGAGAACCACGGTG_010,136
GCAGATGGAGAACCACGGTG_011,181
GCAGATGGAGAACCACGGTG_012,147
GCAGATGGAGAACCACGGTG_013,35
GCAGATGGAGAACCACGGTG_014,44
GCAGATGGAGAACCACGGTG_015,132
GCAGATGGAGAACCACGGTG_016,197
GCAGATGGAGAACCACGGTG_017,61
GCAGATGGAGAACCACGGTG_018,50
GCAGATGGAGAACCACGGTG_019,60
GCAGATGGAGAACCACGGTG_020,34
GCAGATGGAGAACCACGGTG_021,24
GCAGATGGAGAACCACGGTG_022,189
GCAGATGGAGAACCACGGTG_023,61
GCAGATGGAGAACCACGGTG_024,65
GGAGAGCCCGGCTCGGCACG_001,152
GGAGAGCCCGGCTCGGCACG_002,124
GGAGAGCCCGGCTCGGCACG_003,82
GGAGAGCCCGGCTCGGCACG_004,36
GGAGAGCCCGGCTCGGCACG_005,6
GGAGAGCCCGGCTCGGCACG_006,49
GGAGAGCCCGGCTCGGCACG_007,69
GGAGAGCCCGGCTCGGCACG_008,107
GGAGAGCCCGGCTCGGCACG_009,178
GGAGAGCCCGGCTCGGCACG_010,196
GGAGAGCCCGGCTCGGCACG_011,138
GGAGAGCCCGGCTCGGCACG_012,138
GGAGAGCCCGGCTCGGCACG_013,52
GGAGAGCCCGGCTCGGCACG_014,110
GGAGAGCCCGGCTCGGCACG_015,22
GGAGAGCCCGGCTCGGCACG_016,164
GGAGAGCCCGGCTCGGCACG_017,3
GGAGAGCCCGGCTCGGCACG_018,13
GGAGAGCCCGGCTCGGCACG_019,129
GGAGAGCCCGGCTCGGCACG_020,135
GGAGAGCCCGGCTCGGCACG_021,82
GGAGAGCCCGGCTCGGCACG_022,168
GGAGAGCCCGGCTCGGCACG_023,138
GGAGAGCCCGGCTCGGCACG_024,120
GGAGAGCCCGGCTCGGCACG_025,186
GGAGAGCCCGGCTCGGCACG_026,169
GGAGAGCCCGGCTCGGCACG_027,110
GGAGAGCCCGGCTCGGCACG_028,115
GGAGAGCCCGGCTCGGCACG_029,49
GGAGAGCCCGGCTCGGCACG_030,137
AGTTTCCCTAATCATCATCC_001,34
AGTTTCCCTAATCATCATCC_002,52
CCATCTTGGAAGCAACACAT_001,149
CCATCTTGGAAGCAACACAT_002,197
CCATCTTGGAAGCAACACAT_003,36
CCATCTTGGAAGCAACACAT_004,105
CCATCTTGGAAGCAACACAT_005,58
CCATCTTGGAAGCAACACAT_006,113
CCATCTTGGAAGCAACACAT_007,150
CCATCTTGGAAGCAACACAT_008,11
CCATCTTGGAAGCAACACAT_009,158
CCATCTTGGAAGCAACACAT_010,3
CCATCTTGGAAGCAACACAT_011,158
CCATCTTGGAAGCAACACAT_012,94
CCATCTTGGAAGCAACACAT_013,52
CCATCTTGGAAGCAACACAT_014,124
CCATCTTGGAAGCAACACAT_015,152
CCATCTTGGAAGCAACACAT_016,142
GAAACAAATCCCACCCACGG_001,3
GAAACAAATCCCACCCACGG_002,27
GAAACAAATCCCACCCACGG_003,174
GAAACAAATCCCACCCACGG_004,96
GAAACAAATCCCACCCACGG_005,148
GAAACAAATCCCACCCACGG_006,178
GAAACAAATCCCACCCACGG_007,92
CTGAATACAGACAAGGACGA_001,1
CTGAATACAGACAAGGACGA_002,48
CTGAATACAGACAAGGACGA_003,62
CTGAATACAGACAAGGACGA_004,153
CTGAATACAGACAAGGACGA_005,142
CTGAATACAGACAAGGACGA_006,77
CTGAATACAGACAAGGACGA_007,130
CTGAATACAGACAAGGACGA_008,43
CTGAATACAGACAAGGACGA_009,105
CTGAATACAGACAAGGACGA_010,98
CTGAATACAGACAAGGACGA_011,126
GCTGGGCAGGTATTCGTGCT_001,185
GCTGGGCAGGTATTCGTGCT_002,94
GCTGGGCAGGTATTCGTGCT_003,191
GCTGGGCAGGTATTCGTGCT_004,77
GCTGGGCAGGTATTCGTGCT_005,180
GCTCTATCTCAGTCGTCACA_001,188
GCTCTATCTCAGTCGTCACA_002,100
GCTCTATCTCAGTCGTCACA_003,138
GCTCTATCTCAGTCGTCACA_004,15
AGCACAGGGCGGCGACACCG_001,184
AGCACAGGGCGGCGACACCG_002,23
AGCACAGGGCGGCGACACCG_003,72
AGCACAGGGCGGCGACACCG_004,102
AGCACAGGGCGGCGACACCG_005,106
AGCACAGGGCGGCGACACCG_006,127
AGCACAGGGCGGCGACACCG_007,177
AGCACAGGGCGGCGACACCG_008,48
AGCACAGGGCGGCGACACCG_009,12
AGCACAGGGCGGCGACACCG_010,65
AGCACAGGGCGGCGACACCG_011,145
AGCACAGGGCGGCGACACCG_012,132
AGCACAGGGCGGCGACACCG_013,146
AGCACAGGGCGGCGACACCG_014,169
AGCACAGGGCGGCGACACCG_015,103
AGCACAGGGCGGCGACACCG_016,69
AGCACAGGGCGGCGACACCG_017,8
AGCACAGGGCGGCGACACCG_018,175
AGCACAGGGCGGCGACACCG_019,54
AGCACAGGGCGGCGACACCG_020,146
AGCACAGGGCGGCGACACCG_021,2
AGCACAGGGCGGCGACACCG_022,135
AGCACAGGGCGGCGACACCG_023,84
AGCACAGGGCGGCGACACCG_024,50
AGCACAGGGCGGCGACACCG_025,173
AGCACAGGGCGGCGACACCG_026,123
AGCACAGGGCGGCGACACCG_027,31
GCGGCATGTTCCATATTCGG_001,187
GTGGGAGGCGCGGACTCCCC_001,63
GTGGGAGGCGCGGACTCCCC_002,122
GTGGGAGGCGCGGACTCCCC_003,48
CCACCAGTGCCACCACGTCA_001,78
CCACCAGTGCCACCACGTCA_002,105
CCACCAGTGCCACCACGTCA_003,60
CCACCAGTGCCACCACGTCA_004,106
CCACCAGTGCCACCACGTCA_005,60
CCACCAGTGCCACCACGTCA_006,8
CCACCAGTGCCACCACGTCA_007,101
CCACCAGTGCCACCACGTCA_008,98
CCACCAGTGCCACCACGTCA_009,145
CCACCAGTGCCACCACGTCA_010,198
CCACCAGTGCCACCACGTCA_011,96
CCACCAGTGCCACCACGTCA_012,147
CCACCAGTGCCACCACGTCA_013,137
CCACCAGTGCCACCACGTCA_014,13
CCACCAGTGCCACCACGTCA_015,145
CCACCAGTGCCACCACGTCA_016,191
CCACCAGTGCCACCACGTCA_017,153
CCACCAGTGCCACCACGTCA_018,161
ACAAAGTTCATGCAACACGG_001,144
ACAAAGTTCATGCAACACGG_002,58
ACAAAGTTCATGCAACACGG_003,48
ACAAAGTTCATGCAACACGG_004,129
ACAAAGTTCATGCAACACGG_005,100
ACAAAGTTCATGCAACACGG_006,152
ACAAAGTTCATGCAACACGG_007,158
ACAAAGTTCATGCAACACGG_008,174
ACAAAGTTCATGCAACACGG_009,9
ACAAAGTTCATGCAACACGG_010,17
ACAAAGTTCATGCAACACGG_011,176
ACAAAGTTCATGCAACACGG_012,176
ACAAAGTTCATGCAACACGG_013,162
ACAAAGTTCATGCAACACGG_014,3
ACAAAGTTCATGCAACACGG_015,3
ACAAAGTTCATGCAACACGG_016,144
ACAAAGTTCATGCAACACGG_017,184
ACAAAGTTCATGCAACACGG_018,145
ACAAAGTTCATGCAACACGG_019,40
ACAAAGTTCATGCAACACGG_020,63
ACAAAGTTCATGCAACACGG_021,90
TTGCTGAAATAGGCAGATTG_001,188
TTGCTGAAATAGGCAGATTG_002,34
TTGCTGAAATAGGCAGATTG_003,0
TTGCTGAAATAGGCAGATTG_004,69
TTGCTGAAATAGGCAGATTG_005,162
TTGCTGAAATAGGCAGATTG_006,128
TTGCTGAAATAGGCAGATTG_007,61
TTGCTGAAATAGGCAGATTG_008,103
TTGCTGAAATAGGCAGATTG_009,141
TTGCTGAAATAGGCAGATTG_010,157
TTGCTGAAATAGGCAGATTG_011,184
TTGCTGAAATAGGCAGATTG_012,140
TTGCTGAAATAGGCAGATTG_013,83
TTGCTGAAATAGGCAGATTG_014,76
TTGCTGAAATAGGCAGATTG_015,50
TTGCTGAAATAGGCAGATTG_016,38
TTGCTGAAATAGGCAGATTG_017,187
TTGCTGAAATAGGCAGATTG_018,97
TTGCTGAAATAGGCAGATTG_019,196
TTGCTGAAATAGGCAGATTG_020,72
TTGCTGAAATAGGCAGATTG_021,151
TTGCTGAAATAGGCAGATTG_022,29
CGAGTTGGTGGCCGACCGCG_001,45
CGAGTTGGTGGCCGACCGCG_002,23
CGAGTTGGTGGCCGACCGCG_003,49
CGATGGTCAGGAATGTGATG_001,108
CGATGGTCAGGAATGTGATG_002,194
CGATGGTCAGGAATGTGATG_003,175
CGATGGTCAGGAATGTGATG_004,147
CAGATAAAAAGTACGGCCAG_001,68
CAGATAAAAAGTACGGCCAG_002,53
CAGATAAAAAGTACGGCCAG_003,72
CAGATAAAAAGTACGGCCAG_004,184
CAGATAAAAAGTACGGCCAG_005,160
CAGATAAAAAGTACGGCCAG_006,62
CAGATAAAAAGTACGGCCAG_007,7
CAGATAAAAAGTACGGCCAG_008,62
CAGATAAAAAGTACGGCCAG_009,39
CAGATAAAAAGTACGGCCAG_010,39
CCTCGGGCGCCAGTTCTCAG_001,62
CCTCGGGCGCCAGTTCTCAG_002,62
CCTCGGGCGCCAGTTCTCAG_003,50
GCTTGAGGTTCACAGTAGGG_001,185
GCTTGAGGTTCACAGTAGGG_002,146
GCTTGAGGTTCACAGTAGGG_003,172
GCTTGAGGTTCACAGTAGGG_004,103
CGGCATGATCACCAAACGCG_001,127
CGGCATGATCACCAAACGCG_002,176
CGGCATGATCACCAAACGCG_003,53
CGGCATGATCACCAAACGCG_004,163
CGGCATGATCACCAAACGCG_005,15
CGGCATGATCACCAAACGCG_006,170
CGGCATGATCACCAAACGCG_007,40
CGGCATGATCACCAAACGCG_008,188
CGGCATGATCACCAAACGCG_009,99
CGGCATGATCACCAAACGCG_010,12
CGGCATGATCACCAAACGCG_011,98
CGGCATGATCACCAAACGCG_012,118
CGGCATGATCACCAAACGCG_013,77
CGGCATGATCACCAAACGCG_014,69
CGGCATGATCACCAAACGCG_015,120
CGGCATGATCACCAAACGCG_016,108
CGGCATGATCACCAAACGCG_017,108
CGGCATGATCACCAAACGCG_018,124
CGGCATGATCACCAAACGCG_019,68
CGGCATGATCACCAAACGCG_020,65
CGGCATGATCACCAAACGCG_021,9
CGGCATGATCACCAAACGCG_022,29
CGGCATGATCACCAAACGCG_023,65
CGGCATGATCACCAAACGCG_024,175
CGGCATGATCACCAAACGCG_025,100
CCCAATACCTCTGCACACTG_001,50
CCCAATACCTCTGCACACTG_002,169
CCCAATACCTCTGCACACTG_003,123
CCCAATACCTCTGCACACTG_004,88
CCCAATACCTCTGCACACTG_005,105
CCCAATACCTCTGCACACTG_006,114
CCCAATACCTCTGCACACTG_007,124
CCCAATACCTCTGCACACTG_008,138
CCCAATACCTCTGCACACTG_009,98
CCCAATACCTCTGCACACTG_010,74
CCCAATACCTCTGCACACTG_011,159
CCCAATACCTCTGCACACTG_012,130
CCCAATACCTCTGCACACTG_013,82
CCCAATACCTCTGCACACTG_014,29
CCCAATACCTCTGCACACTG_015,127
CCCAATACCTCTGCACACTG_016,41
CTACGACCAAGAGGACAGGG_001,77
CTACGACCAAGAGGACAGGG_002,75
CTACGACCAAGAGGACAGGG_003,53
CTACGACCAAGAGGACAGGG_004,155
CTACGACCAAGAGGACAGGG_005,70
CTACGACCAAGAGGACAGGG_006,127
CTACGACCAAGAGGACAGGG_007,49
CTACGACCAAGAGGACAGGG_008,108
CTACGACCAAGAGGACAGGG_009,47
CTACGACCAAGAGGACAGGG_010,8
CTACGACCAAGAGGACAGGG_011,139
CTACGACCAAGAGGACAGGG_012,115
CTACGACCAAGAGGACAGGG_013,56
CTACGACCAAGAGGACAGGG_014,69
CTACGACCAAGAGGACAGGG_015,86
GGATGGTGGTGAATTCAAGC_001,181
GGATGGTGGTGAATTCAAGC_002,150
GGATGGTGGTGAATTCAAGC_003,94
GGATGGTGGTGAATTCAAGC_004,169
GAGGCAATGAACAATGTCTC_001,181
GAGGCAATGAACAATGTCTC_002,154
GAGGCAATGAACAATGTCTC_003,169
GAGGCAATGAACAATGTCTC_004,168
GAGGCAATGAACAATGTCTC_005,110
GAGGCAATGAACAATGTCTC_006,16
GAGGCAATGAACAATGTCTC_007,91
GAGGCAATGAACAATGTCTC_008,138
GAGGCAATGAACAATGTCTC_009,152
GAGGCAATGAACAATGTCTC_010,82
GAGGCAATGAACAATGTCTC_011,50
GAGGCAATGAACAATGTCTC_012,165
GAGGCAATGAACAATGTCTC_013,113
GAGGCAATGAACAATGTCTC_014,118
GAGGCAATGAACAATGTCTC_015,130
AGATAGTCCTGCCTCAACCT_001,70
AGATAGTCCTGCCTCAACCT_002,69
AGATAGTCCTGCCTCAACCT_003,93
AGATAGTCCTGCCTCAACCT_004,121
GCAAGTCGATTGATCCAGCG_001,149
GCAAGTCGATTGATCCAGCG_002,138
GCAAGTCGATTGATCCAGCG_003,58
GCAAGTCGATTGATCCAGCG_004,147
AATGGAAAACAAATTTACGT_001,16
AATGGAAAACAAATTTACGT_002,166
AATGGAAAACAAATTTACGT_003,166
AATGGAAAACAAATTTACGT_004,116
AATGGAAAACAAATTTACGT_005,126
AATGGAAAACAAATTTACGT_006,169
AACTGCATCCAACAATGACT_001,161
AACTGCATCCAACAATGACT_002,113
AACTGCATCCAACAATGACT_003,141
AACTGCATCCAACAATGACT_004,113
AACTGCATCCAACAATGACT_005,115
AACTGCATCCAACAATGACT_006,13
AACTGCATCCAACAATGACT_007,191
TGCACGTCCTGTGTCGACAG_001,73
TGGGAAAATAGTCTCCACAA_001,13
AGACCACGGCATGTACGTTG_001,78
AGACCACGGCATGTACGTTG_002,113
AGACCACGGCATGTACGTTG_003,120
AGACCACGGCATGTACGTTG_004,190
AGACCACGGCATGTACGTTG_005,20
AGACCACGGCATGTACGTTG_006,144
AGACCACGGCATGTACGTTG_007,41
AGACCACGGCATGTACGTTG_008,127
AGACCACGGCATGTACGTTG_009,137
GGAAAGACGGACTTAAAGCA_001,18
GGAAAGACGGACTTAAAGCA_002,183
TTGTCGAGCCTCCTACCAGA_001,62
TTGTCGAGCCTCCTACCAGA_002,107
TTGTCGAGCCTCCTACCAGA_003,11
TTGTCGAGCCTCCTACCAGA_004,179
TTGTCGAGCCTCCTACCAGA_005,120
TTGTCGAGCCTCCTACCAGA_006,83
TTGTCGAGCCTCCTACCAGA_007,103
TTGTCGAGCCTCCTACCAGA_008,82
TTGTCGAGCCTCCTACCAGA_009,25
TTGTCGAGCCTCCTACCAGA_010,186
TTGTCGAGCCTCCTACCAGA_011,166
TTGTCGAGCCTCCTACCAGA_012,50
TTGTCGAGCCTCCTACCAGA_013,94
TTGTCGAGCCTCCTACCAGA_014,188
TTGTCGAGCCTCCTACCAGA_015,170
TTGTCGAGCCTCCTACCAGA_016,117
TTGTCGAGCCTCCTACCAGA_017,148
TTGTCGAGCCTCCTACCAGA_018,137
ATATGACACTGCAATTTGGG_001,191
ATATGACACTGCAATTTGGG_002,137
ATATGACACTGCAATTTGGG_003,70
ATATGACACTGCAATTTGGG_004,82
ATATGACACTGCAATTTGGG_005,150
TCTTTATAATAATACCCAGA_001,77
TATCAGTTTATGTGGGCATG_001,105
TATCAGTTTATGTGGGCATG_002,21
TATCAGTTTATGTGGGCATG_003,81
TATCAGTTTATGTGGGCATG_004,22
TATCAGTTTATGTGGGCATG_005,152
TATCAGTTTATGTGGGCATG_006,29
TATCAGTTTATGTGGGCATG_007,96
TATCAGTTTATGTGGGCATG_008,58
TATCAGTTTATGTGGGCATG_009,127
TATCAGTTTATGTGGGCATG_010,104
TATCAGTTTATGTGGGCATG_011,27
TATCAGTTTATGTGGGCATG_012,184
TATCAGTTTATGTGGGCATG_013,56
TATCAGTTTATGTGGGCATG_014,8
TATCAGTTTATGTGGGCATG_015,132
TATCAGTTTATGTGGGCATG_016,60
GGAATGGCCGGATTTCCAGG_001,30
GGAATGGCCGGATTTCCAGG_002,118
GGAATGGCCGGATTTCCAGG_003,117
GGAATGGCCGGATTTCCAGG_004,175
GGAATGGCCGGATTTCCAGG_005,144
GGAATGGCCGGATTTCCAGG_006,18
GGAATGGCCGGATTTCCAGG_007,179
GGAATGGCCGGATTTCCAGG_008,69
GGAATGGCCGGATTTCCAGG_009,84
AGATAACAGACTGCTAGAGC_001,172
GGGCTGCGAAAGGCGGGACA_001,78
GGGCTGCGAAAGGCGGGACA_002,1
GGGCTGCGAAAGGCGGGACA_003,58
GGGCTGCGAAAGGCGGGACA_004,146
GGGCTGCGAAAGGCGGGACA_005,146
GGGCTGCGAAAGGCGGGACA_006,88
GGGCTGCGAAAGGCGGGACA_007,56
GGTGGCGATGCGGTCAACGT_001,58
GGTGGCGATGCGGTCAACGT_002,140
GGTGGCGATGCGGTCAACGT_003,117
GGTGGCGATGCGGTCAACGT_004,177
GGTGGCGATGCGGTCAACGT_005,94
GGTGGCGATGCGGTCAACGT_006,157
GGTGGCGATGCGGTCAACGT_007,112
GGTGGCGATGCGGTCAACGT_008,190
GGTGGCGATGCGGTCAACGT_009,149
GGTGGCGATGCGGTCAACGT_010,135
ATGATGGACAATAGGATCTG_001,80
ATGATGGACAATAGGATCTG_002,150
ATGATGGACAATAGGATCTG_003,41
ATGATGGACAATAGGATCTG_004,150
CAGAGAAGGAAGCCATACTG_001,59
CAGAGAAGGAAGCCATACTG_002,113
CAGAGAAGGAAGCCATACTG_003,115
CAGAGAAGGAAGCCATACTG_004,110
CAGAGAAGGAAGCCATACTG_005,28
CCACGGCGGAGCGACTTGTG_001,174
CCACGGCGGAGCGACTTGTG_002,95
CCACGGCGGAGCGACTTGTG_003,2
CCACGGCGGAGCGACTTGTG_004,128
CCACGGCGGAGCGACTTGTG_005,48
CCACGGCGGAGCGACTTGTG_006,4
CCACGGCGGAGCGACTTGTG_007,60
CCACGGCGGAGCGACTTGTG_008,21
CCACGGCGGAGCGACTTGTG_009,13
CCACGGCGGAGCGACTTGTG_010,149
CCACGGCGGAGCGACTTGTG_011,191
CCACGGCGGAGCGACTTGTG_012,184
CCACGGCGGAGCGACTTGTG_013,183
ACCTGTAAATGGATCAACTC_001,71
ACCTGTAAATGGATCAACTC_002,129
ACCTGTAAATGGATCAACTC_003,65
ACCTGTAAATGGATCAACTC_004,79
ACCTGTAAATGGATCAACTC_005,28
ACCTGTAAATGGATCAACTC_006,98
AGGTCTTGTGTAGTCAACTG_001,50
AGGTCTTGTGTAGTCAACTG_002,156
AGGTCTTGTGTAGTCAACTG_003,147
AGGTCTTGTGTAGTCAACTG_004,149
AGGTCTTGTGTAGTCAACTG_005,1
AGGTCTTGTGTAGTCAACTG_006,21
AGGTCTTGTGTAGTCAACTG_007,21
AGGTCTTGTGTAGTCAACTG_008,82
AGGTCTTGTGTAGTCAACTG_009,148
AGGTCTTGTGTAGTCAACTG_010,48
AGGTCTTGTGTAGTCAACTG_011,83
AGGTCTTGTGTAGTCAACTG_012,152
AGGTCTTGTGTAGTCAACTG_013,29
GCGAATCCACAACAACAGGG_001,31
GCGAATCCACAACAACAGGG_002,118
GCGAATCCACAACAACAGGG_003,183
GCGAATCCACAACAACAGGG_004,1
GCGAATCCACAACAACAGGG_005,125
GCGAATCCACAACAACAGGG_006,191
CTGGCAAAAGGGTCGACCAG_001,166
CTGGCAAAAGGGTCGACCAG_002,142
CTGGCAAAAGGGTCGACCAG_003,16
CTGGCAAAAGGGTCGACCAG_004,56
CTGGCAAAAGGGTCGACCAG_005,124
CTGGCAAAAGGGTCGACCAG_006,49
CTGGCAAAAGGGTCGACCAG_007,19
CTGGCAAAAGGGTCGACCAG_008,147
CTGGCAAAAGGGTCGACCAG_009,110
CTGGCAAAAGGGTCGACCAG_010,70
CTGGCAAAAGGGTCGACCAG_011,153
CTGGCAAAAGGGTCGACCAG_012,79
GGCAGACCATGAATCGCGAG_001,132
GGCAGACCATGAATCGCGAG_002,95
TAGGAGTGGCCAATCAGTGG_001,34
TAGGAGTGGCCAATCAGTGG_002,33
TTTCCCATGATCATTTAGTG_001,199
TTTCCCATGATCATTTAGTG_002,149
TTTCCCATGATCATTTAGTG_003,77
TTTCCCATGATCATTTAGTG_004,106
TTTCCCATGATCATTTAGTG_005,40
TTTCCCATGATCATTTAGTG_006,12
TTTCCCATGATCATTTAGTG_007,87
TTTCCCATGATCATTTAGTG_008,144
TTTCCCATGATCATTTAGTG_009,153
GCTGATGACAAGCACGCAGG_001,51
GCTGATGACAAGCACGCAGG_002,43
GCTGATGACAAGCACGCAGG_003,145
GCTGATGACAAGCACGCAGG_004,94
GCTGATGACAAGCACGCAGG_005,142
GCTGATGACAAGCACGCAGG_006,138
GCTGATGACAAGCACGCAGG_007,144
GCTGATGACAAGCACGCAGG_008,143
GCTGATGACAAGCACGCAGG_009,143
GCTGATGACAAGCACGCAGG_010,98
GCTGATGACAAGCACGCAGG_011,168
GCTGATGACAAGCACGCAGG_012,8
GCTGATGACAAGCACGCAGG_013,126
GCTGATGACAAGCACGCAGG_014,95
GCTGATGACAAGCACGCAGG_015,95
GCTGATGACAAGCACGCAGG_016,91
GCTGATGACAAGCACGCAGG_017,1
GCTGATGACAAGCACGCAGG_018,62
GCTGATGACAAGCACGCAGG_019,96
GCTGATGACAAGCACGCAGG_020,42
ACCCTCACTGCGCTAGACCG_001,107
ACCCTCACTGCGCTAGACCG_002,66
ACCCTCACTGCGCTAGACCG_003,63
ACCCTCACTGCGCTAGACCG_004,160
ACCCTCACTGCGCTAGACCG_005,137
ACCCTCACTGCGCTAGACCG_006,11
TGAGCAGCTTTATGACACGC_001,51
GGGCAGCTGAGCGGCTGATG_001,65
GGGCAGCTGAGCGGCTGATG_002,181
GGGCAGCTGAGCGGCTGATG_003,147
GGGCAGCTGAGCGGCTGATG_004,31
GGGCAGCTGAGCGGCTGATG_005,191
GGGCAGCTGAGCGGCTGATG_006,144
GGGCAGCTGAGCGGCTGATG_007,77
GGGCAGCTGAGCGGCTGATG_008,197
GGGCAGCTGAGCGGCTGATG_009,81
GGGCAGCTGAGCGGCTGATG_010,134
GGGCAGCTGAGCGGCTGATG_011,57
GGGCAGCTGAGCGGCTGATG_012,136
GGGCAGCTGAGCGGCTGATG_013,176
GGGCAGCTGAGCGGCTGATG_014,130
GGGCAGCTGAGCGGCTGATG_015,168
CCCAAGTATGAAGCCAAAGC_001,28
CACCATGAAGGAGCGCCGGG_001,116
CACCATGAAGGAGCGCCGGG_002,77
CACCATGAAGGAGCGCCGGG_003,42
CACCATGAAGGAGCGCCGGG_004,49
CACCATGAAGGAGCGCCGGG_005,8
CACCATGAAGGAGCGCCGGG_006,57
CACCATGAAGGAGCGCCGGG_007,49
CACCATGAAGGAGCGCCGGG_008,172
CACCATGAAGGAGCGCCGGG_009,127
CACCATGAAGGAGCGCCGGG_010,49
CACCATGAAGGAGCGCCGGG_011,169
CACCATGAAGGAGCGCCGGG_012,9
CACCATGAAGGAGCGCCGGG_013,62
CACCATGAAGGAGCGCCGGG_014,180
CACCATGAAGGAGCGCCGGG_015,137
CACCATGAAGGAGCGCCGGG_016,104
CACCATGAAGGAGCGCCGGG_017,10
CACCATGAAGGAGCGCCGGG_018,175
CACCATGAAGGAGCGCCGGG_019,19
CCACACGAAGTACCAGCATT_001,189
CCACACGAAGTACCAGCATT_002,122
CCACACGAAGTACCAGCATT_003,175
CCACACGAAGTACCAGCATT_004,156
CCACACGAAGTACCAGCATT_005,97
CCACACGAAGTACCAGCATT_006,77
CCACACGAAGTACCAGCATT_007,113
CCACACGAAGTACCAGCATT_008,37
CCACACGAAGTACCAGCATT_009,62
CCACACGAAGTACCAGCATT_010,55
CCACACGAAGTACCAGCATT_011,114
CCACACGAAGTACCAGCATT_012,170
CCACACGAAGTACCAGCATT_013,150
GGAACGGGCACTCAATGTGT_001,115
GGAACGGGCACTCAATGTGT_002,40
GGAACGGGCACTCAATGTGT_003,145
GGAACGGGCACTCAATGTGT_004,128
GGAACGGGCACTCAATGTGT_005,105
GGAACGGGCACTCAATGTGT_006,48
GGAACGGGCACTCAATGTGT_007,191
GGAACGGGCACTCAATGTGT_008,121
GGAACGGGCACTCAATGTGT_009,126
TTAGGAGGTCAAAGTAAACT_001,103
TTAGGAGGTCAAAGTAAACT_002,19
TTAGGAGGTCAAAGTAAACT_003,191
TTAGGAGGTCAAAGTAAACT_004,183
TTAGGAGGTCAAAGTAAACT_005,176
TTAGGAGGTCAAAGTAAACT_006,9
TTAGGAGGTCAAAGTAAACT_007,63
TTAGGAGGTCAAAGTAAACT_008,1
TCTGCAAAGTGACATCCCAA_001,127
TCTGCAAAGTGACATCCCAA_002,4
TCTGCAAAGTGACATCCCAA_003,55
TCTGCAAAGTGACATCCCAA_004,183
TCTGCAAAGTGACATCCCAA_005,12
TCTGCAAAGTGACATCCCAA_006,13
TCTGCAAAGTGACATCCCAA_007,130
TCTGCAAAGTGACATCCCAA_008,48
TCTGCAAAGTGACATCCCAA_009,96
TCTGCAAAGTGACATCCCAA_010,63
GGGCTCAGGAGGAATATGAG_001,12
GGGCTCAGGAGGAATATGAG_002,105
GGGCTCAGGAGGAATATGAG_003,175
GGGCTCAGGAGGAATATGAG_004,91
GGGCTCAGGAGGAATATGAG_005,128
GGGCTCAGGAGGAATATGAG_006,16
GGGCTCAGGAGGAATATGAG_007,9
GGGCTCAGGAGGAATATGAG_008,14
GGGCTCAGGAGGAATATGAG_009,105
GGGCTCAGGAGGAATATGAG_010,8
GGGCTCAGGAGGAATATGAG_011,2
GGGCTCAGGAGGAATATGAG_012,159
GGGCTCAGGAGGAATATGAG_013,187
GGGCTCAGGAGGAATATGAG_014,58
GGGCTCAGGAGGAATATGAG_015,39
GGGCTCAGGAGGAATATGAG_016,99
GGGCTCAGGAGGAATATGAG_017,198
GGGCTCAGGAGGAATATGAG_018,142
TGACGTGGCCAGGATTGTGG_001,96
TGACGTGGCCAGGATTGTGG_002,75
TGACGTGGCCAGGATTGTGG_003,63
TGACGTGGCCAGGATTGTGG_004,19
GTTTCACCAGAGCTTATGAC_001,100
GTTTCACCAGAGCTTATGAC_002,102
GTTTCACCAGAGCTTATGAC_003,183
GTTTCACCAGAGCTTATGAC_004,168
GTTTCAAGGGACGTGCTGGG_001,106
GTTTCAAGGGACGTGCTGGG_002,130
GTTTCAAGGGACGTGCTGGG_003,105
GTTTCAAGGGACGTGCTGGG_004,44
GTTTCAAGGGACGTGCTGGG_005,151
GTTTCAAGGGACGTGCTGGG_006,155
GTTTCAAGGGACGTGCTGGG_007,1
GTTTCAAGGGACGTGCTGGG_008,177
GTTTCAAGGGACGTGCTGGG_009,69
GTTTCAAGGGACGTGCTGGG_010,150
GTTTCAAGGGACGTGCTGGG_011,192
GTTTCAAGGGACGTGCTGGG_012,44
GTTTCAAGGGACGTGCTGGG_013,40
GTTTCAAGGGACGTGCTGGG_014,94
GTTTCAAGGGACGTGCTGGG_015,108
GTTTCAAGGGACGTGCTGGG_016,81
GTTTCAAGGGACGTGCTGGG_017,49
GTTTCAAGGGACGTGCTGGG_018,137
GTTTCAAGGGACGTGCTGGG_019,50
GTTTCAAGGGACGTGCTGGG_020,144
GTTTCAAGGGACGTGCTGGG_021,77
GTTTCAAGGGACGTGCTGGG_022,76
GTTTCAAGGGACGTGCTGGG_023,152
GTTTCAAGGGACGTGCTGGG_024,149
GTTTCAAGGGACGTGCTGGG_025,147
GTTTCAAGGGACGTGCTGGG_026,77
GTTTCAAGGGACGTGCTGGG_027,1
GTTTCAAGGGACGTGCTGGG_028,15
GTTTCAAGGGACGTGCTGGG_029,78
GTTTCAAGGGACGTGCTGGG_030,48
GTTTCAAGGGACGTGCTGGG_031,198
GTTTCAAGGGACGTGCTGGG_032,6
GTTTCAAGGGACGTGCTGGG_033,141
CTGTGGGAATAATTGACACA_001,72
CTGTGGGAATAATTGACACA_002,173
CTGTGGGAATAATTGACACA_003,60
CTGTGGGAATAATTGACACA_004,190
CTGTGGGAATAATTGACACA_005,98
CTGTGGGAATAATTGACACA_006,137
CTGTGGGAATAATTGACACA_007,114
CTGTGGGAATAATTGACACA_008,10
CTGTGGGAATAATTGACACA_009,137
ACTGAATGTATATTCCAATG_001,18
CCATCTTTCACCCCAGCAAG_001,199
CCATCTTTCACCCCAGCAAG_002,127
CCATCTTTCACCCCAGCAAG_003,40
CCATCTTTCACCCCAGCAAG_004,189
CCATCTTTCACCCCAGCAAG_005,102
CCATCTTTCACCCCAGCAAG_006,33
CCATCTTTCACCCCAGCAAG_007,50
CCATCTTTCACCCCAGCAAG_008,16
CCATCTTTCACCCCAGCAAG_009,61
CCATCTTTCACCCCAGCAAG_010,19
CCATCTTTCACCCCAGCAAG_011,8
GCGCCGGTCTTCGCAATCCA_001,141
GCGCCGGTCTTCGCAATCCA_002,185
GCGCCGGTCTTCGCAATCCA_003,173
GCGCCGGTCTTCGCAATCCA_004,33
GCGCCGGTCTTCGCAATCCA_005,88
GCGCCGGTCTTCGCAATCCA_006,147
GCGCCGGTCTTCGCAATCCA_007,90
GCGCCGGTCTTCGCAATCCA_008,107
GCGCCGGTCTTCGCAATCCA_009,164
GCGCCGGTCTTCGCAATCCA_010,51
TGGCAAGTGAGCCTGCACCA_001,174
TGGCAAGTGAGCCTGCACCA_002,118
TGGCAAGTGAGCCTGCACCA_003,188
TGGCAAGTGAGCCTGCACCA_004,9
TGGCAAGTGAGCCTGCACCA_005,82
TGGCAAGTGAGCCTGCACCA_006,15
TGGCAAGTGAGCCTGCACCA_007,176
TGGCAAGTGAGCCTGCACCA_008,145
TGGCAAGTGAGCCTGCACCA_009,91
TGGCAAGTGAGCCTGCACCA_010,105
TGGCAAGTGAGCCTGCACCA_011,146
TGGCAAGTGAGCCTGCACCA_012,121
TGGCAAGTGAGCCTGCACCA_013,81
TGGCAAGTGAGCCTGCACCA_014,181
TGGCAAGTGAGCCTGCACCA_015,162
TGGCAAGTGAGCCTGCACCA_016,106
TGGCAAGTGAGCCTGCACCA_017,44
GAGCACACCCAATAAAACAG_001,185
GAGCACACCCAATAAAACAG_002,169
GAGCACACCCAATAAAACAG_003,158
GAGCACACCCAATAAAACAG_004,136
GAGCACACCCAATAAAACAG_005,114
GAGCACACCCAATAAAACAG_006,29
GGAATCTCGGCTTTATGGAA_001,185
GGAATCTCGGCTTTATGGAA_002,20
GGAATCTCGGCTTTATGGAA_003,74
GGAATCTCGGCTTTATGGAA_004,0
GGAATCTCGGCTTTATGGAA_005,144
AAGCCACAAACAGATCAGGT_001,176
AAGCCACAAACAGATCAGGT_002,97
GGTTCCTATGCAGGCTCCGT_001,115
GGTTCCTATGCAGGCTCCGT_002,14
GGTTCCTATGCAGGCTCCGT_003,192
GGTTCCTATGCAGGCTCCGT_004,19
GGTTCCTATGCAGGCTCCGT_005,123
GGTTCCTATGCAGGCTCCGT_006,152
GGTCGTCCATCAAAATCCTG_001,130
GGTCGTCCATCAAAATCCTG_002,35
GGTCGTCCATCAAAATCCTG_003,36
GGTCGTCCATCAAAATCCTG_004,146
GGTGAAGCACTCGGCCATCG_001,55
GGTGAAGCACTCGGCCATCG_002,88
GGTGAAGCACTCGGCCATCG_003,79
TCAAGTGCTTAGAGCAAGTG_001,27
TCAAGTGCTTAGAGCAAGTG_002,163
TCAAGTGCTTAGAGCAAGTG_003,70
TCAAGTGCTTAGAGCAAGTG_004,169
TCAAGTGCTTAGAGCAAGTG_005,62
TCAAGTGCTTAGAGCAAGTG_006,191
TCAAGTGCTTAGAGCAAGTG_007,141
TCAAGTGCTTAGAGCAAGTG_008,107
TCAAGTGCTTAGAGCAAGTG_009,8
TCAAGTGCTTAGAGCAAGTG_010,89
TCAAGTGCTTAGAGCAAGTG_011,12
TCAAGTGCTTAGAGCAAGTG_012,150
TCAAGTGCTTAGAGCAAGTG_013,69
TCAAGTGCTTAGAGCAAGTG_014,16
TCAAGTGCTTAGAGCAAGTG_015,102
TCAAGTGCTTAGAGCAAGTG_016,111
TCAAGTGCTTAGAGCAAGTG_017,80
TCAAGTGCTTAGAGCAAGTG_018,60
TCAAGTGCTTAGAGCAAGTG_019,58
TCAAGTGCTTAGAGCAAGTG_020,12
TCAAGTGCTTAGAGCAAGTG_021,57
TCAAGTGCTTAGAGCAAGTG_022,54
TCAAGTGCTTAGAGCAAGTG_023,94
TCAAGTGCTTAGAGCAAGTG_024,199
TCAAGTGCTTAGAGCAAGTG_025,76
TCAAGTGCTTAGAGCAAGTG_026,70
TCAAGTGCTTAGAGCAAGTG_027,56
TCAAGTGCTTAGAGCAAGTG_028,160
TCAAGTGCTTAGAGCAAGTG_029,68
TCAAGTGCTTAGAGCAAGTG_030,104
TCAAGTGCTTAGAGCAAGTG_031,75
TCAAGTGCTTAGAGCAAGTG_032,55
TCAAGTGCTTAGAGCAAGTG_033,70
TCAAGTGCTTAGAGCAAGTG_034,33
TCAAGTGCTTAGAGCAAGTG_035,159
TCAAGTGCTTAGAGCAAGTG_036,149
TCAAGTGCTTAGAGCAAGTG_037,149
TCAAGTGCTTAGAGCAAGTG_038,170
TCAAGTGCTTAGAGCAAGTG_039,27
TCAAGTGCTTAGAGCAAGTG_040,105
TCAAGTGCTTAGAGCAAGTG_041,2
TCAAGTGCTTAGAGCAAGTG_042,106
TCAAGTGCTTAGAGCAAGTG_043,182
TCAAGTGCTTAGAGCAAGTG_044,152
TCAAGTGCTTAGAGCAAGTG_045,52
GCGGTACCAGAGCGGCAAGT_001,101
GCGGTACCAGAGCGGCAAGT_002,127
GCGGTACCAGAGCGGCAAGT_003,175
GCGGTACCAGAGCGGCAAGT_004,39
GCGGTACCAGAGCGGCAAGT_005,146
GCGGTACCAGAGCGGCAAGT_006,174
GCGGTACCAGAGCGGCAAGT_007,82
GCGGTACCAGAGCGGCAAGT_008,81
GCGGTACCAGAGCGGCAAGT_009,175
GCGGTACCAGAGCGGCAAGT_010,72
GCGGTACCAGAGCGGCAAGT_011,101
GCGGTACCAGAGCGGCAAGT_012,133
GCGGTACCAGAGCGGCAAGT_013,193
GCGGTACCAGAGCGGCAAGT_014,73
GCGGTACCAGAGCGGCAAGT_015,113
GCGGTACCAGAGCGGCAAGT_016,96
GCGGTACCAGAGCGGCAAGT_017,6
GCGGTACCAGAGCGGCAAGT_018,80
GCGGTACCAGAGCGGCAAGT_019,84
GCGGTACCAGAGCGGCAAGT_020,93
GCGGTACCAGAGCGGCAAGT_021,108
GCGGTACCAGAGCGGCAAGT_022,144
GCGGTACCAGAGCGGCAAGT_023,95
GCGGTACCAGAGCGGCAAGT_024,160
GCGGTACCAGAGCGGCAAGT_025,191
GCGGTACCAGAGCGGCAAGT_026,117
GCGGTACCAGAGCGGCAAGT_027,32
GCGGTACCAGAGCGGCAAGT_028,72
GCGGTACCAGAGCGGCAAGT_029,0
GCGGTACCAGAGCGGCAAGT_030,144
GCGGTACCAGAGCGGCAAGT_031,180
GCGGTACCAGAGCGGCAAGT_032,22
GCGGTACCAGAGCGGCAAGT_033,156
GCGGTACCAGAGCGGCAAGT_034,58
GTGTCTTACTGCCAAAATTG_001,12
GTGTCTTACTGCCAAAATTG_002,198
GTGTCTTACTGCCAAAATTG_003,37
GTGTCTTACTGCCAAAATTG_004,182
GTGTCTTACTGCCAAAATTG_005,94
GTGTCTTACTGCCAAAATTG_006,136
GTGTCTTACTGCCAAAATTG_007,127
GTGTCTTACTGCCAAAATTG_008,12
GTGTCTTACTGCCAAAATTG_009,32
TTAATGGGTAACTCTCTGAA_001,88
TTAATGGGTAACTCTCTGAA_002,69
TCATATTGTAGAGCGGGTGT_001,29
TCATATTGTAGAGCGGGTGT_002,49
TCATATTGTAGAGCGGGTGT_003,108
TCATATTGTAGAGCGGGTGT_004,161
TCATATTGTAGAGCGGGTGT_005,19
TCATATTGTAGAGCGGGTGT_006,125
TCATATTGTAGAGCGGGTGT_007,160
TCATATTGTAGAGCGGGTGT_008,56
GCGGGTCTGAGTCCCCAGTT_001,168
GCGGGTCTGAGTCCCCAGTT_002,170
GCGGGTCTGAGTCCCCAGTT_003,156
GCGGGTCTGAGTCCCCAGTT_004,191
GCGGGTCTGAGTCCCCAGTT_005,127
GCGGGTCTGAGTCCCCAGTT_006,17
GCTGGTGACCGGTACCATCG_001,77
GCTGGTGACCGGTACCATCG_002,190
GCTGGTGACCGGTACCATCG_003,120
GCTGGTGACCGGTACCATCG_004,26
GCTGGTGACCGGTACCATCG_005,84
GCTGGTGACCGGTACCATCG_006,14
GCTGGTGACCGGTACCATCG_007,4
GCTGGTGACCGGTACCATCG_008,116
GCTGGTGACCGGTACCATCG_009,170
GCTGGTGACCGGTACCATCG_010,6
GCTGGTGACCGGTACCATCG_011,34
GCTGGTGACCGGTACCATCG_012,105
GCTGGTGACCGGTACCATCG_013,96
GCTGGTGACCGGTACCATCG_014,100
GCTGGTGACCGGTACCATCG_015,147
GCTGGTGACCGGTACCATCG_016,84
GCTGGTGACCGGTACCATCG_017,58
TCTAGAAAATGACGAAGATG_001,162
TCTAGAAAATGACGAAGATG_002,70
TCTAGAAAATGACGAAGATG_003,170
TCTAGAAAATGACGAAGATG_004,40
TCTAGAAAATGACGAAGATG_005,189
TCTAGAAAATGACGAAGATG_006,102
TCTAGAAAATGACGAAGATG_007,75
TCTAGAAAATGACGAAGATG_008,147
TCTAGAAAATGACGAAGATG_009,148
TCTAGAAAATGACGAAGATG_010,148
TCTAGAAAATGACGAAGATG_011,114
ACACCAGGATTACCTCAGTG_001,151
ACACCAGGATTACCTCAGTG_002,5
ACACCAGGATTACCTCAGTG_003,148
ACACCAGGATTACCTCAGTG_004,117
ACACCAGGATTACCTCAGTG_005,65
ACACCAGGATTACCTCAGTG_006,33
ACACCAGGATTACCTCAGTG_007,94
ACACCAGGATTACCTCAGTG_008,19
CTATGTGGAAACCATGCTTG_001,138
CTATGTGGAAACCATGCTTG_002,5
CTATGTGGAAACCATGCTTG_003,146
CTATGTGGAAACCATGCTTG_004,119
CTATGTGGAAACCATGCTTG_005,41
CTATGTGGAAACCATGCTTG_006,72
CTATGTGGAAACCATGCTTG_007,183
CTATGTGGAAACCATGCTTG_008,81
CTATGTGGAAACCATGCTTG_009,155
GAAGATCTTAGATAAGCAGA_001,172
GAAGATCTTAGATAAGCAGA_002,182
GAAGATCTTAGATAAGCAGA_003,160
GAAGATCTTAGATAAGCAGA_004,20
GAAGATCTTAGATAAGCAGA_005,154
GAAGATCTTAGATAAGCAGA_006,122
TCTTACCTGGAGTCAAACTG_001,0
TCTTACCTGGAGTCAAACTG_002,62
TCTTACCTGGAGTCAAACTG_003,81
TCTTACCTGGAGTCAAACTG_004,2
TCTTACCTGGAGTCAAACTG_005,154
TCTTACCTGGAGTCAAACTG_006,176
TCTTACCTGGAGTCAAACTG_007,140
TCTTACCTGGAGTCAAACTG_008,86
TCTTACCTGGAGTCAAACTG_009,8
TCTTACCTGGAGTCAAACTG_010,43
TCTTACCTGGAGTCAAACTG_011,113
TCTTACCTGGAGTCAAACTG_012,178
TCTTACCTGGAGTCAAACTG_013,160
TCTTACCTGGAGTCAAACTG_014,139
TCTTACCTGGAGTCAAACTG_015,51
TCTTACCTGGAGTCAAACTG_016,28
TCTTACCTGGAGTCAAACTG_017,103
TCTTACCTGGAGTCAAACTG_018,6
TCTTACCTGGAGTCAAACTG_019,39
TCCATCAAGATACCTCCTCG_001,42
ATCTGCGCATGAGTTCAGCA_001,108
ATCTGCGCATGAGTTCAGCA_002,96
ATCTGCGCATGAGTTCAGCA_003,103
ATCTGCGCATGAGTTCAGCA_004,62
ATCTGCGCATGAGTTCAGCA_005,62
ATCTGCGCATGAGTTCAGCA_006,63
ATCTGCGCATGAGTTCAGCA_007,138
ATCTGCGCATGAGTTCAGCA_008,126
ATCTGCGCATGAGTTCAGCA_009,22
ATCTGCGCATGAGTTCAGCA_010,19
ATCTGCGCATGAGTTCAGCA_011,172
ATCTGCGCATGAGTTCAGCA_012,121
ATCTGCGCATGAGTTCAGCA_013,130
ATCTGCGCATGAGTTCAGCA_014,197
ATCTGCGCATGAGTTCAGCA_015,91
AATGTGGCTATGTCACCAAG_001,161
AATGTGGCTATGTCACCAAG_002,78
AATGTGGCTATGTCACCAAG_003,26
AATGTGGCTATGTCACCAAG_004,43
ATCCCACACTTATATCTGGG_001,177
CAGAGCAATGATATCGCTCG_001,0
CAGAGCAATGATATCGCTCG_002,7
CAGAGCAATGATATCGCTCG_003,35
GTACATGGGCCCATGCAAGG_001,11
GTACATGGGCCCATGCAAGG_002,135
GTACATGGGCCCATGCAAGG_003,105
GTACATGGGCCCATGCAAGG_004,19
GTACATGGGCCCATGCAAGG_005,141
GTACATGGGCCCATGCAAGG_006,44
GTACATGGGCCCATGCAAGG_007,126
GTACATGGGCCCATGCAAGG_008,60
TTATCGAAGCAGCTTCACCA_001,62
TTATCGAAGCAGCTTCACCA_002,172
TTATCGAAGCAGCTTCACCA_003,184
TTATCGAAGCAGCTTCACCA_004,128
TTATCGAAGCAGCTTCACCA_005,28
TTATCGAAGCAGCTTCACCA_006,124
TTATCGAAGCAGCTTCACCA_007,180
TTATCGAAGCAGCTTCACCA_008,180
TTATCGAAGCAGCTTCACCA_009,172
TTATCGAAGCAGCTTCACCA_010,127
TGACGAACATACCCCAGTTG_001,169
TGACGAACATACCCCAGTTG_002,191
TGACGAACATACCCCAGTTG_003,1
GTCTTGGAACAGCGACGACA_001,51
GTCTTGGAACAGCGACGACA_002,174
GTCTTGGAACAGCGACGACA_003,95
GTCTTGGAACAGCGACGACA_004,20
GTCTTGGAACAGCGACGACA_005,172
GTCTTGGAACAGCGACGACA_006,36
GTCTTGGAACAGCGACGACA_007,47
GTCTTGGAACAGCGACGACA_008,23
GTCTTGGAACAGCGACGACA_009,188
GTCTTGGAACAGCGACGACA_010,145
GTCTTGGAACAGCGACGACA_011,104
GTCTTGGAACAGCGACGACA_012,151
GTCTTGGAACAGCGACGACA_013,183
GTCTTGGAACAGCGACGACA_014,188
GTCTTGGAACAGCGACGACA_015,137
GTCTTGGAACAGCGACGACA_016,95
GTCTTGGAACAGCGACGACA_017,113
GTCTTGGAACAGCGACGACA_018,171
GTCTTGGAACAGCGACGACA_019,39
GTCTTGGAACAGCGACGACA_020,77
TAGATTGGCACAGCAACGAG_001,119
TAGATTGGCACAGCAACGAG_002,119
TAGATTGGCACAGCAACGAG_003,176
TAGATTGGCACAGCAACGAG_004,43
TAGATTGGCACAGCAACGAG_005,115
TAGATTGGCACAGCAACGAG_006,17
TAGATTGGCACAGCAACGAG_007,115
TAGATTGGCACAGCAACGAG_008,24
TAGATTGGCACAGCAACGAG_009,146
TAGATTGGCACAGCAACGAG_010,2
TAGATTGGCACAGCAACGAG_011,71
TAGATTGGCACAGCAACGAG_012,82
TAGATTGGCACAGCAACGAG_013,139
TAGATTGGCACAGCAACGAG_014,108
TAGATTGGCACAGCAACGAG_015,169
TAGATTGGCACAGCAACGAG_016,39
TAGATTGGCACAGCAACGAG_017,40
TAGATTGGCACAGCAACGAG_018,158
TAGATTGGCACAGCAACGAG_019,10
TAGATTGGCACAGCAACGAG_020,40
TAGATTGGCACAGCAACGAG_021,3
TAGATTGGCACAGCAACGAG_022,184
TAGATTGGCACAGCAACGAG_023,94
TAGATTGGCACAGCAACGAG_024,172
CCACCGTGCTGCGAAAGACA_001,101
CCACCGTGCTGCGAAAGACA_002,190
CCACCGTGCTGCGAAAGACA_003,147
CCACCGTGCTGCGAAAGACA_004,111
CCACCGTGCTGCGAAAGACA_005,54
CCACCGTGCTGCGAAAGACA_006,61
CCACCGTGCTGCGAAAGACA_007,16
CCACCGTGCTGCGAAAGACA_008,176
CCACCGTGCTGCGAAAGACA_009,16
CCACCGTGCTGCGAAAGACA_010,168
CCACCGTGCTGCGAAAGACA_011,149
CCACCGTGCTGCGAAAGACA_012,150
CCACCGTGCTGCGAAAGACA_013,33
CCACCGTGCTGCGAAAGACA_014,106
CCACCGTGCTGCGAAAGACA_015,77
ACCCACAGCAGCGATAGCGA_001,165
ACCCACAGCAGCGATAGCGA_002,167
ACCCACAGCAGCGATAGCGA_003,29
ACCCACAGCAGCGATAGCGA_004,53
ACCCACAGCAGCGATAGCGA_005,48
ACCCACAGCAGCGATAGCGA_006,151
ACCCACAGCAGCGATAGCGA_007,88
ACCCACAGCAGCGATAGCGA_008,98
ACCCACAGCAGCGATAGCGA_009,177
ACCCACAGCAGCGATAGCGA_010,113
ACCCACAGCAGCGATAGCGA_011,58
ACCCACAGCAGCGATAGCGA_012,69
ACCCACAGCAGCGATAGCGA_013,55
ACCCACAGCAGCGATAGCGA_014,140
ACCCACAGCAGCGATAGCGA_015,9
ACCCACAGCAGCGATAGCGA_016,130
ACCCACAGCAGCGATAGCGA_017,93
ACTGGCTGATCGGGAAAGCG_001,72
ACTGGCTGATCGGGAAAGCG_002,177
ACTGGCTGATCGGGAAAGCG_003,107
ACTGGCTGATCGGGAAAGCG_004,65
ACTGGCTGATCGGGAAAGCG_005,194
ACTGGCTGATCGGGAAAGCG_006,183
ACTGGCTGATCGGGAAAGCG_007,129
ACTGGCTGATCGGGAAAGCG_008,82
ACTGGCTGATCGGGAAAGCG_009,100
ACTGGCTGATCGGGAAAGCG_010,69
ACTGGCTGATCGGGAAAGCG_011,83
ACTGGCTGATCGGGAAAGCG_012,125
ACTGGCTGATCGGGAAAGCG_013,121
ACTGGCTGATCGGGAAAGCG_014,130
ACTGGCTGATCGGGAAAGCG_015,121
ACTGGCTGATCGGGAAAGCG_016,108
ACTGGCTGATCGGGAAAGCG_017,16
ACTGGCTGATCGGGAAAGCG_018,77
ACTGGCTGATCGGGAAAGCG_019,1
ACTGGCTGATCGGGAAAGCG_020,130
ACTGGCTGATCGGGAAAGCG_021,15
ACTGGCTGATCGGGAAAGCG_022,165
ACTGGCTGATCGGGAAAGCG_023,88
ACTGGCTGATCGGGAAAGCG_024,1
ACTGGCTGATCGGGAAAGCG_025,112
ACTGGCTGATCGGGAAAGCG_026,12
ACTGGCTGATCGGGAAAGCG_027,12
ACTGGCTGATCGGGAAAGCG_028,184
ACTGGCTGATCGGGAAAGCG_029,134
ACTGGCTGATCGGGAAAGCG_030,177
ACTGGCTGATCGGGAAAGCG_031,121
ACTGGCTGATCGGGAAAGCG_032,9
ACTGGCTGATCGGGAAAGCG_033,112
ACTGGCTGATCGGGAAAGCG_034,44
ACTGGCTGATCGGGAAAGCG_035,33
ACTGGCTGATCGGGAAAGCG_036,49
CTGGACGTGTGTCATCCAAA_001,63
CTGGACGTGTGTCATCCAAA_002,144
CTGGACGTGTGTCATCCAAA_003,121
CTGGACGTGTGTCATCCAAA_004,104
CTGGACGTGTGTCATCCAAA_005,117
CTGGACGTGTGTCATCCAAA_006,155
CTGGACGTGTGTCATCCAAA_007,158
CTGGACGTGTGTCATCCAAA_008,130
GAACTCATCAAAGCAGACGT_001,121
GAACTCATCAAAGCAGACGT_002,52
GAACTCATCAAAGCAGACGT_003,93
GAACTCATCAAAGCAGACGT_004,186
GAACTCATCAAAGCAGACGT_005,170
GAACTCATCAAAGCAGACGT_006,21
GAACTCATCAAAGCAGACGT_007,8
GAACTCATCAAAGCAGACGT_008,56
GAACTCATCAAAGCAGACGT_009,26
GTCTGAGGGGACCCGAGAGT_001,199
TCACATCTAGTGGTATCCTG_001,17
TCACATCTAGTGGTATCCTG_002,187
TCACATCTAGTGGTATCCTG_003,155
TCACATCTAGTGGTATCCTG_004,25
TCACATCTAGTGGTATCCTG_005,53
TCACATCTAGTGGTATCCTG_006,17
TCACATCTAGTGGTATCCTG_007,166
TCACATCTAGTGGTATCCTG_008,166
TCACATCTAGTGGTATCCTG_009,3
ACTATAAAGAAACCTTAACC_001,40
TATTATTATCCCAAGCAACA_001,65
TATTATTATCCCAAGCAACA_002,0
GACATCTCGGACAAATTCTG_001,151
GACATCTCGGACAAATTCTG_002,176
GACATCTCGGACAAATTCTG_003,121
GACATCTCGGACAAATTCTG_004,17
GACATCTCGGACAAATTCTG_005,165
GACATCTCGGACAAATTCTG_006,3
GACATCTCGGACAAATTCTG_007,146
GACATCTCGGACAAATTCTG_008,78
GACATCTCGGACAAATTCTG_009,142
GACATCTCGGACAAATTCTG_010,123
AGGGAGTGTCCGAGTGCCCG_001,50
AGGGAGTGTCCGAGTGCCCG_002,188
AGGGAGTGTCCGAGTGCCCG_003,113
AGGGAGTGTCCGAGTGCCCG_004,85
CGAAAGAACTACAGAGTGCG_001,50
CGAAAGAACTACAGAGTGCG_002,8
CGAAAGAACTACAGAGTGCG_003,104
CGAAAGAACTACAGAGTGCG_004,26
CGAAAGAACTACAGAGTGCG_005,52
CGAAAGAACTACAGAGTGCG_006,40
CGAAAGAACTACAGAGTGCG_007,150
AGGGCGCTAAGCCTCAGACA_001,150
AGGGCGCTAAGCCTCAGACA_002,145
AGGGCGCTAAGCCTCAGACA_003,87
AGGGCGCTAAGCCTCAGACA_004,49
AGGGCGCTAAGCCTCAGACA_005,134
AGGGCGCTAAGCCTCAGACA_006,150
AGGGCGCTAAGCCTCAGACA_007,85
AGGGCGCTAAGCCTCAGACA_008,160
AGGGCGCTAAGCCTCAGACA_009,158
AGGGCGCTAAGCCTCAGACA_010,60
AGGGCGCTAAGCCTCAGACA_011,76
AGGGCGCTAAGCCTCAGACA_012,120
AGGGCGCTAAGCCTCAGACA_013,94
AGGGCGCTAAGCCTCAGACA_014,91
AGGGCGCTAAGCCTCAGACA_015,16
AGGGCGCTAAGCCTCAGACA_016,50
AGGGCGCTAAGCCTCAGACA_017,167
AGGGCGCTAAGCCTCAGACA_018,48
AGGGCGCTAAGCCTCAGACA_019,22
AGGGCGCTAAGCCTCAGACA_020,129
AGGGCGCTAAGCCTCAGACA_021,30
AGGGCGCTAAGCCTCAGACA_022,182
AGGGCGCTAAGCCTCAGACA_023,137
AGGGCGCTAAGCCTCAGACA_024,68
AGGGCGCTAAGCCTCAGACA_025,162
AGGGCGCTAAGCCTCAGACA_026,165
AGGGCGCTAAGCCTCAGACA_027,169
AGGGCGCTAAGCCTCAGACA_028,29
AGGGCGCTAAGCCTCAGACA_029,125
AGGGCGCTAAGCCTCAGACA_030,15
AGGGCGCTAAGCCTCAGACA_031,58
AGGGCGCTAAGCCTCAGACA_032,160
AGGGCGCTAAGCCTCAGACA_033,27
AGGGCGCTAAGCCTCAGACA_034,83
TTTCGAATCCCGATCTGATG_001,19
AGGATCATAAACTACGAATG_001,0
AGGATCATAAACTACGAATG_002,37
AGGATCATAAACTACGAATG_003,77
AGGATCATAAACTACGAATG_004,34
ACACCGTACCACAATCACAT_001,196
ACACCGTACCACAATCACAT_002,17
ACACCGTACCACAATCACAT_003,190
CATGACGTCGGGAAGCCAGA_001,41
CATGACGTCGGGAAGCCAGA_002,62
CATGACGTCGGGAAGCCAGA_003,177
CATGACGTCGGGAAGCCAGA_004,76
CATGACGTCGGGAAGCCAGA_005,66
CATGACGTCGGGAAGCCAGA_006,17
CATGACGTCGGGAAGCCAGA_007,2
CATGACGTCGGGAAGCCAGA_008,145
CATGACGTCGGGAAGCCAGA_009,156
CATGACGTCGGGAAGCCAGA_010,42
CATGACGTCGGGAAGCCAGA_011,53
CATGACGTCGGGAAGCCAGA_012,194
CATGACGTCGGGAAGCCAGA_013,55
GAGAACAGCTGTCTAGGCGG_001,155
GAGAACAGCTGTCTAGGCGG_002,21
GAGAACAGCTGTCTAGGCGG_003,48
GAGAACAGCTGTCTAGGCGG_004,113
GAGAACAGCTGTCTAGGCGG_005,35
GAGAACAGCTGTCTAGGCGG_006,34
AGCCACGGCTCATCTAGAGT_001,84
AGCCACGGCTCATCTAGAGT_002,65
AGCCACGGCTCATCTAGAGT_003,169
AGCCACGGCTCATCTAGAGT_004,158
AGCCACGGCTCATCTAGAGT_005,67
AGCCACGGCTCATCTAGAGT_006,29
AGCCACGGCTCATCTAGAGT_007,28
AGCCACGGCTCATCTAGAGT_008,77
AGCCACGGCTCATCTAGAGT_009,28
AGCCACGGCTCATCTAGAGT_010,52
CAGCCCAACATGGAACTCTG_001,23
CAGCCCAACATGGAACTCTG_002,137
CAGCCCAACATGGAACTCTG_003,191
CAGCCCAACATGGAACTCTG_004,6
CAGCCCAACATGGAACTCTG_005,78
CAGCCCAACATGGAACTCTG_006,99
CAGCCCAACATGGAACTCTG_007,120
CAGCCCAACATGGAACTCTG_008,62
CAGCCCAACATGGAACTCTG_009,95
CAGCCCAACATGGAACTCTG_010,8
CAGCCCAACATGGAACTCTG_011,175
CAGCCCAACATGGAACTCTG_012,24
CAGCCCAACATGGAACTCTG_013,64
CAGCCCAACATGGAACTCTG_014,198
CAGCCCAACATGGAACTCTG_015,94
CAGCCCAACATGGAACTCTG_016,45
CAGCCCAACATGGAACTCTG_017,129
CAGCCCAACATGGAACTCTG_018,161
CAGCCCAACATGGAACTCTG_019,47
CAGCCCAACATGGAACTCTG_020,11
CAGCCCAACATGGAACTCTG_021,54
CAGCCCAACATGGAACTCTG_022,24
CAGCCCAACATGGAACTCTG_023,198
CAGCCCAACATGGAACTCTG_024,35
CAGCCCAACATGGAACTCTG_025,114
CAGCCCAACATGGAACTCTG_026,129
CAGCCCAACATGGAACTCTG_027,20
CAGCCCAACATGGAACTCTG_028,57
CAGCCCAACATGGAACTCTG_029,77
CAGCCCAACATGGAACTCTG_030,68
CAGCCCAACATGGAACTCTG_031,141
CAGCCCAACATGGAACTCTG_032,105
CAGCCCAACATGGAACTCTG_033,95
CAGCCCAACATGGAACTCTG_034,185
CAGCCCAACATGGAACTCTG_035,94
CAGCCCAACATGGAACTCTG_036,48
CAGCCCAACATGGAACTCTG_037,188
CAGCCCAACATGGAACTCTG_038,102
CAGCCCAACATGGAACTCTG_039,4
CAGCCCAACATGGAACTCTG_040,10
CAGCCCAACATGGAACTCTG_041,1
CAGCCCAACATGGAACTCTG_042,132
CAGCCCAACATGGAACTCTG_043,81
CAGCCCAACATGGAACTCTG_044,45
CAGCCCAACATGGAACTCTG_045,6
CCAGCATCTCTGGGAGCTAG_001,70
CCAGCATCTCTGGGAGCTAG_002,104
CCAGCATCTCTGGGAGCTAG_003,168
CTAAGTCCATCATCACGTGT_001,151
CTAAGTCCATCATCACGTGT_002,128
CTAAGTCCATCATCACGTGT_003,57
TTCCGCAGATAGTGCCCAAG_001,121
TTCCGCAGATAGTGCCCAAG_002,92
CAGGGACGACTATGACAAGA_001,26
CAGGGACGACTATGACAAGA_002,84
CAGGGACGACTATGACAAGA_003,37
CAGGGACGACTATGACAAGA_004,15
CAGGGACGACTATGACAAGA_005,175
CAGGGACGACTATGACAAGA_006,49
CAGGGACGACTATGACAAGA_007,106
CAGGGACGACTATGACAAGA_008,76
AAATGCCAGGAGCACCACAC_001,34
AAATGCCAGGAGCACCACAC_002,29
AAATGCCAGGAGCACCACAC_003,58
AAATGCCAGGAGCACCACAC_004,105
AAATGCCAGGAGCACCACAC_005,162
AAATGCCAGGAGCACCACAC_006,197
AAATGCCAGGAGCACCACAC_007,12
AAATGCCAGGAGCACCACAC_008,130
AAATGCCAGGAGCACCACAC_009,38
AAATGCCAGGAGCACCACAC_010,88
AAATGCCAGGAGCACCACAC_011,115
AAATGCCAGGAGCACCACAC_012,65
AAATGCCAGGAGCACCACAC_013,98
AAATGCCAGGAGCACCACAC_014,168
AAATGCCAGGAGCACCACAC_015,2
AAATGCCAGGAGCACCACAC_016,38
AAATGCCAGGAGCACCACAC_017,184
AAATGCCAGGAGCACCACAC_018,137
AAATGCCAGGAGCACCACAC_019,143
AAATGCCAGGAGCACCACAC_020,144
AAATGCCAGGAGCACCACAC_021,184
AAATGCCAGGAGCACCACAC_022,74
CTGGCGAAAGCGGGTAGCCA_001,154
CTGGCGAAAGCGGGTAGCCA_002,155
CTGGCGAAAGCGGGTAGCCA_003,113
CTGGCGAAAGCGGGTAGCCA_004,30
CTGGCGAAAGCGGGTAGCCA_005,56
CTGGCGAAAGCGGGTAGCCA_006,149
CTGGCGAAAGCGGGTAGCCA_007,116
CTGGCGAAAGCGGGTAGCCA_008,93
CTGGCGAAAGCGGGTAGCCA_009,150
CTGGCGAAAGCGGGTAGCCA_010,140
CTGGCGAAAGCGGGTAGCCA_011,60
CTGGCGAAAGCGGGTAGCCA_012,25
CTGGCGAAAGCGGGTAGCCA_013,37
CTGGCGAAAGCGGGTAGCCA_014,3
GGAGATGTTTACCAAGCCAG_001,152
GGAGATGTTTACCAAGCCAG_002,124
GGAGATGTTTACCAAGCCAG_003,111
GGAGATGTTTACCAAGCCAG_004,135
GGAGATGTTTACCAAGCCAG_005,50
GGAGATGTTTACCAAGCCAG_006,15
GGAGATGTTTACCAAGCCAG_007,80
GGAGATGTTTACCAAGCCAG_008,28
GGAGATGTTTACCAAGCCAG_009,46
ATGTTGGCAAGGTCTACTGC_001,110
ATGTTGGCAAGGTCTACTGC_002,125
ATGTTGGCAAGGTCTACTGC_003,163
ATGTTGGCAAGGTCTACTGC_004,176
ATGTTGGCAAGGTCTACTGC_005,105
ATGTTGGCAAGGTCTACTGC_006,141
ATGTTGGCAAGGTCTACTGC_007,61
ATGTTGGCAAGGTCTACTGC_008,75
ATGTTGGCAAGGTCTACTGC_009,24
ATGTTGGCAAGGTCTACTGC_010,84
ATGTTGGCAAGGTCTACTGC_011,40
ATGTTGGCAAGGTCTACTGC_012,171
ATGTTGGCAAGGTCTACTGC_013,160
ATGTTGGCAAGGTCTACTGC_014,192
ATGTTGGCAAGGTCTACTGC_015,108
ATGTTGGCAAGGTCTACTGC_016,47
ATGTTGGCAAGGTCTACTGC_017,41
ATGTTGGCAAGGTCTACTGC_018,145
ATGTTGGCAAGGTCTACTGC_019,63
ATGTTGGCAAGGTCTACTGC_020,157
ATGTTGGCAAGGTCTACTGC_021,170
GGAGCTTAGCATCTATGATG_001,130
GGAGCTTAGCATCTATGATG_002,150
GGAGCTTAGCATCTATGATG_003,98
GGAGCTTAGCATCTATGATG_004,13
AGGCTTTGGGATCAAATCGG_001,172
AGGCTTTGGGATCAAATCGG_002,92
AGGCTTTGGGATCAAATCGG_003,85
AGGCTTTGGGATCAAATCGG_004,56
AGGCTTTGGGATCAAATCGG_005,181
AGGCTTTGGGATCAAATCGG_006,53
AGGCTTTGGGATCAAATCGG_007,121
AGGCTTTGGGATCAAATCGG_008,143
AGGCTTTGGGATCAAATCGG_009,1
AGGCTTTGGGATCAAATCGG_010,19
AGGCTTTGGGATCAAATCGG_011,74
AGGCTTTGGGATCAAATCGG_012,48
AGGCTTTGGGATCAAATCGG_013,74
AGGCTTTGGGATCAAATCGG_014,64
AGGCTTTGGGATCAAATCGG_015,118
AGGCTTTGGGATCAAATCGG_016,185
AGGCTTTGGGATCAAATCGG_017,60
AGGCTTTGGGATCAAATCGG_018,146
AGGACCCTACGGCCTTCGCG_001,169
AGGACCCTACGGCCTTCGCG_002,60
AGGACCCTACGGCCTTCGCG_003,11
AGGACCCTACGGCCTTCGCG_004,0
AGGACCCTACGGCCTTCGCG_005,70
AGGACCCTACGGCCTTCGCG_006,74
AGGACCCTACGGCCTTCGCG_007,108
AGGACCCTACGGCCTTCGCG_008,197
AGGACCCTACGGCCTTCGCG_009,81
AGGACCCTACGGCCTTCGCG_010,169
AGGACCCTACGGCCTTCGCG_011,48
AGGACCCTACGGCCTTCGCG_012,48
AGGACCCTACGGCCTTCGCG_013,148
AGGACCCTACGGCCTTCGCG_014,180
AGGACCCTACGGCCTTCGCG_015,138
ACACCCGACTCGCTGACCTG_001,166
ACACCCGACTCGCTGACCTG_002,166
ACACCCGACTCGCTGACCTG_003,146
ACACCCGACTCGCTGACCTG_004,152
ACACCCGACTCGCTGACCTG_005,84
ACACCCGACTCGCTGACCTG_006,126
ACACCCGACTCGCTGACCTG_007,49
ACACCCGACTCGCTGACCTG_008,108
ACACCCGACTCGCTGACCTG_009,140
ACACCCGACTCGCTGACCTG_010,144
ACACCCGACTCGCTGACCTG_011,50
GTAACTAGATTCATTCATGG_001,137
ACATTGGTGTGTGAAGCCGA_001,38
ACATTGGTGTGTGAAGCCGA_002,191
ACATTGGTGTGTGAAGCCGA_003,169
ACATTGGTGTGTGAAGCCGA_004,87
ACATTGGTGTGTGAAGCCGA_005,29
ACATTGGTGTGTGAAGCCGA_006,2
ACATTGGTGTGTGAAGCCGA_007,124
ACATTGGTGTGTGAAGCCGA_008,30
ACACACTTACTGATACTGTG_001,132
ACACACTTACTGATACTGTG_002,103
ACACACTTACTGATACTGTG_003,115
ACACACTTACTGATACTGTG_004,148
ACACACTTACTGATACTGTG_005,47
ACACACTTACTGATACTGTG_006,30
ACACACTTACTGATACTGTG_007,29
ACACACTTACTGATACTGTG_008,71
ACACACTTACTGATACTGTG_009,48
ACACACTTACTGATACTGTG_010,14
ACAGAAAAGACGGTTATGTG_001,2
ACAGAAAAGACGGTTATGTG_002,12
ACAGAAAAGACGGTTATGTG_003,105
ACAGAAAAGACGGTTATGTG_004,78
ACAGAAAAGACGGTTATGTG_005,37
AGATGGAAATCACCTCCGGG_001,83
AGATGGAAATCACCTCCGGG_002,77
AGATGGAAATCACCTCCGGG_003,102
AGATGGAAATCACCTCCGGG_004,146
AGATGGAAATCACCTCCGGG_005,130
CTGGCCGTTGACCATATAGG_001,56
CTGGCCGTTGACCATATAGG_002,184
CTGGCCGTTGACCATATAGG_003,91
CTGGCCGTTGACCATATAGG_004,157
CTGGCCGTTGACCATATAGG_005,198
CTGGCCGTTGACCATATAGG_006,31
CTGGCCGTTGACCATATAGG_007,68
CTGGCCGTTGACCATATAGG_008,166
CTGGCCGTTGACCATATAGG_009,118
GATGGTGCCTCCTCTATGCT_001,154
GATGGTGCCTCCTCTATGCT_002,9
GATGGTGCCTCCTCTATGCT_003,118
GATGGTGCCTCCTCTATGCT_004,40
GATGGTGCCTCCTCTATGCT_005,162
GATGGTGCCTCCTCTATGCT_006,127
GATGGTGCCTCCTCTATGCT_007,60
GATGGTGCCTCCTCTATGCT_008,152
GATGGTGCCTCCTCTATGCT_009,74
GATGGTGCCTCCTCTATGCT_010,25
GATGGTGCCTCCTCTATGCT_011,94
GATGGTGCCTCCTCTATGCT_012,8
GATGGTGCCTCCTCTATGCT_013,77
GATGGTGCCTCCTCTATGCT_014,177
GATGGTGCCTCCTCTATGCT_015,65
GATGGTGCCTCCTCTATGCT_016,199
GATGGTGCCTCCTCTATGCT_017,104
GCCTGGACTAAATATCCCAG_001,119
GCCTGGACTAAATATCCCAG_002,104
GCCTGGACTAAATATCCCAG_003,39
GCCTGGACTAAATATCCCAG_004,43
CCCCGTACTTGATCTCAGGG_001,31
GGTGGATCCAGATGTATCTG_001,138
GGTGGATCCAGATGTATCTG_002,115
GGTGGATCCAGATGTATCTG_003,29
GGTGGATCCAGATGTATCTG_004,21
GGTGGATCCAGATGTATCTG_005,16
GGTGGATCCAGATGTATCTG_006,26
GGTGGATCCAGATGTATCTG_007,162
GGTGGATCCAGATGTATCTG_008,3
GGTGGATCCAGATGTATCTG_009,175
GGTGGATCCAGATGTATCTG_010,37
GGTGGATCCAGATGTATCTG_011,31
GGTGGATCCAGATGTATCTG_012,100
GGTGGATCCAGATGTATCTG_013,136
GTCTCCCAGCAAGAACCCCG_001,148
GTCTCCCAGCAAGAACCCCG_002,39
GTCTCCCAGCAAGAACCCCG_003,35
GTCTCCCAGCAAGAACCCCG_004,118
GTCTCCCAGCAAGAACCCCG_005,139
GTCTCCCAGCAAGAACCCCG_006,63
GTCTCCCAGCAAGAACCCCG_007,9
GTCTCCCAGCAAGAACCCCG_008,23
GTCTCCCAGCAAGAACCCCG_009,84
GTCTCCCAGCAAGAACCCCG_010,104
GTCTCCCAGCAAGAACCCCG_011,28
GTCTCCCAGCAAGAACCCCG_012,184
TGACAAAAACCATCAAATCA_001,187
TGACAAAAACCATCAAATCA_002,120
TGACAAAAACCATCAAATCA_003,113
TGACAAAAACCATCAAATCA_004,181
TGACAAAAACCATCAAATCA_005,60
TGACAAAAACCATCAAATCA_006,160
TGACAAAAACCATCAAATCA_007,28
TGACAAAAACCATCAAATCA_008,137
TGACAAAAACCATCAAATCA_009,129
CTTCTCTGTCAAAATCGGGG_001,65
CTTCTCTGTCAAAATCGGGG_002,132
GGAGCGCGGCATATCCGACA_001,126
GGAGCGCGGCATATCCGACA_002,96
GGAGCGCGGCATATCCGACA_003,188
AGCAGTCGCCCAAAGAGGGG_001,32
AGCAGTCGCCCAAAGAGGGG_002,80
AGCAGTCGCCCAAAGAGGGG_003,49
AGCAGTCGCCCAAAGAGGGG_004,118
AGCAGTCGCCCAAAGAGGGG_005,118
AGCAGTCGCCCAAAGAGGGG_006,126
AGCAGTCGCCCAAAGAGGGG_007,47
AGCAGTCGCCCAAAGAGGGG_008,48
AGCAGTCGCCCAAAGAGGGG_009,96
AGCAGTCGCCCAAAGAGGGG_010,24
AGCAGTCGCCCAAAGAGGGG_011,30
AGCAGTCGCCCAAAGAGGGG_012,80
AGCAGTCGCCCAAAGAGGGG_013,17
AGCAGTCGCCCAAAGAGGGG_014,110
AGCAGTCGCCCAAAGAGGGG_015,132
AGCAGTCGCCCAAAGAGGGG_016,24
AGCAGTCGCCCAAAGAGGGG_017,62
AGCAGTCGCCCAAAGAGGGG_018,62
AGCAGTCGCCCAAAGAGGGG_019,98
AGCAGTCGCCCAAAGAGGGG_020,121
AGCAGTCGCCCAAAGAGGGG_021,118
AGCAGTCGCCCAAAGAGGGG_022,168
AGCAGTCGCCCAAAGAGGGG_023,160
AGCAGTCGCCCAAAGAGGGG_024,27
AGCAGTCGCCCAAAGAGGGG_025,140
AGCAGTCGCCCAAAGAGGGG_026,61
AGCAGTCGCCCAAAGAGGGG_027,182
AGCAGTCGCCCAAAGAGGGG_028,45
AGCAGTCGCCCAAAGAGGGG_029,9
AGCAGTCGCCCAAAGAGGGG_030,50
AGCAGTCGCCCAAAGAGGGG_031,6
AGCAGTCGCCCAAAGAGGGG_032,47
AGCAGTCGCCCAAAGAGGGG_033,52
AGCAGTCGCCCAAAGAGGGG_034,172
AGCAGTCGCCCAAAGAGGGG_035,43
AGCAGTCGCCCAAAGAGGGG_036,43
AGCAGTCGCCCAAAGAGGGG_037,50
AGCAGTCGCCCAAAGAGGGG_038,93
AGCAGTCGCCCAAAGAGGGG_039,29
AGCAGTCGCCCAAAGAGGGG_040,92
AGCAGTCGCCCAAAGAGGGG_041,169
AGCAGTCGCCCAAAGAGGGG_042,148
AGCAGTCGCCCAAAGAGGGG_043,130
AGCAGTCGCCCAAAGAGGGG_044,155
AGCAGTCGCCCAAAGAGGGG_045,177
AGCAGTCGCCCAAAGAGGGG_046,104
AGCAGTCGCCCAAAGAGGGG_047,57
AGCAGTCGCCCAAAGAGGGG_048,160
AGCAGTCGCCCAAAGAGGGG_049,99
AGCAGTCGCCCAAAGAGGGG_050,153
ACGGCCAAGTCAATATTCTC_001,53
ACGGCCAAGTCAATATTCTC_002,148
ACGGCCAAGTCAATATTCTC_003,29
ACGGCCAAGTCAATATTCTC_004,51
ACGGCCAAGTCAATATTCTC_005,43
ACGGCCAAGTCAATATTCTC_006,48
ACGGCCAAGTCAATATTCTC_007,76
ACGGCCAAGTCAATATTCTC_008,149
ACGGCCAAGTCAATATTCTC_009,174
ACGGCCAAGTCAATATTCTC_010,119
ACGGCCAAGTCAATATTCTC_011,186
AGGCCAACTTCATGACATCC_001,84
AGGCCAACTTCATGACATCC_002,8
AGGCCAACTTCATGACATCC_003,15
AGGCCAACTTCATGACATCC_004,32
AGGCCAACTTCATGACATCC_005,6
AGGCCAACTTCATGACATCC_006,36
AGGCCAACTTCATGACATCC_007,88
AGGCCAACTTCATGACATCC_008,148
AGGCCAACTTCATGACATCC_009,183
AGGCCAACTTCATGACATCC_010,190
AGGCCAACTTCATGACATCC_011,119
AGGCCAACTTCATGACATCC_012,16
AGGCCAACTTCATGACATCC_013,98
AGGCCAACTTCATGACATCC_014,156
AGGCCAACTTCATGACATCC_015,159
AGGCCAACTTCATGACATCC_016,127
AGGCCAACTTCATGACATCC_017,121
AGGCCAACTTCATGACATCC_018,124
CGCCCGTGAAGCAGTCAATG_001,169
CGCCCGTGAAGCAGTCAATG_002,2
CGCCCGTGAAGCAGTCAATG_003,22
CGCCCGTGAAGCAGTCAATG_004,59
CGCCCGTGAAGCAGTCAATG_005,147
CGCCCGTGAAGCAGTCAATG_006,49
CGCCCGTGAAGCAGTCAATG_007,172
GCAGAATCACGGATGTACCT_001,126
GCAGAATCACGGATGTACCT_002,163
GCAGAATCACGGATGTACCT_003,197
GCAGAATCACGGATGTACCT_004,41
GCAGAATCACGGATGTACCT_005,176
GCAGAATCACGGATGTACCT_006,120
GCAGAATCACGGATGTACCT_007,148
GCAGAATCACGGATGTACCT_008,152
GGAAGTCTTTAAAATTTATG_001,15
GGAAGTCTTTAAAATTTATG_002,169
GGAAGTCTTTAAAATTTATG_003,102
GGAAGTCTTTAAAATTTATG_004,91
AGGAGGAAACGCCCTCGAGT_001,137
AGGAGGAAACGCCCTCGAGT_002,62
AGGAGGAAACGCCCTCGAGT_003,94
AGGAGGAAACGCCCTCGAGT_004,107
AGGAGGAAACGCCCTCGAGT_005,162
AGGAGGAAACGCCCTCGAGT_006,8
TTTGACAGGAGACATAGAGT_001,9
TTTGACAGGAGACATAGAGT_002,1
TTTGACAGGAGACATAGAGT_003,148
TTTGACAGGAGACATAGAGT_004,58
TTTGACAGGAGACATAGAGT_005,81
TTTGACAGGAGACATAGAGT_006,29
AGGTGGTACCGGATGAACAT_001,84
AGGTGGTACCGGATGAACAT_002,192
AGGTGGTACCGGATGAACAT_003,7
AGGTGGTACCGGATGAACAT_004,76
AGGTGGTACCGGATGAACAT_005,72
AGGTGGTACCGGATGAACAT_006,75
AGGTGGTACCGGATGAACAT_007,17
AGGTGGTACCGGATGAACAT_008,152
AGGTGGTACCGGATGAACAT_009,78
AGGTGGTACCGGATGAACAT_010,17
GTGGTAAACCCACGGACCAG_001,144
GTGGTAAACCCACGGACCAG_002,122
GTGGTAAACCCACGGACCAG_003,70
GTGGTAAACCCACGGACCAG_004,14
GTGGTAAACCCACGGACCAG_005,172
GTGGTAAACCCACGGACCAG_006,62
GTGGTAAACCCACGGACCAG_007,170
GTGGTAAACCCACGGACCAG_008,1
GTGGTAAACCCACGGACCAG_009,13
GTGGTAAACCCACGGACCAG_010,82
GTGGTAAACCCACGGACCAG_011,153
GTGGTAAACCCACGGACCAG_012,51
GTGGTAAACCCACGGACCAG_013,87
GTGGTAAACCCACGGACCAG_014,87
GTGGTAAACCCACGGACCAG_015,56
GTGGTAAACCCACGGACCAG_016,160
GTGGTAAACCCACGGACCAG_017,160
TGAAGTCCTTGATTACACGA_001,74
TGAAGTCCTTGATTACACGA_002,17
CACGGCGTCAAACATCAGGG_001,63
CACGGCGTCAAACATCAGGG_002,158
CACGGCGTCAAACATCAGGG_003,49
CACGGCGTCAAACATCAGGG_004,29
CACGGCGTCAAACATCAGGG_005,45
CACGGCGTCAAACATCAGGG_006,28
CACGGCGTCAAACATCAGGG_007,29
CACGGCGTCAAACATCAGGG_008,51
CACGGCGTCAAACATCAGGG_009,159
CACGGCGTCAAACATCAGGG_010,70
CACGGCGTCAAACATCAGGG_011,24
CACGGCGTCAAACATCAGGG_012,24
CACGGCGTCAAACATCAGGG_013,70
CACGGCGTCAAACATCAGGG_014,116
CACGGCGTCAAACATCAGGG_015,198
CACGGCGTCAAACATCAGGG_016,56
CACGGCGTCAAACATCAGGG_017,144
CACGGCGTCAAACATCAGGG_018,30
CACGGCGTCAAACATCAGGG_019,164
CACGGCGTCAAACATCAGGG_020,184
CACGGCGTCAAACATCAGGG_021,108
CACGGCGTCAAACATCAGGG_022,9
CACGGCGTCAAACATCAGGG_023,26
CACGGCGTCAAACATCAGGG_024,8
CACGGCGTCAAACATCAGGG_025,94
CACGGCGTCAAACATCAGGG_026,149
CACGGCGTCAAACATCAGGG_027,94
CACGGCGTCAAACATCAGGG_028,161
CACGGCGTCAAACATCAGGG_029,89
CACGGCGTCAAACATCAGGG_030,114
CACGGCGTCAAACATCAGGG_031,76
CACGGCGTCAAACATCAGGG_032,160
CACGGCGTCAAACATCAGGG_033,13
CACGGCGTCAAACATCAGGG_034,61
ATCAGTGTTGAATAATGCAG_001,46
ATCAGTGTTGAATAATGCAG_002,127
ATCAGTGTTGAATAATGCAG_003,50
ATCAGTGTTGAATAATGCAG_004,69
ATCAGTGTTGAATAATGCAG_005,0
ATCAGTGTTGAATAATGCAG_006,94
ATCAGTGTTGAATAATGCAG_007,73
ATCAGTGTTGAATAATGCAG_008,69
CCAACAAGATCACTGGTGTG_001,199
CCAACAAGATCACTGGTGTG_002,60
CCAACAAGATCACTGGTGTG_003,113
CCAACAAGATCACTGGTGTG_004,188
CCAACAAGATCACTGGTGTG_005,172
CCAACAAGATCACTGGTGTG_006,119
CCAACAAGATCACTGGTGTG_007,70
CCAACAAGATCACTGGTGTG_008,176
CCAACAAGATCACTGGTGTG_009,67
CCAACAAGATCACTGGTGTG_010,49
CCAACAAGATCACTGGTGTG_011,8
CCAACAAGATCACTGGTGTG_012,87
CCAACAAGATCACTGGTGTG_013,138
CCAACAAGATCACTGGTGTG_014,98
CCAACAAGATCACTGGTGTG_015,154
CCAACAAGATCACTGGTGTG_016,178
CCAACAAGATCACTGGTGTG_017,177
CCAACAAGATCACTGGTGTG_018,105
CCAACAAGATCACTGGTGTG_019,175
CCAACAAGATCACTGGTGTG_020,169
CCAACAAGATCACTGGTGTG_021,17
CCAACAAGATCACTGGTGTG_022,178
CCAACAAGATCACTGGTGTG_023,198
CCAACAAGATCACTGGTGTG_024,178
CCAACAAGATCACTGGTGTG_025,131
CCAACAAGATCACTGGTGTG_026,67
CCAACAAGATCACTGGTGTG_027,115
CCAACAAGATCACTGGTGTG_028,129
TCCTCTCAAACTGCCAAGGG_001,78
TCCTCTCAAACTGCCAAGGG_002,196
TCCTCTCAAACTGCCAAGGG_003,47
TCCTCTCAAACTGCCAAGGG_004,140
TCCTCTCAAACTGCCAAGGG_005,105
TCCTCTCAAACTGCCAAGGG_006,56
CCACCGTGGCAAGGTACACG_001,17
CCACCGTGGCAAGGTACACG_002,146
CCACCGTGGCAAGGTACACG_003,160
CCACCGTGGCAAGGTACACG_004,12
CCACCGTGGCAAGGTACACG_005,145
CCACCGTGGCAAGGTACACG_006,43
CCACCGTGGCAAGGTACACG_007,69
CCACCGTGGCAAGGTACACG_008,160
CCACCGTGGCAAGGTACACG_009,9
CCACCGTGGCAAGGTACACG_010,57
CCACCGTGGCAAGGTACACG_011,36
CCACCGTGGCAAGGTACACG_012,182
CCACCGTGGCAAGGTACACG_013,138
CCACCGTGGCAAGGTACACG_014,90
CCACCGTGGCAAGGTACACG_015,105
CCACCGTGGCAAGGTACACG_016,19
CCACCGTGGCAAGGTACACG_017,94
CCACCGTGGCAAGGTACACG_018,63
AGGTGTCTGAGATGTGGGAC_001,49
AGGTGTCTGAGATGTGGGAC_002,115
AGGTGTCTGAGATGTGGGAC_003,41
AGGTGTCTGAGATGTGGGAC_004,60
AGGTGTCTGAGATGTGGGAC_005,24
AGGTGTCTGAGATGTGGGAC_006,180
AGGTGTCTGAGATGTGGGAC_007,194
AGGTGTCTGAGATGTGGGAC_008,57
AGGTGTCTGAGATGTGGGAC_009,70
AGGTGTCTGAGATGTGGGAC_010,72
AGGTGTCTGAGATGTGGGAC_011,72
AGGTGTCTGAGATGTGGGAC_012,172
AGGTGTCTGAGATGTGGGAC_013,83
CGGTGGGCACGTACACCTCG_001,77
CGGTGGGCACGTACACCTCG_002,19
CGGTGGGCACGTACACCTCG_003,118
CGGTGGGCACGTACACCTCG_004,152
CGGTGGGCACGTACACCTCG_005,183
CGGTGGGCACGTACACCTCG_006,72
CGGTGGGCACGTACACCTCG_007,12
ATAATCATAGAGGCAAGTGG_001,87
ATAATCATAGAGGCAAGTGG_002,182
ATAATCATAGAGGCAAGTGG_003,81
ATAATCATAGAGGCAAGTGG_004,150
ATAATCATAGAGGCAAGTGG_005,1
ATAATCATAGAGGCAAGTGG_006,148
ATAATCATAGAGGCAAGTGG_007,105
AGAAGCTATTACCATCTGAA_001,47
AGAAGCTATTACCATCTGAA_002,8
CCAACAGGAGTAAAACGCTT_001,6
CCAACAGGAGTAAAACGCTT_002,36
CCAACAGGAGTAAAACGCTT_003,132
CCAACAGGAGTAAAACGCTT_004,16
CCAACAGGAGTAAAACGCTT_005,31
CCAACAGGAGTAAAACGCTT_006,91
TGCATCGTGTAATGCTGGAT_001,119
TGCATCGTGTAATGCTGGAT_002,82
TGCATCGTGTAATGCTGGAT_003,42
TGCATCGTGTAATGCTGGAT_004,134
TGCATCGTGTAATGCTGGAT_005,97
TAGCTGACAAACATTGATGA_001,28
TAGCTGACAAACATTGATGA_002,199
TGATGCGGGAATACCACAAG_001,90
TGATGCGGGAATACCACAAG_002,57
TGATGCGGGAATACCACAAG_003,98
TGATGCGGGAATACCACAAG_004,75
TGATGCGGGAATACCACAAG_005,183
TGATGCGGGAATACCACAAG_006,69
TGATGCGGGAATACCACAAG_007,81
TGATGCGGGAATACCACAAG_008,6
TTAGGAAGGAGGCAATTGGT_001,83
TTAGGAAGGAGGCAATTGGT_002,113
TTAGGAAGGAGGCAATTGGT_003,185
TTAGGAAGGAGGCAATTGGT_004,55
TTAGGAAGGAGGCAATTGGT_005,182
TTAGGAAGGAGGCAATTGGT_006,169
TTAGGAAGGAGGCAATTGGT_007,8
TTAGGAAGGAGGCAATTGGT_008,130
TTAGGAAGGAGGCAATTGGT_009,128
GGAGGCCGAGCGTACCTCTG_001,191
GGAGGCCGAGCGTACCTCTG_002,35
GGAGGCCGAGCGTACCTCTG_003,148
GGAGGCCGAGCGTACCTCTG_004,9
GGAGGCCGAGCGTACCTCTG_005,155
GGAGGCCGAGCGTACCTCTG_006,139
GGAGGCCGAGCGTACCTCTG_007,163
GGAGGCCGAGCGTACCTCTG_008,29
GGAGGCCGAGCGTACCTCTG_009,35
GGAGGCCGAGCGTACCTCTG_010,161
GGAGGCCGAGCGTACCTCTG_011,11
GGAGGCCGAGCGTACCTCTG_012,113
GGAGGCCGAGCGTACCTCTG_013,188
GGAGGCCGAGCGTACCTCTG_014,178
GGAGGCCGAGCGTACCTCTG_015,78
GGAGGCCGAGCGTACCTCTG_016,149
GGAGGCCGAGCGTACCTCTG_017,115
GGAGGCCGAGCGTACCTCTG_018,15
GGAGGCCGAGCGTACCTCTG_019,46
GGAGGCCGAGCGTACCTCTG_020,162
GGAGGCCGAGCGTACCTCTG_021,89
GGAGGCCGAGCGTACCTCTG_022,156
GGAGGCCGAGCGTACCTCTG_023,75
GGAGGCCGAGCGTACCTCTG_024,171
GGAGGCCGAGCGTACCTCTG_025,37
GGAGGCCGAGCGTACCTCTG_026,28
GGAGGCCGAGCGTACCTCTG_027,10
GGAGGCCGAGCGTACCTCTG_028,119
GGAGGCCGAGCGTACCTCTG_029,180
GGAGGCCGAGCGTACCTCTG_030,118
GGAGGCCGAGCGTACCTCTG_031,103
CCTGAGCGATGACTTCCGAG_001,94
CCTGAGCGATGACTTCCGAG_002,6
CCTGAGCGATGACTTCCGAG_003,197
CCTGAGCGATGACTTCCGAG_004,177
CCTGAGCGATGACTTCCGAG_005,174
CCTGAGCGATGACTTCCGAG_006,121
CCTGAGCGATGACTTCCGAG_007,50
CCTGAGCGATGACTTCCGAG_008,66
CCTGAGCGATGACTTCCGAG_009,183
CCTGAGCGATGACTTCCGAG_010,4
CCTGAGCGATGACTTCCGAG_011,41
CCTGAGCGATGACTTCCGAG_012,50
CCTGAGCGATGACTTCCGAG_013,154
CCTGAGCGATGACTTCCGAG_014,28
CCTGAGCGATGACTTCCGAG_015,50
CCTGAGCGATGACTTCCGAG_016,88
AAGCAAGGCTTGTAGATGCG_001,63
AAGCAAGGCTTGTAGATGCG_002,178
AAGCAAGGCTTGTAGATGCG_003,45
AAGCAAGGCTTGTAGATGCG_004,104
AAGCAAGGCTTGTAGATGCG_005,68
AAGCAAGGCTTGTAGATGCG_006,65
AAGCAAGGCTTGTAGATGCG_007,69
AAGCAAGGCTTGTAGATGCG_008,60
GGCAGATGGACAGTACTGTC_001,161
GGCAGATGGACAGTACTGTC_002,82
GGCAGATGGACAGTACTGTC_003,10
TGTGGCCACTCTTACTGCAA_001,70
TGTGGCCACTCTTACTGCAA_002,115
TGTGGCCACTCTTACTGCAA_003,16
TGTGGCCACTCTTACTGCAA_004,60
TGTGGCCACTCTTACTGCAA_005,166
TGTGGCCACTCTTACTGCAA_006,17
TTGATGTAGTCATAGGGGCA_001,179
TTGATGTAGTCATAGGGGCA_002,54
TTGATGTAGTCATAGGGGCA_003,189
TTGATGTAGTCATAGGGGCA_004,24
TTGATGTAGTCATAGGGGCA_005,44
TTGATGTAGTCATAGGGGCA_006,182
TTGATGTAGTCATAGGGGCA_007,141
TTGATGTAGTCATAGGGGCA_008,2
TTGATGTAGTCATAGGGGCA_009,16
TTGATGTAGTCATAGGGGCA_010,112
TTGATGTAGTCATAGGGGCA_011,182
ACAGGCAATCCGAACGTCCA_001,69
ACAGGCAATCCGAACGTCCA_002,160
ACAGGCAATCCGAACGTCCA_003,148
ACAGGCAATCCGAACGTCCA_004,148
ACAGGCAATCCGAACGTCCA_005,58
ACAGGCAATCCGAACGTCCA_006,161
ACAGGCAATCCGAACGTCCA_007,169
ACAGGCAATCCGAACGTCCA_008,12
ACAGGCAATCCGAACGTCCA_009,72
ACAGGCAATCCGAACGTCCA_010,183
ACAGGCAATCCGAACGTCCA_011,72
ACAGGCAATCCGAACGTCCA_012,61
ACAGGCAATCCGAACGTCCA_013,45
ACAGGCAATCCGAACGTCCA_014,163
ACAGGCAATCCGAACGTCCA_015,14
ACAGGCAATCCGAACGTCCA_016,40
ACAGGCAATCCGAACGTCCA_017,86
ACAGGCAATCCGAACGTCCA_018,3
ACAGGCAATCCGAACGTCCA_019,35
ACAGGCAATCCGAACGTCCA_020,173
ACAGGCAATCCGAACGTCCA_021,106
ACAGGCAATCCGAACGTCCA_022,93
ACAGGCAATCCGAACGTCCA_023,98
ACAGGCAATCCGAACGTCCA_024,116
ACAGGCAATCCGAACGTCCA_025,53
ACAGGCAATCCGAACGTCCA_026,114
ACAGGCAATCCGAACGTCCA_027,114
ACAGGCAATCCGAACGTCCA_028,145
ACAGGCAATCCGAACGTCCA_029,105
ACAGGCAATCCGAACGTCCA_030,91
ACAGGCAATCCGAACGTCCA_031,37
ACAGGCAATCCGAACGTCCA_032,19
ACAGGCAATCCGAACGTCCA_033,76
ACAGGCAATCCGAACGTCCA_034,145
ACAGGCAATCCGAACGTCCA_035,188
ACAGGCAATCCGAACGTCCA_036,188
ACAGGCAATCCGAACGTCCA_037,19
ACAGGCAATCCGAACGTCCA_038,12
ACAGGCAATCCGAACGTCCA_039,105
ATGAGGATGGTACCCCACAG_001,36
ATGAGGATGGTACCCCACAG_002,57
ATGAGGATGGTACCCCACAG_003,53
ATGAGGATGGTACCCCACAG_004,181
ATGAGGATGGTACCCCACAG_005,156
ATGAGGATGGTACCCCACAG_006,127
ATGAGGATGGTACCCCACAG_007,22
ATGAGGATGGTACCCCACAG_008,175
ATGAGGATGGTACCCCACAG_009,92
ATGAGGATGGTACCCCACAG_010,187
ATGAGGATGGTACCCCACAG_011,34
ATGAGGATGGTACCCCACAG_012,198
ATGAGGATGGTACCCCACAG_013,13
ATGAGGATGGTACCCCACAG_014,89
ATGAGGATGGTACCCCACAG_015,45
TGTCTTAGCCCTCAGAACAC_001,77
TGTCTTAGCCCTCAGAACAC_002,16
TGTCTTAGCCCTCAGAACAC_003,68
TGTCTTAGCCCTCAGAACAC_004,188
ACAGCAGTAAAGGTACTGAA_001,169
ACAGCAGTAAAGGTACTGAA_002,15
ACAGCAGTAAAGGTACTGAA_003,45
ACAGCAGTAAAGGTACTGAA_004,54
ACAGCAGTAAAGGTACTGAA_005,127
ACAGCAGTAAAGGTACTGAA_006,82
ACAGCAGTAAAGGTACTGAA_007,58
ACAGCAGTAAAGGTACTGAA_008,156
ACAGCAGTAAAGGTACTGAA_009,191
ACAGCAGTAAAGGTACTGAA_010,31
ACAGCAGTAAAGGTACTGAA_011,159
ACAGCAGTAAAGGTACTGAA_012,177
ACTCACGGGTCTTAGTGAAG_001,199
ACTCACGGGTCTTAGTGAAG_002,50
ACTCACGGGTCTTAGTGAAG_003,9
ACTCACGGGTCTTAGTGAAG_004,45
ACTCACGGGTCTTAGTGAAG_005,188
CATTACTTGAAAGAATCAGG_001,94
CATTACTTGAAAGAATCAGG_002,50
CCTCAACTCCAAAGCCAGGG_001,54
CCTCAACTCCAAAGCCAGGG_002,54
CCTCAACTCCAAAGCCAGGG_003,156
CCTCAACTCCAAAGCCAGGG_004,172
CCTCAACTCCAAAGCCAGGG_005,38
CCTCAACTCCAAAGCCAGGG_006,193
CCTCAACTCCAAAGCCAGGG_007,146
CCTCAACTCCAAAGCCAGGG_008,90
CCTCAACTCCAAAGCCAGGG_009,94
CCTCAACTCCAAAGCCAGGG_010,100
CCTCAACTCCAAAGCCAGGG_011,176
CCTCAACTCCAAAGCCAGGG_012,125
CCTCAACTCCAAAGCCAGGG_013,169
CCTCAACTCCAAAGCCAGGG_014,48
CCTCAACTCCAAAGCCAGGG_015,152
CCTCAACTCCAAAGCCAGGG_016,124
CCTCAACTCCAAAGCCAGGG_017,66
CTACAGCGAGTTGCCCACAG_001,119
CTACAGCGAGTTGCCCACAG_002,41
CTACAGCGAGTTGCCCACAG_003,24
CTACAGCGAGTTGCCCACAG_004,24
CTACAGCGAGTTGCCCACAG_005,33
CTACAGCGAGTTGCCCACAG_006,166
CTACAGCGAGTTGCCCACAG_007,50
CTACAGCGAGTTGCCCACAG_008,168
CTACAGCGAGTTGCCCACAG_009,12
CTACAGCGAGTTGCCCACAG_010,83
CTACAGCGAGTTGCCCACAG_011,5
CTACAGCGAGTTGCCCACAG_012,5
CTACAGCGAGTTGCCCACAG_013,169
CTACAGCGAGTTGCCCACAG_014,74
CTACAGCGAGTTGCCCACAG_015,174
TGCCTTGCTCTGCAAAATCG_001,131
TGCCTTGCTCTGCAAAATCG_002,169
TGCCTTGCTCTGCAAAATCG_003,23
TGCCTTGCTCTGCAAAATCG_004,113
TGCCTTGCTCTGCAAAATCG_005,113
TGCCTTGCTCTGCAAAATCG_006,121
TGCCTTGCTCTGCAAAATCG_007,183
TGCCTTGCTCTGCAAAATCG_008,94
TCAGCCGCAGCTGGCCAACG_001,117
TTATTGTGGCAGACGAGCAG_001,197
TTATTGTGGCAGACGAGCAG_002,32
TTATTGTGGCAGACGAGCAG_003,141
TTATTGTGGCAGACGAGCAG_004,177
AAGACCAAAGAAAATGACCA_001,77
AAGACCAAAGAAAATGACCA_002,1
AAGACCAAAGAAAATGACCA_003,41
AAGACCAAAGAAAATGACCA_004,11
AAGACCAAAGAAAATGACCA_005,70
AAGACCAAAGAAAATGACCA_006,27
AAGACCAAAGAAAATGACCA_007,188
AAGACCAAAGAAAATGACCA_008,157
AAGACCAAAGAAAATGACCA_009,68
AAGACCAAAGAAAATGACCA_010,17
AAGACCAAAGAAAATGACCA_011,24
AAGACCAAAGAAAATGACCA_012,159
AAGACCAAAGAAAATGACCA_013,142
AAGACCAAAGAAAATGACCA_014,154
AAGACCAAAGAAAATGACCA_015,53
AAGACCAAAGAAAATGACCA_016,94
AAGACCAAAGAAAATGACCA_017,172
AAGACCAAAGAAAATGACCA_018,98
AAGACCAAAGAAAATGACCA_019,140
AAGACCAAAGAAAATGACCA_020,29
AAGACCAAAGAAAATGACCA_021,103
AAGACCAAAGAAAATGACCA_022,178
AAGACCAAAGAAAATGACCA_023,36
AAGACCAAAGAAAATGACCA_024,158
AAGACCAAAGAAAATGACCA_025,15
AAGACCAAAGAAAATGACCA_026,199
AAGACCAAAGAAAATGACCA_027,185
AAGACCAAAGAAAATGACCA_028,68
AAGACCAAAGAAAATGACCA_029,119
AAGACCAAAGAAAATGACCA_030,175
AAGACCAAAGAAAATGACCA_031,96
CTTGCAGGAAGCTTGACAAA_001,169
CTTGCAGGAAGCTTGACAAA_002,191
CTTGCAGGAAGCTTGACAAA_003,0
CTTGCAGGAAGCTTGACAAA_004,118
CTTGCAGGAAGCTTGACAAA_005,169
CTTGCAGGAAGCTTGACAAA_006,140
CTTGCAGGAAGCTTGACAAA_007,105
CTTGCAGGAAGCTTGACAAA_008,95
CTTGCAGGAAGCTTGACAAA_009,78
CTTGCAGGAAGCTTGACAAA_010,113
CTTGCAGGAAGCTTGACAAA_011,33
CTTGCAGGAAGCTTGACAAA_012,35
CTTGCAGGAAGCTTGACAAA_013,130
CTTGCAGGAAGCTTGACAAA_014,115
CTTGCAGGAAGCTTGACAAA_015,77
CTTGCAGGAAGCTTGACAAA_016,169
CTTGCAGGAAGCTTGACAAA_017,177
GGCGGAACGTGATCAGCGAG_001,9
GGCGGAACGTGATCAGCGAG_002,106
GGCGGAACGTGATCAGCGAG_003,98
GGCGGAACGTGATCAGCGAG_004,148
GGCGGAACGTGATCAGCGAG_005,146
GGCGGAACGTGATCAGCGAG_006,176
GGCGGAACGTGATCAGCGAG_007,81
GGCGGAACGTGATCAGCGAG_008,172
GGCGGAACGTGATCAGCGAG_009,56
ACTACTGTAGCATTATAAGG_001,83
ACTACTGTAGCATTATAAGG_002,158
ACTACTGTAGCATTATAAGG_003,70
ACTACTGTAGCATTATAAGG_004,151
GAAATGGGCATATTGCCACA_001,8
TGAAGTAGAACTCACACTCG_001,188
TGAAGTAGAACTCACACTCG_002,138
TGAAGTAGAACTCACACTCG_003,17
TGAAGTAGAACTCACACTCG_004,147
TGAAGTAGAACTCACACTCG_005,58
TGAAGTAGAACTCACACTCG_006,182
TGAAGTAGAACTCACACTCG_007,25
TGAAGTAGAACTCACACTCG_008,85
TGAAGTAGAACTCACACTCG_009,118
TGAAGTAGAACTCACACTCG_010,162
TGAAGTAGAACTCACACTCG_011,99
TGAAGTAGAACTCACACTCG_012,15
TGAAGTAGAACTCACACTCG_013,94
TGAAGTAGAACTCACACTCG_014,69
CAGACACGTACCAGATCTCC_001,10
CAGACACGTACCAGATCTCC_002,144
CAGACACGTACCAGATCTCC_003,57
GTACCACAGACTACAGAAGT_001,12
GTACCACAGACTACAGAAGT_002,26
GTACCACAGACTACAGAAGT_003,77
GTACCACAGACTACAGAAGT_004,77
GTACCACAGACTACAGAAGT_005,41
GTACCACAGACTACAGAAGT_006,94
CGTGGATGATGAATACCGAT_001,186
CGTGGATGATGAATACCGAT_002,157
CGTGGATGATGAATACCGAT_003,160
CGTGGATGATGAATACCGAT_004,134
CGTGGATGATGAATACCGAT_005,175
TAATGTTAATCCGAGAACGG_001,49
TAATGTTAATCCGAGAACGG_002,5
TAATGTTAATCCGAGAACGG_003,166
AGGATCCAAGAAAAACTCTG_001,184
AGGATCCAAGAAAAACTCTG_002,48
AGGATCCAAGAAAAACTCTG_003,80
AGGATCCAAGAAAAACTCTG_004,41
AGGATCCAAGAAAAACTCTG_005,145
AGGATCCAAGAAAAACTCTG_006,122
AGGATCCAAGAAAAACTCTG_007,62
AGGATCCAAGAAAAACTCTG_008,1
AGGATCCAAGAAAAACTCTG_009,151
AGGATCCAAGAAAAACTCTG_010,12
AGGATCCAAGAAAAACTCTG_011,176
AGGATCCAAGAAAAACTCTG_012,141
AGGATCCAAGAAAAACTCTG_013,1
AGGATCCAAGAAAAACTCTG_014,160
AGGATCCAAGAAAAACTCTG_015,40
AGGATCCAAGAAAAACTCTG_016,42
AGGATCCAAGAAAAACTCTG_017,17
AGGATCCAAGAAAAACTCTG_018,177
AGGATCCAAGAAAAACTCTG_019,160
AGGATCCAAGAAAAACTCTG_020,105
AGGATCCAAGAAAAACTCTG_021,116
AGGATCCAAGAAAAACTCTG_022,145
AGGATCCAAGAAAAACTCTG_023,45
AGGATCCAAGAAAAACTCTG_024,60
AGGATCCAAGAAAAACTCTG_025,161
AGGATCCAAGAAAAACTCTG_026,178
GACAAAACACAATCCCCTGT_001,148
GACAAAACACAATCCCCTGT_002,26
GACAAAACACAATCCCCTGT_003,92
GACAAAACACAATCCCCTGT_004,154
GACAAAACACAATCCCCTGT_005,9
AGAAGAGTGTACTGTCGCAT_001,169
AGAAGAGTGTACTGTCGCAT_002,187
AGAAGAGTGTACTGTCGCAT_003,162
AGAAGAGTGTACTGTCGCAT_004,6
TGTCATCAATCGTGTTCAGA_001,7
TGTCATCAATCGTGTTCAGA_002,83
TGTCATCAATCGTGTTCAGA_003,77
TGTCATCAATCGTGTTCAGA_004,11
TGTCATCAATCGTGTTCAGA_005,66
TGTCATCAATCGTGTTCAGA_006,137
TGTCATCAATCGTGTTCAGA_007,48
TGTCATCAATCGTGTTCAGA_008,0
TGTCATCAATCGTGTTCAGA_009,43
TGTCATCAATCGTGTTCAGA_010,127
TGTCATCAATCGTGTTCAGA_011,29
CGCAGCGTACCCGCATCTCG_001,69
GAGCACGAAGGACAGTACCC_001,60
GAGCACGAAGGACAGTACCC_002,134
GAGCACGAAGGACAGTACCC_003,52
GAGCACGAAGGACAGTACCC_004,8
GTGTGAGCTTGAAGATACGC_001,87
GTGTGAGCTTGAAGATACGC_002,113
GTGTGAGCTTGAAGATACGC_003,58
GTGTGAGCTTGAAGATACGC_004,157
GTGTGAGCTTGAAGATACGC_005,130
GTGTGAGCTTGAAGATACGC_006,97
GTGTGAGCTTGAAGATACGC_007,177
GTGTGAGCTTGAAGATACGC_008,99
GTGTGAGCTTGAAGATACGC_009,28
GTGTGAGCTTGAAGATACGC_010,63
TGAAGAACTGAATAAATTGC_001,140
TGAAGAACTGAATAAATTGC_002,140
CCCGACCTCCCCTCAGCACG_001,168
CCCGACCTCCCCTCAGCACG_002,47
CCCGACCTCCCCTCAGCACG_003,184
CCCGACCTCCCCTCAGCACG_004,8
CCCGACCTCCCCTCAGCACG_005,39
CCCGACCTCCCCTCAGCACG_006,85
CCCGACCTCCCCTCAGCACG_007,100
CCCGACCTCCCCTCAGCACG_008,18
CCCGACCTCCCCTCAGCACG_009,130
CCCGACCTCCCCTCAGCACG_010,162
CCCGACCTCCCCTCAGCACG_011,103
CCCGACCTCCCCTCAGCACG_012,65
CCCGACCTCCCCTCAGCACG_013,12
CCCGACCTCCCCTCAGCACG_014,81
CCCGACCTCCCCTCAGCACG_015,98
CCCGACCTCCCCTCAGCACG_016,120
CCCGACCTCCCCTCAGCACG_017,100
CCCGACCTCCCCTCAGCACG_018,56
CCCGACCTCCCCTCAGCACG_019,141
CCCGACCTCCCCTCAGCACG_020,157
CCCGACCTCCCCTCAGCACG_021,33
CCCGACCTCCCCTCAGCACG_022,99
CCCGACCTCCCCTCAGCACG_023,27
CCCGACCTCCCCTCAGCACG_024,178
CCCGACCTCCCCTCAGCACG_025,147
CCCGACCTCCCCTCAGCACG_026,121
CCCGACCTCCCCTCAGCACG_027,169
CCCGACCTCCCCTCAGCACG_028,49
CCCGACCTCCCCTCAGCACG_029,161
CCCGACCTCCCCTCAGCACG_030,73
CCCGACCTCCCCTCAGCACG_031,78
CCCGACCTCCCCTCAGCACG_032,17
CCCGACCTCCCCTCAGCACG_033,60
CCCGACCTCCCCTCAGCACG_034,88
CCCGACCTCCCCTCAGCACG_035,19
CCCGACCTCCCCTCAGCACG_036,197
CCCGACCTCCCCTCAGCACG_037,132
CCCGACCTCCCCTCAGCACG_038,111
CTTAGGTATTCTTTACACTG_001,101
CTTAGGTATTCTTTACACTG_002,39
TGCTGCCCACTGGACGACGT_001,172
TGCTGCCCACTGGACGACGT_002,1
TGCTGCCCACTGGACGACGT_003,137
TGCTGCCCACTGGACGACGT_004,105
TGCTGCCCACTGGACGACGT_005,142
TGCTGCCCACTGGACGACGT_006,166
TGCTGCCCACTGGACGACGT_007,96
TGCTGCCCACTGGACGACGT_008,12
TGCTGCCCACTGGACGACGT_009,58
GGACAGCACTCCCTTGAAAG_001,31
GGACAGCACTCCCTTGAAAG_002,158
GTCCAGCCATCCGACATCCA_001,24
GTCCAGCCATCCGACATCCA_002,17
GTCCAGCCATCCGACATCCA_003,94
GTCCAGCCATCCGACATCCA_004,8
GTCCAGCCATCCGACATCCA_005,59
GTCCAGCCATCCGACATCCA_006,108
GTCCAGCCATCCGACATCCA_007,113
GTCCAGCCATCCGACATCCA_008,32
GTCCAGCCATCCGACATCCA_009,141
GTCCAGCCATCCGACATCCA_010,196
GTCCAGCCATCCGACATCCA_011,6
GTCCAGCCATCCGACATCCA_012,85
GTCCAGCCATCCGACATCCA_013,104
GTCCAGCCATCCGACATCCA_014,68
GTCCAGCCATCCGACATCCA_015,149
GTCCAGCCATCCGACATCCA_016,172
GTCCAGCCATCCGACATCCA_017,150
TAATACACGTTTCCTAATGT_001,15
CATTAGGATCTTCGGAAGAA_001,5
CATTAGGATCTTCGGAAGAA_002,158
CATTAGGATCTTCGGAAGAA_003,110
CATTAGGATCTTCGGAAGAA_004,8
CATTAGGATCTTCGGAAGAA_005,150
CATTAGGATCTTCGGAAGAA_006,184
CATTAGGATCTTCGGAAGAA_007,181
CATTAGGATCTTCGGAAGAA_008,115
CATTAGGATCTTCGGAAGAA_009,49
AAATGATGGATTAATCACAA_001,40
AAATGATGGATTAATCACAA_002,116
AAATGATGGATTAATCACAA_003,5
TCTTGTTCTACTATTCACAC_001,55
TGACGCCGTTGACCTCGACC_001,188
TGACGCCGTTGACCTCGACC_002,52
TGACGCCGTTGACCTCGACC_003,31
TGACGCCGTTGACCTCGACC_004,127
TGACGCCGTTGACCTCGACC_005,119
TGACGCCGTTGACCTCGACC_006,197
TGACGCCGTTGACCTCGACC_007,77
TGACGCCGTTGACCTCGACC_008,53
TGACGCCGTTGACCTCGACC_009,172
TGACGCCGTTGACCTCGACC_010,71
TGACGCCGTTGACCTCGACC_011,78
TGACGCCGTTGACCTCGACC_012,78
TGACGCCGTTGACCTCGACC_013,105
TGACGCCGTTGACCTCGACC_014,156
TGACGCCGTTGACCTCGACC_015,44
TGACGCCGTTGACCTCGACC_016,75
TGACGCCGTTGACCTCGACC_017,184
TGACGCCGTTGACCTCGACC_018,88
TGACGCCGTTGACCTCGACC_019,77
TGACGCCGTTGACCTCGACC_020,57
TGACGCCGTTGACCTCGACC_021,170
TGACGCCGTTGACCTCGACC_022,20
TGACGCCGTTGACCTCGACC_023,159
TGACGCCGTTGACCTCGACC_024,66
TGACGCCGTTGACCTCGACC_025,176
TGACGCCGTTGACCTCGACC_026,168
TGACGCCGTTGACCTCGACC_027,130
TGACGCCGTTGACCTCGACC_028,18
ACAGTTCCTAGACTTCTATG_001,17
ACAGTTCCTAGACTTCTATG_002,168
TCGGGTACACAACCCTCGTG_001,115
TCGGGTACACAACCCTCGTG_002,1
TCGGGTACACAACCCTCGTG_003,163
TCGGGTACACAACCCTCGTG_004,124
TCGGGTACACAACCCTCGTG_005,15
TCGGGTACACAACCCTCGTG_006,30
TCGGGTACACAACCCTCGTG_007,82
TCGGGTACACAACCCTCGTG_008,42
TCGGGTACACAACCCTCGTG_009,57
TCGGGTACACAACCCTCGTG_010,158
TCGGGTACACAACCCTCGTG_011,49
TCGGGTACACAACCCTCGTG_012,82
TCGGGTACACAACCCTCGTG_013,169
TCGGGTACACAACCCTCGTG_014,12
TCGGGTACACAACCCTCGTG_015,105
TCGGGTACACAACCCTCGTG_016,62
TCGGGTACACAACCCTCGTG_017,161
TCGGGTACACAACCCTCGTG_018,161
TCGGGTACACAACCCTCGTG_019,70
GTTTACCAGAAGGCCGACCA_001,12
GTTTACCAGAAGGCCGACCA_002,26
GTTTACCAGAAGGCCGACCA_003,0
GTTTACCAGAAGGCCGACCA_004,138
GTTTACCAGAAGGCCGACCA_005,43
GTTTACCAGAAGGCCGACCA_006,81
GTTTACCAGAAGGCCGACCA_007,149
GTTTACCAGAAGGCCGACCA_008,13
GTTTACCAGAAGGCCGACCA_009,169
GTTTACCAGAAGGCCGACCA_010,89
GTTTACCAGAAGGCCGACCA_011,73
GTTTACCAGAAGGCCGACCA_012,121
GTTTACCAGAAGGCCGACCA_013,194
GTTTACCAGAAGGCCGACCA_014,115
GTTTACCAGAAGGCCGACCA_015,120
GTTTACCAGAAGGCCGACCA_016,173
GTTTACCAGAAGGCCGACCA_017,173
GTTTACCAGAAGGCCGACCA_018,52
GTTTACCAGAAGGCCGACCA_019,161
GTTTACCAGAAGGCCGACCA_020,43
GTTTACCAGAAGGCCGACCA_021,94
GTTTACCAGAAGGCCGACCA_022,178
GTTTACCAGAAGGCCGACCA_023,29
GTTTACCAGAAGGCCGACCA_024,32
GTTTACCAGAAGGCCGACCA_025,96
GTTTACCAGAAGGCCGACCA_026,65
GTTTACCAGAAGGCCGACCA_027,1
GTTTACCAGAAGGCCGACCA_028,168
CAACAGTGCCCGACGCACCA_001,175
CAACAGTGCCCGACGCACCA_002,115
CAACAGTGCCCGACGCACCA_003,127
CAACAGTGCCCGACGCACCA_004,168
CAACAGTGCCCGACGCACCA_005,152
CAACAGTGCCCGACGCACCA_006,183
CAACAGTGCCCGACGCACCA_007,29
CAACAGTGCCCGACGCACCA_008,1
CAACAGTGCCCGACGCACCA_009,125
CAACAGTGCCCGACGCACCA_010,45
CAACAGTGCCCGACGCACCA_011,41
CAACAGTGCCCGACGCACCA_012,28
CAACAGTGCCCGACGCACCA_013,159
CAACAGTGCCCGACGCACCA_014,184
CAACAGTGCCCGACGCACCA_015,183
CAACAGTGCCCGACGCACCA_016,170
CAACAGTGCCCGACGCACCA_017,105
CAACAGTGCCCGACGCACCA_018,76
CAACAGTGCCCGACGCACCA_019,124
CAACAGTGCCCGACGCACCA_020,66
CAACAGTGCCCGACGCACCA_021,82
CAACAGTGCCCGACGCACCA_022,76
CAACAGTGCCCGACGCACCA_023,70
TGCTCATGGGATACTCGCTG_001,70
TGCTCATGGGATACTCGCTG_002,178
TGCTCATGGGATACTCGCTG_003,186
TGCTCATGGGATACTCGCTG_004,129
TGCTCATGGGATACTCGCTG_005,16
TGCTCATGGGATACTCGCTG_006,141
TGCTCATGGGATACTCGCTG_007,70
TGCTCATGGGATACTCGCTG_008,186
GCGTAAGAGGGAATGAACCT_001,172
GCGTAAGAGGGAATGAACCT_002,113
GCGTAAGAGGGAATGAACCT_003,68
GCGTAAGAGGGAATGAACCT_004,104
GCGTAAGAGGGAATGAACCT_005,95
GCGTAAGAGGGAATGAACCT_006,190
GCGTAAGAGGGAATGAACCT_007,146
GCGTAAGAGGGAATGAACCT_008,43
GCGTAAGAGGGAATGAACCT_009,116
GCGTAAGAGGGAATGAACCT_010,169
GCGTAAGAGGGAATGAACCT_011,184
GCGTAAGAGGGAATGAACCT_012,130
GCGTAAGAGGGAATGAACCT_013,199
GCGTAAGAGGGAATGAACCT_014,24
GCGTAAGAGGGAATGAACCT_015,34
GCGTAAGAGGGAATGAACCT_016,50
GAGCGTGTGTCGGGTCCGAG_001,147
GAGCGTGTGTCGGGTCCGAG_002,102
GAGCGTGTGTCGGGTCCGAG_003,31
GAGCGTGTGTCGGGTCCGAG_004,71
GAGCGTGTGTCGGGTCCGAG_005,77
GAGCGTGTGTCGGGTCCGAG_006,4
GAGCGTGTGTCGGGTCCGAG_007,72
GAGCGTGTGTCGGGTCCGAG_008,105
GAGCGTGTGTCGGGTCCGAG_009,188
GAGCGTGTGTCGGGTCCGAG_010,137
GAGCGTGTGTCGGGTCCGAG_011,166
GAGCGTGTGTCGGGTCCGAG_012,176
GAGCGTGTGTCGGGTCCGAG_013,149
GAGCGTGTGTCGGGTCCGAG_014,42
GAGCGTGTGTCGGGTCCGAG_015,183
GAGCGTGTGTCGGGTCCGAG_016,165
GAGCGTGTGTCGGGTCCGAG_017,37
GAGCGTGTGTCGGGTCCGAG_018,48
GAGCGTGTGTCGGGTCCGAG_019,27
GAGCGTGTGTCGGGTCCGAG_020,141
GAGCGTGTGTCGGGTCCGAG_021,105
GAGCGTGTGTCGGGTCCGAG_022,178
GAGCGTGTGTCGGGTCCGAG_023,178
GAGCGTGTGTCGGGTCCGAG_024,198
GAGCGTGTGTCGGGTCCGAG_025,112
GAGCGTGTGTCGGGTCCGAG_026,83
GAGCGTGTGTCGGGTCCGAG_027,52
GAGCGTGTGTCGGGTCCGAG_028,108
GAGCGTGTGTCGGGTCCGAG_029,125
GAGCGTGTGTCGGGTCCGAG_030,123
GAGCGTGTGTCGGGTCCGAG_031,168
GAGCGTGTGTCGGGTCCGAG_032,94
GAGCGTGTGTCGGGTCCGAG_033,149
GAGCGTGTGTCGGGTCCGAG_034,43
GAGCGTGTGTCGGGTCCGAG_035,155
TGACTGGATTAATGATGTGT_001,107
TGACTGGATTAATGATGTGT_002,141
TGACTGGATTAATGATGTGT_003,119
TGACTGGATTAATGATGTGT_004,188
TCAAATAGGGCAAGTAGTGG_001,181
TCAAATAGGGCAAGTAGTGG_002,103
TCAAATAGGGCAAGTAGTGG_003,161
TCAAATAGGGCAAGTAGTGG_004,48
TCAAATAGGGCAAGTAGTGG_005,98
TCAAATAGGGCAAGTAGTGG_006,27
TCAAATAGGGCAAGTAGTGG_007,37
TCAAATAGGGCAAGTAGTGG_008,146
TCAAATAGGGCAAGTAGTGG_009,170
ATTGCCAACAAAGCTCACCA_001,94
ATTGCCAACAAAGCTCACCA_002,56
ATTGCCAACAAAGCTCACCA_003,19
ATTGCCAACAAAGCTCACCA_004,55
ATTGCCAACAAAGCTCACCA_005,171
ATTGCCAACAAAGCTCACCA_006,187
ATTGCCAACAAAGCTCACCA_007,132
ATTGCCAACAAAGCTCACCA_008,17
ATTGCCAACAAAGCTCACCA_009,118
ATTGCCAACAAAGCTCACCA_010,148
ATTGCCAACAAAGCTCACCA_011,115
ATTGCCAACAAAGCTCACCA_012,116
ATTGCCAACAAAGCTCACCA_013,170
ATTGCCAACAAAGCTCACCA_014,19
ATTGCCAACAAAGCTCACCA_015,36
ATTGCCAACAAAGCTCACCA_016,29
ATTGCCAACAAAGCTCACCA_017,108
ATTGCCAACAAAGCTCACCA_018,74
ATTGCCAACAAAGCTCACCA_019,97
ATTGCCAACAAAGCTCACCA_020,3
ATTGCCAACAAAGCTCACCA_021,115
ATTGCCAACAAAGCTCACCA_022,34
CGTGGAGGGAAGGTAGCTCG_001,85
CGTGGAGGGAAGGTAGCTCG_002,26
CGTGGAGGGAAGGTAGCTCG_003,43
CGTGGAGGGAAGGTAGCTCG_004,46
CGTGGAGGGAAGGTAGCTCG_005,17
GAGCACAGAGGGCGGCGTCG_001,59
GAGCACAGAGGGCGGCGTCG_002,56
GAGCACAGAGGGCGGCGTCG_003,14
GAGCACAGAGGGCGGCGTCG_004,52
GAGCACAGAGGGCGGCGTCG_005,153
GAGCACAGAGGGCGGCGTCG_006,105
GAGCACAGAGGGCGGCGTCG_007,104
GAGCACAGAGGGCGGCGTCG_008,98
GAGCACAGAGGGCGGCGTCG_009,63
GAGCACAGAGGGCGGCGTCG_010,4
GAGCACAGAGGGCGGCGTCG_011,40
GAGCACAGAGGGCGGCGTCG_012,82
GAGCACAGAGGGCGGCGTCG_013,178
TTGAGGACGGCACTCCCCGG_001,80
TTGAGGACGGCACTCCCCGG_002,56
TTGAGGACGGCACTCCCCGG_003,85
TTGAGGACGGCACTCCCCGG_004,147
TTGAGGACGGCACTCCCCGG_005,136
TTGAGGACGGCACTCCCCGG_006,150
TTGAGGACGGCACTCCCCGG_007,158
TTGAGGACGGCACTCCCCGG_008,80
TTGAGGACGGCACTCCCCGG_009,19
TTGAGGACGGCACTCCCCGG_010,148
TTGAGGACGGCACTCCCCGG_011,58
TTGAGGACGGCACTCCCCGG_012,10
TTGAGGACGGCACTCCCCGG_013,179
TTGAGGACGGCACTCCCCGG_014,102
TTGAGGACGGCACTCCCCGG_015,10
TTGAGGACGGCACTCCCCGG_016,68
TTGAGGACGGCACTCCCCGG_017,33
CCGAGAACACCTATATTCTG_001,197
CCGAGAACACCTATATTCTG_002,177
CCGAGAACACCTATATTCTG_003,151
CCGAGAACACCTATATTCTG_004,43
ACCACCAGCTTTCCTCAGTG_001,191
ACCACCAGCTTTCCTCAGTG_002,182
ACCACCAGCTTTCCTCAGTG_003,148
ACCACCAGCTTTCCTCAGTG_004,81
ACCACCAGCTTTCCTCAGTG_005,134
ACCACCAGCTTTCCTCAGTG_006,27
ACCACCAGCTTTCCTCAGTG_007,18
ACCACCAGCTTTCCTCAGTG_008,184
ACCACCAGCTTTCCTCAGTG_009,124
GTCCCCCGACACGGCTTCCG_001,60
GTCCCCCGACACGGCTTCCG_002,118
GTCCCCCGACACGGCTTCCG_003,174
GTCCCCCGACACGGCTTCCG_004,174
GTCCCCCGACACGGCTTCCG_005,56
GTCCCCCGACACGGCTTCCG_006,161
GTCCCCCGACACGGCTTCCG_007,103
GTCCCCCGACACGGCTTCCG_008,101
GTCCCCCGACACGGCTTCCG_009,199
GTCCCCCGACACGGCTTCCG_010,78
GTCCCCCGACACGGCTTCCG_011,120
GTCCCCCGACACGGCTTCCG_012,157
GTCCCCCGACACGGCTTCCG_013,157
GTCCCCCGACACGGCTTCCG_014,77
GTCCCCCGACACGGCTTCCG_015,106
TGGGCCTAGATCGCACACCA_001,59
TGGGCCTAGATCGCACACCA_002,94
TGGGCCTAGATCGCACACCA_003,27
TGGGCCTAGATCGCACACCA_004,55
TGGGCCTAGATCGCACACCA_005,35
TGGGCCTAGATCGCACACCA_006,132
TGGGCCTAGATCGCACACCA_007,83
TGGGCCTAGATCGCACACCA_008,126
TGGGCCTAGATCGCACACCA_009,126
TGGGCCTAGATCGCACACCA_010,72
TGGGCCTAGATCGCACACCA_011,199
TGGGCCTAGATCGCACACCA_012,107
TGGGCCTAGATCGCACACCA_013,27
TGGGCCTAGATCGCACACCA_014,156
TGGGCCTAGATCGCACACCA_015,156
TGGGCCTAGATCGCACACCA_016,185
TGGGCCTAGATCGCACACCA_017,11
TGGGCCTAGATCGCACACCA_018,66
TGGGCCTAGATCGCACACCA_019,60
TGGGCCTAGATCGCACACCA_020,191
TGGGCCTAGATCGCACACCA_021,41
TGGGCCTAGATCGCACACCA_022,124
TGGGCCTAGATCGCACACCA_023,122
TGGGCCTAGATCGCACACCA_024,105
TGGGCCTAGATCGCACACCA_025,82
TGGGCCTAGATCGCACACCA_026,127
TGGGCCTAGATCGCACACCA_027,60
TGGGCCTAGATCGCACACCA_028,66
TGGGCCTAGATCGCACACCA_029,63
TGGGCCTAGATCGCACACCA_030,193
TGGGCCTAGATCGCACACCA_031,49
TGGGCCTAGATCGCACACCA_032,150
ATATCAGCGACAGGACTACA_001,58
ATATCAGCGACAGGACTACA_002,7
ATATCAGCGACAGGACTACA_003,50
ATATCAGCGACAGGACTACA_004,83
ATATCAGCGACAGGACTACA_005,75
ATATCAGCGACAGGACTACA_006,72
ATATCAGCGACAGGACTACA_007,22
ATATCAGCGACAGGACTACA_008,162
ATATCAGCGACAGGACTACA_009,44
ATATCAGCGACAGGACTACA_010,1
ATATCAGCGACAGGACTACA_011,130
ATATCAGCGACAGGACTACA_012,116
ATATCAGCGACAGGACTACA_013,4
ATATCAGCGACAGGACTACA_014,0
ATATCAGCGACAGGACTACA_015,42
ATATCAGCGACAGGACTACA_016,162
ATATCAGCGACAGGACTACA_017,94
ATATCAGCGACAGGACTACA_018,98
ATATCAGCGACAGGACTACA_019,7
GCTCAGTGAAGTCCCCAGCG_001,181
GCTCAGTGAAGTCCCCAGCG_002,19
GCTCAGTGAAGTCCCCAGCG_003,59
GCTCAGTGAAGTCCCCAGCG_004,76
GCTCAGTGAAGTCCCCAGCG_005,93
GCTCAGTGAAGTCCCCAGCG_006,103
GCTCAGTGAAGTCCCCAGCG_007,8
GCTCAGTGAAGTCCCCAGCG_008,116
GCTCAGTGAAGTCCCCAGCG_009,160
GCTCAGTGAAGTCCCCAGCG_010,106
GCTCAGTGAAGTCCCCAGCG_011,19
GCTCAGTGAAGTCCCCAGCG_012,43
GCTCAGTGAAGTCCCCAGCG_013,180
GCTCAGTGAAGTCCCCAGCG_014,173
GCTCAGTGAAGTCCCCAGCG_015,148
GCTCAGTGAAGTCCCCAGCG_016,52
ACCTAATGAAGAGTATACCT_001,97
ACCTAATGAAGAGTATACCT_002,22
ACCTAATGAAGAGTATACCT_003,132
CACCTGTTCCACTTCAATGT_001,109
CACCTGTTCCACTTCAATGT_002,109
CACCTGTTCCACTTCAATGT_003,184
CACCTGTTCCACTTCAATGT_004,81
CACCTGTTCCACTTCAATGT_005,150
CACCTGTTCCACTTCAATGT_006,158
CACCTGTTCCACTTCAATGT_007,121
CACCTGTTCCACTTCAATGT_008,137
ATCCGAGAATTGGCGCAAAA_001,42
ATCCGAGAATTGGCGCAAAA_002,26
ATCCGAGAATTGGCGCAAAA_003,34
ATCCGAGAATTGGCGCAAAA_004,31
ATCCGAGAATTGGCGCAAAA_005,36
ATCACAGCAATTGTCCAGAC_001,77
ATCACAGCAATTGTCCAGAC_002,144
ATCACAGCAATTGTCCAGAC_003,149
ATCACAGCAATTGTCCAGAC_004,188
ATCACAGCAATTGTCCAGAC_005,137
ATGAGTAGAATAGACCCCAG_001,9
ATGAGTAGAATAGACCCCAG_002,154
ATGAGTAGAATAGACCCCAG_003,39
ATGAGTAGAATAGACCCCAG_004,184
ATGAGTAGAATAGACCCCAG_005,36
CGTCCTCAAAGTACACATCC_001,163
CGTCCTCAAAGTACACATCC_002,98
CGTCCTCAAAGTACACATCC_003,136
CGTCCTCAAAGTACACATCC_004,12
CGTCCTCAAAGTACACATCC_005,158
CGTCCTCAAAGTACACATCC_006,92
CGTCCTCAAAGTACACATCC_007,138
CGTCCTCAAAGTACACATCC_008,105
TCACCTTTAGGTTGTGTGTG_001,2
TCACCTTTAGGTTGTGTGTG_002,68
TCACCTTTAGGTTGTGTGTG_003,170
TCACCTTTAGGTTGTGTGTG_004,157
TCACCTTTAGGTTGTGTGTG_005,61
TCACCTTTAGGTTGTGTGTG_006,113
TCACCTTTAGGTTGTGTGTG_007,112
TCACCTTTAGGTTGTGTGTG_008,51
TCACCTTTAGGTTGTGTGTG_009,2
TCACCTTTAGGTTGTGTGTG_010,81
TCACCTTTAGGTTGTGTGTG_011,161
TCACCTTTAGGTTGTGTGTG_012,121
TCACCTTTAGGTTGTGTGTG_013,80
CGACTATACAGAGAGATCAG_001,81
CGACTATACAGAGAGATCAG_002,141
GTCATGGACAGTGACACGAC_001,156
GTCATGGACAGTGACACGAC_002,166
GTCATGGACAGTGACACGAC_003,82
GTCATGGACAGTGACACGAC_004,120
GTCATGGACAGTGACACGAC_005,127
GTCATGGACAGTGACACGAC_006,160
GTCATGGACAGTGACACGAC_007,105
GTCATGGACAGTGACACGAC_008,55
GTCATGGACAGTGACACGAC_009,28
GTCATGGACAGTGACACGAC_010,147
GTCATGGACAGTGACACGAC_011,48
GTCATGGACAGTGACACGAC_012,58
GTAAGGACACCAGATCGCGT_001,43
GTAAGGACACCAGATCGCGT_002,183
GTAAGGACACCAGATCGCGT_003,41
GTAAGGACACCAGATCGCGT_004,26
GTAAGGACACCAGATCGCGT_005,48
GTAAGGACACCAGATCGCGT_006,169
GTAAGGACACCAGATCGCGT_007,166
GTAAGGACACCAGATCGCGT_008,152
GTGTGATCGGATCCCAAAGT_001,14
GTGTGATCGGATCCCAAAGT_002,158
GTGTGATCGGATCCCAAAGT_003,175
GTGTGATCGGATCCCAAAGT_004,109
GTGTGATCGGATCCCAAAGT_005,58
AGTCTTGGCCAATGTCACGG_001,194
AGTCTTGGCCAATGTCACGG_002,77
AGTCTTGGCCAATGTCACGG_003,133
AGTCTTGGCCAATGTCACGG_004,31
AGTCTTGGCCAATGTCACGG_005,186
AGTCTTGGCCAATGTCACGG_006,182
AGTCTTGGCCAATGTCACGG_007,110
AGTCTTGGCCAATGTCACGG_008,183
AGTCTTGGCCAATGTCACGG_009,106
AGTCTTGGCCAATGTCACGG_010,17
AGTCTTGGCCAATGTCACGG_011,191
AGTCTTGGCCAATGTCACGG_012,150
AGTCTTGGCCAATGTCACGG_013,167
AGTCTTGGCCAATGTCACGG_014,157
AGTCTTGGCCAATGTCACGG_015,91
AGTCTTGGCCAATGTCACGG_016,175
AGTCTTGGCCAATGTCACGG_017,27
AGTCTTGGCCAATGTCACGG_018,188
AGTCTTGGCCAATGTCACGG_019,158
AGTCTTGGCCAATGTCACGG_020,184
AGTCTTGGCCAATGTCACGG_021,10
AGTCTTGGCCAATGTCACGG_022,177
AGTCTTGGCCAATGTCACGG_023,160
AGTCTTGGCCAATGTCACGG_024,190
AGTCTTGGCCAATGTCACGG_025,68
AGTCTTGGCCAATGTCACGG_026,168
AGTCTTGGCCAATGTCACGG_027,124
CATGTCAGCATTGCCGACGT_001,24
GAACCTCGCCAAATTCCACG_001,112
GAACCTCGCCAAATTCCACG_002,55
GAACCTCGCCAAATTCCACG_003,74
GAACCTCGCCAAATTCCACG_004,100
GAACCTCGCCAAATTCCACG_005,116
GAACCTCGCCAAATTCCACG_006,90
AAGTGCACGCGGATGCTCGT_001,32
AAGTGCACGCGGATGCTCGT_002,163
AAGTGCACGCGGATGCTCGT_003,160
AAGTGCACGCGGATGCTCGT_004,127
AAGTGCACGCGGATGCTCGT_005,68
AAGTGCACGCGGATGCTCGT_006,106
AAGTGCACGCGGATGCTCGT_007,102
AAGTGCACGCGGATGCTCGT_008,157
GTTTCCGAATATACCTTACA_001,83
GTTTCCGAATATACCTTACA_002,105
GTTTCCGAATATACCTTACA_003,35
AATGCTTACCTATCTTGACT_001,187
AATGCTTACCTATCTTGACT_002,30
AATGCTTACCTATCTTGACT_003,174
AATGCTTACCTATCTTGACT_004,49
AATGCTTACCTATCTTGACT_005,80
AATGCTTACCTATCTTGACT_006,15
AATGCTTACCTATCTTGACT_007,175
GCGCAGATGAATGCCCACAT_001,129
GCGCAGATGAATGCCCACAT_002,139
GCGCAGATGAATGCCCACAT_003,116
GCGCAGATGAATGCCCACAT_004,148
GCGCAGATGAATGCCCACAT_005,56
GCGCAGATGAATGCCCACAT_006,92
GCGCAGATGAATGCCCACAT_007,175
GCGCAGATGAATGCCCACAT_008,34
GCGCAGATGAATGCCCACAT_009,118
GCGCAGATGAATGCCCACAT_010,8
GCGCAGATGAATGCCCACAT_011,36
GCGCAGATGAATGCCCACAT_012,104
GCGCAGATGAATGCCCACAT_013,70
GCCTTCGTGGGACGAAAAGG_001,144
GCCTTCGTGGGACGAAAAGG_002,50
GCCTTCGTGGGACGAAAAGG_003,50
GCCTTCGTGGGACGAAAAGG_004,184
GCCTTCGTGGGACGAAAAGG_005,166
GCCTTCGTGGGACGAAAAGG_006,132
AGGATGACTTACGACACACA_001,47
AGGATGACTTACGACACACA_002,15
AGGATGACTTACGACACACA_003,175
AGGATGACTTACGACACACA_004,169
AGGATGACTTACGACACACA_005,174
AGGATGACTTACGACACACA_006,16
AGGATGACTTACGACACACA_007,70
GGCTGTAACTGAGATTCACT_001,158
GGCTGTAACTGAGATTCACT_002,41
GGCTGTAACTGAGATTCACT_003,181
GGCTGTAACTGAGATTCACT_004,28
GGCTGTAACTGAGATTCACT_005,147
GGCTGTAACTGAGATTCACT_006,124
AAAGCTTATCGGTTACGAGA_001,6
AAAGCTTATCGGTTACGAGA_002,33
AAAGCTTATCGGTTACGAGA_003,91
AAAGCTTATCGGTTACGAGA_004,125
AAAGCTTATCGGTTACGAGA_005,107
AAAGCTTATCGGTTACGAGA_006,145
AAAGCTTATCGGTTACGAGA_007,127
AAAGCTTATCGGTTACGAGA_008,192
AAAGCTTATCGGTTACGAGA_009,12
AAAGCTTATCGGTTACGAGA_010,2
AAAGCTTATCGGTTACGAGA_011,19
AAAGCTTATCGGTTACGAGA_012,199
AAAGCTTATCGGTTACGAGA_013,74
TGCACACGCCGATCTTGCGC_001,48
GCGGCTGCTTACTGCTCGAC_001,106
GCGGCTGCTTACTGCTCGAC_002,2
GCGGCTGCTTACTGCTCGAC_003,157
GCGGCTGCTTACTGCTCGAC_004,182
GCGGCTGCTTACTGCTCGAC_005,15
GCGGCTGCTTACTGCTCGAC_006,149
GCGGCTGCTTACTGCTCGAC_007,175
GCGGCTGCTTACTGCTCGAC_008,170
GCGGCTGCTTACTGCTCGAC_009,194
GCGGCTGCTTACTGCTCGAC_010,199
GCGGCTGCTTACTGCTCGAC_011,144
GCGGCTGCTTACTGCTCGAC_012,140
GCGGCTGCTTACTGCTCGAC_013,58
GCGGCTGCTTACTGCTCGAC_014,114
GCGGCTGCTTACTGCTCGAC_015,125
GCGGCTGCTTACTGCTCGAC_016,47
GCGGCTGCTTACTGCTCGAC_017,127
GCGGCTGCTTACTGCTCGAC_018,169
GCGGCTGCTTACTGCTCGAC_019,91
GCGGCTGCTTACTGCTCGAC_020,106
GCGGCTGCTTACTGCTCGAC_021,106
GCGGCTGCTTACTGCTCGAC_022,173
GCGGCTGCTTACTGCTCGAC_023,15
GCGGCTGCTTACTGCTCGAC_024,188
GCGGCTGCTTACTGCTCGAC_025,156
GCGGCTGCTTACTGCTCGAC_026,49
CTAAGTGTGTTCACATCAGG_001,162
CTAAGTGTGTTCACATCAGG_002,141
CTAAGTGTGTTCACATCAGG_003,109
CTAAGTGTGTTCACATCAGG_004,159
TACCAATTACCGTTTAAAGG_001,41
TACCAATTACCGTTTAAAGG_002,50
TACCAATTACCGTTTAAAGG_003,86
TACCAATTACCGTTTAAAGG_004,64
AAGAAGCGCGCAGTGAACTG_001,139
AAGAAGCGCGCAGTGAACTG_002,76
AAGAAGCGCGCAGTGAACTG_003,112
AAGAAGCGCGCAGTGAACTG_004,105
AAGAAGCGCGCAGTGAACTG_005,108
AAGAAGCGCGCAGTGAACTG_006,94
AAGAAGCGCGCAGTGAACTG_007,127
AAGAAGCGCGCAGTGAACTG_008,148
AAGAAGCGCGCAGTGAACTG_009,35
AAGAAGCGCGCAGTGAACTG_010,99
AAGAAGCGCGCAGTGAACTG_011,116
AAGAAGCGCGCAGTGAACTG_012,138
CCAAGTCACAGCGACTGATG_001,96
CCAAGTCACAGCGACTGATG_002,92
CCAAGTCACAGCGACTGATG_003,16
CCAAGTCACAGCGACTGATG_004,105
CCAAGTCACAGCGACTGATG_005,99
CCAAGTCACAGCGACTGATG_006,170
CCAAGTCACAGCGACTGATG_007,89
CCAAGTCACAGCGACTGATG_008,141
AGATACGCTTCTACCAGCTG_001,1
AGATACGCTTCTACCAGCTG_002,1
AGATACGCTTCTACCAGCTG_003,85
CGATAAAGGTCCCACACGTG_001,133
CGATAAAGGTCCCACACGTG_002,160
TGTTTCTGCAAGCAATTTGG_001,17
TGTTTCTGCAAGCAATTTGG_002,29
TGTTTCTGCAAGCAATTTGG_003,139
TGTTTCTGCAAGCAATTTGG_004,10
TGTTTCTGCAAGCAATTTGG_005,185
TGTTTCTGCAAGCAATTTGG_006,9
TGTTTCTGCAAGCAATTTGG_007,25
CCAGCACTTCTTAAGTTGTT_001,99
AATGGGGTGATGGTATCCGT_001,88
AATGGGGTGATGGTATCCGT_002,13
AATGGGGTGATGGTATCCGT_003,17
AATGGGGTGATGGTATCCGT_004,65
GCTCGCATGAGCACCTCATA_001,78
GCTCGCATGAGCACCTCATA_002,150
GCTCGCATGAGCACCTCATA_003,58
GCTCGCATGAGCACCTCATA_004,186
GCTCGCATGAGCACCTCATA_005,38
GCTCGCATGAGCACCTCATA_006,128
GCTCGCATGAGCACCTCATA_007,193
GCTCGCATGAGCACCTCATA_008,54
GCTCGCATGAGCACCTCATA_009,177
GCTCGCATGAGCACCTCATA_010,34
GCTCGCATGAGCACCTCATA_011,58
GCTCGCATGAGCACCTCATA_012,123
GCTCGCATGAGCACCTCATA_013,100
GTGTGTGTCTCACATTTGCG_001,149
TATTTCTCCTAAGTCTAGCG_001,73
GCTGCTGGGCAGTGCCAATG_001,132
GCTGCTGGGCAGTGCCAATG_002,78
GCTGCTGGGCAGTGCCAATG_003,197
GCTGCTGGGCAGTGCCAATG_004,112
GCTGCTGGGCAGTGCCAATG_005,50
GCTGCTGGGCAGTGCCAATG_006,79
GCTGCTGGGCAGTGCCAATG_007,158
GTGGCTCTGAACTCGTATGG_001,2
GTGGCTCTGAACTCGTATGG_002,77
GTGGCTCTGAACTCGTATGG_003,175
GTGGCTCTGAACTCGTATGG_004,52
GTGGCTCTGAACTCGTATGG_005,38
GTGGCTCTGAACTCGTATGG_006,152
GCAGTGAAAACATTAAAACC_001,84
GCAGTGAAAACATTAAAACC_002,26
GCAGTGAAAACATTAAAACC_003,134
GCAGTGAAAACATTAAAACC_004,60
GCAGTGAAAACATTAAAACC_005,177
GCAGTGAAAACATTAAAACC_006,67
GCAGTGAAAACATTAAAACC_007,4
GCAGTGAAAACATTAAAACC_008,185
GCAGTGAAAACATTAAAACC_009,91
TGACTCCACTGCTCGCATGG_001,182
TGACTCCACTGCTCGCATGG_002,120
TGACTCCACTGCTCGCATGG_003,15
TGACTCCACTGCTCGCATGG_004,77
TGACTCCACTGCTCGCATGG_005,8
TGACTCCACTGCTCGCATGG_006,100
TGACTCCACTGCTCGCATGG_007,19
TGACTCCACTGCTCGCATGG_008,166
GAACGCGCTGAGAGTCCGTG_001,130
GAACGCGCTGAGAGTCCGTG_002,110
GAACGCGCTGAGAGTCCGTG_003,184
GAACGCGCTGAGAGTCCGTG_004,150
GAACGCGCTGAGAGTCCGTG_005,8
GAACGCGCTGAGAGTCCGTG_006,108
GAACGCGCTGAGAGTCCGTG_007,28
GAACGCGCTGAGAGTCCGTG_008,116
GAACGCGCTGAGAGTCCGTG_009,130
GAACGCGCTGAGAGTCCGTG_010,146
GAACGCGCTGAGAGTCCGTG_011,81
GAACGCGCTGAGAGTCCGTG_012,13
GAACGCGCTGAGAGTCCGTG_013,56
GGCACGCTGAACCAGTACAG_001,106
GGCACGCTGAACCAGTACAG_002,6
GGCACGCTGAACCAGTACAG_003,91
GGCACGCTGAACCAGTACAG_004,144
GGCACGCTGAACCAGTACAG_005,72
GGCACGCTGAACCAGTACAG_006,104
GGCACGCTGAACCAGTACAG_007,43
GGCACGCTGAACCAGTACAG_008,44
GGCACGCTGAACCAGTACAG_009,27
GGCACGCTGAACCAGTACAG_010,99
GGCACGCTGAACCAGTACAG_011,82
GGCACGCTGAACCAGTACAG_012,91
GGCACGCTGAACCAGTACAG_013,145
ACTTTGCTAAGAGCAAGTGG_001,139
ACTTTGCTAAGAGCAAGTGG_002,12
ACTTTGCTAAGAGCAAGTGG_003,148
ACTTTGCTAAGAGCAAGTGG_004,139
ACTTTGCTAAGAGCAAGTGG_005,104
ACTTTGCTAAGAGCAAGTGG_006,115
ACTTTGCTAAGAGCAAGTGG_007,94
ACTTTGCTAAGAGCAAGTGG_008,124
ACTTTGCTAAGAGCAAGTGG_009,88
CGTCATCCACCACACCACGG_001,71
CGTCATCCACCACACCACGG_002,40
CGTCATCCACCACACCACGG_003,88
CGTCATCCACCACACCACGG_004,154
CGTCATCCACCACACCACGG_005,58
CGTCATCCACCACACCACGG_006,21
CGTCATCCACCACACCACGG_007,172
CGTCATCCACCACACCACGG_008,38
CGTCATCCACCACACCACGG_009,120
CGTCATCCACCACACCACGG_010,71
CGTCATCCACCACACCACGG_011,61
CGTCATCCACCACACCACGG_012,121
CGTCATCCACCACACCACGG_013,35
CGTCATCCACCACACCACGG_014,103
CGTCATCCACCACACCACGG_015,177
CGTCATCCACCACACCACGG_016,177
CGTCATCCACCACACCACGG_017,177
CGTCATCCACCACACCACGG_018,44
CGTCATCCACCACACCACGG_019,24
CGTCATCCACCACACCACGG_020,37
CGTCATCCACCACACCACGG_021,76
CGTCATCCACCACACCACGG_022,174
CGTCATCCACCACACCACGG_023,110
CGTCATCCACCACACCACGG_024,197
CGTCATCCACCACACCACGG_025,161
CGTCATCCACCACACCACGG_026,172
CGTCATCCACCACACCACGG_027,112
CGTCATCCACCACACCACGG_028,32
CGTCATCCACCACACCACGG_029,16
CGTCATCCACCACACCACGG_030,89
CGTCATCCACCACACCACGG_031,5
CGTCATCCACCACACCACGG_032,100
CGTCATCCACCACACCACGG_033,175
CGTCATCCACCACACCACGG_034,10
CGTCATCCACCACACCACGG_035,101
CGTCATCCACCACACCACGG_036,19
CGTCATCCACCACACCACGG_037,147
CGTCATCCACCACACCACGG_038,67
CGTCATCCACCACACCACGG_039,132
CGTCATCCACCACACCACGG_040,162
CGTCATCCACCACACCACGG_041,68
CGTCATCCACCACACCACGG_042,44
CGTCATCCACCACACCACGG_043,45
CGTCATCCACCACACCACGG_044,124
CGTCATCCACCACACCACGG_045,118
CGTCATCCACCACACCACGG_046,177
CGTCATCCACCACACCACGG_047,66
CGTCATCCACCACACCACGG_048,178
CGTCATCCACCACACCACGG_049,8
CGTCATCCACCACACCACGG_050,15
CGTCATCCACCACACCACGG_051,174
CGTCATCCACCACACCACGG_052,123
CGTCATCCACCACACCACGG_053,94
CGTCATCCACCACACCACGG_054,33
CGTCATCCACCACACCACGG_055,152
CGTCATCCACCACACCACGG_056,91
CGTCATCCACCACACCACGG_057,58
CGTCATCCACCACACCACGG_058,177
CGTCATCCACCACACCACGG_059,138
TACAGGATGATATTCCCTTG_001,15
GCATTACCTGGGACTAGACA_001,82
GCATTACCTGGGACTAGACA_002,102
GCATTACCTGGGACTAGACA_003,188
GCATTACCTGGGACTAGACA_004,20
GCATTACCTGGGACTAGACA_005,131
GCATTACCTGGGACTAGACA_006,184
GCATTACCTGGGACTAGACA_007,192
GCATTACCTGGGACTAGACA_008,125
GCATTACCTGGGACTAGACA_009,113
GCATTACCTGGGACTAGACA_010,150
GCATTACCTGGGACTAGACA_011,101
GCATTACCTGGGACTAGACA_012,3
GCATTACCTGGGACTAGACA_013,102
GCATTACCTGGGACTAGACA_014,87
GCATTACCTGGGACTAGACA_015,83
GGAGACCTGCAAATAAGAGG_001,70
GGAGACCTGCAAATAAGAGG_002,189
GGAGACCTGCAAATAAGAGG_003,49
GGAGACCTGCAAATAAGAGG_004,188
GGAGACCTGCAAATAAGAGG_005,134
GGAGACCTGCAAATAAGAGG_006,103
GGAGACCTGCAAATAAGAGG_007,49
GGAGACCTGCAAATAAGAGG_008,184
GGAGACCTGCAAATAAGAGG_009,79
GGAGACCTGCAAATAAGAGG_010,63
CAACACGCTTCCAATGCATG_001,15
CAACACGCTTCCAATGCATG_002,177
CAACACGCTTCCAATGCATG_003,115
CAACACGCTTCCAATGCATG_004,133
CAACACGCTTCCAATGCATG_005,25
CAACACGCTTCCAATGCATG_006,127
CAACACGCTTCCAATGCATG_007,32
CAACACGCTTCCAATGCATG_008,58
CAACACGCTTCCAATGCATG_009,9
CAACACGCTTCCAATGCATG_010,188
CAACACGCTTCCAATGCATG_011,146
CAACACGCTTCCAATGCATG_012,175
CCTGCTCCGCTGTTACTAGG_001,58
CCTGCTCCGCTGTTACTAGG_002,79
CCTGCTCCGCTGTTACTAGG_003,62
CCTGCTCCGCTGTTACTAGG_004,67
CCTGCTCCGCTGTTACTAGG_005,127
CCTGCTCCGCTGTTACTAGG_006,33
CCTGCTCCGCTGTTACTAGG_007,100
CCTGCTCCGCTGTTACTAGG_008,64
CCTGCTCCGCTGTTACTAGG_009,38
CCTGCTCCGCTGTTACTAGG_010,45
CCTGCTCCGCTGTTACTAGG_011,192
CCTGCTCCGCTGTTACTAGG_012,63
CCTGCTCCGCTGTTACTAGG_013,35
CCTGCTCCGCTGTTACTAGG_014,192
CCTGCTCCGCTGTTACTAGG_015,174
ATCCTAAGAAGAAATATACA_001,107
ATCCTAAGAAGAAATATACA_002,82
ATCCTAAGAAGAAATATACA_003,0
GGCAGTAGAAAACTATGCGA_001,102
GGCAGTAGAAAACTATGCGA_002,124
GGCAGTAGAAAACTATGCGA_003,150
AGCAGGTGTATACTACGTGA_001,50
AGCAGGTGTATACTACGTGA_002,168
AGCAGGTGTATACTACGTGA_003,34
CTACATCAACACGAACCATG_001,61
CTACATCAACACGAACCATG_002,83
CTACATCAACACGAACCATG_003,150
CTACATCAACACGAACCATG_004,199
CTACATCAACACGAACCATG_005,169
CTACATCAACACGAACCATG_006,130
CTACATCAACACGAACCATG_007,124
CTACATCAACACGAACCATG_008,19
TTATCAAGTGAGTCCCACGT_001,15
TTATCAAGTGAGTCCCACGT_002,121
TTATCAAGTGAGTCCCACGT_003,156
TTATCAAGTGAGTCCCACGT_004,156
TTATCAAGTGAGTCCCACGT_005,14
TTATCAAGTGAGTCCCACGT_006,115
TTATCAAGTGAGTCCCACGT_007,173
TTATCAAGTGAGTCCCACGT_008,27
TTATCAAGTGAGTCCCACGT_009,149
TTATCAAGTGAGTCCCACGT_010,120
TTATCAAGTGAGTCCCACGT_011,47
TTATCAAGTGAGTCCCACGT_012,17
TTATCAAGTGAGTCCCACGT_013,49
TTGAAGAAATCCGCAAATGT_001,162
TTGAAGAAATCCGCAAATGT_002,182
TTGAAGAAATCCGCAAATGT_003,169
TTGAAGAAATCCGCAAATGT_004,16
AAGGTGCAGTGGGTATAGGG_001,68
AAGGTGCAGTGGGTATAGGG_002,144
AAGGTGCAGTGGGTATAGGG_003,52
AAGGTGCAGTGGGTATAGGG_004,130
AAGGTGCAGTGGGTATAGGG_005,113
TCCTACCCACCAACTCAGAG_001,96
TCCTACCCACCAACTCAGAG_002,38
TCCTACCCACCAACTCAGAG_003,171
TCCTACCCACCAACTCAGAG_004,62
TCCTACCCACCAACTCAGAG_005,85
TCCTACCCACCAACTCAGAG_006,136
TCCTACCCACCAACTCAGAG_007,135
TCCTACCCACCAACTCAGAG_008,83
TCCTACCCACCAACTCAGAG_009,35
TCCTACCCACCAACTCAGAG_010,35
TCCTACCCACCAACTCAGAG_011,120
TCCTACCCACCAACTCAGAG_012,103
TCCTACCCACCAACTCAGAG_013,83
TCCTACCCACCAACTCAGAG_014,8
TCCTACCCACCAACTCAGAG_015,178
TCCTACCCACCAACTCAGAG_016,13
TCCTACCCACCAACTCAGAG_017,47
TCCTACCCACCAACTCAGAG_018,191
TCCTACCCACCAACTCAGAG_019,165
TCCTACCCACCAACTCAGAG_020,19
TCCTACCCACCAACTCAGAG_021,39
TCCTACCCACCAACTCAGAG_022,63
TCCTACCCACCAACTCAGAG_023,78
TCCTACCCACCAACTCAGAG_024,168
TCCTACCCACCAACTCAGAG_025,39
TCCTACCCACCAACTCAGAG_026,136
TCACTGTGTCGTGCTAGAAG_001,165
CCACCGGACCTATAACCCAA_001,14
CCACCGGACCTATAACCCAA_002,15
CCACCGGACCTATAACCCAA_003,22
GAAATTGGTGAAAGTGTACG_001,58
GAAATTGGTGAAAGTGTACG_002,190
GAAATTGGTGAAAGTGTACG_003,187
GAAATTGGTGAAAGTGTACG_004,15
GAAATTGGTGAAAGTGTACG_005,128
GAAATTGGTGAAAGTGTACG_006,182
GAAATTGGTGAAAGTGTACG_007,140
GAAATTGGTGAAAGTGTACG_008,126
GAAATTGGTGAAAGTGTACG_009,150
GAAATTGGTGAAAGTGTACG_010,103
AAACCTCCGAAGACACATGG_001,42
AAACCTCCGAAGACACATGG_002,11
AAACCTCCGAAGACACATGG_003,54
AAACCTCCGAAGACACATGG_004,1
AAACCTCCGAAGACACATGG_005,144
AAACCTCCGAAGACACATGG_006,163
AAACCTCCGAAGACACATGG_007,121
AAACCTCCGAAGACACATGG_008,52
AAACCTCCGAAGACACATGG_009,130
AAACCTCCGAAGACACATGG_010,23
AAACCTCCGAAGACACATGG_011,78
AAACCTCCGAAGACACATGG_012,37
AAACCTCCGAAGACACATGG_013,121
AAACCTCCGAAGACACATGG_014,185
AAACCTCCGAAGACACATGG_015,137
AAACCTCCGAAGACACATGG_016,161
AAACCTCCGAAGACACATGG_017,107
AAACCTCCGAAGACACATGG_018,117
AAACCTCCGAAGACACATGG_019,59
AAACCTCCGAAGACACATGG_020,94
AAACCTCCGAAGACACATGG_021,91
AAACCTCCGAAGACACATGG_022,191
AAACCTCCGAAGACACATGG_023,131
AAACCTCCGAAGACACATGG_024,158
AAACCTCCGAAGACACATGG_025,147
AAACCTCCGAAGACACATGG_026,150
AAACCTCCGAAGACACATGG_027,3
AAACCTCCGAAGACACATGG_028,11
AAACCTCCGAAGACACATGG_029,175
AAACCTCCGAAGACACATGG_030,195
AAACCTCCGAAGACACATGG_031,25
AAACCTCCGAAGACACATGG_032,155
AAACCTCCGAAGACACATGG_033,160
AAACCTCCGAAGACACATGG_034,56
AAACCTCCGAAGACACATGG_035,9
AAACCTCCGAAGACACATGG_036,186
AAACCTCCGAAGACACATGG_037,140
TCAGCCCGGGCCGTGCAACG_001,182
TCAGCCCGGGCCGTGCAACG_002,156
TCAGCCCGGGCCGTGCAACG_003,146
TAACCCAATATACCAATCTG_001,69
TAACCCAATATACCAATCTG_002,162
TCGACATGGCCCAATTCGAG_001,101
TCGACATGGCCCAATTCGAG_002,48
TCGACATGGCCCAATTCGAG_003,62
TCGACATGGCCCAATTCGAG_004,33
TCGACATGGCCCAATTCGAG_005,8
TCGACATGGCCCAATTCGAG_006,41
TCGACATGGCCCAATTCGAG_007,134
TCGACATGGCCCAATTCGAG_008,4
GCTACCAGGAAGCATACCTG_001,105
GCTACCAGGAAGCATACCTG_002,17
GCTACCAGGAAGCATACCTG_003,16
GCTACCAGGAAGCATACCTG_004,37
GCTACCAGGAAGCATACCTG_005,88
GCTACCAGGAAGCATACCTG_006,173
GCTACCAGGAAGCATACCTG_007,78
GCTACCAGGAAGCATACCTG_008,141
GCTACCAGGAAGCATACCTG_009,58
GCTACCAGGAAGCATACCTG_010,182
GCTACCAGGAAGCATACCTG_011,174
GCTACCAGGAAGCATACCTG_012,48
GCTACCAGGAAGCATACCTG_013,69
GCTACCAGGAAGCATACCTG_014,64
GCTACCAGGAAGCATACCTG_015,16
GCTACCAGGAAGCATACCTG_016,1
GCTACCAGGAAGCATACCTG_017,37
GAGGTCATAATCCTTAGTGA_001,173
AATCTCAGCAACACTAATGG_001,188
AATCTCAGCAACACTAATGG_002,47
AATCTCAGCAACACTAATGG_003,166
AATCTCAGCAACACTAATGG_004,29
AATCTCAGCAACACTAATGG_005,55
AATCTCAGCAACACTAATGG_006,41
AATCTCAGCAACACTAATGG_007,11
AATCTCAGCAACACTAATGG_008,126
AATCTCAGCAACACTAATGG_009,133
AATCTCAGCAACACTAATGG_010,39
AAGGCCACCAGACATGTAGT_001,2
AAGGCCACCAGACATGTAGT_002,76
AAGGCCACCAGACATGTAGT_003,46
AAGGCCACCAGACATGTAGT_004,142
AAGGCCACCAGACATGTAGT_005,94
AAGGCCACCAGACATGTAGT_006,117
AAGGCCACCAGACATGTAGT_007,170
AAGGCCACCAGACATGTAGT_008,159
AAGGCCACCAGACATGTAGT_009,180
AAGGCCACCAGACATGTAGT_010,166
AAGGCCACCAGACATGTAGT_011,4
AAGGCCACCAGACATGTAGT_012,4
AAGGCCACCAGACATGTAGT_013,144
AAGGCCACCAGACATGTAGT_014,19
AAGGCCACCAGACATGTAGT_015,92
AAGGCCACCAGACATGTAGT_016,21
AAGGCCACCAGACATGTAGT_017,149
AAGGCCACCAGACATGTAGT_018,157
AAGGCCACCAGACATGTAGT_019,9
AAGGCCACCAGACATGTAGT_020,198
AAGGCCACCAGACATGTAGT_021,99
AAGGCCACCAGACATGTAGT_022,81
AAGGCCACCAGACATGTAGT_023,174
AAGGCCACCAGACATGTAGT_024,69
AAGGCCACCAGACATGTAGT_025,105
CAGCGCGTGGATGTACTCGT_001,160
CAGCGCGTGGATGTACTCGT_002,101
CAGCGCGTGGATGTACTCGT_003,85
CAGCGCGTGGATGTACTCGT_004,169
CAGCGCGTGGATGTACTCGT_005,162
CAGCGCGTGGATGTACTCGT_006,121
GGAGGAAGTAGGCGAAACAC_001,57
GGGCGAGCACAATATATCAG_001,149
CTTGTCCCGGTAGAAGCAGG_001,178
CTTGTCCCGGTAGAAGCAGG_002,22
CTTGTCCCGGTAGAAGCAGG_003,134
CTTGTCCCGGTAGAAGCAGG_004,112
CTTGTCCCGGTAGAAGCAGG_005,8
CTTGTCCCGGTAGAAGCAGG_006,8
CTTGTCCCGGTAGAAGCAGG_007,29
CTTGTCCCGGTAGAAGCAGG_008,127
CTTGTCCCGGTAGAAGCAGG_009,70
CTTGTCCCGGTAGAAGCAGG_010,42
CTTGTCCCGGTAGAAGCAGG_011,62
CTTGTCCCGGTAGAAGCAGG_012,83
CTTGTCCCGGTAGAAGCAGG_013,68
CTTGTCCCGGTAGAAGCAGG_014,77
CTTGTCCCGGTAGAAGCAGG_015,193
CTTGTCCCGGTAGAAGCAGG_016,145
CTTGTCCCGGTAGAAGCAGG_017,47
CTTGTCCCGGTAGAAGCAGG_018,108
CTTGTCCCGGTAGAAGCAGG_019,147
CTTGTCCCGGTAGAAGCAGG_020,153
CTTGTCCCGGTAGAAGCAGG_021,5
CTTGTCCCGGTAGAAGCAGG_022,152
CTTGTCCCGGTAGAAGCAGG_023,149
CTTGTCCCGGTAGAAGCAGG_024,149
CTTGTCCCGGTAGAAGCAGG_025,94
CTTGTCCCGGTAGAAGCAGG_026,144
GTAGGCTTCGACCTTCTCCG_001,155
GTAGGCTTCGACCTTCTCCG_002,64
GTAGGCTTCGACCTTCTCCG_003,21
GTAGGCTTCGACCTTCTCCG_004,85
GTAGGCTTCGACCTTCTCCG_005,184
GTAGGCTTCGACCTTCTCCG_006,176
AGGACATGACATCATCTCAG_001,1
AGGACATGACATCATCTCAG_002,157
GGTATATGTCTAAATCCACA_001,49
GGTATATGTCTAAATCCACA_002,40
GGTATATGTCTAAATCCACA_003,104
GTGGTTTGATTGGGTCCAAG_001,114
GTGGTTTGATTGGGTCCAAG_002,62
GTGGTTTGATTGGGTCCAAG_003,60
GTGGTTTGATTGGGTCCAAG_004,77
GTGGTTTGATTGGGTCCAAG_005,158
GTGGTTTGATTGGGTCCAAG_006,194
GTGGTTTGATTGGGTCCAAG_007,103
GTGGTTTGATTGGGTCCAAG_008,175
GTGGTTTGATTGGGTCCAAG_009,125
GTGGTTTGATTGGGTCCAAG_010,160
GTGGTTTGATTGGGTCCAAG_011,62
GTGGTTTGATTGGGTCCAAG_012,14
GTGGTTTGATTGGGTCCAAG_013,148
GTGGTTTGATTGGGTCCAAG_014,91
GTGGTTTGATTGGGTCCAAG_015,181
TAGTTACAGACTCAGCGGGT_001,145
TAGTTACAGACTCAGCGGGT_002,115
TAGTTACAGACTCAGCGGGT_003,40
TAGTTACAGACTCAGCGGGT_004,38
TAGTTACAGACTCAGCGGGT_005,19
TAGTTACAGACTCAGCGGGT_006,199
TAGTTACAGACTCAGCGGGT_007,4
TAGTTACAGACTCAGCGGGT_008,22
TAGTTACAGACTCAGCGGGT_009,104
TAGTTACAGACTCAGCGGGT_010,4
TAGTTACAGACTCAGCGGGT_011,72
TAGTTACAGACTCAGCGGGT_012,13
TAGTTACAGACTCAGCGGGT_013,199
TAGTTACAGACTCAGCGGGT_014,199
TAGTTACAGACTCAGCGGGT_015,85
TAGTTACAGACTCAGCGGGT_016,135
TATTCCCTGAAGCTAACGCA_001,62
TATTCCCTGAAGCTAACGCA_002,158
TATTCCCTGAAGCTAACGCA_003,166
TATTCCCTGAAGCTAACGCA_004,187
TATTCCCTGAAGCTAACGCA_005,56
TATTCCCTGAAGCTAACGCA_006,41
TCCCACATTAAGTCAACGGT_001,17
TCCCACATTAAGTCAACGGT_002,92
TCCCACATTAAGTCAACGGT_003,37
TCCCACATTAAGTCAACGGT_004,37
TCCCACATTAAGTCAACGGT_005,113
TCCCACATTAAGTCAACGGT_006,43
TCCCACATTAAGTCAACGGT_007,146
TCCCACATTAAGTCAACGGT_008,2
TCCCACATTAAGTCAACGGT_009,199
TCCCACATTAAGTCAACGGT_010,6
TCCCACATTAAGTCAACGGT_011,98
GGCATATAGAGTAACAACAA_001,154
GGCATATAGAGTAACAACAA_002,53
GGCATATAGAGTAACAACAA_003,48
GGCATATAGAGTAACAACAA_004,197
GGCATATAGAGTAACAACAA_005,117
GGCATATAGAGTAACAACAA_006,113
GGCATATAGAGTAACAACAA_007,10
GGCATATAGAGTAACAACAA_008,108
TCTGAGCTGCACATAAGAGA_001,104
TCTGAGCTGCACATAAGAGA_002,103
TCTGAGCTGCACATAAGAGA_003,189
TCTGAGCTGCACATAAGAGA_004,195
TCTGAGCTGCACATAAGAGA_005,139
TCTGAGCTGCACATAAGAGA_006,52
TCTGAGCTGCACATAAGAGA_007,50
TCTGAGCTGCACATAAGAGA_008,56
TGGGATCAACCCAGACAACG_001,151
TGGGATCAACCCAGACAACG_002,78
TGGGATCAACCCAGACAACG_003,191
TGGGATCAACCCAGACAACG_004,145
TGGGATCAACCCAGACAACG_005,75
TGGGATCAACCCAGACAACG_006,154
TGGGATCAACCCAGACAACG_007,187
TGGGATCAACCCAGACAACG_008,44
GTGTGATCACTGCTTGCACG_001,161
GTGTGATCACTGCTTGCACG_002,119
GTGTGATCACTGCTTGCACG_003,93
GTGTGATCACTGCTTGCACG_004,120
GTGTGATCACTGCTTGCACG_005,74
GTGTGATCACTGCTTGCACG_006,172
GTGTGATCACTGCTTGCACG_007,106
GTGTGATCACTGCTTGCACG_008,130
GTGTGATCACTGCTTGCACG_009,57
ATTAGCAGACCGAAACAGGA_001,121
ATTAGCAGACCGAAACAGGA_002,197
ATTAGCAGACCGAAACAGGA_003,91
ATTAGCAGACCGAAACAGGA_004,53
ATTAGCAGACCGAAACAGGA_005,62
ATTAGCAGACCGAAACAGGA_006,76
ATTAGCAGACCGAAACAGGA_007,20
ATTAGCAGACCGAAACAGGA_008,30
ATTAGCAGACCGAAACAGGA_009,15
ATTAGCAGACCGAAACAGGA_010,30
AGTGTCTACTCCGGATCAAG_001,36
AGTGTCTACTCCGGATCAAG_002,105
AGTGTCTACTCCGGATCAAG_003,107
GTCCATCAAGACTAGCAGCG_001,41
GTCCATCAAGACTAGCAGCG_002,12
GTCCATCAAGACTAGCAGCG_003,146
GTCCATCAAGACTAGCAGCG_004,97
GTTCGACTAGTGATAGTGGA_001,171
GTTCGACTAGTGATAGTGGA_002,31
GTTCGACTAGTGATAGTGGA_003,119
GTTCGACTAGTGATAGTGGA_004,98
GTTCGACTAGTGATAGTGGA_005,198
GTTCGACTAGTGATAGTGGA_006,60
GTTCGACTAGTGATAGTGGA_007,88
GTTCGACTAGTGATAGTGGA_008,126
GTTCGACTAGTGATAGTGGA_009,13
CTGATATACCTAATCCACCA_001,169
CTGATATACCTAATCCACCA_002,45
CTGATATACCTAATCCACCA_003,72
CTGATATACCTAATCCACCA_004,92
TGGGTGCCAATGACCAAGTG_001,150
TGGGTGCCAATGACCAAGTG_002,158
TGGGTGCCAATGACCAAGTG_003,83
TGGGTGCCAATGACCAAGTG_004,134
TGGGTGCCAATGACCAAGTG_005,22
TGGGTGCCAATGACCAAGTG_006,0
TGTGGGGAAGCTTTCATATG_001,43
ACAGATTATTTGTGAGCTGG_001,118
ACAGATTATTTGTGAGCTGG_002,88
ACAGATTATTTGTGAGCTGG_003,83
GAAATGTACTTACGAGTCTG_001,34
GAAATGTACTTACGAGTCTG_002,172
GAAATGTACTTACGAGTCTG_003,126
GAAATGTACTTACGAGTCTG_004,13
GAAATGTACTTACGAGTCTG_005,165
GAAATGTACTTACGAGTCTG_006,58
TATGGACATTGCGATCAGAA_001,84
TATGGACATTGCGATCAGAA_002,51
TATGGACATTGCGATCAGAA_003,185
TATGGACATTGCGATCAGAA_004,103
TATGGACATTGCGATCAGAA_005,55
CATAGGCCGACACTCTCTCG_001,191
CATAGGCCGACACTCTCTCG_002,112
CATAGGCCGACACTCTCTCG_003,36
CATAGGCCGACACTCTCTCG_004,139
CATAGGCCGACACTCTCTCG_005,169
CATAGGCCGACACTCTCTCG_006,198
CATAGGCCGACACTCTCTCG_007,191
CATAGGCCGACACTCTCTCG_008,35
CATAGGCCGACACTCTCTCG_009,123
CATAGGCCGACACTCTCTCG_010,29
CATAGGCCGACACTCTCTCG_011,10
CATAGGCCGACACTCTCTCG_012,106
CATAGGCCGACACTCTCTCG_013,105
CATAGGCCGACACTCTCTCG_014,48
CATAGGCCGACACTCTCTCG_015,148
CATAGGCCGACACTCTCTCG_016,31
CATAGGCCGACACTCTCTCG_017,147
GGGGTGAGGGAGACCCCACG_001,3
GGGGTGAGGGAGACCCCACG_002,57
TCATAAAAGAGGAGCCACCG_001,22
TCATAAAAGAGGAGCCACCG_002,146
TCATAAAAGAGGAGCCACCG_003,41
TCATAAAAGAGGAGCCACCG_004,6
TCATAAAAGAGGAGCCACCG_005,175
TCATAAAAGAGGAGCCACCG_006,144
TCATAAAAGAGGAGCCACCG_007,121
TCATAAAAGAGGAGCCACCG_008,15
TCATAAAAGAGGAGCCACCG_009,72
TCATAAAAGAGGAGCCACCG_010,127
TCATAAAAGAGGAGCCACCG_011,70
TCATAAAAGAGGAGCCACCG_012,43
TCATAAAAGAGGAGCCACCG_013,36
TCATAAAAGAGGAGCCACCG_014,111
TCATAAAAGAGGAGCCACCG_015,19
TCATAAAAGAGGAGCCACCG_016,199
TCATAAAAGAGGAGCCACCG_017,75
TCATAAAAGAGGAGCCACCG_018,158
TCATAAAAGAGGAGCCACCG_019,105
TCATAAAAGAGGAGCCACCG_020,185
TCATAAAAGAGGAGCCACCG_021,183
TCATAAAAGAGGAGCCACCG_022,179
TCATAAAAGAGGAGCCACCG_023,61
TCATAAAAGAGGAGCCACCG_024,121
TCATAAAAGAGGAGCCACCG_025,49
TCATAAAAGAGGAGCCACCG_026,14
TCATAAAAGAGGAGCCACCG_027,134
TCATAAAAGAGGAGCCACCG_028,124
TCATAAAAGAGGAGCCACCG_029,39
TCATAAAAGAGGAGCCACCG_030,83
CTTCAATGTACATGTTCCCG_001,177
CTTCAATGTACATGTTCCCG_002,156
CTTCAATGTACATGTTCCCG_003,180
CTTCAATGTACATGTTCCCG_004,116
CTTCAATGTACATGTTCCCG_005,160
GAAGTAGAGCCCTTACACGA_001,113
GAAGTAGAGCCCTTACACGA_002,102
GAAGTAGAGCCCTTACACGA_003,41
GAAGTAGAGCCCTTACACGA_004,164
GAAGTAGAGCCCTTACACGA_005,196
GAAGTAGAGCCCTTACACGA_006,196
GAAGTAGAGCCCTTACACGA_007,48
GAAGTAGAGCCCTTACACGA_008,173
GAAGTAGAGCCCTTACACGA_009,49
GAAGTAGAGCCCTTACACGA_010,81
GAAGTAGAGCCCTTACACGA_011,193
GAAGTAGAGCCCTTACACGA_012,91
CGGAGAAGACCACCCGCGTG_001,80
CGGAGAAGACCACCCGCGTG_002,77
CGGAGAAGACCACCCGCGTG_003,98
CGGAGAAGACCACCCGCGTG_004,178
CGGAGAAGACCACCCGCGTG_005,161
CGGAGAAGACCACCCGCGTG_006,174
CGGAGAAGACCACCCGCGTG_007,169
CGGAGAAGACCACCCGCGTG_008,180
CGGAGAAGACCACCCGCGTG_009,148
CGGAGAAGACCACCCGCGTG_010,47
AGCTGGAACAGATCAACCTA_001,121
AGCTGGAACAGATCAACCTA_002,151
AGCTGGAACAGATCAACCTA_003,103
AGCTGGAACAGATCAACCTA_004,88
AGCTGGAACAGATCAACCTA_005,52
AGCTGGAACAGATCAACCTA_006,70
AGCTGGAACAGATCAACCTA_007,129
AGCTGGAACAGATCAACCTA_008,158
AGCTGGAACAGATCAACCTA_009,6
AGCTGGAACAGATCAACCTA_010,165
AGCTGGAACAGATCAACCTA_011,76
AGCTGGAACAGATCAACCTA_012,49
AGCTGGAACAGATCAACCTA_013,52
AGCTGGAACAGATCAACCTA_014,44
AGCTGGAACAGATCAACCTA_015,196
AGCTGGAACAGATCAACCTA_016,159
AGCTGGAACAGATCAACCTA_017,197
AGCTGGAACAGATCAACCTA_018,37
AGCTGGAACAGATCAACCTA_019,184
AGCTGGAACAGATCAACCTA_020,19
AGCTGGAACAGATCAACCTA_021,10
AGCTGGAACAGATCAACCTA_022,87
AGCTGGAACAGATCAACCTA_023,50
AGCTGGAACAGATCAACCTA_024,58
AGCTGGAACAGATCAACCTA_025,145
AGCTGGAACAGATCAACCTA_026,61
AGCTGGAACAGATCAACCTA_027,5
AGCTGGAACAGATCAACCTA_028,17
AGCTGGAACAGATCAACCTA_029,62
AGCTGGAACAGATCAACCTA_030,132
AGCTGGAACAGATCAACCTA_031,168
AGCTGGAACAGATCAACCTA_032,87
AGCTGGAACAGATCAACCTA_033,138
AGCTGGAACAGATCAACCTA_034,138
AGCTGGAACAGATCAACCTA_035,199
AGCTGGAACAGATCAACCTA_036,170
AGCTGGAACAGATCAACCTA_037,17
AGCTGGAACAGATCAACCTA_038,76
AGCTGGAACAGATCAACCTA_039,112
AGCTGGAACAGATCAACCTA_040,42
AGCTGGAACAGATCAACCTA_041,48
CGGGTCTGCTCTGCCCGTCA_001,95
ACTGACCAATATCCGCAACG_001,94
AGGAGTCTGTGAGACTCTGT_001,130
AGGAGTCTGTGAGACTCTGT_002,154
AGGAGTCTGTGAGACTCTGT_003,11
AGGAGTCTGTGAGACTCTGT_004,141
AGGAGTCTGTGAGACTCTGT_005,60
AGGAGTCTGTGAGACTCTGT_006,162
AGGAGTCTGTGAGACTCTGT_007,103
AGGAGTCTGTGAGACTCTGT_008,170
AGGAGTCTGTGAGACTCTGT_009,88
CCGACCTCGAGTCCCCGCAG_001,152
CCGACCTCGAGTCCCCGCAG_002,0
CCGACCTCGAGTCCCCGCAG_003,4
CCGACCTCGAGTCCCCGCAG_004,182
CCGACCTCGAGTCCCCGCAG_005,159
CCGACCTCGAGTCCCCGCAG_006,34
CCGACCTCGAGTCCCCGCAG_007,156
CCGACCTCGAGTCCCCGCAG_008,181
CCGACCTCGAGTCCCCGCAG_009,35
CCGACCTCGAGTCCCCGCAG_010,13
CCGACCTCGAGTCCCCGCAG_011,8
CCGACCTCGAGTCCCCGCAG_012,196
CCGACCTCGAGTCCCCGCAG_013,17
CCGACCTCGAGTCCCCGCAG_014,193
CCGACCTCGAGTCCCCGCAG_015,76
CCGACCTCGAGTCCCCGCAG_016,144
CCGACCTCGAGTCCCCGCAG_017,180
CCGACCTCGAGTCCCCGCAG_018,1
CCGACCTCGAGTCCCCGCAG_019,104
CCGACCTCGAGTCCCCGCAG_020,68
CCGACCTCGAGTCCCCGCAG_021,61
CCGACCTCGAGTCCCCGCAG_022,130
GTGGACCAAAGTGACTGGCA_001,11
GTGGACCAAAGTGACTGGCA_002,138
GTGGACCAAAGTGACTGGCA_003,198
GTGGACCAAAGTGACTGGCA_004,35
GTGGACCAAAGTGACTGGCA_005,52
GTGGACCAAAGTGACTGGCA_006,57
GTGGACCAAAGTGACTGGCA_007,69
GTGGACCAAAGTGACTGGCA_008,20
GTGGACCAAAGTGACTGGCA_009,24
GTGGACCAAAGTGACTGGCA_010,160
GTGGACCAAAGTGACTGGCA_011,121
GTGGACCAAAGTGACTGGCA_012,48
GTGGACCAAAGTGACTGGCA_013,169
GTGGACCAAAGTGACTGGCA_014,162
GTGGACCAAAGTGACTGGCA_015,13
GTGGACCAAAGTGACTGGCA_016,138
GTGGACCAAAGTGACTGGCA_017,106
GTGGACCAAAGTGACTGGCA_018,39
GTGGGAGAACTGGCGGACAG_001,173
GTGGGAGAACTGGCGGACAG_002,43
GTGGGAGAACTGGCGGACAG_003,43
GTGGGAGAACTGGCGGACAG_004,149
GTGGGAGAACTGGCGGACAG_005,78
GTGGGAGAACTGGCGGACAG_006,58
GTGGGAGAACTGGCGGACAG_007,174
GTGGGAGAACTGGCGGACAG_008,18
GTGGGAGAACTGGCGGACAG_009,77
GTGGGAGAACTGGCGGACAG_010,118
GTGGGAGAACTGGCGGACAG_011,16
GTGGGAGAACTGGCGGACAG_012,128
GTGGGAGAACTGGCGGACAG_013,28
GTGGGAGAACTGGCGGACAG_014,2
GTGGGAGAACTGGCGGACAG_015,56
GTGGGAGAACTGGCGGACAG_016,26
GTGGGAGAACTGGCGGACAG_017,187
GTGGGAGAACTGGCGGACAG_018,5
GTGGGAGAACTGGCGGACAG_019,98
GTGGGAGAACTGGCGGACAG_020,177
GTGGGAGAACTGGCGGACAG_021,31
GTGGGAGAACTGGCGGACAG_022,104
GTGGGAGAACTGGCGGACAG_023,44
GTGGGAGAACTGGCGGACAG_024,56
GTGGGAGAACTGGCGGACAG_025,8
GTGGGAGAACTGGCGGACAG_026,62
GTGGGAGAACTGGCGGACAG_027,106
GTGGGAGAACTGGCGGACAG_028,137
GTGGGAGAACTGGCGGACAG_029,57
GTGGGAGAACTGGCGGACAG_030,76
GTGGGAGAACTGGCGGACAG_031,38
GTGGGAGAACTGGCGGACAG_032,146
GTGGGAGAACTGGCGGACAG_033,180
GTGGGAGAACTGGCGGACAG_034,136
GTGGGAGAACTGGCGGACAG_035,162
GTGGGAGAACTGGCGGACAG_036,149
GAAGAGCTGTCAACTCACGT_001,172
GAAGAGCTGTCAACTCACGT_002,121
GAAGAGCTGTCAACTCACGT_003,49
GAAGAGCTGTCAACTCACGT_004,166
GAAGAGCTGTCAACTCACGT_005,22
GAAGAGCTGTCAACTCACGT_006,147
GAAGAGCTGTCAACTCACGT_007,15
GAAGAGCTGTCAACTCACGT_008,92
GAAGAGCTGTCAACTCACGT_009,10
CACTCAGCCACACCTCACAG_001,4
CACTCAGCCACACCTCACAG_002,130
CACTCAGCCACACCTCACAG_003,59
CACTCAGCCACACCTCACAG_004,105
CACTCAGCCACACCTCACAG_005,107
CACTCAGCCACACCTCACAG_006,148
CACTCAGCCACACCTCACAG_007,166
CACTCAGCCACACCTCACAG_008,67
CACTCAGCCACACCTCACAG_009,3
CACTCAGCCACACCTCACAG_010,16
CACTCAGCCACACCTCACAG_011,38
GGTGACCAAGCTCGGCGAAG_001,146
GGTGACCAAGCTCGGCGAAG_002,45
GGTGACCAAGCTCGGCGAAG_003,9
GGTGACCAAGCTCGGCGAAG_004,84
GGTGACCAAGCTCGGCGAAG_005,37
GGTGACCAAGCTCGGCGAAG_006,56
GGTGACCAAGCTCGGCGAAG_007,56
GGTGACCAAGCTCGGCGAAG_008,8
GGTGACCAAGCTCGGCGAAG_009,35
GGTGACCAAGCTCGGCGAAG_010,12
GGTGACCAAGCTCGGCGAAG_011,34
GGTGACCAAGCTCGGCGAAG_012,166
TGCTGGATGAATATCAAGAG_001,147
GTTGGTACTGGATCACATTG_001,149
GTTGGTACTGGATCACATTG_002,174
AGTCACCCTGAGAACCGCAA_001,29
AGTCACCCTGAGAACCGCAA_002,114
AGTCACCCTGAGAACCGCAA_003,57
AGTCACCCTGAGAACCGCAA_004,98
AGTCACCCTGAGAACCGCAA_005,66
AGTCACCCTGAGAACCGCAA_006,50
AGTCACCCTGAGAACCGCAA_007,88
AGTCACCCTGAGAACCGCAA_008,111
AGTCACCCTGAGAACCGCAA_009,19
AGTCACCCTGAGAACCGCAA_010,140
AGTCACCCTGAGAACCGCAA_011,65
AGTCACCCTGAGAACCGCAA_012,50
AGTCACCCTGAGAACCGCAA_013,137
AGTCACCCTGAGAACCGCAA_014,33
AGTCACCCTGAGAACCGCAA_015,187
AGTCACCCTGAGAACCGCAA_016,190
AGTCACCCTGAGAACCGCAA_017,127
AGTCACCCTGAGAACCGCAA_018,91
AGTCACCCTGAGAACCGCAA_019,82
AGTCACCCTGAGAACCGCAA_020,72
AGTCACCCTGAGAACCGCAA_021,37
AGTCACCCTGAGAACCGCAA_022,152
AGTCACCCTGAGAACCGCAA_023,138
TGAGGTGGCTGATCGAATTG_001,33
TGAGGTGGCTGATCGAATTG_002,81
TGAGGTGGCTGATCGAATTG_003,70
TCGGCGCACGCCTCGTCCTG_001,96
TCGGCGCACGCCTCGTCCTG_002,49
TCGGCGCACGCCTCGTCCTG_003,137
TCGGCGCACGCCTCGTCCTG_004,49
TCGGCGCACGCCTCGTCCTG_005,115
TCGGCGCACGCCTCGTCCTG_006,156
TCGGCGCACGCCTCGTCCTG_007,42
TCGGCGCACGCCTCGTCCTG_008,140
TAGCAGGTGCTGTTATTCGT_001,18
TAGCAGGTGCTGTTATTCGT_002,172
TAGCAGGTGCTGTTATTCGT_003,174
TAGCAGGTGCTGTTATTCGT_004,184
TAGCAGGTGCTGTTATTCGT_005,32
TAGCAGGTGCTGTTATTCGT_006,56
TAGCAGGTGCTGTTATTCGT_007,62
TGTTATCCATACAAATGTCA_001,170
TGTTATCCATACAAATGTCA_002,29
TGTTATCCATACAAATGTCA_003,169
ACTTACCCAACAGACAGGAA_001,134
ACTTACCCAACAGACAGGAA_002,107
ACTTACCCAACAGACAGGAA_003,185
ACTTACCCAACAGACAGGAA_004,49
ACTTACCCAACAGACAGGAA_005,121
ACTTACCCAACAGACAGGAA_006,76
ACTTACCCAACAGACAGGAA_007,180
ACTTACCCAACAGACAGGAA_008,144
ACTTACCCAACAGACAGGAA_009,191
ACTTACCCAACAGACAGGAA_010,12
ACTTACCCAACAGACAGGAA_011,104
AAGGGTAGCCAGATACTGCT_001,106
AAGGGTAGCCAGATACTGCT_002,2
AAGGGTAGCCAGATACTGCT_003,165
AAGGGTAGCCAGATACTGCT_004,193
AAGGGTAGCCAGATACTGCT_005,171
AAGGGTAGCCAGATACTGCT_006,23
AAGGGTAGCCAGATACTGCT_007,58
AAGGGTAGCCAGATACTGCT_008,83
AAGGGTAGCCAGATACTGCT_009,29
AAGGGTAGCCAGATACTGCT_010,57
AAGGGTAGCCAGATACTGCT_011,100
AAGGGTAGCCAGATACTGCT_012,77
AAGGGTAGCCAGATACTGCT_013,105
AAGGGTAGCCAGATACTGCT_014,195
AAGGGTAGCCAGATACTGCT_015,84
AAGGGTAGCCAGATACTGCT_016,115
AAGGGTAGCCAGATACTGCT_017,53
AAGGGTAGCCAGATACTGCT_018,77
AAGGGTAGCCAGATACTGCT_019,77
AAGGGTAGCCAGATACTGCT_020,169
AAGGGTAGCCAGATACTGCT_021,48
AAGGGTAGCCAGATACTGCT_022,144
AAGGGTAGCCAGATACTGCT_023,117
AAGGGTAGCCAGATACTGCT_024,8
CAACCAGGCAGCTGGCCAAG_001,137
CAACCAGGCAGCTGGCCAAG_002,2
CAACCAGGCAGCTGGCCAAG_003,170
CAACCAGGCAGCTGGCCAAG_004,107
CAACCAGGCAGCTGGCCAAG_005,108
CAACCAGGCAGCTGGCCAAG_006,77
CACGGGTCCGTACGCCCAGT_001,191
CACGGGTCCGTACGCCCAGT_002,106
CACGGGTCCGTACGCCCAGT_003,135
CACGGGTCCGTACGCCCAGT_004,155
CACGGGTCCGTACGCCCAGT_005,147
CACGGGTCCGTACGCCCAGT_006,182
CACGGGTCCGTACGCCCAGT_007,78
CACGGGTCCGTACGCCCAGT_008,131
CACGGGTCCGTACGCCCAGT_009,131
CACGGGTCCGTACGCCCAGT_010,6
CACGGGTCCGTACGCCCAGT_011,48
GAAGCCTCAAAGAATATCCG_001,174
GAAGCCTCAAAGAATATCCG_002,78
GAAGCCTCAAAGAATATCCG_003,45
GAAGCCTCAAAGAATATCCG_004,23
GAAGCCTCAAAGAATATCCG_005,177
TATGGCCTCCCTCCTCAAGA_001,52
TATGGCCTCCCTCCTCAAGA_002,82
TATGGCCTCCCTCCTCAAGA_003,33
TATGGCCTCCCTCCTCAAGA_004,70
TATGGCCTCCCTCCTCAAGA_005,136
TATGGCCTCCCTCCTCAAGA_006,191
TCACCTCTCATTGTCCGCGG_001,61
TCACCTCTCATTGTCCGCGG_002,68
TCACCTCTCATTGTCCGCGG_003,10
TCACCTCTCATTGTCCGCGG_004,155
TCACCTCTCATTGTCCGCGG_005,15
TCACCTCTCATTGTCCGCGG_006,27
CCTTATAATGCAGTCCCGTG_001,77
CCTTATAATGCAGTCCCGTG_002,175
CCTTATAATGCAGTCCCGTG_003,141
CCTTATAATGCAGTCCCGTG_004,26
CCTTATAATGCAGTCCCGTG_005,170
CCTTATAATGCAGTCCCGTG_006,35
ATCGACGTCTTCGACACCGA_001,12
ATCGACGTCTTCGACACCGA_002,8
ATCGACGTCTTCGACACCGA_003,115
ATCGACGTCTTCGACACCGA_004,3
ATCGACGTCTTCGACACCGA_005,181
ATCGACGTCTTCGACACCGA_006,103
ATCGACGTCTTCGACACCGA_007,152
ATCGACGTCTTCGACACCGA_008,13
ATCGACGTCTTCGACACCGA_009,18
ATCGACGTCTTCGACACCGA_010,159
ATCGACGTCTTCGACACCGA_011,50
ATCGACGTCTTCGACACCGA_012,77
ATCGACGTCTTCGACACCGA_013,112
ATCGACGTCTTCGACACCGA_014,116
ATCGACGTCTTCGACACCGA_015,91
ATCGACGTCTTCGACACCGA_016,38
ATCGACGTCTTCGACACCGA_017,147
ATCGACGTCTTCGACACCGA_018,190
ATCGACGTCTTCGACACCGA_019,37
ATCGACGTCTTCGACACCGA_020,137
TGCGATGCCTGTATAACCCA_001,143
CTGAACCGGATAATTAGGGG_001,50
CTGAACCGGATAATTAGGGG_002,69
CTGAACCGGATAATTAGGGG_003,115
CAGGACCCTCTGCTCCTCTG_001,41
CAGGACCCTCTGCTCCTCTG_002,34
CAGGACCCTCTGCTCCTCTG_003,150
CAGGACCCTCTGCTCCTCTG_004,113
CAGGACCCTCTGCTCCTCTG_005,67
CAGGACCCTCTGCTCCTCTG_006,104
CAGGACCCTCTGCTCCTCTG_007,168
TTCCTGGAAGGTGCACACGA_001,48
TTCCTGGAAGGTGCACACGA_002,35
TTCCTGGAAGGTGCACACGA_003,180
TTCCTGGAAGGTGCACACGA_004,102
TTCCTGGAAGGTGCACACGA_005,98
TTCCTGGAAGGTGCACACGA_006,58
TTCCTGGAAGGTGCACACGA_007,103
TGTACCCCCAGAATTCCGTG_001,3
GGTAGAAGTGGACGGCACTT_001,59
GGTAGAAGTGGACGGCACTT_002,93
GGTAGAAGTGGACGGCACTT_003,29
GGTAGAAGTGGACGGCACTT_004,16
GGTAGAAGTGGACGGCACTT_005,155
GGTAGAAGTGGACGGCACTT_006,172
GGTAGAAGTGGACGGCACTT_007,183
GGTAGAAGTGGACGGCACTT_008,127
GGTAGAAGTGGACGGCACTT_009,60
GGTAGAAGTGGACGGCACTT_010,30
GGTAGAAGTGGACGGCACTT_011,146
GGTAGAAGTGGACGGCACTT_012,149
GGTAGAAGTGGACGGCACTT_013,188
GGTAGAAGTGGACGGCACTT_014,157
GGTAGAAGTGGACGGCACTT_015,32
GGTAGAAGTGGACGGCACTT_016,47
GGTAGAAGTGGACGGCACTT_017,158
TTTGGGACCCAGATCATCGG_001,78
TTTGGGACCCAGATCATCGG_002,56
TTTGGGACCCAGATCATCGG_003,132
TTTGGGACCCAGATCATCGG_004,190
TTTGGGACCCAGATCATCGG_005,80
TTTGGGACCCAGATCATCGG_006,50
TTTGGGACCCAGATCATCGG_007,194
TTTGGGACCCAGATCATCGG_008,139
TTTGGGACCCAGATCATCGG_009,43
TTTGGGACCCAGATCATCGG_010,167
TTTGGGACCCAGATCATCGG_011,159
TTTGGGACCCAGATCATCGG_012,184
CTTCCTCCAGATGTGGCATG_001,174
CTTCCTCCAGATGTGGCATG_002,28
CTTCCTCCAGATGTGGCATG_003,56
CTTCCTCCAGATGTGGCATG_004,150
CTTCCTCCAGATGTGGCATG_005,170
CTTCCTCCAGATGTGGCATG_006,142
CTTCCTCCAGATGTGGCATG_007,166
CCCGATGATCACGACTATCA_001,197
CCCGATGATCACGACTATCA_002,50
CCCGATGATCACGACTATCA_003,9
TGACAGCCAGGATAAACAAG_001,160
TGACAGCCAGGATAAACAAG_002,82
TGACAGCCAGGATAAACAAG_003,173
TGACAGCCAGGATAAACAAG_004,173
TGACAGCCAGGATAAACAAG_005,58
GATAGACGTTGACGTTTCGA_001,193
GCAGCTTGAGAATTACATTG_001,81
GCAGCTTGAGAATTACATTG_002,113
GCAGCTTGAGAATTACATTG_003,134
GCAGCTTGAGAATTACATTG_004,115
GCAGCTTGAGAATTACATTG_005,42
GCAGCTTGAGAATTACATTG_006,104
GCAGCTTGAGAATTACATTG_007,126
GCAGAAACGCTAAAAGGCTG_001,50
GCAGAAACGCTAAAAGGCTG_002,84
GCAGAAACGCTAAAAGGCTG_003,134
CGCTTGTTTAGCCCTGAACC_001,57
CGCTTGTTTAGCCCTGAACC_002,174
CGCTTGTTTAGCCCTGAACC_003,126
TCTTTGGCTATGTTCGCCAG_001,122
TGCTTCTCACTGTGTATGGG_001,23
TGCTTCTCACTGTGTATGGG_002,121
TGCTTCTCACTGTGTATGGG_003,153
TGCTTCTCACTGTGTATGGG_004,78
TGCTTCTCACTGTGTATGGG_005,169
TGCTTCTCACTGTGTATGGG_006,119
TGCTTCTCACTGTGTATGGG_007,50
TGCTTCTCACTGTGTATGGG_008,28
TGCTTCTCACTGTGTATGGG_009,81
TGCTTCTCACTGTGTATGGG_010,134
TGCTTCTCACTGTGTATGGG_011,96
TGCTTCTCACTGTGTATGGG_012,188
TGCTTCTCACTGTGTATGGG_013,78
TGCTTCTCACTGTGTATGGG_014,133
ATGCCTCTAATTGTACCCTG_001,86
ATGCCTCTAATTGTACCCTG_002,181
ATGCCTCTAATTGTACCCTG_003,113
ATGCCTCTAATTGTACCCTG_004,60
ATGCCTCTAATTGTACCCTG_005,77
ATGCCTCTAATTGTACCCTG_006,134
ATGCCTCTAATTGTACCCTG_007,58
ATGCCTCTAATTGTACCCTG_008,144
ATGCCTCTAATTGTACCCTG_009,142
ATGCCTCTAATTGTACCCTG_010,102
ATGCCTCTAATTGTACCCTG_011,39
ATGCCTCTAATTGTACCCTG_012,178
ATGCCTCTAATTGTACCCTG_013,166
ATGCCTCTAATTGTACCCTG_014,142
ATGCCTCTAATTGTACCCTG_015,56
ATGCCTCTAATTGTACCCTG_016,98
ATGCCTCTAATTGTACCCTG_017,4
TCTCACCCAGAGGCTAACGG_001,97
ATTCTGTAGCAGTTCGACTG_001,97
ATTCTGTAGCAGTTCGACTG_002,98
ATTCTGTAGCAGTTCGACTG_003,150
ATTCTGTAGCAGTTCGACTG_004,17
ATTCTGTAGCAGTTCGACTG_005,23
GTGGGGCGTACATTTCATCA_001,8
GTGGGGCGTACATTTCATCA_002,106
GTGGGGCGTACATTTCATCA_003,124
GTGGGGCGTACATTTCATCA_004,147
GTGGGGCGTACATTTCATCA_005,34
GTGGGGCGTACATTTCATCA_006,93
GTGGGGCGTACATTTCATCA_007,28
GTGGGGCGTACATTTCATCA_008,137
TCCCGTCCGGAACCCAACTC_001,5
TCCCGTCCGGAACCCAACTC_002,138
TCCCGTCCGGAACCCAACTC_003,169
TCCCGTCCGGAACCCAACTC_004,83
TCCCGTCCGGAACCCAACTC_005,32
TCCCGTCCGGAACCCAACTC_006,54
TCCCGTCCGGAACCCAACTC_007,83
TCCCGTCCGGAACCCAACTC_008,83
TCCCGTCCGGAACCCAACTC_009,144
TCCCGTCCGGAACCCAACTC_010,83
TCCCGTCCGGAACCCAACTC_011,195
TCCCGTCCGGAACCCAACTC_012,194
TCCCGTCCGGAACCCAACTC_013,95
TCCCGTCCGGAACCCAACTC_014,95
TCCCGTCCGGAACCCAACTC_015,40
TCCCGTCCGGAACCCAACTC_016,101
TCCCGTCCGGAACCCAACTC_017,121
TCCCGTCCGGAACCCAACTC_018,110
TCCCGTCCGGAACCCAACTC_019,82
TCCCGTCCGGAACCCAACTC_020,1
TCCCGTCCGGAACCCAACTC_021,174
TCCCGTCCGGAACCCAACTC_022,144
TCCCGTCCGGAACCCAACTC_023,41
TCCCGTCCGGAACCCAACTC_024,140
TCCCGTCCGGAACCCAACTC_025,15
TCCCGTCCGGAACCCAACTC_026,66
TCCCGTCCGGAACCCAACTC_027,161
TCCCGTCCGGAACCCAACTC_028,40
CGTGCACTATAGGCCTCATG_001,48
CGTGCACTATAGGCCTCATG_002,147
CGTGCACTATAGGCCTCATG_003,12
CGTGCACTATAGGCCTCATG_004,150
CGTGCACTATAGGCCTCATG_005,199
GGCCCAGGATCGCATTGTGG_001,118
GGCCCAGGATCGCATTGTGG_002,41
GAAGACTGATTCCTCCAGTG_001,50
GAAGACTGATTCCTCCAGTG_002,130
GAAGACTGATTCCTCCAGTG_003,147
GAAGACTGATTCCTCCAGTG_004,191
GAAGACTGATTCCTCCAGTG_005,137
GAAGACTGATTCCTCCAGTG_006,105
GAAGACTGATTCCTCCAGTG_007,16
GAAGACTGATTCCTCCAGTG_008,178
GAAGACTGATTCCTCCAGTG_009,102
GAAGACTGATTCCTCCAGTG_010,13
GAAGACTGATTCCTCCAGTG_011,169
GTGTATGGCTGAGAAGACGC_001,20
GTGTATGGCTGAGAAGACGC_002,138
GTGTATGGCTGAGAAGACGC_003,79
GTGTATGGCTGAGAAGACGC_004,188
GTGTATGGCTGAGAAGACGC_005,198
GTGTATGGCTGAGAAGACGC_006,52
GTGTATGGCTGAGAAGACGC_007,100
GTGTATGGCTGAGAAGACGC_008,114
GTGTATGGCTGAGAAGACGC_009,114
GTGTATGGCTGAGAAGACGC_010,94
GTGTATGGCTGAGAAGACGC_011,160
GTGTATGGCTGAGAAGACGC_012,113
GTGTATGGCTGAGAAGACGC_013,11
CCTGCCATCACTCACTACGA_001,45
CCTGCCATCACTCACTACGA_002,83
CCTGCCATCACTCACTACGA_003,27
GTAGTGCAGCTCGAACACCA_001,48
GTAGTGCAGCTCGAACACCA_002,152
GTAGTGCAGCTCGAACACCA_003,144
GTAGTGCAGCTCGAACACCA_004,111
GGCCTCAAAATAGCGGCTAG_001,108
GGCCTCAAAATAGCGGCTAG_002,162
GGCCTCAAAATAGCGGCTAG_003,89
GGCCTCAAAATAGCGGCTAG_004,98
GGCCTCAAAATAGCGGCTAG_005,49
GGCCTCAAAATAGCGGCTAG_006,50
GGCCTCAAAATAGCGGCTAG_007,93
GGCCTCAAAATAGCGGCTAG_008,135
GGCCTCAAAATAGCGGCTAG_009,189
GGCCTCAAAATAGCGGCTAG_010,54
GGCCTCAAAATAGCGGCTAG_011,168
GGCCTCAAAATAGCGGCTAG_012,50
GAATCCTGCGATGCTGTGCA_001,115
GAATCCTGCGATGCTGTGCA_002,115
GAATCCTGCGATGCTGTGCA_003,126
GAATCCTGCGATGCTGTGCA_004,185
CAGCGGCACAGGTCGAACAC_001,187
CAGCGGCACAGGTCGAACAC_002,112
CAGCGGCACAGGTCGAACAC_003,96
CAGCGGCACAGGTCGAACAC_004,140
CAGCGGCACAGGTCGAACAC_005,80
CAGCGGCACAGGTCGAACAC_006,47
CAGCGGCACAGGTCGAACAC_007,83
CAGCGGCACAGGTCGAACAC_008,129
CAGCGGCACAGGTCGAACAC_009,71
CAGCGGCACAGGTCGAACAC_010,169
CAGCGGCACAGGTCGAACAC_011,83
CAGCGGCACAGGTCGAACAC_012,185
CAGCGGCACAGGTCGAACAC_013,185
CAGCGGCACAGGTCGAACAC_014,60
CAGCGGCACAGGTCGAACAC_015,11
CAGCGGCACAGGTCGAACAC_016,64
CAGCGGCACAGGTCGAACAC_017,190
CAGCGGCACAGGTCGAACAC_018,132
CAGCGGCACAGGTCGAACAC_019,82
CAGCGGCACAGGTCGAACAC_020,73
CAGCGGCACAGGTCGAACAC_021,121
CAGCGGCACAGGTCGAACAC_022,12
CAGCGGCACAGGTCGAACAC_023,94
CAGCGGCACAGGTCGAACAC_024,94
CAGCGGCACAGGTCGAACAC_025,160
CAGCGGCACAGGTCGAACAC_026,15
CAGCGGCACAGGTCGAACAC_027,130
CAGCGGCACAGGTCGAACAC_028,188
CAGCGGCACAGGTCGAACAC_029,18
CAGCGGCACAGGTCGAACAC_030,34
CAGCGGCACAGGTCGAACAC_031,103
CAGCGGCACAGGTCGAACAC_032,61
CAGCGGCACAGGTCGAACAC_033,86
CAGCGGCACAGGTCGAACAC_034,158
CAGCGGCACAGGTCGAACAC_035,88
CAGCGGCACAGGTCGAACAC_036,40
CAGCGGCACAGGTCGAACAC_037,63
TGGAGAAATAGACCTGTGTG_001,138
TGGAGAAATAGACCTGTGTG_002,56
TGGAGAAATAGACCTGTGTG_003,33
TGGAGAAATAGACCTGTGTG_004,139
TGGAGAAATAGACCTGTGTG_005,194
TGGAGAAATAGACCTGTGTG_006,127
TGGAGAAATAGACCTGTGTG_007,2
TGGAGAAATAGACCTGTGTG_008,80
TGGAGAAATAGACCTGTGTG_009,58
TGGAGAAATAGACCTGTGTG_010,166
TGGAGAAATAGACCTGTGTG_011,96
TGGAGAAATAGACCTGTGTG_012,102
TGGAGAAATAGACCTGTGTG_013,77
TGGAGAAATAGACCTGTGTG_014,23
AGTGACTGCAGGATTGACGT_001,129
AGTGACTGCAGGATTGACGT_002,69
AGTGACTGCAGGATTGACGT_003,163
AGTGACTGCAGGATTGACGT_004,184
AGTGACTGCAGGATTGACGT_005,76
AGTGACTGCAGGATTGACGT_006,53
AGTGACTGCAGGATTGACGT_007,38
AGTGACTGCAGGATTGACGT_008,106
AGTGACTGCAGGATTGACGT_009,19
AGTGACTGCAGGATTGACGT_010,81
AGTGACTGCAGGATTGACGT_011,185
AGTGACTGCAGGATTGACGT_012,115
AGTGACTGCAGGATTGACGT_013,169
AGTGACTGCAGGATTGACGT_014,39
AGTGACTGCAGGATTGACGT_015,20
AGTGACTGCAGGATTGACGT_016,127
AATGCCCGTTGTAAGAAAGA_001,150
AATGCCCGTTGTAAGAAAGA_002,21
AATGCCCGTTGTAAGAAAGA_003,48
AATGCCCGTTGTAAGAAAGA_004,66
AATGCCCGTTGTAAGAAAGA_005,178
AATGCCCGTTGTAAGAAAGA_006,192
AATGCCCGTTGTAAGAAAGA_007,182
AATGCCCGTTGTAAGAAAGA_008,121
AATGCCCGTTGTAAGAAAGA_009,170
TGGCGTAATTCATCAAGTAG_001,107
TGGCGTAATTCATCAAGTAG_002,129
GACCCCTCAGACACACAGGA_001,102
GACCCCTCAGACACACAGGA_002,61
GACCCCTCAGACACACAGGA_003,61
GACCCCTCAGACACACAGGA_004,146
GACCCCTCAGACACACAGGA_005,199
GACCCCTCAGACACACAGGA_006,153
GACCCCTCAGACACACAGGA_007,173
GACCCCTCAGACACACAGGA_008,34
GACCCCTCAGACACACAGGA_009,62
GACCCCTCAGACACACAGGA_010,164
GACCCCTCAGACACACAGGA_011,164
GACCCCTCAGACACACAGGA_012,19
GACCCCTCAGACACACAGGA_013,105
GACCCCTCAGACACACAGGA_014,174
GACCCCTCAGACACACAGGA_015,115
GACCCCTCAGACACACAGGA_016,106
GACCCCTCAGACACACAGGA_017,148
GACCCCTCAGACACACAGGA_018,40
GACCCCTCAGACACACAGGA_019,4
CAAACAAGATGTGTACCTCG_001,38
CAAACAAGATGTGTACCTCG_002,19
CAAACAAGATGTGTACCTCG_003,38
CAAACAAGATGTGTACCTCG_004,2
CAAACAAGATGTGTACCTCG_005,9
CAAACAAGATGTGTACCTCG_006,80
GAGACTTCACTCCCTACACC_001,129
GAGACTTCACTCCCTACACC_002,159
GAGACTTCACTCCCTACACC_003,27
GAGACTTCACTCCCTACACC_004,170
GAGACTTCACTCCCTACACC_005,107
GAGACTTCACTCCCTACACC_006,84
GAGACTTCACTCCCTACACC_007,152
GAGACTTCACTCCCTACACC_008,81
GAGACTTCACTCCCTACACC_009,66
GTGTCGTCAAAGTATAATCG_001,2
GTGTCGTCAAAGTATAATCG_002,16
GTGTCGTCAAAGTATAATCG_003,22
GTGTCGTCAAAGTATAATCG_004,34
GTGTCGTCAAAGTATAATCG_005,86
GTGTCGTCAAAGTATAATCG_006,96
GTGTCGTCAAAGTATAATCG_007,127
GTGTCGTCAAAGTATAATCG_008,62
GTGTCGTCAAAGTATAATCG_009,77
GTGTCGTCAAAGTATAATCG_010,40
AGAGGAGGGTGTCGCTAATG_001,19
AGAGGAGGGTGTCGCTAATG_002,199
AGAGGAGGGTGTCGCTAATG_003,16
AGAGGAGGGTGTCGCTAATG_004,192
AGAGGAGGGTGTCGCTAATG_005,187
AGAGGAGGGTGTCGCTAATG_006,15
AGAGGAGGGTGTCGCTAATG_007,116
AGAGGAGGGTGTCGCTAATG_008,137
AGAGGAGGGTGTCGCTAATG_009,160
AGAGGAGGGTGTCGCTAATG_010,160
GGGTTGACTCTGAGGCATGG_001,50
GACTGGAGAGCCAACCTCAA_001,139
GACTGGAGAGCCAACCTCAA_002,165
GACTGGAGAGCCAACCTCAA_003,172
GACTGGAGAGCCAACCTCAA_004,102
GACTGGAGAGCCAACCTCAA_005,8
GACTGGAGAGCCAACCTCAA_006,197
GACTGGAGAGCCAACCTCAA_007,193
GACTGGAGAGCCAACCTCAA_008,169
GACTGGAGAGCCAACCTCAA_009,17
GACTGGAGAGCCAACCTCAA_010,81
GACTGGAGAGCCAACCTCAA_011,165
GACTGGAGAGCCAACCTCAA_012,62
GACTGGAGAGCCAACCTCAA_013,117
GACTGGAGAGCCAACCTCAA_014,151
GACTGGAGAGCCAACCTCAA_015,111
GACTGGAGAGCCAACCTCAA_016,139
GACTGGAGAGCCAACCTCAA_017,34
GACTGGAGAGCCAACCTCAA_018,44
GACTGGAGAGCCAACCTCAA_019,62
GACTGGAGAGCCAACCTCAA_020,132
GACTGGAGAGCCAACCTCAA_021,160
GACTGGAGAGCCAACCTCAA_022,159
GACTGGAGAGCCAACCTCAA_023,97
GACTGGAGAGCCAACCTCAA_024,172
GACTGGAGAGCCAACCTCAA_025,28
GACTGGAGAGCCAACCTCAA_026,106
GACTGGAGAGCCAACCTCAA_027,197
GACTGGAGAGCCAACCTCAA_028,14
GACTGGAGAGCCAACCTCAA_029,112
GCTGCACTACAGCATCGACG_001,26
GCTGCACTACAGCATCGACG_002,140
GCTGCACTACAGCATCGACG_003,190
GCTGCACTACAGCATCGACG_004,145
GCTGCACTACAGCATCGACG_005,56
GCTGCACTACAGCATCGACG_006,199
GGTGTTAAACATGCCCATTG_001,29
GGTGTTAAACATGCCCATTG_002,188
GGTGTTAAACATGCCCATTG_003,138
GGTGTTAAACATGCCCATTG_004,34
GGTGTTAAACATGCCCATTG_005,74
CTGACACGGAGATGGAGCGT_001,98
CTGACACGGAGATGGAGCGT_002,169
CTGACACGGAGATGGAGCGT_003,119
CTGACACGGAGATGGAGCGT_004,22
CTGACACGGAGATGGAGCGT_005,50
CTGACACGGAGATGGAGCGT_006,174
CTGACACGGAGATGGAGCGT_007,9
GGGTCTTCTTATACGCCACT_001,114
GGGTCTTCTTATACGCCACT_002,17
GGGTCTTCTTATACGCCACT_003,141
GGGTCTTCTTATACGCCACT_004,17
GGGTCTTCTTATACGCCACT_005,33
TGTGTTCCTCACAATGTTTG_001,29
TGTGTTCCTCACAATGTTTG_002,77
TGTGTTCCTCACAATGTTTG_003,193
TGTGTTCCTCACAATGTTTG_004,81
TGTGTTCCTCACAATGTTTG_005,192
TGTGTTCCTCACAATGTTTG_006,134
TGTGTTCCTCACAATGTTTG_007,30
TGTGTTCCTCACAATGTTTG_008,75
TGTGTTCCTCACAATGTTTG_009,140
TGGAATTTAAGGGAAACTAC_001,109
TGGAATTTAAGGGAAACTAC_002,109
TGATGAGTTCTGGTGATCCA_001,45
TGATGAGTTCTGGTGATCCA_002,198
TGATGAGTTCTGGTGATCCA_003,154
TGATGAGTTCTGGTGATCCA_004,115
TGATGAGTTCTGGTGATCCA_005,162
TGATGAGTTCTGGTGATCCA_006,40
TGATGAGTTCTGGTGATCCA_007,76
GAGGGCAGCAACGATATCAT_001,198
ACTGGCCAAAAACTACATCT_001,132
ACTGGCCAAAAACTACATCT_002,68
ACTGGCCAAAAACTACATCT_003,69
ACTGGCCAAAAACTACATCT_004,12
ACTGGCCAAAAACTACATCT_005,40
ACTGGCCAAAAACTACATCT_006,7
ACTGGCCAAAAACTACATCT_007,94
ACTGGCCAAAAACTACATCT_008,145
ACTGGCCAAAAACTACATCT_009,17
ACTGGCCAAAAACTACATCT_010,4
ACTGGCCAAAAACTACATCT_011,76
ACTGGCCAAAAACTACATCT_012,87
ACTGGCCAAAAACTACATCT_013,87
ACTGGCCAAAAACTACATCT_014,140
ACTGGCCAAAAACTACATCT_015,187
ACTGGCCAAAAACTACATCT_016,163
ACTGGCCAAAAACTACATCT_017,197
ACTGGCCAAAAACTACATCT_018,184
ACTGGCCAAAAACTACATCT_019,61
ACTGGCCAAAAACTACATCT_020,152
ACTGGCCAAAAACTACATCT_021,2
ACTGGCCAAAAACTACATCT_022,66
ACTGGCCAAAAACTACATCT_023,117
GGTTGACGAGGCTGTAGACG_001,156
GGTTGACGAGGCTGTAGACG_002,156
GGTTGACGAGGCTGTAGACG_003,143
GGTTGACGAGGCTGTAGACG_004,127
GGTTGACGAGGCTGTAGACG_005,2
GGTTGACGAGGCTGTAGACG_006,129
GGTTGACGAGGCTGTAGACG_007,70
GGTTGACGAGGCTGTAGACG_008,152
GGTTGACGAGGCTGTAGACG_009,27
CGTCTTTCCAAAATAGCGAG_001,78
CGTCTTTCCAAAATAGCGAG_002,9
CGTCTTTCCAAAATAGCGAG_003,166
CGTCTTTCCAAAATAGCGAG_004,94
CGTCTTTCCAAAATAGCGAG_005,3
CGTCTTTCCAAAATAGCGAG_006,69
CGTCTTTCCAAAATAGCGAG_007,50
CGTCTTTCCAAAATAGCGAG_008,169
AGTGTTACCATTTGGTAGCA_001,141
AGTGTTACCATTTGGTAGCA_002,20
AGTGTTACCATTTGGTAGCA_003,121
AGTTGTTACTCAGATAAAAG_001,5
AGTTGTTACTCAGATAAAAG_002,172
AGTTGTTACTCAGATAAAAG_003,158
AGTTGTTACTCAGATAAAAG_004,88
AGTTGTTACTCAGATAAAAG_005,3
AGTTGTTACTCAGATAAAAG_006,16
AGTTGTTACTCAGATAAAAG_007,35
AGTTGTTACTCAGATAAAAG_008,85
AGTTGTTACTCAGATAAAAG_009,6
AGTTGTTACTCAGATAAAAG_010,6
AGTTGTTACTCAGATAAAAG_011,58
TACTGGCTCCACTTCTCGAG_001,68
TACTGGCTCCACTTCTCGAG_002,161
TACTGGCTCCACTTCTCGAG_003,141
TACTGGCTCCACTTCTCGAG_004,174
TACTGGCTCCACTTCTCGAG_005,84
TACTGGCTCCACTTCTCGAG_006,69
TACTGGCTCCACTTCTCGAG_007,127
AAATGCCAAGCACTTAGCTG_001,52
AAATGCCAAGCACTTAGCTG_002,81
AAATGCCAAGCACTTAGCTG_003,139
AAATGCCAAGCACTTAGCTG_004,117
AAATGCCAAGCACTTAGCTG_005,148
AAATGCCAAGCACTTAGCTG_006,188
AAATGCCAAGCACTTAGCTG_007,160
AAATGCCAAGCACTTAGCTG_008,177
AAATGCCAAGCACTTAGCTG_009,40
AAATGCCAAGCACTTAGCTG_010,120
AAATGCCAAGCACTTAGCTG_011,76
AAATGCCAAGCACTTAGCTG_012,173
AAATGCCAAGCACTTAGCTG_013,172
AAATGCCAAGCACTTAGCTG_014,16
CAGGCTGCGAGTACACGTTG_001,177
CAGGCTGCGAGTACACGTTG_002,73
CAGGCTGCGAGTACACGTTG_003,170
CAGGCTGCGAGTACACGTTG_004,195
CAGGCTGCGAGTACACGTTG_005,177
CAGGCTGCGAGTACACGTTG_006,191
CAGGCTGCGAGTACACGTTG_007,57
CATAGGCCATGATCGCCAAG_001,102
CATAGGCCATGATCGCCAAG_002,1
CATAGGCCATGATCGCCAAG_003,41
CATAGGCCATGATCGCCAAG_004,108
TGCGGAGCAGGCGATGCACT_001,158
TGCGGAGCAGGCGATGCACT_002,170
TGCGGAGCAGGCGATGCACT_003,1
TGCGGAGCAGGCGATGCACT_004,29
TCGGAGTCGCTGCAAAGTCG_001,29
TCGGAGTCGCTGCAAAGTCG_002,42
TCGGAGTCGCTGCAAAGTCG_003,170
TCGGAGTCGCTGCAAAGTCG_004,50
TCGGAGTCGCTGCAAAGTCG_005,8
TCGGAGTCGCTGCAAAGTCG_006,103
TCGGAGTCGCTGCAAAGTCG_007,1
TCGGAGTCGCTGCAAAGTCG_008,61
TCGGAGTCGCTGCAAAGTCG_009,192
TCGGAGTCGCTGCAAAGTCG_010,146
TCGGAGTCGCTGCAAAGTCG_011,16
TCGGAGTCGCTGCAAAGTCG_012,126
TCGGAGTCGCTGCAAAGTCG_013,67
TCGGAGTCGCTGCAAAGTCG_014,183
TCGGAGTCGCTGCAAAGTCG_015,140
TCGGAGTCGCTGCAAAGTCG_016,29
TCGGAGTCGCTGCAAAGTCG_017,171
TCGGAGTCGCTGCAAAGTCG_018,181
TCGGAGTCGCTGCAAAGTCG_019,192
TCGGAGTCGCTGCAAAGTCG_020,190
TCGGAGTCGCTGCAAAGTCG_021,191
TCGGAGTCGCTGCAAAGTCG_022,175
TCGGAGTCGCTGCAAAGTCG_023,46
TCGGAGTCGCTGCAAAGTCG_024,142
AAGGCCCGCATGGAACGTGA_001,177
AAGGCCCGCATGGAACGTGA_002,92
AAGGCCCGCATGGAACGTGA_003,61
AAGGCCCGCATGGAACGTGA_004,145
AAGGCCCGCATGGAACGTGA_005,6
AAGGCCCGCATGGAACGTGA_006,188
AAGGCCCGCATGGAACGTGA_007,56
AAGGCCCGCATGGAACGTGA_008,175
AAGGCCCGCATGGAACGTGA_009,43
AAGGCCCGCATGGAACGTGA_010,122
CGAAGCTGTTGTACATGAAG_001,125
CGAAGCTGTTGTACATGAAG_002,106
CGAAGCTGTTGTACATGAAG_003,70
CGAAGCTGTTGTACATGAAG_004,9
CGAAGCTGTTGTACATGAAG_005,169
CGAAGCTGTTGTACATGAAG_006,137
CGAAGCTGTTGTACATGAAG_007,78
CGAAGCTGTTGTACATGAAG_008,139
CGAAGCTGTTGTACATGAAG_009,130
CGAAGCTGTTGTACATGAAG_010,198
CGAAGCTGTTGTACATGAAG_011,162
CGAAGCTGTTGTACATGAAG_012,14
GGACGGCGCGAGGCCAACCT_001,181
GGACGGCGCGAGGCCAACCT_002,77
GGACGGCGCGAGGCCAACCT_003,83
GGACGGCGCGAGGCCAACCT_004,50
GGACGGCGCGAGGCCAACCT_005,116
GGACGGCGCGAGGCCAACCT_006,9
GGACGGCGCGAGGCCAACCT_007,54
GGACGGCGCGAGGCCAACCT_008,6
GGACGGCGCGAGGCCAACCT_009,69
AAGTAGGTTACCGCTGACAA_001,169
AAGTAGGTTACCGCTGACAA_002,168
AAGTAGGTTACCGCTGACAA_003,196
AAGTAGGTTACCGCTGACAA_004,122
AAGTAGGTTACCGCTGACAA_005,105
AAGTAGGTTACCGCTGACAA_006,6
AAGTAGGTTACCGCTGACAA_007,72
AAGTAGGTTACCGCTGACAA_008,72
AAGTAGGTTACCGCTGACAA_009,50
AAGTAGGTTACCGCTGACAA_010,9
AAGTAGGTTACCGCTGACAA_011,3
AAGTAGGTTACCGCTGACAA_012,105
AAGTAGGTTACCGCTGACAA_013,172
AAGTAGGTTACCGCTGACAA_014,140
AAGTAGGTTACCGCTGACAA_015,150
AAGTAGGTTACCGCTGACAA_016,150
AAGTAGGTTACCGCTGACAA_017,179
AAGTAGGTTACCGCTGACAA_018,68
ACTAAATGAAGTCTTCATTG_001,81
ACTAAATGAAGTCTTCATTG_002,198
AGGCGCACCACGTTCCACGA_001,62
AGGCGCACCACGTTCCACGA_002,181
AGGCGCACCACGTTCCACGA_003,147
AGGCGCACCACGTTCCACGA_004,160
AGGCGCACCACGTTCCACGA_005,185
AGGCGCACCACGTTCCACGA_006,172
AGGCGCACCACGTTCCACGA_007,91
AGGCGCACCACGTTCCACGA_008,69
ATGGGTTACCTTCATTGCTG_001,35
ATGGGTTACCTTCATTGCTG_002,45
ATGGGTTACCTTCATTGCTG_003,169
ATGGGTTACCTTCATTGCTG_004,91
ATGGGTTACCTTCATTGCTG_005,150
ATGGGTTACCTTCATTGCTG_006,19
ATGGGTTACCTTCATTGCTG_007,166
ATGGGTTACCTTCATTGCTG_008,170
ATGGGTTACCTTCATTGCTG_009,20
ATGGGTTACCTTCATTGCTG_010,20
ATGGGTTACCTTCATTGCTG_011,74
ATGGGTTACCTTCATTGCTG_012,50
ATGGGTTACCTTCATTGCTG_013,1
ATGGGTTACCTTCATTGCTG_014,125
ATGGGTTACCTTCATTGCTG_015,17
ATGGGTTACCTTCATTGCTG_016,105
ATGGGTTACCTTCATTGCTG_017,49
ATGGGTTACCTTCATTGCTG_018,13
ATGGGTTACCTTCATTGCTG_019,116
ATGGGTTACCTTCATTGCTG_020,0
GAGCAGTTTGAATGTCCACG_001,49
GAGCAGTTTGAATGTCCACG_002,138
GAGCAGTTTGAATGTCCACG_003,170
GAGCAGTTTGAATGTCCACG_004,129
GAGCAGTTTGAATGTCCACG_005,38
GAGCCTGTGCGAAATCAACG_001,177
GAGCCTGTGCGAAATCAACG_002,48
GAGCCTGTGCGAAATCAACG_003,146
GAGCCTGTGCGAAATCAACG_004,146
GAGCCTGTGCGAAATCAACG_005,134
GAGCCTGTGCGAAATCAACG_006,151
GAGCCTGTGCGAAATCAACG_007,133
GAGCCTGTGCGAAATCAACG_008,76
GAGCCTGTGCGAAATCAACG_009,168
GAGCCTGTGCGAAATCAACG_010,95
GAGCCTGTGCGAAATCAACG_011,23
GAGCCTGTGCGAAATCAACG_012,170
GAGCCTGTGCGAAATCAACG_013,58
GAGCCTGTGCGAAATCAACG_014,28
GAGCCTGTGCGAAATCAACG_015,191
GAGCCTGTGCGAAATCAACG_016,165
GATGCGCTGGTGCTCTATCA_001,193
GATGCGCTGGTGCTCTATCA_002,23
GATGCGCTGGTGCTCTATCA_003,159
GATGCGCTGGTGCTCTATCA_004,121
GATGCGCTGGTGCTCTATCA_005,63
GATGCGCTGGTGCTCTATCA_006,106
GTAATTGATCTTGTACATGG_001,76
ATAAACTTGACTGAGTTGTG_001,134
ATAAACTTGACTGAGTTGTG_002,12
ATAAACTTGACTGAGTTGTG_003,85
ATAAACTTGACTGAGTTGTG_004,127
TGTGGAAGGACCTTCAATCG_001,111
TGTGGAAGGACCTTCAATCG_002,161
TGTGGAAGGACCTTCAATCG_003,104
TGTGGAAGGACCTTCAATCG_004,74
TGTGGAAGGACCTTCAATCG_005,31
TGTGGAAGGACCTTCAATCG_006,101
TGTGGAAGGACCTTCAATCG_007,45
TGTGGAAGGACCTTCAATCG_008,166
TGTGGAAGGACCTTCAATCG_009,74
TGTGGAAGGACCTTCAATCG_010,62
TGTGGAAGGACCTTCAATCG_011,15
TGTGGAAGGACCTTCAATCG_012,66
GGTGAGCGAATGAGTAGACT_001,76
GGTGAGCGAATGAGTAGACT_002,76
GGTGAGCGAATGAGTAGACT_003,162
GGTGAGCGAATGAGTAGACT_004,147
GGTGAGCGAATGAGTAGACT_005,70
TGATCCCAGATATTGCCTGT_001,80
TGATCCCAGATATTGCCTGT_002,62
TGATCCCAGATATTGCCTGT_003,156
TGATCCCAGATATTGCCTGT_004,93
TGATCCCAGATATTGCCTGT_005,117
TGATCCCAGATATTGCCTGT_006,33
TGATCCCAGATATTGCCTGT_007,146
TGATCCCAGATATTGCCTGT_008,40
TGATCCCAGATATTGCCTGT_009,62
TGATCCCAGATATTGCCTGT_010,94
TGATCCCAGATATTGCCTGT_011,29
GCTACCTGGCACATACGCAG_001,151
GCTACCTGGCACATACGCAG_002,33
GCTACCTGGCACATACGCAG_003,176
GCTACCTGGCACATACGCAG_004,163
GCTACCTGGCACATACGCAG_005,146
AGGACCATCCCTTTGAGTAT_001,198
AGGACCATCCCTTTGAGTAT_002,142
AGGACCATCCCTTTGAGTAT_003,32
AGGACCATCCCTTTGAGTAT_004,163
AGGACCATCCCTTTGAGTAT_005,61
AGGACCATCCCTTTGAGTAT_006,144
AGGACCATCCCTTTGAGTAT_007,189
AGGACCATCCCTTTGAGTAT_008,199
AGGACCATCCCTTTGAGTAT_009,66
AGGACCATCCCTTTGAGTAT_010,147
TCTGCAGGGCTTAACTACCA_001,41
TCTGCAGGGCTTAACTACCA_002,60
TCTGCAGGGCTTAACTACCA_003,14
TCTGCAGGGCTTAACTACCA_004,2
ACGCAGAGAAAGCGCTCTCG_001,114
ACGCAGAGAAAGCGCTCTCG_002,72
ACGCAGAGAAAGCGCTCTCG_003,113
ACGCAGAGAAAGCGCTCTCG_004,68
ACGCAGAGAAAGCGCTCTCG_005,29
ACGCAGAGAAAGCGCTCTCG_006,148
ACGCAGAGAAAGCGCTCTCG_007,93
ACGCAGAGAAAGCGCTCTCG_008,103
ACGCAGAGAAAGCGCTCTCG_009,75
ACGCAGAGAAAGCGCTCTCG_010,197
ACGCAGAGAAAGCGCTCTCG_011,74
ACGCAGAGAAAGCGCTCTCG_012,51
ACGCAGAGAAAGCGCTCTCG_013,102
ACGCAGAGAAAGCGCTCTCG_014,69
ACGCAGAGAAAGCGCTCTCG_015,10
ACGCAGAGAAAGCGCTCTCG_016,22
ACGCAGAGAAAGCGCTCTCG_017,43
ACGCAGAGAAAGCGCTCTCG_018,105
ACGCAGAGAAAGCGCTCTCG_019,129
ACGCAGAGAAAGCGCTCTCG_020,2
ACGCAGAGAAAGCGCTCTCG_021,93
ACGCAGAGAAAGCGCTCTCG_022,46
ACGCAGAGAAAGCGCTCTCG_023,46
ACGCAGAGAAAGCGCTCTCG_024,120
ACGCAGAGAAAGCGCTCTCG_025,0
ACGCAGAGAAAGCGCTCTCG_026,80
ATTGTGCGCTGTGACGAGCG_001,48
ATTGTGCGCTGTGACGAGCG_002,97
ATTGTGCGCTGTGACGAGCG_003,72
ATTGTGCGCTGTGACGAGCG_004,181
ATTGTGCGCTGTGACGAGCG_005,116
ATTGTGCGCTGTGACGAGCG_006,188
ATTGTGCGCTGTGACGAGCG_007,113
ATTGTGCGCTGTGACGAGCG_008,140
ATTGTGCGCTGTGACGAGCG_009,184
ATTGTGCGCTGTGACGAGCG_010,121
ACCATCATAACGGGCCTATG_001,105
ACCATCATAACGGGCCTATG_002,160
ACCATCATAACGGGCCTATG_003,56
ACCATCATAACGGGCCTATG_004,138
ACCATCATAACGGGCCTATG_005,2
ACCATCATAACGGGCCTATG_006,118
AGACATTGACCTCACCAAGA_001,41
AGACATTGACCTCACCAAGA_002,178
AGACATTGACCTCACCAAGA_003,19
CAAACCAACTCGTACTGTCG_001,184
CAAACCAACTCGTACTGTCG_002,175
CAAACCAACTCGTACTGTCG_003,82
CAAACCAACTCGTACTGTCG_004,181
CCTGCCGCAGAACCAAGTAA_001,11
CCTGCCGCAGAACCAAGTAA_002,75
CCTGCCGCAGAACCAAGTAA_003,172
CCTGCCGCAGAACCAAGTAA_004,150
CCTGCCGCAGAACCAAGTAA_005,167
CCTGCCGCAGAACCAAGTAA_006,104
CCTGCCGCAGAACCAAGTAA_007,4
CCTGCCGCAGAACCAAGTAA_008,130
GTCTAGATCTGACATGAGCG_001,76
GTCTAGATCTGACATGAGCG_002,5
GTCTAGATCTGACATGAGCG_003,63
GTCTAGATCTGACATGAGCG_004,70
CGGGTTATGTGATGCCATCT_001,112
CGGGTTATGTGATGCCATCT_002,169
CGGGTTATGTGATGCCATCT_003,2
CGGGTTATGTGATGCCATCT_004,127
CGGGTTATGTGATGCCATCT_005,108
CGGGTTATGTGATGCCATCT_006,4
AGTTCAGCCAGAACATCGGG_001,177
AGTTCAGCCAGAACATCGGG_002,187
AGTTCAGCCAGAACATCGGG_003,107
AGTTCAGCCAGAACATCGGG_004,70
AGTTCAGCCAGAACATCGGG_005,162
AGTTCAGCCAGAACATCGGG_006,183
GCTCGGTGACGACATAGGCA_001,162
GCTCGGTGACGACATAGGCA_002,88
GCTCGGTGACGACATAGGCA_003,147
TATCGGAATTAAGGTTGTCA_001,151
TATCGGAATTAAGGTTGTCA_002,130
TATCGGAATTAAGGTTGTCA_003,78
AAGATACGGGACACGTGGCG_001,147
AAGATACGGGACACGTGGCG_002,174
AAGATACGGGACACGTGGCG_003,113
AAGATACGGGACACGTGGCG_004,67
AAGATACGGGACACGTGGCG_005,150
AAGATACGGGACACGTGGCG_006,27
AAGATACGGGACACGTGGCG_007,199
AAGATACGGGACACGTGGCG_008,121
AAGATACGGGACACGTGGCG_009,62
AAGATACGGGACACGTGGCG_010,0
AAGATACGGGACACGTGGCG_011,80
GCGATGAGGCTTCACCCCGC_001,69
GCGATGAGGCTTCACCCCGC_002,42
GCGATGAGGCTTCACCCCGC_003,43
GCGATGAGGCTTCACCCCGC_004,53
GCGATGAGGCTTCACCCCGC_005,42
GCGATGAGGCTTCACCCCGC_006,127
GCGATGAGGCTTCACCCCGC_007,93
GCGATGAGGCTTCACCCCGC_008,81
GCGATGAGGCTTCACCCCGC_009,148
GCGATGAGGCTTCACCCCGC_010,177
GCGATGAGGCTTCACCCCGC_011,86
GCGATGAGGCTTCACCCCGC_012,37
GCGATGAGGCTTCACCCCGC_013,128
GCGATGAGGCTTCACCCCGC_014,176
GCGATGAGGCTTCACCCCGC_015,167
GCGATGAGGCTTCACCCCGC_016,150
GAATGTGAGTCGTGACCTTG_001,163
GAATGTGAGTCGTGACCTTG_002,154
GAATGTGAGTCGTGACCTTG_003,152
GAATGTGAGTCGTGACCTTG_004,18
GAATGTGAGTCGTGACCTTG_005,153
GAATGTGAGTCGTGACCTTG_006,96
GAATGTGAGTCGTGACCTTG_007,124
GAATGTGAGTCGTGACCTTG_008,18
GAATGTGAGTCGTGACCTTG_009,198
GAATGTGAGTCGTGACCTTG_010,5
GAATGTGAGTCGTGACCTTG_011,34
GAATGTGAGTCGTGACCTTG_012,93
GAATGTGAGTCGTGACCTTG_013,12
GAATGTGAGTCGTGACCTTG_014,115
GAATGTGAGTCGTGACCTTG_015,48
GAATGTGAGTCGTGACCTTG_016,42
GAATGTGAGTCGTGACCTTG_017,42
GAATGTGAGTCGTGACCTTG_018,160
GAATGTGAGTCGTGACCTTG_019,118
GAATGTGAGTCGTGACCTTG_020,57
GAATGTGAGTCGTGACCTTG_021,85
GAATGTGAGTCGTGACCTTG_022,49
GAATGTGAGTCGTGACCTTG_023,178
GAATGTGAGTCGTGACCTTG_024,166
GAATGTGAGTCGTGACCTTG_025,199
GAATGTGAGTCGTGACCTTG_026,35
GAATGTGAGTCGTGACCTTG_027,130
GAATGTGAGTCGTGACCTTG_028,149
GAATGTGAGTCGTGACCTTG_029,175
GAATGTGAGTCGTGACCTTG_030,36
GAATGTGAGTCGTGACCTTG_031,106
GAATGTGAGTCGTGACCTTG_032,3
GAATGTGAGTCGTGACCTTG_033,126
GAATGTGAGTCGTGACCTTG_034,194
TATTGGCGAGTAAAGCACAA_001,44
TATTGGCGAGTAAAGCACAA_002,112
AGGCGGACTGGTCATACCCG_001,140
AGGCGGACTGGTCATACCCG_002,159
AGGCGGACTGGTCATACCCG_003,150
AGGCGGACTGGTCATACCCG_004,94
AGGCGGACTGGTCATACCCG_005,149
AGGCGGACTGGTCATACCCG_006,46
AGGCGGACTGGTCATACCCG_007,142
GAGACCTACTTACATCACAT_001,17
GAGACCTACTTACATCACAT_002,171
GAGACCTACTTACATCACAT_003,187
GAGACCTACTTACATCACAT_004,103
AGGACTATGTGCTTAGACTG_001,147
AGGACTATGTGCTTAGACTG_002,181
AGGACTATGTGCTTAGACTG_003,52
AGGACTATGTGCTTAGACTG_004,116
AGGACTATGTGCTTAGACTG_005,144
AGGACTATGTGCTTAGACTG_006,140
AGGACTATGTGCTTAGACTG_007,140
AGGACTATGTGCTTAGACTG_008,191
AGGACTATGTGCTTAGACTG_009,140
AGGACTATGTGCTTAGACTG_010,119
AGGACTATGTGCTTAGACTG_011,183
AGGACTATGTGCTTAGACTG_012,87
AGGACTATGTGCTTAGACTG_013,170
AGGACTATGTGCTTAGACTG_014,12
AGGACTATGTGCTTAGACTG_015,131
AGGACTATGTGCTTAGACTG_016,2
AGGACTATGTGCTTAGACTG_017,43
AGGACTATGTGCTTAGACTG_018,102
AGGACTATGTGCTTAGACTG_019,49
AGGACTATGTGCTTAGACTG_020,138
AGGACTATGTGCTTAGACTG_021,149
CTGCGCGCTTAGAAGCCCGG_001,154
CTGCGCGCTTAGAAGCCCGG_002,151
CTGCGCGCTTAGAAGCCCGG_003,5
CTGCGCGCTTAGAAGCCCGG_004,157
CTGCGCGCTTAGAAGCCCGG_005,46
CTGCGCGCTTAGAAGCCCGG_006,105
CTGCGCGCTTAGAAGCCCGG_007,147
CAGAAACGAAACTTGTCTGG_001,43
CAGAAACGAAACTTGTCTGG_002,199
CAGAAACGAAACTTGTCTGG_003,72
CAGAAACGAAACTTGTCTGG_004,72
CAGAAACGAAACTTGTCTGG_005,88
CAGAAACGAAACTTGTCTGG_006,19
TCTTGACAGCACGACAGTCG_001,15
TCTTGACAGCACGACAGTCG_002,62
TCTTGACAGCACGACAGTCG_003,29
TCTTGACAGCACGACAGTCG_004,60
TCTTGACAGCACGACAGTCG_005,187
TCTTGACAGCACGACAGTCG_006,127
TCTTGACAGCACGACAGTCG_007,70
TCTTGACAGCACGACAGTCG_008,120
TCTTGACAGCACGACAGTCG_009,25
TCTTGACAGCACGACAGTCG_010,81
TCTTGACAGCACGACAGTCG_011,127
CACTGACTCCACTAACGCAG_001,137
CACTGACTCCACTAACGCAG_002,26
CACTGACTCCACTAACGCAG_003,171
CACTGACTCCACTAACGCAG_004,47
CACTGACTCCACTAACGCAG_005,163
CACTGACTCCACTAACGCAG_006,88
CACTGACTCCACTAACGCAG_007,160
CACTGACTCCACTAACGCAG_008,80
CACTGACTCCACTAACGCAG_009,105
CACTGACTCCACTAACGCAG_010,150
CACTGACTCCACTAACGCAG_011,39
CACTGACTCCACTAACGCAG_012,114
CACTGACTCCACTAACGCAG_013,71
CACTGACTCCACTAACGCAG_014,9
CACTGACTCCACTAACGCAG_015,178
AGCTGGGACAAGCTGAATCG_001,119
AGCTGGGACAAGCTGAATCG_002,121
AGCTGGGACAAGCTGAATCG_003,144
AGCTGGGACAAGCTGAATCG_004,13
AGCTGGGACAAGCTGAATCG_005,146
AGCTGGGACAAGCTGAATCG_006,166
AGCTGGGACAAGCTGAATCG_007,33
AGCTGGGACAAGCTGAATCG_008,115
AGCTGGGACAAGCTGAATCG_009,174
AGCTGGGACAAGCTGAATCG_010,176
AGCTGGGACAAGCTGAATCG_011,198
AGCTGGGACAAGCTGAATCG_012,68
AGCTGGGACAAGCTGAATCG_013,199
AGCTGGGACAAGCTGAATCG_014,145
AGCTGGGACAAGCTGAATCG_015,136
AGCTGGGACAAGCTGAATCG_016,130
CATCCAAGGCAAAAAACGGG_001,2
CATCCAAGGCAAAAAACGGG_002,147
CATCCAAGGCAAAAAACGGG_003,114
CATCCAAGGCAAAAAACGGG_004,17
CATCCAAGGCAAAAAACGGG_005,17
CATCCAAGGCAAAAAACGGG_006,27
CATCCAAGGCAAAAAACGGG_007,137
CATCCAAGGCAAAAAACGGG_008,197
CATCCAAGGCAAAAAACGGG_009,144
CATCCAAGGCAAAAAACGGG_010,153
CATCCAAGGCAAAAAACGGG_011,66
CATCCAAGGCAAAAAACGGG_012,127
GCCCAGTGAATCGGTCACAG_001,27
GCCCAGTGAATCGGTCACAG_002,46
GCCCAGTGAATCGGTCACAG_003,177
GCCCAGTGAATCGGTCACAG_004,119
GCCCAGTGAATCGGTCACAG_005,83
GCCCAGTGAATCGGTCACAG_006,81
GCCCAGTGAATCGGTCACAG_007,77
GCCCAGTGAATCGGTCACAG_008,57
GCCCAGTGAATCGGTCACAG_009,63
GCCCAGTGAATCGGTCACAG_010,88
GCCCAGTGAATCGGTCACAG_011,127
GCCCAGTGAATCGGTCACAG_012,192
GCCCAGTGAATCGGTCACAG_013,56
GCCCAGTGAATCGGTCACAG_014,148
GCCCAGTGAATCGGTCACAG_015,83
GCCCAGTGAATCGGTCACAG_016,25
GCCCAGTGAATCGGTCACAG_017,194
GCCCAGTGAATCGGTCACAG_018,38
GCCCAGTGAATCGGTCACAG_019,160
GCCCAGTGAATCGGTCACAG_020,199
GCCCAGTGAATCGGTCACAG_021,51
GCCCAGTGAATCGGTCACAG_022,160
GCCCAGTGAATCGGTCACAG_023,83
GCCCAGTGAATCGGTCACAG_024,149
GCCCAGTGAATCGGTCACAG_025,167
GCCCAGTGAATCGGTCACAG_026,199
GCCCAGTGAATCGGTCACAG_027,75
GCCCAGTGAATCGGTCACAG_028,77
GCCCAGTGAATCGGTCACAG_029,68
ATATTGGTACAGCCTCAACA_001,30
ATATTGGTACAGCCTCAACA_002,57
ATATTGGTACAGCCTCAACA_003,182
ATATTGGTACAGCCTCAACA_004,2
ATATTGGTACAGCCTCAACA_005,75
GTCTGGTGAATGCAGGAAAG_001,183
GTCTGGTGAATGCAGGAAAG_002,143
GTCTGGTGAATGCAGGAAAG_003,143
GTCTGGTGAATGCAGGAAAG_004,83
GTCTGGTGAATGCAGGAAAG_005,153
GTCTGGTGAATGCAGGAAAG_006,60
GTCTGGTGAATGCAGGAAAG_007,153
GTCTGGTGAATGCAGGAAAG_008,59
GTCTGGTGAATGCAGGAAAG_009,190
GTCTGGTGAATGCAGGAAAG_010,3
GTCTGGTGAATGCAGGAAAG_011,30
TGCAGTAAACGCTCTCCCCT_001,48
TGCAGTAAACGCTCTCCCCT_002,60
TGCAGTAAACGCTCTCCCCT_003,141
TGCAGTAAACGCTCTCCCCT_004,53
TGCAGTAAACGCTCTCCCCT_005,36
TGCAGTAAACGCTCTCCCCT_006,33
TGCAGTAAACGCTCTCCCCT_007,51
TGCAGTAAACGCTCTCCCCT_008,85
TGCAGTAAACGCTCTCCCCT_009,89
TGCAGTAAACGCTCTCCCCT_010,1
TGCAGTAAACGCTCTCCCCT_011,82
TGCAGTAAACGCTCTCCCCT_012,152
TGCAGTAAACGCTCTCCCCT_013,137
TGCAGTAAACGCTCTCCCCT_014,184
TGCAGTAAACGCTCTCCCCT_015,66
TGCAGTAAACGCTCTCCCCT_016,57
TGCAGTAAACGCTCTCCCCT_017,78
TGCAGTAAACGCTCTCCCCT_018,185
TGCAGTAAACGCTCTCCCCT_019,70
TGAGGTAAGGAATCCCTTCG_001,23
TGAGGTAAGGAATCCCTTCG_002,137
TGAGGTAAGGAATCCCTTCG_003,10
TGAGGTAAGGAATCCCTTCG_004,134
TGAGGTAAGGAATCCCTTCG_005,29
CTGTACTGAGCTGTAAGAAG_001,170
CTGTACTGAGCTGTAAGAAG_002,126
TATCATCTTCATCTGGACAA_001,162
TATCATCTTCATCTGGACAA_002,97
TATCATCTTCATCTGGACAA_003,120
TATCATCTTCATCTGGACAA_004,70
TATCATCTTCATCTGGACAA_005,92
TATCATCTTCATCTGGACAA_006,139
TATCATCTTCATCTGGACAA_007,103
TATCATCTTCATCTGGACAA_008,187
TATCATCTTCATCTGGACAA_009,198
TATCATCTTCATCTGGACAA_010,118
TATCATCTTCATCTGGACAA_011,137
CCACGCCCACGAACCAGTCG_001,41
CCACGCCCACGAACCAGTCG_002,107
CCACGCCCACGAACCAGTCG_003,140
CCACGCCCACGAACCAGTCG_004,21
CCACGCCCACGAACCAGTCG_005,60
CCACGCCCACGAACCAGTCG_006,121
CCACGCCCACGAACCAGTCG_007,17
CCACGCCCACGAACCAGTCG_008,78
CCACGCCCACGAACCAGTCG_009,140
CCACGCCCACGAACCAGTCG_010,69
CCACGCCCACGAACCAGTCG_011,14
CCACGCCCACGAACCAGTCG_012,46
CCACGCCCACGAACCAGTCG_013,171
CCACGCCCACGAACCAGTCG_014,79
CCACGCCCACGAACCAGTCG_015,40
CCACGCCCACGAACCAGTCG_016,86
CCACGCCCACGAACCAGTCG_017,101
CCACGCCCACGAACCAGTCG_018,23
CCACGCCCACGAACCAGTCG_019,25
CCACGCCCACGAACCAGTCG_020,48
CCACGCCCACGAACCAGTCG_021,39
CCACGCCCACGAACCAGTCG_022,54
TCTGTGATTGATGAACAAGA_001,172
TCTGTGATTGATGAACAAGA_002,98
CCTGGGCACCTGGAAGCTAG_001,182
CCTGGGCACCTGGAAGCTAG_002,29
CCTGGGCACCTGGAAGCTAG_003,134
CCTGGGCACCTGGAAGCTAG_004,191
CCTGGGCACCTGGAAGCTAG_005,69
CCTGGGCACCTGGAAGCTAG_006,197
CCTGGGCACCTGGAAGCTAG_007,115
AATGACATCATTTCTGTACC_001,29
AATGACATCATTTCTGTACC_002,155
AATGACATCATTTCTGTACC_003,124
GAGGAACTAATGGTAACACG_001,49
GAGGAACTAATGGTAACACG_002,8
GAGGAACTAATGGTAACACG_003,137
CCATGTTCCTAGCAAGCGTG_001,50
CCATGTTCCTAGCAAGCGTG_002,133
CCATGTTCCTAGCAAGCGTG_003,51
CCATGTTCCTAGCAAGCGTG_004,195
CCATGTTCCTAGCAAGCGTG_005,158
CCATGTTCCTAGCAAGCGTG_006,62
CCATGTTCCTAGCAAGCGTG_007,176
CCATGTTCCTAGCAAGCGTG_008,193
CCATGTTCCTAGCAAGCGTG_009,122
CCATGTTCCTAGCAAGCGTG_010,34
CCATGTTCCTAGCAAGCGTG_011,29
CCATGTTCCTAGCAAGCGTG_012,197
CCATGTTCCTAGCAAGCGTG_013,130
CCATGTTCCTAGCAAGCGTG_014,199
CCATGTTCCTAGCAAGCGTG_015,88
CCATGTTCCTAGCAAGCGTG_016,141
CCATGTTCCTAGCAAGCGTG_017,195
CCATGTTCCTAGCAAGCGTG_018,198
CCATGTTCCTAGCAAGCGTG_019,8
CCATGTTCCTAGCAAGCGTG_020,49
CCATGTTCCTAGCAAGCGTG_021,81
GCAATGTCAATTGGAAGACA_001,46
GCAATGTCAATTGGAAGACA_002,69
GCAATGTCAATTGGAAGACA_003,77
GCAATGTCAATTGGAAGACA_004,119
GCAATGTCAATTGGAAGACA_005,174
GCAATGTCAATTGGAAGACA_006,56
GCAATGTCAATTGGAAGACA_007,76
GCAATGTCAATTGGAAGACA_008,107
GGCTGTGATAAAGTAGCCGA_001,12
GGCTGTGATAAAGTAGCCGA_002,94
GGCTGTGATAAAGTAGCCGA_003,32
GGCTGTGATAAAGTAGCCGA_004,179
GGCTGTGATAAAGTAGCCGA_005,113
GGCTGTGATAAAGTAGCCGA_006,169
GGCTGTGATAAAGTAGCCGA_007,58
ACCAGACCCTCAGCGCACAA_001,70
ACCAGACCCTCAGCGCACAA_002,29
ACCAGACCCTCAGCGCACAA_003,29
ACCAGACCCTCAGCGCACAA_004,101
ACCAGACCCTCAGCGCACAA_005,191
ACCAGACCCTCAGCGCACAA_006,113
ACCAGACCCTCAGCGCACAA_007,40
ACCAGACCCTCAGCGCACAA_008,1
ACCAGACCCTCAGCGCACAA_009,140
ACCAGACCCTCAGCGCACAA_010,27
ACCAGACCCTCAGCGCACAA_011,78
ACCAGACCCTCAGCGCACAA_012,128
ACCAGACCCTCAGCGCACAA_013,199
ACCAGACCCTCAGCGCACAA_014,67
ACCAGACCCTCAGCGCACAA_015,3
ACCAGACCCTCAGCGCACAA_016,131
ACCAGACCCTCAGCGCACAA_017,138
ACCAGACCCTCAGCGCACAA_018,48
ACCAGACCCTCAGCGCACAA_019,102
ACCAGACCCTCAGCGCACAA_020,27
AAGGGACCCCTGAAGCTGAA_001,27
AAGGGACCCCTGAAGCTGAA_002,73
AAGGGACCCCTGAAGCTGAA_003,4
AAGGGACCCCTGAAGCTGAA_004,199
AAGGGACCCCTGAAGCTGAA_005,93
AAGGGACCCCTGAAGCTGAA_006,29
AAGGGACCCCTGAAGCTGAA_007,32
AAGGGACCCCTGAAGCTGAA_008,55
AAGGGACCCCTGAAGCTGAA_009,184
AAGGGACCCCTGAAGCTGAA_010,21
AAGGGACCCCTGAAGCTGAA_011,194
AAGGGACCCCTGAAGCTGAA_012,100
AAGGGACCCCTGAAGCTGAA_013,191
AAGGGACCCCTGAAGCTGAA_014,198
AAGGGACCCCTGAAGCTGAA_015,147
TGAAAGAGGCCATTGACGCA_001,184
TGAAAGAGGCCATTGACGCA_002,164
TGAAAGAGGCCATTGACGCA_003,183
TGAAAGAGGCCATTGACGCA_004,29
TGAAAGAGGCCATTGACGCA_005,138
TGAAAGAGGCCATTGACGCA_006,24
TGAAAGAGGCCATTGACGCA_007,102
TGAAAGAGGCCATTGACGCA_008,50
TGAAAGAGGCCATTGACGCA_009,15
TGAAAGAGGCCATTGACGCA_010,80
TGAAAGAGGCCATTGACGCA_011,55
ATCCGAACCATCGAGCTGGA_001,70
ATCCGAACCATCGAGCTGGA_002,141
ATCCGAACCATCGAGCTGGA_003,48
ATCCGAACCATCGAGCTGGA_004,183
ATCCGAACCATCGAGCTGGA_005,52
ATCCGAACCATCGAGCTGGA_006,191
ATCCGAACCATCGAGCTGGA_007,67
ATCCGAACCATCGAGCTGGA_008,171
ATCCGAACCATCGAGCTGGA_009,171
ATCCGAACCATCGAGCTGGA_010,102
ATCCGAACCATCGAGCTGGA_011,115
ATCCGAACCATCGAGCTGGA_012,10
ATCCGAACCATCGAGCTGGA_013,181
ATCCGAACCATCGAGCTGGA_014,145
ATCCGAACCATCGAGCTGGA_015,35
ATCCGAACCATCGAGCTGGA_016,117
ATCCGAACCATCGAGCTGGA_017,176
ATCCGAACCATCGAGCTGGA_018,6
ATCCGAACCATCGAGCTGGA_019,67
ATCCGAACCATCGAGCTGGA_020,182
ATCCGAACCATCGAGCTGGA_021,48
ATCCGAACCATCGAGCTGGA_022,198
ATCCGAACCATCGAGCTGGA_023,17
ATCCGAACCATCGAGCTGGA_024,198
ATCCGAACCATCGAGCTGGA_025,13
ATCCGAACCATCGAGCTGGA_026,197
ATCCGAACCATCGAGCTGGA_027,186
ATCCGAACCATCGAGCTGGA_028,95
ATCCGAACCATCGAGCTGGA_029,32
ATCCGAACCATCGAGCTGGA_030,197
ATCCGAACCATCGAGCTGGA_031,55
ATCCGAACCATCGAGCTGGA_032,106
ATCCGAACCATCGAGCTGGA_033,172
ATCCGAACCATCGAGCTGGA_034,102
ATCCGAACCATCGAGCTGGA_035,48
ATCCGAACCATCGAGCTGGA_036,41
ATCCGAACCATCGAGCTGGA_037,134
ATCCGAACCATCGAGCTGGA_038,140
ATCCGAACCATCGAGCTGGA_039,149
ATCCGAACCATCGAGCTGGA_040,133
ATCCGAACCATCGAGCTGGA_041,138
ATCCGAACCATCGAGCTGGA_042,55
ATCCGAACCATCGAGCTGGA_043,32
ATCCGAACCATCGAGCTGGA_044,116
ATCCGAACCATCGAGCTGGA_045,17
ATCCGAACCATCGAGCTGGA_046,6
ATCCGAACCATCGAGCTGGA_047,78
ATCCGAACCATCGAGCTGGA_048,166
ATCCGAACCATCGAGCTGGA_049,19
ATCCGAACCATCGAGCTGGA_050,126
ATCCGAACCATCGAGCTGGA_051,136
ATCCGAACCATCGAGCTGGA_052,69
ACTTCAGCGCCAGCAATGGG_001,145
ACTTCAGCGCCAGCAATGGG_002,42
ACTTCAGCGCCAGCAATGGG_003,117
ACTTCAGCGCCAGCAATGGG_004,113
ACTTCAGCGCCAGCAATGGG_005,29
ACTTCAGCGCCAGCAATGGG_006,171
ACTTCAGCGCCAGCAATGGG_007,13
ACTTCAGCGCCAGCAATGGG_008,174
ACTTCAGCGCCAGCAATGGG_009,21
ACTTCAGCGCCAGCAATGGG_010,118
AGACCTTCAACGTCATCGAG_001,9
AGACCTTCAACGTCATCGAG_002,106
AGACCTTCAACGTCATCGAG_003,68
AGACCTTCAACGTCATCGAG_004,7
AGACCTTCAACGTCATCGAG_005,183
AGACCTTCAACGTCATCGAG_006,183
AGACCTTCAACGTCATCGAG_007,62
AGACCTTCAACGTCATCGAG_008,11
AGACCTTCAACGTCATCGAG_009,82
AGACCTTCAACGTCATCGAG_010,136
AGACCTTCAACGTCATCGAG_011,48
AGACCTTCAACGTCATCGAG_012,71
AGACCTTCAACGTCATCGAG_013,72
AGACCTTCAACGTCATCGAG_014,128
AGACCTTCAACGTCATCGAG_015,148
AGACCTTCAACGTCATCGAG_016,102
GCAAACCCGAGTGACACGTC_001,191
GCAAACCCGAGTGACACGTC_002,48
GCAAACCCGAGTGACACGTC_003,60
GCAAACCCGAGTGACACGTC_004,134
GCAAACCCGAGTGACACGTC_005,58
GCAAACCCGAGTGACACGTC_006,98
GCAAACCCGAGTGACACGTC_007,121
GCAAACCCGAGTGACACGTC_008,27
GCAAACCCGAGTGACACGTC_009,119
GCAAACCCGAGTGACACGTC_010,191
GCAAACCCGAGTGACACGTC_011,159
GCAAACCCGAGTGACACGTC_012,2
GCAAACCCGAGTGACACGTC_013,57
GCAAACCCGAGTGACACGTC_014,119
GCAAACCCGAGTGACACGTC_015,93
GCAAACCCGAGTGACACGTC_016,11
GCAAACCCGAGTGACACGTC_017,62
GCAAACCCGAGTGACACGTC_018,62
GCAAACCCGAGTGACACGTC_019,122
GCAAACCCGAGTGACACGTC_020,193
GCAAACCCGAGTGACACGTC_021,57
GCAAACCCGAGTGACACGTC_022,103
GCAAACCCGAGTGACACGTC_023,9
GCAAACCCGAGTGACACGTC_024,58
GTCTACATTGCAACTGTTGG_001,2
TGAAGTAGTCTCCCGACTCT_001,114
TGAAGTAGTCTCCCGACTCT_002,144
TGAAGTAGTCTCCCGACTCT_003,62
TGAAGTAGTCTCCCGACTCT_004,121
GAAGAAGCTGAAGGCCCGAA_001,22
GAAGAAGCTGAAGGCCCGAA_002,107
GAAGAAGCTGAAGGCCCGAA_003,129
GAAGAAGCTGAAGGCCCGAA_004,57
GAAGAAGCTGAAGGCCCGAA_005,3
GAAGAAGCTGAAGGCCCGAA_006,106
GAAGAAGCTGAAGGCCCGAA_007,58
GAAGAAGCTGAAGGCCCGAA_008,94
AGGCTCGCAAGCCCAGCAAG_001,50
AGGCTCGCAAGCCCAGCAAG_002,177
AGGCTCGCAAGCCCAGCAAG_003,32
AGGCTCGCAAGCCCAGCAAG_004,42
AGGCTCGCAAGCCCAGCAAG_005,116
AGGCTCGCAAGCCCAGCAAG_006,42
AGGCTCGCAAGCCCAGCAAG_007,179
AGGCTCGCAAGCCCAGCAAG_008,116
AGGCTCGCAAGCCCAGCAAG_009,70
AGGCTCGCAAGCCCAGCAAG_010,70
AGGCTCGCAAGCCCAGCAAG_011,188
AGGCTCGCAAGCCCAGCAAG_012,138
AGGCTCGCAAGCCCAGCAAG_013,186
AGGCTCGCAAGCCCAGCAAG_014,188
AGGCTCGCAAGCCCAGCAAG_015,199
AGGCTCGCAAGCCCAGCAAG_016,12
AGGCTCGCAAGCCCAGCAAG_017,2
AGGCTCGCAAGCCCAGCAAG_018,181
AGGCTCGCAAGCCCAGCAAG_019,84
AGGCTCGCAAGCCCAGCAAG_020,83
AGGCTCGCAAGCCCAGCAAG_021,102
CCTGAAGGACTACTACACGC_001,138
CCTGAAGGACTACTACACGC_002,169
CCTGAAGGACTACTACACGC_003,52
CCTGAAGGACTACTACACGC_004,150
CCTGAAGGACTACTACACGC_005,8
CCTGAAGGACTACTACACGC_006,172
CCTGAAGGACTACTACACGC_007,34
CCTGAAGGACTACTACACGC_008,183
CCTGAAGGACTACTACACGC_009,146
CCTGAAGGACTACTACACGC_010,29
CCTGAAGGACTACTACACGC_011,115
CCTGAAGGACTACTACACGC_012,8
CCTGAAGGACTACTACACGC_013,119
CCTGAAGGACTACTACACGC_014,158
CCTGAAGGACTACTACACGC_015,40
CCTGAAGGACTACTACACGC_016,114
CCGGGAACAGCTTCCCCGCG_001,52
AACAACAATGAGCAGAGTTG_001,198
AACAACAATGAGCAGAGTTG_002,169
AACAACAATGAGCAGAGTTG_003,1
AACAACAATGAGCAGAGTTG_004,17
AACAACAATGAGCAGAGTTG_005,188
AACAACAATGAGCAGAGTTG_006,161
AACAACAATGAGCAGAGTTG_007,158
AACAACAATGAGCAGAGTTG_008,117
AACAACAATGAGCAGAGTTG_009,126
AACAACAATGAGCAGAGTTG_010,87
CCTGCAGCGATCCATCCCCG_001,148
CCTGCAGCGATCCATCCCCG_002,158
CCTGCAGCGATCCATCCCCG_003,167
TCCACGTCAGGTGTAATAGG_001,166
TCCACGTCAGGTGTAATAGG_002,170
TCCACGTCAGGTGTAATAGG_003,167
TCCACGTCAGGTGTAATAGG_004,78
TCCACGTCAGGTGTAATAGG_005,159
TCCACGTCAGGTGTAATAGG_006,48
TCCACGTCAGGTGTAATAGG_007,88
TCCACGTCAGGTGTAATAGG_008,127
TCCACGTCAGGTGTAATAGG_009,40
TCCACGTCAGGTGTAATAGG_010,57
TCCACGTCAGGTGTAATAGG_011,75
TCCACGTCAGGTGTAATAGG_012,171
TCCACGTCAGGTGTAATAGG_013,114
TCCACGTCAGGTGTAATAGG_014,2
TCCACGTCAGGTGTAATAGG_015,150
TCCACGTCAGGTGTAATAGG_016,175
TCCACGTCAGGTGTAATAGG_017,48
TCCACGTCAGGTGTAATAGG_018,99
TCCACGTCAGGTGTAATAGG_019,26
TCCACGTCAGGTGTAATAGG_020,87
TCCACGTCAGGTGTAATAGG_021,117
TCCACGTCAGGTGTAATAGG_022,81
TCCACGTCAGGTGTAATAGG_023,19
TCCACGTCAGGTGTAATAGG_024,4
TTAATGCAGGACACAACGAA_001,111
TTAATGCAGGACACAACGAA_002,104
TTAATGCAGGACACAACGAA_003,197
TTAATGCAGGACACAACGAA_004,15
TTAATGCAGGACACAACGAA_005,70
TTAATGCAGGACACAACGAA_006,121
TGAACCTGGACGATTTGACA_001,125
TGAACCTGGACGATTTGACA_002,168
TGAACCTGGACGATTTGACA_003,5
TGAACCTGGACGATTTGACA_004,42
TGAACCTGGACGATTTGACA_005,13
TGAACCTGGACGATTTGACA_006,153
TGAACCTGGACGATTTGACA_007,142
TGAACCTGGACGATTTGACA_008,138
TGAACCTGGACGATTTGACA_009,138
TGAACCTGGACGATTTGACA_010,63
GCGGTTGCGCGACGACACTG_001,183
GCGGTTGCGCGACGACACTG_002,3
GCGGTTGCGCGACGACACTG_003,60
GCGGTTGCGCGACGACACTG_004,94
GCGGTTGCGCGACGACACTG_005,174
GCGGTTGCGCGACGACACTG_006,127
GCGGTTGCGCGACGACACTG_007,93
GCGGTTGCGCGACGACACTG_008,170
GCGGTTGCGCGACGACACTG_009,36
GCGGTTGCGCGACGACACTG_010,32
GCGGTTGCGCGACGACACTG_011,106
GCGGTTGCGCGACGACACTG_012,127
GCGGTTGCGCGACGACACTG_013,58
GCGGTTGCGCGACGACACTG_014,83
GCGGTTGCGCGACGACACTG_015,190
GCGGTTGCGCGACGACACTG_016,144
GCGGTTGCGCGACGACACTG_017,44
GCGGTTGCGCGACGACACTG_018,60
GCGGTTGCGCGACGACACTG_019,4
GCGGTTGCGCGACGACACTG_020,81
GCGGTTGCGCGACGACACTG_021,162
GCGGTTGCGCGACGACACTG_022,158
GCGGTTGCGCGACGACACTG_023,146
GCGGTTGCGCGACGACACTG_024,149
GCGGTTGCGCGACGACACTG_025,169
GCGGTTGCGCGACGACACTG_026,75
GCGGTTGCGCGACGACACTG_027,63
GCGGTTGCGCGACGACACTG_028,70
ATCAATTTCATCCAGAAGTG_001,159
ATCAATTTCATCCAGAAGTG_002,75
ATCAATTTCATCCAGAAGTG_003,25
ATCAATTTCATCCAGAAGTG_004,69
ATCAATTTCATCCAGAAGTG_005,81
ATCAATTTCATCCAGAAGTG_006,156
ATCAATTTCATCCAGAAGTG_007,44
ATCAATTTCATCCAGAAGTG_008,104
ATCAATTTCATCCAGAAGTG_009,188
ATCAATTTCATCCAGAAGTG_010,107
ATCAATTTCATCCAGAAGTG_011,166
ATCAATTTCATCCAGAAGTG_012,8
ATCAATTTCATCCAGAAGTG_013,18
CCGGAAGAGCAAGGTCACTG_001,102
CCGGAAGAGCAAGGTCACTG_002,181
CCGGAAGAGCAAGGTCACTG_003,34
CCGGAAGAGCAAGGTCACTG_004,169
CCGGAAGAGCAAGGTCACTG_005,38
CCGGAAGAGCAAGGTCACTG_006,94
CCGGAAGAGCAAGGTCACTG_007,192
CCGGAAGAGCAAGGTCACTG_008,163
CCGGAAGAGCAAGGTCACTG_009,132
CCGGAAGAGCAAGGTCACTG_010,154
CCGGAAGAGCAAGGTCACTG_011,146
CCGGAAGAGCAAGGTCACTG_012,165
CCGGAAGAGCAAGGTCACTG_013,184
CCGGAAGAGCAAGGTCACTG_014,63
CCGGAAGAGCAAGGTCACTG_015,169
CCGGAAGAGCAAGGTCACTG_016,162
CCGGAAGAGCAAGGTCACTG_017,129
CCGGAAGAGCAAGGTCACTG_018,68
CCGGAAGAGCAAGGTCACTG_019,177
CCGGAAGAGCAAGGTCACTG_020,133
CCGGAAGAGCAAGGTCACTG_021,12
CCGGAAGAGCAAGGTCACTG_022,136
CCGGAAGAGCAAGGTCACTG_023,80
CCGGAAGAGCAAGGTCACTG_024,184
CCGGAAGAGCAAGGTCACTG_025,19
CCGGAAGAGCAAGGTCACTG_026,12
CCGGAAGAGCAAGGTCACTG_027,5
CCGGAAGAGCAAGGTCACTG_028,81
CCGGAAGAGCAAGGTCACTG_029,99
CCGGAAGAGCAAGGTCACTG_030,8
CCTGGGAGGAACAATACCAG_001,24
CCTGGGAGGAACAATACCAG_002,9
CCTGGGAGGAACAATACCAG_003,23
CCTGGGAGGAACAATACCAG_004,137
CCTGGGAGGAACAATACCAG_005,3
CCTGGGAGGAACAATACCAG_006,95
CCTGGGAGGAACAATACCAG_007,89
CCTGGGAGGAACAATACCAG_008,103
CCTGGGAGGAACAATACCAG_009,106
CCTGGGAGGAACAATACCAG_010,152
CCTGGGAGGAACAATACCAG_011,181
CCTGGGAGGAACAATACCAG_012,44
CCTGGGAGGAACAATACCAG_013,103
CCTGGGAGGAACAATACCAG_014,77
GTTCTCCACTCACTTGTCAC_001,22
GTTCTCCACTCACTTGTCAC_002,48
GTCGTGTAAGGGATGAACCA_001,192
GTCGTGTAAGGGATGAACCA_002,128
GTCGTGTAAGGGATGAACCA_003,69
GTCGTGTAAGGGATGAACCA_004,65
GTCGTGTAAGGGATGAACCA_005,112
GTCGTGTAAGGGATGAACCA_006,144
GTCGTGTAAGGGATGAACCA_007,144
GTCGTGTAAGGGATGAACCA_008,77
GTCGTGTAAGGGATGAACCA_009,78
GTCGTGTAAGGGATGAACCA_010,29
GTCGTGTAAGGGATGAACCA_011,8
GTCGTGTAAGGGATGAACCA_012,117
GTCGTGTAAGGGATGAACCA_013,175
GTCGTGTAAGGGATGAACCA_014,56
GTCGTGTAAGGGATGAACCA_015,180
GTCGTGTAAGGGATGAACCA_016,163
GTCGTGTAAGGGATGAACCA_017,24
GTCGTGTAAGGGATGAACCA_018,34
GTCGTGTAAGGGATGAACCA_019,138
GTCGTGTAAGGGATGAACCA_020,144
GTCGTGTAAGGGATGAACCA_021,17
GTCGTGTAAGGGATGAACCA_022,70
GTCGTGTAAGGGATGAACCA_023,197
AGACCTCACTTCCTATGACG_001,49
AGACCTCACTTCCTATGACG_002,18
AGACCTCACTTCCTATGACG_003,195
AGACCTCACTTCCTATGACG_004,190
AGACCTCACTTCCTATGACG_005,12
AGACCTCACTTCCTATGACG_006,105
AGACCTCACTTCCTATGACG_007,41
AGACCTCACTTCCTATGACG_008,103
AGACCTCACTTCCTATGACG_009,184
AGACCTCACTTCCTATGACG_010,127
AGACCTCACTTCCTATGACG_011,188
AGACCTCACTTCCTATGACG_012,41
AGACCTCACTTCCTATGACG_013,6
AGACCTCACTTCCTATGACG_014,92
AGACCTCACTTCCTATGACG_015,77
AGACCTCACTTCCTATGACG_016,63
AGACCTCACTTCCTATGACG_017,131
AGACCTCACTTCCTATGACG_018,184
AGACCTCACTTCCTATGACG_019,114
AGACCTCACTTCCTATGACG_020,155
TCAGTCAAGCACGTCACTGG_001,81
TCAGTCAAGCACGTCACTGG_002,130
TCAGTCAAGCACGTCACTGG_003,152
TCAGTCAAGCACGTCACTGG_004,133
TCAGTCAAGCACGTCACTGG_005,93
TCAGTCAAGCACGTCACTGG_006,113
TCAGTCAAGCACGTCACTGG_007,178
TCAGTCAAGCACGTCACTGG_008,69
TCAGTCAAGCACGTCACTGG_009,198
TCAGTCAAGCACGTCACTGG_010,29
AGAGGCTGGAAAGGTCATCT_001,113
AGAGGCTGGAAAGGTCATCT_002,104
AGAGGCTGGAAAGGTCATCT_003,57
AGAGGCTGGAAAGGTCATCT_004,167
AGAGGCTGGAAAGGTCATCT_005,123
AGAGGCTGGAAAGGTCATCT_006,145
AGAGGCTGGAAAGGTCATCT_007,176
AGAGGCTGGAAAGGTCATCT_008,56
AGAGGCTGGAAAGGTCATCT_009,174
AGAGGCTGGAAAGGTCATCT_010,117
AGAGGCTGGAAAGGTCATCT_011,28
AGAGGCTGGAAAGGTCATCT_012,134
AGAGGCTGGAAAGGTCATCT_013,20
TATTTACTTACGCTCCACAA_001,11
TATTTACTTACGCTCCACAA_002,141
TATTTACTTACGCTCCACAA_003,168
TGAACTATTCACAAATGAGG_001,187
GCTGAGCTCGCATGTGCGGG_001,12
GCTGAGCTCGCATGTGCGGG_002,151
GCTGAGCTCGCATGTGCGGG_003,176
GCTGAGCTCGCATGTGCGGG_004,85
GCTGAGCTCGCATGTGCGGG_005,48
GCTGAGCTCGCATGTGCGGG_006,5
GCTGAGCTCGCATGTGCGGG_007,55
GCTGAGCTCGCATGTGCGGG_008,170
GCTGAGCTCGCATGTGCGGG_009,82
CCACAAACACTTACGAGGGC_001,105
CCACAAACACTTACGAGGGC_002,43
CCACAAACACTTACGAGGGC_003,174
CCACAAACACTTACGAGGGC_004,19
CCACAAACACTTACGAGGGC_005,40
GCTGGGGGCTGCCGTCTGAA_001,32
GCTGGGGGCTGCCGTCTGAA_002,53
GCTGGGGGCTGCCGTCTGAA_003,196
GCTGGGGGCTGCCGTCTGAA_004,106
GCTGGGGGCTGCCGTCTGAA_005,132
GCTGGGGGCTGCCGTCTGAA_006,60
GCTGGGGGCTGCCGTCTGAA_007,118
GCTGGGGGCTGCCGTCTGAA_008,28
GCTGGGGGCTGCCGTCTGAA_009,165
GGAGGCACTTGGAAATTACT_001,8
GGAGGCACTTGGAAATTACT_002,34
GGAGGCACTTGGAAATTACT_003,181
GGAGGCACTTGGAAATTACT_004,29
GGAGGCACTTGGAAATTACT_005,13
GGAGGCACTTGGAAATTACT_006,16
GAAAAGAGTCGGTACCGGGA_001,58
GAAAAGAGTCGGTACCGGGA_002,70
GAAAAGAGTCGGTACCGGGA_003,115
GAAAAGAGTCGGTACCGGGA_004,60
GAAAAGAGTCGGTACCGGGA_005,169
GAAAAGAGTCGGTACCGGGA_006,15
GAAAAGAGTCGGTACCGGGA_007,34
GAAAAGAGTCGGTACCGGGA_008,44
GAAAAGAGTCGGTACCGGGA_009,120
TGCTGTACCGAGTTTGACGT_001,127
TGCTGTACCGAGTTTGACGT_002,67
TGCTGTACCGAGTTTGACGT_003,7
TGCTGTACCGAGTTTGACGT_004,34
TGCTGTACCGAGTTTGACGT_005,94
TGCTGTACCGAGTTTGACGT_006,43
TGCTGTACCGAGTTTGACGT_007,158
TGCTGTACCGAGTTTGACGT_008,16
TGCTGTACCGAGTTTGACGT_009,88
TGCTGTACCGAGTTTGACGT_010,105
TGCTGTACCGAGTTTGACGT_011,157
CTGGGTGCAAAGGTGTACCG_001,147
CTGGGTGCAAAGGTGTACCG_002,188
CTGGGTGCAAAGGTGTACCG_003,106
CTGGGTGCAAAGGTGTACCG_004,182
CTGGGTGCAAAGGTGTACCG_005,121
CTGGGTGCAAAGGTGTACCG_006,56
CTGGGTGCAAAGGTGTACCG_007,20
CTGGGTGCAAAGGTGTACCG_008,173
CTGGGTGCAAAGGTGTACCG_009,173
CTGGGTGCAAAGGTGTACCG_010,49
CTGGGTGCAAAGGTGTACCG_011,134
CTGGGTGCAAAGGTGTACCG_012,172
CTGGGTGCAAAGGTGTACCG_013,198
CTGGGTGCAAAGGTGTACCG_014,106
CTGGGTGCAAAGGTGTACCG_015,191
ACTTCCTGGGCTTCTCATAG_001,73
ACTTCCTGGGCTTCTCATAG_002,66
ACTTCCTGGGCTTCTCATAG_003,12
ACTTCCTGGGCTTCTCATAG_004,17
ACTTCCTGGGCTTCTCATAG_005,54
ACTTCCTGGGCTTCTCATAG_006,130
ACTTCCTGGGCTTCTCATAG_007,88
GTGTAAGTTAATTCACATCG_001,185
GTGTAAGTTAATTCACATCG_002,145
GTGTAAGTTAATTCACATCG_003,62
AGCCTTCATGAAAGGCGCCG_001,41
AGCCTTCATGAAAGGCGCCG_002,47
AGCCTTCATGAAAGGCGCCG_003,11
AGCCTTCATGAAAGGCGCCG_004,125
AGCCTTCATGAAAGGCGCCG_005,30
AGCCTTCATGAAAGGCGCCG_006,3
AGCCTTCATGAAAGGCGCCG_007,177
AGCCTTCATGAAAGGCGCCG_008,157
ATGCAGATCAAGTCCAACAT_001,146
ATGCAGATCAAGTCCAACAT_002,158
ATGCAGATCAAGTCCAACAT_003,177
ATGCAGATCAAGTCCAACAT_004,46
ATGCAGATCAAGTCCAACAT_005,116
ATGCAGATCAAGTCCAACAT_006,70
ATGCAGATCAAGTCCAACAT_007,91
AGGGCACGGTGTTAGAGGGG_001,2
AGGGCACGGTGTTAGAGGGG_002,188
AGGGCACGGTGTTAGAGGGG_003,31
AGGGCACGGTGTTAGAGGGG_004,49
AGGGCACGGTGTTAGAGGGG_005,58
AGGGCACGGTGTTAGAGGGG_006,33
AGGGCACGGTGTTAGAGGGG_007,49
CAAGTGTGAGTTCTTCAACG_001,3
CAAGTGTGAGTTCTTCAACG_002,19
CAAGTGTGAGTTCTTCAACG_003,61
CAAGTGTGAGTTCTTCAACG_004,41
CAAGTGTGAGTTCTTCAACG_005,66
CTCCACGGACACGCTAGCAG_001,159
CTCCACGGACACGCTAGCAG_002,57
CTCCACGGACACGCTAGCAG_003,40
CTCCACGGACACGCTAGCAG_004,88
CTCCACGGACACGCTAGCAG_005,184
CTCCACGGACACGCTAGCAG_006,84
CTCCACGGACACGCTAGCAG_007,171
CTCCACGGACACGCTAGCAG_008,96
CTCCACGGACACGCTAGCAG_009,97
CTCCACGGACACGCTAGCAG_010,29
CTCCACGGACACGCTAGCAG_011,160
CTCCACGGACACGCTAGCAG_012,144
CTCCACGGACACGCTAGCAG_013,67
CTCCACGGACACGCTAGCAG_014,119
CATCCGGCTTTCGGATCAGA_001,73
CATCCGGCTTTCGGATCAGA_002,30
CATCCGGCTTTCGGATCAGA_003,148
CATCCGGCTTTCGGATCAGA_004,65
CATCCGGCTTTCGGATCAGA_005,56
CATCCGGCTTTCGGATCAGA_006,130
CATCCGGCTTTCGGATCAGA_007,184
CATCCGGCTTTCGGATCAGA_008,178
CATCCGGCTTTCGGATCAGA_009,72
CATCCGGCTTTCGGATCAGA_010,168
CATCCGGCTTTCGGATCAGA_011,31
CATCCGGCTTTCGGATCAGA_012,123
CATCCGGCTTTCGGATCAGA_013,168
CATCCGGCTTTCGGATCAGA_014,66
CATCCGGCTTTCGGATCAGA_015,37
CATCCGGCTTTCGGATCAGA_016,144
CATCCGGCTTTCGGATCAGA_017,1
TCAGCAAGGTCTCCCAGTGT_001,7
TCAGCAAGGTCTCCCAGTGT_002,56
TCAGCAAGGTCTCCCAGTGT_003,115
TCAGCAAGGTCTCCCAGTGT_004,145
TTCTGCGAGGCCGAACTAGT_001,170
TTCTGCGAGGCCGAACTAGT_002,105
TTCTGCGAGGCCGAACTAGT_003,62
TTCTGCGAGGCCGAACTAGT_004,166
TTCTGCGAGGCCGAACTAGT_005,168
TTTAAAGGCGATCCACTAGG_001,160
TTTAAAGGCGATCCACTAGG_002,182
TTTAAAGGCGATCCACTAGG_003,146
TTTAAAGGCGATCCACTAGG_004,9
TTTAAAGGCGATCCACTAGG_005,22
TTTAAAGGCGATCCACTAGG_006,6
TTTAAAGGCGATCCACTAGG_007,127
TTCAATGCTGAACCACAAGT_001,134
TTCAATGCTGAACCACAAGT_002,64
TTCAATGCTGAACCACAAGT_003,140
TTCAATGCTGAACCACAAGT_004,88
AGTGGGTGATGTAACAATCG_001,138
ATGAAGCCTAGGGGACACCG_001,36
ATGAAGCCTAGGGGACACCG_002,132
ATGAAGCCTAGGGGACACCG_003,107
ATGAAGCCTAGGGGACACCG_004,96
ATGAAGCCTAGGGGACACCG_005,113
ATGAAGCCTAGGGGACACCG_006,82
ATGAAGCCTAGGGGACACCG_007,62
ATGAAGCCTAGGGGACACCG_008,178
ATGAAGCCTAGGGGACACCG_009,24
ATGAAGCCTAGGGGACACCG_010,29
ATGAAGCCTAGGGGACACCG_011,1
ATGAAGCCTAGGGGACACCG_012,77
ATGAAGCCTAGGGGACACCG_013,42
ATGAAGCCTAGGGGACACCG_014,125
ATGAAGCCTAGGGGACACCG_015,136
ATGAAGCCTAGGGGACACCG_016,139
ATGAAGCCTAGGGGACACCG_017,131
ATGAAGCCTAGGGGACACCG_018,29
ATGAAGCCTAGGGGACACCG_019,115
ATGAAGCCTAGGGGACACCG_020,184
ATGAAGCCTAGGGGACACCG_021,19
ATGAAGCCTAGGGGACACCG_022,147
ATGAAGCCTAGGGGACACCG_023,94
ATGAAGCCTAGGGGACACCG_024,176
ATGAAGCCTAGGGGACACCG_025,141
ATGAAGCCTAGGGGACACCG_026,65
ATGAAGCCTAGGGGACACCG_027,140
GGAGCCAGTCGAAGCCCGTG_001,76
GGAGCCAGTCGAAGCCCGTG_002,96
GGAGCCAGTCGAAGCCCGTG_003,148
GCTCACGCATCCCTCTACTT_001,0
GCTCACGCATCCCTCTACTT_002,175
GCTCACGCATCCCTCTACTT_003,82
GCTCACGCATCCCTCTACTT_004,72
GCTCACGCATCCCTCTACTT_005,121
GCTCACGCATCCCTCTACTT_006,156
TGTGGAGAGTGAACTGTGGG_001,62
TGTGGAGAGTGAACTGTGGG_002,113
TGTGGAGAGTGAACTGTGGG_003,125
TGTGGAGAGTGAACTGTGGG_004,91
AATCCGAGACAAATTACTCA_001,107
AATCCGAGACAAATTACTCA_002,176
AATCCGAGACAAATTACTCA_003,148
AATCCGAGACAAATTACTCA_004,134
AATCCGAGACAAATTACTCA_005,43
AATCCGAGACAAATTACTCA_006,157
AATCCGAGACAAATTACTCA_007,48
CCACATCTCAGACACATCCG_001,165
CCACATCTCAGACACATCCG_002,66
CCACATCTCAGACACATCCG_003,185
CCACATCTCAGACACATCCG_004,77
CCACATCTCAGACACATCCG_005,5
CCACATCTCAGACACATCCG_006,19
CCACATCTCAGACACATCCG_007,127
CCACATCTCAGACACATCCG_008,136
AGACGCGCTCCGCTACATCA_001,168
TGCTCTGCGCCAATGTACTG_001,96
TGCTCTGCGCCAATGTACTG_002,169
TGCTCTGCGCCAATGTACTG_003,150
TGCTCTGCGCCAATGTACTG_004,121
TGCTCTGCGCCAATGTACTG_005,27
TGCTCTGCGCCAATGTACTG_006,127
TGCTCTGCGCCAATGTACTG_007,92
TGCTCTGCGCCAATGTACTG_008,93
TGCTCTGCGCCAATGTACTG_009,143
TGCTCTGCGCCAATGTACTG_010,51
TGCTCTGCGCCAATGTACTG_011,52
TGCTCTGCGCCAATGTACTG_012,33
TGCTCTGCGCCAATGTACTG_013,170
TGCTCTGCGCCAATGTACTG_014,48
TGCTCTGCGCCAATGTACTG_015,120
TGCTCTGCGCCAATGTACTG_016,116
TGCTCTGCGCCAATGTACTG_017,100
TGCTCTGCGCCAATGTACTG_018,94
TGCTCTGCGCCAATGTACTG_019,74
TGCTCTGCGCCAATGTACTG_020,52
TGCTCTGCGCCAATGTACTG_021,169
TGCTCTGCGCCAATGTACTG_022,39
TGCTCTGCGCCAATGTACTG_023,19
TGCTCTGCGCCAATGTACTG_024,152
GACTTGTGTTTCATCCACAG_001,76
GACTTGTGTTTCATCCACAG_002,29
AGGCTAACTGTGATCTCAGA_001,112
AGGCTAACTGTGATCTCAGA_002,70
AGGCTAACTGTGATCTCAGA_003,127
AGGCTAACTGTGATCTCAGA_004,148
AGGCTAACTGTGATCTCAGA_005,34
CCACACAACGGTCAGGGCAT_001,138
CCACACAACGGTCAGGGCAT_002,21
CCACACAACGGTCAGGGCAT_003,179
CCACACAACGGTCAGGGCAT_004,156
CCACACAACGGTCAGGGCAT_005,79
CCACACAACGGTCAGGGCAT_006,28
CCACACAACGGTCAGGGCAT_007,146
CCACACAACGGTCAGGGCAT_008,190
CCACACAACGGTCAGGGCAT_009,116
CCACACAACGGTCAGGGCAT_010,12
CCACACAACGGTCAGGGCAT_011,141
CCACACAACGGTCAGGGCAT_012,72
CCACACAACGGTCAGGGCAT_013,57
CCACACAACGGTCAGGGCAT_014,67
CCACACAACGGTCAGGGCAT_015,88
CCACACAACGGTCAGGGCAT_016,166
CCACACAACGGTCAGGGCAT_017,14
CCACACAACGGTCAGGGCAT_018,70
CCACACAACGGTCAGGGCAT_019,174
CCACACAACGGTCAGGGCAT_020,152
CCACACAACGGTCAGGGCAT_021,175
CCACACAACGGTCAGGGCAT_022,150
CCACACAACGGTCAGGGCAT_023,49
CCACACAACGGTCAGGGCAT_024,179
CCACACAACGGTCAGGGCAT_025,35
CCACACAACGGTCAGGGCAT_026,160
CCACACAACGGTCAGGGCAT_027,165
CCACACAACGGTCAGGGCAT_028,176
CCACACAACGGTCAGGGCAT_029,65
CCACACAACGGTCAGGGCAT_030,64
CCACACAACGGTCAGGGCAT_031,100
CCACACAACGGTCAGGGCAT_032,81
TTCCTCAGCAGCCCACTCAG_001,189
TTCCTCAGCAGCCCACTCAG_002,60
TTCCTCAGCAGCCCACTCAG_003,94
TTCCTCAGCAGCCCACTCAG_004,161
TTCCTCAGCAGCCCACTCAG_005,55
TTCCTCAGCAGCCCACTCAG_006,169
TTCCTCAGCAGCCCACTCAG_007,127
TTCCTCAGCAGCCCACTCAG_008,50
TTCCTCAGCAGCCCACTCAG_009,145
TTCCTCAGCAGCCCACTCAG_010,199
TTCCTCAGCAGCCCACTCAG_011,175
TTCCTCAGCAGCCCACTCAG_012,142
TTCCTCAGCAGCCCACTCAG_013,163
TTCCTCAGCAGCCCACTCAG_014,16
TTCCTCAGCAGCCCACTCAG_015,190
TTCCTCAGCAGCCCACTCAG_016,187
TTCCTCAGCAGCCCACTCAG_017,150
TTCCTCAGCAGCCCACTCAG_018,89
TTCCTCAGCAGCCCACTCAG_019,121
TTCCTCAGCAGCCCACTCAG_020,9
TTCCTCAGCAGCCCACTCAG_021,179
TTCCTCAGCAGCCCACTCAG_022,41
TTCCTCAGCAGCCCACTCAG_023,140
TTCCTCAGCAGCCCACTCAG_024,13
TTCCTCAGCAGCCCACTCAG_025,104
TTCCTCAGCAGCCCACTCAG_026,177
TTCCTCAGCAGCCCACTCAG_027,118
TTCCTCAGCAGCCCACTCAG_028,172
TTCCTCAGCAGCCCACTCAG_029,45
TTCCTCAGCAGCCCACTCAG_030,153
TTCCTCAGCAGCCCACTCAG_031,23
TTCCTCAGCAGCCCACTCAG_032,198
TTCCTCAGCAGCCCACTCAG_033,161
TTCCTCAGCAGCCCACTCAG_034,148
TTCCTCAGCAGCCCACTCAG_035,82
TTCCTCAGCAGCCCACTCAG_036,17
GCCACGGACGACGTCCTGCG_001,12
GCCACGGACGACGTCCTGCG_002,7
GCCACGGACGACGTCCTGCG_003,91
GCCACGGACGACGTCCTGCG_004,52
GCCACGGACGACGTCCTGCG_005,90
GCCACGGACGACGTCCTGCG_006,19
GCCACGGACGACGTCCTGCG_007,101
GCCACGGACGACGTCCTGCG_008,44
GCCACGGACGACGTCCTGCG_009,19
GCCACGGACGACGTCCTGCG_010,94
GCCACGGACGACGTCCTGCG_011,144
GCCACGGACGACGTCCTGCG_012,175
GCCACGGACGACGTCCTGCG_013,48
GCCACGGACGACGTCCTGCG_014,151
GCCACGGACGACGTCCTGCG_015,10
GCCACGGACGACGTCCTGCG_016,12
GCCACGGACGACGTCCTGCG_017,29
GCCACGGACGACGTCCTGCG_018,102
GCCACGGACGACGTCCTGCG_019,3
GCCACGGACGACGTCCTGCG_020,34
GCCACGGACGACGTCCTGCG_021,54
GCCACGGACGACGTCCTGCG_022,162
ATTCCTGATGAGTTCGACAA_001,176
ATTCCTGATGAGTTCGACAA_002,128
ATTCCTGATGAGTTCGACAA_003,47
ATTCCTGATGAGTTCGACAA_004,179
ATTCCTGATGAGTTCGACAA_005,64
ATTCCTGATGAGTTCGACAA_006,122
ATTCCTGATGAGTTCGACAA_007,12
ATTCCTGATGAGTTCGACAA_008,174
ATTCCTGATGAGTTCGACAA_009,107
ATTCCTGATGAGTTCGACAA_010,191
ATTCCTGATGAGTTCGACAA_011,187
ATTCCTGATGAGTTCGACAA_012,188
ATTCCTGATGAGTTCGACAA_013,146
ATTCCTGATGAGTTCGACAA_014,19
TTGTTCACAGGTCAGTTTAG_001,116
TTGTTCACAGGTCAGTTTAG_002,128
TTGTTCACAGGTCAGTTTAG_003,149
ATACCTTGTGGATAGCATGT_001,107
ATACCTTGTGGATAGCATGT_002,141
ATACCTTGTGGATAGCATGT_003,183
ATACCTTGTGGATAGCATGT_004,22
ATACCTTGTGGATAGCATGT_005,75
ATACCTTGTGGATAGCATGT_006,82
ATACCTTGTGGATAGCATGT_007,169
ATACCTTGTGGATAGCATGT_008,23
ATACCTTGTGGATAGCATGT_009,88
ATACCTTGTGGATAGCATGT_010,174
ATACCTTGTGGATAGCATGT_011,44
ATACCTTGTGGATAGCATGT_012,59
ATACCTTGTGGATAGCATGT_013,102
ATACCTTGTGGATAGCATGT_014,113
ATACCTTGTGGATAGCATGT_015,199
ATACCTTGTGGATAGCATGT_016,199
ATACCTTGTGGATAGCATGT_017,192
ATACCTTGTGGATAGCATGT_018,11
ATACCTTGTGGATAGCATGT_019,78
ATACCTTGTGGATAGCATGT_020,88
ATACCTTGTGGATAGCATGT_021,88
ATACCTTGTGGATAGCATGT_022,59
ATACCTTGTGGATAGCATGT_023,57
ATACCTTGTGGATAGCATGT_024,121
CTGCTGTCGTCGATAACCCG_001,166
CTGCTGTCGTCGATAACCCG_002,81
CTGCTGTCGTCGATAACCCG_003,81
CTGCTGTCGTCGATAACCCG_004,147
CTGCTGTCGTCGATAACCCG_005,158
CTGCTGTCGTCGATAACCCG_006,137
CTGCTGTCGTCGATAACCCG_007,72
CTGCTGTCGTCGATAACCCG_008,158
CTGCTGTCGTCGATAACCCG_009,110
CTGCTGTCGTCGATAACCCG_010,186
CTGCTGTCGTCGATAACCCG_011,144
CTGCTGTCGTCGATAACCCG_012,77
CTGCTGTCGTCGATAACCCG_013,191
CTGCTGTCGTCGATAACCCG_014,130
CTGCTGTCGTCGATAACCCG_015,77
CTGCTGTCGTCGATAACCCG_016,17
AAGCCACAACCACTGATGTC_001,115
AAGCCACAACCACTGATGTC_002,22
AAGCCACAACCACTGATGTC_003,63
AAGCCACAACCACTGATGTC_004,166
AAGCCACAACCACTGATGTC_005,179
AAGCCACAACCACTGATGTC_006,183
AAGCCACAACCACTGATGTC_007,75
AAGCCACAACCACTGATGTC_008,159
AAGCCACAACCACTGATGTC_009,63
AAGCCACAACCACTGATGTC_010,149
ACCGGTCCAGATGGCTGAGT_001,139
ACCGGTCCAGATGGCTGAGT_002,77
ACCGGTCCAGATGGCTGAGT_003,106
ACCGGTCCAGATGGCTGAGT_004,77
ACCGGTCCAGATGGCTGAGT_005,33
ACCGGTCCAGATGGCTGAGT_006,96
ACCGGTCCAGATGGCTGAGT_007,62
ACCGGTCCAGATGGCTGAGT_008,40
GGATCTGGGGACAACCGGGG_001,43
GGATCTGGGGACAACCGGGG_002,54
GGATCTGGGGACAACCGGGG_003,64
GGATCTGGGGACAACCGGGG_004,172
GGATCTGGGGACAACCGGGG_005,130
GGATCTGGGGACAACCGGGG_006,108
GGATCTGGGGACAACCGGGG_007,35
GGATCTGGGGACAACCGGGG_008,7
GGATCTGGGGACAACCGGGG_009,104
GGATCTGGGGACAACCGGGG_010,148
GGATCTGGGGACAACCGGGG_011,1
GGATCTGGGGACAACCGGGG_012,125
GGATCTGGGGACAACCGGGG_013,199
GGATCTGGGGACAACCGGGG_014,142
GGATCTGGGGACAACCGGGG_015,88
GGATCTGGGGACAACCGGGG_016,83
GGATCTGGGGACAACCGGGG_017,164
GGATCTGGGGACAACCGGGG_018,13
GGATCTGGGGACAACCGGGG_019,89
CCTTTGCATCCACAAATGCG_001,80
CCTTTGCATCCACAAATGCG_002,98
TCGTTGTCCCCAAATAGCCC_001,31
TGAAGTGATCCAGTTCATGT_001,183
TGAAGTGATCCAGTTCATGT_002,58
TGAAGTGATCCAGTTCATGT_003,1
TGAAGTGATCCAGTTCATGT_004,160
TGAAGTGATCCAGTTCATGT_005,160
TGAAGTGATCCAGTTCATGT_006,147
TGAAGTGATCCAGTTCATGT_007,10
TGAAGTGATCCAGTTCATGT_008,63
TGAAGTGATCCAGTTCATGT_009,138
AACAGCATGAGAACTTGACA_001,141
AACAGCATGAGAACTTGACA_002,82
AACAGCATGAGAACTTGACA_003,67
AACAGCATGAGAACTTGACA_004,125
AACAGCATGAGAACTTGACA_005,108
AACAGCATGAGAACTTGACA_006,199
AACAGCATGAGAACTTGACA_007,145
AACAGCATGAGAACTTGACA_008,94
AACAGCATGAGAACTTGACA_009,62
AACAGCATGAGAACTTGACA_010,62
AACAGCATGAGAACTTGACA_011,6
AACAGCATGAGAACTTGACA_012,18
TTTGCCAAGATATATCTGGA_001,39
TTTGGATGGGCAAATAACCA_001,172
TTTGGATGGGCAAATAACCA_002,198
CTTCAACACCTGGATACACC_001,153
CTTCAACACCTGGATACACC_002,57
CTTCAACACCTGGATACACC_003,112
CTTCAACACCTGGATACACC_004,169
CTTCAACACCTGGATACACC_005,3
CTTCAACACCTGGATACACC_006,145
CTTCAACACCTGGATACACC_007,22
TGGTCACTGTGTCTTCATAG_001,121
GAACCGATCGATGATGGCAA_001,51
GAACCGATCGATGATGGCAA_002,197
GAACCGATCGATGATGGCAA_003,57
GAACCGATCGATGATGGCAA_004,189
GAACCGATCGATGATGGCAA_005,189
GAACCGATCGATGATGGCAA_006,178
GAACCGATCGATGATGGCAA_007,4
GAACCGATCGATGATGGCAA_008,47
GAACCGATCGATGATGGCAA_009,75
GAACCGATCGATGATGGCAA_010,11
GAACCGATCGATGATGGCAA_011,151
GAACCGATCGATGATGGCAA_012,197
GAACCGATCGATGATGGCAA_013,25
GAACCGATCGATGATGGCAA_014,50
GAACCGATCGATGATGGCAA_015,1
GAACCGATCGATGATGGCAA_016,52
GAACCGATCGATGATGGCAA_017,170
GAACCGATCGATGATGGCAA_018,41
GAACCGATCGATGATGGCAA_019,152
GAACCGATCGATGATGGCAA_020,138
GAACCGATCGATGATGGCAA_021,188
GAACCGATCGATGATGGCAA_022,185
GAACCGATCGATGATGGCAA_023,166
TATGAGGATTAACAATGTAC_001,116
TATGAGGATTAACAATGTAC_002,37
TATGAGGATTAACAATGTAC_003,104
GCACCATGCGTAGCACCGGG_001,62
GCACCATGCGTAGCACCGGG_002,126
GCACCATGCGTAGCACCGGG_003,94
GCACCATGCGTAGCACCGGG_004,198
GCACCATGCGTAGCACCGGG_005,56
GCACCATGCGTAGCACCGGG_006,149
TCTTGTATCGTATTTCACCG_001,9
AAACCCATTGCATTTGCTCG_001,105
AAACCCATTGCATTTGCTCG_002,118
AAACCCATTGCATTTGCTCG_003,132
AAACCCATTGCATTTGCTCG_004,8
AAACCCATTGCATTTGCTCG_005,61
AAACCCATTGCATTTGCTCG_006,80
AAACCCATTGCATTTGCTCG_007,106
AAACCCATTGCATTTGCTCG_008,142
AAACCCATTGCATTTGCTCG_009,18
GCAACTACTACTATGAACTC_001,44
GCAACTACTACTATGAACTC_002,137
GCAACTACTACTATGAACTC_003,158
CAGTAAGACTAACGAAACAA_001,166
CAGTAAGACTAACGAAACAA_002,60
CAGTAAGACTAACGAAACAA_003,81
CAGTAAGACTAACGAAACAA_004,184
CAGTAAGACTAACGAAACAA_005,158
ACAGGCATTGATAAGTACAG_001,25
ACAGGCATTGATAAGTACAG_002,43
ACAGGCATTGATAAGTACAG_003,170
ACAGGCATTGATAAGTACAG_004,119
ACAGGCATTGATAAGTACAG_005,16
ACAGGCATTGATAAGTACAG_006,184
ACAGGCATTGATAAGTACAG_007,78
ACAGGCATTGATAAGTACAG_008,98
ACAGGCATTGATAAGTACAG_009,160
ACAGGCATTGATAAGTACAG_010,197
CCACTGTGCTCATCACGCTG_001,145
CCACTGTGCTCATCACGCTG_002,83
CCACTGTGCTCATCACGCTG_003,11
CCACTGTGCTCATCACGCTG_004,191
CCACTGTGCTCATCACGCTG_005,184
CCACTGTGCTCATCACGCTG_006,5
CCACTGTGCTCATCACGCTG_007,148
CCACTGTGCTCATCACGCTG_008,7
CCACTGTGCTCATCACGCTG_009,139
CCACTGTGCTCATCACGCTG_010,52
CCACTGTGCTCATCACGCTG_011,17
CCACTGTGCTCATCACGCTG_012,56
CCACTGTGCTCATCACGCTG_013,175
CCACTGTGCTCATCACGCTG_014,105
CCACTGTGCTCATCACGCTG_015,38
CCACTGTGCTCATCACGCTG_016,94
AGGTCTTGTCCGTAGGTTCG_001,85
AGGTCTTGTCCGTAGGTTCG_002,140
AGGTCTTGTCCGTAGGTTCG_003,101
AGGTCTTGTCCGTAGGTTCG_004,77
AGGTCTTGTCCGTAGGTTCG_005,188
AGGTCTTGTCCGTAGGTTCG_006,98
AGGTCTTGTCCGTAGGTTCG_007,52
AGGTCTTGTCCGTAGGTTCG_008,15
AGGTCTTGTCCGTAGGTTCG_009,17
AGGTCTTGTCCGTAGGTTCG_010,113
AGGTCTTGTCCGTAGGTTCG_011,83
AGGTCTTGTCCGTAGGTTCG_012,162
AGGTCTTGTCCGTAGGTTCG_013,54
AGGTCTTGTCCGTAGGTTCG_014,120
AGGTCTTGTCCGTAGGTTCG_015,63
AGGTCTTGTCCGTAGGTTCG_016,63
AGGTCTTGTCCGTAGGTTCG_017,56
AGGTCTTGTCCGTAGGTTCG_018,165
AGGTCTTGTCCGTAGGTTCG_019,17
AGGTCTTGTCCGTAGGTTCG_020,172
TGCTGGTTCCAACAAAAAGG_001,189
TGCTGGTTCCAACAAAAAGG_002,48
TGCTGGTTCCAACAAAAAGG_003,137
TGCTGGTTCCAACAAAAAGG_004,120
TGCTGGTTCCAACAAAAAGG_005,155
TGCTGGTTCCAACAAAAAGG_006,191
GCGAGGTCGTCTTCAAAGGA_001,53
GCGAGGTCGTCTTCAAAGGA_002,80
GCGAGGTCGTCTTCAAAGGA_003,6
GCGAGGTCGTCTTCAAAGGA_004,81
GCGAGGTCGTCTTCAAAGGA_005,35
GCGAGGTCGTCTTCAAAGGA_006,116
GCGAGGTCGTCTTCAAAGGA_007,192
GCGAGGTCGTCTTCAAAGGA_008,98
GCGAGGTCGTCTTCAAAGGA_009,123
GCGAGGTCGTCTTCAAAGGA_010,9
GCGAGGTCGTCTTCAAAGGA_011,195
GCGAGGTCGTCTTCAAAGGA_012,144
GCGAGGTCGTCTTCAAAGGA_013,58
GCGAGGTCGTCTTCAAAGGA_014,19
GCGAGGTCGTCTTCAAAGGA_015,123
TGGGTCTGCTCACCTCACGG_001,192
TGGGTCTGCTCACCTCACGG_002,197
TGGGTCTGCTCACCTCACGG_003,88
TGGGTCTGCTCACCTCACGG_004,162
TGGGTCTGCTCACCTCACGG_005,158
TTTGGGGGTAAACTGCACCT_001,170
TTTGGGGGTAAACTGCACCT_002,197
TTTGGGGGTAAACTGCACCT_003,178
TTTGGGGGTAAACTGCACCT_004,104
TTTGGGGGTAAACTGCACCT_005,178
ACAGAACCTGTAAAGCTAGG_001,50
ACAGAACCTGTAAAGCTAGG_002,119
ACAGAACCTGTAAAGCTAGG_003,75
ACAGAACCTGTAAAGCTAGG_004,180
GAAAGGCATAGTGAGAATGG_001,147
GAAAGGCATAGTGAGAATGG_002,112
GAAAGGCATAGTGAGAATGG_003,109
GAAAGGCATAGTGAGAATGG_004,172
GAAAGGCATAGTGAGAATGG_005,197
TGAGCGGGCTTATTCCGCAG_001,165
TGAGCGGGCTTATTCCGCAG_002,168
TGAGCGGGCTTATTCCGCAG_003,31
TGAGCGGGCTTATTCCGCAG_004,118
TGAGCGGGCTTATTCCGCAG_005,183
TTTGGTCAACGCATAGCTTG_001,138
TTTGGTCAACGCATAGCTTG_002,17
TTTGGTCAACGCATAGCTTG_003,199
TTTGGTCAACGCATAGCTTG_004,184
TTTGGTCAACGCATAGCTTG_005,188
TTTGGTCAACGCATAGCTTG_006,120
TTTGGTCAACGCATAGCTTG_007,86
TTTGGTCAACGCATAGCTTG_008,60
TTTGGTCAACGCATAGCTTG_009,62
TTTGGTCAACGCATAGCTTG_010,193
TTTGGTCAACGCATAGCTTG_011,70
TTTGGTCAACGCATAGCTTG_012,162
TTTGGTCAACGCATAGCTTG_013,147
TTTGGTCAACGCATAGCTTG_014,123
TTTGGTCAACGCATAGCTTG_015,51
TTTGGTCAACGCATAGCTTG_016,48
TTTGGTCAACGCATAGCTTG_017,83
TTTGGTCAACGCATAGCTTG_018,127
TTTGGTCAACGCATAGCTTG_019,182
TTTGGTCAACGCATAGCTTG_020,182
TTTGGTCAACGCATAGCTTG_021,142
TTTGGTCAACGCATAGCTTG_022,115
CCGGTGTGAAGCCTCCTGTA_001,155
CCGGTGTGAAGCCTCCTGTA_002,150
CCGGTGTGAAGCCTCCTGTA_003,51
CCGGTGTGAAGCCTCCTGTA_004,130
CCGGTGTGAAGCCTCCTGTA_005,7
CCGGTGTGAAGCCTCCTGTA_006,19
CCGGTGTGAAGCCTCCTGTA_007,86
CCGGTGTGAAGCCTCCTGTA_008,182
CCGGTGTGAAGCCTCCTGTA_009,82
CCGGTGTGAAGCCTCCTGTA_010,12
CCGGTGTGAAGCCTCCTGTA_011,65
CCGGTGTGAAGCCTCCTGTA_012,191
CCGGTGTGAAGCCTCCTGTA_013,70
GAATAAGCTATGCAGTTCAG_001,147
GAATAAGCTATGCAGTTCAG_002,9
GAATAAGCTATGCAGTTCAG_003,155
GAATAAGCTATGCAGTTCAG_004,16
GAATAAGCTATGCAGTTCAG_005,61
GAATAAGCTATGCAGTTCAG_006,19
GAATAAGCTATGCAGTTCAG_007,138
TGACTCGAGTTAGTGGCATT_001,9
TGACTCGAGTTAGTGGCATT_002,45
TGACTCGAGTTAGTGGCATT_003,112
TGACTCGAGTTAGTGGCATT_004,40
TGACTCGAGTTAGTGGCATT_005,22
TGACTCGAGTTAGTGGCATT_006,179
TGACTCGAGTTAGTGGCATT_007,89
TGACTCGAGTTAGTGGCATT_008,140
TGACTCGAGTTAGTGGCATT_009,127
TGACTCGAGTTAGTGGCATT_010,107
TGACTCGAGTTAGTGGCATT_011,61
TGACTCGAGTTAGTGGCATT_012,100
TGACTCGAGTTAGTGGCATT_013,178
TGACTCGAGTTAGTGGCATT_014,184
TGACTCGAGTTAGTGGCATT_015,34
TGACTCGAGTTAGTGGCATT_016,113
TGACTCGAGTTAGTGGCATT_017,106
TGACTCGAGTTAGTGGCATT_018,108
TGACTCGAGTTAGTGGCATT_019,91
TGACTCGAGTTAGTGGCATT_020,90
CCTGGGCAATGCATTGTAAG_001,26
CCTGGGCAATGCATTGTAAG_002,173
CCTGGGCAATGCATTGTAAG_003,57
CATTACGAATTCTCTCACCC_001,144
CAAAACAGGTGTCATCAGGG_001,174
CAAAACAGGTGTCATCAGGG_002,43
GACCCACTGGTTACCTACGA_001,166
GACCCACTGGTTACCTACGA_002,172
GACCCACTGGTTACCTACGA_003,101
GACCCACTGGTTACCTACGA_004,176
GACCCACTGGTTACCTACGA_005,176
GACCCACTGGTTACCTACGA_006,174
GACCCACTGGTTACCTACGA_007,149
GACCCACTGGTTACCTACGA_008,78
GACCCACTGGTTACCTACGA_009,2
GACCCACTGGTTACCTACGA_010,83
GACCCACTGGTTACCTACGA_011,137
GACCCACTGGTTACCTACGA_012,35
GACCCACTGGTTACCTACGA_013,77
GACCCACTGGTTACCTACGA_014,19
GCCCTGGTGACGCAATGCGG_001,169
GCCCTGGTGACGCAATGCGG_002,5
GCCCTGGTGACGCAATGCGG_003,134
GCCCTGGTGACGCAATGCGG_004,65
GCCCTGGTGACGCAATGCGG_005,148
GCCCTGGTGACGCAATGCGG_006,168
GCCCTGGTGACGCAATGCGG_007,125
GCCCTGGTGACGCAATGCGG_008,93
GCCCTGGTGACGCAATGCGG_009,159
GCCCTGGTGACGCAATGCGG_010,63
GCCCTGGTGACGCAATGCGG_011,135
GTACTACGCCAAGGTTGAGC_001,114
GTACTACGCCAAGGTTGAGC_002,188
GTACTACGCCAAGGTTGAGC_003,148
GTACTACGCCAAGGTTGAGC_004,104
TTGTAATCCTATGGTCCGAG_001,126
AGAGCATAAGCCTCACATGG_001,48
AGAGCATAAGCCTCACATGG_002,106
AGAGCATAAGCCTCACATGG_003,108
TCAGAAATACCATACTGTGA_001,76
TCAGAAATACCATACTGTGA_002,16
ACATTATTCCATAGTATGTG_001,100
ACATTATTCCATAGTATGTG_002,185
GTCTCCGACCCCAAGCACGG_001,132
GTCTCCGACCCCAAGCACGG_002,118
GTCTCCGACCCCAAGCACGG_003,171
GTCTCCGACCCCAAGCACGG_004,193
GTCTCCGACCCCAAGCACGG_005,199
GTCTCCGACCCCAAGCACGG_006,75
GTCTCCGACCCCAAGCACGG_007,58
GTCTCCGACCCCAAGCACGG_008,67
GTCTCCGACCCCAAGCACGG_009,67
GTCTCCGACCCCAAGCACGG_010,61
GTCTCCGACCCCAAGCACGG_011,169
GTCTCCGACCCCAAGCACGG_012,105
GTCTCCGACCCCAAGCACGG_013,166
GTCTCCGACCCCAAGCACGG_014,166
GTCTCCGACCCCAAGCACGG_015,6
GTCTCCGACCCCAAGCACGG_016,105
GTCTCCGACCCCAAGCACGG_017,96
GTCTCCGACCCCAAGCACGG_018,21
GTCTCCGACCCCAAGCACGG_019,154
GTCTCCGACCCCAAGCACGG_020,78
GTCTCCGACCCCAAGCACGG_021,135
GTCTCCGACCCCAAGCACGG_022,190
GTCTCCGACCCCAAGCACGG_023,28
GTCTCCGACCCCAAGCACGG_024,36
GTCTCCGACCCCAAGCACGG_025,6
GTCTCCGACCCCAAGCACGG_026,50
GCCCTCGCCATAGAAACCGG_001,113
GCCCTCGCCATAGAAACCGG_002,78
GCCCTCGCCATAGAAACCGG_003,164
GCCCTCGCCATAGAAACCGG_004,17
GCCCTCGCCATAGAAACCGG_005,154
GCCCTCGCCATAGAAACCGG_006,28
GCCCTCGCCATAGAAACCGG_007,182
GCCCTCGCCATAGAAACCGG_008,183
GCCCTCGCCATAGAAACCGG_009,101
GCCCTCGCCATAGAAACCGG_010,62
GCCCTCGCCATAGAAACCGG_011,32
GCCCTCGCCATAGAAACCGG_012,190
GCCCTCGCCATAGAAACCGG_013,144
GCCCTCGCCATAGAAACCGG_014,196
GCCCTCGCCATAGAAACCGG_015,66
GCCCTCGCCATAGAAACCGG_016,141
GCCCTCGCCATAGAAACCGG_017,15
GCCCTCGCCATAGAAACCGG_018,58
GCCCTCGCCATAGAAACCGG_019,127
GCCCTCGCCATAGAAACCGG_020,175
GCCCTCGCCATAGAAACCGG_021,171
GCCCTCGCCATAGAAACCGG_022,191
GCCCTCGCCATAGAAACCGG_023,123
ACAACCCACAAGTCTGTCGA_001,49
ACAACCCACAAGTCTGTCGA_002,197
ACAACCCACAAGTCTGTCGA_003,9
ACAACCCACAAGTCTGTCGA_004,150
ACAACCCACAAGTCTGTCGA_005,12
ACAACCCACAAGTCTGTCGA_006,127
ACAACCCACAAGTCTGTCGA_007,49
ACAACCCACAAGTCTGTCGA_008,47
ACAACCCACAAGTCTGTCGA_009,175
ACAACCCACAAGTCTGTCGA_010,56
ACAACCCACAAGTCTGTCGA_011,113
ACAACCCACAAGTCTGTCGA_012,76
ACAACCCACAAGTCTGTCGA_013,76
ACAACCCACAAGTCTGTCGA_014,80
ACAACCCACAAGTCTGTCGA_015,162
ACAACCCACAAGTCTGTCGA_016,60
GTGATGCAGTGCACGCTAGG_001,184
GTGATGCAGTGCACGCTAGG_002,12
GTGATGCAGTGCACGCTAGG_003,60
GTGATGCAGTGCACGCTAGG_004,28
GTGATGCAGTGCACGCTAGG_005,166
GTGATGCAGTGCACGCTAGG_006,32
GTGATGCAGTGCACGCTAGG_007,105
GTGATGCAGTGCACGCTAGG_008,62
GTGATGCAGTGCACGCTAGG_009,62
GTGATGCAGTGCACGCTAGG_010,114
GTGATGCAGTGCACGCTAGG_011,147
GTGATGCAGTGCACGCTAGG_012,45
GTGATGCAGTGCACGCTAGG_013,187
GTGATGCAGTGCACGCTAGG_014,100
GTGATGCAGTGCACGCTAGG_015,37
GGAACCGATTGATATAGCGT_001,115
GGAACCGATTGATATAGCGT_002,102
GGAACCGATTGATATAGCGT_003,168
GGAACCGATTGATATAGCGT_004,94
GGAACCGATTGATATAGCGT_005,183
GGAACCGATTGATATAGCGT_006,118
GGAACCGATTGATATAGCGT_007,138
GGAACCGATTGATATAGCGT_008,16
GGAACCGATTGATATAGCGT_009,48
GGAACCGATTGATATAGCGT_010,191
GGAACCGATTGATATAGCGT_011,199
GGAACCGATTGATATAGCGT_012,137
GGAACCGATTGATATAGCGT_013,51
GATGGCCGCCATGAAACGGT_001,126
GATGGCCGCCATGAAACGGT_002,17
GATGGCCGCCATGAAACGGT_003,140
GATGGCCGCCATGAAACGGT_004,12
GATGGCCGCCATGAAACGGT_005,92
GATGGCCGCCATGAAACGGT_006,58
TGTCATGGAGTACGCCAACG_001,194
TGTCATGGAGTACGCCAACG_002,135
TGTCATGGAGTACGCCAACG_003,172
TGTCATGGAGTACGCCAACG_004,172
TGTCATGGAGTACGCCAACG_005,95
TGTCATGGAGTACGCCAACG_006,55
TGTCATGGAGTACGCCAACG_007,137
TGTCATGGAGTACGCCAACG_008,184
TGTCATGGAGTACGCCAACG_009,94
TGTCATGGAGTACGCCAACG_010,197
TGTCATGGAGTACGCCAACG_011,166
TGTCATGGAGTACGCCAACG_012,188
TGTCATGGAGTACGCCAACG_013,101
CCGTAGGAGCCACTATGAGG_001,122
CCGTAGGAGCCACTATGAGG_002,102
CCGTAGGAGCCACTATGAGG_003,101
CCGTAGGAGCCACTATGAGG_004,182
CCGTAGGAGCCACTATGAGG_005,37
CCGTAGGAGCCACTATGAGG_006,174
CCGTAGGAGCCACTATGAGG_007,50
CCGTAGGAGCCACTATGAGG_008,169
CCGTAGGAGCCACTATGAGG_009,108
CCGTAGGAGCCACTATGAGG_010,96
CCGTAGGAGCCACTATGAGG_011,96
CCGTAGGAGCCACTATGAGG_012,195
CCGTAGGAGCCACTATGAGG_013,195
CCGTAGGAGCCACTATGAGG_014,105
CCGTAGGAGCCACTATGAGG_015,14
CCGTAGGAGCCACTATGAGG_016,4
CCGTAGGAGCCACTATGAGG_017,191
CCGTAGGAGCCACTATGAGG_018,116
AAGCGGACATCACTTATGAG_001,23
AAGCGGACATCACTTATGAG_002,184
AAGCGGACATCACTTATGAG_003,62
AAGCGGACATCACTTATGAG_004,38
ATCCAGCTGTCTCCAATACC_001,196
ATCCAGCTGTCTCCAATACC_002,160
ATCCAGCTGTCTCCAATACC_003,70
ATCCAGCTGTCTCCAATACC_004,178
TTCATCAATAGCAAACAACA_001,101
TTCATCAATAGCAAACAACA_002,127
TTCATCAATAGCAAACAACA_003,24
TTCATCAATAGCAAACAACA_004,48
TTCATCAATAGCAAACAACA_005,149
TTCATCAATAGCAAACAACA_006,81
TTCATCAATAGCAAACAACA_007,111
TTCATCAATAGCAAACAACA_008,102
TTCATCAATAGCAAACAACA_009,18
AGAGATTGTCAAATTTGACC_001,57
AGAGATTGTCAAATTTGACC_002,40
CTATGTAGGCATCCGAAGCA_001,157
CTATGTAGGCATCCGAAGCA_002,177
CTATGTAGGCATCCGAAGCA_003,116
GCTTAGCAAATACATAGAGG_001,102
GCTTAGCAAATACATAGAGG_002,4
GCTTAGCAAATACATAGAGG_003,9
GCTTAGCAAATACATAGAGG_004,84
GCTTAGCAAATACATAGAGG_005,142
AGGCACCCCCAGGAACATCG_001,77
AGGCACCCCCAGGAACATCG_002,168
AGGCACCCCCAGGAACATCG_003,173
AGGCACCCCCAGGAACATCG_004,39
AGGCACCCCCAGGAACATCG_005,186
AGGCACCCCCAGGAACATCG_006,0
AGGCACCCCCAGGAACATCG_007,94
AGGCACCCCCAGGAACATCG_008,56
AGGCACCCCCAGGAACATCG_009,110
AGGCACCCCCAGGAACATCG_010,1
AGGCACCCCCAGGAACATCG_011,40
AGGCACCCCCAGGAACATCG_012,113
AGGCACCCCCAGGAACATCG_013,147
AGGCACCCCCAGGAACATCG_014,162
AGGCACCCCCAGGAACATCG_015,168
AGGCACCCCCAGGAACATCG_016,149
AGGCACCCCCAGGAACATCG_017,147
AGGCACCCCCAGGAACATCG_018,136
AGGCACCCCCAGGAACATCG_019,34
AGAACTAGCAGGCCTTACGG_001,41
AGAACTAGCAGGCCTTACGG_002,87
AGAACTAGCAGGCCTTACGG_003,58
AGAACTAGCAGGCCTTACGG_004,158
AGAACTAGCAGGCCTTACGG_005,48
AGAACTAGCAGGCCTTACGG_006,49
AGAACTAGCAGGCCTTACGG_007,2
AGAACTAGCAGGCCTTACGG_008,34
AGAACTAGCAGGCCTTACGG_009,116
GGAAGAGTGCGTGCTTCCCG_001,130
GGAAGAGTGCGTGCTTCCCG_002,162
CTGGGAGCGCCGCGCGTACG_001,41
CTGGGAGCGCCGCGCGTACG_002,60
CTGGGAGCGCCGCGCGTACG_003,60
CTGGGAGCGCCGCGCGTACG_004,82
CTGGGAGCGCCGCGCGTACG_005,53
CTGGGAGCGCCGCGCGTACG_006,63
CTGGGAGCGCCGCGCGTACG_007,168
CTGGGAGCGCCGCGCGTACG_008,6
CTGGGAGCGCCGCGCGTACG_009,115
CTGGGAGCGCCGCGCGTACG_010,188
CTGGGAGCGCCGCGCGTACG_011,83
CTGGGAGCGCCGCGCGTACG_012,42
CTGGGAGCGCCGCGCGTACG_013,145
CTGGGAGCGCCGCGCGTACG_014,111
CTGGGAGCGCCGCGCGTACG_015,2
CTGGGAGCGCCGCGCGTACG_016,102
CTGGGAGCGCCGCGCGTACG_017,27
CTGGGAGCGCCGCGCGTACG_018,66
CTGGGAGCGCCGCGCGTACG_019,147
CTGGGAGCGCCGCGCGTACG_020,168
CTGGGAGCGCCGCGCGTACG_021,108
CCCAACATAGAACTCCAGAA_001,23
CCCAACATAGAACTCCAGAA_002,14
CCCAACATAGAACTCCAGAA_003,114
CCCAACATAGAACTCCAGAA_004,188
CCCAACATAGAACTCCAGAA_005,160
GGACTCTCTGATGTAAGAGG_001,194
GGACTCTCTGATGTAAGAGG_002,81
GGACTCTCTGATGTAAGAGG_003,113
GGACTCTCTGATGTAAGAGG_004,163
GGACTCTCTGATGTAAGAGG_005,9
GGACTCTCTGATGTAAGAGG_006,9
GGACTCTCTGATGTAAGAGG_007,7
GGACTCTCTGATGTAAGAGG_008,34
GGACTCTCTGATGTAAGAGG_009,117
GGACTCTCTGATGTAAGAGG_010,66
GGACTCTCTGATGTAAGAGG_011,102
GGACTCTCTGATGTAAGAGG_012,160
GGACTCTCTGATGTAAGAGG_013,141
GGATGAGTGACTGACCACCC_001,162
GGATGAGTGACTGACCACCC_002,15
GGATGAGTGACTGACCACCC_003,153
AACCCCCAGATGTCATTGGA_001,94
AACCCCCAGATGTCATTGGA_002,190
AACCCCCAGATGTCATTGGA_003,162
AACCCCCAGATGTCATTGGA_004,176
AACCCCCAGATGTCATTGGA_005,176
AACCCCCAGATGTCATTGGA_006,174
AACCCCCAGATGTCATTGGA_007,137
AACCCCCAGATGTCATTGGA_008,23
AACCCCCAGATGTCATTGGA_009,77
AACCCCCAGATGTCATTGGA_010,145
AACCCCCAGATGTCATTGGA_011,146
AACCCCCAGATGTCATTGGA_012,188
AACCCCCAGATGTCATTGGA_013,165
AACCCCCAGATGTCATTGGA_014,66
AACCCCCAGATGTCATTGGA_015,197
AACCCCCAGATGTCATTGGA_016,70
AACCCCCAGATGTCATTGGA_017,142
AACCCCCAGATGTCATTGGA_018,29
AACCCCCAGATGTCATTGGA_019,96
AGCCTGCAAAAACTCAACAC_001,8
AGCCTGCAAAAACTCAACAC_002,132
AGCCTGCAAAAACTCAACAC_003,144
AGCCTGCAAAAACTCAACAC_004,49
AGCCTGCAAAAACTCAACAC_005,8
AGCCTGCAAAAACTCAACAC_006,188
AGCCTGCAAAAACTCAACAC_007,157
AGCCTGCAAAAACTCAACAC_008,42
AGCCTGCAAAAACTCAACAC_009,161
AGCCTGCAAAAACTCAACAC_010,88
AGCCTGCAAAAACTCAACAC_011,58
AGCCTGCAAAAACTCAACAC_012,110
AGCCTGCAAAAACTCAACAC_013,41
AGCCTGCAAAAACTCAACAC_014,122
AGCCTGCAAAAACTCAACAC_015,94
AGCCTGCAAAAACTCAACAC_016,184
AGCCTGCAAAAACTCAACAC_017,191
AGCCTGCAAAAACTCAACAC_018,115
AGCCTGCAAAAACTCAACAC_019,78
AGCCTGCAAAAACTCAACAC_020,136
AGCCTGCAAAAACTCAACAC_021,137
AGCCTGCAAAAACTCAACAC_022,124
AGCCTGCAAAAACTCAACAC_023,130
AGCCTGCAAAAACTCAACAC_024,19
GGAGAGGGAGATAGAAAGCG_001,3
GGAGAGGGAGATAGAAAGCG_002,15
TCGGCGCCGGGCAGAACAAG_001,34
TCGGCGCCGGGCAGAACAAG_002,138
TCGGCGCCGGGCAGAACAAG_003,61
TCGGCGCCGGGCAGAACAAG_004,162
TCGGCGCCGGGCAGAACAAG_005,15
TCGGCGCCGGGCAGAACAAG_006,140
TCGGCGCCGGGCAGAACAAG_007,110
TCGGCGCCGGGCAGAACAAG_008,55
TCGGCGCCGGGCAGAACAAG_009,123
TCGGCGCCGGGCAGAACAAG_010,70
TCGGCGCCGGGCAGAACAAG_011,199
TCGGCGCCGGGCAGAACAAG_012,177
TCGGCGCCGGGCAGAACAAG_013,76
TCGGCGCCGGGCAGAACAAG_014,30
TCGGCGCCGGGCAGAACAAG_015,18
TCGGCGCCGGGCAGAACAAG_016,165
ACTTGTGGAAGATGGCCACG_001,77
ACTTGTGGAAGATGGCCACG_002,130
ACTTGTGGAAGATGGCCACG_003,101
ACTTGTGGAAGATGGCCACG_004,125
ACTTGTGGAAGATGGCCACG_005,195
ACTTGTGGAAGATGGCCACG_006,137
ACTTGTGGAAGATGGCCACG_007,160
ACTTGTGGAAGATGGCCACG_008,96
ACTTGTGGAAGATGGCCACG_009,188
ACTTGTGGAAGATGGCCACG_010,159
ACTTGTGGAAGATGGCCACG_011,63
ACTTGTGGAAGATGGCCACG_012,118
ACTTGTGGAAGATGGCCACG_013,34
ACTTGTGGAAGATGGCCACG_014,121
GAATATAAAGGAATGCCAGG_001,96
GAATATAAAGGAATGCCAGG_002,20
AAGCCATACTGACACACTCA_001,60
AAGCCATACTGACACACTCA_002,117
AAGCCATACTGACACACTCA_003,3
AAGCCATACTGACACACTCA_004,115
AAGCCATACTGACACACTCA_005,105
AACTCCCATACGTCCACCTG_001,31
AACTCCCATACGTCCACCTG_002,68
AACTCCCATACGTCCACCTG_003,103
AACTCCCATACGTCCACCTG_004,50
AACTCCCATACGTCCACCTG_005,12
AACTCCCATACGTCCACCTG_006,98
AACTCCCATACGTCCACCTG_007,55
AACTCCCATACGTCCACCTG_008,93
AACTCCCATACGTCCACCTG_009,126
AACTCCCATACGTCCACCTG_010,48
AACTCCCATACGTCCACCTG_011,173
AACTCCCATACGTCCACCTG_012,62
AACTCCCATACGTCCACCTG_013,129
AACTCCCATACGTCCACCTG_014,55
AACTCCCATACGTCCACCTG_015,34
AACTCCCATACGTCCACCTG_016,33
AACTCCCATACGTCCACCTG_017,115
AGGGCGCGCGTAGCTCGATG_001,87
AGGGCGCGCGTAGCTCGATG_002,130
AGGGCGCGCGTAGCTCGATG_003,177
AGGGCGCGCGTAGCTCGATG_004,123
AGGGCGCGCGTAGCTCGATG_005,134
AGGGCGCGCGTAGCTCGATG_006,94
AGGGCGCGCGTAGCTCGATG_007,19
AGGGCGCGCGTAGCTCGATG_008,152
AGGGCGCGCGTAGCTCGATG_009,152
AGGGCGCGCGTAGCTCGATG_010,44
AGGGCGCGCGTAGCTCGATG_011,105
AGGGCGCGCGTAGCTCGATG_012,62
AGGGCGCGCGTAGCTCGATG_013,13
AGGGCGCGCGTAGCTCGATG_014,184
AGGGCGCGCGTAGCTCGATG_015,2
AGGGCGCGCGTAGCTCGATG_016,127
AGGGCGCGCGTAGCTCGATG_017,76
AGGGCGCGCGTAGCTCGATG_018,28
AGGGCGCGCGTAGCTCGATG_019,114
TTCTCTCTTAAGTAGCCTAG_001,48
TTCTCTCTTAAGTAGCCTAG_002,149
TTCTCTCTTAAGTAGCCTAG_003,44
TTCTCTCTTAAGTAGCCTAG_004,29
TTCTCTCTTAAGTAGCCTAG_005,117
TTCTCTCTTAAGTAGCCTAG_006,11
TTCTCTCTTAAGTAGCCTAG_007,189
TTCTCTCTTAAGTAGCCTAG_008,184
TTCTCTCTTAAGTAGCCTAG_009,28
TTCTCTCTTAAGTAGCCTAG_010,174
TTCTCTCTTAAGTAGCCTAG_011,88
TTCTCTCTTAAGTAGCCTAG_012,105
TTGTCGGGATTGGGTACAAT_001,84
TTGTCGGGATTGGGTACAAT_002,4
TTGTCGGGATTGGGTACAAT_003,159
TTGTCGGGATTGGGTACAAT_004,158
TTGTCGGGATTGGGTACAAT_005,107
TTGTCGGGATTGGGTACAAT_006,78
TTGTCGGGATTGGGTACAAT_007,170
AACAGCTTAAAGTTTATACC_001,87
AACAGCTTAAAGTTTATACC_002,88
AACAGCTTAAAGTTTATACC_003,1
AACAGCTTAAAGTTTATACC_004,196
ATACATATGTAAGCGAAACG_001,166
ATACATATGTAAGCGAAACG_002,177
CGGTATCAGATATTGAGCGT_001,80
CGGTATCAGATATTGAGCGT_002,35
CGGTATCAGATATTGAGCGT_003,177
CGGTATCAGATATTGAGCGT_004,144
CGGTATCAGATATTGAGCGT_005,2
CGGTATCAGATATTGAGCGT_006,27
CGGTATCAGATATTGAGCGT_007,105
GATATTGCTGTGTCTTACAC_001,134
GAGACAACATTTATGAATGG_001,31
GAGACAACATTTATGAATGG_002,120
GAGACAACATTTATGAATGG_003,158
GAGATAAGAACAATAGGGAC_001,126
GGGACTACCCCTCCGCCTCG_001,159
GGGACTACCCCTCCGCCTCG_002,149
GGGACTACCCCTCCGCCTCG_003,119
GGGACTACCCCTCCGCCTCG_004,180
GGGACTACCCCTCCGCCTCG_005,199
GGGACTACCCCTCCGCCTCG_006,187
GGGACTACCCCTCCGCCTCG_007,154
GGGACTACCCCTCCGCCTCG_008,134
GGGACTACCCCTCCGCCTCG_009,74
GGGACTACCCCTCCGCCTCG_010,163
GGGACTACCCCTCCGCCTCG_011,158
GGGACTACCCCTCCGCCTCG_012,143
GGGACTACCCCTCCGCCTCG_013,127
GGGACTACCCCTCCGCCTCG_014,16
GGGACTACCCCTCCGCCTCG_015,65
GGGACTACCCCTCCGCCTCG_016,184
GGGACTACCCCTCCGCCTCG_017,169
GGGACTACCCCTCCGCCTCG_018,127
GGGACTACCCCTCCGCCTCG_019,53
GGGACTACCCCTCCGCCTCG_020,7
GGGACTACCCCTCCGCCTCG_021,59
GGGACTACCCCTCCGCCTCG_022,60
GGGACTACCCCTCCGCCTCG_023,17
GGGACTACCCCTCCGCCTCG_024,56
GGGACTACCCCTCCGCCTCG_025,105
GGGACTACCCCTCCGCCTCG_026,147
GGGACTACCCCTCCGCCTCG_027,147
GGGACTACCCCTCCGCCTCG_028,88
GGGACTACCCCTCCGCCTCG_029,166
GGGACTACCCCTCCGCCTCG_030,106
GGGACTACCCCTCCGCCTCG_031,79
GGGACTACCCCTCCGCCTCG_032,87
GGGACTACCCCTCCGCCTCG_033,115
GGGACTACCCCTCCGCCTCG_034,104
GGGACTACCCCTCCGCCTCG_035,156
GGGACTACCCCTCCGCCTCG_036,143
GGGACTACCCCTCCGCCTCG_037,130
GGGACTACCCCTCCGCCTCG_038,183
GGGACTACCCCTCCGCCTCG_039,61
GGGACTACCCCTCCGCCTCG_040,75
GGGACTACCCCTCCGCCTCG_041,46
GGGACTACCCCTCCGCCTCG_042,156
GGGACTACCCCTCCGCCTCG_043,177
GGGACTACCCCTCCGCCTCG_044,24
GGGACTACCCCTCCGCCTCG_045,179
GGGACTACCCCTCCGCCTCG_046,82
GGGACTACCCCTCCGCCTCG_047,89
GGGACTACCCCTCCGCCTCG_048,170
GGGACTACCCCTCCGCCTCG_049,176
GGGACTACCCCTCCGCCTCG_050,42
GGGACTACCCCTCCGCCTCG_051,184
GGGACTACCCCTCCGCCTCG_052,155
GGGACTACCCCTCCGCCTCG_053,88
GGGACTACCCCTCCGCCTCG_054,96
GGGACTACCCCTCCGCCTCG_055,32
GGGACTACCCCTCCGCCTCG_056,180
GGGACTACCCCTCCGCCTCG_057,52
GGGACTACCCCTCCGCCTCG_058,46
GGGACTACCCCTCCGCCTCG_059,2
GGGACTACCCCTCCGCCTCG_060,29
GGGACTACCCCTCCGCCTCG_061,181
GGGACTACCCCTCCGCCTCG_062,31
GGGACTACCCCTCCGCCTCG_063,17
GGGACTACCCCTCCGCCTCG_064,66
GGGACTACCCCTCCGCCTCG_065,88
GGGACTACCCCTCCGCCTCG_066,89
GGGACTACCCCTCCGCCTCG_067,12
GGGACTACCCCTCCGCCTCG_068,155
GGGACTACCCCTCCGCCTCG_069,147
GGGACTACCCCTCCGCCTCG_070,16
GGGACTACCCCTCCGCCTCG_071,123
GGGACTACCCCTCCGCCTCG_072,97
GGGACTACCCCTCCGCCTCG_073,138
GGGACTACCCCTCCGCCTCG_074,191
GGGACTACCCCTCCGCCTCG_075,56
GGGACTACCCCTCCGCCTCG_076,57
GGGACTACCCCTCCGCCTCG_077,29
GGGACTACCCCTCCGCCTCG_078,153
GGGACTACCCCTCCGCCTCG_079,152
GGGACTACCCCTCCGCCTCG_080,107
GGGACTACCCCTCCGCCTCG_081,28
GGGACTACCCCTCCGCCTCG_082,53
GGGACTACCCCTCCGCCTCG_083,119
GGGACTACCCCTCCGCCTCG_084,99
GGGACTACCCCTCCGCCTCG_085,148
GGGACTACCCCTCCGCCTCG_086,103
GAACTTAACATATGAGAAGG_001,136
GAACTTAACATATGAGAAGG_002,36
GAACTTAACATATGAGAAGG_003,36
GCATCAACCGCGCTCCTGAG_001,42
GCATCAACCGCGCTCCTGAG_002,146
GCATCAACCGCGCTCCTGAG_003,13
GCATCAACCGCGCTCCTGAG_004,113
GCATCAACCGCGCTCCTGAG_005,63
GCATCAACCGCGCTCCTGAG_006,98
GCATCAACCGCGCTCCTGAG_007,40
GCATCAACCGCGCTCCTGAG_008,191
GCATCAACCGCGCTCCTGAG_009,157
GCATCAACCGCGCTCCTGAG_010,103
GCATCAACCGCGCTCCTGAG_011,181
GCATCAACCGCGCTCCTGAG_012,160
GCATCAACCGCGCTCCTGAG_013,109
CTTCCCGGCGAGGCTACGCG_001,91
CTTCCCGGCGAGGCTACGCG_002,154
CTTCCCGGCGAGGCTACGCG_003,32
CTTCCCGGCGAGGCTACGCG_004,114
CTTCCCGGCGAGGCTACGCG_005,179
CTTCCCGGCGAGGCTACGCG_006,17
CTTCCCGGCGAGGCTACGCG_007,15
CTTCCCGGCGAGGCTACGCG_008,79
CTTCCCGGCGAGGCTACGCG_009,162
CTTCCCGGCGAGGCTACGCG_010,46
CTTCCCGGCGAGGCTACGCG_011,72
CTTCCCGGCGAGGCTACGCG_012,177
GCAGGGTTGAGGGAACAGCG_001,166
GCAGGGTTGAGGGAACAGCG_002,48
GCAGGGTTGAGGGAACAGCG_003,29
GCAGGGTTGAGGGAACAGCG_004,174
GCAGGGTTGAGGGAACAGCG_005,141
GCAGGGTTGAGGGAACAGCG_006,26
GCAGGGTTGAGGGAACAGCG_007,49
GCAGGGTTGAGGGAACAGCG_008,29
GCAGGGTTGAGGGAACAGCG_009,168
GCAGGGTTGAGGGAACAGCG_010,149
GCAGGGTTGAGGGAACAGCG_011,39
ACTGCTCTCCCTGGTAACGA_001,41
ACTGCTCTCCCTGGTAACGA_002,163
ACTGCTCTCCCTGGTAACGA_003,62
ACTGCTCTCCCTGGTAACGA_004,19
ACTGCTCTCCCTGGTAACGA_005,105
ACTGCTCTCCCTGGTAACGA_006,144
ACTGCTCTCCCTGGTAACGA_007,155
ACTGCTCTCCCTGGTAACGA_008,81
ACTGCTCTCCCTGGTAACGA_009,96
ACTGCTCTCCCTGGTAACGA_010,84
ACTGCTCTCCCTGGTAACGA_011,153
ACTGCTCTCCCTGGTAACGA_012,150
ACTGCTCTCCCTGGTAACGA_013,165
ACTGCTCTCCCTGGTAACGA_014,77
TCACGGCCGCCAGACGTCTG_001,27
TCACGGCCGCCAGACGTCTG_002,45
TCACGGCCGCCAGACGTCTG_003,119
TCACGGCCGCCAGACGTCTG_004,107
TCACGGCCGCCAGACGTCTG_005,158
TCACGGCCGCCAGACGTCTG_006,105
TCACGGCCGCCAGACGTCTG_007,48
TCACGGCCGCCAGACGTCTG_008,118
TCACGGCCGCCAGACGTCTG_009,17
TCACGGCCGCCAGACGTCTG_010,27
TCACGGCCGCCAGACGTCTG_011,168
TCACGGCCGCCAGACGTCTG_012,79
TCACGGCCGCCAGACGTCTG_013,175
TCACGGCCGCCAGACGTCTG_014,83
GCTTACCTGAAGTCAGAACA_001,191
GCTTACCTGAAGTCAGAACA_002,141
GCTTACCTGAAGTCAGAACA_003,84
GCTTACCTGAAGTCAGAACA_004,174
GCTTACCTGAAGTCAGAACA_005,148
CAGGTCTCGCTCTGACATGT_001,126
CAGGTCTCGCTCTGACATGT_002,199
CAGGTCTCGCTCTGACATGT_003,102
CAGGTCTCGCTCTGACATGT_004,74
CAGGTCTCGCTCTGACATGT_005,92
CAGGTCTCGCTCTGACATGT_006,16
CAGGTCTCGCTCTGACATGT_007,191
AACATTTGGGAGTTTATGCA_001,127
AACATTTGGGAGTTTATGCA_002,27
AACATTTGGGAGTTTATGCA_003,148
AACATTTGGGAGTTTATGCA_004,86
AACATTTGGGAGTTTATGCA_005,22
CACTACCTGAATCATGACGA_001,179
CACTACCTGAATCATGACGA_002,147
CACTACCTGAATCATGACGA_003,31
CACTACCTGAATCATGACGA_004,44
CACTACCTGAATCATGACGA_005,73
AGAACAGCATCTCCTACGCA_001,116
GCTACATCTGGTACCTTGGC_001,95
TAGGTCGCCTCGAAGCCGCA_001,144
TAGGTCGCCTCGAAGCCGCA_002,84
TAGGTCGCCTCGAAGCCGCA_003,152
TAGGTCGCCTCGAAGCCGCA_004,186
TAGGTCGCCTCGAAGCCGCA_005,94
TAGGTCGCCTCGAAGCCGCA_006,4
TAGGTCGCCTCGAAGCCGCA_007,20
TAGGTCGCCTCGAAGCCGCA_008,174
TAGGTCGCCTCGAAGCCGCA_009,160
TAGGTCGCCTCGAAGCCGCA_010,147
ATGACCATCGCCTATGAAAG_001,144
ATGACCATCGCCTATGAAAG_002,156
ATGACCATCGCCTATGAAAG_003,196
ATGACCATCGCCTATGAAAG_004,0
ATGACCATCGCCTATGAAAG_005,62
ATGACCATCGCCTATGAAAG_006,129
ATGACCATCGCCTATGAAAG_007,22
ATGACCATCGCCTATGAAAG_008,184
ATGACCATCGCCTATGAAAG_009,41
ATGACCATCGCCTATGAAAG_010,91
ATGACCATCGCCTATGAAAG_011,121
ATGACCATCGCCTATGAAAG_012,162
CTCCTTACCTATGTTCCCCG_001,185
CTCCTTACCTATGTTCCCCG_002,137
CTCCTTACCTATGTTCCCCG_003,88
CTCCTTACCTATGTTCCCCG_004,125
CCATCACCGTTCGGGCCATG_001,161
GAGGTACAGACCAACGACGA_001,5
GAGGTACAGACCAACGACGA_002,55
GAGGTACAGACCAACGACGA_003,93
GAGGTACAGACCAACGACGA_004,68
GAGGTACAGACCAACGACGA_005,96
GAGGTACAGACCAACGACGA_006,44
GAGGTACAGACCAACGACGA_007,198
GAGGTACAGACCAACGACGA_008,149
GAGGTACAGACCAACGACGA_009,50
GAGGTACAGACCAACGACGA_010,183
GAGGTACAGACCAACGACGA_011,11
GTCTATGATCCACTTCTGCA_001,114
GTCTATGATCCACTTCTGCA_002,131
GTCTATGATCCACTTCTGCA_003,19
AATAGTAACGTACCACATGG_001,175
AATAGTAACGTACCACATGG_002,160
AATAGTAACGTACCACATGG_003,80
AATAGTAACGTACCACATGG_004,0
TGTACTCTCTGGCAACACAG_001,15
TGTACTCTCTGGCAACACAG_002,150
TGTACTCTCTGGCAACACAG_003,5
TGTACTCTCTGGCAACACAG_004,98
TGTACTCTCTGGCAACACAG_005,36
TGTACTCTCTGGCAACACAG_006,1
TGTACTCTCTGGCAACACAG_007,24
GGTGCCGAATGGTACCATGA_001,130
GGTGCCGAATGGTACCATGA_002,37
GGTGCCGAATGGTACCATGA_003,161
GGTGCCGAATGGTACCATGA_004,38
GGTGCCGAATGGTACCATGA_005,149
GGTGCCGAATGGTACCATGA_006,139
GGTGCCGAATGGTACCATGA_007,116
GGTGCCGAATGGTACCATGA_008,16
GCTCCAGACTGATGTCACCC_001,157
GCTCCAGACTGATGTCACCC_002,35
TTAACTTCCAGAGAAGCACC_001,48
TTAACTTCCAGAGAAGCACC_002,28
TTAACTTCCAGAGAAGCACC_003,84
TTAACTTCCAGAGAAGCACC_004,59
TTTCTCCAGTCAAAGTACGA_001,37
TTTCTCCAGTCAAAGTACGA_002,171
TTTCTCCAGTCAAAGTACGA_003,23
TTTCTCCAGTCAAAGTACGA_004,12
TTTCTCCAGTCAAAGTACGA_005,61
TTTCTCCAGTCAAAGTACGA_006,171
TTTCTCCAGTCAAAGTACGA_007,188
TTTCTCCAGTCAAAGTACGA_008,138
TTTCTCCAGTCAAAGTACGA_009,177
TTTCTCCAGTCAAAGTACGA_010,34
TTTCTCCAGTCAAAGTACGA_011,172
TTTCTCCAGTCAAAGTACGA_012,158
TTTCTCCAGTCAAAGTACGA_013,159
TTTCTCCAGTCAAAGTACGA_014,12
TTTCTCCAGTCAAAGTACGA_015,19
TTTCTCCAGTCAAAGTACGA_016,1
TTTCTCCAGTCAAAGTACGA_017,97
CTATCTTAATCTGGATACAT_001,60
CTATCTTAATCTGGATACAT_002,12
CTATCTTAATCTGGATACAT_003,150
CTATCTTAATCTGGATACAT_004,81
CTATCTTAATCTGGATACAT_005,29
CTATCTTAATCTGGATACAT_006,87
CTATCTTAATCTGGATACAT_007,175
CTATCTTAATCTGGATACAT_008,19
CTATCTTAATCTGGATACAT_009,30
CTATCTTAATCTGGATACAT_010,72
CTATCTTAATCTGGATACAT_011,131
CTATCTTAATCTGGATACAT_012,105
CTATCTTAATCTGGATACAT_013,76
CTATCTTAATCTGGATACAT_014,1
ACAGCCCCACCATGAGCCAG_001,141
ACAGCCCCACCATGAGCCAG_002,55
ACAGCCCCACCATGAGCCAG_003,161
ACAGCCCCACCATGAGCCAG_004,191
ACAGCCCCACCATGAGCCAG_005,4
ACAGCCCCACCATGAGCCAG_006,73
ACAGCCCCACCATGAGCCAG_007,27
ACAGCCCCACCATGAGCCAG_008,160
ACAGCCCCACCATGAGCCAG_009,102
ACAGCCCCACCATGAGCCAG_010,6
ACAGCCCCACCATGAGCCAG_011,148
ACAGCCCCACCATGAGCCAG_012,72
ACAGCCCCACCATGAGCCAG_013,62
ACAGCCCCACCATGAGCCAG_014,37
ACAGCCCCACCATGAGCCAG_015,41
ACAGCCCCACCATGAGCCAG_016,111
ACAGCCCCACCATGAGCCAG_017,111
ACAGCCCCACCATGAGCCAG_018,24
ACAGCCCCACCATGAGCCAG_019,144
ACAGCCCCACCATGAGCCAG_020,104
ACAGCCCCACCATGAGCCAG_021,157
ACAGCCCCACCATGAGCCAG_022,93
ACAGCCCCACCATGAGCCAG_023,156
ACAGCCCCACCATGAGCCAG_024,127
ACAGCCCCACCATGAGCCAG_025,61
ACAGCCCCACCATGAGCCAG_026,7
ACAGCCCCACCATGAGCCAG_027,23
ACAGCCCCACCATGAGCCAG_028,110
ACAGCCCCACCATGAGCCAG_029,9
ACAGCCCCACCATGAGCCAG_030,17
ACAGCCCCACCATGAGCCAG_031,48
ACAGCCCCACCATGAGCCAG_032,7
ACAGCCCCACCATGAGCCAG_033,192
ACAGCCCCACCATGAGCCAG_034,58
ACAGCCCCACCATGAGCCAG_035,12
ACAGCCCCACCATGAGCCAG_036,169
ACAGCCCCACCATGAGCCAG_037,46
ACAGCCCCACCATGAGCCAG_038,40
ACAGCCCCACCATGAGCCAG_039,47
ACAGCCCCACCATGAGCCAG_040,161
ACAGCCCCACCATGAGCCAG_041,174
ACAGCCCCACCATGAGCCAG_042,134
ACAGCCCCACCATGAGCCAG_043,127
ACAGCCCCACCATGAGCCAG_044,36
ACAGCCCCACCATGAGCCAG_045,118
ACAGCCCCACCATGAGCCAG_046,170
ACAGCCCCACCATGAGCCAG_047,19
ACAGCCCCACCATGAGCCAG_048,79
ACAGCCCCACCATGAGCCAG_049,9
ACAGCCCCACCATGAGCCAG_050,27
ACTTCGGCAAGACTTTGAGG_001,98
ACTTCGGCAAGACTTTGAGG_002,107
ACTTCGGCAAGACTTTGAGG_003,132
ACTTCGGCAAGACTTTGAGG_004,109
ACTTCGGCAAGACTTTGAGG_005,51
ACTTCGGCAAGACTTTGAGG_006,179
GGCGGGGCAGTGTCGCTCAG_001,3
GGCGGGGCAGTGTCGCTCAG_002,153
GGCGGGGCAGTGTCGCTCAG_003,94
TTACAGGAATGCAGTAATCG_001,175
TTACAGGAATGCAGTAATCG_002,45
TTACAGGAATGCAGTAATCG_003,189
TTACAGGAATGCAGTAATCG_004,92
TTACAGGAATGCAGTAATCG_005,197
TTACAGGAATGCAGTAATCG_006,110
TTACAGGAATGCAGTAATCG_007,94
TTACAGGAATGCAGTAATCG_008,66
TTACAGGAATGCAGTAATCG_009,49
TTACAGGAATGCAGTAATCG_010,142
TTACAGGAATGCAGTAATCG_011,151
CTTGTACCTGACATCGCTGC_001,152
GACCGAAGTGGACAGCGACT_001,105
GACCGAAGTGGACAGCGACT_002,191
GACCGAAGTGGACAGCGACT_003,17
GACCGAAGTGGACAGCGACT_004,150
GACCGAAGTGGACAGCGACT_005,88
GACCGAAGTGGACAGCGACT_006,17
GACCGAAGTGGACAGCGACT_007,62
GACCGAAGTGGACAGCGACT_008,169
GACCGAAGTGGACAGCGACT_009,137
GACCGAAGTGGACAGCGACT_010,58
GACCGAAGTGGACAGCGACT_011,175
GACCGAAGTGGACAGCGACT_012,65
GACCGAAGTGGACAGCGACT_013,116
GACCGAAGTGGACAGCGACT_014,113
GACCGAAGTGGACAGCGACT_015,199
GACCGAAGTGGACAGCGACT_016,11
GACCGAAGTGGACAGCGACT_017,54
GACCGAAGTGGACAGCGACT_018,175
GACCGAAGTGGACAGCGACT_019,81
GACCGAAGTGGACAGCGACT_020,13
GACCGAAGTGGACAGCGACT_021,63
GACCGAAGTGGACAGCGACT_022,48
GACCGAAGTGGACAGCGACT_023,47
GACCGAAGTGGACAGCGACT_024,169
GACCGAAGTGGACAGCGACT_025,94
GACCGAAGTGGACAGCGACT_026,79
GACCGAAGTGGACAGCGACT_027,150
GACCGAAGTGGACAGCGACT_028,191
AACAACGAATGCCGGGACGT_001,101
AACAACGAATGCCGGGACGT_002,184
AACAACGAATGCCGGGACGT_003,48
AACAACGAATGCCGGGACGT_004,4
AACAACGAATGCCGGGACGT_005,41
AACAACGAATGCCGGGACGT_006,169
AACAACGAATGCCGGGACGT_007,177
AACAACGAATGCCGGGACGT_008,2
AACAACGAATGCCGGGACGT_009,10
AACAACGAATGCCGGGACGT_010,33
AACAACGAATGCCGGGACGT_011,88
AACAACGAATGCCGGGACGT_012,166
AACAACGAATGCCGGGACGT_013,44
GGGGTAAATAGTTGACGATG_001,149
GGGGTAAATAGTTGACGATG_002,49
GGGGTAAATAGTTGACGATG_003,162
GGGGTAAATAGTTGACGATG_004,19
GGGGTAAATAGTTGACGATG_005,198
GGGGTAAATAGTTGACGATG_006,140
GATCGGGGCACACCATTGGA_001,111
GATCGGGGCACACCATTGGA_002,70
GATCGGGGCACACCATTGGA_003,68
GATCGGGGCACACCATTGGA_004,105
GATCGGGGCACACCATTGGA_005,107
GATCGGGGCACACCATTGGA_006,168
GATCGGGGCACACCATTGGA_007,157
GATCGGGGCACACCATTGGA_008,108
GATCGGGGCACACCATTGGA_009,19
GATCGGGGCACACCATTGGA_010,152
GATCGGGGCACACCATTGGA_011,148
GATCGGGGCACACCATTGGA_012,50
GATCGGGGCACACCATTGGA_013,137
GATCGGGGCACACCATTGGA_014,94
GATCGGGGCACACCATTGGA_015,47
GATCGGGGCACACCATTGGA_016,81
GATCGGGGCACACCATTGGA_017,28
GATCGGGGCACACCATTGGA_018,1
GGCTACGTATTAATTCACTC_001,70
GGCTACGTATTAATTCACTC_002,59
GGCTACGTATTAATTCACTC_003,76
GGCTACGTATTAATTCACTC_004,180
GGCTACGTATTAATTCACTC_005,161
GAGGAGACACCGCGATCACA_001,117
GAGGAGACACCGCGATCACA_002,60
GAGGAGACACCGCGATCACA_003,94
GAGGAGACACCGCGATCACA_004,174
GAGGAGACACCGCGATCACA_005,117
GAGGAGACACCGCGATCACA_006,103
GAGGAGACACCGCGATCACA_007,187
GAGGAGACACCGCGATCACA_008,61
GAGGAGACACCGCGATCACA_009,94
GAGGAGACACCGCGATCACA_010,187
GAGGAGACACCGCGATCACA_011,86
GAGGAGACACCGCGATCACA_012,152
GAGGAGACACCGCGATCACA_013,180
GAGGAGACACCGCGATCACA_014,34
GAGGAGACACCGCGATCACA_015,68
GAGGAGACACCGCGATCACA_016,78
GAGGAGACACCGCGATCACA_017,140
GAGGAGACACCGCGATCACA_018,7
GAGGAGACACCGCGATCACA_019,56
GAGGAGACACCGCGATCACA_020,159
GAGGAGACACCGCGATCACA_021,121
GAGGAGACACCGCGATCACA_022,88
TGGAGGTGAGAACGAGCGTG_001,14
TGGAGGTGAGAACGAGCGTG_002,88
TGGAGGTGAGAACGAGCGTG_003,169
TGGAGGTGAGAACGAGCGTG_004,54
TGGAGGTGAGAACGAGCGTG_005,2
TGGAGGTGAGAACGAGCGTG_006,2
TGGAGGTGAGAACGAGCGTG_007,105
AGGATCAATCAGTCCCAGTG_001,96
AGGATCAATCAGTCCCAGTG_002,150
AGGATCAATCAGTCCCAGTG_003,54
AGGATCAATCAGTCCCAGTG_004,161
AGGATCAATCAGTCCCAGTG_005,42
AGGATCAATCAGTCCCAGTG_006,62
AGGATCAATCAGTCCCAGTG_007,119
AGGATCAATCAGTCCCAGTG_008,17
AGGATCAATCAGTCCCAGTG_009,12
AGGATCAATCAGTCCCAGTG_010,127
AGGATCAATCAGTCCCAGTG_011,172
AGGATCAATCAGTCCCAGTG_012,27
AGGATCAATCAGTCCCAGTG_013,12
AGGATCAATCAGTCCCAGTG_014,188
AGGATCAATCAGTCCCAGTG_015,48
AGGATCAATCAGTCCCAGTG_016,146
AGGATCAATCAGTCCCAGTG_017,164
AGGATCAATCAGTCCCAGTG_018,199
AGGATCAATCAGTCCCAGTG_019,50
AGGATCAATCAGTCCCAGTG_020,138
AGGATCAATCAGTCCCAGTG_021,166
AGGATCAATCAGTCCCAGTG_022,143
AGGATCAATCAGTCCCAGTG_023,176
AGGATCAATCAGTCCCAGTG_024,49
AGGATCAATCAGTCCCAGTG_025,1
AGGATCAATCAGTCCCAGTG_026,154
AGGATCAATCAGTCCCAGTG_027,194
AGGATCAATCAGTCCCAGTG_028,92
AGGATCAATCAGTCCCAGTG_029,13
AGGATCAATCAGTCCCAGTG_030,153
AGGATCAATCAGTCCCAGTG_031,18
AGGATCAATCAGTCCCAGTG_032,55
AGGATCAATCAGTCCCAGTG_033,48
AGGATCAATCAGTCCCAGTG_034,48
AGGATCAATCAGTCCCAGTG_035,58
AGGATCAATCAGTCCCAGTG_036,178
AGGATCAATCAGTCCCAGTG_037,2
AGGATCAATCAGTCCCAGTG_038,35
AGGATCAATCAGTCCCAGTG_039,63
CAAATGCAATCACTCTTTGG_001,31
CAAATGCAATCACTCTTTGG_002,144
CAAATGCAATCACTCTTTGG_003,164
CAAATGCAATCACTCTTTGG_004,3
CCAACCCATCCTCAATACCA_001,137
CCAACCCATCCTCAATACCA_002,49
CCAACCCATCCTCAATACCA_003,34
CCAACCCATCCTCAATACCA_004,184
CCAACCCATCCTCAATACCA_005,107
CCAACCCATCCTCAATACCA_006,198
CCAACCCATCCTCAATACCA_007,148
CCAACCCATCCTCAATACCA_008,5
CCAACCCATCCTCAATACCA_009,56
CCAACCCATCCTCAATACCA_010,80
CCAACCCATCCTCAATACCA_011,61
CCAACCCATCCTCAATACCA_012,10
CCAACCCATCCTCAATACCA_013,168
CCAACCCATCCTCAATACCA_014,1
CCAACCCATCCTCAATACCA_015,90
CCAACCCATCCTCAATACCA_016,137
CCAACCCATCCTCAATACCA_017,174
CCAACCCATCCTCAATACCA_018,187
CCAACCCATCCTCAATACCA_019,61
CCAACCCATCCTCAATACCA_020,18
TTGCCAAAAAACCCTGGACG_001,159
TTGCCAAAAAACCCTGGACG_002,91
TTGCCAAAAAACCCTGGACG_003,56
TTGCCAAAAAACCCTGGACG_004,177
TTGCCAAAAAACCCTGGACG_005,57
TTGCCAAAAAACCCTGGACG_006,98
TTGCCAAAAAACCCTGGACG_007,115
TTGCCAAAAAACCCTGGACG_008,142
TTGCCAAAAAACCCTGGACG_009,72
GTTGGTTACTCCCCAAACCG_001,94
GTTGGTTACTCCCCAAACCG_002,57
GTTGGTTACTCCCCAAACCG_003,60
GTTGGTTACTCCCCAAACCG_004,8
GTTGGTTACTCCCCAAACCG_005,149
GTTGGTTACTCCCCAAACCG_006,61
GTTGGTTACTCCCCAAACCG_007,45
GTTGGTTACTCCCCAAACCG_008,177
GTTGGTTACTCCCCAAACCG_009,105
GCTTCTGCAATAGCGGTGGA_001,154
GCTTCTGCAATAGCGGTGGA_002,183
GCTTCTGCAATAGCGGTGGA_003,169
GCTTCTGCAATAGCGGTGGA_004,61
GCTTCTGCAATAGCGGTGGA_005,98
GAATAGTAACATCTCCAGTA_001,149
GAATAGTAACATCTCCAGTA_002,128
GAATAGTAACATCTCCAGTA_003,183
GAATAGTAACATCTCCAGTA_004,136
TGGGCCAGATGATTCCCTGT_001,169
TGGGCCAGATGATTCCCTGT_002,96
TGGGCCAGATGATTCCCTGT_003,58
TGGGCCAGATGATTCCCTGT_004,160
TGGGCCAGATGATTCCCTGT_005,50
TGGGCCAGATGATTCCCTGT_006,160
CAGGAGTACTTCCACCCCGG_001,158
CAGGAGTACTTCCACCCCGG_002,1
CAGGAGTACTTCCACCCCGG_003,192
CAGGAGTACTTCCACCCCGG_004,54
CAGGAGTACTTCCACCCCGG_005,33
CCGGCGGAATGACTGACGCA_001,111
CCGGCGGAATGACTGACGCA_002,181
CCGGCGGAATGACTGACGCA_003,16
CCGGCGGAATGACTGACGCA_004,36
CCGGCGGAATGACTGACGCA_005,47
CCGGCGGAATGACTGACGCA_006,41
CCGGCGGAATGACTGACGCA_007,89
GCATCTACCGGTGCCTGCAG_001,144
GCATCTACCGGTGCCTGCAG_002,50
GCATCTACCGGTGCCTGCAG_003,101
GCATCTACCGGTGCCTGCAG_004,85
GCATCTACCGGTGCCTGCAG_005,29
GCATCTACCGGTGCCTGCAG_006,177
GCATCTACCGGTGCCTGCAG_007,150
GCATCTACCGGTGCCTGCAG_008,68
GCATCTACCGGTGCCTGCAG_009,152
GCATCTACCGGTGCCTGCAG_010,196
GCATCTACCGGTGCCTGCAG_011,3
GCATCTACCGGTGCCTGCAG_012,184
GCATCTACCGGTGCCTGCAG_013,169
GCATCTACCGGTGCCTGCAG_014,27
GCATCTACCGGTGCCTGCAG_015,102
GCATCTACCGGTGCCTGCAG_016,153
GCATCTACCGGTGCCTGCAG_017,17
CACCGTTGACACCAAAAGGT_001,114
CACCGTTGACACCAAAAGGT_002,23
CACCGTTGACACCAAAAGGT_003,115
CACCGTTGACACCAAAAGGT_004,5
CACCGTTGACACCAAAAGGT_005,140
CACCGTTGACACCAAAAGGT_006,19
CACCGTTGACACCAAAAGGT_007,159
CACCGTTGACACCAAAAGGT_008,174
CACCGTTGACACCAAAAGGT_009,182
CACCGTTGACACCAAAAGGT_010,156
CACCGTTGACACCAAAAGGT_011,120
TCCACTGAGAAAATTCAAGT_001,80
TCCACTGAGAAAATTCAAGT_002,121
TAGGTGGAGAACTTAATCGG_001,166
TAGGTGGAGAACTTAATCGG_002,106
TAGGTGGAGAACTTAATCGG_003,16
TAGGTGGAGAACTTAATCGG_004,170
TAGGTGGAGAACTTAATCGG_005,93
TAGGTGGAGAACTTAATCGG_006,123
TAGGTGGAGAACTTAATCGG_007,15
TAGGTGGAGAACTTAATCGG_008,88
TAGGTGGAGAACTTAATCGG_009,1
TAGGTGGAGAACTTAATCGG_010,171
TAGGTGGAGAACTTAATCGG_011,174
TAGGTGGAGAACTTAATCGG_012,67
TAGGTGGAGAACTTAATCGG_013,36
TAGGTGGAGAACTTAATCGG_014,137
TAGGTGGAGAACTTAATCGG_015,135
TAGGTGGAGAACTTAATCGG_016,13
TACTATGGTAGCGACACTGC_001,144
TACTATGGTAGCGACACTGC_002,107
TACTATGGTAGCGACACTGC_003,68
TACTATGGTAGCGACACTGC_004,56
TACTATGGTAGCGACACTGC_005,199
TACTATGGTAGCGACACTGC_006,9
TACTATGGTAGCGACACTGC_007,5
TACTATGGTAGCGACACTGC_008,170
TTTCGATCTTCATTGGAGAG_001,127
TTTCGATCTTCATTGGAGAG_002,78
TTTCGATCTTCATTGGAGAG_003,107
GGGCCCAGCGATGTGCAGAA_001,5
GGGCCCAGCGATGTGCAGAA_002,115
GGGCCCAGCGATGTGCAGAA_003,70
GGGCCCAGCGATGTGCAGAA_004,35
GGGCCCAGCGATGTGCAGAA_005,130
GGGCCCAGCGATGTGCAGAA_006,144
GGGCCCAGCGATGTGCAGAA_007,112
GGGCCCAGCGATGTGCAGAA_008,112
CATGTTGCTACGCATAATCG_001,163
CATGTTGCTACGCATAATCG_002,94
CATGTTGCTACGCATAATCG_003,52
CAGGCGGTACAAGCCCTCAA_001,174
CAGGCGGTACAAGCCCTCAA_002,168
CTTCAGACAAGATGAAACCA_001,98
CTTCAGACAAGATGAAACCA_002,164
CTTCAGACAAGATGAAACCA_003,36
CTTCAGACAAGATGAAACCA_004,56
CTTCAGACAAGATGAAACCA_005,161
CAGTTACCTTATGTAATCGA_001,7
TGCCCCTTCAACTTCCGATG_001,127
TGCCCCTTCAACTTCCGATG_002,6
TGCCCCTTCAACTTCCGATG_003,188
TGCCCCTTCAACTTCCGATG_004,55
TGCCCCTTCAACTTCCGATG_005,70
TGCCCCTTCAACTTCCGATG_006,24
TGCCCCTTCAACTTCCGATG_007,47
TGCCCCTTCAACTTCCGATG_008,94
TGCCCCTTCAACTTCCGATG_009,13
TGCCCCTTCAACTTCCGATG_010,66
TGCCCCTTCAACTTCCGATG_011,142
TGCCCCTTCAACTTCCGATG_012,186
TGCCCCTTCAACTTCCGATG_013,13
TGCCCCTTCAACTTCCGATG_014,183
TGCCCCTTCAACTTCCGATG_015,12
TGCCCCTTCAACTTCCGATG_016,28
TGCCCCTTCAACTTCCGATG_017,56
TGCCCCTTCAACTTCCGATG_018,91
TGCCCCTTCAACTTCCGATG_019,97
TGCCCCTTCAACTTCCGATG_020,23
TGCCCCTTCAACTTCCGATG_021,185
GGCACGCTAATGTTATACTG_001,40
GGCACGCTAATGTTATACTG_002,44
ACAGGTTCAGCTACCCGAAA_001,21
ACAGGTTCAGCTACCCGAAA_002,113
ACAGGTTCAGCTACCCGAAA_003,174
ACAGGTTCAGCTACCCGAAA_004,191
ACAGGTTCAGCTACCCGAAA_005,32
ACAGGTTCAGCTACCCGAAA_006,51
ACAGGTTCAGCTACCCGAAA_007,113
ACAGGTTCAGCTACCCGAAA_008,30
ACAGGTTCAGCTACCCGAAA_009,101
AGCCAGGAAAACCTTTGTTG_001,132
AGCCAGGAAAACCTTTGTTG_002,189
AGCCAGGAAAACCTTTGTTG_003,174
AGCCAGGAAAACCTTTGTTG_004,14
AGCCAGGAAAACCTTTGTTG_005,78
AGCCAGGAAAACCTTTGTTG_006,150
AGCCAGGAAAACCTTTGTTG_007,138
AGCCAGGAAAACCTTTGTTG_008,104
AGCCAGGAAAACCTTTGTTG_009,144
AGCCAGGAAAACCTTTGTTG_010,55
AGCCAGGAAAACCTTTGTTG_011,62
AGCCAGGAAAACCTTTGTTG_012,15
AGCCAGGAAAACCTTTGTTG_013,107
AGCCAGGAAAACCTTTGTTG_014,3
GATGGAGATACTCCTCACCA_001,29
GATGGAGATACTCCTCACCA_002,28
GATGGAGATACTCCTCACCA_003,56
GTCTCCAGAGTCGTGTACAA_001,43
GTCTCCAGAGTCGTGTACAA_002,81
GTCTCCAGAGTCGTGTACAA_003,194
GTCTCCAGAGTCGTGTACAA_004,94
GTCTCCAGAGTCGTGTACAA_005,151
GTCTCCAGAGTCGTGTACAA_006,6
GCGGCCGCCAGATCTACTCG_001,162
GCGGCCGCCAGATCTACTCG_002,90
GCGGCCGCCAGATCTACTCG_003,131
GCGGCCGCCAGATCTACTCG_004,138
GCGGCCGCCAGATCTACTCG_005,34
GCGGCCGCCAGATCTACTCG_006,35
CATTCAATAAGACCCCACAG_001,24
CATTCAATAAGACCCCACAG_002,1
CATTCAATAAGACCCCACAG_003,8
CATTCAATAAGACCCCACAG_004,37
CATTCAATAAGACCCCACAG_005,156
CATTCAATAAGACCCCACAG_006,151
CATTCAATAAGACCCCACAG_007,90
CATTCAATAAGACCCCACAG_008,146
CATTCAATAAGACCCCACAG_009,146
CATTCAATAAGACCCCACAG_010,43
CATTCAATAAGACCCCACAG_011,58
GTGGTCGATGGTGACCGAGG_001,156
GTGGTCGATGGTGACCGAGG_002,98
GTGGTCGATGGTGACCGAGG_003,157
GTGGTCGATGGTGACCGAGG_004,6
GAGCTCCCGGACCTACCAGG_001,103
GAGCTCCCGGACCTACCAGG_002,184
GAGCTCCCGGACCTACCAGG_003,172
GAGCTCCCGGACCTACCAGG_004,105
GAGCTCCCGGACCTACCAGG_005,184
GAGCTCCCGGACCTACCAGG_006,43
GAGCTCCCGGACCTACCAGG_007,158
GAGCTCCCGGACCTACCAGG_008,142
GAGCTCCCGGACCTACCAGG_009,81
GAGCTCCCGGACCTACCAGG_010,171
GAGCTCCCGGACCTACCAGG_011,188
GAGCTCCCGGACCTACCAGG_012,8
GAGCTCCCGGACCTACCAGG_013,118
GAGCTCCCGGACCTACCAGG_014,126
GAGCTCCCGGACCTACCAGG_015,156
GAGCTCCCGGACCTACCAGG_016,131
GAGCTCCCGGACCTACCAGG_017,121
GAGCTCCCGGACCTACCAGG_018,26
GAGCTCCCGGACCTACCAGG_019,134
GAGCTCCCGGACCTACCAGG_020,16
GAGCTCCCGGACCTACCAGG_021,60
GAGCTCCCGGACCTACCAGG_022,76
GAGCTCCCGGACCTACCAGG_023,62
GAGCTCCCGGACCTACCAGG_024,141
GAGCTCCCGGACCTACCAGG_025,157
GAGCTCCCGGACCTACCAGG_026,4
GAGCTCCCGGACCTACCAGG_027,44
GAGCTCCCGGACCTACCAGG_028,42
GAGCTCCCGGACCTACCAGG_029,72
GAGCTCCCGGACCTACCAGG_030,146
GAGCTCCCGGACCTACCAGG_031,58
GAGCTCCCGGACCTACCAGG_032,27
GAGCTCCCGGACCTACCAGG_033,140
GAGCTCCCGGACCTACCAGG_034,121
GAGCTCCCGGACCTACCAGG_035,150
GAGCTCCCGGACCTACCAGG_036,130
GAGCTCCCGGACCTACCAGG_037,96
GAGCTCCCGGACCTACCAGG_038,56
GAGCTCCCGGACCTACCAGG_039,6
GAGCTCCCGGACCTACCAGG_040,79
GAGCTCCCGGACCTACCAGG_041,79
GAGCTCCCGGACCTACCAGG_042,68
GAGCTCCCGGACCTACCAGG_043,48
GAGCTCCCGGACCTACCAGG_044,59
GAGCTCCCGGACCTACCAGG_045,39
GAGCTCCCGGACCTACCAGG_046,69
GAGCTCCCGGACCTACCAGG_047,177
GAGCTCCCGGACCTACCAGG_048,146
GAGCTCCCGGACCTACCAGG_049,56
ATCTCGAATGGATCGTAATG_001,50
ATCTCGAATGGATCGTAATG_002,170
ATCTCGAATGGATCGTAATG_003,100
GGAAAGCATGGATCTTGCCT_001,50
GGAAAGCATGGATCTTGCCT_002,58
GGAAAGCATGGATCTTGCCT_003,145
GGAAAGCATGGATCTTGCCT_004,17
GGAAAGCATGGATCTTGCCT_005,5
CATGGCAGTAAGAAGCGTAG_001,166
CATGGCAGTAAGAAGCGTAG_002,3
CATGGCAGTAAGAAGCGTAG_003,152
CATGGCAGTAAGAAGCGTAG_004,142
CATGGCAGTAAGAAGCGTAG_005,44
AACGTTCATTAATGCTACCA_001,58
AACGTTCATTAATGCTACCA_002,58
AACGTTCATTAATGCTACCA_003,55
AACGTTCATTAATGCTACCA_004,150
AACGTTCATTAATGCTACCA_005,62
AACGTTCATTAATGCTACCA_006,41
AACGTTCATTAATGCTACCA_007,140
AACGTTCATTAATGCTACCA_008,170
AACGTTCATTAATGCTACCA_009,63
AACGTTCATTAATGCTACCA_010,149
AACGTTCATTAATGCTACCA_011,198
AACGTTCATTAATGCTACCA_012,133
AACGTTCATTAATGCTACCA_013,124
AACGTTCATTAATGCTACCA_014,184
AACGTTCATTAATGCTACCA_015,132
AACGTTCATTAATGCTACCA_016,166
AACGTTCATTAATGCTACCA_017,27
AACGTTCATTAATGCTACCA_018,138
CAGGCTGCTACGGGATCCCA_001,14
CAGGCTGCTACGGGATCCCA_002,144
CAGGCTGCTACGGGATCCCA_003,94
CAGGCTGCTACGGGATCCCA_004,181
CAGGCTGCTACGGGATCCCA_005,194
CAGGCTGCTACGGGATCCCA_006,2
CAGGCTGCTACGGGATCCCA_007,2
CAGGCTGCTACGGGATCCCA_008,120
CAGGCTGCTACGGGATCCCA_009,10
CAGGCTGCTACGGGATCCCA_010,31
CAGGCTGCTACGGGATCCCA_011,146
CAGGCTGCTACGGGATCCCA_012,137
CAGGCTGCTACGGGATCCCA_013,88
CAGGCTGCTACGGGATCCCA_014,60
CAGGCTGCTACGGGATCCCA_015,140
GCAGGGCTCGCAGTGCACGA_001,32
GCAGGGCTCGCAGTGCACGA_002,174
GCAGGGCTCGCAGTGCACGA_003,12
GCAGGGCTCGCAGTGCACGA_004,12
GCAGGGCTCGCAGTGCACGA_005,82
GCAGGGCTCGCAGTGCACGA_006,142
GCAGGGCTCGCAGTGCACGA_007,118
GCAGGGCTCGCAGTGCACGA_008,87
GCAGGGCTCGCAGTGCACGA_009,127
GCAGGGCTCGCAGTGCACGA_010,132
GCAGGGCTCGCAGTGCACGA_011,127
GCAGGGCTCGCAGTGCACGA_012,78
GCAGGGCTCGCAGTGCACGA_013,127
GCAGGGCTCGCAGTGCACGA_014,191
GCAGGGCTCGCAGTGCACGA_015,88
GCAGGGCTCGCAGTGCACGA_016,61
GCAGGGCTCGCAGTGCACGA_017,130
GCAGGGCTCGCAGTGCACGA_018,94
GCAGGGCTCGCAGTGCACGA_019,103
GCAGGGCTCGCAGTGCACGA_020,188
GCAGGGCTCGCAGTGCACGA_021,49
GCAGGGCTCGCAGTGCACGA_022,107
GCAGGGCTCGCAGTGCACGA_023,58
GCAGGGCTCGCAGTGCACGA_024,42
GCAGGGCTCGCAGTGCACGA_025,1
GCAGGGCTCGCAGTGCACGA_026,170
GCAGGGCTCGCAGTGCACGA_027,158
GCAGGGCTCGCAGTGCACGA_028,8
GCAGGGCTCGCAGTGCACGA_029,189
GCAGGGCTCGCAGTGCACGA_030,193
GCAGGGCTCGCAGTGCACGA_031,177
GCAGGGCTCGCAGTGCACGA_032,77
GCAGGGCTCGCAGTGCACGA_033,14
GCAGGGCTCGCAGTGCACGA_034,56
GCAGGGCTCGCAGTGCACGA_035,165
GCAGGGCTCGCAGTGCACGA_036,153
GCAGGGCTCGCAGTGCACGA_037,138
GCAGGGCTCGCAGTGCACGA_038,191
GCAGGGCTCGCAGTGCACGA_039,63
GCAGGGCTCGCAGTGCACGA_040,39
TGTGACTTGATGAGCCGTGG_001,118
TGTGACTTGATGAGCCGTGG_002,87
TGTGACTTGATGAGCCGTGG_003,94
TGTGACTTGATGAGCCGTGG_004,43
TGTGACTTGATGAGCCGTGG_005,158
TGTGACTTGATGAGCCGTGG_006,9
TGTGACTTGATGAGCCGTGG_007,84
TGTGACTTGATGAGCCGTGG_008,41
TGTGACTTGATGAGCCGTGG_009,14
TGTGACTTGATGAGCCGTGG_010,152
ATGAAAAACTCTACCCAGTG_001,126
ATGAAAAACTCTACCCAGTG_002,176
ATGAAAAACTCTACCCAGTG_003,138
ATGAAAAACTCTACCCAGTG_004,63
ATGAAAAACTCTACCCAGTG_005,185
ATGAAAAACTCTACCCAGTG_006,58
ATGAAAAACTCTACCCAGTG_007,107
ATGAAAAACTCTACCCAGTG_008,10
ATGAAAAACTCTACCCAGTG_009,171
GAAGAGCTGGAATTCCTCCA_001,116
GAAGAGCTGGAATTCCTCCA_002,154
GAAGAGCTGGAATTCCTCCA_003,189
GAAGAGCTGGAATTCCTCCA_004,14
AGATGTAGACGTTTGACAGG_001,102
AGATGTAGACGTTTGACAGG_002,94
CAGCAGCAGCTAGTCTACAA_001,171
CAGCAGCAGCTAGTCTACAA_002,106
CAGCAGCAGCTAGTCTACAA_003,92
CAGCAGCAGCTAGTCTACAA_004,133
AGAGCATCGAGTCCATCAAG_001,50
AGAGCATCGAGTCCATCAAG_002,105
AGAGCATCGAGTCCATCAAG_003,119
AGAGCATCGAGTCCATCAAG_004,9
AGAGCATCGAGTCCATCAAG_005,192
AGAGCATCGAGTCCATCAAG_006,119
AGAGCATCGAGTCCATCAAG_007,41
AGAGCATCGAGTCCATCAAG_008,81
AGAGCATCGAGTCCATCAAG_009,149
AGAGCATCGAGTCCATCAAG_010,61
AGAGCATCGAGTCCATCAAG_011,43
AGAGCATCGAGTCCATCAAG_012,69
ACAGGTTTATAGGTCCAGCA_001,176
ACAGGTTTATAGGTCCAGCA_002,10
ACAGGTTTATAGGTCCAGCA_003,130
ACAGGTTTATAGGTCCAGCA_004,101
ACAGGTTTATAGGTCCAGCA_005,130
ACAGGTTTATAGGTCCAGCA_006,21
ACAGGTTTATAGGTCCAGCA_007,70
ACAGGTTTATAGGTCCAGCA_008,67
ACAGGTTTATAGGTCCAGCA_009,116
ACAGGTTTATAGGTCCAGCA_010,69
ACAGGTTTATAGGTCCAGCA_011,147
ACAGGTTTATAGGTCCAGCA_012,157
ACAGGTTTATAGGTCCAGCA_013,182
ACAGGTTTATAGGTCCAGCA_014,198
ACAGGTTTATAGGTCCAGCA_015,28
ACAGGTTTATAGGTCCAGCA_016,16
ACAGGTTTATAGGTCCAGCA_017,43
ACAGGTTTATAGGTCCAGCA_018,150
ACAGGTTTATAGGTCCAGCA_019,140
ACAGGTTTATAGGTCCAGCA_020,78
ACAGGTTTATAGGTCCAGCA_021,30
ACAGGTTTATAGGTCCAGCA_022,106
ACAGGTTTATAGGTCCAGCA_023,30
ACAGGTTTATAGGTCCAGCA_024,152
ACAGGTTTATAGGTCCAGCA_025,137
ACAGGTTTATAGGTCCAGCA_026,189
CTCTAATTTAAATAGCATGG_001,97
AAATGTGAAGCAATTTGGGA_001,1
AAATGTGAAGCAATTTGGGA_002,49
GGATATCAAAAATCCTGGGA_001,72
GGATATCAAAAATCCTGGGA_002,38
GGATATCAAAAATCCTGGGA_003,26
GGATATCAAAAATCCTGGGA_004,123
GGATATCAAAAATCCTGGGA_005,198
TGGGACTGGGCTATTACCCA_001,159
ACACTGGAACATATCAAGAC_001,89
CAGAGTCGCTAGATGCCGAG_001,116
CAGAGTCGCTAGATGCCGAG_002,116
CAGAGTCGCTAGATGCCGAG_003,132
CAGAGTCGCTAGATGCCGAG_004,193
CAGAGTCGCTAGATGCCGAG_005,58
CAGAGTCGCTAGATGCCGAG_006,158
CAGAGTCGCTAGATGCCGAG_007,106
CAGAGTCGCTAGATGCCGAG_008,1
CAGAGTCGCTAGATGCCGAG_009,73
CAGAGTCGCTAGATGCCGAG_010,76
CAGAGTCGCTAGATGCCGAG_011,75
CAGAGTCGCTAGATGCCGAG_012,30
CAGAGTCGCTAGATGCCGAG_013,35
CAGAGTCGCTAGATGCCGAG_014,11
CAGAGTCGCTAGATGCCGAG_015,6
CAGAGTCGCTAGATGCCGAG_016,36
CAGAGTCGCTAGATGCCGAG_017,15
CAGAGTCGCTAGATGCCGAG_018,148
CAGAGTCGCTAGATGCCGAG_019,10
GTCACATTCAAACTGGAACA_001,58
GTCACATTCAAACTGGAACA_002,41
GTCACATTCAAACTGGAACA_003,197
GTCACATTCAAACTGGAACA_004,121
GTCACATTCAAACTGGAACA_005,85
GTCACATTCAAACTGGAACA_006,68
GTCACATTCAAACTGGAACA_007,100
GTCACATTCAAACTGGAACA_008,100
GTCACATTCAAACTGGAACA_009,30
GTCACATTCAAACTGGAACA_010,145
GTCACATTCAAACTGGAACA_011,5
GTCACATTCAAACTGGAACA_012,44
GTCACATTCAAACTGGAACA_013,35
GTCACATTCAAACTGGAACA_014,75
GTCACATTCAAACTGGAACA_015,74
CGGGCACTGTGCATGGTGTG_001,78
CGGGCACTGTGCATGGTGTG_002,80
CGGGCACTGTGCATGGTGTG_003,148
CGGGCACTGTGCATGGTGTG_004,56
CGGGCACTGTGCATGGTGTG_005,4
CGGGCACTGTGCATGGTGTG_006,198
CGGGCACTGTGCATGGTGTG_007,116
CGGGCACTGTGCATGGTGTG_008,78
CGGGCACTGTGCATGGTGTG_009,131
CGGGCACTGTGCATGGTGTG_010,106
CGGGCACTGTGCATGGTGTG_011,1
CGGGCACTGTGCATGGTGTG_012,45
CGGGCACTGTGCATGGTGTG_013,47
ACACTGTCGGACATTCGGGA_001,156
ACACTGTCGGACATTCGGGA_002,1
ACACTGTCGGACATTCGGGA_003,190
ACACTGTCGGACATTCGGGA_004,22
ACACTGTCGGACATTCGGGA_005,172
ATCAGTGGTTATGCAAAAGT_001,54
ATCAGTGGTTATGCAAAAGT_002,17
ATCAGTGGTTATGCAAAAGT_003,16
ATCAGTGGTTATGCAAAAGT_004,13
ATCAGTGGTTATGCAAAAGT_005,175
ATCAGTGGTTATGCAAAAGT_006,56
ATCAGTGGTTATGCAAAAGT_007,50
ATCAGTGGTTATGCAAAAGT_008,57
ATCAGTGGTTATGCAAAAGT_009,65
ATCAGTGGTTATGCAAAAGT_010,99
CACATAGTAGCCCGAGTCTG_001,144
CACATAGTAGCCCGAGTCTG_002,116
CACATAGTAGCCCGAGTCTG_003,165
CACATAGTAGCCCGAGTCTG_004,16
CAGAGCTAACTATGGGCGTA_001,76
CAGAGCTAACTATGGGCGTA_002,171
CAGAGCTAACTATGGGCGTA_003,27
CAGAGCTAACTATGGGCGTA_004,105
CAGAGCTAACTATGGGCGTA_005,32
CAGAGCTAACTATGGGCGTA_006,40
CAGAGCTAACTATGGGCGTA_007,88
CAGAGCTAACTATGGGCGTA_008,56
CAGAGCTAACTATGGGCGTA_009,28
CAGAGCTAACTATGGGCGTA_010,146
CAGAGCTAACTATGGGCGTA_011,197
AGATGGTGGCATGTCTCAAG_001,39
AATGGACTCTGATATGGAAG_001,59
GAACAAACAGTTGATCCAGA_001,3
GAACAAACAGTTGATCCAGA_002,168
GAACAAACAGTTGATCCAGA_003,141
GAACAAACAGTTGATCCAGA_004,175
GAACAAACAGTTGATCCAGA_005,29
GAACAAACAGTTGATCCAGA_006,148
GAACAAACAGTTGATCCAGA_007,160
GAACAAACAGTTGATCCAGA_008,185
CACCTGACACGGGAAAGCCG_001,117
CACCTGACACGGGAAAGCCG_002,168
CACCTGACACGGGAAAGCCG_003,181
CACCTGACACGGGAAAGCCG_004,115
CGTGACGGAAATGCTACGTG_001,12
CGTGACGGAAATGCTACGTG_002,150
CGTGACGGAAATGCTACGTG_003,5
CGTGACGGAAATGCTACGTG_004,49
CGTGACGGAAATGCTACGTG_005,26
GTGGCTGTATTGGAAGCAGC_001,178
GTGGCTGTATTGGAAGCAGC_002,135
GTGGCTGTATTGGAAGCAGC_003,178
GTGGCTGTATTGGAAGCAGC_004,184
GTGGCTGTATTGGAAGCAGC_005,49
GGCTGTAGCGATGCTCACTG_001,162
GGCTGTAGCGATGCTCACTG_002,151
GGCTGTAGCGATGCTCACTG_003,130
GGCTGTAGCGATGCTCACTG_004,72
GGCTGTAGCGATGCTCACTG_005,9
GGCTGTAGCGATGCTCACTG_006,56
GGCTGTAGCGATGCTCACTG_007,2
GGCTGTAGCGATGCTCACTG_008,134
GGCTGTAGCGATGCTCACTG_009,41
GGCTGTAGCGATGCTCACTG_010,197
GGGTCTGCAGAACTTCATCG_001,112
GGGTCTGCAGAACTTCATCG_002,37
GGGTCTGCAGAACTTCATCG_003,105
GGGTCTGCAGAACTTCATCG_004,121
GGGTCTGCAGAACTTCATCG_005,181
GGGTCTGCAGAACTTCATCG_006,30
GGGTCTGCAGAACTTCATCG_007,91
GGGTCTGCAGAACTTCATCG_008,144
GGGTCTGCAGAACTTCATCG_009,105
GGGTCTGCAGAACTTCATCG_010,60
GGGTCTGCAGAACTTCATCG_011,190
GGGTCTGCAGAACTTCATCG_012,169
GGGTCTGCAGAACTTCATCG_013,190
GGGTCTGCAGAACTTCATCG_014,12
GGGTCTGCAGAACTTCATCG_015,103
GGGTCTGCAGAACTTCATCG_016,174
GGGTCTGCAGAACTTCATCG_017,60
GGGTCTGCAGAACTTCATCG_018,42
GGGTCTGCAGAACTTCATCG_019,30
GGGTCTGCAGAACTTCATCG_020,126
GGGTCTGCAGAACTTCATCG_021,37
GGGTCTGCAGAACTTCATCG_022,2
CACACTCCAGGCCATCGTCA_001,42
CACACTCCAGGCCATCGTCA_002,28
CACACTCCAGGCCATCGTCA_003,115
CACACTCCAGGCCATCGTCA_004,185
CACACTCCAGGCCATCGTCA_005,8
CACACTCCAGGCCATCGTCA_006,20
CACACTCCAGGCCATCGTCA_007,14
CACACTCCAGGCCATCGTCA_008,67
CACACTCCAGGCCATCGTCA_009,192
CACACTCCAGGCCATCGTCA_010,119
CACACTCCAGGCCATCGTCA_011,134
CACACTCCAGGCCATCGTCA_012,134
CACACTCCAGGCCATCGTCA_013,48
CACACTCCAGGCCATCGTCA_014,184
CACACTCCAGGCCATCGTCA_015,19
CACACTCCAGGCCATCGTCA_016,146
CACACTCCAGGCCATCGTCA_017,181
CACACTCCAGGCCATCGTCA_018,179
CACACTCCAGGCCATCGTCA_019,69
CACACTCCAGGCCATCGTCA_020,60
CACACTCCAGGCCATCGTCA_021,152
CACACTCCAGGCCATCGTCA_022,10
CACACTCCAGGCCATCGTCA_023,138
CACACTCCAGGCCATCGTCA_024,46
CACACTCCAGGCCATCGTCA_025,156
CACACTCCAGGCCATCGTCA_026,184
CACACTCCAGGCCATCGTCA_027,136
CACACTCCAGGCCATCGTCA_028,180
CACACTCCAGGCCATCGTCA_029,17
CACACTCCAGGCCATCGTCA_030,37
CACACTCCAGGCCATCGTCA_031,102
AGTTTCTTTACTCTCCATGG_001,116
AGTTTCTTTACTCTCCATGG_002,62
GGGGTTCCCGTCCAGACGCA_001,19
GGGGTTCCCGTCCAGACGCA_002,70
GGGGTTCCCGTCCAGACGCA_003,58
GGGGTTCCCGTCCAGACGCA_004,183
GGGGTTCCCGTCCAGACGCA_005,19
GGGGTTCCCGTCCAGACGCA_006,106
GGGGTTCCCGTCCAGACGCA_007,168
GGGGTTCCCGTCCAGACGCA_008,0
GGGGTTCCCGTCCAGACGCA_009,145
GGGGTTCCCGTCCAGACGCA_010,50
GGGGTTCCCGTCCAGACGCA_011,156
GGGGTTCCCGTCCAGACGCA_012,34
GGGGTTCCCGTCCAGACGCA_013,126
GGGGTTCCCGTCCAGACGCA_014,126
GGGGTTCCCGTCCAGACGCA_015,116
CATATTCGATGCCATCGTGA_001,40
CATATTCGATGCCATCGTGA_002,120
CATATTCGATGCCATCGTGA_003,198
CATATTCGATGCCATCGTGA_004,81
CATATTCGATGCCATCGTGA_005,49
AGACGCCAGAGGAGCTACTG_001,39
AGGTTCCTGGCGAAACACGG_001,132
AGGTTCCTGGCGAAACACGG_002,4
AGGTTCCTGGCGAAACACGG_003,67
AGGTTCCTGGCGAAACACGG_004,80
AGGTTCCTGGCGAAACACGG_005,56
AGGTTCCTGGCGAAACACGG_006,19
AGGTTCCTGGCGAAACACGG_007,115
AGGTTCCTGGCGAAACACGG_008,164
AGGTTCCTGGCGAAACACGG_009,127
AGGTTCCTGGCGAAACACGG_010,16
AGGTTCCTGGCGAAACACGG_011,192
AGTGTTTCAGCATAACAGGT_001,137
AGTGTTTCAGCATAACAGGT_002,106
AGTGTTTCAGCATAACAGGT_003,58
AGTGTTTCAGCATAACAGGT_004,19
AGTGTTTCAGCATAACAGGT_005,130
TTGATAGACTCAATTGTCTG_001,19
TTGATAGACTCAATTGTCTG_002,82
TTGATAGACTCAATTGTCTG_003,88
TTGATAGACTCAATTGTCTG_004,144
TTGATAGACTCAATTGTCTG_005,103
TTGTAGCATTACTAAAGACT_001,42
TTGTAGCATTACTAAAGACT_002,198
TTGTAGCATTACTAAAGACT_003,182
TTGTAGCATTACTAAAGACT_004,50
TTGTAGCATTACTAAAGACT_005,129
TTGTAGCATTACTAAAGACT_006,96
TTGTAGCATTACTAAAGACT_007,3
GAAGTTTACTAACATCTTCG_001,175
GAAGTTTACTAACATCTTCG_002,77
AGTTTCTCCAGTAAACTTCG_001,12
CAGTGGCAGTGACCACAAGG_001,57
CAGTGGCAGTGACCACAAGG_002,48
CAGTGGCAGTGACCACAAGG_003,13
CAGTGGCAGTGACCACAAGG_004,42
CAGTGGCAGTGACCACAAGG_005,7
CAGTGGCAGTGACCACAAGG_006,69
CAGTGGCAGTGACCACAAGG_007,123
GGATGATGGCCTGACCGCCG_001,20
GGATGATGGCCTGACCGCCG_002,57
GGATGATGGCCTGACCGCCG_003,142
GGATGATGGCCTGACCGCCG_004,0
GGATGATGGCCTGACCGCCG_005,76
GGATGATGGCCTGACCGCCG_006,72
CGGCCACTGTGACTATCACC_001,176
CGGCCACTGTGACTATCACC_002,23
CGGCCACTGTGACTATCACC_003,81
CGGCCACTGTGACTATCACC_004,68
CGGCCACTGTGACTATCACC_005,88
CGGCCACTGTGACTATCACC_006,168
CGGCCACTGTGACTATCACC_007,147
GATGGAGCAGTGGTTTAACA_001,37
GATGGAGCAGTGGTTTAACA_002,43
GATGGAGCAGTGGTTTAACA_003,97
GATGGAGCAGTGGTTTAACA_004,0
GCGGCTCAAGCGTGAAGTAG_001,8
GCGGCTCAAGCGTGAAGTAG_002,140
GCGGCTCAAGCGTGAAGTAG_003,102
GCGGCTCAAGCGTGAAGTAG_004,115
GCGGCTCAAGCGTGAAGTAG_005,43
GCGGCTCAAGCGTGAAGTAG_006,58
GCGGCTCAAGCGTGAAGTAG_007,99
GCGGCTCAAGCGTGAAGTAG_008,134
GCGGCTCAAGCGTGAAGTAG_009,60
GCGGCTCAAGCGTGAAGTAG_010,166
GCGGCTCAAGCGTGAAGTAG_011,88
GCGGCTCAAGCGTGAAGTAG_012,38
GCGGCTCAAGCGTGAAGTAG_013,120
GCGGCTCAAGCGTGAAGTAG_014,180
GCGGCTCAAGCGTGAAGTAG_015,145
GCGGCTCAAGCGTGAAGTAG_016,37
GCGGCTCAAGCGTGAAGTAG_017,138
GCGGCTCAAGCGTGAAGTAG_018,156
GCGGCTCAAGCGTGAAGTAG_019,187
AAGAACTCGCAAAAGCTCAG_001,27
AAGAACTCGCAAAAGCTCAG_002,100
AAGAACTCGCAAAAGCTCAG_003,49
AAGAACTCGCAAAAGCTCAG_004,143
AAGAACTCGCAAAAGCTCAG_005,26
GAAGCGCGATGACGGCTACG_001,185
GAAGCGCGATGACGGCTACG_002,98
CGGACCGCTGAGCTATACAA_001,162
CGGACCGCTGAGCTATACAA_002,88
CGGACCGCTGAGCTATACAA_003,28
CGGACCGCTGAGCTATACAA_004,116
CAAGCCGAGTGTGAATGTGT_001,127
CAAGCCGAGTGTGAATGTGT_002,181
CAAGCCGAGTGTGAATGTGT_003,105
CAAGCCGAGTGTGAATGTGT_004,172
CAAGCCGAGTGTGAATGTGT_005,138
CAAGCCGAGTGTGAATGTGT_006,138
TCATGACGAGCCCCTCTGAG_001,43
TCATGACGAGCCCCTCTGAG_002,198
TCATGACGAGCCCCTCTGAG_003,157
TCATGACGAGCCCCTCTGAG_004,9
TCATGACGAGCCCCTCTGAG_005,88
TCATGACGAGCCCCTCTGAG_006,169
TCATGACGAGCCCCTCTGAG_007,98
TCATGACGAGCCCCTCTGAG_008,108
TCATGACGAGCCCCTCTGAG_009,73
TCATGACGAGCCCCTCTGAG_010,66
AAGACTCTGGAGACAATGGG_001,163
AAGACTCTGGAGACAATGGG_002,34
AAGACTCTGGAGACAATGGG_003,191
AAGACTCTGGAGACAATGGG_004,188
AAGACTCTGGAGACAATGGG_005,184
AAGACTCTGGAGACAATGGG_006,142
AAGACTCTGGAGACAATGGG_007,85
AAGACTCTGGAGACAATGGG_008,35
CATACTCACATTCTACCATG_001,90
CTTTCGAGTTCGAGACCATG_001,0
CTTTCGAGTTCGAGACCATG_002,160
CTTTCGAGTTCGAGACCATG_003,25
CTTTCGAGTTCGAGACCATG_004,92
CTTTCGAGTTCGAGACCATG_005,194
TGTAGATATAGGGTGTCTAC_001,48
TGTAGATATAGGGTGTCTAC_002,2
TGTAGATATAGGGTGTCTAC_003,103
TGTAGATATAGGGTGTCTAC_004,130
TGTAGATATAGGGTGTCTAC_005,188
TGTAGATATAGGGTGTCTAC_006,150
TGTAGATATAGGGTGTCTAC_007,4
TGTAGATATAGGGTGTCTAC_008,25
TGTAGATATAGGGTGTCTAC_009,0
TGTAGATATAGGGTGTCTAC_010,58
TGTAGATATAGGGTGTCTAC_011,183
CCAGAGCATCCAAAAGAGTG_001,106
CCAGAGCATCCAAAAGAGTG_002,82
CCAGAGCATCCAAAAGAGTG_003,141
CCAGAGCATCCAAAAGAGTG_004,41
CCAGAGCATCCAAAAGAGTG_005,149
CCAGAGCATCCAAAAGAGTG_006,147
CCAGAGCATCCAAAAGAGTG_007,23
CCAGAGCATCCAAAAGAGTG_008,0
CCAGAGCATCCAAAAGAGTG_009,144
CCAGAGCATCCAAAAGAGTG_010,108
CCAGAGCATCCAAAAGAGTG_011,141
CCAGAGCATCCAAAAGAGTG_012,171
CCAGAGCATCCAAAAGAGTG_013,2
CCAGAGCATCCAAAAGAGTG_014,133
CCAGAGCATCCAAAAGAGTG_015,169
GAGATGGCAATTGTGTGACT_001,65
GAGATGGCAATTGTGTGACT_002,139
GAGATGGCAATTGTGTGACT_003,59
GAGATGGCAATTGTGTGACT_004,170
GAGATGGCAATTGTGTGACT_005,8
GAGATGGCAATTGTGTGACT_006,148
GAGATGGCAATTGTGTGACT_007,148
GAGATGGCAATTGTGTGACT_008,52
GAGATGGCAATTGTGTGACT_009,194
GAGATGGCAATTGTGTGACT_010,119
GAGATGGCAATTGTGTGACT_011,119
GAGATGGCAATTGTGTGACT_012,198
GAGATGGCAATTGTGTGACT_013,142
TATCATACCTTGAGACTGTG_001,166
TATCATACCTTGAGACTGTG_002,96
TATCATACCTTGAGACTGTG_003,65
TATCATACCTTGAGACTGTG_004,29
TATCATACCTTGAGACTGTG_005,151
TATCATACCTTGAGACTGTG_006,58
TATCATACCTTGAGACTGTG_007,41
TATCATACCTTGAGACTGTG_008,36
TATCATACCTTGAGACTGTG_009,119
TATCATACCTTGAGACTGTG_010,70
TATCATACCTTGAGACTGTG_011,26
TATCATACCTTGAGACTGTG_012,198
TATCATACCTTGAGACTGTG_013,102
TATCATACCTTGAGACTGTG_014,196
TATCATACCTTGAGACTGTG_015,168
TATCATACCTTGAGACTGTG_016,149
TATCATACCTTGAGACTGTG_017,188
ACCTGTTTACAACTGGACCA_001,133
ACCTGTTTACAACTGGACCA_002,2
ACCTGTTTACAACTGGACCA_003,139
AATGTATGCTTCATTACAAG_001,31
AATGTATGCTTCATTACAAG_002,66
AATGTATGCTTCATTACAAG_003,198
AATGTATGCTTCATTACAAG_004,11
TATCTACGAAGCAAGATCAA_001,4
TATCTACGAAGCAAGATCAA_002,20
TATCTACGAAGCAAGATCAA_003,38
TATCTACGAAGCAAGATCAA_004,40
GCCCAGTTAGAGGAGTGCAA_001,127
GCCCAGTTAGAGGAGTGCAA_002,102
GCCCAGTTAGAGGAGTGCAA_003,44
GCCCAGTTAGAGGAGTGCAA_004,91
GCCCAGTTAGAGGAGTGCAA_005,119
GCCCAGTTAGAGGAGTGCAA_006,84
GCCCAGTTAGAGGAGTGCAA_007,34
GCCCAGTTAGAGGAGTGCAA_008,27
GCCCAGTTAGAGGAGTGCAA_009,155
CAGTCCAAGAGTGATAAGGT_001,122
CAGTCCAAGAGTGATAAGGT_002,127
CCGTGCTGATTCGGAACAAG_001,141
CCGTGCTGATTCGGAACAAG_002,149
CCGTGCTGATTCGGAACAAG_003,158
CCGTGCTGATTCGGAACAAG_004,78
CCGTGCTGATTCGGAACAAG_005,12
CCGTGCTGATTCGGAACAAG_006,71
CCGTGCTGATTCGGAACAAG_007,81
CCGTGCTGATTCGGAACAAG_008,158
CCGTGCTGATTCGGAACAAG_009,46
CCGTGCTGATTCGGAACAAG_010,84
CCGTGCTGATTCGGAACAAG_011,138
CCGTGCTGATTCGGAACAAG_012,2
CCGTGCTGATTCGGAACAAG_013,66
CCGTGCTGATTCGGAACAAG_014,17
CCGTGCTGATTCGGAACAAG_015,17
CCGTGCTGATTCGGAACAAG_016,1
CCGTGCTGATTCGGAACAAG_017,78
CCGTGCTGATTCGGAACAAG_018,110
CCGTGCTGATTCGGAACAAG_019,85
CCGTGCTGATTCGGAACAAG_020,85
CGTGCAGGATTTGTTCGCCG_001,7
CGTGCAGGATTTGTTCGCCG_002,28
CGTGCAGGATTTGTTCGCCG_003,138
CGTGCAGGATTTGTTCGCCG_004,104
CGTGCAGGATTTGTTCGCCG_005,75
CGTGCAGGATTTGTTCGCCG_006,127
CGTGCAGGATTTGTTCGCCG_007,144
CGTGCAGGATTTGTTCGCCG_008,22
TTTGGCTGACTCGTAGACGC_001,1
TTTGGCTGACTCGTAGACGC_002,98
TTTGGCTGACTCGTAGACGC_003,166
TTTGGCTGACTCGTAGACGC_004,174
TTTGGCTGACTCGTAGACGC_005,152
TTTGGCTGACTCGTAGACGC_006,19
TTTGGCTGACTCGTAGACGC_007,114
CTGCGGTCGCACCTACCCGG_001,64
CTGCGGTCGCACCTACCCGG_002,16
CTGCGGTCGCACCTACCCGG_003,48
CTGCGGTCGCACCTACCCGG_004,65
CTGCGGTCGCACCTACCCGG_005,172
CTGCGGTCGCACCTACCCGG_006,130
CTGCGGTCGCACCTACCCGG_007,172
CTGCGGTCGCACCTACCCGG_008,62
CTGCGGTCGCACCTACCCGG_009,145
CTGCGGTCGCACCTACCCGG_010,62
CTGCGGTCGCACCTACCCGG_011,127
TTGATGTTGTGTTAGGTGTG_001,100
TTGATGTTGTGTTAGGTGTG_002,9
TTGATGTTGTGTTAGGTGTG_003,65
CTACACCACTACTACGTCCA_001,157
CTACACCACTACTACGTCCA_002,166
CTACACCACTACTACGTCCA_003,163
CTACACCACTACTACGTCCA_004,45
CTACACCACTACTACGTCCA_005,112
CTACACCACTACTACGTCCA_006,42
CTACACCACTACTACGTCCA_007,159
CTACACCACTACTACGTCCA_008,83
CTACACCACTACTACGTCCA_009,19
CTACACCACTACTACGTCCA_010,2
CTACACCACTACTACGTCCA_011,176
CTACACCACTACTACGTCCA_012,9
CTACACCACTACTACGTCCA_013,141
CTACACCACTACTACGTCCA_014,149
CTACACCACTACTACGTCCA_015,188
AGGGCTCCAACAAATTAACA_001,116
AGGGCTCCAACAAATTAACA_002,185
AGGGCTCCAACAAATTAACA_003,121
TCGTTGCAGAATTACGGCAG_001,187
TCGTTGCAGAATTACGGCAG_002,193
TCGTTGCAGAATTACGGCAG_003,161
TCGTTGCAGAATTACGGCAG_004,16
TCGTTGCAGAATTACGGCAG_005,156
TCGTTGCAGAATTACGGCAG_006,169
TCGTTGCAGAATTACGGCAG_007,105
TCGTTGCAGAATTACGGCAG_008,114
TCGTTGCAGAATTACGGCAG_009,114
TCGTTGCAGAATTACGGCAG_010,2
TCGTTGCAGAATTACGGCAG_011,35
ACTGACCCAGAAGCGTCACT_001,160
ACTGACCCAGAAGCGTCACT_002,70
ACTGACCCAGAAGCGTCACT_003,65
ACTGACCCAGAAGCGTCACT_004,72
ACTGACCCAGAAGCGTCACT_005,2
ACTGACCCAGAAGCGTCACT_006,148
ACTGACCCAGAAGCGTCACT_007,8
ACTGACCCAGAAGCGTCACT_008,198
ACTGACCCAGAAGCGTCACT_009,90
ACTGACCCAGAAGCGTCACT_010,103
ACTGACCCAGAAGCGTCACT_011,132
ACTGACCCAGAAGCGTCACT_012,105
ACTGACCCAGAAGCGTCACT_013,146
ACTGACCCAGAAGCGTCACT_014,40
ACTGACCCAGAAGCGTCACT_015,138
ACTGACCCAGAAGCGTCACT_016,130
ACTGACCCAGAAGCGTCACT_017,191
ACTGACCCAGAAGCGTCACT_018,78
ACTGACCCAGAAGCGTCACT_019,15
ACTGACCCAGAAGCGTCACT_020,6
ACTGACCCAGAAGCGTCACT_021,179
ACTGACCCAGAAGCGTCACT_022,150
ACTGACCCAGAAGCGTCACT_023,136
ACTGACCCAGAAGCGTCACT_024,7
ACTGACCCAGAAGCGTCACT_025,144
ACTGACCCAGAAGCGTCACT_026,28
ACTGACCCAGAAGCGTCACT_027,44
ACTGACCCAGAAGCGTCACT_028,180
ACTGACCCAGAAGCGTCACT_029,175
ACTGACCCAGAAGCGTCACT_030,150
ACTGACCCAGAAGCGTCACT_031,5
TCACTGACTTAGGGACACCC_001,147
TCACTGACTTAGGGACACCC_002,149
TCACTGACTTAGGGACACCC_003,169
TCACTGACTTAGGGACACCC_004,165
TCACTGACTTAGGGACACCC_005,43
GGGACTGTATTGTACAGACG_001,175
GGGACTGTATTGTACAGACG_002,199
GGGACTGTATTGTACAGACG_003,63
GGGACTGTATTGTACAGACG_004,7
GGGACTGTATTGTACAGACG_005,162
GGGACTGTATTGTACAGACG_006,83
GTAATAAAGAGCCTTAAGGA_001,4
GTAATAAAGAGCCTTAAGGA_002,149
GTAATAAAGAGCCTTAAGGA_003,130
GTAATAAAGAGCCTTAAGGA_004,133
GTAATAAAGAGCCTTAAGGA_005,129
GTAATAAAGAGCCTTAAGGA_006,110
GTAATAAAGAGCCTTAAGGA_007,10
TGACTCACTGTCCACTAGAG_001,88
TCAACTCCAAAATATCATTG_001,127
TCAACTCCAAAATATCATTG_002,170
TCAACTCCAAAATATCATTG_003,50
TCAACTCCAAAATATCATTG_004,38
TCAACTCCAAAATATCATTG_005,82
TCAACTCCAAAATATCATTG_006,33
CACAAACCTGCCAATGCCAG_001,26
CACAAACCTGCCAATGCCAG_002,46
CACAAACCTGCCAATGCCAG_003,50
CACAAACCTGCCAATGCCAG_004,155
CACAAACCTGCCAATGCCAG_005,35
CACAAACCTGCCAATGCCAG_006,188
CACAAACCTGCCAATGCCAG_007,68
AGAGACTGGAGGACACTTAG_001,48
AGAGACTGGAGGACACTTAG_002,50
AGAGACTGGAGGACACTTAG_003,195
AGAGACTGGAGGACACTTAG_004,91
AGAGACTGGAGGACACTTAG_005,24
AGAGACTGGAGGACACTTAG_006,159
AGAGACTGGAGGACACTTAG_007,158
AGAGACTGGAGGACACTTAG_008,48
AGAGACTGGAGGACACTTAG_009,115
AGAGACTGGAGGACACTTAG_010,102
AGAGACTGGAGGACACTTAG_011,94
AGAGACTGGAGGACACTTAG_012,67
CCGGCCCCCCACAATCTCCG_001,159
CCGGCCCCCCACAATCTCCG_002,190
CCGGCCCCCCACAATCTCCG_003,176
CCGGCCCCCCACAATCTCCG_004,86
CCGGCCCCCCACAATCTCCG_005,184
CCGGCCCCCCACAATCTCCG_006,46
CCGGCCCCCCACAATCTCCG_007,130
CCGGCCCCCCACAATCTCCG_008,52
CCGGCCCCCCACAATCTCCG_009,77
CCGGCCCCCCACAATCTCCG_010,109
CCGGCCCCCCACAATCTCCG_011,88
CCGGCCCCCCACAATCTCCG_012,144
CCGGCCCCCCACAATCTCCG_013,27
CCGGCCCCCCACAATCTCCG_014,16
CCGGCCCCCCACAATCTCCG_015,149
CCGGCCCCCCACAATCTCCG_016,78
CCGGCCCCCCACAATCTCCG_017,57
CCGGCCCCCCACAATCTCCG_018,75
CCGGCCCCCCACAATCTCCG_019,181
CCGGCCCCCCACAATCTCCG_020,184
CCGGCCCCCCACAATCTCCG_021,168
CCGGCCCCCCACAATCTCCG_022,124
CCGGCCCCCCACAATCTCCG_023,156
CCGGCCCCCCACAATCTCCG_024,162
CCGGCCCCCCACAATCTCCG_025,166
CCGGCCCCCCACAATCTCCG_026,183
CCGGCCCCCCACAATCTCCG_027,49
CCGGCCCCCCACAATCTCCG_028,198
CCGGCCCCCCACAATCTCCG_029,59
CCGGCCCCCCACAATCTCCG_030,66
CCGGCCCCCCACAATCTCCG_031,15
CCGGCCCCCCACAATCTCCG_032,94
AGAGTGCACAGATAGCGGCC_001,52
AGAGTGCACAGATAGCGGCC_002,48
AGAGTGCACAGATAGCGGCC_003,94
AGAGTGCACAGATAGCGGCC_004,99
AGAGTGCACAGATAGCGGCC_005,116
AGAGTGCACAGATAGCGGCC_006,42
AGAGTGCACAGATAGCGGCC_007,105
AGAGTGCACAGATAGCGGCC_008,156
AGAGTGCACAGATAGCGGCC_009,166
AGAGTGCACAGATAGCGGCC_010,199
AGAGTGCACAGATAGCGGCC_011,119
ATATTCGAATACCACTAATG_001,132
ATATTCGAATACCACTAATG_002,52
GGTGGAGAGCAACTCCAATG_001,120
GGTGGAGAGCAACTCCAATG_002,124
GGTGGAGAGCAACTCCAATG_003,38
GGTGGAGAGCAACTCCAATG_004,35
GGTGGAGAGCAACTCCAATG_005,94
GATGAGACTCAACATTCTGG_001,43
GATGAGACTCAACATTCTGG_002,39
GGGAGATCTTGAGCGCCTGG_001,119
CGTTAAGACTAGCTCGGTTT_001,1
CGTTAAGACTAGCTCGGTTT_002,102
CGTTAAGACTAGCTCGGTTT_003,106
CGTTAAGACTAGCTCGGTTT_004,6
CGTTAAGACTAGCTCGGTTT_005,197
CGTTAAGACTAGCTCGGTTT_006,169
TCCCTTCAAAGAAAGGATCG_001,171
TCCCTTCAAAGAAAGGATCG_002,127
TCCCTTCAAAGAAAGGATCG_003,100
TCCCTTCAAAGAAAGGATCG_004,9
TCCCTTCAAAGAAAGGATCG_005,149
TAGACACCACCTTCATACTG_001,42
TAGACACCACCTTCATACTG_002,127
TAGACACCACCTTCATACTG_003,20
TAGACACCACCTTCATACTG_004,116
TAGACACCACCTTCATACTG_005,43
TAGACACCACCTTCATACTG_006,191
TAGACACCACCTTCATACTG_007,56
TAGACACCACCTTCATACTG_008,55
TAGACACCACCTTCATACTG_009,188
TAGACACCACCTTCATACTG_010,148
TAGACACCACCTTCATACTG_011,49
TAGACACCACCTTCATACTG_012,163
AGCCAGCCATTACCTGTAAG_001,51
AGCCAGCCATTACCTGTAAG_002,166
AGCCAGCCATTACCTGTAAG_003,174
AGCCAGCCATTACCTGTAAG_004,183
AGCCAGCCATTACCTGTAAG_005,177
AGCCAGCCATTACCTGTAAG_006,53
AGCCAGCCATTACCTGTAAG_007,29
AGCCAGCCATTACCTGTAAG_008,2
AGCCAGCCATTACCTGTAAG_009,199
AGCCAGCCATTACCTGTAAG_010,15
AGCCAGCCATTACCTGTAAG_011,61
AGCCAGCCATTACCTGTAAG_012,19
AGCCAGCCATTACCTGTAAG_013,191
AGCCAGCCATTACCTGTAAG_014,134
AGCCAGCCATTACCTGTAAG_015,48
CAAGCACCGCGTTAGCATGG_001,172
CAAGCACCGCGTTAGCATGG_002,150
CAAGCACCGCGTTAGCATGG_003,88
CAAGCACCGCGTTAGCATGG_004,175
CAAGCACCGCGTTAGCATGG_005,103
CAAGCACCGCGTTAGCATGG_006,48
CAAGCACCGCGTTAGCATGG_007,19
CAAGCACCGCGTTAGCATGG_008,9
CCTCAAAATCGACACCATTG_001,144
CCTCAAAATCGACACCATTG_002,6
CCTCAAAATCGACACCATTG_003,87
CCTCAAAATCGACACCATTG_004,94
CCTCAAAATCGACACCATTG_005,154
CCTCAAAATCGACACCATTG_006,169
CCTCAAAATCGACACCATTG_007,9
CCTCAAAATCGACACCATTG_008,171
CCTCAAAATCGACACCATTG_009,151
CCTCAAAATCGACACCATTG_010,44
CCTCAAAATCGACACCATTG_011,117
CCTCAAAATCGACACCATTG_012,45
CCTCAAAATCGACACCATTG_013,54
CCTCAAAATCGACACCATTG_014,73
CCTCAAAATCGACACCATTG_015,69
CCTCAAAATCGACACCATTG_016,166
CCTCAAAATCGACACCATTG_017,34
CCTCAAAATCGACACCATTG_018,90
CCTCAAAATCGACACCATTG_019,197
CCTCAAAATCGACACCATTG_020,54
GGGCTGATGGGGAAGCGAGT_001,151
GGGCTGATGGGGAAGCGAGT_002,6
GGGCTGATGGGGAAGCGAGT_003,141
GGGCTGATGGGGAAGCGAGT_004,16
GGGCTGATGGGGAAGCGAGT_005,175
GGGCTGATGGGGAAGCGAGT_006,149
TCTATTCCTAGAAGTGTGGA_001,94
TCTATTCCTAGAAGTGTGGA_002,9
TCTATTCCTAGAAGTGTGGA_003,84
TCTATTCCTAGAAGTGTGGA_004,98
TCTATTCCTAGAAGTGTGGA_005,174
TCTATTCCTAGAAGTGTGGA_006,112
TCTATTCCTAGAAGTGTGGA_007,106
TCTATTCCTAGAAGTGTGGA_008,155
TCTATTCCTAGAAGTGTGGA_009,75
TGTTGAGGGGAGCCTCACGT_001,146
TGTTGAGGGGAGCCTCACGT_002,81
TGTTGAGGGGAGCCTCACGT_003,60
TGTTGAGGGGAGCCTCACGT_004,29
TGTTGAGGGGAGCCTCACGT_005,107
TGTTGAGGGGAGCCTCACGT_006,129
TGTTGAGGGGAGCCTCACGT_007,28
TGTTGAGGGGAGCCTCACGT_008,52
TGTTGAGGGGAGCCTCACGT_009,166
TGTTGAGGGGAGCCTCACGT_010,125
TGTTGAGGGGAGCCTCACGT_011,159
TGTTGAGGGGAGCCTCACGT_012,49
TGTTGAGGGGAGCCTCACGT_013,53
TGTTGAGGGGAGCCTCACGT_014,137
TGTTGAGGGGAGCCTCACGT_015,132
TGTTGAGGGGAGCCTCACGT_016,178
TGTTGAGGGGAGCCTCACGT_017,40
TGTTGAGGGGAGCCTCACGT_018,36
TGTTGAGGGGAGCCTCACGT_019,188
TGTTGAGGGGAGCCTCACGT_020,158
TGTTGAGGGGAGCCTCACGT_021,142
TGTTGAGGGGAGCCTCACGT_022,186
TGTTGAGGGGAGCCTCACGT_023,157
TGTTGAGGGGAGCCTCACGT_024,41
TGTTGAGGGGAGCCTCACGT_025,191
TGTTGAGGGGAGCCTCACGT_026,53
TGTTGAGGGGAGCCTCACGT_027,40
TGTTGAGGGGAGCCTCACGT_028,71
TGTTGAGGGGAGCCTCACGT_029,66
TGTTGAGGGGAGCCTCACGT_030,175
TGTTGAGGGGAGCCTCACGT_031,44
TGTTGAGGGGAGCCTCACGT_032,142
TGTTGAGGGGAGCCTCACGT_033,165
TGTTGAGGGGAGCCTCACGT_034,26
TGTTGAGGGGAGCCTCACGT_035,49
ACAATGTCGTCCGCGCCTCG_001,190
ACAATGTCGTCCGCGCCTCG_002,88
ACAATGTCGTCCGCGCCTCG_003,9
ACAATGTCGTCCGCGCCTCG_004,15
ACAATGTCGTCCGCGCCTCG_005,27
ACAATGTCGTCCGCGCCTCG_006,47
ACAATGTCGTCCGCGCCTCG_007,8
ACAATGTCGTCCGCGCCTCG_008,14
ACAATGTCGTCCGCGCCTCG_009,105
ACAATGTCGTCCGCGCCTCG_010,191
ACAATGTCGTCCGCGCCTCG_011,194
ACAATGTCGTCCGCGCCTCG_012,194
ACAATGTCGTCCGCGCCTCG_013,122
ACAATGTCGTCCGCGCCTCG_014,92
ACAATGTCGTCCGCGCCTCG_015,90
ACAATGTCGTCCGCGCCTCG_016,61
ACAATGTCGTCCGCGCCTCG_017,145
ACAATGTCGTCCGCGCCTCG_018,65
ACAATGTCGTCCGCGCCTCG_019,39
ACAATGTCGTCCGCGCCTCG_020,148
ACAATGTCGTCCGCGCCTCG_021,83
ACAATGTCGTCCGCGCCTCG_022,30
ACAATGTCGTCCGCGCCTCG_023,55
ACAATGTCGTCCGCGCCTCG_024,41
ACAATGTCGTCCGCGCCTCG_025,15
ACAATGTCGTCCGCGCCTCG_026,160
ACAATGTCGTCCGCGCCTCG_027,71
ACAATGTCGTCCGCGCCTCG_028,24
ACAATGTCGTCCGCGCCTCG_029,161
ACAATGTCGTCCGCGCCTCG_030,124
ACAATGTCGTCCGCGCCTCG_031,166
ACAATGTCGTCCGCGCCTCG_032,76
ACAATGTCGTCCGCGCCTCG_033,168
ACAATGTCGTCCGCGCCTCG_034,79
ACAATGTCGTCCGCGCCTCG_035,162
ACAATGTCGTCCGCGCCTCG_036,57
ACAATGTCGTCCGCGCCTCG_037,37
ACAATGTCGTCCGCGCCTCG_038,118
ACAATGTCGTCCGCGCCTCG_039,47
ACAATGTCGTCCGCGCCTCG_040,9
ACAATGTCGTCCGCGCCTCG_041,88
ACAATGTCGTCCGCGCCTCG_042,66
CAAACAACATGCATGACTGG_001,177
CAAACAACATGCATGACTGG_002,148
CAAACAACATGCATGACTGG_003,37
CAAACAACATGCATGACTGG_004,174
ACATCACTAATATTCGCAGT_001,94
GCCGACCATCTGCTCCGACC_001,137
GCCGACCATCTGCTCCGACC_002,198
GCCGACCATCTGCTCCGACC_003,92
GCCGACCATCTGCTCCGACC_004,146
GCCGACCATCTGCTCCGACC_005,82
GCCGACCATCTGCTCCGACC_006,108
GTGAGGTTCAGAGAGATGGA_001,127
TGGACACGACCGATGGCCTG_001,48
TGGACACGACCGATGGCCTG_002,51
TGGACACGACCGATGGCCTG_003,133
TGGACACGACCGATGGCCTG_004,182
TGGACACGACCGATGGCCTG_005,54
TGGACACGACCGATGGCCTG_006,22
TGGACACGACCGATGGCCTG_007,42
TGGACACGACCGATGGCCTG_008,129
TGGACACGACCGATGGCCTG_009,103
TGGACACGACCGATGGCCTG_010,24
TGGACACGACCGATGGCCTG_011,16
TGGACACGACCGATGGCCTG_012,61
TGGACACGACCGATGGCCTG_013,47
TGGACACGACCGATGGCCTG_014,196
TGGACACGACCGATGGCCTG_015,174
TGGACACGACCGATGGCCTG_016,168
TGGACACGACCGATGGCCTG_017,13
TGGACACGACCGATGGCCTG_018,32
TGTCTTGAACACAAATGGTG_001,12
TGTCTTGAACACAAATGGTG_002,153
TGTCTTGAACACAAATGGTG_003,8
TGTCTTGAACACAAATGGTG_004,88
TGTCTTGAACACAAATGGTG_005,188
TGTCTTGAACACAAATGGTG_006,60
CAGCGACATCGAGATCCCGT_001,197
CAGCGACATCGAGATCCCGT_002,76
CAGCGACATCGAGATCCCGT_003,177
CAGCGACATCGAGATCCCGT_004,31
CGAGAGTACTACTTCAACGG_001,174
CAAGCAACTCATCTAAACAG_001,183
CAAGCAACTCATCTAAACAG_002,144
CAAGCAACTCATCTAAACAG_003,150
TCCTGGATACCGCGTGGTTA_001,28
TCCTGGATACCGCGTGGTTA_002,128
TCCTGGATACCGCGTGGTTA_003,83
TCCTGGATACCGCGTGGTTA_004,25
TCCTGGATACCGCGTGGTTA_005,45
TCCTGGATACCGCGTGGTTA_006,8
TCCTGGATACCGCGTGGTTA_007,41
TCCTGGATACCGCGTGGTTA_008,48
TCCTGGATACCGCGTGGTTA_009,184
TCCTGGATACCGCGTGGTTA_010,9
TCCTGGATACCGCGTGGTTA_011,66
TCCTGGATACCGCGTGGTTA_012,173
TCCTGGATACCGCGTGGTTA_013,173
TCCTGGATACCGCGTGGTTA_014,70
TCCTGGATACCGCGTGGTTA_015,108
TGCAGATTGCAGTTGCTCTA_001,105
TGCAGATTGCAGTTGCTCTA_002,2
TGCAGATTGCAGTTGCTCTA_003,197
TGCAGATTGCAGTTGCTCTA_004,150
TGCAGATTGCAGTTGCTCTA_005,153
TGCAGATTGCAGTTGCTCTA_006,46
GGACGACGACCGGCTCAACA_001,48
GGACGACGACCGGCTCAACA_002,176
GGACGACGACCGGCTCAACA_003,116
GGACGACGACCGGCTCAACA_004,55
GGACGACGACCGGCTCAACA_005,140
GGACGACGACCGGCTCAACA_006,1
GGACGACGACCGGCTCAACA_007,105
GGACGACGACCGGCTCAACA_008,79
TTGATGATCCTGATGTGCAA_001,174
TTGATGATCCTGATGTGCAA_002,45
TTGATGATCCTGATGTGCAA_003,132
TTGATGATCCTGATGTGCAA_004,170
TTGATGATCCTGATGTGCAA_005,137
TTGATGATCCTGATGTGCAA_006,121
TTGATGATCCTGATGTGCAA_007,185
TTGATGATCCTGATGTGCAA_008,124
TTGATGATCCTGATGTGCAA_009,124
GTCCCAGAATACTCCATCCA_001,83
GTCCCAGAATACTCCATCCA_002,130
GTCCCAGAATACTCCATCCA_003,139
GTCCCAGAATACTCCATCCA_004,77
GTCCCAGAATACTCCATCCA_005,4
GTCCCAGAATACTCCATCCA_006,5
GTCCCAGAATACTCCATCCA_007,105
GTCCCAGAATACTCCATCCA_008,48
GTCCCAGAATACTCCATCCA_009,124
GTCCCAGAATACTCCATCCA_010,132
GTCCCAGAATACTCCATCCA_011,60
GTCCCAGAATACTCCATCCA_012,96
GTCCCAGAATACTCCATCCA_013,84
GTCCCAGAATACTCCATCCA_014,100
GTCCCAGAATACTCCATCCA_015,49
GTCCCAGAATACTCCATCCA_016,38
CTGGCCACGTCCGCACCCGG_001,83
CTGGCCACGTCCGCACCCGG_002,56
CTGGCCACGTCCGCACCCGG_003,98
CTGGCCACGTCCGCACCCGG_004,198
CTGGCCACGTCCGCACCCGG_005,153
CTGGCCACGTCCGCACCCGG_006,117
CTGGCCACGTCCGCACCCGG_007,71
CTGGCCACGTCCGCACCCGG_008,133
CTGGCCACGTCCGCACCCGG_009,105
CTGGCCACGTCCGCACCCGG_010,178
CTGGCCACGTCCGCACCCGG_011,105
CTGGCCACGTCCGCACCCGG_012,117
CTGGCCACGTCCGCACCCGG_013,45
CTGGCCACGTCCGCACCCGG_014,111
CTGGCCACGTCCGCACCCGG_015,150
CTGGCCACGTCCGCACCCGG_016,53
CTGGCCACGTCCGCACCCGG_017,183
CTGGCCACGTCCGCACCCGG_018,58
CTGGCCACGTCCGCACCCGG_019,22
CTGGCCACGTCCGCACCCGG_020,150
CTGGCCACGTCCGCACCCGG_021,1
CTGGCCACGTCCGCACCCGG_022,33
CTGGCCACGTCCGCACCCGG_023,146
CTGGCCACGTCCGCACCCGG_024,75
CTGGCCACGTCCGCACCCGG_025,48
CTGGCCACGTCCGCACCCGG_026,126
CTGGCCACGTCCGCACCCGG_027,108
CTGGCCACGTCCGCACCCGG_028,148
CTGGCCACGTCCGCACCCGG_029,109
CTGGCCACGTCCGCACCCGG_030,14
CTGGCCACGTCCGCACCCGG_031,149
CTGGCCACGTCCGCACCCGG_032,47
CTGGCCACGTCCGCACCCGG_033,19
CTGGCCACGTCCGCACCCGG_034,33
CTGGCCACGTCCGCACCCGG_035,197
CTGGCCACGTCCGCACCCGG_036,195
CTGGCCACGTCCGCACCCGG_037,115
CTGGCCACGTCCGCACCCGG_038,60
CTGGCCACGTCCGCACCCGG_039,127
CTGGCCACGTCCGCACCCGG_040,61
CTGGCCACGTCCGCACCCGG_041,130
CTGGCCACGTCCGCACCCGG_042,63
CTGGCCACGTCCGCACCCGG_043,138
CTGGCCACGTCCGCACCCGG_044,166
CTGGCCACGTCCGCACCCGG_045,26
CTGGCCACGTCCGCACCCGG_046,175
CTGGCCACGTCCGCACCCGG_047,81
CTGGCCACGTCCGCACCCGG_048,123
AGGCGCGTCAATTACCCGTG_001,72
AGGCGCGTCAATTACCCGTG_002,157
AGGCGCGTCAATTACCCGTG_003,98
AGGCGCGTCAATTACCCGTG_004,125
AGGCGCGTCAATTACCCGTG_005,25
AGGCGCGTCAATTACCCGTG_006,149
AGTCTGTCCATAGTCGCTGG_001,147
AGTCTGTCCATAGTCGCTGG_002,105
AGTCTGTCCATAGTCGCTGG_003,82
AGTCTGTCCATAGTCGCTGG_004,199
AGTCTGTCCATAGTCGCTGG_005,105
AGTCTGTCCATAGTCGCTGG_006,192
AGTCTGTCCATAGTCGCTGG_007,128
AGTCTGTCCATAGTCGCTGG_008,128
AGTCTGTCCATAGTCGCTGG_009,95
CAGCCACATCACACCTACAC_001,106
CAGCCACATCACACCTACAC_002,155
CCAGCGCCCGGCAGTAGCTG_001,49
CCAGCGCCCGGCAGTAGCTG_002,56
CCAGCGCCCGGCAGTAGCTG_003,62
CCAGCGCCCGGCAGTAGCTG_004,121
CCAGCGCCCGGCAGTAGCTG_005,115
CCAGCGCCCGGCAGTAGCTG_006,177
CCAGCGCCCGGCAGTAGCTG_007,30
CCAGCGCCCGGCAGTAGCTG_008,185
CCAGCGCCCGGCAGTAGCTG_009,36
CCAGCGCCCGGCAGTAGCTG_010,141
CCAGCGCCCGGCAGTAGCTG_011,129
CCAGCGCCCGGCAGTAGCTG_012,115
CCAGCGCCCGGCAGTAGCTG_013,62
CCAGCGCCCGGCAGTAGCTG_014,130
CCAGCGCCCGGCAGTAGCTG_015,64
CCAGCGCCCGGCAGTAGCTG_016,116
CCAGCGCCCGGCAGTAGCTG_017,102
CCAGCGCCCGGCAGTAGCTG_018,197
CCAGCGCCCGGCAGTAGCTG_019,177
CTGGGTAGAAGCGCACCCGT_001,172
CTGGGTAGAAGCGCACCCGT_002,184
CTGGGTAGAAGCGCACCCGT_003,4
CTGGGTAGAAGCGCACCCGT_004,185
CTGGGTAGAAGCGCACCCGT_005,15
CTGGGTAGAAGCGCACCCGT_006,158
CTGGGTAGAAGCGCACCCGT_007,192
CTGGGTAGAAGCGCACCCGT_008,23
CTGGGTAGAAGCGCACCCGT_009,166
CTGGGTAGAAGCGCACCCGT_010,40
AGGCACCGTTTATCGCGAAG_001,24
AGGGTTCGTAGAAGATTCAA_001,111
ATGGATGCGAGAATCATGGT_001,152
ATGGATGCGAGAATCATGGT_002,106
ATGGATGCGAGAATCATGGT_003,5
ATGGATGCGAGAATCATGGT_004,43
ATGGATGCGAGAATCATGGT_005,48
ATGGATGCGAGAATCATGGT_006,150
ATGGATGCGAGAATCATGGT_007,60
ATGGATGCGAGAATCATGGT_008,88
ATGGATGCGAGAATCATGGT_009,34
ATGGATGCGAGAATCATGGT_010,61
ATGGATGCGAGAATCATGGT_011,8
ATGGATGCGAGAATCATGGT_012,54
ATGGATGCGAGAATCATGGT_013,65
ATGGATGCGAGAATCATGGT_014,199
ATGGATGCGAGAATCATGGT_015,185
ATGGATGCGAGAATCATGGT_016,6
ATGGATGCGAGAATCATGGT_017,51
ATGGATGCGAGAATCATGGT_018,19
ATGGATGCGAGAATCATGGT_019,94
ATGGATGCGAGAATCATGGT_020,46
ATGGATGCGAGAATCATGGT_021,149
CAGACATTCCAAAATCGACA_001,146
CAGACATTCCAAAATCGACA_002,127
CAGACATTCCAAAATCGACA_003,125
CAGACATTCCAAAATCGACA_004,88
CAGACATTCCAAAATCGACA_005,49
CAGACATTCCAAAATCGACA_006,102
CAGACATTCCAAAATCGACA_007,141
CAGACATTCCAAAATCGACA_008,183
CAGACATTCCAAAATCGACA_009,175
CAGACATTCCAAAATCGACA_010,19
CAGACATTCCAAAATCGACA_011,107
CAGACATTCCAAAATCGACA_012,154
CAGACATTCCAAAATCGACA_013,68
CAGACATTCCAAAATCGACA_014,127
CAGACATTCCAAAATCGACA_015,198
CAGACATTCCAAAATCGACA_016,166
TATTGAGCAGAAAAGCAACG_001,165
TATTGAGCAGAAAAGCAACG_002,65
TATTGAGCAGAAAAGCAACG_003,58
TGAAGCACAGCCAGTCACGG_001,15
TGAAGCACAGCCAGTCACGG_002,127
TGAAGCACAGCCAGTCACGG_003,134
TGAAGCACAGCCAGTCACGG_004,154
TGAAGCACAGCCAGTCACGG_005,154
TGAAGCACAGCCAGTCACGG_006,193
TGAAGCACAGCCAGTCACGG_007,177
TGAAGCACAGCCAGTCACGG_008,4
TGAAGCACAGCCAGTCACGG_009,28
TGAAGCACAGCCAGTCACGG_010,12
TGAAGCACAGCCAGTCACGG_011,8
TGAAGCACAGCCAGTCACGG_012,6
TGAAGCACAGCCAGTCACGG_013,148
TGAAGCACAGCCAGTCACGG_014,81
TGAAGCACAGCCAGTCACGG_015,113
TGAAGCACAGCCAGTCACGG_016,116
TGAAGCACAGCCAGTCACGG_017,4
TGAAGCACAGCCAGTCACGG_018,115
TGAAGCACAGCCAGTCACGG_019,37
TTTGCATCAAAGACTGCTGG_001,37
TTTGCATCAAAGACTGCTGG_002,50
TTTGCATCAAAGACTGCTGG_003,50
TTTGCATCAAAGACTGCTGG_004,81
TTTGCATCAAAGACTGCTGG_005,149
TTTGCATCAAAGACTGCTGG_006,16
TTTGCATCAAAGACTGCTGG_007,150
TTTGCATCAAAGACTGCTGG_008,143
TTTGCATCAAAGACTGCTGG_009,73
TTTGCATCAAAGACTGCTGG_010,70
TTTGCATCAAAGACTGCTGG_011,152
GCAGACGCACGTCGCCGTTG_001,83
GCAGACGCACGTCGCCGTTG_002,42
GCGGAACAGGTTGTCGAAGG_001,97
GCGGAACAGGTTGTCGAAGG_002,105
GCGGAACAGGTTGTCGAAGG_003,157
GCGGAACAGGTTGTCGAAGG_004,70
GCGGAACAGGTTGTCGAAGG_005,62
GCGGAACAGGTTGTCGAAGG_006,35
GCGGAACAGGTTGTCGAAGG_007,45
TGGAGTCATTGCACCCAAGG_001,195
TGGAGTCATTGCACCCAAGG_002,8
TGGAGTCATTGCACCCAAGG_003,137
ATCAACCCAAAGCTGATTTG_001,115
ATCAACCCAAAGCTGATTTG_002,128
ATCAACCCAAAGCTGATTTG_003,94
ATCAACCCAAAGCTGATTTG_004,0
ATCAACCCAAAGCTGATTTG_005,77
ATCAACCCAAAGCTGATTTG_006,88
ATCAACCCAAAGCTGATTTG_007,98
ATCAACCCAAAGCTGATTTG_008,58
ATCAACCCAAAGCTGATTTG_009,7
ATCAACCCAAAGCTGATTTG_010,12
ATCAACCCAAAGCTGATTTG_011,30
ATCAACCCAAAGCTGATTTG_012,192
ATCAACCCAAAGCTGATTTG_013,106
ATCAACCCAAAGCTGATTTG_014,150
ATCAACCCAAAGCTGATTTG_015,84
ATCAACCCAAAGCTGATTTG_016,179
ATCAACCCAAAGCTGATTTG_017,194
CCAAAGGCGAGAGATAGTTG_001,143
CCAAAGGCGAGAGATAGTTG_002,94
CCAAAGGCGAGAGATAGTTG_003,170
CCAAAGGCGAGAGATAGTTG_004,12
CCAAAGGCGAGAGATAGTTG_005,15
CCAAAGGCGAGAGATAGTTG_006,62
CCAAAGGCGAGAGATAGTTG_007,13
ATGCCCGAGTGCTACATCCG_001,23
ATGCCCGAGTGCTACATCCG_002,43
ATGCCCGAGTGCTACATCCG_003,75
ATGCCCGAGTGCTACATCCG_004,161
ATGCCCGAGTGCTACATCCG_005,26
ATGCCCGAGTGCTACATCCG_006,26
ATGCCCGAGTGCTACATCCG_007,43
ATGCCCGAGTGCTACATCCG_008,121
ATGCCCGAGTGCTACATCCG_009,82
ATGCCCGAGTGCTACATCCG_010,44
ATGCCCGAGTGCTACATCCG_011,87
ATGCCCGAGTGCTACATCCG_012,31
CAGGTGGTCCTGCAGCACGT_001,126
CAGGTGGTCCTGCAGCACGT_002,104
CAGGTGGTCCTGCAGCACGT_003,156
CAGGTGGTCCTGCAGCACGT_004,23
CAGGTGGTCCTGCAGCACGT_005,145
CAGGTGGTCCTGCAGCACGT_006,29
CAGGTGGTCCTGCAGCACGT_007,98
CAGGTGGTCCTGCAGCACGT_008,60
CAGGTGGTCCTGCAGCACGT_009,41
CAGGTGGTCCTGCAGCACGT_010,87
CAGGTGGTCCTGCAGCACGT_011,50
CAGGTGGTCCTGCAGCACGT_012,147
CAGGTGGTCCTGCAGCACGT_013,76
CAGGTGGTCCTGCAGCACGT_014,165
CAGGTGGTCCTGCAGCACGT_015,93
CAGGTGGTCCTGCAGCACGT_016,132
CAGGTGGTCCTGCAGCACGT_017,53
CAGGTGGTCCTGCAGCACGT_018,54
CAGGTGGTCCTGCAGCACGT_019,17
CAGGTGGTCCTGCAGCACGT_020,90
CAGGTGGTCCTGCAGCACGT_021,36
CAGGTGGTCCTGCAGCACGT_022,169
CAGGTGGTCCTGCAGCACGT_023,34
CAGGTGGTCCTGCAGCACGT_024,101
CAGGTGGTCCTGCAGCACGT_025,155
CAGGTGGTCCTGCAGCACGT_026,181
CAGGTGGTCCTGCAGCACGT_027,24
CAGGTGGTCCTGCAGCACGT_028,186
CAGGTGGTCCTGCAGCACGT_029,172
CAGGTGGTCCTGCAGCACGT_030,50
CAGGTGGTCCTGCAGCACGT_031,150
CAGGTGGTCCTGCAGCACGT_032,82
CAGGTGGTCCTGCAGCACGT_033,145
CAGGTGGTCCTGCAGCACGT_034,17
CAGGTGGTCCTGCAGCACGT_035,149
CAGGTGGTCCTGCAGCACGT_036,92
CAGGTGGTCCTGCAGCACGT_037,135
CAGGTGGTCCTGCAGCACGT_038,161
CAGGTGGTCCTGCAGCACGT_039,199
CAGGTGGTCCTGCAGCACGT_040,85
CAGGTGGTCCTGCAGCACGT_041,147
CAGGTGGTCCTGCAGCACGT_042,1
CAGGTGGTCCTGCAGCACGT_043,50
CAGGTGGTCCTGCAGCACGT_044,178
CAGGTGGTCCTGCAGCACGT_045,47
CAGGTGGTCCTGCAGCACGT_046,170
CAGGTGGTCCTGCAGCACGT_047,133
CAGGTGGTCCTGCAGCACGT_048,150
CAGGTGGTCCTGCAGCACGT_049,19
CAGGTGGTCCTGCAGCACGT_050,68
CAGGTGGTCCTGCAGCACGT_051,196
CAGGTGGTCCTGCAGCACGT_052,6
CAGGTGGTCCTGCAGCACGT_053,126
CAGGTGGTCCTGCAGCACGT_054,80
CAGGTGGTCCTGCAGCACGT_055,103
CAGGTGGTCCTGCAGCACGT_056,13
CAGGTGGTCCTGCAGCACGT_057,145
CGTGCAGCGGGACATAGTAC_001,162
CGTGCAGCGGGACATAGTAC_002,119
CGTGCAGCGGGACATAGTAC_003,102
CGTGCAGCGGGACATAGTAC_004,154
CGTGCAGCGGGACATAGTAC_005,138
GGCAGGAGCCACCTTCGTCG_001,115
GGCAGGAGCCACCTTCGTCG_002,158
GGCAGGAGCCACCTTCGTCG_003,94
GGCAGGAGCCACCTTCGTCG_004,169
GGCAGGAGCCACCTTCGTCG_005,161
GGCAGGAGCCACCTTCGTCG_006,66
GGCAGGAGCCACCTTCGTCG_007,52
CGGCTCAGCTCCTTTACGGG_001,118
CGGCTCAGCTCCTTTACGGG_002,132
CGGCTCAGCTCCTTTACGGG_003,10
CGGCTCAGCTCCTTTACGGG_004,124
CGGCTCAGCTCCTTTACGGG_005,44
CGGCTCAGCTCCTTTACGGG_006,138
CGGCTCAGCTCCTTTACGGG_007,126
CGGCTCAGCTCCTTTACGGG_008,72
GAGACCTACCTCGTCCACTC_001,172
GAGACCTACCTCGTCCACTC_002,32
GAGACCTACCTCGTCCACTC_003,77
GAGACCTACCTCGTCCACTC_004,70
GAGACCTACCTCGTCCACTC_005,77
GAGACCTACCTCGTCCACTC_006,199
GAGACCTACCTCGTCCACTC_007,20
GAGACCTACCTCGTCCACTC_008,41
GAGACCTACCTCGTCCACTC_009,156
GAGACCTACCTCGTCCACTC_010,0
GAGACCTACCTCGTCCACTC_011,32
GAGACCTACCTCGTCCACTC_012,166
GTACCACCACCCCAGCTGTG_001,182
GTACCACCACCCCAGCTGTG_002,35
GTACCACCACCCCAGCTGTG_003,82
GTACCACCACCCCAGCTGTG_004,41
GTACCACCACCCCAGCTGTG_005,39
GTACCACCACCCCAGCTGTG_006,49
GTACCACCACCCCAGCTGTG_007,126
GTACCACCACCCCAGCTGTG_008,60
GTACCACCACCCCAGCTGTG_009,118
GTACCACCACCCCAGCTGTG_010,40
GTACCACCACCCCAGCTGTG_011,108
GTACCACCACCCCAGCTGTG_012,165
GTACCACCACCCCAGCTGTG_013,89
GTACCACCACCCCAGCTGTG_014,38
GTACCACCACCCCAGCTGTG_015,140
GTACCACCACCCCAGCTGTG_016,116
GTACCACCACCCCAGCTGTG_017,28
GTACCACCACCCCAGCTGTG_018,76
GTACCACCACCCCAGCTGTG_019,26
GTACCACCACCCCAGCTGTG_020,160
GTACCACCACCCCAGCTGTG_021,131
GTACCACCACCCCAGCTGTG_022,101
GTACCACCACCCCAGCTGTG_023,174
GTACCACCACCCCAGCTGTG_024,43
GTACCACCACCCCAGCTGTG_025,3
GTACCACCACCCCAGCTGTG_026,152
GTACCACCACCCCAGCTGTG_027,28
GTACCACCACCCCAGCTGTG_028,142
GTACCACCACCCCAGCTGTG_029,33
GTACCACCACCCCAGCTGTG_030,32
GTACCACCACCCCAGCTGTG_031,148
GTACCACCACCCCAGCTGTG_032,147
GTACCACCACCCCAGCTGTG_033,198
GTACCACCACCCCAGCTGTG_034,12
GCACTGAAAGAGGACATGAG_001,45
GCACTGAAAGAGGACATGAG_002,162
GCACTGAAAGAGGACATGAG_003,40
GCACTGAAAGAGGACATGAG_004,108
GCACTGAAAGAGGACATGAG_005,133
GCACTGAAAGAGGACATGAG_006,89
GCACTGAAAGAGGACATGAG_007,19
GCACTGAAAGAGGACATGAG_008,17
GCACTGAAAGAGGACATGAG_009,8
GCACTGAAAGAGGACATGAG_010,116
GCACTGAAAGAGGACATGAG_011,133
GCACTGAAAGAGGACATGAG_012,4
GCACTGAAAGAGGACATGAG_013,117
GCACTGAAAGAGGACATGAG_014,75
GCACTGAAAGAGGACATGAG_015,88
GCACTGAAAGAGGACATGAG_016,19
GCACTGAAAGAGGACATGAG_017,170
GCACTGAAAGAGGACATGAG_018,43
GCACTGAAAGAGGACATGAG_019,20
GCACTGAAAGAGGACATGAG_020,113
GCACTGAAAGAGGACATGAG_021,146
GCACTGAAAGAGGACATGAG_022,194
GCACTGAAAGAGGACATGAG_023,77
GCACTGAAAGAGGACATGAG_024,52
GCACTGAAAGAGGACATGAG_025,59
GCACTGAAAGAGGACATGAG_026,151
GCACTGAAAGAGGACATGAG_027,185
GCACTGAAAGAGGACATGAG_028,168
GCACTGAAAGAGGACATGAG_029,75
GCACTGAAAGAGGACATGAG_030,114
GCACTGAAAGAGGACATGAG_031,27
GCACTGAAAGAGGACATGAG_032,89
GCACTGAAAGAGGACATGAG_033,0
GCACTGAAAGAGGACATGAG_034,191
GCACTGAAAGAGGACATGAG_035,15
CCTACGGGGGAACAAAGCGT_001,102
CCTACGGGGGAACAAAGCGT_002,49
CCTACGGGGGAACAAAGCGT_003,75
CCTACGGGGGAACAAAGCGT_004,105
CCTACGGGGGAACAAAGCGT_005,145
CCTACGGGGGAACAAAGCGT_006,150
CCTACGGGGGAACAAAGCGT_007,191
CCTACGGGGGAACAAAGCGT_008,102
CCTACGGGGGAACAAAGCGT_009,134
CCTACGGGGGAACAAAGCGT_010,68
AATAAGCAAAAACACACCTG_001,172
AATAAGCAAAAACACACCTG_002,18
AATAAGCAAAAACACACCTG_003,48
AATAAGCAAAAACACACCTG_004,15
AATAAGCAAAAACACACCTG_005,130
AATAAGCAAAAACACACCTG_006,172
AATAAGCAAAAACACACCTG_007,5
AATAAGCAAAAACACACCTG_008,177
AATAAGCAAAAACACACCTG_009,42
AATAAGCAAAAACACACCTG_010,59
AATAAGCAAAAACACACCTG_011,50
AATAAGCAAAAACACACCTG_012,27
AATAAGCAAAAACACACCTG_013,147
AATAAGCAAAAACACACCTG_014,160
AATAAGCAAAAACACACCTG_015,16
AATAAGCAAAAACACACCTG_016,31
AATAAGCAAAAACACACCTG_017,44
AATAAGCAAAAACACACCTG_018,29
AATAAGCAAAAACACACCTG_019,159
AATAAGCAAAAACACACCTG_020,19
AATAAGCAAAAACACACCTG_021,138
AATAAGCAAAAACACACCTG_022,152
AATAAGCAAAAACACACCTG_023,135
AATAAGCAAAAACACACCTG_024,52
AATAAGCAAAAACACACCTG_025,149
AATAAGCAAAAACACACCTG_026,92
AATAAGCAAAAACACACCTG_027,138
AATAAGCAAAAACACACCTG_028,81
AATAAGCAAAAACACACCTG_029,50
AATAAGCAAAAACACACCTG_030,158
AATAAGCAAAAACACACCTG_031,152
AATAAGCAAAAACACACCTG_032,70
AATAAGCAAAAACACACCTG_033,68
AATAAGCAAAAACACACCTG_034,188
AATAAGCAAAAACACACCTG_035,152
AATAAGCAAAAACACACCTG_036,157
AATAAGCAAAAACACACCTG_037,52
ACAGAAGAAGAAATCTGACT_001,104
ACAGAAGAAGAAATCTGACT_002,41
ACAGAAGAAGAAATCTGACT_003,54
GGTTGGCGTTGCAAACGCTA_001,158
GGTTGGCGTTGCAAACGCTA_002,58
GGTTGGCGTTGCAAACGCTA_003,29
GGTTGGCGTTGCAAACGCTA_004,159
GGTTGGCGTTGCAAACGCTA_005,28
GCCCATGGGAGGCTACCATG_001,199
GCCCATGGGAGGCTACCATG_002,59
GCCCATGGGAGGCTACCATG_003,38
GCCCATGGGAGGCTACCATG_004,149
GCCCATGGGAGGCTACCATG_005,68
TGATCTGTCTGATCACTGAA_001,189
TGATCTGTCTGATCACTGAA_002,25
TGATCTGTCTGATCACTGAA_003,137
TGATCTGTCTGATCACTGAA_004,112
TGATCTGTCTGATCACTGAA_005,28
CGGGTGCGCTGCGTGAACGA_001,199
CGGGTGCGCTGCGTGAACGA_002,175
CGGGTGCGCTGCGTGAACGA_003,115
GGACATGGAGTGGCTTTACG_001,194
GGACATGGAGTGGCTTTACG_002,43
GGACATGGAGTGGCTTTACG_003,155
GGACATGGAGTGGCTTTACG_004,35
GGACATGGAGTGGCTTTACG_005,177
GGACATGGAGTGGCTTTACG_006,185
GGACATGGAGTGGCTTTACG_007,145
GGACATGGAGTGGCTTTACG_008,160
GGACATGGAGTGGCTTTACG_009,60
GGACATGGAGTGGCTTTACG_010,141
GGACATGGAGTGGCTTTACG_011,1
GGACATGGAGTGGCTTTACG_012,41
GGACATGGAGTGGCTTTACG_013,179
GGACATGGAGTGGCTTTACG_014,184
GGACATGGAGTGGCTTTACG_015,105
GGACATGGAGTGGCTTTACG_016,150
TCTGTTGTGGGGTCTGAACG_001,102
TCTGTTGTGGGGTCTGAACG_002,42
TCTGTTGTGGGGTCTGAACG_003,66
TCTGTTGTGGGGTCTGAACG_004,70
TCTGTTGTGGGGTCTGAACG_005,29
TCTGTTGTGGGGTCTGAACG_006,105
TCTGTTGTGGGGTCTGAACG_007,28
TCTGTTGTGGGGTCTGAACG_008,196
GCACATTCGTGACCCTCCAG_001,171
GCACATTCGTGACCCTCCAG_002,56
GCACATTCGTGACCCTCCAG_003,175
GCACATTCGTGACCCTCCAG_004,190
GCACATTCGTGACCCTCCAG_005,79
AAGGAATAGGAACCCAAACA_001,192
AAGGAATAGGAACCCAAACA_002,58
ATAAAGTAAGGGTTTGCATA_001,73
ATAAAGTAAGGGTTTGCATA_002,76
ATAAAGTAAGGGTTTGCATA_003,68
CCAGATCTACCAGTTCCCCA_001,77
CCAGATCTACCAGTTCCCCA_002,80
CCAGATCTACCAGTTCCCCA_003,196
CCAGATCTACCAGTTCCCCA_004,88
CCAGATCTACCAGTTCCCCA_005,88
CCAGATCTACCAGTTCCCCA_006,88
CCAGATCTACCAGTTCCCCA_007,110
CCAGATCTACCAGTTCCCCA_008,13
CCAGATCTACCAGTTCCCCA_009,93
CCAGATCTACCAGTTCCCCA_010,188
GCCAGCCCGAGACTCCGCGA_001,144
GCCAGCCCGAGACTCCGCGA_002,88
GCCAGCCCGAGACTCCGCGA_003,50
GCCAGCCCGAGACTCCGCGA_004,149
GCCAGCCCGAGACTCCGCGA_005,184
GCCAGCCCGAGACTCCGCGA_006,113
GCCAGCCCGAGACTCCGCGA_007,186
GCCAGCCCGAGACTCCGCGA_008,105
GCCAGCCCGAGACTCCGCGA_009,71
GCCAGCCCGAGACTCCGCGA_010,150
GCCAGCCCGAGACTCCGCGA_011,152
GCCAGCCCGAGACTCCGCGA_012,49
GCCAGCCCGAGACTCCGCGA_013,106
GCCAGCCCGAGACTCCGCGA_014,15
GCCAGCCCGAGACTCCGCGA_015,184
GCCAGCCCGAGACTCCGCGA_016,60
GCCAGCCCGAGACTCCGCGA_017,177
GCCAGCCCGAGACTCCGCGA_018,9
GCCAGCCCGAGACTCCGCGA_019,185
GCCAGCCCGAGACTCCGCGA_020,178
GCCAGCCCGAGACTCCGCGA_021,47
GCCAGCCCGAGACTCCGCGA_022,127
GCCAGCCCGAGACTCCGCGA_023,178
GCCAGCCCGAGACTCCGCGA_024,172
GCCAGCCCGAGACTCCGCGA_025,192
TGCTGGCCACCTAATCACAA_001,161
TGCTGGCCACCTAATCACAA_002,138
TGCTGGCCACCTAATCACAA_003,197
TGCTGGCCACCTAATCACAA_004,187
TGCTGGCCACCTAATCACAA_005,116
TGCTGGCCACCTAATCACAA_006,10
TGCTGGCCACCTAATCACAA_007,38
TGCTGGCCACCTAATCACAA_008,126
TGCTGGCCACCTAATCACAA_009,5
TGCTGGCCACCTAATCACAA_010,27
TGCTGGCCACCTAATCACAA_011,72
GCTGCCACAAGCACTCTAGG_001,6
GCTGCCACAAGCACTCTAGG_002,178
GCTGCCACAAGCACTCTAGG_003,67
GCTGCCACAAGCACTCTAGG_004,148
GCTGCCACAAGCACTCTAGG_005,172
GCTGCCACAAGCACTCTAGG_006,8
GCTGCCACAAGCACTCTAGG_007,34
GCTGCCACAAGCACTCTAGG_008,41
GCTGCCACAAGCACTCTAGG_009,172
TGGTTTGAACAATCACCCAT_001,40
TGGTTTGAACAATCACCCAT_002,58
TGGTTTGAACAATCACCCAT_003,185
TGGTTTGAACAATCACCCAT_004,65
TGGTTTGAACAATCACCCAT_005,120
TGGTTTGAACAATCACCCAT_006,27
TGGTTTGAACAATCACCCAT_007,94
TGGTTTGAACAATCACCCAT_008,52
CTCACCATGAGAGTCAGGAA_001,178
CTCACCATGAGAGTCAGGAA_002,6
CTCACCATGAGAGTCAGGAA_003,111
TTGTAGATCTAGTGTCCCCA_001,121
GGTTCCGAGGATGTACCGTG_001,198
GGTTCCGAGGATGTACCGTG_002,160
GGTTCCGAGGATGTACCGTG_003,145
GGTTCCGAGGATGTACCGTG_004,69
GGTTCCGAGGATGTACCGTG_005,158
GGTTCCGAGGATGTACCGTG_006,168
GGTTCCGAGGATGTACCGTG_007,126
GGTTCCGAGGATGTACCGTG_008,118
GGTTCCGAGGATGTACCGTG_009,77
ACAGATAATCAATGGAAGTG_001,43
ACAGATAATCAATGGAAGTG_002,15
ATATATGTGATTCAGGGCTG_001,90
ATATATGTGATTCAGGGCTG_002,127
ATATATGTGATTCAGGGCTG_003,198
ATATATGTGATTCAGGGCTG_004,182
ATATATGTGATTCAGGGCTG_005,176
ATATATGTGATTCAGGGCTG_006,15
ATATATGTGATTCAGGGCTG_007,134
ATATATGTGATTCAGGGCTG_008,105
ATATATGTGATTCAGGGCTG_009,127
ATATATGTGATTCAGGGCTG_010,5
ATATATGTGATTCAGGGCTG_011,5
ATATATGTGATTCAGGGCTG_012,20
ATATATGTGATTCAGGGCTG_013,106
ATATATGTGATTCAGGGCTG_014,46
ATATATGTGATTCAGGGCTG_015,105
ATATATGTGATTCAGGGCTG_016,1
ATATATGTGATTCAGGGCTG_017,188
ATATATGTGATTCAGGGCTG_018,199
TGAGGCAAATGAATCTGGCG_001,76
TGAGGCAAATGAATCTGGCG_002,44
TGAGGCAAATGAATCTGGCG_003,147
TGAGGCAAATGAATCTGGCG_004,46
TGAGGCAAATGAATCTGGCG_005,15
TGAGGCAAATGAATCTGGCG_006,130
TGAGGCAAATGAATCTGGCG_007,113
TGAGGCAAATGAATCTGGCG_008,185
TGAGGCAAATGAATCTGGCG_009,56
TTATGTTTGATCATCGGCCA_001,174
TTATGTTTGATCATCGGCCA_002,84
TTATGTTTGATCATCGGCCA_003,118
TTATGTTTGATCATCGGCCA_004,199
TTATGTTTGATCATCGGCCA_005,50
TTATGTTTGATCATCGGCCA_006,148
TTATGTTTGATCATCGGCCA_007,117
TTATGTTTGATCATCGGCCA_008,188
TTATGTTTGATCATCGGCCA_009,103
TTATGTTTGATCATCGGCCA_010,117
TTATGTTTGATCATCGGCCA_011,1
TTATGTTTGATCATCGGCCA_012,145
TTATGTTTGATCATCGGCCA_013,164
TTATGTTTGATCATCGGCCA_014,127
TTATGTTTGATCATCGGCCA_015,169
TTATGTTTGATCATCGGCCA_016,90
TTATGTTTGATCATCGGCCA_017,52
TTATGTTTGATCATCGGCCA_018,50
TTATGTTTGATCATCGGCCA_019,23
TTATGTTTGATCATCGGCCA_020,78
AACATATTCCCGAAGCACAG_001,50
CTTCCATACTTAGCTCACCC_001,65
GCAGCTCCGAGACCACCCGG_001,104
GCAGCTCCGAGACCACCCGG_002,37
GCAGCTCCGAGACCACCCGG_003,129
GCAGCTCCGAGACCACCCGG_004,152
GCAGCTCCGAGACCACCCGG_005,106
GCAGCTCCGAGACCACCCGG_006,48
GCAGCTCCGAGACCACCCGG_007,195
GCAGCTCCGAGACCACCCGG_008,154
GCAGCTCCGAGACCACCCGG_009,121
GCAGCTCCGAGACCACCCGG_010,99
GCAGCTCCGAGACCACCCGG_011,179
GCAGCTCCGAGACCACCCGG_012,179
GCAGCTCCGAGACCACCCGG_013,29
GCAGCTCCGAGACCACCCGG_014,153
GCAGCTCCGAGACCACCCGG_015,82
GCAGCTCCGAGACCACCCGG_016,116
GCAGCTCCGAGACCACCCGG_017,8
GCAGCTCCGAGACCACCCGG_018,132
GCAGCTCCGAGACCACCCGG_019,48
GCAGCTCCGAGACCACCCGG_020,186
GCAGCTCCGAGACCACCCGG_021,63
GCAGCTCCGAGACCACCCGG_022,163
GCAGCTCCGAGACCACCCGG_023,54
GCAGCTCCGAGACCACCCGG_024,31
GCAGCTCCGAGACCACCCGG_025,49
GCAGCTCCGAGACCACCCGG_026,48
GCAGCTCCGAGACCACCCGG_027,134
GCAGCTCCGAGACCACCCGG_028,8
GCAGCTCCGAGACCACCCGG_029,60
GCAGCTCCGAGACCACCCGG_030,69
GCAGCTCCGAGACCACCCGG_031,42
GCAGCTCCGAGACCACCCGG_032,145
GCAGCTCCGAGACCACCCGG_033,140
GCAGCTCCGAGACCACCCGG_034,46
GCAGCTCCGAGACCACCCGG_035,150
GCAGCTCCGAGACCACCCGG_036,161
GCAGCTCCGAGACCACCCGG_037,92
GCAGCTCCGAGACCACCCGG_038,158
GCAGCTCCGAGACCACCCGG_039,75
GCAGCTCCGAGACCACCCGG_040,102
GCAGCTCCGAGACCACCCGG_041,46
GCAGCTCCGAGACCACCCGG_042,82
GCAGCTCCGAGACCACCCGG_043,34
GCAGCTCCGAGACCACCCGG_044,153
GCAGCTCCGAGACCACCCGG_045,22
GCAGCTCCGAGACCACCCGG_046,48
AAATTGCAGAGCATTATCTG_001,161
AAATTGCAGAGCATTATCTG_002,13
AAATTGCAGAGCATTATCTG_003,9
AAATTGCAGAGCATTATCTG_004,10
TCTCAGGGTCAATCTCCACG_001,127
GGCAGACAAGGACCGTGACA_001,156
GGCAGACAAGGACCGTGACA_002,63
GGCAGACAAGGACCGTGACA_003,120
GGCAGACAAGGACCGTGACA_004,196
GGCAGACAAGGACCGTGACA_005,80
GGCAGACAAGGACCGTGACA_006,0
GGCAGACAAGGACCGTGACA_007,12
AGAGTTCATAGCTGTCCGAT_001,97
AGAGTTCATAGCTGTCCGAT_002,185
AGAGTTCATAGCTGTCCGAT_003,187
AGAGTTCATAGCTGTCCGAT_004,147
AGAGTTCATAGCTGTCCGAT_005,55
AGAGTTCATAGCTGTCCGAT_006,78
AGAGTTCATAGCTGTCCGAT_007,105
AGAGTTCATAGCTGTCCGAT_008,159
AGAGTTCATAGCTGTCCGAT_009,73
AGAGTTCATAGCTGTCCGAT_010,169
CCCTCAGACAAACGGAACGG_001,174
CCCTCAGACAAACGGAACGG_002,16
CCCTCAGACAAACGGAACGG_003,160
CCCTCAGACAAACGGAACGG_004,199
CCCTCAGACAAACGGAACGG_005,24
CCCTCAGACAAACGGAACGG_006,146
CCCTCAGACAAACGGAACGG_007,154
CTTTGTGGTGAGCTTAGCGG_001,25
CTTTGTGGTGAGCTTAGCGG_002,112
CTTTGTGGTGAGCTTAGCGG_003,5
CTTTGTGGTGAGCTTAGCGG_004,51
CTTTGTGGTGAGCTTAGCGG_005,184
CTTTGTGGTGAGCTTAGCGG_006,47
CTTTGTGGTGAGCTTAGCGG_007,54
CTTTGTGGTGAGCTTAGCGG_008,34
CTTTGTGGTGAGCTTAGCGG_009,147
CTTTGTGGTGAGCTTAGCGG_010,15
AGATAGGAGGAATATGGACG_001,0
AGATAGGAGGAATATGGACG_002,157
AGATAGGAGGAATATGGACG_003,157
AGATAGGAGGAATATGGACG_004,50
AGATAGGAGGAATATGGACG_005,36
AGATAGGAGGAATATGGACG_006,88
AGATAGGAGGAATATGGACG_007,20
AGATAGGAGGAATATGGACG_008,92
AGATAGGAGGAATATGGACG_009,198
AGATAGGAGGAATATGGACG_010,127
GTAAGGCGACGACAGGATGT_001,81
GTAAGGCGACGACAGGATGT_002,3
GTAAGGCGACGACAGGATGT_003,8
GTAAGGCGACGACAGGATGT_004,36
GTAAGGCGACGACAGGATGT_005,26
GTAAGGCGACGACAGGATGT_006,90
GTAAGGCGACGACAGGATGT_007,76
GTAAGGCGACGACAGGATGT_008,60
GTAAGGCGACGACAGGATGT_009,24
GTAAGGCGACGACAGGATGT_010,26
TATATCCTAACACATTGGCA_001,176
TATATCCTAACACATTGGCA_002,11
TATATCCTAACACATTGGCA_003,85
TATATCCTAACACATTGGCA_004,133
TATATCCTAACACATTGGCA_005,185
TATATCCTAACACATTGGCA_006,133
TATATCCTAACACATTGGCA_007,158
TATATCCTAACACATTGGCA_008,144
TATATCCTAACACATTGGCA_009,194
TATATCCTAACACATTGGCA_010,19
TATATCCTAACACATTGGCA_011,106
TATATCCTAACACATTGGCA_012,68
TATATCCTAACACATTGGCA_013,56
ACATCCTACTATGATGACGT_001,64
ACATCCTACTATGATGACGT_002,171
AAGCTTGATCATCATACCTT_001,158
AAGCTTGATCATCATACCTT_002,49
AAGCTTGATCATCATACCTT_003,94
GTGTAGTCGTTCACCGTCCG_001,107
GTGTAGTCGTTCACCGTCCG_002,51
GTGTAGTCGTTCACCGTCCG_003,11
GTGTAGTCGTTCACCGTCCG_004,103
GTGTAGTCGTTCACCGTCCG_005,148
GTGTAGTCGTTCACCGTCCG_006,104
GTGTAGTCGTTCACCGTCCG_007,199
GTGTAGTCGTTCACCGTCCG_008,181
GTGTAGTCGTTCACCGTCCG_009,1
GTGTAGTCGTTCACCGTCCG_010,133
GTGTAGTCGTTCACCGTCCG_011,184
TGTATTTATACAGAACCACC_001,103
ATGGGATGCCAGTACTCGTG_001,62
ATGGGATGCCAGTACTCGTG_002,92
ATGGGATGCCAGTACTCGTG_003,89
TTGAAAGCCTTATCTTCCTG_001,92
TTGAAAGCCTTATCTTCCTG_002,65
TTGAAAGCCTTATCTTCCTG_003,131
AACCACTCATACCATGCCTG_001,137
AACCACTCATACCATGCCTG_002,120
AACCACTCATACCATGCCTG_003,89
AACCACTCATACCATGCCTG_004,147
AACCACTCATACCATGCCTG_005,76
AACCACTCATACCATGCCTG_006,41
AACACACCATCAGACACTGG_001,78
AACACACCATCAGACACTGG_002,113
AACACACCATCAGACACTGG_003,57
AACACACCATCAGACACTGG_004,84
AACACACCATCAGACACTGG_005,37
AACACACCATCAGACACTGG_006,85
AACACACCATCAGACACTGG_007,0
AACACACCATCAGACACTGG_008,7
AACACACCATCAGACACTGG_009,9
AACACACCATCAGACACTGG_010,147
AACACACCATCAGACACTGG_011,132
AACACACCATCAGACACTGG_012,117
AACACACCATCAGACACTGG_013,105
AACACACCATCAGACACTGG_014,90
AACACACCATCAGACACTGG_015,187
AACACACCATCAGACACTGG_016,32
AACACACCATCAGACACTGG_017,100
AACACACCATCAGACACTGG_018,124
AACTGAAACTGTAAGTCACA_001,58
GAAACGTCCACAGCAACCAA_001,101
GAAACGTCCACAGCAACCAA_002,150
GAAACGTCCACAGCAACCAA_003,158
GAAACGTCCACAGCAACCAA_004,175
GAAACGTCCACAGCAACCAA_005,67
GAAACGTCCACAGCAACCAA_006,78
GAAACGTCCACAGCAACCAA_007,10
GAAACGTCCACAGCAACCAA_008,148
GGTCCTTGAACAAATGCACC_001,97
GGTCCTTGAACAAATGCACC_002,29
GGTCCTTGAACAAATGCACC_003,19
GGTCCTTGAACAAATGCACC_004,86
GTGTGGCCACCGACGCAGTG_001,172
GTGTGGCCACCGACGCAGTG_002,6
GTGTGGCCACCGACGCAGTG_003,84
GTGTGGCCACCGACGCAGTG_004,42
GTGTGGCCACCGACGCAGTG_005,76
GTGTGGCCACCGACGCAGTG_006,151
GTGTGGCCACCGACGCAGTG_007,141
GTGTGGCCACCGACGCAGTG_008,42
GTGTGGCCACCGACGCAGTG_009,103
GTGTGGCCACCGACGCAGTG_010,184
GTGTGGCCACCGACGCAGTG_011,81
GTGTGGCCACCGACGCAGTG_012,95
GTGTGGCCACCGACGCAGTG_013,98
GTGTGGCCACCGACGCAGTG_014,103
GTGTGGCCACCGACGCAGTG_015,79
GTGTGGCCACCGACGCAGTG_016,166
GTGTGGCCACCGACGCAGTG_017,18
GTGTGGCCACCGACGCAGTG_018,48
GTGTGGCCACCGACGCAGTG_019,145
GTGTGGCCACCGACGCAGTG_020,90
GTGTGGCCACCGACGCAGTG_021,91
GTGTGGCCACCGACGCAGTG_022,146
CACAGACTGGAAATCCTCGG_001,197
CACAGACTGGAAATCCTCGG_002,61
CACAGACTGGAAATCCTCGG_003,199
CACAGACTGGAAATCCTCGG_004,81
ATTCTTACGAGTGGACAATG_001,17
ATTCTTACGAGTGGACAATG_002,144
ATTCTTACGAGTGGACAATG_003,65
ATTCTTACGAGTGGACAATG_004,197
ATTCTTACGAGTGGACAATG_005,128
ATTCTTACGAGTGGACAATG_006,91
ATTCTTACGAGTGGACAATG_007,144
ATTCTTACGAGTGGACAATG_008,170
ATTCTTACGAGTGGACAATG_009,171
ATTCTTACGAGTGGACAATG_010,50
CAGTGCCCAGCGAACTCTGG_001,19
CAGTGCCCAGCGAACTCTGG_002,14
CAGTGCCCAGCGAACTCTGG_003,128
CAGTGCCCAGCGAACTCTGG_004,53
CAGTGCCCAGCGAACTCTGG_005,103
CAGTGCCCAGCGAACTCTGG_006,2
CAGTGCCCAGCGAACTCTGG_007,146
CAGTGCCCAGCGAACTCTGG_008,199
CAGTGCCCAGCGAACTCTGG_009,156
CAGTGCCCAGCGAACTCTGG_010,106
CAGTGCCCAGCGAACTCTGG_011,170
CAGTGCCCAGCGAACTCTGG_012,6
CAGTGCCCAGCGAACTCTGG_013,78
CAGTGCCCAGCGAACTCTGG_014,77
CAGTGCCCAGCGAACTCTGG_015,52
CAGTGCCCAGCGAACTCTGG_016,91
TGGAGACACATCTCTCCCAA_001,25
TGGAGACACATCTCTCCCAA_002,104
GCTACAGATGCAATTGGCAT_001,120
GCTACAGATGCAATTGGCAT_002,171
GCTACAGATGCAATTGGCAT_003,88
GCTACAGATGCAATTGGCAT_004,163
GCTACAGATGCAATTGGCAT_005,122
GCTACAGATGCAATTGGCAT_006,186
GCTACAGATGCAATTGGCAT_007,173
GACGACGGGACCCCCCACCG_001,44
GACGACGGGACCCCCCACCG_002,130
GACGACGGGACCCCCCACCG_003,78
GACGACGGGACCCCCCACCG_004,198
GACGACGGGACCCCCCACCG_005,29
GACGACGGGACCCCCCACCG_006,184
GACGACGGGACCCCCCACCG_007,53
GACGACGGGACCCCCCACCG_008,191
GACGACGGGACCCCCCACCG_009,91
GACGACGGGACCCCCCACCG_010,77
GACGACGGGACCCCCCACCG_011,43
GACGACGGGACCCCCCACCG_012,5
GACGACGGGACCCCCCACCG_013,77
GACGACGGGACCCCCCACCG_014,77
GACGACGGGACCCCCCACCG_015,71
GACGACGGGACCCCCCACCG_016,187
GACGACGGGACCCCCCACCG_017,115
GACGACGGGACCCCCCACCG_018,44
GACGACGGGACCCCCCACCG_019,8
GACGACGGGACCCCCCACCG_020,128
GACGACGGGACCCCCCACCG_021,49
GACGACGGGACCCCCCACCG_022,157
GACGACGGGACCCCCCACCG_023,43
GACGACGGGACCCCCCACCG_024,145
GACGACGGGACCCCCCACCG_025,91
GACGACGGGACCCCCCACCG_026,39
GACGACGGGACCCCCCACCG_027,3
GACGACGGGACCCCCCACCG_028,174
GACGACGGGACCCCCCACCG_029,139
GACGACGGGACCCCCCACCG_030,144
GACGACGGGACCCCCCACCG_031,179
GACGACGGGACCCCCCACCG_032,176
GACGACGGGACCCCCCACCG_033,64
GTGATCCTGTTAGATATCGA_001,59
GTGATCCTGTTAGATATCGA_002,122
GTGATCCTGTTAGATATCGA_003,53
GTGATCCTGTTAGATATCGA_004,125
GTGATCCTGTTAGATATCGA_005,97
GTGATCCTGTTAGATATCGA_006,13
GTGATCCTGTTAGATATCGA_007,96
GTGATCCTGTTAGATATCGA_008,137
GTGATCCTGTTAGATATCGA_009,150
GTGATCCTGTTAGATATCGA_010,154
CGCCTCGGAGACCCTTTCTG_001,65
CGCCTCGGAGACCCTTTCTG_002,105
CGCCTCGGAGACCCTTTCTG_003,188
CGCCTCGGAGACCCTTTCTG_004,80
CGCCTCGGAGACCCTTTCTG_005,60
CGCCTCGGAGACCCTTTCTG_006,176
CGCCTCGGAGACCCTTTCTG_007,192
CGCCTCGGAGACCCTTTCTG_008,145
CGCCTCGGAGACCCTTTCTG_009,65
CGCCTCGGAGACCCTTTCTG_010,78
CGCCTCGGAGACCCTTTCTG_011,160
CGCCTCGGAGACCCTTTCTG_012,76
CGCCTCGGAGACCCTTTCTG_013,147
CGCCTCGGAGACCCTTTCTG_014,172
CGCCTCGGAGACCCTTTCTG_015,77
CGCCTCGGAGACCCTTTCTG_016,81
CGCCTCGGAGACCCTTTCTG_017,84
GCTCTCCAGATCGCTTGGGT_001,40
GCTCTCCAGATCGCTTGGGT_002,114
GCTCTCCAGATCGCTTGGGT_003,114
GCTCTCCAGATCGCTTGGGT_004,27
GCTCTCCAGATCGCTTGGGT_005,148
GCTCTCCAGATCGCTTGGGT_006,177
GCTCTCCAGATCGCTTGGGT_007,117
GCTCTCCAGATCGCTTGGGT_008,81
GCTCTCCAGATCGCTTGGGT_009,129
GCTCTCCAGATCGCTTGGGT_010,188
GCTCTCCAGATCGCTTGGGT_011,105
TTGAGTCCAATGAAACCATG_001,81
TTGAGTCCAATGAAACCATG_002,157
TTGAGTCCAATGAAACCATG_003,96
AATGTCCCGGGAGACAACAC_001,192
AATGTCCCGGGAGACAACAC_002,100
AATGTCCCGGGAGACAACAC_003,150
AGGACCAGTACCGCCGCGAG_001,137
AGGACCAGTACCGCCGCGAG_002,12
AGGACCAGTACCGCCGCGAG_003,144
AGGACCAGTACCGCCGCGAG_004,176
AGGACCAGTACCGCCGCGAG_005,171
AGGACCAGTACCGCCGCGAG_006,166
GTTGCAATGACATGACAGTC_001,146
GTTGCAATGACATGACAGTC_002,46
GTTGCAATGACATGACAGTC_003,199
GTTGCAATGACATGACAGTC_004,107
TGCGCTCCACCTCATAACAC_001,88
TGCGCTCCACCTCATAACAC_002,83
TGCGCTCCACCTCATAACAC_003,142
TGCGCTCCACCTCATAACAC_004,175
TGCGCTCCACCTCATAACAC_005,177
TGCGCTCCACCTCATAACAC_006,130
TGCGCTCCACCTCATAACAC_007,180
TGCGCTCCACCTCATAACAC_008,66
TGCGCTCCACCTCATAACAC_009,131
TGCGCTCCACCTCATAACAC_010,39
TGCGCTCCACCTCATAACAC_011,3
GAGCGCACTTACCGTCGCTG_001,197
GAGCGCACTTACCGTCGCTG_002,22
GAGCGCACTTACCGTCGCTG_003,104
GAGCGCACTTACCGTCGCTG_004,184
GAGCGCACTTACCGTCGCTG_005,21
TGGGATTGATGGACTTGATG_001,70
TGGGATTGATGGACTTGATG_002,102
TGGGATTGATGGACTTGATG_003,168
TGGGATTGATGGACTTGATG_004,18
TGGGATTGATGGACTTGATG_005,10
TACCCTAGCTACACCTTCAG_001,62
TACCCTAGCTACACCTTCAG_002,8
TACCCTAGCTACACCTTCAG_003,180
TACCCTAGCTACACCTTCAG_004,174
TACCCTAGCTACACCTTCAG_005,168
AATTGGCTGTACTCAGGAGA_001,72
AATTGGCTGTACTCAGGAGA_002,98
AATTGGCTGTACTCAGGAGA_003,197
AATTGGCTGTACTCAGGAGA_004,119
AATTGGCTGTACTCAGGAGA_005,113
AATTGGCTGTACTCAGGAGA_006,180
TGATCTCCGAACAAATGATG_001,134
TGATCTCCGAACAAATGATG_002,47
TGATCTCCGAACAAATGATG_003,47
TGATCTCCGAACAAATGATG_004,166
GGAGTCGGTGAAGATCCTCC_001,154
GGAGTCGGTGAAGATCCTCC_002,83
GGAGTCGGTGAAGATCCTCC_003,121
GGAGTCGGTGAAGATCCTCC_004,70
GGAGTCGGTGAAGATCCTCC_005,67
GGAGTCGGTGAAGATCCTCC_006,4
GGAGTCGGTGAAGATCCTCC_007,51
AGGCATTGACCATGCCTGCG_001,8
AGGCATTGACCATGCCTGCG_002,68
AGGCATTGACCATGCCTGCG_003,115
AGGCATTGACCATGCCTGCG_004,161
AGGCATTGACCATGCCTGCG_005,108
AGGCATTGACCATGCCTGCG_006,184
AGGCATTGACCATGCCTGCG_007,199
AGGCATTGACCATGCCTGCG_008,41
AGGCATTGACCATGCCTGCG_009,17
AGGCATTGACCATGCCTGCG_010,15
AGGCATTGACCATGCCTGCG_011,123
GATTCTGGATGGCGACGTAG_001,140
GATTCTGGATGGCGACGTAG_002,198
GATTCTGGATGGCGACGTAG_003,9
GATTCTGGATGGCGACGTAG_004,116
TGATCTTCTCATTGCCAGTG_001,50
TGATCTTCTCATTGCCAGTG_002,55
TGATCTTCTCATTGCCAGTG_003,192
TGATCTTCTCATTGCCAGTG_004,177
TGATCTTCTCATTGCCAGTG_005,141
TGATCTTCTCATTGCCAGTG_006,160
TGATCTTCTCATTGCCAGTG_007,169
TGATCTTCTCATTGCCAGTG_008,81
TGATCTTCTCATTGCCAGTG_009,85
TGATCTTCTCATTGCCAGTG_010,121
TGATCTTCTCATTGCCAGTG_011,108
TGATCTTCTCATTGCCAGTG_012,91
TGATCTTCTCATTGCCAGTG_013,177
TGATCTTCTCATTGCCAGTG_014,175
TGATCTTCTCATTGCCAGTG_015,147
GTAATGAAGCAATCCATGCA_001,89
GTAATGAAGCAATCCATGCA_002,15
GTAATGAAGCAATCCATGCA_003,176
GTAATGAAGCAATCCATGCA_004,194
GTAATGAAGCAATCCATGCA_005,60
GTAATGAAGCAATCCATGCA_006,76
GTAATGAAGCAATCCATGCA_007,9
GTAATGAAGCAATCCATGCA_008,159
GTAATGAAGCAATCCATGCA_009,185
GTAATGAAGCAATCCATGCA_010,146
GTAATGAAGCAATCCATGCA_011,23
GTAATGAAGCAATCCATGCA_012,23
GTAATGAAGCAATCCATGCA_013,152
TTCATCCCAATAGTAGCGCA_001,31
TTCATCCCAATAGTAGCGCA_002,16
TTCATCCCAATAGTAGCGCA_003,187
ATAATACTCGAACTACCACA_001,102
ATAATACTCGAACTACCACA_002,137
ATAATACTCGAACTACCACA_003,145
ATAATACTCGAACTACCACA_004,61
ATAATACTCGAACTACCACA_005,180
ATAATACTCGAACTACCACA_006,133
CAGACCCACCCATTGACCCT_001,113
CAGACCCACCCATTGACCCT_002,58
CAGACCCACCCATTGACCCT_003,50
CAGACCCACCCATTGACCCT_004,105
CAGACCCACCCATTGACCCT_005,177
CAGACCCACCCATTGACCCT_006,68
CAGACCCACCCATTGACCCT_007,31
CAGACCCACCCATTGACCCT_008,127
CAGACCCACCCATTGACCCT_009,108
CAGACCCACCCATTGACCCT_010,178
CAGACCCACCCATTGACCCT_011,31
CAGACCCACCCATTGACCCT_012,102
CAGACCCACCCATTGACCCT_013,94
CAGACCCACCCATTGACCCT_014,119
CAGACCCACCCATTGACCCT_015,106
CAGACCCACCCATTGACCCT_016,58
CAGACCCACCCATTGACCCT_017,160
CAGACCCACCCATTGACCCT_018,137
CAGACCCACCCATTGACCCT_019,157
CAGACCCACCCATTGACCCT_020,195
CAGACCCACCCATTGACCCT_021,138
CAGACCCACCCATTGACCCT_022,59
CAGACCCACCCATTGACCCT_023,111
CAGACCCACCCATTGACCCT_024,63
CAGACCCACCCATTGACCCT_025,148
CAGACCCACCCATTGACCCT_026,52
CAGACCCACCCATTGACCCT_027,106
CAGACCCACCCATTGACCCT_028,143
CCGTGAGAAGAAGATTATCG_001,199
CCGTGAGAAGAAGATTATCG_002,48
CCGTGAGAAGAAGATTATCG_003,77
CCGTGAGAAGAAGATTATCG_004,49
AAAGAAACAAAAAATACTTG_001,80
AAAGAAACAAAAAATACTTG_002,120
AAAGAAACAAAAAATACTTG_003,42
AAAGAAACAAAAAATACTTG_004,140
TCATTACACAGCTTGCTAAG_001,9
TCATTACACAGCTTGCTAAG_002,128
TCATTACACAGCTTGCTAAG_003,147
TCATTACACAGCTTGCTAAG_004,194
CACCGAGCGTGACGCCACGC_001,83
CACCGAGCGTGACGCCACGC_002,115
CACCGAGCGTGACGCCACGC_003,113
CACCGAGCGTGACGCCACGC_004,106
CACCGAGCGTGACGCCACGC_005,190
CACCGAGCGTGACGCCACGC_006,159
CACCGAGCGTGACGCCACGC_007,104
CACCGAGCGTGACGCCACGC_008,75
CACCGAGCGTGACGCCACGC_009,66
GGAACCACGTGAATGTTGAG_001,106
GGAACCACGTGAATGTTGAG_002,129
GGAACCACGTGAATGTTGAG_003,119
GGAACCACGTGAATGTTGAG_004,153
GGAACCACGTGAATGTTGAG_005,0
GTTCTCCAATAATCCAACCA_001,171
GTTCTCCAATAATCCAACCA_002,42
GTTCTCCAATAATCCAACCA_003,197
GTTCTCCAATAATCCAACCA_004,69
GTTCTCCAATAATCCAACCA_005,41
GTTCTCCAATAATCCAACCA_006,160
CAATTGTCAGAGGATATCTG_001,44
CAATTGTCAGAGGATATCTG_002,185
CAATTGTCAGAGGATATCTG_003,8
CAATTGTCAGAGGATATCTG_004,8
CAATTGTCAGAGGATATCTG_005,134
CAATTGTCAGAGGATATCTG_006,121
CAATTGTCAGAGGATATCTG_007,62
CAATTGTCAGAGGATATCTG_008,160
CAATTGTCAGAGGATATCTG_009,116
CAATTGTCAGAGGATATCTG_010,167
CAATTGTCAGAGGATATCTG_011,17
CAATTGTCAGAGGATATCTG_012,170
AGGGACTGTGGCAGGCCATG_001,27
AGGGACTGTGGCAGGCCATG_002,93
AGGGACTGTGGCAGGCCATG_003,48
AGGGACTGTGGCAGGCCATG_004,123
AGGGACTGTGGCAGGCCATG_005,42
AGGGACTGTGGCAGGCCATG_006,197
AGGGACTGTGGCAGGCCATG_007,148
AGGGACTGTGGCAGGCCATG_008,128
AGGGACTGTGGCAGGCCATG_009,59
AGGGACTGTGGCAGGCCATG_010,28
AGGGACTGTGGCAGGCCATG_011,190
AGGGACTGTGGCAGGCCATG_012,62
AGGGACTGTGGCAGGCCATG_013,46
AGGGACTGTGGCAGGCCATG_014,157
AGGGACTGTGGCAGGCCATG_015,157
AGGGACTGTGGCAGGCCATG_016,124
AGGCCATATACTTGACAAGG_001,52
ACAGGAAACCTGAATAGCTG_001,11
ACAGGAAACCTGAATAGCTG_002,127
ACAGGAAACCTGAATAGCTG_003,184
ACAGGAAACCTGAATAGCTG_004,141
ACAGGAAACCTGAATAGCTG_005,70
GAGCTGCAGCTGAATCACAC_001,62
GAGCTGCAGCTGAATCACAC_002,20
GAGCTGCAGCTGAATCACAC_003,9
GAGCTGCAGCTGAATCACAC_004,53
GAGCTGCAGCTGAATCACAC_005,198
GAGCTGCAGCTGAATCACAC_006,41
GAGCTGCAGCTGAATCACAC_007,199
GAGCTGCAGCTGAATCACAC_008,70
GAGCTGCAGCTGAATCACAC_009,182
GAGCTGCAGCTGAATCACAC_010,37
GAGCTGCAGCTGAATCACAC_011,98
GAGCTGCAGCTGAATCACAC_012,29
GAGCTGCAGCTGAATCACAC_013,14
GAGCTGCAGCTGAATCACAC_014,31
GAGCTGCAGCTGAATCACAC_015,138
GAGCTGCAGCTGAATCACAC_016,115
GAGCTGCAGCTGAATCACAC_017,169
GAGCTGCAGCTGAATCACAC_018,175
GAGCTGCAGCTGAATCACAC_019,125
GAGCTGCAGCTGAATCACAC_020,125
GAGCTGCAGCTGAATCACAC_021,144
GAGCTGCAGCTGAATCACAC_022,198
GAGCTGCAGCTGAATCACAC_023,50
GAGCTGCAGCTGAATCACAC_024,61
GAGCTGCAGCTGAATCACAC_025,18
GAGCTGCAGCTGAATCACAC_026,97
GAGCTGCAGCTGAATCACAC_027,27
GAGCTGCAGCTGAATCACAC_028,97
GAGCTGCAGCTGAATCACAC_029,27
GAGCTGCAGCTGAATCACAC_030,0
GAGCTGCAGCTGAATCACAC_031,85
GAGGTGTTCCTGCAGCAGGT_001,4
GAGGTGTTCCTGCAGCAGGT_002,31
GAGGTGTTCCTGCAGCAGGT_003,78
GAGGTGTTCCTGCAGCAGGT_004,141
GAGGTGTTCCTGCAGCAGGT_005,8
GAGGTGTTCCTGCAGCAGGT_006,51
GAGGTGTTCCTGCAGCAGGT_007,15
GAGGTGTTCCTGCAGCAGGT_008,174
GAGGTGTTCCTGCAGCAGGT_009,18
TCATCCCCTACGTCATTGGA_001,106
TCATCCCCTACGTCATTGGA_002,58
TCATCCCCTACGTCATTGGA_003,191
TCATCCCCTACGTCATTGGA_004,197
TCATCCCCTACGTCATTGGA_005,121
TCATCCCCTACGTCATTGGA_006,116
TCATCCCCTACGTCATTGGA_007,129
TCATCCCCTACGTCATTGGA_008,60
TCATCCCCTACGTCATTGGA_009,148
TCATCCCCTACGTCATTGGA_010,17
TCATCCCCTACGTCATTGGA_011,56
TCATCCCCTACGTCATTGGA_012,151
TCATCCCCTACGTCATTGGA_013,140
TCATCCCCTACGTCATTGGA_014,166
AAAGGTGGACCACTCCCGGT_001,168
AAAGGTGGACCACTCCCGGT_002,50
AAAGGTGGACCACTCCCGGT_003,69
AAAGGTGGACCACTCCCGGT_004,70
AAAGGTGGACCACTCCCGGT_005,112
AAAGGTGGACCACTCCCGGT_006,141
CCCGCCGCGGGGGTTCAGCG_001,121
CCCGCCGCGGGGGTTCAGCG_002,113
CCCGCCGCGGGGGTTCAGCG_003,118
CCCGCCGCGGGGGTTCAGCG_004,159
CCCGCCGCGGGGGTTCAGCG_005,22
CCCGCCGCGGGGGTTCAGCG_006,130
CCCGCCGCGGGGGTTCAGCG_007,14
CCCGCCGCGGGGGTTCAGCG_008,55
CCCGCCGCGGGGGTTCAGCG_009,143
CCCGCCGCGGGGGTTCAGCG_010,198
CCCGCCGCGGGGGTTCAGCG_011,83
CCCGCCGCGGGGGTTCAGCG_012,132
CCCGCCGCGGGGGTTCAGCG_013,134
CCCGCCGCGGGGGTTCAGCG_014,72
CCCGCCGCGGGGGTTCAGCG_015,120
CCCGCCGCGGGGGTTCAGCG_016,41
CCCGCCGCGGGGGTTCAGCG_017,43
CCCGCCGCGGGGGTTCAGCG_018,121
CCCGCCGCGGGGGTTCAGCG_019,197
CCCGCCGCGGGGGTTCAGCG_020,128
CCCGCCGCGGGGGTTCAGCG_021,10
CCCGCCGCGGGGGTTCAGCG_022,83
CCCGCCGCGGGGGTTCAGCG_023,48
CCCGCCGCGGGGGTTCAGCG_024,46
CCCGCCGCGGGGGTTCAGCG_025,124
CCCGCCGCGGGGGTTCAGCG_026,177
AAGCCTAACCCATCAAACTG_001,48
AAGCCTAACCCATCAAACTG_002,157
AAGCCTAACCCATCAAACTG_003,1
AAGCCTAACCCATCAAACTG_004,175
AAGCCTAACCCATCAAACTG_005,127
AAGCCTAACCCATCAAACTG_006,79
AAGCCTAACCCATCAAACTG_007,137
AAGCCTAACCCATCAAACTG_008,28
AAGCCTAACCCATCAAACTG_009,103
AAGCCTAACCCATCAAACTG_010,2
AAGCCTAACCCATCAAACTG_011,49
AAGCCTAACCCATCAAACTG_012,84
AAGCCTAACCCATCAAACTG_013,84
AGCAGCTCGAGCAACGCTGG_001,28
AGCAGCTCGAGCAACGCTGG_002,78
AGCAGCTCGAGCAACGCTGG_003,198
AGCAGCTCGAGCAACGCTGG_004,190
AGCAGCTCGAGCAACGCTGG_005,162
AGCAGCTCGAGCAACGCTGG_006,69
AGCAGCTCGAGCAACGCTGG_007,98
AGCAGCTCGAGCAACGCTGG_008,138
AGCAGCTCGAGCAACGCTGG_009,13
AGCAGCTCGAGCAACGCTGG_010,182
AGCAGCTCGAGCAACGCTGG_011,104
AGCAGCTCGAGCAACGCTGG_012,156
AGCAGCTCGAGCAACGCTGG_013,38
AGCAGCTCGAGCAACGCTGG_014,23
AGCAGCTCGAGCAACGCTGG_015,38
AGCAGCTCGAGCAACGCTGG_016,77
AGCAGCTCGAGCAACGCTGG_017,61
TAGAAATCAATGCAGCGGGT_001,170
TACATGATAAGGCACCTCTG_001,2
TACATGATAAGGCACCTCTG_002,102
TACATGATAAGGCACCTCTG_003,114
TACATGATAAGGCACCTCTG_004,162
TACATGATAAGGCACCTCTG_005,181
TACATGATAAGGCACCTCTG_006,169
TACATGATAAGGCACCTCTG_007,4
TACATGATAAGGCACCTCTG_008,127
TACATGATAAGGCACCTCTG_009,10
TACATGATAAGGCACCTCTG_010,29
TACATGATAAGGCACCTCTG_011,188
TACATGATAAGGCACCTCTG_012,162
TACATGATAAGGCACCTCTG_013,124
TACATGATAAGGCACCTCTG_014,22
GGGTCAAGACCTACCAAGAG_001,127
GGGTCAAGACCTACCAAGAG_002,78
GGGTCAAGACCTACCAAGAG_003,112
GGGTCAAGACCTACCAAGAG_004,147
GGGTCAAGACCTACCAAGAG_005,88
GGGTCAAGACCTACCAAGAG_006,185
GGGTCAAGACCTACCAAGAG_007,93
GGGTCAAGACCTACCAAGAG_008,180
GGGTCAAGACCTACCAAGAG_009,140
GGGTCAAGACCTACCAAGAG_010,13
GGGTCAAGACCTACCAAGAG_011,116
GGGTCAAGACCTACCAAGAG_012,185
GGGTCAAGACCTACCAAGAG_013,94
GGGTCAAGACCTACCAAGAG_014,151
GGGTCAAGACCTACCAAGAG_015,198
GGGTCAAGACCTACCAAGAG_016,68
GGGTCAAGACCTACCAAGAG_017,81
GGGTCAAGACCTACCAAGAG_018,180
TGACACCATGTCCTGACCAA_001,22
TGACACCATGTCCTGACCAA_002,43
TGACACCATGTCCTGACCAA_003,10
TGACACCATGTCCTGACCAA_004,144
CATTGGGGTCTGCAGCAGGT_001,62
CATTGGGGTCTGCAGCAGGT_002,15
CATTGGGGTCTGCAGCAGGT_003,6
CATTGGGGTCTGCAGCAGGT_004,12
CATTGGGGTCTGCAGCAGGT_005,163
CATTGGGGTCTGCAGCAGGT_006,58
CATTGGGGTCTGCAGCAGGT_007,177
CATTGGGGTCTGCAGCAGGT_008,184
CATTGGGGTCTGCAGCAGGT_009,67
CATTGGGGTCTGCAGCAGGT_010,139
CATTGGGGTCTGCAGCAGGT_011,82
CATTGGGGTCTGCAGCAGGT_012,39
CATTGGGGTCTGCAGCAGGT_013,59
CATTGGGGTCTGCAGCAGGT_014,110
CATTGGGGTCTGCAGCAGGT_015,150
CATTGGGGTCTGCAGCAGGT_016,25
CATTGGGGTCTGCAGCAGGT_017,25
CATTGGGGTCTGCAGCAGGT_018,196
GTTTCGTAAGATCTACATTG_001,147
GTTTCGTAAGATCTACATTG_002,33
GTTTCGTAAGATCTACATTG_003,198
GTTTCGTAAGATCTACATTG_004,27
TCTGCGTTGAAATGGAGCTG_001,173
TCTGCGTTGAAATGGAGCTG_002,158
TCTGCGTTGAAATGGAGCTG_003,98
TCTGCGTTGAAATGGAGCTG_004,121
TCTGCGTTGAAATGGAGCTG_005,150
TCTGCGTTGAAATGGAGCTG_006,129
CAAGGACACCAAGGTACCCA_001,130
CAAGGACACCAAGGTACCCA_002,45
CAAGGACACCAAGGTACCCA_003,110
CAAGGACACCAAGGTACCCA_004,127
CAAGGACACCAAGGTACCCA_005,160
CAAGGACACCAAGGTACCCA_006,117
CAAGGACACCAAGGTACCCA_007,89
CAAGGACACCAAGGTACCCA_008,150
CAAGGACACCAAGGTACCCA_009,141
CAAGGACACCAAGGTACCCA_010,12
CAAGGACACCAAGGTACCCA_011,100
CAAGGACACCAAGGTACCCA_012,72
CAAGGACACCAAGGTACCCA_013,157
CAAGGACACCAAGGTACCCA_014,198
CAAGGACACCAAGGTACCCA_015,14
CAAGGACACCAAGGTACCCA_016,80
CAAGGACACCAAGGTACCCA_017,112
CAAGGACACCAAGGTACCCA_018,80
CAAGGACACCAAGGTACCCA_019,8
CAAGGACACCAAGGTACCCA_020,119
CAAGGACACCAAGGTACCCA_021,107
CAAGGACACCAAGGTACCCA_022,63
CAAGGACACCAAGGTACCCA_023,77
CAAGGACACCAAGGTACCCA_024,74
GAACTGTGGACATCAAGGAA_001,60
GAACTGTGGACATCAAGGAA_002,114
GAACTGTGGACATCAAGGAA_003,183
GAACTGTGGACATCAAGGAA_004,105
GAACTGTGGACATCAAGGAA_005,150
GAACTGTGGACATCAAGGAA_006,103
GAACTGTGGACATCAAGGAA_007,130
GAACTGTGGACATCAAGGAA_008,155
GATGACATCAAAAGTCAAGG_001,102
GATGACATCAAAAGTCAAGG_002,102
GATGACATCAAAAGTCAAGG_003,154
GATGACATCAAAAGTCAAGG_004,94
GATGACATCAAAAGTCAAGG_005,98
GATGACATCAAAAGTCAAGG_006,118
GATGACATCAAAAGTCAAGG_007,105
GATGACATCAAAAGTCAAGG_008,194
GATGACATCAAAAGTCAAGG_009,163
GATGACATCAAAAGTCAAGG_010,125
GATGACATCAAAAGTCAAGG_011,88
GATGACATCAAAAGTCAAGG_012,24
GATGACATCAAAAGTCAAGG_013,128
GATGACATCAAAAGTCAAGG_014,41
GATGACATCAAAAGTCAAGG_015,40
GATGACATCAAAAGTCAAGG_016,161
GATGACATCAAAAGTCAAGG_017,75
TTATCGCGTAGTGCTGACGT_001,102
TTATCGCGTAGTGCTGACGT_002,181
TTATCGCGTAGTGCTGACGT_003,40
TTATCGCGTAGTGCTGACGT_004,131
TTATCGCGTAGTGCTGACGT_005,101
TTATCGCGTAGTGCTGACGT_006,145
TTATCGCGTAGTGCTGACGT_007,106
CTATTCATTGAACGCCCAGA_001,184
CTATTCATTGAACGCCCAGA_002,184
CTATTCATTGAACGCCCAGA_003,168
CTATTCATTGAACGCCCAGA_004,63
CTATTCATTGAACGCCCAGA_005,91
AGACTGGAAGCTGATAGTAG_001,76
AGACTGGAAGCTGATAGTAG_002,88
GAACAAACTTACTTAGGATA_001,5
GAACAAACTTACTTAGGATA_002,57
GAACAAACTTACTTAGGATA_003,120
GAACAAACTTACTTAGGATA_004,88
GAACAAACTTACTTAGGATA_005,162
GAACAAACTTACTTAGGATA_006,134
GCAGCACTCGAAATTCTGTG_001,60
GCAGCACTCGAAATTCTGTG_002,168
GCAGCACTCGAAATTCTGTG_003,9
TAGGTTCTGACATTTGCCGA_001,33
TAGGTTCTGACATTTGCCGA_002,74
TAGGTTCTGACATTTGCCGA_003,20
TAGGTTCTGACATTTGCCGA_004,76
TAGGTTCTGACATTTGCCGA_005,28
TAGGTTCTGACATTTGCCGA_006,50
TAGGTTCTGACATTTGCCGA_007,41
TAGGTTCTGACATTTGCCGA_008,106
AGGAGCGCAAGTCGCCCACG_001,138
AGGAGCGCAAGTCGCCCACG_002,118
AGGAGCGCAAGTCGCCCACG_003,190
AGGAGCGCAAGTCGCCCACG_004,38
AGGAGCGCAAGTCGCCCACG_005,43
AGGAGCGCAAGTCGCCCACG_006,1
AGGAGCGCAAGTCGCCCACG_007,162
AGGAGCGCAAGTCGCCCACG_008,69
AGGAGCGCAAGTCGCCCACG_009,113
AGGAGCGCAAGTCGCCCACG_010,93
AGGAGCGCAAGTCGCCCACG_011,142
AGGAGCGCAAGTCGCCCACG_012,144
AGGAGCGCAAGTCGCCCACG_013,118
AGGAGCGCAAGTCGCCCACG_014,78
AGGAGCGCAAGTCGCCCACG_015,96
AGGAGCGCAAGTCGCCCACG_016,119
AGGAGCGCAAGTCGCCCACG_017,136
AGGAGCGCAAGTCGCCCACG_018,86
AGGAGCGCAAGTCGCCCACG_019,91
GTTTGCACACTGATCAATCG_001,29
GTTTGCACACTGATCAATCG_002,140
GTTTGCACACTGATCAATCG_003,83
GTTTGCACACTGATCAATCG_004,198
GTTTGCACACTGATCAATCG_005,48
GTTTGCACACTGATCAATCG_006,175
GTTTGCACACTGATCAATCG_007,9
GTTTGCACACTGATCAATCG_008,28
GTTTGCACACTGATCAATCG_009,137
GTTTGCACACTGATCAATCG_010,94
CCAGCCATAAGCATGTGTCC_001,163
CCAGCCATAAGCATGTGTCC_002,144
CCAGCCATAAGCATGTGTCC_003,154
CCAGCCATAAGCATGTGTCC_004,147
CCAGCCATAAGCATGTGTCC_005,48
CCAGCCATAAGCATGTGTCC_006,37
CCAGCCATAAGCATGTGTCC_007,62
CCAGCCATAAGCATGTGTCC_008,154
CCAGCCATAAGCATGTGTCC_009,85
CCAGCCATAAGCATGTGTCC_010,15
GAAGCCTACGACCAGAGGCA_001,106
GAAGCCTACGACCAGAGGCA_002,84
GAAGCCTACGACCAGAGGCA_003,150
GAAGCCTACGACCAGAGGCA_004,125
GAAGCCTACGACCAGAGGCA_005,135
GAAGCCTACGACCAGAGGCA_006,40
GAAGCCTACGACCAGAGGCA_007,121
GAAGCCTACGACCAGAGGCA_008,134
GGAGCTGTCATTTCATAGTA_001,106
GGAGCTGTCATTTCATAGTA_002,112
GGAGCTGTCATTTCATAGTA_003,115
GGAGCTGTCATTTCATAGTA_004,105
GCACCTCGTGCGGACCAACG_001,53
GCACCTCGTGCGGACCAACG_002,174
GCACCTCGTGCGGACCAACG_003,43
GCACCTCGTGCGGACCAACG_004,187
GCACCTCGTGCGGACCAACG_005,58
GCACACAAGCAACCTATACC_001,60
GCACACAAGCAACCTATACC_002,122
GCACACAAGCAACCTATACC_003,138
GCACACAAGCAACCTATACC_004,26
GCACACAAGCAACCTATACC_005,127
GCACACAAGCAACCTATACC_006,181
GCACACAAGCAACCTATACC_007,160
GCACACAAGCAACCTATACC_008,138
GCACACAAGCAACCTATACC_009,59
GCACACAAGCAACCTATACC_010,47
GCACACAAGCAACCTATACC_011,125
GCACACAAGCAACCTATACC_012,25
GCACACAAGCAACCTATACC_013,15
CCTGGAGGCCGAGAGCCTGG_001,77
CCTGGAGGCCGAGAGCCTGG_002,169
CCTGGAGGCCGAGAGCCTGG_003,58
CCTGGAGGCCGAGAGCCTGG_004,196
CCTGGAGGCCGAGAGCCTGG_005,42
CCTGGAGGCCGAGAGCCTGG_006,119
CCTGGAGGCCGAGAGCCTGG_007,12
CCTGGAGGCCGAGAGCCTGG_008,59
CCTGGAGGCCGAGAGCCTGG_009,37
CCTGGAGGCCGAGAGCCTGG_010,126
CCTGGAGGCCGAGAGCCTGG_011,182
CCTGGAGGCCGAGAGCCTGG_012,133
CCTGGAGGCCGAGAGCCTGG_013,145
CCTGGAGGCCGAGAGCCTGG_014,48
CCTGGAGGCCGAGAGCCTGG_015,169
CCTGGAGGCCGAGAGCCTGG_016,23
CCTGGAGGCCGAGAGCCTGG_017,83
AAGAGTTTGAAATCCATGAC_001,85
AAGAGTTTGAAATCCATGAC_002,82
AAGAGTTTGAAATCCATGAC_003,89
AAGAGTTTGAAATCCATGAC_004,77
AAGAGTTTGAAATCCATGAC_005,88
AAGAGTTTGAAATCCATGAC_006,141
AAGAGTTTGAAATCCATGAC_007,194
AAGAGTTTGAAATCCATGAC_008,174
AAGAGTTTGAAATCCATGAC_009,119
ACTCCTAGCACGCTTAAGCT_001,142
ACTCCTAGCACGCTTAAGCT_002,152
ACTCCTAGCACGCTTAAGCT_003,77
AGCAATGCAAACCTCACAAG_001,132
AGCAATGCAAACCTCACAAG_002,62
AGCAATGCAAACCTCACAAG_003,41
AGCAATGCAAACCTCACAAG_004,141
AGCAATGCAAACCTCACAAG_005,27
AGCAATGCAAACCTCACAAG_006,158
AGCAATGCAAACCTCACAAG_007,28
AGCAATGCAAACCTCACAAG_008,184
AGCAATGCAAACCTCACAAG_009,94
AGCAATGCAAACCTCACAAG_010,96
AGCAATGCAAACCTCACAAG_011,81
AGCAATGCAAACCTCACAAG_012,199
AGCAATGCAAACCTCACAAG_013,98
AGCAATGCAAACCTCACAAG_014,175
AGCAATGCAAACCTCACAAG_015,2
AGCAATGCAAACCTCACAAG_016,76
AGCAATGCAAACCTCACAAG_017,39
AGCAATGCAAACCTCACAAG_018,197
GCCACCGATGCCCTCATCGA_001,199
GCCACCGATGCCCTCATCGA_002,124
GCTCGACACCTGATCCGGCA_001,78
GCTCGACACCTGATCCGGCA_002,24
GCTCGACACCTGATCCGGCA_003,187
GCTCGACACCTGATCCGGCA_004,138
GCTCGACACCTGATCCGGCA_005,52
GCTCGACACCTGATCCGGCA_006,78
ACTTACCTTTAAGAGCATCC_001,60
ACTTACCTTTAAGAGCATCC_002,121
ACTTACCTTTAAGAGCATCC_003,24
ACTTACCTTTAAGAGCATCC_004,49
ACTTACCTTTAAGAGCATCC_005,158
TGCAGAGGGACCTTGCTCAG_001,59
TGCAGAGGGACCTTGCTCAG_002,126
TGCAGAGGGACCTTGCTCAG_003,74
TGCAGAGGGACCTTGCTCAG_004,166
TGCAGAGGGACCTTGCTCAG_005,20
TGCAGAGGGACCTTGCTCAG_006,194
TGCAGAGGGACCTTGCTCAG_007,183
TGCAGAGGGACCTTGCTCAG_008,163
TGCAGAGGGACCTTGCTCAG_009,16
TGCAGAGGGACCTTGCTCAG_010,199
TGCAGAGGGACCTTGCTCAG_011,145
TGCAGAGGGACCTTGCTCAG_012,20
TGCAGAGGGACCTTGCTCAG_013,81
TGCAGAGGGACCTTGCTCAG_014,23
TGCAGAGGGACCTTGCTCAG_015,58
TGCAGAGGGACCTTGCTCAG_016,30
TGCAGAGGGACCTTGCTCAG_017,47
TGCAGAGGGACCTTGCTCAG_018,150
TGCAGAGGGACCTTGCTCAG_019,149
TGCAGAGGGACCTTGCTCAG_020,166
AGGGTTCAGCGTGCATTAGG_001,15
AGGGTTCAGCGTGCATTAGG_002,160
AGGGTTCAGCGTGCATTAGG_003,162
AGGGTTCAGCGTGCATTAGG_004,193
AGGGTTCAGCGTGCATTAGG_005,46
AGGGTTCAGCGTGCATTAGG_006,9
AGGGTTCAGCGTGCATTAGG_007,177
AGGGTTCAGCGTGCATTAGG_008,169
AGGGTTCAGCGTGCATTAGG_009,84
AGGGTTCAGCGTGCATTAGG_010,11
AGGGTTCAGCGTGCATTAGG_011,146
AGGGTTCAGCGTGCATTAGG_012,48
AGGGTTCAGCGTGCATTAGG_013,43
AGGGTTCAGCGTGCATTAGG_014,149
AGGGTTCAGCGTGCATTAGG_015,113
AGGGTTCAGCGTGCATTAGG_016,21
AGGGTTCAGCGTGCATTAGG_017,59
AGGGTTCAGCGTGCATTAGG_018,158
AGGGTTCAGCGTGCATTAGG_019,175
AGGGTTCAGCGTGCATTAGG_020,63
AGGGTTCAGCGTGCATTAGG_021,63
AGGGTTCAGCGTGCATTAGG_022,1
AGGGTTCAGCGTGCATTAGG_023,104
AGGGTTCAGCGTGCATTAGG_024,91
TGTGATCAGACATATGTCCA_001,183
TGTGATCAGACATATGTCCA_002,99
GGTGGAAGAGCTCTTTGAAG_001,91
GGTGGAAGAGCTCTTTGAAG_002,60
AAGAAGACTTCAAGCGTTTG_001,78
AAGAAGACTTCAAGCGTTTG_002,122
AAGAAGACTTCAAGCGTTTG_003,48
AAGAAGACTTCAAGCGTTTG_004,0
AAGAAGACTTCAAGCGTTTG_005,111
CAACCCTAAGGAATTCATCG_001,181
CAACCCTAAGGAATTCATCG_002,29
CAACCCTAAGGAATTCATCG_003,53
CAACCCTAAGGAATTCATCG_004,122
CAACCCTAAGGAATTCATCG_005,184
CAACCCTAAGGAATTCATCG_006,174
CTTGATGCTATGAAACACTC_001,50
CTTGATGCTATGAAACACTC_002,162
CTTGATGCTATGAAACACTC_003,114
CACCCGTAGCGGAACCAAGT_001,137
CACCCGTAGCGGAACCAAGT_002,17
CACCCGTAGCGGAACCAAGT_003,94
CACCCGTAGCGGAACCAAGT_004,41
CACCCGTAGCGGAACCAAGT_005,124
GGAGATGAACGTGTAAAGAA_001,70
GGAGATGAACGTGTAAAGAA_002,17
CCTCACCTTGGAACATCCAG_001,153
CCTCACCTTGGAACATCCAG_002,42
CCTCACCTTGGAACATCCAG_003,114
CCTCACCTTGGAACATCCAG_004,86
CCTCACCTTGGAACATCCAG_005,174
CCTCACCTTGGAACATCCAG_006,153
CCTCACCTTGGAACATCCAG_007,9
CCTCACCTTGGAACATCCAG_008,134
CCTCACCTTGGAACATCCAG_009,153
CCTCACCTTGGAACATCCAG_010,190
CCTCACCTTGGAACATCCAG_011,45
CCTCACCTTGGAACATCCAG_012,158
CCTCACCTTGGAACATCCAG_013,112
CCTCACCTTGGAACATCCAG_014,174
CCTCACCTTGGAACATCCAG_015,172
CCTCACCTTGGAACATCCAG_016,60
CCTCACCTTGGAACATCCAG_017,28
CCTCACCTTGGAACATCCAG_018,83
CCTCACCTTGGAACATCCAG_019,197
GGAGGGAGCCGCATACACGA_001,96
GGAGGGAGCCGCATACACGA_002,115
GGAGGGAGCCGCATACACGA_003,0
GGAGGGAGCCGCATACACGA_004,51
GGAGGGAGCCGCATACACGA_005,170
GGAGGGAGCCGCATACACGA_006,172
GGAGGGAGCCGCATACACGA_007,9
GGAGGGAGCCGCATACACGA_008,81
GGAGGGAGCCGCATACACGA_009,15
GGGCCAGACACCCACCAAGG_001,58
GGGCCAGACACCCACCAAGG_002,127
GGGCCAGACACCCACCAAGG_003,21
GGGCCAGACACCCACCAAGG_004,199
GGGCCAGACACCCACCAAGG_005,16
GGGCCAGACACCCACCAAGG_006,106
GGGCCAGACACCCACCAAGG_007,169
GGGCCAGACACCCACCAAGG_008,95
GGGCCAGACACCCACCAAGG_009,115
GGGCCAGACACCCACCAAGG_010,175
GGGCCAGACACCCACCAAGG_011,137
GGGCCAGACACCCACCAAGG_012,84
GGGCCAGACACCCACCAAGG_013,69
GGGCCAGACACCCACCAAGG_014,98
ACATCCTGAAGCCCTATGTG_001,102
ACATCCTGAAGCCCTATGTG_002,114
ACATCCTGAAGCCCTATGTG_003,131
ACATCCTGAAGCCCTATGTG_004,121
ACATCCTGAAGCCCTATGTG_005,168
ACATCCTGAAGCCCTATGTG_006,38
ACATCCTGAAGCCCTATGTG_007,94
ACATCCTGAAGCCCTATGTG_008,98
ACGACGCCCAGGAATACAGA_001,150
ACGACGCCCAGGAATACAGA_002,102
GGAGATACATAAATAACGGT_001,42
GGAGATACATAAATAACGGT_002,81
GGAGATACATAAATAACGGT_003,87
GGAGATACATAAATAACGGT_004,37
GCAGCCATTTCACATTGACC_001,177
GCAGCCATTTCACATTGACC_002,106
TCAACCAAGCCACCAAACGG_001,44
TCAACCAAGCCACCAAACGG_002,141
TCAACCAAGCCACCAAACGG_003,60
TCAACCAAGCCACCAAACGG_004,96
TCAACCAAGCCACCAAACGG_005,151
TCAACCAAGCCACCAAACGG_006,102
TCAACCAAGCCACCAAACGG_007,82
TCAACCAAGCCACCAAACGG_008,164
TCAACCAAGCCACCAAACGG_009,188
TCAACCAAGCCACCAAACGG_010,68
TCAACCAAGCCACCAAACGG_011,147
TCAACCAAGCCACCAAACGG_012,72
TCAACCAAGCCACCAAACGG_013,103
TCAACCAAGCCACCAAACGG_014,94
TCAACCAAGCCACCAAACGG_015,34
TCAACCAAGCCACCAAACGG_016,178
TCAACCAAGCCACCAAACGG_017,22
TCAACCAAGCCACCAAACGG_018,166
TCAACCAAGCCACCAAACGG_019,138
TCAACCAAGCCACCAAACGG_020,14
TCAACCAAGCCACCAAACGG_021,59
TCAACCAAGCCACCAAACGG_022,144
TCAACCAAGCCACCAAACGG_023,130
AATTATCTGATGGTTTCTAA_001,92
AATTATCTGATGGTTTCTAA_002,121
AATTATCTGATGGTTTCTAA_003,157
AATTATCTGATGGTTTCTAA_004,53
AATTATCTGATGGTTTCTAA_005,177
AATTATCTGATGGTTTCTAA_006,82
AATTATCTGATGGTTTCTAA_007,50
ATAGACCCCAGAACGAGGCA_001,198
ATAGACCCCAGAACGAGGCA_002,17
ATAGACCCCAGAACGAGGCA_003,34
CTTTCACACACTGATAGGTG_001,40
CTTTCACACACTGATAGGTG_002,10
CTTTCACACACTGATAGGTG_003,148
CTTTCACACACTGATAGGTG_004,91
GAGCAGACGTCACCTCCAGG_001,15
GAGCAGACGTCACCTCCAGG_002,32
GAGCAGACGTCACCTCCAGG_003,6
GAGCAGACGTCACCTCCAGG_004,42
ACTGCTCGCAAGTCGACCGG_001,174
ACTGCTCGCAAGTCGACCGG_002,33
ACTGCTCGCAAGTCGACCGG_003,33
CCGGAGTTATAACAGCAGTG_001,168
CCGGAGTTATAACAGCAGTG_002,22
CCGGAGTTATAACAGCAGTG_003,15
CCGGAGTTATAACAGCAGTG_004,144
TGCAGCACTCTGAAGGCTAC_001,102
TGCAGCACTCTGAAGGCTAC_002,154
TGCAGCACTCTGAAGGCTAC_003,71
TGCAGCACTCTGAAGGCTAC_004,81
TGCAGCACTCTGAAGGCTAC_005,34
CACGCTGACCGTCACCCGTG_001,149
CACGCTGACCGTCACCCGTG_002,77
CACGCTGACCGTCACCCGTG_003,2
TCCGAGCCAGCTCTTCATAG_001,33
TCCGAGCCAGCTCTTCATAG_002,83
TCCGAGCCAGCTCTTCATAG_003,49
TCCGAGCCAGCTCTTCATAG_004,102
TCCGAGCCAGCTCTTCATAG_005,138
TCCGAGCCAGCTCTTCATAG_006,137
TCCGAGCCAGCTCTTCATAG_007,155
TCCGAGCCAGCTCTTCATAG_008,65
TGATGCCACGCGATCCCCCG_001,32
TGATGCCACGCGATCCCCCG_002,83
TGATGCCACGCGATCCCCCG_003,3
TGATGCCACGCGATCCCCCG_004,120
TGATGCCACGCGATCCCCCG_005,144
TGATGCCACGCGATCCCCCG_006,7
TGATGCCACGCGATCCCCCG_007,62
TGATGCCACGCGATCCCCCG_008,93
TGATGCCACGCGATCCCCCG_009,158
TGATGCCACGCGATCCCCCG_010,174
TGATGCCACGCGATCCCCCG_011,169
TGATGCCACGCGATCCCCCG_012,67
TGATGCCACGCGATCCCCCG_013,124
GGCCAGCAGCCACACCACAA_001,12
GGCCAGCAGCCACACCACAA_002,47
GGCCAGCAGCCACACCACAA_003,162
GGCCAGCAGCCACACCACAA_004,16
GGCCAGCAGCCACACCACAA_005,170
GGCCAGCAGCCACACCACAA_006,68
GGCCAGCAGCCACACCACAA_007,51
GGCCAGCAGCCACACCACAA_008,48
GGCCAGCAGCCACACCACAA_009,12
GGCCAGCAGCCACACCACAA_010,182
GGCCAGCAGCCACACCACAA_011,169
GGCCAGCAGCCACACCACAA_012,189
GGCCAGCAGCCACACCACAA_013,144
GGCCAGCAGCCACACCACAA_014,9
GGCCAGCAGCCACACCACAA_015,100
GGCCAGCAGCCACACCACAA_016,0
GGCCAGCAGCCACACCACAA_017,12
GGCCAGCAGCCACACCACAA_018,160
GGCCAGCAGCCACACCACAA_019,192
GGCCAGCAGCCACACCACAA_020,128
GGCCAGCAGCCACACCACAA_021,28
GGCCAGCAGCCACACCACAA_022,41
GGCCAGCAGCCACACCACAA_023,105
GGCCAGCAGCCACACCACAA_024,25
GGCCAGCAGCCACACCACAA_025,66
GGCCAGCAGCCACACCACAA_026,81
GGCCAGCAGCCACACCACAA_027,28
CAGACGAGGAACCGTAGATG_001,107
CAGACGAGGAACCGTAGATG_002,136
CAGACGAGGAACCGTAGATG_003,155
CAGACGAGGAACCGTAGATG_004,160
CAGACGAGGAACCGTAGATG_005,98
CAGACGAGGAACCGTAGATG_006,69
CAGACGAGGAACCGTAGATG_007,20
ACCAGGCGGTCAAATACCAT_001,130
ACCAGGCGGTCAAATACCAT_002,29
ACCAGGCGGTCAAATACCAT_003,2
ACCAGGCGGTCAAATACCAT_004,198
ACCAGGCGGTCAAATACCAT_005,81
ACCAGGCGGTCAAATACCAT_006,28
ACCAGGCGGTCAAATACCAT_007,113
ACCAGGCGGTCAAATACCAT_008,128
ACCAGGCGGTCAAATACCAT_009,50
ACCAGGCGGTCAAATACCAT_010,16
ACCAGGCGGTCAAATACCAT_011,178
ACCAGGCGGTCAAATACCAT_012,80
ACCAGGCGGTCAAATACCAT_013,155
AGGCTGCGGCAGGGTTCCTG_001,144
AGGCTGCGGCAGGGTTCCTG_002,118
AGGCTGCGGCAGGGTTCCTG_003,70
AGGCTGCGGCAGGGTTCCTG_004,183
AGGCTGCGGCAGGGTTCCTG_005,125
AGGCTGCGGCAGGGTTCCTG_006,102
AGGCTGCGGCAGGGTTCCTG_007,140
AGGCTGCGGCAGGGTTCCTG_008,67
AGGCTGCGGCAGGGTTCCTG_009,177
AGGCTGCGGCAGGGTTCCTG_010,161
AGGCTGCGGCAGGGTTCCTG_011,45
AGGCTGCGGCAGGGTTCCTG_012,180
AGGCTGCGGCAGGGTTCCTG_013,171
AGGCTGCGGCAGGGTTCCTG_014,65
AGGCTGCGGCAGGGTTCCTG_015,180
AGGCTGCGGCAGGGTTCCTG_016,48
AGGCTGCGGCAGGGTTCCTG_017,48
AGGCTGCGGCAGGGTTCCTG_018,29
CAGCTGTTTGAAATCCCGCA_001,173
CAGCTGTTTGAAATCCCGCA_002,188
CAGCTGTTTGAAATCCCGCA_003,77
CAGCTGTTTGAAATCCCGCA_004,69
CAGCTGTTTGAAATCCCGCA_005,133
CAGCTGTTTGAAATCCCGCA_006,76
CAGCTGTTTGAAATCCCGCA_007,95
CAGCTGTTTGAAATCCCGCA_008,103
CAGCTGTTTGAAATCCCGCA_009,6
CAGCTGTTTGAAATCCCGCA_010,113
CAGCTGTTTGAAATCCCGCA_011,121
CAGCTGTTTGAAATCCCGCA_012,127
CAGCTGTTTGAAATCCCGCA_013,160
CAGCTGTTTGAAATCCCGCA_014,190
CAGCTGTTTGAAATCCCGCA_015,166
CAGCTGTTTGAAATCCCGCA_016,161
CAGCTGTTTGAAATCCCGCA_017,74
CGCTTGGCACGGTAGCTCAG_001,41
CGCTTGGCACGGTAGCTCAG_002,181
CGCTTGGCACGGTAGCTCAG_003,119
CGCTTGGCACGGTAGCTCAG_004,176
CGCTTGGCACGGTAGCTCAG_005,28
CGCTTGGCACGGTAGCTCAG_006,142
CGCTTGGCACGGTAGCTCAG_007,166
CGCTTGGCACGGTAGCTCAG_008,56
GTGAAGTATGCCACTTCCGG_001,75
GTGAAGTATGCCACTTCCGG_002,177
GTGAAGTATGCCACTTCCGG_003,173
GTGAAGTATGCCACTTCCGG_004,8
TGTTGTGAATGACGTACTGG_001,175
TGTTGTGAATGACGTACTGG_002,45
TGTTGTGAATGACGTACTGG_003,137
AAGGTTACCACAACTCACGT_001,198
AAGGTTACCACAACTCACGT_002,58
AAGGTTACCACAACTCACGT_003,127
AAGGTTACCACAACTCACGT_004,130
AAGGTTACCACAACTCACGT_005,94
AAGGTTACCACAACTCACGT_006,157
AAGGTTACCACAACTCACGT_007,158
AAGGTTACCACAACTCACGT_008,94
AAGGTTACCACAACTCACGT_009,117
AAGGTTACCACAACTCACGT_010,116
AAGGTTACCACAACTCACGT_011,19
AAGGTTACCACAACTCACGT_012,17
AAGGTTACCACAACTCACGT_013,199
AAGGTTACCACAACTCACGT_014,133
AAGGTTACCACAACTCACGT_015,88
AAGGTTACCACAACTCACGT_016,34
AAGGTTACCACAACTCACGT_017,47
AAGGTTACCACAACTCACGT_018,80
AAGGTTACCACAACTCACGT_019,190
AAGGTTACCACAACTCACGT_020,91
AAGGTTACCACAACTCACGT_021,24
AAGGTTACCACAACTCACGT_022,157
AGCTGGTGCTCATCCCGCTG_001,2
AGCTGGTGCTCATCCCGCTG_002,187
AGCTGGTGCTCATCCCGCTG_003,149
AGCTGGTGCTCATCCCGCTG_004,183
AGCTGGTGCTCATCCCGCTG_005,154
CGGCCTCACGCGCACCCTCG_001,84
CGGCCTCACGCGCACCCTCG_002,150
CGGCCTCACGCGCACCCTCG_003,105
CGGCCTCACGCGCACCCTCG_004,199
CGGCCTCACGCGCACCCTCG_005,17
CGGCCTCACGCGCACCCTCG_006,112
CGGCCTCACGCGCACCCTCG_007,110
CGGCCTCACGCGCACCCTCG_008,44
CGGCCTCACGCGCACCCTCG_009,123
CGGCCTCACGCGCACCCTCG_010,181
CGGCCTCACGCGCACCCTCG_011,41
CGGCCTCACGCGCACCCTCG_012,37
CGGCCTCACGCGCACCCTCG_013,24
CGGCCTCACGCGCACCCTCG_014,56
CGGCCTCACGCGCACCCTCG_015,187
CGGCCTCACGCGCACCCTCG_016,198
CGGCCTCACGCGCACCCTCG_017,48
CGGCCTCACGCGCACCCTCG_018,169
CGGCCTCACGCGCACCCTCG_019,156
CGGCCTCACGCGCACCCTCG_020,156
CGGCCTCACGCGCACCCTCG_021,148
CGGCCTCACGCGCACCCTCG_022,160
CGGCCTCACGCGCACCCTCG_023,19
CGGCCTCACGCGCACCCTCG_024,68
CGGCCTCACGCGCACCCTCG_025,58
CGGCCTCACGCGCACCCTCG_026,170
CGGCCTCACGCGCACCCTCG_027,103
CGGCCTCACGCGCACCCTCG_028,4
CGGCCTCACGCGCACCCTCG_029,15
CGGCCTCACGCGCACCCTCG_030,126
CGGCCTCACGCGCACCCTCG_031,66
CGGCCTCACGCGCACCCTCG_032,142
CGGCCTCACGCGCACCCTCG_033,152
AACGTCTTTGAAGAAAGCTG_001,134
AACGTCTTTGAAGAAAGCTG_002,145
AACGTCTTTGAAGAAAGCTG_003,3
AACGTCTTTGAAGAAAGCTG_004,76
AACGTCTTTGAAGAAAGCTG_005,170
AACGTCTTTGAAGAAAGCTG_006,169
AACGTCTTTGAAGAAAGCTG_007,12
ATGACGGTGGTATAGTGCAA_001,9
ATGACGGTGGTATAGTGCAA_002,32
ATGACGGTGGTATAGTGCAA_003,198
ATGACGGTGGTATAGTGCAA_004,126
ATGACGGTGGTATAGTGCAA_005,48
ATGACGGTGGTATAGTGCAA_006,28
ATGACGGTGGTATAGTGCAA_007,34
TGAGGGACCTGTCTGCACTG_001,158
TGAGGGACCTGTCTGCACTG_002,76
TGAGGGACCTGTCTGCACTG_003,127
TGAGGGACCTGTCTGCACTG_004,5
TGAGGGACCTGTCTGCACTG_005,158
TGAGGGACCTGTCTGCACTG_006,117
TGAGGGACCTGTCTGCACTG_007,166
TGAGGGACCTGTCTGCACTG_008,26
TGAGGGACCTGTCTGCACTG_009,67
TGAGGGACCTGTCTGCACTG_010,197
TGAGGGACCTGTCTGCACTG_011,25
TGAGGGACCTGTCTGCACTG_012,171
TGAGGGACCTGTCTGCACTG_013,75
TGAGGGACCTGTCTGCACTG_014,63
TGAGGGACCTGTCTGCACTG_015,191
TGAGGGACCTGTCTGCACTG_016,150
TGAGGGACCTGTCTGCACTG_017,48
TGAGGGACCTGTCTGCACTG_018,72
TGAGGGACCTGTCTGCACTG_019,159
TGAGGGACCTGTCTGCACTG_020,16
TGAGGGACCTGTCTGCACTG_021,94
TGAGGGACCTGTCTGCACTG_022,183
TGAGGGACCTGTCTGCACTG_023,19
TGAGGGACCTGTCTGCACTG_024,176
TGAGGGACCTGTCTGCACTG_025,103
AAATCTTGTGAACCTCATCG_001,38
AAATCTTGTGAACCTCATCG_002,187
CTCTATGAACAAGAATGCAA_001,23
CTCTATGAACAAGAATGCAA_002,137
CTCTATGAACAAGAATGCAA_003,129
CTCTATGAACAAGAATGCAA_004,162
CTCTATGAACAAGAATGCAA_005,162
CTCTATGAACAAGAATGCAA_006,189
CTCTATGAACAAGAATGCAA_007,163
CTCTATGAACAAGAATGCAA_008,50
CTCTATGAACAAGAATGCAA_009,147
CTCTATGAACAAGAATGCAA_010,83
CTCTATGAACAAGAATGCAA_011,52
CTCTATGAACAAGAATGCAA_012,43
CTCTATGAACAAGAATGCAA_013,157
CTCTATGAACAAGAATGCAA_014,28
ATTATATGAAATATCCGTGG_001,63
ATTATATGAAATATCCGTGG_002,106
TCTGGGAAAACTCCGCACAT_001,48
TCTGGGAAAACTCCGCACAT_002,117
TCTGGGAAAACTCCGCACAT_003,174
TCTGGGAAAACTCCGCACAT_004,11
TCTGGGAAAACTCCGCACAT_005,65
TGCCCAGAGAGTATGCATGA_001,42
TGCCCAGAGAGTATGCATGA_002,8
TGCCCAGAGAGTATGCATGA_003,50
TGCCCAGAGAGTATGCATGA_004,35
TGCCCAGAGAGTATGCATGA_005,88
TGCCCAGAGAGTATGCATGA_006,64
TGCCCAGAGAGTATGCATGA_007,184
TGCCCAGAGAGTATGCATGA_008,160
TGCCCAGAGAGTATGCATGA_009,178
TGCCCAGAGAGTATGCATGA_010,178
TGCCCAGAGAGTATGCATGA_011,26
TGCCCAGAGAGTATGCATGA_012,59
TGCCCAGAGAGTATGCATGA_013,124
TGCCCAGAGAGTATGCATGA_014,69
TGCCCAGAGAGTATGCATGA_015,77
TGCCCAGAGAGTATGCATGA_016,198
TGCCCAGAGAGTATGCATGA_017,162
TGCCCAGAGAGTATGCATGA_018,148
TGCCCAGAGAGTATGCATGA_019,64
TGCCCAGAGAGTATGCATGA_020,47
TGCCCAGAGAGTATGCATGA_021,113
TGCCCAGAGAGTATGCATGA_022,98
TGCCCAGAGAGTATGCATGA_023,116
TGCCCAGAGAGTATGCATGA_024,190
TGCCCAGAGAGTATGCATGA_025,40
TGCCCAGAGAGTATGCATGA_026,15
TGCCCAGAGAGTATGCATGA_027,2
TGCCCAGAGAGTATGCATGA_028,65
TGCCCAGAGAGTATGCATGA_029,85
TGCCCAGAGAGTATGCATGA_030,18
TGCCCAGAGAGTATGCATGA_031,88
TGCCCAGAGAGTATGCATGA_032,181
TGCCCAGAGAGTATGCATGA_033,16
TGCCCAGAGAGTATGCATGA_034,15
TGCCCAGAGAGTATGCATGA_035,2
TGCCCAGAGAGTATGCATGA_036,36
TGCCCAGAGAGTATGCATGA_037,184
TGCCCAGAGAGTATGCATGA_038,56
TGCCCAGAGAGTATGCATGA_039,177
TGCCCAGAGAGTATGCATGA_040,19
CGAGTTCAAATGGATGTGTG_001,108
CGAGTTCAAATGGATGTGTG_002,147
CGAGTTCAAATGGATGTGTG_003,42
CGAGTTCAAATGGATGTGTG_004,185
CGAGTTCAAATGGATGTGTG_005,172
CGAGTTCAAATGGATGTGTG_006,165
CGAGTTCAAATGGATGTGTG_007,184
CGAGTTCAAATGGATGTGTG_008,23
CCTCGCTGCAAGTAAAGATG_001,94
CCTCGCTGCAAGTAAAGATG_002,35
CCTCGCTGCAAGTAAAGATG_003,56
CCTCGCTGCAAGTAAAGATG_004,176
CCTCGCTGCAAGTAAAGATG_005,48
CCTCGCTGCAAGTAAAGATG_006,127
AAAGCAACATACAGACAATG_001,127
AAAGCAACATACAGACAATG_002,169
AAAGCAACATACAGACAATG_003,32
AAAGCAACATACAGACAATG_004,3
AAAGCAACATACAGACAATG_005,89
AAAGCAACATACAGACAATG_006,178
AAAGCAACATACAGACAATG_007,94
AAAGCAACATACAGACAATG_008,106
AAAGCAACATACAGACAATG_009,168
AGAAGCATAATAATACAGAA_001,92
AGAAGCATAATAATACAGAA_002,15
AGAAGCATAATAATACAGAA_003,6
AGAAGCATAATAATACAGAA_004,115
CATTGGATGTGCCTATAGTG_001,85
CATTGGATGTGCCTATAGTG_002,169
CATTGGATGTGCCTATAGTG_003,158
CATTGGATGTGCCTATAGTG_004,106
AAGTGGTATCGAAATTAGAG_001,155
AAGTGGTATCGAAATTAGAG_002,52
AAGTGGTATCGAAATTAGAG_003,188
AAGTGGTATCGAAATTAGAG_004,70
AAGTGGTATCGAAATTAGAG_005,84
AAGTGGTATCGAAATTAGAG_006,124
AAGTGGTATCGAAATTAGAG_007,105
AAGTGGTATCGAAATTAGAG_008,70
AAGTGGTATCGAAATTAGAG_009,194
AAGTGGTATCGAAATTAGAG_010,54
AAGTGGTATCGAAATTAGAG_011,56
AAGTGGTATCGAAATTAGAG_012,5
GGGAGCGAGTAGGACGAGGG_001,158
GGGAGCGAGTAGGACGAGGG_002,13
GGGAGCGAGTAGGACGAGGG_003,116
GGGAGCGAGTAGGACGAGGG_004,78
GGGAGCGAGTAGGACGAGGG_005,74
GGGAGCGAGTAGGACGAGGG_006,150
GGGAGCGAGTAGGACGAGGG_007,88
CTGGATGGTGCAATAATCCG_001,55
CTGGATGGTGCAATAATCCG_002,38
CTGGATGGTGCAATAATCCG_003,147
CTGGATGGTGCAATAATCCG_004,37
CTGGATGGTGCAATAATCCG_005,145
CTGGATGGTGCAATAATCCG_006,78
CTGGATGGTGCAATAATCCG_007,4
CTGGATGGTGCAATAATCCG_008,20
CTGGATGGTGCAATAATCCG_009,126
CTGGATGGTGCAATAATCCG_010,166
CTGGATGGTGCAATAATCCG_011,81
CTGGATGGTGCAATAATCCG_012,127
CTGGATGGTGCAATAATCCG_013,105
TGTATGTGATGTCGGCAGAC_001,123
TGTATGTGATGTCGGCAGAC_002,177
TGTATGTGATGTCGGCAGAC_003,158
TGTATGTGATGTCGGCAGAC_004,196
TGTATGTGATGTCGGCAGAC_005,151
TGTATGTGATGTCGGCAGAC_006,69
TGTATGTGATGTCGGCAGAC_007,102
TTTGACATGTCATTCATGAG_001,78
TTTGACATGTCATTCATGAG_002,91
TTTGACATGTCATTCATGAG_003,41
TTTGACATGTCATTCATGAG_004,170
TTTGACATGTCATTCATGAG_005,40
CACGTCACTAAACACAAAGC_001,135
CACGTCACTAAACACAAAGC_002,184
CACGTCACTAAACACAAAGC_003,33
GCTTCCAGGAAAACTATGCA_001,85
GCTTCCAGGAAAACTATGCA_002,112
GCTTCCAGGAAAACTATGCA_003,192
GCTTCCAGGAAAACTATGCA_004,132
GCTTCCAGGAAAACTATGCA_005,151
GCTTCCAGGAAAACTATGCA_006,79
GCTTCCAGGAAAACTATGCA_007,10
GCTTCCAGGAAAACTATGCA_008,27
GCTTCCAGGAAAACTATGCA_009,130
GGGAGAATCCAGGTTCTGCG_001,145
TGGACGCTGACGGCCACCGG_001,52
TGGACGCTGACGGCCACCGG_002,86
GTGTTACTTCGAGTTAAAGG_001,56
GTGTTACTTCGAGTTAAAGG_002,123
GTGTTACTTCGAGTTAAAGG_003,46
GTGTTACTTCGAGTTAAAGG_004,138
GTGTTACTTCGAGTTAAAGG_005,138
GTGGATCACGGTGGACGTCG_001,148
GTGGATCACGGTGGACGTCG_002,113
GTGGATCACGGTGGACGTCG_003,81
GTGGATCACGGTGGACGTCG_004,116
GTGGATCACGGTGGACGTCG_005,115
GTGGATCACGGTGGACGTCG_006,13
GTGGATCACGGTGGACGTCG_007,40
GTGGATCACGGTGGACGTCG_008,1
GTGGATCACGGTGGACGTCG_009,96
GTGGATCACGGTGGACGTCG_010,30
AGGGCCCGGCGCAATGACAG_001,175
AGGGCCCGGCGCAATGACAG_002,94
GCTGATCCAGCGCACCAATG_001,82
GCTGATCCAGCGCACCAATG_002,0
GCTGATCCAGCGCACCAATG_003,104
GCTGATCCAGCGCACCAATG_004,86
GCTGATCCAGCGCACCAATG_005,47
GCTGATCCAGCGCACCAATG_006,160
GCTGATCCAGCGCACCAATG_007,1
GCTGATCCAGCGCACCAATG_008,92
GCTGATCCAGCGCACCAATG_009,121
GCTGATCCAGCGCACCAATG_010,31
GCTGATCCAGCGCACCAATG_011,61
GCTGATCCAGCGCACCAATG_012,111
GCTGATCCAGCGCACCAATG_013,26
GCTGATCCAGCGCACCAATG_014,198
GCTGATCCAGCGCACCAATG_015,156
GCTGATCCAGCGCACCAATG_016,156
GCTGATCCAGCGCACCAATG_017,56
GCTGATCCAGCGCACCAATG_018,41
GCTGATCCAGCGCACCAATG_019,14
GCTGATCCAGCGCACCAATG_020,147
GCTGATCCAGCGCACCAATG_021,51
GCTGATCCAGCGCACCAATG_022,95
GCTGATCCAGCGCACCAATG_023,92
GCTGATCCAGCGCACCAATG_024,19
GCTGATCCAGCGCACCAATG_025,145
GCTGATCCAGCGCACCAATG_026,144
GCTGATCCAGCGCACCAATG_027,165
GCTGATCCAGCGCACCAATG_028,0
ACAGTGAAATTACAAACCAT_001,102
ACAGTGAAATTACAAACCAT_002,71
ACAGTGAAATTACAAACCAT_003,175
ACAGTGAAATTACAAACCAT_004,117
ACAGTGAAATTACAAACCAT_005,40
ACAGTGAAATTACAAACCAT_006,119
ACAGTGAAATTACAAACCAT_007,14
ACAGTGAAATTACAAACCAT_008,165
ACAGTGAAATTACAAACCAT_009,159
ACAGTGAAATTACAAACCAT_010,38
ACAGTGAAATTACAAACCAT_011,0
ACAGTGAAATTACAAACCAT_012,59
ACAGTGAAATTACAAACCAT_013,155
GTGTGTGGAGAAGTTGGCAC_001,58
GTGTGTGGAGAAGTTGGCAC_002,91
GTGTGTGGAGAAGTTGGCAC_003,124
GTGTGTGGAGAAGTTGGCAC_004,146
GTGTGTGGAGAAGTTGGCAC_005,9
GTGTGTGGAGAAGTTGGCAC_006,35
GACCAGTCCAATAACCCCTG_001,182
GACCAGTCCAATAACCCCTG_002,53
GACCAGTCCAATAACCCCTG_003,166
GACCAGTCCAATAACCCCTG_004,168
GACCAGTCCAATAACCCCTG_005,172
GACCAGTCCAATAACCCCTG_006,83
GACCAGTCCAATAACCCCTG_007,71
GACCAGTCCAATAACCCCTG_008,10
GACCAGTCCAATAACCCCTG_009,80
GACCAGTCCAATAACCCCTG_010,97
CCTGTGCACTGCTTCGTATG_001,66
CCTGTGCACTGCTTCGTATG_002,12
CCTGTGCACTGCTTCGTATG_003,104
CCTGTGCACTGCTTCGTATG_004,64
CCTGTGCACTGCTTCGTATG_005,23
CCTGTGCACTGCTTCGTATG_006,0
CCTGTGCACTGCTTCGTATG_007,89
CCTGTGCACTGCTTCGTATG_008,116
GGCTGAAGCTGAGATGCGGT_001,144
GGCTGAAGCTGAGATGCGGT_002,162
CAGCTTCAGCAATTGCCGGA_001,162
CAGCTTCAGCAATTGCCGGA_002,51
CAGCTTCAGCAATTGCCGGA_003,70
CAGCTTCAGCAATTGCCGGA_004,72
CAGCTTCAGCAATTGCCGGA_005,191
CAGCTTCAGCAATTGCCGGA_006,15
GCCGATATCGCATTGACCCG_001,77
GCCGATATCGCATTGACCCG_002,33
GCCGATATCGCATTGACCCG_003,124
GCCGATATCGCATTGACCCG_004,117
GCCGATATCGCATTGACCCG_005,105
GCCGATATCGCATTGACCCG_006,120
GCCGATATCGCATTGACCCG_007,150
GCCGATATCGCATTGACCCG_008,170
GCCGATATCGCATTGACCCG_009,62
GGCCTGTGTGGGAATTACAA_001,181
GGCCTGTGTGGGAATTACAA_002,7
GGCCTGTGTGGGAATTACAA_003,176
GGCCTGTGTGGGAATTACAA_004,75
GGCCTGTGTGGGAATTACAA_005,102
GGCCTGTGTGGGAATTACAA_006,168
GGCCTGTGTGGGAATTACAA_007,107
GGCCTGTGTGGGAATTACAA_008,170
GGCCTGTGTGGGAATTACAA_009,92
GGCCTGTGTGGGAATTACAA_010,95
GGCCTGTGTGGGAATTACAA_011,27
GGCCTGTGTGGGAATTACAA_012,160
GGCCTGTGTGGGAATTACAA_013,61
GGCCTGTGTGGGAATTACAA_014,63
CAGCTGCAAGAAGTTCACGT_001,139
CAGCTGCAAGAAGTTCACGT_002,144
CAGCTGCAAGAAGTTCACGT_003,2
CAGCTGCAAGAAGTTCACGT_004,149
CAGCTGCAAGAAGTTCACGT_005,130
CAGCTGCAAGAAGTTCACGT_006,53
CAGCTGCAAGAAGTTCACGT_007,121
CAGCTGCAAGAAGTTCACGT_008,1
CAGCTGCAAGAAGTTCACGT_009,116
CAGCTGCAAGAAGTTCACGT_010,120
CAGCTGCAAGAAGTTCACGT_011,145
CAGCTGCAAGAAGTTCACGT_012,2
CAGCTGCAAGAAGTTCACGT_013,151
CAGCTGCAAGAAGTTCACGT_014,193
CAGCTGCAAGAAGTTCACGT_015,0
CAGCTGCAAGAAGTTCACGT_016,108
CAGCTGCAAGAAGTTCACGT_017,2
CAGCTGCAAGAAGTTCACGT_018,118
CAGCTGCAAGAAGTTCACGT_019,147
TCACGGCTTCCTCGTAAGTG_001,119
TCACGGCTTCCTCGTAAGTG_002,137
TCACGGCTTCCTCGTAAGTG_003,18
TCACGGCTTCCTCGTAAGTG_004,17
TCACGGCTTCCTCGTAAGTG_005,2
TCACGGCTTCCTCGTAAGTG_006,145
TCACGGCTTCCTCGTAAGTG_007,103
TCACGGCTTCCTCGTAAGTG_008,166
TCACGGCTTCCTCGTAAGTG_009,35
TCACGGCTTCCTCGTAAGTG_010,87
GCTCTGTTTAGAAGATGACA_001,48
GCTCTGTTTAGAAGATGACA_002,94
TCTCTTACCACAGCATTGAG_001,8
TCTCTTACCACAGCATTGAG_002,49
TGTCAGTTGCAATATTCCTG_001,169
TGTCAGTTGCAATATTCCTG_002,40
TGTCAGTTGCAATATTCCTG_003,77
TGTCAGTTGCAATATTCCTG_004,31
TGTCAGTTGCAATATTCCTG_005,184
TGTCAGTTGCAATATTCCTG_006,195
TGTCAGTTGCAATATTCCTG_007,161
TGTCAGTTGCAATATTCCTG_008,30
TGTCAGTTGCAATATTCCTG_009,198
TGTCAGTTGCAATATTCCTG_010,174
TGTCAGTTGCAATATTCCTG_011,185
TGTCAGTTGCAATATTCCTG_012,5
TGTCAGTTGCAATATTCCTG_013,155
TCAAATACCAGAAGGCCACA_001,40
TCAAATACCAGAAGGCCACA_002,15
TCAAATACCAGAAGGCCACA_003,116
TCAAATACCAGAAGGCCACA_004,194
AACCAGCATCCATAGACATG_001,191
AACCAGCATCCATAGACATG_002,170
AACCAGCATCCATAGACATG_003,170
AACCAGCATCCATAGACATG_004,190
AACCAGCATCCATAGACATG_005,192
AACCAGCATCCATAGACATG_006,119
AACCAGCATCCATAGACATG_007,141
AACCAGCATCCATAGACATG_008,115
AACCAGCATCCATAGACATG_009,29
AACCAGCATCCATAGACATG_010,77
AACCAGCATCCATAGACATG_011,94
AACCAGCATCCATAGACATG_012,177
AACCAGCATCCATAGACATG_013,158
AACCAGCATCCATAGACATG_014,1
AACCAGCATCCATAGACATG_015,81
AACCAGCATCCATAGACATG_016,153
AACCAGCATCCATAGACATG_017,77
GATGGGGTGTTCACCCACTC_001,163
GATGGGGTGTTCACCCACTC_002,74
GATGGGGTGTTCACCCACTC_003,137
GATGGGGTGTTCACCCACTC_004,66
GATGGGGTGTTCACCCACTC_005,75
GATGGGGTGTTCACCCACTC_006,68
GATGGGGTGTTCACCCACTC_007,191
GATGGGGTGTTCACCCACTC_008,61
GATGGGGTGTTCACCCACTC_009,126
GATGGGGTGTTCACCCACTC_010,10
GATGGGGTGTTCACCCACTC_011,19
GATGGGGTGTTCACCCACTC_012,19
GCGTAATGGTTCACGTTGAT_001,191
GCGTAATGGTTCACGTTGAT_002,62
GCGTAATGGTTCACGTTGAT_003,105
GCGTAATGGTTCACGTTGAT_004,1
GCGTAATGGTTCACGTTGAT_005,176
GCGTAATGGTTCACGTTGAT_006,95
GCGTAATGGTTCACGTTGAT_007,148
GCGTAATGGTTCACGTTGAT_008,191
GCGTAATGGTTCACGTTGAT_009,57
GCGTAATGGTTCACGTTGAT_010,186
GCGTAATGGTTCACGTTGAT_011,9
GCGTAATGGTTCACGTTGAT_012,107
GCGTAATGGTTCACGTTGAT_013,140
TAAGCACTCATTGCAGACTC_001,22
TAAGCACTCATTGCAGACTC_002,183
TAAGCACTCATTGCAGACTC_003,4
CTGGATCTCTACCAGCAATG_001,140
CTGGATCTCTACCAGCAATG_002,41
CTGGATCTCTACCAGCAATG_003,141
GAAGTAAAGGCACTCCACCA_001,70
GAAGTAAAGGCACTCCACCA_002,62
GAAGTAAAGGCACTCCACCA_003,198
GAAGTAAAGGCACTCCACCA_004,85
GAAGTAAAGGCACTCCACCA_005,133
GAAGTAAAGGCACTCCACCA_006,29
GAAGTAAAGGCACTCCACCA_007,120
GAAGTAAAGGCACTCCACCA_008,192
GAAGTAAAGGCACTCCACCA_009,77
GAAGTAAAGGCACTCCACCA_010,113
GAAGTAAAGGCACTCCACCA_011,176
GAAGTAAAGGCACTCCACCA_012,60
GAAGTAAAGGCACTCCACCA_013,60
GAAGTAAAGGCACTCCACCA_014,1
GAAGTAAAGGCACTCCACCA_015,125
GAAGTAAAGGCACTCCACCA_016,176
GAAGTAAAGGCACTCCACCA_017,81
GAAGTAAAGGCACTCCACCA_018,188
GAAGTAAAGGCACTCCACCA_019,72
GAAGTAAAGGCACTCCACCA_020,149
GAAGTAAAGGCACTCCACCA_021,106
GAAGTAAAGGCACTCCACCA_022,144
GAAGTAAAGGCACTCCACCA_023,16
GAAGTAAAGGCACTCCACCA_024,65
GAAGTAAAGGCACTCCACCA_025,146
GAAGTAAAGGCACTCCACCA_026,98
GAAGTAAAGGCACTCCACCA_027,10
GAAGTAAAGGCACTCCACCA_028,45
GAAGTAAAGGCACTCCACCA_029,142
GAAGTAAAGGCACTCCACCA_030,58
GAAGTAAAGGCACTCCACCA_031,57
GAAGTAAAGGCACTCCACCA_032,31
GAAGTAAAGGCACTCCACCA_033,48
TGCAGTAGATGGGAGACAAG_001,37
TGCAGTAGATGGGAGACAAG_002,160
TGCAGTAGATGGGAGACAAG_003,108
TGCAGTAGATGGGAGACAAG_004,164
TGCAGTAGATGGGAGACAAG_005,8
TGCAGTAGATGGGAGACAAG_006,152
TGCAGTAGATGGGAGACAAG_007,116
GCTGAGTGCGATGTCACTGA_001,76
GCTGAGTGCGATGTCACTGA_002,162
GCTGAGTGCGATGTCACTGA_003,141
GCTGAGTGCGATGTCACTGA_004,42
GCTGAGTGCGATGTCACTGA_005,150
GCTGAGTGCGATGTCACTGA_006,48
TCAATAATGCTCCTGGACAG_001,171
TCAATAATGCTCCTGGACAG_002,158
TCAATAATGCTCCTGGACAG_003,76
TCAATAATGCTCCTGGACAG_004,73
TCAATAATGCTCCTGGACAG_005,187
TGTAACTCATAGGTCATGAG_001,142
GAGGCACAGGATGACGTAGG_001,48
GAGGCACAGGATGACGTAGG_002,52
GAGGCACAGGATGACGTAGG_003,5
GAGGCACAGGATGACGTAGG_004,77
GAGGCACAGGATGACGTAGG_005,161
GAGGCACAGGATGACGTAGG_006,47
GAGGCACAGGATGACGTAGG_007,82
GAGGCACAGGATGACGTAGG_008,150
ATGAAAACTATCGCCTATGG_001,105
ATGAAAACTATCGCCTATGG_002,130
GATGAGCACCAGACTTAAGC_001,46
GATGAGCACCAGACTTAAGC_002,23
GATGAGCACCAGACTTAAGC_003,23
GATGAGCACCAGACTTAAGC_004,60
GATGAGCACCAGACTTAAGC_005,11
AGGACACCGAGAAGGCTCAG_001,68
AGGACACCGAGAAGGCTCAG_002,54
AGGACACCGAGAAGGCTCAG_003,2
AGGACACCGAGAAGGCTCAG_004,182
AGGACACCGAGAAGGCTCAG_005,116
AGGACACCGAGAAGGCTCAG_006,170
AGGACACCGAGAAGGCTCAG_007,107
AGGACACCGAGAAGGCTCAG_008,189
AGGACACCGAGAAGGCTCAG_009,48
AGGACACCGAGAAGGCTCAG_010,60
AGGACACCGAGAAGGCTCAG_011,70
AGGACACCGAGAAGGCTCAG_012,53
AGGACACCGAGAAGGCTCAG_013,57
AGGACACCGAGAAGGCTCAG_014,17
AGGACACCGAGAAGGCTCAG_015,55
AGGACACCGAGAAGGCTCAG_016,59
AGGACACCGAGAAGGCTCAG_017,188
AGGACACCGAGAAGGCTCAG_018,197
AGGACACCGAGAAGGCTCAG_019,185
AGGACACCGAGAAGGCTCAG_020,129
AGGACACCGAGAAGGCTCAG_021,142
AGGACACCGAGAAGGCTCAG_022,162
AGGACACCGAGAAGGCTCAG_023,82
AGGACACCGAGAAGGCTCAG_024,167
AGGACACCGAGAAGGCTCAG_025,88
AGGACACCGAGAAGGCTCAG_026,34
AGGACACCGAGAAGGCTCAG_027,117
AGGACACCGAGAAGGCTCAG_028,198
AGGACACCGAGAAGGCTCAG_029,28
AGGACACCGAGAAGGCTCAG_030,159
AGGACACCGAGAAGGCTCAG_031,149
AGGACACCGAGAAGGCTCAG_032,51
AGGACACCGAGAAGGCTCAG_033,88
AGGACACCGAGAAGGCTCAG_034,112
AGGACACCGAGAAGGCTCAG_035,160
AGGACACCGAGAAGGCTCAG_036,59
AGGACACCGAGAAGGCTCAG_037,128
AGGACACCGAGAAGGCTCAG_038,72
TGACACTTACTACTCGGCAT_001,8
TGACACTTACTACTCGGCAT_002,94
TGACACTTACTACTCGGCAT_003,75
TGACACTTACTACTCGGCAT_004,45
TGACACTTACTACTCGGCAT_005,150
TGACACTTACTACTCGGCAT_006,117
TGACACTTACTACTCGGCAT_007,41
TGACACTTACTACTCGGCAT_008,175
TGACACTTACTACTCGGCAT_009,169
TGACACTTACTACTCGGCAT_010,188
TGACACTTACTACTCGGCAT_011,63
TGACACTTACTACTCGGCAT_012,106
TGACACTTACTACTCGGCAT_013,6
TGACACTTACTACTCGGCAT_014,6
TGACACTTACTACTCGGCAT_015,123
ATTATGTGGACCTCATCGGG_001,145
ATTATGTGGACCTCATCGGG_002,77
ATTATGTGGACCTCATCGGG_003,29
ATTATGTGGACCTCATCGGG_004,43
ATTATGTGGACCTCATCGGG_005,150
ATTATGTGGACCTCATCGGG_006,103
ATTATGTGGACCTCATCGGG_007,125
ATTATGTGGACCTCATCGGG_008,48
ATTATGTGGACCTCATCGGG_009,27
ATTATGTGGACCTCATCGGG_010,130
ATTATGTGGACCTCATCGGG_011,65
ATGCAGCTATACTTATAACA_001,68
AGTGAAGAGGGAATCAGACG_001,153
AGTGAAGAGGGAATCAGACG_002,159
AGTGAAGAGGGAATCAGACG_003,137
AGTGAAGAGGGAATCAGACG_004,141
AGTGAAGAGGGAATCAGACG_005,181
AGTGAAGAGGGAATCAGACG_006,76
AGTGAAGAGGGAATCAGACG_007,113
AGTGAAGAGGGAATCAGACG_008,62
AGTGAAGAGGGAATCAGACG_009,122
AGTGAAGAGGGAATCAGACG_010,194
AGTGAAGAGGGAATCAGACG_011,188
CCCTTGACTAGACTGCAGCG_001,81
CCCTTGACTAGACTGCAGCG_002,58
CCCTTGACTAGACTGCAGCG_003,181
CCCTTGACTAGACTGCAGCG_004,115
CCCTTGACTAGACTGCAGCG_005,195
CCCTTGACTAGACTGCAGCG_006,8
CCCTTGACTAGACTGCAGCG_007,68
CCCTTGACTAGACTGCAGCG_008,121
CCCTTGACTAGACTGCAGCG_009,149
CCCTTGACTAGACTGCAGCG_010,199
AGTCAACACACCATCCTGGA_001,182
AGTCAACACACCATCCTGGA_002,138
GGCCGGGGGATCAGAACCCG_001,121
GGCCGGGGGATCAGAACCCG_002,46
GGCCGGGGGATCAGAACCCG_003,96
GGCCGGGGGATCAGAACCCG_004,57
GGCCGGGGGATCAGAACCCG_005,43
GGTATTTGAGCACCAGCCCT_001,152
GGTATTTGAGCACCAGCCCT_002,72
GGTATTTGAGCACCAGCCCT_003,126
GGTATTTGAGCACCAGCCCT_004,152
GGTATTTGAGCACCAGCCCT_005,102
GGTATTTGAGCACCAGCCCT_006,98
GGTATTTGAGCACCAGCCCT_007,65
GGTATTTGAGCACCAGCCCT_008,177
GGTATTTGAGCACCAGCCCT_009,81
GGTATTTGAGCACCAGCCCT_010,106
GGTATTTGAGCACCAGCCCT_011,16
GGTATTTGAGCACCAGCCCT_012,161
GGTATTTGAGCACCAGCCCT_013,80
GGTATTTGAGCACCAGCCCT_014,165
GGTATTTGAGCACCAGCCCT_015,136
CATCGGAAGATTCATGCTAG_001,76
CATCGGAAGATTCATGCTAG_002,109
CATCGGAAGATTCATGCTAG_003,96
CATCGGAAGATTCATGCTAG_004,24
CATCGGAAGATTCATGCTAG_005,119
CATCGGAAGATTCATGCTAG_006,58
CATCGGAAGATTCATGCTAG_007,16
CATCGGAAGATTCATGCTAG_008,27
TGGCAGACCTTAGACCTCAC_001,157
TGGCAGACCTTAGACCTCAC_002,141
TGGCAGACCTTAGACCTCAC_003,189
TCTGGGGGACTCCTTTACAG_001,8
TCTGGGGGACTCCTTTACAG_002,88
TCTGGGGGACTCCTTTACAG_003,164
TCTGGGGGACTCCTTTACAG_004,153
TCTGGGGGACTCCTTTACAG_005,62
TCTGGGGGACTCCTTTACAG_006,149
TCTGGGGGACTCCTTTACAG_007,41
TCTGGGGGACTCCTTTACAG_008,163
TCTGGGGGACTCCTTTACAG_009,1
TCTGGGGGACTCCTTTACAG_010,198
TCTGGGGGACTCCTTTACAG_011,147
TCTGGGGGACTCCTTTACAG_012,105
TCTGGGGGACTCCTTTACAG_013,60
TCTGGGGGACTCCTTTACAG_014,97
TCTTACGGCTACAATTACAA_001,5
TCTTACGGCTACAATTACAA_002,33
TCTTACGGCTACAATTACAA_003,112
GAGTACTGGAAACAACATCC_001,58
GAGTACTGGAAACAACATCC_002,11
GAGTACTGGAAACAACATCC_003,122
GAGTACTGGAAACAACATCC_004,44
AGCACACAATAGAGCACCAG_001,29
AGCACACAATAGAGCACCAG_002,130
AGCACACAATAGAGCACCAG_003,94
AGCACACAATAGAGCACCAG_004,68
AGCACACAATAGAGCACCAG_005,188
AGCACACAATAGAGCACCAG_006,182
AGCACACAATAGAGCACCAG_007,35
AGCACACAATAGAGCACCAG_008,84
AGCACACAATAGAGCACCAG_009,178
AGCACACAATAGAGCACCAG_010,103
AGCACACAATAGAGCACCAG_011,50
AGCACACAATAGAGCACCAG_012,94
AGCACACAATAGAGCACCAG_013,81
AGCACACAATAGAGCACCAG_014,141
AGCACACAATAGAGCACCAG_015,76
AGCACACAATAGAGCACCAG_016,94
AGCACACAATAGAGCACCAG_017,18
AGCACACAATAGAGCACCAG_018,16
AGCACACAATAGAGCACCAG_019,158
AGCACACAATAGAGCACCAG_020,5
CCAGGGAAATGTAGCCACGG_001,75
CCAGGGAAATGTAGCCACGG_002,147
CCAGGGAAATGTAGCCACGG_003,158
CCAGGGAAATGTAGCCACGG_004,118
CCAGGGAAATGTAGCCACGG_005,27
CCAGGGAAATGTAGCCACGG_006,126
GACTGCCGCCATGTAGACAG_001,130
GACTGCCGCCATGTAGACAG_002,15
GACTGCCGCCATGTAGACAG_003,69
GACTGCCGCCATGTAGACAG_004,43
GACTGCCGCCATGTAGACAG_005,43
GACATGGTGAAAGATGTCAT_001,178
GACATGGTGAAAGATGTCAT_002,29
GACATGGTGAAAGATGTCAT_003,20
GACATGGTGAAAGATGTCAT_004,184
GACATGGTGAAAGATGTCAT_005,50
GACATGGTGAAAGATGTCAT_006,42
TGTGAAGGCCGCGCAGAACG_001,196
TGTGAAGGCCGCGCAGAACG_002,19
TGTGAAGGCCGCGCAGAACG_003,155
TGTGAAGGCCGCGCAGAACG_004,86
GCCGGTGATGTAGACGAAAG_001,53
GCCGGTGATGTAGACGAAAG_002,169
GCCGGTGATGTAGACGAAAG_003,141
ATAAGGAATAGATTCCGCTG_001,22
ATAAGGAATAGATTCCGCTG_002,80
ATAAGGAATAGATTCCGCTG_003,48
ATAAGGAATAGATTCCGCTG_004,176
ATAAGGAATAGATTCCGCTG_005,196
TACTCTCAACAAGTTCACAG_001,190
TACTCTCAACAAGTTCACAG_002,24
TACTCTCAACAAGTTCACAG_003,169
TACTCTCAACAAGTTCACAG_004,152
TACTCTCAACAAGTTCACAG_005,5
TACTCTCAACAAGTTCACAG_006,119
TACTCTCAACAAGTTCACAG_007,60
TACTCTCAACAAGTTCACAG_008,49
TACTCTCAACAAGTTCACAG_009,183
TACTCTCAACAAGTTCACAG_010,69
TACTCTCAACAAGTTCACAG_011,144
TACTCTCAACAAGTTCACAG_012,10
TACTCTCAACAAGTTCACAG_013,35
GAGTTCCCCAGGACTTATGG_001,137
GAGTTCCCCAGGACTTATGG_002,94
GAGTTCCCCAGGACTTATGG_003,102
GAGTTCCCCAGGACTTATGG_004,159
GAGTTCCCCAGGACTTATGG_005,197
GAGTTCCCCAGGACTTATGG_006,72
GAGTTCCCCAGGACTTATGG_007,184
GAGTTCCCCAGGACTTATGG_008,102
GAGTTCCCCAGGACTTATGG_009,198
ACATCGACACAGTGATGGCG_001,110
ACATCGACACAGTGATGGCG_002,74
ACATCGACACAGTGATGGCG_003,78
ACATCGACACAGTGATGGCG_004,168
ACATCGACACAGTGATGGCG_005,138
ACATCGACACAGTGATGGCG_006,127
ACATCGACACAGTGATGGCG_007,145
ACATCGACACAGTGATGGCG_008,68
AGGGTGCACGAGGTTCCGAA_001,78
AGGGTGCACGAGGTTCCGAA_002,148
AGGGTGCACGAGGTTCCGAA_003,102
AGGGTGCACGAGGTTCCGAA_004,149
AGGGTGCACGAGGTTCCGAA_005,105
AGGGTGCACGAGGTTCCGAA_006,160
AGGGTGCACGAGGTTCCGAA_007,12
AGGGTGCACGAGGTTCCGAA_008,14
AGGGTGCACGAGGTTCCGAA_009,145
AGGGTGCACGAGGTTCCGAA_010,80
AGGGTGCACGAGGTTCCGAA_011,184
AGGGTGCACGAGGTTCCGAA_012,169
AGGGTGCACGAGGTTCCGAA_013,56
AGGGTGCACGAGGTTCCGAA_014,23
AGGGTGCACGAGGTTCCGAA_015,23
AGGGTGCACGAGGTTCCGAA_016,3
AGGGTGCACGAGGTTCCGAA_017,154
AGGGTGCACGAGGTTCCGAA_018,54
AGGGTGCACGAGGTTCCGAA_019,85
AGGGTGCACGAGGTTCCGAA_020,113
AGGGTGCACGAGGTTCCGAA_021,48
AGGGTGCACGAGGTTCCGAA_022,88
AGGGTGCACGAGGTTCCGAA_023,94
AGGGTGCACGAGGTTCCGAA_024,27
AGGGTGCACGAGGTTCCGAA_025,15
AGGGTGCACGAGGTTCCGAA_026,115
AGGGTGCACGAGGTTCCGAA_027,127
AGGGTGCACGAGGTTCCGAA_028,35
AGGGTGCACGAGGTTCCGAA_029,137
AGGGTGCACGAGGTTCCGAA_030,76
AGGGTGCACGAGGTTCCGAA_031,169
AGGGTGCACGAGGTTCCGAA_032,26
AGGGTGCACGAGGTTCCGAA_033,137
AGGGTGCACGAGGTTCCGAA_034,182
AGGGTGCACGAGGTTCCGAA_035,191
AGGGTGCACGAGGTTCCGAA_036,15
AGGGTGCACGAGGTTCCGAA_037,134
AGGGTGCACGAGGTTCCGAA_038,59
AGGGTGCACGAGGTTCCGAA_039,185
AGGGTGCACGAGGTTCCGAA_040,175
AGGGTGCACGAGGTTCCGAA_041,152
AGGGTGCACGAGGTTCCGAA_042,11
AGGGTGCACGAGGTTCCGAA_043,16
AGGGTGCACGAGGTTCCGAA_044,118
AGGGTGCACGAGGTTCCGAA_045,14
AGGGTGCACGAGGTTCCGAA_046,6
CTGGACAAGATCATCAACGG_001,97
CTGGACAAGATCATCAACGG_002,169
CTGGACAAGATCATCAACGG_003,17
CTGGACAAGATCATCAACGG_004,49
CTGGACAAGATCATCAACGG_005,80
CTGGACAAGATCATCAACGG_006,147
CTGGACAAGATCATCAACGG_007,50
CTGGACAAGATCATCAACGG_008,170
CTGGACAAGATCATCAACGG_009,58
CTGGACAAGATCATCAACGG_010,52
CTGGACAAGATCATCAACGG_011,91
TGAGGCTGGACACTAACACG_001,32
TGAGGCTGGACACTAACACG_002,53
TGAGGCTGGACACTAACACG_003,126
TGAGGCTGGACACTAACACG_004,0
TGAGGCTGGACACTAACACG_005,9
TGAGGCTGGACACTAACACG_006,38
GCGGACTCAGGTCAAGCTGA_001,0
GCGGACTCAGGTCAAGCTGA_002,33
GCGGACTCAGGTCAAGCTGA_003,83
GCGGACTCAGGTCAAGCTGA_004,23
GCGGACTCAGGTCAAGCTGA_005,159
GCGGACTCAGGTCAAGCTGA_006,198
GCGGACTCAGGTCAAGCTGA_007,156
GCGGACTCAGGTCAAGCTGA_008,14
GCGGACTCAGGTCAAGCTGA_009,194
GCGGACTCAGGTCAAGCTGA_010,78
GCGGACTCAGGTCAAGCTGA_011,9
GCGGACTCAGGTCAAGCTGA_012,123
GCGGACTCAGGTCAAGCTGA_013,148
GCGGACTCAGGTCAAGCTGA_014,101
GCGGACTCAGGTCAAGCTGA_015,127
GCGGACTCAGGTCAAGCTGA_016,141
GCGGACTCAGGTCAAGCTGA_017,19
GCGGACTCAGGTCAAGCTGA_018,113
GCGGACTCAGGTCAAGCTGA_019,187
GCGGACTCAGGTCAAGCTGA_020,142
GCGGACTCAGGTCAAGCTGA_021,170
GCGGACTCAGGTCAAGCTGA_022,41
GCGGACTCAGGTCAAGCTGA_023,187
GCGGACTCAGGTCAAGCTGA_024,74
GCGGACTCAGGTCAAGCTGA_025,54
GCGGACTCAGGTCAAGCTGA_026,193
GCGGACTCAGGTCAAGCTGA_027,149
GCGGACTCAGGTCAAGCTGA_028,46
GCGGACTCAGGTCAAGCTGA_029,9
GCGGACTCAGGTCAAGCTGA_030,74
GCGGACTCAGGTCAAGCTGA_031,63
CGTCTTAAGTATCCTTGCAC_001,16
CGTCTTAAGTATCCTTGCAC_002,73
TCATGATCAGCCGCACACTG_001,194
TCATGATCAGCCGCACACTG_002,144
TCATGATCAGCCGCACACTG_003,172
TCATGATCAGCCGCACACTG_004,12
TCATGATCAGCCGCACACTG_005,130
TCATGATCAGCCGCACACTG_006,129
TCATGATCAGCCGCACACTG_007,40
TCATGATCAGCCGCACACTG_008,177
TCATGATCAGCCGCACACTG_009,174
TCATGATCAGCCGCACACTG_010,43
TCATGATCAGCCGCACACTG_011,178
TCATGATCAGCCGCACACTG_012,112
TCATGATCAGCCGCACACTG_013,70
TCATGATCAGCCGCACACTG_014,24
TCATGATCAGCCGCACACTG_015,156
TCATGATCAGCCGCACACTG_016,105
TCATGATCAGCCGCACACTG_017,73
TCATGATCAGCCGCACACTG_018,30
TCATGATCAGCCGCACACTG_019,162
TCATGATCAGCCGCACACTG_020,160
TCATGATCAGCCGCACACTG_021,95
TCATGATCAGCCGCACACTG_022,57
TCATGATCAGCCGCACACTG_023,81
TCATGATCAGCCGCACACTG_024,198
TCATGATCAGCCGCACACTG_025,14
GGTCCTGTTCGACTGTGACG_001,176
GGTCCTGTTCGACTGTGACG_002,130
GGTCCTGTTCGACTGTGACG_003,63
GGTCCTGTTCGACTGTGACG_004,51
GGTCCTGTTCGACTGTGACG_005,12
GGTCCTGTTCGACTGTGACG_006,154
GGTCCTGTTCGACTGTGACG_007,3
GGTCCTGTTCGACTGTGACG_008,54
GGTCCTGTTCGACTGTGACG_009,185
GGTCCTGTTCGACTGTGACG_010,163
GGTCCTGTTCGACTGTGACG_011,26
GGTCCTGTTCGACTGTGACG_012,89
GGTCCTGTTCGACTGTGACG_013,25
GGTCCTGTTCGACTGTGACG_014,11
GGTCCTGTTCGACTGTGACG_015,7
GGTCCTGTTCGACTGTGACG_016,145
GGTCCTGTTCGACTGTGACG_017,145
GGTCCTGTTCGACTGTGACG_018,105
GGTCCTGTTCGACTGTGACG_019,141
GGTCCTGTTCGACTGTGACG_020,85
GGTCCTGTTCGACTGTGACG_021,199
GGTCCTGTTCGACTGTGACG_022,73
GGTCCTGTTCGACTGTGACG_023,86
GGTCCTGTTCGACTGTGACG_024,86
GGTCCTGTTCGACTGTGACG_025,19
GGTCCTGTTCGACTGTGACG_026,14
GGTCCTGTTCGACTGTGACG_027,102
GGTCCTGTTCGACTGTGACG_028,41
GGTCCTGTTCGACTGTGACG_029,148
GGTCCTGTTCGACTGTGACG_030,152
GGTCCTGTTCGACTGTGACG_031,43
GGTCCTGTTCGACTGTGACG_032,136
GGTCCTGTTCGACTGTGACG_033,47
TGGCGTTTGTATTTCCGACG_001,30
TGGCGTTTGTATTTCCGACG_002,1
GAGACCACTACCTTCATGGA_001,63
GAGACCACTACCTTCATGGA_002,54
GAGACCACTACCTTCATGGA_003,167
TTGGTGAAATCAGAATTAGA_001,48
TTGGTGAAATCAGAATTAGA_002,136
TTGGTGAAATCAGAATTAGA_003,79
AAGATGGCTAAAAATTGGAG_001,70
AAGATGGCTAAAAATTGGAG_002,85
AAGATGGCTAAAAATTGGAG_003,12
AAGATGGCTAAAAATTGGAG_004,89
AAGATGGCTAAAAATTGGAG_005,147
AAGATGGCTAAAAATTGGAG_006,68
AAGATGGCTAAAAATTGGAG_007,144
AAGATGGCTAAAAATTGGAG_008,87
AAGATGGCTAAAAATTGGAG_009,163
AAGATGGCTAAAAATTGGAG_010,77
GGCACAGTCGTCACTACCAT_001,166
GGCACAGTCGTCACTACCAT_002,171
GGCACAGTCGTCACTACCAT_003,88
GGCACAGTCGTCACTACCAT_004,199
GGCACAGTCGTCACTACCAT_005,146
GGCACAGTCGTCACTACCAT_006,51
GGCACAGTCGTCACTACCAT_007,122
GGCACAGTCGTCACTACCAT_008,29
GGCACAGTCGTCACTACCAT_009,144
GGCACAGTCGTCACTACCAT_010,121
GGCACAGTCGTCACTACCAT_011,44
GGCACAGTCGTCACTACCAT_012,168
GGCACAGTCGTCACTACCAT_013,5
GGCACAGTCGTCACTACCAT_014,5
GGCACAGTCGTCACTACCAT_015,101
GGCACAGTCGTCACTACCAT_016,158
GGCACAGTCGTCACTACCAT_017,178
GGGCTGGAGTTCAAAAGAGT_001,16
GGGCTGGAGTTCAAAAGAGT_002,161
GGGCTGGAGTTCAAAAGAGT_003,47
AATCTCACTAGCCCTAAAAG_001,21
AATCTCACTAGCCCTAAAAG_002,147
AATCTCACTAGCCCTAAAAG_003,147
AATCTCACTAGCCCTAAAAG_004,86
AATCTCACTAGCCCTAAAAG_005,81
AATCTCACTAGCCCTAAAAG_006,19
GTATGAACCGGACCATAACC_001,122
GTATGAACCGGACCATAACC_002,140
GTATGAACCGGACCATAACC_003,15
GTATGAACCGGACCATAACC_004,82
GTATGAACCGGACCATAACC_005,114
GTATGAACCGGACCATAACC_006,67
GTATGAACCGGACCATAACC_007,113
GTATGAACCGGACCATAACC_008,98
GTATGAACCGGACCATAACC_009,53
GTATGAACCGGACCATAACC_010,2
GTATGAACCGGACCATAACC_011,2
GTATGAACCGGACCATAACC_012,24
GTATGAACCGGACCATAACC_013,24
GTATGAACCGGACCATAACC_014,189
GTATGAACCGGACCATAACC_015,14
GTATGAACCGGACCATAACC_016,117
GTATGAACCGGACCATAACC_017,63
ACTCACGACCACAGTAGACG_001,77
ACTCACGACCACAGTAGACG_002,47
ACTCACGACCACAGTAGACG_003,62
ACTCACGACCACAGTAGACG_004,97
ACTCACGACCACAGTAGACG_005,44
ACTCACGACCACAGTAGACG_006,22
ACTCACGACCACAGTAGACG_007,13
ACTCACGACCACAGTAGACG_008,10
ACTCACGACCACAGTAGACG_009,112
ACTCACGACCACAGTAGACG_010,49
ACTCACGACCACAGTAGACG_011,172
ACTCACGACCACAGTAGACG_012,50
ACTCACGACCACAGTAGACG_013,168
ACTCACGACCACAGTAGACG_014,188
ACTCACGACCACAGTAGACG_015,176
ACTCACGACCACAGTAGACG_016,11
ACTCACGACCACAGTAGACG_017,130
TAATGAGGGTGTATTGCAAG_001,17
TAATGAGGGTGTATTGCAAG_002,43
TAATGAGGGTGTATTGCAAG_003,94
TAATGAGGGTGTATTGCAAG_004,160
TAATGAGGGTGTATTGCAAG_005,31
TAATGAGGGTGTATTGCAAG_006,195
TAATGAGGGTGTATTGCAAG_007,104
TAATGAGGGTGTATTGCAAG_008,177
TAATGAGGGTGTATTGCAAG_009,72
TAATGAGGGTGTATTGCAAG_010,163
GGTGCACCAGCACGACGTAG_001,52
GGTGCACCAGCACGACGTAG_002,33
GGTGCACCAGCACGACGTAG_003,172
GGTGCACCAGCACGACGTAG_004,12
GGTGCACCAGCACGACGTAG_005,162
TGCAGGTAAAAGAGTGTTTG_001,16
TGCAGGTAAAAGAGTGTTTG_002,12
TGCAGGTAAAAGAGTGTTTG_003,191
TGCAGGTAAAAGAGTGTTTG_004,29
TGCAGGTAAAAGAGTGTTTG_005,83
TGCAGGTAAAAGAGTGTTTG_006,173
TGCAGGTAAAAGAGTGTTTG_007,52
TGCAGGTAAAAGAGTGTTTG_008,6
CGTACGGGACACGATCGCCA_001,100
CGTACGGGACACGATCGCCA_002,144
CGTACGGGACACGATCGCCA_003,188
CGTACGGGACACGATCGCCA_004,137
CGTACGGGACACGATCGCCA_005,62
CGTACGGGACACGATCGCCA_006,169
TTGGCCTGGAATTTAGGATC_001,150
TTGGCCTGGAATTTAGGATC_002,10
TTGGCCTGGAATTTAGGATC_003,64
TTGGCCTGGAATTTAGGATC_004,78
TTGGCCTGGAATTTAGGATC_005,160
TTGGCCTGGAATTTAGGATC_006,65
TTGGCCTGGAATTTAGGATC_007,27
TTGGCCTGGAATTTAGGATC_008,14
TTGGCCTGGAATTTAGGATC_009,40
TTGGCCTGGAATTTAGGATC_010,1
TTGGCCTGGAATTTAGGATC_011,46
TTGGCCTGGAATTTAGGATC_012,48
TTGGCCTGGAATTTAGGATC_013,48
TTGGCCTGGAATTTAGGATC_014,124
TTGGCCTGGAATTTAGGATC_015,169
TTGGCCTGGAATTTAGGATC_016,184
AGTGCATCCAGGCGACAAAA_001,23
AGTGCATCCAGGCGACAAAA_002,31
AGTGCATCCAGGCGACAAAA_003,101
AGTGCATCCAGGCGACAAAA_004,75
AGTGCATCCAGGCGACAAAA_005,26
AGTGCATCCAGGCGACAAAA_006,8
GGTATCGCCATCAAACGTCT_001,107
GGTATCGCCATCAAACGTCT_002,76
GGTATCGCCATCAAACGTCT_003,25
GGTATCGCCATCAAACGTCT_004,99
GATGAGCCGGACAACTCCCA_001,58
GATGAGCCGGACAACTCCCA_002,80
GATGAGCCGGACAACTCCCA_003,163
GATGAGCCGGACAACTCCCA_004,13
GATGAGCCGGACAACTCCCA_005,94
GATGAGCCGGACAACTCCCA_006,63
GATGAGCCGGACAACTCCCA_007,102
GATGAGCCGGACAACTCCCA_008,121
GATGAGCCGGACAACTCCCA_009,165
CTGGAACAGGAACATGTAGT_001,34
CTGGAACAGGAACATGTAGT_002,127
CTGGAACAGGAACATGTAGT_003,28
CTGGAACAGGAACATGTAGT_004,198
CTGGAACAGGAACATGTAGT_005,8
CTGGAACAGGAACATGTAGT_006,99
CTGACATCCGTGATTAGATG_001,48
CTGACATCCGTGATTAGATG_002,34
CTGACATCCGTGATTAGATG_003,94
CTGACATCCGTGATTAGATG_004,6
TATCCCAGGACACTATGCCA_001,92
TATCCCAGGACACTATGCCA_002,51
TATCCCAGGACACTATGCCA_003,171
TATCCCAGGACACTATGCCA_004,135
TATCCCAGGACACTATGCCA_005,50
TATCCCAGGACACTATGCCA_006,29
TATCCCAGGACACTATGCCA_007,186
TATCCCAGGACACTATGCCA_008,28
TATCCCAGGACACTATGCCA_009,171
TATCCCAGGACACTATGCCA_010,197
TATCCCAGGACACTATGCCA_011,138
TATCCCAGGACACTATGCCA_012,10
TATCCCAGGACACTATGCCA_013,161
ATGTGACAAGAAGTGATGCG_001,68
ATGTGACAAGAAGTGATGCG_002,19
ATGTGACAAGAAGTGATGCG_003,3
TCCGGGGATGACACCAGTAA_001,83
TCCGGGGATGACACCAGTAA_002,184
ATGTACCAAAATCCACGACT_001,34
ATGTACCAAAATCCACGACT_002,98
ATGTACCAAAATCCACGACT_003,133
ATGTACCAAAATCCACGACT_004,12
ATGTACCAAAATCCACGACT_005,163
ATGTACCAAAATCCACGACT_006,145
ATGTACCAAAATCCACGACT_007,137
ATGTACCAAAATCCACGACT_008,104
ATGTACCAAAATCCACGACT_009,151
ATGTACCAAAATCCACGACT_010,65
ATGTACCAAAATCCACGACT_011,8
ATGTACCAAAATCCACGACT_012,194
ATGTACCAAAATCCACGACT_013,188
ATGTACCAAAATCCACGACT_014,74
ATGTACCAAAATCCACGACT_015,2
ATGTACCAAAATCCACGACT_016,81
ATGTACCAAAATCCACGACT_017,119
ATGTACCAAAATCCACGACT_018,10
CAAATGTCTTGAGCAAAATG_001,105
CAAATGTCTTGAGCAAAATG_002,8
CAAATGTCTTGAGCAAAATG_003,72
AATTGTCTTATGTGCAGTAA_001,70
AATTGTCTTATGTGCAGTAA_002,118
AATTGTCTTATGTGCAGTAA_003,103
AATTGTCTTATGTGCAGTAA_004,30
AATTGTCTTATGTGCAGTAA_005,66
AATTGTCTTATGTGCAGTAA_006,188
AATTGTCTTATGTGCAGTAA_007,89
TCATAAATACGTACTTCAAG_001,122
GAGGATTGTCAATACTCTCA_001,174
GAGGATTGTCAATACTCTCA_002,50
GAGGATTGTCAATACTCTCA_003,141
GAGGATTGTCAATACTCTCA_004,41
GAGGATTGTCAATACTCTCA_005,145
GGGGACCATACCTTACGGAA_001,23
GGGGACCATACCTTACGGAA_002,176
GGGGACCATACCTTACGGAA_003,192
GGGGACCATACCTTACGGAA_004,62
GGGGACCATACCTTACGGAA_005,105
GGGGACCATACCTTACGGAA_006,81
GGGGACCATACCTTACGGAA_007,126
ACCAGGTCTGTGCCGCGCTG_001,150
ACCAGGTCTGTGCCGCGCTG_002,94
ACCAGGTCTGTGCCGCGCTG_003,149
ACCAGGTCTGTGCCGCGCTG_004,117
ACCAGGTCTGTGCCGCGCTG_005,142
ACCAGGTCTGTGCCGCGCTG_006,139
ACCAGGTCTGTGCCGCGCTG_007,142
ACCAGGTCTGTGCCGCGCTG_008,11
ACCAGGTCTGTGCCGCGCTG_009,116
ACCAGGTCTGTGCCGCGCTG_010,43
ACCAGGTCTGTGCCGCGCTG_011,127
ACCAGGTCTGTGCCGCGCTG_012,50
ACCAGGTCTGTGCCGCGCTG_013,171
ACCAGGTCTGTGCCGCGCTG_014,147
ACCAGGTCTGTGCCGCGCTG_015,198
ACCAGGTCTGTGCCGCGCTG_016,96
ACCAGGTCTGTGCCGCGCTG_017,102
ACCAGGTCTGTGCCGCGCTG_018,43
ACCAGGTCTGTGCCGCGCTG_019,77
ACCAGGTCTGTGCCGCGCTG_020,161
ACCAGGTCTGTGCCGCGCTG_021,172
ACCAGGTCTGTGCCGCGCTG_022,33
ACCAGGTCTGTGCCGCGCTG_023,140
ACCAGGTCTGTGCCGCGCTG_024,144
ACCAGGTCTGTGCCGCGCTG_025,43
ACCAGGTCTGTGCCGCGCTG_026,184
ACCAGGTCTGTGCCGCGCTG_027,174
ACCAGGTCTGTGCCGCGCTG_028,152
ACCAGGTCTGTGCCGCGCTG_029,102
ACCAGGTCTGTGCCGCGCTG_030,116
ACCAGGTCTGTGCCGCGCTG_031,10
ACCAGGTCTGTGCCGCGCTG_032,111
ACCAGGTCTGTGCCGCGCTG_033,165
AAAGTACAGCTGGAAAACCG_001,29
AAAGTACAGCTGGAAAACCG_002,141
AAAGTACAGCTGGAAAACCG_003,87
AAAGTACAGCTGGAAAACCG_004,2
AAAGTACAGCTGGAAAACCG_005,142
ACGGCTCGTAAATCCACAGG_001,34
ACGGCTCGTAAATCCACAGG_002,103
ACGGCTCGTAAATCCACAGG_003,148
ACGGCTCGTAAATCCACAGG_004,149
ACGGCTCGTAAATCCACAGG_005,48
ACGGCTCGTAAATCCACAGG_006,149
ACGGCTCGTAAATCCACAGG_007,169
ACGGCTCGTAAATCCACAGG_008,98
ACGGCTCGTAAATCCACAGG_009,123
ACGGCTCGTAAATCCACAGG_010,34
CATTTCCAACATGATCCACT_001,69
CATTTCCAACATGATCCACT_002,198
CATTTCCAACATGATCCACT_003,72
CATTTCCAACATGATCCACT_004,57
CATTTCCAACATGATCCACT_005,59
CATTTCCAACATGATCCACT_006,123
CATTTCCAACATGATCCACT_007,172
CATTTCCAACATGATCCACT_008,119
CATTTCCAACATGATCCACT_009,142
CATTTCCAACATGATCCACT_010,89
CATTTCCAACATGATCCACT_011,116
GGGCGTGTATGTTCGTATTG_001,175
GGGCGTGTATGTTCGTATTG_002,41
GGGCGTGTATGTTCGTATTG_003,19
GGGCGTGTATGTTCGTATTG_004,1
GGGCGTGTATGTTCGTATTG_005,12
GGGCGTGTATGTTCGTATTG_006,24
GTGTCTCCCTGATTCCCAAG_001,182
GTGTCTCCCTGATTCCCAAG_002,41
GTGTCTCCCTGATTCCCAAG_003,2
GTGTCTCCCTGATTCCCAAG_004,2
GTGTCTCCCTGATTCCCAAG_005,186
GTGTCTCCCTGATTCCCAAG_006,53
GTGTCTCCCTGATTCCCAAG_007,46
GTGTCTCCCTGATTCCCAAG_008,160
GTGTCTCCCTGATTCCCAAG_009,8
GTGTCTCCCTGATTCCCAAG_010,99
GTGTCTCCCTGATTCCCAAG_011,9
GTGTCTCCCTGATTCCCAAG_012,61
GTGTCTCCCTGATTCCCAAG_013,10
GTGTCTCCCTGATTCCCAAG_014,183
GTGTCTCCCTGATTCCCAAG_015,138
GTGTCTCCCTGATTCCCAAG_016,11
GTGTCTCCCTGATTCCCAAG_017,6
GTGTCTCCCTGATTCCCAAG_018,177
GTGTCTCCCTGATTCCCAAG_019,168
ATCTCAACTATGCTGGAGAG_001,24
ATCTCAACTATGCTGGAGAG_002,177
ATCTCAACTATGCTGGAGAG_003,77
ATCTCAACTATGCTGGAGAG_004,98
ATCTCAACTATGCTGGAGAG_005,145
GCTGACCGTCGGTGGCTCGG_001,51
GCTGACCGTCGGTGGCTCGG_002,137
GCTGACCGTCGGTGGCTCGG_003,49
GCTGACCGTCGGTGGCTCGG_004,127
GCTGACCGTCGGTGGCTCGG_005,13
GCTGACCGTCGGTGGCTCGG_006,64
GCTGACCGTCGGTGGCTCGG_007,112
GCTGACCGTCGGTGGCTCGG_008,160
GCTGACCGTCGGTGGCTCGG_009,185
GCTGACCGTCGGTGGCTCGG_010,16
GCTGACCGTCGGTGGCTCGG_011,1
GCTGACCGTCGGTGGCTCGG_012,3
GCTGACCGTCGGTGGCTCGG_013,76
GCTGACCGTCGGTGGCTCGG_014,162
ACAACCTCAATGTTCATTAG_001,49
ACAACCTCAATGTTCATTAG_002,150
ACAACCTCAATGTTCATTAG_003,169
ACAACCTCAATGTTCATTAG_004,56
AATTCTGAGTCTGTTGACCA_001,51
AATTCTGAGTCTGTTGACCA_002,172
AATTCTGAGTCTGTTGACCA_003,118
AATTCTGAGTCTGTTGACCA_004,98
AATTCTGAGTCTGTTGACCA_005,50
ACTGCATAAACATCTATCAG_001,134
ACTGCATAAACATCTATCAG_002,108
ACTGCATAAACATCTATCAG_003,53
ACTGCATAAACATCTATCAG_004,54
ACTGCATAAACATCTATCAG_005,95
ACTGCATAAACATCTATCAG_006,112
ACTGCATAAACATCTATCAG_007,160
AAGGTGCTATCTCAGAGACC_001,27
AAGGTGCTATCTCAGAGACC_002,0
AAGGTGCTATCTCAGAGACC_003,96
AGGAGCAGGGGCCTCGACAA_001,41
AGGAGCAGGGGCCTCGACAA_002,172
AGGAGCAGGGGCCTCGACAA_003,62
AGGAGCAGGGGCCTCGACAA_004,56
AGGAGCAGGGGCCTCGACAA_005,97
AGGAGCAGGGGCCTCGACAA_006,151
AGGAGCAGGGGCCTCGACAA_007,198
AGGAGCAGGGGCCTCGACAA_008,116
AGGAGCAGGGGCCTCGACAA_009,149
AGGAGCAGGGGCCTCGACAA_010,127
AGGAGCAGGGGCCTCGACAA_011,25
AGGAGCAGGGGCCTCGACAA_012,158
AGGAGCAGGGGCCTCGACAA_013,65
AGGAGCAGGGGCCTCGACAA_014,94
AGGAGCAGGGGCCTCGACAA_015,198
AGGAGCAGGGGCCTCGACAA_016,15
AGGAGCAGGGGCCTCGACAA_017,81
AGGAGCAGGGGCCTCGACAA_018,58
AGGAGCAGGGGCCTCGACAA_019,5
AGGAGCAGGGGCCTCGACAA_020,134
AGGAGCAGGGGCCTCGACAA_021,41
AGGAGCAGGGGCCTCGACAA_022,83
AGGAGCAGGGGCCTCGACAA_023,14
AGGAGCAGGGGCCTCGACAA_024,156
AGGAGCAGGGGCCTCGACAA_025,103
AGGAGCAGGGGCCTCGACAA_026,30
AGGAGCAGGGGCCTCGACAA_027,2
AGGAGCAGGGGCCTCGACAA_028,177
AGGAGCAGGGGCCTCGACAA_029,62
AGGAGCAGGGGCCTCGACAA_030,21
AGGAGCAGGGGCCTCGACAA_031,186
AGGAGCAGGGGCCTCGACAA_032,145
AGGAGCAGGGGCCTCGACAA_033,39
AGGAGCAGGGGCCTCGACAA_034,18
AGGAGCAGGGGCCTCGACAA_035,15
AGGAGCAGGGGCCTCGACAA_036,177
AGGAGCAGGGGCCTCGACAA_037,70
ACACTCGCGAAACCACTGCG_001,184
ACACTCGCGAAACCACTGCG_002,168
ACACTCGCGAAACCACTGCG_003,160
ACACTCGCGAAACCACTGCG_004,137
ACACTCGCGAAACCACTGCG_005,49
ACACTCGCGAAACCACTGCG_006,188
ACACTCGCGAAACCACTGCG_007,149
ACACTCGCGAAACCACTGCG_008,69
ACACTCGCGAAACCACTGCG_009,9
ACACTCGCGAAACCACTGCG_010,154
ACACTCGCGAAACCACTGCG_011,188
ACACTCGCGAAACCACTGCG_012,49
ACACTCGCGAAACCACTGCG_013,16
ACACTCGCGAAACCACTGCG_014,39
ACACTCGCGAAACCACTGCG_015,107
ACACTCGCGAAACCACTGCG_016,81
ACACTCGCGAAACCACTGCG_017,181
ACACTCGCGAAACCACTGCG_018,32
ACACTCGCGAAACCACTGCG_019,50
ACACTCGCGAAACCACTGCG_020,8
ACACTCGCGAAACCACTGCG_021,9
ACACTCGCGAAACCACTGCG_022,19
ACACTCGCGAAACCACTGCG_023,58
ACACTCGCGAAACCACTGCG_024,58
ACACTCGCGAAACCACTGCG_025,58
ACACTCGCGAAACCACTGCG_026,1
ACACTCGCGAAACCACTGCG_027,121
ACACTCGCGAAACCACTGCG_028,188
ACACTCGCGAAACCACTGCG_029,83
ACACTCGCGAAACCACTGCG_030,177
ACACTCGCGAAACCACTGCG_031,72
ACACTCGCGAAACCACTGCG_032,151
ACACTCGCGAAACCACTGCG_033,78
ACACTCGCGAAACCACTGCG_034,15
ACACTCGCGAAACCACTGCG_035,182
ACACTCGCGAAACCACTGCG_036,185
ACACTCGCGAAACCACTGCG_037,121
ACACTCGCGAAACCACTGCG_038,140
ACACTCGCGAAACCACTGCG_039,43
ACACTCGCGAAACCACTGCG_040,177
ACACTCGCGAAACCACTGCG_041,147
ACACTCGCGAAACCACTGCG_042,149
ACACTCGCGAAACCACTGCG_043,147
ACACTCGCGAAACCACTGCG_044,66
ACACTCGCGAAACCACTGCG_045,130
ACACTCGCGAAACCACTGCG_046,148
ACACTCGCGAAACCACTGCG_047,61
TATGCCTTTGACAAGAACCG_001,83
TATGCCTTTGACAAGAACCG_002,105
TATGCCTTTGACAAGAACCG_003,107
TATGCCTTTGACAAGAACCG_004,106
TATGCCTTTGACAAGAACCG_005,78
TATGCCTTTGACAAGAACCG_006,8
TATGCCTTTGACAAGAACCG_007,97
ACTGTCAACGAAACCTGGCA_001,93
ACTGTCAACGAAACCTGGCA_002,150
ACTGTCAACGAAACCTGGCA_003,9
ACTGTCAACGAAACCTGGCA_004,2
ACTGTCAACGAAACCTGGCA_005,186
ACTGTCAACGAAACCTGGCA_006,156
ACTGTCAACGAAACCTGGCA_007,156
ACTGTCAACGAAACCTGGCA_008,116
ACTGTCAACGAAACCTGGCA_009,159
ACTGTCAACGAAACCTGGCA_010,68
ACTGTCAACGAAACCTGGCA_011,137
ACTGTCAACGAAACCTGGCA_012,175
ACTGTCAACGAAACCTGGCA_013,170
ACTGTCAACGAAACCTGGCA_014,122
ACTGTCAACGAAACCTGGCA_015,42
ACTGTCAACGAAACCTGGCA_016,115
ACTGTCAACGAAACCTGGCA_017,23
ACTGTCAACGAAACCTGGCA_018,63
ACTGTCAACGAAACCTGGCA_019,185
ACTGTCAACGAAACCTGGCA_020,127
GCTGCTATCAAGTACAGCGA_001,29
GCTGCTATCAAGTACAGCGA_002,56
GCTGCTATCAAGTACAGCGA_003,159
GCTGCTATCAAGTACAGCGA_004,149
GCTGCTATCAAGTACAGCGA_005,112
GCTGCTATCAAGTACAGCGA_006,158
GCTGCTATCAAGTACAGCGA_007,149
GCTGCTATCAAGTACAGCGA_008,61
GCTGCTATCAAGTACAGCGA_009,113
GCTGCTATCAAGTACAGCGA_010,66
CGGAGAACAATGTTCCAGAA_001,106
CGGAGAACAATGTTCCAGAA_002,145
CGGAGAACAATGTTCCAGAA_003,191
CGGAGAACAATGTTCCAGAA_004,106
CGGAGAACAATGTTCCAGAA_005,48
CGGAGAACAATGTTCCAGAA_006,16
CGGAGAACAATGTTCCAGAA_007,67
CGGAGAACAATGTTCCAGAA_008,130
CGGAGAACAATGTTCCAGAA_009,9
CGGAGAACAATGTTCCAGAA_010,52
CGGAGAACAATGTTCCAGAA_011,154
CGGAGAACAATGTTCCAGAA_012,160
CGGAGAACAATGTTCCAGAA_013,48
CGGAGAACAATGTTCCAGAA_014,52
CGGAGAACAATGTTCCAGAA_015,145
CGGAGAACAATGTTCCAGAA_016,15
CCGGTCTGGAAGTCCCAGCG_001,38
CCGGTCTGGAAGTCCCAGCG_002,157
CTGCGTGGGCCAGAACACGT_001,29
CTGCGTGGGCCAGAACACGT_002,198
CTGCGTGGGCCAGAACACGT_003,62
CTGCGTGGGCCAGAACACGT_004,80
CTGCGTGGGCCAGAACACGT_005,48
CTGCGTGGGCCAGAACACGT_006,100
CTGCGTGGGCCAGAACACGT_007,131
CTGCGTGGGCCAGAACACGT_008,4
CTGCGTGGGCCAGAACACGT_009,152
CTGCGTGGGCCAGAACACGT_010,8
CTGCGTGGGCCAGAACACGT_011,152
CTGCGTGGGCCAGAACACGT_012,26
CTGCGTGGGCCAGAACACGT_013,82
CTGCGTGGGCCAGAACACGT_014,105
CTGCGTGGGCCAGAACACGT_015,41
ACCTAAAGGCCGGAAAACAC_001,31
ACCTAAAGGCCGGAAAACAC_002,175
ACCTAAAGGCCGGAAAACAC_003,6
ACCTAAAGGCCGGAAAACAC_004,97
ACCTAAAGGCCGGAAAACAC_005,11
ACCTAAAGGCCGGAAAACAC_006,60
ACCTAAAGGCCGGAAAACAC_007,160
AGATAGCTGCCAATGTGGCG_001,105
AGATAGCTGCCAATGTGGCG_002,2
AGATAGCTGCCAATGTGGCG_003,105
AGATAGCTGCCAATGTGGCG_004,110
AGATAGCTGCCAATGTGGCG_005,101
AGATAGCTGCCAATGTGGCG_006,48
AGATAGCTGCCAATGTGGCG_007,35
AGATAGCTGCCAATGTGGCG_008,69
AGATAGCTGCCAATGTGGCG_009,106
CAAGAAAGAGCTGTGTCTTG_001,81
CAAGAAAGAGCTGTGTCTTG_002,48
ACGTCAGACCAGAAAGAATG_001,94
ACGTCAGACCAGAAAGAATG_002,114
ACGTCAGACCAGAAAGAATG_003,114
ACGTCAGACCAGAAAGAATG_004,103
ACGTCAGACCAGAAAGAATG_005,56
ACGTCAGACCAGAAAGAATG_006,9
ACGTCAGACCAGAAAGAATG_007,67
ACGTCAGACCAGAAAGAATG_008,46
ACGTCAGACCAGAAAGAATG_009,81
ACGTCAGACCAGAAAGAATG_010,75
ACGTCAGACCAGAAAGAATG_011,78
ACGTCAGACCAGAAAGAATG_012,40
ACGTCAGACCAGAAAGAATG_013,199
GGAACTCTCACTGGACGACG_001,97
GGAACTCTCACTGGACGACG_002,198
GGAACTCTCACTGGACGACG_003,2
GGAACTCTCACTGGACGACG_004,58
GGAACTCTCACTGGACGACG_005,97
GGAACTCTCACTGGACGACG_006,97
GGAACTCTCACTGGACGACG_007,154
GGAACTCTCACTGGACGACG_008,164
GGAACTCTCACTGGACGACG_009,88
GGAACTCTCACTGGACGACG_010,106
GGAACTCTCACTGGACGACG_011,124
GGAACTCTCACTGGACGACG_012,84
GGAACTCTCACTGGACGACG_013,116
GGAACTCTCACTGGACGACG_014,148
GGAACTCTCACTGGACGACG_015,3
GGAACTCTCACTGGACGACG_016,38
GGAACTCTCACTGGACGACG_017,35
GGAACTCTCACTGGACGACG_018,157
GGAACTCTCACTGGACGACG_019,71
GGAACTCTCACTGGACGACG_020,158
GGAACTCTCACTGGACGACG_021,172
GGAACTCTCACTGGACGACG_022,62
GGAACTCTCACTGGACGACG_023,135
GGAACTCTCACTGGACGACG_024,51
GGAACTCTCACTGGACGACG_025,58
GGAACTCTCACTGGACGACG_026,2
GGAACTCTCACTGGACGACG_027,54
GGAACTCTCACTGGACGACG_028,61
GGAACTCTCACTGGACGACG_029,103
GGAACTCTCACTGGACGACG_030,13
GGAACTCTCACTGGACGACG_031,134
GGAACTCTCACTGGACGACG_032,152
GGAACTCTCACTGGACGACG_033,50
GGAACTCTCACTGGACGACG_034,46
TGATGCCTGGGTCTGCCCCG_001,179
TGATGCCTGGGTCTGCCCCG_002,60
TGATGCCTGGGTCTGCCCCG_003,15
TGATGCCTGGGTCTGCCCCG_004,54
TGATGCCTGGGTCTGCCCCG_005,184
TGATGCCTGGGTCTGCCCCG_006,149
TGATGCCTGGGTCTGCCCCG_007,3
TGATGCCTGGGTCTGCCCCG_008,35
TGATGCCTGGGTCTGCCCCG_009,38
CGATGACACGCTGAAAGCTC_001,150
CGATGACACGCTGAAAGCTC_002,98
CGATGACACGCTGAAAGCTC_003,47
CGATGACACGCTGAAAGCTC_004,125
GTCAGCCAGGAGATTCAGCG_001,176
GTCAGCCAGGAGATTCAGCG_002,160
GTCAGCCAGGAGATTCAGCG_003,60
GTCAGCCAGGAGATTCAGCG_004,192
GTCAGCCAGGAGATTCAGCG_005,158
GTCAGCCAGGAGATTCAGCG_006,4
GTCAGCCAGGAGATTCAGCG_007,149
GTCAGCCAGGAGATTCAGCG_008,147
GTCAGCCAGGAGATTCAGCG_009,84
GTCAGCCAGGAGATTCAGCG_010,4
GTCAGCCAGGAGATTCAGCG_011,4
GTCAGCCAGGAGATTCAGCG_012,113
GTCAGCCAGGAGATTCAGCG_013,69
GTCAGCCAGGAGATTCAGCG_014,61
GTGGACTGTTCGCGTCCTCA_001,9
GTGGACTGTTCGCGTCCTCA_002,27
GTGGACTGTTCGCGTCCTCA_003,182
GTGGACTGTTCGCGTCCTCA_004,118
GTGGACTGTTCGCGTCCTCA_005,44
GTGGACTGTTCGCGTCCTCA_006,155
GTGGACTGTTCGCGTCCTCA_007,12
GTGGACTGTTCGCGTCCTCA_008,177
GTGGACTGTTCGCGTCCTCA_009,144
GTGGACTGTTCGCGTCCTCA_010,13
GTGGACTGTTCGCGTCCTCA_011,156
GTGGACTGTTCGCGTCCTCA_012,104
GTGGACTGTTCGCGTCCTCA_013,178
GTGGACTGTTCGCGTCCTCA_014,3
GTGGACTGTTCGCGTCCTCA_015,70
GTGGACTGTTCGCGTCCTCA_016,10
GTGGACTGTTCGCGTCCTCA_017,66
TTGTTAGCTATCTCACCAGG_001,100
TTGTTAGCTATCTCACCAGG_002,140
GATGGGAACCACGTGCCCGT_001,148
GATGGGAACCACGTGCCCGT_002,169
GATGGGAACCACGTGCCCGT_003,144
GATGGGAACCACGTGCCCGT_004,150
GATGGGAACCACGTGCCCGT_005,185
GATGGGAACCACGTGCCCGT_006,159
GATGGGAACCACGTGCCCGT_007,52
GATGGGAACCACGTGCCCGT_008,61
GATGGGAACCACGTGCCCGT_009,61
GATGGGAACCACGTGCCCGT_010,53
GATGGGAACCACGTGCCCGT_011,116
GATGGGAACCACGTGCCCGT_012,147
GATGGGAACCACGTGCCCGT_013,184
GATGGGAACCACGTGCCCGT_014,78
GATGGGAACCACGTGCCCGT_015,180
GATGGGAACCACGTGCCCGT_016,19
TGCCTGGCGTAACATCGCGG_001,150
TGCCTGGCGTAACATCGCGG_002,182
TGCCTGGCGTAACATCGCGG_003,98
TGCCTGGCGTAACATCGCGG_004,15
TGCCTGGCGTAACATCGCGG_005,12
TGCCTGGCGTAACATCGCGG_006,65
ACTGTTCACGATCTTCTCAG_001,12
ACTGTTCACGATCTTCTCAG_002,174
ACTGTTCACGATCTTCTCAG_003,178
ACTGTTCACGATCTTCTCAG_004,83
ACTGTTCACGATCTTCTCAG_005,41
ACTGTTCACGATCTTCTCAG_006,158
CGCTCAACCGAGCCCCGCGC_001,48
CGCTCAACCGAGCCCCGCGC_002,84
CGCTCAACCGAGCCCCGCGC_003,84
CGCTCAACCGAGCCCCGCGC_004,176
CGCTCAACCGAGCCCCGCGC_005,181
CGCTCAACCGAGCCCCGCGC_006,192
CGCTCAACCGAGCCCCGCGC_007,121
CGCTCAACCGAGCCCCGCGC_008,199
CGCTCAACCGAGCCCCGCGC_009,48
CGCTCAACCGAGCCCCGCGC_010,16
CGCTCAACCGAGCCCCGCGC_011,76
CGCTCAACCGAGCCCCGCGC_012,72
CGCTCAACCGAGCCCCGCGC_013,35
CGCTCAACCGAGCCCCGCGC_014,155
CGCTCAACCGAGCCCCGCGC_015,74
CGCTCAACCGAGCCCCGCGC_016,15
TGAGACCAAAAAGCTATACA_001,32
CCATGCGGCTGCCATAAAGA_001,152
CCATGCGGCTGCCATAAAGA_002,82
CCATGCGGCTGCCATAAAGA_003,16
CCATGCGGCTGCCATAAAGA_004,149
CCATGCGGCTGCCATAAAGA_005,62
CCATGCGGCTGCCATAAAGA_006,142
CCATGCGGCTGCCATAAAGA_007,58
CCATGCGGCTGCCATAAAGA_008,172
CCATGCGGCTGCCATAAAGA_009,86
CCATGCGGCTGCCATAAAGA_010,74
CCATGCGGCTGCCATAAAGA_011,130
CCATGCGGCTGCCATAAAGA_012,82
CCATGCGGCTGCCATAAAGA_013,41
CCATGCGGCTGCCATAAAGA_014,168
CCATGCGGCTGCCATAAAGA_015,62
GTATAACCAAACGATCCACC_001,7
GTATAACCAAACGATCCACC_002,3
GTATAACCAAACGATCCACC_003,33
GTATAACCAAACGATCCACC_004,162
GTATAACCAAACGATCCACC_005,19
TACGCCAAATCTCTACTACA_001,160
AACCCCCAGAGATATACAGG_001,77
AACCCCCAGAGATATACAGG_002,77
AACCCCCAGAGATATACAGG_003,73
AACCCCCAGAGATATACAGG_004,141
AACCCCCAGAGATATACAGG_005,89
AACCCCCAGAGATATACAGG_006,142
AACCCCCAGAGATATACAGG_007,46
AACCCCCAGAGATATACAGG_008,84
AACCCCCAGAGATATACAGG_009,141
AACCCCCAGAGATATACAGG_010,81
AACCCCCAGAGATATACAGG_011,74
CAAAATAATCCATGAATCTG_001,166
CAAAATAATCCATGAATCTG_002,175
CAAAATAATCCATGAATCTG_003,75
CAAAATAATCCATGAATCTG_004,98
CAAAATAATCCATGAATCTG_005,129
CAAAATAATCCATGAATCTG_006,139
CAAAATAATCCATGAATCTG_007,10
CAAAATAATCCATGAATCTG_008,177
CCAATGAACCCAGTCTTCCA_001,80
CCAATGAACCCAGTCTTCCA_002,128
CCAATGAACCCAGTCTTCCA_003,198
CCAATGAACCCAGTCTTCCA_004,92
CCAATGAACCCAGTCTTCCA_005,127
CCAATGAACCCAGTCTTCCA_006,78
CCAATGAACCCAGTCTTCCA_007,79
CCAATGAACCCAGTCTTCCA_008,83
AAACCACCTAAACAACGTAG_001,5
AAACCACCTAAACAACGTAG_002,61
AAACCACCTAAACAACGTAG_003,173
AAACCACCTAAACAACGTAG_004,141
AAACCACCTAAACAACGTAG_005,138
AAACCACCTAAACAACGTAG_006,55
AAACCACCTAAACAACGTAG_007,27
AAACCACCTAAACAACGTAG_008,3
AAACCACCTAAACAACGTAG_009,62
AAACCACCTAAACAACGTAG_010,41
AAACCACCTAAACAACGTAG_011,11
AAACCACCTAAACAACGTAG_012,188
CGAAGGTGCAGTCGTAGCGG_001,32
CGAAGGTGCAGTCGTAGCGG_002,44
CGAAGGTGCAGTCGTAGCGG_003,34
CGAAGGTGCAGTCGTAGCGG_004,60
CGAAGGTGCAGTCGTAGCGG_005,10
CGAAGGTGCAGTCGTAGCGG_006,13
CGAAGGTGCAGTCGTAGCGG_007,141
CGAAGGTGCAGTCGTAGCGG_008,140
CGAAGGTGCAGTCGTAGCGG_009,20
CGAAGGTGCAGTCGTAGCGG_010,35
AGGAACAGGCACCTGAGTTG_001,82
AGGAACAGGCACCTGAGTTG_002,78
AGGAACAGGCACCTGAGTTG_003,88
AGGAACAGGCACCTGAGTTG_004,17
AGGAACAGGCACCTGAGTTG_005,84
AGGAACAGGCACCTGAGTTG_006,144
AGGAACAGGCACCTGAGTTG_007,170
AGGAACAGGCACCTGAGTTG_008,192
AGGAACAGGCACCTGAGTTG_009,35
AGGAACAGGCACCTGAGTTG_010,1
AGGAACAGGCACCTGAGTTG_011,43
AGGAACAGGCACCTGAGTTG_012,68
AGGAACAGGCACCTGAGTTG_013,153
AGGAACAGGCACCTGAGTTG_014,198
GCAAGCTGCAACAGACACCG_001,102
GCAAGCTGCAACAGACACCG_002,175
GCAAGCTGCAACAGACACCG_003,16
GCAAGCTGCAACAGACACCG_004,115
GCAAGCTGCAACAGACACCG_005,63
GCAAGCTGCAACAGACACCG_006,42
GCAAGCTGCAACAGACACCG_007,169
GCAAGCTGCAACAGACACCG_008,157
GCAAGCTGCAACAGACACCG_009,40
TCATCAAGCACATAAATCAA_001,149
TCATCAAGCACATAAATCAA_002,115
TCATCAAGCACATAAATCAA_003,107
TCATCAAGCACATAAATCAA_004,126
ACCAGGACCTACGGCACCAG_001,175
ACCAGGACCTACGGCACCAG_002,184
ACCAGGACCTACGGCACCAG_003,91
ACCAGGACCTACGGCACCAG_004,8
ACCAGGACCTACGGCACCAG_005,144
ACCAGGACCTACGGCACCAG_006,199
ACCAGGACCTACGGCACCAG_007,134
ACCAGGACCTACGGCACCAG_008,15
ACCAGGACCTACGGCACCAG_009,76
ACCAGGACCTACGGCACCAG_010,114
ACCAGGACCTACGGCACCAG_011,147
ACCAGGACCTACGGCACCAG_012,86
ACCAGGACCTACGGCACCAG_013,165
CCAGGACAGATCTTCATGTG_001,12
CCAGGACAGATCTTCATGTG_002,177
CCTGGCTAACAACAACCTGG_001,83
CCTGGCTAACAACAACCTGG_002,56
CCTGGCTAACAACAACCTGG_003,104
CCTGGCTAACAACAACCTGG_004,102
CCTGGCTAACAACAACCTGG_005,8
CCTGGCTAACAACAACCTGG_006,171
CCTGGCTAACAACAACCTGG_007,72
CCTGGCTAACAACAACCTGG_008,83
CCTGGCTAACAACAACCTGG_009,129
CCTGGCTAACAACAACCTGG_010,185
CCTGGCTAACAACAACCTGG_011,103
CCTGGCTAACAACAACCTGG_012,183
CCTGGCTAACAACAACCTGG_013,168
CCTGGCTAACAACAACCTGG_014,174
CCTGGCTAACAACAACCTGG_015,174
GATGTATAATGTGTCAATGA_001,137
GATGTATAATGTGTCAATGA_002,184
GATGTATAATGTGTCAATGA_003,177
GATGTATAATGTGTCAATGA_004,61
GTGTTAATAGCAGAAAAACA_001,133
GTGTTAATAGCAGAAAAACA_002,139
GTGTTAATAGCAGAAAAACA_003,107
TAATAAGAACTGCATTATCG_001,145
TAATAAGAACTGCATTATCG_002,175
TGACGGGCAACTATCGCAAG_001,32
TGACGGGCAACTATCGCAAG_002,148
TGACGGGCAACTATCGCAAG_003,93
TGACGGGCAACTATCGCAAG_004,123
TGACGGGCAACTATCGCAAG_005,148
TGACGGGCAACTATCGCAAG_006,146
TGACGGGCAACTATCGCAAG_007,76
GATCCCTCGAGGACCCTATG_001,68
GATCCCTCGAGGACCCTATG_002,50
GATCCCTCGAGGACCCTATG_003,113
GATCCCTCGAGGACCCTATG_004,61
GATCCCTCGAGGACCCTATG_005,129
GATCCCTCGAGGACCCTATG_006,49
GATCCCTCGAGGACCCTATG_007,111
GATCCCTCGAGGACCCTATG_008,174
GATCCCTCGAGGACCCTATG_009,137
GATCCCTCGAGGACCCTATG_010,142
GATCCCTCGAGGACCCTATG_011,3
GATCCCTCGAGGACCCTATG_012,130
AACAAACCGGACTCCCATGG_001,184
AACAAACCGGACTCCCATGG_002,166
AAAGGCGTCATCAAATGTGC_001,49
AAAGGCGTCATCAAATGTGC_002,107
AAAGGCGTCATCAAATGTGC_003,109
AAAGGCGTCATCAAATGTGC_004,97
CGCTCACAGATAGAGCGGCA_001,170
CGCTCACAGATAGAGCGGCA_002,148
CGCTCACAGATAGAGCGGCA_003,73
CGCTCACAGATAGAGCGGCA_004,127
CGCTCACAGATAGAGCGGCA_005,177
CGCTCACAGATAGAGCGGCA_006,36
CGCTCACAGATAGAGCGGCA_007,36
CCAGCAATCAGACTGGACAT_001,181
CCAGCAATCAGACTGGACAT_002,160
CCAGCAATCAGACTGGACAT_003,28
CCAGCAATCAGACTGGACAT_004,145
CCAGCAATCAGACTGGACAT_005,70
CCAGCAATCAGACTGGACAT_006,184
CCAGCAATCAGACTGGACAT_007,127
CCAGCAATCAGACTGGACAT_008,38
CCAGCAATCAGACTGGACAT_009,24
CCAGCAATCAGACTGGACAT_010,129
CCAGCAATCAGACTGGACAT_011,175
CCAGCAATCAGACTGGACAT_012,71
AGGAAACCTAGCACTCAACA_001,145
AGGAAACCTAGCACTCAACA_002,185
AGGAAACCTAGCACTCAACA_003,104
GCCCACAGTACTGACGAAGG_001,98
GCCCACAGTACTGACGAAGG_002,151
GCCCACAGTACTGACGAAGG_003,98
GCCCACAGTACTGACGAAGG_004,157
GCCCACAGTACTGACGAAGG_005,20
GCTGCTGACACCCAGGACCA_001,101
GCTGCTGACACCCAGGACCA_002,4
GCTGCTGACACCCAGGACCA_003,133
GCTGCTGACACCCAGGACCA_004,48
TGACGTGAGAGGAGCACACG_001,171
TGACGTGAGAGGAGCACACG_002,84
TGACGTGAGAGGAGCACACG_003,127
TGACGTGAGAGGAGCACACG_004,162
TGACGTGAGAGGAGCACACG_005,134
TGACGTGAGAGGAGCACACG_006,17
TGACGTGAGAGGAGCACACG_007,105
TGACGTGAGAGGAGCACACG_008,70
TGACGTGAGAGGAGCACACG_009,162
TGACGTGAGAGGAGCACACG_010,77
TGACGTGAGAGGAGCACACG_011,149
TGACGTGAGAGGAGCACACG_012,129
TGACGTGAGAGGAGCACACG_013,147
TGACGTGAGAGGAGCACACG_014,52
TGACGTGAGAGGAGCACACG_015,68
TGACGTGAGAGGAGCACACG_016,30
TGACGTGAGAGGAGCACACG_017,149
TGACGTGAGAGGAGCACACG_018,70
TGACGTGAGAGGAGCACACG_019,85
TGACGTGAGAGGAGCACACG_020,77
TGACGTGAGAGGAGCACACG_021,58
TGACGTGAGAGGAGCACACG_022,84
TGACGTGAGAGGAGCACACG_023,48
TGACGTGAGAGGAGCACACG_024,71
TGACGTGAGAGGAGCACACG_025,41
TGACGTGAGAGGAGCACACG_026,8
TGACGTGAGAGGAGCACACG_027,49
TGACGTGAGAGGAGCACACG_028,146
TGACGTGAGAGGAGCACACG_029,171
TGACGTGAGAGGAGCACACG_030,177
TGACGTGAGAGGAGCACACG_031,146
TGACGTGAGAGGAGCACACG_032,108
TGACGTGAGAGGAGCACACG_033,15
TGACGTGAGAGGAGCACACG_034,170
TGACGTGAGAGGAGCACACG_035,152
AATACCCACCCACACAAGAT_001,17
AATACCCACCCACACAAGAT_002,32
AATACCCACCCACACAAGAT_003,41
AATACCCACCCACACAAGAT_004,178
AATACCCACCCACACAAGAT_005,192
AATACCCACCCACACAAGAT_006,81
AATACCCACCCACACAAGAT_007,155
AATACCCACCCACACAAGAT_008,199
AATACCCACCCACACAAGAT_009,117
AATACCCACCCACACAAGAT_010,182
AATACCCACCCACACAAGAT_011,60
AATACCCACCCACACAAGAT_012,89
ATATATTGGAAATCTAACAT_001,6
ATATATTGGAAATCTAACAT_002,130
TGCCCAGATTTGGATTGAAG_001,48
TGCCCAGATTTGGATTGAAG_002,101
TGCCCAGATTTGGATTGAAG_003,139
TGCCCAGATTTGGATTGAAG_004,165
TGCCCAGATTTGGATTGAAG_005,51
TGCCCAGATTTGGATTGAAG_006,58
TGCCCAGATTTGGATTGAAG_007,28
CCATCTTCGACAAGAGCACA_001,158
CCATCTTCGACAAGAGCACA_002,50
CCATCTTCGACAAGAGCACA_003,168
CCATCTTCGACAAGAGCACA_004,2
CCATCTTCGACAAGAGCACA_005,70
CCATCTTCGACAAGAGCACA_006,63
CCATCTTCGACAAGAGCACA_007,94
CCATCTTCGACAAGAGCACA_008,172
CCATCTTCGACAAGAGCACA_009,58
CCATCTTCGACAAGAGCACA_010,11
CCATCTTCGACAAGAGCACA_011,158
CCATCTTCGACAAGAGCACA_012,194
CCATCTTCGACAAGAGCACA_013,51
CCATCTTCGACAAGAGCACA_014,27
CCATCTTCGACAAGAGCACA_015,105
CCATCTTCGACAAGAGCACA_016,58
CCATCTTCGACAAGAGCACA_017,19
CCATCTTCGACAAGAGCACA_018,13
CCATCTTCGACAAGAGCACA_019,155
CCATCTTCGACAAGAGCACA_020,119
TTCTGTAGAATCGCACCAGA_001,105
TTCTGTAGAATCGCACCAGA_002,60
TTCTGTAGAATCGCACCAGA_003,1
TTCTGTAGAATCGCACCAGA_004,17
TTCTGTAGAATCGCACCAGA_005,9
TTCTGTAGAATCGCACCAGA_006,199
TTCTGTAGAATCGCACCAGA_007,169
TTCTGTAGAATCGCACCAGA_008,134
TTCTGTAGAATCGCACCAGA_009,94
AGTTGAGTTACCGCAAAGTG_001,57
AGTTGAGTTACCGCAAAGTG_002,62
AGTTGAGTTACCGCAAAGTG_003,107
AGTTGAGTTACCGCAAAGTG_004,175
AGTTGAGTTACCGCAAAGTG_005,49
AGTTGAGTTACCGCAAAGTG_006,185
AGTTGAGTTACCGCAAAGTG_007,85
AGTTGAGTTACCGCAAAGTG_008,34
AGTTGAGTTACCGCAAAGTG_009,138
AGTTGAGTTACCGCAAAGTG_010,6
AGTTGAGTTACCGCAAAGTG_011,171
AGTTGAGTTACCGCAAAGTG_012,53
AGTTGAGTTACCGCAAAGTG_013,96
AGTTGAGTTACCGCAAAGTG_014,176
AGTTGAGTTACCGCAAAGTG_015,176
AGTTGAGTTACCGCAAAGTG_016,10
AGTTGAGTTACCGCAAAGTG_017,70
AGTTGAGTTACCGCAAAGTG_018,131
AGTTGAGTTACCGCAAAGTG_019,146
AGTTGAGTTACCGCAAAGTG_020,106
AGTTGAGTTACCGCAAAGTG_021,58
GGGGACCTGCTCATCTACTC_001,168
GGGGACCTGCTCATCTACTC_002,192
GGGGACCTGCTCATCTACTC_003,145
AGGGTCTGGACACACATCTG_001,15
AGGGTCTGGACACACATCTG_002,97
AGGGTCTGGACACACATCTG_003,43
AGGGTCTGGACACACATCTG_004,79
AGGGTCTGGACACACATCTG_005,154
AGGGTCTGGACACACATCTG_006,167
AGGGTCTGGACACACATCTG_007,141
AGGGTCTGGACACACATCTG_008,1
AGGGTCTGGACACACATCTG_009,192
AGGGTCTGGACACACATCTG_010,83
AGGGTCTGGACACACATCTG_011,14
AGGGTCTGGACACACATCTG_012,169
AGGGTCTGGACACACATCTG_013,19
CGGACAGTGACTTTCTGCCA_001,58
CGGACAGTGACTTTCTGCCA_002,91
CGGACAGTGACTTTCTGCCA_003,89
CGGACAGTGACTTTCTGCCA_004,174
ACAGAAGAACTGTGGAACTG_001,72
ACAGAAGAACTGTGGAACTG_002,192
ACAGAAGAACTGTGGAACTG_003,76
ACAGAAGAACTGTGGAACTG_004,41
ACAGAAGAACTGTGGAACTG_005,82
ACAGAAGAACTGTGGAACTG_006,22
ACAGAAGAACTGTGGAACTG_007,65
ACAGAAGAACTGTGGAACTG_008,141
ACAGAAGAACTGTGGAACTG_009,107
ACAGAAGAACTGTGGAACTG_010,83
ACAGAAGAACTGTGGAACTG_011,181
ACAGAAGAACTGTGGAACTG_012,148
ACAGAAGAACTGTGGAACTG_013,42
ACAGAAGAACTGTGGAACTG_014,36
GGGAGGAATATCGTGGCGAG_001,143
GGGAGGAATATCGTGGCGAG_002,11
GGGAGGAATATCGTGGCGAG_003,148
GGGAGGAATATCGTGGCGAG_004,50
CAGGCTCGACGACACCACAA_001,83
CAGGCTCGACGACACCACAA_002,69
CAGGCTCGACGACACCACAA_003,28
CAGGCTCGACGACACCACAA_004,38
CAGGCTCGACGACACCACAA_005,42
AAAATCAATGTAGCATCCGG_001,83
AGTGTATCTTCCACCTGTCT_001,162
AGTGTATCTTCCACCTGTCT_002,145
AGTGTATCTTCCACCTGTCT_003,173
AGTGTATCTTCCACCTGTCT_004,44
AGTGTATCTTCCACCTGTCT_005,26
AGTGTATCTTCCACCTGTCT_006,98
AGTGTATCTTCCACCTGTCT_007,138
AGTGTATCTTCCACCTGTCT_008,61
AGTGTATCTTCCACCTGTCT_009,74
GGCTGTCCTAGAGAAACGCG_001,150
GGCTGTCCTAGAGAAACGCG_002,68
GGCTGTCCTAGAGAAACGCG_003,36
GGCTGTCCTAGAGAAACGCG_004,96
GGCTGTCCTAGAGAAACGCG_005,117
GGCTGTCCTAGAGAAACGCG_006,105
GGCTGTCCTAGAGAAACGCG_007,90
GGCTGTCCTAGAGAAACGCG_008,16
GGCTGTCCTAGAGAAACGCG_009,36
GGCTGTCCTAGAGAAACGCG_010,32
GGGGTATGTGGCAATACACA_001,36
TCCAGCGTCTGCATTTCCCG_001,68
TCCAGCGTCTGCATTTCCCG_002,40
TCCAGCGTCTGCATTTCCCG_003,166
TCCAGCGTCTGCATTTCCCG_004,132
TCCAGCGTCTGCATTTCCCG_005,149
TCCAGCGTCTGCATTTCCCG_006,113
TCCAGCGTCTGCATTTCCCG_007,124
TCTGAGGCTGAAACATAGCA_001,130
TCTGAGGCTGAAACATAGCA_002,127
TCTGAGGCTGAAACATAGCA_003,72
TCTGAGGCTGAAACATAGCA_004,158
TCTGAGGCTGAAACATAGCA_005,88
TCTGAGGCTGAAACATAGCA_006,175
TCTGAGGCTGAAACATAGCA_007,191
TCTGAGGCTGAAACATAGCA_008,133
TCTGAGGCTGAAACATAGCA_009,109
TCTGAGGCTGAAACATAGCA_010,143
TCTGAGGCTGAAACATAGCA_011,198
TCTGAGGCTGAAACATAGCA_012,2
TCTGAGGCTGAAACATAGCA_013,19
TCTGAGGCTGAAACATAGCA_014,145
TCTGAGGCTGAAACATAGCA_015,174
TCTGAGGCTGAAACATAGCA_016,148
TGACCCACACACAGCCCTTG_001,141
TGACCCACACACAGCCCTTG_002,170
TGACCCACACACAGCCCTTG_003,28
TGACCCACACACAGCCCTTG_004,193
TGACCCACACACAGCCCTTG_005,29
TGACCCACACACAGCCCTTG_006,174
TGACCCACACACAGCCCTTG_007,9
TGACCCACACACAGCCCTTG_008,44
TGACCCACACACAGCCCTTG_009,16
TGACCCACACACAGCCCTTG_010,177
TGACCCACACACAGCCCTTG_011,39
TGACCCACACACAGCCCTTG_012,84
TGACCCACACACAGCCCTTG_013,147
TGACCCACACACAGCCCTTG_014,177
TGACCCACACACAGCCCTTG_015,103
TGACCCACACACAGCCCTTG_016,2
TGACCCACACACAGCCCTTG_017,148
TGACCCACACACAGCCCTTG_018,156
TGACCCACACACAGCCCTTG_019,124
TGACCCACACACAGCCCTTG_020,114
TGACCCACACACAGCCCTTG_021,70
TGACCCACACACAGCCCTTG_022,103
TTGGAGTCATCTCATCAGTG_001,85
TTGGAGTCATCTCATCAGTG_002,19
TTGGAGTCATCTCATCAGTG_003,34
TTGGAGTCATCTCATCAGTG_004,83
CCTGAAGGCTCTACTCAACG_001,25
CCTGAAGGCTCTACTCAACG_002,170
CCTGAAGGCTCTACTCAACG_003,169
CCTGAAGGCTCTACTCAACG_004,169
CCTGAAGGCTCTACTCAACG_005,161
CCTGAAGGCTCTACTCAACG_006,55
TCTTCAGACACAGCTGCCAG_001,174
TCTTCAGACACAGCTGCCAG_002,94
TCTTCAGACACAGCTGCCAG_003,149
TCTTCAGACACAGCTGCCAG_004,97
TCTTCAGACACAGCTGCCAG_005,94
TCTTCAGACACAGCTGCCAG_006,158
TCTTCAGACACAGCTGCCAG_007,40
TCTTCAGACACAGCTGCCAG_008,83
TCTTCAGACACAGCTGCCAG_009,78
TCTTCAGACACAGCTGCCAG_010,105
TCTTCAGACACAGCTGCCAG_011,101
TCTTCAGACACAGCTGCCAG_012,138
TCTTCAGACACAGCTGCCAG_013,118
TCTTCAGACACAGCTGCCAG_014,98
TCTTCAGACACAGCTGCCAG_015,81
TCTTCAGACACAGCTGCCAG_016,89
TCTTCAGACACAGCTGCCAG_017,61
TCTTCAGACACAGCTGCCAG_018,98
TCTTCAGACACAGCTGCCAG_019,110
TCTTCAGACACAGCTGCCAG_020,134
TCTTCAGACACAGCTGCCAG_021,115
TCTTCAGACACAGCTGCCAG_022,188
TCTTCAGACACAGCTGCCAG_023,6
CAGCATCGACCACATCTCAG_001,106
CAGCATCGACCACATCTCAG_002,168
CAGCATCGACCACATCTCAG_003,133
CAGCATCGACCACATCTCAG_004,98
CAGCATCGACCACATCTCAG_005,169
CAGCATCGACCACATCTCAG_006,62
CAGCATCGACCACATCTCAG_007,147
CAGCATCGACCACATCTCAG_008,62
CAGCATCGACCACATCTCAG_009,60
CAGCATCGACCACATCTCAG_010,92
CAGCATCGACCACATCTCAG_011,88
CAGCATCGACCACATCTCAG_012,174
CTCTAAAGCACATCTCCCGA_001,118
CTCTAAAGCACATCTCCCGA_002,26
CTCTAAAGCACATCTCCCGA_003,69
GTGGTGAAACTGAGGAACGA_001,94
GTGGTGAAACTGAGGAACGA_002,147
GTGGTGAAACTGAGGAACGA_003,116
GGGTGTAAGGATTCCCACTG_001,91
GGGTGTAAGGATTCCCACTG_002,47
GGGTGTAAGGATTCCCACTG_003,55
GGGTGTAAGGATTCCCACTG_004,170
GGGTGTAAGGATTCCCACTG_005,48
GGGTGTAAGGATTCCCACTG_006,63
GGGTGTAAGGATTCCCACTG_007,95
GGGTGTAAGGATTCCCACTG_008,78
GGGTGTAAGGATTCCCACTG_009,91
GGGTGTAAGGATTCCCACTG_010,162
AGATTCTAAAGATTCACACC_001,84
AGATTCTAAAGATTCACACC_002,70
CATGTATAGGATCCTCTGAG_001,75
CATGTATAGGATCCTCTGAG_002,196
CATGTATAGGATCCTCTGAG_003,161
CATGTATAGGATCCTCTGAG_004,108
CATGTATAGGATCCTCTGAG_005,136
CCTCTTCTTCACACAAGTCA_001,2
CCTCTTCTTCACACAAGTCA_002,191
CCTCTTCTTCACACAAGTCA_003,153
CGGGAGAAGGTTAAAGTCAA_001,82
CGGGAGAAGGTTAAAGTCAA_002,34
CGGGAGAAGGTTAAAGTCAA_003,108
CGGGAGAAGGTTAAAGTCAA_004,108
CGGGAGAAGGTTAAAGTCAA_005,63
CGGGAGAAGGTTAAAGTCAA_006,30
CGGGAGAAGGTTAAAGTCAA_007,15
CGGGAGAAGGTTAAAGTCAA_008,15
CGGGAGAAGGTTAAAGTCAA_009,2
CGGGAGAAGGTTAAAGTCAA_010,4
CGGGAGAAGGTTAAAGTCAA_011,191
CGGGAGAAGGTTAAAGTCAA_012,155
GTGTTTGTAATGTAACAAGG_001,121
GTGTTTGTAATGTAACAAGG_002,68
GTGTTTGTAATGTAACAAGG_003,56
GTGTTTGTAATGTAACAAGG_004,115
GTGTTTGTAATGTAACAAGG_005,113
GTGTTTGTAATGTAACAAGG_006,138
TTTGTGAAGCATACCTGAGG_001,171
TTTGTGAAGCATACCTGAGG_002,192
TTTGTGAAGCATACCTGAGG_003,56
TTGTAAGAAGTAGCTCAAAC_001,100
TTGTAAGAAGTAGCTCAAAC_002,106
TTGTAAGAAGTAGCTCAAAC_003,160
TTGTAAGAAGTAGCTCAAAC_004,132
TTGTAAGAAGTAGCTCAAAC_005,105
TTGTAAGAAGTAGCTCAAAC_006,190
CAGTGCTAGAGAGATTGGCG_001,92
CAGTGCTAGAGAGATTGGCG_002,144
CAGTGCTAGAGAGATTGGCG_003,81
CAGTGCTAGAGAGATTGGCG_004,16
CAGTGCTAGAGAGATTGGCG_005,5
CAGTGCTAGAGAGATTGGCG_006,105
AACTGACAGAGTCCGTACTG_001,148
AACTGACAGAGTCCGTACTG_002,161
AACTGACAGAGTCCGTACTG_003,145
AACTGACAGAGTCCGTACTG_004,145
AACTGACAGAGTCCGTACTG_005,39
AACTGACAGAGTCCGTACTG_006,34
GCAGTCGTACAGGATCACTA_001,56
GCAGTCGTACAGGATCACTA_002,178
GCAGTCGTACAGGATCACTA_003,9
GCAGTCGTACAGGATCACTA_004,76
GCAGTCGTACAGGATCACTA_005,162
GCAGTCGTACAGGATCACTA_006,137
GCAGTCGTACAGGATCACTA_007,15
GCAGTCGTACAGGATCACTA_008,127
GCAGTCGTACAGGATCACTA_009,138
GCAGTCGTACAGGATCACTA_010,121
GCAGTCGTACAGGATCACTA_011,150
GCAGTCGTACAGGATCACTA_012,145
GCAGTCGTACAGGATCACTA_013,81
GCAGTCGTACAGGATCACTA_014,164
GCAGTCGTACAGGATCACTA_015,146
GCAGTCGTACAGGATCACTA_016,89
GCAGTCGTACAGGATCACTA_017,184
CCCGAAGAGAAGGCGTCTGT_001,43
CCCGAAGAGAAGGCGTCTGT_002,198
CCCGAAGAGAAGGCGTCTGT_003,104
CCCGAAGAGAAGGCGTCTGT_004,115
CCCGAAGAGAAGGCGTCTGT_005,84
CCCGAAGAGAAGGCGTCTGT_006,59
CCCGAAGAGAAGGCGTCTGT_007,126
CCCGAAGAGAAGGCGTCTGT_008,71
CCCGAAGAGAAGGCGTCTGT_009,117
CCCGAAGAGAAGGCGTCTGT_010,12
CCCGAAGAGAAGGCGTCTGT_011,111
CCCGAAGAGAAGGCGTCTGT_012,158
CCCGAAGAGAAGGCGTCTGT_013,69
CCCGAAGAGAAGGCGTCTGT_014,35
CCCGAAGAGAAGGCGTCTGT_015,38
CCCGAAGAGAAGGCGTCTGT_016,63
CCCGAAGAGAAGGCGTCTGT_017,25
CCCGAAGAGAAGGCGTCTGT_018,152
CCCGAAGAGAAGGCGTCTGT_019,186
CCCGAAGAGAAGGCGTCTGT_020,78
CCCGAAGAGAAGGCGTCTGT_021,100
CCCGAAGAGAAGGCGTCTGT_022,100
CCCGAAGAGAAGGCGTCTGT_023,33
CCCGAAGAGAAGGCGTCTGT_024,29
CCCGAAGAGAAGGCGTCTGT_025,105
CCCGAAGAGAAGGCGTCTGT_026,94
CCCGAAGAGAAGGCGTCTGT_027,50
CCCGAAGAGAAGGCGTCTGT_028,185
CCTGCTGCACAATGAGACCT_001,48
CCTGCTGCACAATGAGACCT_002,103
CCTGCTGCACAATGAGACCT_003,85
CCTGCTGCACAATGAGACCT_004,58
CCTGCTGCACAATGAGACCT_005,143
CCTGCTGCACAATGAGACCT_006,5
CCTGCTGCACAATGAGACCT_007,139
CCTGCTGCACAATGAGACCT_008,102
CCTGCTGCACAATGAGACCT_009,25
CCTGCTGCACAATGAGACCT_010,124
CCTGCTGCACAATGAGACCT_011,196
CCTGCTGCACAATGAGACCT_012,188
GCAGCAAGACGGTACAGTGA_001,1
GCAGCAAGACGGTACAGTGA_002,149
GCAGCAAGACGGTACAGTGA_003,4
GCAGCAAGACGGTACAGTGA_004,38
GCAGCAAGACGGTACAGTGA_005,17
GCAGCAAGACGGTACAGTGA_006,117
GCAGCAAGACGGTACAGTGA_007,38
GCAGCAAGACGGTACAGTGA_008,9
GCAGCAAGACGGTACAGTGA_009,170
GCAGCAAGACGGTACAGTGA_010,11
GCAGCAAGACGGTACAGTGA_011,26
TCATTGCAGATGTCAAGACC_001,121
GGAAACCCGTTGGGACCCTG_001,95
GGAAACCCGTTGGGACCCTG_002,49
GGAAACCCGTTGGGACCCTG_003,97
GGAAACCCGTTGGGACCCTG_004,4
GGAAACCCGTTGGGACCCTG_005,44
GGAAACCCGTTGGGACCCTG_006,22
GGAAACCCGTTGGGACCCTG_007,168
GGAAACCCGTTGGGACCCTG_008,49
GGAAACCCGTTGGGACCCTG_009,107
GGAAACCCGTTGGGACCCTG_010,19
GGAAACCCGTTGGGACCCTG_011,78
CTTAAGGCGAGAAAAATTAG_001,17
CTTAAGGCGAGAAAAATTAG_002,32
CTTAAGGCGAGAAAAATTAG_003,177
CTTAAGGCGAGAAAAATTAG_004,61
CCTCTCTGGCTATTACCGCG_001,1
CCTCTCTGGCTATTACCGCG_002,33
GCAGATGCTCAAGCCGCTTG_001,195
GCAGATGCTCAAGCCGCTTG_002,92
GCAGATGCTCAAGCCGCTTG_003,18
GCAGATGCTCAAGCCGCTTG_004,150
GCAGATGCTCAAGCCGCTTG_005,144
TGCAGTTATGGGACACAGCA_001,65
TGCAGTTATGGGACACAGCA_002,92
TGCAGTTATGGGACACAGCA_003,191
TGCAGTTATGGGACACAGCA_004,48
TGCAGTTATGGGACACAGCA_005,130
TGCAGTTATGGGACACAGCA_006,57
TGCAGTTATGGGACACAGCA_007,70
TGCAGTTATGGGACACAGCA_008,162
TGCAGTTATGGGACACAGCA_009,75
TGCAGTTATGGGACACAGCA_010,37
TGCAGTTATGGGACACAGCA_011,34
TGCAGTTATGGGACACAGCA_012,4
TGCAGTTATGGGACACAGCA_013,103
TGCAGTTATGGGACACAGCA_014,16
TGCAGTTATGGGACACAGCA_015,160
TGCAGTTATGGGACACAGCA_016,78
TGCAGTTATGGGACACAGCA_017,98
TGCAGTTATGGGACACAGCA_018,98
TGCAGTTATGGGACACAGCA_019,4
TGCAGTTATGGGACACAGCA_020,165
AGGGCAATATTGGCAAGACT_001,156
AGGGCAATATTGGCAAGACT_002,38
AGGGCAATATTGGCAAGACT_003,50
TAGAGCTCGGCCACTCGCGT_001,62
TAGAGCTCGGCCACTCGCGT_002,163
CGAGACTAAACTCAATACAG_001,15
CGAGACTAAACTCAATACAG_002,198
CGAGACTAAACTCAATACAG_003,80
CGAGACTAAACTCAATACAG_004,161
CGAGACTAAACTCAATACAG_005,142
CGAGACTAAACTCAATACAG_006,130
CGAGACTAAACTCAATACAG_007,98
CGAGACTAAACTCAATACAG_008,105
CGAGACTAAACTCAATACAG_009,68
CGAGACTAAACTCAATACAG_010,163
CGAGACTAAACTCAATACAG_011,195
CGAGACTAAACTCAATACAG_012,88
CGAGACTAAACTCAATACAG_013,146
CGAGACTAAACTCAATACAG_014,194
CGAGACTAAACTCAATACAG_015,165
CGAGACTAAACTCAATACAG_016,54
CGAGACTAAACTCAATACAG_017,67
CGAGACTAAACTCAATACAG_018,107
CGAGACTAAACTCAATACAG_019,117
CGAGACTAAACTCAATACAG_020,134
CGAGACTAAACTCAATACAG_021,3
CGAGACTAAACTCAATACAG_022,174
CGAGACTAAACTCAATACAG_023,170
CCCTTGCTCGTTGATCCCTG_001,58
CCCTTGCTCGTTGATCCCTG_002,191
CCCTTGCTCGTTGATCCCTG_003,64
CGCCACCTGGCGGAACGTGT_001,158
CGCCACCTGGCGGAACGTGT_002,175
CGCCACCTGGCGGAACGTGT_003,165
CGCCACCTGGCGGAACGTGT_004,176
CGCCACCTGGCGGAACGTGT_005,38
CGCCACCTGGCGGAACGTGT_006,62
GCGTGTAGGATGGATAAGGT_001,3
GCGTGTAGGATGGATAAGGT_002,47
GCGTGTAGGATGGATAAGGT_003,108
GCGTGTAGGATGGATAAGGT_004,6
GCGTGTAGGATGGATAAGGT_005,14
GCGTGTAGGATGGATAAGGT_006,41
CAGCCTTGAAGATCGCACTG_001,170
CAGCCTTGAAGATCGCACTG_002,15
CGATCTCCTCATAATGCATG_001,140
CGATCTCCTCATAATGCATG_002,161
CGATCTCCTCATAATGCATG_003,75
CGATCTCCTCATAATGCATG_004,178
CGATCTCCTCATAATGCATG_005,45
CGATCTCCTCATAATGCATG_006,43
GTCTGATACGCCAAAATCCG_001,56
GTCTGATACGCCAAAATCCG_002,127
GTCTGATACGCCAAAATCCG_003,127
GTCTGATACGCCAAAATCCG_004,60
GTCTGATACGCCAAAATCCG_005,97
GTCTGATACGCCAAAATCCG_006,129
CTGGACACAGTGACACTATG_001,9
CTGGACACAGTGACACTATG_002,141
CTGGACACAGTGACACTATG_003,41
CTGGACACAGTGACACTATG_004,149
CTGGACACAGTGACACTATG_005,132
CTGGACACAGTGACACTATG_006,51
CTGGACACAGTGACACTATG_007,132
CTGGACACAGTGACACTATG_008,134
CTGGACACAGTGACACTATG_009,192
CTGGACACAGTGACACTATG_010,16
CTGGACACAGTGACACTATG_011,4
CTGGACACAGTGACACTATG_012,122
CTGGACACAGTGACACTATG_013,127
CTGGACACAGTGACACTATG_014,48
CTGGACACAGTGACACTATG_015,60
CTGGACACAGTGACACTATG_016,189
CTGGACACAGTGACACTATG_017,58
CTGGACACAGTGACACTATG_018,116
CTGGACACAGTGACACTATG_019,37
CTGGACACAGTGACACTATG_020,28
AGGTTGTTTAGACCACCCCA_001,135
AGGTTGTTTAGACCACCCCA_002,96
AGGTTGTTTAGACCACCCCA_003,83
AGGTTGTTTAGACCACCCCA_004,184
AGGTTGTTTAGACCACCCCA_005,147
AGGTTGTTTAGACCACCCCA_006,30
AGGTTGTTTAGACCACCCCA_007,198
AGGTTGTTTAGACCACCCCA_008,9
AGGTTGTTTAGACCACCCCA_009,65
AGGTTGTTTAGACCACCCCA_010,8
AGGTTGTTTAGACCACCCCA_011,55
AGGTTGTTTAGACCACCCCA_012,31
AGGTTGTTTAGACCACCCCA_013,160
AGGTTGTTTAGACCACCCCA_014,9
AGGTTGTTTAGACCACCCCA_015,69
AGGTTGTTTAGACCACCCCA_016,150
AGGTTGTTTAGACCACCCCA_017,191
AGGTTGTTTAGACCACCCCA_018,28
AGGTTGTTTAGACCACCCCA_019,58
AGGTTGTTTAGACCACCCCA_020,40
AGGTTGTTTAGACCACCCCA_021,91
AAAGGAAGCCAACAATTATG_001,169
AAAGGAAGCCAACAATTATG_002,19
AAAGGAAGCCAACAATTATG_003,20
AAAGGAAGCCAACAATTATG_004,12
AAAGGAAGCCAACAATTATG_005,70
AAAGGAAGCCAACAATTATG_006,44
AAAGGAAGCCAACAATTATG_007,38
AAGAAGTGAACCAACACTTG_001,51
AAGAAGTGAACCAACACTTG_002,190
AAGAAGTGAACCAACACTTG_003,115
AAGAAGTGAACCAACACTTG_004,150
AAGAAGTGAACCAACACTTG_005,70
AAGAAGTGAACCAACACTTG_006,66
AGTGTCATTACGCTCAAACA_001,102
AGTGTCATTACGCTCAAACA_002,147
AGTGTCATTACGCTCAAACA_003,49
AGTGTCATTACGCTCAAACA_004,125
AGTGTCATTACGCTCAAACA_005,29
AGTGTCATTACGCTCAAACA_006,121
CCTCCCAAGAAGAAGATGAC_001,169
CCTCCCAAGAAGAAGATGAC_002,23
CCTCCCAAGAAGAAGATGAC_003,23
CCTCCCAAGAAGAAGATGAC_004,134
CCTCCCAAGAAGAAGATGAC_005,66
CCTCCCAAGAAGAAGATGAC_006,153
CCTCCCAAGAAGAAGATGAC_007,87
GAACTTGAGCAGCGGCCCCG_001,48
GAACTTGAGCAGCGGCCCCG_002,176
GAACTTGAGCAGCGGCCCCG_003,55
GAACTTGAGCAGCGGCCCCG_004,48
GAACTTGAGCAGCGGCCCCG_005,115
GAACTTGAGCAGCGGCCCCG_006,1
GAACTTGAGCAGCGGCCCCG_007,30
GAACTTGAGCAGCGGCCCCG_008,36
GAACTTGAGCAGCGGCCCCG_009,158
GAACTTGAGCAGCGGCCCCG_010,182
GAACTTGAGCAGCGGCCCCG_011,94
GAACTTGAGCAGCGGCCCCG_012,106
GAACTTGAGCAGCGGCCCCG_013,192
GAACTTGAGCAGCGGCCCCG_014,41
GAACTTGAGCAGCGGCCCCG_015,199
GAACTTGAGCAGCGGCCCCG_016,31
GCTGCTCCAGAAGAGCCTGC_001,181
GCTGCTCCAGAAGAGCCTGC_002,23
GCTGCTCCAGAAGAGCCTGC_003,156
GCTGCTCCAGAAGAGCCTGC_004,95
GCTGCTCCAGAAGAGCCTGC_005,52
GCTGCTCCAGAAGAGCCTGC_006,68
GCTGCTCCAGAAGAGCCTGC_007,65
GCTGCTCCAGAAGAGCCTGC_008,161
GCTGCTCCAGAAGAGCCTGC_009,138
GCTGCTCCAGAAGAGCCTGC_010,32
GGTCCGAGAGGTGTACGAAG_001,23
GGTCCGAGAGGTGTACGAAG_002,169
GGTCCGAGAGGTGTACGAAG_003,98
GGTCCGAGAGGTGTACGAAG_004,170
GGTCCGAGAGGTGTACGAAG_005,60
GGTCCGAGAGGTGTACGAAG_006,9
GGTCCGAGAGGTGTACGAAG_007,12
GGTCCGAGAGGTGTACGAAG_008,147
GGTCCGAGAGGTGTACGAAG_009,42
GGTCCGAGAGGTGTACGAAG_010,82
GGTCCGAGAGGTGTACGAAG_011,132
GGTCCGAGAGGTGTACGAAG_012,129
GGTCCGAGAGGTGTACGAAG_013,169
GGTCCGAGAGGTGTACGAAG_014,58
GGTCCGAGAGGTGTACGAAG_015,117
GGTCCGAGAGGTGTACGAAG_016,2
GGTCCGAGAGGTGTACGAAG_017,142
GGTCCGAGAGGTGTACGAAG_018,72
GGTCCGAGAGGTGTACGAAG_019,102
GGTCCGAGAGGTGTACGAAG_020,32
CCCCGCCAAGACTATCAGCT_001,187
CCCCGCCAAGACTATCAGCT_002,152
CCCCGCCAAGACTATCAGCT_003,34
CCCCGCCAAGACTATCAGCT_004,172
CCCCGCCAAGACTATCAGCT_005,36
CCCCGCCAAGACTATCAGCT_006,34
CCCCGCCAAGACTATCAGCT_007,1
GATCCGGAGCAGACGCCTCG_001,165
GATCCGGAGCAGACGCCTCG_002,84
GATCCGGAGCAGACGCCTCG_003,60
GATCCGGAGCAGACGCCTCG_004,170
GATCCGGAGCAGACGCCTCG_005,149
GATCCGGAGCAGACGCCTCG_006,140
GATCCGGAGCAGACGCCTCG_007,4
GATCCGGAGCAGACGCCTCG_008,120
GATCCGGAGCAGACGCCTCG_009,98
GATCCGGAGCAGACGCCTCG_010,159
GATCCGGAGCAGACGCCTCG_011,141
GATCCGGAGCAGACGCCTCG_012,82
GATCCGGAGCAGACGCCTCG_013,54
GATCCGGAGCAGACGCCTCG_014,105
GATCCGGAGCAGACGCCTCG_015,172
GATCCGGAGCAGACGCCTCG_016,16
GATCCGGAGCAGACGCCTCG_017,59
GATCCGGAGCAGACGCCTCG_018,8
GATCCGGAGCAGACGCCTCG_019,122
GATCCGGAGCAGACGCCTCG_020,197
GATCCGGAGCAGACGCCTCG_021,144
GATCCGGAGCAGACGCCTCG_022,78
GATCCGGAGCAGACGCCTCG_023,33
GATCCGGAGCAGACGCCTCG_024,192
GATCCGGAGCAGACGCCTCG_025,140
GATCCGGAGCAGACGCCTCG_026,104
GATCCGGAGCAGACGCCTCG_027,142
GATCCGGAGCAGACGCCTCG_028,70
GATCCGGAGCAGACGCCTCG_029,127
GATCCGGAGCAGACGCCTCG_030,184
GATCCGGAGCAGACGCCTCG_031,166
GATCCGGAGCAGACGCCTCG_032,42
CAGCGTTTATGACCCACAAG_001,165
CAGCGTTTATGACCCACAAG_002,48
CAGCGTTTATGACCCACAAG_003,53
CAGCGTTTATGACCCACAAG_004,56
CAGCGTTTATGACCCACAAG_005,61
CAGCGTTTATGACCCACAAG_006,84
CAGCGTTTATGACCCACAAG_007,116
CAGCGTTTATGACCCACAAG_008,110
CAGCGTTTATGACCCACAAG_009,187
CAGCGTTTATGACCCACAAG_010,98
CAGCGTTTATGACCCACAAG_011,115
GTATGTCTATGAGATGTTGG_001,153
GTATGTCTATGAGATGTTGG_002,92
GTATGTCTATGAGATGTTGG_003,169
GTATGTCTATGAGATGTTGG_004,30
TGCTAGACGTATTCACATTG_001,9
TGCTAGACGTATTCACATTG_002,124
TGTGGCCATTGTTGACCATG_001,44
AGCGACCGGGATGCGAAGGT_001,34
AGCGACCGGGATGCGAAGGT_002,175
AGCGACCGGGATGCGAAGGT_003,178
AGCGACCGGGATGCGAAGGT_004,150
AGCGACCGGGATGCGAAGGT_005,162
AGCGACCGGGATGCGAAGGT_006,99
AGCGACCGGGATGCGAAGGT_007,7
AGCGACCGGGATGCGAAGGT_008,197
AGCGACCGGGATGCGAAGGT_009,104
AGGAAAGAGGAAATTCCCGG_001,95
AGGAAAGAGGAAATTCCCGG_002,110
AGGAAAGAGGAAATTCCCGG_003,63
AGGAAAGAGGAAATTCCCGG_004,31
AGGAAAGAGGAAATTCCCGG_005,176
AGGAAAGAGGAAATTCCCGG_006,50
AGGAAAGAGGAAATTCCCGG_007,77
AGGAAAGAGGAAATTCCCGG_008,94
AGGAAAGAGGAAATTCCCGG_009,193
AAGACAAACACAACAAGGAG_001,128
AAGACAAACACAACAAGGAG_002,41
AAGACAAACACAACAAGGAG_003,144
AAGACAAACACAACAAGGAG_004,63
AAGACAAACACAACAAGGAG_005,86
AAGACAAACACAACAAGGAG_006,133
AAGACAAACACAACAAGGAG_007,47
AAGACAAACACAACAAGGAG_008,188
AAGACAAACACAACAAGGAG_009,168
AAGACAAACACAACAAGGAG_010,48
AAGACAAACACAACAAGGAG_011,160
AAGACAAACACAACAAGGAG_012,130
AAGACAAACACAACAAGGAG_013,130
AAGACAAACACAACAAGGAG_014,116
AAGACAAACACAACAAGGAG_015,66
GCAGTGACGCATTGGCCCTG_001,50
GCAGTGACGCATTGGCCCTG_002,48
GCAGTGACGCATTGGCCCTG_003,178
GCAGTGACGCATTGGCCCTG_004,73
GCAGTGACGCATTGGCCCTG_005,61
GCAGTGACGCATTGGCCCTG_006,190
GCAGTGACGCATTGGCCCTG_007,7
GCAGTGACGCATTGGCCCTG_008,119
GCAGTGACGCATTGGCCCTG_009,94
GCAGTGACGCATTGGCCCTG_010,149
GCAGTGACGCATTGGCCCTG_011,113
GCAGTGACGCATTGGCCCTG_012,70
GCAGTGACGCATTGGCCCTG_013,148
GCAGTGACGCATTGGCCCTG_014,30
GCAGTGACGCATTGGCCCTG_015,57
GCAGTGACGCATTGGCCCTG_016,88
GCAGTGACGCATTGGCCCTG_017,130
AGAGCCCGACAGCTACACGG_001,178
AGAGCCCGACAGCTACACGG_002,18
AGAGCCCGACAGCTACACGG_003,177
AGAGCCCGACAGCTACACGG_004,104
AGAGCCCGACAGCTACACGG_005,48
AGAGCCCGACAGCTACACGG_006,103
AGAGCCCGACAGCTACACGG_007,83
AGAGCCCGACAGCTACACGG_008,59
AGAGCCCGACAGCTACACGG_009,6
AGAGCCCGACAGCTACACGG_010,178
AGAGCCCGACAGCTACACGG_011,113
AGAGCCCGACAGCTACACGG_012,5
AGAGCCCGACAGCTACACGG_013,77
AGAGCCCGACAGCTACACGG_014,129
AGAGCCCGACAGCTACACGG_015,119
AGAGCCCGACAGCTACACGG_016,59
AGAGCCCGACAGCTACACGG_017,108
AGAGCCCGACAGCTACACGG_018,48
AGAGCCCGACAGCTACACGG_019,182
AGAGCCCGACAGCTACACGG_020,136
AGAGCCCGACAGCTACACGG_021,150
AGAGCCCGACAGCTACACGG_022,130
AGAGCCCGACAGCTACACGG_023,102
AGAGCCCGACAGCTACACGG_024,174
AGAGCCCGACAGCTACACGG_025,70
AGATGTTACAAGCAGACCAG_001,159
AGATGTTACAAGCAGACCAG_002,136
AGATGTTACAAGCAGACCAG_003,30
AGATGTTACAAGCAGACCAG_004,174
AGATGTTACAAGCAGACCAG_005,127
AGATGTTACAAGCAGACCAG_006,16
AGATGTTACAAGCAGACCAG_007,183
AGATGTTACAAGCAGACCAG_008,183
AGATGTTACAAGCAGACCAG_009,168
AGATGTTACAAGCAGACCAG_010,61
AGATGTTACAAGCAGACCAG_011,152
AGATGTTACAAGCAGACCAG_012,68
AATTCTCACCTGTCGACAGG_001,183
AATTCTCACCTGTCGACAGG_002,82
AATTCTCACCTGTCGACAGG_003,55
AATTCTCACCTGTCGACAGG_004,43
AATTCTCACCTGTCGACAGG_005,170
AATTCTCACCTGTCGACAGG_006,25
AATTCTCACCTGTCGACAGG_007,154
AATTCTCACCTGTCGACAGG_008,38
AATTCTCACCTGTCGACAGG_009,98
AATTCTCACCTGTCGACAGG_010,177
AATTCTCACCTGTCGACAGG_011,31
AATTCTCACCTGTCGACAGG_012,147
AATTCTCACCTGTCGACAGG_013,87
AATTCTCACCTGTCGACAGG_014,84
AATTCTCACCTGTCGACAGG_015,105
AATTCTCACCTGTCGACAGG_016,48
AATTCTCACCTGTCGACAGG_017,191
AATTCTCACCTGTCGACAGG_018,33
AATTCTCACCTGTCGACAGG_019,44
AATTCTCACCTGTCGACAGG_020,82
AATTCTCACCTGTCGACAGG_021,25
AATTCTCACCTGTCGACAGG_022,92
AATTCTCACCTGTCGACAGG_023,156
AATTCTCACCTGTCGACAGG_024,76
AATTCTCACCTGTCGACAGG_025,74
AATTCTCACCTGTCGACAGG_026,4
AATTCTCACCTGTCGACAGG_027,136
AATTCTCACCTGTCGACAGG_028,9
AATTCTCACCTGTCGACAGG_029,66
AATTCTCACCTGTCGACAGG_030,63
GACAAAAAACCAGTAGAGCG_001,105
GACAAAAAACCAGTAGAGCG_002,75
GACAAAAAACCAGTAGAGCG_003,126
GACAAAAAACCAGTAGAGCG_004,13
GACAAAAAACCAGTAGAGCG_005,189
GGGATCCTGGCCCTCTAGCG_001,17
GGGATCCTGGCCCTCTAGCG_002,48
GGGATCCTGGCCCTCTAGCG_003,162
GGGATCCTGGCCCTCTAGCG_004,134
GGGATCCTGGCCCTCTAGCG_005,148
GGGATCCTGGCCCTCTAGCG_006,17
GGGATCCTGGCCCTCTAGCG_007,58
GGGATCCTGGCCCTCTAGCG_008,68
GGGATCCTGGCCCTCTAGCG_009,105
ACTGATTTGCGGCTTCACAG_001,130
ACTGATTTGCGGCTTCACAG_002,168
ACTGATTTGCGGCTTCACAG_003,62
ACTGATTTGCGGCTTCACAG_004,65
ACTGATTTGCGGCTTCACAG_005,132
ACTGATTTGCGGCTTCACAG_006,92
ACTGATTTGCGGCTTCACAG_007,88
ACTGATTTGCGGCTTCACAG_008,178
ACTGATTTGCGGCTTCACAG_009,193
ACTGATTTGCGGCTTCACAG_010,6
ACTGATTTGCGGCTTCACAG_011,52
ACTGATTTGCGGCTTCACAG_012,127
ACTGATTTGCGGCTTCACAG_013,102
ACTGATTTGCGGCTTCACAG_014,98
ACTGATTTGCGGCTTCACAG_015,175
ACTGATTTGCGGCTTCACAG_016,44
ACTGATTTGCGGCTTCACAG_017,9
ACTGATTTGCGGCTTCACAG_018,2
ACTGATTTGCGGCTTCACAG_019,41
ACTGATTTGCGGCTTCACAG_020,2
ACTGATTTGCGGCTTCACAG_021,53
ACTGATTTGCGGCTTCACAG_022,29
ACTGATTTGCGGCTTCACAG_023,48
ACTGATTTGCGGCTTCACAG_024,46
ACTGATTTGCGGCTTCACAG_025,124
ACTGATTTGCGGCTTCACAG_026,192
ACTGATTTGCGGCTTCACAG_027,48
ACTGATTTGCGGCTTCACAG_028,94
ACTGATTTGCGGCTTCACAG_029,1
ACTGATTTGCGGCTTCACAG_030,174
TATGACATTCCTCCAACACC_001,197
TATGACATTCCTCCAACACC_002,156
TATGACATTCCTCCAACACC_003,78
TATGACATTCCTCCAACACC_004,177
CTCTTCATGCTTGACCCGGT_001,127
CTCTTCATGCTTGACCCGGT_002,16
CTCTTCATGCTTGACCCGGT_003,70
CTCTTCATGCTTGACCCGGT_004,15
CTCTTCATGCTTGACCCGGT_005,86
CACCGAGGCATTGACAATGG_001,192
ACGGTACCTGCCACCAGCCA_001,115
ACGGTACCTGCCACCAGCCA_002,40
ACGGTACCTGCCACCAGCCA_003,182
ACGGTACCTGCCACCAGCCA_004,43
ACGGTACCTGCCACCAGCCA_005,156
ACGGTACCTGCCACCAGCCA_006,29
ACGGTACCTGCCACCAGCCA_007,76
ACGGTACCTGCCACCAGCCA_008,16
ACGGTACCTGCCACCAGCCA_009,152
ACGGTACCTGCCACCAGCCA_010,43
ACGGTACCTGCCACCAGCCA_011,91
ACGGTACCTGCCACCAGCCA_012,149
ACGGTACCTGCCACCAGCCA_013,94
ACGGTACCTGCCACCAGCCA_014,15
ACGGTACCTGCCACCAGCCA_015,68
ACGGTACCTGCCACCAGCCA_016,49
ACGGTACCTGCCACCAGCCA_017,40
AAATGAACATGGTACCACAC_001,145
GTGCTTACATGATTGCTGGC_001,96
GTGCTTACATGATTGCTGGC_002,10
AAGACACAAGAGAGATTGGG_001,1
AAGACACAAGAGAGATTGGG_002,137
AAGACACAAGAGAGATTGGG_003,158
AAGACACAAGAGAGATTGGG_004,50
AAGACACAAGAGAGATTGGG_005,49
AAGACACAAGAGAGATTGGG_006,37
AAGACACAAGAGAGATTGGG_007,164
AAGACACAAGAGAGATTGGG_008,149
AAGACACAAGAGAGATTGGG_009,191
AAGACACAAGAGAGATTGGG_010,124
GCAGCTCCAGCATGCCCGTG_001,152
GCAGCTCCAGCATGCCCGTG_002,147
GCAGCTCCAGCATGCCCGTG_003,134
GCAGCTCCAGCATGCCCGTG_004,152
GCAGCTCCAGCATGCCCGTG_005,97
GCAGCTCCAGCATGCCCGTG_006,171
GCAGCTCCAGCATGCCCGTG_007,16
GCAGCTCCAGCATGCCCGTG_008,193
GCAGCTCCAGCATGCCCGTG_009,119
GCAGCTCCAGCATGCCCGTG_010,66
GCAGCTCCAGCATGCCCGTG_011,137
GCAGCTCCAGCATGCCCGTG_012,50
GCAGCTCCAGCATGCCCGTG_013,138
GCAGCTCCAGCATGCCCGTG_014,98
TGAGAGAACTGTCCTCACGG_001,143
TGAGAGAACTGTCCTCACGG_002,102
TGAGAGAACTGTCCTCACGG_003,91
TGAGAGAACTGTCCTCACGG_004,34
TGAGAGAACTGTCCTCACGG_005,15
TGAGAGAACTGTCCTCACGG_006,183
TGAGAGAACTGTCCTCACGG_007,158
TGAGAGAACTGTCCTCACGG_008,3
CATAGAGCACACTCCCGAAG_001,147
TATAGAAAGCATCTCACACA_001,187
TATAGAAAGCATCTCACACA_002,165
TATAGAAAGCATCTCACACA_003,93
TATAGAAAGCATCTCACACA_004,119
TATAGAAAGCATCTCACACA_005,164
TATAGAAAGCATCTCACACA_006,160
TATAGAAAGCATCTCACACA_007,48
CTTGATACAGGTTTAATTCG_001,35
CTTGATACAGGTTTAATTCG_002,48
CTTGATACAGGTTTAATTCG_003,135
CTTGATACAGGTTTAATTCG_004,135
CTTGATACAGGTTTAATTCG_005,56
TGAAGCTGATAGCCAGGAAC_001,72
TGAAGCTGATAGCCAGGAAC_002,29
TGAAGCTGATAGCCAGGAAC_003,185
TGAAGCTGATAGCCAGGAAC_004,134
TGAAGCTGATAGCCAGGAAC_005,43
TGAAGCTGATAGCCAGGAAC_006,9
TGAAGCTGATAGCCAGGAAC_007,133
TGAAGCTGATAGCCAGGAAC_008,85
TGAAGCTGATAGCCAGGAAC_009,121
TGAAGCTGATAGCCAGGAAC_010,9
TGAAGCTGATAGCCAGGAAC_011,77
TGAAGCTGATAGCCAGGAAC_012,191
TGAAGCTGATAGCCAGGAAC_013,28
TGAAGCTGATAGCCAGGAAC_014,52
TGAAGCTGATAGCCAGGAAC_015,191
TGAAGCTGATAGCCAGGAAC_016,138
TGAAGCTGATAGCCAGGAAC_017,91
TGAAGCTGATAGCCAGGAAC_018,31
TGACACTGAAAAGTGAATCG_001,29
TGACACTGAAAAGTGAATCG_002,24
TGACACTGAAAAGTGAATCG_003,70
TGACACTGAAAAGTGAATCG_004,78
TGACACTGAAAAGTGAATCG_005,50
TGACACTGAAAAGTGAATCG_006,59
TGACACTGAAAAGTGAATCG_007,9
TGACACTGAAAAGTGAATCG_008,132
TGACACTGAAAAGTGAATCG_009,31
TGACACTGAAAAGTGAATCG_010,157
TGACACTGAAAAGTGAATCG_011,198
CAGTGCGATGTACAGCTCGG_001,58
CAGTGCGATGTACAGCTCGG_002,84
CAGTGCGATGTACAGCTCGG_003,129
CAGTGCGATGTACAGCTCGG_004,145
CAGTGCGATGTACAGCTCGG_005,121
CAGTGCGATGTACAGCTCGG_006,9
CAGTGCGATGTACAGCTCGG_007,122
CAGTGCGATGTACAGCTCGG_008,22
CAGTGCGATGTACAGCTCGG_009,15
CAGTGCGATGTACAGCTCGG_010,39
CAGTGCGATGTACAGCTCGG_011,34
CAGTGCGATGTACAGCTCGG_012,102
GACATGGAGTCCTCCCCCTG_001,11
GACATGGAGTCCTCCCCCTG_002,127
GACATGGAGTCCTCCCCCTG_003,72
GACATGGAGTCCTCCCCCTG_004,23
GACATGGAGTCCTCCCCCTG_005,91
GACATGGAGTCCTCCCCCTG_006,166
GACATGGAGTCCTCCCCCTG_007,84
GACATGGAGTCCTCCCCCTG_008,150
GACATGGAGTCCTCCCCCTG_009,49
GACATGGAGTCCTCCCCCTG_010,77
GACATGGAGTCCTCCCCCTG_011,171
GACATGGAGTCCTCCCCCTG_012,132
GACATGGAGTCCTCCCCCTG_013,17
GACATGGAGTCCTCCCCCTG_014,134
GACATGGAGTCCTCCCCCTG_015,103
GACATGGAGTCCTCCCCCTG_016,76
GACATGGAGTCCTCCCCCTG_017,17
GACATGGAGTCCTCCCCCTG_018,94
GACATGGAGTCCTCCCCCTG_019,126
GACATGGAGTCCTCCCCCTG_020,169
GACATGGAGTCCTCCCCCTG_021,126
GACATGGAGTCCTCCCCCTG_022,175
GACATGGAGTCCTCCCCCTG_023,116
GACATGGAGTCCTCCCCCTG_024,176
GACATGGAGTCCTCCCCCTG_025,149
GACATGGAGTCCTCCCCCTG_026,29
GACATGGAGTCCTCCCCCTG_027,130
GACATGGAGTCCTCCCCCTG_028,17
GACATGGAGTCCTCCCCCTG_029,198
GACATGGAGTCCTCCCCCTG_030,12
GACATGGAGTCCTCCCCCTG_031,103
GACATGGAGTCCTCCCCCTG_032,189
GACATGGAGTCCTCCCCCTG_033,7
GACATGGAGTCCTCCCCCTG_034,44
GACATGGAGTCCTCCCCCTG_035,57
GACATGGAGTCCTCCCCCTG_036,102
GACATGGAGTCCTCCCCCTG_037,151
GACATGGAGTCCTCCCCCTG_038,160
GACATGGAGTCCTCCCCCTG_039,35
GACATGGAGTCCTCCCCCTG_040,149
GACATGGAGTCCTCCCCCTG_041,58
GACATGGAGTCCTCCCCCTG_042,166
GACATGGAGTCCTCCCCCTG_043,142
GACATGGAGTCCTCCCCCTG_044,2
GACATGGAGTCCTCCCCCTG_045,149
GACATGGAGTCCTCCCCCTG_046,66
GGAGCACACGATCAACATGG_001,197
GGAGCACACGATCAACATGG_002,175
GGAGCACACGATCAACATGG_003,149
GGAGCACACGATCAACATGG_004,14
GGAGCACACGATCAACATGG_005,66
CCAAGTTCTAGAGCTAGACG_001,120
CCAAGTTCTAGAGCTAGACG_002,41
CCAAGTTCTAGAGCTAGACG_003,199
CCAAGTTCTAGAGCTAGACG_004,107
CCAAGTTCTAGAGCTAGACG_005,39
CCAAGTTCTAGAGCTAGACG_006,138
CCAAGTTCTAGAGCTAGACG_007,158
GAAGTAGAAAGCACCCACCG_001,195
GAAGTAGAAAGCACCCACCG_002,198
GAAGTAGAAAGCACCCACCG_003,149
GAAGTAGAAAGCACCCACCG_004,15
GAAGTAGAAAGCACCCACCG_005,150
GAAGTAGAAAGCACCCACCG_006,182
GAAGTAGAAAGCACCCACCG_007,34
GAAGTAGAAAGCACCCACCG_008,58
GAAGTAGAAAGCACCCACCG_009,141
GAAGTAGAAAGCACCCACCG_010,1
GAAGTAGAAAGCACCCACCG_011,5
GAAGTAGAAAGCACCCACCG_012,128
GAAGTAGAAAGCACCCACCG_013,107
GAAGTAGAAAGCACCCACCG_014,70
GAAGTAGAAAGCACCCACCG_015,107
GAAGTAGAAAGCACCCACCG_016,61
GAAGTAGAAAGCACCCACCG_017,41
GAAGTAGAAAGCACCCACCG_018,23
GAAGTAGAAAGCACCCACCG_019,62
GAAGTAGAAAGCACCCACCG_020,156
GAAGTAGAAAGCACCCACCG_021,8
GAAGTAGAAAGCACCCACCG_022,12
GAAGTAGAAAGCACCCACCG_023,175
GAAGTAGAAAGCACCCACCG_024,52
GAAGTAGAAAGCACCCACCG_025,102
GAAGTAGAAAGCACCCACCG_026,168
GAAGTAGAAAGCACCCACCG_027,0
GAAGTAGAAAGCACCCACCG_028,182
GAAGTAGAAAGCACCCACCG_029,46
GAGCTTCTTAGAAACCAACG_001,133
GAGCTTCTTAGAAACCAACG_002,5
GAGCTTCTTAGAAACCAACG_003,5
GAGCTTCTTAGAAACCAACG_004,177
GAGCTTCTTAGAAACCAACG_005,179
GAGCTTCTTAGAAACCAACG_006,52
GAGCTTCTTAGAAACCAACG_007,76
CAGCAGAATCTTATCTAGAG_001,1
CAGCAGAATCTTATCTAGAG_002,146
CCTGGACACCAAATACAATG_001,77
AGGCAAACTGCACTAAGGTA_001,119
AGGCAAACTGCACTAAGGTA_002,48
AGGCAAACTGCACTAAGGTA_003,127
AGGCAAACTGCACTAAGGTA_004,198
AGGCAAACTGCACTAAGGTA_005,34
AGGCAAACTGCACTAAGGTA_006,174
AGGCAAACTGCACTAAGGTA_007,148
AGGCAAACTGCACTAAGGTA_008,38
CAGCCATGAGCGGGTCATCA_001,1
CAGCCATGAGCGGGTCATCA_002,1
CAGCCATGAGCGGGTCATCA_003,34
CAGCCATGAGCGGGTCATCA_004,40
CAGCCATGAGCGGGTCATCA_005,40
CAGCCATGAGCGGGTCATCA_006,159
CAGCCATGAGCGGGTCATCA_007,24
CAGCCATGAGCGGGTCATCA_008,24
CAGCCATGAGCGGGTCATCA_009,96
CAGCCATGAGCGGGTCATCA_010,166
CAGCCATGAGCGGGTCATCA_011,73
CAGCCATGAGCGGGTCATCA_012,117
CAGCCATGAGCGGGTCATCA_013,172
CAGCCATGAGCGGGTCATCA_014,186
CAGCCATGAGCGGGTCATCA_015,190
CAGCCATGAGCGGGTCATCA_016,98
CAGCCATGAGCGGGTCATCA_017,30
CAGCCATGAGCGGGTCATCA_018,30
CAGCCATGAGCGGGTCATCA_019,194
CAGCCATGAGCGGGTCATCA_020,4
CAGCCATGAGCGGGTCATCA_021,139
CAGCCATGAGCGGGTCATCA_022,88
CAGCCATGAGCGGGTCATCA_023,116
CAGCCATGAGCGGGTCATCA_024,6
CAGCCATGAGCGGGTCATCA_025,196
CAGCCATGAGCGGGTCATCA_026,58
CAGCCATGAGCGGGTCATCA_027,96
CAGCCATGAGCGGGTCATCA_028,49
CAGCCATGAGCGGGTCATCA_029,68
CAGCCATGAGCGGGTCATCA_030,137
CAGCCATGAGCGGGTCATCA_031,147
CAGCCATGAGCGGGTCATCA_032,181
CAGCCATGAGCGGGTCATCA_033,48
CAGCCATGAGCGGGTCATCA_034,76
CAGCCATGAGCGGGTCATCA_035,107
CAGCCATGAGCGGGTCATCA_036,169
CAGCCATGAGCGGGTCATCA_037,115
CAGCCATGAGCGGGTCATCA_038,110
CAGCCATGAGCGGGTCATCA_039,130
CAGCCATGAGCGGGTCATCA_040,175
CAGCCATGAGCGGGTCATCA_041,82
CAGCCATGAGCGGGTCATCA_042,77
CAGCCATGAGCGGGTCATCA_043,185
CAGCCATGAGCGGGTCATCA_044,9
GGTCCAGTCTCCACTAAGCC_001,196
GGTCCAGTCTCCACTAAGCC_002,141
GGTCCAGTCTCCACTAAGCC_003,103
GGTCCAGTCTCCACTAAGCC_004,22
GGTCCAGTCTCCACTAAGCC_005,158
GGTCCAGTCTCCACTAAGCC_006,140
GGTCCAGTCTCCACTAAGCC_007,85
GGTCCAGTCTCCACTAAGCC_008,110
GGTCCAGTCTCCACTAAGCC_009,168
AGTTCTATCAGGAATTACGG_001,157
AGTTCTATCAGGAATTACGG_002,44
AGTTCTATCAGGAATTACGG_003,146
AGTTCTATCAGGAATTACGG_004,22
AGTTCTATCAGGAATTACGG_005,5
AGTTCTATCAGGAATTACGG_006,0
AGTTCTATCAGGAATTACGG_007,196
GATGACACAGATGACCACTT_001,2
GATGACACAGATGACCACTT_002,68
GATGACACAGATGACCACTT_003,70
GATGACACAGATGACCACTT_004,192
GATGACACAGATGACCACTT_005,166
GAAGAAACTAACAAGAAAGA_001,34
GAAGAAACTAACAAGAAAGA_002,107
GAAGAAACTAACAAGAAAGA_003,137
TACTATCAGGAATTTGCTGA_001,8
TACTATCAGGAATTTGCTGA_002,147
TACTATCAGGAATTTGCTGA_003,150
TACTATCAGGAATTTGCTGA_004,84
TACTATCAGGAATTTGCTGA_005,65
TACTATCAGGAATTTGCTGA_006,153
TAGAGGCACAACAGTTTGGG_001,38
TAGAGGCACAACAGTTTGGG_002,77
TAGAGGCACAACAGTTTGGG_003,188
TAGAGGCACAACAGTTTGGG_004,10
TAGAGGCACAACAGTTTGGG_005,2
TAGAGGCACAACAGTTTGGG_006,49
TAGAGGCACAACAGTTTGGG_007,28
TAGAGGCACAACAGTTTGGG_008,78
TAGAGGCACAACAGTTTGGG_009,160
TAGAGGCACAACAGTTTGGG_010,1
TAGAGGCACAACAGTTTGGG_011,58
TAGAGGCACAACAGTTTGGG_012,196
TAGAGGCACAACAGTTTGGG_013,124
TAGAGGCACAACAGTTTGGG_014,138
TAGAGGCACAACAGTTTGGG_015,197
TAGAGGCACAACAGTTTGGG_016,197
TAGAGGCACAACAGTTTGGG_017,123
TGCACGCGACTCAGCAACCT_001,113
TGCACGCGACTCAGCAACCT_002,19
TGCACGCGACTCAGCAACCT_003,55
TGCACGCGACTCAGCAACCT_004,63
TGCACGCGACTCAGCAACCT_005,162
TGCACGCGACTCAGCAACCT_006,84
TGCACGCGACTCAGCAACCT_007,19
TGCACGCGACTCAGCAACCT_008,11
TGCACGCGACTCAGCAACCT_009,127
TGCGGTACTCAATGTCGTGT_001,77
GCTCCAAGGGAGACACATGT_001,194
GCTCCAAGGGAGACACATGT_002,73
GCTCCAAGGGAGACACATGT_003,137
GCTCCAAGGGAGACACATGT_004,48
GCTCCAAGGGAGACACATGT_005,150
GCTCCAAGGGAGACACATGT_006,147
GCTCCAAGGGAGACACATGT_007,81
GCTCCAAGGGAGACACATGT_008,68
GCTCCAAGGGAGACACATGT_009,26
GCTCCAAGGGAGACACATGT_010,9
GCTCCAAGGGAGACACATGT_011,144
GCTCCAAGGGAGACACATGT_012,13
GCTCCAAGGGAGACACATGT_013,113
GCTCCAAGGGAGACACATGT_014,136
GCTCCAAGGGAGACACATGT_015,103
GCTCCAAGGGAGACACATGT_016,50
GCTCCAAGGGAGACACATGT_017,1
GCTCCAAGGGAGACACATGT_018,48
GCTCCAAGGGAGACACATGT_019,12
GCTCCAAGGGAGACACATGT_020,124
GCTCCAAGGGAGACACATGT_021,43
GCTCCAAGGGAGACACATGT_022,67
GCTCCAAGGGAGACACATGT_023,169
GCTCCAAGGGAGACACATGT_024,102
GCTCCAAGGGAGACACATGT_025,2
GCTCCAAGGGAGACACATGT_026,138
GCTCCAAGGGAGACACATGT_027,22
GCTCCAAGGGAGACACATGT_028,178
GCTCCAAGGGAGACACATGT_029,78
GAGTGTCTCGCAGCCTGCGA_001,28
GAGTGTCTCGCAGCCTGCGA_002,26
GAGTGTCTCGCAGCCTGCGA_003,178
GAGTGTCTCGCAGCCTGCGA_004,43
GAGTGTCTCGCAGCCTGCGA_005,84
GAGTGTCTCGCAGCCTGCGA_006,15
GAGTGTCTCGCAGCCTGCGA_007,19
GAGTGTCTCGCAGCCTGCGA_008,75
GAGTGTCTCGCAGCCTGCGA_009,139
GAGTGTCTCGCAGCCTGCGA_010,168
GAGTGTCTCGCAGCCTGCGA_011,169
GAGTGTCTCGCAGCCTGCGA_012,162
GAGTGTCTCGCAGCCTGCGA_013,48
GAGTGTCTCGCAGCCTGCGA_014,72
GAGTGTCTCGCAGCCTGCGA_015,134
GAGTGTCTCGCAGCCTGCGA_016,91
GAGTGTCTCGCAGCCTGCGA_017,29
GAGTGTCTCGCAGCCTGCGA_018,140
GAGTGTCTCGCAGCCTGCGA_019,185
GAGTGTCTCGCAGCCTGCGA_020,28
GAGTGTCTCGCAGCCTGCGA_021,180
GAGTGTCTCGCAGCCTGCGA_022,191
GAGTGTCTCGCAGCCTGCGA_023,168
GAGTGTCTCGCAGCCTGCGA_024,145
GAGTGTCTCGCAGCCTGCGA_025,103
GAGTGTCTCGCAGCCTGCGA_026,187
GCGGTTATAGGGGGAAGCTG_001,81
GCGGTTATAGGGGGAAGCTG_002,42
GCGGTTATAGGGGGAAGCTG_003,150
GCGGTTATAGGGGGAAGCTG_004,134
GCGGTTATAGGGGGAAGCTG_005,84
GCGGTTATAGGGGGAAGCTG_006,42
GCGGTTATAGGGGGAAGCTG_007,183
TTCTTAGGTATACAGCCTAC_001,134
TTCTTAGGTATACAGCCTAC_002,198
AGAAGGGACCTCTCTTCGAG_001,106
AGAAGGGACCTCTCTTCGAG_002,148
AGAAGGGACCTCTCTTCGAG_003,74
AGAAGGGACCTCTCTTCGAG_004,70
AGAAGGGACCTCTCTTCGAG_005,126
AGAAGGGACCTCTCTTCGAG_006,110
AGAAGGGACCTCTCTTCGAG_007,31
AGAAGGGACCTCTCTTCGAG_008,190
AGAAGGGACCTCTCTTCGAG_009,134
AGAAGGGACCTCTCTTCGAG_010,81
AGAAGGGACCTCTCTTCGAG_011,185
AGAAGGGACCTCTCTTCGAG_012,162
AGAAGGGACCTCTCTTCGAG_013,133
AGAAGGGACCTCTCTTCGAG_014,176
AGAAGGGACCTCTCTTCGAG_015,48
AGAAGGGACCTCTCTTCGAG_016,169
CCGGTTCTGGGGTCTTAGTG_001,12
CCGGTTCTGGGGTCTTAGTG_002,76
CCGGTTCTGGGGTCTTAGTG_003,137
CCGGTTCTGGGGTCTTAGTG_004,29
CCGGTTCTGGGGTCTTAGTG_005,58
CCGCCTCACGCTGTCCATGG_001,128
CCGCCTCACGCTGTCCATGG_002,147
CCGCCTCACGCTGTCCATGG_003,107
CCGCCTCACGCTGTCCATGG_004,175
CCGCCTCACGCTGTCCATGG_005,191
CCGCCTCACGCTGTCCATGG_006,58
CCGCCTCACGCTGTCCATGG_007,63
CCGCCTCACGCTGTCCATGG_008,11
CCGCCTCACGCTGTCCATGG_009,187
CCGCCTCACGCTGTCCATGG_010,63
CCGCCTCACGCTGTCCATGG_011,106
CCGCCTCACGCTGTCCATGG_012,27
GGGCCCAACACCGAGACTCA_001,194
GGGCCCAACACCGAGACTCA_002,63
GGGCCCAACACCGAGACTCA_003,138
GGGCCCAACACCGAGACTCA_004,104
GGGCCCAACACCGAGACTCA_005,130
GGGCCCAACACCGAGACTCA_006,45
GGGCCCAACACCGAGACTCA_007,134
GGGCCCAACACCGAGACTCA_008,45
GGGCCCAACACCGAGACTCA_009,81
GGGCCCAACACCGAGACTCA_010,114
GGGCCCAACACCGAGACTCA_011,19
TCAGTACCCGAGTTTCCGGA_001,109
TCAGTACCCGAGTTTCCGGA_002,109
TCAGTACCCGAGTTTCCGGA_003,98
TCAGTACCCGAGTTTCCGGA_004,117
TCAGTACCCGAGTTTCCGGA_005,190
TCAGTACCCGAGTTTCCGGA_006,12
TCAGTACCCGAGTTTCCGGA_007,199
ACAGGCGAGGTTCTGTCTCT_001,106
ACAGGCGAGGTTCTGTCTCT_002,50
ACAGGCGAGGTTCTGTCTCT_003,150
ACAGGCGAGGTTCTGTCTCT_004,177
ACAGGCGAGGTTCTGTCTCT_005,141
ACAGGCGAGGTTCTGTCTCT_006,149
ACAGGCGAGGTTCTGTCTCT_007,115
ACAGGCGAGGTTCTGTCTCT_008,115
ACTGTAACTTAGGAATACTG_001,150
ACTGTAACTTAGGAATACTG_002,124
ACTGTAACTTAGGAATACTG_003,33
ATGATTGGCTTTGCGCGAGG_001,77
ATGATTGGCTTTGCGCGAGG_002,17
ATGATTGGCTTTGCGCGAGG_003,188
ATGATTGGCTTTGCGCGAGG_004,4
ATGATTGGCTTTGCGCGAGG_005,37
ATGATTGGCTTTGCGCGAGG_006,35
ATGATTGGCTTTGCGCGAGG_007,48
ATGATTGGCTTTGCGCGAGG_008,132
ATGATTGGCTTTGCGCGAGG_009,132
ATGATTGGCTTTGCGCGAGG_010,199
CGGCGCCGTGTGGCACGAGG_001,88
CGGCGCCGTGTGGCACGAGG_002,16
CGGCGCCGTGTGGCACGAGG_003,195
CGGCGCCGTGTGGCACGAGG_004,66
CGGCGCCGTGTGGCACGAGG_005,192
CGGCGCCGTGTGGCACGAGG_006,98
CGGCGCCGTGTGGCACGAGG_007,29
CGGCGCCGTGTGGCACGAGG_008,173
CGGCGCCGTGTGGCACGAGG_009,169
CATACACTTCATGCCAACGG_001,56
GGAACACCACCCAATGACTG_001,112
GGAACACCACCCAATGACTG_002,122
GGAACACCACCCAATGACTG_003,25
GGAACACCACCCAATGACTG_004,80
GGAACACCACCCAATGACTG_005,98
GGAACACCACCCAATGACTG_006,80
GGAACACCACCCAATGACTG_007,125
GGAACACCACCCAATGACTG_008,1
GGAACACCACCCAATGACTG_009,26
GGAACACCACCCAATGACTG_010,46
GGAACACCACCCAATGACTG_011,88
GGAACACCACCCAATGACTG_012,15
GGAACACCACCCAATGACTG_013,62
GGAACACCACCCAATGACTG_014,76
GGAACACCACCCAATGACTG_015,121
GGAACACCACCCAATGACTG_016,18
GGAACACCACCCAATGACTG_017,144
GGAACACCACCCAATGACTG_018,79
GGAACACCACCCAATGACTG_019,169
GGAACACCACCCAATGACTG_020,53
GGAACACCACCCAATGACTG_021,63
GGAACACCACCCAATGACTG_022,33
GGAACACCACCCAATGACTG_023,29
GGAACACCACCCAATGACTG_024,175
AGCTCAGGTATCGCATTGCA_001,145
AGCTCAGGTATCGCATTGCA_002,198
AGCTCAGGTATCGCATTGCA_003,162
AGCTCAGGTATCGCATTGCA_004,60
AGCTCAGGTATCGCATTGCA_005,176
AGCTCAGGTATCGCATTGCA_006,168
AGCTCAGGTATCGCATTGCA_007,106
GAGTTTCCGCCTATTGACCG_001,179
GAGTTTCCGCCTATTGACCG_002,170
GAGTTTCCGCCTATTGACCG_003,106
GAGTTTCCGCCTATTGACCG_004,10
ACTCCAAGTACCGGGTCATG_001,153
ACTCCAAGTACCGGGTCATG_002,1
GCAGTGAGATGCGGTCGCTG_001,150
GCAGTGAGATGCGGTCGCTG_002,158
GCAGTGAGATGCGGTCGCTG_003,160
GCAGTGAGATGCGGTCGCTG_004,172
GCAGTGAGATGCGGTCGCTG_005,102
GCAGTGAGATGCGGTCGCTG_006,37
GCAGTGAGATGCGGTCGCTG_007,183
GCAGTGAGATGCGGTCGCTG_008,3
GCAGTGAGATGCGGTCGCTG_009,4
GCAGTGAGATGCGGTCGCTG_010,113
GCAGTGAGATGCGGTCGCTG_011,4
GCAGTGAGATGCGGTCGCTG_012,62
GCAGTGAGATGCGGTCGCTG_013,191
GCAGTGAGATGCGGTCGCTG_014,81
GCAGTGAGATGCGGTCGCTG_015,38
GCAGTGAGATGCGGTCGCTG_016,188
GCAGTGAGATGCGGTCGCTG_017,121
GCAGTGAGATGCGGTCGCTG_018,75
GCAGTGAGATGCGGTCGCTG_019,72
GCAGTGAGATGCGGTCGCTG_020,53
GCAGTGAGATGCGGTCGCTG_021,38
GCAGTGAGATGCGGTCGCTG_022,130
GCAGTGAGATGCGGTCGCTG_023,191
GCAGTGAGATGCGGTCGCTG_024,4
GCAGTGAGATGCGGTCGCTG_025,117
GCAGTGAGATGCGGTCGCTG_026,115
GCAGTGAGATGCGGTCGCTG_027,59
GCAGTGAGATGCGGTCGCTG_028,49
GCAGTGAGATGCGGTCGCTG_029,47
GCAGTGAGATGCGGTCGCTG_030,28
GCAGTGAGATGCGGTCGCTG_031,150
GCAGTGAGATGCGGTCGCTG_032,82
GCAGTGAGATGCGGTCGCTG_033,46
GCAGTGAGATGCGGTCGCTG_034,27
GCAGTGAGATGCGGTCGCTG_035,60
GCAGTGAGATGCGGTCGCTG_036,167
GCAGTGAGATGCGGTCGCTG_037,150
GCAGTGAGATGCGGTCGCTG_038,1
GCAGTGAGATGCGGTCGCTG_039,33
CCATAAGTGACAAGTAGGCA_001,162
CCATAAGTGACAAGTAGGCA_002,116
CCATAAGTGACAAGTAGGCA_003,140
CCATAAGTGACAAGTAGGCA_004,52
CCATAAGTGACAAGTAGGCA_005,69
CCATAAGTGACAAGTAGGCA_006,158
CCATAAGTGACAAGTAGGCA_007,171
CCATAAGTGACAAGTAGGCA_008,152
CCATAAGTGACAAGTAGGCA_009,83
CCATAAGTGACAAGTAGGCA_010,139
CCATAAGTGACAAGTAGGCA_011,181
CCATAAGTGACAAGTAGGCA_012,83
CCATAAGTGACAAGTAGGCA_013,85
CCATAAGTGACAAGTAGGCA_014,10
CCATAAGTGACAAGTAGGCA_015,198
CCATAAGTGACAAGTAGGCA_016,49
CCATAAGTGACAAGTAGGCA_017,140
CCATAAGTGACAAGTAGGCA_018,52
CCATAAGTGACAAGTAGGCA_019,39
CCATAAGTGACAAGTAGGCA_020,10
CCATAAGTGACAAGTAGGCA_021,129
ACCAACTCCCCTTGGCACTG_001,36
ACCAACTCCCCTTGGCACTG_002,50
ACCAACTCCCCTTGGCACTG_003,168
ACCAACTCCCCTTGGCACTG_004,69
ACCAACTCCCCTTGGCACTG_005,15
ACCAACTCCCCTTGGCACTG_006,134
ACCAACTCCCCTTGGCACTG_007,120
ACCAACTCCCCTTGGCACTG_008,40
ACCAACTCCCCTTGGCACTG_009,130
ACCAACTCCCCTTGGCACTG_010,28
CAAACCAACTGGTCACAACA_001,19
CAAACCAACTGGTCACAACA_002,122
CAAACCAACTGGTCACAACA_003,117
CAAACCAACTGGTCACAACA_004,105
CAAACCAACTGGTCACAACA_005,23
CAAACCAACTGGTCACAACA_006,154
CAAACCAACTGGTCACAACA_007,1
CAAACCAACTGGTCACAACA_008,91
CAAACCAACTGGTCACAACA_009,192
CAAACCAACTGGTCACAACA_010,22
CAAACCAACTGGTCACAACA_011,9
CAAACCAACTGGTCACAACA_012,168
CAAACCAACTGGTCACAACA_013,91
CAAACCAACTGGTCACAACA_014,1
CAAACCAACTGGTCACAACA_015,138
CGGGATAGACGGGGACAATG_001,146
CGGGATAGACGGGGACAATG_002,127
CGGGATAGACGGGGACAATG_003,17
CGGGATAGACGGGGACAATG_004,56
CGGGATAGACGGGGACAATG_005,129
CGGGATAGACGGGGACAATG_006,155
CGGGATAGACGGGGACAATG_007,94
CGGGATAGACGGGGACAATG_008,174
GATGACATCAGCGGTCACCT_001,112
GATGACATCAGCGGTCACCT_002,105
GATGACATCAGCGGTCACCT_003,2
GATGACATCAGCGGTCACCT_004,120
GATGACATCAGCGGTCACCT_005,105
GATGACATCAGCGGTCACCT_006,88
GATGACATCAGCGGTCACCT_007,13
GATGACATCAGCGGTCACCT_008,76
GATGACATCAGCGGTCACCT_009,127
GATGACATCAGCGGTCACCT_010,199
GATGACATCAGCGGTCACCT_011,148
GATGACATCAGCGGTCACCT_012,113
GATGACATCAGCGGTCACCT_013,132
GATGACATCAGCGGTCACCT_014,172
GATGACATCAGCGGTCACCT_015,163
GATGACATCAGCGGTCACCT_016,68
GATGACATCAGCGGTCACCT_017,19
GATGACATCAGCGGTCACCT_018,16
GATGACATCAGCGGTCACCT_019,23
GATGACATCAGCGGTCACCT_020,113
GGGCCAATATGATGGACAGG_001,63
TGTTGAGGAACCTTTCACCG_001,155
TGTTGAGGAACCTTTCACCG_002,166
TGTTGAGGAACCTTTCACCG_003,118
TGTTGAGGAACCTTTCACCG_004,48
TGTTGAGGAACCTTTCACCG_005,177
TGTTGAGGAACCTTTCACCG_006,149
TGTTGAGGAACCTTTCACCG_007,174
TGTTGAGGAACCTTTCACCG_008,169
TGTTGAGGAACCTTTCACCG_009,68
TGTTGAGGAACCTTTCACCG_010,104
TGTTGAGGAACCTTTCACCG_011,66
CATTGTTGATCTTGAAATGA_001,104
CATTGTTGATCTTGAAATGA_002,199
GGCAGGTGACCTAGAACACA_001,43
GGCAGGTGACCTAGAACACA_002,188
GGCAGGTGACCTAGAACACA_003,113
GGCAGGTGACCTAGAACACA_004,85
GGCAGGTGACCTAGAACACA_005,82
GGCAGGTGACCTAGAACACA_006,41
GGCAGGTGACCTAGAACACA_007,168
GGCAGGTGACCTAGAACACA_008,88
GGCAGGTGACCTAGAACACA_009,1
GGCCAAGCTTGCTCGCCTAG_001,51
GGCCAAGCTTGCTCGCCTAG_002,30
GGCCAAGCTTGCTCGCCTAG_003,185
GGCCAAGCTTGCTCGCCTAG_004,133
GGCCAAGCTTGCTCGCCTAG_005,144
GGCCAAGCTTGCTCGCCTAG_006,10
GGCCAAGCTTGCTCGCCTAG_007,78
GGCCAAGCTTGCTCGCCTAG_008,26
GCCATGAGGAGACACTATCA_001,172
GCCATGAGGAGACACTATCA_002,17
GCCATGAGGAGACACTATCA_003,149
GCCATGAGGAGACACTATCA_004,8
GCCATGAGGAGACACTATCA_005,63
GCCATGAGGAGACACTATCA_006,43
GCCATGAGGAGACACTATCA_007,169
GCCATGAGGAGACACTATCA_008,77
GCCATGAGGAGACACTATCA_009,121
GGTACACCTGAAGGGTCACG_001,166
GGTACACCTGAAGGGTCACG_002,179
GGTACACCTGAAGGGTCACG_003,186
GGTACACCTGAAGGGTCACG_004,126
ATACTCACTGCGGAATTGAT_001,54
ATACTCACTGCGGAATTGAT_002,160
ATACTCACTGCGGAATTGAT_003,16
ATACTCACTGCGGAATTGAT_004,147
ATACTCACTGCGGAATTGAT_005,43
ATACTCACTGCGGAATTGAT_006,177
ATACTCACTGCGGAATTGAT_007,80
ATACTCACTGCGGAATTGAT_008,178
ATACTCACTGCGGAATTGAT_009,134
ATACTCACTGCGGAATTGAT_010,101
GTGCACACCATACCTCCATG_001,93
GTGCACACCATACCTCCATG_002,128
GTGCACACCATACCTCCATG_003,80
GTGCACACCATACCTCCATG_004,96
GTGCACACCATACCTCCATG_005,5
CTGTAGTCTGTAGCTTCGGG_001,65
CTGTAGTCTGTAGCTTCGGG_002,108
CTGTAGTCTGTAGCTTCGGG_003,143
CTGTAGTCTGTAGCTTCGGG_004,143
ACGGACGCGCATCAAGAGCG_001,41
ACGGACGCGCATCAAGAGCG_002,105
ACGGACGCGCATCAAGAGCG_003,48
ACGGACGCGCATCAAGAGCG_004,198
ACGGACGCGCATCAAGAGCG_005,191
ACGGACGCGCATCAAGAGCG_006,172
ACGGACGCGCATCAAGAGCG_007,92
ACGGACGCGCATCAAGAGCG_008,137
ACGGACGCGCATCAAGAGCG_009,76
ACGGACGCGCATCAAGAGCG_010,75
ACGGACGCGCATCAAGAGCG_011,199
ACGGACGCGCATCAAGAGCG_012,170
ACGGACGCGCATCAAGAGCG_013,17
ACGGACGCGCATCAAGAGCG_014,182
ACGGACGCGCATCAAGAGCG_015,155
ACGGACGCGCATCAAGAGCG_016,61
ACGGACGCGCATCAAGAGCG_017,149
ACGGACGCGCATCAAGAGCG_018,148
ACGGACGCGCATCAAGAGCG_019,135
ACGGACGCGCATCAAGAGCG_020,165
ACGGACGCGCATCAAGAGCG_021,177
ACGGACGCGCATCAAGAGCG_022,37
ACGGACGCGCATCAAGAGCG_023,16
TGCCTCCCCCGTATACACGT_001,174
TGCCTCCCCCGTATACACGT_002,61
TGCCTCCCCCGTATACACGT_003,8
TGCCTCCCCCGTATACACGT_004,191
TGCCTCCCCCGTATACACGT_005,52
TGCCTCCCCCGTATACACGT_006,191
CCAGCTCGTCTACACCTGCA_001,94
CCAGCTCGTCTACACCTGCA_002,82
CCAGCTCGTCTACACCTGCA_003,34
CCAGCTCGTCTACACCTGCA_004,12
CCAGCTCGTCTACACCTGCA_005,172
CCAGCTCGTCTACACCTGCA_006,160
CCAGCTCGTCTACACCTGCA_007,38
CCAGCTCGTCTACACCTGCA_008,60
CCAGCTCGTCTACACCTGCA_009,111
CCAGCTCGTCTACACCTGCA_010,49
CCAGCTCGTCTACACCTGCA_011,34
CCAGCTCGTCTACACCTGCA_012,127
CCAGCTCGTCTACACCTGCA_013,167
CCAGCTCGTCTACACCTGCA_014,52
TGCCTGTATTTGTCTACACA_001,103
TGCCTGTATTTGTCTACACA_002,168
AGCCATGTTTCAGCTCGCCG_001,2
AGCCATGTTTCAGCTCGCCG_002,162
AGCCATGTTTCAGCTCGCCG_003,34
AGCCATGTTTCAGCTCGCCG_004,68
AGCCATGTTTCAGCTCGCCG_005,48
AGCCATGTTTCAGCTCGCCG_006,154
AGCCATGTTTCAGCTCGCCG_007,181
AGCCATGTTTCAGCTCGCCG_008,188
AGCCATGTTTCAGCTCGCCG_009,95
AGCCATGTTTCAGCTCGCCG_010,159
AGCCATGTTTCAGCTCGCCG_011,198
AGCCATGTTTCAGCTCGCCG_012,83
AGCCATGTTTCAGCTCGCCG_013,116
AGCCATGTTTCAGCTCGCCG_014,2
AGCCATGTTTCAGCTCGCCG_015,144
AGCCATGTTTCAGCTCGCCG_016,117
AGCCATGTTTCAGCTCGCCG_017,118
AGCCATGTTTCAGCTCGCCG_018,93
AGCCATGTTTCAGCTCGCCG_019,151
AGCCATGTTTCAGCTCGCCG_020,68
AGGGTGCATTGGAGCGCTAC_001,49
AGGGTGCATTGGAGCGCTAC_002,77
AGGGTGCATTGGAGCGCTAC_003,38
AGGGTGCATTGGAGCGCTAC_004,182
AGGGTGCATTGGAGCGCTAC_005,50
AGGGTGCATTGGAGCGCTAC_006,46
CAAACCACCAAGTGATCCTG_001,16
CAAACCACCAAGTGATCCTG_002,88
CAAACCACCAAGTGATCCTG_003,104
CAAACCACCAAGTGATCCTG_004,189
CAAACCACCAAGTGATCCTG_005,189
CAAACCACCAAGTGATCCTG_006,35
CAAACCACCAAGTGATCCTG_007,90
CAAACCACCAAGTGATCCTG_008,168
AGGAAACAGTCCACCACGAG_001,191
AGGAAACAGTCCACCACGAG_002,113
AGGAAACAGTCCACCACGAG_003,141
AGGAAACAGTCCACCACGAG_004,130
AGGAAACAGTCCACCACGAG_005,31
AGGAAACAGTCCACCACGAG_006,147
AGGAAACAGTCCACCACGAG_007,32
AGGAAACAGTCCACCACGAG_008,127
AGGAAACAGTCCACCACGAG_009,141
AGGAAACAGTCCACCACGAG_010,116
AGGAAACAGTCCACCACGAG_011,105
AGGAAACAGTCCACCACGAG_012,141
AGGAAACAGTCCACCACGAG_013,179
AGGAAACAGTCCACCACGAG_014,65
AGGAAACAGTCCACCACGAG_015,53
AGGAAACAGTCCACCACGAG_016,163
AGGAAACAGTCCACCACGAG_017,92
AGGAAACAGTCCACCACGAG_018,188
AGGAAACAGTCCACCACGAG_019,175
AGGAAACAGTCCACCACGAG_020,175
AGGAAACAGTCCACCACGAG_021,95
AGGAAACAGTCCACCACGAG_022,169
AGGAAACAGTCCACCACGAG_023,141
AGGAAACAGTCCACCACGAG_024,181
AGGAAACAGTCCACCACGAG_025,130
AGGAAACAGTCCACCACGAG_026,32
AGGAAACAGTCCACCACGAG_027,179
AGGAAACAGTCCACCACGAG_028,166
AGGAAACAGTCCACCACGAG_029,172
AGGAAACAGTCCACCACGAG_030,40
AGGAAACAGTCCACCACGAG_031,137
GAAGAAAGAAGTAAACAGGT_001,197
GAAGAAAGAAGTAAACAGGT_002,101
GAAGAAAGAAGTAAACAGGT_003,38
TGCATGCTCACTGATAATGA_001,22
TGCATGCTCACTGATAATGA_002,116
TGCATGCTCACTGATAATGA_003,36
TGCATGCTCACTGATAATGA_004,188
TGCATGCTCACTGATAATGA_005,96
TGCATGCTCACTGATAATGA_006,170
TGCATGCTCACTGATAATGA_007,90
TGCATGCTCACTGATAATGA_008,106
TGCATGCTCACTGATAATGA_009,160
TGCATGCTCACTGATAATGA_010,94
ACGCTTCCACAAGTCACGCA_001,139
ACGCTTCCACAAGTCACGCA_002,12
ACGCTTCCACAAGTCACGCA_003,148
ACGCTTCCACAAGTCACGCA_004,8
ACGCTTCCACAAGTCACGCA_005,81
ACGCTTCCACAAGTCACGCA_006,16
ACGCTTCCACAAGTCACGCA_007,63
CTTGGGTATAAACACTACCA_001,154
CTTGGGTATAAACACTACCA_002,35
CTTGGGTATAAACACTACCA_003,188
CTTGGGTATAAACACTACCA_004,156
CTTGGGTATAAACACTACCA_005,74
CTTGGGTATAAACACTACCA_006,88
CTTGGGTATAAACACTACCA_007,44
CTTGGGTATAAACACTACCA_008,140
TGTCGTTGCTGTAACAAATG_001,20
TGTCGTTGCTGTAACAAATG_002,170
TGTCGTTGCTGTAACAAATG_003,125
TGTCGTTGCTGTAACAAATG_004,34
TACACCGACTACATCTACCA_001,181
TACACCGACTACATCTACCA_002,57
CTCACGGTACACGCTGACGT_001,142
CTCACGGTACACGCTGACGT_002,95
CTCACGGTACACGCTGACGT_003,102
CTCACGGTACACGCTGACGT_004,101
CTCACGGTACACGCTGACGT_005,177
CTCACGGTACACGCTGACGT_006,103
CTCACGGTACACGCTGACGT_007,61
CTCACGGTACACGCTGACGT_008,140
CTCACGGTACACGCTGACGT_009,136
CTCACGGTACACGCTGACGT_010,119
TGACTGAACTTAGAACTGTT_001,15
ATTATGCCGTGTATAATGAG_001,47
ATTATGCCGTGTATAATGAG_002,127
ATTATGCCGTGTATAATGAG_003,34
TTCACTGCAACAACCTGTTG_001,146
TTCACTGCAACAACCTGTTG_002,71
GCAGAAGCTAAATCCCACTG_001,108
GCAGAAGCTAAATCCCACTG_002,53
GCAGAAGCTAAATCCCACTG_003,49
GCAGAAGCTAAATCCCACTG_004,198
GCAGAAGCTAAATCCCACTG_005,134
GCAGAAGCTAAATCCCACTG_006,137
GCAGAAGCTAAATCCCACTG_007,150
GCAGAAGCTAAATCCCACTG_008,181
GCAGAAGCTAAATCCCACTG_009,97
GCAGAAGCTAAATCCCACTG_010,157
GCAGAAGCTAAATCCCACTG_011,158
TGGGTATTTACTTACGACTG_001,158
TGGGTATTTACTTACGACTG_002,74
TGGGTATTTACTTACGACTG_003,48
TGGGTATTTACTTACGACTG_004,191
TGGGTATTTACTTACGACTG_005,49
TGGGTATTTACTTACGACTG_006,168
TGGGTATTTACTTACGACTG_007,183
TGGGTATTTACTTACGACTG_008,120
TGGGTATTTACTTACGACTG_009,55
TGAAGTCGATGGCGCGCTCG_001,168
TGAAGTCGATGGCGCGCTCG_002,13
TGAAGTCGATGGCGCGCTCG_003,105
TGAAGTCGATGGCGCGCTCG_004,128
TGAAGTCGATGGCGCGCTCG_005,82
CATCTAATATGAAGATCACT_001,149
CATCTAATATGAAGATCACT_002,56
CATCTAATATGAAGATCACT_003,65
CATCTAATATGAAGATCACT_004,132
CACTCTGACTGCAAGAACGG_001,60
CACTCTGACTGCAAGAACGG_002,1
CACTCTGACTGCAAGAACGG_003,151
CACTCTGACTGCAAGAACGG_004,86
CACTCTGACTGCAAGAACGG_005,130
CACTCTGACTGCAAGAACGG_006,144
CACTCTGACTGCAAGAACGG_007,111
CACTCTGACTGCAAGAACGG_008,112
CACTCTGACTGCAAGAACGG_009,192
CACTCTGACTGCAAGAACGG_010,82
CACTCTGACTGCAAGAACGG_011,22
CACTCTGACTGCAAGAACGG_012,158
CACTCTGACTGCAAGAACGG_013,163
CACTCTGACTGCAAGAACGG_014,146
CACTCTGACTGCAAGAACGG_015,91
CACTCTGACTGCAAGAACGG_016,63
TACTTTTTGGAATCCGTCTA_001,133
TACTTTTTGGAATCCGTCTA_002,6
TACTTTTTGGAATCCGTCTA_003,160
TACTTTTTGGAATCCGTCTA_004,62
TACTTTTTGGAATCCGTCTA_005,70
TACTTTTTGGAATCCGTCTA_006,16
TACTTTTTGGAATCCGTCTA_007,96
TACTTTTTGGAATCCGTCTA_008,45
TACTTTTTGGAATCCGTCTA_009,175
TACTTTTTGGAATCCGTCTA_010,101
TACTTTTTGGAATCCGTCTA_011,153
TACTTTTTGGAATCCGTCTA_012,48
TACTTTTTGGAATCCGTCTA_013,2
TACTTTTTGGAATCCGTCTA_014,149
AGAAAAACCACTCTTCACCC_001,75
CTGAGACCAGTGGACCAGAG_001,68
CTGAGACCAGTGGACCAGAG_002,37
CTGAGACCAGTGGACCAGAG_003,142
CTGAGACCAGTGGACCAGAG_004,150
CTGAGACCAGTGGACCAGAG_005,23
CTGAGACCAGTGGACCAGAG_006,41
CTGAGACCAGTGGACCAGAG_007,36
CTGAGACCAGTGGACCAGAG_008,47
CTGAGACCAGTGGACCAGAG_009,52
CTGAGACCAGTGGACCAGAG_010,47
GGCTCGCTAGTAGAGACCAA_001,153
GGCTCGCTAGTAGAGACCAA_002,183
GGCTCGCTAGTAGAGACCAA_003,169
GGCTCGCTAGTAGAGACCAA_004,140
GGCTCGCTAGTAGAGACCAA_005,78
AGAACGATTCAGAAAGAGCA_001,147
AGAACGATTCAGAAAGAGCA_002,56
AGAACGATTCAGAAAGAGCA_003,170
CCAGGGTATTAAGAAGAGAG_001,150
CCAGGGTATTAAGAAGAGAG_002,66
CCAGGGTATTAAGAAGAGAG_003,57
GGCACAGCGCACACACATAG_001,147
GGCACAGCGCACACACATAG_002,104
GGCACAGCGCACACACATAG_003,48
GGCACAGCGCACACACATAG_004,141
GGCACAGCGCACACACATAG_005,147
GGCACAGCGCACACACATAG_006,90
GGCACAGCGCACACACATAG_007,152
GGCACAGCGCACACACATAG_008,152
GGCACAGCGCACACACATAG_009,138
GACTAGGGACTCCAGACTTG_001,102
GACTAGGGACTCCAGACTTG_002,141
GACTAGGGACTCCAGACTTG_003,74
GACTAGGGACTCCAGACTTG_004,18
GACTAGGGACTCCAGACTTG_005,192
GACTAGGGACTCCAGACTTG_006,102
GACTAGGGACTCCAGACTTG_007,169
GACTAGGGACTCCAGACTTG_008,22
GACTAGGGACTCCAGACTTG_009,169
GACTAGGGACTCCAGACTTG_010,70
GACTAGGGACTCCAGACTTG_011,85
GACTAGGGACTCCAGACTTG_012,159
GACTAGGGACTCCAGACTTG_013,168
GACTAGGGACTCCAGACTTG_014,142
GACTAGGGACTCCAGACTTG_015,137
GACTAGGGACTCCAGACTTG_016,27
GACTAGGGACTCCAGACTTG_017,62
GACACCTCGGCATCAGCACG_001,160
GACACCTCGGCATCAGCACG_002,84
GACACCTCGGCATCAGCACG_003,29
GACACCTCGGCATCAGCACG_004,160
GACACCTCGGCATCAGCACG_005,51
GACACCTCGGCATCAGCACG_006,117
GACACCTCGGCATCAGCACG_007,7
GACACCTCGGCATCAGCACG_008,69
GACACCTCGGCATCAGCACG_009,159
GACACCTCGGCATCAGCACG_010,15
GACACCTCGGCATCAGCACG_011,150
GACACCTCGGCATCAGCACG_012,82
AGAAAACCATAAGCTATGGA_001,96
AGAAAACCATAAGCTATGGA_002,74
AGAAAACCATAAGCTATGGA_003,85
AGAAAACCATAAGCTATGGA_004,22
TGAGGCGATTCCACACAGGA_001,168
TGAGGCGATTCCACACAGGA_002,49
TGAGGCGATTCCACACAGGA_003,22
TGAGGCGATTCCACACAGGA_004,94
TGAGGCGATTCCACACAGGA_005,9
TGAGGCGATTCCACACAGGA_006,50
TGAGGCGATTCCACACAGGA_007,160
TGAGGCGATTCCACACAGGA_008,43
TGAGGCGATTCCACACAGGA_009,190
TGAGGCGATTCCACACAGGA_010,19
TGAGGCGATTCCACACAGGA_011,8
TGAGGCGATTCCACACAGGA_012,8
TGAGGCGATTCCACACAGGA_013,175
TGAGGCGATTCCACACAGGA_014,57
TGAGGCGATTCCACACAGGA_015,19
TGAGGCGATTCCACACAGGA_016,40
TGAGGCGATTCCACACAGGA_017,77
TGAGGCGATTCCACACAGGA_018,117
TGAGGCGATTCCACACAGGA_019,94
TGAGGCGATTCCACACAGGA_020,94
TGAGGCGATTCCACACAGGA_021,1
TGAGGCGATTCCACACAGGA_022,191
TGAGGCGATTCCACACAGGA_023,141
TGAGGCGATTCCACACAGGA_024,19
TGAGGCGATTCCACACAGGA_025,10
TGAGGCGATTCCACACAGGA_026,117
TGTTGTTGAGAGACACACGA_001,94
TGTTGTTGAGAGACACACGA_002,43
TGTTGTTGAGAGACACACGA_003,15
TGTTGTTGAGAGACACACGA_004,56
TGTTGTTGAGAGACACACGA_005,77
TGTTGTTGAGAGACACACGA_006,94
TGTTGTTGAGAGACACACGA_007,191
TGTTGTTGAGAGACACACGA_008,1
TGTTGTTGAGAGACACACGA_009,122
TGTTGTTGAGAGACACACGA_010,138
TGTTGTTGAGAGACACACGA_011,57
TGTTGTTGAGAGACACACGA_012,147
CACGGACCCTGATAGCATGA_001,2
CACGGACCCTGATAGCATGA_002,177
CCGGCCCGGCGAATCCGGCG_001,169
AAATGGGTACCAATCAAACC_001,96
GGACCTCTTTGGCCGGTGGG_001,172
GGACCTCTTTGGCCGGTGGG_002,181
GGACCTCTTTGGCCGGTGGG_003,158
GGACCTCTTTGGCCGGTGGG_004,125
GGACCTCTTTGGCCGGTGGG_005,13
GGACCTCTTTGGCCGGTGGG_006,9
GGACCTCTTTGGCCGGTGGG_007,108
GGACCTCTTTGGCCGGTGGG_008,108
GGACCTCTTTGGCCGGTGGG_009,158
GGACCTCTTTGGCCGGTGGG_010,141
GGACCTCTTTGGCCGGTGGG_011,104
GGACCTCTTTGGCCGGTGGG_012,60
GGACCTCTTTGGCCGGTGGG_013,146
GGACCTCTTTGGCCGGTGGG_014,180
GGACCTCTTTGGCCGGTGGG_015,15
GGACCTCTTTGGCCGGTGGG_016,166
GGACCTCTTTGGCCGGTGGG_017,145
GGCCGGTGCCTATTCGCACC_001,62
GGCCGGTGCCTATTCGCACC_002,129
GGCCGGTGCCTATTCGCACC_003,8
GGCCGGTGCCTATTCGCACC_004,165
GGCCGGTGCCTATTCGCACC_005,4
TCAGTCGTGTGATAGTCGAT_001,7
TCAGTCGTGTGATAGTCGAT_002,198
TCAGTCGTGTGATAGTCGAT_003,94
TCAGTCGTGTGATAGTCGAT_004,106
TCAGTCGTGTGATAGTCGAT_005,157
TCAGTCGTGTGATAGTCGAT_006,147
TCAGTCGTGTGATAGTCGAT_007,178
TCAGTCGTGTGATAGTCGAT_008,88
TCAGTCGTGTGATAGTCGAT_009,101
TCAGTCGTGTGATAGTCGAT_010,180
TCAGTCGTGTGATAGTCGAT_011,140
TCAGTCGTGTGATAGTCGAT_012,62
TCAGTCGTGTGATAGTCGAT_013,92
TCAGTCGTGTGATAGTCGAT_014,80
TCAGTCGTGTGATAGTCGAT_015,161
TCAGTCGTGTGATAGTCGAT_016,91
TCAGTCGTGTGATAGTCGAT_017,176
TCAGTCGTGTGATAGTCGAT_018,137
TCAGTCGTGTGATAGTCGAT_019,84
GGGGCGGTACCTCGTCGCAG_001,53
GGGGCGGTACCTCGTCGCAG_002,147
GGGGCGGTACCTCGTCGCAG_003,197
GGGGCGGTACCTCGTCGCAG_004,69
GGGGCGGTACCTCGTCGCAG_005,150
GGGGCGGTACCTCGTCGCAG_006,117
GGGGCGGTACCTCGTCGCAG_007,68
GGGGCGGTACCTCGTCGCAG_008,156
GGGGCGGTACCTCGTCGCAG_009,199
GGGGCGGTACCTCGTCGCAG_010,158
GGGGCGGTACCTCGTCGCAG_011,22
GGGGCGGTACCTCGTCGCAG_012,62
GGGGCGGTACCTCGTCGCAG_013,115
GGGGCGGTACCTCGTCGCAG_014,75
GGGGCGGTACCTCGTCGCAG_015,85
GGGGCGGTACCTCGTCGCAG_016,97
GGGGCGGTACCTCGTCGCAG_017,169
GGGGCGGTACCTCGTCGCAG_018,172
GGGGCGGTACCTCGTCGCAG_019,169
GGGGCGGTACCTCGTCGCAG_020,183
GGGGCGGTACCTCGTCGCAG_021,8
GGGGCGGTACCTCGTCGCAG_022,158
GGGGCGGTACCTCGTCGCAG_023,9
CCTGCGCTTCCAGAGTTCCG_001,93
CCTGCGCTTCCAGAGTTCCG_002,50
CCTGCGCTTCCAGAGTTCCG_003,65
CCTGCGCTTCCAGAGTTCCG_004,145
CCTGCGCTTCCAGAGTTCCG_005,178
CCTGCGCTTCCAGAGTTCCG_006,161
TGCCAACCACGATGCAAACA_001,127
TGCCAACCACGATGCAAACA_002,164
TGCCAACCACGATGCAAACA_003,27
TGCCAACCACGATGCAAACA_004,144
TGCCAACCACGATGCAAACA_005,81
TGCCAACCACGATGCAAACA_006,149
TACAGACTTCAACATAGCGA_001,119
TACAGACTTCAACATAGCGA_002,38
TACAGACTTCAACATAGCGA_003,16
ATGGCTGTGACCCGTCCCCG_001,163
ATGGCTGTGACCCGTCCCCG_002,112
ATGGCTGTGACCCGTCCCCG_003,98
ATGGCTGTGACCCGTCCCCG_004,87
ATGGCTGTGACCCGTCCCCG_005,69
ATGGCTGTGACCCGTCCCCG_006,108
ATGGCTGTGACCCGTCCCCG_007,97
ATGGCTGTGACCCGTCCCCG_008,192
ATGGCTGTGACCCGTCCCCG_009,0
ATGGCTGTGACCCGTCCCCG_010,150
ATGGCTGTGACCCGTCCCCG_011,170
ATGGCTGTGACCCGTCCCCG_012,94
ATGGCTGTGACCCGTCCCCG_013,109
ATGGCTGTGACCCGTCCCCG_014,13
ATGGCTGTGACCCGTCCCCG_015,26
ATGGCTGTGACCCGTCCCCG_016,158
ATGGCTGTGACCCGTCCCCG_017,148
ATGGCTGTGACCCGTCCCCG_018,56
ATGGCTGTGACCCGTCCCCG_019,156
ATGGCTGTGACCCGTCCCCG_020,22
ATGGCTGTGACCCGTCCCCG_021,123
ATGGCTGTGACCCGTCCCCG_022,18
ATGGCTGTGACCCGTCCCCG_023,103
ATGGCTGTGACCCGTCCCCG_024,34
ATGGCTGTGACCCGTCCCCG_025,175
ATGGCTGTGACCCGTCCCCG_026,175
ATGGCTGTGACCCGTCCCCG_027,194
ATGGCTGTGACCCGTCCCCG_028,116
ATGGCTGTGACCCGTCCCCG_029,29
ATGGCTGTGACCCGTCCCCG_030,10
ATGGCTGTGACCCGTCCCCG_031,66
ATGGCTGTGACCCGTCCCCG_032,124
ATGGCTGTGACCCGTCCCCG_033,55
ATGGCTGTGACCCGTCCCCG_034,148
ACCTCGGTACGAAACCACAC_001,133
ACCTCGGTACGAAACCACAC_002,175
ACCTCGGTACGAAACCACAC_003,9
ACCTCGGTACGAAACCACAC_004,88
ACCTCGGTACGAAACCACAC_005,115
ACCTCGGTACGAAACCACAC_006,146
ACCTCGGTACGAAACCACAC_007,38
ACCTCGGTACGAAACCACAC_008,69
ACCTCGGTACGAAACCACAC_009,77
ACCTCGGTACGAAACCACAC_010,160
ACCTCGGTACGAAACCACAC_011,108
ACCTCGGTACGAAACCACAC_012,134
ACCTCGGTACGAAACCACAC_013,115
ACCTCGGTACGAAACCACAC_014,56
ACCTCGGTACGAAACCACAC_015,15
ACCTCGGTACGAAACCACAC_016,120
ACCTCGGTACGAAACCACAC_017,126
ACCTCGGTACGAAACCACAC_018,94
ACCTCGGTACGAAACCACAC_019,61
ACCTCGGTACGAAACCACAC_020,85
ACCTCGGTACGAAACCACAC_021,3
ACCTCGGTACGAAACCACAC_022,184
ACCTCGGTACGAAACCACAC_023,43
ACCTCGGTACGAAACCACAC_024,100
ACCTCGGTACGAAACCACAC_025,121
CTTACTCTTTGCTTTGGACA_001,188
CTTACTCTTTGCTTTGGACA_002,98
CTTACTCTTTGCTTTGGACA_003,44
CTTACTCTTTGCTTTGGACA_004,100
CTTACTCTTTGCTTTGGACA_005,108
CTTACTCTTTGCTTTGGACA_006,16
CTTACTCTTTGCTTTGGACA_007,134
CTTACTCTTTGCTTTGGACA_008,149
CTTACTCTTTGCTTTGGACA_009,146
CTTACTCTTTGCTTTGGACA_010,168
CTTACTCTTTGCTTTGGACA_011,8
CTTACTCTTTGCTTTGGACA_012,45
AGGCGACTGCTGATCCTGGG_001,77
AGGCGACTGCTGATCCTGGG_002,93
AGGCGACTGCTGATCCTGGG_003,134
CATCTGGCGAAAGCTCTACG_001,106
CATCTGGCGAAAGCTCTACG_002,8
CATCTGGCGAAAGCTCTACG_003,146
CATCTGGCGAAAGCTCTACG_004,7
CATCTGGCGAAAGCTCTACG_005,21
CATCTGGCGAAAGCTCTACG_006,10
CATCTGGCGAAAGCTCTACG_007,10
CATCTGGCGAAAGCTCTACG_008,3
CGCTTCCCACAGCAGCGTCG_001,88
CGCTTCCCACAGCAGCGTCG_002,121
CGCTTCCCACAGCAGCGTCG_003,73
CGCTTCCCACAGCAGCGTCG_004,185
CGCTTCCCACAGCAGCGTCG_005,141
CGCTTCCCACAGCAGCGTCG_006,134
CGCTTCCCACAGCAGCGTCG_007,28
CGCTTCCCACAGCAGCGTCG_008,138
CGCTTCCCACAGCAGCGTCG_009,175
CGCTTCCCACAGCAGCGTCG_010,122
CGCTTCCCACAGCAGCGTCG_011,52
CGCTTCCCACAGCAGCGTCG_012,85
CGCTTCCCACAGCAGCGTCG_013,85
CGCTTCCCACAGCAGCGTCG_014,122
CGCTTCCCACAGCAGCGTCG_015,106
CGCTTCCCACAGCAGCGTCG_016,136
CGCTTCCCACAGCAGCGTCG_017,168
CGCTTCCCACAGCAGCGTCG_018,28
CGCTTCCCACAGCAGCGTCG_019,168
CGCTTCCCACAGCAGCGTCG_020,102
CGCTTCCCACAGCAGCGTCG_021,88
CGCTTCCCACAGCAGCGTCG_022,183
ACTGATTACGAGATACAATG_001,165
ACTGATTACGAGATACAATG_002,197
AGAGTTGCTATCTATTCACC_001,142
GAAAATGCCTGCTACCCGCT_001,76
GAAAATGCCTGCTACCCGCT_002,184
GAAAATGCCTGCTACCCGCT_003,45
GAAAATGCCTGCTACCCGCT_004,172
AAAGTGGGCATACGAACGGG_001,176
AAAGTGGGCATACGAACGGG_002,15
AAAGTGGGCATACGAACGGG_003,37
AAAGTGGGCATACGAACGGG_004,28
AAAGTGGGCATACGAACGGG_005,143
AAAGTGGGCATACGAACGGG_006,194
AAAGTGGGCATACGAACGGG_007,139
AAAGTGGGCATACGAACGGG_008,64
AAAGTGGGCATACGAACGGG_009,64
AAAGTGGGCATACGAACGGG_010,81
AAAGTGGGCATACGAACGGG_011,186
AAAGTGGGCATACGAACGGG_012,171
AAAGTGGGCATACGAACGGG_013,40
AAAGTGGGCATACGAACGGG_014,180
AAAGTGGGCATACGAACGGG_015,172
AAAGTGGGCATACGAACGGG_016,2
GAACGATTTCCGGAAGATGG_001,196
GAACGATTTCCGGAAGATGG_002,112
GAACGATTTCCGGAAGATGG_003,58
GAACGATTTCCGGAAGATGG_004,103
GAACGATTTCCGGAAGATGG_005,104
GAACGATTTCCGGAAGATGG_006,19
GAACGATTTCCGGAAGATGG_007,106
GAAGATGGTGTTCTCAACCA_001,41
GAAGATGGTGTTCTCAACCA_002,91
GAAGATGGTGTTCTCAACCA_003,166
GAAGATGGTGTTCTCAACCA_004,58
GAAGATGGTGTTCTCAACCA_005,100
GAAGATGGTGTTCTCAACCA_006,164
GAAGATGGTGTTCTCAACCA_007,149
GAAGATGGTGTTCTCAACCA_008,115
GAAGATGGTGTTCTCAACCA_009,124
GCAAACAGCTGCACAGCAAG_001,112
GCAAACAGCTGCACAGCAAG_002,113
GCAAACAGCTGCACAGCAAG_003,119
GCAAACAGCTGCACAGCAAG_004,104
GCAAACAGCTGCACAGCAAG_005,28
GCAAACAGCTGCACAGCAAG_006,121
GCAAACAGCTGCACAGCAAG_007,137
GGAAAAAGTCATCACAACTG_001,127
GGAAAAAGTCATCACAACTG_002,94
GGAAAAAGTCATCACAACTG_003,144
CAGCAACTGCAAGCATTCTG_001,1
CAGCAACTGCAAGCATTCTG_002,197
CAGCAACTGCAAGCATTCTG_003,155
CAGCAACTGCAAGCATTCTG_004,134
GCATGTCTCTTCATATTGCA_001,149
GCATGTCTCTTCATATTGCA_002,105
GCATGTCTCTTCATATTGCA_003,8
CCAGTACCAATATTAGCATG_001,176
CCAGTACCAATATTAGCATG_002,42
CCAGTACCAATATTAGCATG_003,20
CCAGTACCAATATTAGCATG_004,132
TTAGGTGCCAAGTCTAGTGG_001,1
TTAGGTGCCAAGTCTAGTGG_002,58
AACGGCATCTGTATGCACCT_001,62
AACGGCATCTGTATGCACCT_002,188
AACGGCATCTGTATGCACCT_003,28
AACGGCATCTGTATGCACCT_004,88
AACGGCATCTGTATGCACCT_005,192
AACGGCATCTGTATGCACCT_006,28
AACGGCATCTGTATGCACCT_007,156
AACGGCATCTGTATGCACCT_008,176
AACGGCATCTGTATGCACCT_009,0
AACGGCATCTGTATGCACCT_010,29
AACGGCATCTGTATGCACCT_011,9
CAGATACAAAGACAGTGCGG_001,199
CAGATACAAAGACAGTGCGG_002,2
CAGATACAAAGACAGTGCGG_003,127
CAGATACAAAGACAGTGCGG_004,51
CAGATACAAAGACAGTGCGG_005,72
CAGATACAAAGACAGTGCGG_006,88
CAGATACAAAGACAGTGCGG_007,1
CAGATACAAAGACAGTGCGG_008,133
CAGATACAAAGACAGTGCGG_009,12
CAGATACAAAGACAGTGCGG_010,46
CAGATACAAAGACAGTGCGG_011,25
CAGATACAAAGACAGTGCGG_012,169
CAGATACAAAGACAGTGCGG_013,66
CAGATACAAAGACAGTGCGG_014,106
CAGATACAAAGACAGTGCGG_015,28
GAACTGTGAAAAGTGTCACA_001,62
GAACTGTGAAAAGTGTCACA_002,199
GAACTGTGAAAAGTGTCACA_003,119
GAACTGTGAAAAGTGTCACA_004,190
GAACTGTGAAAAGTGTCACA_005,188
GAACTGTGAAAAGTGTCACA_006,149
GAACTGTGAAAAGTGTCACA_007,51
GAACTGTGAAAAGTGTCACA_008,25
GAACTGTGAAAAGTGTCACA_009,33
GAACTGTGAAAAGTGTCACA_010,158
GAACTGTGAAAAGTGTCACA_011,184
GAACTGTGAAAAGTGTCACA_012,116
TCACTGCTAGACTTACCGCA_001,80
TCACTGCTAGACTTACCGCA_002,19
TCACTGCTAGACTTACCGCA_003,135
TCACTGCTAGACTTACCGCA_004,162
TCACTGCTAGACTTACCGCA_005,49
TCACTGCTAGACTTACCGCA_006,86
TCACTGCTAGACTTACCGCA_007,115
TTGCGTCAGCGCTGCACATC_001,77
TTGCGTCAGCGCTGCACATC_002,77
TTGCGTCAGCGCTGCACATC_003,169
TTGCGTCAGCGCTGCACATC_004,43
TTGCGTCAGCGCTGCACATC_005,193
TTGCGTCAGCGCTGCACATC_006,105
TTGCGTCAGCGCTGCACATC_007,83
TTGCGTCAGCGCTGCACATC_008,94
TTGCGTCAGCGCTGCACATC_009,30
TTGCGTCAGCGCTGCACATC_010,53
TTGCGTCAGCGCTGCACATC_011,153
TTGCGTCAGCGCTGCACATC_012,85
TTGCGTCAGCGCTGCACATC_013,107
TTGCGTCAGCGCTGCACATC_014,127
TTGCGTCAGCGCTGCACATC_015,78
TTGCGTCAGCGCTGCACATC_016,68
TTGCGTCAGCGCTGCACATC_017,13
TTGCGTCAGCGCTGCACATC_018,147
TTGCGTCAGCGCTGCACATC_019,145
CGTGGATGAGTACGACCCCG_001,44
CGTGGATGAGTACGACCCCG_002,19
CGTGGATGAGTACGACCCCG_003,15
CGTGGATGAGTACGACCCCG_004,92
CGTGGATGAGTACGACCCCG_005,142
GCAAAGATGAACTGTGCCCG_001,50
GCAAAGATGAACTGTGCCCG_002,104
GCAAAGATGAACTGTGCCCG_003,169
GCAAAGATGAACTGTGCCCG_004,198
GCAAAGATGAACTGTGCCCG_005,115
GCAAAGATGAACTGTGCCCG_006,2
GCAAAGATGAACTGTGCCCG_007,105
GCAAAGATGAACTGTGCCCG_008,53
GCAAAGATGAACTGTGCCCG_009,67
GCAAAGATGAACTGTGCCCG_010,89
GCAAAGATGAACTGTGCCCG_011,58
GCAAAGATGAACTGTGCCCG_012,51
GCAAAGATGAACTGTGCCCG_013,195
GCAAAGATGAACTGTGCCCG_014,188
GCAAAGATGAACTGTGCCCG_015,46
GCAAAGATGAACTGTGCCCG_016,22
AGGTTGACTACCTTCACCAG_001,27
AGGTTGACTACCTTCACCAG_002,155
AGGTTGACTACCTTCACCAG_003,36
AGGTTGACTACCTTCACCAG_004,24
AGGTTGACTACCTTCACCAG_005,127
GATGGCGCCATGATGGAAGA_001,158
GATGGCGCCATGATGGAAGA_002,190
GATGGCGCCATGATGGAAGA_003,15
GATGGCGCCATGATGGAAGA_004,189
GATGGCGCCATGATGGAAGA_005,46
GATGGCGCCATGATGGAAGA_006,170
GATGGCGCCATGATGGAAGA_007,136
GATGGCGCCATGATGGAAGA_008,88
CCAGTGGCATCAATGCACAG_001,168
CCAGTGGCATCAATGCACAG_002,108
CCAGTGGCATCAATGCACAG_003,151
CCAGTGGCATCAATGCACAG_004,97
CCAGTGGCATCAATGCACAG_005,80
CCAGTGGCATCAATGCACAG_006,150
CCAGTGGCATCAATGCACAG_007,56
CCAGTGGCATCAATGCACAG_008,8
CCAGTGGCATCAATGCACAG_009,40
CCAGTGGCATCAATGCACAG_010,57
CCAGTGGCATCAATGCACAG_011,13
CCAGTGGCATCAATGCACAG_012,94
CCAGTGGCATCAATGCACAG_013,12
CCAGTGGCATCAATGCACAG_014,45
CCAGTGGCATCAATGCACAG_015,192
CCAGTGGCATCAATGCACAG_016,8
CCAGTGGCATCAATGCACAG_017,126
CCAGTGGCATCAATGCACAG_018,179
CCAGTGGCATCAATGCACAG_019,73
CCAGTGGCATCAATGCACAG_020,104
CCAGTGGCATCAATGCACAG_021,113
TTTCAACCTACGAATGAAGA_001,101
TTTCAACCTACGAATGAAGA_002,145
TTTCAACCTACGAATGAAGA_003,12
TTTCAACCTACGAATGAAGA_004,120
CAAAGTGCTGCTGTGCCATG_001,170
CAAAGTGCTGCTGTGCCATG_002,4
CAAAGTGCTGCTGTGCCATG_003,197
CAAAGTGCTGCTGTGCCATG_004,65
CAAAGTGCTGCTGTGCCATG_005,16
CAAAGTGCTGCTGTGCCATG_006,147
CAAAGTGCTGCTGTGCCATG_007,197
CAAAGTGCTGCTGTGCCATG_008,56
CAAAGTGCTGCTGTGCCATG_009,33
CAAAGTGCTGCTGTGCCATG_010,43
TGCTCAAAATTCATGAGGGT_001,150
TGCTCAAAATTCATGAGGGT_002,78
TGCTCAAAATTCATGAGGGT_003,172
TGCTCAAAATTCATGAGGGT_004,128
TGCTCAAAATTCATGAGGGT_005,170
TGCTCAAAATTCATGAGGGT_006,188
TGCTCAAAATTCATGAGGGT_007,106
TGCTCAAAATTCATGAGGGT_008,199
TGCTCAAAATTCATGAGGGT_009,41
TGCTCAAAATTCATGAGGGT_010,182
TGCTCAAAATTCATGAGGGT_011,102
GGGACATGCAAGAACAATTG_001,170
GGGACATGCAAGAACAATTG_002,28
GGGACATGCAAGAACAATTG_003,112
GGGACATGCAAGAACAATTG_004,5
GGGACATGCAAGAACAATTG_005,39
GGGACATGCAAGAACAATTG_006,81
GGGACATGCAAGAACAATTG_007,19
TGAGGCAGAAGAAAGACCAG_001,41
TGAGGCAGAAGAAAGACCAG_002,10
TGAGGCAGAAGAAAGACCAG_003,113
TGAGGCAGAAGAAAGACCAG_004,157
TGAGGCAGAAGAAAGACCAG_005,47
TGAGGCAGAAGAAAGACCAG_006,91
TGAGGCAGAAGAAAGACCAG_007,179
TGAGGCAGAAGAAAGACCAG_008,91
TGAGGCAGAAGAAAGACCAG_009,83
TGAGGCAGAAGAAAGACCAG_010,178
TGAGGCAGAAGAAAGACCAG_011,100
TGAGGCAGAAGAAAGACCAG_012,174
TGAGGCAGAAGAAAGACCAG_013,119
TGAGGCAGAAGAAAGACCAG_014,127
TGAGGCAGAAGAAAGACCAG_015,22
TGAGGCAGAAGAAAGACCAG_016,91
CCGGCCGTGCGGGACCGTTG_001,45
CCGGCCGTGCGGGACCGTTG_002,188
CCGGCCGTGCGGGACCGTTG_003,77
CCGGCCGTGCGGGACCGTTG_004,171
CCGGCCGTGCGGGACCGTTG_005,134
CCGGCCGTGCGGGACCGTTG_006,28
CCGGCCGTGCGGGACCGTTG_007,130
CCGGCCGTGCGGGACCGTTG_008,168
CCGGCCGTGCGGGACCGTTG_009,97
CCGGCCGTGCGGGACCGTTG_010,68
CCGGCCGTGCGGGACCGTTG_011,30
CCGGCCGTGCGGGACCGTTG_012,29
CCGGCCGTGCGGGACCGTTG_013,86
CCGGCCGTGCGGGACCGTTG_014,122
CCGGCCGTGCGGGACCGTTG_015,157
CCGGCCGTGCGGGACCGTTG_016,160
CCGGCCGTGCGGGACCGTTG_017,70
CCGGCCGTGCGGGACCGTTG_018,176
CCGGCCGTGCGGGACCGTTG_019,152
CCGGCCGTGCGGGACCGTTG_020,75
CCGGCCGTGCGGGACCGTTG_021,197
TGAGGCTGTAATCCGACCTG_001,30
TGAGGCTGTAATCCGACCTG_002,117
TGAGGCTGTAATCCGACCTG_003,198
TGAGGCTGTAATCCGACCTG_004,88
TGAGGCTGTAATCCGACCTG_005,45
TGAGGCTGTAATCCGACCTG_006,88
TGAGGCTGTAATCCGACCTG_007,49
TGAGGCTGTAATCCGACCTG_008,60
TGAGGCTGTAATCCGACCTG_009,160
TGAGGCTGTAATCCGACCTG_010,1
TGAGGCTGTAATCCGACCTG_011,105
TGAGGCTGTAATCCGACCTG_012,69
TGAGGCTGTAATCCGACCTG_013,48
TGAGGCTGTAATCCGACCTG_014,66
TGAGGCTGTAATCCGACCTG_015,6
TGAGGCTGTAATCCGACCTG_016,144
TGAGGCTGTAATCCGACCTG_017,19
TGAGGCTGTAATCCGACCTG_018,89
GGCGCAGGGAGGCGTAGTAG_001,63
GGCGCAGGGAGGCGTAGTAG_002,188
GGCGCAGGGAGGCGTAGTAG_003,39
TTCCGTACTACACTCAGGAA_001,53
TTCCGTACTACACTCAGGAA_002,101
TTCCGTACTACACTCAGGAA_003,196
TTCCGTACTACACTCAGGAA_004,74
GGCTGGATCCTCTGGTACAC_001,8
GGCTGGATCCTCTGGTACAC_002,58
GGCTGGATCCTCTGGTACAC_003,2
GGCTGGATCCTCTGGTACAC_004,9
GGCTGGATCCTCTGGTACAC_005,146
GGCTGGATCCTCTGGTACAC_006,4
CAGTGCTTCCTAATGACAAT_001,160
CAGTGCTTCCTAATGACAAT_002,77
CAGTGCTTCCTAATGACAAT_003,91
GAATTATGAGTGTTTACCTG_001,80
GAATTATGAGTGTTTACCTG_002,120
GAATTATGAGTGTTTACCTG_003,6
GAATTATGAGTGTTTACCTG_004,161
GAATTATGAGTGTTTACCTG_005,8
GAATTATGAGTGTTTACCTG_006,28
AGATGATGTCGTTTGATACC_001,83
AGATGATGTCGTTTGATACC_002,88
AGATGATGTCGTTTGATACC_003,76
TGCCTCTGCAGTGAGCAATG_001,185
TGCCTCTGCAGTGAGCAATG_002,115
TGCCTCTGCAGTGAGCAATG_003,83
TGCCTCTGCAGTGAGCAATG_004,165
TGCCTCTGCAGTGAGCAATG_005,134
TGCCTCTGCAGTGAGCAATG_006,194
TGCCTCTGCAGTGAGCAATG_007,131
TGCCTCTGCAGTGAGCAATG_008,1
TGCCTCTGCAGTGAGCAATG_009,175
TGCCTCTGCAGTGAGCAATG_010,150
TGCCTCTGCAGTGAGCAATG_011,15
TGCCTCTGCAGTGAGCAATG_012,188
TGCCTCTGCAGTGAGCAATG_013,182
TGCCTCTGCAGTGAGCAATG_014,113
TGCCTCTGCAGTGAGCAATG_015,154
TGCCTCTGCAGTGAGCAATG_016,133
TGCCTCTGCAGTGAGCAATG_017,184
TGCCTCTGCAGTGAGCAATG_018,88
TGCCTCTGCAGTGAGCAATG_019,166
TGCCTCTGCAGTGAGCAATG_020,72
TGCCTCTGCAGTGAGCAATG_021,42
TGCCTCTGCAGTGAGCAATG_022,149
TGCCTCTGCAGTGAGCAATG_023,134
ACACAATCCAATGCAAATCG_001,102
ACACAATCCAATGCAAATCG_002,16
ACACAATCCAATGCAAATCG_003,101
ACACAATCCAATGCAAATCG_004,8
CTCATTGCAGACCTCTAGTG_001,26
CTCATTGCAGACCTCTAGTG_002,117
CTCATTGCAGACCTCTAGTG_003,148
CTCATTGCAGACCTCTAGTG_004,168
CTGCACAGTGTAGTTTCGGA_001,28
CTGCACAGTGTAGTTTCGGA_002,177
CTGCACAGTGTAGTTTCGGA_003,116
TATACTGCCTCTTCATGGAT_001,96
TATACTGCCTCTTCATGGAT_002,16
TATACTGCCTCTTCATGGAT_003,29
TATACTGCCTCTTCATGGAT_004,41
TATACTGCCTCTTCATGGAT_005,60
TATACTGCCTCTTCATGGAT_006,1
TATACTGCCTCTTCATGGAT_007,184
TATACTGCCTCTTCATGGAT_008,159
TATACTGCCTCTTCATGGAT_009,0
ACAAAGCAGAGAGTACGGCC_001,105
ACAAAGCAGAGAGTACGGCC_002,171
ACAAAGCAGAGAGTACGGCC_003,147
ACAAAGCAGAGAGTACGGCC_004,40
ACAAAGCAGAGAGTACGGCC_005,91
ACAAAGCAGAGAGTACGGCC_006,124
AAAGCTTGTACACCTTCCGT_001,154
AAAGCTTGTACACCTTCCGT_002,78
AAAGCTTGTACACCTTCCGT_003,106
AAAGCTTGTACACCTTCCGT_004,14
AAAGCTTGTACACCTTCCGT_005,185
AAAGCTTGTACACCTTCCGT_006,95
AAAGCTTGTACACCTTCCGT_007,38
AAAGCTTGTACACCTTCCGT_008,82
AAAGCTTGTACACCTTCCGT_009,140
GATGCCAGAACGGTTCAACC_001,176
GATGCCAGAACGGTTCAACC_002,198
GATGCCAGAACGGTTCAACC_003,197
GAGACTGGAAGGATAATAGG_001,110
GAGACTGGAAGGATAATAGG_002,4
GAGACTGGAAGGATAATAGG_003,103
GAGACTGGAAGGATAATAGG_004,158
TGGGTGTAGCCTAGGGACGG_001,106
TGGGTGTAGCCTAGGGACGG_002,72
TGGGTGTAGCCTAGGGACGG_003,62
TGGGTGTAGCCTAGGGACGG_004,94
TGGGTGTAGCCTAGGGACGG_005,130
TGGGTGTAGCCTAGGGACGG_006,199
TGGGTGTAGCCTAGGGACGG_007,19
TGGGTGTAGCCTAGGGACGG_008,115
TGGGTGTAGCCTAGGGACGG_009,0
TGGGTGTAGCCTAGGGACGG_010,134
TGGGTGTAGCCTAGGGACGG_011,151
TGGGTGTAGCCTAGGGACGG_012,65
TGGGTGTAGCCTAGGGACGG_013,146
TGGGTGTAGCCTAGGGACGG_014,101
GGATTTATCAGACGCTTCAC_001,152
GGATTTATCAGACGCTTCAC_002,169
GGATTTATCAGACGCTTCAC_003,157
TGATGACATTGTACAGCAAG_001,31
CAAGCTGAGGGCCATACTGG_001,197
CAAGCTGAGGGCCATACTGG_002,175
CAAGCTGAGGGCCATACTGG_003,39
CAAGCTGAGGGCCATACTGG_004,86
CAAGCTGAGGGCCATACTGG_005,168
CAAGCTGAGGGCCATACTGG_006,104
CAAGCTGAGGGCCATACTGG_007,31
CAAGCTGAGGGCCATACTGG_008,129
CAAGCTGAGGGCCATACTGG_009,199
CAAGCTGAGGGCCATACTGG_010,45
CAAGCTGAGGGCCATACTGG_011,58
CAAGCTGAGGGCCATACTGG_012,149
CAAGCTGAGGGCCATACTGG_013,45
GCAGCGCCACACCGCTCGGG_001,88
GCAGCGCCACACCGCTCGGG_002,50
GCAGCGCCACACCGCTCGGG_003,81
GCAGCGCCACACCGCTCGGG_004,106
GCAGCGCCACACCGCTCGGG_005,48
GCAGCGCCACACCGCTCGGG_006,16
GCAGCGCCACACCGCTCGGG_007,175
GCAGCGCCACACCGCTCGGG_008,40
GCAGCGCCACACCGCTCGGG_009,121
GCAGCGCCACACCGCTCGGG_010,121
GCAGCGCCACACCGCTCGGG_011,166
GCAGCGCCACACCGCTCGGG_012,156
TGTAGGAGCAGCAGTCCTCA_001,62
TGTAGGAGCAGCAGTCCTCA_002,63
TGTAGGAGCAGCAGTCCTCA_003,188
TGTAGGAGCAGCAGTCCTCA_004,27
TGTAGGAGCAGCAGTCCTCA_005,181
TGTAGGAGCAGCAGTCCTCA_006,2
TGTAGGAGCAGCAGTCCTCA_007,160
TGTAGGAGCAGCAGTCCTCA_008,168
TGTAGGAGCAGCAGTCCTCA_009,32
TGTAGGAGCAGCAGTCCTCA_010,94
TGTAGGAGCAGCAGTCCTCA_011,129
TGTAGGAGCAGCAGTCCTCA_012,141
TGTAGGAGCAGCAGTCCTCA_013,88
TGTAGGAGCAGCAGTCCTCA_014,183
TGTAGGAGCAGCAGTCCTCA_015,43
TGTAGGAGCAGCAGTCCTCA_016,41
TGTAGGAGCAGCAGTCCTCA_017,192
ACGCCGCCCGCAGTTTGAGT_001,58
ACGCCGCCCGCAGTTTGAGT_002,80
ACGCCGCCCGCAGTTTGAGT_003,82
ACGCCGCCCGCAGTTTGAGT_004,113
ACGCCGCCCGCAGTTTGAGT_005,43
ACGCCGCCCGCAGTTTGAGT_006,62
ACGCCGCCCGCAGTTTGAGT_007,105
ACGCCGCCCGCAGTTTGAGT_008,103
ACGCCGCCCGCAGTTTGAGT_009,179
ACGCCGCCCGCAGTTTGAGT_010,184
ACGCCGCCCGCAGTTTGAGT_011,10
ACGCCGCCCGCAGTTTGAGT_012,168
ACGCCGCCCGCAGTTTGAGT_013,134
ACGCCGCCCGCAGTTTGAGT_014,5
ACGCCGCCCGCAGTTTGAGT_015,96
ACGCCGCCCGCAGTTTGAGT_016,23
ACGCCGCCCGCAGTTTGAGT_017,180
ACGCCGCCCGCAGTTTGAGT_018,130
CAGGGCTGATGCAATTACGT_001,98
CAGGGCTGATGCAATTACGT_002,41
CAGGGCTGATGCAATTACGT_003,156
CAGGGCTGATGCAATTACGT_004,83
CAGGGCTGATGCAATTACGT_005,189
CAGGGCTGATGCAATTACGT_006,175
CAGGGCTGATGCAATTACGT_007,195
CAGGGCTGATGCAATTACGT_008,32
CAGGGCTGATGCAATTACGT_009,159
CAGGGCTGATGCAATTACGT_010,49
CAGGGCTGATGCAATTACGT_011,16
CAGGGCTGATGCAATTACGT_012,105
CAGGGCTGATGCAATTACGT_013,86
CAGGGCTGATGCAATTACGT_014,81
CAGGGCTGATGCAATTACGT_015,168
CAGGGCTGATGCAATTACGT_016,152
CAGGGCTGATGCAATTACGT_017,180
CAGGGCTGATGCAATTACGT_018,96
CAGGGCTGATGCAATTACGT_019,63
CAGGGCTGATGCAATTACGT_020,19
AAGGCTATGACAATCGGCTG_001,19
AAGGCTATGACAATCGGCTG_002,17
AAGGCTATGACAATCGGCTG_003,182
AAGGCTATGACAATCGGCTG_004,97
AAGGCTATGACAATCGGCTG_005,139
AAGGCTATGACAATCGGCTG_006,118
AAGGCTATGACAATCGGCTG_007,168
AAGGCTATGACAATCGGCTG_008,115
AAGGCTATGACAATCGGCTG_009,58
AAGGCTATGACAATCGGCTG_010,19
AAGGCTATGACAATCGGCTG_011,60
AAGGCTATGACAATCGGCTG_012,170
AAGGCTATGACAATCGGCTG_013,29
AAGGCTATGACAATCGGCTG_014,9
ACTGGAATCAACAACAATCG_001,17
ACTGGAATCAACAACAATCG_002,127
ACTGGAATCAACAACAATCG_003,134
ACTGGAATCAACAACAATCG_004,177
ACTGGAATCAACAACAATCG_005,172
ACTGGAATCAACAACAATCG_006,80
ACTGGAATCAACAACAATCG_007,169
GGGCGTAGACGTCAAAGTAG_001,88
GGGCGTAGACGTCAAAGTAG_002,29
GGGCGTAGACGTCAAAGTAG_003,115
GGGCGTAGACGTCAAAGTAG_004,147
GGGCGTAGACGTCAAAGTAG_005,169
GGGCGTAGACGTCAAAGTAG_006,16
CAGAACACTAACATCGACAA_001,137
CAGAACACTAACATCGACAA_002,150
CAGAACACTAACATCGACAA_003,51
CAGAACACTAACATCGACAA_004,2
ATCATGATCTCTGTTCCAAG_001,156
ATCATGATCTCTGTTCCAAG_002,157
ATGTCTGTCCATCAGACAGG_001,19
ATGTCTGTCCATCAGACAGG_002,105
ATGTCTGTCCATCAGACAGG_003,107
ATGTCTGTCCATCAGACAGG_004,28
ATGTCTGTCCATCAGACAGG_005,78
ATGTCTGTCCATCAGACAGG_006,180
GGCATGGTGGCAATTCTCAT_001,60
GGCATGGTGGCAATTCTCAT_002,41
GGCATGGTGGCAATTCTCAT_003,106
GGCATGGTGGCAATTCTCAT_004,133
GGCATGGTGGCAATTCTCAT_005,184
GGCATGGTGGCAATTCTCAT_006,28
GGCATGGTGGCAATTCTCAT_007,57
GGCATGGTGGCAATTCTCAT_008,67
CGTCAATAGTTCCCTCGATG_001,58
CGTCAATAGTTCCCTCGATG_002,185
CGTCAATAGTTCCCTCGATG_003,160
CGTCAATAGTTCCCTCGATG_004,151
CAGGGTGAAGACGTAGAACA_001,24
CAGGGTGAAGACGTAGAACA_002,94
CAGGGTGAAGACGTAGAACA_003,5
CAGGGTGAAGACGTAGAACA_004,176
CAGGGTGAAGACGTAGAACA_005,176
CAGGGTGAAGACGTAGAACA_006,11
GAATGTGGAGATCCAAGCTG_001,12
GAATGTGGAGATCCAAGCTG_002,139
GAATGTGGAGATCCAAGCTG_003,53
GAATGTGGAGATCCAAGCTG_004,94
GAATGTGGAGATCCAAGCTG_005,184
GAATGTGGAGATCCAAGCTG_006,62
GAATGTGGAGATCCAAGCTG_007,175
GAATGTGGAGATCCAAGCTG_008,157
GAATGTGGAGATCCAAGCTG_009,137
GAATGTGGAGATCCAAGCTG_010,106
GAATGTGGAGATCCAAGCTG_011,109
GAATGTGGAGATCCAAGCTG_012,148
GAATGTGGAGATCCAAGCTG_013,77
AATACAGTAGACCCACACAC_001,167
AATACAGTAGACCCACACAC_002,70
AATACAGTAGACCCACACAC_003,72
AATACAGTAGACCCACACAC_004,58
AATACAGTAGACCCACACAC_005,126
AATACAGTAGACCCACACAC_006,46
AATACAGTAGACCCACACAC_007,185
AATACAGTAGACCCACACAC_008,137
AATACAGTAGACCCACACAC_009,35
AATACAGTAGACCCACACAC_010,151
AATACAGTAGACCCACACAC_011,192
AATACAGTAGACCCACACAC_012,62
AATACAGTAGACCCACACAC_013,76
CACAGCCTGCATGACCACGC_001,168
CACAGCCTGCATGACCACGC_002,168
CACAGCCTGCATGACCACGC_003,148
CACAGCCTGCATGACCACGC_004,11
CACAGCCTGCATGACCACGC_005,40
CACAGCCTGCATGACCACGC_006,146
CACAGCCTGCATGACCACGC_007,91
CACAGCCTGCATGACCACGC_008,62
CACAGCCTGCATGACCACGC_009,142
CACAGCCTGCATGACCACGC_010,24
CACAGCCTGCATGACCACGC_011,158
CACAGCCTGCATGACCACGC_012,22
CACAGCCTGCATGACCACGC_013,144
CTTACCAGCAAAGTACCTCC_001,144
CTTACCAGCAAAGTACCTCC_002,7
CTTACCAGCAAAGTACCTCC_003,77
CTTACCAGCAAAGTACCTCC_004,138
CTTACCAGCAAAGTACCTCC_005,56
CTTACCAGCAAAGTACCTCC_006,56
CTTACCAGCAAAGTACCTCC_007,94
CTTACCAGCAAAGTACCTCC_008,88
CTTACCAGCAAAGTACCTCC_009,95
CTTACCAGCAAAGTACCTCC_010,198
CTTACCAGCAAAGTACCTCC_011,183
CTTACCAGCAAAGTACCTCC_012,144
CTTACCAGCAAAGTACCTCC_013,115
CTTACCAGCAAAGTACCTCC_014,19
CTTACCAGCAAAGTACCTCC_015,6
CTTACCAGCAAAGTACCTCC_016,6
CTTACCAGCAAAGTACCTCC_017,63
ATGTTTCAGGCACTACACGC_001,175
ATGTTTCAGGCACTACACGC_002,50
ATGTTTCAGGCACTACACGC_003,48
ATGTTTCAGGCACTACACGC_004,158
ATGTTTCAGGCACTACACGC_005,120
ATGTTTCAGGCACTACACGC_006,32
ATGTTTCAGGCACTACACGC_007,146
ATGTTTCAGGCACTACACGC_008,96
ATGTTTCAGGCACTACACGC_009,121
ATGTTTCAGGCACTACACGC_010,172
ATGTTTCAGGCACTACACGC_011,147
ATGTTTCAGGCACTACACGC_012,157
ATGTTTCAGGCACTACACGC_013,188
CATACACAGTCTCGAAGCAG_001,53
TCAGGAAAAGCACAAAGAGG_001,115
TCAGGAAAAGCACAAAGAGG_002,36
TCAGGAAAAGCACAAAGAGG_003,30
TCAGGAAAAGCACAAAGAGG_004,70
TCAGGAAAAGCACAAAGAGG_005,127
TCAGGAAAAGCACAAAGAGG_006,48
TCAGGAAAAGCACAAAGAGG_007,68
TCAGGAAAAGCACAAAGAGG_008,98
TCAGGAAAAGCACAAAGAGG_009,13
TCAGGAAAAGCACAAAGAGG_010,8
TCAGGAAAAGCACAAAGAGG_011,42
TCAGGAAAAGCACAAAGAGG_012,104
TCAGGAAAAGCACAAAGAGG_013,65
ATAAGTCCCCAAGACGAACA_001,106
ATAAGTCCCCAAGACGAACA_002,127
ATAAGTCCCCAAGACGAACA_003,78
ATAAGTCCCCAAGACGAACA_004,127
ATAAGTCCCCAAGACGAACA_005,168
ATAAGTCCCCAAGACGAACA_006,60
ATAAGTCCCCAAGACGAACA_007,147
ATAAGTCCCCAAGACGAACA_008,156
ATAAGTCCCCAAGACGAACA_009,52
ATAAGTCCCCAAGACGAACA_010,104
ATAAGTCCCCAAGACGAACA_011,114
ATAAGTCCCCAAGACGAACA_012,149
ATAAGTCCCCAAGACGAACA_013,124
ATAAGTCCCCAAGACGAACA_014,74
ATAAGTCCCCAAGACGAACA_015,74
ATAAGTCCCCAAGACGAACA_016,105
ATAAGTCCCCAAGACGAACA_017,148
ATAAGTCCCCAAGACGAACA_018,50
AAAGCCCTGTCAATTGCACC_001,132
AAAGCCCTGTCAATTGCACC_002,83
AAAGCCCTGTCAATTGCACC_003,1
AAAGCCCTGTCAATTGCACC_004,72
AAAGCCCTGTCAATTGCACC_005,126
ACAGTGGTGATCGACTATGA_001,94
ACAGTGGTGATCGACTATGA_002,16
ACAGTGGTGATCGACTATGA_003,169
ACAGTGGTGATCGACTATGA_004,78
ACAGTGGTGATCGACTATGA_005,54
ACAGTGGTGATCGACTATGA_006,159
ACAGTGGTGATCGACTATGA_007,39
ACAGTGGTGATCGACTATGA_008,72
ACAGTGGTGATCGACTATGA_009,71
ACAGTGGTGATCGACTATGA_010,148
ACAGTGGTGATCGACTATGA_011,159
ACAGTGGTGATCGACTATGA_012,43
ACAGTGGTGATCGACTATGA_013,133
ACAGTGGTGATCGACTATGA_014,66
ATGGATGTGGATACCCCGAG_001,55
ATGGATGTGGATACCCCGAG_002,41
ATGGATGTGGATACCCCGAG_003,4
ATGGATGTGGATACCCCGAG_004,61
ATGGATGTGGATACCCCGAG_005,0
ATGGATGTGGATACCCCGAG_006,125
ATGGATGTGGATACCCCGAG_007,49
ATGGATGTGGATACCCCGAG_008,102
CTTTGACCATGAAAACACGG_001,38
CTTTGACCATGAAAACACGG_002,113
CTTTGACCATGAAAACACGG_003,102
CTTTGACCATGAAAACACGG_004,43
CTTTGACCATGAAAACACGG_005,103
CTTTGACCATGAAAACACGG_006,27
CTTTGACCATGAAAACACGG_007,57
CTTTGACCATGAAAACACGG_008,172
CTTTGACCATGAAAACACGG_009,146
CTTTGACCATGAAAACACGG_010,166
CTTTGACCATGAAAACACGG_011,84
CTTTGACCATGAAAACACGG_012,14
CTTTGACCATGAAAACACGG_013,1
CTTTGACCATGAAAACACGG_014,80
CTTTGACCATGAAAACACGG_015,57
CTTTGACCATGAAAACACGG_016,119
CTTTGACCATGAAAACACGG_017,57
CTTTGACCATGAAAACACGG_018,71
CTTTGACCATGAAAACACGG_019,95
CTTTGACCATGAAAACACGG_020,176
CTTTGACCATGAAAACACGG_021,176
CTTTGACCATGAAAACACGG_022,52
CTTTGACCATGAAAACACGG_023,9
CTTTGACCATGAAAACACGG_024,180
GCTGAAGCAGCGCATCGCCG_001,157
GCTGAAGCAGCGCATCGCCG_002,184
GCTGAAGCAGCGCATCGCCG_003,114
GCTGAAGCAGCGCATCGCCG_004,116
GCTGAAGCAGCGCATCGCCG_005,2
GCTGAAGCAGCGCATCGCCG_006,19
GCTGAAGCAGCGCATCGCCG_007,139
GCTGAAGCAGCGCATCGCCG_008,186
GCTGAAGCAGCGCATCGCCG_009,104
GCTGAAGCAGCGCATCGCCG_010,179
GCTGAAGCAGCGCATCGCCG_011,179
CCACGGCATGTACCACTAGA_001,1
CCACGGCATGTACCACTAGA_002,17
CCACGGCATGTACCACTAGA_003,78
CCACGGCATGTACCACTAGA_004,159
CCACGGCATGTACCACTAGA_005,49
CCACGGCATGTACCACTAGA_006,119
CCACGGCATGTACCACTAGA_007,119
AGCTCCTTCTGTCTACTCGG_001,74
AGCTCCTTCTGTCTACTCGG_002,168
AGCTCCTTCTGTCTACTCGG_003,81
AGCTCCTTCTGTCTACTCGG_004,107
AGCTCCTTCTGTCTACTCGG_005,5
AGCTCCTTCTGTCTACTCGG_006,130
TGACCGAGGAGAACTTTAGG_001,176
TGACCGAGGAGAACTTTAGG_002,104
TGACCGAGGAGAACTTTAGG_003,48
TGACCGAGGAGAACTTTAGG_004,151
TGACCGAGGAGAACTTTAGG_005,198
TGACCGAGGAGAACTTTAGG_006,23
TGACCGAGGAGAACTTTAGG_007,113
TGACCGAGGAGAACTTTAGG_008,32
TGACCGAGGAGAACTTTAGG_009,138
TGACCGAGGAGAACTTTAGG_010,146
TGACCGAGGAGAACTTTAGG_011,102
TGACCGAGGAGAACTTTAGG_012,136
TGACCGAGGAGAACTTTAGG_013,160
GGTATCGCCGTCAAACGTCT_001,139
GGTATCGCCGTCAAACGTCT_002,104
GGTATCGCCGTCAAACGTCT_003,98
GGTATCGCCGTCAAACGTCT_004,40
GGTATCGCCGTCAAACGTCT_005,20
GGTATCGCCGTCAAACGTCT_006,78
GGTATCGCCGTCAAACGTCT_007,17
GGTATCGCCGTCAAACGTCT_008,104
GGTATCGCCGTCAAACGTCT_009,38
TGCAGCTGGTGAGTCTCATG_001,83
TGCAGCTGGTGAGTCTCATG_002,45
TGCAGCTGGTGAGTCTCATG_003,6
TGCAGCTGGTGAGTCTCATG_004,9
TGCAGCTGGTGAGTCTCATG_005,104
TGCAGCTGGTGAGTCTCATG_006,107
GCGATATCTGAAATCCGGGG_001,2
GCGATATCTGAAATCCGGGG_002,153
GCGATATCTGAAATCCGGGG_003,48
ACCTGGTGGAGATTCCACAA_001,177
ACCTGGTGGAGATTCCACAA_002,189
ACCTGGTGGAGATTCCACAA_003,194
ACCTGGTGGAGATTCCACAA_004,163
ACCTGGTGGAGATTCCACAA_005,156
ACCTGGTGGAGATTCCACAA_006,29
ACCTGGTGGAGATTCCACAA_007,87
ACCTGGTGGAGATTCCACAA_008,77
ACCTGGTGGAGATTCCACAA_009,6
ACCTGGTGGAGATTCCACAA_010,84
ACCTGGTGGAGATTCCACAA_011,72
ACCTGGTGGAGATTCCACAA_012,69
ACCTGGTGGAGATTCCACAA_013,8
ACCTGGTGGAGATTCCACAA_014,57
ACCTGGTGGAGATTCCACAA_015,199
ACCTGGTGGAGATTCCACAA_016,28
ACTTACGTTTCACGTACAGG_001,185
ACTTACGTTTCACGTACAGG_002,118
ACTTACGTTTCACGTACAGG_003,74
ACTTACGTTTCACGTACAGG_004,28
ACTTACGTTTCACGTACAGG_005,89
GAAGTGAACTGCTTGTAGCA_001,169
GAAGTGAACTGCTTGTAGCA_002,70
GAAGTGAACTGCTTGTAGCA_003,70
GAAGTGAACTGCTTGTAGCA_004,15
GAAGTGAACTGCTTGTAGCA_005,196
AGTGACTTTGAATACACCCT_001,130
AGTGACTTTGAATACACCCT_002,196
AGTGACTTTGAATACACCCT_003,99
AGTGACTTTGAATACACCCT_004,96
AGTGACTTTGAATACACCCT_005,70
AGTGACTTTGAATACACCCT_006,107
AGTGACTTTGAATACACCCT_007,127
ACGCCTGGCCCATCACCTAG_001,156
ACGCCTGGCCCATCACCTAG_002,105
ACGCCTGGCCCATCACCTAG_003,29
ACGCCTGGCCCATCACCTAG_004,158
ACGCCTGGCCCATCACCTAG_005,127
ACGCCTGGCCCATCACCTAG_006,43
ACGCCTGGCCCATCACCTAG_007,132
ACGCCTGGCCCATCACCTAG_008,157
GCACAGTAAAGCTTGTTCCG_001,148
GCACAGTAAAGCTTGTTCCG_002,113
TTGCCGGCGAGGAACCACTG_001,196
TTGCCGGCGAGGAACCACTG_002,50
TTGCCGGCGAGGAACCACTG_003,26
TTGCCGGCGAGGAACCACTG_004,61
TTGCCGGCGAGGAACCACTG_005,29
TTGCCGGCGAGGAACCACTG_006,33
TTGCCGGCGAGGAACCACTG_007,127
TGATATTAGATATTGATCAG_001,30
CCACCGCCTCATGGTCGCGC_001,109
CCACCGCCTCATGGTCGCGC_002,82
CCACCGCCTCATGGTCGCGC_003,70
CCACCGCCTCATGGTCGCGC_004,24
CCACCGCCTCATGGTCGCGC_005,94
CCACCGCCTCATGGTCGCGC_006,147
CCACCGCCTCATGGTCGCGC_007,78
CCACCGCCTCATGGTCGCGC_008,138
CCACCGCCTCATGGTCGCGC_009,58
CCACCGCCTCATGGTCGCGC_010,62
CCACCGCCTCATGGTCGCGC_011,66
CCACCGCCTCATGGTCGCGC_012,15
TGAACAGCATACACTAACGA_001,183
TGAACAGCATACACTAACGA_002,91
TGAACAGCATACACTAACGA_003,92
TGAACAGCATACACTAACGA_004,85
TGAACAGCATACACTAACGA_005,108
TGAACAGCATACACTAACGA_006,52
TTGTAGGAGTATATATTCTG_001,134
AACTGGTGCAAGGCTGACAC_001,194
AACTGGTGCAAGGCTGACAC_002,7
AACTGGTGCAAGGCTGACAC_003,133
AACTGGTGCAAGGCTGACAC_004,127
AACTGGTGCAAGGCTGACAC_005,6
AACTGGTGCAAGGCTGACAC_006,178
AACTGGTGCAAGGCTGACAC_007,62
AACTGGTGCAAGGCTGACAC_008,170
AACTGGTGCAAGGCTGACAC_009,147
AACTGGTGCAAGGCTGACAC_010,198
AACTGGTGCAAGGCTGACAC_011,94
AACTGGTGCAAGGCTGACAC_012,88
AACTGGTGCAAGGCTGACAC_013,194
AACTGGTGCAAGGCTGACAC_014,60
AACTGGTGCAAGGCTGACAC_015,105
AACTGGTGCAAGGCTGACAC_016,103
AACTGGTGCAAGGCTGACAC_017,81
AACTGGTGCAAGGCTGACAC_018,5
AACTGGTGCAAGGCTGACAC_019,45
AACTGGTGCAAGGCTGACAC_020,38
AACTGGTGCAAGGCTGACAC_021,14
AACTGGTGCAAGGCTGACAC_022,125
AACTGGTGCAAGGCTGACAC_023,158
AACTGGTGCAAGGCTGACAC_024,199
AACTGGTGCAAGGCTGACAC_025,2
AACTGGTGCAAGGCTGACAC_026,112
AACTGGTGCAAGGCTGACAC_027,149
AACTGGTGCAAGGCTGACAC_028,43
AACTGGTGCAAGGCTGACAC_029,72
AACTGGTGCAAGGCTGACAC_030,11
AACTGGTGCAAGGCTGACAC_031,101
AACTGGTGCAAGGCTGACAC_032,0
AACTGGTGCAAGGCTGACAC_033,0
AACTGGTGCAAGGCTGACAC_034,20
AACTGGTGCAAGGCTGACAC_035,115
AACTGGTGCAAGGCTGACAC_036,199
AACTGGTGCAAGGCTGACAC_037,161
AACTGGTGCAAGGCTGACAC_038,149
AACTGGTGCAAGGCTGACAC_039,62
AACTGGTGCAAGGCTGACAC_040,46
CCAATGGGACCGAGGACGAG_001,188
CCAATGGGACCGAGGACGAG_002,51
CCAATGGGACCGAGGACGAG_003,60
CCAATGGGACCGAGGACGAG_004,150
CCAATGGGACCGAGGACGAG_005,97
CCAATGGGACCGAGGACGAG_006,40
CCAATGGGACCGAGGACGAG_007,83
CCAATGGGACCGAGGACGAG_008,32
GTGTAAGGCCTGCATATGTG_001,29
GTGTAAGGCCTGCATATGTG_002,146
GTGTAAGGCCTGCATATGTG_003,44
GTGTAAGGCCTGCATATGTG_004,76
GTGTAAGGCCTGCATATGTG_005,37
GTGTAAGGCCTGCATATGTG_006,141
GTGTAAGGCCTGCATATGTG_007,67
GTGTAAGGCCTGCATATGTG_008,41
GTGTAAGGCCTGCATATGTG_009,48
GTGTAAGGCCTGCATATGTG_010,56
GTGTAAGGCCTGCATATGTG_011,42
GTGTAAGGCCTGCATATGTG_012,149
GTGTAAGGCCTGCATATGTG_013,175
GTGTAAGGCCTGCATATGTG_014,189
GTGTAAGGCCTGCATATGTG_015,149
GTGTAAGGCCTGCATATGTG_016,37
GGGGGCTACCTGTACTACCC_001,32
AGCAGGACTGAAGATAAATG_001,56
AGCAGGACTGAAGATAAATG_002,175
AGCAGGACTGAAGATAAATG_003,75
AGCAGGACTGAAGATAAATG_004,67
TCCAGGGTTTATGACCCGCG_001,58
TCCAGGGTTTATGACCCGCG_002,146
TCCAGGGTTTATGACCCGCG_003,54
TCCAGGGTTTATGACCCGCG_004,163
TCCAGGGTTTATGACCCGCG_005,49
CGGACTCCCTCAGCTCCCTG_001,56
CGGACTCCCTCAGCTCCCTG_002,48
CGGACTCCCTCAGCTCCCTG_003,96
CGGACTCCCTCAGCTCCCTG_004,115
CGGACTCCCTCAGCTCCCTG_005,108
CGGACTCCCTCAGCTCCCTG_006,178
CGGACTCCCTCAGCTCCCTG_007,178
CGGACTCCCTCAGCTCCCTG_008,43
CGGACTCCCTCAGCTCCCTG_009,43
CGGACTCCCTCAGCTCCCTG_010,139
CGGACTCCCTCAGCTCCCTG_011,115
CGGACTCCCTCAGCTCCCTG_012,149
CGGACTCCCTCAGCTCCCTG_013,84
CGGACTCCCTCAGCTCCCTG_014,79
CGGACTCCCTCAGCTCCCTG_015,130
CGGACTCCCTCAGCTCCCTG_016,36
CGGACTCCCTCAGCTCCCTG_017,142
CGGACTCCCTCAGCTCCCTG_018,43
CGGACTCCCTCAGCTCCCTG_019,112
CGGACTCCCTCAGCTCCCTG_020,0
CGGACTCCCTCAGCTCCCTG_021,170
CGGACTCCCTCAGCTCCCTG_022,11
CGGACTCCCTCAGCTCCCTG_023,134
CGGACTCCCTCAGCTCCCTG_024,15
CGGACTCCCTCAGCTCCCTG_025,159
CGGACTCCCTCAGCTCCCTG_026,195
CGGACTCCCTCAGCTCCCTG_027,11
CGGACTCCCTCAGCTCCCTG_028,184
CGGACTCCCTCAGCTCCCTG_029,147
CGGACTCCCTCAGCTCCCTG_030,73
CGGACTCCCTCAGCTCCCTG_031,130
CGGACTCCCTCAGCTCCCTG_032,78
CGGACTCCCTCAGCTCCCTG_033,160
CGGACTCCCTCAGCTCCCTG_034,10
CGGACTCCCTCAGCTCCCTG_035,137
CGGACTCCCTCAGCTCCCTG_036,152
CGGACTCCCTCAGCTCCCTG_037,152
CGGACTCCCTCAGCTCCCTG_038,128
CGGACTCCCTCAGCTCCCTG_039,136
CGGACTCCCTCAGCTCCCTG_040,77
CGGACTCCCTCAGCTCCCTG_041,43
CGGACTCCCTCAGCTCCCTG_042,162
CGGACTCCCTCAGCTCCCTG_043,30
CGGACTCCCTCAGCTCCCTG_044,60
CGGACTCCCTCAGCTCCCTG_045,144
CGGACTCCCTCAGCTCCCTG_046,52
CGGACTCCCTCAGCTCCCTG_047,56
CGGACTCCCTCAGCTCCCTG_048,110
CGGACTCCCTCAGCTCCCTG_049,65
CGGACTCCCTCAGCTCCCTG_050,65
CGGACTCCCTCAGCTCCCTG_051,88
CCAGATCCGTAAGCTCCTTG_001,131
CCAGATCCGTAAGCTCCTTG_002,29
CCAGATCCGTAAGCTCCTTG_003,94
CCAGATCCGTAAGCTCCTTG_004,150
CCAGATCCGTAAGCTCCTTG_005,174
CCAGATCCGTAAGCTCCTTG_006,144
CCAGATCCGTAAGCTCCTTG_007,112
CCAGATCCGTAAGCTCCTTG_008,62
CCAGATCCGTAAGCTCCTTG_009,197
CCAGATCCGTAAGCTCCTTG_010,137
CCAGATCCGTAAGCTCCTTG_011,179
CCAGATCCGTAAGCTCCTTG_012,102
CCAGATCCGTAAGCTCCTTG_013,191
CCAGATCCGTAAGCTCCTTG_014,149
CCAGATCCGTAAGCTCCTTG_015,149
CCAGATCCGTAAGCTCCTTG_016,58
CCAGATCCGTAAGCTCCTTG_017,150
AGAAGTGAATTCTTGTTGGG_001,12
AGAAGTGAATTCTTGTTGGG_002,145
AGAAGTGAATTCTTGTTGGG_003,69
CTGTACAGTCTACCAATCTG_001,147
CTGTACAGTCTACCAATCTG_002,50
CTGTACAGTCTACCAATCTG_003,42
CTGTACAGTCTACCAATCTG_004,178
CTGTACAGTCTACCAATCTG_005,100
AGGATCATGGTGTACCGAAG_001,185
AGGATCATGGTGTACCGAAG_002,138
AGGATCATGGTGTACCGAAG_003,33
AGGATCATGGTGTACCGAAG_004,41
CTTTACTTGTGAAAACGCAG_001,149
CTTTACTTGTGAAAACGCAG_002,161
CTTTACTTGTGAAAACGCAG_003,6
CTTTACTTGTGAAAACGCAG_004,15
GAAGTCCCGGATGAGCGCTG_001,29
GAAGTCCCGGATGAGCGCTG_002,102
GAAGTCCCGGATGAGCGCTG_003,154
GAAGTCCCGGATGAGCGCTG_004,107
GAAGTCCCGGATGAGCGCTG_005,48
GAAGTCCCGGATGAGCGCTG_006,149
GAAGTCCCGGATGAGCGCTG_007,105
GAAGTCCCGGATGAGCGCTG_008,160
GAAGTCCCGGATGAGCGCTG_009,152
GAAGTCCCGGATGAGCGCTG_010,130
GAAGTCCCGGATGAGCGCTG_011,75
GAAGTCCCGGATGAGCGCTG_012,81
GAAGTCCCGGATGAGCGCTG_013,103
GAAGTCCCGGATGAGCGCTG_014,111
GAAGTCCCGGATGAGCGCTG_015,150
GAAGTCCCGGATGAGCGCTG_016,14
GAAGTCCCGGATGAGCGCTG_017,192
GAAGTCCCGGATGAGCGCTG_018,16
GAAGTCCCGGATGAGCGCTG_019,129
GAAGTCCCGGATGAGCGCTG_020,77
GAAGTCCCGGATGAGCGCTG_021,23
GAAGTCCCGGATGAGCGCTG_022,107
GAAGTCCCGGATGAGCGCTG_023,69
GAAGTCCCGGATGAGCGCTG_024,137
GAAGTCCCGGATGAGCGCTG_025,52
GAAGTCCCGGATGAGCGCTG_026,77
GAAGTCCCGGATGAGCGCTG_027,77
GAAGTCCCGGATGAGCGCTG_028,141
GAAGTCCCGGATGAGCGCTG_029,165
GAAGTCCCGGATGAGCGCTG_030,137
GAAGTCCCGGATGAGCGCTG_031,182
GTATCCTCTTCAGCACACAA_001,106
GTATCCTCTTCAGCACACAA_002,191
GTATCCTCTTCAGCACACAA_003,115
GTATCCTCTTCAGCACACAA_004,111
GTATCCTCTTCAGCACACAA_005,45
GTATCCTCTTCAGCACACAA_006,121
GTATCCTCTTCAGCACACAA_007,32
GTATCCTCTTCAGCACACAA_008,77
GTATCCTCTTCAGCACACAA_009,20
GTATCCTCTTCAGCACACAA_010,40
GTATCCTCTTCAGCACACAA_011,98
GTATCCTCTTCAGCACACAA_012,84
GTATCCTCTTCAGCACACAA_013,118
GTATCCTCTTCAGCACACAA_014,105
GTATCCTCTTCAGCACACAA_015,149
GTATCCTCTTCAGCACACAA_016,83
GTATCCTCTTCAGCACACAA_017,84
GTATCCTCTTCAGCACACAA_018,107
GTATCCTCTTCAGCACACAA_019,39
GTATCCTCTTCAGCACACAA_020,77
GTATCCTCTTCAGCACACAA_021,50
GTATCCTCTTCAGCACACAA_022,139
GTATCCTCTTCAGCACACAA_023,88
GTATCCTCTTCAGCACACAA_024,147
GTATCCTCTTCAGCACACAA_025,92
GAAGTTAATCACAAGTAACA_001,157
GAAGTTAATCACAAGTAACA_002,149
GATGAAAGTGTACAACCGAG_001,34
GATGAAAGTGTACAACCGAG_002,5
GATGAAAGTGTACAACCGAG_003,89
GATGAAAGTGTACAACCGAG_004,86
GATGAAAGTGTACAACCGAG_005,162
GATGAAAGTGTACAACCGAG_006,88
GATGAAAGTGTACAACCGAG_007,123
AATCTGTCACCGAAGCACAG_001,144
AATCTGTCACCGAAGCACAG_002,142
AATCTGTCACCGAAGCACAG_003,80
AATCTGTCACCGAAGCACAG_004,172
AATCTGTCACCGAAGCACAG_005,150
AATCTGTCACCGAAGCACAG_006,48
AATCTGTCACCGAAGCACAG_007,77
AATCTGTCACCGAAGCACAG_008,142
AATCTGTCACCGAAGCACAG_009,24
AATCTGTCACCGAAGCACAG_010,92
AATCTGTCACCGAAGCACAG_011,55
AATCTGTCACCGAAGCACAG_012,149
AATCTGTCACCGAAGCACAG_013,31
AATCTGTCACCGAAGCACAG_014,116
AATCTGTCACCGAAGCACAG_015,145
AATCTGTCACCGAAGCACAG_016,78
AATCTGTCACCGAAGCACAG_017,96
AATCTGTCACCGAAGCACAG_018,33
AATCTGTCACCGAAGCACAG_019,179
AATCTGTCACCGAAGCACAG_020,16
AATCTGTCACCGAAGCACAG_021,64
AATCTGTCACCGAAGCACAG_022,160
AATCTGTCACCGAAGCACAG_023,116
AATCTGTCACCGAAGCACAG_024,76
AATCTGTCACCGAAGCACAG_025,147
AATCTGTCACCGAAGCACAG_026,154
AATCTGTCACCGAAGCACAG_027,125
AATCTGTCACCGAAGCACAG_028,136
AATCTGTCACCGAAGCACAG_029,77
AATCTGTCACCGAAGCACAG_030,41
AATCTGTCACCGAAGCACAG_031,142
AATCTGTCACCGAAGCACAG_032,22
AATCTGTCACCGAAGCACAG_033,113
AATCTGTCACCGAAGCACAG_034,169
AATCTGTCACCGAAGCACAG_035,69
AATCTGTCACCGAAGCACAG_036,10
AATCTGTCACCGAAGCACAG_037,79
AATCTGTCACCGAAGCACAG_038,56
AATCTGTCACCGAAGCACAG_039,81
AATCTGTCACCGAAGCACAG_040,81
AATCTGTCACCGAAGCACAG_041,168
AATCTGTCACCGAAGCACAG_042,130
AATCTGTCACCGAAGCACAG_043,34
AATCTGTCACCGAAGCACAG_044,106
AATCTGTCACCGAAGCACAG_045,77
AATCTGTCACCGAAGCACAG_046,112
AATCTGTCACCGAAGCACAG_047,15
ACGGTCACAATGGATAATGT_001,150
ACGGTCACAATGGATAATGT_002,94
ACGGTCACAATGGATAATGT_003,130
AGTGAGGAATATCGACTCGG_001,15
AGTGAGGAATATCGACTCGG_002,102
AGTGAGGAATATCGACTCGG_003,83
AGTGAGGAATATCGACTCGG_004,118
GAGATGACGTCGGGTCTCCG_001,15
GAGATGACGTCGGGTCTCCG_002,8
GAGATGACGTCGGGTCTCCG_003,17
GAGATGACGTCGGGTCTCCG_004,127
GAGATGACGTCGGGTCTCCG_005,28
GAGATGACGTCGGGTCTCCG_006,101
GAGATGACGTCGGGTCTCCG_007,57
GAGATGACGTCGGGTCTCCG_008,131
GAGATGACGTCGGGTCTCCG_009,160
GAGATGACGTCGGGTCTCCG_010,138
GAGATGACGTCGGGTCTCCG_011,180
GAGATGACGTCGGGTCTCCG_012,54
GAGATGACGTCGGGTCTCCG_013,60
GAGATGACGTCGGGTCTCCG_014,148
GAGATGACGTCGGGTCTCCG_015,38
GAGATGACGTCGGGTCTCCG_016,82
GAGATGACGTCGGGTCTCCG_017,84
GAGATGACGTCGGGTCTCCG_018,48
GAGATGACGTCGGGTCTCCG_019,56
GAGATGACGTCGGGTCTCCG_020,63
GAGATGACGTCGGGTCTCCG_021,98
GAGATGACGTCGGGTCTCCG_022,77
GAGATGACGTCGGGTCTCCG_023,106
GAGATGACGTCGGGTCTCCG_024,83
GAGATGACGTCGGGTCTCCG_025,56
AACAATATGTCCAGAAACCG_001,19
AACAATATGTCCAGAAACCG_002,195
AGAGTCTGAAGAATTGACAG_001,64
AGAGTCTGAAGAATTGACAG_002,154
AGAGTCTGAAGAATTGACAG_003,53
AGAGTCTGAAGAATTGACAG_004,89
AGAGTCTGAAGAATTGACAG_005,99
AGAGTCTGAAGAATTGACAG_006,153
AGAGTCTGAAGAATTGACAG_007,35
ATCTCCCGGGATCCACGGAA_001,185
ATCTCCCGGGATCCACGGAA_002,158
ATCTCCCGGGATCCACGGAA_003,146
ATCTCCCGGGATCCACGGAA_004,81
ATCTCCCGGGATCCACGGAA_005,112
ATCTCCCGGGATCCACGGAA_006,73
ATCTCCCGGGATCCACGGAA_007,37
ATCTCCCGGGATCCACGGAA_008,37
ATCTCCCGGGATCCACGGAA_009,75
ATCTCCCGGGATCCACGGAA_010,74
TGTCGGCCTCAAAGCCACGG_001,1
TGTCGGCCTCAAAGCCACGG_002,108
TGTCGGCCTCAAAGCCACGG_003,36
TGTCGGCCTCAAAGCCACGG_004,166
TGTCGGCCTCAAAGCCACGG_005,62
TGTCGGCCTCAAAGCCACGG_006,70
TGTCGGCCTCAAAGCCACGG_007,46
TGTCGGCCTCAAAGCCACGG_008,162
TGTCGGCCTCAAAGCCACGG_009,31
TGTCGGCCTCAAAGCCACGG_010,9
TGTCGGCCTCAAAGCCACGG_011,147
TGTCGGCCTCAAAGCCACGG_012,16
TGTCGGCCTCAAAGCCACGG_013,160
TGTCGGCCTCAAAGCCACGG_014,137
TGTCGGCCTCAAAGCCACGG_015,91
TGTCGGCCTCAAAGCCACGG_016,156
TGTCGGCCTCAAAGCCACGG_017,110
TGTCGGCCTCAAAGCCACGG_018,62
TGTCGGCCTCAAAGCCACGG_019,98
TGTCGGCCTCAAAGCCACGG_020,18
TGTCGGCCTCAAAGCCACGG_021,186
TGTCGGCCTCAAAGCCACGG_022,77
TGTCGGCCTCAAAGCCACGG_023,88
TGTCGGCCTCAAAGCCACGG_024,142
TGTCGGCCTCAAAGCCACGG_025,108
GCAGGACAACCAGTCGATGG_001,104
GCAGGACAACCAGTCGATGG_002,56
GCAGGACAACCAGTCGATGG_003,191
GCAGGACAACCAGTCGATGG_004,197
GATCAGCAGAGAAACAGATC_001,145
GATCAGCAGAGAAACAGATC_002,191
GATCAGCAGAGAAACAGATC_003,195
GATCAGCAGAGAAACAGATC_004,193
CCGGCCGATGTATGTACTGA_001,199
CCGGCCGATGTATGTACTGA_002,199
CCGGCCGATGTATGTACTGA_003,146
CCGGCCGATGTATGTACTGA_004,169
CCGGCCGATGTATGTACTGA_005,103
CCGGCCGATGTATGTACTGA_006,105
CCGGCCGATGTATGTACTGA_007,194
CCGGCCGATGTATGTACTGA_008,198
CCGGCCGATGTATGTACTGA_009,124
CCGGCCGATGTATGTACTGA_010,27
CCGGCCGATGTATGTACTGA_011,60
CCGGCCGATGTATGTACTGA_012,92
CCGGCCGATGTATGTACTGA_013,50
CCGGCCGATGTATGTACTGA_014,106
CCGGCCGATGTATGTACTGA_015,197
CCGGCCGATGTATGTACTGA_016,43
CCGGCCGATGTATGTACTGA_017,145
CCGGCCGATGTATGTACTGA_018,1
CCGGCCGATGTATGTACTGA_019,9
ACTTACTGGAATAATCAGAG_001,194
ACTTACTGGAATAATCAGAG_002,30
ACTTACTGGAATAATCAGAG_003,31
ACTTACTGGAATAATCAGAG_004,197
ACTTACTGGAATAATCAGAG_005,17
ACTTACTGGAATAATCAGAG_006,25
ACTTACTGGAATAATCAGAG_007,191
ACTTACTGGAATAATCAGAG_008,103
TGTCTCTCAAGACCTTGCGG_001,184
TGTCTCTCAAGACCTTGCGG_002,72
TGTCTCTCAAGACCTTGCGG_003,189
TGTCTCTCAAGACCTTGCGG_004,149
TGTCTCTCAAGACCTTGCGG_005,105
TGTCTCTCAAGACCTTGCGG_006,2
TGTCTCTCAAGACCTTGCGG_007,2
TGTCTCTCAAGACCTTGCGG_008,151
TGTCTCTCAAGACCTTGCGG_009,134
TGTCTCTCAAGACCTTGCGG_010,66
TGTCTCTCAAGACCTTGCGG_011,28
TGTCTCTCAAGACCTTGCGG_012,183
TGTCTCTCAAGACCTTGCGG_013,91
TGTCTCTCAAGACCTTGCGG_014,66
TGTCTCTCAAGACCTTGCGG_015,105
TGTCTCTCAAGACCTTGCGG_016,127
TGTCTCTCAAGACCTTGCGG_017,100
AGCCGCTTCCAAGCGCTTGG_001,118
AGCCGCTTCCAAGCGCTTGG_002,55
AGCCGCTTCCAAGCGCTTGG_003,160
AGCCGCTTCCAAGCGCTTGG_004,94
AGCCGCTTCCAAGCGCTTGG_005,179
AGCCGCTTCCAAGCGCTTGG_006,87
AGCCGCTTCCAAGCGCTTGG_007,41
AGCCGCTTCCAAGCGCTTGG_008,42
AGCCGCTTCCAAGCGCTTGG_009,62
AGCCGCTTCCAAGCGCTTGG_010,150
AGCCGCTTCCAAGCGCTTGG_011,165
AGCCGCTTCCAAGCGCTTGG_012,88
AGCCGCTTCCAAGCGCTTGG_013,129
AGCCGCTTCCAAGCGCTTGG_014,148
AGCCGCTTCCAAGCGCTTGG_015,160
AGCCGCTTCCAAGCGCTTGG_016,14
AGCCGCTTCCAAGCGCTTGG_017,138
AGCCGCTTCCAAGCGCTTGG_018,77
AGCCGCTTCCAAGCGCTTGG_019,198
AGCCGCTTCCAAGCGCTTGG_020,168
AGCCGCTTCCAAGCGCTTGG_021,43
AGCCGCTTCCAAGCGCTTGG_022,120
AGCCGCTTCCAAGCGCTTGG_023,139
AGCCGCTTCCAAGCGCTTGG_024,54
CAGGCCAGCCTGGAAGACGA_001,106
CAGGCCAGCCTGGAAGACGA_002,94
CAGGCCAGCCTGGAAGACGA_003,72
CAGGCCAGCCTGGAAGACGA_004,138
CAGGCCAGCCTGGAAGACGA_005,88
CAGGCCAGCCTGGAAGACGA_006,2
CAGGCCAGCCTGGAAGACGA_007,94
CAGGCCAGCCTGGAAGACGA_008,88
CCTCGCACCCAGACACGCTG_001,94
CCTCGCACCCAGACACGCTG_002,47
CCTCGCACCCAGACACGCTG_003,132
CCTCGCACCCAGACACGCTG_004,172
CCTCGCACCCAGACACGCTG_005,198
CCTCGCACCCAGACACGCTG_006,162
CCTCGCACCCAGACACGCTG_007,174
CCTCGCACCCAGACACGCTG_008,69
CCTCGCACCCAGACACGCTG_009,115
CCTCGCACCCAGACACGCTG_010,88
CCTCGCACCCAGACACGCTG_011,157
CCTCGCACCCAGACACGCTG_012,192
CCTCGCACCCAGACACGCTG_013,50
CCTCGCACCCAGACACGCTG_014,30
CCTCGCACCCAGACACGCTG_015,70
CCTCGCACCCAGACACGCTG_016,188
CCTCGCACCCAGACACGCTG_017,177
CCTCGCACCCAGACACGCTG_018,163
GGGATCTTCGACGGGCACGG_001,32
GGGATCTTCGACGGGCACGG_002,32
GGGATCTTCGACGGGCACGG_003,8
GGGATCTTCGACGGGCACGG_004,191
GGGATCTTCGACGGGCACGG_005,78
GGGATCTTCGACGGGCACGG_006,62
GGGATCTTCGACGGGCACGG_007,199
GGGATCTTCGACGGGCACGG_008,127
GGGATCTTCGACGGGCACGG_009,7
GGGATCTTCGACGGGCACGG_010,124
GGGATCTTCGACGGGCACGG_011,151
GGGATCTTCGACGGGCACGG_012,191
GGGATCTTCGACGGGCACGG_013,150
GGGATCTTCGACGGGCACGG_014,74
GGGATCTTCGACGGGCACGG_015,89
GGGATCTTCGACGGGCACGG_016,93
GGGATCTTCGACGGGCACGG_017,160
GGGATCTTCGACGGGCACGG_018,40
GGGATCTTCGACGGGCACGG_019,48
GGGATCTTCGACGGGCACGG_020,104
GGGATCTTCGACGGGCACGG_021,0
GGGATCTTCGACGGGCACGG_022,66
GGGATCTTCGACGGGCACGG_023,130
GGGATCTTCGACGGGCACGG_024,144
GGGATCTTCGACGGGCACGG_025,98
GGGATCTTCGACGGGCACGG_026,3
GGGATCTTCGACGGGCACGG_027,62
GGGATCTTCGACGGGCACGG_028,102
GGGATCTTCGACGGGCACGG_029,165
TAGACCCACAGAAAGTGAGG_001,82
TAGACCCACAGAAAGTGAGG_002,175
TAGACCCACAGAAAGTGAGG_003,112
TAGACCCACAGAAAGTGAGG_004,189
TAGACCCACAGAAAGTGAGG_005,156
ATGCGTTGTAGGTACTAGTC_001,197
ATGCGTTGTAGGTACTAGTC_002,49
ATGCGTTGTAGGTACTAGTC_003,54
ATGCGTTGTAGGTACTAGTC_004,134
ATGCGTTGTAGGTACTAGTC_005,149
ATGCGTTGTAGGTACTAGTC_006,92
ATGCGTTGTAGGTACTAGTC_007,9
ATGCGTTGTAGGTACTAGTC_008,19
ATGCGTTGTAGGTACTAGTC_009,79
ATGCGTTGTAGGTACTAGTC_010,162
ATGCGTTGTAGGTACTAGTC_011,56
ATGCGTTGTAGGTACTAGTC_012,40
ATGCGTTGTAGGTACTAGTC_013,130
CAATGGGTGTAGCTTTCAGA_001,149
CAATGGGTGTAGCTTTCAGA_002,188
CAATGGGTGTAGCTTTCAGA_003,49
CAATGGGTGTAGCTTTCAGA_004,48
CAATGGGTGTAGCTTTCAGA_005,55
GATGTTGAGTAAATAATGAG_001,197
GATGTTGAGTAAATAATGAG_002,30
GATGTTGAGTAAATAATGAG_003,61
GATGTTGAGTAAATAATGAG_004,5
GATGTTGAGTAAATAATGAG_005,147
GATGTTGAGTAAATAATGAG_006,56
GATGTTGAGTAAATAATGAG_007,58
GATGTTGAGTAAATAATGAG_008,92
TGTACTACACACACCGACGG_001,102
TGTACTACACACACCGACGG_002,115
TGTACTACACACACCGACGG_003,137
TGTACTACACACACCGACGG_004,62
TGTACTACACACACCGACGG_005,7
TGTACTACACACACCGACGG_006,29
TGTACTACACACACCGACGG_007,189
TGTACTACACACACCGACGG_008,145
TGTACTACACACACCGACGG_009,127
TGTACTACACACACCGACGG_010,49
TGTACTACACACACCGACGG_011,40
TGTACTACACACACCGACGG_012,112
GAAGCACGAGAGCTAAAGAT_001,48
GAAGCACGAGAGCTAAAGAT_002,29
GAAGCACGAGAGCTAAAGAT_003,144
GAAGCACGAGAGCTAAAGAT_004,50
GAAGCACGAGAGCTAAAGAT_005,147
GAAGCACGAGAGCTAAAGAT_006,88
GAAGCACGAGAGCTAAAGAT_007,150
GAAGCACGAGAGCTAAAGAT_008,199
AAACTGCAAGAATAAGGACC_001,151
AAACTGCAAGAATAAGGACC_002,196
AAACTGCAAGAATAAGGACC_003,147
GAAGGTACAGGTTGTCACGG_001,6
GAAGGTACAGGTTGTCACGG_002,197
GAAGGTACAGGTTGTCACGG_003,160
GAAGGTACAGGTTGTCACGG_004,151
GAAGGTACAGGTTGTCACGG_005,109
GAAGGTACAGGTTGTCACGG_006,184
GAAGGTACAGGTTGTCACGG_007,72
GAAGGTACAGGTTGTCACGG_008,121
TCTACCCTAAAAGGAGTGGT_001,144
TCTACCCTAAAAGGAGTGGT_002,148
TCTACCCTAAAAGGAGTGGT_003,121
TCTACCCTAAAAGGAGTGGT_004,4
TCTACCCTAAAAGGAGTGGT_005,32
TCTACCCTAAAAGGAGTGGT_006,103
TCTACCCTAAAAGGAGTGGT_007,117
TCTACCCTAAAAGGAGTGGT_008,72
TCTACCCTAAAAGGAGTGGT_009,72
GCAGATCCAAATCCAGACCG_001,150
GCAGATCCAAATCCAGACCG_002,155
TCTTAGAACTCACTTACCTG_001,197
TCTTAGAACTCACTTACCTG_002,163
TCTTAGAACTCACTTACCTG_003,182
TCTTAGAACTCACTTACCTG_004,1
TCTTAGAACTCACTTACCTG_005,19
TCTTAGAACTCACTTACCTG_006,194
TCTTAGAACTCACTTACCTG_007,117
CTGGGAGCAGATGGATTATG_001,191
CTGGGAGCAGATGGATTATG_002,58
CTGGGAGCAGATGGATTATG_003,104
CTGGGAGCAGATGGATTATG_004,20
CTGGGAGCAGATGGATTATG_005,148
CTGGGAGCAGATGGATTATG_006,190
CTGGGAGCAGATGGATTATG_007,33
CTGGGAGCAGATGGATTATG_008,52
CTGGGAGCAGATGGATTATG_009,198
CTGGGAGCAGATGGATTATG_010,103
CTGGGAGCAGATGGATTATG_011,34
CTGGGAGCAGATGGATTATG_012,198
ACCATCACATGACCATGCCG_001,27
ACCATCACATGACCATGCCG_002,113
ACCATCACATGACCATGCCG_003,98
ACCATCACATGACCATGCCG_004,30
ACCATCACATGACCATGCCG_005,68
ACCATCACATGACCATGCCG_006,67
ACCATCACATGACCATGCCG_007,104
ACCATCACATGACCATGCCG_008,153
ACCATCACATGACCATGCCG_009,2
ACCATCACATGACCATGCCG_010,17
CATACTCATGACGATGCCAG_001,127
CATACTCATGACGATGCCAG_002,103
CATACTCATGACGATGCCAG_003,197
CATACTCATGACGATGCCAG_004,94
CATACTCATGACGATGCCAG_005,127
CATACTCATGACGATGCCAG_006,77
CATACTCATGACGATGCCAG_007,104
CATACTCATGACGATGCCAG_008,107
CATACTCATGACGATGCCAG_009,150
CATACTCATGACGATGCCAG_010,177
TTCCCCAAAGCCAAGTACAT_001,116
TTCCCCAAAGCCAAGTACAT_002,4
TTCCCCAAAGCCAAGTACAT_003,35
TTCCCCAAAGCCAAGTACAT_004,44
TTCCCCAAAGCCAAGTACAT_005,48
TTCCCCAAAGCCAAGTACAT_006,65
TTCCCCAAAGCCAAGTACAT_007,105
TTCCCCAAAGCCAAGTACAT_008,50
TTCCCCAAAGCCAAGTACAT_009,118
TTCCCCAAAGCCAAGTACAT_010,126
TTCCCCAAAGCCAAGTACAT_011,145
TTCCCCAAAGCCAAGTACAT_012,19
TTCCCCAAAGCCAAGTACAT_013,157
TTCCCCAAAGCCAAGTACAT_014,183
TTCCCCAAAGCCAAGTACAT_015,22
TCAAGCACTTGGTTGCACTG_001,61
TCAAGCACTTGGTTGCACTG_002,29
TCAAGCACTTGGTTGCACTG_003,77
TCAAGCACTTGGTTGCACTG_004,29
TCAAGCACTTGGTTGCACTG_005,74
TCAAGCACTTGGTTGCACTG_006,48
TCAAGCACTTGGTTGCACTG_007,53
TCAAGCACTTGGTTGCACTG_008,174
TCAAGCACTTGGTTGCACTG_009,116
TCAAGCACTTGGTTGCACTG_010,168
TCAAGCACTTGGTTGCACTG_011,25
TCAAGCACTTGGTTGCACTG_012,98
TCAAGCACTTGGTTGCACTG_013,105
TCAAGCACTTGGTTGCACTG_014,28
TCAAGCACTTGGTTGCACTG_015,169
TCAAGCACTTGGTTGCACTG_016,88
TCAAGCACTTGGTTGCACTG_017,94
TCAAGCACTTGGTTGCACTG_018,28
TCAAGCACTTGGTTGCACTG_019,60
TCAAGCACTTGGTTGCACTG_020,69
TCAAGCACTTGGTTGCACTG_021,152
CCAGGACACAGGGAACCGGA_001,146
CCAGGACACAGGGAACCGGA_002,49
CCAGGACACAGGGAACCGGA_003,8
CCAGGACACAGGGAACCGGA_004,48
CCAGGACACAGGGAACCGGA_005,115
CCAGGACACAGGGAACCGGA_006,102
CCAGGACACAGGGAACCGGA_007,117
CCAGGACACAGGGAACCGGA_008,119
CCAGGACACAGGGAACCGGA_009,69
CCAGGACACAGGGAACCGGA_010,5
CCAGGACACAGGGAACCGGA_011,17
CCAGGACACAGGGAACCGGA_012,122
CCAGGACACAGGGAACCGGA_013,87
CCAGGACACAGGGAACCGGA_014,70
CCAGGACACAGGGAACCGGA_015,48
CCAGGACACAGGGAACCGGA_016,129
CCAGGACACAGGGAACCGGA_017,160
CCAGGACACAGGGAACCGGA_018,179
CCAGGACACAGGGAACCGGA_019,168
CCAGGACACAGGGAACCGGA_020,81
CCAGGACACAGGGAACCGGA_021,199
CCAGGACACAGGGAACCGGA_022,48
CCAGGACACAGGGAACCGGA_023,10
TTTGCGGAATAGTCTCCGGG_001,102
TTTGCGGAATAGTCTCCGGG_002,106
TTTGCGGAATAGTCTCCGGG_003,5
TTTGCGGAATAGTCTCCGGG_004,31
TTTGCGGAATAGTCTCCGGG_005,98
TTTGCGGAATAGTCTCCGGG_006,165
TTTGCGGAATAGTCTCCGGG_007,41
TTTGCGGAATAGTCTCCGGG_008,121
TTTGCGGAATAGTCTCCGGG_009,141
TTTGCGGAATAGTCTCCGGG_010,88
TTTGCGGAATAGTCTCCGGG_011,76
TTTGCGGAATAGTCTCCGGG_012,28
ACTGGGAACAGATCCATGGG_001,62
ACTGGGAACAGATCCATGGG_002,13
ACTGGGAACAGATCCATGGG_003,62
ACTGGGAACAGATCCATGGG_004,64
ACTGGGAACAGATCCATGGG_005,181
ACTGGGAACAGATCCATGGG_006,86
ACTGGGAACAGATCCATGGG_007,38
ACTGGGAACAGATCCATGGG_008,91
ACTGGGAACAGATCCATGGG_009,147
ACTGGGAACAGATCCATGGG_010,38
ACTGGGAACAGATCCATGGG_011,5
ACTGGGAACAGATCCATGGG_012,23
ACTGGGAACAGATCCATGGG_013,169
ACTGGGAACAGATCCATGGG_014,146
ACTGGGAACAGATCCATGGG_015,1
ACTGGGAACAGATCCATGGG_016,57
ACTGGGAACAGATCCATGGG_017,141
ACTGGGAACAGATCCATGGG_018,184
ACTGGGAACAGATCCATGGG_019,151
ACTGGGAACAGATCCATGGG_020,76
ACTGGGAACAGATCCATGGG_021,35
ACTGGGAACAGATCCATGGG_022,96
ACTGGGAACAGATCCATGGG_023,130
ACTGGGAACAGATCCATGGG_024,121
ACTGGGAACAGATCCATGGG_025,138
ACTGGGAACAGATCCATGGG_026,123
ACTGGGAACAGATCCATGGG_027,52
ACTGGGAACAGATCCATGGG_028,172
ACTGGGAACAGATCCATGGG_029,84
ACTGGGAACAGATCCATGGG_030,160
TTGGTGTCGTCGGGGAACGA_001,7
TTGGTGTCGTCGGGGAACGA_002,183
TTGGTGTCGTCGGGGAACGA_003,102
TTGGTGTCGTCGGGGAACGA_004,105
TTGGTGTCGTCGGGGAACGA_005,160
TTGGTGTCGTCGGGGAACGA_006,57
TTGGTGTCGTCGGGGAACGA_007,9
TTGGTGTCGTCGGGGAACGA_008,187
TTGGTGTCGTCGGGGAACGA_009,150
TTGGTGTCGTCGGGGAACGA_010,177
TTGGTGTCGTCGGGGAACGA_011,171
TGGATTCACCCTGTTACTCG_001,46
TGGATTCACCCTGTTACTCG_002,123
TGGATTCACCCTGTTACTCG_003,43
TGGATTCACCCTGTTACTCG_004,166
TGGATTCACCCTGTTACTCG_005,12
ACTCACACCCAGTTGAGTTG_001,191
ACTCACACCCAGTTGAGTTG_002,160
ACTCACACCCAGTTGAGTTG_003,62
ACTCACACCCAGTTGAGTTG_004,98
ACTCACACCCAGTTGAGTTG_005,152
ACTCACACCCAGTTGAGTTG_006,128
ACTCACACCCAGTTGAGTTG_007,88
ACTCACACCCAGTTGAGTTG_008,62
CACAGAGCTTAAGAAAACGC_001,61
TCGAAGCATTCAGCAAACAA_001,105
TCGAAGCATTCAGCAAACAA_002,29
TCGAAGCATTCAGCAAACAA_003,94
TCGAAGCATTCAGCAAACAA_004,75
TCGAAGCATTCAGCAAACAA_005,64
TCGAAGCATTCAGCAAACAA_006,186
TCGAAGCATTCAGCAAACAA_007,170
TCGAAGCATTCAGCAAACAA_008,140
TCGAAGCATTCAGCAAACAA_009,34
GAATAGTCCATCGCAGAGCA_001,105
GAATAGTCCATCGCAGAGCA_002,78
GAATAGTCCATCGCAGAGCA_003,137
GAATAGTCCATCGCAGAGCA_004,156
GAATAGTCCATCGCAGAGCA_005,121
GAATAGTCCATCGCAGAGCA_006,40
GAATAGTCCATCGCAGAGCA_007,127
GAATAGTCCATCGCAGAGCA_008,158
GAATAGTCCATCGCAGAGCA_009,76
GAATAGTCCATCGCAGAGCA_010,155
GAATAGTCCATCGCAGAGCA_011,148
GAATAGTCCATCGCAGAGCA_012,61
GAATAGTCCATCGCAGAGCA_013,137
GAATAGTCCATCGCAGAGCA_014,156
GAATAGTCCATCGCAGAGCA_015,138
AGTTATCACTGGACTCTCCT_001,127
AGTTATCACTGGACTCTCCT_002,98
AGTTATCACTGGACTCTCCT_003,34
AGTTATCACTGGACTCTCCT_004,170
AGTTATCACTGGACTCTCCT_005,85
AGTTATCACTGGACTCTCCT_006,191
AGTTATCACTGGACTCTCCT_007,177
AGTTATCACTGGACTCTCCT_008,69
AGTTATCACTGGACTCTCCT_009,44
AGTTATCACTGGACTCTCCT_010,127
AGTTATCACTGGACTCTCCT_011,8
AGTTATCACTGGACTCTCCT_012,140
AGTTATCACTGGACTCTCCT_013,56
AGTTATCACTGGACTCTCCT_014,176
AGTTATCACTGGACTCTCCT_015,162
AGTTATCACTGGACTCTCCT_016,117
GATCAACTCCTGGATATACC_001,116
GATCAACTCCTGGATATACC_002,124
ACGTTCACCTGCTCTCGTTG_001,170
ACGTTCACCTGCTCTCGTTG_002,105
ACGTTCACCTGCTCTCGTTG_003,61
CTGGTACTATACCCACAGAT_001,1
ATGGCTTAGAAACATAGATG_001,137
ATGGCTTAGAAACATAGATG_002,53
ATGGCTTAGAAACATAGATG_003,186
GTTGGGGCAAGCTAGAGATG_001,15
GTTGGGGCAAGCTAGAGATG_002,53
GTTGGGGCAAGCTAGAGATG_003,8
GTTGGGGCAAGCTAGAGATG_004,29
GTTGGGGCAAGCTAGAGATG_005,2
GTTGGGGCAAGCTAGAGATG_006,29
GTTGGGGCAAGCTAGAGATG_007,148
GTTGGGGCAAGCTAGAGATG_008,104
GTTGGGGCAAGCTAGAGATG_009,168
GTTGGGGCAAGCTAGAGATG_010,76
GTTGGGGCAAGCTAGAGATG_011,97
GTTGGGGCAAGCTAGAGATG_012,35
GTTGGGGCAAGCTAGAGATG_013,147
GTTGGGGCAAGCTAGAGATG_014,59
GTTGGGGCAAGCTAGAGATG_015,148
GTTGGGGCAAGCTAGAGATG_016,46
GTTGGGGCAAGCTAGAGATG_017,126
AACTGTATCTTCAGATACAC_001,170
AACTGTATCTTCAGATACAC_002,147
AACTGTATCTTCAGATACAC_003,41
AACTGTATCTTCAGATACAC_004,49
AACTGTATCTTCAGATACAC_005,88
AACTGTATCTTCAGATACAC_006,23
AACTGTATCTTCAGATACAC_007,108
AACTGTATCTTCAGATACAC_008,115
AACTGTATCTTCAGATACAC_009,65
AACTGTATCTTCAGATACAC_010,3
ACCCGCGACCCGTCAAACCC_001,181
ACCCGCGACCCGTCAAACCC_002,88
ACCCGCGACCCGTCAAACCC_003,155
ACCCGCGACCCGTCAAACCC_004,160
ACAGTGTCCCAGCCAACACA_001,183
ACAGTGTCCCAGCCAACACA_002,85
ACAGTGTCCCAGCCAACACA_003,98
ACAGTGTCCCAGCCAACACA_004,195
ACAGTGTCCCAGCCAACACA_005,142
ACAGTGTCCCAGCCAACACA_006,41
ACAGTGTCCCAGCCAACACA_007,13
ACAGTGTCCCAGCCAACACA_008,149
ACAGTGTCCCAGCCAACACA_009,31
ACAGTGTCCCAGCCAACACA_010,174
ACAGTGTCCCAGCCAACACA_011,27
ACAGTGTCCCAGCCAACACA_012,198
ACAGTGTCCCAGCCAACACA_013,0
ACAGTGTCCCAGCCAACACA_014,117
ACAGTGTCCCAGCCAACACA_015,162
ACAGTGTCCCAGCCAACACA_016,136
ACAGTGTCCCAGCCAACACA_017,14
ACAGTGTCCCAGCCAACACA_018,38
TTCTCTGCACCTATCGTCAA_001,126
TTCTCTGCACCTATCGTCAA_002,68
TTCTCTGCACCTATCGTCAA_003,157
TTCTCTGCACCTATCGTCAA_004,22
TTCTCTGCACCTATCGTCAA_005,151
TTCTCTGCACCTATCGTCAA_006,4
TGTCTAGAAGTAAGGCAATG_001,149
TGTCTAGAAGTAAGGCAATG_002,8
TGTCTAGAAGTAAGGCAATG_003,172
TGTCTAGAAGTAAGGCAATG_004,45
TGTCTAGAAGTAAGGCAATG_005,149
TGTCTAGAAGTAAGGCAATG_006,42
TGTCTAGAAGTAAGGCAATG_007,150
TGTCTAGAAGTAAGGCAATG_008,150
TGTCTAGAAGTAAGGCAATG_009,125
TGTCTAGAAGTAAGGCAATG_010,127
TGTCTAGAAGTAAGGCAATG_011,126
TGTCTAGAAGTAAGGCAATG_012,15
TGTCTAGAAGTAAGGCAATG_013,14
AGCCCTTCCTTACCGCGTCG_001,1
AGCCCTTCCTTACCGCGTCG_002,168
AGCCCTTCCTTACCGCGTCG_003,114
AGCCCTTCCTTACCGCGTCG_004,128
AGCCCTTCCTTACCGCGTCG_005,0
AGCCCTTCCTTACCGCGTCG_006,11
AGCCCTTCCTTACCGCGTCG_007,193
AGCCCTTCCTTACCGCGTCG_008,109
AGCCCTTCCTTACCGCGTCG_009,1
AGCCCTTCCTTACCGCGTCG_010,46
AGCCCTTCCTTACCGCGTCG_011,49
AGCCCTTCCTTACCGCGTCG_012,84
AGCCCTTCCTTACCGCGTCG_013,147
AGCCCTTCCTTACCGCGTCG_014,36
AGCCCTTCCTTACCGCGTCG_015,94
AGCCCTTCCTTACCGCGTCG_016,115
AGCCCTTCCTTACCGCGTCG_017,123
AGCCCTTCCTTACCGCGTCG_018,1
AGCCCTTCCTTACCGCGTCG_019,146
AGCCCTTCCTTACCGCGTCG_020,152
AGCCCTTCCTTACCGCGTCG_021,152
AGCCCTTCCTTACCGCGTCG_022,43
AGCCCTTCCTTACCGCGTCG_023,118
AGCCCTTCCTTACCGCGTCG_024,31
AGCCCTTCCTTACCGCGTCG_025,10
AGCCCTTCCTTACCGCGTCG_026,46
AGCCCTTCCTTACCGCGTCG_027,105
AGCCCTTCCTTACCGCGTCG_028,197
GCTACTCACCCAACCCTCGA_001,131
GCTACTCACCCAACCCTCGA_002,162
GCTACTCACCCAACCCTCGA_003,4
GCTACTCACCCAACCCTCGA_004,140
GCTACTCACCCAACCCTCGA_005,190
GCTACTCACCCAACCCTCGA_006,122
GCTACTCACCCAACCCTCGA_007,29
GCTACTCACCCAACCCTCGA_008,69
GCTACTCACCCAACCCTCGA_009,172
GCTACTCACCCAACCCTCGA_010,58
GCTACTCACCCAACCCTCGA_011,112
GCTACTCACCCAACCCTCGA_012,9
GCTACTCACCCAACCCTCGA_013,150
GCTACTCACCCAACCCTCGA_014,48
GCTACTCACCCAACCCTCGA_015,1
GCTACTCACCCAACCCTCGA_016,14
GCTACTCACCCAACCCTCGA_017,171
GCTACTCACCCAACCCTCGA_018,69
GCTACTCACCCAACCCTCGA_019,88
GCTACTCACCCAACCCTCGA_020,70
GCTACTCACCCAACCCTCGA_021,90
GCTACTCACCCAACCCTCGA_022,168
GCTACTCACCCAACCCTCGA_023,3
GCTACTCACCCAACCCTCGA_024,102
GCTACTCACCCAACCCTCGA_025,135
GCTACTCACCCAACCCTCGA_026,135
TCTAGTTCGCCTATTGCGGG_001,152
TCTAGTTCGCCTATTGCGGG_002,33
TAAAGGCCAGACAATTCCAG_001,41
TAAAGGCCAGACAATTCCAG_002,128
TAAAGGCCAGACAATTCCAG_003,158
TAAAGGCCAGACAATTCCAG_004,169
TAAAGGCCAGACAATTCCAG_005,10
TAAAGGCCAGACAATTCCAG_006,115
TAAAGGCCAGACAATTCCAG_007,29
TAAAGGCCAGACAATTCCAG_008,56
TAAAGGCCAGACAATTCCAG_009,180
TAAAGGCCAGACAATTCCAG_010,199
GTTGCCAAATAAGCAAGCCC_001,51
GTTGCCAAATAAGCAAGCCC_002,101
GTTGCCAAATAAGCAAGCCC_003,149
TGACATTCTGGAGATAGTTG_001,199
GGTGTGGAACGAGTATGCCG_001,78
GGTGTGGAACGAGTATGCCG_002,52
GGTGTGGAACGAGTATGCCG_003,95
GGTGTGGAACGAGTATGCCG_004,160
GGTGTGGAACGAGTATGCCG_005,137
GGTGTGGAACGAGTATGCCG_006,65
GGTGTGGAACGAGTATGCCG_007,44
GGTGTGGAACGAGTATGCCG_008,43
GAAGGATAGTGCAAAGCAGG_001,174
GAAGGATAGTGCAAAGCAGG_002,103
GAAGGATAGTGCAAAGCAGG_003,19
GAAGGATAGTGCAAAGCAGG_004,19
GAAGGATAGTGCAAAGCAGG_005,77
GAAGGATAGTGCAAAGCAGG_006,115
GAAGGATAGTGCAAAGCAGG_007,86
GAAGGATAGTGCAAAGCAGG_008,150
GAAGGATAGTGCAAAGCAGG_009,175
GAAGGATAGTGCAAAGCAGG_010,197
TCTCCCAGAAATTACCCCTG_001,1
TCTCCCAGAAATTACCCCTG_002,69
TGTGTTAGCCGAGATCTCTG_001,115
TGTGTTAGCCGAGATCTCTG_002,157
TGTGTTAGCCGAGATCTCTG_003,113
TGTGTTAGCCGAGATCTCTG_004,150
TGTGTTAGCCGAGATCTCTG_005,165
TGTGTTAGCCGAGATCTCTG_006,18
TGTGTTAGCCGAGATCTCTG_007,175
TGTGTTAGCCGAGATCTCTG_008,15
TGTGTTAGCCGAGATCTCTG_009,28
TGTGTTAGCCGAGATCTCTG_010,153
TGTGTTAGCCGAGATCTCTG_011,80
TGTGTTAGCCGAGATCTCTG_012,172
TGTGTTAGCCGAGATCTCTG_013,35
GACGCCAGTGTCCTATGACC_001,102
GACGCCAGTGTCCTATGACC_002,103
GACGCCAGTGTCCTATGACC_003,60
GACGCCAGTGTCCTATGACC_004,179
GACGCCAGTGTCCTATGACC_005,82
GACGCCAGTGTCCTATGACC_006,17
GACGCCAGTGTCCTATGACC_007,135
GACGCCAGTGTCCTATGACC_008,141
GACGCCAGTGTCCTATGACC_009,188
GACGCCAGTGTCCTATGACC_010,113
GACGCCAGTGTCCTATGACC_011,10
GCATGACCGTCACTGGCAAG_001,56
GCATGACCGTCACTGGCAAG_002,8
GCATGACCGTCACTGGCAAG_003,153
GCATGACCGTCACTGGCAAG_004,180
GCATGACCGTCACTGGCAAG_005,83
GCATGACCGTCACTGGCAAG_006,145
TTTCGGTACCTTCGCCCTCG_001,22
TTTCGGTACCTTCGCCCTCG_002,15
TTTCGGTACCTTCGCCCTCG_003,142
TTTCGGTACCTTCGCCCTCG_004,75
TTTCGGTACCTTCGCCCTCG_005,6
TTTCGGTACCTTCGCCCTCG_006,36
TTTCGGTACCTTCGCCCTCG_007,64
TTTCGGTACCTTCGCCCTCG_008,76
TTTCGGTACCTTCGCCCTCG_009,52
TTTCGGTACCTTCGCCCTCG_010,144
TTTCGGTACCTTCGCCCTCG_011,81
TTTCGGTACCTTCGCCCTCG_012,5
TTTCGGTACCTTCGCCCTCG_013,121
TTTCGGTACCTTCGCCCTCG_014,184
TTTCGGTACCTTCGCCCTCG_015,82
TTTCGGTACCTTCGCCCTCG_016,106
TTTCGGTACCTTCGCCCTCG_017,62
TTTCGGTACCTTCGCCCTCG_018,36
TTTCGGTACCTTCGCCCTCG_019,48
ATGACTACAAACCAAACCAA_001,60
ATGACTACAAACCAAACCAA_002,169
ATGACTACAAACCAAACCAA_003,0
ATGACTACAAACCAAACCAA_004,194
ATGACTACAAACCAAACCAA_005,58
ATGACTACAAACCAAACCAA_006,99
AGTGTCCATCGTAATCAACC_001,148
AGTGTCCATCGTAATCAACC_002,61
TATTGCCTACCTCTTATCCA_001,21
AGAGCAAGTGTAGACAGCCG_001,88
AGAGCAAGTGTAGACAGCCG_002,88
AGAGCAAGTGTAGACAGCCG_003,111
AGAGCAAGTGTAGACAGCCG_004,185
AGAGCAAGTGTAGACAGCCG_005,126
AGAGCAAGTGTAGACAGCCG_006,147
AGAGCAAGTGTAGACAGCCG_007,0
AGAGCAAGTGTAGACAGCCG_008,53
AGAGCAAGTGTAGACAGCCG_009,24
AGAGCAAGTGTAGACAGCCG_010,134
AGAGCAAGTGTAGACAGCCG_011,152
CATTGTCCACGAGATCGACG_001,168
CATTGTCCACGAGATCGACG_002,57
CATTGTCCACGAGATCGACG_003,16
CATTGTCCACGAGATCGACG_004,20
CATTGTCCACGAGATCGACG_005,146
CATTGTCCACGAGATCGACG_006,48
CATTGTCCACGAGATCGACG_007,5
CATTGTCCACGAGATCGACG_008,175
CATTGTCCACGAGATCGACG_009,154
CATTGTCCACGAGATCGACG_010,80
CATTGTCCACGAGATCGACG_011,80
CATTGTCCACGAGATCGACG_012,119
CATTGTCCACGAGATCGACG_013,4
CATTGTCCACGAGATCGACG_014,56
CATTGTCCACGAGATCGACG_015,35
CATTGTCCACGAGATCGACG_016,18
CATTGTCCACGAGATCGACG_017,135
CATTGTCCACGAGATCGACG_018,165
AAGACACCCAGCAATCTGGT_001,0
AAGACACCCAGCAATCTGGT_002,130
AAGACACCCAGCAATCTGGT_003,49
AAGACACCCAGCAATCTGGT_004,70
AAGACACCCAGCAATCTGGT_005,175
AAGACACCCAGCAATCTGGT_006,39
AAGACACCCAGCAATCTGGT_007,14
AAGACACCCAGCAATCTGGT_008,0
AAGACACCCAGCAATCTGGT_009,153
ATTCTTGGGTCGAAGAAGCA_001,146
ATTCTTGGGTCGAAGAAGCA_002,169
ATTCTTGGGTCGAAGAAGCA_003,36
ACACCAACACTGAGGTGTTG_001,15
ACACCAACACTGAGGTGTTG_002,29
ACACCAACACTGAGGTGTTG_003,146
CAGACGCTCGAACTTGGCAA_001,46
CAGACGCTCGAACTTGGCAA_002,104
CAGACGCTCGAACTTGGCAA_003,57
CAGACGCTCGAACTTGGCAA_004,8
CAGACGCTCGAACTTGGCAA_005,145
CAGACGCTCGAACTTGGCAA_006,27
CAGACGCTCGAACTTGGCAA_007,35
CAGACGCTCGAACTTGGCAA_008,162
CCTTCGCGCGGCCCGAAGCG_001,172
CCTTCGCGCGGCCCGAAGCG_002,52
CCTTCGCGCGGCCCGAAGCG_003,63
CCTTCGCGCGGCCCGAAGCG_004,134
CCTTCGCGCGGCCCGAAGCG_005,143
CCTTCGCGCGGCCCGAAGCG_006,182
CCTTCGCGCGGCCCGAAGCG_007,153
CCTTCGCGCGGCCCGAAGCG_008,124
CCTTCGCGCGGCCCGAAGCG_009,11
TACGTGCTGTACATGGTCAA_001,132
TACGTGCTGTACATGGTCAA_002,16
TACGTGCTGTACATGGTCAA_003,160
TACGTGCTGTACATGGTCAA_004,53
TACGTGCTGTACATGGTCAA_005,61
TACGTGCTGTACATGGTCAA_006,65
TACGTGCTGTACATGGTCAA_007,121
TACGTGCTGTACATGGTCAA_008,162
TACGTGCTGTACATGGTCAA_009,199
TACGTGCTGTACATGGTCAA_010,81
TACGTGCTGTACATGGTCAA_011,158
TACGTGCTGTACATGGTCAA_012,108
TACGTGCTGTACATGGTCAA_013,91
TACGTGCTGTACATGGTCAA_014,122
TACGTGCTGTACATGGTCAA_015,84
TACGTGCTGTACATGGTCAA_016,49
TACGTGCTGTACATGGTCAA_017,77
TACGTGCTGTACATGGTCAA_018,162
TACGTGCTGTACATGGTCAA_019,15
TACGTGCTGTACATGGTCAA_020,149
TACGTGCTGTACATGGTCAA_021,199
TACGTGCTGTACATGGTCAA_022,36
TACGTGCTGTACATGGTCAA_023,47
TACGTGCTGTACATGGTCAA_024,177
TACGTGCTGTACATGGTCAA_025,141
TACGTGCTGTACATGGTCAA_026,75
TACGTGCTGTACATGGTCAA_027,188
TACGTGCTGTACATGGTCAA_028,166
TACGTGCTGTACATGGTCAA_029,56
TACGTGCTGTACATGGTCAA_030,152
TACGTGCTGTACATGGTCAA_031,121
TACGTGCTGTACATGGTCAA_032,105
TACGTGCTGTACATGGTCAA_033,94
TACGTGCTGTACATGGTCAA_034,10
TACGTGCTGTACATGGTCAA_035,138
TACGTGCTGTACATGGTCAA_036,39
TACGTGCTGTACATGGTCAA_037,170
TACGTGCTGTACATGGTCAA_038,162
CAATATCATACTTTCTTAAG_001,161
CAATATCATACTTTCTTAAG_002,94
TGGCCCAGTGTCTGTAGAAA_001,112
TGGCCCAGTGTCTGTAGAAA_002,91
CAATTACATTATAGCCATCA_001,198
TCGAATCTGAACGTAGTCTG_001,20
TCGAATCTGAACGTAGTCTG_002,172
TCGAATCTGAACGTAGTCTG_003,196
TCGAATCTGAACGTAGTCTG_004,183
TCGAATCTGAACGTAGTCTG_005,197
TCGAATCTGAACGTAGTCTG_006,33
TCGAATCTGAACGTAGTCTG_007,177
TCGAATCTGAACGTAGTCTG_008,140
TCGAATCTGAACGTAGTCTG_009,105
TCGAATCTGAACGTAGTCTG_010,149
TCGAATCTGAACGTAGTCTG_011,113
TCGAATCTGAACGTAGTCTG_012,68
TCGAATCTGAACGTAGTCTG_013,118
TCGAATCTGAACGTAGTCTG_014,88
TCGAATCTGAACGTAGTCTG_015,87
TCGAATCTGAACGTAGTCTG_016,63
TCGAATCTGAACGTAGTCTG_017,6
TCGAATCTGAACGTAGTCTG_018,190
TCGAATCTGAACGTAGTCTG_019,48
TCGAATCTGAACGTAGTCTG_020,23
CCAAGGACACCTACCCACGC_001,92
CCAAGGACACCTACCCACGC_002,84
CCAAGGACACCTACCCACGC_003,8
CCAAGGACACCTACCCACGC_004,14
CCAAGGACACCTACCCACGC_005,160
CCAAGGACACCTACCCACGC_006,160
CCAAGGACACCTACCCACGC_007,6
CCAAGGACACCTACCCACGC_008,100
CCAAGGACACCTACCCACGC_009,199
CCAAGGACACCTACCCACGC_010,0
CCAAGGACACCTACCCACGC_011,106
CCAAGGACACCTACCCACGC_012,63
CCAAGGACACCTACCCACGC_013,172
CCAAGGACACCTACCCACGC_014,40
CCAAGGACACCTACCCACGC_015,40
AGATTTGGATAAGATTACTG_001,86
GTACCGCTCAAACACCGTGG_001,53
GTACCGCTCAAACACCGTGG_002,176
GTACCGCTCAAACACCGTGG_003,121
GTACCGCTCAAACACCGTGG_004,177
AGAACATGGTGAGAGCGTCA_001,140
AGAACATGGTGAGAGCGTCA_002,8
AGAACATGGTGAGAGCGTCA_003,154
AGAACATGGTGAGAGCGTCA_004,139
AGAACATGGTGAGAGCGTCA_005,2
AGAACATGGTGAGAGCGTCA_006,53
AGAACATGGTGAGAGCGTCA_007,160
AGAACATGGTGAGAGCGTCA_008,183
AGAACATGGTGAGAGCGTCA_009,188
AGAACATGGTGAGAGCGTCA_010,188
AGAACATGGTGAGAGCGTCA_011,127
AGAACATGGTGAGAGCGTCA_012,99
AGAACATGGTGAGAGCGTCA_013,29
AGAACATGGTGAGAGCGTCA_014,141
AGAACATGGTGAGAGCGTCA_015,72
AGAACATGGTGAGAGCGTCA_016,10
AGAACATGGTGAGAGCGTCA_017,65
AGAACATGGTGAGAGCGTCA_018,16
AGAACATGGTGAGAGCGTCA_019,70
AGAACATGGTGAGAGCGTCA_020,56
AGAACATGGTGAGAGCGTCA_021,137
TCAAGTTATAATGTGTTACC_001,95
GAGGATAGGATAATCCCGGG_001,6
GAGGATAGGATAATCCCGGG_002,107
GAGGATAGGATAATCCCGGG_003,160
GAGGATAGGATAATCCCGGG_004,146
GAGGATAGGATAATCCCGGG_005,188
GAGGATAGGATAATCCCGGG_006,1
GAGGATAGGATAATCCCGGG_007,81
GAGGATAGGATAATCCCGGG_008,87
GAGGATAGGATAATCCCGGG_009,143
TTGGCATGGATGATCAAAGC_001,35
TTGGCATGGATGATCAAAGC_002,29
TTGGCATGGATGATCAAAGC_003,77
TTGGCATGGATGATCAAAGC_004,182
TTGGCATGGATGATCAAAGC_005,68
TTGGCATGGATGATCAAAGC_006,128
TTGGCATGGATGATCAAAGC_007,126
TTGGCATGGATGATCAAAGC_008,176
TTGGCATGGATGATCAAAGC_009,168
TTGGCATGGATGATCAAAGC_010,105
TTGGCATGGATGATCAAAGC_011,76
TTGGCATGGATGATCAAAGC_012,13
GCGCCGACACACACGCAATG_001,134
GCGCCGACACACACGCAATG_002,80
GCGCCGACACACACGCAATG_003,53
GCGCCGACACACACGCAATG_004,121
GCGCCGACACACACGCAATG_005,148
GCGCCGACACACACGCAATG_006,139
GCGCCGACACACACGCAATG_007,147
GCGCCGACACACACGCAATG_008,174
GCGCCGACACACACGCAATG_009,169
GCGCCGACACACACGCAATG_010,88
GCGCCGACACACACGCAATG_011,48
GCGCCGACACACACGCAATG_012,191
GCGCCGACACACACGCAATG_013,147
GCGCCGACACACACGCAATG_014,41
GCGCCGACACACACGCAATG_015,26
GCGCCGACACACACGCAATG_016,199
GCGCCGACACACACGCAATG_017,88
GCGCCGACACACACGCAATG_018,147
GCGCCGACACACACGCAATG_019,116
GCGCCGACACACACGCAATG_020,77
GCGCCGACACACACGCAATG_021,158
GCGCCGACACACACGCAATG_022,6
GCGCCGACACACACGCAATG_023,81
GCGCCGACACACACGCAATG_024,147
GCGCCGACACACACGCAATG_025,144
GCGCCGACACACACGCAATG_026,164
GCGCCGACACACACGCAATG_027,170
GCGCCGACACACACGCAATG_028,127
GCGCCGACACACACGCAATG_029,22
AAAAATTGAGAGTAACACAG_001,116
AAAAATTGAGAGTAACACAG_002,130
AAAAATTGAGAGTAACACAG_003,183
AAAAATTGAGAGTAACACAG_004,185
AAAAATTGAGAGTAACACAG_005,117
AAAAATTGAGAGTAACACAG_006,149
AAAAATTGAGAGTAACACAG_007,17
AAAAATTGAGAGTAACACAG_008,130
AAAAATTGAGAGTAACACAG_009,174
AAAAATTGAGAGTAACACAG_010,106
CTGAGTTGGATCCTTCAACA_001,25
CTGAGTTGGATCCTTCAACA_002,35
CTGAGTTGGATCCTTCAACA_003,58
CTGAGTTGGATCCTTCAACA_004,115
CTGAGTTGGATCCTTCAACA_005,71
CTGAGTTGGATCCTTCAACA_006,48
GCTGGGAGTGCAGTCCGGGG_001,138
GCTGGGAGTGCAGTCCGGGG_002,112
GCTGGGAGTGCAGTCCGGGG_003,182
GCTGGGAGTGCAGTCCGGGG_004,119
GCTGGGAGTGCAGTCCGGGG_005,34
GCTGGGAGTGCAGTCCGGGG_006,53
GCTGGGAGTGCAGTCCGGGG_007,60
GCTGGGAGTGCAGTCCGGGG_008,193
GCTGGGAGTGCAGTCCGGGG_009,12
GCTGGGAGTGCAGTCCGGGG_010,76
GCTGGGAGTGCAGTCCGGGG_011,150
GCTGGGAGTGCAGTCCGGGG_012,14
TGAACACTGCACTGAATGAA_001,53
TGAACACTGCACTGAATGAA_002,17
GGTGGAGGCCTATCAAGCTG_001,108
GGTGGAGGCCTATCAAGCTG_002,36
GGTGGAGGCCTATCAAGCTG_003,177
GGTGGAGGCCTATCAAGCTG_004,137
GGTGGAGGCCTATCAAGCTG_005,28
GGTGGAGGCCTATCAAGCTG_006,137
GGTGGAGGCCTATCAAGCTG_007,125
GGTGGAGGCCTATCAAGCTG_008,69
GGTGGAGGCCTATCAAGCTG_009,38
GGTGGAGGCCTATCAAGCTG_010,40
GGTGGAGGCCTATCAAGCTG_011,118
CACCACGGTCTGTGCGCACG_001,49
CACCACGGTCTGTGCGCACG_002,84
CACCACGGTCTGTGCGCACG_003,139
CACCACGGTCTGTGCGCACG_004,146
CACCACGGTCTGTGCGCACG_005,176
CACCACGGTCTGTGCGCACG_006,125
CACCACGGTCTGTGCGCACG_007,9
CACCACGGTCTGTGCGCACG_008,160
CACCACGGTCTGTGCGCACG_009,68
CACCACGGTCTGTGCGCACG_010,174
CACCACGGTCTGTGCGCACG_011,18
CACCACGGTCTGTGCGCACG_012,150
CACCACGGTCTGTGCGCACG_013,38
CACCACGGTCTGTGCGCACG_014,68
CACCACGGTCTGTGCGCACG_015,115
CACCACGGTCTGTGCGCACG_016,147
CACCACGGTCTGTGCGCACG_017,98
GCTTCTGGTCAATAAGTCTG_001,97
GCTTCTGGTCAATAAGTCTG_002,35
GCTTCTGGTCAATAAGTCTG_003,92
GCTTCTGGTCAATAAGTCTG_004,147
GCTTCTGGTCAATAAGTCTG_005,84
GCTTCTGGTCAATAAGTCTG_006,197
GCTTCTGGTCAATAAGTCTG_007,2
GCTTCTGGTCAATAAGTCTG_008,141
GCTTCTGGTCAATAAGTCTG_009,147
TACTTACCGCATTGAAATTG_001,15
ACGTCTTCCTTCGATACGAG_001,11
ACGTCTTCCTTCGATACGAG_002,156
ACGTCTTCCTTCGATACGAG_003,50
ACGTCTTCCTTCGATACGAG_004,78
ACGTCTTCCTTCGATACGAG_005,139
ACGTCTTCCTTCGATACGAG_006,85
ACGTCTTCCTTCGATACGAG_007,197
ACGTCTTCCTTCGATACGAG_008,149
ACGTCTTCCTTCGATACGAG_009,60
ACGTCTTCCTTCGATACGAG_010,161
ACGTCTTCCTTCGATACGAG_011,124
ACGTCTTCCTTCGATACGAG_012,159
ACGTCTTCCTTCGATACGAG_013,47
ACGTCTTCCTTCGATACGAG_014,130
ACGTCTTCCTTCGATACGAG_015,145
ACGTCTTCCTTCGATACGAG_016,19
ACGTCTTCCTTCGATACGAG_017,27
TCGGAGGTAAACTTGGCCGT_001,177
TCGGAGGTAAACTTGGCCGT_002,70
TCGGAGGTAAACTTGGCCGT_003,145
TTACGTCAATGGCCCCCATG_001,107
TTACGTCAATGGCCCCCATG_002,76
TTACGTCAATGGCCCCCATG_003,7
TTACGTCAATGGCCCCCATG_004,181
TTACGTCAATGGCCCCCATG_005,175
TTACGTCAATGGCCCCCATG_006,34
TTACGTCAATGGCCCCCATG_007,137
TTACGTCAATGGCCCCCATG_008,10
TTACGTCAATGGCCCCCATG_009,153
GTGTGTCTAACAATACAACT_001,34
GTGTGTCTAACAATACAACT_002,55
GTGTGTCTAACAATACAACT_003,83
GTGTGTCTAACAATACAACT_004,66
GTGTGTCTAACAATACAACT_005,49
GTGTGTCTAACAATACAACT_006,11
GTGTGTCTAACAATACAACT_007,46
TGTGGAAGGCGTGCTTACAT_001,117
TGTGGAAGGCGTGCTTACAT_002,84
TGTGGAAGGCGTGCTTACAT_003,154
TGTGGAAGGCGTGCTTACAT_004,169
TGTGGAAGGCGTGCTTACAT_005,116
TGTGGAAGGCGTGCTTACAT_006,144
TGTGGAAGGCGTGCTTACAT_007,91
TGTGGAAGGCGTGCTTACAT_008,194
TGTGGAAGGCGTGCTTACAT_009,96
TGTGGAAGGCGTGCTTACAT_010,130
TGTGGAAGGCGTGCTTACAT_011,176
TGTGGAAGGCGTGCTTACAT_012,179
CGATGGTTGACAATCCAGAG_001,47
CGATGGTTGACAATCCAGAG_002,161
CGATGGTTGACAATCCAGAG_003,166
CGATGGTTGACAATCCAGAG_004,140
CGATGGTTGACAATCCAGAG_005,52
CGATGGTTGACAATCCAGAG_006,187
CGATGGTTGACAATCCAGAG_007,187
CGATGGTTGACAATCCAGAG_008,95
CGATGGTTGACAATCCAGAG_009,161
CGATGGTTGACAATCCAGAG_010,199
CGATGGTTGACAATCCAGAG_011,156
CGATGGTTGACAATCCAGAG_012,38
CGATGGTTGACAATCCAGAG_013,50
CGATGGTTGACAATCCAGAG_014,105
CGATGGTTGACAATCCAGAG_015,5
CGATGGTTGACAATCCAGAG_016,180
TTGTGAAGGGAGAGCCACCG_001,115
TTGTGAAGGGAGAGCCACCG_002,94
TTGTGAAGGGAGAGCCACCG_003,121
TTGTGAAGGGAGAGCCACCG_004,157
TTGTGAAGGGAGAGCCACCG_005,82
TTGTGAAGGGAGAGCCACCG_006,150
TTGTGAAGGGAGAGCCACCG_007,57
TTGTGAAGGGAGAGCCACCG_008,141
TTGTGAAGGGAGAGCCACCG_009,136
TTGTGAAGGGAGAGCCACCG_010,152
TTGTGAAGGGAGAGCCACCG_011,184
TTGTGAAGGGAGAGCCACCG_012,1
TTGTGAAGGGAGAGCCACCG_013,124
TTGTGAAGGGAGAGCCACCG_014,38
TTGTGAAGGGAGAGCCACCG_015,173
TTGTGAAGGGAGAGCCACCG_016,105
TTGTGAAGGGAGAGCCACCG_017,199
TTGTGAAGGGAGAGCCACCG_018,149
TTGTGAAGGGAGAGCCACCG_019,175
TTGTGAAGGGAGAGCCACCG_020,53
TTGTGAAGGGAGAGCCACCG_021,94
TTGTGAAGGGAGAGCCACCG_022,10
TTGTGAAGGGAGAGCCACCG_023,117
TTGTGAAGGGAGAGCCACCG_024,161
TTGTGAAGGGAGAGCCACCG_025,38
TTGTGAAGGGAGAGCCACCG_026,48
TTGTGAAGGGAGAGCCACCG_027,14
TTGTGAAGGGAGAGCCACCG_028,138
TTGTGAAGGGAGAGCCACCG_029,124
TTGTGAAGGGAGAGCCACCG_030,120
TTGTGAAGGGAGAGCCACCG_031,43
TTGTGAAGGGAGAGCCACCG_032,18
TTGTGAAGGGAGAGCCACCG_033,170
TTGTGAAGGGAGAGCCACCG_034,1
TTGTGAAGGGAGAGCCACCG_035,28
TTGTGAAGGGAGAGCCACCG_036,121
TTGTGAAGGGAGAGCCACCG_037,48
TTGTGAAGGGAGAGCCACCG_038,62
TTGTGAAGGGAGAGCCACCG_039,91
AGGAGTACGACTACTATGGC_001,112
AGGAGTACGACTACTATGGC_002,44
AGGAGTACGACTACTATGGC_003,140
AGGAGTACGACTACTATGGC_004,182
AGGAGTACGACTACTATGGC_005,94
AGGAGTACGACTACTATGGC_006,184
AGGAGTACGACTACTATGGC_007,34
TGTACGAAAGACTTGAAACA_001,171
TGTACGAAAGACTTGAAACA_002,48
TGTACGAAAGACTTGAAACA_003,127
TGTACGAAAGACTTGAAACA_004,66
TGTACGAAAGACTTGAAACA_005,130
TAGTAGCCTCGGTGAATGAG_001,53
TAGTAGCCTCGGTGAATGAG_002,177
TAGTAGCCTCGGTGAATGAG_003,48
TAGTAGCCTCGGTGAATGAG_004,18
TAGTAGCCTCGGTGAATGAG_005,40
TAGTAGCCTCGGTGAATGAG_006,116
TAGTAGCCTCGGTGAATGAG_007,62
TAGTAGCCTCGGTGAATGAG_008,92
TTGTGATTTATCATCATACA_001,78
TTGTGATTTATCATCATACA_002,1
TTGTGATTTATCATCATACA_003,102
TTGTGATTTATCATCATACA_004,81
TTGTGATTTATCATCATACA_005,104
TTGTGATTTATCATCATACA_006,2
TTGTGATTTATCATCATACA_007,83
CCAGTGGTGGAGCAACGAAG_001,114
CCGGTGCGTAGAGCGCGGCT_001,17
CCGGTGCGTAGAGCGCGGCT_002,188
CCGGTGCGTAGAGCGCGGCT_003,138
CCGGTGCGTAGAGCGCGGCT_004,142
AAACAGGTGCTGTCACATTG_001,94
AAACAGGTGCTGTCACATTG_002,9
AAACAGGTGCTGTCACATTG_003,75
AAACAGGTGCTGTCACATTG_004,137
AAACAGGTGCTGTCACATTG_005,189
AAACAGGTGCTGTCACATTG_006,154
AAACAGGTGCTGTCACATTG_007,197
AAACAGGTGCTGTCACATTG_008,129
AAACAGGTGCTGTCACATTG_009,92
AAACAGGTGCTGTCACATTG_010,130
AAACAGGTGCTGTCACATTG_011,126
AAACAGGTGCTGTCACATTG_012,70
AAACAGGTGCTGTCACATTG_013,106
AAACAGGTGCTGTCACATTG_014,91
AGGAGCACACTTCATCGCAC_001,19
AGGAGCACACTTCATCGCAC_002,88
AGGAGCACACTTCATCGCAC_003,152
AGGAGCACACTTCATCGCAC_004,27
AGGAGCACACTTCATCGCAC_005,42
AGGAGCACACTTCATCGCAC_006,156
AGGAGCACACTTCATCGCAC_007,98
AGGAGCACACTTCATCGCAC_008,1
AGGAGCACACTTCATCGCAC_009,35
AGGAGCACACTTCATCGCAC_010,198
AGGAGCACACTTCATCGCAC_011,100
AGGAGCACACTTCATCGCAC_012,125
AGGAGCACACTTCATCGCAC_013,61
AGGAGCACACTTCATCGCAC_014,179
AGGAGCACACTTCATCGCAC_015,168
AGGAGCACACTTCATCGCAC_016,91
AGGAGCACACTTCATCGCAC_017,47
AGGAGCACACTTCATCGCAC_018,61
AGGAGCACACTTCATCGCAC_019,74
CAGGCACTGTGATCTCCCCG_001,158
TGTTGGCCCCTACGGCCAAG_001,196
TGTTGGCCCCTACGGCCAAG_002,82
TGTTGGCCCCTACGGCCAAG_003,59
TGTTGGCCCCTACGGCCAAG_004,50
TGTTGGCCCCTACGGCCAAG_005,12
TGTTGGCCCCTACGGCCAAG_006,48
TGTTGGCCCCTACGGCCAAG_007,44
TGTTGGCCCCTACGGCCAAG_008,116
TGTTGGCCCCTACGGCCAAG_009,138
GGAACCAGTGCTATGGACGC_001,32
GGAACCAGTGCTATGGACGC_002,48
GGAACCAGTGCTATGGACGC_003,105
GGAACCAGTGCTATGGACGC_004,177
GGAACCAGTGCTATGGACGC_005,84
GGAACCAGTGCTATGGACGC_006,20
GGAACCAGTGCTATGGACGC_007,156
GGAACCAGTGCTATGGACGC_008,162
GGAACCAGTGCTATGGACGC_009,61
GGAACCAGTGCTATGGACGC_010,88
GGAACCAGTGCTATGGACGC_011,36
GGAACCAGTGCTATGGACGC_012,80
CTCTCGCCTTACAGTTCAGA_001,6
CTCTCGCCTTACAGTTCAGA_002,150
CTCTCGCCTTACAGTTCAGA_003,174
CTCTCGCCTTACAGTTCAGA_004,172
CTCTCGCCTTACAGTTCAGA_005,88
CTCTCGCCTTACAGTTCAGA_006,75
CTCTCGCCTTACAGTTCAGA_007,14
CTCTCGCCTTACAGTTCAGA_008,72
CTCTCGCCTTACAGTTCAGA_009,68
CTCTCGCCTTACAGTTCAGA_010,4
CTCTCGCCTTACAGTTCAGA_011,30
CTCTCGCCTTACAGTTCAGA_012,127
GCTGCAGCAAGTAAGAGCCC_001,23
GCTGCAGCAAGTAAGAGCCC_002,91
ACCGGATGACTTACCATGTG_001,188
ACCGGATGACTTACCATGTG_002,175
ACCGGATGACTTACCATGTG_003,175
ACCGGATGACTTACCATGTG_004,105
ACCGGATGACTTACCATGTG_005,128
ACCGGATGACTTACCATGTG_006,118
ACCGGATGACTTACCATGTG_007,52
ACCGGATGACTTACCATGTG_008,41
ACCGGATGACTTACCATGTG_009,172
ACCGGATGACTTACCATGTG_010,129
ACCGGATGACTTACCATGTG_011,63
ACCGGATGACTTACCATGTG_012,120
CGAGCGGGTTCTCAAGTTAG_001,94
CGAGCGGGTTCTCAAGTTAG_002,60
CGAGCGGGTTCTCAAGTTAG_003,154
CGAGCGGGTTCTCAAGTTAG_004,159
CGAGCGGGTTCTCAAGTTAG_005,169
CGAGCGGGTTCTCAAGTTAG_006,166
CGAGCGGGTTCTCAAGTTAG_007,115
CGAGCGGGTTCTCAAGTTAG_008,189
CGAGCGGGTTCTCAAGTTAG_009,25
CGAGCGGGTTCTCAAGTTAG_010,82
GCTCTGGATGGTCCTAACGG_001,127
GCTCTGGATGGTCCTAACGG_002,75
GCTCTGGATGGTCCTAACGG_003,72
GCTCTGGATGGTCCTAACGG_004,192
TGTCGGCACCTCGATACAGG_001,197
TGTCGGCACCTCGATACAGG_002,98
TGTCGGCACCTCGATACAGG_003,63
TGTCGGCACCTCGATACAGG_004,163
AGTCCGTCCACTCCAACATG_001,14
AGTCCGTCCACTCCAACATG_002,9
AGTCCGTCCACTCCAACATG_003,142
AGTCCGTCCACTCCAACATG_004,55
AGTCCGTCCACTCCAACATG_005,188
AGTCCGTCCACTCCAACATG_006,132
AGTCCGTCCACTCCAACATG_007,116
AGTCCGTCCACTCCAACATG_008,76
AGTCCGTCCACTCCAACATG_009,41
AGTCCGTCCACTCCAACATG_010,29
AGTCCGTCCACTCCAACATG_011,88
AGTCCGTCCACTCCAACATG_012,1
AGTCCGTCCACTCCAACATG_013,89
AGTCCGTCCACTCCAACATG_014,47
AGTCCGTCCACTCCAACATG_015,178
AGTCCGTCCACTCCAACATG_016,136
AGTCCGTCCACTCCAACATG_017,118
AGTCCGTCCACTCCAACATG_018,162
AGTCCGTCCACTCCAACATG_019,36
AGTCCGTCCACTCCAACATG_020,135
AGTCCGTCCACTCCAACATG_021,148
AGTCCGTCCACTCCAACATG_022,21
CTAAAATTTTTGCGTGTTTG_001,192
CTAAAATTTTTGCGTGTTTG_002,145
CTAAAATTTTTGCGTGTTTG_003,163
CTAAAATTTTTGCGTGTTTG_004,99
TTTGTCCAGTTCAATCACCA_001,55
TTTGTCCAGTTCAATCACCA_002,69
TTTGTCCAGTTCAATCACCA_003,156
TTTGTCCAGTTCAATCACCA_004,22
TTTGTCCAGTTCAATCACCA_005,91
TTTGTCCAGTTCAATCACCA_006,179
CTCACCCCAGGATCTCCCAG_001,132
CTCACCCCAGGATCTCCCAG_002,169
CTCACCCCAGGATCTCCCAG_003,103
CTCACCCCAGGATCTCCCAG_004,158
CTCACCCCAGGATCTCCCAG_005,110
CTCACCCCAGGATCTCCCAG_006,64
CTCACCCCAGGATCTCCCAG_007,124
CTCACCCCAGGATCTCCCAG_008,116
TTCACCAGAAAGCTCTCCAG_001,61
TTCACCAGAAAGCTCTCCAG_002,33
TTCACCAGAAAGCTCTCCAG_003,55
TTCACCAGAAAGCTCTCCAG_004,36
TTCACCAGAAAGCTCTCCAG_005,63
AATACCAGAGAAGATCCAAA_001,36
AATACCAGAGAAGATCCAAA_002,102
AATACCAGAGAAGATCCAAA_003,10
AATACCAGAGAAGATCCAAA_004,50
GCCAAACACACACTAACCAC_001,2
GCCAAACACACACTAACCAC_002,56
GCCAAACACACACTAACCAC_003,19
GCCAAACACACACTAACCAC_004,197
TTAAGAACAGCTTTGGACAG_001,9
TTAAGAACAGCTTTGGACAG_002,47
TTAAGAACAGCTTTGGACAG_003,40
TTAAGAACAGCTTTGGACAG_004,120
TTAAGAACAGCTTTGGACAG_005,76
TTAAGAACAGCTTTGGACAG_006,50
TTAAGAACAGCTTTGGACAG_007,174
AAGAGATCAATAGGGTAACC_001,13
AAGAGATCAATAGGGTAACC_002,56
AAGAGATCAATAGGGTAACC_003,17
AAGAGATCAATAGGGTAACC_004,50
AAGAGATCAATAGGGTAACC_005,17
AAGAGATCAATAGGGTAACC_006,18
AAGAGATCAATAGGGTAACC_007,98
CAGTGGTGGTCGTCACAGCG_001,12
CAGTGGTGGTCGTCACAGCG_002,55
CAGTGGTGGTCGTCACAGCG_003,25
CAGTGGTGGTCGTCACAGCG_004,110
CAGTGGTGGTCGTCACAGCG_005,152
CAGTGGTGGTCGTCACAGCG_006,60
CAGTGGTGGTCGTCACAGCG_007,22
CAGTGGTGGTCGTCACAGCG_008,121
CAGTGGTGGTCGTCACAGCG_009,94
CAGTGGTGGTCGTCACAGCG_010,148
CAGTGGTGGTCGTCACAGCG_011,94
CAGTGGTGGTCGTCACAGCG_012,105
CAGTGGTGGTCGTCACAGCG_013,105
CAGTGGTGGTCGTCACAGCG_014,16
CAGTGGTGGTCGTCACAGCG_015,182
ATCTCACCACGCACAGAAGG_001,29
ATCTCACCACGCACAGAAGG_002,131
ATCTCACCACGCACAGAAGG_003,14
ATCTCACCACGCACAGAAGG_004,106
ATCTCACCACGCACAGAAGG_005,77
ATCTCACCACGCACAGAAGG_006,156
ATCTCACCACGCACAGAAGG_007,156
ATCTCACCACGCACAGAAGG_008,197
ATCTCACCACGCACAGAAGG_009,71
ATCTCACCACGCACAGAAGG_010,167
ATCTCACCACGCACAGAAGG_011,1
ATCTCACCACGCACAGAAGG_012,151
ATCTCACCACGCACAGAAGG_013,63
ATCTCACCACGCACAGAAGG_014,111
ATCTCACCACGCACAGAAGG_015,39
ATCTCACCACGCACAGAAGG_016,170
ATCTCACCACGCACAGAAGG_017,94
ATCTCACCACGCACAGAAGG_018,177
ATCTCACCACGCACAGAAGG_019,123
ATCTCACCACGCACAGAAGG_020,148
ATCTCACCACGCACAGAAGG_021,162
ATCTCACCACGCACAGAAGG_022,57
CCTGGTGTCACAGTCACAGT_001,130
CCTGGTGTCACAGTCACAGT_002,13
CAGATGTTGATATGGCCCTG_001,197
CAGATGTTGATATGGCCCTG_002,49
CAGATGTTGATATGGCCCTG_003,138
CAGATGTTGATATGGCCCTG_004,77
CAGATGTTGATATGGCCCTG_005,40
CAGATGTTGATATGGCCCTG_006,17
CAGATGTTGATATGGCCCTG_007,176
CAGATGTTGATATGGCCCTG_008,147
CAGATGTTGATATGGCCCTG_009,104
ACTCATTCAAAGACAAACCA_001,154
ACTCATTCAAAGACAAACCA_002,184
ACTCATTCAAAGACAAACCA_003,195
ACTCATTCAAAGACAAACCA_004,56
ACTCATTCAAAGACAAACCA_005,29
ACTCATTCAAAGACAAACCA_006,144
ATAATTCTGACCACACTCGT_001,15
ATAATTCTGACCACACTCGT_002,104
ATAATTCTGACCACACTCGT_003,63
ATAATTCTGACCACACTCGT_004,82
CACAAGCACGCTCTTCACGA_001,49
CACAAGCACGCTCTTCACGA_002,123
CACAAGCACGCTCTTCACGA_003,161
CACAAGCACGCTCTTCACGA_004,162
CACAAGCACGCTCTTCACGA_005,130
CACAAGCACGCTCTTCACGA_006,29
CACAAGCACGCTCTTCACGA_007,115
CACAAGCACGCTCTTCACGA_008,83
CACAAGCACGCTCTTCACGA_009,22
CCGAGTGTAGAATCCCCCGA_001,58
CCGAGTGTAGAATCCCCCGA_002,172
CCGAGTGTAGAATCCCCCGA_003,190
CCGAGTGTAGAATCCCCCGA_004,168
CCGAGTGTAGAATCCCCCGA_005,72
CCGAGTGTAGAATCCCCCGA_006,72
CCGAGTGTAGAATCCCCCGA_007,100
CCGAGTGTAGAATCCCCCGA_008,103
CCGAGTGTAGAATCCCCCGA_009,180
CCGAGTGTAGAATCCCCCGA_010,144
CCGAGTGTAGAATCCCCCGA_011,152
GAGAGACAGAGAAGTCGCGC_001,108
GAGAGACAGAGAAGTCGCGC_002,113
GAGAGACAGAGAAGTCGCGC_003,158
GAGAGACAGAGAAGTCGCGC_004,75
GAGAGACAGAGAAGTCGCGC_005,179
GAGAGACAGAGAAGTCGCGC_006,190
GAGAGACAGAGAAGTCGCGC_007,49
GAGAGACAGAGAAGTCGCGC_008,17
GAGAGACAGAGAAGTCGCGC_009,138
GAGAGACAGAGAAGTCGCGC_010,96
TTGCGGATATTAACCTCTAC_001,12
TTGCGGATATTAACCTCTAC_002,156
TTGCGGATATTAACCTCTAC_003,69
TTGCGGATATTAACCTCTAC_004,117
TTGCGGATATTAACCTCTAC_005,12
TTGCGGATATTAACCTCTAC_006,50
TTGCGGATATTAACCTCTAC_007,63
AACAGACTATCCAACTGTTG_001,62
AACAGACTATCCAACTGTTG_002,77
GGAGACTCTGAAAGACACAC_001,95
GGAGACTCTGAAAGACACAC_002,69
GGAGACTCTGAAAGACACAC_003,127
GGAGACTCTGAAAGACACAC_004,44
GGAGACTCTGAAAGACACAC_005,92
GGAGACTCTGAAAGACACAC_006,46
GGAGACTCTGAAAGACACAC_007,3
GGAGACTCTGAAAGACACAC_008,69
GGAGACTCTGAAAGACACAC_009,137
GGAGACTCTGAAAGACACAC_010,76
GGAGACTCTGAAAGACACAC_011,76
GGAGACTCTGAAAGACACAC_012,170
GGAGACTCTGAAAGACACAC_013,49
GGAGACTCTGAAAGACACAC_014,49
GGAGACTCTGAAAGACACAC_015,57
GGAGACTCTGAAAGACACAC_016,101
GGAGACTCTGAAAGACACAC_017,12
GGAGACTCTGAAAGACACAC_018,184
GGAGACTCTGAAAGACACAC_019,134
GGAGACTCTGAAAGACACAC_020,61
GGAGACTCTGAAAGACACAC_021,135
ACATGGAACTAAGCTAGCCC_001,45
ACATGGAACTAAGCTAGCCC_002,76
ACAGTTGACAAGTCATAACT_001,183
ACAGTTGACAAGTCATAACT_002,19
ACAGTTGACAAGTCATAACT_003,158
ACAGTTGACAAGTCATAACT_004,133
ACAGTTGACAAGTCATAACT_005,133
ACAGTTGACAAGTCATAACT_006,52
GGGCGTGTTCGGGCCAGTAG_001,117
GGGCGTGTTCGGGCCAGTAG_002,0
GGGCGTGTTCGGGCCAGTAG_003,81
GGGCGTGTTCGGGCCAGTAG_004,10
TGAAGCCCACATCTCAAACT_001,115
TGAAGCCCACATCTCAAACT_002,148
TTTACAGCATCACCGCCTGT_001,24
TTTACAGCATCACCGCCTGT_002,98
TTTACAGCATCACCGCCTGT_003,180
TTTACAGCATCACCGCCTGT_004,98
CGGTGGGAACGACTGTACGT_001,49
CGGTGGGAACGACTGTACGT_002,27
CGGTGGGAACGACTGTACGT_003,110
CGGTGGGAACGACTGTACGT_004,104
GCTGCAAGCCCGGACACCGA_001,178
GCTGCAAGCCCGGACACCGA_002,36
GCTGCAAGCCCGGACACCGA_003,49
GCTGCAAGCCCGGACACCGA_004,137
GCTGCAAGCCCGGACACCGA_005,1
GCTGCAAGCCCGGACACCGA_006,7
GCTGCAAGCCCGGACACCGA_007,103
GCTGCAAGCCCGGACACCGA_008,190
AGGTCCGACGTGTTCACCAG_001,153
AGGTCCGACGTGTTCACCAG_002,104
ATATCCAACATAAAAGCTGT_001,146
ATATCCAACATAAAAGCTGT_002,190
ATATCCAACATAAAAGCTGT_003,115
ATATCCAACATAAAAGCTGT_004,62
AGGTCATCATCAATACAGAG_001,19
AGGTCATCATCAATACAGAG_002,154
AGGTCATCATCAATACAGAG_003,183
AGGTCATCATCAATACAGAG_004,191
GGGTCTGAACGACATAACGC_001,12
GGGTCTGAACGACATAACGC_002,147
GGGTCTGAACGACATAACGC_003,81
GGGTCTGAACGACATAACGC_004,115
TGTGGACTGTAGTATCCCAT_001,149
TGTGGACTGTAGTATCCCAT_002,191
TGTGGACTGTAGTATCCCAT_003,9
TGTGGACTGTAGTATCCCAT_004,120
TGTGGACTGTAGTATCCCAT_005,113
TGTGGACTGTAGTATCCCAT_006,62
TGTGGACTGTAGTATCCCAT_007,169
TGTGGACTGTAGTATCCCAT_008,63
CCGGTGCAGTTCAAGGACTG_001,72
CCGGTGCAGTTCAAGGACTG_002,162
CCGGTGCAGTTCAAGGACTG_003,175
CCGGTGCAGTTCAAGGACTG_004,58
CCGGTGCAGTTCAAGGACTG_005,103
CCGGTGCAGTTCAAGGACTG_006,118
CCGGTGCAGTTCAAGGACTG_007,56
CCGGTGCAGTTCAAGGACTG_008,145
CCGGTGCAGTTCAAGGACTG_009,145
CCGGTGCAGTTCAAGGACTG_010,10
CCGGTGCAGTTCAAGGACTG_011,9
CCGGTGCAGTTCAAGGACTG_012,49
CCGGTGCAGTTCAAGGACTG_013,103
CCGGTGCAGTTCAAGGACTG_014,174
CCGGTGCAGTTCAAGGACTG_015,82
CCGGTGCAGTTCAAGGACTG_016,196
CCGGTGCAGTTCAAGGACTG_017,42
CCGGTGCAGTTCAAGGACTG_018,34
CCGGTGCAGTTCAAGGACTG_019,154
CCGGTGCAGTTCAAGGACTG_020,45
CCGGTGCAGTTCAAGGACTG_021,127
CCGGTGCAGTTCAAGGACTG_022,19
CCGGTGCAGTTCAAGGACTG_023,148
GCTGTGAGATAATGTCACCC_001,114
CTTCACCGGAGAGTCACTCT_001,115
CTTCACCGGAGAGTCACTCT_002,189
CTTCACCGGAGAGTCACTCT_003,127
CTTCACCGGAGAGTCACTCT_004,170
CTTCACCGGAGAGTCACTCT_005,72
CTTCACCGGAGAGTCACTCT_006,136
CTTCACCGGAGAGTCACTCT_007,109
CTTCACCGGAGAGTCACTCT_008,11
CTTCACCGGAGAGTCACTCT_009,130
CTTCACCGGAGAGTCACTCT_010,170
CTTCACCGGAGAGTCACTCT_011,43
GATGGGGGGCATGACCACGC_001,122
GATGGGGGGCATGACCACGC_002,177
GATGGGGGGCATGACCACGC_003,159
GATGGGGGGCATGACCACGC_004,137
GATGGGGGGCATGACCACGC_005,112
GATGGGGGGCATGACCACGC_006,62
GATGGGGGGCATGACCACGC_007,144
GATGGGGGGCATGACCACGC_008,179
GATGGGGGGCATGACCACGC_009,68
GATGGGGGGCATGACCACGC_010,141
GATGGGGGGCATGACCACGC_011,36
GATGGGGGGCATGACCACGC_012,144
GATGGGGGGCATGACCACGC_013,25
GATGGGGGGCATGACCACGC_014,80
GATGGGGGGCATGACCACGC_015,83
GATGGGGGGCATGACCACGC_016,74
GATGGGGGGCATGACCACGC_017,102
GATGGGGGGCATGACCACGC_018,48
GATGGGGGGCATGACCACGC_019,90
GATGGGGGGCATGACCACGC_020,90
GATGGGGGGCATGACCACGC_021,108
TCCAAGAGGTCCACAAAGTG_001,94
TTCTGCAAGACCACGAACAC_001,111
TTCTGCAAGACCACGAACAC_002,59
TTCTGCAAGACCACGAACAC_003,49
TTCTGCAAGACCACGAACAC_004,22
TTCTGCAAGACCACGAACAC_005,99
TTCTGCAAGACCACGAACAC_006,192
TTCTGCAAGACCACGAACAC_007,152
CATCTTTCATCAGAGCTACG_001,32
CATCTTTCATCAGAGCTACG_002,40
CATCTTTCATCAGAGCTACG_003,81
CATCTTTCATCAGAGCTACG_004,156
CATCTTTCATCAGAGCTACG_005,15
CATCTTTCATCAGAGCTACG_006,58
CATCTTTCATCAGAGCTACG_007,62
CATCTTTCATCAGAGCTACG_008,15
CATCTTTCATCAGAGCTACG_009,21
CATCTTTCATCAGAGCTACG_010,4
CATCTTTCATCAGAGCTACG_011,166
GCACAAATACACCCTCACAG_001,32
GCACAAATACACCCTCACAG_002,48
GCACAAATACACCCTCACAG_003,95
GCACAAATACACCCTCACAG_004,117
GCACAAATACACCCTCACAG_005,10
GCACAAATACACCCTCACAG_006,133
GCACAAATACACCCTCACAG_007,77
GCACAAATACACCCTCACAG_008,43
GCACAAATACACCCTCACAG_009,62
GCACAAATACACCCTCACAG_010,78
GCACAAATACACCCTCACAG_011,49
GCACAAATACACCCTCACAG_012,43
AGGTGCGCATTGTCGCCGGG_001,163
AGGTGCGCATTGTCGCCGGG_002,144
AGGTGCGCATTGTCGCCGGG_003,2
AGGTGCGCATTGTCGCCGGG_004,171
AGGTGCGCATTGTCGCCGGG_005,51
AGGTGCGCATTGTCGCCGGG_006,95
AGGTGCGCATTGTCGCCGGG_007,135
AGGTGCGCATTGTCGCCGGG_008,130
AGGTGCGCATTGTCGCCGGG_009,106
AGGTGCGCATTGTCGCCGGG_010,78
AGGTGCGCATTGTCGCCGGG_011,168
AGGTGCGCATTGTCGCCGGG_012,146
AGGTGCGCATTGTCGCCGGG_013,2
AGGTGCGCATTGTCGCCGGG_014,19
AGGTGCGCATTGTCGCCGGG_015,11
AGGTGCGCATTGTCGCCGGG_016,63
AGGTGCGCATTGTCGCCGGG_017,168
AGGTGCGCATTGTCGCCGGG_018,18
AACATGAGCACCGCTTATGT_001,184
AACATGAGCACCGCTTATGT_002,75
AACATGAGCACCGCTTATGT_003,75
AACATGAGCACCGCTTATGT_004,80
AACATGAGCACCGCTTATGT_005,1
AACATGAGCACCGCTTATGT_006,162
AACATGAGCACCGCTTATGT_007,102
AACATGAGCACCGCTTATGT_008,74
AACATGAGCACCGCTTATGT_009,144
AACATGAGCACCGCTTATGT_010,199
CCAAATCTGTACTTCTCCAG_001,3
CCAAATCTGTACTTCTCCAG_002,96
CCAAATCTGTACTTCTCCAG_003,164
CCAAATCTGTACTTCTCCAG_004,49
ACCTGGCGGACTACCAGAGA_001,65
ACCTGGCGGACTACCAGAGA_002,169
ACCTGGCGGACTACCAGAGA_003,98
ACCTGGCGGACTACCAGAGA_004,94
ACCTGGCGGACTACCAGAGA_005,50
ACCTGGCGGACTACCAGAGA_006,140
ACCTGGCGGACTACCAGAGA_007,135
ACCTGGCGGACTACCAGAGA_008,47
ACCTGGCGGACTACCAGAGA_009,176
ACCTGGCGGACTACCAGAGA_010,147
ACCTGGCGGACTACCAGAGA_011,151
ACCTGGCGGACTACCAGAGA_012,118
ACCTGGCGGACTACCAGAGA_013,68
ACCTGGCGGACTACCAGAGA_014,8
ACCTGGCGGACTACCAGAGA_015,145
ACCTGGCGGACTACCAGAGA_016,1
CGTCGCAGGATGATGGAACG_001,60
CGTCGCAGGATGATGGAACG_002,102
CGTCGCAGGATGATGGAACG_003,103
CGTCGCAGGATGATGGAACG_004,114
CGTCGCAGGATGATGGAACG_005,34
CGTCGCAGGATGATGGAACG_006,47
CGTCGCAGGATGATGGAACG_007,149
CGTCGCAGGATGATGGAACG_008,117
CGTCGCAGGATGATGGAACG_009,93
CGTCGCAGGATGATGGAACG_010,139
CGTCGCAGGATGATGGAACG_011,57
GTCGGGTTTGACATCAACTG_001,102
GTCGGGTTTGACATCAACTG_002,50
GTCGGGTTTGACATCAACTG_003,62
GTCGGGTTTGACATCAACTG_004,146
GTCGGGTTTGACATCAACTG_005,75
GTCGGGTTTGACATCAACTG_006,63
GTCGGGTTTGACATCAACTG_007,151
GTCGGGTTTGACATCAACTG_008,98
GTCGGGTTTGACATCAACTG_009,169
GTCGGGTTTGACATCAACTG_010,1
GTCGGGTTTGACATCAACTG_011,169
GTCGGGTTTGACATCAACTG_012,17
GTCGGGTTTGACATCAACTG_013,80
GTCGGGTTTGACATCAACTG_014,128
GTCGGGTTTGACATCAACTG_015,160
GTCGGGTTTGACATCAACTG_016,54
GTCGGGTTTGACATCAACTG_017,89
GTCGGGTTTGACATCAACTG_018,188
GTCGGGTTTGACATCAACTG_019,13
GTCGGGTTTGACATCAACTG_020,188
GTCGGGTTTGACATCAACTG_021,104
GTCGGGTTTGACATCAACTG_022,170
GTCGGGTTTGACATCAACTG_023,60
TCCACTAAAGTATTGACAGG_001,144
TCCACTAAAGTATTGACAGG_002,175
TCCACTAAAGTATTGACAGG_003,72
TCCACTAAAGTATTGACAGG_004,188
TCCACTAAAGTATTGACAGG_005,46
TCCACTAAAGTATTGACAGG_006,138
TCCACTAAAGTATTGACAGG_007,95
TCCACTAAAGTATTGACAGG_008,98
TCCACTAAAGTATTGACAGG_009,123
TCCACTAAAGTATTGACAGG_010,51
TCCACTAAAGTATTGACAGG_011,176
TCCACTAAAGTATTGACAGG_012,24
TCCACTAAAGTATTGACAGG_013,168
TCCACTAAAGTATTGACAGG_014,56
TCCACTAAAGTATTGACAGG_015,115
TCCACTAAAGTATTGACAGG_016,15
TGCAGATGTCTGACACCCAG_001,9
TGCAGATGTCTGACACCCAG_002,8
TGCAGATGTCTGACACCCAG_003,199
TGCAGATGTCTGACACCCAG_004,43
TGCAGATGTCTGACACCCAG_005,19
TGCAGATGTCTGACACCCAG_006,184
TGCAGATGTCTGACACCCAG_007,145
GGAGAAGAACTGCACCCATG_001,102
GGAGAAGAACTGCACCCATG_002,91
GGAGAAGAACTGCACCCATG_003,58
GGAGAAGAACTGCACCCATG_004,71
GGAGAAGAACTGCACCCATG_005,92
GGAGAAGAACTGCACCCATG_006,92
GGAGAAGAACTGCACCCATG_007,13
GGAGAAGAACTGCACCCATG_008,20
GGAGAAGAACTGCACCCATG_009,45
GGAGAAGAACTGCACCCATG_010,112
GGAGAAGAACTGCACCCATG_011,95
GGAGAAGAACTGCACCCATG_012,17
GGAGAAGAACTGCACCCATG_013,94
GGAGAAGAACTGCACCCATG_014,17
AGTAGAGGCAATCCCCCCAA_001,49
AGTAGAGGCAATCCCCCCAA_002,130
AGTAGAGGCAATCCCCCCAA_003,113
AGTAGAGGCAATCCCCCCAA_004,158
AGTAGAGGCAATCCCCCCAA_005,125
AGTAGAGGCAATCCCCCCAA_006,183
AGTAGAGGCAATCCCCCCAA_007,6
AGTAGAGGCAATCCCCCCAA_008,24
AGTAGAGGCAATCCCCCCAA_009,72
AGTAGAGGCAATCCCCCCAA_010,36
AGTAGAGGCAATCCCCCCAA_011,189
AGTAGAGGCAATCCCCCCAA_012,23
AGTAGAGGCAATCCCCCCAA_013,172
AGTAGAGGCAATCCCCCCAA_014,198
AGTAGAGGCAATCCCCCCAA_015,142
AGTAGAGGCAATCCCCCCAA_016,124
AGTAGAGGCAATCCCCCCAA_017,174
AGTAGAGGCAATCCCCCCAA_018,101
AGTAGAGGCAATCCCCCCAA_019,74
AGTAGAGGCAATCCCCCCAA_020,63
AGTAGAGGCAATCCCCCCAA_021,136
AGTAGAGGCAATCCCCCCAA_022,94
AGTAGAGGCAATCCCCCCAA_023,46
AGTAGAGGCAATCCCCCCAA_024,196
AGTAGAGGCAATCCCCCCAA_025,158
TCGACAGAGACAATCTCGCA_001,82
TCGACAGAGACAATCTCGCA_002,122
TCGACAGAGACAATCTCGCA_003,81
TCGACAGAGACAATCTCGCA_004,157
TCGACAGAGACAATCTCGCA_005,77
TCGACAGAGACAATCTCGCA_006,115
TCGACAGAGACAATCTCGCA_007,191
TCGACAGAGACAATCTCGCA_008,146
TCGACAGAGACAATCTCGCA_009,158
TCGACAGAGACAATCTCGCA_010,160
TCGACAGAGACAATCTCGCA_011,44
TCGACAGAGACAATCTCGCA_012,52
TCGACAGAGACAATCTCGCA_013,190
TCGACAGAGACAATCTCGCA_014,51
TCGACAGAGACAATCTCGCA_015,127
TCGACAGAGACAATCTCGCA_016,101
TCGACAGAGACAATCTCGCA_017,103
TCGACAGAGACAATCTCGCA_018,33
TCGACAGAGACAATCTCGCA_019,62
TCGACAGAGACAATCTCGCA_020,102
TGTGGTGAGCAGTGACGATG_001,101
TGTGGTGAGCAGTGACGATG_002,134
TGTGGTGAGCAGTGACGATG_003,15
TGTGGTGAGCAGTGACGATG_004,136
TGTGGTGAGCAGTGACGATG_005,158
TGTGGTGAGCAGTGACGATG_006,68
TGTGGTGAGCAGTGACGATG_007,121
TGTGGTGAGCAGTGACGATG_008,146
TGTGGTGAGCAGTGACGATG_009,127
TGTGGTGAGCAGTGACGATG_010,62
TGTGGTGAGCAGTGACGATG_011,68
TGTGGTGAGCAGTGACGATG_012,5
TGTGGTGAGCAGTGACGATG_013,175
TGTGGTGAGCAGTGACGATG_014,149
TGTGGTGAGCAGTGACGATG_015,58
TGTGGTGAGCAGTGACGATG_016,168
TGTGGTGAGCAGTGACGATG_017,43
TGTGGTGAGCAGTGACGATG_018,56
TGTGGTGAGCAGTGACGATG_019,26
TGTGGTGAGCAGTGACGATG_020,117
TGTGGTGAGCAGTGACGATG_021,142
TGTGGTGAGCAGTGACGATG_022,41
TGTGGTGAGCAGTGACGATG_023,105
TGTGGTGAGCAGTGACGATG_024,122
TGTGGTGAGCAGTGACGATG_025,185
TGTGGTGAGCAGTGACGATG_026,140
TGTGGTGAGCAGTGACGATG_027,22
TGTGGTGAGCAGTGACGATG_028,169
TGTGGTGAGCAGTGACGATG_029,147
TGTGGTGAGCAGTGACGATG_030,142
TGTGGTGAGCAGTGACGATG_031,78
TGTGGTGAGCAGTGACGATG_032,40
TGTGGTGAGCAGTGACGATG_033,34
TGTGGTGAGCAGTGACGATG_034,60
TGTGGTGAGCAGTGACGATG_035,34
TGTGGTGAGCAGTGACGATG_036,30
TGTGGTGAGCAGTGACGATG_037,194
TGTGGTGAGCAGTGACGATG_038,27
TGTGGTGAGCAGTGACGATG_039,177
TGTGGTGAGCAGTGACGATG_040,129
TGTGGTGAGCAGTGACGATG_041,198
AGGCGCAGAGGCAAATCACA_001,131
AGGCGCAGAGGCAAATCACA_002,131
AGGCGCAGAGGCAAATCACA_003,94
AGGCGCAGAGGCAAATCACA_004,38
AGGCGCAGAGGCAAATCACA_005,77
AGGCGCAGAGGCAAATCACA_006,90
AGGCGCAGAGGCAAATCACA_007,84
AGGCGCAGAGGCAAATCACA_008,183
AGGCGCAGAGGCAAATCACA_009,117
AGGCGCAGAGGCAAATCACA_010,92
AGGCGCAGAGGCAAATCACA_011,92
AGGCGCAGAGGCAAATCACA_012,11
AGGCGCAGAGGCAAATCACA_013,11
AGGCGCAGAGGCAAATCACA_014,16
AGGCGCAGAGGCAAATCACA_015,63
AGGCGCAGAGGCAAATCACA_016,138
AGGCGCAGAGGCAAATCACA_017,157
AGGCGCAGAGGCAAATCACA_018,111
AGGCGCAGAGGCAAATCACA_019,68
AGGCGCAGAGGCAAATCACA_020,106
AGGCGCAGAGGCAAATCACA_021,198
AGGCGCAGAGGCAAATCACA_022,33
AGGCGCAGAGGCAAATCACA_023,62
AGGCGCAGAGGCAAATCACA_024,27
AGGCGCAGAGGCAAATCACA_025,90
CTAAGGTATTCAGTCATCAT_001,11
CTAAGGTATTCAGTCATCAT_002,60
ATTACCTTAAGTGATGCAAG_001,35
ATTACCTTAAGTGATGCAAG_002,146
ATTACCTTAAGTGATGCAAG_003,142
ATTACCTTAAGTGATGCAAG_004,80
ATTACCTTAAGTGATGCAAG_005,34
ATTACCTTAAGTGATGCAAG_006,175
ATTACCTTAAGTGATGCAAG_007,19
ATTACCTTAAGTGATGCAAG_008,35
ATTACCTTAAGTGATGCAAG_009,34
ATTACCTTAAGTGATGCAAG_010,37
ACATCCGTCCCATTACTACG_001,127
ACATCCGTCCCATTACTACG_002,48
ACATCCGTCCCATTACTACG_003,24
ACATCCGTCCCATTACTACG_004,162
ACATCCGTCCCATTACTACG_005,120
AAGCACGGAAGTACTCATGT_001,101
AAGCACGGAAGTACTCATGT_002,185
AAGTACAGAGCTGCTCGCTC_001,81
AAGTACAGAGCTGCTCGCTC_002,136
AAGTACAGAGCTGCTCGCTC_003,48
AAGTACAGAGCTGCTCGCTC_004,181
AAGTACAGAGCTGCTCGCTC_005,130
AAGTACAGAGCTGCTCGCTC_006,48
AAGTACAGAGCTGCTCGCTC_007,190
AAGTACAGAGCTGCTCGCTC_008,9
AAGTACAGAGCTGCTCGCTC_009,43
AAGTACAGAGCTGCTCGCTC_010,159
AAGTACAGAGCTGCTCGCTC_011,29
AAGTACAGAGCTGCTCGCTC_012,171
AAGTACAGAGCTGCTCGCTC_013,97
AAGTACAGAGCTGCTCGCTC_014,174
AAGTACAGAGCTGCTCGCTC_015,155
AAGTACAGAGCTGCTCGCTC_016,130
AAGTACAGAGCTGCTCGCTC_017,194
AAGTACAGAGCTGCTCGCTC_018,160
CAAACTGGACTTCTTCACTT_001,147
CAAACTGGACTTCTTCACTT_002,148
CAAACTGGACTTCTTCACTT_003,27
CAAACTGGACTTCTTCACTT_004,30
CAAACTGGACTTCTTCACTT_005,94
CAAACTGGACTTCTTCACTT_006,105
CAAACTGGACTTCTTCACTT_007,39
CACTTCGGTGTGGGGCACTT_001,96
CACTTCGGTGTGGGGCACTT_002,169
CACTTCGGTGTGGGGCACTT_003,91
CACTTCGGTGTGGGGCACTT_004,170
CACTTCGGTGTGGGGCACTT_005,40
CACTTCGGTGTGGGGCACTT_006,9
CACTTCGGTGTGGGGCACTT_007,33
CACTTCGGTGTGGGGCACTT_008,61
CACTTCGGTGTGGGGCACTT_009,49
CACTTCGGTGTGGGGCACTT_010,34
CACTTCGGTGTGGGGCACTT_011,16
CACTTCGGTGTGGGGCACTT_012,81
CACTTCGGTGTGGGGCACTT_013,1
CACTTCGGTGTGGGGCACTT_014,148
CACTTCGGTGTGGGGCACTT_015,54
CACTTCGGTGTGGGGCACTT_016,10
CACTTCGGTGTGGGGCACTT_017,53
CACTTCGGTGTGGGGCACTT_018,65
CACTTCGGTGTGGGGCACTT_019,189
CACTTCGGTGTGGGGCACTT_020,136
CACTTCGGTGTGGGGCACTT_021,69
CATATGCATTCAATAATGCG_001,121
CATATGCATTCAATAATGCG_002,188
CGGAAGACACAAGGCACCTG_001,138
CGGAAGACACAAGGCACCTG_002,98
CGGAAGACACAAGGCACCTG_003,170
CGGAAGACACAAGGCACCTG_004,57
CGGAAGACACAAGGCACCTG_005,191
CGGAAGACACAAGGCACCTG_006,105
CGGAAGACACAAGGCACCTG_007,199
CGGAAGACACAAGGCACCTG_008,8
CGGAAGACACAAGGCACCTG_009,181
CGGAAGACACAAGGCACCTG_010,173
CGGAAGACACAAGGCACCTG_011,114
CGGAAGACACAAGGCACCTG_012,1
CGGAAGACACAAGGCACCTG_013,105
CGGAAGACACAAGGCACCTG_014,102
GAACCGAGTGATGAAACTGA_001,140
GAACCGAGTGATGAAACTGA_002,190
GAACCGAGTGATGAAACTGA_003,171
GAACCGAGTGATGAAACTGA_004,41
GAACCGAGTGATGAAACTGA_005,28
GAACCGAGTGATGAAACTGA_006,33
GAACCGAGTGATGAAACTGA_007,138
TTAGTGCTGGAGACATCAAG_001,41
TTAGTGCTGGAGACATCAAG_002,102
TTAGTGCTGGAGACATCAAG_003,127
TTAGTGCTGGAGACATCAAG_004,121
TTAGTGCTGGAGACATCAAG_005,74
TTAGTGCTGGAGACATCAAG_006,84
TTAGTGCTGGAGACATCAAG_007,50
TTAGTGCTGGAGACATCAAG_008,156
TTAGTGCTGGAGACATCAAG_009,168
TTAGTGCTGGAGACATCAAG_010,68
TTAGTGCTGGAGACATCAAG_011,188
TTAGTGCTGGAGACATCAAG_012,194
TTAGTGCTGGAGACATCAAG_013,170
TTAGTGCTGGAGACATCAAG_014,28
TTAGTGCTGGAGACATCAAG_015,33
TTAGTGCTGGAGACATCAAG_016,191
TTAGTGCTGGAGACATCAAG_017,198
TTAGTGCTGGAGACATCAAG_018,169
TTAGTGCTGGAGACATCAAG_019,106
TTAGTGCTGGAGACATCAAG_020,35
TTAGTGCTGGAGACATCAAG_021,187
TACTCACCTTCTGCTCTGTG_001,68
TACTCACCTTCTGCTCTGTG_002,112
TACTCACCTTCTGCTCTGTG_003,93
TACTCACCTTCTGCTCTGTG_004,138
TACTCACCTTCTGCTCTGTG_005,88
TACTCACCTTCTGCTCTGTG_006,141
TACTCACCTTCTGCTCTGTG_007,147
TACTCACCTTCTGCTCTGTG_008,15
TACTCACCTTCTGCTCTGTG_009,21
TACTCACCTTCTGCTCTGTG_010,136
GGAACTACTCCACATCCTCC_001,92
GGAACTACTCCACATCCTCC_002,166
GGAACTACTCCACATCCTCC_003,62
GGAACTACTCCACATCCTCC_004,14
GGAACTACTCCACATCCTCC_005,57
GGAACTACTCCACATCCTCC_006,147
GGAACTACTCCACATCCTCC_007,50
GGAACTACTCCACATCCTCC_008,57
GGAACTACTCCACATCCTCC_009,123
GGAACTACTCCACATCCTCC_010,190
GGAACTACTCCACATCCTCC_011,169
GGAACTACTCCACATCCTCC_012,86
GGAACTACTCCACATCCTCC_013,52
GGAACTACTCCACATCCTCC_014,102
GGAACTACTCCACATCCTCC_015,53
GGAACTACTCCACATCCTCC_016,148
CATTTGAATTAAAACCACTC_001,81
CATTTGAATTAAAACCACTC_002,50
CATTTGAATTAAAACCACTC_003,4
CATTTGAATTAAAACCACTC_004,17
CATTTGAATTAAAACCACTC_005,150
CATTTGAATTAAAACCACTC_006,147
CATTTGAATTAAAACCACTC_007,121
CATTTGAATTAAAACCACTC_008,186
CATTTGAATTAAAACCACTC_009,107
CATTTGAATTAAAACCACTC_010,12
TGCACGATGAGCTTGTAGAT_001,58
TGCACGATGAGCTTGTAGAT_002,113
TGCACGATGAGCTTGTAGAT_003,56
TGCACGATGAGCTTGTAGAT_004,88
TGCACGATGAGCTTGTAGAT_005,183
TGCACGATGAGCTTGTAGAT_006,8
GCGCCACTGACTGCTGCAGT_001,11
GCGCCACTGACTGCTGCAGT_002,192
GCTCCATCAAAAATGAAGCA_001,198
GCTCCATCAAAAATGAAGCA_002,121
GCTCCATCAAAAATGAAGCA_003,121
GCTCCATCAAAAATGAAGCA_004,19
GCTCCATCAAAAATGAAGCA_005,19
GCTCCATCAAAAATGAAGCA_006,127
GCTCCATCAAAAATGAAGCA_007,79
GCTCCATCAAAAATGAAGCA_008,9
GCTCCATCAAAAATGAAGCA_009,83
GCTCCATCAAAAATGAAGCA_010,75
GCTCCATCAAAAATGAAGCA_011,42
GGAAACTGGGTTTCATCGTC_001,65
GGAAACTGGGTTTCATCGTC_002,189
GGAAACTGGGTTTCATCGTC_003,146
GGAAACTGGGTTTCATCGTC_004,33
GGAAACTGGGTTTCATCGTC_005,167
GGAAACTGGGTTTCATCGTC_006,172
GGAAACTGGGTTTCATCGTC_007,157
GGAAACTGGGTTTCATCGTC_008,115
GGAAACTGGGTTTCATCGTC_009,7
GGAAACTGGGTTTCATCGTC_010,8
GGAAACTGGGTTTCATCGTC_011,63
GGAAACTGGGTTTCATCGTC_012,138
GGAAACTGGGTTTCATCGTC_013,191
GGAAACTGGGTTTCATCGTC_014,12
GGAAACTGGGTTTCATCGTC_015,17
GGAAACTGGGTTTCATCGTC_016,50
GGAAACTGGGTTTCATCGTC_017,43
GGAAACTGGGTTTCATCGTC_018,88
GCCCTCCGAAGCCAAGCCCG_001,5
GCCCTCCGAAGCCAAGCCCG_002,49
GCCCTCCGAAGCCAAGCCCG_003,97
GCCCTCCGAAGCCAAGCCCG_004,120
GCCCTCCGAAGCCAAGCCCG_005,88
GCCCTCCGAAGCCAAGCCCG_006,60
GCCCTCCGAAGCCAAGCCCG_007,171
GCCCTCCGAAGCCAAGCCCG_008,184
GCCCTCCGAAGCCAAGCCCG_009,40
GCCCTCCGAAGCCAAGCCCG_010,119
GCCCTCCGAAGCCAAGCCCG_011,6
GATGAGGCCACACGCTACAT_001,153
GATGAGGCCACACGCTACAT_002,16
GATGAGGCCACACGCTACAT_003,76
GATGAGGCCACACGCTACAT_004,112
GATGAGGCCACACGCTACAT_005,142
GATGAGGCCACACGCTACAT_006,197
CTGTCGATCAACTAGGTCCA_001,113
CTGTCGATCAACTAGGTCCA_002,175
CTGTCGATCAACTAGGTCCA_003,142
CTGTCGATCAACTAGGTCCA_004,166
CTGTCGATCAACTAGGTCCA_005,169
CTGTCGATCAACTAGGTCCA_006,56
CTGTCGATCAACTAGGTCCA_007,0
CTGTCGATCAACTAGGTCCA_008,147
CTGTCGATCAACTAGGTCCA_009,111
CTGTCGATCAACTAGGTCCA_010,70
CTGTCGATCAACTAGGTCCA_011,173
CTGTCGATCAACTAGGTCCA_012,148
CTGTCGATCAACTAGGTCCA_013,26
CTGTCGATCAACTAGGTCCA_014,63
CTGTCGATCAACTAGGTCCA_015,78
CTGTCGATCAACTAGGTCCA_016,52
CTGTCGATCAACTAGGTCCA_017,3
CTGTCGATCAACTAGGTCCA_018,19
CTGTCGATCAACTAGGTCCA_019,83
CGTCCCACTCGTCCCACTCG_001,44
CGTCCCACTCGTCCCACTCG_002,158
CTGAATCCTCTGGTACCAAG_001,83
CTGAATCCTCTGGTACCAAG_002,29
AGGAGTCTGCTGTCGTACAA_001,120
AGGAGTCTGCTGTCGTACAA_002,178
AGGAGTCTGCTGTCGTACAA_003,56
AGGAGTCTGCTGTCGTACAA_004,62
AGGAGTCTGCTGTCGTACAA_005,13
AGGAGTCTGCTGTCGTACAA_006,102
AGGAGTCTGCTGTCGTACAA_007,191
AGGAGTCTGCTGTCGTACAA_008,192
AGGAGTCTGCTGTCGTACAA_009,103
AGGAGTCTGCTGTCGTACAA_010,78
AGGAGTCTGCTGTCGTACAA_011,39
AGGAGTCTGCTGTCGTACAA_012,134
AGGAGTCTGCTGTCGTACAA_013,148
AGGAGTCTGCTGTCGTACAA_014,137
AGGAGTCTGCTGTCGTACAA_015,160
AGGAGTCTGCTGTCGTACAA_016,43
AGGAGTCTGCTGTCGTACAA_017,57
AGGAGTCTGCTGTCGTACAA_018,108
GACACTATCCAACCCAAGAG_001,115
GACACTATCCAACCCAAGAG_002,62
GACACTATCCAACCCAAGAG_003,21
GACACTATCCAACCCAAGAG_004,78
GACACTATCCAACCCAAGAG_005,172
GACACTATCCAACCCAAGAG_006,127
GACACTATCCAACCCAAGAG_007,78
GACACTATCCAACCCAAGAG_008,49
GACACTATCCAACCCAAGAG_009,163
GACACTATCCAACCCAAGAG_010,20
GACACTATCCAACCCAAGAG_011,155
GACACTATCCAACCCAAGAG_012,55
GCTGTCCACTCCAGATATGA_001,72
GCTGTCCACTCCAGATATGA_002,26
GCTGTCCACTCCAGATATGA_003,138
GCTGTCCACTCCAGATATGA_004,188
GGTTACCATATTTCATCCAG_001,31
TGATGGAATCCAAATCAAGG_001,152
TGATGGAATCCAAATCAAGG_002,181
TGATGGAATCCAAATCAAGG_003,116
TGATGGAATCCAAATCAAGG_004,31
TGATGGAATCCAAATCAAGG_005,181
TGATGGAATCCAAATCAAGG_006,5
TGATGGAATCCAAATCAAGG_007,1
TGATGGAATCCAAATCAAGG_008,156
TGATGGAATCCAAATCAAGG_009,80
TGATGGAATCCAAATCAAGG_010,63
TGATGGAATCCAAATCAAGG_011,120
TGATGGAATCCAAATCAAGG_012,61
TGATGGAATCCAAATCAAGG_013,169
TGATGGAATCCAAATCAAGG_014,188
TGATGGAATCCAAATCAAGG_015,19
TCAAGTTCACCATCACCGCT_001,121
TCAAGTTCACCATCACCGCT_002,163
TCAAGTTCACCATCACCGCT_003,152
TCAAGTTCACCATCACCGCT_004,148
TCAAGTTCACCATCACCGCT_005,33
TCAAGTTCACCATCACCGCT_006,99
TCAAGTTCACCATCACCGCT_007,144
TCAAGTTCACCATCACCGCT_008,105
TCAAGTTCACCATCACCGCT_009,29
TCAAGTTCACCATCACCGCT_010,98
TCAAGTTCACCATCACCGCT_011,62
TCAAGTTCACCATCACCGCT_012,181
TCAAGTTCACCATCACCGCT_013,77
TCAAGTTCACCATCACCGCT_014,48
TCAAGTTCACCATCACCGCT_015,181
TCAAGTTCACCATCACCGCT_016,77
TCAAGTTCACCATCACCGCT_017,136
TCAAGTTCACCATCACCGCT_018,66
TCAAGTTCACCATCACCGCT_019,142
GCACACGGCTCACCACCTCG_001,102
GCACACGGCTCACCACCTCG_002,178
GCACACGGCTCACCACCTCG_003,178
GCACACGGCTCACCACCTCG_004,122
GCACACGGCTCACCACCTCG_005,170
GCACACGGCTCACCACCTCG_006,19
GCACACGGCTCACCACCTCG_007,62
GCACACGGCTCACCACCTCG_008,103
GCACACGGCTCACCACCTCG_009,12
GCACACGGCTCACCACCTCG_010,191
GCACACGGCTCACCACCTCG_011,125
GCACACGGCTCACCACCTCG_012,12
GCACACGGCTCACCACCTCG_013,147
GCACACGGCTCACCACCTCG_014,177
GTAACGCCCGCGCCGCAGTG_001,78
GTAACGCCCGCGCCGCAGTG_002,198
GTAACGCCCGCGCCGCAGTG_003,35
GTAACGCCCGCGCCGCAGTG_004,128
GTAACGCCCGCGCCGCAGTG_005,55
GTAACGCCCGCGCCGCAGTG_006,190
GTAACGCCCGCGCCGCAGTG_007,48
GTAACGCCCGCGCCGCAGTG_008,63
GTAACGCCCGCGCCGCAGTG_009,1
GTAACGCCCGCGCCGCAGTG_010,88
GTAACGCCCGCGCCGCAGTG_011,8
GTAACGCCCGCGCCGCAGTG_012,145
GTAACGCCCGCGCCGCAGTG_013,158
GTAACGCCCGCGCCGCAGTG_014,183
GTAACGCCCGCGCCGCAGTG_015,42
GTAACGCCCGCGCCGCAGTG_016,189
GTAACGCCCGCGCCGCAGTG_017,146
GTAACGCCCGCGCCGCAGTG_018,94
GTAACGCCCGCGCCGCAGTG_019,125
GTAACGCCCGCGCCGCAGTG_020,125
GTAACGCCCGCGCCGCAGTG_021,26
GTAACGCCCGCGCCGCAGTG_022,150
GTAACGCCCGCGCCGCAGTG_023,115
GTAACGCCCGCGCCGCAGTG_024,174
GTAACGCCCGCGCCGCAGTG_025,50
GTAACGCCCGCGCCGCAGTG_026,38
GTAACGCCCGCGCCGCAGTG_027,102
CTGGTGGTGAAAGCAGCCGT_001,191
CTGGTGGTGAAAGCAGCCGT_002,8
CTGGTGGTGAAAGCAGCCGT_003,192
CTGGTGGTGAAAGCAGCCGT_004,156
CTGGTGGTGAAAGCAGCCGT_005,156
CTGGTGGTGAAAGCAGCCGT_006,123
CTGGTGGTGAAAGCAGCCGT_007,113
TAAGTGCAATGCTGACCACG_001,156
TAAGTGCAATGCTGACCACG_002,107
TAAGTGCAATGCTGACCACG_003,141
TAAGTGCAATGCTGACCACG_004,169
TAAGTGCAATGCTGACCACG_005,6
TAAGTGCAATGCTGACCACG_006,144
TAAGTGCAATGCTGACCACG_007,30
TAAGTGCAATGCTGACCACG_008,22
TAAGTGCAATGCTGACCACG_009,161
TAAGTGCAATGCTGACCACG_010,56
TAAGTGCAATGCTGACCACG_011,94
TAAGTGCAATGCTGACCACG_012,156
TAAGTGCAATGCTGACCACG_013,112
TAAGTGCAATGCTGACCACG_014,60
AACACCAAACAATCTCTTCG_001,16
AACACCAAACAATCTCTTCG_002,60
AACACCAAACAATCTCTTCG_003,50
AACACCAAACAATCTCTTCG_004,83
AACACCAAACAATCTCTTCG_005,34
AACACCAAACAATCTCTTCG_006,9
AACACCAAACAATCTCTTCG_007,100
AACACCAAACAATCTCTTCG_008,188
AACACCAAACAATCTCTTCG_009,57
AACACCAAACAATCTCTTCG_010,31
AACACCAAACAATCTCTTCG_011,35
GAGGCAATGGTATTGCATGT_001,136
CGGCGGCGACAGTTGCTCGC_001,82
CGGCGGCGACAGTTGCTCGC_002,23
CGGCGGCGACAGTTGCTCGC_003,159
CGGCGGCGACAGTTGCTCGC_004,127
CGGCGGCGACAGTTGCTCGC_005,60
CGGCGGCGACAGTTGCTCGC_006,158
CGGCGGCGACAGTTGCTCGC_007,102
CGGCGGCGACAGTTGCTCGC_008,154
CGGCGGCGACAGTTGCTCGC_009,26
CGGCGGCGACAGTTGCTCGC_010,43
CGGCGGCGACAGTTGCTCGC_011,101
CGGCGGCGACAGTTGCTCGC_012,114
CGGCGGCGACAGTTGCTCGC_013,145
TCTGTGACAGGATCTCTGCG_001,199
TCTGTGACAGGATCTCTGCG_002,194
TCTGTGACAGGATCTCTGCG_003,144
TCTGTGACAGGATCTCTGCG_004,153
TCTGTGACAGGATCTCTGCG_005,88
TCTGTGACAGGATCTCTGCG_006,1
TCTGTGACAGGATCTCTGCG_007,174
ACTGGAAACTTTATCCACAA_001,1
ACTGGAAACTTTATCCACAA_002,82
ACTGGAAACTTTATCCACAA_003,191
ACTGGAAACTTTATCCACAA_004,116
ACTGGAAACTTTATCCACAA_005,60
ACTGGAAACTTTATCCACAA_006,170
ACTGGAAACTTTATCCACAA_007,177
ACTGGAAACTTTATCCACAA_008,28
ACTGGAAACTTTATCCACAA_009,75
ACTGGAAACTTTATCCACAA_010,13
CCAGGTGGGATCGGCCTCCG_001,151
CCAGGTGGGATCGGCCTCCG_002,8
CCAGGTGGGATCGGCCTCCG_003,175
CCAGGTGGGATCGGCCTCCG_004,150
CCAGGTGGGATCGGCCTCCG_005,32
CCAGGTGGGATCGGCCTCCG_006,43
CCAGGTGGGATCGGCCTCCG_007,32
CCAGGTGGGATCGGCCTCCG_008,77
CCAGGTGGGATCGGCCTCCG_009,36
CCAGGTGGGATCGGCCTCCG_010,178
CCAGGTGGGATCGGCCTCCG_011,60
CCAGGTGGGATCGGCCTCCG_012,190
CCAGGTGGGATCGGCCTCCG_013,147
CCAGGTGGGATCGGCCTCCG_014,36
CCAGGTGGGATCGGCCTCCG_015,64
CCAGGTGGGATCGGCCTCCG_016,36
CCAGGTGGGATCGGCCTCCG_017,147
CCAGGTGGGATCGGCCTCCG_018,83
CCAGGTGGGATCGGCCTCCG_019,75
CCAGGTGGGATCGGCCTCCG_020,6
CCAGGTGGGATCGGCCTCCG_021,127
CCAGGTGGGATCGGCCTCCG_022,58
CCAGGTGGGATCGGCCTCCG_023,47
CCAGGTGGGATCGGCCTCCG_024,21
CCAGGTGGGATCGGCCTCCG_025,166
CCAGGTGGGATCGGCCTCCG_026,11
CCAGGTGGGATCGGCCTCCG_027,108
CCAGGTGGGATCGGCCTCCG_028,168
CCAGGTGGGATCGGCCTCCG_029,4
CCAGGTGGGATCGGCCTCCG_030,191
CCAGGTGGGATCGGCCTCCG_031,142
CCAGGTGGGATCGGCCTCCG_032,56
CCAGGTGGGATCGGCCTCCG_033,103
CCAGGTGGGATCGGCCTCCG_034,174
CCAGGTGGGATCGGCCTCCG_035,48
CCAGGTGGGATCGGCCTCCG_036,191
GGTTGGCATCGGGGTACGCG_001,186
GGTTGGCATCGGGGTACGCG_002,181
GGTTGGCATCGGGGTACGCG_003,31
GGTTGGCATCGGGGTACGCG_004,192
GGTTGGCATCGGGGTACGCG_005,28
TCCAAATCCACCCACTCGAG_001,183
TCCAAATCCACCCACTCGAG_002,71
TCCAAATCCACCCACTCGAG_003,174
TCCAAATCCACCCACTCGAG_004,175
AGAGTCGTTCCGGTCCCGCG_001,77
AGAGTCGTTCCGGTCCCGCG_002,32
AGAGTCGTTCCGGTCCCGCG_003,137
AGAGTCGTTCCGGTCCCGCG_004,28
AGAGTCGTTCCGGTCCCGCG_005,121
AGAGTCGTTCCGGTCCCGCG_006,30
AGAGTCGTTCCGGTCCCGCG_007,182
AGAGTCGTTCCGGTCCCGCG_008,12
AGAGTCGTTCCGGTCCCGCG_009,26
AGAGTCGTTCCGGTCCCGCG_010,121
AGAGTCGTTCCGGTCCCGCG_011,1
AGAGTCGTTCCGGTCCCGCG_012,186
AGAGTCGTTCCGGTCCCGCG_013,33
AGAGTCGTTCCGGTCCCGCG_014,80
AGAGTCGTTCCGGTCCCGCG_015,121
AGAGTCGTTCCGGTCCCGCG_016,27
AGAGTCGTTCCGGTCCCGCG_017,199
AGAGTCGTTCCGGTCCCGCG_018,191
AGAGTCGTTCCGGTCCCGCG_019,179
AGAGTCGTTCCGGTCCCGCG_020,46
AGAGTCGTTCCGGTCCCGCG_021,142
AGAGTCGTTCCGGTCCCGCG_022,43
AGAGTCGTTCCGGTCCCGCG_023,49
AAGATGCTCAACAATAACAC_001,8
ATACAACATCTAATGTTCTG_001,23
ATCAGCCAGCTCGGCAAACG_001,16
ATCAGCCAGCTCGGCAAACG_002,78
ATCAGCCAGCTCGGCAAACG_003,178
ATCAGCCAGCTCGGCAAACG_004,94
ATCAGCCAGCTCGGCAAACG_005,165
ATCAGCCAGCTCGGCAAACG_006,0
ATCAGCCAGCTCGGCAAACG_007,1
ATCAGCCAGCTCGGCAAACG_008,130
ATCAGCCAGCTCGGCAAACG_009,26
ATCAGCCAGCTCGGCAAACG_010,34
ATCAGCCAGCTCGGCAAACG_011,96
CAAAGGCAACTTCCTGACCG_001,62
CAAAGGCAACTTCCTGACCG_002,50
CAAAGGCAACTTCCTGACCG_003,171
CAAAGGCAACTTCCTGACCG_004,106
CAAAGGCAACTTCCTGACCG_005,103
CAAAGGCAACTTCCTGACCG_006,123
CAAAGGCAACTTCCTGACCG_007,136
CAAAGGCAACTTCCTGACCG_008,162
CAAAGGCAACTTCCTGACCG_009,70
CAAAGGCAACTTCCTGACCG_010,158
CAAAGGCAACTTCCTGACCG_011,147
CAAAGGCAACTTCCTGACCG_012,90
GCCGCACAAGACCCTCCCGG_001,32
GCCGCACAAGACCCTCCCGG_002,12
GCCGCACAAGACCCTCCCGG_003,169
GCCGCACAAGACCCTCCCGG_004,197
GCCGCACAAGACCCTCCCGG_005,37
GCCGCACAAGACCCTCCCGG_006,45
GCCGCACAAGACCCTCCCGG_007,58
GCCGCACAAGACCCTCCCGG_008,127
GCCGCACAAGACCCTCCCGG_009,167
GCCGCACAAGACCCTCCCGG_010,60
GCCGCACAAGACCCTCCCGG_011,172
GCCGCACAAGACCCTCCCGG_012,166
GCCGCACAAGACCCTCCCGG_013,81
GCCGCACAAGACCCTCCCGG_014,126
CCGACAGGGGTGCGTTACAG_001,94
CCGACAGGGGTGCGTTACAG_002,130
CCGACAGGGGTGCGTTACAG_003,137
CCGACAGGGGTGCGTTACAG_004,171
CCGACAGGGGTGCGTTACAG_005,7
CCGACAGGGGTGCGTTACAG_006,139
CCGACAGGGGTGCGTTACAG_007,124
CCGACAGGGGTGCGTTACAG_008,17
CCGACAGGGGTGCGTTACAG_009,19
CCGACAGGGGTGCGTTACAG_010,26
CCGACAGGGGTGCGTTACAG_011,158
CCGACAGGGGTGCGTTACAG_012,150
CCGACAGGGGTGCGTTACAG_013,127
CCGACAGGGGTGCGTTACAG_014,117
CCGACAGGGGTGCGTTACAG_015,176
CCGACAGGGGTGCGTTACAG_016,194
CCGACAGGGGTGCGTTACAG_017,166
CCGACAGGGGTGCGTTACAG_018,88
CCGACAGGGGTGCGTTACAG_019,45
CCGACAGGGGTGCGTTACAG_020,186
CCGACAGGGGTGCGTTACAG_021,46
CCGACAGGGGTGCGTTACAG_022,9
CCGACAGGGGTGCGTTACAG_023,19
CCGACAGGGGTGCGTTACAG_024,29
CCGACAGGGGTGCGTTACAG_025,92
CCGACAGGGGTGCGTTACAG_026,191
CCGACAGGGGTGCGTTACAG_027,69
CCGACAGGGGTGCGTTACAG_028,27
CCGACAGGGGTGCGTTACAG_029,122
CCGACAGGGGTGCGTTACAG_030,53
AAGACAACAATGACGCTCGC_001,7
AAGACAACAATGACGCTCGC_002,99
AAGACAACAATGACGCTCGC_003,53
AAGACAACAATGACGCTCGC_004,29
AAGACAACAATGACGCTCGC_005,17
AAGACAACAATGACGCTCGC_006,81
AAGACAACAATGACGCTCGC_007,46
AAGACAACAATGACGCTCGC_008,96
AAGACAACAATGACGCTCGC_009,52
AAGACAACAATGACGCTCGC_010,174
AAGACAACAATGACGCTCGC_011,177
AAGACAACAATGACGCTCGC_012,176
AAGACAACAATGACGCTCGC_013,192
AAGACAACAATGACGCTCGC_014,68
AAGACAACAATGACGCTCGC_015,80
AAGACAACAATGACGCTCGC_016,142
AAGACAACAATGACGCTCGC_017,9
CGTTCCCAAGCACAGCACCG_001,179
CGTTCCCAAGCACAGCACCG_002,8
CGTTCCCAAGCACAGCACCG_003,60
CGTTCCCAAGCACAGCACCG_004,58
CGTTCCCAAGCACAGCACCG_005,118
CGTTCCCAAGCACAGCACCG_006,184
CGTTCCCAAGCACAGCACCG_007,68
CGTTCCCAAGCACAGCACCG_008,162
CGTTCCCAAGCACAGCACCG_009,129
CGTTCCCAAGCACAGCACCG_010,53
CGTTCCCAAGCACAGCACCG_011,102
CGTTCCCAAGCACAGCACCG_012,150
CGTTCCCAAGCACAGCACCG_013,146
CGTTCCCAAGCACAGCACCG_014,22
CGTTCCCAAGCACAGCACCG_015,172
CGTTCCCAAGCACAGCACCG_016,117
CGTTCCCAAGCACAGCACCG_017,15
CGTTCCCAAGCACAGCACCG_018,176
CGTTCCCAAGCACAGCACCG_019,162
CGTTCCCAAGCACAGCACCG_020,67
CGTTCCCAAGCACAGCACCG_021,28
CGTTCCCAAGCACAGCACCG_022,115
CGTTCCCAAGCACAGCACCG_023,80
CGTTCCCAAGCACAGCACCG_024,188
CGTTCCCAAGCACAGCACCG_025,17
CGTTCCCAAGCACAGCACCG_026,170
CGTTCCCAAGCACAGCACCG_027,148
CGTTCCCAAGCACAGCACCG_028,197
CGTTCCCAAGCACAGCACCG_029,81
CGTTCCCAAGCACAGCACCG_030,188
CGTTCCCAAGCACAGCACCG_031,0
CGTTCCCAAGCACAGCACCG_032,168
CGTTCCCAAGCACAGCACCG_033,60
CGTTCCCAAGCACAGCACCG_034,3
GCTGCTTGCACTGCTGCTGC_001,137
GCTGCTTGCACTGCTGCTGC_002,46
GCTGCTTGCACTGCTGCTGC_003,6
GCTGCTTGCACTGCTGCTGC_004,122
GCTGCTTGCACTGCTGCTGC_005,8
GCTGCTTGCACTGCTGCTGC_006,197
GCTGCTTGCACTGCTGCTGC_007,198
GCTGCTTGCACTGCTGCTGC_008,33
GCTGCTTGCACTGCTGCTGC_009,191
GCTGCTTGCACTGCTGCTGC_010,41
GCTGCTTGCACTGCTGCTGC_011,150
GCTGCTTGCACTGCTGCTGC_012,183
GCTGCTTGCACTGCTGCTGC_013,105
GCTGCTTGCACTGCTGCTGC_014,180
GCTGCTTGCACTGCTGCTGC_015,167
GCTGCTTGCACTGCTGCTGC_016,36
GCTGCTTGCACTGCTGCTGC_017,23
GCTGCTTGCACTGCTGCTGC_018,144
GCTGCTTGCACTGCTGCTGC_019,28
GCTGCTTGCACTGCTGCTGC_020,138
GCTGCTTGCACTGCTGCTGC_021,60
GCTGCTTGCACTGCTGCTGC_022,117
CGTCTGTCCGAAAGTAGAAG_001,130
CGTCTGTCCGAAAGTAGAAG_002,88
CGTCTGTCCGAAAGTAGAAG_003,3
ACGTTGTTGACGGAGATGCG_001,130
ACGTTGTTGACGGAGATGCG_002,183
ACGTTGTTGACGGAGATGCG_003,138
ACGTTGTTGACGGAGATGCG_004,60
ACGTTGTTGACGGAGATGCG_005,124
ACGTTGTTGACGGAGATGCG_006,11
ACGTTGTTGACGGAGATGCG_007,177
ACGTTGTTGACGGAGATGCG_008,70
ACGTTGTTGACGGAGATGCG_009,157
ACGTTGTTGACGGAGATGCG_010,9
ACGTTGTTGACGGAGATGCG_011,30
ACGTTGTTGACGGAGATGCG_012,110
ACGTTGTTGACGGAGATGCG_013,98
ACGTTGTTGACGGAGATGCG_014,8
ACGTTGTTGACGGAGATGCG_015,136
ACGTTGTTGACGGAGATGCG_016,58
ACGTTGTTGACGGAGATGCG_017,41
ACGTTGTTGACGGAGATGCG_018,176
ACGTTGTTGACGGAGATGCG_019,29
ACGTTGTTGACGGAGATGCG_020,101
ACGTTGTTGACGGAGATGCG_021,24
ACGTTGTTGACGGAGATGCG_022,172
ACGTTGTTGACGGAGATGCG_023,84
ACGTTGTTGACGGAGATGCG_024,17
ACGTTGTTGACGGAGATGCG_025,118
ACGTTGTTGACGGAGATGCG_026,3
ACGTTGTTGACGGAGATGCG_027,108
ACGTTGTTGACGGAGATGCG_028,48
ACGTTGTTGACGGAGATGCG_029,168
ACGTTGTTGACGGAGATGCG_030,180
ACGTTGTTGACGGAGATGCG_031,80
ACGTTGTTGACGGAGATGCG_032,78
AATTGGCTTATGGATGTACA_001,52
AATTGGCTTATGGATGTACA_002,191
AATTGGCTTATGGATGTACA_003,172
AATTGGCTTATGGATGTACA_004,127
AATTGGCTTATGGATGTACA_005,148
AATTGGCTTATGGATGTACA_006,117
AATTGGCTTATGGATGTACA_007,150
AATTGGCTTATGGATGTACA_008,127
AATTGGCTTATGGATGTACA_009,90
AATTGGCTTATGGATGTACA_010,66
GTGTCATAACATCGAACCCG_001,50
GTGTCATAACATCGAACCCG_002,57
CTTCGATGGAGAACTCACCA_001,165
CTTCGATGGAGAACTCACCA_002,59
CTTCGATGGAGAACTCACCA_003,78
CTTCGATGGAGAACTCACCA_004,157
CTTCGATGGAGAACTCACCA_005,148
CTTCGATGGAGAACTCACCA_006,38
CTTCGATGGAGAACTCACCA_007,158
CTTCGATGGAGAACTCACCA_008,63
CTTCGATGGAGAACTCACCA_009,134
CTTCGATGGAGAACTCACCA_010,105
CTTCGATGGAGAACTCACCA_011,149
CTTCGATGGAGAACTCACCA_012,0
GCCGAGACCAACGACACCAA_001,179
GCCGAGACCAACGACACCAA_002,17
GCCGAGACCAACGACACCAA_003,29
GCCGAGACCAACGACACCAA_004,36
GCCGAGACCAACGACACCAA_005,115
GCCGAGACCAACGACACCAA_006,1
GCCGAGACCAACGACACCAA_007,56
GCCGAGACCAACGACACCAA_008,78
GCCGAGACCAACGACACCAA_009,150
GCCGAGACCAACGACACCAA_010,158
GCCGAGACCAACGACACCAA_011,49
GCCGAGACCAACGACACCAA_012,76
GCCGAGACCAACGACACCAA_013,67
GCCGAGACCAACGACACCAA_014,2
GCCGAGACCAACGACACCAA_015,91
GCCGAGACCAACGACACCAA_016,8
GCCGAGACCAACGACACCAA_017,50
GCCGAGACCAACGACACCAA_018,36
GCCGAGACCAACGACACCAA_019,1
GCCGAGACCAACGACACCAA_020,58
GCCGAGACCAACGACACCAA_021,67
GCCGAGACCAACGACACCAA_022,75
GCCGAGACCAACGACACCAA_023,72
GCCGAGACCAACGACACCAA_024,72
GCCGAGACCAACGACACCAA_025,174
GCCGAGACCAACGACACCAA_026,105
GCCGAGACCAACGACACCAA_027,147
GCCGAGACCAACGACACCAA_028,190
GCCGAGACCAACGACACCAA_029,82
GCCGAGACCAACGACACCAA_030,106
GCCGAGACCAACGACACCAA_031,175
TCTTTGGAGACAATCCGATG_001,113
TCTTTGGAGACAATCCGATG_002,69
TCTTTGGAGACAATCCGATG_003,10
TCTTTGGAGACAATCCGATG_004,149
TCTTTGGAGACAATCCGATG_005,117
TCTTTGGAGACAATCCGATG_006,121
TCTTTGGAGACAATCCGATG_007,127
TCTTTGGAGACAATCCGATG_008,185
TCTTTGGAGACAATCCGATG_009,187
TCTTTGGAGACAATCCGATG_010,159
CATAGACGATCACAAAACCA_001,30
CATAGACGATCACAAAACCA_002,92
CATAGACGATCACAAAACCA_003,133
CATAGACGATCACAAAACCA_004,173
AGGATTCGTGGCCCCGGCCA_001,144
AGGATTCGTGGCCCCGGCCA_002,101
AGGATTCGTGGCCCCGGCCA_003,62
AGGATTCGTGGCCCCGGCCA_004,40
AGGATTCGTGGCCCCGGCCA_005,92
AGGATTCGTGGCCCCGGCCA_006,115
AGGATTCGTGGCCCCGGCCA_007,134
AGGATTCGTGGCCCCGGCCA_008,66
AGGATTCGTGGCCCCGGCCA_009,158
AGGATTCGTGGCCCCGGCCA_010,86
AGGATTCGTGGCCCCGGCCA_011,119
AGGATTCGTGGCCCCGGCCA_012,43
AGGATTCGTGGCCCCGGCCA_013,30
AGGATTCGTGGCCCCGGCCA_014,52
AGGATTCGTGGCCCCGGCCA_015,8
AGGATTCGTGGCCCCGGCCA_016,75
AGGATTCGTGGCCCCGGCCA_017,78
AGGATTCGTGGCCCCGGCCA_018,190
AGGATTCGTGGCCCCGGCCA_019,147
AGGATTCGTGGCCCCGGCCA_020,71
TGTTGGAAGGAGTTCATATG_001,22
TGTTGGAAGGAGTTCATATG_002,95
TGTTGGAAGGAGTTCATATG_003,117
TGTTGGAAGGAGTTCATATG_004,115
TGTTGGAAGGAGTTCATATG_005,134
AGCCTGCAGAAAGTCACCAT_001,19
AGCCTGCAGAAAGTCACCAT_002,60
AGCCTGCAGAAAGTCACCAT_003,12
AGCCTGCAGAAAGTCACCAT_004,182
AGCCTGCAGAAAGTCACCAT_005,22
AGCCTGCAGAAAGTCACCAT_006,31
AGCCTGCAGAAAGTCACCAT_007,151
AGCCTGCAGAAAGTCACCAT_008,147
AGCCTGCAGAAAGTCACCAT_009,42
AGCCTGCAGAAAGTCACCAT_010,50
CTTGGTGTCTAGGTTTGACG_001,48
CTTGGTGTCTAGGTTTGACG_002,127
CTTGGTGTCTAGGTTTGACG_003,94
CTTGGTGTCTAGGTTTGACG_004,29
CGTGCGTGAAATCGCTAGCT_001,62
CGTGCGTGAAATCGCTAGCT_002,43
CGTGCGTGAAATCGCTAGCT_003,49
CGTGCGTGAAATCGCTAGCT_004,2
CGTGCGTGAAATCGCTAGCT_005,196
CGTGCGTGAAATCGCTAGCT_006,6
CGTGCGTGAAATCGCTAGCT_007,62
CGTGCGTGAAATCGCTAGCT_008,42
CGTGCGTGAAATCGCTAGCT_009,17
CGTGCGTGAAATCGCTAGCT_010,56
CGTGCGTGAAATCGCTAGCT_011,108
CGTGCGTGAAATCGCTAGCT_012,143
CGTGCGTGAAATCGCTAGCT_013,19
CGTGCGTGAAATCGCTAGCT_014,196
CGTGCGTGAAATCGCTAGCT_015,190
ACCATGTCCGAGGACTCCGC_001,141
ACCATGTCCGAGGACTCCGC_002,175
ACCATGTCCGAGGACTCCGC_003,150
ACCATGTCCGAGGACTCCGC_004,25
ACCATGTCCGAGGACTCCGC_005,95
ACCATGTCCGAGGACTCCGC_006,92
ACCATGTCCGAGGACTCCGC_007,106
ACCATGTCCGAGGACTCCGC_008,52
ACCATGTCCGAGGACTCCGC_009,60
ACCATGTCCGAGGACTCCGC_010,168
ACCATGTCCGAGGACTCCGC_011,8
ACCATGTCCGAGGACTCCGC_012,134
TGTACATGTTGCCCATACTG_001,0
TGTACATGTTGCCCATACTG_002,115
TGTACATGTTGCCCATACTG_003,152
AAAATCAGATGAACAATTGA_001,160
AAAATCAGATGAACAATTGA_002,22
AAAATCAGATGAACAATTGA_003,134
AAAATCAGATGAACAATTGA_004,21
TGGGGTCATCGATCTCGCCG_001,95
TGGGGTCATCGATCTCGCCG_002,120
TGGGGTCATCGATCTCGCCG_003,0
TGGGGTCATCGATCTCGCCG_004,34
ATGTATGCAATCATTCACAA_001,48
ATGTATGCAATCATTCACAA_002,115
ATGTATGCAATCATTCACAA_003,147
ATGTATGCAATCATTCACAA_004,192
TGCTCCCTTTAATAGATCCA_001,35
TGCTCCCTTTAATAGATCCA_002,50
TGCTCCCTTTAATAGATCCA_003,105
TGCTCCCTTTAATAGATCCA_004,19
TGCTCCCTTTAATAGATCCA_005,19
TGCTCCCTTTAATAGATCCA_006,48
TGCTCCCTTTAATAGATCCA_007,9
TGCTCCCTTTAATAGATCCA_008,74
TCATGAGAAGGAGCGCACAA_001,172
TCATGAGAAGGAGCGCACAA_002,170
TCATGAGAAGGAGCGCACAA_003,162
TCATGAGAAGGAGCGCACAA_004,178
TCATGAGAAGGAGCGCACAA_005,62
TCATGAGAAGGAGCGCACAA_006,191
TCATGAGAAGGAGCGCACAA_007,105
TCATGAGAAGGAGCGCACAA_008,142
CCAGGATTTGAATCCAGCAG_001,198
CCAGGATTTGAATCCAGCAG_002,73
CCAGGATTTGAATCCAGCAG_003,120
CCAGGATTTGAATCCAGCAG_004,93
CCAGGATTTGAATCCAGCAG_005,44
CCAGGATTTGAATCCAGCAG_006,41
CCAGGATTTGAATCCAGCAG_007,119
CCAGGATTTGAATCCAGCAG_008,103
CCAGGATTTGAATCCAGCAG_009,191
CCAGGATTTGAATCCAGCAG_010,118
TTCACACAGGTTCACCAGAG_001,4
TTCACACAGGTTCACCAGAG_002,98
TTCACACAGGTTCACCAGAG_003,62
TTCACACAGGTTCACCAGAG_004,179
TTCACACAGGTTCACCAGAG_005,179
TTCACACAGGTTCACCAGAG_006,19
TTCACACAGGTTCACCAGAG_007,4
TTCACACAGGTTCACCAGAG_008,11
AGCCCACCGAGAAGTCGGCG_001,49
AGCCCACCGAGAAGTCGGCG_002,72
AGCCCACCGAGAAGTCGGCG_003,72
AGCCCACCGAGAAGTCGGCG_004,15
AGCCCACCGAGAAGTCGGCG_005,138
AGCCCACCGAGAAGTCGGCG_006,137
AGCCCACCGAGAAGTCGGCG_007,150
AGCCCACCGAGAAGTCGGCG_008,48
AGCCCACCGAGAAGTCGGCG_009,124
AGCCCACCGAGAAGTCGGCG_010,34
TCAGGTCTGTCTAAGAAGCG_001,158
TCAGGTCTGTCTAAGAAGCG_002,147
TCAGGTCTGTCTAAGAAGCG_003,32
TCAGGTCTGTCTAAGAAGCG_004,73
TCAGGTCTGTCTAAGAAGCG_005,104
TCAGGTCTGTCTAAGAAGCG_006,65
TCAGGTCTGTCTAAGAAGCG_007,24
TCAGGTCTGTCTAAGAAGCG_008,79
TCAGGTCTGTCTAAGAAGCG_009,1
TCAGGTCTGTCTAAGAAGCG_010,156
TCAGGTCTGTCTAAGAAGCG_011,169
CATATGAAGTGGCATCCACA_001,45
CATATGAAGTGGCATCCACA_002,98
CATATGAAGTGGCATCCACA_003,83
CATATGAAGTGGCATCCACA_004,169
CATATGAAGTGGCATCCACA_005,130
CATATGAAGTGGCATCCACA_006,114
CATATGAAGTGGCATCCACA_007,131
CATATGAAGTGGCATCCACA_008,125
CATATGAAGTGGCATCCACA_009,135
CATATGAAGTGGCATCCACA_010,47
CATATGAAGTGGCATCCACA_011,5
CATATGAAGTGGCATCCACA_012,178
CATATGAAGTGGCATCCACA_013,39
CATATGAAGTGGCATCCACA_014,188
CATCCTAGAATAATCACTGA_001,127
CATCCTAGAATAATCACTGA_002,25
CATCCTAGAATAATCACTGA_003,60
CATCCTAGAATAATCACTGA_004,153
CATCCTAGAATAATCACTGA_005,188
CATCCTAGAATAATCACTGA_006,31
GGAGTGGGTGACAAAAGGGA_001,103
GGAGTGGGTGACAAAAGGGA_002,83
GGAGTGGGTGACAAAAGGGA_003,94
GGAGTGGGTGACAAAAGGGA_004,9
GGAGTGGGTGACAAAAGGGA_005,172
GGAGTGGGTGACAAAAGGGA_006,184
GGAGTGGGTGACAAAAGGGA_007,172
TGCCCCGGGACCAATCACCA_001,133
TGCCCCGGGACCAATCACCA_002,50
TGCCCCGGGACCAATCACCA_003,57
TGCCCCGGGACCAATCACCA_004,93
TGCCCCGGGACCAATCACCA_005,145
TGCCCCGGGACCAATCACCA_006,115
TGCCCCGGGACCAATCACCA_007,36
TGCCCCGGGACCAATCACCA_008,46
TGCCCCGGGACCAATCACCA_009,194
TGCCCCGGGACCAATCACCA_010,113
TGCCCCGGGACCAATCACCA_011,104
TGCCCCGGGACCAATCACCA_012,75
TTACTTAACCGCCCTTCAGT_001,127
TTACTTAACCGCCCTTCAGT_002,101
TTACTTAACCGCCCTTCAGT_003,154
AAGATAGGGAATATACACTG_001,94
AAGATAGGGAATATACACTG_002,191
AAGATAGGGAATATACACTG_003,8
AAGATAGGGAATATACACTG_004,95
AAGATAGGGAATATACACTG_005,81
AAGATAGGGAATATACACTG_006,118
AAGATAGGGAATATACACTG_007,113
ATATCACGTCCATAACGGGG_001,131
ATATCACGTCCATAACGGGG_002,123
ATATCACGTCCATAACGGGG_003,89
ATATCACGTCCATAACGGGG_004,23
ATATCACGTCCATAACGGGG_005,16
ATGGACTGGACTGGTACCGG_001,148
ATGGACTGGACTGGTACCGG_002,115
ATGGACTGGACTGGTACCGG_003,54
ATGGACTGGACTGGTACCGG_004,83
ATGGACTGGACTGGTACCGG_005,88
ATGGACTGGACTGGTACCGG_006,184
ATGGACTGGACTGGTACCGG_007,199
ATGGACTGGACTGGTACCGG_008,84
ATGGACTGGACTGGTACCGG_009,82
ATGGACTGGACTGGTACCGG_010,2
ATGGACTGGACTGGTACCGG_011,77
ATGGACTGGACTGGTACCGG_012,154
ATGGACTGGACTGGTACCGG_013,191
ATGGACTGGACTGGTACCGG_014,107
ATGGACTGGACTGGTACCGG_015,199
ATGGACTGGACTGGTACCGG_016,138
ATGGACTGGACTGGTACCGG_017,180
ATGGACTGGACTGGTACCGG_018,123
ATGGACTGGACTGGTACCGG_019,108
CCAAATACAGCATTTGGCAG_001,135
CCAAATACAGCATTTGGCAG_002,60
CCAAATACAGCATTTGGCAG_003,60
CCAAATACAGCATTTGGCAG_004,148
CCAAATACAGCATTTGGCAG_005,61
GACCGAGGCCATGAACACGG_001,41
GACCGAGGCCATGAACACGG_002,97
GACCGAGGCCATGAACACGG_003,84
GACCGAGGCCATGAACACGG_004,115
GACCGAGGCCATGAACACGG_005,13
GACCGAGGCCATGAACACGG_006,179
GACCGAGGCCATGAACACGG_007,196
GACCGAGGCCATGAACACGG_008,24
GACCGAGGCCATGAACACGG_009,162
GACCGAGGCCATGAACACGG_010,95
GACCGAGGCCATGAACACGG_011,60
GACCGAGGCCATGAACACGG_012,184
GACCGAGGCCATGAACACGG_013,104
ACGGACATCACTTATGCTGA_001,58
ACGGACATCACTTATGCTGA_002,186
ACGGACATCACTTATGCTGA_003,195
ACGGACATCACTTATGCTGA_004,81
ACGGACATCACTTATGCTGA_005,19
CTCAGATATCGGGCCCGCGA_001,48
CTCAGATATCGGGCCCGCGA_002,199
CTGTCCCGCTAGCGTCACGT_001,42
CTGTCCCGCTAGCGTCACGT_002,0
CTGTCCCGCTAGCGTCACGT_003,19
CTGTCCCGCTAGCGTCACGT_004,49
CTGTCCCGCTAGCGTCACGT_005,122
CTGTCCCGCTAGCGTCACGT_006,162
CTGTCCCGCTAGCGTCACGT_007,70
CTGTCCCGCTAGCGTCACGT_008,64
CTGTCCCGCTAGCGTCACGT_009,153
CTGTCCCGCTAGCGTCACGT_010,13
CTGTCCCGCTAGCGTCACGT_011,191
CTGTCCCGCTAGCGTCACGT_012,60
CTGTCCCGCTAGCGTCACGT_013,40
CTGTCCCGCTAGCGTCACGT_014,160
CTGTCCCGCTAGCGTCACGT_015,117
CTGTCCCGCTAGCGTCACGT_016,82
CTGTCCCGCTAGCGTCACGT_017,132
CTGTCCCGCTAGCGTCACGT_018,82
CTGTCCCGCTAGCGTCACGT_019,158
CTGTCCCGCTAGCGTCACGT_020,29
CTGTCCCGCTAGCGTCACGT_021,147
CTGTCCCGCTAGCGTCACGT_022,93
CTGTCCCGCTAGCGTCACGT_023,19
CTGTCCCGCTAGCGTCACGT_024,1
CTGTCCCGCTAGCGTCACGT_025,77
CTGTCCCGCTAGCGTCACGT_026,178
CTGTCCCGCTAGCGTCACGT_027,189
CTGTCCCGCTAGCGTCACGT_028,11
CCATCACCGATCGTGAGCCT_001,36
CCATCACCGATCGTGAGCCT_002,7
CCATCACCGATCGTGAGCCT_003,53
CCATCACCGATCGTGAGCCT_004,184
CCATCACCGATCGTGAGCCT_005,70
CCATCACCGATCGTGAGCCT_006,43
CCATCACCGATCGTGAGCCT_007,2
CCATCACCGATCGTGAGCCT_008,165
CCATCACCGATCGTGAGCCT_009,74
CTTTGAGTCTTAGCAATGTG_001,69
CTTTGAGTCTTAGCAATGTG_002,168
CTTTGAGTCTTAGCAATGTG_003,15
TCTTCAAGAGGAGCGTACGG_001,121
TCTTCAAGAGGAGCGTACGG_002,23
TCTTCAAGAGGAGCGTACGG_003,115
TCTTCAAGAGGAGCGTACGG_004,169
TCTTCAAGAGGAGCGTACGG_005,167
TCTTCAAGAGGAGCGTACGG_006,167
TCTTCAAGAGGAGCGTACGG_007,137
TCTTCAAGAGGAGCGTACGG_008,78
TCTTCAAGAGGAGCGTACGG_009,71
TGAGTGACGAATAGGGACAT_001,36
TGAGTGACGAATAGGGACAT_002,50
TGAGTGACGAATAGGGACAT_003,110
TGAGTGACGAATAGGGACAT_004,141
TGAGTGACGAATAGGGACAT_005,93
TGAGTGACGAATAGGGACAT_006,160
TGAGTGACGAATAGGGACAT_007,191
TGAGTGACGAATAGGGACAT_008,194
TGAGTGACGAATAGGGACAT_009,159
TGAGTGACGAATAGGGACAT_010,11
TGTGAAGGGTCTCTACGAGA_001,116
TGTGAAGGGTCTCTACGAGA_002,25
TGTGAAGGGTCTCTACGAGA_003,132
TGTGAAGGGTCTCTACGAGA_004,76
TGTGAAGGGTCTCTACGAGA_005,124
TGTGAAGGGTCTCTACGAGA_006,160
CCTCGGGCTTCTTAGCATCA_001,116
CCTCGGGCTTCTTAGCATCA_002,50
CCTCGGGCTTCTTAGCATCA_003,17
CCTCGGGCTTCTTAGCATCA_004,38
CCTCGGGCTTCTTAGCATCA_005,19
CCTCGGGCTTCTTAGCATCA_006,97
CCTCGGGCTTCTTAGCATCA_007,47
CCTCGGGCTTCTTAGCATCA_008,78
CCTCGGGCTTCTTAGCATCA_009,63
CCTCGGGCTTCTTAGCATCA_010,78
CCTCGGGCTTCTTAGCATCA_011,52
ATTTGAGCCGCACAGTGATG_001,155
ATTTGAGCCGCACAGTGATG_002,21
ATTTGAGCCGCACAGTGATG_003,21
ATTTGAGCCGCACAGTGATG_004,68
ATTTGAGCCGCACAGTGATG_005,127
ATTTGAGCCGCACAGTGATG_006,7
ATTTGAGCCGCACAGTGATG_007,18
ATTTGAGCCGCACAGTGATG_008,71
ATTTGAGCCGCACAGTGATG_009,121
ACACATCTGCGATATGCATG_001,113
ACACATCTGCGATATGCATG_002,12
ACACATCTGCGATATGCATG_003,43
ACACATCTGCGATATGCATG_004,15
ACACATCTGCGATATGCATG_005,72
ACACATCTGCGATATGCATG_006,182
ACACATCTGCGATATGCATG_007,146
ACACATCTGCGATATGCATG_008,77
ACACATCTGCGATATGCATG_009,61
ACACATCTGCGATATGCATG_010,52
ACACATCTGCGATATGCATG_011,172
ACACATCTGCGATATGCATG_012,83
ACACATCTGCGATATGCATG_013,177
ACACATCTGCGATATGCATG_014,58
ACACATCTGCGATATGCATG_015,4
ACACATCTGCGATATGCATG_016,1
ACACATCTGCGATATGCATG_017,185
ACACATCTGCGATATGCATG_018,183
ACACATCTGCGATATGCATG_019,139
ACACATCTGCGATATGCATG_020,70
ACACATCTGCGATATGCATG_021,75
ACACATCTGCGATATGCATG_022,88
ACACATCTGCGATATGCATG_023,102
ACACATCTGCGATATGCATG_024,148
ACACATCTGCGATATGCATG_025,162
ACACATCTGCGATATGCATG_026,158
ACACATCTGCGATATGCATG_027,183
GAAGCACATGAGAATGACGT_001,117
GAAGCACATGAGAATGACGT_002,190
GAAGCACATGAGAATGACGT_003,96
GAAGCACATGAGAATGACGT_004,150
GCTGTGGTCCTTATACACGC_001,42
GCTGTGGTCCTTATACACGC_002,176
GCTGTGGTCCTTATACACGC_003,41
GCTGTGGTCCTTATACACGC_004,106
GCTGTGGTCCTTATACACGC_005,35
GCTGTGGTCCTTATACACGC_006,80
GCTGTGGTCCTTATACACGC_007,131
GCTGTGGTCCTTATACACGC_008,188
AGCAAGACATCTACAAAAGG_001,120
AGCAAGACATCTACAAAAGG_002,139
AGCAAGACATCTACAAAAGG_003,22
AGCAAGACATCTACAAAAGG_004,11
AGCAAGACATCTACAAAAGG_005,198
AGCAAGACATCTACAAAAGG_006,148
AGCAAGACATCTACAAAAGG_007,6
AGCAAGACATCTACAAAAGG_008,180
AGCAAGACATCTACAAAAGG_009,172
AGCAAGACATCTACAAAAGG_010,119
AGCAAGACATCTACAAAAGG_011,194
AGCAAGACATCTACAAAAGG_012,90
CGAGGAGCAGGAGTTCGCCG_001,27
CGAGGAGCAGGAGTTCGCCG_002,166
CGAGGAGCAGGAGTTCGCCG_003,60
CGAGGAGCAGGAGTTCGCCG_004,185
CGAGGAGCAGGAGTTCGCCG_005,70
CGAGGAGCAGGAGTTCGCCG_006,7
CGAGGAGCAGGAGTTCGCCG_007,169
CGAGGAGCAGGAGTTCGCCG_008,124
CGAGGAGCAGGAGTTCGCCG_009,148
TCATCGTGTGGAGCGCATCA_001,104
TCATCGTGTGGAGCGCATCA_002,170
TCATCGTGTGGAGCGCATCA_003,156
TCATCGTGTGGAGCGCATCA_004,28
TCATCGTGTGGAGCGCATCA_005,32
TCATCGTGTGGAGCGCATCA_006,137
TCATCGTGTGGAGCGCATCA_007,71
TTTGGATTGTCAAAAATGGA_001,58
TTTGGATTGTCAAAAATGGA_002,8
TTTGGATTGTCAAAAATGGA_003,128
TTTGGATTGTCAAAAATGGA_004,127
GTTGTAAAATCAAAGCGCTG_001,124
GTTGTAAAATCAAAGCGCTG_002,98
GTTGTAAAATCAAAGCGCTG_003,154
GTTGTAAAATCAAAGCGCTG_004,93
GTTGTAAAATCAAAGCGCTG_005,58
GTTGTAAAATCAAAGCGCTG_006,43
GTTGTAAAATCAAAGCGCTG_007,49
GTTGTAAAATCAAAGCGCTG_008,169
GTTGTAAAATCAAAGCGCTG_009,42
GATTGTCTTCAGCACGTGAG_001,158
GATTGTCTTCAGCACGTGAG_002,77
GATTGTCTTCAGCACGTGAG_003,70
GATTGTCTTCAGCACGTGAG_004,161
GATTGTCTTCAGCACGTGAG_005,49
GATTGTCTTCAGCACGTGAG_006,166
GATTGTCTTCAGCACGTGAG_007,81
GATTGTCTTCAGCACGTGAG_008,125
GATTGTCTTCAGCACGTGAG_009,60
GATTGTCTTCAGCACGTGAG_010,53
GATTGTCTTCAGCACGTGAG_011,149
GATTGTCTTCAGCACGTGAG_012,76
GATTGTCTTCAGCACGTGAG_013,61
ACTGGCGTGGCATCGTTGAT_001,0
ACTGGCGTGGCATCGTTGAT_002,48
ACTGGCGTGGCATCGTTGAT_003,158
ACTGGCGTGGCATCGTTGAT_004,123
ACTGGCGTGGCATCGTTGAT_005,190
ACTGGCGTGGCATCGTTGAT_006,2
ACTGGCGTGGCATCGTTGAT_007,45
ACTGGCGTGGCATCGTTGAT_008,184
ACTGGCGTGGCATCGTTGAT_009,127
ACTGGCGTGGCATCGTTGAT_010,69
ACTGGCGTGGCATCGTTGAT_011,159
ACTGGCGTGGCATCGTTGAT_012,3
ACTGGCGTGGCATCGTTGAT_013,15
GTCATGAGCTTCGTTAACAT_001,58
GTCATGAGCTTCGTTAACAT_002,48
GTCATGAGCTTCGTTAACAT_003,91
GTCATGAGCTTCGTTAACAT_004,75
GTCATGAGCTTCGTTAACAT_005,62
ATGCTGAAATTACGCCCAGG_001,159
ATGCTGAAATTACGCCCAGG_002,6
ATGCTGAAATTACGCCCAGG_003,77
ATGCTGAAATTACGCCCAGG_004,43
ATGCTGAAATTACGCCCAGG_005,58
ATGCTGAAATTACGCCCAGG_006,141
ATGCTGAAATTACGCCCAGG_007,168
ATGCTGAAATTACGCCCAGG_008,127
ATGCTGAAATTACGCCCAGG_009,50
GACTCACTCCAGTCGCAGAG_001,46
GACTCACTCCAGTCGCAGAG_002,110
GACTCACTCCAGTCGCAGAG_003,130
GACTCACTCCAGTCGCAGAG_004,175
GACTCACTCCAGTCGCAGAG_005,49
GACTCACTCCAGTCGCAGAG_006,166
GCTGAATAGGTGCATTCGCT_001,148
GCTGAATAGGTGCATTCGCT_002,105
GCTGAATAGGTGCATTCGCT_003,147
GCTGAATAGGTGCATTCGCT_004,147
GCTGAATAGGTGCATTCGCT_005,27
GCTGAATAGGTGCATTCGCT_006,168
GCTGAATAGGTGCATTCGCT_007,104
GCTGAATAGGTGCATTCGCT_008,89
GCTGAATAGGTGCATTCGCT_009,13
TGGACAATGTACACACTGAG_001,88
TGGACAATGTACACACTGAG_002,29
TGGACAATGTACACACTGAG_003,9
TGGACAATGTACACACTGAG_004,77
TGGACAATGTACACACTGAG_005,19
TGGACAATGTACACACTGAG_006,106
TGGACAATGTACACACTGAG_007,188
TGGACAATGTACACACTGAG_008,20
TGGACAATGTACACACTGAG_009,17
TGGACAATGTACACACTGAG_010,162
TGGACAATGTACACACTGAG_011,16
TGGACAATGTACACACTGAG_012,78
TGGACAATGTACACACTGAG_013,72
TGGACAATGTACACACTGAG_014,165
GTGAAGTCAGCAAGACTCAG_001,48
GTGAAGTCAGCAAGACTCAG_002,144
GTGAAGTCAGCAAGACTCAG_003,4
GTGAAGTCAGCAAGACTCAG_004,116
GTGAAGTCAGCAAGACTCAG_005,88
GTGAAGTCAGCAAGACTCAG_006,39
TATTACTGCACATCATGCTG_001,136
CACAGCCCACACGGGCTACG_001,55
CACAGCCCACACGGGCTACG_002,193
CACAGCCCACACGGGCTACG_003,160
CACAGCCCACACGGGCTACG_004,8
CACAGCCCACACGGGCTACG_005,64
CACAGCCCACACGGGCTACG_006,121
CACAGCCCACACGGGCTACG_007,21
CACAGCCCACACGGGCTACG_008,92
CACAGCCCACACGGGCTACG_009,116
CACAGCCCACACGGGCTACG_010,144
CACAGCCCACACGGGCTACG_011,174
CACAGCCCACACGGGCTACG_012,57
CACAGCCCACACGGGCTACG_013,115
CACAGCCCACACGGGCTACG_014,16
CACAGCCCACACGGGCTACG_015,139
CACAGCCCACACGGGCTACG_016,8
CACAGCCCACACGGGCTACG_017,182
CACAGCCCACACGGGCTACG_018,48
CACAGCCCACACGGGCTACG_019,39
CACAGCCCACACGGGCTACG_020,124
CACAGCCCACACGGGCTACG_021,35
CACAGCCCACACGGGCTACG_022,5
CACAGCCCACACGGGCTACG_023,157
CACAGCCCACACGGGCTACG_024,70
CACAGCCCACACGGGCTACG_025,27
CACAGCCCACACGGGCTACG_026,66
CACAGCCCACACGGGCTACG_027,142
CACAGCCCACACGGGCTACG_028,0
TGCACCACGCTACCATGAAG_001,118
TGCACCACGCTACCATGAAG_002,5
TGCACCACGCTACCATGAAG_003,155
TGCACCACGCTACCATGAAG_004,139
TGCACCACGCTACCATGAAG_005,113
TGCACCACGCTACCATGAAG_006,166
TGCACCACGCTACCATGAAG_007,140
TGCACCACGCTACCATGAAG_008,2
TGCACCACGCTACCATGAAG_009,9
TGCACCACGCTACCATGAAG_010,197
TGCACCACGCTACCATGAAG_011,146
TGCACCACGCTACCATGAAG_012,59
TGCACCACGCTACCATGAAG_013,118
TGCACCACGCTACCATGAAG_014,40
CCAACATAAAGCAAGAGTCT_001,81
CCAACATAAAGCAAGAGTCT_002,197
CCAACATAAAGCAAGAGTCT_003,68
TGATCAGCACTGGAACGGCC_001,2
TGATCAGCACTGGAACGGCC_002,191
TGATCAGCACTGGAACGGCC_003,11
TGATCAGCACTGGAACGGCC_004,21
TGATCAGCACTGGAACGGCC_005,184
TGATCAGCACTGGAACGGCC_006,41
TGATCAGCACTGGAACGGCC_007,61
TGATCAGCACTGGAACGGCC_008,148
ATCAAGAACTATCCGAACAA_001,101
ATCAAGAACTATCCGAACAA_002,171
ATCAAGAACTATCCGAACAA_003,34
ATCAAGAACTATCCGAACAA_004,146
ATCAAGAACTATCCGAACAA_005,15
ATCAAGAACTATCCGAACAA_006,184
ATCAAGAACTATCCGAACAA_007,149
ATCAAGAACTATCCGAACAA_008,49
ATTTGTGATACCCCTCGACG_001,150
ATTTGTGATACCCCTCGACG_002,12
ATTTGTGATACCCCTCGACG_003,107
ATTTGTGATACCCCTCGACG_004,176
ATTTGTGATACCCCTCGACG_005,49
ATTTGTGATACCCCTCGACG_006,62
CCAAACCAGATGAAAGACCC_001,19
GTAGCTGCGACCACGCCCAT_001,89
GTAGCTGCGACCACGCCCAT_002,6
GTAGCTGCGACCACGCCCAT_003,158
GTAGCTGCGACCACGCCCAT_004,159
TTCCCGATATTCGGGCAGCG_001,182
TTCCCGATATTCGGGCAGCG_002,65
TTCCCGATATTCGGGCAGCG_003,49
TTCCCGATATTCGGGCAGCG_004,111
TTCCCGATATTCGGGCAGCG_005,131
TTCCCGATATTCGGGCAGCG_006,99
TTCCCGATATTCGGGCAGCG_007,76
TTCCCGATATTCGGGCAGCG_008,184
AGATAAGAGCAATCAGACCA_001,144
AGATAAGAGCAATCAGACCA_002,12
AGATAAGAGCAATCAGACCA_003,145
AGATAAGAGCAATCAGACCA_004,115
AGATAAGAGCAATCAGACCA_005,159
AGATAAGAGCAATCAGACCA_006,97
AGATAAGAGCAATCAGACCA_007,116
AGATAAGAGCAATCAGACCA_008,88
AGATAAGAGCAATCAGACCA_009,34
AGATAAGAGCAATCAGACCA_010,73
AGATAAGAGCAATCAGACCA_011,147
AGATAAGAGCAATCAGACCA_012,162
AGATAAGAGCAATCAGACCA_013,31
AGATAAGAGCAATCAGACCA_014,49
AGATAAGAGCAATCAGACCA_015,49
TACCTAAAGTGGAACGACAG_001,105
TACCTAAAGTGGAACGACAG_002,114
TACCTAAAGTGGAACGACAG_003,43
TACCTAAAGTGGAACGACAG_004,107
TACCTAAAGTGGAACGACAG_005,178
GGGAGGGACAGATCAACGGC_001,171
GGGAGGGACAGATCAACGGC_002,27
GGGAGGGACAGATCAACGGC_003,130
GGGAGGGACAGATCAACGGC_004,15
GGGAGGGACAGATCAACGGC_005,112
GGGAGGGACAGATCAACGGC_006,41
GGGAGGGACAGATCAACGGC_007,176
GGGAGGGACAGATCAACGGC_008,141
GGGAGGGACAGATCAACGGC_009,50
GGGAGGGACAGATCAACGGC_010,137
GGGAGGGACAGATCAACGGC_011,130
GGGAGGGACAGATCAACGGC_012,181
GGGAGGGACAGATCAACGGC_013,67
GGGAGGGACAGATCAACGGC_014,96
GGGAGGGACAGATCAACGGC_015,43
GGGAGGGACAGATCAACGGC_016,35
GGGAGGGACAGATCAACGGC_017,147
GGGAGGGACAGATCAACGGC_018,178
GGGAGGGACAGATCAACGGC_019,108
ATACATGTGACCATAGAGTG_001,68
ATACATGTGACCATAGAGTG_002,108
ATACATGTGACCATAGAGTG_003,39
ATACATGTGACCATAGAGTG_004,141
ATACATGTGACCATAGAGTG_005,137
ATACATGTGACCATAGAGTG_006,26
ATACATGTGACCATAGAGTG_007,12
ATACATGTGACCATAGAGTG_008,71
ATACATGTGACCATAGAGTG_009,50
AAACGGTACGACAGCGTGTG_001,126
AAACGGTACGACAGCGTGTG_002,55
AAACGGTACGACAGCGTGTG_003,138
AAACGGTACGACAGCGTGTG_004,29
AAACGGTACGACAGCGTGTG_005,32
AAACGGTACGACAGCGTGTG_006,154
AAACGGTACGACAGCGTGTG_007,169
AAACGGTACGACAGCGTGTG_008,69
AAACGGTACGACAGCGTGTG_009,77
AAACGGTACGACAGCGTGTG_010,139
AAACGGTACGACAGCGTGTG_011,177
AAACGGTACGACAGCGTGTG_012,120
AAACGGTACGACAGCGTGTG_013,42
AAACGGTACGACAGCGTGTG_014,78
AAACGGTACGACAGCGTGTG_015,77
AAACGGTACGACAGCGTGTG_016,17
AAACGGTACGACAGCGTGTG_017,188
AAACGGTACGACAGCGTGTG_018,78
AAACGGTACGACAGCGTGTG_019,96
AAACGGTACGACAGCGTGTG_020,178
AAACGGTACGACAGCGTGTG_021,162
AAACGGTACGACAGCGTGTG_022,45
AAACGGTACGACAGCGTGTG_023,152
AAACGGTACGACAGCGTGTG_024,176
AAACGGTACGACAGCGTGTG_025,96
AAACGGTACGACAGCGTGTG_026,107
AAACGGTACGACAGCGTGTG_027,198
AAACGGTACGACAGCGTGTG_028,116
AAACGGTACGACAGCGTGTG_029,39
AAACGGTACGACAGCGTGTG_030,161
AAACGGTACGACAGCGTGTG_031,59
AAACGGTACGACAGCGTGTG_032,19
AAACGGTACGACAGCGTGTG_033,182
AAACGGTACGACAGCGTGTG_034,103
AAACGGTACGACAGCGTGTG_035,169
AAACGGTACGACAGCGTGTG_036,193
AAACGGTACGACAGCGTGTG_037,103
AAACGGTACGACAGCGTGTG_038,88
AAACGGTACGACAGCGTGTG_039,55
AAACGGTACGACAGCGTGTG_040,88
AAACGGTACGACAGCGTGTG_041,52
AAACGGTACGACAGCGTGTG_042,152
AAACGGTACGACAGCGTGTG_043,29
AAACGGTACGACAGCGTGTG_044,81
AAACGGTACGACAGCGTGTG_045,102
AAACGGTACGACAGCGTGTG_046,70
AAACGGTACGACAGCGTGTG_047,49
AAACGGTACGACAGCGTGTG_048,150
AAACGGTACGACAGCGTGTG_049,69
AAACGGTACGACAGCGTGTG_050,83
CCACACCATGGTTACGACAG_001,147
CCACACCATGGTTACGACAG_002,6
CCACACCATGGTTACGACAG_003,108
CCACACCATGGTTACGACAG_004,160
CCACACCATGGTTACGACAG_005,188
CCACACCATGGTTACGACAG_006,95
CCACACCATGGTTACGACAG_007,60
CCACACCATGGTTACGACAG_008,42
CCACACCATGGTTACGACAG_009,42
CCACACCATGGTTACGACAG_010,71
CCACACCATGGTTACGACAG_011,82
CCACACCATGGTTACGACAG_012,139
CCACACCATGGTTACGACAG_013,56
CCACACCATGGTTACGACAG_014,8
CCACACCATGGTTACGACAG_015,121
CCACACCATGGTTACGACAG_016,70
CCACACCATGGTTACGACAG_017,43
CCACACCATGGTTACGACAG_018,194
CCACACCATGGTTACGACAG_019,192
CCACACCATGGTTACGACAG_020,195
CCACACCATGGTTACGACAG_021,82
CCACACCATGGTTACGACAG_022,130
CCACACCATGGTTACGACAG_023,180
CGGACCCTCGACGCTGCATG_001,171
CGGACCCTCGACGCTGCATG_002,198
CGGACCCTCGACGCTGCATG_003,127
CGGACCCTCGACGCTGCATG_004,157
CGGACCCTCGACGCTGCATG_005,15
CGGACCCTCGACGCTGCATG_006,162
CGGACCCTCGACGCTGCATG_007,28
GGGGTCATCAAAGACTACAC_001,130
GGGGTCATCAAAGACTACAC_002,48
GGGGTCATCAAAGACTACAC_003,129
GGGGTCATCAAAGACTACAC_004,191
GTTGAGACCCTACCAAAGAG_001,58
GTTGAGACCCTACCAAAGAG_002,162
GTTGAGACCCTACCAAAGAG_003,65
GTTGAGACCCTACCAAAGAG_004,50
GTTGAGACCCTACCAAAGAG_005,44
TGGCCATGTCCATTTGCATG_001,61
TGGCCATGTCCATTTGCATG_002,146
TGGCCATGTCCATTTGCATG_003,2
TGGCCATGTCCATTTGCATG_004,168
ACTCCCTAAATATTATTCAT_001,11
TCTTACATGAGGAAGAAGGC_001,11
TCTTACATGAGGAAGAAGGC_002,60
TCTTACATGAGGAAGAAGGC_003,93
TCTTACATGAGGAAGAAGGC_004,144
TCTTACATGAGGAAGAAGGC_005,66
AGGCACCCGGTACTCTGTGA_001,72
AGGCACCCGGTACTCTGTGA_002,91
AGGCACCCGGTACTCTGTGA_003,188
AGGCACCCGGTACTCTGTGA_004,89
ACATGATGGAAATTATGGCA_001,77
ACATGATGGAAATTATGGCA_002,108
ACATGATGGAAATTATGGCA_003,162
GAGTCTGTGATTTATGGACC_001,174
GAGTCTGTGATTTATGGACC_002,41
GAGTCTGTGATTTATGGACC_003,147
GAGTCTGTGATTTATGGACC_004,102
GAGTCTGTGATTTATGGACC_005,41
GAGTCTGTGATTTATGGACC_006,146
GAGTCTGTGATTTATGGACC_007,169
GAGTCTGTGATTTATGGACC_008,191
TTTGTTATTGCAGAATGTGA_001,88
TTTGTTATTGCAGAATGTGA_002,65
TTTGTTATTGCAGAATGTGA_003,144
CAGAAACTTGGGTATACTGA_001,132
AGTGACCTACGATTGTATGG_001,41
CAAATGCATCAAGAAAGGTG_001,10
CAAATGCATCAAGAAAGGTG_002,166
CAAATGCATCAAGAAAGGTG_003,127
CAAATGCATCAAGAAAGGTG_004,129
CAACCTGTGAAAAGCTGAGC_001,38
CAACCTGTGAAAAGCTGAGC_002,28
CAACCTGTGAAAAGCTGAGC_003,12
CGTCCGCAACAACAGCCCGC_001,48
CGTCCGCAACAACAGCCCGC_002,62
CGTCCGCAACAACAGCCCGC_003,69
CGTCCGCAACAACAGCCCGC_004,2
CGTCCGCAACAACAGCCCGC_005,76
CGTCCGCAACAACAGCCCGC_006,105
CGTCCGCAACAACAGCCCGC_007,26
CGTCCGCAACAACAGCCCGC_008,19
CGTCCGCAACAACAGCCCGC_009,55
CGTCCGCAACAACAGCCCGC_010,112
CGTCCGCAACAACAGCCCGC_011,34
CGTCCGCAACAACAGCCCGC_012,104
CGTCCGCAACAACAGCCCGC_013,2
CGTCCGCAACAACAGCCCGC_014,116
CCGTGGCCATAGAACCCAGG_001,169
CCGTGGCCATAGAACCCAGG_002,72
CCGTGGCCATAGAACCCAGG_003,141
CCGTGGCCATAGAACCCAGG_004,58
CCGTGGCCATAGAACCCAGG_005,166
CCGTGGCCATAGAACCCAGG_006,180
CCGTGGCCATAGAACCCAGG_007,90
CCGTGGCCATAGAACCCAGG_008,29
CCTGGCTGGACAAAGGCGTA_001,184
CCTGGCTGGACAAAGGCGTA_002,107
CCTGGCTGGACAAAGGCGTA_003,197
CCTGGCTGGACAAAGGCGTA_004,194
CCTGGCTGGACAAAGGCGTA_005,49
CCTGGCTGGACAAAGGCGTA_006,73
CCTGGCTGGACAAAGGCGTA_007,126
CCTGGCTGGACAAAGGCGTA_008,149
CCTGGCTGGACAAAGGCGTA_009,180
CCTGGCTGGACAAAGGCGTA_010,113
CCTGGCTGGACAAAGGCGTA_011,150
CCTGGCTGGACAAAGGCGTA_012,48
CCTGGCTGGACAAAGGCGTA_013,170
CCTGGCTGGACAAAGGCGTA_014,187
CCTGGCTGGACAAAGGCGTA_015,81
CCTGGCTGGACAAAGGCGTA_016,6
CCTGGCTGGACAAAGGCGTA_017,36
CCTGGCTGGACAAAGGCGTA_018,124
GGCGAGCGGAAGGTGCCCCG_001,61
GGCGAGCGGAAGGTGCCCCG_002,8
GGCGAGCGGAAGGTGCCCCG_003,80
GGCGAGCGGAAGGTGCCCCG_004,136
GGCGAGCGGAAGGTGCCCCG_005,172
GGCGAGCGGAAGGTGCCCCG_006,171
GGCGAGCGGAAGGTGCCCCG_007,105
GGCGAGCGGAAGGTGCCCCG_008,186
GGCGAGCGGAAGGTGCCCCG_009,168
GGCGAGCGGAAGGTGCCCCG_010,48
GGCGAGCGGAAGGTGCCCCG_011,58
GGCGAGCGGAAGGTGCCCCG_012,78
GGCGAGCGGAAGGTGCCCCG_013,56
GGCGAGCGGAAGGTGCCCCG_014,154
GGCGAGCGGAAGGTGCCCCG_015,186
GGCGAGCGGAAGGTGCCCCG_016,32
GGCGAGCGGAAGGTGCCCCG_017,84
GGCGAGCGGAAGGTGCCCCG_018,107
GGCGAGCGGAAGGTGCCCCG_019,184
CTGTCCCAATCCAAACGACA_001,137
CTGTCCCAATCCAAACGACA_002,154
CTGTCCCAATCCAAACGACA_003,61
CTGTCCCAATCCAAACGACA_004,105
CTGTCCCAATCCAAACGACA_005,51
CTGTCCCAATCCAAACGACA_006,194
CTGTCCCAATCCAAACGACA_007,130
CTGTCCCAATCCAAACGACA_008,50
CTGTCCCAATCCAAACGACA_009,44
CTGTCCCAATCCAAACGACA_010,103
CTGTCCCAATCCAAACGACA_011,167
CTGTCCCAATCCAAACGACA_012,167
CTGTCCCAATCCAAACGACA_013,31
CTGTCCCAATCCAAACGACA_014,182
CTGTCCCAATCCAAACGACA_015,6
CCCATCAGCAAAAGGTGTTG_001,34
CCCATCAGCAAAAGGTGTTG_002,88
CCCATCAGCAAAAGGTGTTG_003,1
CCCATCAGCAAAAGGTGTTG_004,15
CCCATCAGCAAAAGGTGTTG_005,17
AGAAGAAAGTGAAACCACCC_001,17
AGAAGAAAGTGAAACCACCC_002,28
AGAAGAAAGTGAAACCACCC_003,15
AGAAGAAAGTGAAACCACCC_004,170
AGAAGAAAGTGAAACCACCC_005,6
AGAAGAAAGTGAAACCACCC_006,160
AAGGGTCACACAGAACCAAA_001,141
AAGGGTCACACAGAACCAAA_002,178
AAGGGTCACACAGAACCAAA_003,6
AAGGGTCACACAGAACCAAA_004,172
AAGGGTCACACAGAACCAAA_005,105
AAGGGTCACACAGAACCAAA_006,60
AAGGGTCACACAGAACCAAA_007,60
AAGGGTCACACAGAACCAAA_008,130
AAGGGTCACACAGAACCAAA_009,20
AAGGGTCACACAGAACCAAA_010,76
AAGGGTCACACAGAACCAAA_011,160
AAGGGTCACACAGAACCAAA_012,153
AAGGGTCACACAGAACCAAA_013,7
GTAGAAGTACAAACCTCATA_001,116
GTAGAAGTACAAACCTCATA_002,176
GTAGAAGTACAAACCTCATA_003,94
GTAGAAGTACAAACCTCATA_004,137
GTAGAAGTACAAACCTCATA_005,32
AAAGTATGGGCCTAATCCGA_001,184
AAAGTATGGGCCTAATCCGA_002,94
AAAGTATGGGCCTAATCCGA_003,149
AAAGTATGGGCCTAATCCGA_004,156
AAAGTATGGGCCTAATCCGA_005,21
CGGTCCAGGGACAACAGCCT_001,69
CGGTCCAGGGACAACAGCCT_002,106
CGGTCCAGGGACAACAGCCT_003,119
CGGTCCAGGGACAACAGCCT_004,151
CGGTCCAGGGACAACAGCCT_005,160
CGGTCCAGGGACAACAGCCT_006,135
CGGTCCAGGGACAACAGCCT_007,35
CGGTCCAGGGACAACAGCCT_008,80
CGGTCCAGGGACAACAGCCT_009,107
CGGTCCAGGGACAACAGCCT_010,185
CGGTCCAGGGACAACAGCCT_011,88
CGGTCCAGGGACAACAGCCT_012,1
CGGTCCAGGGACAACAGCCT_013,50
CGGTCCAGGGACAACAGCCT_014,3
CGGTCCAGGGACAACAGCCT_015,129
AATCAACCCAGATTTGGTCA_001,155
AATCAACCCAGATTTGGTCA_002,103
AATCAACCCAGATTTGGTCA_003,118
AATCAACCCAGATTTGGTCA_004,156
AGAGGCGAGCATTGTAATTG_001,161
AGAGGCGAGCATTGTAATTG_002,28
AGAGGCGAGCATTGTAATTG_003,6
CTGCAGACGCTGTTCCGGCG_001,145
CTGCAGACGCTGTTCCGGCG_002,91
CTGCAGACGCTGTTCCGGCG_003,5
CTGCAGACGCTGTTCCGGCG_004,104
CTGCAGACGCTGTTCCGGCG_005,103
CTGCAGACGCTGTTCCGGCG_006,141
CTGCAGACGCTGTTCCGGCG_007,62
ATTAATCTTATAAAGCTCGA_001,119
ATTAATCTTATAAAGCTCGA_002,130
GAGCCCCAATGACTGGACAC_001,135
GAGCCCCAATGACTGGACAC_002,78
GAGCCCCAATGACTGGACAC_003,197
GAGCCCCAATGACTGGACAC_004,86
GAGCCCCAATGACTGGACAC_005,62
GAGCCCCAATGACTGGACAC_006,138
GATACTAGTAGTAACTTAGG_001,1
GATACTAGTAGTAACTTAGG_002,1
GGTGCAAAGGCCAACTACCG_001,185
GGTGCAAAGGCCAACTACCG_002,78
GGTGCAAAGGCCAACTACCG_003,63
GGTGCAAAGGCCAACTACCG_004,196
GGTGCAAAGGCCAACTACCG_005,196
GGTGCAAAGGCCAACTACCG_006,169
GGTGCAAAGGCCAACTACCG_007,96
GGTGCAAAGGCCAACTACCG_008,70
GGTGCAAAGGCCAACTACCG_009,127
GGTGCAAAGGCCAACTACCG_010,7
GGTGCAAAGGCCAACTACCG_011,93
GGTGCAAAGGCCAACTACCG_012,52
GGTGCAAAGGCCAACTACCG_013,65
GGTGCAAAGGCCAACTACCG_014,65
GGTGCAAAGGCCAACTACCG_015,187
GGTGCAAAGGCCAACTACCG_016,103
GGTGCAAAGGCCAACTACCG_017,193
GGTGCAAAGGCCAACTACCG_018,154
GGTGCAAAGGCCAACTACCG_019,114
GGTGCAAAGGCCAACTACCG_020,68
GGTGCAAAGGCCAACTACCG_021,104
GGTGCAAAGGCCAACTACCG_022,174
GGTGCAAAGGCCAACTACCG_023,115
GGTGCAAAGGCCAACTACCG_024,112
GGTGCAAAGGCCAACTACCG_025,176
GGTGCAAAGGCCAACTACCG_026,77
GGTGCAAAGGCCAACTACCG_027,46
GGTGCAAAGGCCAACTACCG_028,64
GGTGCAAAGGCCAACTACCG_029,56
GGTGCAAAGGCCAACTACCG_030,165
GGTGCAAAGGCCAACTACCG_031,84
GTACGAAATGCTGTGCCGTG_001,194
GTACGAAATGCTGTGCCGTG_002,70
GTACGAAATGCTGTGCCGTG_003,138
GTACGAAATGCTGTGCCGTG_004,44
GTACGAAATGCTGTGCCGTG_005,77
GTACGAAATGCTGTGCCGTG_006,144
GTACGAAATGCTGTGCCGTG_007,115
GTACGAAATGCTGTGCCGTG_008,112
GTACGAAATGCTGTGCCGTG_009,66
GTACGAAATGCTGTGCCGTG_010,46
GTACGAAATGCTGTGCCGTG_011,146
GTACGAAATGCTGTGCCGTG_012,169
GTACGAAATGCTGTGCCGTG_013,168
GTACGAAATGCTGTGCCGTG_014,155
GTACGAAATGCTGTGCCGTG_015,132
GTACGAAATGCTGTGCCGTG_016,46
GTACGAAATGCTGTGCCGTG_017,159
GTACGAAATGCTGTGCCGTG_018,127
GTACGAAATGCTGTGCCGTG_019,197
GTACGAAATGCTGTGCCGTG_020,168
GTACGAAATGCTGTGCCGTG_021,150
GTACGAAATGCTGTGCCGTG_022,86
TACCACAAAGGTATGAACCT_001,132
TACCACAAAGGTATGAACCT_002,3
TACCACAAAGGTATGAACCT_003,42
TACCACAAAGGTATGAACCT_004,198
CCCAGGCAGGAAGGATCACT_001,44
CCCAGGCAGGAAGGATCACT_002,33
GCAATGTTCCTCTCGCCGCG_001,61
GCAATGTTCCTCTCGCCGCG_002,85
GCAATGTTCCTCTCGCCGCG_003,60
AGCCACCCAAGCCTTGACGT_001,118
AGCCACCCAAGCCTTGACGT_002,17
AGCCACCCAAGCCTTGACGT_003,63
AGCCACCCAAGCCTTGACGT_004,53
AGCCACCCAAGCCTTGACGT_005,145
AGCCACCCAAGCCTTGACGT_006,147
AGCCACCCAAGCCTTGACGT_007,142
AGCCACCCAAGCCTTGACGT_008,6
AGCCACCCAAGCCTTGACGT_009,116
AGCCACCCAAGCCTTGACGT_010,27
GGCCTGAGCCCCGACTACTG_001,105
GGCCTGAGCCCCGACTACTG_002,42
GGCCTGAGCCCCGACTACTG_003,34
GGCCTGAGCCCCGACTACTG_004,9
GGCCTGAGCCCCGACTACTG_005,198
GGCCTGAGCCCCGACTACTG_006,191
GGCCTGAGCCCCGACTACTG_007,81
GGCCTGAGCCCCGACTACTG_008,189
GGCCTGAGCCCCGACTACTG_009,8
GGCCTGAGCCCCGACTACTG_010,145
GGCCTGAGCCCCGACTACTG_011,130
GGCCTGAGCCCCGACTACTG_012,88
GGCCTGAGCCCCGACTACTG_013,184
GGCCTGAGCCCCGACTACTG_014,138
GGCCTGAGCCCCGACTACTG_015,49
GGCCTGAGCCCCGACTACTG_016,199
GGCCTGAGCCCCGACTACTG_017,170
GGCCTGAGCCCCGACTACTG_018,119
GGCCTGAGCCCCGACTACTG_019,43
GGCCTGAGCCCCGACTACTG_020,160
GTACAGATCAAACGTTACAC_001,194
GTACAGATCAAACGTTACAC_002,105
GTACAGATCAAACGTTACAC_003,40
GTACAGATCAAACGTTACAC_004,13
GTTGGTGAGGACACATAGAC_001,77
GTTGGTGAGGACACATAGAC_002,94
GTTGGTGAGGACACATAGAC_003,15
GTTGGTGAGGACACATAGAC_004,83
GTTGGTGAGGACACATAGAC_005,93
GTTGGTGAGGACACATAGAC_006,14
GTTGGTGAGGACACATAGAC_007,131
GTTGGTGAGGACACATAGAC_008,46
GTTGGTGAGGACACATAGAC_009,25
GTTGGTGAGGACACATAGAC_010,2
GTTGGTGAGGACACATAGAC_011,182
GTTGGTGAGGACACATAGAC_012,38
GTTGGTGAGGACACATAGAC_013,176
GGGTAGATCAGGTAACACGA_001,24
GGGTAGATCAGGTAACACGA_002,197
GGGTAGATCAGGTAACACGA_003,108
GGGTAGATCAGGTAACACGA_004,47
GGGTAGATCAGGTAACACGA_005,100
GGGTAGATCAGGTAACACGA_006,16
GGGTAGATCAGGTAACACGA_007,113
GGGTAGATCAGGTAACACGA_008,77
GGGTAGATCAGGTAACACGA_009,163
GGGTAGATCAGGTAACACGA_010,48
TCCCCCAGGTACCACAATGT_001,75
TCCCCCAGGTACCACAATGT_002,2
TCCCCCAGGTACCACAATGT_003,59
TCCCCCAGGTACCACAATGT_004,195
TCCCCCAGGTACCACAATGT_005,53
TCCCCCAGGTACCACAATGT_006,15
TCCCCCAGGTACCACAATGT_007,69
TCCCCCAGGTACCACAATGT_008,191
TCCCCCAGGTACCACAATGT_009,174
TCCCCCAGGTACCACAATGT_010,198
AAAGGTTTACACTCGCCATG_001,100
AAAGGTTTACACTCGCCATG_002,127
AAAGGTTTACACTCGCCATG_003,174
AAAGGTTTACACTCGCCATG_004,82
AAAGGTTTACACTCGCCATG_005,178
AAAGGTTTACACTCGCCATG_006,115
AAAGGTTTACACTCGCCATG_007,1
AAAGGTTTACACTCGCCATG_008,1
AAAGGTTTACACTCGCCATG_009,65
AAAGGTTTACACTCGCCATG_010,80
AAAGGTTTACACTCGCCATG_011,99
AAAGGTTTACACTCGCCATG_012,39
AAAGGTTTACACTCGCCATG_013,174
AAAGGTTTACACTCGCCATG_014,149
GCGCCATGGGCCGGTAATCG_001,118
GCGCCATGGGCCGGTAATCG_002,66
GCGCCATGGGCCGGTAATCG_003,47
GCGCCATGGGCCGGTAATCG_004,137
GCGCCATGGGCCGGTAATCG_005,15
GCGCCATGGGCCGGTAATCG_006,17
AGCACAAGCAGTGCTATGAG_001,127
AGCACAAGCAGTGCTATGAG_002,127
AGCACAAGCAGTGCTATGAG_003,49
AGCACAAGCAGTGCTATGAG_004,12
AGCACAAGCAGTGCTATGAG_005,144
AGCACAAGCAGTGCTATGAG_006,68
AGCACAAGCAGTGCTATGAG_007,50
AGCACAAGCAGTGCTATGAG_008,98
AGCACAAGCAGTGCTATGAG_009,155
AGCACAAGCAGTGCTATGAG_010,144
AGCACAAGCAGTGCTATGAG_011,88
AGCACAAGCAGTGCTATGAG_012,85
AGCACAAGCAGTGCTATGAG_013,178
AGCACAAGCAGTGCTATGAG_014,41
AGCACAAGCAGTGCTATGAG_015,124
AGCACAAGCAGTGCTATGAG_016,34
AGCACAAGCAGTGCTATGAG_017,115
AGCACAAGCAGTGCTATGAG_018,59
AGCACAAGCAGTGCTATGAG_019,8
AGAAGGTCCAGTGCTCGTAG_001,107
AGAAGGTCCAGTGCTCGTAG_002,9
AGAAGGTCCAGTGCTCGTAG_003,132
AGAAGGTCCAGTGCTCGTAG_004,105
AGAAGGTCCAGTGCTCGTAG_005,137
AGAAGGTCCAGTGCTCGTAG_006,116
AGAAGGTCCAGTGCTCGTAG_007,75
AGAAGGTCCAGTGCTCGTAG_008,147
AGAAGGTCCAGTGCTCGTAG_009,15
AGAAGGTCCAGTGCTCGTAG_010,75
AGAAGGTCCAGTGCTCGTAG_011,58
AGAAGGTCCAGTGCTCGTAG_012,158
AGAAGGTCCAGTGCTCGTAG_013,15
AGAAGGTCCAGTGCTCGTAG_014,115
AGAAGGTCCAGTGCTCGTAG_015,115
AGAAGGTCCAGTGCTCGTAG_016,70
ACACCCGGTTAATTGTCACA_001,147
ACACCCGGTTAATTGTCACA_002,31
ACACCCGGTTAATTGTCACA_003,69
AAGAGGGTGGAATAGCGTAG_001,0
AAGAGGGTGGAATAGCGTAG_002,58
AAGAGGGTGGAATAGCGTAG_003,63
CCAGATGATAGAGTTCACTG_001,176
CCAGATGATAGAGTTCACTG_002,78
CCAGATGATAGAGTTCACTG_003,43
CCAGATGATAGAGTTCACTG_004,139
CCAGATGATAGAGTTCACTG_005,45
CCAGATGATAGAGTTCACTG_006,74
CCAGATGATAGAGTTCACTG_007,6
CCAGATGATAGAGTTCACTG_008,98
CCAGATGATAGAGTTCACTG_009,56
CCAGATGATAGAGTTCACTG_010,172
CATAGGATCTGCCACTGTGA_001,183
GACTTCGTGGTAGATAAGCG_001,53
GACTTCGTGGTAGATAAGCG_002,36
GACTTCGTGGTAGATAAGCG_003,142
CCATACAAATGCGAAAAATG_001,168
CCATACAAATGCGAAAAATG_002,185
CCATACAAATGCGAAAAATG_003,116
CCATACAAATGCGAAAAATG_004,113
CCATACAAATGCGAAAAATG_005,134
CCATACAAATGCGAAAAATG_006,188
CCATACAAATGCGAAAAATG_007,27
CCATACAAATGCGAAAAATG_008,79
CCATACAAATGCGAAAAATG_009,133
CCATACAAATGCGAAAAATG_010,166
GAGGAGCGGATATGCCCGCA_001,188
GAGGAGCGGATATGCCCGCA_002,110
GAGGAGCGGATATGCCCGCA_003,92
GAGGAGCGGATATGCCCGCA_004,84
GAGGAGCGGATATGCCCGCA_005,39
GAGGAGCGGATATGCCCGCA_006,90
GAGGAGCGGATATGCCCGCA_007,187
GAGGAGCGGATATGCCCGCA_008,10
GAGGAGCGGATATGCCCGCA_009,19
GCTCCAGGAGAAGTGCGCCG_001,191
GCTCCAGGAGAAGTGCGCCG_002,192
GCTCCAGGAGAAGTGCGCCG_003,8
GCTCCAGGAGAAGTGCGCCG_004,15
GCTCCAGGAGAAGTGCGCCG_005,78
GCTCCAGGAGAAGTGCGCCG_006,149
GCTCCAGGAGAAGTGCGCCG_007,199
GCTCCAGGAGAAGTGCGCCG_008,8
GTTGACGTTCGAACACGAGA_001,198
GTTGACGTTCGAACACGAGA_002,90
GTTGACGTTCGAACACGAGA_003,121
GTTGACGTTCGAACACGAGA_004,60
GTTGACGTTCGAACACGAGA_005,127
GTTGACGTTCGAACACGAGA_006,45
GTTGACGTTCGAACACGAGA_007,71
GTTGACGTTCGAACACGAGA_008,150
GTTGACGTTCGAACACGAGA_009,127
GTTGACGTTCGAACACGAGA_010,35
GTTGACGTTCGAACACGAGA_011,177
GTTGACGTTCGAACACGAGA_012,10
GTTGACGTTCGAACACGAGA_013,94
GTTGACGTTCGAACACGAGA_014,19
GTTGACGTTCGAACACGAGA_015,50
GTTGACGTTCGAACACGAGA_016,141
GTTGACGTTCGAACACGAGA_017,175
GTTGACGTTCGAACACGAGA_018,198
GTTGACGTTCGAACACGAGA_019,47
GTTGACGTTCGAACACGAGA_020,90
GTTGACGTTCGAACACGAGA_021,168
GTTGACGTTCGAACACGAGA_022,160
GTTGACGTTCGAACACGAGA_023,169
GTTGACGTTCGAACACGAGA_024,150
GTTGACGTTCGAACACGAGA_025,144
GTTGACGTTCGAACACGAGA_026,40
CCATGCGAGAGGCCACCAGG_001,77
CCATGCGAGAGGCCACCAGG_002,105
CCATGCGAGAGGCCACCAGG_003,138
CCATGCGAGAGGCCACCAGG_004,35
CCATGCGAGAGGCCACCAGG_005,150
CCATGCGAGAGGCCACCAGG_006,113
CCATGCGAGAGGCCACCAGG_007,140
CCATGCGAGAGGCCACCAGG_008,147
CCATGCGAGAGGCCACCAGG_009,26
CCATGCGAGAGGCCACCAGG_010,80
CCATGCGAGAGGCCACCAGG_011,60
CCATGCGAGAGGCCACCAGG_012,175
CCATGCGAGAGGCCACCAGG_013,95
CCATGCGAGAGGCCACCAGG_014,41
CCATGCGAGAGGCCACCAGG_015,127
CCATGCGAGAGGCCACCAGG_016,9
CCATGCGAGAGGCCACCAGG_017,56
CCATGCGAGAGGCCACCAGG_018,42
CCATGCGAGAGGCCACCAGG_019,183
CCATGCGAGAGGCCACCAGG_020,41
CCATGCGAGAGGCCACCAGG_021,158
CCATGCGAGAGGCCACCAGG_022,47
CCATGCGAGAGGCCACCAGG_023,56
CCATGCGAGAGGCCACCAGG_024,138
CCATGCGAGAGGCCACCAGG_025,92
TGCCCAAGAAGATCCTAACC_001,147
TGCCCAAGAAGATCCTAACC_002,165
TGCCCAAGAAGATCCTAACC_003,12
TGCCCAAGAAGATCCTAACC_004,199
TGCCCAAGAAGATCCTAACC_005,33
TGCCCAAGAAGATCCTAACC_006,129
TGCCCAAGAAGATCCTAACC_007,169
TGCCCAAGAAGATCCTAACC_008,173
ATGACTCATGACCGAAATGA_001,22
ATGACTCATGACCGAAATGA_002,42
AACTCCTCGCCTGAGCAACG_001,172
AACTCCTCGCCTGAGCAACG_002,161
AACTCCTCGCCTGAGCAACG_003,64
AACTCCTCGCCTGAGCAACG_004,50
AACTCCTCGCCTGAGCAACG_005,88
AACTCCTCGCCTGAGCAACG_006,150
AACTCCTCGCCTGAGCAACG_007,190
AACTCCTCGCCTGAGCAACG_008,58
AACTCCTCGCCTGAGCAACG_009,156
AACTCCTCGCCTGAGCAACG_010,11
AACTCCTCGCCTGAGCAACG_011,141
AACTCCTCGCCTGAGCAACG_012,141
AACTCCTCGCCTGAGCAACG_013,68
AACTCCTCGCCTGAGCAACG_014,161
AACTCCTCGCCTGAGCAACG_015,188
AACTCCTCGCCTGAGCAACG_016,142
AACTCCTCGCCTGAGCAACG_017,62
AACTCCTCGCCTGAGCAACG_018,113
CCAATAGCAAAAATGATCGA_001,104
CCAATAGCAAAAATGATCGA_002,136
TTAACCAGCAAAGCACCACG_001,114
TTAACCAGCAAAGCACCACG_002,83
TTAACCAGCAAAGCACCACG_003,75
TTAACCAGCAAAGCACCACG_004,58
TTAACCAGCAAAGCACCACG_005,62
TTAACCAGCAAAGCACCACG_006,185
TTAACCAGCAAAGCACCACG_007,157
TTAACCAGCAAAGCACCACG_008,22
TGGTTCTGGATACAGGAACG_001,42
TGGTTCTGGATACAGGAACG_002,151
TGGTTCTGGATACAGGAACG_003,58
TTTCACCATTAAGCGATTCC_001,27
TTTCACCATTAAGCGATTCC_002,170
TTTCACCATTAAGCGATTCC_003,97
CAGAGAACGAAAGAAAACCC_001,175
TGGAAGTGGCGCTCGTGGAA_001,41
TGGAAGTGGCGCTCGTGGAA_002,103
TGGAAGTGGCGCTCGTGGAA_003,182
GTCCTCTACATAATGCCACG_001,65
TATTACGAGATATAGACCCG_001,57
TATTACGAGATATAGACCCG_002,181
TATTACGAGATATAGACCCG_003,176
TATTACGAGATATAGACCCG_004,84
GGCTCAGGACATTCTCAGAG_001,53
TCAGACCCTCAATGACACGC_001,80
TCAGACCCTCAATGACACGC_002,188
TCAGACCCTCAATGACACGC_003,162
GGGAGAATACCTTAGGCCTG_001,158
GATTTGTGCCCAGAGCTCGA_001,6
GATTTGTGCCCAGAGCTCGA_002,178
GATTTGTGCCCAGAGCTCGA_003,156
GATTTGTGCCCAGAGCTCGA_004,104
GATTTGTGCCCAGAGCTCGA_005,145
GCTGGGTCACTTCCAAAGGT_001,18
GCTGGGTCACTTCCAAAGGT_002,68
GCTGGGTCACTTCCAAAGGT_003,166
GCTGGGTCACTTCCAAAGGT_004,168
GCTGGGTCACTTCCAAAGGT_005,0
GCTGGGTCACTTCCAAAGGT_006,2
GCTGGGTCACTTCCAAAGGT_007,40
GCTGGGTCACTTCCAAAGGT_008,108
GACCCTGGGAATGGACGCGA_001,177
GACCCTGGGAATGGACGCGA_002,185
GACCCTGGGAATGGACGCGA_003,2
GACCCTGGGAATGGACGCGA_004,17
GACCCTGGGAATGGACGCGA_005,12
GACCCTGGGAATGGACGCGA_006,149
GACCCTGGGAATGGACGCGA_007,184
GACCCTGGGAATGGACGCGA_008,3
GACCCTGGGAATGGACGCGA_009,107
GACCCTGGGAATGGACGCGA_010,14
GACCCTGGGAATGGACGCGA_011,5
GACCCTGGGAATGGACGCGA_012,102
GACCCTGGGAATGGACGCGA_013,190
GACCCTGGGAATGGACGCGA_014,115
GACCCTGGGAATGGACGCGA_015,76
GACCCTGGGAATGGACGCGA_016,140
GACCCTGGGAATGGACGCGA_017,134
GACCCTGGGAATGGACGCGA_018,147
CCTTCAGGGACAATTATCAG_001,11
CCTTCAGGGACAATTATCAG_002,145
CCTTCAGGGACAATTATCAG_003,134
TCAATGCAGAGAACCCGAGA_001,51
TCAATGCAGAGAACCCGAGA_002,130
TCAATGCAGAGAACCCGAGA_003,48
TCAATGCAGAGAACCCGAGA_004,150
TCAATGCAGAGAACCCGAGA_005,65
TGAGACTAGATCACCAGGCA_001,129
TGAGACTAGATCACCAGGCA_002,102
TGAGACTAGATCACCAGGCA_003,132
TGAGACTAGATCACCAGGCA_004,83
TGAGACTAGATCACCAGGCA_005,75
TGAGACTAGATCACCAGGCA_006,97
TGAGACTAGATCACCAGGCA_007,158
TGAGACTAGATCACCAGGCA_008,93
TGAGACTAGATCACCAGGCA_009,148
TGAGACTAGATCACCAGGCA_010,80
TGAGACTAGATCACCAGGCA_011,160
TGAGACTAGATCACCAGGCA_012,102
TGAGACTAGATCACCAGGCA_013,168
TGAGACTAGATCACCAGGCA_014,60
TGAGACTAGATCACCAGGCA_015,135
TGAGACTAGATCACCAGGCA_016,162
TGAGACTAGATCACCAGGCA_017,67
CATTGAGGTACAAGTCATCG_001,99
CATTGAGGTACAAGTCATCG_002,44
CATTGAGGTACAAGTCATCG_003,177
CATTGAGGTACAAGTCATCG_004,50
CATTGAGGTACAAGTCATCG_005,187
TGCCCAGAAAACAATGGGCA_001,135
TGCCCAGAAAACAATGGGCA_002,117
TGCCCAGAAAACAATGGGCA_003,127
TGCCCAGAAAACAATGGGCA_004,77
TGCCCAGAAAACAATGGGCA_005,147
CTATATTAGGACGTCTTGCA_001,33
CTATATTAGGACGTCTTGCA_002,164
CTATATTAGGACGTCTTGCA_003,185
CTATATTAGGACGTCTTGCA_004,165
CTATATTAGGACGTCTTGCA_005,61
CTATATTAGGACGTCTTGCA_006,4
CTATATTAGGACGTCTTGCA_007,111
GAATCAGTCAAATCGTACGT_001,191
GAATCAGTCAAATCGTACGT_002,11
GAATCAGTCAAATCGTACGT_003,29
GAATCAGTCAAATCGTACGT_004,42
GAATCAGTCAAATCGTACGT_005,159
GAATCAGTCAAATCGTACGT_006,77
CCCACCAGATGCCTGTCGAG_001,51
CCCACCAGATGCCTGTCGAG_002,122
CCCACCAGATGCCTGTCGAG_003,72
CCCACCAGATGCCTGTCGAG_004,127
CCCACCAGATGCCTGTCGAG_005,94
CCCACCAGATGCCTGTCGAG_006,192
CCCACCAGATGCCTGTCGAG_007,169
CCCACCAGATGCCTGTCGAG_008,15
CCCACCAGATGCCTGTCGAG_009,6
CCCACCAGATGCCTGTCGAG_010,101
AGGCGGTAATTCTGCGAGCA_001,195
AGGACTCACGCGTTGCAGTA_001,182
AGGACTCACGCGTTGCAGTA_002,29
AGGACTCACGCGTTGCAGTA_003,115
AGGACTCACGCGTTGCAGTA_004,9
AGGACTCACGCGTTGCAGTA_005,169
AGGACTCACGCGTTGCAGTA_006,162
AGGACTCACGCGTTGCAGTA_007,68
AGGACTCACGCGTTGCAGTA_008,140
AGGACTCACGCGTTGCAGTA_009,17
AGGACTCACGCGTTGCAGTA_010,1
AGGACTCACGCGTTGCAGTA_011,65
AGGACTCACGCGTTGCAGTA_012,172
AGGACTCACGCGTTGCAGTA_013,145
AGGACTCACGCGTTGCAGTA_014,65
AGGACTCACGCGTTGCAGTA_015,130
AGGACTCACGCGTTGCAGTA_016,105
AGGACTCACGCGTTGCAGTA_017,108
AGGACTCACGCGTTGCAGTA_018,184
AGGACTCACGCGTTGCAGTA_019,129
AGGACTCACGCGTTGCAGTA_020,70
AGGACTCACGCGTTGCAGTA_021,37
AGGACTCACGCGTTGCAGTA_022,88
ACATTTAAACAAGACTCTGC_001,95
ACATTTAAACAAGACTCTGC_002,60
ACATTTAAACAAGACTCTGC_003,101
ACATTTAAACAAGACTCTGC_004,166
ACATTTAAACAAGACTCTGC_005,17
CACCGAGACCGATGATCCCG_001,170
CACCGAGACCGATGATCCCG_002,147
CACCGAGACCGATGATCCCG_003,102
CACCGAGACCGATGATCCCG_004,38
CACCGAGACCGATGATCCCG_005,15
CACCGAGACCGATGATCCCG_006,196
CACCGAGACCGATGATCCCG_007,161
CACCGAGACCGATGATCCCG_008,47
CACCGAGACCGATGATCCCG_009,24
CACCGAGACCGATGATCCCG_010,140
CACCGAGACCGATGATCCCG_011,82
CACCGAGACCGATGATCCCG_012,141
CACCGAGACCGATGATCCCG_013,58
CACCGAGACCGATGATCCCG_014,124
CACCGAGACCGATGATCCCG_015,168
CACCGAGACCGATGATCCCG_016,3
CACCGAGACCGATGATCCCG_017,17
CACCGAGACCGATGATCCCG_018,162
CACCGAGACCGATGATCCCG_019,1
CACCGAGACCGATGATCCCG_020,69
CACCGAGACCGATGATCCCG_021,158
CACCGAGACCGATGATCCCG_022,40
CACCGAGACCGATGATCCCG_023,113
CGTGCGCACATATGACACCA_001,35
CGTGCGCACATATGACACCA_002,195
CAACGAGAGAGTAAGAACGC_001,20
CAACGAGAGAGTAAGAACGC_002,150
CAACGAGAGAGTAAGAACGC_003,96
CAACGAGAGAGTAAGAACGC_004,15
CAACGAGAGAGTAAGAACGC_005,94
CAACGAGAGAGTAAGAACGC_006,169
CAACGAGAGAGTAAGAACGC_007,145
CAACGAGAGAGTAAGAACGC_008,5
CAACGAGAGAGTAAGAACGC_009,198
CAACGAGAGAGTAAGAACGC_010,83
CAACGAGAGAGTAAGAACGC_011,1
CAACGAGAGAGTAAGAACGC_012,171
GCCAAAGTCACTGTTCACTG_001,32
GCCAAAGTCACTGTTCACTG_002,126
GCCAAAGTCACTGTTCACTG_003,191
GCCAAAGTCACTGTTCACTG_004,106
GCCAAAGTCACTGTTCACTG_005,19
GCCAAAGTCACTGTTCACTG_006,10
GCCAAAGTCACTGTTCACTG_007,50
GGAACTCGCGAATCCCCTGT_001,152
GGAACTCGCGAATCCCCTGT_002,159
GGAACTCGCGAATCCCCTGT_003,136
GGAACTCGCGAATCCCCTGT_004,93
ATCAATGTACCTCCACACAG_001,88
ATCAATGTACCTCCACACAG_002,133
ATCAATGTACCTCCACACAG_003,60
ATCAATGTACCTCCACACAG_004,159
ATCAATGTACCTCCACACAG_005,149
ATCAATGTACCTCCACACAG_006,88
ATCAATGTACCTCCACACAG_007,92
ATCAATGTACCTCCACACAG_008,104
AGCTGTGTCCAAGACAGCGG_001,166
AGCTGTGTCCAAGACAGCGG_002,62
AGCTGTGTCCAAGACAGCGG_003,43
AGCTGTGTCCAAGACAGCGG_004,33
AGCTGTGTCCAAGACAGCGG_005,145
AGCTGTGTCCAAGACAGCGG_006,145
AGCTGTGTCCAAGACAGCGG_007,184
AGCTGTGTCCAAGACAGCGG_008,198
AGCTGTGTCCAAGACAGCGG_009,136
AGCTGTGTCCAAGACAGCGG_010,30
CAGGGGTCTCTGAACTTGCA_001,98
TGGTCAATCTGTTCAATGGT_001,160
TGGTCAATCTGTTCAATGGT_002,169
TGGTCAATCTGTTCAATGGT_003,172
TGGTCAATCTGTTCAATGGT_004,93
TGGTCAATCTGTTCAATGGT_005,168
TGGTCAATCTGTTCAATGGT_006,171
TGGTCAATCTGTTCAATGGT_007,129
TGGTCAATCTGTTCAATGGT_008,3
TTACCGAACTGGTTATTGGT_001,19
TTACCGAACTGGTTATTGGT_002,50
TTACCGAACTGGTTATTGGT_003,0
TTACCGAACTGGTTATTGGT_004,191
TTACCGAACTGGTTATTGGT_005,24
TTACCGAACTGGTTATTGGT_006,51
GATGATCACATCGATCGGTG_001,157
GATGATCACATCGATCGGTG_002,177
GATGATCACATCGATCGGTG_003,48
GATGATCACATCGATCGGTG_004,38
GATGATCACATCGATCGGTG_005,107
GATGATCACATCGATCGGTG_006,19
GATGATCACATCGATCGGTG_007,8
GATGATCACATCGATCGGTG_008,157
GATGATCACATCGATCGGTG_009,116
GATGATCACATCGATCGGTG_010,5
GATGATCACATCGATCGGTG_011,49
GAGCTTCGCAACGAGAGCGG_001,102
GAGCTTCGCAACGAGAGCGG_002,184
GAGCTTCGCAACGAGAGCGG_003,82
GAGCTTCGCAACGAGAGCGG_004,19
GAGCTTCGCAACGAGAGCGG_005,137
TGTCGATACAGGGGTACAGT_001,136
TGTCGATACAGGGGTACAGT_002,122
TGTCGATACAGGGGTACAGT_003,103
TGTCGATACAGGGGTACAGT_004,149
TGTCGATACAGGGGTACAGT_005,165
CTCCAAGAAGACACCGTACG_001,7
CTCCAAGAAGACACCGTACG_002,7
CTCCAAGAAGACACCGTACG_003,134
CTCCAAGAAGACACCGTACG_004,23
CTCCAAGAAGACACCGTACG_005,18
CTCCAAGAAGACACCGTACG_006,29
CTCCAAGAAGACACCGTACG_007,132
CTCCAAGAAGACACCGTACG_008,66
CTCCAAGAAGACACCGTACG_009,184
CTCCAAGAAGACACCGTACG_010,45
CTCCAAGAAGACACCGTACG_011,115
CTCCAAGAAGACACCGTACG_012,69
CTCCAAGAAGACACCGTACG_013,134
CTCCAAGAAGACACCGTACG_014,38
CTCCAAGAAGACACCGTACG_015,44
CTCCAAGAAGACACCGTACG_016,172
CTCCAAGAAGACACCGTACG_017,59
CTCCAAGAAGACACCGTACG_018,16
CTCCAAGAAGACACCGTACG_019,59
CTCCAAGAAGACACCGTACG_020,61
CTCCAAGAAGACACCGTACG_021,12
CTCCAAGAAGACACCGTACG_022,191
CTCCAAGAAGACACCGTACG_023,56
TGGGCAAATGACCTGCGGCA_001,198
TGGGCAAATGACCTGCGGCA_002,1
TGGGCAAATGACCTGCGGCA_003,182
TGGGCAAATGACCTGCGGCA_004,178
TGGGCAAATGACCTGCGGCA_005,77
TGGGCAAATGACCTGCGGCA_006,96
GAAACCACGGGTGGCCACGG_001,178
GAAACCACGGGTGGCCACGG_002,93
GAAACCACGGGTGGCCACGG_003,166
GAAACCACGGGTGGCCACGG_004,43
AGTTCAAATATGTACACATG_001,105
AGTTCAAATATGTACACATG_002,3
AGTTCAAATATGTACACATG_003,22
AGTTCAAATATGTACACATG_004,117
AGTTCAAATATGTACACATG_005,66
AGTTCAAATATGTACACATG_006,1
AGTTCAAATATGTACACATG_007,145
TCTTTGCAGTATGCCACCAC_001,96
TCTTTGCAGTATGCCACCAC_002,73
TCTTTGCAGTATGCCACCAC_003,190
TCTTTGCAGTATGCCACCAC_004,168
TCTTTGCAGTATGCCACCAC_005,147
TCTTTGCAGTATGCCACCAC_006,106
TCTTTGCAGTATGCCACCAC_007,4
TCTTTGCAGTATGCCACCAC_008,94
TCTTTGCAGTATGCCACCAC_009,14
TCTTTGCAGTATGCCACCAC_010,70
TCTTTGCAGTATGCCACCAC_011,149
TCTTTGCAGTATGCCACCAC_012,48
TCTTTGCAGTATGCCACCAC_013,106
TCTTTGCAGTATGCCACCAC_014,116
TCTTTGCAGTATGCCACCAC_015,192
TCTTTGCAGTATGCCACCAC_016,38
CAAGTATCGCTATCGCTCTG_001,23
CAAGTATCGCTATCGCTCTG_002,23
CGCTGTGGTCCAGATCGACA_001,5
CGCTGTGGTCCAGATCGACA_002,131
CGCTGTGGTCCAGATCGACA_003,41
CGCTGTGGTCCAGATCGACA_004,26
CGCTGTGGTCCAGATCGACA_005,174
CGCTGTGGTCCAGATCGACA_006,29
CGCTGTGGTCCAGATCGACA_007,184
CGCTGTGGTCCAGATCGACA_008,80
CGCTGTGGTCCAGATCGACA_009,190
CGCTGTGGTCCAGATCGACA_010,139
CGCTGTGGTCCAGATCGACA_011,131
CGCTGTGGTCCAGATCGACA_012,131
CGCTGTGGTCCAGATCGACA_013,120
CGCTGTGGTCCAGATCGACA_014,86
CGCTGTGGTCCAGATCGACA_015,78
CGCTGTGGTCCAGATCGACA_016,137
CGCTGTGGTCCAGATCGACA_017,193
CGCTGTGGTCCAGATCGACA_018,133
CGCTGTGGTCCAGATCGACA_019,184
CGCTGTGGTCCAGATCGACA_020,168
CGCTGTGGTCCAGATCGACA_021,113
CGCTGTGGTCCAGATCGACA_022,188
CGCTGTGGTCCAGATCGACA_023,46
CGCTGTGGTCCAGATCGACA_024,56
CGCTGTGGTCCAGATCGACA_025,56
CGCTGTGGTCCAGATCGACA_026,172
CGCTGTGGTCCAGATCGACA_027,149
CGCTGTGGTCCAGATCGACA_028,60
CAGAACACACGCCAGGACCA_001,142
CAGAACACACGCCAGGACCA_002,60
CAGAACACACGCCAGGACCA_003,165
CAGAACACACGCCAGGACCA_004,77
CAGAACACACGCCAGGACCA_005,91
CAGAACACACGCCAGGACCA_006,141
CAGAACACACGCCAGGACCA_007,72
CAGAACACACGCCAGGACCA_008,113
CAGAACACACGCCAGGACCA_009,176
CAGAACACACGCCAGGACCA_010,197
CAGAACACACGCCAGGACCA_011,177
CAGAACACACGCCAGGACCA_012,35
CAGAACACACGCCAGGACCA_013,41
CAGAACACACGCCAGGACCA_014,175
CAGAACACACGCCAGGACCA_015,126
CAGAACACACGCCAGGACCA_016,160
CAGAACACACGCCAGGACCA_017,28
CAGAACACACGCCAGGACCA_018,191
CAGAACACACGCCAGGACCA_019,66
CAGAACACACGCCAGGACCA_020,3
CAGAACACACGCCAGGACCA_021,26
AAAGTGAAGAAGTCTGACTG_001,196
AAAGTGAAGAAGTCTGACTG_002,28
AAAGTGAAGAAGTCTGACTG_003,62
AAAGTGAAGAAGTCTGACTG_004,65
AAAGTGAAGAAGTCTGACTG_005,185
AAAGTGAAGAAGTCTGACTG_006,124
AAAGTGAAGAAGTCTGACTG_007,171
AAAGTGAAGAAGTCTGACTG_008,70
AAAGTGAAGAAGTCTGACTG_009,21
AAAGTGAAGAAGTCTGACTG_010,181
AAAGTGAAGAAGTCTGACTG_011,27
AAAGTGAAGAAGTCTGACTG_012,33
GCACCATCTTTCCATGTATC_001,190
GCACCATCTTTCCATGTATC_002,41
GCACCATCTTTCCATGTATC_003,119
CACACAGGAGAATCCTACAT_001,134
CACACAGGAGAATCCTACAT_002,92
CACACAGGAGAATCCTACAT_003,25
CACACAGGAGAATCCTACAT_004,176
CACACAGGAGAATCCTACAT_005,49
CACACAGGAGAATCCTACAT_006,9
CACACAGGAGAATCCTACAT_007,110
CACACAGGAGAATCCTACAT_008,180
CACACAGGAGAATCCTACAT_009,184
GAAAAACTTCCGTAACATCC_001,186
GAAAAACTTCCGTAACATCC_002,72
TGTTGTCCGGGAACACTCGA_001,175
TGTTGTCCGGGAACACTCGA_002,175
TGTTGTCCGGGAACACTCGA_003,81
TGTTGTCCGGGAACACTCGA_004,105
TGTTGTCCGGGAACACTCGA_005,159
TGTTGTCCGGGAACACTCGA_006,76
TGTTGTCCGGGAACACTCGA_007,2
TGTTGTCCGGGAACACTCGA_008,78
TGTTGTCCGGGAACACTCGA_009,103
TGTTGTCCGGGAACACTCGA_010,104
TGTTGTCCGGGAACACTCGA_011,84
TGTTGTCCGGGAACACTCGA_012,52
TGTTGTCCGGGAACACTCGA_013,124
TGTTGTCCGGGAACACTCGA_014,105
TGTTGTCCGGGAACACTCGA_015,129
TGTTGTCCGGGAACACTCGA_016,70
TGTTGTCCGGGAACACTCGA_017,70
TGTTGTCCGGGAACACTCGA_018,68
TGTTGTCCGGGAACACTCGA_019,121
TGTTGTCCGGGAACACTCGA_020,160
TGTTGTCCGGGAACACTCGA_021,49
TGTTGTCCGGGAACACTCGA_022,192
CATGAGACCACTGTCTACGT_001,146
CATGAGACCACTGTCTACGT_002,158
CATGAGACCACTGTCTACGT_003,104
CATGAGACCACTGTCTACGT_004,174
AAGAACAGCGCCTCGCGCCG_001,58
AAGAACAGCGCCTCGCGCCG_002,121
AAGAACAGCGCCTCGCGCCG_003,170
AAGAACAGCGCCTCGCGCCG_004,158
AAGAACAGCGCCTCGCGCCG_005,88
AAGAACAGCGCCTCGCGCCG_006,43
AAGAACAGCGCCTCGCGCCG_007,85
AAGAACAGCGCCTCGCGCCG_008,137
AAGAACAGCGCCTCGCGCCG_009,184
AAGAACAGCGCCTCGCGCCG_010,22
GGTGCGGGTCTCGCCGACCG_001,73
GGTGCGGGTCTCGCCGACCG_002,170
GGTGCGGGTCTCGCCGACCG_003,149
GGTGCGGGTCTCGCCGACCG_004,104
GGTGCGGGTCTCGCCGACCG_005,184
GGTGCGGGTCTCGCCGACCG_006,176
GGTGCGGGTCTCGCCGACCG_007,112
GGTGCGGGTCTCGCCGACCG_008,62
GGTGCGGGTCTCGCCGACCG_009,44
GGTGCGGGTCTCGCCGACCG_010,50
GAGAGTGCATACCCGCCCAA_001,142
GAGAGTGCATACCCGCCCAA_002,166
GAGAGTGCATACCCGCCCAA_003,121
GAGAGTGCATACCCGCCCAA_004,158
GAGAGTGCATACCCGCCCAA_005,163
GAGAGTGCATACCCGCCCAA_006,50
GAGAGTGCATACCCGCCCAA_007,166
GAGAGTGCATACCCGCCCAA_008,103
TGCTGATCCACAAGCCACGT_001,50
TGCTGATCCACAAGCCACGT_002,50
TGCTGATCCACAAGCCACGT_003,178
TGCTGATCCACAAGCCACGT_004,186
TGCTGATCCACAAGCCACGT_005,48
AGGCTCGCAAGTACTTTGAA_001,30
AGGCTCGCAAGTACTTTGAA_002,112
AGGCTCGCAAGTACTTTGAA_003,162
AGGCTCGCAAGTACTTTGAA_004,126
AGGCTCGCAAGTACTTTGAA_005,58
AGGCTCGCAAGTACTTTGAA_006,33
AGGCTCGCAAGTACTTTGAA_007,80
AGGCTCGCAAGTACTTTGAA_008,18
AGGCTCGCAAGTACTTTGAA_009,42
AGGCTCGCAAGTACTTTGAA_010,1
AGGCTCGCAAGTACTTTGAA_011,189
CCACGGTTGGTAGCCCGCGG_001,124
CCACGGTTGGTAGCCCGCGG_002,116
CCACGGTTGGTAGCCCGCGG_003,137
CCACGGTTGGTAGCCCGCGG_004,144
CCACGGTTGGTAGCCCGCGG_005,105
CCACGGTTGGTAGCCCGCGG_006,7
CCACGGTTGGTAGCCCGCGG_007,14
CCACGGTTGGTAGCCCGCGG_008,144
CCACGGTTGGTAGCCCGCGG_009,28
CCACGGTTGGTAGCCCGCGG_010,70
CCACGGTTGGTAGCCCGCGG_011,161
CCACGGTTGGTAGCCCGCGG_012,178
CCGGTCCCTCCGATTAACGT_001,9
CCGGTCCCTCCGATTAACGT_002,53
CCGGTCCCTCCGATTAACGT_003,72
CCGGTCCCTCCGATTAACGT_004,196
CCGGTCCCTCCGATTAACGT_005,13
CCGGTCCCTCCGATTAACGT_006,191
CCGGTCCCTCCGATTAACGT_007,29
AATCAACGAGGACATGGCGC_001,27
AATCAACGAGGACATGGCGC_002,111
AATCAACGAGGACATGGCGC_003,51
AATCAACGAGGACATGGCGC_004,147
AATCAACGAGGACATGGCGC_005,133
AATCAACGAGGACATGGCGC_006,188
AATCAACGAGGACATGGCGC_007,9
AATCAACGAGGACATGGCGC_008,163
AATCAACGAGGACATGGCGC_009,24
AATCAACGAGGACATGGCGC_010,18
AATCAACGAGGACATGGCGC_011,80
AATCAACGAGGACATGGCGC_012,85
AATCAACGAGGACATGGCGC_013,78
AATCAACGAGGACATGGCGC_014,94
AATCAACGAGGACATGGCGC_015,127
AATCAACGAGGACATGGCGC_016,112
AATCAACGAGGACATGGCGC_017,17
AATCAACGAGGACATGGCGC_018,34
AATCAACGAGGACATGGCGC_019,29
AATCAACGAGGACATGGCGC_020,91
AATCAACGAGGACATGGCGC_021,12
AATCAACGAGGACATGGCGC_022,70
ACATTCCAGTGCTTAAAGTG_001,141
ACATTCCAGTGCTTAAAGTG_002,149
ACATTCCAGTGCTTAAAGTG_003,126
ACATTCCAGTGCTTAAAGTG_004,48
ACATTCCAGTGCTTAAAGTG_005,134
ACATTCCAGTGCTTAAAGTG_006,168
ACATTCCAGTGCTTAAAGTG_007,148
ACATTCCAGTGCTTAAAGTG_008,40
ACATTCCAGTGCTTAAAGTG_009,150
ACATTCCAGTGCTTAAAGTG_010,126
ACATTCCAGTGCTTAAAGTG_011,112
ACATTCCAGTGCTTAAAGTG_012,149
ACATTCCAGTGCTTAAAGTG_013,103
ACATTCCAGTGCTTAAAGTG_014,36
ACATTCCAGTGCTTAAAGTG_015,172
ACATTCCAGTGCTTAAAGTG_016,50
ACATTCCAGTGCTTAAAGTG_017,42
ACGGATATGGCTGCTACTGT_001,134
ACGGATATGGCTGCTACTGT_002,62
ACGGATATGGCTGCTACTGT_003,85
ACGGATATGGCTGCTACTGT_004,62
ACGGATATGGCTGCTACTGT_005,172
ACGGATATGGCTGCTACTGT_006,131
CAGCCAAAGACATAAGCACC_001,188
CAGCCAAAGACATAAGCACC_002,93
CAGCCAAAGACATAAGCACC_003,124
CCAGTTTGCTACGGTCTACG_001,163
CCAGTTTGCTACGGTCTACG_002,16
CCAGTTTGCTACGGTCTACG_003,9
CCAGTTTGCTACGGTCTACG_004,34
CCAGTTTGCTACGGTCTACG_005,129
ATCACAAGTGATGCTGGTGT_001,193
ATCACAAGTGATGCTGGTGT_002,177
ATCACAAGTGATGCTGGTGT_003,72
ATCACAAGTGATGCTGGTGT_004,191
ATCACAAGTGATGCTGGTGT_005,28
ATCACAAGTGATGCTGGTGT_006,140
CTTCCGACAGGGGTCGCCAG_001,15
CTTCCGACAGGGGTCGCCAG_002,119
CTTCCGACAGGGGTCGCCAG_003,29
CTTCCGACAGGGGTCGCCAG_004,48
CTTCCGACAGGGGTCGCCAG_005,145
CTTCCGACAGGGGTCGCCAG_006,19
CTTCCGACAGGGGTCGCCAG_007,49
CTTCCGACAGGGGTCGCCAG_008,106
CTTCCGACAGGGGTCGCCAG_009,168
CTTCCGACAGGGGTCGCCAG_010,35
CTTCCGACAGGGGTCGCCAG_011,116
CTTCCGACAGGGGTCGCCAG_012,95
CTTCCGACAGGGGTCGCCAG_013,103
CTTCCGACAGGGGTCGCCAG_014,121
CTTCCGACAGGGGTCGCCAG_015,40
CTTCCGACAGGGGTCGCCAG_016,198
CTTCCGACAGGGGTCGCCAG_017,160
CTTCCGACAGGGGTCGCCAG_018,114
CTTCCGACAGGGGTCGCCAG_019,80
CTTCCGACAGGGGTCGCCAG_020,199
CTTCCGACAGGGGTCGCCAG_021,26
CTTCCGACAGGGGTCGCCAG_022,72
CTTCCGACAGGGGTCGCCAG_023,26
CTTCCGACAGGGGTCGCCAG_024,26
CTTCCGACAGGGGTCGCCAG_025,183
CTTCCGACAGGGGTCGCCAG_026,90
CTTCCGACAGGGGTCGCCAG_027,75
CTTCCGACAGGGGTCGCCAG_028,146
CTTCCGACAGGGGTCGCCAG_029,176
CTTCCGACAGGGGTCGCCAG_030,158
CTTCCGACAGGGGTCGCCAG_031,50
CTTCCGACAGGGGTCGCCAG_032,1
CTTCCGACAGGGGTCGCCAG_033,28
CTTCCGACAGGGGTCGCCAG_034,170
CTTCCGACAGGGGTCGCCAG_035,57
CTTCCGACAGGGGTCGCCAG_036,149
CTTCCGACAGGGGTCGCCAG_037,113
CTTCCGACAGGGGTCGCCAG_038,103
CTTCCGACAGGGGTCGCCAG_039,170
CTTCCGACAGGGGTCGCCAG_040,111
CTTCCGACAGGGGTCGCCAG_041,57
CTTCCGACAGGGGTCGCCAG_042,93
CTTCCGACAGGGGTCGCCAG_043,70
CTTCCGACAGGGGTCGCCAG_044,138
CTTCCGACAGGGGTCGCCAG_045,144
CTTCCGACAGGGGTCGCCAG_046,98
CTTCCGACAGGGGTCGCCAG_047,78
CTTCCGACAGGGGTCGCCAG_048,77
CTTCCGACAGGGGTCGCCAG_049,58
CTTCCGACAGGGGTCGCCAG_050,176
CTTCCGACAGGGGTCGCCAG_051,76
CTTCCGACAGGGGTCGCCAG_052,162
CTTCCGACAGGGGTCGCCAG_053,124
CTTCCGACAGGGGTCGCCAG_054,18
CTTCCGACAGGGGTCGCCAG_055,61
CTTCCGACAGGGGTCGCCAG_056,16
CTTCCGACAGGGGTCGCCAG_057,76
CTTCCGACAGGGGTCGCCAG_058,160
CTTCCGACAGGGGTCGCCAG_059,88
GGCCTAAGCCTACATACAAG_001,184
GGCCTAAGCCTACATACAAG_002,41
GGCCTAAGCCTACATACAAG_003,135
GGCCTAAGCCTACATACAAG_004,77
GGCCTAAGCCTACATACAAG_005,83
GGCCTAAGCCTACATACAAG_006,15
GGCCTAAGCCTACATACAAG_007,160
GGCCTAAGCCTACATACAAG_008,146
GGCCTAAGCCTACATACAAG_009,167
GGCCTAAGCCTACATACAAG_010,168
GGCCTAAGCCTACATACAAG_011,60
GGCCTAAGCCTACATACAAG_012,78
TCGAGCGGCACCTCGACGTA_001,198
TCGAGCGGCACCTCGACGTA_002,10
TCGAGCGGCACCTCGACGTA_003,38
TCGAGCGGCACCTCGACGTA_004,184
TCGAGCGGCACCTCGACGTA_005,56
GAGATGCGAGTTGAGCCGGT_001,107
GAGATGCGAGTTGAGCCGGT_002,178
GAGATGCGAGTTGAGCCGGT_003,37
GAGATGCGAGTTGAGCCGGT_004,16
GAGATGCGAGTTGAGCCGGT_005,76
GAGATGCGAGTTGAGCCGGT_006,67
GAGATGCGAGTTGAGCCGGT_007,145
GAGATGCGAGTTGAGCCGGT_008,28
GAGATGCGAGTTGAGCCGGT_009,35
GAGATGCGAGTTGAGCCGGT_010,177
GTGCCGCTGGAGCAACGCCG_001,110
GTGCCGCTGGAGCAACGCCG_002,70
GTGCCGCTGGAGCAACGCCG_003,175
GTGCCGCTGGAGCAACGCCG_004,106
GTGCCGCTGGAGCAACGCCG_005,127
GTGCCGCTGGAGCAACGCCG_006,151
GTGCCGCTGGAGCAACGCCG_007,48
GTGCCGCTGGAGCAACGCCG_008,23
GTGCCGCTGGAGCAACGCCG_009,138
GTGCCGCTGGAGCAACGCCG_010,12
GTGCCGCTGGAGCAACGCCG_011,48
GTGCCGCTGGAGCAACGCCG_012,131
GTGCCGCTGGAGCAACGCCG_013,12
GTGCCGCTGGAGCAACGCCG_014,158
GTGCCGCTGGAGCAACGCCG_015,50
GTGCCGCTGGAGCAACGCCG_016,166
GTGCCGCTGGAGCAACGCCG_017,165
GTGCCGCTGGAGCAACGCCG_018,104
AAACCCATAGTGGTGCTGCA_001,133
AAACCCATAGTGGTGCTGCA_002,76
AAACCCATAGTGGTGCTGCA_003,127
AAACCCATAGTGGTGCTGCA_004,162
AAACCCATAGTGGTGCTGCA_005,138
AAACCCATAGTGGTGCTGCA_006,48
AAACCCATAGTGGTGCTGCA_007,54
AAACCCATAGTGGTGCTGCA_008,175
AAACCCATAGTGGTGCTGCA_009,128
AAACCCATAGTGGTGCTGCA_010,29
AAACCCATAGTGGTGCTGCA_011,105
AAACCCATAGTGGTGCTGCA_012,127
AAACCCATAGTGGTGCTGCA_013,135
AAACCCATAGTGGTGCTGCA_014,64
AAACCCATAGTGGTGCTGCA_015,27
AAACCCATAGTGGTGCTGCA_016,76
AAACCCATAGTGGTGCTGCA_017,17
AAACCCATAGTGGTGCTGCA_018,199
AAACCCATAGTGGTGCTGCA_019,72
AAACCCATAGTGGTGCTGCA_020,97
AAACCCATAGTGGTGCTGCA_021,107
AAACCCATAGTGGTGCTGCA_022,16
AAACCCATAGTGGTGCTGCA_023,199
AAACCCATAGTGGTGCTGCA_024,130
AAACCCATAGTGGTGCTGCA_025,111
AAACCCATAGTGGTGCTGCA_026,59
AAACCCATAGTGGTGCTGCA_027,144
AAACCCATAGTGGTGCTGCA_028,158
AAACCCATAGTGGTGCTGCA_029,130
TTCACGGTCCTGCATCTCGG_001,17
ACGGGGGTGGTGTTTCTGCG_001,57
ACGGGGGTGGTGTTTCTGCG_002,104
CATAGAGGAGCAGGTAACCG_001,194
CATAGAGGAGCAGGTAACCG_002,19
CATAGAGGAGCAGGTAACCG_003,140
CATAGAGGAGCAGGTAACCG_004,135
CATAGAGGAGCAGGTAACCG_005,12
CATAGAGGAGCAGGTAACCG_006,54
CATAGAGGAGCAGGTAACCG_007,30
CATAGAGGAGCAGGTAACCG_008,81
CATAGAGGAGCAGGTAACCG_009,3
GCAAAAACACCGAATCAGTG_001,132
GCAAAAACACCGAATCAGTG_002,184
GCAAAAACACCGAATCAGTG_003,159
GCAAAAACACCGAATCAGTG_004,91
GCAAAAACACCGAATCAGTG_005,81
GCAAAAACACCGAATCAGTG_006,53
GCAAAAACACCGAATCAGTG_007,8
GCAAAAACACCGAATCAGTG_008,121
GCAAAAACACCGAATCAGTG_009,50
GCAAAAACACCGAATCAGTG_010,53
GCAAAAACACCGAATCAGTG_011,110
GCAAAAACACCGAATCAGTG_012,162
GCAAAAACACCGAATCAGTG_013,105
GCAAAAACACCGAATCAGTG_014,169
GCAAAAACACCGAATCAGTG_015,179
GCAAAAACACCGAATCAGTG_016,132
GCAAAAACACCGAATCAGTG_017,139
GCAAAAACACCGAATCAGTG_018,43
GCAAAAACACCGAATCAGTG_019,34
GCAAAAACACCGAATCAGTG_020,62
GCAAAAACACCGAATCAGTG_021,45
GCAAAAACACCGAATCAGTG_022,3
GCAAAAACACCGAATCAGTG_023,56
GCAAAAACACCGAATCAGTG_024,126
GGAAGTCACATCTGTATGGA_001,5
GGAAGTCACATCTGTATGGA_002,117
GGAAGTCACATCTGTATGGA_003,78
ATGAGATAAACCGACTGCTG_001,134
ATGAGATAAACCGACTGCTG_002,96
ATGAGATAAACCGACTGCTG_003,62
ATGAGATAAACCGACTGCTG_004,152
ATGAGATAAACCGACTGCTG_005,43
ATGAGATAAACCGACTGCTG_006,153
ATGAGATAAACCGACTGCTG_007,17
ATGAGATAAACCGACTGCTG_008,174
ATGAGATAAACCGACTGCTG_009,78
ATGAGATAAACCGACTGCTG_010,124
GTGCCAAGTCACTTTACGAT_001,8
GTGCCAAGTCACTTTACGAT_002,138
GTGCCAAGTCACTTTACGAT_003,76
GTGCCAAGTCACTTTACGAT_004,65
GTGCCAAGTCACTTTACGAT_005,102
GTGCCAAGTCACTTTACGAT_006,77
GTGCCAAGTCACTTTACGAT_007,127
GTGCCAAGTCACTTTACGAT_008,33
TCGAGTACGAGACCCAGAGG_001,122
TCGAGTACGAGACCCAGAGG_002,183
TCGAGTACGAGACCCAGAGG_003,7
TCGAGTACGAGACCCAGAGG_004,171
TCGAGTACGAGACCCAGAGG_005,185
TCGAGTACGAGACCCAGAGG_006,148
TCGAGTACGAGACCCAGAGG_007,141
TCGAGTACGAGACCCAGAGG_008,191
TCGAGTACGAGACCCAGAGG_009,129
TCGAGTACGAGACCCAGAGG_010,192
TCGAGTACGAGACCCAGAGG_011,29
TCGAGTACGAGACCCAGAGG_012,24
TCGAGTACGAGACCCAGAGG_013,62
TCGAGTACGAGACCCAGAGG_014,185
TCGAGTACGAGACCCAGAGG_015,163
TCGAGTACGAGACCCAGAGG_016,185
TCGAGTACGAGACCCAGAGG_017,148
TCGAGTACGAGACCCAGAGG_018,146
TCGAGTACGAGACCCAGAGG_019,81
TCGAGTACGAGACCCAGAGG_020,18
TCGAGTACGAGACCCAGAGG_021,105
TCGAGTACGAGACCCAGAGG_022,108
TCGAGTACGAGACCCAGAGG_023,178
TCGAGTACGAGACCCAGAGG_024,178
TGTAGACAGAGGCGAACACG_001,172
TGTAGACAGAGGCGAACACG_002,82
TGTAGACAGAGGCGAACACG_003,63
TGTAGACAGAGGCGAACACG_004,105
TGTAGACAGAGGCGAACACG_005,62
TGTAGACAGAGGCGAACACG_006,146
TGTAGACAGAGGCGAACACG_007,162
TGTAGACAGAGGCGAACACG_008,96
TGTAGACAGAGGCGAACACG_009,160
TGTAGACAGAGGCGAACACG_010,193
TGTAGACAGAGGCGAACACG_011,15
TGTAGACAGAGGCGAACACG_012,119
TGTAGACAGAGGCGAACACG_013,23
CCAGAGAAGATAGTTTCGTG_001,141
TAAAAGGAAAGACGACGGGG_001,6
TAAAAGGAAAGACGACGGGG_002,137
TAAAAGGAAAGACGACGGGG_003,185
TAAAAGGAAAGACGACGGGG_004,185
TAAAAGGAAAGACGACGGGG_005,140
TAAAAGGAAAGACGACGGGG_006,160
TAAAAGGAAAGACGACGGGG_007,35
TAAAAGGAAAGACGACGGGG_008,110
TAAAAGGAAAGACGACGGGG_009,50
TAAAAGGAAAGACGACGGGG_010,16
TAAAAGGAAAGACGACGGGG_011,145
TAAAAGGAAAGACGACGGGG_012,194
TAAAAGGAAAGACGACGGGG_013,169
GCTTCATCAAGATCCCGCGG_001,47
GCTTCATCAAGATCCCGCGG_002,182
GCTTCATCAAGATCCCGCGG_003,108
GCTTCATCAAGATCCCGCGG_004,80
GCTTCATCAAGATCCCGCGG_005,177
GCTTCATCAAGATCCCGCGG_006,8
GCTTCATCAAGATCCCGCGG_007,14
GCTTCATCAAGATCCCGCGG_008,104
GCTTCATCAAGATCCCGCGG_009,80
GCTTCATCAAGATCCCGCGG_010,162
GCTTCATCAAGATCCCGCGG_011,19
GCTTCATCAAGATCCCGCGG_012,34
GCTTCATCAAGATCCCGCGG_013,75
GCTTCATCAAGATCCCGCGG_014,176
GCTTCATCAAGATCCCGCGG_015,72
GCTTCATCAAGATCCCGCGG_016,177
GCTTCATCAAGATCCCGCGG_017,161
CAGATGCATCAGGAACACGT_001,172
CAGATGCATCAGGAACACGT_002,52
GTGTCTGAACAAGATGCACC_001,166
GTGTCTGAACAAGATGCACC_002,142
GTGTCTGAACAAGATGCACC_003,10
GTGTCTGAACAAGATGCACC_004,40
GTGTCTGAACAAGATGCACC_005,105
GTGTCTGAACAAGATGCACC_006,31
GCCTCTCGCCCGAATTCCTG_001,88
GCCTCTCGCCCGAATTCCTG_002,121
GCCTCTCGCCCGAATTCCTG_003,36
GCCTCTCGCCCGAATTCCTG_004,54
GCCTCTCGCCCGAATTCCTG_005,122
GCCTCTCGCCCGAATTCCTG_006,50
GCCTCTCGCCCGAATTCCTG_007,49
GCCTCTCGCCCGAATTCCTG_008,50
GCCTCTCGCCCGAATTCCTG_009,102
GCCTCTCGCCCGAATTCCTG_010,70
GCCTCTCGCCCGAATTCCTG_011,172
GCCTCTCGCCCGAATTCCTG_012,170
TTTGTGGAAAGACACCGTCA_001,68
TTTGTGGAAAGACACCGTCA_002,48
TTTGTGGAAAGACACCGTCA_003,15
TTTGTGGAAAGACACCGTCA_004,175
TTTGTGGAAAGACACCGTCA_005,127
TTTGTGGAAAGACACCGTCA_006,177
TTTGTGGAAAGACACCGTCA_007,163
TTTGTGGAAAGACACCGTCA_008,176
CATCTCCAATGAGAAGCCTG_001,112
CATCTCCAATGAGAAGCCTG_002,49
CATCTCCAATGAGAAGCCTG_003,16
CATCTCCAATGAGAAGCCTG_004,106
AGAGCAATTATGGTCCCAGG_001,62
AGAGCAATTATGGTCCCAGG_002,63
AGAGCAATTATGGTCCCAGG_003,10
AGAGCAATTATGGTCCCAGG_004,42
AGAGCAATTATGGTCCCAGG_005,176
AGAGCAATTATGGTCCCAGG_006,150
AGAGCAATTATGGTCCCAGG_007,12
AGAGCAATTATGGTCCCAGG_008,106
AGCTAATACAGGTATCGGGA_001,64
TCATTGTAGAAAGCAAACTG_001,182
TCATTGTAGAAAGCAAACTG_002,65
TCATTGTAGAAAGCAAACTG_003,17
TCATTGTAGAAAGCAAACTG_004,98
TCATTGTAGAAAGCAAACTG_005,9
TCATTGTAGAAAGCAAACTG_006,165
TCATTGTAGAAAGCAAACTG_007,72
TCATTGTAGAAAGCAAACTG_008,87
TCATTGTAGAAAGCAAACTG_009,87
CATGGACAGTGTCCGCTCAG_001,114
CATGGACAGTGTCCGCTCAG_002,171
CATGGACAGTGTCCGCTCAG_003,107
CATGGACAGTGTCCGCTCAG_004,30
CATGGACAGTGTCCGCTCAG_005,19
CATGGACAGTGTCCGCTCAG_006,13
CATGGACAGTGTCCGCTCAG_007,75
CATGGACAGTGTCCGCTCAG_008,144
CATGGACAGTGTCCGCTCAG_009,62
CATGGACAGTGTCCGCTCAG_010,71
CATGGACAGTGTCCGCTCAG_011,102
CATGGACAGTGTCCGCTCAG_012,108
GAGTGATGAACATAGGACTG_001,127
GAGTGATGAACATAGGACTG_002,105
GAGTGATGAACATAGGACTG_003,131
GAGTGATGAACATAGGACTG_004,88
GAGTGATGAACATAGGACTG_005,28
GAGTGATGAACATAGGACTG_006,181
GAGTGATGAACATAGGACTG_007,78
GAGTGATGAACATAGGACTG_008,159
GAGTGATGAACATAGGACTG_009,141
GAGTGATGAACATAGGACTG_010,151
CCCGTCAGTCCCTCACCGGG_001,7
CCCGTCAGTCCCTCACCGGG_002,40
CCCGTCAGTCCCTCACCGGG_003,162
CCCGTCAGTCCCTCACCGGG_004,3
CCCGTCAGTCCCTCACCGGG_005,161
CCCGTCAGTCCCTCACCGGG_006,61
TGGATTGTGCAGACCACGAA_001,138
TGGATTGTGCAGACCACGAA_002,152
TGGATTGTGCAGACCACGAA_003,150
TGGATTGTGCAGACCACGAA_004,15
TGGATTGTGCAGACCACGAA_005,31
CCTGCCACCGTGTCTCAAGG_001,132
CCTGCCACCGTGTCTCAAGG_002,151
CCTGCCACCGTGTCTCAAGG_003,137
TCAACAGGAGAAATTGGGCA_001,36
TCAACAGGAGAAATTGGGCA_002,78
TCAACAGGAGAAATTGGGCA_003,192
TCAACAGGAGAAATTGGGCA_004,145
TCAACAGGAGAAATTGGGCA_005,70
TCAACAGGAGAAATTGGGCA_006,144
TTCTCAGGTAATGACTCCAC_001,166
TTCTCAGGTAATGACTCCAC_002,114
TTCTCAGGTAATGACTCCAC_003,183
TTCTCAGGTAATGACTCCAC_004,78
GATTCTCCAATATGGGATAG_001,5
GATTCTCCAATATGGGATAG_002,127
GATTCTCCAATATGGGATAG_003,2
GATTCTCCAATATGGGATAG_004,157
GATTCTCCAATATGGGATAG_005,56
GATTCTCCAATATGGGATAG_006,107
ATCCACAGGTTCACTAACGG_001,77
ATCCACAGGTTCACTAACGG_002,122
ATCCACAGGTTCACTAACGG_003,175
ATCCACAGGTTCACTAACGG_004,176
ATCCACAGGTTCACTAACGG_005,45
ATCCACAGGTTCACTAACGG_006,70
ATCCACAGGTTCACTAACGG_007,22
ATCCACAGGTTCACTAACGG_008,177
ATCCACAGGTTCACTAACGG_009,59
ATCCACAGGTTCACTAACGG_010,97
ATCCACAGGTTCACTAACGG_011,19
AATTTGTAGTAAATTAGCAG_001,93
AATTTGTAGTAAATTAGCAG_002,137
AATTTGTAGTAAATTAGCAG_003,30
AATTTGTAGTAAATTAGCAG_004,86
AACTCAACAAGCTACCCCAG_001,127
AACTCAACAAGCTACCCCAG_002,48
AACTCAACAAGCTACCCCAG_003,168
AACTCAACAAGCTACCCCAG_004,152
ACTTCAGGGAATGACCCGTG_001,193
ACTTCAGGGAATGACCCGTG_002,145
ACTTCAGGGAATGACCCGTG_003,0
ACTTCAGGGAATGACCCGTG_004,30
ACTTCAGGGAATGACCCGTG_005,82
ACTTCAGGGAATGACCCGTG_006,41
ACTTCAGGGAATGACCCGTG_007,105
CATCTCCAATGCTCAAGTAG_001,58
CATCTCCAATGCTCAAGTAG_002,6
GTTGCTACCAAAACAGTCTG_001,107
GTTGCTACCAAAACAGTCTG_002,145
GTTGCTACCAAAACAGTCTG_003,21
GTTGCTACCAAAACAGTCTG_004,86
GTTGCTACCAAAACAGTCTG_005,13
GTTGCTACCAAAACAGTCTG_006,6
GAGTTAGGGGAGTCAGCCAC_001,132
GAGTTAGGGGAGTCAGCCAC_002,181
GAGTTAGGGGAGTCAGCCAC_003,126
TGAGGTCGAAGGACTCTACG_001,173
CCACGGACAGTCATAGGCAA_001,185
CCACGGACAGTCATAGGCAA_002,116
CCACGGACAGTCATAGGCAA_003,194
CCACGGACAGTCATAGGCAA_004,149
CCACGGACAGTCATAGGCAA_005,177
CCACGGACAGTCATAGGCAA_006,147
CCACGGACAGTCATAGGCAA_007,48
CCACGGACAGTCATAGGCAA_008,112
CCACGGACAGTCATAGGCAA_009,26
CCACGGACAGTCATAGGCAA_010,188
CCACGGACAGTCATAGGCAA_011,102
CCACGGACAGTCATAGGCAA_012,162
CCACGGACAGTCATAGGCAA_013,148
CCACGGACAGTCATAGGCAA_014,194
CCACGGACAGTCATAGGCAA_015,62
CCACGGACAGTCATAGGCAA_016,94
CCACGGACAGTCATAGGCAA_017,174
CCACGGACAGTCATAGGCAA_018,6
CCACGGACAGTCATAGGCAA_019,40
CCACGGACAGTCATAGGCAA_020,183
CCACGGACAGTCATAGGCAA_021,117
CCACGGACAGTCATAGGCAA_022,52
AAGTAGTTTGGACAACTCCG_001,169
AAGTAGTTTGGACAACTCCG_002,194
AAGTAGTTTGGACAACTCCG_003,195
AAGTAGTTTGGACAACTCCG_004,139
AAGTAGTTTGGACAACTCCG_005,84
AAGTAGTTTGGACAACTCCG_006,48
AAGTAGTTTGGACAACTCCG_007,149
AAGTAGTTTGGACAACTCCG_008,48
CGACACAGAGGAATCAGCAG_001,199
CGACACAGAGGAATCAGCAG_002,141
CGACACAGAGGAATCAGCAG_003,50
CGACACAGAGGAATCAGCAG_004,113
CGACACAGAGGAATCAGCAG_005,133
CGACACAGAGGAATCAGCAG_006,62
CGACACAGAGGAATCAGCAG_007,131
CGACACAGAGGAATCAGCAG_008,68
CAGGAGGTGCAGCTTAACGT_001,105
CAGGAGGTGCAGCTTAACGT_002,158
CAGGAGGTGCAGCTTAACGT_003,154
CAGGAGGTGCAGCTTAACGT_004,168
CAGGAGGTGCAGCTTAACGT_005,146
CAGGAGGTGCAGCTTAACGT_006,61
CAGGAGGTGCAGCTTAACGT_007,44
CAGGAGGTGCAGCTTAACGT_008,153
CAGGAGGTGCAGCTTAACGT_009,81
CAGGAGGTGCAGCTTAACGT_010,12
CAGGAGGTGCAGCTTAACGT_011,84
CAGGAGGTGCAGCTTAACGT_012,155
CAGGAGGTGCAGCTTAACGT_013,16
CAGGAGGTGCAGCTTAACGT_014,155
CAGGAGGTGCAGCTTAACGT_015,167
CAGGAGGTGCAGCTTAACGT_016,12
CAGGAGGTGCAGCTTAACGT_017,64
CAGGAGGTGCAGCTTAACGT_018,93
CAGGAGGTGCAGCTTAACGT_019,42
CAGGAGGTGCAGCTTAACGT_020,64
CAGGAGGTGCAGCTTAACGT_021,6
CAGGAGGTGCAGCTTAACGT_022,137
CAGGAGGTGCAGCTTAACGT_023,56
CAGGAGGTGCAGCTTAACGT_024,170
GGAGGAGCCAGTGGTCCAGG_001,109
GGAGGAGCCAGTGGTCCAGG_002,83
GGAGGAGCCAGTGGTCCAGG_003,76
GGAGGAGCCAGTGGTCCAGG_004,150
GGAGGAGCCAGTGGTCCAGG_005,20
GGAGGAGCCAGTGGTCCAGG_006,48
GGAGGAGCCAGTGGTCCAGG_007,114
GGAGGAGCCAGTGGTCCAGG_008,60
GGAGGAGCCAGTGGTCCAGG_009,40
GGAGGAGCCAGTGGTCCAGG_010,148
GGAGGAGCCAGTGGTCCAGG_011,78
CGGAACAGAAATGACTCCTG_001,94
CGGAACAGAAATGACTCCTG_002,32
CGGAACAGAAATGACTCCTG_003,15
CGGAACAGAAATGACTCCTG_004,168
CGGAACAGAAATGACTCCTG_005,88
CGGAACAGAAATGACTCCTG_006,177
CGGAACAGAAATGACTCCTG_007,197
CGGAACAGAAATGACTCCTG_008,148
CGGAACAGAAATGACTCCTG_009,133
CGGAACAGAAATGACTCCTG_010,35
CGCAACCTGGTGCTGACCAA_001,106
CGCAACCTGGTGCTGACCAA_002,170
CGCAACCTGGTGCTGACCAA_003,60
CGCAACCTGGTGCTGACCAA_004,60
CGCAACCTGGTGCTGACCAA_005,34
CGCAACCTGGTGCTGACCAA_006,150
CGCAACCTGGTGCTGACCAA_007,70
CGCAACCTGGTGCTGACCAA_008,81
CGCAACCTGGTGCTGACCAA_009,47
CGCAACCTGGTGCTGACCAA_010,116
CGCAACCTGGTGCTGACCAA_011,130
CGCAACCTGGTGCTGACCAA_012,148
CGCAACCTGGTGCTGACCAA_013,187
CGCAACCTGGTGCTGACCAA_014,58
CGCAACCTGGTGCTGACCAA_015,47
CGCAACCTGGTGCTGACCAA_016,85
CGCAACCTGGTGCTGACCAA_017,87
CGCAACCTGGTGCTGACCAA_018,105
CGCAACCTGGTGCTGACCAA_019,176
CGCAACCTGGTGCTGACCAA_020,76
CGCAACCTGGTGCTGACCAA_021,5
CGCAACCTGGTGCTGACCAA_022,118
CGCAACCTGGTGCTGACCAA_023,50
CGCAACCTGGTGCTGACCAA_024,6
CGCAACCTGGTGCTGACCAA_025,3
ATCACCAATAAACTAGATGA_001,114
ATCACCAATAAACTAGATGA_002,60
ATCACCAATAAACTAGATGA_003,190
ATCACCAATAAACTAGATGA_004,88
ATCACCAATAAACTAGATGA_005,48
ATCACCAATAAACTAGATGA_006,136
ATCACCAATAAACTAGATGA_007,115
ATCACCAATAAACTAGATGA_008,49
ATCACCAATAAACTAGATGA_009,145
ATCACCAATAAACTAGATGA_010,176
CCTGCTCATCAACCGCAACG_001,183
CCTGCTCATCAACCGCAACG_002,137
CCTGCTCATCAACCGCAACG_003,41
CCTGCTCATCAACCGCAACG_004,180
CCTGCTCATCAACCGCAACG_005,114
CCTGCTCATCAACCGCAACG_006,41
CCTGCTCATCAACCGCAACG_007,36
CCTGCTCATCAACCGCAACG_008,70
CCTGCTCATCAACCGCAACG_009,162
CCTGCTCATCAACCGCAACG_010,28
CCTGCTCATCAACCGCAACG_011,72
CCTGCTCATCAACCGCAACG_012,158
CCTGCTCATCAACCGCAACG_013,112
CCTGCTCATCAACCGCAACG_014,34
CCTGCTCATCAACCGCAACG_015,137
CCTGCTCATCAACCGCAACG_016,132
CCTGCTCATCAACCGCAACG_017,58
CCTGCTCATCAACCGCAACG_018,169
CCTGCTCATCAACCGCAACG_019,96
CCTGCTCATCAACCGCAACG_020,146
CCTGCTCATCAACCGCAACG_021,126
CCTGCTCATCAACCGCAACG_022,116
CCTGCTCATCAACCGCAACG_023,49
CCTGCTCATCAACCGCAACG_024,166
CCTGCTCATCAACCGCAACG_025,98
CCTGCTCATCAACCGCAACG_026,37
CCTGCTCATCAACCGCAACG_027,115
CCTGCTCATCAACCGCAACG_028,45
CCTGCTCATCAACCGCAACG_029,134
CCTGCTCATCAACCGCAACG_030,118
AGCTCAATATCGTCACATGA_001,177
AGCTCAATATCGTCACATGA_002,35
AGCTCAATATCGTCACATGA_003,79
AGCTCAATATCGTCACATGA_004,108
AGCTCAATATCGTCACATGA_005,81
AGCTCAATATCGTCACATGA_006,160
AGCTCAATATCGTCACATGA_007,113
AGGCGTTTGGAGACCAGCGA_001,157
AGGCGTTTGGAGACCAGCGA_002,60
AGGCGTTTGGAGACCAGCGA_003,188
AGGCGTTTGGAGACCAGCGA_004,154
AGGCGTTTGGAGACCAGCGA_005,191
AGGCGTTTGGAGACCAGCGA_006,131
AGGCGTTTGGAGACCAGCGA_007,165
AGGCGTTTGGAGACCAGCGA_008,14
AGGCGTTTGGAGACCAGCGA_009,77
AGGCGTTTGGAGACCAGCGA_010,62
AGGCGTTTGGAGACCAGCGA_011,129
AGGCGTTTGGAGACCAGCGA_012,62
AGGCGTTTGGAGACCAGCGA_013,70
AGGCGTTTGGAGACCAGCGA_014,72
AGGCGTTTGGAGACCAGCGA_015,150
AGGCGTTTGGAGACCAGCGA_016,86
AGGCGTTTGGAGACCAGCGA_017,16
AGGCGTTTGGAGACCAGCGA_018,145
AGGCGTTTGGAGACCAGCGA_019,48
AGGCGTTTGGAGACCAGCGA_020,5
CTCTACCGCCCGGAAAACGT_001,176
CTCTACCGCCCGGAAAACGT_002,185
CTCTACCGCCCGGAAAACGT_003,188
CTCTACCGCCCGGAAAACGT_004,120
CTCTACCGCCCGGAAAACGT_005,55
CTCTACCGCCCGGAAAACGT_006,115
CTCTACCGCCCGGAAAACGT_007,53
CTGGTTATTATGCAGATGCA_001,147
CTGGTTATTATGCAGATGCA_002,154
CTGGTTATTATGCAGATGCA_003,78
CTGGTTATTATGCAGATGCA_004,188
CTGGTTATTATGCAGATGCA_005,144
CTGGTTATTATGCAGATGCA_006,40
CTGGTTATTATGCAGATGCA_007,2
ATGTAAAGCAAAAGTCCAGC_001,8
ATGTAAAGCAAAAGTCCAGC_002,17
ATGTAAAGCAAAAGTCCAGC_003,115
ATGTAAAGCAAAAGTCCAGC_004,193
ATGTAAAGCAAAAGTCCAGC_005,154
ATGTAAAGCAAAAGTCCAGC_006,102
ATGTAAAGCAAAAGTCCAGC_007,73
ATGTAAAGCAAAAGTCCAGC_008,169
ATGTAAAGCAAAAGTCCAGC_009,20
ATGTAAAGCAAAAGTCCAGC_010,180
TCAACCATAGCACTGTTCTG_001,62
TCAACCATAGCACTGTTCTG_002,135
TCAACCATAGCACTGTTCTG_003,47
TCAACCATAGCACTGTTCTG_004,65
TCAACCATAGCACTGTTCTG_005,41
TCAACCATAGCACTGTTCTG_006,103
TCAACCATAGCACTGTTCTG_007,194
GTTCCGAAGACCACTTGCAA_001,105
GTTCCGAAGACCACTTGCAA_002,123
GTTCCGAAGACCACTTGCAA_003,174
GTTCCGAAGACCACTTGCAA_004,174
GTTCCGAAGACCACTTGCAA_005,166
GTTCCGAAGACCACTTGCAA_006,169
GTTCCGAAGACCACTTGCAA_007,105
GTTCCGAAGACCACTTGCAA_008,118
GTTCCGAAGACCACTTGCAA_009,19
GTTCCGAAGACCACTTGCAA_010,19
GTTCCGAAGACCACTTGCAA_011,126
AGAATATCAGTATTCCGGCC_001,162
AATGAAATCGATGCGCTTGG_001,60
AATGAAATCGATGCGCTTGG_002,105
AATGAAATCGATGCGCTTGG_003,103
AATGAAATCGATGCGCTTGG_004,166
AATGAAATCGATGCGCTTGG_005,184
AATGAAATCGATGCGCTTGG_006,108
AATGAAATCGATGCGCTTGG_007,56
AATGAAATCGATGCGCTTGG_008,106
AATGAAATCGATGCGCTTGG_009,148
TCACCAATAGAGGAATCCCA_001,169
TCACCAATAGAGGAATCCCA_002,94
TCACCAATAGAGGAATCCCA_003,106
TCACCAATAGAGGAATCCCA_004,9
GGCGGATGTGGAGATAGTGC_001,141
GGCGGATGTGGAGATAGTGC_002,34
GGCGGATGTGGAGATAGTGC_003,45
GGCGGATGTGGAGATAGTGC_004,88
TAGAGTACTCGAAGTCGACA_001,134
TAGAGTACTCGAAGTCGACA_002,180
TAGAGTACTCGAAGTCGACA_003,176
TAGAGTACTCGAAGTCGACA_004,20
TAGAGTACTCGAAGTCGACA_005,17
TGCCGTTGACTGCGCCACGC_001,65
TGCCGTTGACTGCGCCACGC_002,80
TGCCGTTGACTGCGCCACGC_003,187
TGCCGTTGACTGCGCCACGC_004,158
TGCCGTTGACTGCGCCACGC_005,42
TGCCGTTGACTGCGCCACGC_006,101
TGCCGTTGACTGCGCCACGC_007,62
TGCCGTTGACTGCGCCACGC_008,56
TGCCGTTGACTGCGCCACGC_009,34
TGCCGTTGACTGCGCCACGC_010,59
TGCCGTTGACTGCGCCACGC_011,148
TGCCGTTGACTGCGCCACGC_012,39
TGCCGTTGACTGCGCCACGC_013,106
GCTCCGGAAGTCAACTGCCA_001,88
GCTCCGGAAGTCAACTGCCA_002,76
GCTCCGGAAGTCAACTGCCA_003,150
GCTCCGGAAGTCAACTGCCA_004,176
GCTCCGGAAGTCAACTGCCA_005,35
GCTCCGGAAGTCAACTGCCA_006,11
GCTCCGGAAGTCAACTGCCA_007,141
GCTCCGGAAGTCAACTGCCA_008,99
GCTCCGGAAGTCAACTGCCA_009,63
GCTCCGGAAGTCAACTGCCA_010,138
GCTCCGGAAGTCAACTGCCA_011,107
GCTCCGGAAGTCAACTGCCA_012,35
GCTCCGGAAGTCAACTGCCA_013,55
GCTCCGGAAGTCAACTGCCA_014,29
GCTCCGGAAGTCAACTGCCA_015,94
GCTCCGGAAGTCAACTGCCA_016,7
ACATTTACAAGAACCGGCAG_001,51
ACATTTACAAGAACCGGCAG_002,98
ACATTTACAAGAACCGGCAG_003,60
ACATTTACAAGAACCGGCAG_004,0
CCAAGCGCCAGAAGTATGAA_001,171
CCAAGCGCCAGAAGTATGAA_002,48
CCAAGCGCCAGAAGTATGAA_003,76
CCAAGCGCCAGAAGTATGAA_004,23
CCAAGCGCCAGAAGTATGAA_005,88
CCAAGCGCCAGAAGTATGAA_006,5
CCAAGCGCCAGAAGTATGAA_007,29
CCAAGCGCCAGAAGTATGAA_008,132
CCAAGCGCCAGAAGTATGAA_009,15
CCAAGCGCCAGAAGTATGAA_010,56
CCAAGCGCCAGAAGTATGAA_011,82
CCAAGCGCCAGAAGTATGAA_012,57
CCAAGCGCCAGAAGTATGAA_013,95
CCAAGCGCCAGAAGTATGAA_014,149
CCAAGCGCCAGAAGTATGAA_015,40
CCAAGCGCCAGAAGTATGAA_016,178
CCAAGCGCCAGAAGTATGAA_017,19
CCAAGCGCCAGAAGTATGAA_018,149
CCAAGCGCCAGAAGTATGAA_019,73
CCAAGCGCCAGAAGTATGAA_020,100
CCAAGCGCCAGAAGTATGAA_021,36
CCAAGCGCCAGAAGTATGAA_022,29
CCAAGCGCCAGAAGTATGAA_023,23
CCAAGCGCCAGAAGTATGAA_024,136
CCAAGCGCCAGAAGTATGAA_025,113
CCAAGCGCCAGAAGTATGAA_026,144
CCAAGCGCCAGAAGTATGAA_027,138
CCAAGCGCCAGAAGTATGAA_028,22
GCGTTCCCAGGGATAACCAT_001,140
GCGTTCCCAGGGATAACCAT_002,118
GCGTTCCCAGGGATAACCAT_003,192
GCGTTCCCAGGGATAACCAT_004,175
GCGTTCCCAGGGATAACCAT_005,82
GCGTTCCCAGGGATAACCAT_006,88
GCGTTCCCAGGGATAACCAT_007,188
GCGTTCCCAGGGATAACCAT_008,42
GCGTTCCCAGGGATAACCAT_009,84
GCGTTCCCAGGGATAACCAT_010,8
GCGTTCCCAGGGATAACCAT_011,48
GCGTTCCCAGGGATAACCAT_012,184
GCGTTCCCAGGGATAACCAT_013,171
GCGTTCCCAGGGATAACCAT_014,88
GCGTTCCCAGGGATAACCAT_015,48
GCGTTCCCAGGGATAACCAT_016,180
GCGTTCCCAGGGATAACCAT_017,19
GCGTTCCCAGGGATAACCAT_018,74
GCGTTCCCAGGGATAACCAT_019,160
CCAGTGGCTAGCCATAACAG_001,80
CCAGTGGCTAGCCATAACAG_002,15
CCAGTGGCTAGCCATAACAG_003,68
AGAGAAGCAATCGATTCGTG_001,25
AGAGAAGCAATCGATTCGTG_002,19
AGAGAAGCAATCGATTCGTG_003,60
AGAGAAGCAATCGATTCGTG_004,122
GAGGAGATAGCAATTACCAG_001,169
GAGGAGATAGCAATTACCAG_002,169
GAGGAGATAGCAATTACCAG_003,49
GAGGAGATAGCAATTACCAG_004,26
GAGGAGATAGCAATTACCAG_005,114
GAGGAGATAGCAATTACCAG_006,114
GTAGGGGAACCGCCAGACGT_001,188
GTAGGGGAACCGCCAGACGT_002,13
GTAGGGGAACCGCCAGACGT_003,106
GTAGGGGAACCGCCAGACGT_004,77
GTAGGGGAACCGCCAGACGT_005,63
GTAGGGGAACCGCCAGACGT_006,91
GTAGGGGAACCGCCAGACGT_007,141
GTAGGGGAACCGCCAGACGT_008,91
GTAGGGGAACCGCCAGACGT_009,88
GTAGGGGAACCGCCAGACGT_010,162
GTAGGGGAACCGCCAGACGT_011,81
GTAGGGGAACCGCCAGACGT_012,29
GTAGGGGAACCGCCAGACGT_013,61
GTAGGGGAACCGCCAGACGT_014,101
GTAGGGGAACCGCCAGACGT_015,42
GTAGGGGAACCGCCAGACGT_016,140
GTAGGGGAACCGCCAGACGT_017,129
GTAGGGGAACCGCCAGACGT_018,152
GTAGGGGAACCGCCAGACGT_019,84
GTAGGGGAACCGCCAGACGT_020,66
GTAGGGGAACCGCCAGACGT_021,162
TCAACTGGGAAACTATAGCA_001,102
TCAACTGGGAAACTATAGCA_002,137
TCAACTGGGAAACTATAGCA_003,40
TCAACTGGGAAACTATAGCA_004,28
TCAACTGGGAAACTATAGCA_005,168
TCAACTGGGAAACTATAGCA_006,52
TCAACTGGGAAACTATAGCA_007,142
TCAACTGGGAAACTATAGCA_008,124
TCAACTGGGAAACTATAGCA_009,152
GAACTTACACGTGGCCACAG_001,65
GAACTTACACGTGGCCACAG_002,11
GAACTTACACGTGGCCACAG_003,105
GAACTTACACGTGGCCACAG_004,105
GAACTTACACGTGGCCACAG_005,136
AGGGCGAAGGTCGTATTGAA_001,30
AGGGCGAAGGTCGTATTGAA_002,25
AGGGCGAAGGTCGTATTGAA_003,24
AGGGCGAAGGTCGTATTGAA_004,152
AGGGCGAAGGTCGTATTGAA_005,40
AGGGCGAAGGTCGTATTGAA_006,33
AGGGCGAAGGTCGTATTGAA_007,17
AGGGCGAAGGTCGTATTGAA_008,20
AGGGCGAAGGTCGTATTGAA_009,7
AGGGCGAAGGTCGTATTGAA_010,88
AGGGCGAAGGTCGTATTGAA_011,5
AGGGCGAAGGTCGTATTGAA_012,146
AGGGCGAAGGTCGTATTGAA_013,169
AGGGCGAAGGTCGTATTGAA_014,111
AGGGCGAAGGTCGTATTGAA_015,83
AGGGCGAAGGTCGTATTGAA_016,141
ATGTGATGAGGTGGTCGCAT_001,111
ATGTGATGAGGTGGTCGCAT_002,63
ATGTGATGAGGTGGTCGCAT_003,49
ATGTGATGAGGTGGTCGCAT_004,92
ATGTGATGAGGTGGTCGCAT_005,26
ATGTGATGAGGTGGTCGCAT_006,5
ATGTGATGAGGTGGTCGCAT_007,55
ATGTGATGAGGTGGTCGCAT_008,113
ATGTGATGAGGTGGTCGCAT_009,77
ATGTGATGAGGTGGTCGCAT_010,26
ATGTGATGAGGTGGTCGCAT_011,92
ATGTGATGAGGTGGTCGCAT_012,83
ATGTGATGAGGTGGTCGCAT_013,192
ATGTGATGAGGTGGTCGCAT_014,172
ATGTGATGAGGTGGTCGCAT_015,67
ATGTGATGAGGTGGTCGCAT_016,190
ATGTGATGAGGTGGTCGCAT_017,147
ATGTGATGAGGTGGTCGCAT_018,66
ATGTGATGAGGTGGTCGCAT_019,81
ATGTGATGAGGTGGTCGCAT_020,123
ATGTGATGAGGTGGTCGCAT_021,19
ATGTGATGAGGTGGTCGCAT_022,9
ATGTGATGAGGTGGTCGCAT_023,30
ATGTGATGAGGTGGTCGCAT_024,170
ATGTGATGAGGTGGTCGCAT_025,193
ATGTGATGAGGTGGTCGCAT_026,107
ATGTGATGAGGTGGTCGCAT_027,101
ATGTGATGAGGTGGTCGCAT_028,18
ATGTGATGAGGTGGTCGCAT_029,34
ATGTGATGAGGTGGTCGCAT_030,198
TGAACCGGCAAAATCCGCTC_001,169
TGAACCGGCAAAATCCGCTC_002,129
TGAACCGGCAAAATCCGCTC_003,66
TGAACCGGCAAAATCCGCTC_004,34
TCTCACGGTTCTGTCTCGTG_001,94
TCAGCAAAGGACGAAACAAA_001,112
TCAGCAAAGGACGAAACAAA_002,2
TCAGCAAAGGACGAAACAAA_003,28
TCAGCAAAGGACGAAACAAA_004,188
TCAGCAAAGGACGAAACAAA_005,96
TCAGCAAAGGACGAAACAAA_006,12
TCAGCAAAGGACGAAACAAA_007,31
AGGGGCTGTAGTCCCGCTCA_001,107
AGGGGCTGTAGTCCCGCTCA_002,1
AGGGGCTGTAGTCCCGCTCA_003,144
AGGGGCTGTAGTCCCGCTCA_004,139
AGGGGCTGTAGTCCCGCTCA_005,11
AGGGGCTGTAGTCCCGCTCA_006,63
AGGGGCTGTAGTCCCGCTCA_007,34
AGGGGCTGTAGTCCCGCTCA_008,130
AGGGGCTGTAGTCCCGCTCA_009,69
AGGGGCTGTAGTCCCGCTCA_010,29
GGAGTCCAAGTTCAAACAGG_001,154
GGAGTCCAAGTTCAAACAGG_002,123
GGAGTCCAAGTTCAAACAGG_003,83
GGAGTCCAAGTTCAAACAGG_004,57
GGAGTCCAAGTTCAAACAGG_005,134
GGAGTCCAAGTTCAAACAGG_006,45
GGAGTCCAAGTTCAAACAGG_007,79
GGAGTCCAAGTTCAAACAGG_008,184
GGTAGTAGTCCTGTTTAACA_001,77
GGTAGTAGTCCTGTTTAACA_002,192
GGTAGTAGTCCTGTTTAACA_003,10
ACAACTATAAACGAGTGACT_001,194
ACAACTATAAACGAGTGACT_002,85
ACAACTATAAACGAGTGACT_003,164
ACAACTATAAACGAGTGACT_004,60
GCAGATGGTCGCGGTCACAG_001,165
GCAGATGGTCGCGGTCACAG_002,137
GCAGATGGTCGCGGTCACAG_003,43
GCAGATGGTCGCGGTCACAG_004,46
GCAGATGGTCGCGGTCACAG_005,35
GCAGATGGTCGCGGTCACAG_006,133
GCAGATGGTCGCGGTCACAG_007,137
GCAGATGGTCGCGGTCACAG_008,174
GCAGATGGTCGCGGTCACAG_009,44
GCAGATGGTCGCGGTCACAG_010,84
GCAGATGGTCGCGGTCACAG_011,121
GCAGATGGTCGCGGTCACAG_012,4
GCAGATGGTCGCGGTCACAG_013,136
GCAGATGGTCGCGGTCACAG_014,153
ATAGTGCCGTTAGTCAAGAA_001,56
ATAGTGCCGTTAGTCAAGAA_002,175
ATAGTGCCGTTAGTCAAGAA_003,8
ATAGTGCCGTTAGTCAAGAA_004,88
ATAGTGCCGTTAGTCAAGAA_005,76
ATAGTGCCGTTAGTCAAGAA_006,174
ATAGTGCCGTTAGTCAAGAA_007,94
ATAGTGCCGTTAGTCAAGAA_008,194
ATAGTGCCGTTAGTCAAGAA_009,59
ATAGTGCCGTTAGTCAAGAA_010,60
ATAGTGCCGTTAGTCAAGAA_011,176
ATAGTGCCGTTAGTCAAGAA_012,199
ATAGTGCCGTTAGTCAAGAA_013,97
ATAGTGCCGTTAGTCAAGAA_014,16
ATAGTGCCGTTAGTCAAGAA_015,49
ATAGTGCCGTTAGTCAAGAA_016,199
CAGCTTTCTCTCGTGGCCCG_001,8
GACCCCAAATTTATGCTGAG_001,103
GACCCCAAATTTATGCTGAG_002,48
GACCCCAAATTTATGCTGAG_003,193
GACCCCAAATTTATGCTGAG_004,112
GACCCCAAATTTATGCTGAG_005,60
GACCCCAAATTTATGCTGAG_006,60
GACCCCAAATTTATGCTGAG_007,118
GACCCCAAATTTATGCTGAG_008,84
GACCCCAAATTTATGCTGAG_009,175
GACCCCAAATTTATGCTGAG_010,142
GACCCCAAATTTATGCTGAG_011,119
GACCCCAAATTTATGCTGAG_012,8
GACCCCAAATTTATGCTGAG_013,70
GACCCCAAATTTATGCTGAG_014,186
GACCCCAAATTTATGCTGAG_015,63
GACCCCAAATTTATGCTGAG_016,48
AGCCACCTTGCAAAACAACT_001,94
AGCCACCTTGCAAAACAACT_002,2
AGCCACCTTGCAAAACAACT_003,77
AGCCACCTTGCAAAACAACT_004,49
AGCCACCTTGCAAAACAACT_005,189
AGCCACCTTGCAAAACAACT_006,181
AGCCACCTTGCAAAACAACT_007,78
AGCCACCTTGCAAAACAACT_008,115
AGCCACCTTGCAAAACAACT_009,186
AGCCACCTTGCAAAACAACT_010,40
AGCCACCTTGCAAAACAACT_011,43
AGCCACCTTGCAAAACAACT_012,166
AGCCACCTTGCAAAACAACT_013,169
AGCCACCTTGCAAAACAACT_014,23
AGCCACCTTGCAAAACAACT_015,62
AGCCACCTTGCAAAACAACT_016,199
AGCCACCTTGCAAAACAACT_017,70
GGGTCTGGTCCATCCAACGA_001,98
GGGTCTGGTCCATCCAACGA_002,130
GGGTCTGGTCCATCCAACGA_003,152
GGGTCTGGTCCATCCAACGA_004,194
GGGTCTGGTCCATCCAACGA_005,169
GGGTCTGGTCCATCCAACGA_006,88
GGGTCTGGTCCATCCAACGA_007,168
GGGTCTGGTCCATCCAACGA_008,126
GGGTCTGGTCCATCCAACGA_009,159
GGGTCTGGTCCATCCAACGA_010,81
GGGTCTGGTCCATCCAACGA_011,152
GGGTCTGGTCCATCCAACGA_012,3
GGGTCTGGTCCATCCAACGA_013,70
TCACCCTCCGCTATTCAACA_001,31
TCACCCTCCGCTATTCAACA_002,117
TCACCCTCCGCTATTCAACA_003,35
TCACCCTCCGCTATTCAACA_004,183
TCACCCTCCGCTATTCAACA_005,164
TCACCCTCCGCTATTCAACA_006,164
TCACCCTCCGCTATTCAACA_007,109
TCACCCTCCGCTATTCAACA_008,134
TCACCCTCCGCTATTCAACA_009,194
TCACCCTCCGCTATTCAACA_010,28
TCACCCTCCGCTATTCAACA_011,2
TCACCCTCCGCTATTCAACA_012,80
TCACCCTCCGCTATTCAACA_013,160
TCACCCTCCGCTATTCAACA_014,29
TCACCCTCCGCTATTCAACA_015,41
TCACCCTCCGCTATTCAACA_016,194
TCACCCTCCGCTATTCAACA_017,64
TCACCCTCCGCTATTCAACA_018,148
TCACCCTCCGCTATTCAACA_019,19
TGGTAAGGTGAAAATGCGAG_001,49
TGGTAAGGTGAAAATGCGAG_002,170
TGGTAAGGTGAAAATGCGAG_003,190
TGGTAAGGTGAAAATGCGAG_004,175
GGCAAGCACCAGCTACTACG_001,150
GGCAAGCACCAGCTACTACG_002,94
GGCAAGCACCAGCTACTACG_003,44
GGCAAGCACCAGCTACTACG_004,158
GGCAAGCACCAGCTACTACG_005,117
GGCAAGCACCAGCTACTACG_006,132
GGCAAGCACCAGCTACTACG_007,126
GGCAAGCACCAGCTACTACG_008,160
GGCAAGCACCAGCTACTACG_009,49
GGCAAGCACCAGCTACTACG_010,182
GGCAAGCACCAGCTACTACG_011,76
GAGCTTAGCAAAGGGTTGGG_001,146
GAGCTTAGCAAAGGGTTGGG_002,34
GAGCTTAGCAAAGGGTTGGG_003,185
GAGCTTAGCAAAGGGTTGGG_004,10
GAGCTTAGCAAAGGGTTGGG_005,148
GAGCTTAGCAAAGGGTTGGG_006,27
GAGCTTAGCAAAGGGTTGGG_007,148
GAGCTTAGCAAAGGGTTGGG_008,158
GAGCTTAGCAAAGGGTTGGG_009,2
GAGCTTAGCAAAGGGTTGGG_010,179
GAGCTTAGCAAAGGGTTGGG_011,60
GATGTAGCGTAGTACTGAGA_001,39
GATGTAGCGTAGTACTGAGA_002,127
GATGTAGCGTAGTACTGAGA_003,70
GATGTAGCGTAGTACTGAGA_004,172
GATGTAGCGTAGTACTGAGA_005,28
GATGTAGCGTAGTACTGAGA_006,19
GATGTAGCGTAGTACTGAGA_007,35
GATGTAGCGTAGTACTGAGA_008,94
GCGACCGCTACAAGGAGTAA_001,77
GCGACCGCTACAAGGAGTAA_002,197
GCGACCGCTACAAGGAGTAA_003,48
GCGACCGCTACAAGGAGTAA_004,1
GCGACCGCTACAAGGAGTAA_005,18
GCGACCGCTACAAGGAGTAA_006,134
GCGACCGCTACAAGGAGTAA_007,132
GCGACCGCTACAAGGAGTAA_008,106
GCGACCGCTACAAGGAGTAA_009,180
GCGACCGCTACAAGGAGTAA_010,49
GCGACCGCTACAAGGAGTAA_011,168
GCTCAGCATGTACGCCAGAG_001,82
GCTCAGCATGTACGCCAGAG_002,77
GCTCAGCATGTACGCCAGAG_003,158
GGCGGGGGCGCTTACCACAG_001,48
GGCGGGGGCGCTTACCACAG_002,78
GGCGGGGGCGCTTACCACAG_003,89
GGCGGGGGCGCTTACCACAG_004,60
GGCGGGGGCGCTTACCACAG_005,134
GGCGGGGGCGCTTACCACAG_006,104
GGCGGGGGCGCTTACCACAG_007,91
GGCGGGGGCGCTTACCACAG_008,78
GGCGGGGGCGCTTACCACAG_009,10
GGCGGGGGCGCTTACCACAG_010,28
GTGGTGCTTGCAGTGTACGA_001,129
GTGGTGCTTGCAGTGTACGA_002,4
GTGGTGCTTGCAGTGTACGA_003,48
GTGGTGCTTGCAGTGTACGA_004,84
GTGGTGCTTGCAGTGTACGA_005,103
GTGGTGCTTGCAGTGTACGA_006,72
GTGGTGCTTGCAGTGTACGA_007,1
GTGGTGCTTGCAGTGTACGA_008,1
GTGGTGCTTGCAGTGTACGA_009,173
GTGGTGCTTGCAGTGTACGA_010,148
GTGGTGCTTGCAGTGTACGA_011,144
GTGGTGCTTGCAGTGTACGA_012,199
GTGGTGCTTGCAGTGTACGA_013,58
AGAATGGAGTCTGTCAGTAC_001,50
AGAATGGAGTCTGTCAGTAC_002,9
AGACGAATTTCTCCACTGGG_001,50
AGACGAATTTCTCCACTGGG_002,158
AGACGAATTTCTCCACTGGG_003,121
AAGAGGGATGAGTCTGTCGA_001,118
AAGAGGGATGAGTCTGTCGA_002,168
AAGAGGGATGAGTCTGTCGA_003,115
AAGAGGGATGAGTCTGTCGA_004,6
AAGAGGGATGAGTCTGTCGA_005,111
AAGAGGGATGAGTCTGTCGA_006,161
AAGAGGGATGAGTCTGTCGA_007,33
AAGAGGGATGAGTCTGTCGA_008,43
AAGAGGGATGAGTCTGTCGA_009,198
AAGAGGGATGAGTCTGTCGA_010,29
AAGAGGGATGAGTCTGTCGA_011,9
AAGAGGGATGAGTCTGTCGA_012,108
AAGAGGGATGAGTCTGTCGA_013,173
AAGAGGGATGAGTCTGTCGA_014,158
AAGAGGGATGAGTCTGTCGA_015,88
AAGAGGGATGAGTCTGTCGA_016,170
AAGAGGGATGAGTCTGTCGA_017,67
AAGAGGGATGAGTCTGTCGA_018,88
AAGAGGGATGAGTCTGTCGA_019,92
AAGAGGGATGAGTCTGTCGA_020,23
AAGAGGGATGAGTCTGTCGA_021,182
AAGAGGGATGAGTCTGTCGA_022,90
AAGAGGGATGAGTCTGTCGA_023,76
AAGAGGGATGAGTCTGTCGA_024,180
ACGAGTCCTTCCTCTACCGG_001,119
ACGAGTCCTTCCTCTACCGG_002,116
ACGAGTCCTTCCTCTACCGG_003,125
ACGAGTCCTTCCTCTACCGG_004,82
ACGAGTCCTTCCTCTACCGG_005,177
ACGAGTCCTTCCTCTACCGG_006,92
ACGAGTCCTTCCTCTACCGG_007,82
ACGAGTCCTTCCTCTACCGG_008,182
ACGAGTCCTTCCTCTACCGG_009,88
ACGAGTCCTTCCTCTACCGG_010,105
ACGAGTCCTTCCTCTACCGG_011,2
ACGAGTCCTTCCTCTACCGG_012,117
ACGAGTCCTTCCTCTACCGG_013,87
ACGAGTCCTTCCTCTACCGG_014,164
ACGAGTCCTTCCTCTACCGG_015,8
ACGAGTCCTTCCTCTACCGG_016,88
ACGAGTCCTTCCTCTACCGG_017,95
ACGAGTCCTTCCTCTACCGG_018,84
ACGAGTCCTTCCTCTACCGG_019,75
ACGAGTCCTTCCTCTACCGG_020,37
ACGAGTCCTTCCTCTACCGG_021,96
CCTTGAGCATGGTGTCGTGG_001,166
CCTTGAGCATGGTGTCGTGG_002,2
CCTTGAGCATGGTGTCGTGG_003,16
CCTTGAGCATGGTGTCGTGG_004,155
CCTTGAGCATGGTGTCGTGG_005,175
CCTTGAGCATGGTGTCGTGG_006,118
GAGGTTTGCCAAGGCCAATG_001,125
GAGGTTTGCCAAGGCCAATG_002,97
GAGGTTTGCCAAGGCCAATG_003,53
GAGGTTTGCCAAGGCCAATG_004,170
GAGGTTTGCCAAGGCCAATG_005,31
GAGGTTTGCCAAGGCCAATG_006,199
GAGGTTTGCCAAGGCCAATG_007,105
GAGGTTTGCCAAGGCCAATG_008,26
GAGGTTTGCCAAGGCCAATG_009,49
GCTTGGGCTTGCGTGCGAAG_001,59
GCTTGGGCTTGCGTGCGAAG_002,15
GCTTGGGCTTGCGTGCGAAG_003,147
GCTTGGGCTTGCGTGCGAAG_004,137
GCTTGGGCTTGCGTGCGAAG_005,41
GCTTGGGCTTGCGTGCGAAG_006,58
GCTTGGGCTTGCGTGCGAAG_007,88
GCTTGGGCTTGCGTGCGAAG_008,162
GCTTGGGCTTGCGTGCGAAG_009,91
GCTTGGGCTTGCGTGCGAAG_010,118
GCTTGGGCTTGCGTGCGAAG_011,170
GCTTGGGCTTGCGTGCGAAG_012,19
GCTTGGGCTTGCGTGCGAAG_013,94
GCTTGGGCTTGCGTGCGAAG_014,130
GGTGGTCGAAGGCTCCGTCA_001,127
GGTGGTCGAAGGCTCCGTCA_002,8
GGTGGTCGAAGGCTCCGTCA_003,34
GGTGGTCGAAGGCTCCGTCA_004,152
GGTGGTCGAAGGCTCCGTCA_005,56
GGTGGTCGAAGGCTCCGTCA_006,170
GGTGGTCGAAGGCTCCGTCA_007,158
GGTGGTCGAAGGCTCCGTCA_008,140
GGTGGTCGAAGGCTCCGTCA_009,166
GGTGGTCGAAGGCTCCGTCA_010,137
GGTGGTCGAAGGCTCCGTCA_011,29
GGTGGTCGAAGGCTCCGTCA_012,140
TTCCAACGTAAATGACTCCA_001,83
TTCCAACGTAAATGACTCCA_002,27
TTCCAACGTAAATGACTCCA_003,43
TTCCAACGTAAATGACTCCA_004,136
TTCCAACGTAAATGACTCCA_005,183
TTCCAACGTAAATGACTCCA_006,157
TTCCAACGTAAATGACTCCA_007,158
TTCCAACGTAAATGACTCCA_008,103
TTCCAACGTAAATGACTCCA_009,137
TTCCAACGTAAATGACTCCA_010,137
ACAGAGAGAGGTCTGTAAAG_001,15
ACAGAGAGAGGTCTGTAAAG_002,9
ACAGAGAGAGGTCTGTAAAG_003,77
ACAGAGAGAGGTCTGTAAAG_004,24
ACAGAGAGAGGTCTGTAAAG_005,55
ACAGAGAGAGGTCTGTAAAG_006,176
ACAGAGAGAGGTCTGTAAAG_007,1
ACAGAGAGAGGTCTGTAAAG_008,12
ACAGAGAGAGGTCTGTAAAG_009,196
ACAGAGAGAGGTCTGTAAAG_010,30
ACAGAGAGAGGTCTGTAAAG_011,50
ACAGAGAGAGGTCTGTAAAG_012,57
ACAGAGAGAGGTCTGTAAAG_013,106
ACAGAGAGAGGTCTGTAAAG_014,56
ACAGAGAGAGGTCTGTAAAG_015,172
ACAGAGAGAGGTCTGTAAAG_016,174
ACAGAGAGAGGTCTGTAAAG_017,121
ACAGAGAGAGGTCTGTAAAG_018,1
ACAGAGAGAGGTCTGTAAAG_019,83
ATGCTCAGAACATAACGGGG_001,121
ATGCTCAGAACATAACGGGG_002,133
ATGCTCAGAACATAACGGGG_003,66
ATGCTCAGAACATAACGGGG_004,27
ATGCTCAGAACATAACGGGG_005,104
ATGCTCAGAACATAACGGGG_006,104
ATGCTCAGAACATAACGGGG_007,26
ATGCTCAGAACATAACGGGG_008,15
ATGCTCAGAACATAACGGGG_009,44
ATGCTCAGAACATAACGGGG_010,154
ATGCTCAGAACATAACGGGG_011,112
ATGCTCAGAACATAACGGGG_012,15
ATGCTCAGAACATAACGGGG_013,7
ATGCTCAGAACATAACGGGG_014,43
ATGCTCAGAACATAACGGGG_015,115
ATGCTCAGAACATAACGGGG_016,27
ATGCTCAGAACATAACGGGG_017,166
CAGGAGACTCACCTGAACCT_001,160
CCTCTGCGTGATGTATGCTG_001,107
CCTCTGCGTGATGTATGCTG_002,39
CCTCTGCGTGATGTATGCTG_003,94
CCTCTGCGTGATGTATGCTG_004,134
CCTCTGCGTGATGTATGCTG_005,110
CCTCTGCGTGATGTATGCTG_006,110
CCTCTGCGTGATGTATGCTG_007,17
TGTAAAGGCCCTCATAGTCA_001,148
TGTAAAGGCCCTCATAGTCA_002,50
AGTGTGAGATAAATACTCGG_001,166
AGTGTGAGATAAATACTCGG_002,170
AGTGTGAGATAAATACTCGG_003,103
GTTGTTTGAGAACGAACCGG_001,188
GTTGTTTGAGAACGAACCGG_002,62
GTTGTTTGAGAACGAACCGG_003,33
GTTGTTTGAGAACGAACCGG_004,47
GTTGTTTGAGAACGAACCGG_005,47
GTTGTTTGAGAACGAACCGG_006,170
TATGCGCCGGATCTCCTCAG_001,47
TATGCGCCGGATCTCCTCAG_002,15
TATGCGCCGGATCTCCTCAG_003,17
TATGCGCCGGATCTCCTCAG_004,81
TATGCGCCGGATCTCCTCAG_005,146
TATGCGCCGGATCTCCTCAG_006,150
TATGCGCCGGATCTCCTCAG_007,50
TATGCGCCGGATCTCCTCAG_008,45
TATGCGCCGGATCTCCTCAG_009,168
TATGCGCCGGATCTCCTCAG_010,176
TATGCGCCGGATCTCCTCAG_011,21
TATGCGCCGGATCTCCTCAG_012,169
TATGCGCCGGATCTCCTCAG_013,70
TATGCGCCGGATCTCCTCAG_014,169
TATGCGCCGGATCTCCTCAG_015,1
TATGCGCCGGATCTCCTCAG_016,179
TATGCGCCGGATCTCCTCAG_017,178
TATGCGCCGGATCTCCTCAG_018,178
AGGAACTTGGAACTGTCATG_001,150
AGGAACTTGGAACTGTCATG_002,75
AGGAACTTGGAACTGTCATG_003,121
AGGAACTTGGAACTGTCATG_004,3
AGGAACTTGGAACTGTCATG_005,144
AAGCCCGACCAGGACGCCGA_001,50
AAGCCCGACCAGGACGCCGA_002,61
AAGCCCGACCAGGACGCCGA_003,67
AAGCCCGACCAGGACGCCGA_004,183
AAGCCCGACCAGGACGCCGA_005,130
AAGCCCGACCAGGACGCCGA_006,173
AAGCCCGACCAGGACGCCGA_007,132
AAGCCCGACCAGGACGCCGA_008,135
AAGCCCGACCAGGACGCCGA_009,82
AAGCCCGACCAGGACGCCGA_010,83
AAGCCCGACCAGGACGCCGA_011,127
AAGCCCGACCAGGACGCCGA_012,4
AAGCCCGACCAGGACGCCGA_013,144
AAGCCCGACCAGGACGCCGA_014,133
AAGCCCGACCAGGACGCCGA_015,187
AAGCCCGACCAGGACGCCGA_016,56
AAGCCCGACCAGGACGCCGA_017,147
AAGCCCGACCAGGACGCCGA_018,107
AAGCCCGACCAGGACGCCGA_019,78
AAGCCCGACCAGGACGCCGA_020,149
AAGCCCGACCAGGACGCCGA_021,198
AAGCCCGACCAGGACGCCGA_022,137
AAGCCCGACCAGGACGCCGA_023,170
GCGCGACACCTGGTACACGC_001,40
GCGCGACACCTGGTACACGC_002,103
GCGCGACACCTGGTACACGC_003,165
GCGCGACACCTGGTACACGC_004,187
GCGCGACACCTGGTACACGC_005,199
GCGCGACACCTGGTACACGC_006,121
GCGCGACACCTGGTACACGC_007,162
GCGCGACACCTGGTACACGC_008,113
GCGCGACACCTGGTACACGC_009,12
GCGCGACACCTGGTACACGC_010,146
GCGCGACACCTGGTACACGC_011,106
GCGCGACACCTGGTACACGC_012,199
GCGCGACACCTGGTACACGC_013,66
GCGCGACACCTGGTACACGC_014,108
GCGCGACACCTGGTACACGC_015,148
GCGCGACACCTGGTACACGC_016,192
GCGCGACACCTGGTACACGC_017,12
GCGCGACACCTGGTACACGC_018,12
GCGCGACACCTGGTACACGC_019,135
GCGCGACACCTGGTACACGC_020,197
GCGCGACACCTGGTACACGC_021,117
GCGCGACACCTGGTACACGC_022,137
GCGCGACACCTGGTACACGC_023,49
CGCCTACAGAACGAGCACCG_001,94
CGCCTACAGAACGAGCACCG_002,130
CGCCTACAGAACGAGCACCG_003,15
CGCCTACAGAACGAGCACCG_004,48
CGCCTACAGAACGAGCACCG_005,188
CGCCTACAGAACGAGCACCG_006,41
CGCCTACAGAACGAGCACCG_007,127
CGCCTACAGAACGAGCACCG_008,33
CGCCTACAGAACGAGCACCG_009,174
CGCCTACAGAACGAGCACCG_010,78
CGCCTACAGAACGAGCACCG_011,98
CGCCTACAGAACGAGCACCG_012,92
CGCCTACAGAACGAGCACCG_013,40
CGCCTACAGAACGAGCACCG_014,100
CGCCTACAGAACGAGCACCG_015,25
CGCCTACAGAACGAGCACCG_016,162
CGCCTACAGAACGAGCACCG_017,199
CGCCTACAGAACGAGCACCG_018,111
CGCCTACAGAACGAGCACCG_019,158
CGCCTACAGAACGAGCACCG_020,2
CGCCTACAGAACGAGCACCG_021,188
ATAGAAAAGCTGCAAGCCTG_001,151
ATAGAAAAGCTGCAAGCCTG_002,32
ATAGAAAAGCTGCAAGCCTG_003,198
ATAGAAAAGCTGCAAGCCTG_004,146
ATAGAAAAGCTGCAAGCCTG_005,194
ATAGAAAAGCTGCAAGCCTG_006,92
ATAGAAAAGCTGCAAGCCTG_007,148
ATAGAAAAGCTGCAAGCCTG_008,50
ATAGAAAAGCTGCAAGCCTG_009,146
ATAGAAAAGCTGCAAGCCTG_010,68
ATAGAAAAGCTGCAAGCCTG_011,79
ATAGAAAAGCTGCAAGCCTG_012,14
GTACTTTCAAACCGCAGAGA_001,58
GTACTTTCAAACCGCAGAGA_002,56
GTACTTTCAAACCGCAGAGA_003,13
GTACTTTCAAACCGCAGAGA_004,31
GTACTTTCAAACCGCAGAGA_005,8
GTACTTTCAAACCGCAGAGA_006,144
GTACTTTCAAACCGCAGAGA_007,40
GTACTTTCAAACCGCAGAGA_008,167
GTACTTTCAAACCGCAGAGA_009,167
GTACTTTCAAACCGCAGAGA_010,144
GTACTTTCAAACCGCAGAGA_011,171
GTACTTTCAAACCGCAGAGA_012,8
GTACTTTCAAACCGCAGAGA_013,162
GTACTTTCAAACCGCAGAGA_014,170
GCTTAACAGACAGAAGACCA_001,171
GCTTAACAGACAGAAGACCA_002,127
GCTTAACAGACAGAAGACCA_003,49
GCTTAACAGACAGAAGACCA_004,147
GCTTAACAGACAGAAGACCA_005,9
GCTTAACAGACAGAAGACCA_006,88
GCTTAACAGACAGAAGACCA_007,102
GCTTAACAGACAGAAGACCA_008,160
CAAGGACCGGAACGAGAATG_001,75
CAAGGACCGGAACGAGAATG_002,160
CAAGGACCGGAACGAGAATG_003,141
CAAGGACCGGAACGAGAATG_004,23
TCCTCTGAGAAACTAGTCAG_001,140
TCCTCTGAGAAACTAGTCAG_002,127
TCCTCTGAGAAACTAGTCAG_003,27
TCCTCTGAGAAACTAGTCAG_004,81
TCCTCTGAGAAACTAGTCAG_005,106
TCCTCTGAGAAACTAGTCAG_006,106
TGAGCACTGAGATCGGCACG_001,181
TGAGCACTGAGATCGGCACG_002,16
TGAGCACTGAGATCGGCACG_003,117
TGAGCACTGAGATCGGCACG_004,5
TGAGCACTGAGATCGGCACG_005,173
TGAGCACTGAGATCGGCACG_006,78
TGAGCACTGAGATCGGCACG_007,117
TGAGCACTGAGATCGGCACG_008,80
TGAGCACTGAGATCGGCACG_009,196
TGAGCACTGAGATCGGCACG_010,138
TGGCCAAGCTGTCGTCGGTG_001,142
TGGCCAAGCTGTCGTCGGTG_002,127
TGGCCAAGCTGTCGTCGGTG_003,185
GTGGAGTAAGAGCTATACGC_001,192
GTGGAGTAAGAGCTATACGC_002,147
ATAACCGAGATGGTCGCCAG_001,59
ATAACCGAGATGGTCGCCAG_002,2
ATAACCGAGATGGTCGCCAG_003,137
ATAACCGAGATGGTCGCCAG_004,15
ATAACCGAGATGGTCGCCAG_005,195
ATAACCGAGATGGTCGCCAG_006,22
ATAACCGAGATGGTCGCCAG_007,102
ATAACCGAGATGGTCGCCAG_008,28
ATAACCGAGATGGTCGCCAG_009,77
ATAACCGAGATGGTCGCCAG_010,8
ATAACCGAGATGGTCGCCAG_011,16
ATAACCGAGATGGTCGCCAG_012,22
ATAACCGAGATGGTCGCCAG_013,30
ATAACCGAGATGGTCGCCAG_014,104
ATAACCGAGATGGTCGCCAG_015,108
ATAACCGAGATGGTCGCCAG_016,130
ATAACCGAGATGGTCGCCAG_017,140
ATAACCGAGATGGTCGCCAG_018,45
ATAACCGAGATGGTCGCCAG_019,34
ATAACCGAGATGGTCGCCAG_020,70
ATAACCGAGATGGTCGCCAG_021,161
ATAACCGAGATGGTCGCCAG_022,47
ATAACCGAGATGGTCGCCAG_023,41
ATAACCGAGATGGTCGCCAG_024,199
ATAACCGAGATGGTCGCCAG_025,148
ATAACCGAGATGGTCGCCAG_026,121
CTCCACCTGGGCAATTACCT_001,149
CTCCACCTGGGCAATTACCT_002,101
CTCCACCTGGGCAATTACCT_003,112
CTCCACCTGGGCAATTACCT_004,74
CTCCACCTGGGCAATTACCT_005,192
CTCCACCTGGGCAATTACCT_006,116
CTCCACCTGGGCAATTACCT_007,57
CTCCACCTGGGCAATTACCT_008,112
CTCCACCTGGGCAATTACCT_009,124
CTCCACCTGGGCAATTACCT_010,19
CTCCACCTGGGCAATTACCT_011,134
CAAGAAGCATAGTTGCTCCA_001,62
CAAGAAGCATAGTTGCTCCA_002,130
CAAGAAGCATAGTTGCTCCA_003,98
CAAGAAGCATAGTTGCTCCA_004,76
CAAGAAGCATAGTTGCTCCA_005,62
CAAGAAGCATAGTTGCTCCA_006,15
CAAGAAGCATAGTTGCTCCA_007,29
CAAGAAGCATAGTTGCTCCA_008,127
CAAGAAGCATAGTTGCTCCA_009,17
CAAGAAGCATAGTTGCTCCA_010,165
CAAGAAGCATAGTTGCTCCA_011,127
CAAGAAGCATAGTTGCTCCA_012,83
CAAGAAGCATAGTTGCTCCA_013,148
CAAGAAGCATAGTTGCTCCA_014,55
CAAGAAGCATAGTTGCTCCA_015,69
TCTTTCCTGAGGCAAAACGC_001,184
TCTTTCCTGAGGCAAAACGC_002,95
TCTTTCCTGAGGCAAAACGC_003,96
TCTTTCCTGAGGCAAAACGC_004,77
TCTTTCCTGAGGCAAAACGC_005,124
TGTTCACAGAGCCTGATCCG_001,38
TGTTCACAGAGCCTGATCCG_002,16
TGTTCACAGAGCCTGATCCG_003,107
TGTTCACAGAGCCTGATCCG_004,197
TGTTCACAGAGCCTGATCCG_005,163
TGTTCACAGAGCCTGATCCG_006,25
TGTTCACAGAGCCTGATCCG_007,188
TGTTCACAGAGCCTGATCCG_008,79
TGTTCACAGAGCCTGATCCG_009,70
TGTTCACAGAGCCTGATCCG_010,94
TGTTCACAGAGCCTGATCCG_011,17
TGTTCACAGAGCCTGATCCG_012,165
TGTTCACAGAGCCTGATCCG_013,68
TGTTCACAGAGCCTGATCCG_014,69
TGTTCACAGAGCCTGATCCG_015,115
TGTTCACAGAGCCTGATCCG_016,157
TGTTCACAGAGCCTGATCCG_017,45
TGTTCACAGAGCCTGATCCG_018,54
TGTTCACAGAGCCTGATCCG_019,57
TGTTCACAGAGCCTGATCCG_020,94
TGTTCACAGAGCCTGATCCG_021,127
AAGTGAAAGTCCGATTGTAG_001,135
AAGTGAAAGTCCGATTGTAG_002,53
AAGTGAAAGTCCGATTGTAG_003,169
AAGTGAAAGTCCGATTGTAG_004,134
AAGTGAAAGTCCGATTGTAG_005,134
AAGTGAAAGTCCGATTGTAG_006,3
AAGTGAAAGTCCGATTGTAG_007,82
AAGTGAAAGTCCGATTGTAG_008,126
AAGTGAAAGTCCGATTGTAG_009,126
AAGTGAAAGTCCGATTGTAG_010,56
AAGTGAAAGTCCGATTGTAG_011,48
AAGTGAAAGTCCGATTGTAG_012,78
AAGTGAAAGTCCGATTGTAG_013,50
AAGTGAAAGTCCGATTGTAG_014,159
TGCTCCTCGCTGAGGCGCGC_001,50
TGCTCCTCGCTGAGGCGCGC_002,49
TGCTCCTCGCTGAGGCGCGC_003,159
TGCTCCTCGCTGAGGCGCGC_004,114
TGCTCCTCGCTGAGGCGCGC_005,33
TGCTCCTCGCTGAGGCGCGC_006,43
TGCTCCTCGCTGAGGCGCGC_007,108
TCAGTCCTTGCATATTAGGA_001,115
TCAGTCCTTGCATATTAGGA_002,154
TCAGTCCTTGCATATTAGGA_003,23
TCAGTCCTTGCATATTAGGA_004,148
TCAGTCCTTGCATATTAGGA_005,146
TCAGTCCTTGCATATTAGGA_006,144
TCAGTCCTTGCATATTAGGA_007,137
TCAGTCCTTGCATATTAGGA_008,192
TCAGTCCTTGCATATTAGGA_009,170
TCAGTCCTTGCATATTAGGA_010,173
TCAGTCCTTGCATATTAGGA_011,63
TCAGTCCTTGCATATTAGGA_012,10
CACATCAGCTCTCTAAACTG_001,62
TGCCCCGAGTGATTACCAGA_001,98
TGCCCCGAGTGATTACCAGA_002,3
TGCCCCGAGTGATTACCAGA_003,48
TGCCCCGAGTGATTACCAGA_004,125
TGCCCCGAGTGATTACCAGA_005,42
TGCCCCGAGTGATTACCAGA_006,70
TGCCCCGAGTGATTACCAGA_007,48
TGCCCCGAGTGATTACCAGA_008,101
TGCCCCGAGTGATTACCAGA_009,115
TGCCCCGAGTGATTACCAGA_010,57
TGCCCCGAGTGATTACCAGA_011,17
TGCCCCGAGTGATTACCAGA_012,1
TGCCCCGAGTGATTACCAGA_013,78
TGCCCCGAGTGATTACCAGA_014,120
TGCCCCGAGTGATTACCAGA_015,37
TGCCCCGAGTGATTACCAGA_016,191
TGCCCCGAGTGATTACCAGA_017,150
GCTGAAGAAATCCGAACTGA_001,175
GCTGAAGAAATCCGAACTGA_002,15
GCTGAAGAAATCCGAACTGA_003,37
GCTGAAGAAATCCGAACTGA_004,155
GCTGAAGAAATCCGAACTGA_005,118
GCTGAAGAAATCCGAACTGA_006,90
GCTGAAGAAATCCGAACTGA_007,22
GCTGAAGAAATCCGAACTGA_008,83
GCTGAAGAAATCCGAACTGA_009,83
GCTGAAGAAATCCGAACTGA_010,10
GCTGAAGAAATCCGAACTGA_011,191
ACCAAGCGCAGCAACACGGG_001,2
ACCAAGCGCAGCAACACGGG_002,115
ACCAAGCGCAGCAACACGGG_003,112
ACCAAGCGCAGCAACACGGG_004,23
ACCAAGCGCAGCAACACGGG_005,73
ACCAAGCGCAGCAACACGGG_006,127
ACCAAGCGCAGCAACACGGG_007,16
ACCAAGCGCAGCAACACGGG_008,13
ACCAAGCGCAGCAACACGGG_009,35
ACCAAGCGCAGCAACACGGG_010,58
ACCAAGCGCAGCAACACGGG_011,4
ACCAAGCGCAGCAACACGGG_012,3
ACCAAGCGCAGCAACACGGG_013,148
ACCAAGCGCAGCAACACGGG_014,178
ACCAAGCGCAGCAACACGGG_015,183
ACCAAGCGCAGCAACACGGG_016,10
CAAACGTACTGCGGTAACAA_001,153
CAAACGTACTGCGGTAACAA_002,127
CAAACGTACTGCGGTAACAA_003,22
CAAACGTACTGCGGTAACAA_004,119
CAAACGTACTGCGGTAACAA_005,46
CAAACGTACTGCGGTAACAA_006,50
TGGTAACGTAATCTGGACTT_001,9
AGGAACGGACATGTTCCGTG_001,43
AGGAACGGACATGTTCCGTG_002,117
AGGAACGGACATGTTCCGTG_003,146
ATCCAACAGCCAGCTATACT_001,39
ATCCAACAGCCAGCTATACT_002,10
ATCCAACAGCCAGCTATACT_003,178
ATCCAACAGCCAGCTATACT_004,50
ATCCAACAGCCAGCTATACT_005,151
CTGTACGTGTGCATTCCGTG_001,15
CTGTACGTGTGCATTCCGTG_002,76
CTGTACGTGTGCATTCCGTG_003,119
CTGTACGTGTGCATTCCGTG_004,43
CTGTACGTGTGCATTCCGTG_005,113
CTGTACGTGTGCATTCCGTG_006,98
GGGCTGAGCTACCATCACAG_001,25
GGGCTGAGCTACCATCACAG_002,149
GGGCTGAGCTACCATCACAG_003,84
GGGCTGAGCTACCATCACAG_004,75
GGGCTGAGCTACCATCACAG_005,11
GGGCTGAGCTACCATCACAG_006,134
GGGCTGAGCTACCATCACAG_007,130
GGGCTGAGCTACCATCACAG_008,94
GGGCTGAGCTACCATCACAG_009,145
GGGCTGAGCTACCATCACAG_010,78
GGGCTGAGCTACCATCACAG_011,92
GGGCTGAGCTACCATCACAG_012,68
GGGCTGAGCTACCATCACAG_013,163
GGGCTGAGCTACCATCACAG_014,188
GGGCTGAGCTACCATCACAG_015,163
GGGCTGAGCTACCATCACAG_016,2
GGGCTGAGCTACCATCACAG_017,176
GGGCTGAGCTACCATCACAG_018,132
GGGCTGAGCTACCATCACAG_019,16
GGGCTGAGCTACCATCACAG_020,10
GGGCTGAGCTACCATCACAG_021,111
GTGTCTGCTGCAGACTCACA_001,132
GTGTCTGCTGCAGACTCACA_002,11
GTGTCTGCTGCAGACTCACA_003,9
GTGTCTGCTGCAGACTCACA_004,146
GTGTCTGCTGCAGACTCACA_005,57
TGCCATAAAGAAGTACATCT_001,43
TGCCATAAAGAAGTACATCT_002,27
GGGTCACGTGTGTCTTTGGG_001,21
GGGTCACGTGTGTCTTTGGG_002,8
GGGTCACGTGTGTCTTTGGG_003,7
GGGTCACGTGTGTCTTTGGG_004,117
GGGTCACGTGTGTCTTTGGG_005,57
GGGTCACGTGTGTCTTTGGG_006,33
ATAACCCGAGACCTCAAATG_001,8
ATAACCCGAGACCTCAAATG_002,4
ATAACCCGAGACCTCAAATG_003,40
ATAACCCGAGACCTCAAATG_004,63
ATAACCCGAGACCTCAAATG_005,146
ATAACCCGAGACCTCAAATG_006,15
ATAACCCGAGACCTCAAATG_007,128
ATAACCCGAGACCTCAAATG_008,159
ATAACCCGAGACCTCAAATG_009,133
ATAACCCGAGACCTCAAATG_010,124
ATAACCCGAGACCTCAAATG_011,75
ATAACCCGAGACCTCAAATG_012,175
CCCAGGATACAAGACATGGT_001,64
CCCAGGATACAAGACATGGT_002,6
CCCAGGATACAAGACATGGT_003,161
CCCAGGATACAAGACATGGT_004,6
CCCAGGATACAAGACATGGT_005,85
CCCAGGATACAAGACATGGT_006,94
CCCAGGATACAAGACATGGT_007,8
CCCAGGATACAAGACATGGT_008,16
CCCAGGATACAAGACATGGT_009,3
GGGCTCCTTACTCTGTACGC_001,15
GGGCTCCTTACTCTGTACGC_002,9
GGGCTCCTTACTCTGTACGC_003,173
GGGCTCCTTACTCTGTACGC_004,1
GGGCTCCTTACTCTGTACGC_005,28
GGGCTCCTTACTCTGTACGC_006,138
CCCACTGTACCTCATCAGAG_001,104
CCCACTGTACCTCATCAGAG_002,12
CCCACTGTACCTCATCAGAG_003,66
CCCACTGTACCTCATCAGAG_004,177
TGGCAGTGGAAAATCTGCGG_001,130
TGGCAGTGGAAAATCTGCGG_002,137
TGGCAGTGGAAAATCTGCGG_003,29
TGGCAGTGGAAAATCTGCGG_004,196
TGGCAGTGGAAAATCTGCGG_005,126
TGGCAGTGGAAAATCTGCGG_006,28
TGGCAGTGGAAAATCTGCGG_007,48
TGGCAGTGGAAAATCTGCGG_008,76
TGGCAGTGGAAAATCTGCGG_009,128
TGGCAGTGGAAAATCTGCGG_010,16
TGGCAGTGGAAAATCTGCGG_011,199
TGGCAGTGGAAAATCTGCGG_012,105
TGGCAGTGGAAAATCTGCGG_013,83
TGGCAGTGGAAAATCTGCGG_014,174
TGGCAGTGGAAAATCTGCGG_015,162
TGGCAGTGGAAAATCTGCGG_016,107
TGGCAGTGGAAAATCTGCGG_017,194
TGGCAGTGGAAAATCTGCGG_018,193
TGGCAGTGGAAAATCTGCGG_019,54
TGGCAGTGGAAAATCTGCGG_020,4
TGGCAGTGGAAAATCTGCGG_021,166
TGGCAGTGGAAAATCTGCGG_022,70
TGGCAGTGGAAAATCTGCGG_023,146
TGGCAGTGGAAAATCTGCGG_024,33
TGGCAGTGGAAAATCTGCGG_025,14
TGCCGCTGGGGTCAAACATG_001,146
TGCCGCTGGGGTCAAACATG_002,117
TGCCGCTGGGGTCAAACATG_003,124
TGCCGCTGGGGTCAAACATG_004,72
TGCCGCTGGGGTCAAACATG_005,108
TGCCGCTGGGGTCAAACATG_006,75
TGCCGCTGGGGTCAAACATG_007,41
TGCCGCTGGGGTCAAACATG_008,35
TGCCGCTGGGGTCAAACATG_009,46
TGCCGCTGGGGTCAAACATG_010,156
TGCCGCTGGGGTCAAACATG_011,107
TGCCGCTGGGGTCAAACATG_012,75
TGCCGCTGGGGTCAAACATG_013,16
TGCCGCTGGGGTCAAACATG_014,160
CCCACCACAGGGACGCCCAG_001,62
CCCACCACAGGGACGCCCAG_002,88
CCCACCACAGGGACGCCCAG_003,133
CCCACCACAGGGACGCCCAG_004,65
CCCACCACAGGGACGCCCAG_005,54
CCCACCACAGGGACGCCCAG_006,118
CCCACCACAGGGACGCCCAG_007,49
CCCACCACAGGGACGCCCAG_008,138
CCCACCACAGGGACGCCCAG_009,45
CCCACCACAGGGACGCCCAG_010,139
CCCACCACAGGGACGCCCAG_011,20
CCCACCACAGGGACGCCCAG_012,2
CCCACCACAGGGACGCCCAG_013,20
CCCACCACAGGGACGCCCAG_014,86
AGCAACTCAGCTGACTGAAG_001,91
AGCAACTCAGCTGACTGAAG_002,139
AGCAACTCAGCTGACTGAAG_003,17
AGCAACTCAGCTGACTGAAG_004,156
AGCAACTCAGCTGACTGAAG_005,158
AGCAACTCAGCTGACTGAAG_006,180
AGCAACTCAGCTGACTGAAG_007,20
AGCAACTCAGCTGACTGAAG_008,74
AGCAACTCAGCTGACTGAAG_009,48
AGCAACTCAGCTGACTGAAG_010,17
AGCAACTCAGCTGACTGAAG_011,27
AGCAACTCAGCTGACTGAAG_012,183
AGCAACTCAGCTGACTGAAG_013,166
GTGCCAAGTGAAAGATCACG_001,181
GTGCCAAGTGAAAGATCACG_002,162
GTGCCAAGTGAAAGATCACG_003,169
GTGCCAAGTGAAAGATCACG_004,76
GTGCCAAGTGAAAGATCACG_005,102
GTGCCAAGTGAAAGATCACG_006,88
GTGCCAAGTGAAAGATCACG_007,4
TGAGGCGAGGAAGATCCCGA_001,21
TGAGGCGAGGAAGATCCCGA_002,32
TGAGGCGAGGAAGATCCCGA_003,78
TGAGGCGAGGAAGATCCCGA_004,142
TGAGGCGAGGAAGATCCCGA_005,31
TGAGGCGAGGAAGATCCCGA_006,193
TGAGGCGAGGAAGATCCCGA_007,45
TGAGGCGAGGAAGATCCCGA_008,112
TGAGGCGAGGAAGATCCCGA_009,1
TGAGGCGAGGAAGATCCCGA_010,139
TGAGGCGAGGAAGATCCCGA_011,105
TGAGGCGAGGAAGATCCCGA_012,48
TGAGGCGAGGAAGATCCCGA_013,166
TGAGGCGAGGAAGATCCCGA_014,109
TGAGGCGAGGAAGATCCCGA_015,68
TGAGGCGAGGAAGATCCCGA_016,115
TGAGGCGAGGAAGATCCCGA_017,150
TGAGGCGAGGAAGATCCCGA_018,17
TGAGGCGAGGAAGATCCCGA_019,11
TGAGGCGAGGAAGATCCCGA_020,115
TGAGGCGAGGAAGATCCCGA_021,115
TGAGGCGAGGAAGATCCCGA_022,116
TGAGGCGAGGAAGATCCCGA_023,60
TGAGGCGAGGAAGATCCCGA_024,198
TGAGGCGAGGAAGATCCCGA_025,112
TGAGGCGAGGAAGATCCCGA_026,12
TGAGGCGAGGAAGATCCCGA_027,144
TGAGGCGAGGAAGATCCCGA_028,66
TGAGGCGAGGAAGATCCCGA_029,86
AGCTCATCGCTATCATCGTG_001,146
AGCTCATCGCTATCATCGTG_002,48
AGCTCATCGCTATCATCGTG_003,0
AGCTCATCGCTATCATCGTG_004,63
AGCTCATCGCTATCATCGTG_005,46
TCAAGAGATAGCAACTGTGG_001,31
TCAAGAGATAGCAACTGTGG_002,13
TGAGTGGCAAAATATCACCA_001,7
TGAGTGGCAAAATATCACCA_002,182
TGAGTGGCAAAATATCACCA_003,90
TGAGTGGCAAAATATCACCA_004,94
TGAGTGGCAAAATATCACCA_005,43
TGAGTGGCAAAATATCACCA_006,36
TGAGAAGATCAACTACACCG_001,3
TGAGAAGATCAACTACACCG_002,131
TGAGAAGATCAACTACACCG_003,168
TGAGAAGATCAACTACACCG_004,13
TGAGAAGATCAACTACACCG_005,56
TGAGAAGATCAACTACACCG_006,137
TGAGAAGATCAACTACACCG_007,77
TGAGAAGATCAACTACACCG_008,40
TGAGAAGATCAACTACACCG_009,21
TGAGAAGATCAACTACACCG_010,114
TGAGAAGATCAACTACACCG_011,92
TGAGAAGATCAACTACACCG_012,170
ACTCAGGTAGGTTAGTCGTG_001,199
ACTCAGGTAGGTTAGTCGTG_002,64
ACTCAGGTAGGTTAGTCGTG_003,1
ACTCAGGTAGGTTAGTCGTG_004,178
ACTCAGGTAGGTTAGTCGTG_005,91
ACTCAGGTAGGTTAGTCGTG_006,68
ACTCAGGTAGGTTAGTCGTG_007,56
ACTCAGGTAGGTTAGTCGTG_008,144
ACTCAGGTAGGTTAGTCGTG_009,88
ACTCAGGTAGGTTAGTCGTG_010,41
ACTCAGGTAGGTTAGTCGTG_011,29
ACTCAGGTAGGTTAGTCGTG_012,72
ACTCAGGTAGGTTAGTCGTG_013,72
ACTCAGGTAGGTTAGTCGTG_014,195
ACTCAGGTAGGTTAGTCGTG_015,80
ACTCAGGTAGGTTAGTCGTG_016,99
ACTCAGGTAGGTTAGTCGTG_017,133
AGCCAGGACACAATAGTCAG_001,169
AGCCAGGACACAATAGTCAG_002,100
AGCCAGGACACAATAGTCAG_003,48
AGCCAGGACACAATAGTCAG_004,137
AGCCAGGACACAATAGTCAG_005,9
AGCCAGGACACAATAGTCAG_006,127
AGCCAGGACACAATAGTCAG_007,79
AGCCAGGACACAATAGTCAG_008,142
AGCCAGGACACAATAGTCAG_009,159
AGCCAGGACACAATAGTCAG_010,98
AGCCAGGACACAATAGTCAG_011,169
AGCCAGGACACAATAGTCAG_012,166
AGCCAGGACACAATAGTCAG_013,169
AGCCAGGACACAATAGTCAG_014,167
AGCCAGGACACAATAGTCAG_015,188
AGCCAGGACACAATAGTCAG_016,142
AGCCAGGACACAATAGTCAG_017,183
AGCCAGGACACAATAGTCAG_018,18
AGCCAGGACACAATAGTCAG_019,76
AGCCAGGACACAATAGTCAG_020,102
TTGCAGTTCACCAAAAATGG_001,156
TTGCAGTTCACCAAAAATGG_002,75
TTGCAGTTCACCAAAAATGG_003,102
TTGCAGTTCACCAAAAATGG_004,138
CCCCCCAAAAGTGGTTAATG_001,184
CCCCCCAAAAGTGGTTAATG_002,149
CCCCCCAAAAGTGGTTAATG_003,41
CCCCCCAAAAGTGGTTAATG_004,103
CCCCCCAAAAGTGGTTAATG_005,103
CCCCCCAAAAGTGGTTAATG_006,146
CCCCCCAAAAGTGGTTAATG_007,77
CCCCCCAAAAGTGGTTAATG_008,180
CCGCCCGTGCTTATCCAACA_001,100
CCGCCCGTGCTTATCCAACA_002,102
CCGCCCGTGCTTATCCAACA_003,154
CCGCCCGTGCTTATCCAACA_004,106
CCGCCCGTGCTTATCCAACA_005,126
CTCCTCTTCCTGGTCAACGG_001,191
CTCCTCTTCCTGGTCAACGG_002,48
CTCCTCTTCCTGGTCAACGG_003,113
CTCCTCTTCCTGGTCAACGG_004,63
AGGGGCCCATACCAGCACGC_001,134
AGGGGCCCATACCAGCACGC_002,23
AGGGGCCCATACCAGCACGC_003,148
AGGGGCCCATACCAGCACGC_004,175
AGGGGCCCATACCAGCACGC_005,167
AGGGGCCCATACCAGCACGC_006,82
AGGGGCCCATACCAGCACGC_007,167
AGGGGCCCATACCAGCACGC_008,1
AGGGGCCCATACCAGCACGC_009,172
AGGGGCCCATACCAGCACGC_010,111
AGGGGCCCATACCAGCACGC_011,136
CACTTGGGTAGAATAACGCG_001,191
CACTTGGGTAGAATAACGCG_002,34
CACTTGGGTAGAATAACGCG_003,49
CACTTGGGTAGAATAACGCG_004,191
CACTTGGGTAGAATAACGCG_005,187
CACTTGGGTAGAATAACGCG_006,158
CACTTGGGTAGAATAACGCG_007,27
CACTTGGGTAGAATAACGCG_008,125
CACTTGGGTAGAATAACGCG_009,47
CACTTGGGTAGAATAACGCG_010,19
CACTTGGGTAGAATAACGCG_011,17
CACTTGGGTAGAATAACGCG_012,19
AAACACTCACCGTGCCATTG_001,43
AAACACTCACCGTGCCATTG_002,168
AAACACTCACCGTGCCATTG_003,2
AAACACTCACCGTGCCATTG_004,152
AGGTTTCGGATCATTCCGAA_001,4
AGGTTTCGGATCATTCCGAA_002,42
AGGTTTCGGATCATTCCGAA_003,45
CCTATATAAATTCTGCTGTG_001,169
CCTATATAAATTCTGCTGTG_002,37
CCTATATAAATTCTGCTGTG_003,148
CCTATATAAATTCTGCTGTG_004,8
ATTGACAGCTATTCGAAGAG_001,74
ATTGACAGCTATTCGAAGAG_002,176
ATTGACAGCTATTCGAAGAG_003,36
AACAAGCTAGAACTGCAGTT_001,77
AACAAGCTAGAACTGCAGTT_002,199
AACAAGCTAGAACTGCAGTT_003,48
AACAAGCTAGAACTGCAGTT_004,161
AACAAGCTAGAACTGCAGTT_005,183
AAATTGGCTTTCGTTCGTGC_001,62
AAATTGGCTTTCGTTCGTGC_002,179
AAATTGGCTTTCGTTCGTGC_003,117
AAATTGGCTTTCGTTCGTGC_004,89
AAATTGGCTTTCGTTCGTGC_005,0
AAATTGGCTTTCGTTCGTGC_006,137
AAATTGGCTTTCGTTCGTGC_007,63
AAATTGGCTTTCGTTCGTGC_008,46
AGATGCGGCGCTACGATCGG_001,16
AGATGCGGCGCTACGATCGG_002,185
AGATGCGGCGCTACGATCGG_003,48
AGATGCGGCGCTACGATCGG_004,24
AGATGCGGCGCTACGATCGG_005,34
AGATGCGGCGCTACGATCGG_006,17
AGATGCGGCGCTACGATCGG_007,34
AGATGCGGCGCTACGATCGG_008,99
AGATGCGGCGCTACGATCGG_009,41
AGATGCGGCGCTACGATCGG_010,1
TCTTGTGGTGTCTGCGAGCG_001,176
TCTTGTGGTGTCTGCGAGCG_002,188
TCTTGTGGTGTCTGCGAGCG_003,67
TCTTGTGGTGTCTGCGAGCG_004,76
TCTTGTGGTGTCTGCGAGCG_005,155
TCTTGTGGTGTCTGCGAGCG_006,82
TCTTGTGGTGTCTGCGAGCG_007,11
TCTTGTGGTGTCTGCGAGCG_008,142
TCTTGTGGTGTCTGCGAGCG_009,52
CAGGGGCCATGCATGCGATG_001,77
CAGGGGCCATGCATGCGATG_002,8
CAGGGGCCATGCATGCGATG_003,98
CAGGGGCCATGCATGCGATG_004,47
CAGGGGCCATGCATGCGATG_005,176
CAGGGGCCATGCATGCGATG_006,32
CAGGGGCCATGCATGCGATG_007,137
CAGGGGCCATGCATGCGATG_008,42
CAGGGGCCATGCATGCGATG_009,153
CAGGGGCCATGCATGCGATG_010,118
CAGGGGCCATGCATGCGATG_011,62
CAGGGGCCATGCATGCGATG_012,149
CAGGGGCCATGCATGCGATG_013,192
CAGGGGCCATGCATGCGATG_014,32
CAGGGGCCATGCATGCGATG_015,8
CAGGGGCCATGCATGCGATG_016,96
CAGGGGCCATGCATGCGATG_017,142
CAGGGGCCATGCATGCGATG_018,159
CAGGGGCCATGCATGCGATG_019,124
AAGCTCTACTGCCAGGACGA_001,70
AAGCTCTACTGCCAGGACGA_002,69
AAGCTCTACTGCCAGGACGA_003,127
AAGCTCTACTGCCAGGACGA_004,184
AAGCTCTACTGCCAGGACGA_005,40
ATCCCAATTGCTGACAAACG_001,77
ATCCCAATTGCTGACAAACG_002,60
ATCCCAATTGCTGACAAACG_003,6
TTTCCAAGGCCTTGTCAAGT_001,127
TGAACCGAAGACCTCGTAGG_001,116
TGAACCGAAGACCTCGTAGG_002,184
TGAACCGAAGACCTCGTAGG_003,63
TGAACCGAAGACCTCGTAGG_004,124
TGAACCGAAGACCTCGTAGG_005,187
TGAACCGAAGACCTCGTAGG_006,80
GAAACCAGCAGCCCAGCATG_001,127
GAAACCAGCAGCCCAGCATG_002,184
GAAACCAGCAGCCCAGCATG_003,176
GAAACCAGCAGCCCAGCATG_004,107
GAAACCAGCAGCCCAGCATG_005,103
GAAACCAGCAGCCCAGCATG_006,178
GAAACCAGCAGCCCAGCATG_007,178
GAAACCAGCAGCCCAGCATG_008,34
GAAACCAGCAGCCCAGCATG_009,141
GAAACCAGCAGCCCAGCATG_010,166
GAAACCAGCAGCCCAGCATG_011,67
GAAACCAGCAGCCCAGCATG_012,44
GAAACCAGCAGCCCAGCATG_013,162
GAAACCAGCAGCCCAGCATG_014,19
GAAACCAGCAGCCCAGCATG_015,29
GAAACCAGCAGCCCAGCATG_016,27
GAAACCAGCAGCCCAGCATG_017,60
TTTGCTCAGCTAAAGAGCAC_001,48
TTTGCTCAGCTAAAGAGCAC_002,144
TTTGCTCAGCTAAAGAGCAC_003,190
TTTGCTCAGCTAAAGAGCAC_004,140
CAGGCTTGCTACTACCTTGG_001,77
CAGGCTTGCTACTACCTTGG_002,0
CAGGCTTGCTACTACCTTGG_003,175
CAGGCTTGCTACTACCTTGG_004,189
CAGGCTTGCTACTACCTTGG_005,83
CAGGCTTGCTACTACCTTGG_006,157
CAGGCTTGCTACTACCTTGG_007,60
CAGGCTTGCTACTACCTTGG_008,138
CAGGCTTGCTACTACCTTGG_009,157
GCTGGCACGAGAACCTCATG_001,40
GCTGGCACGAGAACCTCATG_002,24
GCTGGCACGAGAACCTCATG_003,2
GCTGGCACGAGAACCTCATG_004,54
GCTGGCACGAGAACCTCATG_005,149
GCTGGCACGAGAACCTCATG_006,63
GCTGGCACGAGAACCTCATG_007,177
GCTGGCACGAGAACCTCATG_008,92
GCTGGCACGAGAACCTCATG_009,193
GCTGGCACGAGAACCTCATG_010,199
GCTGGCACGAGAACCTCATG_011,46
GCTGGCACGAGAACCTCATG_012,84
GCTGGCACGAGAACCTCATG_013,17
GCTGGCACGAGAACCTCATG_014,15
GCTGGCACGAGAACCTCATG_015,151
GCTGGCACGAGAACCTCATG_016,158
GCTGGCACGAGAACCTCATG_017,148
GCTGGCACGAGAACCTCATG_018,105
GCTGGCACGAGAACCTCATG_019,149
GCTGCAGGTCAAGTTCAACG_001,57
GCTGCAGGTCAAGTTCAACG_002,196
GCTGCAGGTCAAGTTCAACG_003,42
GCTGCAGGTCAAGTTCAACG_004,68
GCTGCAGGTCAAGTTCAACG_005,76
GCTGCAGGTCAAGTTCAACG_006,126
GCTGCAGGTCAAGTTCAACG_007,95
GCTGCAGGTCAAGTTCAACG_008,104
GCTGCAGGTCAAGTTCAACG_009,38
GCTGCAGGTCAAGTTCAACG_010,61
GCTGCAGGTCAAGTTCAACG_011,86
GCTGCAGGTCAAGTTCAACG_012,86
GCTGCAGGTCAAGTTCAACG_013,119
GCTGCAGGTCAAGTTCAACG_014,148
GCTGCAGGTCAAGTTCAACG_015,158
GCTGCAGGTCAAGTTCAACG_016,82
GCTGCAGGTCAAGTTCAACG_017,110
GCTGCAGGTCAAGTTCAACG_018,121
GCTGCAGGTCAAGTTCAACG_019,5
GCTGCAGGTCAAGTTCAACG_020,56
GCTGCAGGTCAAGTTCAACG_021,174
GCTGCAGGTCAAGTTCAACG_022,197
GCTGCAGGTCAAGTTCAACG_023,67
CATGATTGCCAAAGTGCACT_001,26
CATGATTGCCAAAGTGCACT_002,69
CATGATTGCCAAAGTGCACT_003,60
CATGATTGCCAAAGTGCACT_004,188
CATGATTGCCAAAGTGCACT_005,188
CATGATTGCCAAAGTGCACT_006,81
CATGATTGCCAAAGTGCACT_007,77
CATGATTGCCAAAGTGCACT_008,132
CATGATTGCCAAAGTGCACT_009,162
CATGATTGCCAAAGTGCACT_010,146
CATGATTGCCAAAGTGCACT_011,146
CATGATTGCCAAAGTGCACT_012,15
CATGATTGCCAAAGTGCACT_013,114
CATGATTGCCAAAGTGCACT_014,17
CCTCCCGCCATAGACTGAGA_001,44
CCTCCCGCCATAGACTGAGA_002,62
CCTCCCGCCATAGACTGAGA_003,15
CCTCCCGCCATAGACTGAGA_004,84
CCTCCCGCCATAGACTGAGA_005,129
CCTCCCGCCATAGACTGAGA_006,131
CCTCCCGCCATAGACTGAGA_007,98
CCTCCCGCCATAGACTGAGA_008,40
CCTCCCGCCATAGACTGAGA_009,70
CCTCCCGCCATAGACTGAGA_010,103
CCTCCCGCCATAGACTGAGA_011,58
CCTCCCGCCATAGACTGAGA_012,54
CCTCCCGCCATAGACTGAGA_013,41
CCTCCCGCCATAGACTGAGA_014,76
CCTCCCGCCATAGACTGAGA_015,115
CCTCCCGCCATAGACTGAGA_016,126
CCTCCCGCCATAGACTGAGA_017,8
GTCTAAGCCGACACCCACGA_001,169
GTCTAAGCCGACACCCACGA_002,1
GTCTAAGCCGACACCCACGA_003,168
GTCTAAGCCGACACCCACGA_004,40
GTCTAAGCCGACACCCACGA_005,146
GTCTAAGCCGACACCCACGA_006,199
GTCTAAGCCGACACCCACGA_007,199
GTCTAAGCCGACACCCACGA_008,107
GTCTAAGCCGACACCCACGA_009,78
GTCTAAGCCGACACCCACGA_010,15
GTCTAAGCCGACACCCACGA_011,106
GTCTAAGCCGACACCCACGA_012,118
GTCTAAGCCGACACCCACGA_013,92
GTCTAAGCCGACACCCACGA_014,177
GTCTAAGCCGACACCCACGA_015,160
GTCTAAGCCGACACCCACGA_016,169
GTCTAAGCCGACACCCACGA_017,60
GTCTAAGCCGACACCCACGA_018,91
GTCTAAGCCGACACCCACGA_019,140
GTCTAAGCCGACACCCACGA_020,22
GTCTAAGCCGACACCCACGA_021,114
GTCTAAGCCGACACCCACGA_022,188
GTCTAAGCCGACACCCACGA_023,97
GTCTAAGCCGACACCCACGA_024,43
GTCTAAGCCGACACCCACGA_025,177
GTCTAAGCCGACACCCACGA_026,60
GTCTAAGCCGACACCCACGA_027,169
GTCTAAGCCGACACCCACGA_028,169
GTCTAAGCCGACACCCACGA_029,47
GTCTAAGCCGACACCCACGA_030,184
GTCTAAGCCGACACCCACGA_031,184
GTCTAAGCCGACACCCACGA_032,160
GTCTAAGCCGACACCCACGA_033,15
GTCTAAGCCGACACCCACGA_034,149
GTCTAAGCCGACACCCACGA_035,62
GTCTAAGCCGACACCCACGA_036,65
GTCTAAGCCGACACCCACGA_037,156
GTCTAAGCCGACACCCACGA_038,136
CAAGCCATGCAAGTTTACAA_001,17
CAAGCCATGCAAGTTTACAA_002,41
CAAGCCATGCAAGTTTACAA_003,49
CAAGCCATGCAAGTTTACAA_004,114
CAAGCCATGCAAGTTTACAA_005,21
GAAAGTCCGTGACTTGCAAG_001,197
GAAAGTCCGTGACTTGCAAG_002,19
GCAGTGGCTCCGGAGAGTCG_001,106
GCAGTGGCTCCGGAGAGTCG_002,142
GCAGTGGCTCCGGAGAGTCG_003,107
GCAGTGGCTCCGGAGAGTCG_004,184
GCAGTGGCTCCGGAGAGTCG_005,151
GCAGTGGCTCCGGAGAGTCG_006,141
GCAGTGGCTCCGGAGAGTCG_007,150
GCAGTGGCTCCGGAGAGTCG_008,15
GGGGTGAGGAAAGTGGAACG_001,176
GGGGTGAGGAAAGTGGAACG_002,60
GGGGTGAGGAAAGTGGAACG_003,24
GGGGTGAGGAAAGTGGAACG_004,157
GGGGTGAGGAAAGTGGAACG_005,0
GGGGTGAGGAAAGTGGAACG_006,20
GGGGTGAGGAAAGTGGAACG_007,187
GGGGTGAGGAAAGTGGAACG_008,76
GGGGTGAGGAAAGTGGAACG_009,94
GGGGTGAGGAAAGTGGAACG_010,78
GGGGTGAGGAAAGTGGAACG_011,95
GGGGTGAGGAAAGTGGAACG_012,32
GGGGTGAGGAAAGTGGAACG_013,38
GGGGTGAGGAAAGTGGAACG_014,54
GGGGTGAGGAAAGTGGAACG_015,166
GGGGTGAGGAAAGTGGAACG_016,46
GGGGTGAGGAAAGTGGAACG_017,126
TTAAGTCCTTGCAAAGAGCG_001,159
TTAAGTCCTTGCAAAGAGCG_002,184
TTAAGTCCTTGCAAAGAGCG_003,150
TTAAGTCCTTGCAAAGAGCG_004,82
TTAAGTCCTTGCAAAGAGCG_005,191
TTAAGTCCTTGCAAAGAGCG_006,156
TTAAGTCCTTGCAAAGAGCG_007,68
TTAAGTCCTTGCAAAGAGCG_008,160
TTAAGTCCTTGCAAAGAGCG_009,157
TTAAGTCCTTGCAAAGAGCG_010,187
TGTCAAGCAATATAAGAGCG_001,101
TTGGAGCATTCTCATTCGAG_001,56
CGTCACGCCCGGGAACACGT_001,114
CGTCACGCCCGGGAACACGT_002,62
CGTCACGCCCGGGAACACGT_003,115
CGTCACGCCCGGGAACACGT_004,173
CGTCACGCCCGGGAACACGT_005,160
CGTCACGCCCGGGAACACGT_006,48
CGTCACGCCCGGGAACACGT_007,88
CGTCACGCCCGGGAACACGT_008,97
CGTCACGCCCGGGAACACGT_009,115
CGTCACGCCCGGGAACACGT_010,50
CGTCACGCCCGGGAACACGT_011,172
CGTCACGCCCGGGAACACGT_012,141
TGGAGATCGGCTGACCACCC_001,68
AGAACCACAAGATTTGGACC_001,178
AGAACCACAAGATTTGGACC_002,141
AGAACCACAAGATTTGGACC_003,149
AGAACCACAAGATTTGGACC_004,162
AGAACCACAAGATTTGGACC_005,115
GGAGTCGCCAGTATTTACCG_001,23
TCCGTCCTAACAGTGTCGGG_001,162
TCCGTCCTAACAGTGTCGGG_002,48
TCCGTCCTAACAGTGTCGGG_003,173
TCCGTCCTAACAGTGTCGGG_004,177
AGTCGGCTACCGCCAAGTTG_001,121
AGTCGGCTACCGCCAAGTTG_002,44
AGTCGGCTACCGCCAAGTTG_003,30
AGTCGGCTACCGCCAAGTTG_004,144
AGTCGGCTACCGCCAAGTTG_005,96
AGTCGGCTACCGCCAAGTTG_006,61
AGTCGGCTACCGCCAAGTTG_007,1
AGTCGGCTACCGCCAAGTTG_008,172
TGACGTTTGAGCCAGCTCTG_001,130
TGACGTTTGAGCCAGCTCTG_002,160
TGACGTTTGAGCCAGCTCTG_003,12
TGACGTTTGAGCCAGCTCTG_004,90
TGACGTTTGAGCCAGCTCTG_005,2
TGACGTTTGAGCCAGCTCTG_006,36
TGACGTTTGAGCCAGCTCTG_007,115
TGACGTTTGAGCCAGCTCTG_008,171
TGACGTTTGAGCCAGCTCTG_009,150
TGACGTTTGAGCCAGCTCTG_010,169
TGACGTTTGAGCCAGCTCTG_011,157
TGACGTTTGAGCCAGCTCTG_012,198
TGACGTTTGAGCCAGCTCTG_013,52
TGACGTTTGAGCCAGCTCTG_014,197
TGACGTTTGAGCCAGCTCTG_015,56
TGACGTTTGAGCCAGCTCTG_016,154
TGACGTTTGAGCCAGCTCTG_017,107
TGACGTTTGAGCCAGCTCTG_018,158
TGACGTTTGAGCCAGCTCTG_019,170
TGACGTTTGAGCCAGCTCTG_020,17
TGACGTTTGAGCCAGCTCTG_021,27
TGACGTTTGAGCCAGCTCTG_022,99
TGACGTTTGAGCCAGCTCTG_023,146
TGACGTTTGAGCCAGCTCTG_024,19
TGACGTTTGAGCCAGCTCTG_025,152
TTACCCTTTACAACCCTGAG_001,29
TTACCCTTTACAACCCTGAG_002,53
TTACCCTTTACAACCCTGAG_003,32
TTACCCTTTACAACCCTGAG_004,121
TTACCCTTTACAACCCTGAG_005,45
TTACCCTTTACAACCCTGAG_006,2
TTACCCTTTACAACCCTGAG_007,23
TTACCCTTTACAACCCTGAG_008,15
TTACCCTTTACAACCCTGAG_009,46
TTACCCTTTACAACCCTGAG_010,56
ATAGTTTGAATGGCCCGAAG_001,154
ATAGTTTGAATGGCCCGAAG_002,105
ATAGTTTGAATGGCCCGAAG_003,181
ATAGTTTGAATGGCCCGAAG_004,197
ATAGTTTGAATGGCCCGAAG_005,5
ATAGTTTGAATGGCCCGAAG_006,8
ATAGTTTGAATGGCCCGAAG_007,101
ATAGTTTGAATGGCCCGAAG_008,129
ATAGTTTGAATGGCCCGAAG_009,35
ATAGTTTGAATGGCCCGAAG_010,67
ATAGTTTGAATGGCCCGAAG_011,15
ATAGTTTGAATGGCCCGAAG_012,138
ATAGTTTGAATGGCCCGAAG_013,184
ATAGTTTGAATGGCCCGAAG_014,138
GTCGTGTGAAGACGTAGACT_001,96
GAAGTCCTTGCAAAGCAGGG_001,91
GAAGTCCTTGCAAAGCAGGG_002,52
GAAGTCCTTGCAAAGCAGGG_003,46
GAAGTCCTTGCAAAGCAGGG_004,56
GAAGTCCTTGCAAAGCAGGG_005,97
GAAGTCCTTGCAAAGCAGGG_006,70
GAAGTCCTTGCAAAGCAGGG_007,29
GAAGTCCTTGCAAAGCAGGG_008,97
GAAGTCCTTGCAAAGCAGGG_009,60
GAAGTCCTTGCAAAGCAGGG_010,162
GAAGTCCTTGCAAAGCAGGG_011,62
GAAGTCCTTGCAAAGCAGGG_012,8
GAAGTCCTTGCAAAGCAGGG_013,90
GAAGTCCTTGCAAAGCAGGG_014,56
GAAGTCCTTGCAAAGCAGGG_015,83
GAAGTCCTTGCAAAGCAGGG_016,113
GAAGTCCTTGCAAAGCAGGG_017,29
GAAGTCCTTGCAAAGCAGGG_018,174
GAAGTCCTTGCAAAGCAGGG_019,22
GAAGTCCTTGCAAAGCAGGG_020,1
GAAGTCCTTGCAAAGCAGGG_021,103
GAAGTCCTTGCAAAGCAGGG_022,50
TCCAGGTCGTGCTCGCAGCG_001,34
TCCAGGTCGTGCTCGCAGCG_002,152
TCCAGGTCGTGCTCGCAGCG_003,188
TCCAGGTCGTGCTCGCAGCG_004,105
TCCAGGTCGTGCTCGCAGCG_005,162
TCCAGGTCGTGCTCGCAGCG_006,169
TCCAGGTCGTGCTCGCAGCG_007,190
TCCAGGTCGTGCTCGCAGCG_008,194
TCCAGGTCGTGCTCGCAGCG_009,183
TCCAGGTCGTGCTCGCAGCG_010,11
TCCGTGAACTCGCCACCGCG_001,15
TCCGTGAACTCGCCACCGCG_002,194
TCCGTGAACTCGCCACCGCG_003,70
TCCGTGAACTCGCCACCGCG_004,160
TCCGTGAACTCGCCACCGCG_005,40
TCCGTGAACTCGCCACCGCG_006,130
TCCGTGAACTCGCCACCGCG_007,130
TCCGTGAACTCGCCACCGCG_008,160
TCCGTGAACTCGCCACCGCG_009,69
TCCGTGAACTCGCCACCGCG_010,160
TCCGTGAACTCGCCACCGCG_011,185
TCCGTGAACTCGCCACCGCG_012,38
TCCGTGAACTCGCCACCGCG_013,150
TCCGTGAACTCGCCACCGCG_014,102
TCCGTGAACTCGCCACCGCG_015,38
TCCGTGAACTCGCCACCGCG_016,139
TCCGTGAACTCGCCACCGCG_017,132
TCCGTGAACTCGCCACCGCG_018,70
TCCGTGAACTCGCCACCGCG_019,134
TCCGTGAACTCGCCACCGCG_020,91
TCCGTGAACTCGCCACCGCG_021,178
TCCGTGAACTCGCCACCGCG_022,94
TCCGTGAACTCGCCACCGCG_023,94
TCCGTGAACTCGCCACCGCG_024,10
TCCGTGAACTCGCCACCGCG_025,106
TCCGTGAACTCGCCACCGCG_026,192
TCCGTGAACTCGCCACCGCG_027,149
TCCGTGAACTCGCCACCGCG_028,1
TCCGTGAACTCGCCACCGCG_029,3
TCCGTGAACTCGCCACCGCG_030,188
GCGGAGAGCGGTTACCACCC_001,80
GCGGAGAGCGGTTACCACCC_002,34
CAGGCTACCATGACGCCCAG_001,19
CAGGCTACCATGACGCCCAG_002,54
CAGGCTACCATGACGCCCAG_003,149
CAGGCTACCATGACGCCCAG_004,62
CAGGCTACCATGACGCCCAG_005,25
CAGGCTACCATGACGCCCAG_006,149
CAGGCTACCATGACGCCCAG_007,183
CAGGCTACCATGACGCCCAG_008,115
CAGGCTACCATGACGCCCAG_009,67
CAGGCTACCATGACGCCCAG_010,25
CAGGCTACCATGACGCCCAG_011,88
CAGGCTACCATGACGCCCAG_012,198
CAGGCTACCATGACGCCCAG_013,1
CAGGCTACCATGACGCCCAG_014,1
CAGGCTACCATGACGCCCAG_015,126
CAGGCTACCATGACGCCCAG_016,102
CAGGCTACCATGACGCCCAG_017,10
CAGGCTACCATGACGCCCAG_018,81
CAGGCTACCATGACGCCCAG_019,88
ATGACAACCAAGCAAATGTG_001,8
ATGACAACCAAGCAAATGTG_002,25
ATGACAACCAAGCAAATGTG_003,158
ATGACAACCAAGCAAATGTG_004,84
ATGACAACCAAGCAAATGTG_005,172
ATGACAACCAAGCAAATGTG_006,174
ATGACAACCAAGCAAATGTG_007,168
ATGACAACCAAGCAAATGTG_008,10
ATGACAACCAAGCAAATGTG_009,94
ATGACAACCAAGCAAATGTG_010,145
ATGACAACCAAGCAAATGTG_011,58
ATGACAACCAAGCAAATGTG_012,168
ATGACAACCAAGCAAATGTG_013,49
ATGACAACCAAGCAAATGTG_014,29
ATGACAACCAAGCAAATGTG_015,71
ACAAGCCCAAAATCACGGCG_001,54
ACAAGCCCAAAATCACGGCG_002,112
ACAAGCCCAAAATCACGGCG_003,56
ACAAGCCCAAAATCACGGCG_004,0
ACAAGCCCAAAATCACGGCG_005,82
ACAAGCCCAAAATCACGGCG_006,147
ACAAGCCCAAAATCACGGCG_007,24
ACAAGCCCAAAATCACGGCG_008,32
ACAAGCCCAAAATCACGGCG_009,96
ACAAGCCCAAAATCACGGCG_010,199
ACAAGCCCAAAATCACGGCG_011,104
ACAAGCCCAAAATCACGGCG_012,11
ACAAGCCCAAAATCACGGCG_013,138
ACAAGCCCAAAATCACGGCG_014,63
ACAAGCCCAAAATCACGGCG_015,174
ACAAGCCCAAAATCACGGCG_016,3
ACAAGCCCAAAATCACGGCG_017,23
ACAAGCCCAAAATCACGGCG_018,48
ACAAGCCCAAAATCACGGCG_019,188
ACAAGCCCAAAATCACGGCG_020,49
ACAAGCCCAAAATCACGGCG_021,180
ACAAGCCCAAAATCACGGCG_022,94
GACGGCAGACGATGCCACGA_001,105
GACGGCAGACGATGCCACGA_002,9
GACGGCAGACGATGCCACGA_003,84
GACGGCAGACGATGCCACGA_004,14
GACGGCAGACGATGCCACGA_005,65
GACGGCAGACGATGCCACGA_006,9
GACGGCAGACGATGCCACGA_007,162
GACGGCAGACGATGCCACGA_008,82
TGAGATTGTGTGGTTGACAG_001,78
TGAGATTGTGTGGTTGACAG_002,84
TGAGATTGTGTGGTTGACAG_003,61
TGAGATTGTGTGGTTGACAG_004,113
TGAGATTGTGTGGTTGACAG_005,106
TGAGATTGTGTGGTTGACAG_006,158
TGAGATTGTGTGGTTGACAG_007,57
TGAGATTGTGTGGTTGACAG_008,5
TGAGATTGTGTGGTTGACAG_009,4
TGAGATTGTGTGGTTGACAG_010,57
TGAGATTGTGTGGTTGACAG_011,150
TGAGATTGTGTGGTTGACAG_012,162
TGAGATTGTGTGGTTGACAG_013,1
TGAGATTGTGTGGTTGACAG_014,61
TGAGATTGTGTGGTTGACAG_015,57
TGAGATTGTGTGGTTGACAG_016,50
TGAGATTGTGTGGTTGACAG_017,91
CCAATCCAACCAAAATGTCC_001,169
CCAATCCAACCAAAATGTCC_002,155
CCAATCCAACCAAAATGTCC_003,100
CCAATCCAACCAAAATGTCC_004,194
CCAATCCAACCAAAATGTCC_005,157
CCAATCCAACCAAAATGTCC_006,1
CCAATCCAACCAAAATGTCC_007,157
CCAATCCAACCAAAATGTCC_008,79
CCAATCCAACCAAAATGTCC_009,9
AACTAGAACCTGGTTTATCA_001,162
AACTAGAACCTGGTTTATCA_002,53
AACTAGAACCTGGTTTATCA_003,48
AACTAGAACCTGGTTTATCA_004,38
AACTAGAACCTGGTTTATCA_005,125
AACTAGAACCTGGTTTATCA_006,69
AACTAGAACCTGGTTTATCA_007,126
AACTAGAACCTGGTTTATCA_008,112
AACTAGAACCTGGTTTATCA_009,106
AACTAGAACCTGGTTTATCA_010,138
AACTAGAACCTGGTTTATCA_011,194
AACTAGAACCTGGTTTATCA_012,181
AACTAGAACCTGGTTTATCA_013,168
CTCACACCTTGACTGCCAAG_001,80
CTCACACCTTGACTGCCAAG_002,70
CTCACACCTTGACTGCCAAG_003,98
CTCACACCTTGACTGCCAAG_004,192
CTCACACCTTGACTGCCAAG_005,30
CTCACACCTTGACTGCCAAG_006,68
CTCACACCTTGACTGCCAAG_007,168
CTCACACCTTGACTGCCAAG_008,9
CTCACACCTTGACTGCCAAG_009,161
GGTATTTCTGGAGATAGTGC_001,37
GGTATTTCTGGAGATAGTGC_002,127
GGTATTTCTGGAGATAGTGC_003,33
TGTGACACCCAATAGAAAGA_001,119
TGTGACACCCAATAGAAAGA_002,134
CTGGTAACGCTCTTTCAACA_001,32
CTGGTAACGCTCTTTCAACA_002,171
CTGGTAACGCTCTTTCAACA_003,107
CTGGTAACGCTCTTTCAACA_004,107
CTGGTAACGCTCTTTCAACA_005,112
CTGGTAACGCTCTTTCAACA_006,187
CTGGTAACGCTCTTTCAACA_007,15
TGCACTAACAATATGCGAGT_001,159
GTCATCAATTCTGCAAAACG_001,53
GTCATCAATTCTGCAAAACG_002,42
GTCATCAATTCTGCAAAACG_003,192
GTCATCAATTCTGCAAAACG_004,140
ACATCATTGACTTACCAAGC_001,42
ACATCATTGACTTACCAAGC_002,158
ATCGTCGTCGTGTCTCCTGG_001,37
ATCGTCGTCGTGTCTCCTGG_002,173
ATCGTCGTCGTGTCTCCTGG_003,61
ATCGTCGTCGTGTCTCCTGG_004,47
ATCGTCGTCGTGTCTCCTGG_005,127
ATCGTCGTCGTGTCTCCTGG_006,178
ATCGTCGTCGTGTCTCCTGG_007,17
ATCGTCGTCGTGTCTCCTGG_008,63
ATCGTCGTCGTGTCTCCTGG_009,116
ATCGTCGTCGTGTCTCCTGG_010,16
ATCGTCGTCGTGTCTCCTGG_011,91
ATCGTCGTCGTGTCTCCTGG_012,178
ATCGTCGTCGTGTCTCCTGG_013,193
ATCGTCGTCGTGTCTCCTGG_014,140
ATCGTCGTCGTGTCTCCTGG_015,158
ATCGTCGTCGTGTCTCCTGG_016,48
ATCGTCGTCGTGTCTCCTGG_017,1
ATCGTCGTCGTGTCTCCTGG_018,184
ATCGTCGTCGTGTCTCCTGG_019,188
ATCGTCGTCGTGTCTCCTGG_020,56
ATCGTCGTCGTGTCTCCTGG_021,149
CATTACTCACTAAAGAAATG_001,109
CATTACTCACTAAAGAAATG_002,17
GTGACTCCAAAACCTCAGGA_001,2
GTGACTCCAAAACCTCAGGA_002,4
GTGACTCCAAAACCTCAGGA_003,2
GTGACTCCAAAACCTCAGGA_004,171
GTGACTCCAAAACCTCAGGA_005,139
GTGACTCCAAAACCTCAGGA_006,192
GTGACTCCAAAACCTCAGGA_007,44
GTGACTCCAAAACCTCAGGA_008,58
GTGACTCCAAAACCTCAGGA_009,153
GTGACTCCAAAACCTCAGGA_010,23
GTGACTCCAAAACCTCAGGA_011,151
GTGACTCCAAAACCTCAGGA_012,199
GTGACTCCAAAACCTCAGGA_013,176
GTGACTCCAAAACCTCAGGA_014,141
GTGACTCCAAAACCTCAGGA_015,199
GTGACTCCAAAACCTCAGGA_016,158
GTGACTCCAAAACCTCAGGA_017,157
GTGACTCCAAAACCTCAGGA_018,147
GTGACTCCAAAACCTCAGGA_019,158
GTGACTCCAAAACCTCAGGA_020,61
ACTGCAGGGCTGGCCCCGTG_001,171
ACTGCAGGGCTGGCCCCGTG_002,29
ACTGCAGGGCTGGCCCCGTG_003,138
ACTGCAGGGCTGGCCCCGTG_004,138
ACTGCAGGGCTGGCCCCGTG_005,153
ACTGCAGGGCTGGCCCCGTG_006,172
ACTGCAGGGCTGGCCCCGTG_007,146
ACTGCAGGGCTGGCCCCGTG_008,148
ACTGCAGGGCTGGCCCCGTG_009,17
ACTGCAGGGCTGGCCCCGTG_010,175
ACTGCAGGGCTGGCCCCGTG_011,113
CATTGACCACACCTTCAGTG_001,178
CATTGACCACACCTTCAGTG_002,42
CATTGACCACACCTTCAGTG_003,85
CATTGACCACACCTTCAGTG_004,101
CATTGACCACACCTTCAGTG_005,117
CATTGACCACACCTTCAGTG_006,197
CATTGACCACACCTTCAGTG_007,175
CATTGACCACACCTTCAGTG_008,192
AACAGGTTATGTTCGCCACG_001,89
AACAGGTTATGTTCGCCACG_002,191
AACAGGTTATGTTCGCCACG_003,17
GATTAAATACCAAAGCACTC_001,7
GATTAAATACCAAAGCACTC_002,154
GATTAAATACCAAAGCACTC_003,70
GATTAAATACCAAAGCACTC_004,156
GATTAAATACCAAAGCACTC_005,121
GATTAAATACCAAAGCACTC_006,22
GATTAAATACCAAAGCACTC_007,89
ATTGTGTATGTGATCGACTG_001,104
ATTGTGTATGTGATCGACTG_002,83
ATTGTGTATGTGATCGACTG_003,171
ATTGTGTATGTGATCGACTG_004,158
ATAATCGAGAAGTTTAGGGT_001,106
ATAATCGAGAAGTTTAGGGT_002,63
ATAATCGAGAAGTTTAGGGT_003,199
ATAATCGAGAAGTTTAGGGT_004,41
ATAATCGAGAAGTTTAGGGT_005,56
ATAATCGAGAAGTTTAGGGT_006,153
ATAATCGAGAAGTTTAGGGT_007,106
GGTGAAATTGATGGGCCCTG_001,163
GGTGAAATTGATGGGCCCTG_002,88
GGTGAAATTGATGGGCCCTG_003,10
GGTGAAATTGATGGGCCCTG_004,144
GGTGAAATTGATGGGCCCTG_005,68
GGTGAAATTGATGGGCCCTG_006,136
GGTGAAATTGATGGGCCCTG_007,94
GGTGAAATTGATGGGCCCTG_008,156
GGTGAAATTGATGGGCCCTG_009,83
GGTGAAATTGATGGGCCCTG_010,140
GGTGAAATTGATGGGCCCTG_011,178
GGTGAAATTGATGGGCCCTG_012,26
GGTGAAATTGATGGGCCCTG_013,175
GGTGAAATTGATGGGCCCTG_014,172
GGTGAAATTGATGGGCCCTG_015,182
GGTGAAATTGATGGGCCCTG_016,62
GGTGAAATTGATGGGCCCTG_017,1
AGAGCAACCCAGTTAAACAC_001,103
AGAGCAACCCAGTTAAACAC_002,72
AGAGCAACCCAGTTAAACAC_003,19
AGAGCAACCCAGTTAAACAC_004,72
AGAGCAACCCAGTTAAACAC_005,88
AGAGCAACCCAGTTAAACAC_006,130
AGAGCAACCCAGTTAAACAC_007,111
AGAGCAACCCAGTTAAACAC_008,56
AGAGCAACCCAGTTAAACAC_009,149
AGAGCAACCCAGTTAAACAC_010,129
AGAGCAACCCAGTTAAACAC_011,172
CAGGACTTACGAGTACAGAA_001,134
CAGGACTTACGAGTACAGAA_002,134
CAGGACTTACGAGTACAGAA_003,194
CAGGACTTACGAGTACAGAA_004,119
CAGGACTTACGAGTACAGAA_005,92
CAGGACTTACGAGTACAGAA_006,36
CAGGACTTACGAGTACAGAA_007,120
CAGGACTTACGAGTACAGAA_008,169
CAGGACTTACGAGTACAGAA_009,163
CAGGACTTACGAGTACAGAA_010,22
CAGGACTTACGAGTACAGAA_011,102
CAGGACTTACGAGTACAGAA_012,137
GACCATCTTCTAACCAACCC_001,22
GACCATCTTCTAACCAACCC_002,159
TTTCCAACCATAGACACAGT_001,47
TTTCCAACCATAGACACAGT_002,31
TTTCCAACCATAGACACAGT_003,119
TTTCCAACCATAGACACAGT_004,74
TTTCCAACCATAGACACAGT_005,126
TTTCCAACCATAGACACAGT_006,16
TTCTCCCTCTTGGCAAGAGT_001,145
TTCTCCCTCTTGGCAAGAGT_002,88
TTCTCCCTCTTGGCAAGAGT_003,104
TTGCTCTCTCACTGTTGTTA_001,156
TTGCTCTCTCACTGTTGTTA_002,93
TTGCTCTCTCACTGTTGTTA_003,198
TTGCTCTCTCACTGTTGTTA_004,56
TTGCTCTCTCACTGTTGTTA_005,43
TTGCTCTCTCACTGTTGTTA_006,18
ATCGTCGCAAAGTTATGTGG_001,94
ATCGTCGCAAAGTTATGTGG_002,54
ATCGTCGCAAAGTTATGTGG_003,50
ATCGTCGCAAAGTTATGTGG_004,40
ATCGTCGCAAAGTTATGTGG_005,182
GGCGGCTGCTTCACAGACAG_001,41
GGCGGCTGCTTCACAGACAG_002,10
TCTGCCCGTATGTCCACCTG_001,130
GCGACCCAGAGCGACTAAAG_001,137
GCGACCCAGAGCGACTAAAG_002,119
GCGACCCAGAGCGACTAAAG_003,136
GCGACCCAGAGCGACTAAAG_004,98
GCGACCCAGAGCGACTAAAG_005,58
GCGACCCAGAGCGACTAAAG_006,178
GCGACCCAGAGCGACTAAAG_007,11
TGAGTATTCAATGTTACCTG_001,88
CAATGGACCTTACAACGACG_001,60
CAATGGACCTTACAACGACG_002,12
CAATGGACCTTACAACGACG_003,120
GCTCCTCGATTTAGACATCG_001,161
GCTCCTCGATTTAGACATCG_002,114
GCTCCTCGATTTAGACATCG_003,130
GCTCCTCGATTTAGACATCG_004,130
GCTCCTCGATTTAGACATCG_005,150
GCTCCTCGATTTAGACATCG_006,167
GCTCCTCGATTTAGACATCG_007,64
GCTCCTCGATTTAGACATCG_008,126
GCTCCTCGATTTAGACATCG_009,74
TCACACAGGTATGCACCTGT_001,88
TCACACAGGTATGCACCTGT_002,116
TCACACAGGTATGCACCTGT_003,126
TTCAGCGCCCCGTAATCCTG_001,183
TTCAGCGCCCCGTAATCCTG_002,174
TTCAGCGCCCCGTAATCCTG_003,126
TCATACCAAATAATCCATAG_001,28
TCATACCAAATAATCCATAG_002,2
TCATACCAAATAATCCATAG_003,124
TGAAGCCGCACTGTTAACTG_001,70
TGAAGCCGCACTGTTAACTG_002,60
TGAAGCCGCACTGTTAACTG_003,51
TGAAGCCGCACTGTTAACTG_004,111
TGAAGCCGCACTGTTAACTG_005,186
TGAAGCCGCACTGTTAACTG_006,102
TGAAGCCGCACTGTTAACTG_007,15
TGAAGCCGCACTGTTAACTG_008,2
TGAAGCCGCACTGTTAACTG_009,42
TGAAGCCGCACTGTTAACTG_010,63
TTTGGTAATGAGCCCGCATG_001,24
TTTGGTAATGAGCCCGCATG_002,58
TTTGGTAATGAGCCCGCATG_003,28
TTTGGTAATGAGCCCGCATG_004,110
TTTGGTAATGAGCCCGCATG_005,177
CTGCAACTTGACCTTCAGGC_001,165
CTGCAACTTGACCTTCAGGC_002,105
CTGCAACTTGACCTTCAGGC_003,0
CTGCAACTTGACCTTCAGGC_004,23
CTGCAACTTGACCTTCAGGC_005,109
CTGCAACTTGACCTTCAGGC_006,113
CTGCAACTTGACCTTCAGGC_007,77
CTGCAACTTGACCTTCAGGC_008,15
CTGCAACTTGACCTTCAGGC_009,199
CTGCAACTTGACCTTCAGGC_010,34
CTGCAACTTGACCTTCAGGC_011,57
CTGCAACTTGACCTTCAGGC_012,40
CTGCAACTTGACCTTCAGGC_013,81
CTGCAACTTGACCTTCAGGC_014,52
CTGCAACTTGACCTTCAGGC_015,136
CTGCAACTTGACCTTCAGGC_016,90
CTGCAACTTGACCTTCAGGC_017,28
CTGCAACTTGACCTTCAGGC_018,138
ACTCAGTTCAAAGTGCCCAG_001,129
ACTCAGTTCAAAGTGCCCAG_002,130
ACTCAGTTCAAAGTGCCCAG_003,95
ACTCAGTTCAAAGTGCCCAG_004,12
ACTCAGTTCAAAGTGCCCAG_005,177
ACTCAGTTCAAAGTGCCCAG_006,2
ACTCAGTTCAAAGTGCCCAG_007,118
ACTCAGTTCAAAGTGCCCAG_008,169
ACTCAGTTCAAAGTGCCCAG_009,175
ACTCAGTTCAAAGTGCCCAG_010,169
ACGATACCAAAAGACCAGCA_001,170
ACGATACCAAAAGACCAGCA_002,78
ACGATACCAAAAGACCAGCA_003,22
ACGATACCAAAAGACCAGCA_004,198
ACGATACCAAAAGACCAGCA_005,62
ACGATACCAAAAGACCAGCA_006,50
ACGATACCAAAAGACCAGCA_007,10
ATATTGTAACAGTCTTGACA_001,185
ATATTGTAACAGTCTTGACA_002,49
AGGGCATGCTTACCACCCAG_001,77
AGGGCATGCTTACCACCCAG_002,41
AGGGCATGCTTACCACCCAG_003,184
AGGGCATGCTTACCACCCAG_004,188
AGGGCATGCTTACCACCCAG_005,39
CAGTAGCTACAACATGCTGT_001,108
CAGTAGCTACAACATGCTGT_002,89
CAGTAGCTACAACATGCTGT_003,66
CAGTAGCTACAACATGCTGT_004,119
CGTGGGCCAGAACAAGTTCG_001,119
CGTGGGCCAGAACAAGTTCG_002,49
CGTGGGCCAGAACAAGTTCG_003,49
CGTGGGCCAGAACAAGTTCG_004,50
CGTGGGCCAGAACAAGTTCG_005,70
CGTGGGCCAGAACAAGTTCG_006,18
CGTGGGCCAGAACAAGTTCG_007,71
CGTGGGCCAGAACAAGTTCG_008,121
CGTGGGCCAGAACAAGTTCG_009,27
CGTGGGCCAGAACAAGTTCG_010,125
CGTGGGCCAGAACAAGTTCG_011,26
CGTGGGCCAGAACAAGTTCG_012,61
CGTGGGCCAGAACAAGTTCG_013,17
CGTGGGCCAGAACAAGTTCG_014,94
CGTGGGCCAGAACAAGTTCG_015,104
CGTGGGCCAGAACAAGTTCG_016,132
CGTGGGCCAGAACAAGTTCG_017,124
CGTGGGCCAGAACAAGTTCG_018,77
CGTGGGCCAGAACAAGTTCG_019,68
GCTTAGCAGAACCTCAGAAG_001,51
GCTTAGCAGAACCTCAGAAG_002,149
GCTTAGCAGAACCTCAGAAG_003,114
GCTTAGCAGAACCTCAGAAG_004,170
GCTTAGCAGAACCTCAGAAG_005,72
GACCACCAATCAGATCCGTA_001,19
GACCACCAATCAGATCCGTA_002,194
GACCACCAATCAGATCCGTA_003,176
GACCACCAATCAGATCCGTA_004,50
GACCACCAATCAGATCCGTA_005,171
TTTAAAGAATCCAGTCTCCG_001,59
TTTAAAGAATCCAGTCTCCG_002,147
TTTAAAGAATCCAGTCTCCG_003,125
TTTAAAGAATCCAGTCTCCG_004,150
TTTAAAGAATCCAGTCTCCG_005,80
TTTAAAGAATCCAGTCTCCG_006,125
TTTAAAGAATCCAGTCTCCG_007,111
GGAGTCTCTCCCAACCTACG_001,160
GGAGTCTCTCCCAACCTACG_002,50
GGAGTCTCTCCCAACCTACG_003,94
GGATGGGCAACTGTTGCGAG_001,122
GCTTACTTTAGGTCAAACGG_001,198
GCTTACTTTAGGTCAAACGG_002,169
GCTTACTTTAGGTCAAACGG_003,177
GCTTACTTTAGGTCAAACGG_004,105
GCTTACTTTAGGTCAAACGG_005,5
GCTTACTTTAGGTCAAACGG_006,84
GCTTACTTTAGGTCAAACGG_007,4
GCTTACTTTAGGTCAAACGG_008,108
GCTTACTTTAGGTCAAACGG_009,196
TTGCCAGGGTTCACACAAGG_001,113
TTGCCAGGGTTCACACAAGG_002,138
TTGCCAGGGTTCACACAAGG_003,94
TTGCCAGGGTTCACACAAGG_004,113
TGGTGACACCGCGGCACCAG_001,113
TGGTGACACCGCGGCACCAG_002,28
TGGTGACACCGCGGCACCAG_003,177
TGGTGACACCGCGGCACCAG_004,128
TGGTGACACCGCGGCACCAG_005,14
TGGTGACACCGCGGCACCAG_006,195
TGGTGACACCGCGGCACCAG_007,84
TGGTGACACCGCGGCACCAG_008,192
TGGTGACACCGCGGCACCAG_009,160
TGGTGACACCGCGGCACCAG_010,1
TGGTGACACCGCGGCACCAG_011,68
TGGTGACACCGCGGCACCAG_012,3
TGGTGACACCGCGGCACCAG_013,77
TGGTGACACCGCGGCACCAG_014,102
TGGTGACACCGCGGCACCAG_015,146
TGGTGACACCGCGGCACCAG_016,189
TGGTGACACCGCGGCACCAG_017,16
TGGTGACACCGCGGCACCAG_018,166
TGGTGACACCGCGGCACCAG_019,168
TGGTGACACCGCGGCACCAG_020,36
TGGTGACACCGCGGCACCAG_021,35
TGGTGACACCGCGGCACCAG_022,1
TTTCTGACAATCATAGTGTG_001,94
AAATTGTTGACCTAAGAGAA_001,60
AAATTGTTGACCTAAGAGAA_002,168
AAATTGTTGACCTAAGAGAA_003,19
AAATTGTTGACCTAAGAGAA_004,70
AAATTGTTGACCTAAGAGAA_005,82
AAATTGTTGACCTAAGAGAA_006,139
AAATTGTTGACCTAAGAGAA_007,160
AAATTGTTGACCTAAGAGAA_008,73
AAATTGTTGACCTAAGAGAA_009,69
AAATTGTTGACCTAAGAGAA_010,127
AAATTGTTGACCTAAGAGAA_011,12
AAATTGTTGACCTAAGAGAA_012,78
AAATTGTTGACCTAAGAGAA_013,86
GTAGAAGTTCACACCATAGG_001,102
GTAGAAGTTCACACCATAGG_002,9
GTAGAAGTTCACACCATAGG_003,192
GTAGAAGTTCACACCATAGG_004,169
GTAGAAGTTCACACCATAGG_005,40
GTAGAAGTTCACACCATAGG_006,63
GTAGAAGTTCACACCATAGG_007,119
GTTTCTCCTGAACTTATCTG_001,94
GTTTCTCCTGAACTTATCTG_002,39
GTTTCTCCTGAACTTATCTG_003,108
GTTTCTCCTGAACTTATCTG_004,31
GTTTCTCCTGAACTTATCTG_005,47
GTTTCTCCTGAACTTATCTG_006,48
GTTTCTCCTGAACTTATCTG_007,138
GAAGGGCATGGCTATAGCCT_001,160
GAAGGGCATGGCTATAGCCT_002,55
GTGTACATAAGGATGTGTAG_001,115
GTGTACATAAGGATGTGTAG_002,62
GTGTACATAAGGATGTGTAG_003,77
GTGTACATAAGGATGTGTAG_004,150
GTGTACATAAGGATGTGTAG_005,185
GTGTACATAAGGATGTGTAG_006,71
GTGTACATAAGGATGTGTAG_007,56
GTGTACATAAGGATGTGTAG_008,93
GTGTACATAAGGATGTGTAG_009,165
GTGTACATAAGGATGTGTAG_010,199
GTGTACATAAGGATGTGTAG_011,184
GTGTACATAAGGATGTGTAG_012,19
AAAATCAGTAGATTCCACAC_001,185
AAAATCAGTAGATTCCACAC_002,109
AAAATCAGTAGATTCCACAC_003,172
ATCCCAAAGCCATTGACACG_001,95
ATCCCAAAGCCATTGACACG_002,84
ATCCCAAAGCCATTGACACG_003,85
ATCCCAAAGCCATTGACACG_004,42
ATCCCAAAGCCATTGACACG_005,150
ATCCCAAAGCCATTGACACG_006,49
ATCCCAAAGCCATTGACACG_007,4
ATCCCAAAGCCATTGACACG_008,176
ATCCCAAAGCCATTGACACG_009,186
ATCCCAAAGCCATTGACACG_010,169
ATCCCAAAGCCATTGACACG_011,188
ATCCCAAAGCCATTGACACG_012,59
TTTGTATAGCTGTAGTAGGG_001,145
TTTGTATAGCTGTAGTAGGG_002,170
TTTGTATAGCTGTAGTAGGG_003,69
TTTGTATAGCTGTAGTAGGG_004,2
TTTGTATAGCTGTAGTAGGG_005,60
TTTGTATAGCTGTAGTAGGG_006,141
TTTGTATAGCTGTAGTAGGG_007,154
TTTGTATAGCTGTAGTAGGG_008,49
TTTGTATAGCTGTAGTAGGG_009,56
GTGCTCGCCCTGCACTCCAA_001,134
GTGCTCGCCCTGCACTCCAA_002,138
GTGCTCGCCCTGCACTCCAA_003,141
GTGCTCGCCCTGCACTCCAA_004,151
GTGCTCGCCCTGCACTCCAA_005,74
GTGCTCGCCCTGCACTCCAA_006,174
GTGCTCGCCCTGCACTCCAA_007,61
GTGCTCGCCCTGCACTCCAA_008,178
GTGCTCGCCCTGCACTCCAA_009,68
ACCTGCAGCACCATGAACAG_001,0
ACCTGCAGCACCATGAACAG_002,17
ACCTGCAGCACCATGAACAG_003,81
ACCTGCAGCACCATGAACAG_004,88
ACCTGCAGCACCATGAACAG_005,114
ACCTGCAGCACCATGAACAG_006,194
ACCTGCAGCACCATGAACAG_007,95
ACCTGCAGCACCATGAACAG_008,130
ACCTGCAGCACCATGAACAG_009,176
ACCTGCAGCACCATGAACAG_010,152
ACCTGCAGCACCATGAACAG_011,141
ACCTGCAGCACCATGAACAG_012,60
ACCTGCAGCACCATGAACAG_013,33
ACCTGCAGCACCATGAACAG_014,84
ACCTGCAGCACCATGAACAG_015,49
ACCTGCAGCACCATGAACAG_016,158
ACCTGCAGCACCATGAACAG_017,78
ACCTGCAGCACCATGAACAG_018,83
ACCTGCAGCACCATGAACAG_019,163
ACCTGCAGCACCATGAACAG_020,35
CTTAACGGATGTCTCTGGGG_001,63
GCAGGGCCCATAGGATTGGG_001,62
GCAGGGCCCATAGGATTGGG_002,182
GCAGGGCCCATAGGATTGGG_003,1
GCAGGGCCCATAGGATTGGG_004,16
GCAGGGCCCATAGGATTGGG_005,162
GCAGGGCCCATAGGATTGGG_006,160
GCAGGGCCCATAGGATTGGG_007,44
GCAGGGCCCATAGGATTGGG_008,5
GCAGGGCCCATAGGATTGGG_009,130
GCAGGGCCCATAGGATTGGG_010,121
GCAGGGCCCATAGGATTGGG_011,188
GCAGGGCCCATAGGATTGGG_012,165
GTACTGCGCGACAATATCCA_001,33
AGTCCTTGGATGTAAGAAAG_001,137
AGTCCTTGGATGTAAGAAAG_002,130
AGTCCTTGGATGTAAGAAAG_003,94
AGTCCTTGGATGTAAGAAAG_004,88
AGTCCTTGGATGTAAGAAAG_005,26
AGTCCTTGGATGTAAGAAAG_006,83
AGTCCTTGGATGTAAGAAAG_007,69
AGTCCTTGGATGTAAGAAAG_008,62
GAGCTTACCGCAAATTTCAA_001,181
GAGCTTACCGCAAATTTCAA_002,127
GAGCTTACCGCAAATTTCAA_003,181
GAGCTTACCGCAAATTTCAA_004,169
GAGCTTACCGCAAATTTCAA_005,1
GAGCTTACCGCAAATTTCAA_006,169
GAGCTTACCGCAAATTTCAA_007,94
GAGCTTACCGCAAATTTCAA_008,84
GAGCTTACCGCAAATTTCAA_009,75
GAGCTTACCGCAAATTTCAA_010,92
GAGCTTACCGCAAATTTCAA_011,70
GAGCTTACCGCAAATTTCAA_012,82
GAGCTTACCGCAAATTTCAA_013,102
GAGCTTACCGCAAATTTCAA_014,15
GAGCTTACCGCAAATTTCAA_015,190
GAGCTTACCGCAAATTTCAA_016,76
GAGCTTACCGCAAATTTCAA_017,188
GAGCTTACCGCAAATTTCAA_018,155
ATCAATTGTGCTGACAACAC_001,83
ATCAATTGTGCTGACAACAC_002,19
AGGCTGACTTACATCAACCA_001,171
AGGCTGACTTACATCAACCA_002,68
AGGCTGACTTACATCAACCA_003,12
AGGCTGACTTACATCAACCA_004,47
AGGCTGACTTACATCAACCA_005,81
AGGCTGACTTACATCAACCA_006,28
AGGCTGACTTACATCAACCA_007,78
AGGCTGACTTACATCAACCA_008,84
GCGAGACTACGAAGGCCTGT_001,184
GCGAGACTACGAAGGCCTGT_002,138
GCGAGACTACGAAGGCCTGT_003,138
GCGAGACTACGAAGGCCTGT_004,168
GCGAGACTACGAAGGCCTGT_005,158
GCGAGACTACGAAGGCCTGT_006,94
GCGAGACTACGAAGGCCTGT_007,144
GCGAGACTACGAAGGCCTGT_008,75
GCGAGACTACGAAGGCCTGT_009,28
GCGAGACTACGAAGGCCTGT_010,52
GCGAGACTACGAAGGCCTGT_011,6
GCGAGACTACGAAGGCCTGT_012,66
GCGAGACTACGAAGGCCTGT_013,37
GCGAGACTACGAAGGCCTGT_014,137
GCGAGACTACGAAGGCCTGT_015,137
TGATGTTGGTCTCAATCAGG_001,178
TGATGTTGGTCTCAATCAGG_002,117
TGATGTTGGTCTCAATCAGG_003,48
TGATGTTGGTCTCAATCAGG_004,82
TGATGTTGGTCTCAATCAGG_005,149
TGATGTTGGTCTCAATCAGG_006,172
TGATGTTGGTCTCAATCAGG_007,125
GTCCTTTGCCGTAGACTGTG_001,77
GTCCTTTGCCGTAGACTGTG_002,189
GTCCTTTGCCGTAGACTGTG_003,150
GTCCTTTGCCGTAGACTGTG_004,77
GTCCTTTGCCGTAGACTGTG_005,94
GTCCTTTGCCGTAGACTGTG_006,134
GTCCTTTGCCGTAGACTGTG_007,192
GTCCTTTGCCGTAGACTGTG_008,60
GTCCTTTGCCGTAGACTGTG_009,53
GTCCTTTGCCGTAGACTGTG_010,88
GTCCTTTGCCGTAGACTGTG_011,88
GTCCTTTGCCGTAGACTGTG_012,19
GTCCTTTGCCGTAGACTGTG_013,182
GTCCTTTGCCGTAGACTGTG_014,117
TGGAAGTCCACTCCACTCAG_001,19
TGGAAGTCCACTCCACTCAG_002,9
TGGAAGTCCACTCCACTCAG_003,182
TGGAAGTCCACTCCACTCAG_004,176
TGGAAGTCCACTCCACTCAG_005,68
TGGAAGTCCACTCCACTCAG_006,27
TGGAAGTCCACTCCACTCAG_007,191
TGGAAGTCCACTCCACTCAG_008,13
TGGAAGTCCACTCCACTCAG_009,58
TGGAAGTCCACTCCACTCAG_010,160
TGGAAGTCCACTCCACTCAG_011,8
TGGAAGTCCACTCCACTCAG_012,176
TGGAAGTCCACTCCACTCAG_013,31
TGGAAGTCCACTCCACTCAG_014,157
TGGAAGTCCACTCCACTCAG_015,118
TGGAAGTCCACTCCACTCAG_016,7
TGGAAGTCCACTCCACTCAG_017,40
TGGAAGTCCACTCCACTCAG_018,162
TGGAAGTCCACTCCACTCAG_019,124
TGGAAGTCCACTCCACTCAG_020,168
TGGAAGTCCACTCCACTCAG_021,175
ACACTCGATGTGATACACCT_001,166
ACACTCGATGTGATACACCT_002,133
ACACTCGATGTGATACACCT_003,127
ACACTCGATGTGATACACCT_004,60
ACACTCGATGTGATACACCT_005,195
ACACTCGATGTGATACACCT_006,56
ACACTCGATGTGATACACCT_007,190
ACACTCGATGTGATACACCT_008,151
ACACTCGATGTGATACACCT_009,177
ACACTCGATGTGATACACCT_010,94
ACACTCGATGTGATACACCT_011,108
ACACTCGATGTGATACACCT_012,157
ACACTCGATGTGATACACCT_013,22
ACACTCGATGTGATACACCT_014,98
ACACTCGATGTGATACACCT_015,165
ACACTCGATGTGATACACCT_016,136
ACACTCGATGTGATACACCT_017,64
TGATCAAGCGGAGTTCGATG_001,107
TGATCAAGCGGAGTTCGATG_002,177
TGATCAAGCGGAGTTCGATG_003,50
TGATCAAGCGGAGTTCGATG_004,82
TGATCAAGCGGAGTTCGATG_005,165
TGATCAAGCGGAGTTCGATG_006,34
TGATCAAGCGGAGTTCGATG_007,62
TGATCAAGCGGAGTTCGATG_008,157
TGATCAAGCGGAGTTCGATG_009,147
TGATCAAGCGGAGTTCGATG_010,44
TGATCAAGCGGAGTTCGATG_011,35
TCCACCAAACACTTCAGATA_001,147
TCCACCAAACACTTCAGATA_002,16
TCCACCAAACACTTCAGATA_003,43
TCCACCAAACACTTCAGATA_004,48
TCACCAGGTACTGTACCCCG_001,171
CAGATAGTGCTACACTGCAG_001,29
CAGATAGTGCTACACTGCAG_002,1
CAGATAGTGCTACACTGCAG_003,151
CAGATAGTGCTACACTGCAG_004,27
CAGATAGTGCTACACTGCAG_005,78
CAGATAGTGCTACACTGCAG_006,96
ATTGCGGTCTTTGTCTCCAG_001,48
ATTGCGGTCTTTGTCTCCAG_002,48
ATTGCGGTCTTTGTCTCCAG_003,121
ATTGCGGTCTTTGTCTCCAG_004,25
ATTGCGGTCTTTGTCTCCAG_005,3
ATTGCGGTCTTTGTCTCCAG_006,67
ATTGCGGTCTTTGTCTCCAG_007,82
ATTGCGGTCTTTGTCTCCAG_008,28
ATTGCGGTCTTTGTCTCCAG_009,162
ATTGCGGTCTTTGTCTCCAG_010,170
ATTGCGGTCTTTGTCTCCAG_011,82
ATTGCGGTCTTTGTCTCCAG_012,165
ATTGCGGTCTTTGTCTCCAG_013,46
ATTGCGGTCTTTGTCTCCAG_014,15
ATTGCGGTCTTTGTCTCCAG_015,4
ATTGCGGTCTTTGTCTCCAG_016,43
ATTGCGGTCTTTGTCTCCAG_017,144
ATTGCGGTCTTTGTCTCCAG_018,62
GGCGGCACCGACAGGTGCGT_001,188
GGCGGCACCGACAGGTGCGT_002,67
TCAGGCTGCTTAGTAAAGTG_001,9
TCAGGCTGCTTAGTAAAGTG_002,155
TCAGGCTGCTTAGTAAAGTG_003,172
TCAGGCTGCTTAGTAAAGTG_004,150
TCAGGCTGCTTAGTAAAGTG_005,72
TCAGGCTGCTTAGTAAAGTG_006,61
TCAGGCTGCTTAGTAAAGTG_007,103
TCAGGCTGCTTAGTAAAGTG_008,172
TCAGGCTGCTTAGTAAAGTG_009,2
TCAGGCTGCTTAGTAAAGTG_010,88
TCAGGCTGCTTAGTAAAGTG_011,88
TCAGGCTGCTTAGTAAAGTG_012,18
CATTGTACAGAGAAAGGTAG_001,181
CATTGTACAGAGAAAGGTAG_002,42
CATTGTACAGAGAAAGGTAG_003,67
CATTGTACAGAGAAAGGTAG_004,60
CATTGTACAGAGAAAGGTAG_005,184
TCTATGATGCAGTAATCACT_001,44
TCTATGATGCAGTAATCACT_002,29
TCTATGATGCAGTAATCACT_003,160
TCTATGATGCAGTAATCACT_004,181
TCTATGATGCAGTAATCACT_005,43
TCTATGATGCAGTAATCACT_006,6
TCAGGTAGTTACCTCTCTAG_001,132
TCAGGTAGTTACCTCTCTAG_002,163
GAAACTTACTCAGTTCACTC_001,171
GAAACTTACTCAGTTCACTC_002,23
GAAACTTACTCAGTTCACTC_003,186
GAAACTTACTCAGTTCACTC_004,39
GATGCTCTTCAGTTCGTGTG_001,148
GATGCTCTTCAGTTCGTGTG_002,111
GATGCTCTTCAGTTCGTGTG_003,86
GATGCTCTTCAGTTCGTGTG_004,173
GATGCTCTTCAGTTCGTGTG_005,50
GATGCTCTTCAGTTCGTGTG_006,76
GATGCTCTTCAGTTCGTGTG_007,29
GATGCTCTTCAGTTCGTGTG_008,16
GATGCTCTTCAGTTCGTGTG_009,117
GATGCTCTTCAGTTCGTGTG_010,49
GATGCTCTTCAGTTCGTGTG_011,170
GATGCTCTTCAGTTCGTGTG_012,50
GATGCTCTTCAGTTCGTGTG_013,158
GATGCTCTTCAGTTCGTGTG_014,0
CCTGTAAAGAAACAAAAGAC_001,15
CCTGTAAAGAAACAAAAGAC_002,76
CCTGTAAAGAAACAAAAGAC_003,12
CCTGTAAAGAAACAAAAGAC_004,187
CCTGTAAAGAAACAAAAGAC_005,12
CCTGTAAAGAAACAAAAGAC_006,176
CCTGTAAAGAAACAAAAGAC_007,68
CCTGTAAAGAAACAAAAGAC_008,155
CACATCCAACTGGACCACCA_001,0
CACATCCAACTGGACCACCA_002,62
CACATCCAACTGGACCACCA_003,35
CACATCCAACTGGACCACCA_004,43
CACATCCAACTGGACCACCA_005,63
CACATCCAACTGGACCACCA_006,77
CACATCCAACTGGACCACCA_007,171
CACATCCAACTGGACCACCA_008,103
CACATCCAACTGGACCACCA_009,71
CACATCCAACTGGACCACCA_010,182
CACATCCAACTGGACCACCA_011,65
CACATCCAACTGGACCACCA_012,105
GTATGCATACTACCTTGTAC_001,53
GTATGCATACTACCTTGTAC_002,21
CAAGCTCAACTGGAAATCGT_001,42
CAAGCTCAACTGGAAATCGT_002,74
CAAGCTCAACTGGAAATCGT_003,140
CAAGCTCAACTGGAAATCGT_004,31
CAAGCTCAACTGGAAATCGT_005,39
TGGCACAAATAACCCAATGG_001,77
TGGCACAAATAACCCAATGG_002,193
TGGCACAAATAACCCAATGG_003,47
TTAAAATTCAGCAATACCTG_001,85
TTAAAATTCAGCAATACCTG_002,99
CTAGGTCCGAAACATTCCAC_001,12
CTAGGTCCGAAACATTCCAC_002,29
CTAGGTCCGAAACATTCCAC_003,49
CTAGGTCCGAAACATTCCAC_004,49
CTAGGTCCGAAACATTCCAC_005,86
CTAGGTCCGAAACATTCCAC_006,64
CTAGGTCCGAAACATTCCAC_007,149
CTAGGTCCGAAACATTCCAC_008,192
CTAGGTCCGAAACATTCCAC_009,56
GCTCGTTCTACATTTAGCCT_001,5
GCTCGTTCTACATTTAGCCT_002,26
GCTCGTTCTACATTTAGCCT_003,59
GCTCGTTCTACATTTAGCCT_004,63
GCTCGTTCTACATTTAGCCT_005,168
GCTCGTTCTACATTTAGCCT_006,107
GCTCGTTCTACATTTAGCCT_007,39
ATGCAATATTCCACAAACAG_001,68
CAAGTACTTCCGGTGCTAAG_001,198
CTATGTGAGAAACACCACCC_001,51
CTATGTGAGAAACACCACCC_002,54
CTATGTGAGAAACACCACCC_003,190
CTATGTGAGAAACACCACCC_004,22
CTATGTGAGAAACACCACCC_005,92
CTATGTGAGAAACACCACCC_006,145
CTATGTGAGAAACACCACCC_007,106
GTAGGTGAAAGGATGGACGA_001,77
GTAGGTGAAAGGATGGACGA_002,63
GTAGGTGAAAGGATGGACGA_003,53
GTAGGTGAAAGGATGGACGA_004,53
GTAGGTGAAAGGATGGACGA_005,36
GTAGGTGAAAGGATGGACGA_006,180
GTAGGTGAAAGGATGGACGA_007,24
GTAGGTGAAAGGATGGACGA_008,60
GTAGGTGAAAGGATGGACGA_009,142
GTAGGTGAAAGGATGGACGA_010,191
GTAGGTGAAAGGATGGACGA_011,41
CCAAGTATGATAGAGTGGTG_001,62
CCAAGTATGATAGAGTGGTG_002,105
CCAAGTATGATAGAGTGGTG_003,148
CCAAGTATGATAGAGTGGTG_004,52
CCATGCCCAATACCACGTCT_001,25
CCATGCCCAATACCACGTCT_002,110
CCATGCCCAATACCACGTCT_003,197
CCATGCCCAATACCACGTCT_004,136
CTGGAAATTGCCTACCACGG_001,87
CTGGAAATTGCCTACCACGG_002,107
CTGGAAATTGCCTACCACGG_003,43
CTGGAAATTGCCTACCACGG_004,106
CTGGAAATTGCCTACCACGG_005,194
CTGGAAATTGCCTACCACGG_006,115
CTGGAAATTGCCTACCACGG_007,137
CTGGAAATTGCCTACCACGG_008,3
CTGGAAATTGCCTACCACGG_009,198
CTGGAAATTGCCTACCACGG_010,174
CTGGAAATTGCCTACCACGG_011,136
GGACTCACGCAGAGCACTGT_001,77
GGACTCACGCAGAGCACTGT_002,36
GGACTCACGCAGAGCACTGT_003,149
GGACTCACGCAGAGCACTGT_004,1
GGACTCACGCAGAGCACTGT_005,166
GGACTCACGCAGAGCACTGT_006,193
GGACTCACGCAGAGCACTGT_007,116
GGCACCTCGCGGAAGCGCAG_001,23
GGCACCTCGCGGAAGCGCAG_002,109
GGCACCTCGCGGAAGCGCAG_003,78
GGCACCTCGCGGAAGCGCAG_004,178
GGCACCTCGCGGAAGCGCAG_005,147
GGCACCTCGCGGAAGCGCAG_006,34
GGCACCTCGCGGAAGCGCAG_007,102
GGCACCTCGCGGAAGCGCAG_008,56
GGCACCTCGCGGAAGCGCAG_009,40
GGCACCTCGCGGAAGCGCAG_010,196
GGCACCTCGCGGAAGCGCAG_011,2
CTCCGGGAGCTTATGTACAT_001,94
CTCCGGGAGCTTATGTACAT_002,101
CTCCGGGAGCTTATGTACAT_003,77
CTCCGGGAGCTTATGTACAT_004,32
CTCCGGGAGCTTATGTACAT_005,13
CTCCGGGAGCTTATGTACAT_006,61
CTCCGGGAGCTTATGTACAT_007,6
CTCCGGGAGCTTATGTACAT_008,6
CTCCGGGAGCTTATGTACAT_009,88
CTCCGGGAGCTTATGTACAT_010,86
CTCCGGGAGCTTATGTACAT_011,105
CTCCGGGAGCTTATGTACAT_012,19
CTCCGGGAGCTTATGTACAT_013,63
TAACACAAAAACAACCCAGT_001,166
TAACACAAAAACAACCCAGT_002,78
TAACACAAAAACAACCCAGT_003,14
TAACACAAAAACAACCCAGT_004,50
TAACACAAAAACAACCCAGT_005,149
TAACACAAAAACAACCCAGT_006,60
TAACACAAAAACAACCCAGT_007,50
TAACACAAAAACAACCCAGT_008,64
TAACACAAAAACAACCCAGT_009,197
TAACACAAAAACAACCCAGT_010,176
TAACACAAAAACAACCCAGT_011,16
TAACACAAAAACAACCCAGT_012,44
TAACACAAAAACAACCCAGT_013,69
TAACACAAAAACAACCCAGT_014,137
TAACACAAAAACAACCCAGT_015,28
TAACACAAAAACAACCCAGT_016,28
CGGGACGCCTCAGCTCGACA_001,19
CGGGACGCCTCAGCTCGACA_002,19
CGGGACGCCTCAGCTCGACA_003,159
CGGGACGCCTCAGCTCGACA_004,12
CGGGACGCCTCAGCTCGACA_005,181
CGGGACGCCTCAGCTCGACA_006,194
CGGGACGCCTCAGCTCGACA_007,62
CGGGACGCCTCAGCTCGACA_008,9
CGGGACGCCTCAGCTCGACA_009,24
CGGGACGCCTCAGCTCGACA_010,109
CGGGACGCCTCAGCTCGACA_011,151
CGGGACGCCTCAGCTCGACA_012,115
CGGGACGCCTCAGCTCGACA_013,121
CGGGACGCCTCAGCTCGACA_014,123
CGGGACGCCTCAGCTCGACA_015,61
CGGGACGCCTCAGCTCGACA_016,141
CGGGACGCCTCAGCTCGACA_017,20
CGGGACGCCTCAGCTCGACA_018,165
CGGGACGCCTCAGCTCGACA_019,122
CGGGACGCCTCAGCTCGACA_020,120
CGGGACGCCTCAGCTCGACA_021,3
CGGGACGCCTCAGCTCGACA_022,43
CGGGACGCCTCAGCTCGACA_023,10
CGGGACGCCTCAGCTCGACA_024,198
CGGGACGCCTCAGCTCGACA_025,94
CGGGACGCCTCAGCTCGACA_026,74
CGGGACGCCTCAGCTCGACA_027,1
CGGGACGCCTCAGCTCGACA_028,155
CGGGACGCCTCAGCTCGACA_029,120
CGGGACGCCTCAGCTCGACA_030,103
CGGGACGCCTCAGCTCGACA_031,77
AGGCTGACATCCCAGGCCAT_001,137
AGGCTGACATCCCAGGCCAT_002,21
AGGCTGACATCCCAGGCCAT_003,163
AGGCTGACATCCCAGGCCAT_004,155
AGGCTGACATCCCAGGCCAT_005,65
AGGCTGACATCCCAGGCCAT_006,25
AGGCTGACATCCCAGGCCAT_007,198
AGGCTGACATCCCAGGCCAT_008,90
AGGCTGACATCCCAGGCCAT_009,178
AGGCTGACATCCCAGGCCAT_010,99
ATAAGAGGCCTGGAGATCGT_001,164
ATAAGAGGCCTGGAGATCGT_002,170
ATAAGAGGCCTGGAGATCGT_003,191
ATAAGAGGCCTGGAGATCGT_004,10
ATAAGAGGCCTGGAGATCGT_005,124
ATAAGAGGCCTGGAGATCGT_006,67
ATAAGAGGCCTGGAGATCGT_007,45
ATAAGAGGCCTGGAGATCGT_008,129
ATAAGAGGCCTGGAGATCGT_009,50
ATAAGAGGCCTGGAGATCGT_010,124
ATAAGAGGCCTGGAGATCGT_011,17
ATAAGAGGCCTGGAGATCGT_012,174
ATAAGAGGCCTGGAGATCGT_013,61
ATAAGAGGCCTGGAGATCGT_014,119
GTTATTGTAATGATGTTGAT_001,127
GTTATTGTAATGATGTTGAT_002,11
GTTATTGTAATGATGTTGAT_003,198
TGAATTGCCTGAGTTGTGGA_001,54
TGAATTGCCTGAGTTGTGGA_002,149
TGAATTGCCTGAGTTGTGGA_003,19
TGAATTGCCTGAGTTGTGGA_004,78
TGAATTGCCTGAGTTGTGGA_005,78
TGAATTGCCTGAGTTGTGGA_006,155
TGAATTGCCTGAGTTGTGGA_007,194
TGAATTGCCTGAGTTGTGGA_008,101
TGAATTGCCTGAGTTGTGGA_009,142
GGAGCTGAAATATTAAATGC_001,12
TCTTCATCTCGCCTACGAGG_001,28
TCTTCATCTCGCCTACGAGG_002,191
TGACATTGAACCTACAGACA_001,32
TGACATTGAACCTACAGACA_002,160
TGACATTGAACCTACAGACA_003,133
TGACATTGAACCTACAGACA_004,186
TGACATTGAACCTACAGACA_005,158
TGACATTGAACCTACAGACA_006,147
TGACATTGAACCTACAGACA_007,107
TGACATTGAACCTACAGACA_008,44
TGACATTGAACCTACAGACA_009,4
TGACATTGAACCTACAGACA_010,73
TGATGAGATGGTGATTGTGA_001,40
TGATGAGATGGTGATTGTGA_002,2
TGATGAGATGGTGATTGTGA_003,52
GCAGGCGTCATAGGAAATTG_001,50
GCAGGCGTCATAGGAAATTG_002,117
GCAGGCGTCATAGGAAATTG_003,17
GCAGGCGTCATAGGAAATTG_004,190
CAACATCTTCAAGACACCCA_001,51
CAACATCTTCAAGACACCCA_002,41
CAACATCTTCAAGACACCCA_003,68
CAACATCTTCAAGACACCCA_004,83
CAACATCTTCAAGACACCCA_005,107
CAACATCTTCAAGACACCCA_006,127
CAACATCTTCAAGACACCCA_007,17
CAACATCTTCAAGACACCCA_008,137
CAACATCTTCAAGACACCCA_009,150
CAACATCTTCAAGACACCCA_010,156
CAACATCTTCAAGACACCCA_011,0
GGAGGAGACTCGCATCCACG_001,42
GGAGGAGACTCGCATCCACG_002,63
GGAGGAGACTCGCATCCACG_003,190
GGAGGAGACTCGCATCCACG_004,119
GGAGGAGACTCGCATCCACG_005,94
GGAGGAGACTCGCATCCACG_006,174
TGGGCAACATGATCGGCTCA_001,4
TGGGCAACATGATCGGCTCA_002,162
TGGGCAACATGATCGGCTCA_003,58
ACCTACCCGAACATACCAGA_001,103
ACCTACCCGAACATACCAGA_002,149
ACCTACCCGAACATACCAGA_003,48
ACCTACCCGAACATACCAGA_004,72
GGCGAGACTGCTTGTCTCGG_001,179
GGCGAGACTGCTTGTCTCGG_002,96
GGCGAGACTGCTTGTCTCGG_003,106
GGCGAGACTGCTTGTCTCGG_004,126
CCAATATAGCTGCAAGTACA_001,41
CCAATATAGCTGCAAGTACA_002,29
CCAATATAGCTGCAAGTACA_003,23
CCAATATAGCTGCAAGTACA_004,190
CCAATATAGCTGCAAGTACA_005,67
CCAATATAGCTGCAAGTACA_006,10
ATGTGACAGCTCCACTGTAG_001,11
ATGTGACAGCTCCACTGTAG_002,134
ATGTGACAGCTCCACTGTAG_003,127
ATGTGACAGCTCCACTGTAG_004,113
ATGTGACAGCTCCACTGTAG_005,135
ATGTGACAGCTCCACTGTAG_006,178
ATGTGACAGCTCCACTGTAG_007,31
ATGTGACAGCTCCACTGTAG_008,174
ATGTGACAGCTCCACTGTAG_009,88
ATGTGACAGCTCCACTGTAG_010,102
ATGTGACAGCTCCACTGTAG_011,158
ATGTGACAGCTCCACTGTAG_012,30
ATGTGACAGCTCCACTGTAG_013,152
ATGTGACAGCTCCACTGTAG_014,50
ATGTGACAGCTCCACTGTAG_015,178
CCCGCATCTATCGGATCGAG_001,83
CCCGCATCTATCGGATCGAG_002,168
CCCGCATCTATCGGATCGAG_003,147
CCCGCATCTATCGGATCGAG_004,198
CCCGCATCTATCGGATCGAG_005,128
CCCGCATCTATCGGATCGAG_006,111
CCCGCATCTATCGGATCGAG_007,74
CCCGCATCTATCGGATCGAG_008,155
GCAGAGTTTACCCCATACCT_001,63
GCAGAGTTTACCCCATACCT_002,174
GCAGAGTTTACCCCATACCT_003,123
GCAGAGTTTACCCCATACCT_004,47
GCAGAGTTTACCCCATACCT_005,124
GCAGAGTTTACCCCATACCT_006,161
GCAGAGTTTACCCCATACCT_007,161
GCAGAGTTTACCCCATACCT_008,23
GCAGAGTTTACCCCATACCT_009,23
GCAGAGTTTACCCCATACCT_010,17
GCAGAGTTTACCCCATACCT_011,43
GCAGAGTTTACCCCATACCT_012,104
GCAGAGTTTACCCCATACCT_013,3
TAAATCAGGAAGAATTGCGG_001,161
TAAATCAGGAAGAATTGCGG_002,47
TAAATCAGGAAGAATTGCGG_003,187
TAAATCAGGAAGAATTGCGG_004,81
TAAATCAGGAAGAATTGCGG_005,61
TAAATCAGGAAGAATTGCGG_006,9
TAAATCAGGAAGAATTGCGG_007,152
TAAATCAGGAAGAATTGCGG_008,117
TAAATCAGGAAGAATTGCGG_009,111
ACCAGAGCGATACCAATTGG_001,21
ACCAGAGCGATACCAATTGG_002,75
ACCAGAGCGATACCAATTGG_003,170
AAGGGGATGCGTTTGCCATG_001,34
ACAATGAGGTTTCCGCTCCG_001,76
ACAATGAGGTTTCCGCTCCG_002,63
ACAATGAGGTTTCCGCTCCG_003,52
ACAATGAGGTTTCCGCTCCG_004,9
ACAATGAGGTTTCCGCTCCG_005,77
ACAATGAGGTTTCCGCTCCG_006,149
ACAATGAGGTTTCCGCTCCG_007,12
ACAATGAGGTTTCCGCTCCG_008,43
ACAATGAGGTTTCCGCTCCG_009,144
ACAATGAGGTTTCCGCTCCG_010,92
ACAATGAGGTTTCCGCTCCG_011,147
ACAATGAGGTTTCCGCTCCG_012,75
ACAATGAGGTTTCCGCTCCG_013,119
ACAATGAGGTTTCCGCTCCG_014,124
ACAATGAGGTTTCCGCTCCG_015,104
ACAATGAGGTTTCCGCTCCG_016,58
CAGGTCTCAGTGACTAACGA_001,133
CAGGTCTCAGTGACTAACGA_002,98
CAGGTCTCAGTGACTAACGA_003,96
CAGGTCTCAGTGACTAACGA_004,167
CAGGTCTCAGTGACTAACGA_005,94
CAGGTCTCAGTGACTAACGA_006,45
CAGGTCTCAGTGACTAACGA_007,117
CAGGTCTCAGTGACTAACGA_008,43
CAGGTCTCAGTGACTAACGA_009,156
CAGGTCTCAGTGACTAACGA_010,156
CAGGTCTCAGTGACTAACGA_011,162
CAGGTCTCAGTGACTAACGA_012,190
CAGGTCTCAGTGACTAACGA_013,133
CAGGTCTCAGTGACTAACGA_014,134
CAGGTCTCAGTGACTAACGA_015,182
CAGGTCTCAGTGACTAACGA_016,58
CAGGTCTCAGTGACTAACGA_017,122
CAGGTCTCAGTGACTAACGA_018,27
CAGGTCTCAGTGACTAACGA_019,82
CAGGTCTCAGTGACTAACGA_020,136
CAGGTCTCAGTGACTAACGA_021,170
CTCCCAGGTGCTACACAATG_001,7
CTCCCAGGTGCTACACAATG_002,34
CTCCCAGGTGCTACACAATG_003,163
CTCCCAGGTGCTACACAATG_004,112
CTCCCAGGTGCTACACAATG_005,149
CTCCCAGGTGCTACACAATG_006,187
CTCCCAGGTGCTACACAATG_007,190
CTCCCAGGTGCTACACAATG_008,47
CTCCCAGGTGCTACACAATG_009,58
CTCCCAGGTGCTACACAATG_010,158
CTCCCAGGTGCTACACAATG_011,131
CTCCCAGGTGCTACACAATG_012,198
AGGTACTCCATCATCATGAA_001,63
AGGTACTCCATCATCATGAA_002,94
AGGTACTCCATCATCATGAA_003,16
AGGTACTCCATCATCATGAA_004,194
AGGTACTCCATCATCATGAA_005,70
AGGTACTCCATCATCATGAA_006,148
GGAAGGAGATGTCACCAACC_001,96
GGAAGGAGATGTCACCAACC_002,157
GGGACACTGACATGAACAAG_001,84
GGGACACTGACATGAACAAG_002,174
GGGACACTGACATGAACAAG_003,69
GGGACACTGACATGAACAAG_004,100
GGGACACTGACATGAACAAG_005,97
TCCCAATCCTCATTTAACGG_001,198
GCTGGAAGAGGATCACCACG_001,31
GCTGGAAGAGGATCACCACG_002,103
GCTGGAAGAGGATCACCACG_003,164
GCTGGAAGAGGATCACCACG_004,98
GCTGGAAGAGGATCACCACG_005,29
GCTGGAAGAGGATCACCACG_006,6
GCTGGAAGAGGATCACCACG_007,76
GCTGGAAGAGGATCACCACG_008,39
GCTGGAAGAGGATCACCACG_009,180
CTACTGAAATTCCAGGCAGT_001,21
CTACTGAAATTCCAGGCAGT_002,22
CTACTGAAATTCCAGGCAGT_003,47
CTACTGAAATTCCAGGCAGT_004,59
CTACTGAAATTCCAGGCAGT_005,83
CTACTGAAATTCCAGGCAGT_006,142
CTACTGAAATTCCAGGCAGT_007,19
CTACTGAAATTCCAGGCAGT_008,48
CTACTGAAATTCCAGGCAGT_009,107
TGAAGATGCACATGTCTGGG_001,113
TGAAGATGCACATGTCTGGG_002,165
TGAAGATGCACATGTCTGGG_003,131
TGAAGATGCACATGTCTGGG_004,55
TGAAGATGCACATGTCTGGG_005,63
TGAAGATGCACATGTCTGGG_006,138
TGAAGATGCACATGTCTGGG_007,57
AAGATAAAAAGAGCGGCCCG_001,69
AAGATAAAAAGAGCGGCCCG_002,83
AAGATAAAAAGAGCGGCCCG_003,47
AAGATAAAAAGAGCGGCCCG_004,47
AAGATAAAAAGAGCGGCCCG_005,187
AAGATAAAAAGAGCGGCCCG_006,170
AAGATAAAAAGAGCGGCCCG_007,30
AAGATAAAAAGAGCGGCCCG_008,17
AAGATAAAAAGAGCGGCCCG_009,147
AAGATAAAAAGAGCGGCCCG_010,62
AAGATAAAAAGAGCGGCCCG_011,32
AAGATAAAAAGAGCGGCCCG_012,198
AAGATAAAAAGAGCGGCCCG_013,49
AAGATAAAAAGAGCGGCCCG_014,168
CTTCTGGACTACTTCTATAG_001,145
GGGTGCAGATGGTCACTGCG_001,38
GGGTGCAGATGGTCACTGCG_002,19
GGGTGCAGATGGTCACTGCG_003,16
GGGTGCAGATGGTCACTGCG_004,147
GGGTGCAGATGGTCACTGCG_005,58
GGGTGCAGATGGTCACTGCG_006,158
GGGTGCAGATGGTCACTGCG_007,50
CTCTTCTTAGATGGCCCTAA_001,116
CTCTTCTTAGATGGCCCTAA_002,142
CACCTACTCCATTGGCACCG_001,15
CACCTACTCCATTGGCACCG_002,44
CACCTACTCCATTGGCACCG_003,28
CACCTACTCCATTGGCACCG_004,81
CACCTACTCCATTGGCACCG_005,152
CACCTACTCCATTGGCACCG_006,132
CACCTACTCCATTGGCACCG_007,147
CACCTACTCCATTGGCACCG_008,162
CACCTACTCCATTGGCACCG_009,129
CACCTACTCCATTGGCACCG_010,101
CACCTACTCCATTGGCACCG_011,34
CACCTACTCCATTGGCACCG_012,160
CACCTACTCCATTGGCACCG_013,198
CACCTACTCCATTGGCACCG_014,144
CACCTACTCCATTGGCACCG_015,126
CACCTACTCCATTGGCACCG_016,107
CACCTACTCCATTGGCACCG_017,90
CACCTACTCCATTGGCACCG_018,62
CACCTACTCCATTGGCACCG_019,127
CACCTACTCCATTGGCACCG_020,17
CACCTACTCCATTGGCACCG_021,19
CCATATCCCCTACCACAGTG_001,105
CCATATCCCCTACCACAGTG_002,19
CCATATCCCCTACCACAGTG_003,82
CCATATCCCCTACCACAGTG_004,116
CCATATCCCCTACCACAGTG_005,167
CCATATCCCCTACCACAGTG_006,71
CCATATCCCCTACCACAGTG_007,121
CCATATCCCCTACCACAGTG_008,94
CCATATCCCCTACCACAGTG_009,68
CCATATCCCCTACCACAGTG_010,63
CCATATCCCCTACCACAGTG_011,40
CCATATCCCCTACCACAGTG_012,126
CCATATCCCCTACCACAGTG_013,5
CCATATCCCCTACCACAGTG_014,99
CCATATCCCCTACCACAGTG_015,10
CCATATCCCCTACCACAGTG_016,3
CCATATCCCCTACCACAGTG_017,49
CCATATCCCCTACCACAGTG_018,55
CCATATCCCCTACCACAGTG_019,69
CCATATCCCCTACCACAGTG_020,91
CCATATCCCCTACCACAGTG_021,131
CCATATCCCCTACCACAGTG_022,59
CCATATCCCCTACCACAGTG_023,63
CGTAGCCGTAGAAATTGCCG_001,69
CGTAGCCGTAGAAATTGCCG_002,49
CGTAGCCGTAGAAATTGCCG_003,162
CGTAGCCGTAGAAATTGCCG_004,177
CGTAGCCGTAGAAATTGCCG_005,115
CGCCACCCGTCACCACGTAG_001,191
CGCCACCCGTCACCACGTAG_002,149
CGCCACCCGTCACCACGTAG_003,18
CGCCACCCGTCACCACGTAG_004,28
CGCCACCCGTCACCACGTAG_005,188
AAAGGATGATCACAATGTTC_001,144
AAAGGATGATCACAATGTTC_002,65
AAAGGATGATCACAATGTTC_003,178
AAAGGATGATCACAATGTTC_004,60
AAAGGATGATCACAATGTTC_005,164
TCAGATACTTGAGAGAACAC_001,62
TCAGATACTTGAGAGAACAC_002,82
TCAGATACTTGAGAGAACAC_003,186
TCAGATACTTGAGAGAACAC_004,89
AAGAAGCCGCAACCAACAAG_001,195
AAGAAGCCGCAACCAACAAG_002,58
AAGAAGCCGCAACCAACAAG_003,85
AAGAAGCCGCAACCAACAAG_004,156
AAGAAGCCGCAACCAACAAG_005,183
AAGAAGCCGCAACCAACAAG_006,88
AAGAAGCCGCAACCAACAAG_007,58
AAGAAGCCGCAACCAACAAG_008,34
AAGAAGCCGCAACCAACAAG_009,156
AAGAAGCCGCAACCAACAAG_010,100
AAGAAGCCGCAACCAACAAG_011,30
AAGAAGCCGCAACCAACAAG_012,9
AAGAAGCCGCAACCAACAAG_013,160
AAGAAGCCGCAACCAACAAG_014,16
AAGAAGCCGCAACCAACAAG_015,11
AAGAAGCCGCAACCAACAAG_016,150
AAGAAGCCGCAACCAACAAG_017,168
AAGAAGCCGCAACCAACAAG_018,12
AAGAAGCCGCAACCAACAAG_019,159
AAGAAGCCGCAACCAACAAG_020,76
AAGAAGCCGCAACCAACAAG_021,175
AAGAAGCCGCAACCAACAAG_022,81
AAGAAGCCGCAACCAACAAG_023,69
AAGAAGCCGCAACCAACAAG_024,96
AAGAAGCCGCAACCAACAAG_025,63
AAGAAGCCGCAACCAACAAG_026,29
AAGAAGCCGCAACCAACAAG_027,118
AAGAAGCCGCAACCAACAAG_028,114
AAGAAGCCGCAACCAACAAG_029,39
AAGAAGCCGCAACCAACAAG_030,147
AAGAAGCCGCAACCAACAAG_031,41
AAGAAGCCGCAACCAACAAG_032,41
AAGAAGCCGCAACCAACAAG_033,64
AAGAAGCCGCAACCAACAAG_034,35
AAGAAGCCGCAACCAACAAG_035,108
CCCAGCATAATCATACACTG_001,88
CCCAGCATAATCATACACTG_002,118
CCCAGCATAATCATACACTG_003,194
TGCAATTGGCTACCATGGTG_001,183
TGCAATTGGCTACCATGGTG_002,72
TGCAATTGGCTACCATGGTG_003,116
TGCAATTGGCTACCATGGTG_004,62
TGCAATTGGCTACCATGGTG_005,183
TGCAATTGGCTACCATGGTG_006,103
TGCAATTGGCTACCATGGTG_007,88
TCTTCCAGGTGGTAGATGCA_001,33
TCTTCCAGGTGGTAGATGCA_002,63
TCTTCCAGGTGGTAGATGCA_003,85
TCTTCCAGGTGGTAGATGCA_004,91
TCTTCCAGGTGGTAGATGCA_005,147
TCTTCCAGGTGGTAGATGCA_006,197
TCTTCCAGGTGGTAGATGCA_007,75
TCTTCCAGGTGGTAGATGCA_008,154
TCTTCCAGGTGGTAGATGCA_009,199
TCTTCCAGGTGGTAGATGCA_010,71
TCTTCCAGGTGGTAGATGCA_011,31
TCTTCCAGGTGGTAGATGCA_012,95
TCTTCCAGGTGGTAGATGCA_013,10
TCTTCCAGGTGGTAGATGCA_014,9
AAAGCGTGAATCCAACTGCT_001,127
AAAGCGTGAATCCAACTGCT_002,76
AAAGCGTGAATCCAACTGCT_003,24
AAAGCGTGAATCCAACTGCT_004,50
AAAGCGTGAATCCAACTGCT_005,130
AAAGCGTGAATCCAACTGCT_006,77
AAAGCGTGAATCCAACTGCT_007,181
AAAGCGTGAATCCAACTGCT_008,102
AAAGCGTGAATCCAACTGCT_009,102
AAAGCGTGAATCCAACTGCT_010,141
AAAGCGTGAATCCAACTGCT_011,162
AAAGCGTGAATCCAACTGCT_012,120
AAAGCGTGAATCCAACTGCT_013,145
AAAGCGTGAATCCAACTGCT_014,188
AAAGCGTGAATCCAACTGCT_015,12
AAAGCGTGAATCCAACTGCT_016,2
AAAGCGTGAATCCAACTGCT_017,88
AAAGCGTGAATCCAACTGCT_018,98
AAAGCGTGAATCCAACTGCT_019,55
AAAGCGTGAATCCAACTGCT_020,13
AAAGCGTGAATCCAACTGCT_021,34
AAAGCGTGAATCCAACTGCT_022,107
AAAGCGTGAATCCAACTGCT_023,17
AAAGCGTGAATCCAACTGCT_024,27
AAAGCGTGAATCCAACTGCT_025,172
AAAGCGTGAATCCAACTGCT_026,147
AAAGCGTGAATCCAACTGCT_027,48
AAAGCGTGAATCCAACTGCT_028,77
AAAGCGTGAATCCAACTGCT_029,108
AAAGCGTGAATCCAACTGCT_030,125
AAAGCGTGAATCCAACTGCT_031,66
AAAGCGTGAATCCAACTGCT_032,82
CAAAAGTGTAGTGCTTGTCG_001,127
CAAAAGTGTAGTGCTTGTCG_002,125
ATGAATCACAAGGCAGCCAA_001,48
ATGAATCACAAGGCAGCCAA_002,198
ATGAATCACAAGGCAGCCAA_003,139
ATGAATCACAAGGCAGCCAA_004,107
ATGAATCACAAGGCAGCCAA_005,170
ATGAATCACAAGGCAGCCAA_006,170
ATGAATCACAAGGCAGCCAA_007,170
ATGAATCACAAGGCAGCCAA_008,17
ATGAATCACAAGGCAGCCAA_009,3
ATGAATCACAAGGCAGCCAA_010,170
ATGAATCACAAGGCAGCCAA_011,13
ATGAATCACAAGGCAGCCAA_012,149
ATGAATCACAAGGCAGCCAA_013,118
ATGAATCACAAGGCAGCCAA_014,148
CTTCTTCCGTATGTTGACGA_001,36
CTTCTTCCGTATGTTGACGA_002,105
CTTGCGCCGGTTCCTACGAG_001,198
CTTGCGCCGGTTCCTACGAG_002,194
CTTGCGCCGGTTCCTACGAG_003,91
CTTGCGCCGGTTCCTACGAG_004,144
CTTGCGCCGGTTCCTACGAG_005,9
GTTACCTGTCATGTGCATGC_001,181
GTTACCTGTCATGTGCATGC_002,0
TGCAGGCGCACACGGCCGGG_001,133
TGCAGGCGCACACGGCCGGG_002,160
TGCAGGCGCACACGGCCGGG_003,70
TGCAGGCGCACACGGCCGGG_004,152
TGCAGGCGCACACGGCCGGG_005,149
TGCAGGCGCACACGGCCGGG_006,188
TGCAGGCGCACACGGCCGGG_007,62
TGCAGGCGCACACGGCCGGG_008,130
TGCAGGCGCACACGGCCGGG_009,106
TGCAGGCGCACACGGCCGGG_010,169
TGCAGGCGCACACGGCCGGG_011,199
TGCAGGCGCACACGGCCGGG_012,17
TGCAGGCGCACACGGCCGGG_013,119
TGCAGGCGCACACGGCCGGG_014,40
TGCAGGCGCACACGGCCGGG_015,192
TGCAGGCGCACACGGCCGGG_016,78
TGCAGGCGCACACGGCCGGG_017,52
TGCAGGCGCACACGGCCGGG_018,6
TGCAGGCGCACACGGCCGGG_019,80
TGCAGGCGCACACGGCCGGG_020,70
TGCAGGCGCACACGGCCGGG_021,11
TGCAGGCGCACACGGCCGGG_022,47
TGCAGGCGCACACGGCCGGG_023,44
TGCAGGCGCACACGGCCGGG_024,197
TGCAGGCGCACACGGCCGGG_025,83
TGCAGGCGCACACGGCCGGG_026,150
TGCAGGCGCACACGGCCGGG_027,166
TGCAGGCGCACACGGCCGGG_028,166
TGCAGGCGCACACGGCCGGG_029,144
TGCAGGCGCACACGGCCGGG_030,15
TGCAGGCGCACACGGCCGGG_031,19
TGCAGGCGCACACGGCCGGG_032,94
TGCAGGCGCACACGGCCGGG_033,33
TGCAGGCGCACACGGCCGGG_034,168
TGCAGGCGCACACGGCCGGG_035,128
TGCAGGCGCACACGGCCGGG_036,92
TGGACGTGGTGCACAACGAG_001,191
TGGACGTGGTGCACAACGAG_002,84
TGGACGTGGTGCACAACGAG_003,94
TGGACGTGGTGCACAACGAG_004,141
TGGACGTGGTGCACAACGAG_005,153
TGTCCGAATTTGGACCTCAG_001,62
TGTCCGAATTTGGACCTCAG_002,52
TGTCCGAATTTGGACCTCAG_003,172
TGTCCGAATTTGGACCTCAG_004,63
TGTCCGAATTTGGACCTCAG_005,19
TGTCCGAATTTGGACCTCAG_006,16
TGTCCGAATTTGGACCTCAG_007,17
TGTCCGAATTTGGACCTCAG_008,71
TGTCCGAATTTGGACCTCAG_009,41
TGTCCGAATTTGGACCTCAG_010,93
TGTCCGAATTTGGACCTCAG_011,50
TGTCCGAATTTGGACCTCAG_012,124
TGTCCGAATTTGGACCTCAG_013,199
GAACGGCCAAACGCAGACCA_001,8
GAACGGCCAAACGCAGACCA_002,42
GAACGGCCAAACGCAGACCA_003,36
GAACGGCCAAACGCAGACCA_004,125
GAACGGCCAAACGCAGACCA_005,145
GAACGGCCAAACGCAGACCA_006,91
GAACGGCCAAACGCAGACCA_007,136
GAACGGCCAAACGCAGACCA_008,161
TTTGCAACAGGAACCAAAGG_001,62
TTTGCAACAGGAACCAAAGG_002,92
ATACAGACTACACGTTCTGG_001,127
ATACAGACTACACGTTCTGG_002,163
ATACAGACTACACGTTCTGG_003,60
ATACAGACTACACGTTCTGG_004,60
ATACAGACTACACGTTCTGG_005,27
ATACAGACTACACGTTCTGG_006,145
ACAGCCTCAAGAGCCAAGAG_001,146
ACAGCCTCAAGAGCCAAGAG_002,94
ACAGCCTCAAGAGCCAAGAG_003,166
ACAGCCTCAAGAGCCAAGAG_004,50
ACAGCCTCAAGAGCCAAGAG_005,158
ACAGCCTCAAGAGCCAAGAG_006,13
ACAGCCTCAAGAGCCAAGAG_007,57
ACAGCCTCAAGAGCCAAGAG_008,157
ACAGCCTCAAGAGCCAAGAG_009,95
ACAGCCTCAAGAGCCAAGAG_010,71
ACAGCCTCAAGAGCCAAGAG_011,125
ACAGCCTCAAGAGCCAAGAG_012,178
ACAGCCTCAAGAGCCAAGAG_013,113
ACAGCCTCAAGAGCCAAGAG_014,165
ACAGCCTCAAGAGCCAAGAG_015,174
ACAGCCTCAAGAGCCAAGAG_016,41
ACAGCCTCAAGAGCCAAGAG_017,189
ACAGCCTCAAGAGCCAAGAG_018,126
ACAGCCTCAAGAGCCAAGAG_019,77
CGGGACTTGGTGCTGCGCCG_001,102
CGGGACTTGGTGCTGCGCCG_002,66
CGGGACTTGGTGCTGCGCCG_003,23
CGGGACTTGGTGCTGCGCCG_004,194
CGGGACTTGGTGCTGCGCCG_005,76
CGGGACTTGGTGCTGCGCCG_006,16
CGGGACTTGGTGCTGCGCCG_007,141
CGGGACTTGGTGCTGCGCCG_008,42
CGGGACTTGGTGCTGCGCCG_009,177
CGGGACTTGGTGCTGCGCCG_010,88
CGGGACTTGGTGCTGCGCCG_011,160
CGGGACTTGGTGCTGCGCCG_012,31
CGGGACTTGGTGCTGCGCCG_013,131
CGGGACTTGGTGCTGCGCCG_014,10
CGGGACTTGGTGCTGCGCCG_015,76
CGGGACTTGGTGCTGCGCCG_016,27
CGGGACTTGGTGCTGCGCCG_017,175
CGGGACTTGGTGCTGCGCCG_018,81
CAGAGATGGCTTCATCGACA_001,53
CAGAGATGGCTTCATCGACA_002,57
CAGAGATGGCTTCATCGACA_003,98
CAGAGATGGCTTCATCGACA_004,46
CAGAGATGGCTTCATCGACA_005,77
GTGGACGCGAGGAACGGCCG_001,38
GTGGACGCGAGGAACGGCCG_002,169
GTGGACGCGAGGAACGGCCG_003,89
GTGGACGCGAGGAACGGCCG_004,0
GTGGACGCGAGGAACGGCCG_005,131
GTGGACGCGAGGAACGGCCG_006,6
GGCAAACGGAAGTATATAGG_001,97
GGCAAACGGAAGTATATAGG_002,89
GGCAAACGGAAGTATATAGG_003,94
GGCAAACGGAAGTATATAGG_004,27
GGTACCGCTACGCCTACCAC_001,121
GGTACCGCTACGCCTACCAC_002,10
GGTACCGCTACGCCTACCAC_003,162
GGTACCGCTACGCCTACCAC_004,199
GGTACCGCTACGCCTACCAC_005,194
GGTACCGCTACGCCTACCAC_006,172
AATGTGGTTCAGTCCAACAA_001,176
AATGTGGTTCAGTCCAACAA_002,5
AATGTGGTTCAGTCCAACAA_003,102
AATGTGGTTCAGTCCAACAA_004,189
AATGTGGTTCAGTCCAACAA_005,116
AATGTGGTTCAGTCCAACAA_006,137
AATGTGGTTCAGTCCAACAA_007,36
AATGTGGTTCAGTCCAACAA_008,188
AATGTGGTTCAGTCCAACAA_009,198
AATGTGGTTCAGTCCAACAA_010,78
CGTGCGGTAAATACGAAATA_001,187
CGTGCGGTAAATACGAAATA_002,160
CGTGCGGTAAATACGAAATA_003,72
CGTGCGGTAAATACGAAATA_004,70
CGTGCGGTAAATACGAAATA_005,2
CGTGCGGTAAATACGAAATA_006,24
CGTGCGGTAAATACGAAATA_007,15
CGTGCGGTAAATACGAAATA_008,16
CGTGCGGTAAATACGAAATA_009,63
CGTGCGGTAAATACGAAATA_010,40
CGTGCGGTAAATACGAAATA_011,152
CGTGCGGTAAATACGAAATA_012,131
CGTGCGGTAAATACGAAATA_013,81
CGTGCGGTAAATACGAAATA_014,110
TCTGCGCTATATCGCTGGAT_001,156
TCTGCGCTATATCGCTGGAT_002,175
GTTGTGTCGAGATATCTGCC_001,19
GTTGTGTCGAGATATCTGCC_002,7
GTTGTGTCGAGATATCTGCC_003,64
CCACCTGTGAGACACAATGG_001,88
CCACCTGTGAGACACAATGG_002,169
CCACCTGTGAGACACAATGG_003,35
CCACCTGTGAGACACAATGG_004,19
CCACCTGTGAGACACAATGG_005,48
CCACCTGTGAGACACAATGG_006,163
CCACCTGTGAGACACAATGG_007,45
CCACCTGTGAGACACAATGG_008,144
CCACCTGTGAGACACAATGG_009,137
CCACCTGTGAGACACAATGG_010,184
CCACCTGTGAGACACAATGG_011,16
CCACCTGTGAGACACAATGG_012,65
CCACCTGTGAGACACAATGG_013,127
CCACCTGTGAGACACAATGG_014,8
CCACCTGTGAGACACAATGG_015,141
CCACCTGTGAGACACAATGG_016,70
CCACCTGTGAGACACAATGG_017,137
CCACCTGTGAGACACAATGG_018,17
CCACCTGTGAGACACAATGG_019,156
CCACCTGTGAGACACAATGG_020,170
CCACCTGTGAGACACAATGG_021,118
CCACCTGTGAGACACAATGG_022,76
TGGTTGGTTCAGCACGTGCA_001,186
TGGTTGGTTCAGCACGTGCA_002,76
AATAAAACTGGTGCGCAAGG_001,194
AATAAAACTGGTGCGCAAGG_002,169
AATAAAACTGGTGCGCAAGG_003,154
AATAAAACTGGTGCGCAAGG_004,160
AATAAAACTGGTGCGCAAGG_005,150
GAATCGCCACTGCTAGCGGG_001,199
GAATCGCCACTGCTAGCGGG_002,146
GAATCGCCACTGCTAGCGGG_003,12
GAATCGCCACTGCTAGCGGG_004,183
GAATCGCCACTGCTAGCGGG_005,133
GAATCGCCACTGCTAGCGGG_006,77
GAATCGCCACTGCTAGCGGG_007,140
GAATCGCCACTGCTAGCGGG_008,123
GAATCGCCACTGCTAGCGGG_009,81
GAATCGCCACTGCTAGCGGG_010,53
GAATCGCCACTGCTAGCGGG_011,69
GAATCGCCACTGCTAGCGGG_012,113
GAATCGCCACTGCTAGCGGG_013,177
GAATCGCCACTGCTAGCGGG_014,55
GAATCGCCACTGCTAGCGGG_015,78
GAATCGCCACTGCTAGCGGG_016,124
GAATCGCCACTGCTAGCGGG_017,179
GAATCGCCACTGCTAGCGGG_018,3
GAATCGCCACTGCTAGCGGG_019,91
GAATCGCCACTGCTAGCGGG_020,64
GAATCGCCACTGCTAGCGGG_021,65
GAATCGCCACTGCTAGCGGG_022,61
GAATCGCCACTGCTAGCGGG_023,65
GAATCGCCACTGCTAGCGGG_024,137
GAATCGCCACTGCTAGCGGG_025,98
GAATCGCCACTGCTAGCGGG_026,46
GAATCGCCACTGCTAGCGGG_027,149
GAATCGCCACTGCTAGCGGG_028,188
GAATCGCCACTGCTAGCGGG_029,177
GAATCGCCACTGCTAGCGGG_030,56
GAATCGCCACTGCTAGCGGG_031,166
GAATCGCCACTGCTAGCGGG_032,148
CCGGGTTCTTACCGTATGTG_001,107
CCGGGTTCTTACCGTATGTG_002,130
CCGGGTTCTTACCGTATGTG_003,162
CCGGGTTCTTACCGTATGTG_004,162
ACCACAGGATCACATTACAG_001,6
ACCACAGGATCACATTACAG_002,196
ACCACAGGATCACATTACAG_003,32
ACCACAGGATCACATTACAG_004,150
ACCACAGGATCACATTACAG_005,199
ACCACAGGATCACATTACAG_006,26
GGCCCGCTATGCCTAGCAAG_001,16
GGCCCGCTATGCCTAGCAAG_002,156
GGCCCGCTATGCCTAGCAAG_003,48
GCAGTCCTTTATCTACTGAG_001,145
GCAGTCCTTTATCTACTGAG_002,14
GCAGTCCTTTATCTACTGAG_003,62
GCAGTCCTTTATCTACTGAG_004,100
GCAGTCCTTTATCTACTGAG_005,162
AGTATTCTCCATCAATATGG_001,177
AGTATTCTCCATCAATATGG_002,144
AGTATTCTCCATCAATATGG_003,163
TCCTCTGCAAGGGACACGAG_001,78
TCCTCTGCAAGGGACACGAG_002,146
TCCTCTGCAAGGGACACGAG_003,141
TCCTCTGCAAGGGACACGAG_004,80
TCCTCTGCAAGGGACACGAG_005,97
TCCTCTGCAAGGGACACGAG_006,84
TCCTCTGCAAGGGACACGAG_007,185
TCCTCTGCAAGGGACACGAG_008,172
TGGTCGGTGCAAGTCTGTTG_001,34
TGGTCGGTGCAAGTCTGTTG_002,171
TGGTCGGTGCAAGTCTGTTG_003,145
TGGTCGGTGCAAGTCTGTTG_004,176
TGGTCGGTGCAAGTCTGTTG_005,129
TGGTCGGTGCAAGTCTGTTG_006,68
TGGTCGGTGCAAGTCTGTTG_007,37
CTTATAATAAATATGGTCCG_001,154
CTTATAATAAATATGGTCCG_002,144
TATCACTGCCTGAAAAGACG_001,93
TATCACTGCCTGAAAAGACG_002,53
TATCACTGCCTGAAAAGACG_003,92
TATCACTGCCTGAAAAGACG_004,37
TATCACTGCCTGAAAAGACG_005,68
TATCACTGCCTGAAAAGACG_006,69
TATCACTGCCTGAAAAGACG_007,58
TATCACTGCCTGAAAAGACG_008,134
TATCACTGCCTGAAAAGACG_009,158
TATCACTGCCTGAAAAGACG_010,67
GGGCGATGGTGACATTCCAC_001,102
GGGCGATGGTGACATTCCAC_002,118
GGGCGATGGTGACATTCCAC_003,174
GGGCGATGGTGACATTCCAC_004,34
GGGCGATGGTGACATTCCAC_005,184
GGGCGATGGTGACATTCCAC_006,144
GGGCGATGGTGACATTCCAC_007,47
GGGCGATGGTGACATTCCAC_008,80
AATTTCGAGAGTTTGCGCGG_001,38
AATTTCGAGAGTTTGCGCGG_002,134
AATTTCGAGAGTTTGCGCGG_003,36
AATTTCGAGAGTTTGCGCGG_004,162
AATTTCGAGAGTTTGCGCGG_005,62
AATTTCGAGAGTTTGCGCGG_006,50
AATTTCGAGAGTTTGCGCGG_007,127
AATTTCGAGAGTTTGCGCGG_008,49
AATTTCGAGAGTTTGCGCGG_009,26
AATTTCGAGAGTTTGCGCGG_010,88
AATTTCGAGAGTTTGCGCGG_011,88
ACAGCTGAGAGCCACGGCGT_001,126
ACAGCTGAGAGCCACGGCGT_002,127
ACAGCTGAGAGCCACGGCGT_003,83
ACAGCTGAGAGCCACGGCGT_004,84
ACAGCTGAGAGCCACGGCGT_005,6
ACAGCTGAGAGCCACGGCGT_006,183
ACAGCTGAGAGCCACGGCGT_007,149
ACAGCTGAGAGCCACGGCGT_008,176
ACAGCTGAGAGCCACGGCGT_009,166
ACAGCTGAGAGCCACGGCGT_010,84
ACAGCTGAGAGCCACGGCGT_011,103
ACAGCTGAGAGCCACGGCGT_012,197
ACAGCTGAGAGCCACGGCGT_013,30
ACAGCTGAGAGCCACGGCGT_014,139
ACAGCTGAGAGCCACGGCGT_015,24
ACAGCTGAGAGCCACGGCGT_016,102
ATAAATGAGACCATACTTAG_001,57
CTTAGGACCAGCTTTATCCA_001,163
CTTAGGACCAGCTTTATCCA_002,44
CTTAGGACCAGCTTTATCCA_003,18
GATGACACCCACGACGACCG_001,42
GATGACACCCACGACGACCG_002,96
GATGACACCCACGACGACCG_003,129
GATGACACCCACGACGACCG_004,88
GATGACACCCACGACGACCG_005,172
GATGACACCCACGACGACCG_006,152
GATGACACCCACGACGACCG_007,69
TAAAGTGGTGATCTGCACGT_001,127
TAAAGTGGTGATCTGCACGT_002,78
TACAAGGTACTTGCCGTCGG_001,19
TACAAGGTACTTGCCGTCGG_002,90
TACAAGGTACTTGCCGTCGG_003,96
TACAAGGTACTTGCCGTCGG_004,193
TCCGTCAACATATCCCACGA_001,47
TAGTTTATGTCAGATATGCG_001,111
TAGTTTATGTCAGATATGCG_002,4
TAGTTTATGTCAGATATGCG_003,56
TAGTTTATGTCAGATATGCG_004,166
ATCTGCTATCCTTTACACTA_001,84
ATCTGCTATCCTTTACACTA_002,9
ATCTGCTATCCTTTACACTA_003,7
ATCTGCTATCCTTTACACTA_004,16
ATCTGCTATCCTTTACACTA_005,44
ATCTGCTATCCTTTACACTA_006,60
ATCTGCTATCCTTTACACTA_007,174
ATCTGCTATCCTTTACACTA_008,13
ATCTGCTATCCTTTACACTA_009,55
ATCTGCTATCCTTTACACTA_010,62
ATCTGCTATCCTTTACACTA_011,33
ATCTGCTATCCTTTACACTA_012,78
ATCTGCTATCCTTTACACTA_013,8
ATCTGCTATCCTTTACACTA_014,47
ATCTGCTATCCTTTACACTA_015,105
ATCTGCTATCCTTTACACTA_016,129
ATCTGCTATCCTTTACACTA_017,7
ATCTGCTATCCTTTACACTA_018,110
ATCTGCTATCCTTTACACTA_019,2
ATCTGCTATCCTTTACACTA_020,191
ATCTGCTATCCTTTACACTA_021,35
ATCTGCTATCCTTTACACTA_022,106
ATCTGCTATCCTTTACACTA_023,15
ATCTGCTATCCTTTACACTA_024,174
ATCTGCTATCCTTTACACTA_025,37
TTCTAGTGAGCTATCAAACG_001,168
TTCTAGTGAGCTATCAAACG_002,102
TTCTAGTGAGCTATCAAACG_003,129
TTCTAGTGAGCTATCAAACG_004,91
TTCTAGTGAGCTATCAAACG_005,162
GCTTCTGATAGGACGCACCA_001,34
GCTTCTGATAGGACGCACCA_002,121
GCTTCTGATAGGACGCACCA_003,49
GCTTCTGATAGGACGCACCA_004,115
GCTTCTGATAGGACGCACCA_005,42
CTGTTCTGTGATCACGAGTG_001,68
CTGTTCTGTGATCACGAGTG_002,22
AGACAAACAAGGTTGTACCA_001,128
AGACAAACAAGGTTGTACCA_002,48
AGACAAACAAGGTTGTACCA_003,62
AGACAAACAAGGTTGTACCA_004,158
AGACAAACAAGGTTGTACCA_005,140
AGACAAACAAGGTTGTACCA_006,6
AGACAAACAAGGTTGTACCA_007,19
AGACAAACAAGGTTGTACCA_008,124
AGACAAACAAGGTTGTACCA_009,115
GAGGGTGCAGACCTCATCCG_001,114
GAGGGTGCAGACCTCATCCG_002,17
GAGGGTGCAGACCTCATCCG_003,17
GAGGGTGCAGACCTCATCCG_004,49
GAGGGTGCAGACCTCATCCG_005,121
GAGGGTGCAGACCTCATCCG_006,68
GAGGGTGCAGACCTCATCCG_007,166
GAGGGTGCAGACCTCATCCG_008,117
GAGGGTGCAGACCTCATCCG_009,172
GAGGGTGCAGACCTCATCCG_010,102
GAGGGTGCAGACCTCATCCG_011,112
GAGGGTGCAGACCTCATCCG_012,58
GAGGGTGCAGACCTCATCCG_013,10
GAGGGTGCAGACCTCATCCG_014,80
GAGGGTGCAGACCTCATCCG_015,56
GAGGGTGCAGACCTCATCCG_016,152
GAGGGTGCAGACCTCATCCG_017,65
GAGGGTGCAGACCTCATCCG_018,29
GAGGGTGCAGACCTCATCCG_019,168
GAGGGTGCAGACCTCATCCG_020,76
TCAATACGACGATCTCACTC_001,10
CAAACCAGGAGGCATAAGGG_001,104
CAAACCAGGAGGCATAAGGG_002,77
CAAACCAGGAGGCATAAGGG_003,150
CAAACCAGGAGGCATAAGGG_004,10
CAAACCAGGAGGCATAAGGG_005,122
CAAACCAGGAGGCATAAGGG_006,36
CAAACCAGGAGGCATAAGGG_007,113
CAAACCAGGAGGCATAAGGG_008,11
CAAACCAGGAGGCATAAGGG_009,32
CAAACCAGGAGGCATAAGGG_010,86
CAAACCAGGAGGCATAAGGG_011,43
CAAACCAGGAGGCATAAGGG_012,161
CAAACCAGGAGGCATAAGGG_013,136
CAAACCAGGAGGCATAAGGG_014,146
CAAACCAGGAGGCATAAGGG_015,182
CAAACCAGGAGGCATAAGGG_016,62
CAAACCAGGAGGCATAAGGG_017,43
CAAACCAGGAGGCATAAGGG_018,61
CAAACCAGGAGGCATAAGGG_019,50
CAAACCAGGAGGCATAAGGG_020,1
CAAACCAGGAGGCATAAGGG_021,0
GTATGAAGGAAACGTGACAG_001,176
GTATGAAGGAAACGTGACAG_002,53
GTATGAAGGAAACGTGACAG_003,51
GTATGAAGGAAACGTGACAG_004,162
GTATGAAGGAAACGTGACAG_005,77
GTATGAAGGAAACGTGACAG_006,115
GTATGAAGGAAACGTGACAG_007,8
GTATGAAGGAAACGTGACAG_008,119
GTATGAAGGAAACGTGACAG_009,130
GTATGAAGGAAACGTGACAG_010,173
GTATGAAGGAAACGTGACAG_011,193
GTATGAAGGAAACGTGACAG_012,2
AGACATGAAAGTCATCACAC_001,35
AGACATGAAAGTCATCACAC_002,172
AGACATGAAAGTCATCACAC_003,65
AGACATGAAAGTCATCACAC_004,147
AGACATGAAAGTCATCACAC_005,23
AGACATGAAAGTCATCACAC_006,149
AGACATGAAAGTCATCACAC_007,27
AGACATGAAAGTCATCACAC_008,94
AGACATGAAAGTCATCACAC_009,30
AGACATGAAAGTCATCACAC_010,37
AGACATGAAAGTCATCACAC_011,37
AGACATGAAAGTCATCACAC_012,88
AGACATGAAAGTCATCACAC_013,102
AGACATGAAAGTCATCACAC_014,19
AGACATGAAAGTCATCACAC_015,168
AGACATGAAAGTCATCACAC_016,104
AGACATGAAAGTCATCACAC_017,56
AGACATGAAAGTCATCACAC_018,152
GAAGAGAACTTACCTGAACA_001,29
GAAGAGAACTTACCTGAACA_002,119
GAAGAGAACTTACCTGAACA_003,9
GAAGAGAACTTACCTGAACA_004,141
GAAGAGAACTTACCTGAACA_005,115
GAAGAGAACTTACCTGAACA_006,174
GAAGAGAACTTACCTGAACA_007,123
GAAGAGAACTTACCTGAACA_008,50
GAAGAGAACTTACCTGAACA_009,4
GAAGAGAACTTACCTGAACA_010,9
GAAGAGAACTTACCTGAACA_011,107
GAAGAGAACTTACCTGAACA_012,32
GAAGAGAACTTACCTGAACA_013,149
CACGCTCTGTCAGGTTGCGG_001,184
CACGCTCTGTCAGGTTGCGG_002,183
CACGCTCTGTCAGGTTGCGG_003,48
CACGCTCTGTCAGGTTGCGG_004,121
CACGCTCTGTCAGGTTGCGG_005,74
CACGCTCTGTCAGGTTGCGG_006,147
CACGCTCTGTCAGGTTGCGG_007,176
CACGCTCTGTCAGGTTGCGG_008,94
CACGCTCTGTCAGGTTGCGG_009,116
CACGCTCTGTCAGGTTGCGG_010,98
CACGCTCTGTCAGGTTGCGG_011,176
CACGCTCTGTCAGGTTGCGG_012,77
CACGCTCTGTCAGGTTGCGG_013,127
CACGCTCTGTCAGGTTGCGG_014,183
CACGCTCTGTCAGGTTGCGG_015,9
CACGCTCTGTCAGGTTGCGG_016,68
CACGCTCTGTCAGGTTGCGG_017,141
CACGCTCTGTCAGGTTGCGG_018,158
CACGCTCTGTCAGGTTGCGG_019,121
CACGCTCTGTCAGGTTGCGG_020,159
CACGCTCTGTCAGGTTGCGG_021,29
CACGCTCTGTCAGGTTGCGG_022,174
CACGCTCTGTCAGGTTGCGG_023,56
CACGCTCTGTCAGGTTGCGG_024,115
ATTGTATTTGCCTATCAGAG_001,127
ATTGTATTTGCCTATCAGAG_002,185
ATTGTATTTGCCTATCAGAG_003,140
ATTGTATTTGCCTATCAGAG_004,121
ATTGTATTTGCCTATCAGAG_005,0
TAAACCTCAGGACTCAACCT_001,108
TAAACCTCAGGACTCAACCT_002,77
TAAACCTCAGGACTCAACCT_003,189
TAAACCTCAGGACTCAACCT_004,168
TAAACCTCAGGACTCAACCT_005,138
TAAACCTCAGGACTCAACCT_006,88
TAAACCTCAGGACTCAACCT_007,38
TAAACCTCAGGACTCAACCT_008,30
TAAACCTCAGGACTCAACCT_009,139
TAAACCTCAGGACTCAACCT_010,138
TAAACCTCAGGACTCAACCT_011,138
TAAACCTCAGGACTCAACCT_012,56
TAAACCTCAGGACTCAACCT_013,187
TAAACCTCAGGACTCAACCT_014,112
TAAACCTCAGGACTCAACCT_015,166
CGGAAGTACGCAAGCCCACG_001,94
CGGAAGTACGCAAGCCCACG_002,6
CGGAAGTACGCAAGCCCACG_003,12
CGGAAGTACGCAAGCCCACG_004,68
CGGAAGTACGCAAGCCCACG_005,70
CGGAAGTACGCAAGCCCACG_006,168
CGGAAGTACGCAAGCCCACG_007,184
CGGAAGTACGCAAGCCCACG_008,160
CGGAAGTACGCAAGCCCACG_009,11
CGGAAGTACGCAAGCCCACG_010,127
CGGAAGTACGCAAGCCCACG_011,14
GCATCTCATCCAAGGCCATG_001,29
GCATCTCATCCAAGGCCATG_002,79
GCATCTCATCCAAGGCCATG_003,75
GCATCTCATCCAAGGCCATG_004,195
GCATCTCATCCAAGGCCATG_005,14
GCATCTCATCCAAGGCCATG_006,27
TGTCGGTGTTGAGCACGCCG_001,181
TGTCGGTGTTGAGCACGCCG_002,162
TGTCGGTGTTGAGCACGCCG_003,82
TGTCGGTGTTGAGCACGCCG_004,44
TGTCGGTGTTGAGCACGCCG_005,44
TGTCGGTGTTGAGCACGCCG_006,105
TGTCGGTGTTGAGCACGCCG_007,145
TGTCGGTGTTGAGCACGCCG_008,32
AGGACAACTAACCCGGTACA_001,144
AGGACAACTAACCCGGTACA_002,55
AGGACAACTAACCCGGTACA_003,58
AGGACAACTAACCCGGTACA_004,48
AGGACAACTAACCCGGTACA_005,138
AGGACAACTAACCCGGTACA_006,10
AGGACAACTAACCCGGTACA_007,5
AGGACAACTAACCCGGTACA_008,155
TGTCCGTCCCGGCGTCGTAG_001,49
TGTCCGTCCCGGCGTCGTAG_002,63
TGTCCGTCCCGGCGTCGTAG_003,24
TGTCCGTCCCGGCGTCGTAG_004,48
TGTCCGTCCCGGCGTCGTAG_005,113
AGACGACCTTATGGGTACAG_001,136
AGACGACCTTATGGGTACAG_002,35
AATTCTGGAACGTGCCATTG_001,118
AATTCTGGAACGTGCCATTG_002,130
AATTCTGGAACGTGCCATTG_003,23
AATTCTGGAACGTGCCATTG_004,63
AATTCTGGAACGTGCCATTG_005,194
AATTCTGGAACGTGCCATTG_006,2
AATTCTGGAACGTGCCATTG_007,12
AATTCTGGAACGTGCCATTG_008,180
AATTCTGGAACGTGCCATTG_009,72
AATTCTGGAACGTGCCATTG_010,167
AATTCTGGAACGTGCCATTG_011,27
AATTCTGGAACGTGCCATTG_012,63
AATTCTGGAACGTGCCATTG_013,41
GTCCTCTACAGGCTGCACGG_001,117
GTCCTCTACAGGCTGCACGG_002,106
GTCCTCTACAGGCTGCACGG_003,29
GTCCTCTACAGGCTGCACGG_004,88
GTCCTCTACAGGCTGCACGG_005,137
GTCCTCTACAGGCTGCACGG_006,62
GTCCTCTACAGGCTGCACGG_007,59
GTCCTCTACAGGCTGCACGG_008,130
GTCCTCTACAGGCTGCACGG_009,146
GTCCTCTACAGGCTGCACGG_010,28
GTCCTCTACAGGCTGCACGG_011,11
GTCCTCTACAGGCTGCACGG_012,123
GTCCTCTACAGGCTGCACGG_013,139
GTCCTCTACAGGCTGCACGG_014,112
GTCCTCTACAGGCTGCACGG_015,101
GTCCTCTACAGGCTGCACGG_016,127
GTCCTCTACAGGCTGCACGG_017,156
GTCCTCTACAGGCTGCACGG_018,113
GTCCTCTACAGGCTGCACGG_019,60
GTCCTCTACAGGCTGCACGG_020,117
GTCCTCTACAGGCTGCACGG_021,68
GTCCTCTACAGGCTGCACGG_022,5
GTCCTCTACAGGCTGCACGG_023,28
GTCCTCTACAGGCTGCACGG_024,103
GTCCTCTACAGGCTGCACGG_025,48
GTCCTCTACAGGCTGCACGG_026,76
GTCCTCTACAGGCTGCACGG_027,34
GTCCTCTACAGGCTGCACGG_028,149
GTCCTCTACAGGCTGCACGG_029,161
GTCCTCTACAGGCTGCACGG_030,97
GTCCTCTACAGGCTGCACGG_031,102
GTCCTCTACAGGCTGCACGG_032,160
GTCCTCTACAGGCTGCACGG_033,125
GTCCTCTACAGGCTGCACGG_034,55
GTCCTCTACAGGCTGCACGG_035,0
GTCCTCTACAGGCTGCACGG_036,46
GTCCTCTACAGGCTGCACGG_037,100
GTCCTCTACAGGCTGCACGG_038,67
GTCCTCTACAGGCTGCACGG_039,141
GTCCTCTACAGGCTGCACGG_040,170
GTCCTCTACAGGCTGCACGG_041,131
GTCCTCTACAGGCTGCACGG_042,79
GTCCTCTACAGGCTGCACGG_043,142
GTCCTCTACAGGCTGCACGG_044,35
GTCCTCTACAGGCTGCACGG_045,72
GTCCTCTACAGGCTGCACGG_046,41
GTCCTCTACAGGCTGCACGG_047,42
GTCCTCTACAGGCTGCACGG_048,33
GTCCTCTACAGGCTGCACGG_049,151
GTCCTCTACAGGCTGCACGG_050,20
TCCTGCTGTACCAAGTGACA_001,146
TCCTGCTGTACCAAGTGACA_002,148
TCCTGCTGTACCAAGTGACA_003,30
TCCTGCTGTACCAAGTGACA_004,30
TCCTGCTGTACCAAGTGACA_005,92
TCCTGCTGTACCAAGTGACA_006,116
TCCTGCTGTACCAAGTGACA_007,29
TCCTGCTGTACCAAGTGACA_008,58
ACACGTCGACTCACTGTACA_001,29
ACACGTCGACTCACTGTACA_002,156
ACACGTCGACTCACTGTACA_003,69
ACACGTCGACTCACTGTACA_004,172
ACACGTCGACTCACTGTACA_005,140
ACACGTCGACTCACTGTACA_006,199
ACACGTCGACTCACTGTACA_007,170
ACACGTCGACTCACTGTACA_008,176
ACACGTCGACTCACTGTACA_009,42
ACACGTCGACTCACTGTACA_010,1
ACACGTCGACTCACTGTACA_011,108
ACACGTCGACTCACTGTACA_012,104
ACACGTCGACTCACTGTACA_013,62
ACACGTCGACTCACTGTACA_014,104
ACACGTCGACTCACTGTACA_015,187
ACACGTCGACTCACTGTACA_016,155
ACACGTCGACTCACTGTACA_017,74
ACACGTCGACTCACTGTACA_018,187
ACACGTCGACTCACTGTACA_019,105
ACACGTCGACTCACTGTACA_020,68
ACACGTCGACTCACTGTACA_021,4
ACACGTCGACTCACTGTACA_022,16
CCTTGAACAAGTCTCGAGAG_001,175
CCTTGAACAAGTCTCGAGAG_002,106
CCTTGAACAAGTCTCGAGAG_003,148
CTGCAAGAAGAGCGGAACCG_001,82
CTGCAAGAAGAGCGGAACCG_002,113
CTGCAAGAAGAGCGGAACCG_003,130
CTGCAAGAAGAGCGGAACCG_004,36
CTGCAAGAAGAGCGGAACCG_005,48
CTGCAAGAAGAGCGGAACCG_006,10
CTGCAAGAAGAGCGGAACCG_007,81
CTGCAAGAAGAGCGGAACCG_008,194
CTGCAAGAAGAGCGGAACCG_009,154
CTGCAAGAAGAGCGGAACCG_010,15
CTGCAAGAAGAGCGGAACCG_011,96
CTGCAAGAAGAGCGGAACCG_012,43
CTGCAAGAAGAGCGGAACCG_013,159
CTGCAAGAAGAGCGGAACCG_014,106
CTGCAAGAAGAGCGGAACCG_015,14
CTGCAAGAAGAGCGGAACCG_016,15
CTGCAAGAAGAGCGGAACCG_017,81
CTGCAAGAAGAGCGGAACCG_018,81
CTGCAAGAAGAGCGGAACCG_019,126
CTGCAAGAAGAGCGGAACCG_020,84
CTGCAAGAAGAGCGGAACCG_021,19
CTGCAAGAAGAGCGGAACCG_022,22
CTGCAAGAAGAGCGGAACCG_023,94
CTGCAAGAAGAGCGGAACCG_024,150
CTGCAAGAAGAGCGGAACCG_025,60
CTGCAAGAAGAGCGGAACCG_026,172
CTGCAAGAAGAGCGGAACCG_027,193
CTGCAAGAAGAGCGGAACCG_028,68
CTGCAAGAAGAGCGGAACCG_029,188
GAGAAGCTTCCAATTAGGCA_001,75
GAGAAGCTTCCAATTAGGCA_002,119
GAGAAGCTTCCAATTAGGCA_003,145
GAGAAGCTTCCAATTAGGCA_004,15
GAACCCTACACTGAGCAGAT_001,152
GAACCCTACACTGAGCAGAT_002,134
GAACCCTACACTGAGCAGAT_003,45
GAACCCTACACTGAGCAGAT_004,57
GAACCCTACACTGAGCAGAT_005,186
GAACCCTACACTGAGCAGAT_006,175
GAACCCTACACTGAGCAGAT_007,49
GAACCCTACACTGAGCAGAT_008,31
GAACCCTACACTGAGCAGAT_009,16
GAACCCTACACTGAGCAGAT_010,91
GAACCCTACACTGAGCAGAT_011,187
GAACCCTACACTGAGCAGAT_012,126
GAACCCTACACTGAGCAGAT_013,118
GAACCCTACACTGAGCAGAT_014,1
GAACCCTACACTGAGCAGAT_015,158
GAACCCTACACTGAGCAGAT_016,105
GAACCCTACACTGAGCAGAT_017,110
GAACCCTACACTGAGCAGAT_018,70
GAACCCTACACTGAGCAGAT_019,158
GAACCCTACACTGAGCAGAT_020,98
GAACCCTACACTGAGCAGAT_021,147
GAACCCTACACTGAGCAGAT_022,102
GTTTCCGTGTGTCATAATGG_001,48
GTTTCCGTGTGTCATAATGG_002,122
GTTTCCGTGTGTCATAATGG_003,148
GTTTCCGTGTGTCATAATGG_004,150
GAAGCATTCCTTCCTCAAGA_001,127
GAAGCATTCCTTCCTCAAGA_002,30
GAAGCATTCCTTCCTCAAGA_003,56
GAAGCATTCCTTCCTCAAGA_004,28
GAAGCATTCCTTCCTCAAGA_005,108
GAGGAGTGTCATATTCACTG_001,147
GAGGAGTGTCATATTCACTG_002,128
GAGGAGTGTCATATTCACTG_003,122
TGGCTTTGAATGTGGCGTGT_001,93
TGGCTTTGAATGTGGCGTGT_002,193
TGGCTTTGAATGTGGCGTGT_003,6
TGGCTTTGAATGTGGCGTGT_004,68
TGGCTTTGAATGTGGCGTGT_005,29
TGGCTTTGAATGTGGCGTGT_006,2
TGGCTTTGAATGTGGCGTGT_007,166
TGGCTTTGAATGTGGCGTGT_008,50
TGGCTTTGAATGTGGCGTGT_009,75
TGGCTTTGAATGTGGCGTGT_010,16
TGGCTTTGAATGTGGCGTGT_011,145
TGGCTTTGAATGTGGCGTGT_012,176
TGGCTTTGAATGTGGCGTGT_013,94
TGGCTTTGAATGTGGCGTGT_014,43
TGGCTTTGAATGTGGCGTGT_015,132
TGGCTTTGAATGTGGCGTGT_016,78
TGGCTTTGAATGTGGCGTGT_017,147
TGGCTTTGAATGTGGCGTGT_018,98
TGGCTTTGAATGTGGCGTGT_019,17
TGGCTTTGAATGTGGCGTGT_020,3
TGGCTTTGAATGTGGCGTGT_021,2
TGGCTTTGAATGTGGCGTGT_022,10
TGGCTTTGAATGTGGCGTGT_023,84
TGGCTTTGAATGTGGCGTGT_024,126
ATGGTGTGGAGCACTTTGTG_001,76
ATGGTGTGGAGCACTTTGTG_002,127
ATGGTGTGGAGCACTTTGTG_003,60
ATGGTGTGGAGCACTTTGTG_004,145
ATGGTGTGGAGCACTTTGTG_005,105
ATGGTGTGGAGCACTTTGTG_006,41
ATGGTGTGGAGCACTTTGTG_007,68
ATGGTGTGGAGCACTTTGTG_008,80
ATGGTGTGGAGCACTTTGTG_009,127
ATGGTGTGGAGCACTTTGTG_010,63
ATGGTGTGGAGCACTTTGTG_011,12
ATGGTGTGGAGCACTTTGTG_012,15
ATGGTGTGGAGCACTTTGTG_013,74
ATGGTGTGGAGCACTTTGTG_014,14
ATGGTGTGGAGCACTTTGTG_015,156
ATGGTGTGGAGCACTTTGTG_016,15
ATGGTGTGGAGCACTTTGTG_017,74
ATGGTGTGGAGCACTTTGTG_018,169
ATGGTGTGGAGCACTTTGTG_019,62
ATGGTGTGGAGCACTTTGTG_020,77
ATGGTGTGGAGCACTTTGTG_021,69
ATGGTGTGGAGCACTTTGTG_022,10
ATGGTGTGGAGCACTTTGTG_023,43
ATGGTGTGGAGCACTTTGTG_024,56
GGGCTGAGGTGGCTGACTGT_001,90
GGGCTGAGGTGGCTGACTGT_002,167
GGGCTGAGGTGGCTGACTGT_003,147
CCTGTTGAAAGGAAACTCCG_001,32
CCTGTTGAAAGGAAACTCCG_002,44
CCTGTTGAAAGGAAACTCCG_003,81
CCTGTTGAAAGGAAACTCCG_004,102
CCTGTTGAAAGGAAACTCCG_005,88
CCTGTTGAAAGGAAACTCCG_006,148
CCTGTTGAAAGGAAACTCCG_007,138
CCTGTTGAAAGGAAACTCCG_008,78
CCTGTTGAAAGGAAACTCCG_009,15
CCTGTTGAAAGGAAACTCCG_010,14
CCTGTTGAAAGGAAACTCCG_011,169
CCTGTTGAAAGGAAACTCCG_012,115
CCTGTTGAAAGGAAACTCCG_013,150
CCTGTTGAAAGGAAACTCCG_014,132
CCTGTTGAAAGGAAACTCCG_015,4
CCTGTTGAAAGGAAACTCCG_016,40
CCTGTTGAAAGGAAACTCCG_017,12
CCTGTTGAAAGGAAACTCCG_018,21
CCTGTTGAAAGGAAACTCCG_019,170
CCTGTTGAAAGGAAACTCCG_020,129
CCTGTTGAAAGGAAACTCCG_021,24
CCTGTTGAAAGGAAACTCCG_022,174
CCTGTTGAAAGGAAACTCCG_023,125
CCTGTTGAAAGGAAACTCCG_024,127
CCTGTTGAAAGGAAACTCCG_025,10
CCTGTTGAAAGGAAACTCCG_026,137
CCTGTTGAAAGGAAACTCCG_027,114
TGGTTAACCAACAAACACAT_001,149
TGGTTAACCAACAAACACAT_002,65
TGGTTAACCAACAAACACAT_003,65
TGGTTAACCAACAAACACAT_004,144
TGGTTAACCAACAAACACAT_005,63
TGGTTAACCAACAAACACAT_006,40
TTGGGTGATCCACCACGCTA_001,130
TTGGGTGATCCACCACGCTA_002,169
TTGGGTGATCCACCACGCTA_003,15
TTGGGTGATCCACCACGCTA_004,101
TTGGGTGATCCACCACGCTA_005,59
TTGGGTGATCCACCACGCTA_006,150
TTGGGTGATCCACCACGCTA_007,12
TTGGGTGATCCACCACGCTA_008,177
TTGGGTGATCCACCACGCTA_009,129
TTGGGTGATCCACCACGCTA_010,16
TTGGGTGATCCACCACGCTA_011,92
TTGGGTGATCCACCACGCTA_012,146
TTGGGTGATCCACCACGCTA_013,58
TTGGGTGATCCACCACGCTA_014,149
TTGGGTGATCCACCACGCTA_015,19
TTGGGTGATCCACCACGCTA_016,125
TTGGGTGATCCACCACGCTA_017,56
GCGTGGGAACTCCCACTGCG_001,170
GCGTGGGAACTCCCACTGCG_002,32
GCGTGGGAACTCCCACTGCG_003,145
GCGTGGGAACTCCCACTGCG_004,17
GCGTGGGAACTCCCACTGCG_005,83
GCGTGGGAACTCCCACTGCG_006,141
GCGTGGGAACTCCCACTGCG_007,162
GCGTGGGAACTCCCACTGCG_008,121
GCGTGGGAACTCCCACTGCG_009,174
GCGTGGGAACTCCCACTGCG_010,94
GCGTGGGAACTCCCACTGCG_011,172
GCGTGGGAACTCCCACTGCG_012,92
GCGTGGGAACTCCCACTGCG_013,68
GCGTGGGAACTCCCACTGCG_014,175
CTCCCATCACATTAAAACCA_001,193
CTCCCATCACATTAAAACCA_002,149
CTCCCATCACATTAAAACCA_003,113
CTCCCATCACATTAAAACCA_004,80
GTAGGTCTAGGGATAATCAG_001,106
GTAGGTCTAGGGATAATCAG_002,78
GTAGGTCTAGGGATAATCAG_003,66
GTAGGTCTAGGGATAATCAG_004,162
GTAGGTCTAGGGATAATCAG_005,142
GTAGGTCTAGGGATAATCAG_006,52
GTAGGTCTAGGGATAATCAG_007,127
GTAGGTCTAGGGATAATCAG_008,19
GTAGGTCTAGGGATAATCAG_009,62
GTAGGTCTAGGGATAATCAG_010,33
GTAGGTCTAGGGATAATCAG_011,187
GTAGGTCTAGGGATAATCAG_012,61
GTAGGTCTAGGGATAATCAG_013,158
GTAGGTCTAGGGATAATCAG_014,27
GTAGGTCTAGGGATAATCAG_015,182
TCACAGCATTCCCGTTAGCA_001,17
TCACAGCATTCCCGTTAGCA_002,179
TCACAGCATTCCCGTTAGCA_003,188
AATTTCTAGATTTAAGCGAG_001,70
AATTTCTAGATTTAAGCGAG_002,137
AATTTCTAGATTTAAGCGAG_003,11
AGGCGCTCATCTCATACGTG_001,72
AGGCGCTCATCTCATACGTG_002,52
AGGCGCTCATCTCATACGTG_003,50
AGGCGCTCATCTCATACGTG_004,18
AGGCGCTCATCTCATACGTG_005,69
GGGTGTCCAACTCCACGCGA_001,7
GGGTGTCCAACTCCACGCGA_002,162
GGGTGTCCAACTCCACGCGA_003,78
GGGTGTCCAACTCCACGCGA_004,101
GGGTGTCCAACTCCACGCGA_005,88
GGGTGTCCAACTCCACGCGA_006,149
GGGTGTCCAACTCCACGCGA_007,132
GGGTGTCCAACTCCACGCGA_008,36
GGGTGTCCAACTCCACGCGA_009,178
GGGTGTCCAACTCCACGCGA_010,16
GGGTGTCCAACTCCACGCGA_011,65
GGGTGTCCAACTCCACGCGA_012,93
GGGTGTCCAACTCCACGCGA_013,93
GGGTGTCCAACTCCACGCGA_014,30
GGGTGTCCAACTCCACGCGA_015,38
GGGTGTCCAACTCCACGCGA_016,64
GGGTGTCCAACTCCACGCGA_017,174
GGGTGTCCAACTCCACGCGA_018,47
GGGTGTCCAACTCCACGCGA_019,72
GGGTGTCCAACTCCACGCGA_020,114
GGGTGTCCAACTCCACGCGA_021,106
GGGTGTCCAACTCCACGCGA_022,14
GGGTGTCCAACTCCACGCGA_023,136
GGGTGTCCAACTCCACGCGA_024,119
GGGTGTCCAACTCCACGCGA_025,170
GGGTGTCCAACTCCACGCGA_026,34
GGGTGTCCAACTCCACGCGA_027,132
TGAACAGTACAGCTGCTACG_001,184
TGAACAGTACAGCTGCTACG_002,108
TGAACAGTACAGCTGCTACG_003,47
TGAACAGTACAGCTGCTACG_004,49
TGAACAGTACAGCTGCTACG_005,84
TGAACAGTACAGCTGCTACG_006,191
TTCTCGATCTCAGCCATATC_001,43
TATAGTGTTCAACAGTCAGA_001,59
TATAGTGTTCAACAGTCAGA_002,152
GTGCTGAGAGTGACTCGCCG_001,117
GTGCTGAGAGTGACTCGCCG_002,115
GTGCTGAGAGTGACTCGCCG_003,133
GTGCTGAGAGTGACTCGCCG_004,48
GTGCTGAGAGTGACTCGCCG_005,22
GTGCTGAGAGTGACTCGCCG_006,91
GTGCTGAGAGTGACTCGCCG_007,26
GTGCTGAGAGTGACTCGCCG_008,0
GTGCTGAGAGTGACTCGCCG_009,188
GTGCTGAGAGTGACTCGCCG_010,112
GTGCTGAGAGTGACTCGCCG_011,178
GTGCTGAGAGTGACTCGCCG_012,80
GTGCTGAGAGTGACTCGCCG_013,97
GTGCTGAGAGTGACTCGCCG_014,7
GTGCTGAGAGTGACTCGCCG_015,12
GTGCTGAGAGTGACTCGCCG_016,79
GTGCTGAGAGTGACTCGCCG_017,21
GAAGACCCTGATGCACGCTG_001,150
GAAGACCCTGATGCACGCTG_002,166
GAAGACCCTGATGCACGCTG_003,24
GAAGACCCTGATGCACGCTG_004,4
GAAGACCCTGATGCACGCTG_005,128
GAAGACCCTGATGCACGCTG_006,48
CGAGGAACAGGGCGGAGTAG_001,144
TCCATCTTCCAGCATGCCTG_001,19
TCCATCTTCCAGCATGCCTG_002,140
TCCATCTTCCAGCATGCCTG_003,108
TCCATCTTCCAGCATGCCTG_004,121
ATCTTTGGTACAAGTACACA_001,17
ATCTTTGGTACAAGTACACA_002,116
ATCTTTGGTACAAGTACACA_003,136
GATGCTGAAACATCACATAG_001,15
GATGCTGAAACATCACATAG_002,115
GATGCTGAAACATCACATAG_003,197
GATGCTGAAACATCACATAG_004,116
GATGCTGAAACATCACATAG_005,0
GATGCTGAAACATCACATAG_006,70
GATGCTGAAACATCACATAG_007,29
GATGCTGAAACATCACATAG_008,127
GATGCTGAAACATCACATAG_009,149
GATGCTGAAACATCACATAG_010,67
GATGCTGAAACATCACATAG_011,183
GATGCTGAAACATCACATAG_012,32
GATGCTGAAACATCACATAG_013,94
GATGCTGAAACATCACATAG_014,9
GATGCTGAAACATCACATAG_015,81
GATGCTGAAACATCACATAG_016,129
GATGCTGAAACATCACATAG_017,76
AGAGATGCAACAGGACTCGG_001,67
AGAGATGCAACAGGACTCGG_002,129
AGAGATGCAACAGGACTCGG_003,159
AGAGATGCAACAGGACTCGG_004,172
AGAGATGCAACAGGACTCGG_005,170
AGAGATGCAACAGGACTCGG_006,88
AGAGATGCAACAGGACTCGG_007,160
CCTGAACCTGAACAAGACAA_001,197
CCTGAACCTGAACAAGACAA_002,103
CCTGAACCTGAACAAGACAA_003,197
GATGTCACCTACCTGTTGAG_001,38
GATGTCACCTACCTGTTGAG_002,38
GATGTCACCTACCTGTTGAG_003,127
GATGTCACCTACCTGTTGAG_004,118
GATGTCACCTACCTGTTGAG_005,161
GATGTCACCTACCTGTTGAG_006,21
GATGTCACCTACCTGTTGAG_007,116
GATGTCACCTACCTGTTGAG_008,6
GATGTCACCTACCTGTTGAG_009,113
GATGTCACCTACCTGTTGAG_010,115
GATGTCACCTACCTGTTGAG_011,81
AGTGCACAGGCTCTAACGAG_001,50
AGTGCACAGGCTCTAACGAG_002,136
AGTGCACAGGCTCTAACGAG_003,12
AGTGCACAGGCTCTAACGAG_004,40
AGTGCACAGGCTCTAACGAG_005,47
AGTGCACAGGCTCTAACGAG_006,54
AGTGCACAGGCTCTAACGAG_007,145
AGTGCACAGGCTCTAACGAG_008,88
AGTGCACAGGCTCTAACGAG_009,57
GCTGCAGCGTCACCATTGAG_001,192
GCTGCAGCGTCACCATTGAG_002,142
GCTGCAGCGTCACCATTGAG_003,166
GCTGCAGCGTCACCATTGAG_004,153
GCTGCAGCGTCACCATTGAG_005,57
GCTGCAGCGTCACCATTGAG_006,168
GCTGCAGCGTCACCATTGAG_007,146
GCTGCAGCGTCACCATTGAG_008,16
GCTGCAGCGTCACCATTGAG_009,115
GCTGCAGCGTCACCATTGAG_010,174
GGATTCGGTCTCGATGCGAG_001,160
GGATTCGGTCTCGATGCGAG_002,55
GGATTCGGTCTCGATGCGAG_003,56
GGATTCGGTCTCGATGCGAG_004,114
GCAGGGCCTGCTACCCAATG_001,34
GCAGGGCCTGCTACCCAATG_002,93
GCAGGGCCTGCTACCCAATG_003,15
GCAGGGCCTGCTACCCAATG_004,25
GCAGGGCCTGCTACCCAATG_005,193
GCAGGGCCTGCTACCCAATG_006,38
GCAGGGCCTGCTACCCAATG_007,151
GCAGGGCCTGCTACCCAATG_008,127
GCAGGGCCTGCTACCCAATG_009,81
GCAGGGCCTGCTACCCAATG_010,77
GCAGGGCCTGCTACCCAATG_011,188
GCAGGGCCTGCTACCCAATG_012,126
GCAGGGCCTGCTACCCAATG_013,66
CCTGGGGCACCATTCCCGTG_001,165
CCTGGGGCACCATTCCCGTG_002,36
CCTGGGGCACCATTCCCGTG_003,68
CCTGGGGCACCATTCCCGTG_004,104
CCTGGGGCACCATTCCCGTG_005,125
CCTGGGGCACCATTCCCGTG_006,170
CCTGGGGCACCATTCCCGTG_007,146
CCTGGGGCACCATTCCCGTG_008,138
TGAAAATGCACTTTAACCAC_001,1
TGAAAATGCACTTTAACCAC_002,168
TGAAAATGCACTTTAACCAC_003,183
TGGTGAATTACAGCGACTCA_001,174
TGGTGAATTACAGCGACTCA_002,55
TGGTGAATTACAGCGACTCA_003,166
TGGTGAATTACAGCGACTCA_004,179
TGGTCGTGCACAGATTGGTG_001,189
TGGTCGTGCACAGATTGGTG_002,138
TGGTCGTGCACAGATTGGTG_003,94
TGGTCGTGCACAGATTGGTG_004,55
TGGTCGTGCACAGATTGGTG_005,81
TGGTCGTGCACAGATTGGTG_006,168
TGGTCGTGCACAGATTGGTG_007,41
TGGTCGTGCACAGATTGGTG_008,98
TGGTCGTGCACAGATTGGTG_009,149
TGGTCGTGCACAGATTGGTG_010,23
TGGTCGTGCACAGATTGGTG_011,8
TGGTCGTGCACAGATTGGTG_012,94
TGGTCGTGCACAGATTGGTG_013,109
TGGTCGTGCACAGATTGGTG_014,162
TGGTCGTGCACAGATTGGTG_015,23
TGGTCGTGCACAGATTGGTG_016,148
TGGTCGTGCACAGATTGGTG_017,76
TGGTCGTGCACAGATTGGTG_018,108
TGGTCGTGCACAGATTGGTG_019,9
TGGTCGTGCACAGATTGGTG_020,150
TGGTCGTGCACAGATTGGTG_021,106
TGGTCGTGCACAGATTGGTG_022,127
TGGTCGTGCACAGATTGGTG_023,70
TGGTCGTGCACAGATTGGTG_024,150
TGGTCGTGCACAGATTGGTG_025,9
TGGTCGTGCACAGATTGGTG_026,108
TGGTCGTGCACAGATTGGTG_027,40
GGCACGTCGTCGTCGCCCGT_001,15
GGCACGTCGTCGTCGCCCGT_002,55
GGCACGTCGTCGTCGCCCGT_003,48
CACCACCAATTCCAAGAGAG_001,172
CACCACCAATTCCAAGAGAG_002,62
CACCACCAATTCCAAGAGAG_003,127
CACCACCAATTCCAAGAGAG_004,60
CACCACCAATTCCAAGAGAG_005,41
CACCACCAATTCCAAGAGAG_006,44
CACCACCAATTCCAAGAGAG_007,160
CACCACCAATTCCAAGAGAG_008,73
CACCACCAATTCCAAGAGAG_009,53
CACCACCAATTCCAAGAGAG_010,133
CACCACCAATTCCAAGAGAG_011,118
CACCACCAATTCCAAGAGAG_012,47
CACCACCAATTCCAAGAGAG_013,46
CACCACCAATTCCAAGAGAG_014,103
CACCACCAATTCCAAGAGAG_015,29
CACCACCAATTCCAAGAGAG_016,158
CACCACCAATTCCAAGAGAG_017,19
CACCACCAATTCCAAGAGAG_018,132
CACCACCAATTCCAAGAGAG_019,189
CACCACCAATTCCAAGAGAG_020,18
CACCACCAATTCCAAGAGAG_021,168
CACCACCAATTCCAAGAGAG_022,146
CACCACCAATTCCAAGAGAG_023,29
CGGAACTGTCCTCGACCCGT_001,150
CGGAACTGTCCTCGACCCGT_002,104
CGGAACTGTCCTCGACCCGT_003,170
CGGAACTGTCCTCGACCCGT_004,1
CGGAACTGTCCTCGACCCGT_005,152
CGGAACTGTCCTCGACCCGT_006,177
CGGAACTGTCCTCGACCCGT_007,76
CGGAACTGTCCTCGACCCGT_008,124
CGGAACTGTCCTCGACCCGT_009,158
CGGAACTGTCCTCGACCCGT_010,137
CGGAACTGTCCTCGACCCGT_011,150
CGGAACTGTCCTCGACCCGT_012,159
CGGAACTGTCCTCGACCCGT_013,60
CGGAACTGTCCTCGACCCGT_014,77
CGGAACTGTCCTCGACCCGT_015,9
CGGAACTGTCCTCGACCCGT_016,194
CGGAACTGTCCTCGACCCGT_017,19
CGGAACTGTCCTCGACCCGT_018,138
CGGAACTGTCCTCGACCCGT_019,171
CGGAACTGTCCTCGACCCGT_020,88
CGGAACTGTCCTCGACCCGT_021,89
CGGAACTGTCCTCGACCCGT_022,3
CGGAACTGTCCTCGACCCGT_023,28
CGGAACTGTCCTCGACCCGT_024,144
CGGAACTGTCCTCGACCCGT_025,190
CGGAACTGTCCTCGACCCGT_026,121
CGGAACTGTCCTCGACCCGT_027,146
CGGAACTGTCCTCGACCCGT_028,92
ACCCCCCAGAACGATGACGG_001,175
ACCCCCCAGAACGATGACGG_002,26
ACCCCCCAGAACGATGACGG_003,144
ACCCCCCAGAACGATGACGG_004,149
ACCCCCCAGAACGATGACGG_005,149
ACCCCCCAGAACGATGACGG_006,9
ACCCCCCAGAACGATGACGG_007,147
ACCCCCCAGAACGATGACGG_008,62
ACCCCCCAGAACGATGACGG_009,88
ACCCCCCAGAACGATGACGG_010,30
ACCCCCCAGAACGATGACGG_011,176
ACCCCCCAGAACGATGACGG_012,51
CCTCAAACAAGCCTGGCAAG_001,52
CTGACCCTCTATAACCCCAC_001,196
CTGACCCTCTATAACCCCAC_002,52
CTGACCCTCTATAACCCCAC_003,114
CTGACCCTCTATAACCCCAC_004,99
CTGACCCTCTATAACCCCAC_005,169
CTGACCCTCTATAACCCCAC_006,165
CTGACCCTCTATAACCCCAC_007,131
GAGTCTCTATCATAGCTGAT_001,48
GAGTCTCTATCATAGCTGAT_002,78
GAACGGAGAGTACATCACGT_001,118
GAACGGAGAGTACATCACGT_002,76
GAACGGAGAGTACATCACGT_003,199
GAACGGAGAGTACATCACGT_004,88
GAACGGAGAGTACATCACGT_005,40
GAACGGAGAGTACATCACGT_006,55
GAACGGAGAGTACATCACGT_007,100
GAACGGAGAGTACATCACGT_008,46
GAACGGAGAGTACATCACGT_009,171
GAACGGAGAGTACATCACGT_010,28
GAACGGAGAGTACATCACGT_011,177
GAACGGAGAGTACATCACGT_012,33
GAACGGAGAGTACATCACGT_013,175
GAACGGAGAGTACATCACGT_014,40
GAACGGAGAGTACATCACGT_015,152
GAACGGAGAGTACATCACGT_016,78
GAACGGAGAGTACATCACGT_017,17
GAACGGAGAGTACATCACGT_018,33
GAACGGAGAGTACATCACGT_019,43
GAACGGAGAGTACATCACGT_020,144
GAACGGAGAGTACATCACGT_021,138
GAACGGAGAGTACATCACGT_022,33
GAACGGAGAGTACATCACGT_023,132
GAGCCACCCGCCCGACAAGT_001,80
GAGCCACCCGCCCGACAAGT_002,70
GAGCCACCCGCCCGACAAGT_003,123
GAGCCACCCGCCCGACAAGT_004,69
GAGCCACCCGCCCGACAAGT_005,52
GAGCCACCCGCCCGACAAGT_006,105
GAGCCACCCGCCCGACAAGT_007,102
GAGCCACCCGCCCGACAAGT_008,169
GAGCCACCCGCCCGACAAGT_009,199
GAGCCACCCGCCCGACAAGT_010,193
GAGCCACCCGCCCGACAAGT_011,172
CGAGAGCCACAGCTTCGAGT_001,181
CGAGAGCCACAGCTTCGAGT_002,70
CGAGAGCCACAGCTTCGAGT_003,128
CGAGAGCCACAGCTTCGAGT_004,146
CGAGAGCCACAGCTTCGAGT_005,158
CGAGAGCCACAGCTTCGAGT_006,42
CGAGAGCCACAGCTTCGAGT_007,42
CGAGAGCCACAGCTTCGAGT_008,176
CGAGAGCCACAGCTTCGAGT_009,141
TCACGAGTCTCAGTCCGACC_001,62
TCACGAGTCTCAGTCCGACC_002,75
TCACGAGTCTCAGTCCGACC_003,105
TCACGAGTCTCAGTCCGACC_004,188
TCACGAGTCTCAGTCCGACC_005,172
TCACGAGTCTCAGTCCGACC_006,48
TCACGAGTCTCAGTCCGACC_007,113
TCACGAGTCTCAGTCCGACC_008,1
TCACGAGTCTCAGTCCGACC_009,96
TCACGAGTCTCAGTCCGACC_010,38
TCACGAGTCTCAGTCCGACC_011,153
TCACGAGTCTCAGTCCGACC_012,134
TCACGAGTCTCAGTCCGACC_013,98
TCACGAGTCTCAGTCCGACC_014,105
TCACGAGTCTCAGTCCGACC_015,63
TCACGAGTCTCAGTCCGACC_016,119
AGCCTGTCATATGCCAGTGA_001,62
AGCCTGTCATATGCCAGTGA_002,11
AAGAGGTTCACTGAAAACTG_001,121
AAGAGGTTCACTGAAAACTG_002,2
AAGAGGTTCACTGAAAACTG_003,158
AAGAGGTTCACTGAAAACTG_004,40
AAGAGGTTCACTGAAAACTG_005,79
AAGAGGTTCACTGAAAACTG_006,121
AAGAGGTTCACTGAAAACTG_007,8
GGAACACCATGTCCAAGAAG_001,54
AGCATAGCACTCATCGCATG_001,176
AGCATAGCACTCATCGCATG_002,163
AAGGGACCATCAAAATAGCG_001,29
AAGGGACCATCAAAATAGCG_002,32
AAGGGACCATCAAAATAGCG_003,199
AAGGGACCATCAAAATAGCG_004,33
AAGGGACCATCAAAATAGCG_005,112
AAGGGACCATCAAAATAGCG_006,5
AAGGGACCATCAAAATAGCG_007,153
CGGCCGCCCACTTCATCACG_001,32
CGGCCGCCCACTTCATCACG_002,27
CGGCCGCCCACTTCATCACG_003,198
CGGCCGCCCACTTCATCACG_004,17
CGGCCGCCCACTTCATCACG_005,41
CGGCCGCCCACTTCATCACG_006,27
CGGCCGCCCACTTCATCACG_007,54
CGGCCGCCCACTTCATCACG_008,18
CGGCCGCCCACTTCATCACG_009,37
CGGCCGCCCACTTCATCACG_010,157
CGGCCGCCCACTTCATCACG_011,160
CGGCCGCCCACTTCATCACG_012,98
CGGCCGCCCACTTCATCACG_013,75
CGGCCGCCCACTTCATCACG_014,193
CGGCCGCCCACTTCATCACG_015,92
CGGCCGCCCACTTCATCACG_016,164
CGGCCGCCCACTTCATCACG_017,43
CGGCCGCCCACTTCATCACG_018,180
CGGCCGCCCACTTCATCACG_019,98
CGGCCGCCCACTTCATCACG_020,7
CGGCCGCCCACTTCATCACG_021,170
GTTGATCGAAAATGGGAGAA_001,27
GTTGATCGAAAATGGGAGAA_002,102
GTTGATCGAAAATGGGAGAA_003,77
GTTGATCGAAAATGGGAGAA_004,42
GTTGATCGAAAATGGGAGAA_005,9
GTTGATCGAAAATGGGAGAA_006,31
GTTGATCGAAAATGGGAGAA_007,101
GTTGATCGAAAATGGGAGAA_008,102
GTTGATCGAAAATGGGAGAA_009,197
GTTGATCGAAAATGGGAGAA_010,19
GTTGATCGAAAATGGGAGAA_011,76
GTTGATCGAAAATGGGAGAA_012,154
GTTGATCGAAAATGGGAGAA_013,121
GTTGATCGAAAATGGGAGAA_014,169
GTTGATCGAAAATGGGAGAA_015,78
GTTGATCGAAAATGGGAGAA_016,190
GTTGATCGAAAATGGGAGAA_017,19
GTTGATCGAAAATGGGAGAA_018,94
GTTGATCGAAAATGGGAGAA_019,199
GTTGATCGAAAATGGGAGAA_020,105
ATTGACAACCTGAGTACAGT_001,150
ATTGACAACCTGAGTACAGT_002,107
ATTGACAACCTGAGTACAGT_003,127
ATTGACAACCTGAGTACAGT_004,45
ATTGACAACCTGAGTACAGT_005,168
ATTGACAACCTGAGTACAGT_006,50
ATTGACAACCTGAGTACAGT_007,132
ATTGACAACCTGAGTACAGT_008,189
ATTGACAACCTGAGTACAGT_009,132
ATTGACAACCTGAGTACAGT_010,122
ATTGACAACCTGAGTACAGT_011,7
ATTGACAACCTGAGTACAGT_012,128
ATTGACAACCTGAGTACAGT_013,191
ATTGACAACCTGAGTACAGT_014,88
ATTGACAACCTGAGTACAGT_015,150
ATTGACAACCTGAGTACAGT_016,154
ATTGACAACCTGAGTACAGT_017,40
ATTGACAACCTGAGTACAGT_018,160
ATTGACAACCTGAGTACAGT_019,132
ATTGACAACCTGAGTACAGT_020,167
ATTGACAACCTGAGTACAGT_021,158
ATTGACAACCTGAGTACAGT_022,121
CATTCACGACCCACGAGCCA_001,158
CATTCACGACCCACGAGCCA_002,88
CATTCACGACCCACGAGCCA_003,185
CATTCACGACCCACGAGCCA_004,80
CATTCACGACCCACGAGCCA_005,121
CATTCACGACCCACGAGCCA_006,126
CATTCACGACCCACGAGCCA_007,95
CATTCACGACCCACGAGCCA_008,182
CATTCACGACCCACGAGCCA_009,129
CATTCACGACCCACGAGCCA_010,64
CATTCACGACCCACGAGCCA_011,137
CATTCACGACCCACGAGCCA_012,115
CATTCACGACCCACGAGCCA_013,111
CATTCACGACCCACGAGCCA_014,136
CATTCACGACCCACGAGCCA_015,91
TAGTAACTCCGAGCCAAATG_001,53
TAGTAACTCCGAGCCAAATG_002,38
TAGTAACTCCGAGCCAAATG_003,160
TAGTAACTCCGAGCCAAATG_004,153
TAGTAACTCCGAGCCAAATG_005,17
TAGTAACTCCGAGCCAAATG_006,147
CGCCCCCAAACGACCCAAGG_001,28
CGCCCCCAAACGACCCAAGG_002,40
CGCCCCCAAACGACCCAAGG_003,184
CGCCCCCAAACGACCCAAGG_004,173
CGCCCCCAAACGACCCAAGG_005,173
CGCCCCCAAACGACCCAAGG_006,151
CGCCCCCAAACGACCCAAGG_007,156
CGCCCCCAAACGACCCAAGG_008,137
CGCCCCCAAACGACCCAAGG_009,111
CGCCCCCAAACGACCCAAGG_010,14
CGCCCCCAAACGACCCAAGG_011,83
CGCCCCCAAACGACCCAAGG_012,43
CGCCCCCAAACGACCCAAGG_013,151
CGCCCCCAAACGACCCAAGG_014,133
CGCCCCCAAACGACCCAAGG_015,69
CGCCCCCAAACGACCCAAGG_016,114
CGCCCCCAAACGACCCAAGG_017,114
CGCCCCCAAACGACCCAAGG_018,25
CGCCCCCAAACGACCCAAGG_019,149
CGCCCCCAAACGACCCAAGG_020,184
CGCCCCCAAACGACCCAAGG_021,38
CGCCCCCAAACGACCCAAGG_022,127
CGCCCCCAAACGACCCAAGG_023,113
CGCCCCCAAACGACCCAAGG_024,15
CGCCCCCAAACGACCCAAGG_025,90
GCCAGTGGGATACCAGCAAG_001,5
GCCAGTGGGATACCAGCAAG_002,157
GCCAGTGGGATACCAGCAAG_003,30
GCCAGTGGGATACCAGCAAG_004,0
GCCAGTGGGATACCAGCAAG_005,168
GCCAGTGGGATACCAGCAAG_006,116
GCCAGTGGGATACCAGCAAG_007,80
GCCAGTGGGATACCAGCAAG_008,123
GCCAGTGGGATACCAGCAAG_009,150
GCCAGTGGGATACCAGCAAG_010,72
GCCAGTGGGATACCAGCAAG_011,165
GCCAGTGGGATACCAGCAAG_012,96
GCCAGTGGGATACCAGCAAG_013,186
GCCAGTGGGATACCAGCAAG_014,2
GCCAGTGGGATACCAGCAAG_015,157
GCCAGTGGGATACCAGCAAG_016,111
GCGGCGGAGACCTCTTCCCG_001,166
GCGGCGGAGACCTCTTCCCG_002,142
GCGGCGGAGACCTCTTCCCG_003,115
GCGGCGGAGACCTCTTCCCG_004,43
GCGGCGGAGACCTCTTCCCG_005,115
GCGGCGGAGACCTCTTCCCG_006,14
GCGGCGGAGACCTCTTCCCG_007,108
GCGGCGGAGACCTCTTCCCG_008,23
GCGGCGGAGACCTCTTCCCG_009,115
GCGGCGGAGACCTCTTCCCG_010,107
GCGGCGGAGACCTCTTCCCG_011,127
GCGGCGGAGACCTCTTCCCG_012,148
GCGGCGGAGACCTCTTCCCG_013,124
GCGGCGGAGACCTCTTCCCG_014,104
AGAGACTTACCATCATCCAC_001,106
AGAGACTTACCATCATCCAC_002,152
AGAGACTTACCATCATCCAC_003,60
GGTTGGTGCAGATACCATGA_001,141
GGTTGGTGCAGATACCATGA_002,142
GGTTGGTGCAGATACCATGA_003,188
GGTTGGTGCAGATACCATGA_004,40
GGTTGGTGCAGATACCATGA_005,35
TCACAGTCTGTCCGGCTTCG_001,16
TCACAGTCTGTCCGGCTTCG_002,48
TCACAGTCTGTCCGGCTTCG_003,166
TCACAGTCTGTCCGGCTTCG_004,61
TCACAGTCTGTCCGGCTTCG_005,93
CCTCAACAATTACCCTGCCG_001,113
CCTCAACAATTACCCTGCCG_002,90
CCTCAACAATTACCCTGCCG_003,125
AGGCTGAAGAAGCTCTCGTG_001,64
AGGCTGAAGAAGCTCTCGTG_002,118
AGGCTGAAGAAGCTCTCGTG_003,103
AGGCTGAAGAAGCTCTCGTG_004,171
AGGCTGAAGAAGCTCTCGTG_005,116
AGGCTGAAGAAGCTCTCGTG_006,98
AGGCTGAAGAAGCTCTCGTG_007,22
AGGCTGAAGAAGCTCTCGTG_008,86
AGGCTGAAGAAGCTCTCGTG_009,172
AGGCTGAAGAAGCTCTCGTG_010,170
AGGCTGAAGAAGCTCTCGTG_011,8
AGGCTGAAGAAGCTCTCGTG_012,91
AGGCTGAAGAAGCTCTCGTG_013,153
AGGCTGAAGAAGCTCTCGTG_014,38
AGGCTGAAGAAGCTCTCGTG_015,42
ATCAGCGAAACCAAGAACCG_001,70
ATCAGCGAAACCAAGAACCG_002,2
ATCAGCGAAACCAAGAACCG_003,76
ATCAGCGAAACCAAGAACCG_004,178
ATCAGCGAAACCAAGAACCG_005,59
ATCAGCGAAACCAAGAACCG_006,61
ATCAGCGAAACCAAGAACCG_007,8
ATCAGCGAAACCAAGAACCG_008,126
ATCAGCGAAACCAAGAACCG_009,6
ATCAGCGAAACCAAGAACCG_010,140
ATCAGCGAAACCAAGAACCG_011,8
ATCAGCGAAACCAAGAACCG_012,44
ATCAGCGAAACCAAGAACCG_013,127
ATCAGCGAAACCAAGAACCG_014,138
AGTGATAGCACGTGACAGCG_001,146
AGTGATAGCACGTGACAGCG_002,117
AGTGATAGCACGTGACAGCG_003,191
AGTGATAGCACGTGACAGCG_004,29
AGTGATAGCACGTGACAGCG_005,86
AGTGATAGCACGTGACAGCG_006,61
AGTGATAGCACGTGACAGCG_007,45
AGTGATAGCACGTGACAGCG_008,150
AGTGATAGCACGTGACAGCG_009,88
AGTGATAGCACGTGACAGCG_010,33
AGTGATAGCACGTGACAGCG_011,178
AGTGATAGCACGTGACAGCG_012,6
AGTGATAGCACGTGACAGCG_013,21
GAAAAACTCCGGCTTCTCAG_001,146
GAAAAACTCCGGCTTCTCAG_002,146
GAAAAACTCCGGCTTCTCAG_003,49
GAAAAACTCCGGCTTCTCAG_004,46
GAAAAACTCCGGCTTCTCAG_005,11
GAAAAACTCCGGCTTCTCAG_006,183
GAAAAACTCCGGCTTCTCAG_007,60
GAAGGTGAGACTGTCTACAC_001,162
GAAGGTGAGACTGTCTACAC_002,127
GAAGGTGAGACTGTCTACAC_003,168
GAAGGTGAGACTGTCTACAC_004,121
GAAGGTGAGACTGTCTACAC_005,191
GAAGGTGAGACTGTCTACAC_006,129
GAAGGTGAGACTGTCTACAC_007,198
GAAGGTGAGACTGTCTACAC_008,3
GAAGGTGAGACTGTCTACAC_009,46
GAAGGTGAGACTGTCTACAC_010,188
GCACAAGAGAATTCATAGTG_001,64
GCACAAGAGAATTCATAGTG_002,153
GCACAAGAGAATTCATAGTG_003,65
GCACAAGAGAATTCATAGTG_004,96
GCACAAGAGAATTCATAGTG_005,147
GCTGCCCAAGAGAATCTCGG_001,171
GCTGCCCAAGAGAATCTCGG_002,26
GCTGCCCAAGAGAATCTCGG_003,138
GCTGCCCAAGAGAATCTCGG_004,29
GCTGCCCAAGAGAATCTCGG_005,86
GCTGCCCAAGAGAATCTCGG_006,146
GCTGCCCAAGAGAATCTCGG_007,76
GCTGCCCAAGAGAATCTCGG_008,168
GCTGCCCAAGAGAATCTCGG_009,75
GCTGCCCAAGAGAATCTCGG_010,116
GCTGCCCAAGAGAATCTCGG_011,6
GCTGCCCAAGAGAATCTCGG_012,112
GCTGCCCAAGAGAATCTCGG_013,35
GCTGCCCAAGAGAATCTCGG_014,84
GCTGCCCAAGAGAATCTCGG_015,193
GCTGCCCAAGAGAATCTCGG_016,45
GCTGCCCAAGAGAATCTCGG_017,179
GCTGCCCAAGAGAATCTCGG_018,118
GCTGCCCAAGAGAATCTCGG_019,137
GCTGCCCAAGAGAATCTCGG_020,105
GCTGCCCAAGAGAATCTCGG_021,156
GCTGCCCAAGAGAATCTCGG_022,102
GAATGTTAACTATAAAGTGG_001,144
GAATGTTAACTATAAAGTGG_002,8
GAATGTTAACTATAAAGTGG_003,1
GAATGTTAACTATAAAGTGG_004,48
GAATGTTAACTATAAAGTGG_005,118
TCTTTACCTTCAGAGTCGAG_001,18
TCTTTACCTTCAGAGTCGAG_002,181
TCTTTACCTTCAGAGTCGAG_003,44
TCTTTACCTTCAGAGTCGAG_004,5
GAGCGAGAGAGTAATAAGAG_001,33
GAGCGAGAGAGTAATAAGAG_002,43
GAGCGAGAGAGTAATAAGAG_003,45
GAGCGAGAGAGTAATAAGAG_004,54
GAGCGAGAGAGTAATAAGAG_005,5
GAGCGAGAGAGTAATAAGAG_006,2
GAGCGAGAGAGTAATAAGAG_007,97
GAGCGAGAGAGTAATAAGAG_008,192
GAGCGAGAGAGTAATAAGAG_009,169
GAGCGAGAGAGTAATAAGAG_010,17
AGAGTAATTAAACTCAACGG_001,144
AGAGTAATTAAACTCAACGG_002,79
AGAGTAATTAAACTCAACGG_003,163
AGAGTAATTAAACTCAACGG_004,120
AGAGTAATTAAACTCAACGG_005,105
AGAGTAATTAAACTCAACGG_006,75
AGAGTAATTAAACTCAACGG_007,136
ACCCTAATTCGGATAGAGAG_001,130
ACCCTAATTCGGATAGAGAG_002,81
ACCCTAATTCGGATAGAGAG_003,82
ACCCTAATTCGGATAGAGAG_004,71
ACCCTAATTCGGATAGAGAG_005,131
ACAGGATTAACACTAAATGG_001,181
ACAGGATTAACACTAAATGG_002,147
ACAGGATTAACACTAAATGG_003,13
ACAGGATTAACACTAAATGG_004,185
CCTACCTCGTCAGAGTACAT_001,84
CCTACCTCGTCAGAGTACAT_002,33
CCTACCTCGTCAGAGTACAT_003,44
CCTACCTCGTCAGAGTACAT_004,16
CCTACCTCGTCAGAGTACAT_005,1
CCTACCTCGTCAGAGTACAT_006,105
CCTACCTCGTCAGAGTACAT_007,168
CCTACCTCGTCAGAGTACAT_008,96
CCTACCTCGTCAGAGTACAT_009,20
GACCGTCCCATCAGACAATG_001,163
GACCGTCCCATCAGACAATG_002,163
GACCGTCCCATCAGACAATG_003,174
GACCGTCCCATCAGACAATG_004,158
GACCGTCCCATCAGACAATG_005,9
GACCGTCCCATCAGACAATG_006,146
GACCGTCCCATCAGACAATG_007,160
GACCGTCCCATCAGACAATG_008,184
GACCGTCCCATCAGACAATG_009,173
GACCGTCCCATCAGACAATG_010,100
GACCGTCCCATCAGACAATG_011,178
GGAATTATCTAATTGGCCAG_001,44
AAACCTCACATTGAGACTAG_001,76
AAACCTCACATTGAGACTAG_002,15
AAACCTCACATTGAGACTAG_003,162
AAACCTCACATTGAGACTAG_004,3
AAACCTCACATTGAGACTAG_005,130
AAACCTCACATTGAGACTAG_006,15
AAACCTCACATTGAGACTAG_007,135
AAACCTCACATTGAGACTAG_008,152
AAACCTCACATTGAGACTAG_009,105
AAACCTCACATTGAGACTAG_010,77
AAACCTCACATTGAGACTAG_011,70
AAACCTCACATTGAGACTAG_012,10
AAACCTCACATTGAGACTAG_013,28
AAACCTCACATTGAGACTAG_014,105
AAACCTCACATTGAGACTAG_015,141
AAACCTCACATTGAGACTAG_016,176
GAGGCTCTCTACTCGGTCGT_001,23
GAGGCTCTCTACTCGGTCGT_002,199
GAGGCTCTCTACTCGGTCGT_003,41
GAGGCTCTCTACTCGGTCGT_004,74
GAGGCTCTCTACTCGGTCGT_005,133
GAGGCTCTCTACTCGGTCGT_006,60
GAGGCTCTCTACTCGGTCGT_007,145
GAGGCTCTCTACTCGGTCGT_008,138
GAGGCTCTCTACTCGGTCGT_009,9
GAGGCTCTCTACTCGGTCGT_010,60
GAGGCTCTCTACTCGGTCGT_011,94
GAGGCTCTCTACTCGGTCGT_012,133
GAGGCTCTCTACTCGGTCGT_013,141
GAGGCTCTCTACTCGGTCGT_014,27
GAGGCTCTCTACTCGGTCGT_015,102
GGGAGCAGTAATCACTCTCG_001,197
GGGAGCAGTAATCACTCTCG_002,178
TACTATTCTGTACAAAACTT_001,184
TACTATTCTGTACAAAACTT_002,167
GAGGAATCCAGGCTGAGGAA_001,21
GAGGAATCCAGGCTGAGGAA_002,6
GAGGAATCCAGGCTGAGGAA_003,80
GAGGAATCCAGGCTGAGGAA_004,198
GAGGAATCCAGGCTGAGGAA_005,157
GAGGAATCCAGGCTGAGGAA_006,193
GAGGAATCCAGGCTGAGGAA_007,162
GAGGAATCCAGGCTGAGGAA_008,173
GAGGAATCCAGGCTGAGGAA_009,130
GAGGAATCCAGGCTGAGGAA_010,179
GAGGAATCCAGGCTGAGGAA_011,179
GAGGAATCCAGGCTGAGGAA_012,139
GAGGAATCCAGGCTGAGGAA_013,36
GAGGAATCCAGGCTGAGGAA_014,198
GAGGAATCCAGGCTGAGGAA_015,63
CTGGAAGGGATCTGTCAACG_001,137
CTGGAAGGGATCTGTCAACG_002,127
CTGGAAGGGATCTGTCAACG_003,108
CTGGAAGGGATCTGTCAACG_004,182
CTGGAAGGGATCTGTCAACG_005,88
AGGTGAATACAATTACAGCC_001,46
GTGTGGCGTAGATCCAGCCT_001,1
GTGTGGCGTAGATCCAGCCT_002,195
GTGTGGCGTAGATCCAGCCT_003,48
GTGTGGCGTAGATCCAGCCT_004,32
GTGTGGCGTAGATCCAGCCT_005,181
GTGTGGCGTAGATCCAGCCT_006,16
GTGTGGCGTAGATCCAGCCT_007,116
GTGTGGCGTAGATCCAGCCT_008,76
GTGTGGCGTAGATCCAGCCT_009,149
GTGTGGCGTAGATCCAGCCT_010,88
GTGTGGCGTAGATCCAGCCT_011,121
TACCTGTCCACACAAAATCA_001,3
TACCTGTCCACACAAAATCA_002,102
TACCTGTCCACACAAAATCA_003,125
CCAGTTAATACCATAACCTG_001,150
CCAGTTAATACCATAACCTG_002,127
CCAGTTAATACCATAACCTG_003,29
CCAGTTAATACCATAACCTG_004,5
CCAGTTAATACCATAACCTG_005,64
CCAGTTAATACCATAACCTG_006,22
CCAGTTAATACCATAACCTG_007,104
AGATTGCTGGCAGATAGGAC_001,159
AGATTGCTGGCAGATAGGAC_002,163
AGATTGCTGGCAGATAGGAC_003,181
AGATTGCTGGCAGATAGGAC_004,104
AGATTGCTGGCAGATAGGAC_005,64
AGATTGCTGGCAGATAGGAC_006,120
AGATTGCTGGCAGATAGGAC_007,184
AGATTGCTGGCAGATAGGAC_008,48
AGATTGCTGGCAGATAGGAC_009,45
AGATTGCTGGCAGATAGGAC_010,163
AGATTGCTGGCAGATAGGAC_011,175
AGGTCCCGGAACGACCCCCG_001,82
AGGTCCCGGAACGACCCCCG_002,51
AGGTCCCGGAACGACCCCCG_003,48
AGGTCCCGGAACGACCCCCG_004,70
AGGTCCCGGAACGACCCCCG_005,69
AGGTCCCGGAACGACCCCCG_006,198
AGGTCCCGGAACGACCCCCG_007,38
AGGTCCCGGAACGACCCCCG_008,186
AGGTCCCGGAACGACCCCCG_009,106
AGGTCCCGGAACGACCCCCG_010,57
AGGTCCCGGAACGACCCCCG_011,66
TTGAAATGTCGCATGTATCG_001,127
CTGTACGATCCTTACCACAG_001,125
AGTATCAGGTCAAATTCTCC_001,58
AGTATCAGGTCAAATTCTCC_002,183
AGTATCAGGTCAAATTCTCC_003,83
GGTCATGTACCATCAGCCAT_001,168
GGTCATGTACCATCAGCCAT_002,5
GGTCATGTACCATCAGCCAT_003,182
GGTCATGTACCATCAGCCAT_004,7
GGTCATGTACCATCAGCCAT_005,9
GGTCATGTACCATCAGCCAT_006,89
GGTCATGTACCATCAGCCAT_007,143
GGTCATGTACCATCAGCCAT_008,80
GGTCATGTACCATCAGCCAT_009,108
GGTCATGTACCATCAGCCAT_010,1
GGTCATGTACCATCAGCCAT_011,192
GGTCATGTACCATCAGCCAT_012,180
GGTCATGTACCATCAGCCAT_013,50
GGTCATGTACCATCAGCCAT_014,60
GGTCATGTACCATCAGCCAT_015,121
GGTCATGTACCATCAGCCAT_016,155
AAGGCCTACAAGGATTAACA_001,92
AAGGCCTACAAGGATTAACA_002,60
AAGGCCTACAAGGATTAACA_003,187
AAGGCCTACAAGGATTAACA_004,169
AAGGCCTACAAGGATTAACA_005,197
AAGGCCTACAAGGATTAACA_006,49
TGACAAGCGAGACAGCACTT_001,98
TGACAAGCGAGACAGCACTT_002,108
TGACAAGCGAGACAGCACTT_003,13
TGACAAGCGAGACAGCACTT_004,53
TGACAAGCGAGACAGCACTT_005,128
TGACAAGCGAGACAGCACTT_006,111
ACACCCTTATTCAGCTGGAG_001,15
CATTCCTAAGGACTTTAGTG_001,77
CATTCCTAAGGACTTTAGTG_002,76
CATTCCTAAGGACTTTAGTG_003,165
CATTCCTAAGGACTTTAGTG_004,96
CATTCCTAAGGACTTTAGTG_005,37
CATTCCTAAGGACTTTAGTG_006,177
CATTCCTAAGGACTTTAGTG_007,2
CATTCCTAAGGACTTTAGTG_008,153
CATTCCTAAGGACTTTAGTG_009,126
CATTCCTAAGGACTTTAGTG_010,7
CATTCCTAAGGACTTTAGTG_011,132
CATTCCTAAGGACTTTAGTG_012,6
CATTCCTAAGGACTTTAGTG_013,180
TTTCCAGTAGACGGTCAAGT_001,27
TTTCCAGTAGACGGTCAAGT_002,145
TTTCCAGTAGACGGTCAAGT_003,195
TTTCCAGTAGACGGTCAAGT_004,7
TTTCCAGTAGACGGTCAAGT_005,199
TTTCCAGTAGACGGTCAAGT_006,70
TTTCCAGTAGACGGTCAAGT_007,144
TTTCCAGTAGACGGTCAAGT_008,50
TTTCCAGTAGACGGTCAAGT_009,60
TTTCCAGTAGACGGTCAAGT_010,140
TTTCCAGTAGACGGTCAAGT_011,94
TTTCCAGTAGACGGTCAAGT_012,28
TTTCCAGTAGACGGTCAAGT_013,52
TTTCCAGTAGACGGTCAAGT_014,81
AGCCTCGCGAAGATGATAGG_001,195
AGCCTCGCGAAGATGATAGG_002,45
AGCCTCGCGAAGATGATAGG_003,60
AGCCTCGCGAAGATGATAGG_004,136
AGCCTCGCGAAGATGATAGG_005,1
AGCCTCGCGAAGATGATAGG_006,130
AGCCTCGCGAAGATGATAGG_007,67
AGCCTCGCGAAGATGATAGG_008,175
AGCCTCGCGAAGATGATAGG_009,16
AGCCTCGCGAAGATGATAGG_010,116
AGCCTCGCGAAGATGATAGG_011,104
AGCCTCGCGAAGATGATAGG_012,130
AGCCTCGCGAAGATGATAGG_013,94
AGCCTCGCGAAGATGATAGG_014,43
AGCCTCGCGAAGATGATAGG_015,153
AGCCTCGCGAAGATGATAGG_016,137
TCAGCGTCAAGACCCAGTCT_001,175
TCAGCGTCAAGACCCAGTCT_002,130
TCAGCGTCAAGACCCAGTCT_003,85
TCAGCGTCAAGACCCAGTCT_004,152
TCAGCGTCAAGACCCAGTCT_005,29
TCAGCGTCAAGACCCAGTCT_006,31
TCAGCGTCAAGACCCAGTCT_007,47
TCAGCGTCAAGACCCAGTCT_008,78
TCAGCGTCAAGACCCAGTCT_009,52
ATGCAGTCTGGCATACATCG_001,148
ATGCAGTCTGGCATACATCG_002,92
ATGCAGTCTGGCATACATCG_003,169
AGAACCATTGGTTACTGACG_001,165
AGAACCATTGGTTACTGACG_002,13
GGAGAAGGTTGTCACACTTG_001,153
GGAGAAGGTTGTCACACTTG_002,134
GGAGAAGGTTGTCACACTTG_003,197
GGAGAAGGTTGTCACACTTG_004,182
GGAGAAGGTTGTCACACTTG_005,198
GGAGAAGGTTGTCACACTTG_006,137
GGAGAAGGTTGTCACACTTG_007,136
GGAGAAGGTTGTCACACTTG_008,144
TGAGCTATCACCTATCCTTG_001,12
TGAGCTATCACCTATCCTTG_002,103
TGAGGCTCAGATTAGTAACA_001,118
TGAGGCTCAGATTAGTAACA_002,40
TGAGGCTCAGATTAGTAACA_003,190
TGAGGCTCAGATTAGTAACA_004,137
TGAGGCTCAGATTAGTAACA_005,3
TGAGGCTCAGATTAGTAACA_006,71
TGAGGCTCAGATTAGTAACA_007,92
TGAGGCTCAGATTAGTAACA_008,0
TGAGGCTCAGATTAGTAACA_009,40
ATGTTATAACGAAAACAGAC_001,36
ATGTTATAACGAAAACAGAC_002,72
GAGCGAGTACGAAATACGCA_001,69
GAGCGAGTACGAAATACGCA_002,110
GAGCGAGTACGAAATACGCA_003,39
GGAGGTTCCAAGATATACTC_001,5
GGAGGTTCCAAGATATACTC_002,4
AAAAGATGAAAAAATAGCCT_001,96
AAAAGATGAAAAAATAGCCT_002,38
AAAAGATGAAAAAATAGCCT_003,163
AGCTTGAGTTCTGCCCCCGT_001,49
AGCTTGAGTTCTGCCCCCGT_002,2
AGCTTGAGTTCTGCCCCCGT_003,27
AGCTTGAGTTCTGCCCCCGT_004,49
AGCTTGAGTTCTGCCCCCGT_005,34
AGCTTGAGTTCTGCCCCCGT_006,31
AGCTTGAGTTCTGCCCCCGT_007,198
AGCTTGAGTTCTGCCCCCGT_008,9
AGCTTGAGTTCTGCCCCCGT_009,2
ATGGAGACACACAAAACTGT_001,70
ATGGAGACACACAAAACTGT_002,159
ATGGAGACACACAAAACTGT_003,20
ATGGAGACACACAAAACTGT_004,120
ATGGAGACACACAAAACTGT_005,8
ATGGAGACACACAAAACTGT_006,113
ATGGAGACACACAAAACTGT_007,91
AGACTCACAAACCAAACACG_001,127
AGACTCACAAACCAAACACG_002,116
AGACTCACAAACCAAACACG_003,172
AGACTCACAAACCAAACACG_004,116
AGACTCACAAACCAAACACG_005,68
AGACTCACAAACCAAACACG_006,146
AGACTCACAAACCAAACACG_007,168
TCATGTCTACGAACATAACG_001,123
TCATGTCTACGAACATAACG_002,50
GACAACGACGTGGACCTGCG_001,65
GACAACGACGTGGACCTGCG_002,9
GACAACGACGTGGACCTGCG_003,118
GACAACGACGTGGACCTGCG_004,177
GACAACGACGTGGACCTGCG_005,9
GACAACGACGTGGACCTGCG_006,77
GACAACGACGTGGACCTGCG_007,105
GACAACGACGTGGACCTGCG_008,160
GACAACGACGTGGACCTGCG_009,41
GACAACGACGTGGACCTGCG_010,11
GACAACGACGTGGACCTGCG_011,60
GACAACGACGTGGACCTGCG_012,48
GACAACGACGTGGACCTGCG_013,197
GACAACGACGTGGACCTGCG_014,70
GACAACGACGTGGACCTGCG_015,192
GACAACGACGTGGACCTGCG_016,78
GACAACGACGTGGACCTGCG_017,36
GACAACGACGTGGACCTGCG_018,197
GACAACGACGTGGACCTGCG_019,44
GACAACGACGTGGACCTGCG_020,138
GACAACGACGTGGACCTGCG_021,188
GACAACGACGTGGACCTGCG_022,25
GACAACGACGTGGACCTGCG_023,9
GACAACGACGTGGACCTGCG_024,29
GACAACGACGTGGACCTGCG_025,14
GACAACGACGTGGACCTGCG_026,78
GACAACGACGTGGACCTGCG_027,62
GACAACGACGTGGACCTGCG_028,172
GACAACGACGTGGACCTGCG_029,105
GACAACGACGTGGACCTGCG_030,56
GACAACGACGTGGACCTGCG_031,165
GACAACGACGTGGACCTGCG_032,140
GACAACGACGTGGACCTGCG_033,73
GACAACGACGTGGACCTGCG_034,6
GACAACGACGTGGACCTGCG_035,175
GACAACGACGTGGACCTGCG_036,78
GACAACGACGTGGACCTGCG_037,70
GACAACGACGTGGACCTGCG_038,152
GACAACGACGTGGACCTGCG_039,185
GACAACGACGTGGACCTGCG_040,102
GACAACGACGTGGACCTGCG_041,113
GACAACGACGTGGACCTGCG_042,100
GACAACGACGTGGACCTGCG_043,108
GACAACGACGTGGACCTGCG_044,37
GACAACGACGTGGACCTGCG_045,198
GACAACGACGTGGACCTGCG_046,94
GACAACGACGTGGACCTGCG_047,142
GACAACGACGTGGACCTGCG_048,10
GACAACGACGTGGACCTGCG_049,39
GACAACGACGTGGACCTGCG_050,153
GACAACGACGTGGACCTGCG_051,168
GACAACGACGTGGACCTGCG_052,188
GACAACGACGTGGACCTGCG_053,96
GACAACGACGTGGACCTGCG_054,96
GACAACGACGTGGACCTGCG_055,73
AAAAGTGAGAGAATAAATGG_001,21
AAAAGTGAGAGAATAAATGG_002,92
AAAAGTGAGAGAATAAATGG_003,186
AAAAGTGAGAGAATAAATGG_004,24
AAAAGTGAGAGAATAAATGG_005,125
AAAAGTGAGAGAATAAATGG_006,139
AAAAGTGAGAGAATAAATGG_007,199
AAAAGTGAGAGAATAAATGG_008,127
AAAAGTGAGAGAATAAATGG_009,101
AAAAGTGAGAGAATAAATGG_010,42
AAAAGTGAGAGAATAAATGG_011,168
AAAAGTGAGAGAATAAATGG_012,115
AAAAGTGAGAGAATAAATGG_013,106
AAAAGTGAGAGAATAAATGG_014,70
AAAAGTGAGAGAATAAATGG_015,170
ATTGCGATTCTGGTCACGGT_001,129
ATTGCGATTCTGGTCACGGT_002,14
AAGACTCAGGAACTTTCAAG_001,116
AAGACTCAGGAACTTTCAAG_002,195
TGCTTCTCAACACGAAGATG_001,133
TGCTTCTCAACACGAAGATG_002,194
TGCTTCTCAACACGAAGATG_003,188
TGCTTCTCAACACGAAGATG_004,77
TGCTTCTCAACACGAAGATG_005,17
ACACTCAGGATAGATCACCA_001,27
ACACTCAGGATAGATCACCA_002,102
ACACTCAGGATAGATCACCA_003,176
ACACTCAGGATAGATCACCA_004,152
ACACTCAGGATAGATCACCA_005,175
ACACTCAGGATAGATCACCA_006,172
ACACTCAGGATAGATCACCA_007,181
ACACTCAGGATAGATCACCA_008,153
ACACTCAGGATAGATCACCA_009,94
ACACTCAGGATAGATCACCA_010,186
ACACTCAGGATAGATCACCA_011,192
ACACTCAGGATAGATCACCA_012,113
ACACTCAGGATAGATCACCA_013,109
ACACTCAGGATAGATCACCA_014,168
ACACTCAGGATAGATCACCA_015,69
CTGCTGCAGACTCTGCGGTG_001,48
CTGCTGCAGACTCTGCGGTG_002,70
CTGCTGCAGACTCTGCGGTG_003,19
CTGCTGCAGACTCTGCGGTG_004,133
CTGCTGCAGACTCTGCGGTG_005,55
CTGCTGCAGACTCTGCGGTG_006,129
CTGCTGCAGACTCTGCGGTG_007,137
CTGCTGCAGACTCTGCGGTG_008,39
GCTGGGCTCCAGATAGACAC_001,190
GCTGGGCTCCAGATAGACAC_002,111
GCTGGGCTCCAGATAGACAC_003,108
GCTGGGCTCCAGATAGACAC_004,113
GCTGGGCTCCAGATAGACAC_005,127
GCTGGGCTCCAGATAGACAC_006,50
GCTGGGCTCCAGATAGACAC_007,42
GCTGGGCTCCAGATAGACAC_008,91
TGCTCAGAGTTAGATCCATG_001,6
TGCTCAGAGTTAGATCCATG_002,185
TGCTCAGAGTTAGATCCATG_003,160
TGCTCAGAGTTAGATCCATG_004,146
TGCTCAGAGTTAGATCCATG_005,181
TGCTCAGAGTTAGATCCATG_006,169
TGCTCAGAGTTAGATCCATG_007,22
GGAGGACGCAGACGAGACTG_001,111
GGAGGACGCAGACGAGACTG_002,97
GGAGGACGCAGACGAGACTG_003,166
GGAGGACGCAGACGAGACTG_004,115
GGAGGACGCAGACGAGACTG_005,43
GGAGGACGCAGACGAGACTG_006,28
GGAGGACGCAGACGAGACTG_007,19
GGAGGACGCAGACGAGACTG_008,27
GGAGGACGCAGACGAGACTG_009,141
GGAGGACGCAGACGAGACTG_010,49
GGAGGACGCAGACGAGACTG_011,39
GCAGCTGAGTGAAGCCAGTG_001,174
GCAGCTGAGTGAAGCCAGTG_002,125
GCAGCTGAGTGAAGCCAGTG_003,104
GCAGCTGAGTGAAGCCAGTG_004,169
GCAGCTGAGTGAAGCCAGTG_005,157
GCAGCTGAGTGAAGCCAGTG_006,61
GCAGCTGAGTGAAGCCAGTG_007,94
GCAGCTGAGTGAAGCCAGTG_008,187
GCAGCTGAGTGAAGCCAGTG_009,68
GCAGCTGAGTGAAGCCAGTG_010,56
GCAGCTGAGTGAAGCCAGTG_011,62
GCAGCTGAGTGAAGCCAGTG_012,127
GCAGCTGAGTGAAGCCAGTG_013,52
GCAGCTGAGTGAAGCCAGTG_014,178
TGTGGCTGTTCCGAAGGCTG_001,147
TGTGGCTGTTCCGAAGGCTG_002,51
ATAGCTCTGTCTGCGCACCG_001,5
ATAGCTCTGTCTGCGCACCG_002,140
ATAGCTCTGTCTGCGCACCG_003,41
ATAGCTCTGTCTGCGCACCG_004,160
ATAGCTCTGTCTGCGCACCG_005,50
ATAGCTCTGTCTGCGCACCG_006,1
ATAGCTCTGTCTGCGCACCG_007,88
ATAGCTCTGTCTGCGCACCG_008,70
ATAGCTCTGTCTGCGCACCG_009,169
ATAGCTCTGTCTGCGCACCG_010,150
ATAGCTCTGTCTGCGCACCG_011,126
ATAGCTCTGTCTGCGCACCG_012,119
ATAGCTCTGTCTGCGCACCG_013,106
ATAGCTCTGTCTGCGCACCG_014,172
ATAGCTCTGTCTGCGCACCG_015,142
ATAGCTCTGTCTGCGCACCG_016,142
ATAGCTCTGTCTGCGCACCG_017,144
AGAGGTGATGCCCCTCAAAG_001,32
AGAGGTGATGCCCCTCAAAG_002,21
AGAGGTGATGCCCCTCAAAG_003,127
AGAGGTGATGCCCCTCAAAG_004,118
AGAGGTGATGCCCCTCAAAG_005,153
AGAGGTGATGCCCCTCAAAG_006,134
AGAGGTGATGCCCCTCAAAG_007,127
AGAGGTGATGCCCCTCAAAG_008,93
AGAGGTGATGCCCCTCAAAG_009,150
AGAGGTGATGCCCCTCAAAG_010,27
AGAGGTGATGCCCCTCAAAG_011,3
CCTCGATACCAGATGACTCG_001,44
CCTCGATACCAGATGACTCG_002,87
CCTCGATACCAGATGACTCG_003,70
AGAAATGTAATATTGACAAG_001,44
GTGTATGCAGCATTCTGCCG_001,78
GTGTATGCAGCATTCTGCCG_002,9
GTGTATGCAGCATTCTGCCG_003,32
GTGTATGCAGCATTCTGCCG_004,56
GTGTATGCAGCATTCTGCCG_005,78
ACCCGTGAAGAACTTCATGA_001,178
ACCCGTGAAGAACTTCATGA_002,196
ACCCGTGAAGAACTTCATGA_003,80
ACCCGTGAAGAACTTCATGA_004,11
ACCCGTGAAGAACTTCATGA_005,98
ACCCGTGAAGAACTTCATGA_006,115
ACCCGTGAAGAACTTCATGA_007,71
ACCCGTGAAGAACTTCATGA_008,60
ACCCGTGAAGAACTTCATGA_009,105
ACCCGTGAAGAACTTCATGA_010,167
ACCCGTGAAGAACTTCATGA_011,167
ACCCGTGAAGAACTTCATGA_012,46
ACCCGTGAAGAACTTCATGA_013,160
ACCCGTGAAGAACTTCATGA_014,89
ACCCGTGAAGAACTTCATGA_015,12
ACCCGTGAAGAACTTCATGA_016,138
ACCCGTGAAGAACTTCATGA_017,19
ACCCGTGAAGAACTTCATGA_018,60
ACCCGTGAAGAACTTCATGA_019,176
ACCCGTGAAGAACTTCATGA_020,88
TGTATGTCCCTGCGTCACTG_001,62
TGTATGTCCCTGCGTCACTG_002,27
TGTATGTCCCTGCGTCACTG_003,77
TGTATGTCCCTGCGTCACTG_004,149
TGTATGTCCCTGCGTCACTG_005,185
TGTATGTCCCTGCGTCACTG_006,189
TGTATGTCCCTGCGTCACTG_007,70
TGTATGTCCCTGCGTCACTG_008,194
TGTATGTCCCTGCGTCACTG_009,172
TGTATGTCCCTGCGTCACTG_010,8
TGTATGTCCCTGCGTCACTG_011,17
TGTATGTCCCTGCGTCACTG_012,19
TGTATGTCCCTGCGTCACTG_013,60
TGTATGTCCCTGCGTCACTG_014,191
TGTATGTCCCTGCGTCACTG_015,122
TGTATGTCCCTGCGTCACTG_016,195
TGTATGTCCCTGCGTCACTG_017,181
TGTATGTCCCTGCGTCACTG_018,115
TGTATGTCCCTGCGTCACTG_019,91
TGTATGTCCCTGCGTCACTG_020,29
TGTATGTCCCTGCGTCACTG_021,65
TGTATGTCCCTGCGTCACTG_022,6
TGTATGTCCCTGCGTCACTG_023,77
TGTATGTCCCTGCGTCACTG_024,81
TGTATGTCCCTGCGTCACTG_025,49
TGTATGTCCCTGCGTCACTG_026,43
TGTATGTCCCTGCGTCACTG_027,115
TGTATGTCCCTGCGTCACTG_028,18
TGTATGTCCCTGCGTCACTG_029,114
TGTATGTCCCTGCGTCACTG_030,175
TGTATGTCCCTGCGTCACTG_031,177
TTTCAGCTCCCCAAACTGAG_001,159
TTTCAGCTCCCCAAACTGAG_002,156
TTTCAGCTCCCCAAACTGAG_003,185
TTTCAGCTCCCCAAACTGAG_004,22
TTTCAGCTCCCCAAACTGAG_005,52
TTTCAGCTCCCCAAACTGAG_006,158
TTTCAGCTCCCCAAACTGAG_007,191
TTTCAGCTCCCCAAACTGAG_008,161
TTTCAGCTCCCCAAACTGAG_009,58
TTTCAGCTCCCCAAACTGAG_010,184
TTTCAGCTCCCCAAACTGAG_011,40
TTTCAGCTCCCCAAACTGAG_012,61
TTTCAGCTCCCCAAACTGAG_013,53
TTTCAGCTCCCCAAACTGAG_014,24
TTTCAGCTCCCCAAACTGAG_015,169
TACGTCCAGTCGGCATACAG_001,193
TACGTCCAGTCGGCATACAG_002,190
TACGTCCAGTCGGCATACAG_003,177
TACGTCCAGTCGGCATACAG_004,56
TACGTCCAGTCGGCATACAG_005,169
TACGTCCAGTCGGCATACAG_006,65
TACGTCCAGTCGGCATACAG_007,116
TACGTCCAGTCGGCATACAG_008,42
TACGTCCAGTCGGCATACAG_009,24
TACGTCCAGTCGGCATACAG_010,21
TACGTCCAGTCGGCATACAG_011,4
TACGTCCAGTCGGCATACAG_012,34
TACGTCCAGTCGGCATACAG_013,34
TACGTCCAGTCGGCATACAG_014,29
TACGTCCAGTCGGCATACAG_015,10
AGATGCCGGAGACCTCGAGT_001,189
AGATGCCGGAGACCTCGAGT_002,136
AGATGCCGGAGACCTCGAGT_003,68
AGATGCCGGAGACCTCGAGT_004,73
AGATGCCGGAGACCTCGAGT_005,98
AGATGCCGGAGACCTCGAGT_006,150
AGATGCCGGAGACCTCGAGT_007,16
AGATGCCGGAGACCTCGAGT_008,197
AGATGCCGGAGACCTCGAGT_009,172
AGATGCCGGAGACCTCGAGT_010,121
AGATGCCGGAGACCTCGAGT_011,153
AGATGCCGGAGACCTCGAGT_012,85
AGATGCCGGAGACCTCGAGT_013,146
AGATGCCGGAGACCTCGAGT_014,43
AGATGCCGGAGACCTCGAGT_015,68
AGATGCCGGAGACCTCGAGT_016,108
AGATGCCGGAGACCTCGAGT_017,27
TGTTAACATTGAAGGACCAG_001,177
TGTTAACATTGAAGGACCAG_002,127
TGTTAACATTGAAGGACCAG_003,132
TGTTAACATTGAAGGACCAG_004,145
TGTTAACATTGAAGGACCAG_005,65
TGTTAACATTGAAGGACCAG_006,149
ACTGTGGCCTCACGGAAGCA_001,85
ACTGTGGCCTCACGGAAGCA_002,78
ACTGTGGCCTCACGGAAGCA_003,192
ACTGTGGCCTCACGGAAGCA_004,20
ACTGTGGCCTCACGGAAGCA_005,100
ACTGTGGCCTCACGGAAGCA_006,70
ACTGTGGCCTCACGGAAGCA_007,70
ACTGTGGCCTCACGGAAGCA_008,6
ACTGTGGCCTCACGGAAGCA_009,19
ACTGTGGCCTCACGGAAGCA_010,129
ACTGTGGCCTCACGGAAGCA_011,72
ACTGTGGCCTCACGGAAGCA_012,194
ACTGTGGCCTCACGGAAGCA_013,194
ACTGTGGCCTCACGGAAGCA_014,41
ACTGTGGCCTCACGGAAGCA_015,146
ACTGTGGCCTCACGGAAGCA_016,44
ACTGTGGCCTCACGGAAGCA_017,77
ACTGTGGCCTCACGGAAGCA_018,19
ACTGTGGCCTCACGGAAGCA_019,87
ACTGTGGCCTCACGGAAGCA_020,70
ACTGTGGCCTCACGGAAGCA_021,36
ACTGTGGCCTCACGGAAGCA_022,23
ACTGTGGCCTCACGGAAGCA_023,72
ACTGTGGCCTCACGGAAGCA_024,165
ACTGTGGCCTCACGGAAGCA_025,104
ACTGTGGCCTCACGGAAGCA_026,142
ACTGTGGCCTCACGGAAGCA_027,180
ACTGTGGCCTCACGGAAGCA_028,40
ACTGTGGCCTCACGGAAGCA_029,94
ACTGTGGCCTCACGGAAGCA_030,102
ACTGTGGCCTCACGGAAGCA_031,186
ACTGTGGCCTCACGGAAGCA_032,40
GTACAGAGCATGCAGCACTT_001,127
GTACAGAGCATGCAGCACTT_002,138
GTACAGAGCATGCAGCACTT_003,174
GTACAGAGCATGCAGCACTT_004,56
GTACAGAGCATGCAGCACTT_005,98
GTACAGAGCATGCAGCACTT_006,115
GTACAGAGCATGCAGCACTT_007,175
GTACAGAGCATGCAGCACTT_008,41
TTATAACAGACTACTGTCTG_001,17
TTATAACAGACTACTGTCTG_002,47
TTATAACAGACTACTGTCTG_003,22
TTATAACAGACTACTGTCTG_004,106
TTATAACAGACTACTGTCTG_005,28
TTATAACAGACTACTGTCTG_006,33
TTATAACAGACTACTGTCTG_007,36
TTATAACAGACTACTGTCTG_008,93
TTATAACAGACTACTGTCTG_009,30
TTATAACAGACTACTGTCTG_010,10
TTATAACAGACTACTGTCTG_011,2
TTATAACAGACTACTGTCTG_012,1
CCAGAGCCTTCGTGTCACCA_001,54
CCAGAGCCTTCGTGTCACCA_002,104
CCAGAGCCTTCGTGTCACCA_003,70
CCAGAGCCTTCGTGTCACCA_004,41
CCAGAGCCTTCGTGTCACCA_005,55
CCAGAGCCTTCGTGTCACCA_006,155
CCAGAGCCTTCGTGTCACCA_007,147
CCAGAGCCTTCGTGTCACCA_008,117
CCAGAGCCTTCGTGTCACCA_009,104
CCAGAGCCTTCGTGTCACCA_010,171
CCAGAGCCTTCGTGTCACCA_011,2
CCAGAGCCTTCGTGTCACCA_012,149
CCAGAGCCTTCGTGTCACCA_013,175
CCAGAGCCTTCGTGTCACCA_014,80
CCAGAGCCTTCGTGTCACCA_015,125
CTTTGAGAAGTTCTACATGC_001,105
CTTTGAGAAGTTCTACATGC_002,74
CTTTGAGAAGTTCTACATGC_003,122
AGGATTCATAGAGAGTACCT_001,69
AGGATTCATAGAGAGTACCT_002,94
AGGATTCATAGAGAGTACCT_003,188
AGGATTCATAGAGAGTACCT_004,19
AGGATTCATAGAGAGTACCT_005,127
AGGATTCATAGAGAGTACCT_006,102
AGGATTCATAGAGAGTACCT_007,52
AGGTTTCAGAGCGCAGCCGT_001,188
AGGTTTCAGAGCGCAGCCGT_002,68
AGGTTTCAGAGCGCAGCCGT_003,144
AGGTTTCAGAGCGCAGCCGT_004,109
AGGTTTCAGAGCGCAGCCGT_005,113
AGGTTTCAGAGCGCAGCCGT_006,185
AGGTTTCAGAGCGCAGCCGT_007,105
AGGTTTCAGAGCGCAGCCGT_008,184
AGGTTTCAGAGCGCAGCCGT_009,130
AGGTTTCAGAGCGCAGCCGT_010,9
AGGTTTCAGAGCGCAGCCGT_011,43
AGGTTTCAGAGCGCAGCCGT_012,163
AGGTTTCAGAGCGCAGCCGT_013,2
AGGTTTCAGAGCGCAGCCGT_014,149
AGGTTTCAGAGCGCAGCCGT_015,16
AGGTTTCAGAGCGCAGCCGT_016,27
AGGTTTCAGAGCGCAGCCGT_017,172
AGGTTTCAGAGCGCAGCCGT_018,180
AGGTTTCAGAGCGCAGCCGT_019,174
AGGTTTCAGAGCGCAGCCGT_020,69
GATTGATCGGCAAACACAAG_001,33
GATTGATCGGCAAACACAAG_002,44
GATTGATCGGCAAACACAAG_003,39
GCGGCTGGGGAGACACGCGG_001,56
GCGGCTGGGGAGACACGCGG_002,135
GCGGCTGGGGAGACACGCGG_003,147
GCGGCTGGGGAGACACGCGG_004,190
GCGGCTGGGGAGACACGCGG_005,35
GCGGCTGGGGAGACACGCGG_006,146
GCGGCTGGGGAGACACGCGG_007,77
GCGGCTGGGGAGACACGCGG_008,106
GCGGCTGGGGAGACACGCGG_009,175
GCGGCTGGGGAGACACGCGG_010,106
GCGGCTGGGGAGACACGCGG_011,178
GCGGCTGGGGAGACACGCGG_012,81
GCGGCTGGGGAGACACGCGG_013,185
GCGGCTGGGGAGACACGCGG_014,95
GCGGCTGGGGAGACACGCGG_015,16
GCGGCTGGGGAGACACGCGG_016,102
GCGGCTGGGGAGACACGCGG_017,2
GCGGCTGGGGAGACACGCGG_018,65
GCGGCTGGGGAGACACGCGG_019,59
GCGGCTGGGGAGACACGCGG_020,140
GCGGCTGGGGAGACACGCGG_021,169
GCGGCTGGGGAGACACGCGG_022,137
GCGGCTGGGGAGACACGCGG_023,27
GCGGCTGGGGAGACACGCGG_024,68
GCGGCTGGGGAGACACGCGG_025,82
GCGGCTGGGGAGACACGCGG_026,1
CACGCTGTGTGATCGCAACG_001,72
CACGCTGTGTGATCGCAACG_002,147
CACGCTGTGTGATCGCAACG_003,105
CACGCTGTGTGATCGCAACG_004,169
CACGCTGTGTGATCGCAACG_005,117
CACGCTGTGTGATCGCAACG_006,63
CACGCTGTGTGATCGCAACG_007,188
CACGCTGTGTGATCGCAACG_008,6
CACGCTGTGTGATCGCAACG_009,152
CACGCTGTGTGATCGCAACG_010,118
AGACCCGTCAATTCAGAGGG_001,112
AGACCCGTCAATTCAGAGGG_002,82
AGACCCGTCAATTCAGAGGG_003,92
AGACCCGTCAATTCAGAGGG_004,70
AGACCCGTCAATTCAGAGGG_005,166
AGACCCGTCAATTCAGAGGG_006,57
AGACCCGTCAATTCAGAGGG_007,90
CTTCCCGGACGAGTACGGGC_001,44
CTTCCCGGACGAGTACGGGC_002,98
CTTCCCGGACGAGTACGGGC_003,92
GTTTCCCACAACCCCCAAGA_001,176
GTTTCCCACAACCCCCAAGA_002,45
GTTTCCCACAACCCCCAAGA_003,41
GTTTCCCACAACCCCCAAGA_004,54
GTTTCCCACAACCCCCAAGA_005,62
GTTTCCCACAACCCCCAAGA_006,76
GTTTCCCACAACCCCCAAGA_007,199
GTTTCCCACAACCCCCAAGA_008,143
GTTTCCCACAACCCCCAAGA_009,43
GTTTCCCACAACCCCCAAGA_010,149
GTTTCCCACAACCCCCAAGA_011,118
GACAATATATGATTGATGCA_001,82
CTTAATATCAGCCAACGCCG_001,123
CTTAATATCAGCCAACGCCG_002,98
CTTAATATCAGCCAACGCCG_003,115
CTTAATATCAGCCAACGCCG_004,103
CTTAATATCAGCCAACGCCG_005,26
ATACACAACTATGATGCCAT_001,199
ATACACAACTATGATGCCAT_002,72
CTTCTCGGTAAAGAAGCGTG_001,41
CTTCTCGGTAAAGAAGCGTG_002,151
CTTCTCGGTAAAGAAGCGTG_003,38
CTTCTCGGTAAAGAAGCGTG_004,132
TCTGTATTCTCACTATAGGG_001,88
TCTGTATTCTCACTATAGGG_002,76
TCTGTATTCTCACTATAGGG_003,15
AAAGCGTGTGACAAACTCAG_001,149
AAAGCGTGTGACAAACTCAG_002,2
AAAGCGTGTGACAAACTCAG_003,18
AAAGCGTGTGACAAACTCAG_004,63
AAAGCGTGTGACAAACTCAG_005,20
AAAGCGTGTGACAAACTCAG_006,28
AAAGCGTGTGACAAACTCAG_007,17
AAAGCGTGTGACAAACTCAG_008,170
AAAGCGTGTGACAAACTCAG_009,82
AAAGCGTGTGACAAACTCAG_010,9
ATTGCCCTGGGACCTATGGA_001,116
ATTGCCCTGGGACCTATGGA_002,154
ATTGCCCTGGGACCTATGGA_003,103
ATTGCCCTGGGACCTATGGA_004,78
ATTGCCCTGGGACCTATGGA_005,76
CCATTTGGTACGGTGACAAG_001,47
CCATTTGGTACGGTGACAAG_002,119
CCATTTGGTACGGTGACAAG_003,60
CCATTTGGTACGGTGACAAG_004,182
CCATTTGGTACGGTGACAAG_005,18
CCATTTGGTACGGTGACAAG_006,41
CCATTTGGTACGGTGACAAG_007,2
CCATTTGGTACGGTGACAAG_008,113
CCATTTGGTACGGTGACAAG_009,42
CCATTTGGTACGGTGACAAG_010,148
CCATTTGGTACGGTGACAAG_011,14
CCATTTGGTACGGTGACAAG_012,8
CCATTTGGTACGGTGACAAG_013,13
CCATTTGGTACGGTGACAAG_014,78
TGTGTGGAACGTGAATGAAG_001,191
TGTGTGGAACGTGAATGAAG_002,177
CATTATGATTACCATCAAAG_001,94
GGAAGTCTGTATGCTAGACA_001,154
GGAAGTCTGTATGCTAGACA_002,172
GGAAGTCTGTATGCTAGACA_003,61
GGAAGTCTGTATGCTAGACA_004,161
GGAAGTCTGTATGCTAGACA_005,40
GGAAGTCTGTATGCTAGACA_006,43
ATTGTTGTGGGCATAGCGCA_001,78
ATTGTTGTGGGCATAGCGCA_002,39
GTGATGATGACCTACGCTGA_001,142
GTGATGATGACCTACGCTGA_002,137
GTGATGATGACCTACGCTGA_003,36
GTGATGATGACCTACGCTGA_004,102
GTGATGATGACCTACGCTGA_005,1
CAGGTGGGTGAGGCTAACCA_001,105
CAGGTGGGTGAGGCTAACCA_002,34
CAGGTGGGTGAGGCTAACCA_003,73
CAGGTGGGTGAGGCTAACCA_004,27
CAGGTGGGTGAGGCTAACCA_005,112
CAGGTGGGTGAGGCTAACCA_006,197
CAGGTGGGTGAGGCTAACCA_007,162
CAGGTGGGTGAGGCTAACCA_008,169
CAGGTGGGTGAGGCTAACCA_009,158
CAGGTGGGTGAGGCTAACCA_010,20
CAGGTGGGTGAGGCTAACCA_011,53
CAGGTGGGTGAGGCTAACCA_012,150
CAGGTGGGTGAGGCTAACCA_013,42
CAGGTGGGTGAGGCTAACCA_014,140
CAGGTGGGTGAGGCTAACCA_015,155
CAGGTGGGTGAGGCTAACCA_016,49
CAGGTGGGTGAGGCTAACCA_017,94
CAGGTGGGTGAGGCTAACCA_018,39
CAGGTGGGTGAGGCTAACCA_019,105
CAGGTGGGTGAGGCTAACCA_020,19
CAGGTGGGTGAGGCTAACCA_021,184
CAGGTGGGTGAGGCTAACCA_022,19
CAGGTGGGTGAGGCTAACCA_023,88
CAGGTGGGTGAGGCTAACCA_024,3
GCCGCCGACAAGCAGTACAA_001,60
GCCGCCGACAAGCAGTACAA_002,182
GCCGCCGACAAGCAGTACAA_003,32
GCCGCCGACAAGCAGTACAA_004,62
GCCGCCGACAAGCAGTACAA_005,86
GCCGCCGACAAGCAGTACAA_006,108
GCCGCCGACAAGCAGTACAA_007,178
GCCGCCGACAAGCAGTACAA_008,120
GCCGCCGACAAGCAGTACAA_009,174
GCCGCCGACAAGCAGTACAA_010,18
GCCGCCGACAAGCAGTACAA_011,5
GCCGCCGACAAGCAGTACAA_012,5
GCCGCCGACAAGCAGTACAA_013,122
GCCGCCGACAAGCAGTACAA_014,46
GCCGCCGACAAGCAGTACAA_015,134
GCCGCCGACAAGCAGTACAA_016,134
GCCGCCGACAAGCAGTACAA_017,112
GCCGCCGACAAGCAGTACAA_018,123
GCCGCCGACAAGCAGTACAA_019,162
GCCGCCGACAAGCAGTACAA_020,130
GCCGCCGACAAGCAGTACAA_021,88
GCCGCCGACAAGCAGTACAA_022,107
GCCGCCGACAAGCAGTACAA_023,174
GCCGCCGACAAGCAGTACAA_024,147
GCCGCCGACAAGCAGTACAA_025,158
GCCGCCGACAAGCAGTACAA_026,146
GCCGCCGACAAGCAGTACAA_027,19
GCCGCCGACAAGCAGTACAA_028,63
GCCGCCGACAAGCAGTACAA_029,57
TCTCCAGTTCCAGAGGAACA_001,151
GCAGGGGAAAACATCCAGTG_001,4
GCAGGGGAAAACATCCAGTG_002,130
GCAGGGGAAAACATCCAGTG_003,145
GCAGGGGAAAACATCCAGTG_004,199
GCAGGGGAAAACATCCAGTG_005,116
GCAGGGGAAAACATCCAGTG_006,32
GCAGGGGAAAACATCCAGTG_007,116
GCAGGGGAAAACATCCAGTG_008,117
GCAGGGGAAAACATCCAGTG_009,49
GCAGGGGAAAACATCCAGTG_010,148
GCAGGGGAAAACATCCAGTG_011,169
GCAGGGGAAAACATCCAGTG_012,147
GCAGGGGAAAACATCCAGTG_013,173
GCAGGGGAAAACATCCAGTG_014,69
GCAGGGGAAAACATCCAGTG_015,190
GCAGGGGAAAACATCCAGTG_016,79
GCAGGGGAAAACATCCAGTG_017,183
GCAGGGGAAAACATCCAGTG_018,53
GCAGGGGAAAACATCCAGTG_019,160
GCAGGGGAAAACATCCAGTG_020,26
GCAGGGGAAAACATCCAGTG_021,108
GAAGGAGTCGACTCCAGCGA_001,126
GAAGGAGTCGACTCCAGCGA_002,110
GAAGGAGTCGACTCCAGCGA_003,34
GAAGGAGTCGACTCCAGCGA_004,108
GAAGGAGTCGACTCCAGCGA_005,1
GAAGGAGTCGACTCCAGCGA_006,183
GAAGGAGTCGACTCCAGCGA_007,73
TGTGCAGAGCAGTTAATGCT_001,34
TGTGCAGAGCAGTTAATGCT_002,169
TGTGCAGAGCAGTTAATGCT_003,45
TGTGCAGAGCAGTTAATGCT_004,15
TGTGCAGAGCAGTTAATGCT_005,43
TGTGCAGAGCAGTTAATGCT_006,34
AGAGCCAAAGACCCACTGGA_001,158
AGAGCCAAAGACCCACTGGA_002,142
AGAGCCAAAGACCCACTGGA_003,142
AGAGCCAAAGACCCACTGGA_004,32
AGAGCCAAAGACCCACTGGA_005,163
AGAGCCAAAGACCCACTGGA_006,11
AGAGCCAAAGACCCACTGGA_007,162
AGAGCCAAAGACCCACTGGA_008,75
AGAGCCAAAGACCCACTGGA_009,50
AGAGCCAAAGACCCACTGGA_010,56
AGAGCCAAAGACCCACTGGA_011,113
AGAGCCAAAGACCCACTGGA_012,67
AGAGCCAAAGACCCACTGGA_013,146
AGAGCCAAAGACCCACTGGA_014,170
AGAGCCAAAGACCCACTGGA_015,139
AGAGCCAAAGACCCACTGGA_016,181
AGAGCCAAAGACCCACTGGA_017,174
AGAGCCAAAGACCCACTGGA_018,117
AGAGCCAAAGACCCACTGGA_019,180
AGAGCCAAAGACCCACTGGA_020,152
AGAGCCAAAGACCCACTGGA_021,184
AGAGCCAAAGACCCACTGGA_022,160
ATATCTTCAAATAGCTAACC_001,175
ATATCTTCAAATAGCTAACC_002,175
ATATCTTCAAATAGCTAACC_003,144
ATATCTTCAAATAGCTAACC_004,9
TGGTGGATCCTTCCGTCCCG_001,6
TGGTGGATCCTTCCGTCCCG_002,178
TGGTGGATCCTTCCGTCCCG_003,192
TGGTGGATCCTTCCGTCCCG_004,193
TGGTGGATCCTTCCGTCCCG_005,198
TGGTGGATCCTTCCGTCCCG_006,2
TGGTGGATCCTTCCGTCCCG_007,19
TGGTGGATCCTTCCGTCCCG_008,159
AAATCACCAATGCCTCCTTG_001,139
AAATCACCAATGCCTCCTTG_002,29
AAATCACCAATGCCTCCTTG_003,77
AAATCACCAATGCCTCCTTG_004,49
AAATCACCAATGCCTCCTTG_005,105
AAATCACCAATGCCTCCTTG_006,141
AAATCACCAATGCCTCCTTG_007,34
AAATCACCAATGCCTCCTTG_008,94
AAATCACCAATGCCTCCTTG_009,146
AAATCACCAATGCCTCCTTG_010,65
AAATCACCAATGCCTCCTTG_011,188
AAATCACCAATGCCTCCTTG_012,160
AAATCACCAATGCCTCCTTG_013,191
AAATCACCAATGCCTCCTTG_014,60
AAATCACCAATGCCTCCTTG_015,115
AAATCACCAATGCCTCCTTG_016,40
AAATCACCAATGCCTCCTTG_017,69
AAATCACCAATGCCTCCTTG_018,78
AAATCACCAATGCCTCCTTG_019,140
AAATCACCAATGCCTCCTTG_020,107
AAATCACCAATGCCTCCTTG_021,106
AAATCACCAATGCCTCCTTG_022,138
AAATCACCAATGCCTCCTTG_023,172
AAATCACCAATGCCTCCTTG_024,13
AAATCACCAATGCCTCCTTG_025,91
AAATCACCAATGCCTCCTTG_026,89
TCCTGATAACCAATACGTCA_001,101
TACAGCGATGTCAAGAGAGA_001,160
TACAGCGATGTCAAGAGAGA_002,196
TACAGCGATGTCAAGAGAGA_003,68
TACAGCGATGTCAAGAGAGA_004,142
CTGTTTGAACCACGAACTGG_001,129
CTGTTTGAACCACGAACTGG_002,1
CTGTTTGAACCACGAACTGG_003,162
CTGTTTGAACCACGAACTGG_004,148
CTGTTTGAACCACGAACTGG_005,3
CTGTTTGAACCACGAACTGG_006,37
CTGTTTGAACCACGAACTGG_007,172
TCAGCACCGCGAAAGCCCCA_001,137
TCAGCACCGCGAAAGCCCCA_002,105
TCAGCACCGCGAAAGCCCCA_003,145
TCAGCACCGCGAAAGCCCCA_004,98
TCAGCACCGCGAAAGCCCCA_005,105
TCAGCACCGCGAAAGCCCCA_006,174
TCAGCACCGCGAAAGCCCCA_007,136
TCAGCACCGCGAAAGCCCCA_008,152
TACGTTTGTAAGGTGGAACG_001,112
TACGTTTGTAAGGTGGAACG_002,130
TACGTTTGTAAGGTGGAACG_003,32
TACGTTTGTAAGGTGGAACG_004,53
TACGTTTGTAAGGTGGAACG_005,184
TACGTTTGTAAGGTGGAACG_006,57
TACGTTTGTAAGGTGGAACG_007,157
TACGTTTGTAAGGTGGAACG_008,23
GTAGCTGAATCAATTCCACT_001,42
AGGCCATCAGCTGTGCCTCA_001,82
AGGCCATCAGCTGTGCCTCA_002,165
AGGCCATCAGCTGTGCCTCA_003,116
AGGCCATCAGCTGTGCCTCA_004,41
AGGCCATCAGCTGTGCCTCA_005,108
AGGCCATCAGCTGTGCCTCA_006,89
AGGCCATCAGCTGTGCCTCA_007,130
AGGCCATCAGCTGTGCCTCA_008,94
AGGCCATCAGCTGTGCCTCA_009,24
AGGCCATCAGCTGTGCCTCA_010,137
AGGCCATCAGCTGTGCCTCA_011,32
AGGCCATCAGCTGTGCCTCA_012,17
AGGCCATCAGCTGTGCCTCA_013,116
AGGCCATCAGCTGTGCCTCA_014,157
AGGCCATCAGCTGTGCCTCA_015,84
ATAACCAGTTCTCTCAAGCA_001,58
ATAACCAGTTCTCTCAAGCA_002,144
CCACGTCCGAATCAACCAGA_001,8
CCACGTCCGAATCAACCAGA_002,63
CCACGTCCGAATCAACCAGA_003,102
CCACGTCCGAATCAACCAGA_004,183
CCACGTCCGAATCAACCAGA_005,183
CCACGTCCGAATCAACCAGA_006,4
CCACGTCCGAATCAACCAGA_007,91
CCACGTCCGAATCAACCAGA_008,30
CCACGTCCGAATCAACCAGA_009,119
CCACGTCCGAATCAACCAGA_010,148
CCACGTCCGAATCAACCAGA_011,94
CCACGTCCGAATCAACCAGA_012,10
CCACGTCCGAATCAACCAGA_013,184
CCACGTCCGAATCAACCAGA_014,172
CATGTGTGCAACCATTGGCG_001,108
CATGTGTGCAACCATTGGCG_002,30
CATGTGTGCAACCATTGGCG_003,51
CATGTGTGCAACCATTGGCG_004,25
CATGTGTGCAACCATTGGCG_005,168
CATGTGTGCAACCATTGGCG_006,180
CATGTGTGCAACCATTGGCG_007,105
CATGTGTGCAACCATTGGCG_008,156
CATGTGTGCAACCATTGGCG_009,88
CATGTGTGCAACCATTGGCG_010,105
CATGTGTGCAACCATTGGCG_011,78
TCAGCGCAATGATGAACTCC_001,13
TCAGCGCAATGATGAACTCC_002,170
TCAGCGCAATGATGAACTCC_003,173
TCAGCGCAATGATGAACTCC_004,107
TCAGCGCAATGATGAACTCC_005,194
TCAGCGCAATGATGAACTCC_006,159
TCAGCGCAATGATGAACTCC_007,174
TCAGCGCAATGATGAACTCC_008,88
TGACAGCGCCCACAGCGATG_001,50
TGACAGCGCCCACAGCGATG_002,80
TGACAGCGCCCACAGCGATG_003,157
TGACAGCGCCCACAGCGATG_004,183
TGACAGCGCCCACAGCGATG_005,17
TGACAGCGCCCACAGCGATG_006,197
TGACAGCGCCCACAGCGATG_007,160
TGACAGCGCCCACAGCGATG_008,45
TGACAGCGCCCACAGCGATG_009,87
TGACAGCGCCCACAGCGATG_010,130
TGACAGCGCCCACAGCGATG_011,145
TGACAGCGCCCACAGCGATG_012,81
TGACAGCGCCCACAGCGATG_013,76
TGACAGCGCCCACAGCGATG_014,169
TGACAGCGCCCACAGCGATG_015,48
TGACAGCGCCCACAGCGATG_016,136
TGACAGCGCCCACAGCGATG_017,102
TGACAGCGCCCACAGCGATG_018,75
TGACAGCGCCCACAGCGATG_019,166
TGACAGCGCCCACAGCGATG_020,35
TGACAGCGCCCACAGCGATG_021,127
TGACAGCGCCCACAGCGATG_022,44
TTCAGCTTCGAAAGGCAAGG_001,168
TTCAGCTTCGAAAGGCAAGG_002,42
TTCAGCTTCGAAAGGCAAGG_003,49
TTCAGCTTCGAAAGGCAAGG_004,76
TTCAGCTTCGAAAGGCAAGG_005,139
TTCAGCTTCGAAAGGCAAGG_006,183
TTCAGCTTCGAAAGGCAAGG_007,175
TTCAGCTTCGAAAGGCAAGG_008,20
TTCAGCTTCGAAAGGCAAGG_009,63
TTCAGCTTCGAAAGGCAAGG_010,89
TTCAGCTTCGAAAGGCAAGG_011,154
ACTGTCCAAGGATGAGAGGA_001,34
ACTGTCCAAGGATGAGAGGA_002,28
ACTGTCCAAGGATGAGAGGA_003,193
ACTGTCCAAGGATGAGAGGA_004,4
ACTGTCCAAGGATGAGAGGA_005,130
ACTGTCCAAGGATGAGAGGA_006,68
ACTGTCCAAGGATGAGAGGA_007,42
ACTGTCCAAGGATGAGAGGA_008,83
ACTGTCCAAGGATGAGAGGA_009,41
ACTGTCCAAGGATGAGAGGA_010,10
ACTGTCCAAGGATGAGAGGA_011,114
ACTGTCCAAGGATGAGAGGA_012,114
ACTGTCCAAGGATGAGAGGA_013,107
ACTGTCCAAGGATGAGAGGA_014,169
ACTGTCCAAGGATGAGAGGA_015,72
ACTGTCCAAGGATGAGAGGA_016,19
ACTGTCCAAGGATGAGAGGA_017,17
ACTGTCCAAGGATGAGAGGA_018,119
ACTGTCCAAGGATGAGAGGA_019,78
ACTGTCCAAGGATGAGAGGA_020,168
GACTGCGTAAGATCCCTGGT_001,62
GACTGCGTAAGATCCCTGGT_002,2
GACTGCGTAAGATCCCTGGT_003,199
GACTGCGTAAGATCCCTGGT_004,70
GACTGCGTAAGATCCCTGGT_005,0
GACTGCGTAAGATCCCTGGT_006,91
GACTGCGTAAGATCCCTGGT_007,108
GACTGCGTAAGATCCCTGGT_008,139
GACTGCGTAAGATCCCTGGT_009,100
GACTGCGTAAGATCCCTGGT_010,69
GACTGCGTAAGATCCCTGGT_011,192
GACTGCGTAAGATCCCTGGT_012,98
GACTGCGTAAGATCCCTGGT_013,178
GACTGCGTAAGATCCCTGGT_014,108
GACTGCGTAAGATCCCTGGT_015,33
AGCAGCAAATGTAATTGTGG_001,170
CAGGAAGCAATATAACAACA_001,37
CAGGAAGCAATATAACAACA_002,15
CCTCATCCCGCCTCTAGAGA_001,96
CCTCATCCCGCCTCTAGAGA_002,44
AGTCATATTGGAAAAGCACA_001,198
AGTCATATTGGAAAAGCACA_002,34
AGTCATATTGGAAAAGCACA_003,70
AGTCATATTGGAAAAGCACA_004,62
AGTCATATTGGAAAAGCACA_005,126
AGTCATATTGGAAAAGCACA_006,117
AGTCATATTGGAAAAGCACA_007,78
AGTCATATTGGAAAAGCACA_008,127
AGTCATATTGGAAAAGCACA_009,25
TGCATGACCAGTAATTGCAA_001,191
TGCATGACCAGTAATTGCAA_002,0
AAGGAGAGTAAACCCCAAGC_001,159
AAGGAGAGTAAACCCCAAGC_002,97
AAGGAGAGTAAACCCCAAGC_003,77
AAGGAGAGTAAACCCCAAGC_004,78
AAGGAGAGTAAACCCCAAGC_005,17
GCAGCTGCATCGTCACCAGT_001,188
GCCCTTACCGAAAACGACCA_001,65
GCCCTTACCGAAAACGACCA_002,195
GCCCTTACCGAAAACGACCA_003,1
GCCCTTACCGAAAACGACCA_004,17
GCCCTTACCGAAAACGACCA_005,88
GCCCTTACCGAAAACGACCA_006,125
CTGTATATATAAGAATTGAC_001,78
CTGTATATATAAGAATTGAC_002,1
CTGTATATATAAGAATTGAC_003,102
TGGAGATGCAGCATCTGGGG_001,10
ACAGATACCAAAAAAATCTG_001,180
ACAGATACCAAAAAAATCTG_002,92
ACAGATACCAAAAAAATCTG_003,160
ACAGATACCAAAAAAATCTG_004,117
ACAGATACCAAAAAAATCTG_005,144
ACAGATACCAAAAAAATCTG_006,44
ACAGATACCAAAAAAATCTG_007,5
ACAGATACCAAAAAAATCTG_008,115
ACAGATACCAAAAAAATCTG_009,104
ACAGATACCAAAAAAATCTG_010,138
CGTGAGGCCTTTGAGACCGG_001,12
CGTGAGGCCTTTGAGACCGG_002,111
CGTGAGGCCTTTGAGACCGG_003,105
CGTGAGGCCTTTGAGACCGG_004,89
CGTGAGGCCTTTGAGACCGG_005,92
CGTGAGGCCTTTGAGACCGG_006,36
CGTGAGGCCTTTGAGACCGG_007,155
CGTGAGGCCTTTGAGACCGG_008,176
CGTGAGGCCTTTGAGACCGG_009,187
CGTGAGGCCTTTGAGACCGG_010,163
CGTGAGGCCTTTGAGACCGG_011,17
CGTGAGGCCTTTGAGACCGG_012,17
CGTGAGGCCTTTGAGACCGG_013,19
CGTGAGGCCTTTGAGACCGG_014,5
GTCGCCCCCCAAGATACTGA_001,149
GTCGCCCCCCAAGATACTGA_002,153
GTCGCCCCCCAAGATACTGA_003,32
GTCGCCCCCCAAGATACTGA_004,63
GTCGCCCCCCAAGATACTGA_005,9
GTCGCCCCCCAAGATACTGA_006,161
CAGGAGCACCGAGATTCTTG_001,172
CAGGAGCACCGAGATTCTTG_002,166
CAGGAGCACCGAGATTCTTG_003,58
CAGGAGCACCGAGATTCTTG_004,172
CAGGAGCACCGAGATTCTTG_005,69
CAGGAGCACCGAGATTCTTG_006,148
AAGGTCTTGAGAGCACCTTG_001,19
AAGGTCTTGAGAGCACCTTG_002,169
AAGGTCTTGAGAGCACCTTG_003,94
AAGGTCTTGAGAGCACCTTG_004,191
AAGGTCTTGAGAGCACCTTG_005,120
AAGGTCTTGAGAGCACCTTG_006,114
AAGGTCTTGAGAGCACCTTG_007,102
AAGGTCTTGAGAGCACCTTG_008,68
AAGGTCTTGAGAGCACCTTG_009,168
AAGGTCTTGAGAGCACCTTG_010,60
AAGGTCTTGAGAGCACCTTG_011,32
AAGGTCTTGAGAGCACCTTG_012,180
AAGGTCTTGAGAGCACCTTG_013,198
AAGGTCTTGAGAGCACCTTG_014,94
AAGGTCTTGAGAGCACCTTG_015,70
AAGGTCTTGAGAGCACCTTG_016,11
AAGGTCTTGAGAGCACCTTG_017,106
AAGGTCTTGAGAGCACCTTG_018,77
AAGGTCTTGAGAGCACCTTG_019,48
TGCCACTGTTCAAAATGAAG_001,44
TGCCACTGTTCAAAATGAAG_002,50
TGCCACTGTTCAAAATGAAG_003,193
TGTCCAAAATATTGACAGCC_001,6
TGTCCAAAATATTGACAGCC_002,43
TGTCCAAAATATTGACAGCC_003,40
TGTCCAAAATATTGACAGCC_004,10
ATCCAGAGGACATCGATGGG_001,12
ATCCAGAGGACATCGATGGG_002,162
ATCCAGAGGACATCGATGGG_003,39
ATCCAGAGGACATCGATGGG_004,146
ATCCAGAGGACATCGATGGG_005,56
ATCCAGAGGACATCGATGGG_006,40
ATCCAGAGGACATCGATGGG_007,169
ATCCAGAGGACATCGATGGG_008,180
ATCCAGAGGACATCGATGGG_009,175
ATCCAGAGGACATCGATGGG_010,66
ATCCAGAGGACATCGATGGG_011,31
ATCCAGAGGACATCGATGGG_012,44
ATCCAGAGGACATCGATGGG_013,88
ATCCAGAGGACATCGATGGG_014,94
ATCCAGAGGACATCGATGGG_015,43
ATCCAGAGGACATCGATGGG_016,130
ATCCAGAGGACATCGATGGG_017,77
ATCCAGAGGACATCGATGGG_018,187
ATCCAGAGGACATCGATGGG_019,190
ATCCAGAGGACATCGATGGG_020,94
ATCCAGAGGACATCGATGGG_021,104
ATCCAGAGGACATCGATGGG_022,153
ATCCAGAGGACATCGATGGG_023,93
ATCCAGAGGACATCGATGGG_024,156
ATCCAGAGGACATCGATGGG_025,51
ATCCAGAGGACATCGATGGG_026,170
ATCCAGAGGACATCGATGGG_027,56
ATCCAGAGGACATCGATGGG_028,78
ATCCAGAGGACATCGATGGG_029,184
ATCCAGAGGACATCGATGGG_030,102
ATCCAGAGGACATCGATGGG_031,17
ATCCAGAGGACATCGATGGG_032,49
ATCCAGAGGACATCGATGGG_033,63
ATCCAGAGGACATCGATGGG_034,180
GTCTCCTGGCCATGTGCGCA_001,169
GTCTCCTGGCCATGTGCGCA_002,139
GTCTCCTGGCCATGTGCGCA_003,154
GTCTCCTGGCCATGTGCGCA_004,190
GTCTCCTGGCCATGTGCGCA_005,20
GTCTCCTGGCCATGTGCGCA_006,87
GTCTCCTGGCCATGTGCGCA_007,87
GTCTCCTGGCCATGTGCGCA_008,86
GTCTCCTGGCCATGTGCGCA_009,159
GTCTCCTGGCCATGTGCGCA_010,156
GTCTCCTGGCCATGTGCGCA_011,69
GTCTCCTGGCCATGTGCGCA_012,30
GTCTCCTGGCCATGTGCGCA_013,127
GTCTCCTGGCCATGTGCGCA_014,127
GTCTCCTGGCCATGTGCGCA_015,56
GTCTCCTGGCCATGTGCGCA_016,137
CGAGCATGTAATCAGCCCAA_001,169
CGAGCATGTAATCAGCCCAA_002,49
CGAGCATGTAATCAGCCCAA_003,46
CGAGCATGTAATCAGCCCAA_004,144
CGAGCATGTAATCAGCCCAA_005,49
GTTGGTGAAAGCACAAGCCC_001,40
GTTGGTGAAAGCACAAGCCC_002,119
GTTGGTGAAAGCACAAGCCC_003,119
GTTGGTGAAAGCACAAGCCC_004,141
GTTGGTGAAAGCACAAGCCC_005,23
GTTGGTGAAAGCACAAGCCC_006,92
GTTGGTGAAAGCACAAGCCC_007,48
GTTGGTGAAAGCACAAGCCC_008,34
GTTGGTGAAAGCACAAGCCC_009,152
CCGGGATGAACTGCTCCAGT_001,36
CCGGGATGAACTGCTCCAGT_002,178
CCGGGATGAACTGCTCCAGT_003,40
CAGCTGCCAGACATCCTATG_001,167
CAGCTGCCAGACATCCTATG_002,70
CAGCTGCCAGACATCCTATG_003,137
CAGCTGCCAGACATCCTATG_004,147
CAGCTGCCAGACATCCTATG_005,105
CAGCTGCCAGACATCCTATG_006,58
CAGCTGCCAGACATCCTATG_007,105
CAGCTGCCAGACATCCTATG_008,48
CAGCTGCCAGACATCCTATG_009,94
CAGCTGCCAGACATCCTATG_010,16
CAGCTGCCAGACATCCTATG_011,56
CAGCTGCCAGACATCCTATG_012,170
GAATCTGTCGGAGAATATCG_001,117
GAATCTGTCGGAGAATATCG_002,141
GAATCTGTCGGAGAATATCG_003,172
GAATCTGTCGGAGAATATCG_004,107
GAATCTGTCGGAGAATATCG_005,101
GAATCTGTCGGAGAATATCG_006,61
GAATCTGTCGGAGAATATCG_007,1
CTTAACACTTTAGTGCGTCA_001,168
CTTAACACTTTAGTGCGTCA_002,31
CTTAACACTTTAGTGCGTCA_003,162
CTTAACACTTTAGTGCGTCA_004,29
CTTAACACTTTAGTGCGTCA_005,55
CTTAACACTTTAGTGCGTCA_006,187
CTTAACACTTTAGTGCGTCA_007,88
CTTAACACTTTAGTGCGTCA_008,110
CTTAACACTTTAGTGCGTCA_009,117
CTTAACACTTTAGTGCGTCA_010,168
CTTAACACTTTAGTGCGTCA_011,106
CTTAACACTTTAGTGCGTCA_012,1
CTTAACACTTTAGTGCGTCA_013,0
CTTAACACTTTAGTGCGTCA_014,102
CTTAACACTTTAGTGCGTCA_015,2
CTTAACACTTTAGTGCGTCA_016,41
CTTAACACTTTAGTGCGTCA_017,56
CTTAACACTTTAGTGCGTCA_018,164
CTTAACACTTTAGTGCGTCA_019,75
CTTAACACTTTAGTGCGTCA_020,94
GAGCAAAAAGAGTTCGCCCA_001,149
GAGCAAAAAGAGTTCGCCCA_002,169
GAGCAAAAAGAGTTCGCCCA_003,17
GAGCAAAAAGAGTTCGCCCA_004,188
GAGCAAAAAGAGTTCGCCCA_005,19
GAGCAAAAAGAGTTCGCCCA_006,38
GAGCAAAAAGAGTTCGCCCA_007,166
GAGCAAAAAGAGTTCGCCCA_008,62
GAGCAAAAAGAGTTCGCCCA_009,62
GAGCAAAAAGAGTTCGCCCA_010,168
GAGCAAAAAGAGTTCGCCCA_011,60
GGAGCCCGACAGCTTAGACG_001,162
GGAGCCCGACAGCTTAGACG_002,48
GGAGCCCGACAGCTTAGACG_003,146
GGAGCCCGACAGCTTAGACG_004,119
GGAGCCCGACAGCTTAGACG_005,49
GGAGCCCGACAGCTTAGACG_006,17
GGAGCCCGACAGCTTAGACG_007,40
GGAGCCCGACAGCTTAGACG_008,130
GGGCAGCGACCGACTCAACG_001,197
GGGCAGCGACCGACTCAACG_002,65
GGGCAGCGACCGACTCAACG_003,28
GGGCAGCGACCGACTCAACG_004,88
GGGCAGCGACCGACTCAACG_005,142
GGGCAGCGACCGACTCAACG_006,115
GGGCAGCGACCGACTCAACG_007,80
GGGCAGCGACCGACTCAACG_008,28
GAAGAATCCCCACAGCAGAC_001,181
GAAGAATCCCCACAGCAGAC_002,10
GAAGAATCCCCACAGCAGAC_003,178
GAAGAATCCCCACAGCAGAC_004,80
GAAGAATCCCCACAGCAGAC_005,144
GAAGAATCCCCACAGCAGAC_006,82
CCATGCCTCACGCTTCATGG_001,189
CCATGCCTCACGCTTCATGG_002,90
CCATGCCTCACGCTTCATGG_003,33
CCATGCCTCACGCTTCATGG_004,72
CCATGCCTCACGCTTCATGG_005,3
AGCGCTCAAACCAGACGTGT_001,176
AGCGCTCAAACCAGACGTGT_002,27
AGCGCTCAAACCAGACGTGT_003,160
AGCGCTCAAACCAGACGTGT_004,103
AGCGCTCAAACCAGACGTGT_005,141
AGCGCTCAAACCAGACGTGT_006,12
AGCGCTCAAACCAGACGTGT_007,62
AGCGCTCAAACCAGACGTGT_008,138
AGCGCTCAAACCAGACGTGT_009,18
GCATCCCTGTAGAAACACAC_001,199
GCATCCCTGTAGAAACACAC_002,41
GCATCCCTGTAGAAACACAC_003,86
GCATCCCTGTAGAAACACAC_004,10
GCATCCCTGTAGAAACACAC_005,114
GCATCCCTGTAGAAACACAC_006,77
GCCAAAAGCTTTAATAACTG_001,158
GCCAAAAGCTTTAATAACTG_002,38
GCCAAAAGCTTTAATAACTG_003,183
GCCAAAAGCTTTAATAACTG_004,114
CCTGGGAACCCCGGTCACAA_001,137
CCTGGGAACCCCGGTCACAA_002,130
CCTGGGAACCCCGGTCACAA_003,63
CCTGGGAACCCCGGTCACAA_004,106
CCTGGGAACCCCGGTCACAA_005,162
CCTGGGAACCCCGGTCACAA_006,92
CCTGGGAACCCCGGTCACAA_007,83
CCTGGGAACCCCGGTCACAA_008,6
CCTGGGAACCCCGGTCACAA_009,162
CCTGGGAACCCCGGTCACAA_010,141
CCTGGGAACCCCGGTCACAA_011,92
CCTGGGAACCCCGGTCACAA_012,0
CCTGGGAACCCCGGTCACAA_013,150
CCTGGGAACCCCGGTCACAA_014,116
CCTGGGAACCCCGGTCACAA_015,48
CCTGGGAACCCCGGTCACAA_016,27
GGTGTACCCACAGGCAGACA_001,161
GGTGTACCCACAGGCAGACA_002,184
GGTGTACCCACAGGCAGACA_003,80
GGTGTACCCACAGGCAGACA_004,67
GGTGTACCCACAGGCAGACA_005,41
GGTGTACCCACAGGCAGACA_006,121
GGTGTACCCACAGGCAGACA_007,65
GGTGTACCCACAGGCAGACA_008,145
GGTGTACCCACAGGCAGACA_009,78
GGTGTACCCACAGGCAGACA_010,149
GGTGTACCCACAGGCAGACA_011,78
GGTGTACCCACAGGCAGACA_012,103
GGTGTACCCACAGGCAGACA_013,15
GGTGTACCCACAGGCAGACA_014,149
GGTGTACCCACAGGCAGACA_015,130
GGTGTACCCACAGGCAGACA_016,40
GGTGTACCCACAGGCAGACA_017,1
GGTGTACCCACAGGCAGACA_018,150
GGTGTACCCACAGGCAGACA_019,84
TGGTACTGGGCGAACGAGAA_001,64
TGGTACTGGGCGAACGAGAA_002,81
TGGTACTGGGCGAACGAGAA_003,10
AGTTACAACCACCCCATCCG_001,64
AGTTACAACCACCCCATCCG_002,78
AGTTACAACCACCCCATCCG_003,2
AGTTACAACCACCCCATCCG_004,199
AGTTACAACCACCCCATCCG_005,14
AGTTACAACCACCCCATCCG_006,53
AGTTACAACCACCCCATCCG_007,8
AGTTACAACCACCCCATCCG_008,106
AGTTACAACCACCCCATCCG_009,112
AGTTACAACCACCCCATCCG_010,28
AGTTACAACCACCCCATCCG_011,71
AGTTACAACCACCCCATCCG_012,30
AGTTACAACCACCCCATCCG_013,178
AGTTACAACCACCCCATCCG_014,178
AGTTACAACCACCCCATCCG_015,110
AGTTACAACCACCCCATCCG_016,172
AGTTACAACCACCCCATCCG_017,154
AGTTACAACCACCCCATCCG_018,178
AGTTACAACCACCCCATCCG_019,20
AGTTACAACCACCCCATCCG_020,46
AGTTACAACCACCCCATCCG_021,60
AGTTACAACCACCCCATCCG_022,94
AGTTACAACCACCCCATCCG_023,94
AGTTACAACCACCCCATCCG_024,14
AGTTACAACCACCCCATCCG_025,12
AGTTACAACCACCCCATCCG_026,170
AGTTACAACCACCCCATCCG_027,144
AGTTACAACCACCCCATCCG_028,70
AGTTACAACCACCCCATCCG_029,153
AGTTACAACCACCCCATCCG_030,158
AGTTACAACCACCCCATCCG_031,138
AGTTACAACCACCCCATCCG_032,22
TGAGGATCATGTCGAGCGCC_001,106
TGAGGATCATGTCGAGCGCC_002,118
TGAGGATCATGTCGAGCGCC_003,160
AGTTGTTGGTGTCCTGCAGG_001,88
AGTTGTTGGTGTCCTGCAGG_002,170
AGTTGTTGGTGTCCTGCAGG_003,60
AGTTGTTGGTGTCCTGCAGG_004,48
AGTTGTTGGTGTCCTGCAGG_005,172
AGTTGTTGGTGTCCTGCAGG_006,199
ATAAGCATCATAAAGCCGAG_001,198
ATAAGCATCATAAAGCCGAG_002,15
ATAAGCATCATAAAGCCGAG_003,55
ATAAGCATCATAAAGCCGAG_004,127
ATAAGCATCATAAAGCCGAG_005,94
ATAAGCATCATAAAGCCGAG_006,50
ATAAGCATCATAAAGCCGAG_007,169
ATAAGCATCATAAAGCCGAG_008,131
ATAAGCATCATAAAGCCGAG_009,84
ATAAGCATCATAAAGCCGAG_010,119
ATAAGCATCATAAAGCCGAG_011,163
ATAAGCATCATAAAGCCGAG_012,44
ATAAGCATCATAAAGCCGAG_013,40
ATAAGCATCATAAAGCCGAG_014,4
CCTTCTTCTTCGGGTCACTG_001,36
CCTTCTTCTTCGGGTCACTG_002,196
CCTTCTTCTTCGGGTCACTG_003,183
CCTTCTTCTTCGGGTCACTG_004,47
CCTTCTTCTTCGGGTCACTG_005,188
CCTTCTTCTTCGGGTCACTG_006,136
CCTTCTTCTTCGGGTCACTG_007,168
GACTGCCGAGTAATAGCCAG_001,156
GACTGCCGAGTAATAGCCAG_002,89
GACTGCCGAGTAATAGCCAG_003,106
GACTGCCGAGTAATAGCCAG_004,172
GACTGCCGAGTAATAGCCAG_005,50
GACTGCCGAGTAATAGCCAG_006,31
GACTGCCGAGTAATAGCCAG_007,15
GACTGCCGAGTAATAGCCAG_008,25
GACTGCCGAGTAATAGCCAG_009,160
GACTGCCGAGTAATAGCCAG_010,144
GACTGCCGAGTAATAGCCAG_011,102
GACTGCCGAGTAATAGCCAG_012,63
GACTGCCGAGTAATAGCCAG_013,81
TGTGGGCAGCAAGCTGACTG_001,2
TGTGGGCAGCAAGCTGACTG_002,153
TGTGGGCAGCAAGCTGACTG_003,151
TGTGGGCAGCAAGCTGACTG_004,50
TGTGGGCAGCAAGCTGACTG_005,96
TGTGGGCAGCAAGCTGACTG_006,69
TGTGGGCAGCAAGCTGACTG_007,115
TGTGGGCAGCAAGCTGACTG_008,197
TGTGGGCAGCAAGCTGACTG_009,178
TAAAAGAGGTGCAAACTGTG_001,135
TAAAAGAGGTGCAAACTGTG_002,170
TAAAAGAGGTGCAAACTGTG_003,70
TAAAAGAGGTGCAAACTGTG_004,68
TAAAAGAGGTGCAAACTGTG_005,83
TAAAAGAGGTGCAAACTGTG_006,43
TAAAAGAGGTGCAAACTGTG_007,161
TAAAAGAGGTGCAAACTGTG_008,47
TAAAAGAGGTGCAAACTGTG_009,169
TAAAAGAGGTGCAAACTGTG_010,47
TAAAAGAGGTGCAAACTGTG_011,60
TAAAAGAGGTGCAAACTGTG_012,177
GACCACCGTCGACATTAGAA_001,88
GACCACCGTCGACATTAGAA_002,188
GACCACCGTCGACATTAGAA_003,150
GACCACCGTCGACATTAGAA_004,42
GACCACCGTCGACATTAGAA_005,147
GACCACCGTCGACATTAGAA_006,50
GACCACCGTCGACATTAGAA_007,174
GACCACCGTCGACATTAGAA_008,130
GACCACCGTCGACATTAGAA_009,175
GACCACCGTCGACATTAGAA_010,169
GACCACCGTCGACATTAGAA_011,88
CAAGATTCGAAAGATCATTG_001,88
CAAGATTCGAAAGATCATTG_002,2
AGCTAAAATCTGTAAGATGA_001,162
AGCTAAAATCTGTAAGATGA_002,49
AGCTAAAATCTGTAAGATGA_003,8
AGCTAAAATCTGTAAGATGA_004,171
CAACAAAGAAAATAGCAGCA_001,72
CAACAAAGAAAATAGCAGCA_002,137
CAACAAAGAAAATAGCAGCA_003,83
CAACAAAGAAAATAGCAGCA_004,40
CAACAAAGAAAATAGCAGCA_005,82
CAACAAAGAAAATAGCAGCA_006,9
CAACAAAGAAAATAGCAGCA_007,9
CAACAAAGAAAATAGCAGCA_008,176
CAACAAAGAAAATAGCAGCA_009,160
CAACAAAGAAAATAGCAGCA_010,19
CAACAAAGAAAATAGCAGCA_011,17
CAACAAAGAAAATAGCAGCA_012,120
CAACAAAGAAAATAGCAGCA_013,89
CCATGCCCAGCCTACCACGA_001,83
CCATGCCCAGCCTACCACGA_002,48
CCATGCCCAGCCTACCACGA_003,124
CCATGCCCAGCCTACCACGA_004,42
CCATGCCCAGCCTACCACGA_005,68
CCATGCCCAGCCTACCACGA_006,166
CCATGCCCAGCCTACCACGA_007,28
CCATGCCCAGCCTACCACGA_008,145
CCATGCCCAGCCTACCACGA_009,96
CCATGCCCAGCCTACCACGA_010,153
CCATGCCCAGCCTACCACGA_011,105
CCATGCCCAGCCTACCACGA_012,162
CCATGCCCAGCCTACCACGA_013,76
CCATGCCCAGCCTACCACGA_014,1
CCATGCCCAGCCTACCACGA_015,20
CCATGCCCAGCCTACCACGA_016,8
CCATGCCCAGCCTACCACGA_017,2
CCATGCCCAGCCTACCACGA_018,23
CCATGCCCAGCCTACCACGA_019,23
AGGAAGGCCGAGTACTCGGT_001,8
AGGAAGGCCGAGTACTCGGT_002,157
AGGAAGGCCGAGTACTCGGT_003,105
AGGAAGGCCGAGTACTCGGT_004,18
AGGAAGGCCGAGTACTCGGT_005,37
AGGAAGGCCGAGTACTCGGT_006,88
CACTGAGCAGCACCGCACAG_001,28
CACTGAGCAGCACCGCACAG_002,162
CACTGAGCAGCACCGCACAG_003,117
CACTGAGCAGCACCGCACAG_004,5
CACTGAGCAGCACCGCACAG_005,44
CACTGAGCAGCACCGCACAG_006,110
CACTGAGCAGCACCGCACAG_007,82
CACTGAGCAGCACCGCACAG_008,187
CACTGAGCAGCACCGCACAG_009,81
CACTGAGCAGCACCGCACAG_010,148
GGAGGAGCCAGCGGTCCAGG_001,55
GGAGGAGCCAGCGGTCCAGG_002,91
GGAGGAGCCAGCGGTCCAGG_003,137
GGAGGAGCCAGCGGTCCAGG_004,69
GGAGGAGCCAGCGGTCCAGG_005,58
GGAGGAGCCAGCGGTCCAGG_006,114
GGAGGAGCCAGCGGTCCAGG_007,32
GGAGGAGCCAGCGGTCCAGG_008,7
GGAGGAGCCAGCGGTCCAGG_009,48
GGAGGAGCCAGCGGTCCAGG_010,7
GGAGGAGCCAGCGGTCCAGG_011,17
GGAGGAGCCAGCGGTCCAGG_012,180
GGAGGAGCCAGCGGTCCAGG_013,91
GGAGGAGCCAGCGGTCCAGG_014,133
GGAGGAGCCAGCGGTCCAGG_015,168
GGAGGAGCCAGCGGTCCAGG_016,33
GGAGGAGCCAGCGGTCCAGG_017,19
GGAGGAGCCAGCGGTCCAGG_018,81
GGAGGAGCCAGCGGTCCAGG_019,27
GGAGGAGCCAGCGGTCCAGG_020,77
GGAGGAGCCAGCGGTCCAGG_021,152
GGAGGAGCCAGCGGTCCAGG_022,50
GGATGGGGTACACACCCGAG_001,63
GGATGGGGTACACACCCGAG_002,12
GGATGGGGTACACACCCGAG_003,106
GGATGGGGTACACACCCGAG_004,15
GGATGGGGTACACACCCGAG_005,148
GGATGGGGTACACACCCGAG_006,141
GGATGGGGTACACACCCGAG_007,41
GGATGGGGTACACACCCGAG_008,113
GGATGGGGTACACACCCGAG_009,9
GGATGGGGTACACACCCGAG_010,52
CAGTACTGCAGTGACCACAC_001,195
CAGTACTGCAGTGACCACAC_002,92
CAGTACTGCAGTGACCACAC_003,118
CAGTACTGCAGTGACCACAC_004,145
CAGTACTGCAGTGACCACAC_005,103
CAGTACTGCAGTGACCACAC_006,175
CAGTACTGCAGTGACCACAC_007,62
CAGTACTGCAGTGACCACAC_008,196
CAGTACTGCAGTGACCACAC_009,48
CAGTACTGCAGTGACCACAC_010,94
CAGTACTGCAGTGACCACAC_011,98
CAGTACTGCAGTGACCACAC_012,182
CAGTACTGCAGTGACCACAC_013,182
CAGTACTGCAGTGACCACAC_014,170
CAGTACTGCAGTGACCACAC_015,123
CCACACTGGTCATCGTAACG_001,44
CCACACTGGTCATCGTAACG_002,160
AGCTTGCCGTCACTGCTGCG_001,193
AGCTTGCCGTCACTGCTGCG_002,103
AGCTTGCCGTCACTGCTGCG_003,26
AGCTTGCCGTCACTGCTGCG_004,104
AGCTTGCCGTCACTGCTGCG_005,157
AGCTTGCCGTCACTGCTGCG_006,149
AGCTTGCCGTCACTGCTGCG_007,69
AGCTTGCCGTCACTGCTGCG_008,38
AGCTTGCCGTCACTGCTGCG_009,116
AGCTTGCCGTCACTGCTGCG_010,120
AGCTTGCCGTCACTGCTGCG_011,16
AGCTTGCCGTCACTGCTGCG_012,12
AGCTTGCCGTCACTGCTGCG_013,42
AGCTTGCCGTCACTGCTGCG_014,172
AGCTTGCCGTCACTGCTGCG_015,23
AGCTTGCCGTCACTGCTGCG_016,81
TATGGATTGCACCTACAACC_001,199
TGGAGTAAGGGCCAAAATAA_001,145
TGGAGTAAGGGCCAAAATAA_002,12
TGGAGTAAGGGCCAAAATAA_003,53
TGGAGTAAGGGCCAAAATAA_004,17
TGGAGTAAGGGCCAAAATAA_005,58
TGGAGTAAGGGCCAAAATAA_006,23
TGGAGTAAGGGCCAAAATAA_007,144
TGGCTGACAGTGTACACGGG_001,16
TGGCTGACAGTGTACACGGG_002,198
TGGCTGACAGTGTACACGGG_003,188
TGGCTGACAGTGTACACGGG_004,177
TGGCTGACAGTGTACACGGG_005,144
TGGCTGACAGTGTACACGGG_006,183
TGGCTGACAGTGTACACGGG_007,29
TGGCTGACAGTGTACACGGG_008,91
TGGCTGACAGTGTACACGGG_009,61
TGGCTGACAGTGTACACGGG_010,83
AGGTAGTGGTTTCATTCCAG_001,145
AGGTAGTGGTTTCATTCCAG_002,184
AGGTAGTGGTTTCATTCCAG_003,145
AGGTAGTGGTTTCATTCCAG_004,183
AGGTAGTGGTTTCATTCCAG_005,5
AGGTAGTGGTTTCATTCCAG_006,17
AGGTAGTGGTTTCATTCCAG_007,27
AGGTAGTGGTTTCATTCCAG_008,50
AAAGGCTTTCCGTAGGAGTG_001,89
AAAGGCTTTCCGTAGGAGTG_002,56
AAAGGCTTTCCGTAGGAGTG_003,116
AAAGGCTTTCCGTAGGAGTG_004,85
AAAGGCTTTCCGTAGGAGTG_005,181
AAAGGCTTTCCGTAGGAGTG_006,11
AAAGGCTTTCCGTAGGAGTG_007,129
AAAGGCTTTCCGTAGGAGTG_008,181
AAAGGCTTTCCGTAGGAGTG_009,117
AAAGGCTTTCCGTAGGAGTG_010,61
AAAGGCTTTCCGTAGGAGTG_011,145
AAAGGCTTTCCGTAGGAGTG_012,0
AAAGGCTTTCCGTAGGAGTG_013,181
AAAGGCTTTCCGTAGGAGTG_014,100
AAAGGCTTTCCGTAGGAGTG_015,169
AAAGGCTTTCCGTAGGAGTG_016,147
AAAGGCTTTCCGTAGGAGTG_017,199
AAAGGCTTTCCGTAGGAGTG_018,81
AAAGGCTTTCCGTAGGAGTG_019,147
AAAGGCTTTCCGTAGGAGTG_020,88
AAAGGCTTTCCGTAGGAGTG_021,62
AAAGGCTTTCCGTAGGAGTG_022,40
AAAGGCTTTCCGTAGGAGTG_023,179
AAAGGCTTTCCGTAGGAGTG_024,119
AAAGGCTTTCCGTAGGAGTG_025,57
AAGCGACAGATGGTTTCACC_001,60
AAGCGACAGATGGTTTCACC_002,191
AAGCGACAGATGGTTTCACC_003,36
AAGCGACAGATGGTTTCACC_004,88
AAGCGACAGATGGTTTCACC_005,170
AAGCGACAGATGGTTTCACC_006,171
AAGCGACAGATGGTTTCACC_007,107
AAGCGACAGATGGTTTCACC_008,2
AAGCGACAGATGGTTTCACC_009,41
AAGCGACAGATGGTTTCACC_010,34
AAGCGACAGATGGTTTCACC_011,188
AAGCGACAGATGGTTTCACC_012,4
AAGCGACAGATGGTTTCACC_013,104
AAGCGACAGATGGTTTCACC_014,106
CGAATGCGGTGCTACAACTG_001,68
GCTCAACAACAACACAACGC_001,162
GCTCAACAACAACACAACGC_002,19
GCTCAACAACAACACAACGC_003,92
GCTCAACAACAACACAACGC_004,78
GCTCAACAACAACACAACGC_005,160
GCTCTGGCTTCCTCCACCAA_001,50
GCTCTGGCTTCCTCCACCAA_002,24
GCTCTGGCTTCCTCCACCAA_003,141
GCTCTGGCTTCCTCCACCAA_004,76
GCTCTGGCTTCCTCCACCAA_005,8
GCTCTGGCTTCCTCCACCAA_006,43
GCTCTGGCTTCCTCCACCAA_007,104
GCTCTGGCTTCCTCCACCAA_008,141
GCTCTGGCTTCCTCCACCAA_009,180
AGTTCCAGGTTAGTGTGAGT_001,26
AGTTCCAGGTTAGTGTGAGT_002,9
AGTTCCAGGTTAGTGTGAGT_003,140
AGTTCCAGGTTAGTGTGAGT_004,146
AGTTCCAGGTTAGTGTGAGT_005,17
AGTTCCAGGTTAGTGTGAGT_006,157
AGTTCCAGGTTAGTGTGAGT_007,38
AGTTCCAGGTTAGTGTGAGT_008,88
AGTTCCAGGTTAGTGTGAGT_009,115
AGTTCCAGGTTAGTGTGAGT_010,133
AGTTCCAGGTTAGTGTGAGT_011,40
AGTTCCAGGTTAGTGTGAGT_012,8
AGTTCCAGGTTAGTGTGAGT_013,80
AGTTCCAGGTTAGTGTGAGT_014,64
AGTTCCAGGTTAGTGTGAGT_015,60
AGTTCCAGGTTAGTGTGAGT_016,157
AGTTCCAGGTTAGTGTGAGT_017,167
AGTTCCAGGTTAGTGTGAGT_018,120
AGTTCCAGGTTAGTGTGAGT_019,84
AGTTCCAGGTTAGTGTGAGT_020,2
AGTTCCAGGTTAGTGTGAGT_021,62
AGTTCCAGGTTAGTGTGAGT_022,70
GATCGGCAGGAGTTCCCATG_001,64
GATCGGCAGGAGTTCCCATG_002,146
GATCGGCAGGAGTTCCCATG_003,116
GATCGGCAGGAGTTCCCATG_004,24
GATCGGCAGGAGTTCCCATG_005,8
GATCGGCAGGAGTTCCCATG_006,168
GATCGGCAGGAGTTCCCATG_007,151
GATCGGCAGGAGTTCCCATG_008,162
GATCGGCAGGAGTTCCCATG_009,175
GATCGGCAGGAGTTCCCATG_010,88
GATCGGCAGGAGTTCCCATG_011,198
GATCGGCAGGAGTTCCCATG_012,197
GATCGGCAGGAGTTCCCATG_013,88
GATCGGCAGGAGTTCCCATG_014,44
GATCGGCAGGAGTTCCCATG_015,132
GATCGGCAGGAGTTCCCATG_016,47
GATCGGCAGGAGTTCCCATG_017,185
GATCGGCAGGAGTTCCCATG_018,95
GATCGGCAGGAGTTCCCATG_019,38
GATCGGCAGGAGTTCCCATG_020,117
GATCGGCAGGAGTTCCCATG_021,17
GATCGGCAGGAGTTCCCATG_022,152
GATCGGCAGGAGTTCCCATG_023,188
GATCGGCAGGAGTTCCCATG_024,77
GATCGGCAGGAGTTCCCATG_025,105
GAAATGTCCACACTGTAACA_001,147
GAAATGTCCACACTGTAACA_002,181
GAAATGTCCACACTGTAACA_003,77
GAAATGTCCACACTGTAACA_004,63
GAAATGTCCACACTGTAACA_005,146
GAAATGTCCACACTGTAACA_006,130
GAAATGTCCACACTGTAACA_007,67
GAAATGTCCACACTGTAACA_008,137
GAGGGCGAAGTCCACCCCGA_001,175
GAGGGCGAAGTCCACCCCGA_002,38
GAGGGCGAAGTCCACCCCGA_003,199
GAGGGCGAAGTCCACCCCGA_004,80
GAGGGCGAAGTCCACCCCGA_005,29
GAGGGCGAAGTCCACCCCGA_006,36
GAGGGCGAAGTCCACCCCGA_007,160
GAGGGCGAAGTCCACCCCGA_008,123
GAGGGCGAAGTCCACCCCGA_009,80
GTTCAGCATAACGAAAAGTG_001,197
GTTCAGCATAACGAAAAGTG_002,18
GTTCAGCATAACGAAAAGTG_003,115
GTTCAGCATAACGAAAAGTG_004,162
GTTCAGCATAACGAAAAGTG_005,48
GTTCAGCATAACGAAAAGTG_006,41
ATGGGTGGAATGATGCCACC_001,36
ATGGGTGGAATGATGCCACC_002,20
ATGGGTGGAATGATGCCACC_003,48
GGAGTGGCCACTGTCCCATG_001,53
GGAGTGGCCACTGTCCCATG_002,136
GGAGTGGCCACTGTCCCATG_003,21
GGAGTGGCCACTGTCCCATG_004,65
GGAGTGGCCACTGTCCCATG_005,15
GGAGTGGCCACTGTCCCATG_006,100
GTTCTGACCAATCCTGACGC_001,89
GTTCTGACCAATCCTGACGC_002,19
GACATTCTGGACATCTACCA_001,76
GACATTCTGGACATCTACCA_002,166
GACATTCTGGACATCTACCA_003,49
GACATTCTGGACATCTACCA_004,52
GACATTCTGGACATCTACCA_005,88
GACATTCTGGACATCTACCA_006,37
GACATTCTGGACATCTACCA_007,137
GACATTCTGGACATCTACCA_008,41
GCGATACTCACACGGCGAAG_001,149
GCGATACTCACACGGCGAAG_002,63
GCGATACTCACACGGCGAAG_003,156
GCGATACTCACACGGCGAAG_004,23
GCGATACTCACACGGCGAAG_005,158
GCGATACTCACACGGCGAAG_006,79
GCGATACTCACACGGCGAAG_007,82
CTAGTTGGTGAGGATAGCCA_001,36
CTAGTTGGTGAGGATAGCCA_002,75
CTAGTTGGTGAGGATAGCCA_003,182
CTAGTTGGTGAGGATAGCCA_004,168
CTAGTTGGTGAGGATAGCCA_005,52
CTAGTTGGTGAGGATAGCCA_006,156
CTAGTTGGTGAGGATAGCCA_007,85
CTAGTTGGTGAGGATAGCCA_008,58
CTAGTTGGTGAGGATAGCCA_009,19
CTAGTTGGTGAGGATAGCCA_010,148
CTAGTTGGTGAGGATAGCCA_011,120
CTAGTTGGTGAGGATAGCCA_012,135
CTAGTTGGTGAGGATAGCCA_013,128
CTAGTTGGTGAGGATAGCCA_014,73
CTAGTTGGTGAGGATAGCCA_015,120
CTAGTTGGTGAGGATAGCCA_016,43
TGTTGGCGAACATACTCCTG_001,132
TGTTGGCGAACATACTCCTG_002,144
TGTTGGCGAACATACTCCTG_003,181
TGTTGGCGAACATACTCCTG_004,67
TGTTGGCGAACATACTCCTG_005,14
TGTTGGCGAACATACTCCTG_006,166
TGTTGGCGAACATACTCCTG_007,138
TGTTGGCGAACATACTCCTG_008,152
AGCCAGGGAAGATTAACCTG_001,110
AGCCAGGGAAGATTAACCTG_002,185
AGCCAGGGAAGATTAACCTG_003,36
AGCCAGGGAAGATTAACCTG_004,150
AGCCAGGGAAGATTAACCTG_005,62
AGCCAGGGAAGATTAACCTG_006,16
AGCCAGGGAAGATTAACCTG_007,145
AGCCAGGGAAGATTAACCTG_008,60
AGCCAGGGAAGATTAACCTG_009,26
AGCCAGGGAAGATTAACCTG_010,40
AGCCAGGGAAGATTAACCTG_011,84
AGCCAGGGAAGATTAACCTG_012,41
AGCCAGGGAAGATTAACCTG_013,124
CAACAAGGGAAGAAATCGAC_001,48
CAACAAGGGAAGAAATCGAC_002,185
CAACAAGGGAAGAAATCGAC_003,41
CAACAAGGGAAGAAATCGAC_004,37
CAACAAGGGAAGAAATCGAC_005,157
CCATCTTAATGACCGTGTGG_001,127
CCATCTTAATGACCGTGTGG_002,143
CCATCTTAATGACCGTGTGG_003,159
CCATCTTAATGACCGTGTGG_004,97
CCATCTTAATGACCGTGTGG_005,152
CCATCTTAATGACCGTGTGG_006,141
CCATCTTAATGACCGTGTGG_007,34
CATTCAGGATCCCAAACGAG_001,88
CATTCAGGATCCCAAACGAG_002,154
CATTCAGGATCCCAAACGAG_003,0
CATTCAGGATCCCAAACGAG_004,197
CATTCAGGATCCCAAACGAG_005,136
GCTCATTGTCTCACCTTGGG_001,138
GCTCATTGTCTCACCTTGGG_002,132
GCTCATTGTCTCACCTTGGG_003,56
GCTCATTGTCTCACCTTGGG_004,170
GCTGTCTCGAACAATGCAGT_001,133
ATGCAAGTGAATTCAAGTGA_001,12
GAGAGCGCCGATGCTGCGGT_001,160
GAGAGCGCCGATGCTGCGGT_002,145
TGTAACCGGTGCCATCCCGA_001,94
TGTAACCGGTGCCATCCCGA_002,127
TGTAACCGGTGCCATCCCGA_003,170
TGTAACCGGTGCCATCCCGA_004,177
TGTAACCGGTGCCATCCCGA_005,98
TGTAACCGGTGCCATCCCGA_006,69
TGTAACCGGTGCCATCCCGA_007,68
TGTAACCGGTGCCATCCCGA_008,108
TGTAACCGGTGCCATCCCGA_009,172
TGTAACCGGTGCCATCCCGA_010,192
TGTAACCGGTGCCATCCCGA_011,192
TGTAACCGGTGCCATCCCGA_012,198
TGTAACCGGTGCCATCCCGA_013,19
TGTAACCGGTGCCATCCCGA_014,2
ATGAATACTGACTTGGGCGT_001,2
ATGAATACTGACTTGGGCGT_002,148
ATGAATACTGACTTGGGCGT_003,199
ATGAATACTGACTTGGGCGT_004,188
CCTTGGGTTCCTACGCCCCG_001,112
CATCCACATGGAGGGACCTG_001,84
CATCCACATGGAGGGACCTG_002,45
CATCCACATGGAGGGACCTG_003,112
CATCCACATGGAGGGACCTG_004,195
CATCCACATGGAGGGACCTG_005,152
CATCCACATGGAGGGACCTG_006,10
CATCCACATGGAGGGACCTG_007,32
CATCCACATGGAGGGACCTG_008,148
CATCCACATGGAGGGACCTG_009,160
CATCCACATGGAGGGACCTG_010,99
CATCCACATGGAGGGACCTG_011,62
CATCCACATGGAGGGACCTG_012,74
CATCCACATGGAGGGACCTG_013,59
CATCCACATGGAGGGACCTG_014,168
CATCCACATGGAGGGACCTG_015,78
CATCCACATGGAGGGACCTG_016,79
CATCCACATGGAGGGACCTG_017,139
GTTCAGTTCCAATTACCCAG_001,96
GTTCAGTTCCAATTACCCAG_002,198
GTTCAGTTCCAATTACCCAG_003,105
GTTCAGTTCCAATTACCCAG_004,113
GTTCAGTTCCAATTACCCAG_005,151
GTTCAGTTCCAATTACCCAG_006,145
GTTCAGTTCCAATTACCCAG_007,58
GTTCAGTTCCAATTACCCAG_008,19
GTTCAGTTCCAATTACCCAG_009,145
GCCCGAGACAGTGTACCGGG_001,9
GCCCGAGACAGTGTACCGGG_002,141
GCCCGAGACAGTGTACCGGG_003,134
GCCCGAGACAGTGTACCGGG_004,181
TCGTGGAACTCACTCATCAG_001,75
TCGTGGAACTCACTCATCAG_002,115
TCGTGGAACTCACTCATCAG_003,40
TCGTGGAACTCACTCATCAG_004,47
TCGTGGAACTCACTCATCAG_005,12
TCGTGGAACTCACTCATCAG_006,148
TCGTGGAACTCACTCATCAG_007,184
TCGTGGAACTCACTCATCAG_008,144
TCGTGGAACTCACTCATCAG_009,168
TCGTGGAACTCACTCATCAG_010,10
CTTTGCTGATAAACTCAATG_001,119
CTTTGCTGATAAACTCAATG_002,162
CTTTGCTGATAAACTCAATG_003,145
CTTTGCTGATAAACTCAATG_004,134
CTTTGCTGATAAACTCAATG_005,150
CTTTGCTGATAAACTCAATG_006,29
TCCTTAGGGATTGCACCAGG_001,165
TCCTTAGGGATTGCACCAGG_002,120
TCCTTAGGGATTGCACCAGG_003,9
TCCTTAGGGATTGCACCAGG_004,2
GGTTTAATTATACCTCTGCG_001,26
GTCGGATCAGTGCGTCATGG_001,65
GTCGGATCAGTGCGTCATGG_002,183
GTCGGATCAGTGCGTCATGG_003,42
GTCGGATCAGTGCGTCATGG_004,78
GTCGGATCAGTGCGTCATGG_005,36
GTCGGATCAGTGCGTCATGG_006,120
GTCGGATCAGTGCGTCATGG_007,130
GTCGGATCAGTGCGTCATGG_008,129
GTCGGATCAGTGCGTCATGG_009,188
GTCGGATCAGTGCGTCATGG_010,164
GTCGGATCAGTGCGTCATGG_011,76
GTCGGATCAGTGCGTCATGG_012,24
GAAGTGAAAGAAGCATACAT_001,1
GAAGTGAAAGAAGCATACAT_002,186
GAAGTGAAAGAAGCATACAT_003,151
CCTTTAGTAACATTTCACAC_001,88
GTACCGGATTAATGTGACTG_001,41
GTACCGGATTAATGTGACTG_002,57
GTACCGGATTAATGTGACTG_003,62
GTACCGGATTAATGTGACTG_004,81
GTACCGGATTAATGTGACTG_005,152
GTACCGGATTAATGTGACTG_006,94
GAAATACCAATATTGGGCTG_001,43
GAAATACCAATATTGGGCTG_002,147
GAAATACCAATATTGGGCTG_003,6
TGAGCTGAGTAGGATCAGAT_001,27
TGAGCTGAGTAGGATCAGAT_002,169
TGAGCTGAGTAGGATCAGAT_003,94
TGAGCTGAGTAGGATCAGAT_004,94
TGAGCTGAGTAGGATCAGAT_005,14
TGAGCTGAGTAGGATCAGAT_006,82
TGAGCTGAGTAGGATCAGAT_007,156
TGAGCTGAGTAGGATCAGAT_008,11
TGAGCTGAGTAGGATCAGAT_009,175
TGAGCTGAGTAGGATCAGAT_010,50
TGAGCTGAGTAGGATCAGAT_011,118
TGAGCTGAGTAGGATCAGAT_012,168
TGAGCTGAGTAGGATCAGAT_013,105
TGAGCTGAGTAGGATCAGAT_014,19
TGAGCTGAGTAGGATCAGAT_015,125
TGAGCTGAGTAGGATCAGAT_016,2
TGAGCTGAGTAGGATCAGAT_017,118
TGAGCTGAGTAGGATCAGAT_018,39
TGAGCTGAGTAGGATCAGAT_019,179
GCACTGACGAGAGGGCTCGG_001,115
GCACTGACGAGAGGGCTCGG_002,119
GCACTGACGAGAGGGCTCGG_003,97
GCACTGACGAGAGGGCTCGG_004,91
GCACTGACGAGAGGGCTCGG_005,23
GCACTGACGAGAGGGCTCGG_006,42
GCACTGACGAGAGGGCTCGG_007,17
AACAGAGTTCTAGAAACATG_001,146
AACAGAGTTCTAGAAACATG_002,14
GCACCTGAAGGAATACAAGC_001,65
GCACCTGAAGGAATACAAGC_002,160
GCACCTGAAGGAATACAAGC_003,161
GCACCTGAAGGAATACAAGC_004,129
GCACCTGAAGGAATACAAGC_005,113
CATCCCCGACAACTCTAAGG_001,124
CGAACTAGTCGGTTCAGGAA_001,77
CGAACTAGTCGGTTCAGGAA_002,197
CGAACTAGTCGGTTCAGGAA_003,190
CGAACTAGTCGGTTCAGGAA_004,63
CGAACTAGTCGGTTCAGGAA_005,84
CGAACTAGTCGGTTCAGGAA_006,142
CGAACTAGTCGGTTCAGGAA_007,142
CGAACTAGTCGGTTCAGGAA_008,68
CGAACTAGTCGGTTCAGGAA_009,115
CGAGAGACAATATACCCCAA_001,170
CGAGAGACAATATACCCCAA_002,88
CGAGAGACAATATACCCCAA_003,66
GTTGACCCAGGAATTACAGG_001,132
GTTGACCCAGGAATTACAGG_002,127
GTTGACCCAGGAATTACAGG_003,199
GTTGACCCAGGAATTACAGG_004,18
GTTGACCCAGGAATTACAGG_005,60
GTTGACCCAGGAATTACAGG_006,77
GTTGACCCAGGAATTACAGG_007,77
GTTGACCCAGGAATTACAGG_008,140
GCCTACGGCTACGGCCCCTA_001,184
GCCTACGGCTACGGCCCCTA_002,72
GCCTACGGCTACGGCCCCTA_003,77
GCCTACGGCTACGGCCCCTA_004,135
GCCTACGGCTACGGCCCCTA_005,99
GGAGGTGCCGCTGCAGATCG_001,139
GGAGGTGCCGCTGCAGATCG_002,152
GGAGGTGCCGCTGCAGATCG_003,130
GGAGGTGCCGCTGCAGATCG_004,105
GGAGGTGCCGCTGCAGATCG_005,157
GGAGGTGCCGCTGCAGATCG_006,121
GGAGGTGCCGCTGCAGATCG_007,153
GGAGGTGCCGCTGCAGATCG_008,50
GGAGGTGCCGCTGCAGATCG_009,171
GGAGGTGCCGCTGCAGATCG_010,151
GGAGGTGCCGCTGCAGATCG_011,166
GGAGGTGCCGCTGCAGATCG_012,40
GGAGGTGCCGCTGCAGATCG_013,113
GGAGGTGCCGCTGCAGATCG_014,125
TGTGCTAAGGGCAAATACTG_001,109
TGTGCTAAGGGCAAATACTG_002,109
TGTGCTAAGGGCAAATACTG_003,40
TGTGCTAAGGGCAAATACTG_004,106
TGTGCTAAGGGCAAATACTG_005,98
TGTGCTAAGGGCAAATACTG_006,56
TGTGCTAAGGGCAAATACTG_007,72
TGTGCTAAGGGCAAATACTG_008,99
TGTGCTAAGGGCAAATACTG_009,169
TGTGCTAAGGGCAAATACTG_010,85
GTTCCAGCTAGGGTGTGTAA_001,79
GTTCCAGCTAGGGTGTGTAA_002,137
GTTCCAGCTAGGGTGTGTAA_003,197
GTTCCAGCTAGGGTGTGTAA_004,185
GTTCCAGCTAGGGTGTGTAA_005,86
GTTCCAGCTAGGGTGTGTAA_006,4
GTTCCAGCTAGGGTGTGTAA_007,127
GTTCCAGCTAGGGTGTGTAA_008,43
GTTCCAGCTAGGGTGTGTAA_009,148
GTTCCAGCTAGGGTGTGTAA_010,3
GTTCCAGCTAGGGTGTGTAA_011,124
GTTCCAGCTAGGGTGTGTAA_012,60
GCTGTCCCTTGAACGGCCCG_001,191
GCTGTCCCTTGAACGGCCCG_002,134
GCTGTCCCTTGAACGGCCCG_003,168
GCTGTCCCTTGAACGGCCCG_004,142
GCTGTCCCTTGAACGGCCCG_005,165
GCTGTCCCTTGAACGGCCCG_006,102
GCTGTCCCTTGAACGGCCCG_007,28
GCTGTCCCTTGAACGGCCCG_008,11
GCTGTCCCTTGAACGGCCCG_009,136
TCCTGCCAGAACACCCACGG_001,144
TCCTGCCAGAACACCCACGG_002,126
TCCTGCCAGAACACCCACGG_003,152
TCCTGCCAGAACACCCACGG_004,49
TCCTGCCAGAACACCCACGG_005,109
TCCTGCCAGAACACCCACGG_006,154
TCCTGCCAGAACACCCACGG_007,187
TCCTGCCAGAACACCCACGG_008,105
TCCTGCCAGAACACCCACGG_009,10
TCCTGCCAGAACACCCACGG_010,15
TCCTGCCAGAACACCCACGG_011,132
TCCTGCCAGAACACCCACGG_012,92
TCCTGCCAGAACACCCACGG_013,73
TCCTGCCAGAACACCCACGG_014,98
TCCTGCCAGAACACCCACGG_015,197
TCCTGCCAGAACACCCACGG_016,53
TCCTGCCAGAACACCCACGG_017,130
TCCTGCCAGAACACCCACGG_018,60
TCCTGCCAGAACACCCACGG_019,17
TCCTGCCAGAACACCCACGG_020,89
TCCTGCCAGAACACCCACGG_021,13
TCCTGCCAGAACACCCACGG_022,83
TCCTGCCAGAACACCCACGG_023,98
TCCTGCCAGAACACCCACGG_024,96
TCCTGCCAGAACACCCACGG_025,185
TCCTGCCAGAACACCCACGG_026,132
TCCTGCCAGAACACCCACGG_027,179
TCCTGCCAGAACACCCACGG_028,165
TCCTGCCAGAACACCCACGG_029,88
TCCTGCCAGAACACCCACGG_030,146
TCCTGCCAGAACACCCACGG_031,188
TCCTGCCAGAACACCCACGG_032,174
TCCTGCCAGAACACCCACGG_033,160
TCCTGCCAGAACACCCACGG_034,77
TCCTGCCAGAACACCCACGG_035,13
TCCTGCCAGAACACCCACGG_036,125
TCCTGCCAGAACACCCACGG_037,60
TCCTGCCAGAACACCCACGG_038,135
TCCTGCCAGAACACCCACGG_039,145
TCCTGCCAGAACACCCACGG_040,126
TCCTGCCAGAACACCCACGG_041,32
TCCTGCCAGAACACCCACGG_042,106
GGACAACAGAAGAGACACGA_001,68
GGACAACAGAAGAGACACGA_002,15
GGACAACAGAAGAGACACGA_003,191
AGAAAGTCGAAGCCTATCAG_001,13
AGAAAGTCGAAGCCTATCAG_002,184
AGAAAGTCGAAGCCTATCAG_003,62
AGAAAGTCGAAGCCTATCAG_004,58
AGAAAGTCGAAGCCTATCAG_005,196
AGAAAGTCGAAGCCTATCAG_006,59
AGAAAGTCGAAGCCTATCAG_007,127
AGAAAGTCGAAGCCTATCAG_008,41
AGAAAGTCGAAGCCTATCAG_009,146
AGAAAGTCGAAGCCTATCAG_010,151
AGAAAGTCGAAGCCTATCAG_011,122
AGAAAGTCGAAGCCTATCAG_012,141
AGAAAGTCGAAGCCTATCAG_013,15
AGAAAGTCGAAGCCTATCAG_014,77
AGAAAGTCGAAGCCTATCAG_015,132
AGAAAGTCGAAGCCTATCAG_016,150
AGAAAGTCGAAGCCTATCAG_017,162
AGAAAGTCGAAGCCTATCAG_018,103
AGAAAGTCGAAGCCTATCAG_019,77
AGAAAGTCGAAGCCTATCAG_020,102
AGAAAGTCGAAGCCTATCAG_021,22
AGAAAGTCGAAGCCTATCAG_022,127
GTGCTGATCACAATCAACTC_001,106
GTGCTGATCACAATCAACTC_002,145
GTGCTGATCACAATCAACTC_003,177
GTGCTGATCACAATCAACTC_004,197
GTGCTGATCACAATCAACTC_005,199
ATGCTTCCCTTATGCCCGAC_001,145
ATGCTTCCCTTATGCCCGAC_002,128
ATGCTTCCCTTATGCCCGAC_003,182
ATGCTTCCCTTATGCCCGAC_004,117
ATGCTTCCCTTATGCCCGAC_005,190
ATGCTTCCCTTATGCCCGAC_006,195
ATGCTTCCCTTATGCCCGAC_007,2
ATGCTTCCCTTATGCCCGAC_008,115
ATGCTTCCCTTATGCCCGAC_009,48
ATGCTTCCCTTATGCCCGAC_010,62
ATGCTTCCCTTATGCCCGAC_011,117
ATGCTTCCCTTATGCCCGAC_012,20
ATGCTTCCCTTATGCCCGAC_013,152
ATGCTTCCCTTATGCCCGAC_014,6
ATGCTTCCCTTATGCCCGAC_015,6
ATGCTTCCCTTATGCCCGAC_016,116
ATGCTTCCCTTATGCCCGAC_017,33
ATGCTTCCCTTATGCCCGAC_018,72
ATGCTTCCCTTATGCCCGAC_019,149
ATGCTTCCCTTATGCCCGAC_020,191
ATGCTTCCCTTATGCCCGAC_021,0
ATGCTTCCCTTATGCCCGAC_022,168
ATGCTTCCCTTATGCCCGAC_023,198
ATGCTTCCCTTATGCCCGAC_024,0
ATGCTTCCCTTATGCCCGAC_025,134
ATGCTTCCCTTATGCCCGAC_026,112
CACAAAAACTGGTAGTGTGG_001,84
CACAAAAACTGGTAGTGTGG_002,63
CACAAAAACTGGTAGTGTGG_003,40
CACAAAAACTGGTAGTGTGG_004,188
CACAAAAACTGGTAGTGTGG_005,82
CACAAAAACTGGTAGTGTGG_006,153
CACAAAAACTGGTAGTGTGG_007,37
GTACCAGGGCACTTTGCGAA_001,172
GTACCAGGGCACTTTGCGAA_002,170
GTACCAGGGCACTTTGCGAA_003,121
GTACCAGGGCACTTTGCGAA_004,90
GTACCAGGGCACTTTGCGAA_005,27
GTACCAGGGCACTTTGCGAA_006,96
GTACCAGGGCACTTTGCGAA_007,40
GTACCAGGGCACTTTGCGAA_008,137
GTACCAGGGCACTTTGCGAA_009,123
GTACCAGGGCACTTTGCGAA_010,91
GTACCAGGGCACTTTGCGAA_011,32
CAGTCTGTTCTGATAACCTG_001,78
CAGTCTGTTCTGATAACCTG_002,169
CAGTCTGTTCTGATAACCTG_003,94
CAGTCTGTTCTGATAACCTG_004,48
CAGTCTGTTCTGATAACCTG_005,43
GACGGACACTCCCTACGAGT_001,174
GACGGACACTCCCTACGAGT_002,170
TTGACATGATCTGAGCTGAG_001,189
TTGACATGATCTGAGCTGAG_002,69
CAACCATCAACGCTCACCAG_001,114
CAACCATCAACGCTCACCAG_002,43
CAACCATCAACGCTCACCAG_003,141
CAACCATCAACGCTCACCAG_004,23
CAACCATCAACGCTCACCAG_005,170
CAACCATCAACGCTCACCAG_006,19
CAACCATCAACGCTCACCAG_007,185
CAACCATCAACGCTCACCAG_008,158
CAACCATCAACGCTCACCAG_009,174
CAACCATCAACGCTCACCAG_010,9
CAACCATCAACGCTCACCAG_011,94
CAACCATCAACGCTCACCAG_012,77
CAACCATCAACGCTCACCAG_013,146
CAACCATCAACGCTCACCAG_014,41
CAACCATCAACGCTCACCAG_015,98
CAACCATCAACGCTCACCAG_016,163
CAACCATCAACGCTCACCAG_017,163
CAACCATCAACGCTCACCAG_018,17
CAACCATCAACGCTCACCAG_019,61
CAACCATCAACGCTCACCAG_020,148
CAACCATCAACGCTCACCAG_021,174
CAACCATCAACGCTCACCAG_022,82
CTACACATTAATGGACCACT_001,50
AGCTCGCACTTACCCCTCGG_001,7
AGCTCGCACTTACCCCTCGG_002,168
AGCTCGCACTTACCCCTCGG_003,8
AGCTCGCACTTACCCCTCGG_004,159
AGCTCGCACTTACCCCTCGG_005,16
AGCTCGCACTTACCCCTCGG_006,0
AGCTCGCACTTACCCCTCGG_007,103
GGTGCCATGAATGTGGCCAA_001,37
GGTGCCATGAATGTGGCCAA_002,113
GGTGCCATGAATGTGGCCAA_003,45
GGTGCCATGAATGTGGCCAA_004,12
GGTGCCATGAATGTGGCCAA_005,133
TTGCAGCGCTCAAGTTCTAG_001,154
TTGCAGCGCTCAAGTTCTAG_002,114
TTGCAGCGCTCAAGTTCTAG_003,16
TTGCAGCGCTCAAGTTCTAG_004,147
TTGCAGCGCTCAAGTTCTAG_005,84
TTGCAGCGCTCAAGTTCTAG_006,79
CCCACGCTCTCCGTGCCCCG_001,62
CCCACGCTCTCCGTGCCCCG_002,19
CCCACGCTCTCCGTGCCCCG_003,34
CCCACGCTCTCCGTGCCCCG_004,77
CCCACGCTCTCCGTGCCCCG_005,117
CCCACGCTCTCCGTGCCCCG_006,116
CCCACGCTCTCCGTGCCCCG_007,199
CCCACGCTCTCCGTGCCCCG_008,5
CCCACGCTCTCCGTGCCCCG_009,98
CCCACGCTCTCCGTGCCCCG_010,141
CCCACGCTCTCCGTGCCCCG_011,41
ACCGACCCCCGTTAAAGCAA_001,78
ACCGACCCCCGTTAAAGCAA_002,98
ACCGACCCCCGTTAAAGCAA_003,33
ACCGACCCCCGTTAAAGCAA_004,133
ACCGACCCCCGTTAAAGCAA_005,171
AGATGGACTCAAATTTGCCG_001,23
AGATGGACTCAAATTTGCCG_002,126
AGATGGACTCAAATTTGCCG_003,23
AGATGGACTCAAATTTGCCG_004,77
AGATGGACTCAAATTTGCCG_005,166
AGATGGACTCAAATTTGCCG_006,145
AGATGGACTCAAATTTGCCG_007,29
AGATGGACTCAAATTTGCCG_008,198
AGATGGACTCAAATTTGCCG_009,21
AGATGGACTCAAATTTGCCG_010,189
AGATGGACTCAAATTTGCCG_011,102
AGATGGACTCAAATTTGCCG_012,94
AGATGGACTCAAATTTGCCG_013,105
AGATGGACTCAAATTTGCCG_014,67
AGATGGACTCAAATTTGCCG_015,41
AGATGGACTCAAATTTGCCG_016,169
AGATGGACTCAAATTTGCCG_017,107
AGATGGACTCAAATTTGCCG_018,28
AGATGGACTCAAATTTGCCG_019,146
AGATGGACTCAAATTTGCCG_020,148
CCAGCGGTAAATCTCGCTGA_001,145
CCAGCGGTAAATCTCGCTGA_002,193
CCAGCGGTAAATCTCGCTGA_003,180
CCAGCGGTAAATCTCGCTGA_004,134
GTATCCCCGCGAGGACACCC_001,134
GTATCCCCGCGAGGACACCC_002,125
GTATCCCCGCGAGGACACCC_003,178
GTATCCCCGCGAGGACACCC_004,125
GTATCCCCGCGAGGACACCC_005,77
TGGTCTGTGTGACACTGGGG_001,119
TGGTCTGTGTGACACTGGGG_002,157
TGGTCTGTGTGACACTGGGG_003,95
TGGTCTGTGTGACACTGGGG_004,183
TGGTCTGTGTGACACTGGGG_005,174
GATGCGCCGGCTCTTCTCGT_001,3
CATTGGCGGCGACTTCGACG_001,106
CATTGGCGGCGACTTCGACG_002,63
CATTGGCGGCGACTTCGACG_003,144
CATTGGCGGCGACTTCGACG_004,76
CATTGGCGGCGACTTCGACG_005,115
CATTGGCGGCGACTTCGACG_006,155
CATTGGCGGCGACTTCGACG_007,38
AGCTGTAGCCTCGCTCAGTG_001,117
AGCTGTAGCCTCGCTCAGTG_002,145
AGCTGTAGCCTCGCTCAGTG_003,157
AGCTGTAGCCTCGCTCAGTG_004,119
AGCTGTAGCCTCGCTCAGTG_005,181
AGCTGTAGCCTCGCTCAGTG_006,15
AGCTGTAGCCTCGCTCAGTG_007,70
AGCTGTAGCCTCGCTCAGTG_008,29
AGCTGTAGCCTCGCTCAGTG_009,49
AGCTGTAGCCTCGCTCAGTG_010,40
AGCTGTAGCCTCGCTCAGTG_011,40
AGCTGTAGCCTCGCTCAGTG_012,67
AGCTGTAGCCTCGCTCAGTG_013,130
AGCTGTAGCCTCGCTCAGTG_014,58
AGCTGTAGCCTCGCTCAGTG_015,151
AGCTGTAGCCTCGCTCAGTG_016,182
AGCTGTAGCCTCGCTCAGTG_017,65
AGCTGTAGCCTCGCTCAGTG_018,48
AGCTGTAGCCTCGCTCAGTG_019,2
AGCTGTAGCCTCGCTCAGTG_020,83
AGGGCCGAGTTACAACCGCG_001,56
AGGGCCGAGTTACAACCGCG_002,52
AGGGCCGAGTTACAACCGCG_003,6
AGGGCCGAGTTACAACCGCG_004,27
AGGGCCGAGTTACAACCGCG_005,142
AGGGCCGAGTTACAACCGCG_006,188
AGAGCTTGGAAAAACAACTG_001,26
AGAGCTTGGAAAAACAACTG_002,28
AGAGCTTGGAAAAACAACTG_003,45
AGAGCTTGGAAAAACAACTG_004,16
AGAGCTTGGAAAAACAACTG_005,106
AGAGCTTGGAAAAACAACTG_006,175
AGAGCTTGGAAAAACAACTG_007,50
AGAGCTTGGAAAAACAACTG_008,1
AGAGCTTGGAAAAACAACTG_009,184
AGAGCTTGGAAAAACAACTG_010,60
AGAGCTTGGAAAAACAACTG_011,23
AGAGCTTGGAAAAACAACTG_012,1
AGAGCTTGGAAAAACAACTG_013,1
AGAGCTTGGAAAAACAACTG_014,69
AGAGCTTGGAAAAACAACTG_015,15
AGAGCTTGGAAAAACAACTG_016,82
AGAGCTTGGAAAAACAACTG_017,137
AGAGCTTGGAAAAACAACTG_018,131
AGAGCTTGGAAAAACAACTG_019,174
AGAGCTTGGAAAAACAACTG_020,160
AGGACACGACAGCGATAGGG_001,169
AGGACACGACAGCGATAGGG_002,165
AGGACACGACAGCGATAGGG_003,11
ACATCGTGGACTATGCGCAG_001,113
ACATCGTGGACTATGCGCAG_002,111
ACATCGTGGACTATGCGCAG_003,95
ACATCGTGGACTATGCGCAG_004,115
ACATCGTGGACTATGCGCAG_005,12
ACATCGTGGACTATGCGCAG_006,194
ACATCGTGGACTATGCGCAG_007,30
ACATCGTGGACTATGCGCAG_008,39
ACATCGTGGACTATGCGCAG_009,165
ACATCGTGGACTATGCGCAG_010,182
ACATCGTGGACTATGCGCAG_011,49
ACATCGTGGACTATGCGCAG_012,168
ACATCGTGGACTATGCGCAG_013,65
ACATCGTGGACTATGCGCAG_014,163
ACATCGTGGACTATGCGCAG_015,25
ACATCGTGGACTATGCGCAG_016,176
GCCCACAGTCTCCGCCAACG_001,28
GCCCACAGTCTCCGCCAACG_002,169
GCCCACAGTCTCCGCCAACG_003,88
GCCCACAGTCTCCGCCAACG_004,130
GCCCACAGTCTCCGCCAACG_005,30
TCTTCCGAGAAGACTTGGAC_001,97
TCTTCCGAGAAGACTTGGAC_002,174
TCTTCCGAGAAGACTTGGAC_003,40
TCTTCCGAGAAGACTTGGAC_004,77
TCTTCCGAGAAGACTTGGAC_005,6
TCTTCCGAGAAGACTTGGAC_006,113
TCTTCCGAGAAGACTTGGAC_007,61
AGCATATGATCTGAAGAAGT_001,43
AATACCCAGCTCATTAACGA_001,30
AATACCCAGCTCATTAACGA_002,107
AATACCCAGCTCATTAACGA_003,167
AATACCCAGCTCATTAACGA_004,169
AATACCCAGCTCATTAACGA_005,88
AATACCCAGCTCATTAACGA_006,199
AATACCCAGCTCATTAACGA_007,127
AATACCCAGCTCATTAACGA_008,2
AATACCCAGCTCATTAACGA_009,172
AATACCCAGCTCATTAACGA_010,118
AATACCCAGCTCATTAACGA_011,54
AATACCCAGCTCATTAACGA_012,174
AATACCCAGCTCATTAACGA_013,137
AATACCCAGCTCATTAACGA_014,149
AATACCCAGCTCATTAACGA_015,15
AATACCCAGCTCATTAACGA_016,76
AATACCCAGCTCATTAACGA_017,117
AATACCCAGCTCATTAACGA_018,185
AATACCCAGCTCATTAACGA_019,175
AATACCCAGCTCATTAACGA_020,136
AATACCCAGCTCATTAACGA_021,121
AATACCCAGCTCATTAACGA_022,97
AATACCCAGCTCATTAACGA_023,28
ATTCCCAGCCCTCTACACAG_001,76
ATTCCCAGCCCTCTACACAG_002,157
ATTCCCAGCCCTCTACACAG_003,77
ATTCCCAGCCCTCTACACAG_004,172
ATTCCCAGCCCTCTACACAG_005,61
ATTCCCAGCCCTCTACACAG_006,108
ATTCCCAGCCCTCTACACAG_007,174
ATTCCCAGCCCTCTACACAG_008,137
ATTCCCAGCCCTCTACACAG_009,166
AGATGATAACAGCTAAGCCA_001,162
AGATGATAACAGCTAAGCCA_002,86
AGATGATAACAGCTAAGCCA_003,155
AGATGATAACAGCTAAGCCA_004,48
AGATGATAACAGCTAAGCCA_005,170
AGATGATAACAGCTAAGCCA_006,172
ACGAACAGGTCCAAATTCTG_001,183
ACGAACAGGTCCAAATTCTG_002,24
ACGAACAGGTCCAAATTCTG_003,186
ACGAACAGGTCCAAATTCTG_004,14
ACGAACAGGTCCAAATTCTG_005,26
ACGAACAGGTCCAAATTCTG_006,34
ACGAACAGGTCCAAATTCTG_007,9
ACGAACAGGTCCAAATTCTG_008,61
ACGAACAGGTCCAAATTCTG_009,17
ACGAACAGGTCCAAATTCTG_010,158
ACGAACAGGTCCAAATTCTG_011,69
CTACCACCGGCGAGTCGGCA_001,122
CTACCACCGGCGAGTCGGCA_002,18
TATGCCATCAACTTTAACTG_001,85
TATGCCATCAACTTTAACTG_002,193
TATGCCATCAACTTTAACTG_003,61
TATGCCATCAACTTTAACTG_004,169
TATGCCATCAACTTTAACTG_005,112
TATGCCATCAACTTTAACTG_006,114
TATGCCATCAACTTTAACTG_007,108
TATGCCATCAACTTTAACTG_008,63
TATGCCATCAACTTTAACTG_009,199
TATGCCATCAACTTTAACTG_010,149
TATGCCATCAACTTTAACTG_011,48
TATGCCATCAACTTTAACTG_012,144
TATGCCATCAACTTTAACTG_013,16
TATGCCATCAACTTTAACTG_014,46
TATGCCATCAACTTTAACTG_015,138
TATGCCATCAACTTTAACTG_016,24
ATCTCGGGGGGCATCTACGG_001,130
ATCTCGGGGGGCATCTACGG_002,78
ATCTCGGGGGGCATCTACGG_003,15
ATCTCGGGGGGCATCTACGG_004,174
ATCTCGGGGGGCATCTACGG_005,23
ATCTCGGGGGGCATCTACGG_006,19
ATCTCGGGGGGCATCTACGG_007,19
ATCTCGGGGGGCATCTACGG_008,112
ATCTCGGGGGGCATCTACGG_009,168
ATCTCGGGGGGCATCTACGG_010,20
ATCTCGGGGGGCATCTACGG_011,60
ATCTCGGGGGGCATCTACGG_012,93
ATCTCGGGGGGCATCTACGG_013,68
ATCTCGGGGGGCATCTACGG_014,127
ATCTCGGGGGGCATCTACGG_015,87
ATCTCGGGGGGCATCTACGG_016,24
ATCTCGGGGGGCATCTACGG_017,196
ATCTCGGGGGGCATCTACGG_018,91
ATCTCGGGGGGCATCTACGG_019,19
ATCTCGGGGGGCATCTACGG_020,81
ATCTCGGGGGGCATCTACGG_021,58
ATCTCGGGGGGCATCTACGG_022,154
ATCTCGGGGGGCATCTACGG_023,17
ATCTCGGGGGGCATCTACGG_024,41
ATCTCGGGGGGCATCTACGG_025,191
ATCTCGGGGGGCATCTACGG_026,12
ATCTCGGGGGGCATCTACGG_027,193
ATCTCGGGGGGCATCTACGG_028,199
ATCTCGGGGGGCATCTACGG_029,101
ATCTCGGGGGGCATCTACGG_030,94
ATCTCGGGGGGCATCTACGG_031,66
ATCTCGGGGGGCATCTACGG_032,90
ATCTCGGGGGGCATCTACGG_033,99
AGTACATGAATTAAACACTA_001,148
AGTACATGAATTAAACACTA_002,82
AGTACATGAATTAAACACTA_003,192
AGTACATGAATTAAACACTA_004,81
AGTACATGAATTAAACACTA_005,170
AGTACATGAATTAAACACTA_006,154
AGTACATGAATTAAACACTA_007,168
AGTACATGAATTAAACACTA_008,50
AGTACATGAATTAAACACTA_009,2
AGTACATGAATTAAACACTA_010,140
GAGTCCAAGGTCTCAGAAGG_001,37
GAGTCCAAGGTCTCAGAAGG_002,160
GAGTCCAAGGTCTCAGAAGG_003,168
GAGTCCAAGGTCTCAGAAGG_004,141
CTTGCGGCAGTATACCGAGG_001,75
CTTGCGGCAGTATACCGAGG_002,43
GCAGAGGATAAGTTGGCTTG_001,149
GCAGAGGATAAGTTGGCTTG_002,62
GCAGAGGATAAGTTGGCTTG_003,56
GCAGAGGATAAGTTGGCTTG_004,19
GCAGAGGATAAGTTGGCTTG_005,94
GCAGAGGATAAGTTGGCTTG_006,82
GCAGAGGATAAGTTGGCTTG_007,49
GGTGTCCCAATAGGTCTGCA_001,120
GGTGTCCCAATAGGTCTGCA_002,68
GGTGTCCCAATAGGTCTGCA_003,105
GGTGTCCCAATAGGTCTGCA_004,22
GGTGTCCCAATAGGTCTGCA_005,28
GGTGTCCCAATAGGTCTGCA_006,98
GGTGTCCCAATAGGTCTGCA_007,167
GGTGTCCCAATAGGTCTGCA_008,167
GGTGTCCCAATAGGTCTGCA_009,145
GGTGTCCCAATAGGTCTGCA_010,105
GGTGTCCCAATAGGTCTGCA_011,130
TCTTACCCACCTCATCTGCG_001,115
TCTTACCCACCTCATCTGCG_002,191
TCTTACCCACCTCATCTGCG_003,60
TCTTACCCACCTCATCTGCG_004,113
TCTTACCCACCTCATCTGCG_005,192
TCTTACCCACCTCATCTGCG_006,150
TCTTACCCACCTCATCTGCG_007,147
TCTTACCCACCTCATCTGCG_008,24
TCTTACCCACCTCATCTGCG_009,69
TCTTACCCACCTCATCTGCG_010,58
TCTTACCCACCTCATCTGCG_011,9
TCTTACCCACCTCATCTGCG_012,26
TCTTACCCACCTCATCTGCG_013,192
TCTTACCCACCTCATCTGCG_014,66
TCTTACCCACCTCATCTGCG_015,3
TCTTACCCACCTCATCTGCG_016,111
TCTTACCCACCTCATCTGCG_017,66
TCTTACCCACCTCATCTGCG_018,6
TCTTACCCACCTCATCTGCG_019,146
TCTTACCCACCTCATCTGCG_020,63
GGAAATTCCTGATGGAGTGT_001,194
GGAAATTCCTGATGGAGTGT_002,119
TGTCGCTGCTTAAATTTAGG_001,150
GGCCACAAGGAGCGTCCTCT_001,160
GGCCACAAGGAGCGTCCTCT_002,107
GGCCACAAGGAGCGTCCTCT_003,56
GGCCACAAGGAGCGTCCTCT_004,158
GGCCACAAGGAGCGTCCTCT_005,95
GGCCACAAGGAGCGTCCTCT_006,104
GGCCACAAGGAGCGTCCTCT_007,123
GGCCACAAGGAGCGTCCTCT_008,149
GGCCACAAGGAGCGTCCTCT_009,13
GGCCACAAGGAGCGTCCTCT_010,154
GGCCACAAGGAGCGTCCTCT_011,3
GGCCACAAGGAGCGTCCTCT_012,36
GGCCACAAGGAGCGTCCTCT_013,162
GGCCACAAGGAGCGTCCTCT_014,83
GGCCACAAGGAGCGTCCTCT_015,170
GGCCACAAGGAGCGTCCTCT_016,78
GGCCACAAGGAGCGTCCTCT_017,41
GGCCACAAGGAGCGTCCTCT_018,40
GGCCACAAGGAGCGTCCTCT_019,68
GGCCACAAGGAGCGTCCTCT_020,89
AACCTCTACATGTTCCACGG_001,88
AACCTCTACATGTTCCACGG_002,71
AACCTCTACATGTTCCACGG_003,158
AACCTCTACATGTTCCACGG_004,174
AACCTCTACATGTTCCACGG_005,38
AACCTCTACATGTTCCACGG_006,38
AACCTCTACATGTTCCACGG_007,48
AAACCGTGAATGTTGATGTG_001,77
AAACCGTGAATGTTGATGTG_002,2
AAACCGTGAATGTTGATGTG_003,157
AAACCGTGAATGTTGATGTG_004,74
AAACCGTGAATGTTGATGTG_005,112
AAACCGTGAATGTTGATGTG_006,186
AAACCGTGAATGTTGATGTG_007,51
AAACCGTGAATGTTGATGTG_008,115
AAACCGTGAATGTTGATGTG_009,94
AAACCGTGAATGTTGATGTG_010,31
AAACCGTGAATGTTGATGTG_011,46
AAACCGTGAATGTTGATGTG_012,176
AAACCGTGAATGTTGATGTG_013,126
AAACCGTGAATGTTGATGTG_014,141
AAACCGTGAATGTTGATGTG_015,35
AAACCGTGAATGTTGATGTG_016,113
TGGTGCACGATCTGCCCGTG_001,199
TGGTGCACGATCTGCCCGTG_002,94
TGGTGCACGATCTGCCCGTG_003,94
TGGTGCACGATCTGCCCGTG_004,148
TGGTGCACGATCTGCCCGTG_005,63
TGGTGCACGATCTGCCCGTG_006,15
TGGTGCACGATCTGCCCGTG_007,86
GTAAATACCGTACCTACCAA_001,83
GTAAATACCGTACCTACCAA_002,38
GTAAATACCGTACCTACCAA_003,31
GTAAATACCGTACCTACCAA_004,15
GTAAATACCGTACCTACCAA_005,54
TGGCCTCAAGACCGACAAGT_001,36
TGGCCTCAAGACCGACAAGT_002,37
TGGCCTCAAGACCGACAAGT_003,115
TGGCCTCAAGACCGACAAGT_004,80
TGGCCTCAAGACCGACAAGT_005,97
TGGCCTCAAGACCGACAAGT_006,91
TGGCCTCAAGACCGACAAGT_007,94
TGGCCTCAAGACCGACAAGT_008,48
TGGCCTCAAGACCGACAAGT_009,177
TGGCCTCAAGACCGACAAGT_010,197
TGGCCTCAAGACCGACAAGT_011,78
TGGCCTCAAGACCGACAAGT_012,169
TGGCCTCAAGACCGACAAGT_013,54
TGGCCTCAAGACCGACAAGT_014,190
TGGCCTCAAGACCGACAAGT_015,139
TGGCCTCAAGACCGACAAGT_016,43
TGGCCTCAAGACCGACAAGT_017,6
TGGCCTCAAGACCGACAAGT_018,5
TGGCCTCAAGACCGACAAGT_019,26
TGGCCTCAAGACCGACAAGT_020,170
TGGCCTCAAGACCGACAAGT_021,60
TGGCCTCAAGACCGACAAGT_022,41
TGGCCTCAAGACCGACAAGT_023,113
TGGCCTCAAGACCGACAAGT_024,147
TGGCCTCAAGACCGACAAGT_025,2
TGGCCTCAAGACCGACAAGT_026,79
TGGCCTCAAGACCGACAAGT_027,80
TGGCCTCAAGACCGACAAGT_028,137
TGGCCTCAAGACCGACAAGT_029,106
TGGCCTCAAGACCGACAAGT_030,94
TGGCCTCAAGACCGACAAGT_031,130
TGGCCTCAAGACCGACAAGT_032,175
TGGCCTCAAGACCGACAAGT_033,41
TGGCCTCAAGACCGACAAGT_034,74
TGGCCTCAAGACCGACAAGT_035,4
TGGCCTCAAGACCGACAAGT_036,33
TAAGTGACTACTATACCTTG_001,184
TAAGTGACTACTATACCTTG_002,162
TGGGCAGGAAGACCCCTGAA_001,169
TGGGCAGGAAGACCCCTGAA_002,77
TGGGCAGGAAGACCCCTGAA_003,58
TGGGCAGGAAGACCCCTGAA_004,4
TGGGCAGGAAGACCCCTGAA_005,152
TGGGCAGGAAGACCCCTGAA_006,162
TGGGCAGGAAGACCCCTGAA_007,24
TGGGCAGGAAGACCCCTGAA_008,132
TGGGCAGGAAGACCCCTGAA_009,56
TGGGCAGGAAGACCCCTGAA_010,15
TGGGCAGGAAGACCCCTGAA_011,30
TGGGCAGGAAGACCCCTGAA_012,53
TGGGCAGGAAGACCCCTGAA_013,157
TGGGCAGGAAGACCCCTGAA_014,191
TGGGCAGGAAGACCCCTGAA_015,60
TGGGCAGGAAGACCCCTGAA_016,170
TGGGCAGGAAGACCCCTGAA_017,48
TGGGCAGGAAGACCCCTGAA_018,185
TGGGCAGGAAGACCCCTGAA_019,170
TGGGCAGGAAGACCCCTGAA_020,118
TGGGCAGGAAGACCCCTGAA_021,9
TGGGCAGGAAGACCCCTGAA_022,169
TGGGCAGGAAGACCCCTGAA_023,139
TGGGCAGGAAGACCCCTGAA_024,45
TGGGCAGGAAGACCCCTGAA_025,106
TGGGCAGGAAGACCCCTGAA_026,137
TGGGCAGGAAGACCCCTGAA_027,99
TGGGCAGGAAGACCCCTGAA_028,153
TGGGCAGGAAGACCCCTGAA_029,52
TGGGCAGGAAGACCCCTGAA_030,128
TGGGCAGGAAGACCCCTGAA_031,21
TGGGCAGGAAGACCCCTGAA_032,104
CGCACCGAGAAGGCCACCGA_001,112
CGCACCGAGAAGGCCACCGA_002,9
CGCACCGAGAAGGCCACCGA_003,121
GATTCATACTAAACACTCTA_001,40
GATTCATACTAAACACTCTA_002,133
GATTCATACTAAACACTCTA_003,78
GATTCATACTAAACACTCTA_004,43
GATTCATACTAAACACTCTA_005,182
GATTCATACTAAACACTCTA_006,177
GATTCATACTAAACACTCTA_007,1
GATTCATACTAAACACTCTA_008,34
GATTCATACTAAACACTCTA_009,88
GATTCATACTAAACACTCTA_010,136
TATTAGGATGAACATACTCT_001,132
TATTAGGATGAACATACTCT_002,134
TATTAGGATGAACATACTCT_003,169
TATTAGGATGAACATACTCT_004,50
TATTAGGATGAACATACTCT_005,27
AGCCACCCAAAGTGTCCGAG_001,146
AGCCACCCAAAGTGTCCGAG_002,78
AGCCACCCAAAGTGTCCGAG_003,89
AGCCACCCAAAGTGTCCGAG_004,123
AGCCACCCAAAGTGTCCGAG_005,192
AGCCACCCAAAGTGTCCGAG_006,112
AGCCACCCAAAGTGTCCGAG_007,98
AGCCACCCAAAGTGTCCGAG_008,145
AGCCACCCAAAGTGTCCGAG_009,17
AGCCACCCAAAGTGTCCGAG_010,127
AGCCACCCAAAGTGTCCGAG_011,49
AGCCACCCAAAGTGTCCGAG_012,104
AGCCACCCAAAGTGTCCGAG_013,152
AGCCACCCAAAGTGTCCGAG_014,60
CCTCACAAACCTGCACCCAA_001,116
CCTCACAAACCTGCACCCAA_002,69
CCTCACAAACCTGCACCCAA_003,58
CCTCACAAACCTGCACCCAA_004,41
CCTCACAAACCTGCACCCAA_005,47
CCTCACAAACCTGCACCCAA_006,11
CCTCACAAACCTGCACCCAA_007,8
CCTCACAAACCTGCACCCAA_008,80
CCTCACAAACCTGCACCCAA_009,15
CCTCACAAACCTGCACCCAA_010,78
CCTCACAAACCTGCACCCAA_011,39
CCTCACAAACCTGCACCCAA_012,74
CCTCACAAACCTGCACCCAA_013,175
CCTCACAAACCTGCACCCAA_014,188
CCTCACAAACCTGCACCCAA_015,56
CCTCACAAACCTGCACCCAA_016,115
GCTCAGTAGCCTCAACGACG_001,69
GCTCAGTAGCCTCAACGACG_002,48
GCTCAGTAGCCTCAACGACG_003,48
GCTCAGTAGCCTCAACGACG_004,9
GCTCAGTAGCCTCAACGACG_005,88
AGTATGTGTTGACTCGGACC_001,17
AGTATGTGTTGACTCGGACC_002,78
AGTATGTGTTGACTCGGACC_003,70
AGTATGTGTTGACTCGGACC_004,149
AGTATGTGTTGACTCGGACC_005,71
AGTATGTGTTGACTCGGACC_006,48
AGTATGTGTTGACTCGGACC_007,166
AGTATGTGTTGACTCGGACC_008,169
AGTATGTGTTGACTCGGACC_009,17
AAGTCGAACTGAACCAGCGA_001,103
AAGTCGAACTGAACCAGCGA_002,134
AAGTCGAACTGAACCAGCGA_003,108
AAGTCGAACTGAACCAGCGA_004,163
AAGTCGAACTGAACCAGCGA_005,114
AAGTCGAACTGAACCAGCGA_006,62
AAGTCGAACTGAACCAGCGA_007,190
AAGTCGAACTGAACCAGCGA_008,147
AAGTCGAACTGAACCAGCGA_009,105
AAGTCGAACTGAACCAGCGA_010,138
AAGTCGAACTGAACCAGCGA_011,161
AAGTCGAACTGAACCAGCGA_012,157
AAGTCGAACTGAACCAGCGA_013,75
AAGTCGAACTGAACCAGCGA_014,95
AAGTCGAACTGAACCAGCGA_015,133
AAGTCGAACTGAACCAGCGA_016,92
AAGTCGAACTGAACCAGCGA_017,81
GGACTTCGATAACATGACCT_001,49
GGACTTCGATAACATGACCT_002,150
GGACTTCGATAACATGACCT_003,19
GGACTTCGATAACATGACCT_004,49
TCTACCTGTTCATGAGCGGG_001,133
TCTACCTGTTCATGAGCGGG_002,87
TCTACCTGTTCATGAGCGGG_003,132
TCTACCTGTTCATGAGCGGG_004,85
TCTACCTGTTCATGAGCGGG_005,48
TCTACCTGTTCATGAGCGGG_006,131
TCTACCTGTTCATGAGCGGG_007,79
TCTACCTGTTCATGAGCGGG_008,94
TCTACCTGTTCATGAGCGGG_009,33
TCTACCTGTTCATGAGCGGG_010,175
TCTACCTGTTCATGAGCGGG_011,198
TCTACCTGTTCATGAGCGGG_012,107
TGGTCTGAAGCTATGGCCCG_001,178
TGGTCTGAAGCTATGGCCCG_002,183
TGGTCTGAAGCTATGGCCCG_003,170
TGGTCTGAAGCTATGGCCCG_004,142
TGGTCTGAAGCTATGGCCCG_005,74
TGGTCTGAAGCTATGGCCCG_006,174
TGGTCTGAAGCTATGGCCCG_007,56
TTCTCCAGCTGATCAACCCG_001,197
TTCTCCAGCTGATCAACCCG_002,188
TTCTCCAGCTGATCAACCCG_003,44
TTCTCCAGCTGATCAACCCG_004,105
TTCTCCAGCTGATCAACCCG_005,156
TTCTCCAGCTGATCAACCCG_006,72
TTCTCCAGCTGATCAACCCG_007,77
TTCTCCAGCTGATCAACCCG_008,48
TTCTCCAGCTGATCAACCCG_009,183
TTCTCCAGCTGATCAACCCG_010,12
TTCTCCAGCTGATCAACCCG_011,18
TTCTCCAGCTGATCAACCCG_012,178
GAAGGTCCTAAGTACAGACA_001,121
GAAGGTCCTAAGTACAGACA_002,88
GAAGGTCCTAAGTACAGACA_003,161
GAAGGTCCTAAGTACAGACA_004,125
GAAAGCAGAAAATGGCCGAA_001,82
GAAAGCAGAAAATGGCCGAA_002,29
GAAAGCAGAAAATGGCCGAA_003,45
GAAAGCAGAAAATGGCCGAA_004,182
GAAAGCAGAAAATGGCCGAA_005,72
GAAAGCAGAAAATGGCCGAA_006,181
GAAAGCAGAAAATGGCCGAA_007,85
GAAAGCAGAAAATGGCCGAA_008,8
GAAAGCAGAAAATGGCCGAA_009,146
GAAAGCAGAAAATGGCCGAA_010,145
GAAAGCAGAAAATGGCCGAA_011,93
GAAAGCAGAAAATGGCCGAA_012,125
GAAAGCAGAAAATGGCCGAA_013,108
CAGTGGGAAAGTCAGTTAGC_001,26
CAGTGGGAAAGTCAGTTAGC_002,182
CAGTGGGAAAGTCAGTTAGC_003,155
CAGTGGGAAAGTCAGTTAGC_004,178
CAGATCTAAAGAATCACACG_001,92
CCAGGAGAAGTTAGAATCCA_001,172
CCAGGAGAAGTTAGAATCCA_002,103
CCAGGAGAAGTTAGAATCCA_003,58
CCAGGAGAAGTTAGAATCCA_004,105
CCAGGAGAAGTTAGAATCCA_005,141
CCAGGAGAAGTTAGAATCCA_006,47
CCAGGAGAAGTTAGAATCCA_007,151
CCAGGAGAAGTTAGAATCCA_008,80
GGAGTAGGAGGACCTTAAGG_001,154
GGAGTAGGAGGACCTTAAGG_002,17
GGAGTAGGAGGACCTTAAGG_003,41
GGAGTAGGAGGACCTTAAGG_004,88
GGAGTAGGAGGACCTTAAGG_005,185
GGAGTAGGAGGACCTTAAGG_006,72
GGAGTAGGAGGACCTTAAGG_007,82
GGAGTAGGAGGACCTTAAGG_008,92
GGAGTAGGAGGACCTTAAGG_009,147
GGAGTAGGAGGACCTTAAGG_010,120
GGAGTAGGAGGACCTTAAGG_011,129
GGAGTAGGAGGACCTTAAGG_012,146
GGAGTAGGAGGACCTTAAGG_013,190
GGAGTAGGAGGACCTTAAGG_014,198
GAGAAAGTAGTAGCCGAAGT_001,108
GAGAAAGTAGTAGCCGAAGT_002,111
GAGAAAGTAGTAGCCGAAGT_003,16
AGTTATCTGACTGCTTGCAG_001,70
AGTTATCTGACTGCTTGCAG_002,62
AGTTATCTGACTGCTTGCAG_003,165
AGTTATCTGACTGCTTGCAG_004,41
AGTTATCTGACTGCTTGCAG_005,20
AGTTATCTGACTGCTTGCAG_006,15
AGTTATCTGACTGCTTGCAG_007,108
AGTTATCTGACTGCTTGCAG_008,120
AGTTATCTGACTGCTTGCAG_009,24
AGTTATCTGACTGCTTGCAG_010,141
AGTTATCTGACTGCTTGCAG_011,9
AGTTATCTGACTGCTTGCAG_012,44
AGTTATCTGACTGCTTGCAG_013,48
AGTTATCTGACTGCTTGCAG_014,152
AGTTATCTGACTGCTTGCAG_015,77
AGTTATCTGACTGCTTGCAG_016,140
AGTTATCTGACTGCTTGCAG_017,140
TACTCAAAAAGCATGCACAC_001,27
TACTCAAAAAGCATGCACAC_002,80
TACTCAAAAAGCATGCACAC_003,50
TACTCAAAAAGCATGCACAC_004,78
TACTCAAAAAGCATGCACAC_005,113
TACTCAAAAAGCATGCACAC_006,130
TACTCAAAAAGCATGCACAC_007,139
TACTCAAAAAGCATGCACAC_008,98
TACTCAAAAAGCATGCACAC_009,128
TACTCAAAAAGCATGCACAC_010,184
TACTCAAAAAGCATGCACAC_011,83
TACTCAAAAAGCATGCACAC_012,76
TACTCAAAAAGCATGCACAC_013,102
TACTCAAAAAGCATGCACAC_014,184
TACTCAAAAAGCATGCACAC_015,94
TACTCAAAAAGCATGCACAC_016,130
TACTCAAAAAGCATGCACAC_017,118
TACTCAAAAAGCATGCACAC_018,78
TACTCAAAAAGCATGCACAC_019,184
TACTCAAAAAGCATGCACAC_020,9
TACTCAAAAAGCATGCACAC_021,192
TACTCAAAAAGCATGCACAC_022,146
TACTCAAAAAGCATGCACAC_023,136
TACTCAAAAAGCATGCACAC_024,108
TACTCAAAAAGCATGCACAC_025,183
TACTCAAAAAGCATGCACAC_026,138
TACTCAAAAAGCATGCACAC_027,29
TACTCAAAAAGCATGCACAC_028,39
TACTCAAAAAGCATGCACAC_029,12
CACCTGGCAAAGCTTCGTAG_001,77
CACCTGGCAAAGCTTCGTAG_002,44
CACCTGGCAAAGCTTCGTAG_003,118
CACCTGGCAAAGCTTCGTAG_004,170
CACCTGGCAAAGCTTCGTAG_005,75
CACCTGGCAAAGCTTCGTAG_006,156
CACCTGGCAAAGCTTCGTAG_007,156
CACCTGGCAAAGCTTCGTAG_008,40
CACCTGGCAAAGCTTCGTAG_009,120
CACCTGGCAAAGCTTCGTAG_010,127
CACCTGGCAAAGCTTCGTAG_011,58
CACCTGGCAAAGCTTCGTAG_012,144
CACCTGGCAAAGCTTCGTAG_013,29
CACCTGGCAAAGCTTCGTAG_014,176
CACCTGGCAAAGCTTCGTAG_015,165
CACCTGGCAAAGCTTCGTAG_016,144
CACCTGGCAAAGCTTCGTAG_017,27
CACCTGGCAAAGCTTCGTAG_018,164
GCACACGGGTGACATCACTG_001,148
GCACACGGGTGACATCACTG_002,121
GCACACGGGTGACATCACTG_003,107
GCACACGGGTGACATCACTG_004,127
GCACACGGGTGACATCACTG_005,128
GCACACGGGTGACATCACTG_006,25
GCACACGGGTGACATCACTG_007,51
GCACACGGGTGACATCACTG_008,98
GCACACGGGTGACATCACTG_009,4
GCACACGGGTGACATCACTG_010,50
AAGCGGAACCGGAAGCACAG_001,53
AAGCGGAACCGGAAGCACAG_002,29
AAGCGGAACCGGAAGCACAG_003,2
AAGCGGAACCGGAAGCACAG_004,196
AAGCGGAACCGGAAGCACAG_005,121
AAGCGGAACCGGAAGCACAG_006,47
AAGCGGAACCGGAAGCACAG_007,90
AAGCGGAACCGGAAGCACAG_008,85
AAGCGGAACCGGAAGCACAG_009,53
AAGCGGAACCGGAAGCACAG_010,179
AAGCGGAACCGGAAGCACAG_011,38
AAGCGGAACCGGAAGCACAG_012,165
AAGCGGAACCGGAAGCACAG_013,1
AAGCGGAACCGGAAGCACAG_014,34
AAGCGGAACCGGAAGCACAG_015,105
AAGCGGAACCGGAAGCACAG_016,43
AAGCGGAACCGGAAGCACAG_017,38
AAGCGGAACCGGAAGCACAG_018,179
AAGCGGAACCGGAAGCACAG_019,193
AAGCGGAACCGGAAGCACAG_020,158
AAGCGGAACCGGAAGCACAG_021,146
AAGCGGAACCGGAAGCACAG_022,128
AAGCGGAACCGGAAGCACAG_023,77
AAGCGGAACCGGAAGCACAG_024,52
AAGCGGAACCGGAAGCACAG_025,111
AAGCGGAACCGGAAGCACAG_026,111
AAGCGGAACCGGAAGCACAG_027,60
AAGCGGAACCGGAAGCACAG_028,124
AAGCGGAACCGGAAGCACAG_029,102
AAGCGGAACCGGAAGCACAG_030,97
AAGCGGAACCGGAAGCACAG_031,77
AAGCGGAACCGGAAGCACAG_032,133
AAGCGGAACCGGAAGCACAG_033,40
AAGCGGAACCGGAAGCACAG_034,40
AAGCGGAACCGGAAGCACAG_035,88
AAGCGGAACCGGAAGCACAG_036,94
AAGCGGAACCGGAAGCACAG_037,188
AAGCGGAACCGGAAGCACAG_038,92
AAGCGGAACCGGAAGCACAG_039,163
AAGCGGAACCGGAAGCACAG_040,59
AAGCGGAACCGGAAGCACAG_041,23
AAGCGGAACCGGAAGCACAG_042,16
AAGCGGAACCGGAAGCACAG_043,78
AAAGTGAGATCATTCAGACG_001,68
AAAGTGAGATCATTCAGACG_002,161
AAAGTGAGATCATTCAGACG_003,113
AAAGTGAGATCATTCAGACG_004,157
GGAATTGGAGAGACAACGAG_001,15
GGAATTGGAGAGACAACGAG_002,8
GGAATTGGAGAGACAACGAG_003,46
GGAATTGGAGAGACAACGAG_004,146
GGAATTGGAGAGACAACGAG_005,161
GGAATTGGAGAGACAACGAG_006,162
AGTGCAGCTGCTTGAAATGG_001,78
AGTGCAGCTGCTTGAAATGG_002,142
AGTGCAGCTGCTTGAAATGG_003,42
AGTGCAGCTGCTTGAAATGG_004,0
TCAGCATTAAGCCCCTGCTG_001,81
TCAGCATTAAGCCCCTGCTG_002,167
TCAGCATTAAGCCCCTGCTG_003,17
TCAGCATTAAGCCCCTGCTG_004,149
TCAGCATTAAGCCCCTGCTG_005,30
TCAGCATTAAGCCCCTGCTG_006,127
TCAGCATTAAGCCCCTGCTG_007,65
TCATGACAGTGAGCACAATG_001,76
TCATGACAGTGAGCACAATG_002,50
TCATGACAGTGAGCACAATG_003,172
TCATGACAGTGAGCACAATG_004,15
TCATGACAGTGAGCACAATG_005,0
TCATGACAGTGAGCACAATG_006,48
TCATGACAGTGAGCACAATG_007,198
TCATGACAGTGAGCACAATG_008,129
TCATGACAGTGAGCACAATG_009,46
GATGAGTAAAATGTCGCAGG_001,121
GGGAGCTGATTCACATGCAA_001,2
GGGAGCTGATTCACATGCAA_002,13
GACAAAGGACACCAAGCCCG_001,57
GACAAAGGACACCAAGCCCG_002,192
TGTGTTGTTCCCTAGAAACA_001,168
TGTGTTGTTCCCTAGAAACA_002,66
CTTCCAGTATGAGGTCACCG_001,192
CTTCCAGTATGAGGTCACCG_002,173
CTTCCAGTATGAGGTCACCG_003,117
CTTCCAGTATGAGGTCACCG_004,77
CTTCCAGTATGAGGTCACCG_005,74
CTTCCAGTATGAGGTCACCG_006,137
CTTCCAGTATGAGGTCACCG_007,98
CAGCACTGCCCAGATCACTG_001,169
CAGCACTGCCCAGATCACTG_002,176
CAGCACTGCCCAGATCACTG_003,127
CAGCACTGCCCAGATCACTG_004,15
CAGCACTGCCCAGATCACTG_005,188
CAGCACTGCCCAGATCACTG_006,72
CAGCACTGCCCAGATCACTG_007,0
CAGCACTGCCCAGATCACTG_008,125
CAGCACTGCCCAGATCACTG_009,155
CAGCACTGCCCAGATCACTG_010,158
CAGCACTGCCCAGATCACTG_011,197
CAGCACTGCCCAGATCACTG_012,121
CAGCACTGCCCAGATCACTG_013,178
CAGCACTGCCCAGATCACTG_014,178
CAGCACTGCCCAGATCACTG_015,57
CAGCACTGCCCAGATCACTG_016,177
CAGCACTGCCCAGATCACTG_017,53
CAGCACTGCCCAGATCACTG_018,195
CAGCACTGCCCAGATCACTG_019,105
CAGCACTGCCCAGATCACTG_020,127
CAGCACTGCCCAGATCACTG_021,77
CAGCACTGCCCAGATCACTG_022,17
CAGCACTGCCCAGATCACTG_023,60
CAGCACTGCCCAGATCACTG_024,101
CAGCACTGCCCAGATCACTG_025,142
GCAGGTGCCGGTTGTCACCG_001,122
GCAGGTGCCGGTTGTCACCG_002,105
GCAGGTGCCGGTTGTCACCG_003,169
GCAGGTGCCGGTTGTCACCG_004,5
GCAGGTGCCGGTTGTCACCG_005,15
GCAGGTGCCGGTTGTCACCG_006,141
GCAGGTGCCGGTTGTCACCG_007,175
GCAGGTGCCGGTTGTCACCG_008,94
GCAGGTGCCGGTTGTCACCG_009,102
GCAGGTGCCGGTTGTCACCG_010,29
GCAGGTGCCGGTTGTCACCG_011,41
GCAGGTGCCGGTTGTCACCG_012,45
GCAGGTGCCGGTTGTCACCG_013,112
GCAGGTGCCGGTTGTCACCG_014,170
GCAGGTGCCGGTTGTCACCG_015,168
GCAGGTGCCGGTTGTCACCG_016,148
GCAGGTGCCGGTTGTCACCG_017,150
GCAGGTGCCGGTTGTCACCG_018,197
GGAAAAGTCTCTGAGAAGTG_001,8
GGAAAAGTCTCTGAGAAGTG_002,177
GGAAAAGTCTCTGAGAAGTG_003,25
ACATTAGAAGTACGCCTAGG_001,141
ACATTAGAAGTACGCCTAGG_002,163
ACATTAGAAGTACGCCTAGG_003,105
ACATTAGAAGTACGCCTAGG_004,134
ACATTAGAAGTACGCCTAGG_005,12
ACATTAGAAGTACGCCTAGG_006,129
ACATTAGAAGTACGCCTAGG_007,1
ACATTAGAAGTACGCCTAGG_008,50
ACATTAGAAGTACGCCTAGG_009,37
CCAGCGGAAACAGCTACTGG_001,119
CCAGCGGAAACAGCTACTGG_002,4
CCAGCGGAAACAGCTACTGG_003,175
CCAGCGGAAACAGCTACTGG_004,175
CCAGCGGAAACAGCTACTGG_005,138
CCAGCGGAAACAGCTACTGG_006,63
CCAGCGGAAACAGCTACTGG_007,63
CCAGCGGAAACAGCTACTGG_008,133
CCAGCGGAAACAGCTACTGG_009,119
CCAGCGGAAACAGCTACTGG_010,136
CCAGCGGAAACAGCTACTGG_011,53
CCAGCGGAAACAGCTACTGG_012,197
CCAGCGGAAACAGCTACTGG_013,184
CCAGCGGAAACAGCTACTGG_014,49
CCAGCGGAAACAGCTACTGG_015,8
CCAGCGGAAACAGCTACTGG_016,103
CCAGCGGAAACAGCTACTGG_017,178
CCAGCGGAAACAGCTACTGG_018,39
CCAGCGGAAACAGCTACTGG_019,131
CCAGCGGAAACAGCTACTGG_020,87
CCAGCGGAAACAGCTACTGG_021,106
CCAGCGGAAACAGCTACTGG_022,14
CCAGCGGAAACAGCTACTGG_023,84
CCAGCGGAAACAGCTACTGG_024,134
CCAGCGGAAACAGCTACTGG_025,147
CCAGCGGAAACAGCTACTGG_026,17
CCAGCGGAAACAGCTACTGG_027,191
CCAGCGGAAACAGCTACTGG_028,115
CCAGCGGAAACAGCTACTGG_029,178
CCAGCGGAAACAGCTACTGG_030,95
CCAGCGGAAACAGCTACTGG_031,160
CGCGCACCGAAATGACCGCG_001,51
CGCGCACCGAAATGACCGCG_002,169
CGCGCACCGAAATGACCGCG_003,115
CGCGCACCGAAATGACCGCG_004,188
CGCGCACCGAAATGACCGCG_005,42
CGCGCACCGAAATGACCGCG_006,56
GGCGGAGGCACGTACACTGG_001,116
GGCGGAGGCACGTACACTGG_002,44
GGCGGAGGCACGTACACTGG_003,50
GGCGGAGGCACGTACACTGG_004,5
GGCGGAGGCACGTACACTGG_005,116
GGCGGAGGCACGTACACTGG_006,68
GGCGGAGGCACGTACACTGG_007,130
GGCGGAGGCACGTACACTGG_008,89
GTGGACGTGGAGTTGTACCA_001,144
GTGGACGTGGAGTTGTACCA_002,188
GTGGACGTGGAGTTGTACCA_003,149
GTGGACGTGGAGTTGTACCA_004,96
GTGGACGTGGAGTTGTACCA_005,69
GTGGACGTGGAGTTGTACCA_006,172
GTGGACGTGGAGTTGTACCA_007,115
GTGGACGTGGAGTTGTACCA_008,149
GTGGACGTGGAGTTGTACCA_009,190
GTGGACGTGGAGTTGTACCA_010,77
GTGGACGTGGAGTTGTACCA_011,2
GTGGACGTGGAGTTGTACCA_012,171
GTGGACGTGGAGTTGTACCA_013,164
GTGGACGTGGAGTTGTACCA_014,50
GTGGACGTGGAGTTGTACCA_015,2
GTGGACGTGGAGTTGTACCA_016,49
GTGGACGTGGAGTTGTACCA_017,42
GTGGACGTGGAGTTGTACCA_018,130
GTGGACGTGGAGTTGTACCA_019,166
GTGGACGTGGAGTTGTACCA_020,79
GTGGACGTGGAGTTGTACCA_021,28
GTGGACGTGGAGTTGTACCA_022,10
GTGGACGTGGAGTTGTACCA_023,198
GTGGACGTGGAGTTGTACCA_024,175
GTGGACGTGGAGTTGTACCA_025,69
GTGGACGTGGAGTTGTACCA_026,56
GTGGACGTGGAGTTGTACCA_027,5
GTGGACGTGGAGTTGTACCA_028,77
GTGGACGTGGAGTTGTACCA_029,170
GTGGACGTGGAGTTGTACCA_030,0
GTGGACGTGGAGTTGTACCA_031,55
ACCGGGGAAGTTTCTCAACT_001,96
ACCGGGGAAGTTTCTCAACT_002,9
ACCGGGGAAGTTTCTCAACT_003,112
ACCGGGGAAGTTTCTCAACT_004,63
ACCGGGGAAGTTTCTCAACT_005,1
AAGCACTGGTAGCGGCCACA_001,163
AAGCACTGGTAGCGGCCACA_002,41
AAGCACTGGTAGCGGCCACA_003,191
AAGCACTGGTAGCGGCCACA_004,140
AAGCACTGGTAGCGGCCACA_005,15
AAGCACTGGTAGCGGCCACA_006,49
AAGCACTGGTAGCGGCCACA_007,49
AAGCACTGGTAGCGGCCACA_008,81
AAGCACTGGTAGCGGCCACA_009,191
AAGCACTGGTAGCGGCCACA_010,108
AAGCACTGGTAGCGGCCACA_011,197
AAGCACTGGTAGCGGCCACA_012,81
AAGCACTGGTAGCGGCCACA_013,52
AAGCACTGGTAGCGGCCACA_014,190
AAGCACTGGTAGCGGCCACA_015,98
AAGCACTGGTAGCGGCCACA_016,144
AAGCACTGGTAGCGGCCACA_017,30
AAGCACTGGTAGCGGCCACA_018,178
AAGCACTGGTAGCGGCCACA_019,68
AAGCACTGGTAGCGGCCACA_020,11
AAGCACTGGTAGCGGCCACA_021,4
AAGCACTGGTAGCGGCCACA_022,160
AAGCACTGGTAGCGGCCACA_023,41
AAGCACTGGTAGCGGCCACA_024,88
AAGCACTGGTAGCGGCCACA_025,79
AAGCACTGGTAGCGGCCACA_026,3
AAGCACTGGTAGCGGCCACA_027,83
AAGCACTGGTAGCGGCCACA_028,160
AAGCACTGGTAGCGGCCACA_029,10
AAGCACTGGTAGCGGCCACA_030,152
AAGCACTGGTAGCGGCCACA_031,148
AAGCACTGGTAGCGGCCACA_032,78
AAGCACTGGTAGCGGCCACA_033,2
AAGCACTGGTAGCGGCCACA_034,89
CCCGCCCCGGCACCTAAGAG_001,161
CCCGCCCCGGCACCTAAGAG_002,78
CCCGCCCCGGCACCTAAGAG_003,85
CCCGCCCCGGCACCTAAGAG_004,40
CCCGCCCCGGCACCTAAGAG_005,158
CCCGCCCCGGCACCTAAGAG_006,66
TATGCAGTTCTTGGATCCGG_001,53
TATGCAGTTCTTGGATCCGG_002,32
TATGCAGTTCTTGGATCCGG_003,195
TATGCAGTTCTTGGATCCGG_004,142
TATGCAGTTCTTGGATCCGG_005,44
CTAAGTTTGTTAATGGGCCA_001,65
CTAAGTTTGTTAATGGGCCA_002,85
CTAAGTTTGTTAATGGGCCA_003,0
CTAAGTTTGTTAATGGGCCA_004,124
CTAAGTTTGTTAATGGGCCA_005,141
CTAAGTTTGTTAATGGGCCA_006,59
CTAAGTTTGTTAATGGGCCA_007,121
CTAAGTTTGTTAATGGGCCA_008,121
CTAAGTTTGTTAATGGGCCA_009,63
CTAAGTTTGTTAATGGGCCA_010,27
ATGCCAGAATGAGTGATGCG_001,33
ATGCCAGAATGAGTGATGCG_002,79
ATGCCAGAATGAGTGATGCG_003,52
ATGCCAGAATGAGTGATGCG_004,26
ATGCCAGAATGAGTGATGCG_005,22
ATGCCAGAATGAGTGATGCG_006,168
ATGCCAGAATGAGTGATGCG_007,128
ATGCCAGAATGAGTGATGCG_008,68
ATGCCAGAATGAGTGATGCG_009,170
ATGCCAGAATGAGTGATGCG_010,43
ATGCCAGAATGAGTGATGCG_011,183
ATGCCAGAATGAGTGATGCG_012,15
ATGCCAGAATGAGTGATGCG_013,118
ATGCCAGAATGAGTGATGCG_014,150
ATGCCAGAATGAGTGATGCG_015,118
GTACAGTACAAATCATGGAA_001,196
GTACAGTACAAATCATGGAA_002,121
GCAGACCGCAGCCCCCCTCG_001,9
GCAGACCGCAGCCCCCCTCG_002,17
GCAGACCGCAGCCCCCCTCG_003,94
GCAGACCGCAGCCCCCCTCG_004,17
GCAGACCGCAGCCCCCCTCG_005,48
GCAGACCGCAGCCCCCCTCG_006,162
GCAGACCGCAGCCCCCCTCG_007,130
GCAGACCGCAGCCCCCCTCG_008,8
GCAGACCGCAGCCCCCCTCG_009,50
GCAGACCGCAGCCCCCCTCG_010,64
GCAGACCGCAGCCCCCCTCG_011,169
GCAGACCGCAGCCCCCCTCG_012,108
GCAGACCGCAGCCCCCCTCG_013,170
GCAGACCGCAGCCCCCCTCG_014,160
GCAGACCGCAGCCCCCCTCG_015,15
GCAGACCGCAGCCCCCCTCG_016,199
GCAGACCGCAGCCCCCCTCG_017,104
GCAGACCGCAGCCCCCCTCG_018,17
GCAGACCGCAGCCCCCCTCG_019,107
GCAGACCGCAGCCCCCCTCG_020,108
GCAGACCGCAGCCCCCCTCG_021,41
GCAGACCGCAGCCCCCCTCG_022,19
GCAGACCGCAGCCCCCCTCG_023,96
GCAGACCGCAGCCCCCCTCG_024,57
GCAGACCGCAGCCCCCCTCG_025,169
GCAGACCGCAGCCCCCCTCG_026,131
GCAGACCGCAGCCCCCCTCG_027,55
GCAGACCGCAGCCCCCCTCG_028,170
GCAGACCGCAGCCCCCCTCG_029,88
GCAGACCGCAGCCCCCCTCG_030,89
GCAGACCGCAGCCCCCCTCG_031,18
GCAGACCGCAGCCCCCCTCG_032,146
GCAGACCGCAGCCCCCCTCG_033,62
GCAGACCGCAGCCCCCCTCG_034,155
GCAGACCGCAGCCCCCCTCG_035,98
GCAGACCGCAGCCCCCCTCG_036,30
GCAGACCGCAGCCCCCCTCG_037,52
CGCACCCAGCGCAGCGTGAG_001,68
CGCACCCAGCGCAGCGTGAG_002,63
CGCACCCAGCGCAGCGTGAG_003,127
CGCACCCAGCGCAGCGTGAG_004,70
CGCACCCAGCGCAGCGTGAG_005,147
CGCACCCAGCGCAGCGTGAG_006,174
CGCACCCAGCGCAGCGTGAG_007,40
CGCACCCAGCGCAGCGTGAG_008,91
CGCACCCAGCGCAGCGTGAG_009,13
TCTGGACCTTGAGGAATCAG_001,195
TCTGGACCTTGAGGAATCAG_002,47
TCTGGACCTTGAGGAATCAG_003,115
TCTGGACCTTGAGGAATCAG_004,165
TCTGGACCTTGAGGAATCAG_005,115
TCTGGACCTTGAGGAATCAG_006,34
GTATTTCCATGACTCAGACC_001,176
GTATTTCCATGACTCAGACC_002,140
GTATTTCCATGACTCAGACC_003,130
GTATTTCCATGACTCAGACC_004,67
GTATTTCCATGACTCAGACC_005,157
GGATGAAGACGACAAAGACG_001,68
GGATGAAGACGACAAAGACG_002,47
GGATGAAGACGACAAAGACG_003,183
AATTACAGTTGTTCCCGACG_001,175
AATTACAGTTGTTCCCGACG_002,158
AATTACAGTTGTTCCCGACG_003,17
AATTACAGTTGTTCCCGACG_004,181
AATTACAGTTGTTCCCGACG_005,126
AATTACAGTTGTTCCCGACG_006,75
AATTACAGTTGTTCCCGACG_007,34
AATTACAGTTGTTCCCGACG_008,95
AATTACAGTTGTTCCCGACG_009,29
AATTACAGTTGTTCCCGACG_010,44
AATTACAGTTGTTCCCGACG_011,91
AATTACAGTTGTTCCCGACG_012,120
AATTACAGTTGTTCCCGACG_013,12
AATTACAGTTGTTCCCGACG_014,96
AATTACAGTTGTTCCCGACG_015,60
AATTACAGTTGTTCCCGACG_016,31
AATTACAGTTGTTCCCGACG_017,121
AATTACAGTTGTTCCCGACG_018,78
ACACGAGTGTGACACTGTCG_001,120
AGCCTCCACAGCCATAGCCC_001,127
AGCCTCCACAGCCATAGCCC_002,127
AGCCTCCACAGCCATAGCCC_003,72
AGCCTCCACAGCCATAGCCC_004,189
AGCCTCCACAGCCATAGCCC_005,184
AGCCTCCACAGCCATAGCCC_006,115
AGCCTCCACAGCCATAGCCC_007,153
AGCCTCCACAGCCATAGCCC_008,16
AGCCTCCACAGCCATAGCCC_009,15
AGTTGAATGGACCTCGACTA_001,171
AGTTGAATGGACCTCGACTA_002,165
AGTTGAATGGACCTCGACTA_003,191
AGTTGAATGGACCTCGACTA_004,172
AGTTGAATGGACCTCGACTA_005,132
AGTTGAATGGACCTCGACTA_006,199
AGTTGAATGGACCTCGACTA_007,65
AGTTGAATGGACCTCGACTA_008,8
AGTTGAATGGACCTCGACTA_009,93
AGTTGAATGGACCTCGACTA_010,153
AGTTGAATGGACCTCGACTA_011,147
AGTTGAATGGACCTCGACTA_012,175
AGTTGAATGGACCTCGACTA_013,136
AGTTGAATGGACCTCGACTA_014,38
AGTTGAATGGACCTCGACTA_015,147
AGTTGAATGGACCTCGACTA_016,166
AGTTGAATGGACCTCGACTA_017,176
AGTTGAATGGACCTCGACTA_018,103
AGTTGAATGGACCTCGACTA_019,12
AGTTGAATGGACCTCGACTA_020,134
AGTTGAATGGACCTCGACTA_021,67
AGTTGAATGGACCTCGACTA_022,7
AGTTGAATGGACCTCGACTA_023,141
AGTTGAATGGACCTCGACTA_024,177
AGTTGAATGGACCTCGACTA_025,121
AGTTGAATGGACCTCGACTA_026,77
AGTTGAATGGACCTCGACTA_027,42
AGTTGAATGGACCTCGACTA_028,172
AGTTGAATGGACCTCGACTA_029,162
AGTTGAATGGACCTCGACTA_030,35
GGCAGGGCTCAGGCACTTTG_001,102
GGCAGGGCTCAGGCACTTTG_002,48
GGCAGGGCTCAGGCACTTTG_003,88
GGCAGGGCTCAGGCACTTTG_004,145
GGCAGGGCTCAGGCACTTTG_005,136
GGCAGGGCTCAGGCACTTTG_006,9
GGCAGGGCTCAGGCACTTTG_007,65
GGCAGGGCTCAGGCACTTTG_008,148
GGCAGGGCTCAGGCACTTTG_009,177
GGCAGGGCTCAGGCACTTTG_010,62
GGCAGGGCTCAGGCACTTTG_011,145
GGCAGGGCTCAGGCACTTTG_012,58
GGCAGGGCTCAGGCACTTTG_013,15
GGCAGGGCTCAGGCACTTTG_014,157
GGCAGGGCTCAGGCACTTTG_015,170
GGCAGGGCTCAGGCACTTTG_016,9
GGCAGGGCTCAGGCACTTTG_017,60
GGCAGGGCTCAGGCACTTTG_018,101
GGCAGGGCTCAGGCACTTTG_019,42
GGCAGGGCTCAGGCACTTTG_020,53
GGCAGGGCTCAGGCACTTTG_021,1
GGCAGGGCTCAGGCACTTTG_022,15
GGCAGGGCTCAGGCACTTTG_023,149
GGCAGGGCTCAGGCACTTTG_024,162
GGCAGGGCTCAGGCACTTTG_025,169
GGCAGGGCTCAGGCACTTTG_026,169
GGCAGGGCTCAGGCACTTTG_027,58
GGCAGGGCTCAGGCACTTTG_028,83
GGCAGGGCTCAGGCACTTTG_029,164
TCTATAACAGCAAAGTTCAC_001,9
TCTATAACAGCAAAGTTCAC_002,104
TCTATAACAGCAAAGTTCAC_003,191
AAAATCCAGTCTCATAGCAG_001,77
AAAATCCAGTCTCATAGCAG_002,95
AAAATCCAGTCTCATAGCAG_003,168
AAAATCCAGTCTCATAGCAG_004,116
GCTGTCTTCAAAGTCCCACG_001,105
GCTGTCTTCAAAGTCCCACG_002,58
GCTGTCTTCAAAGTCCCACG_003,150
GCTGTCTTCAAAGTCCCACG_004,71
GCTGTCTTCAAAGTCCCACG_005,60
GCTGTCTTCAAAGTCCCACG_006,135
GCTGTCTTCAAAGTCCCACG_007,110
GCTGTCTTCAAAGTCCCACG_008,110
GCTGTCTTCAAAGTCCCACG_009,61
GAGCGCCATGCGGTCCAGTG_001,142
GAGCGCCATGCGGTCCAGTG_002,103
GAGCGCCATGCGGTCCAGTG_003,18
GAGCGCCATGCGGTCCAGTG_004,11
GAGCGCCATGCGGTCCAGTG_005,74
GAGCGCCATGCGGTCCAGTG_006,117
GAGCGCCATGCGGTCCAGTG_007,144
GAGCGCCATGCGGTCCAGTG_008,149
GAGCGCCATGCGGTCCAGTG_009,99
GAGCGCCATGCGGTCCAGTG_010,78
GAGCGCCATGCGGTCCAGTG_011,26
GAGCGCCATGCGGTCCAGTG_012,192
GAGCGCCATGCGGTCCAGTG_013,65
GAGCGCCATGCGGTCCAGTG_014,91
GAGCGCCATGCGGTCCAGTG_015,158
GAGCGCCATGCGGTCCAGTG_016,16
TGTTGGTGAAGGTACTCCTG_001,190
TGTTGGTGAAGGTACTCCTG_002,158
TGTTGGTGAAGGTACTCCTG_003,72
TGTTGGTGAAGGTACTCCTG_004,92
TGTTGGTGAAGGTACTCCTG_005,125
TGTTGGTGAAGGTACTCCTG_006,149
TGTTGGTGAAGGTACTCCTG_007,194
TGTTGGTGAAGGTACTCCTG_008,123
TGTTGGTGAAGGTACTCCTG_009,177
TGTTGGTGAAGGTACTCCTG_010,58
TGTTGGTGAAGGTACTCCTG_011,15
TGTTGGTGAAGGTACTCCTG_012,150
TGTTGGTGAAGGTACTCCTG_013,181
TGTTGGTGAAGGTACTCCTG_014,117
TGTTGGTGAAGGTACTCCTG_015,36
AGTAGAACATGACATCCATG_001,150
AGTAGAACATGACATCCATG_002,198
AGTAGAACATGACATCCATG_003,4
AGTAGAACATGACATCCATG_004,92
AGTAGAACATGACATCCATG_005,146
AGTAGAACATGACATCCATG_006,51
TGTGCGGTATAGCCCTACAA_001,125
TGTGCGGTATAGCCCTACAA_002,146
TGTGCGGTATAGCCCTACAA_003,16
TGTGCGGTATAGCCCTACAA_004,166
TGTGCGGTATAGCCCTACAA_005,184
TGTGCGGTATAGCCCTACAA_006,169
CAAAGACGATGAATTGCACG_001,191
CAAAGACGATGAATTGCACG_002,28
CAAAGACGATGAATTGCACG_003,41
CAAAGACGATGAATTGCACG_004,78
CAAAGACGATGAATTGCACG_005,182
CAAAGACGATGAATTGCACG_006,147
CAAAGACGATGAATTGCACG_007,67
CAAAGACGATGAATTGCACG_008,130
CAAAGACGATGAATTGCACG_009,156
CAAAGACGATGAATTGCACG_010,134
CAAAGACGATGAATTGCACG_011,110
CAAAGACGATGAATTGCACG_012,10
AAATATGCAAATTCGTACAA_001,34
AAATATGCAAATTCGTACAA_002,98
AAATATGCAAATTCGTACAA_003,83
GCTGAGGCCACGGACGTCGG_001,169
GCTGAGGCCACGGACGTCGG_002,154
GCTGAGGCCACGGACGTCGG_003,142
GCTGAGGCCACGGACGTCGG_004,15
GCTGAGGCCACGGACGTCGG_005,193
GCTGAGGCCACGGACGTCGG_006,12
GCTGAGGCCACGGACGTCGG_007,179
GCTGAGGCCACGGACGTCGG_008,12
GCTGAGGCCACGGACGTCGG_009,5
GCTGAGGCCACGGACGTCGG_010,41
GCTGAGGCCACGGACGTCGG_011,27
GCTGAGGCCACGGACGTCGG_012,69
GCTGAGGCCACGGACGTCGG_013,141
GCTGAGGCCACGGACGTCGG_014,133
GCTGAGGCCACGGACGTCGG_015,188
GCTGAGGCCACGGACGTCGG_016,141
GCTGAGGCCACGGACGTCGG_017,80
GCTGAGGCCACGGACGTCGG_018,43
GCTGAGGCCACGGACGTCGG_019,142
GGTGCAGAGGAGGACAGCAA_001,94
GGTGCAGAGGAGGACAGCAA_002,145
GGTGCAGAGGAGGACAGCAA_003,147
GGTGCAGAGGAGGACAGCAA_004,171
GGTGCAGAGGAGGACAGCAA_005,58
GGTGCAGAGGAGGACAGCAA_006,172
GGTGCAGAGGAGGACAGCAA_007,77
GGTGCAGAGGAGGACAGCAA_008,59
GAATGGTGGCCAGGTCACCT_001,19
GAATGGTGGCCAGGTCACCT_002,5
GAATGGTGGCCAGGTCACCT_003,41
GAATGGTGGCCAGGTCACCT_004,60
GAATGGTGGCCAGGTCACCT_005,143
GAATGGTGGCCAGGTCACCT_006,137
GAATGGTGGCCAGGTCACCT_007,127
GAATGGTGGCCAGGTCACCT_008,161
GAATGGTGGCCAGGTCACCT_009,100
GAATGGTGGCCAGGTCACCT_010,189
GAATGGTGGCCAGGTCACCT_011,160
GAATGGTGGCCAGGTCACCT_012,56
GAATGGTGGCCAGGTCACCT_013,17
GAATGGTGGCCAGGTCACCT_014,149
GAATGGTGGCCAGGTCACCT_015,17
GAATGGTGGCCAGGTCACCT_016,148
GGACAGTTGTCACAGCAGAT_001,78
GGACAGTTGTCACAGCAGAT_002,56
GGACAGTTGTCACAGCAGAT_003,23
GGACAGTTGTCACAGCAGAT_004,168
GGACAGTTGTCACAGCAGAT_005,69
GGACAGTTGTCACAGCAGAT_006,130
GGACAGTTGTCACAGCAGAT_007,5
GGACAGTTGTCACAGCAGAT_008,162
GGACAGTTGTCACAGCAGAT_009,32
GGACAGTTGTCACAGCAGAT_010,22
GGACAGTTGTCACAGCAGAT_011,155
GGACAGTTGTCACAGCAGAT_012,82
GGACAGTTGTCACAGCAGAT_013,16
GGACAGTTGTCACAGCAGAT_014,1
GGACAGTTGTCACAGCAGAT_015,136
GGACAGTTGTCACAGCAGAT_016,14
GGACAGTTGTCACAGCAGAT_017,124
TACCTTATTGGGATAGCTGG_001,50
TACCTTATTGGGATAGCTGG_002,193
TACCTTATTGGGATAGCTGG_003,199
TTCTAAATGGAGACAACCTG_001,24
TTCTAAATGGAGACAACCTG_002,65
TTCTAAATGGAGACAACCTG_003,37
TTCTAAATGGAGACAACCTG_004,61
AGCTTGTGTGTAGCATCACC_001,66
AGCTTGTGTGTAGCATCACC_002,188
AGCTTGTGTGTAGCATCACC_003,31
AGCTTGTGTGTAGCATCACC_004,199
AGCTTGTGTGTAGCATCACC_005,181
AGCTTGTGTGTAGCATCACC_006,85
AGCTTGTGTGTAGCATCACC_007,50
AGCTTGTGTGTAGCATCACC_008,161
AGCTTGTGTGTAGCATCACC_009,148
AGCTTGTGTGTAGCATCACC_010,97
AGCTTGTGTGTAGCATCACC_011,144
AGCTTGTGTGTAGCATCACC_012,69
CCTCCATGTAGGTGCCACGG_001,61
CCTCCATGTAGGTGCCACGG_002,23
CCTCCATGTAGGTGCCACGG_003,58
CCTCCATGTAGGTGCCACGG_004,127
CCTCCATGTAGGTGCCACGG_005,144
CCTCCATGTAGGTGCCACGG_006,199
GCACCCGTCTAAGTTCATGA_001,159
GCACCCGTCTAAGTTCATGA_002,176
GCACCCGTCTAAGTTCATGA_003,140
GCACCCGTCTAAGTTCATGA_004,190
GCACCCGTCTAAGTTCATGA_005,93
GCACCCGTCTAAGTTCATGA_006,194
GCACCCGTCTAAGTTCATGA_007,65
GCACCCGTCTAAGTTCATGA_008,60
GCACCCGTCTAAGTTCATGA_009,56
GCACCCGTCTAAGTTCATGA_010,194
GCACCCGTCTAAGTTCATGA_011,35
GTCACATCCAGCAACCACTT_001,19
GTCACATCCAGCAACCACTT_002,6
GTCACATCCAGCAACCACTT_003,70
GTCACATCCAGCAACCACTT_004,166
GTCACATCCAGCAACCACTT_005,16
GTCACATCCAGCAACCACTT_006,40
GTCACATCCAGCAACCACTT_007,116
GTCACATCCAGCAACCACTT_008,110
GTCACATCCAGCAACCACTT_009,5
GTCACATCCAGCAACCACTT_010,22
GTCACATCCAGCAACCACTT_011,74
GTCACATCCAGCAACCACTT_012,70
GTCACATCCAGCAACCACTT_013,166
GTCACATCCAGCAACCACTT_014,101
GTCACATCCAGCAACCACTT_015,160
GTCACATCCAGCAACCACTT_016,40
GTCACATCCAGCAACCACTT_017,16
GTCACATCCAGCAACCACTT_018,52
CCTTGTCCAGAACTAACTCA_001,144
CCTTGTCCAGAACTAACTCA_002,115
CCTTGTCCAGAACTAACTCA_003,103
CCTTGTCCAGAACTAACTCA_004,146
CCTTGTCCAGAACTAACTCA_005,69
CCTTGTCCAGAACTAACTCA_006,78
CCTTGTCCAGAACTAACTCA_007,56
CCTTGTCCAGAACTAACTCA_008,105
CCTTGTCCAGAACTAACTCA_009,174
CCTTGTCCAGAACTAACTCA_010,148
CCTTGTCCAGAACTAACTCA_011,137
AGAGCTTCTTACTTCAGACA_001,78
AGAGCTTCTTACTTCAGACA_002,14
AGAGCTTCTTACTTCAGACA_003,169
AGAGCTTCTTACTTCAGACA_004,49
AGAGCTTCTTACTTCAGACA_005,9
GTTGAAAAAGAAAAGTCACA_001,38
GTTGAAAAAGAAAAGTCACA_002,83
GTTGAAAAAGAAAAGTCACA_003,122
GTTGAAAAAGAAAAGTCACA_004,101
CCCGGTACGAGGAGATCGCC_001,44
CCCGGTACGAGGAGATCGCC_002,118
CCCGGTACGAGGAGATCGCC_003,153
TACCTATGAGCATCAGAAAG_001,191
TACCTATGAGCATCAGAAAG_002,149
TACCTATGAGCATCAGAAAG_003,146
TACCTATGAGCATCAGAAAG_004,152
TACCTATGAGCATCAGAAAG_005,43
TCTAATGGATCTCCATTCGA_001,176
TCTAATGGATCTCCATTCGA_002,73
TTCTTGATTCTGCTCATGAT_001,119
TTCTTGATTCTGCTCATGAT_002,144
TTCTTGATTCTGCTCATGAT_003,172
TTCTTGATTCTGCTCATGAT_004,182
TTCTTGATTCTGCTCATGAT_005,191
TTCTTGATTCTGCTCATGAT_006,47
TTCTTGATTCTGCTCATGAT_007,78
TTCTTGATTCTGCTCATGAT_008,19
TTCTTGATTCTGCTCATGAT_009,19
TTCTTGATTCTGCTCATGAT_010,19
TTCTTGATTCTGCTCATGAT_011,168
TTCTTGATTCTGCTCATGAT_012,71
TTCTTGATTCTGCTCATGAT_013,157
TTCTTGATTCTGCTCATGAT_014,91
TTCTTGATTCTGCTCATGAT_015,81
TTCTTGATTCTGCTCATGAT_016,12
TTCTTGATTCTGCTCATGAT_017,101
TTCTTGATTCTGCTCATGAT_018,44
TTCTTGATTCTGCTCATGAT_019,94
TTCTTGATTCTGCTCATGAT_020,175
TTCTTGATTCTGCTCATGAT_021,100
TTCTTGATTCTGCTCATGAT_022,55
TTCTTGATTCTGCTCATGAT_023,99
TTCTTGATTCTGCTCATGAT_024,56
CAGGCAAGTTTGGTGACTCG_001,104
CAGGCAAGTTTGGTGACTCG_002,125
CAGGCAAGTTTGGTGACTCG_003,47
CAGGCAAGTTTGGTGACTCG_004,166
CAGGCAAGTTTGGTGACTCG_005,134
CAGGCAAGTTTGGTGACTCG_006,11
CAGGCAAGTTTGGTGACTCG_007,189
CAGGCAAGTTTGGTGACTCG_008,53
CAGGCAAGTTTGGTGACTCG_009,98
CAGGCAAGTTTGGTGACTCG_010,110
CAGGCAAGTTTGGTGACTCG_011,198
CAGGCAAGTTTGGTGACTCG_012,194
CAGGCAAGTTTGGTGACTCG_013,17
CAGGCAAGTTTGGTGACTCG_014,80
CAGGCAAGTTTGGTGACTCG_015,88
CAGGCAAGTTTGGTGACTCG_016,106
CAGGCAAGTTTGGTGACTCG_017,165
ATTTGCTGTCACTCAAGCAG_001,35
ATTTGCTGTCACTCAAGCAG_002,92
ATTTGCTGTCACTCAAGCAG_003,160
ATTTGCTGTCACTCAAGCAG_004,191
CCCGATGACTTGCGCCATCG_001,80
CCCGATGACTTGCGCCATCG_002,161
CCCGATGACTTGCGCCATCG_003,177
CCCGATGACTTGCGCCATCG_004,191
CCCGATGACTTGCGCCATCG_005,145
CCCGATGACTTGCGCCATCG_006,169
CCCGATGACTTGCGCCATCG_007,1
CCCGATGACTTGCGCCATCG_008,24
CCCGATGACTTGCGCCATCG_009,76
CCCGATGACTTGCGCCATCG_010,51
CCCGATGACTTGCGCCATCG_011,60
CCCGATGACTTGCGCCATCG_012,15
CCCGATGACTTGCGCCATCG_013,82
CCCGATGACTTGCGCCATCG_014,88
CCCGATGACTTGCGCCATCG_015,153
CCCGATGACTTGCGCCATCG_016,46
CTCACAGAACGTCAAGTCGT_001,97
CTCACAGAACGTCAAGTCGT_002,199
CTCACAGAACGTCAAGTCGT_003,28
AGTTAACGCCCAACCATCGA_001,43
AGTTAACGCCCAACCATCGA_002,106
AGTTAACGCCCAACCATCGA_003,106
AGTTAACGCCCAACCATCGA_004,48
AGTTAACGCCCAACCATCGA_005,172
AGTTAACGCCCAACCATCGA_006,68
AGTTAACGCCCAACCATCGA_007,1
AGTTAACGCCCAACCATCGA_008,77
AGTTAACGCCCAACCATCGA_009,19
AGTTAACGCCCAACCATCGA_010,57
AGTTAACGCCCAACCATCGA_011,24
AGTTAACGCCCAACCATCGA_012,130
AGTTAACGCCCAACCATCGA_013,62
AGTTAACGCCCAACCATCGA_014,55
AGTTAACGCCCAACCATCGA_015,124
AGTTAACGCCCAACCATCGA_016,66
AGTTAACGCCCAACCATCGA_017,52
AGTTAACGCCCAACCATCGA_018,62
ACCGCTCACCTTGGCTCTCA_001,104
ACCGCTCACCTTGGCTCTCA_002,189
ACCGCTCACCTTGGCTCTCA_003,34
ACCGCTCACCTTGGCTCTCA_004,155
ACCGCTCACCTTGGCTCTCA_005,34
ACCGCTCACCTTGGCTCTCA_006,172
ACCGCTCACCTTGGCTCTCA_007,139
ACCGCTCACCTTGGCTCTCA_008,105
ACCGCTCACCTTGGCTCTCA_009,70
ACCGCTCACCTTGGCTCTCA_010,88
ACCGCTCACCTTGGCTCTCA_011,39
ACCGCTCACCTTGGCTCTCA_012,77
ACCGCTCACCTTGGCTCTCA_013,155
ACAGTGGGAGCAACGCCTTG_001,83
ACAGTGGGAGCAACGCCTTG_002,83
ACAGTGGGAGCAACGCCTTG_003,6
ACAGTGGGAGCAACGCCTTG_004,185
ACAGTGGGAGCAACGCCTTG_005,130
ACAGTGGGAGCAACGCCTTG_006,24
ACAGTGGGAGCAACGCCTTG_007,53
ACAGTGGGAGCAACGCCTTG_008,145
ACAGTGGGAGCAACGCCTTG_009,153
ACAGTGGGAGCAACGCCTTG_010,198
ACAGTGGGAGCAACGCCTTG_011,130
ACAGTGGGAGCAACGCCTTG_012,19
ACAGTGGGAGCAACGCCTTG_013,174
ACAGTGGGAGCAACGCCTTG_014,13
ACAGTGGGAGCAACGCCTTG_015,67
ACAGTGGGAGCAACGCCTTG_016,120
ACAGTGGGAGCAACGCCTTG_017,194
ACAGTGGGAGCAACGCCTTG_018,123
ACAGTGGGAGCAACGCCTTG_019,150
ACAGTGGGAGCAACGCCTTG_020,184
ACAGTGGGAGCAACGCCTTG_021,149
ACAGTGGGAGCAACGCCTTG_022,198
ACAGTGGGAGCAACGCCTTG_023,149
ACAGTGGGAGCAACGCCTTG_024,77
ACAGTGGGAGCAACGCCTTG_025,9
ACAGTGGGAGCAACGCCTTG_026,67
ACAGTGGGAGCAACGCCTTG_027,15
ACAGTGGGAGCAACGCCTTG_028,136
ACAGTGGGAGCAACGCCTTG_029,67
ACAGTGGGAGCAACGCCTTG_030,197
ACAGTGGGAGCAACGCCTTG_031,95
ACAGTGGGAGCAACGCCTTG_032,57
AGGTAATCAGCTCTGATACA_001,127
AGGTAATCAGCTCTGATACA_002,140
AGGTAATCAGCTCTGATACA_003,162
AGGTAATCAGCTCTGATACA_004,169
AGGTAATCAGCTCTGATACA_005,133
CCTTAGCTGTGACATAGATG_001,82
CCTTAGCTGTGACATAGATG_002,93
GAAGCCTCAGACATTGCCAT_001,148
GAAGCCTCAGACATTGCCAT_002,170
GAAGCCTCAGACATTGCCAT_003,129
GAAGCCTCAGACATTGCCAT_004,52
GAAGCCTCAGACATTGCCAT_005,17
GAAGCCTCAGACATTGCCAT_006,48
GAAGCCTCAGACATTGCCAT_007,48
GAAGCCTCAGACATTGCCAT_008,13
GAAGCCTCAGACATTGCCAT_009,130
GAAGCCTCAGACATTGCCAT_010,10
GAAGCCTCAGACATTGCCAT_011,37
GAGGGCATTGCTAAACAGGG_001,0
GAGGGCATTGCTAAACAGGG_002,0
GAGGGCATTGCTAAACAGGG_003,193
GAGGGCATTGCTAAACAGGG_004,124
GAGGGCATTGCTAAACAGGG_005,147
GAGGGCATTGCTAAACAGGG_006,151
GAGGGCATTGCTAAACAGGG_007,2
GAGGGCATTGCTAAACAGGG_008,168
GAGGGCATTGCTAAACAGGG_009,127
GAGGGCATTGCTAAACAGGG_010,56
GAGGGCATTGCTAAACAGGG_011,78
GAGGGCATTGCTAAACAGGG_012,197
GAGGGCATTGCTAAACAGGG_013,19
GAGGGCATTGCTAAACAGGG_014,123
GAGGGCATTGCTAAACAGGG_015,169
GAGGGCATTGCTAAACAGGG_016,55
GAGGGCATTGCTAAACAGGG_017,172
GAGGGCATTGCTAAACAGGG_018,121
GAGGGCATTGCTAAACAGGG_019,94
GAGGGCATTGCTAAACAGGG_020,112
GAGGGCATTGCTAAACAGGG_021,99
TGGGGATAAAGGGATCCCCG_001,172
TGGGGATAAAGGGATCCCCG_002,141
TGGGGATAAAGGGATCCCCG_003,35
TGGGGATAAAGGGATCCCCG_004,83
TGGGGATAAAGGGATCCCCG_005,176
TGGGGATAAAGGGATCCCCG_006,197
TGGGGATAAAGGGATCCCCG_007,13
TGTTGCTGAAGGTTCAACAC_001,115
TGTTGCTGAAGGTTCAACAC_002,38
TGTTGCTGAAGGTTCAACAC_003,146
TGTTGCTGAAGGTTCAACAC_004,91
TGTTGCTGAAGGTTCAACAC_005,106
TGTTGCTGAAGGTTCAACAC_006,4
TGTTGCTGAAGGTTCAACAC_007,117
TGTTGCTGAAGGTTCAACAC_008,160
TTCCATGCTAGCAATGCACG_001,106
TTCCATGCTAGCAATGCACG_002,121
TTCCATGCTAGCAATGCACG_003,197
TTCCATGCTAGCAATGCACG_004,36
TTCCATGCTAGCAATGCACG_005,46
CACCTGGCGTACTGTCCGAG_001,48
CACCTGGCGTACTGTCCGAG_002,177
CACCTGGCGTACTGTCCGAG_003,170
CACCTGGCGTACTGTCCGAG_004,190
CACCTGGCGTACTGTCCGAG_005,101
CACCTGGCGTACTGTCCGAG_006,17
CACCTGGCGTACTGTCCGAG_007,127
CTTCATGTACCGATGCACAT_001,166
CTTCATGTACCGATGCACAT_002,62
CTTCATGTACCGATGCACAT_003,152
CTTCATGTACCGATGCACAT_004,77
CTTCATGTACCGATGCACAT_005,165
CTTCATGTACCGATGCACAT_006,48
CTTCATGTACCGATGCACAT_007,121
CTTCATGTACCGATGCACAT_008,191
CTTCATGTACCGATGCACAT_009,103
CTTCATGTACCGATGCACAT_010,19
CTTCATGTACCGATGCACAT_011,1
CTTCATGTACCGATGCACAT_012,191
CTTCATGTACCGATGCACAT_013,150
GAAAGAAGACAGTCAAACAA_001,174
GAAAGAAGACAGTCAAACAA_002,50
GAAAGAAGACAGTCAAACAA_003,35
GAAAGAAGACAGTCAAACAA_004,99
GAAAGAAGACAGTCAAACAA_005,63
GAAAGAAGACAGTCAAACAA_006,19
GAAAGAAGACAGTCAAACAA_007,96
GAAAGAAGACAGTCAAACAA_008,144
GAAAGAAGACAGTCAAACAA_009,186
GAAAGAAGACAGTCAAACAA_010,88
GAAAGAAGACAGTCAAACAA_011,76
GAAAGAAGACAGTCAAACAA_012,149
GAAAGAAGACAGTCAAACAA_013,45
GAAAGAAGACAGTCAAACAA_014,5
GAAAGAAGACAGTCAAACAA_015,2
GAAAGAAGACAGTCAAACAA_016,88
GAAAGAAGACAGTCAAACAA_017,121
AGAGTACCAGAGTCGACTGA_001,35
AGAGTACCAGAGTCGACTGA_002,62
AGAGTACCAGAGTCGACTGA_003,96
AGAGTACCAGAGTCGACTGA_004,167
TGTGTATATTCACGCCACCT_001,136
TGTGTATATTCACGCCACCT_002,128
GAGGAATCCTTAGAGCAGGT_001,151
GAGGAATCCTTAGAGCAGGT_002,83
GAGGAATCCTTAGAGCAGGT_003,174
GAGGAATCCTTAGAGCAGGT_004,89
TCACCTCCTCTGATCCACTG_001,15
TCACCTCCTCTGATCCACTG_002,127
TCACCTCCTCTGATCCACTG_003,88
TCACCTCCTCTGATCCACTG_004,191
TCACCTCCTCTGATCCACTG_005,141
TCACCTCCTCTGATCCACTG_006,101
TCACCTCCTCTGATCCACTG_007,76
TCACCTCCTCTGATCCACTG_008,192
TCACCTCCTCTGATCCACTG_009,24
TCACCTCCTCTGATCCACTG_010,88
TCACCTCCTCTGATCCACTG_011,115
TCACCTCCTCTGATCCACTG_012,31
TCACCTCCTCTGATCCACTG_013,107
TCACCTCCTCTGATCCACTG_014,28
TCACCTCCTCTGATCCACTG_015,193
CCTCACCCCTGCACCCGCAG_001,20
CCTCACCCCTGCACCCGCAG_002,118
CCTCACCCCTGCACCCGCAG_003,27
CCTCACCCCTGCACCCGCAG_004,118
CCTCACCCCTGCACCCGCAG_005,118
CCTCACCCCTGCACCCGCAG_006,47
CCTCACCCCTGCACCCGCAG_007,47
CCTCACCCCTGCACCCGCAG_008,6
CCTCACCCCTGCACCCGCAG_009,6
CCTCACCCCTGCACCCGCAG_010,111
CCTCACCCCTGCACCCGCAG_011,80
CCTCACCCCTGCACCCGCAG_012,137
CCTCACCCCTGCACCCGCAG_013,169
CCTCACCCCTGCACCCGCAG_014,74
CCTCACCCCTGCACCCGCAG_015,168
CCTCACCCCTGCACCCGCAG_016,10
CCTCACCCCTGCACCCGCAG_017,149
CCTCACCCCTGCACCCGCAG_018,140
CCTCACCCCTGCACCCGCAG_019,56
CCTCACCCCTGCACCCGCAG_020,50
CCTCACCCCTGCACCCGCAG_021,74
CCTCACCCCTGCACCCGCAG_022,29
CCTCACCCCTGCACCCGCAG_023,32
CCTCACCCCTGCACCCGCAG_024,75
CCTCACCCCTGCACCCGCAG_025,94
CCTCACCCCTGCACCCGCAG_026,169
CCTCACCCCTGCACCCGCAG_027,169
CCTCACCCCTGCACCCGCAG_028,175
CCTCACCCCTGCACCCGCAG_029,63
CCTCACCCCTGCACCCGCAG_030,124
CCTCACCCCTGCACCCGCAG_031,42
CCTCACCCCTGCACCCGCAG_032,105
CCTCACCCCTGCACCCGCAG_033,48
CCTCACCCCTGCACCCGCAG_034,16
CCTCACCCCTGCACCCGCAG_035,168
CCTCACCCCTGCACCCGCAG_036,171
CCTCACCCCTGCACCCGCAG_037,12
CCTCACCCCTGCACCCGCAG_038,37
CCTCACCCCTGCACCCGCAG_039,119
CCTCACCCCTGCACCCGCAG_040,40
CCTCACCCCTGCACCCGCAG_041,129
CCTCACCCCTGCACCCGCAG_042,186
GGTCCCTCTGGCTGGGTTAA_001,36
GGTCCCTCTGGCTGGGTTAA_002,3
GGTCCCTCTGGCTGGGTTAA_003,152
GGTCCCTCTGGCTGGGTTAA_004,51
GGTCCCTCTGGCTGGGTTAA_005,98
GGTCCCTCTGGCTGGGTTAA_006,120
GGTCCCTCTGGCTGGGTTAA_007,171
GGTCCCTCTGGCTGGGTTAA_008,144
GGTCCCTCTGGCTGGGTTAA_009,188
GGTCCCTCTGGCTGGGTTAA_010,52
GGTCCCTCTGGCTGGGTTAA_011,172
GGTCCCTCTGGCTGGGTTAA_012,33
TAAGTATCGACCTCGTCGGA_001,119
TAAGTATCGACCTCGTCGGA_002,48
TAAGTATCGACCTCGTCGGA_003,1
TAAGTATCGACCTCGTCGGA_004,40
TAAGTATCGACCTCGTCGGA_005,48
TAAGTATCGACCTCGTCGGA_006,4
TAAGTATCGACCTCGTCGGA_007,4
CTTCCCAAATCGTTTAAACG_001,64
CTTCCCAAATCGTTTAAACG_002,105
CTTCCCAAATCGTTTAAACG_003,77
CTTCCCAAATCGTTTAAACG_004,97
CCTCGAACTGCACCATAGGT_001,176
CCTCGAACTGCACCATAGGT_002,159
CCTCGAACTGCACCATAGGT_003,60
CCTCGAACTGCACCATAGGT_004,197
CAAGGAGCCCTGCCACCCCA_001,73
CAAGGAGCCCTGCCACCCCA_002,0
CAAGGAGCCCTGCCACCCCA_003,65
CAAGGAGCCCTGCCACCCCA_004,4
CAAGGAGCCCTGCCACCCCA_005,48
CAAGGAGCCCTGCCACCCCA_006,138
CAAGGAGCCCTGCCACCCCA_007,180
CAAGGAGCCCTGCCACCCCA_008,66
CAAGGAGCCCTGCCACCCCA_009,96
CAAGGAGCCCTGCCACCCCA_010,136
CAAGGAGCCCTGCCACCCCA_011,102
CAAGGAGCCCTGCCACCCCA_012,89
CAAAATCTTGCCCAGCACAG_001,14
CAAAATCTTGCCCAGCACAG_002,68
CAAAATCTTGCCCAGCACAG_003,178
CAAAATCTTGCCCAGCACAG_004,146
CAAAATCTTGCCCAGCACAG_005,32
CAAAATCTTGCCCAGCACAG_006,77
CAAAATCTTGCCCAGCACAG_007,28
AGCGGGGACTTCTCGGTCCG_001,59
AGCGGGGACTTCTCGGTCCG_002,197
AGCGGGGACTTCTCGGTCCG_003,168
AGCGGGGACTTCTCGGTCCG_004,128
AGCGGGGACTTCTCGGTCCG_005,128
AGCGGGGACTTCTCGGTCCG_006,188
AGCGGGGACTTCTCGGTCCG_007,17
AGCGGGGACTTCTCGGTCCG_008,113
AGCGGGGACTTCTCGGTCCG_009,94
AGCGGGGACTTCTCGGTCCG_010,31
AGCGGGGACTTCTCGGTCCG_011,105
AGCGGGGACTTCTCGGTCCG_012,182
AGCGGGGACTTCTCGGTCCG_013,55
AGCGGGGACTTCTCGGTCCG_014,109
AGCGGGGACTTCTCGGTCCG_015,58
AGCGGGGACTTCTCGGTCCG_016,147
AGCGGGGACTTCTCGGTCCG_017,187
AGCGGGGACTTCTCGGTCCG_018,4
AGCGGGGACTTCTCGGTCCG_019,190
AGCGGGGACTTCTCGGTCCG_020,76
AGCGGGGACTTCTCGGTCCG_021,127
AGCGGGGACTTCTCGGTCCG_022,48
AGCGGGGACTTCTCGGTCCG_023,84
AGCGGGGACTTCTCGGTCCG_024,13
AGCGGGGACTTCTCGGTCCG_025,199
AGCGGGGACTTCTCGGTCCG_026,196
AGCGGGGACTTCTCGGTCCG_027,27
AGCGGGGACTTCTCGGTCCG_028,9
AGCGGGGACTTCTCGGTCCG_029,175
AGCGGGGACTTCTCGGTCCG_030,124
AGCGGGGACTTCTCGGTCCG_031,6
AGCGGGGACTTCTCGGTCCG_032,100
AGCGGGGACTTCTCGGTCCG_033,139
AGCGGGGACTTCTCGGTCCG_034,145
AGCGGGGACTTCTCGGTCCG_035,64
AGCGGGGACTTCTCGGTCCG_036,42
AGCGGGGACTTCTCGGTCCG_037,0
AGCGGGGACTTCTCGGTCCG_038,110
AGCGGGGACTTCTCGGTCCG_039,41
AGCGGGGACTTCTCGGTCCG_040,121
AGCGGGGACTTCTCGGTCCG_041,76
AGCGGGGACTTCTCGGTCCG_042,102
AGCGGGGACTTCTCGGTCCG_043,19
AGCGGGGACTTCTCGGTCCG_044,166
AGCGGGGACTTCTCGGTCCG_045,2
GCAAGGGTAATTATGCCGAG_001,174
GCAAGGGTAATTATGCCGAG_002,192
GCAAGGGTAATTATGCCGAG_003,138
TCAACCTTGTGCTCATCGGG_001,5
TCAACCTTGTGCTCATCGGG_002,69
TCAACCTTGTGCTCATCGGG_003,67
TCAACCTTGTGCTCATCGGG_004,151
TCAACCTTGTGCTCATCGGG_005,67
AACTAGCAGAGATACACAGT_001,184
AACTAGCAGAGATACACAGT_002,70
AACTAGCAGAGATACACAGT_003,11
AACTAGCAGAGATACACAGT_004,199
AACTAGCAGAGATACACAGT_005,88
AACTAGCAGAGATACACAGT_006,162
AACTAGCAGAGATACACAGT_007,91
AACTAGCAGAGATACACAGT_008,177
AACTAGCAGAGATACACAGT_009,190
AACTAGCAGAGATACACAGT_010,153
AACTAGCAGAGATACACAGT_011,69
AACTAGCAGAGATACACAGT_012,43
AACTAGCAGAGATACACAGT_013,35
AACTAGCAGAGATACACAGT_014,77
AACTAGCAGAGATACACAGT_015,117
GGGTGGATAGGCCATCGGTG_001,60
GGGTGGATAGGCCATCGGTG_002,127
GGGTGGATAGGCCATCGGTG_003,83
GGGTGGATAGGCCATCGGTG_004,73
GGGTGGATAGGCCATCGGTG_005,124
GGGTGGATAGGCCATCGGTG_006,83
GGGTGGATAGGCCATCGGTG_007,37
GGGTGGATAGGCCATCGGTG_008,173
GGGTGGATAGGCCATCGGTG_009,144
GGGTGGATAGGCCATCGGTG_010,180
GGGTGGATAGGCCATCGGTG_011,12
TCTGGCCAGAGACATTCCGC_001,22
AATGGCAGACAAACCAGACA_001,80
AATGGCAGACAAACCAGACA_002,157
AATGGCAGACAAACCAGACA_003,48
AATGGCAGACAAACCAGACA_004,178
AATGGCAGACAAACCAGACA_005,2
AGCTGGGTAACAGGAACCCG_001,142
AGCTGGGTAACAGGAACCCG_002,183
AGCTGGGTAACAGGAACCCG_003,51
AGCTGGGTAACAGGAACCCG_004,2
AGCTGGGTAACAGGAACCCG_005,19
AGCTGGGTAACAGGAACCCG_006,96
AGCTGGGTAACAGGAACCCG_007,45
AGCTGGGTAACAGGAACCCG_008,8
AGCTGGGTAACAGGAACCCG_009,127
AGCTGGGTAACAGGAACCCG_010,172
AGCTGGGTAACAGGAACCCG_011,43
AGCTGGGTAACAGGAACCCG_012,49
AGCTGGGTAACAGGAACCCG_013,33
AGCTGGGTAACAGGAACCCG_014,46
AGCTGGGTAACAGGAACCCG_015,7
AGCTGGGTAACAGGAACCCG_016,193
AGCTGGGTAACAGGAACCCG_017,40
AGCTGGGTAACAGGAACCCG_018,19
GTAAGAAGGACAATGAATGG_001,34
GTAAGAAGGACAATGAATGG_002,14
GTAAGAAGGACAATGAATGG_003,57
GTAAGAAGGACAATGAATGG_004,94
GTAAGAAGGACAATGAATGG_005,55
GTAAGAAGGACAATGAATGG_006,75
GTAAGAAGGACAATGAATGG_007,170
GTAAGAAGGACAATGAATGG_008,55
GTAAGAAGGACAATGAATGG_009,144
GTAAGAAGGACAATGAATGG_010,118
GTAAGAAGGACAATGAATGG_011,50
GTAAGAAGGACAATGAATGG_012,105
TTGGTGGTGTTCAGTTGTGG_001,78
TTGGTGGTGTTCAGTTGTGG_002,154
TTGGTGGTGTTCAGTTGTGG_003,83
TTGGTGGTGTTCAGTTGTGG_004,194
AGAAACCACCCACTAAAAGT_001,130
AGAAACCACCCACTAAAAGT_002,157
AGAAACCACCCACTAAAAGT_003,130
AGAAACCACCCACTAAAAGT_004,130
AAAAGGTCCACACATTCAGA_001,198
AAAAGGTCCACACATTCAGA_002,95
AAAAGGTCCACACATTCAGA_003,31
AAAAGGTCCACACATTCAGA_004,185
AAAAGGTCCACACATTCAGA_005,66
AAAAGGTCCACACATTCAGA_006,60
AAAAGGTCCACACATTCAGA_007,2
AAAAGGTCCACACATTCAGA_008,44
AAAAGGTCCACACATTCAGA_009,116
AAAAGGTCCACACATTCAGA_010,44
AAAAGGTCCACACATTCAGA_011,77
AAAAGGTCCACACATTCAGA_012,43
AAAAGGTCCACACATTCAGA_013,124
AAAAGGTCCACACATTCAGA_014,35
CAGCCTGCAGGAAATCGACG_001,41
CAGCCTGCAGGAAATCGACG_002,147
CAGCCTGCAGGAAATCGACG_003,94
CAGCCTGCAGGAAATCGACG_004,148
CAGCCTGCAGGAAATCGACG_005,70
CAGCCTGCAGGAAATCGACG_006,177
CAGCCTGCAGGAAATCGACG_007,162
CAGCCTGCAGGAAATCGACG_008,7
CAGCCTGCAGGAAATCGACG_009,199
CAGCCTGCAGGAAATCGACG_010,57
CAGCCTGCAGGAAATCGACG_011,21
CAGCCTGCAGGAAATCGACG_012,30
CAGCCTGCAGGAAATCGACG_013,172
CAGCCTGCAGGAAATCGACG_014,197
CAGCCTGCAGGAAATCGACG_015,78
CAGCCTGCAGGAAATCGACG_016,38
AGCTGTCAGCGATAACAGAA_001,49
AGCTGTCAGCGATAACAGAA_002,48
AGCTGTCAGCGATAACAGAA_003,14
AGCTGTCAGCGATAACAGAA_004,50
AGCTGTCAGCGATAACAGAA_005,155
AGCTGTCAGCGATAACAGAA_006,49
AGCTGTCAGCGATAACAGAA_007,94
AGCTGTCAGCGATAACAGAA_008,49
AGCTGTCAGCGATAACAGAA_009,18
AGCTGTCAGCGATAACAGAA_010,169
AGCTGTCAGCGATAACAGAA_011,65
AGCTGTCAGCGATAACAGAA_012,65
AGCTGTCAGCGATAACAGAA_013,97
AGCTGTCAGCGATAACAGAA_014,149
AGCTGTCAGCGATAACAGAA_015,51
AGCTGTCAGCGATAACAGAA_016,4
CAGAGTCAGCCCTTTGTGAG_001,104
CAGAGTCAGCCCTTTGTGAG_002,78
CAGAGTCAGCCCTTTGTGAG_003,79
CAGAGTCAGCCCTTTGTGAG_004,61
CAGAGTCAGCCCTTTGTGAG_005,158
CAGAGTCAGCCCTTTGTGAG_006,129
CAGAGTCAGCCCTTTGTGAG_007,123
CAGAGTCAGCCCTTTGTGAG_008,15
CAGAGTCAGCCCTTTGTGAG_009,63
CAGAGTCAGCCCTTTGTGAG_010,59
GACTGACATCCCGCCTGACG_001,140
GACTGACATCCCGCCTGACG_002,169
GACTGACATCCCGCCTGACG_003,14
GACTGACATCCCGCCTGACG_004,192
CACCAGCAGAAATACAGCCC_001,30
CCTGTGGCTCCACAAGCGAT_001,19
CCTGTGGCTCCACAAGCGAT_002,19
CCTGTGGCTCCACAAGCGAT_003,108
CCTGTGGCTCCACAAGCGAT_004,125
CCTGTGGCTCCACAAGCGAT_005,45
CCTGTGGCTCCACAAGCGAT_006,75
CCTGTGGCTCCACAAGCGAT_007,192
CCTGTGGCTCCACAAGCGAT_008,73
CCTGTGGCTCCACAAGCGAT_009,58
CCTGTGGCTCCACAAGCGAT_010,13
CCTGTGGCTCCACAAGCGAT_011,104
GGTGGCTATGGTAGTCGTGG_001,75
GGTGGCTATGGTAGTCGTGG_002,104
GGTGGCTATGGTAGTCGTGG_003,168
GACAATAGGGCGAGGTCGCG_001,62
GACAATAGGGCGAGGTCGCG_002,50
GACAATAGGGCGAGGTCGCG_003,41
GACAATAGGGCGAGGTCGCG_004,163
GACAATAGGGCGAGGTCGCG_005,177
GACAATAGGGCGAGGTCGCG_006,9
GACAATAGGGCGAGGTCGCG_007,82
GACAATAGGGCGAGGTCGCG_008,125
GACAATAGGGCGAGGTCGCG_009,184
GACAATAGGGCGAGGTCGCG_010,199
GACAATAGGGCGAGGTCGCG_011,117
GACAATAGGGCGAGGTCGCG_012,170
GACAATAGGGCGAGGTCGCG_013,172
GACAATAGGGCGAGGTCGCG_014,162
TCATGTGGACACAAAATCCG_001,191
TCATGTGGACACAAAATCCG_002,61
TCATGTGGACACAAAATCCG_003,75
TCATGTGGACACAAAATCCG_004,146
TCATGTGGACACAAAATCCG_005,67
TCATGTGGACACAAAATCCG_006,144
GTGTAGCACTACGTCCGGGT_001,98
GTGTAGCACTACGTCCGGGT_002,141
GTGTAGCACTACGTCCGGGT_003,48
GTGTAGCACTACGTCCGGGT_004,162
GTGTAGCACTACGTCCGGGT_005,10
GTGTAGCACTACGTCCGGGT_006,37
GTGTAGCACTACGTCCGGGT_007,104
AAAGACGTTGAAAACAAATG_001,184
AAGTGTGAGCACTAATAACA_001,105
AAGTGTGAGCACTAATAACA_002,139
AAGTGTGAGCACTAATAACA_003,170
AAGTGTGAGCACTAATAACA_004,56
AAGTGTGAGCACTAATAACA_005,190
AAGTGTGAGCACTAATAACA_006,159
TTGCTCATGCCCATGCCAGG_001,133
TTGCTCATGCCCATGCCAGG_002,82
TTGCTCATGCCCATGCCAGG_003,146
GTTTGACTTCACGCTAATGG_001,77
GTTTGACTTCACGCTAATGG_002,57
GTTTGACTTCACGCTAATGG_003,128
GTTTGACTTCACGCTAATGG_004,1
GTTTGACTTCACGCTAATGG_005,181
GTTTGACTTCACGCTAATGG_006,184
CTACAGAACCTGTAGCAACA_001,86
CTACAGAACCTGTAGCAACA_002,84
CTCCCAGTACCAGTCAGTTC_001,83
CTCCCAGTACCAGTCAGTTC_002,100
CTCCCAGTACCAGTCAGTTC_003,8
CCCGAAGCCTCTTGTCACTG_001,191
CCCGAAGCCTCTTGTCACTG_002,191
CCCGAAGCCTCTTGTCACTG_003,78
CCCGAAGCCTCTTGTCACTG_004,35
CCCGAAGCCTCTTGTCACTG_005,38
CCCGAAGCCTCTTGTCACTG_006,160
CCCGAAGCCTCTTGTCACTG_007,11
CCCGAAGCCTCTTGTCACTG_008,56
CCCGAAGCCTCTTGTCACTG_009,94
GACCAGCACCTTGATTAGGG_001,8
GACCAGCACCTTGATTAGGG_002,89
GACCAGCACCTTGATTAGGG_003,197
GACCAGCACCTTGATTAGGG_004,12
GACCAGCACCTTGATTAGGG_005,94
TTACCTCAGACGTAGACACT_001,148
TTACCTCAGACGTAGACACT_002,105
TTACCTCAGACGTAGACACT_003,129
TTACCTCAGACGTAGACACT_004,194
TTACCTCAGACGTAGACACT_005,6
TTACCTCAGACGTAGACACT_006,178
TTACCTCAGACGTAGACACT_007,72
TTACCTCAGACGTAGACACT_008,48
TTACCTCAGACGTAGACACT_009,35
TTACCTCAGACGTAGACACT_010,84
TTACCTCAGACGTAGACACT_011,162
TTACCTCAGACGTAGACACT_012,53
TTACCTCAGACGTAGACACT_013,154
TTACCTCAGACGTAGACACT_014,36
TTACCTCAGACGTAGACACT_015,15
TTACCTCAGACGTAGACACT_016,35
TTACCTCAGACGTAGACACT_017,15
TTACCTCAGACGTAGACACT_018,36
TTACCTCAGACGTAGACACT_019,111
TTACCTCAGACGTAGACACT_020,102
TTACCTCAGACGTAGACACT_021,49
TTACCTCAGACGTAGACACT_022,59
TTACCTCAGACGTAGACACT_023,83
TGAGGAATAAATGTATACAA_001,53
GACCCATGCGCGTTCCAGCG_001,145
GACCCATGCGCGTTCCAGCG_002,168
GACCCATGCGCGTTCCAGCG_003,37
GACCCATGCGCGTTCCAGCG_004,113
GACCCATGCGCGTTCCAGCG_005,17
GACCCATGCGCGTTCCAGCG_006,9
CCTAGAATTCCAATCCTCAG_001,151
CAGCTGCCACCCGATGAACG_001,81
CAGCTGCCACCCGATGAACG_002,152
CAGCTGCCACCCGATGAACG_003,127
CAGCTGCCACCCGATGAACG_004,26
CAGCTGCCACCCGATGAACG_005,59
CAGCTGCCACCCGATGAACG_006,118
CAGCTGCCACCCGATGAACG_007,160
CAGCTGCCACCCGATGAACG_008,156
CAGCTGCCACCCGATGAACG_009,121
CAGCTGCCACCCGATGAACG_010,194
CAGCTGCCACCCGATGAACG_011,184
CAGCTGCCACCCGATGAACG_012,68
CAGCTGCCACCCGATGAACG_013,17
CAGCTGCCACCCGATGAACG_014,120
CAGCTGCCACCCGATGAACG_015,40
CAGCTGCCACCCGATGAACG_016,118
CAGCTGCCACCCGATGAACG_017,48
CAGCTGCCACCCGATGAACG_018,1
CAGCTGCCACCCGATGAACG_019,130
GGAAGTGTCGGCTTTCATGG_001,110
GGAAGTGTCGGCTTTCATGG_002,150
GGAAGTGTCGGCTTTCATGG_003,169
GGAAGTGTCGGCTTTCATGG_004,122
GGAAGTGTCGGCTTTCATGG_005,24
GGAAGTGTCGGCTTTCATGG_006,179
GGAAGTGTCGGCTTTCATGG_007,126
TATTCGTCTGACTGATGACA_001,172
ACCAATGACAAGAGTCTCGG_001,169
ACCAATGACAAGAGTCTCGG_002,77
ACCAATGACAAGAGTCTCGG_003,108
ACCAATGACAAGAGTCTCGG_004,137
ACCAATGACAAGAGTCTCGG_005,149
ACCAATGACAAGAGTCTCGG_006,16
ACCAATGACAAGAGTCTCGG_007,134
ACCAATGACAAGAGTCTCGG_008,60
ACCAATGACAAGAGTCTCGG_009,102
ACCAATGACAAGAGTCTCGG_010,149
ACCAATGACAAGAGTCTCGG_011,157
ACCAATGACAAGAGTCTCGG_012,144
ACCAATGACAAGAGTCTCGG_013,137
ACCAATGACAAGAGTCTCGG_014,29
ACCAATGACAAGAGTCTCGG_015,182
ACCAATGACAAGAGTCTCGG_016,159
ACCAATGACAAGAGTCTCGG_017,49
ACCAATGACAAGAGTCTCGG_018,152
CCATCCACATTAGGGAACAA_001,134
CCATCCACATTAGGGAACAA_002,160
CCATCCACATTAGGGAACAA_003,41
CCATCCACATTAGGGAACAA_004,2
CCATCCACATTAGGGAACAA_005,16
CCATCCACATTAGGGAACAA_006,17
CCATCCACATTAGGGAACAA_007,120
CCATCCACATTAGGGAACAA_008,140
CCATCCACATTAGGGAACAA_009,58
GTGCCGGTGACCAAGCACAG_001,11
GTGCCGGTGACCAAGCACAG_002,88
GTGCCGGTGACCAAGCACAG_003,39
GTGCCGGTGACCAAGCACAG_004,198
GTGCCGGTGACCAAGCACAG_005,153
GTGCCGGTGACCAAGCACAG_006,105
GTGCCGGTGACCAAGCACAG_007,152
GTGCCGGTGACCAAGCACAG_008,19
GTGCCGGTGACCAAGCACAG_009,184
GTGCCGGTGACCAAGCACAG_010,106
GTGCCGGTGACCAAGCACAG_011,153
AAGTCTACAAACACAGCCCG_001,151
AAGTCTACAAACACAGCCCG_002,154
AAGTCTACAAACACAGCCCG_003,105
AAGTCTACAAACACAGCCCG_004,48
AAGTCTACAAACACAGCCCG_005,103
AAGTCTACAAACACAGCCCG_006,148
AAGTCTACAAACACAGCCCG_007,70
AAGTCTACAAACACAGCCCG_008,48
AAGTCTACAAACACAGCCCG_009,12
AAGTCTACAAACACAGCCCG_010,39
GAGATGAACCTCTAACACAG_001,116
GAGATGAACCTCTAACACAG_002,154
GAGATGAACCTCTAACACAG_003,41
GAGATGAACCTCTAACACAG_004,63
GAGATGAACCTCTAACACAG_005,125
GAGATGAACCTCTAACACAG_006,127
GAGATGAACCTCTAACACAG_007,158
GAGATGAACCTCTAACACAG_008,194
GAGATGAACCTCTAACACAG_009,158
GATACAGTGGAGAGGTCGGT_001,70
GATACAGTGGAGAGGTCGGT_002,59
GATACAGTGGAGAGGTCGGT_003,130
GATACAGTGGAGAGGTCGGT_004,166
GATACAGTGGAGAGGTCGGT_005,190
GATACAGTGGAGAGGTCGGT_006,160
GATACAGTGGAGAGGTCGGT_007,116
GATACAGTGGAGAGGTCGGT_008,11
GATACAGTGGAGAGGTCGGT_009,191
GATACAGTGGAGAGGTCGGT_010,174
GTGGCGACCATCCCAAGATG_001,57
AGTGGCCGTTCATCATGCCC_001,106
AGTGGCCGTTCATCATGCCC_002,134
AGTGGCCGTTCATCATGCCC_003,16
CGGGCGCGTAGGGCGCGTAG_001,176
CGGGCGCGTAGGGCGCGTAG_002,158
CGGGCGCGTAGGGCGCGTAG_003,145
CGGGCGCGTAGGGCGCGTAG_004,117
CGGGCGCGTAGGGCGCGTAG_005,162
CGGGCGCGTAGGGCGCGTAG_006,54
CGGGCGCGTAGGGCGCGTAG_007,81
CGGGCGCGTAGGGCGCGTAG_008,146
CGGGCGCGTAGGGCGCGTAG_009,105
CGGGCGCGTAGGGCGCGTAG_010,78
CGGGCGCGTAGGGCGCGTAG_011,171
CGGGCGCGTAGGGCGCGTAG_012,83
CGGGCGCGTAGGGCGCGTAG_013,50
CGGGCGCGTAGGGCGCGTAG_014,124
CAAGATAATTGTAACCATAC_001,130
GAAGATAATCGTGTTAACTC_001,152
GAAGATAATCGTGTTAACTC_002,164
TCAGTTTCCTACACCATCCG_001,165
TCAGTTTCCTACACCATCCG_002,102
TCAGTTTCCTACACCATCCG_003,147
TCAGTTTCCTACACCATCCG_004,141
TCAGTTTCCTACACCATCCG_005,161
TCAGTTTCCTACACCATCCG_006,68
TCAGTTTCCTACACCATCCG_007,68
TCAGTTTCCTACACCATCCG_008,179
TCAGTTTCCTACACCATCCG_009,81
TCAGTTTCCTACACCATCCG_010,2
TCAGTTTCCTACACCATCCG_011,56
TCAGTTTCCTACACCATCCG_012,175
TCAGTTTCCTACACCATCCG_013,48
TCAGTTTCCTACACCATCCG_014,119
AGCTTTAGCTCTAGGCGTGT_001,3
GGTGGTGGTAACAATAACAG_001,105
GGTGGTGGTAACAATAACAG_002,88
GGTGGTGGTAACAATAACAG_003,166
GGTGGTGGTAACAATAACAG_004,42
GGTGGTGGTAACAATAACAG_005,30
GGTGGTGGTAACAATAACAG_006,149
GGTGGTGGTAACAATAACAG_007,168
GGTGGTGGTAACAATAACAG_008,127
GGTGGTGGTAACAATAACAG_009,44
GGTGGTGGTAACAATAACAG_010,88
CATGTGGAACGCTCTCTACA_001,60
CATGTGGAACGCTCTCTACA_002,104
CATGTGGAACGCTCTCTACA_003,95
CATGTGGAACGCTCTCTACA_004,91
AAATCATGACCTATGTAACA_001,1
AAATCATGACCTATGTAACA_002,35
AAATCATGACCTATGTAACA_003,16
AAATCATGACCTATGTAACA_004,192
AAATCATGACCTATGTAACA_005,177
AAATCATGACCTATGTAACA_006,126
AAATCATGACCTATGTAACA_007,33
AAATCATGACCTATGTAACA_008,179
AAATCATGACCTATGTAACA_009,159
AAATCATGACCTATGTAACA_010,169
AAATCATGACCTATGTAACA_011,127
AAATCATGACCTATGTAACA_012,171
AAATCATGACCTATGTAACA_013,134
ACTGCGTGTGCTGGAAACGC_001,181
ACTGCGTGTGCTGGAAACGC_002,56
ACTGCGTGTGCTGGAAACGC_003,36
ACTGCGTGTGCTGGAAACGC_004,163
AATGAACTCACCTTTAAACA_001,160
AATGAACTCACCTTTAAACA_002,76
AATGAACTCACCTTTAAACA_003,19
AATGAACTCACCTTTAAACA_004,166
AATGAACTCACCTTTAAACA_005,153
GGAAAGAATCGCCCTCACTG_001,43
GGAAAGAATCGCCCTCACTG_002,188
GGAAAGAATCGCCCTCACTG_003,183
GGAAAGAATCGCCCTCACTG_004,1
GGAAAGAATCGCCCTCACTG_005,49
GGAAAGAATCGCCCTCACTG_006,137
GGAAAGAATCGCCCTCACTG_007,82
GGAAAGAATCGCCCTCACTG_008,15
GGAAAGAATCGCCCTCACTG_009,13
GGAAAGAATCGCCCTCACTG_010,33
GGAAAGAATCGCCCTCACTG_011,48
GGAAAGAATCGCCCTCACTG_012,192
GGAAAGAATCGCCCTCACTG_013,128
GGAAAGAATCGCCCTCACTG_014,106
GGAAAGAATCGCCCTCACTG_015,46
GGAAAGAATCGCCCTCACTG_016,138
GGAAAGAATCGCCCTCACTG_017,70
GGAAAGAATCGCCCTCACTG_018,142
GGAAAGAATCGCCCTCACTG_019,47
ACATATGCAACCTATGAGAG_001,169
ACATATGCAACCTATGAGAG_002,174
ACATATGCAACCTATGAGAG_003,28
ACATATGCAACCTATGAGAG_004,88
ACATATGCAACCTATGAGAG_005,184
CTTGATCCGCATACCCACAA_001,169
CTTGATCCGCATACCCACAA_002,181
CTTGATCCGCATACCCACAA_003,30
CTTGATCCGCATACCCACAA_004,174
CTTGATCCGCATACCCACAA_005,44
CTTGATCCGCATACCCACAA_006,43
CTTGATCCGCATACCCACAA_007,105
CTTGATCCGCATACCCACAA_008,158
CTTGATCCGCATACCCACAA_009,113
CTTGATCCGCATACCCACAA_010,102
CTTGATCCGCATACCCACAA_011,105
CTTGATCCGCATACCCACAA_012,136
CTTGATCCGCATACCCACAA_013,136
CTTGATCCGCATACCCACAA_014,47
CTTGATCCGCATACCCACAA_015,6
CTTGATCCGCATACCCACAA_016,17
CTTGATCCGCATACCCACAA_017,70
GCTGTTGAGAGTGTGGTCCG_001,4
GCTGTTGAGAGTGTGGTCCG_002,136
GCTGTTGAGAGTGTGGTCCG_003,19
GCTGTTGAGAGTGTGGTCCG_004,98
GCTGTTGAGAGTGTGGTCCG_005,162
GCTGTTGAGAGTGTGGTCCG_006,4
GCTGTTGAGAGTGTGGTCCG_007,96
GCTGTTGAGAGTGTGGTCCG_008,89
GCTGTTGAGAGTGTGGTCCG_009,142
GCTGTTGAGAGTGTGGTCCG_010,96
CCTACCTAAAGGTCAGATGG_001,68
CCTACCTAAAGGTCAGATGG_002,170
CCTACCTAAAGGTCAGATGG_003,17
CCTACCTAAAGGTCAGATGG_004,12
CCTACCTAAAGGTCAGATGG_005,181
CCTACCTAAAGGTCAGATGG_006,17
CCTACCTAAAGGTCAGATGG_007,160
CCTACCTAAAGGTCAGATGG_008,58
CCTACCTAAAGGTCAGATGG_009,170
CCTACCTAAAGGTCAGATGG_010,150
CCTACCTAAAGGTCAGATGG_011,160
CCTACCTAAAGGTCAGATGG_012,113
CCTACCTAAAGGTCAGATGG_013,95
CCTACCTAAAGGTCAGATGG_014,78
CCTACCTAAAGGTCAGATGG_015,175
CCTACCTAAAGGTCAGATGG_016,56
CCTACCTAAAGGTCAGATGG_017,182
CCTACCTAAAGGTCAGATGG_018,70
CCTACCTAAAGGTCAGATGG_019,77
TGGCTTTCACATCTGAAGGG_001,103
TGGCTTTCACATCTGAAGGG_002,169
TGGCTTTCACATCTGAAGGG_003,86
TGGCTTTCACATCTGAAGGG_004,97
AGTCTGAGGAGTCCACGTAG_001,162
AGTCTGAGGAGTCCACGTAG_002,190
AGTCTGAGGAGTCCACGTAG_003,187
AGTCTGAGGAGTCCACGTAG_004,188
ACAAAGTCTTCATTGCGACG_001,2
ACAAAGTCTTCATTGCGACG_002,35
GAAGCCAACTCCAATATGAA_001,184
GAAGCCAACTCCAATATGAA_002,162
GAAGCCAACTCCAATATGAA_003,60
GAAGCCAACTCCAATATGAA_004,127
GAAGCCAACTCCAATATGAA_005,107
GAAGCCAACTCCAATATGAA_006,77
GAAGCCAACTCCAATATGAA_007,94
GAAGCCAACTCCAATATGAA_008,156
GAAGCCAACTCCAATATGAA_009,98
GAAGCCAACTCCAATATGAA_010,146
GAAGCCAACTCCAATATGAA_011,142
GAAGCCAACTCCAATATGAA_012,28
GAAGCCAACTCCAATATGAA_013,82
AAGGGTTTCACGTAAGCGAT_001,13
AAGGGTTTCACGTAAGCGAT_002,31
AAGGGTTTCACGTAAGCGAT_003,179
AAGGGTTTCACGTAAGCGAT_004,9
AAGGGTTTCACGTAAGCGAT_005,33
AAGGGTTTCACGTAAGCGAT_006,48
TTCTAGAAGACAATCAACAG_001,82
TTCTAGAAGACAATCAACAG_002,166
TTCTAGAAGACAATCAACAG_003,121
TTCTAGAAGACAATCAACAG_004,112
TTCTAGAAGACAATCAACAG_005,94
TTCTAGAAGACAATCAACAG_006,46
TTCTAGAAGACAATCAACAG_007,166
TTCTAGAAGACAATCAACAG_008,148
TTCTAGAAGACAATCAACAG_009,127
TTCTAGAAGACAATCAACAG_010,168
TTCTAGAAGACAATCAACAG_011,48
TTCTAGAAGACAATCAACAG_012,41
TTCTAGAAGACAATCAACAG_013,199
TTCTAGAAGACAATCAACAG_014,148
TTCTAGAAGACAATCAACAG_015,63
TTCTAGAAGACAATCAACAG_016,135
TTCTAGAAGACAATCAACAG_017,188
TTCTAGAAGACAATCAACAG_018,188
TTCTAGAAGACAATCAACAG_019,158
CATTCCTCTAGAGCCACAGT_001,107
CATTCCTCTAGAGCCACAGT_002,98
CATTCCTCTAGAGCCACAGT_003,147
CATTCCTCTAGAGCCACAGT_004,34
CATTCCTCTAGAGCCACAGT_005,68
CTTCTGTACAACAGATCAGG_001,72
CTTCTGTACAACAGATCAGG_002,33
CTTCTGTACAACAGATCAGG_003,193
CTTCTGTACAACAGATCAGG_004,35
CTTCTGTACAACAGATCAGG_005,37
CTTCTGTACAACAGATCAGG_006,180
AGCAGAGCTGGGAATTCCTG_001,1
AGCAGAGCTGGGAATTCCTG_002,181
AGCAGAGCTGGGAATTCCTG_003,86
AGCAGAGCTGGGAATTCCTG_004,121
AGCAGAGCTGGGAATTCCTG_005,68
AGCAGAGCTGGGAATTCCTG_006,29
AGCAGAGCTGGGAATTCCTG_007,57
AGCAGAGCTGGGAATTCCTG_008,162
AGCAGAGCTGGGAATTCCTG_009,193
AGCAGAGCTGGGAATTCCTG_010,121
AGCAGAGCTGGGAATTCCTG_011,181
AGCAGAGCTGGGAATTCCTG_012,112
AGCAGAGCTGGGAATTCCTG_013,199
TACAATCAGGCGTTGAATGT_001,96
TACAATCAGGCGTTGAATGT_002,21
TACAATCAGGCGTTGAATGT_003,174
TACAATCAGGCGTTGAATGT_004,36
TATTGTAGGAAAGCCTACGT_001,199
TATTGTAGGAAAGCCTACGT_002,63
TATTGTAGGAAAGCCTACGT_003,115
TATTGTAGGAAAGCCTACGT_004,50
TATTGTAGGAAAGCCTACGT_005,28
TATTGTAGGAAAGCCTACGT_006,132
TTGTAGGACAGGTTTAGTCA_001,183
TTGTAGGACAGGTTTAGTCA_002,179
TTGTAGGACAGGTTTAGTCA_003,45
TTGTAGGACAGGTTTAGTCA_004,150
TTGTAGGACAGGTTTAGTCA_005,0
TTGTAGGACAGGTTTAGTCA_006,33
TTGTAGGACAGGTTTAGTCA_007,144
TTGTAGGACAGGTTTAGTCA_008,4
TTGTAGGACAGGTTTAGTCA_009,168
GCGACACTGACCACGTCTGG_001,148
GCGACACTGACCACGTCTGG_002,169
GCGACACTGACCACGTCTGG_003,115
GCGACACTGACCACGTCTGG_004,157
GCGACACTGACCACGTCTGG_005,76
TCACAGCCCATCGCTTACGA_001,145
TCACAGCCCATCGCTTACGA_002,41
TCACAGCCCATCGCTTACGA_003,73
TCACAGCCCATCGCTTACGA_004,190
TCACAGCCCATCGCTTACGA_005,166
TCACAGCCCATCGCTTACGA_006,29
TCACAGCCCATCGCTTACGA_007,3
TCACAGCCCATCGCTTACGA_008,140
TCACAGCCCATCGCTTACGA_009,33
GCAGATGGGCACACAGCAGC_001,90
GCAGATGGGCACACAGCAGC_002,139
GCAGATGGGCACACAGCAGC_003,80
GCAGATGGGCACACAGCAGC_004,20
GCAGATGGGCACACAGCAGC_005,43
GCAGATGGGCACACAGCAGC_006,22
GCAGATGGGCACACAGCAGC_007,100
GCAGATGGGCACACAGCAGC_008,55
GCAGATGGGCACACAGCAGC_009,72
GCAGATGGGCACACAGCAGC_010,14
TGCTAACCTCTCCTTTCATG_001,112
TGCTAACCTCTCCTTTCATG_002,53
TGCTAACCTCTCCTTTCATG_003,17
TGCTAACCTCTCCTTTCATG_004,127
TGCTAACCTCTCCTTTCATG_005,115
TGCTAACCTCTCCTTTCATG_006,188
TGCTAACCTCTCCTTTCATG_007,52
TGCTAACCTCTCCTTTCATG_008,94
AGGCAGTTCAGTACATTCTG_001,144
AGGCAGTTCAGTACATTCTG_002,71
AGGCAGTTCAGTACATTCTG_003,181
AGGCAGTTCAGTACATTCTG_004,49
AGGCAGTTCAGTACATTCTG_005,137
AGGCAGTTCAGTACATTCTG_006,53
AGGCAGTTCAGTACATTCTG_007,34
AGGCAGTTCAGTACATTCTG_008,56
TCAAAGCAACACTCACAGCA_001,126
TCAAAGCAACACTCACAGCA_002,197
TCAAAGCAACACTCACAGCA_003,133
TCAAAGCAACACTCACAGCA_004,169
TCAAAGCAACACTCACAGCA_005,36
TCAAAGCAACACTCACAGCA_006,188
TCAAAGCAACACTCACAGCA_007,184
TCAAAGCAACACTCACAGCA_008,133
TCAAAGCAACACTCACAGCA_009,81
TGGATCGGTGAGAACGTCAG_001,172
TGGATCGGTGAGAACGTCAG_002,15
TGGATCGGTGAGAACGTCAG_003,62
TGGATCGGTGAGAACGTCAG_004,139
TGGATCGGTGAGAACGTCAG_005,59
TGGATCGGTGAGAACGTCAG_006,28
GGAGAGCACGTAGGCGAACA_001,115
GGAGAGCACGTAGGCGAACA_002,121
GGAGAGCACGTAGGCGAACA_003,158
GGAGAGCACGTAGGCGAACA_004,83
GGAGAGCACGTAGGCGAACA_005,112
GGAGAGCACGTAGGCGAACA_006,83
GGAGAGCACGTAGGCGAACA_007,2
GGAGAGCACGTAGGCGAACA_008,37
AGGCTTGGTATGATGCGCAC_001,127
AGGCTTGGTATGATGCGCAC_002,6
AGGCTTGGTATGATGCGCAC_003,177
AGGCTTGGTATGATGCGCAC_004,94
AGGCTTGGTATGATGCGCAC_005,5
AGGCTTGGTATGATGCGCAC_006,112
AGGCTTGGTATGATGCGCAC_007,27
AGGCTTGGTATGATGCGCAC_008,166
AGGCTTGGTATGATGCGCAC_009,70
CACCATCCACATCCGCTACA_001,7
CACCATCCACATCCGCTACA_002,38
CACCATCCACATCCGCTACA_003,171
CACCATCCACATCCGCTACA_004,77
CACCATCCACATCCGCTACA_005,96
CACCATCCACATCCGCTACA_006,76
CACCATCCACATCCGCTACA_007,76
CACCATCCACATCCGCTACA_008,2
CACCATCCACATCCGCTACA_009,107
CACCATCCACATCCGCTACA_010,30
CACCATCCACATCCGCTACA_011,158
CACCATCCACATCCGCTACA_012,197
CACCATCCACATCCGCTACA_013,22
CACCATCCACATCCGCTACA_014,121
CACCATCCACATCCGCTACA_015,56
CACCATCCACATCCGCTACA_016,14
CACCATCCACATCCGCTACA_017,46
CACCATCCACATCCGCTACA_018,188
CACCATCCACATCCGCTACA_019,175
CACCATCCACATCCGCTACA_020,63
CACCATCCACATCCGCTACA_021,11
CACCATCCACATCCGCTACA_022,148
CAGGTCCCCAGCTTACTCCA_001,38
CAGGTCCCCAGCTTACTCCA_002,58
CAGGTCCCCAGCTTACTCCA_003,178
CAGGTCCCCAGCTTACTCCA_004,15
CAGGTCCCCAGCTTACTCCA_005,173
CAGGTCCCCAGCTTACTCCA_006,170
CAGGTCCCCAGCTTACTCCA_007,9
CAGGTCCCCAGCTTACTCCA_008,41
CAGGTCCCCAGCTTACTCCA_009,152
GGAGGGGCTCACCTGTACAG_001,193
GGAGGGGCTCACCTGTACAG_002,29
GGAGGGGCTCACCTGTACAG_003,32
GGAGGGGCTCACCTGTACAG_004,159
GGAGGGGCTCACCTGTACAG_005,149
GGAGGGGCTCACCTGTACAG_006,156
GGAGGGGCTCACCTGTACAG_007,5
GGAGGGGCTCACCTGTACAG_008,180
GGAGGGGCTCACCTGTACAG_009,148
GGAGGGGCTCACCTGTACAG_010,37
GGAGGGGCTCACCTGTACAG_011,33
GGAGGGGCTCACCTGTACAG_012,198
GGAGGGGCTCACCTGTACAG_013,69
GGAGGGGCTCACCTGTACAG_014,184
GGAGGGGCTCACCTGTACAG_015,188
GGAGGGGCTCACCTGTACAG_016,88
TAAGCGTGACCCTACAGACA_001,118
TAAGCGTGACCCTACAGACA_002,113
TAAGCGTGACCCTACAGACA_003,81
TAAGCGTGACCCTACAGACA_004,198
TAAGCGTGACCCTACAGACA_005,34
ATCCAGCCCTTGATGCACGG_001,185
ATCCAGCCCTTGATGCACGG_002,49
ATCCAGCCCTTGATGCACGG_003,184
ATCCAGCCCTTGATGCACGG_004,149
ATCCAGCCCTTGATGCACGG_005,147
ATCCAGCCCTTGATGCACGG_006,77
ATCCAGCCCTTGATGCACGG_007,182
ATCCAGCCCTTGATGCACGG_008,70
ATCCAGCCCTTGATGCACGG_009,103
ATCCAGCCCTTGATGCACGG_010,151
ATCCAGCCCTTGATGCACGG_011,108
ATCCAGCCCTTGATGCACGG_012,169
ATCCAGCCCTTGATGCACGG_013,188
ATCCAGCCCTTGATGCACGG_014,175
ATCCAGCCCTTGATGCACGG_015,123
ATCCAGCCCTTGATGCACGG_016,49
ATCCAGCCCTTGATGCACGG_017,144
ATCCAGCCCTTGATGCACGG_018,172
ATCCAGCCCTTGATGCACGG_019,104
ATCCAGCCCTTGATGCACGG_020,142
ATCCAGCCCTTGATGCACGG_021,118
ATCCAGCCCTTGATGCACGG_022,6
TCCCACACTCACTACAGACG_001,87
TCCCACACTCACTACAGACG_002,196
TCCCACACTCACTACAGACG_003,144
CTGGGTCTGGAGTGGCCACG_001,62
CTGGGTCTGGAGTGGCCACG_002,66
CTGGGTCTGGAGTGGCCACG_003,68
CTGGGTCTGGAGTGGCCACG_004,3
CTAGTCGCAAAGATTCTCGA_001,91
CTAGTCGCAAAGATTCTCGA_002,88
CTAGTCGCAAAGATTCTCGA_003,70
CTAGTCGCAAAGATTCTCGA_004,137
CTAGTCGCAAAGATTCTCGA_005,103
CTAGTCGCAAAGATTCTCGA_006,184
CTAGTCGCAAAGATTCTCGA_007,88
CTAGTCGCAAAGATTCTCGA_008,198
CTAGTCGCAAAGATTCTCGA_009,175
CTAGTCGCAAAGATTCTCGA_010,52
CTAGTCGCAAAGATTCTCGA_011,52
CTAGTCGCAAAGATTCTCGA_012,62
CTAGTCGCAAAGATTCTCGA_013,50
CTAGTCGCAAAGATTCTCGA_014,146
CTAGTCGCAAAGATTCTCGA_015,69
CTAGTCGCAAAGATTCTCGA_016,151
CTAGTCGCAAAGATTCTCGA_017,39
CTAGTCGCAAAGATTCTCGA_018,37
CTAGTCGCAAAGATTCTCGA_019,136
CTAGTCGCAAAGATTCTCGA_020,126
TGCAACAAGTACCTCTTCGG_001,70
TGCAACAAGTACCTCTTCGG_002,194
TGCAACAAGTACCTCTTCGG_003,144
TGCAACAAGTACCTCTTCGG_004,9
TGCAACAAGTACCTCTTCGG_005,10
TGCAACAAGTACCTCTTCGG_006,78
TGCAACAAGTACCTCTTCGG_007,69
TGTTGTTTAACGCACAGTAG_001,55
TGTTGTTTAACGCACAGTAG_002,155
TGTTGTTTAACGCACAGTAG_003,162
TGTTGTTTAACGCACAGTAG_004,134
TGTTGTTTAACGCACAGTAG_005,123
TGTTGTTTAACGCACAGTAG_006,111
TGTTGTTTAACGCACAGTAG_007,23
TGTTGTTTAACGCACAGTAG_008,144
AGCAGATGTCCAAATTACAA_001,38
AGCAGATGTCCAAATTACAA_002,155
CTTGACAGAGGCAGTCACCG_001,142
CTTGACAGAGGCAGTCACCG_002,118
CTTGACAGAGGCAGTCACCG_003,121
CTTGACAGAGGCAGTCACCG_004,191
CTTGACAGAGGCAGTCACCG_005,183
CTTGACAGAGGCAGTCACCG_006,88
CTTGACAGAGGCAGTCACCG_007,102
CTTGACAGAGGCAGTCACCG_008,2
CTTGACAGAGGCAGTCACCG_009,134
CTTGACAGAGGCAGTCACCG_010,127
CTTGACAGAGGCAGTCACCG_011,2
CTTGACAGAGGCAGTCACCG_012,9
CTTGACAGAGGCAGTCACCG_013,94
CTTGACAGAGGCAGTCACCG_014,102
GCCGCCAGAAACTTCCCACA_001,23
GCCGCCAGAAACTTCCCACA_002,107
GCCGCCAGAAACTTCCCACA_003,44
GCCGCCAGAAACTTCCCACA_004,45
GCCGCCAGAAACTTCCCACA_005,62
GCCGCCAGAAACTTCCCACA_006,61
GCCGCCAGAAACTTCCCACA_007,169
GCCGCCAGAAACTTCCCACA_008,1
GCCGCCAGAAACTTCCCACA_009,88
GCCGCCAGAAACTTCCCACA_010,15
GCCGCCAGAAACTTCCCACA_011,41
GCCGCCAGAAACTTCCCACA_012,127
GCCGCCAGAAACTTCCCACA_013,144
GCCGCCAGAAACTTCCCACA_014,41
GCCGCCAGAAACTTCCCACA_015,63
GCCGCCAGAAACTTCCCACA_016,2
GCCGCCAGAAACTTCCCACA_017,138
GCCGCCAGAAACTTCCCACA_018,106
GCCGCCAGAAACTTCCCACA_019,58
GCCGCCAGAAACTTCCCACA_020,137
GCCGCCAGAAACTTCCCACA_021,181
GGAACTTCGTGGAAGAGATG_001,176
GGAACTTCGTGGAAGAGATG_002,102
GGAACTTCGTGGAAGAGATG_003,149
GGAACTTCGTGGAAGAGATG_004,60
GGAACTTCGTGGAAGAGATG_005,179
GGAACTTCGTGGAAGAGATG_006,30
GGAACTTCGTGGAAGAGATG_007,191
GGAACTTCGTGGAAGAGATG_008,29
GGAACTTCGTGGAAGAGATG_009,131
CAACTCCAAGCTCAACCTAG_001,122
CAACTCCAAGCTCAACCTAG_002,48
CAACTCCAAGCTCAACCTAG_003,63
CAACTCCAAGCTCAACCTAG_004,73
CAACTCCAAGCTCAACCTAG_005,94
CAACTCCAAGCTCAACCTAG_006,71
CAACTCCAAGCTCAACCTAG_007,170
CAACTCCAAGCTCAACCTAG_008,84
CAACTCCAAGCTCAACCTAG_009,169
CAACTCCAAGCTCAACCTAG_010,60
CAACTCCAAGCTCAACCTAG_011,161
CAACTCCAAGCTCAACCTAG_012,158
CAACTCCAAGCTCAACCTAG_013,48
TCCATGCAGAACATTTAGCA_001,170
TCCATGCAGAACATTTAGCA_002,83
TCCATGCAGAACATTTAGCA_003,70
CTCCCGTGACGTACCCGATG_001,4
GTGCCCCAGAATGTCATCAG_001,37
GTGCCCCAGAATGTCATCAG_002,23
GTGCCCCAGAATGTCATCAG_003,151
GTGCCCCAGAATGTCATCAG_004,72
GTGCCCCAGAATGTCATCAG_005,105
GTGCCCCAGAATGTCATCAG_006,117
GTGCCCCAGAATGTCATCAG_007,6
GTGCCCCAGAATGTCATCAG_008,151
GTGCCCCAGAATGTCATCAG_009,59
GTGCCCCAGAATGTCATCAG_010,61
GTGCCCCAGAATGTCATCAG_011,91
CTGAACGTATTCCATGAACG_001,105
CTGAACGTATTCCATGAACG_002,17
CTGAACGTATTCCATGAACG_003,21
TGTACTTCAAAAATGTCGAG_001,70
TGTACTTCAAAAATGTCGAG_002,199
TGTACTTCAAAAATGTCGAG_003,80
AGCTGTCTGGCAAGTGATCA_001,15
AGCTGTCTGGCAAGTGATCA_002,68
AGCTGTCTGGCAAGTGATCA_003,117
AGCTGTCTGGCAAGTGATCA_004,190
AGCTGTCTGGCAAGTGATCA_005,193
AGCTGTCTGGCAAGTGATCA_006,153
AGCTGTCTGGCAAGTGATCA_007,79
AGCTGTCTGGCAAGTGATCA_008,184
AGCTGTCTGGCAAGTGATCA_009,127
AGCTGTCTGGCAAGTGATCA_010,141
AGCTGTCTGGCAAGTGATCA_011,48
AGCTGTCTGGCAAGTGATCA_012,105
AGCTGTCTGGCAAGTGATCA_013,9
AGCTGTCTGGCAAGTGATCA_014,47
AGCTGTCTGGCAAGTGATCA_015,192
AGCTGTCTGGCAAGTGATCA_016,190
AGCTGTCTGGCAAGTGATCA_017,138
AGCTGTCTGGCAAGTGATCA_018,149
AGCTGTCTGGCAAGTGATCA_019,9
AGCTGTCTGGCAAGTGATCA_020,96
GTTGAAAAGATAGACCTGAA_001,14
GTTGAAAAGATAGACCTGAA_002,161
GAAAGTCAGGATTATACACC_001,199
TTCACTTACCATCTCACTGT_001,185
TTCACTTACCATCTCACTGT_002,29
TTCACTTACCATCTCACTGT_003,96
TTCACTTACCATCTCACTGT_004,168
TTCACTTACCATCTCACTGT_005,11
GAAAAACAAGTATATCACAT_001,152
GAAAAACAAGTATATCACAT_002,37
GGAAGAAGCCTATATCCTGA_001,150
GGAAGAAGCCTATATCCTGA_002,52
GGAAGAAGCCTATATCCTGA_003,145
GGAAGAAGCCTATATCCTGA_004,199
GGAAGAAGCCTATATCCTGA_005,199
CAGAATTCAGTGGTCGCCGG_001,162
CAGAATTCAGTGGTCGCCGG_002,123
TGGGTCCGCTGACACACACC_001,9
TGGGTCCGCTGACACACACC_002,8
TGGGTCCGCTGACACACACC_003,158
TGGGTCCGCTGACACACACC_004,62
TGGGTCCGCTGACACACACC_005,191
TGGGTCCGCTGACACACACC_006,118
TGGGTCCGCTGACACACACC_007,169
TGGGTCCGCTGACACACACC_008,75
TGGGTCCGCTGACACACACC_009,184
TGGGTCCGCTGACACACACC_010,184
TGGGTCCGCTGACACACACC_011,31
TGGGTCCGCTGACACACACC_012,132
TGGGTCCGCTGACACACACC_013,1
TGGGTCCGCTGACACACACC_014,87
TGGGTCCGCTGACACACACC_015,73
TGGGTCCGCTGACACACACC_016,171
TGGGTCCGCTGACACACACC_017,21
TGGGTCCGCTGACACACACC_018,149
TGGGTCCGCTGACACACACC_019,5
TGGGTCCGCTGACACACACC_020,168
TGGGTCCGCTGACACACACC_021,112
TGGGTCCGCTGACACACACC_022,183
ATCCAGAATGCATCCAACAG_001,115
ATCCAGAATGCATCCAACAG_002,77
ATCCAGAATGCATCCAACAG_003,51
ATCCAGAATGCATCCAACAG_004,130
ATCCAGAATGCATCCAACAG_005,190
ATCCAGAATGCATCCAACAG_006,81
ATCCAGAATGCATCCAACAG_007,39
GTGTCCCACATAAAACCCTG_001,165
GTGTCCCACATAAAACCCTG_002,15
GTGTCCCACATAAAACCCTG_003,110
GTGTCCCACATAAAACCCTG_004,169
GTGTCCCACATAAAACCCTG_005,185
GTGTCCCACATAAAACCCTG_006,185
GTGTCCCACATAAAACCCTG_007,35
CATGGCCATGATAGCTAATG_001,129
CATGGCCATGATAGCTAATG_002,2
CATGGCCATGATAGCTAATG_003,184
CATGGCCATGATAGCTAATG_004,52
CATGGCCATGATAGCTAATG_005,15
CATGGCCATGATAGCTAATG_006,118
TCACGTGTACTCGAAAGGCT_001,38
TCACGTGTACTCGAAAGGCT_002,74
TCACGTGTACTCGAAAGGCT_003,5
TCACGTGTACTCGAAAGGCT_004,35
TCACGTGTACTCGAAAGGCT_005,182
TCACGTGTACTCGAAAGGCT_006,71
TCACGTGTACTCGAAAGGCT_007,152
TCACGTGTACTCGAAAGGCT_008,175
TCACGTGTACTCGAAAGGCT_009,32
TCACGTGTACTCGAAAGGCT_010,149
TCACGTGTACTCGAAAGGCT_011,45
TCACGTGTACTCGAAAGGCT_012,6
TCACGTGTACTCGAAAGGCT_013,188
TCACGTGTACTCGAAAGGCT_014,184
TCACGTGTACTCGAAAGGCT_015,155
CTCATGACGAGTTCACTCGC_001,54
CTCATGACGAGTTCACTCGC_002,55
CTCATGACGAGTTCACTCGC_003,50
CTCATGACGAGTTCACTCGC_004,66
CTCATGACGAGTTCACTCGC_005,130
CTCATGACGAGTTCACTCGC_006,128
CTCATGACGAGTTCACTCGC_007,69
CTCATGACGAGTTCACTCGC_008,147
CTCATGACGAGTTCACTCGC_009,145
CTCATGACGAGTTCACTCGC_010,128
CTCATGACGAGTTCACTCGC_011,50
CTCATGACGAGTTCACTCGC_012,72
CTCATGACGAGTTCACTCGC_013,169
CTCATGACGAGTTCACTCGC_014,166
TGAGCGAGATGGTGCTGTCA_001,120
TGAGCGAGATGGTGCTGTCA_002,23
TGAGCGAGATGGTGCTGTCA_003,142
TGAGCGAGATGGTGCTGTCA_004,173
TGAGCGAGATGGTGCTGTCA_005,187
TGAGCGAGATGGTGCTGTCA_006,72
TGAGCGAGATGGTGCTGTCA_007,48
TGAGCGAGATGGTGCTGTCA_008,191
AACAGAATCATTACCCAAGG_001,26
GGGGTCAAACCATCGAACAT_001,158
GGGGTCAAACCATCGAACAT_002,49
GGGGTCAAACCATCGAACAT_003,120
GGGGTCAAACCATCGAACAT_004,71
GGGGTCAAACCATCGAACAT_005,166
GGGGTCAAACCATCGAACAT_006,3
GGGGTCAAACCATCGAACAT_007,198
GGGGTCAAACCATCGAACAT_008,48
GGGGTCAAACCATCGAACAT_009,199
GGGGTCAAACCATCGAACAT_010,161
GGGGTCAAACCATCGAACAT_011,70
GGGGTCAAACCATCGAACAT_012,140
GGGGTCAAACCATCGAACAT_013,3
GGGGTCAAACCATCGAACAT_014,9
GATGACATCTTCAGGCTCGG_001,96
GATGACATCTTCAGGCTCGG_002,48
GATGACATCTTCAGGCTCGG_003,50
GATGACATCTTCAGGCTCGG_004,66
GATGACATCTTCAGGCTCGG_005,135
GATGGAAATGCGGGTCACCA_001,16
GATGGAAATGCGGGTCACCA_002,29
GATGGAAATGCGGGTCACCA_003,193
GATGGAAATGCGGGTCACCA_004,176
GATGGAAATGCGGGTCACCA_005,160
GATGGAAATGCGGGTCACCA_006,196
GATGGAAATGCGGGTCACCA_007,175
GATGGAAATGCGGGTCACCA_008,8
GATGGAAATGCGGGTCACCA_009,125
GATGGAAATGCGGGTCACCA_010,103
GATGGAAATGCGGGTCACCA_011,43
GATGGAAATGCGGGTCACCA_012,19
GATGGAAATGCGGGTCACCA_013,197
GATGGAAATGCGGGTCACCA_014,168
GATGGAAATGCGGGTCACCA_015,95
GATGGAAATGCGGGTCACCA_016,137
GATGGAAATGCGGGTCACCA_017,105
GATGGAAATGCGGGTCACCA_018,199
ACCATGACGGGGCCTCACAA_001,78
ACCATGACGGGGCCTCACAA_002,160
ACCATGACGGGGCCTCACAA_003,157
ACCATGACGGGGCCTCACAA_004,170
ACCATGACGGGGCCTCACAA_005,193
ACCATGACGGGGCCTCACAA_006,21
ACCATGACGGGGCCTCACAA_007,41
ACCATGACGGGGCCTCACAA_008,105
ACCATGACGGGGCCTCACAA_009,157
ACCATGACGGGGCCTCACAA_010,157
ACCATGACGGGGCCTCACAA_011,160
ACCATGACGGGGCCTCACAA_012,58
ACCATGACGGGGCCTCACAA_013,183
ACCATGACGGGGCCTCACAA_014,140
ACCATGACGGGGCCTCACAA_015,53
ACCATGACGGGGCCTCACAA_016,35
ACCATGACGGGGCCTCACAA_017,187
ACCATGACGGGGCCTCACAA_018,82
ACCATGACGGGGCCTCACAA_019,23
ACCATGACGGGGCCTCACAA_020,23
ACCATGACGGGGCCTCACAA_021,30
ACCATGACGGGGCCTCACAA_022,70
ACCATGACGGGGCCTCACAA_023,108
ACCATGACGGGGCCTCACAA_024,178
ACCATGACGGGGCCTCACAA_025,174
ACCATGACGGGGCCTCACAA_026,9
ACCATGACGGGGCCTCACAA_027,192
ACCATGACGGGGCCTCACAA_028,146
ACCATGACGGGGCCTCACAA_029,94
ACCATGACGGGGCCTCACAA_030,131
ACCATGACGGGGCCTCACAA_031,83
ACCATGACGGGGCCTCACAA_032,76
ACCATGACGGGGCCTCACAA_033,12
ACCATGACGGGGCCTCACAA_034,15
ACCATGACGGGGCCTCACAA_035,147
ACCATGACGGGGCCTCACAA_036,15
ACCATGACGGGGCCTCACAA_037,35
ACCATGACGGGGCCTCACAA_038,122
ACCATGACGGGGCCTCACAA_039,188
ACCATGACGGGGCCTCACAA_040,19
ACCATGACGGGGCCTCACAA_041,177
ACCATGACGGGGCCTCACAA_042,144
ACCATGACGGGGCCTCACAA_043,81
ACCATGACGGGGCCTCACAA_044,168
ACCATGACGGGGCCTCACAA_045,34
ACCATGACGGGGCCTCACAA_046,10
ACCATGACGGGGCCTCACAA_047,103
CAGAATCGCTCGAAACACAG_001,146
CAGAATCGCTCGAAACACAG_002,56
CAGAATCGCTCGAAACACAG_003,58
CAGAATCGCTCGAAACACAG_004,36
CAGAATCGCTCGAAACACAG_005,49
CAGAATCGCTCGAAACACAG_006,115
CAGAATCGCTCGAAACACAG_007,2
CAGAATCGCTCGAAACACAG_008,9
TGGAATACCGACAATACACT_001,193
TGGAATACCGACAATACACT_002,29
TGGAATACCGACAATACACT_003,48
TGGAATACCGACAATACACT_004,28
CGTGTGATCAAACTGCACCG_001,78
CGTGTGATCAAACTGCACCG_002,71
CGTGTGATCAAACTGCACCG_003,89
CGTGTGATCAAACTGCACCG_004,31
CGTGTGATCAAACTGCACCG_005,108
CGTGTGATCAAACTGCACCG_006,158
CGTGTGATCAAACTGCACCG_007,49
CGTGTGATCAAACTGCACCG_008,149
CGTGTGATCAAACTGCACCG_009,198
AATACTCCACATAACCCACT_001,20
AATACTCCACATAACCCACT_002,19
AATACTCCACATAACCCACT_003,152
CCTCGCGGCGAGAGAACGCG_001,14
CCTCGCGGCGAGAGAACGCG_002,10
CCTCGCGGCGAGAGAACGCG_003,60
CCTCGCGGCGAGAGAACGCG_004,29
CCTCGCGGCGAGAGAACGCG_005,60
CCTCGCGGCGAGAGAACGCG_006,111
CCTCGCGGCGAGAGAACGCG_007,111
CCTCGCGGCGAGAGAACGCG_008,48
GCTCCGCAAAGGCAACTATG_001,103
GCTCCGCAAAGGCAACTATG_002,107
GCTCCGCAAAGGCAACTATG_003,10
GCTCCGCAAAGGCAACTATG_004,76
GCTCCGCAAAGGCAACTATG_005,40
GCTCCGCAAAGGCAACTATG_006,9
GCTCCGCAAAGGCAACTATG_007,57
GCTCCGCAAAGGCAACTATG_008,94
GCTCCGCAAAGGCAACTATG_009,177
GCTCCGCAAAGGCAACTATG_010,96
CAAAATTCCAGTACGAATGT_001,2
GGTGGCTCTCCACCTAGATG_001,45
GGTGGCTCTCCACCTAGATG_002,40
CTAGCAGCAATATTGCACCT_001,102
CTAGCAGCAATATTGCACCT_002,186
CTAGCAGCAATATTGCACCT_003,61
CTAGCAGCAATATTGCACCT_004,120
CTAGCAGCAATATTGCACCT_005,118
GGAGGTGCAGCACATAAGGA_001,172
GGAGGTGCAGCACATAAGGA_002,184
GAACTGTGAACATCAAGGAA_001,195
GAACTGTGAACATCAAGGAA_002,70
GAACTGTGAACATCAAGGAA_003,70
GAACTGTGAACATCAAGGAA_004,171
GAACTGTGAACATCAAGGAA_005,165
GAACTGTGAACATCAAGGAA_006,146
GTGAAATAGTTATGTCTGGG_001,50
GTGAAATAGTTATGTCTGGG_002,41
GTGAAATAGTTATGTCTGGG_003,118
GTGAAATAGTTATGTCTGGG_004,21
GTGAAATAGTTATGTCTGGG_005,67
AGAACCACTAGTTCGGCCGT_001,179
AGAACCACTAGTTCGGCCGT_002,79
AGAACCACTAGTTCGGCCGT_003,148
AGACTATAGAATCTAACTGG_001,141
AGACTATAGAATCTAACTGG_002,193
AGACTATAGAATCTAACTGG_003,129
AGGCCCTATTGCTTCTGCGC_001,48
AGGCCCTATTGCTTCTGCGC_002,88
AGGCCCTATTGCTTCTGCGC_003,166
AGGCCCTATTGCTTCTGCGC_004,114
GAGCAATCCAAAGTTAACGG_001,17
GAGCAATCCAAAGTTAACGG_002,199
GAGCAATCCAAAGTTAACGG_003,105
GAGCAATCCAAAGTTAACGG_004,111
GAGCAATCCAAAGTTAACGG_005,3
GAGCAATCCAAAGTTAACGG_006,144
GAGCAATCCAAAGTTAACGG_007,169
GGAGCTGAAGGCCATCGTAT_001,116
GGAGCTGAAGGCCATCGTAT_002,99
GGAGCTGAAGGCCATCGTAT_003,28
GGAGCTGAAGGCCATCGTAT_004,56
GGAGCTGAAGGCCATCGTAT_005,158
TGCGGCATGTTTGAAATGTG_001,188
TGCGGCATGTTTGAAATGTG_002,198
TGCGGCATGTTTGAAATGTG_003,92
TGCGGCATGTTTGAAATGTG_004,186
TGCGGCATGTTTGAAATGTG_005,151
TGCGGCATGTTTGAAATGTG_006,21
TGCGGCATGTTTGAAATGTG_007,86
TGCGGCATGTTTGAAATGTG_008,112
TGCGGCATGTTTGAAATGTG_009,47
TGCGGCATGTTTGAAATGTG_010,28
TGCGGCATGTTTGAAATGTG_011,115
TGCGGCATGTTTGAAATGTG_012,119
TGCGGCATGTTTGAAATGTG_013,113
TGCGGCATGTTTGAAATGTG_014,130
TGCGGCATGTTTGAAATGTG_015,129
TGCGGCATGTTTGAAATGTG_016,100
TGCGGCATGTTTGAAATGTG_017,62
TGCGGCATGTTTGAAATGTG_018,94
CCTGAAGAAAAGCATCCACA_001,194
CCTGAAGAAAAGCATCCACA_002,166
CCTGAAGAAAAGCATCCACA_003,132
CCTGAAGAAAAGCATCCACA_004,160
CCTGAAGAAAAGCATCCACA_005,168
CCTGAAGAAAAGCATCCACA_006,142
CCTGAAGAAAAGCATCCACA_007,106
CCTGAAGAAAAGCATCCACA_008,60
GCCAGTCCTACCATGGTCGG_001,134
GCCAGTCCTACCATGGTCGG_002,55
GCCAGTCCTACCATGGTCGG_003,105
GCCAGTCCTACCATGGTCGG_004,17
GCCAGTCCTACCATGGTCGG_005,145
GCCAGTCCTACCATGGTCGG_006,150
GCCAGTCCTACCATGGTCGG_007,174
GCCAGTCCTACCATGGTCGG_008,9
GCCAGTCCTACCATGGTCGG_009,184
CAGCTCCACTAACCCCCGCG_001,34
CAGCTCCACTAACCCCCGCG_002,49
CAGCTCCACTAACCCCCGCG_003,80
CAGCTCCACTAACCCCCGCG_004,122
CAGCTCCACTAACCCCCGCG_005,53
CAGCTCCACTAACCCCCGCG_006,88
CAGCTCCACTAACCCCCGCG_007,75
CAGCTCCACTAACCCCCGCG_008,172
CAGCTCCACTAACCCCCGCG_009,163
CAGCTCCACTAACCCCCGCG_010,169
GAAGAAGGGATACACTGTGG_001,119
GAAGAAGGGATACACTGTGG_002,98
GAAGAAGGGATACACTGTGG_003,166
GAAGAAGGGATACACTGTGG_004,69
GAAGAAGGGATACACTGTGG_005,52
GAAGAAGGGATACACTGTGG_006,128
GAAGAAGGGATACACTGTGG_007,85
GAAGAAGGGATACACTGTGG_008,31
GAAGAAGGGATACACTGTGG_009,166
GAAGAAGGGATACACTGTGG_010,106
GGAATTAGGTAGTATTCCAA_001,188
GGAATTAGGTAGTATTCCAA_002,157
GGAATTAGGTAGTATTCCAA_003,197
GTCTTCGAGAGACATGATCG_001,54
GTCTTCGAGAGACATGATCG_002,185
GTCTTCGAGAGACATGATCG_003,137
GTCTTCGAGAGACATGATCG_004,113
GTCTTCGAGAGACATGATCG_005,73
GTCTTCGAGAGACATGATCG_006,30
GTCTTCGAGAGACATGATCG_007,184
GTCTTCGAGAGACATGATCG_008,5
GTCTTCGAGAGACATGATCG_009,156
GTCTTCGAGAGACATGATCG_010,38
GTCTTCGAGAGACATGATCG_011,48
GTCTTCGAGAGACATGATCG_012,70
GTCTTCGAGAGACATGATCG_013,112
CGAGGACCTGATAGTCACAG_001,81
CGAGGACCTGATAGTCACAG_002,61
CGAGGACCTGATAGTCACAG_003,19
CGAGGACCTGATAGTCACAG_004,55
CGAGGACCTGATAGTCACAG_005,16
CGAGGACCTGATAGTCACAG_006,116
CGAGGACCTGATAGTCACAG_007,53
CGAGGACCTGATAGTCACAG_008,82
CGAGGACCTGATAGTCACAG_009,66
CGAGGACCTGATAGTCACAG_010,79
CGAGGACCTGATAGTCACAG_011,188
CGAGGACCTGATAGTCACAG_012,142
CGAGGACCTGATAGTCACAG_013,48
CGAGGACCTGATAGTCACAG_014,48
CGAGGACCTGATAGTCACAG_015,41
TTACACGCTTATGGTGGACG_001,6
TTACACGCTTATGGTGGACG_002,195
TTACACGCTTATGGTGGACG_003,116
TTACACGCTTATGGTGGACG_004,81
TTACACGCTTATGGTGGACG_005,94
TTACACGCTTATGGTGGACG_006,5
TTACACGCTTATGGTGGACG_007,37
TTACACGCTTATGGTGGACG_008,111
TTACACGCTTATGGTGGACG_009,108
TTACACGCTTATGGTGGACG_010,136
TTACACGCTTATGGTGGACG_011,148
TTACACGCTTATGGTGGACG_012,192
TTACACGCTTATGGTGGACG_013,105
TTACACGCTTATGGTGGACG_014,157
TTACACGCTTATGGTGGACG_015,191
CACCTTCTCCCAGTACACGG_001,48
CACCTTCTCCCAGTACACGG_002,141
CACCTTCTCCCAGTACACGG_003,148
CACCTTCTCCCAGTACACGG_004,170
CACCTTCTCCCAGTACACGG_005,190
CACCTTCTCCCAGTACACGG_006,141
CACCTTCTCCCAGTACACGG_007,163
ACACAGTCCGACACTCCTGT_001,87
ACACAGTCCGACACTCCTGT_002,82
ACACAGTCCGACACTCCTGT_003,82
ACACAGTCCGACACTCCTGT_004,144
ACACAGTCCGACACTCCTGT_005,11
ACACAGTCCGACACTCCTGT_006,124
ACACAGTCCGACACTCCTGT_007,42
ACACAGTCCGACACTCCTGT_008,171
ACACAGTCCGACACTCCTGT_009,171
ACACAGTCCGACACTCCTGT_010,88
AGATGAGTGGACACTCGATG_001,46
AGATGAGTGGACACTCGATG_002,119
AGATGAGTGGACACTCGATG_003,59
AGATGAGTGGACACTCGATG_004,30
AGATGAGTGGACACTCGATG_005,110
AGATGAGTGGACACTCGATG_006,42
AGATGAGTGGACACTCGATG_007,42
AGATGAGTGGACACTCGATG_008,158
AGATGAGTGGACACTCGATG_009,13
AGATGAGTGGACACTCGATG_010,156
AGATGAGTGGACACTCGATG_011,191
AGATGAGTGGACACTCGATG_012,13
AGATGAGTGGACACTCGATG_013,10
TTTGGTAGCTCAACAACTCG_001,147
TTTGGTAGCTCAACAACTCG_002,9
TTTGGTAGCTCAACAACTCG_003,141
TTTGGTAGCTCAACAACTCG_004,61
TTTGGTAGCTCAACAACTCG_005,23
TTTGGTAGCTCAACAACTCG_006,57
AGGTTGACATGTCAGCCATG_001,113
AGGTTGACATGTCAGCCATG_002,191
AGGTTGACATGTCAGCCATG_003,56
AGGTTGACATGTCAGCCATG_004,183
AGGTTGACATGTCAGCCATG_005,185
AGGTTGACATGTCAGCCATG_006,111
AGGTTGACATGTCAGCCATG_007,123
AGGTTGACATGTCAGCCATG_008,105
TTAACGATTATCGCAAAGTG_001,110
GCCCTGTGTACAGACGAGGA_001,70
GCCCTGTGTACAGACGAGGA_002,23
GCCCTGTGTACAGACGAGGA_003,67
GCCCTGTGTACAGACGAGGA_004,49
GCCCTGTGTACAGACGAGGA_005,169
GCCCTGTGTACAGACGAGGA_006,160
GCCCTGTGTACAGACGAGGA_007,43
GCCCTGTGTACAGACGAGGA_008,133
ATCCTGAGACTTGTTACCAG_001,77
ATCCTGAGACTTGTTACCAG_002,63
ATCCTGAGACTTGTTACCAG_003,107
ATCCTGAGACTTGTTACCAG_004,199
ATCCTGAGACTTGTTACCAG_005,139
ATCCTGAGACTTGTTACCAG_006,195
ATCCTGAGACTTGTTACCAG_007,170
ATCCTGAGACTTGTTACCAG_008,121
ATCCTGAGACTTGTTACCAG_009,78
ATCCTGAGACTTGTTACCAG_010,134
ATCCTGAGACTTGTTACCAG_011,134
ATCCTGAGACTTGTTACCAG_012,158
ATCCTGAGACTTGTTACCAG_013,127
ATCCTGAGACTTGTTACCAG_014,63
ATCCTGAGACTTGTTACCAG_015,63
ATCCTGAGACTTGTTACCAG_016,141
ATCCTGAGACTTGTTACCAG_017,32
ATCCTGAGACTTGTTACCAG_018,137
ATCCTGAGACTTGTTACCAG_019,130
ATCCTGAGACTTGTTACCAG_020,63
ATCCTGAGACTTGTTACCAG_021,60
ATCCTGAGACTTGTTACCAG_022,57
TGGACCGGAGCGTTCTCCCG_001,45
TGGACCGGAGCGTTCTCCCG_002,177
TGGACCGGAGCGTTCTCCCG_003,94
TGGACCGGAGCGTTCTCCCG_004,121
TGGACCGGAGCGTTCTCCCG_005,150
TGGACCGGAGCGTTCTCCCG_006,20
TGGACCGGAGCGTTCTCCCG_007,196
TGGACCGGAGCGTTCTCCCG_008,88
TGGACCGGAGCGTTCTCCCG_009,120
TGGACCGGAGCGTTCTCCCG_010,150
TGGACCGGAGCGTTCTCCCG_011,52
TGGACCGGAGCGTTCTCCCG_012,95
GGAAGAACTCATTATGCCCA_001,184
GGAAGAACTCATTATGCCCA_002,179
GGAAGAACTCATTATGCCCA_003,52
TGCTGGAATAACTATGTACA_001,199
TGCTGGAATAACTATGTACA_002,190
TGCTGGAATAACTATGTACA_003,169
TGCTGGAATAACTATGTACA_004,160
TGCTGGAATAACTATGTACA_005,112
TGCTGGAATAACTATGTACA_006,174
TGCTGGAATAACTATGTACA_007,40
TGCTGGAATAACTATGTACA_008,38
TGCTGGAATAACTATGTACA_009,41
TGCTGGAATAACTATGTACA_010,46
TCCGTAAACAAACGGAGCTG_001,27
TCCGTAAACAAACGGAGCTG_002,22
TCCGTAAACAAACGGAGCTG_003,117
TCCGTAAACAAACGGAGCTG_004,16
TCCGTAAACAAACGGAGCTG_005,134
TCCGTAAACAAACGGAGCTG_006,170
TCCGTAAACAAACGGAGCTG_007,191
TCCGTAAACAAACGGAGCTG_008,145
TCCGTAAACAAACGGAGCTG_009,16
TCCGTAAACAAACGGAGCTG_010,11
TCCGTAAACAAACGGAGCTG_011,15
TCCGTAAACAAACGGAGCTG_012,77
TCCGTAAACAAACGGAGCTG_013,103
TCCGTAAACAAACGGAGCTG_014,49
TCCGTAAACAAACGGAGCTG_015,172
TCCGTAAACAAACGGAGCTG_016,55
TCCGTAAACAAACGGAGCTG_017,136
TCCGTAAACAAACGGAGCTG_018,198
TCCGTAAACAAACGGAGCTG_019,35
TCCGTAAACAAACGGAGCTG_020,168
TCCGTAAACAAACGGAGCTG_021,180
TCCGTAAACAAACGGAGCTG_022,144
AGGCCCTACAGTATTGAGAA_001,178
TCTGAACTACCCATTGCACA_001,81
TCTGAACTACCCATTGCACA_002,85
TCTGAACTACCCATTGCACA_003,185
TCTGAACTACCCATTGCACA_004,128
TGCACACGCTGCACACACAG_001,67
TGCACACGCTGCACACACAG_002,185
TGCACACGCTGCACACACAG_003,104
TGCACACGCTGCACACACAG_004,182
TGCACACGCTGCACACACAG_005,29
TGCACACGCTGCACACACAG_006,192
TGCACACGCTGCACACACAG_007,15
TGCACACGCTGCACACACAG_008,62
TGCACACGCTGCACACACAG_009,35
TGCACACGCTGCACACACAG_010,185
TGCACACGCTGCACACACAG_011,81
TGCACACGCTGCACACACAG_012,31
TGCACACGCTGCACACACAG_013,194
TGCACACGCTGCACACACAG_014,69
TGCACACGCTGCACACACAG_015,93
TGCACACGCTGCACACACAG_016,9
TGCACACGCTGCACACACAG_017,9
TGCACACGCTGCACACACAG_018,41
TGCACACGCTGCACACACAG_019,43
GGGGAAACAAGTAGGCTTTG_001,41
GGGGAAACAAGTAGGCTTTG_002,191
GGGGAAACAAGTAGGCTTTG_003,102
GGGGAAACAAGTAGGCTTTG_004,9
GGGGAAACAAGTAGGCTTTG_005,116
GGGGAAACAAGTAGGCTTTG_006,87
GGGGAAACAAGTAGGCTTTG_007,137
GGGGAAACAAGTAGGCTTTG_008,126
GGGGAAACAAGTAGGCTTTG_009,47
GGGGAAACAAGTAGGCTTTG_010,115
GGGGAAACAAGTAGGCTTTG_011,85
GGGGAAACAAGTAGGCTTTG_012,125
GGGGAAACAAGTAGGCTTTG_013,108
GGGGAAACAAGTAGGCTTTG_014,130
GGGGAAACAAGTAGGCTTTG_015,53
GGGGAAACAAGTAGGCTTTG_016,93
GGGGAAACAAGTAGGCTTTG_017,81
GGGGAAACAAGTAGGCTTTG_018,151
GGGGAAACAAGTAGGCTTTG_019,132
ATCATTTGGCTCATAACTGG_001,127
ATCATTTGGCTCATAACTGG_002,105
ATCATTTGGCTCATAACTGG_003,69
ATCATTTGGCTCATAACTGG_004,61
ATCATTTGGCTCATAACTGG_005,165
ATCATTTGGCTCATAACTGG_006,193
ATCATTTGGCTCATAACTGG_007,134
ATCATTTGGCTCATAACTGG_008,155
CCGGAACTACCGTGGCGACG_001,29
CCGGAACTACCGTGGCGACG_002,138
CCGGAACTACCGTGGCGACG_003,69
CCGGAACTACCGTGGCGACG_004,191
CCGGAACTACCGTGGCGACG_005,89
CCGGAACTACCGTGGCGACG_006,153
CCGGAACTACCGTGGCGACG_007,66
CCGGAACTACCGTGGCGACG_008,33
GAACCCAGACCAGCGCAACA_001,154
GAACCCAGACCAGCGCAACA_002,147
GAACCCAGACCAGCGCAACA_003,61
GAACCCAGACCAGCGCAACA_004,174
GAACCCAGACCAGCGCAACA_005,176
GAACCCAGACCAGCGCAACA_006,103
GAACCCAGACCAGCGCAACA_007,199
GAACCCAGACCAGCGCAACA_008,196
GAACCCAGACCAGCGCAACA_009,106
CTGGAGCACACGTTATTAGG_001,4
CTGGAGCACACGTTATTAGG_002,9
CTGGAGCACACGTTATTAGG_003,16
CTGGAGCACACGTTATTAGG_004,6
CTGGAGCACACGTTATTAGG_005,135
CTGGAGCACACGTTATTAGG_006,39
TGGCCCAAAAAATAAGAAGT_001,85
CACACCATACACTACCCAGT_001,7
CCAAGGAGCCGCTTCGGCCA_001,5
CCAAGGAGCCGCTTCGGCCA_002,145
CCAAGGAGCCGCTTCGGCCA_003,48
CCAAGGAGCCGCTTCGGCCA_004,116
CCAAGGAGCCGCTTCGGCCA_005,160
CCAAGGAGCCGCTTCGGCCA_006,153
CCAAGGAGCCGCTTCGGCCA_007,120
GACAGGAGGCCCCGAAGCGT_001,146
GACAGGAGGCCCCGAAGCGT_002,51
GACAGGAGGCCCCGAAGCGT_003,24
GACAGGAGGCCCCGAAGCGT_004,87
GACAGGAGGCCCCGAAGCGT_005,184
GACAGGAGGCCCCGAAGCGT_006,98
GACAGGAGGCCCCGAAGCGT_007,112
GACAGGAGGCCCCGAAGCGT_008,172
GACAGGAGGCCCCGAAGCGT_009,175
GACAGGAGGCCCCGAAGCGT_010,149
GACAGGAGGCCCCGAAGCGT_011,91
GACAGGAGGCCCCGAAGCGT_012,97
GATCACGGCGGACACCACGG_001,113
GATCACGGCGGACACCACGG_002,50
GATCACGGCGGACACCACGG_003,80
GATCACGGCGGACACCACGG_004,121
GATCACGGCGGACACCACGG_005,48
GATCACGGCGGACACCACGG_006,11
GATCACGGCGGACACCACGG_007,171
GATCACGGCGGACACCACGG_008,60
GATCACGGCGGACACCACGG_009,119
GATCACGGCGGACACCACGG_010,13
GATCACGGCGGACACCACGG_011,37
GATCACGGCGGACACCACGG_012,113
GATCACGGCGGACACCACGG_013,53
GATCACGGCGGACACCACGG_014,15
GATCACGGCGGACACCACGG_015,130
GATCACGGCGGACACCACGG_016,186
GATCACGGCGGACACCACGG_017,151
GATCACGGCGGACACCACGG_018,189
GATCACGGCGGACACCACGG_019,167
GATCACGGCGGACACCACGG_020,129
GATCACGGCGGACACCACGG_021,23
GATCACGGCGGACACCACGG_022,43
GATCACGGCGGACACCACGG_023,58
GATCACGGCGGACACCACGG_024,152
GATCACGGCGGACACCACGG_025,153
GATCACGGCGGACACCACGG_026,98
GATCACGGCGGACACCACGG_027,140
AGAAACGAGCTGTAGCTCGG_001,15
AGAAACGAGCTGTAGCTCGG_002,191
AGAAACGAGCTGTAGCTCGG_003,107
AGAAACGAGCTGTAGCTCGG_004,72
AGAAACGAGCTGTAGCTCGG_005,70
AGAAACGAGCTGTAGCTCGG_006,90
AGAAACGAGCTGTAGCTCGG_007,15
AGAAACGAGCTGTAGCTCGG_008,117
AGAAACGAGCTGTAGCTCGG_009,131
AGAAACGAGCTGTAGCTCGG_010,185
AGAAACGAGCTGTAGCTCGG_011,76
AGAAACGAGCTGTAGCTCGG_012,137
AGAAACGAGCTGTAGCTCGG_013,13
AGAAACGAGCTGTAGCTCGG_014,88
AGAAACGAGCTGTAGCTCGG_015,141
AGAAACGAGCTGTAGCTCGG_016,145
AGAAACGAGCTGTAGCTCGG_017,22
AGAAACGAGCTGTAGCTCGG_018,171
AGAAACGAGCTGTAGCTCGG_019,170
AGAAACGAGCTGTAGCTCGG_020,135
AGAAACGAGCTGTAGCTCGG_021,151
AGAAACGAGCTGTAGCTCGG_022,60
AGAAACGAGCTGTAGCTCGG_023,137
AGAAACGAGCTGTAGCTCGG_024,180
AGAAACGAGCTGTAGCTCGG_025,179
CTGCTCGTAAATCCACCGGT_001,50
CTGCTCGTAAATCCACCGGT_002,48
CTGCTCGTAAATCCACCGGT_003,7
CTGCTCGTAAATCCACCGGT_004,1
CTGCTCGTAAATCCACCGGT_005,88
AGCCAGCCAAAAAAACTTTA_001,194
AGCCAGCCAAAAAAACTTTA_002,102
AGCCAGCCAAAAAAACTTTA_003,137
AGCCAGCCAAAAAAACTTTA_004,169
AGCCAGCCAAAAAAACTTTA_005,138
AGCCAGCCAAAAAAACTTTA_006,0
AGCCAGCCAAAAAAACTTTA_007,191
AGCCAGCCAAAAAAACTTTA_008,78
AGCCAGCCAAAAAAACTTTA_009,162
TGCTATGCAGCGCATGACAC_001,113
TGCTATGCAGCGCATGACAC_002,53
AGACAGTGAGCACTGTCGTG_001,198
AGACAGTGAGCACTGTCGTG_002,158
AGACAGTGAGCACTGTCGTG_003,182
AGACAGTGAGCACTGTCGTG_004,165
AGACAGTGAGCACTGTCGTG_005,56
TGTAGAAAAAGCAATCAGCA_001,51
TGTAGAAAAAGCAATCAGCA_002,102
TGTAGAAAAAGCAATCAGCA_003,150
TGTAGAAAAAGCAATCAGCA_004,181
TGTAGAAAAAGCAATCAGCA_005,63
CAGATTAAGTATAACCGCGA_001,81
CAGATTAAGTATAACCGCGA_002,61
TTGCGCTGTCAGACCACAGT_001,151
TTGCGCTGTCAGACCACAGT_002,88
TTGCGCTGTCAGACCACAGT_003,177
TTGCGCTGTCAGACCACAGT_004,42
TTGCGCTGTCAGACCACAGT_005,27
TTGCGCTGTCAGACCACAGT_006,137
TTGCGCTGTCAGACCACAGT_007,78
TTGCGCTGTCAGACCACAGT_008,191
TTGCGCTGTCAGACCACAGT_009,1
TTGCGCTGTCAGACCACAGT_010,98
TTGCGCTGTCAGACCACAGT_011,48
TTGCGCTGTCAGACCACAGT_012,70
TTGCGCTGTCAGACCACAGT_013,22
TTGCGCTGTCAGACCACAGT_014,49
TTGCGCTGTCAGACCACAGT_015,174
TTGCGCTGTCAGACCACAGT_016,102
TTGCGCTGTCAGACCACAGT_017,89
TTGCGCTGTCAGACCACAGT_018,98
TTGCGCTGTCAGACCACAGT_019,140
TTGCGCTGTCAGACCACAGT_020,88
TTGCGCTGTCAGACCACAGT_021,98
AATGGATCCTCTGATTGGAC_001,7
AATGGATCCTCTGATTGGAC_002,152
AATGGATCCTCTGATTGGAC_003,136
AATGGATCCTCTGATTGGAC_004,160
AATGGATCCTCTGATTGGAC_005,129
AATGGATCCTCTGATTGGAC_006,88
AATGGATCCTCTGATTGGAC_007,142
AATGGATCCTCTGATTGGAC_008,107
AATGGATCCTCTGATTGGAC_009,91
AATGGATCCTCTGATTGGAC_010,152
AATGGATCCTCTGATTGGAC_011,63
AATGGATCCTCTGATTGGAC_012,136
AGTTAGAGGTACTGGATGAG_001,29
AGTTAGAGGTACTGGATGAG_002,32
AGTTAGAGGTACTGGATGAG_003,100
AGTTAGAGGTACTGGATGAG_004,108
AGTTAGAGGTACTGGATGAG_005,63
AGTTAGAGGTACTGGATGAG_006,6
AGTTAGAGGTACTGGATGAG_007,160
CCCAGCTGAGGAACTGCATG_001,16
CCCAGCTGAGGAACTGCATG_002,121
CCCAGCTGAGGAACTGCATG_003,150
CCCAGCTGAGGAACTGCATG_004,65
CCCAGCTGAGGAACTGCATG_005,133
CCCAGCTGAGGAACTGCATG_006,148
CCCAGCTGAGGAACTGCATG_007,83
CCCAGCTGAGGAACTGCATG_008,48
CCCAGCTGAGGAACTGCATG_009,96
CCCAGCTGAGGAACTGCATG_010,94
CCCAGCTGAGGAACTGCATG_011,192
CCCAGCTGAGGAACTGCATG_012,125
CCCAGCTGAGGAACTGCATG_013,88
CCCAGCTGAGGAACTGCATG_014,1
CCCAGCTGAGGAACTGCATG_015,1
CCCAGCTGAGGAACTGCATG_016,78
CCCAGCTGAGGAACTGCATG_017,179
CCCAGCTGAGGAACTGCATG_018,95
CCCAGCTGAGGAACTGCATG_019,69
CCCAGCTGAGGAACTGCATG_020,53
CCCAGCTGAGGAACTGCATG_021,160
CCCAGCTGAGGAACTGCATG_022,69
CCCAGCTGAGGAACTGCATG_023,150
CCCAGCTGAGGAACTGCATG_024,29
CCCAGCTGAGGAACTGCATG_025,34
CCCAGCTGAGGAACTGCATG_026,10
CCCAGCTGAGGAACTGCATG_027,94
CCCAGCTGAGGAACTGCATG_028,34
CCCAGCTGAGGAACTGCATG_029,169
GAGTCAGCGTTACTGCACGT_001,85
GAGTCAGCGTTACTGCACGT_002,130
GAGTCAGCGTTACTGCACGT_003,184
GAGTCAGCGTTACTGCACGT_004,187
GATACAGAACCTTCTAGCCA_001,62
GCTACTCTGAGGAATATCTG_001,76
GCTACTCTGAGGAATATCTG_002,8
GCTACTCTGAGGAATATCTG_003,127
GCTACTCTGAGGAATATCTG_004,2
GCTACTCTGAGGAATATCTG_005,53
GCTACTCTGAGGAATATCTG_006,127
GCTACTCTGAGGAATATCTG_007,56
GCTACTCTGAGGAATATCTG_008,85
GCTACTCTGAGGAATATCTG_009,187
AGACTCCAATTCATATATCA_001,13
AGACTCCAATTCATATATCA_002,195
CCATCCACCTGGTCGCACAA_001,86
CCATCCACCTGGTCGCACAA_002,128
CCATCCACCTGGTCGCACAA_003,170
CCATCCACCTGGTCGCACAA_004,55
CCATCCACCTGGTCGCACAA_005,121
CCATCCACCTGGTCGCACAA_006,41
CCATCCACCTGGTCGCACAA_007,34
CCATCCACCTGGTCGCACAA_008,184
CCATCCACCTGGTCGCACAA_009,88
CCATCCACCTGGTCGCACAA_010,60
CCATCCACCTGGTCGCACAA_011,147
CCATCCACCTGGTCGCACAA_012,150
CCATCCACCTGGTCGCACAA_013,0
CCATCCACCTGGTCGCACAA_014,183
CCATCCACCTGGTCGCACAA_015,1
CCATCCACCTGGTCGCACAA_016,148
CCATCCACCTGGTCGCACAA_017,141
CCATCCACCTGGTCGCACAA_018,41
CCATCCACCTGGTCGCACAA_019,149
CCATCCACCTGGTCGCACAA_020,151
CCATCCACCTGGTCGCACAA_021,134
CCATCCACCTGGTCGCACAA_022,185
CCATCCACCTGGTCGCACAA_023,149
CCATCCACCTGGTCGCACAA_024,133
CCATCCACCTGGTCGCACAA_025,40
CCATCCACCTGGTCGCACAA_026,145
CCATCCACCTGGTCGCACAA_027,150
CCATCCACCTGGTCGCACAA_028,116
CCATCCACCTGGTCGCACAA_029,39
CCATCCACCTGGTCGCACAA_030,118
CCATCCACCTGGTCGCACAA_031,147
CCATCCACCTGGTCGCACAA_032,107
CCATCCACCTGGTCGCACAA_033,42
AGCTCGCCATTATCCGAGAG_001,51
AGCTCGCCATTATCCGAGAG_002,52
AGCTCGCCATTATCCGAGAG_003,90
GGTCCTCTCAAGAGTCCTCA_001,94
GGTCCTCTCAAGAGTCCTCA_002,149
GGTCCTCTCAAGAGTCCTCA_003,149
GGTCCTCTCAAGAGTCCTCA_004,82
GGTCCTCTCAAGAGTCCTCA_005,75
GGTCCTCTCAAGAGTCCTCA_006,155
GGTCCTCTCAAGAGTCCTCA_007,176
GGTCCTCTCAAGAGTCCTCA_008,187
GGTCCTCTCAAGAGTCCTCA_009,148
GGTCCTCTCAAGAGTCCTCA_010,182
GGTCCTCTCAAGAGTCCTCA_011,1
GGTCCTCTCAAGAGTCCTCA_012,58
GGTCCTCTCAAGAGTCCTCA_013,139
GGTCCTCTCAAGAGTCCTCA_014,10
AGAGAAGGGTTGTCCCGCCG_001,19
AGAGAAGGGTTGTCCCGCCG_002,137
AGAGAAGGGTTGTCCCGCCG_003,179
AGAGAAGGGTTGTCCCGCCG_004,1
AGAGAAGGGTTGTCCCGCCG_005,76
TCTTCAGGAGAGAATACCAT_001,95
TCTTCAGGAGAGAATACCAT_002,84
TCTTCAGGAGAGAATACCAT_003,105
TCTTCAGGAGAGAATACCAT_004,190
TCTTCAGGAGAGAATACCAT_005,192
TCTTCAGGAGAGAATACCAT_006,101
TGGTTCTAGATGACTCGAAG_001,150
TGGTTCTAGATGACTCGAAG_002,148
TGGTTCTAGATGACTCGAAG_003,31
TGGTTCTAGATGACTCGAAG_004,137
TGGTTCTAGATGACTCGAAG_005,66
AGTCTTCACAGACTACGCAC_001,107
AGTCTTCACAGACTACGCAC_002,81
AGTCTTCACAGACTACGCAC_003,175
AGTCTTCACAGACTACGCAC_004,23
AGTCTTCACAGACTACGCAC_005,145
AGTCTTCACAGACTACGCAC_006,80
AGTCTTCACAGACTACGCAC_007,120
AGTCTTCACAGACTACGCAC_008,88
AGTCTTCACAGACTACGCAC_009,111
AGTCTTCACAGACTACGCAC_010,9
AGTCTTCACAGACTACGCAC_011,35
CCAGATGGCTCTCAACCAGG_001,15
CCAGATGGCTCTCAACCAGG_002,2
CCAGATGGCTCTCAACCAGG_003,41
CAGCACACCTTTGACTATAG_001,199
CAGCACACCTTTGACTATAG_002,174
CAGCACACCTTTGACTATAG_003,174
CAGCACACCTTTGACTATAG_004,177
CAGCACACCTTTGACTATAG_005,98
CAGCACACCTTTGACTATAG_006,188
CAGCACACCTTTGACTATAG_007,152
CAGCACACCTTTGACTATAG_008,140
CAGCACACCTTTGACTATAG_009,8
TACAAACATTGAATCCCGAT_001,4
TACAAACATTGAATCCCGAT_002,196
ATGGATTACGTCAATCCCCG_001,198
ATGGATTACGTCAATCCCCG_002,19
ATGGATTACGTCAATCCCCG_003,180
ATGGATTACGTCAATCCCCG_004,165
AAGGCCCAGGCAGGTGACAA_001,164
AAGGCCCAGGCAGGTGACAA_002,118
AAGGCCCAGGCAGGTGACAA_003,115
AAGGCCCAGGCAGGTGACAA_004,140
AAGGCCCAGGCAGGTGACAA_005,192
AAGGCCCAGGCAGGTGACAA_006,150
AAGGCCCAGGCAGGTGACAA_007,127
AAGGCCCAGGCAGGTGACAA_008,86
AAGGCCCAGGCAGGTGACAA_009,88
AAGGCCCAGGCAGGTGACAA_010,182
AAGGCCCAGGCAGGTGACAA_011,174
AAGGCCCAGGCAGGTGACAA_012,145
AAGGCCCAGGCAGGTGACAA_013,156
AAGGCCCAGGCAGGTGACAA_014,177
AAGGCCCAGGCAGGTGACAA_015,177
AAGGCCCAGGCAGGTGACAA_016,122
AAGGCCCAGGCAGGTGACAA_017,156
AAGGCCCAGGCAGGTGACAA_018,181
AAGGCCCAGGCAGGTGACAA_019,65
AAGGCCCAGGCAGGTGACAA_020,147
AAGGCCCAGGCAGGTGACAA_021,166
AAGGCCCAGGCAGGTGACAA_022,166
AAGGCCCAGGCAGGTGACAA_023,116
AAGGCCCAGGCAGGTGACAA_024,77
AAGGCCCAGGCAGGTGACAA_025,103
AAGGCCCAGGCAGGTGACAA_026,77
AAGGCCCAGGCAGGTGACAA_027,150
AAGGCCCAGGCAGGTGACAA_028,121
AAGGCCCAGGCAGGTGACAA_029,101
AAGGCCCAGGCAGGTGACAA_030,90
AAGGCCCAGGCAGGTGACAA_031,49
AAGGCCCAGGCAGGTGACAA_032,17
AAGGCCCAGGCAGGTGACAA_033,178
AAGGCCCAGGCAGGTGACAA_034,44
AGCACTTCTCACAGTTCCTG_001,12
TGTTGAATTTGCACACCATG_001,174
TGTTGAATTTGCACACCATG_002,16
TGTTGAATTTGCACACCATG_003,171
TGTTGAATTTGCACACCATG_004,147
TGTTGAATTTGCACACCATG_005,59
TGTTGAATTTGCACACCATG_006,188
TGTTGAATTTGCACACCATG_007,187
TGTTGAATTTGCACACCATG_008,43
TGTTGAATTTGCACACCATG_009,60
AATAGGACATGTCACTGCAA_001,112
AATAGGACATGTCACTGCAA_002,54
AATAGGACATGTCACTGCAA_003,9
AATAGGACATGTCACTGCAA_004,83
AATAGGACATGTCACTGCAA_005,173
AGTCTCACGTTAAACCAGGG_001,102
AGTCTCACGTTAAACCAGGG_002,11
AGTCTCACGTTAAACCAGGG_003,42
AGTCTCACGTTAAACCAGGG_004,166
AGTCTCACGTTAAACCAGGG_005,135
AGTCTCACGTTAAACCAGGG_006,81
AGTCTCACGTTAAACCAGGG_007,149
AGTCTCACGTTAAACCAGGG_008,63
AGTCTCACGTTAAACCAGGG_009,152
AGTCTCACGTTAAACCAGGG_010,158
AGTCTCACGTTAAACCAGGG_011,38
AGTCTCACGTTAAACCAGGG_012,158
AGTCTCACGTTAAACCAGGG_013,43
AGTCTCACGTTAAACCAGGG_014,66
AGTCTCACGTTAAACCAGGG_015,105
AGTCTCACGTTAAACCAGGG_016,1
TGCACTCAGTACCTGAGCAG_001,95
TGCACTCAGTACCTGAGCAG_002,169
TGCACTCAGTACCTGAGCAG_003,150
TGCACTCAGTACCTGAGCAG_004,11
TGCACTCAGTACCTGAGCAG_005,1
TGCACTCAGTACCTGAGCAG_006,63
GGAAGTAGATGAGGTCGCAT_001,119
GGAAGTAGATGAGGTCGCAT_002,123
GGAAGTAGATGAGGTCGCAT_003,68
GGAAGTAGATGAGGTCGCAT_004,72
GGAAGTAGATGAGGTCGCAT_005,38
GGAAGTAGATGAGGTCGCAT_006,81
GGAAGTAGATGAGGTCGCAT_007,12
GGAAGTAGATGAGGTCGCAT_008,44
GGAAGTAGATGAGGTCGCAT_009,73
GGAAGTAGATGAGGTCGCAT_010,197
GGAAGTAGATGAGGTCGCAT_011,20
GGAAGTAGATGAGGTCGCAT_012,155
GGAAGTAGATGAGGTCGCAT_013,65
GGAAGTAGATGAGGTCGCAT_014,73
GGAAGTAGATGAGGTCGCAT_015,83
GGAAGTAGATGAGGTCGCAT_016,185
GGAAGTAGATGAGGTCGCAT_017,61
GGAAGTAGATGAGGTCGCAT_018,165
GGAAGTAGATGAGGTCGCAT_019,124
AACGGGTTTGGACTCTGGAA_001,191
AACGGGTTTGGACTCTGGAA_002,185
AACGGGTTTGGACTCTGGAA_003,141
AACGGGTTTGGACTCTGGAA_004,197
AACGGGTTTGGACTCTGGAA_005,29
TCTTGCATAAAAGCATGATC_001,94
TTGTCCACAATAGAGGTTCG_001,198
TTGTCCACAATAGAGGTTCG_002,57
AGGCGCTGGATGGGGAAATG_001,54
AGGCGCTGGATGGGGAAATG_002,172
AGGCGCTGGATGGGGAAATG_003,62
AGGCGCTGGATGGGGAAATG_004,9
AGGCGCTGGATGGGGAAATG_005,101
AGGCGCTGGATGGGGAAATG_006,76
AGGCGCTGGATGGGGAAATG_007,77
AGGCGCTGGATGGGGAAATG_008,88
AGGCGCTGGATGGGGAAATG_009,113
AGGCGCTGGATGGGGAAATG_010,60
AGGCGCTGGATGGGGAAATG_011,148
AGGCGCTGGATGGGGAAATG_012,179
AGGCGCTGGATGGGGAAATG_013,121
AGGCGCTGGATGGGGAAATG_014,1
AGGCGCTGGATGGGGAAATG_015,65
AGGCGCTGGATGGGGAAATG_016,50
AGGCGCTGGATGGGGAAATG_017,121
AGGCGCTGGATGGGGAAATG_018,109
AGGCGCTGGATGGGGAAATG_019,138
AGGCGCTGGATGGGGAAATG_020,77
AGGCGCTGGATGGGGAAATG_021,165
AGGCGCTGGATGGGGAAATG_022,26
AGGCGCTGGATGGGGAAATG_023,196
AGGCGCTGGATGGGGAAATG_024,68
AGGCGCTGGATGGGGAAATG_025,85
GGAGGTGCGCGCTCTGTACG_001,102
GGAGGTGCGCGCTCTGTACG_002,5
GGAGGTGCGCGCTCTGTACG_003,127
GGAGGTGCGCGCTCTGTACG_004,82
GGAGGTGCGCGCTCTGTACG_005,16
GGAGGTGCGCGCTCTGTACG_006,132
GGAGGTGCGCGCTCTGTACG_007,145
GGAGGTGCGCGCTCTGTACG_008,88
GGAGGTGCGCGCTCTGTACG_009,188
CGACAGCAGACTATTGAACT_001,104
CGACAGCAGACTATTGAACT_002,162
CGACAGCAGACTATTGAACT_003,21
CGACAGCAGACTATTGAACT_004,119
CGACAGCAGACTATTGAACT_005,9
CGACAGCAGACTATTGAACT_006,8
CGACAGCAGACTATTGAACT_007,82
CGACAGCAGACTATTGAACT_008,180
AACCCCAGGGAATTGTGCTA_001,115
AACCCCAGGGAATTGTGCTA_002,128
AACCCCAGGGAATTGTGCTA_003,6
AACCCCAGGGAATTGTGCTA_004,73
AACCCCAGGGAATTGTGCTA_005,72
AACCCCAGGGAATTGTGCTA_006,72
AACCCCAGGGAATTGTGCTA_007,179
AACCCCAGGGAATTGTGCTA_008,66
GCTATGTGATCACCACCAGC_001,133
GCTATGTGATCACCACCAGC_002,173
GCTATGTGATCACCACCAGC_003,105
GCTATGTGATCACCACCAGC_004,160
GCTATGTGATCACCACCAGC_005,12
GCTATGTGATCACCACCAGC_006,126
GCTATGTGATCACCACCAGC_007,116
GCTATGTGATCACCACCAGC_008,198
GCTATGTGATCACCACCAGC_009,102
GCTATGTGATCACCACCAGC_010,130
GCTATGTGATCACCACCAGC_011,185
GCTATGTGATCACCACCAGC_012,90
TAAACGAAACCATGGTCAGG_001,57
TAAACGAAACCATGGTCAGG_002,6
TAAACGAAACCATGGTCAGG_003,145
TAAACGAAACCATGGTCAGG_004,0
TAAACGAAACCATGGTCAGG_005,46
TAAACGAAACCATGGTCAGG_006,20
TAAACGAAACCATGGTCAGG_007,61
ACACCTGGGTTCAAGGATGG_001,64
ACACCTGGGTTCAAGGATGG_002,148
ACACCTGGGTTCAAGGATGG_003,188
ACACCTGGGTTCAAGGATGG_004,182
ACACCTGGGTTCAAGGATGG_005,98
ACACCTGGGTTCAAGGATGG_006,177
ACACCTGGGTTCAAGGATGG_007,49
ACACCTGGGTTCAAGGATGG_008,21
ACACCTGGGTTCAAGGATGG_009,62
ACACCTGGGTTCAAGGATGG_010,175
ACACCTGGGTTCAAGGATGG_011,171
ACACCTGGGTTCAAGGATGG_012,188
ACACCTGGGTTCAAGGATGG_013,36
ACACCTGGGTTCAAGGATGG_014,158
ACACCTGGGTTCAAGGATGG_015,35
ACACCTGGGTTCAAGGATGG_016,49
ACACCTGGGTTCAAGGATGG_017,168
ACACCTGGGTTCAAGGATGG_018,55
ACACCTGGGTTCAAGGATGG_019,55
ACACCTGGGTTCAAGGATGG_020,43
ACACCTGGGTTCAAGGATGG_021,145
GGAACGGCTCCGGACCACAG_001,127
GGAACGGCTCCGGACCACAG_002,147
GGAACGGCTCCGGACCACAG_003,172
GGAACGGCTCCGGACCACAG_004,160
GGAACGGCTCCGGACCACAG_005,52
GGAACGGCTCCGGACCACAG_006,88
GGAACGGCTCCGGACCACAG_007,113
AAAACCTTACTATCTGACAC_001,94
AAAACCTTACTATCTGACAC_002,194
AAAACCTTACTATCTGACAC_003,98
AAAACCTTACTATCTGACAC_004,140
GGACGTGATGCCGTAGAAAG_001,107
GGACGTGATGCCGTAGAAAG_002,66
GTCCAACACATCTATCCTAA_001,126
TGTGCGGTTCATCTTCACGC_001,173
AGATGGCAGCCAGAGCAGCA_001,148
AGATGGCAGCCAGAGCAGCA_002,176
AGATGGCAGCCAGAGCAGCA_003,144
AGATGGCAGCCAGAGCAGCA_004,150
AGATGGCAGCCAGAGCAGCA_005,102
AGATGGCAGCCAGAGCAGCA_006,149
AGATGGCAGCCAGAGCAGCA_007,30
AGATGGCAGCCAGAGCAGCA_008,52
AGATGGCAGCCAGAGCAGCA_009,117
AGATGGCAGCCAGAGCAGCA_010,148
AGATGGCAGCCAGAGCAGCA_011,193
AGATGGCAGCCAGAGCAGCA_012,19
AGATGGCAGCCAGAGCAGCA_013,7
AGATGGCAGCCAGAGCAGCA_014,0
AGATGGCAGCCAGAGCAGCA_015,138
AGATGGCAGCCAGAGCAGCA_016,162
AGATGGCAGCCAGAGCAGCA_017,89
AGATGGCAGCCAGAGCAGCA_018,142
AGATGGCAGCCAGAGCAGCA_019,49
AGATGGCAGCCAGAGCAGCA_020,112
CCATCTTACGTTGTGCAGCG_001,168
CCATCTTACGTTGTGCAGCG_002,68
CCATCTTACGTTGTGCAGCG_003,84
CCATCTTACGTTGTGCAGCG_004,41
CCATCTTACGTTGTGCAGCG_005,158
CCATCTTACGTTGTGCAGCG_006,192
CCATCTTACGTTGTGCAGCG_007,91
CCATCTTACGTTGTGCAGCG_008,91
AGCAAACTGGGGTCGCCGCG_001,168
AGCAAACTGGGGTCGCCGCG_002,198
AGCAAACTGGGGTCGCCGCG_003,60
AGCAAACTGGGGTCGCCGCG_004,184
AGCAAACTGGGGTCGCCGCG_005,183
AGCAAACTGGGGTCGCCGCG_006,199
AGCAAACTGGGGTCGCCGCG_007,41
AGCAAACTGGGGTCGCCGCG_008,2
AGCAAACTGGGGTCGCCGCG_009,107
AGCAAACTGGGGTCGCCGCG_010,6
AGCAAACTGGGGTCGCCGCG_011,170
AGCAAACTGGGGTCGCCGCG_012,25
AGCAAACTGGGGTCGCCGCG_013,21
CTCCCGTCACTATAGCGACA_001,55
CTCCCGTCACTATAGCGACA_002,65
CAGTAGACAAGATTTGACTC_001,168
CAGTAGACAAGATTTGACTC_002,158
CAGTAGACAAGATTTGACTC_003,147
CAGTAGACAAGATTTGACTC_004,142
CAGTAGACAAGATTTGACTC_005,35
CAGTAGACAAGATTTGACTC_006,180
CAGGTTTGACTTCCAAACAA_001,52
CAGGTTTGACTTCCAAACAA_002,7
CAGGTTTGACTTCCAAACAA_003,38
CAGGTTTGACTTCCAAACAA_004,174
GAGTACATCTACGTCAGGGG_001,158
GAGTACATCTACGTCAGGGG_002,170
GAGTACATCTACGTCAGGGG_003,178
GAGTACATCTACGTCAGGGG_004,168
GAGTACATCTACGTCAGGGG_005,62
GAGTACATCTACGTCAGGGG_006,177
GGATCATCTCCAGCAGCCTG_001,84
GGATCATCTCCAGCAGCCTG_002,102
GGATCATCTCCAGCAGCCTG_003,134
GGATCATCTCCAGCAGCCTG_004,169
GGATCATCTCCAGCAGCCTG_005,99
AACCTGGAGAACGATGAGGA_001,12
AACCTGGAGAACGATGAGGA_002,106
AACCTGGAGAACGATGAGGA_003,97
AACCTGGAGAACGATGAGGA_004,41
AACCTGGAGAACGATGAGGA_005,166
AACCTGGAGAACGATGAGGA_006,27
AACCTGGAGAACGATGAGGA_007,147
AACCTGGAGAACGATGAGGA_008,104
AACCTGGAGAACGATGAGGA_009,38
AACCTGGAGAACGATGAGGA_010,33
AACCTGGAGAACGATGAGGA_011,52
AACCTGGAGAACGATGAGGA_012,88
AACCTGGAGAACGATGAGGA_013,70
AACCTGGAGAACGATGAGGA_014,56
AACCTGGAGAACGATGAGGA_015,61
AACCTGGAGAACGATGAGGA_016,61
AACCTGGAGAACGATGAGGA_017,141
AACCTGGAGAACGATGAGGA_018,85
AACCTGGAGAACGATGAGGA_019,144
AACCTGGAGAACGATGAGGA_020,48
AACCTGGAGAACGATGAGGA_021,57
AACCTGGAGAACGATGAGGA_022,136
AACCTGGAGAACGATGAGGA_023,55
AACCTGGAGAACGATGAGGA_024,60
AACCTGGAGAACGATGAGGA_025,81
AACCTGGAGAACGATGAGGA_026,132
AACCTGGAGAACGATGAGGA_027,16
AACCTGGAGAACGATGAGGA_028,70
AACCTGGAGAACGATGAGGA_029,182
AACCTGGAGAACGATGAGGA_030,50
AACCTGGAGAACGATGAGGA_031,50
AACCTGGAGAACGATGAGGA_032,77
AACCTGGAGAACGATGAGGA_033,13
AACCTGGAGAACGATGAGGA_034,130
AACCTGGAGAACGATGAGGA_035,191
AACCTGGAGAACGATGAGGA_036,172
AACCTGGAGAACGATGAGGA_037,175
AACCTGGAGAACGATGAGGA_038,28
AACCTGGAGAACGATGAGGA_039,145
AACCTGGAGAACGATGAGGA_040,94
AACCTGGAGAACGATGAGGA_041,162
AACCTGGAGAACGATGAGGA_042,58
AACCTGGAGAACGATGAGGA_043,28
AACCTGGAGAACGATGAGGA_044,165
AACCTGGAGAACGATGAGGA_045,175
AACCTGGAGAACGATGAGGA_046,116
CTGGAAAGGCAGGACCAGTG_001,5
CTGGAAAGGCAGGACCAGTG_002,176
CTGGAAAGGCAGGACCAGTG_003,191
CTGGAAAGGCAGGACCAGTG_004,126
CTGGAAAGGCAGGACCAGTG_005,9
CTGGAAAGGCAGGACCAGTG_006,81
CTGGAAAGGCAGGACCAGTG_007,102
CTGGAAAGGCAGGACCAGTG_008,76
AAGCTGCTCAACATCACCGC_001,53
AAGCTGCTCAACATCACCGC_002,17
AAGCTGCTCAACATCACCGC_003,161
AAGCTGCTCAACATCACCGC_004,111
AAGCTGCTCAACATCACCGC_005,174
AAGCTGCTCAACATCACCGC_006,145
AAGCTGCTCAACATCACCGC_007,78
AAGCTGCTCAACATCACCGC_008,75
AAGCTGCTCAACATCACCGC_009,75
AAGCTGCTCAACATCACCGC_010,161
AAGCTGCTCAACATCACCGC_011,27
AAGCTGCTCAACATCACCGC_012,83
AAGCTGCTCAACATCACCGC_013,58
AAGCTGCTCAACATCACCGC_014,138
AAGCTGCTCAACATCACCGC_015,54
AAGCTGCTCAACATCACCGC_016,98
AAGCTGCTCAACATCACCGC_017,49
AAGCTGCTCAACATCACCGC_018,138
CGTCGGCGAAAGCGTCCTTG_001,190
CGTCGGCGAAAGCGTCCTTG_002,102
CGTCGGCGAAAGCGTCCTTG_003,175
CGTCGGCGAAAGCGTCCTTG_004,49
CGTCGGCGAAAGCGTCCTTG_005,43
CGTCGGCGAAAGCGTCCTTG_006,60
CGTCGGCGAAAGCGTCCTTG_007,66
CGTCGGCGAAAGCGTCCTTG_008,126
GTTGGAAATCTACTTGATCG_001,41
GTTGGAAATCTACTTGATCG_002,174
GTTGGAAATCTACTTGATCG_003,18
TAATGGAAGATGATCCACGC_001,114
TAATGGAAGATGATCCACGC_002,64
TAATGGAAGATGATCCACGC_003,12
TAATGGAAGATGATCCACGC_004,145
TAATGGAAGATGATCCACGC_005,148
TAATGGAAGATGATCCACGC_006,169
TAATGGAAGATGATCCACGC_007,98
TAATGGAAGATGATCCACGC_008,127
TAATGGAAGATGATCCACGC_009,112
TAATGGAAGATGATCCACGC_010,35
TAATGGAAGATGATCCACGC_011,34
TAATGGAAGATGATCCACGC_012,63
TAATGGAAGATGATCCACGC_013,58
TAATGGAAGATGATCCACGC_014,45
AGTACTAGTAGTTTGCACAA_001,119
AGTACTAGTAGTTTGCACAA_002,19
AGTACTAGTAGTTTGCACAA_003,132
AGTACTAGTAGTTTGCACAA_004,53
AGTACTAGTAGTTTGCACAA_005,117
CATTCTGGGCAAGATGACAG_001,1
CATTCTGGGCAAGATGACAG_002,64
CATTCTGGGCAAGATGACAG_003,149
CATTCTGGGCAAGATGACAG_004,169
CATTCTGGGCAAGATGACAG_005,82
CATTCTGGGCAAGATGACAG_006,195
CATTCTGGGCAAGATGACAG_007,141
CATTCTGGGCAAGATGACAG_008,199
CATTCTGGGCAAGATGACAG_009,3
CATTCTGGGCAAGATGACAG_010,158
CATTCTGGGCAAGATGACAG_011,71
CATTCTGGGCAAGATGACAG_012,50
CATTCTGGGCAAGATGACAG_013,168
ATGCCCGATTTCGGATGTAG_001,68
ATGCCCGATTTCGGATGTAG_002,17
ATGCCCGATTTCGGATGTAG_003,84
ATGCCCGATTTCGGATGTAG_004,32
ATGCCCGATTTCGGATGTAG_005,198
ATGCCCGATTTCGGATGTAG_006,91
ATGCCCGATTTCGGATGTAG_007,168
ATGCCCGATTTCGGATGTAG_008,121
ATGCCCGATTTCGGATGTAG_009,194
ATGCCCGATTTCGGATGTAG_010,186
ATGCCCGATTTCGGATGTAG_011,88
ATGCCCGATTTCGGATGTAG_012,80
ATGCCCGATTTCGGATGTAG_013,22
ATGCCCGATTTCGGATGTAG_014,4
ATGCCCGATTTCGGATGTAG_015,43
ATGATTCAGCGATATTGCAA_001,49
ATGATTCAGCGATATTGCAA_002,15
ATGATTCAGCGATATTGCAA_003,11
ATGATTCAGCGATATTGCAA_004,149
ATGATTCAGCGATATTGCAA_005,147
ATGATTCAGCGATATTGCAA_006,149
ATGATTCAGCGATATTGCAA_007,125
CTTCCGTGGCCTGTACGATG_001,116
CTTCCGTGGCCTGTACGATG_002,158
CTTCCGTGGCCTGTACGATG_003,194
CTTCCGTGGCCTGTACGATG_004,80
CTTCCGTGGCCTGTACGATG_005,143
CTTCCGTGGCCTGTACGATG_006,175
CTTCCGTGGCCTGTACGATG_007,20
CTTCCGTGGCCTGTACGATG_008,41
GCTGAACACCAAGTTCTCGG_001,171
GCTGAACACCAAGTTCTCGG_002,13
GCTGAACACCAAGTTCTCGG_003,78
GCTGAACACCAAGTTCTCGG_004,28
GCTCTAAGGAGATCACCAGC_001,113
GCTCTAAGGAGATCACCAGC_002,81
GCTCTAAGGAGATCACCAGC_003,58
GCTCTAAGGAGATCACCAGC_004,176
GCTCTAAGGAGATCACCAGC_005,158
GCTCTAAGGAGATCACCAGC_006,172
GCTCTAAGGAGATCACCAGC_007,152
GCTCTAAGGAGATCACCAGC_008,28
GCTCTAAGGAGATCACCAGC_009,151
GCTCTAAGGAGATCACCAGC_010,51
GCTCTAAGGAGATCACCAGC_011,30
TCCATAGACCTAGAGGACAC_001,133
TCCATAGACCTAGAGGACAC_002,105
TCCATAGACCTAGAGGACAC_003,178
TCCATAGACCTAGAGGACAC_004,83
TCCATAGACCTAGAGGACAC_005,174
ATGGTGGCAGGGGACATCCG_001,17
ATGGTGGCAGGGGACATCCG_002,59
ATGGTGGCAGGGGACATCCG_003,82
ATGGTGGCAGGGGACATCCG_004,157
ATGGTGGCAGGGGACATCCG_005,107
ATGGTGGCAGGGGACATCCG_006,199
ATGGTGGCAGGGGACATCCG_007,90
ATGGTGGCAGGGGACATCCG_008,196
ATGGTGGCAGGGGACATCCG_009,181
ATGGTGGCAGGGGACATCCG_010,181
ATGGTGGCAGGGGACATCCG_011,147
ATGGTGGCAGGGGACATCCG_012,178
TCCTGGCATCACAAACACGG_001,41
TCCTGGCATCACAAACACGG_002,102
TCCTGGCATCACAAACACGG_003,91
TCCTGGCATCACAAACACGG_004,80
TCCTGGCATCACAAACACGG_005,29
TCCTGGCATCACAAACACGG_006,2
TCCTGGCATCACAAACACGG_007,83
TCCTGGCATCACAAACACGG_008,28
TCCTGGCATCACAAACACGG_009,87
TCCTGGCATCACAAACACGG_010,130
TTCATCAGTTATGCTTCACC_001,160
TTCATCAGTTATGCTTCACC_002,60
TTCATCAGTTATGCTTCACC_003,141
TTCATCAGTTATGCTTCACC_004,20
GAGGCCGATCCCAATGTGCG_001,3
GAGGCCGATCCCAATGTGCG_002,27
AGTCCACTTAACAACCACGT_001,174
AGTCCACTTAACAACCACGT_002,144
AGTCCACTTAACAACCACGT_003,47
AGTCCACTTAACAACCACGT_004,94
AGTCCACTTAACAACCACGT_005,126
AGTCCACTTAACAACCACGT_006,72
AGTCCACTTAACAACCACGT_007,23
AGTCCACTTAACAACCACGT_008,161
AGTCCACTTAACAACCACGT_009,108
AGTCCACTTAACAACCACGT_010,96
AGTCCACTTAACAACCACGT_011,164
GGGTGATCAACACACAGAAA_001,195
GGGTGATCAACACACAGAAA_002,107
GGGTGATCAACACACAGAAA_003,48
GGGTGATCAACACACAGAAA_004,75
GGGTGATCAACACACAGAAA_005,115
GGGTGATCAACACACAGAAA_006,12
GGGTGATCAACACACAGAAA_007,66
GCAGCATGGAAACATACTCC_001,115
GCAGCATGGAAACATACTCC_002,78
GCAGCATGGAAACATACTCC_003,20
CTATTCCATATAGTGTCAAG_001,10
CATTGCAGGTCGTCACGCTG_001,56
CATTGCAGGTCGTCACGCTG_002,63
CATTGCAGGTCGTCACGCTG_003,1
CATTGCAGGTCGTCACGCTG_004,61
CATTGCAGGTCGTCACGCTG_005,67
CATTGCAGGTCGTCACGCTG_006,15
CATTGCAGGTCGTCACGCTG_007,188
CATTGCAGGTCGTCACGCTG_008,119
CATTGCAGGTCGTCACGCTG_009,102
CATTGCAGGTCGTCACGCTG_010,30
CATTGCAGGTCGTCACGCTG_011,175
CTACTCGGTACATCACGGAA_001,15
CTACTCGGTACATCACGGAA_002,68
CTACTCGGTACATCACGGAA_003,36
CTACTCGGTACATCACGGAA_004,106
GATAAAACCCACAAGAACAT_001,58
GATAAAACCCACAAGAACAT_002,81
GATAAAACCCACAAGAACAT_003,129
GATAAAACCCACAAGAACAT_004,82
CAACAAATACTCCACCCCTG_001,140
CAACAAATACTCCACCCCTG_002,60
CAACAAATACTCCACCCCTG_003,163
CAACAAATACTCCACCCCTG_004,181
CAACAAATACTCCACCCCTG_005,87
TGTCTATCATGATCCATGCA_001,127
TGTCTATCATGATCCATGCA_002,187
TTATACATGAAAAATGGACA_001,114
GTACTGGAGATTCCAAGGTG_001,144
GTACTGGAGATTCCAAGGTG_002,175
GTACTGGAGATTCCAAGGTG_003,153
GTACTGGAGATTCCAAGGTG_004,66
GTACTGGAGATTCCAAGGTG_005,66
GTACTGGAGATTCCAAGGTG_006,112
GTACTGGAGATTCCAAGGTG_007,22
GTACTGGAGATTCCAAGGTG_008,49
GTACTGGAGATTCCAAGGTG_009,126
GTACTGGAGATTCCAAGGTG_010,144
GTACTGGAGATTCCAAGGTG_011,177
GTACTGGAGATTCCAAGGTG_012,166
GTACTGGAGATTCCAAGGTG_013,197
GTACTGGAGATTCCAAGGTG_014,122
GTACTGGAGATTCCAAGGTG_015,13
GTACTGGAGATTCCAAGGTG_016,42
GTACTGGAGATTCCAAGGTG_017,18
GTACTGGAGATTCCAAGGTG_018,49
GTACTGGAGATTCCAAGGTG_019,48
GTACTGGAGATTCCAAGGTG_020,41
GTACTGGAGATTCCAAGGTG_021,126
GTACTGGAGATTCCAAGGTG_022,45
GTACTGGAGATTCCAAGGTG_023,190
CTGGGACAGACCTTTCAGCT_001,184
CTGGGACAGACCTTTCAGCT_002,2
CTGGGACAGACCTTTCAGCT_003,23
CTGGGACAGACCTTTCAGCT_004,26
ACCTTGTACTGCCCTCTCAG_001,14
ACCTTGTACTGCCCTCTCAG_002,53
ACCTTGTACTGCCCTCTCAG_003,174
ACCTTGTACTGCCCTCTCAG_004,58
ACCTTGTACTGCCCTCTCAG_005,44
ACCTTGTACTGCCCTCTCAG_006,124
ACCTTGTACTGCCCTCTCAG_007,35
ATTTGGCTAGACACCAACAT_001,32
ATTTGGCTAGACACCAACAT_002,65
ATTTGGCTAGACACCAACAT_003,182
ATTTGGCTAGACACCAACAT_004,9
ATTTGGCTAGACACCAACAT_005,56
ATTTGGCTAGACACCAACAT_006,106
ATTTGGCTAGACACCAACAT_007,24
ATTTGGCTAGACACCAACAT_008,76
ATTTGGCTAGACACCAACAT_009,127
ATTTGGCTAGACACCAACAT_010,34
ATTTGGCTAGACACCAACAT_011,55
GTTGACAGATAGCCAGATAG_001,50
GTTGACAGATAGCCAGATAG_002,124
ACTGCAATGACCACCAGATG_001,83
ACTGCAATGACCACCAGATG_002,163
ACTGCAATGACCACCAGATG_003,158
ACTGCAATGACCACCAGATG_004,158
ACTGCAATGACCACCAGATG_005,195
ACTGCAATGACCACCAGATG_006,48
ACTGCAATGACCACCAGATG_007,129
ACTGCAATGACCACCAGATG_008,180
ACTGCAATGACCACCAGATG_009,197
TGGAGATGAGCAGTTCTACG_001,173
TGGAGATGAGCAGTTCTACG_002,173
TGGAGATGAGCAGTTCTACG_003,184
TGGAGATGAGCAGTTCTACG_004,184
TGGAGATGAGCAGTTCTACG_005,68
TGGAGATGAGCAGTTCTACG_006,41
TGGAGATGAGCAGTTCTACG_007,58
TGGAGATGAGCAGTTCTACG_008,157
TGGAGATGAGCAGTTCTACG_009,184
TGGAGATGAGCAGTTCTACG_010,4
TGGAGATGAGCAGTTCTACG_011,178
TTACACGAGTAAACAAGGGG_001,172
TTACACGAGTAAACAAGGGG_002,82
TTACACGAGTAAACAAGGGG_003,161
TTACACGAGTAAACAAGGGG_004,135
TTACACGAGTAAACAAGGGG_005,113
TTACACGAGTAAACAAGGGG_006,131
TTACACGAGTAAACAAGGGG_007,31
TTACACGAGTAAACAAGGGG_008,31
TTACACGAGTAAACAAGGGG_009,149
TTACACGAGTAAACAAGGGG_010,56
TTACACGAGTAAACAAGGGG_011,42
TTACACGAGTAAACAAGGGG_012,94
TTACACGAGTAAACAAGGGG_013,198
TTACACGAGTAAACAAGGGG_014,108
TTACACGAGTAAACAAGGGG_015,13
TTACACGAGTAAACAAGGGG_016,19
TTACACGAGTAAACAAGGGG_017,42
TTACACGAGTAAACAAGGGG_018,42
TTACACGAGTAAACAAGGGG_019,120
TTACACGAGTAAACAAGGGG_020,83
TTACACGAGTAAACAAGGGG_021,27
TTACACGAGTAAACAAGGGG_022,15
TTCTCGGGGACTGATGATCG_001,160
TTCTCGGGGACTGATGATCG_002,198
TTCTCGGGGACTGATGATCG_003,81
TTCTCGGGGACTGATGATCG_004,192
TTCTCGGGGACTGATGATCG_005,67
TTCTCGGGGACTGATGATCG_006,171
TTCTCGGGGACTGATGATCG_007,22
TTCTCGGGGACTGATGATCG_008,106
TTCTCGGGGACTGATGATCG_009,29
TTCTCGGGGACTGATGATCG_010,43
TTCTCGGGGACTGATGATCG_011,151
TTCTCGGGGACTGATGATCG_012,54
TTACAGGATACGGCACCAAG_001,16
TTACAGGATACGGCACCAAG_002,171
TTACAGGATACGGCACCAAG_003,12
TTACAGGATACGGCACCAAG_004,103
TTACAGGATACGGCACCAAG_005,86
TTACAGGATACGGCACCAAG_006,190
TTACAGGATACGGCACCAAG_007,20
TTACAGGATACGGCACCAAG_008,17
TTACAGGATACGGCACCAAG_009,70
AATGCCATTAGCGATACGAG_001,48
AATGCCATTAGCGATACGAG_002,127
AATGCCATTAGCGATACGAG_003,91
AATGCCATTAGCGATACGAG_004,76
AATGCCATTAGCGATACGAG_005,118
AATGCCATTAGCGATACGAG_006,86
AATGCCATTAGCGATACGAG_007,107
AATGCCATTAGCGATACGAG_008,8
AATGCCATTAGCGATACGAG_009,177
AATGCCATTAGCGATACGAG_010,89
AATGCCATTAGCGATACGAG_011,55
CAGTTGATGGCTGCTACAGG_001,177
CAGTTGATGGCTGCTACAGG_002,4
CAGTTGATGGCTGCTACAGG_003,60
CAGTTGATGGCTGCTACAGG_004,35
CAGTTGATGGCTGCTACAGG_005,184
GTGGCGTCCACAAGAGAGCA_001,5
GTGGCGTCCACAAGAGAGCA_002,112
GTGGCGTCCACAAGAGAGCA_003,118
GTGGCGTCCACAAGAGAGCA_004,127
GTGGCGTCCACAAGAGAGCA_005,168
GTGGCGTCCACAAGAGAGCA_006,94
GTGGCGTCCACAAGAGAGCA_007,66
GCGGGCGGACTCCTCACGTG_001,70
GCGGGCGGACTCCTCACGTG_002,78
GCGGGCGGACTCCTCACGTG_003,68
GCGGGCGGACTCCTCACGTG_004,65
GCGGGCGGACTCCTCACGTG_005,193
GCGGGCGGACTCCTCACGTG_006,128
GCGGGCGGACTCCTCACGTG_007,105
GCGGGCGGACTCCTCACGTG_008,177
GCGGGCGGACTCCTCACGTG_009,121
GCGGGCGGACTCCTCACGTG_010,50
GCGGGCGGACTCCTCACGTG_011,61
GCGGGCGGACTCCTCACGTG_012,32
GCGGGCGGACTCCTCACGTG_013,2
GCGGGCGGACTCCTCACGTG_014,64
GCGGGCGGACTCCTCACGTG_015,185
GCGGGCGGACTCCTCACGTG_016,112
GCGGGCGGACTCCTCACGTG_017,56
GCGGGCGGACTCCTCACGTG_018,115
GCGGGCGGACTCCTCACGTG_019,44
GCGGGCGGACTCCTCACGTG_020,21
GCGGGCGGACTCCTCACGTG_021,134
GCGGGCGGACTCCTCACGTG_022,172
GCGGGCGGACTCCTCACGTG_023,67
GCGGGCGGACTCCTCACGTG_024,105
GCGGGCGGACTCCTCACGTG_025,17
GCGGGCGGACTCCTCACGTG_026,158
GCGGGCGGACTCCTCACGTG_027,141
GCGGGCGGACTCCTCACGTG_028,15
GCGGGCGGACTCCTCACGTG_029,68
GCGGGCGGACTCCTCACGTG_030,115
GCGGGCGGACTCCTCACGTG_031,88
GCGGGCGGACTCCTCACGTG_032,198
GCGGGCGGACTCCTCACGTG_033,147
GCGGGCGGACTCCTCACGTG_034,166
GCGGGCGGACTCCTCACGTG_035,188
GCGGGCGGACTCCTCACGTG_036,49
GCGGGCGGACTCCTCACGTG_037,168
GCGGGCGGACTCCTCACGTG_038,29
GCGGGCGGACTCCTCACGTG_039,10
GCGGGCGGACTCCTCACGTG_040,168
GCGGGCGGACTCCTCACGTG_041,5
GCGGGCGGACTCCTCACGTG_042,62
GCGGGCGGACTCCTCACGTG_043,124
GCGGGCGGACTCCTCACGTG_044,13
GCGGGCGGACTCCTCACGTG_045,33
GCGGGCGGACTCCTCACGTG_046,41
GCGGGCGGACTCCTCACGTG_047,160
GCGGGCGGACTCCTCACGTG_048,177
GCGGGCGGACTCCTCACGTG_049,67
CTAACCTGTGACACCCGCTG_001,2
CTAACCTGTGACACCCGCTG_002,130
CTAACCTGTGACACCCGCTG_003,20
CTAACCTGTGACACCCGCTG_004,78
CTAACCTGTGACACCCGCTG_005,181
CTAACCTGTGACACCCGCTG_006,40
CTAACCTGTGACACCCGCTG_007,119
CTAACCTGTGACACCCGCTG_008,124
CTAACCTGTGACACCCGCTG_009,2
CTAACCTGTGACACCCGCTG_010,34
CTAACCTGTGACACCCGCTG_011,26
CTAACCTGTGACACCCGCTG_012,55
CTAACCTGTGACACCCGCTG_013,113
CTAACCTGTGACACCCGCTG_014,174
CTAACCTGTGACACCCGCTG_015,148
CTAACCTGTGACACCCGCTG_016,33
CTAACCTGTGACACCCGCTG_017,161
CTAACCTGTGACACCCGCTG_018,77
CTAACCTGTGACACCCGCTG_019,105
CTAACCTGTGACACCCGCTG_020,14
CTAACCTGTGACACCCGCTG_021,176
CTAACCTGTGACACCCGCTG_022,76
CTAACCTGTGACACCCGCTG_023,149
CTAACCTGTGACACCCGCTG_024,41
CTAACCTGTGACACCCGCTG_025,121
CTGTGCTTCATGTTCCGAGT_001,137
CTGTGCTTCATGTTCCGAGT_002,10
CTGTGCTTCATGTTCCGAGT_003,153
CTGTGCTTCATGTTCCGAGT_004,194
CTGTGCTTCATGTTCCGAGT_005,176
CTGTGCTTCATGTTCCGAGT_006,102
CTGTGCTTCATGTTCCGAGT_007,46
CTGTGCTTCATGTTCCGAGT_008,169
CTGTGCTTCATGTTCCGAGT_009,102
CTGTGCTTCATGTTCCGAGT_010,22
AGAGCCTTCCATAAAAACGA_001,103
AGAGCCTTCCATAAAAACGA_002,48
AGAGCCTTCCATAAAAACGA_003,24
AGAGCCTTCCATAAAAACGA_004,101
AGAGCCTTCCATAAAAACGA_005,94
AGAGCCTTCCATAAAAACGA_006,76
AGAGCCTTCCATAAAAACGA_007,76
AGAGCCTTCCATAAAAACGA_008,150
AGAGCCTTCCATAAAAACGA_009,148
AGAGCCTTCCATAAAAACGA_010,179
AGAGCCTTCCATAAAAACGA_011,7
AGAGCCTTCCATAAAAACGA_012,160
AGAGCCTTCCATAAAAACGA_013,139
AGAGCCTTCCATAAAAACGA_014,17
AGAGCCTTCCATAAAAACGA_015,16
AGAGCCTTCCATAAAAACGA_016,187
AGAGCCTTCCATAAAAACGA_017,61
AGAGCCTTCCATAAAAACGA_018,165
GCTCTGGACAGATGCAGTGA_001,46
AGGGTGCAATCATGGCCCCG_001,127
AGGGTGCAATCATGGCCCCG_002,83
AGGGTGCAATCATGGCCCCG_003,184
AGGGTGCAATCATGGCCCCG_004,170
AGGGTGCAATCATGGCCCCG_005,10
AGGGTGCAATCATGGCCCCG_006,82
CAGGTGGTACTGCAACCCCA_001,11
CAGGTGGTACTGCAACCCCA_002,5
CAGGTGGTACTGCAACCCCA_003,114
CAGGTGGTACTGCAACCCCA_004,15
CAGGTGGTACTGCAACCCCA_005,17
CAGGTGGTACTGCAACCCCA_006,183
CAGGTGGTACTGCAACCCCA_007,157
CAGGTGGTACTGCAACCCCA_008,176
CAGGTGGTACTGCAACCCCA_009,160
CAGGTGGTACTGCAACCCCA_010,134
CAGGTGGTACTGCAACCCCA_011,175
CAGGTGGTACTGCAACCCCA_012,84
CAGGTGGTACTGCAACCCCA_013,189
CAGGTGGTACTGCAACCCCA_014,96
CAGGTGGTACTGCAACCCCA_015,47
CAGGTGGTACTGCAACCCCA_016,98
CAGGTGGTACTGCAACCCCA_017,42
CAGGTGGTACTGCAACCCCA_018,4
CAGGTGGTACTGCAACCCCA_019,110
CAGGTGGTACTGCAACCCCA_020,61
CAGGTGGTACTGCAACCCCA_021,82
CAGGTGGTACTGCAACCCCA_022,193
CAGGTGGTACTGCAACCCCA_023,54
CAGGTGGTACTGCAACCCCA_024,50
CAGGTGGTACTGCAACCCCA_025,98
CAGGTGGTACTGCAACCCCA_026,115
CAGGTGGTACTGCAACCCCA_027,106
CAGGTGGTACTGCAACCCCA_028,158
CAGGTGGTACTGCAACCCCA_029,198
CAGGTGGTACTGCAACCCCA_030,115
CAGGTGGTACTGCAACCCCA_031,171
AGTGAGGGGTGTGGACGTCG_001,148
AGTGAGGGGTGTGGACGTCG_002,58
AGTGAGGGGTGTGGACGTCG_003,162
GGATACCTACCCCTGCCTAG_001,131
GGATACCTACCCCTGCCTAG_002,74
GGATACCTACCCCTGCCTAG_003,176
GGATACCTACCCCTGCCTAG_004,113
GGATACCTACCCCTGCCTAG_005,2
GGATACCTACCCCTGCCTAG_006,46
GGATACCTACCCCTGCCTAG_007,3
GGATACCTACCCCTGCCTAG_008,148
GGGCCAAAACACGAAGTGAA_001,4
GGGCCAAAACACGAAGTGAA_002,134
GGGCCAAAACACGAAGTGAA_003,31
GGGCCAAAACACGAAGTGAA_004,83
GGGCCAAAACACGAAGTGAA_005,42
TCCAGATCAACAGCTTCGCG_001,162
TCCAGATCAACAGCTTCGCG_002,120
TCCAGATCAACAGCTTCGCG_003,26
GGAGGACTTCTCCAAGACTG_001,0
GGAGGACTTCTCCAAGACTG_002,93
GGAGGACTTCTCCAAGACTG_003,36
GGAGGACTTCTCCAAGACTG_004,88
GGAGGACTTCTCCAAGACTG_005,141
GGAGGACTTCTCCAAGACTG_006,17
GGGAGACAGCACGCCAGTGA_001,160
GGGAGACAGCACGCCAGTGA_002,95
GGGAGACAGCACGCCAGTGA_003,19
GGGAGACAGCACGCCAGTGA_004,54
GGGAGACAGCACGCCAGTGA_005,101
GGGAGACAGCACGCCAGTGA_006,94
GGGAGACAGCACGCCAGTGA_007,18
GGGAGACAGCACGCCAGTGA_008,9
GGGAGACAGCACGCCAGTGA_009,171
GGGAGACAGCACGCCAGTGA_010,172
GGGAGACAGCACGCCAGTGA_011,52
TGAAGTACTTTAGCCACACG_001,121
TGAAGTACTTTAGCCACACG_002,188
TGAAGTACTTTAGCCACACG_003,2
TGAAGTACTTTAGCCACACG_004,140
TGAAGTACTTTAGCCACACG_005,72
GGCGGCGCCAGAGATACGCA_001,161
GGCGGCGCCAGAGATACGCA_002,80
GGCGGCGCCAGAGATACGCA_003,199
GGCGGCGCCAGAGATACGCA_004,97
GGCGGCGCCAGAGATACGCA_005,65
GGCGGCGCCAGAGATACGCA_006,159
GGCGGCGCCAGAGATACGCA_007,187
GGCGGCGCCAGAGATACGCA_008,171
GGCGGCGCCAGAGATACGCA_009,101
GGCGGCGCCAGAGATACGCA_010,138
GGCGGCGCCAGAGATACGCA_011,44
GGCGGCGCCAGAGATACGCA_012,82
GGCGGCGCCAGAGATACGCA_013,138
GGCGGCGCCAGAGATACGCA_014,142
GGCGGCGCCAGAGATACGCA_015,106
GGCGGCGCCAGAGATACGCA_016,161
GGCGGCGCCAGAGATACGCA_017,88
GGCGGCGCCAGAGATACGCA_018,180
GGCGGCGCCAGAGATACGCA_019,27
GGCGGCGCCAGAGATACGCA_020,126
GGCGGCGCCAGAGATACGCA_021,52
GGCGGCGCCAGAGATACGCA_022,168
GGCGGCGCCAGAGATACGCA_023,1
GGCGGCGCCAGAGATACGCA_024,29
GGCGGCGCCAGAGATACGCA_025,81
GGCGGCGCCAGAGATACGCA_026,138
GGCGGCGCCAGAGATACGCA_027,13
GGCGGCGCCAGAGATACGCA_028,174
GGCAGAGCATCAAGACAAGG_001,37
GGCAGAGCATCAAGACAAGG_002,115
GGCAGAGCATCAAGACAAGG_003,104
GGCAGAGCATCAAGACAAGG_004,118
GGCAGAGCATCAAGACAAGG_005,67
AAAGTTCCATGTCTTCAAAG_001,62
AAAGTTCCATGTCTTCAAAG_002,158
AAAGTTCCATGTCTTCAAAG_003,58
AAAGTTCCATGTCTTCAAAG_004,40
GTAGAAGCCGTAGTTTGTCA_001,50
GTAGAAGCCGTAGTTTGTCA_002,168
GTAGAAGCCGTAGTTTGTCA_003,21
GTGACATCGGCTGAACGATG_001,34
GTGACATCGGCTGAACGATG_002,159
GTGACATCGGCTGAACGATG_003,40
GTGACATCGGCTGAACGATG_004,110
GTGACATCGGCTGAACGATG_005,123
GTGACATCGGCTGAACGATG_006,160
GTGACATCGGCTGAACGATG_007,32
CCTGAAGGGTATGAGAGATG_001,90
CCTGAAGGGTATGAGAGATG_002,150
CCTGAAGGGTATGAGAGATG_003,12
TTGAGTCATCTCCAATGTGT_001,197
GCGGGAAGCGCGCTGCTGCG_001,53
GCGGGAAGCGCGCTGCTGCG_002,141
GCGGGAAGCGCGCTGCTGCG_003,140
GCGGGAAGCGCGCTGCTGCG_004,9
GCGGGAAGCGCGCTGCTGCG_005,43
GCGGGAAGCGCGCTGCTGCG_006,58
GCGGGAAGCGCGCTGCTGCG_007,98
GCGGGAAGCGCGCTGCTGCG_008,40
GCGGGAAGCGCGCTGCTGCG_009,28
GCGGGAAGCGCGCTGCTGCG_010,12
GCGGGAAGCGCGCTGCTGCG_011,184
GCGGGAAGCGCGCTGCTGCG_012,95
GCGGGAAGCGCGCTGCTGCG_013,94
GCGGGAAGCGCGCTGCTGCG_014,175
GCGGGAAGCGCGCTGCTGCG_015,62
GCGGGAAGCGCGCTGCTGCG_016,158
GCGGGAAGCGCGCTGCTGCG_017,52
CACGTACCCCTACAAAGCAG_001,48
CACGTACCCCTACAAAGCAG_002,155
CACGTACCCCTACAAAGCAG_003,38
CACGTACCCCTACAAAGCAG_004,130
CACGTACCCCTACAAAGCAG_005,61
CACGTACCCCTACAAAGCAG_006,164
CACGTACCCCTACAAAGCAG_007,127
CACGTACCCCTACAAAGCAG_008,173
CACGTACCCCTACAAAGCAG_009,180
CAGGAAGATTCCAAAGAGTG_001,60
CAGGAAGATTCCAAAGAGTG_002,43
CAGGAAGATTCCAAAGAGTG_003,3
CATTGTCGATATGTGCGTGG_001,126
ATAAGCATGACAACTCCCAG_001,190
ATAAGCATGACAACTCCCAG_002,102
TGACGACGTGATCTATCATG_001,72
TGACGACGTGATCTATCATG_002,82
TTGTTGTAGATGCTACCACC_001,91
TTGTTGTAGATGCTACCACC_002,184
TTGTTGTAGATGCTACCACC_003,101
TGGGGGTAAACCCCTAGAAG_001,31
TGGGGGTAAACCCCTAGAAG_002,132
TGGGGGTAAACCCCTAGAAG_003,133
TGTCCTGTTTAATTAAGAGA_001,169
TGTCCTGTTTAATTAAGAGA_002,159
TGTCCTGTTTAATTAAGAGA_003,6
TGTCCTGTTTAATTAAGAGA_004,163
TGTCCTGTTTAATTAAGAGA_005,173
TGTCCTGTTTAATTAAGAGA_006,173
TGTCCTGTTTAATTAAGAGA_007,48
TGTCCTGTTTAATTAAGAGA_008,40
TGTCCTGTTTAATTAAGAGA_009,146
CGTCATAGCACAGCGCAGAG_001,112
CGTCATAGCACAGCGCAGAG_002,161
CGTCATAGCACAGCGCAGAG_003,48
CGTCATAGCACAGCGCAGAG_004,1
CGTCATAGCACAGCGCAGAG_005,62
CGTCATAGCACAGCGCAGAG_006,169
CGTCATAGCACAGCGCAGAG_007,98
CGTCATAGCACAGCGCAGAG_008,107
CGTCATAGCACAGCGCAGAG_009,17
CGTCATAGCACAGCGCAGAG_010,105
CGTCATAGCACAGCGCAGAG_011,158
CGTCATAGCACAGCGCAGAG_012,50
CGTCATAGCACAGCGCAGAG_013,45
CGTCATAGCACAGCGCAGAG_014,174
CGTCATAGCACAGCGCAGAG_015,92
CGTCATAGCACAGCGCAGAG_016,57
CGTCATAGCACAGCGCAGAG_017,170
CGTCATAGCACAGCGCAGAG_018,30
AAAGATCCAAAAGCTGACTG_001,170
AAAGATCCAAAAGCTGACTG_002,23
AAAGATCCAAAAGCTGACTG_003,62
AAAGATCCAAAAGCTGACTG_004,2
AAAGATCCAAAAGCTGACTG_005,19
AAAGATCCAAAAGCTGACTG_006,73
AAAGATCCAAAAGCTGACTG_007,41
AAAGATCCAAAAGCTGACTG_008,149
AAAGATCCAAAAGCTGACTG_009,76
AAAGATCCAAAAGCTGACTG_010,30
AAAGATCCAAAAGCTGACTG_011,147
AAAGATCCAAAAGCTGACTG_012,131
AAAGATCCAAAAGCTGACTG_013,149
AAAGATCCAAAAGCTGACTG_014,81
AAAGATCCAAAAGCTGACTG_015,54
AAAGATCCAAAAGCTGACTG_016,11
AAAGATCCAAAAGCTGACTG_017,9
AAAGATCCAAAAGCTGACTG_018,84
AAAGATCCAAAAGCTGACTG_019,91
AAAGATCCAAAAGCTGACTG_020,50
AAAGATCCAAAAGCTGACTG_021,138
CTCAAGACCAGGACCCGCCG_001,43
CTCAAGACCAGGACCCGCCG_002,122
CTCAAGACCAGGACCCGCCG_003,56
CTCAAGACCAGGACCCGCCG_004,18
CTCAAGACCAGGACCCGCCG_005,115
CTCAAGACCAGGACCCGCCG_006,70
CTCAAGACCAGGACCCGCCG_007,154
CTCAAGACCAGGACCCGCCG_008,58
CTCAAGACCAGGACCCGCCG_009,87
CTCAAGACCAGGACCCGCCG_010,177
CTCAAGACCAGGACCCGCCG_011,78
CTCAAGACCAGGACCCGCCG_012,17
CTCAAGACCAGGACCCGCCG_013,62
CTCAAGACCAGGACCCGCCG_014,32
CTCAAGACCAGGACCCGCCG_015,53
CTCAAGACCAGGACCCGCCG_016,5
CTCAAGACCAGGACCCGCCG_017,30
CTCAAGACCAGGACCCGCCG_018,178
CTCAAGACCAGGACCCGCCG_019,140
CTCAAGACCAGGACCCGCCG_020,11
CTCAAGACCAGGACCCGCCG_021,102
CTCAAGACCAGGACCCGCCG_022,146
CTCAAGACCAGGACCCGCCG_023,158
CTCAAGACCAGGACCCGCCG_024,147
CTCAAGACCAGGACCCGCCG_025,108
CTCAAGACCAGGACCCGCCG_026,86
CTCAAGACCAGGACCCGCCG_027,185
CTCAAGACCAGGACCCGCCG_028,124
CTCAAGACCAGGACCCGCCG_029,88
CTCAAGACCAGGACCCGCCG_030,48
CTCAAGACCAGGACCCGCCG_031,103
CTCAAGACCAGGACCCGCCG_032,169
CTCAAGACCAGGACCCGCCG_033,161
CTCAAGACCAGGACCCGCCG_034,66
CTCAAGACCAGGACCCGCCG_035,98
CTCAAGACCAGGACCCGCCG_036,143
CTCAAGACCAGGACCCGCCG_037,88
CTCAAGACCAGGACCCGCCG_038,48
CTCAAGACCAGGACCCGCCG_039,180
GAGCTGCTCACCACTACTAG_001,29
GAGCTGCTCACCACTACTAG_002,155
GAGCTGCTCACCACTACTAG_003,182
GAGCTGCTCACCACTACTAG_004,30
GAGCTGCTCACCACTACTAG_005,30
GCAGCGTGTACCCTCTTGTG_001,194
GCAGCGTGTACCCTCTTGTG_002,48
CAGACTCTGTGGTTGATGTG_001,196
CAGACTCTGTGGTTGATGTG_002,54
CAGACTCTGTGGTTGATGTG_003,113
CAGACTCTGTGGTTGATGTG_004,112
CAGACTCTGTGGTTGATGTG_005,196
CAGACTCTGTGGTTGATGTG_006,125
CAGACTCTGTGGTTGATGTG_007,141
CAGACTCTGTGGTTGATGTG_008,58
CAGACTCTGTGGTTGATGTG_009,25
CAGACTCTGTGGTTGATGTG_010,176
CAGACTCTGTGGTTGATGTG_011,139
CAGACTCTGTGGTTGATGTG_012,96
CAGACTCTGTGGTTGATGTG_013,31
CGGGTTCGGGTACTTGCGCA_001,55
CGGGTTCGGGTACTTGCGCA_002,161
CGGGTTCGGGTACTTGCGCA_003,144
CGGGTTCGGGTACTTGCGCA_004,34
CGGGTTCGGGTACTTGCGCA_005,137
CGGGTTCGGGTACTTGCGCA_006,104
CTGGTAAGAATAGTTCAGTG_001,145
CTGGTAAGAATAGTTCAGTG_002,145
CCAACACTGGACGGTCAAGA_001,36
CCAACACTGGACGGTCAAGA_002,32
CCAACACTGGACGGTCAAGA_003,181
CCAACACTGGACGGTCAAGA_004,178
CCAACACTGGACGGTCAAGA_005,70
CCAACACTGGACGGTCAAGA_006,177
CCAACACTGGACGGTCAAGA_007,44
CCAACACTGGACGGTCAAGA_008,50
CCAACACTGGACGGTCAAGA_009,157
CCAACACTGGACGGTCAAGA_010,144
CCAACACTGGACGGTCAAGA_011,130
CCAACACTGGACGGTCAAGA_012,69
CCAACACTGGACGGTCAAGA_013,130
GAGCCGCTGTGGTGTCGCGG_001,6
GAGCCGCTGTGGTGTCGCGG_002,106
GAGCCGCTGTGGTGTCGCGG_003,162
GAGCCGCTGTGGTGTCGCGG_004,49
GAGCCGCTGTGGTGTCGCGG_005,158
GAGCCGCTGTGGTGTCGCGG_006,174
GAGCCGCTGTGGTGTCGCGG_007,58
GAGCCGCTGTGGTGTCGCGG_008,96
GAGCCGCTGTGGTGTCGCGG_009,102
GAGCCGCTGTGGTGTCGCGG_010,105
GAGCCGCTGTGGTGTCGCGG_011,71
GAGCCGCTGTGGTGTCGCGG_012,71
GAGCCGCTGTGGTGTCGCGG_013,46
GAGCCGCTGTGGTGTCGCGG_014,107
GAGCCGCTGTGGTGTCGCGG_015,111
GAGCCGCTGTGGTGTCGCGG_016,121
GAGCCGCTGTGGTGTCGCGG_017,188
GAGCCGCTGTGGTGTCGCGG_018,46
GAGCCGCTGTGGTGTCGCGG_019,170
GAGCCGCTGTGGTGTCGCGG_020,82
GAGCCGCTGTGGTGTCGCGG_021,91
GAGCCGCTGTGGTGTCGCGG_022,81
GAGCCGCTGTGGTGTCGCGG_023,77
GAGGCAGAGATATACCGTCT_001,102
GAGGCAGAGATATACCGTCT_002,142
GAGGCAGAGATATACCGTCT_003,1
GAGGCAGAGATATACCGTCT_004,170
CACACTTACATCATCGGCCA_001,88
CACACTTACATCATCGGCCA_002,197
CACACTTACATCATCGGCCA_003,191
CACACTTACATCATCGGCCA_004,161
CACACTTACATCATCGGCCA_005,41
CACACTTACATCATCGGCCA_006,62
CACACTTACATCATCGGCCA_007,80
CACACTTACATCATCGGCCA_008,147
CACACTTACATCATCGGCCA_009,199
CACACTTACATCATCGGCCA_010,12
CACACTTACATCATCGGCCA_011,82
GCAACTATAGGTGTCTTTCA_001,15
GCAACTATAGGTGTCTTTCA_002,192
GCAACTATAGGTGTCTTTCA_003,193
GCAACTATAGGTGTCTTTCA_004,1
GCAACTATAGGTGTCTTTCA_005,198
GCAACTATAGGTGTCTTTCA_006,43
GCAACTATAGGTGTCTTTCA_007,152
AAGGGTTGAGACCTTACTGA_001,174
AAGGGTTGAGACCTTACTGA_002,17
AAGGGTTGAGACCTTACTGA_003,70
AAGGGTTGAGACCTTACTGA_004,70
AAGGGTTGAGACCTTACTGA_005,43
AAGGGTTGAGACCTTACTGA_006,137
AAGGGTTGAGACCTTACTGA_007,12
ACATCATCAATACAACAATC_001,22
ACATCATCAATACAACAATC_002,113
GCCGGTGCTCTGCACCACGC_001,98
GCCGGTGCTCTGCACCACGC_002,68
GCCGGTGCTCTGCACCACGC_003,83
GCCGGTGCTCTGCACCACGC_004,94
GCCGGTGCTCTGCACCACGC_005,169
GCTTCATTGACATCTTCGCG_001,154
GCTTCATTGACATCTTCGCG_002,57
GCTTCATTGACATCTTCGCG_003,183
GCTTCATTGACATCTTCGCG_004,81
GGGTAAAAGTACTGTCCCGG_001,164
GGGTAAAAGTACTGTCCCGG_002,164
GGGTAAAAGTACTGTCCCGG_003,191
GGGTAAAAGTACTGTCCCGG_004,175
GGGTAAAAGTACTGTCCCGG_005,168
GTAAGTATTTAACAAATCGG_001,132
GTAAGTATTTAACAAATCGG_002,12
ACAGGGTCACTCAAGTAGAT_001,132
ACAGGGTCACTCAAGTAGAT_002,48
ACAGGGTCACTCAAGTAGAT_003,43
GGCCCTGCGCTGCGCCCTAG_001,176
GGCCCTGCGCTGCGCCCTAG_002,190
GGCCCTGCGCTGCGCCCTAG_003,172
GGCCCTGCGCTGCGCCCTAG_004,198
GGCCCTGCGCTGCGCCCTAG_005,78
GGCCCTGCGCTGCGCCCTAG_006,16
GGCCCTGCGCTGCGCCCTAG_007,82
GGCCCTGCGCTGCGCCCTAG_008,155
GGCCCTGCGCTGCGCCCTAG_009,148
GGCCCTGCGCTGCGCCCTAG_010,10
GGCCCTGCGCTGCGCCCTAG_011,137
GGCCCTGCGCTGCGCCCTAG_012,9
GGCCCTGCGCTGCGCCCTAG_013,52
GGCCCTGCGCTGCGCCCTAG_014,166
GGCCCTGCGCTGCGCCCTAG_015,178
GGCCCTGCGCTGCGCCCTAG_016,56
GGCCCTGCGCTGCGCCCTAG_017,48
GGCCCTGCGCTGCGCCCTAG_018,147
GGCCCTGCGCTGCGCCCTAG_019,135
GGCCCTGCGCTGCGCCCTAG_020,166
GGCCCTGCGCTGCGCCCTAG_021,104
GGCCCTGCGCTGCGCCCTAG_022,63
GGCCCTGCGCTGCGCCCTAG_023,23
GGCCCTGCGCTGCGCCCTAG_024,116
CCTTCCCGGGCACAAGCAGG_001,18
CCTTCCCGGGCACAAGCAGG_002,141
CCTTCCCGGGCACAAGCAGG_003,62
CCTTCCCGGGCACAAGCAGG_004,49
CCTTCCCGGGCACAAGCAGG_005,10
CCTTCCCGGGCACAAGCAGG_006,130
CCTTCCCGGGCACAAGCAGG_007,166
CCTTCCCGGGCACAAGCAGG_008,117
CCTTCCCGGGCACAAGCAGG_009,153
CCTTCCCGGGCACAAGCAGG_010,127
CCTTCCCGGGCACAAGCAGG_011,10
CCTTCCCGGGCACAAGCAGG_012,31
CCTTCCCGGGCACAAGCAGG_013,156
CCTTCCCGGGCACAAGCAGG_014,156
CCTTCCCGGGCACAAGCAGG_015,165
CCTTCCCGGGCACAAGCAGG_016,62
CCTTCCCGGGCACAAGCAGG_017,14
CCTTCCCGGGCACAAGCAGG_018,107
CCTTCCCGGGCACAAGCAGG_019,136
CCTTCCCGGGCACAAGCAGG_020,43
CCTTCCCGGGCACAAGCAGG_021,121
CCTTCCCGGGCACAAGCAGG_022,94
CCTTCCCGGGCACAAGCAGG_023,56
CCTTCCCGGGCACAAGCAGG_024,153
CCTTCCCGGGCACAAGCAGG_025,39
CCTTCCCGGGCACAAGCAGG_026,37
GATAGCATCCGGTAAACCTG_001,166
GATAGCATCCGGTAAACCTG_002,69
GATAGCATCCGGTAAACCTG_003,188
GATAGCATCCGGTAAACCTG_004,43
GATAGCATCCGGTAAACCTG_005,161
CGCGGAAATTTTACCGACGA_001,97
CGCGGAAATTTTACCGACGA_002,2
CGCGGAAATTTTACCGACGA_003,78
CGCGGAAATTTTACCGACGA_004,96
CGCGGAAATTTTACCGACGA_005,188
CGCGGAAATTTTACCGACGA_006,179
CGCGGAAATTTTACCGACGA_007,4
CGCGGAAATTTTACCGACGA_008,15
CGCGGAAATTTTACCGACGA_009,149
CGCGGAAATTTTACCGACGA_010,118
CGCGGAAATTTTACCGACGA_011,62
CGCGGAAATTTTACCGACGA_012,69
CGCGGAAATTTTACCGACGA_013,17
GGTAATCAGATAATGGTGGA_001,43
GGTAATCAGATAATGGTGGA_002,147
GGTAATCAGATAATGGTGGA_003,160
GGTAATCAGATAATGGTGGA_004,29
GGTAATCAGATAATGGTGGA_005,76
GGTAATCAGATAATGGTGGA_006,140
GGTAATCAGATAATGGTGGA_007,16
GGTAATCAGATAATGGTGGA_008,99
GGTAATCAGATAATGGTGGA_009,43
GGTAATCAGATAATGGTGGA_010,104
ACAGAGATGCCTTAAAACGG_001,32
ACAGAGATGCCTTAAAACGG_002,50
ACAGAGATGCCTTAAAACGG_003,9
ACAGAGATGCCTTAAAACGG_004,42
ACAGAGATGCCTTAAAACGG_005,91
ACAGAGATGCCTTAAAACGG_006,107
ACAGAGATGCCTTAAAACGG_007,185
CGTGTTGACAATTGCCAATG_001,105
CGTGTTGACAATTGCCAATG_002,97
CGTGTTGACAATTGCCAATG_003,146
CGTGTTGACAATTGCCAATG_004,132
CACCCAGAGGATCAACTACA_001,159
CACCCAGAGGATCAACTACA_002,105
CACCCAGAGGATCAACTACA_003,165
TCAAGAATACAATTTCAGCA_001,56
TGGAAGTGTATGGCAGGCCG_001,62
TGGAAGTGTATGGCAGGCCG_002,58
TGGAAGTGTATGGCAGGCCG_003,185
TGGAAGTGTATGGCAGGCCG_004,177
TGGAAGTGTATGGCAGGCCG_005,41
CCCGGAAAGAGGGAAGTCGT_001,5
CCCGGAAAGAGGGAAGTCGT_002,62
CCCGGAAAGAGGGAAGTCGT_003,17
CCCGGAAAGAGGGAAGTCGT_004,29
CCCGGAAAGAGGGAAGTCGT_005,33
CCCGGAAAGAGGGAAGTCGT_006,169
CCCGGAAAGAGGGAAGTCGT_007,113
CCCGGAAAGAGGGAAGTCGT_008,141
CCCGGAAAGAGGGAAGTCGT_009,103
CCCGGAAAGAGGGAAGTCGT_010,2
CCCGGAAAGAGGGAAGTCGT_011,119
CCCGGAAAGAGGGAAGTCGT_012,101
CCCGGAAAGAGGGAAGTCGT_013,155
CCCGGAAAGAGGGAAGTCGT_014,146
CCCGGAAAGAGGGAAGTCGT_015,180
CCCGGAAAGAGGGAAGTCGT_016,136
CCCGGAAAGAGGGAAGTCGT_017,122
CCCGGAAAGAGGGAAGTCGT_018,31
CGGCCCCCAGCACCAAGATG_001,59
CGGCCCCCAGCACCAAGATG_002,80
CGGCCCCCAGCACCAAGATG_003,166
CGGCCCCCAGCACCAAGATG_004,144
CGGCCCCCAGCACCAAGATG_005,181
CGGCCCCCAGCACCAAGATG_006,30
CGGCCCCCAGCACCAAGATG_007,71
CGGCCCCCAGCACCAAGATG_008,21
CGGCCCCCAGCACCAAGATG_009,147
CGGCCCCCAGCACCAAGATG_010,88
CGGCCCCCAGCACCAAGATG_011,157
CGGCCCCCAGCACCAAGATG_012,145
CGGCCCCCAGCACCAAGATG_013,39
CGGCCCCCAGCACCAAGATG_014,39
CGGCCCCCAGCACCAAGATG_015,121
CGGCCCCCAGCACCAAGATG_016,68
CGGCCCCCAGCACCAAGATG_017,62
CGGCCCCCAGCACCAAGATG_018,63
CGGCCCCCAGCACCAAGATG_019,46
CGGCCCCCAGCACCAAGATG_020,31
CGGCCCCCAGCACCAAGATG_021,91
CGGCCCCCAGCACCAAGATG_022,133
CGGCCCCCAGCACCAAGATG_023,129
GTCCTAGTAACACTTATCAT_001,132
GTCCTAGTAACACTTATCAT_002,60
GTCCTAGTAACACTTATCAT_003,53
GTCCTAGTAACACTTATCAT_004,55
GTCCTAGTAACACTTATCAT_005,87
GTCCTAGTAACACTTATCAT_006,192
GTCCTAGTAACACTTATCAT_007,93
AGGTGGTGTTCCTTTGTCCG_001,20
AGGTGGTGTTCCTTTGTCCG_002,85
AGGTGGTGTTCCTTTGTCCG_003,167
GTTTGTAGTGCAGTAATCTC_001,154
GTTTGTAGTGCAGTAATCTC_002,19
GTTTGTAGTGCAGTAATCTC_003,77
GTTTGTAGTGCAGTAATCTC_004,19
AGCATCGTCCAGTGGCACAA_001,50
AGCATCGTCCAGTGGCACAA_002,134
AGCATCGTCCAGTGGCACAA_003,134
AGCATCGTCCAGTGGCACAA_004,70
AGCATCGTCCAGTGGCACAA_005,52
AGCATCGTCCAGTGGCACAA_006,134
AGCATCGTCCAGTGGCACAA_007,32
AGCATCGTCCAGTGGCACAA_008,15
AGCATCGTCCAGTGGCACAA_009,170
AGCATCGTCCAGTGGCACAA_010,38
AGCATCGTCCAGTGGCACAA_011,70
AGCATCGTCCAGTGGCACAA_012,50
AGCATCGTCCAGTGGCACAA_013,105
AGCATCGTCCAGTGGCACAA_014,35
AGCATCGTCCAGTGGCACAA_015,172
AGCATCGTCCAGTGGCACAA_016,194
AGCATCGTCCAGTGGCACAA_017,46
AGCATCGTCCAGTGGCACAA_018,155
AGCATCGTCCAGTGGCACAA_019,147
AGCATCGTCCAGTGGCACAA_020,69
AGCATCGTCCAGTGGCACAA_021,105
AGCATCGTCCAGTGGCACAA_022,88
AGCATCGTCCAGTGGCACAA_023,144
AGCATCGTCCAGTGGCACAA_024,10
AGCATCGTCCAGTGGCACAA_025,56
AGCATCGTCCAGTGGCACAA_026,140
AGCATCGTCCAGTGGCACAA_027,178
AGCATCGTCCAGTGGCACAA_028,182
AGCATCGTCCAGTGGCACAA_029,88
AGCATCGTCCAGTGGCACAA_030,190
AGCATCGTCCAGTGGCACAA_031,88
AGCATCGTCCAGTGGCACAA_032,91
AGCATCGTCCAGTGGCACAA_033,193
CTCACCTGCAATTAGGTGGA_001,155
CTCACCTGCAATTAGGTGGA_002,108
CTCACCTGCAATTAGGTGGA_003,8
CTCACCTGCAATTAGGTGGA_004,191
CTCACCTGCAATTAGGTGGA_005,147
CTCACCTGCAATTAGGTGGA_006,51
CTCACCTGCAATTAGGTGGA_007,49
CTCACCTGCAATTAGGTGGA_008,115
CTCACCTGCAATTAGGTGGA_009,144
CTCACCTGCAATTAGGTGGA_010,51
CTCACCTGCAATTAGGTGGA_011,181
CTCACCTGCAATTAGGTGGA_012,138
CTCACCTGCAATTAGGTGGA_013,56
CTCACCTGCAATTAGGTGGA_014,82
CTCACCTGCAATTAGGTGGA_015,176
CTCACCTGCAATTAGGTGGA_016,150
CTCACCTGCAATTAGGTGGA_017,69
GCACATGGCAAGCAAAATGG_001,106
GCACATGGCAAGCAAAATGG_002,48
GCACATGGCAAGCAAAATGG_003,116
GCACATGGCAAGCAAAATGG_004,30
GCACATGGCAAGCAAAATGG_005,113
GCACATGGCAAGCAAAATGG_006,113
GCACATGGCAAGCAAAATGG_007,133
GCACATGGCAAGCAAAATGG_008,121
GCACATGGCAAGCAAAATGG_009,30
GCACATGGCAAGCAAAATGG_010,127
GCACATGGCAAGCAAAATGG_011,38
GGCCTGGCGGATCCCAACTT_001,105
GGCCTGGCGGATCCCAACTT_002,129
GGCCTGGCGGATCCCAACTT_003,84
GGCCTGGCGGATCCCAACTT_004,173
GGCCTGGCGGATCCCAACTT_005,173
GGCCTGGCGGATCCCAACTT_006,180
GCAATATGTCCATAGACACT_001,32
GCAATATGTCCATAGACACT_002,163
GCAATATGTCCATAGACACT_003,54
GTTGTGTACAGTTGTGTGGA_001,167
GTTGTGTACAGTTGTGTGGA_002,52
TACTTGGAGAACCGAAGCCC_001,72
TACTTGGAGAACCGAAGCCC_002,70
GGTCAGCCTAGAGTTATCAG_001,180
GGTCAGCCTAGAGTTATCAG_002,1
GGTCAGCCTAGAGTTATCAG_003,176
GGTCAGCCTAGAGTTATCAG_004,135
GGTCAGCCTAGAGTTATCAG_005,144
GGTCAGCCTAGAGTTATCAG_006,29
GGTCAGCCTAGAGTTATCAG_007,49
AAGGCCGAATGTGATAATGT_001,34
AAGGCCGAATGTGATAATGT_002,102
AAGGCCGAATGTGATAATGT_003,149
AAGGCCGAATGTGATAATGT_004,9
ACCGCTGAAAGGTCTCCGTG_001,70
ACCGCTGAAAGGTCTCCGTG_002,21
ACCGCTGAAAGGTCTCCGTG_003,176
ACCGCTGAAAGGTCTCCGTG_004,189
ACCGCTGAAAGGTCTCCGTG_005,85
ACCGCTGAAAGGTCTCCGTG_006,8
ACCGCTGAAAGGTCTCCGTG_007,182
ACCGCTGAAAGGTCTCCGTG_008,61
ACCGCTGAAAGGTCTCCGTG_009,61
ACCGCTGAAAGGTCTCCGTG_010,80
ACCGCTGAAAGGTCTCCGTG_011,74
ACCGCTGAAAGGTCTCCGTG_012,147
ACCGCTGAAAGGTCTCCGTG_013,86
ACCGCTGAAAGGTCTCCGTG_014,197
ACCGCTGAAAGGTCTCCGTG_015,49
CCCAGAACAAAAAACACACC_001,55
CCCAGAACAAAAAACACACC_002,198
CCCAGAACAAAAAACACACC_003,60
CCCAGAACAAAAAACACACC_004,20
CCCAGAACAAAAAACACACC_005,110
CCCAGAACAAAAAACACACC_006,130
CCCAGAACAAAAAACACACC_007,175
CCCAGAACAAAAAACACACC_008,63
CCCAGAACAAAAAACACACC_009,103
CGAGTGCCCGACACTCGGGG_001,121
CGAGTGCCCGACACTCGGGG_002,82
CGAGTGCCCGACACTCGGGG_003,151
CGAGTGCCCGACACTCGGGG_004,130
CGAGTGCCCGACACTCGGGG_005,78
CGAGTGCCCGACACTCGGGG_006,36
CGAGTGCCCGACACTCGGGG_007,160
CGAGTGCCCGACACTCGGGG_008,29
CGAGTGCCCGACACTCGGGG_009,188
CGAGTGCCCGACACTCGGGG_010,53
CGAGTGCCCGACACTCGGGG_011,15
CGAGTGCCCGACACTCGGGG_012,119
CGAGTGCCCGACACTCGGGG_013,2
CGAGTGCCCGACACTCGGGG_014,147
CGAGTGCCCGACACTCGGGG_015,133
CGAGTGCCCGACACTCGGGG_016,127
CGAGTGCCCGACACTCGGGG_017,168
CGAGTGCCCGACACTCGGGG_018,85
CGAGTGCCCGACACTCGGGG_019,8
CGAGTGCCCGACACTCGGGG_020,65
CGAGTGCCCGACACTCGGGG_021,169
CGAGTGCCCGACACTCGGGG_022,79
CGAGTGCCCGACACTCGGGG_023,78
CGAGTGCCCGACACTCGGGG_024,127
AAGTACGCTGCTGCACAAGT_001,60
AAGTACGCTGCTGCACAAGT_002,0
AAGTACGCTGCTGCACAAGT_003,52
ACATGAACAAAAACAGGAAG_001,169
ACATGAACAAAAACAGGAAG_002,70
ATGTTGGTGAGATTCGCTGT_001,156
ATGTTGGTGAGATTCGCTGT_002,62
ATGTTGGTGAGATTCGCTGT_003,18
ATGTTGGTGAGATTCGCTGT_004,98
ATGTTGGTGAGATTCGCTGT_005,91
ATGTTGGTGAGATTCGCTGT_006,55
ATGTTGGTGAGATTCGCTGT_007,103
ATGTTGGTGAGATTCGCTGT_008,6
ATGTTGGTGAGATTCGCTGT_009,178
ATGTTGGTGAGATTCGCTGT_010,9
ATGTTGGTGAGATTCGCTGT_011,6
ATGTTGGTGAGATTCGCTGT_012,175
ATATCCAAAAGGAACACGTG_001,191
ATATCCAAAAGGAACACGTG_002,52
ATATCCAAAAGGAACACGTG_003,176
ATATCCAAAAGGAACACGTG_004,50
ATATCCAAAAGGAACACGTG_005,15
ATATCCAAAAGGAACACGTG_006,60
ATATCCAAAAGGAACACGTG_007,88
ATATCCAAAAGGAACACGTG_008,189
ATATCCAAAAGGAACACGTG_009,27
ATATCCAAAAGGAACACGTG_010,159
ATATCCAAAAGGAACACGTG_011,20
ATATCCAAAAGGAACACGTG_012,86
ATATCCAAAAGGAACACGTG_013,143
ATATCCAAAAGGAACACGTG_014,151
ATATCCAAAAGGAACACGTG_015,170
ATATCCAAAAGGAACACGTG_016,36
ATATCCAAAAGGAACACGTG_017,8
ATATCCAAAAGGAACACGTG_018,67
ATATCCAAAAGGAACACGTG_019,53
ATATCCAAAAGGAACACGTG_020,186
ATATCCAAAAGGAACACGTG_021,147
ATATCCAAAAGGAACACGTG_022,29
ATATCCAAAAGGAACACGTG_023,85
ATATCCAAAAGGAACACGTG_024,42
ATATCCAAAAGGAACACGTG_025,179
ATATCCAAAAGGAACACGTG_026,160
ATATCCAAAAGGAACACGTG_027,123
ATATCCAAAAGGAACACGTG_028,174
ATATCCAAAAGGAACACGTG_029,12
ATATCCAAAAGGAACACGTG_030,62
ATATCCAAAAGGAACACGTG_031,190
ATATCCAAAAGGAACACGTG_032,160
ATATCCAAAAGGAACACGTG_033,35
ATATCCAAAAGGAACACGTG_034,119
ATATCCAAAAGGAACACGTG_035,193
ATATCCAAAAGGAACACGTG_036,176
ATATCCAAAAGGAACACGTG_037,62
ATATCCAAAAGGAACACGTG_038,176
ATATCCAAAAGGAACACGTG_039,63
ATATCCAAAAGGAACACGTG_040,74
ATATCCAAAAGGAACACGTG_041,113
ATATCCAAAAGGAACACGTG_042,115
ATATCCAAAAGGAACACGTG_043,40
ATATCCAAAAGGAACACGTG_044,150
CAGATGCTGAGTACCTCCAC_001,70
CAGATGCTGAGTACCTCCAC_002,8
CAGATGCTGAGTACCTCCAC_003,168
CAGATGCTGAGTACCTCCAC_004,165
CAGATGCTGAGTACCTCCAC_005,170
CAGATGCTGAGTACCTCCAC_006,117
CAGATGCTGAGTACCTCCAC_007,127
CAGATGCTGAGTACCTCCAC_008,114
CAGATGCTGAGTACCTCCAC_009,26
CAGATGCTGAGTACCTCCAC_010,22
CAGATGCTGAGTACCTCCAC_011,98
CAGATGCTGAGTACCTCCAC_012,93
CAGATGCTGAGTACCTCCAC_013,2
CAGATGCTGAGTACCTCCAC_014,20
GAACGTCCTTCCCAAACTCG_001,65
GAACGTCCTTCCCAAACTCG_002,97
GAACGTCCTTCCCAAACTCG_003,36
GAACGTCCTTCCCAAACTCG_004,159
GAACGTCCTTCCCAAACTCG_005,189
GAACGTCCTTCCCAAACTCG_006,72
GAACGTCCTTCCCAAACTCG_007,2
GAACGTCCTTCCCAAACTCG_008,75
GAACGTCCTTCCCAAACTCG_009,4
GAACGTCCTTCCCAAACTCG_010,150
GAACGTCCTTCCCAAACTCG_011,145
GAACGTCCTTCCCAAACTCG_012,149
GAACGTCCTTCCCAAACTCG_013,35
GAACGTCCTTCCCAAACTCG_014,36
GAACGTCCTTCCCAAACTCG_015,9
GAACGTCCTTCCCAAACTCG_016,152
GAACGTCCTTCCCAAACTCG_017,9
GAACGTCCTTCCCAAACTCG_018,81
GAACGTCCTTCCCAAACTCG_019,116
GAACGTCCTTCCCAAACTCG_020,138
GAACGTCCTTCCCAAACTCG_021,63
GAACGTCCTTCCCAAACTCG_022,81
GAACGTCCTTCCCAAACTCG_023,158
CAAGGAACTTTACAGTTCGG_001,113
CAAGGAACTTTACAGTTCGG_002,128
CAAGGAACTTTACAGTTCGG_003,119
CAAGGAACTTTACAGTTCGG_004,181
CAAGGAACTTTACAGTTCGG_005,8
CAAGGAACTTTACAGTTCGG_006,67
CAAGGAACTTTACAGTTCGG_007,1
TTTGCAGATAAAAGTGCACA_001,6
TTTGCAGATAAAAGTGCACA_002,114
TTTGCAGATAAAAGTGCACA_003,188
TTTGCAGATAAAAGTGCACA_004,125
TTTGCAGATAAAAGTGCACA_005,169
TTTGCAGATAAAAGTGCACA_006,177
CAGGAGTCAGGACTTAGATG_001,168
CAGGAGTCAGGACTTAGATG_002,81
GCGGACACGCAAATTTGTGG_001,137
GCGGACACGCAAATTTGTGG_002,12
GCGGACACGCAAATTTGTGG_003,48
GCGGACACGCAAATTTGTGG_004,9
GCCTTGTAAATGTGACATTG_001,27
GCCTTGTAAATGTGACATTG_002,48
GCCTTGTAAATGTGACATTG_003,127
GCCTTGTAAATGTGACATTG_004,189
GCCTTGTAAATGTGACATTG_005,147
GCCTTGTAAATGTGACATTG_006,138
GCCTTGTAAATGTGACATTG_007,1
GCCTTGTAAATGTGACATTG_008,56
GCCTTGTAAATGTGACATTG_009,191
GCCTTGTAAATGTGACATTG_010,81
GCCTTGTAAATGTGACATTG_011,16
GCCTTGTAAATGTGACATTG_012,33
GCCTTGTAAATGTGACATTG_013,157
AAGGCAACTTTCCACAGGAG_001,160
AAGGCAACTTTCCACAGGAG_002,58
AAGGCAACTTTCCACAGGAG_003,53
AAGGCAACTTTCCACAGGAG_004,56
AAGGCAACTTTCCACAGGAG_005,153
AAGGCAACTTTCCACAGGAG_006,130
AAGGCAACTTTCCACAGGAG_007,170
AAGGCAACTTTCCACAGGAG_008,148
AAGGCAACTTTCCACAGGAG_009,60
AAGGCAACTTTCCACAGGAG_010,70
AAGGCAACTTTCCACAGGAG_011,115
AAGGCAACTTTCCACAGGAG_012,175
AAGGCAACTTTCCACAGGAG_013,6
AAGGCAACTTTCCACAGGAG_014,178
GGAGAAAAACCCAAATGCCG_001,59
GGAGAAAAACCCAAATGCCG_002,177
GGAGAAAAACCCAAATGCCG_003,121
GGAGAAAAACCCAAATGCCG_004,49
GGAGAAAAACCCAAATGCCG_005,35
GGAGAAAAACCCAAATGCCG_006,160
GGAGAAAAACCCAAATGCCG_007,53
GGAGAAAAACCCAAATGCCG_008,53
GGAGAAAAACCCAAATGCCG_009,49
GGAGAAAAACCCAAATGCCG_010,156
GGAGAAAAACCCAAATGCCG_011,137
GGAGAAAAACCCAAATGCCG_012,94
GGAGAAAAACCCAAATGCCG_013,151
GGAGAAAAACCCAAATGCCG_014,70
AGCATTTCACGGACAGATGG_001,149
AGCATTTCACGGACAGATGG_002,183
AGCATTTCACGGACAGATGG_003,154
AGCATTTCACGGACAGATGG_004,54
AGCATTTCACGGACAGATGG_005,107
AGCATTTCACGGACAGATGG_006,148
AGCATTTCACGGACAGATGG_007,93
AGCATTTCACGGACAGATGG_008,40
AGCATTTCACGGACAGATGG_009,158
AGCATTTCACGGACAGATGG_010,158
AGCATTTCACGGACAGATGG_011,15
AGCATTTCACGGACAGATGG_012,118
AGCATTTCACGGACAGATGG_013,82
AGCATTTCACGGACAGATGG_014,74
AGCATTTCACGGACAGATGG_015,29
AGCATTTCACGGACAGATGG_016,117
AGCATTTCACGGACAGATGG_017,169
AGCATTTCACGGACAGATGG_018,79
AGCATTTCACGGACAGATGG_019,91
TCGTGGCAAGCAAGGAGGCA_001,62
TCGTGGCAAGCAAGGAGGCA_002,184
TCGTGGCAAGCAAGGAGGCA_003,47
TCGTGGCAAGCAAGGAGGCA_004,191
TCGTGGCAAGCAAGGAGGCA_005,156
TCGTGGCAAGCAAGGAGGCA_006,156
TCGTGGCAAGCAAGGAGGCA_007,81
TCGTGGCAAGCAAGGAGGCA_008,36
TCGTGGCAAGCAAGGAGGCA_009,33
TCGTGGCAAGCAAGGAGGCA_010,94
TCGTGGCAAGCAAGGAGGCA_011,29
TCGTGGCAAGCAAGGAGGCA_012,2
TCGTGGCAAGCAAGGAGGCA_013,199
TCGTGGCAAGCAAGGAGGCA_014,71
TGGAAATACTCTCTACGTGG_001,155
TGGAAATACTCTCTACGTGG_002,179
CTTGCTGCAGTAGAATGACG_001,121
CTTGCTGCAGTAGAATGACG_002,162
CTTGCTGCAGTAGAATGACG_003,141
CTTGCTGCAGTAGAATGACG_004,75
CTTGCTGCAGTAGAATGACG_005,143
AAGAAGCTGTAGCTCAACTG_001,78
AAGAAGCTGTAGCTCAACTG_002,63
AAGAAGCTGTAGCTCAACTG_003,104
AAGAAGCTGTAGCTCAACTG_004,162
AAGAAGCTGTAGCTCAACTG_005,127
AAGAAGCTGTAGCTCAACTG_006,174
AAGAAGCTGTAGCTCAACTG_007,157
AAGAAGCTGTAGCTCAACTG_008,197
GACATCAGTCTGGAAAACCC_001,105
AGCAGTTGACCTGTAGCTTG_001,68
AGCAGTTGACCTGTAGCTTG_002,81
AGCAGTTGACCTGTAGCTTG_003,147
AGCAGTTGACCTGTAGCTTG_004,13
GTGGGTAGAACGGCCCATGA_001,58
GTGGGTAGAACGGCCCATGA_002,119
GTGGGTAGAACGGCCCATGA_003,57
GTGGGTAGAACGGCCCATGA_004,43
GTGGGTAGAACGGCCCATGA_005,54
GCTGAGCCCACCATGACTCG_001,108
GCTGAGCCCACCATGACTCG_002,36
GCTGAGCCCACCATGACTCG_003,98
GCTGAGCCCACCATGACTCG_004,108
GCTGAGCCCACCATGACTCG_005,92
GCTGAGCCCACCATGACTCG_006,60
GCTGAGCCCACCATGACTCG_007,10
GCTGAGCCCACCATGACTCG_008,39
GCTGAGCCCACCATGACTCG_009,10
GAAGAGACATGAGATCATGG_001,174
GAAGAGACATGAGATCATGG_002,159
GAAGAGACATGAGATCATGG_003,52
GAAGAGACATGAGATCATGG_004,138
ACACAGGCAGCACGATTCGT_001,106
ACACAGGCAGCACGATTCGT_002,37
ACACAGGCAGCACGATTCGT_003,107
ACACAGGCAGCACGATTCGT_004,131
ACACAGGCAGCACGATTCGT_005,1
ACACAGGCAGCACGATTCGT_006,95
ACACAGGCAGCACGATTCGT_007,69
ACACAGGCAGCACGATTCGT_008,75
ACACAGGCAGCACGATTCGT_009,113
ACACAGGCAGCACGATTCGT_010,154
ACACAGGCAGCACGATTCGT_011,14
ACACAGGCAGCACGATTCGT_012,165
ACACAGGCAGCACGATTCGT_013,138
ACACAGGCAGCACGATTCGT_014,189
ATAATCAATCCATCGCGGAG_001,16
ATAATCAATCCATCGCGGAG_002,33
ATAATCAATCCATCGCGGAG_003,82
ATAATCAATCCATCGCGGAG_004,82
ATAATCAATCCATCGCGGAG_005,90
ATAATCAATCCATCGCGGAG_006,57
ATAATCAATCCATCGCGGAG_007,155
ATAATCAATCCATCGCGGAG_008,115
ATAATCAATCCATCGCGGAG_009,19
TAGCTGGACCACGAACCAGG_001,50
TAGCTGGACCACGAACCAGG_002,169
TAGCTGGACCACGAACCAGG_003,62
TAGCTGGACCACGAACCAGG_004,185
TAGCTGGACCACGAACCAGG_005,152
TAGCTGGACCACGAACCAGG_006,23
TAGCTGGACCACGAACCAGG_007,32
TAGCTGGACCACGAACCAGG_008,50
TAGCTGGACCACGAACCAGG_009,192
TAGCTGGACCACGAACCAGG_010,134
TAGCTGGACCACGAACCAGG_011,168
TAGCTGGACCACGAACCAGG_012,168
TAGCTGGACCACGAACCAGG_013,84
TAGCTGGACCACGAACCAGG_014,175
TAGCTGGACCACGAACCAGG_015,2
TAGCTGGACCACGAACCAGG_016,1
TAGCTGGACCACGAACCAGG_017,178
TAGCTGGACCACGAACCAGG_018,157
TAGCTGGACCACGAACCAGG_019,2
TAGCTGGACCACGAACCAGG_020,102
TAGCTGGACCACGAACCAGG_021,180
TAGCTGGACCACGAACCAGG_022,118
TAGCTGGACCACGAACCAGG_023,57
TAGCTGGACCACGAACCAGG_024,152
TAGCTGGACCACGAACCAGG_025,3
TAGCTGGACCACGAACCAGG_026,82
TTAACATAGACAAATACGAC_001,62
TTAACATAGACAAATACGAC_002,0
TTAACATAGACAAATACGAC_003,175
TTAACATAGACAAATACGAC_004,141
TTAACATAGACAAATACGAC_005,115
TTAACATAGACAAATACGAC_006,175
TTAACATAGACAAATACGAC_007,181
TTAACATAGACAAATACGAC_008,198
TTAACATAGACAAATACGAC_009,116
TTAACATAGACAAATACGAC_010,88
TTAACATAGACAAATACGAC_011,83
ACCTAGAACTTAAACTCCAG_001,149
ACCTAGAACTTAAACTCCAG_002,193
ACCTAGAACTTAAACTCCAG_003,169
ACCTAGAACTTAAACTCCAG_004,84
ACCTAGAACTTAAACTCCAG_005,31
ACCTAGAACTTAAACTCCAG_006,68
ACCTAGAACTTAAACTCCAG_007,141
ATTGGTGCCCTCAAGCCAGG_001,163
ATTGGTGCCCTCAAGCCAGG_002,130
ATTGGTGCCCTCAAGCCAGG_003,27
ATTGGTGCCCTCAAGCCAGG_004,45
ATTGGTGCCCTCAAGCCAGG_005,10
ATTGGTGCCCTCAAGCCAGG_006,161
ATTGGTGCCCTCAAGCCAGG_007,196
ATTGGTGCCCTCAAGCCAGG_008,118
ATTGGTGCCCTCAAGCCAGG_009,121
ATTGGTGCCCTCAAGCCAGG_010,69
ATTGGTGCCCTCAAGCCAGG_011,57
ATTGGTGCCCTCAAGCCAGG_012,93
ATTGGTGCCCTCAAGCCAGG_013,60
ATTGGTGCCCTCAAGCCAGG_014,17
ATTGGTGCCCTCAAGCCAGG_015,115
ATTGGTGCCCTCAAGCCAGG_016,183
ATTGGTGCCCTCAAGCCAGG_017,175
ATTGGTGCCCTCAAGCCAGG_018,48
ATTGGTGCCCTCAAGCCAGG_019,70
ATTGGTGCCCTCAAGCCAGG_020,151
ATTGGTGCCCTCAAGCCAGG_021,23
ATTGGTGCCCTCAAGCCAGG_022,148
ATTGGTGCCCTCAAGCCAGG_023,125
ATTGGTGCCCTCAAGCCAGG_024,83
ATTGGTGCCCTCAAGCCAGG_025,177
ATTGGTGCCCTCAAGCCAGG_026,75
ATTGGTGCCCTCAAGCCAGG_027,91
ATTGGTGCCCTCAAGCCAGG_028,162
ATTGGTGCCCTCAAGCCAGG_029,188
ATTGGTGCCCTCAAGCCAGG_030,91
ATTGGTGCCCTCAAGCCAGG_031,108
CCACGAATTGGACACGACGG_001,156
CCACGAATTGGACACGACGG_002,150
CCACGAATTGGACACGACGG_003,16
CCACGAATTGGACACGACGG_004,105
CCACGAATTGGACACGACGG_005,110
CCACGAATTGGACACGACGG_006,15
CCACGAATTGGACACGACGG_007,156
CCACGAATTGGACACGACGG_008,14
CCACGAATTGGACACGACGG_009,79
GACAAAGCACTACTGGCTAT_001,36
GACAAAGCACTACTGGCTAT_002,37
GACAAAGCACTACTGGCTAT_003,81
GACAAAGCACTACTGGCTAT_004,15
GACAAAGCACTACTGGCTAT_005,179
GACAAAGCACTACTGGCTAT_006,179
GACAAAGCACTACTGGCTAT_007,193
GACAAAGCACTACTGGCTAT_008,65
GACAAAGCACTACTGGCTAT_009,141
GACAAAGCACTACTGGCTAT_010,8
GTGCCGGTGAAATCCCACCA_001,55
GTGCCGGTGAAATCCCACCA_002,170
GTGCCGGTGAAATCCCACCA_003,60
GTGCCGGTGAAATCCCACCA_004,137
GTGCCGGTGAAATCCCACCA_005,169
GTGCCGGTGAAATCCCACCA_006,156
GTGCCGGTGAAATCCCACCA_007,113
GTGCCGGTGAAATCCCACCA_008,197
GTGCCGGTGAAATCCCACCA_009,96
GTGCCGGTGAAATCCCACCA_010,19
GTGCCGGTGAAATCCCACCA_011,115
GTGCCGGTGAAATCCCACCA_012,32
GTGCCGGTGAAATCCCACCA_013,106
GTGCCGGTGAAATCCCACCA_014,22
GTGCCGGTGAAATCCCACCA_015,82
TGTCGGGAAAGAGAGATCCT_001,157
TGTCGGGAAAGAGAGATCCT_002,5
TGTCGGGAAAGAGAGATCCT_003,81
TGTCGGGAAAGAGAGATCCT_004,101
TGTCGGGAAAGAGAGATCCT_005,130
TGTCGGGAAAGAGAGATCCT_006,42
TGTCGGGAAAGAGAGATCCT_007,66
TGTCGGGAAAGAGAGATCCT_008,158
TGTCGGGAAAGAGAGATCCT_009,147
GGAAAGCGGAGAGACTACAC_001,166
GGAAAGCGGAGAGACTACAC_002,190
GGAAAGCGGAGAGACTACAC_003,157
GGAAAGCGGAGAGACTACAC_004,29
GGAAAGCGGAGAGACTACAC_005,58
GGAAAGCGGAGAGACTACAC_006,84
GGAAAGCGGAGAGACTACAC_007,165
GGAAAGCGGAGAGACTACAC_008,165
GGAAAGCGGAGAGACTACAC_009,162
GGAAAGCGGAGAGACTACAC_010,177
GGAAAGCGGAGAGACTACAC_011,53
GGAAAGCGGAGAGACTACAC_012,108
GGAAAGCGGAGAGACTACAC_013,6
GGAAAGCGGAGAGACTACAC_014,161
AACGGCTTGGAGACTACAGG_001,178
AACGGCTTGGAGACTACAGG_002,186
AACGGCTTGGAGACTACAGG_003,77
AACGGCTTGGAGACTACAGG_004,15
AACGGCTTGGAGACTACAGG_005,28
AACGGCTTGGAGACTACAGG_006,61
AACGGCTTGGAGACTACAGG_007,110
AACGGCTTGGAGACTACAGG_008,8
AACGGCTTGGAGACTACAGG_009,100
AACGGCTTGGAGACTACAGG_010,192
AACGGCTTGGAGACTACAGG_011,76
AACGGCTTGGAGACTACAGG_012,114
AACGGCTTGGAGACTACAGG_013,114
AACGGCTTGGAGACTACAGG_014,124
AACGGCTTGGAGACTACAGG_015,3
AACGGCTTGGAGACTACAGG_016,124
ACTTAGATACATAGGGCCAG_001,46
ACTTAGATACATAGGGCCAG_002,88
ACTTCAACCTCCATCTAACA_001,115
ACTTCAACCTCCATCTAACA_002,70
GAAGGTTATACAGATTAACA_001,127
GAAGGTTATACAGATTAACA_002,102
GAAGGTTATACAGATTAACA_003,105
GAAGGTTATACAGATTAACA_004,22
GAAGGTTATACAGATTAACA_005,175
CGAGTATGTAAACGTGACAT_001,194
CGAGTATGTAAACGTGACAT_002,144
CGAGTATGTAAACGTGACAT_003,186
CGAGTATGTAAACGTGACAT_004,104
CGAGTATGTAAACGTGACAT_005,139
CGAGTATGTAAACGTGACAT_006,129
CGAGTATGTAAACGTGACAT_007,43
CGAGTATGTAAACGTGACAT_008,162
CGAGTATGTAAACGTGACAT_009,77
CGAGTATGTAAACGTGACAT_010,77
CCGCAAAAGACAGATGACTC_001,42
CCGCAAAAGACAGATGACTC_002,93
CCGCAAAAGACAGATGACTC_003,35
CCGCAAAAGACAGATGACTC_004,22
CCGCAAAAGACAGATGACTC_005,66
CCGCAAAAGACAGATGACTC_006,3
CATGCCATACTGGACATCAT_001,84
CATGCCATACTGGACATCAT_002,139
CATGCCATACTGGACATCAT_003,141
CATGCCATACTGGACATCAT_004,158
CATGCCATACTGGACATCAT_005,76
CATGCCATACTGGACATCAT_006,81
CATGCCATACTGGACATCAT_007,19
CATGCCATACTGGACATCAT_008,149
CATGCCATACTGGACATCAT_009,165
CATGCCATACTGGACATCAT_010,52
CATGCCATACTGGACATCAT_011,37
CATGCCATACTGGACATCAT_012,48
CATGCCATACTGGACATCAT_013,175
CATGCCATACTGGACATCAT_014,77
CATGCCATACTGGACATCAT_015,183
CATGCCATACTGGACATCAT_016,39
CATGCCATACTGGACATCAT_017,137
CATGCCATACTGGACATCAT_018,199
CATGCCATACTGGACATCAT_019,19
CATGCCATACTGGACATCAT_020,105
CACATTCTAAGTCTAGGAGT_001,69
CACATTCTAAGTCTAGGAGT_002,145
CACATTCTAAGTCTAGGAGT_003,76
CACATTCTAAGTCTAGGAGT_004,68
CACATTCTAAGTCTAGGAGT_005,82
TTTGATGTAGACATCGTCGT_001,44
TTTGATGTAGACATCGTCGT_002,141
TTTGATGTAGACATCGTCGT_003,82
TTTGATGTAGACATCGTCGT_004,33
TTTGATGTAGACATCGTCGT_005,41
CGTTCTGTGCTACATGTCGT_001,174
CGTTCTGTGCTACATGTCGT_002,52
CGTTCTGTGCTACATGTCGT_003,58
CGTTCTGTGCTACATGTCGT_004,18
TAACCCAGCTCTTTCCACTG_001,1
TAACCCAGCTCTTTCCACTG_002,167
TAACCCAGCTCTTTCCACTG_003,24
TAACCCAGCTCTTTCCACTG_004,68
TAACCCAGCTCTTTCCACTG_005,83
TAACCCAGCTCTTTCCACTG_006,130
TAACCCAGCTCTTTCCACTG_007,98
ATTTATCCTAGGCTGCCAAG_001,172
ATTTATCCTAGGCTGCCAAG_002,171
ATTTATCCTAGGCTGCCAAG_003,185
ATTTATCCTAGGCTGCCAAG_004,124
ATTTATCCTAGGCTGCCAAG_005,10
GTTTCCTGTCAGTCCGACAA_001,161
GTTTCCTGTCAGTCCGACAA_002,64
GTTTCCTGTCAGTCCGACAA_003,49
GTTTCCTGTCAGTCCGACAA_004,11
GTTTCCTGTCAGTCCGACAA_005,61
GTTTCCTGTCAGTCCGACAA_006,49
GTTTCCTGTCAGTCCGACAA_007,129
GTTTCCTGTCAGTCCGACAA_008,109
GTTTCCTGTCAGTCCGACAA_009,59
GTTTCCTGTCAGTCCGACAA_010,65
GTTTCCTGTCAGTCCGACAA_011,170
GTTTCCTGTCAGTCCGACAA_012,39
TGATATATTCAGTACTCTGG_001,20
TGATATATTCAGTACTCTGG_002,29
GGAGACCACCCAGATACCCA_001,56
GGAGACCACCCAGATACCCA_002,70
GGAGACCACCCAGATACCCA_003,60
GGAGACCACCCAGATACCCA_004,171
GGAGACCACCCAGATACCCA_005,81
GGAGACCACCCAGATACCCA_006,23
GGAGACCACCCAGATACCCA_007,110
GGAGACCACCCAGATACCCA_008,192
GGAGACCACCCAGATACCCA_009,87
GGAGACCACCCAGATACCCA_010,186
GGAGACCACCCAGATACCCA_011,2
GGAGACCACCCAGATACCCA_012,119
GGAGACCACCCAGATACCCA_013,19
GGAGACCACCCAGATACCCA_014,77
GGAGACCACCCAGATACCCA_015,28
GGAGACCACCCAGATACCCA_016,124
GGAGACCACCCAGATACCCA_017,78
GGAGACCACCCAGATACCCA_018,130
GGAGACCACCCAGATACCCA_019,2
GCGAGGCCATTCCTTGAGCG_001,194
GCGAGGCCATTCCTTGAGCG_002,178
GCGAGGCCATTCCTTGAGCG_003,159
GCGAGGCCATTCCTTGAGCG_004,119
GCGAGGCCATTCCTTGAGCG_005,104
TGGGGGTTAATCAGCCCCAG_001,190
TGGGGGTTAATCAGCCCCAG_002,185
TGGGGGTTAATCAGCCCCAG_003,199
TGGGGGTTAATCAGCCCCAG_004,181
TGGGGGTTAATCAGCCCCAG_005,115
TGGGGGTTAATCAGCCCCAG_006,1
TGGGGGTTAATCAGCCCCAG_007,105
TGGGGGTTAATCAGCCCCAG_008,94
TGGGGGTTAATCAGCCCCAG_009,179
TGGGGGTTAATCAGCCCCAG_010,149
TGGGGGTTAATCAGCCCCAG_011,84
TGGGGGTTAATCAGCCCCAG_012,8
TGGGGGTTAATCAGCCCCAG_013,83
TGGGGGTTAATCAGCCCCAG_014,58
TGGGGGTTAATCAGCCCCAG_015,11
TGGGGGTTAATCAGCCCCAG_016,37
TGGGGGTTAATCAGCCCCAG_017,78
TGGGGGTTAATCAGCCCCAG_018,188
TGGGGGTTAATCAGCCCCAG_019,86
TGGGGGTTAATCAGCCCCAG_020,147
GGATATGAGATGCCAGTACG_001,147
GGATATGAGATGCCAGTACG_002,6
GGATATGAGATGCCAGTACG_003,57
GGATATGAGATGCCAGTACG_004,188
GGATATGAGATGCCAGTACG_005,115
GGATATGAGATGCCAGTACG_006,39
GGATATGAGATGCCAGTACG_007,58
GGATATGAGATGCCAGTACG_008,74
GGATATGAGATGCCAGTACG_009,172
GGATATGAGATGCCAGTACG_010,37
GGATATGAGATGCCAGTACG_011,16
GGATATGAGATGCCAGTACG_012,158
GGATATGAGATGCCAGTACG_013,199
GGGCATCCAAGGAGCCGCTT_001,149
GGGCATCCAAGGAGCCGCTT_002,98
GGGCATCCAAGGAGCCGCTT_003,22
GGGCATCCAAGGAGCCGCTT_004,65
GGGCATCCAAGGAGCCGCTT_005,128
GGGCATCCAAGGAGCCGCTT_006,32
GGGCATCCAAGGAGCCGCTT_007,170
ACACTTCGAACATTTCACCA_001,170
ACACTTCGAACATTTCACCA_002,82
ACACTTCGAACATTTCACCA_003,175
ACACTTCGAACATTTCACCA_004,11
ACACTTCGAACATTTCACCA_005,29
ACACTTCGAACATTTCACCA_006,198
ACACTTCGAACATTTCACCA_007,130
ACACTTCGAACATTTCACCA_008,194
CGAGTTGAACTGAACCCGTG_001,27
CGAGTTGAACTGAACCCGTG_002,191
CGAGTTGAACTGAACCCGTG_003,1
CGAGTTGAACTGAACCCGTG_004,175
CGAGTTGAACTGAACCCGTG_005,77
CGAGTTGAACTGAACCCGTG_006,105
CGAGTTGAACTGAACCCGTG_007,162
CGAGTTGAACTGAACCCGTG_008,138
CGAGTTGAACTGAACCCGTG_009,63
CGAGTTGAACTGAACCCGTG_010,92
CGAGTTGAACTGAACCCGTG_011,81
CGAGTTGAACTGAACCCGTG_012,150
CGAGTTGAACTGAACCCGTG_013,60
CGAGTTGAACTGAACCCGTG_014,38
CGAGTTGAACTGAACCCGTG_015,133
CGAGTTGAACTGAACCCGTG_016,105
CGAGTTGAACTGAACCCGTG_017,178
CGAGTTGAACTGAACCCGTG_018,56
CTCCAAGGCCCCACAAACCA_001,48
CTCCAAGGCCCCACAAACCA_002,4
CTCCAAGGCCCCACAAACCA_003,188
CTCCAAGGCCCCACAAACCA_004,99
CTCCAAGGCCCCACAAACCA_005,150
CTCCAAGGCCCCACAAACCA_006,198
CTCCAAGGCCCCACAAACCA_007,81
CTCCAAGGCCCCACAAACCA_008,94
CTCCAAGGCCCCACAAACCA_009,34
CAGGTAAGGCTCGACGAGTG_001,146
CAGGTAAGGCTCGACGAGTG_002,131
CAGGTAAGGCTCGACGAGTG_003,113
CAGGTAAGGCTCGACGAGTG_004,70
CAGGTAAGGCTCGACGAGTG_005,91
CAGGTAAGGCTCGACGAGTG_006,27
CAGGTAAGGCTCGACGAGTG_007,60
CAGGTAAGGCTCGACGAGTG_008,170
TATAAGTGGGTGCTTTAACG_001,51
TATAAGTGGGTGCTTTAACG_002,102
TATAAGTGGGTGCTTTAACG_003,154
TATAAGTGGGTGCTTTAACG_004,40
TATAAGTGGGTGCTTTAACG_005,94
TCCACCAGCTTAATACTCTG_001,173
TGTAGAAGCCAAAACTCGTG_001,105
TGTAGAAGCCAAAACTCGTG_002,40
CAAGGATGAATCATTCGTGG_001,145
GATCTTCATTCAGATTAACA_001,78
GATCTTCATTCAGATTAACA_002,169
CGTGGGTAACCTACAGGAGA_001,175
TCTGTGAAGGTACTATTCCG_001,127
TCTGTGAAGGTACTATTCCG_002,82
TCTGTGAAGGTACTATTCCG_003,166
TCTGTGAAGGTACTATTCCG_004,152
TCTGTGAAGGTACTATTCCG_005,183
TCTGTGAAGGTACTATTCCG_006,158
TCTGTGAAGGTACTATTCCG_007,169
TCTGTGAAGGTACTATTCCG_008,179
TTCTAGCTGCAAGGTCTCGA_001,114
TTCTAGCTGCAAGGTCTCGA_002,1
TTCTAGCTGCAAGGTCTCGA_003,117
TTCTAGCTGCAAGGTCTCGA_004,85
TTCTAGCTGCAAGGTCTCGA_005,60
TTCTAGCTGCAAGGTCTCGA_006,19
TTCTAGCTGCAAGGTCTCGA_007,33
TTCTAGCTGCAAGGTCTCGA_008,65
TTCTAGCTGCAAGGTCTCGA_009,132
TTCTAGCTGCAAGGTCTCGA_010,149
TTCTAGCTGCAAGGTCTCGA_011,56
TGGGCATCCAGCCATGAATG_001,190
TGGGCATCCAGCCATGAATG_002,151
TGGGCATCCAGCCATGAATG_003,158
TGGGCATCCAGCCATGAATG_004,116
TGGGCATCCAGCCATGAATG_005,47
TGGGCATCCAGCCATGAATG_006,36
TGGGCATCCAGCCATGAATG_007,13
TCTTCCTAACAGAGTACGCG_001,145
TCTTCCTAACAGAGTACGCG_002,74
TCTTCCTAACAGAGTACGCG_003,47
CTTTACCAGTTGGGTCACGT_001,77
CTTTACCAGTTGGGTCACGT_002,28
CTTTACCAGTTGGGTCACGT_003,103
CTTTACCAGTTGGGTCACGT_004,112
CTTTACCAGTTGGGTCACGT_005,57
CTTTACCAGTTGGGTCACGT_006,195
CTTTACCAGTTGGGTCACGT_007,148
CTTTACCAGTTGGGTCACGT_008,184
CTTTACCAGTTGGGTCACGT_009,43
CTTTACCAGTTGGGTCACGT_010,149
CTTTACCAGTTGGGTCACGT_011,33
CTTTACCAGTTGGGTCACGT_012,28
CTTTACCAGTTGGGTCACGT_013,170
CCACTTACCGGTGTTCCCGT_001,82
CCACTTACCGGTGTTCCCGT_002,0
CCACTTACCGGTGTTCCCGT_003,104
CTGCCTAAAGTACGTGCCCA_001,92
CTGCCTAAAGTACGTGCCCA_002,19
CTGCCTAAAGTACGTGCCCA_003,199
CTGCCTAAAGTACGTGCCCA_004,9
CTGCCTAAAGTACGTGCCCA_005,130
CTGCCTAAAGTACGTGCCCA_006,95
ACAGGATTAAGTTTGCACCA_001,38
ACAGGATTAAGTTTGCACCA_002,92
ACAGGATTAAGTTTGCACCA_003,5
ACAGGATTAAGTTTGCACCA_004,145
ACAGGATTAAGTTTGCACCA_005,188
ACAGGATTAAGTTTGCACCA_006,175
ACAGGATTAAGTTTGCACCA_007,65
TGGTGGTGGAGACCATCCGT_001,50
TGGTGGTGGAGACCATCCGT_002,168
TGGTGGTGGAGACCATCCGT_003,185
TGGTGGTGGAGACCATCCGT_004,169
GGCTGTGATCAACAATGCTG_001,172
GGCTGTGATCAACAATGCTG_002,48
GGCTGTGATCAACAATGCTG_003,70
GGCTGTGATCAACAATGCTG_004,2
GGCTGTGATCAACAATGCTG_005,103
GGCTGTGATCAACAATGCTG_006,96
GGCTGTGATCAACAATGCTG_007,16
GGCTGTGATCAACAATGCTG_008,12
GGCTGTGATCAACAATGCTG_009,78
GGCTGTGATCAACAATGCTG_010,34
GGCTGTGATCAACAATGCTG_011,68
GGCTGTGATCAACAATGCTG_012,37
GGCTGTGATCAACAATGCTG_013,12
GGCTGTGATCAACAATGCTG_014,199
GGCTGTGATCAACAATGCTG_015,72
GGCTGTGATCAACAATGCTG_016,156
GGCTGTGATCAACAATGCTG_017,156
CGAGCGCCCAGTCATCATGT_001,41
CGAGCGCCCAGTCATCATGT_002,107
CGAGCGCCCAGTCATCATGT_003,55
CGAGCGCCCAGTCATCATGT_004,82
CGAGCGCCCAGTCATCATGT_005,45
CGAGCGCCCAGTCATCATGT_006,151
CGAGCGCCCAGTCATCATGT_007,18
CGAGCGCCCAGTCATCATGT_008,116
GATCGCAAAGCAGGTGAACG_001,127
GATCGCAAAGCAGGTGAACG_002,88
GATCGCAAAGCAGGTGAACG_003,55
GATCGCAAAGCAGGTGAACG_004,49
GATCGCAAAGCAGGTGAACG_005,82
GATCGCAAAGCAGGTGAACG_006,170
GATCGCAAAGCAGGTGAACG_007,89
GATCGCAAAGCAGGTGAACG_008,168
ATGAAGTCGAATCACCCCAA_001,150
ATGAAGTCGAATCACCCCAA_002,18
ATGAAGTCGAATCACCCCAA_003,9
ATGAAGTCGAATCACCCCAA_004,170
ATGAAGTCGAATCACCCCAA_005,192
ATGAAGTCGAATCACCCCAA_006,78
ATGAAGTCGAATCACCCCAA_007,151
ACGACATCGCCATGACCGCG_001,101
ACGACATCGCCATGACCGCG_002,98
ACGACATCGCCATGACCGCG_003,150
ACGACATCGCCATGACCGCG_004,68
ACGACATCGCCATGACCGCG_005,75
ACGACATCGCCATGACCGCG_006,95
ACGACATCGCCATGACCGCG_007,184
ACGACATCGCCATGACCGCG_008,105
ACGACATCGCCATGACCGCG_009,48
ACGACATCGCCATGACCGCG_010,151
ACGACATCGCCATGACCGCG_011,176
ACGACATCGCCATGACCGCG_012,176
ACGACATCGCCATGACCGCG_013,133
ACGACATCGCCATGACCGCG_014,79
ACGACATCGCCATGACCGCG_015,43
ACGACATCGCCATGACCGCG_016,58
ACGACATCGCCATGACCGCG_017,20
ACGACATCGCCATGACCGCG_018,162
GGACACTGTAAACTGTCCGA_001,12
GGACACTGTAAACTGTCCGA_002,62
GGACACTGTAAACTGTCCGA_003,113
GGACACTGTAAACTGTCCGA_004,113
GGACACTGTAAACTGTCCGA_005,197
GGACACTGTAAACTGTCCGA_006,83
GGACACTGTAAACTGTCCGA_007,30
GGACACTGTAAACTGTCCGA_008,174
GGACACTGTAAACTGTCCGA_009,92
GGACACTGTAAACTGTCCGA_010,145
GGACACTGTAAACTGTCCGA_011,96
GGACACTGTAAACTGTCCGA_012,168
AGTCAGCCAATATTTCTGTG_001,137
AGTCAGCCAATATTTCTGTG_002,15
AGTCAGCCAATATTTCTGTG_003,137
AGTCAGCCAATATTTCTGTG_004,77
AGTCAGCCAATATTTCTGTG_005,177
AGTCAGCCAATATTTCTGTG_006,164
AGTCAGCCAATATTTCTGTG_007,141
AGTCAGCCAATATTTCTGTG_008,63
AGTCAGCCAATATTTCTGTG_009,42
AGTCAGCCAATATTTCTGTG_010,23
AGTCAGCCAATATTTCTGTG_011,77
AGTCAGCCAATATTTCTGTG_012,19
AGTCAGCCAATATTTCTGTG_013,4
AGTCAGCCAATATTTCTGTG_014,59
AGTCAGCCAATATTTCTGTG_015,81
GGAACGCGCCTATGAGTACG_001,129
GGAACGCGCCTATGAGTACG_002,105
GGAACGCGCCTATGAGTACG_003,41
GGAACGCGCCTATGAGTACG_004,127
GGAACGCGCCTATGAGTACG_005,140
GGAACGCGCCTATGAGTACG_006,49
GGAACGCGCCTATGAGTACG_007,24
GGAACGCGCCTATGAGTACG_008,67
GGAACGCGCCTATGAGTACG_009,35
GGAACGCGCCTATGAGTACG_010,12
GGAACGCGCCTATGAGTACG_011,86
GGAACGCGCCTATGAGTACG_012,45
GGAACGCGCCTATGAGTACG_013,33
GGAACGCGCCTATGAGTACG_014,86
GGAACGCGCCTATGAGTACG_015,129
GGAACGCGCCTATGAGTACG_016,33
TGAATGGCAACCCTCCGAAG_001,194
TGAATGGCAACCCTCCGAAG_002,34
TGAATGGCAACCCTCCGAAG_003,175
TGAATGGCAACCCTCCGAAG_004,106
TGAATGGCAACCCTCCGAAG_005,177
TGAATGGCAACCCTCCGAAG_006,144
TGAATGGCAACCCTCCGAAG_007,106
TGAATGGCAACCCTCCGAAG_008,50
TGAATGGCAACCCTCCGAAG_009,1
TGAATGGCAACCCTCCGAAG_010,129
TGAATGGCAACCCTCCGAAG_011,123
TTCTAGACATCGATATATGT_001,170
TTCTAGACATCGATATATGT_002,54
TTCTAGACATCGATATATGT_003,38
CATATCTACTTTATCAACTG_001,15
CATATCTACTTTATCAACTG_002,188
CATATCTACTTTATCAACTG_003,17
CATATCTACTTTATCAACTG_004,58
GACCCCCGTGAAGATCGCCG_001,189
GACCCCCGTGAAGATCGCCG_002,25
GACCCCCGTGAAGATCGCCG_003,49
GACCCCCGTGAAGATCGCCG_004,63
GACCCCCGTGAAGATCGCCG_005,26
GACCCCCGTGAAGATCGCCG_006,170
GACCCCCGTGAAGATCGCCG_007,152
GACCCCCGTGAAGATCGCCG_008,29
GACCCCCGTGAAGATCGCCG_009,84
GACCCCCGTGAAGATCGCCG_010,162
GACCCCCGTGAAGATCGCCG_011,188
GACCCCCGTGAAGATCGCCG_012,124
GACCCCCGTGAAGATCGCCG_013,30
GACCCCCGTGAAGATCGCCG_014,48
GACCCCCGTGAAGATCGCCG_015,88
GACCCCCGTGAAGATCGCCG_016,103
GACCCCCGTGAAGATCGCCG_017,60
GACCCCCGTGAAGATCGCCG_018,137
GACCCCCGTGAAGATCGCCG_019,56
ACGCTCAAGGAAGTCGAGCG_001,60
ACGCTCAAGGAAGTCGAGCG_002,44
ACGCTCAAGGAAGTCGAGCG_003,84
ACGCTCAAGGAAGTCGAGCG_004,49
ACGCTCAAGGAAGTCGAGCG_005,172
ACGCTCAAGGAAGTCGAGCG_006,131
ACGCTCAAGGAAGTCGAGCG_007,162
ACGCTCAAGGAAGTCGAGCG_008,168
ACGCTCAAGGAAGTCGAGCG_009,15
ACGCTCAAGGAAGTCGAGCG_010,137
ACGCTCAAGGAAGTCGAGCG_011,35
ACGCTCAAGGAAGTCGAGCG_012,147
ACGCTCAAGGAAGTCGAGCG_013,174
ACGCTCAAGGAAGTCGAGCG_014,43
ACGCTCAAGGAAGTCGAGCG_015,84
ACGCTCAAGGAAGTCGAGCG_016,112
ACGCTCAAGGAAGTCGAGCG_017,58
ACGCTCAAGGAAGTCGAGCG_018,193
ACGCTCAAGGAAGTCGAGCG_019,168
ACGCTCAAGGAAGTCGAGCG_020,147
ACGCTCAAGGAAGTCGAGCG_021,70
ACGCTCAAGGAAGTCGAGCG_022,91
ACGCTCAAGGAAGTCGAGCG_023,94
ACGCTCAAGGAAGTCGAGCG_024,141
ACGCTCAAGGAAGTCGAGCG_025,146
ACGCTCAAGGAAGTCGAGCG_026,155
ACGCTCAAGGAAGTCGAGCG_027,105
ACGCTCAAGGAAGTCGAGCG_028,50
ACGCTCAAGGAAGTCGAGCG_029,69
ACGCTCAAGGAAGTCGAGCG_030,27
CTGCAAGAAGTACCAGTACG_001,26
CTGCAAGAAGTACCAGTACG_002,161
CTGCAAGAAGTACCAGTACG_003,60
CTGCAAGAAGTACCAGTACG_004,94
AGCTACAGAGGACTGGACGG_001,158
AGCTACAGAGGACTGGACGG_002,62
AGCTACAGAGGACTGGACGG_003,175
AGCTACAGAGGACTGGACGG_004,24
AGCTACAGAGGACTGGACGG_005,170
AGCTACAGAGGACTGGACGG_006,70
AGCTACAGAGGACTGGACGG_007,138
ACTGCAGTGGAAGGGCAGAG_001,1
ACTGCAGTGGAAGGGCAGAG_002,88
ACTGCAGTGGAAGGGCAGAG_003,150
ACTGCAGTGGAAGGGCAGAG_004,152
ACTGCAGTGGAAGGGCAGAG_005,34
ACTGCAGTGGAAGGGCAGAG_006,66
ACTGCAGTGGAAGGGCAGAG_007,179
ACTGCAGTGGAAGGGCAGAG_008,148
ACTGCAGTGGAAGGGCAGAG_009,73
GTCCCTGGACATTCGCTAAG_001,1
GTCCCTGGACATTCGCTAAG_002,119
GTCCCTGGACATTCGCTAAG_003,82
GTCCCTGGACATTCGCTAAG_004,17
GTCCCTGGACATTCGCTAAG_005,45
GTCCCTGGACATTCGCTAAG_006,119
GTCCCTGGACATTCGCTAAG_007,62
GTCCCTGGACATTCGCTAAG_008,197
GTCCCTGGACATTCGCTAAG_009,88
GTCCCTGGACATTCGCTAAG_010,68
GTCCCTGGACATTCGCTAAG_011,11
GTCCCTGGACATTCGCTAAG_012,149
GTCCCTGGACATTCGCTAAG_013,98
GTCCCTGGACATTCGCTAAG_014,192
GTCCCTGGACATTCGCTAAG_015,117
GTCCCTGGACATTCGCTAAG_016,88
GTCCCTGGACATTCGCTAAG_017,175
GTCCCTGGACATTCGCTAAG_018,115
GTCCCTGGACATTCGCTAAG_019,18
GTCCCTGGACATTCGCTAAG_020,120
GTCCCTGGACATTCGCTAAG_021,103
GTCCCTGGACATTCGCTAAG_022,150
GTCCCTGGACATTCGCTAAG_023,151
GTCCCTGGACATTCGCTAAG_024,108
GTCCCTGGACATTCGCTAAG_025,19
GTCCCTGGACATTCGCTAAG_026,26
GTCCCTGGACATTCGCTAAG_027,175
GTCCCTGGACATTCGCTAAG_028,144
GTCCCTGGACATTCGCTAAG_029,115
TTCCGACAGGACCTCTTCCG_001,139
TTCCGACAGGACCTCTTCCG_002,150
TTCCGACAGGACCTCTTCCG_003,94
TTCCGACAGGACCTCTTCCG_004,61
TTCCGACAGGACCTCTTCCG_005,190
TTCCGACAGGACCTCTTCCG_006,102
TTCCGACAGGACCTCTTCCG_007,174
TTCCGACAGGACCTCTTCCG_008,19
TTCCGACAGGACCTCTTCCG_009,190
TTCCGACAGGACCTCTTCCG_010,62
TTCCGACAGGACCTCTTCCG_011,116
TTCCGACAGGACCTCTTCCG_012,103
TTCCGACAGGACCTCTTCCG_013,133
TTCCGACAGGACCTCTTCCG_014,68
AGTACCAGTCACCGTCGATG_001,48
AGTACCAGTCACCGTCGATG_002,48
AGGCTGGGCCTTATGCCACG_001,141
AGGCTGGGCCTTATGCCACG_002,170
AGGCTGGGCCTTATGCCACG_003,65
AGGCTGGGCCTTATGCCACG_004,42
AGGCTGGGCCTTATGCCACG_005,100
AGGCTGGGCCTTATGCCACG_006,108
AGGCTGGGCCTTATGCCACG_007,48
AGGCTGGGCCTTATGCCACG_008,174
AGGCTGGGCCTTATGCCACG_009,74
AGGCTGGGCCTTATGCCACG_010,102
AGGCTGGGCCTTATGCCACG_011,92
AGGCTGGGCCTTATGCCACG_012,92
AGGCTGGGCCTTATGCCACG_013,145
AGGCTGGGCCTTATGCCACG_014,108
CATTCCCAGCATCCCAAAGG_001,73
CATTCCCAGCATCCCAAAGG_002,64
CATTCCCAGCATCCCAAAGG_003,27
CATTCCCAGCATCCCAAAGG_004,151
CATTCCCAGCATCCCAAAGG_005,156
CATTCCCAGCATCCCAAAGG_006,50
CATTCCCAGCATCCCAAAGG_007,0
CATTCCCAGCATCCCAAAGG_008,60
CATTCCCAGCATCCCAAAGG_009,146
CATTCCCAGCATCCCAAAGG_010,103
CCAGGCCTACCCCTGGTGGG_001,32
CCAGGCCTACCCCTGGTGGG_002,127
CCAGGCCTACCCCTGGTGGG_003,182
CCAGGCCTACCCCTGGTGGG_004,156
CCAGGCCTACCCCTGGTGGG_005,34
CCAGGCCTACCCCTGGTGGG_006,118
CCAGGCCTACCCCTGGTGGG_007,95
CCAGGCCTACCCCTGGTGGG_008,26
CCAGGCCTACCCCTGGTGGG_009,107
CCAGGCCTACCCCTGGTGGG_010,198
CCAGGCCTACCCCTGGTGGG_011,126
CCAGGCCTACCCCTGGTGGG_012,197
CCAGGCCTACCCCTGGTGGG_013,185
CCAGGCCTACCCCTGGTGGG_014,198
CCAGGCCTACCCCTGGTGGG_015,32
CCAGGCCTACCCCTGGTGGG_016,15
CCAGGCCTACCCCTGGTGGG_017,59
CCAGGCCTACCCCTGGTGGG_018,121
CCAGGCCTACCCCTGGTGGG_019,82
CCAGGCCTACCCCTGGTGGG_020,9
CCAGGCCTACCCCTGGTGGG_021,56
CCAGGCCTACCCCTGGTGGG_022,83
CCAGGCCTACCCCTGGTGGG_023,191
CCAGGCCTACCCCTGGTGGG_024,157
CCAGGCCTACCCCTGGTGGG_025,43
AAGAGCCTTGGAAAGTTGTG_001,189
AAGAGCCTTGGAAAGTTGTG_002,126
AAGAGCCTTGGAAAGTTGTG_003,50
AAGAGCCTTGGAAAGTTGTG_004,158
AAGAGCCTTGGAAAGTTGTG_005,63
AAGAGCCTTGGAAAGTTGTG_006,153
AAGAGCCTTGGAAAGTTGTG_007,84
AAGAGCCTTGGAAAGTTGTG_008,145
AAGAGCCTTGGAAAGTTGTG_009,2
CCGGACAAGTCACATTCATG_001,77
CCGGACAAGTCACATTCATG_002,125
CCGGACAAGTCACATTCATG_003,15
CCGGACAAGTCACATTCATG_004,170
CCGGACAAGTCACATTCATG_005,114
CCGGACAAGTCACATTCATG_006,45
CCGGACAAGTCACATTCATG_007,191
CCGGACAAGTCACATTCATG_008,19
GTGGGATGGAGTTGATACAC_001,166
GTGGGATGGAGTTGATACAC_002,17
GTGGGATGGAGTTGATACAC_003,174
GTGGGATGGAGTTGATACAC_004,141
GTGGGATGGAGTTGATACAC_005,45
GTGGGATGGAGTTGATACAC_006,78
CATAGGCCCACACGTTCTCG_001,68
CATAGGCCCACACGTTCTCG_002,106
CATAGGCCCACACGTTCTCG_003,48
CATAGGCCCACACGTTCTCG_004,105
CATAGGCCCACACGTTCTCG_005,159
CATAGGCCCACACGTTCTCG_006,31
CATAGGCCCACACGTTCTCG_007,72
CATAGGCCCACACGTTCTCG_008,33
CATAGGCCCACACGTTCTCG_009,84
CATAGGCCCACACGTTCTCG_010,158
CATAGGCCCACACGTTCTCG_011,124
CATAGGCCCACACGTTCTCG_012,191
CATAGGCCCACACGTTCTCG_013,22
CATAGGCCCACACGTTCTCG_014,180
AAGGCAGAGGGTGAGGACGG_001,137
AAGGCAGAGGGTGAGGACGG_002,45
AAGGCAGAGGGTGAGGACGG_003,61
AAGGCAGAGGGTGAGGACGG_004,196
AAGGCAGAGGGTGAGGACGG_005,131
AAGGCAGAGGGTGAGGACGG_006,48
AAGGCAGAGGGTGAGGACGG_007,169
GACAGCGGCAGTGACACGTG_001,177
GACAGCGGCAGTGACACGTG_002,14
GACAGCGGCAGTGACACGTG_003,166
GACAGCGGCAGTGACACGTG_004,106
GACAGCGGCAGTGACACGTG_005,139
AGCTGGACGGCATTGGTGAA_001,121
AGCTGGACGGCATTGGTGAA_002,107
AGCTGGACGGCATTGGTGAA_003,43
GGAAGGCAATGACCGCTACG_001,23
GGAAGGCAATGACCGCTACG_002,5
GGAAGGCAATGACCGCTACG_003,138
GGAAGGCAATGACCGCTACG_004,198
ACTTCCAGGACTGCTAAAGA_001,42
ACTTCCAGGACTGCTAAAGA_002,144
ACTTCCAGGACTGCTAAAGA_003,112
ACTTCCAGGACTGCTAAAGA_004,104
ACTTCCAGGACTGCTAAAGA_005,113
ACTTCCAGGACTGCTAAAGA_006,91
CTGTACTTTCCACGGGTGAG_001,84
GAAGATTGGCATGAGAGTCG_001,32
GAAGATTGGCATGAGAGTCG_002,75
GAAGATTGGCATGAGAGTCG_003,60
GAAGATTGGCATGAGAGTCG_004,152
GAAGATTGGCATGAGAGTCG_005,120
GAAGATTGGCATGAGAGTCG_006,96
GAAGATTGGCATGAGAGTCG_007,113
GAAGATTGGCATGAGAGTCG_008,86
GAAGATTGGCATGAGAGTCG_009,88
GAAGATTGGCATGAGAGTCG_010,177
GAAGATTGGCATGAGAGTCG_011,56
GAAGATTGGCATGAGAGTCG_012,59
GAAGATTGGCATGAGAGTCG_013,128
GAAGATTGGCATGAGAGTCG_014,171
GAAGATTGGCATGAGAGTCG_015,144
GAAGATTGGCATGAGAGTCG_016,158
AGGAAGCAAACTGGTTGTTG_001,30
AGGAAGCAAACTGGTTGTTG_002,82
AGGAAGCAAACTGGTTGTTG_003,169
AGGAAGCAAACTGGTTGTTG_004,57
AGGAAGCAAACTGGTTGTTG_005,104
AGGAAGCAAACTGGTTGTTG_006,9
TAAACTTGACAATGTTCACA_001,187
TAAACTTGACAATGTTCACA_002,61
TGGAGAAGAATCCATCACCC_001,184
TGGAGAAGAATCCATCACCC_002,170
TGGAGAAGAATCCATCACCC_003,184
TGGAGAAGAATCCATCACCC_004,123
CACCAGTGGAAATATCAGAG_001,162
GCTGGCCAAGAGCCTAAAGG_001,62
GCTGGCCAAGAGCCTAAAGG_002,139
GGTGAAAAGCGAAATCCCAA_001,121
GGTGAAAAGCGAAATCCCAA_002,20
GGTGAAAAGCGAAATCCCAA_003,77
GGTGAAAAGCGAAATCCCAA_004,194
GGTGAAAAGCGAAATCCCAA_005,134
GGTGAAAAGCGAAATCCCAA_006,88
GGTGAAAAGCGAAATCCCAA_007,88
GGTGAAAAGCGAAATCCCAA_008,69
GGTGAAAAGCGAAATCCCAA_009,191
GGTGAAAAGCGAAATCCCAA_010,17
GGTGAAAAGCGAAATCCCAA_011,159
GGTGAAAAGCGAAATCCCAA_012,160
GGTGAAAAGCGAAATCCCAA_013,82
GGTGAAAAGCGAAATCCCAA_014,116
GGTGAAAAGCGAAATCCCAA_015,34
GGTGAAAAGCGAAATCCCAA_016,88
GGTGAAAAGCGAAATCCCAA_017,199
GGTGAAAAGCGAAATCCCAA_018,65
GGTGAAAAGCGAAATCCCAA_019,115
GGTGAAAAGCGAAATCCCAA_020,67
GGTGAAAAGCGAAATCCCAA_021,148
AGCTCCTGGATCTTTATGAG_001,145
GGCAGAGATGATGGGCGCGT_001,76
GGCAGAGATGATGGGCGCGT_002,19
AATTCAAAAAGAAGATACAC_001,11
AATTCAAAAAGAAGATACAC_002,23
AATTCAAAAAGAAGATACAC_003,117
AATTCAAAAAGAAGATACAC_004,64
AATTCAAAAAGAAGATACAC_005,142
AATTCAAAAAGAAGATACAC_006,80
AACACTGGACCACTCGAAGA_001,129
AACACTGGACCACTCGAAGA_002,160
AACACTGGACCACTCGAAGA_003,49
AACACTGGACCACTCGAAGA_004,185
AACACTGGACCACTCGAAGA_005,137
AACACTGGACCACTCGAAGA_006,11
AACACTGGACCACTCGAAGA_007,152
AACACTGGACCACTCGAAGA_008,150
AACACTGGACCACTCGAAGA_009,116
AACACTGGACCACTCGAAGA_010,72
AACACTGGACCACTCGAAGA_011,65
AACACTGGACCACTCGAAGA_012,17
AACACTGGACCACTCGAAGA_013,114
AACACTGGACCACTCGAAGA_014,9
AACACTGGACCACTCGAAGA_015,140
AACACTGGACCACTCGAAGA_016,91
AACACTGGACCACTCGAAGA_017,6
TCCTGCAGCTTTCCATAGGA_001,118
TCCTGCAGCTTTCCATAGGA_002,115
TCCTGCAGCTTTCCATAGGA_003,174
TCCTGCAGCTTTCCATAGGA_004,115
TCCTGCAGCTTTCCATAGGA_005,103
TCCTGCAGCTTTCCATAGGA_006,40
TCCTGCAGCTTTCCATAGGA_007,9
TCCTGCAGCTTTCCATAGGA_008,174
TCCTGCAGCTTTCCATAGGA_009,16
TGACTAAATCATGGTAAAGG_001,21
TGACTAAATCATGGTAAAGG_002,173
TGACTAAATCATGGTAAAGG_003,175
CCCATGCACGGTGCTAACAT_001,118
CCCATGCACGGTGCTAACAT_002,17
CCCATGCACGGTGCTAACAT_003,76
CCCATGCACGGTGCTAACAT_004,142
CCCATGCACGGTGCTAACAT_005,67
CCCATGCACGGTGCTAACAT_006,166
CCCATGCACGGTGCTAACAT_007,111
CCCATGCACGGTGCTAACAT_008,40
GCAGCAGCAAAGTCACGGGG_001,5
GCAGCAGCAAAGTCACGGGG_002,103
GCAGCAGCAAAGTCACGGGG_003,24
GCAGCAGCAAAGTCACGGGG_004,72
GCAGCAGCAAAGTCACGGGG_005,161
GCAGCAGCAAAGTCACGGGG_006,62
GCAGCAGCAAAGTCACGGGG_007,1
GCAGCAGCAAAGTCACGGGG_008,25
GCAGCAGCAAAGTCACGGGG_009,189
GCAGCAGCAAAGTCACGGGG_010,96
GCAGCAGCAAAGTCACGGGG_011,101
GCAGCAGCAAAGTCACGGGG_012,168
GCAGCAGCAAAGTCACGGGG_013,168
GCAGCAGCAAAGTCACGGGG_014,98
GCAGCAGCAAAGTCACGGGG_015,150
GCAGCAGCAAAGTCACGGGG_016,49
GCAGCAGCAAAGTCACGGGG_017,16
GCAGCAGCAAAGTCACGGGG_018,184
GCAGCAGCAAAGTCACGGGG_019,67
GCAGCAGCAAAGTCACGGGG_020,120
GCAGCAGCAAAGTCACGGGG_021,50
GCAGCAGCAAAGTCACGGGG_022,1
GCAGCAGCAAAGTCACGGGG_023,96
GCAGCAGCAAAGTCACGGGG_024,50
GCAGCAGCAAAGTCACGGGG_025,8
GCAGCAGCAAAGTCACGGGG_026,144
GCAGCAGCAAAGTCACGGGG_027,95
GCAGCAGCAAAGTCACGGGG_028,135
GCAGCAGCAAAGTCACGGGG_029,2
GCAGCAGCAAAGTCACGGGG_030,66
GCAGCAGCAAAGTCACGGGG_031,40
GCAGCAGCAAAGTCACGGGG_032,77
GCAGCAGCAAAGTCACGGGG_033,15
GCAGCAGCAAAGTCACGGGG_034,170
AGAATGGCCACATAAGATGC_001,56
TCGGACACCTTACTACACAT_001,149
TCGGACACCTTACTACACAT_002,140
TCGGACACCTTACTACACAT_003,137
TCGGACACCTTACTACACAT_004,124
CCACCATGAGGAATCAGGCG_001,149
CCACCATGAGGAATCAGGCG_002,66
CTTCTTGGCGGTGTATAGCG_001,117
CTTCTTGGCGGTGTATAGCG_002,67
CTTCTTGGCGGTGTATAGCG_003,88
CTTCTTGGCGGTGTATAGCG_004,94
ATGCTGTCGTTAATGCAGTG_001,172
ATGCTGTCGTTAATGCAGTG_002,17
ATGCTGTCGTTAATGCAGTG_003,49
ATGCTGTCGTTAATGCAGTG_004,9
ATGCTGTCGTTAATGCAGTG_005,169
ATGCTGTCGTTAATGCAGTG_006,77
ATGCTGTCGTTAATGCAGTG_007,19
ATGCTGTCGTTAATGCAGTG_008,58
ATGCTGTCGTTAATGCAGTG_009,116
ATGCTGTCGTTAATGCAGTG_010,69
ATGCTGTCGTTAATGCAGTG_011,88
ATGCTGTCGTTAATGCAGTG_012,132
ATGCTGTCGTTAATGCAGTG_013,1
ATGCTGTCGTTAATGCAGTG_014,127
ATGCTGTCGTTAATGCAGTG_015,166
ATGCTGTCGTTAATGCAGTG_016,54
ATGCTGTCGTTAATGCAGTG_017,171
ATGCTGTCGTTAATGCAGTG_018,111
ATGCTGTCGTTAATGCAGTG_019,181
ATGCTGTCGTTAATGCAGTG_020,8
ATGCTGTCGTTAATGCAGTG_021,101
ATGCTGTCGTTAATGCAGTG_022,169
ATGCTGTCGTTAATGCAGTG_023,131
ATGCTGTCGTTAATGCAGTG_024,47
ATGCTGTCGTTAATGCAGTG_025,100
ATGCTGTCGTTAATGCAGTG_026,144
ATGCTGTCGTTAATGCAGTG_027,146
TGCTGCTGAATGATCCCGGT_001,70
TGCTGCTGAATGATCCCGGT_002,148
TGCTGCTGAATGATCCCGGT_003,121
TGCTGCTGAATGATCCCGGT_004,68
TGCTGCTGAATGATCCCGGT_005,105
TCTGAAGGACTCGTTAGGTG_001,27
TCTGAAGGACTCGTTAGGTG_002,166
TCTGAAGGACTCGTTAGGTG_003,115
GGAGTGACACCGGGATGCGC_001,197
GGAGTGACACCGGGATGCGC_002,171
GGAGTGACACCGGGATGCGC_003,148
GGAGTGACACCGGGATGCGC_004,144
GGAGTGACACCGGGATGCGC_005,185
GGAGTGACACCGGGATGCGC_006,115
GGAGTGACACCGGGATGCGC_007,150
GGAGTGACACCGGGATGCGC_008,70
GGAGTGACACCGGGATGCGC_009,184
GGAGTGACACCGGGATGCGC_010,63
GGAGTGACACCGGGATGCGC_011,17
GGAGTGACACCGGGATGCGC_012,6
GGAGTGACACCGGGATGCGC_013,97
GGAGTGACACCGGGATGCGC_014,69
GGAGTGACACCGGGATGCGC_015,78
TTCTCACGGTTGGACTCGGT_001,112
TTCTCACGGTTGGACTCGGT_002,38
TTCTCACGGTTGGACTCGGT_003,38
TAAGAACCTCGATAGCAATG_001,177
TAAGAACCTCGATAGCAATG_002,175
TAAGAACCTCGATAGCAATG_003,112
TAAGAACCTCGATAGCAATG_004,9
TAAGAACCTCGATAGCAATG_005,81
GGCCCCGCACAAGAGCCTGT_001,93
GGCCCCGCACAAGAGCCTGT_002,94
GGCCCCGCACAAGAGCCTGT_003,144
GGCCCCGCACAAGAGCCTGT_004,35
GGCCCCGCACAAGAGCCTGT_005,31
GGCCCCGCACAAGAGCCTGT_006,121
GGCCCCGCACAAGAGCCTGT_007,170
GACACCCTTACTCATGTGTG_001,2
GACACCCTTACTCATGTGTG_002,50
GACACCCTTACTCATGTGTG_003,61
GACACCCTTACTCATGTGTG_004,169
GACACCCTTACTCATGTGTG_005,50
GACACCCTTACTCATGTGTG_006,189
GACACCCTTACTCATGTGTG_007,72
GACACCCTTACTCATGTGTG_008,169
GACACCCTTACTCATGTGTG_009,148
GACACCCTTACTCATGTGTG_010,23
GACACCCTTACTCATGTGTG_011,93
GACACCCTTACTCATGTGTG_012,93
GACACCCTTACTCATGTGTG_013,140
GACACCCTTACTCATGTGTG_014,140
GACACCCTTACTCATGTGTG_015,1
GACACCCTTACTCATGTGTG_016,170
GACACCCTTACTCATGTGTG_017,38
GACACCCTTACTCATGTGTG_018,41
TCCCGCGTGATGGAACCCTG_001,1
TCCCGCGTGATGGAACCCTG_002,1
TCCCGCGTGATGGAACCCTG_003,77
TCCCGCGTGATGGAACCCTG_004,150
TCCCGCGTGATGGAACCCTG_005,52
TCCCGCGTGATGGAACCCTG_006,191
TCCCGCGTGATGGAACCCTG_007,130
AGCATATTGATTACAGGATG_001,21
AGCATATTGATTACAGGATG_002,162
AGCATATTGATTACAGGATG_003,108
GGCCCCGTCAGCTAGAGCCC_001,27
GGCCCCGTCAGCTAGAGCCC_002,178
GGCCCCGTCAGCTAGAGCCC_003,6
GGCGCTGGCGATGAACAACG_001,29
GGCGCTGGCGATGAACAACG_002,64
GGCGCTGGCGATGAACAACG_003,195
GGCGCTGGCGATGAACAACG_004,92
GGCGCTGGCGATGAACAACG_005,196
GGCGCTGGCGATGAACAACG_006,185
GGCGCTGGCGATGAACAACG_007,96
GGCGCTGGCGATGAACAACG_008,151
GGCGCTGGCGATGAACAACG_009,195
GGCGCTGGCGATGAACAACG_010,6
GGCGCTGGCGATGAACAACG_011,56
GGCGCTGGCGATGAACAACG_012,177
GGCGCTGGCGATGAACAACG_013,16
GGCGCTGGCGATGAACAACG_014,150
GGCGCTGGCGATGAACAACG_015,68
GGCGCTGGCGATGAACAACG_016,37
GGCGCTGGCGATGAACAACG_017,82
CTTCCATCAAATACGATGAG_001,88
CTTCCATCAAATACGATGAG_002,129
AAATCATTAGTGAAGAGCAC_001,188
AAATCATTAGTGAAGAGCAC_002,111
AAATCATTAGTGAAGAGCAC_003,53
AAATCATTAGTGAAGAGCAC_004,140
AAATCATTAGTGAAGAGCAC_005,98
AAATCATTAGTGAAGAGCAC_006,94
AAATCATTAGTGAAGAGCAC_007,138
AAATCATTAGTGAAGAGCAC_008,41
AAATCATTAGTGAAGAGCAC_009,40
AAATCATTAGTGAAGAGCAC_010,140
AAATCATTAGTGAAGAGCAC_011,148
TCTTCATAAAGGAGTCGTCG_001,13
TCTTCATAAAGGAGTCGTCG_002,66
ACTAATGTAGGACCCAGCTG_001,11
ACTAATGTAGGACCCAGCTG_002,64
ACTAATGTAGGACCCAGCTG_003,176
ACTAATGTAGGACCCAGCTG_004,147
ACTAATGTAGGACCCAGCTG_005,8
ACTAATGTAGGACCCAGCTG_006,82
ACTAATGTAGGACCCAGCTG_007,84
ACTAATGTAGGACCCAGCTG_008,149
ACTAATGTAGGACCCAGCTG_009,0
ACTAATGTAGGACCCAGCTG_010,186
ACTAATGTAGGACCCAGCTG_011,120
ACTAATGTAGGACCCAGCTG_012,113
ACTAATGTAGGACCCAGCTG_013,40
ACTAATGTAGGACCCAGCTG_014,144
ACTAATGTAGGACCCAGCTG_015,92
ACTAATGTAGGACCCAGCTG_016,148
ACTAATGTAGGACCCAGCTG_017,191
ACTAATGTAGGACCCAGCTG_018,102
ACTAATGTAGGACCCAGCTG_019,78
ACTAATGTAGGACCCAGCTG_020,127
ACTAATGTAGGACCCAGCTG_021,114
ACTAATGTAGGACCCAGCTG_022,114
ACTAATGTAGGACCCAGCTG_023,8
ACTAATGTAGGACCCAGCTG_024,150
ACTAATGTAGGACCCAGCTG_025,166
ACTAATGTAGGACCCAGCTG_026,198
ACTAATGTAGGACCCAGCTG_027,140
ACTAATGTAGGACCCAGCTG_028,140
ACTAATGTAGGACCCAGCTG_029,37
ACTAATGTAGGACCCAGCTG_030,188
ACTAATGTAGGACCCAGCTG_031,106
ACTAATGTAGGACCCAGCTG_032,175
ACTAATGTAGGACCCAGCTG_033,43
ACTAATGTAGGACCCAGCTG_034,10
CAGCGTACAGTTCTAGAGAG_001,199
GCAATTTGTCTGCGCCCACA_001,121
GCAATTTGTCTGCGCCCACA_002,85
GCAATTTGTCTGCGCCCACA_003,78
GCAATTTGTCTGCGCCCACA_004,170
GCAATTTGTCTGCGCCCACA_005,58
GCAATTTGTCTGCGCCCACA_006,108
GCAATTTGTCTGCGCCCACA_007,198
GCAATTTGTCTGCGCCCACA_008,141
GCAATTTGTCTGCGCCCACA_009,83
GCAATTTGTCTGCGCCCACA_010,145
GCAATTTGTCTGCGCCCACA_011,38
GCAATTTGTCTGCGCCCACA_012,194
GCAATTTGTCTGCGCCCACA_013,36
GCAATTTGTCTGCGCCCACA_014,82
GCTGAGGGTGATCACGCAAG_001,17
GCTGAGGGTGATCACGCAAG_002,88
GCTGAGGGTGATCACGCAAG_003,184
GCTGAGGGTGATCACGCAAG_004,123
GCTGAGGGTGATCACGCAAG_005,126
GCTGAGGGTGATCACGCAAG_006,49
GCTGAGGGTGATCACGCAAG_007,148
AGCACAAGACGCAATCGACG_001,28
AGCACAAGACGCAATCGACG_002,157
AGCACAAGACGCAATCGACG_003,50
AGCACAAGACGCAATCGACG_004,148
AGCACAAGACGCAATCGACG_005,59
AGCACAAGACGCAATCGACG_006,158
AGCACAAGACGCAATCGACG_007,116
CGTCGTTGCATATGTGTGAT_001,89
CGTCGTTGCATATGTGTGAT_002,113
CGTCGTTGCATATGTGTGAT_003,183
CGTCGTTGCATATGTGTGAT_004,141
CGTCGTTGCATATGTGTGAT_005,72
CGTCGTTGCATATGTGTGAT_006,135
CGTCGTTGCATATGTGTGAT_007,2
CGTCGTTGCATATGTGTGAT_008,106
CGTCGTTGCATATGTGTGAT_009,29
CGTCGTTGCATATGTGTGAT_010,142
CGTCGTTGCATATGTGTGAT_011,28
AGCAGTAGGGAGGGTACACA_001,61
AGCAGTAGGGAGGGTACACA_002,184
AGCAGTAGGGAGGGTACACA_003,163
AGCAGTAGGGAGGGTACACA_004,163
AGCAGTAGGGAGGGTACACA_005,60
AGCAGTAGGGAGGGTACACA_006,156
AGCAGTAGGGAGGGTACACA_007,175
AGCAGTAGGGAGGGTACACA_008,168
AGCAGTAGGGAGGGTACACA_009,125
AGCAGTAGGGAGGGTACACA_010,40
AGCAGTAGGGAGGGTACACA_011,147
AGCAGTAGGGAGGGTACACA_012,104
AGCAGTAGGGAGGGTACACA_013,191
AGCAGTAGGGAGGGTACACA_014,103
TGCGGTTGTTGTCCATAGAG_001,128
TGCGGTTGTTGTCCATAGAG_002,8
TGCGGTTGTTGTCCATAGAG_003,194
TGCGGTTGTTGTCCATAGAG_004,123
GCTACCGTAAGTGAACCCCA_001,16
GCTACCGTAAGTGAACCCCA_002,197
GCTACCGTAAGTGAACCCCA_003,64
GCTACCGTAAGTGAACCCCA_004,117
GCTACCGTAAGTGAACCCCA_005,42
GCTACCGTAAGTGAACCCCA_006,162
GCTACCGTAAGTGAACCCCA_007,94
GCTACCGTAAGTGAACCCCA_008,165
GCTACCGTAAGTGAACCCCA_009,115
GCTACCGTAAGTGAACCCCA_010,10
GTAGAACTGCACGAGCCACG_001,77
GTAGAACTGCACGAGCCACG_002,16
GTAGAACTGCACGAGCCACG_003,81
GTAGAACTGCACGAGCCACG_004,44
GTAGAACTGCACGAGCCACG_005,82
GTAGAACTGCACGAGCCACG_006,36
GTAGAACTGCACGAGCCACG_007,116
GTAGAACTGCACGAGCCACG_008,115
GTAGAACTGCACGAGCCACG_009,82
GTAGAACTGCACGAGCCACG_010,135
GGTAACTAATACCTCCCAAG_001,159
GGTAACTAATACCTCCCAAG_002,122
GGTAACTAATACCTCCCAAG_003,24
CTCGAAATGGGAACACCGGG_001,75
CTCGAAATGGGAACACCGGG_002,102
CTCGAAATGGGAACACCGGG_003,102
CTCGAAATGGGAACACCGGG_004,105
CTCGAAATGGGAACACCGGG_005,47
CTCGAAATGGGAACACCGGG_006,105
CTCGAAATGGGAACACCGGG_007,42
GTGGGAGTGTCACTTCACTG_001,189
GTGGGAGTGTCACTTCACTG_002,121
GTGGGAGTGTCACTTCACTG_003,94
GTGGGAGTGTCACTTCACTG_004,152
GTGGGAGTGTCACTTCACTG_005,108
GTGGGAGTGTCACTTCACTG_006,68
GTGGGAGTGTCACTTCACTG_007,21
GTGGGAGTGTCACTTCACTG_008,8
GTGGGAGTGTCACTTCACTG_009,20
GTGGGAGTGTCACTTCACTG_010,38
GTGGGAGTGTCACTTCACTG_011,56
GTGGGAGTGTCACTTCACTG_012,50
GTGGGAGTGTCACTTCACTG_013,76
GTGGGAGTGTCACTTCACTG_014,98
GTGGGAGTGTCACTTCACTG_015,154
AGTGAACTTACGGTCCTCAG_001,162
AGTGAACTTACGGTCCTCAG_002,0
AGTGAACTTACGGTCCTCAG_003,4
AGTGAACTTACGGTCCTCAG_004,181
AGTGAACTTACGGTCCTCAG_005,181
AGTGAACTTACGGTCCTCAG_006,2
AGTGAACTTACGGTCCTCAG_007,30
AGTGAACTTACGGTCCTCAG_008,148
AGTGAACTTACGGTCCTCAG_009,171
AGTGAACTTACGGTCCTCAG_010,103
AGTGAACTTACGGTCCTCAG_011,53
CCAGCAGGGTAATTGTGATA_001,91
CCAGCAGGGTAATTGTGATA_002,157
CCAGCAGGGTAATTGTGATA_003,33
GGGAGCACGGTCACCCGTGG_001,24
GGGAGCACGGTCACCCGTGG_002,69
GGGAGCACGGTCACCCGTGG_003,67
ACCCAAGCAGCATAGAGGAT_001,138
ACCCAAGCAGCATAGAGGAT_002,171
ACCCAAGCAGCATAGAGGAT_003,168
ACCCAAGCAGCATAGAGGAT_004,96
ACCCAAGCAGCATAGAGGAT_005,47
ACCCAAGCAGCATAGAGGAT_006,147
ACCCAAGCAGCATAGAGGAT_007,88
ACCCAAGCAGCATAGAGGAT_008,160
ACCCAAGCAGCATAGAGGAT_009,11
ACCCAAGCAGCATAGAGGAT_010,63
ACCCAAGCAGCATAGAGGAT_011,10
ACCCAAGCAGCATAGAGGAT_012,42
ACCCAAGCAGCATAGAGGAT_013,28
ACCCAAGCAGCATAGAGGAT_014,198
ATTCGGGGGATCTTACGGCA_001,84
ATTCGGGGGATCTTACGGCA_002,112
ATTCGGGGGATCTTACGGCA_003,61
ATTCGGGGGATCTTACGGCA_004,118
ATTCGGGGGATCTTACGGCA_005,39
GTTGTCACGGCTATATTCGG_001,49
GTTGTCACGGCTATATTCGG_002,75
GTTTAACAGTGTAAGACGAA_001,37
GTTTAACAGTGTAAGACGAA_002,150
GTTTAACAGTGTAAGACGAA_003,21
GTTTAACAGTGTAAGACGAA_004,182
GTTTAACAGTGTAAGACGAA_005,191
GTTTAACAGTGTAAGACGAA_006,132
GTTTAACAGTGTAAGACGAA_007,116
GTTTAACAGTGTAAGACGAA_008,94
GTTTAACAGTGTAAGACGAA_009,98
GTTTAACAGTGTAAGACGAA_010,74
TTTCCATAAAATCAAAGACA_001,43
CCTGGACGGAGCATGCCAAG_001,151
CCTGGACGGAGCATGCCAAG_002,8
CCTGGACGGAGCATGCCAAG_003,166
CCTGGACGGAGCATGCCAAG_004,68
CCTGGACGGAGCATGCCAAG_005,160
CCTGGACGGAGCATGCCAAG_006,144
CCTGGACGGAGCATGCCAAG_007,121
CCTGGACGGAGCATGCCAAG_008,37
CCTGGACGGAGCATGCCAAG_009,162
CCTGGACGGAGCATGCCAAG_010,126
CCTGGACGGAGCATGCCAAG_011,147
CCTGGACGGAGCATGCCAAG_012,48
CCTGGACGGAGCATGCCAAG_013,172
CCTGGACGGAGCATGCCAAG_014,115
GGTGAACATCGACCGCATGA_001,39
GGTGAACATCGACCGCATGA_002,106
GGTGAACATCGACCGCATGA_003,62
GGTGAACATCGACCGCATGA_004,41
GGTGAACATCGACCGCATGA_005,15
GGTGAACATCGACCGCATGA_006,150
GGTGAACATCGACCGCATGA_007,3
GTGGTGAATTTGAGTTGCTG_001,106
GTGGTGAATTTGAGTTGCTG_002,49
GTGGTGAATTTGAGTTGCTG_003,149
GTGGTGAATTTGAGTTGCTG_004,102
GTGGTGAATTTGAGTTGCTG_005,100
GTGGTGAATTTGAGTTGCTG_006,158
GTGGTGAATTTGAGTTGCTG_007,108
GTGGTGAATTTGAGTTGCTG_008,178
GTGGTGAATTTGAGTTGCTG_009,157
GTGGTGAATTTGAGTTGCTG_010,158
GTGGTGAATTTGAGTTGCTG_011,61
GTGGTGAATTTGAGTTGCTG_012,152
GTGGTGAATTTGAGTTGCTG_013,97
GTGGTGAATTTGAGTTGCTG_014,132
GTGGTGAATTTGAGTTGCTG_015,183
GTGGTGAATTTGAGTTGCTG_016,88
GTGGTGAATTTGAGTTGCTG_017,169
GTGGTGAATTTGAGTTGCTG_018,22
GTGGTGAATTTGAGTTGCTG_019,184
GTGGTGAATTTGAGTTGCTG_020,50
GTGGTGAATTTGAGTTGCTG_021,144
GTGGTGAATTTGAGTTGCTG_022,191
GTGGTGAATTTGAGTTGCTG_023,94
GTGGTGAATTTGAGTTGCTG_024,121
GTGGTGAATTTGAGTTGCTG_025,113
GTGGTGAATTTGAGTTGCTG_026,113
GTGGTGAATTTGAGTTGCTG_027,58
GTGGTGAATTTGAGTTGCTG_028,166
GTGGTGAATTTGAGTTGCTG_029,96
GTGGTGAATTTGAGTTGCTG_030,5
GTGGTGAATTTGAGTTGCTG_031,108
GTGGTGAATTTGAGTTGCTG_032,37
AAAGTGAGCAAATTACCGTG_001,176
AAAGTGAGCAAATTACCGTG_002,158
AAAGTGAGCAAATTACCGTG_003,194
AAAGTGAGCAAATTACCGTG_004,149
AAAGTGAGCAAATTACCGTG_005,175
AAAGTGAGCAAATTACCGTG_006,166
AAAGTGAGCAAATTACCGTG_007,16
CCGCATCAATGTCAAGAACG_001,123
CCGCATCAATGTCAAGAACG_002,98
CCGCATCAATGTCAAGAACG_003,105
CCGCATCAATGTCAAGAACG_004,70
CCGCATCAATGTCAAGAACG_005,194
CCGCATCAATGTCAAGAACG_006,150
CCGCATCAATGTCAAGAACG_007,26
CCGCATCAATGTCAAGAACG_008,147
CCGCATCAATGTCAAGAACG_009,22
CCGCATCAATGTCAAGAACG_010,44
CCGCATCAATGTCAAGAACG_011,55
CCGCATCAATGTCAAGAACG_012,137
GCCACTTCAAGGACCCCAAG_001,80
GCCACTTCAAGGACCCCAAG_002,148
GCCACTTCAAGGACCCCAAG_003,57
GCCACTTCAAGGACCCCAAG_004,103
GCCACTTCAAGGACCCCAAG_005,18
AATGTGTAACACCACTGGCG_001,67
AATGTGTAACACCACTGGCG_002,149
AATGTGTAACACCACTGGCG_003,2
AATGTGTAACACCACTGGCG_004,155
AATGTGTAACACCACTGGCG_005,91
AATGTGTAACACCACTGGCG_006,150
AATGTGTAACACCACTGGCG_007,178
AATGTGTAACACCACTGGCG_008,75
AATGTGTAACACCACTGGCG_009,127
AATGTGTAACACCACTGGCG_010,56
AATGTGTAACACCACTGGCG_011,57
AATGTGTAACACCACTGGCG_012,59
AATGTGTAACACCACTGGCG_013,83
AATGTGTAACACCACTGGCG_014,169
AATGTGTAACACCACTGGCG_015,58
AAAATGTAACGGTGACCGTG_001,24
AAAATGTAACGGTGACCGTG_002,7
AAAATGTAACGGTGACCGTG_003,19
AAAATGTAACGGTGACCGTG_004,20
AAAATGTAACGGTGACCGTG_005,40
AAAATGTAACGGTGACCGTG_006,186
AAAATGTAACGGTGACCGTG_007,170
AAAATGTAACGGTGACCGTG_008,19
AAAATGTAACGGTGACCGTG_009,84
AAAATGTAACGGTGACCGTG_010,199
AAAATGTAACGGTGACCGTG_011,126
AAAATGTAACGGTGACCGTG_012,180
AAAATGTAACGGTGACCGTG_013,10
TCTGCGAAGTGTGTGACCAG_001,105
TCTGCGAAGTGTGTGACCAG_002,160
TCTGCGAAGTGTGTGACCAG_003,182
TCTGCGAAGTGTGTGACCAG_004,169
TCTGCGAAGTGTGTGACCAG_005,106
TCTGCGAAGTGTGTGACCAG_006,158
TCTGCGAAGTGTGTGACCAG_007,9
TCTGCGAAGTGTGTGACCAG_008,28
TCTGCGAAGTGTGTGACCAG_009,130
TCTGCGAAGTGTGTGACCAG_010,84
TGGAACGCTATACAGTGGAG_001,177
TGGAACGCTATACAGTGGAG_002,60
GGGCTGGACGATGGACGCCG_001,155
GGGCTGGACGATGGACGCCG_002,148
GGGCTGGACGATGGACGCCG_003,103
GGGCTGGACGATGGACGCCG_004,192
GGGCTGGACGATGGACGCCG_005,110
GGGCTGGACGATGGACGCCG_006,12
GGGCTGGACGATGGACGCCG_007,191
GGGCTGGACGATGGACGCCG_008,54
GGGCTGGACGATGGACGCCG_009,64
GGGCTGGACGATGGACGCCG_010,80
GGGCTGGACGATGGACGCCG_011,105
GGGCTGGACGATGGACGCCG_012,61
GGGCTGGACGATGGACGCCG_013,115
GGGCTGGACGATGGACGCCG_014,197
GGGCTGGACGATGGACGCCG_015,98
GGGCTGGACGATGGACGCCG_016,63
GGGCTGGACGATGGACGCCG_017,184
ACAAGCACCTCTCACAGCGT_001,118
ACAAGCACCTCTCACAGCGT_002,169
ACAAGCACCTCTCACAGCGT_003,153
ACAAGCACCTCTCACAGCGT_004,105
ACAAGCACCTCTCACAGCGT_005,180
ACAAGCACCTCTCACAGCGT_006,138
CCCATCGACAATGACGCAGA_001,114
CCCATCGACAATGACGCAGA_002,197
CCCATCGACAATGACGCAGA_003,102
CCCATCGACAATGACGCAGA_004,91
CCCATCGACAATGACGCAGA_005,26
CCCATCGACAATGACGCAGA_006,124
CACAATGACCTCATCCTCTG_001,88
CACAATGACCTCATCCTCTG_002,26
CACAATGACCTCATCCTCTG_003,117
CACAATGACCTCATCCTCTG_004,85
CACAATGACCTCATCCTCTG_005,190
CACAATGACCTCATCCTCTG_006,155
CACAATGACCTCATCCTCTG_007,77
CACAATGACCTCATCCTCTG_008,178
CACAATGACCTCATCCTCTG_009,22
CACAATGACCTCATCCTCTG_010,75
TGGAGCTGGATTTAAAATGG_001,115
TGGAGCTGGATTTAAAATGG_002,188
TGGAGCTGGATTTAAAATGG_003,37
TGGAGCTGGATTTAAAATGG_004,6
TGGAGCTGGATTTAAAATGG_005,6
CAGACTACCACATGAACCTG_001,29
CAGACTACCACATGAACCTG_002,84
CAGACTACCACATGAACCTG_003,166
CAGACTACCACATGAACCTG_004,193
CAGACTACCACATGAACCTG_005,174
CAGACTACCACATGAACCTG_006,130
CAGACTACCACATGAACCTG_007,157
CAGACTACCACATGAACCTG_008,162
CAGACTACCACATGAACCTG_009,50
CAGACTACCACATGAACCTG_010,192
CAGACTACCACATGAACCTG_011,155
CAGACTACCACATGAACCTG_012,147
CAGACTACCACATGAACCTG_013,83
CAGACTACCACATGAACCTG_014,144
CAGACTACCACATGAACCTG_015,141
CAGACTACCACATGAACCTG_016,78
CAGACTACCACATGAACCTG_017,53
CAGACTACCACATGAACCTG_018,2
CAGACTACCACATGAACCTG_019,17
CAGACTACCACATGAACCTG_020,90
CAGACTACCACATGAACCTG_021,57
CAGACTACCACATGAACCTG_022,94
CAGACTACCACATGAACCTG_023,148
CAGACTACCACATGAACCTG_024,35
CAGACTACCACATGAACCTG_025,153
TAACACTTACTACTCCACGA_001,12
TAACACTTACTACTCCACGA_002,182
TAACACTTACTACTCCACGA_003,198
TTTGTGAGATGTCTGAAGAT_001,130
TTTGTGAGATGTCTGAAGAT_002,65
TTTGTGAGATGTCTGAAGAT_003,44
TTTGTGAGATGTCTGAAGAT_004,130
TTTGTGAGATGTCTGAAGAT_005,127
TTTGTGAGATGTCTGAAGAT_006,176
TTTGTGAGATGTCTGAAGAT_007,177
TTTGTGAGATGTCTGAAGAT_008,158
TTTGTGAGATGTCTGAAGAT_009,81
TTTGTGAGATGTCTGAAGAT_010,166
TTTGTGAGATGTCTGAAGAT_011,126
TGATAGCTGTCGGGTCAATG_001,134
TGATAGCTGTCGGGTCAATG_002,28
TGATAGCTGTCGGGTCAATG_003,78
TGATAGCTGTCGGGTCAATG_004,139
TGATAGCTGTCGGGTCAATG_005,158
TGATAGCTGTCGGGTCAATG_006,33
TGATAGCTGTCGGGTCAATG_007,127
TGATAGCTGTCGGGTCAATG_008,41
TGATAGCTGTCGGGTCAATG_009,13
TGATAGCTGTCGGGTCAATG_010,193
TGATAGCTGTCGGGTCAATG_011,2
TGATAGCTGTCGGGTCAATG_012,62
TGATAGCTGTCGGGTCAATG_013,29
TGATAGCTGTCGGGTCAATG_014,53
TGATAGCTGTCGGGTCAATG_015,105
TGATAGCTGTCGGGTCAATG_016,169
TGATAGCTGTCGGGTCAATG_017,8
TGATAGCTGTCGGGTCAATG_018,92
TGATAGCTGTCGGGTCAATG_019,122
TGATAGCTGTCGGGTCAATG_020,118
AAAGTGCTCAAATCATGAGG_001,135
AAAGTGCTCAAATCATGAGG_002,56
AAAGTGCTCAAATCATGAGG_003,49
AAAGTGCTCAAATCATGAGG_004,44
AAAGTGCTCAAATCATGAGG_005,0
AAAGTGCTCAAATCATGAGG_006,133
AAAGTGCTCAAATCATGAGG_007,182
AAAGTGCTCAAATCATGAGG_008,44
AAAGTGCTCAAATCATGAGG_009,81
GAACGTCATTCTGATCAACA_001,45
GAACGTCATTCTGATCAACA_002,72
ATCATCATTGGAGCTCAGGG_001,48
ATCATCATTGGAGCTCAGGG_002,44
ATCATCATTGGAGCTCAGGG_003,194
ATCATCATTGGAGCTCAGGG_004,61
ATCATCATTGGAGCTCAGGG_005,140
ATCATCATTGGAGCTCAGGG_006,117
ATCATCATTGGAGCTCAGGG_007,94
ATCATCATTGGAGCTCAGGG_008,194
ATCATCATTGGAGCTCAGGG_009,23
ATCATCATTGGAGCTCAGGG_010,81
ATCATCATTGGAGCTCAGGG_011,194
ATCATCATTGGAGCTCAGGG_012,46
ATCATCATTGGAGCTCAGGG_013,192
ACTGCGCCCGCATATCATTG_001,116
ACTGCGCCCGCATATCATTG_002,6
ACTGCGCCCGCATATCATTG_003,144
CCAGGGATGAGATGTGCATG_001,1
CCAGGGATGAGATGTGCATG_002,38
CCAGGGATGAGATGTGCATG_003,146
CCAGGGATGAGATGTGCATG_004,134
CCAGGGATGAGATGTGCATG_005,105
CCAGGGATGAGATGTGCATG_006,105
CCAGGGATGAGATGTGCATG_007,121
CCAGGGATGAGATGTGCATG_008,145
CCAGGGATGAGATGTGCATG_009,147
CCAGGGATGAGATGTGCATG_010,158
CCAGGGATGAGATGTGCATG_011,181
CCAGGGATGAGATGTGCATG_012,71
TGAGTCCTATGCAGTACCTG_001,104
TGAGTCCTATGCAGTACCTG_002,198
TGAGTCCTATGCAGTACCTG_003,92
TGAGTCCTATGCAGTACCTG_004,95
TGAGTCCTATGCAGTACCTG_005,12
TGAGTCCTATGCAGTACCTG_006,53
AATGGAAAAGACAAGACATC_001,7
AATGGAAAAGACAAGACATC_002,68
AATGGAAAAGACAAGACATC_003,160
AATGGAAAAGACAAGACATC_004,71
AATGGAAAAGACAAGACATC_005,166
AGGTCCCAGGGCCTCGAGAG_001,169
AGGTCCCAGGGCCTCGAGAG_002,168
AGGTCCCAGGGCCTCGAGAG_003,78
AGGTCCCAGGGCCTCGAGAG_004,158
AGGTCCCAGGGCCTCGAGAG_005,130
AGGTCCCAGGGCCTCGAGAG_006,165
AGGTCCCAGGGCCTCGAGAG_007,180
AGGTCCCAGGGCCTCGAGAG_008,27
AGGTCCCAGGGCCTCGAGAG_009,77
AGGTCCCAGGGCCTCGAGAG_010,136
GGTGAGGGACATGTTCGGGG_001,168
GGTGAGGGACATGTTCGGGG_002,49
GGTGAGGGACATGTTCGGGG_003,183
GGTGAGGGACATGTTCGGGG_004,158
GGTGAGGGACATGTTCGGGG_005,65
GGTGAGGGACATGTTCGGGG_006,137
GTTCATGTACTTGGTCACGG_001,43
GTTCATGTACTTGGTCACGG_002,46
TAGGTACCAAGTCCGATGAT_001,62
TAGGTACCAAGTCCGATGAT_002,41
TAGGTACCAAGTCCGATGAT_003,91
TAGGTACCAAGTCCGATGAT_004,56
TAGGTACCAAGTCCGATGAT_005,118
TAGGTACCAAGTCCGATGAT_006,33
TAGGTACCAAGTCCGATGAT_007,98
TAGGTACCAAGTCCGATGAT_008,170
TAGGTACCAAGTCCGATGAT_009,140
TAGGTACCAAGTCCGATGAT_010,12
TAGGTACCAAGTCCGATGAT_011,17
TAGGTACCAAGTCCGATGAT_012,48
TAGGTACCAAGTCCGATGAT_013,11
TAGGTACCAAGTCCGATGAT_014,113
TAGGTACCAAGTCCGATGAT_015,122
TAGGTACCAAGTCCGATGAT_016,22
TAGGTACCAAGTCCGATGAT_017,63
TAGGTACCAAGTCCGATGAT_018,149
TAGGTACCAAGTCCGATGAT_019,137
TAGGTACCAAGTCCGATGAT_020,111
AGAAGCCACGCAATATCAAG_001,74
TGTTTAAGAAGCGACGTCGG_001,157
TGTTTAAGAAGCGACGTCGG_002,13
TGTTTAAGAAGCGACGTCGG_003,52
GTAGAGAAAGACGACCCCTG_001,102
GTAGAGAAAGACGACCCCTG_002,156
GTAGAGAAAGACGACCCCTG_003,168
GTAGAGAAAGACGACCCCTG_004,15
GTAGAGAAAGACGACCCCTG_005,189
GTAGAGAAAGACGACCCCTG_006,104
GTAGAGAAAGACGACCCCTG_007,157
GTAGAGAAAGACGACCCCTG_008,94
GTAGAGAAAGACGACCCCTG_009,169
GTAGAGAAAGACGACCCCTG_010,96
GTAGAGAAAGACGACCCCTG_011,41
GTAGAGAAAGACGACCCCTG_012,127
GTAGAGAAAGACGACCCCTG_013,6
GTAGAGAAAGACGACCCCTG_014,121
GTAGAGAAAGACGACCCCTG_015,58
GTAGAGAAAGACGACCCCTG_016,2
GTAGAGAAAGACGACCCCTG_017,29
GTAGAGAAAGACGACCCCTG_018,93
GTAGAGAAAGACGACCCCTG_019,186
GTAGAGAAAGACGACCCCTG_020,2
GTAGAGAAAGACGACCCCTG_021,170
GTAGAGAAAGACGACCCCTG_022,196
GTAGAGAAAGACGACCCCTG_023,69
GTAGAGAAAGACGACCCCTG_024,175
GTAGAGAAAGACGACCCCTG_025,161
GTAGAGAAAGACGACCCCTG_026,41
GTAGAGAAAGACGACCCCTG_027,147
GTAGAGAAAGACGACCCCTG_028,114
GTAGAGAAAGACGACCCCTG_029,18
TGGTCTACCGACTCATCAAG_001,44
TGGTCTACCGACTCATCAAG_002,105
TGGTCTACCGACTCATCAAG_003,60
GGTTATCCCAGATCCAATGG_001,127
GGTTATCCCAGATCCAATGG_002,169
GGTTATCCCAGATCCAATGG_003,137
CCCACCCCTAGGTAAGATGT_001,147
CCCACCCCTAGGTAAGATGT_002,85
CCCACCCCTAGGTAAGATGT_003,85
CCCACCCCTAGGTAAGATGT_004,8
CCCACCCCTAGGTAAGATGT_005,49
CCCACCCCTAGGTAAGATGT_006,119
CCCACCCCTAGGTAAGATGT_007,94
CCCACCCCTAGGTAAGATGT_008,21
CCCACCCCTAGGTAAGATGT_009,9
CCCACCCCTAGGTAAGATGT_010,144
CCCACCCCTAGGTAAGATGT_011,15
CCCACCCCTAGGTAAGATGT_012,13
CCCACCCCTAGGTAAGATGT_013,126
CCCACCCCTAGGTAAGATGT_014,95
CCCACCCCTAGGTAAGATGT_015,162
CCCACCCCTAGGTAAGATGT_016,145
CCCACCCCTAGGTAAGATGT_017,94
CCCACCCCTAGGTAAGATGT_018,116
CCCACCCCTAGGTAAGATGT_019,108
CCCACCCCTAGGTAAGATGT_020,111
CCCACCCCTAGGTAAGATGT_021,116
CCCACCCCTAGGTAAGATGT_022,8
CCCACCCCTAGGTAAGATGT_023,22
CCCACCCCTAGGTAAGATGT_024,78
CCCACCCCTAGGTAAGATGT_025,175
CCCACCCCTAGGTAAGATGT_026,147
CCCACCCCTAGGTAAGATGT_027,1
CCCACCCCTAGGTAAGATGT_028,33
CCCACCCCTAGGTAAGATGT_029,168
CCCACCCCTAGGTAAGATGT_030,28
CATTCCCAGTACCACGTGGA_001,147
CATTCCCAGTACCACGTGGA_002,70
CATTCCCAGTACCACGTGGA_003,197
CATTCCCAGTACCACGTGGA_004,0
CATTCCCAGTACCACGTGGA_005,130
CATTCCCAGTACCACGTGGA_006,17
CATTCCCAGTACCACGTGGA_007,2
CATTCCCAGTACCACGTGGA_008,127
CATTCCCAGTACCACGTGGA_009,107
CATTCCCAGTACCACGTGGA_010,9
CATTCCCAGTACCACGTGGA_011,109
CATTCCCAGTACCACGTGGA_012,32
CATTCCCAGTACCACGTGGA_013,137
CATTCCCAGTACCACGTGGA_014,66
CATTCCCAGTACCACGTGGA_015,113
CATTCCCAGTACCACGTGGA_016,60
CATTCCCAGTACCACGTGGA_017,99
CATTCCCAGTACCACGTGGA_018,106
CATTCCCAGTACCACGTGGA_019,39
CCTTCCTCACCAACTAGCAC_001,156
CCTTCCTCACCAACTAGCAC_002,113
CCTTCCTCACCAACTAGCAC_003,82
CCTTCCTCACCAACTAGCAC_004,66
GAGGTATAGACAGCTGGTGT_001,194
GAGGTATAGACAGCTGGTGT_002,126
GAGGTATAGACAGCTGGTGT_003,129
GAGGTATAGACAGCTGGTGT_004,116
GAGGTATAGACAGCTGGTGT_005,57
CGGTCGTTTCCTAGGCGACG_001,179
CGGTCGTTTCCTAGGCGACG_002,94
CGGTCGTTTCCTAGGCGACG_003,152
TGACGAGGCAATTTCCACTG_001,181
TGACGAGGCAATTTCCACTG_002,25
TGACGAGGCAATTTCCACTG_003,130
TGACGAGGCAATTTCCACTG_004,36
TGACGAGGCAATTTCCACTG_005,88
TGACGAGGCAATTTCCACTG_006,48
TGACGAGGCAATTTCCACTG_007,50
TGACGAGGCAATTTCCACTG_008,2
TGACGAGGCAATTTCCACTG_009,98
TGACGAGGCAATTTCCACTG_010,144
TGACGAGGCAATTTCCACTG_011,58
TGACGAGGCAATTTCCACTG_012,145
TGACGAGGCAATTTCCACTG_013,67
TGACGAGGCAATTTCCACTG_014,182
TGACGAGGCAATTTCCACTG_015,183
TGACGAGGCAATTTCCACTG_016,175
TGACGAGGCAATTTCCACTG_017,185
TGACGAGGCAATTTCCACTG_018,162
TGACGAGGCAATTTCCACTG_019,52
TGACGAGGCAATTTCCACTG_020,4
TGACGAGGCAATTTCCACTG_021,184
TGACGAGGCAATTTCCACTG_022,80
TGACGAGGCAATTTCCACTG_023,177
TGACGAGGCAATTTCCACTG_024,88
CAAGAAGGGCCAAACGTGTG_001,34
CAAGAAGGGCCAAACGTGTG_002,137
CAAGAAGGGCCAAACGTGTG_003,198
CAAGAAGGGCCAAACGTGTG_004,68
CAAGAAGGGCCAAACGTGTG_005,81
CAAGAAGGGCCAAACGTGTG_006,28
CAAGAAGGGCCAAACGTGTG_007,74
CAAGAAGGGCCAAACGTGTG_008,94
CAAGAAGGGCCAAACGTGTG_009,38
CAAGAAGGGCCAAACGTGTG_010,49
CAAGAAGGGCCAAACGTGTG_011,77
CAAGAAGGGCCAAACGTGTG_012,162
CAAGAAGGGCCAAACGTGTG_013,95
CAAGAAGGGCCAAACGTGTG_014,49
CAAGAAGGGCCAAACGTGTG_015,188
CAAGAAGGGCCAAACGTGTG_016,80
CAAGAAGGGCCAAACGTGTG_017,108
CAAGAAGGGCCAAACGTGTG_018,135
CAAGAAGGGCCAAACGTGTG_019,183
CAAGAAGGGCCAAACGTGTG_020,14
CAAGAAGGGCCAAACGTGTG_021,29
CAAGAAGGGCCAAACGTGTG_022,107
CAAGAAGGGCCAAACGTGTG_023,98
CAAGAAGGGCCAAACGTGTG_024,38
CAAGAAGGGCCAAACGTGTG_025,41
CCTGGTGCAGTGTGCCAACG_001,150
CCTGGTGCAGTGTGCCAACG_002,57
CCTGGTGCAGTGTGCCAACG_003,188
CCTGGTGCAGTGTGCCAACG_004,60
CCTGGTGCAGTGTGCCAACG_005,176
AGCCGGGTTGGAGTCGACAT_001,147
AGCCGGGTTGGAGTCGACAT_002,76
AGCCGGGTTGGAGTCGACAT_003,127
AGCCGGGTTGGAGTCGACAT_004,107
AGCCGGGTTGGAGTCGACAT_005,162
AGCCGGGTTGGAGTCGACAT_006,172
AGCCGGGTTGGAGTCGACAT_007,55
AGCCGGGTTGGAGTCGACAT_008,41
AGCCGGGTTGGAGTCGACAT_009,62
AGCCGGGTTGGAGTCGACAT_010,77
AGCCGGGTTGGAGTCGACAT_011,50
AGCCGGGTTGGAGTCGACAT_012,197
AGCCGGGTTGGAGTCGACAT_013,192
AGCCGGGTTGGAGTCGACAT_014,198
AGCCGGGTTGGAGTCGACAT_015,4
AGCCGGGTTGGAGTCGACAT_016,198
AGCCGGGTTGGAGTCGACAT_017,162
AGCCGGGTTGGAGTCGACAT_018,156
AGCCGGGTTGGAGTCGACAT_019,42
AGCCGGGTTGGAGTCGACAT_020,136
AGCCGGGTTGGAGTCGACAT_021,12
AGCCGGGTTGGAGTCGACAT_022,46
AGCCGGGTTGGAGTCGACAT_023,103
AGCCGGGTTGGAGTCGACAT_024,157
AGCCGGGTTGGAGTCGACAT_025,115
AGCCGGGTTGGAGTCGACAT_026,34
AGCCGGGTTGGAGTCGACAT_027,149
AGCCGGGTTGGAGTCGACAT_028,88
AGCCGGGTTGGAGTCGACAT_029,33
AGCCGGGTTGGAGTCGACAT_030,189
AGCCGGGTTGGAGTCGACAT_031,38
AGCCGGGTTGGAGTCGACAT_032,179
AGCCGGGTTGGAGTCGACAT_033,138
AGCCGGGTTGGAGTCGACAT_034,49
CGTACTCCAGCCTTGGTCCG_001,183
CGTACTCCAGCCTTGGTCCG_002,194
CGTACTCCAGCCTTGGTCCG_003,185
CGTACTCCAGCCTTGGTCCG_004,87
CGTACTCCAGCCTTGGTCCG_005,188
CGTACTCCAGCCTTGGTCCG_006,3
CGTACTCCAGCCTTGGTCCG_007,176
CGTACTCCAGCCTTGGTCCG_008,187
CGTACTCCAGCCTTGGTCCG_009,172
CGTACTCCAGCCTTGGTCCG_010,104
CGTACTCCAGCCTTGGTCCG_011,53
CGTACTCCAGCCTTGGTCCG_012,151
CGTACTCCAGCCTTGGTCCG_013,137
CGTACTCCAGCCTTGGTCCG_014,119
CGTACTCCAGCCTTGGTCCG_015,184
CGTACTCCAGCCTTGGTCCG_016,169
CGTACTCCAGCCTTGGTCCG_017,47
CTCCTTCCTAGGCGATCCGG_001,77
CTCCTTCCTAGGCGATCCGG_002,4
CTCCTTCCTAGGCGATCCGG_003,198
CTCCTTCCTAGGCGATCCGG_004,129
CTCCTTCCTAGGCGATCCGG_005,144
CTCCTTCCTAGGCGATCCGG_006,74
CTCCTTCCTAGGCGATCCGG_007,156
CTCCTTCCTAGGCGATCCGG_008,171
CTCCTTCCTAGGCGATCCGG_009,169
CTCCTTCCTAGGCGATCCGG_010,147
CTCCTTCCTAGGCGATCCGG_011,183
CTCCTTCCTAGGCGATCCGG_012,139
CTCCTTCCTAGGCGATCCGG_013,107
CTCCTTCCTAGGCGATCCGG_014,145
CTCCTTCCTAGGCGATCCGG_015,76
CTCCTTCCTAGGCGATCCGG_016,199
CTCCTTCCTAGGCGATCCGG_017,101
CTCCTTCCTAGGCGATCCGG_018,9
CTCCTTCCTAGGCGATCCGG_019,49
CTCCTTCCTAGGCGATCCGG_020,64
CTCCTTCCTAGGCGATCCGG_021,8
CTCCTTCCTAGGCGATCCGG_022,50
CTCCTTCCTAGGCGATCCGG_023,58
GGAGAGATGTTTAAACTGAG_001,17
GGAGAGATGTTTAAACTGAG_002,130
GGAGAGATGTTTAAACTGAG_003,83
GGAGAGATGTTTAAACTGAG_004,196
GGAGAGATGTTTAAACTGAG_005,157
GGAGAGATGTTTAAACTGAG_006,95
GGAGAGATGTTTAAACTGAG_007,77
GGAGAGATGTTTAAACTGAG_008,68
GGAGAGATGTTTAAACTGAG_009,2
CCAGGAGGCTTAGGAATTTG_001,160
CCAGGAGGCTTAGGAATTTG_002,29
ATCACGTGATCGGATGGTTC_001,117
ATCACGTGATCGGATGGTTC_002,50
ATCACGTGATCGGATGGTTC_003,9
ATCACGTGATCGGATGGTTC_004,50
ATCACGTGATCGGATGGTTC_005,160
ATCACGTGATCGGATGGTTC_006,1
ATCACGTGATCGGATGGTTC_007,156
ATCACGTGATCGGATGGTTC_008,40
ATCACGTGATCGGATGGTTC_009,141
ATCACGTGATCGGATGGTTC_010,108
ATCACGTGATCGGATGGTTC_011,76
ATCACGTGATCGGATGGTTC_012,73
ATCACGTGATCGGATGGTTC_013,44
ATCACGTGATCGGATGGTTC_014,168
ATTGATCAGGAAACTTTACA_001,51
ATTGATCAGGAAACTTTACA_002,91
ATTGATCAGGAAACTTTACA_003,51
GCATTAGTGGCAGCAACAGG_001,62
GCATTAGTGGCAGCAACAGG_002,112
GCATTAGTGGCAGCAACAGG_003,147
GCATTAGTGGCAGCAACAGG_004,121
GCATTAGTGGCAGCAACAGG_005,6
GCATTAGTGGCAGCAACAGG_006,57
GCATTAGTGGCAGCAACAGG_007,4
GCATTAGTGGCAGCAACAGG_008,43
GCATTAGTGGCAGCAACAGG_009,102
GCATTAGTGGCAGCAACAGG_010,133
GCATTAGTGGCAGCAACAGG_011,168
GCATTAGTGGCAGCAACAGG_012,158
GCATTAGTGGCAGCAACAGG_013,141
GCATTAGTGGCAGCAACAGG_014,127
GCATTAGTGGCAGCAACAGG_015,49
GCATTAGTGGCAGCAACAGG_016,151
GCATTAGTGGCAGCAACAGG_017,147
GCATTAGTGGCAGCAACAGG_018,137
GCATTAGTGGCAGCAACAGG_019,179
GCATTAGTGGCAGCAACAGG_020,105
GCATTAGTGGCAGCAACAGG_021,127
GCATTAGTGGCAGCAACAGG_022,176
GCATTAGTGGCAGCAACAGG_023,143
GCATTAGTGGCAGCAACAGG_024,187
GCATTAGTGGCAGCAACAGG_025,44
GCATTAGTGGCAGCAACAGG_026,57
GCATTAGTGGCAGCAACAGG_027,58
GCATTAGTGGCAGCAACAGG_028,34
GCATTAGTGGCAGCAACAGG_029,107
GCATTAGTGGCAGCAACAGG_030,127
GCATTAGTGGCAGCAACAGG_031,66
GCATTAGTGGCAGCAACAGG_032,131
GCATTAGTGGCAGCAACAGG_033,114
GCATTAGTGGCAGCAACAGG_034,19
GCATTAGTGGCAGCAACAGG_035,198
GCATTAGTGGCAGCAACAGG_036,28
GCATTAGTGGCAGCAACAGG_037,22
GCATTAGTGGCAGCAACAGG_038,179
GCATTAGTGGCAGCAACAGG_039,94
GCATTAGTGGCAGCAACAGG_040,124
GCATTAGTGGCAGCAACAGG_041,145
CACACACGGCCACACAGCTA_001,148
CACACACGGCCACACAGCTA_002,27
CACACACGGCCACACAGCTA_003,166
CACACACGGCCACACAGCTA_004,82
CACACACGGCCACACAGCTA_005,168
CACACACGGCCACACAGCTA_006,130
CACACACGGCCACACAGCTA_007,176
CACACACGGCCACACAGCTA_008,148
CACACACGGCCACACAGCTA_009,180
ACTGTTCTCCAGGATATTGG_001,97
ACTGTTCTCCAGGATATTGG_002,38
ACTGTTCTCCAGGATATTGG_003,61
ACTGTTCTCCAGGATATTGG_004,168
CCCCGCACTGCTCAGCGGAG_001,106
CCCCGCACTGCTCAGCGGAG_002,184
CCCCGCACTGCTCAGCGGAG_003,34
CCCCGCACTGCTCAGCGGAG_004,184
CCCCGCACTGCTCAGCGGAG_005,40
CCCCGCACTGCTCAGCGGAG_006,106
CCCCGCACTGCTCAGCGGAG_007,14
CCCCGCACTGCTCAGCGGAG_008,149
CCCCGCACTGCTCAGCGGAG_009,155
CCCCGCACTGCTCAGCGGAG_010,94
CCCCGCACTGCTCAGCGGAG_011,89
CCCCGCACTGCTCAGCGGAG_012,138
CCCCGCACTGCTCAGCGGAG_013,121
CTAAGAGGGTCACTTTACAC_001,184
CTAAGAGGGTCACTTTACAC_002,82
CTAAGAGGGTCACTTTACAC_003,19
CTAAGAGGGTCACTTTACAC_004,178
CTAAGAGGGTCACTTTACAC_005,192
CTAAGAGGGTCACTTTACAC_006,172
CTAAGAGGGTCACTTTACAC_007,107
ATGTCTTGATCAATAACGCA_001,43
ATGTCTTGATCAATAACGCA_002,155
ATGTCTTGATCAATAACGCA_003,173
ATGTCTTGATCAATAACGCA_004,173
ATGTCTTGATCAATAACGCA_005,80
ATGTCTTGATCAATAACGCA_006,79
ATGTCTTGATCAATAACGCA_007,175
ATGTCTTGATCAATAACGCA_008,160
GCACGGACAGAAAATCTGAG_001,104
GCACGGACAGAAAATCTGAG_002,148
GCACGGACAGAAAATCTGAG_003,182
GCACGGACAGAAAATCTGAG_004,120
GCACGGACAGAAAATCTGAG_005,184
GCACGGACAGAAAATCTGAG_006,45
GCACGGACAGAAAATCTGAG_007,133
GCACGGACAGAAAATCTGAG_008,2
GCACGGACAGAAAATCTGAG_009,41
GCACGGACAGAAAATCTGAG_010,137
GCACGGACAGAAAATCTGAG_011,46
GCACGGACAGAAAATCTGAG_012,158
TGAGCGCGGCGGCCGATCTG_001,27
TGAGCGCGGCGGCCGATCTG_002,58
TGAGCGCGGCGGCCGATCTG_003,76
TGAGCGCGGCGGCCGATCTG_004,9
TGAGCGCGGCGGCCGATCTG_005,69
TGAGCGCGGCGGCCGATCTG_006,53
TGAGCGCGGCGGCCGATCTG_007,177
TGAGCGCGGCGGCCGATCTG_008,103
TGAGCGCGGCGGCCGATCTG_009,96
TGAGCGCGGCGGCCGATCTG_010,45
TGAGCGCGGCGGCCGATCTG_011,160
TGAGCGCGGCGGCCGATCTG_012,113
TGAGCGCGGCGGCCGATCTG_013,46
TGAGCGCGGCGGCCGATCTG_014,176
TGAGCGCGGCGGCCGATCTG_015,42
TGAGCGCGGCGGCCGATCTG_016,42
TGAGCGCGGCGGCCGATCTG_017,185
TGAGCGCGGCGGCCGATCTG_018,40
TGAGCGCGGCGGCCGATCTG_019,31
TGAGCGCGGCGGCCGATCTG_020,63
TGAGCGCGGCGGCCGATCTG_021,17
TGAGCGCGGCGGCCGATCTG_022,114
TGAGCGCGGCGGCCGATCTG_023,118
TGAGCGCGGCGGCCGATCTG_024,121
TGAGCGCGGCGGCCGATCTG_025,58
TGAGCGCGGCGGCCGATCTG_026,169
TGAGCGCGGCGGCCGATCTG_027,76
TGAGCGCGGCGGCCGATCTG_028,130
TGAGCGCGGCGGCCGATCTG_029,112
GTGGTGTTCCAGTCAATCGT_001,184
GTGGTGTTCCAGTCAATCGT_002,78
GTGGTGTTCCAGTCAATCGT_003,62
GTGGTGTTCCAGTCAATCGT_004,92
GTGGTGTTCCAGTCAATCGT_005,122
GTGGTGTTCCAGTCAATCGT_006,36
GTGGTGTTCCAGTCAATCGT_007,47
GTGGTGTTCCAGTCAATCGT_008,148
GTGGTGTTCCAGTCAATCGT_009,115
GGCAAGAAGTATGGGCCCAA_001,146
GGCAAGAAGTATGGGCCCAA_002,165
CCAATGACAAGGAAACCGAT_001,78
CCAATGACAAGGAAACCGAT_002,119
CCAATGACAAGGAAACCGAT_003,149
CCAATGACAAGGAAACCGAT_004,81
CCAATGACAAGGAAACCGAT_005,86
CCAATGACAAGGAAACCGAT_006,169
CCAATGACAAGGAAACCGAT_007,194
CCAATGACAAGGAAACCGAT_008,8
CCAATGACAAGGAAACCGAT_009,62
CCAATGACAAGGAAACCGAT_010,24
CCAATGACAAGGAAACCGAT_011,198
CCAATGACAAGGAAACCGAT_012,115
CCAATGACAAGGAAACCGAT_013,81
CCAATGACAAGGAAACCGAT_014,32
CCAATGACAAGGAAACCGAT_015,30
CTCACCCGGCAGTGGCCGGT_001,35
CTCACCCGGCAGTGGCCGGT_002,13
CTCACCCGGCAGTGGCCGGT_003,178
CTCACCCGGCAGTGGCCGGT_004,41
CTCACCCGGCAGTGGCCGGT_005,176
GCTTCCCCGACAACACGCGC_001,141
GCTTCCCCGACAACACGCGC_002,102
GCTTCCCCGACAACACGCGC_003,138
GCTTCCCCGACAACACGCGC_004,55
GCTTCCCCGACAACACGCGC_005,157
GCTTCCCCGACAACACGCGC_006,158
GCTTCCCCGACAACACGCGC_007,57
GCTTCCCCGACAACACGCGC_008,41
GCTTCCCCGACAACACGCGC_009,182
GCTTCCCCGACAACACGCGC_010,30
GCTTCCCCGACAACACGCGC_011,146
GCTTCCCCGACAACACGCGC_012,170
GCTTCCCCGACAACACGCGC_013,145
GCTTCCCCGACAACACGCGC_014,164
GCTTCCCCGACAACACGCGC_015,82
GCTTCCCCGACAACACGCGC_016,32
GCTTCCCCGACAACACGCGC_017,6
GCTTCCCCGACAACACGCGC_018,11
GCTTCCCCGACAACACGCGC_019,180
GTCCTGCGCAGCGAGATCGT_001,118
GTCCTGCGCAGCGAGATCGT_002,178
GTCCTGCGCAGCGAGATCGT_003,116
GTCCTGCGCAGCGAGATCGT_004,2
GTCCTGCGCAGCGAGATCGT_005,169
GTCCTGCGCAGCGAGATCGT_006,191
GTCCTGCGCAGCGAGATCGT_007,105
GTCCTGCGCAGCGAGATCGT_008,186
GTCCTGCGCAGCGAGATCGT_009,146
GTCCTGCGCAGCGAGATCGT_010,149
GTCCTGCGCAGCGAGATCGT_011,141
GTCCTGCGCAGCGAGATCGT_012,105
GTCCTGCGCAGCGAGATCGT_013,94
GTCCTGCGCAGCGAGATCGT_014,198
GTCCTGCGCAGCGAGATCGT_015,28
GTCCTGCGCAGCGAGATCGT_016,18
GTCCTGCGCAGCGAGATCGT_017,177
GTCCTGCGCAGCGAGATCGT_018,174
GTCCTGCGCAGCGAGATCGT_019,136
GTCCTGCGCAGCGAGATCGT_020,129
GTCCTGCGCAGCGAGATCGT_021,118
GTCCTGCGCAGCGAGATCGT_022,179
GTCCTGCGCAGCGAGATCGT_023,90
GTCCTGCGCAGCGAGATCGT_024,176
GTCCTGCGCAGCGAGATCGT_025,41
GTCCTGCGCAGCGAGATCGT_026,116
GTCCTGCGCAGCGAGATCGT_027,69
ACGAACTGGTCGTTCAAGGT_001,29
ACGAACTGGTCGTTCAAGGT_002,17
ACGAACTGGTCGTTCAAGGT_003,167
ACGAACTGGTCGTTCAAGGT_004,177
GTGCTACTCCTGCAAAGCCC_001,68
GGGAATCGGACTTCAGCTGG_001,24
GGGAATCGGACTTCAGCTGG_002,48
GGGAATCGGACTTCAGCTGG_003,134
GGGAATCGGACTTCAGCTGG_004,146
GGGAATCGGACTTCAGCTGG_005,86
GGGAATCGGACTTCAGCTGG_006,192
GGGAATCGGACTTCAGCTGG_007,154
GGGAATCGGACTTCAGCTGG_008,33
GGGAATCGGACTTCAGCTGG_009,72
GGGAATCGGACTTCAGCTGG_010,124
GGGAATCGGACTTCAGCTGG_011,48
GGGAATCGGACTTCAGCTGG_012,26
GGGAATCGGACTTCAGCTGG_013,77
GGGAATCGGACTTCAGCTGG_014,56
GGGAATCGGACTTCAGCTGG_015,36
GGGAATCGGACTTCAGCTGG_016,0
CAACATCTTGATCTTAGCAA_001,10
CAACATCTTGATCTTAGCAA_002,90
CAACATCTTGATCTTAGCAA_003,84
TATCAACACTCCAAGAGTGG_001,144
TATCAACACTCCAAGAGTGG_002,4
GATGTCGCAATACCACTGGT_001,12
GATGTCGCAATACCACTGGT_002,29
GATGTCGCAATACCACTGGT_003,36
GATGTCGCAATACCACTGGT_004,91
GATGTCGCAATACCACTGGT_005,36
GATGTCGCAATACCACTGGT_006,88
GATGTCGCAATACCACTGGT_007,94
GATGTCGCAATACCACTGGT_008,115
GATGTCGCAATACCACTGGT_009,197
GATGTCGCAATACCACTGGT_010,115
GATGTCGCAATACCACTGGT_011,53
GATGTCGCAATACCACTGGT_012,31
GATGTCGCAATACCACTGGT_013,88
GATGTCGCAATACCACTGGT_014,60
GATGTCGCAATACCACTGGT_015,83
GATGTCGCAATACCACTGGT_016,160
GATGTCGCAATACCACTGGT_017,117
GATGTCGCAATACCACTGGT_018,39
GATGTCGCAATACCACTGGT_019,131
CGTCCGTGAGGATCTCGCAC_001,125
CGTCCGTGAGGATCTCGCAC_002,198
CGTCCGTGAGGATCTCGCAC_003,49
CGTCCGTGAGGATCTCGCAC_004,72
CGTCCGTGAGGATCTCGCAC_005,33
CGTCCGTGAGGATCTCGCAC_006,42
CGTCCGTGAGGATCTCGCAC_007,127
CGTCCGTGAGGATCTCGCAC_008,17
CTTCCCAAGGTCCCATTGAT_001,36
CTTCCCAAGGTCCCATTGAT_002,36
CTTCCCAAGGTCCCATTGAT_003,52
CTTCCCAAGGTCCCATTGAT_004,82
CTTCCCAAGGTCCCATTGAT_005,45
CTTCCCAAGGTCCCATTGAT_006,162
CTTCCCAAGGTCCCATTGAT_007,76
GAAGAAGAATCCTCCCTCGG_001,115
GAAGAAGAATCCTCCCTCGG_002,48
GAAGAAGAATCCTCCCTCGG_003,51
GAAGAAGAATCCTCCCTCGG_004,191
GAAGAAGAATCCTCCCTCGG_005,146
GAAGAAGAATCCTCCCTCGG_006,23
GAAGAAGAATCCTCCCTCGG_007,115
GAAGAAGAATCCTCCCTCGG_008,50
GAAGAAGAATCCTCCCTCGG_009,123
GAAGAAGAATCCTCCCTCGG_010,44
GAAGAAGAATCCTCCCTCGG_011,48
GAAGAAGAATCCTCCCTCGG_012,1
GAAGAAGAATCCTCCCTCGG_013,144
GAAGAAGAATCCTCCCTCGG_014,133
GAAGAAGAATCCTCCCTCGG_015,91
GAAGAAGAATCCTCCCTCGG_016,98
GAGCGACGGCAGACGTTCAG_001,72
GAGCGACGGCAGACGTTCAG_002,162
GAGCGACGGCAGACGTTCAG_003,170
GAGCGACGGCAGACGTTCAG_004,169
GAGCGACGGCAGACGTTCAG_005,52
GAGCGACGGCAGACGTTCAG_006,138
TATGGGAGTAGATATTGACA_001,147
TGCCAGACTGATGGTAGTGG_001,2
TGCCAGACTGATGGTAGTGG_002,15
TGCCAGACTGATGGTAGTGG_003,92
TGCCAGACTGATGGTAGTGG_004,107
CCACAATCACCTGGAGACCG_001,175
CCACAATCACCTGGAGACCG_002,78
CCACAATCACCTGGAGACCG_003,82
CCACAATCACCTGGAGACCG_004,43
CCACAATCACCTGGAGACCG_005,59
CCACAATCACCTGGAGACCG_006,134
CCACAATCACCTGGAGACCG_007,47
CCACAATCACCTGGAGACCG_008,36
CCACAATCACCTGGAGACCG_009,183
CCACAATCACCTGGAGACCG_010,0
CCACAATCACCTGGAGACCG_011,27
CACGTGAACCCTGAACAGGT_001,75
CACGTGAACCCTGAACAGGT_002,75
CACGTGAACCCTGAACAGGT_003,138
CACGTGAACCCTGAACAGGT_004,84
CACGTGAACCCTGAACAGGT_005,115
CACGTGAACCCTGAACAGGT_006,138
CACGTGAACCCTGAACAGGT_007,112
TGAAAAAGGCATCAGCCTCA_001,198
TGAAAAAGGCATCAGCCTCA_002,102
TGAAAAAGGCATCAGCCTCA_003,177
TGAAAAAGGCATCAGCCTCA_004,141
TGAAAAAGGCATCAGCCTCA_005,145
TGAAAAAGGCATCAGCCTCA_006,43
TGAAAAAGGCATCAGCCTCA_007,60
TGAAAAAGGCATCAGCCTCA_008,70
TGAAAAAGGCATCAGCCTCA_009,91
TGAAAAAGGCATCAGCCTCA_010,37
TGAAAAAGGCATCAGCCTCA_011,94
TGCACACCTCCAGAACAGCT_001,150
TGCACACCTCCAGAACAGCT_002,182
TGCACACCTCCAGAACAGCT_003,133
GCTTTCTCAATAGCAACGGG_001,70
GCTTTCTCAATAGCAACGGG_002,36
GCTTTCTCAATAGCAACGGG_003,152
GACGTGCGTCGGGGACACGT_001,52
GACGTGCGTCGGGGACACGT_002,61
GACGTGCGTCGGGGACACGT_003,83
GACGTGCGTCGGGGACACGT_004,11
GACGTGCGTCGGGGACACGT_005,12
GACGTGCGTCGGGGACACGT_006,130
GACGTGCGTCGGGGACACGT_007,157
GACGTGCGTCGGGGACACGT_008,85
GACGTGCGTCGGGGACACGT_009,116
GACGTGCGTCGGGGACACGT_010,44
GACGTGCGTCGGGGACACGT_011,169
GACGTGCGTCGGGGACACGT_012,114
GACGTGCGTCGGGGACACGT_013,179
GACGTGCGTCGGGGACACGT_014,131
GACGTGCGTCGGGGACACGT_015,131
CGAATTCCAAGAGTCCCTCG_001,174
CGAATTCCAAGAGTCCCTCG_002,94
CGAATTCCAAGAGTCCCTCG_003,170
TGAATTCGCAGTACTCCCGG_001,192
TGAATTCGCAGTACTCCCGG_002,141
TGAATTCGCAGTACTCCCGG_003,180
TGAATTCGCAGTACTCCCGG_004,14
TTGATCCAAGGGCTGTGATG_001,127
TTGATCCAAGGGCTGTGATG_002,2
TTGATCCAAGGGCTGTGATG_003,29
TTGATCCAAGGGCTGTGATG_004,48
TTGATCCAAGGGCTGTGATG_005,86
TTGATCCAAGGGCTGTGATG_006,124
TTGATCCAAGGGCTGTGATG_007,50
TTGATCCAAGGGCTGTGATG_008,169
TTGATCCAAGGGCTGTGATG_009,169
TTGATCCAAGGGCTGTGATG_010,5
TTGATCCAAGGGCTGTGATG_011,116
TTGATCCAAGGGCTGTGATG_012,141
CATCACGGCCGTGCTAACAG_001,63
CATCACGGCCGTGCTAACAG_002,121
CATCACGGCCGTGCTAACAG_003,72
CATCACGGCCGTGCTAACAG_004,164
TCACCACAGCCACGCCAACG_001,105
TCACCACAGCCACGCCAACG_002,84
TCACCACAGCCACGCCAACG_003,34
TCACCACAGCCACGCCAACG_004,14
TCACCACAGCCACGCCAACG_005,68
TCACCACAGCCACGCCAACG_006,51
TCACCACAGCCACGCCAACG_007,170
TCACCACAGCCACGCCAACG_008,142
TCACCACAGCCACGCCAACG_009,37
TCACCACAGCCACGCCAACG_010,56
TCGAGACAATGGGCTCTGTG_001,177
TCGAGACAATGGGCTCTGTG_002,101
TCGAGACAATGGGCTCTGTG_003,49
TCGAGACAATGGGCTCTGTG_004,88
TCGAGACAATGGGCTCTGTG_005,147
TCGAGACAATGGGCTCTGTG_006,177
TCGAGACAATGGGCTCTGTG_007,70
TCGAGACAATGGGCTCTGTG_008,76
AGAAAAAGGAAGGGATCACA_001,15
AGAAAAAGGAAGGGATCACA_002,118
AGAAAAAGGAAGGGATCACA_003,76
AGAAAAAGGAAGGGATCACA_004,129
AGAAAAAGGAAGGGATCACA_005,181
AGAAAAAGGAAGGGATCACA_006,170
AGAAAAAGGAAGGGATCACA_007,58
AGAAAAAGGAAGGGATCACA_008,96
TAGACAACCGCGGAGAATGC_001,94
TAGACAACCGCGGAGAATGC_002,65
TAGACAACCGCGGAGAATGC_003,175
TAGACAACCGCGGAGAATGC_004,114
TAGACAACCGCGGAGAATGC_005,8
TAGACAACCGCGGAGAATGC_006,114
TAGACAACCGCGGAGAATGC_007,84
TAGACAACCGCGGAGAATGC_008,24
TAGACAACCGCGGAGAATGC_009,181
TAGACAACCGCGGAGAATGC_010,9
TAGACAACCGCGGAGAATGC_011,94
TAGACAACCGCGGAGAATGC_012,98
TAGACAACCGCGGAGAATGC_013,91
TAGACAACCGCGGAGAATGC_014,181
TAGACAACCGCGGAGAATGC_015,127
TAGACAACCGCGGAGAATGC_016,67
TAGACAACCGCGGAGAATGC_017,192
TAGACAACCGCGGAGAATGC_018,9
TAGACAACCGCGGAGAATGC_019,90
TAGACAACCGCGGAGAATGC_020,148
TAGACAACCGCGGAGAATGC_021,80
TAGACAACCGCGGAGAATGC_022,69
TAGACAACCGCGGAGAATGC_023,168
TCTTCTACCCAAATCCACCA_001,41
TCTTCTACCCAAATCCACCA_002,33
TCTTCTACCCAAATCCACCA_003,119
TCTTCTACCCAAATCCACCA_004,119
TCTTCTACCCAAATCCACCA_005,174
TCTTCTACCCAAATCCACCA_006,149
TCTTCTACCCAAATCCACCA_007,168
TCTTCTACCCAAATCCACCA_008,75
TCTTCTACCCAAATCCACCA_009,39
TCTTCTACCCAAATCCACCA_010,180
TCTTCTACCCAAATCCACCA_011,87
CCTTCGAGTGCGAGGCGAGG_001,71
CCTTCGAGTGCGAGGCGAGG_002,62
CCTTCGAGTGCGAGGCGAGG_003,42
CCTTCGAGTGCGAGGCGAGG_004,153
CCTTCGAGTGCGAGGCGAGG_005,124
CCTTCGAGTGCGAGGCGAGG_006,44
CCTTCGAGTGCGAGGCGAGG_007,56
CCTTCGAGTGCGAGGCGAGG_008,168
CCTTCGAGTGCGAGGCGAGG_009,174
CCTTCGAGTGCGAGGCGAGG_010,184
CCTTCGAGTGCGAGGCGAGG_011,28
GGTAGCCCCCTACTACACAG_001,157
GGTAGCCCCCTACTACACAG_002,112
GGTAGCCCCCTACTACACAG_003,117
GGTAGCCCCCTACTACACAG_004,44
GGTAGCCCCCTACTACACAG_005,154
GGTAGCCCCCTACTACACAG_006,17
GGTAGCCCCCTACTACACAG_007,61
GGTAGCCCCCTACTACACAG_008,149
GGTAGCCCCCTACTACACAG_009,22
GGTAGCCCCCTACTACACAG_010,158
GGTAGCCCCCTACTACACAG_011,165
GGTAGCCCCCTACTACACAG_012,10
GTTGTAACAGTCGATCTCGA_001,174
GTTGTAACAGTCGATCTCGA_002,26
GGAGCCTCGCTCCCACTCAG_001,50
GGAGCCTCGCTCCCACTCAG_002,32
GGAGCCTCGCTCCCACTCAG_003,35
GGAGCCTCGCTCCCACTCAG_004,102
GGAGCCTCGCTCCCACTCAG_005,94
GGAGCCTCGCTCCCACTCAG_006,52
GGAGCCTCGCTCCCACTCAG_007,126
GGAGCCTCGCTCCCACTCAG_008,33
GGTCCTGAGTGAAAAGTGCG_001,94
GGTCCTGAGTGAAAAGTGCG_002,32
GGTCCTGAGTGAAAAGTGCG_003,12
GGTCCTGAGTGAAAAGTGCG_004,8
GGTCCTGAGTGAAAAGTGCG_005,67
GGTCCTGAGTGAAAAGTGCG_006,137
GGTCCTGAGTGAAAAGTGCG_007,88
GGTCCTGAGTGAAAAGTGCG_008,13
GGTCCTGAGTGAAAAGTGCG_009,57
GGTCCTGAGTGAAAAGTGCG_010,157
GGTCCTGAGTGAAAAGTGCG_011,62
GGTCCTGAGTGAAAAGTGCG_012,120
GGTCCTGAGTGAAAAGTGCG_013,113
GGTCCTGAGTGAAAAGTGCG_014,94
GGTCCTGAGTGAAAAGTGCG_015,16
GGTCCTGAGTGAAAAGTGCG_016,111
GTGTGCCGGAAGTCGCCGAG_001,172
GTGTGCCGGAAGTCGCCGAG_002,23
GTGTGCCGGAAGTCGCCGAG_003,177
GTGTGCCGGAAGTCGCCGAG_004,9
GTGTGCCGGAAGTCGCCGAG_005,188
GTGTGCCGGAAGTCGCCGAG_006,116
GTGTGCCGGAAGTCGCCGAG_007,75
GTGTGCCGGAAGTCGCCGAG_008,176
GTGTGCCGGAAGTCGCCGAG_009,19
GTGTGCCGGAAGTCGCCGAG_010,50
GTGTGCCGGAAGTCGCCGAG_011,158
GTGTGCCGGAAGTCGCCGAG_012,184
GTGTGCCGGAAGTCGCCGAG_013,127
GTGTGCCGGAAGTCGCCGAG_014,187
GTGTGCCGGAAGTCGCCGAG_015,93
GTGTGCCGGAAGTCGCCGAG_016,26
GTGTGCCGGAAGTCGCCGAG_017,44
GTGTGCCGGAAGTCGCCGAG_018,6
AAACAGCTATAAGAGCCGGA_001,1
AAACAGCTATAAGAGCCGGA_002,133
AAACAGCTATAAGAGCCGGA_003,148
AAACAGCTATAAGAGCCGGA_004,76
AAACAGCTATAAGAGCCGGA_005,160
AAACAGCTATAAGAGCCGGA_006,140
AAACAGCTATAAGAGCCGGA_007,172
AAACAGCTATAAGAGCCGGA_008,72
AAACAGCTATAAGAGCCGGA_009,177
AAACAGCTATAAGAGCCGGA_010,36
CTTACTAGCTGTGCCCCCCA_001,172
CTTACTAGCTGTGCCCCCCA_002,108
CTTACTAGCTGTGCCCCCCA_003,145
CTTACTAGCTGTGCCCCCCA_004,90
CTTACTAGCTGTGCCCCCCA_005,153
CTTACTAGCTGTGCCCCCCA_006,190
CTTACTAGCTGTGCCCCCCA_007,174
CTTACTAGCTGTGCCCCCCA_008,6
CTTACTAGCTGTGCCCCCCA_009,140
GATGCACGGCACGAAAAACG_001,174
GATGCACGGCACGAAAAACG_002,16
GATGCACGGCACGAAAAACG_003,41
GGAACCTGCCAGACAAAACC_001,77
GGAACCTGCCAGACAAAACC_002,8
GGAACCTGCCAGACAAAACC_003,103
GGAACCTGCCAGACAAAACC_004,164
TCCCTGAAGGAACTCGACCA_001,29
TCCCTGAAGGAACTCGACCA_002,48
TCCCTGAAGGAACTCGACCA_003,130
TCCCTGAAGGAACTCGACCA_004,80
TCCCTGAAGGAACTCGACCA_005,47
TCCCTGAAGGAACTCGACCA_006,12
TCCCTGAAGGAACTCGACCA_007,155
TCCCTGAAGGAACTCGACCA_008,45
TCCCTGAAGGAACTCGACCA_009,61
TCCCTGAAGGAACTCGACCA_010,150
TCCCTGAAGGAACTCGACCA_011,38
TCCCTGAAGGAACTCGACCA_012,160
TCCCTGAAGGAACTCGACCA_013,68
TCCCTGAAGGAACTCGACCA_014,41
TCCCTGAAGGAACTCGACCA_015,116
TCCCTGAAGGAACTCGACCA_016,19
TCCCTGAAGGAACTCGACCA_017,112
TCCCTGAAGGAACTCGACCA_018,35
TCCGCAAGCCAGGATCCTAA_001,175
TCCGCAAGCCAGGATCCTAA_002,78
TCCGCAAGCCAGGATCCTAA_003,160
TCCGCAAGCCAGGATCCTAA_004,42
TCCGCAAGCCAGGATCCTAA_005,56
TCCGCAAGCCAGGATCCTAA_006,49
TCCGCAAGCCAGGATCCTAA_007,138
TCCGCAAGCCAGGATCCTAA_008,124
TCCGCAAGCCAGGATCCTAA_009,130
TCCGCAAGCCAGGATCCTAA_010,57
TCCGCAAGCCAGGATCCTAA_011,152
TCCGCAAGCCAGGATCCTAA_012,172
TCCGCAAGCCAGGATCCTAA_013,105
TCCGCAAGCCAGGATCCTAA_014,106
TCCGCAAGCCAGGATCCTAA_015,191
TCCGCAAGCCAGGATCCTAA_016,6
TCCGCAAGCCAGGATCCTAA_017,43
TCCGCAAGCCAGGATCCTAA_018,10
TGATAGTAGTAATCCCCTCC_001,149
TGATAGTAGTAATCCCCTCC_002,168
TGATAGTAGTAATCCCCTCC_003,40
TGATAGTAGTAATCCCCTCC_004,83
TGATAGTAGTAATCCCCTCC_005,173
TGATAGTAGTAATCCCCTCC_006,173
AGTTACCCGGAGGAACTTCA_001,161
AGTTACCCGGAGGAACTTCA_002,77
AGTTACCCGGAGGAACTTCA_003,16
AGTTACCCGGAGGAACTTCA_004,67
AGTTACCCGGAGGAACTTCA_005,72
AGTTACCCGGAGGAACTTCA_006,149
AGTTACCCGGAGGAACTTCA_007,14
AGTTACCCGGAGGAACTTCA_008,86
AGTTACCCGGAGGAACTTCA_009,58
AGTTACCCGGAGGAACTTCA_010,106
AGTTACCCGGAGGAACTTCA_011,179
AGTTACCCGGAGGAACTTCA_012,179
AGTTACCCGGAGGAACTTCA_013,2
AGTTACCCGGAGGAACTTCA_014,114
AGTTACCCGGAGGAACTTCA_015,199
AGTTACCCGGAGGAACTTCA_016,76
AGTTACCCGGAGGAACTTCA_017,134
GGATAGCCACAAAATCGATG_001,149
GGATAGCCACAAAATCGATG_002,5
GGATAGCCACAAAATCGATG_003,48
GGATAGCCACAAAATCGATG_004,32
GGATAGCCACAAAATCGATG_005,33
GGATAGCCACAAAATCGATG_006,53
GGATAGCCACAAAATCGATG_007,60
GGATAGCCACAAAATCGATG_008,146
GGATAGCCACAAAATCGATG_009,48
GGATAGCCACAAAATCGATG_010,133
GGATAGCCACAAAATCGATG_011,197
GGATAGCCACAAAATCGATG_012,88
GGATAGCCACAAAATCGATG_013,188
GGATAGCCACAAAATCGATG_014,68
GGATAGCCACAAAATCGATG_015,60
GGATAGCCACAAAATCGATG_016,78
GGATAGCCACAAAATCGATG_017,137
GGATAGCCACAAAATCGATG_018,34
ATGTGTCAGTGACGTCACCT_001,13
ATGTGTCAGTGACGTCACCT_002,168
ATGTGTCAGTGACGTCACCT_003,62
ATGTGTCAGTGACGTCACCT_004,78
ATGTGTCAGTGACGTCACCT_005,70
ATGTGTCAGTGACGTCACCT_006,15
ATGTGTCAGTGACGTCACCT_007,185
ATGTGTCAGTGACGTCACCT_008,185
ATGTGTCAGTGACGTCACCT_009,11
ATGTGTCAGTGACGTCACCT_010,11
ATGTGTCAGTGACGTCACCT_011,21
ATGTGTCAGTGACGTCACCT_012,181
ATGTGTCAGTGACGTCACCT_013,105
ATGTGTCAGTGACGTCACCT_014,165
ATGTGTCAGTGACGTCACCT_015,188
ATGTGTCAGTGACGTCACCT_016,172
ATGTGTCAGTGACGTCACCT_017,197
ATGTGTCAGTGACGTCACCT_018,112
ATGTGTCAGTGACGTCACCT_019,17
ATGTGTCAGTGACGTCACCT_020,153
ATGTGTCAGTGACGTCACCT_021,168
ATGTGTCAGTGACGTCACCT_022,82
ATGTGTCAGTGACGTCACCT_023,70
ATGTGTCAGTGACGTCACCT_024,147
ATGTGTCAGTGACGTCACCT_025,6
ATGTGTCAGTGACGTCACCT_026,39
ATGTGTCAGTGACGTCACCT_027,82
ATGTGTCAGTGACGTCACCT_028,158
ATGTGTCAGTGACGTCACCT_029,147
GACCTAGTGGTCACTCAGTG_001,57
GACCTAGTGGTCACTCAGTG_002,184
GACCTAGTGGTCACTCAGTG_003,168
GACCTAGTGGTCACTCAGTG_004,57
GACCTAGTGGTCACTCAGTG_005,127
GACCTAGTGGTCACTCAGTG_006,38
GACCTAGTGGTCACTCAGTG_007,111
GACCTAGTGGTCACTCAGTG_008,0
GTTTCGAAACTTGAAGTAAG_001,158
GTTTCGAAACTTGAAGTAAG_002,83
GTTTCGAAACTTGAAGTAAG_003,170
GTTTCGAAACTTGAAGTAAG_004,43
TCTACACCCTAACTACCACC_001,179
TCTACACCCTAACTACCACC_002,106
TCTACACCCTAACTACCACC_003,156
CATTGAGAGATATGGCATCG_001,58
CATTGAGAGATATGGCATCG_002,102
CATTGAGAGATATGGCATCG_003,143
CATTGAGAGATATGGCATCG_004,55
CATTGAGAGATATGGCATCG_005,174
AATGGATGTACAGGTTCGAA_001,50
CCCGCCCTTGTATCTCATGG_001,127
CCCGCCCTTGTATCTCATGG_002,8
CCCGCCCTTGTATCTCATGG_003,168
TAGATGTTATCATATCTGAG_001,149
TAGATGTTATCATATCTGAG_002,149
TAGATGTTATCATATCTGAG_003,48
TAGATGTTATCATATCTGAG_004,136
TGATGAGTTAAATAACAATG_001,147
TGATGAGTTAAATAACAATG_002,162
TGATGAGTTAAATAACAATG_003,169
TGACACCAGTCAAAAACAGT_001,15
TGACACCAGTCAAAAACAGT_002,97
TGACACCAGTCAAAAACAGT_003,6
TGACACCAGTCAAAAACAGT_004,26
TGACACCAGTCAAAAACAGT_005,44
TGACACCAGTCAAAAACAGT_006,6
TGACACCAGTCAAAAACAGT_007,74
TGACACCAGTCAAAAACAGT_008,29
TGACACCAGTCAAAAACAGT_009,100
TGACACCAGTCAAAAACAGT_010,62
TGACACCAGTCAAAAACAGT_011,96
TGACACCAGTCAAAAACAGT_012,188
ATTACTACATTGGTTTACGT_001,154
ATTACTACATTGGTTTACGT_002,9
GTTTTTGGTTAATTGCCTAC_001,70
GTTTTTGGTTAATTGCCTAC_002,11
GTTTTTGGTTAATTGCCTAC_003,17
GTTTTTGGTTAATTGCCTAC_004,119
TTCAGGTTTACTCAAAAACG_001,24
TTCAGGTTTACTCAAAAACG_002,25
TTCAGGTTTACTCAAAAACG_003,121
TTCAGGTTTACTCAAAAACG_004,23
TTCAGGTTTACTCAAAAACG_005,94
TTCAGGTTTACTCAAAAACG_006,82
GCTTTCGGAGCAGCGGTGTG_001,127
GCTTTCGGAGCAGCGGTGTG_002,98
GCTTTCGGAGCAGCGGTGTG_003,69
GCTTTCGGAGCAGCGGTGTG_004,172
GCTTTCGGAGCAGCGGTGTG_005,108
GCTTTCGGAGCAGCGGTGTG_006,81
GCTTTCGGAGCAGCGGTGTG_007,94
GCTTTCGGAGCAGCGGTGTG_008,12
GCTTTCGGAGCAGCGGTGTG_009,137
GCTTTCGGAGCAGCGGTGTG_010,113
GCTTTCGGAGCAGCGGTGTG_011,148
GCTTTCGGAGCAGCGGTGTG_012,159
GCTTTCGGAGCAGCGGTGTG_013,1
GCTTTCGGAGCAGCGGTGTG_014,29
GCTTTCGGAGCAGCGGTGTG_015,49
GCTTTCGGAGCAGCGGTGTG_016,50
GCTTTCGGAGCAGCGGTGTG_017,3
GCTTTCGGAGCAGCGGTGTG_018,65
GCTTTCGGAGCAGCGGTGTG_019,125
GCTTTCGGAGCAGCGGTGTG_020,6
GCTTTCGGAGCAGCGGTGTG_021,115
GCTTTCGGAGCAGCGGTGTG_022,124
GCTTTCGGAGCAGCGGTGTG_023,129
GCTTTCGGAGCAGCGGTGTG_024,136
ACCACAGCATCATGACCGTG_001,37
ACCACAGCATCATGACCGTG_002,70
AGACAATTCAGTAAGCACAG_001,0
AGACAATTCAGTAAGCACAG_002,88
AGACAATTCAGTAAGCACAG_003,148
AGACAATTCAGTAAGCACAG_004,30
AGACAATTCAGTAAGCACAG_005,63
TGAGCATGGGGCCTGACACG_001,68
TGAGCATGGGGCCTGACACG_002,121
TGAGCATGGGGCCTGACACG_003,140
TGAGCATGGGGCCTGACACG_004,162
TGAGCATGGGGCCTGACACG_005,145
TGAGCATGGGGCCTGACACG_006,134
TGAGCATGGGGCCTGACACG_007,125
TGAGCATGGGGCCTGACACG_008,56
GTTCTATATCCACTGTCGAG_001,81
ACATACGTGGATCATATGGA_001,29
ACATACGTGGATCATATGGA_002,146
GAACGTTTCAGTATAAATGG_001,4
GAACGTTTCAGTATAAATGG_002,106
GAACGTTTCAGTATAAATGG_003,188
ACTCGGCGCCCCAGTCGAAG_001,102
ACTCGGCGCCCCAGTCGAAG_002,183
ACTCGGCGCCCCAGTCGAAG_003,24
ACAAACCCAGAGAACATTTG_001,194
ACAAACCCAGAGAACATTTG_002,2
ACAAACCCAGAGAACATTTG_003,1
AGAATTCTATACTCTCCACG_001,31
CCCCAAGGTACATTGCAAAG_001,60
CCCCAAGGTACATTGCAAAG_002,190
CCCCAAGGTACATTGCAAAG_003,119
CCCCAAGGTACATTGCAAAG_004,190
CCCCAAGGTACATTGCAAAG_005,88
CCCCAAGGTACATTGCAAAG_006,2
CCCCAAGGTACATTGCAAAG_007,169
CCCCAAGGTACATTGCAAAG_008,97
CCCCAAGGTACATTGCAAAG_009,115
CCCCAAGGTACATTGCAAAG_010,177
CCCCAAGGTACATTGCAAAG_011,176
ATCCCCACTTCGTCCAAGTG_001,169
ATCCCCACTTCGTCCAAGTG_002,34
ATCCCCACTTCGTCCAAGTG_003,52
ATCCCCACTTCGTCCAAGTG_004,48
ATCCCCACTTCGTCCAAGTG_005,188
ATCCCCACTTCGTCCAAGTG_006,77
ATCCCCACTTCGTCCAAGTG_007,43
ATCCCCACTTCGTCCAAGTG_008,35
ATCCCCACTTCGTCCAAGTG_009,89
ATCCCCACTTCGTCCAAGTG_010,147
ATCCCCACTTCGTCCAAGTG_011,119
ATCCCCACTTCGTCCAAGTG_012,83
ATCCCCACTTCGTCCAAGTG_013,22
ATCCCCACTTCGTCCAAGTG_014,22
ATCCCCACTTCGTCCAAGTG_015,137
ATCCCCACTTCGTCCAAGTG_016,134
ATCCCCACTTCGTCCAAGTG_017,58
CAAAACTGATATATCATAGG_001,127
GAATAAGGCCCATTTCCCCG_001,176
GAATAAGGCCCATTTCCCCG_002,125
GAGTCCTGGCGATGAAGTGT_001,60
GCCCAACATGACGATATGCA_001,4
GGATATAAGTAAATCTGCAG_001,135
GGATATAAGTAAATCTGCAG_002,95
GGATATAAGTAAATCTGCAG_003,172
GGATATAAGTAAATCTGCAG_004,24
GGATATAAGTAAATCTGCAG_005,41
GGATATAAGTAAATCTGCAG_006,190
GGATATAAGTAAATCTGCAG_007,127
GGATATAAGTAAATCTGCAG_008,184
GGATATAAGTAAATCTGCAG_009,77
GGATATAAGTAAATCTGCAG_010,2
TGATGAAGTACGAAGAAAGA_001,105
TGATGAAGTACGAAGAAAGA_002,77
TGATGAAGTACGAAGAAAGA_003,10
TGGATCCGGGAAACACACAT_001,11
TGGATCCGGGAAACACACAT_002,108
TGGATCCGGGAAACACACAT_003,40
TGGATCCGGGAAACACACAT_004,160
TTCTTATAGAAAGAACATAC_001,10
GGCACATTCAGCAACAAACC_001,132
GGCACATTCAGCAACAAACC_002,0
ATTGTAAAAGAAGGCCCATG_001,115
ATTGTAAAAGAAGGCCCATG_002,32
ATTGTAAAAGAAGGCCCATG_003,137
ATTGTAAAAGAAGGCCCATG_004,54
ATTGTAAAAGAAGGCCCATG_005,81
ATTGTAAAAGAAGGCCCATG_006,149
ATTGTAAAAGAAGGCCCATG_007,151
ATTGTAAAAGAAGGCCCATG_008,188
ATTGTAAAAGAAGGCCCATG_009,48
CAGATGAAACTGCCCGCAGA_001,6
CAGATGAAACTGCCCGCAGA_002,73
CAGATGAAACTGCCCGCAGA_003,53
CAGATGAAACTGCCCGCAGA_004,172
CAGATGAAACTGCCCGCAGA_005,11
CAGATGAAACTGCCCGCAGA_006,187
CAGATGAAACTGCCCGCAGA_007,191
CAGATGAAACTGCCCGCAGA_008,121
CAGATGAAACTGCCCGCAGA_009,48
CAGATGAAACTGCCCGCAGA_010,175
CAGATGAAACTGCCCGCAGA_011,127
CAGATGAAACTGCCCGCAGA_012,19
CAGATGAAACTGCCCGCAGA_013,62
CAGATGAAACTGCCCGCAGA_014,114
CAGATGAAACTGCCCGCAGA_015,143
CAGATGAAACTGCCCGCAGA_016,158
CAGATGAAACTGCCCGCAGA_017,150
CAGATGAAACTGCCCGCAGA_018,63
CAGATGAAACTGCCCGCAGA_019,175
CAGATGAAACTGCCCGCAGA_020,175
CATTGGGAACAAGCACTACG_001,119
CATTGGGAACAAGCACTACG_002,160
CATTGGGAACAAGCACTACG_003,199
CATTGGGAACAAGCACTACG_004,11
CATTGGGAACAAGCACTACG_005,115
CTGTCCGCTTTGGACAGCTG_001,184
CTGTCCGCTTTGGACAGCTG_002,37
CTGTCCGCTTTGGACAGCTG_003,68
CTGTCCGCTTTGGACAGCTG_004,166
CTGTCCGCTTTGGACAGCTG_005,105
CTGTCCGCTTTGGACAGCTG_006,188
CTGTCCGCTTTGGACAGCTG_007,29
CTGTCCGCTTTGGACAGCTG_008,194
AGGCATCAGAGGCAACCCCG_001,147
AGGCATCAGAGGCAACCCCG_002,98
AGGCATCAGAGGCAACCCCG_003,72
AGGCATCAGAGGCAACCCCG_004,153
AGGCATCAGAGGCAACCCCG_005,84
AGGCATCAGAGGCAACCCCG_006,171
AGGCATCAGAGGCAACCCCG_007,68
AGGCATCAGAGGCAACCCCG_008,152
AGGCATCAGAGGCAACCCCG_009,185
AGGCATCAGAGGCAACCCCG_010,169
AGGCATCAGAGGCAACCCCG_011,173
AGGCATCAGAGGCAACCCCG_012,156
AGGCATCAGAGGCAACCCCG_013,67
AGGCATCAGAGGCAACCCCG_014,15
AGGCATCAGAGGCAACCCCG_015,18
AGGCATCAGAGGCAACCCCG_016,192
AGGCATCAGAGGCAACCCCG_017,115
AGGCATCAGAGGCAACCCCG_018,4
AGGCATCAGAGGCAACCCCG_019,30
AGGCATCAGAGGCAACCCCG_020,177
AGGCATCAGAGGCAACCCCG_021,154
AGGCATCAGAGGCAACCCCG_022,62
AGGCATCAGAGGCAACCCCG_023,88
AGGCATCAGAGGCAACCCCG_024,144
AGGCATCAGAGGCAACCCCG_025,2
AGGCATCAGAGGCAACCCCG_026,105
AGGCATCAGAGGCAACCCCG_027,70
AGGCATCAGAGGCAACCCCG_028,101
AGGCATCAGAGGCAACCCCG_029,104
AGGCATCAGAGGCAACCCCG_030,94
AGGCATCAGAGGCAACCCCG_031,9
AGGCATCAGAGGCAACCCCG_032,117
AGGCATCAGAGGCAACCCCG_033,188
AGGCATCAGAGGCAACCCCG_034,136
AGGCATCAGAGGCAACCCCG_035,127
AGGCATCAGAGGCAACCCCG_036,3
AGGCATCAGAGGCAACCCCG_037,94
AGGCATCAGAGGCAACCCCG_038,49
AGGCATCAGAGGCAACCCCG_039,150
AGGCATCAGAGGCAACCCCG_040,112
AGGCATCAGAGGCAACCCCG_041,39
AGGCATCAGAGGCAACCCCG_042,11
AGGCATCAGAGGCAACCCCG_043,188
AGGCATCAGAGGCAACCCCG_044,158
AGGCATCAGAGGCAACCCCG_045,70
AGGCATCAGAGGCAACCCCG_046,191
AGGCATCAGAGGCAACCCCG_047,103
CAGGATTGTTGGTCACGCGA_001,137
CAGGATTGTTGGTCACGCGA_002,65
CAGGATTGTTGGTCACGCGA_003,147
CAGGATTGTTGGTCACGCGA_004,16
CAGGATTGTTGGTCACGCGA_005,177
CAGGATTGTTGGTCACGCGA_006,101
CAGGATTGTTGGTCACGCGA_007,113
CAGGATTGTTGGTCACGCGA_008,160
CAGGATTGTTGGTCACGCGA_009,137
CAGGATTGTTGGTCACGCGA_010,172
CAGGATTGTTGGTCACGCGA_011,40
CAGGATTGTTGGTCACGCGA_012,159
CAGGATTGTTGGTCACGCGA_013,16
CAGGATTGTTGGTCACGCGA_014,129
CAGGATTGTTGGTCACGCGA_015,145
CAGGATTGTTGGTCACGCGA_016,190
CAGGATTGTTGGTCACGCGA_017,23
CAGGATTGTTGGTCACGCGA_018,19
CAGGATTGTTGGTCACGCGA_019,141
CAGGATTGTTGGTCACGCGA_020,78
CAGGATTGTTGGTCACGCGA_021,106
CAGGATTGTTGGTCACGCGA_022,155
CAGGATTGTTGGTCACGCGA_023,40
CAGGATTGTTGGTCACGCGA_024,26
CAGGATTGTTGGTCACGCGA_025,181
CGGGTGCAGAAGATCCGAGC_001,126
CGGGTGCAGAAGATCCGAGC_002,170
CGGGTGCAGAAGATCCGAGC_003,118
CGGGTGCAGAAGATCCGAGC_004,188
CGGGTGCAGAAGATCCGAGC_005,58
CGGGTGCAGAAGATCCGAGC_006,40
CGGGTGCAGAAGATCCGAGC_007,88
CGGGTGCAGAAGATCCGAGC_008,85
CGGGTGCAGAAGATCCGAGC_009,50
CGGGTGCAGAAGATCCGAGC_010,44
CGGGTGCAGAAGATCCGAGC_011,21
CGGGTGCAGAAGATCCGAGC_012,178
CGGGTGCAGAAGATCCGAGC_013,108
CGGGTGCAGAAGATCCGAGC_014,161
CGGGTGCAGAAGATCCGAGC_015,94
CGGGTGCAGAAGATCCGAGC_016,97
CGGGTGCAGAAGATCCGAGC_017,97
CCTGGCTCTCTACTTCACGC_001,111
CCGTGGCCAGAAACCCCCGC_001,29
CCGTGGCCAGAAACCCCCGC_002,182
CCGTGGCCAGAAACCCCCGC_003,33
CCGTGGCCAGAAACCCCCGC_004,182
CCGTGGCCAGAAACCCCCGC_005,123
CCGTGGCCAGAAACCCCCGC_006,165
CCGTGGCCAGAAACCCCCGC_007,158
CCGTGGCCAGAAACCCCCGC_008,167
CCGTGGCCAGAAACCCCCGC_009,156
CCGTGGCCAGAAACCCCCGC_010,149
CCGTGGCCAGAAACCCCCGC_011,12
CTGAGTTATAGGATTCATCG_001,152
TGAGTTAAATATCAGGGACC_001,174
CTCACAGAGCCTCATCGAGA_001,5
CTCACAGAGCCTCATCGAGA_002,160
CTCACAGAGCCTCATCGAGA_003,160
CTCACAGAGCCTCATCGAGA_004,38
CTCACAGAGCCTCATCGAGA_005,48
CTCACAGAGCCTCATCGAGA_006,134
CTCACAGAGCCTCATCGAGA_007,117
CTCACAGAGCCTCATCGAGA_008,12
CTCACAGAGCCTCATCGAGA_009,187
CTCACAGAGCCTCATCGAGA_010,10
CTCACAGAGCCTCATCGAGA_011,165
CTCACAGAGCCTCATCGAGA_012,134
CTCACAGAGCCTCATCGAGA_013,140
CTCACAGAGCCTCATCGAGA_014,17
CTCACAGAGCCTCATCGAGA_015,190
CTCACAGAGCCTCATCGAGA_016,127
CTCACAGAGCCTCATCGAGA_017,170
CTCACAGAGCCTCATCGAGA_018,48
CTCACAGAGCCTCATCGAGA_019,190
GACAGGGTCACAGACTAGGA_001,53
GACAGGGTCACAGACTAGGA_002,113
GACAGGGTCACAGACTAGGA_003,172
GACAGGGTCACAGACTAGGA_004,139
GACAGGGTCACAGACTAGGA_005,53
GACAGGGTCACAGACTAGGA_006,48
GACAGGGTCACAGACTAGGA_007,188
GACAGGGTCACAGACTAGGA_008,75
GACAGGGTCACAGACTAGGA_009,75
GACAGGGTCACAGACTAGGA_010,151
GACAGGGTCACAGACTAGGA_011,33
GACAGGGTCACAGACTAGGA_012,157
GACAGGGTCACAGACTAGGA_013,40
GACAGGGTCACAGACTAGGA_014,37
GACAGGGTCACAGACTAGGA_015,22
GACAGGGTCACAGACTAGGA_016,183
GACAGGGTCACAGACTAGGA_017,19
GACAGGGTCACAGACTAGGA_018,77
GACAGGGTCACAGACTAGGA_019,177
GACAGGGTCACAGACTAGGA_020,107
GACAGGGTCACAGACTAGGA_021,61
GACAGGGTCACAGACTAGGA_022,19
GACAGGGTCACAGACTAGGA_023,118
GACAGGGTCACAGACTAGGA_024,104
GACAGGGTCACAGACTAGGA_025,147
GACAGGGTCACAGACTAGGA_026,4
GACAGGGTCACAGACTAGGA_027,77
GACAGGGTCACAGACTAGGA_028,41
GACAGGGTCACAGACTAGGA_029,149
GACAGGGTCACAGACTAGGA_030,86
GACAGGGTCACAGACTAGGA_031,191
GACAGGGTCACAGACTAGGA_032,78
GACAGGGTCACAGACTAGGA_033,146
GACAGGGTCACAGACTAGGA_034,17
GACAGGGTCACAGACTAGGA_035,180
GACAGGGTCACAGACTAGGA_036,28
GACAGGGTCACAGACTAGGA_037,68
GACAGGGTCACAGACTAGGA_038,121
GACAGGGTCACAGACTAGGA_039,177
GACAGGGTCACAGACTAGGA_040,168
TAGAGGAGATGCCGGTGTCG_001,153
TAGAGGAGATGCCGGTGTCG_002,137
TAGAGGAGATGCCGGTGTCG_003,86
GCGAGGGTGGCACGAACAGG_001,149
GCGAGGGTGGCACGAACAGG_002,194
GCGAGGGTGGCACGAACAGG_003,41
GCGAGGGTGGCACGAACAGG_004,192
GCGAGGGTGGCACGAACAGG_005,30
GCGAGGGTGGCACGAACAGG_006,2
GCGAGGGTGGCACGAACAGG_007,29
GCGAGGGTGGCACGAACAGG_008,22
GCGAGGGTGGCACGAACAGG_009,146
GCGAGGGTGGCACGAACAGG_010,46
GCGAGGGTGGCACGAACAGG_011,88
GCGAGGGTGGCACGAACAGG_012,188
GCGAGGGTGGCACGAACAGG_013,69
GCGAGGGTGGCACGAACAGG_014,118
GCGAGGGTGGCACGAACAGG_015,19
GCGAGGGTGGCACGAACAGG_016,142
GCGAGGGTGGCACGAACAGG_017,130
CCCATCTACCATCGTGACTG_001,110
CCCATCTACCATCGTGACTG_002,0
CCCATCTACCATCGTGACTG_003,70
TAAAGGTGTCCAGATACGCA_001,64
TAAAGGTGTCCAGATACGCA_002,137
TAAAGGTGTCCAGATACGCA_003,10
TAAAGGTGTCCAGATACGCA_004,182
TAAAGGTGTCCAGATACGCA_005,129
TAAAGGTGTCCAGATACGCA_006,24
AGCAGTTCGTGAAGTCTGTG_001,96
AGCAGTTCGTGAAGTCTGTG_002,165
AGCAGTTCGTGAAGTCTGTG_003,40
AGCAGTTCGTGAAGTCTGTG_004,197
AGCAGTTCGTGAAGTCTGTG_005,194
AGCAGTTCGTGAAGTCTGTG_006,154
AGCAGTTCGTGAAGTCTGTG_007,149
AGCAGTTCGTGAAGTCTGTG_008,81
AGCAGTTCGTGAAGTCTGTG_009,148
AGCAGTTCGTGAAGTCTGTG_010,155
AGCAGTTCGTGAAGTCTGTG_011,59
AGCAGTTCGTGAAGTCTGTG_012,129
AGCAGTTCGTGAAGTCTGTG_013,160
AGCAGTTCGTGAAGTCTGTG_014,113
AGCAGTTCGTGAAGTCTGTG_015,137
AGCAGTTCGTGAAGTCTGTG_016,161
AGCAGTTCGTGAAGTCTGTG_017,193
AGCAGTTCGTGAAGTCTGTG_018,73
AGCAGTTCGTGAAGTCTGTG_019,169
AGCAGTTCGTGAAGTCTGTG_020,39
AGCAGTTCGTGAAGTCTGTG_021,49
AGCAGTTCGTGAAGTCTGTG_022,39
GCACTATGGCACAGTCGAAG_001,70
GCACTATGGCACAGTCGAAG_002,192
GCACTATGGCACAGTCGAAG_003,141
GCACTATGGCACAGTCGAAG_004,186
AGACCGATCAAACCACTCTG_001,21
AGACCGATCAAACCACTCTG_002,27
AGACCGATCAAACCACTCTG_003,156
AGACCGATCAAACCACTCTG_004,106
AGACCGATCAAACCACTCTG_005,77
AGACCGATCAAACCACTCTG_006,63
AGACCGATCAAACCACTCTG_007,5
AGACCGATCAAACCACTCTG_008,108
AGACCGATCAAACCACTCTG_009,139
AGACCGATCAAACCACTCTG_010,181
AGACCGATCAAACCACTCTG_011,65
AGACCGATCAAACCACTCTG_012,140
AGACCGATCAAACCACTCTG_013,69
AGACCGATCAAACCACTCTG_014,78
AGACCGATCAAACCACTCTG_015,172
AGACCGATCAAACCACTCTG_016,173
AGACCGATCAAACCACTCTG_017,173
GGTGCGCAGTCCACGCAGCG_001,42
GGTGCGCAGTCCACGCAGCG_002,65
GGTGCGCAGTCCACGCAGCG_003,95
GGTGCGCAGTCCACGCAGCG_004,153
GGTGCGCAGTCCACGCAGCG_005,150
GGTGCGCAGTCCACGCAGCG_006,45
GGTGCGCAGTCCACGCAGCG_007,117
GGTGCGCAGTCCACGCAGCG_008,140
GGTGCGCAGTCCACGCAGCG_009,176
GGTGCGCAGTCCACGCAGCG_010,69
CCATGACGGCCAGCATTGAG_001,153
CCATGACGGCCAGCATTGAG_002,35
CCATGACGGCCAGCATTGAG_003,119
CCATGACGGCCAGCATTGAG_004,26
CCATGACGGCCAGCATTGAG_005,56
CCATGACGGCCAGCATTGAG_006,184
CCATGACGGCCAGCATTGAG_007,31
CCATGACGGCCAGCATTGAG_008,128
CCATGACGGCCAGCATTGAG_009,91
CCATGACGGCCAGCATTGAG_010,165
CCATGACGGCCAGCATTGAG_011,56
CCATGACGGCCAGCATTGAG_012,197
CCATGACGGCCAGCATTGAG_013,23
CCATGACGGCCAGCATTGAG_014,54
CCATGACGGCCAGCATTGAG_015,42
TAAACAAGAGACACACACCA_001,131
TAAACAAGAGACACACACCA_002,148
TAAACAAGAGACACACACCA_003,37
TAAACAAGAGACACACACCA_004,153
TAAACAAGAGACACACACCA_005,114
TAAACAAGAGACACACACCA_006,170
TAAACAAGAGACACACACCA_007,91
TAAACAAGAGACACACACCA_008,119
TAAACAAGAGACACACACCA_009,166
TAAACAAGAGACACACACCA_010,178
TAAACAAGAGACACACACCA_011,50
CAAAGTCCCTCGCAATACCA_001,172
CAAAGTCCCTCGCAATACCA_002,57
CAAAGTCCCTCGCAATACCA_003,99
CAAAGTCCCTCGCAATACCA_004,145
CAAAGTCCCTCGCAATACCA_005,2
CAAAGTCCCTCGCAATACCA_006,0
CAAAGTCCCTCGCAATACCA_007,40
CAAAGTCCCTCGCAATACCA_008,119
CCATGAAGCCTGGGTCGTAG_001,28
CCATGAAGCCTGGGTCGTAG_002,126
CCATGAAGCCTGGGTCGTAG_003,92
CCATGAAGCCTGGGTCGTAG_004,9
CCATGAAGCCTGGGTCGTAG_005,134
CCATGAAGCCTGGGTCGTAG_006,33
CCATGAAGCCTGGGTCGTAG_007,183
CCATGAAGCCTGGGTCGTAG_008,165
CCATGAAGCCTGGGTCGTAG_009,8
CCATGAAGCCTGGGTCGTAG_010,119
CCATGAAGCCTGGGTCGTAG_011,32
CCATGAAGCCTGGGTCGTAG_012,149
CCATGAAGCCTGGGTCGTAG_013,4
CCATGAAGCCTGGGTCGTAG_014,54
CCATGAAGCCTGGGTCGTAG_015,36
CCATGAAGCCTGGGTCGTAG_016,104
CCATGAAGCCTGGGTCGTAG_017,159
CCATGAAGCCTGGGTCGTAG_018,41
CCATGAAGCCTGGGTCGTAG_019,37
CCATGAAGCCTGGGTCGTAG_020,25
CCATGAAGCCTGGGTCGTAG_021,141
CCATGAAGCCTGGGTCGTAG_022,42
CCATGAAGCCTGGGTCGTAG_023,107
CCATGAAGCCTGGGTCGTAG_024,113
CCATGAAGCCTGGGTCGTAG_025,11
CCATGAAGCCTGGGTCGTAG_026,148
CCATGAAGCCTGGGTCGTAG_027,99
CCATGAAGCCTGGGTCGTAG_028,19
CCATGAAGCCTGGGTCGTAG_029,20
CCATGAAGCCTGGGTCGTAG_030,28
CCATGAAGCCTGGGTCGTAG_031,66
CCATGAAGCCTGGGTCGTAG_032,70
CCATGAAGCCTGGGTCGTAG_033,162
CCATGAAGCCTGGGTCGTAG_034,194
CCATGAAGCCTGGGTCGTAG_035,140
GGCACCGCTAAGAAGAATGG_001,57
GGCACCGCTAAGAAGAATGG_002,102
GGCACCGCTAAGAAGAATGG_003,4
GGCACCGCTAAGAAGAATGG_004,148
GGCACCGCTAAGAAGAATGG_005,42
GGCACCGCTAAGAAGAATGG_006,2
GGCACCGCTAAGAAGAATGG_007,137
GGCACCGCTAAGAAGAATGG_008,162
GGCACCGCTAAGAAGAATGG_009,151
GGCACCGCTAAGAAGAATGG_010,1
GGCACCGCTAAGAAGAATGG_011,199
AGTCTTCCTCCCCATAGCTG_001,107
AGTCTTCCTCCCCATAGCTG_002,189
AGTCTTCCTCCCCATAGCTG_003,175
AGTCTTCCTCCCCATAGCTG_004,169
AGTCTTCCTCCCCATAGCTG_005,24
AGTCTTCCTCCCCATAGCTG_006,71
AGTCTTCCTCCCCATAGCTG_007,110
AGTCTTCCTCCCCATAGCTG_008,119
AGTCTTCCTCCCCATAGCTG_009,77
AGTCTTCCTCCCCATAGCTG_010,91
AGTCTTCCTCCCCATAGCTG_011,149
AGTCTTCCTCCCCATAGCTG_012,116
AGTCTTCCTCCCCATAGCTG_013,26
AGTCTTCCTCCCCATAGCTG_014,159
AGTCTTCCTCCCCATAGCTG_015,193
AGTCTTCCTCCCCATAGCTG_016,35
AGTCTTCCTCCCCATAGCTG_017,6
AGTCTTCCTCCCCATAGCTG_018,6
AGTCTTCCTCCCCATAGCTG_019,126
AGTCTTCCTCCCCATAGCTG_020,192
AGTCTTCCTCCCCATAGCTG_021,58
AGTCTTCCTCCCCATAGCTG_022,157
AGTCTTCCTCCCCATAGCTG_023,127
AGTCTTCCTCCCCATAGCTG_024,32
AGTCTTCCTCCCCATAGCTG_025,185
AGTCTTCCTCCCCATAGCTG_026,141
AGTCTTCCTCCCCATAGCTG_027,81
AGTCTTCCTCCCCATAGCTG_028,117
AGTCTTCCTCCCCATAGCTG_029,11
AGTCTTCCTCCCCATAGCTG_030,186
AGTCTTCCTCCCCATAGCTG_031,121
ATTTGTGCGTCAGCTCATAT_001,140
GCAGCGGCATCGGCCCACTG_001,28
GCAGCGGCATCGGCCCACTG_002,101
GCAGCGGCATCGGCCCACTG_003,6
GCAGCGGCATCGGCCCACTG_004,12
GCAGCGGCATCGGCCCACTG_005,88
GCAGCGGCATCGGCCCACTG_006,13
GCAGCGGCATCGGCCCACTG_007,9
GCAGCGGCATCGGCCCACTG_008,181
GCAGCGGCATCGGCCCACTG_009,5
GCAGCGGCATCGGCCCACTG_010,130
GCAGCGGCATCGGCCCACTG_011,196
GCAGCGGCATCGGCCCACTG_012,86
GCAGCGGCATCGGCCCACTG_013,156
GCAGCGGCATCGGCCCACTG_014,72
GCAGCGGCATCGGCCCACTG_015,191
GCAGCGGCATCGGCCCACTG_016,116
GCAGCGGCATCGGCCCACTG_017,63
GCAGCGGCATCGGCCCACTG_018,177
GCAGCGGCATCGGCCCACTG_019,94
GCAGCGGCATCGGCCCACTG_020,98
GCAGCGGCATCGGCCCACTG_021,37
GCAGCGGCATCGGCCCACTG_022,168
GCAGCGGCATCGGCCCACTG_023,191
GCAGCGGCATCGGCCCACTG_024,63
GCAGCGGCATCGGCCCACTG_025,78
GCAGCGGCATCGGCCCACTG_026,1
AGCCTTCCTCGAAGACACCC_001,85
AGCCTTCCTCGAAGACACCC_002,146
AGCCTTCCTCGAAGACACCC_003,140
AGCCTTCCTCGAAGACACCC_004,2
AGCCTTCCTCGAAGACACCC_005,78
AGCCTTCCTCGAAGACACCC_006,27
AGCCTTCCTCGAAGACACCC_007,27
ATAACCCTCAACGATAGCCA_001,44
ATAACCCTCAACGATAGCCA_002,148
ATAACCCTCAACGATAGCCA_003,150
ATAACCCTCAACGATAGCCA_004,172
ATAACCCTCAACGATAGCCA_005,105
ATAACCCTCAACGATAGCCA_006,146
ATAACCCTCAACGATAGCCA_007,94
ATAACCCTCAACGATAGCCA_008,43
ATAACCCTCAACGATAGCCA_009,60
ATAACCCTCAACGATAGCCA_010,51
ATAACCCTCAACGATAGCCA_011,15
ATAACCCTCAACGATAGCCA_012,63
ATAACCCTCAACGATAGCCA_013,93
ATTGGGTTGAAGAATGCACT_001,25
ATTGGGTTGAAGAATGCACT_002,25
ATTGGGTTGAAGAATGCACT_003,162
ATTGGGTTGAAGAATGCACT_004,195
ATTGGGTTGAAGAATGCACT_005,1
ATTGGGTTGAAGAATGCACT_006,28
ATTGGGTTGAAGAATGCACT_007,163
ATTGGGTTGAAGAATGCACT_008,135
ATTGGGTTGAAGAATGCACT_009,88
ATTGGGTTGAAGAATGCACT_010,27
ATTGGGTTGAAGAATGCACT_011,160
ATTGGGTTGAAGAATGCACT_012,105
ATTGGGTTGAAGAATGCACT_013,19
GGATGCTGAGTAAATACGCA_001,11
GGATGCTGAGTAAATACGCA_002,32
GGATGCTGAGTAAATACGCA_003,92
GGATGCTGAGTAAATACGCA_004,195
GGATGCTGAGTAAATACGCA_005,84
GGATGCTGAGTAAATACGCA_006,13
GGATGCTGAGTAAATACGCA_007,97
GGATGCTGAGTAAATACGCA_008,125
GGATGCTGAGTAAATACGCA_009,59
GGATGCTGAGTAAATACGCA_010,57
GGATGCTGAGTAAATACGCA_011,7
GGATGCTGAGTAAATACGCA_012,35
GGATGCTGAGTAAATACGCA_013,57
GGATGCTGAGTAAATACGCA_014,22
GGATGCTGAGTAAATACGCA_015,7
AGAAAGGACGTCGATCGAGG_001,184
AGAAAGGACGTCGATCGAGG_002,126
AGAAAGGACGTCGATCGAGG_003,154
AGAAAGGACGTCGATCGAGG_004,12
AGAAAGGACGTCGATCGAGG_005,188
AGAAAGGACGTCGATCGAGG_006,14
AGAAAGGACGTCGATCGAGG_007,194
AGAAAGGACGTCGATCGAGG_008,21
AGAAAGGACGTCGATCGAGG_009,163
AGAAAGGACGTCGATCGAGG_010,49
AGAAAGGACGTCGATCGAGG_011,174
AGAAAGGACGTCGATCGAGG_012,170
AGAAAGGACGTCGATCGAGG_013,70
CAGTAAGACTGAAACCAGCT_001,158
CAGTAAGACTGAAACCAGCT_002,149
CAGTAAGACTGAAACCAGCT_003,127
CGTGGAAAACAGCATCAGCG_001,105
CGTGGAAAACAGCATCAGCG_002,92
CGTGGAAAACAGCATCAGCG_003,56
CGTGGAAAACAGCATCAGCG_004,152
CGTGGAAAACAGCATCAGCG_005,176
CGTGGAAAACAGCATCAGCG_006,120
CGTGGAAAACAGCATCAGCG_007,55
CGTGGAAAACAGCATCAGCG_008,162
CGTGGAAAACAGCATCAGCG_009,190
CGTGGAAAACAGCATCAGCG_010,8
CGTGGAAAACAGCATCAGCG_011,149
CGTGGAAAACAGCATCAGCG_012,149
CGTGGAAAACAGCATCAGCG_013,19
CGTGGAAAACAGCATCAGCG_014,113
CGTGGAAAACAGCATCAGCG_015,74
CGTGGAAAACAGCATCAGCG_016,98
CGTGGAAAACAGCATCAGCG_017,120
CGTGGAAAACAGCATCAGCG_018,138
CGTGGAAAACAGCATCAGCG_019,68
CGTGGAAAACAGCATCAGCG_020,175
CGTGGAAAACAGCATCAGCG_021,57
CGTGGAAAACAGCATCAGCG_022,155
CGTGGAAAACAGCATCAGCG_023,94
GGAAATTGGGAAAATTCACT_001,35
ACACAATGCTAAGACCGTGG_001,84
ACACAATGCTAAGACCGTGG_002,119
ACACAATGCTAAGACCGTGG_003,168
ACACAATGCTAAGACCGTGG_004,103
ACACAATGCTAAGACCGTGG_005,12
CGCACATCTAAAGTTACTAC_001,49
CGCACATCTAAAGTTACTAC_002,180
CGCACATCTAAAGTTACTAC_003,28
CGCACATCTAAAGTTACTAC_004,83
CGCACATCTAAAGTTACTAC_005,156
CGCACATCTAAAGTTACTAC_006,197
CGCACATCTAAAGTTACTAC_007,6
CGCACATCTAAAGTTACTAC_008,82
CGCACATCTAAAGTTACTAC_009,30
AGTGCTTGGGATGCAAGTCA_001,119
AGTGCTTGGGATGCAAGTCA_002,130
AGTGCTTGGGATGCAAGTCA_003,133
AGTGCTTGGGATGCAAGTCA_004,39
AGTAGGACCAGAGCACGACG_001,107
AGTAGGACCAGAGCACGACG_002,130
AGTAGGACCAGAGCACGACG_003,113
AGTAGGACCAGAGCACGACG_004,65
AGTAGGACCAGAGCACGACG_005,20
AGTAGGACCAGAGCACGACG_006,185
AGTAGGACCAGAGCACGACG_007,155
AGTAGGACCAGAGCACGACG_008,1
AGTAGGACCAGAGCACGACG_009,19
AGTAGGACCAGAGCACGACG_010,110
AGTAGGACCAGAGCACGACG_011,161
AGTAGGACCAGAGCACGACG_012,198
AGTAGGACCAGAGCACGACG_013,108
AGTAGGACCAGAGCACGACG_014,149
AGTAGGACCAGAGCACGACG_015,40
AGTAGGACCAGAGCACGACG_016,150
AGTAGGACCAGAGCACGACG_017,136
AGTAGGACCAGAGCACGACG_018,142
AGTAGGACCAGAGCACGACG_019,9
AGTAGGACCAGAGCACGACG_020,129
GGGGAAGTAACGGATCACGT_001,78
GGGGAAGTAACGGATCACGT_002,94
GGGGAAGTAACGGATCACGT_003,22
GGGGAAGTAACGGATCACGT_004,75
GGGGAAGTAACGGATCACGT_005,95
GGGGAAGTAACGGATCACGT_006,61
GGGGAAGTAACGGATCACGT_007,5
GGGGAAGTAACGGATCACGT_008,22
GGGAGCCATTGCAAATCTGA_001,68
GGGAGCCATTGCAAATCTGA_002,140
GGGAGCCATTGCAAATCTGA_003,9
GGGAGCCATTGCAAATCTGA_004,159
GGGAGCCATTGCAAATCTGA_005,187
GGGAGCCATTGCAAATCTGA_006,40
GGGAGCCATTGCAAATCTGA_007,165
GGGAGCCATTGCAAATCTGA_008,188
GGGAGCCATTGCAAATCTGA_009,68
GGGAGCCATTGCAAATCTGA_010,43
GGGAGCCATTGCAAATCTGA_011,179
GGGAGCCATTGCAAATCTGA_012,197
GGGAGCCATTGCAAATCTGA_013,120
GGGAGCCATTGCAAATCTGA_014,43
GGGAGCCATTGCAAATCTGA_015,183
GGGAGCCATTGCAAATCTGA_016,85
CCAGTGCAGTACTCATAGCG_001,43
CCAGTGCAGTACTCATAGCG_002,15
CCAGTGCAGTACTCATAGCG_003,156
CCAGTGCAGTACTCATAGCG_004,197
CCAGTGCAGTACTCATAGCG_005,117
CCAGTGCAGTACTCATAGCG_006,130
CCAGTGCAGTACTCATAGCG_007,184
CCAGTGCAGTACTCATAGCG_008,121
CCAGTGCAGTACTCATAGCG_009,191
CCAGTGCAGTACTCATAGCG_010,188
CCAGTGCAGTACTCATAGCG_011,91
CCAGTGCAGTACTCATAGCG_012,12
TCTGGCGGAAGAGGTAACAC_001,2
TCTGGCGGAAGAGGTAACAC_002,105
TCTGGCGGAAGAGGTAACAC_003,181
TCTGGCGGAAGAGGTAACAC_004,161
TATGCCCTTGGATGAATGTG_001,117
TATGCCCTTGGATGAATGTG_002,139
TATGCCCTTGGATGAATGTG_003,94
TATGCCCTTGGATGAATGTG_004,48
TATGCCCTTGGATGAATGTG_005,69
TATGCCCTTGGATGAATGTG_006,70
TATGCCCTTGGATGAATGTG_007,98
TATGCCCTTGGATGAATGTG_008,104
TATGCCCTTGGATGAATGTG_009,20
TATGCCCTTGGATGAATGTG_010,35
CGGTGCTATTGGGCTCACTG_001,95
CGGTGCTATTGGGCTCACTG_002,127
CGGTGCTATTGGGCTCACTG_003,178
CGGTGCTATTGGGCTCACTG_004,6
CGGTGCTATTGGGCTCACTG_005,49
CGGTGCTATTGGGCTCACTG_006,188
CGGTGCTATTGGGCTCACTG_007,84
CGGTGCTATTGGGCTCACTG_008,170
CGGTGCTATTGGGCTCACTG_009,48
CGGTGCTATTGGGCTCACTG_010,198
CGGTGCTATTGGGCTCACTG_011,195
CGGTGCTATTGGGCTCACTG_012,15
CGGTGCTATTGGGCTCACTG_013,137
CGGTGCTATTGGGCTCACTG_014,78
CGGTGCTATTGGGCTCACTG_015,38
CGGTGCTATTGGGCTCACTG_016,121
CGGTGCTATTGGGCTCACTG_017,5
CGGTGCTATTGGGCTCACTG_018,149
GTGGCTGGTGGATTTCACAG_001,48
GTGGCTGGTGGATTTCACAG_002,161
GTGGCTGGTGGATTTCACAG_003,59
GTGGCTGGTGGATTTCACAG_004,52
GTGGCTGGTGGATTTCACAG_005,112
GTGGCTGGTGGATTTCACAG_006,92
GTGGCTGGTGGATTTCACAG_007,77
GTGGCTGGTGGATTTCACAG_008,13
GTGGCTGGTGGATTTCACAG_009,102
CAGCCCCGTGATCCAACAGG_001,111
CAGCCCCGTGATCCAACAGG_002,8
CAGCCCCGTGATCCAACAGG_003,40
CAGCCCCGTGATCCAACAGG_004,57
CAGCCCCGTGATCCAACAGG_005,107
CAGCCCCGTGATCCAACAGG_006,25
CAGCCCCGTGATCCAACAGG_007,30
CAGCCCCGTGATCCAACAGG_008,185
CAGCCCCGTGATCCAACAGG_009,177
CAATACCTCCTACAAGAATG_001,188
CAATACCTCCTACAAGAATG_002,69
CAATACCTCCTACAAGAATG_003,161
CAATACCTCCTACAAGAATG_004,184
CAATACCTCCTACAAGAATG_005,177
CAATACCTCCTACAAGAATG_006,54
CAATACCTCCTACAAGAATG_007,180
GATCGAGATCTACTGCCAGT_001,156
GATCGAGATCTACTGCCAGT_002,84
GATCGAGATCTACTGCCAGT_003,58
GATCGAGATCTACTGCCAGT_004,185
AACATCCTGATGAACAACCC_001,183
AACGCTACCCAAGAGCTAAT_001,89
AACGCTACCCAAGAGCTAAT_002,23
AACGCTACCCAAGAGCTAAT_003,148
AACGCTACCCAAGAGCTAAT_004,98
AACGCTACCCAAGAGCTAAT_005,103
AACGCTACCCAAGAGCTAAT_006,103
AACGCTACCCAAGAGCTAAT_007,46
AACGCTACCCAAGAGCTAAT_008,130
ACTCTCGGAGTCCAACGCGT_001,121
ACTCTCGGAGTCCAACGCGT_002,158
ACTCTCGGAGTCCAACGCGT_003,158
ACTCTCGGAGTCCAACGCGT_004,6
ACTCTCGGAGTCCAACGCGT_005,92
ACTCTCGGAGTCCAACGCGT_006,37
ACTCTCGGAGTCCAACGCGT_007,151
ACTCTCGGAGTCCAACGCGT_008,121
ACTCTCGGAGTCCAACGCGT_009,58
ACTCTCGGAGTCCAACGCGT_010,77
ACTCTCGGAGTCCAACGCGT_011,16
ACTCTCGGAGTCCAACGCGT_012,65
ACTCTCGGAGTCCAACGCGT_013,157
ACTCTCGGAGTCCAACGCGT_014,38
ACTCTCGGAGTCCAACGCGT_015,43
ACTCTCGGAGTCCAACGCGT_016,21
ACTCTCGGAGTCCAACGCGT_017,113
ACTCTCGGAGTCCAACGCGT_018,170
ACTCTCGGAGTCCAACGCGT_019,61
ACTCTCGGAGTCCAACGCGT_020,172
ACTCTCGGAGTCCAACGCGT_021,197
GGACAGATGCCTACCTACGA_001,170
GGACAGATGCCTACCTACGA_002,175
GGACAGATGCCTACCTACGA_003,66
GGACAGATGCCTACCTACGA_004,15
GGACAGATGCCTACCTACGA_005,48
GGACAGATGCCTACCTACGA_006,17
GGACAGATGCCTACCTACGA_007,75
GGACAGATGCCTACCTACGA_008,94
GGACAGATGCCTACCTACGA_009,145
GGACAGATGCCTACCTACGA_010,166
GGACAGATGCCTACCTACGA_011,138
GGACAGATGCCTACCTACGA_012,178
GGTGTCGGGCGAGTTCAGCG_001,5
GGTGTCGGGCGAGTTCAGCG_002,147
GGTGTCGGGCGAGTTCAGCG_003,81
GGTGTCGGGCGAGTTCAGCG_004,107
GGTGTCGGGCGAGTTCAGCG_005,46
GGTGTCGGGCGAGTTCAGCG_006,69
GGTGTCGGGCGAGTTCAGCG_007,151
TGTCCTGTAGCAATGTTGGC_001,199
TGTCCTGTAGCAATGTTGGC_002,156
TGTCCTGTAGCAATGTTGGC_003,151
TGTCCTGTAGCAATGTTGGC_004,157
TGTCCTGTAGCAATGTTGGC_005,75
TGTCCTGTAGCAATGTTGGC_006,88
TGTCCTGTAGCAATGTTGGC_007,105
TGTCCTGTAGCAATGTTGGC_008,58
TGTCCTGTAGCAATGTTGGC_009,16
TGTCCTGTAGCAATGTTGGC_010,127
TGTCCTGTAGCAATGTTGGC_011,199
TGTCCTGTAGCAATGTTGGC_012,188
TGTCCTGTAGCAATGTTGGC_013,58
TGTCCTGTAGCAATGTTGGC_014,124
CCACCCGAGAACAACGAGTG_001,43
CCACCCGAGAACAACGAGTG_002,106
CCACCCGAGAACAACGAGTG_003,123
CCACCCGAGAACAACGAGTG_004,1
CCACCCGAGAACAACGAGTG_005,88
CCACCCGAGAACAACGAGTG_006,134
CCACCCGAGAACAACGAGTG_007,40
CCACCCGAGAACAACGAGTG_008,98
CCACCCGAGAACAACGAGTG_009,119
CCACCCGAGAACAACGAGTG_010,182
CCACCCGAGAACAACGAGTG_011,101
CCACCCGAGAACAACGAGTG_012,115
CCACCCGAGAACAACGAGTG_013,49
CCACCCGAGAACAACGAGTG_014,73
CCACCCGAGAACAACGAGTG_015,5
CCACCCGAGAACAACGAGTG_016,36
CCACCCGAGAACAACGAGTG_017,186
CCACCCGAGAACAACGAGTG_018,176
CCACCCGAGAACAACGAGTG_019,158
CCACCCGAGAACAACGAGTG_020,72
CCACCCGAGAACAACGAGTG_021,42
CCACCCGAGAACAACGAGTG_022,6
CCACCCGAGAACAACGAGTG_023,161
CCACCCGAGAACAACGAGTG_024,161
CCATGATTGTGAGTTTCGCG_001,76
CCATGATTGTGAGTTTCGCG_002,13
CCATGATTGTGAGTTTCGCG_003,104
CCATGATTGTGAGTTTCGCG_004,56
CCATGATTGTGAGTTTCGCG_005,162
TATCCATACCTGGTACTGCG_001,159
TATCCATACCTGGTACTGCG_002,94
TATCCATACCTGGTACTGCG_003,83
TATCCATACCTGGTACTGCG_004,177
GGTCCACCTTGAGTGCTGCG_001,132
GGTCCACCTTGAGTGCTGCG_002,78
GGTCCACCTTGAGTGCTGCG_003,11
GGTCCACCTTGAGTGCTGCG_004,188
GGTCCACCTTGAGTGCTGCG_005,129
GGTCCACCTTGAGTGCTGCG_006,17
GGTCCACCTTGAGTGCTGCG_007,199
CCGCAAGTTTGATTACGACC_001,47
CCGCAAGTTTGATTACGACC_002,53
GCATTTCATCACAGCGCCAA_001,69
GCATTTCATCACAGCGCCAA_002,127
GCATTTCATCACAGCGCCAA_003,1
GCATTTCATCACAGCGCCAA_004,67
CTTGCCGCACACGTCGCACG_001,9
CTTGCCGCACACGTCGCACG_002,75
ACCATCTGGAAGGTCCGAGG_001,28
ACCATCTGGAAGGTCCGAGG_002,162
ACCATCTGGAAGGTCCGAGG_003,128
ACCATCTGGAAGGTCCGAGG_004,176
ACCATCTGGAAGGTCCGAGG_005,169
ACCATCTGGAAGGTCCGAGG_006,58
ACCATCTGGAAGGTCCGAGG_007,65
ACCATCTGGAAGGTCCGAGG_008,35
ACCATCTGGAAGGTCCGAGG_009,82
TCTCTTACTCACCAAAAGCT_001,1
CTCCAGATAGTCACAGACGC_001,43
CTCCAGATAGTCACAGACGC_002,82
CTCCAGATAGTCACAGACGC_003,99
CTCCAGATAGTCACAGACGC_004,114
CTCCAGATAGTCACAGACGC_005,127
CTCCAGATAGTCACAGACGC_006,96
CTCCAGATAGTCACAGACGC_007,40
CTCCAGATAGTCACAGACGC_008,43
CTCCAGATAGTCACAGACGC_009,132
CTCCAGATAGTCACAGACGC_010,80
ACATGAACGAGACCCTGCCG_001,114
ACATGAACGAGACCCTGCCG_002,106
ACATGAACGAGACCCTGCCG_003,106
ACATGAACGAGACCCTGCCG_004,191
ACATGAACGAGACCCTGCCG_005,84
ACATGAACGAGACCCTGCCG_006,53
ACATGAACGAGACCCTGCCG_007,68
ACATGAACGAGACCCTGCCG_008,181
ACATGAACGAGACCCTGCCG_009,109
ACATGAACGAGACCCTGCCG_010,166
ACATGAACGAGACCCTGCCG_011,187
ACATGAACGAGACCCTGCCG_012,115
ACATGAACGAGACCCTGCCG_013,115
ACATGAACGAGACCCTGCCG_014,191
ACATGAACGAGACCCTGCCG_015,9
ACATGAACGAGACCCTGCCG_016,76
ACATGAACGAGACCCTGCCG_017,172
ACATGAACGAGACCCTGCCG_018,28
ACATGAACGAGACCCTGCCG_019,144
ACATGAACGAGACCCTGCCG_020,27
ACATGAACGAGACCCTGCCG_021,141
ACATGAACGAGACCCTGCCG_022,103
ACATGAACGAGACCCTGCCG_023,16
ACATGAACGAGACCCTGCCG_024,169
ACATGAACGAGACCCTGCCG_025,40
ACATGAACGAGACCCTGCCG_026,98
ACATGAACGAGACCCTGCCG_027,1
ACATGAACGAGACCCTGCCG_028,49
ACATGAACGAGACCCTGCCG_029,77
ACATGAACGAGACCCTGCCG_030,126
GGACACTGACGTGAACAAGC_001,73
GGACACTGACGTGAACAAGC_002,150
GGACACTGACGTGAACAAGC_003,117
GGACACTGACGTGAACAAGC_004,29
GGACACTGACGTGAACAAGC_005,9
GGACACTGACGTGAACAAGC_006,149
GGACACTGACGTGAACAAGC_007,96
GGACACTGACGTGAACAAGC_008,130
CTGACCATACCTTCATGGGT_001,78
TCTCTGTTCCATGGACACAA_001,148
GGCTTCCCTGGATGCAGAGA_001,151
GGCTTCCCTGGATGCAGAGA_002,198
TGCCACGACATGTTTGAGCA_001,174
TGCCACGACATGTTTGAGCA_002,188
TGCCACGACATGTTTGAGCA_003,147
TGCCACGACATGTTTGAGCA_004,1
TGCCACGACATGTTTGAGCA_005,182
TGCCACGACATGTTTGAGCA_006,7
TGCCACGACATGTTTGAGCA_007,105
TGCCACGACATGTTTGAGCA_008,90
TGCCACGACATGTTTGAGCA_009,148
TGATGCTGCAGTGACCAATG_001,1
TGATGCTGCAGTGACCAATG_002,42
TGATGCTGCAGTGACCAATG_003,148
TGATGCTGCAGTGACCAATG_004,28
TGATGCTGCAGTGACCAATG_005,175
TGATGCTGCAGTGACCAATG_006,150
TGATGCTGCAGTGACCAATG_007,168
TGATGCTGCAGTGACCAATG_008,13
TGATGCTGCAGTGACCAATG_009,138
TGATGCTGCAGTGACCAATG_010,39
TGATGCTGCAGTGACCAATG_011,172
TGATGCTGCAGTGACCAATG_012,161
ATGCATACTGTGTCCACGTA_001,105
ATGCATACTGTGTCCACGTA_002,40
ATGCATACTGTGTCCACGTA_003,149
ATGCATACTGTGTCCACGTA_004,172
ATGCATACTGTGTCCACGTA_005,171
ATGCATACTGTGTCCACGTA_006,162
ATGCATACTGTGTCCACGTA_007,171
ATGCATACTGTGTCCACGTA_008,56
ATGCATACTGTGTCCACGTA_009,88
ATGCATACTGTGTCCACGTA_010,178
ATGCATACTGTGTCCACGTA_011,31
ATGCATACTGTGTCCACGTA_012,52
ATGCATACTGTGTCCACGTA_013,163
ATGCATACTGTGTCCACGTA_014,175
ATGCATACTGTGTCCACGTA_015,132
ATGCATACTGTGTCCACGTA_016,156
ATGCATACTGTGTCCACGTA_017,66
ATGCATACTGTGTCCACGTA_018,73
ATGCATACTGTGTCCACGTA_019,125
ATGCATACTGTGTCCACGTA_020,137
ATGCATACTGTGTCCACGTA_021,71
ATGCATACTGTGTCCACGTA_022,48
ATGCATACTGTGTCCACGTA_023,159
ATGCATACTGTGTCCACGTA_024,109
ATGCATACTGTGTCCACGTA_025,33
ATGCATACTGTGTCCACGTA_026,155
ATGCATACTGTGTCCACGTA_027,115
ATGCATACTGTGTCCACGTA_028,118
ATGCATACTGTGTCCACGTA_029,89
ATGCATACTGTGTCCACGTA_030,70
CACATTCACACCGAAGTCCG_001,194
CACATTCACACCGAAGTCCG_002,104
CACATTCACACCGAAGTCCG_003,47
CACATTCACACCGAAGTCCG_004,122
CACATTCACACCGAAGTCCG_005,146
CACATTCACACCGAAGTCCG_006,162
CACATTCACACCGAAGTCCG_007,130
TCAACGCTAAAGCCAACGAG_001,53
TCAACGCTAAAGCCAACGAG_002,183
TCAACGCTAAAGCCAACGAG_003,134
TCAACGCTAAAGCCAACGAG_004,165
TCAACGCTAAAGCCAACGAG_005,57
TCAACGCTAAAGCCAACGAG_006,26
TCAACGCTAAAGCCAACGAG_007,58
ATGTCCACATGACCGTAGGG_001,115
ATGTCCACATGACCGTAGGG_002,2
ATGTCCACATGACCGTAGGG_003,40
TGGGCTGACTCGTAGCGACG_001,94
TGGGCTGACTCGTAGCGACG_002,147
TGGGCTGACTCGTAGCGACG_003,150
TGGGCTGACTCGTAGCGACG_004,26
TGGGCTGACTCGTAGCGACG_005,123
TGGGCTGACTCGTAGCGACG_006,0
TGGGCTGACTCGTAGCGACG_007,102
TGGGCTGACTCGTAGCGACG_008,11
AGGATCATAATTAAGATACC_001,187
AGGATCATAATTAAGATACC_002,145
AGGATCATAATTAAGATACC_003,185
GTCTCGTCAGTAGTGAGGGA_001,36
GTCTCGTCAGTAGTGAGGGA_002,183
GTCTCGTCAGTAGTGAGGGA_003,83
GTCTCGTCAGTAGTGAGGGA_004,133
GTCTCGTCAGTAGTGAGGGA_005,118
GTCTCGTCAGTAGTGAGGGA_006,8
GTCTCGTCAGTAGTGAGGGA_007,187
TCGGATGCGTTTATATACGG_001,144
TCGGATGCGTTTATATACGG_002,137
ATTGTTGGCCCTAAATCTTG_001,118
GGCACCCACCTCGGTCACGA_001,191
GGCACCCACCTCGGTCACGA_002,167
GGCACCCACCTCGGTCACGA_003,34
GGCACCCACCTCGGTCACGA_004,102
GGCACCCACCTCGGTCACGA_005,96
GGCACCCACCTCGGTCACGA_006,129
GGTTCACGTTGATAAGGACA_001,21
GGTTCACGTTGATAAGGACA_002,94
GGTTCACGTTGATAAGGACA_003,184
GGTTCACGTTGATAAGGACA_004,175
GGTTCACGTTGATAAGGACA_005,126
CGGCTGCTCTTCAACCACAG_001,157
CGGCTGCTCTTCAACCACAG_002,170
CGGCTGCTCTTCAACCACAG_003,47
CGGCTGCTCTTCAACCACAG_004,105
CGGCTGCTCTTCAACCACAG_005,2
CGGCTGCTCTTCAACCACAG_006,146
CGGCTGCTCTTCAACCACAG_007,117
CGGCTGCTCTTCAACCACAG_008,6
CGGCTGCTCTTCAACCACAG_009,32
CGGCTGCTCTTCAACCACAG_010,94
CGGCTGCTCTTCAACCACAG_011,8
CGGCTGCTCTTCAACCACAG_012,107
CGGCTGCTCTTCAACCACAG_013,11
CGGCTGCTCTTCAACCACAG_014,82
CTGGATGGTGTAGACACCAC_001,160
CTGGATGGTGTAGACACCAC_002,170
CTGGATGGTGTAGACACCAC_003,197
CTGGATGGTGTAGACACCAC_004,40
CTGGATGGTGTAGACACCAC_005,169
CTGGATGGTGTAGACACCAC_006,37
CTGGATGGTGTAGACACCAC_007,95
CTGGATGGTGTAGACACCAC_008,21
CTGGATGGTGTAGACACCAC_009,103
CTGGATGGTGTAGACACCAC_010,41
CTGGATGGTGTAGACACCAC_011,40
CTGGATGGTGTAGACACCAC_012,48
CTGGATGGTGTAGACACCAC_013,105
CTGGATGGTGTAGACACCAC_014,113
CTGGATGGTGTAGACACCAC_015,35
CTGGATGGTGTAGACACCAC_016,152
CTGGATGGTGTAGACACCAC_017,125
CTGGATGGTGTAGACACCAC_018,115
GGAGATGTTCTCCAAACCAG_001,183
GGAGATGTTCTCCAAACCAG_002,62
GGAGATGTTCTCCAAACCAG_003,69
GGAGATGTTCTCCAAACCAG_004,114
GGAGATGTTCTCCAAACCAG_005,147
GGAGATGTTCTCCAAACCAG_006,32
GGAGATGTTCTCCAAACCAG_007,24
GGAGATGTTCTCCAAACCAG_008,9
GGAGATGTTCTCCAAACCAG_009,133
GGAGATGTTCTCCAAACCAG_010,76
TATATTAGCAGACAACGATG_001,124
TATATTAGCAGACAACGATG_002,49
TATATTAGCAGACAACGATG_003,181
TATATTAGCAGACAACGATG_004,39
GTAGATGCATTCCCGGTCAG_001,120
GTAGATGCATTCCCGGTCAG_002,185
GTAGATGCATTCCCGGTCAG_003,11
GTAGATGCATTCCCGGTCAG_004,162
GTAGATGCATTCCCGGTCAG_005,5
GTAGATGCATTCCCGGTCAG_006,35
GTAGATGCATTCCCGGTCAG_007,33
GTAGATGCATTCCCGGTCAG_008,6
GTAGATGCATTCCCGGTCAG_009,77
GTAGATGCATTCCCGGTCAG_010,197
GTAGATGCATTCCCGGTCAG_011,1
GTAGATGCATTCCCGGTCAG_012,17
TGTTGACTTCCCTGCATTCG_001,67
TGTTGACTTCCCTGCATTCG_002,49
TGTTGACTTCCCTGCATTCG_003,195
TGTTGACTTCCCTGCATTCG_004,42
TGTTGACTTCCCTGCATTCG_005,109
TGTTGACTTCCCTGCATTCG_006,171
TGTTGACTTCCCTGCATTCG_007,70
TGTTGACTTCCCTGCATTCG_008,77
TCATGACGAGCTCATCTCCA_001,13
TCATGACGAGCTCATCTCCA_002,75
TCATGACGAGCTCATCTCCA_003,187
TCATGACGAGCTCATCTCCA_004,15
TCATGACGAGCTCATCTCCA_005,17
ATACGGTGGAGAAGATCGCA_001,148
ATACGGTGGAGAAGATCGCA_002,105
ATACGGTGGAGAAGATCGCA_003,136
CTGGGCTAATGTCACAGTCT_001,66
CTGGGCTAATGTCACAGTCT_002,103
CTGGGCTAATGTCACAGTCT_003,42
CTGGGCTAATGTCACAGTCT_004,58
CTGGGCTAATGTCACAGTCT_005,101
TTACCAGGAACATATGACTG_001,72
TTACCAGGAACATATGACTG_002,32
TTACCAGGAACATATGACTG_003,157
GGAACACACACCATACTGCG_001,181
GGAACACACACCATACTGCG_002,17
GGAACACACACCATACTGCG_003,2
GGAACACACACCATACTGCG_004,9
GGAACACACACCATACTGCG_005,158
GGAACACACACCATACTGCG_006,58
GGAACACACACCATACTGCG_007,184
GGAACACACACCATACTGCG_008,1
GGAACACACACCATACTGCG_009,78
GGAACACACACCATACTGCG_010,101
TCCACCAAGAGTTTGCCATG_001,48
TCCACCAAGAGTTTGCCATG_002,58
TCCACCAAGAGTTTGCCATG_003,189
TCCACCAAGAGTTTGCCATG_004,25
TCCACCAAGAGTTTGCCATG_005,70
TCCACCAAGAGTTTGCCATG_006,61
TCCACCAAGAGTTTGCCATG_007,139
TACTGTACAAACGATGCACA_001,102
TACTGTACAAACGATGCACA_002,43
TACTGTACAAACGATGCACA_003,177
TACTGTACAAACGATGCACA_004,60
TACTGTACAAACGATGCACA_005,78
TACTGTACAAACGATGCACA_006,169
TACTGTACAAACGATGCACA_007,6
TACTGTACAAACGATGCACA_008,197
TACTGTACAAACGATGCACA_009,15
TACTGTACAAACGATGCACA_010,152
TACTGTACAAACGATGCACA_011,77
TACTGTACAAACGATGCACA_012,10
TACTGTACAAACGATGCACA_013,82
TGGCTTTGGGTAGATATCTG_001,191
TGGCTTTGGGTAGATATCTG_002,69
TCGGGGGACTCACCCAACTT_001,109
TCGGGGGACTCACCCAACTT_002,193
TCGGGGGACTCACCCAACTT_003,199
TCGGGGGACTCACCCAACTT_004,105
TCGGGGGACTCACCCAACTT_005,2
TCGGGGGACTCACCCAACTT_006,188
TCGGGGGACTCACCCAACTT_007,20
TCGGGGGACTCACCCAACTT_008,0
TCGGGGGACTCACCCAACTT_009,66
AGAATGGGAGACATACGTCG_001,72
AGAATGGGAGACATACGTCG_002,78
AGAATGGGAGACATACGTCG_003,145
AGAATGGGAGACATACGTCG_004,78
AGAATGGGAGACATACGTCG_005,116
AGAATGGGAGACATACGTCG_006,73
AGAATGGGAGACATACGTCG_007,171
AGAATGGGAGACATACGTCG_008,179
AGAATGGGAGACATACGTCG_009,158
AGAATGGGAGACATACGTCG_010,168
AGAATGGGAGACATACGTCG_011,29
AGAATGGGAGACATACGTCG_012,23
AGAATGGGAGACATACGTCG_013,77
AGAATGGGAGACATACGTCG_014,185
AGAATGGGAGACATACGTCG_015,121
AGAATGGGAGACATACGTCG_016,15
AGAATGGGAGACATACGTCG_017,69
AGAATGGGAGACATACGTCG_018,161
AGAATGGGAGACATACGTCG_019,30
AGAATGGGAGACATACGTCG_020,0
CAAATGTAAAGACGGCCTCG_001,76
CAAATGTAAAGACGGCCTCG_002,77
CAAATGTAAAGACGGCCTCG_003,118
CAAATGTAAAGACGGCCTCG_004,175
CAAATGTAAAGACGGCCTCG_005,15
CAAATGTAAAGACGGCCTCG_006,94
TGTGTGCAATGCCTATGAGA_001,159
TGTGTGCAATGCCTATGAGA_002,102
TGTGTGCAATGCCTATGAGA_003,34
TGTGTGCAATGCCTATGAGA_004,115
ATGCCTCTGATATGGAAACC_001,198
ATGCCTCTGATATGGAAACC_002,80
ATGCCTCTGATATGGAAACC_003,36
CCCATGGACAGCACCAGCGT_001,65
CCCATGGACAGCACCAGCGT_002,137
CCCATGGACAGCACCAGCGT_003,103
CCCATGGACAGCACCAGCGT_004,190
CCCATGGACAGCACCAGCGT_005,176
CCCATGGACAGCACCAGCGT_006,88
CCCATGGACAGCACCAGCGT_007,102
CCCATGGACAGCACCAGCGT_008,27
CCCATGGACAGCACCAGCGT_009,34
CCCATGGACAGCACCAGCGT_010,185
CCCATGGACAGCACCAGCGT_011,180
CCCATGGACAGCACCAGCGT_012,171
CCCATGGACAGCACCAGCGT_013,0
CCCATGGACAGCACCAGCGT_014,127
TGCAAAGCTTCAGACGACGA_001,60
TGCAAAGCTTCAGACGACGA_002,141
TGCAAAGCTTCAGACGACGA_003,88
TGCAAAGCTTCAGACGACGA_004,82
GGCTCCGAGTTGGACGATGA_001,53
GGCTCCGAGTTGGACGATGA_002,77
GGCTCCGAGTTGGACGATGA_003,170
GGCTCCGAGTTGGACGATGA_004,30
GGCTCCGAGTTGGACGATGA_005,27
CACACTCTCAAGAGTTTGAA_001,160
CACACTCTCAAGAGTTTGAA_002,113
CACACTCTCAAGAGTTTGAA_003,101
CACACTCTCAAGAGTTTGAA_004,86
CACACTCTCAAGAGTTTGAA_005,86
CACACTCTCAAGAGTTTGAA_006,54
CACACTCTCAAGAGTTTGAA_007,49
CTGGAACTTGGAATCTGCGA_001,196
CTGGAACTTGGAATCTGCGA_002,48
CTGGAACTTGGAATCTGCGA_003,11
CTGGAACTTGGAATCTGCGA_004,47
CTGGAACTTGGAATCTGCGA_005,109
CTGGAACTTGGAATCTGCGA_006,103
CTGGAACTTGGAATCTGCGA_007,98
CTGGAACTTGGAATCTGCGA_008,197
CTGGAACTTGGAATCTGCGA_009,199
CTGGAACTTGGAATCTGCGA_010,192
CTGGAACTTGGAATCTGCGA_011,88
CTGGAACTTGGAATCTGCGA_012,199
CTGGAACTTGGAATCTGCGA_013,176
GAAACTAACAAGAAAGCAGG_001,32
GAGGCTGTAATGATTAGATG_001,169
GAGGCTGTAATGATTAGATG_002,131
GAGGCTGTAATGATTAGATG_003,147
GAGGCTGTAATGATTAGATG_004,148
GAGGCTGTAATGATTAGATG_005,68
GAGGCTGTAATGATTAGATG_006,131
GAGGCTGTAATGATTAGATG_007,180
CTCTAAGAAACATAAGTCTG_001,171
CTCTAAGAAACATAAGTCTG_002,137
CTCTAAGAAACATAAGTCTG_003,0
CTCTAAGAAACATAAGTCTG_004,145
CTCTAAGAAACATAAGTCTG_005,10
CTCTAAGAAACATAAGTCTG_006,2
CTCTAAGAAACATAAGTCTG_007,28
CTCTAAGAAACATAAGTCTG_008,16
GCGCTGAGATTGTCAAGCGG_001,63
GCGCTGAGATTGTCAAGCGG_002,79
GCGCTGAGATTGTCAAGCGG_003,1
GCGCTGAGATTGTCAAGCGG_004,2
GCGCTGAGATTGTCAAGCGG_005,170
GCGCTGAGATTGTCAAGCGG_006,43
GCGCTGAGATTGTCAAGCGG_007,145
GCGCTGAGATTGTCAAGCGG_008,197
GCGCTGAGATTGTCAAGCGG_009,14
GCGCTGAGATTGTCAAGCGG_010,34
GCTTTGCAGCCCTTACAGTG_001,94
GCTTTGCAGCCCTTACAGTG_002,94
GCTTTGCAGCCCTTACAGTG_003,173
GCTTTGCAGCCCTTACAGTG_004,47
GCTTTGCAGCCCTTACAGTG_005,178
GCTTTGCAGCCCTTACAGTG_006,6
GCTTTGCAGCCCTTACAGTG_007,177
GCTTTGCAGCCCTTACAGTG_008,0
GCTTTGCAGCCCTTACAGTG_009,4
GCAGCCCAAGAACGACAATG_001,62
GCAGCCCAAGAACGACAATG_002,11
GCAGCCCAAGAACGACAATG_003,98
GCAGCCCAAGAACGACAATG_004,43
GCAGCCCAAGAACGACAATG_005,77
GCAGCCCAAGAACGACAATG_006,144
GATACTGTGTTTCTAGATGG_001,22
GATACTGTGTTTCTAGATGG_002,176
CTATGTGTACTAATTATGGG_001,41
CTATGTGTACTAATTATGGG_002,41
CTATGTGTACTAATTATGGG_003,60
CTATGTGTACTAATTATGGG_004,108
CTATGTGTACTAATTATGGG_005,176
CTATGTGTACTAATTATGGG_006,11
CTATGTGTACTAATTATGGG_007,27
CTATGTGTACTAATTATGGG_008,149
CTATGTGTACTAATTATGGG_009,4
TGCCACCAATACCCTTTGGA_001,78
TGCCACCAATACCCTTTGGA_002,47
TGCCACCAATACCCTTTGGA_003,22
TGCCACCAATACCCTTTGGA_004,80
TGCCACCAATACCCTTTGGA_005,103
TGCCACCAATACCCTTTGGA_006,180
TGCCACCAATACCCTTTGGA_007,15
TGCCACCAATACCCTTTGGA_008,84
TGCCACCAATACCCTTTGGA_009,40
ATGATCACGGGGGATAACAA_001,77
ATGATCACGGGGGATAACAA_002,37
ATGATCACGGGGGATAACAA_003,78
ATGATCACGGGGGATAACAA_004,34
ATGATCACGGGGGATAACAA_005,3
ATGATCACGGGGGATAACAA_006,47
ATGATCACGGGGGATAACAA_007,6
CCACCACTACTACCTCTCGG_001,189
GCGGGCGTGCATCATCCACG_001,17
GCGGGCGTGCATCATCCACG_002,87
TTGAATACCCTGTTATTGGG_001,156
TTGAATACCCTGTTATTGGG_002,3
TTGAATACCCTGTTATTGGG_003,107
TTGAATACCCTGTTATTGGG_004,40
TTGAATACCCTGTTATTGGG_005,172
TTGAATACCCTGTTATTGGG_006,61
TTGAATACCCTGTTATTGGG_007,146
TTGAATACCCTGTTATTGGG_008,181
TTGAATACCCTGTTATTGGG_009,105
TTGAATACCCTGTTATTGGG_010,163
TTGAATACCCTGTTATTGGG_011,12
TTGAATACCCTGTTATTGGG_012,61
TTGAATACCCTGTTATTGGG_013,103
TTGAATACCCTGTTATTGGG_014,149
TTGAATACCCTGTTATTGGG_015,10
GGACGTTGGCAGTAGTAAGG_001,149
GGACGTTGGCAGTAGTAAGG_002,127
GGACGTTGGCAGTAGTAAGG_003,107
GGACGTTGGCAGTAGTAAGG_004,56
GGACGTTGGCAGTAGTAAGG_005,1
GGACGTTGGCAGTAGTAAGG_006,119
GGACGTTGGCAGTAGTAAGG_007,119
GGACGTTGGCAGTAGTAAGG_008,117
GGACGTTGGCAGTAGTAAGG_009,69
GGACGTTGGCAGTAGTAAGG_010,116
GGACGTTGGCAGTAGTAAGG_011,68
GGACGTTGGCAGTAGTAAGG_012,105
GGACGTTGGCAGTAGTAAGG_013,175
GGACGTTGGCAGTAGTAAGG_014,56
GGACGTTGGCAGTAGTAAGG_015,148
GGACGTTGGCAGTAGTAAGG_016,41
GGACGTTGGCAGTAGTAAGG_017,76
GGACGTTGGCAGTAGTAAGG_018,77
GGACGTTGGCAGTAGTAAGG_019,142
GGACGTTGGCAGTAGTAAGG_020,183
CACACGTCTGTGTACTCAGT_001,19
CACACGTCTGTGTACTCAGT_002,70
CACACGTCTGTGTACTCAGT_003,137
CACACGTCTGTGTACTCAGT_004,147
CACACGTCTGTGTACTCAGT_005,108
CACACGTCTGTGTACTCAGT_006,115
GTCGTCCTGCATGACGTTTG_001,93
GTCGTCCTGCATGACGTTTG_002,147
GTCGTCCTGCATGACGTTTG_003,40
GTCGTCCTGCATGACGTTTG_004,148
GTCGTCCTGCATGACGTTTG_005,137
GTCGTCCTGCATGACGTTTG_006,158
GTCGTCCTGCATGACGTTTG_007,101
ACTTTCTTACCCAGCCCACG_001,45
ACTTTCTTACCCAGCCCACG_002,170
ACTTTCTTACCCAGCCCACG_003,94
ACTTTCTTACCCAGCCCACG_004,88
ACTTTCTTACCCAGCCCACG_005,58
ACTTTCTTACCCAGCCCACG_006,188
ACTTTCTTACCCAGCCCACG_007,27
ACTTTCTTACCCAGCCCACG_008,116
ATCTGGAGCAAACAGAATGT_001,6
ATCTGGAGCAAACAGAATGT_002,62
ATCTGGAGCAAACAGAATGT_003,3
ATCTGGAGCAAACAGAATGT_004,62
ATCTGGAGCAAACAGAATGT_005,91
ATCTGGAGCAAACAGAATGT_006,14
CTCTTCCGCCCAAACTTCCG_001,179
CTCTTCCGCCCAAACTTCCG_002,30
CTCTTCCGCCCAAACTTCCG_003,146
CTCTTCCGCCCAAACTTCCG_004,124
CTCTTCCGCCCAAACTTCCG_005,58
CTCTTCCGCCCAAACTTCCG_006,74
CTCTTCCGCCCAAACTTCCG_007,16
CTCTTCCGCCCAAACTTCCG_008,29
CTCTTCCGCCCAAACTTCCG_009,98
CTCTTCCGCCCAAACTTCCG_010,191
CTCTTCCGCCCAAACTTCCG_011,148
CTCTTCCGCCCAAACTTCCG_012,66
TCGGCTTCAACCACCGAGCT_001,51
TCGGCTTCAACCACCGAGCT_002,194
TCGGCTTCAACCACCGAGCT_003,168
TCGGCTTCAACCACCGAGCT_004,144
TCGGCTTCAACCACCGAGCT_005,43
TCGGCTTCAACCACCGAGCT_006,89
TCGGCTTCAACCACCGAGCT_007,137
TCGGCTTCAACCACCGAGCT_008,153
TTTCGTTGATCCGATTCGCA_001,15
TTTCGTTGATCCGATTCGCA_002,94
TTTCGTTGATCCGATTCGCA_003,140
TTTCGTTGATCCGATTCGCA_004,75
TTTCGTTGATCCGATTCGCA_005,69
TTTCGTTGATCCGATTCGCA_006,78
TTTCGTTGATCCGATTCGCA_007,197
TTTCGTTGATCCGATTCGCA_008,191
TTTCGTTGATCCGATTCGCA_009,48
TTTCGTTGATCCGATTCGCA_010,39
CATATTTGTCACTTCCAACG_001,132
CATATTTGTCACTTCCAACG_002,159
CATATTTGTCACTTCCAACG_003,103
CATATTTGTCACTTCCAACG_004,119
CATATTTGTCACTTCCAACG_005,194
CATATTTGTCACTTCCAACG_006,24
AAAACTACAGCAATAACCGA_001,117
AAAACTACAGCAATAACCGA_002,151
AAAACTACAGCAATAACCGA_003,62
AAAACTACAGCAATAACCGA_004,114
AAAAGTGCTTCAAATATTCG_001,147
AAGCAAACTATACCCGTCTG_001,102
AAGCAAACTATACCCGTCTG_002,171
AAGCAAACTATACCCGTCTG_003,32
AAGCAAACTATACCCGTCTG_004,163
AAGCAAACTATACCCGTCTG_005,120
AAGCAAACTATACCCGTCTG_006,17
AAGCAAACTATACCCGTCTG_007,1
AAGCAAACTATACCCGTCTG_008,19
AGAACGTAGATGAGTTACAC_001,4
AGAACGTAGATGAGTTACAC_002,49
AGAACGTAGATGAGTTACAC_003,62
AGAACGTAGATGAGTTACAC_004,101
AGAACGTAGATGAGTTACAC_005,140
AGAACGTAGATGAGTTACAC_006,82
AGAACGTAGATGAGTTACAC_007,121
AGAACGTAGATGAGTTACAC_008,116
AGAACGTAGATGAGTTACAC_009,33
AGAACGTAGATGAGTTACAC_010,88
AGAACGTAGATGAGTTACAC_011,78
TGGATGAGGATGTCCAACCG_001,137
TGGATGAGGATGTCCAACCG_002,27
TGGATGAGGATGTCCAACCG_003,84
TGTAGACGTTGGTGACTGAA_001,73
TGTAGACGTTGGTGACTGAA_002,168
TGTAGACGTTGGTGACTGAA_003,123
TGTAGACGTTGGTGACTGAA_004,94
TGTAGACGTTGGTGACTGAA_005,81
TGTAGACGTTGGTGACTGAA_006,187
TGTAGACGTTGGTGACTGAA_007,187
TGTAGACGTTGGTGACTGAA_008,168
TGTAGACGTTGGTGACTGAA_009,136
ACCACAATTAGTCTGCAGAT_001,14
ACCACAATTAGTCTGCAGAT_002,153
ACCACAATTAGTCTGCAGAT_003,172
ACCACAATTAGTCTGCAGAT_004,159
ACCACAATTAGTCTGCAGAT_005,53
ACCACAATTAGTCTGCAGAT_006,128
ACCACAATTAGTCTGCAGAT_007,154
ACCACAATTAGTCTGCAGAT_008,74
ACCACAATTAGTCTGCAGAT_009,168
ACCACAATTAGTCTGCAGAT_010,115
ACGGTCCCAGTCAACGACAT_001,199
ACGGTCCCAGTCAACGACAT_002,50
ACGGTCCCAGTCAACGACAT_003,112
ACGGTCCCAGTCAACGACAT_004,78
ACGGTCCCAGTCAACGACAT_005,174
ACGGTCCCAGTCAACGACAT_006,113
ACGGTCCCAGTCAACGACAT_007,116
ACGGTCCCAGTCAACGACAT_008,48
ACGGTCCCAGTCAACGACAT_009,19
ACGGTCCCAGTCAACGACAT_010,188
ACGGTCCCAGTCAACGACAT_011,69
ACGGTCCCAGTCAACGACAT_012,159
ACGGTCCCAGTCAACGACAT_013,168
ACGGTCCCAGTCAACGACAT_014,113
ACGGTCCCAGTCAACGACAT_015,25
ACGGTCCCAGTCAACGACAT_016,186
ACGGTCCCAGTCAACGACAT_017,45
ACGGTCCCAGTCAACGACAT_018,12
ACGGTCCCAGTCAACGACAT_019,129
ACGGTCCCAGTCAACGACAT_020,127
ACGGTCCCAGTCAACGACAT_021,98
ACGGTCCCAGTCAACGACAT_022,76
ACGGTCCCAGTCAACGACAT_023,188
ACGGTCCCAGTCAACGACAT_024,149
ACGGTCCCAGTCAACGACAT_025,2
ACGGTCCCAGTCAACGACAT_026,9
ACGGTCCCAGTCAACGACAT_027,15
ACGGTCCCAGTCAACGACAT_028,127
ACGGTCCCAGTCAACGACAT_029,69
ACGGTCCCAGTCAACGACAT_030,68
ACGGTCCCAGTCAACGACAT_031,9
AGAATACAATGATTGCTGCG_001,9
AGAATACAATGATTGCTGCG_002,44
CCTTTACCAAGAACTACGTG_001,173
CCTTTACCAAGAACTACGTG_002,157
CCTTTACCAAGAACTACGTG_003,133
CCTTTACCAAGAACTACGTG_004,134
CCTTTACCAAGAACTACGTG_005,1
CCTTTACCAAGAACTACGTG_006,2
CCTTTACCAAGAACTACGTG_007,116
CCTTTACCAAGAACTACGTG_008,62
CCTTTACCAAGAACTACGTG_009,142
CCTTTACCAAGAACTACGTG_010,168
CCTTTACCAAGAACTACGTG_011,90
CCTTTACCAAGAACTACGTG_012,165
CCTTTACCAAGAACTACGTG_013,22
CCTTTACCAAGAACTACGTG_014,147
CCTTTACCAAGAACTACGTG_015,28
CCTTTACCAAGAACTACGTG_016,156
CCTTTACCAAGAACTACGTG_017,146
CCTTTACCAAGAACTACGTG_018,12
CCTTTACCAAGAACTACGTG_019,52
CCTTTACCAAGAACTACGTG_020,179
CCTTTACCAAGAACTACGTG_021,9
CCTTTACCAAGAACTACGTG_022,15
CCTTTACCAAGAACTACGTG_023,113
CCTTTACCAAGAACTACGTG_024,116
CCTTTACCAAGAACTACGTG_025,175
CCTTTACCAAGAACTACGTG_026,116
CTGGATAACAAAGCCGACGT_001,178
CTGGATAACAAAGCCGACGT_002,58
CTGGATAACAAAGCCGACGT_003,78
CTGGATAACAAAGCCGACGT_004,154
CTGGATAACAAAGCCGACGT_005,22
CTGGATAACAAAGCCGACGT_006,182
CTGGATAACAAAGCCGACGT_007,177
CTGGATAACAAAGCCGACGT_008,166
CTGGATAACAAAGCCGACGT_009,56
CTGGATAACAAAGCCGACGT_010,7
CTGGATAACAAAGCCGACGT_011,7
CTGGATAACAAAGCCGACGT_012,141
CTGGATAACAAAGCCGACGT_013,122
CTGGATAACAAAGCCGACGT_014,25
CTGGATAACAAAGCCGACGT_015,144
CTTGGGATGATTATAACGGG_001,10
ACACCAGGGTGGGTGCACGG_001,117
ACACCAGGGTGGGTGCACGG_002,2
ACACCAGGGTGGGTGCACGG_003,29
ACACCAGGGTGGGTGCACGG_004,54
ACACCAGGGTGGGTGCACGG_005,81
ACACCAGGGTGGGTGCACGG_006,126
ACACCAGGGTGGGTGCACGG_007,149
ACACCAGGGTGGGTGCACGG_008,72
ACACCAGGGTGGGTGCACGG_009,96
ACACCAGGGTGGGTGCACGG_010,91
ACACCAGGGTGGGTGCACGG_011,106
ACACCAGGGTGGGTGCACGG_012,128
ACACCAGGGTGGGTGCACGG_013,58
ACACCAGGGTGGGTGCACGG_014,185
ACACCAGGGTGGGTGCACGG_015,33
ACACCAGGGTGGGTGCACGG_016,181
ACACCAGGGTGGGTGCACGG_017,118
ACACCAGGGTGGGTGCACGG_018,33
ACACCAGGGTGGGTGCACGG_019,60
ACACCAGGGTGGGTGCACGG_020,183
ACACCAGGGTGGGTGCACGG_021,88
ACACCAGGGTGGGTGCACGG_022,139
ACACCAGGGTGGGTGCACGG_023,197
ACACCAGGGTGGGTGCACGG_024,164
ACACCAGGGTGGGTGCACGG_025,74
ACACCAGGGTGGGTGCACGG_026,115
ACACCAGGGTGGGTGCACGG_027,77
ACACCAGGGTGGGTGCACGG_028,180
ACACCAGGGTGGGTGCACGG_029,17
ACACCAGGGTGGGTGCACGG_030,199
ACACCAGGGTGGGTGCACGG_031,168
ACACCAGGGTGGGTGCACGG_032,58
ACACCAGGGTGGGTGCACGG_033,187
ACACCAGGGTGGGTGCACGG_034,187
ACACCAGGGTGGGTGCACGG_035,71
ACACCAGGGTGGGTGCACGG_036,29
ACACCAGGGTGGGTGCACGG_037,24
ACACCAGGGTGGGTGCACGG_038,194
ACACCAGGGTGGGTGCACGG_039,41
ACACCAGGGTGGGTGCACGG_040,60
ACACCAGGGTGGGTGCACGG_041,105
ACACCAGGGTGGGTGCACGG_042,86
ACACCAGGGTGGGTGCACGG_043,11
ACACCAGGGTGGGTGCACGG_044,179
ACACCAGGGTGGGTGCACGG_045,96
ACACCAGGGTGGGTGCACGG_046,174
ACACCAGGGTGGGTGCACGG_047,130
ACACCAGGGTGGGTGCACGG_048,159
ACACCAGGGTGGGTGCACGG_049,175
ACACCAGGGTGGGTGCACGG_050,187
ACACCAGGGTGGGTGCACGG_051,137
ACACCAGGGTGGGTGCACGG_052,46
ACACCAGGGTGGGTGCACGG_053,152
ACATCCGCCACGTTACAGGT_001,118
ACATCCGCCACGTTACAGGT_002,77
ACATCCGCCACGTTACAGGT_003,74
ACATCCGCCACGTTACAGGT_004,24
ACATCCGCCACGTTACAGGT_005,82
ACATCCGCCACGTTACAGGT_006,108
ACATCCGCCACGTTACAGGT_007,78
ACATCCGCCACGTTACAGGT_008,170
ACATCCGCCACGTTACAGGT_009,7
ACATCCGCCACGTTACAGGT_010,39
ACATCCGCCACGTTACAGGT_011,115
ACATCCGCCACGTTACAGGT_012,63
CTGGTACTCTGTGGTCAACG_001,24
CTGGTACTCTGTGGTCAACG_002,11
CTGGTACTCTGTGGTCAACG_003,25
CTGGTACTCTGTGGTCAACG_004,43
CTGGTACTCTGTGGTCAACG_005,177
CTGGTACTCTGTGGTCAACG_006,94
CTGGTACTCTGTGGTCAACG_007,21
CTGGTACTCTGTGGTCAACG_008,73
CTGGTACTCTGTGGTCAACG_009,58
CTGGTACTCTGTGGTCAACG_010,48
CTGGTACTCTGTGGTCAACG_011,73
CTGGTACTCTGTGGTCAACG_012,133
CTGGTACTCTGTGGTCAACG_013,1
CTGGTACTCTGTGGTCAACG_014,199
CTGGTACTCTGTGGTCAACG_015,100
CTGGTACTCTGTGGTCAACG_016,134
CTGGTACTCTGTGGTCAACG_017,174
CTGGTACTCTGTGGTCAACG_018,121
CTGGTACTCTGTGGTCAACG_019,33
TATAGTCATGATCAAGACCA_001,40
TATAGTCATGATCAAGACCA_002,102
TATAGTCATGATCAAGACCA_003,51
TATAGTCATGATCAAGACCA_004,101
TATAGTCATGATCAAGACCA_005,112
TATAGTCATGATCAAGACCA_006,102
TATAGTCATGATCAAGACCA_007,109
TATAGTCATGATCAAGACCA_008,109
TATATATTTCAGTCCTACTG_001,191
TATATATTTCAGTCCTACTG_002,1
TATATATTTCAGTCCTACTG_003,184
TATATATTTCAGTCCTACTG_004,68
TATATATTTCAGTCCTACTG_005,49
TATATATTTCAGTCCTACTG_006,54
CCATGTAACAATACAGAAAG_001,147
CCATGTAACAATACAGAAAG_002,4
ACCCAACAGTAACTTGGACA_001,119
ACCCAACAGTAACTTGGACA_002,86
ACCCAACAGTAACTTGGACA_003,180
CCAGATGACGTGTACTACTG_001,49
CCAGATGACGTGTACTACTG_002,53
CCAGATGACGTGTACTACTG_003,113
TGGCAGAGATCACCAAACTG_001,152
TGGCAGAGATCACCAAACTG_002,42
TGGCAGAGATCACCAAACTG_003,143
TGGCAGAGATCACCAAACTG_004,192
TGGCAGAGATCACCAAACTG_005,54
TGGCAGAGATCACCAAACTG_006,56
TGGCAGAGATCACCAAACTG_007,149
TGGCAGAGATCACCAAACTG_008,150
TGGCAGAGATCACCAAACTG_009,58
TGGCAGAGATCACCAAACTG_010,112
TGGCAGAGATCACCAAACTG_011,19
TGGCAGAGATCACCAAACTG_012,183
TGGCAGAGATCACCAAACTG_013,182
TGGCAGAGATCACCAAACTG_014,110
CCCACTTCCGTAGCGCCAGG_001,26
CCCACTTCCGTAGCGCCAGG_002,94
CCCACTTCCGTAGCGCCAGG_003,78
TGGTGTTGCCAGACGAACGG_001,97
TGGTGTTGCCAGACGAACGG_002,102
TGGTGTTGCCAGACGAACGG_003,181
TGGTGTTGCCAGACGAACGG_004,194
TGGTGTTGCCAGACGAACGG_005,93
TGGTGTTGCCAGACGAACGG_006,155
TGGTGTTGCCAGACGAACGG_007,155
TGGTGTTGCCAGACGAACGG_008,119
TGGTGTTGCCAGACGAACGG_009,187
TGGTGTTGCCAGACGAACGG_010,145
TGGTGTTGCCAGACGAACGG_011,103
TGGTGTTGCCAGACGAACGG_012,31
TGGTGTTGCCAGACGAACGG_013,131
TGGTGTTGCCAGACGAACGG_014,184
TGGTGTTGCCAGACGAACGG_015,191
TGGTGTTGCCAGACGAACGG_016,104
TGGTGTTGCCAGACGAACGG_017,178
CCAGCAGCTCGCTCACGCCG_001,192
CCAGCAGCTCGCTCACGCCG_002,8
CCAGCAGCTCGCTCACGCCG_003,47
CCAGCAGCTCGCTCACGCCG_004,175
CCAGCAGCTCGCTCACGCCG_005,125
CCAGCAGCTCGCTCACGCCG_006,153
CCAGCAGCTCGCTCACGCCG_007,9
CCAGCAGCTCGCTCACGCCG_008,157
CCAGCAGCTCGCTCACGCCG_009,12
CCAGCAGCTCGCTCACGCCG_010,107
CCAGCAGCTCGCTCACGCCG_011,127
CCAGCAGCTCGCTCACGCCG_012,141
CCAGCAGCTCGCTCACGCCG_013,174
CCAGCAGCTCGCTCACGCCG_014,16
CCAGCAGCTCGCTCACGCCG_015,23
CCAGCAGCTCGCTCACGCCG_016,159
CCAGCAGCTCGCTCACGCCG_017,42
CCAGCAGCTCGCTCACGCCG_018,191
CCAGCAGCTCGCTCACGCCG_019,127
CCAGCAGCTCGCTCACGCCG_020,182
CCAGCAGCTCGCTCACGCCG_021,188
CCAGCAGCTCGCTCACGCCG_022,160
CCAGCAGCTCGCTCACGCCG_023,155
AAGCGCTCCCTCTACCGGCG_001,151
AAGCGCTCCCTCTACCGGCG_002,40
AAGCGCTCCCTCTACCGGCG_003,148
AAGCGCTCCCTCTACCGGCG_004,83
AAGCGCTCCCTCTACCGGCG_005,81
AAGCGCTCCCTCTACCGGCG_006,57
AAGCGCTCCCTCTACCGGCG_007,194
AAGCGCTCCCTCTACCGGCG_008,29
AAGCGCTCCCTCTACCGGCG_009,160
AAGCGCTCCCTCTACCGGCG_010,168
AAGCGCTCCCTCTACCGGCG_011,35
AAGCGCTCCCTCTACCGGCG_012,137
AAGCGCTCCCTCTACCGGCG_013,103
AAGCGCTCCCTCTACCGGCG_014,103
CAGCATGGTCCAAGCCCATG_001,88
CAGCATGGTCCAAGCCCATG_002,130
CAGCATGGTCCAAGCCCATG_003,15
CAGCATGGTCCAAGCCCATG_004,193
CAGCATGGTCCAAGCCCATG_005,189
CAGCATGGTCCAAGCCCATG_006,190
CAGCATGGTCCAAGCCCATG_007,199
CAGCATGGTCCAAGCCCATG_008,93
CAGCATGGTCCAAGCCCATG_009,188
CAGCATGGTCCAAGCCCATG_010,164
CAGCATGGTCCAAGCCCATG_011,71
CAGCATGGTCCAAGCCCATG_012,91
CAGCATGGTCCAAGCCCATG_013,111
CAGCATGGTCCAAGCCCATG_014,15
CAGCATGGTCCAAGCCCATG_015,192
CAGCATGGTCCAAGCCCATG_016,0
CAGCATGGTCCAAGCCCATG_017,188
CAGCATGGTCCAAGCCCATG_018,165
CAGCATGGTCCAAGCCCATG_019,168
CAGCATGGTCCAAGCCCATG_020,162
CAGCATGGTCCAAGCCCATG_021,195
CAGCATGGTCCAAGCCCATG_022,29
CAGCATGGTCCAAGCCCATG_023,174
CAGCATGGTCCAAGCCCATG_024,53
CAGCATGGTCCAAGCCCATG_025,121
CAGCATGGTCCAAGCCCATG_026,136
CAGCATGGTCCAAGCCCATG_027,124
CAGCATGGTCCAAGCCCATG_028,160
CAGCATGGTCCAAGCCCATG_029,174
CAGCATGGTCCAAGCCCATG_030,16
CAGCATGGTCCAAGCCCATG_031,68
CAGCATGGTCCAAGCCCATG_032,192
TCATCGGGCCAACTATGCAA_001,147
TCATCGGGCCAACTATGCAA_002,162
TCATCGGGCCAACTATGCAA_003,166
TCATCGGGCCAACTATGCAA_004,153
TCATCGGGCCAACTATGCAA_005,138
TCATCGGGCCAACTATGCAA_006,37
TCATCGGGCCAACTATGCAA_007,125
TCATCGGGCCAACTATGCAA_008,1
TCATCGGGCCAACTATGCAA_009,98
TCATCGGGCCAACTATGCAA_010,8
TCATCGGGCCAACTATGCAA_011,150
TCATCGGGCCAACTATGCAA_012,5
TCATCGGGCCAACTATGCAA_013,9
TCATCGGGCCAACTATGCAA_014,16
TCATCGGGCCAACTATGCAA_015,191
TCATCGGGCCAACTATGCAA_016,47
CCCAGCGCATCCGGCGACAC_001,177
CCCAGCGCATCCGGCGACAC_002,154
CCCAGCGCATCCGGCGACAC_003,172
CCCAGCGCATCCGGCGACAC_004,62
CCCAGCGCATCCGGCGACAC_005,85
CCCAGCGCATCCGGCGACAC_006,156
CCCAGCGCATCCGGCGACAC_007,27
CCCAGCGCATCCGGCGACAC_008,138
CCCAGCGCATCCGGCGACAC_009,33
CCCAGCGCATCCGGCGACAC_010,156
CCCAGCGCATCCGGCGACAC_011,160
CCCAGCGCATCCGGCGACAC_012,96
CCCAGCGCATCCGGCGACAC_013,81
CCCAGCGCATCCGGCGACAC_014,150
CCCAGCGCATCCGGCGACAC_015,59
CCCAGCGCATCCGGCGACAC_016,177
CCCAGCGCATCCGGCGACAC_017,185
CCCAGCGCATCCGGCGACAC_018,103
CCCAGCGCATCCGGCGACAC_019,46
GTTATGTCTTCAATTCCCGA_001,179
GTTATGTCTTCAATTCCCGA_002,23
GTTATGTCTTCAATTCCCGA_003,136
TGTGCCCTGGCGGTTCTCGG_001,188
TGTGCCCTGGCGGTTCTCGG_002,44
TGTGCCCTGGCGGTTCTCGG_003,126
TGTGCCCTGGCGGTTCTCGG_004,133
TGTGCCCTGGCGGTTCTCGG_005,146
TGTGCCCTGGCGGTTCTCGG_006,116
TGTGCCCTGGCGGTTCTCGG_007,16
TGTGCCCTGGCGGTTCTCGG_008,16
TGTGCCCTGGCGGTTCTCGG_009,57
TGTGCCCTGGCGGTTCTCGG_010,172
TGTGCCCTGGCGGTTCTCGG_011,119
TGTGCCCTGGCGGTTCTCGG_012,103
AAGTCAAGCGGGCCACCGAG_001,158
AAGTCAAGCGGGCCACCGAG_002,137
AAGTCAAGCGGGCCACCGAG_003,126
AAGTCAAGCGGGCCACCGAG_004,157
AAGTCAAGCGGGCCACCGAG_005,193
AAGTCAAGCGGGCCACCGAG_006,29
AAGTCAAGCGGGCCACCGAG_007,95
AAGTCAAGCGGGCCACCGAG_008,181
AAGTCAAGCGGGCCACCGAG_009,87
AAGTCAAGCGGGCCACCGAG_010,156
AAGTCAAGCGGGCCACCGAG_011,28
AAGTCAAGCGGGCCACCGAG_012,116
AAGTCAAGCGGGCCACCGAG_013,17
AAGTCAAGCGGGCCACCGAG_014,170
AAGTCAAGCGGGCCACCGAG_015,113
AAGTCAAGCGGGCCACCGAG_016,134
AAGTCAAGCGGGCCACCGAG_017,13
AAGTCAAGCGGGCCACCGAG_018,83
AAGTCAAGCGGGCCACCGAG_019,179
AAGTCAAGCGGGCCACCGAG_020,78
AAGTCAAGCGGGCCACCGAG_021,93
AAGTCAAGCGGGCCACCGAG_022,129
AAGTCAAGCGGGCCACCGAG_023,162
AAGTCAAGCGGGCCACCGAG_024,7
AAGTCAAGCGGGCCACCGAG_025,169
AAGTCAAGCGGGCCACCGAG_026,8
AAGTCAAGCGGGCCACCGAG_027,28
AAGTCAAGCGGGCCACCGAG_028,188
AAGTCAAGCGGGCCACCGAG_029,104
AAGTCAAGCGGGCCACCGAG_030,117
AAGTCAAGCGGGCCACCGAG_031,163
AAGTCAAGCGGGCCACCGAG_032,32
AAGTCAAGCGGGCCACCGAG_033,54
AAGTCAAGCGGGCCACCGAG_034,160
AAGTCAAGCGGGCCACCGAG_035,113
AAGTCAAGCGGGCCACCGAG_036,64
AAGTCAAGCGGGCCACCGAG_037,170
AAGTCAAGCGGGCCACCGAG_038,63
AAGTCAAGCGGGCCACCGAG_039,81
AAGTCAAGCGGGCCACCGAG_040,121
AAGTCAAGCGGGCCACCGAG_041,98
AAGTCAAGCGGGCCACCGAG_042,199
AAGTCAAGCGGGCCACCGAG_043,30
AAGTCAAGCGGGCCACCGAG_044,72
AAGTCAAGCGGGCCACCGAG_045,36
AAGTCAAGCGGGCCACCGAG_046,9
AAGTCAAGCGGGCCACCGAG_047,52
AAGTCAAGCGGGCCACCGAG_048,9
AAGTCAAGCGGGCCACCGAG_049,50
ATGGCATCAGACTTTCTGCG_001,83
ATGGCATCAGACTTTCTGCG_002,188
ATGGCATCAGACTTTCTGCG_003,30
ATGGCATCAGACTTTCTGCG_004,160
TAGCCCTCGCTGTCTACATG_001,80
TAGCCCTCGCTGTCTACATG_002,34
TAGCCCTCGCTGTCTACATG_003,47
TAGCCCTCGCTGTCTACATG_004,172
TAGCCCTCGCTGTCTACATG_005,6
TAGCCCTCGCTGTCTACATG_006,45
TAGCCCTCGCTGTCTACATG_007,58
CAAGAATCTACTGCGCATGA_001,166
CAGGGCTTATACTCCTGTCT_001,20
CCTTCATTGTCTCGGCACTG_001,194
CCTTCATTGTCTCGGCACTG_002,178
CCTTCATTGTCTCGGCACTG_003,6
CCTTCATTGTCTCGGCACTG_004,178
CCTATGTTGCTGGTTAACAT_001,62
CCTATGTTGCTGGTTAACAT_002,198
CCTATGTTGCTGGTTAACAT_003,104
CCTATGTTGCTGGTTAACAT_004,4
CCTATGTTGCTGGTTAACAT_005,0
CCTATGTTGCTGGTTAACAT_006,115
CCTATGTTGCTGGTTAACAT_007,149
CCTATGTTGCTGGTTAACAT_008,147
CCTATGTTGCTGGTTAACAT_009,168
CCTATGTTGCTGGTTAACAT_010,155
CCTATGTTGCTGGTTAACAT_011,15
CCTATGTTGCTGGTTAACAT_012,140
CCTATGTTGCTGGTTAACAT_013,112
CCTTTGTGAAATAAGCCAGG_001,134
CCTTTGTGAAATAAGCCAGG_002,104
CCTTTGTGAAATAAGCCAGG_003,0
CCTTTGTGAAATAAGCCAGG_004,108
CCTTTGTGAAATAAGCCAGG_005,125
CCTTTGTGAAATAAGCCAGG_006,36
CCTTTGTGAAATAAGCCAGG_007,153
GGAGGATGGCAAGTGGTATG_001,80
GGAGGATGGCAAGTGGTATG_002,198
GGAGGATGGCAAGTGGTATG_003,28
GGCCGAATCCGTGCTCACCG_001,69
GGCCGAATCCGTGCTCACCG_002,183
TACAAAAAATTTGTGCAGGA_001,105
TACAAAAAATTTGTGCAGGA_002,199
TACAAAAAATTTGTGCAGGA_003,198
TCTGGTCACAGCGATTGAAC_001,165
TCTGGTCACAGCGATTGAAC_002,166
TCTGGTCACAGCGATTGAAC_003,68
TCTGGTCACAGCGATTGAAC_004,118
TCTGGTCACAGCGATTGAAC_005,118
TCTGGTCACAGCGATTGAAC_006,39
TCTGGTCACAGCGATTGAAC_007,78
TCTGGTCACAGCGATTGAAC_008,173
TCTGGTCACAGCGATTGAAC_009,118
GGCTTGGCCAAACCTCTCCA_001,72
GGCTTGGCCAAACCTCTCCA_002,49
GGCTTGGCCAAACCTCTCCA_003,127
GGCTTGGCCAAACCTCTCCA_004,40
GGCTTGGCCAAACCTCTCCA_005,158
ACCTGGTAGAAAGAGCACAG_001,130
ACCTGGTAGAAAGAGCACAG_002,104
ACCTGGTAGAAAGAGCACAG_003,194
ACCTGGTAGAAAGAGCACAG_004,162
ACCTGGTAGAAAGAGCACAG_005,86
ACCTGGTAGAAAGAGCACAG_006,152
ACCTGGTAGAAAGAGCACAG_007,60
ACCTGGTAGAAAGAGCACAG_008,92
ACCTGGTAGAAAGAGCACAG_009,168
ACCTGGTAGAAAGAGCACAG_010,116
ACCTGGTAGAAAGAGCACAG_011,159
ACCTGGTAGAAAGAGCACAG_012,73
ACCTGGTAGAAAGAGCACAG_013,176
ACCTGGTAGAAAGAGCACAG_014,63
ACCTGGTAGAAAGAGCACAG_015,121
ATCCACAAACGACTGTGAGA_001,43
ATCCACAAACGACTGTGAGA_002,138
ATCCACAAACGACTGTGAGA_003,102
ATCCACAAACGACTGTGAGA_004,55
ATCCACAAACGACTGTGAGA_005,121
ATCCACAAACGACTGTGAGA_006,172
ATCCACAAACGACTGTGAGA_007,170
ATCCACAAACGACTGTGAGA_008,175
ATCCACAAACGACTGTGAGA_009,148
ATCCACAAACGACTGTGAGA_010,170
ATCCACAAACGACTGTGAGA_011,86
ATCCACAAACGACTGTGAGA_012,9
ATCCACAAACGACTGTGAGA_013,185
ATCCACAAACGACTGTGAGA_014,163
ATCCACAAACGACTGTGAGA_015,170
ATCCACAAACGACTGTGAGA_016,107
ATCCACAAACGACTGTGAGA_017,74
ATCCACAAACGACTGTGAGA_018,8
ATCCACAAACGACTGTGAGA_019,129
CCAATGCAAATAGTGGCCCT_001,1
CACGCACAACTAAACTGTCA_001,126
CACGCACAACTAAACTGTCA_002,108
CACGCACAACTAAACTGTCA_003,121
CACGCACAACTAAACTGTCA_004,69
CACGCACAACTAAACTGTCA_005,1
CACGCACAACTAAACTGTCA_006,176
GCACTAATAGGCTGTCCACC_001,185
GCACTAATAGGCTGTCCACC_002,94
GCACTAATAGGCTGTCCACC_003,35
GCACTAATAGGCTGTCCACC_004,174
GCACTAATAGGCTGTCCACC_005,15
GCACTAATAGGCTGTCCACC_006,58
GCACTAATAGGCTGTCCACC_007,119
GCACTAATAGGCTGTCCACC_008,26
GCACTAATAGGCTGTCCACC_009,83
GCACTAATAGGCTGTCCACC_010,0
GCACTAATAGGCTGTCCACC_011,27
GCAGCAGGTCTACAACCACT_001,48
GCAGCAGGTCTACAACCACT_002,26
GCAGCAGGTCTACAACCACT_003,84
GCAGCAGGTCTACAACCACT_004,160
GCAGCAGGTCTACAACCACT_005,99
GGGAGTTCTACCACTACCGG_001,191
GGGAGTTCTACCACTACCGG_002,70
GGGAGTTCTACCACTACCGG_003,29
GGGAGTTCTACCACTACCGG_004,50
GGGAGTTCTACCACTACCGG_005,38
GGGAGTTCTACCACTACCGG_006,92
GGGAGTTCTACCACTACCGG_007,89
GGGAGTTCTACCACTACCGG_008,84
GGGAGTTCTACCACTACCGG_009,177
GGGAGTTCTACCACTACCGG_010,12
GGGAGTTCTACCACTACCGG_011,28
CGTGTGGTAGGCGAACATGT_001,104
CGTGTGGTAGGCGAACATGT_002,119
CGTGTGGTAGGCGAACATGT_003,118
AAAAGTTTGGAAGCTACACT_001,181
AAAAGTTTGGAAGCTACACT_002,54
AAAAGTTTGGAAGCTACACT_003,154
AAAAGTTTGGAAGCTACACT_004,150
AAAAGTTTGGAAGCTACACT_005,126
AAAAGTTTGGAAGCTACACT_006,7
AAAAGTTTGGAAGCTACACT_007,128
AAAAGTTTGGAAGCTACACT_008,174
AAAAGTTTGGAAGCTACACT_009,13
AAAAGTTTGGAAGCTACACT_010,117
AAAAGTTTGGAAGCTACACT_011,116
AAAAGTTTGGAAGCTACACT_012,57
CTCCTCGACTTCTTCGCCCA_001,130
CTCCTCGACTTCTTCGCCCA_002,29
CTCCTCGACTTCTTCGCCCA_003,178
CTCCTCGACTTCTTCGCCCA_004,166
CTCCTCGACTTCTTCGCCCA_005,5
GGAAGTCGGACTGGCCATTG_001,48
GGAAGTCGGACTGGCCATTG_002,83
GGAAGTCGGACTGGCCATTG_003,0
GGAAGTCGGACTGGCCATTG_004,115
GGAAGTCGGACTGGCCATTG_005,66
GGAAGTCGGACTGGCCATTG_006,8
GGAAGTCGGACTGGCCATTG_007,65
GGAAGTCGGACTGGCCATTG_008,133
GGAAGTCGGACTGGCCATTG_009,61
GGAAGTCGGACTGGCCATTG_010,130
GGAAGTCGGACTGGCCATTG_011,144
GGAAGTCGGACTGGCCATTG_012,26
GGAAGTCGGACTGGCCATTG_013,76
GGAAGTCGGACTGGCCATTG_014,110
GGAAGTCGGACTGGCCATTG_015,93
GGAAGTCGGACTGGCCATTG_016,5
GGAAGTCGGACTGGCCATTG_017,175
GGAAGTCGGACTGGCCATTG_018,112
GGAAGTCGGACTGGCCATTG_019,6
GGAAGTCGGACTGGCCATTG_020,148
GGAAGTCGGACTGGCCATTG_021,151
GGAAGTCGGACTGGCCATTG_022,50
GGAAGTCGGACTGGCCATTG_023,169
GGAAGTCGGACTGGCCATTG_024,48
GGAAGTCGGACTGGCCATTG_025,55
GGAAGTCGGACTGGCCATTG_026,170
GGAAGTCGGACTGGCCATTG_027,96
GGAAGTCGGACTGGCCATTG_028,28
GGAAGTCGGACTGGCCATTG_029,175
GGAAGTCGGACTGGCCATTG_030,56
GGAAGTCGGACTGGCCATTG_031,66
GGAAGTCGGACTGGCCATTG_032,61
GGAAGTCGGACTGGCCATTG_033,197
GGAAGTCGGACTGGCCATTG_034,132
TGGAAGGGGGCACTTAGCGA_001,133
TGGAAGGGGGCACTTAGCGA_002,108
TGGAAGGGGGCACTTAGCGA_003,120
TGGAAGGGGGCACTTAGCGA_004,38
TGGAAGGGGGCACTTAGCGA_005,189
TGGAAGGGGGCACTTAGCGA_006,102
TGGAAGGGGGCACTTAGCGA_007,43
TGGAAGGGGGCACTTAGCGA_008,188
TGGAAGGGGGCACTTAGCGA_009,150
TGGAAGGGGGCACTTAGCGA_010,149
TGGAAGGGGGCACTTAGCGA_011,17
TGGAAGGGGGCACTTAGCGA_012,49
TGGAAGGGGGCACTTAGCGA_013,50
TGGAAGGGGGCACTTAGCGA_014,90
TTACCACAGATGACCTCACA_001,96
TTACCACAGATGACCTCACA_002,42
TTACCACAGATGACCTCACA_003,43
GGTGGTGGTTCCCTGTAACG_001,58
GGTGGTGGTTCCCTGTAACG_002,197
GGTGGTGGTTCCCTGTAACG_003,147
GGTGGTGGTTCCCTGTAACG_004,97
GGTGGTGGTTCCCTGTAACG_005,38
GGTGGTGGTTCCCTGTAACG_006,170
GGTGGTGGTTCCCTGTAACG_007,49
GGTGGTGGTTCCCTGTAACG_008,28
TGCAGCAACAGAATAGCGAC_001,153
TGCAGCAACAGAATAGCGAC_002,117
TGCAGCAACAGAATAGCGAC_003,120
TGCAGCAACAGAATAGCGAC_004,22
GAAACATTTCACATGTGTGT_001,35
GAAACATTTCACATGTGTGT_002,72
GAAACATTTCACATGTGTGT_003,37
GAAACATTTCACATGTGTGT_004,133
CGGCCGCATCCTGTTATATT_001,189
CGGCCGCATCCTGTTATATT_002,49
TGAATCCAGGACGATGCCTG_001,184
TGAATCCAGGACGATGCCTG_002,121
TGAATCCAGGACGATGCCTG_003,172
TGAATCCAGGACGATGCCTG_004,102
TGAATCCAGGACGATGCCTG_005,16
TGAATCCAGGACGATGCCTG_006,115
TGAATCCAGGACGATGCCTG_007,115
TGAATCCAGGACGATGCCTG_008,53
TGAATCCAGGACGATGCCTG_009,103
TGAATCCAGGACGATGCCTG_010,76
TGAATCCAGGACGATGCCTG_011,125
TGAATCCAGGACGATGCCTG_012,111
TGAATCCAGGACGATGCCTG_013,103
TGAATCCAGGACGATGCCTG_014,121
TGAATCCAGGACGATGCCTG_015,194
TGAATCCAGGACGATGCCTG_016,4
TGAATCCAGGACGATGCCTG_017,102
TGAATCCAGGACGATGCCTG_018,81
TGAATCCAGGACGATGCCTG_019,12
TGAATCCAGGACGATGCCTG_020,16
TGAATCCAGGACGATGCCTG_021,176
TGAATCCAGGACGATGCCTG_022,146
TGAATCCAGGACGATGCCTG_023,1
TGAATCCAGGACGATGCCTG_024,163
TGAATCCAGGACGATGCCTG_025,34
TGAATCCAGGACGATGCCTG_026,116
TGAATCCAGGACGATGCCTG_027,115
TGAATCCAGGACGATGCCTG_028,68
TGAATCCAGGACGATGCCTG_029,142
TGAATCCAGGACGATGCCTG_030,127
TGAATCCAGGACGATGCCTG_031,81
TGAATCCAGGACGATGCCTG_032,63
AAAAGGAATAAGTAAAACAA_001,151
AAAAGGAATAAGTAAAACAA_002,28
AAAAGGAATAAGTAAAACAA_003,197
AGTATGGTAGCTTGGACTTG_001,17
AGTATGGTAGCTTGGACTTG_002,141
AGTATGGTAGCTTGGACTTG_003,57
AGTATGGTAGCTTGGACTTG_004,28
AGTATGGTAGCTTGGACTTG_005,81
AGTATGGTAGCTTGGACTTG_006,94
AGTATGGTAGCTTGGACTTG_007,69
AATGAGTTGCTGCGCGATGA_001,78
AATGAGTTGCTGCGCGATGA_002,7
AATGAGTTGCTGCGCGATGA_003,4
AATGAGTTGCTGCGCGATGA_004,37
AATGAGTTGCTGCGCGATGA_005,147
AATGAGTTGCTGCGCGATGA_006,126
AATGAGTTGCTGCGCGATGA_007,157
AATGAGTTGCTGCGCGATGA_008,192
CTTCGTCCACCGGATCCAGG_001,133
CTTCGTCCACCGGATCCAGG_002,157
CTTCGTCCACCGGATCCAGG_003,119
CTTCGTCCACCGGATCCAGG_004,127
CTTCGTCCACCGGATCCAGG_005,160
CTTCGTCCACCGGATCCAGG_006,181
CTTCGTCCACCGGATCCAGG_007,152
CTTCGTCCACCGGATCCAGG_008,21
CTTCGTCCACCGGATCCAGG_009,192
CTTCGTCCACCGGATCCAGG_010,48
CTTCGTCCACCGGATCCAGG_011,30
CTTCGTCCACCGGATCCAGG_012,183
CTTCGTCCACCGGATCCAGG_013,155
CTTCGTCCACCGGATCCAGG_014,68
CTTCGTCCACCGGATCCAGG_015,94
CTTCGTCCACCGGATCCAGG_016,83
CTTCGTCCACCGGATCCAGG_017,127
CTTCGTCCACCGGATCCAGG_018,147
CTTCGTCCACCGGATCCAGG_019,94
CTTCGTCCACCGGATCCAGG_020,16
CTTCGTCCACCGGATCCAGG_021,185
CTTCGTCCACCGGATCCAGG_022,28
CTTCGTCCACCGGATCCAGG_023,114
CTTCGTCCACCGGATCCAGG_024,114
CTTCGTCCACCGGATCCAGG_025,120
CTTCGTCCACCGGATCCAGG_026,55
CTTCGTCCACCGGATCCAGG_027,156
CTTCGTCCACCGGATCCAGG_028,121
CTTCGTCCACCGGATCCAGG_029,191
CTTCGTCCACCGGATCCAGG_030,138
ATGCAGATATGAGTATCATT_001,181
ATGCAGATATGAGTATCATT_002,167
ATGCAGATATGAGTATCATT_003,57
CCGCCGGGCACATTAGAACA_001,50
CCGCCGGGCACATTAGAACA_002,154
CCGCCGGGCACATTAGAACA_003,88
CCGCCGGGCACATTAGAACA_004,56
CCGCCGGGCACATTAGAACA_005,169
CCGCCGGGCACATTAGAACA_006,144
CCGCCGGGCACATTAGAACA_007,25
CCGCCGGGCACATTAGAACA_008,190
CCGCCGGGCACATTAGAACA_009,142
CCGCCGGGCACATTAGAACA_010,156
CCGCCGGGCACATTAGAACA_011,137
CCGCCGGGCACATTAGAACA_012,188
GAACAACGGTTGGACACAGG_001,1
GAACAACGGTTGGACACAGG_002,58
GAACAACGGTTGGACACAGG_003,102
GAACAACGGTTGGACACAGG_004,70
GAACAACGGTTGGACACAGG_005,163
GAACAACGGTTGGACACAGG_006,32
GAACAACGGTTGGACACAGG_007,141
GAACAACGGTTGGACACAGG_008,9
GAACAACGGTTGGACACAGG_009,105
GAACAACGGTTGGACACAGG_010,193
GAACAACGGTTGGACACAGG_011,194
GAACAACGGTTGGACACAGG_012,56
GAACAACGGTTGGACACAGG_013,164
CTGCAGGAATGCGCGGTCTG_001,162
CTGCAGGAATGCGCGGTCTG_002,26
CTGCAGGAATGCGCGGTCTG_003,22
CTGCAGGAATGCGCGGTCTG_004,94
CTGCAGGAATGCGCGGTCTG_005,169
CTGCAGGAATGCGCGGTCTG_006,13
CTGCAGGAATGCGCGGTCTG_007,48
CTGCAGGAATGCGCGGTCTG_008,178
CTGCAGGAATGCGCGGTCTG_009,104
CTGCAGGAATGCGCGGTCTG_010,162
CTGCAGGAATGCGCGGTCTG_011,72
CTGCAGGAATGCGCGGTCTG_012,132
CTGCAGGAATGCGCGGTCTG_013,30
CTGCAGGAATGCGCGGTCTG_014,83
CTGCAGGAATGCGCGGTCTG_015,52
CTGCAGGAATGCGCGGTCTG_016,2
CTGCAGGAATGCGCGGTCTG_017,45
CTGCAGGAATGCGCGGTCTG_018,59
CTGCAGGAATGCGCGGTCTG_019,17
CTGCAGGAATGCGCGGTCTG_020,19
CTGCAGGAATGCGCGGTCTG_021,148
CTGCAGGAATGCGCGGTCTG_022,105
CTGCAGGAATGCGCGGTCTG_023,82
CTGCAGGAATGCGCGGTCTG_024,169
CTGCAGGAATGCGCGGTCTG_025,194
CTGCAGGAATGCGCGGTCTG_026,126
CTGCAGGAATGCGCGGTCTG_027,151
TTCTGTCAAACCAGTACAGA_001,36
TTCTGTCAAACCAGTACAGA_002,127
TTCTGTCAAACCAGTACAGA_003,59
TTCTGTCAAACCAGTACAGA_004,45
TTCTGTCAAACCAGTACAGA_005,112
TTCTGTCAAACCAGTACAGA_006,4
TTCTGTCAAACCAGTACAGA_007,180
TTCTGTCAAACCAGTACAGA_008,75
TTCTGTCAAACCAGTACAGA_009,124
ATCTTTGGAGAGTCAGCGGG_001,12
ATCTTTGGAGAGTCAGCGGG_002,189
ATCTTTGGAGAGTCAGCGGG_003,70
ATCTTTGGAGAGTCAGCGGG_004,73
ATCTTTGGAGAGTCAGCGGG_005,154
ATCTTTGGAGAGTCAGCGGG_006,27
ATCTTTGGAGAGTCAGCGGG_007,185
ATCTTTGGAGAGTCAGCGGG_008,41
ATCTTTGGAGAGTCAGCGGG_009,77
ATCTTTGGAGAGTCAGCGGG_010,191
ATCTTTGGAGAGTCAGCGGG_011,38
ATCTTTGGAGAGTCAGCGGG_012,135
ATCTTTGGAGAGTCAGCGGG_013,53
ATCTTTGGAGAGTCAGCGGG_014,85
ATCTTTGGAGAGTCAGCGGG_015,35
ATCTTTGGAGAGTCAGCGGG_016,41
ATCTTTGGAGAGTCAGCGGG_017,23
ATCTTTGGAGAGTCAGCGGG_018,23
ATCTTTGGAGAGTCAGCGGG_019,33
ATCTTTGGAGAGTCAGCGGG_020,49
ATCTTTGGAGAGTCAGCGGG_021,88
ATCTTTGGAGAGTCAGCGGG_022,38
ATCTTTGGAGAGTCAGCGGG_023,108
ATCTTTGGAGAGTCAGCGGG_024,108
ATCTTTGGAGAGTCAGCGGG_025,108
ATCTTTGGAGAGTCAGCGGG_026,152
ATCTTTGGAGAGTCAGCGGG_027,39
CCGAGTCCGAGCTCACCGAC_001,149
CCGAGTCCGAGCTCACCGAC_002,55
CCGAGTCCGAGCTCACCGAC_003,173
CCGAGTCCGAGCTCACCGAC_004,112
CCGAGTCCGAGCTCACCGAC_005,81
CCGAGTCCGAGCTCACCGAC_006,155
CCGAGTCCGAGCTCACCGAC_007,198
CCGAGTCCGAGCTCACCGAC_008,4
CCGAGTCCGAGCTCACCGAC_009,58
CCGAGTCCGAGCTCACCGAC_010,174
CCGAGTCCGAGCTCACCGAC_011,114
CCGAGTCCGAGCTCACCGAC_012,114
CCGAGTCCGAGCTCACCGAC_013,45
CCGAGTCCGAGCTCACCGAC_014,40
CCGAGTCCGAGCTCACCGAC_015,155
CCGAGTCCGAGCTCACCGAC_016,157
CCGAGTCCGAGCTCACCGAC_017,174
CCGAGTCCGAGCTCACCGAC_018,116
CCGAGTCCGAGCTCACCGAC_019,105
CCGAGTCCGAGCTCACCGAC_020,13
CCGAGTCCGAGCTCACCGAC_021,81
CCGAGTCCGAGCTCACCGAC_022,127
CAGACAGGGATGTTGTTCGT_001,55
TTTCCAAAGATGGAGTACCC_001,147
TTTCCAAAGATGGAGTACCC_002,12
TTTCCAAAGATGGAGTACCC_003,39
AGGCACAAAGGTCATGTGGA_001,68
AGGCACAAAGGTCATGTGGA_002,56
AGGCACAAAGGTCATGTGGA_003,27
AGGCACAAAGGTCATGTGGA_004,160
AGGCACAAAGGTCATGTGGA_005,198
AGGCACAAAGGTCATGTGGA_006,198
AGGCACAAAGGTCATGTGGA_007,128
AGGCACAAAGGTCATGTGGA_008,130
AGGCACAAAGGTCATGTGGA_009,41
AGGCACAAAGGTCATGTGGA_010,77
AGGCACAAAGGTCATGTGGA_011,21
AGGCACAAAGGTCATGTGGA_012,54
AGGCACAAAGGTCATGTGGA_013,130
AGGCACAAAGGTCATGTGGA_014,142
AGGCACAAAGGTCATGTGGA_015,23
AGGCACAAAGGTCATGTGGA_016,15
AGGCACAAAGGTCATGTGGA_017,195
AGGCACAAAGGTCATGTGGA_018,11
AGGCACAAAGGTCATGTGGA_019,68
AGGCACAAAGGTCATGTGGA_020,29
AGGCACAAAGGTCATGTGGA_021,157
AGGCACAAAGGTCATGTGGA_022,147
ACGCAACTTTGAGCGCAACA_001,49
ACGCAACTTTGAGCGCAACA_002,15
ACGCAACTTTGAGCGCAACA_003,158
ACGCAACTTTGAGCGCAACA_004,160
ACGCAACTTTGAGCGCAACA_005,12
ACGCAACTTTGAGCGCAACA_006,5
TACACTAAGAGGGAAAGTAG_001,2
TACACTAAGAGGGAAAGTAG_002,188
TACACTAAGAGGGAAAGTAG_003,29
CCGTTGAGGTGTCAACTGTG_001,188
CCGTTGAGGTGTCAACTGTG_002,61
CCGTTGAGGTGTCAACTGTG_003,102
CCGTTGAGGTGTCAACTGTG_004,134
CCGTTGAGGTGTCAACTGTG_005,32
CCGTTGAGGTGTCAACTGTG_006,121
CCGTTGAGGTGTCAACTGTG_007,75
CCGTTGAGGTGTCAACTGTG_008,41
CCGTTGAGGTGTCAACTGTG_009,58
CCGTTGAGGTGTCAACTGTG_010,108
CCGTTGAGGTGTCAACTGTG_011,197
CCGTTGAGGTGTCAACTGTG_012,160
CCGTTGAGGTGTCAACTGTG_013,186
CCGTTGAGGTGTCAACTGTG_014,83
CCGTTGAGGTGTCAACTGTG_015,170
CCGTTGAGGTGTCAACTGTG_016,148
CCGTTGAGGTGTCAACTGTG_017,56
CCGTTGAGGTGTCAACTGTG_018,81
CCGTTGAGGTGTCAACTGTG_019,15
CCGTTGAGGTGTCAACTGTG_020,60
CCGTTGAGGTGTCAACTGTG_021,34
CCGTTGAGGTGTCAACTGTG_022,40
CCGTTGAGGTGTCAACTGTG_023,31
AATTCCTTGTTCACACAATG_001,69
AATTCCTTGTTCACACAATG_002,137
AATTCCTTGTTCACACAATG_003,76
AATTCCTTGTTCACACAATG_004,93
AATTCCTTGTTCACACAATG_005,25
AATTCCTTGTTCACACAATG_006,186
AATTCCTTGTTCACACAATG_007,132
AATTCCTTGTTCACACAATG_008,196
AATTCCTTGTTCACACAATG_009,177
AATTCCTTGTTCACACAATG_010,134
AATTCCTTGTTCACACAATG_011,39
AATTCCTTGTTCACACAATG_012,31
AATTCCTTGTTCACACAATG_013,108
ATCATGACCAAATATGCTGT_001,34
ATCATGACCAAATATGCTGT_002,169
ATCATGACCAAATATGCTGT_003,77
GCCCCGGTACATCTCCACAA_001,108
GCCCCGGTACATCTCCACAA_002,54
GCCCCGGTACATCTCCACAA_003,184
TCAGCTACATAAAATCGATG_001,60
TGAGGTGAACAGAGTATGGC_001,102
TGAGGTGAACAGAGTATGGC_002,43
TGAGGTGAACAGAGTATGGC_003,25
TGAGGTGAACAGAGTATGGC_004,25
TGAGGTGAACAGAGTATGGC_005,28
TGAGGTGAACAGAGTATGGC_006,61
TGAGGTGAACAGAGTATGGC_007,13
TGAGGTGAACAGAGTATGGC_008,40
ATGGGCGACTATCTGCTGCG_001,105
ATGGGCGACTATCTGCTGCG_002,127
ATGGGCGACTATCTGCTGCG_003,17
ATGGGCGACTATCTGCTGCG_004,134
ATGGGCGACTATCTGCTGCG_005,172
ATGGGCGACTATCTGCTGCG_006,0
ATGGGCGACTATCTGCTGCG_007,147
ATGGGCGACTATCTGCTGCG_008,134
GGGCGACCAGGTGATCCACT_001,70
GGGCGACCAGGTGATCCACT_002,56
GGGCGACCAGGTGATCCACT_003,150
GGGCGACCAGGTGATCCACT_004,3
GGGCGACCAGGTGATCCACT_005,10
GGGCGACCAGGTGATCCACT_006,22
TCTTCTCACTGGCTGTCACT_001,51
TCTTCTCACTGGCTGTCACT_002,93
TCTTCTCACTGGCTGTCACT_003,41
TCTTCTCACTGGCTGTCACT_004,105
TCTTCTCACTGGCTGTCACT_005,97
TCTTCTCACTGGCTGTCACT_006,39
TCTTCTCACTGGCTGTCACT_007,102
TGAATGTGATAGACCACGTG_001,23
TGAATGTGATAGACCACGTG_002,29
TGAATGTGATAGACCACGTG_003,28
TGAATGTGATAGACCACGTG_004,37
TGAATGTGATAGACCACGTG_005,5
TGAATGTGATAGACCACGTG_006,50
TGAATGTGATAGACCACGTG_007,158
TGAATGTGATAGACCACGTG_008,15
TGAATGTGATAGACCACGTG_009,62
TGAATGTGATAGACCACGTG_010,13
TGATCACTTCCTGTGTGACA_001,145
TGATCACTTCCTGTGTGACA_002,17
TGATCACTTCCTGTGTGACA_003,126
TGATCACTTCCTGTGTGACA_004,45
TGATCACTTCCTGTGTGACA_005,2
TGATCACTTCCTGTGTGACA_006,41
TGATCACTTCCTGTGTGACA_007,5
TGATCACTTCCTGTGTGACA_008,21
TGATCACTTCCTGTGTGACA_009,55
TGATCACTTCCTGTGTGACA_010,4
TGATCACTTCCTGTGTGACA_011,11
TGATCACTTCCTGTGTGACA_012,10
TGATCACTTCCTGTGTGACA_013,3
TGATCACTTCCTGTGTGACA_014,152
TGATCACTTCCTGTGTGACA_015,138
TGATCACTTCCTGTGTGACA_016,40
TGTGAATTGTGCATCCCGCG_001,198
TGTGAATTGTGCATCCCGCG_002,128
TGTGAATTGTGCATCCCGCG_003,50
GTGGGACCGGACTCGGCCCG_001,65
GTGGGACCGGACTCGGCCCG_002,175
GTGGGACCGGACTCGGCCCG_003,29
GTGGGACCGGACTCGGCCCG_004,94
GTGGGACCGGACTCGGCCCG_005,135
GTGGGACCGGACTCGGCCCG_006,137
GTGGGACCGGACTCGGCCCG_007,98
GTGGGACCGGACTCGGCCCG_008,182
GTGGGACCGGACTCGGCCCG_009,127
GTGGGACCGGACTCGGCCCG_010,15
GTGGGACCGGACTCGGCCCG_011,53
GTGGGACCGGACTCGGCCCG_012,12
GTGGGACCGGACTCGGCCCG_013,160
GTGGGACCGGACTCGGCCCG_014,76
GTGGGACCGGACTCGGCCCG_015,60
GTGGGACCGGACTCGGCCCG_016,141
GTGGGACCGGACTCGGCCCG_017,4
GTGGGACCGGACTCGGCCCG_018,121
GTGGGACCGGACTCGGCCCG_019,43
GTGGGACCGGACTCGGCCCG_020,82
GTGGGACCGGACTCGGCCCG_021,134
GTGGGACCGGACTCGGCCCG_022,112
GTGGGACCGGACTCGGCCCG_023,0
GTGGGACCGGACTCGGCCCG_024,139
GTGGGACCGGACTCGGCCCG_025,35
GTGGGACCGGACTCGGCCCG_026,18
GTGGGACCGGACTCGGCCCG_027,126
GTGGGACCGGACTCGGCCCG_028,22
GTGGGACCGGACTCGGCCCG_029,156
GTGGGACCGGACTCGGCCCG_030,172
GTGGGACCGGACTCGGCCCG_031,186
GTGGGACCGGACTCGGCCCG_032,48
GTGGGACCGGACTCGGCCCG_033,165
GTGGGACCGGACTCGGCCCG_034,91
GTGGGACCGGACTCGGCCCG_035,40
GTGGGACCGGACTCGGCCCG_036,52
GTGGGACCGGACTCGGCCCG_037,191
GTGGGACCGGACTCGGCCCG_038,185
GTGGGACCGGACTCGGCCCG_039,187
GTGGGACCGGACTCGGCCCG_040,65
GTGGGACCGGACTCGGCCCG_041,11
GTGGGACCGGACTCGGCCCG_042,56
TGGGGCTCACTCAATAACCA_001,52
TCGGTCAACTGGTAGGTCAG_001,53
TCGGTCAACTGGTAGGTCAG_002,94
TCGGTCAACTGGTAGGTCAG_003,199
TCGGTCAACTGGTAGGTCAG_004,185
TCGGTCAACTGGTAGGTCAG_005,102
TCGGTCAACTGGTAGGTCAG_006,124
TCGGTCAACTGGTAGGTCAG_007,112
TCGGTCAACTGGTAGGTCAG_008,7
TCGGTCAACTGGTAGGTCAG_009,13
TCGGTCAACTGGTAGGTCAG_010,18
TCGGTCAACTGGTAGGTCAG_011,47
TCGGTCAACTGGTAGGTCAG_012,80
TCGGTCAACTGGTAGGTCAG_013,170
TCGGTCAACTGGTAGGTCAG_014,182
TCGGTCAACTGGTAGGTCAG_015,175
TCGGTCAACTGGTAGGTCAG_016,34
TCGGTCAACTGGTAGGTCAG_017,163
TCGGTCAACTGGTAGGTCAG_018,30
TCGGTCAACTGGTAGGTCAG_019,89
TCGGTCAACTGGTAGGTCAG_020,67
TCGGTCAACTGGTAGGTCAG_021,116
TCGGTCAACTGGTAGGTCAG_022,145
TCGGTCAACTGGTAGGTCAG_023,11
TCGGTCAACTGGTAGGTCAG_024,166
TCGGTCAACTGGTAGGTCAG_025,113
TCGGTCAACTGGTAGGTCAG_026,184
TCGGTCAACTGGTAGGTCAG_027,175
TCGGTCAACTGGTAGGTCAG_028,93
TCGGTCAACTGGTAGGTCAG_029,115
TCGGTCAACTGGTAGGTCAG_030,127
TCGGTCAACTGGTAGGTCAG_031,12
TCGGTCAACTGGTAGGTCAG_032,55
TCGGTCAACTGGTAGGTCAG_033,193
TCGGTCAACTGGTAGGTCAG_034,43
TCGGTCAACTGGTAGGTCAG_035,24
TCGGTCAACTGGTAGGTCAG_036,61
TCGGTCAACTGGTAGGTCAG_037,62
TCGGTCAACTGGTAGGTCAG_038,144
TCGGTCAACTGGTAGGTCAG_039,128
TCGGTCAACTGGTAGGTCAG_040,10
TCGGTCAACTGGTAGGTCAG_041,168
TCGGTCAACTGGTAGGTCAG_042,17
TCGGTCAACTGGTAGGTCAG_043,77
TCGGTCAACTGGTAGGTCAG_044,98
TTCGTCAGGCAGAGTGACAA_001,29
TTCGTCAGGCAGAGTGACAA_002,68
TTCGTCAGGCAGAGTGACAA_003,96
TTCGTCAGGCAGAGTGACAA_004,137
TTCGTCAGGCAGAGTGACAA_005,195
TTCGTCAGGCAGAGTGACAA_006,42
TTCGTCAGGCAGAGTGACAA_007,94
TTCGTCAGGCAGAGTGACAA_008,97
TTCGTCAGGCAGAGTGACAA_009,104
TTCGTCAGGCAGAGTGACAA_010,12
TTCGTCAGGCAGAGTGACAA_011,128
TTCGTCAGGCAGAGTGACAA_012,113
TTCGTCAGGCAGAGTGACAA_013,187
TTCGTCAGGCAGAGTGACAA_014,82
TTCGTCAGGCAGAGTGACAA_015,60
ATGTGGAATGGGCGTATCAG_001,191
ATGTGGAATGGGCGTATCAG_002,63
ATGTGGAATGGGCGTATCAG_003,12
ATGTGGAATGGGCGTATCAG_004,48
ATGTGGAATGGGCGTATCAG_005,156
ATGTGGAATGGGCGTATCAG_006,78
ATGTGGAATGGGCGTATCAG_007,82
ATGTGGAATGGGCGTATCAG_008,82
ATGTGGAATGGGCGTATCAG_009,165
ATGTGGAATGGGCGTATCAG_010,47
ATGTGGAATGGGCGTATCAG_011,135
ATGTGGAATGGGCGTATCAG_012,147
ATGTGGAATGGGCGTATCAG_013,19
ATGTGGAATGGGCGTATCAG_014,145
ATGTGGAATGGGCGTATCAG_015,28
ATGTGGAATGGGCGTATCAG_016,177
TGATGCGCACCCCACAGCAG_001,150
TGATGCGCACCCCACAGCAG_002,120
TGATGCGCACCCCACAGCAG_003,78
TGATGCGCACCCCACAGCAG_004,19
TGATGCGCACCCCACAGCAG_005,195
TGATGCGCACCCCACAGCAG_006,33
TGATGCGCACCCCACAGCAG_007,37
TGATGCGCACCCCACAGCAG_008,140
TGATGCGCACCCCACAGCAG_009,190
TGATGCGCACCCCACAGCAG_010,136
TGATGCGCACCCCACAGCAG_011,179
TGATGCGCACCCCACAGCAG_012,182
TGATGCGCACCCCACAGCAG_013,1
TGATGCGCACCCCACAGCAG_014,102
TGATGCGCACCCCACAGCAG_015,58
TGATGCGCACCCCACAGCAG_016,32
TGATGCGCACCCCACAGCAG_017,62
TGATGCGCACCCCACAGCAG_018,130
TGATGCGCACCCCACAGCAG_019,20
TGATGCGCACCCCACAGCAG_020,40
TGATGCGCACCCCACAGCAG_021,168
TGATGCGCACCCCACAGCAG_022,113
TGATGCGCACCCCACAGCAG_023,113
ATTCTGTGGAATCTGCCGGG_001,35
ATTCTGTGGAATCTGCCGGG_002,130
ATTCTGTGGAATCTGCCGGG_003,4
ATTCTGTGGAATCTGCCGGG_004,61
ATTCTGTGGAATCTGCCGGG_005,93
ATTCTGTGGAATCTGCCGGG_006,58
ATTCTGTGGAATCTGCCGGG_007,194
ATTCTGTGGAATCTGCCGGG_008,120
ATTCTGTGGAATCTGCCGGG_009,118
ATTCTGTGGAATCTGCCGGG_010,11
ATTCTGTGGAATCTGCCGGG_011,17
ATTCTGTGGAATCTGCCGGG_012,2
ATTCTGTGGAATCTGCCGGG_013,41
ATTCTGTGGAATCTGCCGGG_014,87
ATTCTGTGGAATCTGCCGGG_015,178
ATTCTGTGGAATCTGCCGGG_016,93
ATTCTGTGGAATCTGCCGGG_017,162
ATTCTGTGGAATCTGCCGGG_018,3
ATTCTGTGGAATCTGCCGGG_019,17
ATTCTGTGGAATCTGCCGGG_020,17
ATTCTGTGGAATCTGCCGGG_021,169
CTGACTTCAAAAGACGGACT_001,141
CTGACTTCAAAAGACGGACT_002,126
CTGACTTCAAAAGACGGACT_003,60
CTGACTTCAAAAGACGGACT_004,55
CTGACTTCAAAAGACGGACT_005,145
CTGACTTCAAAAGACGGACT_006,155
ATGAACCTCCAGTTTCATCG_001,38
ATGAACCTCCAGTTTCATCG_002,9
ATGAACCTCCAGTTTCATCG_003,21
ATGAACCTCCAGTTTCATCG_004,87
ATGAACCTCCAGTTTCATCG_005,57
ATGAACCTCCAGTTTCATCG_006,78
ATGAACCTCCAGTTTCATCG_007,2
ATGGACCTGGAGCTATGAGA_001,106
ATGGACCTGGAGCTATGAGA_002,129
ATGGACCTGGAGCTATGAGA_003,88
ATGGACCTGGAGCTATGAGA_004,41
GCAAACTGTATTTCGCTCTG_001,169
GCTCCGAGCTTATAAATCGG_001,101
GCTCCGAGCTTATAAATCGG_002,146
GCTCCGAGCTTATAAATCGG_003,50
GCTCCGAGCTTATAAATCGG_004,69
GCTCCGAGCTTATAAATCGG_005,188
GCTCCGAGCTTATAAATCGG_006,64
GCTCCGAGCTTATAAATCGG_007,4
GGGCCTGTACGGTCTCAGCG_001,108
GGGCCTGTACGGTCTCAGCG_002,178
GGGCCTGTACGGTCTCAGCG_003,102
GGGCCTGTACGGTCTCAGCG_004,18
GGGCCTGTACGGTCTCAGCG_005,192
GGGCCTGTACGGTCTCAGCG_006,146
GGGCCTGTACGGTCTCAGCG_007,105
GGGCCTGTACGGTCTCAGCG_008,114
GGGCCTGTACGGTCTCAGCG_009,94
GGGCCTGTACGGTCTCAGCG_010,155
GGGCCTGTACGGTCTCAGCG_011,140
TCCTACAGAATTGTCGAGAA_001,54
TCCTACAGAATTGTCGAGAA_002,48
AGAAACAGATGAATCTAAGG_001,144
AGAAACAGATGAATCTAAGG_002,197
AGAAACAGATGAATCTAAGG_003,105
AGAAACAGATGAATCTAAGG_004,175
AGAAACAGATGAATCTAAGG_005,184
AGAAACAGATGAATCTAAGG_006,60
AGCTATCGAGAGCCCAAGCA_001,57
AGCTATCGAGAGCCCAAGCA_002,120
AGCTATCGAGAGCCCAAGCA_003,43
AGCTATCGAGAGCCCAAGCA_004,146
AGCTATCGAGAGCCCAAGCA_005,160
AGCTATCGAGAGCCCAAGCA_006,139
AGCTATCGAGAGCCCAAGCA_007,139
AGCTATCGAGAGCCCAAGCA_008,3
AGCTATCGAGAGCCCAAGCA_009,49
AGCTATCGAGAGCCCAAGCA_010,56
AGCTATCGAGAGCCCAAGCA_011,76
AGCTATCGAGAGCCCAAGCA_012,149
AGCTATCGAGAGCCCAAGCA_013,62
AGCTATCGAGAGCCCAAGCA_014,129
AGCTATCGAGAGCCCAAGCA_015,112
AGCTATCGAGAGCCCAAGCA_016,12
AGCTATCGAGAGCCCAAGCA_017,88
AGCTATCGAGAGCCCAAGCA_018,94
AGCTATCGAGAGCCCAAGCA_019,60
AGCTATCGAGAGCCCAAGCA_020,184
AGCTATCGAGAGCCCAAGCA_021,184
AGCTATCGAGAGCCCAAGCA_022,75
AGCTATCGAGAGCCCAAGCA_023,63
AGCTATCGAGAGCCCAAGCA_024,70
AGCTATCGAGAGCCCAAGCA_025,176
AGCTATCGAGAGCCCAAGCA_026,191
AGCTATCGAGAGCCCAAGCA_027,98
CAGGCGTCTGCGAAATCATA_001,42
CAGGCGTCTGCGAAATCATA_002,184
CAGGCGTCTGCGAAATCATA_003,158
CAGGCGTCTGCGAAATCATA_004,174
CAGGCGTCTGCGAAATCATA_005,126
CAGGCGTCTGCGAAATCATA_006,105
TTTCAATATAGAGATCTGGA_001,41
TTTCAATATAGAGATCTGGA_002,194
AGAAGGCAGCTACTAGCATG_001,17
AGAAGGCAGCTACTAGCATG_002,0
AGAAGGCAGCTACTAGCATG_003,168
AGAAGGCAGCTACTAGCATG_004,106
AGAAGGCAGCTACTAGCATG_005,195
AGAAGGCAGCTACTAGCATG_006,170
AGAAGGCAGCTACTAGCATG_007,0
AGAAGGCAGCTACTAGCATG_008,41
AGAAGGCAGCTACTAGCATG_009,113
AGAAGGCAGCTACTAGCATG_010,7
AGAAGGCAGCTACTAGCATG_011,179
AGAAGGCAGCTACTAGCATG_012,147
AGAAGGCAGCTACTAGCATG_013,129
AGAAGGCAGCTACTAGCATG_014,191
AGAAGGCAGCTACTAGCATG_015,34
AGAAGGCAGCTACTAGCATG_016,121
AGAAGGCAGCTACTAGCATG_017,88
AGAAGGCAGCTACTAGCATG_018,76
ATGGTTGGATTGATGCACAT_001,126
ATGGTTGGATTGATGCACAT_002,88
ATGGTTGGATTGATGCACAT_003,94
ATGGTTGGATTGATGCACAT_004,145
ATGGTTGGATTGATGCACAT_005,137
ATGGTTGGATTGATGCACAT_006,188
ATGGTTGGATTGATGCACAT_007,30
ATGGTTGGATTGATGCACAT_008,102
ATGGTTGGATTGATGCACAT_009,157
ATGGTTGGATTGATGCACAT_010,58
ATGGTTGGATTGATGCACAT_011,144
AGTGATGAGGACAACAGGGT_001,197
AGTGATGAGGACAACAGGGT_002,147
AGTGATGAGGACAACAGGGT_003,35
AGTGATGAGGACAACAGGGT_004,127
AGTGATGAGGACAACAGGGT_005,30
AGTGATGAGGACAACAGGGT_006,148
AGTGATGAGGACAACAGGGT_007,158
AGTGATGAGGACAACAGGGT_008,60
AGTGATGAGGACAACAGGGT_009,168
AGTGATGAGGACAACAGGGT_010,102
AGTGATGAGGACAACAGGGT_011,58
AGTGATGAGGACAACAGGGT_012,197
AGTGATGAGGACAACAGGGT_013,34
AGTGATGAGGACAACAGGGT_014,22
AGTGATGAGGACAACAGGGT_015,49
AGTGATGAGGACAACAGGGT_016,78
AGTGATGAGGACAACAGGGT_017,50
AGTGATGAGGACAACAGGGT_018,118
AGTGATGAGGACAACAGGGT_019,137
GAGTTGCCCCCTGTGCCCGG_001,51
GAGTTGCCCCCTGTGCCCGG_002,2
GAGTTGCCCCCTGTGCCCGG_003,170
GAGTTGCCCCCTGTGCCCGG_004,184
GAGTTGCCCCCTGTGCCCGG_005,172
GAGTTGCCCCCTGTGCCCGG_006,126
GAGTTGCCCCCTGTGCCCGG_007,118
GAGTTGCCCCCTGTGCCCGG_008,35
GAGTTGCCCCCTGTGCCCGG_009,126
GAGTTGCCCCCTGTGCCCGG_010,107
GAGTTGCCCCCTGTGCCCGG_011,126
GAGTTGCCCCCTGTGCCCGG_012,48
TCTACTGCAAGGTGTGCTAT_001,144
TCTACTGCAAGGTGTGCTAT_002,188
TCTACTGCAAGGTGTGCTAT_003,106
TCTACTGCAAGGTGTGCTAT_004,116
TCTACTGCAAGGTGTGCTAT_005,132
TCTACTGCAAGGTGTGCTAT_006,146
TCTACTGCAAGGTGTGCTAT_007,17
TCTACTGCAAGGTGTGCTAT_008,19
TCTACTGCAAGGTGTGCTAT_009,150
TCTACTGCAAGGTGTGCTAT_010,94
TCTACTGCAAGGTGTGCTAT_011,145
TCTACTGCAAGGTGTGCTAT_012,76
TCTACTGCAAGGTGTGCTAT_013,161
TCTACTGCAAGGTGTGCTAT_014,66
TCTACTGCAAGGTGTGCTAT_015,3
TCTACTGCAAGGTGTGCTAT_016,40
CTGGTTCTCCTATTACACCA_001,127
CTGGTTCTCCTATTACACCA_002,94
TTGGAACTCAGACATTGCAG_001,70
TTGGAACTCAGACATTGCAG_002,145
TTGGAACTCAGACATTGCAG_003,147
TTGGAACTCAGACATTGCAG_004,28
TTGGAACTCAGACATTGCAG_005,11
TTGGAACTCAGACATTGCAG_006,127
TTGGAACTCAGACATTGCAG_007,68
TTGGAACTCAGACATTGCAG_008,28
TTGGAACTCAGACATTGCAG_009,170
TTGGAACTCAGACATTGCAG_010,183
TTGGAACTCAGACATTGCAG_011,37
TTGGAACTCAGACATTGCAG_012,119
TTGGAACTCAGACATTGCAG_013,86
ATCTCCAAGAACCCGCTCGG_001,118
ATCTCCAAGAACCCGCTCGG_002,46
ATCTCCAAGAACCCGCTCGG_003,130
ATCTCCAAGAACCCGCTCGG_004,8
ATCTCCAAGAACCCGCTCGG_005,134
ATCTCCAAGAACCCGCTCGG_006,115
ATCTCCAAGAACCCGCTCGG_007,152
ATCTCCAAGAACCCGCTCGG_008,87
ATCTCCAAGAACCCGCTCGG_009,23
CGTCACTGGCAACCTGACGC_001,0
CGTCACTGGCAACCTGACGC_002,70
CGTCACTGGCAACCTGACGC_003,182
CGTCACTGGCAACCTGACGC_004,182
CGTCACTGGCAACCTGACGC_005,48
CGTCACTGGCAACCTGACGC_006,134
CGTCACTGGCAACCTGACGC_007,28
CGTCACTGGCAACCTGACGC_008,7
GTGACTCCAAGAAGCCACTG_001,55
GTGACTCCAAGAAGCCACTG_002,100
GTGACTCCAAGAAGCCACTG_003,169
GTGACTCCAAGAAGCCACTG_004,166
GTGACTCCAAGAAGCCACTG_005,67
GTGACTCCAAGAAGCCACTG_006,94
GTGACTCCAAGAAGCCACTG_007,161
GTGACTCCAAGAAGCCACTG_008,9
GTGACTCCAAGAAGCCACTG_009,2
GTGACTCCAAGAAGCCACTG_010,62
GTGACTCCAAGAAGCCACTG_011,144
GTGACTCCAAGAAGCCACTG_012,83
GTGACTCCAAGAAGCCACTG_013,52
GTGACTCCAAGAAGCCACTG_014,40
GTGACTCCAAGAAGCCACTG_015,147
GTGACTCCAAGAAGCCACTG_016,104
GTGACTCCAAGAAGCCACTG_017,136
GTGACTCCAAGAAGCCACTG_018,28
GTGACTCCAAGAAGCCACTG_019,91
GTGACTCCAAGAAGCCACTG_020,40
AGGCACAGGAGATCGAGTGC_001,145
AGGCACAGGAGATCGAGTGC_002,17
AGGCACAGGAGATCGAGTGC_003,132
AGGCACAGGAGATCGAGTGC_004,149
AGGCACAGGAGATCGAGTGC_005,0
AGGCACAGGAGATCGAGTGC_006,31
AGGCACAGGAGATCGAGTGC_007,114
AGGCACAGGAGATCGAGTGC_008,147
AGGCACAGGAGATCGAGTGC_009,63
AGGCACAGGAGATCGAGTGC_010,27
AGGCACAGGAGATCGAGTGC_011,33
AGGCACAGGAGATCGAGTGC_012,111
AGGCACAGGAGATCGAGTGC_013,113
AGGCACAGGAGATCGAGTGC_014,2
AGGCACAGGAGATCGAGTGC_015,117
CCATCTCGTAGAAAATCATC_001,127
CCATCTCGTAGAAAATCATC_002,140
CCATCTCGTAGAAAATCATC_003,48
CCATCTCGTAGAAAATCATC_004,95
GAGATTTAGACAGAAGTCCA_001,105
GAGATTTAGACAGAAGTCCA_002,11
GAGATTTAGACAGAAGTCCA_003,67
GAGATTTAGACAGAAGTCCA_004,88
GAGATTTAGACAGAAGTCCA_005,156
GAGATTTAGACAGAAGTCCA_006,175
GAGATTTAGACAGAAGTCCA_007,14
GAGATTTAGACAGAAGTCCA_008,28
CTCCACAGAGCCATCCAGCG_001,185
CTCCACAGAGCCATCCAGCG_002,168
CTCCACAGAGCCATCCAGCG_003,158
CTCCACAGAGCCATCCAGCG_004,187
CTCCACAGAGCCATCCAGCG_005,15
CTCCACAGAGCCATCCAGCG_006,82
CTCCACAGAGCCATCCAGCG_007,3
CTCCACAGAGCCATCCAGCG_008,15
CTCCACAGAGCCATCCAGCG_009,172
CTCCACAGAGCCATCCAGCG_010,70
CTCCACAGAGCCATCCAGCG_011,160
CTCCACAGAGCCATCCAGCG_012,94
CTCCACAGAGCCATCCAGCG_013,121
CTCCACAGAGCCATCCAGCG_014,49
CTCCACAGAGCCATCCAGCG_015,78
CTCCACAGAGCCATCCAGCG_016,174
CTCCACAGAGCCATCCAGCG_017,50
CTCCACAGAGCCATCCAGCG_018,28
CTCCACAGAGCCATCCAGCG_019,35
GGGTCATGGACAATCTCCTG_001,163
GGGTCATGGACAATCTCCTG_002,65
GGGTCATGGACAATCTCCTG_003,150
GGGTCATGGACAATCTCCTG_004,94
GGGTCATGGACAATCTCCTG_005,53
CTGTCTGGAATATCTCCCCT_001,26
CTGTCTGGAATATCTCCCCT_002,195
CTGTCTGGAATATCTCCCCT_003,113
CTGTCTGGAATATCTCCCCT_004,170
GATGTGCCTTGGGAAAAGGG_001,94
GATGTGCCTTGGGAAAAGGG_002,169
GATGTGCCTTGGGAAAAGGG_003,117
GATGTGCCTTGGGAAAAGGG_004,82
GATGTGCCTTGGGAAAAGGG_005,98
GATGTGCCTTGGGAAAAGGG_006,48
GATGTGCCTTGGGAAAAGGG_007,153
CCTTAAGAAAAGAATGCCGG_001,5
CCTTAAGAAAAGAATGCCGG_002,2
CCTTAAGAAAAGAATGCCGG_003,17
CCTTAAGAAAAGAATGCCGG_004,168
CCTTAAGAAAAGAATGCCGG_005,50
CCTTAAGAAAAGAATGCCGG_006,137
CCTTAAGAAAAGAATGCCGG_007,139
CCTTAAGAAAAGAATGCCGG_008,163
CCTTAAGAAAAGAATGCCGG_009,176
CCTTAAGAAAAGAATGCCGG_010,127
CCTTAAGAAAAGAATGCCGG_011,140
CCTTAAGAAAAGAATGCCGG_012,104
CCTTAAGAAAAGAATGCCGG_013,34
CCTTAAGAAAAGAATGCCGG_014,77
CCTTAAGAAAAGAATGCCGG_015,19
CCTTAAGAAAAGAATGCCGG_016,197
CCTTAAGAAAAGAATGCCGG_017,21
CCTTAAGAAAAGAATGCCGG_018,107
CCTTAAGAAAAGAATGCCGG_019,19
CCTTAAGAAAAGAATGCCGG_020,159
CCTTAAGAAAAGAATGCCGG_021,0
CCTTAAGAAAAGAATGCCGG_022,24
CCTTAAGAAAAGAATGCCGG_023,146
CCTTAAGAAAAGAATGCCGG_024,174
CCTTAAGAAAAGAATGCCGG_025,138
CCTTAAGAAAAGAATGCCGG_026,60
CCTTAAGAAAAGAATGCCGG_027,191
CCTTAAGAAAAGAATGCCGG_028,105
CCTTAAGAAAAGAATGCCGG_029,137
CCTTAAGAAAAGAATGCCGG_030,180
CCTTAAGAAAAGAATGCCGG_031,126
CCCTACCCAAGGACCGACAG_001,161
CCCTACCCAAGGACCGACAG_002,81
CCCTACCCAAGGACCGACAG_003,40
CCCTACCCAAGGACCGACAG_004,72
CCCTACCCAAGGACCGACAG_005,158
CCCTACCCAAGGACCGACAG_006,61
CCCTACCCAAGGACCGACAG_007,28
CCCTACCCAAGGACCGACAG_008,0
CCCTACCCAAGGACCGACAG_009,172
CCCTACCCAAGGACCGACAG_010,157
CCCTACCCAAGGACCGACAG_011,11
CCCTACCCAAGGACCGACAG_012,53
CCCTACCCAAGGACCGACAG_013,110
CCCTACCCAAGGACCGACAG_014,110
CCCTACCCAAGGACCGACAG_015,61
CCCTACCCAAGGACCGACAG_016,13
CCCTACCCAAGGACCGACAG_017,165
CCCTACCCAAGGACCGACAG_018,174
CCCTACCCAAGGACCGACAG_019,92
CCCTACCCAAGGACCGACAG_020,113
CCCTACCCAAGGACCGACAG_021,103
CCCTACCCAAGGACCGACAG_022,54
CCCTACCCAAGGACCGACAG_023,102
CCCTACCCAAGGACCGACAG_024,72
CCCTACCCAAGGACCGACAG_025,58
CCCTACCCAAGGACCGACAG_026,105
CCCTACCCAAGGACCGACAG_027,69
CCCTACCCAAGGACCGACAG_028,130
CCCTACCCAAGGACCGACAG_029,124
CCCTACCCAAGGACCGACAG_030,180
CCCTACCCAAGGACCGACAG_031,17
CCCTACCCAAGGACCGACAG_032,12
CCCTACCCAAGGACCGACAG_033,198
TGATACCATCCATCCTCACT_001,28
TGATACCATCCATCCTCACT_002,137
TGATACCATCCATCCTCACT_003,51
TGATACCATCCATCCTCACT_004,25
TGATACCATCCATCCTCACT_005,163
TGATACCATCCATCCTCACT_006,117
TGATACCATCCATCCTCACT_007,125
TGATACCATCCATCCTCACT_008,145
TGATACCATCCATCCTCACT_009,49
TGATACCATCCATCCTCACT_010,97
TGATACCATCCATCCTCACT_011,88
TGATACCATCCATCCTCACT_012,169
TGATACCATCCATCCTCACT_013,1
TGATACCATCCATCCTCACT_014,158
TGATACCATCCATCCTCACT_015,192
TGATACCATCCATCCTCACT_016,1
TGATACCATCCATCCTCACT_017,184
TGATACCATCCATCCTCACT_018,19
TGATACCATCCATCCTCACT_019,19
TGATACCATCCATCCTCACT_020,126
AGCAGAGGTCGCGCAGCTCA_001,181
AGCAGAGGTCGCGCAGCTCA_002,32
AGCAGAGGTCGCGCAGCTCA_003,75
AGCAGAGGTCGCGCAGCTCA_004,170
AGCAGAGGTCGCGCAGCTCA_005,88
AGCAGAGGTCGCGCAGCTCA_006,175
AGCAGAGGTCGCGCAGCTCA_007,9
AGCAGAGGTCGCGCAGCTCA_008,98
AGCAGAGGTCGCGCAGCTCA_009,198
AGCAGAGGTCGCGCAGCTCA_010,106
AAACGAGAAGCACTTACCAA_001,154
AAACGAGAAGCACTTACCAA_002,54
AAACGAGAAGCACTTACCAA_003,50
AAACGAGAAGCACTTACCAA_004,108
AAACGAGAAGCACTTACCAA_005,19
AAACGAGAAGCACTTACCAA_006,105
AAACGAGAAGCACTTACCAA_007,16
AAACGAGAAGCACTTACCAA_008,129
AAACGAGAAGCACTTACCAA_009,140
AAACGAGAAGCACTTACCAA_010,7
AAACGAGAAGCACTTACCAA_011,171
AAACGAGAAGCACTTACCAA_012,178
AAACGAGAAGCACTTACCAA_013,135
AAACGAGAAGCACTTACCAA_014,21
AAACGAGAAGCACTTACCAA_015,177
AAACGAGAAGCACTTACCAA_016,17
AAACGAGAAGCACTTACCAA_017,127
AAACGAGAAGCACTTACCAA_018,70
AAACGAGAAGCACTTACCAA_019,141
AAACGAGAAGCACTTACCAA_020,148
AAACGAGAAGCACTTACCAA_021,156
AAACGAGAAGCACTTACCAA_022,116
AAACGAGAAGCACTTACCAA_023,48
AAACGAGAAGCACTTACCAA_024,24
AAACGAGAAGCACTTACCAA_025,4
AAACGAGAAGCACTTACCAA_026,160
AAACGAGAAGCACTTACCAA_027,192
AAACGAGAAGCACTTACCAA_028,10
AAACGAGAAGCACTTACCAA_029,142
AAACGAGAAGCACTTACCAA_030,98
AAACGAGAAGCACTTACCAA_031,40
AAACGAGAAGCACTTACCAA_032,48
AAACGAGAAGCACTTACCAA_033,113
AAACGAGAAGCACTTACCAA_034,98
AAACGAGAAGCACTTACCAA_035,141
AAGGGACCAGTACAAACTCA_001,175
AAGGGACCAGTACAAACTCA_002,60
AAGGGACCAGTACAAACTCA_003,105
AAGGGACCAGTACAAACTCA_004,80
AAGGGACCAGTACAAACTCA_005,47
AAGGGACCAGTACAAACTCA_006,25
AAGGGACCAGTACAAACTCA_007,22
AAGGGACCAGTACAAACTCA_008,185
AAGGGACCAGTACAAACTCA_009,42
AAGGGACCAGTACAAACTCA_010,198
AAGGGACCAGTACAAACTCA_011,174
AAGGGACCAGTACAAACTCA_012,15
AAGGGACCAGTACAAACTCA_013,35
TGTTGGGCAGAGGAGTACTG_001,192
TGTTGGGCAGAGGAGTACTG_002,94
TGTTGGGCAGAGGAGTACTG_003,31
CAGTCTGCTGTGAAGGACAT_001,177
CAGTCTGCTGTGAAGGACAT_002,94
CAGTCTGCTGTGAAGGACAT_003,158
CAGTCTGCTGTGAAGGACAT_004,62
CAGTCTGCTGTGAAGGACAT_005,98
CAGTCTGCTGTGAAGGACAT_006,80
CAGTCTGCTGTGAAGGACAT_007,139
CAGTCTGCTGTGAAGGACAT_008,185
CAGTCTGCTGTGAAGGACAT_009,168
CAGTGCTACACAGATCTGAC_001,146
CAGTGCTACACAGATCTGAC_002,89
CAGTGCTACACAGATCTGAC_003,178
CAGTGCTACACAGATCTGAC_004,110
CAGTGCTACACAGATCTGAC_005,2
GGACAGCTCAAATAGGGCGT_001,181
GGACAGCTCAAATAGGGCGT_002,19
GGACAGCTCAAATAGGGCGT_003,77
GGACAGCTCAAATAGGGCGT_004,53
GGACAGCTCAAATAGGGCGT_005,94
GGACAGCTCAAATAGGGCGT_006,189
GGACAGCTCAAATAGGGCGT_007,194
GGACAGCTCAAATAGGGCGT_008,151
GGACAGCTCAAATAGGGCGT_009,191
GGACAGCTCAAATAGGGCGT_010,22
GGACAGCTCAAATAGGGCGT_011,158
GGACAGCTCAAATAGGGCGT_012,171
GGACAGCTCAAATAGGGCGT_013,116
GGACAGCTCAAATAGGGCGT_014,148
GGACAGCTCAAATAGGGCGT_015,174
GGACAGCTCAAATAGGGCGT_016,92
GGACAGCTCAAATAGGGCGT_017,61
GGACAGCTCAAATAGGGCGT_018,47
GGACAGCTCAAATAGGGCGT_019,198
GGACAGCTCAAATAGGGCGT_020,75
GGACAGCTCAAATAGGGCGT_021,185
GGACAGCTCAAATAGGGCGT_022,52
GGACAGCTCAAATAGGGCGT_023,38
GGACAGCTCAAATAGGGCGT_024,124
GGACAGCTCAAATAGGGCGT_025,61
ATTTGCTGGAGATTGATGCT_001,19
ATTTGCTGGAGATTGATGCT_002,169
ATTTGCTGGAGATTGATGCT_003,29
ATTTGCTGGAGATTGATGCT_004,146
ATTTGCTGGAGATTGATGCT_005,34
ATTTGCTGGAGATTGATGCT_006,188
ATTTGCTGGAGATTGATGCT_007,117
ATTTGCTGGAGATTGATGCT_008,42
ATTTGCTGGAGATTGATGCT_009,199
ATTTGCTGGAGATTGATGCT_010,159
ATTTGCTGGAGATTGATGCT_011,56
ATTTGCTGGAGATTGATGCT_012,175
ATTTGCTGGAGATTGATGCT_013,152
ATTTGCTGGAGATTGATGCT_014,10
ATTTGCTGGAGATTGATGCT_015,0
ATTTGCTGGAGATTGATGCT_016,19
ATTTGCTGGAGATTGATGCT_017,37
AGCTGTCTGGAAACCGATGA_001,179
AGCTGTCTGGAAACCGATGA_002,82
AGCTGTCTGGAAACCGATGA_003,188
AGCTGTCTGGAAACCGATGA_004,79
AGCTGTCTGGAAACCGATGA_005,103
GTGAAGTTCGACGCCGTGAG_001,80
GTGAAGTTCGACGCCGTGAG_002,151
GTGAAGTTCGACGCCGTGAG_003,102
GTGAAGTTCGACGCCGTGAG_004,120
GTGAAGTTCGACGCCGTGAG_005,47
GTGAAGTTCGACGCCGTGAG_006,17
GTGAAGTTCGACGCCGTGAG_007,119
GTGAAGTTCGACGCCGTGAG_008,48
GTGAAGTTCGACGCCGTGAG_009,184
GTGAAGTTCGACGCCGTGAG_010,70
GTGAAGTTCGACGCCGTGAG_011,35
GTGAAGTTCGACGCCGTGAG_012,95
GTGAAGTTCGACGCCGTGAG_013,54
GTGAAGTTCGACGCCGTGAG_014,185
GTGAAGTTCGACGCCGTGAG_015,0
GTTTCTTAGTGTCCCAACGG_001,194
GTTTCTTAGTGTCCCAACGG_002,8
GTTTCTTAGTGTCCCAACGG_003,199
GTTTCTTAGTGTCCCAACGG_004,168
GTTTCTTAGTGTCCCAACGG_005,169
GTTTCTTAGTGTCCCAACGG_006,20
GTTTCTTAGTGTCCCAACGG_007,25
GTTTCTTAGTGTCCCAACGG_008,61
GTTTCTTAGTGTCCCAACGG_009,58
GATGCGGTATGCTGTATACT_001,15
GATGCGGTATGCTGTATACT_002,77
GATGCGGTATGCTGTATACT_003,74
GATGCGGTATGCTGTATACT_004,40
GATGCGGTATGCTGTATACT_005,105
GATGCGGTATGCTGTATACT_006,138
GATGCGGTATGCTGTATACT_007,9
GATGCGGTATGCTGTATACT_008,9
TTATGCCCTAGACCCAAGCA_001,150
TTATGCCCTAGACCCAAGCA_002,122
TTATGCCCTAGACCCAAGCA_003,82
TTATGCCCTAGACCCAAGCA_004,162
TTATGCCCTAGACCCAAGCA_005,151
TTATGCCCTAGACCCAAGCA_006,147
TTATGCCCTAGACCCAAGCA_007,148
TTATGCCCTAGACCCAAGCA_008,162
TTATGCCCTAGACCCAAGCA_009,15
GAGCTGAATATATGACTACA_001,62
GCGTAAGGCAGTGCTCCCCG_001,135
GCGTAAGGCAGTGCTCCCCG_002,10
GCGTAAGGCAGTGCTCCCCG_003,32
GCGTAAGGCAGTGCTCCCCG_004,43
GCGTAAGGCAGTGCTCCCCG_005,5
GCGTAAGGCAGTGCTCCCCG_006,57
GCGTAAGGCAGTGCTCCCCG_007,185
CAAGTGTGAGAATGACCGGG_001,136
CAAGTGTGAGAATGACCGGG_002,33
CAAGTGTGAGAATGACCGGG_003,46
CAAGTGTGAGAATGACCGGG_004,198
CAAGTGTGAGAATGACCGGG_005,155
CAAGTGTGAGAATGACCGGG_006,33
CAAGTGTGAGAATGACCGGG_007,178
CAAGTGTGAGAATGACCGGG_008,1
CAAGTGTGAGAATGACCGGG_009,194
CAAGTGTGAGAATGACCGGG_010,36
CAAGTGTGAGAATGACCGGG_011,123
CAAGTGTGAGAATGACCGGG_012,138
CAAGTGTGAGAATGACCGGG_013,63
CAAGTGTGAGAATGACCGGG_014,126
ATGGAAACGACCGTTCTCAG_001,20
ATGGAAACGACCGTTCTCAG_002,154
ATGGAAACGACCGTTCTCAG_003,12
ATGGAAACGACCGTTCTCAG_004,137
ATGGAAACGACCGTTCTCAG_005,1
ATGGAAACGACCGTTCTCAG_006,117
ATGGAAACGACCGTTCTCAG_007,108
ATGGAAACGACCGTTCTCAG_008,178
ATGGAAACGACCGTTCTCAG_009,82
ATGGAAACGACCGTTCTCAG_010,152
ATGGAAACGACCGTTCTCAG_011,147
ATGGAAACGACCGTTCTCAG_012,162
ATGGAAACGACCGTTCTCAG_013,50
ATGGAAACGACCGTTCTCAG_014,154
ATGGAAACGACCGTTCTCAG_015,21
ATGGAAACGACCGTTCTCAG_016,88
ATGGAAACGACCGTTCTCAG_017,44
ATGGAAACGACCGTTCTCAG_018,101
ATGGAAACGACCGTTCTCAG_019,74
GGCTCGGCCCAGGAGCGTCG_001,156
GGCTCGGCCCAGGAGCGTCG_002,163
GGCTCGGCCCAGGAGCGTCG_003,95
GGCTCGGCCCAGGAGCGTCG_004,146
GGCTCGGCCCAGGAGCGTCG_005,29
GGCTCGGCCCAGGAGCGTCG_006,81
GGCTCGGCCCAGGAGCGTCG_007,81
GGCTCGGCCCAGGAGCGTCG_008,28
GGCTCGGCCCAGGAGCGTCG_009,121
GGCTCGGCCCAGGAGCGTCG_010,27
GGCTCGGCCCAGGAGCGTCG_011,115
GGCTCGGCCCAGGAGCGTCG_012,139
GGCTCGGCCCAGGAGCGTCG_013,73
GGCTCGGCCCAGGAGCGTCG_014,167
GGCTCGGCCCAGGAGCGTCG_015,113
GGCTCGGCCCAGGAGCGTCG_016,64
GGCTCGGCCCAGGAGCGTCG_017,150
GGCTCGGCCCAGGAGCGTCG_018,10
ACCCACCAGTTATATACTTG_001,44
ACCCACCAGTTATATACTTG_002,138
ACCCACCAGTTATATACTTG_003,40
ATTACTACAACAGCATCCCG_001,62
ATTACTACAACAGCATCCCG_002,36
ATTACTACAACAGCATCCCG_003,54
ATTACTACAACAGCATCCCG_004,133
ATTACTACAACAGCATCCCG_005,105
ATTACTACAACAGCATCCCG_006,190
ATTACTACAACAGCATCCCG_007,184
ATTACTACAACAGCATCCCG_008,114
ATTACTACAACAGCATCCCG_009,191
ATTACTACAACAGCATCCCG_010,33
ATTACTACAACAGCATCCCG_011,156
ATTACTACAACAGCATCCCG_012,21
ATTACTACAACAGCATCCCG_013,185
ATTACTACAACAGCATCCCG_014,49
ATTACTACAACAGCATCCCG_015,1
ATTACTACAACAGCATCCCG_016,147
ATTGCAGGAACACTTGCCAA_001,56
ATTGCAGGAACACTTGCCAA_002,183
ATTGCAGGAACACTTGCCAA_003,60
ATTGCAGGAACACTTGCCAA_004,130
ATTGCAGGAACACTTGCCAA_005,134
ATTGCAGGAACACTTGCCAA_006,8
ATTGCAGGAACACTTGCCAA_007,182
TGGGCTACTACAACCGCAGG_001,3
TGGGCTACTACAACCGCAGG_002,122
TGGGCTACTACAACCGCAGG_003,165
TGGGCTACTACAACCGCAGG_004,59
TGGGCTACTACAACCGCAGG_005,123
AGGATGTCCCCCTTTCCGAG_001,183
AGGATGTCCCCCTTTCCGAG_002,94
AGGATGTCCCCCTTTCCGAG_003,169
AGGATGTCCCCCTTTCCGAG_004,123
AGGATGTCCCCCTTTCCGAG_005,12
AGGATGTCCCCCTTTCCGAG_006,195
AGGATGTCCCCCTTTCCGAG_007,130
AGGATGTCCCCCTTTCCGAG_008,192
AGGATGTCCCCCTTTCCGAG_009,98
AGGATGTCCCCCTTTCCGAG_010,73
AGGATGTCCCCCTTTCCGAG_011,26
AGGATGTCCCCCTTTCCGAG_012,160
AGGATGTCCCCCTTTCCGAG_013,1
AGGATGTCCCCCTTTCCGAG_014,46
AGGATGTCCCCCTTTCCGAG_015,16
AGGATGTCCCCCTTTCCGAG_016,104
AGGATGTCCCCCTTTCCGAG_017,160
AGGATGTCCCCCTTTCCGAG_018,162
AGGATGTCCCCCTTTCCGAG_019,62
AGGATGTCCCCCTTTCCGAG_020,40
AGGATGTCCCCCTTTCCGAG_021,192
AGGATGTCCCCCTTTCCGAG_022,32
AGGATGTCCCCCTTTCCGAG_023,103
AGGATGTCCCCCTTTCCGAG_024,149
AGGATGTCCCCCTTTCCGAG_025,16
AGGATGTCCCCCTTTCCGAG_026,12
AGGATGTCCCCCTTTCCGAG_027,82
AGGATGTCCCCCTTTCCGAG_028,163
AGGATGTCCCCCTTTCCGAG_029,158
AGGATGTCCCCCTTTCCGAG_030,86
AGGATGTCCCCCTTTCCGAG_031,41
AGGATGTCCCCCTTTCCGAG_032,39
AGGATGTCCCCCTTTCCGAG_033,184
AGGATGTCCCCCTTTCCGAG_034,150
CCAAAGCCTCCATAGCTCTG_001,70
CCAAAGCCTCCATAGCTCTG_002,116
GAAATTGTCAGAAGAAATCA_001,30
GAAATTGTCAGAAGAAATCA_002,62
CACATTCTTCACATGTGTAG_001,174
CACATTCTTCACATGTGTAG_002,28
GCAGTCCAGTCAATAGGGAT_001,175
GCAGTCCAGTCAATAGGGAT_002,139
GCAGTCCAGTCAATAGGGAT_003,70
GCAGTCCAGTCAATAGGGAT_004,78
GCAGTCCAGTCAATAGGGAT_005,184
GCAGTCCAGTCAATAGGGAT_006,166
GCAGTCCAGTCAATAGGGAT_007,102
GCAGTCCAGTCAATAGGGAT_008,191
GCAGTCCAGTCAATAGGGAT_009,120
GCAGTCCAGTCAATAGGGAT_010,29
GCAGTCCAGTCAATAGGGAT_011,58
GCAGTCCAGTCAATAGGGAT_012,49
GCAGTCCAGTCAATAGGGAT_013,98
TCGCTTTGGCTATGCACACT_001,116
TCGCTTTGGCTATGCACACT_002,45
TCGCTTTGGCTATGCACACT_003,169
TCGCTTTGGCTATGCACACT_004,16
ATACCCACCTTATACATGAT_001,141
ATACCCACCTTATACATGAT_002,172
ATACCCACCTTATACATGAT_003,184
ATACCCACCTTATACATGAT_004,2
ATACCCACCTTATACATGAT_005,103
ATACCCACCTTATACATGAT_006,38
ATACCCACCTTATACATGAT_007,115
ATACCCACCTTATACATGAT_008,79
ATACCCACCTTATACATGAT_009,88
ATACCCACCTTATACATGAT_010,134
ATACCCACCTTATACATGAT_011,171
ATACCCACCTTATACATGAT_012,104
ATACCCACCTTATACATGAT_013,115
ATACCCACCTTATACATGAT_014,148
ATACCCACCTTATACATGAT_015,62
ATACCCACCTTATACATGAT_016,3
AGGATACTGAGATACCCCCA_001,42
AGGATACTGAGATACCCCCA_002,58
CATGGGCGCTGGTCTAGCTG_001,100
GTCACATTCTACTGCTCACT_001,164
GGTGGCTTCTCCAGTCGCCG_001,197
GGTGGCTTCTCCAGTCGCCG_002,96
GGTGGCTTCTCCAGTCGCCG_003,70
GGTGGCTTCTCCAGTCGCCG_004,67
GGTGGCTTCTCCAGTCGCCG_005,175
GGTGGCTTCTCCAGTCGCCG_006,194
GGTGGCTTCTCCAGTCGCCG_007,174
GGTGGCTTCTCCAGTCGCCG_008,184
GGTGGCTTCTCCAGTCGCCG_009,106
GGTGGCTTCTCCAGTCGCCG_010,85
GGTGGCTTCTCCAGTCGCCG_011,188
GGTGGCTTCTCCAGTCGCCG_012,167
GGTGGCTTCTCCAGTCGCCG_013,125
GGTGGCTTCTCCAGTCGCCG_014,108
GGTGGCTTCTCCAGTCGCCG_015,36
GGTGGCTTCTCCAGTCGCCG_016,80
GGTGGCTTCTCCAGTCGCCG_017,115
GGTGGCTTCTCCAGTCGCCG_018,84
GGTGGCTTCTCCAGTCGCCG_019,130
GGTGGCTTCTCCAGTCGCCG_020,10
GGTGGCTTCTCCAGTCGCCG_021,147
GGTGGCTTCTCCAGTCGCCG_022,23
GGTGGCTTCTCCAGTCGCCG_023,146
GGTGGCTTCTCCAGTCGCCG_024,168
GGTGGCTTCTCCAGTCGCCG_025,84
GGTGGCTTCTCCAGTCGCCG_026,111
GACAGCATGCTGCTAGACCT_001,152
GACAGCATGCTGCTAGACCT_002,127
GACAGCATGCTGCTAGACCT_003,72
GACAGCATGCTGCTAGACCT_004,33
GACAGCATGCTGCTAGACCT_005,144
GACAGCATGCTGCTAGACCT_006,149
GACAGCATGCTGCTAGACCT_007,138
GACAGCATGCTGCTAGACCT_008,191
GACAGCATGCTGCTAGACCT_009,185
GACAGCATGCTGCTAGACCT_010,104
GACAGCATGCTGCTAGACCT_011,97
GACAGCATGCTGCTAGACCT_012,69
GACAGCATGCTGCTAGACCT_013,9
GACAGCATGCTGCTAGACCT_014,29
GACAGCATGCTGCTAGACCT_015,5
GACAGCATGCTGCTAGACCT_016,96
GACAGCATGCTGCTAGACCT_017,58
GACAGCATGCTGCTAGACCT_018,39
GACAGCATGCTGCTAGACCT_019,124
GAGGGAGGAGAGCGCCAGCG_001,125
GAGGGAGGAGAGCGCCAGCG_002,125
GAGGGAGGAGAGCGCCAGCG_003,77
GAGGGAGGAGAGCGCCAGCG_004,77
GAGGGAGGAGAGCGCCAGCG_005,147
GAGGGAGGAGAGCGCCAGCG_006,139
GAGGGAGGAGAGCGCCAGCG_007,137
GAGGGAGGAGAGCGCCAGCG_008,160
GAGGGAGGAGAGCGCCAGCG_009,127
GAGGGAGGAGAGCGCCAGCG_010,47
GAGGGAGGAGAGCGCCAGCG_011,161
GAGGGAGGAGAGCGCCAGCG_012,75
GAGGGAGGAGAGCGCCAGCG_013,43
GAGGGAGGAGAGCGCCAGCG_014,20
GAGGGAGGAGAGCGCCAGCG_015,148
GAGGGAGGAGAGCGCCAGCG_016,62
GAGGGAGGAGAGCGCCAGCG_017,127
GAGGGAGGAGAGCGCCAGCG_018,177
GAGGGAGGAGAGCGCCAGCG_019,45
GAGGGAGGAGAGCGCCAGCG_020,125
GAGGGAGGAGAGCGCCAGCG_021,198
GAGGGAGGAGAGCGCCAGCG_022,124
GAGGGAGGAGAGCGCCAGCG_023,37
GAGGGAGGAGAGCGCCAGCG_024,177
ATAGCGATCATATGCCATTG_001,45
ATAGCGATCATATGCCATTG_002,137
ATAGCGATCATATGCCATTG_003,178
ATAGCGATCATATGCCATTG_004,121
ATAGCGATCATATGCCATTG_005,58
ATAGCGATCATATGCCATTG_006,149
ATAGCGATCATATGCCATTG_007,151
ATAGCGATCATATGCCATTG_008,34
TGAAAGCGTTCATCGGCCGC_001,121
TGAAAGCGTTCATCGGCCGC_002,141
TGAAAGCGTTCATCGGCCGC_003,155
TGAAAGCGTTCATCGGCCGC_004,85
TGAAAGCGTTCATCGGCCGC_005,85
TGAAAGCGTTCATCGGCCGC_006,41
TGAAAGCGTTCATCGGCCGC_007,154
TGAAAGCGTTCATCGGCCGC_008,52
GGTCGCTATGTCAATGTCTG_001,21
GGTCGCTATGTCAATGTCTG_002,144
GGTCGCTATGTCAATGTCTG_003,50
GGTCGCTATGTCAATGTCTG_004,59
GGTCGCTATGTCAATGTCTG_005,178
GGTCGCTATGTCAATGTCTG_006,169
GGTCGCTATGTCAATGTCTG_007,149
GGTCGCTATGTCAATGTCTG_008,78
GGTCGCTATGTCAATGTCTG_009,146
GGTCGCTATGTCAATGTCTG_010,197
GGTCGCTATGTCAATGTCTG_011,40
GGTCGCTATGTCAATGTCTG_012,170
GGTCGCTATGTCAATGTCTG_013,140
GGTCGCTATGTCAATGTCTG_014,113
GGTCGCTATGTCAATGTCTG_015,194
GGTCGCTATGTCAATGTCTG_016,106
GGTCGCTATGTCAATGTCTG_017,184
GGTCGCTATGTCAATGTCTG_018,106
GGTCGCTATGTCAATGTCTG_019,10
GGTCGCTATGTCAATGTCTG_020,118
GGTCGCTATGTCAATGTCTG_021,96
GGTCGCTATGTCAATGTCTG_022,126
GGTCGCTATGTCAATGTCTG_023,80
GGTCGCTATGTCAATGTCTG_024,89
GGTCGCTATGTCAATGTCTG_025,19
GGTCGCTATGTCAATGTCTG_026,0
GGTCGCTATGTCAATGTCTG_027,6
GGTCGCTATGTCAATGTCTG_028,6
GGTCGCTATGTCAATGTCTG_029,147
GGTCGCTATGTCAATGTCTG_030,61
GGTCGCTATGTCAATGTCTG_031,121
TCGGGTCCCCACCACCCAGT_001,48
TCGGGTCCCCACCACCCAGT_002,94
TCGGGTCCCCACCACCCAGT_003,125
TCGGGTCCCCACCACCCAGT_004,141
TCGGGTCCCCACCACCCAGT_005,129
TCGGGTCCCCACCACCCAGT_006,11
TCGGGTCCCCACCACCCAGT_007,159
TCGGGTCCCCACCACCCAGT_008,30
TCGGGTCCCCACCACCCAGT_009,94
TCGGGTCCCCACCACCCAGT_010,13
TCGGGTCCCCACCACCCAGT_011,126
TCGGGTCCCCACCACCCAGT_012,85
TCGGGTCCCCACCACCCAGT_013,159
TCGGGTCCCCACCACCCAGT_014,29
TCGGGTCCCCACCACCCAGT_015,9
TCGGGTCCCCACCACCCAGT_016,169
TCGGGTCCCCACCACCCAGT_017,101
TCGGGTCCCCACCACCCAGT_018,98
TCGGGTCCCCACCACCCAGT_019,13
TCGGGTCCCCACCACCCAGT_020,119
TCGGGTCCCCACCACCCAGT_021,34
TCGGGTCCCCACCACCCAGT_022,94
TCGGGTCCCCACCACCCAGT_023,146
TCGGGTCCCCACCACCCAGT_024,158
TCGGGTCCCCACCACCCAGT_025,78
TCGGGTCCCCACCACCCAGT_026,77
TCGGGTCCCCACCACCCAGT_027,15
TCGGGTCCCCACCACCCAGT_028,152
TCGGGTCCCCACCACCCAGT_029,103
TCGGGTCCCCACCACCCAGT_030,52
TCGGGTCCCCACCACCCAGT_031,191
TCGGGTCCCCACCACCCAGT_032,116
TCGGGTCCCCACCACCCAGT_033,190
TCGGGTCCCCACCACCCAGT_034,121
TCGGGTCCCCACCACCCAGT_035,174
TCGGGTCCCCACCACCCAGT_036,2
TCGGGTCCCCACCACCCAGT_037,159
TCGGGTCCCCACCACCCAGT_038,172
TCGGGTCCCCACCACCCAGT_039,168
TCGGGTCCCCACCACCCAGT_040,98
TCGGGTCCCCACCACCCAGT_041,88
AGGATAGAGGGACAGGTCGA_001,44
AGGATAGAGGGACAGGTCGA_002,43
AGGATAGAGGGACAGGTCGA_003,83
AGGATAGAGGGACAGGTCGA_004,34
AGGATAGAGGGACAGGTCGA_005,175
AGGATAGAGGGACAGGTCGA_006,6
AGGATAGAGGGACAGGTCGA_007,56
AGGATAGAGGGACAGGTCGA_008,41
AGGATAGAGGGACAGGTCGA_009,69
AGGATAGAGGGACAGGTCGA_010,169
AGGATAGAGGGACAGGTCGA_011,15
AGGATAGAGGGACAGGTCGA_012,110
AGGATAGAGGGACAGGTCGA_013,113
AGGATAGAGGGACAGGTCGA_014,30
AGGATAGAGGGACAGGTCGA_015,59
AGGATAGAGGGACAGGTCGA_016,40
AGGATAGAGGGACAGGTCGA_017,178
AGGATAGAGGGACAGGTCGA_018,36
ATCAGGTGGATCCTGAACAG_001,60
ATCAGGTGGATCCTGAACAG_002,22
ATCAGGTGGATCCTGAACAG_003,18
CAACGCCATCTACACCACGA_001,70
CAACGCCATCTACACCACGA_002,43
CAACGCCATCTACACCACGA_003,150
CAACGCCATCTACACCACGA_004,145
CAACGCCATCTACACCACGA_005,82
CAACGCCATCTACACCACGA_006,48
CAACGCCATCTACACCACGA_007,8
CAACGCCATCTACACCACGA_008,146
CAACGCCATCTACACCACGA_009,197
TATCGCTCAATACGCTATAG_001,94
TATCGCTCAATACGCTATAG_002,36
AGAGCACAAGAAGAAGCGCA_001,92
AGAGCACAAGAAGAAGCGCA_002,33
AGAGCACAAGAAGAAGCGCA_003,159
AGAGCACAAGAAGAAGCGCA_004,95
AGAGCACAAGAAGAAGCGCA_005,165
AGAGCACAAGAAGAAGCGCA_006,182
AGAGCACAAGAAGAAGCGCA_007,44
AGAGCACAAGAAGAAGCGCA_008,165
AGAGCACAAGAAGAAGCGCA_009,19
AGAGCACAAGAAGAAGCGCA_010,94
AGAGCACAAGAAGAAGCGCA_011,149
AGAGCACAAGAAGAAGCGCA_012,180
AGAGCACAAGAAGAAGCGCA_013,37
AGAGCACAAGAAGAAGCGCA_014,105
AGAGCACAAGAAGAAGCGCA_015,156
TTGCCCTCCTCCGACCGAAG_001,57
TTGCCCTCCTCCGACCGAAG_002,195
TTGCCCTCCTCCGACCGAAG_003,195
GTTGGTGACAAATATCCAGG_001,117
CTGGCCCACAGACGCGTCCG_001,118
CTGGCCCACAGACGCGTCCG_002,26
CTGGCCCACAGACGCGTCCG_003,139
CTGGCCCACAGACGCGTCCG_004,159
CTGGCCCACAGACGCGTCCG_005,99
CTGGCCCACAGACGCGTCCG_006,163
CTGGCCCACAGACGCGTCCG_007,134
CTGGCCCACAGACGCGTCCG_008,198
CTGGCCCACAGACGCGTCCG_009,94
CTGGCCCACAGACGCGTCCG_010,58
CTGGCCCACAGACGCGTCCG_011,190
CTGGCCCACAGACGCGTCCG_012,150
CTGGCCCACAGACGCGTCCG_013,12
CTGGCCCACAGACGCGTCCG_014,94
CTGGCCCACAGACGCGTCCG_015,170
CTGGCCCACAGACGCGTCCG_016,3
CTGGCCCACAGACGCGTCCG_017,78
CTGGCCCACAGACGCGTCCG_018,106
CTGGCCCACAGACGCGTCCG_019,106
ATTGTGGTTGAATTCAGGTG_001,94
ATTGTGGTTGAATTCAGGTG_002,9
ATTGTGGTTGAATTCAGGTG_003,75
ATTGTGGTTGAATTCAGGTG_004,9
ATTGTGGTTGAATTCAGGTG_005,186
ATTGTGGTTGAATTCAGGTG_006,116
ATTGTGGTTGAATTCAGGTG_007,115
ATTGTGGTTGAATTCAGGTG_008,183
ATTGTGGTTGAATTCAGGTG_009,103
ATTGTGGTTGAATTCAGGTG_010,107
ATTGTGGTTGAATTCAGGTG_011,194
ATTGTGGTTGAATTCAGGTG_012,189
CTGGGGCCACACGCACGACG_001,115
CTGGGGCCACACGCACGACG_002,135
CTGGGGCCACACGCACGACG_003,3
CTGGGGCCACACGCACGACG_004,158
CTGGGGCCACACGCACGACG_005,81
CTGGGGCCACACGCACGACG_006,105
CTGGGGCCACACGCACGACG_007,88
CTGGGGCCACACGCACGACG_008,163
CTGGGGCCACACGCACGACG_009,45
CTGGGGCCACACGCACGACG_010,160
CTGGGGCCACACGCACGACG_011,113
CTGGGGCCACACGCACGACG_012,38
CTGGGGCCACACGCACGACG_013,77
CTGGGGCCACACGCACGACG_014,169
CTGGGGCCACACGCACGACG_015,181
CTGGGGCCACACGCACGACG_016,28
CTGGGGCCACACGCACGACG_017,67
CTGGGGCCACACGCACGACG_018,52
CTGGGGCCACACGCACGACG_019,84
CTGGGGCCACACGCACGACG_020,134
CTGGGGCCACACGCACGACG_021,138
CTGGGGCCACACGCACGACG_022,152
CTGGGGCCACACGCACGACG_023,70
GCAAAACCTTGTCTACTCAC_001,8
GCAAAACCTTGTCTACTCAC_002,60
GAAAGCATAGCCACTAGACG_001,15
GAAAGCATAGCCACTAGACG_002,60
GAAAGCATAGCCACTAGACG_003,157
GAAAGCATAGCCACTAGACG_004,158
GAAAGCATAGCCACTAGACG_005,168
GAAAGCATAGCCACTAGACG_006,63
GAAAGCATAGCCACTAGACG_007,137
GAAAGCATAGCCACTAGACG_008,11
GAAAGCATAGCCACTAGACG_009,144
CACGCCGATCCATATAAGCT_001,127
CACGCCGATCCATATAAGCT_002,70
CACGCCGATCCATATAAGCT_003,2
CACGCCGATCCATATAAGCT_004,9
CACGCCGATCCATATAAGCT_005,96
CACGCCGATCCATATAAGCT_006,15
CTGGGCAGTACCGATAAGCA_001,191
CTGGGCAGTACCGATAAGCA_002,193
CTGGGCAGTACCGATAAGCA_003,135
CTGGGCAGTACCGATAAGCA_004,64
CTGGGCAGTACCGATAAGCA_005,159
CTGGGCAGTACCGATAAGCA_006,163
CTGGGCAGTACCGATAAGCA_007,60
CTGGGCAGTACCGATAAGCA_008,2
CTGGGCAGTACCGATAAGCA_009,5
CTGGGCAGTACCGATAAGCA_010,64
CTGGGCAGTACCGATAAGCA_011,47
CTGGGCAGTACCGATAAGCA_012,2
TTTGGACGTCAGCATTACAA_001,92
TTTGGACGTCAGCATTACAA_002,129
TTTGGACGTCAGCATTACAA_003,145
TTTGGACGTCAGCATTACAA_004,108
TTTGGACGTCAGCATTACAA_005,36
GAGGTATTAAAACCCAAGCA_001,55
AAGGGTCTAAAGCCATCCAG_001,127
AAGGGTCTAAAGCCATCCAG_002,149
AAGGGTCTAAAGCCATCCAG_003,199
AAGGGTCTAAAGCCATCCAG_004,120
AAGGGTCTAAAGCCATCCAG_005,70
AAGGGTCTAAAGCCATCCAG_006,37
AAGGGTCTAAAGCCATCCAG_007,154
AAGGGTCTAAAGCCATCCAG_008,67
AAGGGTCTAAAGCCATCCAG_009,42
AAGGGTCTAAAGCCATCCAG_010,58
AAGGGTCTAAAGCCATCCAG_011,123
AAGGGTCTAAAGCCATCCAG_012,52
AAGGGTCTAAAGCCATCCAG_013,166
AAGGGTCTAAAGCCATCCAG_014,52
AAGGGTCTAAAGCCATCCAG_015,15
AAGGGTCTAAAGCCATCCAG_016,72
AAGGGTCTAAAGCCATCCAG_017,198
AAGGGTCTAAAGCCATCCAG_018,76
AAGGGTCTAAAGCCATCCAG_019,181
AAGGGTCTAAAGCCATCCAG_020,25
AAGGGTCTAAAGCCATCCAG_021,25
AAGGGTCTAAAGCCATCCAG_022,4
AAGGGTCTAAAGCCATCCAG_023,99
CTCACCAGGCACATAGACGG_001,9
CTCACCAGGCACATAGACGG_002,19
CTCACCAGGCACATAGACGG_003,33
CTCACCAGGCACATAGACGG_004,156
CTCACCAGGCACATAGACGG_005,118
CTCACCAGGCACATAGACGG_006,34
GAACTGCTCTGGACATATGA_001,186
GAACTGCTCTGGACATATGA_002,41
GAACTGCTCTGGACATATGA_003,10
CAGTATAGCTCCAGTACATG_001,41
CAGTATAGCTCCAGTACATG_002,114
CAGTATAGCTCCAGTACATG_003,76
AGGATGACATTCTGTACCAG_001,35
GAAGTGACCAAGTTCACTCC_001,117
GAAGTGACCAAGTTCACTCC_002,105
GAAGTGACCAAGTTCACTCC_003,17
GAAGTGACCAAGTTCACTCC_004,10
GAAGTGACCAAGTTCACTCC_005,3
AACATTAGTTATACCCACTG_001,169
AACATTAGTTATACCCACTG_002,2
AACATTAGTTATACCCACTG_003,1
AACATTAGTTATACCCACTG_004,146
CCGTGGAACTAAAAGCACTT_001,106
CCGTGGAACTAAAAGCACTT_002,146
CCGTGGAACTAAAAGCACTT_003,133
CCGTGGAACTAAAAGCACTT_004,127
CCGTGGAACTAAAAGCACTT_005,182
CCGTGGAACTAAAAGCACTT_006,8
CCGTGGAACTAAAAGCACTT_007,9
CCGTGGAACTAAAAGCACTT_008,29
CCGTGGAACTAAAAGCACTT_009,35
AAGGATACAGAACTCGTCAG_001,130
AAGGATACAGAACTCGTCAG_002,136
AAGGATACAGAACTCGTCAG_003,169
AAGGATACAGAACTCGTCAG_004,16
AAGGATACAGAACTCGTCAG_005,80
AAGGATACAGAACTCGTCAG_006,90
AAGGATACAGAACTCGTCAG_007,113
AAGGATACAGAACTCGTCAG_008,148
AAGGATACAGAACTCGTCAG_009,108
AAGGATACAGAACTCGTCAG_010,156
AAGGATACAGAACTCGTCAG_011,38
AAGGATACAGAACTCGTCAG_012,98
AAGGATACAGAACTCGTCAG_013,146
AAGGATACAGAACTCGTCAG_014,95
AAGGATACAGAACTCGTCAG_015,119
AAGGATACAGAACTCGTCAG_016,196
AAGGATACAGAACTCGTCAG_017,47
AAGGATACAGAACTCGTCAG_018,88
AAGGATACAGAACTCGTCAG_019,110
GTTGAGGGCCAAAGTTGCTA_001,193
GTTGAGGGCCAAAGTTGCTA_002,176
GTTGAGGGCCAAAGTTGCTA_003,107
GTTGAGGGCCAAAGTTGCTA_004,58
GTTGAGGGCCAAAGTTGCTA_005,154
GTTGAGGGCCAAAGTTGCTA_006,71
GTTGAGGGCCAAAGTTGCTA_007,152
GTTGAGGGCCAAAGTTGCTA_008,10
GTTGAGGGCCAAAGTTGCTA_009,12
GTTGAGGGCCAAAGTTGCTA_010,52
GTTGAGGGCCAAAGTTGCTA_011,63
GTTGAGGGCCAAAGTTGCTA_012,22
GTTGAGGGCCAAAGTTGCTA_013,29
GTTGAGGGCCAAAGTTGCTA_014,2
GTTGAGGGCCAAAGTTGCTA_015,172
GTTGAGGGCCAAAGTTGCTA_016,62
GTTGAGGGCCAAAGTTGCTA_017,40
GTTGAGGGCCAAAGTTGCTA_018,169
GTTGAGGGCCAAAGTTGCTA_019,166
GCTCGCCTATGTCCCTCACT_001,77
GCTCGCCTATGTCCCTCACT_002,184
GCTCGCCTATGTCCCTCACT_003,50
GCTCGCCTATGTCCCTCACT_004,160
GCTCGCCTATGTCCCTCACT_005,140
GCTCGCCTATGTCCCTCACT_006,156
GATCTTCTTCACACCCGGCG_001,188
GATCTTCTTCACACCCGGCG_002,40
GATCTTCTTCACACCCGGCG_003,146
GATCTTCTTCACACCCGGCG_004,127
GATCTTCTTCACACCCGGCG_005,147
GATCTTCTTCACACCCGGCG_006,93
GATCTTCTTCACACCCGGCG_007,98
GATCTTCTTCACACCCGGCG_008,135
GATCTTCTTCACACCCGGCG_009,53
GATCTTCTTCACACCCGGCG_010,117
GATCTTCTTCACACCCGGCG_011,41
GATCTTCTTCACACCCGGCG_012,113
GATCTTCTTCACACCCGGCG_013,47
GATCTTCTTCACACCCGGCG_014,135
GATCTTCTTCACACCCGGCG_015,106
GATCTTCTTCACACCCGGCG_016,43
TGCAGCTGCTCAGGAGGGAC_001,104
TGCAGCTGCTCAGGAGGGAC_002,49
TGCAGCTGCTCAGGAGGGAC_003,50
TGCAGCTGCTCAGGAGGGAC_004,34
TGCAGCTGCTCAGGAGGGAC_005,197
TGCAGCTGCTCAGGAGGGAC_006,10
TGCAGCTGCTCAGGAGGGAC_007,56
TGCAGCTGCTCAGGAGGGAC_008,51
TGCAGCTGCTCAGGAGGGAC_009,141
CTCACCTGTTGAGTTAGCAC_001,125
CTCACCTGTTGAGTTAGCAC_002,161
CTCACCTGTTGAGTTAGCAC_003,33
CTCACCTGTTGAGTTAGCAC_004,170
CTCACCTGTTGAGTTAGCAC_005,31
CTCACCTGTTGAGTTAGCAC_006,162
CTCACCTGTTGAGTTAGCAC_007,56
CTCACCTGTTGAGTTAGCAC_008,77
CTCACCTGTTGAGTTAGCAC_009,29
CTCACCTGTTGAGTTAGCAC_010,77
CTCACCTGTTGAGTTAGCAC_011,115
CTCACCTGTTGAGTTAGCAC_012,49
TGGTCGTTGATCTCGCAGCG_001,25
TGGTCGTTGATCTCGCAGCG_002,98
TGGTCGTTGATCTCGCAGCG_003,78
TGGTCGTTGATCTCGCAGCG_004,10
TGGTCGTTGATCTCGCAGCG_005,48
TGGTCGTTGATCTCGCAGCG_006,60
TGGTCGTTGATCTCGCAGCG_007,182
TGGTCGTTGATCTCGCAGCG_008,19
TGGTCGTTGATCTCGCAGCG_009,158
TGGTCGTTGATCTCGCAGCG_010,168
TCTAGAAAAGAGTCTCATCG_001,176
TCTAGAAAAGAGTCTCATCG_002,199
TCTAGAAAAGAGTCTCATCG_003,20
TCTAGAAAAGAGTCTCATCG_004,186
TCTAGAAAAGAGTCTCATCG_005,50
TCTAGAAAAGAGTCTCATCG_006,119
TCTAGAAAAGAGTCTCATCG_007,0
AGCACCACGTTGACTCGCAG_001,169
AGCACCACGTTGACTCGCAG_002,77
AGCACCACGTTGACTCGCAG_003,181
AGCACCACGTTGACTCGCAG_004,107
AGCACCACGTTGACTCGCAG_005,147
AGCACCACGTTGACTCGCAG_006,154
AGCACCACGTTGACTCGCAG_007,135
AGCACCACGTTGACTCGCAG_008,174
AGCACCACGTTGACTCGCAG_009,28
AGCACCACGTTGACTCGCAG_010,41
AGCACCACGTTGACTCGCAG_011,103
AATACATGCAGGTGTCAGGA_001,20
AATACATGCAGGTGTCAGGA_002,118
AATACATGCAGGTGTCAGGA_003,149
AATACATGCAGGTGTCAGGA_004,49
AATACATGCAGGTGTCAGGA_005,20
AATACATGCAGGTGTCAGGA_006,138
AATACATGCAGGTGTCAGGA_007,175
ACCACCCGACCTAACCGTCG_001,20
ACCACCCGACCTAACCGTCG_002,136
ACCACCCGACCTAACCGTCG_003,7
ACTGGAACGGCGAAACACCA_001,192
ACTGGAACGGCGAAACACCA_002,162
ACTGGAACGGCGAAACACCA_003,168
ACTGGAACGGCGAAACACCA_004,35
ACTGGAACGGCGAAACACCA_005,198
ACTGGAACGGCGAAACACCA_006,198
ACTGGAACGGCGAAACACCA_007,50
ACTGGAACGGCGAAACACCA_008,169
ACTGGAACGGCGAAACACCA_009,176
ACTGGAACGGCGAAACACCA_010,82
ACTGGAACGGCGAAACACCA_011,28
ACTGGAACGGCGAAACACCA_012,19
ACTGGAACGGCGAAACACCA_013,184
ACTGGAACGGCGAAACACCA_014,130
ACTGGAACGGCGAAACACCA_015,141
ACTGGAACGGCGAAACACCA_016,138
CACCAGGTCATCTCTCAAGA_001,0
CACCAGGTCATCTCTCAAGA_002,43
CACCAGGTCATCTCTCAAGA_003,108
CACCAGGTCATCTCTCAAGA_004,178
CACCAGGTCATCTCTCAAGA_005,148
CACCAGGTCATCTCTCAAGA_006,140
TTACTATGCTGGGCAATGTG_001,33
TTACTATGCTGGGCAATGTG_002,12
TTACTATGCTGGGCAATGTG_003,157
TTACTATGCTGGGCAATGTG_004,49
TTACTATGCTGGGCAATGTG_005,82
TTACTATGCTGGGCAATGTG_006,75
TTACTATGCTGGGCAATGTG_007,82
TTACTATGCTGGGCAATGTG_008,28
TTACTATGCTGGGCAATGTG_009,23
TTACTATGCTGGGCAATGTG_010,76
TTACTATGCTGGGCAATGTG_011,25
TTACTATGCTGGGCAATGTG_012,161
TTACTATGCTGGGCAATGTG_013,179
TTACTATGCTGGGCAATGTG_014,27
TTACTATGCTGGGCAATGTG_015,168
TTACTATGCTGGGCAATGTG_016,135
TTACTATGCTGGGCAATGTG_017,73
TTACTATGCTGGGCAATGTG_018,2
TTACTATGCTGGGCAATGTG_019,191
TTTGCCAATGGCATAAGCGT_001,17
TTTGCCAATGGCATAAGCGT_002,176
TTTGCCAATGGCATAAGCGT_003,48
TTTGCCAATGGCATAAGCGT_004,161
TTTGCCAATGGCATAAGCGT_005,146
TTTGCCAATGGCATAAGCGT_006,17
TTTGCCAATGGCATAAGCGT_007,190
TTTGCCAATGGCATAAGCGT_008,60
TTGAGGGGACCTAATTCATG_001,149
TTGAGGGGACCTAATTCATG_002,83
TTGAGGGGACCTAATTCATG_003,194
TTGAGGGGACCTAATTCATG_004,124
TTGAGGGGACCTAATTCATG_005,149
TTGAGGGGACCTAATTCATG_006,37
ACCACCAAGCCAGCTCAGCG_001,102
ACCACCAAGCCAGCTCAGCG_002,14
ACCACCAAGCCAGCTCAGCG_003,130
ACCACCAAGCCAGCTCAGCG_004,180
ACCACCAAGCCAGCTCAGCG_005,175
ACCACCAAGCCAGCTCAGCG_006,151
ACCACCAAGCCAGCTCAGCG_007,137
ACCACCAAGCCAGCTCAGCG_008,129
ACCACCAAGCCAGCTCAGCG_009,15
ACCACCAAGCCAGCTCAGCG_010,69
ACCACCAAGCCAGCTCAGCG_011,145
ACCACCAAGCCAGCTCAGCG_012,93
ACCACCAAGCCAGCTCAGCG_013,86
ACCACCAAGCCAGCTCAGCG_014,149
ACCACCAAGCCAGCTCAGCG_015,29
ACCACCAAGCCAGCTCAGCG_016,126
ACCACCAAGCCAGCTCAGCG_017,50
ACCACCAAGCCAGCTCAGCG_018,132
ACCACCAAGCCAGCTCAGCG_019,190
ACCACCAAGCCAGCTCAGCG_020,182
ACCACCAAGCCAGCTCAGCG_021,22
ACCACCAAGCCAGCTCAGCG_022,112
ACCACCAAGCCAGCTCAGCG_023,103
ACCACCAAGCCAGCTCAGCG_024,95
ACCACCAAGCCAGCTCAGCG_025,117
ACCACCAAGCCAGCTCAGCG_026,172
ACCACCAAGCCAGCTCAGCG_027,86
ACCACCAAGCCAGCTCAGCG_028,60
ACCACCAAGCCAGCTCAGCG_029,43
ACCACCAAGCCAGCTCAGCG_030,17
ACCACCAAGCCAGCTCAGCG_031,56
ACCACCAAGCCAGCTCAGCG_032,106
ACCACCAAGCCAGCTCAGCG_033,69
ACCACCAAGCCAGCTCAGCG_034,91
ACCACCAAGCCAGCTCAGCG_035,103
ACCACCAAGCCAGCTCAGCG_036,169
ACCACCAAGCCAGCTCAGCG_037,126
ACCACCAAGCCAGCTCAGCG_038,74
ACCACCAAGCCAGCTCAGCG_039,147
ACCACCAAGCCAGCTCAGCG_040,102
ACCACCAAGCCAGCTCAGCG_041,102
ACCACCAAGCCAGCTCAGCG_042,55
ACCACCAAGCCAGCTCAGCG_043,126
TGAAGACTGGGGCATGAACG_001,94
TGAAGACTGGGGCATGAACG_002,27
TGAAGACTGGGGCATGAACG_003,29
TGAAGACTGGGGCATGAACG_004,144
TGAAGACTGGGGCATGAACG_005,148
TGAAGACTGGGGCATGAACG_006,132
TGAAGACTGGGGCATGAACG_007,105
TGAAGACTGGGGCATGAACG_008,188
TGAAGACTGGGGCATGAACG_009,20
TGAAGACTGGGGCATGAACG_010,40
AACATTCAGACAAGACCTTG_001,19
AACATTCAGACAAGACCTTG_002,150
ACTAGTACAGCGAGAGTGGG_001,147
ACTAGTACAGCGAGAGTGGG_002,121
ACTAGTACAGCGAGAGTGGG_003,111
ACTAGTACAGCGAGAGTGGG_004,161
ACTAGTACAGCGAGAGTGGG_005,75
ACTAGTACAGCGAGAGTGGG_006,169
ACTAGTACAGCGAGAGTGGG_007,88
ACTAGTACAGCGAGAGTGGG_008,15
ACTAGTACAGCGAGAGTGGG_009,135
ACTAGTACAGCGAGAGTGGG_010,48
ACTAGTACAGCGAGAGTGGG_011,15
ACTAGTACAGCGAGAGTGGG_012,102
ACTAGTACAGCGAGAGTGGG_013,188
ACTAGTACAGCGAGAGTGGG_014,136
ACTAGTACAGCGAGAGTGGG_015,105
ACTAGTACAGCGAGAGTGGG_016,116
ACTAGTACAGCGAGAGTGGG_017,147
ACTAGTACAGCGAGAGTGGG_018,148
ACTAGTACAGCGAGAGTGGG_019,141
ACTAGTACAGCGAGAGTGGG_020,172
ACTAGTACAGCGAGAGTGGG_021,158
ACTAGTACAGCGAGAGTGGG_022,41
ACTAGTACAGCGAGAGTGGG_023,126
ACTAGTACAGCGAGAGTGGG_024,40
AGTAGGGCATCATGAGCGTG_001,64
AGTAGGGCATCATGAGCGTG_002,99
AGTAGGGCATCATGAGCGTG_003,86
AGTAGGGCATCATGAGCGTG_004,4
AGTAGGGCATCATGAGCGTG_005,34
AGTAGGGCATCATGAGCGTG_006,98
AGTAGGGCATCATGAGCGTG_007,169
AGTAGGGCATCATGAGCGTG_008,135
AGTAGGGCATCATGAGCGTG_009,110
AGTAGGGCATCATGAGCGTG_010,160
AGTAGGGCATCATGAGCGTG_011,98
AGTAGGGCATCATGAGCGTG_012,170
AGTAGGGCATCATGAGCGTG_013,118
CTTCTCAGAATGACACGCTG_001,134
CTTCTCAGAATGACACGCTG_002,94
CTTCTCAGAATGACACGCTG_003,80
CTTCTCAGAATGACACGCTG_004,80
CTTCTCAGAATGACACGCTG_005,15
CTTCTCAGAATGACACGCTG_006,185
CTTCTCAGAATGACACGCTG_007,185
CTTCTCAGAATGACACGCTG_008,198
CTTCTCAGAATGACACGCTG_009,14
CTTCTCAGAATGACACGCTG_010,76
CTTCTCAGAATGACACGCTG_011,9
CTTCTCAGAATGACACGCTG_012,160
CTTCTCAGAATGACACGCTG_013,48
CTTCTCAGAATGACACGCTG_014,19
CTTCTCAGAATGACACGCTG_015,189
CTTCTCAGAATGACACGCTG_016,94
CTTCTCAGAATGACACGCTG_017,55
CTTCTCAGAATGACACGCTG_018,28
CTTCTCAGAATGACACGCTG_019,105
CTTCTCAGAATGACACGCTG_020,142
CTTCTCAGAATGACACGCTG_021,177
CTTCTCAGAATGACACGCTG_022,197
AGATCTTGAACCGTCTGTGG_001,192
AGATCTTGAACCGTCTGTGG_002,104
AGATCTTGAACCGTCTGTGG_003,163
AGATCTTGAACCGTCTGTGG_004,88
AGATCTTGAACCGTCTGTGG_005,12
AGATCTTGAACCGTCTGTGG_006,137
AGATCTTGAACCGTCTGTGG_007,149
AGATCTTGAACCGTCTGTGG_008,155
AGATCTTGAACCGTCTGTGG_009,140
AGATCTTGAACCGTCTGTGG_010,41
CATCAGAGAAAGCCTGACAC_001,8
CATCAGAGAAAGCCTGACAC_002,167
CATCAGAGAAAGCCTGACAC_003,38
CATCAGAGAAAGCCTGACAC_004,52
CTCCTGTGGAGGCTGCAAGG_001,101
CTCCTGTGGAGGCTGCAAGG_002,53
CTCCTGTGGAGGCTGCAAGG_003,185
CTCCTGTGGAGGCTGCAAGG_004,137
CTCCTGTGGAGGCTGCAAGG_005,15
AGGAAGGACTGATTCCACAG_001,48
AGGAAGGACTGATTCCACAG_002,190
AGGAAGGACTGATTCCACAG_003,70
AGGAAGGACTGATTCCACAG_004,27
AGGAAGGACTGATTCCACAG_005,52
AGGAAGGACTGATTCCACAG_006,16
AGGAAGGACTGATTCCACAG_007,137
GAACCGTACCAGAACCACTC_001,59
GAACCGTACCAGAACCACTC_002,28
GAACCGTACCAGAACCACTC_003,198
GAACCGTACCAGAACCACTC_004,55
GAACCGTACCAGAACCACTC_005,172
GAACCGTACCAGAACCACTC_006,120
GAACCGTACCAGAACCACTC_007,69
GAACCGTACCAGAACCACTC_008,170
GAACCGTACCAGAACCACTC_009,83
GAACCGTACCAGAACCACTC_010,186
GAACCGTACCAGAACCACTC_011,94
GAACCGTACCAGAACCACTC_012,114
GAACCGTACCAGAACCACTC_013,114
GAACCGTACCAGAACCACTC_014,160
GAATAATAAACAGAGGAAGG_001,50
GAATAATAAACAGAGGAAGG_002,2
GAATAATAAACAGAGGAAGG_003,158
AGACTGTGGATGGCTTCCAG_001,49
AGACTGTGGATGGCTTCCAG_002,41
AGACTGTGGATGGCTTCCAG_003,53
AGACTGTGGATGGCTTCCAG_004,58
AGACTGTGGATGGCTTCCAG_005,190
AGACTGTGGATGGCTTCCAG_006,60
AGACTGTGGATGGCTTCCAG_007,166
AGACTGTGGATGGCTTCCAG_008,29
AGACTGTGGATGGCTTCCAG_009,73
AGACTGTGGATGGCTTCCAG_010,85
AGACTGTGGATGGCTTCCAG_011,173
AGACTGTGGATGGCTTCCAG_012,173
AGACTGTGGATGGCTTCCAG_013,97
AGACTGTGGATGGCTTCCAG_014,80
AGACTGTGGATGGCTTCCAG_015,143
AGACTGTGGATGGCTTCCAG_016,160
AGACTGTGGATGGCTTCCAG_017,118
AGACTGTGGATGGCTTCCAG_018,135
AGACTGTGGATGGCTTCCAG_019,2
AGACTGTGGATGGCTTCCAG_020,25
AGACTGTGGATGGCTTCCAG_021,175
AGACTGTGGATGGCTTCCAG_022,196
AGACTGTGGATGGCTTCCAG_023,64
AGACTGTGGATGGCTTCCAG_024,77
AGACTGTGGATGGCTTCCAG_025,170
AGACTGTGGATGGCTTCCAG_026,19
AGACTGTGGATGGCTTCCAG_027,105
AGACTGTGGATGGCTTCCAG_028,170
AGACTGTGGATGGCTTCCAG_029,182
AGACTGTGGATGGCTTCCAG_030,178
AGACTGTGGATGGCTTCCAG_031,138
AGACTGTGGATGGCTTCCAG_032,39
AGACTGTGGATGGCTTCCAG_033,56
ACTTAACCCTCTCACAGCAG_001,41
ACTTAACCCTCTCACAGCAG_002,84
ACTTAACCCTCTCACAGCAG_003,12
ACTTAACCCTCTCACAGCAG_004,127
ACTTAACCCTCTCACAGCAG_005,137
GCAAAGAGAATAACAAGACT_001,76
GCAAAGAGAATAACAAGACT_002,177
GCAAAGAGAATAACAAGACT_003,51
GCAAAGAGAATAACAAGACT_004,98
GCAAAGAGAATAACAAGACT_005,60
GCCGCGAGTTACCGTGAGCA_001,32
GCCGCGAGTTACCGTGAGCA_002,81
GCCGCGAGTTACCGTGAGCA_003,132
GCCGCGAGTTACCGTGAGCA_004,101
GCCGCGAGTTACCGTGAGCA_005,48
GCCGCGAGTTACCGTGAGCA_006,199
GCCGCGAGTTACCGTGAGCA_007,2
GCCGCGAGTTACCGTGAGCA_008,78
GCCGCGAGTTACCGTGAGCA_009,123
GCCGCGAGTTACCGTGAGCA_010,118
GCCGCGAGTTACCGTGAGCA_011,160
GCCGCGAGTTACCGTGAGCA_012,198
GCCGCGAGTTACCGTGAGCA_013,170
GCCGCGAGTTACCGTGAGCA_014,166
GGGCAACACAGATGTCCCAG_001,47
GGGCAACACAGATGTCCCAG_002,99
GGGCAACACAGATGTCCCAG_003,50
GGGCAACACAGATGTCCCAG_004,164
GGGCAACACAGATGTCCCAG_005,19
GGGCAACACAGATGTCCCAG_006,76
TTGAAGAAGCTATTCCTGCG_001,30
TTGAAGAAGCTATTCCTGCG_002,156
TTGAAGAAGCTATTCCTGCG_003,115
TTGAAGAAGCTATTCCTGCG_004,152
TTGAAGAAGCTATTCCTGCG_005,15
TTGAAGAAGCTATTCCTGCG_006,20
TTGACACTTCGCAAAGACGC_001,194
TTGACACTTCGCAAAGACGC_002,29
TTGACACTTCGCAAAGACGC_003,183
TTGACACTTCGCAAAGACGC_004,170
TTGACACTTCGCAAAGACGC_005,44
ATTCACAAGTATGAGACACC_001,125
ATTCACAAGTATGAGACACC_002,31
ATTCACAAGTATGAGACACC_003,36
ATTCACAAGTATGAGACACC_004,137
ATTCACAAGTATGAGACACC_005,156
ATTCACAAGTATGAGACACC_006,130
ATTCACAAGTATGAGACACC_007,67
ATTCACAAGTATGAGACACC_008,169
CAAGTTCAAGCTGACTCGGG_001,164
CAAGTTCAAGCTGACTCGGG_002,72
CAAGTTCAAGCTGACTCGGG_003,173
CAAGTTCAAGCTGACTCGGG_004,137
CAAGTTCAAGCTGACTCGGG_005,183
CAAGTTCAAGCTGACTCGGG_006,74
CAAGTTCAAGCTGACTCGGG_007,50
CAAGTTCAAGCTGACTCGGG_008,113
CAAGTTCAAGCTGACTCGGG_009,66
CAAGTTCAAGCTGACTCGGG_010,157
CAAGTTCAAGCTGACTCGGG_011,90
CAAGTTCAAGCTGACTCGGG_012,144
GAAGAAATATCAAGATACTG_001,186
GAAGAAATATCAAGATACTG_002,17
GAAGAAATATCAAGATACTG_003,5
GCGCATGATGCTGCTAAGCG_001,41
GCGCATGATGCTGCTAAGCG_002,49
GCGCATGATGCTGCTAAGCG_003,48
GCGCATGATGCTGCTAAGCG_004,19
GCGCATGATGCTGCTAAGCG_005,19
GCGCATGATGCTGCTAAGCG_006,124
GCGCATGATGCTGCTAAGCG_007,160
GGATATGGAGCCCAACCCGT_001,185
GGATATGGAGCCCAACCCGT_002,156
GGATATGGAGCCCAACCCGT_003,35
GGATATGGAGCCCAACCCGT_004,43
GGATATGGAGCCCAACCCGT_005,115
GGATATGGAGCCCAACCCGT_006,172
GGCATCAGGATTCAAGCACG_001,150
GGCATCAGGATTCAAGCACG_002,177
GGCATCAGGATTCAAGCACG_003,112
GGCATCAGGATTCAAGCACG_004,110
GGCATCAGGATTCAAGCACG_005,2
GGCATCAGGATTCAAGCACG_006,105
TCCTCATAAACCATACCCTG_001,73
TCCTCATAAACCATACCCTG_002,44
TCCTCATAAACCATACCCTG_003,15
GCAGGTAGTCCTGCAGCAAG_001,27
GCAGGTAGTCCTGCAGCAAG_002,15
GCAGGTAGTCCTGCAGCAAG_003,144
GCAGGTAGTCCTGCAGCAAG_004,84
GCAGGTAGTCCTGCAGCAAG_005,145
GCAGGTAGTCCTGCAGCAAG_006,83
GCAGGTAGTCCTGCAGCAAG_007,110
GCAGGTAGTCCTGCAGCAAG_008,168
GCAGGTAGTCCTGCAGCAAG_009,175
GCAGGTAGTCCTGCAGCAAG_010,78
GCAGGTAGTCCTGCAGCAAG_011,134
GCAGGTAGTCCTGCAGCAAG_012,58
GCAGGTAGTCCTGCAGCAAG_013,163
GCAGGTAGTCCTGCAGCAAG_014,20
GCAGGTAGTCCTGCAGCAAG_015,68
GCAGGTAGTCCTGCAGCAAG_016,52
GCAGGTAGTCCTGCAGCAAG_017,151
GCAGGTAGTCCTGCAGCAAG_018,65
GCAGGTAGTCCTGCAGCAAG_019,199
GCAGGTAGTCCTGCAGCAAG_020,199
GCAGGTAGTCCTGCAGCAAG_021,20
GCAGGTAGTCCTGCAGCAAG_022,16
ACAGTGACAGCCTCTGAACG_001,168
ACAGTGACAGCCTCTGAACG_002,148
ACAGTGACAGCCTCTGAACG_003,131
ACAGTGACAGCCTCTGAACG_004,1
ACAGTGACAGCCTCTGAACG_005,69
ACAGTGACAGCCTCTGAACG_006,15
ACAGTGACAGCCTCTGAACG_007,36
ACAGTGACAGCCTCTGAACG_008,72
ACAGTGACAGCCTCTGAACG_009,122
ACAGTGACAGCCTCTGAACG_010,57
ACTCTTCTTCAGGAATGCCA_001,42
ACTCTTCTTCAGGAATGCCA_002,22
ACTCTTCTTCAGGAATGCCA_003,35
ACTCTTCTTCAGGAATGCCA_004,108
ACTCTTCTTCAGGAATGCCA_005,108
ACTCTTCTTCAGGAATGCCA_006,73
TCTGCTTCCTTGTAGTGAGG_001,137
TCTGCTTCCTTGTAGTGAGG_002,1
TCTGCTTCCTTGTAGTGAGG_003,38
TCTGCTTCCTTGTAGTGAGG_004,44
TCTGCTTCCTTGTAGTGAGG_005,153
TCTGCTTCCTTGTAGTGAGG_006,28
TCTGCTTCCTTGTAGTGAGG_007,31
TCTGCTTCCTTGTAGTGAGG_008,135
TCTGCTTCCTTGTAGTGAGG_009,198
TCTGCTTCCTTGTAGTGAGG_010,166
TCTGCTTCCTTGTAGTGAGG_011,63
CTAGCTGAACAGATGTTTCA_001,194
CTAGCTGAACAGATGTTTCA_002,115
CTAGCTGAACAGATGTTTCA_003,75
CTAGCTGAACAGATGTTTCA_004,94
GACAGGTACTGTCTTCTGGT_001,152
GACAGGTACTGTCTTCTGGT_002,114
TCGCTGCAATTATTGTGACC_001,165
GCAAAAGTGGCATAAAACCG_001,32
GCAAAAGTGGCATAAAACCG_002,98
GCAAAAGTGGCATAAAACCG_003,157
GCAAAAGTGGCATAAAACCG_004,18
GCAAAAGTGGCATAAAACCG_005,115
CGGCTCTCGGAAGTGTCTCG_001,147
TGGCTGTAAGAAACACTGTG_001,62
TGGCTGTAAGAAACACTGTG_002,147
TGGCTGTAAGAAACACTGTG_003,192
TCATTGACCCAGCCTATCTG_001,137
TCATTGACCCAGCCTATCTG_002,194
TCATTGACCCAGCCTATCTG_003,53
TCATTGACCCAGCCTATCTG_004,157
TCATTGACCCAGCCTATCTG_005,62
TCATTGACCCAGCCTATCTG_006,182
TCATTGACCCAGCCTATCTG_007,120
TCATTGACCCAGCCTATCTG_008,70
TCATTGACCCAGCCTATCTG_009,130
TCATTGACCCAGCCTATCTG_010,192
TCATTGACCCAGCCTATCTG_011,98
TCATTGACCCAGCCTATCTG_012,37
TCATTGACCCAGCCTATCTG_013,68
TCATTGACCCAGCCTATCTG_014,117
TCATTGACCCAGCCTATCTG_015,110
TCATTGACCCAGCCTATCTG_016,199
TCATTGACCCAGCCTATCTG_017,127
AAATAATGCACAGAACGCGA_001,177
AAATAATGCACAGAACGCGA_002,118
CCGCACGGCGCGCCCCACCG_001,39
CCGCACGGCGCGCCCCACCG_002,78
CCGCACGGCGCGCCCCACCG_003,198
CCGCACGGCGCGCCCCACCG_004,99
CCGCACGGCGCGCCCCACCG_005,74
CCGCACGGCGCGCCCCACCG_006,119
CCGCACGGCGCGCCCCACCG_007,72
CCGCACGGCGCGCCCCACCG_008,167
CCGCACGGCGCGCCCCACCG_009,35
CCGCACGGCGCGCCCCACCG_010,65
CCGCACGGCGCGCCCCACCG_011,2
CCGCACGGCGCGCCCCACCG_012,163
CCGCACGGCGCGCCCCACCG_013,139
CCGCACGGCGCGCCCCACCG_014,8
CCGCACGGCGCGCCCCACCG_015,127
CCGCACGGCGCGCCCCACCG_016,174
CCGCACGGCGCGCCCCACCG_017,104
CCGCACGGCGCGCCCCACCG_018,198
CCGCACGGCGCGCCCCACCG_019,184
CCGCACGGCGCGCCCCACCG_020,98
CCGCACGGCGCGCCCCACCG_021,39
CCGCACGGCGCGCCCCACCG_022,15
ACCTCTCAAAGTATTCCCTG_001,166
ACCTCTCAAAGTATTCCCTG_002,159
GTACTTATTGATGATGCTCA_001,160
GTACTTATTGATGATGCTCA_002,19
CATGTTGTGGACAAATACCA_001,198
CATGTTGTGGACAAATACCA_002,16
CATGTTGTGGACAAATACCA_003,4
CATGTTGTGGACAAATACCA_004,91
CATGTTGTGGACAAATACCA_005,15
CATGTTGTGGACAAATACCA_006,38
CATGTTGTGGACAAATACCA_007,98
CATGTTGTGGACAAATACCA_008,149
CATGTTGTGGACAAATACCA_009,125
CATGTTGTGGACAAATACCA_010,62
GACACACTGGACGCTCTGGT_001,35
GACACACTGGACGCTCTGGT_002,0
GACACACTGGACGCTCTGGT_003,12
CAAGGTGCTGGGGCAACCAA_001,181
CAAGGTGCTGGGGCAACCAA_002,169
CAAGGTGCTGGGGCAACCAA_003,146
CAAGGTGCTGGGGCAACCAA_004,197
CAAGGTGCTGGGGCAACCAA_005,68
CAAGGTGCTGGGGCAACCAA_006,1
CAAGGTGCTGGGGCAACCAA_007,88
CAAGGTGCTGGGGCAACCAA_008,43
CAAGGTGCTGGGGCAACCAA_009,63
CAAGGTGCTGGGGCAACCAA_010,121
CAAGGTGCTGGGGCAACCAA_011,160
CAAGGTGCTGGGGCAACCAA_012,147
CAAGGTGCTGGGGCAACCAA_013,107
CAAGGTGCTGGGGCAACCAA_014,75
CAAGGTGCTGGGGCAACCAA_015,190
CAAGGTGCTGGGGCAACCAA_016,93
CAAGGTGCTGGGGCAACCAA_017,98
CAAGGTGCTGGGGCAACCAA_018,30
CAAGGTGCTGGGGCAACCAA_019,89
CAAGGTGCTGGGGCAACCAA_020,144
CAAGGTGCTGGGGCAACCAA_021,58
CAAGGTGCTGGGGCAACCAA_022,37
CAAGGTGCTGGGGCAACCAA_023,118
CAAGGTGCTGGGGCAACCAA_024,58
CAAGGTGCTGGGGCAACCAA_025,146
CAAGGTGCTGGGGCAACCAA_026,199
CAAGGTGCTGGGGCAACCAA_027,46
CAAGGTGCTGGGGCAACCAA_028,78
CAAGGTGCTGGGGCAACCAA_029,40
CAAGGTGCTGGGGCAACCAA_030,137
CAAGGTGCTGGGGCAACCAA_031,127
CAAGGTGCTGGGGCAACCAA_032,81
CAAGGTGCTGGGGCAACCAA_033,94
CAAGGTGCTGGGGCAACCAA_034,8
CAAGGTGCTGGGGCAACCAA_035,35
TTTGTGTCCATGATCGACAA_001,32
TTTGTGTCCATGATCGACAA_002,189
TTTGTGTCCATGATCGACAA_003,181
TTTGTGTCCATGATCGACAA_004,76
TTTGTGTCCATGATCGACAA_005,131
TTTGTGTCCATGATCGACAA_006,88
TTTGTGTCCATGATCGACAA_007,187
TTTGTGTCCATGATCGACAA_008,169
TTTGTGTCCATGATCGACAA_009,115
TTTGTGTCCATGATCGACAA_010,195
TTTGTGTCCATGATCGACAA_011,53
TTTGTGTCCATGATCGACAA_012,70
TTTGTGTCCATGATCGACAA_013,56
TTTGTGTCCATGATCGACAA_014,72
AACTAATGGATAAGTTCCTG_001,178
AACTAATGGATAAGTTCCTG_002,175
AACTAATGGATAAGTTCCTG_003,130
AACTAATGGATAAGTTCCTG_004,157
GACCACGCTGACACCAATGT_001,130
GACCACGCTGACACCAATGT_002,80
GACCACGCTGACACCAATGT_003,76
GACCACGCTGACACCAATGT_004,26
GACCACGCTGACACCAATGT_005,56
GACCACGCTGACACCAATGT_006,32
GACCACGCTGACACCAATGT_007,159
GACCACGCTGACACCAATGT_008,23
GACCACGCTGACACCAATGT_009,2
GACCACGCTGACACCAATGT_010,76
GACCACGCTGACACCAATGT_011,62
GACCACGCTGACACCAATGT_012,141
GACCACGCTGACACCAATGT_013,190
GCATTACCCCTACTACCGGA_001,134
GCATTACCCCTACTACCGGA_002,169
GCATTACCCCTACTACCGGA_003,154
GCATTACCCCTACTACCGGA_004,199
GCATTACCCCTACTACCGGA_005,2
GCATTACCCCTACTACCGGA_006,48
GCATTACCCCTACTACCGGA_007,19
GCATTACCCCTACTACCGGA_008,54
GCATTACCCCTACTACCGGA_009,46
GCATTACCCCTACTACCGGA_010,16
GCATTACCCCTACTACCGGA_011,9
GCATTACCCCTACTACCGGA_012,83
GCATTACCCCTACTACCGGA_013,48
GCATTACCCCTACTACCGGA_014,29
GCATTACCCCTACTACCGGA_015,136
CCAGGGTCAGAAAGTGCAGA_001,84
CCAGGGTCAGAAAGTGCAGA_002,55
CCAGGGTCAGAAAGTGCAGA_003,182
CCAGGGTCAGAAAGTGCAGA_004,84
CCAGGGTCAGAAAGTGCAGA_005,168
CCAGGGTCAGAAAGTGCAGA_006,125
CCAGGGTCAGAAAGTGCAGA_007,10
CCAGGGTCAGAAAGTGCAGA_008,183
TCTTACGTACATCTCCCTCG_001,129
TCTTACGTACATCTCCCTCG_002,44
AATAAACATCCACTCCAGCT_001,188
AATAAACATCCACTCCAGCT_002,51
AATAAACATCCACTCCAGCT_003,80
AATAAACATCCACTCCAGCT_004,80
AATAAACATCCACTCCAGCT_005,127
ACTTCGTCCTCCGGTTGCGG_001,152
ACTTCGTCCTCCGGTTGCGG_002,19
GGGGATGTACCGAGTCAGTG_001,57
GGGGATGTACCGAGTCAGTG_002,1
GGGGATGTACCGAGTCAGTG_003,148
CTCTCTCGGTAGAGGCGTGG_001,155
CTCTCTCGGTAGAGGCGTGG_002,172
CTCTCTCGGTAGAGGCGTGG_003,35
CTCTCTCGGTAGAGGCGTGG_004,113
CTCTCTCGGTAGAGGCGTGG_005,88
CTCTCTCGGTAGAGGCGTGG_006,102
CTCTCTCGGTAGAGGCGTGG_007,60
CTCTCTCGGTAGAGGCGTGG_008,169
CTCTCTCGGTAGAGGCGTGG_009,41
CTCTCTCGGTAGAGGCGTGG_010,105
GCACCAAATTTCAACCTGAC_001,28
GCACCAAATTTCAACCTGAC_002,130
GCACCAAATTTCAACCTGAC_003,35
GGGCCCTCTGTGATTCGCCG_001,92
GGGCCCTCTGTGATTCGCCG_002,58
GGGCCCTCTGTGATTCGCCG_003,169
GGGCCCTCTGTGATTCGCCG_004,162
GGGCCCTCTGTGATTCGCCG_005,190
GGGCCCTCTGTGATTCGCCG_006,116
GGGCCCTCTGTGATTCGCCG_007,84
GGGCCCTCTGTGATTCGCCG_008,22
GGGCCCTCTGTGATTCGCCG_009,99
CAAACACCATCCCATCGAAG_001,53
CAAACACCATCCCATCGAAG_002,22
CAAACACCATCCCATCGAAG_003,2
CTGACAAGAGTCACCAGCGT_001,28
CTGACAAGAGTCACCAGCGT_002,112
CTGACAAGAGTCACCAGCGT_003,84
CTGACAAGAGTCACCAGCGT_004,125
CTGACAAGAGTCACCAGCGT_005,169
CTGACAAGAGTCACCAGCGT_006,78
CTGACAAGAGTCACCAGCGT_007,49
CTGACAAGAGTCACCAGCGT_008,81
CTGACAAGAGTCACCAGCGT_009,20
CTGACAAGAGTCACCAGCGT_010,110
CTGACAAGAGTCACCAGCGT_011,160
CTGACAAGAGTCACCAGCGT_012,76
CTGACAAGAGTCACCAGCGT_013,199
CTGACAAGAGTCACCAGCGT_014,48
CTGACAAGAGTCACCAGCGT_015,169
CTGACAAGAGTCACCAGCGT_016,62
CTGACAAGAGTCACCAGCGT_017,15
TTCAATTCACCGAGGGCGCA_001,85
TTCAATTCACCGAGGGCGCA_002,146
TTCAATTCACCGAGGGCGCA_003,48
TTCAATTCACCGAGGGCGCA_004,88
TTCAATTCACCGAGGGCGCA_005,149
TTCAATTCACCGAGGGCGCA_006,148
TTCAATTCACCGAGGGCGCA_007,77
TTCAATTCACCGAGGGCGCA_008,49
TTCAATTCACCGAGGGCGCA_009,135
TTCAATTCACCGAGGGCGCA_010,100
TTCAATTCACCGAGGGCGCA_011,22
TTCAATTCACCGAGGGCGCA_012,49
TTCAATTCACCGAGGGCGCA_013,9
TTCAATTCACCGAGGGCGCA_014,83
TTCAATTCACCGAGGGCGCA_015,43
TTCAATTCACCGAGGGCGCA_016,58
TTCAATTCACCGAGGGCGCA_017,94
TTCAATTCACCGAGGGCGCA_018,189
TTCAATTCACCGAGGGCGCA_019,85
TTCAATTCACCGAGGGCGCA_020,102
TTCAATTCACCGAGGGCGCA_021,18
TTCAATTCACCGAGGGCGCA_022,121
TTCAATTCACCGAGGGCGCA_023,46
TTCAATTCACCGAGGGCGCA_024,34
TTCAATTCACCGAGGGCGCA_025,170
TTCAATTCACCGAGGGCGCA_026,103
TTCAATTCACCGAGGGCGCA_027,113
TTCAATTCACCGAGGGCGCA_028,97
TTCAATTCACCGAGGGCGCA_029,152
TTCAATTCACCGAGGGCGCA_030,188
TTCAATTCACCGAGGGCGCA_031,106
TTCAATTCACCGAGGGCGCA_032,81
TTCAATTCACCGAGGGCGCA_033,104
TTCAATTCACCGAGGGCGCA_034,170
GCAAGGGGCTAGCGGCACAC_001,119
GCAAGGGGCTAGCGGCACAC_002,89
GCAAGGGGCTAGCGGCACAC_003,113
GCAAGGGGCTAGCGGCACAC_004,82
GCAAGGGGCTAGCGGCACAC_005,38
GCAAGGGGCTAGCGGCACAC_006,102
GCAAGGGGCTAGCGGCACAC_007,60
GCAAGGGGCTAGCGGCACAC_008,98
GCAAGGGGCTAGCGGCACAC_009,158
GCAAGGGGCTAGCGGCACAC_010,61
GCAAGGGGCTAGCGGCACAC_011,194
GCAAGGGGCTAGCGGCACAC_012,168
GCAAGGGGCTAGCGGCACAC_013,178
GCAAGGGGCTAGCGGCACAC_014,6
GCAAGGGGCTAGCGGCACAC_015,91
GCAAGGGGCTAGCGGCACAC_016,198
GCAAGGGGCTAGCGGCACAC_017,84
AATGTGTGCTCGACCACACA_001,3
AATGTGTGCTCGACCACACA_002,162
AATGTGTGCTCGACCACACA_003,40
AATGTGTGCTCGACCACACA_004,194
AATGTGTGCTCGACCACACA_005,157
AATGTGTGCTCGACCACACA_006,172
AATGTGTGCTCGACCACACA_007,153
AATGTGTGCTCGACCACACA_008,38
AATGTGTGCTCGACCACACA_009,114
AATGTGTGCTCGACCACACA_010,29
AATGTGTGCTCGACCACACA_011,56
AATGTGTGCTCGACCACACA_012,35
AATGTGTGCTCGACCACACA_013,63
AATGTGTGCTCGACCACACA_014,96
CCTGCTACAAGCTTCCATCG_001,81
CCTGCTACAAGCTTCCATCG_002,32
CCTGCTACAAGCTTCCATCG_003,65
CCTGCTACAAGCTTCCATCG_004,13
CCCAGATGACCTGTCCGTGG_001,183
CCCAGATGACCTGTCCGTGG_002,6
CCCAGATGACCTGTCCGTGG_003,1
CCCAGATGACCTGTCCGTGG_004,115
CCCAGATGACCTGTCCGTGG_005,3
GTGGGGCAAATCATCATCTG_001,1
GTGGGGCAAATCATCATCTG_002,62
GTGGGGCAAATCATCATCTG_003,129
GTGGGGCAAATCATCATCTG_004,64
GTGGGGCAAATCATCATCTG_005,199
GTGGGGCAAATCATCATCTG_006,112
GTGGGGCAAATCATCATCTG_007,145
GTGGGGCAAATCATCATCTG_008,185
GTGGGGCAAATCATCATCTG_009,17
GTGGGGCAAATCATCATCTG_010,43
GTGGGGCAAATCATCATCTG_011,42
GTGGGGCAAATCATCATCTG_012,40
GTGGGGCAAATCATCATCTG_013,162
GCAGAGGTATCGGTCAATGG_001,12
ACAGACTCCAAGTATTACAA_001,82
ACAGACTCCAAGTATTACAA_002,0
ACAGACTCCAAGTATTACAA_003,23
CCAACCCCGGATAAGAACGG_001,136
CCAACCCCGGATAAGAACGG_002,41
CCAACCCCGGATAAGAACGG_003,54
CCAACCCCGGATAAGAACGG_004,145
CCAACCCCGGATAAGAACGG_005,160
CCAACCCCGGATAAGAACGG_006,20
CCAACCCCGGATAAGAACGG_007,88
CCAACCCCGGATAAGAACGG_008,158
TACCCAGGGCTCGCCACATG_001,127
TACCCAGGGCTCGCCACATG_002,168
TACCCAGGGCTCGCCACATG_003,172
TACCCAGGGCTCGCCACATG_004,191
TACCCAGGGCTCGCCACATG_005,71
TACCCAGGGCTCGCCACATG_006,33
TACCCAGGGCTCGCCACATG_007,148
TACCCAGGGCTCGCCACATG_008,65
TACCCAGGGCTCGCCACATG_009,17
TACCCAGGGCTCGCCACATG_010,147
AATGACAAGGAGACCCCGGG_001,14
AATGACAAGGAGACCCCGGG_002,48
AATGACAAGGAGACCCCGGG_003,6
AATGACAAGGAGACCCCGGG_004,182
AATGACAAGGAGACCCCGGG_005,41
AATGACAAGGAGACCCCGGG_006,8
AATGACAAGGAGACCCCGGG_007,65
AATGACAAGGAGACCCCGGG_008,195
AATGACAAGGAGACCCCGGG_009,43
AATGACAAGGAGACCCCGGG_010,184
AATGACAAGGAGACCCCGGG_011,187
AATGACAAGGAGACCCCGGG_012,78
AATGACAAGGAGACCCCGGG_013,130
AATGACAAGGAGACCCCGGG_014,58
AATGACAAGGAGACCCCGGG_015,146
AATGACAAGGAGACCCCGGG_016,48
AATGACAAGGAGACCCCGGG_017,15
AATGACAAGGAGACCCCGGG_018,44
AATGACAAGGAGACCCCGGG_019,147
AATGACAAGGAGACCCCGGG_020,165
AATGACAAGGAGACCCCGGG_021,89
AATGACAAGGAGACCCCGGG_022,190
AATGACAAGGAGACCCCGGG_023,69
AATGACAAGGAGACCCCGGG_024,138
ACAACTGGAGCATTTACTGC_001,35
ACAACTGGAGCATTTACTGC_002,84
ACAACTGGAGCATTTACTGC_003,28
ACAACTGGAGCATTTACTGC_004,154
ACAACTGGAGCATTTACTGC_005,94
ACAACTGGAGCATTTACTGC_006,89
ACAACTGGAGCATTTACTGC_007,134
ACAACTGGAGCATTTACTGC_008,11
ACAACTGGAGCATTTACTGC_009,144
ACAACTGGAGCATTTACTGC_010,88
ACAACTGGAGCATTTACTGC_011,149
TGAAGCACTTGAATGCCCGG_001,100
TGAAGCACTTGAATGCCCGG_002,156
TGAAGCACTTGAATGCCCGG_003,111
TGAAGCACTTGAATGCCCGG_004,70
TGAAGCACTTGAATGCCCGG_005,176
TGAAGCACTTGAATGCCCGG_006,162
TGAAGCACTTGAATGCCCGG_007,5
TGAAGCACTTGAATGCCCGG_008,144
TGAAGCACTTGAATGCCCGG_009,93
TGAAGCACTTGAATGCCCGG_010,104
TGAAGCACTTGAATGCCCGG_011,57
TGAAGCACTTGAATGCCCGG_012,17
TGAAGCACTTGAATGCCCGG_013,199
TGAAGCACTTGAATGCCCGG_014,62
TGAAGCACTTGAATGCCCGG_015,121
TGAAGCACTTGAATGCCCGG_016,69
TGAAGCACTTGAATGCCCGG_017,161
TGAAGCACTTGAATGCCCGG_018,129
ACACCTACATAGTCCTCGCT_001,25
ACACCTACATAGTCCTCGCT_002,178
ACACCTACATAGTCCTCGCT_003,119
ACACCTACATAGTCCTCGCT_004,83
ACACCTACATAGTCCTCGCT_005,154
CAATCCCGAACGTCATCAGT_001,77
CAATCCCGAACGTCATCAGT_002,145
CAATCCCGAACGTCATCAGT_003,150
CAATCCCGAACGTCATCAGT_004,115
CAATCCCGAACGTCATCAGT_005,75
CAATCCCGAACGTCATCAGT_006,149
CAATCCCGAACGTCATCAGT_007,52
CAATCCCGAACGTCATCAGT_008,29
CAATCCCGAACGTCATCAGT_009,52
AATGTCCGCTCCATAATCCA_001,41
AATGTCCGCTCCATAATCCA_002,44
AATGTCCGCTCCATAATCCA_003,71
GCAGGAGGAGTATATACGGG_001,12
GCAGGAGGAGTATATACGGG_002,164
GCAGGAGGAGTATATACGGG_003,78
GCAGGAGGAGTATATACGGG_004,61
GCAGGAGGAGTATATACGGG_005,69
GCAGGAGGAGTATATACGGG_006,147
GCAGGAGGAGTATATACGGG_007,192
GCAGGAGGAGTATATACGGG_008,169
ACGAATTGAATTACTTAACG_001,56
ACGAATTGAATTACTTAACG_002,141
ACGAATTGAATTACTTAACG_003,127
CGGAGTTAACCTGGAACCTT_001,15
CGGAGTTAACCTGGAACCTT_002,145
CGGAGTTAACCTGGAACCTT_003,0
CGGAGTTAACCTGGAACCTT_004,76
CGGAGTTAACCTGGAACCTT_005,3
CGGAGTTAACCTGGAACCTT_006,84
CGGAGTTAACCTGGAACCTT_007,130
CGGAGTTAACCTGGAACCTT_008,57
CGGAGTTAACCTGGAACCTT_009,165
CGGAGTTAACCTGGAACCTT_010,146
CGGAGTTAACCTGGAACCTT_011,66
CGGAGTTAACCTGGAACCTT_012,86
CGGAGTTAACCTGGAACCTT_013,105
CGGAGTTAACCTGGAACCTT_014,2
CGGAGTTAACCTGGAACCTT_015,139
CGGAGTTAACCTGGAACCTT_016,0
CGGAGTTAACCTGGAACCTT_017,198
CGGAGTTAACCTGGAACCTT_018,78
GCTATCATCAAAGTATACGG_001,49
GCTATCATCAAAGTATACGG_002,161
GCTATCATCAAAGTATACGG_003,70
GCTATCATCAAAGTATACGG_004,103
GCTATCATCAAAGTATACGG_005,105
GCTATCATCAAAGTATACGG_006,43
GCTATCATCAAAGTATACGG_007,34
CTATGTTGCCCGAAACCCAA_001,88
CTATGTTGCCCGAAACCCAA_002,68
CTATGTTGCCCGAAACCCAA_003,72
GAATCGCACCCACTCCAACG_001,6
GAATCGCACCCACTCCAACG_002,15
GAATCGCACCCACTCCAACG_003,35
GAATCGCACCCACTCCAACG_004,199
GAATCGCACCCACTCCAACG_005,184
GAATCGCACCCACTCCAACG_006,160
GAATCGCACCCACTCCAACG_007,112
GAATCGCACCCACTCCAACG_008,112
GAATCGCACCCACTCCAACG_009,151
GAATCGCACCCACTCCAACG_010,68
GAATCGCACCCACTCCAACG_011,39
GAATCGCACCCACTCCAACG_012,52
CAAACAGGCCTTCGGACTCG_001,125
CAAACAGGCCTTCGGACTCG_002,69
CAAACAGGCCTTCGGACTCG_003,102
CAAACAGGCCTTCGGACTCG_004,192
GTTTACCTTTGCGGAGCTCG_001,172
GTTTACCTTTGCGGAGCTCG_002,142
GTTTACCTTTGCGGAGCTCG_003,15
GTTTACCTTTGCGGAGCTCG_004,67
GTTTACCTTTGCGGAGCTCG_005,147
GTTTACCTTTGCGGAGCTCG_006,102
GTTTACCTTTGCGGAGCTCG_007,198
GTTTACCTTTGCGGAGCTCG_008,29
CACCTCAGCTACTTTAGCTG_001,78
CACCTCAGCTACTTTAGCTG_002,169
CACCTCAGCTACTTTAGCTG_003,76
CACCTCAGCTACTTTAGCTG_004,88
CACCTCAGCTACTTTAGCTG_005,104
CACCTCAGCTACTTTAGCTG_006,150
CACCTCAGCTACTTTAGCTG_007,77
CACCTCAGCTACTTTAGCTG_008,138
CACCTCAGCTACTTTAGCTG_009,22
CACCTCAGCTACTTTAGCTG_010,62
CACCTCAGCTACTTTAGCTG_011,93
CACCTCAGCTACTTTAGCTG_012,32
CACCTCAGCTACTTTAGCTG_013,139
CACCTCAGCTACTTTAGCTG_014,68
CACCTCAGCTACTTTAGCTG_015,130
CACCTCAGCTACTTTAGCTG_016,180
CACCTCAGCTACTTTAGCTG_017,1
CACCTCAGCTACTTTAGCTG_018,165
AAGCAGCCATCCTATATTGG_001,199
AAGCAGCCATCCTATATTGG_002,81
AAGCAGCCATCCTATATTGG_003,3
CGTGCGGTAGGACACTCTGT_001,43
CGTGCGGTAGGACACTCTGT_002,8
CGTGCGGTAGGACACTCTGT_003,131
CGTGCGGTAGGACACTCTGT_004,139
CGTGCGGTAGGACACTCTGT_005,189
CGTGCGGTAGGACACTCTGT_006,48
CGTGCGGTAGGACACTCTGT_007,2
CGTGCGGTAGGACACTCTGT_008,136
CGTGCGGTAGGACACTCTGT_009,191
GGCAGATAAATCATCTCCAG_001,138
GGCAGATAAATCATCTCCAG_002,43
GGCAGATAAATCATCTCCAG_003,26
GGCAGATAAATCATCTCCAG_004,161
GGCAGATAAATCATCTCCAG_005,178
GGCAGATAAATCATCTCCAG_006,106
GGCAGATAAATCATCTCCAG_007,58
GGCAGATAAATCATCTCCAG_008,102
GGCAGATAAATCATCTCCAG_009,48
TACAACTCGCACCTCCAGTA_001,64
TACAACTCGCACCTCCAGTA_002,191
TACAACTCGCACCTCCAGTA_003,14
TACAACTCGCACCTCCAGTA_004,157
TACAACTCGCACCTCCAGTA_005,84
TACAACTCGCACCTCCAGTA_006,115
TACAACTCGCACCTCCAGTA_007,62
TACAACTCGCACCTCCAGTA_008,53
TACAACTCGCACCTCCAGTA_009,147
TACAACTCGCACCTCCAGTA_010,67
TACAACTCGCACCTCCAGTA_011,98
TACAACTCGCACCTCCAGTA_012,23
TACAACTCGCACCTCCAGTA_013,58
CGGGAGGCTACATCGCGTCT_001,50
CGGGAGGCTACATCGCGTCT_002,134
CGGGAGGCTACATCGCGTCT_003,34
CGGGAGGCTACATCGCGTCT_004,113
CGGGAGGCTACATCGCGTCT_005,153
CGGGAGGCTACATCGCGTCT_006,163
CGGGAGGCTACATCGCGTCT_007,83
CGGGAGGCTACATCGCGTCT_008,50
CGGGAGGCTACATCGCGTCT_009,34
CGGGAGGCTACATCGCGTCT_010,5
CGGGAGGCTACATCGCGTCT_011,113
CGGGAGGCTACATCGCGTCT_012,32
CGGGAGGCTACATCGCGTCT_013,13
CGGGAGGCTACATCGCGTCT_014,160
CGGGAGGCTACATCGCGTCT_015,19
CGGGAGGCTACATCGCGTCT_016,41
CGGGAGGCTACATCGCGTCT_017,62
CGGGAGGCTACATCGCGTCT_018,80
CGGGAGGCTACATCGCGTCT_019,151
CGGGAGGCTACATCGCGTCT_020,197
CGGGAGGCTACATCGCGTCT_021,28
CGGGAGGCTACATCGCGTCT_022,180
CGGGAGGCTACATCGCGTCT_023,142
CGGGAGGCTACATCGCGTCT_024,138
CGGGAGGCTACATCGCGTCT_025,91
CGGGAGGCTACATCGCGTCT_026,116
CGGGAGGCTACATCGCGTCT_027,15
CGGGAGGCTACATCGCGTCT_028,173
CGGGAGGCTACATCGCGTCT_029,98
CGGGAGGCTACATCGCGTCT_030,11
CGGGAGGCTACATCGCGTCT_031,180
CGGGAGGCTACATCGCGTCT_032,3
CGGGAGGCTACATCGCGTCT_033,138
CGGGAGGCTACATCGCGTCT_034,56
CGGGAGGCTACATCGCGTCT_035,191
CGGGAGGCTACATCGCGTCT_036,3
TACTAGCCCCACTTACATCG_001,12
TACTAGCCCCACTTACATCG_002,168
TACTAGCCCCACTTACATCG_003,116
TACTAGCCCCACTTACATCG_004,20
TACTAGCCCCACTTACATCG_005,93
TACTAGCCCCACTTACATCG_006,154
TACTAGCCCCACTTACATCG_007,148
TACTAGCCCCACTTACATCG_008,78
TACTAGCCCCACTTACATCG_009,80
TACTAGCCCCACTTACATCG_010,138
AAGTTTATCACAGCGAACCA_001,135
AAGTTTATCACAGCGAACCA_002,73
AAGTTTATCACAGCGAACCA_003,125
AAGTTTATCACAGCGAACCA_004,123
AAGTTTATCACAGCGAACCA_005,0
AAGTTTATCACAGCGAACCA_006,91
AAGTTTATCACAGCGAACCA_007,162
AAGTTTATCACAGCGAACCA_008,192
AAGTTTATCACAGCGAACCA_009,75
AAGTTTATCACAGCGAACCA_010,108
AAGTTTATCACAGCGAACCA_011,71
AAGTTTATCACAGCGAACCA_012,154
AAGTTTATCACAGCGAACCA_013,77
AAGTTTATCACAGCGAACCA_014,198
AAGTTTATCACAGCGAACCA_015,134
GGGACTATCTCGGAGATGAT_001,43
GGGACTATCTCGGAGATGAT_002,106
TGTGCTTACCTGACCACCGA_001,176
TGTGCTTACCTGACCACCGA_002,48
TGTGCTTACCTGACCACCGA_003,105
TGTGCTTACCTGACCACCGA_004,58
TGTGCTTACCTGACCACCGA_005,144
TGTGCTTACCTGACCACCGA_006,93
TGTGCTTACCTGACCACCGA_007,31
TGTGCTTACCTGACCACCGA_008,115
TGTGCTTACCTGACCACCGA_009,94
TGTGCTTACCTGACCACCGA_010,43
TGTGCTTACCTGACCACCGA_011,49
TGTGCTTACCTGACCACCGA_012,183
TGTGCTTACCTGACCACCGA_013,88
TGTGCTTACCTGACCACCGA_014,12
TGTGCTTACCTGACCACCGA_015,194
TGTGCTTACCTGACCACCGA_016,21
TGTGCTTACCTGACCACCGA_017,66
TGTGCTTACCTGACCACCGA_018,29
TGTGCTTACCTGACCACCGA_019,144
GCCTGTGCATCACTTCTGTG_001,127
GCCTGTGCATCACTTCTGTG_002,55
GCCTGTGCATCACTTCTGTG_003,4
GCCTGTGCATCACTTCTGTG_004,13
GCCTGTGCATCACTTCTGTG_005,52
GCCTGTGCATCACTTCTGTG_006,191
GCCTGTGCATCACTTCTGTG_007,74
TCGCACAACAGGCTACGGCG_001,70
TCGCACAACAGGCTACGGCG_002,141
TCGCACAACAGGCTACGGCG_003,63
TCGCACAACAGGCTACGGCG_004,9
TCGCACAACAGGCTACGGCG_005,26
TCGCACAACAGGCTACGGCG_006,170
TCGCACAACAGGCTACGGCG_007,150
TCGCACAACAGGCTACGGCG_008,76
TCGCACAACAGGCTACGGCG_009,41
TCGCACAACAGGCTACGGCG_010,121
TCGCACAACAGGCTACGGCG_011,2
TCGCACAACAGGCTACGGCG_012,55
TCGCACAACAGGCTACGGCG_013,61
TCGCACAACAGGCTACGGCG_014,104
TCGCACAACAGGCTACGGCG_015,48
CCGGGACACATGCTCGCGCT_001,105
AAAGAAAGCCCAAGAGTCAG_001,150
AAAGAAAGCCCAAGAGTCAG_002,22
AAAGAAAGCCCAAGAGTCAG_003,145
AAAGAAAGCCCAAGAGTCAG_004,43
AAAGAAAGCCCAAGAGTCAG_005,34
AAAGAAAGCCCAAGAGTCAG_006,123
AAAGAAAGCCCAAGAGTCAG_007,72
AAAGAAAGCCCAAGAGTCAG_008,147
AAAGAAAGCCCAAGAGTCAG_009,1
AAAGAAAGCCCAAGAGTCAG_010,23
GTCTCCGGAGGGAGTCCCCG_001,48
GTCTCCGGAGGGAGTCCCCG_002,62
GTCTCCGGAGGGAGTCCCCG_003,17
GTCTCCGGAGGGAGTCCCCG_004,53
GTCTCCGGAGGGAGTCCCCG_005,117
GTCTCCGGAGGGAGTCCCCG_006,177
GTCTCCGGAGGGAGTCCCCG_007,175
ACCTCATAAGATTTATGCTG_001,53
ACCTCATAAGATTTATGCTG_002,103
ACCTCATAAGATTTATGCTG_003,144
ACCTCATAAGATTTATGCTG_004,118
ACCTCATAAGATTTATGCTG_005,45
ACCTCATAAGATTTATGCTG_006,41
ACCTCATAAGATTTATGCTG_007,75
ACCTCATAAGATTTATGCTG_008,172
ACCTCATAAGATTTATGCTG_009,10
GGCCCGGTTTGGATTTGACG_001,134
GGCCCGGTTTGGATTTGACG_002,42
GGGCATTGTGGCTTAAGTCA_001,170
GGGCATTGTGGCTTAAGTCA_002,29
GGGCATTGTGGCTTAAGTCA_003,12
GGGCATTGTGGCTTAAGTCA_004,62
GGGCATTGTGGCTTAAGTCA_005,107
GGGCATTGTGGCTTAAGTCA_006,105
GGGCATTGTGGCTTAAGTCA_007,105
GGGCATTGTGGCTTAAGTCA_008,131
GGGCATTGTGGCTTAAGTCA_009,131
GGGCATTGTGGCTTAAGTCA_010,19
GGGCATTGTGGCTTAAGTCA_011,116
GGGCATTGTGGCTTAAGTCA_012,71
GGGCATTGTGGCTTAAGTCA_013,99
GGGCATTGTGGCTTAAGTCA_014,3
TCCAGGATATAGCAGAGCTG_001,34
TCCAGGATATAGCAGAGCTG_002,198
TCCAGGATATAGCAGAGCTG_003,151
AGGGTGAGGAGCGTGCCAAG_001,118
AGGGTGAGGAGCGTGCCAAG_002,76
AGGGTGAGGAGCGTGCCAAG_003,53
AGGGTGAGGAGCGTGCCAAG_004,44
AGGGTGAGGAGCGTGCCAAG_005,145
AGGGTGAGGAGCGTGCCAAG_006,70
AGGGTGAGGAGCGTGCCAAG_007,45
AGGGTGAGGAGCGTGCCAAG_008,82
AGGGTGAGGAGCGTGCCAAG_009,74
AGGGTGAGGAGCGTGCCAAG_010,61
AGGGTGAGGAGCGTGCCAAG_011,197
AGGGTGAGGAGCGTGCCAAG_012,98
AGGGTGAGGAGCGTGCCAAG_013,94
AGGGTGAGGAGCGTGCCAAG_014,5
AGGGTGAGGAGCGTGCCAAG_015,26
AGGGTGAGGAGCGTGCCAAG_016,134
AGGGTGAGGAGCGTGCCAAG_017,141
AGGGTGAGGAGCGTGCCAAG_018,152
AGGGTGAGGAGCGTGCCAAG_019,138
AGGGTGAGGAGCGTGCCAAG_020,77
AGGGTGAGGAGCGTGCCAAG_021,113
AGGGTGAGGAGCGTGCCAAG_022,148
CTCAGCTGAGGACTCGACAT_001,8
CTCAGCTGAGGACTCGACAT_002,39
GGAAGACGGAACACTTCCGA_001,102
GGAAGACGGAACACTTCCGA_002,171
GGAAGACGGAACACTTCCGA_003,158
GGAAGACGGAACACTTCCGA_004,59
GGAAGACGGAACACTTCCGA_005,85
GGAAGACGGAACACTTCCGA_006,56
GGAAGACGGAACACTTCCGA_007,20
GGAAGACGGAACACTTCCGA_008,83
GGAAGACGGAACACTTCCGA_009,114
GGAAGACGGAACACTTCCGA_010,114
GGAAGACGGAACACTTCCGA_011,50
GGAAGACGGAACACTTCCGA_012,165
GGAAGACGGAACACTTCCGA_013,3
GGAAGACGGAACACTTCCGA_014,188
GGAAGACGGAACACTTCCGA_015,9
GGAAGACGGAACACTTCCGA_016,130
CCCAGAAGGGCAATCCTGAA_001,193
CCCAGAAGGGCAATCCTGAA_002,139
CCCAGAAGGGCAATCCTGAA_003,131
CCCAGAAGGGCAATCCTGAA_004,191
CCCAGAAGGGCAATCCTGAA_005,103
CCCAGAAGGGCAATCCTGAA_006,186
CCCAGAAGGGCAATCCTGAA_007,12
CCCAGAAGGGCAATCCTGAA_008,88
CCCAGAAGGGCAATCCTGAA_009,189
CCCAGAAGGGCAATCCTGAA_010,184
CCCAGAAGGGCAATCCTGAA_011,117
CCCAGAAGGGCAATCCTGAA_012,181
CCCAGAAGGGCAATCCTGAA_013,100
CCCAGAAGGGCAATCCTGAA_014,147
CCCAGAAGGGCAATCCTGAA_015,77
CCCAGAAGGGCAATCCTGAA_016,149
CCCAGAAGGGCAATCCTGAA_017,2
GGGACAGACTGTCTGAGCCG_001,146
GGGACAGACTGTCTGAGCCG_002,117
GGGACAGACTGTCTGAGCCG_003,65
GGGACAGACTGTCTGAGCCG_004,6
CCTTTGTGACTGCAATCTCG_001,147
CCTTTGTGACTGCAATCTCG_002,199
CCTTTGTGACTGCAATCTCG_003,144
CCTTTGTGACTGCAATCTCG_004,116
GTAGTAAACAGAATTCTAGC_001,29
GTAGTAAACAGAATTCTAGC_002,192
GTAGTAAACAGAATTCTAGC_003,19
GTAGTAAACAGAATTCTAGC_004,67
TTTGGACCTCTTGCGCAATG_001,73
TTTGGACCTCTTGCGCAATG_002,16
TTTGGACCTCTTGCGCAATG_003,122
TTTGGACCTCTTGCGCAATG_004,102
TTTGGACCTCTTGCGCAATG_005,78
TTTGGACCTCTTGCGCAATG_006,29
GTCTCGCTGAGATGACTAGG_001,176
GTCTCGCTGAGATGACTAGG_002,33
GTCTCGCTGAGATGACTAGG_003,99
GTCTCGCTGAGATGACTAGG_004,47
GTCTCGCTGAGATGACTAGG_005,152
GTCTCGCTGAGATGACTAGG_006,190
GTCTCGCTGAGATGACTAGG_007,170
TAGCGCGTATTGTACAGCAT_001,183
CTGTCGGAAGCTGTCCTGCG_001,195
CTGTCGGAAGCTGTCCTGCG_002,78
CTGTCGGAAGCTGTCCTGCG_003,96
CTGTCGGAAGCTGTCCTGCG_004,177
CTGTCGGAAGCTGTCCTGCG_005,29
CTGTCGGAAGCTGTCCTGCG_006,166
CTGTCGGAAGCTGTCCTGCG_007,175
CTGTCGGAAGCTGTCCTGCG_008,177
CTGTCGGAAGCTGTCCTGCG_009,169
CTGTCGGAAGCTGTCCTGCG_010,81
CTGTCGGAAGCTGTCCTGCG_011,170
CTGTCGGAAGCTGTCCTGCG_012,177
CTGTCGGAAGCTGTCCTGCG_013,126
CTGTCGGAAGCTGTCCTGCG_014,114
CTGTCGGAAGCTGTCCTGCG_015,41
CTGTCGGAAGCTGTCCTGCG_016,163
CTGTCGGAAGCTGTCCTGCG_017,186
CTGTCGGAAGCTGTCCTGCG_018,151
CTGTCGGAAGCTGTCCTGCG_019,28
CTGTCGGAAGCTGTCCTGCG_020,37
CTGTCGGAAGCTGTCCTGCG_021,142
CTGTCGGAAGCTGTCCTGCG_022,152
CTGTCGGAAGCTGTCCTGCG_023,78
GGTGATGCACGGCTACAAGG_001,58
GGTGATGCACGGCTACAAGG_002,38
GGTGATGCACGGCTACAAGG_003,47
GGTGATGCACGGCTACAAGG_004,150
GGTGATGCACGGCTACAAGG_005,86
GGTGATGCACGGCTACAAGG_006,6
CTCATCCCTACAGACCAACA_001,28
CTCATCCCTACAGACCAACA_002,94
CTCATCCCTACAGACCAACA_003,48
CTCATCCCTACAGACCAACA_004,46
CTCATCCCTACAGACCAACA_005,16
CTCATCCCTACAGACCAACA_006,120
CTCATCCCTACAGACCAACA_007,81
CTCATCCCTACAGACCAACA_008,143
CTCATCCCTACAGACCAACA_009,17
CTCATCCCTACAGACCAACA_010,144
CTCATCCCTACAGACCAACA_011,48
TGGAGGATGATGAACAGTCG_001,75
TGGAGGATGATGAACAGTCG_002,70
TGGAGGATGATGAACAGTCG_003,103
CAATGCAGGATAAGTCGTGG_001,182
CAATGCAGGATAAGTCGTGG_002,82
CAATGCAGGATAAGTCGTGG_003,148
CATTAGTCTGATACCTGTGC_001,195
CATTAGTCTGATACCTGTGC_002,54
CATTAGTCTGATACCTGTGC_003,81
CATTAGTCTGATACCTGTGC_004,46
CATTAGTCTGATACCTGTGC_005,54
CATTAGTCTGATACCTGTGC_006,53
CATTAGTCTGATACCTGTGC_007,50
AGCCCCACAAAGTCTCGCAG_001,175
AGCCCCACAAAGTCTCGCAG_002,141
AGCCCCACAAAGTCTCGCAG_003,175
AGCCCCACAAAGTCTCGCAG_004,26
AGCCCCACAAAGTCTCGCAG_005,35
AGCCCCACAAAGTCTCGCAG_006,147
AGCCCCACAAAGTCTCGCAG_007,138
AGCCCCACAAAGTCTCGCAG_008,9
AGCCCCACAAAGTCTCGCAG_009,50
AGCCCCACAAAGTCTCGCAG_010,30
AGCCCCACAAAGTCTCGCAG_011,110
AGCCCCACAAAGTCTCGCAG_012,62
AGCCCCACAAAGTCTCGCAG_013,56
AGCCCCACAAAGTCTCGCAG_014,86
AGCCCCACAAAGTCTCGCAG_015,148
AGCCCCACAAAGTCTCGCAG_016,172
AGCCCCACAAAGTCTCGCAG_017,175
AGCCCCACAAAGTCTCGCAG_018,187
AGCCCCACAAAGTCTCGCAG_019,88
AGCCCCACAAAGTCTCGCAG_020,30
AGCCCCACAAAGTCTCGCAG_021,2
AGCCCCACAAAGTCTCGCAG_022,88
AGCCCCACAAAGTCTCGCAG_023,141
AGCCCCACAAAGTCTCGCAG_024,108
AGCCCCACAAAGTCTCGCAG_025,199
AGCCCCACAAAGTCTCGCAG_026,100
AGCCCCACAAAGTCTCGCAG_027,181
AGCCCCACAAAGTCTCGCAG_028,104
AGCCCCACAAAGTCTCGCAG_029,39
AGCCCCACAAAGTCTCGCAG_030,118
CTGAGGAGATATGATAAACG_001,63
GGTCTCGGAAGAGCTCGTCA_001,59
GGTCTCGGAAGAGCTCGTCA_002,119
GGTCTCGGAAGAGCTCGTCA_003,119
GGTCTCGGAAGAGCTCGTCA_004,160
GGTCTCGGAAGAGCTCGTCA_005,69
GGTCTCGGAAGAGCTCGTCA_006,148
GGTCTCGGAAGAGCTCGTCA_007,25
GGTCTCGGAAGAGCTCGTCA_008,147
GGTCTCGGAAGAGCTCGTCA_009,158
GGTCTCGGAAGAGCTCGTCA_010,18
GGTCTCGGAAGAGCTCGTCA_011,133
GGTCTCGGAAGAGCTCGTCA_012,30
GGTCTCGGAAGAGCTCGTCA_013,19
GGTCTCGGAAGAGCTCGTCA_014,72
GGTCTCGGAAGAGCTCGTCA_015,178
GGTCTCGGAAGAGCTCGTCA_016,6
GGTCTCGGAAGAGCTCGTCA_017,163
GGTCTCGGAAGAGCTCGTCA_018,158
GGTCTCGGAAGAGCTCGTCA_019,29
GGTCTCGGAAGAGCTCGTCA_020,58
GTCGCATGTAGATCCAACAA_001,197
GTCGCATGTAGATCCAACAA_002,57
GTCGCATGTAGATCCAACAA_003,117
GTCGCATGTAGATCCAACAA_004,12
GTCGCATGTAGATCCAACAA_005,77
GTCGCATGTAGATCCAACAA_006,46
GTCGCATGTAGATCCAACAA_007,113
AATCCGAGTCGTTGGCCGCG_001,199
AATCCGAGTCGTTGGCCGCG_002,70
AATCCGAGTCGTTGGCCGCG_003,40
AATCCGAGTCGTTGGCCGCG_004,37
AATCCGAGTCGTTGGCCGCG_005,69
AATCCGAGTCGTTGGCCGCG_006,147
TCGCGCGCATTCCCCTCTTG_001,50
TCGCGCGCATTCCCCTCTTG_002,15
TCGCGCGCATTCCCCTCTTG_003,125
TCGCGCGCATTCCCCTCTTG_004,61
TCGCGCGCATTCCCCTCTTG_005,60
TCGCGCGCATTCCCCTCTTG_006,70
TCGCGCGCATTCCCCTCTTG_007,30
TCGCGCGCATTCCCCTCTTG_008,48
TCGCGCGCATTCCCCTCTTG_009,40
TCGCGCGCATTCCCCTCTTG_010,83
GGTACAATGTGAAAGGCCGA_001,132
GGTACAATGTGAAAGGCCGA_002,194
GGTACAATGTGAAAGGCCGA_003,157
GGTACAATGTGAAAGGCCGA_004,168
GGTACAATGTGAAAGGCCGA_005,43
GGTACAATGTGAAAGGCCGA_006,43
GGTACAATGTGAAAGGCCGA_007,158
GGTACAATGTGAAAGGCCGA_008,76
GGTACAATGTGAAAGGCCGA_009,6
TGGCCACCGAGACCCAAATG_001,29
TGGCCACCGAGACCCAAATG_002,174
TGGCCACCGAGACCCAAATG_003,123
TGATGCTGGATACTGAAAGT_001,87
TGATGCTGGATACTGAAAGT_002,185
TGATGCTGGATACTGAAAGT_003,60
TGATGCTGGATACTGAAAGT_004,136
CTCTGATACTCACTGAGGCG_001,50
TCTTGTAGACAAGTATCTGG_001,22
TCTTGTAGACAAGTATCTGG_002,162
TCTTGTAGACAAGTATCTGG_003,170
TCTTGTAGACAAGTATCTGG_004,83
TCTTGTAGACAAGTATCTGG_005,180
TCTTGTAGACAAGTATCTGG_006,10
TCTTGTAGACAAGTATCTGG_007,68
AGCTCTCGGCAGTCACAGAG_001,94
AGCTCTCGGCAGTCACAGAG_002,135
AGCTCTCGGCAGTCACAGAG_003,127
AGCTCTCGGCAGTCACAGAG_004,198
AGCTCTCGGCAGTCACAGAG_005,85
AGCTCTCGGCAGTCACAGAG_006,57
AGCTCTCGGCAGTCACAGAG_007,147
AGCTCTCGGCAGTCACAGAG_008,82
AGCTCTCGGCAGTCACAGAG_009,19
AGCTCTCGGCAGTCACAGAG_010,175
AGCTCTCGGCAGTCACAGAG_011,199
AGCTCTCGGCAGTCACAGAG_012,62
AGCTCTCGGCAGTCACAGAG_013,1
ACGGTTAGGCCGACCCATAG_001,82
ACGGTTAGGCCGACCCATAG_002,145
ACGGTTAGGCCGACCCATAG_003,90
ACGGTTAGGCCGACCCATAG_004,70
ACGGTTAGGCCGACCCATAG_005,20
ACGGTTAGGCCGACCCATAG_006,16
ACGGTTAGGCCGACCCATAG_007,19
ACGGTTAGGCCGACCCATAG_008,9
ACGGTTAGGCCGACCCATAG_009,166
ACGGTTAGGCCGACCCATAG_010,144
ACGGTTAGGCCGACCCATAG_011,145
ACGGTTAGGCCGACCCATAG_012,187
ACGGTTAGGCCGACCCATAG_013,35
ACGGTTAGGCCGACCCATAG_014,19
ACGGTTAGGCCGACCCATAG_015,30
ACGGTTAGGCCGACCCATAG_016,49
ACGGTTAGGCCGACCCATAG_017,57
ACGGTTAGGCCGACCCATAG_018,179
ACGGTTAGGCCGACCCATAG_019,19
ACGGTTAGGCCGACCCATAG_020,49
ACGGTTAGGCCGACCCATAG_021,148
ACGGTTAGGCCGACCCATAG_022,50
ACGGTTAGGCCGACCCATAG_023,92
ACGGTTAGGCCGACCCATAG_024,9
ACGGTTAGGCCGACCCATAG_025,94
ACGGTTAGGCCGACCCATAG_026,63
ACGGTTAGGCCGACCCATAG_027,169
ACGGTTAGGCCGACCCATAG_028,19
TAAGACGTGGTCCTACCGAG_001,37
TAAGACGTGGTCCTACCGAG_002,1
TAAGACGTGGTCCTACCGAG_003,56
TAAGACGTGGTCCTACCGAG_004,22
TAAGACGTGGTCCTACCGAG_005,104
TAAGACGTGGTCCTACCGAG_006,31
TAAGACGTGGTCCTACCGAG_007,143
TAAGACGTGGTCCTACCGAG_008,56
TAAGACGTGGTCCTACCGAG_009,86
TAAGACGTGGTCCTACCGAG_010,14
TAAGACGTGGTCCTACCGAG_011,96
TAAGACGTGGTCCTACCGAG_012,0
TAAGACGTGGTCCTACCGAG_013,168
TAAGACGTGGTCCTACCGAG_014,169
TAAGACGTGGTCCTACCGAG_015,70
GATACTGCAATCCCATAACA_001,23
GATACTGCAATCCCATAACA_002,62
GATACTGCAATCCCATAACA_003,125
GATACTGCAATCCCATAACA_004,132
GATACTGCAATCCCATAACA_005,107
GATACTGCAATCCCATAACA_006,27
CAGGATGATCCAGATGACGA_001,169
CAGGATGATCCAGATGACGA_002,88
CAGGATGATCCAGATGACGA_003,87
CAGGATGATCCAGATGACGA_004,33
CAGGATGATCCAGATGACGA_005,142
CAGGATGATCCAGATGACGA_006,115
CAGGATGATCCAGATGACGA_007,55
CAGGATGATCCAGATGACGA_008,64
CAGGATGATCCAGATGACGA_009,6
CAGGATGATCCAGATGACGA_010,61
AAGAGACAGCAGACCACTGT_001,98
AAGAGACAGCAGACCACTGT_002,186
AAGAGACAGCAGACCACTGT_003,9
AAGAGACAGCAGACCACTGT_004,16
AAGAGACAGCAGACCACTGT_005,110
AAGAGACAGCAGACCACTGT_006,41
AAGAGACAGCAGACCACTGT_007,11
AAGAGACAGCAGACCACTGT_008,112
GAAGTATGGGAACGCCGATG_001,80
GAAGTATGGGAACGCCGATG_002,146
GAAGTATGGGAACGCCGATG_003,108
GAAGTATGGGAACGCCGATG_004,100
GAAGTATGGGAACGCCGATG_005,177
GAGTGAAATCGATGGCAGTG_001,172
GAGTGAAATCGATGGCAGTG_002,78
GAGTGAAATCGATGGCAGTG_003,22
GAGTGAAATCGATGGCAGTG_004,145
GAGTGAAATCGATGGCAGTG_005,22
GAGTGAAATCGATGGCAGTG_006,113
GAGTGAAATCGATGGCAGTG_007,16
CAGCGACGTGTACGAGCCCG_001,49
CAGCGACGTGTACGAGCCCG_002,47
CAGCGACGTGTACGAGCCCG_003,26
CAGCGACGTGTACGAGCCCG_004,160
CAGCGACGTGTACGAGCCCG_005,60
CAGCGACGTGTACGAGCCCG_006,11
TGTGGTTGGTGCTTCCCATG_001,117
TGTGGTTGGTGCTTCCCATG_002,158
TGTGGTTGGTGCTTCCCATG_003,123
TGTGGTTGGTGCTTCCCATG_004,104
TGTGGTTGGTGCTTCCCATG_005,144
TGTGGTTGGTGCTTCCCATG_006,9
TGTGGTTGGTGCTTCCCATG_007,57
TGTGGTTGGTGCTTCCCATG_008,74
TGTGGTTGGTGCTTCCCATG_009,48
TGTGGTTGGTGCTTCCCATG_010,82
GATTTCTGTGAAAGTGACCA_001,45
GATTTCTGTGAAAGTGACCA_002,160
GATTTCTGTGAAAGTGACCA_003,165
GATTTCTGTGAAAGTGACCA_004,199
GATTTCTGTGAAAGTGACCA_005,85
AATACTTCACCATGACATAG_001,52
AATACTTCACCATGACATAG_002,156
AATACTTCACCATGACATAG_003,190
AATACTTCACCATGACATAG_004,127
AATACTTCACCATGACATAG_005,158
AATACTTCACCATGACATAG_006,85
AATACTTCACCATGACATAG_007,83
AATACTTCACCATGACATAG_008,37
AATACTTCACCATGACATAG_009,106
TTATGAGAAGTACAACAAGT_001,69
TTATGAGAAGTACAACAAGT_002,83
TTATGAGAAGTACAACAAGT_003,31
TTATGAGAAGTACAACAAGT_004,103
GTTCATGACGCTCTGCAAGC_001,113
GTTCATGACGCTCTGCAAGC_002,38
GTTCATGACGCTCTGCAAGC_003,33
GTTCATGACGCTCTGCAAGC_004,188
GTTCATGACGCTCTGCAAGC_005,159
ACCATTGCCCAACCTCCGCG_001,17
ACCATTGCCCAACCTCCGCG_002,129
ACCATTGCCCAACCTCCGCG_003,172
ACCATTGCCCAACCTCCGCG_004,41
ACCATTGCCCAACCTCCGCG_005,98
ACCATTGCCCAACCTCCGCG_006,75
ACCATTGCCCAACCTCCGCG_007,174
ACCATTGCCCAACCTCCGCG_008,162
ACCATTGCCCAACCTCCGCG_009,60
ACCATTGCCCAACCTCCGCG_010,116
ACCATTGCCCAACCTCCGCG_011,173
ACCATTGCCCAACCTCCGCG_012,178
ACCATTGCCCAACCTCCGCG_013,185
ACCATTGCCCAACCTCCGCG_014,71
ACCATTGCCCAACCTCCGCG_015,93
ACCATTGCCCAACCTCCGCG_016,103
ACCATTGCCCAACCTCCGCG_017,119
ACCATTGCCCAACCTCCGCG_018,21
ACCATTGCCCAACCTCCGCG_019,48
ACCATTGCCCAACCTCCGCG_020,187
ACCATTGCCCAACCTCCGCG_021,16
ACCATTGCCCAACCTCCGCG_022,161
ACCATTGCCCAACCTCCGCG_023,179
ACCATTGCCCAACCTCCGCG_024,6
ACCATTGCCCAACCTCCGCG_025,0
ACCATTGCCCAACCTCCGCG_026,121
ACCATTGCCCAACCTCCGCG_027,55
ACCATTGCCCAACCTCCGCG_028,166
ACCATTGCCCAACCTCCGCG_029,68
ACCATTGCCCAACCTCCGCG_030,30
ACCATTGCCCAACCTCCGCG_031,104
AGAACTGATGTGTTCAGCAG_001,16
AGAACTGATGTGTTCAGCAG_002,48
AGAACTGATGTGTTCAGCAG_003,158
AGAACTGATGTGTTCAGCAG_004,48
AGAACTGATGTGTTCAGCAG_005,97
AGAACTGATGTGTTCAGCAG_006,103
AGAACTGATGTGTTCAGCAG_007,27
AGAACTGATGTGTTCAGCAG_008,78
AGAACTGATGTGTTCAGCAG_009,56
AGAACTGATGTGTTCAGCAG_010,81
AGAACTGATGTGTTCAGCAG_011,116
AGAACTGATGTGTTCAGCAG_012,183
AGAACTGATGTGTTCAGCAG_013,10
AGAACTGATGTGTTCAGCAG_014,8
AGAACTGATGTGTTCAGCAG_015,19
AGAACTGATGTGTTCAGCAG_016,152
AGAACTGATGTGTTCAGCAG_017,42
AGAACTGATGTGTTCAGCAG_018,188
ATTCAAACGCTACAGGAAGG_001,188
ATTCAAACGCTACAGGAAGG_002,56
ATTCAAACGCTACAGGAAGG_003,157
ATTCAAACGCTACAGGAAGG_004,169
ATTCAAACGCTACAGGAAGG_005,94
ATTCAAACGCTACAGGAAGG_006,9
ATTCAAACGCTACAGGAAGG_007,111
ATTCAAACGCTACAGGAAGG_008,176
ATTCAAACGCTACAGGAAGG_009,41
GGGGACAGTTTCAGCGTGAG_001,184
GGGGACAGTTTCAGCGTGAG_002,164
GGGGACAGTTTCAGCGTGAG_003,147
GGGGACAGTTTCAGCGTGAG_004,80
GGGGACAGTTTCAGCGTGAG_005,57
GGGGACAGTTTCAGCGTGAG_006,179
GGGGACAGTTTCAGCGTGAG_007,49
GGGGACAGTTTCAGCGTGAG_008,77
GGGGACAGTTTCAGCGTGAG_009,145
GGGGACAGTTTCAGCGTGAG_010,119
GGGGACAGTTTCAGCGTGAG_011,88
GGGGACAGTTTCAGCGTGAG_012,129
GGGGACAGTTTCAGCGTGAG_013,163
GGGGACAGTTTCAGCGTGAG_014,128
GGGGACAGTTTCAGCGTGAG_015,178
GGGGACAGTTTCAGCGTGAG_016,99
GGGGACAGTTTCAGCGTGAG_017,173
GGGGACAGTTTCAGCGTGAG_018,173
ATCACAGTCACGCTAAACAT_001,23
ATCACAGTCACGCTAAACAT_002,136
ATCACAGTCACGCTAAACAT_003,111
ATCACAGTCACGCTAAACAT_004,163
ATCACAGTCACGCTAAACAT_005,34
ATCACAGTCACGCTAAACAT_006,22
ATCACAGTCACGCTAAACAT_007,119
ATCACAGTCACGCTAAACAT_008,147
ATCACAGTCACGCTAAACAT_009,56
ATCACAGTCACGCTAAACAT_010,26
ATCACAGTCACGCTAAACAT_011,188
ATCACAGTCACGCTAAACAT_012,126
ATCACAGTCACGCTAAACAT_013,152
ATCACAGTCACGCTAAACAT_014,149
ATCACAGTCACGCTAAACAT_015,166
ATCACAGTCACGCTAAACAT_016,68
AGGCGCTTCCTGTTGAAGTG_001,137
AGGCGCTTCCTGTTGAAGTG_002,160
AGGCGCTTCCTGTTGAAGTG_003,190
AGGCGCTTCCTGTTGAAGTG_004,32
AGGCGCTTCCTGTTGAAGTG_005,74
AGGCGCTTCCTGTTGAAGTG_006,91
AGGCGCTTCCTGTTGAAGTG_007,58
AGGCGCTTCCTGTTGAAGTG_008,14
AGGCGCTTCCTGTTGAAGTG_009,3
AGGCGCTTCCTGTTGAAGTG_010,84
AGGCGCTTCCTGTTGAAGTG_011,99
AGGCGCTTCCTGTTGAAGTG_012,162
CAGCGACGCTGATGAATGGG_001,146
CAGCGACGCTGATGAATGGG_002,34
CAGCGACGCTGATGAATGGG_003,184
CAGCGACGCTGATGAATGGG_004,82
CAGCGACGCTGATGAATGGG_005,165
ACAAGAAAAGTCATGCTGAG_001,94
ACAAGAAAAGTCATGCTGAG_002,169
GACTGACTGCATTGGCACGG_001,108
GACTGACTGCATTGGCACGG_002,112
GACTGACTGCATTGGCACGG_003,32
GACTGACTGCATTGGCACGG_004,58
GACTGACTGCATTGGCACGG_005,105
GACTGACTGCATTGGCACGG_006,85
ACACATCCTCTGACCCAGTG_001,78
ACACATCCTCTGACCCAGTG_002,199
ACACATCCTCTGACCCAGTG_003,82
ACACATCCTCTGACCCAGTG_004,191
ACACATCCTCTGACCCAGTG_005,193
ACACATCCTCTGACCCAGTG_006,166
CGAGCAAAGATTGTTGGATA_001,115
CGAGCAAAGATTGTTGGATA_002,28
CGAGCAAAGATTGTTGGATA_003,11
CGAGCAAAGATTGTTGGATA_004,105
CGAGCAAAGATTGTTGGATA_005,50
CGAGCAAAGATTGTTGGATA_006,70
CGAGCAAAGATTGTTGGATA_007,165
CGAGCAAAGATTGTTGGATA_008,138
AAGGTATAAACGATTCCACG_001,49
AAGGTATAAACGATTCCACG_002,38
AAGGTATAAACGATTCCACG_003,176
AAGGTATAAACGATTCCACG_004,70
AAGGTATAAACGATTCCACG_005,48
GGCCTTGCAAGTGAACTGCG_001,61
GGCCTTGCAAGTGAACTGCG_002,106
GGCCTTGCAAGTGAACTGCG_003,1
GGCCTTGCAAGTGAACTGCG_004,94
GGCCTTGCAAGTGAACTGCG_005,48
GGCCTTGCAAGTGAACTGCG_006,48
GGCCTTGCAAGTGAACTGCG_007,128
CCATCAGCGACACCATAGCA_001,183
CCATCAGCGACACCATAGCA_002,94
CCATCAGCGACACCATAGCA_003,15
CCATCAGCGACACCATAGCA_004,193
CCATCAGCGACACCATAGCA_005,160
CCATCAGCGACACCATAGCA_006,42
CCATCAGCGACACCATAGCA_007,40
CCATCAGCGACACCATAGCA_008,26
CCATCAGCGACACCATAGCA_009,82
CCATCAGCGACACCATAGCA_010,128
CCATCAGCGACACCATAGCA_011,59
CCATCAGCGACACCATAGCA_012,120
CCATCAGCGACACCATAGCA_013,191
CCATCAGCGACACCATAGCA_014,126
CCATCAGCGACACCATAGCA_015,147
CCATCAGCGACACCATAGCA_016,158
CCATCAGCGACACCATAGCA_017,77
CCATCAGCGACACCATAGCA_018,188
TATGTCATCAATTTGTGCAA_001,38
TATGTCATCAATTTGTGCAA_002,76
TATGTCATCAATTTGTGCAA_003,150
TATGTCATCAATTTGTGCAA_004,158
CCAGCTTAGACTCACCAAGT_001,56
GGGCACGTTGAAACATGCGT_001,144
GGGCACGTTGAAACATGCGT_002,5
GGGCACGTTGAAACATGCGT_003,58
GGGCACGTTGAAACATGCGT_004,118
GGGCACGTTGAAACATGCGT_005,37
GGGCACGTTGAAACATGCGT_006,169
GGGCACGTTGAAACATGCGT_007,138
GGGCACGTTGAAACATGCGT_008,131
CCTCCACAGTGTATGAAGCA_001,178
CCTCCACAGTGTATGAAGCA_002,8
CCTCCACAGTGTATGAAGCA_003,16
CCTCCACAGTGTATGAAGCA_004,107
CCTCCACAGTGTATGAAGCA_005,0
CCTCCACAGTGTATGAAGCA_006,116
CCTCCACAGTGTATGAAGCA_007,70
CCTCCACAGTGTATGAAGCA_008,194
TGTTCACGATCACCCCTCCG_001,6
TGTTCACGATCACCCCTCCG_002,36
TGTTCACGATCACCCCTCCG_003,97
TGTTCACGATCACCCCTCCG_004,56
TGTTCACGATCACCCCTCCG_005,129
TGTTCACGATCACCCCTCCG_006,38
TGTTCACGATCACCCCTCCG_007,19
TGTTCACGATCACCCCTCCG_008,41
TGTTCACGATCACCCCTCCG_009,168
TGTTCACGATCACCCCTCCG_010,121
TGTTCACGATCACCCCTCCG_011,115
TGTTCACGATCACCCCTCCG_012,152
TGTTCACGATCACCCCTCCG_013,128
CTTCATGCGGCTGCAGACGG_001,77
CTTCATGCGGCTGCAGACGG_002,65
CTTCATGCGGCTGCAGACGG_003,41
CTTCATGCGGCTGCAGACGG_004,58
CTTCATGCGGCTGCAGACGG_005,160
AGCTGCAACAAATTGAAACC_001,26
ACCTCGCCGGTCCTCCACTG_001,129
ACCTCGCCGGTCCTCCACTG_002,15
ACCTCGCCGGTCCTCCACTG_003,92
ACCTCGCCGGTCCTCCACTG_004,62
ACCTCGCCGGTCCTCCACTG_005,7
ACCTCGCCGGTCCTCCACTG_006,138
ACCTCGCCGGTCCTCCACTG_007,36
ACCTCGCCGGTCCTCCACTG_008,199
ACCTCGCCGGTCCTCCACTG_009,76
ACCTCGCCGGTCCTCCACTG_010,65
ACCTCGCCGGTCCTCCACTG_011,132
ACCTCGCCGGTCCTCCACTG_012,132
ACCTCGCCGGTCCTCCACTG_013,54
ACCTCGCCGGTCCTCCACTG_014,29
ACCTCGCCGGTCCTCCACTG_015,31
ACCTCGCCGGTCCTCCACTG_016,15
ACCTCGCCGGTCCTCCACTG_017,197
ACCTCGCCGGTCCTCCACTG_018,68
ACCTCGCCGGTCCTCCACTG_019,16
ACCTCGCCGGTCCTCCACTG_020,182
ACCTCGCCGGTCCTCCACTG_021,192
ACCTCGCCGGTCCTCCACTG_022,1
ACCTCGCCGGTCCTCCACTG_023,78
ACCTCGCCGGTCCTCCACTG_024,176
ACCTCGCCGGTCCTCCACTG_025,14
ACCTCGCCGGTCCTCCACTG_026,10
ACCTCGCCGGTCCTCCACTG_027,12
ACCTCGCCGGTCCTCCACTG_028,127
ACCTCGCCGGTCCTCCACTG_029,146
ACCTCGCCGGTCCTCCACTG_030,44
ACCTCGCCGGTCCTCCACTG_031,96
ACCTCGCCGGTCCTCCACTG_032,66
ACCTCGCCGGTCCTCCACTG_033,169
ACCTCGCCGGTCCTCCACTG_034,9
ACCTCGCCGGTCCTCCACTG_035,27
ACCTCGCCGGTCCTCCACTG_036,67
ACCTCGCCGGTCCTCCACTG_037,16
ACCTCGCCGGTCCTCCACTG_038,63
ACCTCGCCGGTCCTCCACTG_039,77
ACCTCGCCGGTCCTCCACTG_040,135
ACCTCGCCGGTCCTCCACTG_041,127
ACCTCGCCGGTCCTCCACTG_042,23
ACCTCGCCGGTCCTCCACTG_043,117
ACCTCGCCGGTCCTCCACTG_044,30
ATGCGGGACTTCAGTCCTAG_001,62
ATGCGGGACTTCAGTCCTAG_002,104
ATCTTGGACTTCATCTACAC_001,76
ATCTTGGACTTCATCTACAC_002,175
ATCTTGGACTTCATCTACAC_003,63
ATCTTGGACTTCATCTACAC_004,17
ATCTTGGACTTCATCTACAC_005,183
ATCTTGGACTTCATCTACAC_006,68
GCTGCAGGGGAACCAGATCG_001,130
GCTGCAGGGGAACCAGATCG_002,129
GCTGCCGGGTATGTGCACGG_001,81
GCTGCCGGGTATGTGCACGG_002,142
GCTGCCGGGTATGTGCACGG_003,13
GCTGCCGGGTATGTGCACGG_004,34
GCTGCCGGGTATGTGCACGG_005,106
GCTGCCGGGTATGTGCACGG_006,158
GCTGCCGGGTATGTGCACGG_007,61
GCTGCCGGGTATGTGCACGG_008,101
GCTGCCGGGTATGTGCACGG_009,48
TGGACAACATTAACATCCGA_001,152
TGGACAACATTAACATCCGA_002,151
TGGACAACATTAACATCCGA_003,78
TTGCTGCCAGCAAGAACGTT_001,137
TTGCTGCCAGCAAGAACGTT_002,137
TTGCTGCCAGCAAGAACGTT_003,29
TTGCTGCCAGCAAGAACGTT_004,170
TTGCTGCCAGCAAGAACGTT_005,106
TTGCTGCCAGCAAGAACGTT_006,61
TTGCTGCCAGCAAGAACGTT_007,141
TTGCTGCCAGCAAGAACGTT_008,180
TTGCTGCCAGCAAGAACGTT_009,130
TTGCTGCCAGCAAGAACGTT_010,127
TGACCTCTGAGGAATTCACA_001,107
TGACCTCTGAGGAATTCACA_002,193
TGACCTCTGAGGAATTCACA_003,76
TGACCTCTGAGGAATTCACA_004,96
TGACCTCTGAGGAATTCACA_005,145
TGACCTCTGAGGAATTCACA_006,184
TGACCTCTGAGGAATTCACA_007,123
TGACCTCTGAGGAATTCACA_008,43
TGACCTCTGAGGAATTCACA_009,96
TGACCTCTGAGGAATTCACA_010,121
TGACCTCTGAGGAATTCACA_011,98
TGACCTCTGAGGAATTCACA_012,57
TGACCTCTGAGGAATTCACA_013,115
TGACCTCTGAGGAATTCACA_014,34
TGACCTCTGAGGAATTCACA_015,63
TGACCTCTGAGGAATTCACA_016,14
TGACCTCTGAGGAATTCACA_017,137
TGACCTCTGAGGAATTCACA_018,35
TGACCTCTGAGGAATTCACA_019,196
TGACCTCTGAGGAATTCACA_020,91
TGACCTCTGAGGAATTCACA_021,158
TGACCTCTGAGGAATTCACA_022,161
TGACCTCTGAGGAATTCACA_023,29
TGACCTCTGAGGAATTCACA_024,179
AGCTCCAAATAGTAACTCGG_001,58
AGCTCCAAATAGTAACTCGG_002,120
AGCTCCAAATAGTAACTCGG_003,38
AGCTCCAAATAGTAACTCGG_004,10
AGCTCCAAATAGTAACTCGG_005,175
AGCTCCAAATAGTAACTCGG_006,144
AGCTCCAAATAGTAACTCGG_007,198
AGCTCCAAATAGTAACTCGG_008,94
CTTTGTGAAACGCAATGTTG_001,170
CTTTGTGAAACGCAATGTTG_002,122
CTTTGTGAAACGCAATGTTG_003,186
CTTTGTGAAACGCAATGTTG_004,155
CTTTGTGAAACGCAATGTTG_005,91
TTCACGAGCGTCCTGTATGC_001,183
TTCACGAGCGTCCTGTATGC_002,121
TTCACGAGCGTCCTGTATGC_003,76
TTCACGAGCGTCCTGTATGC_004,61
TTCACGAGCGTCCTGTATGC_005,81
TTCACGAGCGTCCTGTATGC_006,88
TTCACGAGCGTCCTGTATGC_007,176
TTCACGAGCGTCCTGTATGC_008,162
AAAGTGAATGGTCATGACCA_001,98
AAAGTGAATGGTCATGACCA_002,182
AAAGTGAATGGTCATGACCA_003,58
AAAGTGAATGGTCATGACCA_004,70
TTCAATAGTGAACTGGACAG_001,130
TTCAATAGTGAACTGGACAG_002,70
TTCAATAGTGAACTGGACAG_003,41
TTCAATAGTGAACTGGACAG_004,60
TTCAATAGTGAACTGGACAG_005,116
TTCAATAGTGAACTGGACAG_006,160
TTCAATAGTGAACTGGACAG_007,0
TTCAATAGTGAACTGGACAG_008,189
ACGTCACAACCCAAGACCAT_001,45
ACGTCACAACCCAAGACCAT_002,133
ACGTCACAACCCAAGACCAT_003,183
ACGTCACAACCCAAGACCAT_004,32
ACGTCACAACCCAAGACCAT_005,33
ACGTCACAACCCAAGACCAT_006,125
ACGTCACAACCCAAGACCAT_007,47
AAGGAAATCCTGACTCGAGG_001,182
AAGGAAATCCTGACTCGAGG_002,70
AAGGAAATCCTGACTCGAGG_003,157
AAGGAAATCCTGACTCGAGG_004,59
AAGGAAATCCTGACTCGAGG_005,116
AAGGAAATCCTGACTCGAGG_006,127
AAGGAAATCCTGACTCGAGG_007,46
AAGGAAATCCTGACTCGAGG_008,112
AAGGAAATCCTGACTCGAGG_009,41
AAGGAAATCCTGACTCGAGG_010,105
AAGGAAATCCTGACTCGAGG_011,28
AAGGAAATCCTGACTCGAGG_012,73
GCTGCTGGGTTCTGGTGATG_001,139
GCTGCTGGGTTCTGGTGATG_002,122
GCTGCTGGGTTCTGGTGATG_003,128
GCTGCTGGGTTCTGGTGATG_004,6
GCTGCTGGGTTCTGGTGATG_005,80
GCTGCTGGGTTCTGGTGATG_006,62
GCTGCTGGGTTCTGGTGATG_007,59
GCTGCTGGGTTCTGGTGATG_008,121
GCTGCTGGGTTCTGGTGATG_009,142
GCTGCTGGGTTCTGGTGATG_010,35
GCTGCTGGGTTCTGGTGATG_011,147
TGGAGAATGGGCAATCCCAG_001,149
TGGAGAATGGGCAATCCCAG_002,48
TGGAGAATGGGCAATCCCAG_003,45
TGGAGAATGGGCAATCCCAG_004,181
TGGAGAATGGGCAATCCCAG_005,130
TGGAGAATGGGCAATCCCAG_006,78
TGGAGAATGGGCAATCCCAG_007,145
TGGAGAATGGGCAATCCCAG_008,119
TGGAGAATGGGCAATCCCAG_009,1
ACATACCAAATTCCTTCCGA_001,89
CTCACCCCTCAAGCCACTAG_001,96
CTCACCCCTCAAGCCACTAG_002,137
CTCACCCCTCAAGCCACTAG_003,16
CTCACCCCTCAAGCCACTAG_004,27
CTCACCCCTCAAGCCACTAG_005,55
CTCACCCCTCAAGCCACTAG_006,97
CTCACCCCTCAAGCCACTAG_007,137
CTCACCCCTCAAGCCACTAG_008,66
CTCACCCCTCAAGCCACTAG_009,124
CCTTGTCTACCTCTGTCTGG_001,46
CCTTGTCTACCTCTGTCTGG_002,23
CCTTGTCTACCTCTGTCTGG_003,72
CCTTGTCTACCTCTGTCTGG_004,78
CCTTGTCTACCTCTGTCTGG_005,67
CCTTGTCTACCTCTGTCTGG_006,118
CCTTGTCTACCTCTGTCTGG_007,153
CCTTGTCTACCTCTGTCTGG_008,99
TCGGCTCCATGAAGGCGCTG_001,33
TCGGCTCCATGAAGGCGCTG_002,127
TCGGCTCCATGAAGGCGCTG_003,46
TCGGCTCCATGAAGGCGCTG_004,81
TCGGCTCCATGAAGGCGCTG_005,85
TCGGCTCCATGAAGGCGCTG_006,55
TCGGCTCCATGAAGGCGCTG_007,78
TCGGCTCCATGAAGGCGCTG_008,94
TCGGCTCCATGAAGGCGCTG_009,139
TCGGCTCCATGAAGGCGCTG_010,115
TCGGCTCCATGAAGGCGCTG_011,115
TCGGCTCCATGAAGGCGCTG_012,22
TCGGCTCCATGAAGGCGCTG_013,175
TCGGCTCCATGAAGGCGCTG_014,115
TGCCTCGTATTCCACAACCA_001,134
CATCTGCACAGCAGTCATCG_001,12
CATCTGCACAGCAGTCATCG_002,173
CATCTGCACAGCAGTCATCG_003,173
TTGTATATGAGTCTCCTGAA_001,93
TTGCCTGTACAGATACCTAC_001,105
TTGCCTGTACAGATACCTAC_002,175
TTGCCTGTACAGATACCTAC_003,78
TTGCCTGTACAGATACCTAC_004,48
AATACAAAGCTGACTTCCTG_001,160
AATACAAAGCTGACTTCCTG_002,96
AATACAAAGCTGACTTCCTG_003,191
AATACAAAGCTGACTTCCTG_004,160
AATACAAAGCTGACTTCCTG_005,132
AATACAAAGCTGACTTCCTG_006,186
AATACAAAGCTGACTTCCTG_007,186
AATACAAAGCTGACTTCCTG_008,174
AATACAAAGCTGACTTCCTG_009,0
AATACAAAGCTGACTTCCTG_010,144
AATACAAAGCTGACTTCCTG_011,39
GGGTGGCGTCCAAAACACAT_001,60
GGGTGGCGTCCAAAACACAT_002,183
GGGTGGCGTCCAAAACACAT_003,43
TGCATGTACCAATTCCGCAA_001,188
TGCATGTACCAATTCCGCAA_002,150
TGCATGTACCAATTCCGCAA_003,60
TGCATGTACCAATTCCGCAA_004,147
TGCATGTACCAATTCCGCAA_005,188
CACCTCGATGGACAGAAGAT_001,102
CACCTCGATGGACAGAAGAT_002,2
CACCTCGATGGACAGAAGAT_003,50
CACCTCGATGGACAGAAGAT_004,113
CACCTCGATGGACAGAAGAT_005,141
CACCTCGATGGACAGAAGAT_006,82
CACCTCGATGGACAGAAGAT_007,65
CACCTCGATGGACAGAAGAT_008,157
CACCTCGATGGACAGAAGAT_009,95
CACCTCGATGGACAGAAGAT_010,49
CACCTCGATGGACAGAAGAT_011,34
CACCTCGATGGACAGAAGAT_012,63
CACCTCGATGGACAGAAGAT_013,36
CACCTCGATGGACAGAAGAT_014,144
CACCTCGATGGACAGAAGAT_015,115
CACCTCGATGGACAGAAGAT_016,61
CACCTCGATGGACAGAAGAT_017,152
ATGCTCAGAATGCATTGACT_001,95
ATGCTCAGAATGCATTGACT_002,54
ATGCTCAGAATGCATTGACT_003,164
ATGCTCAGAATGCATTGACT_004,132
ATGCTCAGAATGCATTGACT_005,34
ATGCTCAGAATGCATTGACT_006,169
ATGCTCAGAATGCATTGACT_007,136
ATGCTCAGAATGCATTGACT_008,4
ATGCTCAGAATGCATTGACT_009,160
ATGCTCAGAATGCATTGACT_010,48
ACTGCTACGAAAGCTGATGG_001,92
ACTGCTACGAAAGCTGATGG_002,11
ACTGCTACGAAAGCTGATGG_003,174
ACTGCTACGAAAGCTGATGG_004,88
ACTGCTACGAAAGCTGATGG_005,147
CCTAAAATCAATGATCGAGA_001,16
CCTTAAAGAAAAGAGACTCC_001,53
CCTTAAAGAAAAGAGACTCC_002,106
CCTTAAAGAAAAGAGACTCC_003,5
TGTGGACACAAACCTGTACA_001,166
TGTGGACACAAACCTGTACA_002,140
TGTGGACACAAACCTGTACA_003,26
TGTGGACACAAACCTGTACA_004,181
TGTGGACACAAACCTGTACA_005,126
TGTGGACACAAACCTGTACA_006,98
TGTGGACACAAACCTGTACA_007,72
TGTGGACACAAACCTGTACA_008,148
TGTGGACACAAACCTGTACA_009,76
TGTGGACACAAACCTGTACA_010,167
GATGATCTAAGCACCAATGG_001,79
GATGATCTAAGCACCAATGG_002,127
GATGATCTAAGCACCAATGG_003,41
GATGATCTAAGCACCAATGG_004,170
GATGATCTAAGCACCAATGG_005,140
GATGATCTAAGCACCAATGG_006,95
GATGATCTAAGCACCAATGG_007,196
GATGATCTAAGCACCAATGG_008,125
AACTTCACCAATCAACACCT_001,90
AACTTCACCAATCAACACCT_002,58
AACTTCACCAATCAACACCT_003,168
AACTTCACCAATCAACACCT_004,87
AACTTCACCAATCAACACCT_005,155
AACTTCACCAATCAACACCT_006,52
AACTTCACCAATCAACACCT_007,78
AACTTCACCAATCAACACCT_008,141
AACTTCACCAATCAACACCT_009,56
AACTTCACCAATCAACACCT_010,113
AACTTCACCAATCAACACCT_011,63
AACTTCACCAATCAACACCT_012,22
AACTTCACCAATCAACACCT_013,123
AACTTCACCAATCAACACCT_014,35
AACTTCACCAATCAACACCT_015,124
AGAGCCTATTGGAGATCCCG_001,29
GCAGGTCACTAGGATCTTTG_001,189
GCAGGTCACTAGGATCTTTG_002,168
GCAGGTCACTAGGATCTTTG_003,150
GCAGGTCACTAGGATCTTTG_004,150
GCAGGTCACTAGGATCTTTG_005,28
GCAGGTCACTAGGATCTTTG_006,199
GCAGGTCACTAGGATCTTTG_007,174
GCAGGTCACTAGGATCTTTG_008,160
GCAGGTCACTAGGATCTTTG_009,14
GCAGGTCACTAGGATCTTTG_010,96
GCAGGTCACTAGGATCTTTG_011,169
AGTGAACACCAAGTGACCGG_001,172
AGTGAACACCAAGTGACCGG_002,96
AGTGAACACCAAGTGACCGG_003,100
CTATTCAGTACAAACCACCG_001,43
CTATTCAGTACAAACCACCG_002,50
CTATTCAGTACAAACCACCG_003,50
CTATTCAGTACAAACCACCG_004,166
CTATTCAGTACAAACCACCG_005,192
CTATTCAGTACAAACCACCG_006,5
CTATTCAGTACAAACCACCG_007,5
CTATTCAGTACAAACCACCG_008,134
CTATTCAGTACAAACCACCG_009,8
CTATTCAGTACAAACCACCG_010,152
CTATTCAGTACAAACCACCG_011,41
TGTTAAGAGGTAGCAAGACT_001,43
TGTTAAGAGGTAGCAAGACT_002,32
TGTTAAGAGGTAGCAAGACT_003,75
TGTTAAGAGGTAGCAAGACT_004,38
TGTTAAGAGGTAGCAAGACT_005,160
TGTTAAGAGGTAGCAAGACT_006,140
TGTTAAGAGGTAGCAAGACT_007,144
TGTTAAGAGGTAGCAAGACT_008,93
TGTTAAGAGGTAGCAAGACT_009,144
AAGCACCTACTACGAATAGG_001,118
AAGCACCTACTACGAATAGG_002,70
AAGCACCTACTACGAATAGG_003,92
AAGCACCTACTACGAATAGG_004,99
AAGCACCTACTACGAATAGG_005,76
AAGCACCTACTACGAATAGG_006,32
AAGCACCTACTACGAATAGG_007,33
AAGCACCTACTACGAATAGG_008,49
GCACGCCACAGAGACCTGCC_001,106
GCACGCCACAGAGACCTGCC_002,150
GCACGCCACAGAGACCTGCC_003,154
GCACGCCACAGAGACCTGCC_004,160
GCACGCCACAGAGACCTGCC_005,63
GCACGCCACAGAGACCTGCC_006,4
GCACGCCACAGAGACCTGCC_007,1
GCACGCCACAGAGACCTGCC_008,120
GCACGCCACAGAGACCTGCC_009,155
GCACGCCACAGAGACCTGCC_010,171
GCACGCCACAGAGACCTGCC_011,162
GCACGCCACAGAGACCTGCC_012,33
GCACGCCACAGAGACCTGCC_013,126
GCACGCCACAGAGACCTGCC_014,147
GCACGCCACAGAGACCTGCC_015,86
GCACGCCACAGAGACCTGCC_016,168
GCACGCCACAGAGACCTGCC_017,100
GCACGCCACAGAGACCTGCC_018,197
GCACGCCACAGAGACCTGCC_019,69
GCACGCCACAGAGACCTGCC_020,122
GCACGCCACAGAGACCTGCC_021,25
GCACGCCACAGAGACCTGCC_022,22
GCACGCCACAGAGACCTGCC_023,137
GCACGCCACAGAGACCTGCC_024,39
ATGATTTAAAGACTCAGGCG_001,96
GCACTTCTCATCGATACACT_001,77
GCACTTCTCATCGATACACT_002,106
GCACTTCTCATCGATACACT_003,102
GCACTTCTCATCGATACACT_004,145
GCACTTCTCATCGATACACT_005,106
GCACTTCTCATCGATACACT_006,106
GCACTTCTCATCGATACACT_007,147
GCACTTCTCATCGATACACT_008,8
GCACTTCTCATCGATACACT_009,163
GCACTTCTCATCGATACACT_010,145
GCACTTCTCATCGATACACT_011,19
GCACTTCTCATCGATACACT_012,174
GCACTTCTCATCGATACACT_013,181
GCACTTCTCATCGATACACT_014,29
GCACTTCTCATCGATACACT_015,139
GCACTTCTCATCGATACACT_016,149
GCACTTCTCATCGATACACT_017,2
GCACTTCTCATCGATACACT_018,108
AGAACCCAGAACTAGTTGCC_001,181
AGAACCCAGAACTAGTTGCC_002,4
AGAACCCAGAACTAGTTGCC_003,5
AGAACCCAGAACTAGTTGCC_004,112
AGAACCCAGAACTAGTTGCC_005,50
AGAACCCAGAACTAGTTGCC_006,152
AGAACCCAGAACTAGTTGCC_007,105
AGAACCCAGAACTAGTTGCC_008,108
AGAACCCAGAACTAGTTGCC_009,146
AGAACCCAGAACTAGTTGCC_010,43
AGAACCCAGAACTAGTTGCC_011,8
AGAACCCAGAACTAGTTGCC_012,132
AGCCGGGCTCATTGTGATAG_001,28
AGCCGGGCTCATTGTGATAG_002,174
AGCCGGGCTCATTGTGATAG_003,46
AGCCGGGCTCATTGTGATAG_004,19
GATGAGTGAATTCAAGAGAT_001,173
GATGAGTGAATTCAAGAGAT_002,130
GATGAGTGAATTCAAGAGAT_003,10
GATGAGTGAATTCAAGAGAT_004,88
GATGAGTGAATTCAAGAGAT_005,170
GATGAGTGAATTCAAGAGAT_006,34
GATGAGTGAATTCAAGAGAT_007,160
GATGAGTGAATTCAAGAGAT_008,96
GATGAGTGAATTCAAGAGAT_009,102
CCAGTCAATGACATTTACTA_001,125
CCAGTCAATGACATTTACTA_002,199
CCAGTCAATGACATTTACTA_003,95
CCAGTCAATGACATTTACTA_004,144
CCAGTCAATGACATTTACTA_005,154
CCAGTCAATGACATTTACTA_006,77
CCAGTCAATGACATTTACTA_007,63
CCAGTCAATGACATTTACTA_008,73
TCAGCACAGTAGACATGACT_001,70
TCAGCACAGTAGACATGACT_002,163
TCAGCACAGTAGACATGACT_003,115
TCAGCACAGTAGACATGACT_004,182
TCAGCACAGTAGACATGACT_005,190
TCAGCACAGTAGACATGACT_006,76
TCAGCACAGTAGACATGACT_007,102
TCAGCACAGTAGACATGACT_008,157
TCAGCACAGTAGACATGACT_009,0
TCAGCACAGTAGACATGACT_010,157
TCAGCACAGTAGACATGACT_011,198
TCAGCACAGTAGACATGACT_012,41
CTTACATGACACCTGGCTTG_001,50
CTTACATGACACCTGGCTTG_002,83
CTTACATGACACCTGGCTTG_003,36
CTTACATGACACCTGGCTTG_004,50
CTTACATGACACCTGGCTTG_005,20
CTTACATGACACCTGGCTTG_006,96
CTTACATGACACCTGGCTTG_007,108
CTTACATGACACCTGGCTTG_008,86
CTTACATGACACCTGGCTTG_009,47
CTTACATGACACCTGGCTTG_010,19
CTTGGTTATCTCAGCTGGCG_001,3
CTTGGTTATCTCAGCTGGCG_002,68
CTTGGTTATCTCAGCTGGCG_003,172
CTTGGTTATCTCAGCTGGCG_004,3
CTTGGTTATCTCAGCTGGCG_005,67
CTTGGTTATCTCAGCTGGCG_006,38
CTTGGTTATCTCAGCTGGCG_007,197
CTTGGTTATCTCAGCTGGCG_008,55
CTTGGTTATCTCAGCTGGCG_009,61
CTTGGTTATCTCAGCTGGCG_010,102
GGGACTGAACCATCTACGGA_001,136
GGGACTGAACCATCTACGGA_002,92
GGGACTGAACCATCTACGGA_003,184
GGGACTGAACCATCTACGGA_004,168
GGGACTGAACCATCTACGGA_005,103
GGGACTGAACCATCTACGGA_006,188
GGGACTGAACCATCTACGGA_007,94
TTACGAGAGCCTCTGTCGTG_001,188
TTACGAGAGCCTCTGTCGTG_002,81
TTACGAGAGCCTCTGTCGTG_003,12
TTACGAGAGCCTCTGTCGTG_004,29
TTACGAGAGCCTCTGTCGTG_005,50
TTACGAGAGCCTCTGTCGTG_006,102
TTACGAGAGCCTCTGTCGTG_007,127
TTACGAGAGCCTCTGTCGTG_008,62
TTACGAGAGCCTCTGTCGTG_009,83
TTACGAGAGCCTCTGTCGTG_010,197
TTACGAGAGCCTCTGTCGTG_011,106
TTACGAGAGCCTCTGTCGTG_012,159
TTACGAGAGCCTCTGTCGTG_013,68
TTACGAGAGCCTCTGTCGTG_014,86
TTACGAGAGCCTCTGTCGTG_015,146
TTACGAGAGCCTCTGTCGTG_016,184
TTACGAGAGCCTCTGTCGTG_017,96
TTACGAGAGCCTCTGTCGTG_018,195
TTACGAGAGCCTCTGTCGTG_019,82
TTACGAGAGCCTCTGTCGTG_020,103
TAAAACACAGACACTTCCTG_001,60
TAAAACACAGACACTTCCTG_002,39
ATGATGACAGGAAGGTCCGA_001,118
ATGATGACAGGAAGGTCCGA_002,190
ATGATGACAGGAAGGTCCGA_003,191
GGTCTACCCACCTAACCACG_001,130
GGTCTACCCACCTAACCACG_002,178
GGTCTACCCACCTAACCACG_003,9
GGTCTACCCACCTAACCACG_004,98
GGTCTACCCACCTAACCACG_005,119
GGTCTACCCACCTAACCACG_006,22
GGTCTACCCACCTAACCACG_007,124
GGTCTACCCACCTAACCACG_008,162
AGACAGGTGCCTTATCACTG_001,199
AGACAGGTGCCTTATCACTG_002,9
AGACAGGTGCCTTATCACTG_003,25
AGACAGGTGCCTTATCACTG_004,186
CCTTCGGACCAGTCATGGAG_001,98
CCTTCGGACCAGTCATGGAG_002,145
CCTTCGGACCAGTCATGGAG_003,88
CCTTCGGACCAGTCATGGAG_004,138
CCTTCGGACCAGTCATGGAG_005,175
CCTTCGGACCAGTCATGGAG_006,130
CCTTCGGACCAGTCATGGAG_007,193
CCTTCGGACCAGTCATGGAG_008,133
CCTTCGGACCAGTCATGGAG_009,57
CCTTCGGACCAGTCATGGAG_010,34
AAGATGACCACAGAAACCAG_001,138
AAGATGACCACAGAAACCAG_002,194
AAGATGACCACAGAAACCAG_003,83
AAGATGACCACAGAAACCAG_004,77
AAGATGACCACAGAAACCAG_005,28
AAGATGACCACAGAAACCAG_006,82
AAGATGACCACAGAAACCAG_007,108
AAGATGACCACAGAAACCAG_008,137
AAGATGACCACAGAAACCAG_009,56
AAGATGACCACAGAAACCAG_010,198
GCTGCGGGTCTGGTACAGCG_001,188
GCTGCGGGTCTGGTACAGCG_002,54
GCTGCGGGTCTGGTACAGCG_003,159
GCTGCGGGTCTGGTACAGCG_004,8
GCTGCGGGTCTGGTACAGCG_005,80
GCTGCGGGTCTGGTACAGCG_006,134
GCTGCGGGTCTGGTACAGCG_007,64
AACCCCTACCGCTTCCTGTG_001,62
AACCCCTACCGCTTCCTGTG_002,8
AACCCCTACCGCTTCCTGTG_003,188
AACCCCTACCGCTTCCTGTG_004,28
AACCCCTACCGCTTCCTGTG_005,42
AACCCCTACCGCTTCCTGTG_006,93
AACCCCTACCGCTTCCTGTG_007,77
AACCCCTACCGCTTCCTGTG_008,154
AACCCCTACCGCTTCCTGTG_009,58
AACCCCTACCGCTTCCTGTG_010,4
AACCCCTACCGCTTCCTGTG_011,52
AACCCCTACCGCTTCCTGTG_012,143
AACCCCTACCGCTTCCTGTG_013,174
AACCCCTACCGCTTCCTGTG_014,149
AACCCCTACCGCTTCCTGTG_015,64
AACCCCTACCGCTTCCTGTG_016,145
AACCCCTACCGCTTCCTGTG_017,188
AACCCCTACCGCTTCCTGTG_018,15
AACCCCTACCGCTTCCTGTG_019,145
AACCCCTACCGCTTCCTGTG_020,19
AACCCCTACCGCTTCCTGTG_021,114
AACCCCTACCGCTTCCTGTG_022,130
AACCCCTACCGCTTCCTGTG_023,136
AACCCCTACCGCTTCCTGTG_024,14
AACCCCTACCGCTTCCTGTG_025,198
CTGTGAATGAGTTGTAGAGT_001,68
CTGTGAATGAGTTGTAGAGT_002,148
CTGTGAATGAGTTGTAGAGT_003,147
CTGTGAATGAGTTGTAGAGT_004,153
CTGTGAATGAGTTGTAGAGT_005,10
CTGTGAATGAGTTGTAGAGT_006,17
AGAAGCAGCCCCCTACTAGG_001,12
AGAAGCAGCCCCCTACTAGG_002,3
AGAAGCAGCCCCCTACTAGG_003,48
AGAAGCAGCCCCCTACTAGG_004,60
AGAAGCAGCCCCCTACTAGG_005,120
AGAAGCAGCCCCCTACTAGG_006,135
AGAAGCAGCCCCCTACTAGG_007,3
AGAAGCAGCCCCCTACTAGG_008,121
AGAAGCAGCCCCCTACTAGG_009,84
AGAAGCAGCCCCCTACTAGG_010,198
AGAAGCAGCCCCCTACTAGG_011,53
AGAAGCAGCCCCCTACTAGG_012,26
AGAAGCAGCCCCCTACTAGG_013,94
AGAAGCAGCCCCCTACTAGG_014,1
AGAAGCAGCCCCCTACTAGG_015,2
AGAAGCAGCCCCCTACTAGG_016,28
AGAAGCAGCCCCCTACTAGG_017,166
AGAAGCAGCCCCCTACTAGG_018,3
TGTCATCTTCTAAAACACTT_001,142
TGTCATCTTCTAAAACACTT_002,80
TGTCATCTTCTAAAACACTT_003,128
TGTCATCTTCTAAAACACTT_004,50
TGTCATCTTCTAAAACACTT_005,133
TGTCATCTTCTAAAACACTT_006,145
TGTCATCTTCTAAAACACTT_007,105
CGGTGAAGGACTGAATCGAG_001,9
CGGTGAAGGACTGAATCGAG_002,1
CGGTGAAGGACTGAATCGAG_003,110
CGGTGAAGGACTGAATCGAG_004,170
CGGTGAAGGACTGAATCGAG_005,15
TTTGACGGCACGGAGCTCGT_001,45
TTTGACGGCACGGAGCTCGT_002,1
TTTGACGGCACGGAGCTCGT_003,135
TTTGACGGCACGGAGCTCGT_004,36
TTTGACGGCACGGAGCTCGT_005,95
TTTGACGGCACGGAGCTCGT_006,116
TTTGACGGCACGGAGCTCGT_007,35
TTTGACGGCACGGAGCTCGT_008,98
TTTGACGGCACGGAGCTCGT_009,82
TTTGACGGCACGGAGCTCGT_010,162
TTTGACGGCACGGAGCTCGT_011,58
ACCATAGGAGAAATAGCTCA_001,171
ACCATAGGAGAAATAGCTCA_002,193
TACCTCGTAGCGCCCCTGCG_001,26
TACCTCGTAGCGCCCCTGCG_002,184
TACCTCGTAGCGCCCCTGCG_003,144
TACCTCGTAGCGCCCCTGCG_004,108
TACCTCGTAGCGCCCCTGCG_005,0
TACCTCGTAGCGCCCCTGCG_006,153
TACCTCGTAGCGCCCCTGCG_007,30
TACCTCGTAGCGCCCCTGCG_008,146
TACCTCGTAGCGCCCCTGCG_009,137
CGCAGGAAGCAGACACGGGT_001,54
CGCAGGAAGCAGACACGGGT_002,127
CGCAGGAAGCAGACACGGGT_003,36
CGCAGGAAGCAGACACGGGT_004,70
CGCAGGAAGCAGACACGGGT_005,83
CGCAGGAAGCAGACACGGGT_006,141
CGCAGGAAGCAGACACGGGT_007,17
CGCAGGAAGCAGACACGGGT_008,141
CGCAGGAAGCAGACACGGGT_009,133
CGCAGGAAGCAGACACGGGT_010,93
CGCAGGAAGCAGACACGGGT_011,28
CGCAGGAAGCAGACACGGGT_012,91
CGCAGGAAGCAGACACGGGT_013,93
CGCAGGAAGCAGACACGGGT_014,177
CGCAGGAAGCAGACACGGGT_015,177
CGCAGGAAGCAGACACGGGT_016,86
GAGACACGGACTCGACGCAG_001,169
GAGACACGGACTCGACGCAG_002,130
GAGACACGGACTCGACGCAG_003,78
GAGACACGGACTCGACGCAG_004,75
GAGACACGGACTCGACGCAG_005,159
GAGACACGGACTCGACGCAG_006,92
GAGACACGGACTCGACGCAG_007,187
GAGACACGGACTCGACGCAG_008,124
GAGACACGGACTCGACGCAG_009,144
GTAGCTTGGATACGGTACTT_001,145
GTAGCTTGGATACGGTACTT_002,1
GTAGCTTGGATACGGTACTT_003,105
GTAGCTTGGATACGGTACTT_004,37
GTAGCTTGGATACGGTACTT_005,92
TGCCAATGTAGTCTGTGCAT_001,54
TGCCAATGTAGTCTGTGCAT_002,8
TGCCAATGTAGTCTGTGCAT_003,88
TGCCAATGTAGTCTGTGCAT_004,92
TGCCAATGTAGTCTGTGCAT_005,180
TGGACTCGAAGCGCACATCA_001,146
TGGACTCGAAGCGCACATCA_002,160
TGGACTCGAAGCGCACATCA_003,198
TGGACTCGAAGCGCACATCA_004,12
GGACATGGCCAGATACTACT_001,9
GGACATGGCCAGATACTACT_002,4
GGACATGGCCAGATACTACT_003,175
GGACATGGCCAGATACTACT_004,102
GGACATGGCCAGATACTACT_005,11
GGACATGGCCAGATACTACT_006,106
GGACATGGCCAGATACTACT_007,106
ACCAGCTTGGATGCCCACAA_001,107
ACCAGCTTGGATGCCCACAA_002,84
ACCAGCTTGGATGCCCACAA_003,62
ACCAGCTTGGATGCCCACAA_004,77
ACCAGCTTGGATGCCCACAA_005,69
ACCAGCTTGGATGCCCACAA_006,184
ACCAGCTTGGATGCCCACAA_007,16
TGCCGGGCGATCGTCCTCCG_001,132
TGCCGGGCGATCGTCCTCCG_002,41
TGCCGGGCGATCGTCCTCCG_003,137
TGCCGGGCGATCGTCCTCCG_004,68
TGCCGGGCGATCGTCCTCCG_005,150
TGCCGGGCGATCGTCCTCCG_006,53
TGCCGGGCGATCGTCCTCCG_007,61
TGCCGGGCGATCGTCCTCCG_008,20
TGCCGGGCGATCGTCCTCCG_009,46
TGCCGGGCGATCGTCCTCCG_010,157
TGCCGGGCGATCGTCCTCCG_011,35
TGCCGGGCGATCGTCCTCCG_012,169
TGCCGGGCGATCGTCCTCCG_013,153
TGCCGGGCGATCGTCCTCCG_014,107
TGCCGGGCGATCGTCCTCCG_015,33
TGCCGGGCGATCGTCCTCCG_016,197
TTGATTTAATGACTCCTGCA_001,150
TTGATTTAATGACTCCTGCA_002,161
TTGATTTAATGACTCCTGCA_003,161
TTGATTTAATGACTCCTGCA_004,53
TTGATTTAATGACTCCTGCA_005,30
TTGATTTAATGACTCCTGCA_006,125
TTGATTTAATGACTCCTGCA_007,88
TTGATTTAATGACTCCTGCA_008,115
TTGATTTAATGACTCCTGCA_009,52
TTGATTTAATGACTCCTGCA_010,174
TTGATTTAATGACTCCTGCA_011,16
GCGCTCCGCTTGTCCCCGAG_001,162
GCGCTCCGCTTGTCCCCGAG_002,8
GCGCTCCGCTTGTCCCCGAG_003,33
GCGCTCCGCTTGTCCCCGAG_004,121
GCGCTCCGCTTGTCCCCGAG_005,188
GCGCTCCGCTTGTCCCCGAG_006,145
GCGCTCCGCTTGTCCCCGAG_007,141
GCGCTCCGCTTGTCCCCGAG_008,148
GCGCTCCGCTTGTCCCCGAG_009,182
GCGCTCCGCTTGTCCCCGAG_010,15
GCGCTCCGCTTGTCCCCGAG_011,9
GCGCTCCGCTTGTCCCCGAG_012,149
GCGCTCCGCTTGTCCCCGAG_013,3
GCGCTCCGCTTGTCCCCGAG_014,116
GCGCTCCGCTTGTCCCCGAG_015,88
GCGCTCCGCTTGTCCCCGAG_016,186
GCGCTCCGCTTGTCCCCGAG_017,69
GCGCTCCGCTTGTCCCCGAG_018,145
GCGCTCCGCTTGTCCCCGAG_019,121
GCGCTCCGCTTGTCCCCGAG_020,137
GCGCTCCGCTTGTCCCCGAG_021,47
GCGCTCCGCTTGTCCCCGAG_022,36
GCGCTCCGCTTGTCCCCGAG_023,170
GCGCTCCGCTTGTCCCCGAG_024,177
AGTCTTTGGCGCTCCCAACG_001,176
AGTCTTTGGCGCTCCCAACG_002,126
AGTCTTTGGCGCTCCCAACG_003,152
AGTCTTTGGCGCTCCCAACG_004,151
ATGATGACAACGTTGACCCG_001,88
ATGATGACAACGTTGACCCG_002,141
ATGATGACAACGTTGACCCG_003,119
ATGATGACAACGTTGACCCG_004,53
ATGATGACAACGTTGACCCG_005,102
ATGATGACAACGTTGACCCG_006,179
ATGATGACAACGTTGACCCG_007,128
ATGATGACAACGTTGACCCG_008,43
ATGATGACAACGTTGACCCG_009,147
ATGATGACAACGTTGACCCG_010,13
ATGATGACAACGTTGACCCG_011,78
ATGATGACAACGTTGACCCG_012,4
ATGATGACAACGTTGACCCG_013,185
ATGATGACAACGTTGACCCG_014,165
CATAGCAACAGTCACAGACA_001,8
CATAGCAACAGTCACAGACA_002,94
CATAGCAACAGTCACAGACA_003,17
CATAGCAACAGTCACAGACA_004,187
CATAGCAACAGTCACAGACA_005,85
GCTGAGGGAGTCCCGCGTGG_001,37
GCTGAGGGAGTCCCGCGTGG_002,161
GCTGAGGGAGTCCCGCGTGG_003,198
GCTGAGGGAGTCCCGCGTGG_004,168
GCTGAGGGAGTCCCGCGTGG_005,139
GCTGAGGGAGTCCCGCGTGG_006,19
GCTGAGGGAGTCCCGCGTGG_007,185
GCTGAGGGAGTCCCGCGTGG_008,59
GCTGAGGGAGTCCCGCGTGG_009,0
ATTATATGAACTCCTAAGTG_001,74
ATTATATGAACTCCTAAGTG_002,119
ATTATATGAACTCCTAAGTG_003,187
ATTATATGAACTCCTAAGTG_004,16
GCTGCAGGAGTTGCATGCTA_001,108
GCTGCAGGAGTTGCATGCTA_002,88
GCTGCAGGAGTTGCATGCTA_003,26
GCTGCAGGAGTTGCATGCTA_004,12
GCTGCAGGAGTTGCATGCTA_005,82
GCTGCAGGAGTTGCATGCTA_006,56
GCTGCAGGAGTTGCATGCTA_007,93
GCTGCAGGAGTTGCATGCTA_008,103
GCTGCAGGAGTTGCATGCTA_009,1
TTGACACCGCCACTTCAAGT_001,77
TTGACACCGCCACTTCAAGT_002,116
TTGACACCGCCACTTCAAGT_003,182
TTGACACCGCCACTTCAAGT_004,105
TTGACACCGCCACTTCAAGT_005,185
TTGACACCGCCACTTCAAGT_006,132
TTGACACCGCCACTTCAAGT_007,119
TTGACACCGCCACTTCAAGT_008,58
TTGACACCGCCACTTCAAGT_009,108
TTGACACCGCCACTTCAAGT_010,97
TTGACACCGCCACTTCAAGT_011,40
TTGACACCGCCACTTCAAGT_012,35
TTGACACCGCCACTTCAAGT_013,120
TTGACACCGCCACTTCAAGT_014,42
TTGACACCGCCACTTCAAGT_015,102
TTGACACCGCCACTTCAAGT_016,191
TTGACACCGCCACTTCAAGT_017,94
TTGACACCGCCACTTCAAGT_018,121
TTGACACCGCCACTTCAAGT_019,9
TTGACACCGCCACTTCAAGT_020,78
TTGACACCGCCACTTCAAGT_021,40
TTGACACCGCCACTTCAAGT_022,111
TTGACACCGCCACTTCAAGT_023,198
TTGACACCGCCACTTCAAGT_024,156
TTGACACCGCCACTTCAAGT_025,11
TTGACACCGCCACTTCAAGT_026,155
TCAGTATCATCGGCAAACTG_001,134
TCAGTATCATCGGCAAACTG_002,94
TCAGTATCATCGGCAAACTG_003,120
TCAGTATCATCGGCAAACTG_004,110
TCAGTATCATCGGCAAACTG_005,96
TCAGTATCATCGGCAAACTG_006,118
TCAGTATCATCGGCAAACTG_007,154
TCAGTATCATCGGCAAACTG_008,19
TCAGTATCATCGGCAAACTG_009,81
TCAGTATCATCGGCAAACTG_010,184
TCAGTATCATCGGCAAACTG_011,79
TCAGTATCATCGGCAAACTG_012,1
TCAGTATCATCGGCAAACTG_013,149
TCAGTATCATCGGCAAACTG_014,150
TCAGTATCATCGGCAAACTG_015,170
AGAAGCAGTTGTTAAACCAG_001,40
AGAAGCAGTTGTTAAACCAG_002,15
AGAAGCAGTTGTTAAACCAG_003,138
AGAAGCAGTTGTTAAACCAG_004,181
AGAAGCAGTTGTTAAACCAG_005,2
AGAAGCAGTTGTTAAACCAG_006,184
AGAAGCAGTTGTTAAACCAG_007,38
GGAGGATCCCAACCGAGAAG_001,47
GGAGGATCCCAACCGAGAAG_002,103
GGAGGATCCCAACCGAGAAG_003,32
GGAGGATCCCAACCGAGAAG_004,14
GGAGGATCCCAACCGAGAAG_005,181
GGAGGATCCCAACCGAGAAG_006,105
GGAGGATCCCAACCGAGAAG_007,19
GGAGGATCCCAACCGAGAAG_008,95
GGAGGATCCCAACCGAGAAG_009,193
GGAGGATCCCAACCGAGAAG_010,17
GAGGTCGCCAATGATAGTGG_001,13
CTTAAGCAACATGTTCGAGG_001,15
CTTAAGCAACATGTTCGAGG_002,125
CTTAAGCAACATGTTCGAGG_003,83
TATTAACTGATATGTTCACT_001,105
TATTAACTGATATGTTCACT_002,88
ATTTACTCAGGACATGTACA_001,68
ATTTACTCAGGACATGTACA_002,103
ATTTACTCAGGACATGTACA_003,94
ATTTACTCAGGACATGTACA_004,105
ATTTACTCAGGACATGTACA_005,78
ATTTACTCAGGACATGTACA_006,81
ATTTACTCAGGACATGTACA_007,27
ATTTACTCAGGACATGTACA_008,175
ATTTACTCAGGACATGTACA_009,115
ATTTACTCAGGACATGTACA_010,104
ATTTACTCAGGACATGTACA_011,15
ATTTACTCAGGACATGTACA_012,116
ATTTACTCAGGACATGTACA_013,161
ATTTACTCAGGACATGTACA_014,136
ATTTACTCAGGACATGTACA_015,116
TCTTGACAAAGGTGGCGTAG_001,37
TCTTGACAAAGGTGGCGTAG_002,191
TCTTGACAAAGGTGGCGTAG_003,197
TCTTGACAAAGGTGGCGTAG_004,85
TCTTGACAAAGGTGGCGTAG_005,19
TCTTGACAAAGGTGGCGTAG_006,184
TCTTGACAAAGGTGGCGTAG_007,68
TCTTGACAAAGGTGGCGTAG_008,98
TCTTGACAAAGGTGGCGTAG_009,98
TCTTGACAAAGGTGGCGTAG_010,154
TCTTGACAAAGGTGGCGTAG_011,65
TCTTGACAAAGGTGGCGTAG_012,72
TCTTGACAAAGGTGGCGTAG_013,4
TCTTGACAAAGGTGGCGTAG_014,49
TCTTGACAAAGGTGGCGTAG_015,41
TCTTGACAAAGGTGGCGTAG_016,158
TCTTGACAAAGGTGGCGTAG_017,173
TCTTGACAAAGGTGGCGTAG_018,42
CCCTCGCCGGAGGAAAGCGA_001,140
CCCTCGCCGGAGGAAAGCGA_002,106
CCCTCGCCGGAGGAAAGCGA_003,55
CCCTCGCCGGAGGAAAGCGA_004,53
CCCTCGCCGGAGGAAAGCGA_005,23
CCCTCGCCGGAGGAAAGCGA_006,136
CCCTCGCCGGAGGAAAGCGA_007,136
CCCTCGCCGGAGGAAAGCGA_008,135
CCCTCGCCGGAGGAAAGCGA_009,119
CCCTCGCCGGAGGAAAGCGA_010,168
CCCTCGCCGGAGGAAAGCGA_011,124
CCCTCGCCGGAGGAAAGCGA_012,144
CCCTCGCCGGAGGAAAGCGA_013,146
ATTTAGTGAACATCCAATTC_001,61
ATTTAGTGAACATCCAATTC_002,81
ATTTAGTGAACATCCAATTC_003,88
ATTTAGTGAACATCCAATTC_004,163
ATTTAGTGAACATCCAATTC_005,153
ATTTAGTGAACATCCAATTC_006,105
GAACTCGCAGATGTTGAACT_001,184
GAACTCGCAGATGTTGAACT_002,172
GAACTCGCAGATGTTGAACT_003,176
GAACTCGCAGATGTTGAACT_004,145
GAACTCGCAGATGTTGAACT_005,191
ACACGAGAGTCTTAGCCATG_001,58
ACACGAGAGTCTTAGCCATG_002,145
ACACGAGAGTCTTAGCCATG_003,7
ACACGAGAGTCTTAGCCATG_004,107
ACACGAGAGTCTTAGCCATG_005,129
ACACGAGAGTCTTAGCCATG_006,180
ACACGAGAGTCTTAGCCATG_007,10
ACACGAGAGTCTTAGCCATG_008,199
ACACGAGAGTCTTAGCCATG_009,1
TGCTTGCCATCACCCCACGC_001,52
TGCTTGCCATCACCCCACGC_002,170
TGCTTGCCATCACCCCACGC_003,113
TGCTTGCCATCACCCCACGC_004,75
TGCTTGCCATCACCCCACGC_005,147
TGCTTGCCATCACCCCACGC_006,18
TGCTTGCCATCACCCCACGC_007,178
TGCTTGCCATCACCCCACGC_008,176
TGCTTGCCATCACCCCACGC_009,92
TGCTTGCCATCACCCCACGC_010,56
TGCTTGCCATCACCCCACGC_011,121
TGCTTGCCATCACCCCACGC_012,136
TGCTTGCCATCACCCCACGC_013,28
CAGGTAGAGCACGCTCATGA_001,146
CAGGTAGAGCACGCTCATGA_002,102
CAGGTAGAGCACGCTCATGA_003,21
CAGGTAGAGCACGCTCATGA_004,32
CAGGTAGAGCACGCTCATGA_005,23
CAGGTAGAGCACGCTCATGA_006,147
CAGGTAGAGCACGCTCATGA_007,168
CAGGTAGAGCACGCTCATGA_008,111
CAGGTAGAGCACGCTCATGA_009,196
CAGGTAGAGCACGCTCATGA_010,78
CAGGTAGAGCACGCTCATGA_011,1
CAGGTAGAGCACGCTCATGA_012,87
CAGGTAGAGCACGCTCATGA_013,155
GCACATTCGAACTCATACAG_001,156
GCACATTCGAACTCATACAG_002,58
GCACATTCGAACTCATACAG_003,146
GCACATTCGAACTCATACAG_004,111
GCACATTCGAACTCATACAG_005,40
ACATCGTCGAGATACATAAC_001,172
ACATCGTCGAGATACATAAC_002,46
ACATCGTCGAGATACATAAC_003,13
ACATCGTCGAGATACATAAC_004,130
ACATCGTCGAGATACATAAC_005,1
ACATCGTCGAGATACATAAC_006,170
ACATCGTCGAGATACATAAC_007,144
ACATCGTCGAGATACATAAC_008,57
ACATCGTCGAGATACATAAC_009,19
ACATCGTCGAGATACATAAC_010,127
ACATCGTCGAGATACATAAC_011,40
GAGGGATCCTTACGGAACTG_001,94
GAGGGATCCTTACGGAACTG_002,134
GGCTGTGGGGACTGTGCTCG_001,55
GGCTGTGGGGACTGTGCTCG_002,63
GGCTGTGGGGACTGTGCTCG_003,19
GGCTGTGGGGACTGTGCTCG_004,169
GGCTGTGGGGACTGTGCTCG_005,127
GGCTGTGGGGACTGTGCTCG_006,160
GGCTGTGGGGACTGTGCTCG_007,145
GGCTGTGGGGACTGTGCTCG_008,103
GGCTGTGGGGACTGTGCTCG_009,84
GGCTGTGGGGACTGTGCTCG_010,179
GGCTGTGGGGACTGTGCTCG_011,102
GGCTGTGGGGACTGTGCTCG_012,50
GAGTGTGTTGAATGTGAACG_001,194
GAGTGTGTTGAATGTGAACG_002,182
GAGTGTGTTGAATGTGAACG_003,107
GAGTGTGTTGAATGTGAACG_004,81
GAGTGTGTTGAATGTGAACG_005,177
GAGTGTGTTGAATGTGAACG_006,144
GAGTGTGTTGAATGTGAACG_007,13
CAATGAGCGAGAGCTCCTGG_001,65
CAATGAGCGAGAGCTCCTGG_002,56
CAATGAGCGAGAGCTCCTGG_003,123
CAATGAGCGAGAGCTCCTGG_004,68
CAATGAGCGAGAGCTCCTGG_005,191
CAATGAGCGAGAGCTCCTGG_006,12
TAAGTGTCTCCAACTCAGTA_001,42
TAAGTGTCTCCAACTCAGTA_002,77
GAAGCTAGGCTTGTAGAATG_001,27
GAAGCTAGGCTTGTAGAATG_002,43
GAAGCTAGGCTTGTAGAATG_003,184
GAAGCTAGGCTTGTAGAATG_004,50
GAAGCTAGGCTTGTAGAATG_005,169
GAAGCTAGGCTTGTAGAATG_006,19
GAAGCTAGGCTTGTAGAATG_007,137
GAAGCTAGGCTTGTAGAATG_008,18
ACTACTCCGGCAAATACTCG_001,17
ACTACTCCGGCAAATACTCG_002,12
ACTACTCCGGCAAATACTCG_003,133
ACTACTCCGGCAAATACTCG_004,121
ACTACTCCGGCAAATACTCG_005,58
ACTACTCCGGCAAATACTCG_006,156
ACTACTCCGGCAAATACTCG_007,115
ACTACTCCGGCAAATACTCG_008,148
ACTACTCCGGCAAATACTCG_009,189
ACTACTCCGGCAAATACTCG_010,197
ACTACTCCGGCAAATACTCG_011,149
ACTACTCCGGCAAATACTCG_012,37
ACTACTCCGGCAAATACTCG_013,28
AACAATGCAGAATTTCCAGA_001,139
AACAATGCAGAATTTCCAGA_002,149
AACAATGCAGAATTTCCAGA_003,61
AACAATGCAGAATTTCCAGA_004,106
AACAATGCAGAATTTCCAGA_005,49
GCTACCGGTCCATTGCACGT_001,85
GCTACCGGTCCATTGCACGT_002,70
GCTACCGGTCCATTGCACGT_003,44
ATCACGAAAGAATAACGCAT_001,11
ATCACGAAAGAATAACGCAT_002,9
ATCACGAAAGAATAACGCAT_003,76
ATCACGAAAGAATAACGCAT_004,194
ATCACGAAAGAATAACGCAT_005,158
ATCACGAAAGAATAACGCAT_006,43
ATCACGAAAGAATAACGCAT_007,13
ATCACGAAAGAATAACGCAT_008,61
ATCACGAAAGAATAACGCAT_009,145
ATCACGAAAGAATAACGCAT_010,23
ATCACGAAAGAATAACGCAT_011,167
ATCACGAAAGAATAACGCAT_012,56
ATCACGAAAGAATAACGCAT_013,88
ATCACGAAAGAATAACGCAT_014,155
ATCACGAAAGAATAACGCAT_015,157
ATCACGAAAGAATAACGCAT_016,12
ATCACGAAAGAATAACGCAT_017,138
ATCACGAAAGAATAACGCAT_018,78
ATCACGAAAGAATAACGCAT_019,89
ACATCGGCCAACATGACGAG_001,28
ACATCGGCCAACATGACGAG_002,162
ACATCGGCCAACATGACGAG_003,41
ACATCGGCCAACATGACGAG_004,117
ACATCGGCCAACATGACGAG_005,108
ACATCGGCCAACATGACGAG_006,60
ACATCGGCCAACATGACGAG_007,141
ACATCGGCCAACATGACGAG_008,92
ACATCGGCCAACATGACGAG_009,84
ACATCGGCCAACATGACGAG_010,34
ACATCGGCCAACATGACGAG_011,184
ACATCGGCCAACATGACGAG_012,54
ACATCGGCCAACATGACGAG_013,65
ACATCGGCCAACATGACGAG_014,145
ACATCGGCCAACATGACGAG_015,124
ACATCGGCCAACATGACGAG_016,11
ACATCGGCCAACATGACGAG_017,49
ACATCGGCCAACATGACGAG_018,157
ACATCGGCCAACATGACGAG_019,27
ACATCGGCCAACATGACGAG_020,78
ACATCGGCCAACATGACGAG_021,77
ACATCGGCCAACATGACGAG_022,197
ACATCGGCCAACATGACGAG_023,191
GCAGGTCTATAACTTGACCC_001,174
GCAGGTCTATAACTTGACCC_002,85
GATACCCTGGGATTCTACGC_001,175
GATACCCTGGGATTCTACGC_002,184
GATACCCTGGGATTCTACGC_003,91
GATACCCTGGGATTCTACGC_004,128
GATACCCTGGGATTCTACGC_005,67
GATACCCTGGGATTCTACGC_006,27
GCTGCCAGACTACCTGCTGT_001,158
GCTGCCAGACTACCTGCTGT_002,64
ATTATCTCTGGAGAACACGG_001,140
ATTATCTCTGGAGAACACGG_002,81
ATTATCTCTGGAGAACACGG_003,179
CAGAGTGGGTGATTTCAACG_001,127
CAGAGTGGGTGATTTCAACG_002,66
CAGAGTGGGTGATTTCAACG_003,86
CAGAGTGGGTGATTTCAACG_004,193
CAGAGTGGGTGATTTCAACG_005,60
CAGAGTGGGTGATTTCAACG_006,21
CTGAAAGCACCTCGGTCCAG_001,121
CTGAAAGCACCTCGGTCCAG_002,152
CTGAAAGCACCTCGGTCCAG_003,83
CTGAAAGCACCTCGGTCCAG_004,44
CTGAAAGCACCTCGGTCCAG_005,70
CTGAAAGCACCTCGGTCCAG_006,63
CTGAAAGCACCTCGGTCCAG_007,20
AACACTAGGGGTCTTCCTCG_001,69
AACACTAGGGGTCTTCCTCG_002,84
AACACTAGGGGTCTTCCTCG_003,113
AACACTAGGGGTCTTCCTCG_004,103
AACACTAGGGGTCTTCCTCG_005,122
AACACTAGGGGTCTTCCTCG_006,148
GGGCATGACCGACCCACCAG_001,112
GGGCATGACCGACCCACCAG_002,115
GGGCATGACCGACCCACCAG_003,40
GGGCATGACCGACCCACCAG_004,134
GGGCATGACCGACCCACCAG_005,8
GGGCATGACCGACCCACCAG_006,45
GGGCATGACCGACCCACCAG_007,49
GGGCATGACCGACCCACCAG_008,2
GGGCATGACCGACCCACCAG_009,99
GGGCATGACCGACCCACCAG_010,168
GGGCATGACCGACCCACCAG_011,62
GGGCATGACCGACCCACCAG_012,63
GGGCATGACCGACCCACCAG_013,146
GGGCATGACCGACCCACCAG_014,92
GGGCATGACCGACCCACCAG_015,145
GGGCATGACCGACCCACCAG_016,102
GGGCATGACCGACCCACCAG_017,162
GGGCATGACCGACCCACCAG_018,94
GGGCATGACCGACCCACCAG_019,102
GGGCATGACCGACCCACCAG_020,10
GGGCATGACCGACCCACCAG_021,4
GGGCATGACCGACCCACCAG_022,119
GGGCATGACCGACCCACCAG_023,14
GGGCATGACCGACCCACCAG_024,141
TAACCACAAAGAAGTTGCGA_001,52
TAACCACAAAGAAGTTGCGA_002,8
TAACCACAAAGAAGTTGCGA_003,168
TAACCACAAAGAAGTTGCGA_004,22
TAACCACAAAGAAGTTGCGA_005,31
TAACCACAAAGAAGTTGCGA_006,144
GTTCAATCTGAAAACACACT_001,197
GTTCAATCTGAAAACACACT_002,43
GTTCAATCTGAAAACACACT_003,58
GTTCAATCTGAAAACACACT_004,147
GTTCAATCTGAAAACACACT_005,77
GTTCAATCTGAAAACACACT_006,58
GTTCAATCTGAAAACACACT_007,31
GTTCAATCTGAAAACACACT_008,103
GTCAGTCTTCTGTTTCCGAT_001,159
GTCAGTCTTCTGTTTCCGAT_002,151
GTCAGTCTTCTGTTTCCGAT_003,151
GTCAGTCTTCTGTTTCCGAT_004,147
GTCAGTCTTCTGTTTCCGAT_005,105
GTCAGTCTTCTGTTTCCGAT_006,76
GTCAGTCTTCTGTTTCCGAT_007,96
GTCAGTCTTCTGTTTCCGAT_008,158
GTCAGTCTTCTGTTTCCGAT_009,111
GTCAGTCTTCTGTTTCCGAT_010,31
GTCAGTCTTCTGTTTCCGAT_011,38
GTCAGTCTTCTGTTTCCGAT_012,168
GTCAGTCTTCTGTTTCCGAT_013,188
AGCGGTCACGAACTTACGCT_001,66
AGCGGTCACGAACTTACGCT_002,103
AGCGGTCACGAACTTACGCT_003,150
AGCGGTCACGAACTTACGCT_004,195
AGCGGTCACGAACTTACGCT_005,75
AGCGGTCACGAACTTACGCT_006,71
AGCGGTCACGAACTTACGCT_007,19
AGCGGTCACGAACTTACGCT_008,156
AGCGGTCACGAACTTACGCT_009,156
AGCGGTCACGAACTTACGCT_010,137
AGCGGTCACGAACTTACGCT_011,134
AGCGGTCACGAACTTACGCT_012,172
AGCGGTCACGAACTTACGCT_013,198
AGCGGTCACGAACTTACGCT_014,17
AGCGGTCACGAACTTACGCT_015,102
AGCGGTCACGAACTTACGCT_016,197
AGCGGTCACGAACTTACGCT_017,192
AGATTGAAATCAGTTTGACG_001,4
AGATTGAAATCAGTTTGACG_002,82
AGATTGAAATCAGTTTGACG_003,37
ATGGTCGTGACAGTACTCCA_001,137
ATGGTCGTGACAGTACTCCA_002,124
ATGGTCGTGACAGTACTCCA_003,83
ATGGTCGTGACAGTACTCCA_004,68
ATGGTCGTGACAGTACTCCA_005,51
ATGGTCGTGACAGTACTCCA_006,53
ATGGTCGTGACAGTACTCCA_007,33
ATGGTCGTGACAGTACTCCA_008,11
ATGGTCGTGACAGTACTCCA_009,152
ATGGTCGTGACAGTACTCCA_010,88
ATGGTCGTGACAGTACTCCA_011,68
ATGGTCGTGACAGTACTCCA_012,58
ATGGTCGTGACAGTACTCCA_013,176
ATGGTCGTGACAGTACTCCA_014,115
ATGGTCGTGACAGTACTCCA_015,190
ATGGTCGTGACAGTACTCCA_016,50
ATGGTCGTGACAGTACTCCA_017,51
ATGGTCGTGACAGTACTCCA_018,50
ATGGTCGTGACAGTACTCCA_019,5
ATGGTCGTGACAGTACTCCA_020,178
ATGGTCGTGACAGTACTCCA_021,16
ATGGTCGTGACAGTACTCCA_022,48
ATGGTCGTGACAGTACTCCA_023,42
ATGGTCGTGACAGTACTCCA_024,29
ATGGTCGTGACAGTACTCCA_025,2
ATGGTCGTGACAGTACTCCA_026,105
ATGGTCGTGACAGTACTCCA_027,56
ATGGTCGTGACAGTACTCCA_028,79
ATGGTCGTGACAGTACTCCA_029,42
ATGGTCGTGACAGTACTCCA_030,118
ATGGTCGTGACAGTACTCCA_031,33
ATGGTCGTGACAGTACTCCA_032,35
CAGGGGTGAGCGGATGACCG_001,11
CAGGGGTGAGCGGATGACCG_002,182
CAGGGGTGAGCGGATGACCG_003,75
CAGGGGTGAGCGGATGACCG_004,95
CAGGGGTGAGCGGATGACCG_005,130
GACGGACAGTGTACGCTTCG_001,32
GACGGACAGTGTACGCTTCG_002,102
GACGGACAGTGTACGCTTCG_003,91
GACGGACAGTGTACGCTTCG_004,160
ATGTTTGTCAGTACGATGAG_001,172
ATGTTTGTCAGTACGATGAG_002,83
ATGTTTGTCAGTACGATGAG_003,30
ATGTTTGTCAGTACGATGAG_004,148
ATGTTTGTCAGTACGATGAG_005,170
ATGTTTGTCAGTACGATGAG_006,54
ATGTTTGTCAGTACGATGAG_007,136
ATGTTTGTCAGTACGATGAG_008,77
ATGTTTGTCAGTACGATGAG_009,9
ATGTTTGTCAGTACGATGAG_010,61
ATGTTTGTCAGTACGATGAG_011,28
ATGTTTGTCAGTACGATGAG_012,152
CCTTAAAATCCGAGTCGCTG_001,48
CCTTAAAATCCGAGTCGCTG_002,41
CCTTAAAATCCGAGTCGCTG_003,188
CCTTAAAATCCGAGTCGCTG_004,72
CCTTAAAATCCGAGTCGCTG_005,147
CCTTAAAATCCGAGTCGCTG_006,47
CCTTAAAATCCGAGTCGCTG_007,189
CCTTAAAATCCGAGTCGCTG_008,74
CAGAGCATCTCTAGCTAACG_001,118
CAGAGCATCTCTAGCTAACG_002,38
CAGAGCATCTCTAGCTAACG_003,66
CTGCTCCAACTACCCCTAAG_001,100
CTGCTCCAACTACCCCTAAG_002,43
CTGCTCCAACTACCCCTAAG_003,155
ACTCTCTCAACTCCACGACG_001,20
ACTCTCTCAACTCCACGACG_002,70
ACTCTCTCAACTCCACGACG_003,60
ACTCTCTCAACTCCACGACG_004,115
ACTCTCTCAACTCCACGACG_005,96
ACTCTCTCAACTCCACGACG_006,53
ACTCTCTCAACTCCACGACG_007,113
ACTCTCTCAACTCCACGACG_008,176
ACTCTCTCAACTCCACGACG_009,156
ACTCTCTCAACTCCACGACG_010,146
ACTCTCTCAACTCCACGACG_011,191
ACTCTCTCAACTCCACGACG_012,170
ACTCTCTCAACTCCACGACG_013,58
ACTCTCTCAACTCCACGACG_014,126
ACTCTCTCAACTCCACGACG_015,59
ACTCTCTCAACTCCACGACG_016,117
ACTCTCTCAACTCCACGACG_017,38
ACTCTCTCAACTCCACGACG_018,31
ACTCTCTCAACTCCACGACG_019,168
ACTCTCTCAACTCCACGACG_020,179
ACTCTCTCAACTCCACGACG_021,49
ACTCTCTCAACTCCACGACG_022,137
ACTCTCTCAACTCCACGACG_023,147
ACTCTCTCAACTCCACGACG_024,61
ACTCTCTCAACTCCACGACG_025,23
ACTCTCTCAACTCCACGACG_026,84
ACTCTCTCAACTCCACGACG_027,96
ACTCTCTCAACTCCACGACG_028,25
ATCACCAGGCCCATATGCAC_001,31
GGGAGACTGTTACTACTGCG_001,88
GGGAGACTGTTACTACTGCG_002,68
GGGAGACTGTTACTACTGCG_003,50
GGGAGACTGTTACTACTGCG_004,34
GGGAGACTGTTACTACTGCG_005,60
GGGAGACTGTTACTACTGCG_006,141
TGAGACACCAGTCGTCCACG_001,149
CTTACCGCGCTGGACCGCCA_001,193
CTTACCGCGCTGGACCGCCA_002,161
CTTACCGCGCTGGACCGCCA_003,8
CTTACCGCGCTGGACCGCCA_004,113
CTTACCGCGCTGGACCGCCA_005,103
CTTACCGCGCTGGACCGCCA_006,57
CTTACCGCGCTGGACCGCCA_007,92
CTTACCGCGCTGGACCGCCA_008,147
CTTACCGCGCTGGACCGCCA_009,17
CTTACCGCGCTGGACCGCCA_010,83
CTTACCGCGCTGGACCGCCA_011,145
CTTACCGCGCTGGACCGCCA_012,124
CTTACCGCGCTGGACCGCCA_013,0
CTTACCGCGCTGGACCGCCA_014,106
CTTACCGCGCTGGACCGCCA_015,120
CTTACCGCGCTGGACCGCCA_016,160
CTTACCGCGCTGGACCGCCA_017,138
CTTACCGCGCTGGACCGCCA_018,49
GCGGCAGTGACTGCACCGGG_001,106
GCGGCAGTGACTGCACCGGG_002,52
GCGGCAGTGACTGCACCGGG_003,140
GCGGCAGTGACTGCACCGGG_004,70
GCGGCAGTGACTGCACCGGG_005,121
GCGGCAGTGACTGCACCGGG_006,97
GCGGCAGTGACTGCACCGGG_007,72
GCGGCAGTGACTGCACCGGG_008,47
GCGGCAGTGACTGCACCGGG_009,69
GCGGCAGTGACTGCACCGGG_010,168
GGAGCCCTGGCCGATGACCA_001,83
GGAGCCCTGGCCGATGACCA_002,166
GGAGCCCTGGCCGATGACCA_003,172
GGAGCCCTGGCCGATGACCA_004,128
GGAGCCCTGGCCGATGACCA_005,1
GGAGCCCTGGCCGATGACCA_006,181
GGAGCCCTGGCCGATGACCA_007,118
GGAGCCCTGGCCGATGACCA_008,188
ACTGCGCACCAGAATCTCAG_001,134
ACTGCGCACCAGAATCTCAG_002,77
ACTGCGCACCAGAATCTCAG_003,2
ACTGCGCACCAGAATCTCAG_004,69
ACTGCGCACCAGAATCTCAG_005,160
ACTGCGCACCAGAATCTCAG_006,11
ACTGCGCACCAGAATCTCAG_007,98
ACTGCGCACCAGAATCTCAG_008,190
ACTGCGCACCAGAATCTCAG_009,34
ACTGCGCACCAGAATCTCAG_010,84
ACTGCGCACCAGAATCTCAG_011,62
ACTGCGCACCAGAATCTCAG_012,175
ACTGCGCACCAGAATCTCAG_013,106
ACTGCGCACCAGAATCTCAG_014,124
GCCCAGGGAATGGTGGACAG_001,163
GCCCAGGGAATGGTGGACAG_002,181
GCCCAGGGAATGGTGGACAG_003,174
GCCCAGGGAATGGTGGACAG_004,182
GCCCAGGGAATGGTGGACAG_005,58
GCCCAGGGAATGGTGGACAG_006,121
GCCCAGGGAATGGTGGACAG_007,78
GCCCAGGGAATGGTGGACAG_008,58
GCCCAGGGAATGGTGGACAG_009,78
GCCCAGGGAATGGTGGACAG_010,107
GCCCAGGGAATGGTGGACAG_011,1
GCCCAGGGAATGGTGGACAG_012,152
GCCCAGGGAATGGTGGACAG_013,92
GCCCAGGGAATGGTGGACAG_014,199
GCCCAGGGAATGGTGGACAG_015,127
GCCCAGGGAATGGTGGACAG_016,192
GCCCAGGGAATGGTGGACAG_017,178
GCCCAGGGAATGGTGGACAG_018,108
GCCCAGGGAATGGTGGACAG_019,133
GCCCAGGGAATGGTGGACAG_020,2
GCCCAGGGAATGGTGGACAG_021,64
GCCCAGGGAATGGTGGACAG_022,155
GCCCAGGGAATGGTGGACAG_023,77
GCCCAGGGAATGGTGGACAG_024,11
GCTTCTGGAGAGACTCGCAG_001,115
GCTTCTGGAGAGACTCGCAG_002,176
GCTTCTGGAGAGACTCGCAG_003,115
GCTTCTGGAGAGACTCGCAG_004,193
GCTTCTGGAGAGACTCGCAG_005,181
GCTTCTGGAGAGACTCGCAG_006,6
GCTTCTGGAGAGACTCGCAG_007,144
GCTTCTGGAGAGACTCGCAG_008,91
GCTTCTGGAGAGACTCGCAG_009,77
GCTTCTGGAGAGACTCGCAG_010,157
GCTTCTGGAGAGACTCGCAG_011,169
GCTTCTGGAGAGACTCGCAG_012,25
GCTTCTGGAGAGACTCGCAG_013,5
GCTTCTGGAGAGACTCGCAG_014,178
GCTTCTGGAGAGACTCGCAG_015,162
GCTTCTGGAGAGACTCGCAG_016,30
GAGAGAGTCGGAGAGAACGA_001,136
GAGAGAGTCGGAGAGAACGA_002,31
GAGAGAGTCGGAGAGAACGA_003,127
GAGAGAGTCGGAGAGAACGA_004,147
GAGAGAGTCGGAGAGAACGA_005,82
GAGAGAGTCGGAGAGAACGA_006,82
GAGAGAGTCGGAGAGAACGA_007,65
GAGAGAGTCGGAGAGAACGA_008,129
GAGAGAGTCGGAGAGAACGA_009,137
GAGAGAGTCGGAGAGAACGA_010,27
GAGAGAGTCGGAGAGAACGA_011,16
GAGAGAGTCGGAGAGAACGA_012,183
GAGGACACCCAAAACATGTG_001,11
GAGGACACCCAAAACATGTG_002,56
GAGGACACCCAAAACATGTG_003,11
GAGGACACCCAAAACATGTG_004,68
GAGGACACCCAAAACATGTG_005,11
GAGGACACCCAAAACATGTG_006,48
GAGGACACCCAAAACATGTG_007,176
GAGGACACCCAAAACATGTG_008,17
GAGGACACCCAAAACATGTG_009,135
GAGGACACCCAAAACATGTG_010,70
GCAAAGGCAACTATGCCGAG_001,17
GCAAAGGCAACTATGCCGAG_002,94
GCAAAGGCAACTATGCCGAG_003,191
GCAAAGGCAACTATGCCGAG_004,67
GCAAAGGCAACTATGCCGAG_005,105
GCAAAGGCAACTATGCCGAG_006,103
CATGGAAGATTGGGACCCCA_001,107
CATGGAAGATTGGGACCCCA_002,98
CATGGAAGATTGGGACCCCA_003,50
CATGGAAGATTGGGACCCCA_004,107
CATGGAAGATTGGGACCCCA_005,187
CATGGAAGATTGGGACCCCA_006,108
CATGGAAGATTGGGACCCCA_007,116
CATGGAAGATTGGGACCCCA_008,9
CATGGAAGATTGGGACCCCA_009,128
CATGGAAGATTGGGACCCCA_010,113
CATGGAAGATTGGGACCCCA_011,157
CATGGAAGATTGGGACCCCA_012,147
CATGGAAGATTGGGACCCCA_013,1
CATGGAAGATTGGGACCCCA_014,162
CATGGAAGATTGGGACCCCA_015,57
CATGGAAGATTGGGACCCCA_016,0
CATGGAAGATTGGGACCCCA_017,150
CATGGAAGATTGGGACCCCA_018,96
CATGGAAGATTGGGACCCCA_019,164
AGACCGAATACAAATTTGAA_001,109
AGACCGAATACAAATTTGAA_002,122
AGACCGAATACAAATTTGAA_003,96
AGACCGAATACAAATTTGAA_004,4
AGACCGAATACAAATTTGAA_005,27
GACAAGTTCGGTCATGCCCG_001,92
GACAAGTTCGGTCATGCCCG_002,175
CCAAGTAGCACGCAACATGT_001,98
CCAAGTAGCACGCAACATGT_002,95
CCAAGTAGCACGCAACATGT_003,157
CCAAGTAGCACGCAACATGT_004,177
CCAAGTAGCACGCAACATGT_005,83
CCAAGTAGCACGCAACATGT_006,197
CCAAGTAGCACGCAACATGT_007,172
CAGCGTTCTTACCCCGCTCA_001,69
CAGCGTTCTTACCCCGCTCA_002,172
CTCATCGTCGTCAACACAGT_001,109
CTCATCGTCGTCAACACAGT_002,109
CTCATCGTCGTCAACACAGT_003,56
CTCATCGTCGTCAACACAGT_004,135
CTCATCGTCGTCAACACAGT_005,137
CTCATCGTCGTCAACACAGT_006,12
AGGATGGAATGGGAAACCTG_001,59
AGGATGGAATGGGAAACCTG_002,3
AGGATGGAATGGGAAACCTG_003,29
AGGATGGAATGGGAAACCTG_004,23
AGGATGGAATGGGAAACCTG_005,30
AGGATGGAATGGGAAACCTG_006,177
AGGATGGAATGGGAAACCTG_007,37
AGGATGGAATGGGAAACCTG_008,69
AGGATGGAATGGGAAACCTG_009,8
AGGATGGAATGGGAAACCTG_010,115
AGGATGGAATGGGAAACCTG_011,50
TATACGAACTAACCTCCATG_001,185
TATACGAACTAACCTCCATG_002,78
ACTGCCAGGGTTCAACTCGG_001,15
ACTGCCAGGGTTCAACTCGG_002,47
ACTGCCAGGGTTCAACTCGG_003,100
ACTGCCAGGGTTCAACTCGG_004,112
ACTGCCAGGGTTCAACTCGG_005,158
ACTGCCAGGGTTCAACTCGG_006,27
ACTGCCAGGGTTCAACTCGG_007,133
ACTGCCAGGGTTCAACTCGG_008,168
ACTGCCAGGGTTCAACTCGG_009,118
ACTGCCAGGGTTCAACTCGG_010,147
ACTGCCAGGGTTCAACTCGG_011,50
ACTGCCAGGGTTCAACTCGG_012,186
ACTGCCAGGGTTCAACTCGG_013,135
ACTGCCAGGGTTCAACTCGG_014,133
ACTGCCAGGGTTCAACTCGG_015,174
ACTGCCAGGGTTCAACTCGG_016,36
ACTGCCAGGGTTCAACTCGG_017,120
ACTGCCAGGGTTCAACTCGG_018,165
ACTGCCAGGGTTCAACTCGG_019,105
ACTGCCAGGGTTCAACTCGG_020,72
ACTGCCAGGGTTCAACTCGG_021,144
ACTGCCAGGGTTCAACTCGG_022,166
ACTGCCAGGGTTCAACTCGG_023,48
ACTGCCAGGGTTCAACTCGG_024,83
ACTGCCAGGGTTCAACTCGG_025,45
ACTGCCAGGGTTCAACTCGG_026,9
ACTGCCAGGGTTCAACTCGG_027,55
ACTGCCAGGGTTCAACTCGG_028,78
ACTGCCAGGGTTCAACTCGG_029,118
ACTGCCAGGGTTCAACTCGG_030,151
ACTGCCAGGGTTCAACTCGG_031,42
ACTGCCAGGGTTCAACTCGG_032,27
CGGCCGCATTGGCCTTCACG_001,3
CGGCCGCATTGGCCTTCACG_002,16
GAGCAGACTTCTTCTATGTG_001,62
GAGCAGACTTCTTCTATGTG_002,174
GAGCAGACTTCTTCTATGTG_003,68
GAGCAGACTTCTTCTATGTG_004,82
GAGGTGCCACCCCAAGACTG_001,77
GAGGTGCCACCCCAAGACTG_002,105
GAGGTGCCACCCCAAGACTG_003,62
GAGGTGCCACCCCAAGACTG_004,102
GAGGTGCCACCCCAAGACTG_005,198
GAGGTGCCACCCCAAGACTG_006,68
GAGGTGCCACCCCAAGACTG_007,49
GAGGTGCCACCCCAAGACTG_008,43
GAGGTGCCACCCCAAGACTG_009,27
GAGGTGCCACCCCAAGACTG_010,147
GAGGTGCCACCCCAAGACTG_011,81
GAGGTGCCACCCCAAGACTG_012,141
GAGGTGCCACCCCAAGACTG_013,14
GAGGTGCCACCCCAAGACTG_014,50
GAGGTGCCACCCCAAGACTG_015,78
GAGGTGCCACCCCAAGACTG_016,52
GAGGTGCCACCCCAAGACTG_017,192
GAGGTGCCACCCCAAGACTG_018,33
GAGGTGCCACCCCAAGACTG_019,57
GAGGTGCCACCCCAAGACTG_020,169
GAGGTGCCACCCCAAGACTG_021,188
GAGGTGCCACCCCAAGACTG_022,87
GAGGTGCCACCCCAAGACTG_023,21
GAGGTGCCACCCCAAGACTG_024,115
GAGGTGCCACCCCAAGACTG_025,172
GAGGTGCCACCCCAAGACTG_026,119
GAGGTGCCACCCCAAGACTG_027,159
GAGGTGCCACCCCAAGACTG_028,4
GAGGTGCCACCCCAAGACTG_029,18
GAGGTGCCACCCCAAGACTG_030,169
GAGGTGCCACCCCAAGACTG_031,161
GAGGTGCCACCCCAAGACTG_032,150
GAGGTGCCACCCCAAGACTG_033,117
GAGGTGCCACCCCAAGACTG_034,9
GAGGTGCCACCCCAAGACTG_035,91
GAGGTGCCACCCCAAGACTG_036,98
GAGGTGCCACCCCAAGACTG_037,95
GAGGTGCCACCCCAAGACTG_038,84
GAGGTGCCACCCCAAGACTG_039,64
GAGGTGCCACCCCAAGACTG_040,180
GAGGTGCCACCCCAAGACTG_041,108
GAGGTGCCACCCCAAGACTG_042,80
GAGGTGCCACCCCAAGACTG_043,90
GAGGTGCCACCCCAAGACTG_044,168
GAGGTGCCACCCCAAGACTG_045,63
GAGGTGCCACCCCAAGACTG_046,178
GAGGTGCCACCCCAAGACTG_047,87
GAGGTGCCACCCCAAGACTG_048,138
GAGGTGCCACCCCAAGACTG_049,39
GAGGTGCCACCCCAAGACTG_050,80
GAGGTGCCACCCCAAGACTG_051,29
GAGGTGCCACCCCAAGACTG_052,68
GAGGTGCCACCCCAAGACTG_053,180
GAGGTGCCACCCCAAGACTG_054,28
GAGGTGCCACCCCAAGACTG_055,56
GAGGTGCCACCCCAAGACTG_056,37
GAGGTGCCACCCCAAGACTG_057,175
GAGGTGCCACCCCAAGACTG_058,26
GAGGTGCCACCCCAAGACTG_059,78
GAGGTGCCACCCCAAGACTG_060,184
GTACTTGCTCGTGAAACTGG_001,189
GTACTTGCTCGTGAAACTGG_002,19
GTACTTGCTCGTGAAACTGG_003,40
GTACTTGCTCGTGAAACTGG_004,25
GTACTTGCTCGTGAAACTGG_005,108
GTACTTGCTCGTGAAACTGG_006,116
GTACTTGCTCGTGAAACTGG_007,102
AAAAGCTTTCGGATTCGGAG_001,64
AAAAGCTTTCGGATTCGGAG_002,41
AAAAGCTTTCGGATTCGGAG_003,43
AAAAGCTTTCGGATTCGGAG_004,177
AGCTTAGGGGCTCATATCAG_001,154
AGCTTAGGGGCTCATATCAG_002,198
AGTGCACAATGCTTTGCGAG_001,118
AGTGCACAATGCTTTGCGAG_002,77
AGTGCACAATGCTTTGCGAG_003,8
AGTGCACAATGCTTTGCGAG_004,168
AGTGCACAATGCTTTGCGAG_005,114
AGTGCACAATGCTTTGCGAG_006,198
ACGCGGGCGACGAGTGCGAG_001,36
ACGCGGGCGACGAGTGCGAG_002,145
ACGCGGGCGACGAGTGCGAG_003,134
ACGCGGGCGACGAGTGCGAG_004,59
ACGCGGGCGACGAGTGCGAG_005,176
ACGCGGGCGACGAGTGCGAG_006,130
ACGCGGGCGACGAGTGCGAG_007,145
GCTGGAGTTCTCCATTTACC_001,193
GCTGGAGTTCTCCATTTACC_002,113
GCTGGAGTTCTCCATTTACC_003,58
GCTGGAGTTCTCCATTTACC_004,101
TCCCTATGACGGGCGCACGT_001,5
TCCCTATGACGGGCGCACGT_002,62
TCCCTATGACGGGCGCACGT_003,105
TCCCTATGACGGGCGCACGT_004,38
TCCCTATGACGGGCGCACGT_005,94
TCCCTATGACGGGCGCACGT_006,68
TCGGTCTCTAATCCTAAACA_001,38
TCGGTCTCTAATCCTAAACA_002,144
TCGGTCTCTAATCCTAAACA_003,175
GGAACCGGCACAGCCTAGTG_001,29
GGAACCGGCACAGCCTAGTG_002,163
GGAACCGGCACAGCCTAGTG_003,181
GGAACCGGCACAGCCTAGTG_004,155
GGAACCGGCACAGCCTAGTG_005,69
GGAACCGGCACAGCCTAGTG_006,105
GGAACCGGCACAGCCTAGTG_007,107
GGAACCGGCACAGCCTAGTG_008,2
GGAACCGGCACAGCCTAGTG_009,196
GGAACCGGCACAGCCTAGTG_010,19
GGAACCGGCACAGCCTAGTG_011,12
GGAACCGGCACAGCCTAGTG_012,52
GGAACCGGCACAGCCTAGTG_013,145
GGAACCGGCACAGCCTAGTG_014,121
GGAACCGGCACAGCCTAGTG_015,29
GGAACCGGCACAGCCTAGTG_016,169
GGAACCGGCACAGCCTAGTG_017,162
GGAACCGGCACAGCCTAGTG_018,102
GGAACCGGCACAGCCTAGTG_019,27
GGAACCGGCACAGCCTAGTG_020,75
GGAACCGGCACAGCCTAGTG_021,67
GGAACCGGCACAGCCTAGTG_022,41
GGAACCGGCACAGCCTAGTG_023,145
GGAACCGGCACAGCCTAGTG_024,169
GGAACCGGCACAGCCTAGTG_025,166
GGAACCGGCACAGCCTAGTG_026,174
GGAACCGGCACAGCCTAGTG_027,184
GGAACCGGCACAGCCTAGTG_028,180
GGAACCGGCACAGCCTAGTG_029,10
GGAACCGGCACAGCCTAGTG_030,105
GGAACCGGCACAGCCTAGTG_031,49
GGAACCGGCACAGCCTAGTG_032,62
GGAACCGGCACAGCCTAGTG_033,138
GGAACCGGCACAGCCTAGTG_034,16
GCCCATCATCAGAATCAGAA_001,70
GCCCATCATCAGAATCAGAA_002,41
GTCGCTGTGTCCCAAAACAT_001,27
GTCGCTGTGTCCCAAAACAT_002,24
GTCGCTGTGTCCCAAAACAT_003,185
GTCGCTGTGTCCCAAAACAT_004,61
GTCGCTGTGTCCCAAAACAT_005,142
GTCGCTGTGTCCCAAAACAT_006,33
GTCGCTGTGTCCCAAAACAT_007,188
TCATCCTCCTGACAATCGAT_001,117
TCATCCTCCTGACAATCGAT_002,58
TCATCCTCCTGACAATCGAT_003,29
TCATCCTCCTGACAATCGAT_004,49
TCATCCTCCTGACAATCGAT_005,93
TCATCCTCCTGACAATCGAT_006,197
GACATCCGGAGGCCTAAACG_001,96
GACATCCGGAGGCCTAAACG_002,105
GACATCCGGAGGCCTAAACG_003,50
GACATCCGGAGGCCTAAACG_004,64
GACATCCGGAGGCCTAAACG_005,64
GACATCCGGAGGCCTAAACG_006,2
GACATCCGGAGGCCTAAACG_007,41
GACATCCGGAGGCCTAAACG_008,189
GACATCCGGAGGCCTAAACG_009,139
GACATCCGGAGGCCTAAACG_010,199
GACATCCGGAGGCCTAAACG_011,139
GACATCCGGAGGCCTAAACG_012,199
GACATCCGGAGGCCTAAACG_013,54
GACATCCGGAGGCCTAAACG_014,184
GACATCCGGAGGCCTAAACG_015,124
GACATCCGGAGGCCTAAACG_016,174
GTCTGCGGCTCACTATGGTG_001,13
GTCTGCGGCTCACTATGGTG_002,170
GTCTGCGGCTCACTATGGTG_003,70
GTCTGCGGCTCACTATGGTG_004,142
GTCTGCGGCTCACTATGGTG_005,133
GTCTGCGGCTCACTATGGTG_006,48
GTCTGCGGCTCACTATGGTG_007,115
GTCTGCGGCTCACTATGGTG_008,115
GTCTGCGGCTCACTATGGTG_009,50
GTCTGCGGCTCACTATGGTG_010,184
GTCTGCGGCTCACTATGGTG_011,175
GTCTGCGGCTCACTATGGTG_012,197
GTCTGCGGCTCACTATGGTG_013,5
GTCTGCGGCTCACTATGGTG_014,148
GTCTGCGGCTCACTATGGTG_015,76
GTCTGCGGCTCACTATGGTG_016,60
GTCTGCGGCTCACTATGGTG_017,198
GTCTGCGGCTCACTATGGTG_018,82
GTCTGCGGCTCACTATGGTG_019,186
GTCTGCGGCTCACTATGGTG_020,59
GTCTGCGGCTCACTATGGTG_021,113
GTCTGCGGCTCACTATGGTG_022,36
GTCTGCGGCTCACTATGGTG_023,149
GTCTGCGGCTCACTATGGTG_024,49
GTCTGCGGCTCACTATGGTG_025,169
GTCTGCGGCTCACTATGGTG_026,183
GTCTGCGGCTCACTATGGTG_027,76
GTCTGCGGCTCACTATGGTG_028,19
GTCTGCGGCTCACTATGGTG_029,185
GTCTGCGGCTCACTATGGTG_030,13
GTCTGCGGCTCACTATGGTG_031,56
GTCTGCGGCTCACTATGGTG_032,99
GTCTGCGGCTCACTATGGTG_033,180
GTCTGCGGCTCACTATGGTG_034,185
GTCTGCGGCTCACTATGGTG_035,88
GTCTGCGGCTCACTATGGTG_036,136
GCTGGGCACCAACGGCACGT_001,187
GCTGGGCACCAACGGCACGT_002,29
GCTGGGCACCAACGGCACGT_003,82
GCTGGGCACCAACGGCACGT_004,137
GCTGGGCACCAACGGCACGT_005,198
AGAGCCTTATGATCGAGCAG_001,172
AGAGCCTTATGATCGAGCAG_002,30
AGAGCCTTATGATCGAGCAG_003,16
AGAGCCTTATGATCGAGCAG_004,15
AGAGCCTTATGATCGAGCAG_005,33
CAAATATGATATGCCAAGAG_001,141
TCTCAGCGAAGCCCTTGCGC_001,195
TCTCAGCGAAGCCCTTGCGC_002,77
TCTCAGCGAAGCCCTTGCGC_003,191
TCTCAGCGAAGCCCTTGCGC_004,168
TCTCAGCGAAGCCCTTGCGC_005,38
ACAGGAGTAACTGTGAATGG_001,31
ACAGGAGTAACTGTGAATGG_002,35
TCGGATCAGAGCACTCAGAT_001,127
TCGGATCAGAGCACTCAGAT_002,127
TCGGATCAGAGCACTCAGAT_003,150
TCGGATCAGAGCACTCAGAT_004,157
TCGGATCAGAGCACTCAGAT_005,113
TCGGATCAGAGCACTCAGAT_006,105
TCGGATCAGAGCACTCAGAT_007,198
TCGGATCAGAGCACTCAGAT_008,28
TCGGATCAGAGCACTCAGAT_009,22
TCGGATCAGAGCACTCAGAT_010,44
TCGGATCAGAGCACTCAGAT_011,147
AAAAATGGCTCTGCTACAGG_001,69
AAAAATGGCTCTGCTACAGG_002,40
GAAATTCACAAGCTGCGTCA_001,50
GAAATTCACAAGCTGCGTCA_002,6
GAAATTCACAAGCTGCGTCA_003,70
GAAATTCACAAGCTGCGTCA_004,0
CAACTTTAAACACTAAGACC_001,127
CAACTTTAAACACTAAGACC_002,81
CAACTTTAAACACTAAGACC_003,23
GCCCCCCCAACTGCTCTAGT_001,154
GCCCCCCCAACTGCTCTAGT_002,181
GCCCCCCCAACTGCTCTAGT_003,118
GCCCCCCCAACTGCTCTAGT_004,40
GCCCCCCCAACTGCTCTAGT_005,127
GCCCCCCCAACTGCTCTAGT_006,7
GCCCCCCCAACTGCTCTAGT_007,141
GCCCCCCCAACTGCTCTAGT_008,179
GCCCCCCCAACTGCTCTAGT_009,163
GCCCCCCCAACTGCTCTAGT_010,127
GCCCCCCCAACTGCTCTAGT_011,140
GCCCCCCCAACTGCTCTAGT_012,107
GCCCCCCCAACTGCTCTAGT_013,19
GCCCCCCCAACTGCTCTAGT_014,137
GCCCCCCCAACTGCTCTAGT_015,53
GCCCCCCCAACTGCTCTAGT_016,40
TCAGATAAGGATAGCCCATG_001,148
AGGAAACTGCCACCTCTCCG_001,115
AGGAAACTGCCACCTCTCCG_002,42
AGGAAACTGCCACCTCTCCG_003,21
AGGAAACTGCCACCTCTCCG_004,11
AGGAAACTGCCACCTCTCCG_005,185
AGGAAACTGCCACCTCTCCG_006,185
AGGAAACTGCCACCTCTCCG_007,91
AGGAAACTGCCACCTCTCCG_008,42
AGGAAACTGCCACCTCTCCG_009,15
AGGAAACTGCCACCTCTCCG_010,65
AGGAAACTGCCACCTCTCCG_011,47
AGGAAACTGCCACCTCTCCG_012,13
AGGAAACTGCCACCTCTCCG_013,20
AGGAAACTGCCACCTCTCCG_014,147
AGGAAACTGCCACCTCTCCG_015,27
AGGAAACTGCCACCTCTCCG_016,115
AGGAAACTGCCACCTCTCCG_017,9
AGGAAACTGCCACCTCTCCG_018,103
AGGAAACTGCCACCTCTCCG_019,61
AGGAAACTGCCACCTCTCCG_020,104
AGGAAACTGCCACCTCTCCG_021,126
AGGAAACTGCCACCTCTCCG_022,55
AGGAAACTGCCACCTCTCCG_023,88
AGGAAACTGCCACCTCTCCG_024,57
AGGAAACTGCCACCTCTCCG_025,191
AGGAAACTGCCACCTCTCCG_026,70
AGGAAACTGCCACCTCTCCG_027,60
AGGAAACTGCCACCTCTCCG_028,133
AGGAAACTGCCACCTCTCCG_029,155
GGGTACTAAGTTTGCTACCA_001,12
GGGTACTAAGTTTGCTACCA_002,58
GGGTACTAAGTTTGCTACCA_003,60
GGGTACTAAGTTTGCTACCA_004,62
GGGTACTAAGTTTGCTACCA_005,162
GGGTACTAAGTTTGCTACCA_006,110
ACAAGATCGAATTTGAACAT_001,159
TGTGCAAACAAGTCCCAAGC_001,155
TGTGCAAACAAGTCCCAAGC_002,172
TGTGCAAACAAGTCCCAAGC_003,50
TGTGCAAACAAGTCCCAAGC_004,168
TGTGCAAACAAGTCCCAAGC_005,168
TGTGCAAACAAGTCCCAAGC_006,58
TGTGCAAACAAGTCCCAAGC_007,25
TGTGCAAACAAGTCCCAAGC_008,150
TGTGCAAACAAGTCCCAAGC_009,40
TGTGCAAACAAGTCCCAAGC_010,27
TGTGCAAACAAGTCCCAAGC_011,50
ATCTCCATGGAGACTGACTC_001,94
ATCTCCATGGAGACTGACTC_002,1
ATCTCCATGGAGACTGACTC_003,59
ATCTCCATGGAGACTGACTC_004,40
ATCTCCATGGAGACTGACTC_005,14
CAATCAGTGGTCGGAAAAAG_001,60
CAATCAGTGGTCGGAAAAAG_002,32
CAATCAGTGGTCGGAAAAAG_003,15
CAATCAGTGGTCGGAAAAAG_004,49
CAATCAGTGGTCGGAAAAAG_005,185
TTCCATTGGCTGGAATCTGA_001,170
TTCCATTGGCTGGAATCTGA_002,108
TTCCATTGGCTGGAATCTGA_003,195
TTCCATTGGCTGGAATCTGA_004,146
TTCCATTGGCTGGAATCTGA_005,44
TTCCATTGGCTGGAATCTGA_006,65
TTCCATTGGCTGGAATCTGA_007,11
TTCCATTGGCTGGAATCTGA_008,9
TTCCATTGGCTGGAATCTGA_009,10
TTCCATTGGCTGGAATCTGA_010,65
TTCCATTGGCTGGAATCTGA_011,65
TTCCATTGGCTGGAATCTGA_012,34
TTCCATTGGCTGGAATCTGA_013,117
TTCCATTGGCTGGAATCTGA_014,52
TTCCATTGGCTGGAATCTGA_015,8
TTCCATTGGCTGGAATCTGA_016,151
TTCCATTGGCTGGAATCTGA_017,20
TTCCATTGGCTGGAATCTGA_018,105
TTCCATTGGCTGGAATCTGA_019,175
TTCCATTGGCTGGAATCTGA_020,138
TTCCATTGGCTGGAATCTGA_021,19
TTCCATTGGCTGGAATCTGA_022,19
TTCCATTGGCTGGAATCTGA_023,150
CATGATGGCCGAGTATCGCA_001,48
CATGATGGCCGAGTATCGCA_002,186
CATGATGGCCGAGTATCGCA_003,111
CATGATGGCCGAGTATCGCA_004,67
CATGATGGCCGAGTATCGCA_005,150
CATGATGGCCGAGTATCGCA_006,125
CATGATGGCCGAGTATCGCA_007,144
CATGATGGCCGAGTATCGCA_008,10
CATGATGGCCGAGTATCGCA_009,0
CATGATGGCCGAGTATCGCA_010,11
CATGATGGCCGAGTATCGCA_011,116
CATGATGGCCGAGTATCGCA_012,9
CATGATGGCCGAGTATCGCA_013,49
CATGATGGCCGAGTATCGCA_014,144
ACACAAATACCAGTCCAGCA_001,17
ACACAAATACCAGTCCAGCA_002,27
ACACAAATACCAGTCCAGCA_003,86
ACACAAATACCAGTCCAGCA_004,165
ACACAAATACCAGTCCAGCA_005,160
ACACAAATACCAGTCCAGCA_006,58
ACACAAATACCAGTCCAGCA_007,152
ACACAAATACCAGTCCAGCA_008,165
ACACAAATACCAGTCCAGCA_009,27
ACACAAATACCAGTCCAGCA_010,12
CCAGGTCCAGAGAGTCGTCA_001,115
CCAGGTCCAGAGAGTCGTCA_002,88
CCAGGTCCAGAGAGTCGTCA_003,137
CCAGGTCCAGAGAGTCGTCA_004,157
CCAGGTCCAGAGAGTCGTCA_005,85
CCAGGTCCAGAGAGTCGTCA_006,57
CCAGGTCCAGAGAGTCGTCA_007,19
CCAGGTCCAGAGAGTCGTCA_008,70
CCAGGTCCAGAGAGTCGTCA_009,104
CCAGGTCCAGAGAGTCGTCA_010,9
CCAGGTCCAGAGAGTCGTCA_011,1
CCAGGTCCAGAGAGTCGTCA_012,81
ATCCCAAAACCGAGTCGTTG_001,98
ATCCCAAAACCGAGTCGTTG_002,167
ATCCCAAAACCGAGTCGTTG_003,16
ATCCCAAAACCGAGTCGTTG_004,145
ATCCCAAAACCGAGTCGTTG_005,34
ATCCCAAAACCGAGTCGTTG_006,127
ATCCCAAAACCGAGTCGTTG_007,108
ATCCCAAAACCGAGTCGTTG_008,76
ATCCCAAAACCGAGTCGTTG_009,155
ATCCCAAAACCGAGTCGTTG_010,196
ATCCCAAAACCGAGTCGTTG_011,1
ATCCCAAAACCGAGTCGTTG_012,194
ATCCCAAAACCGAGTCGTTG_013,159
ATCCCAAAACCGAGTCGTTG_014,40
ATCCCAAAACCGAGTCGTTG_015,135
ATCCCAAAACCGAGTCGTTG_016,65
TTAAGGAAGCCATACATGTA_001,169
TTAAGGAAGCCATACATGTA_002,155
TTAAGGAAGCCATACATGTA_003,76
TTAAGGAAGCCATACATGTA_004,42
TTAAGGAAGCCATACATGTA_005,166
TTAAGGAAGCCATACATGTA_006,115
TTAAGGAAGCCATACATGTA_007,49
TTAAGGAAGCCATACATGTA_008,34
TTAAGGAAGCCATACATGTA_009,8
TTAAGGAAGCCATACATGTA_010,133
TTAAGGAAGCCATACATGTA_011,149
TTAAGGAAGCCATACATGTA_012,40
TTAAGGAAGCCATACATGTA_013,11
GGGCAGTGAGGGCCGATATG_001,23
GGGCAGTGAGGGCCGATATG_002,91
GGGCAGTGAGGGCCGATATG_003,198
GGGCAGTGAGGGCCGATATG_004,28
GGGCAGTGAGGGCCGATATG_005,163
GGGCAGTGAGGGCCGATATG_006,142
GGGCAGTGAGGGCCGATATG_007,107
GGGCAGTGAGGGCCGATATG_008,180
TGCGCTGTGCCAATGCCTTG_001,170
TGCGCTGTGCCAATGCCTTG_002,40
TGCGCTGTGCCAATGCCTTG_003,5
TGCGCTGTGCCAATGCCTTG_004,57
TGCGCTGTGCCAATGCCTTG_005,178
AGAGCTCGGTGGTGCAAGCT_001,139
AGAGCTCGGTGGTGCAAGCT_002,112
AGAGCTCGGTGGTGCAAGCT_003,11
AGAGCTCGGTGGTGCAAGCT_004,157
AGAGCTCGGTGGTGCAAGCT_005,157
AGAGCTCGGTGGTGCAAGCT_006,189
AGAGCTCGGTGGTGCAAGCT_007,155
AGAGCTCGGTGGTGCAAGCT_008,7
AGAGCTCGGTGGTGCAAGCT_009,16
AGAGCTCGGTGGTGCAAGCT_010,115
AGAGCTCGGTGGTGCAAGCT_011,160
AGAGCTCGGTGGTGCAAGCT_012,111
AGAGCTCGGTGGTGCAAGCT_013,169
AGAGCTCGGTGGTGCAAGCT_014,94
AGAGCTCGGTGGTGCAAGCT_015,188
AGAGCTCGGTGGTGCAAGCT_016,48
AGAGCTCGGTGGTGCAAGCT_017,16
AGAGCTCGGTGGTGCAAGCT_018,81
AGAGCTCGGTGGTGCAAGCT_019,65
AGAGCTCGGTGGTGCAAGCT_020,126
AGAGCTCGGTGGTGCAAGCT_021,2
AGAGCTCGGTGGTGCAAGCT_022,162
AGAGCTCGGTGGTGCAAGCT_023,188
AGAGCTCGGTGGTGCAAGCT_024,34
AGAGCTCGGTGGTGCAAGCT_025,94
AGAGCTCGGTGGTGCAAGCT_026,40
AGAGCTCGGTGGTGCAAGCT_027,81
AGAGCTCGGTGGTGCAAGCT_028,137
AGAGCTCGGTGGTGCAAGCT_029,62
AGAGCTCGGTGGTGCAAGCT_030,151
AGAGCTCGGTGGTGCAAGCT_031,61
AGAGCTCGGTGGTGCAAGCT_032,88
AGAGCTCGGTGGTGCAAGCT_033,127
AGAGCTCGGTGGTGCAAGCT_034,68
AGAGCTCGGTGGTGCAAGCT_035,18
AGAGCTCGGTGGTGCAAGCT_036,130
AGAGCTCGGTGGTGCAAGCT_037,107
AGAGCTCGGTGGTGCAAGCT_038,28
AGAGCTCGGTGGTGCAAGCT_039,103
AGAGCTCGGTGGTGCAAGCT_040,141
CCCGGCCGAGGACACGAAGT_001,88
CCCGGCCGAGGACACGAAGT_002,62
CCCGGCCGAGGACACGAAGT_003,191
CCCGGCCGAGGACACGAAGT_004,163
CCCGGCCGAGGACACGAAGT_005,80
TATTGTGACATGTCCGATGG_001,170
TATTGTGACATGTCCGATGG_002,5
AAGGTTACCTCATCAGCACG_001,188
AAGGTTACCTCATCAGCACG_002,197
AAGGTTACCTCATCAGCACG_003,122
AAGGTTACCTCATCAGCACG_004,110
AAGGTTACCTCATCAGCACG_005,37
AAGGTTACCTCATCAGCACG_006,184
ATGTTGAATGGCATATCTAG_001,33
CTTTGTGATGGTCAACAGCG_001,77
CTTTGTGATGGTCAACAGCG_002,31
CTTTGTGATGGTCAACAGCG_003,94
CTTTGTGATGGTCAACAGCG_004,10
CTTTGTGATGGTCAACAGCG_005,100
CTTTGTGATGGTCAACAGCG_006,50
CTTTGTGATGGTCAACAGCG_007,187
CTTTGTGATGGTCAACAGCG_008,118
CTTTGTGATGGTCAACAGCG_009,141
CTTTGTGATGGTCAACAGCG_010,40
ATACAAGCTCAGAGAGCTCG_001,141
ATACAAGCTCAGAGAGCTCG_002,101
ATACAAGCTCAGAGAGCTCG_003,34
ATACAAGCTCAGAGAGCTCG_004,166
ATACAAGCTCAGAGAGCTCG_005,69
ATACAAGCTCAGAGAGCTCG_006,167
ATACAAGCTCAGAGAGCTCG_007,167
ATACAAGCTCAGAGAGCTCG_008,69
ATACAAGCTCAGAGAGCTCG_009,121
ATACAAGCTCAGAGAGCTCG_010,49
ATACAAGCTCAGAGAGCTCG_011,172
ATACAAGCTCAGAGAGCTCG_012,124
ATACAAGCTCAGAGAGCTCG_013,13
ATACAAGCTCAGAGAGCTCG_014,63
ATACAAGCTCAGAGAGCTCG_015,166
ATACAAGCTCAGAGAGCTCG_016,126
ATACAAGCTCAGAGAGCTCG_017,118
GGCGGGCACTGAAATCATCA_001,118
GGCGGGCACTGAAATCATCA_002,26
GGCGGGCACTGAAATCATCA_003,119
GGCGGGCACTGAAATCATCA_004,138
GGCGGGCACTGAAATCATCA_005,166
ACATGGACTGCAACTATGAA_001,118
ACATGGACTGCAACTATGAA_002,187
ACATGGACTGCAACTATGAA_003,158
ACATGGACTGCAACTATGAA_004,133
ACATGGACTGCAACTATGAA_005,98
ACATGGACTGCAACTATGAA_006,158
ACATGGACTGCAACTATGAA_007,145
ACATGGACTGCAACTATGAA_008,174
ACATGGACTGCAACTATGAA_009,63
ACATGGACTGCAACTATGAA_010,67
ATGCTAAAGCAGTACTACAT_001,13
ATGCTAAAGCAGTACTACAT_002,115
ATGCTAAAGCAGTACTACAT_003,118
ATGCTAAAGCAGTACTACAT_004,35
ATGCTAAAGCAGTACTACAT_005,149
ATGCTAAAGCAGTACTACAT_006,85
ATGCTAAAGCAGTACTACAT_007,184
ATGCTAAAGCAGTACTACAT_008,190
ATGCTAAAGCAGTACTACAT_009,14
ATGCTAAAGCAGTACTACAT_010,119
ATGCTAAAGCAGTACTACAT_011,165
ATGCTAAAGCAGTACTACAT_012,168
ATGCTAAAGCAGTACTACAT_013,124
ATGCTAAAGCAGTACTACAT_014,177
ATGCTAAAGCAGTACTACAT_015,22
ATGCTAAAGCAGTACTACAT_016,179
ATGCTAAAGCAGTACTACAT_017,17
ATGCTAAAGCAGTACTACAT_018,113
GCAAATTCAGACAGCTAATT_001,159
GCAAATTCAGACAGCTAATT_002,198
GCAAATTCAGACAGCTAATT_003,60
GCAAATTCAGACAGCTAATT_004,81
GCAAATTCAGACAGCTAATT_005,32
GTCTCAATTTAGCAACTGCA_001,137
GTCTCAATTTAGCAACTGCA_002,43
GTCTCAATTTAGCAACTGCA_003,15
GTCTCAATTTAGCAACTGCA_004,154
GTCTCAATTTAGCAACTGCA_005,130
GTCTCAATTTAGCAACTGCA_006,106
GTCTCAATTTAGCAACTGCA_007,168
GTCTCAATTTAGCAACTGCA_008,62
GTCTCAATTTAGCAACTGCA_009,1
GTCTCAATTTAGCAACTGCA_010,100
GTCTCAATTTAGCAACTGCA_011,78
GTCTCAATTTAGCAACTGCA_012,34
GTCTCAATTTAGCAACTGCA_013,34
TCCGGATACACCGCCCCGTG_001,113
TCCGGATACACCGCCCCGTG_002,50
TCCGGATACACCGCCCCGTG_003,20
TCCGGATACACCGCCCCGTG_004,84
TCCGGATACACCGCCCCGTG_005,177
TCCGGATACACCGCCCCGTG_006,186
TTGCGGTACTGGTCACACTG_001,153
TTGCGGTACTGGTCACACTG_002,76
TTGCGGTACTGGTCACACTG_003,169
TTGCGGTACTGGTCACACTG_004,9
TTGCGGTACTGGTCACACTG_005,137
TTGCGGTACTGGTCACACTG_006,105
TTGCGGTACTGGTCACACTG_007,126
TTGCGGTACTGGTCACACTG_008,161
TTGCGGTACTGGTCACACTG_009,162
TTGCGGTACTGGTCACACTG_010,12
TTGCGGTACTGGTCACACTG_011,88
TTGCGGTACTGGTCACACTG_012,12
TTGCGGTACTGGTCACACTG_013,174
TTGCGGTACTGGTCACACTG_014,98
TTGCGGTACTGGTCACACTG_015,9
TTGCGGTACTGGTCACACTG_016,168
CAGTCCCAGGTAGTACAGCA_001,163
CAGTCCCAGGTAGTACAGCA_002,63
CAGTCCCAGGTAGTACAGCA_003,113
CAGTCCCAGGTAGTACAGCA_004,28
CAGTCCCAGGTAGTACAGCA_005,69
CAGTCCCAGGTAGTACAGCA_006,154
CAGTCCCAGGTAGTACAGCA_007,92
CAGTCCCAGGTAGTACAGCA_008,115
CAGTCCCAGGTAGTACAGCA_009,53
CAGTCCCAGGTAGTACAGCA_010,188
CAGTCCCAGGTAGTACAGCA_011,35
CAGTCCCAGGTAGTACAGCA_012,134
CAGTCCCAGGTAGTACAGCA_013,163
CAGTCCCAGGTAGTACAGCA_014,175
CAGTCCCAGGTAGTACAGCA_015,101
CAGTCCCAGGTAGTACAGCA_016,116
CAGTCCCAGGTAGTACAGCA_017,13
CAGTCCCAGGTAGTACAGCA_018,138
CAGTCCCAGGTAGTACAGCA_019,10
CAGTCCCAGGTAGTACAGCA_020,80
CAGTCCCAGGTAGTACAGCA_021,108
CAGTCCCAGGTAGTACAGCA_022,188
GACGCGGTGTCAGAAATGTA_001,83
GACGCGGTGTCAGAAATGTA_002,133
GACGCGGTGTCAGAAATGTA_003,101
GACGCGGTGTCAGAAATGTA_004,42
GACGCGGTGTCAGAAATGTA_005,77
GACGCGGTGTCAGAAATGTA_006,106
GACGCGGTGTCAGAAATGTA_007,60
GACGCGGTGTCAGAAATGTA_008,178
GCTCACCCAAGACCGAGACT_001,105
GCTCACCCAAGACCGAGACT_002,85
GCTCACCCAAGACCGAGACT_003,55
GCTCACCCAAGACCGAGACT_004,82
GCTCACCCAAGACCGAGACT_005,67
GCTCACCCAAGACCGAGACT_006,91
GCCATTGCAGATGCCATCCG_001,95
GCCATTGCAGATGCCATCCG_002,62
GCCATTGCAGATGCCATCCG_003,182
GCCATTGCAGATGCCATCCG_004,152
GCCATTGCAGATGCCATCCG_005,142
GCCATTGCAGATGCCATCCG_006,46
GCCATTGCAGATGCCATCCG_007,174
GCCATTGCAGATGCCATCCG_008,153
GCCATTGCAGATGCCATCCG_009,63
GCCATTGCAGATGCCATCCG_010,63
ACAGAGCTTTCTCCGCATGT_001,105
ACAGAGCTTTCTCCGCATGT_002,105
CCCTGTGTCAGACACTGACA_001,134
CCCTGTGTCAGACACTGACA_002,13
CCCTGTGTCAGACACTGACA_003,62
CCCTGTGTCAGACACTGACA_004,189
CCCTGTGTCAGACACTGACA_005,136
CCCTGTGTCAGACACTGACA_006,191
CCCTGTGTCAGACACTGACA_007,55
CCCTGTGTCAGACACTGACA_008,118
CCCTGTGTCAGACACTGACA_009,19
CCCTGTGTCAGACACTGACA_010,115
CCCTGTGTCAGACACTGACA_011,127
CCCTGTGTCAGACACTGACA_012,181
CCCTGTGTCAGACACTGACA_013,144
CCCTGTGTCAGACACTGACA_014,172
CCCTGTGTCAGACACTGACA_015,120
AGAACTCGTAGGGGTACGAG_001,48
AGAACTCGTAGGGGTACGAG_002,50
AGAACTCGTAGGGGTACGAG_003,58
AGAACTCGTAGGGGTACGAG_004,146
AGAACTCGTAGGGGTACGAG_005,77
AGAACTCGTAGGGGTACGAG_006,144
AGAACTCGTAGGGGTACGAG_007,103
AGAACTCGTAGGGGTACGAG_008,107
AGAACTCGTAGGGGTACGAG_009,182
AGAACTCGTAGGGGTACGAG_010,102
AGAACTCGTAGGGGTACGAG_011,169
AGAACTCGTAGGGGTACGAG_012,57
AGAACTCGTAGGGGTACGAG_013,169
AGAACTCGTAGGGGTACGAG_014,48
AGAACTCGTAGGGGTACGAG_015,159
AGAACTCGTAGGGGTACGAG_016,154
AGAACTCGTAGGGGTACGAG_017,127
AGAACTCGTAGGGGTACGAG_018,138
AGAACTCGTAGGGGTACGAG_019,6
AGAACTCGTAGGGGTACGAG_020,6
AGAACTCGTAGGGGTACGAG_021,27
AGAACTCGTAGGGGTACGAG_022,35
AGAACTCGTAGGGGTACGAG_023,197
AGAACTCGTAGGGGTACGAG_024,94
AGACCTGTCGCACCACAACT_001,44
AGACCTGTCGCACCACAACT_002,8
AGACCTGTCGCACCACAACT_003,181
AGACCTGTCGCACCACAACT_004,121
AGACCTGTCGCACCACAACT_005,118
AGACCTGTCGCACCACAACT_006,104
AGACCTGTCGCACCACAACT_007,92
AGACCTGTCGCACCACAACT_008,139
AGACCTGTCGCACCACAACT_009,10
AGACCTGTCGCACCACAACT_010,68
CAAAACAGCCATCTGTTGTT_001,131
CAAAACAGCCATCTGTTGTT_002,197
ATGACGGTGACATAGCGGAG_001,168
AAAAAGTGTCTAAACGACGT_001,127
AATGAACTAGACCTTGCGTG_001,176
AATGAACTAGACCTTGCGTG_002,94
AATGAACTAGACCTTGCGTG_003,55
AATGAACTAGACCTTGCGTG_004,48
AATGAACTAGACCTTGCGTG_005,124
AATGAACTAGACCTTGCGTG_006,60
AATGAACTAGACCTTGCGTG_007,120
CTTCAGCCACTACAGTATCG_001,194
CTTCAGCCACTACAGTATCG_002,1
CTTCAGCCACTACAGTATCG_003,66
CTTCAGCCACTACAGTATCG_004,195
TCCAGATCATGCATGCCCCG_001,177
TCCAGATCATGCATGCCCCG_002,57
TCCAGATCATGCATGCCCCG_003,126
TGGCGCGTCCAGGTCTCGCG_001,127
TGGCGCGTCCAGGTCTCGCG_002,185
TGGCGCGTCCAGGTCTCGCG_003,76
TGGCGCGTCCAGGTCTCGCG_004,139
TGGCGCGTCCAGGTCTCGCG_005,3
TGGCGCGTCCAGGTCTCGCG_006,155
TGGCGCGTCCAGGTCTCGCG_007,67
TGGCGCGTCCAGGTCTCGCG_008,70
TGGCGCGTCCAGGTCTCGCG_009,118
CAGCATTAATACTAGGTGTA_001,45
CAGCATTAATACTAGGTGTA_002,28
CAGGGGCACATACCACAGGG_001,199
CAGGGGCACATACCACAGGG_002,191
CAGGGGCACATACCACAGGG_003,119
CAGGGGCACATACCACAGGG_004,171
CAGGGGCACATACCACAGGG_005,122
CAGGGGCACATACCACAGGG_006,66
AGAGGAAGGCGTGGCACTCG_001,28
AGAGGAAGGCGTGGCACTCG_002,144
AGAGGAAGGCGTGGCACTCG_003,160
AGAGGAAGGCGTGGCACTCG_004,100
AGAGGAAGGCGTGGCACTCG_005,44
AGAGGAAGGCGTGGCACTCG_006,7
AGAGGAAGGCGTGGCACTCG_007,48
AGAGGAAGGCGTGGCACTCG_008,186
AGAGGAAGGCGTGGCACTCG_009,160
AGAGGAAGGCGTGGCACTCG_010,183
AGAGGAAGGCGTGGCACTCG_011,3
AGAGGAAGGCGTGGCACTCG_012,124
AGAGGAAGGCGTGGCACTCG_013,165
AGAGGAAGGCGTGGCACTCG_014,39
AGAGGAAGGCGTGGCACTCG_015,27
AGAGGAAGGCGTGGCACTCG_016,28
ATATTGTTGTTGGTACACCC_001,162
GCTTCAGCTCACCCTTAGAG_001,178
GCTTCAGCTCACCCTTAGAG_002,135
GCTTCAGCTCACCCTTAGAG_003,135
GCTTCAGCTCACCCTTAGAG_004,50
GCTTCAGCTCACCCTTAGAG_005,27
GCTTCAGCTCACCCTTAGAG_006,134
GCTTCAGCTCACCCTTAGAG_007,43
GCTTCAGCTCACCCTTAGAG_008,162
GCTTCAGCTCACCCTTAGAG_009,118
GCTTCAGCTCACCCTTAGAG_010,165
GCTTCAGCTCACCCTTAGAG_011,100
ATGAGCCTCTGCTGTTGTGG_001,149
ATGAGCCTCTGCTGTTGTGG_002,133
ATGAGCCTCTGCTGTTGTGG_003,43
ATGAGCCTCTGCTGTTGTGG_004,17
ATGAGCCTCTGCTGTTGTGG_005,198
ATGAGCCTCTGCTGTTGTGG_006,156
GGCCTTCAGGTCGAACACAC_001,169
GGCCTTCAGGTCGAACACAC_002,149
GGCCTTCAGGTCGAACACAC_003,107
GGCCTTCAGGTCGAACACAC_004,189
GGCCTTCAGGTCGAACACAC_005,121
GGCCTTCAGGTCGAACACAC_006,10
GGCCTTCAGGTCGAACACAC_007,156
GGCCTTCAGGTCGAACACAC_008,14
GGCCTTCAGGTCGAACACAC_009,40
GGCCTTCAGGTCGAACACAC_010,58
GGCCTTCAGGTCGAACACAC_011,123
GGCCTTCAGGTCGAACACAC_012,113
GGCCTTCAGGTCGAACACAC_013,170
GGCCTTCAGGTCGAACACAC_014,4
GGCCTTCAGGTCGAACACAC_015,168
GGCCTTCAGGTCGAACACAC_016,69
GGCCTTCAGGTCGAACACAC_017,67
GGCCTTCAGGTCGAACACAC_018,118
GGCCTTCAGGTCGAACACAC_019,147
GGCCTTCAGGTCGAACACAC_020,49
GGCCTTCAGGTCGAACACAC_021,107
GGCCTTCAGGTCGAACACAC_022,6
GGCCTTCAGGTCGAACACAC_023,150
GGCCTTCAGGTCGAACACAC_024,105
GGCCTTCAGGTCGAACACAC_025,105
GGCCTTCAGGTCGAACACAC_026,178
GGCCTTCAGGTCGAACACAC_027,59
GGCCTTCAGGTCGAACACAC_028,28
GGCCTTCAGGTCGAACACAC_029,4
GGCCTTCAGGTCGAACACAC_030,180
GGCCTTCAGGTCGAACACAC_031,43
GGCCTTCAGGTCGAACACAC_032,188
GTAGCCGCCTTGGATCACGT_001,8
GTAGCCGCCTTGGATCACGT_002,18
GTAGCCGCCTTGGATCACGT_003,10
GTAGCCGCCTTGGATCACGT_004,184
GTAGCCGCCTTGGATCACGT_005,87
GTAGCCGCCTTGGATCACGT_006,196
GTAGCCGCCTTGGATCACGT_007,6
GTAGCCGCCTTGGATCACGT_008,107
GTAGCCGCCTTGGATCACGT_009,92
GTAGCCGCCTTGGATCACGT_010,77
GTAGCCGCCTTGGATCACGT_011,80
GTAGCCGCCTTGGATCACGT_012,108
GTAGCCGCCTTGGATCACGT_013,10
GTAGCCGCCTTGGATCACGT_014,10
GTAGCCGCCTTGGATCACGT_015,80
GTAGCCGCCTTGGATCACGT_016,49
GTAGCCGCCTTGGATCACGT_017,137
GTAGCCGCCTTGGATCACGT_018,191
GTAGCCGCCTTGGATCACGT_019,180
CAACTCCTTACGAAATTGTG_001,115
CAACTCCTTACGAAATTGTG_002,136
CAACTCCTTACGAAATTGTG_003,171
CAACTCCTTACGAAATTGTG_004,49
CAACTCCTTACGAAATTGTG_005,42
CAACTCCTTACGAAATTGTG_006,103
CAACTCCTTACGAAATTGTG_007,175
CAGGAAGAAGACCACAACAA_001,27
CAGGAAGAAGACCACAACAA_002,118
CAGGAAGAAGACCACAACAA_003,177
CAGGAAGAAGACCACAACAA_004,113
CAGGAAGAAGACCACAACAA_005,4
CAGGAAGAAGACCACAACAA_006,23
CAGGAAGAAGACCACAACAA_007,174
CAGGAAGAAGACCACAACAA_008,16
CAGGAAGAAGACCACAACAA_009,119
CAGGAAGAAGACCACAACAA_010,19
CAGGAAGAAGACCACAACAA_011,102
CAGGAAGAAGACCACAACAA_012,70
CAGGAAGAAGACCACAACAA_013,119
CAGGAAGAAGACCACAACAA_014,91
CAGGAAGAAGACCACAACAA_015,75
CAGGAAGAAGACCACAACAA_016,177
GAACAGGACGGATTTGACCA_001,130
GAACAGGACGGATTTGACCA_002,176
GAACAGGACGGATTTGACCA_003,12
GAACAGGACGGATTTGACCA_004,157
GAACAGGACGGATTTGACCA_005,49
GAACAGGACGGATTTGACCA_006,149
GAACAGGACGGATTTGACCA_007,19
GAACAGGACGGATTTGACCA_008,19
GAACAGGACGGATTTGACCA_009,187
GAACAGGACGGATTTGACCA_010,91
GAACAGGACGGATTTGACCA_011,30
GAACAGGACGGATTTGACCA_012,150
GAACAGGACGGATTTGACCA_013,175
GAACAGGACGGATTTGACCA_014,147
GAACAGGACGGATTTGACCA_015,138
GAACAGGACGGATTTGACCA_016,38
GAACAGGACGGATTTGACCA_017,125
GAACAGGACGGATTTGACCA_018,69
GAACAGGACGGATTTGACCA_019,185
GAACAGGACGGATTTGACCA_020,190
GAACAGGACGGATTTGACCA_021,28
GAACAGGACGGATTTGACCA_022,107
ATAATCCGGAAACGCTCGAC_001,17
ATAATCCGGAAACGCTCGAC_002,177
ATAATCCGGAAACGCTCGAC_003,27
ATAATCCGGAAACGCTCGAC_004,118
ATAATCCGGAAACGCTCGAC_005,7
ATAATCCGGAAACGCTCGAC_006,122
ATAATCCGGAAACGCTCGAC_007,173
ATAATCCGGAAACGCTCGAC_008,139
ATAATCCGGAAACGCTCGAC_009,17
ATAATCCGGAAACGCTCGAC_010,73
ATAATCCGGAAACGCTCGAC_011,191
ATAATCCGGAAACGCTCGAC_012,53
ATAATCCGGAAACGCTCGAC_013,53
ATAATCCGGAAACGCTCGAC_014,175
ATAATCCGGAAACGCTCGAC_015,177
ATAATCCGGAAACGCTCGAC_016,84
ATAATCCGGAAACGCTCGAC_017,84
ATAATCCGGAAACGCTCGAC_018,199
ATAATCCGGAAACGCTCGAC_019,190
ATAATCCGGAAACGCTCGAC_020,69
ATAATCCGGAAACGCTCGAC_021,146
ATAATCCGGAAACGCTCGAC_022,49
ATGGCAAAACTGGAAATCTC_001,137
ATGGCAAAACTGGAAATCTC_002,53
ATGGCAAAACTGGAAATCTC_003,114
ATGGCAAAACTGGAAATCTC_004,6
ATGGCAAAACTGGAAATCTC_005,43
ATGGCAAAACTGGAAATCTC_006,81
ATGGCAAAACTGGAAATCTC_007,113
ATGGCAAAACTGGAAATCTC_008,41
ATGGCAAAACTGGAAATCTC_009,15
ATGGCAAAACTGGAAATCTC_010,2
ATGGCAAAACTGGAAATCTC_011,188
ATGGCAAAACTGGAAATCTC_012,65
ATGGCAAAACTGGAAATCTC_013,42
ATGGCAAAACTGGAAATCTC_014,133
ATGGCAAAACTGGAAATCTC_015,48
ATGGCAAAACTGGAAATCTC_016,142
TGCAACCCATAGGTTCCACT_001,194
TGCAACCCATAGGTTCCACT_002,178
TGCAACCCATAGGTTCCACT_003,88
TGCAACCCATAGGTTCCACT_004,10
GGTATTCGAAGCCGACAGAG_001,53
GGTATTCGAAGCCGACAGAG_002,15
GGTATTCGAAGCCGACAGAG_003,120
GGTATTCGAAGCCGACAGAG_004,93
GGTATTCGAAGCCGACAGAG_005,118
GGTATTCGAAGCCGACAGAG_006,199
GGTATTCGAAGCCGACAGAG_007,98
GGTATTCGAAGCCGACAGAG_008,56
GGTATTCGAAGCCGACAGAG_009,158
GGTATTCGAAGCCGACAGAG_010,94
GGTATTCGAAGCCGACAGAG_011,58
GGTATTCGAAGCCGACAGAG_012,28
GGTATTCGAAGCCGACAGAG_013,106
GGTATTCGAAGCCGACAGAG_014,1
GGTATTCGAAGCCGACAGAG_015,177
GACTTACTACCGAGAATCAG_001,55
CTGGGAGATTCATGTCAGAG_001,68
CTGGGAGATTCATGTCAGAG_002,49
CTGGGAGATTCATGTCAGAG_003,175
CTGGGAGATTCATGTCAGAG_004,194
ATGTGCCAGAGAATAAGGCG_001,49
ATGTGCCAGAGAATAAGGCG_002,36
ATGTGCCAGAGAATAAGGCG_003,113
ATGTGCCAGAGAATAAGGCG_004,116
ATGTGCCAGAGAATAAGGCG_005,107
ATGTGCCAGAGAATAAGGCG_006,91
ATGTGCCAGAGAATAAGGCG_007,68
ATGTGCCAGAGAATAAGGCG_008,170
ATGTGCCAGAGAATAAGGCG_009,91
ATGTGCCAGAGAATAAGGCG_010,124
ATGTGCCAGAGAATAAGGCG_011,191
ATGTGCCAGAGAATAAGGCG_012,16
ATGTGCCAGAGAATAAGGCG_013,107
ATGTGCCAGAGAATAAGGCG_014,94
ATGTGCCAGAGAATAAGGCG_015,162
ATGTGCCAGAGAATAAGGCG_016,179
TCAAAATCCAGGAAAAAGTG_001,115
TCAAAATCCAGGAAAAAGTG_002,199
TCAAAATCCAGGAAAAAGTG_003,145
TCAAAATCCAGGAAAAAGTG_004,49
TCACGAACTTGCGGTCCTCG_001,110
TCACGAACTTGCGGTCCTCG_002,59
TCACGAACTTGCGGTCCTCG_003,158
TCACGAACTTGCGGTCCTCG_004,61
TCACGAACTTGCGGTCCTCG_005,111
TCACGAACTTGCGGTCCTCG_006,148
TCACGAACTTGCGGTCCTCG_007,15
TCACGAACTTGCGGTCCTCG_008,147
TCACGAACTTGCGGTCCTCG_009,55
TCACGAACTTGCGGTCCTCG_010,194
TCACGAACTTGCGGTCCTCG_011,86
TCACGAACTTGCGGTCCTCG_012,39
TCACGAACTTGCGGTCCTCG_013,49
TCACGAACTTGCGGTCCTCG_014,149
TCACGAACTTGCGGTCCTCG_015,47
TCACGAACTTGCGGTCCTCG_016,196
TCACGAACTTGCGGTCCTCG_017,132
TCACGAACTTGCGGTCCTCG_018,140
TCACGAACTTGCGGTCCTCG_019,142
TCACGAACTTGCGGTCCTCG_020,105
TCACGAACTTGCGGTCCTCG_021,168
AGAAAGCCTTTCAAGCAGTG_001,72
AGAAAGCCTTTCAAGCAGTG_002,183
AGAAAGCCTTTCAAGCAGTG_003,129
AGAAAGCCTTTCAAGCAGTG_004,104
AGAAAGCCTTTCAAGCAGTG_005,132
AGAAAGCCTTTCAAGCAGTG_006,52
CAGGAGAAAAACCACACCCG_001,140
CAGGAGAAAAACCACACCCG_002,170
CAGGAGAAAAACCACACCCG_003,68
CAGGAGAAAAACCACACCCG_004,81
CAGGAGAAAAACCACACCCG_005,38
CAGGAGAAAAACCACACCCG_006,115
CAGGAGAAAAACCACACCCG_007,29
CAGGAGAAAAACCACACCCG_008,158
CAGGAGAAAAACCACACCCG_009,56
CAGGAGAAAAACCACACCCG_010,188
CAGGAGAAAAACCACACCCG_011,141
CAGGAGAAAAACCACACCCG_012,13
CAGGAGAAAAACCACACCCG_013,88
CAGGAGAAAAACCACACCCG_014,150
CAGGAGAAAAACCACACCCG_015,12
CAGGAGAAAAACCACACCCG_016,118
CAGGAGAAAAACCACACCCG_017,149
CAGGAGAAAAACCACACCCG_018,138
CAGGAGAAAAACCACACCCG_019,138
CAGGAGAAAAACCACACCCG_020,168
TCCAGACAACCCATTTCGAG_001,58
TCCAGACAACCCATTTCGAG_002,15
CATCGCCAGAGGAATGACGT_001,135
CATCGCCAGAGGAATGACGT_002,117
CATCGCCAGAGGAATGACGT_003,182
CATCGCCAGAGGAATGACGT_004,17
CATCGCCAGAGGAATGACGT_005,6
CATCGCCAGAGGAATGACGT_006,90
CATCGCCAGAGGAATGACGT_007,121
CATCGCCAGAGGAATGACGT_008,112
CATCGCCAGAGGAATGACGT_009,5
CATCGCCAGAGGAATGACGT_010,161
CATCGCCAGAGGAATGACGT_011,1
CATCGCCAGAGGAATGACGT_012,181
CATCGCCAGAGGAATGACGT_013,154
CATCGCCAGAGGAATGACGT_014,112
CATCGCCAGAGGAATGACGT_015,50
CATCGCCAGAGGAATGACGT_016,17
CATCGCCAGAGGAATGACGT_017,45
CATCGCCAGAGGAATGACGT_018,104
CATCGCCAGAGGAATGACGT_019,166
CATCGCCAGAGGAATGACGT_020,152
CATCGCCAGAGGAATGACGT_021,136
AAGGGAGGATCCTTCCACAG_001,93
AAGGGAGGATCCTTCCACAG_002,154
AAGGGAGGATCCTTCCACAG_003,177
AAGGGAGGATCCTTCCACAG_004,169
AAGGGAGGATCCTTCCACAG_005,149
AAGGGAGGATCCTTCCACAG_006,122
AAGGGAGGATCCTTCCACAG_007,106
AAGGGAGGATCCTTCCACAG_008,17
AAGGGAGGATCCTTCCACAG_009,60
AAGGGAGGATCCTTCCACAG_010,23
AAGGGAGGATCCTTCCACAG_011,152
AAGGGAGGATCCTTCCACAG_012,145
AAGGGAGGATCCTTCCACAG_013,130
AAGGGAGGATCCTTCCACAG_014,94
AAGGGAGGATCCTTCCACAG_015,22
AAGGGAGGATCCTTCCACAG_016,176
AAGGGAGGATCCTTCCACAG_017,29
AAGGGAGGATCCTTCCACAG_018,72
AAGGGAGGATCCTTCCACAG_019,172
AAGGGAGGATCCTTCCACAG_020,147
AAGGGAGGATCCTTCCACAG_021,40
AAGGGAGGATCCTTCCACAG_022,178
AAGGGAGGATCCTTCCACAG_023,56
AAGGGAGGATCCTTCCACAG_024,134
AAGGGAGGATCCTTCCACAG_025,198
AAGGGAGGATCCTTCCACAG_026,1
AAGGGAGGATCCTTCCACAG_027,172
CCAAGAACAGCATCTCCTGG_001,122
TGGCCACACCAACTACAGCG_001,77
TGGCCACACCAACTACAGCG_002,172
TGGCCACACCAACTACAGCG_003,16
TGGCCACACCAACTACAGCG_004,48
TGGCCACACCAACTACAGCG_005,162
TGGCCACACCAACTACAGCG_006,199
TGGCCACACCAACTACAGCG_007,34
TGGCCACACCAACTACAGCG_008,160
TGGCCACACCAACTACAGCG_009,173
TGGCCACACCAACTACAGCG_010,114
TGGCCACACCAACTACAGCG_011,105
TGGCCACACCAACTACAGCG_012,126
TGGCCACACCAACTACAGCG_013,98
TGGCCACACCAACTACAGCG_014,46
CTTTAATGCAGCCACCAAGG_001,101
CTTTAATGCAGCCACCAAGG_002,166
CTTTAATGCAGCCACCAAGG_003,28
CTTTAATGCAGCCACCAAGG_004,67
CTTTAATGCAGCCACCAAGG_005,141
CTTTAATGCAGCCACCAAGG_006,47
CTTTAATGCAGCCACCAAGG_007,0
TCCGGCGTGACAGCGCCGCG_001,177
TCCGGCGTGACAGCGCCGCG_002,158
TCCGGCGTGACAGCGCCGCG_003,188
TCCGGCGTGACAGCGCCGCG_004,191
AGCAGCGCGAAGATAGCGAG_001,140
AGCAGCGCGAAGATAGCGAG_002,41
AGCAGCGCGAAGATAGCGAG_003,69
AGCAGCGCGAAGATAGCGAG_004,185
AGCAGCGCGAAGATAGCGAG_005,77
AGCAGCGCGAAGATAGCGAG_006,98
AGCAGCGCGAAGATAGCGAG_007,15
GGTAAATCCAGCCATGCGAG_001,1
GGTAAATCCAGCCATGCGAG_002,192
TGCTATAGTTGTCAGTCCGG_001,85
TGCTATAGTTGTCAGTCCGG_002,32
TGCTATAGTTGTCAGTCCGG_003,29
TGCTATAGTTGTCAGTCCGG_004,167
TGCTATAGTTGTCAGTCCGG_005,158
TGCTATAGTTGTCAGTCCGG_006,127
TGCTATAGTTGTCAGTCCGG_007,9
TGCTATAGTTGTCAGTCCGG_008,10
ACGACGTCACAACCCGCTTG_001,115
ACGACGTCACAACCCGCTTG_002,121
ACGACGTCACAACCCGCTTG_003,190
ACGACGTCACAACCCGCTTG_004,49
ACGACGTCACAACCCGCTTG_005,6
ACGACGTCACAACCCGCTTG_006,162
ACGACGTCACAACCCGCTTG_007,6
ACGACGTCACAACCCGCTTG_008,9
ACGACGTCACAACCCGCTTG_009,36
ACGACGTCACAACCCGCTTG_010,127
ACGACGTCACAACCCGCTTG_011,28
ACGACGTCACAACCCGCTTG_012,125
ACGACGTCACAACCCGCTTG_013,144
ACGACGTCACAACCCGCTTG_014,110
ACGACGTCACAACCCGCTTG_015,108
GGTATTACAGGTATCCCTGG_001,75
GGCACGGTCTCGAACACATG_001,27
GGCACGGTCTCGAACACATG_002,86
GGCACGGTCTCGAACACATG_003,62
GGCACGGTCTCGAACACATG_004,129
GGCACGGTCTCGAACACATG_005,162
GGCACGGTCTCGAACACATG_006,133
GGCACGGTCTCGAACACATG_007,40
ACATCGAGGATACACTGTCA_001,124
ACATCGAGGATACACTGTCA_002,50
ACATCGAGGATACACTGTCA_003,25
ACATCGAGGATACACTGTCA_004,107
ACATCGAGGATACACTGTCA_005,29
ACATCGAGGATACACTGTCA_006,14
ACATCGAGGATACACTGTCA_007,175
ACATCGAGGATACACTGTCA_008,38
ACATCGAGGATACACTGTCA_009,177
ACATCGAGGATACACTGTCA_010,11
ACATCGAGGATACACTGTCA_011,52
ACATCGAGGATACACTGTCA_012,19
ACATCGAGGATACACTGTCA_013,63
ACATCGAGGATACACTGTCA_014,123
ACATCGAGGATACACTGTCA_015,91
ACATCGAGGATACACTGTCA_016,187
ACATCGAGGATACACTGTCA_017,22
ACAGTAGTTACCTCAAATCG_001,70
ACAGTAGTTACCTCAAATCG_002,113
ACAGTAGTTACCTCAAATCG_003,119
AAGAAAGCCTCTTTGCAACC_001,64
AAGAAAGCCTCTTTGCAACC_002,192
GGAGGACCCTTAACAATCGG_001,7
GGAGGACCCTTAACAATCGG_002,17
GGAGGACCCTTAACAATCGG_003,83
GGAGGACCCTTAACAATCGG_004,72
GGAGGACCCTTAACAATCGG_005,78
ATTACCAAAAAGATAAAAGT_001,7
ATTACCAAAAAGATAAAAGT_002,117
ATTACCAAAAAGATAAAAGT_003,152
ATTACCAAAAAGATAAAAGT_004,56
ATTACCAAAAAGATAAAAGT_005,59
ATTACCAAAAAGATAAAAGT_006,61
ATTACCAAAAAGATAAAAGT_007,96
ATTACCAAAAAGATAAAAGT_008,30
ATTACCAAAAAGATAAAAGT_009,125
ATTACCAAAAAGATAAAAGT_010,10
CTAAGGCGGTCAGTACCAAG_001,44
GCTTGGTCCAATGTGCAAGA_001,150
GCTTGGTCCAATGTGCAAGA_002,166
GGGGCACTGTTATCTGCACG_001,97
GGGGCACTGTTATCTGCACG_002,80
GGGGCACTGTTATCTGCACG_003,86
GGGGCACTGTTATCTGCACG_004,36
ACATCAAAGAACGCACACAG_001,182
ACATCAAAGAACGCACACAG_002,127
ACATCAAAGAACGCACACAG_003,183
ACATCAAAGAACGCACACAG_004,66
ACATCAAAGAACGCACACAG_005,78
ACATCAAAGAACGCACACAG_006,78
ACATCAAAGAACGCACACAG_007,88
ACATCAAAGAACGCACACAG_008,43
ACATCAAAGAACGCACACAG_009,130
ACATCAAAGAACGCACACAG_010,142
ACATCAAAGAACGCACACAG_011,55
ACATCAAAGAACGCACACAG_012,152
ACATCAAAGAACGCACACAG_013,91
ACATCAAAGAACGCACACAG_014,97
ACATCAAAGAACGCACACAG_015,38
ACATCAAAGAACGCACACAG_016,48
ACATCAAAGAACGCACACAG_017,14
ACATCAAAGAACGCACACAG_018,198
ACATCAAAGAACGCACACAG_019,58
ACATCAAAGAACGCACACAG_020,29
ACATCAAAGAACGCACACAG_021,9
ACATCAAAGAACGCACACAG_022,113
ACATCAAAGAACGCACACAG_023,144
ACATCAAAGAACGCACACAG_024,14
ACATCAAAGAACGCACACAG_025,165
CACATCATGAAGCTCACCAA_001,77
CACATCATGAAGCTCACCAA_002,36
CACATCATGAAGCTCACCAA_003,6
CACATCATGAAGCTCACCAA_004,183
CACATCATGAAGCTCACCAA_005,159
CACATCATGAAGCTCACCAA_006,182
CACATCATGAAGCTCACCAA_007,130
CACATCATGAAGCTCACCAA_008,185
CACATCATGAAGCTCACCAA_009,41
CACATCATGAAGCTCACCAA_010,35
CACATCATGAAGCTCACCAA_011,6
CACATCATGAAGCTCACCAA_012,0
CACATCATGAAGCTCACCAA_013,124
CACATCATGAAGCTCACCAA_014,68
CACATCATGAAGCTCACCAA_015,166
CCGTAAACGGCATATCTCAG_001,53
CCGTAAACGGCATATCTCAG_002,77
GGAAGACAGTATTGTTCGAA_001,72
GGAAGACAGTATTGTTCGAA_002,131
TTGCGATTCAAACTGCTCCA_001,176
TTGCGATTCAAACTGCTCCA_002,26
TTGCGATTCAAACTGCTCCA_003,27
CCATGACCTGGCTTTAAGAG_001,28
CCATGACCTGGCTTTAAGAG_002,61
TTCTTCAAACATGTACTCAA_001,194
TTCTTCAAACATGTACTCAA_002,104
TTCTTCAAACATGTACTCAA_003,34
TTCTTCAAACATGTACTCAA_004,52
TTCTTCAAACATGTACTCAA_005,104
TTCTTCAAACATGTACTCAA_006,56
TTCTTCAAACATGTACTCAA_007,22
TTCTTCAAACATGTACTCAA_008,5
TTCTTCAAACATGTACTCAA_009,119
TTCTTCAAACATGTACTCAA_010,82
TTCTTCAAACATGTACTCAA_011,132
GTTTGGGATCGTCTTATCGG_001,170
GTTTGGGATCGTCTTATCGG_002,170
CTTCGGTGATATCATATAAG_001,162
TCAGATTATTGGGAGCCTCT_001,102
CCCCGCATTTACCGTAAGTG_001,11
CCCCGCATTTACCGTAAGTG_002,53
CCCCGCATTTACCGTAAGTG_003,129
CCCCGCATTTACCGTAAGTG_004,122
CCCCGCATTTACCGTAAGTG_005,61
CCCCGCATTTACCGTAAGTG_006,99
CCCCGCATTTACCGTAAGTG_007,20
CCCCGCATTTACCGTAAGTG_008,24
CCCCGCATTTACCGTAAGTG_009,129
CCCCGCATTTACCGTAAGTG_010,105
CCCCGCATTTACCGTAAGTG_011,9
CCCCGCATTTACCGTAAGTG_012,134
CCCCGCATTTACCGTAAGTG_013,40
CCCCGCATTTACCGTAAGTG_014,65
CCCCGCATTTACCGTAAGTG_015,110
CCCCGCATTTACCGTAAGTG_016,122
CCCCGCATTTACCGTAAGTG_017,27
CCCCGCATTTACCGTAAGTG_018,94
CCCCGCATTTACCGTAAGTG_019,197
CCCCGCATTTACCGTAAGTG_020,20
ACAGCATCAGCACAGACACG_001,150
CACTAGTGTGACATCTACGA_001,186
CACTAGTGTGACATCTACGA_002,20
GCATGGTATGACCTCAATGG_001,145
GCATGGTATGACCTCAATGG_002,55
GCATGGTATGACCTCAATGG_003,196
TTCCCCACCATCGTGGAGCG_001,119
TTCCCCACCATCGTGGAGCG_002,148
TTCCCCACCATCGTGGAGCG_003,160
TTCCCCACCATCGTGGAGCG_004,88
TTCCCCACCATCGTGGAGCG_005,82
TTCCCCACCATCGTGGAGCG_006,134
TTCCCCACCATCGTGGAGCG_007,15
TTCCCCACCATCGTGGAGCG_008,139
TTCCCCACCATCGTGGAGCG_009,14
CCCCAGTAAACGCTCCACAG_001,9
CCCCAGTAAACGCTCCACAG_002,125
CCCCAGTAAACGCTCCACAG_003,111
CCCCAGTAAACGCTCCACAG_004,43
CCCCAGTAAACGCTCCACAG_005,163
CCCCAGTAAACGCTCCACAG_006,148
CCCCAGTAAACGCTCCACAG_007,63
CCCCAGTAAACGCTCCACAG_008,63
CCCCAGTAAACGCTCCACAG_009,166
TACATTTATGATGCCGACCG_001,70
TACATTTATGATGCCGACCG_002,29
TACATTTATGATGCCGACCG_003,199
TACATTTATGATGCCGACCG_004,17
TACATTTATGATGCCGACCG_005,49
TACATTTATGATGCCGACCG_006,105
GGTGAACCAGATGCGTCCAG_001,162
GGTGAACCAGATGCGTCCAG_002,96
GGTGAACCAGATGCGTCCAG_003,58
GGTGAACCAGATGCGTCCAG_004,61
GGTGAACCAGATGCGTCCAG_005,16
GGTGAACCAGATGCGTCCAG_006,181
GGTGAACCAGATGCGTCCAG_007,121
TCTTTCAGAGCGCATCACTC_001,160
TCTTTCAGAGCGCATCACTC_002,47
TCTTTCAGAGCGCATCACTC_003,80
TCTTTCAGAGCGCATCACTC_004,127
TCTTTCAGAGCGCATCACTC_005,148
TCTTTCAGAGCGCATCACTC_006,55
TCTTTCAGAGCGCATCACTC_007,160
TCTTTCAGAGCGCATCACTC_008,112
TCTTTCAGAGCGCATCACTC_009,50
TCTTTCAGAGCGCATCACTC_010,105
TCTTTCAGAGCGCATCACTC_011,61
TCGGGGTATCACCATCAATG_001,130
TAGCTGCGAGTTCAATAGTG_001,154
TAGCTGCGAGTTCAATAGTG_002,154
TAGCTGCGAGTTCAATAGTG_003,58
TTTGTCGCTTGTATCGTAGG_001,127
TTTGTCGCTTGTATCGTAGG_002,194
TTTGTCGCTTGTATCGTAGG_003,10
TTTGTCGCTTGTATCGTAGG_004,5
TTTGTCGCTTGTATCGTAGG_005,19
GGACACCATCCATCCACTCG_001,29
GGACACCATCCATCCACTCG_002,102
TGGCCTTCACAACCAAAGCA_001,150
TGGCCTTCACAACCAAAGCA_002,7
TGGCCTTCACAACCAAAGCA_003,150
TGGCCTTCACAACCAAAGCA_004,157
TGGCCTTCACAACCAAAGCA_005,10
TGGCCTTCACAACCAAAGCA_006,108
TGGCCTTCACAACCAAAGCA_007,161
TGGCCTTCACAACCAAAGCA_008,123
TGGCCTTCACAACCAAAGCA_009,42
TGGCCTTCACAACCAAAGCA_010,97
TGGCCTTCACAACCAAAGCA_011,172
TGGCCTTCACAACCAAAGCA_012,36
TGGCCTTCACAACCAAAGCA_013,100
TGGCCTTCACAACCAAAGCA_014,199
TGGCCTTCACAACCAAAGCA_015,176
TGGCCTTCACAACCAAAGCA_016,123
GCACATCACCTACATAGCTG_001,158
GCACATCACCTACATAGCTG_002,50
GCACATCACCTACATAGCTG_003,188
GCACATCACCTACATAGCTG_004,130
GCACATCACCTACATAGCTG_005,115
CTTTCCAAGTCTCGAATCTG_001,113
CTTTCCAAGTCTCGAATCTG_002,140
CTTTCCAAGTCTCGAATCTG_003,182
CTTTCCAAGTCTCGAATCTG_004,1
CTTTCCAAGTCTCGAATCTG_005,94
CTTTCCAAGTCTCGAATCTG_006,105
CTTTCCAAGTCTCGAATCTG_007,147
CTTTCCAAGTCTCGAATCTG_008,100
CTTTCCAAGTCTCGAATCTG_009,167
CTTTCCAAGTCTCGAATCTG_010,173
CTTTCCAAGTCTCGAATCTG_011,173
CTTTCCAAGTCTCGAATCTG_012,137
CTTTCCAAGTCTCGAATCTG_013,170
CTTTCCAAGTCTCGAATCTG_014,171
GCTGCTCCATCATGTGTGGA_001,0
GCTGCTCCATCATGTGTGGA_002,11
GCTGCTCCATCATGTGTGGA_003,99
GCTGCTCCATCATGTGTGGA_004,48
GCTGCTCCATCATGTGTGGA_005,192
GCTGCTCCATCATGTGTGGA_006,15
GCTGCTCCATCATGTGTGGA_007,159
GCTGCTCCATCATGTGTGGA_008,142
GCTGCTCCATCATGTGTGGA_009,198
GTAGATCCGGAAGTTACTCT_001,26
GTAGATCCGGAAGTTACTCT_002,1
GTAGATCCGGAAGTTACTCT_003,181
GTAGATCCGGAAGTTACTCT_004,25
GTAGATCCGGAAGTTACTCT_005,15
GTAGATCCGGAAGTTACTCT_006,108
GTAGATCCGGAAGTTACTCT_007,30
GTAGATCCGGAAGTTACTCT_008,13
GTAGATCCGGAAGTTACTCT_009,172
GTAGATCCGGAAGTTACTCT_010,118
GTAGATCCGGAAGTTACTCT_011,131
GTAGATCCGGAAGTTACTCT_012,188
GTAGATCCGGAAGTTACTCT_013,163
GTAGATCCGGAAGTTACTCT_014,156
GTAGATCCGGAAGTTACTCT_015,48
GTAGATCCGGAAGTTACTCT_016,116
GTCCAGCTGTATCCCAGATT_001,175
GTCCAGCTGTATCCCAGATT_002,137
GTCCAGCTGTATCCCAGATT_003,64
TGCATGCTGCACAACTTTGG_001,22
TGCATGCTGCACAACTTTGG_002,39
TGCATGCTGCACAACTTTGG_003,130
TGCATGCTGCACAACTTTGG_004,170
TGCATGCTGCACAACTTTGG_005,123
TGCATGCTGCACAACTTTGG_006,128
TGCATGCTGCACAACTTTGG_007,168
TGCATGCTGCACAACTTTGG_008,147
TGCATGCTGCACAACTTTGG_009,43
TGCATGCTGCACAACTTTGG_010,198
TGCATGCTGCACAACTTTGG_011,160
CTCAATGAAGGGATTAACCG_001,38
CTCAATGAAGGGATTAACCG_002,40
CTCAATGAAGGGATTAACCG_003,171
CTCAATGAAGGGATTAACCG_004,14
CTCAATGAAGGGATTAACCG_005,116
CTCAATGAAGGGATTAACCG_006,68
CTCAATGAAGGGATTAACCG_007,147
CTCAATGAAGGGATTAACCG_008,83
CTCAATGAAGGGATTAACCG_009,163
CTCAATGAAGGGATTAACCG_010,170
CTCAATGAAGGGATTAACCG_011,10
CTCAATGAAGGGATTAACCG_012,146
TTACCTTCGAACTATAAGCG_001,15
TTACCTTCGAACTATAAGCG_002,150
TTACCTTCGAACTATAAGCG_003,76
TGTTGCATATCCCGATCCCG_001,52
CAGTCAAACCCAGCTTACAG_001,129
CAGTCAAACCCAGCTTACAG_002,191
CAGTCAAACCCAGCTTACAG_003,48
CAGTCAAACCCAGCTTACAG_004,160
CAGTCAAACCCAGCTTACAG_005,16
CAGTCAAACCCAGCTTACAG_006,58
CAGTCAAACCCAGCTTACAG_007,174
GCAGACATTACCCTATAGTG_001,1
GCAGACATTACCCTATAGTG_002,29
GCAGACATTACCCTATAGTG_003,156
GCAGACATTACCCTATAGTG_004,99
GCAGACATTACCCTATAGTG_005,189
AGATGTACAAAGCATCGGCA_001,4
AGATGTACAAAGCATCGGCA_002,48
AGATGTACAAAGCATCGGCA_003,149
AGATGTACAAAGCATCGGCA_004,61
AGATGTACAAAGCATCGGCA_005,192
AGATGTACAAAGCATCGGCA_006,76
AGATGTACAAAGCATCGGCA_007,77
AGATGTACAAAGCATCGGCA_008,198
AGATGTACAAAGCATCGGCA_009,138
AGATGTACAAAGCATCGGCA_010,45
AGATGTACAAAGCATCGGCA_011,32
AGATGTACAAAGCATCGGCA_012,101
AGATGTACAAAGCATCGGCA_013,18
AGATGTACAAAGCATCGGCA_014,29
AGATGTACAAAGCATCGGCA_015,8
AGATGTACAAAGCATCGGCA_016,184
AGATGTACAAAGCATCGGCA_017,145
AGATGTACAAAGCATCGGCA_018,62
AGATGTACAAAGCATCGGCA_019,147
AGATGTACAAAGCATCGGCA_020,180
AGATGTACAAAGCATCGGCA_021,141
AGATGTACAAAGCATCGGCA_022,169
AGATGTACAAAGCATCGGCA_023,58
AGATGTACAAAGCATCGGCA_024,49
AGATGTACAAAGCATCGGCA_025,46
AGATGTACAAAGCATCGGCA_026,138
AGAGGAGTGCAAATTCAACA_001,169
AGAGGAGTGCAAATTCAACA_002,1
AGAGGAGTGCAAATTCAACA_003,81
AGAGGAGTGCAAATTCAACA_004,115
AGAGGAGTGCAAATTCAACA_005,15
GTGGTGAGTAGAAGTCCCGT_001,100
GTGGTGAGTAGAAGTCCCGT_002,48
GTGGTGAGTAGAAGTCCCGT_003,157
GTGGTGAGTAGAAGTCCCGT_004,130
GTGGTGAGTAGAAGTCCCGT_005,80
GTGGTGAGTAGAAGTCCCGT_006,178
GTGGTGAGTAGAAGTCCCGT_007,125
GTGGTGAGTAGAAGTCCCGT_008,126
GTGGTGAGTAGAAGTCCCGT_009,68
GTGGTGAGTAGAAGTCCCGT_010,38
GTGGTGAGTAGAAGTCCCGT_011,103
GTGGTGAGTAGAAGTCCCGT_012,103
GTGGTGAGTAGAAGTCCCGT_013,181
GTGGTGAGTAGAAGTCCCGT_014,27
GTGGTGAGTAGAAGTCCCGT_015,172
GTGGTGAGTAGAAGTCCCGT_016,113
GTGGTGAGTAGAAGTCCCGT_017,158
GTGGTGAGTAGAAGTCCCGT_018,48
GTGGTGAGTAGAAGTCCCGT_019,43
GTGGTGAGTAGAAGTCCCGT_020,138
GTGGTGAGTAGAAGTCCCGT_021,34
GTGGTGAGTAGAAGTCCCGT_022,199
TCTTGTACCAGGCCTACGAT_001,12
TCTTGTACCAGGCCTACGAT_002,116
TCTTGTACCAGGCCTACGAT_003,88
TCTTGTACCAGGCCTACGAT_004,135
TCTTGTACCAGGCCTACGAT_005,145
TCTTGTACCAGGCCTACGAT_006,176
TCTTGTACCAGGCCTACGAT_007,31
ACATTAAACCAGAGCAGCAG_001,83
ACATTAAACCAGAGCAGCAG_002,148
ACATTAAACCAGAGCAGCAG_003,166
ACATTAAACCAGAGCAGCAG_004,129
ACATTAAACCAGAGCAGCAG_005,166
ACATTAAACCAGAGCAGCAG_006,137
ACATTAAACCAGAGCAGCAG_007,174
ACATTAAACCAGAGCAGCAG_008,144
ACATTAAACCAGAGCAGCAG_009,150
ACATTAAACCAGAGCAGCAG_010,184
ACATTAAACCAGAGCAGCAG_011,37
ACATTAAACCAGAGCAGCAG_012,56
ACATTAAACCAGAGCAGCAG_013,43
ACATTAAACCAGAGCAGCAG_014,127
ACATTAAACCAGAGCAGCAG_015,41
TTGTCCACATGAATAAACTC_001,160
ACTAACAGTAGCGAAGGACA_001,58
ACTAACAGTAGCGAAGGACA_002,80
ACTAACAGTAGCGAAGGACA_003,66
ACTAACAGTAGCGAAGGACA_004,177
ACTAACAGTAGCGAAGGACA_005,68
ACTAACAGTAGCGAAGGACA_006,37
ACTAACAGTAGCGAAGGACA_007,186
ACTAACAGTAGCGAAGGACA_008,83
ACTAACAGTAGCGAAGGACA_009,49
ACTAACAGTAGCGAAGGACA_010,57
GGACAACTCCTGTCTCTACC_001,94
GGACAACTCCTGTCTCTACC_002,36
GGACAACTCCTGTCTCTACC_003,76
GGACAACTCCTGTCTCTACC_004,46
GGACAACTCCTGTCTCTACC_005,197
GGACAACTCCTGTCTCTACC_006,41
GGACAACTCCTGTCTCTACC_007,17
GGACAACTCCTGTCTCTACC_008,117
GGCCATCTTCTCGTACACCT_001,133
GGCCATCTTCTCGTACACCT_002,151
GGCCATCTTCTCGTACACCT_003,108
AGTGCATGCACATCGATTTG_001,29
AGTGCATGCACATCGATTTG_002,176
AGTGCATGCACATCGATTTG_003,163
AGTGCATGCACATCGATTTG_004,9
AGTGCATGCACATCGATTTG_005,141
AGTGCATGCACATCGATTTG_006,179
AGTTATGGTGGTCTTCACAG_001,43
AGTTATGGTGGTCTTCACAG_002,97
AGTTATGGTGGTCTTCACAG_003,59
AGTTATGGTGGTCTTCACAG_004,31
AGTTATGGTGGTCTTCACAG_005,165
AGTTATGGTGGTCTTCACAG_006,121
AGTTATGGTGGTCTTCACAG_007,160
AGTTATGGTGGTCTTCACAG_008,191
AGTTATGGTGGTCTTCACAG_009,166
AGTTATGGTGGTCTTCACAG_010,115
AGTTATGGTGGTCTTCACAG_011,92
AGTTATGGTGGTCTTCACAG_012,32
AGTTATGGTGGTCTTCACAG_013,118
AGTTATGGTGGTCTTCACAG_014,103
AGTTATGGTGGTCTTCACAG_015,57
AGTTATGGTGGTCTTCACAG_016,115
GATCTAGTCCTCTAATCGAT_001,34
GATCTAGTCCTCTAATCGAT_002,89
GATCTAGTCCTCTAATCGAT_003,80
GATCTAGTCCTCTAATCGAT_004,92
GATCTAGTCCTCTAATCGAT_005,1
GATCTAGTCCTCTAATCGAT_006,17
GGGAGAAAGTTACAGAACTG_001,8
GGGAGAAAGTTACAGAACTG_002,40
GGGAGAAAGTTACAGAACTG_003,198
GGGAGAAAGTTACAGAACTG_004,93
GGGAGAAAGTTACAGAACTG_005,162
GGGAGAAAGTTACAGAACTG_006,156
GGGAGAAAGTTACAGAACTG_007,101
GGGAGAAAGTTACAGAACTG_008,188
GGGAGAAAGTTACAGAACTG_009,43
GGGAGAAAGTTACAGAACTG_010,49
GGGAGAAAGTTACAGAACTG_011,59
GGGAGAAAGTTACAGAACTG_012,138
GGGAGAAAGTTACAGAACTG_013,180
GGGAGAAAGTTACAGAACTG_014,50
ACAGCTGCCAGAATCCAAGG_001,177
ACAGCTGCCAGAATCCAAGG_002,98
ACAGCTGCCAGAATCCAAGG_003,143
ACAGCTGCCAGAATCCAAGG_004,193
ACAGCTGCCAGAATCCAAGG_005,137
ACAGCTGCCAGAATCCAAGG_006,75
ACAGCTGCCAGAATCCAAGG_007,27
ACAGCTGCCAGAATCCAAGG_008,15
ACAGCTGCCAGAATCCAAGG_009,131
ACAGCTGCCAGAATCCAAGG_010,106
CCCATTCCTCAGTTGTCAAG_001,188
CCCATTCCTCAGTTGTCAAG_002,3
CCCATTCCTCAGTTGTCAAG_003,8
CCCATTCCTCAGTTGTCAAG_004,199
CCCATTCCTCAGTTGTCAAG_005,27
GTTCCTTGAACAGATGACGA_001,43
GTTCCTTGAACAGATGACGA_002,17
GTTCCTTGAACAGATGACGA_003,114
GTTCCTTGAACAGATGACGA_004,70
GTTCCTTGAACAGATGACGA_005,50
GTTCCTTGAACAGATGACGA_006,177
GTTCCTTGAACAGATGACGA_007,187
GTTCCTTGAACAGATGACGA_008,161
GTTCCTTGAACAGATGACGA_009,19
GTTCCTTGAACAGATGACGA_010,199
GTTCCTTGAACAGATGACGA_011,40
GTTCCTTGAACAGATGACGA_012,172
GTTCCTTGAACAGATGACGA_013,182
GTTCCTTGAACAGATGACGA_014,180
AGGAAAACCAGTTCTTGCAA_001,131
AGGAAAACCAGTTCTTGCAA_002,34
AGGAAAACCAGTTCTTGCAA_003,78
AGGAAAACCAGTTCTTGCAA_004,80
AGGAAAACCAGTTCTTGCAA_005,5
AGGAAAACCAGTTCTTGCAA_006,137
AGGAAAACCAGTTCTTGCAA_007,142
AGGAAAACCAGTTCTTGCAA_008,142
AGGAAAACCAGTTCTTGCAA_009,115
AGGAAAACCAGTTCTTGCAA_010,194
AGGAAAACCAGTTCTTGCAA_011,147
AGATAGACCAGTCGCCAGAG_001,83
AGATAGACCAGTCGCCAGAG_002,137
AGATAGACCAGTCGCCAGAG_003,48
AGATAGACCAGTCGCCAGAG_004,183
AGATAGACCAGTCGCCAGAG_005,158
AGATAGACCAGTCGCCAGAG_006,175
AGATAGACCAGTCGCCAGAG_007,78
AGATAGACCAGTCGCCAGAG_008,0
AGATAGACCAGTCGCCAGAG_009,17
AGATAGACCAGTCGCCAGAG_010,23
AGATAGACCAGTCGCCAGAG_011,81
AGATAGACCAGTCGCCAGAG_012,8
AGATAGACCAGTCGCCAGAG_013,30
AGATAGACCAGTCGCCAGAG_014,22
AGATAGACCAGTCGCCAGAG_015,145
AGATAGACCAGTCGCCAGAG_016,187
AGATAGACCAGTCGCCAGAG_017,67
AGATAGACCAGTCGCCAGAG_018,81
AGATAGACCAGTCGCCAGAG_019,2
AGATAGACCAGTCGCCAGAG_020,57
AGATAGACCAGTCGCCAGAG_021,137
AGATAGACCAGTCGCCAGAG_022,184
AGATAGACCAGTCGCCAGAG_023,175
AGATAGACCAGTCGCCAGAG_024,41
AGATAGACCAGTCGCCAGAG_025,14
AGATAGACCAGTCGCCAGAG_026,22
AGATAGACCAGTCGCCAGAG_027,70
AGATAGACCAGTCGCCAGAG_028,9
AGATAGACCAGTCGCCAGAG_029,70
AGATAGACCAGTCGCCAGAG_030,70
ACATGCTACTATACATACAG_001,129
ACATGCTACTATACATACAG_002,17
ACATGCTACTATACATACAG_003,188
ACATGCTACTATACATACAG_004,57
GCACCTGGAGAAGATCACAT_001,27
GCACCTGGAGAAGATCACAT_002,138
GCACCTGGAGAAGATCACAT_003,137
GCACCTGGAGAAGATCACAT_004,2
GCACCTGGAGAAGATCACAT_005,147
GCACCTGGAGAAGATCACAT_006,105
GCACCTGGAGAAGATCACAT_007,142
GCACCTGGAGAAGATCACAT_008,12
GCACCTGGAGAAGATCACAT_009,175
GCACCTGGAGAAGATCACAT_010,43
GCACCTGGAGAAGATCACAT_011,22
CTGATGGACCCACTTGTATG_001,60
CTGATGGACCCACTTGTATG_002,70
CTGATGGACCCACTTGTATG_003,7
CTGATGGACCCACTTGTATG_004,120
CTGATGGACCCACTTGTATG_005,82
CTGATGGACCCACTTGTATG_006,160
CTGATGGACCCACTTGTATG_007,119
CTGATGGACCCACTTGTATG_008,151
CTGATGGACCCACTTGTATG_009,88
CTGATGGACCCACTTGTATG_010,150
CTGATGGACCCACTTGTATG_011,145
CTGATGGACCCACTTGTATG_012,165
CTGATGGACCCACTTGTATG_013,26
CTGATGGACCCACTTGTATG_014,72
TCACAAAGTACACTAGGACT_001,34
TCACAAAGTACACTAGGACT_002,57
TCACAAAGTACACTAGGACT_003,178
TCACAAAGTACACTAGGACT_004,184
TGGCCATGCCCACGCCAAAG_001,171
TGGCCATGCCCACGCCAAAG_002,61
TGGCCATGCCCACGCCAAAG_003,10
TGGCCATGCCCACGCCAAAG_004,152
TGGCCATGCCCACGCCAAAG_005,74
TGGCCATGCCCACGCCAAAG_006,142
TGGCCATGCCCACGCCAAAG_007,188
TGGCCATGCCCACGCCAAAG_008,153
AAAGCATTCCTCCCTAGTAA_001,118
AAAGCATTCCTCCCTAGTAA_002,188
AAAGCATTCCTCCCTAGTAA_003,188
AGGACGTCCAGACAGTCTCG_001,160
AGGACGTCCAGACAGTCTCG_002,151
AGGACGTCCAGACAGTCTCG_003,150
TCGTTGGCCCCAGAACAGTG_001,39
TCGTTGGCCCCAGAACAGTG_002,47
TCGTTGGCCCCAGAACAGTG_003,82
TCGTTGGCCCCAGAACAGTG_004,8
TCGTTGGCCCCAGAACAGTG_005,58
TCGTTGGCCCCAGAACAGTG_006,178
TCGTTGGCCCCAGAACAGTG_007,34
TCGTTGGCCCCAGAACAGTG_008,184
TCGTTGGCCCCAGAACAGTG_009,19
TCGTTGGCCCCAGAACAGTG_010,49
TCGTTGGCCCCAGAACAGTG_011,48
CTACCATTTGGCTTGCAAAG_001,193
CTACCATTTGGCTTGCAAAG_002,1
CTACCATTTGGCTTGCAAAG_003,129
CTACCATTTGGCTTGCAAAG_004,47
CTACCATTTGGCTTGCAAAG_005,108
CTACCATTTGGCTTGCAAAG_006,178
CTACCATTTGGCTTGCAAAG_007,4
GTACACGACGATGACGACCG_001,170
GTACACGACGATGACGACCG_002,172
TTGACCCGACAGCTATCACA_001,146
TTGACCCGACAGCTATCACA_002,81
TTGACCCGACAGCTATCACA_003,83
TTGACCCGACAGCTATCACA_004,76
TTGACCCGACAGCTATCACA_005,50
TTGACCCGACAGCTATCACA_006,105
TTGACCCGACAGCTATCACA_007,56
TTGACCCGACAGCTATCACA_008,5
TTGACCCGACAGCTATCACA_009,115
TTGACCCGACAGCTATCACA_010,117
TTGACCCGACAGCTATCACA_011,117
TTGACCCGACAGCTATCACA_012,78
TTGACCCGACAGCTATCACA_013,115
TTGACCCGACAGCTATCACA_014,50
TTGACCCGACAGCTATCACA_015,169
AAGATCAAACCACAAACCAG_001,8
AAGATCAAACCACAAACCAG_002,8
AAGATCAAACCACAAACCAG_003,160
AAGATCAAACCACAAACCAG_004,116
AAGATCAAACCACAAACCAG_005,162
AAGATCAAACCACAAACCAG_006,145
AAGATCAAACCACAAACCAG_007,40
AAGATCAAACCACAAACCAG_008,81
AAGATCAAACCACAAACCAG_009,86
AAGATCAAACCACAAACCAG_010,148
AAGATCAAACCACAAACCAG_011,174
AAGATCAAACCACAAACCAG_012,81
AAGATCAAACCACAAACCAG_013,130
AAGATCAAACCACAAACCAG_014,198
AAGATCAAACCACAAACCAG_015,29
AAGATCAAACCACAAACCAG_016,176
AAGATCAAACCACAAACCAG_017,152
AAGATCAAACCACAAACCAG_018,2
AAGATCAAACCACAAACCAG_019,44
AAGATCAAACCACAAACCAG_020,158
AAGATCAAACCACAAACCAG_021,81
AAGATCAAACCACAAACCAG_022,34
AAGATCAAACCACAAACCAG_023,23
AAGATCAAACCACAAACCAG_024,83
AAGATCAAACCACAAACCAG_025,160
AAGATCAAACCACAAACCAG_026,49
AAGATCAAACCACAAACCAG_027,199
AGTTCAACATAGAGAAAGGT_001,159
AGTTCAACATAGAGAAAGGT_002,9
AGTTCAACATAGAGAAAGGT_003,129
AGTTCAACATAGAGAAAGGT_004,34
GAGCGCTGCTCAGATAGCGA_001,29
GAGCGCTGCTCAGATAGCGA_002,120
GAGCGCTGCTCAGATAGCGA_003,28
GAGCGCTGCTCAGATAGCGA_004,66
GAGCGCTGCTCAGATAGCGA_005,36
TGGATATGAGTGCTAGACGG_001,162
TGGATATGAGTGCTAGACGG_002,57
TGGATATGAGTGCTAGACGG_003,130
TGGATATGAGTGCTAGACGG_004,170
TGGATATGAGTGCTAGACGG_005,61
TGGATATGAGTGCTAGACGG_006,4
TGGATATGAGTGCTAGACGG_007,4
TGGATATGAGTGCTAGACGG_008,169
TGGATATGAGTGCTAGACGG_009,96
TGGATATGAGTGCTAGACGG_010,161
TGGATATGAGTGCTAGACGG_011,161
TGGATATGAGTGCTAGACGG_012,102
TGGATATGAGTGCTAGACGG_013,134
AAGAACATCTGGATCAAGAG_001,114
AAGAACATCTGGATCAAGAG_002,114
CAGACTTTGGATCCTCCCCG_001,76
CAGACTTTGGATCCTCCCCG_002,194
CAGACTTTGGATCCTCCCCG_003,34
CAGACTTTGGATCCTCCCCG_004,50
CAGACTTTGGATCCTCCCCG_005,168
CAGACTTTGGATCCTCCCCG_006,23
CAGACTTTGGATCCTCCCCG_007,64
CAGACTTTGGATCCTCCCCG_008,140
CAGACTTTGGATCCTCCCCG_009,177
CAGACTTTGGATCCTCCCCG_010,127
CAGACTTTGGATCCTCCCCG_011,113
CAGACTTTGGATCCTCCCCG_012,137
CAGACTTTGGATCCTCCCCG_013,175
CAGACTTTGGATCCTCCCCG_014,44
CAGACTTTGGATCCTCCCCG_015,35
CAGACTTTGGATCCTCCCCG_016,48
CAGACTTTGGATCCTCCCCG_017,1
CAGACTTTGGATCCTCCCCG_018,25
CAGACTTTGGATCCTCCCCG_019,95
CAGACTTTGGATCCTCCCCG_020,133
CAGACTTTGGATCCTCCCCG_021,35
TACCCTCCGGATACGGACTG_001,191
TACCCTCCGGATACGGACTG_002,102
TACCCTCCGGATACGGACTG_003,127
TACCCTCCGGATACGGACTG_004,10
TACCCTCCGGATACGGACTG_005,7
TACCCTCCGGATACGGACTG_006,95
TACCCTCCGGATACGGACTG_007,43
TACCCTCCGGATACGGACTG_008,156
TACCCTCCGGATACGGACTG_009,145
TACCCTCCGGATACGGACTG_010,158
TACCCTCCGGATACGGACTG_011,196
TACCCTCCGGATACGGACTG_012,15
TACCCTCCGGATACGGACTG_013,158
TACCCTCCGGATACGGACTG_014,28
TACCCTCCGGATACGGACTG_015,156
TACCCTCCGGATACGGACTG_016,194
TACCCTCCGGATACGGACTG_017,184
TACCCTCCGGATACGGACTG_018,134
CCGCAGCCCTGGATCGCCTG_001,148
CCGCAGCCCTGGATCGCCTG_002,140
CCGCAGCCCTGGATCGCCTG_003,37
CCGCAGCCCTGGATCGCCTG_004,22
CCGCAGCCCTGGATCGCCTG_005,52
CCGCAGCCCTGGATCGCCTG_006,78
CCGCAGCCCTGGATCGCCTG_007,49
CCGCAGCCCTGGATCGCCTG_008,94
CCGCAGCCCTGGATCGCCTG_009,107
CCGCAGCCCTGGATCGCCTG_010,95
CCGCAGCCCTGGATCGCCTG_011,98
CCGCAGCCCTGGATCGCCTG_012,192
CCGCAGCCCTGGATCGCCTG_013,49
CCGCAGCCCTGGATCGCCTG_014,199
CCGCAGCCCTGGATCGCCTG_015,136
CCGCAGCCCTGGATCGCCTG_016,81
CCGCAGCCCTGGATCGCCTG_017,175
CCGCAGCCCTGGATCGCCTG_018,194
CCGCAGCCCTGGATCGCCTG_019,94
CCGCAGCCCTGGATCGCCTG_020,172
CCGCAGCCCTGGATCGCCTG_021,164
CCGCAGCCCTGGATCGCCTG_022,124
CCGCAGCCCTGGATCGCCTG_023,5
CCGCAGCCCTGGATCGCCTG_024,22
CCGCAGCCCTGGATCGCCTG_025,141
CTACCTGCTAAACTATTGGG_001,41
CTACCTGCTAAACTATTGGG_002,137
CTGCCGACGACAAACTCAGT_001,70
CTGCCGACGACAAACTCAGT_002,146
CTGCCGACGACAAACTCAGT_003,60
CTGCCGACGACAAACTCAGT_004,192
CTGCCGACGACAAACTCAGT_005,145
CTGCCGACGACAAACTCAGT_006,165
CTGCCGACGACAAACTCAGT_007,105
CTGCCGACGACAAACTCAGT_008,143
CTGCCGACGACAAACTCAGT_009,32
CTGCCGACGACAAACTCAGT_010,3
CTGCCGACGACAAACTCAGT_011,105
CTGCCGACGACAAACTCAGT_012,111
CTGCCGACGACAAACTCAGT_013,85
AGTATCACCATAATCCACAA_001,57
AGTATCACCATAATCCACAA_002,128
AGTATCACCATAATCCACAA_003,121
AGTATCACCATAATCCACAA_004,137
AGTATCACCATAATCCACAA_005,191
AGTATCACCATAATCCACAA_006,120
CCGTGTGACACTGTTTGAGG_001,166
CCGTGTGACACTGTTTGAGG_002,144
CCGTGTGACACTGTTTGAGG_003,105
ACAGTGTGGACATCAACAGG_001,2
ACAGTGTGGACATCAACAGG_002,48
ACAGTGTGGACATCAACAGG_003,84
ACAGTGTGGACATCAACAGG_004,193
ACAGTGTGGACATCAACAGG_005,77
ACAGTGTGGACATCAACAGG_006,148
ACAGTGTGGACATCAACAGG_007,15
ACAGTGTGGACATCAACAGG_008,166
ACAGTGTGGACATCAACAGG_009,0
ACAGTGTGGACATCAACAGG_010,8
ACAGTGTGGACATCAACAGG_011,162
ACAGTGTGGACATCAACAGG_012,110
ACAGTGTGGACATCAACAGG_013,63
ACAGTGTGGACATCAACAGG_014,191
ACAGTGTGGACATCAACAGG_015,121
ACAGTGTGGACATCAACAGG_016,14
ACAGTGTGGACATCAACAGG_017,130
ACAGTGTGGACATCAACAGG_018,121
ACAGTGTGGACATCAACAGG_019,139
ACAGTGTGGACATCAACAGG_020,154
ACAGTGTGGACATCAACAGG_021,156
ACAGTGTGGACATCAACAGG_022,186
ACAGTGTGGACATCAACAGG_023,60
ACAGTGTGGACATCAACAGG_024,162
ACAGTGTGGACATCAACAGG_025,131
ACAGTGTGGACATCAACAGG_026,191
ACAGTGTGGACATCAACAGG_027,94
ACAGTGTGGACATCAACAGG_028,20
ACAGTGTGGACATCAACAGG_029,96
ACAGTGTGGACATCAACAGG_030,147
ACAGTGTGGACATCAACAGG_031,3
ACAGTGTGGACATCAACAGG_032,103
ACAGTGTGGACATCAACAGG_033,41
ACAGTGTGGACATCAACAGG_034,135
ACAGTGTGGACATCAACAGG_035,28
ACAGTGTGGACATCAACAGG_036,119
CTTCACTCCCAAAGTAGCAG_001,23
CTTCACTCCCAAAGTAGCAG_002,144
CTTCACTCCCAAAGTAGCAG_003,84
CTTCACTCCCAAAGTAGCAG_004,15
CTTCACTCCCAAAGTAGCAG_005,77
CTTCACTCCCAAAGTAGCAG_006,184
CTTCACTCCCAAAGTAGCAG_007,28
CTTCACTCCCAAAGTAGCAG_008,172
CTTCACTCCCAAAGTAGCAG_009,8
CTTCACTCCCAAAGTAGCAG_010,94
CTTCACTCCCAAAGTAGCAG_011,136
CTTCACTCCCAAAGTAGCAG_012,16
CAGTTACAGAAGTGGATCCG_001,78
CAGTTACAGAAGTGGATCCG_002,5
CAGTTACAGAAGTGGATCCG_003,57
CAGTTACAGAAGTGGATCCG_004,85
CAGTTACAGAAGTGGATCCG_005,27
CAGTTACAGAAGTGGATCCG_006,169
CAGTTACAGAAGTGGATCCG_007,48
CAGTTACAGAAGTGGATCCG_008,152
GCCAGCGCTGTACTAGACCC_001,55
CTACCACCCGTGACACTAGG_001,67
CTACCACCCGTGACACTAGG_002,58
CTACCACCCGTGACACTAGG_003,118
CTACCACCCGTGACACTAGG_004,138
CTACCACCCGTGACACTAGG_005,104
CTACCACCCGTGACACTAGG_006,49
CTACCACCCGTGACACTAGG_007,124
CTACCACCCGTGACACTAGG_008,74
GTCGTCGCAGGGTTTAGCGG_001,171
GTCGTCGCAGGGTTTAGCGG_002,92
GTCGTCGCAGGGTTTAGCGG_003,29
GTCGTCGCAGGGTTTAGCGG_004,62
GTCGTCGCAGGGTTTAGCGG_005,156
GTCGTCGCAGGGTTTAGCGG_006,177
GTCGTCGCAGGGTTTAGCGG_007,1
GTCGTCGCAGGGTTTAGCGG_008,144
GTCGTCGCAGGGTTTAGCGG_009,15
GTCGTCGCAGGGTTTAGCGG_010,169
GTCGTCGCAGGGTTTAGCGG_011,144
TGGTACAGCCTCATTTCCTG_001,31
TGGTACAGCCTCATTTCCTG_002,88
TGGTACAGCCTCATTTCCTG_003,158
TGGTACAGCCTCATTTCCTG_004,159
TGGTACAGCCTCATTTCCTG_005,70
TGGTACAGCCTCATTTCCTG_006,140
TGGTACAGCCTCATTTCCTG_007,113
TGGTACAGCCTCATTTCCTG_008,13
TGGTACAGCCTCATTTCCTG_009,162
TCACATATGTTTACACCTGG_001,19
TCACATATGTTTACACCTGG_002,105
TCACATATGTTTACACCTGG_003,19
TCACATATGTTTACACCTGG_004,19
TCACATATGTTTACACCTGG_005,58
TCACATATGTTTACACCTGG_006,184
TCACATATGTTTACACCTGG_007,34
TCACATATGTTTACACCTGG_008,168
GCCGCTTACAAACACGCAGA_001,22
GCCGCTTACAAACACGCAGA_002,126
GCCGCTTACAAACACGCAGA_003,107
GCCGCTTACAAACACGCAGA_004,44
GCCGCTTACAAACACGCAGA_005,153
GCCGCTTACAAACACGCAGA_006,147
GCCGCTTACAAACACGCAGA_007,151
GCCGCTTACAAACACGCAGA_008,44
GCCGCTTACAAACACGCAGA_009,101
GCCGCTTACAAACACGCAGA_010,195
GCCGCTTACAAACACGCAGA_011,174
GCCGCTTACAAACACGCAGA_012,26
GCCGCTTACAAACACGCAGA_013,180
GCCGCTTACAAACACGCAGA_014,122
ACTGCTCTGGAGAGCAAACA_001,63
ACTGCTCTGGAGAGCAAACA_002,127
ACTGCTCTGGAGAGCAAACA_003,145
ACTGCTCTGGAGAGCAAACA_004,82
ACTGCTCTGGAGAGCAAACA_005,97
ACTGCTCTGGAGAGCAAACA_006,8
ACTGCTCTGGAGAGCAAACA_007,121
ACTGCTCTGGAGAGCAAACA_008,28
ACTGCTCTGGAGAGCAAACA_009,160
ACTGCTCTGGAGAGCAAACA_010,123
ATACAATCTGGACATCCCCG_001,15
ATACAATCTGGACATCCCCG_002,122
ATACAATCTGGACATCCCCG_003,96
ATACAATCTGGACATCCCCG_004,140
ATACAATCTGGACATCCCCG_005,76
ATACAATCTGGACATCCCCG_006,168
CTGTTGACTACTTTGACGGA_001,165
CTGTTGACTACTTTGACGGA_002,197
CTGTTGACTACTTTGACGGA_003,115
CTGTTGACTACTTTGACGGA_004,62
CTGTTGACTACTTTGACGGA_005,33
CTGTTGACTACTTTGACGGA_006,37
CTGTTGACTACTTTGACGGA_007,71
TACCGGTTTCCTCTTCTGGA_001,40
CAACACCATGAACAACTACG_001,76
CAACACCATGAACAACTACG_002,1
CAACACCATGAACAACTACG_003,108
CAACACCATGAACAACTACG_004,178
CAACACCATGAACAACTACG_005,43
CAACACCATGAACAACTACG_006,149
CAACACCATGAACAACTACG_007,157
CAACACCATGAACAACTACG_008,40
CAACACCATGAACAACTACG_009,129
CAACACCATGAACAACTACG_010,191
CAACACCATGAACAACTACG_011,28
CAACACCATGAACAACTACG_012,141
CAACACCATGAACAACTACG_013,4
CAACACCATGAACAACTACG_014,36
CAACACCATGAACAACTACG_015,142
CAACACCATGAACAACTACG_016,0
CAACACCATGAACAACTACG_017,68
CAACACCATGAACAACTACG_018,152
CAACACCATGAACAACTACG_019,15
CAACACCATGAACAACTACG_020,86
CAACACCATGAACAACTACG_021,199
ACTCACATGTCACTCTCTGA_001,49
ACTCACATGTCACTCTCTGA_002,195
ACTCACATGTCACTCTCTGA_003,151
ACTCACATGTCACTCTCTGA_004,147
ACTCACATGTCACTCTCTGA_005,162
AGAACAACTGTCAGAATGCA_001,1
AGAACAACTGTCAGAATGCA_002,141
AGAACAACTGTCAGAATGCA_003,1
AGAACAACTGTCAGAATGCA_004,142
AGAACAACTGTCAGAATGCA_005,166
AGAACAACTGTCAGAATGCA_006,6
AGAACAACTGTCAGAATGCA_007,55
AGAACAACTGTCAGAATGCA_008,68
AGAACAACTGTCAGAATGCA_009,184
ATCCACGCCCTGACTGCCCA_001,61
ATCCACGCCCTGACTGCCCA_002,16
ATCCACGCCCTGACTGCCCA_003,101
ATCCACGCCCTGACTGCCCA_004,19
ATCCACGCCCTGACTGCCCA_005,127
ATCCACGCCCTGACTGCCCA_006,63
ATCCACGCCCTGACTGCCCA_007,72
CTGAGGTAATAAAACGGCTG_001,7
CTGAGGTAATAAAACGGCTG_002,194
CTGAGGTAATAAAACGGCTG_003,151
TCTGTCATGTAACATCTCAA_001,29
TCTGTCATGTAACATCTCAA_002,170
TCTGTCATGTAACATCTCAA_003,63
CATCAAGTGCTGCATAGAGG_001,169
CATCAAGTGCTGCATAGAGG_002,149
CATCAAGTGCTGCATAGAGG_003,80
TAAGGAGGAGCCATGTGCTG_001,45
TAAGGAGGAGCCATGTGCTG_002,134
TAAGGAGGAGCCATGTGCTG_003,10
TAAGGAGGAGCCATGTGCTG_004,194
TAAGGAGGAGCCATGTGCTG_005,54
TAAGGAGGAGCCATGTGCTG_006,105
CAGCTTTCTCATACCCTCTG_001,84
CAGCTTTCTCATACCCTCTG_002,198
CAGCTTTCTCATACCCTCTG_003,76
CAGCTTTCTCATACCCTCTG_004,103
CAGCTTTCTCATACCCTCTG_005,140
CAGCTTTCTCATACCCTCTG_006,13
CAGCTTTCTCATACCCTCTG_007,83
CAGCTTTCTCATACCCTCTG_008,160
CAGCTTTCTCATACCCTCTG_009,198
CAGCTTTCTCATACCCTCTG_010,19
CAGCTTTCTCATACCCTCTG_011,49
GAAAGTGGAAGATTCCTCCT_001,146
GAAAGTGGAAGATTCCTCCT_002,199
GAAAGTGGAAGATTCCTCCT_003,174
GAAAGTGGAAGATTCCTCCT_004,149
GAAAGTGGAAGATTCCTCCT_005,133
GAAAGTGGAAGATTCCTCCT_006,25
GAAAGTGGAAGATTCCTCCT_007,17
GAAAGTGGAAGATTCCTCCT_008,22
GAAAGTGGAAGATTCCTCCT_009,137
GAAAGTGGAAGATTCCTCCT_010,147
GAAAGTGGAAGATTCCTCCT_011,115
GAAAGTGGAAGATTCCTCCT_012,140
GAAAGTGGAAGATTCCTCCT_013,199
GAAAGTGGAAGATTCCTCCT_014,147
GAAAGTGGAAGATTCCTCCT_015,102
GAAAGTGGAAGATTCCTCCT_016,43
GAAAGTGGAAGATTCCTCCT_017,71
AGCATGGATAGATCAAGCAA_001,146
AGCATGGATAGATCAAGCAA_002,132
AGCATGGATAGATCAAGCAA_003,134
AGCATGGATAGATCAAGCAA_004,150
AGCATGGATAGATCAAGCAA_005,71
AGCATGGATAGATCAAGCAA_006,68
AGCATGGATAGATCAAGCAA_007,85
AGCATGGATAGATCAAGCAA_008,102
AGCATGGATAGATCAAGCAA_009,81
AGCATGGATAGATCAAGCAA_010,121
AGCATGGATAGATCAAGCAA_011,37
AGCATGGATAGATCAAGCAA_012,35
AGCATGGATAGATCAAGCAA_013,76
AGCATGGATAGATCAAGCAA_014,97
AGCATGGATAGATCAAGCAA_015,6
AGCATGGATAGATCAAGCAA_016,172
AGCATGGATAGATCAAGCAA_017,103
AGCATGGATAGATCAAGCAA_018,40
AGCATGGATAGATCAAGCAA_019,98
AGCATGGATAGATCAAGCAA_020,191
AGCATGGATAGATCAAGCAA_021,0
AGCATGGATAGATCAAGCAA_022,174
AGCATGGATAGATCAAGCAA_023,31
AGCATGGATAGATCAAGCAA_024,63
CAGCAGCAGGTTGCACACGT_001,183
CAGCAGCAGGTTGCACACGT_002,111
CAGCAGCAGGTTGCACACGT_003,31
CAGCAGCAGGTTGCACACGT_004,152
CAGCAGCAGGTTGCACACGT_005,0
CAGCAGCAGGTTGCACACGT_006,146
CAGCAGCAGGTTGCACACGT_007,148
CAGCAGCAGGTTGCACACGT_008,79
CAGCAGCAGGTTGCACACGT_009,22
CAGCAGCAGGTTGCACACGT_010,198
CAGCAGCAGGTTGCACACGT_011,91
CAGCAGCAGGTTGCACACGT_012,157
GCTGCGCATGTGGATCTCCA_001,94
GCTGCGCATGTGGATCTCCA_002,82
GCTGCGCATGTGGATCTCCA_003,107
GCTGCGCATGTGGATCTCCA_004,82
GCTGCGCATGTGGATCTCCA_005,173
GCTGCGCATGTGGATCTCCA_006,155
GCTGCGCATGTGGATCTCCA_007,34
GCTGCGCATGTGGATCTCCA_008,12
GCTGCGCATGTGGATCTCCA_009,79
TCTGTGCCAGACTGTCGTCG_001,0
TCTGTGCCAGACTGTCGTCG_002,172
TCTGTGCCAGACTGTCGTCG_003,177
TCTGTGCCAGACTGTCGTCG_004,162
TCTGTGCCAGACTGTCGTCG_005,66
TCTGTGCCAGACTGTCGTCG_006,75
TCTGTGCCAGACTGTCGTCG_007,136
ACGAAGTCTTCAAGATTGAG_001,50
GCCTGTCCTCAAGCGTCTGT_001,49
GCCTGTCCTCAAGCGTCTGT_002,146
GCCTGTCCTCAAGCGTCTGT_003,37
GCCTGTCCTCAAGCGTCTGT_004,130
GCCTGTCCTCAAGCGTCTGT_005,2
GCCTGTCCTCAAGCGTCTGT_006,23
GCCTGTCCTCAAGCGTCTGT_007,104
GCCTGTCCTCAAGCGTCTGT_008,58
GCCTGTCCTCAAGCGTCTGT_009,124
GCCTGTCCTCAAGCGTCTGT_010,47
TCGCCGAATAGATTCAACAA_001,8
TCGCCGAATAGATTCAACAA_002,103
TCGCCGAATAGATTCAACAA_003,148
TCGCCGAATAGATTCAACAA_004,81
TCGCCGAATAGATTCAACAA_005,166
AGGTGACATCACATTGCTAG_001,197
GCTGAGATCCTCTCGAGACT_001,168
GCTGAGATCCTCTCGAGACT_002,82
GCTGAGATCCTCTCGAGACT_003,122
GCTGAGATCCTCTCGAGACT_004,4
AAACGCTGGAGGAATTAGAC_001,32
AAACGCTGGAGGAATTAGAC_002,78
AAACGCTGGAGGAATTAGAC_003,170
AAACGCTGGAGGAATTAGAC_004,33
AAACGCTGGAGGAATTAGAC_005,188
AAACGCTGGAGGAATTAGAC_006,121
AAACGCTGGAGGAATTAGAC_007,181
AAACGCTGGAGGAATTAGAC_008,105
AAACGCTGGAGGAATTAGAC_009,50
AAACGCTGGAGGAATTAGAC_010,104
AAACGCTGGAGGAATTAGAC_011,18
AAACGCTGGAGGAATTAGAC_012,16
AAGACTCGACTCACCCGCGA_001,149
AAGACTCGACTCACCCGCGA_002,88
AAGACTCGACTCACCCGCGA_003,98
AAGACTCGACTCACCCGCGA_004,160
AAGACTCGACTCACCCGCGA_005,130
AAGACTCGACTCACCCGCGA_006,127
AAGACTCGACTCACCCGCGA_007,17
AAGACTCGACTCACCCGCGA_008,109
AAGACTCGACTCACCCGCGA_009,8
AGATGGAGACCGTCTGACCA_001,22
AGATGGAGACCGTCTGACCA_002,162
AGATGGAGACCGTCTGACCA_003,60
AGATGGAGACCGTCTGACCA_004,60
AGATGGAGACCGTCTGACCA_005,17
AGATGGAGACCGTCTGACCA_006,177
AGATGGAGACCGTCTGACCA_007,133
AGATGGAGACCGTCTGACCA_008,62
AGATGGAGACCGTCTGACCA_009,40
AGATGGAGACCGTCTGACCA_010,138
AGATGGAGACCGTCTGACCA_011,116
AGATGGAGACCGTCTGACCA_012,159
AGATGGAGACCGTCTGACCA_013,152
AGATGGAGACCGTCTGACCA_014,160
AGATGGAGACCGTCTGACCA_015,183
AGATGGAGACCGTCTGACCA_016,9
AGATGGAGACCGTCTGACCA_017,102
AGATGGAGACCGTCTGACCA_018,83
AGATGGAGACCGTCTGACCA_019,162
AGATGGAGACCGTCTGACCA_020,6
AGATGGAGACCGTCTGACCA_021,55
AGATGGAGACCGTCTGACCA_022,33
AGATGGAGACCGTCTGACCA_023,190
ATTTGGCATCGAACGTTCAG_001,9
ATTTGGCATCGAACGTTCAG_002,68
ATTTGGCATCGAACGTTCAG_003,169
ATTTGGCATCGAACGTTCAG_004,0
ATTTGGCATCGAACGTTCAG_005,198
ATTTGGCATCGAACGTTCAG_006,49
ATTTGGCATCGAACGTTCAG_007,195
ATTTGGCATCGAACGTTCAG_008,70
ATTTGGCATCGAACGTTCAG_009,162
ATTTGGCATCGAACGTTCAG_010,168
ATTTGGCATCGAACGTTCAG_011,10
ATTTGGCATCGAACGTTCAG_012,102
GGAAAAGTCAAACTTTACCA_001,189
GGAAAAGTCAAACTTTACCA_002,77
GGAAAAGTCAAACTTTACCA_003,81
GGAAAAGTCAAACTTTACCA_004,72
GGAAAAGTCAAACTTTACCA_005,48
GGAAAAGTCAAACTTTACCA_006,165
TCGCGGCCTTTGGCCGACCG_001,102
TCGCGGCCTTTGGCCGACCG_002,177
TCGCGGCCTTTGGCCGACCG_003,169
TCGCGGCCTTTGGCCGACCG_004,149
TCGCGGCCTTTGGCCGACCG_005,94
TCGCGGCCTTTGGCCGACCG_006,127
TCGCGGCCTTTGGCCGACCG_007,128
AGAAGCATCAGACCTAACCT_001,1
AGAAGCATCAGACCTAACCT_002,138
AGAAGCATCAGACCTAACCT_003,138
AGAAGCATCAGACCTAACCT_004,168
AGAAGCATCAGACCTAACCT_005,115
AGAAGCATCAGACCTAACCT_006,175
AGAAGCATCAGACCTAACCT_007,88
AGAAGCATCAGACCTAACCT_008,42
AGAAGCATCAGACCTAACCT_009,162
AGAAGCATCAGACCTAACCT_010,199
AGAAGCATCAGACCTAACCT_011,69
ATTGTGATGAGCGTGTTCTG_001,114
ATTGTGATGAGCGTGTTCTG_002,91
ATTGTGATGAGCGTGTTCTG_003,178
ATTGTGATGAGCGTGTTCTG_004,171
ATTGTGATGAGCGTGTTCTG_005,56
ATTGTGATGAGCGTGTTCTG_006,68
ATTGTGATGAGCGTGTTCTG_007,127
ATTGTGATGAGCGTGTTCTG_008,199
TGCTGTGGAATTTGTAACGG_001,34
TGCTGTGGAATTTGTAACGG_002,5
TGCTGTGGAATTTGTAACGG_003,52
TGCTGTGGAATTTGTAACGG_004,184
TGCTGTGGAATTTGTAACGG_005,131
TGCTGTGGAATTTGTAACGG_006,50
TGCTGTGGAATTTGTAACGG_007,117
TGCTGTGGAATTTGTAACGG_008,116
TGCTGTGGAATTTGTAACGG_009,115
TGCTGTGGAATTTGTAACGG_010,183
TGCTGTGGAATTTGTAACGG_011,173
TGCTGTGGAATTTGTAACGG_012,149
TGGGTGAGTAAGCTCATGAG_001,177
TGGGTGAGTAAGCTCATGAG_002,66
TGGGTGAGTAAGCTCATGAG_003,30
GTAGACACCTGGATAAAGGT_001,176
GTAGACACCTGGATAAAGGT_002,149
GTAGACACCTGGATAAAGGT_003,56
GTAGACACCTGGATAAAGGT_004,49
GTAGACACCTGGATAAAGGT_005,5
GTAGACACCTGGATAAAGGT_006,62
GTAGACACCTGGATAAAGGT_007,17
GTAGACACCTGGATAAAGGT_008,9
GTAGACACCTGGATAAAGGT_009,25
GTAGACACCTGGATAAAGGT_010,112
GTAGACACCTGGATAAAGGT_011,88
GTAGACACCTGGATAAAGGT_012,3
GTAGACACCTGGATAAAGGT_013,115
GTAGACACCTGGATAAAGGT_014,145
TTAGTGGGTCCTGTTCCCGC_001,144
TTAGTGGGTCCTGTTCCCGC_002,149
TTAGTGGGTCCTGTTCCCGC_003,50
TTCATCTTGGAACCGACTGT_001,147
TTCATCTTGGAACCGACTGT_002,60
TTCATCTTGGAACCGACTGT_003,58
TTCATCTTGGAACCGACTGT_004,140
TTCATCTTGGAACCGACTGT_005,41
TTCATCTTGGAACCGACTGT_006,37
TTCATCTTGGAACCGACTGT_007,163
TTCATCTTGGAACCGACTGT_008,160
TTCATCTTGGAACCGACTGT_009,177
TTCATCTTGGAACCGACTGT_010,58
TTCATCTTGGAACCGACTGT_011,70
TTCATCTTGGAACCGACTGT_012,2
TTCATCTTGGAACCGACTGT_013,81
TTCATCTTGGAACCGACTGT_014,134
TTCATCTTGGAACCGACTGT_015,137
TTCATCTTGGAACCGACTGT_016,52
TTCATCTTGGAACCGACTGT_017,160
TTCATCTTGGAACCGACTGT_018,162
TTCATCTTGGAACCGACTGT_019,47
TTCATCTTGGAACCGACTGT_020,191
TTCATCTTGGAACCGACTGT_021,141
TTCATCTTGGAACCGACTGT_022,61
TTCATCTTGGAACCGACTGT_023,23
TTCATCTTGGAACCGACTGT_024,147
TTCATCTTGGAACCGACTGT_025,116
TTCATCTTGGAACCGACTGT_026,168
TTCATCTTGGAACCGACTGT_027,160
TTCATCTTGGAACCGACTGT_028,97
AGATTTACACATATAACCAG_001,86
TTCGGTTACTGATGCAAGGT_001,152
TTCGGTTACTGATGCAAGGT_002,56
TTCGGTTACTGATGCAAGGT_003,172
GCCCAAGCAGAGTTTGACCG_001,27
GCCCAAGCAGAGTTTGACCG_002,107
GCCCAAGCAGAGTTTGACCG_003,84
GCCCAAGCAGAGTTTGACCG_004,128
GCCCAAGCAGAGTTTGACCG_005,102
GCCCAAGCAGAGTTTGACCG_006,168
GCCCAAGCAGAGTTTGACCG_007,54
GCCCAAGCAGAGTTTGACCG_008,165
GCCCAAGCAGAGTTTGACCG_009,175
GCCCAAGCAGAGTTTGACCG_010,63
GCCCAAGCAGAGTTTGACCG_011,88
GCCCAAGCAGAGTTTGACCG_012,15
GCCCAAGCAGAGTTTGACCG_013,77
GCCCAAGCAGAGTTTGACCG_014,76
GCCCAAGCAGAGTTTGACCG_015,194
GCCCAAGCAGAGTTTGACCG_016,32
GCCCAAGCAGAGTTTGACCG_017,37
TCCCACTGTAGGCGTTCCAG_001,186
TCCCACTGTAGGCGTTCCAG_002,55
TCCCACTGTAGGCGTTCCAG_003,188
TCCCACTGTAGGCGTTCCAG_004,63
TCCCACTGTAGGCGTTCCAG_005,50
TCCCACTGTAGGCGTTCCAG_006,144
TCCCACTGTAGGCGTTCCAG_007,175
TCCCACTGTAGGCGTTCCAG_008,19
TCCCACTGTAGGCGTTCCAG_009,40
TCCCACTGTAGGCGTTCCAG_010,182
TCCCACTGTAGGCGTTCCAG_011,38
TCCCACTGTAGGCGTTCCAG_012,22
TCCCACTGTAGGCGTTCCAG_013,6
TGGCTGTGAATGGCGTGTCA_001,43
TGGCTGTGAATGGCGTGTCA_002,83
TGGCTGTGAATGGCGTGTCA_003,18
TGGCTGTGAATGGCGTGTCA_004,83
TGGCTGTGAATGGCGTGTCA_005,3
TGGCTGTGAATGGCGTGTCA_006,142
TCTGCGCACGTGGTTCGTGG_001,175
GCAGTGAAGACACTTGTGGA_001,23
GCAGTGAAGACACTTGTGGA_002,85
GCAGTGAAGACACTTGTGGA_003,139
GCAGTGAAGACACTTGTGGA_004,172
GCAGTGAAGACACTTGTGGA_005,76
GCAGTGAAGACACTTGTGGA_006,146
GCAGTGAAGACACTTGTGGA_007,112
GCAGTGAAGACACTTGTGGA_008,171
GCAGTGAAGACACTTGTGGA_009,179
GCAGTGAAGACACTTGTGGA_010,1
GCAGTGAAGACACTTGTGGA_011,93
GCAGTGAAGACACTTGTGGA_012,98
GCAGTGAAGACACTTGTGGA_013,162
GCAGTGAAGACACTTGTGGA_014,47
GCAGTGAAGACACTTGTGGA_015,58
GCAGTGAAGACACTTGTGGA_016,141
GCAGTGAAGACACTTGTGGA_017,12
GCAGTGAAGACACTTGTGGA_018,154
GCAGTGAAGACACTTGTGGA_019,189
GCAGTGAAGACACTTGTGGA_020,198
GCAGTGAAGACACTTGTGGA_021,19
GCAGTGAAGACACTTGTGGA_022,62
GCAGTGAAGACACTTGTGGA_023,117
ACTTCCATCTGCCTTACCGG_001,15
ACTTCCATCTGCCTTACCGG_002,49
ACTTCCATCTGCCTTACCGG_003,137
ACTTCCATCTGCCTTACCGG_004,115
ACTTCCATCTGCCTTACCGG_005,182
ACTTCCATCTGCCTTACCGG_006,198
ACTTCCATCTGCCTTACCGG_007,171
ACTTCCATCTGCCTTACCGG_008,61
ACTTCCATCTGCCTTACCGG_009,182
ACTTCCATCTGCCTTACCGG_010,23
ATCCCATAATTCTATGTAGT_001,49
AAAAGGAAGGTGTTAGGTCA_001,88
AAAAGGAAGGTGTTAGGTCA_002,138
AAAAGGAAGGTGTTAGGTCA_003,32
AAAAGGAAGGTGTTAGGTCA_004,169
AAAAGGAAGGTGTTAGGTCA_005,147
AAAAGGAAGGTGTTAGGTCA_006,62
AAAAGGAAGGTGTTAGGTCA_007,117
AAAAGGAAGGTGTTAGGTCA_008,53
AAAAGGAAGGTGTTAGGTCA_009,63
GACTTGAAGGTGATACCAGT_001,72
GACTTGAAGGTGATACCAGT_002,8
GACTTGAAGGTGATACCAGT_003,21
GACTTGAAGGTGATACCAGT_004,63
GACTTGAAGGTGATACCAGT_005,50
GACTTGAAGGTGATACCAGT_006,169
GACTTGAAGGTGATACCAGT_007,68
GACTTGAAGGTGATACCAGT_008,2
GACTTGAAGGTGATACCAGT_009,166
GACTTGAAGGTGATACCAGT_010,3
GACTTGAAGGTGATACCAGT_011,91
GTGGTGAGCTACACCACCAA_001,159
GTGGTGAGCTACACCACCAA_002,70
GTGGTGAGCTACACCACCAA_003,163
GTGGTGAGCTACACCACCAA_004,95
GTGGTGAGCTACACCACCAA_005,38
GTGGTGAGCTACACCACCAA_006,166
GTGGTGAGCTACACCACCAA_007,27
GTGGTGAGCTACACCACCAA_008,68
GTGGTGAGCTACACCACCAA_009,171
GTGGTGAGCTACACCACCAA_010,115
GTGGTGAGCTACACCACCAA_011,116
GTGGTGAGCTACACCACCAA_012,40
AAGCAGAGCTGACGACCAAG_001,169
AAGCAGAGCTGACGACCAAG_002,80
AAGCAGAGCTGACGACCAAG_003,169
AAGCAGAGCTGACGACCAAG_004,170
AAGCAGAGCTGACGACCAAG_005,4
AAGCAGAGCTGACGACCAAG_006,43
AAGCAGAGCTGACGACCAAG_007,70
AAGCAGAGCTGACGACCAAG_008,66
AAGCAGAGCTGACGACCAAG_009,172
AAGCAGAGCTGACGACCAAG_010,46
AAGCAGAGCTGACGACCAAG_011,146
AAGCAGAGCTGACGACCAAG_012,28
AAGCAGAGCTGACGACCAAG_013,119
AAGCAGAGCTGACGACCAAG_014,4
AAGCAGAGCTGACGACCAAG_015,188
AAGCAGAGCTGACGACCAAG_016,53
AAGCAGAGCTGACGACCAAG_017,151
AAGCAGAGCTGACGACCAAG_018,184
AAGCAGAGCTGACGACCAAG_019,127
AAGCAGAGCTGACGACCAAG_020,64
AAGCAGAGCTGACGACCAAG_021,121
AAGCAGAGCTGACGACCAAG_022,160
GGAGATGGTGAGATGCTATG_001,4
GGAGATGGTGAGATGCTATG_002,185
GGAGATGGTGAGATGCTATG_003,106
GGAGATGGTGAGATGCTATG_004,80
GGAGATGGTGAGATGCTATG_005,161
GGAGATGGTGAGATGCTATG_006,160
GGAGATGGTGAGATGCTATG_007,145
GGAGATGGTGAGATGCTATG_008,140
GGAGATGGTGAGATGCTATG_009,41
GGAGATGGTGAGATGCTATG_010,182
GGAGATGGTGAGATGCTATG_011,88
GGAGATGGTGAGATGCTATG_012,57
GGAGATGGTGAGATGCTATG_013,43
AAAGAAAGCCCAGGAGTCAG_001,130
AAAGAAAGCCCAGGAGTCAG_002,31
AAAGAAAGCCCAGGAGTCAG_003,12
AAAGAAAGCCCAGGAGTCAG_004,115
AAAGAAAGCCCAGGAGTCAG_005,158
CTGGAGCAACGAGCTCATAG_001,64
CTGGAGCAACGAGCTCATAG_002,193
CTGGAGCAACGAGCTCATAG_003,51
CTGGAGCAACGAGCTCATAG_004,82
CTGGAGCAACGAGCTCATAG_005,185
CTGGAGCAACGAGCTCATAG_006,17
TCAGACAGGAGCTATACTCC_001,163
TCAGACAGGAGCTATACTCC_002,135
TCAGACAGGAGCTATACTCC_003,19
GTTCATCAAGGTTCACAACG_001,60
GTTCATCAAGGTTCACAACG_002,98
GTTCATCAAGGTTCACAACG_003,87
GTTCATCAAGGTTCACAACG_004,19
GTTCATCAAGGTTCACAACG_005,9
GTTCATCAAGGTTCACAACG_006,88
GTTCATCAAGGTTCACAACG_007,49
GTTCATCAAGGTTCACAACG_008,23
GTGGAGACATCAGCCGCCAG_001,90
GTGGAGACATCAGCCGCCAG_002,124
GTGGAGACATCAGCCGCCAG_003,68
GTGGAGACATCAGCCGCCAG_004,130
GTGGAGACATCAGCCGCCAG_005,33
GTGGAGACATCAGCCGCCAG_006,68
GTGGAGACATCAGCCGCCAG_007,113
GTGGAGACATCAGCCGCCAG_008,99
GTGGAGACATCAGCCGCCAG_009,93
GTGGAGACATCAGCCGCCAG_010,29
GTGGAGACATCAGCCGCCAG_011,29
GTGGAGACATCAGCCGCCAG_012,149
GTGGAGACATCAGCCGCCAG_013,175
GTGGAGACATCAGCCGCCAG_014,58
GTGGAGACATCAGCCGCCAG_015,85
GTGGAGACATCAGCCGCCAG_016,88
GTGGAGACATCAGCCGCCAG_017,172
GTGGAGACATCAGCCGCCAG_018,15
GTGGAGACATCAGCCGCCAG_019,149
GTGGAGACATCAGCCGCCAG_020,43
GTGGAGACATCAGCCGCCAG_021,34
GTGGAGACATCAGCCGCCAG_022,0
GTGGAGACATCAGCCGCCAG_023,78
GTGGAGACATCAGCCGCCAG_024,126
GTGGAGACATCAGCCGCCAG_025,33
GTGGAGACATCAGCCGCCAG_026,188
GTGGAGACATCAGCCGCCAG_027,199
GTGGAGACATCAGCCGCCAG_028,16
CCCACGGACATGGAACACAC_001,76
CCCACGGACATGGAACACAC_002,94
CCCACGGACATGGAACACAC_003,139
CCCACGGACATGGAACACAC_004,155
CCCACGGACATGGAACACAC_005,45
CCCACGGACATGGAACACAC_006,38
CCCACGGACATGGAACACAC_007,151
CCCACGGACATGGAACACAC_008,146
CCCACGGACATGGAACACAC_009,150
CCCACGGACATGGAACACAC_010,182
CCCACGGACATGGAACACAC_011,162
CCCACGGACATGGAACACAC_012,22
CCCACGGACATGGAACACAC_013,34
CCCACGGACATGGAACACAC_014,89
CCCACGGACATGGAACACAC_015,59
CCCACGGACATGGAACACAC_016,154
CCCACGGACATGGAACACAC_017,1
CCCACGGACATGGAACACAC_018,81
CCCACGGACATGGAACACAC_019,134
CCCACGGACATGGAACACAC_020,106
CCCACGGACATGGAACACAC_021,199
CCCACGGACATGGAACACAC_022,115
CCCACGGACATGGAACACAC_023,0
AGAGCCCGACTTGCAGACTG_001,8
AGAGCCCGACTTGCAGACTG_002,84
AGAGCCCGACTTGCAGACTG_003,162
AGACTGGATGTAAAAGCCAT_001,113
AGACTGGATGTAAAAGCCAT_002,101
AGACTGGATGTAAAAGCCAT_003,190
TCAACCTCTTCAATGCAAAG_001,46
TCAACCTCTTCAATGCAAAG_002,107
TCAACCTCTTCAATGCAAAG_003,6
TCAACCTCTTCAATGCAAAG_004,83
TCAACCTCTTCAATGCAAAG_005,61
TCAACCTCTTCAATGCAAAG_006,49
TCAACCTCTTCAATGCAAAG_007,158
GTAAAATCCTCGCTTGTACG_001,79
GTAAAATCCTCGCTTGTACG_002,191
GTAAAATCCTCGCTTGTACG_003,175
GTAAAATCCTCGCTTGTACG_004,94
GTAAAATCCTCGCTTGTACG_005,36
GTAAAATCCTCGCTTGTACG_006,15
AGGCCGTGTCCAGTTCGGTG_001,116
AGGCCGTGTCCAGTTCGGTG_002,69
AGGCCGTGTCCAGTTCGGTG_003,196
AGGCCGTGTCCAGTTCGGTG_004,76
AGGCCGTGTCCAGTTCGGTG_005,74
TGGAACGCTTGCGTTTGGTG_001,29
TGGAACGCTTGCGTTTGGTG_002,170
TGGAACGCTTGCGTTTGGTG_003,17
TGGAACGCTTGCGTTTGGTG_004,182
TGGAACGCTTGCGTTTGGTG_005,40
TCGACAACACATACCAGGTG_001,184
TCGACAACACATACCAGGTG_002,9
TCGACAACACATACCAGGTG_003,156
TCGACAACACATACCAGGTG_004,129
TCGACAACACATACCAGGTG_005,102
TCGACAACACATACCAGGTG_006,180
TCGACAACACATACCAGGTG_007,66
TCGACAACACATACCAGGTG_008,52
TCGACAACACATACCAGGTG_009,150
TCGACAACACATACCAGGTG_010,61
TGAGTACTGCACAAGGACCC_001,144
AAGCAGAGGAATGGAGCGGA_001,12
AAGCAGAGGAATGGAGCGGA_002,91
AAGCAGAGGAATGGAGCGGA_003,49
TGGTCCCGGGCTAGGCGAGA_001,34
TGGTCCCGGGCTAGGCGAGA_002,40
TGGTCCCGGGCTAGGCGAGA_003,75
TGGTCCCGGGCTAGGCGAGA_004,99
TGGTCCCGGGCTAGGCGAGA_005,134
TGGTCCCGGGCTAGGCGAGA_006,50
TGGTCCCGGGCTAGGCGAGA_007,198
TGGTCCCGGGCTAGGCGAGA_008,7
TGGTCCCGGGCTAGGCGAGA_009,132
TGGTCCCGGGCTAGGCGAGA_010,172
TGGTCCCGGGCTAGGCGAGA_011,20
TGGTCCCGGGCTAGGCGAGA_012,78
TGGTCCCGGGCTAGGCGAGA_013,15
TGGTCCCGGGCTAGGCGAGA_014,6
TGGTCCCGGGCTAGGCGAGA_015,28
TGGTCCCGGGCTAGGCGAGA_016,124
TGGTCCCGGGCTAGGCGAGA_017,8
AAACTCATGGAGTTCAACAA_001,59
AAACTCATGGAGTTCAACAA_002,26
AAACTCATGGAGTTCAACAA_003,129
AAACTCATGGAGTTCAACAA_004,68
AAACTCATGGAGTTCAACAA_005,0
AAACTCATGGAGTTCAACAA_006,130
AAACTCATGGAGTTCAACAA_007,177
TTGTATAGGAATAGAATCTG_001,79
TTGTATAGGAATAGAATCTG_002,34
TTGTATAGGAATAGAATCTG_003,28
TTGTATAGGAATAGAATCTG_004,173
TTGTATAGGAATAGAATCTG_005,16
TTGTATAGGAATAGAATCTG_006,15
ATGTCCAGATCATCGTTCAG_001,94
ATGTCCAGATCATCGTTCAG_002,77
ATGTCCAGATCATCGTTCAG_003,1
ATGTCCAGATCATCGTTCAG_004,180
ATGTCCAGATCATCGTTCAG_005,70
ATGTCCAGATCATCGTTCAG_006,156
ATGTCCAGATCATCGTTCAG_007,167
ATGTCCAGATCATCGTTCAG_008,20
ATTACCTCCAAATCTCAAGG_001,169
ATTACCTCCAAATCTCAAGG_002,27
ATTACCTCCAAATCTCAAGG_003,61
ATTACCTCCAAATCTCAAGG_004,127
ATTACCTCCAAATCTCAAGG_005,169
ATTACCTCCAAATCTCAAGG_006,82
CGTCACTGGCCGCTTCATCG_001,166
CGTCACTGGCCGCTTCATCG_002,184
CGTCACTGGCCGCTTCATCG_003,172
TCATCCGCAAGATCAGAAGA_001,133
TCATCCGCAAGATCAGAAGA_002,100
TCATCCGCAAGATCAGAAGA_003,185
TCATCCGCAAGATCAGAAGA_004,155
TCATCCGCAAGATCAGAAGA_005,195
TCATCCGCAAGATCAGAAGA_006,153
TCATCCGCAAGATCAGAAGA_007,28
TCATCCGCAAGATCAGAAGA_008,126
TCATCCGCAAGATCAGAAGA_009,63
TCATCCGCAAGATCAGAAGA_010,17
CCATGCACTCCCAGACATCG_001,150
CCATGCACTCCCAGACATCG_002,82
CCATGCACTCCCAGACATCG_003,158
CCATGCACTCCCAGACATCG_004,72
CCATGCACTCCCAGACATCG_005,188
CCATGCACTCCCAGACATCG_006,149
CCATGCACTCCCAGACATCG_007,174
CCATGCACTCCCAGACATCG_008,148
CCATGCACTCCCAGACATCG_009,137
CCATGCACTCCCAGACATCG_010,107
CCATGCACTCCCAGACATCG_011,172
CCATGCACTCCCAGACATCG_012,166
GAAAATATCTGAACCCATGG_001,52
GAAAATATCTGAACCCATGG_002,144
TACTCTGAACTAGCATCAAC_001,22
TACTCTGAACTAGCATCAAC_002,142
TACTCTGAACTAGCATCAAC_003,84
TACTCTGAACTAGCATCAAC_004,75
TACTCTGAACTAGCATCAAC_005,95
TACTCTGAACTAGCATCAAC_006,52
TACTCTGAACTAGCATCAAC_007,124
AATCCCCTGACTGATAAATG_001,141
AATCCCCTGACTGATAAATG_002,94
AATCCCCTGACTGATAAATG_003,198
AATCCCCTGACTGATAAATG_004,162
AATCCCCTGACTGATAAATG_005,190
AATCCCCTGACTGATAAATG_006,126
CAGAGACTGGATTAAAGCGG_001,80
CAGAGACTGGATTAAAGCGG_002,9
CAGAGACTGGATTAAAGCGG_003,94
CAGAGACTGGATTAAAGCGG_004,55
CAGAGACTGGATTAAAGCGG_005,26
CAGAGACTGGATTAAAGCGG_006,197
GTTAATGAATCTACAGTCCG_001,29
GTTAATGAATCTACAGTCCG_002,15
GTTAATGAATCTACAGTCCG_003,1
GTTAATGAATCTACAGTCCG_004,169
GTTAATGAATCTACAGTCCG_005,80
GTTAATGAATCTACAGTCCG_006,36
GTTAATGAATCTACAGTCCG_007,78
GTTAATGAATCTACAGTCCG_008,188
GTTAATGAATCTACAGTCCG_009,5
GTTAATGAATCTACAGTCCG_010,55
GTTAATGAATCTACAGTCCG_011,102
GTTAATGAATCTACAGTCCG_012,14
GTTAATGAATCTACAGTCCG_013,46
GTTAATGAATCTACAGTCCG_014,144
AACATCCTCAAGATCAAATG_001,48
AACATCCTCAAGATCAAATG_002,14
AACATCCTCAAGATCAAATG_003,66
AACATCCTCAAGATCAAATG_004,165
AACATCCTCAAGATCAAATG_005,145
AACATCCTCAAGATCAAATG_006,22
CAGGGATGACTGTAAGCAGG_001,154
CAGGGATGACTGTAAGCAGG_002,10
CCTGAAAGTCAAGTTGACAG_001,29
CCTGAAAGTCAAGTTGACAG_002,154
CCTGAAAGTCAAGTTGACAG_003,101
CAAAGGCCCAGAATCGCAAG_001,198
CAAAGGCCCAGAATCGCAAG_002,113
CAAAGGCCCAGAATCGCAAG_003,169
CAAAGGCCCAGAATCGCAAG_004,113
CAAAGGCCCAGAATCGCAAG_005,138
CAAAGGCCCAGAATCGCAAG_006,175
CAAAGGCCCAGAATCGCAAG_007,147
CAAAGGCCCAGAATCGCAAG_008,2
CAAAGGCCCAGAATCGCAAG_009,102
CAAAGGCCCAGAATCGCAAG_010,169
CAAAGGCCCAGAATCGCAAG_011,158
CAAAGGCCCAGAATCGCAAG_012,100
TACATCACCAGAAAGCACCC_001,149
TACATCACCAGAAAGCACCC_002,15
TACATCACCAGAAAGCACCC_003,145
TACATCACCAGAAAGCACCC_004,184
CAAGAGGAAGCGGCCCCGTG_001,163
CAAGAGGAAGCGGCCCCGTG_002,150
CAAGAGGAAGCGGCCCCGTG_003,58
CAAGAGGAAGCGGCCCCGTG_004,13
CAAGAGGAAGCGGCCCCGTG_005,141
CAAGAGGAAGCGGCCCCGTG_006,158
CAAGAGGAAGCGGCCCCGTG_007,160
CAAGAGGAAGCGGCCCCGTG_008,2
CAAGAGGAAGCGGCCCCGTG_009,94
CAAGAGGAAGCGGCCCCGTG_010,122
CAAGAGGAAGCGGCCCCGTG_011,10
CAAGAGGAAGCGGCCCCGTG_012,56
CAAGAGGAAGCGGCCCCGTG_013,168
TGAAAATTGAAATGGATAAG_001,0
TGAAAATTGAAATGGATAAG_002,53
TGCGGTGACGATACTCGAAG_001,78
GAAGGGCGCACACACATACT_001,199
GAAGGGCGCACACACATACT_002,117
GAAGGGCGCACACACATACT_003,15
GAAGGGCGCACACACATACT_004,83
GAAGGGCGCACACACATACT_005,174
GAAGGGCGCACACACATACT_006,175
GAAGGGCGCACACACATACT_007,2
TGGGGACCCGTAGGTGCGCG_001,166
TGGGGACCCGTAGGTGCGCG_002,83
TGGGGACCCGTAGGTGCGCG_003,2
TGGGGACCCGTAGGTGCGCG_004,35
TGGGGACCCGTAGGTGCGCG_005,9
TGGGGACCCGTAGGTGCGCG_006,9
TGGGGACCCGTAGGTGCGCG_007,90
TGGGGACCCGTAGGTGCGCG_008,16
TGGGGACCCGTAGGTGCGCG_009,162
TGTTCAGGGTTCCGGCGTAG_001,183
TGTTCAGGGTTCCGGCGTAG_002,158
TGTTCAGGGTTCCGGCGTAG_003,9
TGTTCAGGGTTCCGGCGTAG_004,170
TGTTCAGGGTTCCGGCGTAG_005,49
TGTTCAGGGTTCCGGCGTAG_006,94
TGTTCAGGGTTCCGGCGTAG_007,168
TGTTCAGGGTTCCGGCGTAG_008,31
TGTTCAGGGTTCCGGCGTAG_009,43
TGTTCAGGGTTCCGGCGTAG_010,106
TGTTCAGGGTTCCGGCGTAG_011,138
TTTACCGAGTAAAAACAGCA_001,15
TTTACCGAGTAAAAACAGCA_002,62
TTTACCGAGTAAAAACAGCA_003,127
TTTACCGAGTAAAAACAGCA_004,44
TTTACCGAGTAAAAACAGCA_005,142
TTTACCGAGTAAAAACAGCA_006,118
CCTGGTCCGGATATGCCTCG_001,77
CCTGGTCCGGATATGCCTCG_002,77
CCTGGTCCGGATATGCCTCG_003,12
CCTGGTCCGGATATGCCTCG_004,76
CCTGGTCCGGATATGCCTCG_005,32
CCTGGTCCGGATATGCCTCG_006,179
CCTGGTCCGGATATGCCTCG_007,166
CCTGGTCCGGATATGCCTCG_008,68
CCTGGTCCGGATATGCCTCG_009,168
GTGCTGAAGGAGGACGCTCG_001,57
GTGCTGAAGGAGGACGCTCG_002,188
GTGCTGAAGGAGGACGCTCG_003,138
GTGCTGAAGGAGGACGCTCG_004,118
GTGCTGAAGGAGGACGCTCG_005,81
GTGCTGAAGGAGGACGCTCG_006,46
GTGCTGAAGGAGGACGCTCG_007,88
GTGCTGAAGGAGGACGCTCG_008,157
GTGCTGAAGGAGGACGCTCG_009,197
GTGCTGAAGGAGGACGCTCG_010,197
GTGCTGAAGGAGGACGCTCG_011,182
GTGCTGAAGGAGGACGCTCG_012,187
GTGCTGAAGGAGGACGCTCG_013,162
GTGCTGAAGGAGGACGCTCG_014,24
GTGCTGAAGGAGGACGCTCG_015,81
GTGCTGAAGGAGGACGCTCG_016,177
GTGCTGAAGGAGGACGCTCG_017,15
GTGCTGAAGGAGGACGCTCG_018,165
GTGCTGAAGGAGGACGCTCG_019,4
GTGCTGAAGGAGGACGCTCG_020,83
GTGCTGAAGGAGGACGCTCG_021,147
AGCCGTGTACAACGCGAGGT_001,69
AGCCGTGTACAACGCGAGGT_002,184
AGCCGTGTACAACGCGAGGT_003,78
AGCCGTGTACAACGCGAGGT_004,113
GCAAAAGCTGCGTGTCTGCG_001,133
GCAAAAGCTGCGTGTCTGCG_002,113
GCAAAAGCTGCGTGTCTGCG_003,94
GCAAAAGCTGCGTGTCTGCG_004,132
GCAAAAGCTGCGTGTCTGCG_005,141
GCAAAAGCTGCGTGTCTGCG_006,59
GCAAAAGCTGCGTGTCTGCG_007,198
GCAAAAGCTGCGTGTCTGCG_008,1
GCAAAAGCTGCGTGTCTGCG_009,145
GCAAAAGCTGCGTGTCTGCG_010,17
ACAGAGGAATACCTTGTGGG_001,118
TGATGAGAGTAACAGCCCGA_001,149
TGATGAGAGTAACAGCCCGA_002,118
TGATGAGAGTAACAGCCCGA_003,169
AAAACAGGACGATGTGCGGC_001,94
AAAACAGGACGATGTGCGGC_002,65
AAAACAGGACGATGTGCGGC_003,106
AAAACAGGACGATGTGCGGC_004,18
AAAACAGGACGATGTGCGGC_005,188
AAAACAGGACGATGTGCGGC_006,81
AAAACAGGACGATGTGCGGC_007,12
AAAACAGGACGATGTGCGGC_008,112
AAAACAGGACGATGTGCGGC_009,44
AAAACAGGACGATGTGCGGC_010,191
AAAACAGGACGATGTGCGGC_011,61
AAAACAGGACGATGTGCGGC_012,85
AAAACAGGACGATGTGCGGC_013,120
AAAACAGGACGATGTGCGGC_014,181
AAAACAGGACGATGTGCGGC_015,29
AAAACAGGACGATGTGCGGC_016,58
AAAACAGGACGATGTGCGGC_017,191
AAAACAGGACGATGTGCGGC_018,152
AAAACAGGACGATGTGCGGC_019,86
AAAACAGGACGATGTGCGGC_020,143
AAAACAGGACGATGTGCGGC_021,143
AAAACAGGACGATGTGCGGC_022,116
AAAACAGGACGATGTGCGGC_023,88
AAAACAGGACGATGTGCGGC_024,169
AAAACAGGACGATGTGCGGC_025,18
AAAACAGGACGATGTGCGGC_026,19
AAAACAGGACGATGTGCGGC_027,105
AAAACAGGACGATGTGCGGC_028,11
AAAACAGGACGATGTGCGGC_029,130
AAAACAGGACGATGTGCGGC_030,171
AAAACAGGACGATGTGCGGC_031,84
AAAACAGGACGATGTGCGGC_032,40
AAAACAGGACGATGTGCGGC_033,77
AAAACAGGACGATGTGCGGC_034,170
AAAACAGGACGATGTGCGGC_035,40
AAAACAGGACGATGTGCGGC_036,199
AAAACAGGACGATGTGCGGC_037,151
AAAACAGGACGATGTGCGGC_038,27
TGGGGACTCCATAAGTGCAG_001,157
TGGGGACTCCATAAGTGCAG_002,27
TGGGGACTCCATAAGTGCAG_003,128
TGGGGACTCCATAAGTGCAG_004,82
TGGGGACTCCATAAGTGCAG_005,121
TGGGGACTCCATAAGTGCAG_006,23
TGGGGACTCCATAAGTGCAG_007,102
TGGGGACTCCATAAGTGCAG_008,1
TGGGGACTCCATAAGTGCAG_009,52
TGGGGACTCCATAAGTGCAG_010,13
TGGGGACTCCATAAGTGCAG_011,108
TGGGGACTCCATAAGTGCAG_012,36
TGGGGACTCCATAAGTGCAG_013,13
TGGGGACTCCATAAGTGCAG_014,121
TGGGGACTCCATAAGTGCAG_015,107
TGGGGACTCCATAAGTGCAG_016,191
TGGGGACTCCATAAGTGCAG_017,147
TGGGGACTCCATAAGTGCAG_018,11
TGGGGACTCCATAAGTGCAG_019,48
TGGGGACTCCATAAGTGCAG_020,88
TGGGGACTCCATAAGTGCAG_021,159
TGGGGACTCCATAAGTGCAG_022,159
TGGGGACTCCATAAGTGCAG_023,48
TGGGGACTCCATAAGTGCAG_024,144
TCTGCACTGTAGCATCCTCA_001,8
TCTGCACTGTAGCATCCTCA_002,43
TCTGCACTGTAGCATCCTCA_003,163
TCTGCACTGTAGCATCCTCA_004,139
TCTGCACTGTAGCATCCTCA_005,44
TCTGCACTGTAGCATCCTCA_006,137
TCTGCACTGTAGCATCCTCA_007,56
TCTGCACTGTAGCATCCTCA_008,108
TCTGCACTGTAGCATCCTCA_009,161
TGTAACAGCACTGCTCCAAG_001,40
TGTAACAGCACTGCTCCAAG_002,86
TGTAACAGCACTGCTCCAAG_003,150
TGTAACAGCACTGCTCCAAG_004,157
CAAATCTATGTTACGACCAG_001,65
CAAATCTATGTTACGACCAG_002,134
CAAATCTATGTTACGACCAG_003,53
CAAATCTATGTTACGACCAG_004,193
CAAATCTATGTTACGACCAG_005,79
CAAATCTATGTTACGACCAG_006,19
ATCCAGACCTATCTCGACGT_001,51
TGAGCTGGTGGTCTTTATTG_001,20
TGAGCTGGTGGTCTTTATTG_002,105
TGAGCTGGTGGTCTTTATTG_003,13
TGAGCTGGTGGTCTTTATTG_004,16
TGAGCTGGTGGTCTTTATTG_005,170
TGAGCTGGTGGTCTTTATTG_006,62
GTCTTCAAACAAGAGCCTGG_001,145
GTCTTCAAACAAGAGCCTGG_002,127
GTCTTCAAACAAGAGCCTGG_003,102
GTCTTCAAACAAGAGCCTGG_004,58
GTCTTCAAACAAGAGCCTGG_005,184
GTCTTCAAACAAGAGCCTGG_006,78
GTCTTCAAACAAGAGCCTGG_007,15
GTCTTCAAACAAGAGCCTGG_008,170
GTCTTCAAACAAGAGCCTGG_009,106
GTCTTCAAACAAGAGCCTGG_010,42
GTCTTCAAACAAGAGCCTGG_011,15
GTCTTCAAACAAGAGCCTGG_012,121
GTCTTCAAACAAGAGCCTGG_013,185
GTCTTCAAACAAGAGCCTGG_014,96
GTCTTCAAACAAGAGCCTGG_015,163
CTCACACCTACCGAGGCGCA_001,115
CTCACACCTACCGAGGCGCA_002,149
CTCACACCTACCGAGGCGCA_003,127
CTCACACCTACCGAGGCGCA_004,132
CTCACACCTACCGAGGCGCA_005,112
CTCACACCTACCGAGGCGCA_006,33
CTCACACCTACCGAGGCGCA_007,128
CTCACACCTACCGAGGCGCA_008,176
CTCACACCTACCGAGGCGCA_009,9
CTCACACCTACCGAGGCGCA_010,91
CTCACACCTACCGAGGCGCA_011,115
CTCACACCTACCGAGGCGCA_012,52
GTGGGAAAGATTGTATGTTG_001,81
GTGGGAAAGATTGTATGTTG_002,19
GTGGGAAAGATTGTATGTTG_003,193
GTGGGAAAGATTGTATGTTG_004,199
GTGGGAAAGATTGTATGTTG_005,87
AGGAGAGTTTAGAATAACGC_001,74
AGGAGAGTTTAGAATAACGC_002,126
AGGAGAGTTTAGAATAACGC_003,154
AGGAGAGTTTAGAATAACGC_004,158
AGGAGAGTTTAGAATAACGC_005,180
AGGAGAGTTTAGAATAACGC_006,116
AGGAGAGTTTAGAATAACGC_007,78
AGGAGAGTTTAGAATAACGC_008,148
CGGACGTGGCTTGGCGTGTG_001,93
CGGACGTGGCTTGGCGTGTG_002,86
CGGACGTGGCTTGGCGTGTG_003,115
CGGACGTGGCTTGGCGTGTG_004,148
CGGACGTGGCTTGGCGTGTG_005,50
CGGACGTGGCTTGGCGTGTG_006,27
CGGACGTGGCTTGGCGTGTG_007,88
CGGACGTGGCTTGGCGTGTG_008,81
CGGACGTGGCTTGGCGTGTG_009,35
CGGACGTGGCTTGGCGTGTG_010,81
CGGACGTGGCTTGGCGTGTG_011,145
CGGACGTGGCTTGGCGTGTG_012,9
CGGACGTGGCTTGGCGTGTG_013,2
CGGACGTGGCTTGGCGTGTG_014,137
CGGACGTGGCTTGGCGTGTG_015,97
CGGACGTGGCTTGGCGTGTG_016,56
CGGACGTGGCTTGGCGTGTG_017,168
CGGACGTGGCTTGGCGTGTG_018,106
CGGACGTGGCTTGGCGTGTG_019,173
CGGACGTGGCTTGGCGTGTG_020,179
CGTAGCATTCGAGTGCCTCG_001,22
CTCACCAGGGACTTCAGCCA_001,127
CTCACCAGGGACTTCAGCCA_002,66
CTCACCAGGGACTTCAGCCA_003,190
CTCACCAGGGACTTCAGCCA_004,189
CTCACCAGGGACTTCAGCCA_005,49
CTCACCAGGGACTTCAGCCA_006,103
CTCACCAGGGACTTCAGCCA_007,170
CTCACCAGGGACTTCAGCCA_008,185
CTCACCAGGGACTTCAGCCA_009,191
CTCACCAGGGACTTCAGCCA_010,199
CTCACCAGGGACTTCAGCCA_011,183
CTCACCAGGGACTTCAGCCA_012,156
CTCACCAGGGACTTCAGCCA_013,183
CTCACCAGGGACTTCAGCCA_014,89
CTCACCAGGGACTTCAGCCA_015,91
CTCACCAGGGACTTCAGCCA_016,10
CTCACCAGGGACTTCAGCCA_017,66
AAGTACACATCCTGTATGTG_001,73
AAGTACACATCCTGTATGTG_002,190
AAGTACACATCCTGTATGTG_003,176
AAGTACACATCCTGTATGTG_004,21
AAGTACACATCCTGTATGTG_005,103
AAGTACACATCCTGTATGTG_006,86
AAGTACACATCCTGTATGTG_007,145
AAGTACACATCCTGTATGTG_008,151
GTCTAAGAACAGGATCATCG_001,184
GTCTAAGAACAGGATCATCG_002,144
GTCTAAGAACAGGATCATCG_003,83
GTCTAAGAACAGGATCATCG_004,119
GTCTAAGAACAGGATCATCG_005,72
GTCTAAGAACAGGATCATCG_006,155
GTCTAAGAACAGGATCATCG_007,121
GTCTAAGAACAGGATCATCG_008,56
GTCTAAGAACAGGATCATCG_009,19
GTCTAAGAACAGGATCATCG_010,98
GTCTAAGAACAGGATCATCG_011,42
GTCTAAGAACAGGATCATCG_012,28
AAACCGTTCTGTGAACAATG_001,198
AAACCGTTCTGTGAACAATG_002,116
AAACCGTTCTGTGAACAATG_003,78
AAACCGTTCTGTGAACAATG_004,174
AAACCGTTCTGTGAACAATG_005,21
AAACCGTTCTGTGAACAATG_006,58
AAACCGTTCTGTGAACAATG_007,177
AAACCGTTCTGTGAACAATG_008,118
GTTACGTACCCTCCAACTTC_001,157
GTTACGTACCCTCCAACTTC_002,47
GTTACGTACCCTCCAACTTC_003,47
GTTACGTACCCTCCAACTTC_004,16
GTTACGTACCCTCCAACTTC_005,17
GTTACGTACCCTCCAACTTC_006,103
GTTACGTACCCTCCAACTTC_007,15
GTTACGTACCCTCCAACTTC_008,137
GTTACGTACCCTCCAACTTC_009,132
GTTACGTACCCTCCAACTTC_010,174
GTTACGTACCCTCCAACTTC_011,147
GTTACGTACCCTCCAACTTC_012,45
GTTACGTACCCTCCAACTTC_013,168
GTTACGTACCCTCCAACTTC_014,98
TGAGGTCCGAGGCTCCGGCG_001,151
TGAGGTCCGAGGCTCCGGCG_002,60
TGAGGTCCGAGGCTCCGGCG_003,15
TGAGGTCCGAGGCTCCGGCG_004,44
TGAGGTCCGAGGCTCCGGCG_005,137
TGAGGTCCGAGGCTCCGGCG_006,107
TGAGGTCCGAGGCTCCGGCG_007,98
TGAGGTCCGAGGCTCCGGCG_008,84
TGAGGTCCGAGGCTCCGGCG_009,168
TGAGGTCCGAGGCTCCGGCG_010,49
TGAGGTCCGAGGCTCCGGCG_011,184
TGAGGTCCGAGGCTCCGGCG_012,166
TGAGGTCCGAGGCTCCGGCG_013,18
TGAGGTCCGAGGCTCCGGCG_014,116
GGTGATAAGTAACCAGCCAC_001,184
AGGTCACTAAACTTGTATTG_001,48
AGGTCACTAAACTTGTATTG_002,30
AGGTCACTAAACTTGTATTG_003,158
AGGTCACTAAACTTGTATTG_004,82
AGGTCACTAAACTTGTATTG_005,111
AGGTCACTAAACTTGTATTG_006,9
CTCACCTACGATGATACCAC_001,185
GCTCGTACACCTTCTAGCCG_001,116
GCTCGTACACCTTCTAGCCG_002,188
GCTCGTACACCTTCTAGCCG_003,174
GCTCGTACACCTTCTAGCCG_004,119
GCTCGTACACCTTCTAGCCG_005,9
GCTCGTACACCTTCTAGCCG_006,136
CAAAATCGAGAATCATGAGG_001,177
CAAAATCGAGAATCATGAGG_002,163
TCCGCCATCGCCTTCGCCAG_001,163
TCCGCCATCGCCTTCGCCAG_002,24
TCCGCCATCGCCTTCGCCAG_003,71
TCCGCCATCGCCTTCGCCAG_004,19
TCCGCCATCGCCTTCGCCAG_005,169
TCCGCCATCGCCTTCGCCAG_006,83
TCCGCCATCGCCTTCGCCAG_007,160
TCCGCCATCGCCTTCGCCAG_008,161
TCCGCCATCGCCTTCGCCAG_009,105
TCCGCCATCGCCTTCGCCAG_010,157
TCCGCCATCGCCTTCGCCAG_011,41
TCCGCCATCGCCTTCGCCAG_012,199
TCCGCCATCGCCTTCGCCAG_013,62
TCCGCCATCGCCTTCGCCAG_014,175
TCCGCCATCGCCTTCGCCAG_015,63
TCCGCCATCGCCTTCGCCAG_016,151
TCCGCCATCGCCTTCGCCAG_017,175
TCCGCCATCGCCTTCGCCAG_018,34
TCCGCCATCGCCTTCGCCAG_019,40
AAAAAGAAGCGGGAGAATCT_001,83
TCTTCCTAAAGGAGAACGCG_001,15
TCTTCCTAAAGGAGAACGCG_002,104
TCTTCCTAAAGGAGAACGCG_003,106
TCTTCCTAAAGGAGAACGCG_004,179
TCTTCCTAAAGGAGAACGCG_005,135
TCTTCCTAAAGGAGAACGCG_006,93
TCTTCCTAAAGGAGAACGCG_007,83
TCTTCCTAAAGGAGAACGCG_008,82
TCTTCCTAAAGGAGAACGCG_009,166
TCTTCCTAAAGGAGAACGCG_010,176
TCTTCCTAAAGGAGAACGCG_011,131
TCTTCCTAAAGGAGAACGCG_012,60
AGTTATTGACACTCAACAGA_001,44
AGTTATTGACACTCAACAGA_002,33
AGTTATTGACACTCAACAGA_003,35
AGTTATTGACACTCAACAGA_004,103
AATATGCTACACTGCAGTGG_001,29
ATACTATGCCCGCCTCTTCA_001,0
ATACTATGCCCGCCTCTTCA_002,152
ATACTATGCCCGCCTCTTCA_003,67
ATACTATGCCCGCCTCTTCA_004,187
ATACTATGCCCGCCTCTTCA_005,171
ATACTATGCCCGCCTCTTCA_006,35
ATACTATGCCCGCCTCTTCA_007,68
ATACTATGCCCGCCTCTTCA_008,197
ATACTATGCCCGCCTCTTCA_009,52
ATACTATGCCCGCCTCTTCA_010,141
ATACTATGCCCGCCTCTTCA_011,70
ATACTATGCCCGCCTCTTCA_012,138
GCGCCTCTGCGGTCTAGGTG_001,78
GCGCCTCTGCGGTCTAGGTG_002,56
GCGCCTCTGCGGTCTAGGTG_003,139
GCGCCTCTGCGGTCTAGGTG_004,150
GCGCCTCTGCGGTCTAGGTG_005,171
GCGCCTCTGCGGTCTAGGTG_006,73
GCGCCTCTGCGGTCTAGGTG_007,107
GCGCCTCTGCGGTCTAGGTG_008,181
GCGCCTCTGCGGTCTAGGTG_009,53
GCGCCTCTGCGGTCTAGGTG_010,149
GCGCCTCTGCGGTCTAGGTG_011,174
GCGCCTCTGCGGTCTAGGTG_012,42
GCGCCTCTGCGGTCTAGGTG_013,189
GCGCCTCTGCGGTCTAGGTG_014,172
GCGCCTCTGCGGTCTAGGTG_015,122
GCGCCTCTGCGGTCTAGGTG_016,115
GCGCCTCTGCGGTCTAGGTG_017,170
GCGCCTCTGCGGTCTAGGTG_018,37
GCGCCTCTGCGGTCTAGGTG_019,59
GCGCCTCTGCGGTCTAGGTG_020,75
GCGCCTCTGCGGTCTAGGTG_021,185
GCGCCTCTGCGGTCTAGGTG_022,127
GCGCCTCTGCGGTCTAGGTG_023,182
GCGCCTCTGCGGTCTAGGTG_024,199
GCGCCTCTGCGGTCTAGGTG_025,65
GCGCCTCTGCGGTCTAGGTG_026,43
GCGCCTCTGCGGTCTAGGTG_027,105
GCGCCTCTGCGGTCTAGGTG_028,87
GCGCCTCTGCGGTCTAGGTG_029,122
GCGCCTCTGCGGTCTAGGTG_030,193
GCGCCTCTGCGGTCTAGGTG_031,45
GCGCCTCTGCGGTCTAGGTG_032,32
GCGCCTCTGCGGTCTAGGTG_033,56
GCGCCTCTGCGGTCTAGGTG_034,150
GCGCCTCTGCGGTCTAGGTG_035,88
GCGCCTCTGCGGTCTAGGTG_036,39
GCGCCTCTGCGGTCTAGGTG_037,126
GTGTTGCTGATAATTCCGGG_001,57
GTGTTGCTGATAATTCCGGG_002,62
AAGGATTCGCCCGTGTACCC_001,172
CTTACTTAAAACGGTGAGCT_001,0
CTTACTTAAAACGGTGAGCT_002,188
CTTACTTAAAACGGTGAGCT_003,49
CTTACTTAAAACGGTGAGCT_004,187
CTTACTTAAAACGGTGAGCT_005,121
CTTACTTAAAACGGTGAGCT_006,170
CTTACTTAAAACGGTGAGCT_007,139
AATCATCCTTTATCAAGCTG_001,102
AATCATCCTTTATCAAGCTG_002,192
AATCATCCTTTATCAAGCTG_003,77
AATCATCCTTTATCAAGCTG_004,48
AATCATCCTTTATCAAGCTG_005,82
AATCATCCTTTATCAAGCTG_006,75
AGATGAAGCTGATCTGATTG_001,37
AGATGAAGCTGATCTGATTG_002,182
AGATGAAGCTGATCTGATTG_003,140
AAACTTACCGAATCTTCAGG_001,112
AAACTTACCGAATCTTCAGG_002,77
AAACTTACCGAATCTTCAGG_003,106
AAACTTACCGAATCTTCAGG_004,168
AAACTTACCGAATCTTCAGG_005,130
AAACTTACCGAATCTTCAGG_006,70
AAACTTACCGAATCTTCAGG_007,16
AAACTTACCGAATCTTCAGG_008,61
ACCTTGTAAACTCCTCACGA_001,15
ACCTTGTAAACTCCTCACGA_002,158
ACCTTGTAAACTCCTCACGA_003,193
ACCTTGTAAACTCCTCACGA_004,31
ACCTTGTAAACTCCTCACGA_005,85
ACCTTGTAAACTCCTCACGA_006,12
ACCTTGTAAACTCCTCACGA_007,18
ACCTTGTAAACTCCTCACGA_008,133
ACCTTGTAAACTCCTCACGA_009,9
ACCTTGTAAACTCCTCACGA_010,9
ACCTTGTAAACTCCTCACGA_011,68
ACCTTGTAAACTCCTCACGA_012,140
ACCTTGTAAACTCCTCACGA_013,147
ACCTTGTAAACTCCTCACGA_014,16
ACGATAAAAGCCATGTTGAG_001,61
CACCTGCATCCGTTCCTCGG_001,57
CACCTGCATCCGTTCCTCGG_002,147
CGGAGGAAGGCCACATCTAG_001,9
CGGAGGAAGGCCACATCTAG_002,14
CGGAGGAAGGCCACATCTAG_003,0
CGGAGGAAGGCCACATCTAG_004,65
CGGAGGAAGGCCACATCTAG_005,199
CGGAGGAAGGCCACATCTAG_006,17
CGGAGGAAGGCCACATCTAG_007,145
CGGAGGAAGGCCACATCTAG_008,141
CGGAGGAAGGCCACATCTAG_009,11
CGGAGGAAGGCCACATCTAG_010,120
CGGAGGAAGGCCACATCTAG_011,90
CGGAGGAAGGCCACATCTAG_012,148
CGGAGGAAGGCCACATCTAG_013,10
CGGAGGAAGGCCACATCTAG_014,138
CGGAGGAAGGCCACATCTAG_015,19
CGGAGGAAGGCCACATCTAG_016,187
CGGAGGAAGGCCACATCTAG_017,4
CGGAGGAAGGCCACATCTAG_018,188
GGGCACGGCTCGACGTCGAG_001,50
GGGCACGGCTCGACGTCGAG_002,72
GGGCACGGCTCGACGTCGAG_003,51
GGGCACGGCTCGACGTCGAG_004,49
GGGCACGGCTCGACGTCGAG_005,2
GGGCACGGCTCGACGTCGAG_006,4
GGGCACGGCTCGACGTCGAG_007,170
GGGCACGGCTCGACGTCGAG_008,16
GGGCACGGCTCGACGTCGAG_009,5
GGGCACGGCTCGACGTCGAG_010,26
GGGCACGGCTCGACGTCGAG_011,66
AGGAACAACTTGTGTTACCG_001,74
AGGAACAACTTGTGTTACCG_002,22
AGGAACAACTTGTGTTACCG_003,119
AGGAACAACTTGTGTTACCG_004,38
AGGAACAACTTGTGTTACCG_005,149
AGGAACAACTTGTGTTACCG_006,129
AGGAACAACTTGTGTTACCG_007,171
AGGAACAACTTGTGTTACCG_008,140
CTGGCATGGCATCCTACTTG_001,15
CTGGCATGGCATCCTACTTG_002,93
CTGGCATGGCATCCTACTTG_003,170
GCTGACCACCTCTTCAGACT_001,38
GCTGACCACCTCTTCAGACT_002,197
GCTGACCACCTCTTCAGACT_003,95
GCTGACCACCTCTTCAGACT_004,120
GCTGACCACCTCTTCAGACT_005,34
GCTGACCACCTCTTCAGACT_006,18
GGCTACAAGGAGATCCGGAA_001,82
GGCTACAAGGAGATCCGGAA_002,34
GGCTACAAGGAGATCCGGAA_003,137
GGCTACAAGGAGATCCGGAA_004,106
GGCTACAAGGAGATCCGGAA_005,19
GGCTACAAGGAGATCCGGAA_006,82
CAGCACTGTTTGGTCAACGC_001,94
CAGCACTGTTTGGTCAACGC_002,105
CAGCACTGTTTGGTCAACGC_003,109
CAGCACTGTTTGGTCAACGC_004,106
CAGCACTGTTTGGTCAACGC_005,60
CAGCACTGTTTGGTCAACGC_006,140
CAGCACTGTTTGGTCAACGC_007,68
CAGCACTGTTTGGTCAACGC_008,103
CAGCACTGTTTGGTCAACGC_009,61
CAGCACTGTTTGGTCAACGC_010,81
CAGCACTGTTTGGTCAACGC_011,81
CAGCACTGTTTGGTCAACGC_012,89
CCGTGCCGTGAGTCCGATGT_001,149
CCGTGCCGTGAGTCCGATGT_002,58
CCGTGCCGTGAGTCCGATGT_003,78
CCGTGCCGTGAGTCCGATGT_004,29
CCGTGCCGTGAGTCCGATGT_005,198
CCGTGCCGTGAGTCCGATGT_006,80
CCGTGCCGTGAGTCCGATGT_007,36
CCGTGCCGTGAGTCCGATGT_008,29
CCGTGCCGTGAGTCCGATGT_009,28
CCGTGCCGTGAGTCCGATGT_010,92
CCGTGCCGTGAGTCCGATGT_011,176
CCGTGCCGTGAGTCCGATGT_012,168
CCGTGCCGTGAGTCCGATGT_013,47
CCGTGCCGTGAGTCCGATGT_014,108
CCGTGCCGTGAGTCCGATGT_015,95
CCGTGCCGTGAGTCCGATGT_016,15
CCGTGCCGTGAGTCCGATGT_017,126
CCGTGCCGTGAGTCCGATGT_018,125
CCGTGCCGTGAGTCCGATGT_019,1
CCGTGCCGTGAGTCCGATGT_020,35
CCGTGCCGTGAGTCCGATGT_021,37
CCGTGCCGTGAGTCCGATGT_022,155
CCGTGCCGTGAGTCCGATGT_023,186
CCGTGCCGTGAGTCCGATGT_024,136
TCCAGCGCAGTGGACTTCAC_001,137
TCCAGCGCAGTGGACTTCAC_002,162
TCCAGCGCAGTGGACTTCAC_003,119
TCCAGCGCAGTGGACTTCAC_004,72
TCCAGCGCAGTGGACTTCAC_005,147
TCCAGCGCAGTGGACTTCAC_006,29
TCCAGCGCAGTGGACTTCAC_007,29
TCCAGCGCAGTGGACTTCAC_008,162
TCCAGCGCAGTGGACTTCAC_009,119
TCCAGCGCAGTGGACTTCAC_010,154
TCCAGCGCAGTGGACTTCAC_011,145
TCCAGCGCAGTGGACTTCAC_012,98
TCCAGCGCAGTGGACTTCAC_013,83
TCCAGCGCAGTGGACTTCAC_014,23
TCCAGCGCAGTGGACTTCAC_015,23
TCCAGCGCAGTGGACTTCAC_016,108
TGCACATGATCAGTAGCGGG_001,141
TGCACATGATCAGTAGCGGG_002,44
TGCACATGATCAGTAGCGGG_003,117
TGCACATGATCAGTAGCGGG_004,188
TGCACATGATCAGTAGCGGG_005,29
TGCACATGATCAGTAGCGGG_006,176
TGCACATGATCAGTAGCGGG_007,119
TGCACATGATCAGTAGCGGG_008,31
TGCACATGATCAGTAGCGGG_009,146
TGCACATGATCAGTAGCGGG_010,9
TGCACATGATCAGTAGCGGG_011,198
TGCACATGATCAGTAGCGGG_012,17
TGCACATGATCAGTAGCGGG_013,5
TGCACATGATCAGTAGCGGG_014,184
TGCACATGATCAGTAGCGGG_015,165
TGCACATGATCAGTAGCGGG_016,175
TGCACATGATCAGTAGCGGG_017,1
TGCACATGATCAGTAGCGGG_018,78
TGCACATGATCAGTAGCGGG_019,130
TGCACATGATCAGTAGCGGG_020,49
TTCCGGGATATCAGAGCTTG_001,6
TTCCGGGATATCAGAGCTTG_002,8
TTCCGGGATATCAGAGCTTG_003,76
TTTCAGAATCCTCCTAACTG_001,52
TTTCAGAATCCTCCTAACTG_002,23
TTTCAGAATCCTCCTAACTG_003,84
TTTCAGAATCCTCCTAACTG_004,199
TTTCAGAATCCTCCTAACTG_005,169
TTTCAGAATCCTCCTAACTG_006,7
TTTCAGAATCCTCCTAACTG_007,95
TTTCAGAATCCTCCTAACTG_008,170
TTTCAGAATCCTCCTAACTG_009,166
TTTCAGAATCCTCCTAACTG_010,115
AAGTACAGATGGTTGCGCCG_001,15
AAGTACAGATGGTTGCGCCG_002,169
AAGTACAGATGGTTGCGCCG_003,55
AAGTACAGATGGTTGCGCCG_004,169
AAGTACAGATGGTTGCGCCG_005,168
AAGTACAGATGGTTGCGCCG_006,156
AAGTACAGATGGTTGCGCCG_007,28
AAGTACAGATGGTTGCGCCG_008,21
AAGTACAGATGGTTGCGCCG_009,127
AAGTACAGATGGTTGCGCCG_010,1
AAGTACAGATGGTTGCGCCG_011,155
AAGTACAGATGGTTGCGCCG_012,19
AAGTACAGATGGTTGCGCCG_013,184
AAGTACAGATGGTTGCGCCG_014,70
GTCATTGCCCTGGACGCGTA_001,166
GTCATTGCCCTGGACGCGTA_002,92
GTCATTGCCCTGGACGCGTA_003,116
GTCATTGCCCTGGACGCGTA_004,157
GTCATTGCCCTGGACGCGTA_005,22
GTCATTGCCCTGGACGCGTA_006,99
AGTGAGATAGGTGTTATGCG_001,41
AGTGAGATAGGTGTTATGCG_002,191
AGTGAGATAGGTGTTATGCG_003,78
AGTGAGATAGGTGTTATGCG_004,53
TTTATCAACAAATCAAGACT_001,88
TTTATCAACAAATCAAGACT_002,17
TTTATCAACAAATCAAGACT_003,166
TTTATCAACAAATCAAGACT_004,5
TTTATCAACAAATCAAGACT_005,11
TTTATCAACAAATCAAGACT_006,127
TTTATCAACAAATCAAGACT_007,9
CGAAGTATACCTGACTCAGT_001,78
CGAAGTATACCTGACTCAGT_002,184
CGAAGTATACCTGACTCAGT_003,115
CGAAGTATACCTGACTCAGT_004,120
CGAAGTATACCTGACTCAGT_005,138
CAGGACATCAACAATGCCTG_001,17
CAGGACATCAACAATGCCTG_002,28
CAGGACATCAACAATGCCTG_003,149
CAGGACATCAACAATGCCTG_004,46
CAGGACATCAACAATGCCTG_005,62
CAGGACATCAACAATGCCTG_006,127
CAGGACATCAACAATGCCTG_007,76
CAGGACATCAACAATGCCTG_008,126
CAGGACATCAACAATGCCTG_009,10
CAGGACATCAACAATGCCTG_010,80
CAGGACATCAACAATGCCTG_011,83
CAGGACATCAACAATGCCTG_012,170
ACAGAGGGTGGCTTCCTATG_001,149
GCGGCATCTAGAGAATGGAG_001,25
GCGGCATCTAGAGAATGGAG_002,173
GCGGCATCTAGAGAATGGAG_003,29
GCGGCATCTAGAGAATGGAG_004,92
ACATGCTGGAGAACAGACCG_001,77
ACATGCTGGAGAACAGACCG_002,1
ACATGCTGGAGAACAGACCG_003,106
ACATGCTGGAGAACAGACCG_004,89
ACATGCTGGAGAACAGACCG_005,175
ACATGCTGGAGAACAGACCG_006,48
ACATGCTGGAGAACAGACCG_007,45
ACATGCTGGAGAACAGACCG_008,142
ACATGCTGGAGAACAGACCG_009,34
ACATGCTGGAGAACAGACCG_010,0
ACATGCTGGAGAACAGACCG_011,183
ACATGCTGGAGAACAGACCG_012,149
ACATGCTGGAGAACAGACCG_013,158
ACATGCTGGAGAACAGACCG_014,148
ACATGCTGGAGAACAGACCG_015,11
ACATGCTGGAGAACAGACCG_016,78
ACATGCTGGAGAACAGACCG_017,77
ACATGCTGGAGAACAGACCG_018,142
ACATGCTGGAGAACAGACCG_019,46
ACATGCTGGAGAACAGACCG_020,198
ACATGCTGGAGAACAGACCG_021,126
ACATGCTGGAGAACAGACCG_022,98
ACATGCTGGAGAACAGACCG_023,47
ACATGCTGGAGAACAGACCG_024,6
ACATGCTGGAGAACAGACCG_025,69
ACATGCTGGAGAACAGACCG_026,34
ACATGCTGGAGAACAGACCG_027,88
ACATGCTGGAGAACAGACCG_028,165
ACATGCTGGAGAACAGACCG_029,37
ACATGCTGGAGAACAGACCG_030,137
ACATGCTGGAGAACAGACCG_031,168
ACATGCTGGAGAACAGACCG_032,15
ACATGCTGGAGAACAGACCG_033,150
ACATGCTGGAGAACAGACCG_034,50
ACATGCTGGAGAACAGACCG_035,107
ACATGCTGGAGAACAGACCG_036,91
ACATGCTGGAGAACAGACCG_037,150
ACATGCTGGAGAACAGACCG_038,82
ACATGCTGGAGAACAGACCG_039,172
ACATGCTGGAGAACAGACCG_040,62
ACATGCTGGAGAACAGACCG_041,50
AAGAGCCCAGGGATAGCTCA_001,15
AAGAGCCCAGGGATAGCTCA_002,189
AAGAGCCCAGGGATAGCTCA_003,82
AAGAGCCCAGGGATAGCTCA_004,191
AAGAGCCCAGGGATAGCTCA_005,154
ACTTGGGAGGACATTTGGGA_001,153
ACTTGGGAGGACATTTGGGA_002,150
ACTTGGGAGGACATTTGGGA_003,198
ACTTGGGAGGACATTTGGGA_004,169
ACTTGGGAGGACATTTGGGA_005,133
AATCGGTCCGCAAGGCGCAG_001,121
AATCGGTCCGCAAGGCGCAG_002,82
AATCGGTCCGCAAGGCGCAG_003,145
AATCGGTCCGCAAGGCGCAG_004,1
AATCGGTCCGCAAGGCGCAG_005,4
AATCGGTCCGCAAGGCGCAG_006,145
AATCGGTCCGCAAGGCGCAG_007,103
AATCGGTCCGCAAGGCGCAG_008,83
AATCGGTCCGCAAGGCGCAG_009,81
AATCGGTCCGCAAGGCGCAG_010,13
AATCGGTCCGCAAGGCGCAG_011,5
AATCGGTCCGCAAGGCGCAG_012,30
AATCGGTCCGCAAGGCGCAG_013,140
AATCGGTCCGCAAGGCGCAG_014,171
AATCGGTCCGCAAGGCGCAG_015,112
AATCGGTCCGCAAGGCGCAG_016,123
AATCGGTCCGCAAGGCGCAG_017,58
AATCGGTCCGCAAGGCGCAG_018,91
TCACCAGCACTGACCACGGG_001,150
TCACCAGCACTGACCACGGG_002,150
TCACCAGCACTGACCACGGG_003,149
TCACCAGCACTGACCACGGG_004,146
TCACCAGCACTGACCACGGG_005,51
TCACCAGCACTGACCACGGG_006,162
TCACCAGCACTGACCACGGG_007,41
TCACCAGCACTGACCACGGG_008,190
TCACCAGCACTGACCACGGG_009,126
TCACCAGCACTGACCACGGG_010,9
TCACCAGCACTGACCACGGG_011,108
TCACCAGCACTGACCACGGG_012,100
TCACCAGCACTGACCACGGG_013,113
TCACCAGCACTGACCACGGG_014,96
TCACCAGCACTGACCACGGG_015,149
TCACCAGCACTGACCACGGG_016,105
TCACCAGCACTGACCACGGG_017,94
TCACCAGCACTGACCACGGG_018,116
TCACCAGCACTGACCACGGG_019,56
TCACCAGCACTGACCACGGG_020,96
TCACCAGCACTGACCACGGG_021,57
TCACCAGCACTGACCACGGG_022,38
TCACCAGCACTGACCACGGG_023,94
TCACCAGCACTGACCACGGG_024,136
AGAACATGGACAGTGGACCC_001,191
AGAACATGGACAGTGGACCC_002,134
AGAACATGGACAGTGGACCC_003,143
AGAACATGGACAGTGGACCC_004,143
AGAACATGGACAGTGGACCC_005,148
TGAAATCAGAGCTACCTCGG_001,17
TGAAATCAGAGCTACCTCGG_002,52
TGAAATCAGAGCTACCTCGG_003,13
TGAAATCAGAGCTACCTCGG_004,44
TGAAATCAGAGCTACCTCGG_005,124
TGAAATCAGAGCTACCTCGG_006,124
TGAAATCAGAGCTACCTCGG_007,8
TGAAATCAGAGCTACCTCGG_008,13
GCTAATCTTCAGTACACGGA_001,151
GCTAATCTTCAGTACACGGA_002,191
GCTAATCTTCAGTACACGGA_003,93
GCTAATCTTCAGTACACGGA_004,70
GCTAATCTTCAGTACACGGA_005,92
GCTAATCTTCAGTACACGGA_006,197
GCTAATCTTCAGTACACGGA_007,100
GCTAATCTTCAGTACACGGA_008,178
GCTAATCTTCAGTACACGGA_009,150
GCTAATCTTCAGTACACGGA_010,0
GCTAATCTTCAGTACACGGA_011,160
GCTAATCTTCAGTACACGGA_012,158
GCTAATCTTCAGTACACGGA_013,9
GCTAATCTTCAGTACACGGA_014,89
GCTAATCTTCAGTACACGGA_015,59
GCTAATCTTCAGTACACGGA_016,30
GCTAATCTTCAGTACACGGA_017,147
GCTAATCTTCAGTACACGGA_018,81
GCTAATCTTCAGTACACGGA_019,121
GCTAATCTTCAGTACACGGA_020,106
GCTAATCTTCAGTACACGGA_021,46
GCTAATCTTCAGTACACGGA_022,175
GCTAATCTTCAGTACACGGA_023,127
AAAAGTGATGTATGAAAAAG_001,137
AAAAGTGATGTATGAAAAAG_002,148
AAAAGTGATGTATGAAAAAG_003,106
TCACACAGAAGCGAACTCTG_001,63
TCACACAGAAGCGAACTCTG_002,77
TCACACAGAAGCGAACTCTG_003,78
TCACACAGAAGCGAACTCTG_004,4
TCACACAGAAGCGAACTCTG_005,62
TCACACAGAAGCGAACTCTG_006,148
TCACACAGAAGCGAACTCTG_007,105
TCACACAGAAGCGAACTCTG_008,188
TCACACAGAAGCGAACTCTG_009,65
TCACACAGAAGCGAACTCTG_010,8
TCACACAGAAGCGAACTCTG_011,130
TCACACAGAAGCGAACTCTG_012,182
TCACACAGAAGCGAACTCTG_013,107
TCACACAGAAGCGAACTCTG_014,181
TCACACAGAAGCGAACTCTG_015,193
TCACACAGAAGCGAACTCTG_016,168
TCACACAGAAGCGAACTCTG_017,19
TCACACAGAAGCGAACTCTG_018,76
TCACACAGAAGCGAACTCTG_019,97
TCACACAGAAGCGAACTCTG_020,37
TTCTTCGGCCTACACCCGGT_001,15
TTCTTCGGCCTACACCCGGT_002,26
TTCTTCGGCCTACACCCGGT_003,23
TTCTTCGGCCTACACCCGGT_004,37
TTCTTCGGCCTACACCCGGT_005,121
TTCTTCGGCCTACACCCGGT_006,150
TTCTTCGGCCTACACCCGGT_007,174
TTCTTCGGCCTACACCCGGT_008,96
TTCTTCGGCCTACACCCGGT_009,164
TTCTTCGGCCTACACCCGGT_010,102
TTCTTCGGCCTACACCCGGT_011,6
TTCTTCGGCCTACACCCGGT_012,135
TTCTTCGGCCTACACCCGGT_013,106
TTCTTCGGCCTACACCCGGT_014,13
TTCTTCGGCCTACACCCGGT_015,10
TTCTTCGGCCTACACCCGGT_016,80
TTCTTCGGCCTACACCCGGT_017,66
TTCTTCGGCCTACACCCGGT_018,65
GGGGCAGGGCTATGTATACG_001,150
GGGGCAGGGCTATGTATACG_002,94
GGGGCAGGGCTATGTATACG_003,177
GGGGCAGGGCTATGTATACG_004,57
GGGGCAGGGCTATGTATACG_005,38
GGGGCAGGGCTATGTATACG_006,73
GGGGCAGGGCTATGTATACG_007,89
GGGGCAGGGCTATGTATACG_008,72
GAAGGCTGAGTAGTAGACGA_001,28
GAAGGCTGAGTAGTAGACGA_002,139
GAAGGCTGAGTAGTAGACGA_003,96
GAAGGCTGAGTAGTAGACGA_004,105
GAAGGCTGAGTAGTAGACGA_005,69
GAAGGCTGAGTAGTAGACGA_006,22
GAAGGCTGAGTAGTAGACGA_007,5
GAAGGCTGAGTAGTAGACGA_008,72
GAAGGCTGAGTAGTAGACGA_009,108
GAAGGCTGAGTAGTAGACGA_010,68
GAAGGCTGAGTAGTAGACGA_011,26
GAAGGCTGAGTAGTAGACGA_012,177
GAAGGCTGAGTAGTAGACGA_013,144
GCAGGAGGTGAAGACGGGCA_001,17
GCAGGAGGTGAAGACGGGCA_002,108
GCAGGAGGTGAAGACGGGCA_003,116
CGAATTGGAGCTGTTAACTG_001,113
CGAATTGGAGCTGTTAACTG_002,113
CGAATTGGAGCTGTTAACTG_003,38
CGAATTGGAGCTGTTAACTG_004,86
CGAATTGGAGCTGTTAACTG_005,196
CGAATTGGAGCTGTTAACTG_006,12
CGAATTGGAGCTGTTAACTG_007,174
CGAATTGGAGCTGTTAACTG_008,51
CGAATTGGAGCTGTTAACTG_009,34
CGAATTGGAGCTGTTAACTG_010,58
CGAATTGGAGCTGTTAACTG_011,78
CGAATTGGAGCTGTTAACTG_012,50
GCATAGGGCACTCGCCGTTG_001,77
GCATAGGGCACTCGCCGTTG_002,70
ACCAACTGCAGTCATCCAAG_001,134
ACCAACTGCAGTCATCCAAG_002,114
ACCAACTGCAGTCATCCAAG_003,72
ACCAACTGCAGTCATCCAAG_004,190
ACCAACTGCAGTCATCCAAG_005,77
ACCAACTGCAGTCATCCAAG_006,153
ACCAACTGCAGTCATCCAAG_007,168
ATATGTACGTCATGGATACC_001,110
ATATGTACGTCATGGATACC_002,57
ATATGTACGTCATGGATACC_003,10
ATATGTACGTCATGGATACC_004,63
CAAACCGTTGCAGAGTTGGT_001,34
CAAACCGTTGCAGAGTTGGT_002,63
CAAACCGTTGCAGAGTTGGT_003,112
CAAACCGTTGCAGAGTTGGT_004,160
CAAACCGTTGCAGAGTTGGT_005,78
TCCACCTGCTACTTCGAGTG_001,81
TCCACCTGCTACTTCGAGTG_002,63
TCCACCTGCTACTTCGAGTG_003,136
AAATCTGAACGTCTGAGAGT_001,9
AAATCTGAACGTCTGAGAGT_002,71
AAATCTGAACGTCTGAGAGT_003,113
AAATCTGAACGTCTGAGAGT_004,87
AGAGTTCTACTAATGGGGTG_001,196
AGAGTTCTACTAATGGGGTG_002,69
AGAGTTCTACTAATGGGGTG_003,150
AGAGTTCTACTAATGGGGTG_004,129
AGAGTTCTACTAATGGGGTG_005,33
AGAGTTCTACTAATGGGGTG_006,17
AGAGTTCTACTAATGGGGTG_007,17
AGAGTTCTACTAATGGGGTG_008,154
AGAGTTCTACTAATGGGGTG_009,19
AGAGTTCTACTAATGGGGTG_010,127
AGAGTTCTACTAATGGGGTG_011,140
CTTGGCTGCGACATTTCTTC_001,0
CTTGGCTGCGACATTTCTTC_002,67
CTTGGCTGCGACATTTCTTC_003,175
TCATACCCCTGACATCACCA_001,48
TCATACCCCTGACATCACCA_002,140
TCATACCCCTGACATCACCA_003,49
TCATACCCCTGACATCACCA_004,89
TCATACCCCTGACATCACCA_005,83
TCATACCCCTGACATCACCA_006,153
TCATACCCCTGACATCACCA_007,25
TCATACCCCTGACATCACCA_008,6
TCATACCCCTGACATCACCA_009,125
TCATACCCCTGACATCACCA_010,124
TCATACCCCTGACATCACCA_011,138
TCATACCCCTGACATCACCA_012,21
TCATACCCCTGACATCACCA_013,60
GATTTCGCAATCCATCGGCG_001,93
GATTTCGCAATCCATCGGCG_002,16
GATTTCGCAATCCATCGGCG_003,62
GATTTCGCAATCCATCGGCG_004,149
GATTTCGCAATCCATCGGCG_005,168
CAAGTTTGGGAAAATCCTTG_001,48
CAAGTTTGGGAAAATCCTTG_002,145
CACATCCATAGTTGTGCACA_001,191
CACATCCATAGTTGTGCACA_002,29
CACATCCATAGTTGTGCACA_003,157
CACATCCATAGTTGTGCACA_004,121
CACATCCATAGTTGTGCACA_005,58
CACATCCATAGTTGTGCACA_006,69
CACATCCATAGTTGTGCACA_007,24
CACATCCATAGTTGTGCACA_008,129
CACATCCATAGTTGTGCACA_009,43
CACATCCATAGTTGTGCACA_010,177
GCTCGGCTCAAGGTTCATCG_001,199
GCTCGGCTCAAGGTTCATCG_002,121
GCTCGGCTCAAGGTTCATCG_003,111
GCTCGGCTCAAGGTTCATCG_004,198
GCTCGGCTCAAGGTTCATCG_005,98
GCTCGGCTCAAGGTTCATCG_006,96
GCTCGGCTCAAGGTTCATCG_007,20
TCTCTGACAGAGAACCCACA_001,74
ACAGAAGTTAAGGATTCCTG_001,181
ACAGAAGTTAAGGATTCCTG_002,158
ACAGAAGTTAAGGATTCCTG_003,197
ACAGAAGTTAAGGATTCCTG_004,104
ACAGAAGTTAAGGATTCCTG_005,150
ACAGAAGTTAAGGATTCCTG_006,117
ACAGAAGTTAAGGATTCCTG_007,180
ACAGAAGTTAAGGATTCCTG_008,117
ACAGAAGTTAAGGATTCCTG_009,161
ACAGAAGTTAAGGATTCCTG_010,149
ACAGAAGTTAAGGATTCCTG_011,9
ACAGAAGTTAAGGATTCCTG_012,131
ACAGAAGTTAAGGATTCCTG_013,20
GCTGCTGGACGAGCCCCCCG_001,26
GCTGCTGGACGAGCCCCCCG_002,168
GCTGCTGGACGAGCCCCCCG_003,12
GCTGCTGGACGAGCCCCCCG_004,61
GCTGCTGGACGAGCCCCCCG_005,155
GCTGCTGGACGAGCCCCCCG_006,133
GCTGCTGGACGAGCCCCCCG_007,42
CCAGTGTATACCAAGGACAC_001,69
CCAGTGTATACCAAGGACAC_002,157
CCAGTGTATACCAAGGACAC_003,62
CCAGTGTATACCAAGGACAC_004,19
CCAGTGTATACCAAGGACAC_005,191
CCAGTGTATACCAAGGACAC_006,75
CCAGTGTATACCAAGGACAC_007,11
CCAGTGTATACCAAGGACAC_008,48
TTCTCTATCATCATCTGATG_001,104
TTCTCTATCATCATCTGATG_002,85
CCATGTAAATCAAATAAATG_001,48
CCATGTAAATCAAATAAATG_002,15
CCATGTAAATCAAATAAATG_003,180
CCATGTAAATCAAATAAATG_004,88
CCATGTAAATCAAATAAATG_005,78
CCATGTAAATCAAATAAATG_006,145
GGGAAAGCTCCAGTCCCAGG_001,24
TTTGGTGCTAGGCTTGGCCG_001,115
TTTGGTGCTAGGCTTGGCCG_002,165
TTTGGTGCTAGGCTTGGCCG_003,25
TTTGGTGCTAGGCTTGGCCG_004,176
TTTGGTGCTAGGCTTGGCCG_005,147
TTTGGTGCTAGGCTTGGCCG_006,2
TTTGGTGCTAGGCTTGGCCG_007,68
TTTGGTGCTAGGCTTGGCCG_008,42
TTTGGTGCTAGGCTTGGCCG_009,113
TTTGGTGCTAGGCTTGGCCG_010,183
TTTGGTGCTAGGCTTGGCCG_011,5
TTTGGTGCTAGGCTTGGCCG_012,53
TTTGGTGCTAGGCTTGGCCG_013,17
TTTGGTGCTAGGCTTGGCCG_014,136
TTTGGTGCTAGGCTTGGCCG_015,184
TTTGGTGCTAGGCTTGGCCG_016,152
TTTGGTGCTAGGCTTGGCCG_017,26
TTTGGTGCTAGGCTTGGCCG_018,5
TTTGGTGCTAGGCTTGGCCG_019,57
AAAGAGCACTGGACTCCGGA_001,199
AAAGAGCACTGGACTCCGGA_002,129
AAAGAGCACTGGACTCCGGA_003,161
AAAGAGCACTGGACTCCGGA_004,13
AAAGAGCACTGGACTCCGGA_005,16
AAAGAGCACTGGACTCCGGA_006,88
ATGGACTCATTACTAAGCCA_001,114
ATGGACTCATTACTAAGCCA_002,62
ATGGACTCATTACTAAGCCA_003,120
ATGGACTCATTACTAAGCCA_004,38
ATGGACTCATTACTAAGCCA_005,116
ATGGACTCATTACTAAGCCA_006,58
ATGGACTCATTACTAAGCCA_007,60
ATGGACTCATTACTAAGCCA_008,177
ATCACAACAGTGCTGTAGGG_001,36
ATCACAACAGTGCTGTAGGG_002,106
ATCACAACAGTGCTGTAGGG_003,17
ATCACAACAGTGCTGTAGGG_004,165
ATCACAACAGTGCTGTAGGG_005,183
ATCACAACAGTGCTGTAGGG_006,149
ATCACAACAGTGCTGTAGGG_007,88
ATCACAACAGTGCTGTAGGG_008,46
ATCACAACAGTGCTGTAGGG_009,113
ATCACAACAGTGCTGTAGGG_010,145
ATCACAACAGTGCTGTAGGG_011,107
ATCACAACAGTGCTGTAGGG_012,196
ATCACAACAGTGCTGTAGGG_013,76
GGAACGGCTAGTGTTAAGCT_001,12
GGAACGGCTAGTGTTAAGCT_002,126
GGAACGGCTAGTGTTAAGCT_003,149
GGAACGGCTAGTGTTAAGCT_004,1
GGAACGGCTAGTGTTAAGCT_005,126
GGAACGGCTAGTGTTAAGCT_006,11
TACCAGTCGGTGCATCCTAG_001,41
TACCAGTCGGTGCATCCTAG_002,70
TACCAGTCGGTGCATCCTAG_003,144
TACCAGTCGGTGCATCCTAG_004,33
TACCAGTCGGTGCATCCTAG_005,81
TACCAGTCGGTGCATCCTAG_006,84
TACCAGTCGGTGCATCCTAG_007,84
TACCAGTCGGTGCATCCTAG_008,183
TACCAGTCGGTGCATCCTAG_009,145
TACCAGTCGGTGCATCCTAG_010,188
TACCAGTCGGTGCATCCTAG_011,66
TACCAGTCGGTGCATCCTAG_012,167
TACCAGTCGGTGCATCCTAG_013,129
TACCAGTCGGTGCATCCTAG_014,11
TACCAGTCGGTGCATCCTAG_015,11
TACCAGTCGGTGCATCCTAG_016,49
TACCAGTCGGTGCATCCTAG_017,106
TACCAGTCGGTGCATCCTAG_018,106
TACCAGTCGGTGCATCCTAG_019,78
TACCAGTCGGTGCATCCTAG_020,48
TACCAGTCGGTGCATCCTAG_021,77
TACCAGTCGGTGCATCCTAG_022,106
TACCAGTCGGTGCATCCTAG_023,142
TACCAGTCGGTGCATCCTAG_024,29
TCAAGAACCGGCGAGCCAAG_001,28
TCAAGAACCGGCGAGCCAAG_002,122
TCAAGAACCGGCGAGCCAAG_003,102
TCAAGAACCGGCGAGCCAAG_004,107
TCAAGAACCGGCGAGCCAAG_005,91
TCAAGAACCGGCGAGCCAAG_006,150
TCAAGAACCGGCGAGCCAAG_007,2
TCAAGAACCGGCGAGCCAAG_008,75
CTTCAACAAGTACCTAGAGA_001,70
CTTCAACAAGTACCTAGAGA_002,113
CTTCAACAAGTACCTAGAGA_003,118
CTTCAACAAGTACCTAGAGA_004,16
CTTCAACAAGTACCTAGAGA_005,168
CTTCAACAAGTACCTAGAGA_006,50
AGCAAGAGCAGAACAGCACG_001,106
AGCAAGAGCAGAACAGCACG_002,126
AGCAAGAGCAGAACAGCACG_003,19
AGCAAGAGCAGAACAGCACG_004,84
AGCAAGAGCAGAACAGCACG_005,141
AGCAAGAGCAGAACAGCACG_006,11
AGCAAGAGCAGAACAGCACG_007,81
AGCAAGAGCAGAACAGCACG_008,10
AGCAAGAGCAGAACAGCACG_009,127
AGCAAGAGCAGAACAGCACG_010,74
AGCAAGAGCAGAACAGCACG_011,74
AGCAAGAGCAGAACAGCACG_012,74
AGCAAGAGCAGAACAGCACG_013,14
AGCAAGAGCAGAACAGCACG_014,199
AGCAAGAGCAGAACAGCACG_015,105
AGCAAGAGCAGAACAGCACG_016,163
AGCAAGAGCAGAACAGCACG_017,72
AGCAAGAGCAGAACAGCACG_018,58
AGCAAGAGCAGAACAGCACG_019,193
AGCAAGAGCAGAACAGCACG_020,65
AGCAAGAGCAGAACAGCACG_021,47
AGCAAGAGCAGAACAGCACG_022,95
AGCAAGAGCAGAACAGCACG_023,77
AGCAAGAGCAGAACAGCACG_024,13
AGCAAGAGCAGAACAGCACG_025,95
AGCAAGAGCAGAACAGCACG_026,176
AGCAAGAGCAGAACAGCACG_027,138
AGCAAGAGCAGAACAGCACG_028,151
AGCAAGAGCAGAACAGCACG_029,6
AGCAAGAGCAGAACAGCACG_030,28
AGCAAGAGCAGAACAGCACG_031,47
AGCAAGAGCAGAACAGCACG_032,60
AGCAAGAGCAGAACAGCACG_033,46
GCATACTTACCTCATCCACA_001,6
GCATACTTACCTCATCCACA_002,4
GCATACTTACCTCATCCACA_003,36
GCATACTTACCTCATCCACA_004,39
GCATACTTACCTCATCCACA_005,90
CATGTGGAATACTACCAAGA_001,119
CATGTGGAATACTACCAAGA_002,105
CATGTGGAATACTACCAAGA_003,66
TCTAGCAGGCTGGCTCCGCC_001,119
TCTAGCAGGCTGGCTCCGCC_002,51
TCTAGCAGGCTGGCTCCGCC_003,28
GAGCTCAGCAACAGGTTCCA_001,45
TTGACACCGAAGACAAGTTG_001,148
TTGACACCGAAGACAAGTTG_002,41
TTGACACCGAAGACAAGTTG_003,31
TTGACACCGAAGACAAGTTG_004,16
TTGACACCGAAGACAAGTTG_005,40
TTGACACCGAAGACAAGTTG_006,65
TTGACACCGAAGACAAGTTG_007,52
TTGACACCGAAGACAAGTTG_008,66
TTGACACCGAAGACAAGTTG_009,18
TTGACACCGAAGACAAGTTG_010,79
TTGACACCGAAGACAAGTTG_011,56
TTGACACCGAAGACAAGTTG_012,165
TTGACACCGAAGACAAGTTG_013,177
AGTGACATCCGCAATCAACA_001,127
AGTGACATCCGCAATCAACA_002,17
AGTGACATCCGCAATCAACA_003,62
AGTGACATCCGCAATCAACA_004,48
AGTGACATCCGCAATCAACA_005,199
AGTGACATCCGCAATCAACA_006,105
AGTGACATCCGCAATCAACA_007,103
AGTGACATCCGCAATCAACA_008,84
AGTGACATCCGCAATCAACA_009,121
AGTGACATCCGCAATCAACA_010,15
AGTGACATCCGCAATCAACA_011,28
AGTGACATCCGCAATCAACA_012,33
AGTGACATCCGCAATCAACA_013,91
AGTGACATCCGCAATCAACA_014,187
TGAAAGTAAAATATGGACGA_001,127
TGAAAGTAAAATATGGACGA_002,67
TGAAAGTAAAATATGGACGA_003,174
TGAAAGTAAAATATGGACGA_004,49
TGAAAGTAAAATATGGACGA_005,147
TGAAAGTAAAATATGGACGA_006,108
TGAAAGTAAAATATGGACGA_007,118
TGAAAGTAAAATATGGACGA_008,34
TGAAAGTAAAATATGGACGA_009,34
TTGTTTATGACTCATTCAGA_001,77
TTGTTTATGACTCATTCAGA_002,54
TTGTTTATGACTCATTCAGA_003,54
TTGTTTATGACTCATTCAGA_004,192
TTGTTTATGACTCATTCAGA_005,138
CCAGTTGCTTAACGAATATG_001,62
CCAGTTGCTTAACGAATATG_002,98
CCAGTTGCTTAACGAATATG_003,25
CCAGTTGCTTAACGAATATG_004,27
CCAGTTGCTTAACGAATATG_005,6
CCAGTTGCTTAACGAATATG_006,161
CCAGTTGCTTAACGAATATG_007,170
CCAGTTGCTTAACGAATATG_008,69
CCAGTTGCTTAACGAATATG_009,64
CCTGGTCTTGAGCACCACTG_001,183
CCTGGTCTTGAGCACCACTG_002,137
CCTGGTCTTGAGCACCACTG_003,15
CCTGGTCTTGAGCACCACTG_004,130
CCTGGTCTTGAGCACCACTG_005,51
CCTGGTCTTGAGCACCACTG_006,68
CCTGGTCTTGAGCACCACTG_007,125
CCTGGTCTTGAGCACCACTG_008,46
CCTGGTCTTGAGCACCACTG_009,1
CCTGGTCTTGAGCACCACTG_010,12
CCTGGTCTTGAGCACCACTG_011,136
CCTGGTCTTGAGCACCACTG_012,188
CCTGGTCTTGAGCACCACTG_013,43
CCTGGTCTTGAGCACCACTG_014,130
CCTGGTCTTGAGCACCACTG_015,178
CCGCCGGAAACCATCCGATG_001,111
CCGCCGGAAACCATCCGATG_002,1
CCGCCGGAAACCATCCGATG_003,198
CCGCCGGAAACCATCCGATG_004,63
CCGCCGGAAACCATCCGATG_005,63
CCGCCGGAAACCATCCGATG_006,175
CCGCCGGAAACCATCCGATG_007,4
CCGCCGGAAACCATCCGATG_008,76
CCGCCGGAAACCATCCGATG_009,174
CCGCCGGAAACCATCCGATG_010,13
CCGCCGGAAACCATCCGATG_011,136
CCGCCGGAAACCATCCGATG_012,136
CCGCCGGAAACCATCCGATG_013,188
CCGCCGGAAACCATCCGATG_014,152
CCGCCGGAAACCATCCGATG_015,180
CCGCCGGAAACCATCCGATG_016,161
GCTGTGAGTTATACTAACAC_001,0
GCTGTGAGTTATACTAACAC_002,184
GGAATGGGGAGAACCACAAT_001,176
GGAATGGGGAGAACCACAAT_002,198
GGAATGGGGAGAACCACAAT_003,171
GGAATGGGGAGAACCACAAT_004,124
GGAATGGGGAGAACCACAAT_005,35
AGCTACTATGGAACAATAGG_001,187
GGGCACGAAGCTCGACGTGT_001,42
GGGCACGAAGCTCGACGTGT_002,23
GGGCACGAAGCTCGACGTGT_003,54
GGGCACGAAGCTCGACGTGT_004,171
GGGCACGAAGCTCGACGTGT_005,37
GGGCACGAAGCTCGACGTGT_006,105
GGGCACGAAGCTCGACGTGT_007,190
GGGCACGAAGCTCGACGTGT_008,17
TGTCCCTTCAGAAACAAGTG_001,130
TGTCCCTTCAGAAACAAGTG_002,70
TGTCCCTTCAGAAACAAGTG_003,196
TGTCCCTTCAGAAACAAGTG_004,92
CATTCCAAAGAAGGGTACTG_001,70
CATTCCAAAGAAGGGTACTG_002,172
CATTCCAAAGAAGGGTACTG_003,26
CATTCCAAAGAAGGGTACTG_004,6
CATTCCAAAGAAGGGTACTG_005,144
CATTCCAAAGAAGGGTACTG_006,100
CATTCCAAAGAAGGGTACTG_007,15
CATTCCAAAGAAGGGTACTG_008,175
CATTCCAAAGAAGGGTACTG_009,113
CATTCCAAAGAAGGGTACTG_010,113
CATTCCAAAGAAGGGTACTG_011,6
CATTCCAAAGAAGGGTACTG_012,98
CATTCCAAAGAAGGGTACTG_013,199
CATTCCAAAGAAGGGTACTG_014,153
CATTCCAAAGAAGGGTACTG_015,77
CATTCCAAAGAAGGGTACTG_016,9
CATTCCAAAGAAGGGTACTG_017,38
CATTCCAAAGAAGGGTACTG_018,136
CATTCCAAAGAAGGGTACTG_019,141
CATTCCAAAGAAGGGTACTG_020,153
AGACAGAGCTAAATCCGAGA_001,15
AAAGCCTTCAGTGTTCACAT_001,9
AAAGCCTTCAGTGTTCACAT_002,100
AAAGCCTTCAGTGTTCACAT_003,18
AAAGCCTTCAGTGTTCACAT_004,178
AAAGCCTTCAGTGTTCACAT_005,178
AAAGCCTTCAGTGTTCACAT_006,23
AAAATGAGCCTGACTCGCAG_001,121
AAAATGAGCCTGACTCGCAG_002,162
AAAATGAGCCTGACTCGCAG_003,16
AAAATGAGCCTGACTCGCAG_004,26
AAAATGAGCCTGACTCGCAG_005,30
AAAATGAGCCTGACTCGCAG_006,8
AAAATGAGCCTGACTCGCAG_007,148
AAAATGAGCCTGACTCGCAG_008,16
AAAATGAGCCTGACTCGCAG_009,48
AAAATGAGCCTGACTCGCAG_010,52
GGCTGACGCACGAGGCACAC_001,105
GGCTGACGCACGAGGCACAC_002,146
GGCTGACGCACGAGGCACAC_003,35
GGCTGACGCACGAGGCACAC_004,6
GGCTGACGCACGAGGCACAC_005,127
ATGGTTATATGTGACAAGTG_001,161
ATGGTTATATGTGACAAGTG_002,97
ATGGTTATATGTGACAAGTG_003,20
ATGGTTATATGTGACAAGTG_004,46
CACACTCTATGACAACGAAG_001,184
CACACTCTATGACAACGAAG_002,72
CACACTCTATGACAACGAAG_003,148
CGAGCTGGCACCGTTCGTGG_001,141
CGAGCTGGCACCGTTCGTGG_002,25
CGAGCTGGCACCGTTCGTGG_003,158
CGAGCTGGCACCGTTCGTGG_004,14
CGAGCTGGCACCGTTCGTGG_005,50
CGAGCTGGCACCGTTCGTGG_006,147
CGAGCTGGCACCGTTCGTGG_007,194
CGAGCTGGCACCGTTCGTGG_008,31
CGAGCTGGCACCGTTCGTGG_009,8
CGAGCTGGCACCGTTCGTGG_010,26
CGAGCTGGCACCGTTCGTGG_011,166
CGAGCTGGCACCGTTCGTGG_012,168
GTCATCACCACACTGCTACG_001,102
GTCATCACCACACTGCTACG_002,76
GTCATCACCACACTGCTACG_003,116
GTCATCACCACACTGCTACG_004,45
GTCATCACCACACTGCTACG_005,174
GTCATCACCACACTGCTACG_006,84
GTCATCACCACACTGCTACG_007,141
GTCATCACCACACTGCTACG_008,188
GTCATCACCACACTGCTACG_009,58
GTCATCACCACACTGCTACG_010,50
GTCATCACCACACTGCTACG_011,199
GTCATCACCACACTGCTACG_012,148
GTCATCACCACACTGCTACG_013,169
GTCATCACCACACTGCTACG_014,145
GTCATCACCACACTGCTACG_015,138
GTCATCACCACACTGCTACG_016,55
GTCATCACCACACTGCTACG_017,61
GTCATCACCACACTGCTACG_018,65
GTCATCACCACACTGCTACG_019,76
GTCATCACCACACTGCTACG_020,144
TCCCTAGCAGCCGGTTGAAG_001,94
TCCCTAGCAGCCGGTTGAAG_002,80
TCCCTAGCAGCCGGTTGAAG_003,13
TCCCTAGCAGCCGGTTGAAG_004,102
TCCCTAGCAGCCGGTTGAAG_005,64
GCAGCCGCCAGCCATAACTC_001,14
GCAGCCGCCAGCCATAACTC_002,69
GCAGCCGCCAGCCATAACTC_003,69
GCAGCCGCCAGCCATAACTC_004,124
CACTACCTACGTCAGCACCT_001,181
CACTACCTACGTCAGCACCT_002,21
CACTACCTACGTCAGCACCT_003,159
CACTACCTACGTCAGCACCT_004,130
CACTACCTACGTCAGCACCT_005,76
CACTACCTACGTCAGCACCT_006,62
CACTACCTACGTCAGCACCT_007,198
CACTACCTACGTCAGCACCT_008,2
CACTACCTACGTCAGCACCT_009,16
CACTACCTACGTCAGCACCT_010,158
GGCAGTGTTACATTGAACAA_001,9
GGCAGTGTTACATTGAACAA_002,8
GGCAGTGTTACATTGAACAA_003,172
GGCAGTGTTACATTGAACAA_004,25
GGCAGTGTTACATTGAACAA_005,16
GGCAGTGTTACATTGAACAA_006,113
GGCAGTGTTACATTGAACAA_007,105
GGCAGTGTTACATTGAACAA_008,105
GGCAGTGTTACATTGAACAA_009,184
GGCAGTGTTACATTGAACAA_010,118
GGCAGTGTTACATTGAACAA_011,1
GGCAGTGTTACATTGAACAA_012,105
GGCAGTGTTACATTGAACAA_013,145
GGCAGTGTTACATTGAACAA_014,61
GGCAGTGTTACATTGAACAA_015,65
GGCAGTGTTACATTGAACAA_016,35
GGTCGCTGAGCGTGTCGGCG_001,29
GGTCGCTGAGCGTGTCGGCG_002,127
GGTCGCTGAGCGTGTCGGCG_003,155
GGTCGCTGAGCGTGTCGGCG_004,41
GGTCGCTGAGCGTGTCGGCG_005,191
GGTCGCTGAGCGTGTCGGCG_006,52
GGTCGCTGAGCGTGTCGGCG_007,162
GGTCGCTGAGCGTGTCGGCG_008,137
GGTCGCTGAGCGTGTCGGCG_009,100
GGTCGCTGAGCGTGTCGGCG_010,153
TGAAGTTACTGGAATCAATG_001,125
TGAAGTTACTGGAATCAATG_002,105
TGAAGTTACTGGAATCAATG_003,145
CAGAAGCTGCAGAGATAATG_001,144
CAGAAGCTGCAGAGATAATG_002,62
CAGAAGCTGCAGAGATAATG_003,107
CAGAAGCTGCAGAGATAATG_004,15
CAGAAGCTGCAGAGATAATG_005,141
GGCCACGCAAGTAACACAGA_001,74
GGCCACGCAAGTAACACAGA_002,112
GGCCACGCAAGTAACACAGA_003,57
TCCATATTTCCCAGTAAACG_001,174
GCAGCAGTGCCCACCCCAGA_001,170
GCAGCAGTGCCCACCCCAGA_002,115
GCAGCAGTGCCCACCCCAGA_003,72
GCAGCAGTGCCCACCCCAGA_004,195
GCAGCAGTGCCCACCCCAGA_005,111
GCAGCAGTGCCCACCCCAGA_006,198
GCAGCAGTGCCCACCCCAGA_007,190
GCAGCAGTGCCCACCCCAGA_008,153
GCAGCAGTGCCCACCCCAGA_009,14
GCAGCAGTGCCCACCCCAGA_010,168
GCAGCAGTGCCCACCCCAGA_011,88
GCAGCAGTGCCCACCCCAGA_012,169
GCAGCAGTGCCCACCCCAGA_013,76
GCAGCAGTGCCCACCCCAGA_014,182
GCAGCAGTGCCCACCCCAGA_015,11
GCAGCAGTGCCCACCCCAGA_016,44
GAATTGTCGAAAGTATAATG_001,91
GAATTGTCGAAAGTATAATG_002,44
GAATTGTCGAAAGTATAATG_003,18
TAACTCCTGTACATGTTCTG_001,134
TAACTCCTGTACATGTTCTG_002,191
TAACTCCTGTACATGTTCTG_003,48
TAACTCCTGTACATGTTCTG_004,106
TAACTCCTGTACATGTTCTG_005,126
TAACTCCTGTACATGTTCTG_006,9
TAACTCCTGTACATGTTCTG_007,50
TAACTCCTGTACATGTTCTG_008,113
TAACTCCTGTACATGTTCTG_009,149
TAACTCCTGTACATGTTCTG_010,49
TAACTCCTGTACATGTTCTG_011,45
TAACTCCTGTACATGTTCTG_012,121
TAACTCCTGTACATGTTCTG_013,130
TAACTCCTGTACATGTTCTG_014,127
TAACTCCTGTACATGTTCTG_015,3
TAACTCCTGTACATGTTCTG_016,60
TAACTCCTGTACATGTTCTG_017,140
TAACTCCTGTACATGTTCTG_018,90
TAACTCCTGTACATGTTCTG_019,10
TAACTCCTGTACATGTTCTG_020,78
TAACTCCTGTACATGTTCTG_021,29
TAACTCCTGTACATGTTCTG_022,173
TAACTCCTGTACATGTTCTG_023,90
ATACAACCATCATGAGTGAC_001,149
ATACAACCATCATGAGTGAC_002,169
ATACAACCATCATGAGTGAC_003,158
ATACAACCATCATGAGTGAC_004,144
ATACAACCATCATGAGTGAC_005,124
GTTTCTCCAATGCTGCATGG_001,1
GTTTCTCCAATGCTGCATGG_002,157
GTTTCTCCAATGCTGCATGG_003,87
GTTTCTCCAATGCTGCATGG_004,50
GTTTCTCCAATGCTGCATGG_005,124
GTTTCTCCAATGCTGCATGG_006,191
TGACCCAGTCCAGATGATCC_001,84
TGACCCAGTCCAGATGATCC_002,195
TGACCCAGTCCAGATGATCC_003,102
TGACCCAGTCCAGATGATCC_004,72
TGACCCAGTCCAGATGATCC_005,142
ACAGGATCATCATAAATGAG_001,81
ACAGGATCATCATAAATGAG_002,115
ACAGGATCATCATAAATGAG_003,50
ACAGGATCATCATAAATGAG_004,62
ACAGGATCATCATAAATGAG_005,23
ACAGGATCATCATAAATGAG_006,198
ACAGGATCATCATAAATGAG_007,98
ACAGGATCATCATAAATGAG_008,33
ACAGGATCATCATAAATGAG_009,55
ACAGGATCATCATAAATGAG_010,49
ACAGGATCATCATAAATGAG_011,104
ATGCAATGACTCGAGCTCAG_001,124
ATGCAATGACTCGAGCTCAG_002,88
ATGCAATGACTCGAGCTCAG_003,15
ATGCAATGACTCGAGCTCAG_004,191
ATGCAATGACTCGAGCTCAG_005,24
ATGCAATGACTCGAGCTCAG_006,197
ATGCAATGACTCGAGCTCAG_007,86
ATGCAATGACTCGAGCTCAG_008,155
ATGCAATGACTCGAGCTCAG_009,48
AATACCTACATAGGCCCTCA_001,156
TTACTCTGATGGAACCACTG_001,177
TTACTCTGATGGAACCACTG_002,54
TTACTCTGATGGAACCACTG_003,138
TTACTCTGATGGAACCACTG_004,88
TTACTCTGATGGAACCACTG_005,91
TTACTCTGATGGAACCACTG_006,60
TTACTCTGATGGAACCACTG_007,16
TTACTCTGATGGAACCACTG_008,4
TTACTCTGATGGAACCACTG_009,175
TTACTCTGATGGAACCACTG_010,44
TTACTCTGATGGAACCACTG_011,56
TTACTCTGATGGAACCACTG_012,77
TTACTCTGATGGAACCACTG_013,49
TTACTCTGATGGAACCACTG_014,50
TTACTCTGATGGAACCACTG_015,138
ATCGACCTCAGCAAGAAAGA_001,41
ATCGACCTCAGCAAGAAAGA_002,157
ATCGACCTCAGCAAGAAAGA_003,170
ATCGACCTCAGCAAGAAAGA_004,148
ATCGACCTCAGCAAGAAAGA_005,104
ATCGACCTCAGCAAGAAAGA_006,5
ATCGACCTCAGCAAGAAAGA_007,142
ATCGACCTCAGCAAGAAAGA_008,142
ATCGACCTCAGCAAGAAAGA_009,151
ATCGACCTCAGCAAGAAAGA_010,37
ATCGACCTCAGCAAGAAAGA_011,164
ATCGACCTCAGCAAGAAAGA_012,164
ATCGACCTCAGCAAGAAAGA_013,174
AGGATCGACGCACACACACG_001,29
AGGATCGACGCACACACACG_002,102
AGGATCGACGCACACACACG_003,28
AGGATCGACGCACACACACG_004,50
AGGATCGACGCACACACACG_005,44
AGGATCGACGCACACACACG_006,50
AGGATCGACGCACACACACG_007,59
AGGATCGACGCACACACACG_008,1
AGGATCGACGCACACACACG_009,36
AGGATCGACGCACACACACG_010,187
AGGATCGACGCACACACACG_011,114
AGGATCGACGCACACACACG_012,188
AGGATCGACGCACACACACG_013,88
AGGATCGACGCACACACACG_014,38
AGGATCGACGCACACACACG_015,42
AGGATCGACGCACACACACG_016,158
AGGATCGACGCACACACACG_017,45
AGGATCGACGCACACACACG_018,24
CAACTGAGAAGTCAGCCTCT_001,78
CAACTGAGAAGTCAGCCTCT_002,69
CAACTGAGAAGTCAGCCTCT_003,177
CAACTGAGAAGTCAGCCTCT_004,19
CAACTGAGAAGTCAGCCTCT_005,198
CAACTGAGAAGTCAGCCTCT_006,190
CAACTGAGAAGTCAGCCTCT_007,158
CAACTGAGAAGTCAGCCTCT_008,17
CAACTGAGAAGTCAGCCTCT_009,38
GGACTGGTTAAATAAGAGGC_001,15
GGACTGGTTAAATAAGAGGC_002,58
GGACTGGTTAAATAAGAGGC_003,74
GGACTGGTTAAATAAGAGGC_004,132
GGACTGGTTAAATAAGAGGC_005,49
GGACTGGTTAAATAAGAGGC_006,177
GGACTGGTTAAATAAGAGGC_007,147
GGACTGGTTAAATAAGAGGC_008,13
GGACTGGTTAAATAAGAGGC_009,162
GGACTGGTTAAATAAGAGGC_010,89
GGACTGGTTAAATAAGAGGC_011,3
GGACTGGTTAAATAAGAGGC_012,102
GGACTGGTTAAATAAGAGGC_013,6
GTGATGTTGAGATCATACAC_001,176
GTGATGTTGAGATCATACAC_002,176
GTGATGTTGAGATCATACAC_003,58
GTGATGTTGAGATCATACAC_004,144
GTGATGTTGAGATCATACAC_005,9
CACTGCCCGTTCTACCAATG_001,60
CACTGCCCGTTCTACCAATG_002,140
CACTGCCCGTTCTACCAATG_003,170
CACTGCCCGTTCTACCAATG_004,184
CACTGCCCGTTCTACCAATG_005,106
CACTGCCCGTTCTACCAATG_006,115
TGAGGACTGCACAAAGTTTG_001,26
TGAGGACTGCACAAAGTTTG_002,111
TGAGGACTGCACAAAGTTTG_003,171
TGAGGACTGCACAAAGTTTG_004,8
TGAGGACTGCACAAAGTTTG_005,177
TGAGGACTGCACAAAGTTTG_006,62
GACCAAACTCACCACCATTG_001,145
GACCAAACTCACCACCATTG_002,149
GACCAAACTCACCACCATTG_003,72
GACCAAACTCACCACCATTG_004,183
GACCAAACTCACCACCATTG_005,89
GACCAAACTCACCACCATTG_006,142
GACCAAACTCACCACCATTG_007,7
GACCAAACTCACCACCATTG_008,102
GACCAAACTCACCACCATTG_009,157
GACCAAACTCACCACCATTG_010,108
GACCAAACTCACCACCATTG_011,37
GACCAAACTCACCACCATTG_012,193
GACCAAACTCACCACCATTG_013,156
GACCAAACTCACCACCATTG_014,144
GACCAAACTCACCACCATTG_015,60
GACCAAACTCACCACCATTG_016,29
TAGATCCCAGCCCCCCACGT_001,56
TAGATCCCAGCCCCCCACGT_002,160
TAGATCCCAGCCCCCCACGT_003,56
TAGATCCCAGCCCCCCACGT_004,92
TAGATCCCAGCCCCCCACGT_005,30
TAGATCCCAGCCCCCCACGT_006,198
TAGATCCCAGCCCCCCACGT_007,2
TAGATCCCAGCCCCCCACGT_008,82
TAGATCCCAGCCCCCCACGT_009,161
TAGATCCCAGCCCCCCACGT_010,113
TAGATCCCAGCCCCCCACGT_011,131
TAGATCCCAGCCCCCCACGT_012,192
TAGATCCCAGCCCCCCACGT_013,49
TAGATCCCAGCCCCCCACGT_014,48
TAGATCCCAGCCCCCCACGT_015,40
TAGATCCCAGCCCCCCACGT_016,88
TAGATCCCAGCCCCCCACGT_017,6
TAGATCCCAGCCCCCCACGT_018,145
TAGATCCCAGCCCCCCACGT_019,30
TGTTTCAGTGCAAGCCACTG_001,53
TGTTTCAGTGCAAGCCACTG_002,160
TGTTTCAGTGCAAGCCACTG_003,28
TGTTTCAGTGCAAGCCACTG_004,23
TGTTTCAGTGCAAGCCACTG_005,186
TGTTTCAGTGCAAGCCACTG_006,185
TGTTTCAGTGCAAGCCACTG_007,88
TGTTTCAGTGCAAGCCACTG_008,191
TGTTTCAGTGCAAGCCACTG_009,159
TGTTTCAGTGCAAGCCACTG_010,62
TGTTTCAGTGCAAGCCACTG_011,6
TGTTTCAGTGCAAGCCACTG_012,6
TGTTTCAGTGCAAGCCACTG_013,144
TGTTTCAGTGCAAGCCACTG_014,50
ACATACCTCAAGTCCAAGTG_001,16
ACATACCTCAAGTCCAAGTG_002,68
ACATACCTCAAGTCCAAGTG_003,175
ACATACCTCAAGTCCAAGTG_004,175
ACATACCTCAAGTCCAAGTG_005,64
ACATACCTCAAGTCCAAGTG_006,69
CATTCATGCCACCAAGACGT_001,2
CATTCATGCCACCAAGACGT_002,74
CATTCATGCCACCAAGACGT_003,33
CATTCATGCCACCAAGACGT_004,115
AACAGACTGTACTTCCTCAG_001,188
AACAGACTGTACTTCCTCAG_002,1
AACAGACTGTACTTCCTCAG_003,97
AACAGACTGTACTTCCTCAG_004,115
AACAGACTGTACTTCCTCAG_005,83
AACAGACTGTACTTCCTCAG_006,124
TAAGTGATGATGTCCAAACA_001,83
TAAGTGATGATGTCCAAACA_002,126
TAAGTGATGATGTCCAAACA_003,124
CTGGGGCGAGAACTGAAGAG_001,70
CTGGGGCGAGAACTGAAGAG_002,172
CTGGGGCGAGAACTGAAGAG_003,60
CTGGGGCGAGAACTGAAGAG_004,188
CTGGGGCGAGAACTGAAGAG_005,142
CTGGGGCGAGAACTGAAGAG_006,155
CTGGGGCGAGAACTGAAGAG_007,130
CTGGGGCGAGAACTGAAGAG_008,102
CTGGGGCGAGAACTGAAGAG_009,129
CTGGGGCGAGAACTGAAGAG_010,160
CTGGGGCGAGAACTGAAGAG_011,110
CTGGGGCGAGAACTGAAGAG_012,193
CTGGGGCGAGAACTGAAGAG_013,80
CTGGGGCGAGAACTGAAGAG_014,84
CTGGGGCGAGAACTGAAGAG_015,30
CTGGGGCGAGAACTGAAGAG_016,147
CTGGGGCGAGAACTGAAGAG_017,1
CTGGGGCGAGAACTGAAGAG_018,102
CAGCGGCCATCAGAGGTGTG_001,193
CAGCGGCCATCAGAGGTGTG_002,106
CAGCGGCCATCAGAGGTGTG_003,98
CAGCGGCCATCAGAGGTGTG_004,57
TGAGGGCCCCCACACAACCC_001,48
TGAGGGCCCCCACACAACCC_002,29
TGAGGGCCCCCACACAACCC_003,24
TGAGGGCCCCCACACAACCC_004,157
TGAGGGCCCCCACACAACCC_005,105
TGAGGGCCCCCACACAACCC_006,29
TGAGGGCCCCCACACAACCC_007,120
TGAGGGCCCCCACACAACCC_008,134
TGAGGGCCCCCACACAACCC_009,152
TGAGGGCCCCCACACAACCC_010,142
TGAGGGCCCCCACACAACCC_011,175
TGAGGGCCCCCACACAACCC_012,66
TGAGGGCCCCCACACAACCC_013,150
TGAGGGCCCCCACACAACCC_014,191
TGAGGGCCCCCACACAACCC_015,14
AGGGCGAGCAGCAGAGTACG_001,136
AGGGCGAGCAGCAGAGTACG_002,62
AGGGCGAGCAGCAGAGTACG_003,73
AGGGCGAGCAGCAGAGTACG_004,171
AGGGCGAGCAGCAGAGTACG_005,58
AGGGCGAGCAGCAGAGTACG_006,96
AGGGCGAGCAGCAGAGTACG_007,177
AGGGCGAGCAGCAGAGTACG_008,68
AGGGCGAGCAGCAGAGTACG_009,17
AGGGCGAGCAGCAGAGTACG_010,126
AGGGCGAGCAGCAGAGTACG_011,48
AGGGCGAGCAGCAGAGTACG_012,145
AGGGCGAGCAGCAGAGTACG_013,28
AGGGCGAGCAGCAGAGTACG_014,155
AGGGCGAGCAGCAGAGTACG_015,63
AGGGCGAGCAGCAGAGTACG_016,143
AGGGCGAGCAGCAGAGTACG_017,31
AGGGCGAGCAGCAGAGTACG_018,2
AGGGCGAGCAGCAGAGTACG_019,155
AGGGCGAGCAGCAGAGTACG_020,198
AGGGCGAGCAGCAGAGTACG_021,190
AGGGCGAGCAGCAGAGTACG_022,199
AGGGCGAGCAGCAGAGTACG_023,72
AGGGCGAGCAGCAGAGTACG_024,166
AGGGCGAGCAGCAGAGTACG_025,120
AGGGCGAGCAGCAGAGTACG_026,141
AGGGCGAGCAGCAGAGTACG_027,158
AGGGCGAGCAGCAGAGTACG_028,76
AGGGCGAGCAGCAGAGTACG_029,9
AGGGCGAGCAGCAGAGTACG_030,159
AGGGCGAGCAGCAGAGTACG_031,48
AGGGCGAGCAGCAGAGTACG_032,199
AGGGCGAGCAGCAGAGTACG_033,62
AGGGCGAGCAGCAGAGTACG_034,35
AGGGCGAGCAGCAGAGTACG_035,191
AGGGCGAGCAGCAGAGTACG_036,20
AGGGCGAGCAGCAGAGTACG_037,106
AGGGCGAGCAGCAGAGTACG_038,39
AGGGCGAGCAGCAGAGTACG_039,136
AGGGCGAGCAGCAGAGTACG_040,4
AGGGCGAGCAGCAGAGTACG_041,101
AGGGCGAGCAGCAGAGTACG_042,138
AGGGCGAGCAGCAGAGTACG_043,2
AGGGCGAGCAGCAGAGTACG_044,10
AGGGCGAGCAGCAGAGTACG_045,67
AGGGCGAGCAGCAGAGTACG_046,138
AGGGCGAGCAGCAGAGTACG_047,108
AGGGCGAGCAGCAGAGTACG_048,191
AACGATGAGCTCAGCTTCGT_001,2
AACGATGAGCTCAGCTTCGT_002,165
AACGATGAGCTCAGCTTCGT_003,166
AACGATGAGCTCAGCTTCGT_004,160
AACGATGAGCTCAGCTTCGT_005,37
AACGATGAGCTCAGCTTCGT_006,89
AACGATGAGCTCAGCTTCGT_007,60
AACGATGAGCTCAGCTTCGT_008,176
AACGATGAGCTCAGCTTCGT_009,174
AACGATGAGCTCAGCTTCGT_010,68
AACGATGAGCTCAGCTTCGT_011,82
AACGATGAGCTCAGCTTCGT_012,152
CCCCCCCCAACCCCGCAACG_001,85
CCCCCCCCAACCCCGCAACG_002,3
CCCCCCCCAACCCCGCAACG_003,163
CCCCCCCCAACCCCGCAACG_004,171
CCCCCCCCAACCCCGCAACG_005,130
CCCCCCCCAACCCCGCAACG_006,128
CCCCCCCCAACCCCGCAACG_007,174
CCCCCCCCAACCCCGCAACG_008,138
CCCCCCCCAACCCCGCAACG_009,34
CCCCCCCCAACCCCGCAACG_010,49
CCCCCCCCAACCCCGCAACG_011,40
CCCCCCCCAACCCCGCAACG_012,22
CCCCCCCCAACCCCGCAACG_013,118
CCCCCCCCAACCCCGCAACG_014,8
CCCCCCCCAACCCCGCAACG_015,75
CCCCCCCCAACCCCGCAACG_016,77
CCCCCCCCAACCCCGCAACG_017,78
CCCCCCCCAACCCCGCAACG_018,39
CCCCCCCCAACCCCGCAACG_019,63
CCCCCCCCAACCCCGCAACG_020,33
CCCCCCCCAACCCCGCAACG_021,72
CCCCCCCCAACCCCGCAACG_022,88
CCCCCCCCAACCCCGCAACG_023,150
CCCCCCCCAACCCCGCAACG_024,10
CCCCCCCCAACCCCGCAACG_025,66
CCCCCCCCAACCCCGCAACG_026,47
CCCCCCCCAACCCCGCAACG_027,13
CCCCCCCCAACCCCGCAACG_028,138
CCCCCCCCAACCCCGCAACG_029,166
CCCCCCCCAACCCCGCAACG_030,49
CCCCCCCCAACCCCGCAACG_031,56
CCCCCCCCAACCCCGCAACG_032,148
CCCCCCCCAACCCCGCAACG_033,141
CCCCCCCCAACCCCGCAACG_034,3
CCCCCCCCAACCCCGCAACG_035,39
CCCCCCCCAACCCCGCAACG_036,152
CCCCCCCCAACCCCGCAACG_037,147
CCCCCCCCAACCCCGCAACG_038,127
CCCCCCCCAACCCCGCAACG_039,1
CCCCCCCCAACCCCGCAACG_040,197
CCCCCCCCAACCCCGCAACG_041,64
CCCCCCCCAACCCCGCAACG_042,97
CCCCCCCCAACCCCGCAACG_043,58
CCCCCCCCAACCCCGCAACG_044,102
CCCCCCCCAACCCCGCAACG_045,105
CCCCCCCCAACCCCGCAACG_046,108
CGCCGTTCTCGCTAAACGAG_001,147
CGCCGTTCTCGCTAAACGAG_002,163
CGCCGTTCTCGCTAAACGAG_003,117
CGCCGTTCTCGCTAAACGAG_004,61
CGCCGTTCTCGCTAAACGAG_005,199
CGCCGTTCTCGCTAAACGAG_006,191
CGCCGTTCTCGCTAAACGAG_007,48
CGCCGTTCTCGCTAAACGAG_008,166
CGCCGTTCTCGCTAAACGAG_009,142
CGCCGTTCTCGCTAAACGAG_010,142
TAATTGATGACTTAGCTGAT_001,137
AGGAATGTGACAAGTGTCAG_001,78
AGGAATGTGACAAGTGTCAG_002,26
AGGAATGTGACAAGTGTCAG_003,198
AGGAATGTGACAAGTGTCAG_004,124
AGGAATGTGACAAGTGTCAG_005,51
AGGAATGTGACAAGTGTCAG_006,157
AGGAATGTGACAAGTGTCAG_007,92
AGGAATGTGACAAGTGTCAG_008,148
AGGAATGTGACAAGTGTCAG_009,153
AGGAATGTGACAAGTGTCAG_010,76
AGGAATGTGACAAGTGTCAG_011,175
AGGAATGTGACAAGTGTCAG_012,170
AGGAATGTGACAAGTGTCAG_013,169
AGGAATGTGACAAGTGTCAG_014,106
AGGAATGTGACAAGTGTCAG_015,61
AGGAATGTGACAAGTGTCAG_016,33
AGGAATGTGACAAGTGTCAG_017,91
AGGAATGTGACAAGTGTCAG_018,140
AGGAATGTGACAAGTGTCAG_019,47
AGGAATGTGACAAGTGTCAG_020,85
AGGAATGTGACAAGTGTCAG_021,144
AGGAATGTGACAAGTGTCAG_022,63
AGGAATGTGACAAGTGTCAG_023,94
AGGAATGTGACAAGTGTCAG_024,15
AGGAATGTGACAAGTGTCAG_025,51
AGGAATGTGACAAGTGTCAG_026,193
AGGAATGTGACAAGTGTCAG_027,181
AGGAATGTGACAAGTGTCAG_028,127
AGGAATGTGACAAGTGTCAG_029,171
TCCGGACTCAAAGAAAGCAA_001,1
TCCGGACTCAAAGAAAGCAA_002,82
TCCGGACTCAAAGAAAGCAA_003,6
TCCGGACTCAAAGAAAGCAA_004,43
TCCGGACTCAAAGAAAGCAA_005,188
TCCGGACTCAAAGAAAGCAA_006,54
TCCGGACTCAAAGAAAGCAA_007,67
TCCGGACTCAAAGAAAGCAA_008,83
TCCGGACTCAAAGAAAGCAA_009,90
ATGAAGCCGTACTGCCGCCG_001,17
ATGAAGCCGTACTGCCGCCG_002,45
ATGAAGCCGTACTGCCGCCG_003,130
ATGAAGCCGTACTGCCGCCG_004,81
ATGAAGCCGTACTGCCGCCG_005,147
ATGAAGCCGTACTGCCGCCG_006,197
ATGAAGCCGTACTGCCGCCG_007,26
ATGAAGCCGTACTGCCGCCG_008,165
ATGAAGCCGTACTGCCGCCG_009,137
ATGAAGCCGTACTGCCGCCG_010,45
ATGAAGCCGTACTGCCGCCG_011,121
ATGAAGCCGTACTGCCGCCG_012,179
ATGAAGCCGTACTGCCGCCG_013,183
ATGAAGCCGTACTGCCGCCG_014,185
ATGAAGCCGTACTGCCGCCG_015,35
ATGAAGCCGTACTGCCGCCG_016,90
ATGAAGCCGTACTGCCGCCG_017,90
ATGAAGCCGTACTGCCGCCG_018,160
ATGAAGCCGTACTGCCGCCG_019,58
ATGAAGCCGTACTGCCGCCG_020,183
ATGAAGCCGTACTGCCGCCG_021,138
ATGAAGCCGTACTGCCGCCG_022,105
ATGAAGCCGTACTGCCGCCG_023,41
AGCCATCGGCGACTACCTAG_001,15
AGCCATCGGCGACTACCTAG_002,50
AGCCATCGGCGACTACCTAG_003,19
AGCCATCGGCGACTACCTAG_004,14
AGCCATCGGCGACTACCTAG_005,181
AGCCATCGGCGACTACCTAG_006,163
AGCCATCGGCGACTACCTAG_007,49
AGCCATCGGCGACTACCTAG_008,48
AGCCATCGGCGACTACCTAG_009,151
AGCCATCGGCGACTACCTAG_010,118
AGCCATCGGCGACTACCTAG_011,116
AGCCATCGGCGACTACCTAG_012,126
AGCCATCGGCGACTACCTAG_013,33
AGCCATCGGCGACTACCTAG_014,22
AGCCATCGGCGACTACCTAG_015,174
AGCCATCGGCGACTACCTAG_016,199
AGCCATCGGCGACTACCTAG_017,19
AGCCATCGGCGACTACCTAG_018,169
AGCCATCGGCGACTACCTAG_019,194
AGCCATCGGCGACTACCTAG_020,130
AGCCATCGGCGACTACCTAG_021,190
AGCCATCGGCGACTACCTAG_022,49
AGCCATCGGCGACTACCTAG_023,147
AGCCATCGGCGACTACCTAG_024,88
AGCCATCGGCGACTACCTAG_025,185
AGCCATCGGCGACTACCTAG_026,184
AGCCATCGGCGACTACCTAG_027,183
AGCCATCGGCGACTACCTAG_028,46
AGCCATCGGCGACTACCTAG_029,34
AGCCATCGGCGACTACCTAG_030,49
ACGGCCCATCGGTCACGTAG_001,80
ACGGCCCATCGGTCACGTAG_002,158
ACGGCCCATCGGTCACGTAG_003,45
ACGGCCCATCGGTCACGTAG_004,5
ACGGCCCATCGGTCACGTAG_005,137
ACGGCCCATCGGTCACGTAG_006,162
ACGGCCCATCGGTCACGTAG_007,195
ACGGCCCATCGGTCACGTAG_008,94
ACGGCCCATCGGTCACGTAG_009,22
ACGGCCCATCGGTCACGTAG_010,60
ACGGCCCATCGGTCACGTAG_011,43
ACGGCCCATCGGTCACGTAG_012,192
GATGGATGCAATCTTAACTG_001,42
GATGGATGCAATCTTAACTG_002,72
GATGGATGCAATCTTAACTG_003,99
GATGGATGCAATCTTAACTG_004,171
GATGGATGCAATCTTAACTG_005,107
TCAGGTGCAAGTGAAAGTGT_001,30
TCAGGTGCAAGTGAAAGTGT_002,27
TCAGGTGCAAGTGAAAGTGT_003,134
TCAGGTGCAAGTGAAAGTGT_004,190
TCAGGTGCAAGTGAAAGTGT_005,120
TCAGGTGCAAGTGAAAGTGT_006,94
TCAGGTGCAAGTGAAAGTGT_007,53
TCAGGTGCAAGTGAAAGTGT_008,50
TCAGGTGCAAGTGAAAGTGT_009,190
TCAGGTGCAAGTGAAAGTGT_010,175
TCAGGTGCAAGTGAAAGTGT_011,47
ATTGTCTTCAGAGCCAAACG_001,27
ATTGTCTTCAGAGCCAAACG_002,122
ATTGTCTTCAGAGCCAAACG_003,198
TGCAGGTCAGTACTGTACCG_001,166
TGCAGGTCAGTACTGTACCG_002,40
TGCAGGTCAGTACTGTACCG_003,8
TTATGGCAAAAATTCAACGG_001,41
TTATGGCAAAAATTCAACGG_002,158
TTATGGCAAAAATTCAACGG_003,182
TTATGGCAAAAATTCAACGG_004,121
TTATGGCAAAAATTCAACGG_005,96
TTATGGCAAAAATTCAACGG_006,151
CCTGCGGAAGCCGAACGTGG_001,105
CCTGCGGAAGCCGAACGTGG_002,41
CCTGCGGAAGCCGAACGTGG_003,43
CCTGCGGAAGCCGAACGTGG_004,96
CCTGCGGAAGCCGAACGTGG_005,135
CCTGCGGAAGCCGAACGTGG_006,150
CCTGCGGAAGCCGAACGTGG_007,127
CCTGCGGAAGCCGAACGTGG_008,160
CCTGCGGAAGCCGAACGTGG_009,19
CCTGCGGAAGCCGAACGTGG_010,29
CCTGCGGAAGCCGAACGTGG_011,7
CCTGCGGAAGCCGAACGTGG_012,181
CCTGCGGAAGCCGAACGTGG_013,192
CCTGCGGAAGCCGAACGTGG_014,103
CCTGCGGAAGCCGAACGTGG_015,16
CCTGCGGAAGCCGAACGTGG_016,61
CCTGCGGAAGCCGAACGTGG_017,53
CCTGCGGAAGCCGAACGTGG_018,54
CCTGCGGAAGCCGAACGTGG_019,45
CCTGCGGAAGCCGAACGTGG_020,116
CCTGCGGAAGCCGAACGTGG_021,65
CCTGCGGAAGCCGAACGTGG_022,137
CCTGCGGAAGCCGAACGTGG_023,68
CCTGCGGAAGCCGAACGTGG_024,84
CCTGCGGAAGCCGAACGTGG_025,21
CCTGCGGAAGCCGAACGTGG_026,108
CCTGCGGAAGCCGAACGTGG_027,6
CCTGCGGAAGCCGAACGTGG_028,198
CCTGCGGAAGCCGAACGTGG_029,44
CCTGCGGAAGCCGAACGTGG_030,28
CCTGCGGAAGCCGAACGTGG_031,15
CCTGCGGAAGCCGAACGTGG_032,108
CCTGCGGAAGCCGAACGTGG_033,65
CCTGCGGAAGCCGAACGTGG_034,41
CCTGCGGAAGCCGAACGTGG_035,136
CCTGCGGAAGCCGAACGTGG_036,14
CCTGCGGAAGCCGAACGTGG_037,9
CCTGCGGAAGCCGAACGTGG_038,124
CCTGCGGAAGCCGAACGTGG_039,107
CCTGCGGAAGCCGAACGTGG_040,27
CCTGCGGAAGCCGAACGTGG_041,121
CCTGCGGAAGCCGAACGTGG_042,29
CGACGAGGCTGGACACATTG_001,107
CGACGAGGCTGGACACATTG_002,195
CGACGAGGCTGGACACATTG_003,48
CGACGAGGCTGGACACATTG_004,191
CGACGAGGCTGGACACATTG_005,84
CGACGAGGCTGGACACATTG_006,48
CGACGAGGCTGGACACATTG_007,152
CGACGAGGCTGGACACATTG_008,89
CGACGAGGCTGGACACATTG_009,49
CGACGAGGCTGGACACATTG_010,160
CGACGAGGCTGGACACATTG_011,53
CGACGAGGCTGGACACATTG_012,170
CGACGAGGCTGGACACATTG_013,29
CGACGAGGCTGGACACATTG_014,63
CGACGAGGCTGGACACATTG_015,198
CGACGAGGCTGGACACATTG_016,91
CGACGAGGCTGGACACATTG_017,67
CGACGAGGCTGGACACATTG_018,80
CGACGAGGCTGGACACATTG_019,120
CGACGAGGCTGGACACATTG_020,60
CGACGAGGCTGGACACATTG_021,105
CGACGAGGCTGGACACATTG_022,8
CGACGAGGCTGGACACATTG_023,9
CGACGAGGCTGGACACATTG_024,125
CGACGAGGCTGGACACATTG_025,177
CGACGAGGCTGGACACATTG_026,81
CGACGAGGCTGGACACATTG_027,130
CGACGAGGCTGGACACATTG_028,96
CGACGAGGCTGGACACATTG_029,119
CGACGAGGCTGGACACATTG_030,46
CGACGAGGCTGGACACATTG_031,78
CGACGAGGCTGGACACATTG_032,136
CGACGAGGCTGGACACATTG_033,56
TTCCGGTGGTAAAGCAGATG_001,155
TTCCGGTGGTAAAGCAGATG_002,171
AACCATACTTGGCATCTCCG_001,192
AACCATACTTGGCATCTCCG_002,120
AACCATACTTGGCATCTCCG_003,49
AACCATACTTGGCATCTCCG_004,163
AACCATACTTGGCATCTCCG_005,45
AACCATACTTGGCATCTCCG_006,164
AACCATACTTGGCATCTCCG_007,98
AACCATACTTGGCATCTCCG_008,83
AACCATACTTGGCATCTCCG_009,61
AGTCTCCAGAGCATTCCATG_001,53
AGTCTCCAGAGCATTCCATG_002,6
AGTCTCCAGAGCATTCCATG_003,30
AGTCTCCAGAGCATTCCATG_004,148
AGTCTCCAGAGCATTCCATG_005,137
AGTCTCCAGAGCATTCCATG_006,42
AGTCTCCAGAGCATTCCATG_007,140
AGTCTCCAGAGCATTCCATG_008,61
AGTCTCCAGAGCATTCCATG_009,8
AGTCTCCAGAGCATTCCATG_010,128
GCTGTGGCAGTATTCATGGA_001,34
GCTGTGGCAGTATTCATGGA_002,175
GCTGTGGCAGTATTCATGGA_003,31
GCTGTGGCAGTATTCATGGA_004,89
GCTGTGGCAGTATTCATGGA_005,30
GCTGTGGCAGTATTCATGGA_006,137
GCTGTGGCAGTATTCATGGA_007,154
GCTGTGGCAGTATTCATGGA_008,58
GCTGTGGCAGTATTCATGGA_009,171
GCTGTGGCAGTATTCATGGA_010,10
AGAAGCTAGAGCGTTTCAAG_001,38
AGAAGCTAGAGCGTTTCAAG_002,137
AGAAGCTAGAGCGTTTCAAG_003,53
AGAAGCTAGAGCGTTTCAAG_004,169
AGAAGCTAGAGCGTTTCAAG_005,72
AGAAGCTAGAGCGTTTCAAG_006,141
AGAAGCTAGAGCGTTTCAAG_007,147
AGAAGCTAGAGCGTTTCAAG_008,191
AGAAGCTAGAGCGTTTCAAG_009,62
AGAAGCTAGAGCGTTTCAAG_010,162
AGAAGCTAGAGCGTTTCAAG_011,49
AGAAGCTAGAGCGTTTCAAG_012,152
CTGCCAGCAGCCATTCGGCT_001,169
CTGCCAGCAGCCATTCGGCT_002,2
CTGCCAGCAGCCATTCGGCT_003,158
CTGCCAGCAGCCATTCGGCT_004,17
CTGCCAGCAGCCATTCGGCT_005,86
CTGCCAGCAGCCATTCGGCT_006,169
CTGCCAGCAGCCATTCGGCT_007,184
CTGCCAGCAGCCATTCGGCT_008,177
CTGCCAGCAGCCATTCGGCT_009,77
TGGGTCAAAGTGCAACTCCG_001,169
TGGGTCAAAGTGCAACTCCG_002,2
TGGGTCAAAGTGCAACTCCG_003,2
TGGGTCAAAGTGCAACTCCG_004,70
TGGGTCAAAGTGCAACTCCG_005,40
TGGGTCAAAGTGCAACTCCG_006,117
TGGGTCAAAGTGCAACTCCG_007,144
TGGGTCAAAGTGCAACTCCG_008,29
TGGGTCAAAGTGCAACTCCG_009,70
TGGGTCAAAGTGCAACTCCG_010,34
TGGGTCAAAGTGCAACTCCG_011,50
TGGGTCAAAGTGCAACTCCG_012,12
TGGGTCAAAGTGCAACTCCG_013,58
GCACAACAGAAAATTCCAAA_001,9
GCACAACAGAAAATTCCAAA_002,113
GCACAACAGAAAATTCCAAA_003,38
GCACAACAGAAAATTCCAAA_004,152
CCATCCCAGACAATAGAACG_001,118
CCATCCCAGACAATAGAACG_002,118
CCATCCCAGACAATAGAACG_003,149
CCATCCCAGACAATAGAACG_004,62
CCATCCCAGACAATAGAACG_005,169
CCATCCCAGACAATAGAACG_006,124
CCATCCCAGACAATAGAACG_007,0
CCATCCCAGACAATAGAACG_008,19
CCATCCCAGACAATAGAACG_009,12
CCATCCCAGACAATAGAACG_010,75
CCATCCCAGACAATAGAACG_011,94
CCATCCCAGACAATAGAACG_012,141
CCATCCCAGACAATAGAACG_013,38
CCATCCCAGACAATAGAACG_014,29
CCATCCCAGACAATAGAACG_015,130
CCATCCCAGACAATAGAACG_016,52
CCATCCCAGACAATAGAACG_017,63
CCATCCCAGACAATAGAACG_018,80
CCATCCCAGACAATAGAACG_019,112
CCATCCCAGACAATAGAACG_020,152
CCATCCCAGACAATAGAACG_021,80
CCAGCAGGGAACCGGACATG_001,19
CCAGCAGGGAACCGGACATG_002,191
CCAGCAGGGAACCGGACATG_003,35
CCAGCAGGGAACCGGACATG_004,50
CCAGCAGGGAACCGGACATG_005,119
CCAGCAGGGAACCGGACATG_006,183
CCAGCAGGGAACCGGACATG_007,162
CCAGCAGGGAACCGGACATG_008,170
CCAGCAGGGAACCGGACATG_009,65
CCAGCAGGGAACCGGACATG_010,144
CCAGCAGGGAACCGGACATG_011,155
CCAGCAGGGAACCGGACATG_012,176
CCAGCAGGGAACCGGACATG_013,145
CCAGCAGGGAACCGGACATG_014,29
CCAGCAGGGAACCGGACATG_015,40
CCAGCAGGGAACCGGACATG_016,145
CCAGCAGGGAACCGGACATG_017,0
CCAGCAGGGAACCGGACATG_018,6
AGGATAGGTCTTATTTACGT_001,80
AGGATAGGTCTTATTTACGT_002,46
AGGATAGGTCTTATTTACGT_003,77
AGGATAGGTCTTATTTACGT_004,152
AGGATAGGTCTTATTTACGT_005,81
CGGAACGTCTTCAGGCCAGG_001,13
CGGAACGTCTTCAGGCCAGG_002,26
CGGAACGTCTTCAGGCCAGG_003,162
CGGAACGTCTTCAGGCCAGG_004,9
CGGAACGTCTTCAGGCCAGG_005,3
CGGAACGTCTTCAGGCCAGG_006,141
CGGAACGTCTTCAGGCCAGG_007,143
CGGAACGTCTTCAGGCCAGG_008,36
GATCGCTTCAGCTCGCATCG_001,135
GATCGCTTCAGCTCGCATCG_002,77
GATCGCTTCAGCTCGCATCG_003,107
GATCGCTTCAGCTCGCATCG_004,30
GATCGCTTCAGCTCGCATCG_005,17
GATCGCTTCAGCTCGCATCG_006,141
GATCGCTTCAGCTCGCATCG_007,35
GATCGCTTCAGCTCGCATCG_008,146
GATCGCTTCAGCTCGCATCG_009,60
GATCGCTTCAGCTCGCATCG_010,160
GATCGCTTCAGCTCGCATCG_011,140
GATCGCTTCAGCTCGCATCG_012,104
GATCGCTTCAGCTCGCATCG_013,117
GATCGCTTCAGCTCGCATCG_014,188
GATCGCTTCAGCTCGCATCG_015,127
GATCGCTTCAGCTCGCATCG_016,190
GATCGCTTCAGCTCGCATCG_017,185
GATCGCTTCAGCTCGCATCG_018,86
GATCGCTTCAGCTCGCATCG_019,30
TGGATCCACAGACGGCCAGG_001,116
TGGATCCACAGACGGCCAGG_002,94
TGGATCCACAGACGGCCAGG_003,81
TGGATCCACAGACGGCCAGG_004,199
TGGATCCACAGACGGCCAGG_005,38
TGGATCCACAGACGGCCAGG_006,134
TGGATCCACAGACGGCCAGG_007,84
TGGATCCACAGACGGCCAGG_008,91
TGGATCCACAGACGGCCAGG_009,133
TGGATCCACAGACGGCCAGG_010,147
TGGATCCACAGACGGCCAGG_011,138
AGTGGTGGGCTTCCAGCAGG_001,112
AGTGGTGGGCTTCCAGCAGG_002,196
AGTGGTGGGCTTCCAGCAGG_003,142
AGTGGTGGGCTTCCAGCAGG_004,40
AGTGGTGGGCTTCCAGCAGG_005,147
AGTGGTGGGCTTCCAGCAGG_006,183
AGTGGTGGGCTTCCAGCAGG_007,104
GTTTAGCGAGTCCACCTACG_001,62
GTTTAGCGAGTCCACCTACG_002,63
GTTTAGCGAGTCCACCTACG_003,60
GTTTAGCGAGTCCACCTACG_004,182
ACTACTGGTATGACGAGCGG_001,103
ACTACTGGTATGACGAGCGG_002,130
ACTACTGGTATGACGAGCGG_003,36
ACTACTGGTATGACGAGCGG_004,180
TGAAGCCCGCTTACCCGAGT_001,43
TGAAGCCCGCTTACCCGAGT_002,160
TGAAGCCCGCTTACCCGAGT_003,47
TGAAGCCCGCTTACCCGAGT_004,162
ACTAGCAAAGAACCATCCAT_001,24
ACTAGCAAAGAACCATCCAT_002,52
ACTAGCAAAGAACCATCCAT_003,127
ACTAGCAAAGAACCATCCAT_004,178
ACTAGCAAAGAACCATCCAT_005,161
ACTAGCAAAGAACCATCCAT_006,62
ACTAGCAAAGAACCATCCAT_007,1
ACTAGCAAAGAACCATCCAT_008,40
ACTAGCAAAGAACCATCCAT_009,98
ACTAGCAAAGAACCATCCAT_010,162
ACTAGCAAAGAACCATCCAT_011,113
ACTAGCAAAGAACCATCCAT_012,169
GATTGTTTAAGCCTATTGCG_001,168
GATTGTTTAAGCCTATTGCG_002,179
GATTGTTTAAGCCTATTGCG_003,144
GATTGTTTAAGCCTATTGCG_004,161
TTACCTGACTGCTTAACCGA_001,85
TTACCTGACTGCTTAACCGA_002,62
TTACCTGACTGCTTAACCGA_003,60
TTACCTGACTGCTTAACCGA_004,73
TTACCTGACTGCTTAACCGA_005,20
TTACCTGACTGCTTAACCGA_006,88
TTACCTGACTGCTTAACCGA_007,0
TTACCTGACTGCTTAACCGA_008,67
TTACCTGACTGCTTAACCGA_009,39
TTACCTGACTGCTTAACCGA_010,81
GGAAACCCTGAACCTGCGCT_001,73
GGAAACCCTGAACCTGCGCT_002,59
GGAAACCCTGAACCTGCGCT_003,149
GGAAACCCTGAACCTGCGCT_004,91
GGAAACCCTGAACCTGCGCT_005,158
CATACCGAGTTTACACGGAA_001,70
CATACCGAGTTTACACGGAA_002,81
CATACCGAGTTTACACGGAA_003,105
CATACCGAGTTTACACGGAA_004,103
CATACCGAGTTTACACGGAA_005,12
CATACCGAGTTTACACGGAA_006,36
CCAAAATCGACAGGACGGCG_001,175
CCAAAATCGACAGGACGGCG_002,113
CCAAAATCGACAGGACGGCG_003,176
CCAAAATCGACAGGACGGCG_004,62
CCAAAATCGACAGGACGGCG_005,48
CCAAAATCGACAGGACGGCG_006,0
CCAAAATCGACAGGACGGCG_007,177
AGGAGCAAAGAATAATACCC_001,72
AGGAGCAAAGAATAATACCC_002,78
AGGAGCAAAGAATAATACCC_003,189
AGGAGCAAAGAATAATACCC_004,7
AGGAGCAAAGAATAATACCC_005,97
AGGAGCAAAGAATAATACCC_006,96
AGGAGCAAAGAATAATACCC_007,33
AGGAGCAAAGAATAATACCC_008,199
CCAAGCAATTGACTCCATCA_001,126
CCAAGCAATTGACTCCATCA_002,144
CCAAGCAATTGACTCCATCA_003,93
CCAAGCAATTGACTCCATCA_004,117
CCAAGCAATTGACTCCATCA_005,178
CCAAGCAATTGACTCCATCA_006,64
CCAAGCAATTGACTCCATCA_007,19
CCAAGCAATTGACTCCATCA_008,41
CCAAGCAATTGACTCCATCA_009,16
AGGTGTGAAGTGGGTTATAC_001,70
AGGTGTGAAGTGGGTTATAC_002,104
AGGTGTGAAGTGGGTTATAC_003,194
AGGTGTGAAGTGGGTTATAC_004,32
AGGTGTGAAGTGGGTTATAC_005,70
AGGTGTGAAGTGGGTTATAC_006,88
AGGTGTGAAGTGGGTTATAC_007,34
AGGTGTGAAGTGGGTTATAC_008,18
AGGTGTGAAGTGGGTTATAC_009,56
AGGTGTGAAGTGGGTTATAC_010,3
AGGTGTGAAGTGGGTTATAC_011,182
AGGTGTGAAGTGGGTTATAC_012,151
AGGTGTGAAGTGGGTTATAC_013,130
AGGTGTGAAGTGGGTTATAC_014,93
AGGTGTGAAGTGGGTTATAC_015,150
AGGTGTGAAGTGGGTTATAC_016,175
AGGTGTGAAGTGGGTTATAC_017,158
AAGAGCCAGTCAGAAACATG_001,183
AAGAGCCAGTCAGAAACATG_002,199
AAGAGCCAGTCAGAAACATG_003,62
AAGAGCCAGTCAGAAACATG_004,103
AAGAGCCAGTCAGAAACATG_005,152
CCTCCGTGCTAACGCGGACG_001,29
CCTCCGTGCTAACGCGGACG_002,162
CCTCCGTGCTAACGCGGACG_003,12
CCTCCGTGCTAACGCGGACG_004,127
CCTCCGTGCTAACGCGGACG_005,103
CCTCCGTGCTAACGCGGACG_006,183
CCTCCGTGCTAACGCGGACG_007,21
CCTCCGTGCTAACGCGGACG_008,62
CCTCCGTGCTAACGCGGACG_009,50
CCTCCGTGCTAACGCGGACG_010,146
CCTCCGTGCTAACGCGGACG_011,94
CCTCCGTGCTAACGCGGACG_012,118
TGGAAGATGTGGTCATCGAG_001,15
TGGAAGATGTGGTCATCGAG_002,59
TGGAAGATGTGGTCATCGAG_003,149
TGGAAGATGTGGTCATCGAG_004,15
TGGAAGATGTGGTCATCGAG_005,170
CATGGTACTGGATATAGTAC_001,41
ATCTGCATACTTCCTAACAG_001,146
ATCTGCATACTTCCTAACAG_002,183
ATCTGCATACTTCCTAACAG_003,30
ATTGTTTGCCTACTCCAGGT_001,112
ATTGTTTGCCTACTCCAGGT_002,199
ATTGTTTGCCTACTCCAGGT_003,1
ATTGTTTGCCTACTCCAGGT_004,62
ATTGTTTGCCTACTCCAGGT_005,158
ATTGTTTGCCTACTCCAGGT_006,114
CTCTGCAGGTGTGAGAACCA_001,162
CTCTGCAGGTGTGAGAACCA_002,44
CTCTGCAGGTGTGAGAACCA_003,125
GCACTCGGTTCATTAGCACC_001,63
GCACTCGGTTCATTAGCACC_002,36
GCACTCGGTTCATTAGCACC_003,105
GCACTCGGTTCATTAGCACC_004,29
GCACTCGGTTCATTAGCACC_005,58
GCACTCGGTTCATTAGCACC_006,126
GCACTCGGTTCATTAGCACC_007,171
GCACTCGGTTCATTAGCACC_008,159
GCACTCGGTTCATTAGCACC_009,15
GCACTCGGTTCATTAGCACC_010,5
AAAAATCCCGACAGTTACAA_001,124
AAAAATCCCGACAGTTACAA_002,136
AAAAATCCCGACAGTTACAA_003,106
AAAAATCCCGACAGTTACAA_004,130
AAAAATCCCGACAGTTACAA_005,137
ATGTACGGGAAGGACAAAGT_001,49
ATGTACGGGAAGGACAAAGT_002,68
ATGTACGGGAAGGACAAAGT_003,47
ATGTACGGGAAGGACAAAGT_004,93
ATGTACGGGAAGGACAAAGT_005,26
ATGTACGGGAAGGACAAAGT_006,155
ATGTACGGGAAGGACAAAGT_007,69
ATGTACGGGAAGGACAAAGT_008,137
ATGTACGGGAAGGACAAAGT_009,147
ATGTACGGGAAGGACAAAGT_010,188
ATGTACGGGAAGGACAAAGT_011,147
ATGTACGGGAAGGACAAAGT_012,155
ATGTACGGGAAGGACAAAGT_013,101
ATGTACGGGAAGGACAAAGT_014,175
ATGTACGGGAAGGACAAAGT_015,77
ATTGACCAGGTCCTGCAAGG_001,92
ATTGACCAGGTCCTGCAAGG_002,116
ATTGACCAGGTCCTGCAAGG_003,114
ATTGACCAGGTCCTGCAAGG_004,157
ATTGACCAGGTCCTGCAAGG_005,114
ATTGACCAGGTCCTGCAAGG_006,191
ATTGACCAGGTCCTGCAAGG_007,102
ATTGACCAGGTCCTGCAAGG_008,196
ATTGACCAGGTCCTGCAAGG_009,190
ATTGACCAGGTCCTGCAAGG_010,84
ATTGACCAGGTCCTGCAAGG_011,89
ATTGACCAGGTCCTGCAAGG_012,198
ATTGACCAGGTCCTGCAAGG_013,75
ATTGACCAGGTCCTGCAAGG_014,142
ATTGACCAGGTCCTGCAAGG_015,77
ATTGACCAGGTCCTGCAAGG_016,179
ATTGACCAGGTCCTGCAAGG_017,52
ATTGACCAGGTCCTGCAAGG_018,163
ATTGACCAGGTCCTGCAAGG_019,34
ATTGACCAGGTCCTGCAAGG_020,79
ATTGACCAGGTCCTGCAAGG_021,119
ATTGACCAGGTCCTGCAAGG_022,106
GCGACACCCCATACACCCTG_001,141
GCGACACCCCATACACCCTG_002,58
GCGACACCCCATACACCCTG_003,187
GCGACACCCCATACACCCTG_004,108
GCGACACCCCATACACCCTG_005,95
GCGACACCCCATACACCCTG_006,170
GCGACACCCCATACACCCTG_007,62
GCGACACCCCATACACCCTG_008,182
GCGACACCCCATACACCCTG_009,137
GCGACACCCCATACACCCTG_010,2
GCGACACCCCATACACCCTG_011,19
GCGACACCCCATACACCCTG_012,127
GCGACACCCCATACACCCTG_013,141
GCGACACCCCATACACCCTG_014,56
ACACAGTGCTGACAATACTT_001,61
ACACAGTGCTGACAATACTT_002,136
ACACAGTGCTGACAATACTT_003,46
ACACAGTGCTGACAATACTT_004,77
ACACAGTGCTGACAATACTT_005,106
TTGGGACGTAGATTCAGTCG_001,28
TTGGGACGTAGATTCAGTCG_002,33
TTGGGACGTAGATTCAGTCG_003,34
TTGGGACGTAGATTCAGTCG_004,154
TTGGGACGTAGATTCAGTCG_005,78
AAGGTACAGTGTATGTTGCA_001,141
AAGGTACAGTGTATGTTGCA_002,21
GAGAGTCTGCACTAACCCCG_001,172
GAGAGTCTGCACTAACCCCG_002,2
GAGAGTCTGCACTAACCCCG_003,29
GAGAGTCTGCACTAACCCCG_004,185
GAGAGTCTGCACTAACCCCG_005,179
GAGAGTCTGCACTAACCCCG_006,168
GAGAGTCTGCACTAACCCCG_007,57
GAGAGTCTGCACTAACCCCG_008,52
GAGAGTCTGCACTAACCCCG_009,169
GAGAGTCTGCACTAACCCCG_010,162
GAGAGTCTGCACTAACCCCG_011,2
GAGAGTCTGCACTAACCCCG_012,149
GAGAGTCTGCACTAACCCCG_013,112
GAGAGTCTGCACTAACCCCG_014,190
GAGAGTCTGCACTAACCCCG_015,69
GAGAGTCTGCACTAACCCCG_016,27
GAGAGTCTGCACTAACCCCG_017,150
GAGAGTCTGCACTAACCCCG_018,78
GAGAGTCTGCACTAACCCCG_019,49
GAGAGTCTGCACTAACCCCG_020,120
AGAATACCTACCTCAGTCTG_001,14
AGAATACCTACCTCAGTCTG_002,14
AGAATACCTACCTCAGTCTG_003,83
AGAATACCTACCTCAGTCTG_004,83
AGAATACCTACCTCAGTCTG_005,158
AGAATACCTACCTCAGTCTG_006,76
AGAATACCTACCTCAGTCTG_007,107
AGAATACCTACCTCAGTCTG_008,40
TGATAACGAAGCATCCACAA_001,63
TGATAACGAAGCATCCACAA_002,48
TGATAACGAAGCATCCACAA_003,140
CTTATGTCAGGTTATTCACA_001,147
CTTATGTCAGGTTATTCACA_002,199
CTTATGTCAGGTTATTCACA_003,32
CTTATGTCAGGTTATTCACA_004,139
TAGATATCACCCTTCAGACC_001,10
CAACATGTGTCAAGCCAATG_001,44
CAACATGTGTCAAGCCAATG_002,172
CAACATGTGTCAAGCCAATG_003,94
CAACATGTGTCAAGCCAATG_004,182
CAACATGTGTCAAGCCAATG_005,49
CAACATGTGTCAAGCCAATG_006,175
CAACATGTGTCAAGCCAATG_007,48
CAACATGTGTCAAGCCAATG_008,158
CAACATGTGTCAAGCCAATG_009,63
CAACATGTGTCAAGCCAATG_010,105
CAACATGTGTCAAGCCAATG_011,191
CAACATGTGTCAAGCCAATG_012,191
CAACATGTGTCAAGCCAATG_013,54
GTACAGCATGTGTACTGACC_001,85
GTACAGCATGTGTACTGACC_002,98
AGTCAGACACAGTTACTAGG_001,181
AGTCAGACACAGTTACTAGG_002,44
AGTCAGACACAGTTACTAGG_003,1
AGTCAGACACAGTTACTAGG_004,65
AGTCAGACACAGTTACTAGG_005,93
AGTCAGACACAGTTACTAGG_006,93
AGTCAGACACAGTTACTAGG_007,183
AGTCAGACACAGTTACTAGG_008,140
CAATCATCAGCTATCTACCT_001,183
CAATCATCAGCTATCTACCT_002,119
CAATCATCAGCTATCTACCT_003,84
CAATCATCAGCTATCTACCT_004,12
CAATCATCAGCTATCTACCT_005,148
ATTTGAGCACAGGTATAGCG_001,147
GGGTATTTAAGTAAGTTCGG_001,118
GGGTATTTAAGTAAGTTCGG_002,195
GGGTATTTAAGTAAGTTCGG_003,96
GGGTATTTAAGTAAGTTCGG_004,147
GGGTATTTAAGTAAGTTCGG_005,152
GGGTATTTAAGTAAGTTCGG_006,3
GTGTCAATCTGAATCATCAA_001,102
AAAGAGTATCCCTTTCGATG_001,27
AAAGAGTATCCCTTTCGATG_002,151
AAAGAGTATCCCTTTCGATG_003,199
AAAGAGTATCCCTTTCGATG_004,4
ATGACATCCACAATCCCCAG_001,121
ATGACATCCACAATCCCCAG_002,113
ATGACATCCACAATCCCCAG_003,81
ATGACATCCACAATCCCCAG_004,106
ATGACATCCACAATCCCCAG_005,39
ATGACATCCACAATCCCCAG_006,168
CAAAGTCGAAGTGTTCACGC_001,150
CAAAGTCGAAGTGTTCACGC_002,76
CAAAGTCGAAGTGTTCACGC_003,48
CAAAGTCGAAGTGTTCACGC_004,199
CAAAGTCGAAGTGTTCACGC_005,127
CAAAGTCGAAGTGTTCACGC_006,44
CAAAGTCGAAGTGTTCACGC_007,50
CAAAGTCGAAGTGTTCACGC_008,106
CAAAGTCGAAGTGTTCACGC_009,30
CAAAGTCGAAGTGTTCACGC_010,162
CAAAGTCGAAGTGTTCACGC_011,38
CAAAGTCGAAGTGTTCACGC_012,111
CAAAGTCGAAGTGTTCACGC_013,156
CAAAGTCGAAGTGTTCACGC_014,104
CAAAGTCGAAGTGTTCACGC_015,9
CAAAGTCGAAGTGTTCACGC_016,49
CAAAGTCGAAGTGTTCACGC_017,58
CTTTCTAGGCCCAGCTTCAG_001,58
CTTTCTAGGCCCAGCTTCAG_002,139
CTTTCTAGGCCCAGCTTCAG_003,62
CTTTCTAGGCCCAGCTTCAG_004,83
CTTTCTAGGCCCAGCTTCAG_005,186
CTTTCTAGGCCCAGCTTCAG_006,29
CTTTCTAGGCCCAGCTTCAG_007,102
CTTTCTAGGCCCAGCTTCAG_008,11
CTTTCTAGGCCCAGCTTCAG_009,184
CTTTCTAGGCCCAGCTTCAG_010,40
CTTTCTAGGCCCAGCTTCAG_011,102
CTTTCTAGGCCCAGCTTCAG_012,53
CTTTCTAGGCCCAGCTTCAG_013,73
CTTTCTAGGCCCAGCTTCAG_014,68
CTTTCTAGGCCCAGCTTCAG_015,188
CTTTCTAGGCCCAGCTTCAG_016,35
CTTTCTAGGCCCAGCTTCAG_017,1
GGTCGAATTCCTCGCCGAGA_001,166
GGTCGAATTCCTCGCCGAGA_002,108
GGTCGAATTCCTCGCCGAGA_003,49
GGTCGAATTCCTCGCCGAGA_004,8
GGTCGAATTCCTCGCCGAGA_005,22
GGTCGAATTCCTCGCCGAGA_006,1
GGTCGAATTCCTCGCCGAGA_007,132
ATGGGTCGTCACCGATGTGT_001,129
ATGGGTCGTCACCGATGTGT_002,173
ATGGGTCGTCACCGATGTGT_003,49
ATGGGTCGTCACCGATGTGT_004,179
ATGGGTCGTCACCGATGTGT_005,24
ATGGGTCGTCACCGATGTGT_006,17
ATGGGTCGTCACCGATGTGT_007,54
CATCTACCTAGCACATCGTG_001,144
CATCTACCTAGCACATCGTG_002,15
CATCTACCTAGCACATCGTG_003,146
CATCTACCTAGCACATCGTG_004,70
ATTTGCTCCTCAACCTAACG_001,191
ATTTGCTCCTCAACCTAACG_002,28
ATTTGCTCCTCAACCTAACG_003,6
ATTTGCTCCTCAACCTAACG_004,76
ATTTGCTCCTCAACCTAACG_005,120
ATTTGCTCCTCAACCTAACG_006,2
ATTTGCTCCTCAACCTAACG_007,76
ATTTGCTCCTCAACCTAACG_008,124
CCATGCAGAAGTCGTCCGAG_001,12
CCATGCAGAAGTCGTCCGAG_002,15
CCATGCAGAAGTCGTCCGAG_003,2
CCATGCAGAAGTCGTCCGAG_004,181
CCATGCAGAAGTCGTCCGAG_005,104
CCATGCAGAAGTCGTCCGAG_006,145
CCATGCAGAAGTCGTCCGAG_007,76
CCATGCAGAAGTCGTCCGAG_008,134
CCATGCAGAAGTCGTCCGAG_009,181
CCATGCAGAAGTCGTCCGAG_010,1
CCATGCAGAAGTCGTCCGAG_011,150
CCATGCAGAAGTCGTCCGAG_012,176
CCATGCAGAAGTCGTCCGAG_013,88
CCATGCAGAAGTCGTCCGAG_014,144
CCATGCAGAAGTCGTCCGAG_015,88
CCATGCAGAAGTCGTCCGAG_016,50
CCATGCAGAAGTCGTCCGAG_017,7
CCATGCAGAAGTCGTCCGAG_018,75
CCATGCAGAAGTCGTCCGAG_019,151
CCATGCAGAAGTCGTCCGAG_020,25
CCATGCAGAAGTCGTCCGAG_021,88
CCATGCAGAAGTCGTCCGAG_022,9
CCATGCAGAAGTCGTCCGAG_023,137
CCATGCAGAAGTCGTCCGAG_024,35
CCATGCAGAAGTCGTCCGAG_025,88
CCATGCAGAAGTCGTCCGAG_026,124
CTGATGGCGTCGATGTACTG_001,138
CTGATGGCGTCGATGTACTG_002,41
CTGATGGCGTCGATGTACTG_003,28
CTGATGGCGTCGATGTACTG_004,60
CTGATGGCGTCGATGTACTG_005,67
CTGATGGCGTCGATGTACTG_006,160
CTGATGGCGTCGATGTACTG_007,150
CTGATGGCGTCGATGTACTG_008,173
CTGATGGCGTCGATGTACTG_009,56
TGTGGTCAATAATGGCACCG_001,174
TGTGGTCAATAATGGCACCG_002,34
GGCCCGGACCCCGAATATGA_001,170
TAAGGTCTGCACAATCCGCT_001,28
TGATCAGATGTATGGCAACG_001,108
TGATCAGATGTATGGCAACG_002,105
TGATCAGATGTATGGCAACG_003,17
TGATCAGATGTATGGCAACG_004,35
AAGGCTCACAGCATCCAAGT_001,11
AAGGCTCACAGCATCCAAGT_002,113
AAGGCTCACAGCATCCAAGT_003,174
AAGGCTCACAGCATCCAAGT_004,158
AAGGCTCACAGCATCCAAGT_005,69
AAGGCTCACAGCATCCAAGT_006,142
AAGGCTCACAGCATCCAAGT_007,79
GCTTCCGCTACAAGTGCGAG_001,58
GCTTCCGCTACAAGTGCGAG_002,135
GCTTCCGCTACAAGTGCGAG_003,135
GCTTCCGCTACAAGTGCGAG_004,5
GCTTCCGCTACAAGTGCGAG_005,110
TAAAAGACCTAAGGCAAATG_001,60
TAAAAGACCTAAGGCAAATG_002,133
ATTCTTGAACTTCAAAACCA_001,144
ATTCTTGAACTTCAAAACCA_002,63
ATTCTTGAACTTCAAAACCA_003,199
ATTCTTGAACTTCAAAACCA_004,77
ATTCTTGAACTTCAAAACCA_005,138
ATTCTTGAACTTCAAAACCA_006,174
TACTGTCTATCCCGCAGACG_001,36
TACTGTCTATCCCGCAGACG_002,27
TACTGTCTATCCCGCAGACG_003,27
GCGAGAAGTACGGGCCCGAG_001,53
GCGAGAAGTACGGGCCCGAG_002,144
GCGAGAAGTACGGGCCCGAG_003,160
GCGAGAAGTACGGGCCCGAG_004,107
GCGAGAAGTACGGGCCCGAG_005,53
GCGAGAAGTACGGGCCCGAG_006,8
GCGAGAAGTACGGGCCCGAG_007,107
GCGAGAAGTACGGGCCCGAG_008,148
GCGAGAAGTACGGGCCCGAG_009,47
GCGAGAAGTACGGGCCCGAG_010,88
GCGAGAAGTACGGGCCCGAG_011,2
GCGAGAAGTACGGGCCCGAG_012,63
GCGAGAAGTACGGGCCCGAG_013,29
GCGAGAAGTACGGGCCCGAG_014,9
GCGAGAAGTACGGGCCCGAG_015,178
GCGAGAAGTACGGGCCCGAG_016,100
GCGAGAAGTACGGGCCCGAG_017,17
GCGAGAAGTACGGGCCCGAG_018,49
GCGAGAAGTACGGGCCCGAG_019,138
TTTCTAGCAACGATCCACGG_001,168
TTTCTAGCAACGATCCACGG_002,78
TTTCTAGCAACGATCCACGG_003,145
TTTCTAGCAACGATCCACGG_004,140
AGGGCAGCCTCAACTCAGGT_001,166
AGGGCAGCCTCAACTCAGGT_002,40
AGGGCAGCCTCAACTCAGGT_003,103
AGGGCAGCCTCAACTCAGGT_004,83
AGGGCAGCCTCAACTCAGGT_005,69
AGGGCAGCCTCAACTCAGGT_006,162
AGGGCAGCCTCAACTCAGGT_007,192
AGGGCAGCCTCAACTCAGGT_008,67
AGGGCAGCCTCAACTCAGGT_009,81
AGGGCAGCCTCAACTCAGGT_010,169
AGGGCAGCCTCAACTCAGGT_011,95
AGGGCAGCCTCAACTCAGGT_012,65
TCATGATGGATGTGTAATGA_001,163
TCATGATGGATGTGTAATGA_002,89
TCATGATGGATGTGTAATGA_003,154
TCATGATGGATGTGTAATGA_004,162
TCATGATGGATGTGTAATGA_005,28
TCATGATGGATGTGTAATGA_006,186
TCATGATGGATGTGTAATGA_007,2
TCATGATGGATGTGTAATGA_008,184
TGCCGCCAGTTCCTGTACGG_001,140
TGCCGCCAGTTCCTGTACGG_002,150
TGCCGCCAGTTCCTGTACGG_003,113
TGCCGCCAGTTCCTGTACGG_004,84
TGCCGCCAGTTCCTGTACGG_005,121
TGCCGCCAGTTCCTGTACGG_006,94
TGCCGCCAGTTCCTGTACGG_007,160
TGCCGCCAGTTCCTGTACGG_008,195
TGCCGCCAGTTCCTGTACGG_009,127
TGCCGCCAGTTCCTGTACGG_010,68
TGCCGCCAGTTCCTGTACGG_011,32
TGCCGCCAGTTCCTGTACGG_012,140
TGCCGCCAGTTCCTGTACGG_013,121
TGCCGCCAGTTCCTGTACGG_014,99
TGCCGCCAGTTCCTGTACGG_015,99
TGCCGCCAGTTCCTGTACGG_016,170
TGCCGCCAGTTCCTGTACGG_017,121
TGCCGCCAGTTCCTGTACGG_018,33
TGCCGCCAGTTCCTGTACGG_019,69
TGCCGCCAGTTCCTGTACGG_020,162
TGCCGCCAGTTCCTGTACGG_021,140
ACCTCAGCGAGTGTGCAGTG_001,97
ACCTCAGCGAGTGTGCAGTG_002,62
ACCTCAGCGAGTGTGCAGTG_003,174
ACCTCAGCGAGTGTGCAGTG_004,40
ACCTCAGCGAGTGTGCAGTG_005,50
ACCTCAGCGAGTGTGCAGTG_006,65
ACCTCAGCGAGTGTGCAGTG_007,153
ACCTCAGCGAGTGTGCAGTG_008,124
ACCTCAGCGAGTGTGCAGTG_009,57
ACCTCAGCGAGTGTGCAGTG_010,3
ACCTCAGCGAGTGTGCAGTG_011,142
ACCTCAGCGAGTGTGCAGTG_012,130
ACCTCAGCGAGTGTGCAGTG_013,50
ACCTCAGCGAGTGTGCAGTG_014,188
ACCTCAGCGAGTGTGCAGTG_015,158
ACCTCAGCGAGTGTGCAGTG_016,9
ACCTCAGCGAGTGTGCAGTG_017,154
ACCTCAGCGAGTGTGCAGTG_018,168
ACCTCAGCGAGTGTGCAGTG_019,128
ACCTCAGCGAGTGTGCAGTG_020,94
GGCCCGCGCCCTCATCGTGG_001,166
GGCCCGCGCCCTCATCGTGG_002,15
GGCCCGCGCCCTCATCGTGG_003,185
GGCCCGCGCCCTCATCGTGG_004,119
GGCCCGCGCCCTCATCGTGG_005,152
GGCCCGCGCCCTCATCGTGG_006,199
GGCCCGCGCCCTCATCGTGG_007,19
GGCCCGCGCCCTCATCGTGG_008,3
GGCCCGCGCCCTCATCGTGG_009,121
GGCCCGCGCCCTCATCGTGG_010,35
GGCCCGCGCCCTCATCGTGG_011,105
GGCCCGCGCCCTCATCGTGG_012,169
GGCCCGCGCCCTCATCGTGG_013,9
GGCCCGCGCCCTCATCGTGG_014,155
CATGTGCAAGCTCAAATGGG_001,19
CATGTGCAAGCTCAAATGGG_002,149
CATGTGCAAGCTCAAATGGG_003,62
CATGTGCAAGCTCAAATGGG_004,63
ATAAACTTGTTAGTGCACAT_001,37
ATAAACTTGTTAGTGCACAT_002,177
ATAAACTTGTTAGTGCACAT_003,57
ATAAACTTGTTAGTGCACAT_004,7
ATAAACTTGTTAGTGCACAT_005,181
ATAAACTTGTTAGTGCACAT_006,168
ATAAACTTGTTAGTGCACAT_007,40
ATAAACTTGTTAGTGCACAT_008,30
ATAAACTTGTTAGTGCACAT_009,77
ATAAACTTGTTAGTGCACAT_010,168
ATAAACTTGTTAGTGCACAT_011,56
ATAAACTTGTTAGTGCACAT_012,190
ATAAACTTGTTAGTGCACAT_013,20
ATAAACTTGTTAGTGCACAT_014,124
ATAAACTTGTTAGTGCACAT_015,118
ATAAACTTGTTAGTGCACAT_016,88
GCTTCAGGGCCAAAACAGGT_001,177
GCTTCAGGGCCAAAACAGGT_002,29
GCTTCAGGGCCAAAACAGGT_003,186
GCTTCAGGGCCAAAACAGGT_004,48
GCTTCAGGGCCAAAACAGGT_005,141
TTACTTGGTGCTGAGAGCGC_001,179
TTACTTGGTGCTGAGAGCGC_002,26
TTACTTGGTGCTGAGAGCGC_003,78
TTACTTGGTGCTGAGAGCGC_004,162
TTACTTGGTGCTGAGAGCGC_005,53
TTACTTGGTGCTGAGAGCGC_006,184
TTACTTGGTGCTGAGAGCGC_007,98
TTACTTGGTGCTGAGAGCGC_008,116
TTACTTGGTGCTGAGAGCGC_009,68
TCCATATCTGAAGTGTCAGT_001,106
TCCATATCTGAAGTGTCAGT_002,194
TCCATATCTGAAGTGTCAGT_003,12
TCCATATCTGAAGTGTCAGT_004,33
TCCATATCTGAAGTGTCAGT_005,56
TCCATATCTGAAGTGTCAGT_006,140
TCCATATCTGAAGTGTCAGT_007,94
CGCGGATACCGACACCGCTG_001,175
CGCGGATACCGACACCGCTG_002,182
CGCGGATACCGACACCGCTG_003,58
GCGGTGGAAAAGACCAAGCA_001,159
GCGGTGGAAAAGACCAAGCA_002,105
GCGGTGGAAAAGACCAAGCA_003,156
GCGGTGGAAAAGACCAAGCA_004,112
GCGGTGGAAAAGACCAAGCA_005,112
GCGGTGGAAAAGACCAAGCA_006,88
GCGGTGGAAAAGACCAAGCA_007,70
GCGGTGGAAAAGACCAAGCA_008,57
GCGGTGGAAAAGACCAAGCA_009,113
GCGGTGGAAAAGACCAAGCA_010,41
GCGGTGGAAAAGACCAAGCA_011,130
GCGGTGGAAAAGACCAAGCA_012,147
GGACGTGAGTTTCAGCACGC_001,27
GGACGTGAGTTTCAGCACGC_002,8
GGACGTGAGTTTCAGCACGC_003,17
GGACGTGAGTTTCAGCACGC_004,58
GGACGTGAGTTTCAGCACGC_005,106
GGACGTGAGTTTCAGCACGC_006,170
GGACGTGAGTTTCAGCACGC_007,94
GGACGTGAGTTTCAGCACGC_008,103
GGACGTGAGTTTCAGCACGC_009,25
GGACGTGAGTTTCAGCACGC_010,14
GGACGTGAGTTTCAGCACGC_011,69
GGACGTGAGTTTCAGCACGC_012,43
GGACGTGAGTTTCAGCACGC_013,111
GGACGTGAGTTTCAGCACGC_014,166
GGACGTGAGTTTCAGCACGC_015,2
GGACGTGAGTTTCAGCACGC_016,16
GGACGTGAGTTTCAGCACGC_017,94
GGACGTGAGTTTCAGCACGC_018,9
GGACGTGAGTTTCAGCACGC_019,155
GGACGTGAGTTTCAGCACGC_020,0
GCAGGACCATAAGGAGCCAT_001,151
GCAGGACCATAAGGAGCCAT_002,182
GCAGGACCATAAGGAGCCAT_003,124
GCAGGACCATAAGGAGCCAT_004,85
GCAGGACCATAAGGAGCCAT_005,176
GCAGGACCATAAGGAGCCAT_006,193
GCAGGACCATAAGGAGCCAT_007,16
GCAGGACCATAAGGAGCCAT_008,5
GCAGGACCATAAGGAGCCAT_009,193
GCAGGACCATAAGGAGCCAT_010,60
GCAGGACCATAAGGAGCCAT_011,140
GCAGGACCATAAGGAGCCAT_012,195
TTGAAGTTCTGCGCTCAATG_001,196
TTGAAGTTCTGCGCTCAATG_002,77
TTGAAGTTCTGCGCTCAATG_003,70
TTGAAGTTCTGCGCTCAATG_004,34
TTGAAGTTCTGCGCTCAATG_005,115
TTGAAGTTCTGCGCTCAATG_006,28
TTGAAGTTCTGCGCTCAATG_007,102
TTGAAGTTCTGCGCTCAATG_008,145
TTGAAGTTCTGCGCTCAATG_009,7
TTGAAGTTCTGCGCTCAATG_010,174
TTGAAGTTCTGCGCTCAATG_011,19
TTGAAGTTCTGCGCTCAATG_012,127
TTGAAGTTCTGCGCTCAATG_013,36
TTGAAGTTCTGCGCTCAATG_014,43
CTTCGGCTATGACCTGTACC_001,42
CTTCGGCTATGACCTGTACC_002,76
CTTCGGCTATGACCTGTACC_003,159
CTTCGGCTATGACCTGTACC_004,8
CTTCGGCTATGACCTGTACC_005,198
CTTCGGCTATGACCTGTACC_006,49
CTTCGGCTATGACCTGTACC_007,121
CTTCGGCTATGACCTGTACC_008,62
CTTCGGCTATGACCTGTACC_009,14
CTTCGGCTATGACCTGTACC_010,146
CTTCGGCTATGACCTGTACC_011,115
CTTCGGCTATGACCTGTACC_012,130
CTTCGGCTATGACCTGTACC_013,46
CTTCGGCTATGACCTGTACC_014,119
CTTCGGCTATGACCTGTACC_015,138
CTTCGGCTATGACCTGTACC_016,153
AGACATATGGTAGTAAAAGG_001,33
AGACATATGGTAGTAAAAGG_002,162
AGACATATGGTAGTAAAAGG_003,138
AGACATATGGTAGTAAAAGG_004,166
AGACATATGGTAGTAAAAGG_005,33
AGACATATGGTAGTAAAAGG_006,6
AGACATATGGTAGTAAAAGG_007,149
AGACATATGGTAGTAAAAGG_008,175
AGACATATGGTAGTAAAAGG_009,6
CATCAGTAGAATATGAACCA_001,94
GATTATCATAATCAAGTTCG_001,40
AGATCCATTTGTCCTTGACT_001,106
AGATCCATTTGTCCTTGACT_002,49
AGATCCATTTGTCCTTGACT_003,15
AGATCCATTTGTCCTTGACT_004,150
AGATCCATTTGTCCTTGACT_005,105
AGATCCATTTGTCCTTGACT_006,69
GAAAGACTTGAACTCAAGGT_001,147
GAAAGACTTGAACTCAAGGT_002,98
GAAAGACTTGAACTCAAGGT_003,52
GAAAGACTTGAACTCAAGGT_004,136
GAAAGACTTGAACTCAAGGT_005,156
CCAATCTTGAACGTCATGTT_001,158
CCAATCTTGAACGTCATGTT_002,73
CCAATCTTGAACGTCATGTT_003,130
CCAATCTTGAACGTCATGTT_004,78
CCAATCTTGAACGTCATGTT_005,13
CCAATCTTGAACGTCATGTT_006,168
CCAATCTTGAACGTCATGTT_007,26
CCAATCTTGAACGTCATGTT_008,133
CCAATCTTGAACGTCATGTT_009,111
CCAATCTTGAACGTCATGTT_010,145
CCAATCTTGAACGTCATGTT_011,121
CCAATCTTGAACGTCATGTT_012,2
CCAATCTTGAACGTCATGTT_013,107
CCAATCTTGAACGTCATGTT_014,59
CCAATCTTGAACGTCATGTT_015,50
CCAATCTTGAACGTCATGTT_016,127
CCAATCTTGAACGTCATGTT_017,162
CCAATCTTGAACGTCATGTT_018,2
CCAATCTTGAACGTCATGTT_019,61
CCAATCTTGAACGTCATGTT_020,149
CCAATCTTGAACGTCATGTT_021,63
CCAATCTTGAACGTCATGTT_022,169
CTGAGACAGCTTCAAAGACA_001,72
CTGAGACAGCTTCAAAGACA_002,114
CTGAGACAGCTTCAAAGACA_003,58
CTGAGACAGCTTCAAAGACA_004,183
CTGAGACAGCTTCAAAGACA_005,108
CTGAGACAGCTTCAAAGACA_006,174
CTGAGACAGCTTCAAAGACA_007,94
CTGAGACAGCTTCAAAGACA_008,142
CTGAGACAGCTTCAAAGACA_009,3
CTGAGACAGCTTCAAAGACA_010,142
CTGAGACAGCTTCAAAGACA_011,46
CTGAGACAGCTTCAAAGACA_012,60
TTCGATGGCGAGACCATCGA_001,91
TTCGATGGCGAGACCATCGA_002,48
TTCGATGGCGAGACCATCGA_003,61
ATCCACACAGCAAGAATGAG_001,126
ATCCACACAGCAAGAATGAG_002,192
ATCCACACAGCAAGAATGAG_003,97
ATCCACACAGCAAGAATGAG_004,8
ATCCACACAGCAAGAATGAG_005,141
ATCCACACAGCAAGAATGAG_006,147
ATCCACACAGCAAGAATGAG_007,149
ATCCACACAGCAAGAATGAG_008,10
ATCCACACAGCAAGAATGAG_009,35
ATCCACACAGCAAGAATGAG_010,48
AACAGCTCCAAGTCGAACGG_001,183
AACAGCTCCAAGTCGAACGG_002,132
AACAGCTCCAAGTCGAACGG_003,0
AACAGCTCCAAGTCGAACGG_004,4
AACAGCTCCAAGTCGAACGG_005,160
AACAGCTCCAAGTCGAACGG_006,142
AACAGCTCCAAGTCGAACGG_007,94
AACAGCTCCAAGTCGAACGG_008,152
AACAGCTCCAAGTCGAACGG_009,14
AACAGCTCCAAGTCGAACGG_010,76
AACAGCTCCAAGTCGAACGG_011,58
AACAGCTCCAAGTCGAACGG_012,41
AACAGCTCCAAGTCGAACGG_013,20
AACAGCTCCAAGTCGAACGG_014,77
TCCCATCTGTCATGTAGCGG_001,194
TCCCATCTGTCATGTAGCGG_002,188
TCCCATCTGTCATGTAGCGG_003,16
TGCGTGGCGGCCTGAAATGG_001,141
TGCGTGGCGGCCTGAAATGG_002,60
TGCGTGGCGGCCTGAAATGG_003,184
TGCGTGGCGGCCTGAAATGG_004,61
TGCGTGGCGGCCTGAAATGG_005,127
TGCGTGGCGGCCTGAAATGG_006,56
TGCGTGGCGGCCTGAAATGG_007,6
TGCGTGGCGGCCTGAAATGG_008,127
TGCGTGGCGGCCTGAAATGG_009,69
TGCGTGGCGGCCTGAAATGG_010,23
TGCGTGGCGGCCTGAAATGG_011,121
TGCGTGGCGGCCTGAAATGG_012,149
TGCGTGGCGGCCTGAAATGG_013,11
TGCGTGGCGGCCTGAAATGG_014,189
TGCGTGGCGGCCTGAAATGG_015,136
TGCGTGGCGGCCTGAAATGG_016,174
GTCGTCGGCCCGCTTCCGGA_001,55
GTCGTCGGCCCGCTTCCGGA_002,57
GTCGTCGGCCCGCTTCCGGA_003,88
GTCGTCGGCCCGCTTCCGGA_004,145
GTCGTCGGCCCGCTTCCGGA_005,149
GTCGTCGGCCCGCTTCCGGA_006,104
GTCGTCGGCCCGCTTCCGGA_007,198
GTCGTCGGCCCGCTTCCGGA_008,6
TGGCAGATTTGTTAGCACTG_001,12
TGGCAGATTTGTTAGCACTG_002,150
TGGCAGATTTGTTAGCACTG_003,84
TGGCAGATTTGTTAGCACTG_004,9
TGGCAGATTTGTTAGCACTG_005,160
TGGCAGATTTGTTAGCACTG_006,13
TGGCAGATTTGTTAGCACTG_007,184
TGGCAGATTTGTTAGCACTG_008,144
GCCACTACCTGAACACAATG_001,41
GCCACTACCTGAACACAATG_002,11
GCCACTACCTGAACACAATG_003,68
GCCACTACCTGAACACAATG_004,68
GCCACTACCTGAACACAATG_005,44
GCCACTACCTGAACACAATG_006,124
GCCACTACCTGAACACAATG_007,175
GCCACTACCTGAACACAATG_008,172
AAAGCAAGTTCGAGTACGTG_001,127
AAAGCAAGTTCGAGTACGTG_002,45
AAAGCAAGTTCGAGTACGTG_003,30
AAAGCAAGTTCGAGTACGTG_004,49
AAAGCAAGTTCGAGTACGTG_005,149
AAAGCAAGTTCGAGTACGTG_006,169
AAAGCAAGTTCGAGTACGTG_007,104
AAAGCAAGTTCGAGTACGTG_008,26
AAAGCAAGTTCGAGTACGTG_009,157
AAAGCAAGTTCGAGTACGTG_010,97
AAAGCAAGTTCGAGTACGTG_011,19
AAAGCAAGTTCGAGTACGTG_012,19
AAAGCAAGTTCGAGTACGTG_013,41
AAAGCAAGTTCGAGTACGTG_014,9
AAAGCAAGTTCGAGTACGTG_015,121
AATGATTAAGGAGTGTGACA_001,49
AATGATTAAGGAGTGTGACA_002,188
AATGATTAAGGAGTGTGACA_003,68
AATGATTAAGGAGTGTGACA_004,166
TCAGGCAGAACGAGATCTTG_001,127
TCAGGCAGAACGAGATCTTG_002,197
TCAGGCAGAACGAGATCTTG_003,52
TCAGGCAGAACGAGATCTTG_004,108
TCAGGCAGAACGAGATCTTG_005,1
TCAGGCAGAACGAGATCTTG_006,106
TCAGGCAGAACGAGATCTTG_007,96
TCAGGCAGAACGAGATCTTG_008,124
GTTAGCTGCAGAAATAGCAT_001,198
GTTAGCTGCAGAAATAGCAT_002,17
GTTAGCTGCAGAAATAGCAT_003,35
AGCTACTGCATCCTTCCCGG_001,115
AGCTACTGCATCCTTCCCGG_002,148
AGCTACTGCATCCTTCCCGG_003,175
AGCTACTGCATCCTTCCCGG_004,115
TCACCAGCATCAAGGCACAA_001,160
TCACCAGCATCAAGGCACAA_002,47
TCACCAGCATCAAGGCACAA_003,41
TCACCAGCATCAAGGCACAA_004,88
TCACCAGCATCAAGGCACAA_005,139
TCACCAGCATCAAGGCACAA_006,103
TCACCAGCATCAAGGCACAA_007,102
TCACCAGCATCAAGGCACAA_008,116
TCACCAGCATCAAGGCACAA_009,132
TCACCAGCATCAAGGCACAA_010,67
TCACCAGCATCAAGGCACAA_011,157
TCACCAGCATCAAGGCACAA_012,15
TCACCAGCATCAAGGCACAA_013,60
TCACCAGCATCAAGGCACAA_014,15
TCACCAGCATCAAGGCACAA_015,130
CCCCTAATTACCCGAACAGC_001,133
CCCCTAATTACCCGAACAGC_002,104
CCCCTAATTACCCGAACAGC_003,103
CCCCTAATTACCCGAACAGC_004,158
CCCCTAATTACCCGAACAGC_005,10
CCCCTAATTACCCGAACAGC_006,181
GACAGGCCTTCATGACCTCG_001,26
GACAGGCCTTCATGACCTCG_002,44
GACAGGCCTTCATGACCTCG_003,107
GACAGGCCTTCATGACCTCG_004,132
GACAGGCCTTCATGACCTCG_005,76
GACAGGCCTTCATGACCTCG_006,177
GACAGGCCTTCATGACCTCG_007,2
GACAGGCCTTCATGACCTCG_008,88
GACAGGCCTTCATGACCTCG_009,177
GACAGGCCTTCATGACCTCG_010,195
ATATGTCAGCAAGCCCACTA_001,73
ATATGTCAGCAAGCCCACTA_002,174
ATATGTCAGCAAGCCCACTA_003,197
ATATGTCAGCAAGCCCACTA_004,33
ATATGTCAGCAAGCCCACTA_005,48
ATATGTCAGCAAGCCCACTA_006,11
ATATGTCAGCAAGCCCACTA_007,172
ATATGTCAGCAAGCCCACTA_008,165
ATATGTCAGCAAGCCCACTA_009,169
ATATGTCAGCAAGCCCACTA_010,188
ATATGTCAGCAAGCCCACTA_011,108
ATATGTCAGCAAGCCCACTA_012,15
ATATGTCAGCAAGCCCACTA_013,8
ATATGTCAGCAAGCCCACTA_014,78
ATATGTCAGCAAGCCCACTA_015,10
ATATGTCAGCAAGCCCACTA_016,148
ATATGTCAGCAAGCCCACTA_017,77
ATATGTCAGCAAGCCCACTA_018,0
ATATGTCAGCAAGCCCACTA_019,170
ATATGTCAGCAAGCCCACTA_020,149
ATATGTCAGCAAGCCCACTA_021,127
ATATGTCAGCAAGCCCACTA_022,151
ATATGTCAGCAAGCCCACTA_023,139
ATATGTCAGCAAGCCCACTA_024,65
ATATGTCAGCAAGCCCACTA_025,60
ATATGTCAGCAAGCCCACTA_026,77
ATATGTCAGCAAGCCCACTA_027,70
ATATGTCAGCAAGCCCACTA_028,29
ATATGTCAGCAAGCCCACTA_029,102
ATATGTCAGCAAGCCCACTA_030,119
ATATGTCAGCAAGCCCACTA_031,191
ATATGTCAGCAAGCCCACTA_032,117
ATATGTCAGCAAGCCCACTA_033,118
ATATGTCAGCAAGCCCACTA_034,34
ATATGTCAGCAAGCCCACTA_035,10
ATATGTCAGCAAGCCCACTA_036,17
ATATGTCAGCAAGCCCACTA_037,133
ATATGTCAGCAAGCCCACTA_038,78
ATATGTCAGCAAGCCCACTA_039,98
ATTACCTTGCAGTAGATAGG_001,62
ATTACCTTGCAGTAGATAGG_002,188
ATTACCTTGCAGTAGATAGG_003,163
ATTACCTTGCAGTAGATAGG_004,130
ATTACCTTGCAGTAGATAGG_005,142
ATTACCTTGCAGTAGATAGG_006,60
ATTACCTTGCAGTAGATAGG_007,150
ATTACCTTGCAGTAGATAGG_008,115
ATTACCTTGCAGTAGATAGG_009,1
ATTACCTTGCAGTAGATAGG_010,34
ATTACCTTGCAGTAGATAGG_011,81
ATTACCTTGCAGTAGATAGG_012,8
GTTGGGGAGCCGGTACATGC_001,118
GTTGGGGAGCCGGTACATGC_002,182
GTTGGGGAGCCGGTACATGC_003,62
GTTGGGGAGCCGGTACATGC_004,165
GTTGGGGAGCCGGTACATGC_005,128
AAGTACCAACAAGTTCAACC_001,91
AAGTACCAACAAGTTCAACC_002,105
AAGTACCAACAAGTTCAACC_003,52
AAGTACCAACAAGTTCAACC_004,142
CGGCATCTCAACGTTCGGGG_001,192
CGGCATCTCAACGTTCGGGG_002,50
CGGCATCTCAACGTTCGGGG_003,29
CGGCATCTCAACGTTCGGGG_004,74
CGGCATCTCAACGTTCGGGG_005,113
CGGCATCTCAACGTTCGGGG_006,105
CGGCATCTCAACGTTCGGGG_007,0
CGGCATCTCAACGTTCGGGG_008,102
CGGCATCTCAACGTTCGGGG_009,61
CGGCATCTCAACGTTCGGGG_010,193
AGACATCTAAGGTTCGACCT_001,2
AGACATCTAAGGTTCGACCT_002,94
AGACATCTAAGGTTCGACCT_003,199
AGACATCTAAGGTTCGACCT_004,169
AGACATCTAAGGTTCGACCT_005,150
AGACATCTAAGGTTCGACCT_006,118
AGACATCTAAGGTTCGACCT_007,6
AGACATCTAAGGTTCGACCT_008,147
AGACATCTAAGGTTCGACCT_009,115
AGACATCTAAGGTTCGACCT_010,11
AGACATCTAAGGTTCGACCT_011,185
AGACATCTAAGGTTCGACCT_012,168
AGACATCTAAGGTTCGACCT_013,57
AGACATCTAAGGTTCGACCT_014,121
AGACATCTAAGGTTCGACCT_015,195
AGACATCTAAGGTTCGACCT_016,181
AGACATCTAAGGTTCGACCT_017,155
AGACATCTAAGGTTCGACCT_018,22
AGACATCTAAGGTTCGACCT_019,114
AGACATCTAAGGTTCGACCT_020,184
AGACATCTAAGGTTCGACCT_021,51
AGACATCTAAGGTTCGACCT_022,99
AGACATCTAAGGTTCGACCT_023,100
AGACATCTAAGGTTCGACCT_024,17
AGACATCTAAGGTTCGACCT_025,34
AGCGTGGAAGACATAGACGC_001,85
AGCGTGGAAGACATAGACGC_002,42
AGCGTGGAAGACATAGACGC_003,118
AGCGTGGAAGACATAGACGC_004,60
AGCGTGGAAGACATAGACGC_005,116
AGCGTGGAAGACATAGACGC_006,13
AGCGTGGAAGACATAGACGC_007,57
AGCGTGGAAGACATAGACGC_008,130
AGCGTGGAAGACATAGACGC_009,57
AGCGTGGAAGACATAGACGC_010,106
AGCGTGGAAGACATAGACGC_011,134
AGCGTGGAAGACATAGACGC_012,150
AGCGTGGAAGACATAGACGC_013,137
AGCGTGGAAGACATAGACGC_014,124
AGCGTGGAAGACATAGACGC_015,42
AGCGTGGAAGACATAGACGC_016,138
AGCGTGGAAGACATAGACGC_017,57
AAGTGGGCACCAAAGTCCAA_001,138
AAGTGGGCACCAAAGTCCAA_002,18
AAGTGGGCACCAAAGTCCAA_003,12
AAGTGGGCACCAAAGTCCAA_004,141
AAGTGGGCACCAAAGTCCAA_005,50
AAGTGGGCACCAAAGTCCAA_006,66
TACGTATAATAATTTGTCCA_001,133
TACGTATAATAATTTGTCCA_002,22
TACGTATAATAATTTGTCCA_003,69
AGGTTGGTGACTGTGAACGC_001,2
AGGTTGGTGACTGTGAACGC_002,81
AGGTTGGTGACTGTGAACGC_003,121
AGGTTGGTGACTGTGAACGC_004,183
TGAGGTCACTCCCAGCGATG_001,49
TGAGGTCACTCCCAGCGATG_002,147
TGAGGTCACTCCCAGCGATG_003,59
TGAGGTCACTCCCAGCGATG_004,145
TGAGGTCACTCCCAGCGATG_005,192
TGAGGTCACTCCCAGCGATG_006,169
TGAGGTCACTCCCAGCGATG_007,69
TGAGGTCACTCCCAGCGATG_008,40
TGAGGTCACTCCCAGCGATG_009,188
TGAGGTCACTCCCAGCGATG_010,20
TATGCCTATTACCTGCACCA_001,16
TATGCCTATTACCTGCACCA_002,174
TATGCCTATTACCTGCACCA_003,3
GCAGTGTGTTCGGAGCCCAG_001,7
GCAGTGTGTTCGGAGCCCAG_002,71
GCAGTGTGTTCGGAGCCCAG_003,192
GCAGTGTGTTCGGAGCCCAG_004,150
GCAGTGTGTTCGGAGCCCAG_005,127
GCAGTGTGTTCGGAGCCCAG_006,29
GCAGTGTGTTCGGAGCCCAG_007,71
GCAGTGTGTTCGGAGCCCAG_008,199
GCAGTGTGTTCGGAGCCCAG_009,162
GCAGTGTGTTCGGAGCCCAG_010,94
GCAGTGTGTTCGGAGCCCAG_011,79
GCAGTGTGTTCGGAGCCCAG_012,117
TTAGGTTTGGTCCTTTCACG_001,98
ATGTAGCTGAGACCAGTGAG_001,172
ATGTAGCTGAGACCAGTGAG_002,157
ATGTAGCTGAGACCAGTGAG_003,88
ATGTAGCTGAGACCAGTGAG_004,71
ATGTAGCTGAGACCAGTGAG_005,75
ATGTAGCTGAGACCAGTGAG_006,142
ATGTAGCTGAGACCAGTGAG_007,142
CGGACCAGCAGTCCTGCGCA_001,171
CGGACCAGCAGTCCTGCGCA_002,102
CGGACCAGCAGTCCTGCGCA_003,191
CGGACCAGCAGTCCTGCGCA_004,139
CGGACCAGCAGTCCTGCGCA_005,167
CGGACCAGCAGTCCTGCGCA_006,93
CGGACCAGCAGTCCTGCGCA_007,6
CGGACCAGCAGTCCTGCGCA_008,65
CGGACCAGCAGTCCTGCGCA_009,176
CGGACCAGCAGTCCTGCGCA_010,180
CTTCATGCGGCTGTAGACGG_001,7
CTTCATGCGGCTGTAGACGG_002,102
CTTCATGCGGCTGTAGACGG_003,82
CTTCATGCGGCTGTAGACGG_004,45
CTTCATGCGGCTGTAGACGG_005,160
CTTCATGCGGCTGTAGACGG_006,105
CTTCATGCGGCTGTAGACGG_007,88
CTTCATGCGGCTGTAGACGG_008,90
CTTCATGCGGCTGTAGACGG_009,70
CTTCATGCGGCTGTAGACGG_010,182
GGTTATACGGGAAGTACAGA_001,145
GGTTATACGGGAAGTACAGA_002,19
AGGAAGCGAAGAATGCCTGT_001,171
AGGAAGCGAAGAATGCCTGT_002,73
AGGAAGCGAAGAATGCCTGT_003,52
AGGAAGCGAAGAATGCCTGT_004,19
AGGAAGCGAAGAATGCCTGT_005,19
AGGAAGCGAAGAATGCCTGT_006,98
AGGAAGCGAAGAATGCCTGT_007,115
AGGAAGCGAAGAATGCCTGT_008,1
AGGAAGCGAAGAATGCCTGT_009,168
AGGAAGCGAAGAATGCCTGT_010,152
AGGAAGCGAAGAATGCCTGT_011,63
AGGAAGCGAAGAATGCCTGT_012,76
AGGAAGCGAAGAATGCCTGT_013,152
ACATAGTCGACGGCTCGATT_001,166
ACATAGTCGACGGCTCGATT_002,29
ACATAGTCGACGGCTCGATT_003,40
ACATAGTCGACGGCTCGATT_004,117
ACATAGTCGACGGCTCGATT_005,82
ACATAGTCGACGGCTCGATT_006,45
ACATAGTCGACGGCTCGATT_007,70
ACATAGTCGACGGCTCGATT_008,162
ACATAGTCGACGGCTCGATT_009,141
ACATAGTCGACGGCTCGATT_010,49
ACATAGTCGACGGCTCGATT_011,2
ACATAGTCGACGGCTCGATT_012,137
ACATAGTCGACGGCTCGATT_013,147
ACATAGTCGACGGCTCGATT_014,58
ACATAGTCGACGGCTCGATT_015,134
ACATAGTCGACGGCTCGATT_016,188
ACATAGTCGACGGCTCGATT_017,118
ACATAGTCGACGGCTCGATT_018,157
ACATAGTCGACGGCTCGATT_019,75
AAAAGCTGGCAATGTCAAGA_001,158
AAAAGCTGGCAATGTCAAGA_002,195
ATAGCAGAAGAGATCTATGG_001,10
ATAGCAGAAGAGATCTATGG_002,188
ATAGCAGAAGAGATCTATGG_003,121
ATAGCAGAAGAGATCTATGG_004,49
ATAGCAGAAGAGATCTATGG_005,63
ATAGCAGAAGAGATCTATGG_006,149
ATAGCAGAAGAGATCTATGG_007,188
CAAGAAGCTGTGAAGTACCA_001,66
CAAGAAGCTGTGAAGTACCA_002,32
CAAGAAGCTGTGAAGTACCA_003,106
CACAACCCCATCGGGAACGA_001,165
CACAACCCCATCGGGAACGA_002,172
CACAACCCCATCGGGAACGA_003,62
CACAACCCCATCGGGAACGA_004,72
CACAACCCCATCGGGAACGA_005,97
CACAACCCCATCGGGAACGA_006,105
CACAACCCCATCGGGAACGA_007,62
CACAACCCCATCGGGAACGA_008,162
CACAACCCCATCGGGAACGA_009,168
CACAACCCCATCGGGAACGA_010,138
ATACGCCCCGTATTGCCGGT_001,70
ATACGCCCCGTATTGCCGGT_002,28
ATACGCCCCGTATTGCCGGT_003,77
ATACGCCCCGTATTGCCGGT_004,173
ATACGCCCCGTATTGCCGGT_005,29
ATACGCCCCGTATTGCCGGT_006,88
ATACGCCCCGTATTGCCGGT_007,161
ATACGCCCCGTATTGCCGGT_008,168
CAGATCCATAGGCTTCTGCT_001,175
CAGATCCATAGGCTTCTGCT_002,112
CAGATCCATAGGCTTCTGCT_003,61
CAGATCCATAGGCTTCTGCT_004,13
CAGATCCATAGGCTTCTGCT_005,48
CAGATCCATAGGCTTCTGCT_006,85
CAGATCCATAGGCTTCTGCT_007,12
CAGATCCATAGGCTTCTGCT_008,9
CAGATCCATAGGCTTCTGCT_009,137
CAGATCCATAGGCTTCTGCT_010,192
CAGATCCATAGGCTTCTGCT_011,192
CAGATCCATAGGCTTCTGCT_012,174
TGGGTCATACCATCGCATCA_001,170
TGGGTCATACCATCGCATCA_002,149
TGGGTCATACCATCGCATCA_003,66
TGGGTCATACCATCGCATCA_004,156
TGGGTCATACCATCGCATCA_005,180
TGGGTCATACCATCGCATCA_006,138
CGAGGAGTCGCTTAAGTGCG_001,95
CGAGGAGTCGCTTAAGTGCG_002,17
GGGGCGGCCCGTATACGATG_001,97
AGGGGAAGCGCGCGTCCACG_001,16
AGGGGAAGCGCGCGTCCACG_002,144
AGGGGAAGCGCGCGTCCACG_003,182
AGGGGAAGCGCGCGTCCACG_004,76
AGGGGAAGCGCGCGTCCACG_005,139
AGGGGAAGCGCGCGTCCACG_006,24
AGGGGAAGCGCGCGTCCACG_007,50
AGGGGAAGCGCGCGTCCACG_008,168
AGGGGAAGCGCGCGTCCACG_009,36
AGGGGAAGCGCGCGTCCACG_010,43
AGGGGAAGCGCGCGTCCACG_011,170
AGGGGAAGCGCGCGTCCACG_012,158
AGGGGAAGCGCGCGTCCACG_013,199
AGGGGAAGCGCGCGTCCACG_014,172
AGGGGAAGCGCGCGTCCACG_015,136
AGGGGAAGCGCGCGTCCACG_016,175
AGGGGAAGCGCGCGTCCACG_017,17
AGGGGAAGCGCGCGTCCACG_018,132
AGGGGAAGCGCGCGTCCACG_019,18
AGGGGAAGCGCGCGTCCACG_020,63
AGGGGAAGCGCGCGTCCACG_021,152
AGGGGAAGCGCGCGTCCACG_022,191
AGGGGAAGCGCGCGTCCACG_023,151
AGGGGAAGCGCGCGTCCACG_024,7
CTTGGACCACTCCTCGTGCA_001,15
CTTGGACCACTCCTCGTGCA_002,60
CTTGGACCACTCCTCGTGCA_003,155
CTTGGACCACTCCTCGTGCA_004,29
CTTGGACCACTCCTCGTGCA_005,174
CTTGGACCACTCCTCGTGCA_006,165
CTTGGACCACTCCTCGTGCA_007,151
CTTGGACCACTCCTCGTGCA_008,170
CTTGGACCACTCCTCGTGCA_009,149
CTTGGACCACTCCTCGTGCA_010,162
CTTGGACCACTCCTCGTGCA_011,110
CTTGGACCACTCCTCGTGCA_012,58
GGCTTGGATATGAGTTGAAG_001,83
GGCTTGGATATGAGTTGAAG_002,185
GGCTTGGATATGAGTTGAAG_003,162
GGCTTGGATATGAGTTGAAG_004,188
TGACGGTACTGATAATCCAA_001,13
TTTGGTCACCCAATTTGTCA_001,10
TTTGGTCACCCAATTTGTCA_002,47
GCGCAGGATCTCATTGAACA_001,141
GCGCAGGATCTCATTGAACA_002,7
GCGCAGGATCTCATTGAACA_003,8
GCGCAGGATCTCATTGAACA_004,136
GCGCAGGATCTCATTGAACA_005,48
GCGCAGGATCTCATTGAACA_006,28
GCGCAGGATCTCATTGAACA_007,28
GCGCAGGATCTCATTGAACA_008,97
GCGCAGGATCTCATTGAACA_009,188
TGCTGTAGAAGGACTGCCCG_001,47
TGCTGTAGAAGGACTGCCCG_002,165
TGCTGTAGAAGGACTGCCCG_003,55
TGCTGTAGAAGGACTGCCCG_004,30
TGCTGTAGAAGGACTGCCCG_005,55
TGCTGTAGAAGGACTGCCCG_006,52
TGCTGTAGAAGGACTGCCCG_007,7
TGCTGTAGAAGGACTGCCCG_008,58
TGCTGTAGAAGGACTGCCCG_009,4
TGCTGTAGAAGGACTGCCCG_010,76
TGCTGTAGAAGGACTGCCCG_011,75
TGCTGTAGAAGGACTGCCCG_012,140
TGCTGTAGAAGGACTGCCCG_013,2
TGCTGTAGAAGGACTGCCCG_014,134
TGCTGTAGAAGGACTGCCCG_015,164
TGCTGTAGAAGGACTGCCCG_016,105
TGCTGTAGAAGGACTGCCCG_017,105
AGGGAAACCTCTATGGGTAA_001,134
AGGGAAACCTCTATGGGTAA_002,5
AGGGAAACCTCTATGGGTAA_003,103
AGGGAAACCTCTATGGGTAA_004,189
AGGGAAACCTCTATGGGTAA_005,191
AGGGAAACCTCTATGGGTAA_006,184
AGGGAAACCTCTATGGGTAA_007,199
AGGGAAACCTCTATGGGTAA_008,166
AAAGCCTAACCACGTACACT_001,55
AAAGCCTAACCACGTACACT_002,33
AAAGCCTAACCACGTACACT_003,169
AAAGCCTAACCACGTACACT_004,178
AAAGCCTAACCACGTACACT_005,139
AAAGCCTAACCACGTACACT_006,189
AAAGCCTAACCACGTACACT_007,199
AAAGCCTAACCACGTACACT_008,114
AAAGCCTAACCACGTACACT_009,62
AAAGCCTAACCACGTACACT_010,61
AAAGCCTAACCACGTACACT_011,184
AAAGCCTAACCACGTACACT_012,132
AAAGCCTAACCACGTACACT_013,88
AAAGCCTAACCACGTACACT_014,105
GTCACCGGAGGACGGCTCAG_001,122
GTCACCGGAGGACGGCTCAG_002,7
GTCACCGGAGGACGGCTCAG_003,90
GTCACCGGAGGACGGCTCAG_004,118
GTCACCGGAGGACGGCTCAG_005,62
GTCACCGGAGGACGGCTCAG_006,29
GTCACCGGAGGACGGCTCAG_007,56
GTCACCGGAGGACGGCTCAG_008,182
GTCACCGGAGGACGGCTCAG_009,102
GTCACCGGAGGACGGCTCAG_010,147
GTCACCGGAGGACGGCTCAG_011,64
GTCACCGGAGGACGGCTCAG_012,173
GTCACCGGAGGACGGCTCAG_013,177
AAATGTATGTGACTGTACAC_001,171
AAATGTATGTGACTGTACAC_002,17
AAATGTATGTGACTGTACAC_003,144
AAATGTATGTGACTGTACAC_004,148
AAATGTATGTGACTGTACAC_005,199
AAATGTATGTGACTGTACAC_006,55
AAATGTATGTGACTGTACAC_007,5
ACGCCCGGGTCGGTACCTTG_001,193
ACGCCCGGGTCGGTACCTTG_002,188
ACGCCCGGGTCGGTACCTTG_003,134
ACGCCCGGGTCGGTACCTTG_004,162
ACGCCCGGGTCGGTACCTTG_005,70
ACGCCCGGGTCGGTACCTTG_006,134
ACGCCCGGGTCGGTACCTTG_007,169
ACGCCCGGGTCGGTACCTTG_008,192
ACGCCCGGGTCGGTACCTTG_009,82
ACGCCCGGGTCGGTACCTTG_010,71
ACGCCCGGGTCGGTACCTTG_011,113
ACGCCCGGGTCGGTACCTTG_012,25
ACGCCCGGGTCGGTACCTTG_013,154
ACGCCCGGGTCGGTACCTTG_014,193
ACGCCCGGGTCGGTACCTTG_015,31
ACGCCCGGGTCGGTACCTTG_016,146
ACGCCCGGGTCGGTACCTTG_017,38
ACGCCCGGGTCGGTACCTTG_018,162
ACGCCCGGGTCGGTACCTTG_019,150
ACGCCCGGGTCGGTACCTTG_020,144
ACGCCCGGGTCGGTACCTTG_021,81
ACGCCCGGGTCGGTACCTTG_022,175
ACGCCCGGGTCGGTACCTTG_023,76
ACGCCCGGGTCGGTACCTTG_024,149
ACGCCCGGGTCGGTACCTTG_025,6
ACGCCCGGGTCGGTACCTTG_026,63
GACGTGACTCAGAATTCATG_001,70
GACGTGACTCAGAATTCATG_002,116
GACGTGACTCAGAATTCATG_003,173
GACGTGACTCAGAATTCATG_004,17
GACGTGACTCAGAATTCATG_005,115
GACGTGACTCAGAATTCATG_006,77
GACGTGACTCAGAATTCATG_007,43
TGGAGCCCTATGAGGCACAG_001,126
TGGAGCCCTATGAGGCACAG_002,48
TGGAGCCCTATGAGGCACAG_003,127
TGGAGCCCTATGAGGCACAG_004,198
TGGAGCCCTATGAGGCACAG_005,105
TGGAGCCCTATGAGGCACAG_006,35
TGGAGCCCTATGAGGCACAG_007,15
TGGAGCCCTATGAGGCACAG_008,169
TGGAGCCCTATGAGGCACAG_009,58
TGGAGCCCTATGAGGCACAG_010,88
TGGAGCCCTATGAGGCACAG_011,113
GTCTGCGGTCATGGGCAAGG_001,175
GTCTGCGGTCATGGGCAAGG_002,134
GTCTGCGGTCATGGGCAAGG_003,38
GTCTGCGGTCATGGGCAAGG_004,127
GTCTGCGGTCATGGGCAAGG_005,172
GTCTGCGGTCATGGGCAAGG_006,29
GTCTGCGGTCATGGGCAAGG_007,58
GTCTGCGGTCATGGGCAAGG_008,38
GTCTGCGGTCATGGGCAAGG_009,127
GTCTGCGGTCATGGGCAAGG_010,161
GTCTGCGGTCATGGGCAAGG_011,85
GTCTGCGGTCATGGGCAAGG_012,17
GTCTGCGGTCATGGGCAAGG_013,78
GTCTGCGGTCATGGGCAAGG_014,51
GTCTGCGGTCATGGGCAAGG_015,78
AACAGCTCGCAAACTACGAG_001,150
AACAGCTCGCAAACTACGAG_002,95
AACAGCTCGCAAACTACGAG_003,160
AACAGCTCGCAAACTACGAG_004,151
AACAGCTCGCAAACTACGAG_005,188
AACAGCTCGCAAACTACGAG_006,10
AACAGCTCGCAAACTACGAG_007,194
AACAGCTCGCAAACTACGAG_008,84
AACAGCTCGCAAACTACGAG_009,5
AACAGCTCGCAAACTACGAG_010,16
AACAGCTCGCAAACTACGAG_011,17
AACAGCTCGCAAACTACGAG_012,15
AACAGCTCGCAAACTACGAG_013,105
AACAGCTCGCAAACTACGAG_014,2
AACAGCTCGCAAACTACGAG_015,84
AACAGCTCGCAAACTACGAG_016,88
AACAGCTCGCAAACTACGAG_017,150
AACAGCTCGCAAACTACGAG_018,150
AACAGCTCGCAAACTACGAG_019,121
CGTAACGGGCACGATAGCCC_001,154
CGTAACGGGCACGATAGCCC_002,69
GAAACATCTGCTACAACTGT_001,158
GAAACATCTGCTACAACTGT_002,42
GAAACATCTGCTACAACTGT_003,156
GAAACATCTGCTACAACTGT_004,96
GAAACATCTGCTACAACTGT_005,75
GAAACATCTGCTACAACTGT_006,30
GAAACATCTGCTACAACTGT_007,3
GAAACATCTGCTACAACTGT_008,66
GAATGACAGCCTGACCAATG_001,46
GAATGACAGCCTGACCAATG_002,30
GAATGACAGCCTGACCAATG_003,83
GAATGACAGCCTGACCAATG_004,54
GAATGACAGCCTGACCAATG_005,75
GAATGACAGCCTGACCAATG_006,26
GAATGACAGCCTGACCAATG_007,141
GAATGACAGCCTGACCAATG_008,150
GAATGACAGCCTGACCAATG_009,46
GAATGACAGCCTGACCAATG_010,49
GAATGACAGCCTGACCAATG_011,60
GAATGACAGCCTGACCAATG_012,184
TTGGAGGGCTGTCGCTCAAG_001,192
TTGGAGGGCTGTCGCTCAAG_002,67
TTGGAGGGCTGTCGCTCAAG_003,92
TTGGAGGGCTGTCGCTCAAG_004,132
TTGGAGGGCTGTCGCTCAAG_005,197
TTGGAGGGCTGTCGCTCAAG_006,5
TTGGAGGGCTGTCGCTCAAG_007,72
CATAGCGCTCGGCAAACGCA_001,56
CATAGCGCTCGGCAAACGCA_002,170
CATAGCGCTCGGCAAACGCA_003,88
CATAGCGCTCGGCAAACGCA_004,42
CATAGCGCTCGGCAAACGCA_005,198
CATAGCGCTCGGCAAACGCA_006,138
CATAGCGCTCGGCAAACGCA_007,19
TGGCCCTGAGCAATAGCACG_001,46
TGGCCCTGAGCAATAGCACG_002,191
TGGCCCTGAGCAATAGCACG_003,170
GTCCAACTTACACTGCAATG_001,192
GTCCAACTTACACTGCAATG_002,169
GTCCAACTTACACTGCAATG_003,34
GTCCAACTTACACTGCAATG_004,19
GTCCAACTTACACTGCAATG_005,142
GTCCAACTTACACTGCAATG_006,63
TGTCCAGAGACTGCTCACAC_001,5
TGTCCAGAGACTGCTCACAC_002,183
TGTCCAGAGACTGCTCACAC_003,78
TGTCCAGAGACTGCTCACAC_004,129
TGTCCAGAGACTGCTCACAC_005,78
TGTCCAGAGACTGCTCACAC_006,116
ATCTCAACAGAACTCTCTTG_001,161
ATCTCAACAGAACTCTCTTG_002,168
ATCTCAACAGAACTCTCTTG_003,31
GAAGACCTGACCAGACACGA_001,58
GAAGACCTGACCAGACACGA_002,45
GAAGACCTGACCAGACACGA_003,35
GAAGACCTGACCAGACACGA_004,158
GAAGACCTGACCAGACACGA_005,127
GAAGACCTGACCAGACACGA_006,62
GAAGACCTGACCAGACACGA_007,8
GAAGACCTGACCAGACACGA_008,94
GAAGACCTGACCAGACACGA_009,158
AGCACTCATCTTACACACGA_001,58
AGCACTCATCTTACACACGA_002,162
AGCACTCATCTTACACACGA_003,127
AGCACTCATCTTACACACGA_004,15
AGCACTCATCTTACACACGA_005,170
AGCACTCATCTTACACACGA_006,14
AGCACTCATCTTACACACGA_007,17
AGCACTCATCTTACACACGA_008,2
GGAGATAGCTACAACTCCAG_001,6
GGAGATAGCTACAACTCCAG_002,88
GGAGATAGCTACAACTCCAG_003,172
GGAGATAGCTACAACTCCAG_004,156
GGAGATAGCTACAACTCCAG_005,63
GGAGATAGCTACAACTCCAG_006,2
GGAGATAGCTACAACTCCAG_007,162
GGAGATAGCTACAACTCCAG_008,88
GGAGATAGCTACAACTCCAG_009,42
GGAGATAGCTACAACTCCAG_010,197
GGAGATAGCTACAACTCCAG_011,132
GGAGATAGCTACAACTCCAG_012,126
GGAGATAGCTACAACTCCAG_013,36
GGAGATAGCTACAACTCCAG_014,74
GGAGATAGCTACAACTCCAG_015,144
CGGTTGGGGCGAAAGCCCGA_001,15
CGGTTGGGGCGAAAGCCCGA_002,199
CGGTTGGGGCGAAAGCCCGA_003,12
CGGTTGGGGCGAAAGCCCGA_004,76
CGGTTGGGGCGAAAGCCCGA_005,12
CGGTTGGGGCGAAAGCCCGA_006,105
CGGTTGGGGCGAAAGCCCGA_007,68
TGAGTCAATAGCCAATCACA_001,62
TGAGTCAATAGCCAATCACA_002,125
TGAGTCAATAGCCAATCACA_003,8
TGAGTCAATAGCCAATCACA_004,11
TGAGTCAATAGCCAATCACA_005,198
TGAGTCAATAGCCAATCACA_006,82
TGAGTCAATAGCCAATCACA_007,88
AAGGTGCCCCAGCCTCGCGA_001,56
AAGGTGCCCCAGCCTCGCGA_002,160
AAGGTGCCCCAGCCTCGCGA_003,77
AAGGTGCCCCAGCCTCGCGA_004,106
AAGGTGCCCCAGCCTCGCGA_005,41
AAGGTGCCCCAGCCTCGCGA_006,49
AAGGTGCCCCAGCCTCGCGA_007,170
AAGGTGCCCCAGCCTCGCGA_008,135
AAGGTGCCCCAGCCTCGCGA_009,10
AAGGTGCCCCAGCCTCGCGA_010,75
AAGGTGCCCCAGCCTCGCGA_011,139
AAGGTGCCCCAGCCTCGCGA_012,195
AAGGTGCCCCAGCCTCGCGA_013,115
AAGGTGCCCCAGCCTCGCGA_014,106
AAGGTGCCCCAGCCTCGCGA_015,48
AAGGTGCCCCAGCCTCGCGA_016,144
AAGGTGCCCCAGCCTCGCGA_017,61
AAGGTGCCCCAGCCTCGCGA_018,191
AAGGTGCCCCAGCCTCGCGA_019,17
AAGGTGCCCCAGCCTCGCGA_020,83
AAGGTGCCCCAGCCTCGCGA_021,138
AAGGTGCCCCAGCCTCGCGA_022,33
AAGGTGCCCCAGCCTCGCGA_023,103
AAGGTGCCCCAGCCTCGCGA_024,91
AAGGTGCCCCAGCCTCGCGA_025,64
AAGGTGCCCCAGCCTCGCGA_026,55
AAGGTGCCCCAGCCTCGCGA_027,199
AAGGTGCCCCAGCCTCGCGA_028,49
AAGGTGCCCCAGCCTCGCGA_029,172
AAGGTGCCCCAGCCTCGCGA_030,8
AAGGTGCCCCAGCCTCGCGA_031,169
AAGGTGCCCCAGCCTCGCGA_032,172
AAGGTGCCCCAGCCTCGCGA_033,120
AAGGTGCCCCAGCCTCGCGA_034,158
AAGGTGCCCCAGCCTCGCGA_035,105
AAGGTGCCCCAGCCTCGCGA_036,121
AAGGTGCCCCAGCCTCGCGA_037,92
AAGGTGCCCCAGCCTCGCGA_038,85
AAGGTGCCCCAGCCTCGCGA_039,102
AAGGTGCCCCAGCCTCGCGA_040,168
AAGGTGCCCCAGCCTCGCGA_041,73
AAGGTGCCCCAGCCTCGCGA_042,189
AAGGTGCCCCAGCCTCGCGA_043,40
AAGGTGCCCCAGCCTCGCGA_044,102
AAGGTGCCCCAGCCTCGCGA_045,102
AAGGTGCCCCAGCCTCGCGA_046,43
AAGGTGCCCCAGCCTCGCGA_047,19
AAGGTGCCCCAGCCTCGCGA_048,172
AAGGTGCCCCAGCCTCGCGA_049,179
AAGGTGCCCCAGCCTCGCGA_050,105
AAGGTGCCCCAGCCTCGCGA_051,180
AAGGTGCCCCAGCCTCGCGA_052,124
AAGGTGCCCCAGCCTCGCGA_053,160
AAGGTGCCCCAGCCTCGCGA_054,16
AAGGTGCCCCAGCCTCGCGA_055,9
GTGCCAACCACTCTAACCAG_001,24
GTGCCAACCACTCTAACCAG_002,6
CATCAGAAAACTCATATGGG_001,94
CATCAGAAAACTCATATGGG_002,198
CATCAGAAAACTCATATGGG_003,70
CATCAGAAAACTCATATGGG_004,187
CATCAGAAAACTCATATGGG_005,190
CATCAGAAAACTCATATGGG_006,104
CATCAGAAAACTCATATGGG_007,103
CATCAGAAAACTCATATGGG_008,121
CATCAGAAAACTCATATGGG_009,108
CATCAGAAAACTCATATGGG_010,164
CATCAGAAAACTCATATGGG_011,74
CATCAGAAAACTCATATGGG_012,4
CATCAGAAAACTCATATGGG_013,126
CATCAGAAAACTCATATGGG_014,103
CATCAGAAAACTCATATGGG_015,13
CCAACTACCAGTCCATCAAG_001,127
CCAACTACCAGTCCATCAAG_002,121
CCAACTACCAGTCCATCAAG_003,43
CCAACTACCAGTCCATCAAG_004,168
CCAACTACCAGTCCATCAAG_005,118
CCAACTACCAGTCCATCAAG_006,118
CTGCATGAAGCTGAGAAGGG_001,177
CTGCATGAAGCTGAGAAGGG_002,183
CTGCATGAAGCTGAGAAGGG_003,52
CTGCATGAAGCTGAGAAGGG_004,56
CTGCATGAAGCTGAGAAGGG_005,174
CTGCATGAAGCTGAGAAGGG_006,144
CTGCATGAAGCTGAGAAGGG_007,197
CTGCATGAAGCTGAGAAGGG_008,141
CTGCATGAAGCTGAGAAGGG_009,14
CTGCATGAAGCTGAGAAGGG_010,137
CTGCATGAAGCTGAGAAGGG_011,148
CTGCATGAAGCTGAGAAGGG_012,137
CTGCATGAAGCTGAGAAGGG_013,142
CTGCATGAAGCTGAGAAGGG_014,171
CTGCATGAAGCTGAGAAGGG_015,16
CTGCATGAAGCTGAGAAGGG_016,134
CTGCATGAAGCTGAGAAGGG_017,15
CTGCATGAAGCTGAGAAGGG_018,78
CTGCATGAAGCTGAGAAGGG_019,94
CTGCATGAAGCTGAGAAGGG_020,82
CTGCATGAAGCTGAGAAGGG_021,162
CTGCATGAAGCTGAGAAGGG_022,1
TGCTGCTGTGGACGATATCG_001,145
TGCTGCTGTGGACGATATCG_002,166
TGCTGCTGTGGACGATATCG_003,188
TGCTGCTGTGGACGATATCG_004,46
TGCTGCTGTGGACGATATCG_005,116
TGCTGCTGTGGACGATATCG_006,64
TGCTGCTGTGGACGATATCG_007,166
CCCATGTGCCCAGATGCACT_001,144
CCCATGTGCCCAGATGCACT_002,150
CCCATGTGCCCAGATGCACT_003,144
CCCATGTGCCCAGATGCACT_004,76
CCCATGTGCCCAGATGCACT_005,62
GCTCCATTTGTACCAAGGAG_001,94
GCTCCATTTGTACCAAGGAG_002,49
GCTCCATTTGTACCAAGGAG_003,184
GCTCCATTTGTACCAAGGAG_004,147
GCTCCATTTGTACCAAGGAG_005,147
GCTCCATTTGTACCAAGGAG_006,72
TCGGTCACCTTTAGACCCGG_001,32
TCGGTCACCTTTAGACCCGG_002,70
TCGGTCACCTTTAGACCCGG_003,15
TCGGTCACCTTTAGACCCGG_004,12
TCGGTCACCTTTAGACCCGG_005,68
TGCTACTTACAAACACCCGC_001,113
TGCTACTTACAAACACCCGC_002,48
TGCTACTTACAAACACCCGC_003,8
GGTGAGCAGAAGTGGTCCAA_001,25
GGTGAGCAGAAGTGGTCCAA_002,134
ATGATTATGACCGATCAGGT_001,48
ATGATTATGACCGATCAGGT_002,102
ATGATTATGACCGATCAGGT_003,49
ATGATTATGACCGATCAGGT_004,198
ATGATTATGACCGATCAGGT_005,43
ATGATTATGACCGATCAGGT_006,81
AAACATGATTGAACGATCTG_001,150
AAACATGATTGAACGATCTG_002,48
AAACATGATTGAACGATCTG_003,75
AAACATGATTGAACGATCTG_004,22
AAACATGATTGAACGATCTG_005,8
AAACATGATTGAACGATCTG_006,27
AAACATGATTGAACGATCTG_007,82
AAACATGATTGAACGATCTG_008,65
ACAGCACTTGGAAGGTAGAC_001,6
ACAGCACTTGGAAGGTAGAC_002,75
ACAGCACTTGGAAGGTAGAC_003,148
ACAGCACTTGGAAGGTAGAC_004,63
ACAGCACTTGGAAGGTAGAC_005,15
ATCATCGGGAATGACTCCCT_001,50
ATCATCGGGAATGACTCCCT_002,94
ATCATCGGGAATGACTCCCT_003,72
ATCATCGGGAATGACTCCCT_004,79
ATCATCGGGAATGACTCCCT_005,106
ATCATCGGGAATGACTCCCT_006,153
ATCATCGGGAATGACTCCCT_007,63
ATCATCGGGAATGACTCCCT_008,61
ATCATCGGGAATGACTCCCT_009,78
GATCACACTGGATCCAGTGT_001,144
GATCACACTGGATCCAGTGT_002,47
GATCACACTGGATCCAGTGT_003,3
GCCACCCAAGAAATCCCGAG_001,162
GCCACCCAAGAAATCCCGAG_002,50
GCCACCCAAGAAATCCCGAG_003,169
GCCACCCAAGAAATCCCGAG_004,119
GCCACCCAAGAAATCCCGAG_005,65
GCCACCCAAGAAATCCCGAG_006,166
GAGCTGGTTCACCCACCCTG_001,116
GAGCTGGTTCACCCACCCTG_002,168
GAGCTGGTTCACCCACCCTG_003,124
GAGCTGGTTCACCCACCCTG_004,113
GAGCTGGTTCACCCACCCTG_005,70
GAGCTGGTTCACCCACCCTG_006,74
GGGGGTCCAAGCATTCCATG_001,81
GGGGGTCCAAGCATTCCATG_002,106
GGGGGTCCAAGCATTCCATG_003,18
GGGGGTCCAAGCATTCCATG_004,34
GGGGGTCCAAGCATTCCATG_005,190
GGGGGTCCAAGCATTCCATG_006,177
GGGGGTCCAAGCATTCCATG_007,143
GGGGGTCCAAGCATTCCATG_008,131
GGGGGTCCAAGCATTCCATG_009,131
GGGGGTCCAAGCATTCCATG_010,196
GGGGGTCCAAGCATTCCATG_011,125
GGGGGTCCAAGCATTCCATG_012,157
GGGGGTCCAAGCATTCCATG_013,48
GGGGGTCCAAGCATTCCATG_014,182
TCCCGGACAGGTATGGACCG_001,118
TCCCGGACAGGTATGGACCG_002,10
TCCCGGACAGGTATGGACCG_003,112
TTTCTCTCCAATCTTCGGAG_001,108
TTTCTCTCCAATCTTCGGAG_002,104
TTTCTCTCCAATCTTCGGAG_003,152
TTTCTCTCCAATCTTCGGAG_004,136
TTTCTCTCCAATCTTCGGAG_005,3
TTTCTCTCCAATCTTCGGAG_006,37
GACCAATCGCCAACTCTGGT_001,26
GACCAATCGCCAACTCTGGT_002,181
GACCAATCGCCAACTCTGGT_003,63
GACCAATCGCCAACTCTGGT_004,43
GACCAATCGCCAACTCTGGT_005,76
GACCAATCGCCAACTCTGGT_006,82
GACCAATCGCCAACTCTGGT_007,193
GACCAATCGCCAACTCTGGT_008,88
GACCAATCGCCAACTCTGGT_009,138
GACCAATCGCCAACTCTGGT_010,106
GACCAATCGCCAACTCTGGT_011,15
GACCAATCGCCAACTCTGGT_012,87
GACCAATCGCCAACTCTGGT_013,75
TGAAGCCATCCAATGGATGC_001,148
TGAAGCCATCCAATGGATGC_002,8
TGAAGCCATCCAATGGATGC_003,2
TGAAGCCATCCAATGGATGC_004,48
GCAGAGCCACATTTAACCAG_001,130
GCAGAGCCACATTTAACCAG_002,84
GCAGAGCCACATTTAACCAG_003,100
GCAGAGCCACATTTAACCAG_004,127
GCAGAGCCACATTTAACCAG_005,102
GCAGAGCCACATTTAACCAG_006,165
GCAGAGCCACATTTAACCAG_007,192
GCAGAGCCACATTTAACCAG_008,169
GCAGAGCCACATTTAACCAG_009,129
GCAGAGCCACATTTAACCAG_010,191
GCAGAGCCACATTTAACCAG_011,77
GCAGAGCCACATTTAACCAG_012,147
GCAGAGCCACATTTAACCAG_013,121
GCAGAGCCACATTTAACCAG_014,1
GCAGAGCCACATTTAACCAG_015,88
CGCTGGCGAGTATGGTGCGG_001,199
CGCTGGCGAGTATGGTGCGG_002,14
CGCTGGCGAGTATGGTGCGG_003,92
CAGATAAAGAGGCCATACTG_001,102
CAGATAAAGAGGCCATACTG_002,171
CAGATAAAGAGGCCATACTG_003,102
CAGATAAAGAGGCCATACTG_004,173
CAGATAAAGAGGCCATACTG_005,138
CAGATAAAGAGGCCATACTG_006,133
CAGATAAAGAGGCCATACTG_007,77
CAGATAAAGAGGCCATACTG_008,157
TGGGCAGCATGTACGCAGCG_001,105
TGGGCAGCATGTACGCAGCG_002,8
TGGGCAGCATGTACGCAGCG_003,102
TGGGCAGCATGTACGCAGCG_004,145
TGGGCAGCATGTACGCAGCG_005,69
TGGGCAGCATGTACGCAGCG_006,50
TGGGCAGCATGTACGCAGCG_007,12
TGGGCAGCATGTACGCAGCG_008,9
TGGGCAGCATGTACGCAGCG_009,10
TGGGCAGCATGTACGCAGCG_010,151
TGGGCAGCATGTACGCAGCG_011,163
TGGGCAGCATGTACGCAGCG_012,47
TGGGCAGCATGTACGCAGCG_013,12
TGGGCAGCATGTACGCAGCG_014,172
TGGGCAGCATGTACGCAGCG_015,169
TGGGCAGCATGTACGCAGCG_016,84
TGGGCAGCATGTACGCAGCG_017,40
TGGGCAGCATGTACGCAGCG_018,133
TGGGCAGCATGTACGCAGCG_019,118
TGGGCAGCATGTACGCAGCG_020,61
ATTTACTTCAAGTCCCGCGG_001,114
ATTTACTTCAAGTCCCGCGG_002,153
ATTTACTTCAAGTCCCGCGG_003,174
ATTTACTTCAAGTCCCGCGG_004,44
ATTTACTTCAAGTCCCGCGG_005,196
ATTTACTTCAAGTCCCGCGG_006,100
ATTTACTTCAAGTCCCGCGG_007,31
GCTGTACGAGCTGGCTCAGG_001,62
GCTGTACGAGCTGGCTCAGG_002,80
GCTGTACGAGCTGGCTCAGG_003,47
GCTGTACGAGCTGGCTCAGG_004,6
GCTGTACGAGCTGGCTCAGG_005,16
GCTGTACGAGCTGGCTCAGG_006,104
GCTGTACGAGCTGGCTCAGG_007,92
GCTGTACGAGCTGGCTCAGG_008,68
GCTGTACGAGCTGGCTCAGG_009,134
TGAGCAGATACACCCCACGT_001,42
TGAGCAGATACACCCCACGT_002,154
TGAGCAGATACACCCCACGT_003,10
TGAGCAGATACACCCCACGT_004,162
TGAGCAGATACACCCCACGT_005,100
TTCACCCCAACCAGTAACAA_001,24
TTCACCCCAACCAGTAACAA_002,57
TTCACCCCAACCAGTAACAA_003,149
TTCACCCCAACCAGTAACAA_004,60
TTCACCCCAACCAGTAACAA_005,182
TTCACCCCAACCAGTAACAA_006,83
TTCACCCCAACCAGTAACAA_007,40
TTCACCCCAACCAGTAACAA_008,179
TTCACCCCAACCAGTAACAA_009,98
TTCACCCCAACCAGTAACAA_010,138
TTCACCCCAACCAGTAACAA_011,39
TTCACCCCAACCAGTAACAA_012,28
GCAAGCCAGCAGACCCTCGG_001,169
GCAAGCCAGCAGACCCTCGG_002,23
GCAAGCCAGCAGACCCTCGG_003,104
GCAAGCCAGCAGACCCTCGG_004,39
GCAAGCCAGCAGACCCTCGG_005,165
GCAAGCCAGCAGACCCTCGG_006,113
GCAAGCCAGCAGACCCTCGG_007,91
GCAAGCCAGCAGACCCTCGG_008,83
GCAAGCCAGCAGACCCTCGG_009,166
GCAAGCCAGCAGACCCTCGG_010,82
GCAAGCCAGCAGACCCTCGG_011,157
GGCAGTATCGACATTCACAT_001,120
GGCAGTATCGACATTCACAT_002,169
GGCAGTATCGACATTCACAT_003,137
GGCAGTATCGACATTCACAT_004,20
AGAGGACACTTACGTGCACA_001,72
AGAGGACACTTACGTGCACA_002,72
AGAGGACACTTACGTGCACA_003,105
AGAGGACACTTACGTGCACA_004,102
AGAGGACACTTACGTGCACA_005,79
AGAGGACACTTACGTGCACA_006,48
AGAGGACACTTACGTGCACA_007,0
AGAGGACACTTACGTGCACA_008,60
AGAGGACACTTACGTGCACA_009,51
AGAGGACACTTACGTGCACA_010,134
AGAGGACACTTACGTGCACA_011,106
AGAGGACACTTACGTGCACA_012,94
GACGCTGCAAGCAAAAAGTG_001,127
GACGCTGCAAGCAAAAAGTG_002,137
GACGCTGCAAGCAAAAAGTG_003,106
GACGCTGCAAGCAAAAAGTG_004,192
TGCAGCGACTTAGGTATGTG_001,9
TGCAGCGACTTAGGTATGTG_002,77
TGCAGCGACTTAGGTATGTG_003,35
TGCAGCGACTTAGGTATGTG_004,135
TGCAGCGACTTAGGTATGTG_005,74
TGCAGCGACTTAGGTATGTG_006,75
TGCAGCGACTTAGGTATGTG_007,70
TGCAGCGACTTAGGTATGTG_008,76
TGCAGCGACTTAGGTATGTG_009,60
TGCAGCGACTTAGGTATGTG_010,149
TGCAGCGACTTAGGTATGTG_011,149
TGCAGCGACTTAGGTATGTG_012,56
TGCAGCGACTTAGGTATGTG_013,89
TGCAGCGACTTAGGTATGTG_014,113
CAAAACCCTACCCAACGTGA_001,3
CAAAACCCTACCCAACGTGA_002,115
CAAAACCCTACCCAACGTGA_003,32
CAAAACCCTACCCAACGTGA_004,126
CAAAACCCTACCCAACGTGA_005,121
CAAAACCCTACCCAACGTGA_006,61
CAAAACCCTACCCAACGTGA_007,30
CAAAACCCTACCCAACGTGA_008,19
CAAAACCCTACCCAACGTGA_009,154
CAAAACCCTACCCAACGTGA_010,80
CAAAACCCTACCCAACGTGA_011,131
CAAAACCCTACCCAACGTGA_012,145
GCTCGCGTGATGATGATCTG_001,73
GCTCGCGTGATGATGATCTG_002,47
TGTTGTCTCTCAAGACCTTG_001,76
TGTTGTCTCTCAAGACCTTG_002,89
TGTTGTCTCTCAAGACCTTG_003,26
TGTTGTCTCTCAAGACCTTG_004,171
TGTTGTCTCTCAAGACCTTG_005,144
TGTTGTCTCTCAAGACCTTG_006,26
AAGTACTCGAGCAAGACCAG_001,17
AAGTACTCGAGCAAGACCAG_002,48
AAGTACTCGAGCAAGACCAG_003,143
AAGTACTCGAGCAAGACCAG_004,42
AAGTACTCGAGCAAGACCAG_005,142
AAGTACTCGAGCAAGACCAG_006,65
AAGTACTCGAGCAAGACCAG_007,22
AAGTACTCGAGCAAGACCAG_008,63
AAGTACTCGAGCAAGACCAG_009,27
AAGTACTCGAGCAAGACCAG_010,144
AAGTACTCGAGCAAGACCAG_011,154
GGTACCTACTTCATCCAGAG_001,104
GGTACCTACTTCATCCAGAG_002,23
GGTACCTACTTCATCCAGAG_003,106
GGTACCTACTTCATCCAGAG_004,184
GGTACCTACTTCATCCAGAG_005,83
AAAGTAAACAGGGTGCCTTG_001,17
AAAGTAAACAGGGTGCCTTG_002,169
AAAGTAAACAGGGTGCCTTG_003,186
AAAGTAAACAGGGTGCCTTG_004,102
AAAGTAAACAGGGTGCCTTG_005,127
CACTGCAAGAACTCCCTCTG_001,139
CACTGCAAGAACTCCCTCTG_002,62
CACTGCAAGAACTCCCTCTG_003,181
CACTGCAAGAACTCCCTCTG_004,22
CACTGCAAGAACTCCCTCTG_005,21
CACTGCAAGAACTCCCTCTG_006,104
CACTGCAAGAACTCCCTCTG_007,98
CACTGCAAGAACTCCCTCTG_008,74
CACTGCAAGAACTCCCTCTG_009,29
CACTGCAAGAACTCCCTCTG_010,87
CACTGCAAGAACTCCCTCTG_011,49
CACTGCAAGAACTCCCTCTG_012,127
CACTGCAAGAACTCCCTCTG_013,22
CACTGCAAGAACTCCCTCTG_014,151
CACTGCAAGAACTCCCTCTG_015,70
CACTGCAAGAACTCCCTCTG_016,147
CACTGCAAGAACTCCCTCTG_017,145
CACTGCAAGAACTCCCTCTG_018,184
CACTGCAAGAACTCCCTCTG_019,57
CACTGCAAGAACTCCCTCTG_020,100
CACTGCAAGAACTCCCTCTG_021,32
CACTGCAAGAACTCCCTCTG_022,83
GCCTGGGGGGCATTACCAAG_001,15
GCCTGGGGGGCATTACCAAG_002,17
GCCTGGGGGGCATTACCAAG_003,86
GCCTGGGGGGCATTACCAAG_004,166
GCCTGGGGGGCATTACCAAG_005,140
GCCTGGGGGGCATTACCAAG_006,30
GCCTGGGGGGCATTACCAAG_007,78
GCCTGGGGGGCATTACCAAG_008,121
GCCTGGGGGGCATTACCAAG_009,103
GCCTGGGGGGCATTACCAAG_010,115
GCCTGGGGGGCATTACCAAG_011,78
GTTGAGTTGAGCCGACTCCA_001,160
GTTGAGTTGAGCCGACTCCA_002,78
GTTGAGTTGAGCCGACTCCA_003,80
GTTGAGTTGAGCCGACTCCA_004,182
GTTGAGTTGAGCCGACTCCA_005,59
GTTGAGTTGAGCCGACTCCA_006,77
GTTGAGTTGAGCCGACTCCA_007,65
GTTGAGTTGAGCCGACTCCA_008,149
GTTGAGTTGAGCCGACTCCA_009,3
GTTGAGTTGAGCCGACTCCA_010,139
GTTGAGTTGAGCCGACTCCA_011,192
GTTGAGTTGAGCCGACTCCA_012,107
GTTGAGTTGAGCCGACTCCA_013,67
GTTGAGTTGAGCCGACTCCA_014,140
GTTGAGTTGAGCCGACTCCA_015,82
GTTGAGTTGAGCCGACTCCA_016,60
GTTGAGTTGAGCCGACTCCA_017,184
GTTGAGTTGAGCCGACTCCA_018,78
GTTGAGTTGAGCCGACTCCA_019,174
GTTGAGTTGAGCCGACTCCA_020,42
GTTGAGTTGAGCCGACTCCA_021,197
GTTGTCGCCGATGACAATGA_001,95
GTTGTCGCCGATGACAATGA_002,117
GTTGTCGCCGATGACAATGA_003,160
GTTGTCGCCGATGACAATGA_004,32
GTTGTCGCCGATGACAATGA_005,106
GTTGTCGCCGATGACAATGA_006,44
GCAGGACGGGACCAGCAGAG_001,1
GCAGGACGGGACCAGCAGAG_002,70
GCAGGACGGGACCAGCAGAG_003,2
GCAGGACGGGACCAGCAGAG_004,70
GCAGGACGGGACCAGCAGAG_005,19
GCAGGACGGGACCAGCAGAG_006,19
GCAGGACGGGACCAGCAGAG_007,58
GCAGGACGGGACCAGCAGAG_008,41
GCAGGACGGGACCAGCAGAG_009,87
GCAGGACGGGACCAGCAGAG_010,5
GCAGGACGGGACCAGCAGAG_011,61
GCAGGACGGGACCAGCAGAG_012,56
GCAGGACGGGACCAGCAGAG_013,106
GCAGGACGGGACCAGCAGAG_014,119
GCAGGACGGGACCAGCAGAG_015,132
GCAGGACGGGACCAGCAGAG_016,144
CCGAGGCTACACGTCAGGCG_001,94
CCGAGGCTACACGTCAGGCG_002,27
CCGAGGCTACACGTCAGGCG_003,50
CCGAGGCTACACGTCAGGCG_004,19
CCGAGGCTACACGTCAGGCG_005,23
CCGAGGCTACACGTCAGGCG_006,133
ATGGAGCGGTCCGACTTCTG_001,2
ATGGAGCGGTCCGACTTCTG_002,147
ATGGAGCGGTCCGACTTCTG_003,127
ATGGAGCGGTCCGACTTCTG_004,189
ATGGAGCGGTCCGACTTCTG_005,45
ATGGAGCGGTCCGACTTCTG_006,130
ATGGAGCGGTCCGACTTCTG_007,22
ATGGAGCGGTCCGACTTCTG_008,148
ATGGAGCGGTCCGACTTCTG_009,197
ATGGAGCGGTCCGACTTCTG_010,72
ATGGAGCGGTCCGACTTCTG_011,127
TCTTGTCCAGAGACAGAGTA_001,112
TCTTGTCCAGAGACAGAGTA_002,198
TCTTGTCCAGAGACAGAGTA_003,149
TCTTGTCCAGAGACAGAGTA_004,105
TCTTGTCCAGAGACAGAGTA_005,110
TCTTGTCCAGAGACAGAGTA_006,150
TCTTGTCCAGAGACAGAGTA_007,185
TCTTGTCCAGAGACAGAGTA_008,170
ACCTTGGTACACCGACATGG_001,147
ACCTTGGTACACCGACATGG_002,104
ACCTTGGTACACCGACATGG_003,188
ACCTTGGTACACCGACATGG_004,106
ACCTTGGTACACCGACATGG_005,98
ACCTTGGTACACCGACATGG_006,8
ACCTTGGTACACCGACATGG_007,184
ACCTTGGTACACCGACATGG_008,68
ACCTTGGTACACCGACATGG_009,146
ACCTTGGTACACCGACATGG_010,94
ACCTTGGTACACCGACATGG_011,70
ACCTTGGTACACCGACATGG_012,144
ACCTTGGTACACCGACATGG_013,3
ACCTTGGTACACCGACATGG_014,191
ACCTTGGTACACCGACATGG_015,78
CCAGGATAAGGGCATCGTCG_001,162
CCAGGATAAGGGCATCGTCG_002,183
CCAGGATAAGGGCATCGTCG_003,102
CCAGGATAAGGGCATCGTCG_004,171
CCAGGATAAGGGCATCGTCG_005,121
CCAGGATAAGGGCATCGTCG_006,141
CCAGGATAAGGGCATCGTCG_007,187
CCAGGATAAGGGCATCGTCG_008,139
CCAGGATAAGGGCATCGTCG_009,60
CCAGGATAAGGGCATCGTCG_010,171
CCAGGATAAGGGCATCGTCG_011,78
CCAGGATAAGGGCATCGTCG_012,15
CCAGGATAAGGGCATCGTCG_013,127
CCAGGATAAGGGCATCGTCG_014,106
CCAGGATAAGGGCATCGTCG_015,138
CCAGGATAAGGGCATCGTCG_016,63
CCAGGATAAGGGCATCGTCG_017,151
CCAGGATAAGGGCATCGTCG_018,138
CCAGGATAAGGGCATCGTCG_019,157
CCAGGATAAGGGCATCGTCG_020,150
ACCTGGATGAGATTGAGCGT_001,76
ACCTGGATGAGATTGAGCGT_002,190
ACCTGGATGAGATTGAGCGT_003,28
ACCTGGATGAGATTGAGCGT_004,26
ACCTGGATGAGATTGAGCGT_005,7
ACCTGGATGAGATTGAGCGT_006,98
ACCTGGATGAGATTGAGCGT_007,85
ACCTGGATGAGATTGAGCGT_008,105
ACCTGGATGAGATTGAGCGT_009,46
ACCTGGATGAGATTGAGCGT_010,165
CAACAAGAAGAACCCGCCAG_001,153
CAACAAGAAGAACCCGCCAG_002,150
CAACAAGAAGAACCCGCCAG_003,81
CAACAAGAAGAACCCGCCAG_004,128
CAACAAGAAGAACCCGCCAG_005,15
CAACAAGAAGAACCCGCCAG_006,146
CAACAAGAAGAACCCGCCAG_007,176
CAACAAGAAGAACCCGCCAG_008,152
CGAGTCGCCCCACTCACCCG_001,1
CGAGTCGCCCCACTCACCCG_002,137
CGAGTCGCCCCACTCACCCG_003,62
CGAGTCGCCCCACTCACCCG_004,121
CGAGTCGCCCCACTCACCCG_005,169
CGAGTCGCCCCACTCACCCG_006,40
CGAGTCGCCCCACTCACCCG_007,27
CGAGTCGCCCCACTCACCCG_008,94
CGAGTCGCCCCACTCACCCG_009,88
CGAGTCGCCCCACTCACCCG_010,83
CGAGTCGCCCCACTCACCCG_011,173
CGAGTCGCCCCACTCACCCG_012,76
CGAGTCGCCCCACTCACCCG_013,88
CGAGTCGCCCCACTCACCCG_014,9
CGAGTCGCCCCACTCACCCG_015,113
CGAGTCGCCCCACTCACCCG_016,104
CGAGTCGCCCCACTCACCCG_017,111
CGAGTCGCCCCACTCACCCG_018,101
CGAGTCGCCCCACTCACCCG_019,169
CGAGTCGCCCCACTCACCCG_020,117
CGAGTCGCCCCACTCACCCG_021,107
CGAGTCGCCCCACTCACCCG_022,81
CGAGTCGCCCCACTCACCCG_023,145
CGAGTCGCCCCACTCACCCG_024,28
CGAGTCGCCCCACTCACCCG_025,108
CGAGTCGCCCCACTCACCCG_026,57
CGAGTCGCCCCACTCACCCG_027,184
CGAGTCGCCCCACTCACCCG_028,149
GTTCCAGGAGAGATACGGAT_001,169
GTTCCAGGAGAGATACGGAT_002,170
GTTCCAGGAGAGATACGGAT_003,181
GTTCCAGGAGAGATACGGAT_004,2
GTTCCAGGAGAGATACGGAT_005,116
GTTCCAGGAGAGATACGGAT_006,191
GTTCCAGGAGAGATACGGAT_007,49
ATGATGGTAACGGAGCATCG_001,45
ATGATGGTAACGGAGCATCG_002,82
ATGATGGTAACGGAGCATCG_003,15
GGTGTCCGTGTCGTTCTCGG_001,141
GGTGTCCGTGTCGTTCTCGG_002,187
GGTGTCCGTGTCGTTCTCGG_003,33
GGTGTCCGTGTCGTTCTCGG_004,133
ATCTTCCTCAATAACACAGG_001,2
ATCTTCCTCAATAACACAGG_002,76
ATCTTCCTCAATAACACAGG_003,65
ATCTTCCTCAATAACACAGG_004,92
ATCTTCCTCAATAACACAGG_005,70
TATATCACAAAAACCTGCCA_001,62
TATATCACAAAAACCTGCCA_002,43
TATATCACAAAAACCTGCCA_003,55
TATATCACAAAAACCTGCCA_004,188
TATATCACAAAAACCTGCCA_005,112
TATATCACAAAAACCTGCCA_006,26
TATATCACAAAAACCTGCCA_007,109
TTTGTGTTGTGCTCACATCG_001,12
TTTGTGTTGTGCTCACATCG_002,77
TTTGTGTTGTGCTCACATCG_003,199
TTTGTGTTGTGCTCACATCG_004,115
TTTGTGTTGTGCTCACATCG_005,133
TTTGTGTTGTGCTCACATCG_006,122
TTTGTGTTGTGCTCACATCG_007,178
TTTGTGTTGTGCTCACATCG_008,106
TTTGTGTTGTGCTCACATCG_009,148
TTTGTGTTGTGCTCACATCG_010,6
TTTGTGTTGTGCTCACATCG_011,2
TTTGTGTTGTGCTCACATCG_012,111
TTTGTGTTGTGCTCACATCG_013,103
TTTGTGTTGTGCTCACATCG_014,188
TTTGTGTTGTGCTCACATCG_015,169
TTTGTGTTGTGCTCACATCG_016,88
TTTGTGTTGTGCTCACATCG_017,144
CCGTGCGAGCTCGTCCACCG_001,172
CCGTGCGAGCTCGTCCACCG_002,79
CCGTGCGAGCTCGTCCACCG_003,91
CCGTGCGAGCTCGTCCACCG_004,166
CCGTGCGAGCTCGTCCACCG_005,126
CCGTGCGAGCTCGTCCACCG_006,172
CCGTGCGAGCTCGTCCACCG_007,77
AACACCCAATAAACTCGGAG_001,12
AACACCCAATAAACTCGGAG_002,78
AACACCCAATAAACTCGGAG_003,116
AACACCCAATAAACTCGGAG_004,155
AACACCCAATAAACTCGGAG_005,153
AACACCCAATAAACTCGGAG_006,12
AACACCCAATAAACTCGGAG_007,94
AGTGCCCAAGAATTTCCCAC_001,43
AGTGCCCAAGAATTTCCCAC_002,25
AGTGCCCAAGAATTTCCCAC_003,24
AGTGCCCAAGAATTTCCCAC_004,5
AGTGCCCAAGAATTTCCCAC_005,129
AGTGCCCAAGAATTTCCCAC_006,100
AGTGCCCAAGAATTTCCCAC_007,47
AGTGCCCAAGAATTTCCCAC_008,2
AGTGCCCAAGAATTTCCCAC_009,2
AGTGCCCAAGAATTTCCCAC_010,64
AGTGCCCAAGAATTTCCCAC_011,138
AGTGCCCAAGAATTTCCCAC_012,68
AGTGCCCAAGAATTTCCCAC_013,104
GTGGCGATTACGACTTCGGA_001,115
GTGGCGATTACGACTTCGGA_002,157
GTGGCGATTACGACTTCGGA_003,158
GTGGCGATTACGACTTCGGA_004,103
GTGGCGATTACGACTTCGGA_005,95
GTGGCGATTACGACTTCGGA_006,198
GTGGCGATTACGACTTCGGA_007,94
CGAGCAAGGAACGATGACGG_001,9
CGAGCAAGGAACGATGACGG_002,159
CGAGCAAGGAACGATGACGG_003,53
CGAGCAAGGAACGATGACGG_004,16
CGAGCAAGGAACGATGACGG_005,123
CGAGCAAGGAACGATGACGG_006,187
CGAGCAAGGAACGATGACGG_007,187
CGAGCAAGGAACGATGACGG_008,169
CGAGCAAGGAACGATGACGG_009,113
CGAGCAAGGAACGATGACGG_010,95
CGAGCAAGGAACGATGACGG_011,82
CGAGCAAGGAACGATGACGG_012,107
CGAGCAAGGAACGATGACGG_013,199
CGAGCAAGGAACGATGACGG_014,177
CGAGCAAGGAACGATGACGG_015,70
CGAGCAAGGAACGATGACGG_016,62
CGAGCAAGGAACGATGACGG_017,180
CGAGCAAGGAACGATGACGG_018,129
CGAGCAAGGAACGATGACGG_019,138
CGAGCAAGGAACGATGACGG_020,80
CTCCTTCTCTTGGCATGCAT_001,23
CTCCTTCTCTTGGCATGCAT_002,148
CTCCTTCTCTTGGCATGCAT_003,169
CTCCTTCTCTTGGCATGCAT_004,116
CTCCTTCTCTTGGCATGCAT_005,78
CTCCTTCTCTTGGCATGCAT_006,18
CTCCTTCTCTTGGCATGCAT_007,163
CTCCTTCTCTTGGCATGCAT_008,16
CTCCTTCTCTTGGCATGCAT_009,185
CTCCTTCTCTTGGCATGCAT_010,119
CTCCTTCTCTTGGCATGCAT_011,20
CTCCTTCTCTTGGCATGCAT_012,184
CTCCTTCTCTTGGCATGCAT_013,103
CTCCTTCTCTTGGCATGCAT_014,169
CTCCTTCTCTTGGCATGCAT_015,198
CTCCTTCTCTTGGCATGCAT_016,137
CTCCTTCTCTTGGCATGCAT_017,60
CTCCTTCTCTTGGCATGCAT_018,100
CTCCTTCTCTTGGCATGCAT_019,168
CTCCTTCTCTTGGCATGCAT_020,57
CTCCTTCTCTTGGCATGCAT_021,153
CTCCTTCTCTTGGCATGCAT_022,177
CTCCTTCTCTTGGCATGCAT_023,22
CTCCTTCTCTTGGCATGCAT_024,105
CTCCTTCTCTTGGCATGCAT_025,174
CTCCTTCTCTTGGCATGCAT_026,88
CTCCTTCTCTTGGCATGCAT_027,89
CCAGTCTGCCATACCACGAG_001,127
CCAGTCTGCCATACCACGAG_002,156
CCAGTCTGCCATACCACGAG_003,174
CCAGTCTGCCATACCACGAG_004,77
CCAGTCTGCCATACCACGAG_005,70
CCAGTCTGCCATACCACGAG_006,81
CCAGTCTGCCATACCACGAG_007,164
CCTGTGTCCCGGAATCGGCT_001,137
CCTGTGTCCCGGAATCGGCT_002,194
CCTGTGTCCCGGAATCGGCT_003,102
CCTGTGTCCCGGAATCGGCT_004,150
CCTGTGTCCCGGAATCGGCT_005,40
CCTGTGTCCCGGAATCGGCT_006,70
CCTGTGTCCCGGAATCGGCT_007,136
CCTGTGTCCCGGAATCGGCT_008,192
CCTGTGTCCCGGAATCGGCT_009,52
CCTGTGTCCCGGAATCGGCT_010,102
CCTGTGTCCCGGAATCGGCT_011,34
CCTGTGTCCCGGAATCGGCT_012,56
CCTGTGTCCCGGAATCGGCT_013,129
CCTGTGTCCCGGAATCGGCT_014,137
CCTGTGTCCCGGAATCGGCT_015,39
CCTGTGTCCCGGAATCGGCT_016,68
CCTGTGTCCCGGAATCGGCT_017,188
CCTGTGTCCCGGAATCGGCT_018,106
AGAGGAAAGGAATGTCCCAT_001,94
AGAGGAAAGGAATGTCCCAT_002,150
AGAGGAAAGGAATGTCCCAT_003,67
AGAGGAAAGGAATGTCCCAT_004,149
AGAGGAAAGGAATGTCCCAT_005,198
AGAGGAAAGGAATGTCCCAT_006,160
ACATCATAGGATGGGTAGGG_001,178
GAGTCTTGGCCAAGTCGATG_001,12
GAGTCTTGGCCAAGTCGATG_002,107
GAGTCTTGGCCAAGTCGATG_003,169
GAGTCTTGGCCAAGTCGATG_004,65
GACCTTGGAGAAATTGGACG_001,15
GACCTTGGAGAAATTGGACG_002,86
GACCTTGGAGAAATTGGACG_003,148
GACCTTGGAGAAATTGGACG_004,125
GACCTTGGAGAAATTGGACG_005,161
GACCTTGGAGAAATTGGACG_006,194
GACCTTGGAGAAATTGGACG_007,174
TAGATGAAGTGAAAAGACAG_001,146
TAGATGAAGTGAAAAGACAG_002,193
TAGATGAAGTGAAAAGACAG_003,49
TAGATGAAGTGAAAAGACAG_004,9
TAGATGAAGTGAAAAGACAG_005,94
TAGATGAAGTGAAAAGACAG_006,4
TAGATGAAGTGAAAAGACAG_007,178
TAGATGAAGTGAAAAGACAG_008,178
TAGATGAAGTGAAAAGACAG_009,47
TAGATGAAGTGAAAAGACAG_010,135
TAGATGAAGTGAAAAGACAG_011,61
TAGATGAAGTGAAAAGACAG_012,41
TAGATGAAGTGAAAAGACAG_013,76
TAGATGAAGTGAAAAGACAG_014,199
TAGATGAAGTGAAAAGACAG_015,199
TAGATGAAGTGAAAAGACAG_016,184
TAGATGAAGTGAAAAGACAG_017,75
TAGATGAAGTGAAAAGACAG_018,76
CTATATGCTCACAGTATGTG_001,113
CTATATGCTCACAGTATGTG_002,198
CTATATGCTCACAGTATGTG_003,64
CTATATGCTCACAGTATGTG_004,94
CTATATGCTCACAGTATGTG_005,184
CTATATGCTCACAGTATGTG_006,43
CTATATGCTCACAGTATGTG_007,168
CTATATGCTCACAGTATGTG_008,39
CTATATGCTCACAGTATGTG_009,139
TCAGGCTCGTCCCAGATACT_001,9
TCAGGCTCGTCCCAGATACT_002,116
TCAGGCTCGTCCCAGATACT_003,124
TCAGGCTCGTCCCAGATACT_004,70
TCAGGCTCGTCCCAGATACT_005,36
TCAGGCTCGTCCCAGATACT_006,94
TCAGGCTCGTCCCAGATACT_007,106
TCAGGCTCGTCCCAGATACT_008,41
TCAGGCTCGTCCCAGATACT_009,68
TCAGGCTCGTCCCAGATACT_010,68
TCAGGCTCGTCCCAGATACT_011,130
TCAGGCTCGTCCCAGATACT_012,58
TCAGGCTCGTCCCAGATACT_013,14
ATCTTCACAGTCTGTCTCCG_001,95
ATCTTCACAGTCTGTCTCCG_002,193
ATCTTCACAGTCTGTCTCCG_003,81
ATCTTCACAGTCTGTCTCCG_004,66
GATCACCAGTGTAAAACGTA_001,15
ACAGCTGGTGTTGGCATGTG_001,41
ACAGCTGGTGTTGGCATGTG_002,94
ACAGCTGGTGTTGGCATGTG_003,84
ACAGCTGGTGTTGGCATGTG_004,112
ACAGCTGGTGTTGGCATGTG_005,173
ACAGCTGGTGTTGGCATGTG_006,120
ACAGCTGGTGTTGGCATGTG_007,84
ACAGCTGGTGTTGGCATGTG_008,145
ACAGCTGGTGTTGGCATGTG_009,10
ACAGCTGGTGTTGGCATGTG_010,155
ACAGCTGGTGTTGGCATGTG_011,9
ACAGCTGGTGTTGGCATGTG_012,177
ACAGCTGGTGTTGGCATGTG_013,70
ACACTCACAGCGTACAGAGA_001,37
ACACTCACAGCGTACAGAGA_002,127
ACACTCACAGCGTACAGAGA_003,78
ACACTCACAGCGTACAGAGA_004,146
ACACTCACAGCGTACAGAGA_005,61
ACACTCACAGCGTACAGAGA_006,105
ACACTCACAGCGTACAGAGA_007,150
ACACTCACAGCGTACAGAGA_008,47
ACACTCACAGCGTACAGAGA_009,6
ACACTCACAGCGTACAGAGA_010,158
ACACTCACAGCGTACAGAGA_011,98
ACACTCACAGCGTACAGAGA_012,9
ACACTCACAGCGTACAGAGA_013,80
GATGGCAAGCATGTGGCGTT_001,16
GATGGCAAGCATGTGGCGTT_002,197
GATGGCAAGCATGTGGCGTT_003,115
GATGGCAAGCATGTGGCGTT_004,49
GATGGCAAGCATGTGGCGTT_005,136
GATGGCAAGCATGTGGCGTT_006,98
GATGGCAAGCATGTGGCGTT_007,39
ATATAGCCTCGGTATTTCGT_001,127
ATATAGCCTCGGTATTTCGT_002,88
ATATAGCCTCGGTATTTCGT_003,93
ATATAGCCTCGGTATTTCGT_004,131
ATATAGCCTCGGTATTTCGT_005,127
CTGACCTTCATGGCCGTCGG_001,115
CTGACCTTCATGGCCGTCGG_002,147
CTGACCTTCATGGCCGTCGG_003,138
CTGACCTTCATGGCCGTCGG_004,172
CTGACCTTCATGGCCGTCGG_005,163
CTGACCTTCATGGCCGTCGG_006,118
CTGACCTTCATGGCCGTCGG_007,126
CTGACCTTCATGGCCGTCGG_008,169
CTGACCTTCATGGCCGTCGG_009,78
CTGACCTTCATGGCCGTCGG_010,20
CTGACCTTCATGGCCGTCGG_011,103
CTGACCTTCATGGCCGTCGG_012,76
CTGACCTTCATGGCCGTCGG_013,177
CTGACCTTCATGGCCGTCGG_014,155
CTGACCTTCATGGCCGTCGG_015,0
CTGACCTTCATGGCCGTCGG_016,187
CTGACCTTCATGGCCGTCGG_017,15
CTGACCTTCATGGCCGTCGG_018,89
CTGACCTTCATGGCCGTCGG_019,103
CTGACCTTCATGGCCGTCGG_020,62
GAAATCGACAGTACTGACAT_001,57
GAAATCGACAGTACTGACAT_002,2
GAAATCGACAGTACTGACAT_003,193
GAAATCGACAGTACTGACAT_004,115
GAAATCGACAGTACTGACAT_005,4
GAAATCGACAGTACTGACAT_006,47
GAAATCGACAGTACTGACAT_007,178
GAAATCGACAGTACTGACAT_008,36
GAAATCGACAGTACTGACAT_009,142
GAAATCGACAGTACTGACAT_010,162
ATAAATAGTGATAGTAGTCG_001,88
ATAAATAGTGATAGTAGTCG_002,158
GAGTGTTAAGCCAGATACCC_001,11
GAGTGTTAAGCCAGATACCC_002,2
GAGTGTTAAGCCAGATACCC_003,191
GAGTGTTAAGCCAGATACCC_004,80
GAGTGTTAAGCCAGATACCC_005,11
GCCGACGTGTTGGGGACCCA_001,47
GCCGACGTGTTGGGGACCCA_002,43
GCCGACGTGTTGGGGACCCA_003,189
GCCGACGTGTTGGGGACCCA_004,149
GCCGACGTGTTGGGGACCCA_005,27
GCCGACGTGTTGGGGACCCA_006,192
GCCGACGTGTTGGGGACCCA_007,38
GCCGACGTGTTGGGGACCCA_008,65
GCCGACGTGTTGGGGACCCA_009,171
GCCGACGTGTTGGGGACCCA_010,100
GCCGACGTGTTGGGGACCCA_011,47
GCCGACGTGTTGGGGACCCA_012,43
GCCGACGTGTTGGGGACCCA_013,15
GCCGACGTGTTGGGGACCCA_014,42
GCCGACGTGTTGGGGACCCA_015,105
GCCGACGTGTTGGGGACCCA_016,87
GCCGACGTGTTGGGGACCCA_017,9
GCCGACGTGTTGGGGACCCA_018,29
GCCGACGTGTTGGGGACCCA_019,191
AGTTGTATCAAGCTATGCAT_001,171
AGTTGTATCAAGCTATGCAT_002,144
AGTTGTATCAAGCTATGCAT_003,125
AGTTGTATCAAGCTATGCAT_004,68
AGTTGTATCAAGCTATGCAT_005,49
AGTTGTATCAAGCTATGCAT_006,164
AGTTGTATCAAGCTATGCAT_007,164
AGTTGTATCAAGCTATGCAT_008,148
AGTTGTATCAAGCTATGCAT_009,177
AGTTGTATCAAGCTATGCAT_010,162
AGTTGTATCAAGCTATGCAT_011,83
AGTTGTATCAAGCTATGCAT_012,68
AGTTGTATCAAGCTATGCAT_013,139
AGTTGTATCAAGCTATGCAT_014,132
AGTTGTATCAAGCTATGCAT_015,147
AGTTGTATCAAGCTATGCAT_016,77
AGTTGTATCAAGCTATGCAT_017,138
AGTTGTATCAAGCTATGCAT_018,152
AGTTGTATCAAGCTATGCAT_019,113
AGTTGTATCAAGCTATGCAT_020,6
GCTGTAGGGAGGCTTCTGCG_001,58
GCTGTAGGGAGGCTTCTGCG_002,158
GCTGTAGGGAGGCTTCTGCG_003,59
GCTGTAGGGAGGCTTCTGCG_004,178
GCTGTAGGGAGGCTTCTGCG_005,137
GCTGTAGGGAGGCTTCTGCG_006,39
TCCCACTGTGTGGTCACTAG_001,196
TCCCACTGTGTGGTCACTAG_002,9
TCCCACTGTGTGGTCACTAG_003,42
TCCCACTGTGTGGTCACTAG_004,22
TCCCACTGTGTGGTCACTAG_005,8
TCCCACTGTGTGGTCACTAG_006,56
TCCCACTGTGTGGTCACTAG_007,10
TCCCACTGTGTGGTCACTAG_008,150
TCCCACTGTGTGGTCACTAG_009,129
TCCCACTGTGTGGTCACTAG_010,28
TCCCACTGTGTGGTCACTAG_011,10
TCCCACTGTGTGGTCACTAG_012,58
TCCCACTGTGTGGTCACTAG_013,19
TCCCACTGTGTGGTCACTAG_014,188
TCCCACTGTGTGGTCACTAG_015,7
TCCCACTGTGTGGTCACTAG_016,74
TCCCACTGTGTGGTCACTAG_017,28
CGACCGCCCAGCGTGACACG_001,174
CGACCGCCCAGCGTGACACG_002,21
CGACCGCCCAGCGTGACACG_003,175
CGACCGCCCAGCGTGACACG_004,59
CGACCGCCCAGCGTGACACG_005,141
CGACCGCCCAGCGTGACACG_006,49
CGACCGCCCAGCGTGACACG_007,64
CGACCGCCCAGCGTGACACG_008,80
CGACCGCCCAGCGTGACACG_009,178
CGACCGCCCAGCGTGACACG_010,62
CGACCGCCCAGCGTGACACG_011,119
CGACCGCCCAGCGTGACACG_012,68
CGACCGCCCAGCGTGACACG_013,55
CGACCGCCCAGCGTGACACG_014,81
CGACCGCCCAGCGTGACACG_015,62
CGACCGCCCAGCGTGACACG_016,26
CGACCGCCCAGCGTGACACG_017,89
CGACCGCCCAGCGTGACACG_018,145
TTACATAAAGCCATAGACTG_001,127
TTACATAAAGCCATAGACTG_002,54
TTACATAAAGCCATAGACTG_003,50
TTACATAAAGCCATAGACTG_004,88
TTACATAAAGCCATAGACTG_005,147
TTACATAAAGCCATAGACTG_006,169
TTACATAAAGCCATAGACTG_007,165
TTACATAAAGCCATAGACTG_008,171
TTACATAAAGCCATAGACTG_009,154
TTACATAAAGCCATAGACTG_010,76
TTACATAAAGCCATAGACTG_011,120
TTACATAAAGCCATAGACTG_012,106
TTACATAAAGCCATAGACTG_013,36
TTACATAAAGCCATAGACTG_014,175
TTACATAAAGCCATAGACTG_015,146
TTACATAAAGCCATAGACTG_016,125
TTACATAAAGCCATAGACTG_017,97
TTACATAAAGCCATAGACTG_018,142
CAGACTCGATGTAGGCGGAG_001,4
CAGACTCGATGTAGGCGGAG_002,75
CAGACTCGATGTAGGCGGAG_003,144
CCGACTTCCTGACGTATGGG_001,171
CCGACTTCCTGACGTATGGG_002,173
CCGACTTCCTGACGTATGGG_003,185
CCGACTTCCTGACGTATGGG_004,48
CCGACTTCCTGACGTATGGG_005,157
CCGACTTCCTGACGTATGGG_006,197
CCGACTTCCTGACGTATGGG_007,40
CCGACTTCCTGACGTATGGG_008,166
CCGACTTCCTGACGTATGGG_009,35
CCGACTTCCTGACGTATGGG_010,104
CCGACTTCCTGACGTATGGG_011,86
CCGACTTCCTGACGTATGGG_012,34
CCGACTTCCTGACGTATGGG_013,35
CCGACTTCCTGACGTATGGG_014,147
CCGACTTCCTGACGTATGGG_015,97
CCGACTTCCTGACGTATGGG_016,142
TCTGTAGTGAATCGGTGGAA_001,127
TCTGTAGTGAATCGGTGGAA_002,7
TCTGTAGTGAATCGGTGGAA_003,69
TCTGTAGTGAATCGGTGGAA_004,113
TCTGTAGTGAATCGGTGGAA_005,105
TCTGTAGTGAATCGGTGGAA_006,161
TCTGTAGTGAATCGGTGGAA_007,161
TCTGTAGTGAATCGGTGGAA_008,36
TCTGTAGTGAATCGGTGGAA_009,188
TCTGTAGTGAATCGGTGGAA_010,108
GTAATGGTATCTCTATAACT_001,78
GGGCTCGCAGTATGAACTGA_001,117
GGGCTCGCAGTATGAACTGA_002,17
GGGCTCGCAGTATGAACTGA_003,12
GGGCTCGCAGTATGAACTGA_004,123
GGGCTCGCAGTATGAACTGA_005,41
CAGGCAACGTACCCTCAGCG_001,165
CAGGCAACGTACCCTCAGCG_002,199
CAGGCAACGTACCCTCAGCG_003,103
CAGGCAACGTACCCTCAGCG_004,199
CAGGCAACGTACCCTCAGCG_005,34
CAGGCAACGTACCCTCAGCG_006,138
CAGGCAACGTACCCTCAGCG_007,48
ACAGAAGGAGTGTCCTGACA_001,66
ACAGAAGGAGTGTCCTGACA_002,127
ACAGAAGGAGTGTCCTGACA_003,15
ACAGAAGGAGTGTCCTGACA_004,92
TTGTACTTCAGATTAACAGG_001,48
TTGTACTTCAGATTAACAGG_002,41
TTGTACTTCAGATTAACAGG_003,154
ACGTTCCTCTGCATGTCGTG_001,199
ACGTTCCTCTGCATGTCGTG_002,127
ACGTTCCTCTGCATGTCGTG_003,35
ACGTTCCTCTGCATGTCGTG_004,94
ACGTTCCTCTGCATGTCGTG_005,77
ACGTTCCTCTGCATGTCGTG_006,78
ACGTTCCTCTGCATGTCGTG_007,78
ACGTTCCTCTGCATGTCGTG_008,144
ACGTTCCTCTGCATGTCGTG_009,57
ACGTTCCTCTGCATGTCGTG_010,88
ACGTTCCTCTGCATGTCGTG_011,157
ACGTTCCTCTGCATGTCGTG_012,189
ACGTTCCTCTGCATGTCGTG_013,1
ACGTTCCTCTGCATGTCGTG_014,168
ACGTTCCTCTGCATGTCGTG_015,67
ACGTTCCTCTGCATGTCGTG_016,196
ACGTTCCTCTGCATGTCGTG_017,62
ACGTTCCTCTGCATGTCGTG_018,147
ACGTTCCTCTGCATGTCGTG_019,10
ACGTTCCTCTGCATGTCGTG_020,198
TGGCAAATCTTCGATGTGAA_001,167
TGGCAAATCTTCGATGTGAA_002,72
TGGCAAATCTTCGATGTGAA_003,72
TGGCAAATCTTCGATGTGAA_004,40
TGGCAAATCTTCGATGTGAA_005,58
GGATGAAGATTGTAGAAGCA_001,55
GGATGAAGATTGTAGAAGCA_002,15
GGATGAAGATTGTAGAAGCA_003,13
TCAAGTGAACATGAATACAG_001,105
TCAAGTGAACATGAATACAG_002,56
TCAAGTGAACATGAATACAG_003,78
TCAAGTGAACATGAATACAG_004,160
TCAAGTGAACATGAATACAG_005,56
TCAAGTGAACATGAATACAG_006,160
TCAAGTGAACATGAATACAG_007,61
TCAAGTGAACATGAATACAG_008,149
TCAAGTGAACATGAATACAG_009,147
TCAAGTGAACATGAATACAG_010,78
TCAAGTGAACATGAATACAG_011,147
TCAAGTGAACATGAATACAG_012,136
TCAAGTGAACATGAATACAG_013,43
TCAAGTGAACATGAATACAG_014,33
ATTTACTTTCAGCCTTTCAG_001,19
ATTTACTTTCAGCCTTTCAG_002,150
ATTTACTTTCAGCCTTTCAG_003,64
ATTTACTTTCAGCCTTTCAG_004,191
GCCAGACAGACGCTCCCATG_001,62
GCCAGACAGACGCTCCCATG_002,107
GCCAGACAGACGCTCCCATG_003,14
GCCAGACAGACGCTCCCATG_004,150
GCCAGACAGACGCTCCCATG_005,168
GCCAGACAGACGCTCCCATG_006,56
GCCAGACAGACGCTCCCATG_007,57
GCCAGACAGACGCTCCCATG_008,110
GCAGTGCTGGATCTTAAGAA_001,27
GCAGTGCTGGATCTTAAGAA_002,62
ATCCGCATTCCAGGTCAGGT_001,64
ATCCGCATTCCAGGTCAGGT_002,176
ATCCGCATTCCAGGTCAGGT_003,107
ATCCGCATTCCAGGTCAGGT_004,156
ATCCGCATTCCAGGTCAGGT_005,162
ATCCGCATTCCAGGTCAGGT_006,184
ATCCGCATTCCAGGTCAGGT_007,133
ATCCGCATTCCAGGTCAGGT_008,81
ATCCGCATTCCAGGTCAGGT_009,102
ATCCGCATTCCAGGTCAGGT_010,41
ATCCGCATTCCAGGTCAGGT_011,108
ATCCGCATTCCAGGTCAGGT_012,140
ATCCGCATTCCAGGTCAGGT_013,76
ATCCGCATTCCAGGTCAGGT_014,104
ATCCGCATTCCAGGTCAGGT_015,66
ATCCGCATTCCAGGTCAGGT_016,119
ATCCGCATTCCAGGTCAGGT_017,99
ATCCGCATTCCAGGTCAGGT_018,83
ATCCGCATTCCAGGTCAGGT_019,147
ATCCGCATTCCAGGTCAGGT_020,143
ATCCGCATTCCAGGTCAGGT_021,88
ATCCGCATTCCAGGTCAGGT_022,129
ATCCGCATTCCAGGTCAGGT_023,78
AGGCCCCCAATGTCCCCCGC_001,153
AGGCCCCCAATGTCCCCCGC_002,176
AGGCCCCCAATGTCCCCCGC_003,88
AGGCCCCCAATGTCCCCCGC_004,40
AGGCCCCCAATGTCCCCCGC_005,195
AGGCCCCCAATGTCCCCCGC_006,78
AGGCCCCCAATGTCCCCCGC_007,140
AGGCCCCCAATGTCCCCCGC_008,165
AGGCCCCCAATGTCCCCCGC_009,139
AGGCCCCCAATGTCCCCCGC_010,146
AGGCCCCCAATGTCCCCCGC_011,184
AGGCCCCCAATGTCCCCCGC_012,184
AGGCCCCCAATGTCCCCCGC_013,169
AGGCCCCCAATGTCCCCCGC_014,4
AGGCCCCCAATGTCCCCCGC_015,41
AGGCCCCCAATGTCCCCCGC_016,62
AGGCCCCCAATGTCCCCCGC_017,187
AGGCCCCCAATGTCCCCCGC_018,174
AGGCCCCCAATGTCCCCCGC_019,9
AGGCCCCCAATGTCCCCCGC_020,28
AGGCCCCCAATGTCCCCCGC_021,82
AGGCCCCCAATGTCCCCCGC_022,159
AGGCCCCCAATGTCCCCCGC_023,181
AGGCCCCCAATGTCCCCCGC_024,164
AGGCCCCCAATGTCCCCCGC_025,121
AGGCCCCCAATGTCCCCCGC_026,133
AGGCCCCCAATGTCCCCCGC_027,165
AGGCCCCCAATGTCCCCCGC_028,124
AGGCCCCCAATGTCCCCCGC_029,10
AGGCCCCCAATGTCCCCCGC_030,121
AGGCCCCCAATGTCCCCCGC_031,78
AGGCCCCCAATGTCCCCCGC_032,103
AGGCCCCCAATGTCCCCCGC_033,147
AGGCCCCCAATGTCCCCCGC_034,12
AGGCCCCCAATGTCCCCCGC_035,177
AGGCCCCCAATGTCCCCCGC_036,187
AGGCCCCCAATGTCCCCCGC_037,82
AGGCCCCCAATGTCCCCCGC_038,169
AGGCCCCCAATGTCCCCCGC_039,88
AGGCCCCCAATGTCCCCCGC_040,12
AGGCCCCCAATGTCCCCCGC_041,154
AGGCCCCCAATGTCCCCCGC_042,76
AGGCCCCCAATGTCCCCCGC_043,115
AGGCCCCCAATGTCCCCCGC_044,81
AGGCCCCCAATGTCCCCCGC_045,147
AGGCCCCCAATGTCCCCCGC_046,146
AGGCCCCCAATGTCCCCCGC_047,9
AGGCCCCCAATGTCCCCCGC_048,5
AGGCCCCCAATGTCCCCCGC_049,70
AGGCCCCCAATGTCCCCCGC_050,125
AGGCCCCCAATGTCCCCCGC_051,14
AGGCCCCCAATGTCCCCCGC_052,46
AGGCCCCCAATGTCCCCCGC_053,87
AGGCCCCCAATGTCCCCCGC_054,150
AGGCCCCCAATGTCCCCCGC_055,184
AGGCCCCCAATGTCCCCCGC_056,63
AGGCCCCCAATGTCCCCCGC_057,34
AGGCCCCCAATGTCCCCCGC_058,0
AGGCCCCCAATGTCCCCCGC_059,102
AGGCCCCCAATGTCCCCCGC_060,17
AGGCCCCCAATGTCCCCCGC_061,40
AGGCCCCCAATGTCCCCCGC_062,11
TGACAGATTGACCTCATCGA_001,0
TGACAGATTGACCTCATCGA_002,93
TGACAGATTGACCTCATCGA_003,80
TGACAGATTGACCTCATCGA_004,178
TGACAGATTGACCTCATCGA_005,7
TGACAGATTGACCTCATCGA_006,181
TGACAGATTGACCTCATCGA_007,161
CAGGAGCTTAGCCATGTCGT_001,152
CAGGAGCTTAGCCATGTCGT_002,160
CAGGAGCTTAGCCATGTCGT_003,25
CAGGAGCTTAGCCATGTCGT_004,36
CAGGAGCTTAGCCATGTCGT_005,125
CAGGAGCTTAGCCATGTCGT_006,141
CAGGAGCTTAGCCATGTCGT_007,162
ATGTGCGCTTGGAATCCAAG_001,176
ATGTGCGCTTGGAATCCAAG_002,58
TGAAAAAGGGAATTTCAACG_001,127
TGAAAAAGGGAATTTCAACG_002,94
TGAAAAAGGGAATTTCAACG_003,130
TGAAAAAGGGAATTTCAACG_004,28
TGAAAAAGGGAATTTCAACG_005,49
GCATCTTCGGCAGCTCCGGC_001,178
GCATCTTCGGCAGCTCCGGC_002,34
GCATCTTCGGCAGCTCCGGC_003,185
GCATCTTCGGCAGCTCCGGC_004,161
GCATCTTCGGCAGCTCCGGC_005,115
GCATCTTCGGCAGCTCCGGC_006,149
GCATCTTCGGCAGCTCCGGC_007,184
GCATCTTCGGCAGCTCCGGC_008,41
GCATCTTCGGCAGCTCCGGC_009,147
GCATCTTCGGCAGCTCCGGC_010,177
GCATCTTCGGCAGCTCCGGC_011,60
GCATCTTCGGCAGCTCCGGC_012,19
GCATCTTCGGCAGCTCCGGC_013,103
GCATCTTCGGCAGCTCCGGC_014,63
GCATCTTCGGCAGCTCCGGC_015,78
GCATCTTCGGCAGCTCCGGC_016,19
GCATCTTCGGCAGCTCCGGC_017,115
GCATCTTCGGCAGCTCCGGC_018,4
GCATCTTCGGCAGCTCCGGC_019,52
TGCATGGACGGAAGACGATG_001,119
TGCATGGACGGAAGACGATG_002,105
TGCATGGACGGAAGACGATG_003,175
CCCTTGGGCGAACCTGCCGG_001,175
CCCTTGGGCGAACCTGCCGG_002,92
CCCTTGGGCGAACCTGCCGG_003,146
CCCTTGGGCGAACCTGCCGG_004,7
CCCTTGGGCGAACCTGCCGG_005,111
CCCTTGGGCGAACCTGCCGG_006,13
CCCTTGGGCGAACCTGCCGG_007,1
CCCTTGGGCGAACCTGCCGG_008,169
CCCTTGGGCGAACCTGCCGG_009,169
CCCTTGGGCGAACCTGCCGG_010,185
CCCTTGGGCGAACCTGCCGG_011,82
CCCTTGGGCGAACCTGCCGG_012,166
CCCTTGGGCGAACCTGCCGG_013,66
CCCTTGGGCGAACCTGCCGG_014,66
CCCTTGGGCGAACCTGCCGG_015,88
CCCTTGGGCGAACCTGCCGG_016,179
CCCTTGGGCGAACCTGCCGG_017,171
CCCTTGGGCGAACCTGCCGG_018,62
CCCTTGGGCGAACCTGCCGG_019,107
CCCTTGGGCGAACCTGCCGG_020,172
CCCTTGGGCGAACCTGCCGG_021,127
CCCTTGGGCGAACCTGCCGG_022,198
CCCTTGGGCGAACCTGCCGG_023,6
CCCTTGGGCGAACCTGCCGG_024,6
CCCTTGGGCGAACCTGCCGG_025,146
CCAGATGCCCGCGTCCAGGG_001,97
CCAGATGCCCGCGTCCAGGG_002,12
CCAGATGCCCGCGTCCAGGG_003,53
CCAGATGCCCGCGTCCAGGG_004,78
CCAGATGCCCGCGTCCAGGG_005,82
CCAGATGCCCGCGTCCAGGG_006,51
CCAGATGCCCGCGTCCAGGG_007,159
CCAGATGCCCGCGTCCAGGG_008,8
CCAGATGCCCGCGTCCAGGG_009,98
CCAGATGCCCGCGTCCAGGG_010,38
CCAGATGCCCGCGTCCAGGG_011,144
CCAGATGCCCGCGTCCAGGG_012,107
CCAGATGCCCGCGTCCAGGG_013,160
CCAGATGCCCGCGTCCAGGG_014,85
CCAGATGCCCGCGTCCAGGG_015,31
CCAGATGCCCGCGTCCAGGG_016,2
CCAGATGCCCGCGTCCAGGG_017,53
CCAGATGCCCGCGTCCAGGG_018,169
CCAGATGCCCGCGTCCAGGG_019,176
CCAGATGCCCGCGTCCAGGG_020,139
CCAGATGCCCGCGTCCAGGG_021,16
CCAGATGCCCGCGTCCAGGG_022,150
CCAGATGCCCGCGTCCAGGG_023,191
CCAGATGCCCGCGTCCAGGG_024,3
GACCACAGCTATGCGACCGA_001,189
GACCACAGCTATGCGACCGA_002,166
GACCACAGCTATGCGACCGA_003,56
GACCACAGCTATGCGACCGA_004,178
GACCACAGCTATGCGACCGA_005,5
GACCACAGCTATGCGACCGA_006,141
GACCACAGCTATGCGACCGA_007,2
GACCACAGCTATGCGACCGA_008,93
GACCACAGCTATGCGACCGA_009,111
GACCACAGCTATGCGACCGA_010,63
GACCACAGCTATGCGACCGA_011,113
GACCACAGCTATGCGACCGA_012,133
TCAGGTGTCTGGCCTGACGG_001,150
TCAGGTGTCTGGCCTGACGG_002,132
TCAGGTGTCTGGCCTGACGG_003,62
TCAGGTGTCTGGCCTGACGG_004,130
TCAGGTGTCTGGCCTGACGG_005,185
TCAGGTGTCTGGCCTGACGG_006,50
TCAGGTGTCTGGCCTGACGG_007,158
TCAGGTGTCTGGCCTGACGG_008,31
TCAGGTGTCTGGCCTGACGG_009,194
TCAGGTGTCTGGCCTGACGG_010,79
TCAGGTGTCTGGCCTGACGG_011,57
TCAGGTGTCTGGCCTGACGG_012,168
TCAGGTGTCTGGCCTGACGG_013,55
TCAGGTGTCTGGCCTGACGG_014,144
TCAGGTGTCTGGCCTGACGG_015,149
TCAGGTGTCTGGCCTGACGG_016,4
GACAACCACCAGGAATATCG_001,140
GACAACCACCAGGAATATCG_002,184
GACAACCACCAGGAATATCG_003,144
GACAACCACCAGGAATATCG_004,63
TAGTGATACACGCCACAGTG_001,12
TAGTGATACACGCCACAGTG_002,83
TAGTGATACACGCCACAGTG_003,15
TAGTGATACACGCCACAGTG_004,47
TAGTGATACACGCCACAGTG_005,41
TAGTGATACACGCCACAGTG_006,182
TAGTGATACACGCCACAGTG_007,72
TAGTGATACACGCCACAGTG_008,158
TAGTGATACACGCCACAGTG_009,13
TAGTGATACACGCCACAGTG_010,184
TAGTGATACACGCCACAGTG_011,149
TAGTGATACACGCCACAGTG_012,22
TAGTGATACACGCCACAGTG_013,174
TAGTGATACACGCCACAGTG_014,158
TAGTGATACACGCCACAGTG_015,95
TAGTGATACACGCCACAGTG_016,114
TAGTGATACACGCCACAGTG_017,107
TAGTGATACACGCCACAGTG_018,25
TAGTGATACACGCCACAGTG_019,103
TAGTGATACACGCCACAGTG_020,149
TAGTGATACACGCCACAGTG_021,177
TAGTGATACACGCCACAGTG_022,180
TAGTGATACACGCCACAGTG_023,19
TAGTGATACACGCCACAGTG_024,149
TAGTGATACACGCCACAGTG_025,65
TAGTGATACACGCCACAGTG_026,65
GGAGCTGAACTAAAAGACTG_001,178
GGAGCTGAACTAAAAGACTG_002,56
GGAGCTGAACTAAAAGACTG_003,27
GGAGCTGAACTAAAAGACTG_004,43
GGAGCTGAACTAAAAGACTG_005,145
GGAGCTGAACTAAAAGACTG_006,88
GGAGCTGAACTAAAAGACTG_007,121
GGAGCTGAACTAAAAGACTG_008,158
GGAGCTGAACTAAAAGACTG_009,53
GGAGCTGAACTAAAAGACTG_010,61
GGAGCTGAACTAAAAGACTG_011,110
GGAGCTGAACTAAAAGACTG_012,54
GGAGCTGAACTAAAAGACTG_013,186
GGAGCTGAACTAAAAGACTG_014,40
GGAGCTGAACTAAAAGACTG_015,25
GGAGCTGAACTAAAAGACTG_016,107
GGAGCTGAACTAAAAGACTG_017,35
GGAGCTGAACTAAAAGACTG_018,120
GGAGCTGAACTAAAAGACTG_019,138
GGAGCTGAACTAAAAGACTG_020,175
GGGGATCCAACCTCCAAAAG_001,163
GGGGATCCAACCTCCAAAAG_002,122
GGGGATCCAACCTCCAAAAG_003,60
GGGGATCCAACCTCCAAAAG_004,170
GGGGATCCAACCTCCAAAAG_005,15
GGGGATCCAACCTCCAAAAG_006,69
GGGGATCCAACCTCCAAAAG_007,111
GGGGATCCAACCTCCAAAAG_008,91
GGGGATCCAACCTCCAAAAG_009,61
GGGGATCCAACCTCCAAAAG_010,125
GGGGATCCAACCTCCAAAAG_011,144
GGGGATCCAACCTCCAAAAG_012,119
GGGGATCCAACCTCCAAAAG_013,128
GGGGATCCAACCTCCAAAAG_014,52
GGGGATCCAACCTCCAAAAG_015,106
GGGGATCCAACCTCCAAAAG_016,16
GGGGATCCAACCTCCAAAAG_017,107
GGGGATCCAACCTCCAAAAG_018,190
TTAAGCCAGAGCTGTACCAG_001,31
TTAAGCCAGAGCTGTACCAG_002,110
TTAAGCCAGAGCTGTACCAG_003,116
TTAAGCCAGAGCTGTACCAG_004,176
TTAAGCCAGAGCTGTACCAG_005,40
TTAAGCCAGAGCTGTACCAG_006,26
TTAAGCCAGAGCTGTACCAG_007,148
TTAAGCCAGAGCTGTACCAG_008,188
TTAAGCCAGAGCTGTACCAG_009,131
TTAAGCCAGAGCTGTACCAG_010,183
TTAAGCCAGAGCTGTACCAG_011,168
GACAGGTCTCTGATCAGTGG_001,20
GACAGGTCTCTGATCAGTGG_002,191
GACAGGTCTCTGATCAGTGG_003,71
GACAGGTCTCTGATCAGTGG_004,26
GACAGGTCTCTGATCAGTGG_005,5
GACAGGTCTCTGATCAGTGG_006,34
GACAGGTCTCTGATCAGTGG_007,2
GACAGGTCTCTGATCAGTGG_008,152
CCCACATATACGGCCCAGTG_001,152
CCCACATATACGGCCCAGTG_002,15
CTGCTGCTCGCATCCCAGCG_001,171
CTGCTGCTCGCATCCCAGCG_002,166
CTGCTGCTCGCATCCCAGCG_003,56
AGACTGCCGTGGCCACACAA_001,70
AGACTGCCGTGGCCACACAA_002,148
AGACTGCCGTGGCCACACAA_003,13
AGACTGCCGTGGCCACACAA_004,15
AGACTGCCGTGGCCACACAA_005,160
AGACTGCCGTGGCCACACAA_006,20
AGACTGCCGTGGCCACACAA_007,17
AGACTGCCGTGGCCACACAA_008,137
AGACTGCCGTGGCCACACAA_009,22
AGACTGCCGTGGCCACACAA_010,121
AGACTGCCGTGGCCACACAA_011,112
AGACTGCCGTGGCCACACAA_012,34
AGACTGCCGTGGCCACACAA_013,103
AGACTGCCGTGGCCACACAA_014,172
AGACTGCCGTGGCCACACAA_015,68
AGACTGCCGTGGCCACACAA_016,184
AGACTGCCGTGGCCACACAA_017,81
AGACTGCCGTGGCCACACAA_018,15
AGACTGCCGTGGCCACACAA_019,94
AGACTGCCGTGGCCACACAA_020,5
AGACTGCCGTGGCCACACAA_021,149
AGACTGCCGTGGCCACACAA_022,113
AGACTGCCGTGGCCACACAA_023,56
AGACTGCCGTGGCCACACAA_024,104
AGACTGCCGTGGCCACACAA_025,124
AGACTGCCGTGGCCACACAA_026,32
AGACTGCCGTGGCCACACAA_027,147
AGACTGCCGTGGCCACACAA_028,111
AGACTGCCGTGGCCACACAA_029,64
AGACTGCCGTGGCCACACAA_030,120
AGACTGCCGTGGCCACACAA_031,16
AGACTGCCGTGGCCACACAA_032,28
AGACTGCCGTGGCCACACAA_033,158
AGACTGCCGTGGCCACACAA_034,199
AGACTGCCGTGGCCACACAA_035,41
AGACTGCCGTGGCCACACAA_036,59
AGACTGCCGTGGCCACACAA_037,162
AGACTGCCGTGGCCACACAA_038,49
AGACTGCCGTGGCCACACAA_039,104
AGACTGCCGTGGCCACACAA_040,94
AGACTGCCGTGGCCACACAA_041,175
AGACTGCCGTGGCCACACAA_042,184
AGACTGCCGTGGCCACACAA_043,19
AGACTGCCGTGGCCACACAA_044,1
AGACTGCCGTGGCCACACAA_045,10
GGCATCCTAGAGGGAATCTG_001,177
GGCATCCTAGAGGGAATCTG_002,48
GGCATCCTAGAGGGAATCTG_003,170
GGCATCCTAGAGGGAATCTG_004,150
GGCATCCTAGAGGGAATCTG_005,94
GGCATCCTAGAGGGAATCTG_006,188
GGCATCCTAGAGGGAATCTG_007,169
GGCATCCTAGAGGGAATCTG_008,162
GGCATCCTAGAGGGAATCTG_009,77
GGCATCCTAGAGGGAATCTG_010,169
GGCATCCTAGAGGGAATCTG_011,14
GTGAGCTCATCAAGATAATT_001,95
GTGAGCTCATCAAGATAATT_002,50
GTGAGCTCATCAAGATAATT_003,88
GTGAGCTCATCAAGATAATT_004,102
GTGAGCTCATCAAGATAATT_005,108
GTGAGCTCATCAAGATAATT_006,195
CTGGGTTACAGACATCAGCG_001,130
CTGGGTTACAGACATCAGCG_002,158
CTGGGTTACAGACATCAGCG_003,119
CTGGGTTACAGACATCAGCG_004,49
CTGGGTTACAGACATCAGCG_005,168
CTGGGTTACAGACATCAGCG_006,9
CTGGGTTACAGACATCAGCG_007,66
CTGGGTTACAGACATCAGCG_008,9
CTGGGTTACAGACATCAGCG_009,94
CTGGGTTACAGACATCAGCG_010,74
CTGGGTTACAGACATCAGCG_011,63
CTGGGTTACAGACATCAGCG_012,46
CTGGGTTACAGACATCAGCG_013,60
CTGGGTTACAGACATCAGCG_014,106
CTGGGTTACAGACATCAGCG_015,137
AACATCTGGACAATGGACGA_001,148
AACATCTGGACAATGGACGA_002,50
AACATCTGGACAATGGACGA_003,192
AACATCTGGACAATGGACGA_004,133
AACATCTGGACAATGGACGA_005,24
AACATCTGGACAATGGACGA_006,75
AACATCTGGACAATGGACGA_007,184
AACATCTGGACAATGGACGA_008,50
AACATCTGGACAATGGACGA_009,150
AACATCTGGACAATGGACGA_010,184
AACATCTGGACAATGGACGA_011,116
AACATCTGGACAATGGACGA_012,60
AACATCTGGACAATGGACGA_013,82
AACATCTGGACAATGGACGA_014,12
AACATCTGGACAATGGACGA_015,158
AACATCTGGACAATGGACGA_016,113
GCGCACCATTCCCCTATAGG_001,62
GCGCACCATTCCCCTATAGG_002,137
GCGCACCATTCCCCTATAGG_003,149
GCGCACCATTCCCCTATAGG_004,147
GCGCACCATTCCCCTATAGG_005,113
GCGCACCATTCCCCTATAGG_006,167
GCGCACCATTCCCCTATAGG_007,130
GCGCACCATTCCCCTATAGG_008,23
GCGCACCATTCCCCTATAGG_009,147
GCGCACCATTCCCCTATAGG_010,191
GCGCACCATTCCCCTATAGG_011,188
GCGCACCATTCCCCTATAGG_012,92
GCGCACCATTCCCCTATAGG_013,166
GCGCACCATTCCCCTATAGG_014,165
GCGCACCATTCCCCTATAGG_015,16
ACACCGTATGAGCGGCAGGA_001,40
ACACCGTATGAGCGGCAGGA_002,169
ACACCGTATGAGCGGCAGGA_003,154
ACACCGTATGAGCGGCAGGA_004,48
ACACCGTATGAGCGGCAGGA_005,48
ACACCGTATGAGCGGCAGGA_006,162
ACACCGTATGAGCGGCAGGA_007,185
GTGAGTAGGGGTACTCCACT_001,166
GTGAGTAGGGGTACTCCACT_002,49
GTGAGTAGGGGTACTCCACT_003,43
GTGAGTAGGGGTACTCCACT_004,29
GTGAGTAGGGGTACTCCACT_005,115
GTGAGTAGGGGTACTCCACT_006,158
GTGAGTAGGGGTACTCCACT_007,140
GTGAGTAGGGGTACTCCACT_008,141
GTGAGTAGGGGTACTCCACT_009,48
GTGAGTAGGGGTACTCCACT_010,198
GTGAGTAGGGGTACTCCACT_011,182
GTGAGTAGGGGTACTCCACT_012,76
GTGAGTAGGGGTACTCCACT_013,5
GTGAGTAGGGGTACTCCACT_014,36
GTGAGTAGGGGTACTCCACT_015,70
GTGAGTAGGGGTACTCCACT_016,48
GTGAGTAGGGGTACTCCACT_017,31
GTGAGTAGGGGTACTCCACT_018,105
GTGAGTAGGGGTACTCCACT_019,133
GTGAGTAGGGGTACTCCACT_020,62
GTGAGTAGGGGTACTCCACT_021,178
GTGAGTAGGGGTACTCCACT_022,78
GTGAGTAGGGGTACTCCACT_023,199
GTGAGTAGGGGTACTCCACT_024,55
GTGAGTAGGGGTACTCCACT_025,38
GTGAGTAGGGGTACTCCACT_026,83
GTGAGTAGGGGTACTCCACT_027,130
GTGAGTAGGGGTACTCCACT_028,9
GTGAGTAGGGGTACTCCACT_029,84
GTGAGTAGGGGTACTCCACT_030,121
GTGAGTAGGGGTACTCCACT_031,178
AATGCCTCCGCTTATGTTGC_001,139
AATGCCTCCGCTTATGTTGC_002,32
AATGCCTCCGCTTATGTTGC_003,63
AATGCCTCCGCTTATGTTGC_004,77
AATGCCTCCGCTTATGTTGC_005,169
AATGCCTCCGCTTATGTTGC_006,115
AATGCCTCCGCTTATGTTGC_007,58
GGTCTTCAGCGATCTACTCA_001,171
GGTCTTCAGCGATCTACTCA_002,31
GGTCTTCAGCGATCTACTCA_003,104
ACAGGCAGCCCATGATGCCG_001,107
ACAGGCAGCCCATGATGCCG_002,181
ACAGGCAGCCCATGATGCCG_003,37
ACAGGCAGCCCATGATGCCG_004,84
ACAGGCAGCCCATGATGCCG_005,59
ACAGGCAGCCCATGATGCCG_006,23
ACAGGCAGCCCATGATGCCG_007,49
ACAGGCAGCCCATGATGCCG_008,139
ACAGGCAGCCCATGATGCCG_009,150
ACAGGCAGCCCATGATGCCG_010,88
ACAGGCAGCCCATGATGCCG_011,172
ACAGGCAGCCCATGATGCCG_012,49
ACAGGCAGCCCATGATGCCG_013,47
ACAGGCAGCCCATGATGCCG_014,121
ACAGGCAGCCCATGATGCCG_015,132
ACAGGCAGCCCATGATGCCG_016,30
ACAGGCAGCCCATGATGCCG_017,52
ACAGGCAGCCCATGATGCCG_018,171
ACAGGCAGCCCATGATGCCG_019,159
ACAGGCAGCCCATGATGCCG_020,22
ACAGGCAGCCCATGATGCCG_021,28
ACAGGCAGCCCATGATGCCG_022,94
ACAGGCAGCCCATGATGCCG_023,77
ACAGGCAGCCCATGATGCCG_024,191
ACAGGCAGCCCATGATGCCG_025,166
ACAGGCAGCCCATGATGCCG_026,129
ACAGGCAGCCCATGATGCCG_027,129
ACAGGCAGCCCATGATGCCG_028,85
ACAGGCAGCCCATGATGCCG_029,136
ACAGGCAGCCCATGATGCCG_030,20
ACAGGCAGCCCATGATGCCG_031,82
ACAGGCAGCCCATGATGCCG_032,158
ACAGGCAGCCCATGATGCCG_033,95
ACAGGCAGCCCATGATGCCG_034,159
ACAGGCAGCCCATGATGCCG_035,15
ACAGGCAGCCCATGATGCCG_036,55
ACAGGCAGCCCATGATGCCG_037,130
ACAGGCAGCCCATGATGCCG_038,49
ACAGGCAGCCCATGATGCCG_039,33
ACAGGCAGCCCATGATGCCG_040,57
ACAGGCAGCCCATGATGCCG_041,165
ACAGGCAGCCCATGATGCCG_042,115
CATAGATGTCCGAAACAGCA_001,151
CATAGATGTCCGAAACAGCA_002,105
CATAGATGTCCGAAACAGCA_003,138
CTGCTGCTGCTGAGGCTGAG_001,48
CTGCTGCTGCTGAGGCTGAG_002,59
CTGCTGCTGCTGAGGCTGAG_003,12
CTGCTGCTGCTGAGGCTGAG_004,122
CTGCTGCTGCTGAGGCTGAG_005,50
CTGCTGCTGCTGAGGCTGAG_006,166
CTGCTGCTGCTGAGGCTGAG_007,158
CTGCTGCTGCTGAGGCTGAG_008,31
CTGCTGCTGCTGAGGCTGAG_009,35
CTGCTGCTGCTGAGGCTGAG_010,184
CTGCTGCTGCTGAGGCTGAG_011,190
CTGCTGCTGCTGAGGCTGAG_012,86
CTGCTGCTGCTGAGGCTGAG_013,81
CTGCTGCTGCTGAGGCTGAG_014,160
CTGCTGCTGCTGAGGCTGAG_015,41
CTGCTGCTGCTGAGGCTGAG_016,83
GCACATGGCCTACATAGGGG_001,127
GCACATGGCCTACATAGGGG_002,32
GCACATGGCCTACATAGGGG_003,114
GCACATGGCCTACATAGGGG_004,44
GCACATGGCCTACATAGGGG_005,44
GCACATGGCCTACATAGGGG_006,141
GCACATGGCCTACATAGGGG_007,70
GCACATGGCCTACATAGGGG_008,97
GCACATGGCCTACATAGGGG_009,130
GCACATGGCCTACATAGGGG_010,100
GCACATGGCCTACATAGGGG_011,160
GCACATGGCCTACATAGGGG_012,56
GCACATGGCCTACATAGGGG_013,98
GCACATGGCCTACATAGGGG_014,98
GCACATGGCCTACATAGGGG_015,188
GCACATGGCCTACATAGGGG_016,72
TCAAGCTGTTGCCAAATACG_001,79
TTGATGCTGAGATAAGTCAG_001,12
TTGATGCTGAGATAAGTCAG_002,199
TTGATGCTGAGATAAGTCAG_003,133
TTGATGCTGAGATAAGTCAG_004,32
TTGATGCTGAGATAAGTCAG_005,158
TTGATGCTGAGATAAGTCAG_006,172
TTGATGCTGAGATAAGTCAG_007,150
TTGATGCTGAGATAAGTCAG_008,162
TTGATGCTGAGATAAGTCAG_009,43
TTGATGCTGAGATAAGTCAG_010,95
TTGATGCTGAGATAAGTCAG_011,97
TTGATGCTGAGATAAGTCAG_012,17
TTGATGCTGAGATAAGTCAG_013,105
TTGATGCTGAGATAAGTCAG_014,45
TTGATGCTGAGATAAGTCAG_015,103
TTGATGCTGAGATAAGTCAG_016,94
TTGATGCTGAGATAAGTCAG_017,162
TTGATGCTGAGATAAGTCAG_018,9
GCGCGCAACGACACGAACCG_001,61
GCGCGCAACGACACGAACCG_002,49
GCGCGCAACGACACGAACCG_003,64
GCGCGCAACGACACGAACCG_004,161
GCGCGCAACGACACGAACCG_005,62
GCGCGCAACGACACGAACCG_006,177
GCGCGCAACGACACGAACCG_007,174
GCTCACCATAGGCCATCTGG_001,8
GCTCACCATAGGCCATCTGG_002,147
TGAACTGGGACGCCACAAGG_001,133
TGAACTGGGACGCCACAAGG_002,115
TGAACTGGGACGCCACAAGG_003,73
TGAACTGGGACGCCACAAGG_004,160
TGAACTGGGACGCCACAAGG_005,40
TGAACTGGGACGCCACAAGG_006,120
TGAACTGGGACGCCACAAGG_007,141
TGAACTGGGACGCCACAAGG_008,176
TGAACTGGGACGCCACAAGG_009,80
TGAACTGGGACGCCACAAGG_010,80
TGAACTGGGACGCCACAAGG_011,122
TGAACTGGGACGCCACAAGG_012,148
TGAACTGGGACGCCACAAGG_013,150
TGAACTGGGACGCCACAAGG_014,135
TGAACTGGGACGCCACAAGG_015,101
TGAACTGGGACGCCACAAGG_016,107
TGAACTGGGACGCCACAAGG_017,184
TGAACTGGGACGCCACAAGG_018,191
TGAACTGGGACGCCACAAGG_019,138
TGAACTGGGACGCCACAAGG_020,138
CCACCATTGAACTTCAGTGC_001,81
CCACCATTGAACTTCAGTGC_002,72
CCACCATTGAACTTCAGTGC_003,10
CCACCATTGAACTTCAGTGC_004,133
CCACCATTGAACTTCAGTGC_005,116
GTATCATAGCTCCAAGTGGA_001,34
GTATCATAGCTCCAAGTGGA_002,162
GTATCATAGCTCCAAGTGGA_003,160
GTATCATAGCTCCAAGTGGA_004,72
GTATCATAGCTCCAAGTGGA_005,36
GTATCATAGCTCCAAGTGGA_006,190
GTATCATAGCTCCAAGTGGA_007,44
GTATCATAGCTCCAAGTGGA_008,80
GTATCATAGCTCCAAGTGGA_009,45
GTATCATAGCTCCAAGTGGA_010,114
GTATCATAGCTCCAAGTGGA_011,150
GTATCATAGCTCCAAGTGGA_012,2
GTATCATAGCTCCAAGTGGA_013,141
GTATCATAGCTCCAAGTGGA_014,127
GTATCATAGCTCCAAGTGGA_015,105
GTATCATAGCTCCAAGTGGA_016,69
GTCCAACAGCGACCGAGTGT_001,3
GGCGGCGCCGCCAATAACCA_001,186
GGCGGCGCCGCCAATAACCA_002,74
ACAGAAGGTTAATCCAACTG_001,17
ACAGAAGGTTAATCCAACTG_002,146
ACAGAAGGTTAATCCAACTG_003,107
ACAGAAGGTTAATCCAACTG_004,36
ACAGAAGGTTAATCCAACTG_005,108
ACAGAAGGTTAATCCAACTG_006,94
AAACTTACTCTGAAGAATCG_001,148
ACTACAAACAGATCGGCCAT_001,127
ACTACAAACAGATCGGCCAT_002,35
ACTACAAACAGATCGGCCAT_003,169
ACTACAAACAGATCGGCCAT_004,11
ACTACAAACAGATCGGCCAT_005,60
ACTACAAACAGATCGGCCAT_006,124
ACTACAAACAGATCGGCCAT_007,172
ACTACAAACAGATCGGCCAT_008,172
ACTACAAACAGATCGGCCAT_009,53
ACTACAAACAGATCGGCCAT_010,68
ACTACAAACAGATCGGCCAT_011,57
ACTACAAACAGATCGGCCAT_012,62
ACTACAAACAGATCGGCCAT_013,61
ACTACAAACAGATCGGCCAT_014,98
ACTACAAACAGATCGGCCAT_015,86
ACTACAAACAGATCGGCCAT_016,41
ACTACAAACAGATCGGCCAT_017,176
ACTACAAACAGATCGGCCAT_018,21
ACTACAAACAGATCGGCCAT_019,192
ACTACAAACAGATCGGCCAT_020,197
ACTACAAACAGATCGGCCAT_021,153
ACTACAAACAGATCGGCCAT_022,135
ACTACAAACAGATCGGCCAT_023,20
AGTGACTACATGGATTGTTG_001,7
AGTGACTACATGGATTGTTG_002,78
AGTGACTACATGGATTGTTG_003,0
CGGGCACTGAAGCCGGACAG_001,56
CGGGCACTGAAGCCGGACAG_002,49
CGGGCACTGAAGCCGGACAG_003,72
CGGGCACTGAAGCCGGACAG_004,72
CGGGCACTGAAGCCGGACAG_005,73
CGGGCACTGAAGCCGGACAG_006,145
CGGGCACTGAAGCCGGACAG_007,198
CGGGCACTGAAGCCGGACAG_008,64
CGGGCACTGAAGCCGGACAG_009,160
CGGGCACTGAAGCCGGACAG_010,160
CGGGCACTGAAGCCGGACAG_011,169
CGGGCACTGAAGCCGGACAG_012,15
CGGGCACTGAAGCCGGACAG_013,140
CGGGCACTGAAGCCGGACAG_014,133
CGGGCACTGAAGCCGGACAG_015,15
CGGGCACTGAAGCCGGACAG_016,30
CGGGCACTGAAGCCGGACAG_017,41
CGGGCACTGAAGCCGGACAG_018,35
CGGGCACTGAAGCCGGACAG_019,2
CGGGCACTGAAGCCGGACAG_020,199
CGGGCACTGAAGCCGGACAG_021,141
CGGGCACTGAAGCCGGACAG_022,121
CGGGCACTGAAGCCGGACAG_023,155
CGGGCACTGAAGCCGGACAG_024,174
CGGGCACTGAAGCCGGACAG_025,170
CGGGCACTGAAGCCGGACAG_026,50
CGGGCACTGAAGCCGGACAG_027,59
CGGGCACTGAAGCCGGACAG_028,199
CGGGCACTGAAGCCGGACAG_029,78
CGGGCACTGAAGCCGGACAG_030,106
TGGAAAGCATCTGTGTGGTA_001,42
CAGGCACCATAAGGATGAAG_001,119
CAGGCACCATAAGGATGAAG_002,80
CAGGCACCATAAGGATGAAG_003,150
CAGGCACCATAAGGATGAAG_004,174
AGCCAGAGGCGGCCCACGAG_001,192
AGCCAGAGGCGGCCCACGAG_002,56
AGCCAGAGGCGGCCCACGAG_003,125
AGCCAGAGGCGGCCCACGAG_004,111
AGCCAGAGGCGGCCCACGAG_005,84
AGCCAGAGGCGGCCCACGAG_006,154
AGCCAGAGGCGGCCCACGAG_007,157
AGCCAGAGGCGGCCCACGAG_008,127
AGCCAGAGGCGGCCCACGAG_009,29
AGCCAGAGGCGGCCCACGAG_010,163
AGCCAGAGGCGGCCCACGAG_011,181
AGCCAGAGGCGGCCCACGAG_012,39
AGCCAGAGGCGGCCCACGAG_013,49
AGCCAGAGGCGGCCCACGAG_014,151
AGCCAGAGGCGGCCCACGAG_015,131
AGCCAGAGGCGGCCCACGAG_016,184
AGCCAGAGGCGGCCCACGAG_017,185
AGCCAGAGGCGGCCCACGAG_018,85
AGCCAGAGGCGGCCCACGAG_019,127
AGCCAGAGGCGGCCCACGAG_020,11
AGCCAGAGGCGGCCCACGAG_021,76
AGCCAGAGGCGGCCCACGAG_022,57
AGCCAGAGGCGGCCCACGAG_023,4
AGCCAGAGGCGGCCCACGAG_024,141
AGCCAGAGGCGGCCCACGAG_025,158
AGCCAGAGGCGGCCCACGAG_026,16
AGCCAGAGGCGGCCCACGAG_027,20
AGCCAGAGGCGGCCCACGAG_028,162
AGCCAGAGGCGGCCCACGAG_029,68
AGCCAGAGGCGGCCCACGAG_030,141
AGCCAGAGGCGGCCCACGAG_031,29
AGCCAGAGGCGGCCCACGAG_032,10
AGCCAGAGGCGGCCCACGAG_033,6
AGCCAGAGGCGGCCCACGAG_034,134
AGCCAGAGGCGGCCCACGAG_035,177
AGCCAGAGGCGGCCCACGAG_036,123
CGGGATGGTCCCTGCCGAGA_001,55
CGGGATGGTCCCTGCCGAGA_002,12
CGGGATGGTCCCTGCCGAGA_003,70
CGGGATGGTCCCTGCCGAGA_004,138
CGGGATGGTCCCTGCCGAGA_005,15
CGGGATGGTCCCTGCCGAGA_006,42
CGGGATGGTCCCTGCCGAGA_007,65
CGGGATGGTCCCTGCCGAGA_008,182
CGGGATGGTCCCTGCCGAGA_009,130
CGGGATGGTCCCTGCCGAGA_010,35
CGGGATGGTCCCTGCCGAGA_011,115
CGGGATGGTCCCTGCCGAGA_012,63
CGGGATGGTCCCTGCCGAGA_013,158
CGGGATGGTCCCTGCCGAGA_014,94
CGGGATGGTCCCTGCCGAGA_015,78
CGGGATGGTCCCTGCCGAGA_016,81
CGGGATGGTCCCTGCCGAGA_017,59
CGGGATGGTCCCTGCCGAGA_018,105
CGGGATGGTCCCTGCCGAGA_019,123
CGGGATGGTCCCTGCCGAGA_020,127
CGGGATGGTCCCTGCCGAGA_021,184
CGGGATGGTCCCTGCCGAGA_022,9
CGGGATGGTCCCTGCCGAGA_023,121
CGGGATGGTCCCTGCCGAGA_024,61
CGGGATGGTCCCTGCCGAGA_025,76
CGGGATGGTCCCTGCCGAGA_026,61
CGGGATGGTCCCTGCCGAGA_027,145
CGGGATGGTCCCTGCCGAGA_028,11
CGGGATGGTCCCTGCCGAGA_029,130
CGGGATGGTCCCTGCCGAGA_030,82
CGGGATGGTCCCTGCCGAGA_031,13
CGGGATGGTCCCTGCCGAGA_032,60
CGGGATGGTCCCTGCCGAGA_033,199
CGGGATGGTCCCTGCCGAGA_034,51
CGGGATGGTCCCTGCCGAGA_035,171
CGGGATGGTCCCTGCCGAGA_036,118
CGGGATGGTCCCTGCCGAGA_037,16
CGGGATGGTCCCTGCCGAGA_038,81
CGGGATGGTCCCTGCCGAGA_039,11
CGGGATGGTCCCTGCCGAGA_040,189
CGGGATGGTCCCTGCCGAGA_041,54
CGGGATGGTCCCTGCCGAGA_042,6
CGGGATGGTCCCTGCCGAGA_043,138
CGGGATGGTCCCTGCCGAGA_044,142
CGGGATGGTCCCTGCCGAGA_045,142
CGGGATGGTCCCTGCCGAGA_046,118
CGGGATGGTCCCTGCCGAGA_047,134
CGGGATGGTCCCTGCCGAGA_048,71
CGGGATGGTCCCTGCCGAGA_049,18
CATCACTTATGCATTGACCG_001,81
CATCACTTATGCATTGACCG_002,190
CATCACTTATGCATTGACCG_003,145
CATCACTTATGCATTGACCG_004,112
CATCACTTATGCATTGACCG_005,134
CATCACTTATGCATTGACCG_006,192
CATCACTTATGCATTGACCG_007,56
CATCACTTATGCATTGACCG_008,178
CATCACTTATGCATTGACCG_009,170
GTTTGGTCCAATACGGACAG_001,149
GTTTGGTCCAATACGGACAG_002,77
ATTTGCTCTTAGGTTGTACG_001,196
ATTTGCTCTTAGGTTGTACG_002,169
ATTTGCTCTTAGGTTGTACG_003,140
ATTTGCTCTTAGGTTGTACG_004,146
TCGATTGCCACATCGGCAGG_001,151
TCGATTGCCACATCGGCAGG_002,178
TCGATTGCCACATCGGCAGG_003,38
TCGATTGCCACATCGGCAGG_004,144
TCGATTGCCACATCGGCAGG_005,98
TCGATTGCCACATCGGCAGG_006,98
TCGATTGCCACATCGGCAGG_007,32
TCGATTGCCACATCGGCAGG_008,19
TGGGGGACTGGTGTTCGCTG_001,194
TGGGGGACTGGTGTTCGCTG_002,56
TGGGGGACTGGTGTTCGCTG_003,17
TGGGGGACTGGTGTTCGCTG_004,29
TGGGGGACTGGTGTTCGCTG_005,141
TGGGGGACTGGTGTTCGCTG_006,29
TGGGGGACTGGTGTTCGCTG_007,34
TGGGGGACTGGTGTTCGCTG_008,62
TGGGGGACTGGTGTTCGCTG_009,10
GTGTAGCTTGGAGTCCAAGT_001,134
GTGTAGCTTGGAGTCCAAGT_002,3
GTGTAGCTTGGAGTCCAAGT_003,199
GTGTAGCTTGGAGTCCAAGT_004,162
GTGTAGCTTGGAGTCCAAGT_005,86
CAGCTGGGTGATCCGCTCAG_001,172
CAGCTGGGTGATCCGCTCAG_002,9
CAGCTGGGTGATCCGCTCAG_003,155
CAGCTGGGTGATCCGCTCAG_004,11
CAGCTGGGTGATCCGCTCAG_005,159
CAGCTGGGTGATCCGCTCAG_006,87
CAGCTGGGTGATCCGCTCAG_007,76
CAGCTGGGTGATCCGCTCAG_008,170
CAGCTGGGTGATCCGCTCAG_009,48
CAGCTGGGTGATCCGCTCAG_010,171
CAGCTGGGTGATCCGCTCAG_011,32
CAGCTGGGTGATCCGCTCAG_012,107
CAGCTGGGTGATCCGCTCAG_013,177
CAGCTGGGTGATCCGCTCAG_014,3
AGAGATCCGCGAGAGTACGG_001,185
AGAGATCCGCGAGAGTACGG_002,160
AGAGATCCGCGAGAGTACGG_003,11
AGAGATCCGCGAGAGTACGG_004,157
AGAGATCCGCGAGAGTACGG_005,160
AGAGATCCGCGAGAGTACGG_006,92
AGAGATCCGCGAGAGTACGG_007,56
AGAGATCCGCGAGAGTACGG_008,149
AGAGATCCGCGAGAGTACGG_009,16
AGAGATCCGCGAGAGTACGG_010,44
AGAGATCCGCGAGAGTACGG_011,174
AGAGATCCGCGAGAGTACGG_012,124
ACATATGGCCTGAAGTTCAG_001,154
ACTGGGTAAGCAGTGTCCAA_001,96
ACTGGGTAAGCAGTGTCCAA_002,37
ACTGGGTAAGCAGTGTCCAA_003,150
ACTGGGTAAGCAGTGTCCAA_004,172
ACTGGGTAAGCAGTGTCCAA_005,90
ACTGGGTAAGCAGTGTCCAA_006,113
ACTGGGTAAGCAGTGTCCAA_007,169
ACTGGGTAAGCAGTGTCCAA_008,146
ACTGGGTAAGCAGTGTCCAA_009,20
ACTGGGTAAGCAGTGTCCAA_010,50
ACTGGGTAAGCAGTGTCCAA_011,2
ACTGGGTAAGCAGTGTCCAA_012,50
ACTGGGTAAGCAGTGTCCAA_013,147
ACTGGGTAAGCAGTGTCCAA_014,160
ACTGGGTAAGCAGTGTCCAA_015,138
ACTGGGTAAGCAGTGTCCAA_016,62
ACTGGGTAAGCAGTGTCCAA_017,178
ACTGGGTAAGCAGTGTCCAA_018,38
GCTGCATTGCTGCCAATAAG_001,83
GCTGCATTGCTGCCAATAAG_002,76
GCTGCATTGCTGCCAATAAG_003,82
GCCTCGGTATTCACCGTCAG_001,65
GCCTCGGTATTCACCGTCAG_002,102
GCCTCGGTATTCACCGTCAG_003,178
ATCTGGGAGCACATCAGCAG_001,116
ATCTGGGAGCACATCAGCAG_002,119
ATCTGGGAGCACATCAGCAG_003,130
ATCTGGGAGCACATCAGCAG_004,98
ATCTGGGAGCACATCAGCAG_005,40
ATCTGGGAGCACATCAGCAG_006,191
ATCTGGGAGCACATCAGCAG_007,65
ATCTGGGAGCACATCAGCAG_008,81
ATCTGGGAGCACATCAGCAG_009,159
ATCTGGGAGCACATCAGCAG_010,137
ATCTGGGAGCACATCAGCAG_011,70
ATCTGGGAGCACATCAGCAG_012,70
ATCTGGGAGCACATCAGCAG_013,27
ATCTGGGAGCACATCAGCAG_014,28
ATCTGGGAGCACATCAGCAG_015,184
ATCTGGGAGCACATCAGCAG_016,5
ATCTGGGAGCACATCAGCAG_017,113
ATCTGGGAGCACATCAGCAG_018,162
ATCTGGGAGCACATCAGCAG_019,68
ATCTGGGAGCACATCAGCAG_020,108
ATCTGGGAGCACATCAGCAG_021,168
ATCTGGGAGCACATCAGCAG_022,15
ATCTGGGAGCACATCAGCAG_023,5
ATCTGGGAGCACATCAGCAG_024,67
ATCTGGGAGCACATCAGCAG_025,127
ATCTGGGAGCACATCAGCAG_026,165
ATCTGGGAGCACATCAGCAG_027,2
ATCTGGGAGCACATCAGCAG_028,77
ATCTGGGAGCACATCAGCAG_029,43
ATCTGGGAGCACATCAGCAG_030,124
ATCTGGGAGCACATCAGCAG_031,50
ATCTGGGAGCACATCAGCAG_032,111
ATCTGGGAGCACATCAGCAG_033,178
ATCTGGGAGCACATCAGCAG_034,152
ATCTGGGAGCACATCAGCAG_035,22
CAGCTGACTAAGAAAAACAA_001,7
CAGCTGACTAAGAAAAACAA_002,51
CAGCTGACTAAGAAAAACAA_003,94
CAGCTGACTAAGAAAAACAA_004,17
CAGCTGACTAAGAAAAACAA_005,145
CAGCTGACTAAGAAAAACAA_006,4
CAGCTGACTAAGAAAAACAA_007,43
CAGCTGACTAAGAAAAACAA_008,77
CAGCTGACTAAGAAAAACAA_009,8
TTAGGAAAATGAAAACAATG_001,60
TTAGGAAAATGAAAACAATG_002,96
TTAGGAAAATGAAAACAATG_003,50
TTAGGAAAATGAAAACAATG_004,20
TTAGGAAAATGAAAACAATG_005,192
TTAGGAAAATGAAAACAATG_006,168
TTAGGAAAATGAAAACAATG_007,112
TTAGGAAAATGAAAACAATG_008,12
TCTGAACCACCAGATCAATG_001,173
TCTGAACCACCAGATCAATG_002,131
TCTGAACCACCAGATCAATG_003,57
TCTGAACCACCAGATCAATG_004,91
TCTGAACCACCAGATCAATG_005,16
TCTGAACCACCAGATCAATG_006,106
TCTGAACCACCAGATCAATG_007,16
CCAGTGACCTGACACAGCCG_001,28
CCAGTGACCTGACACAGCCG_002,40
CCAGTGACCTGACACAGCCG_003,113
CCAGTGACCTGACACAGCCG_004,42
CCAGTGACCTGACACAGCCG_005,10
CCAGTGACCTGACACAGCCG_006,90
GAGAAGCACACACAAAGGCA_001,124
GAGAAGCACACACAAAGGCA_002,157
GAGAAGCACACACAAAGGCA_003,115
GAGAAGCACACACAAAGGCA_004,106
GAGAAGCACACACAAAGGCA_005,160
GAGAAGCACACACAAAGGCA_006,129
GGTTGTCCATATACCAGAGG_001,137
CAGTTATTCAAAAACCTCGG_001,1
CAGTTATTCAAAAACCTCGG_002,15
CAGTTATTCAAAAACCTCGG_003,176
CAGTTATTCAAAAACCTCGG_004,9
CAGTTATTCAAAAACCTCGG_005,98
CAGTTATTCAAAAACCTCGG_006,22
CAGTTATTCAAAAACCTCGG_007,102
CAGTTATTCAAAAACCTCGG_008,59
CAGTTATTCAAAAACCTCGG_009,34
ATTCTGTTAAGTGAGTGAAG_001,83
ATTCTGTTAAGTGAGTGAAG_002,27
ATTCTGTTAAGTGAGTGAAG_003,88
ATTCTGTTAAGTGAGTGAAG_004,5
ATTCTGTTAAGTGAGTGAAG_005,70
ATTCTGTTAAGTGAGTGAAG_006,15
ATTCTGTTAAGTGAGTGAAG_007,94
ATTCTGTTAAGTGAGTGAAG_008,81
ATTCTGTTAAGTGAGTGAAG_009,115
ATTCTGTTAAGTGAGTGAAG_010,174
ATTCTGTTAAGTGAGTGAAG_011,95
ATTCTGTTAAGTGAGTGAAG_012,5
ATTCTGTTAAGTGAGTGAAG_013,18
ATTCTGTTAAGTGAGTGAAG_014,137
ATTCTGTTAAGTGAGTGAAG_015,82
ATTCTGTTAAGTGAGTGAAG_016,51
GTGGGCCAAAGCAACGAGCG_001,4
GTGGGCCAAAGCAACGAGCG_002,55
GTGGGCCAAAGCAACGAGCG_003,177
GTGGGCCAAAGCAACGAGCG_004,13
GTGGGCCAAAGCAACGAGCG_005,127
GTGGGCCAAAGCAACGAGCG_006,50
GTGGGCCAAAGCAACGAGCG_007,168
GTGGGCCAAAGCAACGAGCG_008,76
GGAGACAGTAGACACTCACG_001,153
TCTTTGACGCCAATAAGACA_001,97
TCTTTGACGCCAATAAGACA_002,9
TCTTTGACGCCAATAAGACA_003,27
AGTGTGTTACATGCAAAAAG_001,134
AGTGTGTTACATGCAAAAAG_002,121
AGTGTGTTACATGCAAAAAG_003,72
AATGAGGAGTTTATCGACTG_001,29
AATGAGGAGTTTATCGACTG_002,159
AATGAGGAGTTTATCGACTG_003,77
AATGAGGAGTTTATCGACTG_004,102
AATGAGGAGTTTATCGACTG_005,160
AATGAGGAGTTTATCGACTG_006,119
AATGAGGAGTTTATCGACTG_007,188
AATGAGGAGTTTATCGACTG_008,30
AATGAGGAGTTTATCGACTG_009,156
AATGAGGAGTTTATCGACTG_010,149
AATGAGGAGTTTATCGACTG_011,173
AATGAGGAGTTTATCGACTG_012,57
AATGAGGAGTTTATCGACTG_013,105
AATGAGGAGTTTATCGACTG_014,105
AATGAGGAGTTTATCGACTG_015,94
AATGAGGAGTTTATCGACTG_016,58
AATGAGGAGTTTATCGACTG_017,88
AATGAGGAGTTTATCGACTG_018,147
AATGAGGAGTTTATCGACTG_019,5
CCCTGGTCGGCCAGTCACGG_001,121
CCCTGGTCGGCCAGTCACGG_002,52
CCCTGGTCGGCCAGTCACGG_003,94
CCCTGGTCGGCCAGTCACGG_004,50
CCCTGGTCGGCCAGTCACGG_005,131
CCCTGGTCGGCCAGTCACGG_006,119
CCCTGGTCGGCCAGTCACGG_007,119
CCCTGGTCGGCCAGTCACGG_008,48
CCCTGGTCGGCCAGTCACGG_009,51
CCCTGGTCGGCCAGTCACGG_010,111
CCCTGGTCGGCCAGTCACGG_011,191
CCCTGGTCGGCCAGTCACGG_012,24
CCCTGGTCGGCCAGTCACGG_013,4
CCCTGGTCGGCCAGTCACGG_014,49
CCCTGGTCGGCCAGTCACGG_015,154
CCCTGGTCGGCCAGTCACGG_016,159
CCCTGGTCGGCCAGTCACGG_017,138
CCCTGGTCGGCCAGTCACGG_018,85
CCCTGGTCGGCCAGTCACGG_019,157
CCCTGGTCGGCCAGTCACGG_020,150
CCCTGGTCGGCCAGTCACGG_021,130
CCCTGGTCGGCCAGTCACGG_022,40
CCCTGGTCGGCCAGTCACGG_023,40
CCCTGGTCGGCCAGTCACGG_024,56
CCCTGGTCGGCCAGTCACGG_025,188
CCCTGGTCGGCCAGTCACGG_026,63
CCCTGGTCGGCCAGTCACGG_027,29
CCCTGGTCGGCCAGTCACGG_028,188
CCCTGGTCGGCCAGTCACGG_029,88
CCCTGGTCGGCCAGTCACGG_030,32
CCCTGGTCGGCCAGTCACGG_031,176
CCCTGGTCGGCCAGTCACGG_032,129
CCCTGGTCGGCCAGTCACGG_033,169
CCCTGGTCGGCCAGTCACGG_034,138
CCCTGGTCGGCCAGTCACGG_035,142
CCCTGGTCGGCCAGTCACGG_036,191
CCCTGGTCGGCCAGTCACGG_037,191
CCCTGGTCGGCCAGTCACGG_038,125
CCCTGGTCGGCCAGTCACGG_039,144
CCCTGGTCGGCCAGTCACGG_040,128
CCCTGGTCGGCCAGTCACGG_041,124
CCCTGGTCGGCCAGTCACGG_042,116
CCCTGGTCGGCCAGTCACGG_043,185
CCCTGGTCGGCCAGTCACGG_044,49
CCCTGGTCGGCCAGTCACGG_045,199
CCCTGGTCGGCCAGTCACGG_046,188
CCCTGGTCGGCCAGTCACGG_047,60
CCCTGGTCGGCCAGTCACGG_048,148
TCCAGCTCGCTCCAAAGCCA_001,47
TCCAGCTCGCTCCAAAGCCA_002,12
TCCAGCTCGCTCCAAAGCCA_003,169
TCCAGCTCGCTCCAAAGCCA_004,198
TCCAGCTCGCTCCAAAGCCA_005,81
AGCCGTGCACCGGCGCGCAG_001,169
AGCCGTGCACCGGCGCGCAG_002,68
AGCCGTGCACCGGCGCGCAG_003,194
AGCCGTGCACCGGCGCGCAG_004,174
AGCCGTGCACCGGCGCGCAG_005,23
AGCCGTGCACCGGCGCGCAG_006,65
AGCCGTGCACCGGCGCGCAG_007,166
AGCCGTGCACCGGCGCGCAG_008,168
AGCCGTGCACCGGCGCGCAG_009,96
AGCCGTGCACCGGCGCGCAG_010,72
GCCACCCCAGAGGAACGCAA_001,130
GCCACCCCAGAGGAACGCAA_002,183
GCCACCCCAGAGGAACGCAA_003,123
GCCACCCCAGAGGAACGCAA_004,156
TGCAGCACGCAGTCCCACGA_001,91
TGCAGCACGCAGTCCCACGA_002,122
TGCAGCACGCAGTCCCACGA_003,119
TGCAGCACGCAGTCCCACGA_004,101
TGCAGCACGCAGTCCCACGA_005,84
TGCAGCACGCAGTCCCACGA_006,48
TGCAGCACGCAGTCCCACGA_007,105
TGCAGCACGCAGTCCCACGA_008,12
TGCAGCACGCAGTCCCACGA_009,121
TGCAGCACGCAGTCCCACGA_010,29
TGCAGCACGCAGTCCCACGA_011,126
TGCAGCACGCAGTCCCACGA_012,78
TGCAGCACGCAGTCCCACGA_013,105
TGCAGCACGCAGTCCCACGA_014,172
TGCAGCACGCAGTCCCACGA_015,73
TGCAGCACGCAGTCCCACGA_016,38
TGCAGCACGCAGTCCCACGA_017,144
TGCAGCACGCAGTCCCACGA_018,152
TGCAGCACGCAGTCCCACGA_019,110
TGCAGCACGCAGTCCCACGA_020,169
TGCAGCACGCAGTCCCACGA_021,41
TGCAGCACGCAGTCCCACGA_022,103
TGCAGCACGCAGTCCCACGA_023,174
TGCAGCACGCAGTCCCACGA_024,56
TGCAGCACGCAGTCCCACGA_025,56
TGCAGCACGCAGTCCCACGA_026,16
TGCAGCACGCAGTCCCACGA_027,141
TGCAGCACGCAGTCCCACGA_028,77
TGCAGCACGCAGTCCCACGA_029,161
TGCAGCACGCAGTCCCACGA_030,191
TGCAGCACGCAGTCCCACGA_031,105
TGCAGCACGCAGTCCCACGA_032,140
TGCAGCACGCAGTCCCACGA_033,21
TGCAGCACGCAGTCCCACGA_034,92
TGCAGCACGCAGTCCCACGA_035,81
TGCAGCACGCAGTCCCACGA_036,58
TGCAGCACGCAGTCCCACGA_037,146
TGCAGCACGCAGTCCCACGA_038,197
TGCAGCACGCAGTCCCACGA_039,158
TGCAGCACGCAGTCCCACGA_040,48
TGCAGCACGCAGTCCCACGA_041,103
TGCAGCACGCAGTCCCACGA_042,149
TGCAGCACGCAGTCCCACGA_043,180
TGCAGCACGCAGTCCCACGA_044,162
TGCAGCACGCAGTCCCACGA_045,6
TGCAGCACGCAGTCCCACGA_046,14
TGCAGCACGCAGTCCCACGA_047,114
TGCAGCACGCAGTCCCACGA_048,153
TGCAGCACGCAGTCCCACGA_049,144
TGCAGCACGCAGTCCCACGA_050,118
GATGGCCACATAGAGGTCGT_001,178
GATGGCCACATAGAGGTCGT_002,66
GATGGCCACATAGAGGTCGT_003,23
GATGGCCACATAGAGGTCGT_004,60
GATGGCCACATAGAGGTCGT_005,156
GATGGCCACATAGAGGTCGT_006,140
GATGGCCACATAGAGGTCGT_007,1
ACTGTGTAATCTTTGCAACA_001,29
ACTGTGTAATCTTTGCAACA_002,170
ACTGTGTAATCTTTGCAACA_003,50
ACTGTGTAATCTTTGCAACA_004,0
ACTGTGTAATCTTTGCAACA_005,35
ACTGTGTAATCTTTGCAACA_006,110
ACTGTGTAATCTTTGCAACA_007,137
ACTGTGTAATCTTTGCAACA_008,147
ACTGTGTAATCTTTGCAACA_009,33
ACTGTGTAATCTTTGCAACA_010,101
GGAAACTGGCCCACATGCGA_001,153
GGAAACTGGCCCACATGCGA_002,197
GGAAACTGGCCCACATGCGA_003,72
GGAAACTGGCCCACATGCGA_004,179
GGAAACTGGCCCACATGCGA_005,127
GGAAACTGGCCCACATGCGA_006,85
GGAAACTGGCCCACATGCGA_007,92
GGAAACTGGCCCACATGCGA_008,15
GGAAACTGGCCCACATGCGA_009,188
GGAAACTGGCCCACATGCGA_010,181
GGAAACTGGCCCACATGCGA_011,124
GGAAACTGGCCCACATGCGA_012,10
GGAAACTGGCCCACATGCGA_013,61
GGAAACTGGCCCACATGCGA_014,36
GGAAACTGGCCCACATGCGA_015,97
GGAAACTGGCCCACATGCGA_016,170
GTAGATCCGTTTGATCCTAG_001,174
GTAGATCCGTTTGATCCTAG_002,152
GTAGATCCGTTTGATCCTAG_003,11
GTAGATCCGTTTGATCCTAG_004,104
GTAGATCCGTTTGATCCTAG_005,148
GTAGATCCGTTTGATCCTAG_006,110
CAAATGCATAGATGCCGTGA_001,105
CAAATGCATAGATGCCGTGA_002,19
CAAATGCATAGATGCCGTGA_003,16
CAAATGCATAGATGCCGTGA_004,168
CAAATGCATAGATGCCGTGA_005,79
CAAATGCATAGATGCCGTGA_006,63
CCTCTGCGACTTCGCACCCG_001,121
CCTCTGCGACTTCGCACCCG_002,105
CCTCTGCGACTTCGCACCCG_003,2
CCTCTGCGACTTCGCACCCG_004,41
CCTCTGCGACTTCGCACCCG_005,0
CCTCTGCGACTTCGCACCCG_006,173
CCTCTGCGACTTCGCACCCG_007,198
CCTCTGCGACTTCGCACCCG_008,184
CCTCTGCGACTTCGCACCCG_009,178
CCTCTGCGACTTCGCACCCG_010,88
CCTCTGCGACTTCGCACCCG_011,67
CCTCTGCGACTTCGCACCCG_012,93
CCTCTGCGACTTCGCACCCG_013,81
CCTCTGCGACTTCGCACCCG_014,22
CCTCTGCGACTTCGCACCCG_015,44
CCTCTGCGACTTCGCACCCG_016,106
CCTCTGCGACTTCGCACCCG_017,149
CCTCTGCGACTTCGCACCCG_018,173
CCTCTGCGACTTCGCACCCG_019,63
CCTCTGCGACTTCGCACCCG_020,150
CCTCTGCGACTTCGCACCCG_021,115
CCTCTGCGACTTCGCACCCG_022,162
CCTCTGCGACTTCGCACCCG_023,33
CCTCTGCGACTTCGCACCCG_024,11
CCTCTGCGACTTCGCACCCG_025,102
CCTCTGCGACTTCGCACCCG_026,73
ACTGACCACCTCACAGACGA_001,60
ACTGACCACCTCACAGACGA_002,188
ACTGACCACCTCACAGACGA_003,54
ACTGACCACCTCACAGACGA_004,154
ACTGACCACCTCACAGACGA_005,77
ACTGACCACCTCACAGACGA_006,162
ACTGACCACCTCACAGACGA_007,57
ACTGACCACCTCACAGACGA_008,146
ACTGACCACCTCACAGACGA_009,184
ACTGACCACCTCACAGACGA_010,43
TCGAGCATCACTTTCAAACC_001,43
TCGAGCATCACTTTCAAACC_002,142
TCGAGCATCACTTTCAAACC_003,71
TCGAGCATCACTTTCAAACC_004,184
TCGAGCATCACTTTCAAACC_005,148
GAAGAACAGGATCACACTAG_001,22
GAAGAACAGGATCACACTAG_002,125
GAAGAACAGGATCACACTAG_003,178
GAAGAACAGGATCACACTAG_004,52
GAAGAACAGGATCACACTAG_005,52
ACTTGTCTGTCCTGTAAACC_001,60
ACTTGTCTGTCCTGTAAACC_002,41
ATCAAGTCAGGTTATGCGGG_001,170
ATCAAGTCAGGTTATGCGGG_002,166
ATCAAGTCAGGTTATGCGGG_003,35
ATCAAGTCAGGTTATGCGGG_004,119
ATCAAGTCAGGTTATGCGGG_005,70
ATCAAGTCAGGTTATGCGGG_006,17
ATCAAGTCAGGTTATGCGGG_007,149
ATCAAGTCAGGTTATGCGGG_008,33
ATCAAGTCAGGTTATGCGGG_009,13
ATCAAGTCAGGTTATGCGGG_010,113
ATCAAGTCAGGTTATGCGGG_011,63
ATCAAGTCAGGTTATGCGGG_012,151
ATCAAGTCAGGTTATGCGGG_013,76
ATCAAGTCAGGTTATGCGGG_014,94
ATCAAGTCAGGTTATGCGGG_015,140
ATCAAGTCAGGTTATGCGGG_016,77
ATCAAGTCAGGTTATGCGGG_017,68
ATCAAGTCAGGTTATGCGGG_018,141
ATCAAGTCAGGTTATGCGGG_019,147
ATCAAGTCAGGTTATGCGGG_020,72
ATCAAGTCAGGTTATGCGGG_021,60
ATCAAGTCAGGTTATGCGGG_022,102
ATCAAGTCAGGTTATGCGGG_023,117
ATCAAGTCAGGTTATGCGGG_024,187
ATCAAGTCAGGTTATGCGGG_025,116
ATCAAGTCAGGTTATGCGGG_026,10
ATCAAGTCAGGTTATGCGGG_027,166
ATCAAGTCAGGTTATGCGGG_028,183
TGGAGCTAGTGGCATTGACT_001,37
TGGAGCTAGTGGCATTGACT_002,169
TGGAGCTAGTGGCATTGACT_003,172
TGGAGCTAGTGGCATTGACT_004,193
TGGAGCTAGTGGCATTGACT_005,77
TGGAGCTAGTGGCATTGACT_006,77
TGGAGCTAGTGGCATTGACT_007,107
TGGAGCTAGTGGCATTGACT_008,35
TGGAGCTAGTGGCATTGACT_009,48
TGGAGCTAGTGGCATTGACT_010,69
TGGAGCTAGTGGCATTGACT_011,42
TGGAGCTAGTGGCATTGACT_012,48
TGGAGCTAGTGGCATTGACT_013,162
TGGAGCTAGTGGCATTGACT_014,94
TGGAGCTAGTGGCATTGACT_015,61
TGGAGCTAGTGGCATTGACT_016,4
TGGAGCTAGTGGCATTGACT_017,152
TGGAGCTAGTGGCATTGACT_018,152
TGGAGCTAGTGGCATTGACT_019,101
TGGAGCTAGTGGCATTGACT_020,188
TGGAGCTAGTGGCATTGACT_021,38
TGGAGCTAGTGGCATTGACT_022,0
TGGAGCTAGTGGCATTGACT_023,118
TGGAGCTAGTGGCATTGACT_024,17
TGGAGCTAGTGGCATTGACT_025,29
TGGAGCTAGTGGCATTGACT_026,151
TGGAGCTAGTGGCATTGACT_027,31
GACATCGACATAGTGCGCGT_001,50
GACATCGACATAGTGCGCGT_002,4
CCAAATCTGATACTTCGAGG_001,192
CATGCACATCGCAACCGCCG_001,70
CATGCACATCGCAACCGCCG_002,117
CATGCACATCGCAACCGCCG_003,81
CATGCACATCGCAACCGCCG_004,172
CATGCACATCGCAACCGCCG_005,16
CATGCACATCGCAACCGCCG_006,181
CATGCACATCGCAACCGCCG_007,137
CATGCACATCGCAACCGCCG_008,22
CATGCACATCGCAACCGCCG_009,115
CATGCACATCGCAACCGCCG_010,29
CATGCACATCGCAACCGCCG_011,19
CATGCACATCGCAACCGCCG_012,188
CATGCACATCGCAACCGCCG_013,149
CATGCACATCGCAACCGCCG_014,36
CATGCACATCGCAACCGCCG_015,49
CATGCACATCGCAACCGCCG_016,154
CATGCACATCGCAACCGCCG_017,62
CATGCACATCGCAACCGCCG_018,80
CATGCACATCGCAACCGCCG_019,138
CCAAGAAACCACCGGCGTCG_001,185
CCAAGAAACCACCGGCGTCG_002,11
CCAAGAAACCACCGGCGTCG_003,35
CCAAGAAACCACCGGCGTCG_004,49
CCAAGAAACCACCGGCGTCG_005,124
CCAAGAAACCACCGGCGTCG_006,70
CCAAGAAACCACCGGCGTCG_007,113
CCAAGAAACCACCGGCGTCG_008,116
CCAAGAAACCACCGGCGTCG_009,146
CCAAGAAACCACCGGCGTCG_010,145
CCAAGAAACCACCGGCGTCG_011,16
CCAAGAAACCACCGGCGTCG_012,199
CCAAGAAACCACCGGCGTCG_013,77
CCAAGAAACCACCGGCGTCG_014,106
CCAAGAAACCACCGGCGTCG_015,29
CTAAAGTCTGCCAAGCTGGG_001,96
CTAAAGTCTGCCAAGCTGGG_002,81
CTAAAGTCTGCCAAGCTGGG_003,122
CTAAAGTCTGCCAAGCTGGG_004,58
CTAAAGTCTGCCAAGCTGGG_005,137
CTAAAGTCTGCCAAGCTGGG_006,48
CTAAAGTCTGCCAAGCTGGG_007,57
CTAAAGTCTGCCAAGCTGGG_008,139
CTAAAGTCTGCCAAGCTGGG_009,105
CTAAAGTCTGCCAAGCTGGG_010,192
CTAAAGTCTGCCAAGCTGGG_011,130
CTAAAGTCTGCCAAGCTGGG_012,72
CTAAAGTCTGCCAAGCTGGG_013,130
CTAAAGTCTGCCAAGCTGGG_014,113
CTAAAGTCTGCCAAGCTGGG_015,37
CTAAAGTCTGCCAAGCTGGG_016,56
CTAAAGTCTGCCAAGCTGGG_017,137
CTGGGCGCCTAGCTCCACCG_001,84
CTGGGCGCCTAGCTCCACCG_002,195
CTGGGCGCCTAGCTCCACCG_003,60
CTGGGCGCCTAGCTCCACCG_004,161
CTGGGCGCCTAGCTCCACCG_005,144
CTTGGAAACTGCTCCCAAGG_001,150
CTTGGAAACTGCTCCCAAGG_002,157
CTTGGAAACTGCTCCCAAGG_003,185
CTTGGAAACTGCTCCCAAGG_004,51
CTTGGAAACTGCTCCCAAGG_005,9
CTTGGAAACTGCTCCCAAGG_006,42
CTTGGAAACTGCTCCCAAGG_007,119
CTTGGAAACTGCTCCCAAGG_008,197
CTTGGAAACTGCTCCCAAGG_009,102
CTTGGAAACTGCTCCCAAGG_010,63
CTTGGAAACTGCTCCCAAGG_011,14
CTTGGAAACTGCTCCCAAGG_012,195
CTTGGAAACTGCTCCCAAGG_013,38
CTTGGAAACTGCTCCCAAGG_014,68
CTTGGAAACTGCTCCCAAGG_015,159
CTTGGAAACTGCTCCCAAGG_016,94
CTTGGAAACTGCTCCCAAGG_017,30
CTTGGAAACTGCTCCCAAGG_018,47
CTTGGAAACTGCTCCCAAGG_019,31
CTTGGAAACTGCTCCCAAGG_020,171
AGCTGAGACAGCCTGGACGA_001,166
AGCTGAGACAGCCTGGACGA_002,112
AGCTGAGACAGCCTGGACGA_003,75
AGCTGAGACAGCCTGGACGA_004,106
AGCTGAGACAGCCTGGACGA_005,85
AGCTGAGACAGCCTGGACGA_006,174
AGCTGAGACAGCCTGGACGA_007,94
AGGCAGACCTACCAGATCAG_001,162
AGGCAGACCTACCAGATCAG_002,170
AGGCAGACCTACCAGATCAG_003,115
AGGCAGACCTACCAGATCAG_004,60
AGGCAGACCTACCAGATCAG_005,41
AGGCAGACCTACCAGATCAG_006,93
AGGCAGACCTACCAGATCAG_007,149
AGGCAGACCTACCAGATCAG_008,61
AGGCAGACCTACCAGATCAG_009,196
AGGCAGACCTACCAGATCAG_010,80
AGGCAGACCTACCAGATCAG_011,94
AGGCAGACCTACCAGATCAG_012,77
AGGCAGACCTACCAGATCAG_013,69
AGGCAGACCTACCAGATCAG_014,154
AGGCAGACCTACCAGATCAG_015,132
AGGCAGACCTACCAGATCAG_016,107
AGGCAGACCTACCAGATCAG_017,88
AGGCAGACCTACCAGATCAG_018,147
AGGCAGACCTACCAGATCAG_019,29
AGGCAGACCTACCAGATCAG_020,85
AGGCAGACCTACCAGATCAG_021,139
AGGCAGACCTACCAGATCAG_022,171
AGGCAGACCTACCAGATCAG_023,49
AGGCAGACCTACCAGATCAG_024,74
AGGCAGACCTACCAGATCAG_025,60
AGGCAGACCTACCAGATCAG_026,36
AGGCAGACCTACCAGATCAG_027,130
AGGCAGACCTACCAGATCAG_028,11
AGGCAGACCTACCAGATCAG_029,72
AGGCAGACCTACCAGATCAG_030,112
AGGCAGACCTACCAGATCAG_031,61
AGGCAGACCTACCAGATCAG_032,41
AGGCAGACCTACCAGATCAG_033,160
AGGCAGACCTACCAGATCAG_034,76
AGGCAGACCTACCAGATCAG_035,92
AGGCAGACCTACCAGATCAG_036,100
AGGCAGACCTACCAGATCAG_037,34
AGGCAGACCTACCAGATCAG_038,160
AGGCAGACCTACCAGATCAG_039,81
AGGCAGACCTACCAGATCAG_040,12
AGGCAGACCTACCAGATCAG_041,94
AGGCAGACCTACCAGATCAG_042,183
AGGCAGACCTACCAGATCAG_043,24
AGGCAGACCTACCAGATCAG_044,63
AGGCAGACCTACCAGATCAG_045,166
AGGCAGACCTACCAGATCAG_046,139
AGGCAGACCTACCAGATCAG_047,127
AGGCAGACCTACCAGATCAG_048,88
AGGCAGACCTACCAGATCAG_049,141
AGGCAGACCTACCAGATCAG_050,126
AGGCAGACCTACCAGATCAG_051,170
AGGCAGACCTACCAGATCAG_052,149
AGGCAGACCTACCAGATCAG_053,33
AGGCAGACCTACCAGATCAG_054,52
AGGCAGACCTACCAGATCAG_055,163
AGGCAGACCTACCAGATCAG_056,17
AGGCAGACCTACCAGATCAG_057,28
AGGCAGACCTACCAGATCAG_058,190
AGGCAGACCTACCAGATCAG_059,83
AGGCAGACCTACCAGATCAG_060,117
AGGCAGACCTACCAGATCAG_061,151
TCATATAACCTCATTATCCT_001,34
TCATATAACCTCATTATCCT_002,14
TCATATAACCTCATTATCCT_003,82
TCATATAACCTCATTATCCT_004,48
TCATATAACCTCATTATCCT_005,168
TCATATAACCTCATTATCCT_006,127
TCATATAACCTCATTATCCT_007,70
CGGCGTGGGGTTGACCACCG_001,140
CGGCGTGGGGTTGACCACCG_002,58
CGGCGTGGGGTTGACCACCG_003,55
CGGCGTGGGGTTGACCACCG_004,62
CGGCGTGGGGTTGACCACCG_005,23
CGGCGTGGGGTTGACCACCG_006,17
CGGCGTGGGGTTGACCACCG_007,130
CGGCGTGGGGTTGACCACCG_008,83
CGGCGTGGGGTTGACCACCG_009,94
CGGCGTGGGGTTGACCACCG_010,164
CGGCGTGGGGTTGACCACCG_011,164
CGGCGTGGGGTTGACCACCG_012,20
CGGCGTGGGGTTGACCACCG_013,70
CGGCGTGGGGTTGACCACCG_014,41
CGGCGTGGGGTTGACCACCG_015,176
CGGCGTGGGGTTGACCACCG_016,181
CGGCGTGGGGTTGACCACCG_017,132
CGGCGTGGGGTTGACCACCG_018,63
CGGCGTGGGGTTGACCACCG_019,127
CGGCGTGGGGTTGACCACCG_020,107
CGGCGTGGGGTTGACCACCG_021,50
CGGCGTGGGGTTGACCACCG_022,56
CGGCGTGGGGTTGACCACCG_023,105
CGGCGTGGGGTTGACCACCG_024,198
CGGCGTGGGGTTGACCACCG_025,144
CGGCGTGGGGTTGACCACCG_026,186
CGGCGTGGGGTTGACCACCG_027,100
CGGCGTGGGGTTGACCACCG_028,47
CGGCGTGGGGTTGACCACCG_029,36
CGGCGTGGGGTTGACCACCG_030,22
CGGCGTGGGGTTGACCACCG_031,9
CGGCGTGGGGTTGACCACCG_032,160
CGGCGTGGGGTTGACCACCG_033,146
CGGCGTGGGGTTGACCACCG_034,148
CGGCGTGGGGTTGACCACCG_035,65
CGGCGTGGGGTTGACCACCG_036,110
CGGCGTGGGGTTGACCACCG_037,127
CGGCGTGGGGTTGACCACCG_038,49
CGGCGTGGGGTTGACCACCG_039,19
CGGCGTGGGGTTGACCACCG_040,182
CGGCGTGGGGTTGACCACCG_041,50
CGGCGTGGGGTTGACCACCG_042,169
CGGCGTGGGGTTGACCACCG_043,52
CGGCGTGGGGTTGACCACCG_044,148
CGGCGTGGGGTTGACCACCG_045,69
CGGCGTGGGGTTGACCACCG_046,44
CGGCGTGGGGTTGACCACCG_047,38
CGGCGTGGGGTTGACCACCG_048,55
CGGCGTGGGGTTGACCACCG_049,141
CGGCGTGGGGTTGACCACCG_050,171
CGGCGTGGGGTTGACCACCG_051,50
CGGCGTGGGGTTGACCACCG_052,68
CGGCGTGGGGTTGACCACCG_053,84
CGGCGTGGGGTTGACCACCG_054,95
CGGCGTGGGGTTGACCACCG_055,32
CGGCGTGGGGTTGACCACCG_056,57
CGGCGTGGGGTTGACCACCG_057,35
CGGCGTGGGGTTGACCACCG_058,162
CGGCGTGGGGTTGACCACCG_059,112
CGGCGTGGGGTTGACCACCG_060,152
CGGCGTGGGGTTGACCACCG_061,182
CGGCGTGGGGTTGACCACCG_062,60
CGGCGTGGGGTTGACCACCG_063,191
CGGCGTGGGGTTGACCACCG_064,156
CGGCGTGGGGTTGACCACCG_065,118
CGGCGTGGGGTTGACCACCG_066,112
CGGCGTGGGGTTGACCACCG_067,144
TCACACGAGCCAAGTCTCAG_001,77
TCACACGAGCCAAGTCTCAG_002,139
TCACACGAGCCAAGTCTCAG_003,33
TCACACGAGCCAAGTCTCAG_004,48
TCACACGAGCCAAGTCTCAG_005,197
TCACACGAGCCAAGTCTCAG_006,179
TCACACGAGCCAAGTCTCAG_007,136
CAAACTTGACCCAACCAACC_001,9
CAAACTTGACCCAACCAACC_002,174
CAAACTTGACCCAACCAACC_003,48
CAAACTTGACCCAACCAACC_004,169
CAAACTTGACCCAACCAACC_005,69
CAAACTTGACCCAACCAACC_006,141
CAAACTTGACCCAACCAACC_007,17
CAAACTTGACCCAACCAACC_008,17
CAAACTTGACCCAACCAACC_009,182
ATGATGTCGATACAAGCAAG_001,150
ATGATGTCGATACAAGCAAG_002,121
ATGATGTCGATACAAGCAAG_003,108
ATGATGTCGATACAAGCAAG_004,163
ATGATGTCGATACAAGCAAG_005,151
ATGATGTCGATACAAGCAAG_006,94
ATGATGTCGATACAAGCAAG_007,160
ATGATGTCGATACAAGCAAG_008,125
ATGATGTCGATACAAGCAAG_009,188
ATGATGTCGATACAAGCAAG_010,79
ATGATGTCGATACAAGCAAG_011,102
ATGATGTCGATACAAGCAAG_012,178
ATGATGTCGATACAAGCAAG_013,10
ATGATGTCGATACAAGCAAG_014,191
ATGATGTCGATACAAGCAAG_015,172
ATGATGTCGATACAAGCAAG_016,88
ACCAGGTCAACTTCACACAA_001,15
ACCAGGTCAACTTCACACAA_002,170
ACCAGGTCAACTTCACACAA_003,105
ACCAGGTCAACTTCACACAA_004,84
ACCAGGTCAACTTCACACAA_005,149
ACCAGGTCAACTTCACACAA_006,151
ACCAGGTCAACTTCACACAA_007,160
ACCAGGTCAACTTCACACAA_008,93
ACCAGGTCAACTTCACACAA_009,24
ACCAGGTCAACTTCACACAA_010,149
ACCAGGTCAACTTCACACAA_011,115
ACCAGGTCAACTTCACACAA_012,111
ACCAGGTCAACTTCACACAA_013,36
ACCAGGTCAACTTCACACAA_014,63
ACCAGGTCAACTTCACACAA_015,104
ACCAGGTCAACTTCACACAA_016,9
ACCAGGTCAACTTCACACAA_017,195
ACCAGGTCAACTTCACACAA_018,112
ACCAGGTCAACTTCACACAA_019,120
ACCAGGTCAACTTCACACAA_020,18
ACCAGGTCAACTTCACACAA_021,152
ACCAGGTCAACTTCACACAA_022,34
GCCAAGAGAGAATCCAGCAT_001,172
GCCAAGAGAGAATCCAGCAT_002,104
GCCAAGAGAGAATCCAGCAT_003,116
GCCAAGAGAGAATCCAGCAT_004,27
GCCAAGAGAGAATCCAGCAT_005,116
GCCAAGAGAGAATCCAGCAT_006,33
GCCAAGAGAGAATCCAGCAT_007,168
GCCAAGAGAGAATCCAGCAT_008,115
GCCAAGAGAGAATCCAGCAT_009,15
GCCAAGAGAGAATCCAGCAT_010,168
GCCAAGAGAGAATCCAGCAT_011,46
GCCAAGAGAGAATCCAGCAT_012,168
GCCAAGAGAGAATCCAGCAT_013,15
ATGGATGCGAAAGCTTGATG_001,141
ATGGATGCGAAAGCTTGATG_002,128
ATGGATGCGAAAGCTTGATG_003,12
ATGGATGCGAAAGCTTGATG_004,65
ATGGATGCGAAAGCTTGATG_005,2
ATGGATGCGAAAGCTTGATG_006,54
ATGGATGCGAAAGCTTGATG_007,58
ATGGATGCGAAAGCTTGATG_008,141
ATGGATGCGAAAGCTTGATG_009,188
ATGGATGCGAAAGCTTGATG_010,175
GCTCCTGGTATCTATCCGAG_001,77
ACTCTGTGCAAGGCCCACGG_001,19
ACTCTGTGCAAGGCCCACGG_002,60
ACTCTGTGCAAGGCCCACGG_003,11
ACTCTGTGCAAGGCCCACGG_004,107
ACTCTGTGCAAGGCCCACGG_005,149
ACTCTGTGCAAGGCCCACGG_006,9
ACTCTGTGCAAGGCCCACGG_007,191
ACTCTGTGCAAGGCCCACGG_008,78
ACTCTGTGCAAGGCCCACGG_009,29
ACTCTGTGCAAGGCCCACGG_010,82
ACTCTGTGCAAGGCCCACGG_011,99
ACTCTGTGCAAGGCCCACGG_012,186
ACTCTGTGCAAGGCCCACGG_013,132
ACTCTGTGCAAGGCCCACGG_014,98
ACTCTGTGCAAGGCCCACGG_015,72
ACTCTGTGCAAGGCCCACGG_016,178
ACTCTGTGCAAGGCCCACGG_017,29
ACTCTGTGCAAGGCCCACGG_018,59
ACTCTGTGCAAGGCCCACGG_019,121
ACTCTGTGCAAGGCCCACGG_020,82
ACTCTGTGCAAGGCCCACGG_021,103
ACTCTGTGCAAGGCCCACGG_022,34
ACTCTGTGCAAGGCCCACGG_023,103
ACTCTGTGCAAGGCCCACGG_024,29
ACTCTGTGCAAGGCCCACGG_025,133
ACTCTGTGCAAGGCCCACGG_026,158
ACTCTGTGCAAGGCCCACGG_027,29
ACTCTGTGCAAGGCCCACGG_028,69
ACTCTGTGCAAGGCCCACGG_029,166
ACTCTGTGCAAGGCCCACGG_030,168
GCAAACGACAGTAACGCTGG_001,183
GCAAACGACAGTAACGCTGG_002,33
GCAAACGACAGTAACGCTGG_003,40
GCAAACGACAGTAACGCTGG_004,66
GCAAACGACAGTAACGCTGG_005,108
GCAAACGACAGTAACGCTGG_006,12
GCAAACGACAGTAACGCTGG_007,138
GCAAACGACAGTAACGCTGG_008,65
GCAAACGACAGTAACGCTGG_009,129
CAGTGCTAGCACTGTCCGAG_001,101
CAGTGCTAGCACTGTCCGAG_002,198
CAGTGCTAGCACTGTCCGAG_003,161
CAGTGCTAGCACTGTCCGAG_004,161
CAGTGCTAGCACTGTCCGAG_005,27
CAGTGCTAGCACTGTCCGAG_006,75
CAGTGCTAGCACTGTCCGAG_007,113
CAGTGCTAGCACTGTCCGAG_008,130
CAGTGCTAGCACTGTCCGAG_009,137
CAGTGCTAGCACTGTCCGAG_010,5
CAGTGCTAGCACTGTCCGAG_011,147
CAGTGCTAGCACTGTCCGAG_012,150
CAGTGCTAGCACTGTCCGAG_013,62
CAGTGCTAGCACTGTCCGAG_014,191
TAAGCGTATAATTTGTCAGA_001,94
TAAGCGTATAATTTGTCAGA_002,112
TAGGGTAGCTGACCAACTCT_001,1
TAGGGTAGCTGACCAACTCT_002,162
TAGGGTAGCTGACCAACTCT_003,47
TAGGGTAGCTGACCAACTCT_004,29
TAGGGTAGCTGACCAACTCT_005,90
TAGGGTAGCTGACCAACTCT_006,191
TAGGGTAGCTGACCAACTCT_007,163
TAGGGTAGCTGACCAACTCT_008,48
TAGGGTAGCTGACCAACTCT_009,62
TAGGGTAGCTGACCAACTCT_010,145
TAGGGTAGCTGACCAACTCT_011,0
TAGGGTAGCTGACCAACTCT_012,97
TAGGGTAGCTGACCAACTCT_013,62
TAGGGTAGCTGACCAACTCT_014,151
TAGGGTAGCTGACCAACTCT_015,29
TAGGGTAGCTGACCAACTCT_016,68
TAGGGTAGCTGACCAACTCT_017,84
TAGGGTAGCTGACCAACTCT_018,164
TAGGGTAGCTGACCAACTCT_019,45
TAGGGTAGCTGACCAACTCT_020,154
TAGGGTAGCTGACCAACTCT_021,151
TAGGGTAGCTGACCAACTCT_022,175
TAGGGTAGCTGACCAACTCT_023,161
TAGGGTAGCTGACCAACTCT_024,47
TGCACGACCAGAGAAGGTCG_001,45
TGCACGACCAGAGAAGGTCG_002,87
TGCACGACCAGAGAAGGTCG_003,87
TGCACGACCAGAGAAGGTCG_004,170
GGGCGTCGAAGTATCCAGGT_001,139
GGGCGTCGAAGTATCCAGGT_002,61
GGGCGTCGAAGTATCCAGGT_003,159
AATGGACTGACATTAGATGC_001,1
AATGGACTGACATTAGATGC_002,50
AATGGACTGACATTAGATGC_003,94
GAGATTTGACTTGCCACTGA_001,12
GAGATTTGACTTGCCACTGA_002,116
GAGATTTGACTTGCCACTGA_003,114
GAGATTTGACTTGCCACTGA_004,3
GAGATTTGACTTGCCACTGA_005,168
GAGATTTGACTTGCCACTGA_006,37
GCCAAATTTCCAAGCCGGTG_001,127
GCCAAATTTCCAAGCCGGTG_002,20
GCCAAATTTCCAAGCCGGTG_003,149
CTGACCGAAGAACAGATTGC_001,107
CTGACCGAAGAACAGATTGC_002,176
CTGACCGAAGAACAGATTGC_003,76
CTGACCGAAGAACAGATTGC_004,105
CTGACCGAAGAACAGATTGC_005,146
CTGACCGAAGAACAGATTGC_006,58
CTGACCGAAGAACAGATTGC_007,80
CTGACCGAAGAACAGATTGC_008,149
GGGTATCCCCCCAACCCAGG_001,47
GGGTATCCCCCCAACCCAGG_002,15
GGGTATCCCCCCAACCCAGG_003,139
GGGTATCCCCCCAACCCAGG_004,130
GGGTATCCCCCCAACCCAGG_005,177
GGGTATCCCCCCAACCCAGG_006,48
GGGTATCCCCCCAACCCAGG_007,102
GGGTATCCCCCCAACCCAGG_008,68
GGGTATCCCCCCAACCCAGG_009,30
GGGTATCCCCCCAACCCAGG_010,109
GGGTATCCCCCCAACCCAGG_011,182
GGGTATCCCCCCAACCCAGG_012,121
GGGTATCCCCCCAACCCAGG_013,122
GGGTATCCCCCCAACCCAGG_014,21
GGGTATCCCCCCAACCCAGG_015,11
GGGTATCCCCCCAACCCAGG_016,51
GGGTATCCCCCCAACCCAGG_017,120
GGGTATCCCCCCAACCCAGG_018,29
GGGTATCCCCCCAACCCAGG_019,105
GGGTATCCCCCCAACCCAGG_020,170
GGGTATCCCCCCAACCCAGG_021,175
GGGTATCCCCCCAACCCAGG_022,45
GGGTATCCCCCCAACCCAGG_023,58
GGGTATCCCCCCAACCCAGG_024,112
GGGTATCCCCCCAACCCAGG_025,85
GGGTATCCCCCCAACCCAGG_026,125
GGGTATCCCCCCAACCCAGG_027,71
GGGTATCCCCCCAACCCAGG_028,164
GGGTATCCCCCCAACCCAGG_029,163
GGGTATCCCCCCAACCCAGG_030,9
GGGTATCCCCCCAACCCAGG_031,106
GGGTATCCCCCCAACCCAGG_032,8
GGGTATCCCCCCAACCCAGG_033,168
GGGTATCCCCCCAACCCAGG_034,130
GGGTATCCCCCCAACCCAGG_035,121
GGGTATCCCCCCAACCCAGG_036,78
GGGTATCCCCCCAACCCAGG_037,48
GGGTATCCCCCCAACCCAGG_038,99
GGGTATCCCCCCAACCCAGG_039,52
GGGTATCCCCCCAACCCAGG_040,175
GGGTATCCCCCCAACCCAGG_041,111
GGGTATCCCCCCAACCCAGG_042,14
GGGTATCCCCCCAACCCAGG_043,80
GGGTATCCCCCCAACCCAGG_044,125
GGGTATCCCCCCAACCCAGG_045,79
GGGTATCCCCCCAACCCAGG_046,49
GGGTATCCCCCCAACCCAGG_047,10
GGGTATCCCCCCAACCCAGG_048,34
GGGTATCCCCCCAACCCAGG_049,106
GGGTATCCCCCCAACCCAGG_050,75
GGGTATCCCCCCAACCCAGG_051,144
GGGTATCCCCCCAACCCAGG_052,66
GGGTATCCCCCCAACCCAGG_053,165
GGGTATCCCCCCAACCCAGG_054,103
GGGTATCCCCCCAACCCAGG_055,155
CCAGGTGCCATCCGTTGCTG_001,53
CCAGGTGCCATCCGTTGCTG_002,150
CCAGGTGCCATCCGTTGCTG_003,42
CCAGGTGCCATCCGTTGCTG_004,170
CCAGGTGCCATCCGTTGCTG_005,135
CCAGGTGCCATCCGTTGCTG_006,12
CCAGGTGCCATCCGTTGCTG_007,60
CCAGGTGCCATCCGTTGCTG_008,45
CCAGGTGCCATCCGTTGCTG_009,102
CCAGGTGCCATCCGTTGCTG_010,127
CCAGGTGCCATCCGTTGCTG_011,106
CCAGGTGCCATCCGTTGCTG_012,17
CCAGGTGCCATCCGTTGCTG_013,58
CCAGGTGCCATCCGTTGCTG_014,121
CCAGGTGCCATCCGTTGCTG_015,67
CCAGGTGCCATCCGTTGCTG_016,190
CCAGGTGCCATCCGTTGCTG_017,18
CCAGGTGCCATCCGTTGCTG_018,196
CCAGGTGCCATCCGTTGCTG_019,69
CCAGGTGCCATCCGTTGCTG_020,60
CCAGGTGCCATCCGTTGCTG_021,118
CCAGGTGCCATCCGTTGCTG_022,96
CCAGGTGCCATCCGTTGCTG_023,164
CCAGGTGCCATCCGTTGCTG_024,56
CCAGGTGCCATCCGTTGCTG_025,1
CCAGGTGCCATCCGTTGCTG_026,169
CCAGGTGCCATCCGTTGCTG_027,91
CCAGGTGCCATCCGTTGCTG_028,23
CCAGGTGCCATCCGTTGCTG_029,197
CCAGGTGCCATCCGTTGCTG_030,136
CCAGGTGCCATCCGTTGCTG_031,91
CCAGGTGCCATCCGTTGCTG_032,144
TCTGACCCATGCCTCTCGAG_001,126
TCTGACCCATGCCTCTCGAG_002,7
TCTGACCCATGCCTCTCGAG_003,177
TCTGACCCATGCCTCTCGAG_004,4
TCTGACCCATGCCTCTCGAG_005,44
TCTGACCCATGCCTCTCGAG_006,57
TCTGACCCATGCCTCTCGAG_007,132
TCTGACCCATGCCTCTCGAG_008,100
TCTGACCCATGCCTCTCGAG_009,178
TCTGACCCATGCCTCTCGAG_010,117
GAGATGGCGTCTACCAGAAG_001,76
GAGATGGCGTCTACCAGAAG_002,162
GAGATGGCGTCTACCAGAAG_003,134
GAGATGGCGTCTACCAGAAG_004,18
GAGATGGCGTCTACCAGAAG_005,147
GAGATGGCGTCTACCAGAAG_006,102
GAGATGGCGTCTACCAGAAG_007,111
GAGATGGCGTCTACCAGAAG_008,159
GAGATGGCGTCTACCAGAAG_009,93
GAGATGGCGTCTACCAGAAG_010,28
GAGATGGCGTCTACCAGAAG_011,42
GAGATGGCGTCTACCAGAAG_012,174
GAGATGGCGTCTACCAGAAG_013,121
GAGATGGCGTCTACCAGAAG_014,2
AAGCTGCAGGCAAATCCTGG_001,97
AAGCTGCAGGCAAATCCTGG_002,96
AAGCTGCAGGCAAATCCTGG_003,105
AAGCTGCAGGCAAATCCTGG_004,113
AAGCTGCAGGCAAATCCTGG_005,62
AAGCTGCAGGCAAATCCTGG_006,60
AAGCTGCAGGCAAATCCTGG_007,8
AAGCTGCAGGCAAATCCTGG_008,11
AAGCTGCAGGCAAATCCTGG_009,124
CTCCGAGAACTACTTTGTGA_001,62
CTCCGAGAACTACTTTGTGA_002,66
CTCCGAGAACTACTTTGTGA_003,107
CTCCGAGAACTACTTTGTGA_004,7
TATCACACTTACCCCAACAG_001,75
TATCACACTTACCCCAACAG_002,56
TATCACACTTACCCCAACAG_003,133
TATCACACTTACCCCAACAG_004,84
TATCACACTTACCCCAACAG_005,26
TATCACACTTACCCCAACAG_006,121
TATCACACTTACCCCAACAG_007,66
TATCACACTTACCCCAACAG_008,17
GAGGCATAGGAACTTGAGCT_001,23
GAGGCATAGGAACTTGAGCT_002,9
GAGGCATAGGAACTTGAGCT_003,94
GAGGCATAGGAACTTGAGCT_004,5
GAGGCATAGGAACTTGAGCT_005,184
GAGGCATAGGAACTTGAGCT_006,11
GAGGCATAGGAACTTGAGCT_007,11
GAGGCATAGGAACTTGAGCT_008,168
GAGGCATAGGAACTTGAGCT_009,62
GAGGCATAGGAACTTGAGCT_010,55
AGGCCAGTCATCATTCCAAG_001,127
AGGCCAGTCATCATTCCAAG_002,98
AAGCCTTCACTTCAATATCG_001,81
AAGCCTTCACTTCAATATCG_002,56
AAGCCTTCACTTCAATATCG_003,116
GTCGGGATCTGCCTTCACCA_001,53
GTCGGGATCTGCCTTCACCA_002,23
GTCGGGATCTGCCTTCACCA_003,96
GTCGGGATCTGCCTTCACCA_004,166
GTCGGGATCTGCCTTCACCA_005,118
GTCGGGATCTGCCTTCACCA_006,154
GTCGGGATCTGCCTTCACCA_007,19
CGTGACTATAGAATTCACCC_001,190
CGTGACTATAGAATTCACCC_002,17
CGTGACTATAGAATTCACCC_003,191
CCTCCTGATAGGTCCCGAAG_001,88
CCTCCTGATAGGTCCCGAAG_002,176
CCTCCTGATAGGTCCCGAAG_003,187
CCTCCTGATAGGTCCCGAAG_004,16
GGGCCCGCGTATGTGCACAG_001,154
GGGCCCGCGTATGTGCACAG_002,13
GGGCCCGCGTATGTGCACAG_003,1
CCCCGCACCTACCACGCTAG_001,19
CCCCGCACCTACCACGCTAG_002,5
CCCCGCACCTACCACGCTAG_003,26
CCCCGCACCTACCACGCTAG_004,123
CCCCGCACCTACCACGCTAG_005,148
CCCCGCACCTACCACGCTAG_006,4
CCCCGCACCTACCACGCTAG_007,103
CCCCGCACCTACCACGCTAG_008,188
CCCCGCACCTACCACGCTAG_009,138
CGCAAACGGTGCGCACCGCG_001,137
CGCAAACGGTGCGCACCGCG_002,115
CGCAAACGGTGCGCACCGCG_003,41
CGCAAACGGTGCGCACCGCG_004,149
CGCAAACGGTGCGCACCGCG_005,2
CGCAAACGGTGCGCACCGCG_006,188
CGCAAACGGTGCGCACCGCG_007,56
CGCAAACGGTGCGCACCGCG_008,137
CGCAAACGGTGCGCACCGCG_009,176
CGCAAACGGTGCGCACCGCG_010,60
CGCAAACGGTGCGCACCGCG_011,77
CGCAAACGGTGCGCACCGCG_012,149
CGCAAACGGTGCGCACCGCG_013,45
CGCAAACGGTGCGCACCGCG_014,27
CGCAAACGGTGCGCACCGCG_015,81
CGCAAACGGTGCGCACCGCG_016,146
CGCAAACGGTGCGCACCGCG_017,87
AGCGCGAAGTAATATTTCCA_001,47
AGCGCGAAGTAATATTTCCA_002,191
AACCTAACAGAGATTACCAA_001,87
AACCTAACAGAGATTACCAA_002,87
AACCTAACAGAGATTACCAA_003,108
AACCTAACAGAGATTACCAA_004,47
GGACCTGCCCAGAATTCATG_001,88
GGACCTGCCCAGAATTCATG_002,97
GGACCTGCCCAGAATTCATG_003,196
GGACCTGCCCAGAATTCATG_004,94
GGACCTGCCCAGAATTCATG_005,10
TCCGCAAGTATCGAGTCAAG_001,182
TCCGCAAGTATCGAGTCAAG_002,113
TCCGCAAGTATCGAGTCAAG_003,128
AGAGGAATTGGTCAGACGTG_001,37
AGAGGAATTGGTCAGACGTG_002,41
AGAGGAATTGGTCAGACGTG_003,98
AGAGGAATTGGTCAGACGTG_004,162
AGAGGAATTGGTCAGACGTG_005,104
AGAGGAATTGGTCAGACGTG_006,93
AGAGGAATTGGTCAGACGTG_007,188
AGAGGAATTGGTCAGACGTG_008,187
AGAGGAATTGGTCAGACGTG_009,186
AGAGGAATTGGTCAGACGTG_010,111
AGAGGAATTGGTCAGACGTG_011,97
TGAGAGTCGCCAGATCACGC_001,109
TGAGAGTCGCCAGATCACGC_002,191
TGAGAGTCGCCAGATCACGC_003,46
TGCAAGGCTTCCGTTCCAGG_001,55
TGCAAGGCTTCCGTTCCAGG_002,6
TGCAAGGCTTCCGTTCCAGG_003,178
TGCAAGGCTTCCGTTCCAGG_004,29
TGCAAGGCTTCCGTTCCAGG_005,62
TGCAAGGCTTCCGTTCCAGG_006,57
TGCAAGGCTTCCGTTCCAGG_007,58
TGCAAGGCTTCCGTTCCAGG_008,192
TGCAAGGCTTCCGTTCCAGG_009,1
TGCAAGGCTTCCGTTCCAGG_010,119
TGCAAGGCTTCCGTTCCAGG_011,25
TGCAAGGCTTCCGTTCCAGG_012,199
TGCAAGGCTTCCGTTCCAGG_013,98
TGCAAGGCTTCCGTTCCAGG_014,144
TGCAAGGCTTCCGTTCCAGG_015,63
GCATACGTTTCCATTATGAT_001,159
GCATACGTTTCCATTATGAT_002,119
GCATACGTTTCCATTATGAT_003,102
GCATACGTTTCCATTATGAT_004,2
GCATACGTTTCCATTATGAT_005,77
GCATACGTTTCCATTATGAT_006,137
GCATACGTTTCCATTATGAT_007,150
GCATACGTTTCCATTATGAT_008,35
GCATACGTTTCCATTATGAT_009,191
GCATACGTTTCCATTATGAT_010,29
GCATACGTTTCCATTATGAT_011,31
GCATACGTTTCCATTATGAT_012,192
GCATACGTTTCCATTATGAT_013,137
CAGGCTTCAGGACTGCTATG_001,188
CAGGCTTCAGGACTGCTATG_002,61
CAGGCTTCAGGACTGCTATG_003,192
CAGGCTTCAGGACTGCTATG_004,106
CAGGCTTCAGGACTGCTATG_005,43
GGTTGCCAGAGAGTTCAGTG_001,131
GGTTGCCAGAGAGTTCAGTG_002,47
GGTTGCCAGAGAGTTCAGTG_003,68
GGTTGCCAGAGAGTTCAGTG_004,72
GGTTGCCAGAGAGTTCAGTG_005,72
GGTTGCCAGAGAGTTCAGTG_006,58
GGTTGCCAGAGAGTTCAGTG_007,158
GGTTGCCAGAGAGTTCAGTG_008,141
GGTTGCCAGAGAGTTCAGTG_009,85
GGTTGCCAGAGAGTTCAGTG_010,161
GGTTGCCAGAGAGTTCAGTG_011,94
GGTTGCCAGAGAGTTCAGTG_012,77
GGTTGCCAGAGAGTTCAGTG_013,103
GGTTGCCAGAGAGTTCAGTG_014,78
GGTTGCCAGAGAGTTCAGTG_015,168
GGTTGCCAGAGAGTTCAGTG_016,198
GGTTGCCAGAGAGTTCAGTG_017,82
GGTTGCCAGAGAGTTCAGTG_018,155
GGTTGCCAGAGAGTTCAGTG_019,75
GGTTGCCAGAGAGTTCAGTG_020,92
GGTTGCCAGAGAGTTCAGTG_021,95
GGTTGCCAGAGAGTTCAGTG_022,174
GGTTGCCAGAGAGTTCAGTG_023,56
GGTTGCCAGAGAGTTCAGTG_024,175
GGTTGCCAGAGAGTTCAGTG_025,147
GGTTGCCAGAGAGTTCAGTG_026,38
GGTTGCCAGAGAGTTCAGTG_027,192
GGTTGCCAGAGAGTTCAGTG_028,41
GGTTGCCAGAGAGTTCAGTG_029,48
GGTTGCCAGAGAGTTCAGTG_030,168
GGTTGCCAGAGAGTTCAGTG_031,151
GGTTGCCAGAGAGTTCAGTG_032,0
GGTTGCCAGAGAGTTCAGTG_033,19
GGTTGCCAGAGAGTTCAGTG_034,52
GGTTGCCAGAGAGTTCAGTG_035,166
GGTTGCCAGAGAGTTCAGTG_036,142
GGTTGCCAGAGAGTTCAGTG_037,95
GGTTGCCAGAGAGTTCAGTG_038,5
GGTTGCCAGAGAGTTCAGTG_039,152
GGTTGCCAGAGAGTTCAGTG_040,144
GGTTGCCAGAGAGTTCAGTG_041,63
GGTTGCCAGAGAGTTCAGTG_042,175
GGAAGATTCAGCATCACGCG_001,107
GGAAGATTCAGCATCACGCG_002,98
AGGCGAGACAACAACGACCG_001,48
AGGCGAGACAACAACGACCG_002,198
AGGCGAGACAACAACGACCG_003,47
AGGCGAGACAACAACGACCG_004,118
AGGCGAGACAACAACGACCG_005,176
AGGCGAGACAACAACGACCG_006,48
AGGCGAGACAACAACGACCG_007,61
AGGCGAGACAACAACGACCG_008,163
AGGCGAGACAACAACGACCG_009,148
AGGCGAGACAACAACGACCG_010,79
AGGCGAGACAACAACGACCG_011,15
AGGCGAGACAACAACGACCG_012,29
AGGCGAGACAACAACGACCG_013,191
AGGCGAGACAACAACGACCG_014,61
AGGCGAGACAACAACGACCG_015,118
AGGCGAGACAACAACGACCG_016,3
GAACTAAAATACCGAAACAT_001,157
AGACCAATCTGAGCATACCA_001,45
AGACCAATCTGAGCATACCA_002,144
AGACCAATCTGAGCATACCA_003,166
TCGGTGTTTACACGGCCATG_001,37
TCGGTGTTTACACGGCCATG_002,83
TCGGTGTTTACACGGCCATG_003,144
GGACCTGGCACTCGCCGATG_001,177
GGACCTGGCACTCGCCGATG_002,77
GGACCTGGCACTCGCCGATG_003,125
GGACCTGGCACTCGCCGATG_004,177
GGACCTGGCACTCGCCGATG_005,46
GGACCTGGCACTCGCCGATG_006,117
GGACCTGGCACTCGCCGATG_007,11
GGACCTGGCACTCGCCGATG_008,188
GGACCTGGCACTCGCCGATG_009,19
GGACCTGGCACTCGCCGATG_010,105
GGACCTGGCACTCGCCGATG_011,32
GGACCTGGCACTCGCCGATG_012,47
GGACCTGGCACTCGCCGATG_013,25
GGACCTGGCACTCGCCGATG_014,199
GGACCTGGCACTCGCCGATG_015,184
GGACCTGGCACTCGCCGATG_016,184
GGACCTGGCACTCGCCGATG_017,48
TGAATCACCATGCGAGTGAG_001,49
TGAATCACCATGCGAGTGAG_002,85
TGAATCACCATGCGAGTGAG_003,168
TGAATCACCATGCGAGTGAG_004,42
TGAATCACCATGCGAGTGAG_005,88
TGAATCACCATGCGAGTGAG_006,105
TGAATCACCATGCGAGTGAG_007,103
TGAATCACCATGCGAGTGAG_008,85
TGAATCACCATGCGAGTGAG_009,42
TGAATCACCATGCGAGTGAG_010,78
TGAATCACCATGCGAGTGAG_011,130
TGAATCACCATGCGAGTGAG_012,94
TGAATCACCATGCGAGTGAG_013,171
TGAATCACCATGCGAGTGAG_014,44
TGAATCACCATGCGAGTGAG_015,93
TGAATCACCATGCGAGTGAG_016,150
TGAATCACCATGCGAGTGAG_017,68
TGAATCACCATGCGAGTGAG_018,74
ACCTATGAGATAGAGACCAA_001,34
CTAACCCCTGACGCACAGAG_001,155
CTAACCCCTGACGCACAGAG_002,23
CTAACCCCTGACGCACAGAG_003,16
CTAACCCCTGACGCACAGAG_004,71
CTAACCCCTGACGCACAGAG_005,40
CTAACCCCTGACGCACAGAG_006,102
CTAACCCCTGACGCACAGAG_007,76
CTAACCCCTGACGCACAGAG_008,77
CTAACCCCTGACGCACAGAG_009,7
CTAACCCCTGACGCACAGAG_010,139
CTAACCCCTGACGCACAGAG_011,17
CTAACCCCTGACGCACAGAG_012,91
CTAACCCCTGACGCACAGAG_013,56
CTAACCCCTGACGCACAGAG_014,94
CTAACCCCTGACGCACAGAG_015,38
CTAACCCCTGACGCACAGAG_016,22
CTAACCCCTGACGCACAGAG_017,124
CTAACCCCTGACGCACAGAG_018,7
CTAACCCCTGACGCACAGAG_019,142
CTAACCCCTGACGCACAGAG_020,161
CTGTACACCGCGCGTGTGGA_001,158
CTGTACACCGCGCGTGTGGA_002,156
CTGTACACCGCGCGTGTGGA_003,199
CTGTACACCGCGCGTGTGGA_004,183
CTGTACACCGCGCGTGTGGA_005,140
CTGTACACCGCGCGTGTGGA_006,81
CTGTACACCGCGCGTGTGGA_007,9
CTGTACACCGCGCGTGTGGA_008,76
CTGTACACCGCGCGTGTGGA_009,17
CTGTACACCGCGCGTGTGGA_010,199
CTGTACACCGCGCGTGTGGA_011,12
CTGTACACCGCGCGTGTGGA_012,139
CTGTACACCGCGCGTGTGGA_013,50
CTGTACACCGCGCGTGTGGA_014,160
CTGTACACCGCGCGTGTGGA_015,15
CTGTACACCGCGCGTGTGGA_016,62
CTGTACACCGCGCGTGTGGA_017,147
CCACACCGCAGGCACCGGTA_001,103
CCACACCGCAGGCACCGGTA_002,98
CCACACCGCAGGCACCGGTA_003,78
CCACACCGCAGGCACCGGTA_004,81
CCACACCGCAGGCACCGGTA_005,199
TATGCAATTATAAGGAACAC_001,71
TATGCAATTATAAGGAACAC_002,62
TATGCAATTATAAGGAACAC_003,184
AGGATTTCTCCTCATCACGC_001,127
AGGATTTCTCCTCATCACGC_002,127
AGGATTTCTCCTCATCACGC_003,66
AGGATTTCTCCTCATCACGC_004,16
AGGATTTCTCCTCATCACGC_005,36
AGGATTTCTCCTCATCACGC_006,95
AGGATTTCTCCTCATCACGC_007,131
AGGATTTCTCCTCATCACGC_008,199
AGGATTTCTCCTCATCACGC_009,167
AGGATTTCTCCTCATCACGC_010,113
AGGATTTCTCCTCATCACGC_011,141
AGGATTTCTCCTCATCACGC_012,168
AGGATTTCTCCTCATCACGC_013,77
AGGATTTCTCCTCATCACGC_014,68
AGGATTTCTCCTCATCACGC_015,132
AGGATTTCTCCTCATCACGC_016,180
CACCTCGGTGATATAAACTC_001,62
CACCTCGGTGATATAAACTC_002,136
CACCTCGGTGATATAAACTC_003,69
CACCTCGGTGATATAAACTC_004,30
CACCTCGGTGATATAAACTC_005,168
CACCTCGGTGATATAAACTC_006,182
CACCTCGGTGATATAAACTC_007,15
TTTCTCACAGTCCATAAGTG_001,175
TTTCTCACAGTCCATAAGTG_002,175
TTTCTCACAGTCCATAAGTG_003,78
TTTCTCACAGTCCATAAGTG_004,145
TTTCTCACAGTCCATAAGTG_005,52
TTTCTCACAGTCCATAAGTG_006,9
TTTCTCACAGTCCATAAGTG_007,190
TTTCTCACAGTCCATAAGTG_008,80
TTTCTCACAGTCCATAAGTG_009,103
TTTCTCACAGTCCATAAGTG_010,9
TTTCTCACAGTCCATAAGTG_011,79
TTTCTCACAGTCCATAAGTG_012,17
TTTCTCACAGTCCATAAGTG_013,170
GATGGTGTGACTGTTCTAGG_001,184
GATGGTGTGACTGTTCTAGG_002,169
GATGGTGTGACTGTTCTAGG_003,188
CATTCAGAAAGGGCTCGTAA_001,161
CATTCAGAAAGGGCTCGTAA_002,101
CATTCAGAAAGGGCTCGTAA_003,62
CATTCAGAAAGGGCTCGTAA_004,32
CATTCAGAAAGGGCTCGTAA_005,138
CATTCAGAAAGGGCTCGTAA_006,68
CATTCAGAAAGGGCTCGTAA_007,157
CATTCAGAAAGGGCTCGTAA_008,146
CATTCAGAAAGGGCTCGTAA_009,13
CATTCAGAAAGGGCTCGTAA_010,96
CATTCAGAAAGGGCTCGTAA_011,10
CATTCAGAAAGGGCTCGTAA_012,98
CATTCAGAAAGGGCTCGTAA_013,88
CATTCAGAAAGGGCTCGTAA_014,94
CATTCAGAAAGGGCTCGTAA_015,170
CATTCAGAAAGGGCTCGTAA_016,13
CATTCAGAAAGGGCTCGTAA_017,13
CATTCAGAAAGGGCTCGTAA_018,151
TGCAGTCGCACGATAAACTG_001,144
TGCAGTCGCACGATAAACTG_002,53
TGCAGTCGCACGATAAACTG_003,69
TGCAGTCGCACGATAAACTG_004,112
TGCAGTCGCACGATAAACTG_005,127
TGCAGTCGCACGATAAACTG_006,12
TGCAGTCGCACGATAAACTG_007,58
TGCAGTCGCACGATAAACTG_008,194
TGCAGTCGCACGATAAACTG_009,128
TGCAGTCGCACGATAAACTG_010,149
TGCAGTCGCACGATAAACTG_011,141
TGCAGTCGCACGATAAACTG_012,150
TGCAGTCGCACGATAAACTG_013,1
TGCAGTCGCACGATAAACTG_014,50
TGCAGTCGCACGATAAACTG_015,127
TGCAGTCGCACGATAAACTG_016,148
TGCAGTCGCACGATAAACTG_017,85
TGCAGTCGCACGATAAACTG_018,166
TGCAGTCGCACGATAAACTG_019,64
TGCAGTCGCACGATAAACTG_020,50
TGCAGTCGCACGATAAACTG_021,29
TGCAGTCGCACGATAAACTG_022,160
TGCAGTCGCACGATAAACTG_023,58
TGCAGTCGCACGATAAACTG_024,102
TGCAGTCGCACGATAAACTG_025,78
TGCAGTCGCACGATAAACTG_026,50
TGCAGTCGCACGATAAACTG_027,102
TGCAGTCGCACGATAAACTG_028,147
TGCAGTCGCACGATAAACTG_029,62
TGCAGTCGCACGATAAACTG_030,8
TTTCATCAGAATGTTTAGCG_001,172
TTTCATCAGAATGTTTAGCG_002,24
TTTCATCAGAATGTTTAGCG_003,137
TTTCATCAGAATGTTTAGCG_004,133
GGCTCTGGACATGACACATG_001,154
GGCTCTGGACATGACACATG_002,4
CAGATCGGATCAACATCAAG_001,102
CAGATCGGATCAACATCAAG_002,102
CAGATCGGATCAACATCAAG_003,78
CAGATCGGATCAACATCAAG_004,36
CAGATCGGATCAACATCAAG_005,41
CAGATCGGATCAACATCAAG_006,84
CAGATCGGATCAACATCAAG_007,152
CAGATCGGATCAACATCAAG_008,175
CAGATCGGATCAACATCAAG_009,85
CAGATCGGATCAACATCAAG_010,85
CAGATCGGATCAACATCAAG_011,123
CAGATCGGATCAACATCAAG_012,116
CAGATCGGATCAACATCAAG_013,72
CAGATCGGATCAACATCAAG_014,70
CAGATCGGATCAACATCAAG_015,199
CAGATCGGATCAACATCAAG_016,130
CAGATCGGATCAACATCAAG_017,106
CAGATCGGATCAACATCAAG_018,10
CAGATCGGATCAACATCAAG_019,130
ATGCGCCCTAACTTCTGTGA_001,198
ATGCGCCCTAACTTCTGTGA_002,50
ATGCGCCCTAACTTCTGTGA_003,127
ATGCGCCCTAACTTCTGTGA_004,128
ATGCGCCCTAACTTCTGTGA_005,58
ATGCGCCCTAACTTCTGTGA_006,179
ATGCGCCCTAACTTCTGTGA_007,102
ATGCGCCCTAACTTCTGTGA_008,117
ATGCGCCCTAACTTCTGTGA_009,144
AAAGCACATGAAGCCGAGCG_001,19
AAAGCACATGAAGCCGAGCG_002,19
AAAGCACATGAAGCCGAGCG_003,164
AAAGCACATGAAGCCGAGCG_004,82
AAAGCACATGAAGCCGAGCG_005,58
AAAGCACATGAAGCCGAGCG_006,165
AAAGCACATGAAGCCGAGCG_007,2
GCCTCTGGCTGGAAAACTGG_001,171
GCCTCTGGCTGGAAAACTGG_002,157
GCCTCTGGCTGGAAAACTGG_003,172
GCCTCTGGCTGGAAAACTGG_004,42
GCCTCTGGCTGGAAAACTGG_005,174
GCCTCTGGCTGGAAAACTGG_006,47
GCCTCTGGCTGGAAAACTGG_007,6
CCGGTACAAGCCTGCGTGCG_001,182
CCGGTACAAGCCTGCGTGCG_002,172
CCGGTACAAGCCTGCGTGCG_003,53
CCGGTACAAGCCTGCGTGCG_004,30
CCGGTACAAGCCTGCGTGCG_005,60
CCGGTACAAGCCTGCGTGCG_006,129
CCGGTACAAGCCTGCGTGCG_007,88
CCGGTACAAGCCTGCGTGCG_008,157
GTGGACGCCTTGCCTCCGAG_001,43
GTGGACGCCTTGCCTCCGAG_002,196
GTGGACGCCTTGCCTCCGAG_003,68
GTGGACGCCTTGCCTCCGAG_004,62
GTGGACGCCTTGCCTCCGAG_005,97
GTGGACGCCTTGCCTCCGAG_006,150
GTGGACGCCTTGCCTCCGAG_007,179
GTGGACGCCTTGCCTCCGAG_008,157
GTGGACGCCTTGCCTCCGAG_009,119
GTGGACGCCTTGCCTCCGAG_010,87
GTGGACGCCTTGCCTCCGAG_011,94
GTGGACGCCTTGCCTCCGAG_012,94
GTGGACGCCTTGCCTCCGAG_013,90
GTGGACGCCTTGCCTCCGAG_014,74
GTGGACGCCTTGCCTCCGAG_015,199
GTGGACGCCTTGCCTCCGAG_016,38
GTGGACGCCTTGCCTCCGAG_017,160
GTGGACGCCTTGCCTCCGAG_018,13
GTGGACGCCTTGCCTCCGAG_019,177
GTGGACGCCTTGCCTCCGAG_020,72
GTGGACGCCTTGCCTCCGAG_021,75
GTGGACGCCTTGCCTCCGAG_022,170
GTGGACGCCTTGCCTCCGAG_023,179
GTGGACGCCTTGCCTCCGAG_024,67
GTGGACGCCTTGCCTCCGAG_025,116
GTGGACGCCTTGCCTCCGAG_026,77
GTGGACGCCTTGCCTCCGAG_027,33
GTGGACGCCTTGCCTCCGAG_028,42
GTGGACGCCTTGCCTCCGAG_029,103
GTGGACGCCTTGCCTCCGAG_030,58
GTGGACGCCTTGCCTCCGAG_031,69
GTGGACGCCTTGCCTCCGAG_032,97
GTGGACGCCTTGCCTCCGAG_033,119
GTGGACGCCTTGCCTCCGAG_034,81
GTGGACGCCTTGCCTCCGAG_035,124
GTGGACGCCTTGCCTCCGAG_036,177
GTGGACGCCTTGCCTCCGAG_037,5
GTGGACGCCTTGCCTCCGAG_038,87
GTGGACGCCTTGCCTCCGAG_039,132
GTGGACGCCTTGCCTCCGAG_040,188
GTGGACGCCTTGCCTCCGAG_041,49
GTGGACGCCTTGCCTCCGAG_042,147
GTGGACGCCTTGCCTCCGAG_043,138
CTGGTCGAAATTAGTAAGCG_001,138
CTGGTCGAAATTAGTAAGCG_002,60
CTGGTCGAAATTAGTAAGCG_003,171
CTGGTCGAAATTAGTAAGCG_004,19
CTGGTCGAAATTAGTAAGCG_005,129
CTGGTCGAAATTAGTAAGCG_006,12
CTGGTCGAAATTAGTAAGCG_007,72
GAACTCTGATGACAATGTGT_001,30
GAACTCTGATGACAATGTGT_002,125
GAACTCTGATGACAATGTGT_003,28
TGAGTCTGTACTTTCAACGA_001,83
TGAGTCTGTACTTTCAACGA_002,60
TGAGTCTGTACTTTCAACGA_003,11
GAACTGGATTCGCAACATTG_001,84
GAACTGGATTCGCAACATTG_002,36
GAACTGGATTCGCAACATTG_003,58
GAACTGGATTCGCAACATTG_004,158
GAACTGGATTCGCAACATTG_005,172
GAACTGGATTCGCAACATTG_006,30
GAACTGGATTCGCAACATTG_007,172
GAACTGGATTCGCAACATTG_008,57
GAACTGGATTCGCAACATTG_009,77
GAACTGGATTCGCAACATTG_010,12
GAACTGGATTCGCAACATTG_011,168
GAACTGGATTCGCAACATTG_012,151
GAACTGGATTCGCAACATTG_013,64
GAACTGGATTCGCAACATTG_014,129
GAACTGGATTCGCAACATTG_015,116
GAACTGGATTCGCAACATTG_016,185
GAACTGGATTCGCAACATTG_017,162
GAACTGGATTCGCAACATTG_018,77
GAACTGGATTCGCAACATTG_019,72
GAACTGGATTCGCAACATTG_020,43
GAACTGGATTCGCAACATTG_021,70
CATTCCGGAGAATACTGACC_001,159
GCACGCACACGCGTCCGCCG_001,102
GAGTCGGTGATGAGTCAGAG_001,151
GAGTCGGTGATGAGTCAGAG_002,184
GAGTCGGTGATGAGTCAGAG_003,168
GAGTCGGTGATGAGTCAGAG_004,94
TTGTAAACCAAGCTCCACCG_001,130
TTGTAAACCAAGCTCCACCG_002,64
TTGTAAACCAAGCTCCACCG_003,38
TTGTAAACCAAGCTCCACCG_004,144
TTGTAAACCAAGCTCCACCG_005,81
TTGTAAACCAAGCTCCACCG_006,145
TTGTAAACCAAGCTCCACCG_007,105
TTGTAAACCAAGCTCCACCG_008,80
TTGTAAACCAAGCTCCACCG_009,88
AGGTGCTGCTCCAGACGGTG_001,139
AGGTGCTGCTCCAGACGGTG_002,169
AGGTGCTGCTCCAGACGGTG_003,141
AGGTGCTGCTCCAGACGGTG_004,77
AGGTGCTGCTCCAGACGGTG_005,60
AGGTGCTGCTCCAGACGGTG_006,198
AGGTGCTGCTCCAGACGGTG_007,123
AGGTGCTGCTCCAGACGGTG_008,106
AGGTGCTGCTCCAGACGGTG_009,103
AGGTGCTGCTCCAGACGGTG_010,76
ATGGCTCGGATCAACTCTGG_001,151
ATGGCTCGGATCAACTCTGG_002,54
ATGGCTCGGATCAACTCTGG_003,124
ATGGCTCGGATCAACTCTGG_004,53
ATGGCTCGGATCAACTCTGG_005,38
ATGGCTCGGATCAACTCTGG_006,196
ATGGCTCGGATCAACTCTGG_007,130
ATGGCTCGGATCAACTCTGG_008,11
ATGGCTCGGATCAACTCTGG_009,138
ATGGCTCGGATCAACTCTGG_010,78
ATGGCTCGGATCAACTCTGG_011,10
CTCTGCTCAGAGACTATGTG_001,110
CTCTGCTCAGAGACTATGTG_002,195
CTCTGCTCAGAGACTATGTG_003,168
CTCTGCTCAGAGACTATGTG_004,115
CTCTGCTCAGAGACTATGTG_005,166
CTCTGCTCAGAGACTATGTG_006,172
CTCTGCTCAGAGACTATGTG_007,35
CTCTGCTCAGAGACTATGTG_008,6
CTCTGCTCAGAGACTATGTG_009,169
CTCTGCTCAGAGACTATGTG_010,144
CTCTGCTCAGAGACTATGTG_011,4
CTCTGCTCAGAGACTATGTG_012,38
CTCTGCTCAGAGACTATGTG_013,88
CTCTGCTCAGAGACTATGTG_014,154
CTCTGCTCAGAGACTATGTG_015,22
CTCTGCTCAGAGACTATGTG_016,134
CTCTGCTCAGAGACTATGTG_017,135
CTCTGCTCAGAGACTATGTG_018,80
CTCTGCTCAGAGACTATGTG_019,116
CTCTGCTCAGAGACTATGTG_020,162
CTCTGCTCAGAGACTATGTG_021,83
CTCTGCTCAGAGACTATGTG_022,97
CTCTGCTCAGAGACTATGTG_023,55
CTCTGCTCAGAGACTATGTG_024,145
CTCTGCTCAGAGACTATGTG_025,48
CTCTGCTCAGAGACTATGTG_026,88
CTCTGCTCAGAGACTATGTG_027,58
CTCTGCTCAGAGACTATGTG_028,10
CTCTGCTCAGAGACTATGTG_029,177
CTCTGCTCAGAGACTATGTG_030,148
GGGACCCAGAAACTATCCGC_001,50
GGGACCCAGAAACTATCCGC_002,28
GGGACCCAGAAACTATCCGC_003,56
GGGACCCAGAAACTATCCGC_004,5
GGGACCCAGAAACTATCCGC_005,41
GGGACCCAGAAACTATCCGC_006,57
GGGACCCAGAAACTATCCGC_007,8
GGGACCCAGAAACTATCCGC_008,8
GGGACCCAGAAACTATCCGC_009,171
GGGACCCAGAAACTATCCGC_010,171
GGGACCCAGAAACTATCCGC_011,157
GGGACCCAGAAACTATCCGC_012,57
GGGACCCAGAAACTATCCGC_013,137
GGGACCCAGAAACTATCCGC_014,133
GGGCACACAGACAAACATGC_001,50
GGGCACACAGACAAACATGC_002,179
GGGCACACAGACAAACATGC_003,179
GGGCACACAGACAAACATGC_004,96
GGGCACACAGACAAACATGC_005,61
GGGCACACAGACAAACATGC_006,158
GGGCACACAGACAAACATGC_007,77
GGGCACACAGACAAACATGC_008,97
GGGCACACAGACAAACATGC_009,106
GTGCTTGCTCTGATCCAGGT_001,127
GTGCTTGCTCTGATCCAGGT_002,80
GTGCTTGCTCTGATCCAGGT_003,47
GTGCTTGCTCTGATCCAGGT_004,88
GTGCTTGCTCTGATCCAGGT_005,169
GTGCTTGCTCTGATCCAGGT_006,102
AGCCTCCTTACATGCTACTG_001,20
AGCCTCCTTACATGCTACTG_002,167
AGCCTCCTTACATGCTACTG_003,46
AGCCTCCTTACATGCTACTG_004,192
AGCCTCCTTACATGCTACTG_005,68
AGGTTGTGCAAATCCACTTG_001,108
AGGTTGTGCAAATCCACTTG_002,77
AGGTTGTGCAAATCCACTTG_003,49
AGGTTGTGCAAATCCACTTG_004,168
AGGTTGTGCAAATCCACTTG_005,9
AGGTTGTGCAAATCCACTTG_006,47
AGGTTGTGCAAATCCACTTG_007,58
AGGGTGCAAAGGATCACTAG_001,198
AGGGTGCAAAGGATCACTAG_002,121
AGGGTGCAAAGGATCACTAG_003,83
AGGGTGCAAAGGATCACTAG_004,17
AGGGTGCAAAGGATCACTAG_005,41
AGGGTGCAAAGGATCACTAG_006,63
AGGGTGCAAAGGATCACTAG_007,12
AGGGTGCAAAGGATCACTAG_008,194
ATGTCTGAAACGGCCGCTGG_001,143
ATGTCTGAAACGGCCGCTGG_002,169
ATGTCTGAAACGGCCGCTGG_003,48
ATGTCTGAAACGGCCGCTGG_004,88
ATGTCTGAAACGGCCGCTGG_005,102
ATGTCTGAAACGGCCGCTGG_006,115
ATGTCTGAAACGGCCGCTGG_007,145
ATGTCTGAAACGGCCGCTGG_008,38
ATGTCTGAAACGGCCGCTGG_009,50
ATGTCTGAAACGGCCGCTGG_010,150
ATGTCTGAAACGGCCGCTGG_011,190
ATGTCTGAAACGGCCGCTGG_012,175
ATGTCTGAAACGGCCGCTGG_013,12
ATGTCTGAAACGGCCGCTGG_014,196
ATGTCTGAAACGGCCGCTGG_015,131
ATGTCTGAAACGGCCGCTGG_016,2
ATGTCTGAAACGGCCGCTGG_017,29
ATGTCTGAAACGGCCGCTGG_018,51
ATGTCTGAAACGGCCGCTGG_019,141
ATGTCTGAAACGGCCGCTGG_020,94
ATGTCTGAAACGGCCGCTGG_021,112
ATGTCTGAAACGGCCGCTGG_022,108
CGTACAAAAAGACTTCAAAG_001,162
CGTACAAAAAGACTTCAAAG_002,91
CGTACAAAAAGACTTCAAAG_003,13
CGTACAAAAAGACTTCAAAG_004,16
CGTACAAAAAGACTTCAAAG_005,162
AATTCCCATACATGCACTAG_001,34
AATTCCCATACATGCACTAG_002,29
AATTCCCATACATGCACTAG_003,192
AATTCCCATACATGCACTAG_004,105
GAGAGTTGACACACTCCACG_001,96
GAGAGTTGACACACTCCACG_002,68
GGCAGACTTGTCATGGACTG_001,129
GGCAGACTTGTCATGGACTG_002,48
GGCAGACTTGTCATGGACTG_003,35
GGTCTGAGGTCACATTGTTG_001,81
GGTCTGAGGTCACATTGTTG_002,0
GGTCTGAGGTCACATTGTTG_003,172
AGTGTCCAGGATTTGTCCGG_001,146
AGTGTCCAGGATTTGTCCGG_002,193
AGTGTCCAGGATTTGTCCGG_003,24
AGTGTCCAGGATTTGTCCGG_004,195
AGTGTCCAGGATTTGTCCGG_005,104
AGTGTCCAGGATTTGTCCGG_006,94
AGTGTCCAGGATTTGTCCGG_007,65
AGTGTCCAGGATTTGTCCGG_008,170
TGCAGAGATGATAAGTACCT_001,186
TGCAGAGATGATAAGTACCT_002,127
TGCAGAGATGATAAGTACCT_003,66
TGCAGAGATGATAAGTACCT_004,102
TGCAGAGATGATAAGTACCT_005,81
TGCAGAGATGATAAGTACCT_006,137
TGCAGAGATGATAAGTACCT_007,104
TGCAGAGATGATAAGTACCT_008,35
TGCAGAGATGATAAGTACCT_009,180
CGTGGCCGACGACACCAGGT_001,111
CGTGGCCGACGACACCAGGT_002,89
CGTGGCCGACGACACCAGGT_003,149
CGTGGCCGACGACACCAGGT_004,75
CGTGGCCGACGACACCAGGT_005,1
CGTGGCCGACGACACCAGGT_006,129
CGTGGCCGACGACACCAGGT_007,59
GCCATTCTACAACTGTACCG_001,88
GCCATTCTACAACTGTACCG_002,125
GCCATTCTACAACTGTACCG_003,58
ACAAAGCTATGGATCAAGGG_001,182
ACAAAGCTATGGATCAAGGG_002,127
ACAAAGCTATGGATCAAGGG_003,26
ACAAAGCTATGGATCAAGGG_004,43
ACAAAGCTATGGATCAAGGG_005,151
ACAAAGCTATGGATCAAGGG_006,43
ACAAAGCTATGGATCAAGGG_007,126
ACAAAGCTATGGATCAAGGG_008,66
GCTCGTCGAGGTTACTACAA_001,195
GCTCGTCGAGGTTACTACAA_002,85
GCTCGTCGAGGTTACTACAA_003,98
GCTCGTCGAGGTTACTACAA_004,45
GCTCGTCGAGGTTACTACAA_005,60
GCTCGTCGAGGTTACTACAA_006,103
GCTCGTCGAGGTTACTACAA_007,81
GCTCGTCGAGGTTACTACAA_008,157
GCTCGTCGAGGTTACTACAA_009,146
GCTCGTCGAGGTTACTACAA_010,165
GCTCGTCGAGGTTACTACAA_011,115
GCTCGTCGAGGTTACTACAA_012,191
TGGTCCTCATCATCGCACCC_001,83
TGGTCCTCATCATCGCACCC_002,49
GAGCGCTAACTATGGTCGGA_001,197
ACCAATTACAAAAGCCAAGC_001,34
ACCAATTACAAAAGCCAAGC_002,107
ACCAATTACAAAAGCCAAGC_003,127
ACCAATTACAAAAGCCAAGC_004,127
ACCAATTACAAAAGCCAAGC_005,148
ACCAATTACAAAAGCCAAGC_006,121
ACCAATTACAAAAGCCAAGC_007,56
GTGATGTACATACCTTGCTT_001,15
GTGATGTACATACCTTGCTT_002,172
GTGATGTACATACCTTGCTT_003,10
GTGATGTACATACCTTGCTT_004,174
TTTACCCAATCTGAACCCGT_001,42
TTTACCCAATCTGAACCCGT_002,83
TTTACCCAATCTGAACCCGT_003,186
TTTACCCAATCTGAACCCGT_004,112
AAAAGGCATCAAGACGAGTG_001,181
AAAAGGCATCAAGACGAGTG_002,162
AAAAGGCATCAAGACGAGTG_003,197
AAAAGGCATCAAGACGAGTG_004,128
AAAAGGCATCAAGACGAGTG_005,180
AAAAGGCATCAAGACGAGTG_006,179
AAAAGGCATCAAGACGAGTG_007,9
AAAAGGCATCAAGACGAGTG_008,90
AAAAGGCATCAAGACGAGTG_009,192
AAAAGGCATCAAGACGAGTG_010,16
AAAAGGCATCAAGACGAGTG_011,41
AAAAGGCATCAAGACGAGTG_012,2
AAAAGGCATCAAGACGAGTG_013,78
AAAAGGCATCAAGACGAGTG_014,99
AAAAGGCATCAAGACGAGTG_015,144
AAAAGGCATCAAGACGAGTG_016,49
AAAAGGCATCAAGACGAGTG_017,91
AAAAGGCATCAAGACGAGTG_018,153
AGCGATTCACGTATTAGATG_001,131
AGCGATTCACGTATTAGATG_002,122
AGCGATTCACGTATTAGATG_003,77
AGCGATTCACGTATTAGATG_004,124
AGCGATTCACGTATTAGATG_005,136
AGCGATTCACGTATTAGATG_006,127
ACTTACCTTCTGCTTGACAA_001,169
ACTTACCTTCTGCTTGACAA_002,122
ACTTACCTTCTGCTTGACAA_003,70
ACTTACCTTCTGCTTGACAA_004,34
ACTTACCTTCTGCTTGACAA_005,19
ACTTACCTTCTGCTTGACAA_006,84
ACTTACCTTCTGCTTGACAA_007,192
ACTTACCTTCTGCTTGACAA_008,169
ACTTACCTTCTGCTTGACAA_009,75
ACTTACCTTCTGCTTGACAA_010,101
ACTTACCTTCTGCTTGACAA_011,92
ACTTACCTTCTGCTTGACAA_012,95
ACTTACCTTCTGCTTGACAA_013,52
ACTTACCTTCTGCTTGACAA_014,100
GCGGGGCTACTTTGCAGCCA_001,176
GCGGGGCTACTTTGCAGCCA_002,51
GCGGGGCTACTTTGCAGCCA_003,65
GCGGGGCTACTTTGCAGCCA_004,127
GCGGGGCTACTTTGCAGCCA_005,144
GCGGGGCTACTTTGCAGCCA_006,174
GCGGGGCTACTTTGCAGCCA_007,17
GCGGGGCTACTTTGCAGCCA_008,159
GCGGGGCTACTTTGCAGCCA_009,163
GCGGGGCTACTTTGCAGCCA_010,124
GCGGGGCTACTTTGCAGCCA_011,152
GCGGGGCTACTTTGCAGCCA_012,13
GCGGGGCTACTTTGCAGCCA_013,138
GCGGGGCTACTTTGCAGCCA_014,103
GCGGGGCTACTTTGCAGCCA_015,49
GCGGGGCTACTTTGCAGCCA_016,36
AACACCAGGCATAAGTCACC_001,185
AACACCAGGCATAAGTCACC_002,172
AACACCAGGCATAAGTCACC_003,170
AACACCAGGCATAAGTCACC_004,6
AACACCAGGCATAAGTCACC_005,41
AACACCAGGCATAAGTCACC_006,193
AACACCAGGCATAAGTCACC_007,115
AACACCAGGCATAAGTCACC_008,118
AACACCAGGCATAAGTCACC_009,22
AACACCAGGCATAAGTCACC_010,108
AACACCAGGCATAAGTCACC_011,17
AACACCAGGCATAAGTCACC_012,30
AACACCAGGCATAAGTCACC_013,146
AACACCAGGCATAAGTCACC_014,193
AACACCAGGCATAAGTCACC_015,20
AACACCAGGCATAAGTCACC_016,61
AACACCAGGCATAAGTCACC_017,22
AACACCAGGCATAAGTCACC_018,194
AACACCAGGCATAAGTCACC_019,141
AACACCAGGCATAAGTCACC_020,52
AACACCAGGCATAAGTCACC_021,77
AACACCAGGCATAAGTCACC_022,127
AACACCAGGCATAAGTCACC_023,104
AACACCAGGCATAAGTCACC_024,14
CACCATAGAACCTGAAATAC_001,70
CACCATAGAACCTGAAATAC_002,58
CACCATAGAACCTGAAATAC_003,69
CACCATAGAACCTGAAATAC_004,96
CACCATAGAACCTGAAATAC_005,140
CACCATAGAACCTGAAATAC_006,8
CACCATAGAACCTGAAATAC_007,103
CACCATAGAACCTGAAATAC_008,25
CACCATAGAACCTGAAATAC_009,199
CACCATAGAACCTGAAATAC_010,13
CACCATAGAACCTGAAATAC_011,68
CACCATAGAACCTGAAATAC_012,174
CACCATAGAACCTGAAATAC_013,174
AGTTCCTCATGAAGTATGTG_001,72
AGTTCCTCATGAAGTATGTG_002,107
AGTTCCTCATGAAGTATGTG_003,154
AGTTCCTCATGAAGTATGTG_004,166
AGTTCCTCATGAAGTATGTG_005,21
AGTTCCTCATGAAGTATGTG_006,31
AGTTCCTCATGAAGTATGTG_007,161
AGTTCCTCATGAAGTATGTG_008,129
AGTTCCTCATGAAGTATGTG_009,83
AGTTCCTCATGAAGTATGTG_010,180
AGTTCCTCATGAAGTATGTG_011,34
AGTTCCTCATGAAGTATGTG_012,168
AGTTCCTCATGAAGTATGTG_013,46
AGTTCCTCATGAAGTATGTG_014,22
GTTTGAACAGAAACACGTTG_001,15
GTTTGAACAGAAACACGTTG_002,156
GTTTGAACAGAAACACGTTG_003,77
GTTTGAACAGAAACACGTTG_004,76
GTTTGAACAGAAACACGTTG_005,146
GTTTGAACAGAAACACGTTG_006,3
ACAAGTCAAACTTGGCATGG_001,44
ACAAGTCAAACTTGGCATGG_002,44
ACAAGTCAAACTTGGCATGG_003,159
ACAAGTCAAACTTGGCATGG_004,28
ACAAGTCAAACTTGGCATGG_005,72
ACAAGTCAAACTTGGCATGG_006,159
ACAAGTCAAACTTGGCATGG_007,35
ACAAGTCAAACTTGGCATGG_008,168
ACAAGTCAAACTTGGCATGG_009,2
ACAAGTCAAACTTGGCATGG_010,174
ACAAGTCAAACTTGGCATGG_011,175
GGACAGCAGATACACAGCGG_001,150
GGACAGCAGATACACAGCGG_002,113
GGACAGCAGATACACAGCGG_003,151
GGACAGCAGATACACAGCGG_004,168
GGACAGCAGATACACAGCGG_005,16
GGACAGCAGATACACAGCGG_006,133
GGACAGCAGATACACAGCGG_007,58
GGACAGCAGATACACAGCGG_008,75
GGACAGCAGATACACAGCGG_009,196
TGAACCATACGGGCTTGTAG_001,48
TGAACCATACGGGCTTGTAG_002,188
TGAACCATACGGGCTTGTAG_003,72
TGAACCATACGGGCTTGTAG_004,94
TGAACCATACGGGCTTGTAG_005,140
TGAACCATACGGGCTTGTAG_006,72
TGAACCATACGGGCTTGTAG_007,137
TGAACCATACGGGCTTGTAG_008,0
TGTGTTATCAAGGCCCCTGA_001,3
TGTGTTATCAAGGCCCCTGA_002,145
AGGTCAATAACGGGCCACTG_001,44
AGGTCAATAACGGGCCACTG_002,127
AGGTCAATAACGGGCCACTG_003,7
AGGTCAATAACGGGCCACTG_004,85
AGGTCAATAACGGGCCACTG_005,130
AGGTCAATAACGGGCCACTG_006,156
AGGTCAATAACGGGCCACTG_007,40
AGGTCAATAACGGGCCACTG_008,47
AGGTCAATAACGGGCCACTG_009,138
AGGTCAATAACGGGCCACTG_010,172
AGGTCAATAACGGGCCACTG_011,98
AGGTCAATAACGGGCCACTG_012,12
AGGTCAATAACGGGCCACTG_013,14
AGGTCAATAACGGGCCACTG_014,160
AGGTCAATAACGGGCCACTG_015,164
AGGTCAATAACGGGCCACTG_016,9
AGGTCAATAACGGGCCACTG_017,112
AGGTCAATAACGGGCCACTG_018,69
AGGTCAATAACGGGCCACTG_019,52
AGGTCAATAACGGGCCACTG_020,175
AGGTCAATAACGGGCCACTG_021,175
CAATCGGCGACGTTTTAAAT_001,106
CAATCGGCGACGTTTTAAAT_002,150
CAATCGGCGACGTTTTAAAT_003,0
CAATCGGCGACGTTTTAAAT_004,66
CAATCGGCGACGTTTTAAAT_005,116
CAATCGGCGACGTTTTAAAT_006,117
CAATCGGCGACGTTTTAAAT_007,75
CAATCGGCGACGTTTTAAAT_008,28
CAATCGGCGACGTTTTAAAT_009,162
CAATCGGCGACGTTTTAAAT_010,105
CAATCGGCGACGTTTTAAAT_011,20
CAATCGGCGACGTTTTAAAT_012,78
CAATCGGCGACGTTTTAAAT_013,184
CAATCGGCGACGTTTTAAAT_014,145
CAATCGGCGACGTTTTAAAT_015,82
CAATCGGCGACGTTTTAAAT_016,76
CAATCGGCGACGTTTTAAAT_017,119
CAATCGGCGACGTTTTAAAT_018,198
CAATCGGCGACGTTTTAAAT_019,68
CAATCGGCGACGTTTTAAAT_020,19
CACCACAAAAACGGACACTA_001,183
CACCACAAAAACGGACACTA_002,150
CACCACAAAAACGGACACTA_003,58
CACCACAAAAACGGACACTA_004,119
CACCACAAAAACGGACACTA_005,120
CACCACAAAAACGGACACTA_006,127
CACCACAAAAACGGACACTA_007,177
CACCACAAAAACGGACACTA_008,82
CACCACAAAAACGGACACTA_009,175
CACCACAAAAACGGACACTA_010,12
CACCACAAAAACGGACACTA_011,187
CACCACAAAAACGGACACTA_012,128
CACCACAAAAACGGACACTA_013,67
CACCACAAAAACGGACACTA_014,158
CACCACAAAAACGGACACTA_015,170
CACCACAAAAACGGACACTA_016,8
CACCACAAAAACGGACACTA_017,106
CACCACAAAAACGGACACTA_018,78
CACCACAAAAACGGACACTA_019,147
CACCACAAAAACGGACACTA_020,172
CACCACAAAAACGGACACTA_021,194
CACCACAAAAACGGACACTA_022,48
CACCACAAAAACGGACACTA_023,106
TCCACACAGTCAGGATCCGA_001,160
TCCACACAGTCAGGATCCGA_002,151
TCCACACAGTCAGGATCCGA_003,78
TCCACACAGTCAGGATCCGA_004,27
TCCACACAGTCAGGATCCGA_005,4
TCCACACAGTCAGGATCCGA_006,78
TCCACACAGTCAGGATCCGA_007,125
TCCACACAGTCAGGATCCGA_008,132
TCCACACAGTCAGGATCCGA_009,139
TCCACACAGTCAGGATCCGA_010,195
TCCACACAGTCAGGATCCGA_011,169
TCCACACAGTCAGGATCCGA_012,142
TCCACACAGTCAGGATCCGA_013,199
TCCACACAGTCAGGATCCGA_014,46
GGACTTCACCAATCCCAGCC_001,115
GGACTTCACCAATCCCAGCC_002,36
GGACTTCACCAATCCCAGCC_003,36
GGACTTCACCAATCCCAGCC_004,183
GGACTTCACCAATCCCAGCC_005,157
GGACTTCACCAATCCCAGCC_006,164
GGACTTCACCAATCCCAGCC_007,53
GGACTTCACCAATCCCAGCC_008,125
GGACTTCACCAATCCCAGCC_009,104
GGACTTCACCAATCCCAGCC_010,81
GGACTTCACCAATCCCAGCC_011,37
GGACTTCACCAATCCCAGCC_012,2
GGACTTCACCAATCCCAGCC_013,32
GGACTTCACCAATCCCAGCC_014,134
GAACGAAGCCATCGTATTCG_001,60
GAACGAAGCCATCGTATTCG_002,87
GAACGAAGCCATCGTATTCG_003,61
GAACGAAGCCATCGTATTCG_004,51
GAACGAAGCCATCGTATTCG_005,193
GAACGAAGCCATCGTATTCG_006,34
GAACGAAGCCATCGTATTCG_007,42
GAACGAAGCCATCGTATTCG_008,31
GGAAGCCATTAAGAAAACCA_001,26
GGAAGCCATTAAGAAAACCA_002,18
GGAAGCCATTAAGAAAACCA_003,148
GGAAGCCATTAAGAAAACCA_004,107
GGAAGCCATTAAGAAAACCA_005,3
GGAAGCCATTAAGAAAACCA_006,98
GGAAGCCATTAAGAAAACCA_007,156
GGAAGCCATTAAGAAAACCA_008,178
GGAAGCCATTAAGAAAACCA_009,192
GGAAGCCATTAAGAAAACCA_010,160
TCAACCGTATAGTTCAACAA_001,190
GACAATGACAGAGTTAACGG_001,184
GACAATGACAGAGTTAACGG_002,172
GACAATGACAGAGTTAACGG_003,41
GACAATGACAGAGTTAACGG_004,91
GACAATGACAGAGTTAACGG_005,2
GACAATGACAGAGTTAACGG_006,41
GACAATGACAGAGTTAACGG_007,90
GACAATGACAGAGTTAACGG_008,180
CGTACTCATGCCAACCCTCG_001,88
CGTACTCATGCCAACCCTCG_002,80
CGTACTCATGCCAACCCTCG_003,144
CGTACTCATGCCAACCCTCG_004,95
GAGTCGTTTCTCCAGCCCCG_001,37
GAGTCGTTTCTCCAGCCCCG_002,1
GAGTCGTTTCTCCAGCCCCG_003,102
GAGTCGTTTCTCCAGCCCCG_004,38
GAGTCGTTTCTCCAGCCCCG_005,147
GAGTCGTTTCTCCAGCCCCG_006,146
TTGACCACGATGTCAAAGGA_001,106
TTGACCACGATGTCAAAGGA_002,101
TTGACCACGATGTCAAAGGA_003,129
TTGACCACGATGTCAAAGGA_004,84
TTGACCACGATGTCAAAGGA_005,103
TTGACCACGATGTCAAAGGA_006,47
TTGACCACGATGTCAAAGGA_007,177
TTGACCACGATGTCAAAGGA_008,57
TTGACCACGATGTCAAAGGA_009,134
CTTTCCAGTAGCTTAGTTAG_001,118
CTTTCCAGTAGCTTAGTTAG_002,150
CTTTCCAGTAGCTTAGTTAG_003,172
CTTTCCAGTAGCTTAGTTAG_004,52
CTTTCCAGTAGCTTAGTTAG_005,82
CTTTCCAGTAGCTTAGTTAG_006,102
TAAGTCAATTACAGGAAACA_001,118
TAAGTCAATTACAGGAAACA_002,165
ACCCAGTCGTATATATGGAC_001,157
ATGTACAGGCAGAAAACGAG_001,78
ATGTACAGGCAGAAAACGAG_002,106
ATGTACAGGCAGAAAACGAG_003,162
ATGTACAGGCAGAAAACGAG_004,60
ATGTACAGGCAGAAAACGAG_005,184
ATGTACAGGCAGAAAACGAG_006,141
ATGTACAGGCAGAAAACGAG_007,22
ATGTACAGGCAGAAAACGAG_008,182
ATGTACAGGCAGAAAACGAG_009,149
ATGTACAGGCAGAAAACGAG_010,145
ATGTACAGGCAGAAAACGAG_011,184
ATGTACAGGCAGAAAACGAG_012,50
ATGTACAGGCAGAAAACGAG_013,38
ATGTACAGGCAGAAAACGAG_014,158
ATGTACAGGCAGAAAACGAG_015,76
ATGTACAGGCAGAAAACGAG_016,166
ATGTACAGGCAGAAAACGAG_017,185
ATGTACAGGCAGAAAACGAG_018,184
ATGTACAGGCAGAAAACGAG_019,47
ATGTACAGGCAGAAAACGAG_020,66
ATGTACAGGCAGAAAACGAG_021,1
ATGTACAGGCAGAAAACGAG_022,165
TCGGCAACTAGGCAGTATGG_001,48
TCGGCAACTAGGCAGTATGG_002,145
TCGGCAACTAGGCAGTATGG_003,76
TCGGCAACTAGGCAGTATGG_004,1
TCGGCAACTAGGCAGTATGG_005,112
GGGAGTCGGCCCATGCCGGG_001,168
GGGAGTCGGCCCATGCCGGG_002,49
GGGAGTCGGCCCATGCCGGG_003,48
GGGAGTCGGCCCATGCCGGG_004,198
GGGAGTCGGCCCATGCCGGG_005,147
GGGAGTCGGCCCATGCCGGG_006,115
GGGAGTCGGCCCATGCCGGG_007,181
GGGAGTCGGCCCATGCCGGG_008,113
GGGAGTCGGCCCATGCCGGG_009,160
GGGAGTCGGCCCATGCCGGG_010,48
GGGAGTCGGCCCATGCCGGG_011,2
GGGAGTCGGCCCATGCCGGG_012,88
GGGAGTCGGCCCATGCCGGG_013,9
GGGAGTCGGCCCATGCCGGG_014,104
GGGAGTCGGCCCATGCCGGG_015,199
GGGAGTCGGCCCATGCCGGG_016,117
GGGAGTCGGCCCATGCCGGG_017,199
GGGAGTCGGCCCATGCCGGG_018,156
GGGAGTCGGCCCATGCCGGG_019,38
GGGAGTCGGCCCATGCCGGG_020,60
GGGAGTCGGCCCATGCCGGG_021,34
GGGAGTCGGCCCATGCCGGG_022,36
GGGAGTCGGCCCATGCCGGG_023,40
GGGAGTCGGCCCATGCCGGG_024,81
GGGAGTCGGCCCATGCCGGG_025,172
GGGAGTCGGCCCATGCCGGG_026,170
GGGAGTCGGCCCATGCCGGG_027,106
GGGAGTCGGCCCATGCCGGG_028,147
GGGAGTCGGCCCATGCCGGG_029,137
CCGGACGAATTGCTCCCGAA_001,105
CCGGACGAATTGCTCCCGAA_002,177
CCGGACGAATTGCTCCCGAA_003,96
CCGGACGAATTGCTCCCGAA_004,65
CCGGACGAATTGCTCCCGAA_005,126
GCATCTAGATACTCATCAGT_001,171
GCATCTAGATACTCATCAGT_002,126
CAGGTATAAGAAACCCATGA_001,187
CAGGTATAAGAAACCCATGA_002,150
CAGGTATAAGAAACCCATGA_003,61
CAGGTATAAGAAACCCATGA_004,70
GGAAGCCTTGAGTGATCTCA_001,175
GGAAGCCTTGAGTGATCTCA_002,58
GGAAGCCTTGAGTGATCTCA_003,168
GGAAGCCTTGAGTGATCTCA_004,102
GGAAGCCTTGAGTGATCTCA_005,19
GGAAGCCTTGAGTGATCTCA_006,77
GGAAGCCTTGAGTGATCTCA_007,5
GGAAGCCTTGAGTGATCTCA_008,19
GGAAGCCTTGAGTGATCTCA_009,188
GGAAGCCTTGAGTGATCTCA_010,17
GGAAGCCTTGAGTGATCTCA_011,127
TAGATGAACGGCGCAAAAGG_001,162
TAGATGAACGGCGCAAAAGG_002,53
TAGATGAACGGCGCAAAAGG_003,22
TAGATGAACGGCGCAAAAGG_004,49
TAGATGAACGGCGCAAAAGG_005,148
TAGATGAACGGCGCAAAAGG_006,27
ACGTATCGGGTTCCAAAGTG_001,3
ACGTATCGGGTTCCAAAGTG_002,86
ACGTATCGGGTTCCAAAGTG_003,30
ACGTATCGGGTTCCAAAGTG_004,14
ACGTATCGGGTTCCAAAGTG_005,83
ACGTATCGGGTTCCAAAGTG_006,75
ACGTATCGGGTTCCAAAGTG_007,35
ACGTATCGGGTTCCAAAGTG_008,173
ACGTATCGGGTTCCAAAGTG_009,33
CTGGGTCCGAAGGATCAGCG_001,147
CTGGGTCCGAAGGATCAGCG_002,56
CTGGGTCCGAAGGATCAGCG_003,172
CTGGGTCCGAAGGATCAGCG_004,134
GCAGTGGCATAGTCACGGCG_001,64
GCAGTGGCATAGTCACGGCG_002,76
GCAGTGGCATAGTCACGGCG_003,41
GCAGTGGCATAGTCACGGCG_004,119
GCAGTGGCATAGTCACGGCG_005,30
GCAGTGGCATAGTCACGGCG_006,147
GCAGTGGCATAGTCACGGCG_007,133
GCAGTGGCATAGTCACGGCG_008,38
GCAGTGGCATAGTCACGGCG_009,154
GCAGTGGCATAGTCACGGCG_010,106
GCAGTGGCATAGTCACGGCG_011,165
AATCATCATTCCCGAAACTG_001,159
AATCATCATTCCCGAAACTG_002,47
AATCATCATTCCCGAAACTG_003,101
AATCATCATTCCCGAAACTG_004,157
AATCATCATTCCCGAAACTG_005,83
AATCATCATTCCCGAAACTG_006,34
AATCATCATTCCCGAAACTG_007,68
AATCATCATTCCCGAAACTG_008,101
AATCATCATTCCCGAAACTG_009,5
AATCATCATTCCCGAAACTG_010,6
AATCATCATTCCCGAAACTG_011,91
AATCATCATTCCCGAAACTG_012,168
AATCATCATTCCCGAAACTG_013,185
AATCATCATTCCCGAAACTG_014,107
AATCATCATTCCCGAAACTG_015,1
ATCCTGAGCACCAACCACAC_001,29
ATCCTGAGCACCAACCACAC_002,107
ATCCTGAGCACCAACCACAC_003,82
ATCCTGAGCACCAACCACAC_004,154
ATCCTGAGCACCAACCACAC_005,65
ATCCTGAGCACCAACCACAC_006,48
ATCCTGAGCACCAACCACAC_007,174
ATCCTGAGCACCAACCACAC_008,50
ATCCTGAGCACCAACCACAC_009,63
ATCCTGAGCACCAACCACAC_010,40
ATCCTGAGCACCAACCACAC_011,47
ATCCTGAGCACCAACCACAC_012,178
ATCCTGAGCACCAACCACAC_013,86
ATCCTGAGCACCAACCACAC_014,124
ATCCTGAGCACCAACCACAC_015,168
ATCCTGAGCACCAACCACAC_016,121
ATCCTGAGCACCAACCACAC_017,55
ATCCTGAGCACCAACCACAC_018,42
CAGGAAGCCCGACACGTAGG_001,191
CAGGAAGCCCGACACGTAGG_002,58
CAGGAAGCCCGACACGTAGG_003,80
CAGGAAGCCCGACACGTAGG_004,12
CAGGAAGCCCGACACGTAGG_005,60
CAGGAAGCCCGACACGTAGG_006,127
CAGGAAGCCCGACACGTAGG_007,41
CAGGAAGCCCGACACGTAGG_008,75
CAGGAAGCCCGACACGTAGG_009,22
CAGGAAGCCCGACACGTAGG_010,184
CAGGAAGCCCGACACGTAGG_011,161
CAGGAAGCCCGACACGTAGG_012,23
CAGGAAGCCCGACACGTAGG_013,34
CAGGAAGCCCGACACGTAGG_014,184
CAGGAAGCCCGACACGTAGG_015,184
CAGGAAGCCCGACACGTAGG_016,136
CAGGAAGCCCGACACGTAGG_017,144
CAGGAAGCCCGACACGTAGG_018,71
CGCTAAGGAGAGTCCTCGTG_001,136
CGCTAAGGAGAGTCCTCGTG_002,2
CGCTAAGGAGAGTCCTCGTG_003,142
CGCTAAGGAGAGTCCTCGTG_004,0
AACAAACAAGAGGACTGTGT_001,0
AACAAACAAGAGGACTGTGT_002,11
AACAAACAAGAGGACTGTGT_003,2
AACAAACAAGAGGACTGTGT_004,12
GAAGATCATACCCATCGCGA_001,10
GAAGATCATACCCATCGCGA_002,166
GAAGATCATACCCATCGCGA_003,16
GAAGATCATACCCATCGCGA_004,84
GAAGATCATACCCATCGCGA_005,39
GAAGATCATACCCATCGCGA_006,40
GAAGATCATACCCATCGCGA_007,40
GAAGATCATACCCATCGCGA_008,152
GAAGATCATACCCATCGCGA_009,153
GGTGAAGAGATAAAGAAGTG_001,149
GGTGAAGAGATAAAGAAGTG_002,91
GGTGAAGAGATAAAGAAGTG_003,114
GGTGAAGAGATAAAGAAGTG_004,114
TCGACTTCGTTCGACCCATG_001,79
TCGACTTCGTTCGACCCATG_002,121
TCGACTTCGTTCGACCCATG_003,81
TCGACTTCGTTCGACCCATG_004,162
TCGACTTCGTTCGACCCATG_005,140
TCGACTTCGTTCGACCCATG_006,9
TCGACTTCGTTCGACCCATG_007,103
TCGACTTCGTTCGACCCATG_008,45
TCGACTTCGTTCGACCCATG_009,178
TCGACTTCGTTCGACCCATG_010,90
TCGACTTCGTTCGACCCATG_011,120
TCGACTTCGTTCGACCCATG_012,138
TTCGAATGTTAACGGGCAGG_001,156
TTCGAATGTTAACGGGCAGG_002,187
TTCGAATGTTAACGGGCAGG_003,33
TTCGAATGTTAACGGGCAGG_004,79
TTCGAATGTTAACGGGCAGG_005,187
AGGAATGTTATCGAAGGACA_001,154
AGGAATGTTATCGAAGGACA_002,154
AGGAATGTTATCGAAGGACA_003,190
AGGAATGTTATCGAAGGACA_004,78
AGGAATGTTATCGAAGGACA_005,70
AGGAATGTTATCGAAGGACA_006,48
AGGAATGTTATCGAAGGACA_007,148
AGGAATGTTATCGAAGGACA_008,35
AGGAATGTTATCGAAGGACA_009,94
AGGAATGTTATCGAAGGACA_010,137
GACACACCTACCTGTCGTGG_001,117
GACACACCTACCTGTCGTGG_002,58
AACTCTCAAAGTTACGACGA_001,15
AACTCTCAAAGTTACGACGA_002,150
AACTCTCAAAGTTACGACGA_003,64
AACTCTCAAAGTTACGACGA_004,42
AACTCTCAAAGTTACGACGA_005,0
AACTCTCAAAGTTACGACGA_006,135
AACTCTCAAAGTTACGACGA_007,15
AACTCTCAAAGTTACGACGA_008,68
AACTCTCAAAGTTACGACGA_009,34
AACTCTCAAAGTTACGACGA_010,83
AACTCTCAAAGTTACGACGA_011,92
AACTCTCAAAGTTACGACGA_012,61
AACTCTCAAAGTTACGACGA_013,117
AACTCTCAAAGTTACGACGA_014,69
AACTCTCAAAGTTACGACGA_015,143
AACTCTCAAAGTTACGACGA_016,152
AACTCTCAAAGTTACGACGA_017,137
AACTCTCAAAGTTACGACGA_018,43
AACTCTCAAAGTTACGACGA_019,168
AACTCTCAAAGTTACGACGA_020,88
AACTCTCAAAGTTACGACGA_021,1
AACTCTCAAAGTTACGACGA_022,94
AACTCTCAAAGTTACGACGA_023,56
AACTCTCAAAGTTACGACGA_024,188
AACTCTCAAAGTTACGACGA_025,34
AACTCTCAAAGTTACGACGA_026,138
GCACCAGTATTTCTCGTACG_001,44
GCACCAGTATTTCTCGTACG_002,170
TCATTAGGCCCAGAACACGG_001,19
TCATTAGGCCCAGAACACGG_002,130
TCATTAGGCCCAGAACACGG_003,151
TCATTAGGCCCAGAACACGG_004,94
TCATTAGGCCCAGAACACGG_005,114
TCATTAGGCCCAGAACACGG_006,24
TCATTAGGCCCAGAACACGG_007,29
TCATTAGGCCCAGAACACGG_008,185
TCATTAGGCCCAGAACACGG_009,60
TCATTAGGCCCAGAACACGG_010,32
TCATTAGGCCCAGAACACGG_011,61
TCATTAGGCCCAGAACACGG_012,15
TCATTAGGCCCAGAACACGG_013,91
TCATTAGGCCCAGAACACGG_014,8
TCATTAGGCCCAGAACACGG_015,132
TCATTAGGCCCAGAACACGG_016,72
TCATTAGGCCCAGAACACGG_017,163
TCATTAGGCCCAGAACACGG_018,85
TCATTAGGCCCAGAACACGG_019,10
TCATTAGGCCCAGAACACGG_020,93
TCATTAGGCCCAGAACACGG_021,1
CCACCTGTGAGACACACTGG_001,85
CCACCTGTGAGACACACTGG_002,40
CCACCTGTGAGACACACTGG_003,38
CCACCTGTGAGACACACTGG_004,160
CCACCTGTGAGACACACTGG_005,144
CCACCTGTGAGACACACTGG_006,115
CCACCTGTGAGACACACTGG_007,93
CCACCTGTGAGACACACTGG_008,28
CCACCTGTGAGACACACTGG_009,191
CCACCTGTGAGACACACTGG_010,174
CCACCTGTGAGACACACTGG_011,19
CCACCTGTGAGACACACTGG_012,43
CCACCTGTGAGACACACTGG_013,117
CCACCTGTGAGACACACTGG_014,61
CCACCTGTGAGACACACTGG_015,15
CCACCTGTGAGACACACTGG_016,27
CCACCTGTGAGACACACTGG_017,50
CCACCTGTGAGACACACTGG_018,48
CCACCTGTGAGACACACTGG_019,84
CTTATACAGTAACCAATTTG_001,160
CTTATACAGTAACCAATTTG_002,9
CTTATACAGTAACCAATTTG_003,198
CTTATACAGTAACCAATTTG_004,67
GCGTTGTCAGATACATTACA_001,166
GCGTTGTCAGATACATTACA_002,83
GCGTTGTCAGATACATTACA_003,145
GCGTTGTCAGATACATTACA_004,112
GCGTTGTCAGATACATTACA_005,64
GCGTTGTCAGATACATTACA_006,52
TGCTTGTGCCAAGACCCAAA_001,122
TGCTTGTGCCAAGACCCAAA_002,94
TGCTTGTGCCAAGACCCAAA_003,94
TGCTTGTGCCAAGACCCAAA_004,76
TGCTTGTGCCAAGACCCAAA_005,160
TGCTTGTGCCAAGACCCAAA_006,7
TGCTTGTGCCAAGACCCAAA_007,197
TGCTTGTGCCAAGACCCAAA_008,172
TGCTTGTGCCAAGACCCAAA_009,160
TGCTTGTGCCAAGACCCAAA_010,29
TGCTTGTGCCAAGACCCAAA_011,138
TGCTTGTGCCAAGACCCAAA_012,79
TGCTTGTGCCAAGACCCAAA_013,72
CTCCTCCACATGCGCCACCC_001,104
TCAAGCAGAAAATACTAACA_001,60
TCAAGCAGAAAATACTAACA_002,83
TCAAGCAGAAAATACTAACA_003,30
TGCAGATGGAAGCTTACGAG_001,194
TGCAGATGGAAGCTTACGAG_002,43
TGCAGATGGAAGCTTACGAG_003,182
TGCAGATGGAAGCTTACGAG_004,191
GAGGATGAAGTATCCCCACC_001,168
GAGGATGAAGTATCCCCACC_002,129
GAGGATGAAGTATCCCCACC_003,2
GAGGATGAAGTATCCCCACC_004,79
GAGGATGAAGTATCCCCACC_005,66
GAGGATGAAGTATCCCCACC_006,170
GAGGATGAAGTATCCCCACC_007,128
GAGGATGAAGTATCCCCACC_008,179
TCTGGAGGGAAAGATAAGGT_001,32
TCTGGAGGGAAAGATAAGGT_002,92
TCTGGAGGGAAAGATAAGGT_003,181
TCTGGAGGGAAAGATAAGGT_004,94
TCTGGAGGGAAAGATAAGGT_005,67
AGTGAAGTGATAGTTGACGC_001,34
AGTGAAGTGATAGTTGACGC_002,28
AGTGAAGTGATAGTTGACGC_003,58
AGTGAAGTGATAGTTGACGC_004,186
AACTTTACTCACCTCTGCCA_001,0
AACTTTACTCACCTCTGCCA_002,130
AACTTTACTCACCTCTGCCA_003,147
AACTTTACTCACCTCTGCCA_004,2
AACTTTACTCACCTCTGCCA_005,27
AACTTTACTCACCTCTGCCA_006,172
AACTTTACTCACCTCTGCCA_007,9
AACTTTACTCACCTCTGCCA_008,1
AACTTTACTCACCTCTGCCA_009,43
AACTTTACTCACCTCTGCCA_010,166
AACTTTACTCACCTCTGCCA_011,38
AACTTTACTCACCTCTGCCA_012,2
AACTTTACTCACCTCTGCCA_013,175
AACTTTACTCACCTCTGCCA_014,197
AACTTTACTCACCTCTGCCA_015,61
AACTTTACTCACCTCTGCCA_016,18
AACTTTACTCACCTCTGCCA_017,120
AACTTTACTCACCTCTGCCA_018,77
AACTTTACTCACCTCTGCCA_019,42
AACTTTACTCACCTCTGCCA_020,75
AACTTTACTCACCTCTGCCA_021,15
AACTTTACTCACCTCTGCCA_022,137
AACTTTACTCACCTCTGCCA_023,148
AACTTTACTCACCTCTGCCA_024,43
AACTTTACTCACCTCTGCCA_025,45
TGGATCTGAAGCCAGACGTA_001,26
TGGATCTGAAGCCAGACGTA_002,48
TGGATCTGAAGCCAGACGTA_003,96
TGGATCTGAAGCCAGACGTA_004,16
TGGATCTGAAGCCAGACGTA_005,70
GGCGGGCGGTCCCACCCAGG_001,197
GGCGGGCGGTCCCACCCAGG_002,28
GGCGGGCGGTCCCACCCAGG_003,48
GGCGGGCGGTCCCACCCAGG_004,78
GGCGGGCGGTCCCACCCAGG_005,191
GGCGGGCGGTCCCACCCAGG_006,179
GGCGGGCGGTCCCACCCAGG_007,73
GGCGGGCGGTCCCACCCAGG_008,112
GGCGGGCGGTCCCACCCAGG_009,112
GGCGGGCGGTCCCACCCAGG_010,151
GGCGGGCGGTCCCACCCAGG_011,77
GGCGGGCGGTCCCACCCAGG_012,142
GGCGGGCGGTCCCACCCAGG_013,40
GGCGGGCGGTCCCACCCAGG_014,178
GCGATGTGGACAATGATGGT_001,2
GCGATGTGGACAATGATGGT_002,195
GCGATGTGGACAATGATGGT_003,24
GCGATGTGGACAATGATGGT_004,1
GCGATGTGGACAATGATGGT_005,96
GCGATGTGGACAATGATGGT_006,58
GCGATGTGGACAATGATGGT_007,129
GCGATGTGGACAATGATGGT_008,162
GCGATGTGGACAATGATGGT_009,165
GCGATGTGGACAATGATGGT_010,197
GCGATGTGGACAATGATGGT_011,13
GCGATGTGGACAATGATGGT_012,102
GCGATGTGGACAATGATGGT_013,25
GCGATGTGGACAATGATGGT_014,56
GCGATGTGGACAATGATGGT_015,180
GCGATGTGGACAATGATGGT_016,57
GCGATGTGGACAATGATGGT_017,138
GCAGGCGAACCAAGACACAC_001,4
GCAGGCGAACCAAGACACAC_002,191
GCAGGCGAACCAAGACACAC_003,81
GCAGGCGAACCAAGACACAC_004,116
GCAGGCGAACCAAGACACAC_005,9
GCAGGCGAACCAAGACACAC_006,152
GCAGGCGAACCAAGACACAC_007,118
GCAGGCGAACCAAGACACAC_008,181
CTGGAAGCAATGAATAGCAT_001,42
CTGGAAGCAATGAATAGCAT_002,150
CTGGAAGCAATGAATAGCAT_003,184
CTGGAAGCAATGAATAGCAT_004,162
CTGGAAGCAATGAATAGCAT_005,143
CTGGAAGCAATGAATAGCAT_006,121
CTGGAAGCAATGAATAGCAT_007,96
CTGGAAGCAATGAATAGCAT_008,56
CAGAGAACAAGCTCCATGGA_001,113
CAGAGAACAAGCTCCATGGA_002,147
CAGAGAACAAGCTCCATGGA_003,15
CAGAGAACAAGCTCCATGGA_004,88
CAGAGAACAAGCTCCATGGA_005,78
CAGAGAACAAGCTCCATGGA_006,162
CAGAGAACAAGCTCCATGGA_007,48
CAGAGAACAAGCTCCATGGA_008,134
CAGAGAACAAGCTCCATGGA_009,151
CAGAGAACAAGCTCCATGGA_010,151
CAGAGAACAAGCTCCATGGA_011,65
CAGAGAACAAGCTCCATGGA_012,117
TTTGATCCCTGTATCCAGAG_001,70
TTTGATCCCTGTATCCAGAG_002,187
TTTGATCCCTGTATCCAGAG_003,98
TTTGATCCCTGTATCCAGAG_004,94
TTTGATCCCTGTATCCAGAG_005,82
ACGGCCTCGTAGACGGTCGG_001,179
ACGGCCTCGTAGACGGTCGG_002,158
ACGGCCTCGTAGACGGTCGG_003,19
ACGGCCTCGTAGACGGTCGG_004,31
CTTTCTTTCTCAGTGTGTAC_001,172
CTTTCTTTCTCAGTGTGTAC_002,116
CTTTCTTTCTCAGTGTGTAC_003,63
GGGGGCCGTGAACCGACCCG_001,118
GGGGGCCGTGAACCGACCCG_002,62
GGGGGCCGTGAACCGACCCG_003,11
GGGGGCCGTGAACCGACCCG_004,121
GGGGGCCGTGAACCGACCCG_005,130
GGGGGCCGTGAACCGACCCG_006,8
GGGGGCCGTGAACCGACCCG_007,162
GGGGGCCGTGAACCGACCCG_008,156
GGGGGCCGTGAACCGACCCG_009,121
GGGGGCCGTGAACCGACCCG_010,51
GGGGGCCGTGAACCGACCCG_011,54
GGGGGCCGTGAACCGACCCG_012,112
GGGGGCCGTGAACCGACCCG_013,36
GGGGGCCGTGAACCGACCCG_014,123
GGTTTCCCTTACAGGTGTGG_001,51
GGTTTCCCTTACAGGTGTGG_002,26
GGTTTCCCTTACAGGTGTGG_003,158
GGTTTCCCTTACAGGTGTGG_004,48
GGTTTCCCTTACAGGTGTGG_005,156
GGTTTCCCTTACAGGTGTGG_006,74
GGTTTCCCTTACAGGTGTGG_007,104
GGTTTCCCTTACAGGTGTGG_008,85
GGTTTCCCTTACAGGTGTGG_009,30
GGTTTCCCTTACAGGTGTGG_010,138
GGTTTCCCTTACAGGTGTGG_011,172
GGTTTCCCTTACAGGTGTGG_012,90
GGTTTCCCTTACAGGTGTGG_013,110
TGTACGGGTGGTCTGTACCA_001,37
TGTACGGGTGGTCTGTACCA_002,21
TGTACGGGTGGTCTGTACCA_003,146
TGTACGGGTGGTCTGTACCA_004,51
TGTACGGGTGGTCTGTACCA_005,50
TGTACGGGTGGTCTGTACCA_006,181
TGTACGGGTGGTCTGTACCA_007,37
TGTACGGGTGGTCTGTACCA_008,2
TGTACGGGTGGTCTGTACCA_009,70
TGTACGGGTGGTCTGTACCA_010,185
TGTACGGGTGGTCTGTACCA_011,49
TGTACGGGTGGTCTGTACCA_012,30
TGTACGGGTGGTCTGTACCA_013,115
TGTACGGGTGGTCTGTACCA_014,13
TGTACGGGTGGTCTGTACCA_015,155
TGTACGGGTGGTCTGTACCA_016,140
TGTACGGGTGGTCTGTACCA_017,122
TGTACGGGTGGTCTGTACCA_018,124
TGTACGGGTGGTCTGTACCA_019,166
TGTACGGGTGGTCTGTACCA_020,158
TGTACGGGTGGTCTGTACCA_021,146
TGTACGGGTGGTCTGTACCA_022,138
GGAGTCTTGGTGTGAAATTG_001,192
GGAGTCTTGGTGTGAAATTG_002,140
GGAGTCTTGGTGTGAAATTG_003,171
GGAGTCTTGGTGTGAAATTG_004,155
GGAGTCTTGGTGTGAAATTG_005,177
GGAGTCTTGGTGTGAAATTG_006,69
GGAGTCTTGGTGTGAAATTG_007,56
GGAGTCTTGGTGTGAAATTG_008,9
GGAGTCTTGGTGTGAAATTG_009,52
AAGCGAGGAAACATCTACCC_001,139
AAGCGAGGAAACATCTACCC_002,131
AAGCGAGGAAACATCTACCC_003,108
AAGCGAGGAAACATCTACCC_004,119
AACCAGATGAAATTGAAGGT_001,191
AACCAGATGAAATTGAAGGT_002,42
AACCAGATGAAATTGAAGGT_003,15
AACCAGATGAAATTGAAGGT_004,65
AACCAGATGAAATTGAAGGT_005,105
AACCAGATGAAATTGAAGGT_006,162
AACCAGATGAAATTGAAGGT_007,187
AACCAGATGAAATTGAAGGT_008,108
AACCAGATGAAATTGAAGGT_009,157
AACCAGATGAAATTGAAGGT_010,140
AACCAGATGAAATTGAAGGT_011,60
AACCAGATGAAATTGAAGGT_012,34
AACCAGATGAAATTGAAGGT_013,34
AACCAGATGAAATTGAAGGT_014,48
AACCAGATGAAATTGAAGGT_015,156
AACCAGATGAAATTGAAGGT_016,161
AACCAGATGAAATTGAAGGT_017,6
AACCAGATGAAATTGAAGGT_018,36
AACCAGATGAAATTGAAGGT_019,125
AACCAGATGAAATTGAAGGT_020,13
AACCAGATGAAATTGAAGGT_021,42
CACCGACGGAAGACGCAGTG_001,119
CACCGACGGAAGACGCAGTG_002,150
CACCGACGGAAGACGCAGTG_003,4
CACCGACGGAAGACGCAGTG_004,19
CACCGACGGAAGACGCAGTG_005,150
CACCGACGGAAGACGCAGTG_006,29
CACCGACGGAAGACGCAGTG_007,65
CACCGACGGAAGACGCAGTG_008,19
CACCGACGGAAGACGCAGTG_009,152
CACCGACGGAAGACGCAGTG_010,78
CACCGACGGAAGACGCAGTG_011,140
CACCGACGGAAGACGCAGTG_012,68
CACCGACGGAAGACGCAGTG_013,93
CACCGACGGAAGACGCAGTG_014,140
CACCGACGGAAGACGCAGTG_015,43
CACCGACGGAAGACGCAGTG_016,151
CACCGACGGAAGACGCAGTG_017,57
CACCGACGGAAGACGCAGTG_018,116
CACCGACGGAAGACGCAGTG_019,113
CACCGACGGAAGACGCAGTG_020,60
CACCGACGGAAGACGCAGTG_021,117
CACCGACGGAAGACGCAGTG_022,12
CACCGACGGAAGACGCAGTG_023,11
CACCGACGGAAGACGCAGTG_024,142
CACCGACGGAAGACGCAGTG_025,68
CACCGACGGAAGACGCAGTG_026,83
CACCGACGGAAGACGCAGTG_027,26
CACCGACGGAAGACGCAGTG_028,82
CACCGACGGAAGACGCAGTG_029,49
CACCGACGGAAGACGCAGTG_030,185
CACCGACGGAAGACGCAGTG_031,176
CACCGACGGAAGACGCAGTG_032,62
CACCGACGGAAGACGCAGTG_033,121
CACCGACGGAAGACGCAGTG_034,94
CACCGACGGAAGACGCAGTG_035,8
CACCGACGGAAGACGCAGTG_036,12
CACCGACGGAAGACGCAGTG_037,178
CACCGACGGAAGACGCAGTG_038,122
CACCGACGGAAGACGCAGTG_039,81
CACCGACGGAAGACGCAGTG_040,34
CACCGACGGAAGACGCAGTG_041,3
CACCGACGGAAGACGCAGTG_042,148
CACCGACGGAAGACGCAGTG_043,78
CACCGACGGAAGACGCAGTG_044,63
CACCGACGGAAGACGCAGTG_045,166
CACCGACGGAAGACGCAGTG_046,46
CACCGACGGAAGACGCAGTG_047,121
CACCGACGGAAGACGCAGTG_048,17
CACCGACGGAAGACGCAGTG_049,81
CACCGACGGAAGACGCAGTG_050,82
CCTGCCAGACCGCGACCGCG_001,128
CCTGCCAGACCGCGACCGCG_002,77
CCTGCCAGACCGCGACCGCG_003,55
CCTGCCAGACCGCGACCGCG_004,115
CCTGCCAGACCGCGACCGCG_005,112
CCTGCCAGACCGCGACCGCG_006,23
CCTGCCAGACCGCGACCGCG_007,97
CCTGCCAGACCGCGACCGCG_008,80
CCTGCCAGACCGCGACCGCG_009,125
CCTGCCAGACCGCGACCGCG_010,99
CCTGCCAGACCGCGACCGCG_011,85
CCTGCCAGACCGCGACCGCG_012,149
CCTGCCAGACCGCGACCGCG_013,82
CCTGCCAGACCGCGACCGCG_014,190
CCTGCCAGACCGCGACCGCG_015,176
CCTGCCAGACCGCGACCGCG_016,170
CCTGCCAGACCGCGACCGCG_017,25
CCTGCCAGACCGCGACCGCG_018,6
CCTGCCAGACCGCGACCGCG_019,34
CCTGCCAGACCGCGACCGCG_020,102
CCTGCCAGACCGCGACCGCG_021,187
CCTGCCAGACCGCGACCGCG_022,144
CCTGCCAGACCGCGACCGCG_023,156
CCTGCCAGACCGCGACCGCG_024,126
CCTGCCAGACCGCGACCGCG_025,125
CCTGCCAGACCGCGACCGCG_026,49
CCTGCCAGACCGCGACCGCG_027,138
CCTGCCAGACCGCGACCGCG_028,52
CCTGCCAGACCGCGACCGCG_029,49
CCTGCCAGACCGCGACCGCG_030,83
TGGAGACTGATCTTTATAAG_001,17
TGGAGACTGATCTTTATAAG_002,149
TCCCTGGCGAAGTTGTGAAG_001,97
TCCCTGGCGAAGTTGTGAAG_002,181
TCCCTGGCGAAGTTGTGAAG_003,181
TCCCTGGCGAAGTTGTGAAG_004,12
TCCCTGGCGAAGTTGTGAAG_005,9
TCCCTGGCGAAGTTGTGAAG_006,127
TCCCTGGCGAAGTTGTGAAG_007,128
TCCCTGGCGAAGTTGTGAAG_008,1
TCCCTGGCGAAGTTGTGAAG_009,115
TCCCTGGCGAAGTTGTGAAG_010,175
ACTGCTGCTGACATCTCTTA_001,8
ACTGCTGCTGACATCTCTTA_002,146
ACTGCTGCTGACATCTCTTA_003,77
ACTGCTGCTGACATCTCTTA_004,59
ACTGCTGCTGACATCTCTTA_005,98
ACTGCTGCTGACATCTCTTA_006,96
AGAGGAAGTGAAATCCAGGT_001,77
AGAGGAAGTGAAATCCAGGT_002,75
AGAGGAAGTGAAATCCAGGT_003,94
AGGCTGCAGAACATAAGACA_001,28
AGGCTGCAGAACATAAGACA_002,12
AGGCTGCAGAACATAAGACA_003,27
AGGCTGCAGAACATAAGACA_004,192
AGGCTGCAGAACATAAGACA_005,21
AGGCTGCAGAACATAAGACA_006,179
AGGCTGCAGAACATAAGACA_007,144
AGGCTGCAGAACATAAGACA_008,133
AGGCTGCAGAACATAAGACA_009,60
AGGCTGCAGAACATAAGACA_010,160
AGGCTGCAGAACATAAGACA_011,34
AGGCTGCAGAACATAAGACA_012,1
AGGCTGCAGAACATAAGACA_013,35
AGGCTGCAGAACATAAGACA_014,27
AGGCTGCAGAACATAAGACA_015,140
AGGCTGCAGAACATAAGACA_016,82
AGGCTGCAGAACATAAGACA_017,22
AGGCTGCAGAACATAAGACA_018,65
CAAGCTTGAATAAAGGCTGG_001,20
CAAGCTTGAATAAAGGCTGG_002,170
CAAGCTTGAATAAAGGCTGG_003,96
CAAGCTTGAATAAAGGCTGG_004,62
CAAGCTTGAATAAAGGCTGG_005,105
CAAGCTTGAATAAAGGCTGG_006,83
CAAGCTTGAATAAAGGCTGG_007,4
CAAGCTTGAATAAAGGCTGG_008,197
CAAGCTTGAATAAAGGCTGG_009,10
CAAGCTTGAATAAAGGCTGG_010,0
CAAGCTTGAATAAAGGCTGG_011,176
CAAGCTTGAATAAAGGCTGG_012,99
CAAGCTTGAATAAAGGCTGG_013,169
CAAGCTTGAATAAAGGCTGG_014,144
CAAGCTTGAATAAAGGCTGG_015,40
CAAGCTTGAATAAAGGCTGG_016,127
CAAGCTTGAATAAAGGCTGG_017,77
CAAGCTTGAATAAAGGCTGG_018,102
CAAGCTTGAATAAAGGCTGG_019,43
CAAGCTTGAATAAAGGCTGG_020,8
CAAGCTTGAATAAAGGCTGG_021,156
CCCTTGAAAACAGAGCAGGG_001,149
CCCTTGAAAACAGAGCAGGG_002,95
CCCTTGAAAACAGAGCAGGG_003,11
CCCTTGAAAACAGAGCAGGG_004,74
CCCTTGAAAACAGAGCAGGG_005,40
CCCTTGAAAACAGAGCAGGG_006,118
CCCTTGAAAACAGAGCAGGG_007,37
GGATCAAGGAGCAAGTAGTG_001,144
GGATCAAGGAGCAAGTAGTG_002,73
GGATCAAGGAGCAAGTAGTG_003,132
GGATCAAGGAGCAAGTAGTG_004,1
GGATCAAGGAGCAAGTAGTG_005,169
GGATCAAGGAGCAAGTAGTG_006,138
GGATCAAGGAGCAAGTAGTG_007,56
GGATCAAGGAGCAAGTAGTG_008,134
GGATCAAGGAGCAAGTAGTG_009,4
CAGCACAGCAAACACCACGA_001,102
CAGCACAGCAAACACCACGA_002,82
CAGCACAGCAAACACCACGA_003,191
CAGCACAGCAAACACCACGA_004,22
CAGCACAGCAAACACCACGA_005,181
CAGCACAGCAAACACCACGA_006,107
CAGCACAGCAAACACCACGA_007,119
CAGCACAGCAAACACCACGA_008,170
CAGCACAGCAAACACCACGA_009,98
CAGCACAGCAAACACCACGA_010,180
CAGCACAGCAAACACCACGA_011,105
CAGCACAGCAAACACCACGA_012,158
CAGCACAGCAAACACCACGA_013,77
CAGCACAGCAAACACCACGA_014,96
CAGCACAGCAAACACCACGA_015,88
CAGCACAGCAAACACCACGA_016,22
CAGCACAGCAAACACCACGA_017,114
CAGCACAGCAAACACCACGA_018,100
CAGCACAGCAAACACCACGA_019,68
CAGCACAGCAAACACCACGA_020,17
CAGCACAGCAAACACCACGA_021,88
CAGCACAGCAAACACCACGA_022,136
CAGCACAGCAAACACCACGA_023,152
CAGCACAGCAAACACCACGA_024,40
CAGCACAGCAAACACCACGA_025,14
CAGCACAGCAAACACCACGA_026,20
CAGCACAGCAAACACCACGA_027,75
CAGCACAGCAAACACCACGA_028,183
CAGCACAGCAAACACCACGA_029,117
CAGCACAGCAAACACCACGA_030,169
CAGCACAGCAAACACCACGA_031,19
CAGCACAGCAAACACCACGA_032,41
CAGCACAGCAAACACCACGA_033,188
CAGCACAGCAAACACCACGA_034,28
CAGCACAGCAAACACCACGA_035,156
CAGCACAGCAAACACCACGA_036,94
TGCACCGAACCATCATGACC_001,12
TGCACCGAACCATCATGACC_002,98
TGCACCGAACCATCATGACC_003,14
TGCACCGAACCATCATGACC_004,150
TGCACCGAACCATCATGACC_005,147
TGCACCGAACCATCATGACC_006,173
TGCACCGAACCATCATGACC_007,173
TGCACCGAACCATCATGACC_008,6
CATTTCAAGATACTTCAAGC_001,194
CATTATGGAACAGACCCTGT_001,106
CATTATGGAACAGACCCTGT_002,194
CATTATGGAACAGACCCTGT_003,9
CCGGATCCCAAGGCGACCCG_001,136
CCGGATCCCAAGGCGACCCG_002,55
CCGGATCCCAAGGCGACCCG_003,1
CCGGATCCCAAGGCGACCCG_004,56
CCGGATCCCAAGGCGACCCG_005,137
CCGGATCCCAAGGCGACCCG_006,94
CCGGATCCCAAGGCGACCCG_007,193
CCGGATCCCAAGGCGACCCG_008,15
CCGGATCCCAAGGCGACCCG_009,48
GAGCCAGGGTTAACTTCACA_001,144
GAGCCAGGGTTAACTTCACA_002,128
GAGCCAGGGTTAACTTCACA_003,181
GAGCCAGGGTTAACTTCACA_004,64
GAGCCAGGGTTAACTTCACA_005,131
GAGCCAGGGTTAACTTCACA_006,77
GAGCCAGGGTTAACTTCACA_007,191
GAGCCAGGGTTAACTTCACA_008,121
GAGCCAGGGTTAACTTCACA_009,77
GAGCCAGGGTTAACTTCACA_010,185
GAGCCAGGGTTAACTTCACA_011,146
GAGCCAGGGTTAACTTCACA_012,130
GAGCCAGGGTTAACTTCACA_013,159
GGTTCAACATCACAACCATA_001,81
GGTTCAACATCACAACCATA_002,9
GGTTCAACATCACAACCATA_003,4
GGTTCAACATCACAACCATA_004,152
GGTTCAACATCACAACCATA_005,7
GGTTCAACATCACAACCATA_006,115
GGTTCAACATCACAACCATA_007,168
AGAGCTGTTACGGATAGAAG_001,4
AGAGCTGTTACGGATAGAAG_002,197
AGAGCTGTTACGGATAGAAG_003,76
AGAGCTGTTACGGATAGAAG_004,9
AGAGCTGTTACGGATAGAAG_005,168
AGAGCTGTTACGGATAGAAG_006,19
AGAGCTGTTACGGATAGAAG_007,61
AGAGCTGTTACGGATAGAAG_008,34
AGAGCTGTTACGGATAGAAG_009,11
AGAGCTGTTACGGATAGAAG_010,50
AGAGCTGTTACGGATAGAAG_011,34
AGAGCTGTTACGGATAGAAG_012,60
CTCCAGCACGTTGAACAACG_001,88
CTCCAGCACGTTGAACAACG_002,102
CTCCAGCACGTTGAACAACG_003,159
CTCCAGCACGTTGAACAACG_004,43
CTCCAGCACGTTGAACAACG_005,78
CTCCAGCACGTTGAACAACG_006,183
CTCCAGCACGTTGAACAACG_007,199
CTCCAGCACGTTGAACAACG_008,50
CTCCAGCACGTTGAACAACG_009,174
AAAAATACTGGACGTCACGG_001,146
AAAAATACTGGACGTCACGG_002,120
AAAAATACTGGACGTCACGG_003,166
AAAAATACTGGACGTCACGG_004,106
AAAAATACTGGACGTCACGG_005,58
AAAAATACTGGACGTCACGG_006,20
AAAAATACTGGACGTCACGG_007,0
AAAAATACTGGACGTCACGG_008,71
AAAAATACTGGACGTCACGG_009,166
GAGGTCATACCTTGAGCATG_001,98
GAGGTCATACCTTGAGCATG_002,161
GAGGTCATACCTTGAGCATG_003,27
GAGGTCATACCTTGAGCATG_004,95
GAGGTCATACCTTGAGCATG_005,174
GAGGTCATACCTTGAGCATG_006,60
ACATGCTAATTCCAGTGGTG_001,198
ACATGCTAATTCCAGTGGTG_002,9
ACATGCTAATTCCAGTGGTG_003,47
ACATGCTAATTCCAGTGGTG_004,172
ACATGCTAATTCCAGTGGTG_005,81
ACATGCTAATTCCAGTGGTG_006,169
GCGTCAGGAGGCAACGCACG_001,175
GCGTCAGGAGGCAACGCACG_002,154
GCGTCAGGAGGCAACGCACG_003,60
GCGTCAGGAGGCAACGCACG_004,87
GCGTCAGGAGGCAACGCACG_005,199
GCGTCAGGAGGCAACGCACG_006,141
GCGTCAGGAGGCAACGCACG_007,118
GCGTCAGGAGGCAACGCACG_008,86
GCGTCAGGAGGCAACGCACG_009,16
GCGTCAGGAGGCAACGCACG_010,197
GCGTCAGGAGGCAACGCACG_011,105
GGCTCCGATGAGCGCCCGCG_001,194
GGCTCCGATGAGCGCCCGCG_002,14
GGCTCCGATGAGCGCCCGCG_003,3
GGCTCCGATGAGCGCCCGCG_004,10
GTCAACGTGAAGACCGTGCG_001,72
GTCAACGTGAAGACCGTGCG_002,130
GTCAACGTGAAGACCGTGCG_003,157
GTCAACGTGAAGACCGTGCG_004,62
GTCAACGTGAAGACCGTGCG_005,2
GTCAACGTGAAGACCGTGCG_006,130
GTCAACGTGAAGACCGTGCG_007,148
GCAGTTAGTACAGGCCCATG_001,29
GCAGTTAGTACAGGCCCATG_002,109
GCAGTTAGTACAGGCCCATG_003,162
GCAGTTAGTACAGGCCCATG_004,19
GCAGTTAGTACAGGCCCATG_005,93
GCAGTTAGTACAGGCCCATG_006,138
TACCAGGGCAGATCGTAGAG_001,127
TACCAGGGCAGATCGTAGAG_002,49
TACCAGGGCAGATCGTAGAG_003,168
TACCAGGGCAGATCGTAGAG_004,27
TCCTGATCTTAATACGAACC_001,130
TTCTTATGGTAGTAAAATGC_001,91
TGCGTCCCAGACCTTCACAG_001,42
TGCGTCCCAGACCTTCACAG_002,56
TGCGTCCCAGACCTTCACAG_003,14
TGCGTCCCAGACCTTCACAG_004,118
TGCGTCCCAGACCTTCACAG_005,160
TGCGTCCCAGACCTTCACAG_006,121
TGCGTCCCAGACCTTCACAG_007,144
TGCGTCCCAGACCTTCACAG_008,12
TGCGTCCCAGACCTTCACAG_009,105
TGCGTCCCAGACCTTCACAG_010,148
TGCGTCCCAGACCTTCACAG_011,16
TGCGTCCCAGACCTTCACAG_012,5
TGCGTCCCAGACCTTCACAG_013,84
TGCGTCCCAGACCTTCACAG_014,86
TGCGTCCCAGACCTTCACAG_015,121
TGCGTCCCAGACCTTCACAG_016,105
TGCGTCCCAGACCTTCACAG_017,48
TGCGTCCCAGACCTTCACAG_018,60
ACGTACCAACACCATCCGAG_001,146
ACGTACCAACACCATCCGAG_002,88
ACGTACCAACACCATCCGAG_003,162
ACGTACCAACACCATCCGAG_004,131
ACGTACCAACACCATCCGAG_005,133
ACGTACCAACACCATCCGAG_006,146
ACGTACCAACACCATCCGAG_007,23
ACGTACCAACACCATCCGAG_008,1
ACGTACCAACACCATCCGAG_009,46
ACGTACCAACACCATCCGAG_010,60
ACGTACCAACACCATCCGAG_011,141
ACGTACCAACACCATCCGAG_012,141
ACGTACCAACACCATCCGAG_013,19
ACGTACCAACACCATCCGAG_014,25
ACGTACCAACACCATCCGAG_015,158
ACGTACCAACACCATCCGAG_016,18
ACGTACCAACACCATCCGAG_017,165
ACGTACCAACACCATCCGAG_018,116
ACGTACCAACACCATCCGAG_019,178
ACGTACCAACACCATCCGAG_020,98
ACGTACCAACACCATCCGAG_021,13
ACGTACCAACACCATCCGAG_022,2
ACGTACCAACACCATCCGAG_023,98
ACGTACCAACACCATCCGAG_024,29
ACGTACCAACACCATCCGAG_025,65
ACGTACCAACACCATCCGAG_026,183
ACGTACCAACACCATCCGAG_027,76
ACGTACCAACACCATCCGAG_028,180
ACGTACCAACACCATCCGAG_029,52
AATTAATAAGCAAAGTCCAA_001,5
AATTAATAAGCAAAGTCCAA_002,84
AATTAATAAGCAAAGTCCAA_003,29
AATTAATAAGCAAAGTCCAA_004,25
AATTAATAAGCAAAGTCCAA_005,69
AATTAATAAGCAAAGTCCAA_006,77
AATTAATAAGCAAAGTCCAA_007,12
AGCCAGAGCTGATCCATCGT_001,94
AGCCAGAGCTGATCCATCGT_002,196
AGCCAGAGCTGATCCATCGT_003,7
AGCCAGAGCTGATCCATCGT_004,109
AGCCAGAGCTGATCCATCGT_005,5
AGCCAGAGCTGATCCATCGT_006,47
AGCCAGAGCTGATCCATCGT_007,33
AGCCAGAGCTGATCCATCGT_008,173
AGCCAGAGCTGATCCATCGT_009,67
AGCCAGAGCTGATCCATCGT_010,11
AGCCAGAGCTGATCCATCGT_011,84
AGCCAGAGCTGATCCATCGT_012,152
AGCCAGAGCTGATCCATCGT_013,152
AGCCAGAGCTGATCCATCGT_014,105
AGCCAGAGCTGATCCATCGT_015,151
AGCCAGAGCTGATCCATCGT_016,152
AGCCAGAGCTGATCCATCGT_017,114
GGGGTACTCACGGATAGCAG_001,111
GGGGTACTCACGGATAGCAG_002,77
GGGGTACTCACGGATAGCAG_003,86
GGGGTACTCACGGATAGCAG_004,67
GGGGTACTCACGGATAGCAG_005,4
GGGGTACTCACGGATAGCAG_006,36
GGGGTACTCACGGATAGCAG_007,38
GGGGTACTCACGGATAGCAG_008,197
GGGGTACTCACGGATAGCAG_009,162
TGGCGGTGCTGCCGTACGAG_001,96
TGGCGGTGCTGCCGTACGAG_002,22
TGGCGGTGCTGCCGTACGAG_003,92
TGGCGGTGCTGCCGTACGAG_004,16
TGGCGGTGCTGCCGTACGAG_005,59
TGGCGGTGCTGCCGTACGAG_006,151
TGGCGGTGCTGCCGTACGAG_007,121
TGGCGGTGCTGCCGTACGAG_008,107
TGGCGGTGCTGCCGTACGAG_009,77
TGGCGGTGCTGCCGTACGAG_010,10
TGGCGGTGCTGCCGTACGAG_011,20
TGGCGGTGCTGCCGTACGAG_012,137
TGGCGGTGCTGCCGTACGAG_013,52
TGGCGGTGCTGCCGTACGAG_014,91
TGGCGGTGCTGCCGTACGAG_015,169
TGGCGGTGCTGCCGTACGAG_016,28
TGGCGGTGCTGCCGTACGAG_017,6
TCTAAGGCTTCTTACCCATG_001,5
TCTAAGGCTTCTTACCCATG_002,189
TCTAAGGCTTCTTACCCATG_003,9
TCTAAGGCTTCTTACCCATG_004,147
ATGTCTTCACAAAGAAAACG_001,88
CCTGGTTTGTAGAACCAGTG_001,43
CCTGGTTTGTAGAACCAGTG_002,77
CCTGGTTTGTAGAACCAGTG_003,1
CCTGGTTTGTAGAACCAGTG_004,2
CCTGGTTTGTAGAACCAGTG_005,185
CCTGGTTTGTAGAACCAGTG_006,24
CCTGGTTTGTAGAACCAGTG_007,49
AGAACGTCCGCGCCTCTGCG_001,36
AGAACGTCCGCGCCTCTGCG_002,96
AGAACGTCCGCGCCTCTGCG_003,121
AGAACGTCCGCGCCTCTGCG_004,118
AGAACGTCCGCGCCTCTGCG_005,64
AGAACGTCCGCGCCTCTGCG_006,145
AGAACGTCCGCGCCTCTGCG_007,50
AGAACGTCCGCGCCTCTGCG_008,178
AGAACGTCCGCGCCTCTGCG_009,169
AGAACGTCCGCGCCTCTGCG_010,175
AGAACGTCCGCGCCTCTGCG_011,134
AGAACGTCCGCGCCTCTGCG_012,2
AGAACGTCCGCGCCTCTGCG_013,69
AGAACGTCCGCGCCTCTGCG_014,111
AGAACGTCCGCGCCTCTGCG_015,9
AGAACGTCCGCGCCTCTGCG_016,158
AGAACGTCCGCGCCTCTGCG_017,58
AGAACGTCCGCGCCTCTGCG_018,47
AGAACGTCCGCGCCTCTGCG_019,108
AGAACGTCCGCGCCTCTGCG_020,49
AGAACGTCCGCGCCTCTGCG_021,116
AGAACGTCCGCGCCTCTGCG_022,66
AGAACGTCCGCGCCTCTGCG_023,179
AGAACGTCCGCGCCTCTGCG_024,50
AGAACGTCCGCGCCTCTGCG_025,27
AGAACGTCCGCGCCTCTGCG_026,116
AGAACGTCCGCGCCTCTGCG_027,178
AGAACGTCCGCGCCTCTGCG_028,178
TAGGAATCTCGTGCTTTCTG_001,50
TAGGAATCTCGTGCTTTCTG_002,107
GGTGAGCCGGAACTGCACGG_001,149
GGTGAGCCGGAACTGCACGG_002,154
GGTGAGCCGGAACTGCACGG_003,161
GGTGAGCCGGAACTGCACGG_004,136
GGTGAGCCGGAACTGCACGG_005,177
GGTGAGCCGGAACTGCACGG_006,106
GGTGAGCCGGAACTGCACGG_007,48
GGTGAGCCGGAACTGCACGG_008,17
GGTGAGCCGGAACTGCACGG_009,67
GGTGAGCCGGAACTGCACGG_010,19
GGTGAGCCGGAACTGCACGG_011,172
GGTGAGCCGGAACTGCACGG_012,182
GGTGAGCCGGAACTGCACGG_013,88
GGTGAGCCGGAACTGCACGG_014,83
GGTGAGCCGGAACTGCACGG_015,98
GGTGAGCCGGAACTGCACGG_016,182
GGTGAGCCGGAACTGCACGG_017,179
GGTGAGCCGGAACTGCACGG_018,40
GGTGAGCCGGAACTGCACGG_019,30
GGTGAGCCGGAACTGCACGG_020,31
GGTGAGCCGGAACTGCACGG_021,2
GGTGAGCCGGAACTGCACGG_022,7
GGTGAGCCGGAACTGCACGG_023,49
GGTGAGCCGGAACTGCACGG_024,189
GGTGAGCCGGAACTGCACGG_025,145
GGTGAGCCGGAACTGCACGG_026,38
GGTGAGCCGGAACTGCACGG_027,43
GGTGAGCCGGAACTGCACGG_028,6
GGTGAGCCGGAACTGCACGG_029,143
GGTGAGCCGGAACTGCACGG_030,143
GGTGAGCCGGAACTGCACGG_031,19
GGTGAGCCGGAACTGCACGG_032,66
GGTGAGCCGGAACTGCACGG_033,180
GGTGAGCCGGAACTGCACGG_034,165
CCCAGAGCTATGACGATGAG_001,198
CCCAGAGCTATGACGATGAG_002,114
CCCAGAGCTATGACGATGAG_003,83
CCCAGAGCTATGACGATGAG_004,7
TGAACTTGGTCTTAGCACAA_001,35
TGAACTTGGTCTTAGCACAA_002,48
TGAACTTGGTCTTAGCACAA_003,163
TGAACTTGGTCTTAGCACAA_004,4
TGAACTTGGTCTTAGCACAA_005,19
TGAACTTGGTCTTAGCACAA_006,185
TGAACTTGGTCTTAGCACAA_007,15
TGAACTTGGTCTTAGCACAA_008,98
TGAACTTGGTCTTAGCACAA_009,191
TGAACTTGGTCTTAGCACAA_010,191
TGAACTTGGTCTTAGCACAA_011,172
GTCTGTCAAGCACAGGCAAG_001,47
GTCTGTCAAGCACAGGCAAG_002,161
GTCTGTCAAGCACAGGCAAG_003,78
GTCTGTCAAGCACAGGCAAG_004,105
GTCTGTCAAGCACAGGCAAG_005,134
GTCTGTCAAGCACAGGCAAG_006,103
GTCTGTCAAGCACAGGCAAG_007,8
TATGAGTATGACTTTGAACG_001,89
TATGAGTATGACTTTGAACG_002,94
CCTTCGGGAAGATTCTCTGG_001,174
CCTTCGGGAAGATTCTCTGG_002,159
CCTTCGGGAAGATTCTCTGG_003,121
CCTTCGGGAAGATTCTCTGG_004,135
GACATGCCGACGTATCTGAA_001,29
GACATGCCGACGTATCTGAA_002,24
GACATGCCGACGTATCTGAA_003,152
GACATGCCGACGTATCTGAA_004,146
GACATGCCGACGTATCTGAA_005,190
GACATGCCGACGTATCTGAA_006,190
GACATGCCGACGTATCTGAA_007,74
GACATGCCGACGTATCTGAA_008,100
GACATGCCGACGTATCTGAA_009,150
GACATGCCGACGTATCTGAA_010,96
GACATGCCGACGTATCTGAA_011,53
GACATGCCGACGTATCTGAA_012,113
GACATGCCGACGTATCTGAA_013,55
GACATGCCGACGTATCTGAA_014,184
GACATGCCGACGTATCTGAA_015,26
GACATGCCGACGTATCTGAA_016,77
AACTTACAGAGAAAGCGTGA_001,121
AACTTACAGAGAAAGCGTGA_002,162
AACTTACAGAGAAAGCGTGA_003,3
GCGTTAGGTGCAATTAGTGG_001,17
GCGTTAGGTGCAATTAGTGG_002,98
GCGTTAGGTGCAATTAGTGG_003,84
GCGTTAGGTGCAATTAGTGG_004,168
GCGTTAGGTGCAATTAGTGG_005,157
GCGTTAGGTGCAATTAGTGG_006,111
GCTTCCATTACGATGCACAA_001,135
GCTTCCATTACGATGCACAA_002,75
GCTTCCATTACGATGCACAA_003,6
GCTTCCATTACGATGCACAA_004,102
ATCGGCAGATCGCAGAGCAG_001,85
ATCGGCAGATCGCAGAGCAG_002,14
ATCGGCAGATCGCAGAGCAG_003,168
ATCGGCAGATCGCAGAGCAG_004,169
ATCGGCAGATCGCAGAGCAG_005,50
ATCGGCAGATCGCAGAGCAG_006,4
ATCGGCAGATCGCAGAGCAG_007,83
ATCGGCAGATCGCAGAGCAG_008,118
ATCGGCAGATCGCAGAGCAG_009,9
ATCGGCAGATCGCAGAGCAG_010,151
ATCGGCAGATCGCAGAGCAG_011,74
ATCGGCAGATCGCAGAGCAG_012,126
ATCGGCAGATCGCAGAGCAG_013,77
ATCGGCAGATCGCAGAGCAG_014,62
ATCGGCAGATCGCAGAGCAG_015,57
ATCGGCAGATCGCAGAGCAG_016,103
ATCGGCAGATCGCAGAGCAG_017,77
ATCGGCAGATCGCAGAGCAG_018,67
ATCGGCAGATCGCAGAGCAG_019,61
ATCGGCAGATCGCAGAGCAG_020,113
ATCGGCAGATCGCAGAGCAG_021,88
ATCGGCAGATCGCAGAGCAG_022,19
ATCGGCAGATCGCAGAGCAG_023,169
ATCGGCAGATCGCAGAGCAG_024,69
ATCGGCAGATCGCAGAGCAG_025,150
ATCGGCAGATCGCAGAGCAG_026,144
ATCGGCAGATCGCAGAGCAG_027,33
ATCGGCAGATCGCAGAGCAG_028,39
ATCGGCAGATCGCAGAGCAG_029,10
ATCGGCAGATCGCAGAGCAG_030,28
ATCGGCAGATCGCAGAGCAG_031,144
ATCGGCAGATCGCAGAGCAG_032,91
GTGGCAAAAGAAACTAACCC_001,190
GTGGCAAAAGAAACTAACCC_002,76
GTGGCAAAAGAAACTAACCC_003,191
GTGGCAAAAGAAACTAACCC_004,19
GTGGCAAAAGAAACTAACCC_005,155
AGAATGACTTTGGACAAGTG_001,49
AGAATGACTTTGGACAAGTG_002,176
AGAATGACTTTGGACAAGTG_003,48
AGAATGACTTTGGACAAGTG_004,169
AGAATGACTTTGGACAAGTG_005,136
AGAATGACTTTGGACAAGTG_006,0
AGAATGACTTTGGACAAGTG_007,54
AGAATGACTTTGGACAAGTG_008,178
AGAATGACTTTGGACAAGTG_009,128
AGAATGACTTTGGACAAGTG_010,23
ATTCCTAGGCAGACGTCCGG_001,162
ATTCCTAGGCAGACGTCCGG_002,127
ATTCCTAGGCAGACGTCCGG_003,118
ATTCCTAGGCAGACGTCCGG_004,18
ATTCCTAGGCAGACGTCCGG_005,29
ATTCCTAGGCAGACGTCCGG_006,87
ATTCCTAGGCAGACGTCCGG_007,143
ATTCCTAGGCAGACGTCCGG_008,143
ATTCCTAGGCAGACGTCCGG_009,127
ATTCCTAGGCAGACGTCCGG_010,85
ATTCCTAGGCAGACGTCCGG_011,85
ATTCCTAGGCAGACGTCCGG_012,112
ATTCCTAGGCAGACGTCCGG_013,85
ATTCCTAGGCAGACGTCCGG_014,6
ATTCCTAGGCAGACGTCCGG_015,142
ATTCCTAGGCAGACGTCCGG_016,63
ATTCCTAGGCAGACGTCCGG_017,72
CGGGAAGTACTACTTCCGTG_001,85
CGGGAAGTACTACTTCCGTG_002,23
CGGGAAGTACTACTTCCGTG_003,141
CGGGAAGTACTACTTCCGTG_004,31
AACTGTGAAAGAGATCAAGG_001,81
AACTGTGAAAGAGATCAAGG_002,15
AACTGTGAAAGAGATCAAGG_003,102
AACTGTGAAAGAGATCAAGG_004,185
AACTGTGAAAGAGATCAAGG_005,145
AACTGTGAAAGAGATCAAGG_006,95
AAGAGATTCTCCGATGTCGC_001,48
GTCCATGGTAGAACCCCAAG_001,112
GTCCATGGTAGAACCCCAAG_002,187
TACCTGGACAGATTTGACTG_001,174
TACCTGGACAGATTTGACTG_002,16
TACCTGGACAGATTTGACTG_003,49
TACCTGGACAGATTTGACTG_004,29
TACCTGGACAGATTTGACTG_005,1
TACCTGGACAGATTTGACTG_006,108
TACCTGGACAGATTTGACTG_007,135
TACCTGGACAGATTTGACTG_008,65
TACCTGGACAGATTTGACTG_009,63
TACCTGGACAGATTTGACTG_010,160
TACCTGGACAGATTTGACTG_011,31
TACCTGGACAGATTTGACTG_012,191
TACCTGGACAGATTTGACTG_013,115
TACCTGGACAGATTTGACTG_014,94
TACCTGGACAGATTTGACTG_015,55
TACCTGGACAGATTTGACTG_016,114
TACCTGGACAGATTTGACTG_017,144
TACCTGGACAGATTTGACTG_018,23
TACCTGGACAGATTTGACTG_019,127
TACCTGGACAGATTTGACTG_020,81
TACCTGGACAGATTTGACTG_021,149
TACCTGGACAGATTTGACTG_022,177
TACCTGGACAGATTTGACTG_023,92
TACCTGGACAGATTTGACTG_024,70
TACCTGGACAGATTTGACTG_025,147
TACCTGGACAGATTTGACTG_026,136
TACCTGGACAGATTTGACTG_027,39
TACCTGGACAGATTTGACTG_028,184
TACCTGGACAGATTTGACTG_029,193
TACCTGGACAGATTTGACTG_030,166
TACCTGGACAGATTTGACTG_031,177
GCAGGGCTACGGTGCCGGGC_001,157
GCAGGGCTACGGTGCCGGGC_002,6
GCAGGGCTACGGTGCCGGGC_003,9
GCAGGGCTACGGTGCCGGGC_004,8
GCAGGGCTACGGTGCCGGGC_005,194
GCTGAAGTGGAATTTCGTGA_001,19
GCTGAAGTGGAATTTCGTGA_002,15
CGATAGACGCGTGCACCACG_001,177
CGATAGACGCGTGCACCACG_002,156
CGATAGACGCGTGCACCACG_003,133
CGATAGACGCGTGCACCACG_004,132
CGATAGACGCGTGCACCACG_005,193
CGATAGACGCGTGCACCACG_006,190
CGATAGACGCGTGCACCACG_007,79
CGATAGACGCGTGCACCACG_008,82
CGATAGACGCGTGCACCACG_009,46
CGATAGACGCGTGCACCACG_010,7
CGATAGACGCGTGCACCACG_011,14
CGATAGACGCGTGCACCACG_012,59
CGATAGACGCGTGCACCACG_013,14
CGATAGACGCGTGCACCACG_014,6
CGATAGACGCGTGCACCACG_015,153
TGGCCGCCATTACCCGAACG_001,145
TGGCCGCCATTACCCGAACG_002,14
TGGCCGCCATTACCCGAACG_003,86
TGGCCGCCATTACCCGAACG_004,94
TTTCGAACTAGCAATGGACG_001,124
TTTCGAACTAGCAATGGACG_002,3
TTTCGAACTAGCAATGGACG_003,166
TTTCGAACTAGCAATGGACG_004,134
TTTCGAACTAGCAATGGACG_005,119
CGTAAGCATAGATGCCACGA_001,145
CGTAAGCATAGATGCCACGA_002,43
CGTAAGCATAGATGCCACGA_003,179
CGTAAGCATAGATGCCACGA_004,42
CGTAAGCATAGATGCCACGA_005,163
CGTAAGCATAGATGCCACGA_006,34
CGTAAGCATAGATGCCACGA_007,166
CGTAAGCATAGATGCCACGA_008,118
CGTAAGCATAGATGCCACGA_009,85
CGTAAGCATAGATGCCACGA_010,40
CGTAAGCATAGATGCCACGA_011,83
CGTAAGCATAGATGCCACGA_012,106
CGTAAGCATAGATGCCACGA_013,39
CCAGTAGGGCCGTGAAACCG_001,29
CCAGTAGGGCCGTGAAACCG_002,177
CCAGTAGGGCCGTGAAACCG_003,127
CCAGTAGGGCCGTGAAACCG_004,62
CCAGTAGGGCCGTGAAACCG_005,52
CCAGTAGGGCCGTGAAACCG_006,83
CCAGTAGGGCCGTGAAACCG_007,102
CCAGTAGGGCCGTGAAACCG_008,186
CCAGTAGGGCCGTGAAACCG_009,127
CCAGTAGGGCCGTGAAACCG_010,108
CCAGTAGGGCCGTGAAACCG_011,12
CCAGTAGGGCCGTGAAACCG_012,166
CCAGTAGGGCCGTGAAACCG_013,172
GCTTGTCCAAAAGGAAACAT_001,130
GCTTGTCCAAAAGGAAACAT_002,96
GCTTGTCCAAAAGGAAACAT_003,16
GCTTGTCCAAAAGGAAACAT_004,63
GCTTGTCCAAAAGGAAACAT_005,49
GCTTGTCCAAAAGGAAACAT_006,60
GCTTGTCCAAAAGGAAACAT_007,13
ACTCCCGGATGCTTGACCGT_001,115
ACTCCCGGATGCTTGACCGT_002,66
ACTCCCGGATGCTTGACCGT_003,86
GCTCCGTGTAGCCTTTGATG_001,134
GCTCCGTGTAGCCTTTGATG_002,125
GCTCCGTGTAGCCTTTGATG_003,19
GCTCCGTGTAGCCTTTGATG_004,16
GCTCCGTGTAGCCTTTGATG_005,33
TACTGGTTAAAATTAGGAGA_001,38
TACTGGTTAAAATTAGGAGA_002,140
TACTGGTTAAAATTAGGAGA_003,36
GAAGAACAGCTACCGCCGCA_001,175
GAAGAACAGCTACCGCCGCA_002,21
GAAGAACAGCTACCGCCGCA_003,13
GAAGAACAGCTACCGCCGCA_004,56
GAAGAACAGCTACCGCCGCA_005,75
GAAGAACAGCTACCGCCGCA_006,12
GAAGAACAGCTACCGCCGCA_007,150
GAAGAACAGCTACCGCCGCA_008,159
GAAGAACAGCTACCGCCGCA_009,199
GAAGAACAGCTACCGCCGCA_010,46
TACTACGTGGAGATGACCGT_001,48
TACTACGTGGAGATGACCGT_002,142
TACTACGTGGAGATGACCGT_003,169
TACTACGTGGAGATGACCGT_004,170
TACTACGTGGAGATGACCGT_005,138
TACTACGTGGAGATGACCGT_006,1
TACTACGTGGAGATGACCGT_007,67
TACTACGTGGAGATGACCGT_008,12
TCTCTAGGTATAGTGAACAT_001,99
AATATAAAGCAAGTGCACAG_001,107
AATATAAAGCAAGTGCACAG_002,98
AATATAAAGCAAGTGCACAG_003,14
AATATAAAGCAAGTGCACAG_004,192
AATATAAAGCAAGTGCACAG_005,16
AATATAAAGCAAGTGCACAG_006,188
AATATAAAGCAAGTGCACAG_007,87
AATATAAAGCAAGTGCACAG_008,40
AATATAAAGCAAGTGCACAG_009,109
AATATAAAGCAAGTGCACAG_010,115
AATATAAAGCAAGTGCACAG_011,48
AATATAAAGCAAGTGCACAG_012,44
AATATAAAGCAAGTGCACAG_013,62
AATATAAAGCAAGTGCACAG_014,140
AATATAAAGCAAGTGCACAG_015,21
AATATAAAGCAAGTGCACAG_016,172
CCTCTACAATGGGTGCACCG_001,15
CCTCTACAATGGGTGCACCG_002,103
CCTCTACAATGGGTGCACCG_003,42
CCTCTACAATGGGTGCACCG_004,166
CCTCTACAATGGGTGCACCG_005,81
CCTCTACAATGGGTGCACCG_006,48
CCTCTACAATGGGTGCACCG_007,70
CCTCTACAATGGGTGCACCG_008,60
CCTCTACAATGGGTGCACCG_009,145
CCTCTACAATGGGTGCACCG_010,149
CCTCTACAATGGGTGCACCG_011,41
CCTCTACAATGGGTGCACCG_012,199
CCTCTACAATGGGTGCACCG_013,155
CCTCTACAATGGGTGCACCG_014,162
CCTCTACAATGGGTGCACCG_015,128
GCGTCCAGCGCTCCTCGTAG_001,49
GCGTCCAGCGCTCCTCGTAG_002,52
GCGTCCAGCGCTCCTCGTAG_003,107
GCGTCCAGCGCTCCTCGTAG_004,106
GCGTCCAGCGCTCCTCGTAG_005,156
GCGTCCAGCGCTCCTCGTAG_006,139
GCGTCCAGCGCTCCTCGTAG_007,86
GCGTCCAGCGCTCCTCGTAG_008,140
GCGTCCAGCGCTCCTCGTAG_009,27
GCGTCCAGCGCTCCTCGTAG_010,133
GCGTCCAGCGCTCCTCGTAG_011,185
GCGTCCAGCGCTCCTCGTAG_012,191
GCGTCCAGCGCTCCTCGTAG_013,7
GCGTCCAGCGCTCCTCGTAG_014,123
GCGTCCAGCGCTCCTCGTAG_015,146
GCGTCCAGCGCTCCTCGTAG_016,148
GCGTCCAGCGCTCCTCGTAG_017,41
GCGTCCAGCGCTCCTCGTAG_018,185
GCGTCCAGCGCTCCTCGTAG_019,162
CTGGAGGAGCTGTTCACCCG_001,103
CTGGAGGAGCTGTTCACCCG_002,15
CTGGAGGAGCTGTTCACCCG_003,119
CTGGAGGAGCTGTTCACCCG_004,119
CTGGAGGAGCTGTTCACCCG_005,50
CTGGAGGAGCTGTTCACCCG_006,48
CTGGAGGAGCTGTTCACCCG_007,76
CTGGAGGAGCTGTTCACCCG_008,161
CTGGAGGAGCTGTTCACCCG_009,120
CTGGAGGAGCTGTTCACCCG_010,75
CTGGAGGAGCTGTTCACCCG_011,138
CTGGAGGAGCTGTTCACCCG_012,56
CTGGAGGAGCTGTTCACCCG_013,158
CTGGAGGAGCTGTTCACCCG_014,148
CTGGAGGAGCTGTTCACCCG_015,26
CTGGAGGAGCTGTTCACCCG_016,118
AAGAGCACTAAGCTTGTGAG_001,58
AAGAGCACTAAGCTTGTGAG_002,44
AAGAGCACTAAGCTTGTGAG_003,81
AAGAGCACTAAGCTTGTGAG_004,56
AAGAGCACTAAGCTTGTGAG_005,38
AAGAGCACTAAGCTTGTGAG_006,65
AAGAGCACTAAGCTTGTGAG_007,16
AAGAGCACTAAGCTTGTGAG_008,29
AAGAGCACTAAGCTTGTGAG_009,12
AAGAGCACTAAGCTTGTGAG_010,132
AAGAGCACTAAGCTTGTGAG_011,158
AAGAGCACTAAGCTTGTGAG_012,154
AAGAGCACTAAGCTTGTGAG_013,68
AAGAGCACTAAGCTTGTGAG_014,116
TCCAAATCCCCAGGTCGCTG_001,171
TCCAAATCCCCAGGTCGCTG_002,100
TCCAAATCCCCAGGTCGCTG_003,150
TCCAAATCCCCAGGTCGCTG_004,160
TCCAAATCCCCAGGTCGCTG_005,16
TCCAAATCCCCAGGTCGCTG_006,14
TCCAAATCCCCAGGTCGCTG_007,60
TCCAAATCCCCAGGTCGCTG_008,151
TCCAAATCCCCAGGTCGCTG_009,25
TCCAAATCCCCAGGTCGCTG_010,141
TCCAAATCCCCAGGTCGCTG_011,82
TCCAAATCCCCAGGTCGCTG_012,76
TCCAAATCCCCAGGTCGCTG_013,127
TCCAAATCCCCAGGTCGCTG_014,18
TCCAAATCCCCAGGTCGCTG_015,121
TCCAAATCCCCAGGTCGCTG_016,137
TCCAAATCCCCAGGTCGCTG_017,22
TCCAAATCCCCAGGTCGCTG_018,46
ATGGAGATGAGCACGAGGCG_001,52
ATGGAGATGAGCACGAGGCG_002,187
ATGGAGATGAGCACGAGGCG_003,105
ATGGAGATGAGCACGAGGCG_004,109
ATGGAGATGAGCACGAGGCG_005,127
ATGGAGATGAGCACGAGGCG_006,91
ATGGAGATGAGCACGAGGCG_007,6
ATGGAGATGAGCACGAGGCG_008,80
ATGGAGATGAGCACGAGGCG_009,194
ATGGAGATGAGCACGAGGCG_010,170
ATGGAGATGAGCACGAGGCG_011,127
ATGGAGATGAGCACGAGGCG_012,132
ATGGAGATGAGCACGAGGCG_013,146
ATGGAGATGAGCACGAGGCG_014,171
ATGGAGATGAGCACGAGGCG_015,193
ATGGAGATGAGCACGAGGCG_016,107
ATGGAGATGAGCACGAGGCG_017,176
ATGGAGATGAGCACGAGGCG_018,40
ATGGAGATGAGCACGAGGCG_019,24
ATGGAGATGAGCACGAGGCG_020,199
ATGGAGATGAGCACGAGGCG_021,119
GCTGATATTAGACTAAGCTG_001,19
GCTGATATTAGACTAAGCTG_002,149
GCTGATATTAGACTAAGCTG_003,175
GCTGATATTAGACTAAGCTG_004,188
GCTGATATTAGACTAAGCTG_005,195
GCTGATATTAGACTAAGCTG_006,122
GCTGATATTAGACTAAGCTG_007,15
CTAGCACTTACCAGAAACTG_001,102
CTAGCACTTACCAGAAACTG_002,173
CTAGCACTTACCAGAAACTG_003,65
CTAGCACTTACCAGAAACTG_004,82
CTAGCACTTACCAGAAACTG_005,115
CTAGCACTTACCAGAAACTG_006,104
TTGATATGTGCGGATTCCAG_001,61
TTGATATGTGCGGATTCCAG_002,31
TTGATATGTGCGGATTCCAG_003,148
TTGATATGTGCGGATTCCAG_004,129
AAGGCTGGAAGGTACAGTCT_001,143
AAGGCTGGAAGGTACAGTCT_002,105
AAGGCTGGAAGGTACAGTCT_003,80
AAGGCTGGAAGGTACAGTCT_004,49
AAGGCTGGAAGGTACAGTCT_005,174
AAGGCTGGAAGGTACAGTCT_006,88
AAGGCTGGAAGGTACAGTCT_007,83
AAGGCTGGAAGGTACAGTCT_008,63
AAGGCTGGAAGGTACAGTCT_009,56
AAGGCTGGAAGGTACAGTCT_010,126
AAGGCTGGAAGGTACAGTCT_011,17
AAGGCTGGAAGGTACAGTCT_012,153
AAGGCTGGAAGGTACAGTCT_013,142
AAGGCTGGAAGGTACAGTCT_014,106
AAGGCTGGAAGGTACAGTCT_015,3
TCCACCCACCCAGGCGAGTG_001,76
TCCACCCACCCAGGCGAGTG_002,176
TCCACCCACCCAGGCGAGTG_003,12
TCCACCCACCCAGGCGAGTG_004,28
TCCACCCACCCAGGCGAGTG_005,78
TCCACCCACCCAGGCGAGTG_006,177
TCCACCCACCCAGGCGAGTG_007,155
TCCACCCACCCAGGCGAGTG_008,34
TCCACCCACCCAGGCGAGTG_009,197
TGGACAGCAGACCGTGACCA_001,183
TGGACAGCAGACCGTGACCA_002,47
TGGACAGCAGACCGTGACCA_003,46
TGGACAGCAGACCGTGACCA_004,147
TGGACAGCAGACCGTGACCA_005,96
TGGACAGCAGACCGTGACCA_006,102
TGGACAGCAGACCGTGACCA_007,43
TGGACAGCAGACCGTGACCA_008,23
TGGACAGCAGACCGTGACCA_009,68
TGGACAGCAGACCGTGACCA_010,68
TGGACAGCAGACCGTGACCA_011,19
TGGACAGCAGACCGTGACCA_012,27
TGGACAGCAGACCGTGACCA_013,166
TGGACAGCAGACCGTGACCA_014,77
TGGACAGCAGACCGTGACCA_015,67
TGGACAGCAGACCGTGACCA_016,41
TGGACAGCAGACCGTGACCA_017,139
TGGACAGCAGACCGTGACCA_018,94
TGGACAGCAGACCGTGACCA_019,91
TGGACAGCAGACCGTGACCA_020,19
TGGACAGCAGACCGTGACCA_021,105
TGGACAGCAGACCGTGACCA_022,49
TGGACAGCAGACCGTGACCA_023,14
TGGACAGCAGACCGTGACCA_024,190
TGGACAGCAGACCGTGACCA_025,78
TGGACAGCAGACCGTGACCA_026,59
TGGACAGCAGACCGTGACCA_027,16
TGGACAGCAGACCGTGACCA_028,29
TGGACAGCAGACCGTGACCA_029,17
TGGACAGCAGACCGTGACCA_030,58
TGGACAGCAGACCGTGACCA_031,62
TGGACAGCAGACCGTGACCA_032,1
TGGACAGCAGACCGTGACCA_033,14
TGGACAGCAGACCGTGACCA_034,106
TGGACAGCAGACCGTGACCA_035,91
AGTTGTAATCAAATCCACAC_001,170
AGTTGTAATCAAATCCACAC_002,12
AGTTGTAATCAAATCCACAC_003,15
AGTTGTAATCAAATCCACAC_004,58
AGTTGTAATCAAATCCACAC_005,130
TTTGTCACGGGAATATGGCA_001,144
TTTGTCACGGGAATATGGCA_002,150
TTTGTCACGGGAATATGGCA_003,41
TTTGTCACGGGAATATGGCA_004,3
TTTGTCACGGGAATATGGCA_005,9
TTTGTCACGGGAATATGGCA_006,175
TTTGTCACGGGAATATGGCA_007,60
TTTGTCACGGGAATATGGCA_008,127
TTTGTCACGGGAATATGGCA_009,78
TTTGTCACGGGAATATGGCA_010,17
TTTGTCACGGGAATATGGCA_011,29
TTTGTCACGGGAATATGGCA_012,180
TTTGTCACGGGAATATGGCA_013,16
TTTGTCACGGGAATATGGCA_014,60
CATCATTTAATACAACACTA_001,195
CATCATTTAATACAACACTA_002,5
CATCATTTAATACAACACTA_003,16
CATCATTTAATACAACACTA_004,17
CATCATTTAATACAACACTA_005,176
CATCATTTAATACAACACTA_006,141
CATCATTTAATACAACACTA_007,107
CATCATTTAATACAACACTA_008,103
CATCATTTAATACAACACTA_009,66
CATCATTTAATACAACACTA_010,153
CATCATTTAATACAACACTA_011,191
CATCATTTAATACAACACTA_012,78
GCTCTGGTCAGCCTTCGTCG_001,177
GCTCTGGTCAGCCTTCGTCG_002,115
GCTCTGGTCAGCCTTCGTCG_003,156
GCTCTGGTCAGCCTTCGTCG_004,35
GCTCTGGTCAGCCTTCGTCG_005,136
CCCGGCGCAGCGTTCGCACG_001,170
CCCGGCGCAGCGTTCGCACG_002,44
CCCGGCGCAGCGTTCGCACG_003,101
CCCGGCGCAGCGTTCGCACG_004,81
CCCGGCGCAGCGTTCGCACG_005,118
CCCGGCGCAGCGTTCGCACG_006,134
CCCGGCGCAGCGTTCGCACG_007,78
CCCGGCGCAGCGTTCGCACG_008,45
CCCGGCGCAGCGTTCGCACG_009,168
CCCGGCGCAGCGTTCGCACG_010,127
CCCGGCGCAGCGTTCGCACG_011,197
CCCGGCGCAGCGTTCGCACG_012,156
CCCGGCGCAGCGTTCGCACG_013,138
CCCGGCGCAGCGTTCGCACG_014,82
CCCGGCGCAGCGTTCGCACG_015,137
CCCGGCGCAGCGTTCGCACG_016,37
CCCGGCGCAGCGTTCGCACG_017,8
CCCGGCGCAGCGTTCGCACG_018,10
CCCGGCGCAGCGTTCGCACG_019,188
CCCGGCGCAGCGTTCGCACG_020,63
GTCGGCTGTTTGGACAATCG_001,56
GTCGGCTGTTTGGACAATCG_002,177
GTCGGCTGTTTGGACAATCG_003,170
GTCGGCTGTTTGGACAATCG_004,115
GTCGGCTGTTTGGACAATCG_005,115
GTCGGCTGTTTGGACAATCG_006,98
GTCGGCTGTTTGGACAATCG_007,150
GTCGGCTGTTTGGACAATCG_008,114
GTCGGCTGTTTGGACAATCG_009,194
GTCGGCTGTTTGGACAATCG_010,51
GTCGGCTGTTTGGACAATCG_011,175
GTCGGCTGTTTGGACAATCG_012,58
GTCGGCTGTTTGGACAATCG_013,88
GTCGGCTGTTTGGACAATCG_014,34
GTCGGCTGTTTGGACAATCG_015,169
GTCGGCTGTTTGGACAATCG_016,58
GTCGGCTGTTTGGACAATCG_017,35
GTCGGCTGTTTGGACAATCG_018,29
ATTCTTCATACCAGGACCAG_001,82
ATTCTTCATACCAGGACCAG_002,48
ATTCTTCATACCAGGACCAG_003,13
ATTCTTCATACCAGGACCAG_004,76
ATTCTTCATACCAGGACCAG_005,62
ATTCTTCATACCAGGACCAG_006,113
ATTCTTCATACCAGGACCAG_007,191
ATTCTTCATACCAGGACCAG_008,68
ATTCTTCATACCAGGACCAG_009,57
TCTGCCGTTACTGCCCTGTG_001,50
TCTGCCGTTACTGCCCTGTG_002,170
TCTGCCGTTACTGCCCTGTG_003,61
TCTGCCGTTACTGCCCTGTG_004,90
TCTGCCGTTACTGCCCTGTG_005,196
TCACCCTCATTCCATCAGTG_001,70
TCACCCTCATTCCATCAGTG_002,28
TCACCCTCATTCCATCAGTG_003,188
TCACCCTCATTCCATCAGTG_004,60
TCACCCTCATTCCATCAGTG_005,116
TCACCCTCATTCCATCAGTG_006,98
TCACCCTCATTCCATCAGTG_007,2
TCACCCTCATTCCATCAGTG_008,187
TCACCCTCATTCCATCAGTG_009,70
TCACCCTCATTCCATCAGTG_010,48
TCACCCTCATTCCATCAGTG_011,162
TCACCCTCATTCCATCAGTG_012,106
GTTGCTCACGTAATCGTGCA_001,77
GTTGCTCACGTAATCGTGCA_002,25
GTTGCTCACGTAATCGTGCA_003,81
CGGAGACCCAGCCGGTACTG_001,157
CGGAGACCCAGCCGGTACTG_002,52
CGGAGACCCAGCCGGTACTG_003,166
CGGAGACCCAGCCGGTACTG_004,134
CGGAGACCCAGCCGGTACTG_005,157
CGGAGACCCAGCCGGTACTG_006,176
CGGAGACCCAGCCGGTACTG_007,25
CGGAGACCCAGCCGGTACTG_008,105
CGGAGACCCAGCCGGTACTG_009,29
CGGAGACCCAGCCGGTACTG_010,169
CGGAGACCCAGCCGGTACTG_011,42
CGGAGACCCAGCCGGTACTG_012,96
CGGAGACCCAGCCGGTACTG_013,178
CGGAGACCCAGCCGGTACTG_014,179
CGGAGACCCAGCCGGTACTG_015,84
CGGAGACCCAGCCGGTACTG_016,177
CGGAGACCCAGCCGGTACTG_017,146
CGGAGACCCAGCCGGTACTG_018,16
CGGAGACCCAGCCGGTACTG_019,93
CGGAGACCCAGCCGGTACTG_020,197
CGGAGACCCAGCCGGTACTG_021,95
CGGAGACCCAGCCGGTACTG_022,166
CGGAGACCCAGCCGGTACTG_023,108
CGGAGACCCAGCCGGTACTG_024,94
CGGAGACCCAGCCGGTACTG_025,15
CGGAGACCCAGCCGGTACTG_026,153
CGGAGACCCAGCCGGTACTG_027,34
CGGAGACCCAGCCGGTACTG_028,98
CGGAGACCCAGCCGGTACTG_029,158
CGGAGACCCAGCCGGTACTG_030,152
CGGAGACCCAGCCGGTACTG_031,175
GGTTGGAAGTTTCTCCATAG_001,182
TGAGGCTATTGTAACGTAAG_001,15
TGAGGCTATTGTAACGTAAG_002,184
TGAGGCTATTGTAACGTAAG_003,166
TGAGGCTATTGTAACGTAAG_004,188
TGAGGCTATTGTAACGTAAG_005,56
TGAGGCTATTGTAACGTAAG_006,168
GCCCGCCTCAGTCCCCGACG_001,122
GCCCGCCTCAGTCCCCGACG_002,119
GCCCGCCTCAGTCCCCGACG_003,102
GCCCGCCTCAGTCCCCGACG_004,188
GCCCGCCTCAGTCCCCGACG_005,186
TGTCATCAATCATGGAGCGG_001,53
TGTCATCAATCATGGAGCGG_002,111
TGTCATCAATCATGGAGCGG_003,156
TGTCATCAATCATGGAGCGG_004,121
TGTCATCAATCATGGAGCGG_005,42
TGTCATCAATCATGGAGCGG_006,15
TGTCATCAATCATGGAGCGG_007,174
TGTCATCAATCATGGAGCGG_008,166
TGTCATCAATCATGGAGCGG_009,140
TGTCATCAATCATGGAGCGG_010,184
GCACATCACCTACACTACCA_001,9
GCACATCACCTACACTACCA_002,70
GCACATCACCTACACTACCA_003,4
GCACATCACCTACACTACCA_004,105
GCACATCACCTACACTACCA_005,26
GCACATCACCTACACTACCA_006,104
GCACATCACCTACACTACCA_007,50
GCACATCACCTACACTACCA_008,194
GCACATCACCTACACTACCA_009,185
GCACATCACCTACACTACCA_010,119
CAGCTGGTTCTTGGTCCGAG_001,86
CAGCTGGTTCTTGGTCCGAG_002,15
CAGCTGGTTCTTGGTCCGAG_003,68
CAGCTGGTTCTTGGTCCGAG_004,42
CAGCTGGTTCTTGGTCCGAG_005,38
CAGCTGGTTCTTGGTCCGAG_006,63
CAGCTGGTTCTTGGTCCGAG_007,75
CAGCTGGTTCTTGGTCCGAG_008,156
CAGCTGGTTCTTGGTCCGAG_009,27
CAGCTGGTTCTTGGTCCGAG_010,114
CAGCTGGTTCTTGGTCCGAG_011,88
CAGCTGGTTCTTGGTCCGAG_012,29
CAGCTGGTTCTTGGTCCGAG_013,172
CAGCTGGTTCTTGGTCCGAG_014,98
CAGCTGGTTCTTGGTCCGAG_015,182
CAGCTGGTTCTTGGTCCGAG_016,168
CAGCTGGTTCTTGGTCCGAG_017,76
CAGCTGGTTCTTGGTCCGAG_018,82
CTCTGAGGAGACCACGACTG_001,162
CTCTGAGGAGACCACGACTG_002,167
CTCTGAGGAGACCACGACTG_003,88
CTCTGAGGAGACCACGACTG_004,50
CTCTGAGGAGACCACGACTG_005,44
CTCTGAGGAGACCACGACTG_006,20
CTCTGAGGAGACCACGACTG_007,160
CTCTGAGGAGACCACGACTG_008,58
CTCTGAGGAGACCACGACTG_009,165
AACAAGAAATCCAAACAGAT_001,35
AACAAGAAATCCAAACAGAT_002,175
AACAAGAAATCCAAACAGAT_003,43
AACAAGAAATCCAAACAGAT_004,191
AACAAGAAATCCAAACAGAT_005,88
AACAAGAAATCCAAACAGAT_006,191
CAGGAGCCGAAACCTCGAAG_001,19
CAGGAGCCGAAACCTCGAAG_002,83
CAGGAGCCGAAACCTCGAAG_003,40
CAGGAGCCGAAACCTCGAAG_004,175
CAGGAGCCGAAACCTCGAAG_005,49
GAAGAAAGTCCACGAGACCG_001,71
GAAGAAAGTCCACGAGACCG_002,96
GTCCAACATCAAGATCCACG_001,138
GTCCAACATCAAGATCCACG_002,190
ACAGGAATGGTCACTGCCGT_001,77
ACAGGAATGGTCACTGCCGT_002,89
ACAGGAATGGTCACTGCCGT_003,121
CCAGAGAATTCGGTCAACAG_001,83
CCAGAGAATTCGGTCAACAG_002,94
ATAAGCTTGTCCATGCCACG_001,80
ATAAGCTTGTCCATGCCACG_002,34
ATAAGCTTGTCCATGCCACG_003,95
ATAAGCTTGTCCATGCCACG_004,88
GTGTGGCAAGGCCTTCATCA_001,147
GTGTGGCAAGGCCTTCATCA_002,70
GTGTGGCAAGGCCTTCATCA_003,182
GTGTGGCAAGGCCTTCATCA_004,160
GTGTGGCAAGGCCTTCATCA_005,61
GTGTGGCAAGGCCTTCATCA_006,177
GTGTGGCAAGGCCTTCATCA_007,97
GTGTGGCAAGGCCTTCATCA_008,70
GTGTGGCAAGGCCTTCATCA_009,115
TGCATACACCCGCTACATGG_001,60
TGCATACACCCGCTACATGG_002,106
TGCATACACCCGCTACATGG_003,19
TGCATACACCCGCTACATGG_004,8
TGCATACACCCGCTACATGG_005,29
TGCATACACCCGCTACATGG_006,90
TGCATACACCCGCTACATGG_007,57
TGCATACACCCGCTACATGG_008,144
TGCATACACCCGCTACATGG_009,66
TGCATACACCCGCTACATGG_010,104
TGCATACACCCGCTACATGG_011,176
TGCATACACCCGCTACATGG_012,184
TGCATACACCCGCTACATGG_013,81
TGCATACACCCGCTACATGG_014,182
TGCATACACCCGCTACATGG_015,185
TGCATACACCCGCTACATGG_016,84
TGCATACACCCGCTACATGG_017,149
TGCATACACCCGCTACATGG_018,48
TGCATACACCCGCTACATGG_019,124
TGCATACACCCGCTACATGG_020,27
GGATCCTGTTGCAGGTTACG_001,7
GGATCCTGTTGCAGGTTACG_002,161
GGATCCTGTTGCAGGTTACG_003,91
GGATCCTGTTGCAGGTTACG_004,196
GGATCCTGTTGCAGGTTACG_005,76
GGATCCTGTTGCAGGTTACG_006,166
GGATCCTGTTGCAGGTTACG_007,123
GGATCCTGTTGCAGGTTACG_008,129
GGATCCTGTTGCAGGTTACG_009,8
GGATCCTGTTGCAGGTTACG_010,111
GGATCCTGTTGCAGGTTACG_011,48
GGATCCTGTTGCAGGTTACG_012,37
GGATCCTGTTGCAGGTTACG_013,64
GGATCCTGTTGCAGGTTACG_014,10
GGATCCTGTTGCAGGTTACG_015,10
TCGACCTGCAGGGAGCAGAG_001,85
TCGACCTGCAGGGAGCAGAG_002,64
TCGACCTGCAGGGAGCAGAG_003,176
TCGACCTGCAGGGAGCAGAG_004,51
TCGACCTGCAGGGAGCAGAG_005,48
TCGACCTGCAGGGAGCAGAG_006,154
TCGACCTGCAGGGAGCAGAG_007,130
TCGACCTGCAGGGAGCAGAG_008,107
TCGACCTGCAGGGAGCAGAG_009,39
TCGACCTGCAGGGAGCAGAG_010,161
TCGACCTGCAGGGAGCAGAG_011,156
TCGACCTGCAGGGAGCAGAG_012,145
TCGACCTGCAGGGAGCAGAG_013,76
TCGACCTGCAGGGAGCAGAG_014,88
TCGACCTGCAGGGAGCAGAG_015,95
TCGACCTGCAGGGAGCAGAG_016,170
TCGACCTGCAGGGAGCAGAG_017,182
TCGACCTGCAGGGAGCAGAG_018,16
TCGACCTGCAGGGAGCAGAG_019,26
TCGACCTGCAGGGAGCAGAG_020,77
TCGACCTGCAGGGAGCAGAG_021,60
TCGACCTGCAGGGAGCAGAG_022,70
TCGACCTGCAGGGAGCAGAG_023,35
TCGACCTGCAGGGAGCAGAG_024,124
TCGACCTGCAGGGAGCAGAG_025,140
TCGACCTGCAGGGAGCAGAG_026,126
TTCGTGCAGGACTACACGGG_001,169
TTCGTGCAGGACTACACGGG_002,182
TTCGTGCAGGACTACACGGG_003,166
TTCGTGCAGGACTACACGGG_004,29
TTCGTGCAGGACTACACGGG_005,33
TTCGTGCAGGACTACACGGG_006,32
TTCGTGCAGGACTACACGGG_007,105
TTCGTGCAGGACTACACGGG_008,197
TTCGTGCAGGACTACACGGG_009,3
TTCGTGCAGGACTACACGGG_010,82
TTCGTGCAGGACTACACGGG_011,88
TTCGTGCAGGACTACACGGG_012,115
TTCGTGCAGGACTACACGGG_013,83
TTCGTGCAGGACTACACGGG_014,60
TTCGTGCAGGACTACACGGG_015,17
TTCGTGCAGGACTACACGGG_016,93
TTCGTGCAGGACTACACGGG_017,152
TTCGTGCAGGACTACACGGG_018,107
TTCGTGCAGGACTACACGGG_019,50
TTCGTGCAGGACTACACGGG_020,140
TTCGTGCAGGACTACACGGG_021,167
TTCGTGCAGGACTACACGGG_022,88
TTCGTGCAGGACTACACGGG_023,105
GCCGCGCGTTACCTTCCGCG_001,163
GCCGCGCGTTACCTTCCGCG_002,191
GCCGCGCGTTACCTTCCGCG_003,46
GCCGCGCGTTACCTTCCGCG_004,169
GCCGCGCGTTACCTTCCGCG_005,194
GCCGCGCGTTACCTTCCGCG_006,49
GCCGCGCGTTACCTTCCGCG_007,13
GCCGCGCGTTACCTTCCGCG_008,192
GCCGCGCGTTACCTTCCGCG_009,197
GCCGCGCGTTACCTTCCGCG_010,104
GCCGCGCGTTACCTTCCGCG_011,171
GCCGCGCGTTACCTTCCGCG_012,151
GCCGCGCGTTACCTTCCGCG_013,47
GCCGCGCGTTACCTTCCGCG_014,147
GCCGCGCGTTACCTTCCGCG_015,81
GCCGCGCGTTACCTTCCGCG_016,77
GCCGCGCGTTACCTTCCGCG_017,162
TTGCATGTGTAATATGTGGT_001,8
TTGCATGTGTAATATGTGGT_002,69
AATTCCACTAGCATCACTGG_001,198
AATTCCACTAGCATCACTGG_002,70
AATTCCACTAGCATCACTGG_003,87
AATTCCACTAGCATCACTGG_004,138
AATTCCACTAGCATCACTGG_005,43
AATTCCACTAGCATCACTGG_006,1
AATTCCACTAGCATCACTGG_007,108
AATTCCACTAGCATCACTGG_008,10
AATTCCACTAGCATCACTGG_009,0
AATTCCACTAGCATCACTGG_010,168
AATTCCACTAGCATCACTGG_011,124
AATTCCACTAGCATCACTGG_012,147
GCTTCACTGTGAATGAGCGG_001,148
GCTTCACTGTGAATGAGCGG_002,22
GCTTCACTGTGAATGAGCGG_003,142
GCTTCACTGTGAATGAGCGG_004,8
GCTTCACTGTGAATGAGCGG_005,146
GCTTCACTGTGAATGAGCGG_006,82
GCTTCACTGTGAATGAGCGG_007,60
GCTTCACTGTGAATGAGCGG_008,137
GCTTCACTGTGAATGAGCGG_009,153
GCTTCACTGTGAATGAGCGG_010,107
GCTTCACTGTGAATGAGCGG_011,163
GCTTCACTGTGAATGAGCGG_012,17
GCTTCACTGTGAATGAGCGG_013,148
GGTGGAACAGCTGAAGCTGG_001,130
GGTGGAACAGCTGAAGCTGG_002,194
ATACTTACAGTCGTCCCGAC_001,194
ATACTTACAGTCGTCCCGAC_002,175
ATACTTACAGTCGTCCCGAC_003,8
CTTGTGTGAGAGCAATCGCG_001,88
CTTGTGTGAGAGCAATCGCG_002,14
CTTGTGTGAGAGCAATCGCG_003,113
CTTGTGTGAGAGCAATCGCG_004,106
CTTGTGTGAGAGCAATCGCG_005,106
CTTGTGTGAGAGCAATCGCG_006,190
CTTGTGTGAGAGCAATCGCG_007,20
CTTGTGTGAGAGCAATCGCG_008,120
CTTGTGTGAGAGCAATCGCG_009,108
CTTGTGTGAGAGCAATCGCG_010,6
CTTGTGTGAGAGCAATCGCG_011,95
CTTGTGTGAGAGCAATCGCG_012,187
CTTGTGTGAGAGCAATCGCG_013,142
ACTACCAAGGTGGCCAAGAA_001,154
ACTACCAAGGTGGCCAAGAA_002,59
ACTACCAAGGTGGCCAAGAA_003,59
ACTACCAAGGTGGCCAAGAA_004,43
ACTACCAAGGTGGCCAAGAA_005,112
ACTACCAAGGTGGCCAAGAA_006,27
ACTACCAAGGTGGCCAAGAA_007,193
ACTACCAAGGTGGCCAAGAA_008,187
ACTACCAAGGTGGCCAAGAA_009,194
ACTACCAAGGTGGCCAAGAA_010,159
ACTACCAAGGTGGCCAAGAA_011,197
ACTACCAAGGTGGCCAAGAA_012,58
ACTACCAAGGTGGCCAAGAA_013,122
ACTACCAAGGTGGCCAAGAA_014,37
ACTACCAAGGTGGCCAAGAA_015,116
ACTACCAAGGTGGCCAAGAA_016,142
AGGCAGCCATCACCTGCAGA_001,7
AGGCAGCCATCACCTGCAGA_002,19
AGGCAGCCATCACCTGCAGA_003,29
AGGCAGCCATCACCTGCAGA_004,70
AGGCAGCCATCACCTGCAGA_005,23
AGGCAGCCATCACCTGCAGA_006,60
AGGCAGCCATCACCTGCAGA_007,105
AGGCAGCCATCACCTGCAGA_008,172
AGGCAGCCATCACCTGCAGA_009,58
AGGCAGCCATCACCTGCAGA_010,104
AGGCAGCCATCACCTGCAGA_011,93
AGGCAGCCATCACCTGCAGA_012,101
AGGCAGCCATCACCTGCAGA_013,56
AGGCAGCCATCACCTGCAGA_014,165
AGGCAGCCATCACCTGCAGA_015,4
AGGCAGCCATCACCTGCAGA_016,76
AGGCAGCCATCACCTGCAGA_017,34
AGGCAGCCATCACCTGCAGA_018,177
AGGCAGCCATCACCTGCAGA_019,149
AGGCAGCCATCACCTGCAGA_020,150
AGGCAGCCATCACCTGCAGA_021,15
AGGCAGCCATCACCTGCAGA_022,94
AGGCAGCCATCACCTGCAGA_023,88
AGGCAGCCATCACCTGCAGA_024,105
AGGCAGCCATCACCTGCAGA_025,45
AGGCAGCCATCACCTGCAGA_026,104
AGGCAGCCATCACCTGCAGA_027,89
AGGCAGCCATCACCTGCAGA_028,162
GAAAGGCCTAGTCGGCTGGG_001,161
GAAAGGCCTAGTCGGCTGGG_002,180
GAAAGGCCTAGTCGGCTGGG_003,58
GAAAGGCCTAGTCGGCTGGG_004,40
GAAAGGCCTAGTCGGCTGGG_005,149
GAAAGGCCTAGTCGGCTGGG_006,101
GAAAGGCCTAGTCGGCTGGG_007,43
GAAAGGCCTAGTCGGCTGGG_008,50
GAAAGGCCTAGTCGGCTGGG_009,19
GAAAGGCCTAGTCGGCTGGG_010,9
GAAAGGCCTAGTCGGCTGGG_011,68
GAAAGGCCTAGTCGGCTGGG_012,118
GAAAGGCCTAGTCGGCTGGG_013,147
GAAAGGCCTAGTCGGCTGGG_014,49
GAAAGGCCTAGTCGGCTGGG_015,192
GAAAGGCCTAGTCGGCTGGG_016,160
GAAAGGCCTAGTCGGCTGGG_017,190
GAAAGGCCTAGTCGGCTGGG_018,12
GAAAGGCCTAGTCGGCTGGG_019,122
GAAAGGCCTAGTCGGCTGGG_020,145
GAAAGGCCTAGTCGGCTGGG_021,188
GAAAGGCCTAGTCGGCTGGG_022,116
GAAAGGCCTAGTCGGCTGGG_023,173
GAAAGGCCTAGTCGGCTGGG_024,78
GAAAGGCCTAGTCGGCTGGG_025,70
GAAAGGCCTAGTCGGCTGGG_026,52
GAAAGGCCTAGTCGGCTGGG_027,56
AATGCCACAAGAACTAATTG_001,19
AATGCCACAAGAACTAATTG_002,184
AATGCCACAAGAACTAATTG_003,149
AATGCCACAAGAACTAATTG_004,160
AATGCCACAAGAACTAATTG_005,152
AATGCCACAAGAACTAATTG_006,14
CATTAATGGTCACTTCGCCA_001,147
CATTAATGGTCACTTCGCCA_002,182
CATTAATGGTCACTTCGCCA_003,16
CATTAATGGTCACTTCGCCA_004,89
CATTAATGGTCACTTCGCCA_005,43
GTCACTACTTCCAGACGCCA_001,45
GTCACTACTTCCAGACGCCA_002,23
GTCACTACTTCCAGACGCCA_003,115
GTCACTACTTCCAGACGCCA_004,32
GTCACTACTTCCAGACGCCA_005,31
GTCACTACTTCCAGACGCCA_006,52
GTCACTACTTCCAGACGCCA_007,35
GTCACTACTTCCAGACGCCA_008,199
GTCACTACTTCCAGACGCCA_009,147
GTCACTACTTCCAGACGCCA_010,81
GTCACTACTTCCAGACGCCA_011,9
GTCACTACTTCCAGACGCCA_012,9
GTCACTACTTCCAGACGCCA_013,94
CCAGGGTGACCACCATGACG_001,51
CCAGGGTGACCACCATGACG_002,101
CCAGGGTGACCACCATGACG_003,26
CCAGGGTGACCACCATGACG_004,185
CCAGGGTGACCACCATGACG_005,42
CCAGGGTGACCACCATGACG_006,55
CCAGGGTGACCACCATGACG_007,175
CCAGGGTGACCACCATGACG_008,166
CCAGGGTGACCACCATGACG_009,94
CCAGGGTGACCACCATGACG_010,94
CCAGGGTGACCACCATGACG_011,130
CCAGGGTGACCACCATGACG_012,147
CCAGGGTGACCACCATGACG_013,88
CCAGGGTGACCACCATGACG_014,44
CCAGGGTGACCACCATGACG_015,52
AGGAAAATTTCCGAACGGGG_001,63
AGGAAAATTTCCGAACGGGG_002,63
TCCGCTCCCGCGCCCAAGAA_001,131
TCCGCTCCCGCGCCCAAGAA_002,81
TCCGCTCCCGCGCCCAAGAA_003,175
TCCGCTCCCGCGCCCAAGAA_004,85
TCCGCTCCCGCGCCCAAGAA_005,63
TCCGCTCCCGCGCCCAAGAA_006,149
ACTCGGCCTGCGATGCTCTG_001,0
ACTCGGCCTGCGATGCTCTG_002,38
ACTCGGCCTGCGATGCTCTG_003,159
ACTCGGCCTGCGATGCTCTG_004,73
ACTCGGCCTGCGATGCTCTG_005,118
ACTCGGCCTGCGATGCTCTG_006,16
ACTCGGCCTGCGATGCTCTG_007,32
ACTCGGCCTGCGATGCTCTG_008,194
ACTCGGCCTGCGATGCTCTG_009,32
ACTCGGCCTGCGATGCTCTG_010,129
ACTCGGCCTGCGATGCTCTG_011,18
ACTCGGCCTGCGATGCTCTG_012,129
ACTCGGCCTGCGATGCTCTG_013,118
ACTCGGCCTGCGATGCTCTG_014,150
ACTCGGCCTGCGATGCTCTG_015,180
ACTCGGCCTGCGATGCTCTG_016,102
ACTCGGCCTGCGATGCTCTG_017,60
ACTCGGCCTGCGATGCTCTG_018,62
ACTCGGCCTGCGATGCTCTG_019,147
GCTGGAGAGACAATTCTACT_001,115
GCTGGAGAGACAATTCTACT_002,170
CCGCGAGTATTTCTACTACG_001,115
CCGCGAGTATTTCTACTACG_002,176
CCGCGAGTATTTCTACTACG_003,48
CAGGTCTGGAAGCTGAGTTG_001,66
CAGGTCTGGAAGCTGAGTTG_002,140
CAGGTCTGGAAGCTGAGTTG_003,127
TCTGTCAGGATAATTCCCCG_001,161
TCTGTCAGGATAATTCCCCG_002,149
TCTGTCAGGATAATTCCCCG_003,49
TCTGTCAGGATAATTCCCCG_004,77
TCTGTCAGGATAATTCCCCG_005,171
ACCATGATACTGGAGAATGT_001,88
ACCATGATACTGGAGAATGT_002,76
ACCATGATACTGGAGAATGT_003,141
ACCATGATACTGGAGAATGT_004,79
ACCATGATACTGGAGAATGT_005,1
CCCGACTCCTCGACTTGCTG_001,97
CCCGACTCCTCGACTTGCTG_002,187
CCCGACTCCTCGACTTGCTG_003,122
CCCGACTCCTCGACTTGCTG_004,197
ACTTGGAGGAACAGACACCT_001,58
ACTTGGAGGAACAGACACCT_002,137
ACTTGGAGGAACAGACACCT_003,156
ACTTGGAGGAACAGACACCT_004,19
ACTTGGAGGAACAGACACCT_005,198
ACTTGGAGGAACAGACACCT_006,49
ACTTGGAGGAACAGACACCT_007,81
ACTTGGAGGAACAGACACCT_008,119
ACTTGGAGGAACAGACACCT_009,82
ACTTGGAGGAACAGACACCT_010,83
ACTTGGAGGAACAGACACCT_011,188
ACTTGGAGGAACAGACACCT_012,199
ACTTGGAGGAACAGACACCT_013,105
ACTTGGAGGAACAGACACCT_014,77
ACTTGGAGGAACAGACACCT_015,50
GACCAGCTCATGGCCTTCGG_001,122
GACCAGCTCATGGCCTTCGG_002,179
GACCAGCTCATGGCCTTCGG_003,105
GACCAGCTCATGGCCTTCGG_004,170
GACCAGCTCATGGCCTTCGG_005,70
GACCAGCTCATGGCCTTCGG_006,51
GACCAGCTCATGGCCTTCGG_007,133
GACCAGCTCATGGCCTTCGG_008,182
GACCAGCTCATGGCCTTCGG_009,88
GACCAGCTCATGGCCTTCGG_010,63
GACCAGCTCATGGCCTTCGG_011,105
GACCAGCTCATGGCCTTCGG_012,70
GACCAGCTCATGGCCTTCGG_013,148
GACCAGCTCATGGCCTTCGG_014,139
GACCAGCTCATGGCCTTCGG_015,0
GACCAGCTCATGGCCTTCGG_016,76
GACCAGCTCATGGCCTTCGG_017,141
GACCAGCTCATGGCCTTCGG_018,180
GACCAGCTCATGGCCTTCGG_019,81
GACCAGCTCATGGCCTTCGG_020,78
GACCAGCTCATGGCCTTCGG_021,77
CTCCAGACACCATCTCGTTA_001,83
CTCCAGACACCATCTCGTTA_002,98
CTCCAGACACCATCTCGTTA_003,65
CTCCAGACACCATCTCGTTA_004,169
CTCCAGACACCATCTCGTTA_005,2
ACCTCGAACTGGCCCACCAG_001,49
ACCTCGAACTGGCCCACCAG_002,166
ACCTCGAACTGGCCCACCAG_003,168
ACCTCGAACTGGCCCACCAG_004,151
ACCTCGAACTGGCCCACCAG_005,12
ACCTCGAACTGGCCCACCAG_006,98
ACCTCGAACTGGCCCACCAG_007,108
ACCTCGAACTGGCCCACCAG_008,50
ACCTCGAACTGGCCCACCAG_009,195
ACCTCGAACTGGCCCACCAG_010,1
ACCTCGAACTGGCCCACCAG_011,47
AGTTAACAGAAGACATAACA_001,199
GACTCCAATGCAAGGAGTAG_001,83
GACTCCAATGCAAGGAGTAG_002,23
GACTCCAATGCAAGGAGTAG_003,55
GACTCCAATGCAAGGAGTAG_004,42
GTAGCTCCAATAATCCCGAA_001,24
GTAGCTCCAATAATCCCGAA_002,199
GTAGCTCCAATAATCCCGAA_003,186
TGAAGACGAGGTGGAAGACG_001,4
TGAAGACGAGGTGGAAGACG_002,141
TGAAGACGAGGTGGAAGACG_003,55
TGAAGACGAGGTGGAAGACG_004,180
TGGTCACTGTCAACAGTGAG_001,95
TGGTCACTGTCAACAGTGAG_002,0
TGGTCACTGTCAACAGTGAG_003,172
GATTATATGACTCAGGCTAG_001,185
CGTTCAACAACTTACTGTCG_001,191
CGTTCAACAACTTACTGTCG_002,173
CGTTCAACAACTTACTGTCG_003,0
CGTTCAACAACTTACTGTCG_004,179
CGTTCAACAACTTACTGTCG_005,42
CGTTCAACAACTTACTGTCG_006,79
CGTTCAACAACTTACTGTCG_007,81
CGTTCAACAACTTACTGTCG_008,181
CGTTCAACAACTTACTGTCG_009,40
AGATGATGGACGCGCAGCTG_001,15
AGATGATGGACGCGCAGCTG_002,3
AGATGATGGACGCGCAGCTG_003,72
AGATGATGGACGCGCAGCTG_004,41
AGATGATGGACGCGCAGCTG_005,183
AGATGATGGACGCGCAGCTG_006,55
AGATGATGGACGCGCAGCTG_007,23
AGATGATGGACGCGCAGCTG_008,186
AGATGATGGACGCGCAGCTG_009,103
AGATGATGGACGCGCAGCTG_010,199
AGATGATGGACGCGCAGCTG_011,141
AGATGATGGACGCGCAGCTG_012,61
AGATGATGGACGCGCAGCTG_013,129
AGATGATGGACGCGCAGCTG_014,52
AGATGATGGACGCGCAGCTG_015,98
AGATGATGGACGCGCAGCTG_016,164
AGATGATGGACGCGCAGCTG_017,19
AGATGATGGACGCGCAGCTG_018,77
AGATGATGGACGCGCAGCTG_019,139
AGATGATGGACGCGCAGCTG_020,124
AGATGATGGACGCGCAGCTG_021,77
AGATGATGGACGCGCAGCTG_022,138
AGATGATGGACGCGCAGCTG_023,124
AGATGATGGACGCGCAGCTG_024,156
AGATGATGGACGCGCAGCTG_025,156
AGATGATGGACGCGCAGCTG_026,121
AGATGATGGACGCGCAGCTG_027,165
AGGATTCTTAGGGCCAAGTG_001,177
AGGATTCTTAGGGCCAAGTG_002,150
AGGATTCTTAGGGCCAAGTG_003,172
AGGATTCTTAGGGCCAAGTG_004,127
AGGATTCTTAGGGCCAAGTG_005,30
AGGATTCTTAGGGCCAAGTG_006,148
AGGATTCTTAGGGCCAAGTG_007,88
AGGATTCTTAGGGCCAAGTG_008,1
AGGATTCTTAGGGCCAAGTG_009,78
AGGATTCTTAGGGCCAAGTG_010,169
AGGATTCTTAGGGCCAAGTG_011,70
AGGATTCTTAGGGCCAAGTG_012,184
AGGATTCTTAGGGCCAAGTG_013,188
AGGATTCTTAGGGCCAAGTG_014,94
CTGGCGACGGGAGACAACCA_001,148
CTGGCGACGGGAGACAACCA_002,81
CTGGCGACGGGAGACAACCA_003,164
CTGGCGACGGGAGACAACCA_004,161
AAGTTTAAGGTCATGAGCCA_001,97
AAGTTTAAGGTCATGAGCCA_002,199
AAGTTTAAGGTCATGAGCCA_003,173
AAGTTTAAGGTCATGAGCCA_004,66
AAGTTTAAGGTCATGAGCCA_005,199
AAGTTTAAGGTCATGAGCCA_006,88
AAGTTTAAGGTCATGAGCCA_007,57
AAGTTTAAGGTCATGAGCCA_008,72
AAGTTTAAGGTCATGAGCCA_009,153
AAGTTTAAGGTCATGAGCCA_010,40
AAGTTTAAGGTCATGAGCCA_011,66
CAGGTAGTCGGAGTAGACCA_001,150
CAGGTAGTCGGAGTAGACCA_002,88
CAGGTAGTCGGAGTAGACCA_003,69
CAGGTAGTCGGAGTAGACCA_004,22
CAGGTAGTCGGAGTAGACCA_005,165
CAGGTAGTCGGAGTAGACCA_006,137
CAGGTAGTCGGAGTAGACCA_007,184
CAGGTAGTCGGAGTAGACCA_008,112
CAGGTAGTCGGAGTAGACCA_009,129
GGCCGCCTGACAGGGTACAG_001,109
GGCCGCCTGACAGGGTACAG_002,53
GGCCGCCTGACAGGGTACAG_003,93
GGCCGCCTGACAGGGTACAG_004,93
GGCCGCCTGACAGGGTACAG_005,8
GGCCGCCTGACAGGGTACAG_006,124
GGCCGCCTGACAGGGTACAG_007,69
GGCCGCCTGACAGGGTACAG_008,105
GGCCGCCTGACAGGGTACAG_009,88
GGCCGCCTGACAGGGTACAG_010,16
GGCCGCCTGACAGGGTACAG_011,190
GGCCGCCTGACAGGGTACAG_012,25
GGCCGCCTGACAGGGTACAG_013,161
GGCCGCCTGACAGGGTACAG_014,119
GGCCGCCTGACAGGGTACAG_015,110
GGCCGCCTGACAGGGTACAG_016,63
GGCCGCCTGACAGGGTACAG_017,1
GGCCGCCTGACAGGGTACAG_018,115
GGCCGCCTGACAGGGTACAG_019,17
GGCCGCCTGACAGGGTACAG_020,84
GGCCGCCTGACAGGGTACAG_021,17
GGCCGCCTGACAGGGTACAG_022,177
GGCCGCCTGACAGGGTACAG_023,97
GGCCGCCTGACAGGGTACAG_024,69
GGCCGCCTGACAGGGTACAG_025,174
CATATTGAGCTGATTCCATG_001,106
CATATTGAGCTGATTCCATG_002,199
CATATTGAGCTGATTCCATG_003,191
CAGGGTCTCAAGATCTACAG_001,14
CAGGGTCTCAAGATCTACAG_002,144
CAGGGTCTCAAGATCTACAG_003,146
CAGGGTCTCAAGATCTACAG_004,172
CAGGGTCTCAAGATCTACAG_005,1
CAGGGTCTCAAGATCTACAG_006,106
CAGGGTCTCAAGATCTACAG_007,102
CAGGGTCTCAAGATCTACAG_008,170
CAGGGTCTCAAGATCTACAG_009,116
CAGGGTCTCAAGATCTACAG_010,49
CAGGGTCTCAAGATCTACAG_011,179
CAGGGTCTCAAGATCTACAG_012,58
CAGGGTCTCAAGATCTACAG_013,63
CAGGGTCTCAAGATCTACAG_014,10
AGAACGTGAAAAAAACCGAC_001,62
AGAACGTGAAAAAAACCGAC_002,58
AGAACGTGAAAAAAACCGAC_003,2
AGAACGTGAAAAAAACCGAC_004,82
CTCTGCCCTTTCAGACATCA_001,146
CTCTGCCCTTTCAGACATCA_002,183
CTCTGCCCTTTCAGACATCA_003,112
CTCTGCCCTTTCAGACATCA_004,106
CTCTGCCCTTTCAGACATCA_005,2
CTCTGCCCTTTCAGACATCA_006,177
CTCTGCCCTTTCAGACATCA_007,147
CTCTGCCCTTTCAGACATCA_008,149
CTCTGCCCTTTCAGACATCA_009,154
CTCTGCCCTTTCAGACATCA_010,2
CTCTGCCCTTTCAGACATCA_011,41
CAAAAGGATCCCCATCTCGA_001,48
CAAAAGGATCCCCATCTCGA_002,56
CAAAAGGATCCCCATCTCGA_003,144
CAGAGCGAAGGTTATCGTCA_001,13
CAGAGCGAAGGTTATCGTCA_002,94
CAGAGCGAAGGTTATCGTCA_003,17
CAGAGCGAAGGTTATCGTCA_004,105
CAGAGCGAAGGTTATCGTCA_005,14
CAGAGCGAAGGTTATCGTCA_006,181
CAGAGCGAAGGTTATCGTCA_007,30
CAGAGCGAAGGTTATCGTCA_008,163
GCCTGCGACAAGACGGACGA_001,171
GCCTGCGACAAGACGGACGA_002,137
GCCTGCGACAAGACGGACGA_003,150
GCCTGCGACAAGACGGACGA_004,184
GCCTGCGACAAGACGGACGA_005,110
GCCTGCGACAAGACGGACGA_006,169
GCCTGCGACAAGACGGACGA_007,145
GCCTGCGACAAGACGGACGA_008,149
GCCTGCGACAAGACGGACGA_009,77
GCCTGCGACAAGACGGACGA_010,62
GCCTGCGACAAGACGGACGA_011,129
GCCTGCGACAAGACGGACGA_012,11
GCCTGCGACAAGACGGACGA_013,81
GCCTGCGACAAGACGGACGA_014,5
GCCTGCGACAAGACGGACGA_015,176
GCCTGCGACAAGACGGACGA_016,31
GCCTGCGACAAGACGGACGA_017,81
GCCTGCGACAAGACGGACGA_018,42
GGCCGCGCCACTCACTGTCG_001,188
GGCCGCGCCACTCACTGTCG_002,19
GGCCGCGCCACTCACTGTCG_003,64
GGCCGCGCCACTCACTGTCG_004,17
GGCCGCGCCACTCACTGTCG_005,48
GGCCGCGCCACTCACTGTCG_006,77
GGCCGCGCCACTCACTGTCG_007,196
GGCCGCGCCACTCACTGTCG_008,112
GGCCGCGCCACTCACTGTCG_009,191
GGCCGCGCCACTCACTGTCG_010,169
GGCCGCGCCACTCACTGTCG_011,44
GGCCGCGCCACTCACTGTCG_012,184
GGCCGCGCCACTCACTGTCG_013,95
GGCCGCGCCACTCACTGTCG_014,96
GGCCGCGCCACTCACTGTCG_015,9
GGCCGCGCCACTCACTGTCG_016,112
GGCCGCGCCACTCACTGTCG_017,12
GGCCGCGCCACTCACTGTCG_018,188
GGCCGCGCCACTCACTGTCG_019,180
GGCCGCGCCACTCACTGTCG_020,142
GGCCGCGCCACTCACTGTCG_021,157
GGCCGCGCCACTCACTGTCG_022,62
GGCCGCGCCACTCACTGTCG_023,37
CCCACCCGCAGAGGACCGAG_001,168
CCCACCCGCAGAGGACCGAG_002,25
CCCACCCGCAGAGGACCGAG_003,102
CCCACCCGCAGAGGACCGAG_004,0
CCCACCCGCAGAGGACCGAG_005,40
GTACGTACCCAGAGCGAACA_001,192
GTACGTACCCAGAGCGAACA_002,10
GTACGTACCCAGAGCGAACA_003,103
GTACGTACCCAGAGCGAACA_004,176
GTACGTACCCAGAGCGAACA_005,35
AGTGGAACACACGGGCCAAG_001,102
AGTGGAACACACGGGCCAAG_002,41
AGTGGAACACACGGGCCAAG_003,70
AGTGGAACACACGGGCCAAG_004,70
AGTGGAACACACGGGCCAAG_005,170
CCTGCAAGTACTTGACCAGG_001,21
CCTGCAAGTACTTGACCAGG_002,156
CCTGCAAGTACTTGACCAGG_003,110
CCTGCAAGTACTTGACCAGG_004,116
CCTGCAAGTACTTGACCAGG_005,58
CCTGCAAGTACTTGACCAGG_006,141
CCTGCAAGTACTTGACCAGG_007,121
GAAGGAGTTCCAGCTAACAG_001,169
GAAGGAGTTCCAGCTAACAG_002,13
GAAGGAGTTCCAGCTAACAG_003,141
GAAGGAGTTCCAGCTAACAG_004,162
GAAGGAGTTCCAGCTAACAG_005,48
GAAGGAGTTCCAGCTAACAG_006,102
GAAGGAGTTCCAGCTAACAG_007,42
GAAGGAGTTCCAGCTAACAG_008,168
GTATGGCAGCCAAGAACCTG_001,102
GTATGGCAGCCAAGAACCTG_002,186
GTATGGCAGCCAAGAACCTG_003,46
GTATGGCAGCCAAGAACCTG_004,30
GTATGGCAGCCAAGAACCTG_005,10
GTATGGCAGCCAAGAACCTG_006,106
GTATGGCAGCCAAGAACCTG_007,94
GTATGGCAGCCAAGAACCTG_008,14
GAGGTATACATGGCCATGCG_001,191
GAGGTATACATGGCCATGCG_002,17
GAGGTATACATGGCCATGCG_003,183
GAGGTATACATGGCCATGCG_004,107
GAGGTATACATGGCCATGCG_005,174
GAGGTATACATGGCCATGCG_006,105
TAGTCACAAATGTCATACAG_001,38
TCGAAATCAGTTCGTACACC_001,160
TCGAAATCAGTTCGTACACC_002,27
TCGAAATCAGTTCGTACACC_003,157
GGTGAACATGCACAGCCGCG_001,115
GGTGAACATGCACAGCCGCG_002,177
GGTGAACATGCACAGCCGCG_003,163
TTTCTGACGCAGGGTACCAG_001,166
TTTCTGACGCAGGGTACCAG_002,141
TTTCTGACGCAGGGTACCAG_003,141
TTTCTGACGCAGGGTACCAG_004,2
TTTCTGACGCAGGGTACCAG_005,105
TTTCTGACGCAGGGTACCAG_006,103
TTTCTGACGCAGGGTACCAG_007,149
TTTCTGACGCAGGGTACCAG_008,94
TTTCTGACGCAGGGTACCAG_009,38
GACGGGTGCGACCAGAGCGT_001,75
GACGGGTGCGACCAGAGCGT_002,125
GACGGGTGCGACCAGAGCGT_003,185
CTGCCAAGGAATAGACACAC_001,113
CTGCCAAGGAATAGACACAC_002,183
CTGCCAAGGAATAGACACAC_003,6
CTGCCAAGGAATAGACACAC_004,6
CTGCCAAGGAATAGACACAC_005,49
CTGCCAAGGAATAGACACAC_006,68
CTGCCAAGGAATAGACACAC_007,88
CTGCCAAGGAATAGACACAC_008,20
CTGCCAAGGAATAGACACAC_009,46
CTGCCAAGGAATAGACACAC_010,77
CTGCCAAGGAATAGACACAC_011,198
CTGCCAAGGAATAGACACAC_012,88
CTGCCAAGGAATAGACACAC_013,127
CTGCCAAGGAATAGACACAC_014,141
CTGCCAAGGAATAGACACAC_015,52
CTGCCAAGGAATAGACACAC_016,63
CTGCCAAGGAATAGACACAC_017,63
CAACCTCTCGTACATCGGCG_001,96
CAACCTCTCGTACATCGGCG_002,50
CAACCTCTCGTACATCGGCG_003,162
CAACCTCTCGTACATCGGCG_004,165
CAACCTCTCGTACATCGGCG_005,160
CAACCTCTCGTACATCGGCG_006,99
AGGCACCAAGTCCAGAACAC_001,127
AGGCACCAAGTCCAGAACAC_002,183
AGGCACCAAGTCCAGAACAC_003,107
AGGCACCAAGTCCAGAACAC_004,9
AGGCACCAAGTCCAGAACAC_005,10
AGGCACCAAGTCCAGAACAC_006,102
AGGCACCAAGTCCAGAACAC_007,58
AGGCACCAAGTCCAGAACAC_008,170
AGGCACCAAGTCCAGAACAC_009,56
AGGCACCAAGTCCAGAACAC_010,38
AGGCACCAAGTCCAGAACAC_011,81
AGGCACCAAGTCCAGAACAC_012,12
AGGCACCAAGTCCAGAACAC_013,144
AGGCACCAAGTCCAGAACAC_014,92
AGGCACCAAGTCCAGAACAC_015,174
AGGCACCAAGTCCAGAACAC_016,98
CAGTATACACAATTCATCAG_001,36
CAGTATACACAATTCATCAG_002,60
CAGTATACACAATTCATCAG_003,181
CAGTATACACAATTCATCAG_004,111
CAGTATACACAATTCATCAG_005,82
CAGTATACACAATTCATCAG_006,137
CAGTATACACAATTCATCAG_007,118
GCACGGACTCTCAATCGGTG_001,46
CCTGGACAACAGAAAATGCA_001,60
CCTGGACAACAGAAAATGCA_002,187
CCTGGACAACAGAAAATGCA_003,17
CCTGGACAACAGAAAATGCA_004,3
CCTGGACAACAGAAAATGCA_005,162
CCTGGACAACAGAAAATGCA_006,169
CCTGGACAACAGAAAATGCA_007,75
CCTGGACAACAGAAAATGCA_008,146
CCTGGACAACAGAAAATGCA_009,34
CCTGGACAACAGAAAATGCA_010,49
GGGACAAGGCATGATCTCCA_001,161
GGGACAAGGCATGATCTCCA_002,124
GGGACAAGGCATGATCTCCA_003,77
GGGACAAGGCATGATCTCCA_004,71
GGGACAAGGCATGATCTCCA_005,71
GGGACAAGGCATGATCTCCA_006,46
GGGACAAGGCATGATCTCCA_007,113
GGGACAAGGCATGATCTCCA_008,184
GGGACAAGGCATGATCTCCA_009,69
GGGACAAGGCATGATCTCCA_010,27
GGGACAAGGCATGATCTCCA_011,3
GGGACAAGGCATGATCTCCA_012,191
GATGTAGCCGTAAACAACAA_001,55
GATGTAGCCGTAAACAACAA_002,43
GATGTAGCCGTAAACAACAA_003,159
GATGTAGCCGTAAACAACAA_004,40
GATGTAGCCGTAAACAACAA_005,174
GATGTAGCCGTAAACAACAA_006,155
GATGTAGCCGTAAACAACAA_007,168
GATGTAGCCGTAAACAACAA_008,93
GATGTAGCCGTAAACAACAA_009,183
GATGTAGCCGTAAACAACAA_010,81
GATGTAGCCGTAAACAACAA_011,56
GATGTAGCCGTAAACAACAA_012,54
GATGTAGCCGTAAACAACAA_013,34
AGTAGAAAAGGGCGACAACC_001,130
AGTAGAAAAGGGCGACAACC_002,145
AGTAGAAAAGGGCGACAACC_003,82
AGTAGAAAAGGGCGACAACC_004,60
AGTAGAAAAGGGCGACAACC_005,30
AGTAGAAAAGGGCGACAACC_006,124
AGTAGAAAAGGGCGACAACC_007,98
AGTAGAAAAGGGCGACAACC_008,77
CTGGGGGCCTCATAAAACAG_001,113
CTGGGGGCCTCATAAAACAG_002,19
CTGGGGGCCTCATAAAACAG_003,84
CTGGGGGCCTCATAAAACAG_004,90
CCTGGTGGTGAACTTAACCC_001,24
TCCTGGTGCCATATGCCATG_001,41
TCCTGGTGCCATATGCCATG_002,35
TCCTGGTGCCATATGCCATG_003,77
TCCTGGTGCCATATGCCATG_004,184
TCCTGGTGCCATATGCCATG_005,158
ATGACCATGATTTCAGCATG_001,198
ATGACCATGATTTCAGCATG_002,158
ATGACCATGATTTCAGCATG_003,55
ATGACCATGATTTCAGCATG_004,67
ATGACCATGATTTCAGCATG_005,83
ATGACCATGATTTCAGCATG_006,49
ATGACCATGATTTCAGCATG_007,85
ATGACCATGATTTCAGCATG_008,58
ATGACCATGATTTCAGCATG_009,169
TCAGGCACTTTGGACACGGT_001,53
TCAGGCACTTTGGACACGGT_002,92
TCAGGCACTTTGGACACGGT_003,159
TCAGGCACTTTGGACACGGT_004,193
TCAGGCACTTTGGACACGGT_005,199
AGGTGCGAAGTGACGCAGAG_001,10
AGGTGCGAAGTGACGCAGAG_002,47
AGGTGCGAAGTGACGCAGAG_003,106
AGGTGCGAAGTGACGCAGAG_004,116
AGGTGCGAAGTGACGCAGAG_005,60
AGGTGCGAAGTGACGCAGAG_006,88
AGGTGCGAAGTGACGCAGAG_007,88
AGGTGCGAAGTGACGCAGAG_008,88
AGGTGCGAAGTGACGCAGAG_009,197
AGGTGCGAAGTGACGCAGAG_010,1
AGGTGCGAAGTGACGCAGAG_011,150
AGGTGCGAAGTGACGCAGAG_012,19
AGGTGCGAAGTGACGCAGAG_013,102
AGGTGCGAAGTGACGCAGAG_014,13
AGGTGCGAAGTGACGCAGAG_015,186
AGGTGCGAAGTGACGCAGAG_016,87
AGGTGCGAAGTGACGCAGAG_017,199
AGGTGCGAAGTGACGCAGAG_018,117
AGGTGCGAAGTGACGCAGAG_019,45
AGGTGCGAAGTGACGCAGAG_020,119
AGGTGCGAAGTGACGCAGAG_021,52
AGGTGCGAAGTGACGCAGAG_022,72
AGGTGCGAAGTGACGCAGAG_023,6
AGGTGCGAAGTGACGCAGAG_024,44
AGGTGCGAAGTGACGCAGAG_025,88
AGGTGCGAAGTGACGCAGAG_026,171
CTGCTCTCAACATGCGAGTG_001,154
CTGCTCTCAACATGCGAGTG_002,53
CTGCTCTCAACATGCGAGTG_003,53
CTGCTCTCAACATGCGAGTG_004,193
CTGCTCTCAACATGCGAGTG_005,98
CTGCTCTCAACATGCGAGTG_006,9
CTGCTCTCAACATGCGAGTG_007,92
CTGCTCTCAACATGCGAGTG_008,73
CTGCTCTCAACATGCGAGTG_009,16
CTGCTCTCAACATGCGAGTG_010,32
CTGCTCTCAACATGCGAGTG_011,137
CTGCTCTCAACATGCGAGTG_012,53
CTGCTCTCAACATGCGAGTG_013,132
CTGCTCTCAACATGCGAGTG_014,154
CTGCTCTCAACATGCGAGTG_015,189
ATCAGATGGGCTCCGACCCA_001,37
ATCAGATGGGCTCCGACCCA_002,6
ATCAGATGGGCTCCGACCCA_003,162
ATCAGATGGGCTCCGACCCA_004,58
ATCAGATGGGCTCCGACCCA_005,83
ATCAGATGGGCTCCGACCCA_006,148
ATCAGATGGGCTCCGACCCA_007,178
ATCAGATGGGCTCCGACCCA_008,66
CCAGCGCGATGTCAACTGCT_001,189
CCAGCGCGATGTCAACTGCT_002,109
CCAGCGCGATGTCAACTGCT_003,190
CCAGCGCGATGTCAACTGCT_004,88
CCAGCGCGATGTCAACTGCT_005,160
AAGCCAATCCTGCTTGTGCA_001,162
AAGCCAATCCTGCTTGTGCA_002,15
AAGCCAATCCTGCTTGTGCA_003,75
AAGCCAATCCTGCTTGTGCA_004,149
AAGCCAATCCTGCTTGTGCA_005,149
AAGCCAATCCTGCTTGTGCA_006,184
AAGCCAATCCTGCTTGTGCA_007,78
AAGCCAATCCTGCTTGTGCA_008,36
AATAGACTTTGCCCCCGTAG_001,96
AATAGACTTTGCCCCCGTAG_002,113
AATAGACTTTGCCCCCGTAG_003,197
AATAGACTTTGCCCCCGTAG_004,15
GCGGCACTCGAGCAGCCCGG_001,34
GCGGCACTCGAGCAGCCCGG_002,34
GCGGCACTCGAGCAGCCCGG_003,93
GCGGCACTCGAGCAGCCCGG_004,93
GCGGCACTCGAGCAGCCCGG_005,119
GCGGCACTCGAGCAGCCCGG_006,175
GCGGCACTCGAGCAGCCCGG_007,86
GCGGCACTCGAGCAGCCCGG_008,197
GCGGCACTCGAGCAGCCCGG_009,65
GCGGCACTCGAGCAGCCCGG_010,153
TCTGAAGATACGCCATGTAG_001,96
TCTGAAGATACGCCATGTAG_002,188
TCTGAAGATACGCCATGTAG_003,170
GTCACCTGCCCGCGCGAGGG_001,5
GTCACCTGCCCGCGCGAGGG_002,146
GTCACCTGCCCGCGCGAGGG_003,161
GTCACCTGCCCGCGCGAGGG_004,74
GTCACCTGCCCGCGCGAGGG_005,112
GTCACCTGCCCGCGCGAGGG_006,155
GTCACCTGCCCGCGCGAGGG_007,32
GTCACCTGCCCGCGCGAGGG_008,49
GTCACCTGCCCGCGCGAGGG_009,83
GTCACCTGCCCGCGCGAGGG_010,35
GTCACCTGCCCGCGCGAGGG_011,49
GTCACCTGCCCGCGCGAGGG_012,127
GTCACCTGCCCGCGCGAGGG_013,199
GTCACCTGCCCGCGCGAGGG_014,79
GTCACCTGCCCGCGCGAGGG_015,3
GTCACCTGCCCGCGCGAGGG_016,97
GTCACCTGCCCGCGCGAGGG_017,44
GTCACCTGCCCGCGCGAGGG_018,69
GTCACCTGCCCGCGCGAGGG_019,84
GTCACCTGCCCGCGCGAGGG_020,123
GTCACCTGCCCGCGCGAGGG_021,138
GTCACCTGCCCGCGCGAGGG_022,137
GTCACCTGCCCGCGCGAGGG_023,12
GTCACCTGCCCGCGCGAGGG_024,174
GTCACCTGCCCGCGCGAGGG_025,197
GTCACCTGCCCGCGCGAGGG_026,123
CAGCACCATCTCCATCAATG_001,94
CAGCACCATCTCCATCAATG_002,197
CAGCACCATCTCCATCAATG_003,184
CAGCACCATCTCCATCAATG_004,184
CAGCACCATCTCCATCAATG_005,81
CAGCACCATCTCCATCAATG_006,39
CGATGAGCCCCACAGAGCTG_001,1
CGATGAGCCCCACAGAGCTG_002,58
CGATGAGCCCCACAGAGCTG_003,73
CGATGAGCCCCACAGAGCTG_004,49
CGATGAGCCCCACAGAGCTG_005,76
CGATGAGCCCCACAGAGCTG_006,9
CGATGAGCCCCACAGAGCTG_007,1
CGATGAGCCCCACAGAGCTG_008,4
CGATGAGCCCCACAGAGCTG_009,150
CGATGAGCCCCACAGAGCTG_010,84
CGATGAGCCCCACAGAGCTG_011,166
CGATGAGCCCCACAGAGCTG_012,8
CGATGAGCCCCACAGAGCTG_013,43
CGATGAGCCCCACAGAGCTG_014,64
CTCGGCTCCGAACACCCAGG_001,81
CTCGGCTCCGAACACCCAGG_002,116
CTCGGCTCCGAACACCCAGG_003,184
CTCGGCTCCGAACACCCAGG_004,108
CTCGGCTCCGAACACCCAGG_005,70
CTCGGCTCCGAACACCCAGG_006,197
CTCGGCTCCGAACACCCAGG_007,41
CTCGGCTCCGAACACCCAGG_008,104
CTCGGCTCCGAACACCCAGG_009,146
CTCGGCTCCGAACACCCAGG_010,1
CTCGGCTCCGAACACCCAGG_011,29
GGTAAGCCATATGAGAAAGG_001,0
CCGCAACGGCCAGTACGCCG_001,83
CCGCAACGGCCAGTACGCCG_002,8
TCACCCGTACGCGGAGACCA_001,158
TCACCCGTACGCGGAGACCA_002,58
TCACCCGTACGCGGAGACCA_003,35
TCACCCGTACGCGGAGACCA_004,58
TCACCCGTACGCGGAGACCA_005,83
TCACCCGTACGCGGAGACCA_006,128
TCACCCGTACGCGGAGACCA_007,148
TCACCCGTACGCGGAGACCA_008,91
TCACCCGTACGCGGAGACCA_009,1
TCACCCGTACGCGGAGACCA_010,132
TCACCCGTACGCGGAGACCA_011,88
ATACCTTAGGGGTAAACATG_001,90
TGTTCCAGACGTCCAAAACG_001,104
TGTTCCAGACGTCCAAAACG_002,76
CAACAAAAACCTATGGAATG_001,68
CAACAAAAACCTATGGAATG_002,70
CCCCCGGAAGGCTTCCCTAG_001,154
CCCCCGGAAGGCTTCCCTAG_002,104
CCCCCGGAAGGCTTCCCTAG_003,189
CCCCCGGAAGGCTTCCCTAG_004,130
CCCCCGGAAGGCTTCCCTAG_005,76
CCCCCGGAAGGCTTCCCTAG_006,169
CCCCCGGAAGGCTTCCCTAG_007,151
CCCCCGGAAGGCTTCCCTAG_008,22
CCCCCGGAAGGCTTCCCTAG_009,60
CCCCCGGAAGGCTTCCCTAG_010,124
CCCCCGGAAGGCTTCCCTAG_011,9
CCCCCGGAAGGCTTCCCTAG_012,151
CCCCCGGAAGGCTTCCCTAG_013,106
CCCCCGGAAGGCTTCCCTAG_014,79
TTGGAAAACGAGCCAATGAG_001,115
TTGGAAAACGAGCCAATGAG_002,187
TTGGAAAACGAGCCAATGAG_003,150
TTGGAAAACGAGCCAATGAG_004,1
TTGGAAAACGAGCCAATGAG_005,82
TTGGAAAACGAGCCAATGAG_006,147
TTGGAAAACGAGCCAATGAG_007,78
TTGGAAAACGAGCCAATGAG_008,138
TTGGAAAACGAGCCAATGAG_009,101
TTGGAAAACGAGCCAATGAG_010,6
TTGGATCCAGAGAAGCGAGG_001,118
TTGGATCCAGAGAAGCGAGG_002,147
TTGGATCCAGAGAAGCGAGG_003,81
TTGGATCCAGAGAAGCGAGG_004,1
TTGGATCCAGAGAAGCGAGG_005,177
TTGGATCCAGAGAAGCGAGG_006,58
TTGGATCCAGAGAAGCGAGG_007,178
TTGGATCCAGAGAAGCGAGG_008,178
TTGGATCCAGAGAAGCGAGG_009,150
TTGGATCCAGAGAAGCGAGG_010,168
TTGGATCCAGAGAAGCGAGG_011,155
TTGGATCCAGAGAAGCGAGG_012,49
AGATGATGGTCTGCACTCCA_001,29
AGATGATGGTCTGCACTCCA_002,145
AGATGATGGTCTGCACTCCA_003,154
AGATGATGGTCTGCACTCCA_004,9
AGATGATGGTCTGCACTCCA_005,15
AGATGATGGTCTGCACTCCA_006,115
AGATGATGGTCTGCACTCCA_007,19
AGATGATGGTCTGCACTCCA_008,107
AGATGATGGTCTGCACTCCA_009,127
AGATGATGGTCTGCACTCCA_010,190
AGATGATGGTCTGCACTCCA_011,141
AGATGATGGTCTGCACTCCA_012,94
AGATGATGGTCTGCACTCCA_013,165
AGATGATGGTCTGCACTCCA_014,168
AGATGATGGTCTGCACTCCA_015,30
AGATGATGGTCTGCACTCCA_016,92
AGATGATGGTCTGCACTCCA_017,150
AGATGATGGTCTGCACTCCA_018,115
AGATGATGGTCTGCACTCCA_019,138
AGATGATGGTCTGCACTCCA_020,184
AGATGATGGTCTGCACTCCA_021,70
AGATGATGGTCTGCACTCCA_022,70
AGATGATGGTCTGCACTCCA_023,148
AGATGATGGTCTGCACTCCA_024,162
AGATGATGGTCTGCACTCCA_025,197
AGATGATGGTCTGCACTCCA_026,104
AGATGATGGTCTGCACTCCA_027,2
GAACCAGTAGCCATAAGCTG_001,54
GAACCAGTAGCCATAAGCTG_002,88
GAACCAGTAGCCATAAGCTG_003,121
GAACCAGTAGCCATAAGCTG_004,136
GAACCAGTAGCCATAAGCTG_005,151
GAACCAGTAGCCATAAGCTG_006,13
GAACCAGTAGCCATAAGCTG_007,190
GAACCAGTAGCCATAAGCTG_008,111
GAACCAGTAGCCATAAGCTG_009,172
GAACCAGTAGCCATAAGCTG_010,57
GAACCAGTAGCCATAAGCTG_011,124
GAACCAGTAGCCATAAGCTG_012,1
AACTAAAACATTTAAAGACC_001,138
AACTAAAACATTTAAAGACC_002,3
TCAGAGTCTTCATAAAACTG_001,41
TCAGAGTCTTCATAAAACTG_002,157
TCAGAGTCTTCATAAAACTG_003,145
TCAGAGTCTTCATAAAACTG_004,34
CGGGATGAAAGTTATTCTAG_001,121
TAGTGGTATCAACAGTGTCG_001,192
TTGCTAAGAGCAGACAGATG_001,31
TTGCTAAGAGCAGACAGATG_002,138
TTGCTAAGAGCAGACAGATG_003,105
TTGCTAAGAGCAGACAGATG_004,85
TTGCTAAGAGCAGACAGATG_005,147
TTGCTAAGAGCAGACAGATG_006,16
TTGCTAAGAGCAGACAGATG_007,199
TTGCTAAGAGCAGACAGATG_008,50
TTGCTAAGAGCAGACAGATG_009,115
TTGCTAAGAGCAGACAGATG_010,130
TTGCTAAGAGCAGACAGATG_011,49
TTGCTAAGAGCAGACAGATG_012,63
TCTTGAACACAATCCTGGCT_001,10
TGCCAGCTCGGAGTAGAGAG_001,188
TGCCAGCTCGGAGTAGAGAG_002,15
TGCCAGCTCGGAGTAGAGAG_003,143
TGCCAGCTCGGAGTAGAGAG_004,72
TGCCAGCTCGGAGTAGAGAG_005,189
TGCCAGCTCGGAGTAGAGAG_006,182
TGCCAGCTCGGAGTAGAGAG_007,68
TGCCAGCTCGGAGTAGAGAG_008,169
TGCCAGCTCGGAGTAGAGAG_009,56
TGCCAGCTCGGAGTAGAGAG_010,11
TCCAGACCAGGAATCAACAT_001,108
TCCAGACCAGGAATCAACAT_002,29
TCCAGACCAGGAATCAACAT_003,117
TCCAGACCAGGAATCAACAT_004,149
TCCAGACCAGGAATCAACAT_005,16
TCCAGACCAGGAATCAACAT_006,149
TCCAGACCAGGAATCAACAT_007,12
TCCAGACCAGGAATCAACAT_008,197
TCCAGACCAGGAATCAACAT_009,170
TCCAGACCAGGAATCAACAT_010,130
ACTGTGGTGTAGGTCGCCAG_001,9
ACTGTGGTGTAGGTCGCCAG_002,57
ACTGTGGTGTAGGTCGCCAG_003,44
ACTGTGGTGTAGGTCGCCAG_004,73
ACTGTGGTGTAGGTCGCCAG_005,170
ACTGTGGTGTAGGTCGCCAG_006,169
ACTGTGGTGTAGGTCGCCAG_007,1
CACGAGAAGTCAGACGACCT_001,67
CACGAGAAGTCAGACGACCT_002,80
CACGAGAAGTCAGACGACCT_003,1
CACGAGAAGTCAGACGACCT_004,150
CACGAGAAGTCAGACGACCT_005,69
CACGAGAAGTCAGACGACCT_006,77
CACGAGAAGTCAGACGACCT_007,105
CACGAGAAGTCAGACGACCT_008,98
CACGAGAAGTCAGACGACCT_009,34
CACGAGAAGTCAGACGACCT_010,88
CACGAGAAGTCAGACGACCT_011,149
CACGAGAAGTCAGACGACCT_012,188
CACGAGAAGTCAGACGACCT_013,111
CACGAGAAGTCAGACGACCT_014,72
CACGAGAAGTCAGACGACCT_015,194
CACGAGAAGTCAGACGACCT_016,60
CACGAGAAGTCAGACGACCT_017,184
CACGAGAAGTCAGACGACCT_018,199
GAGGGCTGGATGACGTGGCC_001,149
GCATACATAGAAGATCACAG_001,198
GCATACATAGAAGATCACAG_002,135
GCATACATAGAAGATCACAG_003,72
GCATACATAGAAGATCACAG_004,34
AGTCTGCTGAAATTTGACTC_001,19
AGTCTGCTGAAATTTGACTC_002,2
AGTCTGCTGAAATTTGACTC_003,107
AGTCTGCTGAAATTTGACTC_004,35
AGTCTGCTGAAATTTGACTC_005,120
AGTCTGCTGAAATTTGACTC_006,182
AGTCTGCTGAAATTTGACTC_007,40
AGTCTGCTGAAATTTGACTC_008,113
AGTCTGCTGAAATTTGACTC_009,19
AGTCTGCTGAAATTTGACTC_010,105
AGTCTGCTGAAATTTGACTC_011,75
AGTCTGCTGAAATTTGACTC_012,181
AGTCTGCTGAAATTTGACTC_013,68
AGTCTGCTGAAATTTGACTC_014,69
AGTCTGCTGAAATTTGACTC_015,185
AGTCTGCTGAAATTTGACTC_016,22
AGTCTGCTGAAATTTGACTC_017,160
AGTCTGCTGAAATTTGACTC_018,173
AGTCTGCTGAAATTTGACTC_019,173
AGTCTGCTGAAATTTGACTC_020,81
AGTCTGCTGAAATTTGACTC_021,128
AGTCTGCTGAAATTTGACTC_022,34
AGTCTGCTGAAATTTGACTC_023,121
AGTCTGCTGAAATTTGACTC_024,82
AGTCTGCTGAAATTTGACTC_025,29
AGTCTGCTGAAATTTGACTC_026,146
AGTCTGCTGAAATTTGACTC_027,25
AGAAGTGCCCGCTGTGCAAG_001,27
AGAAGTGCCCGCTGTGCAAG_002,172
AGAAGTGCCCGCTGTGCAAG_003,48
AGAAGTGCCCGCTGTGCAAG_004,48
AGAAGTGCCCGCTGTGCAAG_005,83
AGAAGTGCCCGCTGTGCAAG_006,92
AGAAGTGCCCGCTGTGCAAG_007,91
AGAAGTGCCCGCTGTGCAAG_008,23
AGAAGTGCCCGCTGTGCAAG_009,90
AGAAGTGCCCGCTGTGCAAG_010,119
AGAAGTGCCCGCTGTGCAAG_011,158
AGAAGTGCCCGCTGTGCAAG_012,55
AGAAGTGCCCGCTGTGCAAG_013,4
AGAAGTGCCCGCTGTGCAAG_014,131
AGAAGTGCCCGCTGTGCAAG_015,58
AGAAGTGCCCGCTGTGCAAG_016,46
AGAAGTGCCCGCTGTGCAAG_017,118
AGAAGTGCCCGCTGTGCAAG_018,77
AGAAGTGCCCGCTGTGCAAG_019,139
AGAAGTGCCCGCTGTGCAAG_020,16
AGAAGTGCCCGCTGTGCAAG_021,169
AGAAGTGCCCGCTGTGCAAG_022,152
AGAAGTGCCCGCTGTGCAAG_023,29
AGAAGTGCCCGCTGTGCAAG_024,120
AGAAGTGCCCGCTGTGCAAG_025,82
AGAAGTGCCCGCTGTGCAAG_026,185
AGAAGTGCCCGCTGTGCAAG_027,191
AGAAGTGCCCGCTGTGCAAG_028,28
AGAAGTGCCCGCTGTGCAAG_029,165
AGAAGTGCCCGCTGTGCAAG_030,170
GCAGCTTGAAGACATACTGA_001,109
GCAGCTTGAAGACATACTGA_002,42
GCAGCTTGAAGACATACTGA_003,95
GCAGCTTGAAGACATACTGA_004,177
GCAGCTTGAAGACATACTGA_005,181
GCAGCTTGAAGACATACTGA_006,98
GCAGCTTGAAGACATACTGA_007,99
GCAGCTTGAAGACATACTGA_008,132
GCAGCTTGAAGACATACTGA_009,54
CGTCCGCCCGTTGTACACGT_001,191
CGTCCGCCCGTTGTACACGT_002,5
CGTCCGCCCGTTGTACACGT_003,104
CGTCCGCCCGTTGTACACGT_004,86
CGTCCGCCCGTTGTACACGT_005,125
CGTCCGCCCGTTGTACACGT_006,174
CGTCCGCCCGTTGTACACGT_007,50
CGTCCGCCCGTTGTACACGT_008,188
CGTCCGCCCGTTGTACACGT_009,64
CGTCCGCCCGTTGTACACGT_010,40
CGTCCGCCCGTTGTACACGT_011,97
CGTCCGCCCGTTGTACACGT_012,7
CGTCCGCCCGTTGTACACGT_013,184
CGTCCGCCCGTTGTACACGT_014,46
TAATATTTATGATCTAATCA_001,106
CACAACGGTACGGTCCCCCG_001,178
CACAACGGTACGGTCCCCCG_002,166
CACAACGGTACGGTCCCCCG_003,114
CACAACGGTACGGTCCCCCG_004,132
CACAACGGTACGGTCCCCCG_005,163
CACAACGGTACGGTCCCCCG_006,32
CACAACGGTACGGTCCCCCG_007,30
CACAACGGTACGGTCCCCCG_008,105
CACAACGGTACGGTCCCCCG_009,17
CACAACGGTACGGTCCCCCG_010,45
CACAACGGTACGGTCCCCCG_011,110
CACAACGGTACGGTCCCCCG_012,58
CACAACGGTACGGTCCCCCG_013,56
CACAACGGTACGGTCCCCCG_014,81
CACAACGGTACGGTCCCCCG_015,57
CACAACGGTACGGTCCCCCG_016,84
CACAACGGTACGGTCCCCCG_017,88
CACAACGGTACGGTCCCCCG_018,40
CACAACGGTACGGTCCCCCG_019,139
CACAACGGTACGGTCCCCCG_020,193
CACAACGGTACGGTCCCCCG_021,51
CACAACGGTACGGTCCCCCG_022,6
CACAACGGTACGGTCCCCCG_023,136
CACAACGGTACGGTCCCCCG_024,127
CACAACGGTACGGTCCCCCG_025,60
CACAACGGTACGGTCCCCCG_026,148
CACAACGGTACGGTCCCCCG_027,187
TTGACTGTTGATCAGAAACG_001,58
TTGACTGTTGATCAGAAACG_002,78
TTGACTGTTGATCAGAAACG_003,49
AAGTGAGAGCCATTAATTTG_001,194
AAGTGAGAGCCATTAATTTG_002,183
AAGTGAGAGCCATTAATTTG_003,53
AAGTGAGAGCCATTAATTTG_004,106
AAGTGAGAGCCATTAATTTG_005,3
AAGTGAGAGCCATTAATTTG_006,87
AAGTGAGAGCCATTAATTTG_007,109
AAGTGAGAGCCATTAATTTG_008,160
AAGTGAGAGCCATTAATTTG_009,89
AAGTGAGAGCCATTAATTTG_010,50
AAGTGAGAGCCATTAATTTG_011,57
CTACACGCTACCCACCAAGG_001,148
CTACACGCTACCCACCAAGG_002,147
CTACACGCTACCCACCAAGG_003,112
CTACACGCTACCCACCAAGG_004,26
CTACACGCTACCCACCAAGG_005,2
ACTGGTTACACGATCCAGCT_001,148
ACTGGTTACACGATCCAGCT_002,119
ACTGGTTACACGATCCAGCT_003,148
ACTGGTTACACGATCCAGCT_004,121
ACTGGTTACACGATCCAGCT_005,190
ACTGGTTACACGATCCAGCT_006,76
ACTGGTTACACGATCCAGCT_007,127
CAGATGTCCAACCTGGTCTG_001,17
CAGATGTCCAACCTGGTCTG_002,58
CAGATGTCCAACCTGGTCTG_003,94
CAGATGTCCAACCTGGTCTG_004,70
CAGATGTCCAACCTGGTCTG_005,157
CAGATGTCCAACCTGGTCTG_006,113
CAGATGTCCAACCTGGTCTG_007,115
CAGATGTCCAACCTGGTCTG_008,178
CAGATGTCCAACCTGGTCTG_009,178
CAGATGTCCAACCTGGTCTG_010,17
CAGATGTCCAACCTGGTCTG_011,22
CAGATGTCCAACCTGGTCTG_012,138
TAATAACATCACCATGCACA_001,147
TAATAACATCACCATGCACA_002,122
ACCCTGCTGGAGACAGACGG_001,48
ACCCTGCTGGAGACAGACGG_002,105
ACCCTGCTGGAGACAGACGG_003,163
ACCCTGCTGGAGACAGACGG_004,120
ACCCTGCTGGAGACAGACGG_005,151
ACCCTGCTGGAGACAGACGG_006,31
ACCCTGCTGGAGACAGACGG_007,149
ACCCTGCTGGAGACAGACGG_008,157
ACCCTGCTGGAGACAGACGG_009,162
CTTGAGAGCCAGGTTCTCAG_001,17
CTTGAGAGCCAGGTTCTCAG_002,81
CTTGAGAGCCAGGTTCTCAG_003,156
CTTGAGAGCCAGGTTCTCAG_004,87
CTTGAGAGCCAGGTTCTCAG_005,96
CTTGAGAGCCAGGTTCTCAG_006,81
CTTGAGAGCCAGGTTCTCAG_007,154
CTTGAGAGCCAGGTTCTCAG_008,176
CTTGAGAGCCAGGTTCTCAG_009,27
CTTGAGAGCCAGGTTCTCAG_010,178
AAGAACCAAGCACCTTTCTG_001,51
AAGAACCAAGCACCTTTCTG_002,56
AAGAACCAAGCACCTTTCTG_003,56
AAGAACCAAGCACCTTTCTG_004,157
AAGAACCAAGCACCTTTCTG_005,165
AAGAACCAAGCACCTTTCTG_006,17
AAGAACCAAGCACCTTTCTG_007,68
AAGAACCAAGCACCTTTCTG_008,116
AAGAACCAAGCACCTTTCTG_009,183
AAGAACCAAGCACCTTTCTG_010,144
TTATACCGAACATGGCTACA_001,135
TTATACCGAACATGGCTACA_002,47
TTATACCGAACATGGCTACA_003,86
TTATACCGAACATGGCTACA_004,96
TTATACCGAACATGGCTACA_005,134
TTATACCGAACATGGCTACA_006,12
TTATACCGAACATGGCTACA_007,34
TTATACCGAACATGGCTACA_008,63
ACAGGCTTGAGGTTCAACAG_001,8
ACAGGCTTGAGGTTCAACAG_002,156
ACAGGCTTGAGGTTCAACAG_003,79
ACAGGCTTGAGGTTCAACAG_004,45
ACAGGCTTGAGGTTCAACAG_005,166
ACAGGCTTGAGGTTCAACAG_006,196
ACAGGCTTGAGGTTCAACAG_007,98
ACAGGCTTGAGGTTCAACAG_008,41
ACAGGCTTGAGGTTCAACAG_009,161
ACAGGCTTGAGGTTCAACAG_010,115
ACAGGCTTGAGGTTCAACAG_011,53
ACAGGCTTGAGGTTCAACAG_012,25
ACAGGCTTGAGGTTCAACAG_013,126
ACAGGCTTGAGGTTCAACAG_014,93
ACAGGCTTGAGGTTCAACAG_015,172
ACAGGCTTGAGGTTCAACAG_016,85
ACAGGCTTGAGGTTCAACAG_017,172
ACAGGCTTGAGGTTCAACAG_018,22
ACAGGCTTGAGGTTCAACAG_019,92
ACAGGCTTGAGGTTCAACAG_020,13
ACAGGCTTGAGGTTCAACAG_021,72
ACAGGCTTGAGGTTCAACAG_022,129
AGCCACTTACTGCTGGATAG_001,105
AGCCACTTACTGCTGGATAG_002,42
AGCCACTTACTGCTGGATAG_003,2
AGCCACTTACTGCTGGATAG_004,188
AGCCACTTACTGCTGGATAG_005,108
AGCCACTTACTGCTGGATAG_006,56
AGCCACTTACTGCTGGATAG_007,1
AGCCACTTACTGCTGGATAG_008,113
AGCCACTTACTGCTGGATAG_009,191
AGCCACTTACTGCTGGATAG_010,153
AGCCACTTACTGCTGGATAG_011,169
AGCCACTTACTGCTGGATAG_012,138
AGCCACTTACTGCTGGATAG_013,15
AGCCACTTACTGCTGGATAG_014,150
AGCCACTTACTGCTGGATAG_015,150
AGCCACTTACTGCTGGATAG_016,134
AGCCACTTACTGCTGGATAG_017,170
GACCGCCGACGATTTCATTG_001,19
CCAGCAGGAATACTTGTCGA_001,135
CCAGCAGGAATACTTGTCGA_002,199
CCAGCAGGAATACTTGTCGA_003,23
CCAGCAGGAATACTTGTCGA_004,184
CCAGCAGGAATACTTGTCGA_005,95
CCAGCAGGAATACTTGTCGA_006,51
CCAGCAGGAATACTTGTCGA_007,138
CCAGCAGGAATACTTGTCGA_008,162
CCAGCAGGAATACTTGTCGA_009,35
CCAGCAGGAATACTTGTCGA_010,136
ACGTAAGATCATCCGCATGT_001,29
ACGTAAGATCATCCGCATGT_002,93
ACGTAAGATCATCCGCATGT_003,65
AGTGCCCAGATCTACTGGAG_001,22
AGTGCCCAGATCTACTGGAG_002,95
AGTGCCCAGATCTACTGGAG_003,99
AGTGCCCAGATCTACTGGAG_004,61
AGTGCCCAGATCTACTGGAG_005,56
AGTGCCCAGATCTACTGGAG_006,154
AGTGCCCAGATCTACTGGAG_007,194
CCAACAGGACCCGCTCAGTG_001,172
CCAACAGGACCCGCTCAGTG_002,170
CCAACAGGACCCGCTCAGTG_003,103
CCAACAGGACCCGCTCAGTG_004,190
CCAACAGGACCCGCTCAGTG_005,190
CCAACAGGACCCGCTCAGTG_006,24
CCAACAGGACCCGCTCAGTG_007,83
CCAACAGGACCCGCTCAGTG_008,13
CCAACAGGACCCGCTCAGTG_009,101
CCAACAGGACCCGCTCAGTG_010,36
CCAACAGGACCCGCTCAGTG_011,157
CCAACAGGACCCGCTCAGTG_012,143
CCAACAGGACCCGCTCAGTG_013,62
CCAACAGGACCCGCTCAGTG_014,12
CCAACAGGACCCGCTCAGTG_015,148
CCAACAGGACCCGCTCAGTG_016,148
CCAACAGGACCCGCTCAGTG_017,0
CCAACAGGACCCGCTCAGTG_018,82
CCAACAGGACCCGCTCAGTG_019,39
CCAACAGGACCCGCTCAGTG_020,184
CCAACAGGACCCGCTCAGTG_021,9
CCAACAGGACCCGCTCAGTG_022,98
CCAACAGGACCCGCTCAGTG_023,33
CCAACAGGACCCGCTCAGTG_024,173
CCTCAAGGGTACCCCTACCA_001,181
CCTCAAGGGTACCCCTACCA_002,144
CCTCAAGGGTACCCCTACCA_003,19
CCTCAAGGGTACCCCTACCA_004,142
CCTCAAGGGTACCCCTACCA_005,62
CCTCAAGGGTACCCCTACCA_006,56
CCTCAAGGGTACCCCTACCA_007,165
CCTCAAGGGTACCCCTACCA_008,74
CCTCAAGGGTACCCCTACCA_009,48
CCTCAAGGGTACCCCTACCA_010,10
CCTCAAGGGTACCCCTACCA_011,13
CCTCAAGGGTACCCCTACCA_012,99
CCTCAAGGGTACCCCTACCA_013,179
CCTCAAGGGTACCCCTACCA_014,144
CCTCAAGGGTACCCCTACCA_015,29
TGGGACAGGAACAATCATCG_001,162
TGGGACAGGAACAATCATCG_002,120
TGGGACAGGAACAATCATCG_003,49
TGGGACAGGAACAATCATCG_004,48
TGGGACAGGAACAATCATCG_005,162
TGGGACAGGAACAATCATCG_006,97
TGGGACAGGAACAATCATCG_007,172
TGGGACAGGAACAATCATCG_008,138
TGGGACAGGAACAATCATCG_009,94
TGGGACAGGAACAATCATCG_010,166
TGGGACAGGAACAATCATCG_011,56
TGGGTCCAGAACACTGACCG_001,6
TGGGTCCAGAACACTGACCG_002,53
TGGGTCCAGAACACTGACCG_003,45
TGGGTCCAGAACACTGACCG_004,173
TGGGTCCAGAACACTGACCG_005,173
TGGGTCCAGAACACTGACCG_006,12
TGGGTCCAGAACACTGACCG_007,180
TGGGTCCAGAACACTGACCG_008,162
TGGGTCCAGAACACTGACCG_009,166
TGGGTCCAGAACACTGACCG_010,53
TGGGTCCAGAACACTGACCG_011,108
ATTAGGGTAGTACCTAGACA_001,1
ATTAGGGTAGTACCTAGACA_002,81
ATTAGGGTAGTACCTAGACA_003,158
ATTAGGGTAGTACCTAGACA_004,61
ATTAGGGTAGTACCTAGACA_005,83
ATTAGGGTAGTACCTAGACA_006,47
ATTAGGGTAGTACCTAGACA_007,170
ATTAGGGTAGTACCTAGACA_008,100
ATTAGGGTAGTACCTAGACA_009,104
ATTAGGGTAGTACCTAGACA_010,197
ATTAGGGTAGTACCTAGACA_011,106
ATTAGGGTAGTACCTAGACA_012,97
ATTAGGGTAGTACCTAGACA_013,44
ATTAGGGTAGTACCTAGACA_014,26
ATTAGGGTAGTACCTAGACA_015,61
AAGCTCTTGAACACCCGCGG_001,154
AAGCTCTTGAACACCCGCGG_002,70
AAGCTCTTGAACACCCGCGG_003,134
AAGCTCTTGAACACCCGCGG_004,28
AAGCTCTTGAACACCCGCGG_005,198
AAGCTCTTGAACACCCGCGG_006,63
AAGCTCTTGAACACCCGCGG_007,91
AAGCTCTTGAACACCCGCGG_008,83
AAGCTCTTGAACACCCGCGG_009,129
AAGCTCTTGAACACCCGCGG_010,137
AAGCTCTTGAACACCCGCGG_011,29
AAGCTCTTGAACACCCGCGG_012,187
AAGCTCTTGAACACCCGCGG_013,76
AAGCTCTTGAACACCCGCGG_014,158
AAGCTCTTGAACACCCGCGG_015,18
AAGCTCTTGAACACCCGCGG_016,162
AAGCTCTTGAACACCCGCGG_017,52
AAGCTCTTGAACACCCGCGG_018,101
GGAGAAGTGTGGTGGCATCG_001,135
GGAGAAGTGTGGTGGCATCG_002,152
GGAGAAGTGTGGTGGCATCG_003,152
GGAGAAGTGTGGTGGCATCG_004,156
GGAGAAGTGTGGTGGCATCG_005,98
GGAGAAGTGTGGTGGCATCG_006,126
GGAGAAGTGTGGTGGCATCG_007,44
GGAGAAGTGTGGTGGCATCG_008,28
GGAGAAGTGTGGTGGCATCG_009,108
GGAGAAGTGTGGTGGCATCG_010,28
CAGAGAGAGAAAGCTAAACG_001,176
CAGAGAGAGAAAGCTAAACG_002,46
CAGAGAGAGAAAGCTAAACG_003,138
CAGAGAGAGAAAGCTAAACG_004,188
CAGAGAGAGAAAGCTAAACG_005,172
CAGAGAGAGAAAGCTAAACG_006,74
CAGAGAGAGAAAGCTAAACG_007,130
TCTACGACATTGCAAACCGC_001,53
TCTACGACATTGCAAACCGC_002,96
TCTACGACATTGCAAACCGC_003,186
TCTACGACATTGCAAACCGC_004,187
TCTACGACATTGCAAACCGC_005,82
TCTACGACATTGCAAACCGC_006,72
TCTACGACATTGCAAACCGC_007,116
TCTACGACATTGCAAACCGC_008,116
GTTGAAAACAAGAAGCACAC_001,88
GTTGAAAACAAGAAGCACAC_002,23
GTTGAAAACAAGAAGCACAC_003,183
GTTGAAAACAAGAAGCACAC_004,170
GTTGAAAACAAGAAGCACAC_005,174
GTTGAAAACAAGAAGCACAC_006,62
GTTGAAAACAAGAAGCACAC_007,2
GTTGAAAACAAGAAGCACAC_008,47
GTTGAAAACAAGAAGCACAC_009,47
GTTGAAAACAAGAAGCACAC_010,38
GTTGAAAACAAGAAGCACAC_011,84
GTTGAAAACAAGAAGCACAC_012,115
GTTGAAAACAAGAAGCACAC_013,105
GTTGAAAACAAGAAGCACAC_014,23
GTTGAAAACAAGAAGCACAC_015,63
GTTGAAAACAAGAAGCACAC_016,148
GTTGAAAACAAGAAGCACAC_017,116
GTTGAAAACAAGAAGCACAC_018,129
GTTGAAAACAAGAAGCACAC_019,114
GTTGAAAACAAGAAGCACAC_020,143
GTTGAAAACAAGAAGCACAC_021,111
GAGCTTGGATCTCGGTCCCG_001,102
GAGCTTGGATCTCGGTCCCG_002,35
GAGCTTGGATCTCGGTCCCG_003,129
GAGCTTGGATCTCGGTCCCG_004,177
TAGATACACCAATTTGGAGG_001,177
TAGATACACCAATTTGGAGG_002,147
TAGATACACCAATTTGGAGG_003,50
TAGATACACCAATTTGGAGG_004,175
TAGATACACCAATTTGGAGG_005,78
AAACCTTGGCATAAGGTGCA_001,197
AAACCTTGGCATAAGGTGCA_002,95
AAACCTTGGCATAAGGTGCA_003,191
AAACCTTGGCATAAGGTGCA_004,184
AAACCTTGGCATAAGGTGCA_005,105
AAACCTTGGCATAAGGTGCA_006,82
AAACCTTGGCATAAGGTGCA_007,188
AAACCTTGGCATAAGGTGCA_008,98
TTTAGCATGCTTGGACCATG_001,12
TTTAGCATGCTTGGACCATG_002,103
TTTAGCATGCTTGGACCATG_003,9
TTTAGCATGCTTGGACCATG_004,197
TTTAGCATGCTTGGACCATG_005,48
TTTAGCATGCTTGGACCATG_006,27
GTGTGGCTTATGATACCCAA_001,141
GTGTGGCTTATGATACCCAA_002,181
GTGTGGCTTATGATACCCAA_003,43
GAGCTTCTTGCTTATAGGAG_001,38
GAGCTTCTTGCTTATAGGAG_002,145
GAGCTTCTTGCTTATAGGAG_003,131
ATGAATGGGTGACGCATGAG_001,151
ATGAATGGGTGACGCATGAG_002,180
ATGAATGGGTGACGCATGAG_003,21
ATGAATGGGTGACGCATGAG_004,142
CGGTGTTCCCAGCGACACAA_001,133
CGGTGTTCCCAGCGACACAA_002,162
CGGTGTTCCCAGCGACACAA_003,70
CGGTGTTCCCAGCGACACAA_004,15
CGGTGTTCCCAGCGACACAA_005,78
CGGTGTTCCCAGCGACACAA_006,127
CGGTGTTCCCAGCGACACAA_007,66
CGGTGTTCCCAGCGACACAA_008,80
CGGTGTTCCCAGCGACACAA_009,26
CGGTGTTCCCAGCGACACAA_010,177
CGGTGTTCCCAGCGACACAA_011,9
GGCCCTGAAAAACGGAGACT_001,11
GGCCCTGAAAAACGGAGACT_002,12
GGCCCTGAAAAACGGAGACT_003,96
GGCCCTGAAAAACGGAGACT_004,109
GGCCCTGAAAAACGGAGACT_005,139
GGCCCTGAAAAACGGAGACT_006,65
GGCCCTGAAAAACGGAGACT_007,186
TGAGATGCCAGCTTGAGGAC_001,183
TGAGATGCCAGCTTGAGGAC_002,142
TGAGATGCCAGCTTGAGGAC_003,42
TGAGATGCCAGCTTGAGGAC_004,194
TGAGATGCCAGCTTGAGGAC_005,158
TGAGATGCCAGCTTGAGGAC_006,22
TGAGATGCCAGCTTGAGGAC_007,105
TGAGATGCCAGCTTGAGGAC_008,37
TGAGATGCCAGCTTGAGGAC_009,130
TGAGATGCCAGCTTGAGGAC_010,105
TGAGATGCCAGCTTGAGGAC_011,170
TGAGATGCCAGCTTGAGGAC_012,166
TGAGATGCCAGCTTGAGGAC_013,148
TGAGATGCCAGCTTGAGGAC_014,102
AGGCTTAAATGGCGAGATTG_001,150
AGGCTTAAATGGCGAGATTG_002,82
AGGCTTAAATGGCGAGATTG_003,183
AGGCTTAAATGGCGAGATTG_004,61
AGGCTTAAATGGCGAGATTG_005,58
AGGCTTAAATGGCGAGATTG_006,114
AGGCTTAAATGGCGAGATTG_007,162
AGGCTTAAATGGCGAGATTG_008,139
AGGCTTAAATGGCGAGATTG_009,94
AGGCTTAAATGGCGAGATTG_010,149
AGGCTTAAATGGCGAGATTG_011,12
AGGCTTAAATGGCGAGATTG_012,6
AGGCTTAAATGGCGAGATTG_013,152
AGGCTTAAATGGCGAGATTG_014,82
AGGCTTAAATGGCGAGATTG_015,44
AGGCTTAAATGGCGAGATTG_016,65
AGGCTTAAATGGCGAGATTG_017,146
AGGCTTAAATGGCGAGATTG_018,14
AGGCTTAAATGGCGAGATTG_019,156
AGGCTTAAATGGCGAGATTG_020,126
AGGCTTAAATGGCGAGATTG_021,141
TGTTATATAGAGGTACACTC_001,35
TGTTATATAGAGGTACACTC_002,21
TGTTATATAGAGGTACACTC_003,171
TGTTATATAGAGGTACACTC_004,61
TGTTATATAGAGGTACACTC_005,115
TGTTATATAGAGGTACACTC_006,47
TGTTATATAGAGGTACACTC_007,136
TGTTATATAGAGGTACACTC_008,78
TGTTATATAGAGGTACACTC_009,118
TGTTATATAGAGGTACACTC_010,66
CACCGGAAGTGGCTGTCTCA_001,118
CACCGGAAGTGGCTGTCTCA_002,177
CACCGGAAGTGGCTGTCTCA_003,144
CACCGGAAGTGGCTGTCTCA_004,8
CACCGGAAGTGGCTGTCTCA_005,93
CACCGGAAGTGGCTGTCTCA_006,198
CACCGGAAGTGGCTGTCTCA_007,142
CACCGGAAGTGGCTGTCTCA_008,74
CAGGACTGACGTCAGGTCGA_001,105
CAGGACTGACGTCAGGTCGA_002,29
CAGGACTGACGTCAGGTCGA_003,43
CAGGACTGACGTCAGGTCGA_004,184
CAGGACTGACGTCAGGTCGA_005,4
CAGGACTGACGTCAGGTCGA_006,193
TAATAAAACATTGACTACAG_001,105
TAATAAAACATTGACTACAG_002,123
TAATAAAACATTGACTACAG_003,78
TAATAAAACATTGACTACAG_004,133
TAATAAAACATTGACTACAG_005,186
TAATAAAACATTGACTACAG_006,72
TAATAAAACATTGACTACAG_007,38
TAATAAAACATTGACTACAG_008,28
TAATAAAACATTGACTACAG_009,138
TAATAAAACATTGACTACAG_010,14
TTGCCCAGGAAATTGCGGCA_001,137
TTGCCCAGGAAATTGCGGCA_002,42
TTGCCCAGGAAATTGCGGCA_003,77
TTGCCCAGGAAATTGCGGCA_004,135
TTGCCCAGGAAATTGCGGCA_005,118
TTGCCCAGGAAATTGCGGCA_006,18
GCTTGGTTAGGTCAAACACC_001,47
GATCATAAGACATAAAACCA_001,35
GATCATAAGACATAAAACCA_002,139
GATCATAAGACATAAAACCA_003,11
GATCATAAGACATAAAACCA_004,182
GATCATAAGACATAAAACCA_005,182
GATCATAAGACATAAAACCA_006,115
TAGATTAAGATAATAGCTGG_001,65
TAGATTAAGATAATAGCTGG_002,19
TAGATTAAGATAATAGCTGG_003,182
TAGATTAAGATAATAGCTGG_004,8
TAGATTAAGATAATAGCTGG_005,2
TAGATTAAGATAATAGCTGG_006,27
GTCCATGTACCTGGTCACGG_001,161
GTCCATGTACCTGGTCACGG_002,178
GTCCATGTACCTGGTCACGG_003,106
GTCCATGTACCTGGTCACGG_004,70
GTCCATGTACCTGGTCACGG_005,78
GTCCATGTACCTGGTCACGG_006,12
GTCCATGTACCTGGTCACGG_007,58
GTCCATGTACCTGGTCACGG_008,190
GTCCATGTACCTGGTCACGG_009,147
GTCCATGTACCTGGTCACGG_010,65
GTCCATGTACCTGGTCACGG_011,127
GTCCATGTACCTGGTCACGG_012,71
GAGCTAGCACTTCCCACCCG_001,41
GAGCTAGCACTTCCCACCCG_002,183
GAGCTAGCACTTCCCACCCG_003,69
GAGCTAGCACTTCCCACCCG_004,96
GAGCTAGCACTTCCCACCCG_005,0
GAGCTAGCACTTCCCACCCG_006,8
GATCAACCTCCTACAGTCTG_001,94
GATCAACCTCCTACAGTCTG_002,44
GATCAACCTCCTACAGTCTG_003,83
GATCAACCTCCTACAGTCTG_004,15
GATCAACCTCCTACAGTCTG_005,147
GATCAACCTCCTACAGTCTG_006,177
GATCAACCTCCTACAGTCTG_007,82
GATCAACCTCCTACAGTCTG_008,170
CGTGGGCCGACTGAACATCA_001,15
CGTGGGCCGACTGAACATCA_002,147
CGTGGGCCGACTGAACATCA_003,7
CGTGGGCCGACTGAACATCA_004,141
CGTGGGCCGACTGAACATCA_005,98
CGTGGGCCGACTGAACATCA_006,165
CGTGGGCCGACTGAACATCA_007,198
CGTGGGCCGACTGAACATCA_008,117
GTATATCTACAATGGACACT_001,9
GTATATCTACAATGGACACT_002,177
GTATATCTACAATGGACACT_003,40
ACGCCATCGTGCATAAACAC_001,5
ACGCCATCGTGCATAAACAC_002,116
AGCTCGACGAGTTTGAGTTG_001,93
AGCTCGACGAGTTTGAGTTG_002,57
AGCTCGACGAGTTTGAGTTG_003,140
AGCTCGACGAGTTTGAGTTG_004,88
AGCTCGACGAGTTTGAGTTG_005,156
AGCTCGACGAGTTTGAGTTG_006,156
AGCTCGACGAGTTTGAGTTG_007,118
AGCTCGACGAGTTTGAGTTG_008,120
AGCTCGACGAGTTTGAGTTG_009,152
AGCTCGACGAGTTTGAGTTG_010,146
AGCTCGACGAGTTTGAGTTG_011,184
AGCTCGACGAGTTTGAGTTG_012,69
ATCTGGAACATGATTCAGTG_001,58
ATCTGGAACATGATTCAGTG_002,8
ATCTGGAACATGATTCAGTG_003,180
ATCTGGAACATGATTCAGTG_004,12
ATCTGGAACATGATTCAGTG_005,23
ATCTGGAACATGATTCAGTG_006,127
ATCTGGAACATGATTCAGTG_007,166
ATCTGGAACATGATTCAGTG_008,188
ATCTGGAACATGATTCAGTG_009,193
ATCTGGAACATGATTCAGTG_010,39
ATCTGGAACATGATTCAGTG_011,138
ATCTGGAACATGATTCAGTG_012,99
ATCTGGAACATGATTCAGTG_013,96
ATCTGGAACATGATTCAGTG_014,81
ATCTGGAACATGATTCAGTG_015,46
CTGGCAAGCCTACAACGCCG_001,96
CTGGCAAGCCTACAACGCCG_002,81
CTGGCAAGCCTACAACGCCG_003,113
GAGAACACCTGCCTGTTACG_001,162
GAGAACACCTGCCTGTTACG_002,104
GAGAACACCTGCCTGTTACG_003,92
GAGAACACCTGCCTGTTACG_004,129
GAGAACACCTGCCTGTTACG_005,58
GAGAACACCTGCCTGTTACG_006,166
GAGAACACCTGCCTGTTACG_007,30
GAGAACACCTGCCTGTTACG_008,74
GAGAACACCTGCCTGTTACG_009,54
GAGAACACCTGCCTGTTACG_010,186
GAGAACACCTGCCTGTTACG_011,174
GAGAACACCTGCCTGTTACG_012,190
GAGAACACCTGCCTGTTACG_013,35
GAGAACACCTGCCTGTTACG_014,104
GAGAACACCTGCCTGTTACG_015,116
GAGAACACCTGCCTGTTACG_016,55
GCGCCCGCCTGTATGAGAGT_001,133
GCGCCCGCCTGTATGAGAGT_002,7
GCGCCCGCCTGTATGAGAGT_003,2
GCGCCCGCCTGTATGAGAGT_004,147
GCGCCCGCCTGTATGAGAGT_005,65
GCGCCCGCCTGTATGAGAGT_006,141
GCGCCCGCCTGTATGAGAGT_007,13
GCGCCCGCCTGTATGAGAGT_008,3
GCGCCCGCCTGTATGAGAGT_009,125
GCGCCCGCCTGTATGAGAGT_010,56
TGATGACATATTTGGCTGGG_001,54
TGATGACATATTTGGCTGGG_002,75
TGATGACATATTTGGCTGGG_003,108
CCAGCCTGGAAGACCCGGCG_001,34
CCAGCCTGGAAGACCCGGCG_002,90
CCAGCCTGGAAGACCCGGCG_003,137
CCAGCCTGGAAGACCCGGCG_004,163
CCAGCCTGGAAGACCCGGCG_005,121
CCAGCCTGGAAGACCCGGCG_006,149
CCAGCCTGGAAGACCCGGCG_007,40
CCAGCCTGGAAGACCCGGCG_008,49
CCAGCCTGGAAGACCCGGCG_009,124
CCAGCCTGGAAGACCCGGCG_010,115
CCAGCCTGGAAGACCCGGCG_011,104
CCAGCCTGGAAGACCCGGCG_012,111
CCAGCCTGGAAGACCCGGCG_013,119
CCAGCCTGGAAGACCCGGCG_014,157
TGAGTGAGCTGTCTTCGCGG_001,15
TGAGTGAGCTGTCTTCGCGG_002,49
TGAGTGAGCTGTCTTCGCGG_003,33
TGAGTGAGCTGTCTTCGCGG_004,47
TGAGTGAGCTGTCTTCGCGG_005,15
TGAGTGAGCTGTCTTCGCGG_006,160
TGAGTGAGCTGTCTTCGCGG_007,108
TGAGTGAGCTGTCTTCGCGG_008,148
TGAGTGAGCTGTCTTCGCGG_009,106
TGAGTGAGCTGTCTTCGCGG_010,77
TCTTACTGACAACAAGACGT_001,7
TCTTACTGACAACAAGACGT_002,50
TCTTACTGACAACAAGACGT_003,52
TCTTACTGACAACAAGACGT_004,158
TCTTACTGACAACAAGACGT_005,106
TCTTACTGACAACAAGACGT_006,166
TCTTACTGACAACAAGACGT_007,9
TCTTACTGACAACAAGACGT_008,35
TCTTACTGACAACAAGACGT_009,166
TCATGGGACTCACCAACTCA_001,43
TCATGGGACTCACCAACTCA_002,96
TCATGGGACTCACCAACTCA_003,70
TCATGGGACTCACCAACTCA_004,57
TCATGGGACTCACCAACTCA_005,17
TCATGGGACTCACCAACTCA_006,178
AGGGGTCGCAGCACACCGGG_001,9
AGGGGTCGCAGCACACCGGG_002,70
AGGGGTCGCAGCACACCGGG_003,78
AGGGGTCGCAGCACACCGGG_004,58
AGGGGTCGCAGCACACCGGG_005,17
AGGGGTCGCAGCACACCGGG_006,147
AGGGGTCGCAGCACACCGGG_007,168
AGGGGTCGCAGCACACCGGG_008,94
AGGGGTCGCAGCACACCGGG_009,154
AGGGGTCGCAGCACACCGGG_010,159
AGGGGTCGCAGCACACCGGG_011,93
AGGGGTCGCAGCACACCGGG_012,132
AGGGGTCGCAGCACACCGGG_013,33
AGGGGTCGCAGCACACCGGG_014,58
AGGGGTCGCAGCACACCGGG_015,130
AGGGGTCGCAGCACACCGGG_016,156
AGGGGTCGCAGCACACCGGG_017,26
AGGGGTCGCAGCACACCGGG_018,53
AGGGGTCGCAGCACACCGGG_019,129
AGGGGTCGCAGCACACCGGG_020,121
AGGGGTCGCAGCACACCGGG_021,124
AGGGGTCGCAGCACACCGGG_022,145
AGGGGTCGCAGCACACCGGG_023,66
AGGGGTCGCAGCACACCGGG_024,30
AGGGGTCGCAGCACACCGGG_025,142
AGGGGTCGCAGCACACCGGG_026,166
AGGGGTCGCAGCACACCGGG_027,183
AGGGGTCGCAGCACACCGGG_028,131
AGGGGTCGCAGCACACCGGG_029,43
TGTTGTATGCCCAATCCAAA_001,170
TGTTGTATGCCCAATCCAAA_002,70
TGTTGTATGCCCAATCCAAA_003,82
TGTTGTATGCCCAATCCAAA_004,74
TGTTGTATGCCCAATCCAAA_005,111
TGTTGTATGCCCAATCCAAA_006,158
TGTTGTATGCCCAATCCAAA_007,76
TGTTGTATGCCCAATCCAAA_008,145
TGTTGTATGCCCAATCCAAA_009,199
TGTTGTATGCCCAATCCAAA_010,121
AGCAACTGTACTGTATACTG_001,65
AGCAACTGTACTGTATACTG_002,175
AGCAACTGTACTGTATACTG_003,27
AGCAACTGTACTGTATACTG_004,77
AGCAACTGTACTGTATACTG_005,17
AGCAACTGTACTGTATACTG_006,81
GCCCAAGGCTCCTGATCAGG_001,44
GCCCAAGGCTCCTGATCAGG_002,77
GCCCAAGGCTCCTGATCAGG_003,1
GCCCAAGGCTCCTGATCAGG_004,107
GCCCAAGGCTCCTGATCAGG_005,78
AACTGTGATGACCCAGAAAA_001,146
AACTGTGATGACCCAGAAAA_002,183
AACTGTGATGACCCAGAAAA_003,198
AACTGTGATGACCCAGAAAA_004,178
AACTGTGATGACCCAGAAAA_005,188
AACTGTGATGACCCAGAAAA_006,175
AACTGTGATGACCCAGAAAA_007,43
AACTGTGATGACCCAGAAAA_008,157
GCATCGGCTTCAATGACACT_001,70
GCATCGGCTTCAATGACACT_002,9
GCATCGGCTTCAATGACACT_003,38
GCATCGGCTTCAATGACACT_004,116
GCATCGGCTTCAATGACACT_005,61
GCATCGGCTTCAATGACACT_006,76
GCATCGGCTTCAATGACACT_007,76
GCATCGGCTTCAATGACACT_008,77
GCATCGGCTTCAATGACACT_009,60
GCATCGGCTTCAATGACACT_010,145
GCATCGGCTTCAATGACACT_011,177
TATGGCGGCTTCGATAACCG_001,102
TATGGCGGCTTCGATAACCG_002,176
TGTCGTCTTTAACTACAAGA_001,159
TGTCGTCTTTAACTACAAGA_002,92
TGTCGTCTTTAACTACAAGA_003,59
CACCGGCGCCGAGGTTACGT_001,53
CACCGGCGCCGAGGTTACGT_002,41
CACCGGCGCCGAGGTTACGT_003,28
CACCGGCGCCGAGGTTACGT_004,186
CACCGGCGCCGAGGTTACGT_005,199
CACCGGCGCCGAGGTTACGT_006,154
CACCGGCGCCGAGGTTACGT_007,181
CACCGGCGCCGAGGTTACGT_008,144
CACCGGCGCCGAGGTTACGT_009,39
CACCGGCGCCGAGGTTACGT_010,0
CACCGGCGCCGAGGTTACGT_011,140
GGTGATGCAAGAAAAAAGAC_001,34
GGTGATGCAAGAAAAAAGAC_002,169
GGTGATGCAAGAAAAAAGAC_003,119
GCAATGAGTACGTCACCAAG_001,141
GCAATGAGTACGTCACCAAG_002,170
ACGTGCCGGATGGGGCACTC_001,6
ACGTGCCGGATGGGGCACTC_002,103
ACGTGCCGGATGGGGCACTC_003,148
ACGTGCCGGATGGGGCACTC_004,78
ACGTGCCGGATGGGGCACTC_005,56
ACGTGCCGGATGGGGCACTC_006,138
TCACGCTCCCTTATGGAACA_001,6
TCACGCTCCCTTATGGAACA_002,102
TCACGCTCCCTTATGGAACA_003,199
TCACGCTCCCTTATGGAACA_004,102
TCACGCTCCCTTATGGAACA_005,29
TCACGCTCCCTTATGGAACA_006,12
TCACGCTCCCTTATGGAACA_007,178
TCACGCTCCCTTATGGAACA_008,174
TCACGCTCCCTTATGGAACA_009,98
TCACGCTCCCTTATGGAACA_010,12
TCACGCTCCCTTATGGAACA_011,115
TCACGCTCCCTTATGGAACA_012,61
TCACGCTCCCTTATGGAACA_013,176
TCACGCTCCCTTATGGAACA_014,140
TCACGCTCCCTTATGGAACA_015,152
TCACGCTCCCTTATGGAACA_016,147
TCACGCTCCCTTATGGAACA_017,15
TCACGCTCCCTTATGGAACA_018,178
TCACGCTCCCTTATGGAACA_019,116
AAGTAATGAATCCATGATCC_001,122
AAGTAATGAATCCATGATCC_002,88
ATAGTAAGTTGCGAGCGTAG_001,44
ATAGTAAGTTGCGAGCGTAG_002,83
ATAGTAAGTTGCGAGCGTAG_003,137
ATAGTAAGTTGCGAGCGTAG_004,192
ATAGTAAGTTGCGAGCGTAG_005,78
ATAGTAAGTTGCGAGCGTAG_006,48
ATAGTAAGTTGCGAGCGTAG_007,164
ATAGTAAGTTGCGAGCGTAG_008,164
TCCAGCGACACTGTAGCGTG_001,139
TCCAGCGACACTGTAGCGTG_002,140
TCCAGCGACACTGTAGCGTG_003,42
TCCAGCGACACTGTAGCGTG_004,199
TCCAGCGACACTGTAGCGTG_005,32
TCCAGCGACACTGTAGCGTG_006,160
TCCAGCGACACTGTAGCGTG_007,141
CCCATCACAAATGGAGACCG_001,51
CCCATCACAAATGGAGACCG_002,127
CCCATCACAAATGGAGACCG_003,80
CCCATCACAAATGGAGACCG_004,170
CCCATCACAAATGGAGACCG_005,119
CCCATCACAAATGGAGACCG_006,185
CCCATCACAAATGGAGACCG_007,12
CCCATCACAAATGGAGACCG_008,120
CCCATCACAAATGGAGACCG_009,150
CCCATCACAAATGGAGACCG_010,63
CCCATCACAAATGGAGACCG_011,105
CCCATCACAAATGGAGACCG_012,175
CCCATCACAAATGGAGACCG_013,149
CCCATCACAAATGGAGACCG_014,65
CCCATCACAAATGGAGACCG_015,191
CCCATCACAAATGGAGACCG_016,69
CCCATCACAAATGGAGACCG_017,130
CTGGGTCCATTCATCACAGG_001,106
CTGGGTCCATTCATCACAGG_002,69
CTGGGTCCATTCATCACAGG_003,102
CTGGGTCCATTCATCACAGG_004,145
CTGGGTCCATTCATCACAGG_005,133
CTGGGTCCATTCATCACAGG_006,129
CTGGGTCCATTCATCACAGG_007,49
CAGCACGTTACCCACGCAGT_001,95
CAGCACGTTACCCACGCAGT_002,104
CAGCACGTTACCCACGCAGT_003,77
CAGCACGTTACCCACGCAGT_004,78
CAGCACGTTACCCACGCAGT_005,159
CAGCACGTTACCCACGCAGT_006,94
CAGCACGTTACCCACGCAGT_007,32
CAGCACGTTACCCACGCAGT_008,111
CAGCACGTTACCCACGCAGT_009,160
CAGCACGTTACCCACGCAGT_010,169
CAGCACGTTACCCACGCAGT_011,127
GGCTTGTACGGCAACTGGAG_001,124
GGCTTGTACGGCAACTGGAG_002,57
GGCTTGTACGGCAACTGGAG_003,196
GGCTTGTACGGCAACTGGAG_004,109
GGCTTGTACGGCAACTGGAG_005,162
GGCTTGTACGGCAACTGGAG_006,72
GGCTTGTACGGCAACTGGAG_007,128
GAAGGACAGAGCTCAACGGT_001,130
GAAGGACAGAGCTCAACGGT_002,117
CAGGGTCAGCGACGACACAC_001,101
CAGGGTCAGCGACGACACAC_002,12
CAGGGTCAGCGACGACACAC_003,67
CAGGGTCAGCGACGACACAC_004,121
CAGGGTCAGCGACGACACAC_005,43
CAGGGTCAGCGACGACACAC_006,43
CAGGGTCAGCGACGACACAC_007,175
CAGGGTCAGCGACGACACAC_008,65
CAGGGTCAGCGACGACACAC_009,179
CAGGGTCAGCGACGACACAC_010,71
CAGGGTCAGCGACGACACAC_011,162
CAGGGTCAGCGACGACACAC_012,85
CAGGGTCAGCGACGACACAC_013,127
CAGGGTCAGCGACGACACAC_014,160
CAGGGTCAGCGACGACACAC_015,176
CAGGGTCAGCGACGACACAC_016,30
CAGGGTCAGCGACGACACAC_017,124
CAGGGTCAGCGACGACACAC_018,169
CAGGGTCAGCGACGACACAC_019,147
ATCCCAGCATAATTCGGCAA_001,23
ATCCCAGCATAATTCGGCAA_002,144
ATCCCAGCATAATTCGGCAA_003,28
AGAAGTAAAAGCCTCACACT_001,13
AGAAGTAAAAGCCTCACACT_002,112
AGAAGTAAAAGCCTCACACT_003,175
AGAAGTAAAAGCCTCACACT_004,5
AGAAGTAAAAGCCTCACACT_005,6
ATAGACCGAGAACAGATATG_001,70
ATAGACCGAGAACAGATATG_002,157
ATAGACCGAGAACAGATATG_003,70
ATAGACCGAGAACAGATATG_004,162
ATAGACCGAGAACAGATATG_005,29
ATAGACCGAGAACAGATATG_006,149
ATAGACCGAGAACAGATATG_007,77
ATAGACCGAGAACAGATATG_008,95
ATAGACCGAGAACAGATATG_009,69
ATAGACCGAGAACAGATATG_010,148
ATAGACCGAGAACAGATATG_011,56
ATAGACCGAGAACAGATATG_012,98
ATAGACCGAGAACAGATATG_013,76
ATAGACCGAGAACAGATATG_014,198
ATAGACCGAGAACAGATATG_015,160
ATAGACCGAGAACAGATATG_016,175
ATAGACCGAGAACAGATATG_017,75
ATAGACCGAGAACAGATATG_018,65
ATAGACCGAGAACAGATATG_019,148
ATAGACCGAGAACAGATATG_020,158
ATAGACCGAGAACAGATATG_021,67
ATAGACCGAGAACAGATATG_022,166
ATAGACCGAGAACAGATATG_023,149
ATAGACCGAGAACAGATATG_024,19
CTTCTCGGCTGCCACTGAGA_001,106
CTTCTCGGCTGCCACTGAGA_002,149
CTTCTCGGCTGCCACTGAGA_003,15
CTTCTCGGCTGCCACTGAGA_004,22
CTTCTCGGCTGCCACTGAGA_005,115
CTTCTCGGCTGCCACTGAGA_006,84
CTTCTCGGCTGCCACTGAGA_007,176
CTTCTCGGCTGCCACTGAGA_008,142
CTTCTCGGCTGCCACTGAGA_009,44
CTTCTCGGCTGCCACTGAGA_010,179
CCTCTGAGGCCCCTGACCCG_001,159
CCTCTGAGGCCCCTGACCCG_002,197
CCTCTGAGGCCCCTGACCCG_003,105
CCTCTGAGGCCCCTGACCCG_004,130
CCTCTGAGGCCCCTGACCCG_005,13
CCTCTGAGGCCCCTGACCCG_006,158
CCTCTGAGGCCCCTGACCCG_007,98
CCTCTGAGGCCCCTGACCCG_008,58
CCTCTGAGGCCCCTGACCCG_009,98
CCTCTGAGGCCCCTGACCCG_010,30
CCTCTGAGGCCCCTGACCCG_011,107
CCTCTGAGGCCCCTGACCCG_012,172
CCTCTGAGGCCCCTGACCCG_013,65
CCTCTGAGGCCCCTGACCCG_014,124
CCTCTGAGGCCCCTGACCCG_015,46
TCAATGGGGTAACGAACCGC_001,52
TCAATGGGGTAACGAACCGC_002,34
TCAATGGGGTAACGAACCGC_003,7
TCAATGGGGTAACGAACCGC_004,42
TCAATGGGGTAACGAACCGC_005,41
TCAATGGGGTAACGAACCGC_006,138
TCAATGGGGTAACGAACCGC_007,141
TCAATGGGGTAACGAACCGC_008,91
TCAATGGGGTAACGAACCGC_009,58
TCAATGGGGTAACGAACCGC_010,160
TCAATGGGGTAACGAACCGC_011,160
CTCATCCAGTTCCACTGAAG_001,100
CTCATCCAGTTCCACTGAAG_002,24
CTCATCCAGTTCCACTGAAG_003,84
CTCATCCAGTTCCACTGAAG_004,11
CTCATCCAGTTCCACTGAAG_005,19
CGTTGCCGTTTACCGTCAAG_001,172
CGTTGCCGTTTACCGTCAAG_002,85
CGTTGCCGTTTACCGTCAAG_003,61
CGTTGCCGTTTACCGTCAAG_004,30
CGTTGCCGTTTACCGTCAAG_005,70
CGTTGCCGTTTACCGTCAAG_006,184
CGTTGCCGTTTACCGTCAAG_007,113
CGTTGCCGTTTACCGTCAAG_008,34
CGTTGCCGTTTACCGTCAAG_009,142
CGTTGCCGTTTACCGTCAAG_010,40
TGGATCTCGTCGAAGGTCAC_001,161
TGGATCTCGTCGAAGGTCAC_002,146
TGGATCTCGTCGAAGGTCAC_003,124
TGGATCTCGTCGAAGGTCAC_004,181
TGGATCTCGTCGAAGGTCAC_005,47
TGGATCTCGTCGAAGGTCAC_006,17
TGGATCTCGTCGAAGGTCAC_007,9
TGGATCTCGTCGAAGGTCAC_008,134
TGGATCTCGTCGAAGGTCAC_009,183
TGGATCTCGTCGAAGGTCAC_010,1
TGGATCTCGTCGAAGGTCAC_011,3
TGGATCTCGTCGAAGGTCAC_012,9
TGGATCTCGTCGAAGGTCAC_013,148
TGGATCTCGTCGAAGGTCAC_014,62
TGGATCTCGTCGAAGGTCAC_015,147
TTCCCTGCATCTCTGAAACA_001,118
TTCCCTGCATCTCTGAAACA_002,148
TTCCCTGCATCTCTGAAACA_003,113
TTCCCTGCATCTCTGAAACA_004,58
TTCCCTGCATCTCTGAAACA_005,55
TTCCCTGCATCTCTGAAACA_006,137
GCATATTGGAAAAGGAACTG_001,144
GCATATTGGAAAAGGAACTG_002,76
GCATATTGGAAAAGGAACTG_003,192
GCATATTGGAAAAGGAACTG_004,21
GCATATTGGAAAAGGAACTG_005,113
GCATATTGGAAAAGGAACTG_006,0
GCATATTGGAAAAGGAACTG_007,115
GCATATTGGAAAAGGAACTG_008,133
AAGGACTCATGCATGGACAG_001,84
AAGGACTCATGCATGGACAG_002,53
AAGGACTCATGCATGGACAG_003,5
AAGGACTCATGCATGGACAG_004,5
GGCCACTGTACACCCCGCGG_001,81
GGCCACTGTACACCCCGCGG_002,76
GGCCACTGTACACCCCGCGG_003,2
GGCCACTGTACACCCCGCGG_004,25
GGCCACTGTACACCCCGCGG_005,5
GGCCACTGTACACCCCGCGG_006,49
GGCCACTGTACACCCCGCGG_007,169
GGCCACTGTACACCCCGCGG_008,168
GGCCACTGTACACCCCGCGG_009,71
GGCCACTGTACACCCCGCGG_010,139
GTAATTTATAAACGTGATGT_001,108
GTAATTTATAAACGTGATGT_002,36
GTAATTTATAAACGTGATGT_003,178
GTAATTTATAAACGTGATGT_004,199
GTAATTTATAAACGTGATGT_005,145
GTAATTTATAAACGTGATGT_006,32
TATCCATTAGAGTGCCTCTA_001,106
TATCCATTAGAGTGCCTCTA_002,146
TATCCATTAGAGTGCCTCTA_003,100
TATCCATTAGAGTGCCTCTA_004,70
TATCCATTAGAGTGCCTCTA_005,162
TATCCATTAGAGTGCCTCTA_006,56
TATCCATTAGAGTGCCTCTA_007,44
TATCCATTAGAGTGCCTCTA_008,12
TATCCATTAGAGTGCCTCTA_009,41
TATCCATTAGAGTGCCTCTA_010,80
TATCCATTAGAGTGCCTCTA_011,169
TATCCATTAGAGTGCCTCTA_012,12
TATCCATTAGAGTGCCTCTA_013,49
TATCCATTAGAGTGCCTCTA_014,105
TATCCATTAGAGTGCCTCTA_015,198
TATCCATTAGAGTGCCTCTA_016,73
TATCCATTAGAGTGCCTCTA_017,139
TATCCATTAGAGTGCCTCTA_018,68
TATCCATTAGAGTGCCTCTA_019,175
TGTGGTGTCAGACGAAGACG_001,114
TGTGGTGTCAGACGAAGACG_002,72
TGTGGTGTCAGACGAAGACG_003,72
TGTGGTGTCAGACGAAGACG_004,198
TACCTGCCACTAATTCATCG_001,154
TACCTGCCACTAATTCATCG_002,162
TACCTGCCACTAATTCATCG_003,172
TACCTGCCACTAATTCATCG_004,2
TACCTGCCACTAATTCATCG_005,5
TACCTGCCACTAATTCATCG_006,90
TACCTGCCACTAATTCATCG_007,2
CCGCACTCACTCACCCACGG_001,145
CCGCACTCACTCACCCACGG_002,105
CCGCACTCACTCACCCACGG_003,130
CCGCACTCACTCACCCACGG_004,96
CCGCACTCACTCACCCACGG_005,147
CCGCACTCACTCACCCACGG_006,175
CCGCACTCACTCACCCACGG_007,67
CCGCACTCACTCACCCACGG_008,60
CCGCACTCACTCACCCACGG_009,105
CCGCACTCACTCACCCACGG_010,193
CCGCACTCACTCACCCACGG_011,168
CCGCACTCACTCACCCACGG_012,67
CCGCACTCACTCACCCACGG_013,88
CCGCACTCACTCACCCACGG_014,91
CCGCACTCACTCACCCACGG_015,193
CCGCACTCACTCACCCACGG_016,175
CCGCACTCACTCACCCACGG_017,53
CCGCACTCACTCACCCACGG_018,47
CCGCACTCACTCACCCACGG_019,176
CCGCACTCACTCACCCACGG_020,63
GGAATGTCTGGTCACAGGCA_001,141
GGAATGTCTGGTCACAGGCA_002,36
GGAATGTCTGGTCACAGGCA_003,91
GGAATGTCTGGTCACAGGCA_004,91
GGAATGTCTGGTCACAGGCA_005,35
GGAATGTCTGGTCACAGGCA_006,197
GGAATGTCTGGTCACAGGCA_007,171
GGAATGTCTGGTCACAGGCA_008,123
GGAATGTCTGGTCACAGGCA_009,103
GGAATGTCTGGTCACAGGCA_010,194
GGAAGAGTGGCAAAAAGCTG_001,94
GGAAGAGTGGCAAAAAGCTG_002,6
GGAAGAGTGGCAAAAAGCTG_003,63
GGAAGAGTGGCAAAAAGCTG_004,189
GGAAGAGTGGCAAAAAGCTG_005,1
GGAAGAGTGGCAAAAAGCTG_006,75
GGAAGAGTGGCAAAAAGCTG_007,27
TGCTCACTCCACTCCTCAAC_001,95
TGCTCACTCCACTCCTCAAC_002,199
TGCTCACTCCACTCCTCAAC_003,98
TGCTCACTCCACTCCTCAAC_004,105
TGCTCACTCCACTCCTCAAC_005,77
TGCTCACTCCACTCCTCAAC_006,83
TGCTCACTCCACTCCTCAAC_007,48
TGCTCACTCCACTCCTCAAC_008,2
TGCTCACTCCACTCCTCAAC_009,35
TGCTCACTCCACTCCTCAAC_010,27
TGCTCACTCCACTCCTCAAC_011,199
TGCTCACTCCACTCCTCAAC_012,140
TGCTCACTCCACTCCTCAAC_013,5
TGCTCACTCCACTCCTCAAC_014,60
TGCTCACTCCACTCCTCAAC_015,157
TGCTCACTCCACTCCTCAAC_016,18
TGCTCACTCCACTCCTCAAC_017,141
TGCTCACTCCACTCCTCAAC_018,178
TGCTCACTCCACTCCTCAAC_019,54
TGCTCACTCCACTCCTCAAC_020,54
TGCTCACTCCACTCCTCAAC_021,104
TGCTCACTCCACTCCTCAAC_022,69
TGCTCACTCCACTCCTCAAC_023,105
TGCTCACTCCACTCCTCAAC_024,58
TGCTCACTCCACTCCTCAAC_025,145
TGCTCACTCCACTCCTCAAC_026,55
TGCTCACTCCACTCCTCAAC_027,40
TGCTCACTCCACTCCTCAAC_028,50
TGATGGGGAGCCCATGAAAG_001,130
TGATGGGGAGCCCATGAAAG_002,8
TGATGGGGAGCCCATGAAAG_003,114
TGATGGGGAGCCCATGAAAG_004,2
TGATGGGGAGCCCATGAAAG_005,169
TGATGGGGAGCCCATGAAAG_006,132
TGATGGGGAGCCCATGAAAG_007,127
TGATGGGGAGCCCATGAAAG_008,32
TGATGGGGAGCCCATGAAAG_009,183
TGATGGGGAGCCCATGAAAG_010,15
TGATGGGGAGCCCATGAAAG_011,27
TGATGGGGAGCCCATGAAAG_012,181
TGATGGGGAGCCCATGAAAG_013,190
TGATGGGGAGCCCATGAAAG_014,145
TGATGGGGAGCCCATGAAAG_015,133
TGATGGGGAGCCCATGAAAG_016,194
TGATGGGGAGCCCATGAAAG_017,11
TGATGGGGAGCCCATGAAAG_018,153
TGATGGGGAGCCCATGAAAG_019,52
AATTTGTTTATGTGGTTTAG_001,62
AATTTGTTTATGTGGTTTAG_002,66
AATTTGTTTATGTGGTTTAG_003,160
AATTTGTTTATGTGGTTTAG_004,29
AATTTGTTTATGTGGTTTAG_005,9
AATTTGTTTATGTGGTTTAG_006,88
AATTTGTTTATGTGGTTTAG_007,197
AATTTGTTTATGTGGTTTAG_008,3
AATTTGTTTATGTGGTTTAG_009,53
AATTTGTTTATGTGGTTTAG_010,11
AATTTGTTTATGTGGTTTAG_011,70
CTACAATGTTCTGAGCTGCG_001,88
CTACAATGTTCTGAGCTGCG_002,199
CCCTGGGAGTATAACCAACG_001,42
GAGTGCACGCCATAAACTGG_001,144
GAGTGCACGCCATAAACTGG_002,96
GAGTGCACGCCATAAACTGG_003,145
GAGTGCACGCCATAAACTGG_004,29
GAGTGCACGCCATAAACTGG_005,127
GAGTGCACGCCATAAACTGG_006,120
GAGTGCACGCCATAAACTGG_007,192
GAGTGCACGCCATAAACTGG_008,75
GAGTGCACGCCATAAACTGG_009,33
GAGTGCACGCCATAAACTGG_010,120
GAGTGCACGCCATAAACTGG_011,76
GAGTGCACGCCATAAACTGG_012,94
GAGTGCACGCCATAAACTGG_013,30
GAGTGCACGCCATAAACTGG_014,142
TGGTGAACAGCCCTACAAGA_001,188
TGGTGAACAGCCCTACAAGA_002,77
TGGTGAACAGCCCTACAAGA_003,43
TGGTGAACAGCCCTACAAGA_004,145
CTTCGAGCGCATCGCAAGCG_001,174
CTTCGAGCGCATCGCAAGCG_002,16
CTTCGAGCGCATCGCAAGCG_003,31
CTTCGAGCGCATCGCAAGCG_004,15
GGAAGGCGGCAACAGCTATG_001,112
GGAAGGCGGCAACAGCTATG_002,174
GGAAGGCGGCAACAGCTATG_003,143
GGAAGGCGGCAACAGCTATG_004,19
GGAAGGCGGCAACAGCTATG_005,94
GGAAGGCGGCAACAGCTATG_006,61
GGAAGGCGGCAACAGCTATG_007,185
GGAAGGCGGCAACAGCTATG_008,124
GGAAGGCGGCAACAGCTATG_009,29
GGAAGGCGGCAACAGCTATG_010,75
GGAAGGCGGCAACAGCTATG_011,76
GGAAGGCGGCAACAGCTATG_012,199
GGAAGGCGGCAACAGCTATG_013,28
GGAAGGCGGCAACAGCTATG_014,34
GGAAGGCGGCAACAGCTATG_015,33
GGAAGGCGGCAACAGCTATG_016,62
GGAAGGCGGCAACAGCTATG_017,187
GGAAGGCGGCAACAGCTATG_018,140
GGAAGGCGGCAACAGCTATG_019,160
GGAAGGCGGCAACAGCTATG_020,17
GGAAGGCGGCAACAGCTATG_021,19
GGAAGGCGGCAACAGCTATG_022,18
TGTCCCAGAGATCGCTGCCG_001,101
TGTCCCAGAGATCGCTGCCG_002,10
TGTCCCAGAGATCGCTGCCG_003,119
TGTCCCAGAGATCGCTGCCG_004,120
TGTCCCAGAGATCGCTGCCG_005,120
TGTCCCAGAGATCGCTGCCG_006,133
TGTCCCAGAGATCGCTGCCG_007,119
TGTCCCAGAGATCGCTGCCG_008,116
TGTCCCAGAGATCGCTGCCG_009,161
TGTCCCAGAGATCGCTGCCG_010,2
TGTCCCAGAGATCGCTGCCG_011,52
TGTCCCAGAGATCGCTGCCG_012,111
TGTCCCAGAGATCGCTGCCG_013,72
TGTCCCAGAGATCGCTGCCG_014,150
TGTCCCAGAGATCGCTGCCG_015,48
TGTCCCAGAGATCGCTGCCG_016,47
TGTCCCAGAGATCGCTGCCG_017,87
TGTCCCAGAGATCGCTGCCG_018,73
TGTCCCAGAGATCGCTGCCG_019,31
TGTCCCAGAGATCGCTGCCG_020,13
TGTCCCAGAGATCGCTGCCG_021,22
TGTCCCAGAGATCGCTGCCG_022,27
TGTCCCAGAGATCGCTGCCG_023,5
TGTCCCAGAGATCGCTGCCG_024,110
TGTCCCAGAGATCGCTGCCG_025,183
TGTCCCAGAGATCGCTGCCG_026,11
TGTCCCAGAGATCGCTGCCG_027,162
TGTCCCAGAGATCGCTGCCG_028,116
TGTCCCAGAGATCGCTGCCG_029,41
TGTCCCAGAGATCGCTGCCG_030,48
TGTCCCAGAGATCGCTGCCG_031,45
TGTCCCAGAGATCGCTGCCG_032,56
TGTCCCAGAGATCGCTGCCG_033,7
TGTCCCAGAGATCGCTGCCG_034,138
TGTCCCAGAGATCGCTGCCG_035,27
CTGTTGCGAAAGGCACCGGG_001,114
CTGTTGCGAAAGGCACCGGG_002,60
CTGTTGCGAAAGGCACCGGG_003,29
CTGTTGCGAAAGGCACCGGG_004,192
CTGTTGCGAAAGGCACCGGG_005,178
CTGTTGCGAAAGGCACCGGG_006,156
CTGTTGCGAAAGGCACCGGG_007,177
CTGTTGCGAAAGGCACCGGG_008,125
CTGTTGCGAAAGGCACCGGG_009,188
CTGTTGCGAAAGGCACCGGG_010,149
CTGTTGCGAAAGGCACCGGG_011,24
CTGTTGCGAAAGGCACCGGG_012,176
CTGTTGCGAAAGGCACCGGG_013,9
CTGTTGCGAAAGGCACCGGG_014,43
CTGTTGCGAAAGGCACCGGG_015,6
CTGTTGCGAAAGGCACCGGG_016,170
CTGTTGCGAAAGGCACCGGG_017,3
CTGTTGCGAAAGGCACCGGG_018,95
CTGTTGCGAAAGGCACCGGG_019,58
CTGTTGCGAAAGGCACCGGG_020,23
CTGTTGCGAAAGGCACCGGG_021,126
CTGTTGCGAAAGGCACCGGG_022,182
CTGTTGCGAAAGGCACCGGG_023,67
CTGTTGCGAAAGGCACCGGG_024,177
TGTTTATTATGAAAAAGCAC_001,43
TGTTTATTATGAAAAAGCAC_002,154
ACATCTGAATAAACGCTACG_001,15
ACATCTGAATAAACGCTACG_002,21
ACATCTGAATAAACGCTACG_003,23
ACATCTGAATAAACGCTACG_004,15
ACATCTGAATAAACGCTACG_005,130
ACATCTGAATAAACGCTACG_006,28
ACATCTGAATAAACGCTACG_007,120
ACATCTGAATAAACGCTACG_008,116
ACATCTGAATAAACGCTACG_009,36
ACATCTGAATAAACGCTACG_010,196
ACATCTGAATAAACGCTACG_011,93
ACATCTGAATAAACGCTACG_012,93
ACATCTGAATAAACGCTACG_013,29
ACATCTGAATAAACGCTACG_014,113
ACATCTGAATAAACGCTACG_015,94
ACATCTGAATAAACGCTACG_016,43
ACATCTGAATAAACGCTACG_017,152
ACATCTGAATAAACGCTACG_018,169
ACATCTGAATAAACGCTACG_019,188
GAATATGGCCAGCTTCCCAG_001,169
GAATATGGCCAGCTTCCCAG_002,1
GAATATGGCCAGCTTCCCAG_003,70
GAATATGGCCAGCTTCCCAG_004,127
GAATATGGCCAGCTTCCCAG_005,119
GAATATGGCCAGCTTCCCAG_006,115
GAATATGGCCAGCTTCCCAG_007,169
GAATATGGCCAGCTTCCCAG_008,62
GAATATGGCCAGCTTCCCAG_009,0
GAATATGGCCAGCTTCCCAG_010,103
ACCTCAGAGTCAGACAACAA_001,118
ACCTCAGAGTCAGACAACAA_002,170
ACCTCAGAGTCAGACAACAA_003,26
ACCTCAGAGTCAGACAACAA_004,49
ACCTCAGAGTCAGACAACAA_005,23
ACCTCAGAGTCAGACAACAA_006,9
ACCTCAGAGTCAGACAACAA_007,38
AGTCACATTCTGGGTGCATG_001,169
AGTCACATTCTGGGTGCATG_002,29
AGTCACATTCTGGGTGCATG_003,83
AGTCACATTCTGGGTGCATG_004,29
AGTCACATTCTGGGTGCATG_005,35
AGTCACATTCTGGGTGCATG_006,58
AGATTGGAGATCACAGCTTG_001,98
AGATTGGAGATCACAGCTTG_002,72
AGATTGGAGATCACAGCTTG_003,85
AGATTGGAGATCACAGCTTG_004,116
AGATTGGAGATCACAGCTTG_005,105
AGATTGGAGATCACAGCTTG_006,79
AGATTGGAGATCACAGCTTG_007,22
AGATTGGAGATCACAGCTTG_008,106
AGATTGGAGATCACAGCTTG_009,139
AGATTGGAGATCACAGCTTG_010,194
AGATTGGAGATCACAGCTTG_011,52
AGATTGGAGATCACAGCTTG_012,154
AGATTGGAGATCACAGCTTG_013,52
AGATTGGAGATCACAGCTTG_014,63
AGATTGGAGATCACAGCTTG_015,174
AGATTGGAGATCACAGCTTG_016,76
AGATTGGAGATCACAGCTTG_017,146
AGATTGGAGATCACAGCTTG_018,28
CCTGAGAAGAACTGTCAAAT_001,80
CCTGAGAAGAACTGTCAAAT_002,47
CCTGAGAAGAACTGTCAAAT_003,53
CCTGAGAAGAACTGTCAAAT_004,1
CCTGAGAAGAACTGTCAAAT_005,61
CCTGAGAAGAACTGTCAAAT_006,75
CCTGAGAAGAACTGTCAAAT_007,74
GATATTGGACTTTAACAACA_001,153
GATATTGGACTTTAACAACA_002,102
GATATTGGACTTTAACAACA_003,9
AATAGGCACGTTGTTCCGTA_001,163
AATAGGCACGTTGTTCCGTA_002,112
AATAGGCACGTTGTTCCGTA_003,18
AATAGGCACGTTGTTCCGTA_004,158
AATAGGCACGTTGTTCCGTA_005,60
AATAGGCACGTTGTTCCGTA_006,133
AATAGGCACGTTGTTCCGTA_007,155
AATAGGCACGTTGTTCCGTA_008,27
AATAGGCACGTTGTTCCGTA_009,9
AATAGGCACGTTGTTCCGTA_010,192
AATAGGCACGTTGTTCCGTA_011,89
AATAGGCACGTTGTTCCGTA_012,137
GGCACTTGAGGAGATAGGCG_001,42
GGCACTTGAGGAGATAGGCG_002,82
GGCACTTGAGGAGATAGGCG_003,190
GGCACTTGAGGAGATAGGCG_004,62
GGCACTTGAGGAGATAGGCG_005,64
GGCACTTGAGGAGATAGGCG_006,58
TACAATGTCTCTGTATGTGC_001,117
TACAATGTCTCTGTATGTGC_002,129
ATTGATGAAAGGGTCAACAC_001,165
ATTGATGAAAGGGTCAACAC_002,43
ATTGATGAAAGGGTCAACAC_003,12
ATTGATGAAAGGGTCAACAC_004,60
ATTGATGAAAGGGTCAACAC_005,154
ATTGATGAAAGGGTCAACAC_006,29
ATTGATGAAAGGGTCAACAC_007,183
ATTGATGAAAGGGTCAACAC_008,129
ATTGATGAAAGGGTCAACAC_009,20
ATTGATGAAAGGGTCAACAC_010,1
ATTGATGAAAGGGTCAACAC_011,188
ATTGATGAAAGGGTCAACAC_012,75
ATTGATGAAAGGGTCAACAC_013,10
ATTGATGAAAGGGTCAACAC_014,43
ATTGATGAAAGGGTCAACAC_015,117
ATTGATGAAAGGGTCAACAC_016,55
ATTGATGAAAGGGTCAACAC_017,38
ATTGATGAAAGGGTCAACAC_018,83
ATTGATGAAAGGGTCAACAC_019,41
ATTGATGAAAGGGTCAACAC_020,27
ATTGATGAAAGGGTCAACAC_021,63
ATTGATGAAAGGGTCAACAC_022,77
ATTGATGAAAGGGTCAACAC_023,18
ATTGATGAAAGGGTCAACAC_024,197
ATTGATGAAAGGGTCAACAC_025,22
ATTGATGAAAGGGTCAACAC_026,2
ATTGATGAAAGGGTCAACAC_027,38
ATTGATGAAAGGGTCAACAC_028,0
ATTGATGAAAGGGTCAACAC_029,68
ATTGATGAAAGGGTCAACAC_030,121
ATTGATGAAAGGGTCAACAC_031,117
CAGCAATACACCCCTCAGGA_001,109
CAGCAATACACCCCTCAGGA_002,146
CAGCAATACACCCCTCAGGA_003,66
GCACCTCATAGCCTTCGTGG_001,8
CATTGCTACTAACACACTAG_001,188
CATTGCTACTAACACACTAG_002,81
CATTGCTACTAACACACTAG_003,139
CATTGCTACTAACACACTAG_004,168
GAAGATGTCAGCATGGAACG_001,28
GAAGATGTCAGCATGGAACG_002,89
GAAGATGTCAGCATGGAACG_003,111
TGACCCCTGTTACTACAACA_001,183
TGACCCCTGTTACTACAACA_002,33
GATGATGGGCAGCGCCCGAG_001,101
GATGATGGGCAGCGCCCGAG_002,137
GATGATGGGCAGCGCCCGAG_003,107
GATGATGGGCAGCGCCCGAG_004,57
GATGATGGGCAGCGCCCGAG_005,28
GATGATGGGCAGCGCCCGAG_006,70
GATGATGGGCAGCGCCCGAG_007,191
GATGATGGGCAGCGCCCGAG_008,111
GATGATGGGCAGCGCCCGAG_009,12
GATGATGGGCAGCGCCCGAG_010,150
GATGATGGGCAGCGCCCGAG_011,161
GATGATGGGCAGCGCCCGAG_012,136
GGACCTGAAAAGACATGCAG_001,189
GGACCTGAAAAGACATGCAG_002,166
GGACCTGAAAAGACATGCAG_003,13
GGACCTGAAAAGACATGCAG_004,7
GGACCTGAAAAGACATGCAG_005,186
GGACCTGAAAAGACATGCAG_006,174
GGACCTGAAAAGACATGCAG_007,12
GGACCTGAAAAGACATGCAG_008,169
GGACCTGAAAAGACATGCAG_009,140
GGACCTGAAAAGACATGCAG_010,161
GGACCTGAAAAGACATGCAG_011,64
GGACCTGAAAAGACATGCAG_012,91
GGACCTGAAAAGACATGCAG_013,179
GGACCTGAAAAGACATGCAG_014,145
GGACCTGAAAAGACATGCAG_015,115
GGACCTGAAAAGACATGCAG_016,151
GGACCTGAAAAGACATGCAG_017,103
GGACCTGAAAAGACATGCAG_018,31
GGACCTGAAAAGACATGCAG_019,160
GGACCTGAAAAGACATGCAG_020,96
GGACCTGAAAAGACATGCAG_021,177
GGACCTGAAAAGACATGCAG_022,116
GGACCTGAAAAGACATGCAG_023,59
CCCCAGCACGAGCACCAGCG_001,136
CCCCAGCACGAGCACCAGCG_002,115
CCCCAGCACGAGCACCAGCG_003,26
CCCCAGCACGAGCACCAGCG_004,180
CCCCAGCACGAGCACCAGCG_005,63
TCTGGTCCGCTCCCGGCTGT_001,124
TCTGGTCCGCTCCCGGCTGT_002,139
TCTGGTCCGCTCCCGGCTGT_003,88
TCTGGTCCGCTCCCGGCTGT_004,102
TCTGGTCCGCTCCCGGCTGT_005,133
TCTGGTCCGCTCCCGGCTGT_006,126
TCTGGTCCGCTCCCGGCTGT_007,115
TCTGGTCCGCTCCCGGCTGT_008,103
TCTGGTCCGCTCCCGGCTGT_009,136
GGGCAGTGCTACTACAACGC_001,198
GGGCAGTGCTACTACAACGC_002,97
GGGCAGTGCTACTACAACGC_003,95
CCTATGGCTATAAAGAGTGT_001,147
CCTATGGCTATAAAGAGTGT_002,158
ATAATAACTGGGTAACGTAG_001,145
ATAATAACTGGGTAACGTAG_002,160
ATAATAACTGGGTAACGTAG_003,78
ATAATAACTGGGTAACGTAG_004,140
ATAATAACTGGGTAACGTAG_005,152
ATAATAACTGGGTAACGTAG_006,82
ATAATAACTGGGTAACGTAG_007,107
TGGGCTCGTAGCGCTCAATG_001,12
GGAGGAGAGCCCCTACTGCG_001,11
GGAGGAGAGCCCCTACTGCG_002,48
GGAGGAGAGCCCCTACTGCG_003,108
GGAGGAGAGCCCCTACTGCG_004,19
GGAGGAGAGCCCCTACTGCG_005,191
GGAGGAGAGCCCCTACTGCG_006,196
GGAGGAGAGCCCCTACTGCG_007,93
GGAGGAGAGCCCCTACTGCG_008,115
GGAGGAGAGCCCCTACTGCG_009,45
GGAGGAGAGCCCCTACTGCG_010,37
GGAGGAGAGCCCCTACTGCG_011,1
GGAGGAGAGCCCCTACTGCG_012,88
GGAGGAGAGCCCCTACTGCG_013,115
GGAGGAGAGCCCCTACTGCG_014,94
GGAGGAGAGCCCCTACTGCG_015,192
GGAGGAGAGCCCCTACTGCG_016,120
GGAGGAGAGCCCCTACTGCG_017,182
GGAGGAGAGCCCCTACTGCG_018,127
GGAGGAGAGCCCCTACTGCG_019,177
GGAGGAGAGCCCCTACTGCG_020,158
GGAGGAGAGCCCCTACTGCG_021,174
GGAGGAGAGCCCCTACTGCG_022,84
GGAGGAGAGCCCCTACTGCG_023,105
GGAGGAGAGCCCCTACTGCG_024,169
GGAGGAGAGCCCCTACTGCG_025,174
GGAGGAGAGCCCCTACTGCG_026,78
GGAGGAGAGCCCCTACTGCG_027,147
GGAGGAGAGCCCCTACTGCG_028,50
GGAGGAGAGCCCCTACTGCG_029,153
GGAGGAGAGCCCCTACTGCG_030,96
GGAGGAGAGCCCCTACTGCG_031,163
GGAGGAGAGCCCCTACTGCG_032,127
GGAGGAGAGCCCCTACTGCG_033,94
GGAGGAGAGCCCCTACTGCG_034,102
GGAGGAGAGCCCCTACTGCG_035,172
GGAGGAGAGCCCCTACTGCG_036,29
GGAGGAGAGCCCCTACTGCG_037,65
GGAGGAGAGCCCCTACTGCG_038,144
GGAGGAGAGCCCCTACTGCG_039,105
GGAGGAGAGCCCCTACTGCG_040,19
GGAGGAGAGCCCCTACTGCG_041,28
TAAATGCCTTTCCACATAAG_001,87
GAACTATGATCCCAAGACCG_001,170
GAACTATGATCCCAAGACCG_002,88
GAACTATGATCCCAAGACCG_003,103
GAACTATGATCCCAAGACCG_004,38
GAACTATGATCCCAAGACCG_005,50
GAACTATGATCCCAAGACCG_006,181
GAACTATGATCCCAAGACCG_007,104
GAACTATGATCCCAAGACCG_008,45
TTGAGCACGGTGATCGCACA_001,64
TTGAGCACGGTGATCGCACA_002,137
TTGAGCACGGTGATCGCACA_003,29
TTGAGCACGGTGATCGCACA_004,0
CACAGTCTTATAGTCAACAT_001,100
GGCGCCTCTGCGGTCTAGGT_001,12
GGCGCCTCTGCGGTCTAGGT_002,78
GGCGCCTCTGCGGTCTAGGT_003,160
GGCGCCTCTGCGGTCTAGGT_004,185
GGCGCCTCTGCGGTCTAGGT_005,182
GGCGCCTCTGCGGTCTAGGT_006,35
GGCGCCTCTGCGGTCTAGGT_007,148
GGCGCCTCTGCGGTCTAGGT_008,112
GGCGCCTCTGCGGTCTAGGT_009,12
GGCGCCTCTGCGGTCTAGGT_010,77
GGCGCCTCTGCGGTCTAGGT_011,31
GGCGCCTCTGCGGTCTAGGT_012,150
GGCGCCTCTGCGGTCTAGGT_013,77
GGCGCCTCTGCGGTCTAGGT_014,106
GGCGCCTCTGCGGTCTAGGT_015,189
GGCGCCTCTGCGGTCTAGGT_016,194
GGCGCCTCTGCGGTCTAGGT_017,149
GGCGCCTCTGCGGTCTAGGT_018,169
GGCGCCTCTGCGGTCTAGGT_019,126
GGCGCCTCTGCGGTCTAGGT_020,137
GGCGCCTCTGCGGTCTAGGT_021,148
GGCGCCTCTGCGGTCTAGGT_022,124
GCAATTGTCGGCAAGAGATG_001,129
GCAATTGTCGGCAAGAGATG_002,12
GCAATTGTCGGCAAGAGATG_003,15
GCAATTGTCGGCAAGAGATG_004,120
GCAATTGTCGGCAAGAGATG_005,116
GCAATTGTCGGCAAGAGATG_006,175
GCAATTGTCGGCAAGAGATG_007,68
GCAATTGTCGGCAAGAGATG_008,83
GCAATTGTCGGCAAGAGATG_009,22
GCAATTGTCGGCAAGAGATG_010,60
GAAACGGAATGCCTTCCTTG_001,146
GAAACGGAATGCCTTCCTTG_002,174
GAAACGGAATGCCTTCCTTG_003,147
GAAACGGAATGCCTTCCTTG_004,145
GAAACGGAATGCCTTCCTTG_005,76
GAAACGGAATGCCTTCCTTG_006,177
GAAACGGAATGCCTTCCTTG_007,155
GAAACGGAATGCCTTCCTTG_008,74
GAAACGGAATGCCTTCCTTG_009,198
GAAACGGAATGCCTTCCTTG_010,50
GAAACGGAATGCCTTCCTTG_011,5
GAAACGGAATGCCTTCCTTG_012,48
GAAACGGAATGCCTTCCTTG_013,178
GAAACGGAATGCCTTCCTTG_014,47
GAAACGGAATGCCTTCCTTG_015,96
GAAACGGAATGCCTTCCTTG_016,0
TTTCACCAATGAAGAATCGC_001,101
CGACATCTCCGAGCTCCGCA_001,159
CGACATCTCCGAGCTCCGCA_002,140
CGACATCTCCGAGCTCCGCA_003,127
CGACATCTCCGAGCTCCGCA_004,42
CGACATCTCCGAGCTCCGCA_005,65
CGACATCTCCGAGCTCCGCA_006,184
CGACATCTCCGAGCTCCGCA_007,78
CGACATCTCCGAGCTCCGCA_008,73
CGACATCTCCGAGCTCCGCA_009,79
GGACTGTGAACGGACAACTG_001,115
GGACTGTGAACGGACAACTG_002,29
GGACTGTGAACGGACAACTG_003,115
GGACTGTGAACGGACAACTG_004,16
GGACTGTGAACGGACAACTG_005,96
GGACTGTGAACGGACAACTG_006,50
GGACTGTGAACGGACAACTG_007,119
GGACTGTGAACGGACAACTG_008,117
GGACTGTGAACGGACAACTG_009,40
GGACTGTGAACGGACAACTG_010,73
GGACTGTGAACGGACAACTG_011,105
GGACTGTGAACGGACAACTG_012,140
GGACTGTGAACGGACAACTG_013,149
GGACTGTGAACGGACAACTG_014,93
GGACTGTGAACGGACAACTG_015,169
GGACTGTGAACGGACAACTG_016,61
GGACTGTGAACGGACAACTG_017,25
GGACTGTGAACGGACAACTG_018,76
GGACTGTGAACGGACAACTG_019,8
GGACTGTGAACGGACAACTG_020,126
GGACTGTGAACGGACAACTG_021,150
GGACTGTGAACGGACAACTG_022,141
GGACTGTGAACGGACAACTG_023,59
GGACTGTGAACGGACAACTG_024,177
GGACTGTGAACGGACAACTG_025,53
GGACTGTGAACGGACAACTG_026,47
GGACTGTGAACGGACAACTG_027,108
GGACTGTGAACGGACAACTG_028,48
GGACTGTGAACGGACAACTG_029,49
TTCAGCAGTGTCTACCACAC_001,31
TTCAGCAGTGTCTACCACAC_002,194
TTCAGCAGTGTCTACCACAC_003,169
TTCAGCAGTGTCTACCACAC_004,103
TTCAGCAGTGTCTACCACAC_005,169
TTCAGCAGTGTCTACCACAC_006,58
TTCAGCAGTGTCTACCACAC_007,167
TTCAGCAGTGTCTACCACAC_008,104
TTCAGCAGTGTCTACCACAC_009,191
TTCAGCAGTGTCTACCACAC_010,124
TTCAGCAGTGTCTACCACAC_011,113
TTCAGCAGTGTCTACCACAC_012,121
TTCAGCAGTGTCTACCACAC_013,198
TTGCTACTGAACGGCGACGG_001,166
TTGCTACTGAACGGCGACGG_002,1
TTGCTACTGAACGGCGACGG_003,129
TTGCTACTGAACGGCGACGG_004,85
TTGCTACTGAACGGCGACGG_005,154
TTGCTACTGAACGGCGACGG_006,23
TTGCTACTGAACGGCGACGG_007,58
TTGCTACTGAACGGCGACGG_008,174
TTGCTACTGAACGGCGACGG_009,29
AATTCTGGCAAAAGATAACG_001,170
AATTCTGGCAAAAGATAACG_002,161
GGAGCACTACGATGAGTCCG_001,43
GGAGCACTACGATGAGTCCG_002,49
GGAGCACTACGATGAGTCCG_003,94
GGAGCACTACGATGAGTCCG_004,5
GGAGCACTACGATGAGTCCG_005,103
GGAGCACTACGATGAGTCCG_006,106
GGAGCACTACGATGAGTCCG_007,52
GGAGCACTACGATGAGTCCG_008,151
GGAGCACTACGATGAGTCCG_009,15
GGAGCACTACGATGAGTCCG_010,147
GGAGCACTACGATGAGTCCG_011,56
GGAGCACTACGATGAGTCCG_012,168
GGAGCACTACGATGAGTCCG_013,170
GGAGCACTACGATGAGTCCG_014,88
GGAGCACTACGATGAGTCCG_015,40
GGAGCACTACGATGAGTCCG_016,78
TCTTGTGAATAGGAAACCTG_001,42
TCTTGTGAATAGGAAACCTG_002,132
TCTTGTGAATAGGAAACCTG_003,77
TCTTGTGAATAGGAAACCTG_004,171
TCTTGTGAATAGGAAACCTG_005,172
TCTTGTGAATAGGAAACCTG_006,15
TCTTGTGAATAGGAAACCTG_007,146
TCTTGTGAATAGGAAACCTG_008,1
TCTTGTGAATAGGAAACCTG_009,154
TCTTGTGAATAGGAAACCTG_010,16
TCTTGTGAATAGGAAACCTG_011,158
TCTTGTGAATAGGAAACCTG_012,140
TCTTGTGAATAGGAAACCTG_013,118
CTCAGGCCGGTGACACACGG_001,198
CTCAGGCCGGTGACACACGG_002,145
CTCAGGCCGGTGACACACGG_003,80
CTCAGGCCGGTGACACACGG_004,104
CTCAGGCCGGTGACACACGG_005,194
CTCAGGCCGGTGACACACGG_006,174
CTCAGGCCGGTGACACACGG_007,137
CTCAGGCCGGTGACACACGG_008,59
CTCAGGCCGGTGACACACGG_009,144
CTCAGGCCGGTGACACACGG_010,22
CTCAGGCCGGTGACACACGG_011,107
CTCAGGCCGGTGACACACGG_012,30
CTCAGGCCGGTGACACACGG_013,96
CTCAGGCCGGTGACACACGG_014,180
CTCAGGCCGGTGACACACGG_015,142
CTCAGGCCGGTGACACACGG_016,199
GCCAGGCACAGAAGTCATCC_001,169
GCCAGGCACAGAAGTCATCC_002,2
GCCAGGCACAGAAGTCATCC_003,170
GCCAGGCACAGAAGTCATCC_004,9
GCCAGGCACAGAAGTCATCC_005,6
GCCAGGCACAGAAGTCATCC_006,60
GCCAGGCACAGAAGTCATCC_007,30
GCCAGGCACAGAAGTCATCC_008,170
GCCAGGCACAGAAGTCATCC_009,138
CCACGGTGCGCAGCTCTAAG_001,150
CCACGGTGCGCAGCTCTAAG_002,138
CCACGGTGCGCAGCTCTAAG_003,172
CCACGGTGCGCAGCTCTAAG_004,78
CCACGGTGCGCAGCTCTAAG_005,184
CCACGGTGCGCAGCTCTAAG_006,13
CCACGGTGCGCAGCTCTAAG_007,114
CCACGGTGCGCAGCTCTAAG_008,34
CCACGGTGCGCAGCTCTAAG_009,149
CCACGGTGCGCAGCTCTAAG_010,144
CACTCGATGAGACCACGCTC_001,97
CACTCGATGAGACCACGCTC_002,42
CACTCGATGAGACCACGCTC_003,42
CACTCGATGAGACCACGCTC_004,3
GAGATGAATGTCCTGGCGCA_001,161
GAGATGAATGTCCTGGCGCA_002,81
GAGATGAATGTCCTGGCGCA_003,78
GAGATGAATGTCCTGGCGCA_004,188
ATGACGTGCTGTTTGCATCG_001,29
ATGACGTGCTGTTTGCATCG_002,98
ATGACGTGCTGTTTGCATCG_003,196
AGGTAGCTAATGTTGTTGCG_001,177
AGGTAGCTAATGTTGTTGCG_002,184
AGGTAGCTAATGTTGTTGCG_003,29
AGGTAGCTAATGTTGTTGCG_004,90
AGGTAGCTAATGTTGTTGCG_005,78
CTTACCCTGATTGCGAATAG_001,74
CTTACCCTGATTGCGAATAG_002,53
TGAAGACACAAGATCACATG_001,48
TGAAGACACAAGATCACATG_002,159
TGAAGACACAAGATCACATG_003,160
TGAAGACACAAGATCACATG_004,48
TGAAGACACAAGATCACATG_005,40
GGTACTCGGTAGGACTCAAG_001,152
GGTACTCGGTAGGACTCAAG_002,166
GGTACTCGGTAGGACTCAAG_003,19
GGTACTCGGTAGGACTCAAG_004,12
GGTACTCGGTAGGACTCAAG_005,61
GGTACTCGGTAGGACTCAAG_006,3
GGTACTCGGTAGGACTCAAG_007,89
GGTACTCGGTAGGACTCAAG_008,16
AGAGTAGTGAATACAGACCA_001,107
AGAGTAGTGAATACAGACCA_002,32
AGAGTAGTGAATACAGACCA_003,47
GCCAAACATAAGGTCAGACA_001,127
GCCAAACATAAGGTCAGACA_002,102
GCCAAACATAAGGTCAGACA_003,77
GCCAAACATAAGGTCAGACA_004,158
GCCAAACATAAGGTCAGACA_005,35
GCCAAACATAAGGTCAGACA_006,52
GCCTCGATGATAGAATACCA_001,175
GCCTCGATGATAGAATACCA_002,197
GCCTCGATGATAGAATACCA_003,130
GCCTCGATGATAGAATACCA_004,48
GCCTCGATGATAGAATACCA_005,78
GCCTCGATGATAGAATACCA_006,192
GCCTCGATGATAGAATACCA_007,35
TATAAAAAAATTCCGTGACG_001,86
CTTTACAAGCCCTACACCAA_001,24
CTTTACAAGCCCTACACCAA_002,117
CTTTACAAGCCCTACACCAA_003,176
CTTTACAAGCCCTACACCAA_004,80
CTTTACAAGCCCTACACCAA_005,38
CTTTACAAGCCCTACACCAA_006,148
CTTTACAAGCCCTACACCAA_007,197
CTTTACAAGCCCTACACCAA_008,168
CTTTACAAGCCCTACACCAA_009,22
TGGGACAGTTCCGGTTGGCG_001,142
TGGGACAGTTCCGGTTGGCG_002,122
TGGGACAGTTCCGGTTGGCG_003,25
TGGGACAGTTCCGGTTGGCG_004,22
TGGGACAGTTCCGGTTGGCG_005,117
CAGACACTCGTAGCTCACCT_001,6
CAGACACTCGTAGCTCACCT_002,61
CAGACACTCGTAGCTCACCT_003,81
CAGACACTCGTAGCTCACCT_004,104
TCCAAAGATCACCTAACAGG_001,105
TCCAAAGATCACCTAACAGG_002,182
TCCAAAGATCACCTAACAGG_003,118
TCCAAAGATCACCTAACAGG_004,186
TCCAAAGATCACCTAACAGG_005,25
TCCAAAGATCACCTAACAGG_006,39
AGGTGTTCGAGACACAGGAG_001,120
AGGTGTTCGAGACACAGGAG_002,48
AGGTGTTCGAGACACAGGAG_003,102
AGGTGTTCGAGACACAGGAG_004,148
AGGTGTTCGAGACACAGGAG_005,171
AGGTGTTCGAGACACAGGAG_006,105
AGGTGTTCGAGACACAGGAG_007,82
AGGTGTTCGAGACACAGGAG_008,131
AGGTGTTCGAGACACAGGAG_009,135
AGGTGTTCGAGACACAGGAG_010,118
AGGTGTTCGAGACACAGGAG_011,186
AGGTGTTCGAGACACAGGAG_012,89
AGGTGTTCGAGACACAGGAG_013,83
AGGTGTTCGAGACACAGGAG_014,134
AGGTGTTCGAGACACAGGAG_015,178
AGGTGTTCGAGACACAGGAG_016,96
AGGTGTTCGAGACACAGGAG_017,66
AGGTGTTCGAGACACAGGAG_018,161
AGGTGTTCGAGACACAGGAG_019,61
AGGTGTTCGAGACACAGGAG_020,197
AGGTGTTCGAGACACAGGAG_021,16
AGGTGTTCGAGACACAGGAG_022,104
AGTGCCCGGAGGAACCACAT_001,183
AGTGCCCGGAGGAACCACAT_002,79
AGTGCCCGGAGGAACCACAT_003,174
CCGCGGGACTTACGCTCTCG_001,131
CCGCGGGACTTACGCTCTCG_002,131
CCGCGGGACTTACGCTCTCG_003,42
CCGCGGGACTTACGCTCTCG_004,91
CCGCGGGACTTACGCTCTCG_005,64
CCGCGGGACTTACGCTCTCG_006,56
CCGCGGGACTTACGCTCTCG_007,50
CCGCGGGACTTACGCTCTCG_008,84
CCGCGGGACTTACGCTCTCG_009,160
CTGCAAAGGCGATTGCAACG_001,148
CTGCAAAGGCGATTGCAACG_002,148
CTGCAAAGGCGATTGCAACG_003,42
CTGCAAAGGCGATTGCAACG_004,1
CTGCAAAGGCGATTGCAACG_005,98
CTGCAAAGGCGATTGCAACG_006,142
CTGCAAAGGCGATTGCAACG_007,178
CTGCAAAGGCGATTGCAACG_008,36
GAGTAACAGGAGACCTGCTG_001,130
GAGTAACAGGAGACCTGCTG_002,62
GAGTAACAGGAGACCTGCTG_003,176
GAGTAACAGGAGACCTGCTG_004,39
GAGTAACAGGAGACCTGCTG_005,188
GAGTAACAGGAGACCTGCTG_006,197
GAGTAACAGGAGACCTGCTG_007,172
GAGTAACAGGAGACCTGCTG_008,92
GAGTAACAGGAGACCTGCTG_009,67
GAGTAACAGGAGACCTGCTG_010,106
GAGTAACAGGAGACCTGCTG_011,114
ACTCACCGATTCAAATGCTC_001,168
ACTCACCGATTCAAATGCTC_002,102
ACTCACCGATTCAAATGCTC_003,134
ACTCACCGATTCAAATGCTC_004,95
ACTCACCGATTCAAATGCTC_005,84
ACTCACCGATTCAAATGCTC_006,92
ACTCACCGATTCAAATGCTC_007,186
ACAGGTGTCATCAATAGCAG_001,169
ACAGGTGTCATCAATAGCAG_002,96
ACAGGTGTCATCAATAGCAG_003,188
GCTGGCACCCAGGAGCACAC_001,119
GCTGGCACCCAGGAGCACAC_002,57
GCTGGCACCCAGGAGCACAC_003,148
GCTGGCACCCAGGAGCACAC_004,41
GCTGGCACCCAGGAGCACAC_005,35
GCTGGCACCCAGGAGCACAC_006,62
GCTGGCACCCAGGAGCACAC_007,187
GCTGGCACCCAGGAGCACAC_008,146
GCTGGCACCCAGGAGCACAC_009,47
GCTGGCACCCAGGAGCACAC_010,152
GCTGGCACCCAGGAGCACAC_011,67
GCTGGCACCCAGGAGCACAC_012,179
GCTGGCACCCAGGAGCACAC_013,6
GCTGGCACCCAGGAGCACAC_014,36
GCTGGCACCCAGGAGCACAC_015,16
GCTGGCACCCAGGAGCACAC_016,160
GCTGGCACCCAGGAGCACAC_017,145
GCTGGCACCCAGGAGCACAC_018,31
GCTGGCACCCAGGAGCACAC_019,195
GCTGGCACCCAGGAGCACAC_020,70
GCTGGCACCCAGGAGCACAC_021,127
GCTGGCACCCAGGAGCACAC_022,88
GCTGGCACCCAGGAGCACAC_023,76
GCTGGCACCCAGGAGCACAC_024,124
GCTGGCACCCAGGAGCACAC_025,106
GCTGGCACCCAGGAGCACAC_026,26
GCTGGCACCCAGGAGCACAC_027,56
GCTGGCACCCAGGAGCACAC_028,56
GCTGGCACCCAGGAGCACAC_029,50
GCTGGCACCCAGGAGCACAC_030,167
GCTGGCACCCAGGAGCACAC_031,197
GCTGGCACCCAGGAGCACAC_032,147
GTCATAGTGACCACAGCTTG_001,15
GTCATAGTGACCACAGCTTG_002,118
GTCATAGTGACCACAGCTTG_003,63
GTCATAGTGACCACAGCTTG_004,173
GTCATAGTGACCACAGCTTG_005,29
GTCATAGTGACCACAGCTTG_006,106
GTCATAGTGACCACAGCTTG_007,139
GTCATAGTGACCACAGCTTG_008,113
GTCATAGTGACCACAGCTTG_009,149
GTCATAGTGACCACAGCTTG_010,102
GTCATAGTGACCACAGCTTG_011,175
GTCATAGTGACCACAGCTTG_012,99
TCGGAGCCCATACATCCAGG_001,59
TCGGAGCCCATACATCCAGG_002,68
TCGGAGCCCATACATCCAGG_003,163
TCGGAGCCCATACATCCAGG_004,105
GAAATGCATTAAGTTCAGTG_001,9
GAAATGCATTAAGTTCAGTG_002,50
GAAATGCATTAAGTTCAGTG_003,4
GAAATGCATTAAGTTCAGTG_004,2
GAAATGCATTAAGTTCAGTG_005,78
GAAATGCATTAAGTTCAGTG_006,77
GAAATGCATTAAGTTCAGTG_007,69
GAAATGCATTAAGTTCAGTG_008,33
GAAATGCATTAAGTTCAGTG_009,121
GAAATGCATTAAGTTCAGTG_010,127
GAAATGCATTAAGTTCAGTG_011,27
GGTGTGATTCCAATCCAGGG_001,110
GGTGTGATTCCAATCCAGGG_002,86
GGTGTGATTCCAATCCAGGG_003,169
GGTGTGATTCCAATCCAGGG_004,7
CTTTACCTCCTACCAGCTAG_001,55
CCTGGCCTACGATTCTTGAG_001,160
CCTGGCCTACGATTCTTGAG_002,149
CCCATGGGCAGTTCAAATCG_001,61
CCCATGGGCAGTTCAAATCG_002,150
CCCATGGGCAGTTCAAATCG_003,189
CCCATGGGCAGTTCAAATCG_004,29
CCCATGGGCAGTTCAAATCG_005,19
CCCATGGGCAGTTCAAATCG_006,16
CCCATGGGCAGTTCAAATCG_007,94
TCACTGACCCCTTTATCCGG_001,15
TCACTGACCCCTTTATCCGG_002,172
TCACTGACCCCTTTATCCGG_003,68
TCACTGACCCCTTTATCCGG_004,1
TCACTGACCCCTTTATCCGG_005,191
TCACTGACCCCTTTATCCGG_006,125
TCACTGACCCCTTTATCCGG_007,187
TCACTGACCCCTTTATCCGG_008,62
CCAGACCACCTAATACTGCA_001,11
CCAGACCACCTAATACTGCA_002,191
CCAGACCACCTAATACTGCA_003,68
TCCTGAGAACAATCGCCCAG_001,87
TCCTGAGAACAATCGCCCAG_002,53
TCCTGAGAACAATCGCCCAG_003,177
TCCTGAGAACAATCGCCCAG_004,88
TCCTGAGAACAATCGCCCAG_005,176
TCCTGAGAACAATCGCCCAG_006,146
TCCTGAGAACAATCGCCCAG_007,152
TCCTGAGAACAATCGCCCAG_008,81
TCCTGAGAACAATCGCCCAG_009,50
TCCTGAGAACAATCGCCCAG_010,187
TCCTGAGAACAATCGCCCAG_011,131
TCCTGAGAACAATCGCCCAG_012,131
TCCTGAGAACAATCGCCCAG_013,0
TCCTGAGAACAATCGCCCAG_014,198
TTCATCTCCACAATCACCGG_001,1
TTCATCTCCACAATCACCGG_002,62
TTCATCTCCACAATCACCGG_003,147
TACATCTACCATTGGCCCAG_001,31
TACATCTACCATTGGCCCAG_002,79
TACATCTACCATTGGCCCAG_003,103
TACATCTACCATTGGCCCAG_004,28
TACATCTACCATTGGCCCAG_005,169
TACATCTACCATTGGCCCAG_006,188
TACATCTACCATTGGCCCAG_007,161
TACATCTACCATTGGCCCAG_008,126
CTAGGCTTCAACATCATGGG_001,78
CTAGGCTTCAACATCATGGG_002,78
CTAGGCTTCAACATCATGGG_003,11
CTAGGCTTCAACATCATGGG_004,149
CTAGGCTTCAACATCATGGG_005,152
CCATCCGGTCGCCCTGCACG_001,43
CCATCCGGTCGCCCTGCACG_002,172
CCATCCGGTCGCCCTGCACG_003,50
CCATCCGGTCGCCCTGCACG_004,17
CCATCCGGTCGCCCTGCACG_005,199
CCATCCGGTCGCCCTGCACG_006,150
CCATCCGGTCGCCCTGCACG_007,94
CCATCCGGTCGCCCTGCACG_008,124
CCATCCGGTCGCCCTGCACG_009,119
CCATCCGGTCGCCCTGCACG_010,165
CCATCCGGTCGCCCTGCACG_011,166
CCATCCGGTCGCCCTGCACG_012,107
CGGGCTACTTCCTGCCACTG_001,98
CGGGCTACTTCCTGCCACTG_002,172
CGGGCTACTTCCTGCCACTG_003,175
CGGGCTACTTCCTGCCACTG_004,42
CGGGCTACTTCCTGCCACTG_005,98
CGGGCTACTTCCTGCCACTG_006,35
CGGGCTACTTCCTGCCACTG_007,22
CGGGCTACTTCCTGCCACTG_008,148
CGGGCTACTTCCTGCCACTG_009,42
CGGGCTACTTCCTGCCACTG_010,118
CGGGCTACTTCCTGCCACTG_011,116
CGGGCTACTTCCTGCCACTG_012,74
CGGGCTACTTCCTGCCACTG_013,175
CGGGCTACTTCCTGCCACTG_014,192
CGGGCTACTTCCTGCCACTG_015,16
CGGGCTACTTCCTGCCACTG_016,27
CGGGCTACTTCCTGCCACTG_017,186
CGGGCTACTTCCTGCCACTG_018,37
CGGGCTACTTCCTGCCACTG_019,59
GCCCACACAGTTACGCTCAG_001,63
GCCCACACAGTTACGCTCAG_002,137
GCCCACACAGTTACGCTCAG_003,119
GCCCACACAGTTACGCTCAG_004,137
GCCCACACAGTTACGCTCAG_005,24
CGAAGGAGAGGCCGAATTGG_001,165
CGAAGGAGAGGCCGAATTGG_002,87
CGAAGGAGAGGCCGAATTGG_003,16
CGAAGGAGAGGCCGAATTGG_004,122
CGAAGGAGAGGCCGAATTGG_005,32
CGAAGGAGAGGCCGAATTGG_006,81
CGAAGGAGAGGCCGAATTGG_007,89
CGAAGGAGAGGCCGAATTGG_008,43
GCTCACATCCTCTAGTCGAA_001,58
GCTCACATCCTCTAGTCGAA_002,62
GCTCACATCCTCTAGTCGAA_003,170
GCTCACATCCTCTAGTCGAA_004,70
GCTCACATCCTCTAGTCGAA_005,139
GCTCACATCCTCTAGTCGAA_006,1
GCAGGGAAGAAAGAGAAACC_001,8
GCAGGGAAGAAAGAGAAACC_002,147
GCAGGGAAGAAAGAGAAACC_003,3
CAAACAAGATGCGCTCGTGG_001,0
CAAACAAGATGCGCTCGTGG_002,131
CAAACAAGATGCGCTCGTGG_003,77
CAAACAAGATGCGCTCGTGG_004,125
GATGTCGTTGTAACTGACCA_001,68
GATGTCGTTGTAACTGACCA_002,166
GATGTCGTTGTAACTGACCA_003,15
GATGTCGTTGTAACTGACCA_004,115
GATGTCGTTGTAACTGACCA_005,25
GATGTCGTTGTAACTGACCA_006,51
GATGTCGTTGTAACTGACCA_007,106
GATGTCGTTGTAACTGACCA_008,4
GATGTCGTTGTAACTGACCA_009,149
GATGTCGTTGTAACTGACCA_010,142
GATGTCGTTGTAACTGACCA_011,34
GATGTCGTTGTAACTGACCA_012,15
GATGTCGTTGTAACTGACCA_013,36
GATGTCGTTGTAACTGACCA_014,108
AGGGGAACCCCCATCAAGTG_001,168
AGGGGAACCCCCATCAAGTG_002,19
AGGGGAACCCCCATCAAGTG_003,18
AGGGGAACCCCCATCAAGTG_004,69
AGGGGAACCCCCATCAAGTG_005,177
AGGGGAACCCCCATCAAGTG_006,8
AGGGGAACCCCCATCAAGTG_007,162
AGGGGAACCCCCATCAAGTG_008,102
AGGGGAACCCCCATCAAGTG_009,189
AGGGGAACCCCCATCAAGTG_010,132
AGGGGAACCCCCATCAAGTG_011,74
AGGGGAACCCCCATCAAGTG_012,106
AGGGGAACCCCCATCAAGTG_013,9
AGGGGAACCCCCATCAAGTG_014,0
AGGGGAACCCCCATCAAGTG_015,101
AGGGGAACCCCCATCAAGTG_016,23
AGGGGAACCCCCATCAAGTG_017,192
AGGGGAACCCCCATCAAGTG_018,63
AGGGGAACCCCCATCAAGTG_019,166
AGGGGAACCCCCATCAAGTG_020,68
AGGGGAACCCCCATCAAGTG_021,147
AGGGGAACCCCCATCAAGTG_022,27
AGGGGAACCCCCATCAAGTG_023,137
AGGGGAACCCCCATCAAGTG_024,15
AGGGGAACCCCCATCAAGTG_025,160
GGATGGCGAATACTGCCCAG_001,169
GGATGGCGAATACTGCCCAG_002,16
GGATGGCGAATACTGCCCAG_003,152
GATGCTTACACCATCCGCCG_001,146
GATGCTTACACCATCCGCCG_002,36
GATGCTTACACCATCCGCCG_003,62
GATGCTTACACCATCCGCCG_004,160
GATGCTTACACCATCCGCCG_005,2
GATGCTTACACCATCCGCCG_006,76
GATGCTTACACCATCCGCCG_007,29
GATGCTTACACCATCCGCCG_008,12
GATGCTTACACCATCCGCCG_009,98
GATGCTTACACCATCCGCCG_010,80
GATGCTTACACCATCCGCCG_011,80
GATGCTTACACCATCCGCCG_012,125
GATGCTTACACCATCCGCCG_013,75
GATGCTTACACCATCCGCCG_014,50
CTTTGGGGACGAGTACTACG_001,187
CTTTGGGGACGAGTACTACG_002,155
CTTTGGGGACGAGTACTACG_003,118
CTTTGGGGACGAGTACTACG_004,182
CTTTGGGGACGAGTACTACG_005,105
CTTTGGGGACGAGTACTACG_006,105
CTTTGGGGACGAGTACTACG_007,98
GCAGAACCAGATCAGTCACA_001,154
GCAGAACCAGATCAGTCACA_002,127
GCAGAACCAGATCAGTCACA_003,73
GCAGAACCAGATCAGTCACA_004,127
GCAGAACCAGATCAGTCACA_005,175
GCAGAACCAGATCAGTCACA_006,86
GCAGAACCAGATCAGTCACA_007,86
GCAGAACCAGATCAGTCACA_008,86
GCAGAACCAGATCAGTCACA_009,167
GCAGAACCAGATCAGTCACA_010,90
GCAGAACCAGATCAGTCACA_011,10
GCAGAACCAGATCAGTCACA_012,198
GCAGAACCAGATCAGTCACA_013,94
GCAGAACCAGATCAGTCACA_014,83
GCAGAACCAGATCAGTCACA_015,149
GCAGAACCAGATCAGTCACA_016,9
GCAGAACCAGATCAGTCACA_017,116
GCAGAACCAGATCAGTCACA_018,78
GCAGAACCAGATCAGTCACA_019,22
GCAGAACCAGATCAGTCACA_020,81
GCAGAACCAGATCAGTCACA_021,81
GGCTGGAATGAAGTACAGAG_001,171
GGCTGGAATGAAGTACAGAG_002,76
GGCTGGAATGAAGTACAGAG_003,175
GGCTGGAATGAAGTACAGAG_004,167
GGCTGGAATGAAGTACAGAG_005,41
TGGAAAGCGAGCACACCGTC_001,154
TGGAAAGCGAGCACACCGTC_002,51
TGGAAAGCGAGCACACCGTC_003,76
TGGAAAGCGAGCACACCGTC_004,116
TGGAAAGCGAGCACACCGTC_005,141
TGGAAAGCGAGCACACCGTC_006,105
TGGAAAGCGAGCACACCGTC_007,116
TGGAAAGCGAGCACACCGTC_008,150
TGGAAAGCGAGCACACCGTC_009,31
TGGAAAGCGAGCACACCGTC_010,28
TGGAAAGCGAGCACACCGTC_011,70
TGGAAAGCGAGCACACCGTC_012,162
TGGAAAGCGAGCACACCGTC_013,17
TGGAAAGCGAGCACACCGTC_014,48
TGGAAAGCGAGCACACCGTC_015,188
TGGAAAGCGAGCACACCGTC_016,125
TGGAAAGCGAGCACACCGTC_017,72
TGGAAAGCGAGCACACCGTC_018,193
TGGAAAGCGAGCACACCGTC_019,86
TGGAAAGCGAGCACACCGTC_020,100
TGGAAAGCGAGCACACCGTC_021,129
TGGAAAGCGAGCACACCGTC_022,63
TGGAAAGCGAGCACACCGTC_023,106
TGGAAAGCGAGCACACCGTC_024,44
CCATTCGTGTTAGCTACCAT_001,191
CCATTCGTGTTAGCTACCAT_002,50
CCATTCGTGTTAGCTACCAT_003,25
CCATTCGTGTTAGCTACCAT_004,81
CCATTCGTGTTAGCTACCAT_005,2
CCATTCGTGTTAGCTACCAT_006,70
CCATTCGTGTTAGCTACCAT_007,82
CCATTCGTGTTAGCTACCAT_008,70
CCATTCGTGTTAGCTACCAT_009,176
CCATTCGTGTTAGCTACCAT_010,88
CCATTCGTGTTAGCTACCAT_011,110
CCATTCGTGTTAGCTACCAT_012,91
AGAGAGACTACAAACAAGTA_001,59
AGAGAGACTACAAACAAGTA_002,94
CATACTGTGATACAAGCACT_001,102
CATACTGTGATACAAGCACT_002,94
CATACTGTGATACAAGCACT_003,88
CATACTGTGATACAAGCACT_004,54
CATACTGTGATACAAGCACT_005,11
CCCATGCGCCACAACCTAGG_001,48
CCCATGCGCCACAACCTAGG_002,198
CCCATGCGCCACAACCTAGG_003,57
CCCATGCGCCACAACCTAGG_004,7
CCCATGCGCCACAACCTAGG_005,105
CCCATGCGCCACAACCTAGG_006,127
CCCATGCGCCACAACCTAGG_007,29
CCCATGCGCCACAACCTAGG_008,33
CCCATGCGCCACAACCTAGG_009,156
CCCATGCGCCACAACCTAGG_010,129
CCCATGCGCCACAACCTAGG_011,175
CCCATGCGCCACAACCTAGG_012,136
CCCATGCGCCACAACCTAGG_013,56
CCCATGCGCCACAACCTAGG_014,4
CCCATGCGCCACAACCTAGG_015,175
CCCATGCGCCACAACCTAGG_016,124
CCCATGCGCCACAACCTAGG_017,34
CCCATGCGCCACAACCTAGG_018,125
CCCATGCGCCACAACCTAGG_019,47
CCCATGCGCCACAACCTAGG_020,123
CCCATGCGCCACAACCTAGG_021,80
CCCATGCGCCACAACCTAGG_022,18
CCCATGCGCCACAACCTAGG_023,138
CCCATGCGCCACAACCTAGG_024,5
GAAGCAGCCGATCCAGCCTG_001,155
GAAGCAGCCGATCCAGCCTG_002,142
GAAGCAGCCGATCCAGCCTG_003,142
GAAGCAGCCGATCCAGCCTG_004,34
GAAGCAGCCGATCCAGCCTG_005,154
GAAGCAGCCGATCCAGCCTG_006,37
GAAGCAGCCGATCCAGCCTG_007,44
GAAGCAGCCGATCCAGCCTG_008,115
GAAGCAGCCGATCCAGCCTG_009,80
GAAGCAGCCGATCCAGCCTG_010,149
GAAGCAGCCGATCCAGCCTG_011,82
GAAGCAGCCGATCCAGCCTG_012,170
GAAGCAGCCGATCCAGCCTG_013,134
GAAGCAGCCGATCCAGCCTG_014,50
GAAGCAGCCGATCCAGCCTG_015,105
GAAGCAGCCGATCCAGCCTG_016,15
GAAGCAGCCGATCCAGCCTG_017,8
GAAGCAGCCGATCCAGCCTG_018,113
GAAGCAGCCGATCCAGCCTG_019,36
GAAGCAGCCGATCCAGCCTG_020,49
GAAGCAGCCGATCCAGCCTG_021,3
GAAGCAGCCGATCCAGCCTG_022,39
ATTATGACCCTAACGAACAG_001,27
ATTATGACCCTAACGAACAG_002,12
ATTATGACCCTAACGAACAG_003,17
ATTATGACCCTAACGAACAG_004,95
ATTATGACCCTAACGAACAG_005,105
ATTATGACCCTAACGAACAG_006,115
ATTATGACCCTAACGAACAG_007,69
ATTATGACCCTAACGAACAG_008,186
ATTATGACCCTAACGAACAG_009,6
ATTATGACCCTAACGAACAG_010,142
ATTATGACCCTAACGAACAG_011,127
CCTCCCATAGATTAGCTATG_001,15
CCTCCCATAGATTAGCTATG_002,0
CCTCCCATAGATTAGCTATG_003,62
CCTCCCATAGATTAGCTATG_004,171
CCTCCCATAGATTAGCTATG_005,160
CCTCCCATAGATTAGCTATG_006,65
CAGTTGCTACACACCTCGGG_001,21
CAGTTGCTACACACCTCGGG_002,106
CAGTTGCTACACACCTCGGG_003,170
CAGTTGCTACACACCTCGGG_004,8
CAGTTGCTACACACCTCGGG_005,88
CAGTTGCTACACACCTCGGG_006,114
CAGTTGCTACACACCTCGGG_007,147
CAGTTGCTACACACCTCGGG_008,135
CAGTTGCTACACACCTCGGG_009,175
CAGTTGCTACACACCTCGGG_010,182
CAGTTGCTACACACCTCGGG_011,78
CAGTTGCTACACACCTCGGG_012,192
CAGTTGCTACACACCTCGGG_013,72
CAGTTGCTACACACCTCGGG_014,168
CAGTTGCTACACACCTCGGG_015,161
CAGTTGCTACACACCTCGGG_016,131
CAGTTGCTACACACCTCGGG_017,68
CAGTTGCTACACACCTCGGG_018,121
TATTCCTTATTGCCAATCCA_001,188
TCAAAAGAAACATGATGCCC_001,24
TCAAAAGAAACATGATGCCC_002,2
ATGTGAGTAGAATCATTCAA_001,183
ATGTGAGTAGAATCATTCAA_002,82
ATGTGAGTAGAATCATTCAA_003,144
TAATCTACCACAAAGTTGCG_001,89
TAATCTACCACAAAGTTGCG_002,116
TAATCTACCACAAAGTTGCG_003,126
TAATCTACCACAAAGTTGCG_004,130
TAATCTACCACAAAGTTGCG_005,155
TAATCTACCACAAAGTTGCG_006,181
TAATCTACCACAAAGTTGCG_007,91
CATAACTATCCATTTCAGGT_001,173
CATAACTATCCATTTCAGGT_002,167
CATAACTATCCATTTCAGGT_003,167
GGAAATGACACAAAGAAGAT_001,15
GGAAATGACACAAAGAAGAT_002,169
GGAAATGACACAAAGAAGAT_003,70
GGAAATGACACAAAGAAGAT_004,162
GGAAATGACACAAAGAAGAT_005,0
GGAAATGACACAAAGAAGAT_006,43
AAAGTCGATCTCATAGACGT_001,188
AAAGTCGATCTCATAGACGT_002,108
AAAGTCGATCTCATAGACGT_003,72
AAAGTCGATCTCATAGACGT_004,188
AAAGTCGATCTCATAGACGT_005,94
AAAGTCGATCTCATAGACGT_006,146
AAAGTCGATCTCATAGACGT_007,184
AAAGTCGATCTCATAGACGT_008,150
AAAGTCGATCTCATAGACGT_009,175
AAAGTCGATCTCATAGACGT_010,68
AAAGTCGATCTCATAGACGT_011,103
AAAGTCGATCTCATAGACGT_012,68
GCAGGTGGTGAGGCCAAACA_001,127
GAAATCACAGTAATGACAGA_001,5
GCTGGACGAATCCATTCGCA_001,190
GCTGGACGAATCCATTCGCA_002,58
GCTGTTGGGGTAGCTACACA_001,34
GCTGTTGGGGTAGCTACACA_002,177
TGTGAAAGCATTAATCTAGG_001,77
TCACTGGATGACATGTCCTA_001,45
TCACTGGATGACATGTCCTA_002,147
TCACTGGATGACATGTCCTA_003,21
TCACTGGATGACATGTCCTA_004,183
TCACTGGATGACATGTCCTA_005,148
TCACTGGATGACATGTCCTA_006,184
TCACTGGATGACATGTCCTA_007,62
TCACTGGATGACATGTCCTA_008,162
TCACTGGATGACATGTCCTA_009,113
TCACTGGATGACATGTCCTA_010,88
TCACTGGATGACATGTCCTA_011,76
TCACTGGATGACATGTCCTA_012,138
TCACTGGATGACATGTCCTA_013,93
TCACTGGATGACATGTCCTA_014,56
TCACTGGATGACATGTCCTA_015,177
TCACTGGATGACATGTCCTA_016,127
TCACTGGATGACATGTCCTA_017,163
TCACTGGATGACATGTCCTA_018,37
TCACTGGATGACATGTCCTA_019,67
TCACTGGATGACATGTCCTA_020,74
TCACTGGATGACATGTCCTA_021,3
AGTGCTGACAGACTCTGTAA_001,183
AGTGCTGACAGACTCTGTAA_002,138
GTTGTCCGCATGGCCCACGA_001,108
GTTGTCCGCATGGCCCACGA_002,46
GTTGTCCGCATGGCCCACGA_003,12
GTTGTCCGCATGGCCCACGA_004,15
GTTGTCCGCATGGCCCACGA_005,12
GTTGTCCGCATGGCCCACGA_006,113
GTTGTCCGCATGGCCCACGA_007,40
GTTGTCCGCATGGCCCACGA_008,127
GTTGTCCGCATGGCCCACGA_009,22
GTTGTCCGCATGGCCCACGA_010,181
GTTGTCCGCATGGCCCACGA_011,7
GTTGTCCGCATGGCCCACGA_012,176
GTTGTCCGCATGGCCCACGA_013,2
GTTGTCCGCATGGCCCACGA_014,38
GTTGTCCGCATGGCCCACGA_015,12
GTTGTCCGCATGGCCCACGA_016,1
GTTGTCCGCATGGCCCACGA_017,51
GTTGTCCGCATGGCCCACGA_018,8
GTTGTCCGCATGGCCCACGA_019,67
GTTGTCCGCATGGCCCACGA_020,26
GTTGTCCGCATGGCCCACGA_021,56
GTTGTCCGCATGGCCCACGA_022,183
GTTGTCCGCATGGCCCACGA_023,81
GTTGTCCGCATGGCCCACGA_024,158
GTTGTCCGCATGGCCCACGA_025,114
GTTGTCCGCATGGCCCACGA_026,189
GTTGTCCGCATGGCCCACGA_027,176
GTTGTCCGCATGGCCCACGA_028,2
GTTGTCCGCATGGCCCACGA_029,89
GTTGTCCGCATGGCCCACGA_030,174
GTTGTCCGCATGGCCCACGA_031,48
GTTGTCCGCATGGCCCACGA_032,65
GTTGTCCGCATGGCCCACGA_033,48
GTTGTCCGCATGGCCCACGA_034,191
GTTGTCCGCATGGCCCACGA_035,136
GTTGTCCGCATGGCCCACGA_036,57
GTTGTCCGCATGGCCCACGA_037,175
GTTGTCCGCATGGCCCACGA_038,136
GTTGTCCGCATGGCCCACGA_039,65
GTTGTCCGCATGGCCCACGA_040,146
GGGTACAGGTAGCGGCCCGG_001,157
GGGTACAGGTAGCGGCCCGG_002,53
GGGTACAGGTAGCGGCCCGG_003,163
GGGTACAGGTAGCGGCCCGG_004,184
GGGTACAGGTAGCGGCCCGG_005,50
GGGTACAGGTAGCGGCCCGG_006,97
GGGTACAGGTAGCGGCCCGG_007,176
GGGTACAGGTAGCGGCCCGG_008,181
GGGTACAGGTAGCGGCCCGG_009,49
GGGTACAGGTAGCGGCCCGG_010,129
GGGTACAGGTAGCGGCCCGG_011,85
GGGTACAGGTAGCGGCCCGG_012,147
GGGTACAGGTAGCGGCCCGG_013,56
GGGTACAGGTAGCGGCCCGG_014,30
GGGTACAGGTAGCGGCCCGG_015,172
GGGTACAGGTAGCGGCCCGG_016,15
GGGTACAGGTAGCGGCCCGG_017,93
GGGTACAGGTAGCGGCCCGG_018,12
GGGTACAGGTAGCGGCCCGG_019,94
GGGTACAGGTAGCGGCCCGG_020,41
GGGTACAGGTAGCGGCCCGG_021,199
GGGTACAGGTAGCGGCCCGG_022,181
GGGTACAGGTAGCGGCCCGG_023,41
GGGTACAGGTAGCGGCCCGG_024,48
GGGTACAGGTAGCGGCCCGG_025,62
GGGTACAGGTAGCGGCCCGG_026,137
GGGTACAGGTAGCGGCCCGG_027,168
GGGTACAGGTAGCGGCCCGG_028,122
GAAACCTGAAGTCTATCATG_001,83
GAAACCTGAAGTCTATCATG_002,149
GAAACCTGAAGTCTATCATG_003,12
GAAACCTGAAGTCTATCATG_004,175
GAAACCTGAAGTCTATCATG_005,113
GAAACCTGAAGTCTATCATG_006,132
GAAACCTGAAGTCTATCATG_007,17
GAAACCTGAAGTCTATCATG_008,184
GGAGAGGGCCCGCGAACTCA_001,95
GGAGAGGGCCCGCGAACTCA_002,165
GGAGAGGGCCCGCGAACTCA_003,72
GGAGAGGGCCCGCGAACTCA_004,111
GGAGAGGGCCCGCGAACTCA_005,61
GGAGAGGGCCCGCGAACTCA_006,50
GGAGAGGGCCCGCGAACTCA_007,101
GGAGAGGGCCCGCGAACTCA_008,137
GGAGAGGGCCCGCGAACTCA_009,159
GGAGAGGGCCCGCGAACTCA_010,34
GGAGAGGGCCCGCGAACTCA_011,81
GGAGAGGGCCCGCGAACTCA_012,188
GGAGAGGGCCCGCGAACTCA_013,77
GGAGAGGGCCCGCGAACTCA_014,78
GGAGAGGGCCCGCGAACTCA_015,75
GGAGAGGGCCCGCGAACTCA_016,121
GGAGAGGGCCCGCGAACTCA_017,81
GGAGAGGGCCCGCGAACTCA_018,46
GGAGAGGGCCCGCGAACTCA_019,12
GGAGAGGGCCCGCGAACTCA_020,76
GGAGAGGGCCCGCGAACTCA_021,52
GGAGAGGGCCCGCGAACTCA_022,1
GGAGAGGGCCCGCGAACTCA_023,63
GGAGAGGGCCCGCGAACTCA_024,103
GGAGAGGGCCCGCGAACTCA_025,126
TCCACATGTTTCAGACCCAA_001,12
TCCACATGTTTCAGACCCAA_002,133
GGTCAAATGAAGCGCAACAG_001,127
GGTCAAATGAAGCGCAACAG_002,40
GGTCAAATGAAGCGCAACAG_003,118
GGTCAAATGAAGCGCAACAG_004,10
GGTCAAATGAAGCGCAACAG_005,156
GGTCAAATGAAGCGCAACAG_006,130
GGTCAAATGAAGCGCAACAG_007,20
GTGCGCCTGAATCTACAGAG_001,190
GTGCGCCTGAATCTACAGAG_002,160
GTGCGCCTGAATCTACAGAG_003,48
GTGCGCCTGAATCTACAGAG_004,117
GTGCGCCTGAATCTACAGAG_005,177
GTGCGCCTGAATCTACAGAG_006,67
GTGCGCCTGAATCTACAGAG_007,118
GTGCGCCTGAATCTACAGAG_008,90
GTGCGCCTGAATCTACAGAG_009,40
GTGCGCCTGAATCTACAGAG_010,166
CTCAAGAGCTTCCTTCCTAG_001,194
CTCAAGAGCTTCCTTCCTAG_002,92
CTCAAGAGCTTCCTTCCTAG_003,139
CTCAAGAGCTTCCTTCCTAG_004,142
CTCAAGAGCTTCCTTCCTAG_005,192
CTCAAGAGCTTCCTTCCTAG_006,149
CTCAAGAGCTTCCTTCCTAG_007,145
CTCAAGAGCTTCCTTCCTAG_008,62
CTCAAGAGCTTCCTTCCTAG_009,16
CTCAAGAGCTTCCTTCCTAG_010,16
CTCAAGAGCTTCCTTCCTAG_011,184
GCTGCTGCAGGTGGTCACAA_001,92
GCTGCTGCAGGTGGTCACAA_002,116
GCTGCTGCAGGTGGTCACAA_003,106
GCTGCTGCAGGTGGTCACAA_004,32
GCTGCTGCAGGTGGTCACAA_005,112
GCTGCTGCAGGTGGTCACAA_006,177
GCTGCTGCAGGTGGTCACAA_007,105
GCTGCTGCAGGTGGTCACAA_008,133
GCTGCTGCAGGTGGTCACAA_009,181
GCTGCTGCAGGTGGTCACAA_010,50
GCTGCTGCAGGTGGTCACAA_011,176
GCTGCTGCAGGTGGTCACAA_012,103
GCTGCTGCAGGTGGTCACAA_013,21
GCTGCTGCAGGTGGTCACAA_014,0
GCTGCTGCAGGTGGTCACAA_015,172
GCTGCTGCAGGTGGTCACAA_016,2
GCTGCTGCAGGTGGTCACAA_017,12
GCTGCTGCAGGTGGTCACAA_018,169
GCTGCTGCAGGTGGTCACAA_019,7
GCTGCTGCAGGTGGTCACAA_020,56
GCTGCTGCAGGTGGTCACAA_021,44
GCTGCTGCAGGTGGTCACAA_022,55
GCTGCTGCAGGTGGTCACAA_023,163
GCTGCTGCAGGTGGTCACAA_024,0
GCTGCTGCAGGTGGTCACAA_025,177
GCTGCTGCAGGTGGTCACAA_026,34
GCTGCTGCAGGTGGTCACAA_027,69
GCTGCTGCAGGTGGTCACAA_028,98
GCTGCTGCAGGTGGTCACAA_029,114
GCTGCTGCAGGTGGTCACAA_030,137
GCTGCTGCAGGTGGTCACAA_031,49
GCTGCTGCAGGTGGTCACAA_032,49
GCTCTACAAGATCGTGCGCG_001,30
GCTCTACAAGATCGTGCGCG_002,16
GCTCTACAAGATCGTGCGCG_003,76
GCTCTACAAGATCGTGCGCG_004,190
TGTTCGTCTTAGAGGCCCAA_001,169
TGTTCGTCTTAGAGGCCCAA_002,79
TGTTCGTCTTAGAGGCCCAA_003,131
TGTTCGTCTTAGAGGCCCAA_004,131
AGGTGGAATACACTTGATTG_001,173
CACCACCCCCAGGAGTAACT_001,90
CACCACCCCCAGGAGTAACT_002,174
CACCACCCCCAGGAGTAACT_003,132
CACCACCCCCAGGAGTAACT_004,191
CACCACCCCCAGGAGTAACT_005,105
CACCACCCCCAGGAGTAACT_006,67
CACCACCCCCAGGAGTAACT_007,113
CACCACCCCCAGGAGTAACT_008,115
CTTCTCAATGGTATGAACTG_001,184
CTTCTCAATGGTATGAACTG_002,14
CTTCTCAATGGTATGAACTG_003,158
CTTCTCAATGGTATGAACTG_004,58
CTTCTCAATGGTATGAACTG_005,47
CTTCTCAATGGTATGAACTG_006,87
CTTCTCAATGGTATGAACTG_007,1
CTCACAGAAGTAGAGGCGCG_001,169
CTCACAGAAGTAGAGGCGCG_002,75
CTCACAGAAGTAGAGGCGCG_003,72
CTCACAGAAGTAGAGGCGCG_004,184
CTCACAGAAGTAGAGGCGCG_005,174
GAAACAAGCTTTCACCGACG_001,6
GAAACAAGCTTTCACCGACG_002,77
GAAACAAGCTTTCACCGACG_003,160
GAAACAAGCTTTCACCGACG_004,121
GAAACAAGCTTTCACCGACG_005,10
GAAACAAGCTTTCACCGACG_006,105
GAAACAAGCTTTCACCGACG_007,4
GAAACAAGCTTTCACCGACG_008,16
GAAACAAGCTTTCACCGACG_009,51
GAAACAAGCTTTCACCGACG_010,42
GAAACAAGCTTTCACCGACG_011,106
CTGGCTCTACTCACTGGCGT_001,54
CTGGCTCTACTCACTGGCGT_002,166
CTGGCTCTACTCACTGGCGT_003,170
CTGGCTCTACTCACTGGCGT_004,47
CTGGCTCTACTCACTGGCGT_005,161
CTGGCTCTACTCACTGGCGT_006,36
CTGGCTCTACTCACTGGCGT_007,145
CTGGCTCTACTCACTGGCGT_008,134
CTGGCTCTACTCACTGGCGT_009,77
CTGGCTCTACTCACTGGCGT_010,57
CTGGCTCTACTCACTGGCGT_011,98
CTGGCTCTACTCACTGGCGT_012,108
CTGGCTCTACTCACTGGCGT_013,103
CTGGCTCTACTCACTGGCGT_014,22
CTGGCTCTACTCACTGGCGT_015,40
CTGGCTCTACTCACTGGCGT_016,106
CTGGCTCTACTCACTGGCGT_017,196
CTGGCTCTACTCACTGGCGT_018,144
CTGGCTCTACTCACTGGCGT_019,172
CTGGCTCTACTCACTGGCGT_020,188
CTGGCTCTACTCACTGGCGT_021,144
CTGGCTCTACTCACTGGCGT_022,36
CTGGCTCTACTCACTGGCGT_023,107
CTGGCTCTACTCACTGGCGT_024,40
CTGGCTCTACTCACTGGCGT_025,20
GATGGCGTTGACGCAGAGCA_001,189
GATGGCGTTGACGCAGAGCA_002,118
GATGGCGTTGACGCAGAGCA_003,34
GATGGCGTTGACGCAGAGCA_004,42
GATGGCGTTGACGCAGAGCA_005,8
GATGGCGTTGACGCAGAGCA_006,78
GATGGCGTTGACGCAGAGCA_007,149
GATGGCGTTGACGCAGAGCA_008,83
GATGGCGTTGACGCAGAGCA_009,178
GATGGCGTTGACGCAGAGCA_010,47
GATGGCGTTGACGCAGAGCA_011,31
GATGGCGTTGACGCAGAGCA_012,139
GATGGCGTTGACGCAGAGCA_013,192
GATGGCGTTGACGCAGAGCA_014,148
GATGGCGTTGACGCAGAGCA_015,144
GATGGCGTTGACGCAGAGCA_016,142
GATGGCGTTGACGCAGAGCA_017,68
GATGGCGTTGACGCAGAGCA_018,139
GATGGCGTTGACGCAGAGCA_019,118
GATGGCGTTGACGCAGAGCA_020,57
GATGGCGTTGACGCAGAGCA_021,0
GATGGCGTTGACGCAGAGCA_022,94
GATGGCGTTGACGCAGAGCA_023,94
GATGGCGTTGACGCAGAGCA_024,4
GATGGCGTTGACGCAGAGCA_025,19
GATGGCGTTGACGCAGAGCA_026,77
GATGGCGTTGACGCAGAGCA_027,132
GATGGCGTTGACGCAGAGCA_028,133
GATGGCGTTGACGCAGAGCA_029,110
GATGGCGTTGACGCAGAGCA_030,108
GATGGCGTTGACGCAGAGCA_031,82
GATGGCGTTGACGCAGAGCA_032,150
GATGGCGTTGACGCAGAGCA_033,187
GATGGCGTTGACGCAGAGCA_034,82
GATGGCGTTGACGCAGAGCA_035,4
GATGGCGTTGACGCAGAGCA_036,5
GATGGCGTTGACGCAGAGCA_037,137
GATGGCGTTGACGCAGAGCA_038,19
GATGGCGTTGACGCAGAGCA_039,15
GATGGCGTTGACGCAGAGCA_040,19
GATGGCGTTGACGCAGAGCA_041,197
GATGGCGTTGACGCAGAGCA_042,124
GATGGCGTTGACGCAGAGCA_043,65
GATGGCGTTGACGCAGAGCA_044,129
TGATAGCTTTCCAAAGACAA_001,68
TGATAGCTTTCCAAAGACAA_002,140
GTTACTCACACAAAAACAGG_001,160
GTTACTCACACAAAAACAGG_002,182
GTTACTCACACAAAAACAGG_003,168
ACATAACTGGTGACACGTAT_001,92
ACATAACTGGTGACACGTAT_002,16
GACTTGGTGTCACCTCCGAA_001,115
GACTTGGTGTCACCTCCGAA_002,81
GACTTGGTGTCACCTCCGAA_003,56
GACTTGGTGTCACCTCCGAA_004,130
GACTTGGTGTCACCTCCGAA_005,191
GACTTGGTGTCACCTCCGAA_006,0
GACTTGGTGTCACCTCCGAA_007,182
GACTTGGTGTCACCTCCGAA_008,172
GACTTGGTGTCACCTCCGAA_009,48
GACTTGGTGTCACCTCCGAA_010,133
GACTTGGTGTCACCTCCGAA_011,43
GACTTGGTGTCACCTCCGAA_012,144
GACTTGGTGTCACCTCCGAA_013,147
GACTTGGTGTCACCTCCGAA_014,141
GACTTGGTGTCACCTCCGAA_015,33
GACTTGGTGTCACCTCCGAA_016,126
GACTTGGTGTCACCTCCGAA_017,85
GACTTGGTGTCACCTCCGAA_018,9
GACTTGGTGTCACCTCCGAA_019,30
GACTTGGTGTCACCTCCGAA_020,10
GACTTGGTGTCACCTCCGAA_021,39
GACTTGGTGTCACCTCCGAA_022,48
GACTTGGTGTCACCTCCGAA_023,116
GACTTGGTGTCACCTCCGAA_024,41
GACTTGGTGTCACCTCCGAA_025,186
TACCATGTGTCTGTCAACAC_001,12
TACCATGTGTCTGTCAACAC_002,51
TACCATGTGTCTGTCAACAC_003,145
TACCATGTGTCTGTCAACAC_004,171
TACCATGTGTCTGTCAACAC_005,69
TACCATGTGTCTGTCAACAC_006,67
TACCATGTGTCTGTCAACAC_007,88
TACCATGTGTCTGTCAACAC_008,169
TACCATGTGTCTGTCAACAC_009,182
TACCATGTGTCTGTCAACAC_010,94
TACCATGTGTCTGTCAACAC_011,2
TACCATGTGTCTGTCAACAC_012,65
TACCATGTGTCTGTCAACAC_013,20
TACCATGTGTCTGTCAACAC_014,10
TACCATGTGTCTGTCAACAC_015,61
TACCATGTGTCTGTCAACAC_016,76
TACCATGTGTCTGTCAACAC_017,76
TACCATGTGTCTGTCAACAC_018,2
TACCATGTGTCTGTCAACAC_019,2
TACCATGTGTCTGTCAACAC_020,23
TACCATGTGTCTGTCAACAC_021,9
TACCATGTGTCTGTCAACAC_022,56
TACCATGTGTCTGTCAACAC_023,12
TACCATGTGTCTGTCAACAC_024,17
TACCATGTGTCTGTCAACAC_025,60
CAAGGGCCTTTACTACCGGA_001,8
CAAGGGCCTTTACTACCGGA_002,117
CAAGGGCCTTTACTACCGGA_003,188
CAAGGGCCTTTACTACCGGA_004,9
CAAGGGCCTTTACTACCGGA_005,58
CAAGGGCCTTTACTACCGGA_006,188
CAAGGGCCTTTACTACCGGA_007,67
AGTGGCGCCTGTGAAACGAG_001,138
AGTGGCGCCTGTGAAACGAG_002,96
AGTGGCGCCTGTGAAACGAG_003,104
AGTGGCGCCTGTGAAACGAG_004,28
AGTGGCGCCTGTGAAACGAG_005,54
AGTGGCGCCTGTGAAACGAG_006,146
AGTGGCGCCTGTGAAACGAG_007,66
GCGAGTTCAAGTGCTACCCG_001,149
GCGAGTTCAAGTGCTACCCG_002,184
GCGAGTTCAAGTGCTACCCG_003,152
GCGAGTTCAAGTGCTACCCG_004,69
GCGAGTTCAAGTGCTACCCG_005,67
GCGAGTTCAAGTGCTACCCG_006,126
GCGAGTTCAAGTGCTACCCG_007,56
GCGAGTTCAAGTGCTACCCG_008,192
GCGAGTTCAAGTGCTACCCG_009,127
GCGAGTTCAAGTGCTACCCG_010,151
GCGAGTTCAAGTGCTACCCG_011,72
GCGAGTTCAAGTGCTACCCG_012,24
GCGAGTTCAAGTGCTACCCG_013,108
GCGAGTTCAAGTGCTACCCG_014,24
GCGAGTTCAAGTGCTACCCG_015,70
GCGAGTTCAAGTGCTACCCG_016,197
GCGAGTTCAAGTGCTACCCG_017,61
GCGAGTTCAAGTGCTACCCG_018,58
GCGAGTTCAAGTGCTACCCG_019,2
GCGAGTTCAAGTGCTACCCG_020,135
GCGAGTTCAAGTGCTACCCG_021,191
GCGAGTTCAAGTGCTACCCG_022,180
GCGAGTTCAAGTGCTACCCG_023,23
GCGAGTTCAAGTGCTACCCG_024,149
ATCTCGTAATCATCCCGCAG_001,150
ATCTCGTAATCATCCCGCAG_002,69
ATCTCGTAATCATCCCGCAG_003,59
ATCTCGTAATCATCCCGCAG_004,19
ATCTCGTAATCATCCCGCAG_005,59
TCAGTGGCTTCCGACCGGTG_001,17
TCAGTGGCTTCCGACCGGTG_002,113
TCAGTGGCTTCCGACCGGTG_003,80
TCAGTGGCTTCCGACCGGTG_004,157
TCAGTGGCTTCCGACCGGTG_005,51
TCAGTGGCTTCCGACCGGTG_006,156
TCAGTGGCTTCCGACCGGTG_007,30
TCAGTGGCTTCCGACCGGTG_008,160
TCAGTGGCTTCCGACCGGTG_009,107
TCAGTGGCTTCCGACCGGTG_010,147
TCAGTGGCTTCCGACCGGTG_011,78
TCAGTGGCTTCCGACCGGTG_012,149
TCAGTGGCTTCCGACCGGTG_013,150
TCAGTGGCTTCCGACCGGTG_014,94
TCAGTGGCTTCCGACCGGTG_015,168
TCAGTGGCTTCCGACCGGTG_016,133
TCAGTGGCTTCCGACCGGTG_017,83
TCAGTGGCTTCCGACCGGTG_018,9
TCAGTGGCTTCCGACCGGTG_019,2
TCAGTGGCTTCCGACCGGTG_020,17
TCAGTGGCTTCCGACCGGTG_021,169
TCAGTGGCTTCCGACCGGTG_022,165
TCAGTGGCTTCCGACCGGTG_023,162
CAACTCCTGACTGTTAAGTG_001,93
CAACTCCTGACTGTTAAGTG_002,55
CAACTCCTGACTGTTAAGTG_003,141
CAACTCCTGACTGTTAAGTG_004,50
CAACTCCTGACTGTTAAGTG_005,179
CAACTCCTGACTGTTAAGTG_006,42
CAACTCCTGACTGTTAAGTG_007,17
CAACTCCTGACTGTTAAGTG_008,66
CAACTCCTGACTGTTAAGTG_009,146
CAACTCCTGACTGTTAAGTG_010,11
CTGATCTCAGTCGCAATGCT_001,68
CTGATCTCAGTCGCAATGCT_002,155
CTGATCTCAGTCGCAATGCT_003,83
CTGATCTCAGTCGCAATGCT_004,40
CTGATCTCAGTCGCAATGCT_005,186
CTGATCTCAGTCGCAATGCT_006,62
GTCCCACTAGTTGAGAAGCT_001,133
GTCCCACTAGTTGAGAAGCT_002,178
GTCCCACTAGTTGAGAAGCT_003,48
GTCCCACTAGTTGAGAAGCT_004,50
GTCCCACTAGTTGAGAAGCT_005,52
GTCCCACTAGTTGAGAAGCT_006,137
GTCCCACTAGTTGAGAAGCT_007,46
GTCCCACTAGTTGAGAAGCT_008,9
GTCCCACTAGTTGAGAAGCT_009,44
GTCCCACTAGTTGAGAAGCT_010,43
GTCCCACTAGTTGAGAAGCT_011,47
GTCCCACTAGTTGAGAAGCT_012,15
GTCCCACTAGTTGAGAAGCT_013,49
GTCCCACTAGTTGAGAAGCT_014,52
TTGTCCTTTAGTAAACACTA_001,32
TTGTCCTTTAGTAAACACTA_002,1
TTGTCCTTTAGTAAACACTA_003,168
TTGTCCTTTAGTAAACACTA_004,77
TTGTCCTTTAGTAAACACTA_005,22
TTGTCCTTTAGTAAACACTA_006,110
TTGTCCTTTAGTAAACACTA_007,111
TTGTCCTTTAGTAAACACTA_008,48
TTGTCCTTTAGTAAACACTA_009,139
TTGTCCTTTAGTAAACACTA_010,153
GGATGATGCCAATGTCATCC_001,12
GATGCTGCCCTACATGAACG_001,44
GATGCTGCCCTACATGAACG_002,198
GATGCTGCCCTACATGAACG_003,49
GATGCTGCCCTACATGAACG_004,107
GATGCTGCCCTACATGAACG_005,124
GAAGACCAAGCCCTCCTGCG_001,184
GAAGACCAAGCCCTCCTGCG_002,166
GAAGACCAAGCCCTCCTGCG_003,10
GAAGACCAAGCCCTCCTGCG_004,49
GAAGACCAAGCCCTCCTGCG_005,65
GAAGACCAAGCCCTCCTGCG_006,198
GAAGACCAAGCCCTCCTGCG_007,17
GAAGACCAAGCCCTCCTGCG_008,132
GAAGACCAAGCCCTCCTGCG_009,139
GAAGACCAAGCCCTCCTGCG_010,65
GAAGACCAAGCCCTCCTGCG_011,163
GAAGACCAAGCCCTCCTGCG_012,38
GAAGACCAAGCCCTCCTGCG_013,84
GAAGACCAAGCCCTCCTGCG_014,74
GAAGACCAAGCCCTCCTGCG_015,108
GAAGACCAAGCCCTCCTGCG_016,25
GAAGACCAAGCCCTCCTGCG_017,41
GAAGACCAAGCCCTCCTGCG_018,110
GAAGACCAAGCCCTCCTGCG_019,134
GAAGACCAAGCCCTCCTGCG_020,81
GAAGACCAAGCCCTCCTGCG_021,157
GAAGACCAAGCCCTCCTGCG_022,44
GAAGACCAAGCCCTCCTGCG_023,8
GAAGACCAAGCCCTCCTGCG_024,126
GAAGACCAAGCCCTCCTGCG_025,151
GAAGACCAAGCCCTCCTGCG_026,160
GAAGACCAAGCCCTCCTGCG_027,36
GAAGACCAAGCCCTCCTGCG_028,64
GAAGACCAAGCCCTCCTGCG_029,106
GAAGACCAAGCCCTCCTGCG_030,50
GAAGACCAAGCCCTCCTGCG_031,161
GAAGACCAAGCCCTCCTGCG_032,160
GAAGACCAAGCCCTCCTGCG_033,63
GAAGACCAAGCCCTCCTGCG_034,39
GAAGACCAAGCCCTCCTGCG_035,191
GAAGACCAAGCCCTCCTGCG_036,166
GAAGACCAAGCCCTCCTGCG_037,106
GGAGGCATACCCATTCCGGG_001,125
GGAGGCATACCCATTCCGGG_002,158
GGAGGCATACCCATTCCGGG_003,63
GGAGGCATACCCATTCCGGG_004,186
GGAGGCATACCCATTCCGGG_005,171
GGAGGCATACCCATTCCGGG_006,149
GGAGGCATACCCATTCCGGG_007,166
GGAGGCATACCCATTCCGGG_008,147
GGAGGCATACCCATTCCGGG_009,156
GCTGGAAACCACCAGAAACT_001,163
GCTGGAAACCACCAGAAACT_002,158
GCTGGAAACCACCAGAAACT_003,119
GCTGGAAACCACCAGAAACT_004,35
GCTGGAAACCACCAGAAACT_005,197
GAGAAGTTCGGAATGAGTAT_001,16
GAGAAGTTCGGAATGAGTAT_002,162
GAGAAGTTCGGAATGAGTAT_003,124
GAGAAGTTCGGAATGAGTAT_004,198
GAGAAGTTCGGAATGAGTAT_005,76
GAGAAGTTCGGAATGAGTAT_006,17
GAGAAGTTCGGAATGAGTAT_007,47
TGGGAGCAAGGCAAAACCCG_001,67
TGGGAGCAAGGCAAAACCCG_002,46
TGGGAGCAAGGCAAAACCCG_003,50
TGGGAGCAAGGCAAAACCCG_004,11
ATTCATCCTGCAGAATCATG_001,70
ATTCATCCTGCAGAATCATG_002,29
ATTCATCCTGCAGAATCATG_003,120
ATTCATCCTGCAGAATCATG_004,52
CGCTCTACTTACGGGGTCCA_001,121
CGCTCTACTTACGGGGTCCA_002,88
CGCTCTACTTACGGGGTCCA_003,11
CGCTCTACTTACGGGGTCCA_004,93
CGCTCTACTTACGGGGTCCA_005,6
CGCTCTACTTACGGGGTCCA_006,184
ATTGAGAATTCGTTTCAAGG_001,14
ATTGAGAATTCGTTTCAAGG_002,197
ATTGAGAATTCGTTTCAAGG_003,68
ATTGAGAATTCGTTTCAAGG_004,177
ATTGAGAATTCGTTTCAAGG_005,59
CCAGACATCACACCACCCAT_001,41
CCAGACATCACACCACCCAT_002,176
CCAGACATCACACCACCCAT_003,168
CCAGACATCACACCACCCAT_004,13
CCAGACATCACACCACCCAT_005,137
TGGGCGTTGATGGACTGCAC_001,50
TGGGCGTTGATGGACTGCAC_002,199
TGGGCGTTGATGGACTGCAC_003,67
TGGGCGTTGATGGACTGCAC_004,145
TGGGCGTTGATGGACTGCAC_005,81
TGGGCGTTGATGGACTGCAC_006,98
TGGGCGTTGATGGACTGCAC_007,24
TGGGCGTTGATGGACTGCAC_008,141
TGGGCGTTGATGGACTGCAC_009,194
TGGGCGTTGATGGACTGCAC_010,116
TGGGCGTTGATGGACTGCAC_011,64
TGGGCGTTGATGGACTGCAC_012,72
TGGGCGTTGATGGACTGCAC_013,155
TGGGCGTTGATGGACTGCAC_014,115
TGGGCGTTGATGGACTGCAC_015,191
TGGGCGTTGATGGACTGCAC_016,78
TGGGCGTTGATGGACTGCAC_017,106
TGGGCGTTGATGGACTGCAC_018,70
TGGGCGTTGATGGACTGCAC_019,88
TGGGCGTTGATGGACTGCAC_020,119
TATACTCCGAATAGGCCAGG_001,120
TATACTCCGAATAGGCCAGG_002,82
CCCATACTACGTGTCGCTGG_001,113
CCAGGATATAAATAGGCCAG_001,6
ATCGTCATAAGGAAGTTGGG_001,160
ATCGTCATAAGGAAGTTGGG_002,178
ATCGTCATAAGGAAGTTGGG_003,5
ATCGTCATAAGGAAGTTGGG_004,45
ATCGTCATAAGGAAGTTGGG_005,85
ATCGTCATAAGGAAGTTGGG_006,51
ATCGTCATAAGGAAGTTGGG_007,174
ATCGTCATAAGGAAGTTGGG_008,149
ATCGTCATAAGGAAGTTGGG_009,76
ATCGTCATAAGGAAGTTGGG_010,116
ATCGTCATAAGGAAGTTGGG_011,49
ATCGTCATAAGGAAGTTGGG_012,175
ATCGTCATAAGGAAGTTGGG_013,180
ATCGTCATAAGGAAGTTGGG_014,111
ATCGTCATAAGGAAGTTGGG_015,85
ATCGTCATAAGGAAGTTGGG_016,156
ATCGTCATAAGGAAGTTGGG_017,188
ATCGTCATAAGGAAGTTGGG_018,19
CCGCAGTATGCAGTTCCCTG_001,48
CCGCAGTATGCAGTTCCCTG_002,137
CCGCAGTATGCAGTTCCCTG_003,193
TCTGCAGCAGGATTAGACTG_001,21
TCTGCAGCAGGATTAGACTG_002,48
TGAAACTTCATCTCGCCATG_001,184
TGAAACTTCATCTCGCCATG_002,61
TGAAACTTCATCTCGCCATG_003,50
TGAAACTTCATCTCGCCATG_004,23
TTTCCTCACAGATTTCGATG_001,107
TTTCCTCACAGATTTCGATG_002,50
TTTCCTCACAGATTTCGATG_003,178
TTTCCTCACAGATTTCGATG_004,121
TTTCCTCACAGATTTCGATG_005,145
GGATCAAGAAATGTCATGTG_001,48
GGATCAAGAAATGTCATGTG_002,181
GGATCAAGAAATGTCATGTG_003,27
GGATCAAGAAATGTCATGTG_004,144
GGATCAAGAAATGTCATGTG_005,88
GGATCAAGAAATGTCATGTG_006,135
GGATCAAGAAATGTCATGTG_007,131
GGATCAAGAAATGTCATGTG_008,108
GGATCAAGAAATGTCATGTG_009,70
GGATCAAGAAATGTCATGTG_010,50
GGATCAAGAAATGTCATGTG_011,58
GGATCAAGAAATGTCATGTG_012,37
CATGATCTTCAGCATGACCG_001,54
CATGATCTTCAGCATGACCG_002,97
CATGATCTTCAGCATGACCG_003,19
CATGATCTTCAGCATGACCG_004,121
CATGATCTTCAGCATGACCG_005,105
CATGATCTTCAGCATGACCG_006,30
CATGATCTTCAGCATGACCG_007,168
CATGATCTTCAGCATGACCG_008,151
CATGATCTTCAGCATGACCG_009,96
CATGATCTTCAGCATGACCG_010,5
CATGATCTTCAGCATGACCG_011,16
CATGATCTTCAGCATGACCG_012,145
CATGATCTTCAGCATGACCG_013,134
CATGATCTTCAGCATGACCG_014,189
CATGATCTTCAGCATGACCG_015,67
CATGATCTTCAGCATGACCG_016,10
CATGATCTTCAGCATGACCG_017,161
CATGATCTTCAGCATGACCG_018,137
CATGATCTTCAGCATGACCG_019,147
CATGATCTTCAGCATGACCG_020,198
CATGATCTTCAGCATGACCG_021,197
AGTACTACGTGAGATTAGCT_001,4
AGTACTACGTGAGATTAGCT_002,191
AGTACTACGTGAGATTAGCT_003,156
AGTACTACGTGAGATTAGCT_004,25
AGTACTACGTGAGATTAGCT_005,185
AGTACTACGTGAGATTAGCT_006,19
AGTACTACGTGAGATTAGCT_007,66
AGTACTACGTGAGATTAGCT_008,115
AGTACTACGTGAGATTAGCT_009,197
AGTACTACGTGAGATTAGCT_010,191
GCTGATTATACAGTCCACAA_001,134
ACTGTTTATTAAGCAGATGG_001,189
ACTGTTTATTAAGCAGATGG_002,116
ACTGTTTATTAAGCAGATGG_003,34
CCTGAACGCGCGCCTCGCTG_001,139
CCTGAACGCGCGCCTCGCTG_002,107
CCTGAACGCGCGCCTCGCTG_003,60
CCTGAACGCGCGCCTCGCTG_004,187
CCTGAACGCGCGCCTCGCTG_005,155
GCCCTTTCGGTCGTGCACCA_001,179
GCCCTTTCGGTCGTGCACCA_002,154
GCCCTTTCGGTCGTGCACCA_003,93
GCCCTTTCGGTCGTGCACCA_004,49
GCCCTTTCGGTCGTGCACCA_005,15
GCCCTTTCGGTCGTGCACCA_006,53
GCCCTTTCGGTCGTGCACCA_007,41
GCCCTTTCGGTCGTGCACCA_008,78
GCCCTTTCGGTCGTGCACCA_009,115
GCCCTTTCGGTCGTGCACCA_010,168
GCCCTTTCGGTCGTGCACCA_011,149
GCCCTTTCGGTCGTGCACCA_012,154
GCCCTTTCGGTCGTGCACCA_013,53
GCCCTTTCGGTCGTGCACCA_014,65
GCCCTTTCGGTCGTGCACCA_015,53
GCCCTTTCGGTCGTGCACCA_016,27
CAAGTGGCGCGGGATAATGC_001,43
CAAGTGGCGCGGGATAATGC_002,137
CAAGTGGCGCGGGATAATGC_003,38
CAAGTGGCGCGGGATAATGC_004,183
CAAGTGGCGCGGGATAATGC_005,168
CAAGTGGCGCGGGATAATGC_006,52
CAAGTGGCGCGGGATAATGC_007,74
CCGGAGCGGCTCAATGCCTA_001,113
CCGGAGCGGCTCAATGCCTA_002,158
CCGGAGCGGCTCAATGCCTA_003,199
CCGGAGCGGCTCAATGCCTA_004,44
CCGGAGCGGCTCAATGCCTA_005,43
CCGGAGCGGCTCAATGCCTA_006,185
AGTTAAAGTCAATCACTCTG_001,94
AGTTAAAGTCAATCACTCTG_002,129
AGTTAAAGTCAATCACTCTG_003,115
AGTTAAAGTCAATCACTCTG_004,93
AGTTAAAGTCAATCACTCTG_005,146
AGTTAAAGTCAATCACTCTG_006,43
AGTTAAAGTCAATCACTCTG_007,6
AGTTAAAGTCAATCACTCTG_008,6
AGTTAAAGTCAATCACTCTG_009,144
ACAGATCGATACTGTGTTTG_001,98
ACAGATCGATACTGTGTTTG_002,81
ACAGATCGATACTGTGTTTG_003,112
ACAGATCGATACTGTGTTTG_004,141
ACAGATCGATACTGTGTTTG_005,52
ATGTCAGAATTGGTATGACT_001,194
ATGTCAGAATTGGTATGACT_002,199
ATGTCAGAATTGGTATGACT_003,184
ATGTCAGAATTGGTATGACT_004,76
ATAGAAAACGCCGAGCCATG_001,134
ATAGAAAACGCCGAGCCATG_002,40
ATAGAAAACGCCGAGCCATG_003,27
ATAGAAAACGCCGAGCCATG_004,107
ATAGAAAACGCCGAGCCATG_005,168
ATAGAAAACGCCGAGCCATG_006,69
ATAGAAAACGCCGAGCCATG_007,113
ATAGAAAACGCCGAGCCATG_008,59
ATAGAAAACGCCGAGCCATG_009,195
ATAGAAAACGCCGAGCCATG_010,68
ATAGAAAACGCCGAGCCATG_011,150
ATAGAAAACGCCGAGCCATG_012,103
ATAGAAAACGCCGAGCCATG_013,88
ATAGAAAACGCCGAGCCATG_014,11
ATAGAAAACGCCGAGCCATG_015,174
ATAGAAAACGCCGAGCCATG_016,66
ATAGAAAACGCCGAGCCATG_017,79
ATAGAAAACGCCGAGCCATG_018,1
ATAGAAAACGCCGAGCCATG_019,56
ATAGAAAACGCCGAGCCATG_020,83
ATAGAAAACGCCGAGCCATG_021,133
ATAGAAAACGCCGAGCCATG_022,102
GAATTTGATGAAGATAACAG_001,96
GAATTTGATGAAGATAACAG_002,198
GCATTGCAAAACGCCTGTTG_001,118
GCATTGCAAAACGCCTGTTG_002,62
GCATTGCAAAACGCCTGTTG_003,77
GCATTGCAAAACGCCTGTTG_004,189
GCATTGCAAAACGCCTGTTG_005,49
GCATTGCAAAACGCCTGTTG_006,8
GCATTGCAAAACGCCTGTTG_007,56
GCATTGCAAAACGCCTGTTG_008,104
TGTTTGACCGTAGAGACACG_001,43
TGTTTGACCGTAGAGACACG_002,8
TGTTTGACCGTAGAGACACG_003,100
TGTTTGACCGTAGAGACACG_004,32
TGTTTGACCGTAGAGACACG_005,71
TGTTTGACCGTAGAGACACG_006,58
TGTTTGACCGTAGAGACACG_007,88
TGTTTGACCGTAGAGACACG_008,11
TGTTTGACCGTAGAGACACG_009,36
TCGCCATCTTTCCTCAAGCT_001,114
TCGCCATCTTTCCTCAAGCT_002,110
TCGCCATCTTTCCTCAAGCT_003,69
TCGCCATCTTTCCTCAAGCT_004,98
CAAGCTGCACTCCATCTGAG_001,139
CAAGCTGCACTCCATCTGAG_002,50
CAAGCTGCACTCCATCTGAG_003,15
CAAGCTGCACTCCATCTGAG_004,152
CAAGCTGCACTCCATCTGAG_005,78
CAAGCTGCACTCCATCTGAG_006,8
CAAGCTGCACTCCATCTGAG_007,170
CAAGCTGCACTCCATCTGAG_008,34
CAAGCTGCACTCCATCTGAG_009,55
CAAGCTGCACTCCATCTGAG_010,174
CAAGCTGCACTCCATCTGAG_011,96
CAAGCTGCACTCCATCTGAG_012,150
CAAGCTGCACTCCATCTGAG_013,17
CAAGCTGCACTCCATCTGAG_014,135
CAAGCTGCACTCCATCTGAG_015,76
CAAGCTGCACTCCATCTGAG_016,150
CAAGCTGCACTCCATCTGAG_017,43
CAAGCTGCACTCCATCTGAG_018,3
CAAGCTGCACTCCATCTGAG_019,60
CAACGGATATATGCTCATGC_001,74
CAACGGATATATGCTCATGC_002,62
CAACGGATATATGCTCATGC_003,168
CAACGGATATATGCTCATGC_004,36
TGCTCAAACTGAGCGATGGG_001,134
TGCTCAAACTGAGCGATGGG_002,127
TGCTCAAACTGAGCGATGGG_003,88
TGCTCAAACTGAGCGATGGG_004,63
TGCTCAAACTGAGCGATGGG_005,148
GCCAACCCAGAGAATTCCAG_001,76
GCCAACCCAGAGAATTCCAG_002,127
GCCAACCCAGAGAATTCCAG_003,105
GCCAACCCAGAGAATTCCAG_004,58
GCCAACCCAGAGAATTCCAG_005,148
GCCAACCCAGAGAATTCCAG_006,7
GCCAACCCAGAGAATTCCAG_007,99
CATTACCTTGAGTGAATTGT_001,102
CATTACCTTGAGTGAATTGT_002,14
CATTACCTTGAGTGAATTGT_003,188
CATTACCTTGAGTGAATTGT_004,47
CATTACCTTGAGTGAATTGT_005,112
CATTACCTTGAGTGAATTGT_006,30
CATTACCTTGAGTGAATTGT_007,141
CATTACCTTGAGTGAATTGT_008,166
CATTACCTTGAGTGAATTGT_009,175
ACTAAATCTCAAACAGACAG_001,73
ACTAAATCTCAAACAGACAG_002,49
GAAGCCTCTTACCTTCATGG_001,170
GAAGCCTCTTACCTTCATGG_002,175
GAAGCCTCTTACCTTCATGG_003,198
GAAGCCTCTTACCTTCATGG_004,158
AATCGCAGGTATCCCAGAGC_001,28
AATCGCAGGTATCCCAGAGC_002,48
AATCGCAGGTATCCCAGAGC_003,16
AATCGCAGGTATCCCAGAGC_004,76
AATCGCAGGTATCCCAGAGC_005,165
AATCGCAGGTATCCCAGAGC_006,46
AATCGCAGGTATCCCAGAGC_007,106
AATCGCAGGTATCCCAGAGC_008,63
GTCTCCTTTGGACCTCATGC_001,159
GTCTCCTTTGGACCTCATGC_002,127
GTCTCCTTTGGACCTCATGC_003,48
GTCTCCTTTGGACCTCATGC_004,105
GTCTCCTTTGGACCTCATGC_005,154
GTCTCCTTTGGACCTCATGC_006,146
GTCTCCTTTGGACCTCATGC_007,85
GTCTCCTTTGGACCTCATGC_008,80
GTCTCCTTTGGACCTCATGC_009,47
GTCTCCTTTGGACCTCATGC_010,50
GTCTCCTTTGGACCTCATGC_011,6
GTCTCCTTTGGACCTCATGC_012,121
TGTGGTAACAGAAACGTGCA_001,149
TGTGGTAACAGAAACGTGCA_002,105
TGTGGTAACAGAAACGTGCA_003,105
TGTGGTAACAGAAACGTGCA_004,1
TGTGGTAACAGAAACGTGCA_005,155
TGTGGTAACAGAAACGTGCA_006,175
ATATAAACTGTCGCGGTAAA_001,25
ATATAAACTGTCGCGGTAAA_002,88
CAGATCCTGACACCACACCG_001,68
CAGATCCTGACACCACACCG_002,50
CAGATCCTGACACCACACCG_003,123
CAGATCCTGACACCACACCG_004,2
CAGATCCTGACACCACACCG_005,81
CAGATCCTGACACCACACCG_006,130
CAGATCCTGACACCACACCG_007,50
CAGATCCTGACACCACACCG_008,140
CAGATCCTGACACCACACCG_009,14
CAGATCCTGACACCACACCG_010,147
CAGATCCTGACACCACACCG_011,27
CAGATCCTGACACCACACCG_012,188
CAGATCCTGACACCACACCG_013,81
CAGATCCTGACACCACACCG_014,151
CAGATCCTGACACCACACCG_015,48
CAGATCCTGACACCACACCG_016,188
CAGATCCTGACACCACACCG_017,81
CAGATCCTGACACCACACCG_018,31
CAGATCCTGACACCACACCG_019,5
CAGATCCTGACACCACACCG_020,15
GCAGGGCCTAGTCAACCTGT_001,189
GCAGGGCCTAGTCAACCTGT_002,176
GCAGGGCCTAGTCAACCTGT_003,48
GCAGGGCCTAGTCAACCTGT_004,141
GCAGGGCCTAGTCAACCTGT_005,1
GCAGGGCCTAGTCAACCTGT_006,147
GCAGGGCCTAGTCAACCTGT_007,120
GCAGGGCCTAGTCAACCTGT_008,177
GCAGGGCCTAGTCAACCTGT_009,5
GCAGGGCCTAGTCAACCTGT_010,121
GCAGGGCCTAGTCAACCTGT_011,161
GCAGGGCCTAGTCAACCTGT_012,5
GCAGGGCCTAGTCAACCTGT_013,101
GCAGGGCCTAGTCAACCTGT_014,62
GCAGGGCCTAGTCAACCTGT_015,96
GCAGGGCCTAGTCAACCTGT_016,165
GCAGGGCCTAGTCAACCTGT_017,70
GCAGGGCCTAGTCAACCTGT_018,3
GCAGGGCCTAGTCAACCTGT_019,13
AAGTACCAGCCCGATTGCCA_001,97
AAGTACCAGCCCGATTGCCA_002,88
AAGTACCAGCCCGATTGCCA_003,145
AAGTACCAGCCCGATTGCCA_004,60
AAGTACCAGCCCGATTGCCA_005,137
AAGTACCAGCCCGATTGCCA_006,57
AAGTACCAGCCCGATTGCCA_007,58
AAGTACCAGCCCGATTGCCA_008,109
AAGTACCAGCCCGATTGCCA_009,109
AAGTACCAGCCCGATTGCCA_010,148
AAGTACCAGCCCGATTGCCA_011,177
AAGTACCAGCCCGATTGCCA_012,198
AAGTACCAGCCCGATTGCCA_013,7
AAGTACCAGCCCGATTGCCA_014,194
AAGTACCAGCCCGATTGCCA_015,51
AAGTACCAGCCCGATTGCCA_016,54
AAGTACCAGCCCGATTGCCA_017,3
AAGTACCAGCCCGATTGCCA_018,92
AAGTACCAGCCCGATTGCCA_019,91
AAGTACCAGCCCGATTGCCA_020,82
AAGTACCAGCCCGATTGCCA_021,149
AAGTACCAGCCCGATTGCCA_022,147
AAGTACCAGCCCGATTGCCA_023,69
AAGTACCAGCCCGATTGCCA_024,96
AAGTACCAGCCCGATTGCCA_025,110
AAGTACCAGCCCGATTGCCA_026,116
AAGTACCAGCCCGATTGCCA_027,30
AAGTACCAGCCCGATTGCCA_028,49
AAGTACCAGCCCGATTGCCA_029,149
AAGTACCAGCCCGATTGCCA_030,51
AAGTACCAGCCCGATTGCCA_031,100
AAGTACCAGCCCGATTGCCA_032,19
AAGTACCAGCCCGATTGCCA_033,62
AAGTACCAGCCCGATTGCCA_034,80
AAGTACCAGCCCGATTGCCA_035,25
AAGTACCAGCCCGATTGCCA_036,174
AAGTACCAGCCCGATTGCCA_037,191
AAGTACCAGCCCGATTGCCA_038,46
AAGTACCAGCCCGATTGCCA_039,148
AAGTACCAGCCCGATTGCCA_040,3
AGTGGGGTCCTCGATAAAGA_001,16
AGTGGGGTCCTCGATAAAGA_002,77
AGTGGGGTCCTCGATAAAGA_003,138
AGTGGGGTCCTCGATAAAGA_004,48
AGTGGGGTCCTCGATAAAGA_005,112
AGTGGGGTCCTCGATAAAGA_006,186
AGTGGGGTCCTCGATAAAGA_007,93
AGTGGGGTCCTCGATAAAGA_008,92
AGTGGGGTCCTCGATAAAGA_009,12
AGTGGGGTCCTCGATAAAGA_010,142
AGTGGGGTCCTCGATAAAGA_011,180
AGTGGGGTCCTCGATAAAGA_012,152
GCTTCCAGGTCGTGTAGTCG_001,102
GCTTCCAGGTCGTGTAGTCG_002,53
GCTTCCAGGTCGTGTAGTCG_003,181
GCTTCCAGGTCGTGTAGTCG_004,34
GCTTCCAGGTCGTGTAGTCG_005,137
GCTTCCAGGTCGTGTAGTCG_006,134
GCTTCCAGGTCGTGTAGTCG_007,155
GCTTCCAGGTCGTGTAGTCG_008,172
GCTTCCAGGTCGTGTAGTCG_009,19
GCTTCCAGGTCGTGTAGTCG_010,89
GCTTCCAGGTCGTGTAGTCG_011,85
GCTTCCAGGTCGTGTAGTCG_012,179
GCTTCCAGGTCGTGTAGTCG_013,76
GCTTCCAGGTCGTGTAGTCG_014,58
GCTTCCAGGTCGTGTAGTCG_015,151
GCTTCCAGGTCGTGTAGTCG_016,22
GCTTCCAGGTCGTGTAGTCG_017,119
GCTTCCAGGTCGTGTAGTCG_018,177
GCTTCCAGGTCGTGTAGTCG_019,106
GCTTCCAGGTCGTGTAGTCG_020,199
GCTTCCAGGTCGTGTAGTCG_021,124
GGATTTGTTGTAGGCCTGTG_001,146
GGATTTGTTGTAGGCCTGTG_002,50
TCCTTGTTTCCTTGCCAACA_001,103
TCCTTGTTTCCTTGCCAACA_002,129
TCCTTGTTTCCTTGCCAACA_003,83
TTTGGTACCTGATTCTCAGT_001,48
TTTGGTACCTGATTCTCAGT_002,157
TTTGGTACCTGATTCTCAGT_003,148
TTTGGTACCTGATTCTCAGT_004,146
TTTGGTACCTGATTCTCAGT_005,52
TTTGGTACCTGATTCTCAGT_006,196
TTTGGTACCTGATTCTCAGT_007,196
TTTGGTACCTGATTCTCAGT_008,10
TTTGGTACCTGATTCTCAGT_009,188
TGCTGCGGCACCCCTCAGGT_001,145
ACGTGTTAGACAAGTTCATG_001,70
ACGTGTTAGACAAGTTCATG_002,15
ACGTGTTAGACAAGTTCATG_003,169
ACGTGTTAGACAAGTTCATG_004,194
ACGTGTTAGACAAGTTCATG_005,15
ACGTGTTAGACAAGTTCATG_006,185
ACGTGTTAGACAAGTTCATG_007,64
ACGTGTTAGACAAGTTCATG_008,80
ACGTGTTAGACAAGTTCATG_009,5
ACGTGTTAGACAAGTTCATG_010,133
ACGTGTTAGACAAGTTCATG_011,98
ACGTGTTAGACAAGTTCATG_012,16
ACGTGTTAGACAAGTTCATG_013,65
ACGTGTTAGACAAGTTCATG_014,1
ACGTGTTAGACAAGTTCATG_015,112
ACGTGTTAGACAAGTTCATG_016,28
GGCCTAGAATCATCATCAGG_001,183
GGCCTAGAATCATCATCAGG_002,147
GGCCTAGAATCATCATCAGG_003,199
GGCCTAGAATCATCATCAGG_004,54
GGCCTAGAATCATCATCAGG_005,29
GTTACCAATGCTCTTCACCA_001,191
GTTACCAATGCTCTTCACCA_002,28
GTTACCAATGCTCTTCACCA_003,168
CTAAGCAAAGGGGACAAGGT_001,146
CTAAGCAAAGGGGACAAGGT_002,189
CTAAGCAAAGGGGACAAGGT_003,109
CTAAGCAAAGGGGACAAGGT_004,107
CTAAGCAAAGGGGACAAGGT_005,176
CTAAGCAAAGGGGACAAGGT_006,189
AGCCAAATGCCATTACCTGT_001,96
AGCCAAATGCCATTACCTGT_002,169
AGCCAAATGCCATTACCTGT_003,41
AGCCAAATGCCATTACCTGT_004,120
AGCCAAATGCCATTACCTGT_005,158
AGCCAAATGCCATTACCTGT_006,102
AGCCAAATGCCATTACCTGT_007,15
AGCCAAATGCCATTACCTGT_008,151
AGCCAAATGCCATTACCTGT_009,123
AGCCAAATGCCATTACCTGT_010,168
GGCGCTGGTGACCCACGGCG_001,60
GGCGCTGGTGACCCACGGCG_002,116
GGCGCTGGTGACCCACGGCG_003,50
GGCGCTGGTGACCCACGGCG_004,41
GGCGCTGGTGACCCACGGCG_005,88
GGCGCTGGTGACCCACGGCG_006,4
GGCGCTGGTGACCCACGGCG_007,50
GGCGCTGGTGACCCACGGCG_008,191
GGCGCTGGTGACCCACGGCG_009,34
GGCGCTGGTGACCCACGGCG_010,152
GGCGCTGGTGACCCACGGCG_011,49
GGCGCTGGTGACCCACGGCG_012,67
TAACGCTGACATGTTAGAGG_001,191
TAACGCTGACATGTTAGAGG_002,146
TAACGCTGACATGTTAGAGG_003,19
TAACGCTGACATGTTAGAGG_004,73
TAACGCTGACATGTTAGAGG_005,6
TAACGCTGACATGTTAGAGG_006,36
TAACGCTGACATGTTAGAGG_007,111
TGGAAACTATTCATGCTACC_001,176
ATGGGAGAGAAGGGCCTCCG_001,135
ATGGGAGAGAAGGGCCTCCG_002,41
ATGGGAGAGAAGGGCCTCCG_003,12
ATGGGAGAGAAGGGCCTCCG_004,181
ATGGGAGAGAAGGGCCTCCG_005,83
ATGGGAGAGAAGGGCCTCCG_006,98
ATGGGAGAGAAGGGCCTCCG_007,164
ATGGGAGAGAAGGGCCTCCG_008,77
ATGGGAGAGAAGGGCCTCCG_009,17
ATGGGAGAGAAGGGCCTCCG_010,131
ATGGGAGAGAAGGGCCTCCG_011,92
ATGGGAGAGAAGGGCCTCCG_012,137
GATCCACTCACAGTTTCCAT_001,19
GATCCACTCACAGTTTCCAT_002,19
GATCCACTCACAGTTTCCAT_003,72
GATCCACTCACAGTTTCCAT_004,174
GATCCACTCACAGTTTCCAT_005,88
GATCCACTCACAGTTTCCAT_006,184
GATCCACTCACAGTTTCCAT_007,170
GATCCACTCACAGTTTCCAT_008,102
GATCCACTCACAGTTTCCAT_009,149
AGCAAGCCCCCGCTGCAGAG_001,193
AGCAAGCCCCCGCTGCAGAG_002,2
AGCAAGCCCCCGCTGCAGAG_003,174
AGCAAGCCCCCGCTGCAGAG_004,15
AGCAAGCCCCCGCTGCAGAG_005,104
AGCAAGCCCCCGCTGCAGAG_006,113
AGCAAGCCCCCGCTGCAGAG_007,96
AGCAAGCCCCCGCTGCAGAG_008,45
AGCAAGCCCCCGCTGCAGAG_009,26
AGCAAGCCCCCGCTGCAGAG_010,51
AGCAAGCCCCCGCTGCAGAG_011,60
AGCAAGCCCCCGCTGCAGAG_012,186
AGCAAGCCCCCGCTGCAGAG_013,149
AGCAAGCCCCCGCTGCAGAG_014,41
AGCAAGCCCCCGCTGCAGAG_015,17
AGCAAGCCCCCGCTGCAGAG_016,72
AGCAAGCCCCCGCTGCAGAG_017,5
AGCAAGCCCCCGCTGCAGAG_018,132
AGCAAGCCCCCGCTGCAGAG_019,6
AGCAAGCCCCCGCTGCAGAG_020,6
AGCAAGCCCCCGCTGCAGAG_021,26
AGCAAGCCCCCGCTGCAGAG_022,108
AGCAAGCCCCCGCTGCAGAG_023,47
AGCAAGCCCCCGCTGCAGAG_024,22
AGCAAGCCCCCGCTGCAGAG_025,151
AGCAAGCCCCCGCTGCAGAG_026,49
AGCAAGCCCCCGCTGCAGAG_027,158
AGCAAGCCCCCGCTGCAGAG_028,105
AGCAAGCCCCCGCTGCAGAG_029,185
AGCAAGCCCCCGCTGCAGAG_030,185
AGCAAGCCCCCGCTGCAGAG_031,49
AGCAAGCCCCCGCTGCAGAG_032,191
AGCAAGCCCCCGCTGCAGAG_033,83
AGCAAGCCCCCGCTGCAGAG_034,104
AGCAAGCCCCCGCTGCAGAG_035,111
AGCAAGCCCCCGCTGCAGAG_036,125
AGCAAGCCCCCGCTGCAGAG_037,60
AGCAAGCCCCCGCTGCAGAG_038,88
AGCAAGCCCCCGCTGCAGAG_039,181
AGCAAGCCCCCGCTGCAGAG_040,125
AGCAAGCCCCCGCTGCAGAG_041,65
AGCAAGCCCCCGCTGCAGAG_042,163
AGCAAGCCCCCGCTGCAGAG_043,175
AGCAAGCCCCCGCTGCAGAG_044,128
AGCAAGCCCCCGCTGCAGAG_045,116
AGCAAGCCCCCGCTGCAGAG_046,58
AGCAAGCCCCCGCTGCAGAG_047,57
AGCAAGCCCCCGCTGCAGAG_048,49
AGCAAGCCCCCGCTGCAGAG_049,157
AGCAAGCCCCCGCTGCAGAG_050,158
AGCAAGCCCCCGCTGCAGAG_051,59
AGCAAGCCCCCGCTGCAGAG_052,3
AGCAAGCCCCCGCTGCAGAG_053,27
AGCAAGCCCCCGCTGCAGAG_054,177
AGCAAGCCCCCGCTGCAGAG_055,52
AGCAAGCCCCCGCTGCAGAG_056,144
AGCAAGCCCCCGCTGCAGAG_057,77
AGCAAGCCCCCGCTGCAGAG_058,28
AGCAAGCCCCCGCTGCAGAG_059,82
AGCAAGCCCCCGCTGCAGAG_060,15
AGCAAGCCCCCGCTGCAGAG_061,155
AGCAAGCCCCCGCTGCAGAG_062,58
AGCAAGCCCCCGCTGCAGAG_063,88
AGCAAGCCCCCGCTGCAGAG_064,197
AGCAAGCCCCCGCTGCAGAG_065,34
TGCAAACCGCTGTCAAAGAG_001,114
TGCAAACCGCTGTCAAAGAG_002,113
TGCAAACCGCTGTCAAAGAG_003,147
TGCAAACCGCTGTCAAAGAG_004,69
TGCAAACCGCTGTCAAAGAG_005,2
TGCAAACCGCTGTCAAAGAG_006,135
ATTCCTCACATCATCGTCCG_001,48
ATTCCTCACATCATCGTCCG_002,37
ATTCCTCACATCATCGTCCG_003,65
ATTCCTCACATCATCGTCCG_004,11
ATTCCTCACATCATCGTCCG_005,83
ATTCCTCACATCATCGTCCG_006,150
ATTCCTCACATCATCGTCCG_007,99
ATTCCTCACATCATCGTCCG_008,170
ATTCCTCACATCATCGTCCG_009,193
CAAAAAGAAAAACCGACAGG_001,140
CAAAAAGAAAAACCGACAGG_002,120
CAAAAAGAAAAACCGACAGG_003,86
CAAAAAGAAAAACCGACAGG_004,117
CAAAAAGAAAAACCGACAGG_005,127
CAAAAAGAAAAACCGACAGG_006,127
CAAAAAGAAAAACCGACAGG_007,54
CAAAAAGAAAAACCGACAGG_008,3
CAAAAAGAAAAACCGACAGG_009,62
CAAAAAGAAAAACCGACAGG_010,10
TCCTATTGCACAATGATCCG_001,112
TCCTATTGCACAATGATCCG_002,158
TCCTATTGCACAATGATCCG_003,104
TCCTATTGCACAATGATCCG_004,196
ACGTGGCAATGAAGGACACG_001,29
ACGTGGCAATGAAGGACACG_002,186
ACGTGGCAATGAAGGACACG_003,101
ACGTGGCAATGAAGGACACG_004,127
ACGTGGCAATGAAGGACACG_005,188
ACGTGGCAATGAAGGACACG_006,42
ACGTGGCAATGAAGGACACG_007,160
TGATAATCAACCCTCGAGGG_001,80
AGTTAAAACAATCTGTGTTG_001,169
AGTTAAAACAATCTGTGTTG_002,172
TTTCAAGATGATCCCCGGAG_001,189
TTTCAAGATGATCCCCGGAG_002,105
TTTCAAGATGATCCCCGGAG_003,75
TTTCAAGATGATCCCCGGAG_004,30
TTTCAAGATGATCCCCGGAG_005,196
TTTCAAGATGATCCCCGGAG_006,158
AGGACGAGGGTATCCAGTGA_001,62
AGGACGAGGGTATCCAGTGA_002,41
AGGACGAGGGTATCCAGTGA_003,2
AGGACGAGGGTATCCAGTGA_004,130
AGGACGAGGGTATCCAGTGA_005,27
AGGACGAGGGTATCCAGTGA_006,145
AGGACGAGGGTATCCAGTGA_007,24
AGGACGAGGGTATCCAGTGA_008,57
AGGACGAGGGTATCCAGTGA_009,116
AGGACGAGGGTATCCAGTGA_010,70
AGGACGAGGGTATCCAGTGA_011,189
AGGACGAGGGTATCCAGTGA_012,125
AGGACGAGGGTATCCAGTGA_013,135
AGGACGAGGGTATCCAGTGA_014,35
AGGACGAGGGTATCCAGTGA_015,106
AGGACGAGGGTATCCAGTGA_016,75
AGGACGAGGGTATCCAGTGA_017,161
AGGACGAGGGTATCCAGTGA_018,40
AGGACGAGGGTATCCAGTGA_019,182
GACTCACCTGCCGTAGACGT_001,12
GACTCACCTGCCGTAGACGT_002,193
GACTCACCTGCCGTAGACGT_003,150
GACTCACCTGCCGTAGACGT_004,148
GACTCACCTGCCGTAGACGT_005,61
GACTCACCTGCCGTAGACGT_006,148
GACTCACCTGCCGTAGACGT_007,58
GACTCACCTGCCGTAGACGT_008,82
GACTCACCTGCCGTAGACGT_009,69
GACTCACCTGCCGTAGACGT_010,71
GACTCACCTGCCGTAGACGT_011,137
GACTCACCTGCCGTAGACGT_012,145
GACTCACCTGCCGTAGACGT_013,114
GACTCACCTGCCGTAGACGT_014,62
GACTCACCTGCCGTAGACGT_015,162
TTGGTCCCTGGAATGTCCGT_001,129
TTGGTCCCTGGAATGTCCGT_002,139
TTGGTCCCTGGAATGTCCGT_003,76
TTGGTCCCTGGAATGTCCGT_004,11
TTGGTCCCTGGAATGTCCGT_005,129
TTGGTCCCTGGAATGTCCGT_006,51
TTGGTCCCTGGAATGTCCGT_007,95
TTGGTCCCTGGAATGTCCGT_008,96
GATCATGAGAGGCAGCTCTG_001,2
GATCATGAGAGGCAGCTCTG_002,176
GATCATGAGAGGCAGCTCTG_003,61
GATCATGAGAGGCAGCTCTG_004,68
GATCATGAGAGGCAGCTCTG_005,148
GATCATGAGAGGCAGCTCTG_006,183
GATCATGAGAGGCAGCTCTG_007,25
GATCATGAGAGGCAGCTCTG_008,127
GATCATGAGAGGCAGCTCTG_009,9
GATCATGAGAGGCAGCTCTG_010,174
GATCATGAGAGGCAGCTCTG_011,104
GATCATGAGAGGCAGCTCTG_012,69
GATCATGAGAGGCAGCTCTG_013,34
GATCATGAGAGGCAGCTCTG_014,11
GATCATGAGAGGCAGCTCTG_015,169
GATCATGAGAGGCAGCTCTG_016,36
GATCATGAGAGGCAGCTCTG_017,142
GATCATGAGAGGCAGCTCTG_018,88
GATCATGAGAGGCAGCTCTG_019,82
GATCATGAGAGGCAGCTCTG_020,127
GATCATGAGAGGCAGCTCTG_021,107
GATCATGAGAGGCAGCTCTG_022,81
GATCATGAGAGGCAGCTCTG_023,113
GATCATGAGAGGCAGCTCTG_024,197
GATCATGAGAGGCAGCTCTG_025,170
GATCATGAGAGGCAGCTCTG_026,94
GATCATGAGAGGCAGCTCTG_027,63
GATCATGAGAGGCAGCTCTG_028,160
GATCATGAGAGGCAGCTCTG_029,186
GATCATGAGAGGCAGCTCTG_030,47
GATCATGAGAGGCAGCTCTG_031,108
GATCATGAGAGGCAGCTCTG_032,198
GATCATGAGAGGCAGCTCTG_033,90
GATCATGAGAGGCAGCTCTG_034,158
GATCATGAGAGGCAGCTCTG_035,148
GATCATGAGAGGCAGCTCTG_036,175
GATCATGAGAGGCAGCTCTG_037,140
GATCATGAGAGGCAGCTCTG_038,41
GATCATGAGAGGCAGCTCTG_039,33
GATCATGAGAGGCAGCTCTG_040,176
GATCATGAGAGGCAGCTCTG_041,121
GATCATGAGAGGCAGCTCTG_042,54
GATCATGAGAGGCAGCTCTG_043,186
GATCATGAGAGGCAGCTCTG_044,168
GATCATGAGAGGCAGCTCTG_045,168
GATCATGAGAGGCAGCTCTG_046,166
GATCATGAGAGGCAGCTCTG_047,186
GATCATGAGAGGCAGCTCTG_048,48
GATCATGAGAGGCAGCTCTG_049,67
GATCATGAGAGGCAGCTCTG_050,98
GATCATGAGAGGCAGCTCTG_051,113
GATCATGAGAGGCAGCTCTG_052,105
GATCATGAGAGGCAGCTCTG_053,146
GATCATGAGAGGCAGCTCTG_054,16
GATCATGAGAGGCAGCTCTG_055,168
GATCATGAGAGGCAGCTCTG_056,142
GATCATGAGAGGCAGCTCTG_057,188
GATCATGAGAGGCAGCTCTG_058,152
GATCATGAGAGGCAGCTCTG_059,52
GATCATGAGAGGCAGCTCTG_060,162
GTCAGACGAGATGCAGTACA_001,82
GTCAGACGAGATGCAGTACA_002,16
GTCAGACGAGATGCAGTACA_003,97
GTCAGACGAGATGCAGTACA_004,34
GTCAGACGAGATGCAGTACA_005,70
GTCAGACGAGATGCAGTACA_006,195
GTCAGACGAGATGCAGTACA_007,169
GTCAGACGAGATGCAGTACA_008,55
GTCAGACGAGATGCAGTACA_009,137
GTCAGACGAGATGCAGTACA_010,66
CACACTGAGGAATAGCGAGT_001,187
CACACTGAGGAATAGCGAGT_002,185
CACACTGAGGAATAGCGAGT_003,183
CACACTGAGGAATAGCGAGT_004,24
CACACTGAGGAATAGCGAGT_005,35
CACACTGAGGAATAGCGAGT_006,174
CACACTGAGGAATAGCGAGT_007,135
CACACTGAGGAATAGCGAGT_008,111
CACACTGAGGAATAGCGAGT_009,118
CACACTGAGGAATAGCGAGT_010,91
CACACTGAGGAATAGCGAGT_011,35
AATGAGGATCAAGCCGCCTG_001,47
AATGAGGATCAAGCCGCCTG_002,82
AATGAGGATCAAGCCGCCTG_003,198
AATGAGGATCAAGCCGCCTG_004,50
AATGAGGATCAAGCCGCCTG_005,16
AATGAGGATCAAGCCGCCTG_006,113
AATGAGGATCAAGCCGCCTG_007,96
AATGAGGATCAAGCCGCCTG_008,191
AATGAGGATCAAGCCGCCTG_009,28
AATGAGGATCAAGCCGCCTG_010,52
AAATAAAAGCCCTCAACCGG_001,32
AAATAAAAGCCCTCAACCGG_002,92
AAATAAAAGCCCTCAACCGG_003,53
AAATAAAAGCCCTCAACCGG_004,105
AAATAAAAGCCCTCAACCGG_005,141
AAATAAAAGCCCTCAACCGG_006,3
AAATAAAAGCCCTCAACCGG_007,105
AAATAAAAGCCCTCAACCGG_008,16
AAATAAAAGCCCTCAACCGG_009,172
AAATAAAAGCCCTCAACCGG_010,197
GGTATGGCACTAAAAGCAGT_001,29
GGTATGGCACTAAAAGCAGT_002,76
GGTATGGCACTAAAAGCAGT_003,58
GGTATGGCACTAAAAGCAGT_004,185
GGTATGGCACTAAAAGCAGT_005,184
GGTATGGCACTAAAAGCAGT_006,90
AGCAGTCCTATCATTCACAA_001,191
AGCAGTCCTATCATTCACAA_002,127
AGCAGTCCTATCATTCACAA_003,41
AGCAGTCCTATCATTCACAA_004,189
AGCAGTCCTATCATTCACAA_005,102
ATCAGCTTTAGGATATACAA_001,141
ATCAGCTTTAGGATATACAA_002,103
ATCAGCTTTAGGATATACAA_003,56
ATCAGCTTTAGGATATACAA_004,65
GGCTCCGAGACCCTTTGGCC_001,149
GGCTCCGAGACCCTTTGGCC_002,105
GGCTCCGAGACCCTTTGGCC_003,188
GGCTCCGAGACCCTTTGGCC_004,96
GGCTCCGAGACCCTTTGGCC_005,152
GGCTCCGAGACCCTTTGGCC_006,166
GGCTCCGAGACCCTTTGGCC_007,160
GGCTCCGAGACCCTTTGGCC_008,120
GGCTCCGAGACCCTTTGGCC_009,76
GGCTCCGAGACCCTTTGGCC_010,141
GGCTCCGAGACCCTTTGGCC_011,168
GGCTCCGAGACCCTTTGGCC_012,103
GGCTCCGAGACCCTTTGGCC_013,140
GGCTCCGAGACCCTTTGGCC_014,32
GGCTCCGAGACCCTTTGGCC_015,198
GGCTCCGAGACCCTTTGGCC_016,76
TGAAGTATAAGAACCGTGTA_001,26
TGAAGTATAAGAACCGTGTA_002,61
TGAAGTATAAGAACCGTGTA_003,132
TCCAATGGAGCTACACGTAG_001,54
TCCAATGGAGCTACACGTAG_002,36
TCCAATGGAGCTACACGTAG_003,80
TCCAATGGAGCTACACGTAG_004,108
TCCAATGGAGCTACACGTAG_005,47
TCCAATGGAGCTACACGTAG_006,17
TCCAATGGAGCTACACGTAG_007,171
TCCAATGGAGCTACACGTAG_008,136
TCCAATGGAGCTACACGTAG_009,71
TCCAATGGAGCTACACGTAG_010,16
GGAAGGAAAGGCCAATGACT_001,130
GGAAGGAAAGGCCAATGACT_002,42
GGAAGGAAAGGCCAATGACT_003,48
GGAAGGAAAGGCCAATGACT_004,172
GGAAGGAAAGGCCAATGACT_005,2
GGAAGGAAAGGCCAATGACT_006,130
GGAAGGAAAGGCCAATGACT_007,66
ATTGCCACCTAGAGTAACCA_001,121
ATTGCCACCTAGAGTAACCA_002,159
ATTGCCACCTAGAGTAACCA_003,72
ATTGCCACCTAGAGTAACCA_004,194
ATTGCCACCTAGAGTAACCA_005,185
ATTGCCACCTAGAGTAACCA_006,158
ATTGCCACCTAGAGTAACCA_007,10
ATTGCCACCTAGAGTAACCA_008,48
ATTGCCACCTAGAGTAACCA_009,162
ATTGCCACCTAGAGTAACCA_010,7
ATTGCCACCTAGAGTAACCA_011,102
ACTAGCCTGTTCGCGAGTAG_001,148
ACTAGCCTGTTCGCGAGTAG_002,80
ACTAGCCTGTTCGCGAGTAG_003,12
ACTAGCCTGTTCGCGAGTAG_004,83
ACTAGCCTGTTCGCGAGTAG_005,158
ACTAGCCTGTTCGCGAGTAG_006,96
ACTAGCCTGTTCGCGAGTAG_007,34
ACTAGCCTGTTCGCGAGTAG_008,17
ACTAGCCTGTTCGCGAGTAG_009,107
ACTAGCCTGTTCGCGAGTAG_010,35
ACTAGCCTGTTCGCGAGTAG_011,82
ACTAGCCTGTTCGCGAGTAG_012,139
ACTAGCCTGTTCGCGAGTAG_013,41
ACTAGCCTGTTCGCGAGTAG_014,33
ACTAGCCTGTTCGCGAGTAG_015,110
ACTAGCCTGTTCGCGAGTAG_016,140
ACTAGCCTGTTCGCGAGTAG_017,60
ACTAGCCTGTTCGCGAGTAG_018,162
ACTAGCCTGTTCGCGAGTAG_019,185
ACTAGCCTGTTCGCGAGTAG_020,9
ACTAGCCTGTTCGCGAGTAG_021,83
ACTAGCCTGTTCGCGAGTAG_022,70
ACTAGCCTGTTCGCGAGTAG_023,70
ACTAGCCTGTTCGCGAGTAG_024,158
ACTAGCCTGTTCGCGAGTAG_025,58
ACTAGCCTGTTCGCGAGTAG_026,174
ATCCTCACCTCACAAAACAT_001,43
ATCCTCACCTCACAAAACAT_002,16
ATCCTCACCTCACAAAACAT_003,62
ATCCTCACCTCACAAAACAT_004,43
ATCCTCACCTCACAAAACAT_005,0
ATCCTCACCTCACAAAACAT_006,189
ATCCTCACCTCACAAAACAT_007,165
ATCCTCACCTCACAAAACAT_008,160
ATCCTCACCTCACAAAACAT_009,65
ATCCTCACCTCACAAAACAT_010,62
ATCCTCACCTCACAAAACAT_011,0
ATCCTCACCTCACAAAACAT_012,138
CCCTACACAGACCTACCGGG_001,169
CCCTACACAGACCTACCGGG_002,22
CCCTACACAGACCTACCGGG_003,146
CCCTACACAGACCTACCGGG_004,137
CCCTACACAGACCTACCGGG_005,138
CCCTACACAGACCTACCGGG_006,2
CCCTACACAGACCTACCGGG_007,67
CCCTACACAGACCTACCGGG_008,20
CCCTACACAGACCTACCGGG_009,133
CCCTACACAGACCTACCGGG_010,43
CCCTACACAGACCTACCGGG_011,99
CCCTACACAGACCTACCGGG_012,32
CCCTACACAGACCTACCGGG_013,5
CCCTACACAGACCTACCGGG_014,82
AATGTTGACTCAGACAGACT_001,94
AATGTTGACTCAGACAGACT_002,94
AATGTTGACTCAGACAGACT_003,113
AATGTTGACTCAGACAGACT_004,48
AATGTTGACTCAGACAGACT_005,48
AATGTTGACTCAGACAGACT_006,33
AATGTTGACTCAGACAGACT_007,127
AATGTTGACTCAGACAGACT_008,177
AATGTTGACTCAGACAGACT_009,14
AATGTTGACTCAGACAGACT_010,105
AATGTTGACTCAGACAGACT_011,174
AATGTTGACTCAGACAGACT_012,82
AATGTTGACTCAGACAGACT_013,48
AATGTTGACTCAGACAGACT_014,138
AATGTTGACTCAGACAGACT_015,190
AATGTTGACTCAGACAGACT_016,94
AATGTTGACTCAGACAGACT_017,94
GACAGTTACGCGCACATGAA_001,35
GACAGTTACGCGCACATGAA_002,143
GACAGTTACGCGCACATGAA_003,179
GACAGTTACGCGCACATGAA_004,191
GACAGTTACGCGCACATGAA_005,57
GACAGTTACGCGCACATGAA_006,133
GACAGTTACGCGCACATGAA_007,49
GACAGTTACGCGCACATGAA_008,120
GACAGTTACGCGCACATGAA_009,104
GACAGTTACGCGCACATGAA_010,127
GACAGTTACGCGCACATGAA_011,4
GACAGTTACGCGCACATGAA_012,36
GACAGTTACGCGCACATGAA_013,43
GACAGTTACGCGCACATGAA_014,165
GACAGTTACGCGCACATGAA_015,17
GACAGTTACGCGCACATGAA_016,88
GACAGTTACGCGCACATGAA_017,130
GACAGTTACGCGCACATGAA_018,180
GACAGTTACGCGCACATGAA_019,138
GACAGTTACGCGCACATGAA_020,188
GACAGTTACGCGCACATGAA_021,165
AAGTGACGTGGAGGATCACT_001,83
AAGTGACGTGGAGGATCACT_002,196
AAGTGACGTGGAGGATCACT_003,50
AAGTGACGTGGAGGATCACT_004,163
AAGTGACGTGGAGGATCACT_005,126
AAGTGACGTGGAGGATCACT_006,156
AAGTGACGTGGAGGATCACT_007,62
AAGTGACGTGGAGGATCACT_008,157
AAGTGACGTGGAGGATCACT_009,80
AAGTGACGTGGAGGATCACT_010,86
AAGTGACGTGGAGGATCACT_011,156
AAGTGACGTGGAGGATCACT_012,102
AAGTGACGTGGAGGATCACT_013,29
AAGTGACGTGGAGGATCACT_014,61
AAGTGACGTGGAGGATCACT_015,1
AAGTGACGTGGAGGATCACT_016,13
AAGTGACGTGGAGGATCACT_017,13
AAGTGACGTGGAGGATCACT_018,68
AAGTGACGTGGAGGATCACT_019,130
TTCTCGTTGGTGCTGGAAGT_001,41
TTCTCGTTGGTGCTGGAAGT_002,127
TTCTCGTTGGTGCTGGAAGT_003,77
TTCTCGTTGGTGCTGGAAGT_004,2
TTCTCGTTGGTGCTGGAAGT_005,16
TTCTCGTTGGTGCTGGAAGT_006,159
TTCTCGTTGGTGCTGGAAGT_007,40
TTCTCGTTGGTGCTGGAAGT_008,94
TTCTCGTTGGTGCTGGAAGT_009,91
TTCTCGTTGGTGCTGGAAGT_010,156
TTCTCGTTGGTGCTGGAAGT_011,148
TTCTCGTTGGTGCTGGAAGT_012,50
TTCTCGTTGGTGCTGGAAGT_013,130
TTCTCGTTGGTGCTGGAAGT_014,149
TTCTCGTTGGTGCTGGAAGT_015,112
TTCTCGTTGGTGCTGGAAGT_016,9
TTCTCGTTGGTGCTGGAAGT_017,157
TTCTCGTTGGTGCTGGAAGT_018,79
ATGGCACACGATTTAGACAC_001,182
ATGGCACACGATTTAGACAC_002,61
ATGGCACACGATTTAGACAC_003,22
ATGGCACACGATTTAGACAC_004,81
ATGGCACACGATTTAGACAC_005,48
ATGGCACACGATTTAGACAC_006,63
ATGGCACACGATTTAGACAC_007,115
ATGGCACACGATTTAGACAC_008,88
ATGGCACACGATTTAGACAC_009,164
ATGGCACACGATTTAGACAC_010,108
ATGGCACACGATTTAGACAC_011,98
ATGGCACACGATTTAGACAC_012,39
ATGGCACACGATTTAGACAC_013,83
ATGGCACACGATTTAGACAC_014,77
ATGGCACACGATTTAGACAC_015,177
TGCCACACAGGTGTACATCG_001,137
TGCCACACAGGTGTACATCG_002,80
TGCCACACAGGTGTACATCG_003,185
TGCCACACAGGTGTACATCG_004,150
TGCCACACAGGTGTACATCG_005,12
TGCCACACAGGTGTACATCG_006,151
TGCCACACAGGTGTACATCG_007,106
TGCCACACAGGTGTACATCG_008,78
TGCCACACAGGTGTACATCG_009,168
TCGCCCAGCCAGACTTACGA_001,37
TCGCCCAGCCAGACTTACGA_002,60
TCGCCCAGCCAGACTTACGA_003,45
TCGCCCAGCCAGACTTACGA_004,181
TCGCCCAGCCAGACTTACGA_005,162
TCGCCCAGCCAGACTTACGA_006,28
AGGAGTAAGGCAGCATGACG_001,108
AGGAGTAAGGCAGCATGACG_002,70
AGGAGTAAGGCAGCATGACG_003,60
AGGAGTAAGGCAGCATGACG_004,115
AGGAGTAAGGCAGCATGACG_005,80
AGGAGTAAGGCAGCATGACG_006,96
AGGAGTAAGGCAGCATGACG_007,127
AGGAGTAAGGCAGCATGACG_008,128
AGGAGTAAGGCAGCATGACG_009,145
AGGAGTAAGGCAGCATGACG_010,194
AGGAGTAAGGCAGCATGACG_011,114
AGGAGTAAGGCAGCATGACG_012,185
AGGAGTAAGGCAGCATGACG_013,9
AGGAGTAAGGCAGCATGACG_014,127
AGGAGTAAGGCAGCATGACG_015,41
AGGAGTAAGGCAGCATGACG_016,2
AGGAGTAAGGCAGCATGACG_017,22
AGGAGTAAGGCAGCATGACG_018,1
AGGAGTAAGGCAGCATGACG_019,48
AGGAGTAAGGCAGCATGACG_020,77
AGGAGTAAGGCAGCATGACG_021,59
ATGTCGTAGCACCACATCAA_001,122
ATGTCGTAGCACCACATCAA_002,130
ATGTCGTAGCACCACATCAA_003,71
ATGTCGTAGCACCACATCAA_004,95
ATGTCGTAGCACCACATCAA_005,121
ATGTCGTAGCACCACATCAA_006,80
ATGTCGTAGCACCACATCAA_007,197
ATGTCGTAGCACCACATCAA_008,28
ATGTCGTAGCACCACATCAA_009,1
ATGTCGTAGCACCACATCAA_010,10
GGTCGCCAGATCGAAAATCA_001,144
GGTCGCCAGATCGAAAATCA_002,88
TGGTGAATGACATGACATTC_001,105
GTTCCCACTGATGACAATTG_001,76
GTTCCCACTGATGACAATTG_002,142
GTTCCCACTGATGACAATTG_003,22
GTTCCCACTGATGACAATTG_004,8
AAATTGTATGTGAAGTCGAA_001,122
AAATTGTATGTGAAGTCGAA_002,95
AAATTGTATGTGAAGTCGAA_003,166
AAATTGTATGTGAAGTCGAA_004,142
TGTCTTTACGGGTGAAAAGG_001,94
TGTCTTTACGGGTGAAAAGG_002,29
TGTCTTTACGGGTGAAAAGG_003,197
TGTCTTTACGGGTGAAAAGG_004,150
TGTCTTTACGGGTGAAAAGG_005,81
TTGGGCTTTGGAATCATGAG_001,156
TTGGGCTTTGGAATCATGAG_002,21
TTGGGCTTTGGAATCATGAG_003,8
TTGGGCTTTGGAATCATGAG_004,139
TTGGGCTTTGGAATCATGAG_005,181
TTGGGCTTTGGAATCATGAG_006,58
TTGGGCTTTGGAATCATGAG_007,12
TTGGGCTTTGGAATCATGAG_008,113
TTGGGCTTTGGAATCATGAG_009,98
TTGGGCTTTGGAATCATGAG_010,37
TTGGGCTTTGGAATCATGAG_011,184
TTGGGCTTTGGAATCATGAG_012,146
TTGGGCTTTGGAATCATGAG_013,65
TTGGGCTTTGGAATCATGAG_014,172
TTGGGCTTTGGAATCATGAG_015,37
TTGGGCTTTGGAATCATGAG_016,175
TTGGGCTTTGGAATCATGAG_017,168
GTCTCAATAGGACATCAACC_001,197
GTCTCAATAGGACATCAACC_002,177
GTCTCAATAGGACATCAACC_003,105
GTCTCAATAGGACATCAACC_004,149
GTCTCAATAGGACATCAACC_005,119
GTCTCAATAGGACATCAACC_006,75
GTCTCAATAGGACATCAACC_007,149
GTCTCAATAGGACATCAACC_008,111
GTCTCAATAGGACATCAACC_009,9
GTCTCAATAGGACATCAACC_010,43
GTCTCAATAGGACATCAACC_011,166
GTCTCAATAGGACATCAACC_012,183
GTCTCAATAGGACATCAACC_013,169
CCGACGGCAAACCCTACTCG_001,198
CCGACGGCAAACCCTACTCG_002,182
CCGACGGCAAACCCTACTCG_003,115
CCGACGGCAAACCCTACTCG_004,192
CCGACGGCAAACCCTACTCG_005,58
CCGACGGCAAACCCTACTCG_006,103
CCGACGGCAAACCCTACTCG_007,165
CCGACGGCAAACCCTACTCG_008,149
CCGACGGCAAACCCTACTCG_009,16
CCGACGGCAAACCCTACTCG_010,153
CCGACGGCAAACCCTACTCG_011,133
CCGACGGCAAACCCTACTCG_012,175
CCGACGGCAAACCCTACTCG_013,28
CCGACGGCAAACCCTACTCG_014,102
CCGACGGCAAACCCTACTCG_015,0
CCGACGGCAAACCCTACTCG_016,172
CTGGACATTACATTAAGAAG_001,48
CTGGACATTACATTAAGAAG_002,47
CTGGACATTACATTAAGAAG_003,124
AGATCAAGGTTCTCCCCGCA_001,147
AGATCAAGGTTCTCCCCGCA_002,41
AGATCAAGGTTCTCCCCGCA_003,36
AGATCAAGGTTCTCCCCGCA_004,15
AGATCAAGGTTCTCCCCGCA_005,192
AGATCAAGGTTCTCCCCGCA_006,170
AGATCAAGGTTCTCCCCGCA_007,193
AGATCAAGGTTCTCCCCGCA_008,24
AGATCAAGGTTCTCCCCGCA_009,34
AGATCAAGGTTCTCCCCGCA_010,145
AGATCAAGGTTCTCCCCGCA_011,124
AGATCAAGGTTCTCCCCGCA_012,198
AGATCAAGGTTCTCCCCGCA_013,119
AGATCAAGGTTCTCCCCGCA_014,61
AGATCAAGGTTCTCCCCGCA_015,9
AGATCAAGGTTCTCCCCGCA_016,134
AGATCAAGGTTCTCCCCGCA_017,160
AGATCAAGGTTCTCCCCGCA_018,157
AGATCAAGGTTCTCCCCGCA_019,176
GACAGACAAGAGCTCGAGTG_001,168
GACAGACAAGAGCTCGAGTG_002,12
GACAGACAAGAGCTCGAGTG_003,50
GACAGACAAGAGCTCGAGTG_004,193
GACAGACAAGAGCTCGAGTG_005,176
GACAGACAAGAGCTCGAGTG_006,144
ATCAATGAAGCCAATATAAG_001,29
ATCAATGAAGCCAATATAAG_002,141
ATCAATGAAGCCAATATAAG_003,160
ATCAATGAAGCCAATATAAG_004,72
GGGCTACCGCCAACACTGGG_001,105
GGGCTACCGCCAACACTGGG_002,56
GGGCTACCGCCAACACTGGG_003,9
GGGCTACCGCCAACACTGGG_004,87
GGGCTACCGCCAACACTGGG_005,33
GGGCTACCGCCAACACTGGG_006,39
GAGAACATTACCGGATTCGA_001,127
GAGAACATTACCGGATTCGA_002,15
GAGAACATTACCGGATTCGA_003,174
GAGAACATTACCGGATTCGA_004,23
GAGAACATTACCGGATTCGA_005,154
GAGAACATTACCGGATTCGA_006,114
GAGAACATTACCGGATTCGA_007,144
GAGAACATTACCGGATTCGA_008,16
GAGAACATTACCGGATTCGA_009,76
GAGAACATTACCGGATTCGA_010,82
GAGAACATTACCGGATTCGA_011,28
GGGGGGCACCCCAAACTCGT_001,27
GGGGGGCACCCCAAACTCGT_002,88
GGGGGGCACCCCAAACTCGT_003,118
GGGGGGCACCCCAAACTCGT_004,78
GGGGGGCACCCCAAACTCGT_005,126
GGGGGGCACCCCAAACTCGT_006,88
GGGGGGCACCCCAAACTCGT_007,48
GGGGGGCACCCCAAACTCGT_008,49
GGGGGGCACCCCAAACTCGT_009,103
GCATAAGAGAGATGGAACTG_001,88
GCATAAGAGAGATGGAACTG_002,117
GCATAAGAGAGATGGAACTG_003,184
GCATAAGAGAGATGGAACTG_004,148
GCATAAGAGAGATGGAACTG_005,149
GCATAAGAGAGATGGAACTG_006,159
GCATAAGAGAGATGGAACTG_007,162
GCATAAGAGAGATGGAACTG_008,119
GCATAAGAGAGATGGAACTG_009,199
GCATAAGAGAGATGGAACTG_010,174
GCATAAGAGAGATGGAACTG_011,112
GCATAAGAGAGATGGAACTG_012,78
AAGTGGTTGCTAGGCAACTG_001,23
AAGTGGTTGCTAGGCAACTG_002,115
AAGTGGTTGCTAGGCAACTG_003,159
AAGTGGTTGCTAGGCAACTG_004,82
AAGTGGTTGCTAGGCAACTG_005,77
AAGTGGTTGCTAGGCAACTG_006,101
AAGTGGTTGCTAGGCAACTG_007,81
AAGTGGTTGCTAGGCAACTG_008,88
AAGTGGTTGCTAGGCAACTG_009,133
AAGTGGTTGCTAGGCAACTG_010,94
TTGGTATTCTCCAGGGACAG_001,198
TTCCTGAACCCTGAGCGTTG_001,151
TTCCTGAACCCTGAGCGTTG_002,196
TTCCTGAACCCTGAGCGTTG_003,31
TTCCTGAACCCTGAGCGTTG_004,9
TTCCTGAACCCTGAGCGTTG_005,29
CGTTGTAGGCCGCGTAATCG_001,6
CGTTGTAGGCCGCGTAATCG_002,47
TCTGCAAAGACCATGACTCC_001,69
TCTGCAAAGACCATGACTCC_002,82
TCTGCAAAGACCATGACTCC_003,9
TCTGCAAAGACCATGACTCC_004,120
TCTGCAAAGACCATGACTCC_005,198
TCTGCAAAGACCATGACTCC_006,69
TCTGCAAAGACCATGACTCC_007,11
TCTGCAAAGACCATGACTCC_008,168
TCTGCAAAGACCATGACTCC_009,115
TCTGCAAAGACCATGACTCC_010,122
TCTGCAAAGACCATGACTCC_011,116
TCTGCAAAGACCATGACTCC_012,74
TCTGCAAAGACCATGACTCC_013,44
TCTGCAAAGACCATGACTCC_014,68
TCTGCAAAGACCATGACTCC_015,92
TCTGCAAAGACCATGACTCC_016,190
TCTGCAAAGACCATGACTCC_017,159
AGATCACATCACCAATAACC_001,190
AGATCACATCACCAATAACC_002,158
AGATCACATCACCAATAACC_003,103
ACCTTTCATGCATAATACAG_001,140
GAAGCGGTCGATCTGGTCGG_001,185
GAAGCGGTCGATCTGGTCGG_002,36
GAAGCGGTCGATCTGGTCGG_003,55
GAAGCGGTCGATCTGGTCGG_004,162
GAAGCGGTCGATCTGGTCGG_005,98
GAAGCGGTCGATCTGGTCGG_006,189
GAAGCGGTCGATCTGGTCGG_007,158
GAAGCGGTCGATCTGGTCGG_008,6
GAAGCGGTCGATCTGGTCGG_009,106
GAAGCGGTCGATCTGGTCGG_010,8
AGGTTGGTATCCAGTTGTCG_001,155
AGGTTGGTATCCAGTTGTCG_002,105
AGGTTGGTATCCAGTTGTCG_003,82
CAACCCCAGTCCCCTGACAG_001,57
CAACCCCAGTCCCCTGACAG_002,78
CAACCCCAGTCCCCTGACAG_003,146
CAACCCCAGTCCCCTGACAG_004,137
CAACCCCAGTCCCCTGACAG_005,34
CAACCCCAGTCCCCTGACAG_006,199
CAACCCCAGTCCCCTGACAG_007,88
CAACCCCAGTCCCCTGACAG_008,156
CAACCCCAGTCCCCTGACAG_009,119
CAACCCCAGTCCCCTGACAG_010,119
CAACCCCAGTCCCCTGACAG_011,10
AGTGCAATGTAGGAGTCCAA_001,123
AGTGCAATGTAGGAGTCCAA_002,123
AGTGCAATGTAGGAGTCCAA_003,170
AGTGCAATGTAGGAGTCCAA_004,191
AGTGCAATGTAGGAGTCCAA_005,148
AGTGCAATGTAGGAGTCCAA_006,159
AGTGCAATGTAGGAGTCCAA_007,106
AGTGCAATGTAGGAGTCCAA_008,49
AGTGCAATGTAGGAGTCCAA_009,22
GCCTAATGTCCTGAAACACT_001,67
GCCTAATGTCCTGAAACACT_002,132
GCTTACTGAAGAGCAAAAGC_001,84
GCTTACTGAAGAGCAAAAGC_002,27
GCTTACTGAAGAGCAAAAGC_003,25
GCTTACTGAAGAGCAAAAGC_004,140
GCTTACTGAAGAGCAAAAGC_005,115
GCTTACTGAAGAGCAAAAGC_006,72
GCTTACTGAAGAGCAAAAGC_007,157
GCTTACTGAAGAGCAAAAGC_008,60
GCTTACTGAAGAGCAAAAGC_009,10
GCTTACTGAAGAGCAAAAGC_010,43
GGGGTGTAGAACACAACCGG_001,150
GGGGTGTAGAACACAACCGG_002,112
GGGGTGTAGAACACAACCGG_003,118
GGGGTGTAGAACACAACCGG_004,97
TGGTACTGGTAACCATCGCA_001,127
TGGTACTGGTAACCATCGCA_002,34
TGGTACTGGTAACCATCGCA_003,7
TGGTACTGGTAACCATCGCA_004,115
TGGTACTGGTAACCATCGCA_005,61
TGGTACTGGTAACCATCGCA_006,107
TGGTACTGGTAACCATCGCA_007,170
TGGTACTGGTAACCATCGCA_008,17
TGGTACTGGTAACCATCGCA_009,148
TGGTACTGGTAACCATCGCA_010,50
TGGTACTGGTAACCATCGCA_011,82
TGGTACTGGTAACCATCGCA_012,23
TGGTACTGGTAACCATCGCA_013,29
TGGTACTGGTAACCATCGCA_014,76
TGGTACTGGTAACCATCGCA_015,105
TGGTACTGGTAACCATCGCA_016,190
TGGTACTGGTAACCATCGCA_017,160
TGGTACTGGTAACCATCGCA_018,198
TGGTACTGGTAACCATCGCA_019,69
TGGTACTGGTAACCATCGCA_020,33
TGGTACTGGTAACCATCGCA_021,37
TGGTACTGGTAACCATCGCA_022,36
TGGTACTGGTAACCATCGCA_023,195
TGGTACTGGTAACCATCGCA_024,35
TGGTACTGGTAACCATCGCA_025,79
TGGTACTGGTAACCATCGCA_026,12
TGGTACTGGTAACCATCGCA_027,43
TGGTACTGGTAACCATCGCA_028,49
TGGTACTGGTAACCATCGCA_029,30
TGGTACTGGTAACCATCGCA_030,196
TGGTACTGGTAACCATCGCA_031,177
GCTGCCCTTGGACTGCCGAG_001,175
GCTGCCCTTGGACTGCCGAG_002,147
GCTGCCCTTGGACTGCCGAG_003,171
GCTGCCCTTGGACTGCCGAG_004,135
GCTGCCCTTGGACTGCCGAG_005,43
GCTGCCCTTGGACTGCCGAG_006,145
GCTGCCCTTGGACTGCCGAG_007,22
GCTGCCCTTGGACTGCCGAG_008,137
GCTGCCCTTGGACTGCCGAG_009,152
GCTGCCCTTGGACTGCCGAG_010,15
GCTGCCCTTGGACTGCCGAG_011,80
GCTGCCCTTGGACTGCCGAG_012,196
GCTGCCCTTGGACTGCCGAG_013,183
GCTGCCCTTGGACTGCCGAG_014,69
GCTGCCCTTGGACTGCCGAG_015,116
GCTGCCCTTGGACTGCCGAG_016,58
AGCCTTCAACAGACTACTGG_001,105
AGCCTTCAACAGACTACTGG_002,104
AGCCTTCAACAGACTACTGG_003,26
AGCCTTCAACAGACTACTGG_004,18
AGCCTTCAACAGACTACTGG_005,175
AGCCTTCAACAGACTACTGG_006,175
AGCCTTCAACAGACTACTGG_007,183
AGCCTTCAACAGACTACTGG_008,174
AGCCTTCAACAGACTACTGG_009,9
AGCCTTCAACAGACTACTGG_010,77
AGCCTTCAACAGACTACTGG_011,102
AGCCTTCAACAGACTACTGG_012,177
AGCCTTCAACAGACTACTGG_013,32
AGCCTTCAACAGACTACTGG_014,2
AGCCTTCAACAGACTACTGG_015,128
AGCCTTCAACAGACTACTGG_016,99
AGCCTTCAACAGACTACTGG_017,82
AGCCTTCAACAGACTACTGG_018,149
AGCCTTCAACAGACTACTGG_019,135
AGCCTTCAACAGACTACTGG_020,60
AGCCTTCAACAGACTACTGG_021,141
AGCCTTCAACAGACTACTGG_022,152
AGCCTTCAACAGACTACTGG_023,156
AGCCTTCAACAGACTACTGG_024,156
AGCCTTCAACAGACTACTGG_025,168
AGCCTTCAACAGACTACTGG_026,114
AGCCTTCAACAGACTACTGG_027,36
AGCCTTCAACAGACTACTGG_028,99
AGCCTTCAACAGACTACTGG_029,85
AGCCTTCAACAGACTACTGG_030,162
CAAGGCATTGCACTCACGTG_001,192
CAAGGCATTGCACTCACGTG_002,148
CAAGGCATTGCACTCACGTG_003,25
CAAGGCATTGCACTCACGTG_004,81
CAAGGCATTGCACTCACGTG_005,10
CAAGGCATTGCACTCACGTG_006,81
AATCTCACCCAATATCCAGC_001,132
AATCTCACCCAATATCCAGC_002,60
GGCAGCACCTACTCTCCAGT_001,163
GGCAGCACCTACTCTCCAGT_002,171
GGCAGCACCTACTCTCCAGT_003,88
GGCAGCACCTACTCTCCAGT_004,191
GGCAGCACCTACTCTCCAGT_005,66
GTGGAGCTAGAGAATCTGCT_001,12
AGGCAGGGGTTTGATCTTTG_001,89
AGGCAGGGGTTTGATCTTTG_002,181
AGGCAGGGGTTTGATCTTTG_003,174
AGGCAGGGGTTTGATCTTTG_004,1
AGGCAGGGGTTTGATCTTTG_005,88
AGGCAGGGGTTTGATCTTTG_006,8
AGGCAGGGGTTTGATCTTTG_007,144
AGGCAGGGGTTTGATCTTTG_008,132
AGGCAGGGGTTTGATCTTTG_009,50
AGGCAGGGGTTTGATCTTTG_010,26
AGGCAGGGGTTTGATCTTTG_011,146
AGGCAGGGGTTTGATCTTTG_012,48
AGGCAGGGGTTTGATCTTTG_013,188
AGGCAGGGGTTTGATCTTTG_014,188
AGGCAGGGGTTTGATCTTTG_015,199
AGGCAGGGGTTTGATCTTTG_016,94
TGTACTGCGTGTCGTGCGGG_001,73
TGTACTGCGTGTCGTGCGGG_002,154
TGTACTGCGTGTCGTGCGGG_003,38
TGTACTGCGTGTCGTGCGGG_004,68
CGACATCTACGAGGGACAGT_001,21
CGACATCTACGAGGGACAGT_002,49
CGACATCTACGAGGGACAGT_003,70
CGACATCTACGAGGGACAGT_004,129
CGACATCTACGAGGGACAGT_005,91
CGACATCTACGAGGGACAGT_006,49
CGACATCTACGAGGGACAGT_007,170
CGACATCTACGAGGGACAGT_008,53
CGACATCTACGAGGGACAGT_009,136
AACCTGAAAATGACCCAGAG_001,3
AACCTGAAAATGACCCAGAG_002,102
AACCTGAAAATGACCCAGAG_003,194
AACCTGAAAATGACCCAGAG_004,153
AACCTGAAAATGACCCAGAG_005,54
AACCTGAAAATGACCCAGAG_006,191
AACCTGAAAATGACCCAGAG_007,127
AACCTGAAAATGACCCAGAG_008,88
AACCTGAAAATGACCCAGAG_009,166
AACCTGAAAATGACCCAGAG_010,105
AACCTGAAAATGACCCAGAG_011,32
AACCTGAAAATGACCCAGAG_012,162
AACCTGAAAATGACCCAGAG_013,28
AACCTGAAAATGACCCAGAG_014,84
AACCTGAAAATGACCCAGAG_015,41
AACCTGAAAATGACCCAGAG_016,175
AACCTGAAAATGACCCAGAG_017,44
AACCTGAAAATGACCCAGAG_018,30
AACCTGAAAATGACCCAGAG_019,158
AACCTGAAAATGACCCAGAG_020,82
AACCTGAAAATGACCCAGAG_021,126
AACCTGAAAATGACCCAGAG_022,9
AACCTGAAAATGACCCAGAG_023,152
AACCTGAAAATGACCCAGAG_024,82
AACCTGAAAATGACCCAGAG_025,15
AACCTGAAAATGACCCAGAG_026,152
TCCTCACCATCAGCGCACGT_001,48
TCCTCACCATCAGCGCACGT_002,28
TCCTCACCATCAGCGCACGT_003,84
TCCTCACCATCAGCGCACGT_004,28
TCCTCACCATCAGCGCACGT_005,145
TCCTCACCATCAGCGCACGT_006,62
TCCTCACCATCAGCGCACGT_007,198
TCCTCACCATCAGCGCACGT_008,4
TCCTCACCATCAGCGCACGT_009,198
TCCTCACCATCAGCGCACGT_010,158
TCCTCACCATCAGCGCACGT_011,101
TCCTCACCATCAGCGCACGT_012,52
TCCTCACCATCAGCGCACGT_013,137
GACTACATCATGGAGCGGGT_001,80
GACTACATCATGGAGCGGGT_002,36
GACTACATCATGGAGCGGGT_003,80
GACTACATCATGGAGCGGGT_004,149
GACTACATCATGGAGCGGGT_005,175
GACTACATCATGGAGCGGGT_006,121
GACTACATCATGGAGCGGGT_007,92
GACTACATCATGGAGCGGGT_008,140
GACTACATCATGGAGCGGGT_009,124
GACTACATCATGGAGCGGGT_010,5
GACTACATCATGGAGCGGGT_011,92
GACTACATCATGGAGCGGGT_012,94
GACTACATCATGGAGCGGGT_013,121
GTAGTGTTGAGCAGAAGCGT_001,157
GTAGTGTTGAGCAGAAGCGT_002,133
GTAGTGTTGAGCAGAAGCGT_003,182
GTAGTGTTGAGCAGAAGCGT_004,44
GTAGTGTTGAGCAGAAGCGT_005,76
GTAGTGTTGAGCAGAAGCGT_006,114
GTAGTGTTGAGCAGAAGCGT_007,80
GTAGTGTTGAGCAGAAGCGT_008,27
GTAGTGTTGAGCAGAAGCGT_009,198
GTAGTGTTGAGCAGAAGCGT_010,93
GTAGTGTTGAGCAGAAGCGT_011,184
ATACCTGTGTCAACGTCATG_001,92
ATACCTGTGTCAACGTCATG_002,171
ATACCTGTGTCAACGTCATG_003,122
ATACCTGTGTCAACGTCATG_004,6
ATACCTGTGTCAACGTCATG_005,196
ATACCTGTGTCAACGTCATG_006,198
ATACCTGTGTCAACGTCATG_007,189
ATACCTGTGTCAACGTCATG_008,81
ATACCTGTGTCAACGTCATG_009,117
ATACCTGTGTCAACGTCATG_010,58
ATACCTGTGTCAACGTCATG_011,87
ATACCTGTGTCAACGTCATG_012,77
ATACCTGTGTCAACGTCATG_013,23
ATACCTGTGTCAACGTCATG_014,174
ATACCTGTGTCAACGTCATG_015,133
ATACCTGTGTCAACGTCATG_016,148
ATACCTGTGTCAACGTCATG_017,144
ATACCTGTGTCAACGTCATG_018,98
ATACCTGTGTCAACGTCATG_019,160
ATACCTGTGTCAACGTCATG_020,157
GGCCGTAACTGGATATGTGA_001,154
GGCCGTAACTGGATATGTGA_002,198
GGCCGTAACTGGATATGTGA_003,167
TGGTGAACATGAGGTCGTGT_001,62
TGGTGAACATGAGGTCGTGT_002,182
TGGTGAACATGAGGTCGTGT_003,144
TGGTGAACATGAGGTCGTGT_004,153
TGGTGAACATGAGGTCGTGT_005,15
TGGTGAACATGAGGTCGTGT_006,49
TGGTGAACATGAGGTCGTGT_007,192
TTATGCGACACAAAGGACTG_001,147
TTATGCGACACAAAGGACTG_002,6
TTATGCGACACAAAGGACTG_003,181
TTATGCGACACAAAGGACTG_004,148
TTATGCGACACAAAGGACTG_005,116
TTATGCGACACAAAGGACTG_006,137
TTATGCGACACAAAGGACTG_007,32
TTATGCGACACAAAGGACTG_008,131
TTATGCGACACAAAGGACTG_009,119
TTATGCGACACAAAGGACTG_010,134
TTATGCGACACAAAGGACTG_011,34
TTATGCGACACAAAGGACTG_012,34
TTATGCGACACAAAGGACTG_013,127
TTATGCGACACAAAGGACTG_014,62
TTATGCGACACAAAGGACTG_015,70
TTATGCGACACAAAGGACTG_016,28
TTATGCGACACAAAGGACTG_017,137
TTATGCGACACAAAGGACTG_018,52
TTATGCGACACAAAGGACTG_019,89
GACCCATGTCTACCATACAG_001,54
GACCCATGTCTACCATACAG_002,121
GTACCAGGGCCGGAACGCAT_001,93
GTACCAGGGCCGGAACGCAT_002,119
GTACCAGGGCCGGAACGCAT_003,160
GTACCAGGGCCGGAACGCAT_004,140
GTACCAGGGCCGGAACGCAT_005,28
GTTTATGTACCATCTGTTCG_001,2
GTTTATGTACCATCTGTTCG_002,0
TTCATCCGGGAAATCGATGG_001,12
TTCATCCGGGAAATCGATGG_002,72
TTCATCCGGGAAATCGATGG_003,161
TTCATCCGGGAAATCGATGG_004,163
TTCATCCGGGAAATCGATGG_005,82
TTCATCCGGGAAATCGATGG_006,50
GGCCTGGTCACATTGCACTG_001,125
GGCCTGGTCACATTGCACTG_002,109
GGCAATGACAGTGACCCACA_001,84
GGCAATGACAGTGACCCACA_002,81
GGCAATGACAGTGACCCACA_003,78
GGCAATGACAGTGACCCACA_004,143
GGCAATGACAGTGACCCACA_005,73
GGCAATGACAGTGACCCACA_006,166
GGCAATGACAGTGACCCACA_007,5
GGCAATGACAGTGACCCACA_008,171
GGCAATGACAGTGACCCACA_009,56
GGCAATGACAGTGACCCACA_010,121
GGCAATGACAGTGACCCACA_011,52
GGCAATGACAGTGACCCACA_012,196
GGCAATGACAGTGACCCACA_013,170
TGTTCTTAAGCACCCCAAGG_001,113
TGTTCTTAAGCACCCCAAGG_002,128
TGTTCTTAAGCACCCCAAGG_003,168
CTTCTGCTCGATGCTGCGAA_001,102
TTAAAAACCTTACCCTATGT_001,126
TTAAAAACCTTACCCTATGT_002,53
TTAAAAACCTTACCCTATGT_003,85
CCTGGTACCTACATGCACTG_001,172
CCTGGTACCTACATGCACTG_002,78
CCTGGTACCTACATGCACTG_003,181
CCTGGTACCTACATGCACTG_004,1
CCTGGTACCTACATGCACTG_005,48
CCTGGTACCTACATGCACTG_006,102
CCTGGTACCTACATGCACTG_007,134
CCTGGTACCTACATGCACTG_008,105
CCTGGTACCTACATGCACTG_009,2
CCTGGTACCTACATGCACTG_010,63
CCTGGTACCTACATGCACTG_011,142
CAGCTTCCGAATCAGCAACT_001,70
CAGCTTCCGAATCAGCAACT_002,79
CAGCTTCCGAATCAGCAACT_003,112
CAGCTTCCGAATCAGCAACT_004,172
CTATAACCGAATCAAAGGGT_001,160
CTATAACCGAATCAAAGGGT_002,127
CTATAACCGAATCAAAGGGT_003,92
CTATAACCGAATCAAAGGGT_004,154
CTATAACCGAATCAAAGGGT_005,58
CTATAACCGAATCAAAGGGT_006,116
CTATAACCGAATCAAAGGGT_007,129
GGAGGGCCTCGTGGAGCGGC_001,49
GGAGGGCCTCGTGGAGCGGC_002,150
GGAGGGCCTCGTGGAGCGGC_003,16
AGCAGCCAGAATCATTGCTG_001,11
AGCAGCCAGAATCATTGCTG_002,183
AGCAGCCAGAATCATTGCTG_003,52
AGCAGCCAGAATCATTGCTG_004,46
AGCAGCCAGAATCATTGCTG_005,31
AGCAGCCAGAATCATTGCTG_006,108
AGCAGCCAGAATCATTGCTG_007,82
AGCAGCCAGAATCATTGCTG_008,49
AGCAGCCAGAATCATTGCTG_009,4
AGCAGCCAGAATCATTGCTG_010,145
AGCAGCCAGAATCATTGCTG_011,148
CAGCTCCGAAATGGCCGCAA_001,148
CAGCTCCGAAATGGCCGCAA_002,151
CAGCTCCGAAATGGCCGCAA_003,66
CAGCTCCGAAATGGCCGCAA_004,49
CAGCTCCGAAATGGCCGCAA_005,18
CAGCTCCGAAATGGCCGCAA_006,9
CAGCTCCGAAATGGCCGCAA_007,26
CAGCTCCGAAATGGCCGCAA_008,108
CAGCTCCGAAATGGCCGCAA_009,194
CAGCTCCGAAATGGCCGCAA_010,177
CAGCTCCGAAATGGCCGCAA_011,177
CAGCTCCGAAATGGCCGCAA_012,147
CAGCTCCGAAATGGCCGCAA_013,145
CAGCTCCGAAATGGCCGCAA_014,137
CAGCTCCGAAATGGCCGCAA_015,22
CAGCTCCGAAATGGCCGCAA_016,9
CAGCTCCGAAATGGCCGCAA_017,58
CAGCTCCGAAATGGCCGCAA_018,77
CAGCTCCGAAATGGCCGCAA_019,43
CAGCTCCGAAATGGCCGCAA_020,110
CAGCTCCGAAATGGCCGCAA_021,12
CAGCTCCGAAATGGCCGCAA_022,186
CAGCTCCGAAATGGCCGCAA_023,178
CAGCTCCGAAATGGCCGCAA_024,81
CAGCTCCGAAATGGCCGCAA_025,40
CAGCTCCGAAATGGCCGCAA_026,163
CAGCTCCGAAATGGCCGCAA_027,157
CAGCTCCGAAATGGCCGCAA_028,9
CAGCTCCGAAATGGCCGCAA_029,94
CAGCTCCGAAATGGCCGCAA_030,102
CAGCTCCGAAATGGCCGCAA_031,6
CAGCTCCGAAATGGCCGCAA_032,127
CAGCTCCGAAATGGCCGCAA_033,35
CAGCTCCGAAATGGCCGCAA_034,117
GATTATTGATTCAAACCTGG_001,33
GATTATTGATTCAAACCTGG_002,178
ACGCGTTTCTTGTAAACACG_001,33
ACGCGTTTCTTGTAAACACG_002,28
CGTTAACCGCAATCTGACCG_001,130
CGTTAACCGCAATCTGACCG_002,29
CGTTAACCGCAATCTGACCG_003,149
CGTTAACCGCAATCTGACCG_004,174
CGTTAACCGCAATCTGACCG_005,43
CGTTAACCGCAATCTGACCG_006,71
GCCAGTGCAGACCTTAACCA_001,93
GCCAGTGCAGACCTTAACCA_002,53
GCCAGTGCAGACCTTAACCA_003,135
GCCAGTGCAGACCTTAACCA_004,19
GCCAGTGCAGACCTTAACCA_005,63
GCCAGTGCAGACCTTAACCA_006,68
GCCAGTGCAGACCTTAACCA_007,64
GCCAGTGCAGACCTTAACCA_008,111
GCCAGTGCAGACCTTAACCA_009,92
GCCAGTGCAGACCTTAACCA_010,139
GCCAGTGCAGACCTTAACCA_011,77
GCCAGTGCAGACCTTAACCA_012,188
CAGATGGCTGTAACAAAACG_001,199
CAGATGGCTGTAACAAAACG_002,19
CAGATGGCTGTAACAAAACG_003,81
AAGACGGGCCGAGTCATGCT_001,23
AAGACGGGCCGAGTCATGCT_002,53
AAGACGGGCCGAGTCATGCT_003,50
AAGACGGGCCGAGTCATGCT_004,193
AAGACGGGCCGAGTCATGCT_005,21
AAGACGGGCCGAGTCATGCT_006,0
AAGACGGGCCGAGTCATGCT_007,150
AAGACGGGCCGAGTCATGCT_008,134
AAGACGGGCCGAGTCATGCT_009,123
AAGACGGGCCGAGTCATGCT_010,123
AAGACGGGCCGAGTCATGCT_011,16
AAGACGGGCCGAGTCATGCT_012,150
AAGACGGGCCGAGTCATGCT_013,104
AAGACGGGCCGAGTCATGCT_014,110
AAGACGGGCCGAGTCATGCT_015,119
AAGACGGGCCGAGTCATGCT_016,48
AAGACGGGCCGAGTCATGCT_017,185
AAGACGGGCCGAGTCATGCT_018,123
AAGACGGGCCGAGTCATGCT_019,104
AAGACGGGCCGAGTCATGCT_020,159
AAGACGGGCCGAGTCATGCT_021,43
AAGACGGGCCGAGTCATGCT_022,132
AAGACGGGCCGAGTCATGCT_023,19
AAGACGGGCCGAGTCATGCT_024,54
AAGACGGGCCGAGTCATGCT_025,42
AAGACGGGCCGAGTCATGCT_026,162
AAGACGGGCCGAGTCATGCT_027,57
AAGACGGGCCGAGTCATGCT_028,166
AAGACGGGCCGAGTCATGCT_029,57
AAGACGGGCCGAGTCATGCT_030,136
AAGACGGGCCGAGTCATGCT_031,142
AAGACGGGCCGAGTCATGCT_032,38
AAGACGGGCCGAGTCATGCT_033,180
AAGACGGGCCGAGTCATGCT_034,115
AAGACGGGCCGAGTCATGCT_035,181
GGGTGCACCAGAACCAACAG_001,80
GGGTGCACCAGAACCAACAG_002,189
GGGTGCACCAGAACCAACAG_003,103
GGGTGCACCAGAACCAACAG_004,175
GGGTGCACCAGAACCAACAG_005,124
GGGTGCACCAGAACCAACAG_006,115
GGGTGCACCAGAACCAACAG_007,72
GGGTGCACCAGAACCAACAG_008,27
GGGTGCACCAGAACCAACAG_009,138
TCCACAGCTAACATGTACAC_001,50
TGCTGGCACATGAGATCGAG_001,58
TGCTGGCACATGAGATCGAG_002,158
TGGGGGTGTCCCGTTAACAA_001,2
TGGGGGTGTCCCGTTAACAA_002,9
TGGGGGTGTCCCGTTAACAA_003,184
GCGTGAGGCTCACGTAGAAG_001,53
GCGTGAGGCTCACGTAGAAG_002,185
GCGTGAGGCTCACGTAGAAG_003,134
GCGTGAGGCTCACGTAGAAG_004,68
GCGTGAGGCTCACGTAGAAG_005,148
GCGTGAGGCTCACGTAGAAG_006,150
GCGTGAGGCTCACGTAGAAG_007,54
GCGTGAGGCTCACGTAGAAG_008,78
GCGTGAGGCTCACGTAGAAG_009,29
GCGTGAGGCTCACGTAGAAG_010,29
GCGTGAGGCTCACGTAGAAG_011,132
GCGTGAGGCTCACGTAGAAG_012,192
AAAGCGTCCTCAATCACTGT_001,15
AAAGCGTCCTCAATCACTGT_002,151
AAAGCGTCCTCAATCACTGT_003,113
AAAGCGTCCTCAATCACTGT_004,193
AAAGCGTCCTCAATCACTGT_005,149
AAAGCGTCCTCAATCACTGT_006,133
AAAGCGTCCTCAATCACTGT_007,47
AAAGCGTCCTCAATCACTGT_008,6
AAAGCGTCCTCAATCACTGT_009,189
AAAGCGTCCTCAATCACTGT_010,109
AAAGCGTCCTCAATCACTGT_011,109
AAAGCGTCCTCAATCACTGT_012,39
AAAGCGTCCTCAATCACTGT_013,138
AAAGCGTCCTCAATCACTGT_014,48
AAAGCGTCCTCAATCACTGT_015,150
CACCTGAAACGCCATCCGCA_001,76
CACCTGAAACGCCATCCGCA_002,149
CACCTGAAACGCCATCCGCA_003,178
CACCTGAAACGCCATCCGCA_004,8
CACCTGAAACGCCATCCGCA_005,54
CACCTGAAACGCCATCCGCA_006,14
CACCTGAAACGCCATCCGCA_007,43
CACCTGAAACGCCATCCGCA_008,166
CACCTGAAACGCCATCCGCA_009,43
CACCTGAAACGCCATCCGCA_010,41
CACCTGAAACGCCATCCGCA_011,174
CACCTGAAACGCCATCCGCA_012,147
CACCTGAAACGCCATCCGCA_013,54
CACCTGAAACGCCATCCGCA_014,169
CACCTGAAACGCCATCCGCA_015,158
CACCTGAAACGCCATCCGCA_016,186
CACCTGAAACGCCATCCGCA_017,115
CACCTGAAACGCCATCCGCA_018,138
CACCTGAAACGCCATCCGCA_019,36
CACCTGAAACGCCATCCGCA_020,14
CACCTGAAACGCCATCCGCA_021,168
CACCTGAAACGCCATCCGCA_022,8
CACCTGAAACGCCATCCGCA_023,19
CAGATGCACGCTAAGAACGG_001,33
CAGATGCACGCTAAGAACGG_002,160
CAGATGCACGCTAAGAACGG_003,28
CAGATGCACGCTAAGAACGG_004,66
CGGGGCCCTACATTGCCCTG_001,106
CGGGGCCCTACATTGCCCTG_002,162
CGGGGCCCTACATTGCCCTG_003,115
CGGGGCCCTACATTGCCCTG_004,1
CGGGGCCCTACATTGCCCTG_005,52
CGGGGCCCTACATTGCCCTG_006,78
CGGGGCCCTACATTGCCCTG_007,162
CGGGGCCCTACATTGCCCTG_008,169
CGGGGCCCTACATTGCCCTG_009,129
CGGGGCCCTACATTGCCCTG_010,63
CGGGGCCCTACATTGCCCTG_011,10
CGGGGCCCTACATTGCCCTG_012,185
TGCTGGGCGCCAAGTCTCCG_001,16
TGCTGGGCGCCAAGTCTCCG_002,60
TGCTGGGCGCCAAGTCTCCG_003,61
TGCTGGGCGCCAAGTCTCCG_004,81
TGCTGGGCGCCAAGTCTCCG_005,95
TGCTGGGCGCCAAGTCTCCG_006,162
TGCTGGGCGCCAAGTCTCCG_007,84
TGCTGGGCGCCAAGTCTCCG_008,173
TGCTGGGCGCCAAGTCTCCG_009,36
TGCTGGGCGCCAAGTCTCCG_010,38
TGCTGGGCGCCAAGTCTCCG_011,176
TGCTGGGCGCCAAGTCTCCG_012,15
TGCTGGGCGCCAAGTCTCCG_013,97
TGCTGGGCGCCAAGTCTCCG_014,101
TGCTGGGCGCCAAGTCTCCG_015,199
TGCTGGGCGCCAAGTCTCCG_016,191
TGCTGGGCGCCAAGTCTCCG_017,75
TGCTGGGCGCCAAGTCTCCG_018,165
TGCTGGGCGCCAAGTCTCCG_019,49
TGCTGGGCGCCAAGTCTCCG_020,180
TGCTGGGCGCCAAGTCTCCG_021,105
TGCTGGGCGCCAAGTCTCCG_022,158
TGCTGGGCGCCAAGTCTCCG_023,141
TGCTGGGCGCCAAGTCTCCG_024,169
TGCTGGGCGCCAAGTCTCCG_025,168
TGCTGGGCGCCAAGTCTCCG_026,118
TGCTGGGCGCCAAGTCTCCG_027,68
TGCTGGGCGCCAAGTCTCCG_028,78
TGCTGGGCGCCAAGTCTCCG_029,162
TGAAGTGATAACTTCAGCAC_001,102
TGAAGTGATAACTTCAGCAC_002,0
TGAAGTGATAACTTCAGCAC_003,190
TGAAGTGATAACTTCAGCAC_004,80
CCTGCTCCAGACATGAGCAC_001,29
CCTGCTCCAGACATGAGCAC_002,166
CCTGCTCCAGACATGAGCAC_003,68
CCTGCTCCAGACATGAGCAC_004,151
CCTGCTCCAGACATGAGCAC_005,21
CCTGCTCCAGACATGAGCAC_006,113
CCTGCTCCAGACATGAGCAC_007,188
CCTGCTCCAGACATGAGCAC_008,118
CCTGCTCCAGACATGAGCAC_009,152
CCTGCTCCAGACATGAGCAC_010,63
CCTGCTCCAGACATGAGCAC_011,153
CCTGCTCCAGACATGAGCAC_012,45
CCTGCTCCAGACATGAGCAC_013,113
CCTGCTCCAGACATGAGCAC_014,124
GGCAGGGATGACAAGGCGCA_001,182
GGCAGGGATGACAAGGCGCA_002,133
GGCAGGGATGACAAGGCGCA_003,62
GGCAGGGATGACAAGGCGCA_004,95
GGCAGGGATGACAAGGCGCA_005,162
GGCAGGGATGACAAGGCGCA_006,160
GGCAGGGATGACAAGGCGCA_007,187
GGCAGGGATGACAAGGCGCA_008,86
GGCAGGGATGACAAGGCGCA_009,116
GGCAGGGATGACAAGGCGCA_010,183
GGCAGGGATGACAAGGCGCA_011,168
GGCAGGGATGACAAGGCGCA_012,158
GGCAGGGATGACAAGGCGCA_013,197
GGCAGGGATGACAAGGCGCA_014,63
GGCAGGGATGACAAGGCGCA_015,48
GGCAGGGATGACAAGGCGCA_016,81
TGATATCAACACGGTCAACG_001,157
TGATATCAACACGGTCAACG_002,118
TGATATCAACACGGTCAACG_003,160
TGATATCAACACGGTCAACG_004,181
TGATATCAACACGGTCAACG_005,118
TGATATCAACACGGTCAACG_006,175
TGATATCAACACGGTCAACG_007,10
TGATATCAACACGGTCAACG_008,121
ATTATGCTTGGCTTTCACTG_001,128
ATTATGCTTGGCTTTCACTG_002,13
ATTATGCTTGGCTTTCACTG_003,136
ATTATGCTTGGCTTTCACTG_004,112
ATTATGCTTGGCTTTCACTG_005,42
ATTATGCTTGGCTTTCACTG_006,153
ATTATGCTTGGCTTTCACTG_007,179
ATTATGCTTGGCTTTCACTG_008,138
ATTATGCTTGGCTTTCACTG_009,52
ATTATGCTTGGCTTTCACTG_010,52
ATTATGCTTGGCTTTCACTG_011,15
ATTATGCTTGGCTTTCACTG_012,29
ATTATGCTTGGCTTTCACTG_013,14
ATTATGCTTGGCTTTCACTG_014,179
ATTATGCTTGGCTTTCACTG_015,125
ATTATGCTTGGCTTTCACTG_016,77
ATTATGCTTGGCTTTCACTG_017,1
GGAGGATTCCACGTGCCGGG_001,76
GGAGGATTCCACGTGCCGGG_002,108
GGAGGATTCCACGTGCCGGG_003,56
GGAGGATTCCACGTGCCGGG_004,33
ATAACTATTGGGGAACCGGT_001,147
ATAACTATTGGGGAACCGGT_002,30
ATAACTATTGGGGAACCGGT_003,55
ATAACTATTGGGGAACCGGT_004,32
ATAACTATTGGGGAACCGGT_005,184
ATAACTATTGGGGAACCGGT_006,184
ATAACTATTGGGGAACCGGT_007,54
GCACGTGTACGTGACCATTG_001,29
GCACGTGTACGTGACCATTG_002,86
GCACGTGTACGTGACCATTG_003,130
GCACGTGTACGTGACCATTG_004,180
ATTTAAATAGACGTCCATCA_001,68
ATTTAAATAGACGTCCATCA_002,196
ATTTAAATAGACGTCCATCA_003,62
GCGATGCTTAAGAGTGTCCG_001,128
GCGATGCTTAAGAGTGTCCG_002,116
GCGATGCTTAAGAGTGTCCG_003,158
GCGATGCTTAAGAGTGTCCG_004,44
GCGATGCTTAAGAGTGTCCG_005,102
GCGATGCTTAAGAGTGTCCG_006,2
GCGATGCTTAAGAGTGTCCG_007,14
GCGATGCTTAAGAGTGTCCG_008,193
GCGATGCTTAAGAGTGTCCG_009,75
ACAGAACAATCACTGTCATG_001,97
CAAGCTATGAAATCAGAGGG_001,49
CAAGCTATGAAATCAGAGGG_002,2
CAAGCTATGAAATCAGAGGG_003,96
CAAGCTATGAAATCAGAGGG_004,138
CAAGCTATGAAATCAGAGGG_005,39
CAAGCTATGAAATCAGAGGG_006,4
CAAGCTATGAAATCAGAGGG_007,186
CAAGCTATGAAATCAGAGGG_008,72
CAAGCTATGAAATCAGAGGG_009,94
CAAGCTATGAAATCAGAGGG_010,77
CAAGCTATGAAATCAGAGGG_011,192
CAAGCTATGAAATCAGAGGG_012,83
CAAGCTATGAAATCAGAGGG_013,70
GAGATGATGAGCTCTCCATA_001,151
GAGATGATGAGCTCTCCATA_002,115
GAGATGATGAGCTCTCCATA_003,158
GAGATGATGAGCTCTCCATA_004,41
GAGATGATGAGCTCTCCATA_005,62
GAGATGATGAGCTCTCCATA_006,114
GAGATGATGAGCTCTCCATA_007,124
GAGATGATGAGCTCTCCATA_008,10
GAGATGATGAGCTCTCCATA_009,158
CTTGTGGTTAGTAAGTGCTG_001,196
CTTGTGGTTAGTAAGTGCTG_002,12
CTTGTGGTTAGTAAGTGCTG_003,9
CTTGTGGTTAGTAAGTGCTG_004,21
CTTGTGGTTAGTAAGTGCTG_005,80
CTTGTGGTTAGTAAGTGCTG_006,49
CTTGTGGTTAGTAAGTGCTG_007,115
CTTGTGGTTAGTAAGTGCTG_008,158
CTTGTGGTTAGTAAGTGCTG_009,198
CTTGTGGTTAGTAAGTGCTG_010,41
CTTGTGGTTAGTAAGTGCTG_011,148
CTTGTGGTTAGTAAGTGCTG_012,136
CTTGTGGTTAGTAAGTGCTG_013,88
CTTGTGGTTAGTAAGTGCTG_014,187
GGAATGACCAGGAAGTGCAC_001,47
GGAATGACCAGGAAGTGCAC_002,80
GGAATGACCAGGAAGTGCAC_003,9
GGAATGACCAGGAAGTGCAC_004,41
GGAATGACCAGGAAGTGCAC_005,119
GGAATGACCAGGAAGTGCAC_006,44
GGAATGACCAGGAAGTGCAC_007,66
GTAGCGATATCCACTATACG_001,67
GTAGCGATATCCACTATACG_002,80
ACGCCTTACACCATGAGCTA_001,114
ACGCCTTACACCATGAGCTA_002,91
ACGCCTTACACCATGAGCTA_003,174
GACCATCTGAACCACAAACA_001,137
GACCATCTGAACCACAAACA_002,117
GACCATCTGAACCACAAACA_003,48
GACCATCTGAACCACAAACA_004,40
GACCATCTGAACCACAAACA_005,96
GACCATCTGAACCACAAACA_006,181
GACCATCTGAACCACAAACA_007,78
GACCATCTGAACCACAAACA_008,49
GACCATCTGAACCACAAACA_009,75
GACCATCTGAACCACAAACA_010,198
GACCATCTGAACCACAAACA_011,66
GACCATCTGAACCACAAACA_012,67
GACCATCTGAACCACAAACA_013,22
GACCATCTGAACCACAAACA_014,36
GACCATCTGAACCACAAACA_015,42
GACCATCTGAACCACAAACA_016,22
GACCATCTGAACCACAAACA_017,115
GACCATCTGAACCACAAACA_018,77
GACCATCTGAACCACAAACA_019,42
GACCATCTGAACCACAAACA_020,65
GACCATCTGAACCACAAACA_021,162
GACCATCTGAACCACAAACA_022,84
GACCATCTGAACCACAAACA_023,160
GACCATCTGAACCACAAACA_024,58
GACCATCTGAACCACAAACA_025,41
GACCATCTGAACCACAAACA_026,156
GACCATCTGAACCACAAACA_027,95
AGCCAACCCAGCATTCGCAG_001,29
AGCCAACCCAGCATTCGCAG_002,115
AGCCAACCCAGCATTCGCAG_003,141
AGCCAACCCAGCATTCGCAG_004,84
AGCCAACCCAGCATTCGCAG_005,80
AGCCAACCCAGCATTCGCAG_006,72
AGCCAACCCAGCATTCGCAG_007,77
AGCCAACCCAGCATTCGCAG_008,147
AGCCAACCCAGCATTCGCAG_009,70
AGCCAACCCAGCATTCGCAG_010,15
AGCCAACCCAGCATTCGCAG_011,148
AGCCAACCCAGCATTCGCAG_012,53
AGCCAACCCAGCATTCGCAG_013,192
AGCCAACCCAGCATTCGCAG_014,39
AGCCAACCCAGCATTCGCAG_015,174
AGCCAACCCAGCATTCGCAG_016,39
ATCCGGGGGTGCGTTGACCG_001,137
ATCCGGGGGTGCGTTGACCG_002,105
ATCCGGGGGTGCGTTGACCG_003,134
ATCCGGGGGTGCGTTGACCG_004,99
ATCCGGGGGTGCGTTGACCG_005,137
ATCCGGGGGTGCGTTGACCG_006,52
ATCCGGGGGTGCGTTGACCG_007,172
ATCCGGGGGTGCGTTGACCG_008,77
ATCCGGGGGTGCGTTGACCG_009,41
ATCCGGGGGTGCGTTGACCG_010,3
ATCCGGGGGTGCGTTGACCG_011,68
ATCCGGGGGTGCGTTGACCG_012,112
ATCCGGGGGTGCGTTGACCG_013,64
ATCCGGGGGTGCGTTGACCG_014,97
ATCCGGGGGTGCGTTGACCG_015,87
ATCCGGGGGTGCGTTGACCG_016,168
ATCCGGGGGTGCGTTGACCG_017,15
ATCCGGGGGTGCGTTGACCG_018,24
ATCCGGGGGTGCGTTGACCG_019,190
ATCCGGGGGTGCGTTGACCG_020,41
ATTTCTCGGAACAAACCTAG_001,85
ATTTCTCGGAACAAACCTAG_002,112
ATTTCTCGGAACAAACCTAG_003,123
ATTTCTCGGAACAAACCTAG_004,55
ATTTCTCGGAACAAACCTAG_005,80
ATTTCTCGGAACAAACCTAG_006,36
CAACTATAACTACTACATCG_001,175
CAGCACTAGCAGTGGCACGG_001,198
CAGCACTAGCAGTGGCACGG_002,102
CAGCACTAGCAGTGGCACGG_003,96
CAGCACTAGCAGTGGCACGG_004,158
CAGCACTAGCAGTGGCACGG_005,95
CAGCACTAGCAGTGGCACGG_006,160
CAGCACTAGCAGTGGCACGG_007,130
CAGCACTAGCAGTGGCACGG_008,147
CAGCACTAGCAGTGGCACGG_009,71
CAGCACTAGCAGTGGCACGG_010,133
CAGCACTAGCAGTGGCACGG_011,105
CAGCACTAGCAGTGGCACGG_012,48
CAGCACTAGCAGTGGCACGG_013,142
CAGCACTAGCAGTGGCACGG_014,123
CAGCACTAGCAGTGGCACGG_015,42
CAGCACTAGCAGTGGCACGG_016,28
CAGCACTAGCAGTGGCACGG_017,46
CAGCACTAGCAGTGGCACGG_018,60
CAGCACTAGCAGTGGCACGG_019,107
CAGCACTAGCAGTGGCACGG_020,84
AGACAAACTGATCAAAACAC_001,17
AGACAAACTGATCAAAACAC_002,77
AGACAAACTGATCAAAACAC_003,34
ATCTTCTTCATCCACGTCGT_001,21
ATCTTCTTCATCCACGTCGT_002,29
ATCTTCTTCATCCACGTCGT_003,26
ATCTTCTTCATCCACGTCGT_004,145
ATCTTCTTCATCCACGTCGT_005,144
ATCTTCTTCATCCACGTCGT_006,152
CTGTCACATGGATTTACTCG_001,158
GCCATCGCCAAGATCGTGGG_001,20
GCCATCGCCAAGATCGTGGG_002,48
GCCATCGCCAAGATCGTGGG_003,3
GCCATCGCCAAGATCGTGGG_004,2
GCCATCGCCAAGATCGTGGG_005,24
GCCATCGCCAAGATCGTGGG_006,197
GCCATCGCCAAGATCGTGGG_007,148
GCCATCGCCAAGATCGTGGG_008,170
GCCATCGCCAAGATCGTGGG_009,79
GCCATCGCCAAGATCGTGGG_010,119
GCCATCGCCAAGATCGTGGG_011,40
GGGGCATTGACGTCAAAGCG_001,138
GGGGCATTGACGTCAAAGCG_002,130
GGGGCATTGACGTCAAAGCG_003,44
TCTGGACCTCTATACACATG_001,133
TCTGGACCTCTATACACATG_002,124
TCTGGACCTCTATACACATG_003,198
TCTGGACCTCTATACACATG_004,1
TCTGGACCTCTATACACATG_005,170
TCTGGACCTCTATACACATG_006,117
TCTTCAACTCAGATGACTTG_001,65
TCTTCAACTCAGATGACTTG_002,74
TCTTCAACTCAGATGACTTG_003,58
TCTTCAACTCAGATGACTTG_004,124
TCTTCAACTCAGATGACTTG_005,126
TGGCCATAATAGCTACCACT_001,125
TGGCCATAATAGCTACCACT_002,198
TGGCCATAATAGCTACCACT_003,150
TGGCCATAATAGCTACCACT_004,1
TGGCCATAATAGCTACCACT_005,106
GAATGCTAAATACCTTTCGC_001,185
TAGCATGTTAGGAATAGTGG_001,72
TAGCATGTTAGGAATAGTGG_002,158
TAGCATGTTAGGAATAGTGG_003,60
TAGCATGTTAGGAATAGTGG_004,55
CCTCACGGCCCAGATTGTGA_001,42
CCTCACGGCCCAGATTGTGA_002,106
CCTCACGGCCCAGATTGTGA_003,30
TTCTCAAATACGGGACAACA_001,17
TTCTCAAATACGGGACAACA_002,183
TTCTCAAATACGGGACAACA_003,172
TTCTCAAATACGGGACAACA_004,116
TTCTCAAATACGGGACAACA_005,188
TTCTCAAATACGGGACAACA_006,85
TTCTCAAATACGGGACAACA_007,48
TTCTCAAATACGGGACAACA_008,77
TTCTCAAATACGGGACAACA_009,136
AGAAACTTCAGCCAACTGTG_001,150
AGAAACTTCAGCCAACTGTG_002,78
AGAAACTTCAGCCAACTGTG_003,149
AGAAACTTCAGCCAACTGTG_004,32
AGAAACTTCAGCCAACTGTG_005,70
AGAAACTTCAGCCAACTGTG_006,190
AGAAACTTCAGCCAACTGTG_007,149
AGAAACTTCAGCCAACTGTG_008,150
AGAAACTTCAGCCAACTGTG_009,157
AGAAACTTCAGCCAACTGTG_010,143
AGAAACTTCAGCCAACTGTG_011,143
AGAAACTTCAGCCAACTGTG_012,143
AGAAACTTCAGCCAACTGTG_013,137
AGAAACTTCAGCCAACTGTG_014,169
AAAATGCAAATGGTTTATCC_001,116
AAAATGCAAATGGTTTATCC_002,180
GGCTTCGGCTGACCCCTCGC_001,70
GGCTTCGGCTGACCCCTCGC_002,8
GGCTTCGGCTGACCCCTCGC_003,67
GGCTTCGGCTGACCCCTCGC_004,32
GGCTTCGGCTGACCCCTCGC_005,142
GGCTTCGGCTGACCCCTCGC_006,47
TGTGTTTGAATGTGGCAACG_001,81
TGTGTTTGAATGTGGCAACG_002,2
TGTGTTTGAATGTGGCAACG_003,130
TGTGTTTGAATGTGGCAACG_004,199
TGTGTTTGAATGTGGCAACG_005,199
TGTGTTTGAATGTGGCAACG_006,152
TGTGTTTGAATGTGGCAACG_007,46
TGTGTTTGAATGTGGCAACG_008,78
TGTGTTTGAATGTGGCAACG_009,9
TGTGTTTGAATGTGGCAACG_010,115
AAGCTCCCCTTACCTGAGGA_001,189
AAGCTCCCCTTACCTGAGGA_002,133
AAGCTCCCCTTACCTGAGGA_003,169
AAGCTCCCCTTACCTGAGGA_004,199
AAGCTCCCCTTACCTGAGGA_005,166
AAGCTCCCCTTACCTGAGGA_006,160
AAGCTCCCCTTACCTGAGGA_007,127
AAGCTCCCCTTACCTGAGGA_008,191
AAGCTCCCCTTACCTGAGGA_009,97
AAGCTCCCCTTACCTGAGGA_010,43
AAGCTCCCCTTACCTGAGGA_011,48
AAGCTCCCCTTACCTGAGGA_012,116
AAGCTCCCCTTACCTGAGGA_013,101
AAGCTCCCCTTACCTGAGGA_014,33
AAGCTCCCCTTACCTGAGGA_015,12
AAGCTCCCCTTACCTGAGGA_016,94
AAGCTCCCCTTACCTGAGGA_017,123
AAGCTCCCCTTACCTGAGGA_018,115
AAGCTCCCCTTACCTGAGGA_019,182
AAGCTCCCCTTACCTGAGGA_020,172
AAGCTCCCCTTACCTGAGGA_021,57
TGGGACACAAAGCTGGCTGT_001,103
TGGGACACAAAGCTGGCTGT_002,189
TGGGACACAAAGCTGGCTGT_003,13
TGGGACACAAAGCTGGCTGT_004,8
TGGGACACAAAGCTGGCTGT_005,141
TGGGACACAAAGCTGGCTGT_006,33
TGGGACACAAAGCTGGCTGT_007,98
TGGGACACAAAGCTGGCTGT_008,137
TGGGACACAAAGCTGGCTGT_009,56
TGGGACACAAAGCTGGCTGT_010,63
TTCTCTATAACAACAATACA_001,154
ATGGCTCGCCATGTACAGAC_001,47
ATGGCTCGCCATGTACAGAC_002,105
ATGGCTCGCCATGTACAGAC_003,122
ATGGCTCGCCATGTACAGAC_004,170
ATGGCTCGCCATGTACAGAC_005,103
ATGGCTCGCCATGTACAGAC_006,159
ATGGCTCGCCATGTACAGAC_007,61
ATGGCTCGCCATGTACAGAC_008,52
ATGGCTCGCCATGTACAGAC_009,17
ATGGCTCGCCATGTACAGAC_010,141
ATGGCTCGCCATGTACAGAC_011,52
ATGGCTCGCCATGTACAGAC_012,92
TTGTCTTGTAGGAAAGTGGG_001,15
TTGTCTTGTAGGAAAGTGGG_002,50
TTGTCTTGTAGGAAAGTGGG_003,187
TTGTCTTGTAGGAAAGTGGG_004,186
TTGTCTTGTAGGAAAGTGGG_005,182
TTGTCTTGTAGGAAAGTGGG_006,166
TTGTCTTGTAGGAAAGTGGG_007,35
TTGTCTTGTAGGAAAGTGGG_008,50
TTGTCTTGTAGGAAAGTGGG_009,199
TTGTCTTGTAGGAAAGTGGG_010,85
TTGTCTTGTAGGAAAGTGGG_011,197
AATGTCTCGCTGACTAAGGG_001,63
AATGTCTCGCTGACTAAGGG_002,74
AATGTCTCGCTGACTAAGGG_003,115
AATGTCTCGCTGACTAAGGG_004,108
AATGTCTCGCTGACTAAGGG_005,147
AATGTCTCGCTGACTAAGGG_006,118
AATGTCTCGCTGACTAAGGG_007,48
AATGTCTCGCTGACTAAGGG_008,160
AATGTCTCGCTGACTAAGGG_009,7
AATGTCTCGCTGACTAAGGG_010,104
AATGTCTCGCTGACTAAGGG_011,26
AATGTCTCGCTGACTAAGGG_012,118
AATGTCTCGCTGACTAAGGG_013,41
AATGTCTCGCTGACTAAGGG_014,176
ACGTCGCCAAGACCTCGGTA_001,70
ACGTCGCCAAGACCTCGGTA_002,170
ACGTCGCCAAGACCTCGGTA_003,115
ACGTCGCCAAGACCTCGGTA_004,147
ACGTCGCCAAGACCTCGGTA_005,122
ACGTCGCCAAGACCTCGGTA_006,105
ACGTCGCCAAGACCTCGGTA_007,69
ACGTCGCCAAGACCTCGGTA_008,70
ACGTCGCCAAGACCTCGGTA_009,15
ACGTCGCCAAGACCTCGGTA_010,93
ACGTCGCCAAGACCTCGGTA_011,34
ACGTCGCCAAGACCTCGGTA_012,54
ACGTCGCCAAGACCTCGGTA_013,12
ACGTCGCCAAGACCTCGGTA_014,172
ACGTCGCCAAGACCTCGGTA_015,191
ACGTCGCCAAGACCTCGGTA_016,109
ACGTCGCCAAGACCTCGGTA_017,114
ACGTCGCCAAGACCTCGGTA_018,114
ACGTCGCCAAGACCTCGGTA_019,93
ACGTCGCCAAGACCTCGGTA_020,40
ACGTCGCCAAGACCTCGGTA_021,176
ACGTCGCCAAGACCTCGGTA_022,14
ACGTCGCCAAGACCTCGGTA_023,24
ACGTCGCCAAGACCTCGGTA_024,162
ACGTCGCCAAGACCTCGGTA_025,180
ACGTCGCCAAGACCTCGGTA_026,43
ACGTCGCCAAGACCTCGGTA_027,115
ACGTCGCCAAGACCTCGGTA_028,129
ACGTCGCCAAGACCTCGGTA_029,120
ACGTCGCCAAGACCTCGGTA_030,106
ACGTCGCCAAGACCTCGGTA_031,81
ACGTCGCCAAGACCTCGGTA_032,134
ACGTCGCCAAGACCTCGGTA_033,94
ACGTCGCCAAGACCTCGGTA_034,193
GCACAGAGAGGGGATCTCTG_001,40
GCACAGAGAGGGGATCTCTG_002,169
GCACAGAGAGGGGATCTCTG_003,140
GCACAGAGAGGGGATCTCTG_004,83
GCACAGAGAGGGGATCTCTG_005,84
GCACAGAGAGGGGATCTCTG_006,83
GCACAGAGAGGGGATCTCTG_007,70
GCACAGAGAGGGGATCTCTG_008,43
GCACAGAGAGGGGATCTCTG_009,129
GCACAGAGAGGGGATCTCTG_010,158
GCACAGAGAGGGGATCTCTG_011,126
GCACAGAGAGGGGATCTCTG_012,136
GCACAGAGAGGGGATCTCTG_013,30
GCACAGAGAGGGGATCTCTG_014,55
GCACAGAGAGGGGATCTCTG_015,27
GGTGTCAGCGGCCAAAACGT_001,177
GGTGTCAGCGGCCAAAACGT_002,190
GGTGTCAGCGGCCAAAACGT_003,179
GGTGTCAGCGGCCAAAACGT_004,168
GGTGTCAGCGGCCAAAACGT_005,13
GGTGTCAGCGGCCAAAACGT_006,23
GGTGTCAGCGGCCAAAACGT_007,30
GGTGTCAGCGGCCAAAACGT_008,120
GCATAAAGAGCCGGTAGCCG_001,178
GCATAAAGAGCCGGTAGCCG_002,178
GCATAAAGAGCCGGTAGCCG_003,32
GCATAAAGAGCCGGTAGCCG_004,139
GCATAAAGAGCCGGTAGCCG_005,155
GCATAAAGAGCCGGTAGCCG_006,15
GCATAAAGAGCCGGTAGCCG_007,102
GCATAAAGAGCCGGTAGCCG_008,89
TCCAGGACGGCATCGCCAAG_001,166
TCCAGGACGGCATCGCCAAG_002,166
TCCAGGACGGCATCGCCAAG_003,90
TCCAGGACGGCATCGCCAAG_004,50
TCCAGGACGGCATCGCCAAG_005,45
TCCAGGACGGCATCGCCAAG_006,94
TCCAGGACGGCATCGCCAAG_007,128
TCCAGGACGGCATCGCCAAG_008,88
TCCAGGACGGCATCGCCAAG_009,98
TCCAGGACGGCATCGCCAAG_010,8
TCCAGGACGGCATCGCCAAG_011,81
TCCAGGACGGCATCGCCAAG_012,141
TCCAGGACGGCATCGCCAAG_013,146
TCCAGGACGGCATCGCCAAG_014,59
TTGAGGACATTAAGCATCGG_001,148
TTGAGGACATTAAGCATCGG_002,40
TTGAGGACATTAAGCATCGG_003,48
TTGAGGACATTAAGCATCGG_004,107
TTGAGGACATTAAGCATCGG_005,103
TTGAGGACATTAAGCATCGG_006,40
GGCCGTACATACGAGTTGGG_001,127
GGCCGTACATACGAGTTGGG_002,152
GGCCGTACATACGAGTTGGG_003,33
GGCCGTACATACGAGTTGGG_004,152
TGCCTGCAGTTGCTTCTACG_001,185
TGCCTGCAGTTGCTTCTACG_002,114
TGCCTGCAGTTGCTTCTACG_003,100
TGCCTGCAGTTGCTTCTACG_004,50
TGCCTGCAGTTGCTTCTACG_005,60
TGCCTGCAGTTGCTTCTACG_006,134
TGCCTGCAGTTGCTTCTACG_007,159
TGCCTGCAGTTGCTTCTACG_008,143
TGCCTGCAGTTGCTTCTACG_009,4
TGCCTGCAGTTGCTTCTACG_010,151
TGCCTGCAGTTGCTTCTACG_011,115
TGCCTGCAGTTGCTTCTACG_012,161
TGCCTGCAGTTGCTTCTACG_013,10
TGCCTGCAGTTGCTTCTACG_014,140
CCTCGAGCATCTCACACATG_001,0
CCTCGAGCATCTCACACATG_002,118
CCTCGAGCATCTCACACATG_003,77
CCTCGAGCATCTCACACATG_004,184
CCTCGAGCATCTCACACATG_005,31
CCTCGAGCATCTCACACATG_006,56
TGTCTTGTAGCCTACGTCTG_001,74
TGTCTTGTAGCCTACGTCTG_002,34
TGTCTTGTAGCCTACGTCTG_003,5
TGTCTTGTAGCCTACGTCTG_004,168
TGTCTTGTAGCCTACGTCTG_005,28
TGTCTTGTAGCCTACGTCTG_006,34
TGTCTTGTAGCCTACGTCTG_007,169
TGTCTTGTAGCCTACGTCTG_008,96
TGTCTTGTAGCCTACGTCTG_009,166
TGTCTTGTAGCCTACGTCTG_010,149
CATATGTATGATCCAATTTG_001,121
CCGATGGACGTGTTGACCGA_001,166
CCGATGGACGTGTTGACCGA_002,154
CCGATGGACGTGTTGACCGA_003,122
CCGATGGACGTGTTGACCGA_004,84
CCGATGGACGTGTTGACCGA_005,103
CCGATGGACGTGTTGACCGA_006,99
CCGATGGACGTGTTGACCGA_007,94
CCGATGGACGTGTTGACCGA_008,169
CCGATGGACGTGTTGACCGA_009,123
CCGATGGACGTGTTGACCGA_010,83
CCGATGGACGTGTTGACCGA_011,168
ATCTGTTACCTGGAGCGAGT_001,86
ATCTGTTACCTGGAGCGAGT_002,104
ATCTGTTACCTGGAGCGAGT_003,35
ATCTGTTACCTGGAGCGAGT_004,171
ATCTGTTACCTGGAGCGAGT_005,107
ATCTGTTACCTGGAGCGAGT_006,70
ATCTGTTACCTGGAGCGAGT_007,77
ATCTGTTACCTGGAGCGAGT_008,46
ATCTGTTACCTGGAGCGAGT_009,29
ATCTGTTACCTGGAGCGAGT_010,21
ATCTGTTACCTGGAGCGAGT_011,6
ATCTGTTACCTGGAGCGAGT_012,122
ATCTGTTACCTGGAGCGAGT_013,139
ATCTGTTACCTGGAGCGAGT_014,132
ATCTGTTACCTGGAGCGAGT_015,96
ATCTGTTACCTGGAGCGAGT_016,138
ATCTGTTACCTGGAGCGAGT_017,35
ATCTGTTACCTGGAGCGAGT_018,83
ATCTGTTACCTGGAGCGAGT_019,10
ATCTGTTACCTGGAGCGAGT_020,57
ATCTGTTACCTGGAGCGAGT_021,2
ATCTGTTACCTGGAGCGAGT_022,16
ATCTGTTACCTGGAGCGAGT_023,49
ATCTGTTACCTGGAGCGAGT_024,136
GGAGGACCGGATCAACGCCA_001,37
GGAGGACCGGATCAACGCCA_002,121
GGAGGACCGGATCAACGCCA_003,140
GGAGGACCGGATCAACGCCA_004,92
GGAGGACCGGATCAACGCCA_005,58
GGAGGACCGGATCAACGCCA_006,162
GGAGGACCGGATCAACGCCA_007,119
GGAGGACCGGATCAACGCCA_008,76
GGAGGACCGGATCAACGCCA_009,17
GGAGGACCGGATCAACGCCA_010,180
CACCTCACTTACTAAATCCG_001,28
CACCTCACTTACTAAATCCG_002,85
CACCTCACTTACTAAATCCG_003,18
CACCTCACTTACTAAATCCG_004,185
CACCTCACTTACTAAATCCG_005,172
CACCTCACTTACTAAATCCG_006,170
CACCTCACTTACTAAATCCG_007,148
CACCTCACTTACTAAATCCG_008,134
CACCTCACTTACTAAATCCG_009,115
CACCTCACTTACTAAATCCG_010,150
CACCTCACTTACTAAATCCG_011,56
CACCTCACTTACTAAATCCG_012,188
GGTGGCGGTACTGAGACACC_001,116
GGTGGCGGTACTGAGACACC_002,197
GGTGGCGGTACTGAGACACC_003,70
GGTGGCGGTACTGAGACACC_004,165
GTAGGACTCTGGTTCCGCGG_001,118
GTAGGACTCTGGTTCCGCGG_002,77
GTAGGACTCTGGTTCCGCGG_003,160
GTAGGACTCTGGTTCCGCGG_004,117
GTAGGACTCTGGTTCCGCGG_005,38
GTAGGACTCTGGTTCCGCGG_006,6
GTAGGACTCTGGTTCCGCGG_007,47
GTAGGACTCTGGTTCCGCGG_008,81
GTAGGACTCTGGTTCCGCGG_009,67
GTAGGACTCTGGTTCCGCGG_010,133
CCGCAAAATCGACACGATCG_001,133
CCGCAAAATCGACACGATCG_002,4
CCGCAAAATCGACACGATCG_003,14
CCGCAAAATCGACACGATCG_004,42
CCGCAAAATCGACACGATCG_005,89
CCGCAAAATCGACACGATCG_006,58
CCGCAAAATCGACACGATCG_007,77
CCGCAAAATCGACACGATCG_008,42
CCGCAAAATCGACACGATCG_009,142
CCGCAAAATCGACACGATCG_010,188
GCAAGTGCCACCTCTCTCTG_001,84
GCAAGTGCCACCTCTCTCTG_002,193
GCAAGTGCCACCTCTCTCTG_003,17
GCAAGTGCCACCTCTCTCTG_004,112
GCAAGTGCCACCTCTCTCTG_005,174
GCAAGTGCCACCTCTCTCTG_006,38
GCAAGTGCCACCTCTCTCTG_007,83
GCAAGTGCCACCTCTCTCTG_008,44
GCAAGTGCCACCTCTCTCTG_009,50
GAGGAGGATCACGGTAATCA_001,19
GAGGAGGATCACGGTAATCA_002,72
GAGGAGGATCACGGTAATCA_003,97
GAGGAGGATCACGGTAATCA_004,97
GAGGAGGATCACGGTAATCA_005,89
CCATGAGCCTCGGAAAACGA_001,172
CCATGAGCCTCGGAAAACGA_002,5
CCATGAGCCTCGGAAAACGA_003,49
CCATGAGCCTCGGAAAACGA_004,63
CCATGAGCCTCGGAAAACGA_005,147
CCATGAGCCTCGGAAAACGA_006,129
CCATGAGCCTCGGAAAACGA_007,23
TGGCCTGCAATCCAAAGCTG_001,23
TGGCCTGCAATCCAAAGCTG_002,23
TGGCCTGCAATCCAAAGCTG_003,154
TGGCCTGCAATCCAAAGCTG_004,60
TGGCCTGCAATCCAAAGCTG_005,107
TGGCCTGCAATCCAAAGCTG_006,27
TGGCCTGCAATCCAAAGCTG_007,41
TGGCCTGCAATCCAAAGCTG_008,17
TGGCCTGCAATCCAAAGCTG_009,74
TGGCCTGCAATCCAAAGCTG_010,92
TGGCCTGCAATCCAAAGCTG_011,134
TGGCCTGCAATCCAAAGCTG_012,36
TGGCCTGCAATCCAAAGCTG_013,24
TGGCCTGCAATCCAAAGCTG_014,160
TGGCCTGCAATCCAAAGCTG_015,63
TGGCCTGCAATCCAAAGCTG_016,175
TGGCCTGCAATCCAAAGCTG_017,147
TGGCCTGCAATCCAAAGCTG_018,98
TGGCCTGCAATCCAAAGCTG_019,150
TGGCCTGCAATCCAAAGCTG_020,15
TGGCCTGCAATCCAAAGCTG_021,78
TGGCCTGCAATCCAAAGCTG_022,142
TGGCCTGCAATCCAAAGCTG_023,39
TGGCCTGCAATCCAAAGCTG_024,116
TGGCCTGCAATCCAAAGCTG_025,64
TGGCCTGCAATCCAAAGCTG_026,10
TGGCCTGCAATCCAAAGCTG_027,10
TGGCCTGCAATCCAAAGCTG_028,160
CCTTCTGATAAAAATCACAG_001,91
CCTTCTGATAAAAATCACAG_002,19
CCTTCTGATAAAAATCACAG_003,16
CCTTCTGATAAAAATCACAG_004,130
CCTTCTGATAAAAATCACAG_005,76
CCTTCTGATAAAAATCACAG_006,102
GGCAGTTCCCCCCATTAAGG_001,41
GGCAGTTCCCCCCATTAAGG_002,139
GGCAGTTCCCCCCATTAAGG_003,53
GGCAGTTCCCCCCATTAAGG_004,81
GGCAGTTCCCCCCATTAAGG_005,49
GGCAGTTCCCCCCATTAAGG_006,48
GGCAGTTCCCCCCATTAAGG_007,177
GGCAGTTCCCCCCATTAAGG_008,169
GGCAGTTCCCCCCATTAAGG_009,157
GGCAGTTCCCCCCATTAAGG_010,88
GGCAGTTCCCCCCATTAAGG_011,117
GGCAGTTCCCCCCATTAAGG_012,103
GGCAGTTCCCCCCATTAAGG_013,88
GGCAGTTCCCCCCATTAAGG_014,133
GGCAGTTCCCCCCATTAAGG_015,137
GGCAGTTCCCCCCATTAAGG_016,68
GGCAGTTCCCCCCATTAAGG_017,184
GGCAGTTCCCCCCATTAAGG_018,106
GGCAGTTCCCCCCATTAAGG_019,106
GGCAGTTCCCCCCATTAAGG_020,50
GGCAGTTCCCCCCATTAAGG_021,47
GGCAGTTCCCCCCATTAAGG_022,104
AGAAGTGGAGGAGCTCGCCG_001,150
AGAAGTGGAGGAGCTCGCCG_002,158
AGAAGTGGAGGAGCTCGCCG_003,161
AGAAGTGGAGGAGCTCGCCG_004,184
AGAAGTGGAGGAGCTCGCCG_005,147
AGAAGTGGAGGAGCTCGCCG_006,198
AGAAGTGGAGGAGCTCGCCG_007,15
AGAAGTGGAGGAGCTCGCCG_008,60
AGAAGTGGAGGAGCTCGCCG_009,148
AGAAGTGGAGGAGCTCGCCG_010,20
AGAAGTGGAGGAGCTCGCCG_011,64
AGAAGTGGAGGAGCTCGCCG_012,91
AGAAGTGGAGGAGCTCGCCG_013,50
AGAAGTGGAGGAGCTCGCCG_014,51
AGAAGTGGAGGAGCTCGCCG_015,148
AGAAGTGGAGGAGCTCGCCG_016,49
AGAAGTGGAGGAGCTCGCCG_017,15
AGAAGTGGAGGAGCTCGCCG_018,33
GCGTGCGTCCCGGGTTACCC_001,81
GCGTGCGTCCCGGGTTACCC_002,146
GCGTGCGTCCCGGGTTACCC_003,84
GCGTGCGTCCCGGGTTACCC_004,58
GCGTGCGTCCCGGGTTACCC_005,48
GCGTGCGTCCCGGGTTACCC_006,19
GCGTGCGTCCCGGGTTACCC_007,62
GCGTGCGTCCCGGGTTACCC_008,163
GCGTGCGTCCCGGGTTACCC_009,14
GAGAACAATTGAAAGCTACG_001,29
GAGAACAATTGAAAGCTACG_002,98
GAGAACAATTGAAAGCTACG_003,69
GAGAACAATTGAAAGCTACG_004,61
TCACAGGCGGGGTTACCGAG_001,55
TCACAGGCGGGGTTACCGAG_002,88
TCACAGGCGGGGTTACCGAG_003,158
TCACAGGCGGGGTTACCGAG_004,148
TCACAGGCGGGGTTACCGAG_005,6
TTCCAAGTTAGACAACCAGT_001,157
TTCCAAGTTAGACAACCAGT_002,170
TTCCAAGTTAGACAACCAGT_003,8
CGTAACCTGCCACGACACCT_001,29
CGTAACCTGCCACGACACCT_002,41
CGTAACCTGCCACGACACCT_003,58
CGTAACCTGCCACGACACCT_004,123
CGTAACCTGCCACGACACCT_005,64
CGTAACCTGCCACGACACCT_006,8
CGTAACCTGCCACGACACCT_007,115
CGTAACCTGCCACGACACCT_008,19
GTACCCTTTACATCGCTGAG_001,174
GTACCCTTTACATCGCTGAG_002,33
GTACCCTTTACATCGCTGAG_003,77
GTACCCTTTACATCGCTGAG_004,33
GTACCCTTTACATCGCTGAG_005,170
GTACCCTTTACATCGCTGAG_006,76
GTACCCTTTACATCGCTGAG_007,80
GTACCCTTTACATCGCTGAG_008,24
TTTGGAGTACAAATGAAAGG_001,81
ACTCATAGGACTTCCCAGCG_001,168
ACTCATAGGACTTCCCAGCG_002,175
ACTCATAGGACTTCCCAGCG_003,190
ACTCATAGGACTTCCCAGCG_004,197
ACTCATAGGACTTCCCAGCG_005,12
ACTCATAGGACTTCCCAGCG_006,157
ACTCATAGGACTTCCCAGCG_007,113
ACTCATAGGACTTCCCAGCG_008,52
GCCACTTACCGGGACGGAGT_001,85
GCCACTTACCGGGACGGAGT_002,127
GCCACTTACCGGGACGGAGT_003,69
GCCACTTACCGGGACGGAGT_004,33
GCCACTTACCGGGACGGAGT_005,197
GCCACTTACCGGGACGGAGT_006,156
GCCACTTACCGGGACGGAGT_007,97
GCCACTTACCGGGACGGAGT_008,21
GCCACTTACCGGGACGGAGT_009,124
GCCACTTACCGGGACGGAGT_010,10
CACCTCCAACAACCACATCG_001,54
CACCTCCAACAACCACATCG_002,198
CACCTCCAACAACCACATCG_003,77
CACCTCCAACAACCACATCG_004,190
CACCTCCAACAACCACATCG_005,17
CACCTCCAACAACCACATCG_006,176
CACCTCCAACAACCACATCG_007,160
CACCTCCAACAACCACATCG_008,58
CACCTCCAACAACCACATCG_009,28
CACCTCCAACAACCACATCG_010,147
CACCTCCAACAACCACATCG_011,142
CACCTCCAACAACCACATCG_012,144
CACCTCCAACAACCACATCG_013,63
CACCTCCAACAACCACATCG_014,173
CACCTCCAACAACCACATCG_015,173
AGTAACAGTGACTTCTCGCA_001,27
AGTAACAGTGACTTCTCGCA_002,194
GGCATGGAATACGGAGCCCG_001,129
GGCATGGAATACGGAGCCCG_002,135
GGCATGGAATACGGAGCCCG_003,180
GGCATGGAATACGGAGCCCG_004,67
GGCATGGAATACGGAGCCCG_005,176
GGCATGGAATACGGAGCCCG_006,41
GGCATGGAATACGGAGCCCG_007,53
GGCATGGAATACGGAGCCCG_008,87
GGCATGGAATACGGAGCCCG_009,197
GGCATGGAATACGGAGCCCG_010,13
GGCATGGAATACGGAGCCCG_011,176
GGCATGGAATACGGAGCCCG_012,198
GGCATGGAATACGGAGCCCG_013,33
CGTGGAACACCGGATCCGTG_001,181
CGTGGAACACCGGATCCGTG_002,198
CGTGGAACACCGGATCCGTG_003,70
CGTGGAACACCGGATCCGTG_004,148
CGTGGAACACCGGATCCGTG_005,98
CGTGGAACACCGGATCCGTG_006,40
CGTGGAACACCGGATCCGTG_007,112
CGTGGAACACCGGATCCGTG_008,50
CGTGGAACACCGGATCCGTG_009,46
CGTGGAACACCGGATCCGTG_010,9
AAATAATTAAGTATGCACAT_001,144
AAATAATTAAGTATGCACAT_002,97
AAATAATTAAGTATGCACAT_003,39
AAATAATTAAGTATGCACAT_004,96
AAATAATTAAGTATGCACAT_005,49
AAATAATTAAGTATGCACAT_006,57
AAATAATTAAGTATGCACAT_007,43
ACTGCAACTTTGGGACGACA_001,106
ACTGCAACTTTGGGACGACA_002,60
ACTGCAACTTTGGGACGACA_003,88
ACTGCAACTTTGGGACGACA_004,101
ACTGCAACTTTGGGACGACA_005,115
ACTGCAACTTTGGGACGACA_006,122
ACTGCAACTTTGGGACGACA_007,111
ACTGCAACTTTGGGACGACA_008,155
ACTGCAACTTTGGGACGACA_009,187
ACTGCAACTTTGGGACGACA_010,186
ACTGCAACTTTGGGACGACA_011,177
ACTGCAACTTTGGGACGACA_012,158
ACTGCAACTTTGGGACGACA_013,24
ACTGCAACTTTGGGACGACA_014,4
ACTGCAACTTTGGGACGACA_015,60
ACTGCAACTTTGGGACGACA_016,159
ACTGCAACTTTGGGACGACA_017,81
ACTGCAACTTTGGGACGACA_018,93
ACTGCAACTTTGGGACGACA_019,144
ACTGCAACTTTGGGACGACA_020,88
ACTGCAACTTTGGGACGACA_021,6
GAACACACTCTTTCTCCTGC_001,141
CAGCTGCTTGGATCGAACAG_001,127
CAGCTGCTTGGATCGAACAG_002,102
CAGCTGCTTGGATCGAACAG_003,183
CAGCTGCTTGGATCGAACAG_004,162
CAGCTGCTTGGATCGAACAG_005,15
CAGCTGCTTGGATCGAACAG_006,140
CAGCTGCTTGGATCGAACAG_007,38
CAGCTGCTTGGATCGAACAG_008,58
CAGCTGCTTGGATCGAACAG_009,30
CAGCTGCTTGGATCGAACAG_010,49
CAGCTGCTTGGATCGAACAG_011,8
CAGCTGCTTGGATCGAACAG_012,68
CAGCTGCTTGGATCGAACAG_013,112
CAGCTGCTTGGATCGAACAG_014,172
CAGCTGCTTGGATCGAACAG_015,129
CAGCTGCTTGGATCGAACAG_016,56
CAGCTGCTTGGATCGAACAG_017,166
CAGCTGCTTGGATCGAACAG_018,36
GCGGCCCGCGCCCTTCGAAG_001,185
GCGGCCCGCGCCCTTCGAAG_002,120
GCGGCCCGCGCCCTTCGAAG_003,141
GCGGCCCGCGCCCTTCGAAG_004,31
GCGGCCCGCGCCCTTCGAAG_005,174
GCGGCCCGCGCCCTTCGAAG_006,160
GCGGCCCGCGCCCTTCGAAG_007,196
GCGGCCCGCGCCCTTCGAAG_008,42
GCGGCCCGCGCCCTTCGAAG_009,41
GCGGCCCGCGCCCTTCGAAG_010,76
GCGGCCCGCGCCCTTCGAAG_011,191
GCGGCCCGCGCCCTTCGAAG_012,138
GCGGCCCGCGCCCTTCGAAG_013,94
TGGATGTCGCACAAAAAGCG_001,27
TGGATGTCGCACAAAAAGCG_002,142
TGGATGTCGCACAAAAAGCG_003,41
TGGATGTCGCACAAAAAGCG_004,60
TGGATGTCGCACAAAAAGCG_005,76
TGGATGTCGCACAAAAAGCG_006,169
TGGATGTCGCACAAAAAGCG_007,144
TGGATGTCGCACAAAAAGCG_008,2
TGGATGTCGCACAAAAAGCG_009,81
TGGATGTCGCACAAAAAGCG_010,158
TGGATGTCGCACAAAAAGCG_011,31
TGGATGTCGCACAAAAAGCG_012,83
TGGATGTCGCACAAAAAGCG_013,136
TGGATGTCGCACAAAAAGCG_014,13
TGGATGTCGCACAAAAAGCG_015,137
AGATGAAGCTATTCACGCAG_001,56
AGATGAAGCTATTCACGCAG_002,56
AGATGAAGCTATTCACGCAG_003,115
AGATGAAGCTATTCACGCAG_004,148
AGATGAAGCTATTCACGCAG_005,94
AGATGAAGCTATTCACGCAG_006,162
AGATGAAGCTATTCACGCAG_007,198
AGATGAAGCTATTCACGCAG_008,162
AGATGAAGCTATTCACGCAG_009,29
AGATGAAGCTATTCACGCAG_010,156
AGATGAAGCTATTCACGCAG_011,161
AGATGAAGCTATTCACGCAG_012,36
AGATGAAGCTATTCACGCAG_013,43
AGATGAAGCTATTCACGCAG_014,15
AGATGAAGCTATTCACGCAG_015,178
AGATGAAGCTATTCACGCAG_016,125
AGATGAAGCTATTCACGCAG_017,13
GATCCTGGGATAGATGGTGT_001,23
GATCCTGGGATAGATGGTGT_002,12
GATCCTGGGATAGATGGTGT_003,169
GATCCTGGGATAGATGGTGT_004,68
GATCCTGGGATAGATGGTGT_005,146
GATCCTGGGATAGATGGTGT_006,174
GATCCTGGGATAGATGGTGT_007,24
GATCCTGGGATAGATGGTGT_008,144
GATCCTGGGATAGATGGTGT_009,121
GATCCTGGGATAGATGGTGT_010,47
GATCCTGGGATAGATGGTGT_011,197
TTCAGAAGAGCCTAAACAAG_001,16
TTCAGAAGAGCCTAAACAAG_002,190
TTCAGAAGAGCCTAAACAAG_003,27
TTCAGAAGAGCCTAAACAAG_004,113
TTCAGAAGAGCCTAAACAAG_005,46
TTCAGAAGAGCCTAAACAAG_006,144
TTCAGAAGAGCCTAAACAAG_007,121
CTGGTCACATTAGACATCTG_001,19
CTGGTCACATTAGACATCTG_002,130
CTGGTCACATTAGACATCTG_003,170
CTGGTCACATTAGACATCTG_004,127
CTGGTCACATTAGACATCTG_005,127
CTGGTCACATTAGACATCTG_006,108
CTGGTCACATTAGACATCTG_007,116
CTGGTCACATTAGACATCTG_008,145
CTGGTCACATTAGACATCTG_009,1
CTGGTCACATTAGACATCTG_010,49
CTGGTCACATTAGACATCTG_011,142
CTCAGCGTGAAGGTGCCTCG_001,94
CTCAGCGTGAAGGTGCCTCG_002,118
CTCAGCGTGAAGGTGCCTCG_003,154
CTCAGCGTGAAGGTGCCTCG_004,126
CTCAGCGTGAAGGTGCCTCG_005,9
CTCAGCGTGAAGGTGCCTCG_006,115
CTCAGCGTGAAGGTGCCTCG_007,9
CTCAGCGTGAAGGTGCCTCG_008,10
GAAATAGAAAATGCTTAGGC_001,171
GAAATAGAAAATGCTTAGGC_002,12
GAAGATCACCAACTTGATGG_001,172
GAAGATCACCAACTTGATGG_002,170
GAAGATCACCAACTTGATGG_003,147
GAAGATCACCAACTTGATGG_004,122
GAAGATCACCAACTTGATGG_005,149
GAAGATCACCAACTTGATGG_006,75
GAAGATCACCAACTTGATGG_007,21
GAAGATCACCAACTTGATGG_008,166
GAAGATCACCAACTTGATGG_009,181
GCAGGTGGGGCACTCACTCG_001,4
GCAGGTGGGGCACTCACTCG_002,94
GCAGGTGGGGCACTCACTCG_003,175
GCAGGTGGGGCACTCACTCG_004,143
GCAGGTGGGGCACTCACTCG_005,175
GCAGGTGGGGCACTCACTCG_006,55
GCAGGTGGGGCACTCACTCG_007,83
GCAGGTGGGGCACTCACTCG_008,119
GCAGGTGGGGCACTCACTCG_009,83
GCAGGTGGGGCACTCACTCG_010,3
GCAGGTGGGGCACTCACTCG_011,162
GCAGGTGGGGCACTCACTCG_012,37
GCAGGTGGGGCACTCACTCG_013,52
GCAGGTGGGGCACTCACTCG_014,85
GCAGGTGGGGCACTCACTCG_015,31
GCAGGTGGGGCACTCACTCG_016,184
GCAGGTGGGGCACTCACTCG_017,163
GCAGGTGGGGCACTCACTCG_018,63
GCAGGTGGGGCACTCACTCG_019,49
GGGTGAATAGGGTTAAGTCC_001,186
GGGTGAATAGGGTTAAGTCC_002,196
GGGTGAATAGGGTTAAGTCC_003,62
GGGTGAATAGGGTTAAGTCC_004,100
GGGTGAATAGGGTTAAGTCC_005,106
GGGTGAATAGGGTTAAGTCC_006,162
GGGTGAATAGGGTTAAGTCC_007,162
CATTAGACTTGACTGCGGCG_001,141
CATTAGACTTGACTGCGGCG_002,102
CATTAGACTTGACTGCGGCG_003,53
CATTAGACTTGACTGCGGCG_004,182
CATTAGACTTGACTGCGGCG_005,29
CATTAGACTTGACTGCGGCG_006,81
CATTAGACTTGACTGCGGCG_007,153
GTCACGCAGCACACATCTAA_001,130
GTCACGCAGCACACATCTAA_002,181
GTCACGCAGCACACATCTAA_003,84
GTCACGCAGCACACATCTAA_004,158
GTCACGCAGCACACATCTAA_005,50
GTCACGCAGCACACATCTAA_006,168
GTCACGCAGCACACATCTAA_007,126
TCATGGCCACCGATTCGCTG_001,22
TCATGGCCACCGATTCGCTG_002,2
TCATGGCCACCGATTCGCTG_003,58
TCATGGCCACCGATTCGCTG_004,105
TCATGGCCACCGATTCGCTG_005,192
TCATGGCCACCGATTCGCTG_006,68
TCATGGCCACCGATTCGCTG_007,4
TCATGGCCACCGATTCGCTG_008,108
TCATGGCCACCGATTCGCTG_009,47
TCATGGCCACCGATTCGCTG_010,164
TCATGGCCACCGATTCGCTG_011,74
TCATGGCCACCGATTCGCTG_012,105
TCATGGCCACCGATTCGCTG_013,15
TCATGGCCACCGATTCGCTG_014,5
TCATGGCCACCGATTCGCTG_015,76
TCATGGCCACCGATTCGCTG_016,56
TCATGGCCACCGATTCGCTG_017,13
TCATGGCCACCGATTCGCTG_018,103
TCATGGCCACCGATTCGCTG_019,46
TCATGGCCACCGATTCGCTG_020,82
TCATGGCCACCGATTCGCTG_021,67
TCATGGCCACCGATTCGCTG_022,41
TCATGGCCACCGATTCGCTG_023,191
TCATGGCCACCGATTCGCTG_024,116
TCATGGCCACCGATTCGCTG_025,90
TGATGGTCAAATTCCTGACA_001,141
TGATGGTCAAATTCCTGACA_002,1
TGATGGTCAAATTCCTGACA_003,53
TGATGGTCAAATTCCTGACA_004,37
TGATGGTCAAATTCCTGACA_005,162
TGATGGTCAAATTCCTGACA_006,190
TGATGGTCAAATTCCTGACA_007,145
TGAAATGCAGATGCCCAACA_001,146
TGAAATGCAGATGCCCAACA_002,8
CTGGGTTACCAATCCACTTG_001,50
CTGGGTTACCAATCCACTTG_002,121
CTGGGTTACCAATCCACTTG_003,55
CTGGGTTACCAATCCACTTG_004,4
CTGGGTTACCAATCCACTTG_005,148
CTGGGTTACCAATCCACTTG_006,114
CTGGGTTACCAATCCACTTG_007,194
CTGGGTTACCAATCCACTTG_008,150
CGCCGAAGCGCTGGTCAAAG_001,58
CGCCGAAGCGCTGGTCAAAG_002,127
CTTCATCAAAGTTCTCCAGT_001,121
CTTCATCAAAGTTCTCCAGT_002,138
CTTCATCAAAGTTCTCCAGT_003,198
CTTCATCAAAGTTCTCCAGT_004,100
GCTGCTGCAAGATCTCATCG_001,7
GCTGCTGCAAGATCTCATCG_002,141
GCTGCTGCAAGATCTCATCG_003,188
GCTGCTGCAAGATCTCATCG_004,106
TGAAAGACTTGCCCTCCCGG_001,89
TGAAAGACTTGCCCTCCCGG_002,29
TGAAAGACTTGCCCTCCCGG_003,70
TGAAAGACTTGCCCTCCCGG_004,1
TGAAAGACTTGCCCTCCCGG_005,62
TGAAAGACTTGCCCTCCCGG_006,60
TGAAAGACTTGCCCTCCCGG_007,175
TGAAAGACTTGCCCTCCCGG_008,58
TGAAAGACTTGCCCTCCCGG_009,92
TGAAAGACTTGCCCTCCCGG_010,122
TGAAAGACTTGCCCTCCCGG_011,6
TGAAAGACTTGCCCTCCCGG_012,24
TGAAAGACTTGCCCTCCCGG_013,67
TGAAAGACTTGCCCTCCCGG_014,146
TGAAAGACTTGCCCTCCCGG_015,12
TGAAAGACTTGCCCTCCCGG_016,127
TGAAAGACTTGCCCTCCCGG_017,2
TGAAAGACTTGCCCTCCCGG_018,194
TGAAAGACTTGCCCTCCCGG_019,4
TGAAAGACTTGCCCTCCCGG_020,166
TGAAAGACTTGCCCTCCCGG_021,60
TGAAAGACTTGCCCTCCCGG_022,62
TGAAAGACTTGCCCTCCCGG_023,55
TGAAAGACTTGCCCTCCCGG_024,81
CGTCTTCATCATTGACGATG_001,153
CGTCTTCATCATTGACGATG_002,6
CGTCTTCATCATTGACGATG_003,178
CGTCTTCATCATTGACGATG_004,33
CGTCTTCATCATTGACGATG_005,129
CGTCTTCATCATTGACGATG_006,83
CGTCTTCATCATTGACGATG_007,17
CGTCTTCATCATTGACGATG_008,17
CGTCTTCATCATTGACGATG_009,176
CGTCTTCATCATTGACGATG_010,88
CGTCTTCATCATTGACGATG_011,62
CGTCTTCATCATTGACGATG_012,40
GCGCGCATAGGCCACGAACA_001,177
GCGCGCATAGGCCACGAACA_002,137
GCGCGCATAGGCCACGAACA_003,17
TGGCCAGACTGCGTTCCGAC_001,139
TGGCCAGACTGCGTTCCGAC_002,27
TGGCCAGACTGCGTTCCGAC_003,87
TGGCCAGACTGCGTTCCGAC_004,53
TGGCCAGACTGCGTTCCGAC_005,42
TGGCCAGACTGCGTTCCGAC_006,7
TGGCCAGACTGCGTTCCGAC_007,150
TGGCCAGACTGCGTTCCGAC_008,58
TGGCCAGACTGCGTTCCGAC_009,80
TGGCCAGACTGCGTTCCGAC_010,196
TGGCCAGACTGCGTTCCGAC_011,37
TGGCCAGACTGCGTTCCGAC_012,169
TGGCCAGACTGCGTTCCGAC_013,88
TGGCCAGACTGCGTTCCGAC_014,161
TGGCCAGACTGCGTTCCGAC_015,150
TGGCCAGACTGCGTTCCGAC_016,161
TCAAACTACTCGGCCAAAGG_001,21
TCAAACTACTCGGCCAAAGG_002,190
TCAAACTACTCGGCCAAAGG_003,130
TCAAACTACTCGGCCAAAGG_004,41
TCAAACTACTCGGCCAAAGG_005,170
TCAAACTACTCGGCCAAAGG_006,110
TCAAACTACTCGGCCAAAGG_007,7
TCAAACTACTCGGCCAAAGG_008,113
TCAAACTACTCGGCCAAAGG_009,20
TCAAACTACTCGGCCAAAGG_010,24
TCAAACTACTCGGCCAAAGG_011,186
TCAAACTACTCGGCCAAAGG_012,0
TCAAACTACTCGGCCAAAGG_013,142
TCAAACTACTCGGCCAAAGG_014,180
TCAAACTACTCGGCCAAAGG_015,66
TCAAACTACTCGGCCAAAGG_016,94
TCAAACTACTCGGCCAAAGG_017,9
TCAAACTACTCGGCCAAAGG_018,177
AACAAGACCCCAGATTACCG_001,154
AACAAGACCCCAGATTACCG_002,27
AACAAGACCCCAGATTACCG_003,158
AACAAGACCCCAGATTACCG_004,1
AACAAGACCCCAGATTACCG_005,118
AACAAGACCCCAGATTACCG_006,81
AACAAGACCCCAGATTACCG_007,160
AACAAGACCCCAGATTACCG_008,145
AACAAGACCCCAGATTACCG_009,66
AACAAGACCCCAGATTACCG_010,147
AAATGAACCTCGGTAACACG_001,166
AAATGAACCTCGGTAACACG_002,88
AAATGAACCTCGGTAACACG_003,137
AAATGAACCTCGGTAACACG_004,191
CCTTCAGAAAATCCGTTGAG_001,135
CCTTCAGAAAATCCGTTGAG_002,188
CCTTCAGAAAATCCGTTGAG_003,112
CCTTCAGAAAATCCGTTGAG_004,43
CCTTCAGAAAATCCGTTGAG_005,88
CCTTCAGAAAATCCGTTGAG_006,158
CCTTCAGAAAATCCGTTGAG_007,157
CCTTCAGAAAATCCGTTGAG_008,168
AAAACCGAGACCATTACGGC_001,141
AAAACCGAGACCATTACGGC_002,48
AAAACCGAGACCATTACGGC_003,141
AAAACCGAGACCATTACGGC_004,32
AAAACCGAGACCATTACGGC_005,198
AAAACCGAGACCATTACGGC_006,157
AAAACCGAGACCATTACGGC_007,187
AAAACCGAGACCATTACGGC_008,115
AAAACCGAGACCATTACGGC_009,163
AAAACCGAGACCATTACGGC_010,24
AAAACCGAGACCATTACGGC_011,49
AAAACCGAGACCATTACGGC_012,137
AAAACCGAGACCATTACGGC_013,9
AAAACCGAGACCATTACGGC_014,47
AAAACCGAGACCATTACGGC_015,158
CACATCCCTGACCCAACCTG_001,1
CACATCCCTGACCCAACCTG_002,64
CACATCCCTGACCCAACCTG_003,177
CACATCCCTGACCCAACCTG_004,109
CACATCCCTGACCCAACCTG_005,9
CACATCCCTGACCCAACCTG_006,190
CACATCCCTGACCCAACCTG_007,5
CACATCCCTGACCCAACCTG_008,180
CACATCCCTGACCCAACCTG_009,56
CACATCCCTGACCCAACCTG_010,104
CACATCCCTGACCCAACCTG_011,90
CCAGGCTGACCTGTTCACGA_001,57
CCAGGCTGACCTGTTCACGA_002,138
CCAGGCTGACCTGTTCACGA_003,142
CCTGGATGCCATCATCACAC_001,97
CCTGGATGCCATCATCACAC_002,148
CTTGGTTTGGGAATCAACTG_001,185
CTTGGTTTGGGAATCAACTG_002,27
CTTGGTTTGGGAATCAACTG_003,154
CTTGGTTTGGGAATCAACTG_004,149
CTTGGTTTGGGAATCAACTG_005,32
CTTGGTTTGGGAATCAACTG_006,158
CTTGGTTTGGGAATCAACTG_007,48
CTTGGTTTGGGAATCAACTG_008,188
CTTGGTTTGGGAATCAACTG_009,2
CTTGGTTTGGGAATCAACTG_010,48
CTTGGTTTGGGAATCAACTG_011,121
CTTGGTTTGGGAATCAACTG_012,130
CTTGGTTTGGGAATCAACTG_013,9
CTTGGTTTGGGAATCAACTG_014,38
CTTGGTTTGGGAATCAACTG_015,51
CTTGGTTTGGGAATCAACTG_016,115
CTTGGTTTGGGAATCAACTG_017,191
CTTGGTTTGGGAATCAACTG_018,134
CTTGGTTTGGGAATCAACTG_019,49
CTTGGTTTGGGAATCAACTG_020,105
CTTGGTTTGGGAATCAACTG_021,105
CTTGGTTTGGGAATCAACTG_022,72
CTTGGTTTGGGAATCAACTG_023,72
CTTGGTTTGGGAATCAACTG_024,192
CTTGGTTTGGGAATCAACTG_025,152
CTTGGTTTGGGAATCAACTG_026,54
AACAACTTCATCAACTAACT_001,81
AACAACTTCATCAACTAACT_002,183
AACAACTTCATCAACTAACT_003,44
AACAACTTCATCAACTAACT_004,56
AACAACTTCATCAACTAACT_005,174
AACAACTTCATCAACTAACT_006,69
AACAACTTCATCAACTAACT_007,102
AACAACTTCATCAACTAACT_008,64
AACAACTTCATCAACTAACT_009,37
CCTGTGAGAAGCACACCCGG_001,59
CCTGTGAGAAGCACACCCGG_002,127
CCTGTGAGAAGCACACCCGG_003,181
CCTGTGAGAAGCACACCCGG_004,54
CCTGTGAGAAGCACACCCGG_005,140
CCTGTGAGAAGCACACCCGG_006,34
CCTGTGAGAAGCACACCCGG_007,198
CCTGTGAGAAGCACACCCGG_008,137
CCTGTGAGAAGCACACCCGG_009,174
CCTGTGAGAAGCACACCCGG_010,112
CCTGTGAGAAGCACACCCGG_011,112
CCTGTGAGAAGCACACCCGG_012,37
CCTGTGAGAAGCACACCCGG_013,40
CCTGTGAGAAGCACACCCGG_014,22
CCTGTGAGAAGCACACCCGG_015,141
CCTGTGAGAAGCACACCCGG_016,9
CCTGTGAGAAGCACACCCGG_017,60
CCTGTGAGAAGCACACCCGG_018,66
CCTGTGAGAAGCACACCCGG_019,10
GAAAGGTCATCACAGAAACG_001,29
GAAAGGTCATCACAGAAACG_002,130
GAAAGGTCATCACAGAAACG_003,90
GAAAGGTCATCACAGAAACG_004,169
GAAAGGTCATCACAGAAACG_005,41
ACCTGCAGAGGTATCAATTG_001,24
ACCTGCAGAGGTATCAATTG_002,127
ACCTGCAGAGGTATCAATTG_003,68
ACCTGCAGAGGTATCAATTG_004,139
ACCTGCAGAGGTATCAATTG_005,190
ACCTGCAGAGGTATCAATTG_006,68
ACCTGCAGAGGTATCAATTG_007,9
ACCTGCAGAGGTATCAATTG_008,158
ACCTGCAGAGGTATCAATTG_009,9
GCCCCCCTCGGAAAACTCGT_001,17
GCCCCCCTCGGAAAACTCGT_002,90
GCCCCCCTCGGAAAACTCGT_003,182
GCCCCCCTCGGAAAACTCGT_004,158
GCCCCCCTCGGAAAACTCGT_005,188
GCCCCCCTCGGAAAACTCGT_006,86
GCCCCCCTCGGAAAACTCGT_007,26
GCCCCCCTCGGAAAACTCGT_008,107
GCCCCCCTCGGAAAACTCGT_009,43
GCCCCCCTCGGAAAACTCGT_010,190
GCCCCCCTCGGAAAACTCGT_011,91
GCCCCCCTCGGAAAACTCGT_012,30
GCCCCCCTCGGAAAACTCGT_013,130
GCCCCCCTCGGAAAACTCGT_014,37
GCCCCCCTCGGAAAACTCGT_015,40
CCAATTCCGGACGCACTGGG_001,154
CCAATTCCGGACGCACTGGG_002,85
CCAATTCCGGACGCACTGGG_003,168
CCAATTCCGGACGCACTGGG_004,88
CCAATTCCGGACGCACTGGG_005,106
CCAATTCCGGACGCACTGGG_006,102
CCAATTCCGGACGCACTGGG_007,42
CCAATTCCGGACGCACTGGG_008,116
CCAATTCCGGACGCACTGGG_009,142
CCAATTCCGGACGCACTGGG_010,88
CCAATTCCGGACGCACTGGG_011,12
CCAATTCCGGACGCACTGGG_012,183
CCAATTCCGGACGCACTGGG_013,199
CCAATTCCGGACGCACTGGG_014,188
CCAATTCCGGACGCACTGGG_015,55
CCAATTCCGGACGCACTGGG_016,169
CCAATTCCGGACGCACTGGG_017,198
CCAATTCCGGACGCACTGGG_018,118
CCAATTCCGGACGCACTGGG_019,118
CCAATTCCGGACGCACTGGG_020,102
CCAATTCCGGACGCACTGGG_021,50
CCAATTCCGGACGCACTGGG_022,184
CCAATTCCGGACGCACTGGG_023,113
CCAATTCCGGACGCACTGGG_024,50
CCAATTCCGGACGCACTGGG_025,159
CCAATTCCGGACGCACTGGG_026,95
CCAATTCCGGACGCACTGGG_027,56
CCAATTCCGGACGCACTGGG_028,105
CCAATTCCGGACGCACTGGG_029,90
CCAATTCCGGACGCACTGGG_030,8
CCAATTCCGGACGCACTGGG_031,157
CCAATTCCGGACGCACTGGG_032,43
CCAATTCCGGACGCACTGGG_033,179
CCAATTCCGGACGCACTGGG_034,84
CCAATTCCGGACGCACTGGG_035,119
CCAATTCCGGACGCACTGGG_036,105
CCAATTCCGGACGCACTGGG_037,83
CCAATTCCGGACGCACTGGG_038,197
CCAATTCCGGACGCACTGGG_039,166
CCAATTCCGGACGCACTGGG_040,122
CCAATTCCGGACGCACTGGG_041,52
CCAATTCCGGACGCACTGGG_042,40
CCAATTCCGGACGCACTGGG_043,137
CCAATTCCGGACGCACTGGG_044,48
CCAATTCCGGACGCACTGGG_045,42
CCAATTCCGGACGCACTGGG_046,102
CCAATTCCGGACGCACTGGG_047,165
CCAATTCCGGACGCACTGGG_048,30
CCAATTCCGGACGCACTGGG_049,52
CCAATTCCGGACGCACTGGG_050,6
CCAATTCCGGACGCACTGGG_051,113
CCAATTCCGGACGCACTGGG_052,191
GCGGCTTGGAAGATTTACAG_001,26
GCGGCTTGGAAGATTTACAG_002,6
GCGGCTTGGAAGATTTACAG_003,108
GCGGCTTGGAAGATTTACAG_004,169
GCGGCTTGGAAGATTTACAG_005,181
GCGGCTTGGAAGATTTACAG_006,154
GCGGCTTGGAAGATTTACAG_007,53
GCGGCTTGGAAGATTTACAG_008,26
GCGGCTTGGAAGATTTACAG_009,174
GCGGCTTGGAAGATTTACAG_010,148
GGGAACGAGCGCGATCACCA_001,83
GTGCACACGATCCTCGCCGC_001,169
GTGCACACGATCCTCGCCGC_002,127
GTGCACACGATCCTCGCCGC_003,88
GTGCACACGATCCTCGCCGC_004,194
GTGCACACGATCCTCGCCGC_005,165
GTGCACACGATCCTCGCCGC_006,99
GTGCACACGATCCTCGCCGC_007,99
GTGCATGGGTTCAACAGCTA_001,58
GTGCATGGGTTCAACAGCTA_002,172
GTGCATGGGTTCAACAGCTA_003,116
GTGCATGGGTTCAACAGCTA_004,70
GTGCATGGGTTCAACAGCTA_005,45
GTGCATGGGTTCAACAGCTA_006,112
GTGCATGGGTTCAACAGCTA_007,56
GTGCATGGGTTCAACAGCTA_008,161
GTGCATGGGTTCAACAGCTA_009,168
CCAGTGCTTGCACCCCGTGG_001,36
CCAGTGCTTGCACCCCGTGG_002,57
GAGTGCTGTCCCAATTGCCG_001,23
GAGTGCTGTCCCAATTGCCG_002,62
GAGTGCTGTCCCAATTGCCG_003,72
GAGTGCTGTCCCAATTGCCG_004,105
GAGTGCTGTCCCAATTGCCG_005,199
GAGTGCTGTCCCAATTGCCG_006,72
GGTGGTGTTGAAGAGCAGCA_001,103
GGTGGTGTTGAAGAGCAGCA_002,166
GGTGGTGTTGAAGAGCAGCA_003,123
GGTGGTGTTGAAGAGCAGCA_004,172
GGTGGTGTTGAAGAGCAGCA_005,92
GGTGGTGTTGAAGAGCAGCA_006,31
GGAAATTGTTTCTAGAAGCG_001,101
TGGCTATGACTAGATTCGTG_001,78
TGGCTATGACTAGATTCGTG_002,185
TGGCTATGACTAGATTCGTG_003,29
TGGCTATGACTAGATTCGTG_004,4
TGGCTATGACTAGATTCGTG_005,128
TGGCTATGACTAGATTCGTG_006,50
TGGCTATGACTAGATTCGTG_007,176
TGGCTATGACTAGATTCGTG_008,130
TGGCTATGACTAGATTCGTG_009,49
TGGCTATGACTAGATTCGTG_010,127
TGGCTATGACTAGATTCGTG_011,88
TGGCTATGACTAGATTCGTG_012,61
TGACTTGATCAGATATGCTA_001,149
TGACTTGATCAGATATGCTA_002,154
TGACTTGATCAGATATGCTA_003,150
TGACTTGATCAGATATGCTA_004,36
TGACTTGATCAGATATGCTA_005,82
ACTAAGGGTAGACTCAAAGG_001,92
ACTAAGGGTAGACTCAAAGG_002,88
ACTAAGGGTAGACTCAAAGG_003,114
ACTAAGGGTAGACTCAAAGG_004,78
AGCCACGATCCTCTTGATGG_001,159
AGCCACGATCCTCTTGATGG_002,48
TCAATCTCAAAATTTCAATG_001,191
TCAATCTCAAAATTTCAATG_002,191
TCAATCTCAAAATTTCAATG_003,159
TCAATCTCAAAATTTCAATG_004,53
TCAATCTCAAAATTTCAATG_005,166
TCAATCTCAAAATTTCAATG_006,165
TCAATCTCAAAATTTCAATG_007,133
TCAATCTCAAAATTTCAATG_008,118
GGCTGGCACCCAACATCGAT_001,41
GGCTGGCACCCAACATCGAT_002,96
GGCTGGCACCCAACATCGAT_003,21
GGCTGGCACCCAACATCGAT_004,50
GGCTGGCACCCAACATCGAT_005,112
GGCTGGCACCCAACATCGAT_006,178
GGCTGGCACCCAACATCGAT_007,123
GCAGGCGATGTAGACGCACG_001,193
GCAGGCGATGTAGACGCACG_002,98
GCAGGCGATGTAGACGCACG_003,151
GCAGGCGATGTAGACGCACG_004,48
GCAGGCGATGTAGACGCACG_005,101
GCAGGCGATGTAGACGCACG_006,139
CATCCGTGTCAACGCCACCA_001,42
CATCCGTGTCAACGCCACCA_002,42
CATCCGTGTCAACGCCACCA_003,91
CATCCGTGTCAACGCCACCA_004,172
CATCCGTGTCAACGCCACCA_005,1
CATCCGTGTCAACGCCACCA_006,148
CATCCGTGTCAACGCCACCA_007,115
CATCCGTGTCAACGCCACCA_008,1
CATCCGTGTCAACGCCACCA_009,103
CATCCGTGTCAACGCCACCA_010,184
CATCCGTGTCAACGCCACCA_011,1
CATCCGTGTCAACGCCACCA_012,130
GAAGATGGCGCTCACCAGGT_001,179
GCACTTTGTTTGGCCTACTG_001,12
GCACTTTGTTTGGCCTACTG_002,121
GCACTTTGTTTGGCCTACTG_003,56
GCACTTTGTTTGGCCTACTG_004,8
GCACTTTGTTTGGCCTACTG_005,172
GCACTTTGTTTGGCCTACTG_006,73
GCACTTTGTTTGGCCTACTG_007,165
GCACTTTGTTTGGCCTACTG_008,169
GCACTTTGTTTGGCCTACTG_009,125
GCACTTTGTTTGGCCTACTG_010,44
GCACTTTGTTTGGCCTACTG_011,104
GCACTTTGTTTGGCCTACTG_012,121
GCACTTTGTTTGGCCTACTG_013,53
GCACTTTGTTTGGCCTACTG_014,29
GCACTTTGTTTGGCCTACTG_015,55
GCACTTTGTTTGGCCTACTG_016,13
GCACTTTGTTTGGCCTACTG_017,144
GCACTTTGTTTGGCCTACTG_018,50
GCACTTTGTTTGGCCTACTG_019,172
GCACTTTGTTTGGCCTACTG_020,40
GCACTTTGTTTGGCCTACTG_021,15
GCACTTTGTTTGGCCTACTG_022,149
CATGACACACTACTTGAGAG_001,77
CATGACACACTACTTGAGAG_002,191
CATGACACACTACTTGAGAG_003,15
CATGACACACTACTTGAGAG_004,52
CATGACACACTACTTGAGAG_005,34
CATGACACACTACTTGAGAG_006,43
ACGGGATCTTACCGAAAGAT_001,126
ACGGGATCTTACCGAAAGAT_002,169
ACGGGATCTTACCGAAAGAT_003,11
ACGGGATCTTACCGAAAGAT_004,186
ACGGGATCTTACCGAAAGAT_005,2
GCCATCGTTCTCCTGGAATG_001,55
GCCATCGTTCTCCTGGAATG_002,162
GCCATCGTTCTCCTGGAATG_003,77
GCCATCGTTCTCCTGGAATG_004,72
GCCATCGTTCTCCTGGAATG_005,115
GCCATCGTTCTCCTGGAATG_006,166
GCCATCGTTCTCCTGGAATG_007,91
GCCATCGTTCTCCTGGAATG_008,22
CTCCAGGTCTCTCCGACACT_001,134
CAGTGGTTGAGGGAAATCGT_001,145
CAGTGGTTGAGGGAAATCGT_002,189
CAGTGGTTGAGGGAAATCGT_003,184
CAGTGGTTGAGGGAAATCGT_004,14
CAGTGGTTGAGGGAAATCGT_005,84
CAGTGGTTGAGGGAAATCGT_006,30
CAGTGGTTGAGGGAAATCGT_007,177
CAGTGGTTGAGGGAAATCGT_008,166
CAGTGGTTGAGGGAAATCGT_009,34
CAGTGGTTGAGGGAAATCGT_010,174
CAGTGGTTGAGGGAAATCGT_011,3
TCAACATGGTCATTAAACCA_001,62
TCAACATGGTCATTAAACCA_002,147
TCAACATGGTCATTAAACCA_003,102
TCAACATGGTCATTAAACCA_004,101
TCAACATGGTCATTAAACCA_005,181
TCAACATGGTCATTAAACCA_006,141
TCAACATGGTCATTAAACCA_007,41
TCAACATGGTCATTAAACCA_008,161
TCAACATGGTCATTAAACCA_009,177
TCAACATGGTCATTAAACCA_010,98
TCAACATGGTCATTAAACCA_011,41
TCAACATGGTCATTAAACCA_012,15
TCAACATGGTCATTAAACCA_013,38
TCAACATGGTCATTAAACCA_014,169
TCAACATGGTCATTAAACCA_015,115
TCAACATGGTCATTAAACCA_016,10
TCACCACAAAAGTCCTTCTG_001,89
TCACCACAAAAGTCCTTCTG_002,69
TCACCACAAAAGTCCTTCTG_003,93
TCACCACAAAAGTCCTTCTG_004,83
TCACCACAAAAGTCCTTCTG_005,62
TCACCACAAAAGTCCTTCTG_006,83
TCACCACAAAAGTCCTTCTG_007,82
TCACCACAAAAGTCCTTCTG_008,117
TCACCACAAAAGTCCTTCTG_009,36
TCACCACAAAAGTCCTTCTG_010,178
TCACCACAAAAGTCCTTCTG_011,199
TCACCACAAAAGTCCTTCTG_012,115
TCACCACAAAAGTCCTTCTG_013,101
TCACCACAAAAGTCCTTCTG_014,168
TCACCACAAAAGTCCTTCTG_015,90
TCACCACAAAAGTCCTTCTG_016,68
TCACCACAAAAGTCCTTCTG_017,197
TCACCACAAAAGTCCTTCTG_018,88
TCACCACAAAAGTCCTTCTG_019,197
TCCTGAATGTCTCTTACTTG_001,147
TGAGATTCAGAAACCTGGCT_001,29
TGAGATTCAGAAACCTGGCT_002,33
TGAGATTCAGAAACCTGGCT_003,9
TGAGATTCAGAAACCTGGCT_004,24
TGAGATTCAGAAACCTGGCT_005,144
TGAGATTCAGAAACCTGGCT_006,6
TGAGATTCAGAAACCTGGCT_007,182
TGAGATTCAGAAACCTGGCT_008,126
GTACCTAACGACGAAAGGTG_001,53
GTACCTAACGACGAAAGGTG_002,27
GTACCTAACGACGAAAGGTG_003,146
GTACCTAACGACGAAAGGTG_004,168
GTACCTAACGACGAAAGGTG_005,35
GTACCTAACGACGAAAGGTG_006,172
GTACCTAACGACGAAAGGTG_007,50
TTTGCTGGCACTGCTGAGGT_001,23
TTTGCTGGCACTGCTGAGGT_002,23
TTTGCTGGCACTGCTGAGGT_003,9
TTTGCTGGCACTGCTGAGGT_004,97
TTTGCTGGCACTGCTGAGGT_005,32
TTTGCTGGCACTGCTGAGGT_006,142
TTTGCTGGCACTGCTGAGGT_007,153
TTTGCTGGCACTGCTGAGGT_008,121
TTTGCTGGCACTGCTGAGGT_009,185
TGTGCAGAAGGACCTAAATG_001,65
TGTGCAGAAGGACCTAAATG_002,105
TGTGCAGAAGGACCTAAATG_003,151
TGTGCAGAAGGACCTAAATG_004,45
TGTGCAGAAGGACCTAAATG_005,8
TGTGCAGAAGGACCTAAATG_006,146
TGTGCAGAAGGACCTAAATG_007,190
TGTGCAGAAGGACCTAAATG_008,198
TGTGCAGAAGGACCTAAATG_009,172
TGTGCAGAAGGACCTAAATG_010,12
GAAGTTCTATGAAGGGACTG_001,140
GAAGTTCTATGAAGGGACTG_002,81
GAAGTTCTATGAAGGGACTG_003,120
GAAGTTCTATGAAGGGACTG_004,199
GAAGTTCTATGAAGGGACTG_005,175
GAAGTTCTATGAAGGGACTG_006,2
GAAGTTCTATGAAGGGACTG_007,150
GAGTCAAGTGATCAGTGCTG_001,60
GAGTCAAGTGATCAGTGCTG_002,160
GAGTCAAGTGATCAGTGCTG_003,135
GAGTCAAGTGATCAGTGCTG_004,163
GAGTCAAGTGATCAGTGCTG_005,176
GAGTCAAGTGATCAGTGCTG_006,41
GAGTCAAGTGATCAGTGCTG_007,7
GAGTCAAGTGATCAGTGCTG_008,154
GAGTCAAGTGATCAGTGCTG_009,0
GAGTCAAGTGATCAGTGCTG_010,160
GAGTCAAGTGATCAGTGCTG_011,93
GAGTCAAGTGATCAGTGCTG_012,147
GAGTCAAGTGATCAGTGCTG_013,178
GAGTCAAGTGATCAGTGCTG_014,33
GAGTCAAGTGATCAGTGCTG_015,85
GAGTCAAGTGATCAGTGCTG_016,26
GAGTCAAGTGATCAGTGCTG_017,167
GAGTCAAGTGATCAGTGCTG_018,147
GAGTCAAGTGATCAGTGCTG_019,2
GAGTCAAGTGATCAGTGCTG_020,138
GAGTCAAGTGATCAGTGCTG_021,191
GAGTCAAGTGATCAGTGCTG_022,169
GAGTCAAGTGATCAGTGCTG_023,27
GAGTCAAGTGATCAGTGCTG_024,27
GAGTCAAGTGATCAGTGCTG_025,102
GATCCGTGCACCAGTACCAG_001,77
GATCCGTGCACCAGTACCAG_002,156
GATCCGTGCACCAGTACCAG_003,60
GATCCGTGCACCAGTACCAG_004,139
GATCCGTGCACCAGTACCAG_005,76
GATCCGTGCACCAGTACCAG_006,96
GATCCGTGCACCAGTACCAG_007,156
GATCCGTGCACCAGTACCAG_008,34
GATCCGTGCACCAGTACCAG_009,132
GATCCGTGCACCAGTACCAG_010,19
GATCCGTGCACCAGTACCAG_011,140
GATCCGTGCACCAGTACCAG_012,162
GATCCGTGCACCAGTACCAG_013,10
GATCCGTGCACCAGTACCAG_014,138
GATCCGTGCACCAGTACCAG_015,80
GATCCGTGCACCAGTACCAG_016,161
GATCCGTGCACCAGTACCAG_017,124
GATCCGTGCACCAGTACCAG_018,134
GATCCGTGCACCAGTACCAG_019,115
GATCCGTGCACCAGTACCAG_020,138
GATCCGTGCACCAGTACCAG_021,142
GATCCGTGCACCAGTACCAG_022,141
GATCCGTGCACCAGTACCAG_023,137
CATGACAGTGCTCCTAGGAG_001,175
CATGACAGTGCTCCTAGGAG_002,58
GCGGCGCGGGAGAAACCACG_001,54
GCGGCGCGGGAGAAACCACG_002,81
GCGGCGCGGGAGAAACCACG_003,34
GCGGCGCGGGAGAAACCACG_004,185
GCGGCGCGGGAGAAACCACG_005,49
GCGGCGCGGGAGAAACCACG_006,153
AACCTCCAGAGCTGAAGTCG_001,126
AACCTCCAGAGCTGAAGTCG_002,78
AACCTCCAGAGCTGAAGTCG_003,176
AACCTCCAGAGCTGAAGTCG_004,198
AACCTCCAGAGCTGAAGTCG_005,101
AACCTCCAGAGCTGAAGTCG_006,50
AACCTCCAGAGCTGAAGTCG_007,127
AACCTCCAGAGCTGAAGTCG_008,158
AACCTCCAGAGCTGAAGTCG_009,183
AACCTCCAGAGCTGAAGTCG_010,168
AACCTCCAGAGCTGAAGTCG_011,38
AACCTCCAGAGCTGAAGTCG_012,169
AACCTCCAGAGCTGAAGTCG_013,85
AACCTCCAGAGCTGAAGTCG_014,33
AACCTCCAGAGCTGAAGTCG_015,177
AACCTCCAGAGCTGAAGTCG_016,117
AACCTCCAGAGCTGAAGTCG_017,150
AACCTCCAGAGCTGAAGTCG_018,172
AACCTCCAGAGCTGAAGTCG_019,119
AACCTCCAGAGCTGAAGTCG_020,119
AACCTCCAGAGCTGAAGTCG_021,168
GGAAAAACTGGAGTAAACTC_001,139
GGAAAAACTGGAGTAAACTC_002,146
GGAAAAACTGGAGTAAACTC_003,103
GGAAAAACTGGAGTAAACTC_004,190
GGAAAAACTGGAGTAAACTC_005,105
GGAAAAACTGGAGTAAACTC_006,88
GGAAAAACTGGAGTAAACTC_007,38
GGTGGTCGTCTACTACAGTG_001,66
GGTGGTCGTCTACTACAGTG_002,12
GGTGGTCGTCTACTACAGTG_003,160
GGTGGTCGTCTACTACAGTG_004,29
GTGGTGTGCAGCTTGATCGG_001,105
GTGGTGTGCAGCTTGATCGG_002,63
GTGGTGTGCAGCTTGATCGG_003,17
GTGGTGTGCAGCTTGATCGG_004,2
GTGGTGTGCAGCTTGATCGG_005,121
GTGGTGTGCAGCTTGATCGG_006,41
GTGGTGTGCAGCTTGATCGG_007,127
GTGGTGTGCAGCTTGATCGG_008,94
GTGGTGTGCAGCTTGATCGG_009,89
GTGGTGTGCAGCTTGATCGG_010,6
GTGGTGTGCAGCTTGATCGG_011,182
GTGGTGTGCAGCTTGATCGG_012,160
GTGGTGTGCAGCTTGATCGG_013,60
GTGGTGTGCAGCTTGATCGG_014,146
GTGGTGTGCAGCTTGATCGG_015,1
GTGGTGTGCAGCTTGATCGG_016,140
GTGGTGTGCAGCTTGATCGG_017,127
GTGGTGTGCAGCTTGATCGG_018,98
GTGGTGTGCAGCTTGATCGG_019,94
GTGGTGTGCAGCTTGATCGG_020,77
GTGGTGTGCAGCTTGATCGG_021,174
GTGGTGTGCAGCTTGATCGG_022,158
GTGGTGTGCAGCTTGATCGG_023,88
GTGGTGTGCAGCTTGATCGG_024,17
ACTTTGTGGCCGAATGCAGG_001,55
ACTTTGTGGCCGAATGCAGG_002,170
ACTTTGTGGCCGAATGCAGG_003,194
ACTTTGTGGCCGAATGCAGG_004,61
ACTTTGTGGCCGAATGCAGG_005,176
ACTTTGTGGCCGAATGCAGG_006,58
ACTTTGTGGCCGAATGCAGG_007,158
ACTTGAAAGTTAGTGCCCAT_001,12
ACTTGAAAGTTAGTGCCCAT_002,107
ACTTGAAAGTTAGTGCCCAT_003,148
ACTTGAAAGTTAGTGCCCAT_004,175
ACTTGAAAGTTAGTGCCCAT_005,149
ACTTGAAAGTTAGTGCCCAT_006,111
ACTTGAAAGTTAGTGCCCAT_007,5
ACTTGAAAGTTAGTGCCCAT_008,44
ACTTGAAAGTTAGTGCCCAT_009,184
ACTTGAAAGTTAGTGCCCAT_010,174
ACTTGAAAGTTAGTGCCCAT_011,60
ACTTGAAAGTTAGTGCCCAT_012,113
GATGCTATCACCACACTCCG_001,117
GATGCTATCACCACACTCCG_002,14
GATGCTATCACCACACTCCG_003,198
GATGCTATCACCACACTCCG_004,63
GATGCTATCACCACACTCCG_005,138
GGTGGGTCCGGCATACGCCC_001,129
GGTGGGTCCGGCATACGCCC_002,86
GGTGGGTCCGGCATACGCCC_003,11
GGTGGGTCCGGCATACGCCC_004,63
GGCCACGTAGTCATTGCAGG_001,121
GGCCACGTAGTCATTGCAGG_002,183
GGCCACGTAGTCATTGCAGG_003,85
GGCCACGTAGTCATTGCAGG_004,43
GGCCACGTAGTCATTGCAGG_005,62
GGCCACGTAGTCATTGCAGG_006,141
GGCCACGTAGTCATTGCAGG_007,162
GGCCACGTAGTCATTGCAGG_008,188
GGCCACGTAGTCATTGCAGG_009,169
GGCCACGTAGTCATTGCAGG_010,191
GGCCACGTAGTCATTGCAGG_011,6
ATGGTGGGTTTACCAGCTCG_001,16
ATGGTGGGTTTACCAGCTCG_002,169
ATGGTGGGTTTACCAGCTCG_003,29
ATGGTGGGTTTACCAGCTCG_004,42
ATGGTGGGTTTACCAGCTCG_005,193
ATGGTGGGTTTACCAGCTCG_006,102
ATGGTGGGTTTACCAGCTCG_007,161
ATGGTGGGTTTACCAGCTCG_008,40
ATGGTGGGTTTACCAGCTCG_009,144
ATGGTGGGTTTACCAGCTCG_010,87
ATGGTGGGTTTACCAGCTCG_011,50
ATGGTGGGTTTACCAGCTCG_012,88
ATGGTGGGTTTACCAGCTCG_013,78
ATGGTGGGTTTACCAGCTCG_014,9
ATGGTGGGTTTACCAGCTCG_015,88
ATGGTGGGTTTACCAGCTCG_016,108
ATGGTGGGTTTACCAGCTCG_017,109
ATGGTGGGTTTACCAGCTCG_018,49
ATGGTGGGTTTACCAGCTCG_019,141
ATGGTGGGTTTACCAGCTCG_020,1
ATGGTGGGTTTACCAGCTCG_021,128
ATGGTGGGTTTACCAGCTCG_022,49
ATGGTGGGTTTACCAGCTCG_023,89
ATGGTGGGTTTACCAGCTCG_024,191
ATGGTGGGTTTACCAGCTCG_025,183
CCTTCTGGGGCCGCCAACGT_001,27
CCTTCTGGGGCCGCCAACGT_002,50
CCTTCTGGGGCCGCCAACGT_003,169
CCTTCTGGGGCCGCCAACGT_004,89
CCTTCTGGGGCCGCCAACGT_005,131
CCTTCTGGGGCCGCCAACGT_006,15
CCTTCTGGGGCCGCCAACGT_007,9
CCAGCTCAGGATCCACGAAG_001,190
CCAGCTCAGGATCCACGAAG_002,15
CCAGCTCAGGATCCACGAAG_003,69
CCAGCTCAGGATCCACGAAG_004,56
CCAGCTCAGGATCCACGAAG_005,137
CCAGCTCAGGATCCACGAAG_006,127
AAGACTGGAAGCATCGAAGA_001,163
AAGACTGGAAGCATCGAAGA_002,174
AAGACTGGAAGCATCGAAGA_003,106
AAGACTGGAAGCATCGAAGA_004,28
GAGAGTGAACTTGATGACCC_001,23
GAGAGTGAACTTGATGACCC_002,75
AAGCAGCTTCCCAGAACTCG_001,170
AAGCAGCTTCCCAGAACTCG_002,5
AAGCAGCTTCCCAGAACTCG_003,150
AAGCAGCTTCCCAGAACTCG_004,8
AAGCAGCTTCCCAGAACTCG_005,96
ATAGTCATGAGGTAGCTGCG_001,103
ATAGTCATGAGGTAGCTGCG_002,34
ATAGTCATGAGGTAGCTGCG_003,78
ATAGTCATGAGGTAGCTGCG_004,199
ATAGTCATGAGGTAGCTGCG_005,94
ATAGTCATGAGGTAGCTGCG_006,48
ATAGTCATGAGGTAGCTGCG_007,158
ATAGTCATGAGGTAGCTGCG_008,72
ATAGTCATGAGGTAGCTGCG_009,81
ATAGTCATGAGGTAGCTGCG_010,157
ATAGTCATGAGGTAGCTGCG_011,63
ATAGTCATGAGGTAGCTGCG_012,132
ATAGTCATGAGGTAGCTGCG_013,128
ATAGTCATGAGGTAGCTGCG_014,17
ATAGTCATGAGGTAGCTGCG_015,30
ATAGTCATGAGGTAGCTGCG_016,28
ATAGTCATGAGGTAGCTGCG_017,172
ATAGTCATGAGGTAGCTGCG_018,91
ATAGTCATGAGGTAGCTGCG_019,165
ATAGTCATGAGGTAGCTGCG_020,191
ATAGTCATGAGGTAGCTGCG_021,141
ATAGTCATGAGGTAGCTGCG_022,77
ATAGTCATGAGGTAGCTGCG_023,144
ATAGTCATGAGGTAGCTGCG_024,148
ATAGTCATGAGGTAGCTGCG_025,87
CATTCTAGAAACGACAACCA_001,25
CATTCTAGAAACGACAACCA_002,158
CATTCTAGAAACGACAACCA_003,103
CATTCTAGAAACGACAACCA_004,98
CATTCTAGAAACGACAACCA_005,147
CATTCTAGAAACGACAACCA_006,194
CATTCTAGAAACGACAACCA_007,172
CATTCTAGAAACGACAACCA_008,155
CATTCTAGAAACGACAACCA_009,5
CATTCTAGAAACGACAACCA_010,134
CATTCTAGAAACGACAACCA_011,58
CATTCTAGAAACGACAACCA_012,114
CATTCTAGAAACGACAACCA_013,12
CATTCTAGAAACGACAACCA_014,187
GGTAATCAGGACATAGAACA_001,50
GGTAATCAGGACATAGAACA_002,58
TCAACAACTCACGTCAGAGA_001,67
TCAACAACTCACGTCAGAGA_002,171
ATCATCTTGGAATGAAAGCA_001,111
ATCATCTTGGAATGAAAGCA_002,34
ATCATCTTGGAATGAAAGCA_003,67
ATCATCTTGGAATGAAAGCA_004,153
TGCCTATGACCTAGGTACCA_001,2
TGCCTATGACCTAGGTACCA_002,141
TGCCTATGACCTAGGTACCA_003,191
TGCCTATGACCTAGGTACCA_004,69
TGCCTATGACCTAGGTACCA_005,9
TGCCTATGACCTAGGTACCA_006,178
TGCCTATGACCTAGGTACCA_007,18
TGCCTATGACCTAGGTACCA_008,137
TGCCTATGACCTAGGTACCA_009,96
TGCCTATGACCTAGGTACCA_010,170
TGCCTATGACCTAGGTACCA_011,25
TGCCTATGACCTAGGTACCA_012,196
TGCCTATGACCTAGGTACCA_013,97
TGCCTATGACCTAGGTACCA_014,192
TGCCTATGACCTAGGTACCA_015,184
TGCCTATGACCTAGGTACCA_016,27
TGCCTATGACCTAGGTACCA_017,17
TGCCTATGACCTAGGTACCA_018,48
TGCCTATGACCTAGGTACCA_019,78
TGCCTATGACCTAGGTACCA_020,127
TGCCTATGACCTAGGTACCA_021,184
TGCCTATGACCTAGGTACCA_022,88
TGCCTATGACCTAGGTACCA_023,17
TGCCTATGACCTAGGTACCA_024,198
TGCCTATGACCTAGGTACCA_025,52
TGCCTATGACCTAGGTACCA_026,190
TGCCTATGACCTAGGTACCA_027,120
AGTGGGAAGCATCATTGTGT_001,92
AGTGGGAAGCATCATTGTGT_002,25
AGTGGGAAGCATCATTGTGT_003,177
AGTGGGAAGCATCATTGTGT_004,107
AGTGGGAAGCATCATTGTGT_005,72
AGTGGGAAGCATCATTGTGT_006,191
AGTGGGAAGCATCATTGTGT_007,50
AGTGGGAAGCATCATTGTGT_008,103
AGTGGGAAGCATCATTGTGT_009,81
AGTGGGAAGCATCATTGTGT_010,53
AGTGGGAAGCATCATTGTGT_011,126
AGTGGGAAGCATCATTGTGT_012,180
AGTGGGAAGCATCATTGTGT_013,10
AGTGGGAAGCATCATTGTGT_014,62
AGTGGGAAGCATCATTGTGT_015,136
AGTGGGAAGCATCATTGTGT_016,141
GATTACCTGAGCATACTCTG_001,35
GATTACCTGAGCATACTCTG_002,77
GATTACCTGAGCATACTCTG_003,105
GATTACCTGAGCATACTCTG_004,44
GATTACCTGAGCATACTCTG_005,68
GATTACCTGAGCATACTCTG_006,136
GATTACCTGAGCATACTCTG_007,63
GCGGACCGTACCCGGTACTC_001,102
GCGGACCGTACCCGGTACTC_002,30
GCGGACCGTACCCGGTACTC_003,174
GCGGACCGTACCCGGTACTC_004,94
GCGGACCGTACCCGGTACTC_005,98
GCGGACCGTACCCGGTACTC_006,197
GCGGACCGTACCCGGTACTC_007,171
GCGGACCGTACCCGGTACTC_008,120
GCGGACCGTACCCGGTACTC_009,173
GCGGACCGTACCCGGTACTC_010,173
CATGAGGCTGTCCATCTCGG_001,36
CATGAGGCTGTCCATCTCGG_002,74
ACATACCCTTAGGAATGTCT_001,1
ACATACCCTTAGGAATGTCT_002,148
ACATACCCTTAGGAATGTCT_003,140
ACATACCCTTAGGAATGTCT_004,88
CTTTCTGATACCATGAAAAC_001,101
GCTCGTAGTAGAGGTACACT_001,57
GCTCGTAGTAGAGGTACACT_002,26
GCTCGTAGTAGAGGTACACT_003,58
GCTCGTAGTAGAGGTACACT_004,184
GCTCGTAGTAGAGGTACACT_005,40
GCTCGTAGTAGAGGTACACT_006,28
GCTCGTAGTAGAGGTACACT_007,82
GCTCGTAGTAGAGGTACACT_008,48
GCTCGTAGTAGAGGTACACT_009,60
GCTCGTAGTAGAGGTACACT_010,41
GCTCGTAGTAGAGGTACACT_011,61
GCTCGTAGTAGAGGTACACT_012,197
GCTCGTAGTAGAGGTACACT_013,6
GCTCGTAGTAGAGGTACACT_014,188
GCTCGTAGTAGAGGTACACT_015,149
GCTCGTAGTAGAGGTACACT_016,27
GCTCGTAGTAGAGGTACACT_017,18
GCTCGTAGTAGAGGTACACT_018,191
GCTCGTAGTAGAGGTACACT_019,90
GCTCGTAGTAGAGGTACACT_020,1
GAGAAGCACTGAGAACGTAG_001,50
GAGAAGCACTGAGAACGTAG_002,195
GAGAAGCACTGAGAACGTAG_003,75
GAGAAGCACTGAGAACGTAG_004,12
GAGAAGCACTGAGAACGTAG_005,42
GAGAAGCACTGAGAACGTAG_006,62
GAGAAGCACTGAGAACGTAG_007,19
CCTCCGCAAATGGACTGAGA_001,170
CCTCCGCAAATGGACTGAGA_002,194
CCTCCGCAAATGGACTGAGA_003,42
CCTCCGCAAATGGACTGAGA_004,30
CCTCCGCAAATGGACTGAGA_005,112
CCTCCGCAAATGGACTGAGA_006,65
CCTCCGCAAATGGACTGAGA_007,9
CCTCCGCAAATGGACTGAGA_008,62
CCTCCGCAAATGGACTGAGA_009,2
CCTCCGCAAATGGACTGAGA_010,155
CCTCCGCAAATGGACTGAGA_011,118
CCTCCGCAAATGGACTGAGA_012,68
CCAGCCCCACTCGCACACGG_001,130
CCAGCCCCACTCGCACACGG_002,172
CCAGCCCCACTCGCACACGG_003,118
CCAGCCCCACTCGCACACGG_004,138
CCAGCCCCACTCGCACACGG_005,116
CCAGCCCCACTCGCACACGG_006,134
CCAGCCCCACTCGCACACGG_007,174
CCAGCCCCACTCGCACACGG_008,158
CCAGCCCCACTCGCACACGG_009,111
CCAGCCCCACTCGCACACGG_010,113
CCAGCCCCACTCGCACACGG_011,108
CCAGCCCCACTCGCACACGG_012,100
CCAGCCCCACTCGCACACGG_013,83
CCAGCCCCACTCGCACACGG_014,101
CCAGCCCCACTCGCACACGG_015,14
CCAGCCCCACTCGCACACGG_016,172
CCAGCCCCACTCGCACACGG_017,57
CCAGCCCCACTCGCACACGG_018,140
CCAGCCCCACTCGCACACGG_019,42
ATGCGGGAGCAGTACATGCG_001,147
ATGCGGGAGCAGTACATGCG_002,16
ATGCGGGAGCAGTACATGCG_003,56
ATGCGGGAGCAGTACATGCG_004,161
ATGCGGGAGCAGTACATGCG_005,57
ATGCGGGAGCAGTACATGCG_006,159
ATGCGGGAGCAGTACATGCG_007,35
ATGCGGGAGCAGTACATGCG_008,2
ATGCGGGAGCAGTACATGCG_009,105
ATGCGGGAGCAGTACATGCG_010,185
ATGCGGGAGCAGTACATGCG_011,166
ATGCGGGAGCAGTACATGCG_012,162
ATGCGGGAGCAGTACATGCG_013,165
ATGCGGGAGCAGTACATGCG_014,82
CCGCTGGCTTGTACCACGCG_001,63
CCGCTGGCTTGTACCACGCG_002,169
CCGCTGGCTTGTACCACGCG_003,180
CCGCTGGCTTGTACCACGCG_004,182
ATGATTGGAGTGATGTCAGG_001,117
ATGATTGGAGTGATGTCAGG_002,72
ATGATTGGAGTGATGTCAGG_003,172
ATGATTGGAGTGATGTCAGG_004,69
ATGATTGGAGTGATGTCAGG_005,75
ATGATTGGAGTGATGTCAGG_006,68
ATGATTGGAGTGATGTCAGG_007,189
ATGATTGGAGTGATGTCAGG_008,150
ATGATTGGAGTGATGTCAGG_009,144
ATGATTGGAGTGATGTCAGG_010,42
ATGATTGGAGTGATGTCAGG_011,107
ATGATTGGAGTGATGTCAGG_012,194
ATGATTGGAGTGATGTCAGG_013,2
ATGATTGGAGTGATGTCAGG_014,127
ATGATTGGAGTGATGTCAGG_015,82
ATGATTGGAGTGATGTCAGG_016,197
ATGATTGGAGTGATGTCAGG_017,156
ATGATTGGAGTGATGTCAGG_018,115
ATGATTGGAGTGATGTCAGG_019,148
ATGATTGGAGTGATGTCAGG_020,34
ATGATTGGAGTGATGTCAGG_021,49
ATGATTGGAGTGATGTCAGG_022,178
ATGATTGGAGTGATGTCAGG_023,1
AGATGCTCCTGAGCTCCCCG_001,114
AGATGCTCCTGAGCTCCCCG_002,95
AGATGCTCCTGAGCTCCCCG_003,42
AGATGCTCCTGAGCTCCCCG_004,158
AGATGCTCCTGAGCTCCCCG_005,91
AGATGCTCCTGAGCTCCCCG_006,35
AGATGCTCCTGAGCTCCCCG_007,177
AGATGCTCCTGAGCTCCCCG_008,112
CTTGAATAAGTCCAGAGGGG_001,102
CTTGAATAAGTCCAGAGGGG_002,41
CTTGAATAAGTCCAGAGGGG_003,37
CTTGAATAAGTCCAGAGGGG_004,41
CTTGAATAAGTCCAGAGGGG_005,51
CTTGAATAAGTCCAGAGGGG_006,39
CTTGAATAAGTCCAGAGGGG_007,44
GAGGAAATTTCAATATACGA_001,81
GCCAGTGCGGCCATCACGGT_001,85
GCCAGTGCGGCCATCACGGT_002,13
GCCAGTGCGGCCATCACGGT_003,98
GCCAGTGCGGCCATCACGGT_004,136
GCTGCAGGACTCCCATGACA_001,29
GCTGCAGGACTCCCATGACA_002,139
GCTGCAGGACTCCCATGACA_003,30
GCTGCAGGACTCCCATGACA_004,13
GGAACTGGAACATTCTACCA_001,112
GGAACTGGAACATTCTACCA_002,192
GGAACTGGAACATTCTACCA_003,138
GGTGAGGGTTGTGTGAACAA_001,76
GGTGAGGGTTGTGTGAACAA_002,12
GGTGAGGGTTGTGTGAACAA_003,84
GGTGAGGGTTGTGTGAACAA_004,120
GGTGAGGGTTGTGTGAACAA_005,0
GGTGAGGGTTGTGTGAACAA_006,44
GGTGAGGGTTGTGTGAACAA_007,150
GGTTCAACACCCACGGAGCA_001,139
GGTTCAACACCCACGGAGCA_002,184
GGTTCAACACCCACGGAGCA_003,1
GGTTCAACACCCACGGAGCA_004,76
GGTTCAACACCCACGGAGCA_005,100
GGTTCAACACCCACGGAGCA_006,141
GGTTCAACACCCACGGAGCA_007,12
GGTTCAACACCCACGGAGCA_008,150
GGTTCAACACCCACGGAGCA_009,81
GGTTCAACACCCACGGAGCA_010,9
GGTTCAACACCCACGGAGCA_011,88
GGTTCAACACCCACGGAGCA_012,67
GGTTCAACACCCACGGAGCA_013,197
GGTTCAACACCCACGGAGCA_014,12
GGTTCAACACCCACGGAGCA_015,173
GGTTCAACACCCACGGAGCA_016,173
GGTTCAACACCCACGGAGCA_017,194
GGTTCAACACCCACGGAGCA_018,27
GGTTCAACACCCACGGAGCA_019,50
GGTTCAACACCCACGGAGCA_020,176
GGTTCAACACCCACGGAGCA_021,9
GGTTCAACACCCACGGAGCA_022,185
GGTTCAACACCCACGGAGCA_023,140
GGTTCAACACCCACGGAGCA_024,178
GGTTCAACACCCACGGAGCA_025,66
GGTTCAACACCCACGGAGCA_026,39
GGTTCAACACCCACGGAGCA_027,166
GGTTCAACACCCACGGAGCA_028,120
GGTTCAACACCCACGGAGCA_029,47
GGTTCAACACCCACGGAGCA_030,108
GGTTCAACACCCACGGAGCA_031,160
GGTTCAACACCCACGGAGCA_032,56
GGTTCAACACCCACGGAGCA_033,66
GTAGGCACCTCCTTTGACGG_001,9
GTAGGCACCTCCTTTGACGG_002,140
GTAGGCACCTCCTTTGACGG_003,58
GTAGGCACCTCCTTTGACGG_004,87
GTAGGCACCTCCTTTGACGG_005,43
GTAGGCACCTCCTTTGACGG_006,137
GTAGGCACCTCCTTTGACGG_007,25
GTAGGCACCTCCTTTGACGG_008,162
GTAGGCACCTCCTTTGACGG_009,107
GTAGGCACCTCCTTTGACGG_010,8
GTAGGCACCTCCTTTGACGG_011,116
GTAGGCACCTCCTTTGACGG_012,19
GTAGGCACCTCCTTTGACGG_013,49
GTAGGCACCTCCTTTGACGG_014,27
TACTCTACCCTCCTCAACAG_001,150
TACTCTACCCTCCTCAACAG_002,108
TACTCTACCCTCCTCAACAG_003,96
TACTCTACCCTCCTCAACAG_004,65
TACTCTACCCTCCTCAACAG_005,0
TACTCTACCCTCCTCAACAG_006,88
TACTCTACCCTCCTCAACAG_007,52
TACTCTACCCTCCTCAACAG_008,57
TACTCTACCCTCCTCAACAG_009,199
TACTCTACCCTCCTCAACAG_010,48
TACTCTACCCTCCTCAACAG_011,165
TACTCTACCCTCCTCAACAG_012,52
TACTCTACCCTCCTCAACAG_013,41
TACTCTACCCTCCTCAACAG_014,9
TACTCTACCCTCCTCAACAG_015,56
TACTCTACCCTCCTCAACAG_016,61
TACTCTACCCTCCTCAACAG_017,153
TACTCTACCCTCCTCAACAG_018,40
TACTCTACCCTCCTCAACAG_019,119
TACTCTACCCTCCTCAACAG_020,169
TACTCTACCCTCCTCAACAG_021,184
TACTCTACCCTCCTCAACAG_022,99
CACACGTAGAGACCTTATCC_001,80
CACACGTAGAGACCTTATCC_002,11
CACACGTAGAGACCTTATCC_003,25
CACACGTAGAGACCTTATCC_004,25
CACACGTAGAGACCTTATCC_005,105
CACACGTAGAGACCTTATCC_006,28
CTCAGGGCCAGTGTACCATG_001,43
CTCAGGGCCAGTGTACCATG_002,134
CTCAGGGCCAGTGTACCATG_003,149
TCAACCACGCCAACGCTGGG_001,111
TCAACCACGCCAACGCTGGG_002,2
TCAACCACGCCAACGCTGGG_003,101
TCAACCACGCCAACGCTGGG_004,7
TCAACCACGCCAACGCTGGG_005,15
TCAACCACGCCAACGCTGGG_006,198
TCAACCACGCCAACGCTGGG_007,70
TCAACCACGCCAACGCTGGG_008,81
TCAACCACGCCAACGCTGGG_009,113
TCAACCACGCCAACGCTGGG_010,96
TCAACCACGCCAACGCTGGG_011,36
TCAACCACGCCAACGCTGGG_012,30
TCAACCACGCCAACGCTGGG_013,193
TCAACCACGCCAACGCTGGG_014,22
TCAACCACGCCAACGCTGGG_015,120
TCAACCACGCCAACGCTGGG_016,119
GCTTTGTGATGAAAATCGGG_001,8
GCTTTGTGATGAAAATCGGG_002,115
CTGGGCGAAAGGGCACTACA_001,7
CTGGGCGAAAGGGCACTACA_002,156
CTGGGCGAAAGGGCACTACA_003,21
AAGCTGCATAATCAAAACTG_001,51
AAGCTGCATAATCAAAACTG_002,169
AAGCTGCATAATCAAAACTG_003,107
AAGCTGCATAATCAAAACTG_004,72
GAAGACCTACTTCTCCCACC_001,47
GAAGACCTACTTCTCCCACC_002,101
GAAGACCTACTTCTCCCACC_003,72
AGCGACACGAGTTATTTCCA_001,58
AGCGACACGAGTTATTTCCA_002,130
GAGCAACTTGGACAGCAACA_001,188
GAGCAACTTGGACAGCAACA_002,116
GAGCAACTTGGACAGCAACA_003,99
GAGCAACTTGGACAGCAACA_004,143
GAGCAACTTGGACAGCAACA_005,197
GAGCAACTTGGACAGCAACA_006,144
GAGCAACTTGGACAGCAACA_007,140
GAGCAACTTGGACAGCAACA_008,184
GAGCAACTTGGACAGCAACA_009,63
GAGCAACTTGGACAGCAACA_010,196
GAGCAACTTGGACAGCAACA_011,105
GAGCAACTTGGACAGCAACA_012,28
GAGCAACTTGGACAGCAACA_013,123
GAGCAACTTGGACAGCAACA_014,57
GAGCAACTTGGACAGCAACA_015,28
GAGCAACTTGGACAGCAACA_016,24
GAGCAACTTGGACAGCAACA_017,48
GAGCAACTTGGACAGCAACA_018,182
GAGCAACTTGGACAGCAACA_019,18
GAGCAACTTGGACAGCAACA_020,154
GAGCAACTTGGACAGCAACA_021,109
GAGCAACTTGGACAGCAACA_022,109
GAGCAACTTGGACAGCAACA_023,10
GAGCAACTTGGACAGCAACA_024,58
AGGTGCAGTATGCTGTAGGG_001,2
AGGTGCAGTATGCTGTAGGG_002,23
AGGTGCAGTATGCTGTAGGG_003,130
AGGTGCAGTATGCTGTAGGG_004,64
AAGAAGACCAGTCCGACCAG_001,63
AAGAAGACCAGTCCGACCAG_002,152
AAGAAGACCAGTCCGACCAG_003,51
AAGAAGACCAGTCCGACCAG_004,106
AAGAAGACCAGTCCGACCAG_005,105
AAGAAGACCAGTCCGACCAG_006,154
AAGAAGACCAGTCCGACCAG_007,51
AAGAAGACCAGTCCGACCAG_008,33
AAGAAGACCAGTCCGACCAG_009,149
AAGAAGACCAGTCCGACCAG_010,149
AAGAAGACCAGTCCGACCAG_011,94
AAGAAGACCAGTCCGACCAG_012,61
AAGAAGACCAGTCCGACCAG_013,98
AAGAAGACCAGTCCGACCAG_014,98
AAGAAGACCAGTCCGACCAG_015,83
AAGAAGACCAGTCCGACCAG_016,56
AAGAAGACCAGTCCGACCAG_017,104
AAGAAGACCAGTCCGACCAG_018,20
AAGAAGACCAGTCCGACCAG_019,123
AAGAAGACCAGTCCGACCAG_020,117
TTAGCTGCGGTTGATAAATG_001,88
TTAGCTGCGGTTGATAAATG_002,67
TTAGCTGCGGTTGATAAATG_003,100
TTAGCTGCGGTTGATAAATG_004,79
GGGAGTTAGTGAAGCCTACG_001,198
GGGAGTTAGTGAAGCCTACG_002,179
GGGAGTTAGTGAAGCCTACG_003,147
GGGAGTTAGTGAAGCCTACG_004,151
GGGAGTTAGTGAAGCCTACG_005,49
GGGAGTTAGTGAAGCCTACG_006,158
GGGAGTTAGTGAAGCCTACG_007,34
GGGAGTTAGTGAAGCCTACG_008,49
GGGAGTTAGTGAAGCCTACG_009,34
CACACTCTGCATCAGCGATG_001,10
CACACTCTGCATCAGCGATG_002,142
CACACTCTGCATCAGCGATG_003,142
CACACTCTGCATCAGCGATG_004,97
CACACTCTGCATCAGCGATG_005,97
CACACTCTGCATCAGCGATG_006,88
CACACTCTGCATCAGCGATG_007,124
CACACTCTGCATCAGCGATG_008,81
CACACTCTGCATCAGCGATG_009,152
CACACTCTGCATCAGCGATG_010,105
TGCCCTTGAAATGATCACAG_001,80
TGCCCTTGAAATGATCACAG_002,178
TGCCCTTGAAATGATCACAG_003,130
TGCCCTTGAAATGATCACAG_004,27
TGCCCTTGAAATGATCACAG_005,58
TGCCCTTGAAATGATCACAG_006,94
TGCCCTTGAAATGATCACAG_007,44
TGCCCTTGAAATGATCACAG_008,167
TGCCCTTGAAATGATCACAG_009,99
TGCCCTTGAAATGATCACAG_010,93
TGCCCTTGAAATGATCACAG_011,146
TGCCCTTGAAATGATCACAG_012,58
TGCCCTTGAAATGATCACAG_013,88
TGCCCTTGAAATGATCACAG_014,105
TGCCCTTGAAATGATCACAG_015,71
GCAGTGCCTATCACTACCGG_001,67
GCAGTGCCTATCACTACCGG_002,95
GAATTGCTCAGTGTACGGCG_001,194
GAATTGCTCAGTGTACGGCG_002,126
GAATTGCTCAGTGTACGGCG_003,39
GGAGACAATATGGAGTGCAA_001,103
GGAGACAATATGGAGTGCAA_002,61
GGAGACAATATGGAGTGCAA_003,27
GGAGACAATATGGAGTGCAA_004,148
GGAGACAATATGGAGTGCAA_005,144
GGAGACAATATGGAGTGCAA_006,9
GGAGACAATATGGAGTGCAA_007,168
CAAGCAGGCGGATCACGCCA_001,42
CAAGCAGGCGGATCACGCCA_002,149
CAAGCAGGCGGATCACGCCA_003,34
CAAGCAGGCGGATCACGCCA_004,51
CAAGCAGGCGGATCACGCCA_005,98
CAAGCAGGCGGATCACGCCA_006,158
CAAGCAGGCGGATCACGCCA_007,155
CAAGCAGGCGGATCACGCCA_008,18
CAAGCAGGCGGATCACGCCA_009,83
CAAGCAGGCGGATCACGCCA_010,137
CAAGCAGGCGGATCACGCCA_011,95
CAAGCAGGCGGATCACGCCA_012,53
CAAGCAGGCGGATCACGCCA_013,30
CAAGCAGGCGGATCACGCCA_014,63
CAGTCTAAACAAGGGAACCG_001,48
CAGTCTAAACAAGGGAACCG_002,70
CAGTCTAAACAAGGGAACCG_003,60
CAGTCTAAACAAGGGAACCG_004,134
CAGTCTAAACAAGGGAACCG_005,74
CAGTCTAAACAAGGGAACCG_006,81
CAGTCTAAACAAGGGAACCG_007,199
CAGTCTAAACAAGGGAACCG_008,60
CAGTCTAAACAAGGGAACCG_009,36
CAGTCTAAACAAGGGAACCG_010,41
CAGTCTAAACAAGGGAACCG_011,156
CAGTCTAAACAAGGGAACCG_012,12
CAGTCTAAACAAGGGAACCG_013,168
CAGTCTAAACAAGGGAACCG_014,175
CAGTCTAAACAAGGGAACCG_015,29
CAGTCTAAACAAGGGAACCG_016,20
CAGTCTAAACAAGGGAACCG_017,53
CAGTCTAAACAAGGGAACCG_018,77
CAGTCTAAACAAGGGAACCG_019,35
CAGTCTAAACAAGGGAACCG_020,82
CTGAGACCCCGACTGCCCGA_001,9
CTGAGACCCCGACTGCCCGA_002,63
CTGAGACCCCGACTGCCCGA_003,184
CTGAGACCCCGACTGCCCGA_004,182
CTGAGACCCCGACTGCCCGA_005,127
CTGAGACCCCGACTGCCCGA_006,48
CTGAGACCCCGACTGCCCGA_007,188
CTGAGACCCCGACTGCCCGA_008,142
CTGAGACCCCGACTGCCCGA_009,179
CTGAGACCCCGACTGCCCGA_010,9
CTGAGACCCCGACTGCCCGA_011,103
CTGAGACCCCGACTGCCCGA_012,103
CTGAGACCCCGACTGCCCGA_013,147
CTGAGACCCCGACTGCCCGA_014,68
CTGAGACCCCGACTGCCCGA_015,138
CTGAGACCCCGACTGCCCGA_016,81
CTGAGACCCCGACTGCCCGA_017,11
CTGAGACCCCGACTGCCCGA_018,145
CTGAGACCCCGACTGCCCGA_019,194
CTGAGACCCCGACTGCCCGA_020,13
CTGAGACCCCGACTGCCCGA_021,150
CTGAGACCCCGACTGCCCGA_022,157
CTGAGACCCCGACTGCCCGA_023,157
CTGAGACCCCGACTGCCCGA_024,144
CTGAGACCCCGACTGCCCGA_025,138
CTGAGACCCCGACTGCCCGA_026,157
CTGAGACCCCGACTGCCCGA_027,124
CTGAGACCCCGACTGCCCGA_028,125
CTGAGACCCCGACTGCCCGA_029,47
CTGAGACCCCGACTGCCCGA_030,192
CTGAGACCCCGACTGCCCGA_031,28
CTGAGACCCCGACTGCCCGA_032,40
CTGAGACCCCGACTGCCCGA_033,88
CTGAGACCCCGACTGCCCGA_034,147
CTGAGACCCCGACTGCCCGA_035,124
CTGAGACCCCGACTGCCCGA_036,151
CTGAGACCCCGACTGCCCGA_037,147
CTGAGACCCCGACTGCCCGA_038,47
CTGAGACCCCGACTGCCCGA_039,91
GAAGCCCTACCACTATCCCA_001,176
GAAGCCCTACCACTATCCCA_002,53
GAAGCCCTACCACTATCCCA_003,135
GAAGCCCTACCACTATCCCA_004,91
GAAGCCCTACCACTATCCCA_005,168
GAAGCCCTACCACTATCCCA_006,190
GAAGCCCTACCACTATCCCA_007,42
GAAGCCCTACCACTATCCCA_008,119
GAAGCCCTACCACTATCCCA_009,82
CGGGTCCCGGACCACCCGAG_001,60
CGGGTCCCGGACCACCCGAG_002,41
CGGGTCCCGGACCACCCGAG_003,72
CGGGTCCCGGACCACCCGAG_004,48
CGGGTCCCGGACCACCCGAG_005,98
CGGGTCCCGGACCACCCGAG_006,117
CGGGTCCCGGACCACCCGAG_007,102
CGGGTCCCGGACCACCCGAG_008,62
CGGGTCCCGGACCACCCGAG_009,15
CGGGTCCCGGACCACCCGAG_010,31
CGGGTCCCGGACCACCCGAG_011,98
CGGGTCCCGGACCACCCGAG_012,9
CGGGTCCCGGACCACCCGAG_013,58
CGGGTCCCGGACCACCCGAG_014,162
CGGGTCCCGGACCACCCGAG_015,110
CGGGTCCCGGACCACCCGAG_016,27
CGGGTCCCGGACCACCCGAG_017,199
CCAGGCAGGTAACCACACCG_001,62
CCAGGCAGGTAACCACACCG_002,72
CCAGGCAGGTAACCACACCG_003,70
CCAGGCAGGTAACCACACCG_004,41
CCAGGCAGGTAACCACACCG_005,42
CCAGGCAGGTAACCACACCG_006,170
CCAGGCAGGTAACCACACCG_007,75
CCAGGCAGGTAACCACACCG_008,170
CCAGGCAGGTAACCACACCG_009,162
CCAGGCAGGTAACCACACCG_010,37
CCAGGCAGGTAACCACACCG_011,60
CCAGGCAGGTAACCACACCG_012,165
CCAGGCAGGTAACCACACCG_013,23
CCAGGCAGGTAACCACACCG_014,141
CCAGGCAGGTAACCACACCG_015,185
CCAGGCAGGTAACCACACCG_016,49
CCAGGCAGGTAACCACACCG_017,60
CCAGGCAGGTAACCACACCG_018,76
CCAGGCAGGTAACCACACCG_019,140
CCAGGCAGGTAACCACACCG_020,60
CCAGGCAGGTAACCACACCG_021,199
CCAGGCAGGTAACCACACCG_022,67
CCAGGCAGGTAACCACACCG_023,140
CCAGGCAGGTAACCACACCG_024,140
GAACAAGCTATAAATCGGGC_001,124
GAACAAGCTATAAATCGGGC_002,187
GAACAAGCTATAAATCGGGC_003,84
AAGTGGGGAATGATTCCCCG_001,105
AAGTGGGGAATGATTCCCCG_002,172
AAGTGGGGAATGATTCCCCG_003,20
AAGTGGGGAATGATTCCCCG_004,3
AAGTGGGGAATGATTCCCCG_005,17
AAGTGGGGAATGATTCCCCG_006,176
AAGTGGGGAATGATTCCCCG_007,142
TTCTGACTACAACATCCAGA_001,25
TTCTGACTACAACATCCAGA_002,71
CACACACCCGTATGGCAAAG_001,102
CACACACCCGTATGGCAAAG_002,56
CACACACCCGTATGGCAAAG_003,34
CACACACCCGTATGGCAAAG_004,170
CACACACCCGTATGGCAAAG_005,115
GCGAGTACCTTACCGAGGAA_001,101
GCGAGTACCTTACCGAGGAA_002,174
GCGAGTACCTTACCGAGGAA_003,199
GCGAGTACCTTACCGAGGAA_004,26
TGACCAGAGAATGCAAAGTG_001,80
TGACCAGAGAATGCAAAGTG_002,30
TGACCAGAGAATGCAAAGTG_003,127
TGACCAGAGAATGCAAAGTG_004,8
TGACCAGAGAATGCAAAGTG_005,156
TGACCAGAGAATGCAAAGTG_006,60
TGACCAGAGAATGCAAAGTG_007,56
TGACCAGAGAATGCAAAGTG_008,145
TGACCAGAGAATGCAAAGTG_009,105
TGACCAGAGAATGCAAAGTG_010,70
TGACCAGAGAATGCAAAGTG_011,134
TGACCAGAGAATGCAAAGTG_012,153
TGACCAGAGAATGCAAAGTG_013,50
TGACCAGAGAATGCAAAGTG_014,137
CTACAAACTATATTGGCGGG_001,104
CTACAAACTATATTGGCGGG_002,75
CTACAAACTATATTGGCGGG_003,170
TCAGACGTACAATGCCGAAG_001,82
TCAGACGTACAATGCCGAAG_002,198
AGACTGCTGGCAGCACGAAG_001,153
AGACTGCTGGCAGCACGAAG_002,65
AGACTGCTGGCAGCACGAAG_003,193
AGACTGCTGGCAGCACGAAG_004,34
AGACTGCTGGCAGCACGAAG_005,61
AGACTGCTGGCAGCACGAAG_006,184
CAACAATCAGCAGACCAATG_001,74
CAACAATCAGCAGACCAATG_002,108
GAAGCTCATTGTAGAAAGAG_001,50
CTCCTGAGATGATGTAACGC_001,130
CTCCTGAGATGATGTAACGC_002,26
CTCCTGAGATGATGTAACGC_003,63
AGGGGCCTCAGCTACCACGA_001,121
AGGGGCCTCAGCTACCACGA_002,17
AGGGGCCTCAGCTACCACGA_003,77
AGGGGCCTCAGCTACCACGA_004,175
AGGGGCCTCAGCTACCACGA_005,151
AGGGGCCTCAGCTACCACGA_006,134
AGGGGCCTCAGCTACCACGA_007,56
AGGGGCCTCAGCTACCACGA_008,113
AGGGGCCTCAGCTACCACGA_009,178
AGGGGCCTCAGCTACCACGA_010,41
AGGGGCCTCAGCTACCACGA_011,199
AGGGGCCTCAGCTACCACGA_012,150
AGGGGCCTCAGCTACCACGA_013,178
AGGGGCCTCAGCTACCACGA_014,151
AGGGGCCTCAGCTACCACGA_015,134
AGGGGCCTCAGCTACCACGA_016,146
AGGGGCCTCAGCTACCACGA_017,111
AGGGGCCTCAGCTACCACGA_018,135
AGGGGCCTCAGCTACCACGA_019,127
AGGGGCCTCAGCTACCACGA_020,51
AGGGGCCTCAGCTACCACGA_021,60
AGGGGCCTCAGCTACCACGA_022,183
AGGGGCCTCAGCTACCACGA_023,113
AGGGGCCTCAGCTACCACGA_024,149
AGGGGCCTCAGCTACCACGA_025,188
AGGGGCCTCAGCTACCACGA_026,50
AGGGGCCTCAGCTACCACGA_027,62
AGGGGCCTCAGCTACCACGA_028,160
AGGGGCCTCAGCTACCACGA_029,42
AGGGGCCTCAGCTACCACGA_030,163
AGGGGCCTCAGCTACCACGA_031,157
AGGGGCCTCAGCTACCACGA_032,106
AGGGGCCTCAGCTACCACGA_033,199
AGGGGCCTCAGCTACCACGA_034,136
AGGGGCCTCAGCTACCACGA_035,144
AGGGGCCTCAGCTACCACGA_036,8
AGGGGCCTCAGCTACCACGA_037,15
AGGGGCCTCAGCTACCACGA_038,33
AGGGGCCTCAGCTACCACGA_039,80
AGGGGCCTCAGCTACCACGA_040,77
AGGGGCCTCAGCTACCACGA_041,55
GGCAGTGCTGCCTTCCAAGT_001,95
GGCAGTGCTGCCTTCCAAGT_002,125
GGCAGTGCTGCCTTCCAAGT_003,96
GGCAGTGCTGCCTTCCAAGT_004,59
GGCAGTGCTGCCTTCCAAGT_005,92
GGCAGTGCTGCCTTCCAAGT_006,43
GGCAGTGCTGCCTTCCAAGT_007,196
GGCAGTGCTGCCTTCCAAGT_008,43
GGCAGTGCTGCCTTCCAAGT_009,68
GGCAGTGCTGCCTTCCAAGT_010,19
GGCAGTGCTGCCTTCCAAGT_011,147
GGCAGTGCTGCCTTCCAAGT_012,175
GGCAGTGCTGCCTTCCAAGT_013,155
GGCAGTGCTGCCTTCCAAGT_014,171
GGCAGTGCTGCCTTCCAAGT_015,161
GGCAGTGCTGCCTTCCAAGT_016,1
GGCAGTGCTGCCTTCCAAGT_017,163
GGCAGTGCTGCCTTCCAAGT_018,144
GGCAGTGCTGCCTTCCAAGT_019,63
GGCAGTGCTGCCTTCCAAGT_020,124
GGCAGTGCTGCCTTCCAAGT_021,133
GGCAGTGCTGCCTTCCAAGT_022,166
GGCAGTGCTGCCTTCCAAGT_023,188
GGCAGTGCTGCCTTCCAAGT_024,130
AACAGGGTCACCCACAGACT_001,168
AACAGGGTCACCCACAGACT_002,197
AACAGGGTCACCCACAGACT_003,61
AACAGGGTCACCCACAGACT_004,197
AACAGGGTCACCCACAGACT_005,115
AGATGCTGTTGATTTGATGA_001,22
AGATGCTGTTGATTTGATGA_002,163
AGATGCTGTTGATTTGATGA_003,104
AGATGCTGTTGATTTGATGA_004,78
AGATGCTGTTGATTTGATGA_005,198
AGATGCTGTTGATTTGATGA_006,9
AGATGCTGTTGATTTGATGA_007,28
AGATGCTGTTGATTTGATGA_008,23
AGATGCTGTTGATTTGATGA_009,23
AGATGCTGTTGATTTGATGA_010,180
AGATGCTGTTGATTTGATGA_011,2
ACCGACCAGCTCCTTCTCGT_001,158
ACCGACCAGCTCCTTCTCGT_002,43
ACCGACCAGCTCCTTCTCGT_003,150
ACCGACCAGCTCCTTCTCGT_004,67
ACCGACCAGCTCCTTCTCGT_005,156
ACCGACCAGCTCCTTCTCGT_006,98
ACCGACCAGCTCCTTCTCGT_007,1
ACCGACCAGCTCCTTCTCGT_008,12
ACCGACCAGCTCCTTCTCGT_009,199
ACCGACCAGCTCCTTCTCGT_010,46
ACCGACCAGCTCCTTCTCGT_011,40
ACCGACCAGCTCCTTCTCGT_012,56
ACCGACCAGCTCCTTCTCGT_013,34
GCAATGTGACGCTGCGATGT_001,80
GCAATGTGACGCTGCGATGT_002,50
GCAATGTGACGCTGCGATGT_003,94
GCAATGTGACGCTGCGATGT_004,169
GCAATGTGACGCTGCGATGT_005,198
GCAATGTGACGCTGCGATGT_006,88
GCAATGTGACGCTGCGATGT_007,58
GCAATGTGACGCTGCGATGT_008,7
GCAATGTGACGCTGCGATGT_009,130
GCAATGTGACGCTGCGATGT_010,172
GCAATGTGACGCTGCGATGT_011,185
GCAATGTGACGCTGCGATGT_012,40
GCAATGTGACGCTGCGATGT_013,94
GCAATGTGACGCTGCGATGT_014,49
GCCGGCGGCCTCTACAAGCG_001,53
GCCGGCGGCCTCTACAAGCG_002,1
GCCGGCGGCCTCTACAAGCG_003,78
GCCGGCGGCCTCTACAAGCG_004,2
GCCGGCGGCCTCTACAAGCG_005,4
GCCGGCGGCCTCTACAAGCG_006,32
GCCGGCGGCCTCTACAAGCG_007,40
GCCGGCGGCCTCTACAAGCG_008,127
GCCGGCGGCCTCTACAAGCG_009,76
GCCGGCGGCCTCTACAAGCG_010,149
GCCGGCGGCCTCTACAAGCG_011,169
GCCGGCGGCCTCTACAAGCG_012,12
GCCGGCGGCCTCTACAAGCG_013,51
GCCGGCGGCCTCTACAAGCG_014,97
TCTCCTCCCCACACACTGCA_001,77
TCTCCTCCCCACACACTGCA_002,101
TCTCCTCCCCACACACTGCA_003,127
TCTCCTCCCCACACACTGCA_004,122
TCTCCTCCCCACACACTGCA_005,169
TCTCCTCCCCACACACTGCA_006,184
TCTCCTCCCCACACACTGCA_007,102
TCTCCTCCCCACACACTGCA_008,87
TCTCCTCCCCACACACTGCA_009,127
GACCAGCAGATAGAGGACCA_001,174
GACCAGCAGATAGAGGACCA_002,23
GACCAGCAGATAGAGGACCA_003,115
GACCAGCAGATAGAGGACCA_004,49
GACCAGCAGATAGAGGACCA_005,27
GACCAGCAGATAGAGGACCA_006,197
GACCAGCAGATAGAGGACCA_007,98
TTAACACCGGAAAGTATCAA_001,104
TTAACACCGGAAAGTATCAA_002,158
TTAACACCGGAAAGTATCAA_003,29
TTAACACCGGAAAGTATCAA_004,140
TTAACACCGGAAAGTATCAA_005,52
TTAACACCGGAAAGTATCAA_006,155
TTAACACCGGAAAGTATCAA_007,17
TTAACACCGGAAAGTATCAA_008,58
TTAACACCGGAAAGTATCAA_009,70
TTAACACCGGAAAGTATCAA_010,88
TTAACACCGGAAAGTATCAA_011,88
TTAACACCGGAAAGTATCAA_012,3
GCATAAAACATGATCAGGAG_001,2
GCATAAAACATGATCAGGAG_002,28
GCATAAAACATGATCAGGAG_003,146
GCATAAAACATGATCAGGAG_004,31
GCATAAAACATGATCAGGAG_005,54
GCATAAAACATGATCAGGAG_006,83
GCTCGGACACAGAAGAACAA_001,72
GCTCGGACACAGAAGAACAA_002,72
GCTCGGACACAGAAGAACAA_003,170
GCTCGGACACAGAAGAACAA_004,91
GCTCGGACACAGAAGAACAA_005,67
GCTCGGACACAGAAGAACAA_006,174
GCTCGGACACAGAAGAACAA_007,88
GCTCGGACACAGAAGAACAA_008,192
GCTCGGACACAGAAGAACAA_009,101
GCTCGGACACAGAAGAACAA_010,72
GCTCGGACACAGAAGAACAA_011,129
GCTCGGACACAGAAGAACAA_012,146
GCTCGGACACAGAAGAACAA_013,193
GCTCGGACACAGAAGAACAA_014,86
GCTCGGACACAGAAGAACAA_015,70
CTGACAAATAGCACACTCGT_001,104
CTGACAAATAGCACACTCGT_002,156
CTGACAAATAGCACACTCGT_003,108
CTGACAAATAGCACACTCGT_004,88
CTGACAAATAGCACACTCGT_005,13
CTGACAAATAGCACACTCGT_006,150
CTGACAAATAGCACACTCGT_007,12
CTGACAAATAGCACACTCGT_008,156
CTGACAAATAGCACACTCGT_009,119
CTGACAAATAGCACACTCGT_010,188
TGAAGATGGAGCAATTGTCT_001,172
TGAAGATGGAGCAATTGTCT_002,196
TGAAGATGGAGCAATTGTCT_003,186
TGAAGATGGAGCAATTGTCT_004,76
TGAAGATGGAGCAATTGTCT_005,169
TGAAGATGGAGCAATTGTCT_006,46
TGAAGATGGAGCAATTGTCT_007,175
TGAAGATGGAGCAATTGTCT_008,168
ATGTTTGCAATGACCGAGAG_001,137
ATGTTTGCAATGACCGAGAG_002,88
ATGTTTGCAATGACCGAGAG_003,26
AAAACCGATTCTTCAATGTG_001,177
AAAACCGATTCTTCAATGTG_002,199
AAAACCGATTCTTCAATGTG_003,22
AAAACCGATTCTTCAATGTG_004,116
AAAACCGATTCTTCAATGTG_005,68
AAAACCGATTCTTCAATGTG_006,10
AAAACCGATTCTTCAATGTG_007,176
AAAACCGATTCTTCAATGTG_008,170
AAAACCGATTCTTCAATGTG_009,172
GAACGTCACCTTAGAATCCG_001,36
GAACGTCACCTTAGAATCCG_002,196
GAACGTCACCTTAGAATCCG_003,83
GAACGTCACCTTAGAATCCG_004,150
GAACGTCACCTTAGAATCCG_005,150
GAACGTCACCTTAGAATCCG_006,72
GAACGTCACCTTAGAATCCG_007,198
GAACGTCACCTTAGAATCCG_008,169
GAACGTCACCTTAGAATCCG_009,120
GAACGTCACCTTAGAATCCG_010,15
GAACGTCACCTTAGAATCCG_011,198
GAACGTCACCTTAGAATCCG_012,172
GAACGTCACCTTAGAATCCG_013,124
GAACGTCACCTTAGAATCCG_014,7
GAACGTCACCTTAGAATCCG_015,169
GAACGTCACCTTAGAATCCG_016,6
GAACGTCACCTTAGAATCCG_017,161
GAACGTCACCTTAGAATCCG_018,79
GAACGTCACCTTAGAATCCG_019,166
CACATGGGGTACAGCACACC_001,84
CACATGGGGTACAGCACACC_002,96
CACATGGGGTACAGCACACC_003,17
CACATGGGGTACAGCACACC_004,88
CACATGGGGTACAGCACACC_005,64
CACATGGGGTACAGCACACC_006,47
CACATGGGGTACAGCACACC_007,142
CACATGGGGTACAGCACACC_008,42
CACATGGGGTACAGCACACC_009,188
CACATGGGGTACAGCACACC_010,165
CACATGGGGTACAGCACACC_011,157
CACATGGGGTACAGCACACC_012,102
AATGAATGGATCTTTCACCG_001,68
AATGAATGGATCTTTCACCG_002,129
AATGAATGGATCTTTCACCG_003,6
AATGAATGGATCTTTCACCG_004,5
AATGAATGGATCTTTCACCG_005,129
AATGAATGGATCTTTCACCG_006,52
AATGAATGGATCTTTCACCG_007,165
CGACGCGCTGACCAACGCCG_001,138
CGACGCGCTGACCAACGCCG_002,171
CGACGCGCTGACCAACGCCG_003,5
CGACGCGCTGACCAACGCCG_004,38
CGACGCGCTGACCAACGCCG_005,181
CGACGCGCTGACCAACGCCG_006,181
CGACGCGCTGACCAACGCCG_007,1
CGACGCGCTGACCAACGCCG_008,169
CGACGCGCTGACCAACGCCG_009,134
CGACGCGCTGACCAACGCCG_010,177
CGACGCGCTGACCAACGCCG_011,12
CGACGCGCTGACCAACGCCG_012,12
CGACGCGCTGACCAACGCCG_013,143
CGACGCGCTGACCAACGCCG_014,182
CGACGCGCTGACCAACGCCG_015,193
CGACGCGCTGACCAACGCCG_016,178
CGACGCGCTGACCAACGCCG_017,43
CGACGCGCTGACCAACGCCG_018,10
CGACGCGCTGACCAACGCCG_019,36
CGACGCGCTGACCAACGCCG_020,19
CGACGCGCTGACCAACGCCG_021,77
CGACGCGCTGACCAACGCCG_022,2
CGACGCGCTGACCAACGCCG_023,124
CGACGCGCTGACCAACGCCG_024,176
CGACGCGCTGACCAACGCCG_025,138
CGACGCGCTGACCAACGCCG_026,140
CGACGCGCTGACCAACGCCG_027,115
GATGGCCATGAAATGCATTG_001,120
GATGGCCATGAAATGCATTG_002,17
GATGGCCATGAAATGCATTG_003,102
GATGGCCATGAAATGCATTG_004,94
GATGGCCATGAAATGCATTG_005,153
GATGGCCATGAAATGCATTG_006,139
GATGGCCATGAAATGCATTG_007,190
AGTATTCAAATGTCCAGAAG_001,34
AGTATTCAAATGTCCAGAAG_002,115
GGGGATGGAGAACCAAATGT_001,94
GGGGATGGAGAACCAAATGT_002,29
GGGGATGGAGAACCAAATGT_003,169
GGGGATGGAGAACCAAATGT_004,1
GGGGATGGAGAACCAAATGT_005,180
GGGGATGGAGAACCAAATGT_006,9
GGGGATGGAGAACCAAATGT_007,115
GGGGATGGAGAACCAAATGT_008,1
GGGGATGGAGAACCAAATGT_009,85
GGGGATGGAGAACCAAATGT_010,154
GGGGATGGAGAACCAAATGT_011,158
GGGGATGGAGAACCAAATGT_012,53
GGGGATGGAGAACCAAATGT_013,180
GGGGATGGAGAACCAAATGT_014,153
GGGGATGGAGAACCAAATGT_015,106
GGGGATGGAGAACCAAATGT_016,166
GGGGATGGAGAACCAAATGT_017,161
TTCTGGGGCTGCATACACGT_001,90
TTCTGGGGCTGCATACACGT_002,139
TTCTGGGGCTGCATACACGT_003,84
TTCTGGGGCTGCATACACGT_004,98
CGGCCAAAGAAGAGATGGAG_001,190
CGGCCAAAGAAGAGATGGAG_002,11
CGGCCAAAGAAGAGATGGAG_003,92
CGGCCAAAGAAGAGATGGAG_004,24
CGGCCAAAGAAGAGATGGAG_005,140
CGGCCAAAGAAGAGATGGAG_006,140
CGGCCAAAGAAGAGATGGAG_007,58
CGGCCAAAGAAGAGATGGAG_008,41
CGGCCAAAGAAGAGATGGAG_009,84
AACTGAGGCTAAGTGCTGTG_001,80
AACTGAGGCTAAGTGCTGTG_002,139
AACTGAGGCTAAGTGCTGTG_003,83
AACTGAGGCTAAGTGCTGTG_004,86
AACTGAGGCTAAGTGCTGTG_005,9
AACTGAGGCTAAGTGCTGTG_006,58
AACTGAGGCTAAGTGCTGTG_007,199
AACTGAGGCTAAGTGCTGTG_008,185
AACTGAGGCTAAGTGCTGTG_009,83
AACTGAGGCTAAGTGCTGTG_010,9
AACTGAGGCTAAGTGCTGTG_011,40
AACTGAGGCTAAGTGCTGTG_012,65
AACTGAGGCTAAGTGCTGTG_013,125
AACTGAGGCTAAGTGCTGTG_014,125
AACTGAGGCTAAGTGCTGTG_015,153
AACTGAGGCTAAGTGCTGTG_016,72
AACTGAGGCTAAGTGCTGTG_017,20
AACTGAGGCTAAGTGCTGTG_018,44
TCAGCAACCTCTAACTAACC_001,5
TCAGCAACCTCTAACTAACC_002,115
TCAGCAACCTCTAACTAACC_003,48
TCAGCAACCTCTAACTAACC_004,78
TCAGCAACCTCTAACTAACC_005,148
TGACGCCCACGATGATGGTG_001,171
TGACGCCCACGATGATGGTG_002,85
TGACGCCCACGATGATGGTG_003,21
TGACGCCCACGATGATGGTG_004,19
TGACGCCCACGATGATGGTG_005,118
TGACGCCCACGATGATGGTG_006,2
TGACGCCCACGATGATGGTG_007,64
TGACGCCCACGATGATGGTG_008,175
TGACGCCCACGATGATGGTG_009,175
TGACGCCCACGATGATGGTG_010,52
TGACGCCCACGATGATGGTG_011,134
TGACGCCCACGATGATGGTG_012,144
TGACGCCCACGATGATGGTG_013,94
TGACGCCCACGATGATGGTG_014,134
TGACGCCCACGATGATGGTG_015,6
TGACGCCCACGATGATGGTG_016,12
TGACGCCCACGATGATGGTG_017,80
TGACGCCCACGATGATGGTG_018,80
TGACGCCCACGATGATGGTG_019,82
TGACGCCCACGATGATGGTG_020,167
TGACGCCCACGATGATGGTG_021,25
TGACGCCCACGATGATGGTG_022,29
TGACGCCCACGATGATGGTG_023,88
TGACGCCCACGATGATGGTG_024,58
TGACGCCCACGATGATGGTG_025,187
TGACGCCCACGATGATGGTG_026,33
TGACGCCCACGATGATGGTG_027,188
TGACGCCCACGATGATGGTG_028,147
TGACGCCCACGATGATGGTG_029,168
TGACGCCCACGATGATGGTG_030,16
TGACGCCCACGATGATGGTG_031,113
TGACGCCCACGATGATGGTG_032,111
TGACGCCCACGATGATGGTG_033,183
TGACGCCCACGATGATGGTG_034,194
TGACGCCCACGATGATGGTG_035,174
TGACGCCCACGATGATGGTG_036,174
TGACGCCCACGATGATGGTG_037,82
TGACGCCCACGATGATGGTG_038,0
TGACGCCCACGATGATGGTG_039,159
TGACGCCCACGATGATGGTG_040,4
TGACGCCCACGATGATGGTG_041,7
TGACGCCCACGATGATGGTG_042,108
TGACGCCCACGATGATGGTG_043,40
TGACGCCCACGATGATGGTG_044,1
TGACGCCCACGATGATGGTG_045,105
TGACGCCCACGATGATGGTG_046,62
TGACGCCCACGATGATGGTG_047,8
TGACGCCCACGATGATGGTG_048,165
TGACGCCCACGATGATGGTG_049,104
TGACGCCCACGATGATGGTG_050,52
CGGTACACGTCCGACTCGGG_001,177
CGGTACACGTCCGACTCGGG_002,113
GTGTACTTCTCTGAGATGGG_001,182
GTGTACTTCTCTGAGATGGG_002,7
GTGTACTTCTCTGAGATGGG_003,72
GTGTACTTCTCTGAGATGGG_004,100
GTGTACTTCTCTGAGATGGG_005,166
CGGCCGCAGTCCGACGACGA_001,139
CGGCCGCAGTCCGACGACGA_002,2
CGGCCGCAGTCCGACGACGA_003,29
CGGCCGCAGTCCGACGACGA_004,62
CGGCCGCAGTCCGACGACGA_005,81
CGGCCGCAGTCCGACGACGA_006,172
CGGCCGCAGTCCGACGACGA_007,148
CGGCCGCAGTCCGACGACGA_008,184
CGGCCGCAGTCCGACGACGA_009,167
GCTGACCAAAGTGGGCGCCG_001,115
GCTGACCAAAGTGGGCGCCG_002,37
GCTGACCAAAGTGGGCGCCG_003,199
GCTGACCAAAGTGGGCGCCG_004,198
GCTGACCAAAGTGGGCGCCG_005,36
GCTGACCAAAGTGGGCGCCG_006,104
ACAAATGATGTCCCACTGAA_001,170
ACAAATGATGTCCCACTGAA_002,188
ACAAATGATGTCCCACTGAA_003,90
ACAAATGATGTCCCACTGAA_004,172
ACAAATGATGTCCCACTGAA_005,130
ACAAATGATGTCCCACTGAA_006,65
ACAAATGATGTCCCACTGAA_007,174
ACAAATGATGTCCCACTGAA_008,166
ACAAATGATGTCCCACTGAA_009,145
ACAAATGATGTCCCACTGAA_010,24
ACAAATGATGTCCCACTGAA_011,151
ACAAATGATGTCCCACTGAA_012,182
ACAAATGATGTCCCACTGAA_013,188
ACAAATGATGTCCCACTGAA_014,1
ACAAATGATGTCCCACTGAA_015,191
CAGCTGCATCCTTCTCTACG_001,154
CAGCTGCATCCTTCTCTACG_002,177
CAGCTGCATCCTTCTCTACG_003,48
CAGCTGCATCCTTCTCTACG_004,20
CAGCTGCATCCTTCTCTACG_005,15
GTCGTAGTACAGCTTCCCAA_001,153
GTCGTAGTACAGCTTCCCAA_002,104
TCAAGGATGGAACAAGACCA_001,9
TCAAGGATGGAACAAGACCA_002,149
TCAAGGATGGAACAAGACCA_003,146
TCAAGGATGGAACAAGACCA_004,61
TCAAGGATGGAACAAGACCA_005,109
TCAAGGATGGAACAAGACCA_006,15
TCAAGGATGGAACAAGACCA_007,138
TCAAGGATGGAACAAGACCA_008,88
TCAAGGATGGAACAAGACCA_009,119
TCAAGGATGGAACAAGACCA_010,198
TCAAGGATGGAACAAGACCA_011,1
TCAAGGATGGAACAAGACCA_012,181
TCAAGGATGGAACAAGACCA_013,51
TCAAGGATGGAACAAGACCA_014,63
TCAAGGATGGAACAAGACCA_015,114
TCAAGGATGGAACAAGACCA_016,40
TCAAGGATGGAACAAGACCA_017,105
TCAAGGATGGAACAAGACCA_018,172
TCAAGGATGGAACAAGACCA_019,104
TGACAATCAGATCATGCCCA_001,192
TGACAATCAGATCATGCCCA_002,46
TGACAATCAGATCATGCCCA_003,139
TGACAATCAGATCATGCCCA_004,141
TGACAATCAGATCATGCCCA_005,98
TGACAATCAGATCATGCCCA_006,169
TGACAATCAGATCATGCCCA_007,29
TGACAATCAGATCATGCCCA_008,50
ACCATCTACCGGCCTGACGA_001,199
ACCATCTACCGGCCTGACGA_002,111
ACCATCTACCGGCCTGACGA_003,68
ACCATCTACCGGCCTGACGA_004,78
ACCATCTACCGGCCTGACGA_005,132
ACCATCTACCGGCCTGACGA_006,138
ACCATCTACCGGCCTGACGA_007,153
ACCATCTACCGGCCTGACGA_008,105
ACCATCTACCGGCCTGACGA_009,188
ACCATCTACCGGCCTGACGA_010,168
ACCATCTACCGGCCTGACGA_011,105
ACCATCTACCGGCCTGACGA_012,152
ACCATCTACCGGCCTGACGA_013,62
ACCATCTACCGGCCTGACGA_014,96
ACCATCTACCGGCCTGACGA_015,101
ACCATCTACCGGCCTGACGA_016,6
ACCATCTACCGGCCTGACGA_017,14
ACCATCTACCGGCCTGACGA_018,127
ACCATCTACCGGCCTGACGA_019,17
ACCATCTACCGGCCTGACGA_020,104
ACCATCTACCGGCCTGACGA_021,56
ACCATCTACCGGCCTGACGA_022,128
TCACAGAGCCCAATTCTCGG_001,138
TCACAGAGCCCAATTCTCGG_002,104
TCACAGAGCCCAATTCTCGG_003,176
CTGGGATGAACAGTTTGACA_001,62
CTGGGATGAACAGTTTGACA_002,82
CTGGGATGAACAGTTTGACA_003,49
CTGGGATGAACAGTTTGACA_004,183
CTGGGATGAACAGTTTGACA_005,22
CTGGGATGAACAGTTTGACA_006,50
CTGGGATGAACAGTTTGACA_007,163
CTGGGATGAACAGTTTGACA_008,181
CTGGGATGAACAGTTTGACA_009,96
CTGGGATGAACAGTTTGACA_010,23
CTGGGATGAACAGTTTGACA_011,138
CTGGGATGAACAGTTTGACA_012,73
CTGGGATGAACAGTTTGACA_013,61
CTGGGATGAACAGTTTGACA_014,81
TGGAGGGCATTAGCATCTGG_001,18
TGGAGGGCATTAGCATCTGG_002,8
TGGAGGGCATTAGCATCTGG_003,120
TGGAGGGCATTAGCATCTGG_004,177
GTAGTCCAGCATTACCTGCT_001,189
GTAGTCCAGCATTACCTGCT_002,19
GTAGTCCAGCATTACCTGCT_003,150
GTAGTCCAGCATTACCTGCT_004,174
GTAGTCCAGCATTACCTGCT_005,172
GTAGTCCAGCATTACCTGCT_006,157
GTAGTCCAGCATTACCTGCT_007,69
GTAGTCCAGCATTACCTGCT_008,178
GTAGTCCAGCATTACCTGCT_009,120
GTAGTCCAGCATTACCTGCT_010,133
GTAGTCCAGCATTACCTGCT_011,117
GTAGTCCAGCATTACCTGCT_012,133
CAGTTATCAACCCCGACGAC_001,27
CAGTTATCAACCCCGACGAC_002,190
TGGTAGTTGAAGTACCACGC_001,49
TGGTAGTTGAAGTACCACGC_002,35
TGGTAGTTGAAGTACCACGC_003,91
TGGTAGTTGAAGTACCACGC_004,43
ACAGTTAAACGCCGCACACC_001,169
ACAGTTAAACGCCGCACACC_002,184
TGTCAGCTGGCAGATCCAAA_001,29
TGTCAGCTGGCAGATCCAAA_002,131
TGTCAGCTGGCAGATCCAAA_003,2
TGTCAGCTGGCAGATCCAAA_004,33
TGTCAGCTGGCAGATCCAAA_005,75
TGTCAGCTGGCAGATCCAAA_006,5
TGTCAGCTGGCAGATCCAAA_007,12
TGTCAGCTGGCAGATCCAAA_008,133
TGTCAGCTGGCAGATCCAAA_009,116
TGTCAGCTGGCAGATCCAAA_010,5
TGTCAGCTGGCAGATCCAAA_011,173
TGTCAGCTGGCAGATCCAAA_012,173
TGTCAGCTGGCAGATCCAAA_013,70
TGTCAGCTGGCAGATCCAAA_014,10
TGTCAGCTGGCAGATCCAAA_015,72
TGTCAGCTGGCAGATCCAAA_016,137
TGTCAGCTGGCAGATCCAAA_017,105
TAGGGGGACATTTAGGGGCG_001,9
TAGGGGGACATTTAGGGGCG_002,107
TAGGGGGACATTTAGGGGCG_003,169
TAGGGGGACATTTAGGGGCG_004,145
TAGGGGGACATTTAGGGGCG_005,181
TAGGGGGACATTTAGGGGCG_006,191
TAGGGGGACATTTAGGGGCG_007,32
TAGGGGGACATTTAGGGGCG_008,183
TAGGGGGACATTTAGGGGCG_009,17
TAGGGGGACATTTAGGGGCG_010,85
TAGGGGGACATTTAGGGGCG_011,157
TAGGGGGACATTTAGGGGCG_012,166
TAGGGGGACATTTAGGGGCG_013,103
TAGGGGGACATTTAGGGGCG_014,149
TAGGGGGACATTTAGGGGCG_015,148
TAGGGGGACATTTAGGGGCG_016,169
TAGGGGGACATTTAGGGGCG_017,127
TAGGGGGACATTTAGGGGCG_018,115
TAGGGGGACATTTAGGGGCG_019,28
TAGGGGGACATTTAGGGGCG_020,48
TAGGGGGACATTTAGGGGCG_021,148
TAGGGGGACATTTAGGGGCG_022,113
TAGGGGGACATTTAGGGGCG_023,12
TAGGGGGACATTTAGGGGCG_024,98
TAGGGGGACATTTAGGGGCG_025,177
TAGGGGGACATTTAGGGGCG_026,34
TAGGGGGACATTTAGGGGCG_027,147
TAGGGGGACATTTAGGGGCG_028,16
TAGGGGGACATTTAGGGGCG_029,142
GATTACATGCAGCAAACTGG_001,45
GATTACATGCAGCAAACTGG_002,146
GATTACATGCAGCAAACTGG_003,124
GATTACATGCAGCAAACTGG_004,9
GATTACATGCAGCAAACTGG_005,76
GATTACATGCAGCAAACTGG_006,176
GATTACATGCAGCAAACTGG_007,175
GATTACATGCAGCAAACTGG_008,98
GATTACATGCAGCAAACTGG_009,167
GATTACATGCAGCAAACTGG_010,122
GATTACATGCAGCAAACTGG_011,101
GATTACATGCAGCAAACTGG_012,77
GATTACATGCAGCAAACTGG_013,78
GATTACATGCAGCAAACTGG_014,2
GATTACATGCAGCAAACTGG_015,199
TATAAAACCTCAGAATCCAC_001,101
TATAAAACCTCAGAATCCAC_002,81
TATAAAACCTCAGAATCCAC_003,175
TATAAAACCTCAGAATCCAC_004,183
TATAAAACCTCAGAATCCAC_005,127
TATAAAACCTCAGAATCCAC_006,56
ACCTACCCTTGTAATTGAGG_001,137
ACCTACCCTTGTAATTGAGG_002,9
ACCTACCCTTGTAATTGAGG_003,64
ACCTACCCTTGTAATTGAGG_004,94
ACCTACCCTTGTAATTGAGG_005,74
ACCTACCCTTGTAATTGAGG_006,19
ACCTACCCTTGTAATTGAGG_007,10
TGGTATGCATACGAACAGTA_001,102
TGGTATGCATACGAACAGTA_002,162
TGGTATGCATACGAACAGTA_003,81
TGGTATGCATACGAACAGTA_004,20
TCCTACCTAGTGCTGCACAA_001,48
TCCTACCTAGTGCTGCACAA_002,102
TCCTACCTAGTGCTGCACAA_003,147
TCCTACCTAGTGCTGCACAA_004,144
TCCTACCTAGTGCTGCACAA_005,44
TCCTACCTAGTGCTGCACAA_006,149
GCAATTGAGTCATCAAAAGG_001,58
GCAATTGAGTCATCAAAAGG_002,157
GCAATTGAGTCATCAAAAGG_003,8
GCAATTGAGTCATCAAAAGG_004,192
GCAATTGAGTCATCAAAAGG_005,41
GCAATTGAGTCATCAAAAGG_006,163
GCAATTGAGTCATCAAAAGG_007,145
GCAATTGAGTCATCAAAAGG_008,29
GCAATTGAGTCATCAAAAGG_009,28
GCAATTGAGTCATCAAAAGG_010,101
GCAATTGAGTCATCAAAAGG_011,101
ACCGAAGCATGCATCAAGGG_001,9
ACCGAAGCATGCATCAAGGG_002,127
ACCGAAGCATGCATCAAGGG_003,15
ACCGAAGCATGCATCAAGGG_004,75
ACCGAAGCATGCATCAAGGG_005,152
ACCGAAGCATGCATCAAGGG_006,166
ACCGAAGCATGCATCAAGGG_007,175
ACCGAAGCATGCATCAAGGG_008,8
ACCGAAGCATGCATCAAGGG_009,34
ACCGAAGCATGCATCAAGGG_010,63
AAAATGAATGATACCTCAGG_001,28
GTATTCACCTACGGCATTCG_001,137
GTATTCACCTACGGCATTCG_002,88
GTATTCACCTACGGCATTCG_003,160
GTGGATTGGAATCTTGAAGC_001,83
GTGGATTGGAATCTTGAAGC_002,184
AGCTCCGGGACTTCAACAGG_001,111
AGCTCCGGGACTTCAACAGG_002,94
AGCTCCGGGACTTCAACAGG_003,18
AGCTCCGGGACTTCAACAGG_004,32
AGCTCCGGGACTTCAACAGG_005,26
AGCTCCGGGACTTCAACAGG_006,69
AGCTCCGGGACTTCAACAGG_007,86
AGCTCCGGGACTTCAACAGG_008,144
AGCTCCGGGACTTCAACAGG_009,168
AGCTCCGGGACTTCAACAGG_010,158
AGCTCCGGGACTTCAACAGG_011,168
AGCTCCGGGACTTCAACAGG_012,68
AGCTCCGGGACTTCAACAGG_013,52
AGCTCCGGGACTTCAACAGG_014,137
AGCTCCGGGACTTCAACAGG_015,176
AGCTCCGGGACTTCAACAGG_016,12
AGCTCCGGGACTTCAACAGG_017,166
AGCTCCGGGACTTCAACAGG_018,157
CAGTTAAATGAGGGAACTGG_001,115
CAGTTAAATGAGGGAACTGG_002,88
CAGTTAAATGAGGGAACTGG_003,191
CAGTTAAATGAGGGAACTGG_004,89
CAGTTAAATGAGGGAACTGG_005,145
CAGTTAAATGAGGGAACTGG_006,65
CGGGTCTGTCAAGACGTGTG_001,89
CGGGTCTGTCAAGACGTGTG_002,116
CGGGTCTGTCAAGACGTGTG_003,169
CGGGTCTGTCAAGACGTGTG_004,2
CGGGTCTGTCAAGACGTGTG_005,141
CGGGTCTGTCAAGACGTGTG_006,177
CGGGTCTGTCAAGACGTGTG_007,177
CGGGTCTGTCAAGACGTGTG_008,150
CGGGTCTGTCAAGACGTGTG_009,15
CGGGTCTGTCAAGACGTGTG_010,10
CGGGTCTGTCAAGACGTGTG_011,191
CGGGTCTGTCAAGACGTGTG_012,20
CGGGTCTGTCAAGACGTGTG_013,49
CGGGTCTGTCAAGACGTGTG_014,90
CAACCTATGTTACTAAGACA_001,32
CAACCTATGTTACTAAGACA_002,139
CAACCTATGTTACTAAGACA_003,47
GGACCGGTGAATACAGCCAT_001,168
GGACCGGTGAATACAGCCAT_002,56
GGACCGGTGAATACAGCCAT_003,163
GGACCGGTGAATACAGCCAT_004,192
GGACCGGTGAATACAGCCAT_005,174
GGACCGGTGAATACAGCCAT_006,158
GGACCGGTGAATACAGCCAT_007,70
GGACCGGTGAATACAGCCAT_008,168
GGACCGGTGAATACAGCCAT_009,46
GGACCGGTGAATACAGCCAT_010,117
TTGTAGCCTTGGAACTCGAG_001,174
TTGTAGCCTTGGAACTCGAG_002,31
TTGTAGCCTTGGAACTCGAG_003,130
TTGTAGCCTTGGAACTCGAG_004,137
TTGTAGCCTTGGAACTCGAG_005,113
TTGTAGCCTTGGAACTCGAG_006,116
TTGTAGCCTTGGAACTCGAG_007,12
TTGTAGCCTTGGAACTCGAG_008,30
TTGTAGCCTTGGAACTCGAG_009,141
TTGTAGCCTTGGAACTCGAG_010,150
TTGTAGCCTTGGAACTCGAG_011,183
TTGTAGCCTTGGAACTCGAG_012,35
TTGTTCAGGCAATCTCAACA_001,118
TTGTTCAGGCAATCTCAACA_002,16
TTGTTCAGGCAATCTCAACA_003,157
TTGTTCAGGCAATCTCAACA_004,101
TTGTTCAGGCAATCTCAACA_005,175
TAAAAGAGGACGCACAACTG_001,102
TAAAAGAGGACGCACAACTG_002,173
TAAAAGAGGACGCACAACTG_003,56
TAAAAGAGGACGCACAACTG_004,198
TAAAAGAGGACGCACAACTG_005,199
TAAAAGAGGACGCACAACTG_006,146
TAAAAGAGGACGCACAACTG_007,92
TAAAAGAGGACGCACAACTG_008,94
TAAAAGAGGACGCACAACTG_009,21
TAAAAGAGGACGCACAACTG_010,168
TAAAAGAGGACGCACAACTG_011,161
TAAAAGAGGACGCACAACTG_012,1
AGAACATGTAGGCATCCTTG_001,115
AGAACATGTAGGCATCCTTG_002,76
AGAACATGTAGGCATCCTTG_003,32
AGAACATGTAGGCATCCTTG_004,188
AGAACATGTAGGCATCCTTG_005,197
AGAACATGTAGGCATCCTTG_006,116
AGAACATGTAGGCATCCTTG_007,170
AGAACATGTAGGCATCCTTG_008,179
AGAACATGTAGGCATCCTTG_009,70
AGAACATGTAGGCATCCTTG_010,27
AGAACATGTAGGCATCCTTG_011,8
AGAACATGTAGGCATCCTTG_012,127
AGAACATGTAGGCATCCTTG_013,81
AGAACATGTAGGCATCCTTG_014,127
GCACATCACCACAAACACGC_001,2
GCACATCACCACAAACACGC_002,50
GCACATCACCACAAACACGC_003,18
GCACATCACCACAAACACGC_004,166
GCACATCACCACAAACACGC_005,169
GCACATCACCACAAACACGC_006,179
GCACATCACCACAAACACGC_007,179
GCACATCACCACAAACACGC_008,60
GCACATCACCACAAACACGC_009,121
GCACATCACCACAAACACGC_010,129
GCACATCACCACAAACACGC_011,195
GCACATCACCACAAACACGC_012,83
GCACATCACCACAAACACGC_013,43
GCACATCACCACAAACACGC_014,41
GCACATCACCACAAACACGC_015,1
GCACATCACCACAAACACGC_016,25
GCACATCACCACAAACACGC_017,53
GCACATCACCACAAACACGC_018,158
GCACATCACCACAAACACGC_019,69
GGATTCCAAACAACACACAG_001,68
GGATTCCAAACAACACACAG_002,29
GGATTCCAAACAACACACAG_003,88
GGATTCCAAACAACACACAG_004,199
GGATTCCAAACAACACACAG_005,40
GGATTCCAAACAACACACAG_006,132
GGATTCCAAACAACACACAG_007,158
GGATTCCAAACAACACACAG_008,11
GGATTCCAAACAACACACAG_009,32
GGATTCCAAACAACACACAG_010,14
GGATTCCAAACAACACACAG_011,144
GGATTCCAAACAACACACAG_012,169
GGATTCCAAACAACACACAG_013,170
ATGGGGATGAAGAACCAGCT_001,50
ATGGGGATGAAGAACCAGCT_002,175
ATGGGGATGAAGAACCAGCT_003,150
ATGGGGATGAAGAACCAGCT_004,53
ATGGGGATGAAGAACCAGCT_005,146
ATGGGGATGAAGAACCAGCT_006,48
ATGGGGATGAAGAACCAGCT_007,97
ATGGGGATGAAGAACCAGCT_008,164
ATGGGGATGAAGAACCAGCT_009,32
ATGGGGATGAAGAACCAGCT_010,190
ATGGGGATGAAGAACCAGCT_011,85
ATGGGGATGAAGAACCAGCT_012,69
ATGGGGATGAAGAACCAGCT_013,94
ATGGGGATGAAGAACCAGCT_014,57
ATGGGGATGAAGAACCAGCT_015,72
ATGGGGATGAAGAACCAGCT_016,152
ATGGGGATGAAGAACCAGCT_017,105
ATGGGGATGAAGAACCAGCT_018,184
ATGGGGATGAAGAACCAGCT_019,137
ATGGGGATGAAGAACCAGCT_020,197
ATGGGGATGAAGAACCAGCT_021,60
ATGGGGATGAAGAACCAGCT_022,189
ATGGGGATGAAGAACCAGCT_023,142
ATGGGGATGAAGAACCAGCT_024,28
ATGGGGATGAAGAACCAGCT_025,41
GTGAATGGGGCTGACTACCG_001,53
GTGAATGGGGCTGACTACCG_002,3
GTGCATCATCAAGCACCTAG_001,34
GTGCATCATCAAGCACCTAG_002,106
GTGCATCATCAAGCACCTAG_003,130
GTGCATCATCAAGCACCTAG_004,190
GTGCATCATCAAGCACCTAG_005,71
GTGCATCATCAAGCACCTAG_006,185
TTCCAAGAAAAGCGTATGCT_001,168
TTCCAAGAAAAGCGTATGCT_002,1
TTCCAAGAAAAGCGTATGCT_003,78
TTCCAAGAAAAGCGTATGCT_004,175
TTCCAAGAAAAGCGTATGCT_005,111
TTCCAAGAAAAGCGTATGCT_006,48
TTCCAAGAAAAGCGTATGCT_007,46
CAGGACACGGAGGACCGGAG_001,56
CAGGACACGGAGGACCGGAG_002,14
CAGGACACGGAGGACCGGAG_003,23
CAGGACACGGAGGACCGGAG_004,103
CAGGACACGGAGGACCGGAG_005,104
CAGGACACGGAGGACCGGAG_006,75
CAGGACACGGAGGACCGGAG_007,12
CAGGACACGGAGGACCGGAG_008,138
CAGGACACGGAGGACCGGAG_009,149
CAGGACACGGAGGACCGGAG_010,141
CAGGACACGGAGGACCGGAG_011,145
CAGGACACGGAGGACCGGAG_012,108
CAGGACACGGAGGACCGGAG_013,161
CAGGACACGGAGGACCGGAG_014,98
CAGGACACGGAGGACCGGAG_015,38
CAGGACACGGAGGACCGGAG_016,156
CAGGACACGGAGGACCGGAG_017,78
CAGGACACGGAGGACCGGAG_018,145
CAGGACACGGAGGACCGGAG_019,198
CAGGACACGGAGGACCGGAG_020,28
CAGGACACGGAGGACCGGAG_021,15
CAGGACACGGAGGACCGGAG_022,78
CAGGACACGGAGGACCGGAG_023,6
GTCAGACTCCGAGTCCGAAG_001,29
GTCAGACTCCGAGTCCGAAG_002,186
GTCAGACTCCGAGTCCGAAG_003,162
GTCAGACTCCGAGTCCGAAG_004,168
GTCAGACTCCGAGTCCGAAG_005,172
GTCAGACTCCGAGTCCGAAG_006,161
GTCAGACTCCGAGTCCGAAG_007,17
CAGGGCGTACACCACCCAGT_001,119
CAGGGCGTACACCACCCAGT_002,143
CAGGGCGTACACCACCCAGT_003,53
CAGGGCGTACACCACCCAGT_004,78
CAGGGCGTACACCACCCAGT_005,49
CAGGGCGTACACCACCCAGT_006,92
CAGGGCGTACACCACCCAGT_007,147
CTACCTCCAACAGCTACTCA_001,99
CTACCTCCAACAGCTACTCA_002,48
CTACCTCCAACAGCTACTCA_003,45
CTACCTCCAACAGCTACTCA_004,96
CTACCTCCAACAGCTACTCA_005,15
CTACCTCCAACAGCTACTCA_006,199
CTACCTCCAACAGCTACTCA_007,4
CTACCTCCAACAGCTACTCA_008,196
CTACCTCCAACAGCTACTCA_009,121
CTACCTCCAACAGCTACTCA_010,29
CTACCTCCAACAGCTACTCA_011,8
CTACCTCCAACAGCTACTCA_012,23
CTACCTCCAACAGCTACTCA_013,12
CTACCTCCAACAGCTACTCA_014,48
CTACCTCCAACAGCTACTCA_015,17
CTACCTCCAACAGCTACTCA_016,70
CTACCTCCAACAGCTACTCA_017,10
CTGAAGTTAACTGATTATCG_001,140
CTGAAGTTAACTGATTATCG_002,58
CTGAAGTTAACTGATTATCG_003,88
ACCTGAAAATGAATCTCCAT_001,140
ACCTGAAAATGAATCTCCAT_002,165
ACCTGAAAATGAATCTCCAT_003,109
ACCTGAAAATGAATCTCCAT_004,195
ACCTGAAAATGAATCTCCAT_005,13
CAGCTGATGAAAGTCGATGG_001,16
CAGCTGATGAAAGTCGATGG_002,169
CAGCTGATGAAAGTCGATGG_003,107
CAGCTGATGAAAGTCGATGG_004,27
CAGCTGATGAAAGTCGATGG_005,111
CAGCTGATGAAAGTCGATGG_006,88
CAGCTGATGAAAGTCGATGG_007,34
CAGCTGATGAAAGTCGATGG_008,56
CAGCTGATGAAAGTCGATGG_009,197
CAGCTGATGAAAGTCGATGG_010,76
TCACTACACCAAACAATGTG_001,93
TCACTACACCAAACAATGTG_002,107
TCACTACACCAAACAATGTG_003,17
AACCAATCACCCTGTGATGG_001,41
AACCAATCACCCTGTGATGG_002,148
AACCAATCACCCTGTGATGG_003,161
AACCAATCACCCTGTGATGG_004,130
AACCAATCACCCTGTGATGG_005,36
AATTTCCGGATACAGAGTCT_001,10
AATTTCCGGATACAGAGTCT_002,98
CCTTGATGTCAGGTAGAGAG_001,75
CCTTGATGTCAGGTAGAGAG_002,75
CCTTGATGTCAGGTAGAGAG_003,57
CCTTGATGTCAGGTAGAGAG_004,141
CCTTGATGTCAGGTAGAGAG_005,139
CCTTGATGTCAGGTAGAGAG_006,92
CCTTGATGTCAGGTAGAGAG_007,43
CCTTGATGTCAGGTAGAGAG_008,128
CCTTGATGTCAGGTAGAGAG_009,162
CCTTGATGTCAGGTAGAGAG_010,171
CCTTGATGTCAGGTAGAGAG_011,98
CCTTGATGTCAGGTAGAGAG_012,70
CCTTGATGTCAGGTAGAGAG_013,63
TGACAATCAACGAGGACATG_001,154
TGACAATCAACGAGGACATG_002,34
TGACAATCAACGAGGACATG_003,106
TGACAATCAACGAGGACATG_004,119
AACCCTACCATAAAGGACAA_001,92
AACCCTACCATAAAGGACAA_002,47
AACCCTACCATAAAGGACAA_003,57
AACCCTACCATAAAGGACAA_004,172
AACCCTACCATAAAGGACAA_005,14
AACCCTACCATAAAGGACAA_006,17
AACCCTACCATAAAGGACAA_007,80
AGCCTATGGTGCTCCTCGTG_001,140
GATTGCGAAGAGCGCCGCTG_001,77
GATTGCGAAGAGCGCCGCTG_002,162
GATTGCGAAGAGCGCCGCTG_003,72
GATTGCGAAGAGCGCCGCTG_004,158
GATTGCGAAGAGCGCCGCTG_005,192
GATTGCGAAGAGCGCCGCTG_006,156
GATTGCGAAGAGCGCCGCTG_007,95
GATTGCGAAGAGCGCCGCTG_008,29
GATTGCGAAGAGCGCCGCTG_009,128
GATTGCGAAGAGCGCCGCTG_010,87
GATTGCGAAGAGCGCCGCTG_011,124
GATTGCGAAGAGCGCCGCTG_012,130
GATTGCGAAGAGCGCCGCTG_013,112
GATTGCGAAGAGCGCCGCTG_014,18
GATTGCGAAGAGCGCCGCTG_015,12
GATTGCGAAGAGCGCCGCTG_016,60
AACCGACCGATCTTTCGGGA_001,2
AACCGACCGATCTTTCGGGA_002,1
AACCGACCGATCTTTCGGGA_003,137
AACCGACCGATCTTTCGGGA_004,94
AACCGACCGATCTTTCGGGA_005,178
AACCGACCGATCTTTCGGGA_006,99
AACCGACCGATCTTTCGGGA_007,183
AACCGACCGATCTTTCGGGA_008,129
CCATCTGTAGAGACTTCTTG_001,51
CCATCTGTAGAGACTTCTTG_002,1
CCATCTGTAGAGACTTCTTG_003,197
CCATCTGTAGAGACTTCTTG_004,197
CCATCTGTAGAGACTTCTTG_005,129
CCATCTGTAGAGACTTCTTG_006,24
CCATCTGTAGAGACTTCTTG_007,141
CCATCTGTAGAGACTTCTTG_008,160
CCATCTGTAGAGACTTCTTG_009,58
CCATCTGTAGAGACTTCTTG_010,24
TGAGCTGCCGTCGGACGCAG_001,65
TGAGCTGCCGTCGGACGCAG_002,140
TGAGCTGCCGTCGGACGCAG_003,89
TGAGCTGCCGTCGGACGCAG_004,26
TGAGCTGCCGTCGGACGCAG_005,127
TGAGCTGCCGTCGGACGCAG_006,20
TGAGCTGCCGTCGGACGCAG_007,60
TGAGCTGCCGTCGGACGCAG_008,96
TGAGCTGCCGTCGGACGCAG_009,77
TGAGCTGCCGTCGGACGCAG_010,106
TGAGCTGCCGTCGGACGCAG_011,19
TGAGCTGCCGTCGGACGCAG_012,166
GAGGGTCAAGGAATGGGCCA_001,116
GAGGGTCAAGGAATGGGCCA_002,97
GAGGGTCAAGGAATGGGCCA_003,193
GAGGGTCAAGGAATGGGCCA_004,26
GAGGGTCAAGGAATGGGCCA_005,44
GAGGGTCAAGGAATGGGCCA_006,98
GAGGGTCAAGGAATGGGCCA_007,34
GAGGGTCAAGGAATGGGCCA_008,16
GAGGGTCAAGGAATGGGCCA_009,141
GAGGGTCAAGGAATGGGCCA_010,69
GAGGGTCAAGGAATGGGCCA_011,88
GAGGGTCAAGGAATGGGCCA_012,37
GAGGGTCAAGGAATGGGCCA_013,126
GAGGGTCAAGGAATGGGCCA_014,82
GAGGGTCAAGGAATGGGCCA_015,25
GAGGGTCAAGGAATGGGCCA_016,132
GAGGGTCAAGGAATGGGCCA_017,169
GAGGGTCAAGGAATGGGCCA_018,134
GAGGGTCAAGGAATGGGCCA_019,35
GAGGGTCAAGGAATGGGCCA_020,163
CGTGGGCACCGAGTTCTGGG_001,94
CGTGGGCACCGAGTTCTGGG_002,198
CGTGGGCACCGAGTTCTGGG_003,175
CGTGGGCACCGAGTTCTGGG_004,113
CGTGGGCACCGAGTTCTGGG_005,187
CGTGGGCACCGAGTTCTGGG_006,120
CGTGGGCACCGAGTTCTGGG_007,52
CGTGGGCACCGAGTTCTGGG_008,43
CTCCATGACCTCCCATGGAG_001,168
CTCCATGACCTCCCATGGAG_002,21
CTCCATGACCTCCCATGGAG_003,170
CTCCATGACCTCCCATGGAG_004,144
CTCCATGACCTCCCATGGAG_005,165
CTCCATGACCTCCCATGGAG_006,151
CTCCATGACCTCCCATGGAG_007,16
CTCCATGACCTCCCATGGAG_008,15
CTCCATGACCTCCCATGGAG_009,88
CTCCATGACCTCCCATGGAG_010,158
CTCCATGACCTCCCATGGAG_011,199
CTCCATGACCTCCCATGGAG_012,47
CTCCATGACCTCCCATGGAG_013,69
CTCCATGACCTCCCATGGAG_014,57
CTCCATGACCTCCCATGGAG_015,136
CTCCATGACCTCCCATGGAG_016,105
CTCCATGACCTCCCATGGAG_017,40
TGCATATGGCCTGAGCCGGG_001,51
TGCATATGGCCTGAGCCGGG_002,127
AATGTCGGTAAGTATTGCGT_001,27
AAATGGAACACCAATTCCAG_001,49
AAATGGAACACCAATTCCAG_002,56
AAATGGAACACCAATTCCAG_003,115
AAATGGAACACCAATTCCAG_004,159
AAATGGAACACCAATTCCAG_005,143
AAATGGAACACCAATTCCAG_006,127
AAATGGAACACCAATTCCAG_007,101
AGTTGTGATTTAAGACCTCA_001,137
AGTTGTGATTTAAGACCTCA_002,199
AGTTGTGATTTAAGACCTCA_003,188
AGTTGTGATTTAAGACCTCA_004,173
AGTTGTGATTTAAGACCTCA_005,173
AGTTGTGATTTAAGACCTCA_006,0
AGTTGTGATTTAAGACCTCA_007,29
AGTTGTGATTTAAGACCTCA_008,127
AGTTGTGATTTAAGACCTCA_009,151
AGTTGTGATTTAAGACCTCA_010,0
AGTTGTGATTTAAGACCTCA_011,123
AGTTGTGATTTAAGACCTCA_012,96
AGTTGTGATTTAAGACCTCA_013,134
AGTTGTGATTTAAGACCTCA_014,50
AGTTGTGATTTAAGACCTCA_015,122
AGTTGTGATTTAAGACCTCA_016,136
AGTTGTGATTTAAGACCTCA_017,151
AGTTGTGATTTAAGACCTCA_018,21
CAAAGAGGCCAACTCCACGA_001,31
CAAAGAGGCCAACTCCACGA_002,8
CAAAGAGGCCAACTCCACGA_003,162
CAAAGAGGCCAACTCCACGA_004,108
CAAAGAGGCCAACTCCACGA_005,168
CAAAGAGGCCAACTCCACGA_006,146
CAAAGAGGCCAACTCCACGA_007,61
CAAAGAGGCCAACTCCACGA_008,198
CAAAGAGGCCAACTCCACGA_009,44
CAAAGAGGCCAACTCCACGA_010,70
CAAAGAGGCCAACTCCACGA_011,172
CAAAGAGGCCAACTCCACGA_012,158
CAAAGAGGCCAACTCCACGA_013,130
CAAAGAGGCCAACTCCACGA_014,115
CAAAGAGGCCAACTCCACGA_015,81
CAAAGAGGCCAACTCCACGA_016,129
CAAAGAGGCCAACTCCACGA_017,162
CAAAGAGGCCAACTCCACGA_018,115
CAAAGAGGCCAACTCCACGA_019,10
CAAAGAGGCCAACTCCACGA_020,188
CAAAGAGGCCAACTCCACGA_021,141
CAAAGAGGCCAACTCCACGA_022,2
GGCCACCAGTGACTTCTGTG_001,181
GGCCACCAGTGACTTCTGTG_002,32
GGCCACCAGTGACTTCTGTG_003,160
GGCCACCAGTGACTTCTGTG_004,172
GGCCACCAGTGACTTCTGTG_005,140
GGCCACCAGTGACTTCTGTG_006,78
GGCCACCAGTGACTTCTGTG_007,76
GGCCACCAGTGACTTCTGTG_008,42
GGCCACCAGTGACTTCTGTG_009,105
GGCCACCAGTGACTTCTGTG_010,48
GGCCACCAGTGACTTCTGTG_011,20
GGCCACCAGTGACTTCTGTG_012,169
GGCCACCAGTGACTTCTGTG_013,65
GGCCACCAGTGACTTCTGTG_014,193
GGCCACCAGTGACTTCTGTG_015,145
GGCCACCAGTGACTTCTGTG_016,145
GGCCACCAGTGACTTCTGTG_017,138
GGCCACCAGTGACTTCTGTG_018,2
GGCCACCAGTGACTTCTGTG_019,81
GGTTATATACAGGCATGTAG_001,113
GGTTATATACAGGCATGTAG_002,105
GGGTGCCGAAGTAGCCACAG_001,52
GGGTGCCGAAGTAGCCACAG_002,147
GGGTGCCGAAGTAGCCACAG_003,5
GGGTGCCGAAGTAGCCACAG_004,176
GGGTGCCGAAGTAGCCACAG_005,177
GGGTGCCGAAGTAGCCACAG_006,115
GGGTGCCGAAGTAGCCACAG_007,56
GGGTGCCGAAGTAGCCACAG_008,52
GGGTGCCGAAGTAGCCACAG_009,184
TCCATCCTATGAAGAGACAG_001,15
TCCATCCTATGAAGAGACAG_002,84
TCCATCCTATGAAGAGACAG_003,162
TCCATCCTATGAAGAGACAG_004,197
TCCATCCTATGAAGAGACAG_005,186
TCCATCCTATGAAGAGACAG_006,124
TCCATCCTATGAAGAGACAG_007,41
TCCATCCTATGAAGAGACAG_008,52
TCCATCCTATGAAGAGACAG_009,13
TCCATCCTATGAAGAGACAG_010,8
TCCATCCTATGAAGAGACAG_011,19
TCCATCCTATGAAGAGACAG_012,47
TCCATCCTATGAAGAGACAG_013,3
TCCATCCTATGAAGAGACAG_014,103
TCCATCCTATGAAGAGACAG_015,25
TGGTCCGTGGATACAGTGGG_001,76
TGGTCCGTGGATACAGTGGG_002,77
TGGTCCGTGGATACAGTGGG_003,150
TGGTCCGTGGATACAGTGGG_004,23
TGGTCCGTGGATACAGTGGG_005,35
TGGTCCGTGGATACAGTGGG_006,48
TGGTCCGTGGATACAGTGGG_007,34
TGGTCCGTGGATACAGTGGG_008,29
TGGTCCGTGGATACAGTGGG_009,50
TGGTCCGTGGATACAGTGGG_010,133
TGGTCCGTGGATACAGTGGG_011,94
TGGTCCGTGGATACAGTGGG_012,76
AGAAATCAGTCCCCAGAATG_001,60
AGAAATCAGTCCCCAGAATG_002,132
AGAAATCAGTCCCCAGAATG_003,62
AGAAATCAGTCCCCAGAATG_004,174
AGAAATCAGTCCCCAGAATG_005,19
AGAAATCAGTCCCCAGAATG_006,77
CATGGGAAATGTGCTGACCA_001,184
CATGGGAAATGTGCTGACCA_002,138
CCCGCAGCGACTCTACACCG_001,158
CCCGCAGCGACTCTACACCG_002,70
CCCGCAGCGACTCTACACCG_003,118
CCCGCAGCGACTCTACACCG_004,36
CCCGCAGCGACTCTACACCG_005,158
CGACGAACGTGTTTCCGCTG_001,19
CGACGAACGTGTTTCCGCTG_002,42
CGACGAACGTGTTTCCGCTG_003,49
GGACAGCGTGGGTATCGAGG_001,54
GCTGTAGAAGTTATGGAACA_001,197
GCTGTAGAAGTTATGGAACA_002,15
GCTGTAGAAGTTATGGAACA_003,176
GTGATGAAGTGTCCGAGCAA_001,62
GTGATGAAGTGTCCGAGCAA_002,34
GTGATGAAGTGTCCGAGCAA_003,4
GTGATGAAGTGTCCGAGCAA_004,94
GTGATGAAGTGTCCGAGCAA_005,42
GTGATGAAGTGTCCGAGCAA_006,108
GTGATGAAGTGTCCGAGCAA_007,147
GTGATGAAGTGTCCGAGCAA_008,153
GTGATGAAGTGTCCGAGCAA_009,74
GTGATGAAGTGTCCGAGCAA_010,119
GTGATGAAGTGTCCGAGCAA_011,88
GTGATGAAGTGTCCGAGCAA_012,166
GTGATGAAGTGTCCGAGCAA_013,156
GTGATGAAGTGTCCGAGCAA_014,42
GTGATGAAGTGTCCGAGCAA_015,124
GTGATGAAGTGTCCGAGCAA_016,3
GTGATGAAGTGTCCGAGCAA_017,78
GTTTCCGCATTCAGTCCTTG_001,24
GTTTCCGCATTCAGTCCTTG_002,92
GTTTCCGCATTCAGTCCTTG_003,58
TTGCCTTAGATCCTTCAAGT_001,147
TTGCCTTAGATCCTTCAAGT_002,172
TTGCCTTAGATCCTTCAAGT_003,24
TTGCCTTAGATCCTTCAAGT_004,98
TTGCCTTAGATCCTTCAAGT_005,36
TTGCCTTAGATCCTTCAAGT_006,70
TTGCCTTAGATCCTTCAAGT_007,34
GAATTGCATCCGACAAGCCA_001,137
GAATTGCATCCGACAAGCCA_002,72
GAATTGCATCCGACAAGCCA_003,67
GAATTGCATCCGACAAGCCA_004,31
GAATTGCATCCGACAAGCCA_005,77
GAATTGCATCCGACAAGCCA_006,152
GCCTGCGTCCATGATGACAA_001,136
GCCTGCGTCCATGATGACAA_002,70
GCCTGCGTCCATGATGACAA_003,109
GCCTGCGTCCATGATGACAA_004,109
GCCTGCGTCCATGATGACAA_005,183
GCCTGCGTCCATGATGACAA_006,92
GCCTGCGTCCATGATGACAA_007,92
GCCTGCGTCCATGATGACAA_008,184
GCCTGCGTCCATGATGACAA_009,119
GCCTGCGTCCATGATGACAA_010,141
GCCTGCGTCCATGATGACAA_011,120
GCCTGCGTCCATGATGACAA_012,128
GCCTGCGTCCATGATGACAA_013,122
GCCTGCGTCCATGATGACAA_014,19
GCCTGCGTCCATGATGACAA_015,17
GCCTGCGTCCATGATGACAA_016,147
GCCTGCGTCCATGATGACAA_017,133
GCCTGCGTCCATGATGACAA_018,48
GCCTGCGTCCATGATGACAA_019,56
TTTCTTCATAATGTGCACGG_001,127
TTTCTTCATAATGTGCACGG_002,155
TTTCTTCATAATGTGCACGG_003,98
AAAAACGGTCCATTGGTAGG_001,187
AAAAACGGTCCATTGGTAGG_002,186
AAAAACGGTCCATTGGTAGG_003,7
AAAAACGGTCCATTGGTAGG_004,29
ACTGCCTAGAAATCTTGTGT_001,127
GAGCAGGGGTCGCAGCACAC_001,193
GAGCAGGGGTCGCAGCACAC_002,166
GAGCAGGGGTCGCAGCACAC_003,60
GAGCAGGGGTCGCAGCACAC_004,5
GAGCAGGGGTCGCAGCACAC_005,172
GAGCAGGGGTCGCAGCACAC_006,48
GAGCAGGGGTCGCAGCACAC_007,109
GAGCAGGGGTCGCAGCACAC_008,109
GAGCAGGGGTCGCAGCACAC_009,70
GAGCAGGGGTCGCAGCACAC_010,68
GAGCAGGGGTCGCAGCACAC_011,77
GAGCAGGGGTCGCAGCACAC_012,158
GAGCAGGGGTCGCAGCACAC_013,9
GAGCAGGGGTCGCAGCACAC_014,96
GAGCAGGGGTCGCAGCACAC_015,179
GAGCAGGGGTCGCAGCACAC_016,108
GAGCAGGGGTCGCAGCACAC_017,178
GAGCAGGGGTCGCAGCACAC_018,181
GAGCAGGGGTCGCAGCACAC_019,7
GAGCAGGGGTCGCAGCACAC_020,61
GAGCAGGGGTCGCAGCACAC_021,103
GAGCAGGGGTCGCAGCACAC_022,68
GAGCAGGGGTCGCAGCACAC_023,109
GAGCAGGGGTCGCAGCACAC_024,52
GAGCAGGGGTCGCAGCACAC_025,133
GAGCAGGGGTCGCAGCACAC_026,153
GAGCAGGGGTCGCAGCACAC_027,8
GAGCAGGGGTCGCAGCACAC_028,174
GAGCAGGGGTCGCAGCACAC_029,131
GAGCAGGGGTCGCAGCACAC_030,64
GAGCAGGGGTCGCAGCACAC_031,51
GAGCAGGGGTCGCAGCACAC_032,54
GAGCAGGGGTCGCAGCACAC_033,169
GAGCAGGGGTCGCAGCACAC_034,13
GAGCAGGGGTCGCAGCACAC_035,28
GAGCAGGGGTCGCAGCACAC_036,170
GAGCAGGGGTCGCAGCACAC_037,118
GAGCAGGGGTCGCAGCACAC_038,165
GAGCAGGGGTCGCAGCACAC_039,138
GAGCAGGGGTCGCAGCACAC_040,144
GAGCAGGGGTCGCAGCACAC_041,12
GAGCAGGGGTCGCAGCACAC_042,17
GAGCAGGGGTCGCAGCACAC_043,83
GAGCAGGGGTCGCAGCACAC_044,57
GAGCAGGGGTCGCAGCACAC_045,10
GAGCAGGGGTCGCAGCACAC_046,83
GAGCAGGGGTCGCAGCACAC_047,177
GAGCAGGGGTCGCAGCACAC_048,174
GAGCAGGGGTCGCAGCACAC_049,144
GAGCAGGGGTCGCAGCACAC_050,157
GAGCAGGGGTCGCAGCACAC_051,158
GAGCAGGGGTCGCAGCACAC_052,47
GAGCAGGGGTCGCAGCACAC_053,36
GAGCAGGGGTCGCAGCACAC_054,121
GAGCAGGGGTCGCAGCACAC_055,134
GAGCAGGGGTCGCAGCACAC_056,158
GAGCAGGGGTCGCAGCACAC_057,64
GAGCAGGGGTCGCAGCACAC_058,70
GAGCAGGGGTCGCAGCACAC_059,127
GAGCAGGGGTCGCAGCACAC_060,1
GAGCAGGGGTCGCAGCACAC_061,161
GAGCAGGGGTCGCAGCACAC_062,149
CCAGGGCAGCCTGAATACTT_001,32
CCAGGGCAGCCTGAATACTT_002,116
CCAGGGCAGCCTGAATACTT_003,0
CCAGGGCAGCCTGAATACTT_004,194
CCAGGGCAGCCTGAATACTT_005,154
CCAGGGCAGCCTGAATACTT_006,92
CCAGGGCAGCCTGAATACTT_007,176
CCAGGGCAGCCTGAATACTT_008,170
CCAGGGCAGCCTGAATACTT_009,199
GACAAGACCACTGAGTAGGG_001,76
GACAAGACCACTGAGTAGGG_002,140
GACAAGACCACTGAGTAGGG_003,2
GACAAGACCACTGAGTAGGG_004,104
GACAAGACCACTGAGTAGGG_005,156
GACAAGACCACTGAGTAGGG_006,156
GACAAGACCACTGAGTAGGG_007,77
GACAAGACCACTGAGTAGGG_008,168
GACAAGACCACTGAGTAGGG_009,59
TGTCCAGGATTAGTCACCAG_001,150
TGTCCAGGATTAGTCACCAG_002,48
TGTCCAGGATTAGTCACCAG_003,77
TGTCCAGGATTAGTCACCAG_004,170
TGTCCAGGATTAGTCACCAG_005,42
TGTCCAGGATTAGTCACCAG_006,149
TGTCCAGGATTAGTCACCAG_007,118
TGTCCAGGATTAGTCACCAG_008,146
TGTCCAGGATTAGTCACCAG_009,153
TGTCCAGGATTAGTCACCAG_010,191
TGTCCAGGATTAGTCACCAG_011,174
AAACATCCATATCAACACGA_001,72
AAACATCCATATCAACACGA_002,188
AAACATCCATATCAACACGA_003,188
AAACATCCATATCAACACGA_004,94
GACTGCAACCCTGGAGTACG_001,42
GACTGCAACCCTGGAGTACG_002,42
GACTGCAACCCTGGAGTACG_003,172
GACTGCAACCCTGGAGTACG_004,58
TCAGGTCGTTGCATAGACGG_001,133
TCAGGTCGTTGCATAGACGG_002,119
TCAGGTCGTTGCATAGACGG_003,186
TCAGGTCGTTGCATAGACGG_004,51
TCAGGTCGTTGCATAGACGG_005,64
TCAGGTCGTTGCATAGACGG_006,141
TCAGGTCGTTGCATAGACGG_007,37
TCAGGTCGTTGCATAGACGG_008,98
TCAGGTCGTTGCATAGACGG_009,94
TCAGGTCGTTGCATAGACGG_010,115
TCAGGTCGTTGCATAGACGG_011,23
TCAGGTCGTTGCATAGACGG_012,43
ATCAGTACTGACAAGTGGAG_001,78
ATCAGTACTGACAAGTGGAG_002,77
ATCAGTACTGACAAGTGGAG_003,103
ATCAGTACTGACAAGTGGAG_004,136
ATCAGTACTGACAAGTGGAG_005,170
ATCAGTACTGACAAGTGGAG_006,27
ATCAGTACTGACAAGTGGAG_007,199
ATCAGTACTGACAAGTGGAG_008,127
ATCAGTACTGACAAGTGGAG_009,133
ATCAGTACTGACAAGTGGAG_010,133
CCTACCAGATGAAGTTACCC_001,162
CCTACCAGATGAAGTTACCC_002,130
CCTACCAGATGAAGTTACCC_003,78
ATTCAGACATTAGGCCATCG_001,96
ATTCAGACATTAGGCCATCG_002,81
ATTCAGACATTAGGCCATCG_003,62
ATTCAGACATTAGGCCATCG_004,89
ATTCAGACATTAGGCCATCG_005,154
ATTCAGACATTAGGCCATCG_006,123
ATTCAGACATTAGGCCATCG_007,150
ATTCAGACATTAGGCCATCG_008,28
ATTCAGACATTAGGCCATCG_009,46
ATTCAGACATTAGGCCATCG_010,121
ATTCAGACATTAGGCCATCG_011,162
ATTCAGACATTAGGCCATCG_012,177
ATTCAGACATTAGGCCATCG_013,63
ATTCAGACATTAGGCCATCG_014,10
AGAAATGAGAATAAAGCTGT_001,88
AGAAATGAGAATAAAGCTGT_002,77
AGAAATGAGAATAAAGCTGT_003,130
AGAAATGAGAATAAAGCTGT_004,141
AGAAATGAGAATAAAGCTGT_005,22
TGCCGTGGAAGAAGTGGTGA_001,176
TGCCGTGGAAGAAGTGGTGA_002,63
TGCCGTGGAAGAAGTGGTGA_003,129
TGCCGTGGAAGAAGTGGTGA_004,176
TGCCGTGGAAGAAGTGGTGA_005,188
TGCCGTGGAAGAAGTGGTGA_006,117
TGCCGTGGAAGAAGTGGTGA_007,81
TGCCGTGGAAGAAGTGGTGA_008,157
TGCCGTGGAAGAAGTGGTGA_009,157
TCTGGCACTTGAATGAAACG_001,127
TCTGGCACTTGAATGAAACG_002,132
TCTGGCACTTGAATGAAACG_003,192
TCTGGCACTTGAATGAAACG_004,166
GTTGTAATACTGGGACACGT_001,175
GTTGTAATACTGGGACACGT_002,124
GTTGTAATACTGGGACACGT_003,67
GTTGTAATACTGGGACACGT_004,115
GTTGTAATACTGGGACACGT_005,9
GTGACCCAAGTGGAGAACGG_001,137
GTGACCCAAGTGGAGAACGG_002,14
GTGACCCAAGTGGAGAACGG_003,198
GTGACCCAAGTGGAGAACGG_004,14
GTGACCCAAGTGGAGAACGG_005,15
GTGACCCAAGTGGAGAACGG_006,110
GTGACCCAAGTGGAGAACGG_007,65
GTGACCCAAGTGGAGAACGG_008,67
GTGACCCAAGTGGAGAACGG_009,125
GTGACCCAAGTGGAGAACGG_010,12
GTGACCCAAGTGGAGAACGG_011,83
GTGACCCAAGTGGAGAACGG_012,12
GTGACCCAAGTGGAGAACGG_013,49
GTGACCCAAGTGGAGAACGG_014,34
TATTGGATGACAGTTTCGAG_001,126
TATTGGATGACAGTTTCGAG_002,91
TATTGGATGACAGTTTCGAG_003,149
TATTGGATGACAGTTTCGAG_004,101
TATTGGATGACAGTTTCGAG_005,166
TATTGGATGACAGTTTCGAG_006,22
GGGTGAAGCCGAACAGCAGC_001,138
GGGTGAAGCCGAACAGCAGC_002,149
GGGTGAAGCCGAACAGCAGC_003,127
GGGTGAAGCCGAACAGCAGC_004,88
GGGTGAAGCCGAACAGCAGC_005,73
GGGTGAAGCCGAACAGCAGC_006,62
GGGTGAAGCCGAACAGCAGC_007,151
GGGTGAAGCCGAACAGCAGC_008,122
GGGTGAAGCCGAACAGCAGC_009,149
GGGTGAAGCCGAACAGCAGC_010,57
GGGTGAAGCCGAACAGCAGC_011,70
GGGTGAAGCCGAACAGCAGC_012,39
CCATACTTACAGTTAACCGG_001,26
CCATACTTACAGTTAACCGG_002,55
CCATACTTACAGTTAACCGG_003,31
CCATACTTACAGTTAACCGG_004,32
CCATACTTACAGTTAACCGG_005,181
CCATACTTACAGTTAACCGG_006,188
TTATGAGACATACCTGAGAG_001,15
TAAGGCTCCTGGATGAACCT_001,127
TAAGGCTCCTGGATGAACCT_002,8
TAAGGCTCCTGGATGAACCT_003,183
TAAGGCTCCTGGATGAACCT_004,107
TAAGGCTCCTGGATGAACCT_005,118
TAAGGCTCCTGGATGAACCT_006,72
TAAGGCTCCTGGATGAACCT_007,198
TAAGGCTCCTGGATGAACCT_008,158
TAAGGCTCCTGGATGAACCT_009,105
TAAGGCTCCTGGATGAACCT_010,176
TAAGGCTCCTGGATGAACCT_011,146
TAAGGCTCCTGGATGAACCT_012,68
CCAGCCTCACACCATCCCGT_001,98
CCAGCCTCACACCATCCCGT_002,82
CCAGCCTCACACCATCCCGT_003,61
CCAGCCTCACACCATCCCGT_004,133
CCAGCCTCACACCATCCCGT_005,123
CCAGCCTCACACCATCCCGT_006,157
CCAGCCTCACACCATCCCGT_007,3
CCAGCCTCACACCATCCCGT_008,91
TTCTCACACAGAACCCGTGG_001,130
TTCTCACACAGAACCCGTGG_002,113
TTCTCACACAGAACCCGTGG_003,112
TTCTCACACAGAACCCGTGG_004,137
TTCTCACACAGAACCCGTGG_005,188
TTCTCACACAGAACCCGTGG_006,6
TTCTCACACAGAACCCGTGG_007,168
CAGCTGTAAAGATCCAGGCC_001,170
CAGCTGTAAAGATCCAGGCC_002,145
CAGCTGTAAAGATCCAGGCC_003,40
CAGCTGTAAAGATCCAGGCC_004,152
CAGCTGTAAAGATCCAGGCC_005,108
CAGCTGTAAAGATCCAGGCC_006,154
CAGCTGTAAAGATCCAGGCC_007,97
CAGCTGTAAAGATCCAGGCC_008,33
CAGCTGTAAAGATCCAGGCC_009,142
CAGCTGTAAAGATCCAGGCC_010,3
CAGCTGTAAAGATCCAGGCC_011,178
TGAGCCCCCTACAACGACAC_001,114
TGAGCCCCCTACAACGACAC_002,101
TGAGCCCCCTACAACGACAC_003,115
TGAGCCCCCTACAACGACAC_004,70
TGAGCCCCCTACAACGACAC_005,60
TGAGCCCCCTACAACGACAC_006,74
TGAGCCCCCTACAACGACAC_007,128
TGAGCCCCCTACAACGACAC_008,64
TGAGCCCCCTACAACGACAC_009,105
TGAGCCCCCTACAACGACAC_010,40
TGAGCCCCCTACAACGACAC_011,119
TGAGCCCCCTACAACGACAC_012,43
TGAGCCCCCTACAACGACAC_013,110
AATTGCGATAAAAATACCAG_001,18
AATTGCGATAAAAATACCAG_002,68
AATTGCGATAAAAATACCAG_003,12
AATTGCGATAAAAATACCAG_004,199
AATTGCGATAAAAATACCAG_005,60
TCTGTTTCATCTCAGCACAG_001,2
TCTGTTTCATCTCAGCACAG_002,125
TCTGTTTCATCTCAGCACAG_003,16
ACGGTCATCGAGTCAGACTT_001,130
ACGGTCATCGAGTCAGACTT_002,88
ACGGTCATCGAGTCAGACTT_003,110
ACGGTCATCGAGTCAGACTT_004,80
ACGGTCATCGAGTCAGACTT_005,40
ACGGTCATCGAGTCAGACTT_006,1
ACGGTCATCGAGTCAGACTT_007,51
ACGGTCATCGAGTCAGACTT_008,188
ACGGTCATCGAGTCAGACTT_009,58
ACGGTCATCGAGTCAGACTT_010,187
ACGGTCATCGAGTCAGACTT_011,41
ACGGTCATCGAGTCAGACTT_012,136
ACGGTCATCGAGTCAGACTT_013,162
ACGGTCATCGAGTCAGACTT_014,96
ACGGTCATCGAGTCAGACTT_015,27
ACGGTCATCGAGTCAGACTT_016,175
GTTCCATTAGGACACCGTCC_001,108
GTTCCATTAGGACACCGTCC_002,172
GTTCCATTAGGACACCGTCC_003,168
GTTCCATTAGGACACCGTCC_004,132
GCTGGACAAAAGAAGAAACA_001,72
GCTGGACAAAAGAAGAAACA_002,35
GCTGGACAAAAGAAGAAACA_003,61
GCTGGACAAAAGAAGAAACA_004,114
GCTGGACAAAAGAAGAAACA_005,145
GCTGGACAAAAGAAGAAACA_006,76
GCTGGACAAAAGAAGAAACA_007,177
GCTGGACAAAAGAAGAAACA_008,34
GCTGGACAAAAGAAGAAACA_009,182
GCTGGACAAAAGAAGAAACA_010,30
GCTGGACAAAAGAAGAAACA_011,115
AGCGTTTGCTACACCCACAT_001,94
AGCGTTTGCTACACCCACAT_002,62
AGCGTTTGCTACACCCACAT_003,191
AGCGTTTGCTACACCCACAT_004,58
AGCGTTTGCTACACCCACAT_005,141
AGCGTTTGCTACACCCACAT_006,151
AGCGTTTGCTACACCCACAT_007,50
AGCGTTTGCTACACCCACAT_008,198
AGCGTTTGCTACACCCACAT_009,172
AGCGTTTGCTACACCCACAT_010,22
AGCGTTTGCTACACCCACAT_011,94
AGCGTTTGCTACACCCACAT_012,52
AGCGTTTGCTACACCCACAT_013,191
AGCGTTTGCTACACCCACAT_014,0
AGCGTTTGCTACACCCACAT_015,114
AGCGTTTGCTACACCCACAT_016,183
AAAGAAGAGACATTTAGACC_001,107
AAAGAAGAGACATTTAGACC_002,22
AATTTGCCACAGGAAACGAC_001,36
AATTTGCCACAGGAAACGAC_002,172
AATTTGCCACAGGAAACGAC_003,120
AATTTGCCACAGGAAACGAC_004,174
AATTTGCCACAGGAAACGAC_005,68
AATTTGCCACAGGAAACGAC_006,137
AATTTGCCACAGGAAACGAC_007,199
AATTTGCCACAGGAAACGAC_008,137
AATTTGCCACAGGAAACGAC_009,71
AGGCAGCACTCACTCTACCA_001,116
AGGCAGCACTCACTCTACCA_002,121
AGGCAGCACTCACTCTACCA_003,165
AGGCAGCACTCACTCTACCA_004,154
AGGCAGCACTCACTCTACCA_005,191
AGGCAGCACTCACTCTACCA_006,80
AGGCAGCACTCACTCTACCA_007,77
AGGCAGCACTCACTCTACCA_008,7
AGGCAGCACTCACTCTACCA_009,32
AGGCAGCACTCACTCTACCA_010,16
AGGCAGCACTCACTCTACCA_011,118
AGGCAGCACTCACTCTACCA_012,128
AGGCAGCACTCACTCTACCA_013,81
AGGCAGCACTCACTCTACCA_014,109
AGGCAGCACTCACTCTACCA_015,78
AGGCAGCACTCACTCTACCA_016,198
AGGCAGCACTCACTCTACCA_017,90
AGGCAGCACTCACTCTACCA_018,89
AGGCAGCACTCACTCTACCA_019,197
AGGCAGCACTCACTCTACCA_020,124
AGGCAGCACTCACTCTACCA_021,130
AGGCAGCACTCACTCTACCA_022,88
ATGGTAGATCCCCAAGGCAT_001,194
ATGGTAGATCCCCAAGGCAT_002,8
ATGGTAGATCCCCAAGGCAT_003,4
ATGGTAGATCCCCAAGGCAT_004,111
ATGGTAGATCCCCAAGGCAT_005,24
ATGGTAGATCCCCAAGGCAT_006,60
ATGGTAGATCCCCAAGGCAT_007,24
ATGGTAGATCCCCAAGGCAT_008,176
ATGGTAGATCCCCAAGGCAT_009,60
ATGGTAGATCCCCAAGGCAT_010,174
ATGGTAGATCCCCAAGGCAT_011,66
ATGGTAGATCCCCAAGGCAT_012,190
ATGGTAGATCCCCAAGGCAT_013,159
ATGGTAGATCCCCAAGGCAT_014,171
ATGGTAGATCCCCAAGGCAT_015,43
ATGGTAGATCCCCAAGGCAT_016,23
ATGGTAGATCCCCAAGGCAT_017,120
ATGGTAGATCCCCAAGGCAT_018,87
ATGGTAGATCCCCAAGGCAT_019,148
ATGGTAGATCCCCAAGGCAT_020,124
ATGGTAGATCCCCAAGGCAT_021,15
ATGGTAGATCCCCAAGGCAT_022,190
CAGGCAGTACTCCATCAGTC_001,28
CAGGCAGTACTCCATCAGTC_002,124
CAGGCAGTACTCCATCAGTC_003,170
TTAAGTACTCAGGATCAACC_001,149
TTAAGTACTCAGGATCAACC_002,102
TTAAGTACTCAGGATCAACC_003,145
TTAAGTACTCAGGATCAACC_004,95
TTAAGTACTCAGGATCAACC_005,68
CCTGTTTGACAATCGGACGT_001,13
CCTGTTTGACAATCGGACGT_002,74
CCTGTTTGACAATCGGACGT_003,40
CCTGTTTGACAATCGGACGT_004,63
CCTGTTTGACAATCGGACGT_005,97
CCTGTTTGACAATCGGACGT_006,131
CCTGTTTGACAATCGGACGT_007,23
CCTGTTTGACAATCGGACGT_008,26
CCTGTTTGACAATCGGACGT_009,52
CCTGTTTGACAATCGGACGT_010,151
CCTGTTTGACAATCGGACGT_011,57
CCTCTTGCCAATCTCCCCGG_001,32
CCTCTTGCCAATCTCCCCGG_002,174
CCTCTTGCCAATCTCCCCGG_003,50
CCTCTTGCCAATCTCCCCGG_004,78
CCTCTTGCCAATCTCCCCGG_005,11
CCTCTTGCCAATCTCCCCGG_006,170
CCTCTTGCCAATCTCCCCGG_007,4
CCTCTTGCCAATCTCCCCGG_008,115
CCTCTTGCCAATCTCCCCGG_009,23
CCTCTTGCCAATCTCCCCGG_010,50
CCTCTTGCCAATCTCCCCGG_011,12
CCTCTTGCCAATCTCCCCGG_012,9
CCTCTTGCCAATCTCCCCGG_013,115
CCTCTTGCCAATCTCCCCGG_014,115
CCTCTTGCCAATCTCCCCGG_015,83
CCTCTTGCCAATCTCCCCGG_016,68
GGGTATACTGGATTCCCAGG_001,81
GGGTATACTGGATTCCCAGG_002,69
GGGTATACTGGATTCCCAGG_003,76
GGGTATACTGGATTCCCAGG_004,149
GGGTATACTGGATTCCCAGG_005,145
GGGTATACTGGATTCCCAGG_006,90
GGGTATACTGGATTCCCAGG_007,41
GGGTATACTGGATTCCCAGG_008,176
GCTGGAGAACCTGACACCGG_001,172
GCTGGAGAACCTGACACCGG_002,9
GCTGGAGAACCTGACACCGG_003,11
GCTGGAGAACCTGACACCGG_004,116
GCTGGAGAACCTGACACCGG_005,170
GCTGGAGAACCTGACACCGG_006,81
GCTGGAGAACCTGACACCGG_007,75
GCTGGAGAACCTGACACCGG_008,150
GCTGGAGAACCTGACACCGG_009,81
GCTGGAGAACCTGACACCGG_010,6
GCTGGAGAACCTGACACCGG_011,174
GCTGGAGAACCTGACACCGG_012,192
GCTGGAGAACCTGACACCGG_013,19
GCTGGAGAACCTGACACCGG_014,151
GGATCCTCCACTTCTTACTC_001,190
GGATCCTCCACTTCTTACTC_002,83
GGATCCTCCACTTCTTACTC_003,67
GGATCCTCCACTTCTTACTC_004,59
GGATCCTCCACTTCTTACTC_005,97
GGATCCTCCACTTCTTACTC_006,111
GGATCCTCCACTTCTTACTC_007,52
TCAGGCGGAGGCGTGTTCCG_001,48
TCAGGCGGAGGCGTGTTCCG_002,54
TCAGGCGGAGGCGTGTTCCG_003,115
TCAGGCGGAGGCGTGTTCCG_004,115
TCAGGCGGAGGCGTGTTCCG_005,18
TCAGGCGGAGGCGTGTTCCG_006,191
TCAGGCGGAGGCGTGTTCCG_007,15
TCAGGCGGAGGCGTGTTCCG_008,80
TCAGGCGGAGGCGTGTTCCG_009,19
TCAGGCGGAGGCGTGTTCCG_010,19
TCAGGCGGAGGCGTGTTCCG_011,96
TCAGGCGGAGGCGTGTTCCG_012,175
TCAGGCGGAGGCGTGTTCCG_013,83
TCAGGCGGAGGCGTGTTCCG_014,16
TCAGGCGGAGGCGTGTTCCG_015,179
TCAGGCGGAGGCGTGTTCCG_016,161
TCAGGCGGAGGCGTGTTCCG_017,166
TCAGGCGGAGGCGTGTTCCG_018,42
TCAGGCGGAGGCGTGTTCCG_019,6
TCAGGCGGAGGCGTGTTCCG_020,149
TCAGGCGGAGGCGTGTTCCG_021,174
TCAGGCGGAGGCGTGTTCCG_022,197
TCAGGCGGAGGCGTGTTCCG_023,149
TCAGGCGGAGGCGTGTTCCG_024,146
TCAGGCGGAGGCGTGTTCCG_025,76
TCAGGCGGAGGCGTGTTCCG_026,126
TCAGGCGGAGGCGTGTTCCG_027,4
TCAGGCGGAGGCGTGTTCCG_028,4
TCAGGCGGAGGCGTGTTCCG_029,17
TCAGGCGGAGGCGTGTTCCG_030,146
TCAGGCGGAGGCGTGTTCCG_031,88
TCAGGCGGAGGCGTGTTCCG_032,155
AAGAATACCCACATTCCGAA_001,134
AAGAATACCCACATTCCGAA_002,79
AAGAATACCCACATTCCGAA_003,22
AAGAATACCCACATTCCGAA_004,140
AAGAATACCCACATTCCGAA_005,198
AAGAATACCCACATTCCGAA_006,130
AAGAATACCCACATTCCGAA_007,46
AAGAATACCCACATTCCGAA_008,94
GACTGGAACGAGAATACGGG_001,161
GACTGGAACGAGAATACGGG_002,47
GACTGGAACGAGAATACGGG_003,189
GACTGGAACGAGAATACGGG_004,34
GACTGGAACGAGAATACGGG_005,112
GACTGGAACGAGAATACGGG_006,197
CCACGTCCACTATAGTAGGT_001,186
CCACGTCCACTATAGTAGGT_002,75
CCACGTCCACTATAGTAGGT_003,11
CCACGTCCACTATAGTAGGT_004,49
CCACGTCCACTATAGTAGGT_005,172
CCACGTCCACTATAGTAGGT_006,88
CCACGTCCACTATAGTAGGT_007,41
CCACGTCCACTATAGTAGGT_008,166
CCACGTCCACTATAGTAGGT_009,188
CCACGTCCACTATAGTAGGT_010,162
CCACGTCCACTATAGTAGGT_011,8
CCACGTCCACTATAGTAGGT_012,137
CAACATGGCCAAGATTGCCG_001,50
CAACATGGCCAAGATTGCCG_002,41
CAACATGGCCAAGATTGCCG_003,162
CAACATGGCCAAGATTGCCG_004,185
CAACATGGCCAAGATTGCCG_005,105
CAACATGGCCAAGATTGCCG_006,62
CAACATGGCCAAGATTGCCG_007,5
CAACATGGCCAAGATTGCCG_008,66
CAACATGGCCAAGATTGCCG_009,102
CAACATGGCCAAGATTGCCG_010,27
CAACATGGCCAAGATTGCCG_011,101
CAACATGGCCAAGATTGCCG_012,92
CAACATGGCCAAGATTGCCG_013,68
CAACATGGCCAAGATTGCCG_014,170
CAACATGGCCAAGATTGCCG_015,150
CAACATGGCCAAGATTGCCG_016,12
CAACATGGCCAAGATTGCCG_017,154
CAACATGGCCAAGATTGCCG_018,178
CAACATGGCCAAGATTGCCG_019,79
CAACATGGCCAAGATTGCCG_020,63
CAACATGGCCAAGATTGCCG_021,191
CAACATGGCCAAGATTGCCG_022,160
AAGGAACGGATGTAGACGTG_001,76
AAGGAACGGATGTAGACGTG_002,158
AAGGAACGGATGTAGACGTG_003,12
GTGGACGAGTAGCCGCCCGA_001,57
GTGGACGAGTAGCCGCCCGA_002,112
GTGGACGAGTAGCCGCCCGA_003,15
GTGGACGAGTAGCCGCCCGA_004,29
GTGGACGAGTAGCCGCCCGA_005,13
GTGGACGAGTAGCCGCCCGA_006,52
GTGGACGAGTAGCCGCCCGA_007,2
GTGGACGAGTAGCCGCCCGA_008,103
GTGGACGAGTAGCCGCCCGA_009,159
GTGGACGAGTAGCCGCCCGA_010,137
GTGGACGAGTAGCCGCCCGA_011,48
GTGGACGAGTAGCCGCCCGA_012,198
GTGGACGAGTAGCCGCCCGA_013,15
GTGGACGAGTAGCCGCCCGA_014,96
GTGGACGAGTAGCCGCCCGA_015,185
GTGGACGAGTAGCCGCCCGA_016,103
GTGGACGAGTAGCCGCCCGA_017,192
GGCTCTGAATATGGTAACTC_001,14
GGCTCTGAATATGGTAACTC_002,146
GGCTCTGAATATGGTAACTC_003,70
GGCTCTGAATATGGTAACTC_004,18
GGCTCTGAATATGGTAACTC_005,127
GGCTCTGAATATGGTAACTC_006,145
GGCTCTGAATATGGTAACTC_007,147
GGCTCTGAATATGGTAACTC_008,40
GGCTCTGAATATGGTAACTC_009,130
AGCAGCTATCGGACAACCAG_001,56
AGCAGCTATCGGACAACCAG_002,121
GCTCCGAGCACGTATCAAAG_001,17
GCTCCGAGCACGTATCAAAG_002,62
GCTCCGAGCACGTATCAAAG_003,72
GCTCCGAGCACGTATCAAAG_004,145
GCTCCGAGCACGTATCAAAG_005,10
GCTCCGAGCACGTATCAAAG_006,27
GCTCCGAGCACGTATCAAAG_007,34
TCTGCCAATTTCCAAACAGT_001,121
TCTGCCAATTTCCAAACAGT_002,22
TCTGCCAATTTCCAAACAGT_003,169
TCTGCCAATTTCCAAACAGT_004,140
TCTGCCAATTTCCAAACAGT_005,124
TCTGCCAATTTCCAAACAGT_006,35
AAATTCATGTCCAATTTGCA_001,17
AAATTCATGTCCAATTTGCA_002,137
AAATTCATGTCCAATTTGCA_003,87
AAATTCATGTCCAATTTGCA_004,83
AAATTCATGTCCAATTTGCA_005,160
AAGCGCTTGAGTTCGCCCAG_001,159
AAGCGCTTGAGTTCGCCCAG_002,148
AAGCGCTTGAGTTCGCCCAG_003,158
AAGCGCTTGAGTTCGCCCAG_004,107
AAGCGCTTGAGTTCGCCCAG_005,146
AAGCGCTTGAGTTCGCCCAG_006,165
AAGCGCTTGAGTTCGCCCAG_007,26
CCGGCCTGAGATGTGTACAG_001,50
CCGGCCTGAGATGTGTACAG_002,147
CCGGCCTGAGATGTGTACAG_003,147
CCGGCCTGAGATGTGTACAG_004,183
CCGGCCTGAGATGTGTACAG_005,121
CCGGCCTGAGATGTGTACAG_006,9
CCGGCCTGAGATGTGTACAG_007,83
CCGGCCTGAGATGTGTACAG_008,9
CCGGCCTGAGATGTGTACAG_009,88
CCGGCCTGAGATGTGTACAG_010,146
CCGGCCTGAGATGTGTACAG_011,63
CCGGCCTGAGATGTGTACAG_012,121
AACCCCGACCTGATTCAAGT_001,28
AACCCCGACCTGATTCAAGT_002,58
AACCCCGACCTGATTCAAGT_003,188
AACCCCGACCTGATTCAAGT_004,103
AACCCCGACCTGATTCAAGT_005,114
AACCCCGACCTGATTCAAGT_006,62
AACCCCGACCTGATTCAAGT_007,176
AACCCCGACCTGATTCAAGT_008,6
AACCCCGACCTGATTCAAGT_009,7
AACCCCGACCTGATTCAAGT_010,114
AACCCCGACCTGATTCAAGT_011,88
AACCCCGACCTGATTCAAGT_012,8
AACCCCGACCTGATTCAAGT_013,177
AACCCCGACCTGATTCAAGT_014,126
AACCCCGACCTGATTCAAGT_015,0
AACCCCGACCTGATTCAAGT_016,158
AACCCCGACCTGATTCAAGT_017,114
AACCCCGACCTGATTCAAGT_018,147
AACCCCGACCTGATTCAAGT_019,10
AACCCCGACCTGATTCAAGT_020,63
AACCCCGACCTGATTCAAGT_021,50
AACCCCGACCTGATTCAAGT_022,40
AACCCCGACCTGATTCAAGT_023,44
AACCCCGACCTGATTCAAGT_024,40
AACCCCGACCTGATTCAAGT_025,103
AACCCCGACCTGATTCAAGT_026,77
AACCCCGACCTGATTCAAGT_027,86
AACCCCGACCTGATTCAAGT_028,50
AACCCCGACCTGATTCAAGT_029,138
AACCCCGACCTGATTCAAGT_030,188
CTTGAGTAGCAATAGTACCC_001,27
GGAGGTCGGGGAATACCGAT_001,60
GGAGGTCGGGGAATACCGAT_002,50
GGAGGTCGGGGAATACCGAT_003,51
GGAGGTCGGGGAATACCGAT_004,1
GGAGGTCGGGGAATACCGAT_005,20
GGAGGTCGGGGAATACCGAT_006,147
GGAGGTCGGGGAATACCGAT_007,30
GGAGGTCGGGGAATACCGAT_008,134
GGAGGTCGGGGAATACCGAT_009,83
GGAGGTCGGGGAATACCGAT_010,177
GGAGGTCGGGGAATACCGAT_011,51
GGAGGTCGGGGAATACCGAT_012,2
GGAGGTCGGGGAATACCGAT_013,78
GGAGGTCGGGGAATACCGAT_014,49
GGAGGTCGGGGAATACCGAT_015,181
GGAGGTCGGGGAATACCGAT_016,151
GGGTACTGATGCGAGTGCAG_001,23
GGGTACTGATGCGAGTGCAG_002,23
GGGTACTGATGCGAGTGCAG_003,101
GGGTACTGATGCGAGTGCAG_004,162
GGGTACTGATGCGAGTGCAG_005,36
GTGGCCTACCTACTCCACTG_001,32
GTGGCCTACCTACTCCACTG_002,174
GTGGCCTACCTACTCCACTG_003,18
GTGGCCTACCTACTCCACTG_004,3
GTGGCCTACCTACTCCACTG_005,86
CCAACTTACACACTTAACTG_001,8
CCAACTTACACACTTAACTG_002,170
CCAACTTACACACTTAACTG_003,113
CCAACTTACACACTTAACTG_004,172
CCAACTTACACACTTAACTG_005,38
CCAACTTACACACTTAACTG_006,119
CCAACTTACACACTTAACTG_007,84
AGCTCGGCCAGCCTCACGGG_001,166
AGCTCGGCCAGCCTCACGGG_002,150
AGCTCGGCCAGCCTCACGGG_003,172
AGCTCGGCCAGCCTCACGGG_004,103
AGCTCGGCCAGCCTCACGGG_005,33
AGCTCGGCCAGCCTCACGGG_006,44
AGCTCGGCCAGCCTCACGGG_007,37
CAAGCTGCCCGACAAGACCG_001,53
CAAGCTGCCCGACAAGACCG_002,21
CAAGCTGCCCGACAAGACCG_003,48
CAAGCTGCCCGACAAGACCG_004,105
CAAGCTGCCCGACAAGACCG_005,33
CAAGCTGCCCGACAAGACCG_006,197
CAAGCTGCCCGACAAGACCG_007,95
CAAGCTGCCCGACAAGACCG_008,9
CAAGCTGCCCGACAAGACCG_009,158
CAAGCTGCCCGACAAGACCG_010,29
CAAGCTGCCCGACAAGACCG_011,176
CAAGCTGCCCGACAAGACCG_012,107
CAAGCTGCCCGACAAGACCG_013,47
CAAGCTGCCCGACAAGACCG_014,97
CAAGCTGCCCGACAAGACCG_015,151
CAAGCTGCCCGACAAGACCG_016,77
CAAGCTGCCCGACAAGACCG_017,19
CAAGCTGCCCGACAAGACCG_018,119
CAAGCTGCCCGACAAGACCG_019,188
CAAGCTGCCCGACAAGACCG_020,164
CAAGCTGCCCGACAAGACCG_021,194
CAAGCTGCCCGACAAGACCG_022,29
CAAGCTGCCCGACAAGACCG_023,130
CAAGCTGCCCGACAAGACCG_024,154
CAAGCTGCCCGACAAGACCG_025,86
CAAGCTGCCCGACAAGACCG_026,129
CAAGCTGCCCGACAAGACCG_027,170
CAAGCTGCCCGACAAGACCG_028,45
CAAGCTGCCCGACAAGACCG_029,52
CAAGCTGCCCGACAAGACCG_030,8
ACCTAATAAGGAACTCTCAG_001,106
ACCTAATAAGGAACTCTCAG_002,78
ACCTAATAAGGAACTCTCAG_003,80
ACCTAATAAGGAACTCTCAG_004,9
ACCTAATAAGGAACTCTCAG_005,50
ACCTAATAAGGAACTCTCAG_006,146
ACCTAATAAGGAACTCTCAG_007,102
ACCTAATAAGGAACTCTCAG_008,133
CTGTACCTACAGTACGATGG_001,167
CTGTACCTACAGTACGATGG_002,61
CTGTACCTACAGTACGATGG_003,144
CTGTACCTACAGTACGATGG_004,106
CTGTACCTACAGTACGATGG_005,188
GGTTGTTCCTGCGAACGTGA_001,73
GGTTGTTCCTGCGAACGTGA_002,172
GGTTGTTCCTGCGAACGTGA_003,17
GGTTGTTCCTGCGAACGTGA_004,169
GGTTGTTCCTGCGAACGTGA_005,88
GGTTGTTCCTGCGAACGTGA_006,125
GGTTGTTCCTGCGAACGTGA_007,110
GGTTGTTCCTGCGAACGTGA_008,94
GGTTGTTCCTGCGAACGTGA_009,103
GGTTGTTCCTGCGAACGTGA_010,1
GGTTGTTCCTGCGAACGTGA_011,151
GGTTGTTCCTGCGAACGTGA_012,69
GGTTGTTCCTGCGAACGTGA_013,55
GGTTGTTCCTGCGAACGTGA_014,127
GGTTGTTCCTGCGAACGTGA_015,88
GGTTGTTCCTGCGAACGTGA_016,121
GGTTGTTCCTGCGAACGTGA_017,57
GGTTGTTCCTGCGAACGTGA_018,5
GGTTGTTCCTGCGAACGTGA_019,165
GGTTGTTCCTGCGAACGTGA_020,105
GGTTGTTCCTGCGAACGTGA_021,78
GGTTGTTCCTGCGAACGTGA_022,168
GGTTGTTCCTGCGAACGTGA_023,47
GGTTGTTCCTGCGAACGTGA_024,9
GGTTGTTCCTGCGAACGTGA_025,64
GGTTGTTCCTGCGAACGTGA_026,108
GGTTGTTCCTGCGAACGTGA_027,161
GTTCCTGTCTGCGTAATCGT_001,47
GTTCCTGTCTGCGTAATCGT_002,21
GTTCCTGTCTGCGTAATCGT_003,177
GTTCCTGTCTGCGTAATCGT_004,48
AGATGGTAGTCTCTTCAATG_001,38
AGATGGTAGTCTCTTCAATG_002,177
AGATGGTAGTCTCTTCAATG_003,67
AGATGGTAGTCTCTTCAATG_004,2
AGATGGTAGTCTCTTCAATG_005,2
GTGGTGTTCGTAGACCGCTC_001,164
GTGGTGTTCGTAGACCGCTC_002,73
GTGGTGTTCGTAGACCGCTC_003,129
GTGGTGTTCGTAGACCGCTC_004,146
GTGGTGTTCGTAGACCGCTC_005,62
GTGGTGTTCGTAGACCGCTC_006,145
GCCCGCGAGTACAGCAGGCG_001,191
GCCCGCGAGTACAGCAGGCG_002,182
GCCCGCGAGTACAGCAGGCG_003,53
GCCCGCGAGTACAGCAGGCG_004,54
GCCCGCGAGTACAGCAGGCG_005,122
GCCCGCGAGTACAGCAGGCG_006,41
GCCCGCGAGTACAGCAGGCG_007,3
GCCCGCGAGTACAGCAGGCG_008,158
GCCCGCGAGTACAGCAGGCG_009,170
GCCCGCGAGTACAGCAGGCG_010,10
GCCCGCGAGTACAGCAGGCG_011,84
GCCCGCGAGTACAGCAGGCG_012,74
GCCCGCGAGTACAGCAGGCG_013,9
GCCCGCGAGTACAGCAGGCG_014,48
GCCCGCGAGTACAGCAGGCG_015,15
GCCCGCGAGTACAGCAGGCG_016,27
GCCCGCGAGTACAGCAGGCG_017,40
GCCCGCGAGTACAGCAGGCG_018,68
GCCCGCGAGTACAGCAGGCG_019,166
GCCCGCGAGTACAGCAGGCG_020,106
GCCCGCGAGTACAGCAGGCG_021,90
GCCCGCGAGTACAGCAGGCG_022,11
GCCCGCGAGTACAGCAGGCG_023,94
AATGTCAGCCGCTTAGAGGG_001,68
AATGTCAGCCGCTTAGAGGG_002,115
AATGTCAGCCGCTTAGAGGG_003,198
AATGTCAGCCGCTTAGAGGG_004,119
AATGTCAGCCGCTTAGAGGG_005,176
AATGTCAGCCGCTTAGAGGG_006,87
AATGTCAGCCGCTTAGAGGG_007,17
AATGTCAGCCGCTTAGAGGG_008,69
AATGTCAGCCGCTTAGAGGG_009,170
AATGTCAGCCGCTTAGAGGG_010,45
AATGTCAGCCGCTTAGAGGG_011,188
AATGTCAGCCGCTTAGAGGG_012,199
AATGTCAGCCGCTTAGAGGG_013,43
AATGTCAGCCGCTTAGAGGG_014,73
AATGTCAGCCGCTTAGAGGG_015,130
AATGTCAGCCGCTTAGAGGG_016,105
AATGTCAGCCGCTTAGAGGG_017,15
AATGTCAGCCGCTTAGAGGG_018,129
AATGTCAGCCGCTTAGAGGG_019,52
AGATAATTATTATCTATGAG_001,62
AGATAATTATTATCTATGAG_002,26
AGATAATTATTATCTATGAG_003,46
AGATAATTATTATCTATGAG_004,152
GCGTACCTTCTCGATGAAGT_001,45
GCGTACCTTCTCGATGAAGT_002,48
GCGTACCTTCTCGATGAAGT_003,170
GCGCAGCTCCATCGCATCCG_001,85
GCGCAGCTCCATCGCATCCG_002,58
GCGCAGCTCCATCGCATCCG_003,169
GCGCAGCTCCATCGCATCCG_004,127
GCGCAGCTCCATCGCATCCG_005,48
GCGCAGCTCCATCGCATCCG_006,86
GCGCAGCTCCATCGCATCCG_007,188
GCGCAGCTCCATCGCATCCG_008,92
GCGCAGCTCCATCGCATCCG_009,53
GCGCAGCTCCATCGCATCCG_010,147
GCGCAGCTCCATCGCATCCG_011,145
GCGCAGCTCCATCGCATCCG_012,15
GCGCAGCTCCATCGCATCCG_013,111
GCGCAGCTCCATCGCATCCG_014,18
GCGCAGCTCCATCGCATCCG_015,9
GCGCAGCTCCATCGCATCCG_016,34
GCGCAGCTCCATCGCATCCG_017,160
GCGCAGCTCCATCGCATCCG_018,17
GCGCAGCTCCATCGCATCCG_019,104
GCGCAGCTCCATCGCATCCG_020,144
GCGCAGCTCCATCGCATCCG_021,130
GCGCAGCTCCATCGCATCCG_022,47
AGACCACGTGGAGCAGATGT_001,117
AGACCACGTGGAGCAGATGT_002,94
AGACCACGTGGAGCAGATGT_003,189
AGACCACGTGGAGCAGATGT_004,115
AGACCACGTGGAGCAGATGT_005,169
AGACCACGTGGAGCAGATGT_006,153
AGACCACGTGGAGCAGATGT_007,133
AGACCACGTGGAGCAGATGT_008,195
AGACCACGTGGAGCAGATGT_009,5
AGACCACGTGGAGCAGATGT_010,127
AGACCACGTGGAGCAGATGT_011,15
AGACCACGTGGAGCAGATGT_012,96
AGACCACGTGGAGCAGATGT_013,116
AGACCACGTGGAGCAGATGT_014,52
TCTGTCCTGACAACTACAGG_001,53
TCTGTCCTGACAACTACAGG_002,32
TCTGTCCTGACAACTACAGG_003,189
TCTGTCCTGACAACTACAGG_004,105
TCTGTCCTGACAACTACAGG_005,125
TCTGTCCTGACAACTACAGG_006,146
TCTGTCCTGACAACTACAGG_007,78
TCTGTCCTGACAACTACAGG_008,159
TCTGTCCTGACAACTACAGG_009,42
TCTGTCCTGACAACTACAGG_010,94
TCTGTCCTGACAACTACAGG_011,184
TCTGTCCTGACAACTACAGG_012,22
TCTGTCCTGACAACTACAGG_013,1
TCTGTCCTGACAACTACAGG_014,158
TCTGTCCTGACAACTACAGG_015,152
TCTGTCCTGACAACTACAGG_016,179
TCTGTCCTGACAACTACAGG_017,24
TCTGTCCTGACAACTACAGG_018,29
TCTGTCCTGACAACTACAGG_019,168
TCTGTCCTGACAACTACAGG_020,121
AGTGGCATATAAGCAGACCT_001,23
AGTGGCATATAAGCAGACCT_002,128
AGTGGCATATAAGCAGACCT_003,177
AGTGGCATATAAGCAGACCT_004,86
AGTGGCATATAAGCAGACCT_005,8
AGTGGCATATAAGCAGACCT_006,92
AGTGGCATATAAGCAGACCT_007,162
AGTGGCATATAAGCAGACCT_008,168
AGTGGCATATAAGCAGACCT_009,123
AGTGGCATATAAGCAGACCT_010,56
AGTGGCATATAAGCAGACCT_011,125
AGTGGCATATAAGCAGACCT_012,34
AGTGGCATATAAGCAGACCT_013,118
AGTGGCATATAAGCAGACCT_014,125
AGTGGCATATAAGCAGACCT_015,168
AATACGGTGACAGCTCGGAT_001,80
AATACGGTGACAGCTCGGAT_002,69
AATACGGTGACAGCTCGGAT_003,13
AATACGGTGACAGCTCGGAT_004,16
AATACGGTGACAGCTCGGAT_005,191
AATACGGTGACAGCTCGGAT_006,106
CTCTCCGTACGCCAGCCCCG_001,191
CTCTCCGTACGCCAGCCCCG_002,28
CTCTCCGTACGCCAGCCCCG_003,77
CTCTCCGTACGCCAGCCCCG_004,196
CTCTCCGTACGCCAGCCCCG_005,49
CTCTCCGTACGCCAGCCCCG_006,151
CTCTCCGTACGCCAGCCCCG_007,40
CTCTCCGTACGCCAGCCCCG_008,147
CTCTCCGTACGCCAGCCCCG_009,36
CTCTCCGTACGCCAGCCCCG_010,156
CTCCGCGTACAAGCATCTGA_001,26
CTCCGCGTACAAGCATCTGA_002,4
CTCCGCGTACAAGCATCTGA_003,115
GCATTTACATCTTCCCACTG_001,139
GCATTTACATCTTCCCACTG_002,174
GCATTTACATCTTCCCACTG_003,10
GAACATGAGCTTCCACCAAG_001,180
GAACATGAGCTTCCACCAAG_002,147
GAACATGAGCTTCCACCAAG_003,147
GAACATGAGCTTCCACCAAG_004,98
GAACATGAGCTTCCACCAAG_005,27
GAACATGAGCTTCCACCAAG_006,124
TGCCTCTGCTCATTCCAAGG_001,129
TGCCTCTGCTCATTCCAAGG_002,46
TGCCTCTGCTCATTCCAAGG_003,133
TGCCTCTGCTCATTCCAAGG_004,1
TGCCTCTGCTCATTCCAAGG_005,74
TGCCTCTGCTCATTCCAAGG_006,185
GCCACCCGCCACCACCTACG_001,35
GCCACCCGCCACCACCTACG_002,92
GCCACCCGCCACCACCTACG_003,118
GCCACCCGCCACCACCTACG_004,43
GCCACCCGCCACCACCTACG_005,129
GCCACCCGCCACCACCTACG_006,77
GCCACCCGCCACCACCTACG_007,8
GCCACCCGCCACCACCTACG_008,105
GCCACCCGCCACCACCTACG_009,58
GCCACCCGCCACCACCTACG_010,174
GCCACCCGCCACCACCTACG_011,179
GCCACCCGCCACCACCTACG_012,59
GCCACCCGCCACCACCTACG_013,168
GCCACCCGCCACCACCTACG_014,149
GCCACCCGCCACCACCTACG_015,175
GCCACCCGCCACCACCTACG_016,48
GCCACCCGCCACCACCTACG_017,24
GCCACCCGCCACCACCTACG_018,187
GCCACCCGCCACCACCTACG_019,88
GCCACCCGCCACCACCTACG_020,78
GCCACCCGCCACCACCTACG_021,85
GCCACCCGCCACCACCTACG_022,36
GCCACCCGCCACCACCTACG_023,50
GCCACCCGCCACCACCTACG_024,171
GCCACCCGCCACCACCTACG_025,7
GCCACCCGCCACCACCTACG_026,182
GCCACCCGCCACCACCTACG_027,172
GCCACCCGCCACCACCTACG_028,154
GCCACCCGCCACCACCTACG_029,146
GCCACCCGCCACCACCTACG_030,116
GCCACCCGCCACCACCTACG_031,40
GCCACCCGCCACCACCTACG_032,9
GCCACCCGCCACCACCTACG_033,35
GCCACCCGCCACCACCTACG_034,88
GCCACCCGCCACCACCTACG_035,1
TGTGCAGGTGCCAGAAGCCC_001,196
TGTGCAGGTGCCAGAAGCCC_002,104
TCAGGGAGATCAGGTAGCGA_001,48
TCAGGGAGATCAGGTAGCGA_002,191
TCAGGGAGATCAGGTAGCGA_003,108
TCAGGGAGATCAGGTAGCGA_004,110
TCAGGGAGATCAGGTAGCGA_005,8
TCAGGGAGATCAGGTAGCGA_006,187
TCAGGGAGATCAGGTAGCGA_007,180
GGGCTTTGGCAAAGCGTCTG_001,51
GGGCTTTGGCAAAGCGTCTG_002,162
GGGCTTTGGCAAAGCGTCTG_003,10
GGGCTTTGGCAAAGCGTCTG_004,146
GGGCTTTGGCAAAGCGTCTG_005,17
GGGCTTTGGCAAAGCGTCTG_006,124
GGGCTTTGGCAAAGCGTCTG_007,149
GGGCTTTGGCAAAGCGTCTG_008,175
GGGCTTTGGCAAAGCGTCTG_009,141
TGTGATCCAGCATGACGTGG_001,32
TGTGATCCAGCATGACGTGG_002,79
TGTGATCCAGCATGACGTGG_003,150
TGTGATCCAGCATGACGTGG_004,169
TGTGATCCAGCATGACGTGG_005,46
AATACCCAGAAATACATAGA_001,85
AATACCCAGAAATACATAGA_002,195
AATACCCAGAAATACATAGA_003,38
AATACCCAGAAATACATAGA_004,29
AATACCCAGAAATACATAGA_005,63
AATACCCAGAAATACATAGA_006,34
AATACCCAGAAATACATAGA_007,12
AATACCCAGAAATACATAGA_008,12
CCCACACAGAGATGGTCTTG_001,132
CCCACACAGAGATGGTCTTG_002,8
CCCACACAGAGATGGTCTTG_003,24
CCCACACAGAGATGGTCTTG_004,130
CCCACACAGAGATGGTCTTG_005,49
CCCACACAGAGATGGTCTTG_006,139
CCCACACAGAGATGGTCTTG_007,185
CCCACACAGAGATGGTCTTG_008,17
CCCACACAGAGATGGTCTTG_009,91
CCCACACAGAGATGGTCTTG_010,141
CCCACACAGAGATGGTCTTG_011,198
CCCACACAGAGATGGTCTTG_012,117
CCCACACAGAGATGGTCTTG_013,161
CCCACACAGAGATGGTCTTG_014,190
CCCACACAGAGATGGTCTTG_015,139
CCCACACAGAGATGGTCTTG_016,115
CCCACACAGAGATGGTCTTG_017,38
CCCACACAGAGATGGTCTTG_018,123
CCCACACAGAGATGGTCTTG_019,60
CCCACACAGAGATGGTCTTG_020,94
CCCACACAGAGATGGTCTTG_021,45
CCCACACAGAGATGGTCTTG_022,183
GTAGGCACGTGGATAGAAGG_001,62
GCTTGACAGGCTCGGCCCGG_001,177
GCTTGACAGGCTCGGCCCGG_002,190
GCTTGACAGGCTCGGCCCGG_003,33
GCTTGACAGGCTCGGCCCGG_004,95
GCTTGACAGGCTCGGCCCGG_005,110
GCTTGACAGGCTCGGCCCGG_006,187
GCTTGACAGGCTCGGCCCGG_007,55
GCTTGACAGGCTCGGCCCGG_008,67
GCTTGACAGGCTCGGCCCGG_009,17
CAGCATTCGATATAAACTCA_001,139
CAGCATTCGATATAAACTCA_002,51
CAGCATTCGATATAAACTCA_003,65
CAGCATTCGATATAAACTCA_004,116
CAGCATTCGATATAAACTCA_005,102
CAGCATTCGATATAAACTCA_006,125
CAGCATTCGATATAAACTCA_007,6
CAGCATTCGATATAAACTCA_008,188
CAGCATTCGATATAAACTCA_009,40
CAGCATTCGATATAAACTCA_010,36
AACATCGACCAACTCTACTC_001,41
AACATCGACCAACTCTACTC_002,30
AACATCGACCAACTCTACTC_003,118
AACATCGACCAACTCTACTC_004,44
AACATCGACCAACTCTACTC_005,19
AACATCGACCAACTCTACTC_006,16
AACATCGACCAACTCTACTC_007,30
AACATCGACCAACTCTACTC_008,16
AACATCGACCAACTCTACTC_009,86
AACATCGACCAACTCTACTC_010,127
AACATCGACCAACTCTACTC_011,38
AACATCGACCAACTCTACTC_012,65
GTGGGAAGAGAGCAAAAACT_001,86
GTGGGAAGAGAGCAAAAACT_002,84
GTGGGAAGAGAGCAAAAACT_003,22
GTGGGAAGAGAGCAAAAACT_004,96
GTGGGAAGAGAGCAAAAACT_005,167
GTGGGAAGAGAGCAAAAACT_006,48
GTGGGAAGAGAGCAAAAACT_007,119
GTGGGAAGAGAGCAAAAACT_008,63
GTGGGAAGAGAGCAAAAACT_009,56
GTGGGAAGAGAGCAAAAACT_010,19
GTGGGAAGAGAGCAAAAACT_011,91
GACCTACAGACGGATCCAGG_001,8
GACCTACAGACGGATCCAGG_002,117
GACCTACAGACGGATCCAGG_003,120
GACGGCCCTATGGACTCGGG_001,115
GACGGCCCTATGGACTCGGG_002,130
GACGGCCCTATGGACTCGGG_003,12
GACGGCCCTATGGACTCGGG_004,176
GACGGCCCTATGGACTCGGG_005,177
GACGGCCCTATGGACTCGGG_006,177
GACGGCCCTATGGACTCGGG_007,179
GACGGCCCTATGGACTCGGG_008,126
GACGGCCCTATGGACTCGGG_009,71
GTACCCCACCTCTAACAAGG_001,48
GTACCCCACCTCTAACAAGG_002,40
GTACCCCACCTCTAACAAGG_003,15
GTACCCCACCTCTAACAAGG_004,103
AGTCAGGGTCCCTTATCGTG_001,73
AGTCAGGGTCCCTTATCGTG_002,141
AGTCAGGGTCCCTTATCGTG_003,113
AGTCAGGGTCCCTTATCGTG_004,186
AGTCAGGGTCCCTTATCGTG_005,2
AGTCAGGGTCCCTTATCGTG_006,119
AGTCAGGGTCCCTTATCGTG_007,58
AGTCAGGGTCCCTTATCGTG_008,42
AGTCAGGGTCCCTTATCGTG_009,1
AGTCAGGGTCCCTTATCGTG_010,182
AGTCAGGGTCCCTTATCGTG_011,151
AGTCAGGGTCCCTTATCGTG_012,103
AGTCAGGGTCCCTTATCGTG_013,29
AGTCAGGGTCCCTTATCGTG_014,56
AGTCAGGGTCCCTTATCGTG_015,120
AGTCAGGGTCCCTTATCGTG_016,157
AGTCAGGGTCCCTTATCGTG_017,187
AGTCAGGGTCCCTTATCGTG_018,160
CCTGGACAAAAAGAAATACC_001,189
CCTGGACAAAAAGAAATACC_002,113
CCTGGACAAAAAGAAATACC_003,110
TCATGTTGTCTAAACCAGAG_001,161
TCATGTTGTCTAAACCAGAG_002,191
CTACCTCCGTCAGCACATAG_001,184
CTACCTCCGTCAGCACATAG_002,175
CTACCTCCGTCAGCACATAG_003,146
CTACCTCCGTCAGCACATAG_004,189
CTACCTCCGTCAGCACATAG_005,148
CTACCTCCGTCAGCACATAG_006,114
CTACCTCCGTCAGCACATAG_007,197
CTACCTCCGTCAGCACATAG_008,127
CTACCTCCGTCAGCACATAG_009,63
CTACCTCCGTCAGCACATAG_010,63
CTACCTCCGTCAGCACATAG_011,49
CTACCTCCGTCAGCACATAG_012,170
CTACCTCCGTCAGCACATAG_013,124
CTACCTCCGTCAGCACATAG_014,144
CTACCTCCGTCAGCACATAG_015,124
CTACCTCCGTCAGCACATAG_016,27
CTACCTCCGTCAGCACATAG_017,144
CTACCTCCGTCAGCACATAG_018,81
CTACCTCCGTCAGCACATAG_019,19
CTACCTCCGTCAGCACATAG_020,178
AGCTATAGCCTGGCTCAGGA_001,199
AGCTATAGCCTGGCTCAGGA_002,29
AGCTATAGCCTGGCTCAGGA_003,76
AGCTATAGCCTGGCTCAGGA_004,113
AGCTATAGCCTGGCTCAGGA_005,104
AGCTATAGCCTGGCTCAGGA_006,91
AGCTATAGCCTGGCTCAGGA_007,1
AGCTATAGCCTGGCTCAGGA_008,174
AGCTATAGCCTGGCTCAGGA_009,189
AGCTATAGCCTGGCTCAGGA_010,130
AGCTATAGCCTGGCTCAGGA_011,150
TGTCAGCCATCGCTTCGGAG_001,90
TGTCAGCCATCGCTTCGGAG_002,115
TGTCAGCCATCGCTTCGGAG_003,1
TGTCAGCCATCGCTTCGGAG_004,171
TGTCAGCCATCGCTTCGGAG_005,168
TGTCAGCCATCGCTTCGGAG_006,138
TGTCAGCCATCGCTTCGGAG_007,39
TGTCAGCCATCGCTTCGGAG_008,156
TGTCAGCCATCGCTTCGGAG_009,119
TGTCAGCCATCGCTTCGGAG_010,38
TGTCAGCCATCGCTTCGGAG_011,9
GCAGGAACATCTGTAACAGG_001,122
TTGTGAGTAATACCAATCCA_001,76
TTGTGAGTAATACCAATCCA_002,141
TTGTGAGTAATACCAATCCA_003,72
TTGTGAGTAATACCAATCCA_004,138
TTGTGAGTAATACCAATCCA_005,118
ACTCAAAAACAGAAACATCT_001,20
ACTCAAAAACAGAAACATCT_002,182
ACTCAAAAACAGAAACATCT_003,34
ACTCAAAAACAGAAACATCT_004,198
ACTCAAAAACAGAAACATCT_005,6
ACTCAAAAACAGAAACATCT_006,126
CCAGGTGGATTGCAACAAAG_001,53
CCAGGTGGATTGCAACAAAG_002,62
CCAGGTGGATTGCAACAAAG_003,105
CCAGGTGGATTGCAACAAAG_004,107
CCAGGTGGATTGCAACAAAG_005,141
CCAGGTGGATTGCAACAAAG_006,192
CCAGGTGGATTGCAACAAAG_007,94
CCAGGTGGATTGCAACAAAG_008,49
CCAGGTGGATTGCAACAAAG_009,23
CCAGGTGGATTGCAACAAAG_010,161
CCAGGTGGATTGCAACAAAG_011,5
CCAGGTGGATTGCAACAAAG_012,144
CCAGGTGGATTGCAACAAAG_013,60
CCAGGTGGATTGCAACAAAG_014,81
CCAGGTGGATTGCAACAAAG_015,130
CCAGGTGGATTGCAACAAAG_016,96
CCAGGTGGATTGCAACAAAG_017,182
CCAGGTGGATTGCAACAAAG_018,48
CCAGGTGGATTGCAACAAAG_019,159
CCAGGTGGATTGCAACAAAG_020,1
CCAGGTGGATTGCAACAAAG_021,163
CCAGGTGGATTGCAACAAAG_022,2
CCAGGTGGATTGCAACAAAG_023,198
GGAGGGGCCCATGCACCAGT_001,15
GGAGGGGCCCATGCACCAGT_002,49
GGAGGGGCCCATGCACCAGT_003,98
GGAGGGGCCCATGCACCAGT_004,82
GGAGGGGCCCATGCACCAGT_005,161
GGAGGGGCCCATGCACCAGT_006,29
GGAGGGGCCCATGCACCAGT_007,50
GGAGGGGCCCATGCACCAGT_008,47
GGAGGGGCCCATGCACCAGT_009,37
GGAGGGGCCCATGCACCAGT_010,141
GGAGGGGCCCATGCACCAGT_011,137
GGAGGGGCCCATGCACCAGT_012,63
GGAGGGGCCCATGCACCAGT_013,72
GGAGGGGCCCATGCACCAGT_014,128
GGAGGGGCCCATGCACCAGT_015,9
GGAGGGGCCCATGCACCAGT_016,155
GGAGGGGCCCATGCACCAGT_017,130
GGAGGGGCCCATGCACCAGT_018,184
GGAGGGGCCCATGCACCAGT_019,83
GGAGGGGCCCATGCACCAGT_020,106
GGAGGGGCCCATGCACCAGT_021,70
GGAGGGGCCCATGCACCAGT_022,19
GGAGGGGCCCATGCACCAGT_023,156
CATCAGTCCCTACACCATGG_001,139
CATCAGTCCCTACACCATGG_002,9
CATCAGTCCCTACACCATGG_003,70
CATCAGTCCCTACACCATGG_004,69
GGCACCAAAGACGAGGACTA_001,117
GGCACCAAAGACGAGGACTA_002,12
GGCACCAAAGACGAGGACTA_003,91
GGCACCAAAGACGAGGACTA_004,29
GGCACCAAAGACGAGGACTA_005,16
GGCACCAAAGACGAGGACTA_006,111
GGCACCAAAGACGAGGACTA_007,10
GGCACCAAAGACGAGGACTA_008,159
GGCACCAAAGACGAGGACTA_009,141
GGCACCAAAGACGAGGACTA_010,43
GGCACCAAAGACGAGGACTA_011,123
GGCACCAAAGACGAGGACTA_012,25
GGCACCAAAGACGAGGACTA_013,50
GGCACCAAAGACGAGGACTA_014,150
GGCACCAAAGACGAGGACTA_015,12
GGCACCAAAGACGAGGACTA_016,28
GGCACCAAAGACGAGGACTA_017,0
GGCACCAAAGACGAGGACTA_018,134
GGCACCAAAGACGAGGACTA_019,166
GGCACCAAAGACGAGGACTA_020,127
GGCACCAAAGACGAGGACTA_021,36
GCCCTCACCAACATCGAGCG_001,133
GCCCTCACCAACATCGAGCG_002,111
GCCCTCACCAACATCGAGCG_003,198
GCCCTCACCAACATCGAGCG_004,58
GCCCTCACCAACATCGAGCG_005,115
GCCCTCACCAACATCGAGCG_006,136
GCCCTCACCAACATCGAGCG_007,88
GCCCTCACCAACATCGAGCG_008,113
GCCCTCACCAACATCGAGCG_009,15
GCCCTCACCAACATCGAGCG_010,182
GCCCTCACCAACATCGAGCG_011,149
GCCCTCACCAACATCGAGCG_012,21
GCCCTCACCAACATCGAGCG_013,177
GCCCTCACCAACATCGAGCG_014,197
GCCCTCACCAACATCGAGCG_015,48
GCCCTCACCAACATCGAGCG_016,87
GCCCTCACCAACATCGAGCG_017,179
GCCCTCACCAACATCGAGCG_018,188
GCCCTCACCAACATCGAGCG_019,188
GCCCTCACCAACATCGAGCG_020,56
GCCCTCACCAACATCGAGCG_021,10
GCCCTCACCAACATCGAGCG_022,146
GCCCTCACCAACATCGAGCG_023,197
GCCCTCACCAACATCGAGCG_024,91
TTGAGGATGTACTCACGTGG_001,144
TTGAGGATGTACTCACGTGG_002,77
TTGAGGATGTACTCACGTGG_003,2
TTGAGGATGTACTCACGTGG_004,19
TTGAGGATGTACTCACGTGG_005,116
TTGAGGATGTACTCACGTGG_006,126
TCAGTCATAGAACCGACACT_001,96
TCAGTCATAGAACCGACACT_002,100
TCAGTCATAGAACCGACACT_003,16
TCAGTCATAGAACCGACACT_004,144
GAAAACCGTTGCATTGATCA_001,169
GAAAACCGTTGCATTGATCA_002,52
GAAAACCGTTGCATTGATCA_003,169
CAGCCCGTCCACAAACACCG_001,103
CAGCCCGTCCACAAACACCG_002,169
CAGCCCGTCCACAAACACCG_003,199
CAGCCCGTCCACAAACACCG_004,176
CAGCCCGTCCACAAACACCG_005,24
CAGCCCGTCCACAAACACCG_006,115
CAGCCCGTCCACAAACACCG_007,142
CAGCCCGTCCACAAACACCG_008,176
CCCCACAAGGGCGAGCACAG_001,130
CCCCACAAGGGCGAGCACAG_002,59
CCCCACAAGGGCGAGCACAG_003,145
CCCCACAAGGGCGAGCACAG_004,49
CCCCACAAGGGCGAGCACAG_005,146
CCCCACAAGGGCGAGCACAG_006,96
CCCCACAAGGGCGAGCACAG_007,50
CCCCACAAGGGCGAGCACAG_008,171
CCCCACAAGGGCGAGCACAG_009,41
CCCCACAAGGGCGAGCACAG_010,77
CCCCACAAGGGCGAGCACAG_011,166
CCCCACAAGGGCGAGCACAG_012,74
CCCCACAAGGGCGAGCACAG_013,124
CCCCACAAGGGCGAGCACAG_014,51
CCCCACAAGGGCGAGCACAG_015,113
CCCCACAAGGGCGAGCACAG_016,78
CCCCACAAGGGCGAGCACAG_017,91
CCCCACAAGGGCGAGCACAG_018,48
CCCCACAAGGGCGAGCACAG_019,19
CCCCACAAGGGCGAGCACAG_020,172
CCCCACAAGGGCGAGCACAG_021,43
CCCCACAAGGGCGAGCACAG_022,170
CCCCACAAGGGCGAGCACAG_023,166
CCCCACAAGGGCGAGCACAG_024,28
CCCCACAAGGGCGAGCACAG_025,63
CCCCACAAGGGCGAGCACAG_026,57
ACTTTAGAGACACTTACAGT_001,28
ACTTTAGAGACACTTACAGT_002,153
ACTTTAGAGACACTTACAGT_003,15
ACTTTAGAGACACTTACAGT_004,25
ACTTTAGAGACACTTACAGT_005,88
ACTTTAGAGACACTTACAGT_006,95
CCAGTTATTACCCAAGATGG_001,107
CCAGTTATTACCCAAGATGG_002,48
CCAGTTATTACCCAAGATGG_003,25
CCAGTTATTACCCAAGATGG_004,69
CCAGTTATTACCCAAGATGG_005,65
CCAGTTATTACCCAAGATGG_006,54
GGAGATGTACAACATCGATG_001,155
GGAGATGTACAACATCGATG_002,113
GGAGATGTACAACATCGATG_003,14
ATGAAGTGGCTGTCAAGGAG_001,117
ATGAAGTGGCTGTCAAGGAG_002,76
ATGAAGTGGCTGTCAAGGAG_003,171
ATGAAGTGGCTGTCAAGGAG_004,15
ATGAAGTGGCTGTCAAGGAG_005,176
ATGAAGTGGCTGTCAAGGAG_006,17
ATGAAGTGGCTGTCAAGGAG_007,15
GGAGTCGTCATCGGTCCTGA_001,3
GGAGTCGTCATCGGTCCTGA_002,150
GGAGTCGTCATCGGTCCTGA_003,8
GGAGTCGTCATCGGTCCTGA_004,119
GGAGTCGTCATCGGTCCTGA_005,73
GGAGTCGTCATCGGTCCTGA_006,169
GGAGTCGTCATCGGTCCTGA_007,126
GGAGTCGTCATCGGTCCTGA_008,42
GGAGTCGTCATCGGTCCTGA_009,137
GGAGTCGTCATCGGTCCTGA_010,49
GGAGTCGTCATCGGTCCTGA_011,50
GGAGTCGTCATCGGTCCTGA_012,153
GGAGTCGTCATCGGTCCTGA_013,42
GGAGTCGTCATCGGTCCTGA_014,26
GGAGTCGTCATCGGTCCTGA_015,123
GGAGTCGTCATCGGTCCTGA_016,46
GGAGTCGTCATCGGTCCTGA_017,166
GGAGTCGTCATCGGTCCTGA_018,15
GGAGTCGTCATCGGTCCTGA_019,149
GGAGTCGTCATCGGTCCTGA_020,104
GGAGTCGTCATCGGTCCTGA_021,193
GGAGTCGTCATCGGTCCTGA_022,60
GGAGTCGTCATCGGTCCTGA_023,199
GGAGTCGTCATCGGTCCTGA_024,88
GGAGTCGTCATCGGTCCTGA_025,192
GGAGTCGTCATCGGTCCTGA_026,175
GGAGTCGTCATCGGTCCTGA_027,177
GGAGTCGTCATCGGTCCTGA_028,62
GGAGTCGTCATCGGTCCTGA_029,62
GGAGTCGTCATCGGTCCTGA_030,121
GGAGTCGTCATCGGTCCTGA_031,98
GGAGTCGTCATCGGTCCTGA_032,168
GGAGTCGTCATCGGTCCTGA_033,166
GGAGTCGTCATCGGTCCTGA_034,184
GGAGTCGTCATCGGTCCTGA_035,130
GGAGTCGTCATCGGTCCTGA_036,41
GGAGTCGTCATCGGTCCTGA_037,88
GGAGTCGTCATCGGTCCTGA_038,112
GGAGTCGTCATCGGTCCTGA_039,168
GGAGTCGTCATCGGTCCTGA_040,168
GGAGTCGTCATCGGTCCTGA_041,124
GGAGTCGTCATCGGTCCTGA_042,17
GGAGTCGTCATCGGTCCTGA_043,1
GGAGTCGTCATCGGTCCTGA_044,110
GGAGTCGTCATCGGTCCTGA_045,11
GGAGTCGTCATCGGTCCTGA_046,81
GGAGTCGTCATCGGTCCTGA_047,150
GGCACTGGGGAAATTCCACT_001,189
GGCACTGGGGAAATTCCACT_002,146
GGCACTGGGGAAATTCCACT_003,195
GGCACTGGGGAAATTCCACT_004,142
GGCACTGGGGAAATTCCACT_005,172
GGCACTGGGGAAATTCCACT_006,72
GGTGCTCCTGTCCATATGAG_001,49
GGTGCTCCTGTCCATATGAG_002,130
GGTGCTCCTGTCCATATGAG_003,150
GGTGCTCCTGTCCATATGAG_004,13
GGTGCTCCTGTCCATATGAG_005,147
GGTGCTCCTGTCCATATGAG_006,150
GGTGCTCCTGTCCATATGAG_007,139
GGTGCTCCTGTCCATATGAG_008,6
GCCAAAGACTGTATACACGT_001,12
GCCAAAGACTGTATACACGT_002,23
GCCAAAGACTGTATACACGT_003,169
AGGTCTCAGAAACGACAACC_001,32
AGGTCTCAGAAACGACAACC_002,169
AGGTCTCAGAAACGACAACC_003,8
AGGTCTCAGAAACGACAACC_004,159
AGGTCTCAGAAACGACAACC_005,159
AGGTCTCAGAAACGACAACC_006,60
AGGTCTCAGAAACGACAACC_007,62
AGGTCTCAGAAACGACAACC_008,130
AGGTCTCAGAAACGACAACC_009,198
AGGTCTCAGAAACGACAACC_010,56
AGGTCTCAGAAACGACAACC_011,52
AGGTCTCAGAAACGACAACC_012,135
AGGTCTCAGAAACGACAACC_013,196
TGATGCGGGGTCAACCTCCG_001,62
TGATGCGGGGTCAACCTCCG_002,182
TGATGCGGGGTCAACCTCCG_003,192
TGATGCGGGGTCAACCTCCG_004,62
TGATGCGGGGTCAACCTCCG_005,29
TGATGCGGGGTCAACCTCCG_006,107
TGATGCGGGGTCAACCTCCG_007,76
TGATGCGGGGTCAACCTCCG_008,144
TGATGCGGGGTCAACCTCCG_009,8
TGATGCGGGGTCAACCTCCG_010,88
TGATGCGGGGTCAACCTCCG_011,171
TGATGCGGGGTCAACCTCCG_012,150
TGATGCGGGGTCAACCTCCG_013,172
TGATGCGGGGTCAACCTCCG_014,5
TGATGCGGGGTCAACCTCCG_015,180
TGATGCGGGGTCAACCTCCG_016,92
TGATGCGGGGTCAACCTCCG_017,40
TGATGCGGGGTCAACCTCCG_018,181
TGATGCGGGGTCAACCTCCG_019,35
TGATGCGGGGTCAACCTCCG_020,44
TGATGCGGGGTCAACCTCCG_021,18
TGATGCGGGGTCAACCTCCG_022,66
TGATGCGGGGTCAACCTCCG_023,46
TGATGCGGGGTCAACCTCCG_024,61
TGATGCGGGGTCAACCTCCG_025,88
TTCTGTTTCAGTGCACTGTG_001,108
TTCTGTTTCAGTGCACTGTG_002,162
TTCTGTTTCAGTGCACTGTG_003,34
TTCTGTTTCAGTGCACTGTG_004,76
TTCTGTTTCAGTGCACTGTG_005,15
TTCTGTTTCAGTGCACTGTG_006,70
TTCTGTTTCAGTGCACTGTG_007,121
TTCTGTTTCAGTGCACTGTG_008,156
TTCTGTTTCAGTGCACTGTG_009,111
TTCTGTTTCAGTGCACTGTG_010,82
TTCTGTTTCAGTGCACTGTG_011,95
TTCTGTTTCAGTGCACTGTG_012,157
TTCTGTTTCAGTGCACTGTG_013,4
TTCTGTTTCAGTGCACTGTG_014,105
TTCTGTTTCAGTGCACTGTG_015,140
TTCTGTTTCAGTGCACTGTG_016,194
TTCTGTTTCAGTGCACTGTG_017,174
TTCTGTTTCAGTGCACTGTG_018,38
TTCTGTTTCAGTGCACTGTG_019,65
TTCTGTTTCAGTGCACTGTG_020,137
TTCTGTTTCAGTGCACTGTG_021,46
TTCTGTTTCAGTGCACTGTG_022,171
TTCTGTTTCAGTGCACTGTG_023,41
TTCTGTTTCAGTGCACTGTG_024,83
TTCTGTTTCAGTGCACTGTG_025,174
TTCTGTTTCAGTGCACTGTG_026,196
TTCTGTTTCAGTGCACTGTG_027,161
TTCTGTTTCAGTGCACTGTG_028,184
CCTCGCGGAACATCTCATTG_001,15
GGCTGCGCACCTACCCACAG_001,181
GGCTGCGCACCTACCCACAG_002,50
GGCTGCGCACCTACCCACAG_003,162
GGCTGCGCACCTACCCACAG_004,38
GGCTGCGCACCTACCCACAG_005,195
GGCTGCGCACCTACCCACAG_006,127
GGCTGCGCACCTACCCACAG_007,105
GGCTGCGCACCTACCCACAG_008,2
GTTCGCTGACAGCCTACAGG_001,10
GTTCGCTGACAGCCTACAGG_002,184
GTTCGCTGACAGCCTACAGG_003,65
GTTCGCTGACAGCCTACAGG_004,96
GTTCGCTGACAGCCTACAGG_005,145
GTTCGCTGACAGCCTACAGG_006,141
GTTCGCTGACAGCCTACAGG_007,113
GTTCGCTGACAGCCTACAGG_008,134
GTTCGCTGACAGCCTACAGG_009,15
GTTCGCTGACAGCCTACAGG_010,112
GTTCGCTGACAGCCTACAGG_011,156
GTTCGCTGACAGCCTACAGG_012,178
GTTCGCTGACAGCCTACAGG_013,113
GTTCGCTGACAGCCTACAGG_014,72
GTTCGCTGACAGCCTACAGG_015,31
GTTCGCTGACAGCCTACAGG_016,157
GTTCGCTGACAGCCTACAGG_017,144
GTTCGCTGACAGCCTACAGG_018,145
GTTCGCTGACAGCCTACAGG_019,60
GTTCGCTGACAGCCTACAGG_020,43
GTTCGCTGACAGCCTACAGG_021,65
GTTCGCTGACAGCCTACAGG_022,70
GTTCGCTGACAGCCTACAGG_023,146
GTTCGCTGACAGCCTACAGG_024,124
GTTCGCTGACAGCCTACAGG_025,197
GCTTCCAGAGAAAACCCTCA_001,141
GCTTCCAGAGAAAACCCTCA_002,178
GCTTCCAGAGAAAACCCTCA_003,27
GCTTCCAGAGAAAACCCTCA_004,196
GCTTCCAGAGAAAACCCTCA_005,48
GCTTCCAGAGAAAACCCTCA_006,179
GCTTCCAGAGAAAACCCTCA_007,136
GCTTCCAGAGAAAACCCTCA_008,136
GCTTCCAGAGAAAACCCTCA_009,96
GCTTCCAGAGAAAACCCTCA_010,10
GAGTACACGGTCTATGACGA_001,149
GAGTACACGGTCTATGACGA_002,198
TTAACCGGAGAGCATAACAA_001,192
TTAACCGGAGAGCATAACAA_002,171
TTAACCGGAGAGCATAACAA_003,99
TTAACCGGAGAGCATAACAA_004,69
TTAACCGGAGAGCATAACAA_005,12
TTAACCGGAGAGCATAACAA_006,12
TTAACCGGAGAGCATAACAA_007,38
TCTTACCCGAAGTGTCCCAC_001,105
TCTTACCCGAAGTGTCCCAC_002,48
TCTTACCCGAAGTGTCCCAC_003,17
TCTTACCCGAAGTGTCCCAC_004,188
TCTTACCCGAAGTGTCCCAC_005,19
TCTTACCCGAAGTGTCCCAC_006,141
TCTTACCCGAAGTGTCCCAC_007,16
TCTTACCCGAAGTGTCCCAC_008,61
TCTTACCCGAAGTGTCCCAC_009,94
TCTTACCCGAAGTGTCCCAC_010,121
TCTTACCCGAAGTGTCCCAC_011,127
TCTTACCCGAAGTGTCCCAC_012,144
TCTTACCCGAAGTGTCCCAC_013,62
TCTTACCCGAAGTGTCCCAC_014,33
ATCCATTCTCCAATCACACG_001,52
ATCCATTCTCCAATCACACG_002,177
ATCCATTCTCCAATCACACG_003,1
ATCCATTCTCCAATCACACG_004,55
ATCCATTCTCCAATCACACG_005,25
ATCCATTCTCCAATCACACG_006,16
ATCCATTCTCCAATCACACG_007,98
ATCCATTCTCCAATCACACG_008,82
ATCCATTCTCCAATCACACG_009,162
ATCCATTCTCCAATCACACG_010,120
ATCCATTCTCCAATCACACG_011,15
CCGGCTTCTTCCGCTCACTG_001,151
CCGGCTTCTTCCGCTCACTG_002,80
CCGGCTTCTTCCGCTCACTG_003,32
CCGGCTTCTTCCGCTCACTG_004,116
CCGGCTTCTTCCGCTCACTG_005,123
CCGGCTTCTTCCGCTCACTG_006,127
CCGGCTTCTTCCGCTCACTG_007,61
CCGGCTTCTTCCGCTCACTG_008,96
CCGGCTTCTTCCGCTCACTG_009,130
CCGGCTTCTTCCGCTCACTG_010,72
CCGGCTTCTTCCGCTCACTG_011,118
CCGGCTTCTTCCGCTCACTG_012,42
CCGGCTTCTTCCGCTCACTG_013,143
CCGGCTTCTTCCGCTCACTG_014,161
CCGGCTTCTTCCGCTCACTG_015,8
CCGGCTTCTTCCGCTCACTG_016,27
CCGGCTTCTTCCGCTCACTG_017,4
CCGGCTTCTTCCGCTCACTG_018,84
CCGGCTTCTTCCGCTCACTG_019,165
CCGGCTTCTTCCGCTCACTG_020,124
CCGGCTTCTTCCGCTCACTG_021,105
GCGTTGGAGTCGAAGGAGCG_001,12
GCGTTGGAGTCGAAGGAGCG_002,50
GCGTTGGAGTCGAAGGAGCG_003,138
GCGTTGGAGTCGAAGGAGCG_004,105
GCGTTGGAGTCGAAGGAGCG_005,153
GCGTTGGAGTCGAAGGAGCG_006,10
GCGTTGGAGTCGAAGGAGCG_007,124
GCGTTGGAGTCGAAGGAGCG_008,29
GCGTTGGAGTCGAAGGAGCG_009,69
GCGTTGGAGTCGAAGGAGCG_010,94
GCGTTGGAGTCGAAGGAGCG_011,150
GCGTTGGAGTCGAAGGAGCG_012,47
GCGTTGGAGTCGAAGGAGCG_013,47
GCGTTGGAGTCGAAGGAGCG_014,189
TTGGTATACAGGAATCCGAG_001,44
TTGGTATACAGGAATCCGAG_002,197
TTGGTATACAGGAATCCGAG_003,19
TTGGTATACAGGAATCCGAG_004,86
TTGGTATACAGGAATCCGAG_005,100
TTGGTATACAGGAATCCGAG_006,69
TTGGTATACAGGAATCCGAG_007,14
TTGGTATACAGGAATCCGAG_008,66
TTGGTATACAGGAATCCGAG_009,28
GGTGAAACAGATGTCGACCA_001,169
GGTGAAACAGATGTCGACCA_002,13
GGTGAAACAGATGTCGACCA_003,160
GGTGAAACAGATGTCGACCA_004,81
GGTGAAACAGATGTCGACCA_005,102
GGTGAAACAGATGTCGACCA_006,6
GGTGAAACAGATGTCGACCA_007,63
TCAGCCGGGTCGTCGAACAC_001,105
TCAGCCGGGTCGTCGAACAC_002,175
TCAGCCGGGTCGTCGAACAC_003,81
TCAGCCGGGTCGTCGAACAC_004,4
TCAGCCGGGTCGTCGAACAC_005,121
TCAGCCGGGTCGTCGAACAC_006,98
TCAGCCGGGTCGTCGAACAC_007,49
TCAGCCGGGTCGTCGAACAC_008,158
TCAGCCGGGTCGTCGAACAC_009,68
TCAGCCGGGTCGTCGAACAC_010,12
TCAGCCGGGTCGTCGAACAC_011,68
TCAGCCGGGTCGTCGAACAC_012,46
TCAGCCGGGTCGTCGAACAC_013,118
TCAGCCGGGTCGTCGAACAC_014,150
TCAGCCGGGTCGTCGAACAC_015,112
TCAGCCGGGTCGTCGAACAC_016,112
TCAGCCGGGTCGTCGAACAC_017,82
TCAGCCGGGTCGTCGAACAC_018,37
TCAGCCGGGTCGTCGAACAC_019,43
TCAGCCGGGTCGTCGAACAC_020,142
CGGATCCTGTTTGGCTACTG_001,118
CGGATCCTGTTTGGCTACTG_002,116
CGGATCCTGTTTGGCTACTG_003,100
CGGATCCTGTTTGGCTACTG_004,140
CGGATCCTGTTTGGCTACTG_005,123
CGGATCCTGTTTGGCTACTG_006,123
CGGATCCTGTTTGGCTACTG_007,149
CGGATCCTGTTTGGCTACTG_008,68
CGGATCCTGTTTGGCTACTG_009,169
CGGATCCTGTTTGGCTACTG_010,150
CGGATCCTGTTTGGCTACTG_011,63
CGGATCCTGTTTGGCTACTG_012,168
CGGATCCTGTTTGGCTACTG_013,161
AGGGAAGTGGAGCACCCCTG_001,10
AGGGAAGTGGAGCACCCCTG_002,48
AGGGAAGTGGAGCACCCCTG_003,17
AGGGAAGTGGAGCACCCCTG_004,36
AGGGAAGTGGAGCACCCCTG_005,178
AGGGAAGTGGAGCACCCCTG_006,73
AGGGAAGTGGAGCACCCCTG_007,83
AGGGAAGTGGAGCACCCCTG_008,170
AGGGAAGTGGAGCACCCCTG_009,94
AGGGAAGTGGAGCACCCCTG_010,15
AGGGAAGTGGAGCACCCCTG_011,61
AGGGAAGTGGAGCACCCCTG_012,63
AGGGAAGTGGAGCACCCCTG_013,184
AGGGAAGTGGAGCACCCCTG_014,88
AGGGAAGTGGAGCACCCCTG_015,28
AGGGAAGTGGAGCACCCCTG_016,113
AGGGAAGTGGAGCACCCCTG_017,162
TGCCAAGAGATAGTTGTAGG_001,104
TGCCAAGAGATAGTTGTAGG_002,40
TGCCAAGAGATAGTTGTAGG_003,45
TGCCAAGAGATAGTTGTAGG_004,197
TGCCAAGAGATAGTTGTAGG_005,163
TGCCAAGAGATAGTTGTAGG_006,19
TGCCAAGAGATAGTTGTAGG_007,162
TGCCAAGAGATAGTTGTAGG_008,138
TGCCAAGAGATAGTTGTAGG_009,55
TGCCAAGAGATAGTTGTAGG_010,142
TGCCAAGAGATAGTTGTAGG_011,142
TGGGGGATCCGTAATATACA_001,170
ACGGTGGACCTTGCTCGCGT_001,169
ACGGTGGACCTTGCTCGCGT_002,133
ACGGTGGACCTTGCTCGCGT_003,81
ACGGTGGACCTTGCTCGCGT_004,113
ACGGTGGACCTTGCTCGCGT_005,135
ACGGTGGACCTTGCTCGCGT_006,72
ACGGTGGACCTTGCTCGCGT_007,72
ACGGTGGACCTTGCTCGCGT_008,166
ACGGTGGACCTTGCTCGCGT_009,147
ACGGTGGACCTTGCTCGCGT_010,188
ACGGTGGACCTTGCTCGCGT_011,1
ACGGTGGACCTTGCTCGCGT_012,6
ACGGTGGACCTTGCTCGCGT_013,2
ACGGTGGACCTTGCTCGCGT_014,10
ACGGTGGACCTTGCTCGCGT_015,136
ACGGTGGACCTTGCTCGCGT_016,28
ACGGTGGACCTTGCTCGCGT_017,152
TGGAGGAAGTGATATACAAG_001,49
TGGAGGAAGTGATATACAAG_002,162
TGGAGGAAGTGATATACAAG_003,8
TGGAGGAAGTGATATACAAG_004,70
TGGAGGAAGTGATATACAAG_005,170
TGGAGGAAGTGATATACAAG_006,159
TGGAGGAAGTGATATACAAG_007,171
TGGAGGAAGTGATATACAAG_008,145
TGGAGGAAGTGATATACAAG_009,169
TGGAGGAAGTGATATACAAG_010,104
TGGAGGAAGTGATATACAAG_011,68
TGGAGGAAGTGATATACAAG_012,2
TGGAGGAAGTGATATACAAG_013,169
TGGAGGAAGTGATATACAAG_014,184
TGGAGGAAGTGATATACAAG_015,2
TGGAGGAAGTGATATACAAG_016,0
AACCCCAGCACGTTCCACAA_001,157
AACCCCAGCACGTTCCACAA_002,48
AACCCCAGCACGTTCCACAA_003,80
AACCCCAGCACGTTCCACAA_004,85
AACCCCAGCACGTTCCACAA_005,76
AACCCCAGCACGTTCCACAA_006,3
AACCCCAGCACGTTCCACAA_007,165
AACCCCAGCACGTTCCACAA_008,19
AACCCCAGCACGTTCCACAA_009,112
AACCCCAGCACGTTCCACAA_010,5
AACCCCAGCACGTTCCACAA_011,104
AACCCCAGCACGTTCCACAA_012,49
AACCCCAGCACGTTCCACAA_013,169
AACCCCAGCACGTTCCACAA_014,43
AACCCCAGCACGTTCCACAA_015,70
AACCCCAGCACGTTCCACAA_016,154
AACCCCAGCACGTTCCACAA_017,134
AACCCCAGCACGTTCCACAA_018,80
AACCCCAGCACGTTCCACAA_019,178
AACCCCAGCACGTTCCACAA_020,77
AACCCCAGCACGTTCCACAA_021,137
AACCCCAGCACGTTCCACAA_022,46
AACCCCAGCACGTTCCACAA_023,62
AACCCCAGCACGTTCCACAA_024,152
AACCCCAGCACGTTCCACAA_025,18
AACCCCAGCACGTTCCACAA_026,4
TCAAAGGAGTGCGTAGTCAC_001,58
TCAAAGGAGTGCGTAGTCAC_002,144
TCAAAGGAGTGCGTAGTCAC_003,43
TCAAAGGAGTGCGTAGTCAC_004,81
TCAAAGGAGTGCGTAGTCAC_005,115
TCAAAGGAGTGCGTAGTCAC_006,95
GGGAATAAAATCACCTGCCG_001,121
GGGAATAAAATCACCTGCCG_002,139
GGGAATAAAATCACCTGCCG_003,29
GGGAATAAAATCACCTGCCG_004,58
GGGAATAAAATCACCTGCCG_005,84
GGGAATAAAATCACCTGCCG_006,34
GGGAATAAAATCACCTGCCG_007,20
GGGAATAAAATCACCTGCCG_008,94
GGGAATAAAATCACCTGCCG_009,160
GGGAATAAAATCACCTGCCG_010,10
AAGGTGCAAAACACAGGACA_001,163
AAGGTGCAAAACACAGGACA_002,119
AAGGTGCAAAACACAGGACA_003,192
AAGGTGCAAAACACAGGACA_004,92
AAGGTGCAAAACACAGGACA_005,13
AAGGTGCAAAACACAGGACA_006,88
AAGGTGCAAAACACAGGACA_007,147
AAGGTGCAAAACACAGGACA_008,105
AAGGTGCAAAACACAGGACA_009,43
AAGGTGCAAAACACAGGACA_010,138
AAGGTGCAAAACACAGGACA_011,177
AAGGTGCAAAACACAGGACA_012,166
GTCCTGTGCCAATCTCCATG_001,105
GAAGATAGTATGTTCAAACA_001,57
GAAGATAGTATGTTCAAACA_002,172
GAAGATAGTATGTTCAAACA_003,95
CCAACCGCCTGACCATCCAA_001,14
CCAACCGCCTGACCATCCAA_002,54
CCAACCGCCTGACCATCCAA_003,43
CCAACCGCCTGACCATCCAA_004,148
CCAACCGCCTGACCATCCAA_005,12
CCAACCGCCTGACCATCCAA_006,96
CCAACCGCCTGACCATCCAA_007,97
CCAACCGCCTGACCATCCAA_008,178
CCAACCGCCTGACCATCCAA_009,40
CCAACCGCCTGACCATCCAA_010,65
CCAACCGCCTGACCATCCAA_011,81
CCAACCGCCTGACCATCCAA_012,17
CCAACCGCCTGACCATCCAA_013,168
AGTTTACCAGCAAGCTACAT_001,139
AGTTTACCAGCAAGCTACAT_002,11
AGTTTACCAGCAAGCTACAT_003,127
AGTTTACCAGCAAGCTACAT_004,41
AGTTTACCAGCAAGCTACAT_005,192
AGTTTACCAGCAAGCTACAT_006,190
AGTTTACCAGCAAGCTACAT_007,63
AGTTTACCAGCAAGCTACAT_008,160
AGTTTACCAGCAAGCTACAT_009,187
AGTTTACCAGCAAGCTACAT_010,92
AGTTTACCAGCAAGCTACAT_011,146
AGTTTACCAGCAAGCTACAT_012,62
AGTTTACCAGCAAGCTACAT_013,72
AGTTTACCAGCAAGCTACAT_014,11
CTGTACAGTCAGAAACAGAG_001,134
CAGTGACCTAGAGTCCCGCA_001,40
CAGTGACCTAGAGTCCCGCA_002,9
CAGTGACCTAGAGTCCCGCA_003,57
CAGTGACCTAGAGTCCCGCA_004,13
GTTGGTGCTGAAGTCAACCA_001,17
GTTGGTGCTGAAGTCAACCA_002,76
GTTGGTGCTGAAGTCAACCA_003,169
GTTGGTGCTGAAGTCAACCA_004,137
GTTGGTGCTGAAGTCAACCA_005,12
GTTGGTGCTGAAGTCAACCA_006,16
GTTGGTGCTGAAGTCAACCA_007,159
GTTGGTGCTGAAGTCAACCA_008,98
GTTGGTGCTGAAGTCAACCA_009,4
GGGTGATGCACAGTTGACCA_001,58
GGGTGATGCACAGTTGACCA_002,51
GGGTGATGCACAGTTGACCA_003,44
GGGTGATGCACAGTTGACCA_004,81
GGGTGATGCACAGTTGACCA_005,198
GGGTGATGCACAGTTGACCA_006,148
GGGTGATGCACAGTTGACCA_007,117
GGGTGATGCACAGTTGACCA_008,13
GGGTGATGCACAGTTGACCA_009,77
GGGTGATGCACAGTTGACCA_010,154
GTGGTCACACTTGTTGAGAT_001,110
GTGGTCACACTTGTTGAGAT_002,141
GTGGTCACACTTGTTGAGAT_003,156
GTGGTCACACTTGTTGAGAT_004,156
GTGGTCACACTTGTTGAGAT_005,50
GTGGTCACACTTGTTGAGAT_006,165
CCCTGGATTAGAGCATTGTG_001,172
CCCTGGATTAGAGCATTGTG_002,2
CCCTGGATTAGAGCATTGTG_003,9
CCCTGGATTAGAGCATTGTG_004,113
CCCTGGATTAGAGCATTGTG_005,81
CCCTGGATTAGAGCATTGTG_006,184
CCCTGGATTAGAGCATTGTG_007,117
CCCTGGATTAGAGCATTGTG_008,168
CCCTGGATTAGAGCATTGTG_009,126
CCCTGGATTAGAGCATTGTG_010,6
CCCTGGATTAGAGCATTGTG_011,120
CCCTGGATTAGAGCATTGTG_012,58
CCCTGGATTAGAGCATTGTG_013,134
CCCTGGATTAGAGCATTGTG_014,162
CCTCGGCTGAGTACAAGTTG_001,31
CCTCGGCTGAGTACAAGTTG_002,171
CCTCGGCTGAGTACAAGTTG_003,123
CCTCGGCTGAGTACAAGTTG_004,147
CCTCGGCTGAGTACAAGTTG_005,12
CCTCGGCTGAGTACAAGTTG_006,146
CCTAATGACAGTCCTGCCCG_001,54
CCTAATGACAGTCCTGCCCG_002,98
CCTAATGACAGTCCTGCCCG_003,69
CCTAATGACAGTCCTGCCCG_004,148
GGCAACAGTGAAATAACACA_001,87
CGACGCCTACGAAAACCTCA_001,45
CGACGCCTACGAAAACCTCA_002,146
CGACGCCTACGAAAACCTCA_003,148
CGACGCCTACGAAAACCTCA_004,172
CGACGCCTACGAAAACCTCA_005,29
CGACGCCTACGAAAACCTCA_006,185
CGACGCCTACGAAAACCTCA_007,158
CGACGCCTACGAAAACCTCA_008,120
CGACGCCTACGAAAACCTCA_009,88
CGACGCCTACGAAAACCTCA_010,43
CGACGCCTACGAAAACCTCA_011,129
CATTGCGGATGGCCAATTGC_001,153
CATTGCGGATGGCCAATTGC_002,172
CATTGCGGATGGCCAATTGC_003,0
CATTGCGGATGGCCAATTGC_004,6
CATTGCGGATGGCCAATTGC_005,127
CATTGCGGATGGCCAATTGC_006,33
CATTGCGGATGGCCAATTGC_007,16
CATTGCGGATGGCCAATTGC_008,2
CATTGCGGATGGCCAATTGC_009,60
CATTGCGGATGGCCAATTGC_010,31
CATTGCGGATGGCCAATTGC_011,107
CATTGCGGATGGCCAATTGC_012,147
CATTGCGGATGGCCAATTGC_013,162
CATTGCGGATGGCCAATTGC_014,107
CATTGCGGATGGCCAATTGC_015,102
CATTGCGGATGGCCAATTGC_016,81
CATTGCGGATGGCCAATTGC_017,102
CATTGCGGATGGCCAATTGC_018,14
CATTGCGGATGGCCAATTGC_019,169
CATTGCGGATGGCCAATTGC_020,15
CATTGCGGATGGCCAATTGC_021,165
CATTGCGGATGGCCAATTGC_022,68
CATTGCGGATGGCCAATTGC_023,99
CATTGCGGATGGCCAATTGC_024,13
GAATGATTATAAATTGCGCT_001,5
ATAGTTTACCCACTGGTGAA_001,130
ATAGTTTACCCACTGGTGAA_002,45
ATAGTTTACCCACTGGTGAA_003,174
ATAGTTTACCCACTGGTGAA_004,33
ATAGTTTACCCACTGGTGAA_005,147
TCCGCTTCCTCCTCGTCGCG_001,103
TCCGCTTCCTCCTCGTCGCG_002,181
TCCGCTTCCTCCTCGTCGCG_003,26
TCCGCTTCCTCCTCGTCGCG_004,40
TCCGCTTCCTCCTCGTCGCG_005,123
TCCGCTTCCTCCTCGTCGCG_006,144
TCCGCTTCCTCCTCGTCGCG_007,83
TCCGCTTCCTCCTCGTCGCG_008,6
TCCGCTTCCTCCTCGTCGCG_009,178
TCCGCTTCCTCCTCGTCGCG_010,42
ATAGCAATAGAGCGTCGAAG_001,40
ATAGCAATAGAGCGTCGAAG_002,84
ATAGCAATAGAGCGTCGAAG_003,144
ATAGCAATAGAGCGTCGAAG_004,156
ATAGCAATAGAGCGTCGAAG_005,56
ATAGCAATAGAGCGTCGAAG_006,6
ATAGCAATAGAGCGTCGAAG_007,102
ATAGCAATAGAGCGTCGAAG_008,80
GACGGGCTAGCTACGCGACT_001,148
GACGGGCTAGCTACGCGACT_002,159
GACGGGCTAGCTACGCGACT_003,159
GACGGGCTAGCTACGCGACT_004,61
GACGGGCTAGCTACGCGACT_005,2
GACGGGCTAGCTACGCGACT_006,63
GACGGGCTAGCTACGCGACT_007,34
GACGGGCTAGCTACGCGACT_008,169
GACGGGCTAGCTACGCGACT_009,191
GACGGGCTAGCTACGCGACT_010,98
AACTTGGAGAAGCTGTCGAG_001,126
AACTTGGAGAAGCTGTCGAG_002,173
AACTTGGAGAAGCTGTCGAG_003,101
AACTTGGAGAAGCTGTCGAG_004,17
TAGCACTGTTCTGATCACGT_001,70
TAGCACTGTTCTGATCACGT_002,75
TAGCACTGTTCTGATCACGT_003,42
TAGCACTGTTCTGATCACGT_004,105
TAGCACTGTTCTGATCACGT_005,50
TAGCACTGTTCTGATCACGT_006,41
TAGCACTGTTCTGATCACGT_007,141
TAGCACTGTTCTGATCACGT_008,116
TAGCACTGTTCTGATCACGT_009,25
CAGAAAGCAAGGGCGGACCA_001,176
CAGAAAGCAAGGGCGGACCA_002,146
CAGAAAGCAAGGGCGGACCA_003,63
CAGAAAGCAAGGGCGGACCA_004,129
CAGAAAGCAAGGGCGGACCA_005,148
CAGAAAGCAAGGGCGGACCA_006,116
CAGAAAGCAAGGGCGGACCA_007,123
CAGAAAGCAAGGGCGGACCA_008,69
CAGAAAGCAAGGGCGGACCA_009,188
CAGAAAGCAAGGGCGGACCA_010,111
CAGAAAGCAAGGGCGGACCA_011,113
CAGAAAGCAAGGGCGGACCA_012,38
CAGAAAGCAAGGGCGGACCA_013,169
CAGAAAGCAAGGGCGGACCA_014,105
CAGAAAGCAAGGGCGGACCA_015,45
CAGAAAGCAAGGGCGGACCA_016,32
CAGAAAGCAAGGGCGGACCA_017,5
CAGAAAGCAAGGGCGGACCA_018,150
CAGAAAGCAAGGGCGGACCA_019,94
CAGAAAGCAAGGGCGGACCA_020,102
CAGAAAGCAAGGGCGGACCA_021,77
CAGAAAGCAAGGGCGGACCA_022,171
CAGAAAGCAAGGGCGGACCA_023,190
CAGAAAGCAAGGGCGGACCA_024,92
CAGAAAGCAAGGGCGGACCA_025,48
CAGAAAGCAAGGGCGGACCA_026,20
CAGAAAGCAAGGGCGGACCA_027,157
CAGAAAGCAAGGGCGGACCA_028,68
CTGGCACAAGCAATCATTGA_001,149
AGGCCCCGTATACCACATCT_001,139
AGGCCCCGTATACCACATCT_002,60
AGGCCCCGTATACCACATCT_003,169
AGGCCCCGTATACCACATCT_004,178
AGGCCCCGTATACCACATCT_005,153
GTAGAAGGTACCCGTCAGGT_001,103
GTAGAAGGTACCCGTCAGGT_002,61
GTAGAAGGTACCCGTCAGGT_003,58
GGTGATGTTGGAACAATCCG_001,115
GGTGATGTTGGAACAATCCG_002,52
GGTGATGTTGGAACAATCCG_003,104
GGTGATGTTGGAACAATCCG_004,35
GGTGATGTTGGAACAATCCG_005,62
GGTGATGTTGGAACAATCCG_006,170
TGTTTAGATCAACTACTATG_001,2
TGTTTAGATCAACTACTATG_002,185
TGTTTAGATCAACTACTATG_003,116
TGTTTAGATCAACTACTATG_004,186
TGTTTAGATCAACTACTATG_005,24
TGTTTAGATCAACTACTATG_006,100
TGTTTAGATCAACTACTATG_007,83
TGTTTAGATCAACTACTATG_008,76
ACAGCGCATCATGACCCTGT_001,195
ACAGCGCATCATGACCCTGT_002,11
ACAGCGCATCATGACCCTGT_003,10
ACAGCGCATCATGACCCTGT_004,116
ACAGCGCATCATGACCCTGT_005,66
ACAGCGCATCATGACCCTGT_006,7
ACAGCGCATCATGACCCTGT_007,153
CTTGGCAATAGAAAGTCAAT_001,13
CTTGGCAATAGAAAGTCAAT_002,191
CCTATGGGAAGGAGACCTCG_001,132
CCTATGGGAAGGAGACCTCG_002,132
CCTATGGGAAGGAGACCTCG_003,94
CCTATGGGAAGGAGACCTCG_004,127
CCTATGGGAAGGAGACCTCG_005,92
CCTATGGGAAGGAGACCTCG_006,65
CCTATGGGAAGGAGACCTCG_007,145
CCTATGGGAAGGAGACCTCG_008,98
CCTATGGGAAGGAGACCTCG_009,179
CCTATGGGAAGGAGACCTCG_010,57
CCTATGGGAAGGAGACCTCG_011,184
CCTATGGGAAGGAGACCTCG_012,169
CCTATGGGAAGGAGACCTCG_013,15
CCTATGGGAAGGAGACCTCG_014,188
CCTATGGGAAGGAGACCTCG_015,103
GGAGCCCCGACTACTACCTG_001,68
GGAGCCCCGACTACTACCTG_002,151
GGAGCCCCGACTACTACCTG_003,63
GGAGCCCCGACTACTACCTG_004,188
GGAGCCCCGACTACTACCTG_005,105
GGAGCCCCGACTACTACCTG_006,36
GGAGCCCCGACTACTACCTG_007,84
GGAGCCCCGACTACTACCTG_008,115
GGAGCCCCGACTACTACCTG_009,13
GGAGCCCCGACTACTACCTG_010,68
GGAGCCCCGACTACTACCTG_011,16
GGAGCCCCGACTACTACCTG_012,72
GGAGCCCCGACTACTACCTG_013,19
GGAGCCCCGACTACTACCTG_014,39
CGACGTGGCCGATACACCCG_001,105
CGACGTGGCCGATACACCCG_002,105
CGACGTGGCCGATACACCCG_003,85
CGACGTGGCCGATACACCCG_004,22
CGACGTGGCCGATACACCCG_005,49
CGACGTGGCCGATACACCCG_006,160
CGACGTGGCCGATACACCCG_007,105
CGACGTGGCCGATACACCCG_008,58
TCTGGGCAGTTGTGAAACAC_001,172
TCTGGGCAGTTGTGAAACAC_002,66
TCTGGGCAGTTGTGAAACAC_003,99
TCTGGGCAGTTGTGAAACAC_004,4
TCTGGGCAGTTGTGAAACAC_005,38
TCTGGGCAGTTGTGAAACAC_006,20
TCTGGGCAGTTGTGAAACAC_007,127
TCTGGGCAGTTGTGAAACAC_008,60
TCTGGGCAGTTGTGAAACAC_009,182
TCTGGGCAGTTGTGAAACAC_010,63
TCTGGGCAGTTGTGAAACAC_011,174
GGCCCCTGGGAATAGGACTG_001,165
GGCCCCTGGGAATAGGACTG_002,131
GGCCCCTGGGAATAGGACTG_003,101
GGCCCCTGGGAATAGGACTG_004,166
GGCCCCTGGGAATAGGACTG_005,37
GGCCCCTGGGAATAGGACTG_006,138
GGCCCCTGGGAATAGGACTG_007,14
GGCCCCTGGGAATAGGACTG_008,118
GGCCCCTGGGAATAGGACTG_009,76
GGCCCCTGGGAATAGGACTG_010,102
GGCCCCTGGGAATAGGACTG_011,137
GGCCCCTGGGAATAGGACTG_012,33
TGGTGAGGGTGATGTTCGGG_001,103
TGGTGAGGGTGATGTTCGGG_002,29
TGGTGAGGGTGATGTTCGGG_003,162
TGGTGAGGGTGATGTTCGGG_004,129
TGGTGAGGGTGATGTTCGGG_005,127
CAAAGTCCTTACAGTCGCCG_001,124
CAAAGTCCTTACAGTCGCCG_002,185
CAAAGTCCTTACAGTCGCCG_003,115
CAAAGTCCTTACAGTCGCCG_004,70
CAAAGTCCTTACAGTCGCCG_005,6
CAAAGTCCTTACAGTCGCCG_006,186
CAAAGTCCTTACAGTCGCCG_007,119
CAAAGTCCTTACAGTCGCCG_008,38
CAAAGTCCTTACAGTCGCCG_009,146
CCCAGCAGAATTATATGTAG_001,107
CCCAGCAGAATTATATGTAG_002,84
CCCAGCAGAATTATATGTAG_003,137
CCCAGCAGAATTATATGTAG_004,98
TCAGGTGTTCGTAATGAATG_001,133
TCAGGTGTTCGTAATGAATG_002,139
TCAGGTGTTCGTAATGAATG_003,197
AGCATCGCGGGGTTCCTGCG_001,42
AGCATCGCGGGGTTCCTGCG_002,115
AGCATCGCGGGGTTCCTGCG_003,115
AGCATCGCGGGGTTCCTGCG_004,129
AGCATCGCGGGGTTCCTGCG_005,11
GCTGTTTCTAATGTATGGGA_001,64
GCTGTTTCTAATGTATGGGA_002,140
GCTGTTTCTAATGTATGGGA_003,171
GCTGTTTCTAATGTATGGGA_004,78
GCTGTTTCTAATGTATGGGA_005,78
GCTGTTTCTAATGTATGGGA_006,28
AACATACCAGTCATAGGAGA_001,149
AACATACCAGTCATAGGAGA_002,94
AACATACCAGTCATAGGAGA_003,35
AACATACCAGTCATAGGAGA_004,32
ATAACTGAGACACCAAACTG_001,199
ATAACTGAGACACCAAACTG_002,58
ATAACTGAGACACCAAACTG_003,141
ATAACTGAGACACCAAACTG_004,159
ATAACTGAGACACCAAACTG_005,84
ATAACTGAGACACCAAACTG_006,160
ATAACTGAGACACCAAACTG_007,139
ATAACTGAGACACCAAACTG_008,199
ATAACTGAGACACCAAACTG_009,12
ATAACTGAGACACCAAACTG_010,107
ATAACTGAGACACCAAACTG_011,197
ATAACTGAGACACCAAACTG_012,198
ATAACTGAGACACCAAACTG_013,17
ATAACTGAGACACCAAACTG_014,154
ATAACTGAGACACCAAACTG_015,78
ATAACTGAGACACCAAACTG_016,15
ATAACTGAGACACCAAACTG_017,45
ATAACTGAGACACCAAACTG_018,148
ATAACTGAGACACCAAACTG_019,162
ATAACTGAGACACCAAACTG_020,9
ATAACTGAGACACCAAACTG_021,27
ATAACTGAGACACCAAACTG_022,108
ATAACTGAGACACCAAACTG_023,67
ATAACTGAGACACCAAACTG_024,98
ATAACTGAGACACCAAACTG_025,160
ATAACTGAGACACCAAACTG_026,105
ATAACTGAGACACCAAACTG_027,59
ATAACTGAGACACCAAACTG_028,16
ATAACTGAGACACCAAACTG_029,168
ATAACTGAGACACCAAACTG_030,197
ATAACTGAGACACCAAACTG_031,160
GTATACGAACATCCAAAGCT_001,94
GTATACGAACATCCAAAGCT_002,136
GTATACGAACATCCAAAGCT_003,1
GTATACGAACATCCAAAGCT_004,140
GTATACGAACATCCAAAGCT_005,127
GTATACGAACATCCAAAGCT_006,18
GTATACGAACATCCAAAGCT_007,52
GTATACGAACATCCAAAGCT_008,194
GTATACGAACATCCAAAGCT_009,121
GTATACGAACATCCAAAGCT_010,63
GTATACGAACATCCAAAGCT_011,103
GTATACGAACATCCAAAGCT_012,43
GTATACGAACATCCAAAGCT_013,147
GTATACGAACATCCAAAGCT_014,88
AGGTGATCCCTGACATGCCG_001,80
AGGTGATCCCTGACATGCCG_002,172
AGGTGATCCCTGACATGCCG_003,27
AGGTGATCCCTGACATGCCG_004,81
AGGTGATCCCTGACATGCCG_005,119
AGGTGATCCCTGACATGCCG_006,38
AGGTGATCCCTGACATGCCG_007,69
AGGTGATCCCTGACATGCCG_008,150
AGGTGATCCCTGACATGCCG_009,162
AGGTGATCCCTGACATGCCG_010,141
AGGTGATCCCTGACATGCCG_011,93
AGGTGATCCCTGACATGCCG_012,104
AGGTGATCCCTGACATGCCG_013,82
AGGTGATCCCTGACATGCCG_014,123
AGGTGATCCCTGACATGCCG_015,83
AGGTGATCCCTGACATGCCG_016,184
AAGGTGCATAGTAAATTTCA_001,6
AAGGTGCATAGTAAATTTCA_002,166
AAGGTGCATAGTAAATTTCA_003,103
TAACCCGTGTGACTTTGACT_001,68
TAACCCGTGTGACTTTGACT_002,63
GAGACTGAGCACTTGCTGCA_001,113
GAGACTGAGCACTTGCTGCA_002,168
GAGACTGAGCACTTGCTGCA_003,103
GAGACTGAGCACTTGCTGCA_004,157
GAGACTGAGCACTTGCTGCA_005,104
GAGACTGAGCACTTGCTGCA_006,40
GAAGAGTCTGGTCCCAAAGG_001,98
GAAGAGTCTGGTCCCAAAGG_002,5
GAAGAGTCTGGTCCCAAAGG_003,88
GAAGAGTCTGGTCCCAAAGG_004,68
CAGAGGGCAGGACATACTAG_001,190
CAGAGGGCAGGACATACTAG_002,63
CAGAGGGCAGGACATACTAG_003,151
CAGAGGGCAGGACATACTAG_004,82
CAGAGGGCAGGACATACTAG_005,165
CAGAGGGCAGGACATACTAG_006,116
CAGAGGGCAGGACATACTAG_007,67
GAGTTCTCGGTACTTAGGGG_001,125
GAGTTCTCGGTACTTAGGGG_002,75
GAGTTCTCGGTACTTAGGGG_003,170
GAGTTCTCGGTACTTAGGGG_004,87
GAGTTCTCGGTACTTAGGGG_005,87
GAGTTCTCGGTACTTAGGGG_006,57
GAGTTCTCGGTACTTAGGGG_007,79
GAGTTCTCGGTACTTAGGGG_008,62
GAGTTCTCGGTACTTAGGGG_009,68
CAGACGGTTGGTAAGGACGC_001,160
CAGACGGTTGGTAAGGACGC_002,189
CAGACGGTTGGTAAGGACGC_003,76
CAGACGGTTGGTAAGGACGC_004,6
CAGACGGTTGGTAAGGACGC_005,127
CAGACGGTTGGTAAGGACGC_006,109
CAGACGGTTGGTAAGGACGC_007,97
CAGACGGTTGGTAAGGACGC_008,135
CAGACGGTTGGTAAGGACGC_009,97
CAGACGGTTGGTAAGGACGC_010,58
CAGACGGTTGGTAAGGACGC_011,184
CAGACGGTTGGTAAGGACGC_012,154
CAGACGGTTGGTAAGGACGC_013,189
CAGACGGTTGGTAAGGACGC_014,51
CAGACGGTTGGTAAGGACGC_015,17
CAGACGGTTGGTAAGGACGC_016,48
CAGACGGTTGGTAAGGACGC_017,79
CAGACGGTTGGTAAGGACGC_018,127
CAGACGGTTGGTAAGGACGC_019,64
CAGACGGTTGGTAAGGACGC_020,193
CAGACGGTTGGTAAGGACGC_021,146
CAGACGGTTGGTAAGGACGC_022,28
CAGACGGTTGGTAAGGACGC_023,82
CAGACGGTTGGTAAGGACGC_024,121
CAGACGGTTGGTAAGGACGC_025,111
CAGACGGTTGGTAAGGACGC_026,13
CAGACGGTTGGTAAGGACGC_027,62
CAGACGGTTGGTAAGGACGC_028,199
CAGACGGTTGGTAAGGACGC_029,185
CAGACGGTTGGTAAGGACGC_030,181
CAGACGGTTGGTAAGGACGC_031,194
CAGACGGTTGGTAAGGACGC_032,5
CAGACGGTTGGTAAGGACGC_033,27
CAGACGGTTGGTAAGGACGC_034,126
CAGACGGTTGGTAAGGACGC_035,69
CAGACGGTTGGTAAGGACGC_036,188
CAGACGGTTGGTAAGGACGC_037,16
CAGACGGTTGGTAAGGACGC_038,35
CAGACGGTTGGTAAGGACGC_039,60
CAGACGGTTGGTAAGGACGC_040,41
CAGACGGTTGGTAAGGACGC_041,68
ACGTCGTTTAGCACCCGGCT_001,175
ACGTCGTTTAGCACCCGGCT_002,36
ACGTCGTTTAGCACCCGGCT_003,178
ACGTCGTTTAGCACCCGGCT_004,115
ACGTCGTTTAGCACCCGGCT_005,149
ACGTCGTTTAGCACCCGGCT_006,127
ACGTCGTTTAGCACCCGGCT_007,48
ACGTCGTTTAGCACCCGGCT_008,150
ACGTCGTTTAGCACCCGGCT_009,15
ACGTCGTTTAGCACCCGGCT_010,158
ACGTCGTTTAGCACCCGGCT_011,50
ACGTCGTTTAGCACCCGGCT_012,105
ACGTCGTTTAGCACCCGGCT_013,67
ACGTCGTTTAGCACCCGGCT_014,192
ACGTCGTTTAGCACCCGGCT_015,81
ACGTCGTTTAGCACCCGGCT_016,8
ACGTCGTTTAGCACCCGGCT_017,92
ACGTCGTTTAGCACCCGGCT_018,93
ACGTCGTTTAGCACCCGGCT_019,183
ACGTCGTTTAGCACCCGGCT_020,54
ACGTCGTTTAGCACCCGGCT_021,179
ACGTCGTTTAGCACCCGGCT_022,148
GGCTGCAGCTAAAGTAGAGT_001,144
GGCTGCAGCTAAAGTAGAGT_002,163
GGCTGCAGCTAAAGTAGAGT_003,125
GGCTGCAGCTAAAGTAGAGT_004,169
GGCTGCAGCTAAAGTAGAGT_005,73
AAATTTGTTTGGCAGCCCCG_001,60
AAATTTGTTTGGCAGCCCCG_002,24
AAATTTGTTTGGCAGCCCCG_003,27
AAATTTGTTTGGCAGCCCCG_004,140
AAATTTGTTTGGCAGCCCCG_005,36
AAATTTGTTTGGCAGCCCCG_006,84
AAATTTGTTTGGCAGCCCCG_007,68
AAATTTGTTTGGCAGCCCCG_008,149
AAATTTGTTTGGCAGCCCCG_009,69
AAATTTGTTTGGCAGCCCCG_010,4
AAATTTGTTTGGCAGCCCCG_011,8
AAATTTGTTTGGCAGCCCCG_012,19
AAATTTGTTTGGCAGCCCCG_013,158
AAATTTGTTTGGCAGCCCCG_014,121
AAATTTGTTTGGCAGCCCCG_015,57
AAATTTGTTTGGCAGCCCCG_016,57
AAATTTGTTTGGCAGCCCCG_017,128
AAATTTGTTTGGCAGCCCCG_018,12
AAATTTGTTTGGCAGCCCCG_019,160
CCATACACAACGTAACTGGG_001,31
CCATACACAACGTAACTGGG_002,82
CCATACACAACGTAACTGGG_003,66
CCATACACAACGTAACTGGG_004,0
CCATACACAACGTAACTGGG_005,10
CCATACACAACGTAACTGGG_006,111
CCATACACAACGTAACTGGG_007,163
CCATACACAACGTAACTGGG_008,42
CTTCATAGCCCAAATAGCCA_001,106
CTTCATAGCCCAAATAGCCA_002,170
CTTCATAGCCCAAATAGCCA_003,140
TAGCATATGAAACAGATGTG_001,192
TAGCATATGAAACAGATGTG_002,86
TAGCATATGAAACAGATGTG_003,48
TAGCATATGAAACAGATGTG_004,8
TAGCATATGAAACAGATGTG_005,56
ACTGAATTGTCCTTTCTGTG_001,26
ACTGAATTGTCCTTTCTGTG_002,96
ACTGAATTGTCCTTTCTGTG_003,176
ACTGAATTGTCCTTTCTGTG_004,32
ACTGAATTGTCCTTTCTGTG_005,190
ACTGAATTGTCCTTTCTGTG_006,199
ACTGAATTGTCCTTTCTGTG_007,139
CCAACGGACCTGGATATAGG_001,177
CCAACGGACCTGGATATAGG_002,118
CCAACGGACCTGGATATAGG_003,120
CCAACGGACCTGGATATAGG_004,69
CCAACGGACCTGGATATAGG_005,21
CCAACGGACCTGGATATAGG_006,115
CCAACGGACCTGGATATAGG_007,4
CCAACGGACCTGGATATAGG_008,48
CCAACGGACCTGGATATAGG_009,19
CCAACGGACCTGGATATAGG_010,157
AGACTGGTCCCTGAGCGACG_001,181
AGACTGGTCCCTGAGCGACG_002,37
AGACTGGTCCCTGAGCGACG_003,104
AGACTGGTCCCTGAGCGACG_004,127
AGACTGGTCCCTGAGCGACG_005,65
AGACTGGTCCCTGAGCGACG_006,21
AGACTGGTCCCTGAGCGACG_007,29
AGACTGGTCCCTGAGCGACG_008,65
AGACTGGTCCCTGAGCGACG_009,21
AGACTGGTCCCTGAGCGACG_010,76
AGACTGGTCCCTGAGCGACG_011,107
AGACTGGTCCCTGAGCGACG_012,139
AGACTGGTCCCTGAGCGACG_013,157
AGACTGGTCCCTGAGCGACG_014,150
AGACTGGTCCCTGAGCGACG_015,122
AGACTGGTCCCTGAGCGACG_016,184
AGACTGGTCCCTGAGCGACG_017,22
AGACTGGTCCCTGAGCGACG_018,87
AGACTGGTCCCTGAGCGACG_019,147
AGACTGGTCCCTGAGCGACG_020,72
AGACTGGTCCCTGAGCGACG_021,166
AGACTGGTCCCTGAGCGACG_022,12
AGACTGGTCCCTGAGCGACG_023,115
AGACTGGTCCCTGAGCGACG_024,102
AGACTGGTCCCTGAGCGACG_025,131
AGACTGGTCCCTGAGCGACG_026,17
AGACTGGTCCCTGAGCGACG_027,0
AGACTGGTCCCTGAGCGACG_028,144
AGACTGGTCCCTGAGCGACG_029,56
AGACTGGTCCCTGAGCGACG_030,182
TGTTCAGGACCAAGACTCCA_001,50
TGTTCAGGACCAAGACTCCA_002,17
TGTTCAGGACCAAGACTCCA_003,82
TGTTCAGGACCAAGACTCCA_004,187
TGTTCAGGACCAAGACTCCA_005,188
TGTTCAGGACCAAGACTCCA_006,43
TGTTCAGGACCAAGACTCCA_007,37
TGTTCAGGACCAAGACTCCA_008,112
TGTTCAGGACCAAGACTCCA_009,112
TGTTCAGGACCAAGACTCCA_010,180
TGTTCAGGACCAAGACTCCA_011,93
GCACACCGGAATGGACAGAG_001,58
GCACACCGGAATGGACAGAG_002,179
GCACACCGGAATGGACAGAG_003,175
GCACACCGGAATGGACAGAG_004,184
GCACACCGGAATGGACAGAG_005,22
GCACACCGGAATGGACAGAG_006,107
GCACACCGGAATGGACAGAG_007,17
GCACACCGGAATGGACAGAG_008,94
GCACACCGGAATGGACAGAG_009,42
GCACACCGGAATGGACAGAG_010,13
GCACACCGGAATGGACAGAG_011,40
GCACACCGGAATGGACAGAG_012,0
GCACACCGGAATGGACAGAG_013,197
GCACACCGGAATGGACAGAG_014,172
GCACACCGGAATGGACAGAG_015,66
GCACACCGGAATGGACAGAG_016,1
GCACACCGGAATGGACAGAG_017,191
TTCCTAGACCAAAGTACCTG_001,191
TTCCTAGACCAAAGTACCTG_002,58
TTCCTAGACCAAAGTACCTG_003,78
TTCCTAGACCAAAGTACCTG_004,56
TTCCTAGACCAAAGTACCTG_005,25
TTCCTAGACCAAAGTACCTG_006,76
TTCCTAGACCAAAGTACCTG_007,37
TTCCTAGACCAAAGTACCTG_008,26
TTCCTAGACCAAAGTACCTG_009,46
CAATCAAGAATGCACCCCCA_001,41
CAATCAAGAATGCACCCCCA_002,91
CAATCAAGAATGCACCCCCA_003,48
CAATCAAGAATGCACCCCCA_004,76
CAATCAAGAATGCACCCCCA_005,144
CAATCAAGAATGCACCCCCA_006,69
CAATCAAGAATGCACCCCCA_007,84
CAATCAAGAATGCACCCCCA_008,176
CAATCAAGAATGCACCCCCA_009,48
CAATCAAGAATGCACCCCCA_010,140
CAATCAAGAATGCACCCCCA_011,82
CAATCAAGAATGCACCCCCA_012,148
CAATCAAGAATGCACCCCCA_013,40
CAATCAAGAATGCACCCCCA_014,1
CAATCAAGAATGCACCCCCA_015,2
ACTCGTCTATTAAATCTGCT_001,113
ACTCGTCTATTAAATCTGCT_002,113
ACTCGTCTATTAAATCTGCT_003,149
ACTCGTCTATTAAATCTGCT_004,53
ACTCGTCTATTAAATCTGCT_005,62
ACTCGTCTATTAAATCTGCT_006,160
AAACCGACAAGCACGTCACC_001,40
AAACCGACAAGCACGTCACC_002,137
AAACCGACAAGCACGTCACC_003,168
AAACCGACAAGCACGTCACC_004,181
AAACCGACAAGCACGTCACC_005,159
AAACCGACAAGCACGTCACC_006,80
AAACCGACAAGCACGTCACC_007,144
AAACCGACAAGCACGTCACC_008,49
AAACCGACAAGCACGTCACC_009,182
AAACCGACAAGCACGTCACC_010,73
AAACCGACAAGCACGTCACC_011,53
AAACCGACAAGCACGTCACC_012,32
AAACCGACAAGCACGTCACC_013,9
AAACCGACAAGCACGTCACC_014,104
AAACCGACAAGCACGTCACC_015,10
AAACCGACAAGCACGTCACC_016,35
AAATGCCGGAATTCAAAACC_001,90
TCTGTTGCTTATGTAACACC_001,166
TTGCAGACTGACATTACCCA_001,171
TTGCAGACTGACATTACCCA_002,60
TTGCAGACTGACATTACCCA_003,156
TTGCAGACTGACATTACCCA_004,173
TTGCAGACTGACATTACCCA_005,188
TTGCAGACTGACATTACCCA_006,32
CTACTGACTTGGTGCGTGGA_001,41
CTACTGACTTGGTGCGTGGA_002,51
CTACTGACTTGGTGCGTGGA_003,111
CTACTGACTTGGTGCGTGGA_004,16
CTACTGACTTGGTGCGTGGA_005,65
CTACTGACTTGGTGCGTGGA_006,134
CTACTGACTTGGTGCGTGGA_007,51
CTACTGACTTGGTGCGTGGA_008,130
CTACTGACTTGGTGCGTGGA_009,50
CTACTGACTTGGTGCGTGGA_010,74
ATTGGACTCGATGTTGAGAG_001,83
ATTGGACTCGATGTTGAGAG_002,61
ATTGGACTCGATGTTGAGAG_003,176
ATTGGACTCGATGTTGAGAG_004,106
ATTGGACTCGATGTTGAGAG_005,119
ATTGGACTCGATGTTGAGAG_006,197
CCATGACTATCCTCATAGAG_001,197
CCTGGCCAGCTACCTGACGA_001,140
CCTGGCCAGCTACCTGACGA_002,102
CCTGGCCAGCTACCTGACGA_003,166
CCTGGCCAGCTACCTGACGA_004,92
CCTGGCCAGCTACCTGACGA_005,141
CCTGGCCAGCTACCTGACGA_006,19
CCTGGCCAGCTACCTGACGA_007,127
CCTGGCCAGCTACCTGACGA_008,119
CCTGGCCAGCTACCTGACGA_009,88
CCTGGCCAGCTACCTGACGA_010,139
CCTGGCCAGCTACCTGACGA_011,2
CCTGGCCAGCTACCTGACGA_012,118
CCTGGCCAGCTACCTGACGA_013,81
CCTGGCCAGCTACCTGACGA_014,43
CCTGGCCAGCTACCTGACGA_015,15
CCTGGCCAGCTACCTGACGA_016,61
CCTGGCCAGCTACCTGACGA_017,13
CCTGGCCAGCTACCTGACGA_018,173
GAGCGACATCACCTCCTCGG_001,103
GAGCGACATCACCTCCTCGG_002,145
GAGCGACATCACCTCCTCGG_003,168
GAGCGACATCACCTCCTCGG_004,81
GAGCGACATCACCTCCTCGG_005,160
GAGCGACATCACCTCCTCGG_006,7
GAGCGACATCACCTCCTCGG_007,15
GAGCGACATCACCTCCTCGG_008,34
GAGCGACATCACCTCCTCGG_009,127
GAGCGACATCACCTCCTCGG_010,17
GAGCGACATCACCTCCTCGG_011,22
AGACCAGCCACACTGTCAAG_001,43
AGACCAGCCACACTGTCAAG_002,20
AGACCAGCCACACTGTCAAG_003,19
AGACCAGCCACACTGTCAAG_004,169
AGACCAGCCACACTGTCAAG_005,13
AGACCAGCCACACTGTCAAG_006,159
AGACCAGCCACACTGTCAAG_007,122
AGACCAGCCACACTGTCAAG_008,119
AGACCAGCCACACTGTCAAG_009,149
CAGAAAAGGGGACGAGCACC_001,70
CAGAAAAGGGGACGAGCACC_002,48
GTCCAGGTGAAGACTTGGTG_001,73
GTCCAGGTGAAGACTTGGTG_002,172
GTCCAGGTGAAGACTTGGTG_003,175
GTCCAGGTGAAGACTTGGTG_004,110
GTCCAGGTGAAGACTTGGTG_005,169
GTCCAGGTGAAGACTTGGTG_006,157
GTCCAGGTGAAGACTTGGTG_007,19
GTCCAGGTGAAGACTTGGTG_008,12
GTCCAGGTGAAGACTTGGTG_009,61
GTCCAGGTGAAGACTTGGTG_010,92
GTCCAGGTGAAGACTTGGTG_011,115
GTCCAGGTGAAGACTTGGTG_012,147
GTCCAGGTGAAGACTTGGTG_013,177
GTCCAGGTGAAGACTTGGTG_014,41
GTCCAGGTGAAGACTTGGTG_015,146
GTCCAGGTGAAGACTTGGTG_016,73
GTCCAGGTGAAGACTTGGTG_017,116
GTCCAGGTGAAGACTTGGTG_018,45
GTCCAGGTGAAGACTTGGTG_019,127
GTCCAGGTGAAGACTTGGTG_020,166
ATGGTGTGTATCTGTTAGCT_001,155
ATGGTGTGTATCTGTTAGCT_002,161
CCAAGGAGATGATCAGGTCA_001,10
CCAAGGAGATGATCAGGTCA_002,197
CCAAGGAGATGATCAGGTCA_003,61
CCAAGGAGATGATCAGGTCA_004,74
CCAAGGAGATGATCAGGTCA_005,65
CCAAGGAGATGATCAGGTCA_006,63
CCAAGGAGATGATCAGGTCA_007,94
CCAAGGAGATGATCAGGTCA_008,49
AGTTGAACATCCAACCTCTG_001,65
AGTTGAACATCCAACCTCTG_002,81
AGTTGAACATCCAACCTCTG_003,103
AGTTGAACATCCAACCTCTG_004,153
AGTTGAACATCCAACCTCTG_005,161
AGTTGAACATCCAACCTCTG_006,127
AGTTGAACATCCAACCTCTG_007,168
AGTTGAACATCCAACCTCTG_008,46
GAAAAGTGGCCGGGGTCCGT_001,131
GAAAAGTGGCCGGGGTCCGT_002,82
GAAAAGTGGCCGGGGTCCGT_003,177
GAAAAGTGGCCGGGGTCCGT_004,77
GAAAAGTGGCCGGGGTCCGT_005,116
GAAAAGTGGCCGGGGTCCGT_006,15
GAAAAGTGGCCGGGGTCCGT_007,56
GAAAAGTGGCCGGGGTCCGT_008,40
GAAAAGTGGCCGGGGTCCGT_009,66
GAAAAGTGGCCGGGGTCCGT_010,61
GATGATCCGGAACACATAGT_001,85
GATGATCCGGAACACATAGT_002,188
GATGATCCGGAACACATAGT_003,45
GATGATCCGGAACACATAGT_004,84
GATGATCCGGAACACATAGT_005,52
GATGATCCGGAACACATAGT_006,92
GAGGACGTCGGACTGACCAG_001,18
GAGGACGTCGGACTGACCAG_002,127
GAGGACGTCGGACTGACCAG_003,125
GAGGACGTCGGACTGACCAG_004,17
GAGGACGTCGGACTGACCAG_005,137
GAGGACGTCGGACTGACCAG_006,2
GAGGACGTCGGACTGACCAG_007,6
GAGGACGTCGGACTGACCAG_008,156
GAGGACGTCGGACTGACCAG_009,156
GAGGACGTCGGACTGACCAG_010,43
GAGGACGTCGGACTGACCAG_011,21
GAGGACGTCGGACTGACCAG_012,180
GAGGACGTCGGACTGACCAG_013,149
GAGGACGTCGGACTGACCAG_014,50
GAGGACGTCGGACTGACCAG_015,141
GAGGACGTCGGACTGACCAG_016,50
GAGGACGTCGGACTGACCAG_017,116
GAGGACGTCGGACTGACCAG_018,186
GAGGACGTCGGACTGACCAG_019,31
GAGGACGTCGGACTGACCAG_020,150
GAGGACGTCGGACTGACCAG_021,13
GAGGACGTCGGACTGACCAG_022,155
GAGGACGTCGGACTGACCAG_023,61
GAGGACGTCGGACTGACCAG_024,96
GAGGACGTCGGACTGACCAG_025,137
GAGGACGTCGGACTGACCAG_026,52
GAGGACGTCGGACTGACCAG_027,155
GAGGACGTCGGACTGACCAG_028,5
GAGGACGTCGGACTGACCAG_029,65
GAGGACGTCGGACTGACCAG_030,171
GAGGACGTCGGACTGACCAG_031,107
GAGGACGTCGGACTGACCAG_032,182
GAGGACGTCGGACTGACCAG_033,8
GAGGACGTCGGACTGACCAG_034,10
GAGGACGTCGGACTGACCAG_035,63
GAGGACGTCGGACTGACCAG_036,84
GAGGACGTCGGACTGACCAG_037,177
GAGGACGTCGGACTGACCAG_038,188
TAGGCTGCGCTGATGTACAA_001,92
TAGGCTGCGCTGATGTACAA_002,56
TAGGCTGCGCTGATGTACAA_003,60
TAGGCTGCGCTGATGTACAA_004,60
TAGGCTGCGCTGATGTACAA_005,194
TAGGCTGCGCTGATGTACAA_006,75
TAGGCTGCGCTGATGTACAA_007,169
TAGGCTGCGCTGATGTACAA_008,48
TAGGCTGCGCTGATGTACAA_009,118
TAGGCTGCGCTGATGTACAA_010,148
TAGGCTGCGCTGATGTACAA_011,19
TAGGCTGCGCTGATGTACAA_012,48
TAGGCTGCGCTGATGTACAA_013,19
TAGGCTGCGCTGATGTACAA_014,11
TAGGCTGCGCTGATGTACAA_015,17
TAGGCTGCGCTGATGTACAA_016,150
TAGGCTGCGCTGATGTACAA_017,14
TAGGCTGCGCTGATGTACAA_018,146
TAGGCTGCGCTGATGTACAA_019,48
TAGGCTGCGCTGATGTACAA_020,94
TAGGCTGCGCTGATGTACAA_021,168
TAGGCTGCGCTGATGTACAA_022,1
TAGGCTGCGCTGATGTACAA_023,94
TAGGCTGCGCTGATGTACAA_024,137
CAGTCCAGGACACTTACTGG_001,102
CAGTCCAGGACACTTACTGG_002,137
CAGTCCAGGACACTTACTGG_003,177
CAGTCCAGGACACTTACTGG_004,38
TAGTAACCACAGCTAAACGT_001,50
TAGTAACCACAGCTAAACGT_002,177
TAGTAACCACAGCTAAACGT_003,115
TAGTAACCACAGCTAAACGT_004,193
TAGTAACCACAGCTAAACGT_005,132
TAGTAACCACAGCTAAACGT_006,50
TAGTAACCACAGCTAAACGT_007,98
TAGTAACCACAGCTAAACGT_008,54
TAGTAACCACAGCTAAACGT_009,49
TAGTAACCACAGCTAAACGT_010,123
TAGTAACCACAGCTAAACGT_011,43
TAGTAACCACAGCTAAACGT_012,196
TAGTAACCACAGCTAAACGT_013,125
TAGTAACCACAGCTAAACGT_014,91
TAGTAACCACAGCTAAACGT_015,39
GGTGAAGCGGAAGCGCATCG_001,175
GGTGAAGCGGAAGCGCATCG_002,40
GGTGAAGCGGAAGCGCATCG_003,6
GGTGAAGCGGAAGCGCATCG_004,80
GGTGAAGCGGAAGCGCATCG_005,89
GGTGAAGCGGAAGCGCATCG_006,184
GGTGAAGCGGAAGCGCATCG_007,165
GGTGAAGCGGAAGCGCATCG_008,125
GGTGAAGCGGAAGCGCATCG_009,84
GGTGAAGCGGAAGCGCATCG_010,40
GGTGAAGCGGAAGCGCATCG_011,175
GCAAAACAATCGATAGCACA_001,121
ACAAGATTAAGAAGCCACAG_001,137
ACAAGATTAAGAAGCCACAG_002,155
GCACCAGCTCACGTTGACGT_001,132
GCACCAGCTCACGTTGACGT_002,155
GCACCAGCTCACGTTGACGT_003,113
TGGAGCACGTTGATCCACTG_001,188
TGGAGCACGTTGATCCACTG_002,92
TGGAGCACGTTGATCCACTG_003,179
TGGAGCACGTTGATCCACTG_004,120
TGGAGCACGTTGATCCACTG_005,35
TGGAGCACGTTGATCCACTG_006,168
TGGAGCACGTTGATCCACTG_007,33
AGAGTACATGAGCATTACTT_001,72
AGAGTACATGAGCATTACTT_002,172
AGAGTACATGAGCATTACTT_003,44
AGAGTACATGAGCATTACTT_004,62
AGAGTACATGAGCATTACTT_005,96
AGAGTACATGAGCATTACTT_006,123
AGAGTACATGAGCATTACTT_007,104
AGAGTACATGAGCATTACTT_008,127
AGAGTACATGAGCATTACTT_009,67
AGAGTACATGAGCATTACTT_010,22
AGAGTACATGAGCATTACTT_011,0
AGAGTACATGAGCATTACTT_012,130
TCTACGACGACACTGTCCTG_001,152
TCTACGACGACACTGTCCTG_002,20
TCTACGACGACACTGTCCTG_003,13
TCTACGACGACACTGTCCTG_004,175
ACTTACCAGCCTTACACACG_001,128
ACTTACCAGCCTTACACACG_002,72
ACTTACCAGCCTTACACACG_003,137
ACTTACCAGCCTTACACACG_004,169
ACTTACCAGCCTTACACACG_005,88
ACTTACCAGCCTTACACACG_006,83
ACTTACCAGCCTTACACACG_007,168
ACTTACCAGCCTTACACACG_008,147
ACTTACCAGCCTTACACACG_009,158
ACTTACCAGCCTTACACACG_010,56
ACTTACCAGCCTTACACACG_011,84
CTTTCCCAGCCGCTTCACGT_001,103
CTTTCCCAGCCGCTTCACGT_002,89
CTTTCCCAGCCGCTTCACGT_003,105
CTTTCCCAGCCGCTTCACGT_004,83
CTTTCCCAGCCGCTTCACGT_005,41
CTTTCCCAGCCGCTTCACGT_006,116
CTTTCCCAGCCGCTTCACGT_007,70
CTTTCCCAGCCGCTTCACGT_008,150
CTTTCCCAGCCGCTTCACGT_009,159
CTTTCCCAGCCGCTTCACGT_010,19
CTTTCCCAGCCGCTTCACGT_011,191
CTTTCCCAGCCGCTTCACGT_012,81
CTTTCCCAGCCGCTTCACGT_013,178
CTTTCCCAGCCGCTTCACGT_014,60
CTTTCCCAGCCGCTTCACGT_015,40
CTGGAATCTCCTCTTAAACC_001,36
CAGGAGCAGAGAGTTATCGG_001,50
CAGGAGCAGAGAGTTATCGG_002,1
CAGGAGCAGAGAGTTATCGG_003,45
CAGGAGCAGAGAGTTATCGG_004,192
CAGGAGCAGAGAGTTATCGG_005,170
CAGGAGCAGAGAGTTATCGG_006,105
CAGGAGCAGAGAGTTATCGG_007,73
CAGGAGCAGAGAGTTATCGG_008,22
CAGGAGCAGAGAGTTATCGG_009,113
CAGGAGCAGAGAGTTATCGG_010,138
CAGGAGCAGAGAGTTATCGG_011,62
CAGGAGCAGAGAGTTATCGG_012,139
CAGGAGCAGAGAGTTATCGG_013,103
CAGGAGCAGAGAGTTATCGG_014,140
CAGGAGCAGAGAGTTATCGG_015,85
CAGGAGCAGAGAGTTATCGG_016,45
CAGGAGCAGAGAGTTATCGG_017,153
CAGGAGCAGAGAGTTATCGG_018,3
CAGGAGCAGAGAGTTATCGG_019,152
CAGGAGCAGAGAGTTATCGG_020,177
GATTAAACCCCAAATGAGTG_001,56
GATTAAACCCCAAATGAGTG_002,124
GATTAAACCCCAAATGAGTG_003,151
GATTAAACCCCAAATGAGTG_004,68
GATTAAACCCCAAATGAGTG_005,191
GATTAAACCCCAAATGAGTG_006,120
GATTAAACCCCAAATGAGTG_007,186
GATTAAACCCCAAATGAGTG_008,99
GATTAAACCCCAAATGAGTG_009,68
GATTAAACCCCAAATGAGTG_010,90
GATTAAACCCCAAATGAGTG_011,8
GATTAAACCCCAAATGAGTG_012,81
GATTAAACCCCAAATGAGTG_013,77
GATTAAACCCCAAATGAGTG_014,191
GATTAAACCCCAAATGAGTG_015,195
GCTTGGAAGCTGTTCCACAG_001,35
GCTTGGAAGCTGTTCCACAG_002,178
GCTTGGAAGCTGTTCCACAG_003,198
GCTTGGAAGCTGTTCCACAG_004,27
AACACAGCAGAGCAGAGTGA_001,62
AACACAGCAGAGCAGAGTGA_002,54
AACACAGCAGAGCAGAGTGA_003,182
AACACAGCAGAGCAGAGTGA_004,115
AACACAGCAGAGCAGAGTGA_005,144
AACACAGCAGAGCAGAGTGA_006,106
AACACAGCAGAGCAGAGTGA_007,44
AACACAGCAGAGCAGAGTGA_008,55
AACACAGCAGAGCAGAGTGA_009,79
AACACAGCAGAGCAGAGTGA_010,195
AACACAGCAGAGCAGAGTGA_011,71
AACACAGCAGAGCAGAGTGA_012,87
AACACAGCAGAGCAGAGTGA_013,199
AACACAGCAGAGCAGAGTGA_014,33
AACACAGCAGAGCAGAGTGA_015,116
AACACAGCAGAGCAGAGTGA_016,105
AACACAGCAGAGCAGAGTGA_017,2
AACACAGCAGAGCAGAGTGA_018,88
AACACAGCAGAGCAGAGTGA_019,46
AACACAGCAGAGCAGAGTGA_020,83
AACACAGCAGAGCAGAGTGA_021,37
AACACAGCAGAGCAGAGTGA_022,70
AACACAGCAGAGCAGAGTGA_023,11
TCAGACACGAGACCCACCAA_001,116
TCAGACACGAGACCCACCAA_002,171
TCAGACACGAGACCCACCAA_003,160
TCAGACACGAGACCCACCAA_004,137
TCAGACACGAGACCCACCAA_005,114
TCAGACACGAGACCCACCAA_006,60
TCAGACACGAGACCCACCAA_007,105
TCAGACACGAGACCCACCAA_008,100
TCAGACACGAGACCCACCAA_009,177
TCAGACACGAGACCCACCAA_010,38
TTATTCAAGATGTTGACTAG_001,156
TTATTCAAGATGTTGACTAG_002,88
TTATTCAAGATGTTGACTAG_003,41
TTATTCAAGATGTTGACTAG_004,128
TTATTCAAGATGTTGACTAG_005,127
TATGATCTACCAAGTTAAGG_001,17
CGGATACGCTAGCTTTGATG_001,65
CGGATACGCTAGCTTTGATG_002,65
CGGATACGCTAGCTTTGATG_003,75
CGGATACGCTAGCTTTGATG_004,118
CGGATACGCTAGCTTTGATG_005,66
CGGATACGCTAGCTTTGATG_006,69
CAAGACCTGCTACCACATCG_001,175
CAAGACCTGCTACCACATCG_002,129
CAAGACCTGCTACCACATCG_003,28
CAAGACCTGCTACCACATCG_004,52
CAAGACCTGCTACCACATCG_005,187
CAAGACCTGCTACCACATCG_006,20
CAAGACCTGCTACCACATCG_007,138
CAAGACCTGCTACCACATCG_008,50
CAAGACCTGCTACCACATCG_009,95
CAAGACCTGCTACCACATCG_010,103
CAAGACCTGCTACCACATCG_011,123
CAAGACCTGCTACCACATCG_012,60
AAAACTACGACCCCAACCTG_001,198
AAAACTACGACCCCAACCTG_002,80
AAAACTACGACCCCAACCTG_003,15
AAAACTACGACCCCAACCTG_004,125
AAAACTACGACCCCAACCTG_005,196
AAAACTACGACCCCAACCTG_006,148
AAAACTACGACCCCAACCTG_007,42
AAAACTACGACCCCAACCTG_008,116
AAAACTACGACCCCAACCTG_009,122
AAAACTACGACCCCAACCTG_010,147
AAAACTACGACCCCAACCTG_011,23
AAAACTACGACCCCAACCTG_012,35
AAAACTACGACCCCAACCTG_013,152
TACTTTAAAACACGTTGCAT_001,77
TACTTTAAAACACGTTGCAT_002,174
TACTTTAAAACACGTTGCAT_003,127
TACTTTAAAACACGTTGCAT_004,68
TACTTTAAAACACGTTGCAT_005,12
TACTTTAAAACACGTTGCAT_006,171
TACTTTAAAACACGTTGCAT_007,85
TACTTTAAAACACGTTGCAT_008,15
TCCCGAGTACTTACAAGCCT_001,17
TCCCGAGTACTTACAAGCCT_002,11
TCCCGAGTACTTACAAGCCT_003,113
TCCCGAGTACTTACAAGCCT_004,114
GTCCTCAGGGAGACACTCAA_001,9
GTCCTCAGGGAGACACTCAA_002,122
GTCCTCAGGGAGACACTCAA_003,171
GTCCTCAGGGAGACACTCAA_004,17
GTCCTCAGGGAGACACTCAA_005,199
GTCCTCAGGGAGACACTCAA_006,184
GTCCTCAGGGAGACACTCAA_007,128
GTCCTCAGGGAGACACTCAA_008,186
GTCCTCAGGGAGACACTCAA_009,85
GTCCTCAGGGAGACACTCAA_010,4
GTCCTCAGGGAGACACTCAA_011,17
GTCCTCAGGGAGACACTCAA_012,51
GTCCTCAGGGAGACACTCAA_013,113
GTCCTCAGGGAGACACTCAA_014,52
GTCCTCAGGGAGACACTCAA_015,70
GTCCTCAGGGAGACACTCAA_016,16
GTCCTCAGGGAGACACTCAA_017,130
AGTGTCGGAGATACACCACC_001,29
AGTGTCGGAGATACACCACC_002,68
AGTGTCGGAGATACACCACC_003,84
AGTGTCGGAGATACACCACC_004,63
AGTGTCGGAGATACACCACC_005,81
AGTGTCGGAGATACACCACC_006,68
AGTGTCGGAGATACACCACC_007,177
AGTGTCGGAGATACACCACC_008,150
AGTGTCGGAGATACACCACC_009,26
AGTGTCGGAGATACACCACC_010,168
AGTGTCGGAGATACACCACC_011,175
TAGCTGTGGAAGGATATCCA_001,154
TAGCTGTGGAAGGATATCCA_002,191
TAGCTGTGGAAGGATATCCA_003,158
TAGCTGTGGAAGGATATCCA_004,2
TAGCTGTGGAAGGATATCCA_005,133
TAGCTGTGGAAGGATATCCA_006,145
TAGCTGTGGAAGGATATCCA_007,70
TAGCTGTGGAAGGATATCCA_008,110
TAGCTGTGGAAGGATATCCA_009,66
TAGCTGTGGAAGGATATCCA_010,98
TAGCTGTGGAAGGATATCCA_011,60
TAGCTGTGGAAGGATATCCA_012,13
TAGCTGTGGAAGGATATCCA_013,120
TAGCTGTGGAAGGATATCCA_014,77
TAGCTGTGGAAGGATATCCA_015,102
TAGCTGTGGAAGGATATCCA_016,9
TAGCTGTGGAAGGATATCCA_017,165
TAGCTGTGGAAGGATATCCA_018,169
TAGCTGTGGAAGGATATCCA_019,104
TAGCTGTGGAAGGATATCCA_020,90
GCCACAGTCCCTCAACCCCA_001,53
GCCACAGTCCCTCAACCCCA_002,183
GCCACAGTCCCTCAACCCCA_003,184
GCCACAGTCCCTCAACCCCA_004,151
GCCACAGTCCCTCAACCCCA_005,184
GCCACAGTCCCTCAACCCCA_006,128
GCCACAGTCCCTCAACCCCA_007,126
GCCACAGTCCCTCAACCCCA_008,40
GCCACAGTCCCTCAACCCCA_009,185
GCCACAGTCCCTCAACCCCA_010,103
GCCACAGTCCCTCAACCCCA_011,2
GTACGTGTAAATCTGTCCCG_001,160
GTACGTGTAAATCTGTCCCG_002,103
AGCATCACTGAAGACCTCTG_001,166
AGCATCACTGAAGACCTCTG_002,40
AGCATCACTGAAGACCTCTG_003,106
AGCATCACTGAAGACCTCTG_004,34
AGCATCACTGAAGACCTCTG_005,47
AGCATCACTGAAGACCTCTG_006,11
AGCATCACTGAAGACCTCTG_007,112
AGCATCACTGAAGACCTCTG_008,176
AGCATCACTGAAGACCTCTG_009,141
AGCATCACTGAAGACCTCTG_010,112
AGCATCACTGAAGACCTCTG_011,8
AGCATCACTGAAGACCTCTG_012,65
AGATCTTCTATATCTGTCCG_001,175
AGATCTTCTATATCTGTCCG_002,8
GACCTACCTGAATAACACAC_001,40
GACCTACCTGAATAACACAC_002,88
GACCTACCTGAATAACACAC_003,88
GACCTACCTGAATAACACAC_004,150
GACCTACCTGAATAACACAC_005,126
GACCTACCTGAATAACACAC_006,25
GACCTACCTGAATAACACAC_007,181
GACCTACCTGAATAACACAC_008,10
GACCTACCTGAATAACACAC_009,81
GACCTACCTGAATAACACAC_010,187
GACCTACCTGAATAACACAC_011,190
GACCTACCTGAATAACACAC_012,121
GACCTACCTGAATAACACAC_013,130
ACTGGGAAGGCGATGCCTGT_001,115
ACTGGGAAGGCGATGCCTGT_002,98
ACTGGGAAGGCGATGCCTGT_003,150
ACTGGGAAGGCGATGCCTGT_004,41
ACTGGGAAGGCGATGCCTGT_005,28
ACTGGGAAGGCGATGCCTGT_006,13
ACTGGGAAGGCGATGCCTGT_007,9
ATTTAGAAAGGCATAATCTG_001,157
ATTTAGAAAGGCATAATCTG_002,156
ATTTAGAAAGGCATAATCTG_003,90
ATTTAGAAAGGCATAATCTG_004,122
ATTTAGAAAGGCATAATCTG_005,128
ATTTAGAAAGGCATAATCTG_006,156
ATTTAGAAAGGCATAATCTG_007,70
ACAGCATCCTGAGACCTTCG_001,121
ACAGCATCCTGAGACCTTCG_002,76
ACAGCATCCTGAGACCTTCG_003,142
ACAGCATCCTGAGACCTTCG_004,178
ACAGCATCCTGAGACCTTCG_005,11
ACAGCATCCTGAGACCTTCG_006,198
ACAGCATCCTGAGACCTTCG_007,121
ACAGCATCCTGAGACCTTCG_008,16
ACAGCATCCTGAGACCTTCG_009,147
ACAGCATCCTGAGACCTTCG_010,175
ACAGCATCCTGAGACCTTCG_011,190
ACAGCATCCTGAGACCTTCG_012,15
ACAGCATCCTGAGACCTTCG_013,116
ACAGCATCCTGAGACCTTCG_014,107
CAGCCCTCAGGATTGCGTGG_001,74
CAGCCCTCAGGATTGCGTGG_002,4
CAGCCCTCAGGATTGCGTGG_003,62
CAGCCCTCAGGATTGCGTGG_004,120
CAGCCCTCAGGATTGCGTGG_005,116
CAGCCCTCAGGATTGCGTGG_006,169
CCCTAGGAACTTATCTACAG_001,166
CCCTAGGAACTTATCTACAG_002,171
CCCTAGGAACTTATCTACAG_003,6
GAGAATCAGGAGCACAGGCG_001,157
GAGAATCAGGAGCACAGGCG_002,49
GAGAATCAGGAGCACAGGCG_003,65
GAGAATCAGGAGCACAGGCG_004,104
GAGAATCAGGAGCACAGGCG_005,147
GAGAATCAGGAGCACAGGCG_006,64
GAGAATCAGGAGCACAGGCG_007,149
GAGAATCAGGAGCACAGGCG_008,127
GAGAATCAGGAGCACAGGCG_009,127
GAGAATCAGGAGCACAGGCG_010,191
GAGAATCAGGAGCACAGGCG_011,46
GAGAATCAGGAGCACAGGCG_012,165
GAGAATCAGGAGCACAGGCG_013,37
GAGAATCAGGAGCACAGGCG_014,37
AGCATTGCTCTCGATTGAGT_001,77
AGCATTGCTCTCGATTGAGT_002,0
AGCATTGCTCTCGATTGAGT_003,12
AGCATTGCTCTCGATTGAGT_004,192
CAAAGTGTGACGCCACCCCA_001,80
CAAAGTGTGACGCCACCCCA_002,166
CAAAGTGTGACGCCACCCCA_003,122
CAAAGTGTGACGCCACCCCA_004,176
CAAAGTGTGACGCCACCCCA_005,113
ACAATAGGAACGACTAACCA_001,177
ACAATAGGAACGACTAACCA_002,177
ACAATAGGAACGACTAACCA_003,128
ACAATAGGAACGACTAACCA_004,191
ACAATAGGAACGACTAACCA_005,0
ACAATAGGAACGACTAACCA_006,16
ACAATAGGAACGACTAACCA_007,120
ACAATAGGAACGACTAACCA_008,82
ACAATAGGAACGACTAACCA_009,15
ACAATAGGAACGACTAACCA_010,96
ACAATAGGAACGACTAACCA_011,156
ACAATAGGAACGACTAACCA_012,89
ACAATAGGAACGACTAACCA_013,6
ACAATAGGAACGACTAACCA_014,6
ACAATAGGAACGACTAACCA_015,121
ACAATAGGAACGACTAACCA_016,5
ACAATAGGAACGACTAACCA_017,16
ACAATAGGAACGACTAACCA_018,82
ACAATAGGAACGACTAACCA_019,147
ACAATAGGAACGACTAACCA_020,158
ACAATAGGAACGACTAACCA_021,34
ACAATAGGAACGACTAACCA_022,34
ACAATAGGAACGACTAACCA_023,168
ACAATAGGAACGACTAACCA_024,170
ACAGGCAACATAATTACCAG_001,61
ACAGGCAACATAATTACCAG_002,81
ACAGGCAACATAATTACCAG_003,18
ACAGGCAACATAATTACCAG_004,0
ACAGGCAACATAATTACCAG_005,135
TGAACCACACCAATATCTTG_001,192
TGAACCACACCAATATCTTG_002,11
GAGTTGCGCCAGCGTCAGCG_001,17
GAGTTGCGCCAGCGTCAGCG_002,169
GAGTTGCGCCAGCGTCAGCG_003,72
GAGTTGCGCCAGCGTCAGCG_004,182
GAGTTGCGCCAGCGTCAGCG_005,69
GAGTTGCGCCAGCGTCAGCG_006,130
GAGTTGCGCCAGCGTCAGCG_007,140
GAGTTGCGCCAGCGTCAGCG_008,25
GAGTTGCGCCAGCGTCAGCG_009,154
CTGGAATGGCACTAATAACG_001,97
CTGGAATGGCACTAATAACG_002,36
CTGGAATGGCACTAATAACG_003,181
CTGGAATGGCACTAATAACG_004,130
CTGGAATGGCACTAATAACG_005,177
AAAACTGAAGCAATTAATGG_001,96
GATGGACAGACCAATAAGGG_001,124
ACACCGTGGCCATGAACGGG_001,123
ACACCGTGGCCATGAACGGG_002,170
ACACCGTGGCCATGAACGGG_003,37
ACACCGTGGCCATGAACGGG_004,18
ACACCGTGGCCATGAACGGG_005,32
ACACCGTGGCCATGAACGGG_006,124
ACACCGTGGCCATGAACGGG_007,175
ACACCGTGGCCATGAACGGG_008,17
ACACCGTGGCCATGAACGGG_009,94
ACACCGTGGCCATGAACGGG_010,133
ACACCGTGGCCATGAACGGG_011,75
ACACCGTGGCCATGAACGGG_012,155
ACACCGTGGCCATGAACGGG_013,147
ACACCGTGGCCATGAACGGG_014,103
ACACCGTGGCCATGAACGGG_015,112
ACACCGTGGCCATGAACGGG_016,61
ACACCGTGGCCATGAACGGG_017,77
ACACCGTGGCCATGAACGGG_018,45
ACACCGTGGCCATGAACGGG_019,33
ACACCGTGGCCATGAACGGG_020,70
ACACCGTGGCCATGAACGGG_021,116
ACACCGTGGCCATGAACGGG_022,24
ACACCGTGGCCATGAACGGG_023,56
ACACCGTGGCCATGAACGGG_024,56
ACACCGTGGCCATGAACGGG_025,75
ACACCGTGGCCATGAACGGG_026,4
ACACCGTGGCCATGAACGGG_027,69
ACACCGTGGCCATGAACGGG_028,165
ACACCGTGGCCATGAACGGG_029,58
ACACCGTGGCCATGAACGGG_030,175
ACACCATGATTCAAACCGCC_001,79
CAGCTTAGACGGGTAACTGA_001,26
CAGCTTAGACGGGTAACTGA_002,19
CAGCTTAGACGGGTAACTGA_003,116
CAGCTTAGACGGGTAACTGA_004,31
CAGCTTAGACGGGTAACTGA_005,141
CAGCTTAGACGGGTAACTGA_006,169
CAGCTTAGACGGGTAACTGA_007,67
CAGCTTAGACGGGTAACTGA_008,46
CAGCTTAGACGGGTAACTGA_009,149
CAGCTTAGACGGGTAACTGA_010,188
CAGCTTAGACGGGTAACTGA_011,78
CAGCTTAGACGGGTAACTGA_012,197
CGGGGGCCCAGGGATCGGCA_001,118
CGGGGGCCCAGGGATCGGCA_002,37
CGGGGGCCCAGGGATCGGCA_003,48
CGGGGGCCCAGGGATCGGCA_004,49
CGGGGGCCCAGGGATCGGCA_005,149
CGGGGGCCCAGGGATCGGCA_006,115
CGGGGGCCCAGGGATCGGCA_007,114
CGGGGGCCCAGGGATCGGCA_008,69
CGGGGGCCCAGGGATCGGCA_009,169
AGAGATGGCGACCCGAACTG_001,191
AGAGATGGCGACCCGAACTG_002,166
AGAGATGGCGACCCGAACTG_003,172
AGAGATGGCGACCCGAACTG_004,120
AGAGATGGCGACCCGAACTG_005,124
AGAGATGGCGACCCGAACTG_006,127
AGAGATGGCGACCCGAACTG_007,198
AGAGATGGCGACCCGAACTG_008,61
AGAGATGGCGACCCGAACTG_009,40
AGAGATGGCGACCCGAACTG_010,123
AGAGATGGCGACCCGAACTG_011,171
AGAGATGGCGACCCGAACTG_012,59
AGAGATGGCGACCCGAACTG_013,178
AGAGATGGCGACCCGAACTG_014,19
AGAGATGGCGACCCGAACTG_015,166
AGAGATGGCGACCCGAACTG_016,116
AGAGATGGCGACCCGAACTG_017,80
AGAGATGGCGACCCGAACTG_018,84
AGAGATGGCGACCCGAACTG_019,85
AGAGATGGCGACCCGAACTG_020,196
AGAGATGGCGACCCGAACTG_021,162
AGAGATGGCGACCCGAACTG_022,102
AGAGATGGCGACCCGAACTG_023,197
AGAGATGGCGACCCGAACTG_024,4
AGAGATGGCGACCCGAACTG_025,171
AGAGATGGCGACCCGAACTG_026,77
AGAGATGGCGACCCGAACTG_027,78
AGAGATGGCGACCCGAACTG_028,149
AGAGATGGCGACCCGAACTG_029,144
AGAGATGGCGACCCGAACTG_030,115
AGAGATGGCGACCCGAACTG_031,137
AGAGATGGCGACCCGAACTG_032,130
AGAGATGGCGACCCGAACTG_033,127
AGAGATGGCGACCCGAACTG_034,105
AGAGATGGCGACCCGAACTG_035,62
AGAGATGGCGACCCGAACTG_036,115
AGAGATGGCGACCCGAACTG_037,91
AGAGATGGCGACCCGAACTG_038,121
AGAGATGGCGACCCGAACTG_039,182
AGAGATGGCGACCCGAACTG_040,182
AGAGATGGCGACCCGAACTG_041,167
AGAGATGGCGACCCGAACTG_042,46
AGAGATGGCGACCCGAACTG_043,0
AGAGATGGCGACCCGAACTG_044,192
AGAGATGGCGACCCGAACTG_045,13
AGAGATGGCGACCCGAACTG_046,6
TCATGAAAAGAGGAGTACAC_001,73
TCATGAAAAGAGGAGTACAC_002,174
TCATGAAAAGAGGAGTACAC_003,116
TCATGAAAAGAGGAGTACAC_004,50
TCATGAAAAGAGGAGTACAC_005,191
TCATGAAAAGAGGAGTACAC_006,188
TCATGAAAAGAGGAGTACAC_007,42
TCATGAAAAGAGGAGTACAC_008,110
TCATGAAAAGAGGAGTACAC_009,146
TGAGCTACATCAGGGAAATG_001,27
TGAGCTACATCAGGGAAATG_002,72
TGAGCTACATCAGGGAAATG_003,107
TGAGCTACATCAGGGAAATG_004,12
TTGATGACGGAGATTGCGGG_001,169
TTGATGACGGAGATTGCGGG_002,55
TTGATGACGGAGATTGCGGG_003,51
TTGATGACGGAGATTGCGGG_004,12
TTGATGACGGAGATTGCGGG_005,194
TTGATGACGGAGATTGCGGG_006,145
TTGATGACGGAGATTGCGGG_007,147
TTGATGACGGAGATTGCGGG_008,11
CCAGGAGGCCCCATCTACAG_001,199
CCAGGAGGCCCCATCTACAG_002,17
CCAGGAGGCCCCATCTACAG_003,24
CCAGGAGGCCCCATCTACAG_004,88
CCAGGAGGCCCCATCTACAG_005,40
CCAGGAGGCCCCATCTACAG_006,111
CCAGGAGGCCCCATCTACAG_007,20
CCAGGAGGCCCCATCTACAG_008,60
CCAGGAGGCCCCATCTACAG_009,11
CCAGGAGGCCCCATCTACAG_010,160
CCAGGAGGCCCCATCTACAG_011,152
CCAGGAGGCCCCATCTACAG_012,59
CCAGGAGGCCCCATCTACAG_013,198
CCAGGAGGCCCCATCTACAG_014,63
CCAGGAGGCCCCATCTACAG_015,191
CCAGGAGGCCCCATCTACAG_016,66
CCAGGAGGCCCCATCTACAG_017,63
CCAGGAGGCCCCATCTACAG_018,10
CCAGGAGGCCCCATCTACAG_019,168
CCAGGAGGCCCCATCTACAG_020,102
CCAGGAGGCCCCATCTACAG_021,179
TTTAAAATTGAGCAAACTAC_001,159
TTTAAAATTGAGCAAACTAC_002,69
TTTAAAATTGAGCAAACTAC_003,36
ACGCAGAAGGAGGTCCAGTG_001,153
ACGCAGAAGGAGGTCCAGTG_002,106
ACGCAGAAGGAGGTCCAGTG_003,23
ACGCAGAAGGAGGTCCAGTG_004,83
ACGCAGAAGGAGGTCCAGTG_005,105
ACGCAGAAGGAGGTCCAGTG_006,134
ACGCAGAAGGAGGTCCAGTG_007,26
ACGCAGAAGGAGGTCCAGTG_008,37
ACGCAGAAGGAGGTCCAGTG_009,148
ACGCAGAAGGAGGTCCAGTG_010,196
ACGCAGAAGGAGGTCCAGTG_011,12
ACGCAGAAGGAGGTCCAGTG_012,41
ACGCAGAAGGAGGTCCAGTG_013,51
ACGCAGAAGGAGGTCCAGTG_014,51
ACGCAGAAGGAGGTCCAGTG_015,80
ACGCAGAAGGAGGTCCAGTG_016,35
ACGCAGAAGGAGGTCCAGTG_017,13
ACGCAGAAGGAGGTCCAGTG_018,46
ACGCAGAAGGAGGTCCAGTG_019,44
ACGCAGAAGGAGGTCCAGTG_020,98
ACGCAGAAGGAGGTCCAGTG_021,115
ACGCAGAAGGAGGTCCAGTG_022,140
ACGCAGAAGGAGGTCCAGTG_023,177
ACGCAGAAGGAGGTCCAGTG_024,182
ACGCAGAAGGAGGTCCAGTG_025,93
ACGCAGAAGGAGGTCCAGTG_026,89
ACGCAGAAGGAGGTCCAGTG_027,194
ACGCAGAAGGAGGTCCAGTG_028,89
ACGCAGAAGGAGGTCCAGTG_029,129
ACGCAGAAGGAGGTCCAGTG_030,170
ACGCAGAAGGAGGTCCAGTG_031,154
ACGCAGAAGGAGGTCCAGTG_032,105
ACGCAGAAGGAGGTCCAGTG_033,12
ACGCAGAAGGAGGTCCAGTG_034,46
ACGCAGAAGGAGGTCCAGTG_035,48
ACGCAGAAGGAGGTCCAGTG_036,47
ACGCAGAAGGAGGTCCAGTG_037,50
ACGCAGAAGGAGGTCCAGTG_038,162
ACGCAGAAGGAGGTCCAGTG_039,27
ACGCAGAAGGAGGTCCAGTG_040,107
ACGCAGAAGGAGGTCCAGTG_041,53
ACGCAGAAGGAGGTCCAGTG_042,84
ACGCAGAAGGAGGTCCAGTG_043,65
ACGCAGAAGGAGGTCCAGTG_044,171
ACGCAGAAGGAGGTCCAGTG_045,35
ACGCAGAAGGAGGTCCAGTG_046,77
ACGCAGAAGGAGGTCCAGTG_047,88
ACGCAGAAGGAGGTCCAGTG_048,94
ACGCAGAAGGAGGTCCAGTG_049,70
ACGCAGAAGGAGGTCCAGTG_050,95
ACGCAGAAGGAGGTCCAGTG_051,157
ACGCAGAAGGAGGTCCAGTG_052,198
ACGCAGAAGGAGGTCCAGTG_053,121
ACGCAGAAGGAGGTCCAGTG_054,56
ACGCAGAAGGAGGTCCAGTG_055,147
ACGCAGAAGGAGGTCCAGTG_056,15
ACGCAGAAGGAGGTCCAGTG_057,90
ACGCAGAAGGAGGTCCAGTG_058,43
ACGCAGAAGGAGGTCCAGTG_059,146
ACGCAGAAGGAGGTCCAGTG_060,195
ACGCAGAAGGAGGTCCAGTG_061,141
ACGCAGAAGGAGGTCCAGTG_062,61
ACGCAGAAGGAGGTCCAGTG_063,148
ACGCAGAAGGAGGTCCAGTG_064,73
ACGCAGAAGGAGGTCCAGTG_065,197
ACGCAGAAGGAGGTCCAGTG_066,48
ACGCAGAAGGAGGTCCAGTG_067,29
ACGCAGAAGGAGGTCCAGTG_068,184
ACGCAGAAGGAGGTCCAGTG_069,50
ACGCAGAAGGAGGTCCAGTG_070,62
ACGCAGAAGGAGGTCCAGTG_071,37
ACGCAGAAGGAGGTCCAGTG_072,129
GAGGACGTGAGGGCCATGAG_001,34
GAGGACGTGAGGGCCATGAG_002,166
GAGGACGTGAGGGCCATGAG_003,166
GAGGACGTGAGGGCCATGAG_004,118
GAGGACGTGAGGGCCATGAG_005,63
GAGGACGTGAGGGCCATGAG_006,198
TGGCTGAGAACAATGCCTTG_001,94
TGGCTGAGAACAATGCCTTG_002,198
TGGCTGAGAACAATGCCTTG_003,199
TGGCTGAGAACAATGCCTTG_004,199
TGGCTGAGAACAATGCCTTG_005,51
TGGCTGAGAACAATGCCTTG_006,147
ACGACAAGCCCTGCGTCAGG_001,95
ACGACAAGCCCTGCGTCAGG_002,161
ACGACAAGCCCTGCGTCAGG_003,101
ACGACAAGCCCTGCGTCAGG_004,98
ACGACAAGCCCTGCGTCAGG_005,38
ACGACAAGCCCTGCGTCAGG_006,46
ACGACAAGCCCTGCGTCAGG_007,192
ACGACAAGCCCTGCGTCAGG_008,3
ACGACAAGCCCTGCGTCAGG_009,179
ACGACAAGCCCTGCGTCAGG_010,133
ACGACAAGCCCTGCGTCAGG_011,166
ACGACAAGCCCTGCGTCAGG_012,168
ACGACAAGCCCTGCGTCAGG_013,113
ACGACAAGCCCTGCGTCAGG_014,160
ACGACAAGCCCTGCGTCAGG_015,192
ACGACAAGCCCTGCGTCAGG_016,121
ACGACAAGCCCTGCGTCAGG_017,125
ACGACAAGCCCTGCGTCAGG_018,105
ACGACAAGCCCTGCGTCAGG_019,198
ACGACAAGCCCTGCGTCAGG_020,16
ACGACAAGCCCTGCGTCAGG_021,46
ATACCCTGCGGCAGGTTCGA_001,129
ATACCCTGCGGCAGGTTCGA_002,137
ATACCCTGCGGCAGGTTCGA_003,172
ATACCCTGCGGCAGGTTCGA_004,156
ATACCCTGCGGCAGGTTCGA_005,81
ATACCCTGCGGCAGGTTCGA_006,10
TTCAGTTTGACGAAAGCGTG_001,27
TTCAGTTTGACGAAAGCGTG_002,181
TTCAGTTTGACGAAAGCGTG_003,43
TTCAGTTTGACGAAAGCGTG_004,31
TTCAGTTTGACGAAAGCGTG_005,186
TTCAGTTTGACGAAAGCGTG_006,60
TTCAGTTTGACGAAAGCGTG_007,157
TTCAGTTTGACGAAAGCGTG_008,127
TTCAGTTTGACGAAAGCGTG_009,64
TTCAGTTTGACGAAAGCGTG_010,7
GGCTAGATAATCCCAAAATG_001,127
GGCTAGATAATCCCAAAATG_002,157
GGCTAGATAATCCCAAAATG_003,6
GGAGCACGGAATCAAAGTAC_001,158
GGAGCACGGAATCAAAGTAC_002,72
GGAGCACGGAATCAAAGTAC_003,116
GGAGCACGGAATCAAAGTAC_004,84
GGAGCACGGAATCAAAGTAC_005,105
GGAGCACGGAATCAAAGTAC_006,58
GGAGCACGGAATCAAAGTAC_007,169
GGAGCACGGAATCAAAGTAC_008,46
AGGACTTCCTGGCAGGACAA_001,70
AGGACTTCCTGGCAGGACAA_002,175
AGGACTTCCTGGCAGGACAA_003,81
AGGACTTCCTGGCAGGACAA_004,65
AGGACTTCCTGGCAGGACAA_005,144
AGGACTTCCTGGCAGGACAA_006,99
AGGACTTCCTGGCAGGACAA_007,70
AGGACTTCCTGGCAGGACAA_008,134
AGGACTTCCTGGCAGGACAA_009,168
AGGACTTCCTGGCAGGACAA_010,148
AGGACTTCCTGGCAGGACAA_011,96
AGGACTTCCTGGCAGGACAA_012,119
AGGACTTCCTGGCAGGACAA_013,173
AGGACTTCCTGGCAGGACAA_014,173
AGGACTTCCTGGCAGGACAA_015,56
TGAGTGTATCATGGATGTCG_001,43
TGAGTGTATCATGGATGTCG_002,184
AGGTGACCTCGCTATCGTCG_001,113
AGGTGACCTCGCTATCGTCG_002,76
GCACATCGGAAGGCCCGCTG_001,7
GCACATCGGAAGGCCCGCTG_002,119
GCACATCGGAAGGCCCGCTG_003,175
GCACATCGGAAGGCCCGCTG_004,9
GCACATCGGAAGGCCCGCTG_005,96
GCACATCGGAAGGCCCGCTG_006,154
GCACATCGGAAGGCCCGCTG_007,76
GCACATCGGAAGGCCCGCTG_008,120
GCACATCGGAAGGCCCGCTG_009,102
GCACATCGGAAGGCCCGCTG_010,91
GCACATCGGAAGGCCCGCTG_011,161
GCACATCGGAAGGCCCGCTG_012,30
GCACATCGGAAGGCCCGCTG_013,113
GCACATCGGAAGGCCCGCTG_014,182
GCACATCGGAAGGCCCGCTG_015,114
GCACATCGGAAGGCCCGCTG_016,156
GCACATCGGAAGGCCCGCTG_017,192
GCACATCGGAAGGCCCGCTG_018,34
GCACATCGGAAGGCCCGCTG_019,79
GCACATCGGAAGGCCCGCTG_020,169
GCACATCGGAAGGCCCGCTG_021,80
GCACATCGGAAGGCCCGCTG_022,191
GCACATCGGAAGGCCCGCTG_023,28
GCACATCGGAAGGCCCGCTG_024,105
GCACATCGGAAGGCCCGCTG_025,97
GCACATCGGAAGGCCCGCTG_026,161
GCACATCGGAAGGCCCGCTG_027,10
GCACATCGGAAGGCCCGCTG_028,125
AGAGCTCTGGAAGCGAAGAT_001,38
AGAGCTCTGGAAGCGAAGAT_002,135
AGAGCTCTGGAAGCGAAGAT_003,119
AGAGCTCTGGAAGCGAAGAT_004,26
AGAGCTCTGGAAGCGAAGAT_005,34
AGAGCTCTGGAAGCGAAGAT_006,60
AGAGCTCTGGAAGCGAAGAT_007,140
AGAGCTCTGGAAGCGAAGAT_008,169
TTATTCAGTTTCTGGATAGA_001,78
TTATTCAGTTTCTGGATAGA_002,145
AGTTGCCAGGATGATAGGAG_001,94
AGTTGCCAGGATGATAGGAG_002,183
AGTTGCCAGGATGATAGGAG_003,151
AGTTGCCAGGATGATAGGAG_004,162
AGTTGCCAGGATGATAGGAG_005,190
AGTTGCCAGGATGATAGGAG_006,178
AGTTGCCAGGATGATAGGAG_007,162
AGTTGCCAGGATGATAGGAG_008,162
AGTTGCCAGGATGATAGGAG_009,174
AGTTGCCAGGATGATAGGAG_010,44
AGTTGCCAGGATGATAGGAG_011,21
AGTTGCCAGGATGATAGGAG_012,151
AGTTGCCAGGATGATAGGAG_013,105
AGTTGCCAGGATGATAGGAG_014,105
AGTTGCCAGGATGATAGGAG_015,82
AGTTGCCAGGATGATAGGAG_016,176
AGTTGCCAGGATGATAGGAG_017,186
AGTTGCCAGGATGATAGGAG_018,174
AGTTGCCAGGATGATAGGAG_019,151
AGTTGCCAGGATGATAGGAG_020,43
GGAATGAAGGGACGTTAAGT_001,170
GGAATGAAGGGACGTTAAGT_002,170
GGAATGAAGGGACGTTAAGT_003,153
TCTTGCCATGAACCAAACAA_001,88
TCTTGCCATGAACCAAACAA_002,43
TCTTGCCATGAACCAAACAA_003,168
TCTTGCCATGAACCAAACAA_004,26
TCTTGCCATGAACCAAACAA_005,148
TCTTGCCATGAACCAAACAA_006,90
TCTTGCCATGAACCAAACAA_007,184
TCTTGCCATGAACCAAACAA_008,199
TCTTGCCATGAACCAAACAA_009,0
TCTTGCCATGAACCAAACAA_010,138
TCTTGCCATGAACCAAACAA_011,49
TCTTGCCATGAACCAAACAA_012,116
GACCCGCGGCTCCTCTACAT_001,170
GACCCGCGGCTCCTCTACAT_002,168
GACCCGCGGCTCCTCTACAT_003,45
GACCCGCGGCTCCTCTACAT_004,30
GACCCGCGGCTCCTCTACAT_005,186
GACCCGCGGCTCCTCTACAT_006,86
GACCCGCGGCTCCTCTACAT_007,17
GACCCGCGGCTCCTCTACAT_008,197
GACCCGCGGCTCCTCTACAT_009,77
GACCCGCGGCTCCTCTACAT_010,163
GACCCGCGGCTCCTCTACAT_011,69
GACCCGCGGCTCCTCTACAT_012,58
GACCCGCGGCTCCTCTACAT_013,107
GACCCGCGGCTCCTCTACAT_014,169
GACCCGCGGCTCCTCTACAT_015,72
GACCCGCGGCTCCTCTACAT_016,55
GACCCGCGGCTCCTCTACAT_017,168
GACCCGCGGCTCCTCTACAT_018,138
AGTGGTGATAGATTTAGCAA_001,160
AGTGGTGATAGATTTAGCAA_002,97
AGTGGTGATAGATTTAGCAA_003,81
AGTGGTGATAGATTTAGCAA_004,168
AGTGGTGATAGATTTAGCAA_005,27
AGTGGTGATAGATTTAGCAA_006,27
AGTGGTGATAGATTTAGCAA_007,20
AGTGGTGATAGATTTAGCAA_008,4
AGTGGTGATAGATTTAGCAA_009,158
AGTGGTGATAGATTTAGCAA_010,135
AGTGGTGATAGATTTAGCAA_011,63
AGTGGTGATAGATTTAGCAA_012,174
CACAGGTTTCTGATAAACTG_001,68
CACAGGTTTCTGATAAACTG_002,61
GGCCCAGCAGAGGCGCGTCA_001,134
GGCCCAGCAGAGGCGCGTCA_002,65
GGCCCAGCAGAGGCGCGTCA_003,144
GGCCCAGCAGAGGCGCGTCA_004,191
GGCCCAGCAGAGGCGCGTCA_005,97
GGCCCAGCAGAGGCGCGTCA_006,61
GGCCCAGCAGAGGCGCGTCA_007,94
GGCCCAGCAGAGGCGCGTCA_008,115
GGCCCAGCAGAGGCGCGTCA_009,104
GGCCCAGCAGAGGCGCGTCA_010,120
GGCCCAGCAGAGGCGCGTCA_011,162
GGCCCAGCAGAGGCGCGTCA_012,111
GGCCCAGCAGAGGCGCGTCA_013,23
GGCCCAGCAGAGGCGCGTCA_014,67
GGCCCAGCAGAGGCGCGTCA_015,52
GGCCCAGCAGAGGCGCGTCA_016,76
GGCCCAGCAGAGGCGCGTCA_017,15
GGCCCAGCAGAGGCGCGTCA_018,48
GGCCCAGCAGAGGCGCGTCA_019,136
GGCCCAGCAGAGGCGCGTCA_020,142
GGCCCAGCAGAGGCGCGTCA_021,12
GGCCCAGCAGAGGCGCGTCA_022,16
GGCCCAGCAGAGGCGCGTCA_023,188
GGCCCAGCAGAGGCGCGTCA_024,82
GGCCCAGCAGAGGCGCGTCA_025,158
GGCCCAGCAGAGGCGCGTCA_026,88
GGCCCAGCAGAGGCGCGTCA_027,110
GGCCCAGCAGAGGCGCGTCA_028,72
GGCCCAGCAGAGGCGCGTCA_029,63
GGCCCAGCAGAGGCGCGTCA_030,145
GGCCCAGCAGAGGCGCGTCA_031,109
GGCCCAGCAGAGGCGCGTCA_032,109
GGCCCAGCAGAGGCGCGTCA_033,177
GGCCCAGCAGAGGCGCGTCA_034,186
CATCGAAGATTTGCCAGAGA_001,112
CATCGAAGATTTGCCAGAGA_002,113
CATCGAAGATTTGCCAGAGA_003,98
CATCGAAGATTTGCCAGAGA_004,150
GCAGCGCGTTGACCACACCA_001,150
GCAGCGCGTTGACCACACCA_002,34
GCAGCGCGTTGACCACACCA_003,160
GCAGCGCGTTGACCACACCA_004,88
GCAGCGCGTTGACCACACCA_005,118
GCAGCGCGTTGACCACACCA_006,161
GCAGCGCGTTGACCACACCA_007,156
GCAGCGCGTTGACCACACCA_008,8
GCAGCGCGTTGACCACACCA_009,115
GCAGCGCGTTGACCACACCA_010,134
GCAGCGCGTTGACCACACCA_011,36
GCAGCGCGTTGACCACACCA_012,79
GCAGCGCGTTGACCACACCA_013,19
GCAGCGCGTTGACCACACCA_014,160
GCAGCGCGTTGACCACACCA_015,152
GCAGCGCGTTGACCACACCA_016,63
GCAGCGCGTTGACCACACCA_017,2
GCAGCGCGTTGACCACACCA_018,190
GCAGCGCGTTGACCACACCA_019,50
GCAGCGCGTTGACCACACCA_020,127
GCAGCGCGTTGACCACACCA_021,81
GCAGCGCGTTGACCACACCA_022,107
GCAGCGCGTTGACCACACCA_023,68
GCGTGGCGTCCGCGTCCTCG_001,189
GCGTGGCGTCCGCGTCCTCG_002,113
GCGTGGCGTCCGCGTCCTCG_003,130
GCGTGGCGTCCGCGTCCTCG_004,115
GCGTGGCGTCCGCGTCCTCG_005,168
GCGTGGCGTCCGCGTCCTCG_006,24
GCGTGGCGTCCGCGTCCTCG_007,102
GCGTGGCGTCCGCGTCCTCG_008,17
GCGTGGCGTCCGCGTCCTCG_009,7
GCGTGGCGTCCGCGTCCTCG_010,74
GCGTGGCGTCCGCGTCCTCG_011,74
GCGTGGCGTCCGCGTCCTCG_012,120
GCGTGGCGTCCGCGTCCTCG_013,103
GCGTGGCGTCCGCGTCCTCG_014,12
GCGTGGCGTCCGCGTCCTCG_015,116
GCGTGGCGTCCGCGTCCTCG_016,176
GCTGCTTTACTCGATAGCTC_001,190
GCTGCTTTACTCGATAGCTC_002,22
GCTGCTTTACTCGATAGCTC_003,56
GCTGCTTTACTCGATAGCTC_004,168
CTGGCCTGAATGCAGCATGG_001,8
CTGGCCTGAATGCAGCATGG_002,9
CTGGCCTGAATGCAGCATGG_003,7
CTGGCCTGAATGCAGCATGG_004,149
CTGGCCTGAATGCAGCATGG_005,154
CTGGCCTGAATGCAGCATGG_006,58
CTGGCCTGAATGCAGCATGG_007,41
CTGGCCTGAATGCAGCATGG_008,57
CTGGCCTGAATGCAGCATGG_009,48
CTGGCCTGAATGCAGCATGG_010,38
CTGGCCTGAATGCAGCATGG_011,32
CTGGCCTGAATGCAGCATGG_012,188
AGTCAGGAAGATCAGGGCGC_001,50
AGTCAGGAAGATCAGGGCGC_002,57
AGTCAGGAAGATCAGGGCGC_003,2
AGTCAGGAAGATCAGGGCGC_004,190
AGTCAGGAAGATCAGGGCGC_005,82
AGTCAGGAAGATCAGGGCGC_006,139
AGTCAGGAAGATCAGGGCGC_007,154
AGTCAGGAAGATCAGGGCGC_008,181
AGTCAGGAAGATCAGGGCGC_009,168
AGTCAGGAAGATCAGGGCGC_010,162
AGTCAGGAAGATCAGGGCGC_011,81
AGTCAGGAAGATCAGGGCGC_012,184
AGTCAGGAAGATCAGGGCGC_013,174
AGTCAGGAAGATCAGGGCGC_014,48
AGTCAGGAAGATCAGGGCGC_015,70
AGTCAGGAAGATCAGGGCGC_016,167
AGTCAGGAAGATCAGGGCGC_017,167
AGTCAGGAAGATCAGGGCGC_018,60
AGTCAGGAAGATCAGGGCGC_019,27
AGTCAGGAAGATCAGGGCGC_020,125
AGTCAGGAAGATCAGGGCGC_021,65
AGTCAGGAAGATCAGGGCGC_022,178
AGTCAGGAAGATCAGGGCGC_023,47
AGTCAGGAAGATCAGGGCGC_024,81
AGTCAGGAAGATCAGGGCGC_025,188
AGTCAGGAAGATCAGGGCGC_026,130
AGTCAGGAAGATCAGGGCGC_027,125
AGTCAGGAAGATCAGGGCGC_028,114
AGTCAGGAAGATCAGGGCGC_029,188
AGTCAGGAAGATCAGGGCGC_030,158
AGTCAGGAAGATCAGGGCGC_031,144
GAGATCACATAGCAGTGCCC_001,75
GAGATCACATAGCAGTGCCC_002,38
GAGATCACATAGCAGTGCCC_003,102
GTCGCTGACAGCAAAACGGA_001,60
GTCGCTGACAGCAAAACGGA_002,175
GTCGCTGACAGCAAAACGGA_003,84
GTCGCTGACAGCAAAACGGA_004,15
GTCGCTGACAGCAAAACGGA_005,2
GTCGCTGACAGCAAAACGGA_006,38
GTCGCTGACAGCAAAACGGA_007,110
GTCGCTGACAGCAAAACGGA_008,166
GTCGCTGACAGCAAAACGGA_009,123
GTCGCTGACAGCAAAACGGA_010,176
GTCGCTGACAGCAAAACGGA_011,199
GTCGCTGACAGCAAAACGGA_012,50
GTCGCTGACAGCAAAACGGA_013,158
GTCGCTGACAGCAAAACGGA_014,127
GTCGCTGACAGCAAAACGGA_015,36
GTCGCTGACAGCAAAACGGA_016,147
GTCGCTGACAGCAAAACGGA_017,48
GTCGCTGACAGCAAAACGGA_018,104
GTCGCTGACAGCAAAACGGA_019,121
GTCGCTGACAGCAAAACGGA_020,145
GTCGCTGACAGCAAAACGGA_021,61
GTCGCTGACAGCAAAACGGA_022,47
GTCGCTGACAGCAAAACGGA_023,6
ATCGATACAATCTGAAACAG_001,122
TCTTGGTCAGCAGATTCACC_001,64
TCTTGGTCAGCAGATTCACC_002,197
TCTTGGTCAGCAGATTCACC_003,125
TCTTGGTCAGCAGATTCACC_004,42
TCTTGGTCAGCAGATTCACC_005,114
TCTTGGTCAGCAGATTCACC_006,16
GGATTTGAATCAGAAAGAAG_001,130
GGATTTGAATCAGAAAGAAG_002,179
GGATTTGAATCAGAAAGAAG_003,1
GGATTTGAATCAGAAAGAAG_004,91
GGATTTGAATCAGAAAGAAG_005,15
GGATTTGAATCAGAAAGAAG_006,79
GGATTTGAATCAGAAAGAAG_007,64
GGATTTGAATCAGAAAGAAG_008,34
CGCTTCGGGTCTGATACCAA_001,96
CGCTTCGGGTCTGATACCAA_002,171
CGCTTCGGGTCTGATACCAA_003,102
CGCTTCGGGTCTGATACCAA_004,163
CGCTTCGGGTCTGATACCAA_005,48
CGCTTCGGGTCTGATACCAA_006,107
CGCTTCGGGTCTGATACCAA_007,149
CGCTTCGGGTCTGATACCAA_008,27
ACCTTCACGCTCGATCTCAA_001,29
ACCTTCACGCTCGATCTCAA_002,60
ACCTTCACGCTCGATCTCAA_003,29
ACCTTCACGCTCGATCTCAA_004,9
ACCTTCACGCTCGATCTCAA_005,90
ACCTTCACGCTCGATCTCAA_006,136
ACCTTCACGCTCGATCTCAA_007,43
CAAATGGAATATTCGTGCGG_001,29
CAAATGGAATATTCGTGCGG_002,49
CAAATGGAATATTCGTGCGG_003,68
CAAATGGAATATTCGTGCGG_004,66
CAAATGGAATATTCGTGCGG_005,92
CAAATGGAATATTCGTGCGG_006,112
CAAATGGAATATTCGTGCGG_007,19
CAAATGGAATATTCGTGCGG_008,139
CAAATGGAATATTCGTGCGG_009,44
CAAATGGAATATTCGTGCGG_010,61
CAAATGGAATATTCGTGCGG_011,48
CAAATGGAATATTCGTGCGG_012,1
CATCTCCGGCCTCATCTACG_001,5
CATCTCCGGCCTCATCTACG_002,149
CATCTCCGGCCTCATCTACG_003,118
CATCTCCGGCCTCATCTACG_004,5
CATCTCCGGCCTCATCTACG_005,83
CATCTCCGGCCTCATCTACG_006,92
CATCTCCGGCCTCATCTACG_007,185
CATCTCCGGCCTCATCTACG_008,43
CATCTCCGGCCTCATCTACG_009,198
CATCTCCGGCCTCATCTACG_010,107
CATCTCCGGCCTCATCTACG_011,28
CATCTCCGGCCTCATCTACG_012,47
CATCTCCGGCCTCATCTACG_013,199
CATCTCCGGCCTCATCTACG_014,140
CATCTCCGGCCTCATCTACG_015,69
GTTGGTGAAGGCACAAGCCC_001,94
TGTGCAGGTTATGTCACCAA_001,126
TGTGCAGGTTATGTCACCAA_002,88
TGTGCAGGTTATGTCACCAA_003,60
TGTGCAGGTTATGTCACCAA_004,114
TGTGCAGGTTATGTCACCAA_005,121
TGTGCAGGTTATGTCACCAA_006,102
TCAAACTTAGCATTCATCAG_001,70
TCAAACTTAGCATTCATCAG_002,4
TCAAACTTAGCATTCATCAG_003,19
TCAAACTTAGCATTCATCAG_004,3
AACACCAAAGACTGCACGCG_001,126
AACACCAAAGACTGCACGCG_002,94
AACACCAAAGACTGCACGCG_003,74
AACACCAAAGACTGCACGCG_004,146
AACACCAAAGACTGCACGCG_005,46
AACACCAAAGACTGCACGCG_006,142
AACACCAAAGACTGCACGCG_007,29
AACACCAAAGACTGCACGCG_008,172
AACACCAAAGACTGCACGCG_009,137
AACACCAAAGACTGCACGCG_010,120
AACACCAAAGACTGCACGCG_011,47
AACACCAAAGACTGCACGCG_012,133
AACACCAAAGACTGCACGCG_013,60
AACACCAAAGACTGCACGCG_014,154
AACACCAAAGACTGCACGCG_015,3
AACACCAAAGACTGCACGCG_016,58
AACACCAAAGACTGCACGCG_017,34
AACACCAAAGACTGCACGCG_018,28
ACTTGGGCAGCCCTTCGGCG_001,119
ACTTGGGCAGCCCTTCGGCG_002,27
ACTTGGGCAGCCCTTCGGCG_003,21
ACTTGGGCAGCCCTTCGGCG_004,184
ACTTGGGCAGCCCTTCGGCG_005,198
GACATCACCTACCGCTTCCG_001,119
GACATCACCTACCGCTTCCG_002,137
GACATCACCTACCGCTTCCG_003,104
GACATCACCTACCGCTTCCG_004,57
GACATCACCTACCGCTTCCG_005,160
GACATCACCTACCGCTTCCG_006,62
GACATCACCTACCGCTTCCG_007,56
GACATCACCTACCGCTTCCG_008,175
GACATCACCTACCGCTTCCG_009,70
GACATCACCTACCGCTTCCG_010,34
GACATCACCTACCGCTTCCG_011,141
GACATCACCTACCGCTTCCG_012,197
GACATCACCTACCGCTTCCG_013,122
GACATCACCTACCGCTTCCG_014,142
GACATCACCTACCGCTTCCG_015,77
GACATCACCTACCGCTTCCG_016,58
GACATCACCTACCGCTTCCG_017,23
TGTCTTATGATCAGGCAAAG_001,13
TGTCTTATGATCAGGCAAAG_002,40
TGTGGCCGAGAGCTATGACA_001,23
TGTGGCCGAGAGCTATGACA_002,106
TGTGGCCGAGAGCTATGACA_003,29
TGTGGCCGAGAGCTATGACA_004,52
TGACGGATTCATTTCAAAGG_001,25
TGACGGATTCATTTCAAAGG_002,171
TGACGGATTCATTTCAAAGG_003,144
TGACGGATTCATTTCAAAGG_004,131
TGACGGATTCATTTCAAAGG_005,138
ACGAGGGTGACAATAGAGTG_001,96
ACGAGGGTGACAATAGAGTG_002,117
ACGAGGGTGACAATAGAGTG_003,45
ACGAGGGTGACAATAGAGTG_004,118
ACGAGGGTGACAATAGAGTG_005,13
ACGAGGGTGACAATAGAGTG_006,9
ACGAGGGTGACAATAGAGTG_007,185
ACGAGGGTGACAATAGAGTG_008,133
ACGAGGGTGACAATAGAGTG_009,66
ACGAGGGTGACAATAGAGTG_010,131
ACGAGGGTGACAATAGAGTG_011,19
ACGAGGGTGACAATAGAGTG_012,67
ACGAGGGTGACAATAGAGTG_013,28
ACGAGGGTGACAATAGAGTG_014,187
ACGAGGGTGACAATAGAGTG_015,5
ACGAGGGTGACAATAGAGTG_016,97
ACTCTCGAGAGCTTGCATCA_001,7
ACTCTCGAGAGCTTGCATCA_002,134
ACTCTCGAGAGCTTGCATCA_003,1
ACTCTCGAGAGCTTGCATCA_004,187
ACTCTCGAGAGCTTGCATCA_005,23
ACTCTCGAGAGCTTGCATCA_006,102
ACTCTCGAGAGCTTGCATCA_007,70
ACTCTCGAGAGCTTGCATCA_008,136
ACTCTCGAGAGCTTGCATCA_009,47
ACTCTCGAGAGCTTGCATCA_010,188
ACTCTCGAGAGCTTGCATCA_011,4
ACTCTCGAGAGCTTGCATCA_012,77
ACTCTCGAGAGCTTGCATCA_013,130
ACTCTCGAGAGCTTGCATCA_014,170
ACTCTCGAGAGCTTGCATCA_015,134
ACTCTCGAGAGCTTGCATCA_016,184
ACTCTCGAGAGCTTGCATCA_017,32
ACTCTCGAGAGCTTGCATCA_018,165
ACTCTCGAGAGCTTGCATCA_019,104
ACTCTCGAGAGCTTGCATCA_020,63
ACTCTCGAGAGCTTGCATCA_021,34
ACTCTCGAGAGCTTGCATCA_022,141
ACTCTCGAGAGCTTGCATCA_023,35
ACTCTCGAGAGCTTGCATCA_024,34
ACTCTCGAGAGCTTGCATCA_025,82
TGTCCTTCAAGAAAGGCGAG_001,141
TGTCCTTCAAGAAAGGCGAG_002,158
TGTCCTTCAAGAAAGGCGAG_003,175
TGTCCTTCAAGAAAGGCGAG_004,123
AGACCTCAAACAGCTAAGAC_001,130
AGACCTCAAACAGCTAAGAC_002,120
AGACCTCAAACAGCTAAGAC_003,64
AGACCTCAAACAGCTAAGAC_004,15
AGACCTCAAACAGCTAAGAC_005,139
TAAAGGGCCTGGTTATATCA_001,152
TAAAGGGCCTGGTTATATCA_002,58
TAAAGGGCCTGGTTATATCA_003,192
TAAAGGGCCTGGTTATATCA_004,60
AGCTAAAGTGAGATTCGTCG_001,30
AGCTAAAGTGAGATTCGTCG_002,61
AGCTAAAGTGAGATTCGTCG_003,147
AGCTAAAGTGAGATTCGTCG_004,88
AGCTAAAGTGAGATTCGTCG_005,153
AGCTAAAGTGAGATTCGTCG_006,174
AGCTAAAGTGAGATTCGTCG_007,28
AGCTAAAGTGAGATTCGTCG_008,113
AGCTAAAGTGAGATTCGTCG_009,122
TGATTCTAGGAGCGTGAACA_001,43
TGATTCTAGGAGCGTGAACA_002,121
TGATTCTAGGAGCGTGAACA_003,141
TGATTCTAGGAGCGTGAACA_004,1
TGATTCTAGGAGCGTGAACA_005,30
TGATTCTAGGAGCGTGAACA_006,58
TGATTCTAGGAGCGTGAACA_007,26
TGATTCTAGGAGCGTGAACA_008,147
TGATTCTAGGAGCGTGAACA_009,34
TGATTCTAGGAGCGTGAACA_010,17
AGTACCTGGAACAGCAGGAG_001,69
AGTACCTGGAACAGCAGGAG_002,147
AGTACCTGGAACAGCAGGAG_003,48
AGTACCTGGAACAGCAGGAG_004,70
AGTACCTGGAACAGCAGGAG_005,193
CTCCCAACTTGGACAAACGG_001,171
CTCCCAACTTGGACAAACGG_002,26
CTCCCAACTTGGACAAACGG_003,112
CTCCCAACTTGGACAAACGG_004,88
CTCCCAACTTGGACAAACGG_005,9
CTCCCAACTTGGACAAACGG_006,157
CTCCCAACTTGGACAAACGG_007,50
CTCCCAACTTGGACAAACGG_008,13
CTCCCAACTTGGACAAACGG_009,76
CTCCCAACTTGGACAAACGG_010,168
CTCCCAACTTGGACAAACGG_011,84
CTCCCAACTTGGACAAACGG_012,102
CTCCCAACTTGGACAAACGG_013,134
CTCCCAACTTGGACAAACGG_014,163
CTCCCAACTTGGACAAACGG_015,22
CTCCCAACTTGGACAAACGG_016,6
CTCCCAACTTGGACAAACGG_017,6
CTCCCAACTTGGACAAACGG_018,138
CTCCCAACTTGGACAAACGG_019,152
CTCCCAACTTGGACAAACGG_020,63
CTCCCAACTTGGACAAACGG_021,138
CTCCCAACTTGGACAAACGG_022,191
AAGTCATGCAGAGGTTCGCG_001,16
AAGTCATGCAGAGGTTCGCG_002,170
AAGTCATGCAGAGGTTCGCG_003,8
GGACTAAACACTCCATACCC_001,188
GGCATCACTTGGGAGGCCAT_001,105
GGCATCACTTGGGAGGCCAT_002,11
GGCATCACTTGGGAGGCCAT_003,115
TCAGCCCTACGTAAACACTA_001,21
TCAGCCCTACGTAAACACTA_002,42
TCAGCCCTACGTAAACACTA_003,190
GGCGCCTTCTCGGAGCGCCA_001,188
GGCGCCTTCTCGGAGCGCCA_002,41
TAGTAACAGCAGTAGCGATG_001,158
TAGTAACAGCAGTAGCGATG_002,134
TAGTAACAGCAGTAGCGATG_003,128
TCCAGGATGAAACCAACCTG_001,150
TCCAGGATGAAACCAACCTG_002,184
TCCAGGATGAAACCAACCTG_003,126
TCCAGGATGAAACCAACCTG_004,67
TCCAGGATGAAACCAACCTG_005,65
TCCAGGATGAAACCAACCTG_006,189
TCCAGGATGAAACCAACCTG_007,189
TCCAGGATGAAACCAACCTG_008,67
TCCAGGATGAAACCAACCTG_009,99
TCCAGGATGAAACCAACCTG_010,169
TCCAGGATGAAACCAACCTG_011,76
TCCAGGATGAAACCAACCTG_012,20
TCCAGGATGAAACCAACCTG_013,22
TCCAGGATGAAACCAACCTG_014,70
TCCAGGATGAAACCAACCTG_015,97
TCCAGGATGAAACCAACCTG_016,144
TCCAGGATGAAACCAACCTG_017,17
TCCAGGATGAAACCAACCTG_018,92
TCCAGGATGAAACCAACCTG_019,122
TCCAGGATGAAACCAACCTG_020,194
TCCAGGATGAAACCAACCTG_021,111
TCCAGGATGAAACCAACCTG_022,140
TCCAGGATGAAACCAACCTG_023,70
TGGGGACGTCACACCAACAA_001,3
TGGGGACGTCACACCAACAA_002,144
TGGGGACGTCACACCAACAA_003,183
TGGGGACGTCACACCAACAA_004,158
TGGGGACGTCACACCAACAA_005,121
TGGGGACGTCACACCAACAA_006,157
TGGGGACGTCACACCAACAA_007,2
TGTCTTGAGATATGCCCGGA_001,29
TGTCTTGAGATATGCCCGGA_002,150
TGTCTTGAGATATGCCCGGA_003,56
TGTCTTGAGATATGCCCGGA_004,146
TGTCTTGAGATATGCCCGGA_005,151
TGTCTTGAGATATGCCCGGA_006,81
TGTCTTGAGATATGCCCGGA_007,102
AATGATCATGAAGACACAAA_001,169
AATGATCATGAAGACACAAA_002,48
AATGATCATGAAGACACAAA_003,88
AATGATCATGAAGACACAAA_004,69
AATGATCATGAAGACACAAA_005,148
AATGATCATGAAGACACAAA_006,88
AATGATCATGAAGACACAAA_007,162
AATGATCATGAAGACACAAA_008,112
AATGATCATGAAGACACAAA_009,116
AATGATCATGAAGACACAAA_010,127
CAGATGGATTGGAAGTGCCC_001,23
CAGATGGATTGGAAGTGCCC_002,7
CAGATGGATTGGAAGTGCCC_003,57
CAGATGGATTGGAAGTGCCC_004,28
GGATAGCCATCTGAATTGAG_001,116
GGATAGCCATCTGAATTGAG_002,167
TGCCTAACTGCTGACACCAA_001,125
TGCCTAACTGCTGACACCAA_002,99
TGCCTAACTGCTGACACCAA_003,29
TGCCTAACTGCTGACACCAA_004,151
TGCCTAACTGCTGACACCAA_005,171
TAAAGTTCAACATCAGGCCA_001,82
TAAAGTTCAACATCAGGCCA_002,119
TAAAGTTCAACATCAGGCCA_003,107
TAAAGTTCAACATCAGGCCA_004,83
TAAAGTTCAACATCAGGCCA_005,53
TAAAGTTCAACATCAGGCCA_006,16
TAAAGTTCAACATCAGGCCA_007,77
TAAAGTTCAACATCAGGCCA_008,186
TAAAGTTCAACATCAGGCCA_009,7
TAAAGTTCAACATCAGGCCA_010,43
ATACTTACCTTCTAATGCTC_001,174
GAGTGAAAAGAACGTAGCCA_001,113
GAGTGAAAAGAACGTAGCCA_002,199
GAGTGAAAAGAACGTAGCCA_003,75
GAGTGAAAAGAACGTAGCCA_004,101
GAGTGAAAAGAACGTAGCCA_005,177
GACCGCAAAGTGGTCCGAAG_001,17
GACCGCAAAGTGGTCCGAAG_002,105
GACCGCAAAGTGGTCCGAAG_003,197
GACCGCAAAGTGGTCCGAAG_004,177
GACCGCAAAGTGGTCCGAAG_005,94
GACCGCAAAGTGGTCCGAAG_006,174
GACCGCAAAGTGGTCCGAAG_007,133
GACCGCAAAGTGGTCCGAAG_008,139
GACCGCAAAGTGGTCCGAAG_009,17
GACCGCAAAGTGGTCCGAAG_010,105
GACCGCAAAGTGGTCCGAAG_011,105
GACCGCAAAGTGGTCCGAAG_012,42
GACCGCAAAGTGGTCCGAAG_013,34
GACCGCAAAGTGGTCCGAAG_014,22
GACCGCAAAGTGGTCCGAAG_015,39
GGAGTGTGATGATATATCTG_001,178
GGAGTGTGATGATATATCTG_002,131
GGAGTGTGATGATATATCTG_003,69
GGAGTGTGATGATATATCTG_004,176
GTGTTGGTTGAAGATGTGCG_001,6
GTGTTGGTTGAAGATGTGCG_002,147
GTGTTGGTTGAAGATGTGCG_003,64
GTGTTGGTTGAAGATGTGCG_004,41
GTGTTGGTTGAAGATGTGCG_005,76
GTGTTGGTTGAAGATGTGCG_006,149
GTGTTGGTTGAAGATGTGCG_007,127
GTGTTGGTTGAAGATGTGCG_008,127
GTGTTGGTTGAAGATGTGCG_009,56
GTGTTGGTTGAAGATGTGCG_010,28
GTGTTGGTTGAAGATGTGCG_011,161
GTGTTGGTTGAAGATGTGCG_012,169
GTGTTGGTTGAAGATGTGCG_013,82
GTGTTGGTTGAAGATGTGCG_014,19
GTGTTGGTTGAAGATGTGCG_015,33
GTGTTGGTTGAAGATGTGCG_016,68
GTGTTGGTTGAAGATGTGCG_017,48
GCAGGTAAAATAAATAACTG_001,91
GCAGGTAAAATAAATAACTG_002,15
GCAGGTAAAATAAATAACTG_003,178
GCAGGTAAAATAAATAACTG_004,40
GCAGGTAAAATAAATAACTG_005,38
GCAGGTAAAATAAATAACTG_006,106
GCAGGTAAAATAAATAACTG_007,67
GCAGGTAAAATAAATAACTG_008,111
GCAGGTAAAATAAATAACTG_009,57
GCAGGTAAAATAAATAACTG_010,26
GCAGGTAAAATAAATAACTG_011,6
GCAGGTAAAATAAATAACTG_012,105
GCAGGTAAAATAAATAACTG_013,138
GCAGGTAAAATAAATAACTG_014,191
GCAGGTAAAATAAATAACTG_015,37
GCAGGTAAAATAAATAACTG_016,126
GCAGGTAAAATAAATAACTG_017,29
CCAGGAGTGTCTGCCCTACG_001,106
CCAGGAGTGTCTGCCCTACG_002,158
CCAGGAGTGTCTGCCCTACG_003,48
CCAGGAGTGTCTGCCCTACG_004,10
CCAGGAGTGTCTGCCCTACG_005,199
CCAGGAGTGTCTGCCCTACG_006,36
CCAGGAGTGTCTGCCCTACG_007,158
CCAGGAGTGTCTGCCCTACG_008,81
CCAGGAGTGTCTGCCCTACG_009,49
CCAGGAGTGTCTGCCCTACG_010,68
GCAGAAGCGGGTGACTATGG_001,26
GCAGAAGCGGGTGACTATGG_002,110
GCAGGTCAAGTTTACCCATG_001,164
GCAGGTCAAGTTTACCCATG_002,164
GCAGGTCAAGTTTACCCATG_003,164
GCAGGTCAAGTTTACCCATG_004,77
GCAGGTCAAGTTTACCCATG_005,78
GCAGGTCAAGTTTACCCATG_006,77
GCAGGTCAAGTTTACCCATG_007,89
GCAGGTCAAGTTTACCCATG_008,168
GCAGGTCAAGTTTACCCATG_009,181
GCAGGTCAAGTTTACCCATG_010,12
GCAGGTCAAGTTTACCCATG_011,183
ATTCATAGATCAGTTGACAT_001,102
ATTCATAGATCAGTTGACAT_002,102
ATTCATAGATCAGTTGACAT_003,120
ATTCATAGATCAGTTGACAT_004,19
ATTCATAGATCAGTTGACAT_005,184
ATTCATAGATCAGTTGACAT_006,5
ATTCATAGATCAGTTGACAT_007,145
ATTCATAGATCAGTTGACAT_008,107
ATTCATAGATCAGTTGACAT_009,113
ATTCATAGATCAGTTGACAT_010,29
ATTCATAGATCAGTTGACAT_011,50
ATTCATAGATCAGTTGACAT_012,70
ATTCATAGATCAGTTGACAT_013,94
ATTCATAGATCAGTTGACAT_014,105
ATTCATAGATCAGTTGACAT_015,107
ATTCATAGATCAGTTGACAT_016,157
ATTCATAGATCAGTTGACAT_017,50
ATTCATAGATCAGTTGACAT_018,133
ATTCATAGATCAGTTGACAT_019,83
ATTCATAGATCAGTTGACAT_020,0
ATTCATAGATCAGTTGACAT_021,142
ATTCATAGATCAGTTGACAT_022,68
GAGCGGCCGGTGAATCGGTG_001,183
GAGCGGCCGGTGAATCGGTG_002,169
GAGCGGCCGGTGAATCGGTG_003,162
GAGCGGCCGGTGAATCGGTG_004,0
GAGCGGCCGGTGAATCGGTG_005,89
GAGCGGCCGGTGAATCGGTG_006,150
GAGCGGCCGGTGAATCGGTG_007,81
GAGCGGCCGGTGAATCGGTG_008,81
GAGCGGCCGGTGAATCGGTG_009,182
GAGCGGCCGGTGAATCGGTG_010,14
GAGCGGCCGGTGAATCGGTG_011,104
GAGCGGCCGGTGAATCGGTG_012,102
GAGCGGCCGGTGAATCGGTG_013,160
GAGCGGCCGGTGAATCGGTG_014,2
GAGCGGCCGGTGAATCGGTG_015,16
GAGCGGCCGGTGAATCGGTG_016,88
GAGCGGCCGGTGAATCGGTG_017,46
GAGCGGCCGGTGAATCGGTG_018,176
GAGCGGCCGGTGAATCGGTG_019,123
GAGCGGCCGGTGAATCGGTG_020,40
GAGCGGCCGGTGAATCGGTG_021,8
GAGCGGCCGGTGAATCGGTG_022,12
GAGCGGCCGGTGAATCGGTG_023,34
GAGCGGCCGGTGAATCGGTG_024,41
GAGCGGCCGGTGAATCGGTG_025,56
GAGCGGCCGGTGAATCGGTG_026,126
CTCCACGGCCATGTGCAACG_001,76
CTCCACGGCCATGTGCAACG_002,60
CTCCACGGCCATGTGCAACG_003,76
CTCCACGGCCATGTGCAACG_004,179
CTCCACGGCCATGTGCAACG_005,38
CTCCACGGCCATGTGCAACG_006,153
CTCCACGGCCATGTGCAACG_007,153
CTCCACGGCCATGTGCAACG_008,62
CTCCACGGCCATGTGCAACG_009,136
CTCCACGGCCATGTGCAACG_010,63
GCAGGAACTTCGCACCTGGG_001,12
GCAGGAACTTCGCACCTGGG_002,145
GCAGGAACTTCGCACCTGGG_003,84
GCAGGAACTTCGCACCTGGG_004,72
GCAGGAACTTCGCACCTGGG_005,174
GCAGGAACTTCGCACCTGGG_006,181
GCAGGAACTTCGCACCTGGG_007,48
GCAGGAACTTCGCACCTGGG_008,48
GCAGGAACTTCGCACCTGGG_009,102
GCAGGAACTTCGCACCTGGG_010,197
GGAGAGGCTATGTGAACAGG_001,58
AGGCCCCGGTCTAAAGCGTG_001,11
AGGCCCCGGTCTAAAGCGTG_002,165
AGGCCCCGGTCTAAAGCGTG_003,166
AGGCCCCGGTCTAAAGCGTG_004,41
AGGCCCCGGTCTAAAGCGTG_005,58
AGGCCCCGGTCTAAAGCGTG_006,187
AGGCCCCGGTCTAAAGCGTG_007,162
AGGCCCCGGTCTAAAGCGTG_008,57
AGGCCCCGGTCTAAAGCGTG_009,1
AGGCCCCGGTCTAAAGCGTG_010,113
TTTCACCGAACGAAGATACT_001,83
TTTCACCGAACGAAGATACT_002,59
TTTCACCGAACGAAGATACT_003,98
TTTCACCGAACGAAGATACT_004,177
TTTCACCGAACGAAGATACT_005,107
TGTGTTCTTACCACATGCGT_001,57
TGTGTTCTTACCACATGCGT_002,84
ACGGTCTACACCGACTTCGA_001,17
ACGGTCTACACCGACTTCGA_002,102
ACGGTCTACACCGACTTCGA_003,150
ACGGTCTACACCGACTTCGA_004,181
ACGGTCTACACCGACTTCGA_005,194
ACGGTCTACACCGACTTCGA_006,112
ACGGTCTACACCGACTTCGA_007,113
ACGGTCTACACCGACTTCGA_008,76
ACGGTCTACACCGACTTCGA_009,187
ACGGTCTACACCGACTTCGA_010,41
ACGGTCTACACCGACTTCGA_011,81
ACGGTCTACACCGACTTCGA_012,175
ACGGTCTACACCGACTTCGA_013,56
ACGGTCTACACCGACTTCGA_014,147
ACGGTCTACACCGACTTCGA_015,29
ACGGTCTACACCGACTTCGA_016,41
ACGGTCTACACCGACTTCGA_017,176
ACGGTCTACACCGACTTCGA_018,77
ACGGTCTACACCGACTTCGA_019,94
ACGGTCTACACCGACTTCGA_020,168
ACGGTCTACACCGACTTCGA_021,103
CATCCATGAGCTCCAATGGG_001,48
CATCCATGAGCTCCAATGGG_002,156
CATCCATGAGCTCCAATGGG_003,170
CATCCATGAGCTCCAATGGG_004,55
CATCCATGAGCTCCAATGGG_005,174
CATCCATGAGCTCCAATGGG_006,156
CATCCATGAGCTCCAATGGG_007,152
CATCCATGAGCTCCAATGGG_008,21
CATCCATGAGCTCCAATGGG_009,76
CATCCATGAGCTCCAATGGG_010,111
CATCCATGAGCTCCAATGGG_011,145
CCTCTACCAGTTCGACCGCG_001,98
CCTCTACCAGTTCGACCGCG_002,21
CCTCTACCAGTTCGACCGCG_003,42
CCTCTACCAGTTCGACCGCG_004,77
CCTCTACCAGTTCGACCGCG_005,19
CCTCTACCAGTTCGACCGCG_006,144
CCTCTACCAGTTCGACCGCG_007,87
CCTCTACCAGTTCGACCGCG_008,69
CCTCTACCAGTTCGACCGCG_009,12
CCTCTACCAGTTCGACCGCG_010,127
CCTCTACCAGTTCGACCGCG_011,162
CCTCTACCAGTTCGACCGCG_012,40
CCTCTACCAGTTCGACCGCG_013,140
AACCGTCAGTAAGATCCACT_001,38
AACCGTCAGTAAGATCCACT_002,143
AACCGTCAGTAAGATCCACT_003,91
AACCGTCAGTAAGATCCACT_004,17
AACCGTCAGTAAGATCCACT_005,98
AACCGTCAGTAAGATCCACT_006,83
AACCGTCAGTAAGATCCACT_007,81
AACCGTCAGTAAGATCCACT_008,8
AACCGTCAGTAAGATCCACT_009,184
AACCGTCAGTAAGATCCACT_010,108
AACCGTCAGTAAGATCCACT_011,161
AACCGTCAGTAAGATCCACT_012,72
AACCGTCAGTAAGATCCACT_013,193
AACCGTCAGTAAGATCCACT_014,58
AACCGTCAGTAAGATCCACT_015,62
AACCGTCAGTAAGATCCACT_016,94
AACCGTCAGTAAGATCCACT_017,49
AACCGTCAGTAAGATCCACT_018,77
AACCGTCAGTAAGATCCACT_019,99
AACCGTCAGTAAGATCCACT_020,56
AACCGTCAGTAAGATCCACT_021,153
AACCGTCAGTAAGATCCACT_022,20
AACCGTCAGTAAGATCCACT_023,28
AACCGTCAGTAAGATCCACT_024,69
AACCGTCAGTAAGATCCACT_025,148
AACCGTCAGTAAGATCCACT_026,88
AACCGTCAGTAAGATCCACT_027,197
AACCGTCAGTAAGATCCACT_028,50
CTGTTCTTGTCATATCACTG_001,50
AGGTGGTTATGAAACGACGG_001,1
AGGTGGTTATGAAACGACGG_002,48
AGGTGGTTATGAAACGACGG_003,169
AGGTGGTTATGAAACGACGG_004,47
AGGTGGTTATGAAACGACGG_005,97
AGGTGGTTATGAAACGACGG_006,60
CCGGCACGTTGAGGTCGCAT_001,23
CCGGCACGTTGAGGTCGCAT_002,105
CCGGCACGTTGAGGTCGCAT_003,88
CCGGCACGTTGAGGTCGCAT_004,33
CCGGCACGTTGAGGTCGCAT_005,70
CTGAGCTGCCACCACGACTG_001,37
CTGAGCTGCCACCACGACTG_002,102
CTGAGCTGCCACCACGACTG_003,105
CTGAGCTGCCACCACGACTG_004,133
CTGAGCTGCCACCACGACTG_005,51
CTGAGCTGCCACCACGACTG_006,52
CTGAGCTGCCACCACGACTG_007,57
CTGAGCTGCCACCACGACTG_008,79
CTGAGCTGCCACCACGACTG_009,29
CTGAGCTGCCACCACGACTG_010,177
CTGAGCTGCCACCACGACTG_011,79
CTGAGCTGCCACCACGACTG_012,187
CTGAGCTGCCACCACGACTG_013,187
CTGAGCTGCCACCACGACTG_014,3
CTGAGCTGCCACCACGACTG_015,184
CTGAGCTGCCACCACGACTG_016,26
CTGAGCTGCCACCACGACTG_017,47
CTGAGCTGCCACCACGACTG_018,12
CTGAGCTGCCACCACGACTG_019,154
CTGAGCTGCCACCACGACTG_020,40
CTGAGCTGCCACCACGACTG_021,114
CTGAGCTGCCACCACGACTG_022,0
TGCAGTCGGCCGCTGCAGAA_001,3
TGCAGTCGGCCGCTGCAGAA_002,58
TGCAGTCGGCCGCTGCAGAA_003,84
TGCAGTCGGCCGCTGCAGAA_004,88
TGCAGTCGGCCGCTGCAGAA_005,192
TGCAGTCGGCCGCTGCAGAA_006,104
TGCAGTCGGCCGCTGCAGAA_007,54
TGCAGTCGGCCGCTGCAGAA_008,6
TGCAGTCGGCCGCTGCAGAA_009,115
TGCAGTCGGCCGCTGCAGAA_010,5
TGCAGTCGGCCGCTGCAGAA_011,5
TGCAGTCGGCCGCTGCAGAA_012,102
TGCAGTCGGCCGCTGCAGAA_013,88
TGCAGTCGGCCGCTGCAGAA_014,43
TGCAGTCGGCCGCTGCAGAA_015,166
TGCAGTCGGCCGCTGCAGAA_016,77
TGCAGTCGGCCGCTGCAGAA_017,165
TACAGATAGGACTTCCCCTG_001,48
TACAGATAGGACTTCCCCTG_002,88
TACAGATAGGACTTCCCCTG_003,15
TACAGATAGGACTTCCCCTG_004,60
TACAGATAGGACTTCCCCTG_005,181
TACAGATAGGACTTCCCCTG_006,34
TACAGATAGGACTTCCCCTG_007,172
TACAGATAGGACTTCCCCTG_008,166
TACAGATAGGACTTCCCCTG_009,121
TACAGATAGGACTTCCCCTG_010,11
TACAGATAGGACTTCCCCTG_011,58
TACAGATAGGACTTCCCCTG_012,169
TACAGATAGGACTTCCCCTG_013,148
TACAGATAGGACTTCCCCTG_014,2
TACAGATAGGACTTCCCCTG_015,0
TACAGATAGGACTTCCCCTG_016,11
TACAGATAGGACTTCCCCTG_017,28
TACAGATAGGACTTCCCCTG_018,170
TGTACTGGAACCAAGCGTGG_001,5
TGTACTGGAACCAAGCGTGG_002,41
TGTACTGGAACCAAGCGTGG_003,76
AGTCCCCGGCAGGTATGACA_001,192
AGTCCCCGGCAGGTATGACA_002,58
AGTCCCCGGCAGGTATGACA_003,146
AGTCCCCGGCAGGTATGACA_004,127
AGTCCCCGGCAGGTATGACA_005,57
AGTCCCCGGCAGGTATGACA_006,158
AGTCCCCGGCAGGTATGACA_007,169
AGTCCCCGGCAGGTATGACA_008,46
AGTCCCCGGCAGGTATGACA_009,110
AGTCCCCGGCAGGTATGACA_010,121
CCTGATATTTGAGATGCTAG_001,160
CCTGATATTTGAGATGCTAG_002,68
GTAATGGAGTTTCTACACCG_001,76
GTAATGGAGTTTCTACACCG_002,145
GTAATGGAGTTTCTACACCG_003,157
GTAATGGAGTTTCTACACCG_004,169
GTAATGGAGTTTCTACACCG_005,98
GTAATGGAGTTTCTACACCG_006,30
GTAATGGAGTTTCTACACCG_007,45
GTAATGGAGTTTCTACACCG_008,83
GGACCTTCGTAACCTGTGGA_001,82
GGACCTTCGTAACCTGTGGA_002,162
GGACCTTCGTAACCTGTGGA_003,171
GGACCTTCGTAACCTGTGGA_004,147
GGACCTTCGTAACCTGTGGA_005,62
GGACCTTCGTAACCTGTGGA_006,144
GGACCTTCGTAACCTGTGGA_007,76
GGACCTTCGTAACCTGTGGA_008,77
GGACCTTCGTAACCTGTGGA_009,157
CCGCGCTTCGAGGATACCGG_001,137
CCGCGCTTCGAGGATACCGG_002,40
CCGCGCTTCGAGGATACCGG_003,100
CCGCGCTTCGAGGATACCGG_004,163
CCGCGCTTCGAGGATACCGG_005,137
CCGCGCTTCGAGGATACCGG_006,199
CCGCGCTTCGAGGATACCGG_007,170
CCGCGCTTCGAGGATACCGG_008,84
CCGCGCTTCGAGGATACCGG_009,77
CCGCGCTTCGAGGATACCGG_010,185
CCGCGCTTCGAGGATACCGG_011,139
CCGCGCTTCGAGGATACCGG_012,42
CCGCGCTTCGAGGATACCGG_013,93
CCGCGCTTCGAGGATACCGG_014,159
CCGCGCTTCGAGGATACCGG_015,165
CGACGAAGAGTACTACGCCA_001,102
CGACGAAGAGTACTACGCCA_002,62
CGACGAAGAGTACTACGCCA_003,48
CGACGAAGAGTACTACGCCA_004,18
CGACGAAGAGTACTACGCCA_005,115
CGACGAAGAGTACTACGCCA_006,127
CGACGAAGAGTACTACGCCA_007,111
CGACGAAGAGTACTACGCCA_008,160
CGACGAAGAGTACTACGCCA_009,163
CGACGAAGAGTACTACGCCA_010,177
CGACGAAGAGTACTACGCCA_011,161
CGACGAAGAGTACTACGCCA_012,161
CGACGAAGAGTACTACGCCA_013,18
CGACGAAGAGTACTACGCCA_014,22
CGACGAAGAGTACTACGCCA_015,107
CGACGAAGAGTACTACGCCA_016,72
CGACGAAGAGTACTACGCCA_017,17
CGACGAAGAGTACTACGCCA_018,52
CGACGAAGAGTACTACGCCA_019,156
CGACGAAGAGTACTACGCCA_020,68
CGACGAAGAGTACTACGCCA_021,191
CGACGAAGAGTACTACGCCA_022,157
CGACGAAGAGTACTACGCCA_023,39
GTTCACCCAAAAAAACAGCA_001,130
GTTCACCCAAAAAAACAGCA_002,188
GTTCACCCAAAAAAACAGCA_003,69
GTTCACCCAAAAAAACAGCA_004,32
GTTCACCCAAAAAAACAGCA_005,85
GTTCACCCAAAAAAACAGCA_006,44
GTTCACCCAAAAAAACAGCA_007,150
GTTCACCCAAAAAAACAGCA_008,26
GTTCACCCAAAAAAACAGCA_009,38
GTTCACCCAAAAAAACAGCA_010,163
GTTCACCCAAAAAAACAGCA_011,190
GTTCACCCAAAAAAACAGCA_012,89
GTTCACCCAAAAAAACAGCA_013,118
GTTCACCCAAAAAAACAGCA_014,150
GTTCACCCAAAAAAACAGCA_015,17
GTTCACCCAAAAAAACAGCA_016,168
AGTCACACGACCAGATAAGG_001,57
AGTCACACGACCAGATAAGG_002,15
AGTCACACGACCAGATAAGG_003,148
CAAAGGGGCGACCCTCGCTG_001,78
CAAAGGGGCGACCCTCGCTG_002,81
CAAAGGGGCGACCCTCGCTG_003,127
CAAAGGGGCGACCCTCGCTG_004,3
CAAAGGGGCGACCCTCGCTG_005,145
CAAAGGGGCGACCCTCGCTG_006,147
CAAAGGGGCGACCCTCGCTG_007,188
CAAAGGGGCGACCCTCGCTG_008,76
CAAAGGGGCGACCCTCGCTG_009,32
CAAAGGGGCGACCCTCGCTG_010,190
CAAAGGGGCGACCCTCGCTG_011,82
CAAAGGGGCGACCCTCGCTG_012,71
CAAAGGGGCGACCCTCGCTG_013,134
CAAAGGGGCGACCCTCGCTG_014,85
CAAAGGGGCGACCCTCGCTG_015,103
CAAAGGGGCGACCCTCGCTG_016,9
CAAAGGGGCGACCCTCGCTG_017,149
CAAAGGGGCGACCCTCGCTG_018,109
CAAAGGGGCGACCCTCGCTG_019,109
CAAAGGGGCGACCCTCGCTG_020,65
CAAAGGGGCGACCCTCGCTG_021,140
CAAAGGGGCGACCCTCGCTG_022,169
CAAAGGGGCGACCCTCGCTG_023,49
CAAAGGGGCGACCCTCGCTG_024,103
CAAAGGGGCGACCCTCGCTG_025,135
CAAAGGGGCGACCCTCGCTG_026,162
CAAAGGGGCGACCCTCGCTG_027,72
CAAAGGGGCGACCCTCGCTG_028,180
CAAAGGGGCGACCCTCGCTG_029,56
CAAAGGGGCGACCCTCGCTG_030,111
CAAAGGGGCGACCCTCGCTG_031,69
CAAAGGGGCGACCCTCGCTG_032,131
CAAAGGGGCGACCCTCGCTG_033,178
CAAAGGGGCGACCCTCGCTG_034,97
CAAAGGGGCGACCCTCGCTG_035,125
CAAAGGGGCGACCCTCGCTG_036,48
CAAAGGGGCGACCCTCGCTG_037,36
CAAAGGGGCGACCCTCGCTG_038,144
CAAAGGGGCGACCCTCGCTG_039,50
CAAAGGGGCGACCCTCGCTG_040,88
CAAAGGGGCGACCCTCGCTG_041,106
CAAAGGGGCGACCCTCGCTG_042,58
AGAATTCCCACCAGCCATGG_001,43
AGAATTCCCACCAGCCATGG_002,37
AGAATTCCCACCAGCCATGG_003,29
AGAATTCCCACCAGCCATGG_004,122
AGAATTCCCACCAGCCATGG_005,134
AGAATTCCCACCAGCCATGG_006,91
AGAATTCCCACCAGCCATGG_007,192
AGAATTCCCACCAGCCATGG_008,162
AGAATTCCCACCAGCCATGG_009,52
AGAATTCCCACCAGCCATGG_010,10
AGAATTCCCACCAGCCATGG_011,95
GCAAGGCACCTATTTATACG_001,16
GCAAGGCACCTATTTATACG_002,22
CAGGTCCCGATCATTCATAG_001,126
CAGGTCCCGATCATTCATAG_002,80
CAGGTCCCGATCATTCATAG_003,1
GGGGCCCTTCCCTCGCAACG_001,151
GGGGCCCTTCCCTCGCAACG_002,88
GGGGCCCTTCCCTCGCAACG_003,165
GGGGCCCTTCCCTCGCAACG_004,177
GGGGCCCTTCCCTCGCAACG_005,52
GGGGCCCTTCCCTCGCAACG_006,81
GGGGCCCTTCCCTCGCAACG_007,59
GGGGCCCTTCCCTCGCAACG_008,174
GGGGCCCTTCCCTCGCAACG_009,120
GGGGCCCTTCCCTCGCAACG_010,127
GGGGCCCTTCCCTCGCAACG_011,148
GGGGCCCTTCCCTCGCAACG_012,129
GGGGCCCTTCCCTCGCAACG_013,138
GGGGCCCTTCCCTCGCAACG_014,14
GGGGCCCTTCCCTCGCAACG_015,108
TTACCTACACACACTCATTG_001,9
TTACCTACACACACTCATTG_002,20
TTACCTACACACACTCATTG_003,152
GAGAAAGAAATAAGCAACGG_001,6
TTCGGAGGAGCAGTCCTCGG_001,82
TTCGGAGGAGCAGTCCTCGG_002,107
TTCGGAGGAGCAGTCCTCGG_003,29
TTCGGAGGAGCAGTCCTCGG_004,94
TTCGGAGGAGCAGTCCTCGG_005,144
TTCGGAGGAGCAGTCCTCGG_006,53
TTCGGAGGAGCAGTCCTCGG_007,153
TTCGGAGGAGCAGTCCTCGG_008,112
TTCGGAGGAGCAGTCCTCGG_009,190
TTCGGAGGAGCAGTCCTCGG_010,51
TTCGGAGGAGCAGTCCTCGG_011,65
TTCGGAGGAGCAGTCCTCGG_012,191
TTCGGAGGAGCAGTCCTCGG_013,168
TTCGGAGGAGCAGTCCTCGG_014,171
TTCGGAGGAGCAGTCCTCGG_015,75
TTCGGAGGAGCAGTCCTCGG_016,68
TTCGGAGGAGCAGTCCTCGG_017,92
TTCGGAGGAGCAGTCCTCGG_018,115
TTCGGAGGAGCAGTCCTCGG_019,83
CATGATCAGCCCACCGCTGG_001,141
CATGATCAGCCCACCGCTGG_002,127
CATGATCAGCCCACCGCTGG_003,146
CATGATCAGCCCACCGCTGG_004,34
CATGATCAGCCCACCGCTGG_005,162
CATGATCAGCCCACCGCTGG_006,168
CATGATCAGCCCACCGCTGG_007,183
CATGATCAGCCCACCGCTGG_008,147
CATGATCAGCCCACCGCTGG_009,162
CATGATCAGCCCACCGCTGG_010,158
CATGATCAGCCCACCGCTGG_011,92
CATGATCAGCCCACCGCTGG_012,43
CATGATCAGCCCACCGCTGG_013,185
CATGATCAGCCCACCGCTGG_014,115
CATGATCAGCCCACCGCTGG_015,147
CATGATCAGCCCACCGCTGG_016,69
CATGATCAGCCCACCGCTGG_017,44
CATGATCAGCCCACCGCTGG_018,59
CATGATCAGCCCACCGCTGG_019,40
CATGATCAGCCCACCGCTGG_020,94
CATGATCAGCCCACCGCTGG_021,150
CATGATCAGCCCACCGCTGG_022,103
CATGATCAGCCCACCGCTGG_023,113
CATGATCAGCCCACCGCTGG_024,74
CATGATCAGCCCACCGCTGG_025,37
CATGATCAGCCCACCGCTGG_026,132
CATGATCAGCCCACCGCTGG_027,56
CATGATCAGCCCACCGCTGG_028,15
CATGATCAGCCCACCGCTGG_029,57
CATGATCAGCCCACCGCTGG_030,199
AAAACCACAGTCAGTATACA_001,6
AAAACCACAGTCAGTATACA_002,36
AAAACCACAGTCAGTATACA_003,11
AAAACCACAGTCAGTATACA_004,101
AAAACCACAGTCAGTATACA_005,15
GCAAGAACCTTACCGGCATG_001,26
GCAAGAACCTTACCGGCATG_002,50
AAGCTGACAATTACACAAGA_001,146
AAGCTGACAATTACACAAGA_002,82
GGTCACGAACGAGATCACGC_001,107
GGTCACGAACGAGATCACGC_002,191
GGTCACGAACGAGATCACGC_003,172
GGTCACGAACGAGATCACGC_004,64
GGTCACGAACGAGATCACGC_005,14
GGTCACGAACGAGATCACGC_006,193
GGTCACGAACGAGATCACGC_007,170
GGTCACGAACGAGATCACGC_008,88
GGTCACGAACGAGATCACGC_009,114
GGTCACGAACGAGATCACGC_010,80
GGTCACGAACGAGATCACGC_011,172
GGTCACGAACGAGATCACGC_012,65
GGTCACGAACGAGATCACGC_013,15
GGTCACGAACGAGATCACGC_014,188
GGTCACGAACGAGATCACGC_015,130
GGTCACGAACGAGATCACGC_016,168
GGTCACGAACGAGATCACGC_017,151
AGTATATACTACCAACCCAA_001,29
GTCTAAAAAGAACCCCGGCG_001,15
GTCTAAAAAGAACCCCGGCG_002,28
ATGTCAAAAACATCACACCA_001,150
ATGTCAAAAACATCACACCA_002,43
ATGTCAAAAACATCACACCA_003,62
ATGTCAAAAACATCACACCA_004,80
ATGTCAAAAACATCACACCA_005,188
ATGTCAAAAACATCACACCA_006,181
ATGTCAAAAACATCACACCA_007,48
ATGTCAAAAACATCACACCA_008,29
ATGTCAAAAACATCACACCA_009,99
ATGTCAAAAACATCACACCA_010,43
ATGTCAAAAACATCACACCA_011,94
ATGTCAAAAACATCACACCA_012,91
ATGTCAAAAACATCACACCA_013,91
ATGTCAAAAACATCACACCA_014,198
ATGTCAAAAACATCACACCA_015,151
ATGTCAAAAACATCACACCA_016,66
ATGTCAAAAACATCACACCA_017,37
ATGTCAAAAACATCACACCA_018,19
ATGTCAAAAACATCACACCA_019,78
ATGTCAAAAACATCACACCA_020,36
ATGTCAAAAACATCACACCA_021,36
TCCAGCTAACAGGCGCTACG_001,154
TCCAGCTAACAGGCGCTACG_002,127
TCCAGCTAACAGGCGCTACG_003,85
CATATGACATCACCACCAGT_001,196
CATATGACATCACCACCAGT_002,188
CATATGACATCACCACCAGT_003,150
CATATGACATCACCACCAGT_004,12
CATATGACATCACCACCAGT_005,98
CATATGACATCACCACCAGT_006,155
CATATGACATCACCACCAGT_007,198
CATATGACATCACCACCAGT_008,178
CATATGACATCACCACCAGT_009,118
CATATGACATCACCACCAGT_010,144
CATATGACATCACCACCAGT_011,167
CATATGACATCACCACCAGT_012,167
GTGGTGCGAATACGAGTAGG_001,142
GTGGTGCGAATACGAGTAGG_002,171
GTGGTGCGAATACGAGTAGG_003,43
GTGGTGCGAATACGAGTAGG_004,118
GTGGTGCGAATACGAGTAGG_005,142
GTGGTGCGAATACGAGTAGG_006,21
GTGGTGCGAATACGAGTAGG_007,194
GTGGTGCGAATACGAGTAGG_008,54
GTGGTGCGAATACGAGTAGG_009,176
GTGGTGCGAATACGAGTAGG_010,16
GTGGTGCGAATACGAGTAGG_011,179
GTGGTGCGAATACGAGTAGG_012,69
GTGGTGCGAATACGAGTAGG_013,40
CGAGAGCTCGAGGACTCGAG_001,172
CGAGAGCTCGAGGACTCGAG_002,158
CGAGAGCTCGAGGACTCGAG_003,41
CGAGAGCTCGAGGACTCGAG_004,94
CGAGAGCTCGAGGACTCGAG_005,176
CGAGAGCTCGAGGACTCGAG_006,84
TTTAGTGTGAGACTGCACCG_001,176
TTTAGTGTGAGACTGCACCG_002,177
TTTAGTGTGAGACTGCACCG_003,171
TTTAGTGTGAGACTGCACCG_004,150
TTTAGTGTGAGACTGCACCG_005,116
CCCCAACGCGCAGTGCGAGG_001,149
CCCCAACGCGCAGTGCGAGG_002,116
CCCCAACGCGCAGTGCGAGG_003,104
CCCCAACGCGCAGTGCGAGG_004,160
AGAGACCGGTCGCACAGTCA_001,136
AGAGACCGGTCGCACAGTCA_002,118
AGAGACCGGTCGCACAGTCA_003,72
AGAGACCGGTCGCACAGTCA_004,155
AGAGACCGGTCGCACAGTCA_005,192
AGAGACCGGTCGCACAGTCA_006,175
AGAGACCGGTCGCACAGTCA_007,106
AGAGACCGGTCGCACAGTCA_008,103
AGAGACCGGTCGCACAGTCA_009,103
AGAGACCGGTCGCACAGTCA_010,170
AGAGACCGGTCGCACAGTCA_011,178
AGAGACCGGTCGCACAGTCA_012,115
AGAGACCGGTCGCACAGTCA_013,188
AGAGACCGGTCGCACAGTCA_014,138
AGAGACCGGTCGCACAGTCA_015,67
AGAGACCGGTCGCACAGTCA_016,86
AGAGACCGGTCGCACAGTCA_017,104
AGAGACCGGTCGCACAGTCA_018,23
AGAGACCGGTCGCACAGTCA_019,31
AGAGACCGGTCGCACAGTCA_020,161
AGAGACCGGTCGCACAGTCA_021,177
AGAGACCGGTCGCACAGTCA_022,10
AGAGACCGGTCGCACAGTCA_023,63
AGAGACCGGTCGCACAGTCA_024,62
AGAGACCGGTCGCACAGTCA_025,4
AGAGACCGGTCGCACAGTCA_026,115
AGAGACCGGTCGCACAGTCA_027,188
AGAGACCGGTCGCACAGTCA_028,91
AGAGACCGGTCGCACAGTCA_029,183
GTGGTGCTTTGGCTCAATGG_001,77
GTGGTGCTTTGGCTCAATGG_002,28
GTGGTGCTTTGGCTCAATGG_003,31
GTGGTGCTTTGGCTCAATGG_004,34
GTGGTGCTTTGGCTCAATGG_005,15
GTGGTGCTTTGGCTCAATGG_006,61
GTGGTGCTTTGGCTCAATGG_007,152
GTGGTGCTTTGGCTCAATGG_008,14
GTGGTGCTTTGGCTCAATGG_009,127
TAACTACAAGTGGAGCTTCG_001,145
TAACTACAAGTGGAGCTTCG_002,2
TAACTACAAGTGGAGCTTCG_003,115
TAACTACAAGTGGAGCTTCG_004,174
TAACTACAAGTGGAGCTTCG_005,89
TAACTACAAGTGGAGCTTCG_006,158
ATTATAAATACCGGCCCCGG_001,80
ATTATAAATACCGGCCCCGG_002,97
ATTATAAATACCGGCCCCGG_003,61
ATTATAAATACCGGCCCCGG_004,104
ATTATAAATACCGGCCCCGG_005,69
ATTATAAATACCGGCCCCGG_006,147
ATTATAAATACCGGCCCCGG_007,50
ATTATAAATACCGGCCCCGG_008,119
GGAACATGGTGAAATTGATG_001,177
TGGAACTCTAAATGCCACCC_001,70
TGGAACTCTAAATGCCACCC_002,105
CAAGACAGGCTGCTTCAAGT_001,77
CAAGACAGGCTGCTTCAAGT_002,48
CAAGACAGGCTGCTTCAAGT_003,114
CAAGACAGGCTGCTTCAAGT_004,60
CAAGACAGGCTGCTTCAAGT_005,11
CAAGACAGGCTGCTTCAAGT_006,45
CAAGACAGGCTGCTTCAAGT_007,83
CAAGACAGGCTGCTTCAAGT_008,118
CAAGACAGGCTGCTTCAAGT_009,169
CAAGACAGGCTGCTTCAAGT_010,159
CAAGACAGGCTGCTTCAAGT_011,121
CAAGACAGGCTGCTTCAAGT_012,34
CAAGACAGGCTGCTTCAAGT_013,102
CAAGACAGGCTGCTTCAAGT_014,20
CTGATGCAACTCCTCTACAT_001,171
CTGATGCAACTCCTCTACAT_002,156
CTGATGCAACTCCTCTACAT_003,8
CTGATGCAACTCCTCTACAT_004,92
CTGATGCAACTCCTCTACAT_005,199
CTGATGCAACTCCTCTACAT_006,48
GCACCAACAGAGTCAACAGA_001,19
GCACCAACAGAGTCAACAGA_002,174
GCACCAACAGAGTCAACAGA_003,155
GCGTCCATCTGATTGGTGGG_001,181
GCGTCCATCTGATTGGTGGG_002,81
GCGTCCATCTGATTGGTGGG_003,81
GCGTCCATCTGATTGGTGGG_004,53
GCGTCCATCTGATTGGTGGG_005,53
GCGTCCATCTGATTGGTGGG_006,49
GCGTCCATCTGATTGGTGGG_007,4
GCGTCCATCTGATTGGTGGG_008,4
GCGTCCATCTGATTGGTGGG_009,50
GCGTCCATCTGATTGGTGGG_010,178
GCGTCCATCTGATTGGTGGG_011,40
GCTCGTTCTTAGCTTCGACG_001,105
GCTCGTTCTTAGCTTCGACG_002,12
GCTCGTTCTTAGCTTCGACG_003,11
GCTCGTTCTTAGCTTCGACG_004,45
GCTCGTTCTTAGCTTCGACG_005,149
GCTCGTTCTTAGCTTCGACG_006,8
GCTCGTTCTTAGCTTCGACG_007,10
GCTCGTTCTTAGCTTCGACG_008,41
GCTCGTTCTTAGCTTCGACG_009,108
GCTCGTTCTTAGCTTCGACG_010,148
AGTACAGTGTAGCCGTGATG_001,42
AGTACAGTGTAGCCGTGATG_002,38
AGTACAGTGTAGCCGTGATG_003,111
AGTACAGTGTAGCCGTGATG_004,1
AGTACAGTGTAGCCGTGATG_005,49
AGTACAGTGTAGCCGTGATG_006,138
AGTACAGTGTAGCCGTGATG_007,188
ATGGAAGGCGGACTCCAACG_001,127
ATGGAAGGCGGACTCCAACG_002,60
ATGGAAGGCGGACTCCAACG_003,157
ATGGAAGGCGGACTCCAACG_004,49
ATGGAAGGCGGACTCCAACG_005,94
ATGGAAGGCGGACTCCAACG_006,181
ATGGAAGGCGGACTCCAACG_007,36
ATGGAAGGCGGACTCCAACG_008,51
ATGGAAGGCGGACTCCAACG_009,74
ATGGAAGGCGGACTCCAACG_010,118
ATGGAAGGCGGACTCCAACG_011,16
ATGGAAGGCGGACTCCAACG_012,174
ATGGAAGGCGGACTCCAACG_013,4
ATGGAAGGCGGACTCCAACG_014,158
ATGGAAGGCGGACTCCAACG_015,115
ATGGAAGGCGGACTCCAACG_016,190
ATGGAAGGCGGACTCCAACG_017,41
ATGGAAGGCGGACTCCAACG_018,54
ATGGAAGGCGGACTCCAACG_019,191
ATGGAAGGCGGACTCCAACG_020,33
ATGGAAGGCGGACTCCAACG_021,38
ATGGAAGGCGGACTCCAACG_022,19
ATGGAAGGCGGACTCCAACG_023,50
ATGGAAGGCGGACTCCAACG_024,6
ATGGAAGGCGGACTCCAACG_025,27
ATGGAAGGCGGACTCCAACG_026,8
AGCTTGGTCGGGGAAAATGC_001,78
AGCTTGGTCGGGGAAAATGC_002,118
AGCTTGGTCGGGGAAAATGC_003,29
AGCTTGGTCGGGGAAAATGC_004,1
AGCTTGGTCGGGGAAAATGC_005,158
AGCTTGGTCGGGGAAAATGC_006,4
AGCTTGGTCGGGGAAAATGC_007,19
AGCTTGGTCGGGGAAAATGC_008,22
AGCTTGGTCGGGGAAAATGC_009,13
AGCTTGGTCGGGGAAAATGC_010,158
AGCTTGGTCGGGGAAAATGC_011,155
AGCTTGGTCGGGGAAAATGC_012,144
AGCTTGGTCGGGGAAAATGC_013,138
TCAGACACCAATGCAATGCT_001,60
TCAGACACCAATGCAATGCT_002,146
TCAGACACCAATGCAATGCT_003,16
TCAGACACCAATGCAATGCT_004,65
TCAGACACCAATGCAATGCT_005,60
TCAGACACCAATGCAATGCT_006,90
TCAGACACCAATGCAATGCT_007,36
TCAGACACCAATGCAATGCT_008,47
TCAGACACCAATGCAATGCT_009,160
TCAGACACCAATGCAATGCT_010,41
TCAGACACCAATGCAATGCT_011,127
TCAGACACCAATGCAATGCT_012,147
TCAGACACCAATGCAATGCT_013,46
TCAGACACCAATGCAATGCT_014,31
TCAGACACCAATGCAATGCT_015,19
TCAGACACCAATGCAATGCT_016,74
TCGAGAGGAAAAACACACTG_001,23
TCGAGAGGAAAAACACACTG_002,94
TCGAGAGGAAAAACACACTG_003,188
TCGAGAGGAAAAACACACTG_004,83
TCGAGAGGAAAAACACACTG_005,134
TCGAGAGGAAAAACACACTG_006,77
TCGAGAGGAAAAACACACTG_007,112
TCGAGAGGAAAAACACACTG_008,151
TCGAGAGGAAAAACACACTG_009,166
TCGAGAGGAAAAACACACTG_010,115
TCGAGAGGAAAAACACACTG_011,70
TCGAGAGGAAAAACACACTG_012,54
TCGAGAGGAAAAACACACTG_013,78
TCGAGAGGAAAAACACACTG_014,70
TCGAGAGGAAAAACACACTG_015,0
TCGAGAGGAAAAACACACTG_016,78
TCGAGAGGAAAAACACACTG_017,62
TCGAGAGGAAAAACACACTG_018,158
TCGAGAGGAAAAACACACTG_019,40
TCGAGAGGAAAAACACACTG_020,140
TCGAGAGGAAAAACACACTG_021,2
TCGAGAGGAAAAACACACTG_022,47
TCGAGAGGAAAAACACACTG_023,125
TCGAGAGGAAAAACACACTG_024,142
TCGAGAGGAAAAACACACTG_025,4
TCGAGAGGAAAAACACACTG_026,90
TCGAGAGGAAAAACACACTG_027,107
TCGAGAGGAAAAACACACTG_028,161
TCGAGAGGAAAAACACACTG_029,181
TCGAGAGGAAAAACACACTG_030,101
TCGAGAGGAAAAACACACTG_031,84
TCGAGAGGAAAAACACACTG_032,84
TCGAGAGGAAAAACACACTG_033,32
TCGAGAGGAAAAACACACTG_034,22
TCGAGAGGAAAAACACACTG_035,29
TCGAGAGGAAAAACACACTG_036,154
TCGAGAGGAAAAACACACTG_037,65
TCGAGAGGAAAAACACACTG_038,170
TCGAGAGGAAAAACACACTG_039,115
TCGAGAGGAAAAACACACTG_040,13
TCGAGAGGAAAAACACACTG_041,62
TCGAGAGGAAAAACACACTG_042,9
TCGAGAGGAAAAACACACTG_043,162
TCGAGAGGAAAAACACACTG_044,135
TCGAGAGGAAAAACACACTG_045,25
TCGAGAGGAAAAACACACTG_046,139
TCGAGAGGAAAAACACACTG_047,41
TCGAGAGGAAAAACACACTG_048,17
TCGAGAGGAAAAACACACTG_049,58
TCGAGAGGAAAAACACACTG_050,31
TCGAGAGGAAAAACACACTG_051,14
TCGAGAGGAAAAACACACTG_052,151
TCGAGAGGAAAAACACACTG_053,42
TCGAGAGGAAAAACACACTG_054,175
TCGAGAGGAAAAACACACTG_055,63
TCGAGAGGAAAAACACACTG_056,194
TCGAGAGGAAAAACACACTG_057,85
TCGAGAGGAAAAACACACTG_058,20
TCGAGAGGAAAAACACACTG_059,148
TCGAGAGGAAAAACACACTG_060,192
TCGAGAGGAAAAACACACTG_061,44
TCGAGAGGAAAAACACACTG_062,75
TCGAGAGGAAAAACACACTG_063,171
TCGAGAGGAAAAACACACTG_064,45
TCGAGAGGAAAAACACACTG_065,11
TCGAGAGGAAAAACACACTG_066,96
TCGAGAGGAAAAACACACTG_067,160
TCGAGAGGAAAAACACACTG_068,185
TCGAGAGGAAAAACACACTG_069,194
TCGAGAGGAAAAACACACTG_070,92
TCGAGAGGAAAAACACACTG_071,51
TCGAGAGGAAAAACACACTG_072,40
TCGAGAGGAAAAACACACTG_073,185
TCGAGAGGAAAAACACACTG_074,184
TCGAGAGGAAAAACACACTG_075,122
TCGAGAGGAAAAACACACTG_076,135
TCGAGAGGAAAAACACACTG_077,18
TCGAGAGGAAAAACACACTG_078,17
TCGAGAGGAAAAACACACTG_079,119
TCGAGAGGAAAAACACACTG_080,183
TCGAGAGGAAAAACACACTG_081,74
TCGAGAGGAAAAACACACTG_082,136
TCGAGAGGAAAAACACACTG_083,52
TCGAGAGGAAAAACACACTG_084,168
TCGAGAGGAAAAACACACTG_085,104
TCGAGAGGAAAAACACACTG_086,98
TCGAGAGGAAAAACACACTG_087,141
TCGAGAGGAAAAACACACTG_088,166
TGCTTTCTGTGTTGCTACAT_001,170
TGCTTTCTGTGTTGCTACAT_002,170
TGCTTTCTGTGTTGCTACAT_003,122
TGCTTTCTGTGTTGCTACAT_004,0
TGCTTTCTGTGTTGCTACAT_005,150
TGCTTTCTGTGTTGCTACAT_006,65
TGCTTTCTGTGTTGCTACAT_007,68
TGCTTTCTGTGTTGCTACAT_008,177
TGCTTTCTGTGTTGCTACAT_009,5
TGCTTTCTGTGTTGCTACAT_010,58
TGCTTTCTGTGTTGCTACAT_011,97
TGCTTTCTGTGTTGCTACAT_012,41
TGCCACTCTCTGACTAGGAG_001,27
TGCCACTCTCTGACTAGGAG_002,127
AAACATCTCAGGTTTAAACT_001,149
AAACATCTCAGGTTTAAACT_002,113
AAACATCTCAGGTTTAAACT_003,12
AAACATCTCAGGTTTAAACT_004,160
AAACATCTCAGGTTTAAACT_005,44
AAACATCTCAGGTTTAAACT_006,107
AAACATCTCAGGTTTAAACT_007,103
AGGCACTGCATTGCTCTAGG_001,145
AGGCACTGCATTGCTCTAGG_002,94
AGGCACTGCATTGCTCTAGG_003,119
AGGCACTGCATTGCTCTAGG_004,105
AGGCACTGCATTGCTCTAGG_005,2
AGGCACTGCATTGCTCTAGG_006,161
AGGCACTGCATTGCTCTAGG_007,194
AGGCACTGCATTGCTCTAGG_008,7
AGGCACTGCATTGCTCTAGG_009,83
AGGCACTGCATTGCTCTAGG_010,62
AGGCACTGCATTGCTCTAGG_011,191
AGGCACTGCATTGCTCTAGG_012,166
AGGCACTGCATTGCTCTAGG_013,50
ATCTCTGTACAGCTTTCTTT_001,188
ATCTCTGTACAGCTTTCTTT_002,105
ATCTCTGTACAGCTTTCTTT_003,141
ATCTCTGTACAGCTTTCTTT_004,27
ATCTCTGTACAGCTTTCTTT_005,140
ATCTCTGTACAGCTTTCTTT_006,87
ATCTCTGTACAGCTTTCTTT_007,197
ATCTCTGTACAGCTTTCTTT_008,2
ATCTCTGTACAGCTTTCTTT_009,81
ATCTCTGTACAGCTTTCTTT_010,8
ATCTCTGTACAGCTTTCTTT_011,10
ATCTCTGTACAGCTTTCTTT_012,117
ATCTCTGTACAGCTTTCTTT_013,162
CAAGAGCCGATCTCCTCACA_001,154
CAAGAGCCGATCTCCTCACA_002,68
CAAGAGCCGATCTCCTCACA_003,162
CAAGAGCCGATCTCCTCACA_004,153
CAAGAGCCGATCTCCTCACA_005,47
CAGTCTGGCTGAGAATTGCG_001,112
CAGTCTGGCTGAGAATTGCG_002,6
CAGTCTGGCTGAGAATTGCG_003,128
CAGTCTGGCTGAGAATTGCG_004,179
CAGTCTGGCTGAGAATTGCG_005,139
CAGTCTGGCTGAGAATTGCG_006,2
CAGTCTGGCTGAGAATTGCG_007,61
CAGTCTGGCTGAGAATTGCG_008,2
CAGTCTGGCTGAGAATTGCG_009,57
CAGTCTGGCTGAGAATTGCG_010,198
CAGTCTGGCTGAGAATTGCG_011,110
CAGTCTGGCTGAGAATTGCG_012,188
GGCTGTATCGCTTCTCGGAG_001,188
GGCTGTATCGCTTCTCGGAG_002,37
GGCTGTATCGCTTCTCGGAG_003,17
TGCTATGTACACAAACCAGG_001,26
TGCTATGTACACAAACCAGG_002,72
TGCTATGTACACAAACCAGG_003,107
TGCTATGTACACAAACCAGG_004,17
TGCTATGTACACAAACCAGG_005,101
TGCTATGTACACAAACCAGG_006,174
TGCTATGTACACAAACCAGG_007,174
TGCTATGTACACAAACCAGG_008,7
TGCTATGTACACAAACCAGG_009,1
TGCTATGTACACAAACCAGG_010,54
TGCTATGTACACAAACCAGG_011,188
TGCTATGTACACAAACCAGG_012,34
TGCTATGTACACAAACCAGG_013,108
TGCTATGTACACAAACCAGG_014,138
TGCTATGTACACAAACCAGG_015,47
GCCATCCTTGAACCAACGGT_001,62
GCCATCCTTGAACCAACGGT_002,151
GCCATCCTTGAACCAACGGT_003,7
GCCATCCTTGAACCAACGGT_004,130
GCCATCCTTGAACCAACGGT_005,108
GCCATCCTTGAACCAACGGT_006,90
GCCATCCTTGAACCAACGGT_007,83
GCCATCCTTGAACCAACGGT_008,122
GCCATCCTTGAACCAACGGT_009,194
GCCATCCTTGAACCAACGGT_010,54
GCCATCCTTGAACCAACGGT_011,154
GCCATCCTTGAACCAACGGT_012,84
GCCATCCTTGAACCAACGGT_013,156
GCCATCCTTGAACCAACGGT_014,185
GCCATCCTTGAACCAACGGT_015,131
AAACTGCATCAAGCTACATG_001,104
AAACTGCATCAAGCTACATG_002,68
AAACTGCATCAAGCTACATG_003,131
GCACAACCAGTGGAGGCAAG_001,30
GCACAACCAGTGGAGGCAAG_002,169
GCACAACCAGTGGAGGCAAG_003,105
GCACAACCAGTGGAGGCAAG_004,113
GCACAACCAGTGGAGGCAAG_005,150
GCACAACCAGTGGAGGCAAG_006,34
GCACAACCAGTGGAGGCAAG_007,98
GCACAACCAGTGGAGGCAAG_008,104
GCACAACCAGTGGAGGCAAG_009,101
GCACAACCAGTGGAGGCAAG_010,94
GCACAACCAGTGGAGGCAAG_011,197
GCACAACCAGTGGAGGCAAG_012,101
CCACCGTCTGAAGAAGACGT_001,166
CCACCGTCTGAAGAAGACGT_002,17
CCACCGTCTGAAGAAGACGT_003,182
CCACCGTCTGAAGAAGACGT_004,78
CCACCGTCTGAAGAAGACGT_005,110
CCACCGTCTGAAGAAGACGT_006,142
GTGATGGATCTGTCAGAGTG_001,182
GTGATGGATCTGTCAGAGTG_002,19
CCCCATCGTAGACCAGACAC_001,70
CCCCATCGTAGACCAGACAC_002,29
CCCCATCGTAGACCAGACAC_003,65
CCCCATCGTAGACCAGACAC_004,148
CCCCATCGTAGACCAGACAC_005,166
CCCCATCGTAGACCAGACAC_006,125
CCCCATCGTAGACCAGACAC_007,185
CCCCATCGTAGACCAGACAC_008,169
CCCCATCGTAGACCAGACAC_009,162
CCCCATCGTAGACCAGACAC_010,70
CCCCATCGTAGACCAGACAC_011,170
CCCCATCGTAGACCAGACAC_012,11
GGCTTGTGGATCCCTCACAG_001,4
GGCTTGTGGATCCCTCACAG_002,53
GGCTTGTGGATCCCTCACAG_003,32
GGCTTGTGGATCCCTCACAG_004,150
GGCTTGTGGATCCCTCACAG_005,149
GGCTTGTGGATCCCTCACAG_006,62
GGCTTGTGGATCCCTCACAG_007,160
GGCTTGTGGATCCCTCACAG_008,84
GGCTTGTGGATCCCTCACAG_009,85
GGCTTGTGGATCCCTCACAG_010,60
GGCTTGTGGATCCCTCACAG_011,174
GGCTTGTGGATCCCTCACAG_012,45
GGCTTGTGGATCCCTCACAG_013,49
TGAAAACCTACGCGGAGTCG_001,122
TGAAAACCTACGCGGAGTCG_002,49
TGAAAACCTACGCGGAGTCG_003,105
TGAAAACCTACGCGGAGTCG_004,0
TGAAAACCTACGCGGAGTCG_005,35
TGAAAACCTACGCGGAGTCG_006,30
TGAAAACCTACGCGGAGTCG_007,6
TGAAAACCTACGCGGAGTCG_008,3
GAAAAGTATGATAAGTAACC_001,19
CTAGGCAAGAAAAATCTCGT_001,58
CTAGGCAAGAAAAATCTCGT_002,16
CTAGGCAAGAAAAATCTCGT_003,103
CTAGGCAAGAAAAATCTCGT_004,194
CTAGGCAAGAAAAATCTCGT_005,17
CTAGGCAAGAAAAATCTCGT_006,92
CTAGGCAAGAAAAATCTCGT_007,141
CTAGGCAAGAAAAATCTCGT_008,29
CTAGGCAAGAAAAATCTCGT_009,43
GTGGTACCTACACTCCCAGA_001,105
GTGGTACCTACACTCCCAGA_002,161
GTGGTACCTACACTCCCAGA_003,41
GTGGTACCTACACTCCCAGA_004,1
GAGTCGGAGCTCATATAACT_001,95
GAGTCGGAGCTCATATAACT_002,139
GAGTCGGAGCTCATATAACT_003,181
GAGTCGGAGCTCATATAACT_004,156
GAGTCGGAGCTCATATAACT_005,28
TTTAGCATCACTGCAACGTA_001,29
TTTAGCATCACTGCAACGTA_002,194
TTTAGCATCACTGCAACGTA_003,15
TTTAGCATCACTGCAACGTA_004,28
TTTAGCATCACTGCAACGTA_005,94
GGCGACAGTAGTGACTGTGA_001,175
GGCGACAGTAGTGACTGTGA_002,188
GGCGACAGTAGTGACTGTGA_003,182
GGCGACAGTAGTGACTGTGA_004,81
GGCGACAGTAGTGACTGTGA_005,102
GGCGACAGTAGTGACTGTGA_006,88
GGCGACAGTAGTGACTGTGA_007,9
GGCGACAGTAGTGACTGTGA_008,144
GGCGACAGTAGTGACTGTGA_009,66
GGCGACAGTAGTGACTGTGA_010,7
GGCGACAGTAGTGACTGTGA_011,130
GGCGACAGTAGTGACTGTGA_012,188
GAAACTACACAAGGACCGGT_001,134
GAAACTACACAAGGACCGGT_002,120
GAAACTACACAAGGACCGGT_003,62
GAAACTACACAAGGACCGGT_004,197
GAAACTACACAAGGACCGGT_005,147
GAAACTACACAAGGACCGGT_006,129
GCCCCCGACGCGCTCCAACG_001,102
GCCCCCGACGCGCTCCAACG_002,183
GCCCCCGACGCGCTCCAACG_003,58
GCCCCCGACGCGCTCCAACG_004,154
GCCCCCGACGCGCTCCAACG_005,195
GCCCCCGACGCGCTCCAACG_006,6
GCCCCCGACGCGCTCCAACG_007,80
GCCCCCGACGCGCTCCAACG_008,129
GCCCCCGACGCGCTCCAACG_009,78
GCCCCCGACGCGCTCCAACG_010,58
GCCCCCGACGCGCTCCAACG_011,183
GCCCCCGACGCGCTCCAACG_012,70
GCCCCCGACGCGCTCCAACG_013,168
GCCCCCGACGCGCTCCAACG_014,172
GCCCCCGACGCGCTCCAACG_015,2
GCCCCCGACGCGCTCCAACG_016,107
GCCCCCGACGCGCTCCAACG_017,21
GCCCCCGACGCGCTCCAACG_018,181
GCCCCCGACGCGCTCCAACG_019,140
GCCCCCGACGCGCTCCAACG_020,140
GCCCCCGACGCGCTCCAACG_021,15
GCCCCCGACGCGCTCCAACG_022,41
GCCCCCGACGCGCTCCAACG_023,148
GCCCCCGACGCGCTCCAACG_024,49
GCCCCCGACGCGCTCCAACG_025,198
GCCCCCGACGCGCTCCAACG_026,186
GCCCCCGACGCGCTCCAACG_027,67
GCCCCCGACGCGCTCCAACG_028,112
AGGACATTCCGTTAATGGTG_001,165
AGGACATTCCGTTAATGGTG_002,26
AGGACATTCCGTTAATGGTG_003,155
AGGACATTCCGTTAATGGTG_004,184
AGGACATTCCGTTAATGGTG_005,72
AGGACATTCCGTTAATGGTG_006,148
AGGACATTCCGTTAATGGTG_007,49
AGGACATTCCGTTAATGGTG_008,165
AGGACATTCCGTTAATGGTG_009,40
TGTGGGATTATGTTGCACGC_001,2
TGTGGGATTATGTTGCACGC_002,94
ATCTCGAGGAAGTTGCTGGG_001,115
ATCTCGAGGAAGTTGCTGGG_002,34
ATCTCGAGGAAGTTGCTGGG_003,157
ATCTCGAGGAAGTTGCTGGG_004,50
ATCTCGAGGAAGTTGCTGGG_005,161
ATCTCGAGGAAGTTGCTGGG_006,144
ATCTCGAGGAAGTTGCTGGG_007,15
ATCTCGAGGAAGTTGCTGGG_008,185
ATCTCGAGGAAGTTGCTGGG_009,176
ATCTCGAGGAAGTTGCTGGG_010,47
ATCTCGAGGAAGTTGCTGGG_011,159
ATCTCGAGGAAGTTGCTGGG_012,54
ATCTCGAGGAAGTTGCTGGG_013,127
ATCTCGAGGAAGTTGCTGGG_014,39
ATCTCGAGGAAGTTGCTGGG_015,26
ATCTCGAGGAAGTTGCTGGG_016,8
ATCTCGAGGAAGTTGCTGGG_017,52
ATCTCGAGGAAGTTGCTGGG_018,16
ATCTCGAGGAAGTTGCTGGG_019,186
ATCTCGAGGAAGTTGCTGGG_020,182
ATCTCGAGGAAGTTGCTGGG_021,79
ATCTCGAGGAAGTTGCTGGG_022,8
ATCTCGAGGAAGTTGCTGGG_023,95
ATCTCGAGGAAGTTGCTGGG_024,188
ATCTCGAGGAAGTTGCTGGG_025,153
ATCTCGAGGAAGTTGCTGGG_026,181
ATCTCGAGGAAGTTGCTGGG_027,188
ATCTCGAGGAAGTTGCTGGG_028,43
ATCTCGAGGAAGTTGCTGGG_029,115
ATCTCGAGGAAGTTGCTGGG_030,134
ATCTCGAGGAAGTTGCTGGG_031,53
ATCTCGAGGAAGTTGCTGGG_032,150
ATCTCGAGGAAGTTGCTGGG_033,49
ATCTCGAGGAAGTTGCTGGG_034,16
ATCTCGAGGAAGTTGCTGGG_035,102
ATCTCGAGGAAGTTGCTGGG_036,105
ATCTCGAGGAAGTTGCTGGG_037,145
ATCTCGAGGAAGTTGCTGGG_038,199
ATCTCGAGGAAGTTGCTGGG_039,185
ATCTCGAGGAAGTTGCTGGG_040,50
ATCTCGAGGAAGTTGCTGGG_041,163
ATCTCGAGGAAGTTGCTGGG_042,72
ATCTCGAGGAAGTTGCTGGG_043,49
ATCTCGAGGAAGTTGCTGGG_044,137
ATCTCGAGGAAGTTGCTGGG_045,140
ATCTCGAGGAAGTTGCTGGG_046,19
ATCTCGAGGAAGTTGCTGGG_047,113
ATCTCGAGGAAGTTGCTGGG_048,197
ATCTCGAGGAAGTTGCTGGG_049,10
ATCTCGAGGAAGTTGCTGGG_050,46
ATCTCGAGGAAGTTGCTGGG_051,137
ATCTCGAGGAAGTTGCTGGG_052,77
ATCTCGAGGAAGTTGCTGGG_053,62
ATCTCGAGGAAGTTGCTGGG_054,98
ATCTCGAGGAAGTTGCTGGG_055,88
ATCTCGAGGAAGTTGCTGGG_056,170
CCCAGCGTCTACGACGAGAG_001,35
CCCAGCGTCTACGACGAGAG_002,41
CCCAGCGTCTACGACGAGAG_003,145
CCCAGCGTCTACGACGAGAG_004,77
CCCAGCGTCTACGACGAGAG_005,184
AATGAATACTACACTGAACT_001,34
AATGAATACTACACTGAACT_002,103
AATGAATACTACACTGAACT_003,46
AATGAATACTACACTGAACT_004,118
AATGAATACTACACTGAACT_005,63
CTTGTTGATACAGGGTTGTG_001,115
CTTGTTGATACAGGGTTGTG_002,148
CTTGTTGATACAGGGTTGTG_003,148
CTTGTTGATACAGGGTTGTG_004,175
CTTGTTGATACAGGGTTGTG_005,49
CTTGTTGATACAGGGTTGTG_006,66
CTTGTTGATACAGGGTTGTG_007,22
CCACACTCAGGTGATCGAGT_001,2
CCACACTCAGGTGATCGAGT_002,127
CCACACTCAGGTGATCGAGT_003,170
CCACACTCAGGTGATCGAGT_004,75
CCACACTCAGGTGATCGAGT_005,117
CCACACTCAGGTGATCGAGT_006,82
CCACACTCAGGTGATCGAGT_007,17
CCACACTCAGGTGATCGAGT_008,168
ATCACGCCGGTGACAGCCAG_001,112
ATCACGCCGGTGACAGCCAG_002,19
ATCACGCCGGTGACAGCCAG_003,148
ATCACGCCGGTGACAGCCAG_004,147
ATCACGCCGGTGACAGCCAG_005,199
ATCACGCCGGTGACAGCCAG_006,127
TGGACACGTGGAAGTTGCCG_001,144
GCTCATGGCAAGAAAGTGCT_001,118
GCTCATGGCAAGAAAGTGCT_002,8
GCTCATGGCAAGAAAGTGCT_003,175
GCTCATGGCAAGAAAGTGCT_004,174
GCTCATGGCAAGAAAGTGCT_005,164
GCTCATGGCAAGAAAGTGCT_006,164
GCTCATGGCAAGAAAGTGCT_007,88
GCTCATGGCAAGAAAGTGCT_008,66
GCTCATGGCAAGAAAGTGCT_009,180
GCTCATGGCAAGAAAGTGCT_010,78
GCTCATGGCAAGAAAGTGCT_011,197
GCTCATGGCAAGAAAGTGCT_012,59
GCTCATGGCAAGAAAGTGCT_013,170
GCTCATGGCAAGAAAGTGCT_014,10
GCTCATGGCAAGAAAGTGCT_015,199
GCTCATGGCAAGAAAGTGCT_016,41
GCTCATGGCAAGAAAGTGCT_017,56
GCTCATGGCAAGAAAGTGCT_018,117
TTTGGCTCTGTGCGAAACAG_001,163
TTTGGCTCTGTGCGAAACAG_002,183
TTTGGCTCTGTGCGAAACAG_003,61
TTTGGCTCTGTGCGAAACAG_004,115
TTTGGCTCTGTGCGAAACAG_005,72
TTTGGCTCTGTGCGAAACAG_006,104
TTTGGCTCTGTGCGAAACAG_007,150
GAGGATTCAGATGACTACGA_001,110
GAGGATTCAGATGACTACGA_002,193
GAGGATTCAGATGACTACGA_003,179
GAGGATTCAGATGACTACGA_004,148
GAGGATTCAGATGACTACGA_005,199
GAGGATTCAGATGACTACGA_006,159
GAGGATTCAGATGACTACGA_007,170
CGAAGATGTCCCATACACAG_001,175
CGAAGATGTCCCATACACAG_002,83
CGAAGATGTCCCATACACAG_003,24
CGAAGATGTCCCATACACAG_004,2
TCAGACTTAATAGTCCGCGT_001,153
TCAACTGCTAAAAAGCTCGC_001,68
TCAACTGCTAAAAAGCTCGC_002,199
TCAACTGCTAAAAAGCTCGC_003,75
TCAACTGCTAAAAAGCTCGC_004,76
TCAACTGCTAAAAAGCTCGC_005,191
TCAACTGCTAAAAAGCTCGC_006,20
TCAACTGCTAAAAAGCTCGC_007,188
TCAACTGCTAAAAAGCTCGC_008,188
GGAAGAGAGCAGCTCCAGTG_001,15
GGAAGAGAGCAGCTCCAGTG_002,165
GGAAGAGAGCAGCTCCAGTG_003,140
GGAAGAGAGCAGCTCCAGTG_004,150
GGAAGAGAGCAGCTCCAGTG_005,188
GGAAGAGAGCAGCTCCAGTG_006,91
GCAGCGAGCAGAGAATAGAG_001,15
GCAGCGAGCAGAGAATAGAG_002,15
CATGGAAACACACTCCACGA_001,137
CATGGAAACACACTCCACGA_002,88
CATGGAAACACACTCCACGA_003,78
CATGGAAACACACTCCACGA_004,33
CATGGAAACACACTCCACGA_005,21
CATGGAAACACACTCCACGA_006,100
CATGGAAACACACTCCACGA_007,41
CATGGAAACACACTCCACGA_008,58
CATGGAAACACACTCCACGA_009,84
CATGGAAACACACTCCACGA_010,56
CATGGAAACACACTCCACGA_011,29
GCACTTGTGTGTCACTAGAG_001,132
GCACTTGTGTGTCACTAGAG_002,164
GCACTTGTGTGTCACTAGAG_003,172
GCACTTGTGTGTCACTAGAG_004,17
GCACTTGTGTGTCACTAGAG_005,108
GCACTTGTGTGTCACTAGAG_006,36
GCACTTGTGTGTCACTAGAG_007,138
GCACTTGTGTGTCACTAGAG_008,106
GCACTTGTGTGTCACTAGAG_009,91
GGCACTGTGAGCCGCTACCA_001,26
GGCACTGTGAGCCGCTACCA_002,2
GGCACTGTGAGCCGCTACCA_003,162
GGCACTGTGAGCCGCTACCA_004,175
GGCACTGTGAGCCGCTACCA_005,175
GGCACTGTGAGCCGCTACCA_006,199
GGCACTGTGAGCCGCTACCA_007,49
GGCACTGTGAGCCGCTACCA_008,179
GGCACTGTGAGCCGCTACCA_009,22
GGCACTGTGAGCCGCTACCA_010,137
GGCACTGTGAGCCGCTACCA_011,40
GGCACTGTGAGCCGCTACCA_012,141
GGCACTGTGAGCCGCTACCA_013,70
GGCACTGTGAGCCGCTACCA_014,105
GGCACTGTGAGCCGCTACCA_015,58
GGCACTGTGAGCCGCTACCA_016,69
GGCACTGTGAGCCGCTACCA_017,141
GGCACTGTGAGCCGCTACCA_018,190
GGCACTGTGAGCCGCTACCA_019,81
GGCACTGTGAGCCGCTACCA_020,56
GGCACTGTGAGCCGCTACCA_021,26
GGCACTGTGAGCCGCTACCA_022,48
TGTGGTCTCTGATTGCATGG_001,162
TGTGGTCTCTGATTGCATGG_002,182
TGTGGTCTCTGATTGCATGG_003,78
TGTGGTCTCTGATTGCATGG_004,40
TGTGGTCTCTGATTGCATGG_005,15
TGTGGTCTCTGATTGCATGG_006,102
GTCATCGTATGACTTATCCC_001,196
GTCATCGTATGACTTATCCC_002,196
TGAACCAAGAATTCAACAAG_001,102
TGAACCAAGAATTCAACAAG_002,133
TGAACCAAGAATTCAACAAG_003,94
TGAACCAAGAATTCAACAAG_004,29
TGAACCAAGAATTCAACAAG_005,141
TGAACCAAGAATTCAACAAG_006,2
TGAACCAAGAATTCAACAAG_007,30
TGAACCAAGAATTCAACAAG_008,148
TGAACCAAGAATTCAACAAG_009,145
TGAACCAAGAATTCAACAAG_010,144
TGAACCAAGAATTCAACAAG_011,67
AGAGATAGTCTATACGTCGA_001,127
AGAGATAGTCTATACGTCGA_002,121
AGAGATAGTCTATACGTCGA_003,28
AGAGATAGTCTATACGTCGA_004,48
CAAAGTCGGTCAGTTTGATG_001,21
CAAAGTCGGTCAGTTTGATG_002,55
CAAAGTCGGTCAGTTTGATG_003,172
CAAAGTCGGTCAGTTTGATG_004,28
CAAAGTCGGTCAGTTTGATG_005,168
CAAAGTCGGTCAGTTTGATG_006,90
CAAAGTCGGTCAGTTTGATG_007,168
CAAAGTCGGTCAGTTTGATG_008,78
CAAAGTCGGTCAGTTTGATG_009,100
CAAAGTCGGTCAGTTTGATG_010,182
CAAAGTCGGTCAGTTTGATG_011,166
CAAAGTCGGTCAGTTTGATG_012,42
CAAAGTCGGTCAGTTTGATG_013,104
TTATATCGGAGATTCCATCA_001,140
TTATATCGGAGATTCCATCA_002,60
TTATATCGGAGATTCCATCA_003,150
TATGCAAGCTCACATCACAT_001,76
TATGCAAGCTCACATCACAT_002,48
TATGCAAGCTCACATCACAT_003,142
TATGCAAGCTCACATCACAT_004,138
AGTACCTGAACCCACCACAG_001,184
AGTACCTGAACCCACCACAG_002,24
AGTACCTGAACCCACCACAG_003,72
AGTACCTGAACCCACCACAG_004,42
AGTACCTGAACCCACCACAG_005,41
AGTACCTGAACCCACCACAG_006,171
AGTACCTGAACCCACCACAG_007,194
AGTACCTGAACCCACCACAG_008,53
AGTACCTGAACCCACCACAG_009,38
AGTACCTGAACCCACCACAG_010,132
AGTACCTGAACCCACCACAG_011,134
AGTACCTGAACCCACCACAG_012,27
AGTACCTGAACCCACCACAG_013,168
AGTACCTGAACCCACCACAG_014,64
AGTACCTGAACCCACCACAG_015,19
AGTACCTGAACCCACCACAG_016,129
AGTACCTGAACCCACCACAG_017,152
AGTACCTGAACCCACCACAG_018,149
AGTACCTGAACCCACCACAG_019,57
AGTACCTGAACCCACCACAG_020,191
AGTACCTGAACCCACCACAG_021,43
AGTACCTGAACCCACCACAG_022,35
AGTACCTGAACCCACCACAG_023,150
AGTACCTGAACCCACCACAG_024,52
AGTACCTGAACCCACCACAG_025,52
AGTACCTGAACCCACCACAG_026,179
AGTACCTGAACCCACCACAG_027,14
AGTACCTGAACCCACCACAG_028,74
AGTACCTGAACCCACCACAG_029,178
AGTACCTGAACCCACCACAG_030,162
AGTACCTGAACCCACCACAG_031,192
AGTACCTGAACCCACCACAG_032,9
AGTACCTGAACCCACCACAG_033,16
AGTACCTGAACCCACCACAG_034,8
AGTACCTGAACCCACCACAG_035,16
AGTACCTGAACCCACCACAG_036,189
AGTACCTGAACCCACCACAG_037,153
AGTACCTGAACCCACCACAG_038,181
AGTACCTGAACCCACCACAG_039,116
AGTACCTGAACCCACCACAG_040,141
AGTACCTGAACCCACCACAG_041,49
AGTACCTGAACCCACCACAG_042,118
AGTACCTGAACCCACCACAG_043,152
AGTACCTGAACCCACCACAG_044,3
AGTACCTGAACCCACCACAG_045,2
CAGTGTATAATAACATCATG_001,0
CAGTGTATAATAACATCATG_002,175
CAGTGTATAATAACATCATG_003,115
CAGTGTATAATAACATCATG_004,17
CAGTGTATAATAACATCATG_005,145
CAGTGTATAATAACATCATG_006,9
CAGTGTATAATAACATCATG_007,175
CAGTGTATAATAACATCATG_008,81
CTACCGGCAGTTCATAGAGA_001,197
CTACCGGCAGTTCATAGAGA_002,1
CTACCGGCAGTTCATAGAGA_003,98
CTACCGGCAGTTCATAGAGA_004,162
CTACCGGCAGTTCATAGAGA_005,16
CTACCGGCAGTTCATAGAGA_006,198
CTACCGGCAGTTCATAGAGA_007,61
CTACCGGCAGTTCATAGAGA_008,33
GAATAACCAAATGCAGCGGA_001,159
GAATAACCAAATGCAGCGGA_002,195
GAATAACCAAATGCAGCGGA_003,30
GAATAACCAAATGCAGCGGA_004,50
GTGTTCCTTCCGTTGCTGCG_001,160
GTGTTCCTTCCGTTGCTGCG_002,48
GTGTTCCTTCCGTTGCTGCG_003,127
GTGTTCCTTCCGTTGCTGCG_004,100
GTGTTCCTTCCGTTGCTGCG_005,57
GTGTTCCTTCCGTTGCTGCG_006,70
GTGTTCCTTCCGTTGCTGCG_007,1
GTGTTCCTTCCGTTGCTGCG_008,66
TCCCGGAGGCCCATCAAGGT_001,76
GAGCGCGACACAGAAAATGA_001,11
GAGCGCGACACAGAAAATGA_002,191
GAGCGCGACACAGAAAATGA_003,29
GAGCGCGACACAGAAAATGA_004,70
GAGCGCGACACAGAAAATGA_005,127
GAGCGCGACACAGAAAATGA_006,105
GAGCGCGACACAGAAAATGA_007,141
GAGCGCGACACAGAAAATGA_008,139
GAGCGCGACACAGAAAATGA_009,71
GAGCGCGACACAGAAAATGA_010,17
GAGCGCGACACAGAAAATGA_011,69
GAGCGCGACACAGAAAATGA_012,53
GAGCGCGACACAGAAAATGA_013,182
GAGCGCGACACAGAAAATGA_014,113
GGTGCTGGACCATCGAGACA_001,174
GGTGCTGGACCATCGAGACA_002,112
GGTGCTGGACCATCGAGACA_003,137
GGTGCTGGACCATCGAGACA_004,137
GGTGCTGGACCATCGAGACA_005,4
GGTGCTGGACCATCGAGACA_006,101
TTGAATGAATGGCCACACGA_001,142
TTGAATGAATGGCCACACGA_002,0
TTGAATGAATGGCCACACGA_003,84
TTGAATGAATGGCCACACGA_004,94
TTGAATGAATGGCCACACGA_005,103
TTGAATGAATGGCCACACGA_006,14
TTGAATGAATGGCCACACGA_007,8
TTGAATGAATGGCCACACGA_008,140
TTGAATGAATGGCCACACGA_009,160
TTGAATGAATGGCCACACGA_010,159
TTGAATGAATGGCCACACGA_011,39
TTGAATGAATGGCCACACGA_012,90
TTGAATGAATGGCCACACGA_013,28
TTGAATGAATGGCCACACGA_014,47
TGAGGACCAAAAGCTCACTC_001,8
TGAGGACCAAAAGCTCACTC_002,103
TGAGGACCAAAAGCTCACTC_003,192
TGAGGACCAAAAGCTCACTC_004,179
TGAGGACCAAAAGCTCACTC_005,94
TGAGGACCAAAAGCTCACTC_006,106
TGAGGACCAAAAGCTCACTC_007,100
TGAGGACCAAAAGCTCACTC_008,152
TGAGGACCAAAAGCTCACTC_009,104
AGCCCGGAGGAACATTCCAA_001,183
AGCCCGGAGGAACATTCCAA_002,45
AGCCCGGAGGAACATTCCAA_003,10
AGCCCGGAGGAACATTCCAA_004,124
AGCCCGGAGGAACATTCCAA_005,81
AAGACACCACATGTCGATGT_001,106
AAGACACCACATGTCGATGT_002,60
AAGACACCACATGTCGATGT_003,121
CACTAAAGCCCAGAAGAATG_001,174
CACTAAAGCCCAGAAGAATG_002,154
CACTAAAGCCCAGAAGAATG_003,74
CACTAAAGCCCAGAAGAATG_004,198
CATCCAGCACCCATGCGAAG_001,150
CATCCAGCACCCATGCGAAG_002,160
CATCCAGCACCCATGCGAAG_003,129
CATCCAGCACCCATGCGAAG_004,158
CATCCAGCACCCATGCGAAG_005,30
GAGCTGAGAACTACCGAACG_001,140
GAGCTGAGAACTACCGAACG_002,81
GAGCTGAGAACTACCGAACG_003,154
GAGCTGAGAACTACCGAACG_004,144
GAGCTGAGAACTACCGAACG_005,199
GAGCTGAGAACTACCGAACG_006,184
GAGCTGAGAACTACCGAACG_007,199
GAGCTGAGAACTACCGAACG_008,36
GAGCTGAGAACTACCGAACG_009,155
GAGCTGAGAACTACCGAACG_010,148
GAGCTGAGAACTACCGAACG_011,177
GAGCTGAGAACTACCGAACG_012,152
GAGCTGAGAACTACCGAACG_013,0
CAGACACTCGGTCAGGACGT_001,169
CAGACACTCGGTCAGGACGT_002,48
CAGACACTCGGTCAGGACGT_003,127
CAGACACTCGGTCAGGACGT_004,8
CAGACACTCGGTCAGGACGT_005,149
CAGACACTCGGTCAGGACGT_006,171
CAGACACTCGGTCAGGACGT_007,7
CAGACACTCGGTCAGGACGT_008,177
CAGACACTCGGTCAGGACGT_009,105
CAGACACTCGGTCAGGACGT_010,156
CAGACACTCGGTCAGGACGT_011,76
CAGACACTCGGTCAGGACGT_012,115
CAGACACTCGGTCAGGACGT_013,115
CAGACACTCGGTCAGGACGT_014,195
CAGACACTCGGTCAGGACGT_015,190
CAGACACTCGGTCAGGACGT_016,60
CAGACACTCGGTCAGGACGT_017,121
CAGACACTCGGTCAGGACGT_018,116
CAGACACTCGGTCAGGACGT_019,12
CAGACACTCGGTCAGGACGT_020,182
CAGACACTCGGTCAGGACGT_021,94
CAGACACTCGGTCAGGACGT_022,28
CAGACACTCGGTCAGGACGT_023,21
GAAAGTAGGAGACAAGTGTA_001,142
GAAAGTAGGAGACAAGTGTA_002,102
GAAAGTAGGAGACAAGTGTA_003,10
GAAAGTAGGAGACAAGTGTA_004,15
GAAAGTAGGAGACAAGTGTA_005,85
GAAAGTAGGAGACAAGTGTA_006,137
GAAAGTAGGAGACAAGTGTA_007,112
GAAAGTAGGAGACAAGTGTA_008,153
GAAAGTAGGAGACAAGTGTA_009,197
GAAAGTAGGAGACAAGTGTA_010,62
GAAAGTAGGAGACAAGTGTA_011,109
ACATCAAGATGACACACCAG_001,96
ACATCAAGATGACACACCAG_002,146
ACATCAAGATGACACACCAG_003,170
ACATCAAGATGACACACCAG_004,26
ACATCAAGATGACACACCAG_005,144
ACATCAAGATGACACACCAG_006,100
ACATCAAGATGACACACCAG_007,145
ACATCAAGATGACACACCAG_008,155
ACATCAAGATGACACACCAG_009,61
ACATCAAGATGACACACCAG_010,145
ACATCAAGATGACACACCAG_011,108
ACATCAAGATGACACACCAG_012,154
ACATCAAGATGACACACCAG_013,9
ACATCAAGATGACACACCAG_014,83
ACATCAAGATGACACACCAG_015,12
ACATCAAGATGACACACCAG_016,161
ACATCAAGATGACACACCAG_017,2
ACATCAAGATGACACACCAG_018,186
ACATCAAGATGACACACCAG_019,197
ACATCAAGATGACACACCAG_020,81
ACATCAAGATGACACACCAG_021,8
ACATCAAGATGACACACCAG_022,188
ACATCAAGATGACACACCAG_023,148
ACATCAAGATGACACACCAG_024,165
ATGGTCATGACTCTCCCTTG_001,60
ATGGTCATGACTCTCCCTTG_002,70
ATGGTCATGACTCTCCCTTG_003,133
ATGGTCATGACTCTCCCTTG_004,11
CATGCAATGAATTCTACACC_001,41
CATGCAATGAATTCTACACC_002,198
CATGCAATGAATTCTACACC_003,198
CATGCAATGAATTCTACACC_004,146
CATGCAATGAATTCTACACC_005,57
CATGCAATGAATTCTACACC_006,198
CATGCAATGAATTCTACACC_007,22
ACTTACCTGTAGTCTGCCTG_001,157
ACTTACCTGTAGTCTGCCTG_002,133
ACTTACCTGTAGTCTGCCTG_003,78
ACTTACCTGTAGTCTGCCTG_004,28
ACTTACCTGTAGTCTGCCTG_005,70
ACTTACCTGTAGTCTGCCTG_006,49
ACTTACCTGTAGTCTGCCTG_007,125
ACTTACCTGTAGTCTGCCTG_008,34
ACTTACCTGTAGTCTGCCTG_009,87
ACTTACCTGTAGTCTGCCTG_010,62
ACTTACCTGTAGTCTGCCTG_011,59
ACTTACCTGTAGTCTGCCTG_012,9
ACTTACCTGTAGTCTGCCTG_013,139
ACTTACCTGTAGTCTGCCTG_014,199
ACTTACCTGTAGTCTGCCTG_015,51
ACTTACCTGTAGTCTGCCTG_016,160
ACTTACCTGTAGTCTGCCTG_017,48
ACTTACCTGTAGTCTGCCTG_018,121
ACTTACCTGTAGTCTGCCTG_019,119
ACTTACCTGTAGTCTGCCTG_020,39
ACTTACCTGTAGTCTGCCTG_021,28
ACTTACCTGTAGTCTGCCTG_022,20
GGGCCATGGCGTGTCCTACG_001,102
GGGCCATGGCGTGTCCTACG_002,199
GGGCCATGGCGTGTCCTACG_003,196
GGGCCATGGCGTGTCCTACG_004,50
GGGCCATGGCGTGTCCTACG_005,110
GGGCCATGGCGTGTCCTACG_006,19
GGGCCATGGCGTGTCCTACG_007,94
GGGCCATGGCGTGTCCTACG_008,61
GGGCCATGGCGTGTCCTACG_009,159
GGGCCATGGCGTGTCCTACG_010,164
GGGCCATGGCGTGTCCTACG_011,164
GGGCCATGGCGTGTCCTACG_012,6
GGGCCATGGCGTGTCCTACG_013,177
AAGTAGTTACCATTGGAGGG_001,163
AAGTAGTTACCATTGGAGGG_002,158
AAGTAGTTACCATTGGAGGG_003,195
AAGTAGTTACCATTGGAGGG_004,122
AAGTAGTTACCATTGGAGGG_005,63
AAGTAGTTACCATTGGAGGG_006,175
AAGTAGTTACCATTGGAGGG_007,20
AAGTAGTTACCATTGGAGGG_008,57
ATATGAACAATGCTGTAAAG_001,104
GCGGGGCAGAAGGATTCACT_001,1
GCGGGGCAGAAGGATTCACT_002,53
TGGACCACGAAGAGTTAACC_001,24
TGGACCACGAAGAGTTAACC_002,42
CCACATACACGGCAGATTTG_001,60
CCACATACACGGCAGATTTG_002,15
CCACATACACGGCAGATTTG_003,10
CCACATACACGGCAGATTTG_004,137
CCACATACACGGCAGATTTG_005,172
CCACATACACGGCAGATTTG_006,108
CCACATACACGGCAGATTTG_007,17
CCACATACACGGCAGATTTG_008,62
CCACATACACGGCAGATTTG_009,33
CCACATACACGGCAGATTTG_010,156
CCACATACACGGCAGATTTG_011,16
CCACATACACGGCAGATTTG_012,43
CCACATACACGGCAGATTTG_013,183
CCACATACACGGCAGATTTG_014,52
CCACATACACGGCAGATTTG_015,21
CCACATACACGGCAGATTTG_016,31
CCACATACACGGCAGATTTG_017,48
CCACATACACGGCAGATTTG_018,118
CCACATACACGGCAGATTTG_019,191
CCAGTGACCAACTTTCAAGT_001,172
CCAGTGACCAACTTTCAAGT_002,78
CCAGTGACCAACTTTCAAGT_003,114
CCAGTGACCAACTTTCAAGT_004,114
CCAGTGACCAACTTTCAAGT_005,2
CCAGTGACCAACTTTCAAGT_006,40
CCAGTGACCAACTTTCAAGT_007,146
CCAGTGACCAACTTTCAAGT_008,147
CCAGTGACCAACTTTCAAGT_009,94
CCAGTGACCAACTTTCAAGT_010,29
CCAGTGACCAACTTTCAAGT_011,116
CATGATGCCAGTGCACAGTG_001,151
CATGATGCCAGTGCACAGTG_002,119
CATGATGCCAGTGCACAGTG_003,70
CATGATGCCAGTGCACAGTG_004,26
CATGATGCCAGTGCACAGTG_005,169
CATGATGCCAGTGCACAGTG_006,129
CATGATGCCAGTGCACAGTG_007,56
CATGATGCCAGTGCACAGTG_008,96
CATGATGCCAGTGCACAGTG_009,67
CATGATGCCAGTGCACAGTG_010,166
CATGATGCCAGTGCACAGTG_011,60
GCTTAGACTATTCATACGCT_001,68
GCTTAGACTATTCATACGCT_002,187
GCTTAGACTATTCATACGCT_003,158
GCTTAGACTATTCATACGCT_004,191
GCTTAGACTATTCATACGCT_005,98
GCTTAGACTATTCATACGCT_006,127
GCTTAGACTATTCATACGCT_007,32
GCTTAGACTATTCATACGCT_008,6
GCTTAGACTATTCATACGCT_009,97
GCTTAGACTATTCATACGCT_010,114
GCTTAGACTATTCATACGCT_011,146
GCTTAGACTATTCATACGCT_012,172
GCTTAGACTATTCATACGCT_013,172
GCTTAGACTATTCATACGCT_014,137
CCCCGGGTCAGAGTCCAACA_001,105
CCCCGGGTCAGAGTCCAACA_002,78
CCCCGGGTCAGAGTCCAACA_003,34
CCCCGGGTCAGAGTCCAACA_004,8
CCCCGGGTCAGAGTCCAACA_005,181
CCCCGGGTCAGAGTCCAACA_006,34
CCCCGGGTCAGAGTCCAACA_007,5
CCCCGGGTCAGAGTCCAACA_008,94
CCCCGGGTCAGAGTCCAACA_009,23
CCCCGGGTCAGAGTCCAACA_010,48
CCCCGGGTCAGAGTCCAACA_011,175
CCCCGGGTCAGAGTCCAACA_012,124
CCCCGGGTCAGAGTCCAACA_013,178
CTCAGTGGATCGGAATCGTG_001,190
CTCAGTGGATCGGAATCGTG_002,177
CTCAGTGGATCGGAATCGTG_003,169
CTCAGTGGATCGGAATCGTG_004,192
CTCAGTGGATCGGAATCGTG_005,58
CTCAGTGGATCGGAATCGTG_006,149
CTCAGTGGATCGGAATCGTG_007,162
CTCAGTGGATCGGAATCGTG_008,159
CTCAGTGGATCGGAATCGTG_009,171
CTCAGTGGATCGGAATCGTG_010,45
CTCAGTGGATCGGAATCGTG_011,147
CTCAGTGGATCGGAATCGTG_012,143
CTCAGTGGATCGGAATCGTG_013,140
CTCAGTGGATCGGAATCGTG_014,125
CTCAGTGGATCGGAATCGTG_015,34
CTCAGTGGATCGGAATCGTG_016,25
CTCAGTGGATCGGAATCGTG_017,125
CTCAGTGGATCGGAATCGTG_018,129
CTCAGTGGATCGGAATCGTG_019,192
CTCAGTGGATCGGAATCGTG_020,47
CTCAGTGGATCGGAATCGTG_021,135
GTTGATGCACGAGATAAGCT_001,150
GTTGATGCACGAGATAAGCT_002,81
GTTGATGCACGAGATAAGCT_003,102
GTTGATGCACGAGATAAGCT_004,120
GTTGATGCACGAGATAAGCT_005,184
GTTGATGCACGAGATAAGCT_006,153
GTTGATGCACGAGATAAGCT_007,42
TGATGAACATACACCAGTGG_001,190
TGATGAACATACACCAGTGG_002,172
AGGGAGTCTCACCGCGCAGG_001,169
AGGGAGTCTCACCGCGCAGG_002,19
AGGGAGTCTCACCGCGCAGG_003,138
AGGGAGTCTCACCGCGCAGG_004,181
AGGGAGTCTCACCGCGCAGG_005,167
AGGGAGTCTCACCGCGCAGG_006,70
AGGGAGTCTCACCGCGCAGG_007,12
AGGGAGTCTCACCGCGCAGG_008,102
AGGGAGTCTCACCGCGCAGG_009,96
AGGGAGTCTCACCGCGCAGG_010,145
AGGGAGTCTCACCGCGCAGG_011,16
AGGGAGTCTCACCGCGCAGG_012,4
AGGGAGTCTCACCGCGCAGG_013,70
AGGGAGTCTCACCGCGCAGG_014,1
AGGGAGTCTCACCGCGCAGG_015,75
AGGGAGTCTCACCGCGCAGG_016,127
AGGGAGTCTCACCGCGCAGG_017,46
AGGGAGTCTCACCGCGCAGG_018,170
CACAGACACCAGGTTTCCAG_001,131
CACAGACACCAGGTTTCCAG_002,69
CACAGACACCAGGTTTCCAG_003,33
CACAGACACCAGGTTTCCAG_004,48
CACAGACACCAGGTTTCCAG_005,62
CACAGACACCAGGTTTCCAG_006,172
CACAGACACCAGGTTTCCAG_007,184
CACAGACACCAGGTTTCCAG_008,62
CACAGACACCAGGTTTCCAG_009,24
CACTACGACAACCGCTACAG_001,18
CACTACGACAACCGCTACAG_002,130
CACTACGACAACCGCTACAG_003,13
CACTACGACAACCGCTACAG_004,88
CACTACGACAACCGCTACAG_005,119
CACTACGACAACCGCTACAG_006,188
CACTACGACAACCGCTACAG_007,33
CACTACGACAACCGCTACAG_008,178
CACTACGACAACCGCTACAG_009,126
CACTACGACAACCGCTACAG_010,115
CACTACGACAACCGCTACAG_011,149
CACTACGACAACCGCTACAG_012,130
CACTACGACAACCGCTACAG_013,161
CACTACGACAACCGCTACAG_014,127
CACTACGACAACCGCTACAG_015,121
CACTACGACAACCGCTACAG_016,42
CACTACGACAACCGCTACAG_017,183
CACTACGACAACCGCTACAG_018,192
CACTACGACAACCGCTACAG_019,46
CACTACGACAACCGCTACAG_020,147
CACTACGACAACCGCTACAG_021,177
CACTACGACAACCGCTACAG_022,17
CACTACGACAACCGCTACAG_023,29
CACTACGACAACCGCTACAG_024,11
AGAGGTGATAGCTATGAAAG_001,127
AGAGGTGATAGCTATGAAAG_002,43
GGACACACCCCATAGTACAG_001,170
GGACACACCCCATAGTACAG_002,20
GTGGAGAAGATGAACTACAT_001,115
GTGGAGAAGATGAACTACAT_002,12
GTGGAGAAGATGAACTACAT_003,68
GTGGAGAAGATGAACTACAT_004,84
GTGGAGAAGATGAACTACAT_005,12
GTGGAGAAGATGAACTACAT_006,175
GTGGAGAAGATGAACTACAT_007,162
GTGGAGAAGATGAACTACAT_008,153
GTGGAGAAGATGAACTACAT_009,142
GTGGAGAAGATGAACTACAT_010,91
GTGGAGAAGATGAACTACAT_011,89
ATGCGGATGGGATCATACGG_001,57
ATGCGGATGGGATCATACGG_002,155
ATGCGGATGGGATCATACGG_003,156
ATGCGGATGGGATCATACGG_004,70
TAGAGATATCCGATCGTGGT_001,131
TATGGCATCTACATTCAGAG_001,147
TATGGCATCTACATTCAGAG_002,141
CCAGGGCTACCGCTAGCTGT_001,129
CCAGGGCTACCGCTAGCTGT_002,107
CCAGGGCTACCGCTAGCTGT_003,41
CCAGGGCTACCGCTAGCTGT_004,145
CCAGGGCTACCGCTAGCTGT_005,127
CCAGGGCTACCGCTAGCTGT_006,103
CCAGGGCTACCGCTAGCTGT_007,178
CCAGGGCTACCGCTAGCTGT_008,88
TCCCCATGACAACACCACAC_001,52
TCCCCATGACAACACCACAC_002,58
TCCCCATGACAACACCACAC_003,48
TCCCCATGACAACACCACAC_004,60
TCCCCATGACAACACCACAC_005,2
TCCCCATGACAACACCACAC_006,1
TCCCCATGACAACACCACAC_007,33
TCCCCATGACAACACCACAC_008,76
TCCCCATGACAACACCACAC_009,149
TCCCCATGACAACACCACAC_010,94
CTTCGGAGGCTAGCTCACGG_001,196
CTTCGGAGGCTAGCTCACGG_002,39
CTTCGGAGGCTAGCTCACGG_003,15
CTTCGGAGGCTAGCTCACGG_004,15
CTTCGGAGGCTAGCTCACGG_005,80
CTTCGGAGGCTAGCTCACGG_006,100
CTTCGGAGGCTAGCTCACGG_007,175
CTTCGGAGGCTAGCTCACGG_008,152
CTTCGGAGGCTAGCTCACGG_009,65
CTTCGGAGGCTAGCTCACGG_010,147
CTTCGGAGGCTAGCTCACGG_011,113
CTTCGGAGGCTAGCTCACGG_012,92
CTTCGGAGGCTAGCTCACGG_013,81
CTTCGGAGGCTAGCTCACGG_014,196
CTTCGGAGGCTAGCTCACGG_015,153
CTTCGGAGGCTAGCTCACGG_016,152
CTTCGGAGGCTAGCTCACGG_017,168
CTTCGGAGGCTAGCTCACGG_018,68
CTTCGGAGGCTAGCTCACGG_019,148
GCCGCCGATGCTGTAACGTG_001,65
GCCGCCGATGCTGTAACGTG_002,106
GCCGCCGATGCTGTAACGTG_003,117
GCCGCCGATGCTGTAACGTG_004,76
GCCGCCGATGCTGTAACGTG_005,75
GCCGCCGATGCTGTAACGTG_006,42
GCCGCCGATGCTGTAACGTG_007,8
ATAGCACAACTTCACTACTG_001,86
ATAGCACAACTTCACTACTG_002,189
ATAGCACAACTTCACTACTG_003,169
ATAGCACAACTTCACTACTG_004,60
ATAGCACAACTTCACTACTG_005,38
ATGGGCCAAAGCTTATGCTG_001,160
ATGGGCCAAAGCTTATGCTG_002,60
ATGGGCCAAAGCTTATGCTG_003,7
ATGGGCCAAAGCTTATGCTG_004,154
ATGGGCCAAAGCTTATGCTG_005,168
ATGGGCCAAAGCTTATGCTG_006,133
ATGGGCCAAAGCTTATGCTG_007,54
ATGGGCCAAAGCTTATGCTG_008,138
ATGGGCCAAAGCTTATGCTG_009,175
ATGGGCCAAAGCTTATGCTG_010,72
ATGGGCCAAAGCTTATGCTG_011,163
ATGGGCCAAAGCTTATGCTG_012,127
ATGGGCCAAAGCTTATGCTG_013,82
ATGGGCCAAAGCTTATGCTG_014,47
ATGGGCCAAAGCTTATGCTG_015,8
ATGGGCCAAAGCTTATGCTG_016,134
ATGGGCCAAAGCTTATGCTG_017,138
ATGGGCCAAAGCTTATGCTG_018,141
ATGGGCCAAAGCTTATGCTG_019,162
ATGGGCCAAAGCTTATGCTG_020,82
ATGGGCCAAAGCTTATGCTG_021,140
ATGGGCCAAAGCTTATGCTG_022,93
ATGGGCCAAAGCTTATGCTG_023,83
ATGGGCCAAAGCTTATGCTG_024,91
ATGGGCCAAAGCTTATGCTG_025,65
ATGGGCCAAAGCTTATGCTG_026,29
ATGGGCCAAAGCTTATGCTG_027,158
ATGGGCCAAAGCTTATGCTG_028,1
ATGGGCCAAAGCTTATGCTG_029,137
ATGGGCCAAAGCTTATGCTG_030,165
ATGGGCCAAAGCTTATGCTG_031,152
ATGGGCCAAAGCTTATGCTG_032,113
ATGGGCCAAAGCTTATGCTG_033,30
TGCATGAAAATAGTACGTTG_001,9
TGCATGAAAATAGTACGTTG_002,82
TGCATGAAAATAGTACGTTG_003,188
TGCATGAAAATAGTACGTTG_004,35
TAAGGAAATCCAATGGACGG_001,6
TAAGGAAATCCAATGGACGG_002,158
TAAGGAAATCCAATGGACGG_003,144
TAAGGAAATCCAATGGACGG_004,95
TAAGGAAATCCAATGGACGG_005,3
TAAGGAAATCCAATGGACGG_006,0
TAAGGAAATCCAATGGACGG_007,118
TAAGGAAATCCAATGGACGG_008,10
GAAAGGATATCAAGTAAACG_001,67
GAAAGGATATCAAGTAAACG_002,134
GAAAGGATATCAAGTAAACG_003,175
GAAAGGATATCAAGTAAACG_004,15
GAAAGGATATCAAGTAAACG_005,114
TGTGCTGATCCGAGTCCACT_001,62
TGTGCTGATCCGAGTCCACT_002,137
TGTGCTGATCCGAGTCCACT_003,8
TGTGCTGATCCGAGTCCACT_004,16
TGTGCTGATCCGAGTCCACT_005,91
TGTGCTGATCCGAGTCCACT_006,168
TGTGCTGATCCGAGTCCACT_007,192
TGTGCTGATCCGAGTCCACT_008,98
TGTGCTGATCCGAGTCCACT_009,76
TGTGCTGATCCGAGTCCACT_010,98
TGTGCTGATCCGAGTCCACT_011,67
TGTGCTGATCCGAGTCCACT_012,102
TGTGCTGATCCGAGTCCACT_013,19
TGTGCTGATCCGAGTCCACT_014,190
TGTGCTGATCCGAGTCCACT_015,65
TGTGCTGATCCGAGTCCACT_016,4
CCATCATGACTCTATGCACA_001,19
CCATCATGACTCTATGCACA_002,107
CCATCATGACTCTATGCACA_003,48
CCATCATGACTCTATGCACA_004,133
TGTTCCAGCGTCAAGGATGG_001,76
TGTTCCAGCGTCAAGGATGG_002,88
TGTTCCAGCGTCAAGGATGG_003,142
TGTTCCAGCGTCAAGGATGG_004,142
TGTTCCAGCGTCAAGGATGG_005,40
TGTTCCAGCGTCAAGGATGG_006,7
TGTTCCAGCGTCAAGGATGG_007,147
TGTTCCAGCGTCAAGGATGG_008,35
TGTTCCAGCGTCAAGGATGG_009,94
TGTTCCAGCGTCAAGGATGG_010,118
TGTTCCAGCGTCAAGGATGG_011,188
TGTTCCAGCGTCAAGGATGG_012,148
TGTTCCAGCGTCAAGGATGG_013,151
TGTTCCAGCGTCAAGGATGG_014,24
TGTTCCAGCGTCAAGGATGG_015,90
TGTTCCAGCGTCAAGGATGG_016,183
CTCTCCGGGAGAGCTGACCG_001,182
CTCTCCGGGAGAGCTGACCG_002,170
CTCTCCGGGAGAGCTGACCG_003,29
CTCTCCGGGAGAGCTGACCG_004,180
CTCTCCGGGAGAGCTGACCG_005,48
CTCTCCGGGAGAGCTGACCG_006,41
CTCTCCGGGAGAGCTGACCG_007,52
CTCTCCGGGAGAGCTGACCG_008,30
CTCTCCGGGAGAGCTGACCG_009,139
CTCTCCGGGAGAGCTGACCG_010,64
CTCTCCGGGAGAGCTGACCG_011,40
CTCTCCGGGAGAGCTGACCG_012,174
CTCTCCGGGAGAGCTGACCG_013,27
CTCTCCGGGAGAGCTGACCG_014,17
GGCTGCCGTAGCGCGACGTG_001,96
GGCTGCCGTAGCGCGACGTG_002,105
GGCTGCCGTAGCGCGACGTG_003,29
GGCTGCCGTAGCGCGACGTG_004,157
GGCTGCCGTAGCGCGACGTG_005,134
GGCTGCCGTAGCGCGACGTG_006,186
GGCTGCCGTAGCGCGACGTG_007,115
GGCTGCCGTAGCGCGACGTG_008,40
GGCTGCCGTAGCGCGACGTG_009,87
GGCTGCCGTAGCGCGACGTG_010,80
GGCTGCCGTAGCGCGACGTG_011,90
GGCTGCCGTAGCGCGACGTG_012,155
GGCTGCCGTAGCGCGACGTG_013,177
GGCTGCCGTAGCGCGACGTG_014,72
GGCTGCCGTAGCGCGACGTG_015,30
GGCTGCCGTAGCGCGACGTG_016,158
GGCTGCCGTAGCGCGACGTG_017,100
GGCTGCCGTAGCGCGACGTG_018,100
GGCTGCCGTAGCGCGACGTG_019,176
GGCTGCCGTAGCGCGACGTG_020,72
GGCTGCCGTAGCGCGACGTG_021,107
GGCTGCCGTAGCGCGACGTG_022,183
GGCTGCCGTAGCGCGACGTG_023,93
GGCTGCCGTAGCGCGACGTG_024,18
GGCTGCCGTAGCGCGACGTG_025,188
GGCTGCCGTAGCGCGACGTG_026,148
GGCTGCCGTAGCGCGACGTG_027,62
GGCTGCCGTAGCGCGACGTG_028,37
GGCTGCCGTAGCGCGACGTG_029,68
GGCTGCCGTAGCGCGACGTG_030,103
TAAGAAGCAGCCAAGCGCAA_001,179
TAAGAAGCAGCCAAGCGCAA_002,174
TAAGAAGCAGCCAAGCGCAA_003,16
TAAGAAGCAGCCAAGCGCAA_004,184
TAAGAAGCAGCCAAGCGCAA_005,105
TAAGAAGCAGCCAAGCGCAA_006,158
TAAGAAGCAGCCAAGCGCAA_007,5
TAAGAAGCAGCCAAGCGCAA_008,144
TAAGAAGCAGCCAAGCGCAA_009,99
TAAGAAGCAGCCAAGCGCAA_010,167
CAGCTCCGCCAGGCTACCCG_001,9
CAGCTCCGCCAGGCTACCCG_002,127
CAGCTCCGCCAGGCTACCCG_003,173
CAGCTCCGCCAGGCTACCCG_004,147
CAGCTCCGCCAGGCTACCCG_005,102
CAGCTCCGCCAGGCTACCCG_006,98
CAGCTCCGCCAGGCTACCCG_007,156
CAGCTCCGCCAGGCTACCCG_008,160
CAGCTCCGCCAGGCTACCCG_009,190
CAGCTCCGCCAGGCTACCCG_010,76
CAGCTCCGCCAGGCTACCCG_011,117
CAGCTCCGCCAGGCTACCCG_012,84
CAGCTCCGCCAGGCTACCCG_013,46
CAGCTCCGCCAGGCTACCCG_014,15
CAGCTCCGCCAGGCTACCCG_015,57
TGAAACGTGACCTTGCTCTG_001,54
TGAAACGTGACCTTGCTCTG_002,79
TGAAACGTGACCTTGCTCTG_003,160
TGAAACGTGACCTTGCTCTG_004,157
TGAAACGTGACCTTGCTCTG_005,187
TGAAACGTGACCTTGCTCTG_006,194
TGAAACGTGACCTTGCTCTG_007,55
TGAAACGTGACCTTGCTCTG_008,52
TGAAACGTGACCTTGCTCTG_009,177
TGAAACGTGACCTTGCTCTG_010,198
CCTCTCAATCAAAATAAGGT_001,88
CCTCTCAATCAAAATAAGGT_002,63
CCTCTCAATCAAAATAAGGT_003,72
CCTCTCAATCAAAATAAGGT_004,62
CCTCTCAATCAAAATAAGGT_005,56
CCTCTCAATCAAAATAAGGT_006,134
CCTCTCAATCAAAATAAGGT_007,19
CCTCTCAATCAAAATAAGGT_008,111
CCTCTCAATCAAAATAAGGT_009,118
CCTCTCAATCAAAATAAGGT_010,142
CCTCTCAATCAAAATAAGGT_011,78
CCTCTCAATCAAAATAAGGT_012,50
TGGCGGCGACGACTACTCAG_001,194
TGGCGGCGACGACTACTCAG_002,32
TGGCGGCGACGACTACTCAG_003,31
TGGCGGCGACGACTACTCAG_004,32
TGGCGGCGACGACTACTCAG_005,151
TGGCGGCGACGACTACTCAG_006,130
TAAATTTGAAACCAATCCGG_001,129
TAAATTTGAAACCAATCCGG_002,89
CCAGGAATGAGAAGTTCCGA_001,48
CCAGGAATGAGAAGTTCCGA_002,172
CCAGGAATGAGAAGTTCCGA_003,94
CCAGGAATGAGAAGTTCCGA_004,50
CCAGGAATGAGAAGTTCCGA_005,181
TATTATGAGGACAAGCCGCA_001,95
TATTATGAGGACAAGCCGCA_002,127
TATTATGAGGACAAGCCGCA_003,1
TATTATGAGGACAAGCCGCA_004,130
TATTATGAGGACAAGCCGCA_005,129
TATTATGAGGACAAGCCGCA_006,150
TATTATGAGGACAAGCCGCA_007,90
TATTATGAGGACAAGCCGCA_008,11
TATTATGAGGACAAGCCGCA_009,41
TATTATGAGGACAAGCCGCA_010,12
TATTATGAGGACAAGCCGCA_011,15
TATTATGAGGACAAGCCGCA_012,9
TATTATGAGGACAAGCCGCA_013,6
AGTTGATCCTGATCCTAACC_001,54
AGTTGATCCTGATCCTAACC_002,54
AGTTGATCCTGATCCTAACC_003,61
AGTTGATCCTGATCCTAACC_004,142
AATGACTGAACCACACTGGA_001,142
AATGACTGAACCACACTGGA_002,81
AATGACTGAACCACACTGGA_003,29
AATGACTGAACCACACTGGA_004,50
AATGACTGAACCACACTGGA_005,102
AATGACTGAACCACACTGGA_006,184
AATGACTGAACCACACTGGA_007,78
AATGACTGAACCACACTGGA_008,118
AATGACTGAACCACACTGGA_009,88
AATGACTGAACCACACTGGA_010,50
AATGACTGAACCACACTGGA_011,185
AATGACTGAACCACACTGGA_012,187
AATGACTGAACCACACTGGA_013,60
AATGACTGAACCACACTGGA_014,105
AATGACTGAACCACACTGGA_015,93
AATGACTGAACCACACTGGA_016,38
AATGACTGAACCACACTGGA_017,16
AATGACTGAACCACACTGGA_018,20
AATGACTGAACCACACTGGA_019,129
AATGACTGAACCACACTGGA_020,189
AATGACTGAACCACACTGGA_021,19
AATGACTGAACCACACTGGA_022,94
AATGACTGAACCACACTGGA_023,150
AATGACTGAACCACACTGGA_024,34
AATGACTGAACCACACTGGA_025,190
AATGACTGAACCACACTGGA_026,161
AGCTGGGCTACCTTATCCCA_001,48
AGCTGGGCTACCTTATCCCA_002,60
GACAGACGCACCGATGATGG_001,199
GACAGACGCACCGATGATGG_002,41
GACAGACGCACCGATGATGG_003,82
GACAGACGCACCGATGATGG_004,190
GACAGACGCACCGATGATGG_005,149
GACAGACGCACCGATGATGG_006,84
GACAGACGCACCGATGATGG_007,33
GACAGACGCACCGATGATGG_008,78
GACAGACGCACCGATGATGG_009,3
GACAGACGCACCGATGATGG_010,169
TGTGCCTGAGTAAATGCTGG_001,126
TGTGCCTGAGTAAATGCTGG_002,154
TGTGCCTGAGTAAATGCTGG_003,175
TGTGCCTGAGTAAATGCTGG_004,34
TGTGCCTGAGTAAATGCTGG_005,63
TGTGCCTGAGTAAATGCTGG_006,12
TGTGCCTGAGTAAATGCTGG_007,70
TGTGCCTGAGTAAATGCTGG_008,41
TGTGCCTGAGTAAATGCTGG_009,48
TGTGCCTGAGTAAATGCTGG_010,162
TGTGCCTGAGTAAATGCTGG_011,150
TGTGCCTGAGTAAATGCTGG_012,113
TGTGCCTGAGTAAATGCTGG_013,62
TGTGCCTGAGTAAATGCTGG_014,84
TGTGCCTGAGTAAATGCTGG_015,80
TGTGCCTGAGTAAATGCTGG_016,161
TGTGCCTGAGTAAATGCTGG_017,178
TGTGCCTGAGTAAATGCTGG_018,139
TGTGCCTGAGTAAATGCTGG_019,60
TGTGCCTGAGTAAATGCTGG_020,105
TGTGCCTGAGTAAATGCTGG_021,167
TGTGCCTGAGTAAATGCTGG_022,183
TGTGCCTGAGTAAATGCTGG_023,158
TGTGCCTGAGTAAATGCTGG_024,19
TGTGCCTGAGTAAATGCTGG_025,113
TGTGCCTGAGTAAATGCTGG_026,53
TGTGCCTGAGTAAATGCTGG_027,132
GAGTTGGGCGCACGCAAACG_001,56
GAGTTGGGCGCACGCAAACG_002,91
GAGTTGGGCGCACGCAAACG_003,94
GAGTTGGGCGCACGCAAACG_004,12
GAGTTGGGCGCACGCAAACG_005,32
GAGTTGGGCGCACGCAAACG_006,40
GAGTTGGGCGCACGCAAACG_007,81
GAGTTGGGCGCACGCAAACG_008,130
GAGTTGGGCGCACGCAAACG_009,28
GAGTTGGGCGCACGCAAACG_010,102
GAGTTGGGCGCACGCAAACG_011,9
GAGTTGGGCGCACGCAAACG_012,162
GAGTTGGGCGCACGCAAACG_013,104
TATGGCTAAACGAGAAGATC_001,150
TATGGCTAAACGAGAAGATC_002,36
TATGGCTAAACGAGAAGATC_003,108
GGCTGCCGGAAACAACATGG_001,50
GGCTGCCGGAAACAACATGG_002,96
GGCTGCCGGAAACAACATGG_003,118
GGCTGCCGGAAACAACATGG_004,182
GGCTGCCGGAAACAACATGG_005,5
GGCTGCCGGAAACAACATGG_006,173
GGCTGCCGGAAACAACATGG_007,62
GGCTGCCGGAAACAACATGG_008,70
GGCTGCCGGAAACAACATGG_009,126
GGCTGCCGGAAACAACATGG_010,189
GGCTGCCGGAAACAACATGG_011,183
GGCTGCCGGAAACAACATGG_012,119
GGCTGCCGGAAACAACATGG_013,194
GGCTGCCGGAAACAACATGG_014,121
GGCTGCCGGAAACAACATGG_015,72
GGCTGCCGGAAACAACATGG_016,160
GGCTGCCGGAAACAACATGG_017,190
GGCTGCCGGAAACAACATGG_018,130
GGCTGCCGGAAACAACATGG_019,106
GGCTGCCGGAAACAACATGG_020,70
GGCTGCCGGAAACAACATGG_021,9
GGCTGCCGGAAACAACATGG_022,194
GGCTGCCGGAAACAACATGG_023,98
GGCTGCCGGAAACAACATGG_024,8
GGCTGCCGGAAACAACATGG_025,168
GGCTGCCGGAAACAACATGG_026,29
GGCTGCCGGAAACAACATGG_027,139
GGCTGCCGGAAACAACATGG_028,24
GGCTGCCGGAAACAACATGG_029,98
GGCTGCCGGAAACAACATGG_030,28
GGCTGCCGGAAACAACATGG_031,45
GGCTGCCGGAAACAACATGG_032,137
GGCTGCCGGAAACAACATGG_033,57
GAACTTTCTTATGTGTAACG_001,180
CTGGCGCGCCGTCGACCCGG_001,5
CTGGCGCGCCGTCGACCCGG_002,132
CTGGCGCGCCGTCGACCCGG_003,155
CTGGCGCGCCGTCGACCCGG_004,130
CTGGCGCGCCGTCGACCCGG_005,116
CTGGCGCGCCGTCGACCCGG_006,197
GCTGCGCACCCACATCAAAG_001,175
GCTGCGCACCCACATCAAAG_002,116
GCTGCGCACCCACATCAAAG_003,151
GCTGCGCACCCACATCAAAG_004,124
GCTGCGCACCCACATCAAAG_005,186
GCTGCGCACCCACATCAAAG_006,57
GCTGCGCACCCACATCAAAG_007,170
GCTGCGCACCCACATCAAAG_008,128
GCTGCGCACCCACATCAAAG_009,136
GCTGCGCACCCACATCAAAG_010,2
GCTGCGCACCCACATCAAAG_011,98
GCTGCGCACCCACATCAAAG_012,172
GCTGCGCACCCACATCAAAG_013,55
CCCTGGCACAGGGACCACGA_001,60
CCCTGGCACAGGGACCACGA_002,75
CCCTGGCACAGGGACCACGA_003,173
CCCTGGCACAGGGACCACGA_004,68
CCCTGGCACAGGGACCACGA_005,106
CCCTGGCACAGGGACCACGA_006,58
GCACATACTAAAGGACGGCA_001,185
GCACATACTAAAGGACGGCA_002,160
GCACATACTAAAGGACGGCA_003,162
GCACATACTAAAGGACGGCA_004,154
GCACATACTAAAGGACGGCA_005,109
GCACATACTAAAGGACGGCA_006,104
GCACATACTAAAGGACGGCA_007,149
GCACATACTAAAGGACGGCA_008,37
GCACATACTAAAGGACGGCA_009,46
GCACATACTAAAGGACGGCA_010,137
GCACATACTAAAGGACGGCA_011,29
GCACATACTAAAGGACGGCA_012,175
GCACATACTAAAGGACGGCA_013,137
TCGATTGGACCCTAACGGCG_001,161
TCGATTGGACCCTAACGGCG_002,198
AGTCGTCTAAAAGAAAGCAT_001,116
AGTCGTCTAAAAGAAAGCAT_002,49
AGTCGTCTAAAAGAAAGCAT_003,77
AGTCGTCTAAAAGAAAGCAT_004,8
AGTCGTCTAAAAGAAAGCAT_005,153
AGTCGTCTAAAAGAAAGCAT_006,184
AGTCGTCTAAAAGAAAGCAT_007,146
AGTCGTCTAAAAGAAAGCAT_008,46
AGTCGTCTAAAAGAAAGCAT_009,8
AGTCGTCTAAAAGAAAGCAT_010,188
AGTCGTCTAAAAGAAAGCAT_011,158
AGTCGTCTAAAAGAAAGCAT_012,144
CAGCCACCAAAAGTCAGCTG_001,96
CAGCCACCAAAAGTCAGCTG_002,7
CAGCCACCAAAAGTCAGCTG_003,191
CAGCCACCAAAAGTCAGCTG_004,42
CAGCCACCAAAAGTCAGCTG_005,174
CAGCCACCAAAAGTCAGCTG_006,75
CAGCCACCAAAAGTCAGCTG_007,101
CAGCCACCAAAAGTCAGCTG_008,162
CAGCCACCAAAAGTCAGCTG_009,62
CAGCCACCAAAAGTCAGCTG_010,56
CAGCCACCAAAAGTCAGCTG_011,116
CAGCCACCAAAAGTCAGCTG_012,130
CAGCCACCAAAAGTCAGCTG_013,78
CAGCCACCAAAAGTCAGCTG_014,19
CAGCCACCAAAAGTCAGCTG_015,70
CAGCCACCAAAAGTCAGCTG_016,143
CAGCCACCAAAAGTCAGCTG_017,182
CAGCCACCAAAAGTCAGCTG_018,108
CAGCCACCAAAAGTCAGCTG_019,84
GTCCATTACTAGTAACATCG_001,162
GTCCATTACTAGTAACATCG_002,42
GTCCATTACTAGTAACATCG_003,111
GTCCATTACTAGTAACATCG_004,198
GTCCATTACTAGTAACATCG_005,168
GTCCATTACTAGTAACATCG_006,82
GACGCCGATGAACTCATAGT_001,159
GACGCCGATGAACTCATAGT_002,68
GACGCCGATGAACTCATAGT_003,115
GACGCCGATGAACTCATAGT_004,95
GACGCCGATGAACTCATAGT_005,88
GACGCCGATGAACTCATAGT_006,81
GACGCCGATGAACTCATAGT_007,1
GACGCCGATGAACTCATAGT_008,165
GTGTTGTGTACCGATACTAC_001,69
GTGTTGTGTACCGATACTAC_002,6
GTGTTGTGTACCGATACTAC_003,109
GTGTTGTGTACCGATACTAC_004,152
TACTGCCTGAGACCCACCGA_001,58
TACTGCCTGAGACCCACCGA_002,62
TACTGCCTGAGACCCACCGA_003,115
TACTGCCTGAGACCCACCGA_004,134
TACTGCCTGAGACCCACCGA_005,107
TACTGCCTGAGACCCACCGA_006,124
TACTGCCTGAGACCCACCGA_007,8
TACTGCCTGAGACCCACCGA_008,118
TACTGCCTGAGACCCACCGA_009,160
TACTGCCTGAGACCCACCGA_010,190
TACTGCCTGAGACCCACCGA_011,31
TACTGCCTGAGACCCACCGA_012,45
TACTGCCTGAGACCCACCGA_013,131
TACTGCCTGAGACCCACCGA_014,184
TACTGCCTGAGACCCACCGA_015,178
AATTGGTTAGAGAATCAGCA_001,40
AATTGGTTAGAGAATCAGCA_002,49
AATTGGTTAGAGAATCAGCA_003,112
AATTGGTTAGAGAATCAGCA_004,94
AATTGGTTAGAGAATCAGCA_005,15
AATTGGTTAGAGAATCAGCA_006,77
TGCCATTTGCTACTACCGAA_001,192
TGCCATTTGCTACTACCGAA_002,115
TGCCATTTGCTACTACCGAA_003,139
GCCTGTAGCAGCCATGATGG_001,115
GCCTGTAGCAGCCATGATGG_002,17
GCCTGTAGCAGCCATGATGG_003,141
GCCTGTAGCAGCCATGATGG_004,6
GAGTATCCCAGGTAATACAG_001,19
GAGTATCCCAGGTAATACAG_002,41
GAGTATCCCAGGTAATACAG_003,137
GAGTATCCCAGGTAATACAG_004,10
GACCTCCCTGAATATTGCAA_001,24
GACCTCCCTGAATATTGCAA_002,156
GACCTCCCTGAATATTGCAA_003,127
GACCTCCCTGAATATTGCAA_004,170
GACCTCCCTGAATATTGCAA_005,165
GACCTCCCTGAATATTGCAA_006,115
GACCTCCCTGAATATTGCAA_007,1
GACCTCCCTGAATATTGCAA_008,81
GACCTCCCTGAATATTGCAA_009,177
GACCTCCCTGAATATTGCAA_010,15
GACCTCCCTGAATATTGCAA_011,48
GACCTCCCTGAATATTGCAA_012,188
GACCTCCCTGAATATTGCAA_013,17
GACCTCCCTGAATATTGCAA_014,36
GACCTCCCTGAATATTGCAA_015,57
GAGGCGCCGGGTACATCGCG_001,174
GAGGCGCCGGGTACATCGCG_002,157
GAGGCGCCGGGTACATCGCG_003,129
GAGGCGCCGGGTACATCGCG_004,129
GAGGCGCCGGGTACATCGCG_005,27
GAGGCGCCGGGTACATCGCG_006,116
GAGGCGCCGGGTACATCGCG_007,145
GAGGCGCCGGGTACATCGCG_008,62
GAGGCGCCGGGTACATCGCG_009,127
GAGGCGCCGGGTACATCGCG_010,123
GAGGCGCCGGGTACATCGCG_011,141
GAGGCGCCGGGTACATCGCG_012,14
GAGGCGCCGGGTACATCGCG_013,62
GAGGCGCCGGGTACATCGCG_014,170
GAGGCGCCGGGTACATCGCG_015,111
GAGGCGCCGGGTACATCGCG_016,50
GAGGCGCCGGGTACATCGCG_017,12
GAGGCGCCGGGTACATCGCG_018,130
GAGGCGCCGGGTACATCGCG_019,5
GAGGCGCCGGGTACATCGCG_020,12
GAGGCGCCGGGTACATCGCG_021,145
GAGGCGCCGGGTACATCGCG_022,41
GAGGCGCCGGGTACATCGCG_023,119
GAGGCGCCGGGTACATCGCG_024,147
GAGGCGCCGGGTACATCGCG_025,12
GAGGCGCCGGGTACATCGCG_026,19
GAGGCGCCGGGTACATCGCG_027,172
GAGGCGCCGGGTACATCGCG_028,99
GGAACTCTACAACCCAATCC_001,52
ACACTTGCTACGAACACGTG_001,174
ACACTTGCTACGAACACGTG_002,49
ACACTTGCTACGAACACGTG_003,47
ACACTTGCTACGAACACGTG_004,118
GTGTTCCAATGAATTCACTC_001,98
GTGTTCCAATGAATTCACTC_002,33
GTGTTCCAATGAATTCACTC_003,199
GTGTTCCAATGAATTCACTC_004,32
GTGTTCCAATGAATTCACTC_005,54
GTGTTCCAATGAATTCACTC_006,169
GTGTTCCAATGAATTCACTC_007,78
GTGTTCCAATGAATTCACTC_008,192
GTGTTCCAATGAATTCACTC_009,160
GTGTTCCAATGAATTCACTC_010,3
GTGTTCCAATGAATTCACTC_011,155
GTGTTCCAATGAATTCACTC_012,10
GTGTTCCAATGAATTCACTC_013,169
AATTCCGGTGTGGGTACCCT_001,160
AATTCCGGTGTGGGTACCCT_002,28
AATTCCGGTGTGGGTACCCT_003,149
AATTCCGGTGTGGGTACCCT_004,70
AATTCCGGTGTGGGTACCCT_005,53
AATTCCGGTGTGGGTACCCT_006,55
AATTCCGGTGTGGGTACCCT_007,115
GCGCAGCTTGAGGAGCACGG_001,199
GCGCAGCTTGAGGAGCACGG_002,50
GCGCAGCTTGAGGAGCACGG_003,1
GCGCAGCTTGAGGAGCACGG_004,146
GCGCAGCTTGAGGAGCACGG_005,88
GCGCAGCTTGAGGAGCACGG_006,44
GCGCAGCTTGAGGAGCACGG_007,104
GCGCAGCTTGAGGAGCACGG_008,105
GCGCAGCTTGAGGAGCACGG_009,58
GCGCAGCTTGAGGAGCACGG_010,107
GCGCAGCTTGAGGAGCACGG_011,41
GCGCAGCTTGAGGAGCACGG_012,84
GCGCAGCTTGAGGAGCACGG_013,176
GCGCAGCTTGAGGAGCACGG_014,148
GCGCAGCTTGAGGAGCACGG_015,10
GCGCAGCTTGAGGAGCACGG_016,111
AACCTCACATGCATGCAGGG_001,10
AACCTCACATGCATGCAGGG_002,157
AACCTCACATGCATGCAGGG_003,58
AACCTCACATGCATGCAGGG_004,157
AACCTCACATGCATGCAGGG_005,119
AACCTCACATGCATGCAGGG_006,105
AACCTCACATGCATGCAGGG_007,60
AACCTCACATGCATGCAGGG_008,108
AACCTCACATGCATGCAGGG_009,36
AACCTCACATGCATGCAGGG_010,54
AACCTCACATGCATGCAGGG_011,69
AACCTCACATGCATGCAGGG_012,49
AACCTCACATGCATGCAGGG_013,6
AACCTCACATGCATGCAGGG_014,133
AACCTCACATGCATGCAGGG_015,105
AACCTCACATGCATGCAGGG_016,12
AACCTCACATGCATGCAGGG_017,27
AACCTCACATGCATGCAGGG_018,182
AACCTCACATGCATGCAGGG_019,78
AACCTCACATGCATGCAGGG_020,63
AACCTCACATGCATGCAGGG_021,19
AACCTCACATGCATGCAGGG_022,141
AACCTCACATGCATGCAGGG_023,169
AACCTCACATGCATGCAGGG_024,63
AACCTCACATGCATGCAGGG_025,168
AGCGCTCTCGGCGAGAACTG_001,13
AGCGCTCTCGGCGAGAACTG_002,121
AGCGCTCTCGGCGAGAACTG_003,55
AGCGCTCTCGGCGAGAACTG_004,108
AGCGCTCTCGGCGAGAACTG_005,47
AGCGCTCTCGGCGAGAACTG_006,56
AGCGCTCTCGGCGAGAACTG_007,102
AGCGCTCTCGGCGAGAACTG_008,88
AGCGCTCTCGGCGAGAACTG_009,47
GTTTGGATTAGCAAGATGAC_001,42
GTTTGGATTAGCAAGATGAC_002,191
GTTTGGATTAGCAAGATGAC_003,85
GTTTGGATTAGCAAGATGAC_004,44
GTTTGGATTAGCAAGATGAC_005,164
GTTTGGATTAGCAAGATGAC_006,58
GTTTGGATTAGCAAGATGAC_007,98
GTTTGGATTAGCAAGATGAC_008,22
GTTTGGATTAGCAAGATGAC_009,174
GTTTGGATTAGCAAGATGAC_010,136
GTTTGGATTAGCAAGATGAC_011,102
TGACATCCCGCCTACAAAAG_001,149
TGACATCCCGCCTACAAAAG_002,54
TGACATCCCGCCTACAAAAG_003,82
TTCATGTCAGAACTATGACA_001,16
TTCATGTCAGAACTATGACA_002,199
TTCATGTCAGAACTATGACA_003,183
TTCATGTCAGAACTATGACA_004,150
CCCACGATGAGCGTCACCGA_001,46
CCCACGATGAGCGTCACCGA_002,106
CCCACGATGAGCGTCACCGA_003,156
CCCACGATGAGCGTCACCGA_004,49
CCCACGATGAGCGTCACCGA_005,162
CCCACGATGAGCGTCACCGA_006,87
CCCACGATGAGCGTCACCGA_007,75
CCCACGATGAGCGTCACCGA_008,177
CCCACGATGAGCGTCACCGA_009,172
CCCACGATGAGCGTCACCGA_010,167
CCCACGATGAGCGTCACCGA_011,67
CCCACGATGAGCGTCACCGA_012,93
CCCACGATGAGCGTCACCGA_013,37
CCCACGATGAGCGTCACCGA_014,66
CCCACGATGAGCGTCACCGA_015,28
CCCACGATGAGCGTCACCGA_016,144
CCCACGATGAGCGTCACCGA_017,39
CCCACGATGAGCGTCACCGA_018,152
CCCACGATGAGCGTCACCGA_019,47
CCCACGATGAGCGTCACCGA_020,112
CCCACGATGAGCGTCACCGA_021,118
CCCACGATGAGCGTCACCGA_022,69
CCCACGATGAGCGTCACCGA_023,166
GGGAAAACGAGCCTCCGGGG_001,160
GGGAAAACGAGCCTCCGGGG_002,47
GGGAAAACGAGCCTCCGGGG_003,94
GGGAAAACGAGCCTCCGGGG_004,168
GGGAAAACGAGCCTCCGGGG_005,12
GGGAAAACGAGCCTCCGGGG_006,56
GGGAAAACGAGCCTCCGGGG_007,176
GGGAAAACGAGCCTCCGGGG_008,154
GGGAAAACGAGCCTCCGGGG_009,149
GGGAAAACGAGCCTCCGGGG_010,180
GGGAAAACGAGCCTCCGGGG_011,77
GGGAAAACGAGCCTCCGGGG_012,142
GGGAAAACGAGCCTCCGGGG_013,12
GGGAAAACGAGCCTCCGGGG_014,42
CATAGGGATCATAAGCAGGG_001,19
CATAGGGATCATAAGCAGGG_002,168
CATAGGGATCATAAGCAGGG_003,147
CATAGGGATCATAAGCAGGG_004,6
CATAGGGATCATAAGCAGGG_005,25
CATAGGGATCATAAGCAGGG_006,146
CATAGGGATCATAAGCAGGG_007,169
CATAGGGATCATAAGCAGGG_008,105
CATAGGGATCATAAGCAGGG_009,14
CATAGGGATCATAAGCAGGG_010,77
CATAGGGATCATAAGCAGGG_011,1
CATAGGGATCATAAGCAGGG_012,52
GCTGCTGTCAGCTCGCCAGG_001,184
GCTGCTGTCAGCTCGCCAGG_002,144
GCTGCTGTCAGCTCGCCAGG_003,126
GCTGCTGTCAGCTCGCCAGG_004,102
GCTGCTGTCAGCTCGCCAGG_005,91
GCTGCTGTCAGCTCGCCAGG_006,41
GCTGCTGTCAGCTCGCCAGG_007,159
GCTGCTGTCAGCTCGCCAGG_008,147
GCTGCTGTCAGCTCGCCAGG_009,198
GCTGCTGTCAGCTCGCCAGG_010,90
GCTGCTGTCAGCTCGCCAGG_011,140
TAATACTCTACCAAAAGGTG_001,157
TAATACTCTACCAAAAGGTG_002,141
TAATACTCTACCAAAAGGTG_003,129
TAATACTCTACCAAAAGGTG_004,128
TAATACTCTACCAAAAGGTG_005,20
AGTCTGCCAAATAAGATGGG_001,98
AGTCTGCCAAATAAGATGGG_002,168
AGTCTGCCAAATAAGATGGG_003,182
AGTCTGCCAAATAAGATGGG_004,38
GGCTGCTCACCGATAATGAA_001,19
GGCTGCTCACCGATAATGAA_002,127
GGCTGCTCACCGATAATGAA_003,127
GGCTGCTCACCGATAATGAA_004,158
GGCTGCTCACCGATAATGAA_005,69
CAAAATCTATCTGTACGCAC_001,49
ACTGACCCCACCAGCTGAGG_001,19
ACTGACCCCACCAGCTGAGG_002,199
ACTGACCCCACCAGCTGAGG_003,87
ACTGACCCCACCAGCTGAGG_004,8
ACTGACCCCACCAGCTGAGG_005,102
ACTGACCCCACCAGCTGAGG_006,160
ACTGACCCCACCAGCTGAGG_007,169
ACTGACCCCACCAGCTGAGG_008,149
ACTGACCCCACCAGCTGAGG_009,184
ACTGACCCCACCAGCTGAGG_010,8
ACTGACCCCACCAGCTGAGG_011,115
ACTGACCCCACCAGCTGAGG_012,180
ACTGACCCCACCAGCTGAGG_013,66
ACTGACCCCACCAGCTGAGG_014,138
ACTGACCCCACCAGCTGAGG_015,186
ACTGACCCCACCAGCTGAGG_016,50
TGGTAATGAGTAGCTGCCAA_001,28
ATGCCTAACAAATAACGAAG_001,160
ATGCCTAACAAATAACGAAG_002,85
ATGCCTAACAAATAACGAAG_003,28
ATGCCTAACAAATAACGAAG_004,48
CTACCGGAGCACAGTGCACG_001,2
CTACCGGAGCACAGTGCACG_002,130
CTTGCAGAAATGGTGATGGG_001,198
CTTGCAGAAATGGTGATGGG_002,23
CTTGCAGAAATGGTGATGGG_003,102
CTTGCAGAAATGGTGATGGG_004,102
CTTGCAGAAATGGTGATGGG_005,8
CTTGCAGAAATGGTGATGGG_006,8
CTTGCAGAAATGGTGATGGG_007,94
CTTGCAGAAATGGTGATGGG_008,58
CTTGCAGAAATGGTGATGGG_009,0
CTTGCAGAAATGGTGATGGG_010,134
CTTGCAGAAATGGTGATGGG_011,112
CTTGCAGAAATGGTGATGGG_012,48
CTTGCAGAAATGGTGATGGG_013,43
CTTGCAGAAATGGTGATGGG_014,121
CTTGCAGAAATGGTGATGGG_015,125
CTTGCAGAAATGGTGATGGG_016,17
GGCCACCCGTCGGTACCCGG_001,17
GGCCACCCGTCGGTACCCGG_002,173
GGCCACCCGTCGGTACCCGG_003,161
GGCCACCCGTCGGTACCCGG_004,10
GGCCACCCGTCGGTACCCGG_005,58
GGCCACCCGTCGGTACCCGG_006,76
GGCCACCCGTCGGTACCCGG_007,16
GGCCACCCGTCGGTACCCGG_008,4
GGCCACCCGTCGGTACCCGG_009,63
GGCCACCCGTCGGTACCCGG_010,53
GGCCACCCGTCGGTACCCGG_011,88
GGCCACCCGTCGGTACCCGG_012,41
GGCCACCCGTCGGTACCCGG_013,8
GGCCACCCGTCGGTACCCGG_014,153
GGCCACCCGTCGGTACCCGG_015,94
GGCCACCCGTCGGTACCCGG_016,105
GGCCACCCGTCGGTACCCGG_017,1
GGCCACCCGTCGGTACCCGG_018,91
GGCCACCCGTCGGTACCCGG_019,110
GGCCACCCGTCGGTACCCGG_020,16
GGCCACCCGTCGGTACCCGG_021,146
GGCCACCCGTCGGTACCCGG_022,35
GGCCACCCGTCGGTACCCGG_023,81
GGCCACCCGTCGGTACCCGG_024,41
GGCCACCCGTCGGTACCCGG_025,103
AGAAACTTTGACACTAGAGA_001,143
AGAAACTTTGACACTAGAGA_002,81
AGAAACTTTGACACTAGAGA_003,19
AGAAACTTTGACACTAGAGA_004,88
AGAAACTTTGACACTAGAGA_005,108
AGAAACTTTGACACTAGAGA_006,41
AGAAACTTTGACACTAGAGA_007,81
TGTCGCAAAAAAGGAAGACA_001,98
TGTCGCAAAAAAGGAAGACA_002,164
TGTCGCAAAAAAGGAAGACA_003,12
TGTCGCAAAAAAGGAAGACA_004,36
TGTCGCAAAAAAGGAAGACA_005,188
TGTCGCAAAAAAGGAAGACA_006,2
TGTCGCAAAAAAGGAAGACA_007,29
TGTCGCAAAAAAGGAAGACA_008,150
TGTCGCAAAAAAGGAAGACA_009,183
TGTCGCAAAAAAGGAAGACA_010,94
TGTCGCAAAAAAGGAAGACA_011,41
TGTCGCAAAAAAGGAAGACA_012,43
TGTCGCAAAAAAGGAAGACA_013,94
TGTCGCAAAAAAGGAAGACA_014,88
TGTCGCAAAAAAGGAAGACA_015,121
TGTCGCAAAAAAGGAAGACA_016,112
TGTCGCAAAAAAGGAAGACA_017,116
TGTCGCAAAAAAGGAAGACA_018,113
TGTCGCAAAAAAGGAAGACA_019,34
ATGATGGCAAAGTAGATGTG_001,8
ATGATGGCAAAGTAGATGTG_002,55
ATGATGGCAAAGTAGATGTG_003,114
ATGATGGCAAAGTAGATGTG_004,69
ATGATGGCAAAGTAGATGTG_005,20
ATGATGGCAAAGTAGATGTG_006,141
ATGATGGCAAAGTAGATGTG_007,192
ATGATGGCAAAGTAGATGTG_008,11
ATGATGGCAAAGTAGATGTG_009,176
ATGATGGCAAAGTAGATGTG_010,145
ATGATGGCAAAGTAGATGTG_011,107
ATGATGGCAAAGTAGATGTG_012,134
ATGATGGCAAAGTAGATGTG_013,169
ATGATGGCAAAGTAGATGTG_014,176
ATGATGGCAAAGTAGATGTG_015,156
ATGATGGCAAAGTAGATGTG_016,16
ATGATGGCAAAGTAGATGTG_017,91
ATGATGGCAAAGTAGATGTG_018,70
ATGATGGCAAAGTAGATGTG_019,110
ATGATGGCAAAGTAGATGTG_020,116
ATGATGGCAAAGTAGATGTG_021,2
ATGATGGCAAAGTAGATGTG_022,118
ATGATGGCAAAGTAGATGTG_023,26
ATGATGGCAAAGTAGATGTG_024,16
ATGATGGCAAAGTAGATGTG_025,112
ATGATGGCAAAGTAGATGTG_026,150
ATGATGGCAAAGTAGATGTG_027,28
ATGATGGCAAAGTAGATGTG_028,169
ATGATGGCAAAGTAGATGTG_029,147
ATGATGGCAAAGTAGATGTG_030,103
ATGATGGCAAAGTAGATGTG_031,140
TAGACAACCTCATAGAGCAT_001,174
TAGACAACCTCATAGAGCAT_002,157
TAGACAACCTCATAGAGCAT_003,53
TAGACAACCTCATAGAGCAT_004,187
TAGACAACCTCATAGAGCAT_005,122
TAGACAACCTCATAGAGCAT_006,166
TAGACAACCTCATAGAGCAT_007,69
TAGACAACCTCATAGAGCAT_008,82
TAGACAACCTCATAGAGCAT_009,182
TGGCTAACAATAAAAACCAG_001,122
TGGCTAACAATAAAAACCAG_002,191
TGGCTAACAATAAAAACCAG_003,173
TGGCTAACAATAAAAACCAG_004,50
TGGCTAACAATAAAAACCAG_005,102
TGGCTAACAATAAAAACCAG_006,186
TGGCTAACAATAAAAACCAG_007,189
TAGGAGGAGCGACCCATAAG_001,48
TAGGAGGAGCGACCCATAAG_002,16
TAGGAGGAGCGACCCATAAG_003,150
TAGGAGGAGCGACCCATAAG_004,52
GAGGAGTGTTCGTGAACGGG_001,15
GAGGAGTGTTCGTGAACGGG_002,172
GAGGAGTGTTCGTGAACGGG_003,112
GAGGAGTGTTCGTGAACGGG_004,158
GAGGAGTGTTCGTGAACGGG_005,139
GAGGAGTGTTCGTGAACGGG_006,139
GAGGAGTGTTCGTGAACGGG_007,9
GAGGAGTGTTCGTGAACGGG_008,83
GAGGAGTGTTCGTGAACGGG_009,58
CAAAATCTCACCCTGAAACG_001,167
CAAAATCTCACCCTGAAACG_002,39
CAAAATCTCACCCTGAAACG_003,19
CAAAATCTCACCCTGAAACG_004,142
CAAAATCTCACCCTGAAACG_005,142
AAGCACGGGTAAACCTTGCA_001,77
AAGCACGGGTAAACCTTGCA_002,186
AAGCACGGGTAAACCTTGCA_003,127
AAGCACGGGTAAACCTTGCA_004,168
AAGCACGGGTAAACCTTGCA_005,24
AAGCACGGGTAAACCTTGCA_006,67
AAGCACGGGTAAACCTTGCA_007,158
AAGCACGGGTAAACCTTGCA_008,148
AAGCACGGGTAAACCTTGCA_009,76
AAGCACGGGTAAACCTTGCA_010,37
AAGCACGGGTAAACCTTGCA_011,30
AAGCACGGGTAAACCTTGCA_012,60
AAGCACGGGTAAACCTTGCA_013,62
AAGCACGGGTAAACCTTGCA_014,40
AAGCACGGGTAAACCTTGCA_015,174
AAGCACGGGTAAACCTTGCA_016,145
AAGCACGGGTAAACCTTGCA_017,33
AAGCACGGGTAAACCTTGCA_018,88
AAGCACGGGTAAACCTTGCA_019,2
AAGCACGGGTAAACCTTGCA_020,184
AAGCACGGGTAAACCTTGCA_021,77
AAGCACGGGTAAACCTTGCA_022,65
AAGCACGGGTAAACCTTGCA_023,136
AAGCACGGGTAAACCTTGCA_024,35
AGGGGCCCGGAGTCTCGGAG_001,86
AGGGGCCCGGAGTCTCGGAG_002,98
AGGGGCCCGGAGTCTCGGAG_003,77
AGGGGCCCGGAGTCTCGGAG_004,43
AGGGGCCCGGAGTCTCGGAG_005,3
AGGGGCCCGGAGTCTCGGAG_006,45
AGGGGCCCGGAGTCTCGGAG_007,156
AGGGGCCCGGAGTCTCGGAG_008,161
AGGGGCCCGGAGTCTCGGAG_009,123
AGGGGCCCGGAGTCTCGGAG_010,133
AGGGGCCCGGAGTCTCGGAG_011,9
AGGGGCCCGGAGTCTCGGAG_012,103
AGGGGCCCGGAGTCTCGGAG_013,72
AGGGGCCCGGAGTCTCGGAG_014,157
AGGGGCCCGGAGTCTCGGAG_015,103
AGGGGCCCGGAGTCTCGGAG_016,158
AGGGGCCCGGAGTCTCGGAG_017,158
AGGGGCCCGGAGTCTCGGAG_018,198
AGGGGCCCGGAGTCTCGGAG_019,118
AGGGGCCCGGAGTCTCGGAG_020,82
CCAGTCCCAGGAGAATAGCT_001,41
CCAGTCCCAGGAGAATAGCT_002,31
CCAGTCCCAGGAGAATAGCT_003,61
CCAGTCCCAGGAGAATAGCT_004,104
CCAGTCCCAGGAGAATAGCT_005,78
CCAGTCCCAGGAGAATAGCT_006,132
CCAGTCCCAGGAGAATAGCT_007,105
CCAGTCCCAGGAGAATAGCT_008,148
CCAGTCCCAGGAGAATAGCT_009,43
CCAGTCCCAGGAGAATAGCT_010,174
CCAGTCCCAGGAGAATAGCT_011,111
CCAGTCCCAGGAGAATAGCT_012,124
CCAGTCCCAGGAGAATAGCT_013,13
CCAGTCCCAGGAGAATAGCT_014,98
CCAGTCCCAGGAGAATAGCT_015,76
CCAGTCCCAGGAGAATAGCT_016,133
CCAGTCCCAGGAGAATAGCT_017,38
CCAGTCCCAGGAGAATAGCT_018,145
CCAGTCCCAGGAGAATAGCT_019,149
CCAGTCCCAGGAGAATAGCT_020,122
CCAGTCCCAGGAGAATAGCT_021,73
CCAGTCCCAGGAGAATAGCT_022,140
CCAGTCCCAGGAGAATAGCT_023,147
CCAGTCCCAGGAGAATAGCT_024,60
CCAGTCCCAGGAGAATAGCT_025,141
CCAGTCCCAGGAGAATAGCT_026,127
CCAGTCCCAGGAGAATAGCT_027,137
CCAGTCCCAGGAGAATAGCT_028,17
CCAGTCCCAGGAGAATAGCT_029,60
CCAGTCCCAGGAGAATAGCT_030,53
CCAGTCCCAGGAGAATAGCT_031,81
CCAGTCCCAGGAGAATAGCT_032,149
TTTGCACACATACCAATCCA_001,100
TTTGCACACATACCAATCCA_002,103
TGTTCGCGCAGATTAATCAG_001,1
TGTTCGCGCAGATTAATCAG_002,114
TGTTCGCGCAGATTAATCAG_003,166
TGTTCGCGCAGATTAATCAG_004,9
TGTTCGCGCAGATTAATCAG_005,106
TGTTCGCGCAGATTAATCAG_006,160
TGTTCGCGCAGATTAATCAG_007,65
TGTTCGCGCAGATTAATCAG_008,174
TGTTCGCGCAGATTAATCAG_009,130
TGTTCGCGCAGATTAATCAG_010,138
TGTTCGCGCAGATTAATCAG_011,175
TGTTCGCGCAGATTAATCAG_012,94
TGTTCGCGCAGATTAATCAG_013,28
TGTTCGCGCAGATTAATCAG_014,43
TTTGGCTTTATTCTCATCAA_001,75
TTTGGCTTTATTCTCATCAA_002,53
TTTGGCTTTATTCTCATCAA_003,77
TTTGGCTTTATTCTCATCAA_004,142
AGCACCTGAACCCACCTGGA_001,17
AGCACCTGAACCCACCTGGA_002,172
AGCACCTGAACCCACCTGGA_003,49
AGCACCTGAACCCACCTGGA_004,146
AGCACCTGAACCCACCTGGA_005,137
AGCACCTGAACCCACCTGGA_006,160
AGCACCTGAACCCACCTGGA_007,169
AGCACCTGAACCCACCTGGA_008,181
AGCACCTGAACCCACCTGGA_009,21
AGCACCTGAACCCACCTGGA_010,171
AGCACCTGAACCCACCTGGA_011,7
AGCACCTGAACCCACCTGGA_012,143
AGCACCTGAACCCACCTGGA_013,143
AGCACCTGAACCCACCTGGA_014,86
AGCACCTGAACCCACCTGGA_015,64
AGCACCTGAACCCACCTGGA_016,56
AGCACCTGAACCCACCTGGA_017,71
AGCACCTGAACCCACCTGGA_018,104
AGCACCTGAACCCACCTGGA_019,169
AGCACCTGAACCCACCTGGA_020,86
AGCACCTGAACCCACCTGGA_021,24
AGCACCTGAACCCACCTGGA_022,121
AGCACCTGAACCCACCTGGA_023,38
AGCACCTGAACCCACCTGGA_024,191
AGCACCTGAACCCACCTGGA_025,42
AGCACCTGAACCCACCTGGA_026,120
AGCACCTGAACCCACCTGGA_027,126
AGCACCTGAACCCACCTGGA_028,28
AGCACCTGAACCCACCTGGA_029,171
AGCACCTGAACCCACCTGGA_030,148
AGCACCTGAACCCACCTGGA_031,187
AGCACCTGAACCCACCTGGA_032,124
AGCACCTGAACCCACCTGGA_033,40
AGCACCTGAACCCACCTGGA_034,94
AGCACCTGAACCCACCTGGA_035,46
AGCACCTGAACCCACCTGGA_036,94
AGCACCTGAACCCACCTGGA_037,4
ACATAATCTGAACCCCACAT_001,188
ACATAATCTGAACCCCACAT_002,191
AGTTTGTTAAATGCTTCATG_001,94
AGTTTGTTAAATGCTTCATG_002,20
GAGCGTGCATAGCGACACTC_001,94
GAGCGTGCATAGCGACACTC_002,188
GAGCGTGCATAGCGACACTC_003,188
GAGCGTGCATAGCGACACTC_004,175
GAGCGTGCATAGCGACACTC_005,10
GAGCGTGCATAGCGACACTC_006,144
GAGCGTGCATAGCGACACTC_007,13
GAGCGTGCATAGCGACACTC_008,130
GCTGACTGCATACCAGTCGA_001,72
GCTGACTGCATACCAGTCGA_002,193
GCTGACTGCATACCAGTCGA_003,153
GTTGTTCAGTCCCAAATGTG_001,137
GTTGTTCAGTCCCAAATGTG_002,58
GTTGTTCAGTCCCAAATGTG_003,20
GTTGTTCAGTCCCAAATGTG_004,106
CGACTTCTACGCTTACGACG_001,43
CGACTTCTACGCTTACGACG_002,35
CGACTTCTACGCTTACGACG_003,16
CGACTTCTACGCTTACGACG_004,147
CGACTTCTACGCTTACGACG_005,105
CGACTTCTACGCTTACGACG_006,52
CGACTTCTACGCTTACGACG_007,76
CGACTTCTACGCTTACGACG_008,88
CGACTTCTACGCTTACGACG_009,198
CGACTTCTACGCTTACGACG_010,147
CGACTTCTACGCTTACGACG_011,48
CTTCCGGCAGAATCGAAGCG_001,13
CTTCCGGCAGAATCGAAGCG_002,87
CTTCCGGCAGAATCGAAGCG_003,81
CTTCCGGCAGAATCGAAGCG_004,160
AACTGGATATTAGTATTGCT_001,172
AACTGGATATTAGTATTGCT_002,52
AACTGGATATTAGTATTGCT_003,40
AACTGGATATTAGTATTGCT_004,197
AACTGGATATTAGTATTGCT_005,88
AACTGGATATTAGTATTGCT_006,19
AACTGGATATTAGTATTGCT_007,19
AACTGGATATTAGTATTGCT_008,13
GAAGCGATCCGAGAGTGTAT_001,60
GAAGCGATCCGAGAGTGTAT_002,140
GAAGCGATCCGAGAGTGTAT_003,17
GAAGCGATCCGAGAGTGTAT_004,140
GAAGCGATCCGAGAGTGTAT_005,16
GAAGCGATCCGAGAGTGTAT_006,72
GAAGCGATCCGAGAGTGTAT_007,145
GAAGCGATCCGAGAGTGTAT_008,184
GAAGCGATCCGAGAGTGTAT_009,16
GAAGCGATCCGAGAGTGTAT_010,19
GAAGCGATCCGAGAGTGTAT_011,122
GAAGCGATCCGAGAGTGTAT_012,25
GAAGCGATCCGAGAGTGTAT_013,142
GAAGCGATCCGAGAGTGTAT_014,63
GAAGCGATCCGAGAGTGTAT_015,142
GAAGCGATCCGAGAGTGTAT_016,170
GAAGCGATCCGAGAGTGTAT_017,160
GAAGCGATCCGAGAGTGTAT_018,34
GAAGCGATCCGAGAGTGTAT_019,94
GAAGCGATCCGAGAGTGTAT_020,123
GAAGCGATCCGAGAGTGTAT_021,174
GAGGCCAGGTAATTACCGCA_001,19
GAGGCCAGGTAATTACCGCA_002,27
GCCACTTGACATCAACCCCG_001,48
GCCACTTGACATCAACCCCG_002,115
GCCACTTGACATCAACCCCG_003,70
GCCACTTGACATCAACCCCG_004,5
GCCACTTGACATCAACCCCG_005,70
GCCACTTGACATCAACCCCG_006,5
GCCACTTGACATCAACCCCG_007,105
GCCACTTGACATCAACCCCG_008,68
GCCACTTGACATCAACCCCG_009,104
GCCACTTGACATCAACCCCG_010,61
ACATAGGCGATGAAGCCACC_001,96
ACATAGGCGATGAAGCCACC_002,70
ACATAGGCGATGAAGCCACC_003,34
GCAGAAGGACGTCCTAAACA_001,60
GCAGAAGGACGTCCTAAACA_002,44
ATTATCCAACATCTGAACAA_001,106
ATTATCCAACATCTGAACAA_002,185
ATTATCCAACATCTGAACAA_003,44
ATTATCCAACATCTGAACAA_004,172
ATTATCCAACATCTGAACAA_005,70
GGTCACAAAAGTGAATCACG_001,29
GGTCACAAAAGTGAATCACG_002,60
GGTCACAAAAGTGAATCACG_003,59
GGTCACAAAAGTGAATCACG_004,143
GGTCACAAAAGTGAATCACG_005,162
TTGGAGTTTGAGAAGCATCG_001,152
TTGGAGTTTGAGAAGCATCG_002,113
TTGGAGTTTGAGAAGCATCG_003,29
TTGGAGTTTGAGAAGCATCG_004,60
TTGGAGTTTGAGAAGCATCG_005,104
TTGGAGTTTGAGAAGCATCG_006,93
TTGGAGTTTGAGAAGCATCG_007,182
TTGGAGTTTGAGAAGCATCG_008,60
AAAACACTATTAGCTGACAA_001,172
AAAACACTATTAGCTGACAA_002,141
GCCTGGAGCGAAAACAGCGA_001,88
GCCTGGAGCGAAAACAGCGA_002,48
GCCTGGAGCGAAAACAGCGA_003,9
GCCTGGAGCGAAAACAGCGA_004,105
GCCTGGAGCGAAAACAGCGA_005,176
GCCTGGAGCGAAAACAGCGA_006,60
GCCTGGAGCGAAAACAGCGA_007,6
GCCTGGAGCGAAAACAGCGA_008,60
GCCTGGAGCGAAAACAGCGA_009,54
GCCTGGAGCGAAAACAGCGA_010,162
GCCTGGAGCGAAAACAGCGA_011,142
GCCTGGAGCGAAAACAGCGA_012,150
GCCTGGAGCGAAAACAGCGA_013,67
GAGGCTTGACACTCACGTGT_001,94
GAGGCTTGACACTCACGTGT_002,188
GAGGCTTGACACTCACGTGT_003,190
GAGGCTTGACACTCACGTGT_004,148
GAGGCTTGACACTCACGTGT_005,67
GAGGCTTGACACTCACGTGT_006,20
GGCCGGCCTCGAACCACTCT_001,45
GGCCGGCCTCGAACCACTCT_002,22
GGCCGGCCTCGAACCACTCT_003,14
GGCCGGCCTCGAACCACTCT_004,118
GGCCGGCCTCGAACCACTCT_005,75
GGCCGGCCTCGAACCACTCT_006,86
GCATCTGCCATACCTTCCGG_001,48
GCATCTGCCATACCTTCCGG_002,156
GCATCTGCCATACCTTCCGG_003,162
GCATCTGCCATACCTTCCGG_004,182
GCATCTGCCATACCTTCCGG_005,85
GCATCTGCCATACCTTCCGG_006,116
GCATCTGCCATACCTTCCGG_007,39
GCATCTGCCATACCTTCCGG_008,3
GCATCTGCCATACCTTCCGG_009,63
GCATCTGCCATACCTTCCGG_010,60
CAAGAAAGGAAACCCAGATG_001,48
CAAGAAAGGAAACCCAGATG_002,183
CAAGAAAGGAAACCCAGATG_003,24
CAAGAAAGGAAACCCAGATG_004,19
CAAGAAAGGAAACCCAGATG_005,9
CAAGAAAGGAAACCCAGATG_006,108
CAAGAAAGGAAACCCAGATG_007,174
CAAGAAAGGAAACCCAGATG_008,68
GGAAGACATGAATTCAGCAG_001,164
GGAAGACATGAATTCAGCAG_002,150
GGAAGACATGAATTCAGCAG_003,156
GGAAGACATGAATTCAGCAG_004,148
GGAAGACATGAATTCAGCAG_005,121
GTGAGTAGGAGATCATGTCG_001,134
GTGAGTAGGAGATCATGTCG_002,19
GTGATGTAGTTTCTCGACAG_001,127
GTGATGTAGTTTCTCGACAG_002,181
GTGATGTAGTTTCTCGACAG_003,101
GTGATGTAGTTTCTCGACAG_004,13
GTGATGTAGTTTCTCGACAG_005,115
GTGATGTAGTTTCTCGACAG_006,31
GTGATGTAGTTTCTCGACAG_007,13
GTGATGTAGTTTCTCGACAG_008,34
GTGATGTAGTTTCTCGACAG_009,199
GTGATGTAGTTTCTCGACAG_010,147
GTGATGTAGTTTCTCGACAG_011,91
GTGATGTAGTTTCTCGACAG_012,17
GTGATGTAGTTTCTCGACAG_013,12
GTGATGTAGTTTCTCGACAG_014,5
GTGATGTAGTTTCTCGACAG_015,152
GTGATGTAGTTTCTCGACAG_016,51
GAGCATGACTGGGTCCACTG_001,183
GAGCATGACTGGGTCCACTG_002,192
GAGCATGACTGGGTCCACTG_003,125
GAGCATGACTGGGTCCACTG_004,57
GAGCATGACTGGGTCCACTG_005,191
GAGCATGACTGGGTCCACTG_006,180
GAGCATGACTGGGTCCACTG_007,91
CAGACCCTCCATGTCCACGT_001,42
CAGACCCTCCATGTCCACGT_002,175
CAGACCCTCCATGTCCACGT_003,149
CAGACCCTCCATGTCCACGT_004,13
CAGACCCTCCATGTCCACGT_005,83
CAGACCCTCCATGTCCACGT_006,172
TTTTTCTCACCCGATGAATC_001,77
TTTTTCTCACCCGATGAATC_002,192
TTTTTCTCACCCGATGAATC_003,192
TTTTTCTCACCCGATGAATC_004,189
TTTTTCTCACCCGATGAATC_005,85
TTTTTCTCACCCGATGAATC_006,110
TTTTTCTCACCCGATGAATC_007,152
TTTTTCTCACCCGATGAATC_008,105
TTTTTCTCACCCGATGAATC_009,175
TTTTTCTCACCCGATGAATC_010,0
AGGCAGAGGTTGTATAACAG_001,172
AGGCAGAGGTTGTATAACAG_002,163
AGGCAGAGGTTGTATAACAG_003,185
AGGCAGAGGTTGTATAACAG_004,140
AGGCAGAGGTTGTATAACAG_005,174
AGGCAGAGGTTGTATAACAG_006,70
AGGCAGAGGTTGTATAACAG_007,176
AGGCAGAGGTTGTATAACAG_008,8
AGGCAGAGGTTGTATAACAG_009,172
AGGCAGAGGTTGTATAACAG_010,68
AGGCAGAGGTTGTATAACAG_011,1
AGGCAGAGGTTGTATAACAG_012,111
CCCCAAGAACTACCCCCCGG_001,30
CCCCAAGAACTACCCCCCGG_002,93
CCCCAAGAACTACCCCCCGG_003,168
CCCCAAGAACTACCCCCCGG_004,71
CCCCAAGAACTACCCCCCGG_005,147
CCCCAAGAACTACCCCCCGG_006,79
CCCCAAGAACTACCCCCCGG_007,41
CCCCAAGAACTACCCCCCGG_008,70
CATCGTCACCACCGACCACA_001,67
CATCGTCACCACCGACCACA_002,153
CATCGTCACCACCGACCACA_003,6
CATCGTCACCACCGACCACA_004,64
CATCGTCACCACCGACCACA_005,23
CATCGTCACCACCGACCACA_006,44
CATCGTCACCACCGACCACA_007,111
CATCGTCACCACCGACCACA_008,111
CATCGTCACCACCGACCACA_009,48
CATCGTCACCACCGACCACA_010,160
CATCGTCACCACCGACCACA_011,41
CATCGTCACCACCGACCACA_012,110
CATCGTCACCACCGACCACA_013,127
CATCGTCACCACCGACCACA_014,162
CATCGTCACCACCGACCACA_015,187
CATCGTCACCACCGACCACA_016,190
CATCGTCACCACCGACCACA_017,43
CCCTGCGACTCCGACCACCT_001,6
CCCTGCGACTCCGACCACCT_002,127
CCCTGCGACTCCGACCACCT_003,65
CCCTGCGACTCCGACCACCT_004,62
CCCTGCGACTCCGACCACCT_005,127
CCCTGCGACTCCGACCACCT_006,48
CCCTGCGACTCCGACCACCT_007,16
CCCTGCGACTCCGACCACCT_008,8
CCCTGCGACTCCGACCACCT_009,16
CCCTGCGACTCCGACCACCT_010,184
CCCTGCGACTCCGACCACCT_011,41
CCCTGCGACTCCGACCACCT_012,152
CCCTGCGACTCCGACCACCT_013,58
CCCTGCGACTCCGACCACCT_014,70
CCCTGCGACTCCGACCACCT_015,9
CCCTGCGACTCCGACCACCT_016,195
CCCTGCGACTCCGACCACCT_017,159
CCCTGCGACTCCGACCACCT_018,22
CCCTGCGACTCCGACCACCT_019,191
CCCTGCGACTCCGACCACCT_020,56
AAAGTGAGGAACCTCACAAG_001,129
AAAGTGAGGAACCTCACAAG_002,94
AAAGTGAGGAACCTCACAAG_003,82
AAAGTGAGGAACCTCACAAG_004,195
AAAGTGAGGAACCTCACAAG_005,177
GGCACACTTAGTTCAGGACA_001,119
GGCACACTTAGTTCAGGACA_002,83
GGCACACTTAGTTCAGGACA_003,182
GGCACACTTAGTTCAGGACA_004,158
GGCACACTTAGTTCAGGACA_005,159
AGAATAGTGGAACAATGACA_001,49
AGAATAGTGGAACAATGACA_002,175
AGAATAGTGGAACAATGACA_003,91
AGAATAGTGGAACAATGACA_004,103
AGAATAGTGGAACAATGACA_005,19
AGAATAGTGGAACAATGACA_006,19
AGAATAGTGGAACAATGACA_007,62
AGAATAGTGGAACAATGACA_008,129
GAGTACCCATCTGTGAACAC_001,198
GAGTACCCATCTGTGAACAC_002,145
GAGTACCCATCTGTGAACAC_003,191
GAGTACCCATCTGTGAACAC_004,184
GAGTACCCATCTGTGAACAC_005,65
GAGTACCCATCTGTGAACAC_006,88
GCTCCATGAATGGCTCGCGG_001,166
GCTCCATGAATGGCTCGCGG_002,158
GCTCCATGAATGGCTCGCGG_003,176
GCTCCATGAATGGCTCGCGG_004,181
GCTCCATGAATGGCTCGCGG_005,91
GCTCCATGAATGGCTCGCGG_006,40
GCTCCATGAATGGCTCGCGG_007,190
GCTCCATGAATGGCTCGCGG_008,156
GCTCCATGAATGGCTCGCGG_009,113
GCTCCATGAATGGCTCGCGG_010,49
ATGCTAGACTTACCCACACA_001,120
ATGCTAGACTTACCCACACA_002,81
ATGCTAGACTTACCCACACA_003,35
ATGCTAGACTTACCCACACA_004,34
ATGCTAGACTTACCCACACA_005,116
ATGCTAGACTTACCCACACA_006,94
ATGCTAGACTTACCCACACA_007,19
ATGCTAGACTTACCCACACA_008,150
CAGAAACTACACGGTCACCG_001,116
CAGAAACTACACGGTCACCG_002,132
CAGAAACTACACGGTCACCG_003,175
CAGAAACTACACGGTCACCG_004,165
ACAGCGAAGCAGGATGCAGT_001,83
ACAGCGAAGCAGGATGCAGT_002,44
ACAGCGAAGCAGGATGCAGT_003,29
ACAGCGAAGCAGGATGCAGT_004,102
ACAGCGAAGCAGGATGCAGT_005,23
ACAGCGAAGCAGGATGCAGT_006,105
ACAGCGAAGCAGGATGCAGT_007,76
ACAGCGAAGCAGGATGCAGT_008,13
ACAGCGAAGCAGGATGCAGT_009,143
ACAGCGAAGCAGGATGCAGT_010,192
ACAGCGAAGCAGGATGCAGT_011,30
ACAGCGAAGCAGGATGCAGT_012,58
ACAGCGAAGCAGGATGCAGT_013,160
ACAGCGAAGCAGGATGCAGT_014,73
ACAGCGAAGCAGGATGCAGT_015,85
ACAGCGAAGCAGGATGCAGT_016,114
ACAGCGAAGCAGGATGCAGT_017,185
ACAGCGAAGCAGGATGCAGT_018,86
ACAGCGAAGCAGGATGCAGT_019,180
ACAGCGAAGCAGGATGCAGT_020,9
ACAGCGAAGCAGGATGCAGT_021,175
ACAGCGAAGCAGGATGCAGT_022,40
ACAGCGAAGCAGGATGCAGT_023,178
ACAGCGAAGCAGGATGCAGT_024,111
ACAGCGAAGCAGGATGCAGT_025,104
ACAGCGAAGCAGGATGCAGT_026,127
ACAGCGAAGCAGGATGCAGT_027,160
ACAGCGAAGCAGGATGCAGT_028,160
ACAGCGAAGCAGGATGCAGT_029,136
ACAGCGAAGCAGGATGCAGT_030,43
ACAGCGAAGCAGGATGCAGT_031,188
ACAGCGAAGCAGGATGCAGT_032,149
ACAGCGAAGCAGGATGCAGT_033,43
CCCTGCACTGTCATACACCG_001,78
CCCTGCACTGTCATACACCG_002,56
CCTTCATGGCCCAAGATGGT_001,188
CCTTCATGGCCCAAGATGGT_002,163
CCTTCATGGCCCAAGATGGT_003,13
CCTTCATGGCCCAAGATGGT_004,128
CCTTCATGGCCCAAGATGGT_005,75
CCTTCATGGCCCAAGATGGT_006,92
CCTTCATGGCCCAAGATGGT_007,171
CCTTCATGGCCCAAGATGGT_008,170
CCTTCATGGCCCAAGATGGT_009,1
CCTTCATGGCCCAAGATGGT_010,19
CCTTCATGGCCCAAGATGGT_011,91
CCTTCATGGCCCAAGATGGT_012,17
CCTTCATGGCCCAAGATGGT_013,141
CCTTCATGGCCCAAGATGGT_014,147
CCTTCATGGCCCAAGATGGT_015,65
CCTTCATGGCCCAAGATGGT_016,172
CCTTCATGGCCCAAGATGGT_017,159
CCTTCATGGCCCAAGATGGT_018,56
CCTTCATGGCCCAAGATGGT_019,94
CCTTCATGGCCCAAGATGGT_020,38
CCTTCATGGCCCAAGATGGT_021,144
CCTTCATGGCCCAAGATGGT_022,81
CCTTCATGGCCCAAGATGGT_023,43
AGCGCGAGGCCACAGTCCAG_001,170
AGCGCGAGGCCACAGTCCAG_002,112
AGCGCGAGGCCACAGTCCAG_003,118
AGCGCGAGGCCACAGTCCAG_004,81
AGCGCGAGGCCACAGTCCAG_005,1
AGCGCGAGGCCACAGTCCAG_006,151
AGCGCGAGGCCACAGTCCAG_007,101
AGCGCGAGGCCACAGTCCAG_008,153
AGCGCGAGGCCACAGTCCAG_009,58
AGCGCGAGGCCACAGTCCAG_010,48
AGCGCGAGGCCACAGTCCAG_011,105
AGCGCGAGGCCACAGTCCAG_012,148
AGCGCGAGGCCACAGTCCAG_013,78
AGCGCGAGGCCACAGTCCAG_014,81
AGCGCGAGGCCACAGTCCAG_015,56
AGCGCGAGGCCACAGTCCAG_016,69
AGCGCGAGGCCACAGTCCAG_017,134
AGCGCGAGGCCACAGTCCAG_018,8
AGCGCGAGGCCACAGTCCAG_019,30
AGCGCGAGGCCACAGTCCAG_020,149
AGCGCGAGGCCACAGTCCAG_021,29
AGCGCGAGGCCACAGTCCAG_022,47
AGCGCGAGGCCACAGTCCAG_023,86
AGCGCGAGGCCACAGTCCAG_024,110
AGCGCGAGGCCACAGTCCAG_025,175
AGCGCGAGGCCACAGTCCAG_026,12
AGCGCGAGGCCACAGTCCAG_027,50
AGCGCGAGGCCACAGTCCAG_028,103
AGCGCGAGGCCACAGTCCAG_029,56
AGCGCGAGGCCACAGTCCAG_030,104
AGCGCGAGGCCACAGTCCAG_031,50
AGCGCGAGGCCACAGTCCAG_032,186
AGCGCGAGGCCACAGTCCAG_033,19
AGCGCGAGGCCACAGTCCAG_034,116
AGCGCGAGGCCACAGTCCAG_035,177
AGCGCGAGGCCACAGTCCAG_036,190
AGCGCGAGGCCACAGTCCAG_037,95
AGCGCGAGGCCACAGTCCAG_038,183
AGCGCGAGGCCACAGTCCAG_039,183
AGCGCGAGGCCACAGTCCAG_040,35
AGCGCGAGGCCACAGTCCAG_041,48
AGCGCGAGGCCACAGTCCAG_042,84
AGCGCGAGGCCACAGTCCAG_043,49
AGCGCGAGGCCACAGTCCAG_044,134
AGCGCGAGGCCACAGTCCAG_045,175
AGCGCGAGGCCACAGTCCAG_046,172
AGCGCGAGGCCACAGTCCAG_047,37
AGCGCGAGGCCACAGTCCAG_048,29
AGCGCGAGGCCACAGTCCAG_049,77
AGCGCGAGGCCACAGTCCAG_050,26
AGCGCGAGGCCACAGTCCAG_051,90
AGCGCGAGGCCACAGTCCAG_052,160
AGCGCGAGGCCACAGTCCAG_053,121
AGCGCGAGGCCACAGTCCAG_054,3
AGCGCGAGGCCACAGTCCAG_055,28
AGCGCGAGGCCACAGTCCAG_056,137
AGGTAACCTGGACATCACTC_001,8
AGGTAACCTGGACATCACTC_002,94
AGGTAACCTGGACATCACTC_003,62
AGGTAACCTGGACATCACTC_004,83
AGGTAACCTGGACATCACTC_005,177
AGGTAACCTGGACATCACTC_006,74
AGGTAACCTGGACATCACTC_007,187
AGGTAACCTGGACATCACTC_008,151
AGGTAACCTGGACATCACTC_009,46
AGGTAACCTGGACATCACTC_010,19
AGAAAGGAGTCTTTGGACAG_001,175
AGAAAGGAGTCTTTGGACAG_002,77
AGAAAGGAGTCTTTGGACAG_003,19
AGAAAGGAGTCTTTGGACAG_004,15
AGAAAGGAGTCTTTGGACAG_005,61
AGAAAGGAGTCTTTGGACAG_006,60
AGAAAGGAGTCTTTGGACAG_007,175
AGAAAGGAGTCTTTGGACAG_008,197
AGAAAGGAGTCTTTGGACAG_009,20
AGAAAGGAGTCTTTGGACAG_010,172
AGAAAGGAGTCTTTGGACAG_011,150
AGAAAGGAGTCTTTGGACAG_012,49
AGAAAGGAGTCTTTGGACAG_013,34
CTCGTCGAAGCCTTGCCGAA_001,6
CTCGTCGAAGCCTTGCCGAA_002,6
CTCGTCGAAGCCTTGCCGAA_003,136
CTCGTCGAAGCCTTGCCGAA_004,49
CTCGTCGAAGCCTTGCCGAA_005,107
CTCGTCGAAGCCTTGCCGAA_006,7
CTCGTCGAAGCCTTGCCGAA_007,198
CTCGTCGAAGCCTTGCCGAA_008,76
CTCGTCGAAGCCTTGCCGAA_009,123
CTCGTCGAAGCCTTGCCGAA_010,198
CTCGTCGAAGCCTTGCCGAA_011,148
CTCGTCGAAGCCTTGCCGAA_012,38
CTCGTCGAAGCCTTGCCGAA_013,169
CTCGTCGAAGCCTTGCCGAA_014,121
CTCGTCGAAGCCTTGCCGAA_015,32
CTCGTCGAAGCCTTGCCGAA_016,121
CTCGTCGAAGCCTTGCCGAA_017,120
CTCGTCGAAGCCTTGCCGAA_018,70
CTCGTCGAAGCCTTGCCGAA_019,166
CTGGTGCAGACCAAAGGTAC_001,19
CTGGTGCAGACCAAAGGTAC_002,98
CTGGTGCAGACCAAAGGTAC_003,115
CTGGTGCAGACCAAAGGTAC_004,77
CTGGTGCAGACCAAAGGTAC_005,127
CTGGTGCAGACCAAAGGTAC_006,145
CTGGTGCAGACCAAAGGTAC_007,159
CTGGTGCAGACCAAAGGTAC_008,193
CTGGTGCAGACCAAAGGTAC_009,115
CTGGTGCAGACCAAAGGTAC_010,61
CTGGTGCAGACCAAAGGTAC_011,145
GCAGAATACGTACACCAATG_001,171
GCAGAATACGTACACCAATG_002,2
GCAGAATACGTACACCAATG_003,178
GCAGAATACGTACACCAATG_004,81
GCAGAATACGTACACCAATG_005,2
GCAGAATACGTACACCAATG_006,138
CTCCACAGCTTCATGCGTCG_001,19
CTCCACAGCTTCATGCGTCG_002,14
CCAGATCTCGAAAAACTGTG_001,60
CCAGATCTCGAAAAACTGTG_002,8
CCAGATCTCGAAAAACTGTG_003,121
CCAGATCTCGAAAAACTGTG_004,156
CCAGATCTCGAAAAACTGTG_005,94
CCAGATCTCGAAAAACTGTG_006,161
CCAGATCTCGAAAAACTGTG_007,35
CCAGATCTCGAAAAACTGTG_008,57
CCAGATCTCGAAAAACTGTG_009,172
CCAGATCTCGAAAAACTGTG_010,40
CCAGATCTCGAAAAACTGTG_011,163
CCAGATCTCGAAAAACTGTG_012,151
CCAGATCTCGAAAAACTGTG_013,13
CCAGATCTCGAAAAACTGTG_014,138
CCAGATCTCGAAAAACTGTG_015,125
CCAGATCTCGAAAAACTGTG_016,196
CCAGATCTCGAAAAACTGTG_017,191
CCAGATCTCGAAAAACTGTG_018,191
CCCAGCGGTTACCTTCGGCA_001,113
CCCAGCGGTTACCTTCGGCA_002,45
CCCAGCGGTTACCTTCGGCA_003,26
CCCAGCGGTTACCTTCGGCA_004,69
CCCAGCGGTTACCTTCGGCA_005,158
CCCAGCGGTTACCTTCGGCA_006,7
CCCAGCGGTTACCTTCGGCA_007,120
CCCAGCGGTTACCTTCGGCA_008,118
CCCAGCGGTTACCTTCGGCA_009,47
CCCAGCGGTTACCTTCGGCA_010,177
CCGTGACAAACCGAGCACTG_001,149
CCGTGACAAACCGAGCACTG_002,21
CCGTGACAAACCGAGCACTG_003,6
CCGTGACAAACCGAGCACTG_004,199
CCGTGACAAACCGAGCACTG_005,113
CCGTGACAAACCGAGCACTG_006,172
CCGTGACAAACCGAGCACTG_007,127
CCGTGACAAACCGAGCACTG_008,54
CCGTGACAAACCGAGCACTG_009,146
CCGTGACAAACCGAGCACTG_010,156
CCGTGACAAACCGAGCACTG_011,68
CCGTGACAAACCGAGCACTG_012,26
CCGTGACAAACCGAGCACTG_013,179
CCGTGACAAACCGAGCACTG_014,184
CCGTGACAAACCGAGCACTG_015,145
CCGTGACAAACCGAGCACTG_016,68
CCGTGACAAACCGAGCACTG_017,175
CCGTGACAAACCGAGCACTG_018,149
CCGTGACAAACCGAGCACTG_019,187
CCGTGACAAACCGAGCACTG_020,174
CCGTGACAAACCGAGCACTG_021,137
CCGTGACAAACCGAGCACTG_022,136
CCGTGACAAACCGAGCACTG_023,34
CCGTGACAAACCGAGCACTG_024,116
CCGTGACAAACCGAGCACTG_025,77
CCGTGACAAACCGAGCACTG_026,46
CCGTGACAAACCGAGCACTG_027,45
GACTTGTATAAAGATCGACT_001,141
AGAACGTGAGATGGACATCG_001,176
AGAACGTGAGATGGACATCG_002,157
AGAACGTGAGATGGACATCG_003,85
AGAACGTGAGATGGACATCG_004,161
AGAACGTGAGATGGACATCG_005,102
AGAACGTGAGATGGACATCG_006,69
AGAACGTGAGATGGACATCG_007,150
AGAACGTGAGATGGACATCG_008,148
AGAACGTGAGATGGACATCG_009,49
AGAACGTGAGATGGACATCG_010,48
TATTCCTGAATACCTGTGTG_001,153
TATTCCTGAATACCTGTGTG_002,16
TATTCCTGAATACCTGTGTG_003,158
TATTCCTGAATACCTGTGTG_004,144
TATTCCTGAATACCTGTGTG_005,174
TATTCCTGAATACCTGTGTG_006,50
TATTCCTGAATACCTGTGTG_007,62
TATTCCTGAATACCTGTGTG_008,116
TATTCCTGAATACCTGTGTG_009,154
TATTCCTGAATACCTGTGTG_010,127
TATTCCTGAATACCTGTGTG_011,50
TATTCCTGAATACCTGTGTG_012,29
TATTCCTGAATACCTGTGTG_013,54
TATTCCTGAATACCTGTGTG_014,120
TATTCCTGAATACCTGTGTG_015,50
TATTCCTGAATACCTGTGTG_016,162
TATTCCTGAATACCTGTGTG_017,79
TATTCCTGAATACCTGTGTG_018,0
TATGCACTGAATGGGTGACT_001,177
TATGCACTGAATGGGTGACT_002,125
TATGCACTGAATGGGTGACT_003,6
TATGCACTGAATGGGTGACT_004,97
TATGCACTGAATGGGTGACT_005,189
TATGCACTGAATGGGTGACT_006,60
TATGCACTGAATGGGTGACT_007,105
TATGCACTGAATGGGTGACT_008,23
TATGCACTGAATGGGTGACT_009,156
TATGCACTGAATGGGTGACT_010,50
TATGCACTGAATGGGTGACT_011,168
TATGCACTGAATGGGTGACT_012,28
AGAGGTCAAGGCATAGCTCA_001,88
AGAGGTCAAGGCATAGCTCA_002,7
AGAGGTCAAGGCATAGCTCA_003,6
AGAGGTCAAGGCATAGCTCA_004,168
AGAGGTCAAGGCATAGCTCA_005,17
AGAGGTCAAGGCATAGCTCA_006,55
CCAGCAATCAGGCCTCATGG_001,172
CCAGCAATCAGGCCTCATGG_002,169
CCAGCAATCAGGCCTCATGG_003,62
CCAGCAATCAGGCCTCATGG_004,147
CCAGCAATCAGGCCTCATGG_005,69
ATTCCAGAGTGTGCCTACCA_001,70
ATTCCAGAGTGTGCCTACCA_002,2
ATTCCAGAGTGTGCCTACCA_003,25
ATTCCAGAGTGTGCCTACCA_004,29
ATTCCAGAGTGTGCCTACCA_005,148
ATTCCAGAGTGTGCCTACCA_006,5
ATTCCAGAGTGTGCCTACCA_007,183
ATTCCAGAGTGTGCCTACCA_008,46
ATTCCAGAGTGTGCCTACCA_009,144
ATTCCAGAGTGTGCCTACCA_010,77
ATTCCAGAGTGTGCCTACCA_011,160
ATTCCAGAGTGTGCCTACCA_012,191
ATTCCAGAGTGTGCCTACCA_013,5
ATTCCAGAGTGTGCCTACCA_014,195
ATTCCAGAGTGTGCCTACCA_015,148
ATTCCAGAGTGTGCCTACCA_016,34
ATTCCAGAGTGTGCCTACCA_017,62
ATTCCAGAGTGTGCCTACCA_018,180
ATTCCAGAGTGTGCCTACCA_019,98
ATTCCAGAGTGTGCCTACCA_020,2
TCAGCTTCCTCGCCTCAAGT_001,2
TCAGCTTCCTCGCCTCAAGT_002,108
TCAGCTTCCTCGCCTCAAGT_003,36
TCAGCTTCCTCGCCTCAAGT_004,20
TCAGCTTCCTCGCCTCAAGT_005,148
TCAGCTTCCTCGCCTCAAGT_006,7
TCAGCTTCCTCGCCTCAAGT_007,166
TCAGCTTCCTCGCCTCAAGT_008,168
TCAGCTTCCTCGCCTCAAGT_009,38
TCAGCTTCCTCGCCTCAAGT_010,115
TCAGCTTCCTCGCCTCAAGT_011,49
GTTTCCAATGAAGGGCAGTG_001,33
GTTTCCAATGAAGGGCAGTG_002,106
GTTTCCAATGAAGGGCAGTG_003,88
GTTTCCAATGAAGGGCAGTG_004,102
GTTTCCAATGAAGGGCAGTG_005,103
GTTTCCAATGAAGGGCAGTG_006,43
GTTTCCAATGAAGGGCAGTG_007,148
GTTTCCAATGAAGGGCAGTG_008,17
GTTTCCAATGAAGGGCAGTG_009,154
GTTTCCAATGAAGGGCAGTG_010,101
GTTTCCAATGAAGGGCAGTG_011,70
GTTTCCAATGAAGGGCAGTG_012,24
GTTTCCAATGAAGGGCAGTG_013,99
GTTTCCAATGAAGGGCAGTG_014,102
GTTTCCAATGAAGGGCAGTG_015,16
GTTTCCAATGAAGGGCAGTG_016,181
GTTTCCAATGAAGGGCAGTG_017,77
GTTTCCAATGAAGGGCAGTG_018,70
GTTTCCAATGAAGGGCAGTG_019,172
GTTTCCAATGAAGGGCAGTG_020,69
GTGACTGTGTCTGCTAGTGC_001,107
GTGACTGTGTCTGCTAGTGC_002,103
GTGACTGTGTCTGCTAGTGC_003,134
GAAGAGAACATCCAGGACCA_001,91
GAAGAGAACATCCAGGACCA_002,149
CCGCTCAGACCAGCCCACGG_001,79
CCGCTCAGACCAGCCCACGG_002,181
CCGCTCAGACCAGCCCACGG_003,142
CCGCTCAGACCAGCCCACGG_004,166
CCGCTCAGACCAGCCCACGG_005,188
CCGCTCAGACCAGCCCACGG_006,19
CCGCTCAGACCAGCCCACGG_007,28
CCGCTCAGACCAGCCCACGG_008,2
CCGCTCAGACCAGCCCACGG_009,88
CCGCTCAGACCAGCCCACGG_010,60
CCGCTCAGACCAGCCCACGG_011,105
CCGCTCAGACCAGCCCACGG_012,24
CCGCTCAGACCAGCCCACGG_013,181
CCGCTCAGACCAGCCCACGG_014,15
CCGCTCAGACCAGCCCACGG_015,13
CCGCTCAGACCAGCCCACGG_016,76
CCGCTCAGACCAGCCCACGG_017,149
CCGCTCAGACCAGCCCACGG_018,94
CCGCTCAGACCAGCCCACGG_019,177
CCGCTCAGACCAGCCCACGG_020,76
CCGCTCAGACCAGCCCACGG_021,17
CCGCTCAGACCAGCCCACGG_022,149
CCGCTCAGACCAGCCCACGG_023,19
CCGCTCAGACCAGCCCACGG_024,151
CCGCTCAGACCAGCCCACGG_025,12
CCGCTCAGACCAGCCCACGG_026,60
CCGCTCAGACCAGCCCACGG_027,134
CCGCTCAGACCAGCCCACGG_028,134
CCGCTCAGACCAGCCCACGG_029,160
CCGCTCAGACCAGCCCACGG_030,24
CCGCTCAGACCAGCCCACGG_031,115
CCGCTCAGACCAGCCCACGG_032,9
CCGCTCAGACCAGCCCACGG_033,96
CCGCTCAGACCAGCCCACGG_034,12
CCGCTCAGACCAGCCCACGG_035,38
CCGCTCAGACCAGCCCACGG_036,25
CCGCTCAGACCAGCCCACGG_037,197
CCGCTCAGACCAGCCCACGG_038,41
CCGCTCAGACCAGCCCACGG_039,56
CCGCTCAGACCAGCCCACGG_040,106
CCGCTCAGACCAGCCCACGG_041,177
CCGCTCAGACCAGCCCACGG_042,147
CCGCTCAGACCAGCCCACGG_043,111
CCGCTCAGACCAGCCCACGG_044,85
CCGCTCAGACCAGCCCACGG_045,81
CCGCTCAGACCAGCCCACGG_046,9
CCGCTCAGACCAGCCCACGG_047,115
CCGCTCAGACCAGCCCACGG_048,149
CCGCTCAGACCAGCCCACGG_049,73
CCGCTCAGACCAGCCCACGG_050,54
CCGCTCAGACCAGCCCACGG_051,32
CCGCTCAGACCAGCCCACGG_052,29
CCGCTCAGACCAGCCCACGG_053,33
CCGCTCAGACCAGCCCACGG_054,34
CCGCTCAGACCAGCCCACGG_055,15
CCGCTCAGACCAGCCCACGG_056,107
CCGCTCAGACCAGCCCACGG_057,41
CCGCTCAGACCAGCCCACGG_058,175
CCGCTCAGACCAGCCCACGG_059,157
CCGCTCAGACCAGCCCACGG_060,169
AGAGAACTTTCCCTGCGAGG_001,73
AGAGAACTTTCCCTGCGAGG_002,77
TCTTTCGGACTGGACGACAT_001,123
TCTTTCGGACTGGACGACAT_002,183
TCTTTCGGACTGGACGACAT_003,184
TCTTTCGGACTGGACGACAT_004,145
TCTTTCGGACTGGACGACAT_005,186
TCTTTCGGACTGGACGACAT_006,182
TCTTTCGGACTGGACGACAT_007,78
TCTTTCGGACTGGACGACAT_008,121
TCTTTCGGACTGGACGACAT_009,139
TCTTTCGGACTGGACGACAT_010,3
GCACTACCATTACCGAATCG_001,123
GCACTACCATTACCGAATCG_002,93
GCACTACCATTACCGAATCG_003,170
GCACTACCATTACCGAATCG_004,162
GCACTACCATTACCGAATCG_005,70
GCACTACCATTACCGAATCG_006,126
GCACTACCATTACCGAATCG_007,89
GCACTACCATTACCGAATCG_008,11
GCACTACCATTACCGAATCG_009,188
GCACTACCATTACCGAATCG_010,96
CTTGGAACAAGGCGATGCCG_001,88
CTTGGAACAAGGCGATGCCG_002,199
CTTGGAACAAGGCGATGCCG_003,127
CTTGGAACAAGGCGATGCCG_004,13
CTTGGAACAAGGCGATGCCG_005,82
CTTGGAACAAGGCGATGCCG_006,197
CTTGGAACAAGGCGATGCCG_007,33
GTGGACAGCAAACTCCACTG_001,196
GTGGACAGCAAACTCCACTG_002,64
GTGGACAGCAAACTCCACTG_003,167
GTGGACAGCAAACTCCACTG_004,178
GTGGACAGCAAACTCCACTG_005,15
GTGGACAGCAAACTCCACTG_006,139
GTGGACAGCAAACTCCACTG_007,38
GTGGACAGCAAACTCCACTG_008,191
GTGGACAGCAAACTCCACTG_009,158
GTGGACAGCAAACTCCACTG_010,148
GTGGACAGCAAACTCCACTG_011,56
GTGGACAGCAAACTCCACTG_012,44
GTGGACAGCAAACTCCACTG_013,58
GTGGACAGCAAACTCCACTG_014,35
GTGGACAGCAAACTCCACTG_015,13
GTGGACAGCAAACTCCACTG_016,55
GTGGACAGCAAACTCCACTG_017,104
GTGGACAGCAAACTCCACTG_018,181
GTGGACAGCAAACTCCACTG_019,77
GTGGACAGCAAACTCCACTG_020,97
TGGCTATGTGGCCGGAACAA_001,30
TGGCTATGTGGCCGGAACAA_002,94
TGGCTATGTGGCCGGAACAA_003,76
TGGCTATGTGGCCGGAACAA_004,6
TGGCTATGTGGCCGGAACAA_005,166
TGGCTATGTGGCCGGAACAA_006,118
CTCTCATGTTCATCACATTG_001,174
CTCTCATGTTCATCACATTG_002,19
CTCTCATGTTCATCACATTG_003,148
CTCTCATGTTCATCACATTG_004,107
TGTCAACAGATAGCATGGGA_001,27
TGTCAACAGATAGCATGGGA_002,162
TGTCAACAGATAGCATGGGA_003,78
TGTCAACAGATAGCATGGGA_004,53
TGTCAACAGATAGCATGGGA_005,54
CCCCAGGACTTCCTGAACCG_001,59
CCCCAGGACTTCCTGAACCG_002,28
CCCCAGGACTTCCTGAACCG_003,188
CCCCAGGACTTCCTGAACCG_004,42
CCCCAGGACTTCCTGAACCG_005,58
CCCCAGGACTTCCTGAACCG_006,77
CCCCAGGACTTCCTGAACCG_007,89
CCCCAGGACTTCCTGAACCG_008,178
CCCCAGGACTTCCTGAACCG_009,153
CCCCAGGACTTCCTGAACCG_010,168
CCCCAGGACTTCCTGAACCG_011,121
CCCCAGGACTTCCTGAACCG_012,88
CCCCAGGACTTCCTGAACCG_013,185
CCCCAGGACTTCCTGAACCG_014,150
CCCCAGGACTTCCTGAACCG_015,122
AGGTGTTTCCTGATATGCGC_001,158
AGGTGTTTCCTGATATGCGC_002,48
AGGTGTTTCCTGATATGCGC_003,168
AGGTGTTTCCTGATATGCGC_004,40
AGGTGTTTCCTGATATGCGC_005,160
AGGTGTTTCCTGATATGCGC_006,168
AGGTGTTTCCTGATATGCGC_007,169
AGGTGTTTCCTGATATGCGC_008,70
GCGGTGGAATTGCAGCACAG_001,147
GCGGTGGAATTGCAGCACAG_002,48
GCGGTGGAATTGCAGCACAG_003,170
GCGGTGGAATTGCAGCACAG_004,191
GCGGTGGAATTGCAGCACAG_005,188
GCGGTGGAATTGCAGCACAG_006,52
GCGGTGGAATTGCAGCACAG_007,19
GCGGTGGAATTGCAGCACAG_008,78
GCGGTGGAATTGCAGCACAG_009,19
CAGTGCGCTGACACCCGCGT_001,76
CAGTGCGCTGACACCCGCGT_002,175
CAGTGCGCTGACACCCGCGT_003,183
CAGTGCGCTGACACCCGCGT_004,169
CAGTGCGCTGACACCCGCGT_005,24
GCATAGTACTCCAACTGCGA_001,114
GCATAGTACTCCAACTGCGA_002,184
GCATAGTACTCCAACTGCGA_003,56
GCATAGTACTCCAACTGCGA_004,22
GAGAGGGGACAACCTGTACG_001,42
GAGAGGGGACAACCTGTACG_002,192
GAGAGGGGACAACCTGTACG_003,68
GAGAGGGGACAACCTGTACG_004,102
GAGAGGGGACAACCTGTACG_005,107
GAGAGGGGACAACCTGTACG_006,26
GAGAGGGGACAACCTGTACG_007,176
GAGAGGGGACAACCTGTACG_008,188
GAGAGGGGACAACCTGTACG_009,22
GAGAGGGGACAACCTGTACG_010,103
GAGAGGGGACAACCTGTACG_011,49
GTTCTAAGAGCAACAAAGCT_001,19
GTTCTAAGAGCAACAAAGCT_002,49
GTTCTAAGAGCAACAAAGCT_003,142
GTTCTAAGAGCAACAAAGCT_004,68
GTTCTTTATCAGACTCCACA_001,32
GTTCTTTATCAGACTCCACA_002,149
GTTCTTTATCAGACTCCACA_003,3
GTTCTTTATCAGACTCCACA_004,48
AAACAAAAGCTATTACAATG_001,145
AAACAAAAGCTATTACAATG_002,58
AAACAAAAGCTATTACAATG_003,158
AAACAAAAGCTATTACAATG_004,53
AAACAAAAGCTATTACAATG_005,54
GGGGTCGCGTTACCTCTCTG_001,162
GGGGTCGCGTTACCTCTCTG_002,145
GGGGTCGCGTTACCTCTCTG_003,9
GGGGTCGCGTTACCTCTCTG_004,81
GGGGTCGCGTTACCTCTCTG_005,173
GGGGTCGCGTTACCTCTCTG_006,173
TTGTGACTGCTTCGTCCAGG_001,126
TTGTGACTGCTTCGTCCAGG_002,39
TTGTGACTGCTTCGTCCAGG_003,142
TTGTGACTGCTTCGTCCAGG_004,75
TTGTGACTGCTTCGTCCAGG_005,102
TTGTGACTGCTTCGTCCAGG_006,27
TTGTGACTGCTTCGTCCAGG_007,86
TTGTGACTGCTTCGTCCAGG_008,65
TTGTGACTGCTTCGTCCAGG_009,139
TTGTGACTGCTTCGTCCAGG_010,18
TTGTGACTGCTTCGTCCAGG_011,190
TTGTGACTGCTTCGTCCAGG_012,18
GCCATCCTTACTTACCTCAA_001,19
GCCATCCTTACTTACCTCAA_002,41
GCCATCCTTACTTACCTCAA_003,185
GCCATCCTTACTTACCTCAA_004,153
GCCATCCTTACTTACCTCAA_005,49
GCCATCCTTACTTACCTCAA_006,9
GCCATCCTTACTTACCTCAA_007,1
TGCCCGCCAGCACCACAAGG_001,81
TGCCCGCCAGCACCACAAGG_002,102
TGCCCGCCAGCACCACAAGG_003,104
TGCCCGCCAGCACCACAAGG_004,96
TGCCCGCCAGCACCACAAGG_005,156
TGCCCGCCAGCACCACAAGG_006,134
TGCCCGCCAGCACCACAAGG_007,198
TGCCCGCCAGCACCACAAGG_008,12
TGCCCGCCAGCACCACAAGG_009,143
TGCCCGCCAGCACCACAAGG_010,9
TGCCCGCCAGCACCACAAGG_011,96
TGCCCGCCAGCACCACAAGG_012,41
TGCCCGCCAGCACCACAAGG_013,177
TGCCCGCCAGCACCACAAGG_014,155
TGCCCGCCAGCACCACAAGG_015,3
TGCCCGCCAGCACCACAAGG_016,152
TGCCCGCCAGCACCACAAGG_017,162
TGCCCGCCAGCACCACAAGG_018,41
TGCCCGCCAGCACCACAAGG_019,48
ACAGCTCTAGGGTCACAGAA_001,169
ACAGCTCTAGGGTCACAGAA_002,114
ACAGCTCTAGGGTCACAGAA_003,165
ACAGCTCTAGGGTCACAGAA_004,170
ACAGCTCTAGGGTCACAGAA_005,48
AAGGCAACAGTCTACTGCTG_001,149
AAGGCAACAGTCTACTGCTG_002,169
AAGGCAACAGTCTACTGCTG_003,50
AAGGCAACAGTCTACTGCTG_004,140
AAGGCAACAGTCTACTGCTG_005,16
AAGGCAACAGTCTACTGCTG_006,60
AAGGCAACAGTCTACTGCTG_007,68
AAGGCAACAGTCTACTGCTG_008,10
AAGGCAACAGTCTACTGCTG_009,147
AAGGCAACAGTCTACTGCTG_010,199
GCGTATTCTGGTTATACGGA_001,58
GCGTATTCTGGTTATACGGA_002,188
GCGTATTCTGGTTATACGGA_003,43
GTCGAGCCCGTGTTTAGCGG_001,133
GTCGAGCCCGTGTTTAGCGG_002,8
GTCGAGCCCGTGTTTAGCGG_003,169
GTCGAGCCCGTGTTTAGCGG_004,164
GTCGAGCCCGTGTTTAGCGG_005,31
GTCGAGCCCGTGTTTAGCGG_006,46
GTCGAGCCCGTGTTTAGCGG_007,168
GTCGAGCCCGTGTTTAGCGG_008,12
GTCGAGCCCGTGTTTAGCGG_009,177
GTCGAGCCCGTGTTTAGCGG_010,57
GGCCATCAACGTGTACCAGG_001,189
GGCCATCAACGTGTACCAGG_002,63
GGCCATCAACGTGTACCAGG_003,68
GGCCATCAACGTGTACCAGG_004,94
GGCCATCAACGTGTACCAGG_005,3
GGCCATCAACGTGTACCAGG_006,194
GGCCATCAACGTGTACCAGG_007,70
GGCCATCAACGTGTACCAGG_008,13
GGCCATCAACGTGTACCAGG_009,88
GGCCATCAACGTGTACCAGG_010,138
CCACGTCCTGACTCACGATG_001,107
CCACGTCCTGACTCACGATG_002,104
CCACGTCCTGACTCACGATG_003,178
CCACGTCCTGACTCACGATG_004,188
CCACGTCCTGACTCACGATG_005,7
CCACGTCCTGACTCACGATG_006,137
CCACGTCCTGACTCACGATG_007,134
CCACGTCCTGACTCACGATG_008,96
CCACGTCCTGACTCACGATG_009,174
CCACGTCCTGACTCACGATG_010,52
CCACGTCCTGACTCACGATG_011,46
CCACGTCCTGACTCACGATG_012,90
CCACGTCCTGACTCACGATG_013,150
CCACGTCCTGACTCACGATG_014,188
CCACGTCCTGACTCACGATG_015,79
CCACGTCCTGACTCACGATG_016,39
CCACGTCCTGACTCACGATG_017,76
CCACGTCCTGACTCACGATG_018,34
CCACGTCCTGACTCACGATG_019,168
CCACGTCCTGACTCACGATG_020,24
CCACGTCCTGACTCACGATG_021,34
CCACGTCCTGACTCACGATG_022,117
CCACGTCCTGACTCACGATG_023,151
CCACGTCCTGACTCACGATG_024,82
CCACGTCCTGACTCACGATG_025,50
CCACGTCCTGACTCACGATG_026,40
CCACGTCCTGACTCACGATG_027,39
CCACGTCCTGACTCACGATG_028,194
TCTGGTCATGACCAACAACG_001,77
TCTGGTCATGACCAACAACG_002,53
TCTGGTCATGACCAACAACG_003,146
TCTGGTCATGACCAACAACG_004,54
TCTGGTCATGACCAACAACG_005,43
TCTGGTCATGACCAACAACG_006,78
TCTGGTCATGACCAACAACG_007,166
TCTGGTCATGACCAACAACG_008,165
CAGGAAAACCATGCGCACGT_001,123
CAGGAAAACCATGCGCACGT_002,137
CAGGAAAACCATGCGCACGT_003,58
CAGGAAAACCATGCGCACGT_004,110
CAGGAAAACCATGCGCACGT_005,1
CAGGAAAACCATGCGCACGT_006,57
CAGGAAAACCATGCGCACGT_007,75
AGAGGTCTCGTCGTGTGATG_001,125
AGAGGTCTCGTCGTGTGATG_002,70
AGAGGTCTCGTCGTGTGATG_003,57
AGAGGTCTCGTCGTGTGATG_004,83
AGAGGTCTCGTCGTGTGATG_005,152
AGAGGTCTCGTCGTGTGATG_006,175
AGAGGTCTCGTCGTGTGATG_007,46
AGAGGTCTCGTCGTGTGATG_008,98
AGAGGTCTCGTCGTGTGATG_009,9
AGAGGTCTCGTCGTGTGATG_010,98
AGAGGTCTCGTCGTGTGATG_011,150
AGAGGTCTCGTCGTGTGATG_012,138
AGAGGTCTCGTCGTGTGATG_013,197
TCTTCAAAATCAAGGACCTG_001,29
TCTTCAAAATCAAGGACCTG_002,126
TCTTCAAAATCAAGGACCTG_003,16
TCTTCAAAATCAAGGACCTG_004,27
TCTTCAAAATCAAGGACCTG_005,82
TCTTCAAAATCAAGGACCTG_006,190
TCTTCAAAATCAAGGACCTG_007,79
TCTTCAAAATCAAGGACCTG_008,29
TCTTCAAAATCAAGGACCTG_009,118
TCTTCAAAATCAAGGACCTG_010,144
TCTTCAAAATCAAGGACCTG_011,83
TCTTCAAAATCAAGGACCTG_012,142
TCTTCAAAATCAAGGACCTG_013,91
TCTTCAAAATCAAGGACCTG_014,91
CCTGTGACAATCTCAAAGGG_001,47
CCTGTGACAATCTCAAAGGG_002,80
GGATTCGATCCGTTCCCCCA_001,139
GGATTCGATCCGTTCCCCCA_002,26
GGATTCGATCCGTTCCCCCA_003,188
GGATTCGATCCGTTCCCCCA_004,41
GGATTCGATCCGTTCCCCCA_005,137
GGATTCGATCCGTTCCCCCA_006,123
GGATTCGATCCGTTCCCCCA_007,113
GGATTCGATCCGTTCCCCCA_008,0
GGATTCGATCCGTTCCCCCA_009,29
GGATTCGATCCGTTCCCCCA_010,177
GGATTCGATCCGTTCCCCCA_011,30
GGATTCGATCCGTTCCCCCA_012,103
GGATTCGATCCGTTCCCCCA_013,137
GGATTCGATCCGTTCCCCCA_014,149
GGATTCGATCCGTTCCCCCA_015,19
GGATTCGATCCGTTCCCCCA_016,126
TAAGTCGGCAACTCTAGGCA_001,76
TAGACACTTCGGACCCTCCG_001,141
TAGACACTTCGGACCCTCCG_002,52
TAGACACTTCGGACCCTCCG_003,147
TAGACACTTCGGACCCTCCG_004,169
TAGACACTTCGGACCCTCCG_005,50
TAGACACTTCGGACCCTCCG_006,29
TAGACACTTCGGACCCTCCG_007,159
TAGACACTTCGGACCCTCCG_008,134
TAGACACTTCGGACCCTCCG_009,77
TAGACACTTCGGACCCTCCG_010,47
TAGACACTTCGGACCCTCCG_011,17
TAGACACTTCGGACCCTCCG_012,63
TCACCAGCAACGTTCTTCCG_001,83
TCACCAGCAACGTTCTTCCG_002,88
TCACCAGCAACGTTCTTCCG_003,129
TCACCAGCAACGTTCTTCCG_004,49
TCACCAGCAACGTTCTTCCG_005,20
TCAGGAAGTTCCTCCCGCAA_001,103
TCAGGAAGTTCCTCCCGCAA_002,65
TGAGTGCCCGGATCCGAAGG_001,91
TGAGTGCCCGGATCCGAAGG_002,150
TGAGTGCCCGGATCCGAAGG_003,60
TGAGTGCCCGGATCCGAAGG_004,103
TGAGTGCCCGGATCCGAAGG_005,113
TGAGTGCCCGGATCCGAAGG_006,44
TGAGTGCCCGGATCCGAAGG_007,61
TGAGTGCCCGGATCCGAAGG_008,44
TGAGTGCCCGGATCCGAAGG_009,195
TGAGTGCCCGGATCCGAAGG_010,191
TGAGTGCCCGGATCCGAAGG_011,97
TGAGTGCCCGGATCCGAAGG_012,196
TGAGTGCCCGGATCCGAAGG_013,198
TGTAGAAACGCCGCCCCTAG_001,8
TGTAGAAACGCCGCCCCTAG_002,41
TGTAGAAACGCCGCCCCTAG_003,84
TGTAGAAACGCCGCCCCTAG_004,155
TGTAGAAACGCCGCCCCTAG_005,94
TGTAGAAACGCCGCCCCTAG_006,78
TGTAGAAACGCCGCCCCTAG_007,68
TGTAGAAACGCCGCCCCTAG_008,81
TGTAGAAACGCCGCCCCTAG_009,60
TGTAGAAACGCCGCCCCTAG_010,59
GCGGTCGATGACGCCCTCAG_001,176
GCGGTCGATGACGCCCTCAG_002,33
GCGGTCGATGACGCCCTCAG_003,165
GCGGTCGATGACGCCCTCAG_004,7
GCGGTCGATGACGCCCTCAG_005,158
GCGGTCGATGACGCCCTCAG_006,40
GCGGTCGATGACGCCCTCAG_007,41
GCGGTCGATGACGCCCTCAG_008,154
GCGGTCGATGACGCCCTCAG_009,122
GCGGTCGATGACGCCCTCAG_010,107
GCGGTCGATGACGCCCTCAG_011,192
GCGGTCGATGACGCCCTCAG_012,67
GCGGTCGATGACGCCCTCAG_013,32
GCGGTCGATGACGCCCTCAG_014,75
GCGGTCGATGACGCCCTCAG_015,75
AGAAAACCGCAACGACCAGG_001,82
AGAAAACCGCAACGACCAGG_002,159
AGAAAACCGCAACGACCAGG_003,93
AGAAAACCGCAACGACCAGG_004,88
AGAAAACCGCAACGACCAGG_005,158
AGAAAACCGCAACGACCAGG_006,160
AGAAAACCGCAACGACCAGG_007,35
AGAAAACCGCAACGACCAGG_008,156
AGAAAACCGCAACGACCAGG_009,81
AGAAAACCGCAACGACCAGG_010,105
AGAAAACCGCAACGACCAGG_011,94
AGAAAACCGCAACGACCAGG_012,58
AGAAAACCGCAACGACCAGG_013,69
AGAAAACCGCAACGACCAGG_014,29
AGAAAACCGCAACGACCAGG_015,107
AGAAAACCGCAACGACCAGG_016,83
TACCGATCACCGTACCCACA_001,85
TACCGATCACCGTACCCACA_002,188
TACCGATCACCGTACCCACA_003,52
TACCGATCACCGTACCCACA_004,126
TACCGATCACCGTACCCACA_005,5
TACCGATCACCGTACCCACA_006,98
TACCGATCACCGTACCCACA_007,105
TACCGATCACCGTACCCACA_008,0
TACCGATCACCGTACCCACA_009,30
TACCGATCACCGTACCCACA_010,10
TACCGATCACCGTACCCACA_011,170
TACCGATCACCGTACCCACA_012,106
TTCACGTACTGCAAGTCAAG_001,41
TTCACGTACTGCAAGTCAAG_002,130
TTCACGTACTGCAAGTCAAG_003,34
TTCATAATTATATCCAGAGA_001,186
AAGACGTAGACTGGACTGCT_001,184
AAGACGTAGACTGGACTGCT_002,188
AAGACGTAGACTGGACTGCT_003,36
AAGACGTAGACTGGACTGCT_004,119
AAGACGTAGACTGGACTGCT_005,174
AAGACGTAGACTGGACTGCT_006,156
AAGACGTAGACTGGACTGCT_007,73
AAGACGTAGACTGGACTGCT_008,53
AAGACGTAGACTGGACTGCT_009,183
AAGACGTAGACTGGACTGCT_010,194
AAGACGTAGACTGGACTGCT_011,58
AAGACGTAGACTGGACTGCT_012,114
AAGACGTAGACTGGACTGCT_013,38
AAGACGTAGACTGGACTGCT_014,5
AAGACGTAGACTGGACTGCT_015,58
AAGACGTAGACTGGACTGCT_016,172
AAGACGTAGACTGGACTGCT_017,170
AAGACGTAGACTGGACTGCT_018,105
AAGACGTAGACTGGACTGCT_019,19
AAGACGTAGACTGGACTGCT_020,25
AAGACGTAGACTGGACTGCT_021,31
AAGACGTAGACTGGACTGCT_022,186
AAGACGTAGACTGGACTGCT_023,44
AAGACGTAGACTGGACTGCT_024,175
AAGACGTAGACTGGACTGCT_025,184
TTGGCGGGGTCCAACACGGA_001,171
TTGGCGGGGTCCAACACGGA_002,17
TTGGCGGGGTCCAACACGGA_003,15
TTGGCGGGGTCCAACACGGA_004,102
TTGGCGGGGTCCAACACGGA_005,31
TTGGCGGGGTCCAACACGGA_006,17
TTGGCGGGGTCCAACACGGA_007,198
TTGGCGGGGTCCAACACGGA_008,116
TTGGCGGGGTCCAACACGGA_009,135
TTGGCGGGGTCCAACACGGA_010,196
TTGGCGGGGTCCAACACGGA_011,68
TTGGCGGGGTCCAACACGGA_012,15
TTGGCGGGGTCCAACACGGA_013,169
TTGGCGGGGTCCAACACGGA_014,103
TTGGCGGGGTCCAACACGGA_015,28
TTGGCGGGGTCCAACACGGA_016,155
TTGGCGGGGTCCAACACGGA_017,129
TTGGCGGGGTCCAACACGGA_018,82
TTGGCGGGGTCCAACACGGA_019,65
TTGGCGGGGTCCAACACGGA_020,121
TTGGCGGGGTCCAACACGGA_021,158
TTGGCGGGGTCCAACACGGA_022,94
TTGGCGGGGTCCAACACGGA_023,130
TTGGCGGGGTCCAACACGGA_024,39
TTGGCGGGGTCCAACACGGA_025,115
ATGCTCCAGCTATATGCACC_001,42
ATGCTCCAGCTATATGCACC_002,31
ATGCTCCAGCTATATGCACC_003,7
ATGCTCCAGCTATATGCACC_004,192
ATGCTCCAGCTATATGCACC_005,88
ATGCTCCAGCTATATGCACC_006,62
ATGCTCCAGCTATATGCACC_007,50
ATGCTCCAGCTATATGCACC_008,148
ATGCTCCAGCTATATGCACC_009,177
ATGCTCCAGCTATATGCACC_010,138
ATGCTCCAGCTATATGCACC_011,197
AGTAGACGGACGGTGAGCTG_001,145
AGTAGACGGACGGTGAGCTG_002,49
AGTAGACGGACGGTGAGCTG_003,76
AGTAGACGGACGGTGAGCTG_004,142
AGTAGACGGACGGTGAGCTG_005,142
AGTAGACGGACGGTGAGCTG_006,68
AGTAGACGGACGGTGAGCTG_007,94
AGTAGACGGACGGTGAGCTG_008,4
AGTAGACGGACGGTGAGCTG_009,62
AGTAGACGGACGGTGAGCTG_010,147
AGTAGACGGACGGTGAGCTG_011,191
AGTAGACGGACGGTGAGCTG_012,107
AGTAGACGGACGGTGAGCTG_013,105
AGTAGACGGACGGTGAGCTG_014,76
AGTAGACGGACGGTGAGCTG_015,174
AGTAGACGGACGGTGAGCTG_016,130
AGTAGACGGACGGTGAGCTG_017,84
AGTAGACGGACGGTGAGCTG_018,129
AGTAGACGGACGGTGAGCTG_019,54
AGTAGACGGACGGTGAGCTG_020,48
AGTAGACGGACGGTGAGCTG_021,197
AGTAGACGGACGGTGAGCTG_022,113
AGTAGACGGACGGTGAGCTG_023,48
AGTAGACGGACGGTGAGCTG_024,49
AGTAGACGGACGGTGAGCTG_025,94
AGTAGACGGACGGTGAGCTG_026,137
AGTAGACGGACGGTGAGCTG_027,189
AGTAGACGGACGGTGAGCTG_028,171
AGTAGACGGACGGTGAGCTG_029,50
AGTAGACGGACGGTGAGCTG_030,189
AGTAGACGGACGGTGAGCTG_031,11
AGTAGACGGACGGTGAGCTG_032,176
AGTAGACGGACGGTGAGCTG_033,188
AGTAGACGGACGGTGAGCTG_034,188
AGTAGACGGACGGTGAGCTG_035,163
AGTAGACGGACGGTGAGCTG_036,162
AGTAGACGGACGGTGAGCTG_037,174
AGTAGACGGACGGTGAGCTG_038,161
AGTAGACGGACGGTGAGCTG_039,127
AGTAGACGGACGGTGAGCTG_040,6
AGTAGACGGACGGTGAGCTG_041,78
AGTAGACGGACGGTGAGCTG_042,35
AGTAGACGGACGGTGAGCTG_043,198
TCCTGATAAGAAAAGGCTGG_001,141
TCCTGATAAGAAAAGGCTGG_002,105
TCCTGATAAGAAAAGGCTGG_003,36
TCCTGATAAGAAAAGGCTGG_004,37
TCCTGATAAGAAAAGGCTGG_005,26
TCCTGATAAGAAAAGGCTGG_006,153
TCCTGATAAGAAAAGGCTGG_007,144
TCTTCAGGGTAAATCGCAGA_001,12
TCTTCAGGGTAAATCGCAGA_002,188
TCTTCAGGGTAAATCGCAGA_003,168
TCTTCAGGGTAAATCGCAGA_004,78
TGGTGGCGTAGAATTTCAGG_001,70
TGGTGTATTTAGTCAACCTG_001,58
TGGTGTATTTAGTCAACCTG_002,104
GGGCGTGTAATCGATGACCA_001,150
GGGCGTGTAATCGATGACCA_002,32
GGGCGTGTAATCGATGACCA_003,82
GGGCGTGTAATCGATGACCA_004,28
GGGCGTGTAATCGATGACCA_005,101
TTATGTGAGCACGCCATTAC_001,68
TTATGTGAGCACGCCATTAC_002,137
TTATGTGAGCACGCCATTAC_003,50
TTATGTGAGCACGCCATTAC_004,170
TTATGTGAGCACGCCATTAC_005,174
TTATGTGAGCACGCCATTAC_006,198
TTATGTGAGCACGCCATTAC_007,32
TTATGTGAGCACGCCATTAC_008,150
TTATGTGAGCACGCCATTAC_009,48
TTATGTGAGCACGCCATTAC_010,196
TTATGTGAGCACGCCATTAC_011,196
TTATGTGAGCACGCCATTAC_012,65
TTATGTGAGCACGCCATTAC_013,165
TTATGTGAGCACGCCATTAC_014,58
TTATGTGAGCACGCCATTAC_015,107
TTATGTGAGCACGCCATTAC_016,33
TTATGTGAGCACGCCATTAC_017,3
TTATGTGAGCACGCCATTAC_018,42
TTATGTGAGCACGCCATTAC_019,6
TTATGTGAGCACGCCATTAC_020,47
TTATGTGAGCACGCCATTAC_021,162
TTATGTGAGCACGCCATTAC_022,169
TTATGTGAGCACGCCATTAC_023,191
TTATGTGAGCACGCCATTAC_024,10
GCAGGTTCGGTGTCACATGG_001,34
GCAGGTTCGGTGTCACATGG_002,169
GCAGGTTCGGTGTCACATGG_003,8
GCAGGTTCGGTGTCACATGG_004,162
GCAGGTTCGGTGTCACATGG_005,12
GCAGGTTCGGTGTCACATGG_006,93
GCAGGTTCGGTGTCACATGG_007,23
AGCTTGCGATCGCATCAGAG_001,192
AGCTTGCGATCGCATCAGAG_002,13
AGCTTGCGATCGCATCAGAG_003,82
AGCTTGCGATCGCATCAGAG_004,93
AGCTTGCGATCGCATCAGAG_005,169
AGCTTGCGATCGCATCAGAG_006,69
AGCTTGCGATCGCATCAGAG_007,127
AGCTTGCGATCGCATCAGAG_008,78
AGCTTGCGATCGCATCAGAG_009,148
AGCTTGCGATCGCATCAGAG_010,90
AGCTTGCGATCGCATCAGAG_011,175
AGCTTGCGATCGCATCAGAG_012,152
AGCTTGCGATCGCATCAGAG_013,29
AGCTTGCGATCGCATCAGAG_014,180
AGCTTGCGATCGCATCAGAG_015,17
AGCTTGCGATCGCATCAGAG_016,79
AGCTTGCGATCGCATCAGAG_017,18
AGCTTGCGATCGCATCAGAG_018,157
AGCTTGCGATCGCATCAGAG_019,9
AGCTTGCGATCGCATCAGAG_020,26
AGCTTGCGATCGCATCAGAG_021,137
AGCTTGCGATCGCATCAGAG_022,128
CAAGACATGCCATTACGGCT_001,151
CAAGACATGCCATTACGGCT_002,156
CAAGACATGCCATTACGGCT_003,8
CAAGACATGCCATTACGGCT_004,62
CAAGACATGCCATTACGGCT_005,148
TGCCATCTCAGACAATACTA_001,77
TGCCATCTCAGACAATACTA_002,70
TGCCATCTCAGACAATACTA_003,184
TGCCATCTCAGACAATACTA_004,148
TGCCATCTCAGACAATACTA_005,191
TGCCATCTCAGACAATACTA_006,9
CTGCGCATCGTGTCTCGGGG_001,36
TCCTGATTAGCATCACAACA_001,164
TCCTGATTAGCATCACAACA_002,61
TCCTGATTAGCATCACAACA_003,108
TCCTGATTAGCATCACAACA_004,100
TCCTGATTAGCATCACAACA_005,48
CAAGTGGAGGCCTCTTGCTG_001,169
CAAGTGGAGGCCTCTTGCTG_002,7
CAAGTGGAGGCCTCTTGCTG_003,126
CAAGTGGAGGCCTCTTGCTG_004,126
CAAGTGGAGGCCTCTTGCTG_005,68
CAAGTGGAGGCCTCTTGCTG_006,134
AGTTCTTTACCTTTACCAGA_001,36
AGTTCTTTACCTTTACCAGA_002,88
GTGTCCACCACACTCACGAG_001,1
GTGTCCACCACACTCACGAG_002,86
GTGTCCACCACACTCACGAG_003,28
GTGTCCACCACACTCACGAG_004,125
GTGTCCACCACACTCACGAG_005,50
GTGTCCACCACACTCACGAG_006,89
GTGTCCACCACACTCACGAG_007,75
GTGTCCACCACACTCACGAG_008,171
TCCCCAAAATCAAGACTTCG_001,139
TCCCCAAAATCAAGACTTCG_002,42
TCCCCAAAATCAAGACTTCG_003,191
TCCCCAAAATCAAGACTTCG_004,81
TCCCCAAAATCAAGACTTCG_005,155
ACAGGCATTGAGGGTAACTG_001,101
ACAGGCATTGAGGGTAACTG_002,126
ACAGGCATTGAGGGTAACTG_003,148
ACAGGCATTGAGGGTAACTG_004,32
ACAGGCATTGAGGGTAACTG_005,161
ACAGGCATTGAGGGTAACTG_006,181
ACAGGCATTGAGGGTAACTG_007,44
ACAGGCATTGAGGGTAACTG_008,129
ACAGGCATTGAGGGTAACTG_009,27
CAAGCCCCATTCACAGACTG_001,10
CAAGCCCCATTCACAGACTG_002,174
CAAGCCCCATTCACAGACTG_003,67
CAAGCCCCATTCACAGACTG_004,18
CAAGCCCCATTCACAGACTG_005,133
CAAGCCCCATTCACAGACTG_006,52
CAAGCCCCATTCACAGACTG_007,86
CAAGCCCCATTCACAGACTG_008,21
CAAGCCCCATTCACAGACTG_009,98
CAAGCCCCATTCACAGACTG_010,57
CAAGCCCCATTCACAGACTG_011,159
CAAGCCCCATTCACAGACTG_012,33
CAAGCCCCATTCACAGACTG_013,150
CAAGCCCCATTCACAGACTG_014,168
CAAGCCCCATTCACAGACTG_015,161
CAAGCCCCATTCACAGACTG_016,36
CAAGCCCCATTCACAGACTG_017,26
CAAGCCCCATTCACAGACTG_018,152
CAAGCCCCATTCACAGACTG_019,78
CAAGCCCCATTCACAGACTG_020,182
CAAGCCCCATTCACAGACTG_021,148
CAAGCCCCATTCACAGACTG_022,88
GAAGGCTCATCAGAGATAGT_001,1
GAAGGCTCATCAGAGATAGT_002,162
GAAGGCTCATCAGAGATAGT_003,4
GAAGGCTCATCAGAGATAGT_004,128
GAAGGCTCATCAGAGATAGT_005,78
GAAGGCTCATCAGAGATAGT_006,62
GAAGGCTCATCAGAGATAGT_007,119
GAAGGCTCATCAGAGATAGT_008,59
GAAGGCTCATCAGAGATAGT_009,5
GAAGGCTCATCAGAGATAGT_010,120
GAAGGCTCATCAGAGATAGT_011,181
GAAGGCTCATCAGAGATAGT_012,197
GAAGGCTCATCAGAGATAGT_013,68
GAAGGCTCATCAGAGATAGT_014,118
GAAGGCTCATCAGAGATAGT_015,4
TGGTTGAATTCCTCCCACAG_001,62
TGGTTGAATTCCTCCCACAG_002,147
AGTTCAGGCGCAGCACAATG_001,84
AGTTCAGGCGCAGCACAATG_002,90
AGTTCAGGCGCAGCACAATG_003,127
AGTTCAGGCGCAGCACAATG_004,89
AGTTCAGGCGCAGCACAATG_005,199
AGTTCAGGCGCAGCACAATG_006,48
AGTTCAGGCGCAGCACAATG_007,17
ACTGCATCAGGAGACCCAGT_001,44
ACTGCATCAGGAGACCCAGT_002,15
ACTGCATCAGGAGACCCAGT_003,105
ACTGCATCAGGAGACCCAGT_004,95
ACTGCATCAGGAGACCCAGT_005,152
ACTGCATCAGGAGACCCAGT_006,166
ACTGCATCAGGAGACCCAGT_007,146
ACTGCATCAGGAGACCCAGT_008,165
GCAATGACGAAGAATAACCA_001,58
GCAATGACGAAGAATAACCA_002,104
GCAATGACGAAGAATAACCA_003,171
TAGGTGAGAAATGTGCTGAG_001,36
TAGGTGAGAAATGTGCTGAG_002,47
TAGGTGAGAAATGTGCTGAG_003,84
TAGGTGAGAAATGTGCTGAG_004,146
TAGGTGAGAAATGTGCTGAG_005,32
TAGGTGAGAAATGTGCTGAG_006,145
TAGGTGAGAAATGTGCTGAG_007,150
TAGGTGAGAAATGTGCTGAG_008,168
ACCTCTACCAGTCATCCGCC_001,150
ACCTCTACCAGTCATCCGCC_002,176
ACCTCTACCAGTCATCCGCC_003,177
ACCTCTACCAGTCATCCGCC_004,105
ACCTCTACCAGTCATCCGCC_005,63
ACCTCTACCAGTCATCCGCC_006,57
ACCTCTACCAGTCATCCGCC_007,28
ACCTCTACCAGTCATCCGCC_008,153
ACTTACAGGTCCCATAATTG_001,188
CGTGACTGAACGGCGTCCTG_001,52
CGTGACTGAACGGCGTCCTG_002,169
CGTGACTGAACGGCGTCCTG_003,147
CGTGACTGAACGGCGTCCTG_004,147
CGTGACTGAACGGCGTCCTG_005,187
CGTGACTGAACGGCGTCCTG_006,108
CGTGACTGAACGGCGTCCTG_007,57
CGTGACTGAACGGCGTCCTG_008,147
CGTGACTGAACGGCGTCCTG_009,144
CGTGACTGAACGGCGTCCTG_010,13
CGTGACTGAACGGCGTCCTG_011,187
CGTGACTGAACGGCGTCCTG_012,55
CGTGACTGAACGGCGTCCTG_013,159
CGTGACTGAACGGCGTCCTG_014,41
CGTGACTGAACGGCGTCCTG_015,78
CGTGACTGAACGGCGTCCTG_016,165
CGTGACTGAACGGCGTCCTG_017,170
CGTGACTGAACGGCGTCCTG_018,58
CGTGACTGAACGGCGTCCTG_019,179
CGTGACTGAACGGCGTCCTG_020,43
GTCATTGCTGGTACCCACAA_001,101
GTCATTGCTGGTACCCACAA_002,174
GTCATTGCTGGTACCCACAA_003,14
GTCATTGCTGGTACCCACAA_004,169
GTCATTGCTGGTACCCACAA_005,48
GTCATTGCTGGTACCCACAA_006,1
GTCATTGCTGGTACCCACAA_007,2
GTCATTGCTGGTACCCACAA_008,199
GTCATTGCTGGTACCCACAA_009,103
GTCATTGCTGGTACCCACAA_010,68
TCAAGGTCACCTCATCGCGA_001,90
TCAAGGTCACCTCATCGCGA_002,142
TCAAGGTCACCTCATCGCGA_003,129
TCAAGGTCACCTCATCGCGA_004,183
TCAAGGTCACCTCATCGCGA_005,70
TCAAGGTCACCTCATCGCGA_006,162
TCAAGGTCACCTCATCGCGA_007,58
TCAAGGTCACCTCATCGCGA_008,148
TCAAGGTCACCTCATCGCGA_009,103
TCAAGGTCACCTCATCGCGA_010,65
TCAAGGTCACCTCATCGCGA_011,70
TCAAGGTCACCTCATCGCGA_012,119
TCAAGGTCACCTCATCGCGA_013,191
TCAAGGTCACCTCATCGCGA_014,175
TCAAGGTCACCTCATCGCGA_015,104
TCAAGGTCACCTCATCGCGA_016,33
TCAAGGTCACCTCATCGCGA_017,107
TCAAGGTCACCTCATCGCGA_018,64
ACTTACAGTTCCACCCATGT_001,52
ACTTACAGTTCCACCCATGT_002,152
ACTTACAGTTCCACCCATGT_003,49
ACTTACAGTTCCACCCATGT_004,157
ACTTACAGTTCCACCCATGT_005,143
ACTTACAGTTCCACCCATGT_006,143
ACTTACAGTTCCACCCATGT_007,107
GCGTTCCAGTTACCCGACGC_001,190
GCGTTCCAGTTACCCGACGC_002,42
GCGTTCCAGTTACCCGACGC_003,118
GCGTTCCAGTTACCCGACGC_004,84
GCGTTCCAGTTACCCGACGC_005,60
GCGTTCCAGTTACCCGACGC_006,178
GCGTTCCAGTTACCCGACGC_007,90
CCACGAATTCCAGGTCAGGG_001,77
CCACGAATTCCAGGTCAGGG_002,102
CCACGAATTCCAGGTCAGGG_003,166
CCACGAATTCCAGGTCAGGG_004,84
CCACGAATTCCAGGTCAGGG_005,94
CCACGAATTCCAGGTCAGGG_006,176
CCACGAATTCCAGGTCAGGG_007,131
CCACGAATTCCAGGTCAGGG_008,11
CCACGAATTCCAGGTCAGGG_009,144
CCACGAATTCCAGGTCAGGG_010,48
CCACGAATTCCAGGTCAGGG_011,35
CCACGAATTCCAGGTCAGGG_012,9
CCACGAATTCCAGGTCAGGG_013,187
CCACGAATTCCAGGTCAGGG_014,97
TACAGCCCAATCATCAAACA_001,4
TACAGCCCAATCATCAAACA_002,159
TACAGCCCAATCATCAAACA_003,88
TACAGCCCAATCATCAAACA_004,12
TACAGCCCAATCATCAAACA_005,138
TACAGCCCAATCATCAAACA_006,1
TACAGCCCAATCATCAAACA_007,82
TACAGCCCAATCATCAAACA_008,69
TACAGCCCAATCATCAAACA_009,88
TGGGGTACTTACCTCCATGA_001,194
TGGGGTACTTACCTCCATGA_002,128
CTTGGACTTCCATATTACTG_001,177
CCTCCAACATGGTCTCACAC_001,166
CCTCCAACATGGTCTCACAC_002,28
CCTCCAACATGGTCTCACAC_003,65
AATATGGAATCAGTTCACTC_001,134
AATATGGAATCAGTTCACTC_002,31
AATATGGAATCAGTTCACTC_003,80
AATATGGAATCAGTTCACTC_004,48
AATATGGAATCAGTTCACTC_005,62
AATATGGAATCAGTTCACTC_006,43
AATATGGAATCAGTTCACTC_007,43
AATATGGAATCAGTTCACTC_008,115
CCGGCGCTTTGCCGTGCACG_001,77
CCGGCGCTTTGCCGTGCACG_002,146
CCGGCGCTTTGCCGTGCACG_003,139
CCGGCGCTTTGCCGTGCACG_004,116
CCGGCGCTTTGCCGTGCACG_005,71
CCGGCGCTTTGCCGTGCACG_006,9
CCGGCGCTTTGCCGTGCACG_007,70
CCGGCGCTTTGCCGTGCACG_008,169
CCGGCGCTTTGCCGTGCACG_009,160
CCGGCGCTTTGCCGTGCACG_010,105
CCGGCGCTTTGCCGTGCACG_011,69
CCGGCGCTTTGCCGTGCACG_012,170
CCGGCGCTTTGCCGTGCACG_013,51
CCGGCGCTTTGCCGTGCACG_014,33
CCGGCGCTTTGCCGTGCACG_015,77
CCGGCGCTTTGCCGTGCACG_016,130
GTGCACAAGAGAATACACTC_001,100
GTGCACAAGAGAATACACTC_002,154
GTGCACAAGAGAATACACTC_003,123
GTGCACAAGAGAATACACTC_004,45
GTGCACAAGAGAATACACTC_005,31
GTGCACAAGAGAATACACTC_006,13
GAGCTGTAGAAGCTGCGCTG_001,72
GAGCTGTAGAAGCTGCGCTG_002,78
GAGCTGTAGAAGCTGCGCTG_003,29
GAGCTGTAGAAGCTGCGCTG_004,179
GAGCTGTAGAAGCTGCGCTG_005,61
GAGCTGTAGAAGCTGCGCTG_006,135
GAGCTGTAGAAGCTGCGCTG_007,196
GAGCTGTAGAAGCTGCGCTG_008,149
GAGCTGTAGAAGCTGCGCTG_009,112
GAGCTGTAGAAGCTGCGCTG_010,182
GAGCTGTAGAAGCTGCGCTG_011,63
GAGCTGTAGAAGCTGCGCTG_012,77
AATTCCTACAATCCACAACA_001,76
AATTCCTACAATCCACAACA_002,163
AATTCCTACAATCCACAACA_003,151
AATTCCTACAATCCACAACA_004,177
AATTCCTACAATCCACAACA_005,157
AATTCCTACAATCCACAACA_006,111
AATTCCTACAATCCACAACA_007,28
AATTCCTACAATCCACAACA_008,19
TTGAGCACCTTCCTAACTGT_001,38
TTGAGCACCTTCCTAACTGT_002,170
TTGAGCACCTTCCTAACTGT_003,20
TTGAGCACCTTCCTAACTGT_004,104
TTGAGCACCTTCCTAACTGT_005,41
TTGAGCACCTTCCTAACTGT_006,118
TTGAGCACCTTCCTAACTGT_007,18
TGCGGCCCGACATCGCCCTG_001,32
TGCGGCCCGACATCGCCCTG_002,196
TGCGGCCCGACATCGCCCTG_003,157
TGCGGCCCGACATCGCCCTG_004,102
TGCGGCCCGACATCGCCCTG_005,15
TGCGGCCCGACATCGCCCTG_006,191
TGCGGCCCGACATCGCCCTG_007,107
TGCGGCCCGACATCGCCCTG_008,6
TGCGGCCCGACATCGCCCTG_009,101
TGCGGCCCGACATCGCCCTG_010,17
TGCGGCCCGACATCGCCCTG_011,17
TGCGGCCCGACATCGCCCTG_012,151
TGCGGCCCGACATCGCCCTG_013,30
TGCGGCCCGACATCGCCCTG_014,50
TGCGGCCCGACATCGCCCTG_015,81
TGCGGCCCGACATCGCCCTG_016,5
TGCGGCCCGACATCGCCCTG_017,141
TGCGGCCCGACATCGCCCTG_018,87
TGCGGCCCGACATCGCCCTG_019,22
TGCGGCCCGACATCGCCCTG_020,45
TGCGGCCCGACATCGCCCTG_021,105
TGCGGCCCGACATCGCCCTG_022,8
TGCGGCCCGACATCGCCCTG_023,128
TGCGGCCCGACATCGCCCTG_024,135
TGCGGCCCGACATCGCCCTG_025,52
TGCGGCCCGACATCGCCCTG_026,189
TGCGGCCCGACATCGCCCTG_027,158
TGCGGCCCGACATCGCCCTG_028,48
TGCGGCCCGACATCGCCCTG_029,148
TGCGGCCCGACATCGCCCTG_030,58
TGCGGCCCGACATCGCCCTG_031,105
TGCGGCCCGACATCGCCCTG_032,130
TGCGGCCCGACATCGCCCTG_033,33
TGCGGCCCGACATCGCCCTG_034,144
TGCGGCCCGACATCGCCCTG_035,11
GAAACACACTTACAGTAGCC_001,132
GAAACACACTTACAGTAGCC_002,30
GTTATGTTGGATGAACAAGG_001,182
GTTATGTTGGATGAACAAGG_002,60
GTTATGTTGGATGAACAAGG_003,178
GTTATGTTGGATGAACAAGG_004,20
GTTATGTTGGATGAACAAGG_005,160
GTTATGTTGGATGAACAAGG_006,117
GTTATGTTGGATGAACAAGG_007,87
GTTATGTTGGATGAACAAGG_008,150
GTTATGTTGGATGAACAAGG_009,27
GTTATGTTGGATGAACAAGG_010,69
GTTATGTTGGATGAACAAGG_011,117
GTTATGTTGGATGAACAAGG_012,108
ATTGGAACAGCGTTGCCCGC_001,81
ATTGGAACAGCGTTGCCCGC_002,105
ATTGGAACAGCGTTGCCCGC_003,60
ATTGGAACAGCGTTGCCCGC_004,94
ATTGGAACAGCGTTGCCCGC_005,141
ATTGGAACAGCGTTGCCCGC_006,69
ATTGGAACAGCGTTGCCCGC_007,81
ATTGGAACAGCGTTGCCCGC_008,184
ATTGGAACAGCGTTGCCCGC_009,57
ATTGGAACAGCGTTGCCCGC_010,8
ATTGGAACAGCGTTGCCCGC_011,13
ATTGGAACAGCGTTGCCCGC_012,63
ATTGGAACAGCGTTGCCCGC_013,58
ATTGGAACAGCGTTGCCCGC_014,50
ATTGGAACAGCGTTGCCCGC_015,188
ATTGGAACAGCGTTGCCCGC_016,60
CGAGCTTCCTTATGACCCCG_001,73
CGAGCTTCCTTATGACCCCG_002,161
CGAGCTTCCTTATGACCCCG_003,52
CGAGCTTCCTTATGACCCCG_004,169
CGAGCTTCCTTATGACCCCG_005,127
CGAGCTTCCTTATGACCCCG_006,41
CTGCCACATTCATTCTACCA_001,49
CTGCCACATTCATTCTACCA_002,125
TCTGGCTCACGAGTTCTATG_001,177
TCTGGCTCACGAGTTCTATG_002,117
TCTGGCTCACGAGTTCTATG_003,149
TCTGGCTCACGAGTTCTATG_004,143
TCTGGCTCACGAGTTCTATG_005,29
TCTGGCTCACGAGTTCTATG_006,52
CGCCCAGGCAAGTCTAACAG_001,3
CGCCCAGGCAAGTCTAACAG_002,3
CGCCCAGGCAAGTCTAACAG_003,186
CGCCCAGGCAAGTCTAACAG_004,182
CCAGGTTGTGCTACGAGCCA_001,58
CCAGGTTGTGCTACGAGCCA_002,3
CCAGGTTGTGCTACGAGCCA_003,77
CCAGGTTGTGCTACGAGCCA_004,127
CCAGGTTGTGCTACGAGCCA_005,27
CCAGGTTGTGCTACGAGCCA_006,62
CCAGGTTGTGCTACGAGCCA_007,77
CCAGGTTGTGCTACGAGCCA_008,101
CCAGGTTGTGCTACGAGCCA_009,105
CCAGGTTGTGCTACGAGCCA_010,105
CCAGGTTGTGCTACGAGCCA_011,197
CCAGGTTGTGCTACGAGCCA_012,1
CCAGGTTGTGCTACGAGCCA_013,66
CCAGGTTGTGCTACGAGCCA_014,39
CCAGGTTGTGCTACGAGCCA_015,172
CCAGGTTGTGCTACGAGCCA_016,91
GATCACCCGTGACTGGAACA_001,47
GATCACCCGTGACTGGAACA_002,176
GATCACCCGTGACTGGAACA_003,168
GGGGATTAGGTGACAGCTTG_001,51
GGGGATTAGGTGACAGCTTG_002,105
GGGGATTAGGTGACAGCTTG_003,188
GGGGATTAGGTGACAGCTTG_004,19
GGGGATTAGGTGACAGCTTG_005,88
GGGGATTAGGTGACAGCTTG_006,142
GGGGATTAGGTGACAGCTTG_007,67
GGGGATTAGGTGACAGCTTG_008,49
GGGGATTAGGTGACAGCTTG_009,4
GGGGATTAGGTGACAGCTTG_010,40
GGGGATTAGGTGACAGCTTG_011,15
GGGGATTAGGTGACAGCTTG_012,195
GGGGATTAGGTGACAGCTTG_013,0
GGGGATTAGGTGACAGCTTG_014,132
GGGGATTAGGTGACAGCTTG_015,94
GTCCGCGACACCGTGTCGGG_001,198
GTCCGCGACACCGTGTCGGG_002,135
AGCAACTGGAAGGAACGGAT_001,180
AGCAACTGGAAGGAACGGAT_002,93
AGCAACTGGAAGGAACGGAT_003,170
AGCAACTGGAAGGAACGGAT_004,158
AGCAACTGGAAGGAACGGAT_005,27
AGCAACTGGAAGGAACGGAT_006,29
AGCAACTGGAAGGAACGGAT_007,162
AGCAACTGGAAGGAACGGAT_008,114
AGCAACTGGAAGGAACGGAT_009,123
AGCAACTGGAAGGAACGGAT_010,103
AGCAACTGGAAGGAACGGAT_011,13
AGCAACTGGAAGGAACGGAT_012,177
AGCAACTGGAAGGAACGGAT_013,108
AGCAACTGGAAGGAACGGAT_014,176
AGCAACTGGAAGGAACGGAT_015,18
AGCAACTGGAAGGAACGGAT_016,17
AGCAACTGGAAGGAACGGAT_017,78
AGCAACTGGAAGGAACGGAT_018,169
AGCAACTGGAAGGAACGGAT_019,198
AGCAACTGGAAGGAACGGAT_020,191
AGCAACTGGAAGGAACGGAT_021,5
AGCAACTGGAAGGAACGGAT_022,170
AGCAACTGGAAGGAACGGAT_023,129
AGCAACTGGAAGGAACGGAT_024,12
AGCAACTGGAAGGAACGGAT_025,163
AGCAACTGGAAGGAACGGAT_026,156
AGCAACTGGAAGGAACGGAT_027,188
AGCAACTGGAAGGAACGGAT_028,69
AGCAACTGGAAGGAACGGAT_029,5
AGCAACTGGAAGGAACGGAT_030,140
AGCAACTGGAAGGAACGGAT_031,106
CGTCTGGAAGGCAACACAGT_001,156
CGTCTGGAAGGCAACACAGT_002,88
CGTCTGGAAGGCAACACAGT_003,63
CGTCTGGAAGGCAACACAGT_004,63
CGTCTGGAAGGCAACACAGT_005,104
CGTCTGGAAGGCAACACAGT_006,122
CGTCTGGAAGGCAACACAGT_007,172
CGTCTGGAAGGCAACACAGT_008,178
CGTCTGGAAGGCAACACAGT_009,6
CGTCTGGAAGGCAACACAGT_010,137
CGTCTGGAAGGCAACACAGT_011,158
CGTCTGGAAGGCAACACAGT_012,48
CGTCTGGAAGGCAACACAGT_013,49
CGTCTGGAAGGCAACACAGT_014,144
CGTCTGGAAGGCAACACAGT_015,174
CGTCTGGAAGGCAACACAGT_016,177
CGTCTGGAAGGCAACACAGT_017,57
CGTCTGGAAGGCAACACAGT_018,166
CTTGGGGACAGATTGTACGG_001,15
CTTGGGGACAGATTGTACGG_002,94
CTTGGGGACAGATTGTACGG_003,105
CTTGGGGACAGATTGTACGG_004,19
CTTGGGGACAGATTGTACGG_005,63
CTTGGGGACAGATTGTACGG_006,184
GGCCTCAAGAAAGCTTGTAG_001,154
GGCCTCAAGAAAGCTTGTAG_002,54
GGCCTCAAGAAAGCTTGTAG_003,140
GGCCTCAAGAAAGCTTGTAG_004,162
GGCCTCAAGAAAGCTTGTAG_005,8
CAGAGGCACTCTGCACCGTG_001,52
CAGAGGCACTCTGCACCGTG_002,165
CAGAGGCACTCTGCACCGTG_003,174
CAGAGGCACTCTGCACCGTG_004,176
CAGAGGCACTCTGCACCGTG_005,17
CAGAGGCACTCTGCACCGTG_006,163
CAGAGGCACTCTGCACCGTG_007,41
CAGAGGCACTCTGCACCGTG_008,157
CAGAGGCACTCTGCACCGTG_009,157
CAGAGGCACTCTGCACCGTG_010,55
CAGAGGCACTCTGCACCGTG_011,23
CAGAGGCACTCTGCACCGTG_012,154
CAGAGGCACTCTGCACCGTG_013,42
CAGAGGCACTCTGCACCGTG_014,184
CAGAGGCACTCTGCACCGTG_015,47
CAGAGGCACTCTGCACCGTG_016,40
CAGAGGCACTCTGCACCGTG_017,160
ATATCACAACTTGTAACTCT_001,54
ATATCACAACTTGTAACTCT_002,17
ATATCACAACTTGTAACTCT_003,21
ATATCACAACTTGTAACTCT_004,156
ATATCACAACTTGTAACTCT_005,156
ATATCACAACTTGTAACTCT_006,174
ATATCACAACTTGTAACTCT_007,101
ATATCACAACTTGTAACTCT_008,39
ATATCACAACTTGTAACTCT_009,122
TGTCTTTGTAGATTATCGCA_001,52
TGTCTTTGTAGATTATCGCA_002,149
TTTAGTCCGTGCACTGGAGA_001,183
TTTAGTCCGTGCACTGGAGA_002,127
TTTAGTCCGTGCACTGGAGA_003,127
TTTAGTCCGTGCACTGGAGA_004,164
TTTAGTCCGTGCACTGGAGA_005,60
TTTAGTCCGTGCACTGGAGA_006,181
CTCAGTACACCACGAACCGT_001,189
CTCAGTACACCACGAACCGT_002,142
CTCAGTACACCACGAACCGT_003,27
CTCAGTACACCACGAACCGT_004,161
CTCAGTACACCACGAACCGT_005,4
CTCAGTACACCACGAACCGT_006,188
CTCAGTACACCACGAACCGT_007,192
CTCAGTACACCACGAACCGT_008,190
GTCTAGAGAACAACCAGACG_001,115
GTCTAGAGAACAACCAGACG_002,107
GTCTAGAGAACAACCAGACG_003,172
GTCTAGAGAACAACCAGACG_004,169
GTCTAGAGAACAACCAGACG_005,61
GTCTAGAGAACAACCAGACG_006,141
GTCTAGAGAACAACCAGACG_007,158
GTCTAGAGAACAACCAGACG_008,17
GTCTAGAGAACAACCAGACG_009,80
GTCTAGAGAACAACCAGACG_010,113
GTCTAGAGAACAACCAGACG_011,156
GTCTAGAGAACAACCAGACG_012,121
GTCTAGAGAACAACCAGACG_013,196
GTCTAGAGAACAACCAGACG_014,37
GTCTAGAGAACAACCAGACG_015,194
TGCAGGCCGAGTACACCGAG_001,22
TGCAGGCCGAGTACACCGAG_002,125
TGCAGGCCGAGTACACCGAG_003,66
TGCAGGCCGAGTACACCGAG_004,10
TGCAGGCCGAGTACACCGAG_005,183
TGCAGGCCGAGTACACCGAG_006,40
TGCAGGCCGAGTACACCGAG_007,115
TGCAGGCCGAGTACACCGAG_008,97
TGCAGGCCGAGTACACCGAG_009,180
CCACCGCTACTTCACGAGAG_001,15
CCACCGCTACTTCACGAGAG_002,52
CCACCGCTACTTCACGAGAG_003,84
CCACCGCTACTTCACGAGAG_004,179
CCACCGCTACTTCACGAGAG_005,89
CCACCGCTACTTCACGAGAG_006,123
CCACCGCTACTTCACGAGAG_007,37
CCACCGCTACTTCACGAGAG_008,46
CCACCGCTACTTCACGAGAG_009,172
CCACCGCTACTTCACGAGAG_010,150
CCACCGCTACTTCACGAGAG_011,52
CCACCGCTACTTCACGAGAG_012,170
CCACCGCTACTTCACGAGAG_013,142
GAGCTGTGTTATCAGCATAG_001,167
GCCATGTGCTCGGGTCCGAG_001,108
GCCATGTGCTCGGGTCCGAG_002,181
GCCATGTGCTCGGGTCCGAG_003,34
GCCATGTGCTCGGGTCCGAG_004,199
GCCATGTGCTCGGGTCCGAG_005,169
GCCATGTGCTCGGGTCCGAG_006,150
GCCATGTGCTCGGGTCCGAG_007,186
GCCATGTGCTCGGGTCCGAG_008,196
GCCATGTGCTCGGGTCCGAG_009,100
GCCATGTGCTCGGGTCCGAG_010,34
GCCATGTGCTCGGGTCCGAG_011,187
GCCATGTGCTCGGGTCCGAG_012,110
GCCATGTGCTCGGGTCCGAG_013,96
GCCATGTGCTCGGGTCCGAG_014,160
GCCATGTGCTCGGGTCCGAG_015,20
GCCATGTGCTCGGGTCCGAG_016,27
GCCATGTGCTCGGGTCCGAG_017,191
GCCATGTGCTCGGGTCCGAG_018,35
GCCATGTGCTCGGGTCCGAG_019,147
GCCATGTGCTCGGGTCCGAG_020,198
CCCAAACTCGAACTAAAAGT_001,57
CCCAAACTCGAACTAAAAGT_002,149
CCCAAACTCGAACTAAAAGT_003,103
CCCAAACTCGAACTAAAAGT_004,158
CCCAAACTCGAACTAAAAGT_005,28
CCCAAACTCGAACTAAAAGT_006,124
CCCAAACTCGAACTAAAAGT_007,40
AGCAGCCTGGAGGACTACGA_001,87
AGCAGCCTGGAGGACTACGA_002,45
AGCAGCCTGGAGGACTACGA_003,17
AGCAGCCTGGAGGACTACGA_004,2
AGCAGCCTGGAGGACTACGA_005,1
AGCAGCCTGGAGGACTACGA_006,98
AGCAGCCTGGAGGACTACGA_007,177
AGCAGCCTGGAGGACTACGA_008,43
AGCAGCCTGGAGGACTACGA_009,83
AGCAGCCTGGAGGACTACGA_010,60
AGCAGCCTGGAGGACTACGA_011,84
AGCAGCCTGGAGGACTACGA_012,174
AGCAGCCTGGAGGACTACGA_013,17
AGCAGCCTGGAGGACTACGA_014,12
AGCAGCCTGGAGGACTACGA_015,154
AGCAGCCTGGAGGACTACGA_016,9
AGCAGCCTGGAGGACTACGA_017,169
AGCAGCCTGGAGGACTACGA_018,60
AGCAGCCTGGAGGACTACGA_019,112
AGCAGCCTGGAGGACTACGA_020,81
AGCAGCCTGGAGGACTACGA_021,191
AGCAGCCTGGAGGACTACGA_022,149
ACAAGTACAATGCTTACAGG_001,23
ACAAGTACAATGCTTACAGG_002,160
ACAAGTACAATGCTTACAGG_003,71
ACAAGTACAATGCTTACAGG_004,32
ACAAGTACAATGCTTACAGG_005,69
ACAAGTACAATGCTTACAGG_006,57
AAGGTGGAGGCCCCATAGCA_001,85
AAGGTGGAGGCCCCATAGCA_002,159
AAGGTGGAGGCCCCATAGCA_003,137
AAGGTGGAGGCCCCATAGCA_004,195
AGGAAGGAAGAGCAAGCGGA_001,95
AGGAAGGAAGAGCAAGCGGA_002,29
AGGAAGGAAGAGCAAGCGGA_003,130
AGGAAGGAAGAGCAAGCGGA_004,63
AGGAAGGAAGAGCAAGCGGA_005,78
AGGAAGGAAGAGCAAGCGGA_006,107
AGGAAGGAAGAGCAAGCGGA_007,151
AGGAAGGAAGAGCAAGCGGA_008,83
AGGAAGGAAGAGCAAGCGGA_009,113
AGGAAGGAAGAGCAAGCGGA_010,88
AGGAAGGAAGAGCAAGCGGA_011,24
AGGAAGGAAGAGCAAGCGGA_012,49
AGGAAGGAAGAGCAAGCGGA_013,18
AGGAAGGAAGAGCAAGCGGA_014,123
AGGAAGGAAGAGCAAGCGGA_015,78
AGGAAGGAAGAGCAAGCGGA_016,162
AGGAAGGAAGAGCAAGCGGA_017,188
AGGAAGGAAGAGCAAGCGGA_018,188
AGGAAGGAAGAGCAAGCGGA_019,63
AGGAAGGAAGAGCAAGCGGA_020,174
AGGAAGGAAGAGCAAGCGGA_021,141
AAGACAGTAGTACAATCGTG_001,183
AAGACAGTAGTACAATCGTG_002,141
AAGACAGTAGTACAATCGTG_003,180
AAGACAGTAGTACAATCGTG_004,168
AAGACAGTAGTACAATCGTG_005,105
AAGACAGTAGTACAATCGTG_006,146
AAGACAGTAGTACAATCGTG_007,153
AAGACAGTAGTACAATCGTG_008,48
GGATTACATTCAATACAGGC_001,89
CCTAAAGTCGCCGCCCCGGG_001,43
CATGGGTTCAACATGCCAAG_001,65
CATGGGTTCAACATGCCAAG_002,45
CATGGGTTCAACATGCCAAG_003,63
CATGGGTTCAACATGCCAAG_004,9
GCTACCCACCAAACAGAACG_001,53
GCTACCCACCAAACAGAACG_002,190
GCTACCCACCAAACAGAACG_003,25
GCTACCCACCAAACAGAACG_004,122
GCTACCCACCAAACAGAACG_005,60
GCTACCCACCAAACAGAACG_006,40
GCTACCCACCAAACAGAACG_007,157
GCTACCCACCAAACAGAACG_008,151
GCTACCCACCAAACAGAACG_009,4
GCTACCCACCAAACAGAACG_010,100
GCTACCCACCAAACAGAACG_011,68
GCTACCCACCAAACAGAACG_012,63
GCTACCCACCAAACAGAACG_013,106
GCTACCCACCAAACAGAACG_014,0
GCTACCCACCAAACAGAACG_015,81
GCTACCCACCAAACAGAACG_016,90
TAACGAGGGACAATTTCAGG_001,184
AGCACAGCAATACAACAGAG_001,102
AGCACAGCAATACAACAGAG_002,102
AGCACAGCAATACAACAGAG_003,74
TGTGGTTACAGTGGTTACAA_001,97
TGTGGTTACAGTGGTTACAA_002,83
TGTGGCCATTGAACTATGGA_001,32
TGTGGCCATTGAACTATGGA_002,198
TGTGGCCATTGAACTATGGA_003,23
TGTGGCCATTGAACTATGGA_004,60
TGTGGCCATTGAACTATGGA_005,116
TGTGGCCATTGAACTATGGA_006,77
TGTGGCCATTGAACTATGGA_007,8
TGTGGCCATTGAACTATGGA_008,20
TGTGGCCATTGAACTATGGA_009,22
TGTGGCCATTGAACTATGGA_010,14
TGTGGCCATTGAACTATGGA_011,104
TGTGGCCATTGAACTATGGA_012,152
TGTGGCCATTGAACTATGGA_013,166
TGTGGCCATTGAACTATGGA_014,31
TGTGGCCATTGAACTATGGA_015,138
TGTGGCCATTGAACTATGGA_016,138
TGAAGCCAAGAAGCTCGACA_001,93
TGAAGCCAAGAAGCTCGACA_002,78
TGAAGCCAAGAAGCTCGACA_003,41
TGAAGCCAAGAAGCTCGACA_004,194
TGAAGCCAAGAAGCTCGACA_005,194
TGAAGCCAAGAAGCTCGACA_006,1
TGAAGCCAAGAAGCTCGACA_007,50
TGAAGCCAAGAAGCTCGACA_008,160
TGAAGCCAAGAAGCTCGACA_009,152
TGAAGCCAAGAAGCTCGACA_010,98
TGAAGCCAAGAAGCTCGACA_011,23
TGAAGCCAAGAAGCTCGACA_012,77
TGAAGCCAAGAAGCTCGACA_013,147
TGAAGCCAAGAAGCTCGACA_014,141
TGAAGCCAAGAAGCTCGACA_015,119
TGAAGCCAAGAAGCTCGACA_016,82
TGAAGCCAAGAAGCTCGACA_017,140
TGAAGCCAAGAAGCTCGACA_018,158
TGAAGCCAAGAAGCTCGACA_019,104
TGAAGCCAAGAAGCTCGACA_020,196
TGAAGCCAAGAAGCTCGACA_021,8
TGAAGCCAAGAAGCTCGACA_022,96
TGAAGCCAAGAAGCTCGACA_023,49
TGAAGCCAAGAAGCTCGACA_024,33
TGAAGCCAAGAAGCTCGACA_025,179
TGAAGCCAAGAAGCTCGACA_026,97
TGAAGCCAAGAAGCTCGACA_027,24
TGAAGCCAAGAAGCTCGACA_028,196
TGAAGCCAAGAAGCTCGACA_029,80
TGAAGCCAAGAAGCTCGACA_030,165
TGAAGCCAAGAAGCTCGACA_031,8
TGAAGCCAAGAAGCTCGACA_032,0
TGAAGCCAAGAAGCTCGACA_033,3
TGAAGCCAAGAAGCTCGACA_034,12
TGAAGCCAAGAAGCTCGACA_035,147
TGAAGCCAAGAAGCTCGACA_036,142
CGGAGGAGTCGCGACCACGG_001,146
CGGAGGAGTCGCGACCACGG_002,118
CGGAGGAGTCGCGACCACGG_003,113
CGGAGGAGTCGCGACCACGG_004,119
CGGAGGAGTCGCGACCACGG_005,2
CGGAGGAGTCGCGACCACGG_006,181
CGGAGGAGTCGCGACCACGG_007,184
CGGAGGAGTCGCGACCACGG_008,188
CGGAGGAGTCGCGACCACGG_009,194
CGGAGGAGTCGCGACCACGG_010,30
CGGAGGAGTCGCGACCACGG_011,171
CGGAGGAGTCGCGACCACGG_012,88
CGGAGGAGTCGCGACCACGG_013,195
CGGAGGAGTCGCGACCACGG_014,102
CGGAGGAGTCGCGACCACGG_015,169
CGGAGGAGTCGCGACCACGG_016,149
CGGAGGAGTCGCGACCACGG_017,113
CGGAGGAGTCGCGACCACGG_018,138
CGGAGGAGTCGCGACCACGG_019,184
CGGAGGAGTCGCGACCACGG_020,38
CGGAGGAGTCGCGACCACGG_021,116
CGGAGGAGTCGCGACCACGG_022,98
CGGAGGAGTCGCGACCACGG_023,40
CGGAGGAGTCGCGACCACGG_024,139
CGGAGGAGTCGCGACCACGG_025,153
CGGAGGAGTCGCGACCACGG_026,60
CGGAGGAGTCGCGACCACGG_027,171
CGGAGGAGTCGCGACCACGG_028,54
CGGAGGAGTCGCGACCACGG_029,198
CGGAGGAGTCGCGACCACGG_030,42
CGGAGGAGTCGCGACCACGG_031,35
CGGAGGAGTCGCGACCACGG_032,148
CGGAGGAGTCGCGACCACGG_033,1
CGGAGGAGTCGCGACCACGG_034,35
CGGAGGAGTCGCGACCACGG_035,96
CGGAGGAGTCGCGACCACGG_036,78
CGGAGGAGTCGCGACCACGG_037,24
CGGAGGAGTCGCGACCACGG_038,6
CGGAGGAGTCGCGACCACGG_039,15
CGGAGGAGTCGCGACCACGG_040,57
CGGAGGAGTCGCGACCACGG_041,130
CGGAGGAGTCGCGACCACGG_042,112
CGTGGCAGCCATCCCCACAG_001,190
CGTGGCAGCCATCCCCACAG_002,7
AATACGACTAGTCATCACAT_001,115
AATACGACTAGTCATCACAT_002,143
AATACGACTAGTCATCACAT_003,58
AATACGACTAGTCATCACAT_004,147
AATACGACTAGTCATCACAT_005,178
AATACGACTAGTCATCACAT_006,179
AATACGACTAGTCATCACAT_007,9
AATACGACTAGTCATCACAT_008,192
AATACGACTAGTCATCACAT_009,91
AATACGACTAGTCATCACAT_010,27
GGATGTCAAAGCCTTCGCTG_001,118
GGATGTCAAAGCCTTCGCTG_002,133
GGATGTCAAAGCCTTCGCTG_003,70
GGATGTCAAAGCCTTCGCTG_004,78
GGATGTCAAAGCCTTCGCTG_005,49
GGATGTCAAAGCCTTCGCTG_006,199
GGATGTCAAAGCCTTCGCTG_007,139
GGATGTCAAAGCCTTCGCTG_008,181
GGATGTCAAAGCCTTCGCTG_009,154
GGATGTCAAAGCCTTCGCTG_010,158
GGATGTCAAAGCCTTCGCTG_011,41
GGATGTCAAAGCCTTCGCTG_012,105
GGATGTCAAAGCCTTCGCTG_013,94
GGATGTCAAAGCCTTCGCTG_014,14
GGATGTCAAAGCCTTCGCTG_015,173
GGATGTCAAAGCCTTCGCTG_016,94
GGATGTCAAAGCCTTCGCTG_017,71
GGATGTCAAAGCCTTCGCTG_018,38
GGATGTCAAAGCCTTCGCTG_019,11
GGATGTCAAAGCCTTCGCTG_020,62
GGATGTCAAAGCCTTCGCTG_021,61
GGATGTCAAAGCCTTCGCTG_022,36
GGATGTCAAAGCCTTCGCTG_023,70
GGATGTCAAAGCCTTCGCTG_024,58
GGATGTCAAAGCCTTCGCTG_025,168
GGATGTCAAAGCCTTCGCTG_026,41
GGATGTCAAAGCCTTCGCTG_027,41
GGATGTCAAAGCCTTCGCTG_028,94
GGATGTCAAAGCCTTCGCTG_029,121
GGATGTCAAAGCCTTCGCTG_030,119
GGATGTCAAAGCCTTCGCTG_031,191
GGATGTCAAAGCCTTCGCTG_032,62
GGATGTCAAAGCCTTCGCTG_033,188
GGATGTCAAAGCCTTCGCTG_034,49
GGATGTCAAAGCCTTCGCTG_035,8
GGATGTCAAAGCCTTCGCTG_036,53
GGATGTCAAAGCCTTCGCTG_037,29
GGATGTCAAAGCCTTCGCTG_038,58
GGATGTCAAAGCCTTCGCTG_039,193
GGATGTCAAAGCCTTCGCTG_040,55
GGATGTCAAAGCCTTCGCTG_041,137
GGATGTCAAAGCCTTCGCTG_042,191
GGATGTCAAAGCCTTCGCTG_043,27
GGATGTCAAAGCCTTCGCTG_044,170
GGATGTCAAAGCCTTCGCTG_045,74
GGATGTCAAAGCCTTCGCTG_046,130
GGATGTCAAAGCCTTCGCTG_047,114
TTCAGCAATAATGGGAACGG_001,185
TTCAGCAATAATGGGAACGG_002,118
TTCAGCAATAATGGGAACGG_003,78
TTCAGCAATAATGGGAACGG_004,15
TTCAGCAATAATGGGAACGG_005,16
TGATGGTAGAATATCGGAGA_001,103
TGATGGTAGAATATCGGAGA_002,48
TGATGGTAGAATATCGGAGA_003,98
TGATGGTAGAATATCGGAGA_004,155
TAAAATAAAGAGCCTTAACT_001,65
TAAAATAAAGAGCCTTAACT_002,13
TAAAATAAAGAGCCTTAACT_003,150
TAAAATAAAGAGCCTTAACT_004,3
TAAAATAAAGAGCCTTAACT_005,137
TAAAATAAAGAGCCTTAACT_006,150
TAAAATAAAGAGCCTTAACT_007,184
TAAAATAAAGAGCCTTAACT_008,175
AAATCAGGAGAGCTAGTGGA_001,185
AAATCAGGAGAGCTAGTGGA_002,65
AAATCAGGAGAGCTAGTGGA_003,157
AAATCAGGAGAGCTAGTGGA_004,43
AAATCAGGAGAGCTAGTGGA_005,82
AAATCAGGAGAGCTAGTGGA_006,147
AAATCAGGAGAGCTAGTGGA_007,181
AAATCAGGAGAGCTAGTGGA_008,76
AAATCAGGAGAGCTAGTGGA_009,93
AAATCAGGAGAGCTAGTGGA_010,16
AAATCAGGAGAGCTAGTGGA_011,122
AAATCAGGAGAGCTAGTGGA_012,27
AAATCAGGAGAGCTAGTGGA_013,139
AAATCAGGAGAGCTAGTGGA_014,77
CAGTCCTAGACCCCCCGCTG_001,112
CAGTCCTAGACCCCCCGCTG_002,88
CAGTCCTAGACCCCCCGCTG_003,168
CAGTCCTAGACCCCCCGCTG_004,78
CAGTCCTAGACCCCCCGCTG_005,60
CAGTCCTAGACCCCCCGCTG_006,197
CAGTCCTAGACCCCCCGCTG_007,51
CAGTCCTAGACCCCCCGCTG_008,174
CAGTCCTAGACCCCCCGCTG_009,94
CAGTCCTAGACCCCCCGCTG_010,58
CAGTCCTAGACCCCCCGCTG_011,162
CAGTCCTAGACCCCCCGCTG_012,60
CAGTCCTAGACCCCCCGCTG_013,17
CAGTCCTAGACCCCCCGCTG_014,147
CAGTCCTAGACCCCCCGCTG_015,108
CAGTCCTAGACCCCCCGCTG_016,51
CAGTCCTAGACCCCCCGCTG_017,170
CAGTCCTAGACCCCCCGCTG_018,94
CAGTCCTAGACCCCCCGCTG_019,111
CAGTCCTAGACCCCCCGCTG_020,187
CAGTCCTAGACCCCCCGCTG_021,16
CAGTCCTAGACCCCCCGCTG_022,81
CAGTCCTAGACCCCCCGCTG_023,132
CAGTCCTAGACCCCCCGCTG_024,154
CAGTCCTAGACCCCCCGCTG_025,88
CAGTCCTAGACCCCCCGCTG_026,89
CAGTCCTAGACCCCCCGCTG_027,128
CAGTCCTAGACCCCCCGCTG_028,181
CAGTCCTAGACCCCCCGCTG_029,186
CAGTCCTAGACCCCCCGCTG_030,140
CAGTCCTAGACCCCCCGCTG_031,156
CAGTCCTAGACCCCCCGCTG_032,17
CAGTCCTAGACCCCCCGCTG_033,37
CAGTCCTAGACCCCCCGCTG_034,4
CAGTCCTAGACCCCCCGCTG_035,70
CAGTCCTAGACCCCCCGCTG_036,142
CAGTCCTAGACCCCCCGCTG_037,107
CAGTCCTAGACCCCCCGCTG_038,1
CAGTCCTAGACCCCCCGCTG_039,109
CAGTCCTAGACCCCCCGCTG_040,150
CAGTCCTAGACCCCCCGCTG_041,99
CAGTCCTAGACCCCCCGCTG_042,77
CAGTCCTAGACCCCCCGCTG_043,174
CAGTCCTAGACCCCCCGCTG_044,11
CAGTCCTAGACCCCCCGCTG_045,158
CAGTCCTAGACCCCCCGCTG_046,121
CAGTCCTAGACCCCCCGCTG_047,58
CAGTCCTAGACCCCCCGCTG_048,198
CAGTCCTAGACCCCCCGCTG_049,83
CAGTCCTAGACCCCCCGCTG_050,95
CAGTCCTAGACCCCCCGCTG_051,83
CAGTCCTAGACCCCCCGCTG_052,123
CAGTCCTAGACCCCCCGCTG_053,87
CAGTCCTAGACCCCCCGCTG_054,101
CAGTCCTAGACCCCCCGCTG_055,150
CAGTCCTAGACCCCCCGCTG_056,94
CAGTCCTAGACCCCCCGCTG_057,107
CAGTCCTAGACCCCCCGCTG_058,18
CAGTCCTAGACCCCCCGCTG_059,88
CAGTCCTAGACCCCCCGCTG_060,169
CAGTCCTAGACCCCCCGCTG_061,196
CAGTCCTAGACCCCCCGCTG_062,98
CAGTCCTAGACCCCCCGCTG_063,118
CAGTCCTAGACCCCCCGCTG_064,48
CAGTCCTAGACCCCCCGCTG_065,117
CAGTCCTAGACCCCCCGCTG_066,178
CAGTCCTAGACCCCCCGCTG_067,141
CAGTCCTAGACCCCCCGCTG_068,78
CAGTCCTAGACCCCCCGCTG_069,63
CAGTCCTAGACCCCCCGCTG_070,131
CAGTCCTAGACCCCCCGCTG_071,185
CAGTCCTAGACCCCCCGCTG_072,14
CAGTCCTAGACCCCCCGCTG_073,154
CAGTCCTAGACCCCCCGCTG_074,44
CAGTCCTAGACCCCCCGCTG_075,89
CAGTCCTAGACCCCCCGCTG_076,19
CAGTCCTAGACCCCCCGCTG_077,56
CAGTCCTAGACCCCCCGCTG_078,155
GAAGGACTATCACATCGAAG_001,59
CCGAGGTCAGGAACTCACGC_001,130
CCGAGGTCAGGAACTCACGC_002,198
CCGAGGTCAGGAACTCACGC_003,83
CCGAGGTCAGGAACTCACGC_004,22
CCGAGGTCAGGAACTCACGC_005,161
CCGAGGTCAGGAACTCACGC_006,125
ACACTTACCTAGGTCCAAAG_001,17
ACACTTACCTAGGTCCAAAG_002,29
ACACTTACCTAGGTCCAAAG_003,19
ACACTTACCTAGGTCCAAAG_004,139
ACACTTACCTAGGTCCAAAG_005,194
ACACTTACCTAGGTCCAAAG_006,112
ACACTTACCTAGGTCCAAAG_007,101
ACACTTACCTAGGTCCAAAG_008,175
ACACTTACCTAGGTCCAAAG_009,105
AGGCCCATGATGCGCCCATG_001,110
AGGCCCATGATGCGCCCATG_002,152
GGAATTCCAATCGTACCTTG_001,62
GGAATTCCAATCGTACCTTG_002,145
GGAATTCCAATCGTACCTTG_003,160
GGAATTCCAATCGTACCTTG_004,32
GGAATTCCAATCGTACCTTG_005,9
GGAATTCCAATCGTACCTTG_006,102
GGAATTCCAATCGTACCTTG_007,29
GGAATTCCAATCGTACCTTG_008,169
GGAATTCCAATCGTACCTTG_009,176
GGAATTCCAATCGTACCTTG_010,62
GGAATTCCAATCGTACCTTG_011,152
GGAATTCCAATCGTACCTTG_012,138
AGATGGCGACAACTCCTGAC_001,108
AGATGGCGACAACTCCTGAC_002,78
AGATGGCGACAACTCCTGAC_003,148
AGATGGCGACAACTCCTGAC_004,91
AGATGGCGACAACTCCTGAC_005,148
AGATGGCGACAACTCCTGAC_006,150
AGATGGCGACAACTCCTGAC_007,190
AGATGGCGACAACTCCTGAC_008,175
AGATGGCGACAACTCCTGAC_009,57
AGATGGCGACAACTCCTGAC_010,2
AGATGGCGACAACTCCTGAC_011,133
AGATGGCGACAACTCCTGAC_012,68
AGATGGCGACAACTCCTGAC_013,69
AGATGGCGACAACTCCTGAC_014,177
AGATGGCGACAACTCCTGAC_015,105
AGATGGCGACAACTCCTGAC_016,41
AGATGGCGACAACTCCTGAC_017,137
AGATGGCGACAACTCCTGAC_018,56
AGATGGCGACAACTCCTGAC_019,115
CAGAACTGAGGACCTACTAA_001,32
CAGAACTGAGGACCTACTAA_002,72
CAGAACTGAGGACCTACTAA_003,72
CAGAACTGAGGACCTACTAA_004,150
CAGAACTGAGGACCTACTAA_005,165
CAGAACTGAGGACCTACTAA_006,48
CAGAACTGAGGACCTACTAA_007,1
CAGAACTGAGGACCTACTAA_008,113
CAGAACTGAGGACCTACTAA_009,138
CAGAACTGAGGACCTACTAA_010,194
CAGAACTGAGGACCTACTAA_011,29
CAGAACTGAGGACCTACTAA_012,177
CAGAACTGAGGACCTACTAA_013,96
CAGAACTGAGGACCTACTAA_014,160
CAGAACTGAGGACCTACTAA_015,147
CAGAACTGAGGACCTACTAA_016,157
CAGAACTGAGGACCTACTAA_017,160
CAGAACTGAGGACCTACTAA_018,98
CAGAACTGAGGACCTACTAA_019,53
CAGAACTGAGGACCTACTAA_020,94
CAGAACTGAGGACCTACTAA_021,184
CAGAACTGAGGACCTACTAA_022,140
CAGAACTGAGGACCTACTAA_023,166
CAGAACTGAGGACCTACTAA_024,96
CAGAACTGAGGACCTACTAA_025,28
CAGAACTGAGGACCTACTAA_026,10
CAGAACTGAGGACCTACTAA_027,64
CAGAACTGAGGACCTACTAA_028,64
CACAGCTTCTAGGCAGGCGT_001,182
CACAGCTTCTAGGCAGGCGT_002,83
CACAGCTTCTAGGCAGGCGT_003,191
CACAGCTTCTAGGCAGGCGT_004,50
CACAGCTTCTAGGCAGGCGT_005,39
CACAGCTTCTAGGCAGGCGT_006,15
CACAGCTTCTAGGCAGGCGT_007,81
CACAGCTTCTAGGCAGGCGT_008,33
CACAGCTTCTAGGCAGGCGT_009,141
CACAGCTTCTAGGCAGGCGT_010,37
CACAGCTTCTAGGCAGGCGT_011,65
TGAAGAGACCGAAGCTAACA_001,115
TGAAGAGACCGAAGCTAACA_002,150
TGAAGAGACCGAAGCTAACA_003,72
TGAAGAGACCGAAGCTAACA_004,34
TGAAGAGACCGAAGCTAACA_005,30
TGAAGAGACCGAAGCTAACA_006,120
TGAAGAGACCGAAGCTAACA_007,16
TGAAGAGACCGAAGCTAACA_008,16
TGAAGAGACCGAAGCTAACA_009,165
TGAAGAGACCGAAGCTAACA_010,51
TGAAGAGACCGAAGCTAACA_011,192
TGAAGAGACCGAAGCTAACA_012,63
CTTCCACTTTAGGTAGACAA_001,97
CTTCCACTTTAGGTAGACAA_002,118
CTTCCACTTTAGGTAGACAA_003,137
CTTCCACTTTAGGTAGACAA_004,104
CTTCCACTTTAGGTAGACAA_005,70
CTTCCACTTTAGGTAGACAA_006,28
TCAAGAAATGCTGATAAACA_001,192
CCGCGGGCTACGCCCCCGAG_001,48
CCGCGGGCTACGCCCCCGAG_002,1
CCGCGGGCTACGCCCCCGAG_003,169
CCGCGGGCTACGCCCCCGAG_004,152
CCGCGGGCTACGCCCCCGAG_005,160
CCGCGGGCTACGCCCCCGAG_006,115
CCGCGGGCTACGCCCCCGAG_007,181
CCGCGGGCTACGCCCCCGAG_008,167
CCGCGGGCTACGCCCCCGAG_009,12
AGGCGCATGTGAACTCCCTG_001,170
AGGCGCATGTGAACTCCCTG_002,2
AGGCGCATGTGAACTCCCTG_003,60
AGGCGCATGTGAACTCCCTG_004,19
AGGCGCATGTGAACTCCCTG_005,9
AGGCGCATGTGAACTCCCTG_006,62
AGGCGCATGTGAACTCCCTG_007,183
AGGCGCATGTGAACTCCCTG_008,119
AGGCGCATGTGAACTCCCTG_009,22
AGGCGCATGTGAACTCCCTG_010,44
AGGCGCATGTGAACTCCCTG_011,22
AGGCGCATGTGAACTCCCTG_012,194
AGGCGCATGTGAACTCCCTG_013,15
AGGCGCATGTGAACTCCCTG_014,90
AGGCGCATGTGAACTCCCTG_015,193
AGGCGCATGTGAACTCCCTG_016,37
AGGCGCATGTGAACTCCCTG_017,13
AGGCGCATGTGAACTCCCTG_018,91
AGGCGCATGTGAACTCCCTG_019,0
AGGCGCATGTGAACTCCCTG_020,1
AGGCGCATGTGAACTCCCTG_021,98
AGGCGCATGTGAACTCCCTG_022,39
AGGCGCATGTGAACTCCCTG_023,15
GCTGCCATTGAAAAAAATGG_001,121
GCTGCCATTGAAAAAAATGG_002,5
ACGCTCTAATCCGATCCTCG_001,91
GAAGCCAGCAGATATGAACA_001,172
GAAGCCAGCAGATATGAACA_002,62
GAAGCCAGCAGATATGAACA_003,94
GAAGCCAGCAGATATGAACA_004,149
GAAGCCAGCAGATATGAACA_005,36
GAAGCCAGCAGATATGAACA_006,15
GAAGCCAGCAGATATGAACA_007,57
GGCTGCGGGTCTCGCCTACG_001,121
GGCTGCGGGTCTCGCCTACG_002,6
GGCTGCGGGTCTCGCCTACG_003,160
GGCTGCGGGTCTCGCCTACG_004,146
GGCTGCGGGTCTCGCCTACG_005,199
GGCTGCGGGTCTCGCCTACG_006,152
GGCTGCGGGTCTCGCCTACG_007,56
GTACTCCGTCATGATCAACA_001,186
GTACTCCGTCATGATCAACA_002,105
GTACTCCGTCATGATCAACA_003,88
GTACTCCGTCATGATCAACA_004,48
GTACTCCGTCATGATCAACA_005,102
CGTTCTCCCCAATCAAGACA_001,4
CGTTCTCCCCAATCAAGACA_002,198
CGTTCTCCCCAATCAAGACA_003,191
CGTTCTCCCCAATCAAGACA_004,151
CGTTCTCCCCAATCAAGACA_005,49
CGTTCTCCCCAATCAAGACA_006,83
CGTTCTCCCCAATCAAGACA_007,70
CGTTCTCCCCAATCAAGACA_008,36
CGTTCTCCCCAATCAAGACA_009,196
CGTTCTCCCCAATCAAGACA_010,0
CGTTCTCCCCAATCAAGACA_011,65
CGTTCTCCCCAATCAAGACA_012,150
GGGCTTCAGATAGATCACAT_001,106
GGGCTTCAGATAGATCACAT_002,12
GGGCTTCAGATAGATCACAT_003,160
GGGCTTCAGATAGATCACAT_004,1
GGGCTTCAGATAGATCACAT_005,185
GGGCTTCAGATAGATCACAT_006,144
GGGCTTCAGATAGATCACAT_007,138
GGGCTTCAGATAGATCACAT_008,152
GAAGCCTGTCAATATAAACA_001,62
GAAGCCTGTCAATATAAACA_002,117
GAAGCCTGTCAATATAAACA_003,127
GAAGCCTGTCAATATAAACA_004,82
TCACAATTATTCCCACTCCA_001,56
TCACAATTATTCCCACTCCA_002,8
TCACAATTATTCCCACTCCA_003,63
TCACAATTATTCCCACTCCA_004,18
TTAAAGCATCCAATACCATG_001,35
TTGAGGATCCTCGAGTACAA_001,196
TTGAGGATCCTCGAGTACAA_002,2
TTGAGGATCCTCGAGTACAA_003,76
TTGAGGATCCTCGAGTACAA_004,14
TTGAGGATCCTCGAGTACAA_005,150
TTGAGGATCCTCGAGTACAA_006,60
TTGAGGATCCTCGAGTACAA_007,76
TTGAGGATCCTCGAGTACAA_008,116
TTGAGGATCCTCGAGTACAA_009,76
TTGAGGATCCTCGAGTACAA_010,84
TTGAGGATCCTCGAGTACAA_011,83
TTGAGGATCCTCGAGTACAA_012,165
TTGAGGATCCTCGAGTACAA_013,56
TTGAGGATCCTCGAGTACAA_014,192
TTGAGGATCCTCGAGTACAA_015,124
TTGAGGATCCTCGAGTACAA_016,153
TTGAGGATCCTCGAGTACAA_017,3
TTGAGGATCCTCGAGTACAA_018,58
TTGAGGATCCTCGAGTACAA_019,177
TTGAGGATCCTCGAGTACAA_020,179
TTGAGGATCCTCGAGTACAA_021,104
TTGAGGATCCTCGAGTACAA_022,188
TTGAGGATCCTCGAGTACAA_023,106
TTGAGGATCCTCGAGTACAA_024,58
TTGAGGATCCTCGAGTACAA_025,179
TTGAGGATCCTCGAGTACAA_026,110
TTGAGGATCCTCGAGTACAA_027,9
TTGAGGATCCTCGAGTACAA_028,98
TCAGACATGAAATAGGCACG_001,70
TCAGACATGAAATAGGCACG_002,160
TCAGACATGAAATAGGCACG_003,60
TCAGACATGAAATAGGCACG_004,124
TCACAAACTCAAAACCAACC_001,163
TCACAAACTCAAAACCAACC_002,140
TCACAAACTCAAAACCAACC_003,193
AACGACGAGGAGTCAGACGA_001,65
AACGACGAGGAGTCAGACGA_002,43
AACGACGAGGAGTCAGACGA_003,177
AACGACGAGGAGTCAGACGA_004,177
AACGACGAGGAGTCAGACGA_005,161
AACGACGAGGAGTCAGACGA_006,177
AACGACGAGGAGTCAGACGA_007,37
AACGACGAGGAGTCAGACGA_008,170
AACGACGAGGAGTCAGACGA_009,60
AACGACGAGGAGTCAGACGA_010,105
AACGACGAGGAGTCAGACGA_011,24
AACGACGAGGAGTCAGACGA_012,112
AACGACGAGGAGTCAGACGA_013,5
AACGACGAGGAGTCAGACGA_014,112
AACGACGAGGAGTCAGACGA_015,1
AACGACGAGGAGTCAGACGA_016,123
AACGACGAGGAGTCAGACGA_017,85
AACGACGAGGAGTCAGACGA_018,190
AACGACGAGGAGTCAGACGA_019,4
AACGACGAGGAGTCAGACGA_020,34
AACGACGAGGAGTCAGACGA_021,1
AACGACGAGGAGTCAGACGA_022,174
AACGACGAGGAGTCAGACGA_023,155
AACGACGAGGAGTCAGACGA_024,108
AACGACGAGGAGTCAGACGA_025,62
AACGACGAGGAGTCAGACGA_026,182
AACGACGAGGAGTCAGACGA_027,9
AACGACGAGGAGTCAGACGA_028,129
AACGACGAGGAGTCAGACGA_029,104
AACGACGAGGAGTCAGACGA_030,37
AACGACGAGGAGTCAGACGA_031,40
AACGACGAGGAGTCAGACGA_032,26
AACGACGAGGAGTCAGACGA_033,166
AACGACGAGGAGTCAGACGA_034,166
AACGACGAGGAGTCAGACGA_035,114
AACGACGAGGAGTCAGACGA_036,125
CACAGAATGCCAGCCCCCCG_001,149
CACAGAATGCCAGCCCCCCG_002,49
CACAGAATGCCAGCCCCCCG_003,75
CACAGAATGCCAGCCCCCCG_004,116
CACAGAATGCCAGCCCCCCG_005,73
CACAGAATGCCAGCCCCCCG_006,83
CACAGAATGCCAGCCCCCCG_007,160
CACAGAATGCCAGCCCCCCG_008,30
CACAGAATGCCAGCCCCCCG_009,68
CACAGAATGCCAGCCCCCCG_010,43
CACAGAATGCCAGCCCCCCG_011,148
GTGATGCCTCAATTAAGAAG_001,159
GTGATGCCTCAATTAAGAAG_002,146
GTGATGCCTCAATTAAGAAG_003,8
GTGATGCCTCAATTAAGAAG_004,68
GTGATGCCTCAATTAAGAAG_005,133
GTGATGCCTCAATTAAGAAG_006,13
GTGATGCCTCAATTAAGAAG_007,60
GTGATGCCTCAATTAAGAAG_008,124
GTGATGCCTCAATTAAGAAG_009,156
ATGCCCTCTAACGTCAAAGG_001,114
ATGCCCTCTAACGTCAAAGG_002,169
ATGCCCTCTAACGTCAAAGG_003,34
ATGCCCTCTAACGTCAAAGG_004,175
ATGCCCTCTAACGTCAAAGG_005,53
TGAACCCGACGAAGCCCCGG_001,4
TGAACCCGACGAAGCCCCGG_002,94
TGAACCCGACGAAGCCCCGG_003,125
TGAACCCGACGAAGCCCCGG_004,102
TGAACCCGACGAAGCCCCGG_005,174
TGAACCCGACGAAGCCCCGG_006,1
TGAACCCGACGAAGCCCCGG_007,182
TGAACCCGACGAAGCCCCGG_008,162
TGGCCTTCAAACTAGACCGA_001,150
TGGCCTTCAAACTAGACCGA_002,156
CCAGGCGAAACAGAGCGTAC_001,59
CCAGGCGAAACAGAGCGTAC_002,70
CCAGGCGAAACAGAGCGTAC_003,116
CCAGGCGAAACAGAGCGTAC_004,91
CCAGGCGAAACAGAGCGTAC_005,50
CCAGGCGAAACAGAGCGTAC_006,145
CCAGGCGAAACAGAGCGTAC_007,37
CCAGGCGAAACAGAGCGTAC_008,73
CCAGGCGAAACAGAGCGTAC_009,159
CCAGGCGAAACAGAGCGTAC_010,6
CCCGCACCTAGGATTAGGTA_001,101
CCCGCACCTAGGATTAGGTA_002,190
CCCGCACCTAGGATTAGGTA_003,56
CCCGCACCTAGGATTAGGTA_004,145
CCCGCACCTAGGATTAGGTA_005,49
CCCGCACCTAGGATTAGGTA_006,168
CCCGCACCTAGGATTAGGTA_007,9
CCCGCACCTAGGATTAGGTA_008,2
CCCGCACCTAGGATTAGGTA_009,38
CCCGCACCTAGGATTAGGTA_010,88
CCCGCACCTAGGATTAGGTA_011,104
CCCGCACCTAGGATTAGGTA_012,67
CCCGCACCTAGGATTAGGTA_013,94
CCCGCACCTAGGATTAGGTA_014,83
CCCGCACCTAGGATTAGGTA_015,170
CCCGCACCTAGGATTAGGTA_016,48
CCCGCACCTAGGATTAGGTA_017,60
CCCGCACCTAGGATTAGGTA_018,104
CCCGCACCTAGGATTAGGTA_019,86
CCCGCACCTAGGATTAGGTA_020,195
CCCGCACCTAGGATTAGGTA_021,198
CCCGCACCTAGGATTAGGTA_022,82
CCCGCACCTAGGATTAGGTA_023,131
CCCGCACCTAGGATTAGGTA_024,168
CCCGCACCTAGGATTAGGTA_025,115
CCCGCACCTAGGATTAGGTA_026,0
CCCGCACCTAGGATTAGGTA_027,67
CCCGCACCTAGGATTAGGTA_028,155
ATATAACTTAAAGACCAGAG_001,75
ATATAACTTAAAGACCAGAG_002,121
ATATAACTTAAAGACCAGAG_003,114
ATATAACTTAAAGACCAGAG_004,76
GTGCTACACTACGGACACGC_001,189
GTGCTACACTACGGACACGC_002,83
GTGCTACACTACGGACACGC_003,46
GTGCTACACTACGGACACGC_004,11
GTGCTACACTACGGACACGC_005,77
GTGCTACACTACGGACACGC_006,192
GTGCTACACTACGGACACGC_007,44
GTGCTACACTACGGACACGC_008,159
GTGCTACACTACGGACACGC_009,188
GTGCTACACTACGGACACGC_010,152
GTGCTACACTACGGACACGC_011,161
GTGCTACACTACGGACACGC_012,151
TAAACCATCTCCAACCACGG_001,115
TAAACCATCTCCAACCACGG_002,146
TAAACCATCTCCAACCACGG_003,190
TAAACCATCTCCAACCACGG_004,120
TAAACCATCTCCAACCACGG_005,26
TAAACCATCTCCAACCACGG_006,133
TAAACCATCTCCAACCACGG_007,24
TAAACCATCTCCAACCACGG_008,105
TAAACCATCTCCAACCACGG_009,41
TAAACCATCTCCAACCACGG_010,112
GTGCCTTTAGACTGGACGTG_001,98
GTGCCTTTAGACTGGACGTG_002,1
GTGCCTTTAGACTGGACGTG_003,86
GTGCCTTTAGACTGGACGTG_004,82
GTGCCTTTAGACTGGACGTG_005,194
GTGCCTTTAGACTGGACGTG_006,70
GTGCCTTTAGACTGGACGTG_007,165
GTGCCTTTAGACTGGACGTG_008,103
GTGCCTTTAGACTGGACGTG_009,29
GTGCCTTTAGACTGGACGTG_010,169
GTGCCTTTAGACTGGACGTG_011,127
GTGCCTTTAGACTGGACGTG_012,88
GTGCCTTTAGACTGGACGTG_013,160
GTGCCTTTAGACTGGACGTG_014,31
GTGCCTTTAGACTGGACGTG_015,117
GTGCCTTTAGACTGGACGTG_016,40
GTGCCTTTAGACTGGACGTG_017,177
GTGCCTTTAGACTGGACGTG_018,12
GTGCCTTTAGACTGGACGTG_019,31
GTGCCTTTAGACTGGACGTG_020,73
GTGCCTTTAGACTGGACGTG_021,7
GTGCCTTTAGACTGGACGTG_022,49
GTGCCTTTAGACTGGACGTG_023,70
GTGCCTTTAGACTGGACGTG_024,35
GTGCCTTTAGACTGGACGTG_025,182
GTGCCTTTAGACTGGACGTG_026,42
CGAGGAGTGGAACTCGTTGT_001,126
CGAGGAGTGGAACTCGTTGT_002,147
AACATAGACTGGGTTAACAG_001,34
AACATAGACTGGGTTAACAG_002,69
AACATAGACTGGGTTAACAG_003,13
AACATAGACTGGGTTAACAG_004,49
AACATAGACTGGGTTAACAG_005,108
AACATAGACTGGGTTAACAG_006,95
AACATAGACTGGGTTAACAG_007,96
AACATAGACTGGGTTAACAG_008,168
AACATAGACTGGGTTAACAG_009,194
AACATAGACTGGGTTAACAG_010,43
AACATAGACTGGGTTAACAG_011,133
AACATAGACTGGGTTAACAG_012,165
TCTGGCTACCACTTCTGCGG_001,84
TCTGGCTACCACTTCTGCGG_002,157
TCTGGCTACCACTTCTGCGG_003,157
ACGACCAGCTGTTCTACACA_001,49
ACGACCAGCTGTTCTACACA_002,15
ACGACCAGCTGTTCTACACA_003,127
ACGACCAGCTGTTCTACACA_004,105
ACGACCAGCTGTTCTACACA_005,196
GCTTCAAGAAGCGTGCACCT_001,127
GCTTCAAGAAGCGTGCACCT_002,29
GCTTCAAGAAGCGTGCACCT_003,134
GCTTCAAGAAGCGTGCACCT_004,138
GCTTCAAGAAGCGTGCACCT_005,2
GCTTCAAGAAGCGTGCACCT_006,12
GCTTCAAGAAGCGTGCACCT_007,53
GCTTCAAGAAGCGTGCACCT_008,63
GCTTCAAGAAGCGTGCACCT_009,36
GCTTCAAGAAGCGTGCACCT_010,190
TGGTTCCCGCCGACGTACTG_001,65
TGGTTCCCGCCGACGTACTG_002,48
TGGTTCCCGCCGACGTACTG_003,32
TGGTTCCCGCCGACGTACTG_004,151
TGGTTCCCGCCGACGTACTG_005,149
TGGTTCCCGCCGACGTACTG_006,118
TGGTTCCCGCCGACGTACTG_007,37
TGGTTCCCGCCGACGTACTG_008,70
TGGTTCCCGCCGACGTACTG_009,17
TGGTTCCCGCCGACGTACTG_010,176
TGGTTCCCGCCGACGTACTG_011,3
TGGTTCCCGCCGACGTACTG_012,138
TGGTTCCCGCCGACGTACTG_013,75
TGGTTCCCGCCGACGTACTG_014,35
TCTTGCGCTCTAGTTCCAGG_001,105
AAAACTCTACCTGATTGACT_001,94
AAAACTCTACCTGATTGACT_002,130
AAAACTCTACCTGATTGACT_003,44
AAAACTCTACCTGATTGACT_004,101
CTGCTCTCTTGACGACAACG_001,186
CTGCTCTCTTGACGACAACG_002,98
CTGCTCTCTTGACGACAACG_003,148
CTGCTCTCTTGACGACAACG_004,138
CTGCTCTCTTGACGACAACG_005,184
CTGCTCTCTTGACGACAACG_006,199
CTGCTCTCTTGACGACAACG_007,152
CTGCTCTCTTGACGACAACG_008,144
CTGCTCTCTTGACGACAACG_009,192
TTAAGTATCGTGATACTTCA_001,147
TTAAGTATCGTGATACTTCA_002,12
TTAAGTATCGTGATACTTCA_003,1
TTAAGTATCGTGATACTTCA_004,17
TTAAGTATCGTGATACTTCA_005,106
GCTGAGCACAGAGCTACAGG_001,69
GCTGAGCACAGAGCTACAGG_002,176
GCTGAGCACAGAGCTACAGG_003,90
GCTGAGCACAGAGCTACAGG_004,65
GCTGAGCACAGAGCTACAGG_005,124
GCTGAGCACAGAGCTACAGG_006,45
GCTGAGCACAGAGCTACAGG_007,28
GCTGAGCACAGAGCTACAGG_008,113
GCTGAGCACAGAGCTACAGG_009,48
ACATGTTGGACTGACTTGTG_001,137
ACATGTTGGACTGACTTGTG_002,192
ACATGTTGGACTGACTTGTG_003,48
ACATGTTGGACTGACTTGTG_004,5
ACATGTTGGACTGACTTGTG_005,151
ACATGTTGGACTGACTTGTG_006,94
ACATGTTGGACTGACTTGTG_007,162
ACATGTTGGACTGACTTGTG_008,62
ACATGTTGGACTGACTTGTG_009,11
ACATGTTGGACTGACTTGTG_010,49
ACATGTTGGACTGACTTGTG_011,97
ACATGTTGGACTGACTTGTG_012,127
ACATGTTGGACTGACTTGTG_013,164
ACATGTTGGACTGACTTGTG_014,152
ACATGTTGGACTGACTTGTG_015,95
ACATGTTGGACTGACTTGTG_016,105
ACATGTTGGACTGACTTGTG_017,192
ACATGTTGGACTGACTTGTG_018,120
ACATGTTGGACTGACTTGTG_019,62
ACATGTTGGACTGACTTGTG_020,63
ACATGTTGGACTGACTTGTG_021,152
ACATGTTGGACTGACTTGTG_022,187
ACATGTTGGACTGACTTGTG_023,119
ACATGTTGGACTGACTTGTG_024,8
ACATGTTGGACTGACTTGTG_025,177
ACATGTTGGACTGACTTGTG_026,160
ACATGTTGGACTGACTTGTG_027,141
ACATGTTGGACTGACTTGTG_028,69
ACATGTTGGACTGACTTGTG_029,109
ACATGTTGGACTGACTTGTG_030,27
ACATGTTGGACTGACTTGTG_031,185
ACATGTTGGACTGACTTGTG_032,91
ACATGTTGGACTGACTTGTG_033,132
ACATGTTGGACTGACTTGTG_034,146
ACATGTTGGACTGACTTGTG_035,129
ACATGTTGGACTGACTTGTG_036,14
ACATGTTGGACTGACTTGTG_037,81
ACATGTTGGACTGACTTGTG_038,12
ACATGTTGGACTGACTTGTG_039,62
ACATGTTGGACTGACTTGTG_040,5
ACATGTTGGACTGACTTGTG_041,147
ACATGTTGGACTGACTTGTG_042,149
ACATGTTGGACTGACTTGTG_043,138
ACATGTTGGACTGACTTGTG_044,180
ACATGTTGGACTGACTTGTG_045,158
ACATGTTGGACTGACTTGTG_046,158
ACATGTTGGACTGACTTGTG_047,142
ACATGTTGGACTGACTTGTG_048,157
ACATGTTGGACTGACTTGTG_049,160
ACATGTTGGACTGACTTGTG_050,124
ACATGTTGGACTGACTTGTG_051,168
ACATGTTGGACTGACTTGTG_052,169
ACATGTTGGACTGACTTGTG_053,19
ACATGTTGGACTGACTTGTG_054,49
ACATGTTGGACTGACTTGTG_055,28
ACATGTTGGACTGACTTGTG_056,176
ACATGTTGGACTGACTTGTG_057,156
ACATGTTGGACTGACTTGTG_058,10
ACATGTTGGACTGACTTGTG_059,183
ACATGTTGGACTGACTTGTG_060,33
TCTTGTGCACAGGAAAAGCA_001,51
TCTTGTGCACAGGAAAAGCA_002,126
TCTTGTGCACAGGAAAAGCA_003,81
TCTTGTGCACAGGAAAAGCA_004,185
TCTTGTGCACAGGAAAAGCA_005,130
ACCTCGTCCCAATGGACTAC_001,57
ACCTCGTCCCAATGGACTAC_002,118
ACCTCGTCCCAATGGACTAC_003,159
ACCTCGTCCCAATGGACTAC_004,122
ACCTCGTCCCAATGGACTAC_005,106
ACCTCGTCCCAATGGACTAC_006,115
ACCTCGTCCCAATGGACTAC_007,115
ACCTCGTCCCAATGGACTAC_008,5
ACCTCGTCCCAATGGACTAC_009,41
ACCTCGTCCCAATGGACTAC_010,146
ACCTCGTCCCAATGGACTAC_011,4
ACCTCGTCCCAATGGACTAC_012,160
ACCTCGTCCCAATGGACTAC_013,30
ACCTCGTCCCAATGGACTAC_014,191
ACCTCGTCCCAATGGACTAC_015,41
ACCTCGTCCCAATGGACTAC_016,111
ACCTCGTCCCAATGGACTAC_017,130
ACCTCGTCCCAATGGACTAC_018,116
ACCTCGTCCCAATGGACTAC_019,102
ACCTCGTCCCAATGGACTAC_020,81
ACCTCGTCCCAATGGACTAC_021,123
ACCTCGTCCCAATGGACTAC_022,34
ACCTCGTCCCAATGGACTAC_023,68
ACCTCGTCCCAATGGACTAC_024,155
ACCTCGTCCCAATGGACTAC_025,15
ACCTCGTCCCAATGGACTAC_026,47
ACCTCGTCCCAATGGACTAC_027,121
ACCTCGTCCCAATGGACTAC_028,133
ACCTCGTCCCAATGGACTAC_029,121
ACCTCGTCCCAATGGACTAC_030,119
ACCTCGTCCCAATGGACTAC_031,94
ACCTCGTCCCAATGGACTAC_032,35
ACCTCGTCCCAATGGACTAC_033,54
ACCTCGTCCCAATGGACTAC_034,144
ACCTCGTCCCAATGGACTAC_035,26
ACCTCGTCCCAATGGACTAC_036,108
ACCTCGTCCCAATGGACTAC_037,162
TTTCACCAGTAAATGCCACT_001,36
TTTCACCAGTAAATGCCACT_002,1
TTTCACCAGTAAATGCCACT_003,91
TTTCACCAGTAAATGCCACT_004,185
TTTCACCAGTAAATGCCACT_005,94
TTTCACCAGTAAATGCCACT_006,63
TTATTCTTAGGCAATCATGT_001,76
TTATTCTTAGGCAATCATGT_002,178
TTATTCTTAGGCAATCATGT_003,180
TTATTCTTAGGCAATCATGT_004,73
TTATTCTTAGGCAATCATGT_005,190
TTATTCTTAGGCAATCATGT_006,48
TTATTCTTAGGCAATCATGT_007,148
TTATTCTTAGGCAATCATGT_008,29
TTATTCTTAGGCAATCATGT_009,27
TGGTCCCTCAGGGAGGTGTG_001,50
TGGTCCCTCAGGGAGGTGTG_002,11
TGGTCCCTCAGGGAGGTGTG_003,171
TGGTCCCTCAGGGAGGTGTG_004,171
TGGTCCCTCAGGGAGGTGTG_005,191
TGGTCCCTCAGGGAGGTGTG_006,157
TGGTCCCTCAGGGAGGTGTG_007,186
TGGTCCCTCAGGGAGGTGTG_008,192
TGGTCCCTCAGGGAGGTGTG_009,140
TGGTCCCTCAGGGAGGTGTG_010,149
TGGTCCCTCAGGGAGGTGTG_011,55
TGGTCCCTCAGGGAGGTGTG_012,161
TGGTCCCTCAGGGAGGTGTG_013,46
TGGTCCCTCAGGGAGGTGTG_014,190
TGGTCCCTCAGGGAGGTGTG_015,58
TGGTCCCTCAGGGAGGTGTG_016,23
TGGTCCCTCAGGGAGGTGTG_017,116
TGGTCCCTCAGGGAGGTGTG_018,10
TGGTCCCTCAGGGAGGTGTG_019,106
TGGTCCCTCAGGGAGGTGTG_020,179
TTTCTCTTTCTAAGTCATCG_001,12
GAATTACGGCATGACCCGCA_001,70
GAATTACGGCATGACCCGCA_002,33
GAATTACGGCATGACCCGCA_003,37
AGGTCAGTCGCACCCATGAG_001,88
AGGTCAGTCGCACCCATGAG_002,137
AGGTCAGTCGCACCCATGAG_003,127
AGGTCAGTCGCACCCATGAG_004,17
AGGTCAGTCGCACCCATGAG_005,140
AGGTCAGTCGCACCCATGAG_006,122
AGGTCAGTCGCACCCATGAG_007,130
AGGTCAGTCGCACCCATGAG_008,112
AGGTCAGTCGCACCCATGAG_009,77
AAGAAGGTTTACCTGCACTC_001,108
AAGAAGGTTTACCTGCACTC_002,168
AAGAAGGTTTACCTGCACTC_003,81
AAGAAGGTTTACCTGCACTC_004,104
AAGAAGGTTTACCTGCACTC_005,190
AAGAAGGTTTACCTGCACTC_006,172
AAGAAGGTTTACCTGCACTC_007,103
AAGAAGGTTTACCTGCACTC_008,51
AAGAAGGTTTACCTGCACTC_009,6
AAGAAGGTTTACCTGCACTC_010,111
AAGAAGGTTTACCTGCACTC_011,145
AAGAAGGTTTACCTGCACTC_012,62
AAGAAGGTTTACCTGCACTC_013,69
AAGAAGGTTTACCTGCACTC_014,58
AAGAAGGTTTACCTGCACTC_015,18
AAGAAGGTTTACCTGCACTC_016,169
AAGAAGGTTTACCTGCACTC_017,160
AAGAAGGTTTACCTGCACTC_018,140
AAGAAGGTTTACCTGCACTC_019,12
AAGAAGGTTTACCTGCACTC_020,70
AAGAAGGTTTACCTGCACTC_021,147
AAGAAGGTTTACCTGCACTC_022,159
AAGAAGGTTTACCTGCACTC_023,12
AAGAAGGTTTACCTGCACTC_024,165
AAGAAGGTTTACCTGCACTC_025,34
AAGAAGGTTTACCTGCACTC_026,89
AAGAAGGTTTACCTGCACTC_027,7
AAGAAGGTTTACCTGCACTC_028,89
AAGAAGGTTTACCTGCACTC_029,56
AAGAAGGTTTACCTGCACTC_030,78
AGAAGTGGTCAATACCATTG_001,19
AGAAGTGGTCAATACCATTG_002,184
AGAAGTGGTCAATACCATTG_003,102
AGAAGTGGTCAATACCATTG_004,143
AGAAGTGGTCAATACCATTG_005,37
AGAAGTGGTCAATACCATTG_006,28
AGCCTATGGTTGCCACAGAG_001,51
AGCCTATGGTTGCCACAGAG_002,103
AGCCTATGGTTGCCACAGAG_003,145
AGCCTATGGTTGCCACAGAG_004,198
CCAGTGGTTCCACCCCAGAG_001,77
CCAGTGGTTCCACCCCAGAG_002,148
CCAGTGGTTCCACCCCAGAG_003,132
CCAGTGGTTCCACCCCAGAG_004,25
CCAGTGGTTCCACCCCAGAG_005,48
CCAGTGGTTCCACCCCAGAG_006,120
CCAGTGGTTCCACCCCAGAG_007,181
CCAGTGGTTCCACCCCAGAG_008,76
CCAGTGGTTCCACCCCAGAG_009,147
CCAGGCCACTCCAAGCACAT_001,64
CCAGGCCACTCCAAGCACAT_002,127
CCAGGCCACTCCAAGCACAT_003,141
CCAGGCCACTCCAAGCACAT_004,161
CCAGGCCACTCCAAGCACAT_005,104
CCAGGCCACTCCAAGCACAT_006,160
CCAGGCCACTCCAAGCACAT_007,141
CCAGGCCACTCCAAGCACAT_008,54
CCAGGCCACTCCAAGCACAT_009,195
CCAGGCCACTCCAAGCACAT_010,34
TCTGTAGCCAGGAAAGAGCG_001,119
TCTGTAGCCAGGAAAGAGCG_002,110
TCTGTAGCCAGGAAAGAGCG_003,119
TCTGTAGCCAGGAAAGAGCG_004,148
TCTGTAGCCAGGAAAGAGCG_005,74
TGCGGCGTGGGTTTCCGCGA_001,27
TGCGGCGTGGGTTTCCGCGA_002,16
TGCGGCGTGGGTTTCCGCGA_003,72
TGCGGCGTGGGTTTCCGCGA_004,108
TGCGGCGTGGGTTTCCGCGA_005,16
TGCGGCGTGGGTTTCCGCGA_006,70
TGCGGCGTGGGTTTCCGCGA_007,162
TGCGGCGTGGGTTTCCGCGA_008,58
TGCGGCGTGGGTTTCCGCGA_009,27
TGCGGCGTGGGTTTCCGCGA_010,21
TGCGGCGTGGGTTTCCGCGA_011,58
TGCGGCGTGGGTTTCCGCGA_012,130
TGCGGCGTGGGTTTCCGCGA_013,79
TGCGGCGTGGGTTTCCGCGA_014,147
CCCACCTAAAGGGGATCCTG_001,107
CCCACCTAAAGGGGATCCTG_002,11
CCCACCTAAAGGGGATCCTG_003,5
CCCACCTAAAGGGGATCCTG_004,160
CCCACCTAAAGGGGATCCTG_005,76
CCCACCTAAAGGGGATCCTG_006,77
CCCACCTAAAGGGGATCCTG_007,124
CCCACCTAAAGGGGATCCTG_008,10
CCCACCTAAAGGGGATCCTG_009,10
CCCACCTAAAGGGGATCCTG_010,108
CCCACCTAAAGGGGATCCTG_011,40
CCCACCTAAAGGGGATCCTG_012,169
CCCACCTAAAGGGGATCCTG_013,3
CCCACCTAAAGGGGATCCTG_014,66
CCCACCTAAAGGGGATCCTG_015,107
TGGAACACGTGATCACGAGG_001,81
TGGAACACGTGATCACGAGG_002,128
TGGAACACGTGATCACGAGG_003,185
TGGAACACGTGATCACGAGG_004,18
TGGAACACGTGATCACGAGG_005,56
TGGAACACGTGATCACGAGG_006,56
TGGAACACGTGATCACGAGG_007,66
GAAGCCATTCAGGTTACAGA_001,49
GAAGCCATTCAGGTTACAGA_002,150
GAAGCCATTCAGGTTACAGA_003,48
GAAGCCATTCAGGTTACAGA_004,94
GAAGCCATTCAGGTTACAGA_005,40
GAAGCCATTCAGGTTACAGA_006,172
GAAGCCATTCAGGTTACAGA_007,146
GAAGCCATTCAGGTTACAGA_008,34
GAAGCCATTCAGGTTACAGA_009,42
GAAGCCATTCAGGTTACAGA_010,137
GAAGCCATTCAGGTTACAGA_011,2
GAAGCCATTCAGGTTACAGA_012,155
GAAGCCATTCAGGTTACAGA_013,186
CGGTAGCGCTTATCGTCCAC_001,195
CAGCTCAGCGAGTCGCCCAG_001,27
CAGCTCAGCGAGTCGCCCAG_002,104
CAGCTCAGCGAGTCGCCCAG_003,49
CAGCTCAGCGAGTCGCCCAG_004,28
CAGCTCAGCGAGTCGCCCAG_005,168
CAGCTCAGCGAGTCGCCCAG_006,173
CAGCTCAGCGAGTCGCCCAG_007,112
CAGCTCAGCGAGTCGCCCAG_008,130
CAGCTCAGCGAGTCGCCCAG_009,137
CAGCTCAGCGAGTCGCCCAG_010,14
CAGCTCAGCGAGTCGCCCAG_011,145
CAGCTCAGCGAGTCGCCCAG_012,36
CAGCTCAGCGAGTCGCCCAG_013,196
CAGCTCAGCGAGTCGCCCAG_014,94
CAGCTCAGCGAGTCGCCCAG_015,56
TGGCTTCCAGCGTCAAAGGT_001,45
TGGCTTCCAGCGTCAAAGGT_002,168
TGGCTTCCAGCGTCAAAGGT_003,66
TGGCTTCCAGCGTCAAAGGT_004,65
TGGCTTCCAGCGTCAAAGGT_005,4
TGGCTTCCAGCGTCAAAGGT_006,85
TGGCTTCCAGCGTCAAAGGT_007,100
TGGCTTCCAGCGTCAAAGGT_008,198
TGGCTTCCAGCGTCAAAGGT_009,36
TGGCTTCCAGCGTCAAAGGT_010,175
TGGCTTCCAGCGTCAAAGGT_011,0
TGGCTTCCAGCGTCAAAGGT_012,22
ATGTCTGGCCGCGGCAAAGG_001,188
ATGTCTGGCCGCGGCAAAGG_002,69
ATGTCTGGCCGCGGCAAAGG_003,78
TTTGTGTGAATGAAGAATGG_001,137
TTTGTGTGAATGAAGAATGG_002,112
TTTGTGTGAATGAAGAATGG_003,21
TTTGTGTGAATGAAGAATGG_004,15
TTTGTGTGAATGAAGAATGG_005,140
TTTGTGTGAATGAAGAATGG_006,185
TTTGTGTGAATGAAGAATGG_007,68
TTTGTGTGAATGAAGAATGG_008,120
TTTGTGTGAATGAAGAATGG_009,36
TTTGTGTGAATGAAGAATGG_010,50
TTTGTGTGAATGAAGAATGG_011,33
TTTGTGTGAATGAAGAATGG_012,5
TTTGTGTGAATGAAGAATGG_013,147
TTTGTGTGAATGAAGAATGG_014,137
TTTGTGTGAATGAAGAATGG_015,63
GGGACAACCCTACATTGACG_001,106
GGGACAACCCTACATTGACG_002,50
GGGACAACCCTACATTGACG_003,53
GGGACAACCCTACATTGACG_004,94
GGGACAACCCTACATTGACG_005,158
GGGACAACCCTACATTGACG_006,35
GGGACAACCCTACATTGACG_007,153
AGAACCAGCCACCCCAACTG_001,153
AGAACCAGCCACCCCAACTG_002,141
AGAACCAGCCACCCCAACTG_003,65
AGAACCAGCCACCCCAACTG_004,33
AGAACCAGCCACCCCAACTG_005,6
GAGTCTCACAGAAAAAACTC_001,127
GAGTCTCACAGAAAAAACTC_002,152
GAGTCTCACAGAAAAAACTC_003,107
GAGTCTCACAGAAAAAACTC_004,75
GAGTCTCACAGAAAAAACTC_005,65
GAGTCTCACAGAAAAAACTC_006,33
GGCCCATTGACTAAAACCAA_001,153
GGCCCATTGACTAAAACCAA_002,49
GGCCCATTGACTAAAACCAA_003,154
GGCCCATTGACTAAAACCAA_004,87
GGCCCATTGACTAAAACCAA_005,157
GGCCCATTGACTAAAACCAA_006,113
GGCCCATTGACTAAAACCAA_007,149
GGCCCATTGACTAAAACCAA_008,113
CATGACCATCCTGTCACGAG_001,94
CATGACCATCCTGTCACGAG_002,35
CATGACCATCCTGTCACGAG_003,22
CATGACCATCCTGTCACGAG_004,67
TTTGGCGTAGGTGCTGACAA_001,159
TTTGGCGTAGGTGCTGACAA_002,171
TTTGGCGTAGGTGCTGACAA_003,137
TTTGGCGTAGGTGCTGACAA_004,191
TTTGGCGTAGGTGCTGACAA_005,150
TTTGGCGTAGGTGCTGACAA_006,82
GACGGCACCACCTACCCGAG_001,151
GACGGCACCACCTACCCGAG_002,49
GACGGCACCACCTACCCGAG_003,132
GACGGCACCACCTACCCGAG_004,160
GACGGCACCACCTACCCGAG_005,1
GACGGCACCACCTACCCGAG_006,9
GACGGCACCACCTACCCGAG_007,33
GACGGCACCACCTACCCGAG_008,5
GACGGCACCACCTACCCGAG_009,194
GACGGCACCACCTACCCGAG_010,168
GACGGCACCACCTACCCGAG_011,77
GACGGCACCACCTACCCGAG_012,14
TGAAGGGGCCACTACCGACA_001,145
TGAAGGGGCCACTACCGACA_002,130
TGAAGGGGCCACTACCGACA_003,34
TGAAGGGGCCACTACCGACA_004,41
TGAAGGGGCCACTACCGACA_005,58
TGAAGGGGCCACTACCGACA_006,128
TGAAGGGGCCACTACCGACA_007,29
TGAAGGGGCCACTACCGACA_008,199
TGAAGGGGCCACTACCGACA_009,107
TGAAGGGGCCACTACCGACA_010,170
TGAAGGGGCCACTACCGACA_011,151
TGAAGGGGCCACTACCGACA_012,105
TGAAGGGGCCACTACCGACA_013,138
CTGCAGCGCAACTCTCGCGG_001,183
CTGCAGCGCAACTCTCGCGG_002,46
CTGCAGCGCAACTCTCGCGG_003,182
CTGCAGCGCAACTCTCGCGG_004,86
CTGCAGCGCAACTCTCGCGG_005,60
CTGCAGCGCAACTCTCGCGG_006,110
CTGCAGCGCAACTCTCGCGG_007,58
CTGCAGCGCAACTCTCGCGG_008,49
CTGCAGCGCAACTCTCGCGG_009,23
CTGCAGCGCAACTCTCGCGG_010,38
CTGCAGCGCAACTCTCGCGG_011,1
TGAGAATGGTGAGCGAAGCT_001,112
TGAGAATGGTGAGCGAAGCT_002,6
CAAGATTCCAAGTAGCCGAC_001,125
CAAGATTCCAAGTAGCCGAC_002,166
CAAGATTCCAAGTAGCCGAC_003,168
CAAGATTCCAAGTAGCCGAC_004,188
CAAGATTCCAAGTAGCCGAC_005,5
CAAGATTCCAAGTAGCCGAC_006,47
CAAGATTCCAAGTAGCCGAC_007,182
CAAGATTCCAAGTAGCCGAC_008,15
CAAGATTCCAAGTAGCCGAC_009,35
CAAGATTCCAAGTAGCCGAC_010,188
CAAGATTCCAAGTAGCCGAC_011,93
CAAGATTCCAAGTAGCCGAC_012,19
CAAGATTCCAAGTAGCCGAC_013,113
CAAGATTCCAAGTAGCCGAC_014,63
GGCGCCAAAGTCGCCGTAGG_001,12
GGCGCCAAAGTCGCCGTAGG_002,98
GGCGCCAAAGTCGCCGTAGG_003,48
GGCGCCAAAGTCGCCGTAGG_004,175
GGCGCCAAAGTCGCCGTAGG_005,58
GGCGCCAAAGTCGCCGTAGG_006,19
GGCGCCAAAGTCGCCGTAGG_007,19
GGCGCCAAAGTCGCCGTAGG_008,177
GGCGCCAAAGTCGCCGTAGG_009,189
GGCGCCAAAGTCGCCGTAGG_010,61
GGCGCCAAAGTCGCCGTAGG_011,194
GGCGCCAAAGTCGCCGTAGG_012,92
GGCGCCAAAGTCGCCGTAGG_013,157
GGCGCCAAAGTCGCCGTAGG_014,160
GGCGCCAAAGTCGCCGTAGG_015,112
GGCGCCAAAGTCGCCGTAGG_016,94
GGCGCCAAAGTCGCCGTAGG_017,39
GGCGCCAAAGTCGCCGTAGG_018,49
GGCGCCAAAGTCGCCGTAGG_019,99
GGCGCCAAAGTCGCCGTAGG_020,4
GGCGCCAAAGTCGCCGTAGG_021,102
TCTCCCAAAAAAGTCAAGCT_001,70
TCTCCCAAAAAAGTCAAGCT_002,176
TCTCCCAAAAAAGTCAAGCT_003,87
TCTCCCAAAAAAGTCAAGCT_004,147
TCTCCCAAAAAAGTCAAGCT_005,172
TCTCCCAAAAAAGTCAAGCT_006,69
TCTCCCAAAAAAGTCAAGCT_007,50
TCTCCCAAAAAAGTCAAGCT_008,99
TCTCCCAAAAAAGTCAAGCT_009,68
TCTCCCAAAAAAGTCAAGCT_010,198
TCTCCCAAAAAAGTCAAGCT_011,76
TCTCCCAAAAAAGTCAAGCT_012,151
TCTCCCAAAAAAGTCAAGCT_013,82
TCTCCCAAAAAAGTCAAGCT_014,116
TCTCCCAAAAAAGTCAAGCT_015,130
TCTCCCAAAAAAGTCAAGCT_016,106
TCTCCCAAAAAAGTCAAGCT_017,119
TCTCCCAAAAAAGTCAAGCT_018,127
CCAGCTCCGACACCAGGCGC_001,78
CCAGCTCCGACACCAGGCGC_002,111
CCAGCTCCGACACCAGGCGC_003,199
CCAGCTCCGACACCAGGCGC_004,27
CCAGCTCCGACACCAGGCGC_005,152
CCAGCTCCGACACCAGGCGC_006,40
CCAGCTCCGACACCAGGCGC_007,123
CCAGCTCCGACACCAGGCGC_008,35
CCAGCTCCGACACCAGGCGC_009,66
CCAGCTCCGACACCAGGCGC_010,140
CCAGCTCCGACACCAGGCGC_011,140
CCAGCTCCGACACCAGGCGC_012,41
CCAGCTCCGACACCAGGCGC_013,166
CCAGCTCCGACACCAGGCGC_014,105
CCAGCTCCGACACCAGGCGC_015,172
CCAGCTCCGACACCAGGCGC_016,180
TATGGAGAAACTAACTCAAG_001,71
TATGGAGAAACTAACTCAAG_002,105
TATGGAGAAACTAACTCAAG_003,88
ACAGAATTGTGTGACCTCGC_001,185
ACAGAATTGTGTGACCTCGC_002,88
ACAGAATTGTGTGACCTCGC_003,65
ACAGAATTGTGTGACCTCGC_004,172
ACAGAATTGTGTGACCTCGC_005,108
ACAGAATTGTGTGACCTCGC_006,125
ACAGAATTGTGTGACCTCGC_007,116
ACAGAATTGTGTGACCTCGC_008,154
ACAGAATTGTGTGACCTCGC_009,107
ACAGAATTGTGTGACCTCGC_010,134
ACAGAATTGTGTGACCTCGC_011,92
ACAGAATTGTGTGACCTCGC_012,56
ACAGAATTGTGTGACCTCGC_013,176
ACAGAATTGTGTGACCTCGC_014,62
ACAGAATTGTGTGACCTCGC_015,81
ACAGAATTGTGTGACCTCGC_016,39
ACAGAATTGTGTGACCTCGC_017,26
CTGCTAAGCGCAAAGCGACG_001,137
CTGCTAAGCGCAAAGCGACG_002,168
CTGCTAAGCGCAAAGCGACG_003,9
CTGCTAAGCGCAAAGCGACG_004,65
CTGCTAAGCGCAAAGCGACG_005,9
CTGCTAAGCGCAAAGCGACG_006,5
CTGCTAAGCGCAAAGCGACG_007,137
CTGCTAAGCGCAAAGCGACG_008,27
AAGTCCCGGTATAAGTCCAG_001,157
GACTCTCAGTCACTTTCGTG_001,70
GACTCTCAGTCACTTTCGTG_002,174
GACTCTCAGTCACTTTCGTG_003,32
GACTCTCAGTCACTTTCGTG_004,14
GACTCTCAGTCACTTTCGTG_005,13
GACTCTCAGTCACTTTCGTG_006,30
GACTCTCAGTCACTTTCGTG_007,1
GACTCTCAGTCACTTTCGTG_008,62
GACTCTCAGTCACTTTCGTG_009,151
GACTCTCAGTCACTTTCGTG_010,75
GACTCTCAGTCACTTTCGTG_011,144
GACTCTCAGTCACTTTCGTG_012,49
GACTCTCAGTCACTTTCGTG_013,34
GACTCTCAGTCACTTTCGTG_014,0
GACTCTCAGTCACTTTCGTG_015,72
GACTCTCAGTCACTTTCGTG_016,49
GACTCTCAGTCACTTTCGTG_017,177
GACTCTCAGTCACTTTCGTG_018,8
GACTCTCAGTCACTTTCGTG_019,9
AGGAGTGTTATGAAAAGGCT_001,48
AGGAGTGTTATGAAAAGGCT_002,118
AGGAGTGTTATGAAAAGGCT_003,28
AGGAGTGTTATGAAAAGGCT_004,187
AGGAGTGTTATGAAAAGGCT_005,115
AGGAGTGTTATGAAAAGGCT_006,162
AGGAGTGTTATGAAAAGGCT_007,135
AGGAGTGTTATGAAAAGGCT_008,14
AGGAGTGTTATGAAAAGGCT_009,101
AGGAGTGTTATGAAAAGGCT_010,166
AGGAGTGTTATGAAAAGGCT_011,185
GCAGTCTTGAGTCAATCACT_001,191
GCAGTCTTGAGTCAATCACT_002,130
GCAGTCTTGAGTCAATCACT_003,73
GCAGTCTTGAGTCAATCACT_004,51
GCAGTCTTGAGTCAATCACT_005,115
GCAGTCTTGAGTCAATCACT_006,53
GCAGTCTTGAGTCAATCACT_007,169
GCAGTCTTGAGTCAATCACT_008,36
GCAGTCTTGAGTCAATCACT_009,55
GCAGTCTTGAGTCAATCACT_010,9
GCAGTCTTGAGTCAATCACT_011,96
GCAGTCTTGAGTCAATCACT_012,118
GCAGTCTTGAGTCAATCACT_013,166
GCAGTCTTGAGTCAATCACT_014,165
GCAGTCTTGAGTCAATCACT_015,48
GCAGTCTTGAGTCAATCACT_016,144
GCAGTCTTGAGTCAATCACT_017,135
GCAGTCTTGAGTCAATCACT_018,109
GCAGTCTTGAGTCAATCACT_019,163
GCAGTCTTGAGTCAATCACT_020,168
GCAGTCTTGAGTCAATCACT_021,9
GCAGTCTTGAGTCAATCACT_022,157
GCAGTCTTGAGTCAATCACT_023,60
GCAGTCTTGAGTCAATCACT_024,199
GCAGTCTTGAGTCAATCACT_025,108
GCAGTCTTGAGTCAATCACT_026,126
AGAGCAGCAGAGGTCTAATG_001,62
AGAGCAGCAGAGGTCTAATG_002,72
AGAGCAGCAGAGGTCTAATG_003,63
AGAGCAGCAGAGGTCTAATG_004,144
AGAGCAGCAGAGGTCTAATG_005,30
AGAGCAGCAGAGGTCTAATG_006,150
AGAGCAGCAGAGGTCTAATG_007,132
AGAGCAGCAGAGGTCTAATG_008,9
AGAGCAGCAGAGGTCTAATG_009,47
AGAGCAGCAGAGGTCTAATG_010,143
AGAGCAGCAGAGGTCTAATG_011,14
ACTCTCCTTCATCAGTCACG_001,158
ACTCTCCTTCATCAGTCACG_002,57
ACTCTCCTTCATCAGTCACG_003,65
ACTCTCCTTCATCAGTCACG_004,16
TCACCTATGACGCTCTCACG_001,121
TCACCTATGACGCTCTCACG_002,106
TCACCTATGACGCTCTCACG_003,1
TCACCTATGACGCTCTCACG_004,25
TCACCTATGACGCTCTCACG_005,13
TCACCTATGACGCTCTCACG_006,103
TCACCTATGACGCTCTCACG_007,114
TCACCTATGACGCTCTCACG_008,137
TACTACTTGAATCTGCCATG_001,144
TACTACTTGAATCTGCCATG_002,94
TACTACTTGAATCTGCCATG_003,158
TACTACTTGAATCTGCCATG_004,107
TACTACTTGAATCTGCCATG_005,127
TACTACTTGAATCTGCCATG_006,127
TACTACTTGAATCTGCCATG_007,154
TACTACTTGAATCTGCCATG_008,65
TACTACTTGAATCTGCCATG_009,118
GCTGGACTCCCCAAATCCCG_001,70
GCTGGACTCCCCAAATCCCG_002,35
GCTGGACTCCCCAAATCCCG_003,67
GCTGGACTCCCCAAATCCCG_004,184
GCTGGACTCCCCAAATCCCG_005,13
GCTGGACTCCCCAAATCCCG_006,98
GCTGGACTCCCCAAATCCCG_007,82
GCTGGACTCCCCAAATCCCG_008,61
GCTGGACTCCCCAAATCCCG_009,48
GCTGGACTCCCCAAATCCCG_010,134
GCTGGACTCCCCAAATCCCG_011,49
GCTGGACTCCCCAAATCCCG_012,56
GTTGACTGAAGTCTATGCCA_001,178
GTTGACTGAAGTCTATGCCA_002,171
GTTGACTGAAGTCTATGCCA_003,183
GTTGACTGAAGTCTATGCCA_004,15
GTTGACTGAAGTCTATGCCA_005,72
GTTGACTGAAGTCTATGCCA_006,68
GTTGACTGAAGTCTATGCCA_007,29
GTTGACTGAAGTCTATGCCA_008,174
GTTGACTGAAGTCTATGCCA_009,82
GTTGACTGAAGTCTATGCCA_010,55
GTTGACTGAAGTCTATGCCA_011,142
GTTGACTGAAGTCTATGCCA_012,172
GTTGACTGAAGTCTATGCCA_013,184
AGCGGCGCTTTCGCTTCCGA_001,170
AGCGGCGCTTTCGCTTCCGA_002,12
AGCGGCGCTTTCGCTTCCGA_003,118
AGCGGCGCTTTCGCTTCCGA_004,177
AGCGGCGCTTTCGCTTCCGA_005,188
CAAATACAATTACTTATAGC_001,69
GTTCATCAAGAATACCCTTG_001,189
GTTCATCAAGAATACCCTTG_002,15
TCACGATCATGATGGCAACG_001,81
TCACGATCATGATGGCAACG_002,88
AACCCAAGTGAGCCCCCGAG_001,125
AACCCAAGTGAGCCCCCGAG_002,29
AACCCAAGTGAGCCCCCGAG_003,175
AACCCAAGTGAGCCCCCGAG_004,129
AACCCAAGTGAGCCCCCGAG_005,142
AACCCAAGTGAGCCCCCGAG_006,153
AACCCAAGTGAGCCCCCGAG_007,132
AACCCAAGTGAGCCCCCGAG_008,8
AACCCAAGTGAGCCCCCGAG_009,115
AACCCAAGTGAGCCCCCGAG_010,155
AACCCAAGTGAGCCCCCGAG_011,155
AACCCAAGTGAGCCCCCGAG_012,76
AACCCAAGTGAGCCCCCGAG_013,19
AACCCAAGTGAGCCCCCGAG_014,137
AACCCAAGTGAGCCCCCGAG_015,1
AACCCAAGTGAGCCCCCGAG_016,148
AACCCAAGTGAGCCCCCGAG_017,15
AACCCAAGTGAGCCCCCGAG_018,35
AACCCAAGTGAGCCCCCGAG_019,144
AACCCAAGTGAGCCCCCGAG_020,83
AACCCAAGTGAGCCCCCGAG_021,155
AACCCAAGTGAGCCCCCGAG_022,130
AACCCAAGTGAGCCCCCGAG_023,85
AACCCAAGTGAGCCCCCGAG_024,64
AACCCAAGTGAGCCCCCGAG_025,77
AACCCAAGTGAGCCCCCGAG_026,58
AACCCAAGTGAGCCCCCGAG_027,174
AACCCAAGTGAGCCCCCGAG_028,78
AACCCAAGTGAGCCCCCGAG_029,159
AACCCAAGTGAGCCCCCGAG_030,49
AACCCAAGTGAGCCCCCGAG_031,41
AACCCAAGTGAGCCCCCGAG_032,41
AACCCAAGTGAGCCCCCGAG_033,140
AACCCAAGTGAGCCCCCGAG_034,175
AACCCAAGTGAGCCCCCGAG_035,13
AACCCAAGTGAGCCCCCGAG_036,105
AACCCAAGTGAGCCCCCGAG_037,77
AACCCAAGTGAGCCCCCGAG_038,48
AACCCAAGTGAGCCCCCGAG_039,188
AACCCAAGTGAGCCCCCGAG_040,63
AACCCAAGTGAGCCCCCGAG_041,113
AACCCAAGTGAGCCCCCGAG_042,19
AACCCAAGTGAGCCCCCGAG_043,152
AACCCAAGTGAGCCCCCGAG_044,5
AACCCAAGTGAGCCCCCGAG_045,127
AACCCAAGTGAGCCCCCGAG_046,50
AACCCAAGTGAGCCCCCGAG_047,39
AACCCAAGTGAGCCCCCGAG_048,130
AACCCAAGTGAGCCCCCGAG_049,22
AACCCAAGTGAGCCCCCGAG_050,127
AACCCAAGTGAGCCCCCGAG_051,48
AACCCAAGTGAGCCCCCGAG_052,184
AACCCAAGTGAGCCCCCGAG_053,194
ATTACAGACAGAGAGTGCAT_001,52
ATTACAGACAGAGAGTGCAT_002,105
ATTACAGACAGAGAGTGCAT_003,164
ATTACAGACAGAGAGTGCAT_004,155
ATTACAGACAGAGAGTGCAT_005,41
ATTACAGACAGAGAGTGCAT_006,130
ATTACAGACAGAGAGTGCAT_007,158
ATTACAGACAGAGAGTGCAT_008,57
ATTACAGACAGAGAGTGCAT_009,158
GAAGTCGAGCAGCATACACA_001,112
GAAGTCGAGCAGCATACACA_002,14
GAAGTCGAGCAGCATACACA_003,165
GAAGTCGAGCAGCATACACA_004,28
GAAGTCGAGCAGCATACACA_005,16
GAAGTCGAGCAGCATACACA_006,96
GAAGTCGAGCAGCATACACA_007,50
GAAGTCGAGCAGCATACACA_008,198
GAAGTCGAGCAGCATACACA_009,106
GAAGTCGAGCAGCATACACA_010,188
GCTGTATTTACACAGCCCGG_001,20
GCTGTATTTACACAGCCCGG_002,102
GCTGTATTTACACAGCCCGG_003,13
GCTGTATTTACACAGCCCGG_004,106
GCTGTATTTACACAGCCCGG_005,18
CCTGCCGCCTTAAATCACCA_001,65
CCTGCCGCCTTAAATCACCA_002,23
CCTGCCGCCTTAAATCACCA_003,58
CCTGCCGCCTTAAATCACCA_004,43
CCTGCCGCCTTAAATCACCA_005,16
CCTGCCGCCTTAAATCACCA_006,23
CCTGCCGCCTTAAATCACCA_007,2
CCTGCCGCCTTAAATCACCA_008,106
CCTGCCGCCTTAAATCACCA_009,75
CCTGCCGCCTTAAATCACCA_010,174
CCTGCCGCCTTAAATCACCA_011,90
CCTGCCGCCTTAAATCACCA_012,59
CCTGCCGCCTTAAATCACCA_013,82
CCTGCCGCCTTAAATCACCA_014,169
GGTGCTGAGGAACCCCTACA_001,65
GGTGCTGAGGAACCCCTACA_002,162
GGTGCTGAGGAACCCCTACA_003,163
GGTGCTGAGGAACCCCTACA_004,191
GGTGCTGAGGAACCCCTACA_005,50
GGTGCTGAGGAACCCCTACA_006,15
GGTGCTGAGGAACCCCTACA_007,43
GGTGCTGAGGAACCCCTACA_008,138
GGTGCTGAGGAACCCCTACA_009,5
GGTGCTGAGGAACCCCTACA_010,26
GGTGCTGAGGAACCCCTACA_011,93
GGTGCTGAGGAACCCCTACA_012,46
GGTGCTGAGGAACCCCTACA_013,96
GGTGCTGAGGAACCCCTACA_014,123
GGTGCTGAGGAACCCCTACA_015,148
GGTGCTGAGGAACCCCTACA_016,115
GGTGCTGAGGAACCCCTACA_017,120
GGTGCTGAGGAACCCCTACA_018,20
GGTGCTGAGGAACCCCTACA_019,193
GGTGCTGAGGAACCCCTACA_020,140
GGTGCTGAGGAACCCCTACA_021,94
GGTGCTGAGGAACCCCTACA_022,34
GGTGCTGAGGAACCCCTACA_023,158
GGTGCTGAGGAACCCCTACA_024,188
GGTGCTGAGGAACCCCTACA_025,39
TTGGGAACATTCATAAAACC_001,36
TTGGGAACATTCATAAAACC_002,189
TTGGGAACATTCATAAAACC_003,30
TTGGGAACATTCATAAAACC_004,14
TTGGGAACATTCATAAAACC_005,108
CCTTAGGGTCCGACATCATG_001,168
CCTTAGGGTCCGACATCATG_002,24
CCTTAGGGTCCGACATCATG_003,189
CCTTAGGGTCCGACATCATG_004,189
CCTTAGGGTCCGACATCATG_005,6
CCTTAGGGTCCGACATCATG_006,58
CCTTAGGGTCCGACATCATG_007,116
CCTTAGGGTCCGACATCATG_008,145
CCTTAGGGTCCGACATCATG_009,85
CCTTAGGGTCCGACATCATG_010,46
CCTTAGGGTCCGACATCATG_011,125
CCTTAGGGTCCGACATCATG_012,51
CCTTAGGGTCCGACATCATG_013,136
CCTTAGGGTCCGACATCATG_014,52
CCTTAGGGTCCGACATCATG_015,144
CCTTAGGGTCCGACATCATG_016,40
CACGAACACCAGCTTGACGT_001,128
CACGAACACCAGCTTGACGT_002,62
CACGAACACCAGCTTGACGT_003,139
CACGAACACCAGCTTGACGT_004,188
CACGAACACCAGCTTGACGT_005,198
CTTCATCCTGAACAACCGCT_001,170
CTTCATCCTGAACAACCGCT_002,121
CTTCATCCTGAACAACCGCT_003,150
CTTCATCCTGAACAACCGCT_004,191
CTTCATCCTGAACAACCGCT_005,96
CTTCATCCTGAACAACCGCT_006,115
CTTCATCCTGAACAACCGCT_007,46
CTTCATCCTGAACAACCGCT_008,103
CTTCATCCTGAACAACCGCT_009,123
CTTCATCCTGAACAACCGCT_010,133
CTTCATCCTGAACAACCGCT_011,194
CTTCATCCTGAACAACCGCT_012,85
CTTCATCCTGAACAACCGCT_013,24
CTTCATCCTGAACAACCGCT_014,10
CTTCATCCTGAACAACCGCT_015,146
CTTCATCCTGAACAACCGCT_016,102
CTTCATCCTGAACAACCGCT_017,34
CTTCATCCTGAACAACCGCT_018,174
CTTCATCCTGAACAACCGCT_019,177
CTGGTACAAAGGGCAAATCA_001,43
CTGGTACAAAGGGCAAATCA_002,48
CTGGTACAAAGGGCAAATCA_003,145
CTGGTACAAAGGGCAAATCA_004,25
CTGGTACAAAGGGCAAATCA_005,1
CTGGTACAAAGGGCAAATCA_006,17
CTGGTACAAAGGGCAAATCA_007,76
CTGGTACAAAGGGCAAATCA_008,6
CTGGTACAAAGGGCAAATCA_009,2
CTGGTACAAAGGGCAAATCA_010,56
CTGGTACAAAGGGCAAATCA_011,174
CTGGTACAAAGGGCAAATCA_012,194
CTGGTACAAAGGGCAAATCA_013,85
CTGGTACAAAGGGCAAATCA_014,61
CTGGTACAAAGGGCAAATCA_015,29
CTGGTACAAAGGGCAAATCA_016,137
CGGCGCAGGCTACAACAGTG_001,191
CGGCGCAGGCTACAACAGTG_002,65
CGGCGCAGGCTACAACAGTG_003,51
CGGCGCAGGCTACAACAGTG_004,3
CGGCGCAGGCTACAACAGTG_005,158
CGGCGCAGGCTACAACAGTG_006,116
CGGCGCAGGCTACAACAGTG_007,143
CGGCGCAGGCTACAACAGTG_008,35
CGGCGCAGGCTACAACAGTG_009,81
CGGCGCAGGCTACAACAGTG_010,161
TGGGATACATCAAGGCACCA_001,58
TGGGATACATCAAGGCACCA_002,191
TGGGATACATCAAGGCACCA_003,42
TGGGATACATCAAGGCACCA_004,11
TGGGATACATCAAGGCACCA_005,105
TGGGATACATCAAGGCACCA_006,48
TGGGATACATCAAGGCACCA_007,169
TGGGATACATCAAGGCACCA_008,145
TGGGATACATCAAGGCACCA_009,16
TGGGATACATCAAGGCACCA_010,149
TGGGATACATCAAGGCACCA_011,66
TGGGATACATCAAGGCACCA_012,116
TGGGATACATCAAGGCACCA_013,115
TGGGATACATCAAGGCACCA_014,1
ACCAGTATCCATCAGAACAG_001,111
ACCAGTATCCATCAGAACAG_002,98
ACCAGTATCCATCAGAACAG_003,88
ACCAGTATCCATCAGAACAG_004,185
ACCAGTATCCATCAGAACAG_005,38
ACCAGTATCCATCAGAACAG_006,127
ACCAGTATCCATCAGAACAG_007,180
ACCAGTATCCATCAGAACAG_008,43
ACCAGTATCCATCAGAACAG_009,35
ACCAGTATCCATCAGAACAG_010,168
ACCAGTATCCATCAGAACAG_011,162
ACCAGTATCCATCAGAACAG_012,12
ACCAGTATCCATCAGAACAG_013,147
ACCAGTATCCATCAGAACAG_014,67
ACCAGTATCCATCAGAACAG_015,140
ACCAGTATCCATCAGAACAG_016,76
ACCAGTATCCATCAGAACAG_017,88
ACCAGTATCCATCAGAACAG_018,184
ACCAGTATCCATCAGAACAG_019,170
ACCAGTATCCATCAGAACAG_020,151
ACCAGTATCCATCAGAACAG_021,27
AGCACCACCCACATCGCCCA_001,88
AGCACCACCCACATCGCCCA_002,23
AGCACCACCCACATCGCCCA_003,50
AGCACCACCCACATCGCCCA_004,7
AGCACCACCCACATCGCCCA_005,183
AGCACCACCCACATCGCCCA_006,160
AGCACCACCCACATCGCCCA_007,95
AGCACCACCCACATCGCCCA_008,76
AGCACCACCCACATCGCCCA_009,103
AGCACCACCCACATCGCCCA_010,141
AGCACCACCCACATCGCCCA_011,34
AGCACCACCCACATCGCCCA_012,187
AGCACCACCCACATCGCCCA_013,12
AGCACCACCCACATCGCCCA_014,58
AGCACCACCCACATCGCCCA_015,60
AGCACCACCCACATCGCCCA_016,158
AGCACCACCCACATCGCCCA_017,68
AGCACCACCCACATCGCCCA_018,123
AGCACCACCCACATCGCCCA_019,150
AGCACCACCCACATCGCCCA_020,177
AGCACCACCCACATCGCCCA_021,151
AGCACCACCCACATCGCCCA_022,33
AGCACCACCCACATCGCCCA_023,183
AGCACCACCCACATCGCCCA_024,19
AGCACCACCCACATCGCCCA_025,113
AGCACCACCCACATCGCCCA_026,114
AGCACCACCCACATCGCCCA_027,124
AGCACCACCCACATCGCCCA_028,177
AGCACCACCCACATCGCCCA_029,49
AGCACCACCCACATCGCCCA_030,3
AGCACCACCCACATCGCCCA_031,149
AGCACCACCCACATCGCCCA_032,198
AGCACCACCCACATCGCCCA_033,11
AGCACCACCCACATCGCCCA_034,90
AGCACCACCCACATCGCCCA_035,46
AGCACCACCCACATCGCCCA_036,77
AGCACCACCCACATCGCCCA_037,89
AGCACCACCCACATCGCCCA_038,172
AGCACCACCCACATCGCCCA_039,144
AAGTCTAGTCTGACCTGCTG_001,121
AAGTCTAGTCTGACCTGCTG_002,21
AAGTCTAGTCTGACCTGCTG_003,72
AAGTCTAGTCTGACCTGCTG_004,147
AAGTCTAGTCTGACCTGCTG_005,119
AAGTCTAGTCTGACCTGCTG_006,126
AAGTCTAGTCTGACCTGCTG_007,9
AAGTCTAGTCTGACCTGCTG_008,123
AAGTCTAGTCTGACCTGCTG_009,30
AAGTCTAGTCTGACCTGCTG_010,30
AAGTCTAGTCTGACCTGCTG_011,58
AAGTCTAGTCTGACCTGCTG_012,175
AAGTCTAGTCTGACCTGCTG_013,34
AAGTCTAGTCTGACCTGCTG_014,19
AAGTCTAGTCTGACCTGCTG_015,104
AAGTCTAGTCTGACCTGCTG_016,175
AAGTCTAGTCTGACCTGCTG_017,190
AAGTCTAGTCTGACCTGCTG_018,177
AAGTCTAGTCTGACCTGCTG_019,198
TTTCACATTACAGATCGACA_001,83
TTTCACATTACAGATCGACA_002,141
TTTCACATTACAGATCGACA_003,190
TTTCACATTACAGATCGACA_004,90
TTTCACATTACAGATCGACA_005,3
TTTCACATTACAGATCGACA_006,81
TTTCACATTACAGATCGACA_007,135
TCACACCACTGTAGTAAGGG_001,12
TCACACCACTGTAGTAAGGG_002,196
TCACACCACTGTAGTAAGGG_003,188
TCACACCACTGTAGTAAGGG_004,23
GAATCACTTTGACACATGTG_001,8
GAATCACTTTGACACATGTG_002,27
GAATCACTTTGACACATGTG_003,19
GCCGCCCAGGAACAGCATGT_001,159
GCCGCCCAGGAACAGCATGT_002,102
GCCGCCCAGGAACAGCATGT_003,56
GCCGCCCAGGAACAGCATGT_004,69
GCCGCCCAGGAACAGCATGT_005,155
GCCGCCCAGGAACAGCATGT_006,29
GCCGCCCAGGAACAGCATGT_007,38
GCCGCCCAGGAACAGCATGT_008,30
GCCGCCCAGGAACAGCATGT_009,187
GCCGCCCAGGAACAGCATGT_010,162
GCCGCCCAGGAACAGCATGT_011,98
GCCGCCCAGGAACAGCATGT_012,94
GCCGCCCAGGAACAGCATGT_013,16
GCCGCCCAGGAACAGCATGT_014,171
GCCGCCCAGGAACAGCATGT_015,180
GCCGCCCAGGAACAGCATGT_016,124
GCCGCCCAGGAACAGCATGT_017,43
GCCGCCCAGGAACAGCATGT_018,68
GCCGCCCAGGAACAGCATGT_019,40
GCCGCCCAGGAACAGCATGT_020,10
GCCGCCCAGGAACAGCATGT_021,142
GCCGCCCAGGAACAGCATGT_022,142
GCCGCCCAGGAACAGCATGT_023,56
GCCGCCCAGGAACAGCATGT_024,33
GCCGCCCAGGAACAGCATGT_025,82
GGCACAGCACTGCTACGCTG_001,27
GGCACAGCACTGCTACGCTG_002,105
GGCACAGCACTGCTACGCTG_003,9
GGCACAGCACTGCTACGCTG_004,83
GGCACAGCACTGCTACGCTG_005,88
GGCACAGCACTGCTACGCTG_006,149
ACGGAGACCCTCACGCGCCG_001,4
ACGGAGACCCTCACGCGCCG_002,114
ACGGAGACCCTCACGCGCCG_003,141
ACGGAGACCCTCACGCGCCG_004,12
ACGGAGACCCTCACGCGCCG_005,99
ACGGAGACCCTCACGCGCCG_006,3
ACGGAGACCCTCACGCGCCG_007,7
ACGGAGACCCTCACGCGCCG_008,98
ACGGAGACCCTCACGCGCCG_009,187
ACGGAGACCCTCACGCGCCG_010,105
ACGGAGACCCTCACGCGCCG_011,161
ACGGAGACCCTCACGCGCCG_012,29
ACGGAGACCCTCACGCGCCG_013,115
ACGGAGACCCTCACGCGCCG_014,158
ACGGAGACCCTCACGCGCCG_015,29
ACGGAGACCCTCACGCGCCG_016,160
ACGGAGACCCTCACGCGCCG_017,68
ACGGAGACCCTCACGCGCCG_018,166
ACGGAGACCCTCACGCGCCG_019,118
CGTCCTGAACGACAAGCACC_001,172
CGTCCTGAACGACAAGCACC_002,137
CGTCCTGAACGACAAGCACC_003,107
CGTCCTGAACGACAAGCACC_004,61
CGTCCTGAACGACAAGCACC_005,198
CGTCCTGAACGACAAGCACC_006,81
CGTCCTGAACGACAAGCACC_007,64
CGTCCTGAACGACAAGCACC_008,106
CGTCCTGAACGACAAGCACC_009,9
CGTCCTGAACGACAAGCACC_010,12
CGTCCTGAACGACAAGCACC_011,117
CGTCCTGAACGACAAGCACC_012,198
CGTCCTGAACGACAAGCACC_013,198
CGTCCTGAACGACAAGCACC_014,77
CGTCCTGAACGACAAGCACC_015,175
AAGCATTATTACCGTCAGAG_001,85
AAGCATTATTACCGTCAGAG_002,116
AAGCATTATTACCGTCAGAG_003,29
CCGCACGTAGTGATAGCTGG_001,60
CCGCACGTAGTGATAGCTGG_002,199
CCGCACGTAGTGATAGCTGG_003,60
CCGCACGTAGTGATAGCTGG_004,181
CCGCACGTAGTGATAGCTGG_005,20
CCGCACGTAGTGATAGCTGG_006,12
CCGCACGTAGTGATAGCTGG_007,114
CCGCACGTAGTGATAGCTGG_008,199
CCGCACGTAGTGATAGCTGG_009,43
CCGCACGTAGTGATAGCTGG_010,1
CCGCACGTAGTGATAGCTGG_011,184
CCGCACGTAGTGATAGCTGG_012,158
CCGCACGTAGTGATAGCTGG_013,174
CCGCACGTAGTGATAGCTGG_014,118
CCGCACGTAGTGATAGCTGG_015,44
CCGCACGTAGTGATAGCTGG_016,97
CCGCACGTAGTGATAGCTGG_017,140
CCGCACGTAGTGATAGCTGG_018,162
CCGCACGTAGTGATAGCTGG_019,115
CCGCACGTAGTGATAGCTGG_020,68
CTGGCCGCAGTCCCCCGGGG_001,60
CTGGCCGCAGTCCCCCGGGG_002,94
CTGGCCGCAGTCCCCCGGGG_003,103
CTGGCCGCAGTCCCCCGGGG_004,62
TCCTCATCCTCCATCCACAA_001,146
TCCTCATCCTCCATCCACAA_002,193
TCCTCATCCTCCATCCACAA_003,176
TCCTCATCCTCCATCCACAA_004,149
TCCTCATCCTCCATCCACAA_005,17
TCCTCATCCTCCATCCACAA_006,129
GCTGCGATGAGGGTTCAGCC_001,9
GCTGCGATGAGGGTTCAGCC_002,42
GCTGCGATGAGGGTTCAGCC_003,127
GCTGCGATGAGGGTTCAGCC_004,176
GCTGCGATGAGGGTTCAGCC_005,160
GCTGCGATGAGGGTTCAGCC_006,11
GCTGCGATGAGGGTTCAGCC_007,149
GCTGCGATGAGGGTTCAGCC_008,98
GCTGCGATGAGGGTTCAGCC_009,138
GCTGCGATGAGGGTTCAGCC_010,175
GCTGCGATGAGGGTTCAGCC_011,136
GCTGCGATGAGGGTTCAGCC_012,189
GCTGCGATGAGGGTTCAGCC_013,74
GCTGCGATGAGGGTTCAGCC_014,15
AGAGACAATCCTAAACCCAA_001,112
AGAGACAATCCTAAACCCAA_002,68
AGAGACAATCCTAAACCCAA_003,85
AGAGACAATCCTAAACCCAA_004,19
AGAGACAATCCTAAACCCAA_005,18
CTGGAGTGTCTACAACAAGA_001,116
CTGGAGTGTCTACAACAAGA_002,151
CTGGAGTGTCTACAACAAGA_003,2
CTGGAGTGTCTACAACAAGA_004,157
CTGGAGTGTCTACAACAAGA_005,147
CTGGAGTGTCTACAACAAGA_006,63
CTGGAGTGTCTACAACAAGA_007,28
TATTAATTAGCTATAATGCA_001,198
TATTAATTAGCTATAATGCA_002,122
TCATGAGCAGGAGAAGATAC_001,150
TCATGAGCAGGAGAAGATAC_002,147
TCATGAGCAGGAGAAGATAC_003,31
TCATGAGCAGGAGAAGATAC_004,168
TGAGTTTCTGGTCTGTCGGG_001,61
TGAGTTTCTGGTCTGTCGGG_002,23
TGAGTTTCTGGTCTGTCGGG_003,198
TGAGTTTCTGGTCTGTCGGG_004,9
TGAGTTTCTGGTCTGTCGGG_005,16
TGAGTTTCTGGTCTGTCGGG_006,158
TGAGTTTCTGGTCTGTCGGG_007,98
TGAGTTTCTGGTCTGTCGGG_008,80
TGAGTTTCTGGTCTGTCGGG_009,96
TGAGTTTCTGGTCTGTCGGG_010,2
TGAGTTTCTGGTCTGTCGGG_011,2
TGAGTTTCTGGTCTGTCGGG_012,162
TGCAACAAGGAGGTGTACTT_001,35
TGCAACAAGGAGGTGTACTT_002,139
TGCAACAAGGAGGTGTACTT_003,53
TGCAACAAGGAGGTGTACTT_004,197
TGCAACAAGGAGGTGTACTT_005,2
TGCAACAAGGAGGTGTACTT_006,35
TGCAACAAGGAGGTGTACTT_007,169
TGCAACAAGGAGGTGTACTT_008,177
TCCACCAACACCATAGAACA_001,183
TCCACCAACACCATAGAACA_002,142
TCCACCAACACCATAGAACA_003,121
TCCACCAACACCATAGAACA_004,17
TCCACCAACACCATAGAACA_005,104
TCCACCAACACCATAGAACA_006,60
AGACAGGGGAAATATGTCTG_001,183
AGACAGGGGAAATATGTCTG_002,4
AGACAGGGGAAATATGTCTG_003,196
AGACAGGGGAAATATGTCTG_004,111
AGACAGGGGAAATATGTCTG_005,106
AGACAGGGGAAATATGTCTG_006,77
AGACAGGGGAAATATGTCTG_007,28
AGACAGGGGAAATATGTCTG_008,26
AGACAGGGGAAATATGTCTG_009,178
AGACAGGGGAAATATGTCTG_010,188
CAGTGACGACCGTAGCCCGG_001,47
CAGTGACGACCGTAGCCCGG_002,70
CAGTGACGACCGTAGCCCGG_003,74
CAGTGACGACCGTAGCCCGG_004,116
CAGTGACGACCGTAGCCCGG_005,158
GGGCGCGTAGTGGCCATAGG_001,196
GGGCGCGTAGTGGCCATAGG_002,170
GGGCGCGTAGTGGCCATAGG_003,19
GGGCGCGTAGTGGCCATAGG_004,18
GGGCGCGTAGTGGCCATAGG_005,2
GGGCGCGTAGTGGCCATAGG_006,1
GGGCGCGTAGTGGCCATAGG_007,147
GGGCGCGTAGTGGCCATAGG_008,172
GGGCGCGTAGTGGCCATAGG_009,34
GGGCGCGTAGTGGCCATAGG_010,147
GGGCGCGTAGTGGCCATAGG_011,148
GGGCGCGTAGTGGCCATAGG_012,32
GGGCGCGTAGTGGCCATAGG_013,198
GGGCGCGTAGTGGCCATAGG_014,141
GGGCGCGTAGTGGCCATAGG_015,38
CGGTGACAAGTCCATCTATG_001,181
AACATGCACCTAAGGATGAG_001,196
AACATGCACCTAAGGATGAG_002,114
AACATGCACCTAAGGATGAG_003,113
AACATGCACCTAAGGATGAG_004,47
AACATGCACCTAAGGATGAG_005,80
AACATGCACCTAAGGATGAG_006,147
AACATGCACCTAAGGATGAG_007,146
AACATGCACCTAAGGATGAG_008,2
AACATGCACCTAAGGATGAG_009,2
AACATGCACCTAAGGATGAG_010,127
AACATGCACCTAAGGATGAG_011,39
AACATGCACCTAAGGATGAG_012,191
AACATGCACCTAAGGATGAG_013,52
AACATGCACCTAAGGATGAG_014,174
AACATGCACCTAAGGATGAG_015,98
AACATGCACCTAAGGATGAG_016,163
GATGGGTAACTTCTCCACAG_001,158
TTTCAAGGAACCTAACGCAG_001,179
TTTCAAGGAACCTAACGCAG_002,63
TTTCAAGGAACCTAACGCAG_003,19
TTTCAAGGAACCTAACGCAG_004,150
TTTCAAGGAACCTAACGCAG_005,98
TTTCAAGGAACCTAACGCAG_006,141
TTTCAAGGAACCTAACGCAG_007,75
TTTCAAGGAACCTAACGCAG_008,44
TTTCAAGGAACCTAACGCAG_009,45
TTTCAAGGAACCTAACGCAG_010,23
TTTCAAGGAACCTAACGCAG_011,95
TTTCAAGGAACCTAACGCAG_012,51
TTTCAAGGAACCTAACGCAG_013,41
TTTCAAGGAACCTAACGCAG_014,1
TTTCAAGGAACCTAACGCAG_015,2
TTTCAAGGAACCTAACGCAG_016,122
TTTCAAGGAACCTAACGCAG_017,199
TTTCAAGGAACCTAACGCAG_018,2
TTTCAAGGAACCTAACGCAG_019,40
TTTCAAGGAACCTAACGCAG_020,63
TTTCAAGGAACCTAACGCAG_021,152
TTTCAAGGAACCTAACGCAG_022,191
GACATGGCCAGGACTGTGGA_001,174
GACATGGCCAGGACTGTGGA_002,96
GACATGGCCAGGACTGTGGA_003,175
GACATGGCCAGGACTGTGGA_004,78
GACATGGCCAGGACTGTGGA_005,44
GACATGGCCAGGACTGTGGA_006,141
GACATGGCCAGGACTGTGGA_007,114
GACATGGCCAGGACTGTGGA_008,194
GACATGGCCAGGACTGTGGA_009,128
GACATGGCCAGGACTGTGGA_010,13
GACATGGCCAGGACTGTGGA_011,75
GACATGGCCAGGACTGTGGA_012,24
GACATGGCCAGGACTGTGGA_013,115
GACATGGCCAGGACTGTGGA_014,58
GACATGGCCAGGACTGTGGA_015,174
GACATGGCCAGGACTGTGGA_016,38
GACATGGCCAGGACTGTGGA_017,121
GACATGGCCAGGACTGTGGA_018,50
GACATGGCCAGGACTGTGGA_019,77
GACATGGCCAGGACTGTGGA_020,86
GACATGGCCAGGACTGTGGA_021,103
GACATGGCCAGGACTGTGGA_022,166
GACATGGCCAGGACTGTGGA_023,77
GACATGGCCAGGACTGTGGA_024,136
TTAATTTCGAGATTGGGCGT_001,28
TTAATTTCGAGATTGGGCGT_002,38
TTAATTTCGAGATTGGGCGT_003,81
TTAATTTCGAGATTGGGCGT_004,199
TTAATTTCGAGATTGGGCGT_005,25
TTAATTTCGAGATTGGGCGT_006,132
AGCCCACTCGCAGTACTATG_001,82
AGCCCACTCGCAGTACTATG_002,191
AGCCCACTCGCAGTACTATG_003,112
AGCCCACTCGCAGTACTATG_004,17
AGCCCACTCGCAGTACTATG_005,133
AGCCCACTCGCAGTACTATG_006,62
AGCCCACTCGCAGTACTATG_007,118
AGCCCACTCGCAGTACTATG_008,5
AGCCCACTCGCAGTACTATG_009,166
GAGGCCACCAGCAAACGTCG_001,127
GAGGCCACCAGCAAACGTCG_002,110
GAGGCCACCAGCAAACGTCG_003,44
GAGGCCACCAGCAAACGTCG_004,144
GAGGCCACCAGCAAACGTCG_005,13
GAGGCCACCAGCAAACGTCG_006,106
GAGGCCACCAGCAAACGTCG_007,56
GAGGCCACCAGCAAACGTCG_008,9
GTGGAATCGAAGATCCGAGT_001,13
GTGGAATCGAAGATCCGAGT_002,40
GTGGAATCGAAGATCCGAGT_003,117
GTGGAATCGAAGATCCGAGT_004,188
GTGGAATCGAAGATCCGAGT_005,94
GTGGAATCGAAGATCCGAGT_006,162
GTGGAATCGAAGATCCGAGT_007,98
GTGGAATCGAAGATCCGAGT_008,91
GTGGAATCGAAGATCCGAGT_009,21
GTGGAATCGAAGATCCGAGT_010,181
GTGGAATCGAAGATCCGAGT_011,129
GTGGAATCGAAGATCCGAGT_012,3
ACATGGCAAGACTACAAAGC_001,182
ACATGGCAAGACTACAAAGC_002,129
ACATGGCAAGACTACAAAGC_003,156
ACATGGCAAGACTACAAAGC_004,70
ACATGGCAAGACTACAAAGC_005,24
ACATGGCAAGACTACAAAGC_006,53
ACATGGCAAGACTACAAAGC_007,22
CAGGGACTGTTTGGTCAAGG_001,181
CAGGGACTGTTTGGTCAAGG_002,85
CAGGGACTGTTTGGTCAAGG_003,49
CAGGGACTGTTTGGTCAAGG_004,84
CAGGGACTGTTTGGTCAAGG_005,106
CAGGGACTGTTTGGTCAAGG_006,30
CAGGGACTGTTTGGTCAAGG_007,138
CAGGGACTGTTTGGTCAAGG_008,146
CAGGGACTGTTTGGTCAAGG_009,76
CAAAATAGGAGCTTGCGAGG_001,116
CAAAATAGGAGCTTGCGAGG_002,150
CAAAATAGGAGCTTGCGAGG_003,162
CAAAATAGGAGCTTGCGAGG_004,42
CACTTCCCGGAACTGAACCA_001,54
CACTTCCCGGAACTGAACCA_002,190
CACTTCCCGGAACTGAACCA_003,92
CACTTCCCGGAACTGAACCA_004,159
CACTTCCCGGAACTGAACCA_005,56
CACTTCCCGGAACTGAACCA_006,74
CACTTCCCGGAACTGAACCA_007,43
CACTTCCCGGAACTGAACCA_008,63
CACTTCCCGGAACTGAACCA_009,177
CACTTCCCGGAACTGAACCA_010,16
GAGCAAATAAAATATGCTGA_001,53
GAGCAAATAAAATATGCTGA_002,127
GAGCAAATAAAATATGCTGA_003,94
GAGCAAATAAAATATGCTGA_004,78
GAGCAAATAAAATATGCTGA_005,158
GAGCAAATAAAATATGCTGA_006,41
GAGCAAATAAAATATGCTGA_007,69
GAGCAAATAAAATATGCTGA_008,197
CTGGCTGCCCTTAACCATCG_001,157
CTGGCTGCCCTTAACCATCG_002,35
CTGGCTGCCCTTAACCATCG_003,138
CTGGCTGCCCTTAACCATCG_004,127
CTGGCTGCCCTTAACCATCG_005,37
CTGGCTGCCCTTAACCATCG_006,48
CTGGCTGCCCTTAACCATCG_007,149
CTGGCTGCCCTTAACCATCG_008,150
CTGGCTGCCCTTAACCATCG_009,178
CTGGCTGCCCTTAACCATCG_010,129
CTGGCTGCCCTTAACCATCG_011,19
CTGGCTGCCCTTAACCATCG_012,63
CTGGCTGCCCTTAACCATCG_013,48
CTGGCTGCCCTTAACCATCG_014,28
CTGGCTGCCCTTAACCATCG_015,1
CTGGCTGCCCTTAACCATCG_016,174
GGTGGTAAAAGACCTTCCAG_001,9
GGTGGTAAAAGACCTTCCAG_002,84
ATACAGGAACACTACAAGAT_001,0
ATACAGGAACACTACAAGAT_002,172
ATACAGGAACACTACAAGAT_003,149
ATACAGGAACACTACAAGAT_004,138
ATACAGGAACACTACAAGAT_005,182
ACCATGAATGTCCCTTACTG_001,125
ACCATGAATGTCCCTTACTG_002,56
ACCATGAATGTCCCTTACTG_003,115
ACCATGAATGTCCCTTACTG_004,150
ACCATGAATGTCCCTTACTG_005,65
ACCATGAATGTCCCTTACTG_006,145
ACCATGAATGTCCCTTACTG_007,190
ACCATGAATGTCCCTTACTG_008,192
ACCATGAATGTCCCTTACTG_009,158
ACCATGAATGTCCCTTACTG_010,85
ACCATGAATGTCCCTTACTG_011,140
ACCATGAATGTCCCTTACTG_012,38
ACCATGAATGTCCCTTACTG_013,20
ACCATGAATGTCCCTTACTG_014,144
ACCATGAATGTCCCTTACTG_015,125
ACCATGAATGTCCCTTACTG_016,134
ACCATGAATGTCCCTTACTG_017,3
ACCATGAATGTCCCTTACTG_018,172
ATATCCTGGATTGAACACGG_001,145
ATATCCTGGATTGAACACGG_002,41
ATATCCTGGATTGAACACGG_003,88
ATATCCTGGATTGAACACGG_004,21
ATATCCTGGATTGAACACGG_005,137
ATATCCTGGATTGAACACGG_006,63
ATATCCTGGATTGAACACGG_007,153
ATATCCTGGATTGAACACGG_008,48
ATATCCTGGATTGAACACGG_009,60
ATATCCTGGATTGAACACGG_010,54
ATATCCTGGATTGAACACGG_011,94
ATATCCTGGATTGAACACGG_012,19
ATATCCTGGATTGAACACGG_013,14
ATATCCTGGATTGAACACGG_014,152
ATATCCTGGATTGAACACGG_015,49
ATATCCTGGATTGAACACGG_016,181
ATATCCTGGATTGAACACGG_017,182
ATATCCTGGATTGAACACGG_018,49
ATATCCTGGATTGAACACGG_019,11
ATATCCTGGATTGAACACGG_020,63
ATATCCTGGATTGAACACGG_021,34
ATATCCTGGATTGAACACGG_022,153
GCCGCCAACGACAAAAACAC_001,18
GCCGCCAACGACAAAAACAC_002,115
GCCGCCAACGACAAAAACAC_003,141
GCCGCCAACGACAAAAACAC_004,28
GCCGCCAACGACAAAAACAC_005,148
GCCGCCAACGACAAAAACAC_006,133
GCCGCCAACGACAAAAACAC_007,115
GCCGCCAACGACAAAAACAC_008,121
GCCGCCAACGACAAAAACAC_009,116
GCCGCCAACGACAAAAACAC_010,37
GTGCGTAATTGATTGCCAGA_001,48
GTGCGTAATTGATTGCCAGA_002,127
GTGCGTAATTGATTGCCAGA_003,117
GTGCGTAATTGATTGCCAGA_004,71
GTGCGTAATTGATTGCCAGA_005,23
GTGCGTAATTGATTGCCAGA_006,198
GTGCGTAATTGATTGCCAGA_007,75
GTGCGTAATTGATTGCCAGA_008,180
GTGCGTAATTGATTGCCAGA_009,94
GTGCGTAATTGATTGCCAGA_010,76
GTGCGTAATTGATTGCCAGA_011,60
GTGCGTAATTGATTGCCAGA_012,183
GTGCGTAATTGATTGCCAGA_013,82
GTGCGTAATTGATTGCCAGA_014,42
GTGCGTAATTGATTGCCAGA_015,146
GTGCGTAATTGATTGCCAGA_016,76
GTGCGTAATTGATTGCCAGA_017,174
GTGCGTAATTGATTGCCAGA_018,52
GTGCGTAATTGATTGCCAGA_019,97
CATGAATGATCTCTCCAACA_001,11
CGCCGTCGCCGGATTGCCAG_001,193
CGCCGTCGCCGGATTGCCAG_002,8
CGCCGTCGCCGGATTGCCAG_003,43
CGCCGTCGCCGGATTGCCAG_004,93
CGCCGTCGCCGGATTGCCAG_005,175
CGCCGTCGCCGGATTGCCAG_006,175
CGCCGTCGCCGGATTGCCAG_007,12
CGCCGTCGCCGGATTGCCAG_008,82
CGCCGTCGCCGGATTGCCAG_009,159
CGCCGTCGCCGGATTGCCAG_010,94
CGCCGTCGCCGGATTGCCAG_011,179
ACAGATGTTGATCCACCTCG_001,116
ACAGATGTTGATCCACCTCG_002,5
ACAGATGTTGATCCACCTCG_003,6
ACAGATGTTGATCCACCTCG_004,112
ACAGATGTTGATCCACCTCG_005,127
ACAGATGTTGATCCACCTCG_006,177
ACAGATGTTGATCCACCTCG_007,59
ACAGATGTTGATCCACCTCG_008,190
ACAGATGTTGATCCACCTCG_009,182
TCATCAGAGACAAGTATGTG_001,160
TCATCAGAGACAAGTATGTG_002,28
TCATCAGAGACAAGTATGTG_003,65
TCATCAGAGACAAGTATGTG_004,169
TCATCAGAGACAAGTATGTG_005,86
TCATCAGAGACAAGTATGTG_006,147
TCATCAGAGACAAGTATGTG_007,151
TCATCAGAGACAAGTATGTG_008,85
TCATCAGAGACAAGTATGTG_009,199
TCATCAGAGACAAGTATGTG_010,63
ACTAGCTTAAACAACTGTGA_001,175
ACTAGCTTAAACAACTGTGA_002,98
CAGTGGTAATATCGAAAGCG_001,23
CAGTGGTAATATCGAAAGCG_002,35
CAGTGGTAATATCGAAAGCG_003,67
CGTGATCGTGGTATTCATCG_001,48
CGTGATCGTGGTATTCATCG_002,170
CGTGATCGTGGTATTCATCG_003,0
CGTGATCGTGGTATTCATCG_004,88
CGTGATCGTGGTATTCATCG_005,138
GCTGGGTATCCAGGTAGATG_001,77
GCTGGGTATCCAGGTAGATG_002,19
GTAGGTCTGTCCCATTCCGA_001,138
GTAGGTCTGTCCCATTCCGA_002,94
GTAGGTCTGTCCCATTCCGA_003,98
CCAGCGGGCAACAGGCCATG_001,106
CCAGCGGGCAACAGGCCATG_002,77
CCAGCGGGCAACAGGCCATG_003,134
CCAGCGGGCAACAGGCCATG_004,60
CCAGCGGGCAACAGGCCATG_005,176
CCAGCGGGCAACAGGCCATG_006,75
CCAGCGGGCAACAGGCCATG_007,194
CCAGCGGGCAACAGGCCATG_008,135
CCAGCGGGCAACAGGCCATG_009,10
CCAGCGGGCAACAGGCCATG_010,37
CCAGCGGGCAACAGGCCATG_011,157
CCAGCGGGCAACAGGCCATG_012,57
CCAGCGGGCAACAGGCCATG_013,135
CCAGCGGGCAACAGGCCATG_014,3
CCAGCGGGCAACAGGCCATG_015,88
CCAGCGGGCAACAGGCCATG_016,76
CCAGCGGGCAACAGGCCATG_017,60
CCAGCGGGCAACAGGCCATG_018,57
CCAGCGGGCAACAGGCCATG_019,125
GTTGTCGAAGAGCGAACCGT_001,65
GTTGTCGAAGAGCGAACCGT_002,65
GTTGTCGAAGAGCGAACCGT_003,192
GTTGTCGAAGAGCGAACCGT_004,177
GTTGTCGAAGAGCGAACCGT_005,187
GTTGTCGAAGAGCGAACCGT_006,117
GTTGTCGAAGAGCGAACCGT_007,88
GTTGTCGAAGAGCGAACCGT_008,16
GTTGTCGAAGAGCGAACCGT_009,88
GTTGTCGAAGAGCGAACCGT_010,194
GTTGTCGAAGAGCGAACCGT_011,183
GTTGTCGAAGAGCGAACCGT_012,183
GTTGTCGAAGAGCGAACCGT_013,155
GTTGTCGAAGAGCGAACCGT_014,131
GTTGTCGAAGAGCGAACCGT_015,68
GTTGTCGAAGAGCGAACCGT_016,82
GTTGTCGAAGAGCGAACCGT_017,15
GTTGTCGAAGAGCGAACCGT_018,49
GTTGTCGAAGAGCGAACCGT_019,155
GAGCCTGCAGACCCTATCAG_001,105
GAGCCTGCAGACCCTATCAG_002,166
CCAACTTGCCATTGAGACAC_001,143
CCAACTTGCCATTGAGACAC_002,94
CCAACTTGCCATTGAGACAC_003,51
CCAACTTGCCATTGAGACAC_004,169
CCAACTTGCCATTGAGACAC_005,145
CCAACTTGCCATTGAGACAC_006,87
CCAACTTGCCATTGAGACAC_007,179
CCAACTTGCCATTGAGACAC_008,191
CCAACTTGCCATTGAGACAC_009,92
CCAACTTGCCATTGAGACAC_010,177
CCAACTTGCCATTGAGACAC_011,31
CCAACTTGCCATTGAGACAC_012,97
CCAACTTGCCATTGAGACAC_013,136
CCAACTTGCCATTGAGACAC_014,49
CCAACTTGCCATTGAGACAC_015,62
CCAACTTGCCATTGAGACAC_016,6
TGGATCTACAGAAGGTCAGG_001,107
TGGATCTACAGAAGGTCAGG_002,116
TGGATCTACAGAAGGTCAGG_003,114
TGGATCTACAGAAGGTCAGG_004,119
TGGATCTACAGAAGGTCAGG_005,30
TGGATCTACAGAAGGTCAGG_006,116
TGGATCTACAGAAGGTCAGG_007,184
TGGATCTACAGAAGGTCAGG_008,47
TGGATCTACAGAAGGTCAGG_009,69
TGGAATGAAACATTATTTCA_001,49
TGGAATGAAACATTATTTCA_002,113
TGGAATGAAACATTATTTCA_003,171
TGGAATGAAACATTATTTCA_004,147
TGGAATGAAACATTATTTCA_005,56
TGGAATGAAACATTATTTCA_006,170
TAGTCTAGAGTGCTGTCCAG_001,100
TAGTCTAGAGTGCTGTCCAG_002,47
TAGTCTAGAGTGCTGTCCAG_003,85
GGAACGGGCAGCCCTTCAAG_001,119
GGAACGGGCAGCCCTTCAAG_002,191
GGAACGGGCAGCCCTTCAAG_003,106
GGAACGGGCAGCCCTTCAAG_004,70
GGAACGGGCAGCCCTTCAAG_005,164
GGAACGGGCAGCCCTTCAAG_006,191
GGAACGGGCAGCCCTTCAAG_007,149
GGAACGGGCAGCCCTTCAAG_008,175
GGAACGGGCAGCCCTTCAAG_009,40
GGAACGGGCAGCCCTTCAAG_010,162
GGAACGGGCAGCCCTTCAAG_011,46
GGAACGGGCAGCCCTTCAAG_012,104
GGAACGGGCAGCCCTTCAAG_013,76
GGAACGGGCAGCCCTTCAAG_014,81
GGAACGGGCAGCCCTTCAAG_015,116
GGAACGGGCAGCCCTTCAAG_016,199
GGAACGGGCAGCCCTTCAAG_017,185
GGAACGGGCAGCCCTTCAAG_018,50
GGAACGGGCAGCCCTTCAAG_019,198
GGAACGGGCAGCCCTTCAAG_020,72
GGAACGGGCAGCCCTTCAAG_021,56
GGAACGGGCAGCCCTTCAAG_022,127
GGAACGGGCAGCCCTTCAAG_023,68
GGAACGGGCAGCCCTTCAAG_024,182
GGAACGGGCAGCCCTTCAAG_025,128
GGAACGGGCAGCCCTTCAAG_026,57
GGAACGGGCAGCCCTTCAAG_027,188
GGAACGGGCAGCCCTTCAAG_028,51
CTGGTGCTGAACCACACGCG_001,174
CTGGTGCTGAACCACACGCG_002,53
CTGGTGCTGAACCACACGCG_003,169
GACAAGTGCCTACCAGTGGA_001,48
GACAAGTGCCTACCAGTGGA_002,104
GACAAGTGCCTACCAGTGGA_003,2
GACAAGTGCCTACCAGTGGA_004,136
GCCCCAGTCGAACACATCGG_001,172
GCCCCAGTCGAACACATCGG_002,136
GCCCCAGTCGAACACATCGG_003,151
GCCCCAGTCGAACACATCGG_004,43
GCCCCAGTCGAACACATCGG_005,98
GCCCCAGTCGAACACATCGG_006,89
GCCCCAGTCGAACACATCGG_007,128
GCCCCAGTCGAACACATCGG_008,70
GCCCCAGTCGAACACATCGG_009,37
GCCCCAGTCGAACACATCGG_010,13
TTCTTCGCCAAGAACAGCCG_001,29
TTCTTCGCCAAGAACAGCCG_002,137
TTCTTCGCCAAGAACAGCCG_003,165
TTCTTCGCCAAGAACAGCCG_004,38
TTCTTCGCCAAGAACAGCCG_005,69
TTCTTCGCCAAGAACAGCCG_006,117
TTCTTCGCCAAGAACAGCCG_007,15
TTCTTCGCCAAGAACAGCCG_008,134
TTCTTCGCCAAGAACAGCCG_009,55
TTCTTCGCCAAGAACAGCCG_010,41
TTCTTCGCCAAGAACAGCCG_011,13
CAGTGCATAAGCCAAATCGG_001,177
CAGTGCATAAGCCAAATCGG_002,162
CAGTGCATAAGCCAAATCGG_003,2
CAGTGCATAAGCCAAATCGG_004,12
CAGTGCATAAGCCAAATCGG_005,144
CAGTGCATAAGCCAAATCGG_006,148
CAGTGCATAAGCCAAATCGG_007,143
CAGTGCATAAGCCAAATCGG_008,191
CAGTGCATAAGCCAAATCGG_009,130
CAGTGCATAAGCCAAATCGG_010,68
CCCTACTATGAGAACTGCTG_001,156
CCCTACTATGAGAACTGCTG_002,191
CCCTACTATGAGAACTGCTG_003,31
CCCTACTATGAGAACTGCTG_004,26
CCCTACTATGAGAACTGCTG_005,147
CCCTACTATGAGAACTGCTG_006,27
CCCTACTATGAGAACTGCTG_007,122
CCCTACTATGAGAACTGCTG_008,58
CCCTACTATGAGAACTGCTG_009,106
CCCTACTATGAGAACTGCTG_010,93
CCCTACTATGAGAACTGCTG_011,132
CCCTACTATGAGAACTGCTG_012,134
CCCTACTATGAGAACTGCTG_013,175
CCCTACTATGAGAACTGCTG_014,187
CCCTACTATGAGAACTGCTG_015,166
CCCTACTATGAGAACTGCTG_016,167
CCCTACTATGAGAACTGCTG_017,69
CCCTACTATGAGAACTGCTG_018,138
CCCTACTATGAGAACTGCTG_019,22
CCCTACTATGAGAACTGCTG_020,3
CCCTACTATGAGAACTGCTG_021,10
CCCTACTATGAGAACTGCTG_022,98
CCCTACTATGAGAACTGCTG_023,100
CCCTACTATGAGAACTGCTG_024,65
CCCTACTATGAGAACTGCTG_025,91
CCCCGCCACGAACCACAACG_001,158
CCCCGCCACGAACCACAACG_002,199
CCCCGCCACGAACCACAACG_003,76
CCCCGCCACGAACCACAACG_004,29
CCCCGCCACGAACCACAACG_005,155
CCCCGCCACGAACCACAACG_006,118
CCCCGCCACGAACCACAACG_007,3
CCCCGCCACGAACCACAACG_008,83
GACTGGGACACACCCAACCA_001,191
GACTGGGACACACCCAACCA_002,115
GACTGGGACACACCCAACCA_003,172
GACTGGGACACACCCAACCA_004,9
GACTGGGACACACCCAACCA_005,117
GACTGGGACACACCCAACCA_006,108
GACTGGGACACACCCAACCA_007,91
GACTGGGACACACCCAACCA_008,144
GACTGGGACACACCCAACCA_009,50
GACTGGGACACACCCAACCA_010,10
GACTGGGACACACCCAACCA_011,118
GACTGGGACACACCCAACCA_012,160
GACTGGGACACACCCAACCA_013,63
GACTGGGACACACCCAACCA_014,147
GACTGGGACACACCCAACCA_015,23
CCAGAAACAAGCAACAACCA_001,96
CCAGAAACAAGCAACAACCA_002,169
CCAGAAACAAGCAACAACCA_003,145
CCAGAAACAAGCAACAACCA_004,192
CCAGAAACAAGCAACAACCA_005,196
CCAGAAACAAGCAACAACCA_006,103
CCAGAAACAAGCAACAACCA_007,94
CCAGAAACAAGCAACAACCA_008,77
CCAGAAACAAGCAACAACCA_009,169
CCAGAAACAAGCAACAACCA_010,194
CCAGAAACAAGCAACAACCA_011,78
CCAGAAACAAGCAACAACCA_012,169
CCAGAAACAAGCAACAACCA_013,39
ACTTCTCAAAGCCTCAACAG_001,168
ACTTCTCAAAGCCTCAACAG_002,3
ACTTCTCAAAGCCTCAACAG_003,26
ACTTCTCAAAGCCTCAACAG_004,102
ACTTCTCAAAGCCTCAACAG_005,69
ACTTCTCAAAGCCTCAACAG_006,105
ACTTCTCAAAGCCTCAACAG_007,60
ACTTCTCAAAGCCTCAACAG_008,176
ACTTCTCAAAGCCTCAACAG_009,5
ACTTCTCAAAGCCTCAACAG_010,6
ACTTCTCAAAGCCTCAACAG_011,136
ACTTCTCAAAGCCTCAACAG_012,116
ACTTCTCAAAGCCTCAACAG_013,141
ACTTCTCAAAGCCTCAACAG_014,69
TTCATAGAACACAACCACCA_001,145
TTCATAGAACACAACCACCA_002,47
TTCATAGAACACAACCACCA_003,15
TTCATAGAACACAACCACCA_004,185
TTCATAGAACACAACCACCA_005,127
TTCATAGAACACAACCACCA_006,105
TTCATAGAACACAACCACCA_007,9
TTCATAGAACACAACCACCA_008,83
TTCATAGAACACAACCACCA_009,126
TTCATAGAACACAACCACCA_010,37
TTCATAGAACACAACCACCA_011,102
TTCATAGAACACAACCACCA_012,47
TTCATAGAACACAACCACCA_013,150
TTCATAGAACACAACCACCA_014,2
TTCATAGAACACAACCACCA_015,27
TTCATAGAACACAACCACCA_016,94
TTCATAGAACACAACCACCA_017,94
TTCATAGAACACAACCACCA_018,27
TTCATAGAACACAACCACCA_019,28
TTCATAGAACACAACCACCA_020,50
TTCATAGAACACAACCACCA_021,150
TTCATAGAACACAACCACCA_022,8
TTCATAGAACACAACCACCA_023,29
TTCATAGAACACAACCACCA_024,62
TTCATAGAACACAACCACCA_025,180
TTCATAGAACACAACCACCA_026,94
TTCATAGAACACAACCACCA_027,162
TTCATAGAACACAACCACCA_028,16
TTCATAGAACACAACCACCA_029,148
TGGTAAAACTGGTGTTGGCA_001,183
TGGTAAAACTGGTGTTGGCA_002,76
TGGTAAAACTGGTGTTGGCA_003,1
TGGTAAAACTGGTGTTGGCA_004,199
TGGTAAAACTGGTGTTGGCA_005,85
TGGTAAAACTGGTGTTGGCA_006,56
TGGTAAAACTGGTGTTGGCA_007,24
TGGTAAAACTGGTGTTGGCA_008,49
TGGTAAAACTGGTGTTGGCA_009,59
TGGTAAAACTGGTGTTGGCA_010,28
TGGTAAAACTGGTGTTGGCA_011,158
TGGTAAAACTGGTGTTGGCA_012,12
TGGTAAAACTGGTGTTGGCA_013,15
TGGTAAAACTGGTGTTGGCA_014,78
TGGTAAAACTGGTGTTGGCA_015,63
TGGTAAAACTGGTGTTGGCA_016,97
TGGTAAAACTGGTGTTGGCA_017,6
AGACATGGTTTAGCATCGCT_001,34
AGACATGGTTTAGCATCGCT_002,59
AGACATGGTTTAGCATCGCT_003,12
AGACATGGTTTAGCATCGCT_004,81
AGACATGGTTTAGCATCGCT_005,63
AGACATGGTTTAGCATCGCT_006,19
GACAAACAATGACTTGTACC_001,142
GACAAACAATGACTTGTACC_002,166
GACAAACAATGACTTGTACC_003,43
GACAAACAATGACTTGTACC_004,132
GACAAACAATGACTTGTACC_005,147
GACAAACAATGACTTGTACC_006,50
GACAAACAATGACTTGTACC_007,142
TCACTGTCTACCAAATCATG_001,154
AATAGCCTTTCTCCAGATGT_001,141
AATAGCCTTTCTCCAGATGT_002,185
AATAGCCTTTCTCCAGATGT_003,124
CCACGGCGAGTGAACTCCCG_001,197
CCACGGCGAGTGAACTCCCG_002,144
CCACGGCGAGTGAACTCCCG_003,13
CCACGGCGAGTGAACTCCCG_004,74
CCACGGCGAGTGAACTCCCG_005,159
CCACGGCGAGTGAACTCCCG_006,164
CCACGGCGAGTGAACTCCCG_007,153
CCACGGCGAGTGAACTCCCG_008,1
CCACGGCGAGTGAACTCCCG_009,104
CCACGGCGAGTGAACTCCCG_010,77
CCACGGCGAGTGAACTCCCG_011,112
CCACGGCGAGTGAACTCCCG_012,85
CCACGGCGAGTGAACTCCCG_013,42
AATCCTGAAACCCGGCAGAA_001,150
AATCCTGAAACCCGGCAGAA_002,153
AATCCTGAAACCCGGCAGAA_003,113
AATCCTGAAACCCGGCAGAA_004,113
AATCCTGAAACCCGGCAGAA_005,175
AATCCTGAAACCCGGCAGAA_006,144
AATCCTGAAACCCGGCAGAA_007,66
AATCCTGAAACCCGGCAGAA_008,54
AATCCTGAAACCCGGCAGAA_009,51
AATCCTGAAACCCGGCAGAA_010,121
AATCCTGAAACCCGGCAGAA_011,115
TATACTGGCTGATTATACAC_001,67
AGTCCCTCCCAAATCCGAGG_001,151
AGTCCCTCCCAAATCCGAGG_002,84
AGTCCCTCCCAAATCCGAGG_003,123
AGTCCCTCCCAAATCCGAGG_004,66
AGTCCCTCCCAAATCCGAGG_005,123
AGTCCCTCCCAAATCCGAGG_006,148
AGTCCCTCCCAAATCCGAGG_007,45
AGTCCCTCCCAAATCCGAGG_008,113
AGTCCCTCCCAAATCCGAGG_009,28
AGTCCCTCCCAAATCCGAGG_010,148
CATTGGACATGAGTAGCTTG_001,50
CATTGGACATGAGTAGCTTG_002,176
CATTGGACATGAGTAGCTTG_003,120
CATTGGACATGAGTAGCTTG_004,162
CATTGGACATGAGTAGCTTG_005,88
CATTGGACATGAGTAGCTTG_006,172
CCGCCGGCGGAGACAGCTAA_001,175
CCGCCGGCGGAGACAGCTAA_002,147
CCGCCGGCGGAGACAGCTAA_003,157
CCGCCGGCGGAGACAGCTAA_004,167
CCGCCGGCGGAGACAGCTAA_005,167
CCGCCGGCGGAGACAGCTAA_006,31
CCGCCGGCGGAGACAGCTAA_007,175
CCGCCGGCGGAGACAGCTAA_008,104
CCGCCGGCGGAGACAGCTAA_009,3
CCGCCGGCGGAGACAGCTAA_010,161
TGCATGAAGAGCATTGTCCA_001,183
TGCATGAAGAGCATTGTCCA_002,157
TGCATGAAGAGCATTGTCCA_003,43
TGCATGAAGAGCATTGTCCA_004,8
TGCATGAAGAGCATTGTCCA_005,68
TGCATGAAGAGCATTGTCCA_006,117
TGCATGAAGAGCATTGTCCA_007,53
TGCATGAAGAGCATTGTCCA_008,105
TGCATGAAGAGCATTGTCCA_009,12
TGCATGAAGAGCATTGTCCA_010,191
TGCATGAAGAGCATTGTCCA_011,131
TGCATGAAGAGCATTGTCCA_012,192
TGCATGAAGAGCATTGTCCA_013,129
TGCATGAAGAGCATTGTCCA_014,47
TGCATGAAGAGCATTGTCCA_015,136
TGCATGAAGAGCATTGTCCA_016,116
TGCATGAAGAGCATTGTCCA_017,15
TGCATGAAGAGCATTGTCCA_018,99
TGCATGAAGAGCATTGTCCA_019,16
TGCATGAAGAGCATTGTCCA_020,110
TGCATGAAGAGCATTGTCCA_021,88
TGCATGAAGAGCATTGTCCA_022,199
TGCATGAAGAGCATTGTCCA_023,103
TGCATGAAGAGCATTGTCCA_024,185
TGCATGAAGAGCATTGTCCA_025,192
TGCATGAAGAGCATTGTCCA_026,107
TGCATGAAGAGCATTGTCCA_027,108
TGCATGAAGAGCATTGTCCA_028,41
TGCATGAAGAGCATTGTCCA_029,153
TGCATGAAGAGCATTGTCCA_030,0
TGCATGAAGAGCATTGTCCA_031,75
TGCATGAAGAGCATTGTCCA_032,179
TGCATGAAGAGCATTGTCCA_033,157
AGAGTAGAAGAAATTATCTG_001,116
AGAGTAGAAGAAATTATCTG_002,105
GAAGCAGTGCAAACGCCATG_001,189
GAAGCAGTGCAAACGCCATG_002,171
GAAGCAGTGCAAACGCCATG_003,60
GAAGCAGTGCAAACGCCATG_004,159
GAAGCAGTGCAAACGCCATG_005,10
GAAGCAGTGCAAACGCCATG_006,181
GAAGCAGTGCAAACGCCATG_007,144
GAAGCAGTGCAAACGCCATG_008,154
GAAGCAGTGCAAACGCCATG_009,49
GAAGCAGTGCAAACGCCATG_010,163
GAAGCAGTGCAAACGCCATG_011,63
GAAGCAGTGCAAACGCCATG_012,3
GAAGCAGTGCAAACGCCATG_013,171
GAAGCAGTGCAAACGCCATG_014,181
GAAGCAGTGCAAACGCCATG_015,122
GAAGCAGTGCAAACGCCATG_016,181
GAAGCAGTGCAAACGCCATG_017,75
CTTCTAATGGTCTTCAACAG_001,12
CTTCTAATGGTCTTCAACAG_002,169
CTTCTAATGGTCTTCAACAG_003,188
GACAGTGGACCCGTACACAC_001,126
GACAGTGGACCCGTACACAC_002,42
GACAGTGGACCCGTACACAC_003,23
GACAGTGGACCCGTACACAC_004,142
GACAGTGGACCCGTACACAC_005,106
GACAGTGGACCCGTACACAC_006,181
GACAGTGGACCCGTACACAC_007,72
GACAGTGGACCCGTACACAC_008,105
GACAGTGGACCCGTACACAC_009,156
GACAGTGGACCCGTACACAC_010,193
GACAGTGGACCCGTACACAC_011,105
GACAGTGGACCCGTACACAC_012,97
GACAGTGGACCCGTACACAC_013,69
GACAGTGGACCCGTACACAC_014,150
GACAGTGGACCCGTACACAC_015,157
GACAGTGGACCCGTACACAC_016,34
GACAGTGGACCCGTACACAC_017,69
GACAGTGGACCCGTACACAC_018,192
GACAGTGGACCCGTACACAC_019,9
GACAGTGGACCCGTACACAC_020,175
GACAGTGGACCCGTACACAC_021,183
GACAGTGGACCCGTACACAC_022,28
GACAGTGGACCCGTACACAC_023,179
GACAGTGGACCCGTACACAC_024,121
GACAGTGGACCCGTACACAC_025,174
GACAGTGGACCCGTACACAC_026,148
GACAGTGGACCCGTACACAC_027,10
GACAGTGGACCCGTACACAC_028,168
GACAGTGGACCCGTACACAC_029,174
GACAGTGGACCCGTACACAC_030,145
GACAGTGGACCCGTACACAC_031,170
GACAGTGGACCCGTACACAC_032,18
GACAGTGGACCCGTACACAC_033,81
GACAGTGGACCCGTACACAC_034,35
GACAGTGGACCCGTACACAC_035,197
GACAGTGGACCCGTACACAC_036,78
TTCCTCTGTCAAACCAAACG_001,70
TTCCTCTGTCAAACCAAACG_002,78
TTCCTCTGTCAAACCAAACG_003,72
GATCTTGGTAAACTCGCTGA_001,106
GATCTTGGTAAACTCGCTGA_002,115
GATCTTGGTAAACTCGCTGA_003,29
GATCTTGGTAAACTCGCTGA_004,8
GATCTTGGTAAACTCGCTGA_005,17
GATCTTGGTAAACTCGCTGA_006,172
GATCTTGGTAAACTCGCTGA_007,183
GATCTTGGTAAACTCGCTGA_008,174
GATCTTGGTAAACTCGCTGA_009,121
GATCTTGGTAAACTCGCTGA_010,99
GATCTTGGTAAACTCGCTGA_011,6
GATCTTGGTAAACTCGCTGA_012,181
GATCTTGGTAAACTCGCTGA_013,63
GATCTTGGTAAACTCGCTGA_014,104
GATCTTGGTAAACTCGCTGA_015,4
AGGAGTGTCACAGTCCAGTG_001,6
AGGAGTGTCACAGTCCAGTG_002,197
AGGAGTGTCACAGTCCAGTG_003,18
AGGAGTGTCACAGTCCAGTG_004,188
AGGAGTGTCACAGTCCAGTG_005,136
AGGAGTGTCACAGTCCAGTG_006,127
AGGAGTGTCACAGTCCAGTG_007,40
GGAACTCTTCTCTATCTGGT_001,23
GGAACTCTTCTCTATCTGGT_002,197
GGAACTCTTCTCTATCTGGT_003,162
GGAACTCTTCTCTATCTGGT_004,15
GGAACTCTTCTCTATCTGGT_005,24
GGAACTCTTCTCTATCTGGT_006,101
GGAACTCTTCTCTATCTGGT_007,199
CTGAAGAAAGGCCGTCTGTG_001,24
CTGAAGAAAGGCCGTCTGTG_002,102
CTGAAGAAAGGCCGTCTGTG_003,120
CTGAAGAAAGGCCGTCTGTG_004,72
CTGAAGAAAGGCCGTCTGTG_005,48
CTGAAGAAAGGCCGTCTGTG_006,8
CTGAAGAAAGGCCGTCTGTG_007,139
CTGAAGAAAGGCCGTCTGTG_008,197
CTGAAGAAAGGCCGTCTGTG_009,9
CTGAAGAAAGGCCGTCTGTG_010,61
CTGAAGAAAGGCCGTCTGTG_011,65
CTGAAGAAAGGCCGTCTGTG_012,36
CTGAAGAAAGGCCGTCTGTG_013,87
CTGAAGAAAGGCCGTCTGTG_014,155
CTGAAGAAAGGCCGTCTGTG_015,141
CTGAAGAAAGGCCGTCTGTG_016,96
CTGAAGAAAGGCCGTCTGTG_017,117
CTGAAGAAAGGCCGTCTGTG_018,156
CTGAAGAAAGGCCGTCTGTG_019,116
CTGAAGAAAGGCCGTCTGTG_020,172
CTGAAGAAAGGCCGTCTGTG_021,45
CTGAAGAAAGGCCGTCTGTG_022,52
CTGAAGAAAGGCCGTCTGTG_023,29
CTGAAGAAAGGCCGTCTGTG_024,130
CTGAAGAAAGGCCGTCTGTG_025,51
CTGAAGAAAGGCCGTCTGTG_026,127
CTGAAGAAAGGCCGTCTGTG_027,63
CTGAAGAAAGGCCGTCTGTG_028,61
CTGAAGAAAGGCCGTCTGTG_029,66
CTGAAGAAAGGCCGTCTGTG_030,20
CTGAAGAAAGGCCGTCTGTG_031,105
CTGAAGAAAGGCCGTCTGTG_032,61
CTGAAGAAAGGCCGTCTGTG_033,49
CAGGAACTCCAACTTCTACA_001,26
CAGGAACTCCAACTTCTACA_002,55
CAGGAACTCCAACTTCTACA_003,121
CAGGAACTCCAACTTCTACA_004,53
CAGGAACTCCAACTTCTACA_005,148
CAGGAACTCCAACTTCTACA_006,46
GGACGGCTACCCATCCGCAA_001,122
GGACGGCTACCCATCCGCAA_002,198
GGACGGCTACCCATCCGCAA_003,75
GGACGGCTACCCATCCGCAA_004,127
GGACGGCTACCCATCCGCAA_005,63
GGACGGCTACCCATCCGCAA_006,108
GGACGGCTACCCATCCGCAA_007,116
GGACGGCTACCCATCCGCAA_008,44
GGACGGCTACCCATCCGCAA_009,1
GGACGGCTACCCATCCGCAA_010,152
GGACGGCTACCCATCCGCAA_011,39
GGACGGCTACCCATCCGCAA_012,34
GGACGGCTACCCATCCGCAA_013,4
ATGAGAGAAGCCAATTACAT_001,48
ATGAGAGAAGCCAATTACAT_002,98
ATGAGAGAAGCCAATTACAT_003,110
ATGAGAGAAGCCAATTACAT_004,94
ATGAGAGAAGCCAATTACAT_005,175
ATGAGAGAAGCCAATTACAT_006,48
ATGAGAGAAGCCAATTACAT_007,40
ATGAGAGAAGCCAATTACAT_008,82
ATGAGAGAAGCCAATTACAT_009,121
ATGAGAGAAGCCAATTACAT_010,58
ATGAGAGAAGCCAATTACAT_011,48
AGAGAACTACCCCGACGCAG_001,199
AGAGAACTACCCCGACGCAG_002,157
AGAGAACTACCCCGACGCAG_003,9
AGAGAACTACCCCGACGCAG_004,150
AGAGAACTACCCCGACGCAG_005,158
AGAGAACTACCCCGACGCAG_006,43
AGAGAACTACCCCGACGCAG_007,24
AGAGAACTACCCCGACGCAG_008,72
AGAGAACTACCCCGACGCAG_009,17
AGAGAACTACCCCGACGCAG_010,184
AGATGCTACCGCTTTCTGTG_001,160
AGATGCTACCGCTTTCTGTG_002,29
AGATGCTACCGCTTTCTGTG_003,78
AGATGCTACCGCTTTCTGTG_004,12
AGATGCTACCGCTTTCTGTG_005,87
AGATGCTACCGCTTTCTGTG_006,7
AGATGCTACCGCTTTCTGTG_007,176
AGATGCTACCGCTTTCTGTG_008,127
AGATGCTACCGCTTTCTGTG_009,104
AGATGCTACCGCTTTCTGTG_010,162
AGATGCTACCGCTTTCTGTG_011,82
AGATGCTACCGCTTTCTGTG_012,117
AGATGCTACCGCTTTCTGTG_013,197
AGATGCTACCGCTTTCTGTG_014,169
AGATGCTACCGCTTTCTGTG_015,86
AGATGCTACCGCTTTCTGTG_016,43
AGATGCTACCGCTTTCTGTG_017,146
AGATGCTACCGCTTTCTGTG_018,19
AGATGCTACCGCTTTCTGTG_019,178
AGATGCTACCGCTTTCTGTG_020,6
AGATGCTACCGCTTTCTGTG_021,6
AGATGCTACCGCTTTCTGTG_022,140
AGATGCTACCGCTTTCTGTG_023,76
AGATGCTACCGCTTTCTGTG_024,105
CTTTCTAGATTGGACTCCGG_001,162
CTTTCTAGATTGGACTCCGG_002,40
CTTTCTAGATTGGACTCCGG_003,176
CTTTCTAGATTGGACTCCGG_004,142
CTTTCTAGATTGGACTCCGG_005,168
CTTTCTAGATTGGACTCCGG_006,82
CTTTCTAGATTGGACTCCGG_007,162
CTTTCTAGATTGGACTCCGG_008,169
CTTTCTAGATTGGACTCCGG_009,41
CTTTCTAGATTGGACTCCGG_010,85
CTTTCTAGATTGGACTCCGG_011,29
CTTTCTAGATTGGACTCCGG_012,88
CTTTCTAGATTGGACTCCGG_013,51
CTTTCTAGATTGGACTCCGG_014,77
CTTTCTAGATTGGACTCCGG_015,27
CTTTCTAGATTGGACTCCGG_016,180
ATTAGAGAGAAAAGCACTCT_001,134
ATTAGAGAGAAAAGCACTCT_002,1
ATTAGAGAGAAAAGCACTCT_003,22
ATTAGAGAGAAAAGCACTCT_004,84
ATTAGAGAGAAAAGCACTCT_005,152
ATTAGAGAGAAAAGCACTCT_006,173
ATTAGAGAGAAAAGCACTCT_007,49
ATTAGAGAGAAAAGCACTCT_008,103
ATTAGAGAGAAAAGCACTCT_009,149
ATTAGAGAGAAAAGCACTCT_010,15
ATTAGAGAGAAAAGCACTCT_011,19
CCCCCTCGCCAATCTCAAAG_001,94
CCCCCTCGCCAATCTCAAAG_002,42
CCCCCTCGCCAATCTCAAAG_003,30
CCCCCTCGCCAATCTCAAAG_004,156
GCATCAGAAAGTTCACACAC_001,137
GCATCAGAAAGTTCACACAC_002,15
GCATCAGAAAGTTCACACAC_003,134
GCATCAGAAAGTTCACACAC_004,6
GCATCAGAAAGTTCACACAC_005,6
GCATCAGAAAGTTCACACAC_006,158
GCATCAGAAAGTTCACACAC_007,16
GCATCAGAAAGTTCACACAC_008,145
GCATCAGAAAGTTCACACAC_009,148
GCATCAGAAAGTTCACACAC_010,130
GCATCAGAAAGTTCACACAC_011,80
GCATCAGAAAGTTCACACAC_012,123
GCATCAGAAAGTTCACACAC_013,30
GCATCAGAAAGTTCACACAC_014,145
GCATCAGAAAGTTCACACAC_015,184
GAGCACAAATCAAGCGCAGG_001,27
GAGCACAAATCAAGCGCAGG_002,125
GAGCACAAATCAAGCGCAGG_003,17
GAGCACAAATCAAGCGCAGG_004,103
GAGCACAAATCAAGCGCAGG_005,13
GAGCACAAATCAAGCGCAGG_006,47
GAGCACAAATCAAGCGCAGG_007,29
GAGCACAAATCAAGCGCAGG_008,163
GAGCACAAATCAAGCGCAGG_009,170
GAGCACAAATCAAGCGCAGG_010,198
GAGCACAAATCAAGCGCAGG_011,2
GAGCACAAATCAAGCGCAGG_012,17
GAGCACAAATCAAGCGCAGG_013,77
CAAAGCTATAATCCCCCTCA_001,65
CTGAGAACTCCAGTGCAGGG_001,69
CTGAGAACTCCAGTGCAGGG_002,115
CTGAGAACTCCAGTGCAGGG_003,82
CTGAGAACTCCAGTGCAGGG_004,188
TGTTTGATATTAACTTGACA_001,116
TGTTTGATATTAACTTGACA_002,119
AAGTCGCGGAGCCGCTCGCG_001,157
AAGTCGCGGAGCCGCTCGCG_002,102
AAGTCGCGGAGCCGCTCGCG_003,17
AAGTCGCGGAGCCGCTCGCG_004,60
AAGTCGCGGAGCCGCTCGCG_005,33
AAGTCGCGGAGCCGCTCGCG_006,160
AAGTCGCGGAGCCGCTCGCG_007,81
AAGTCGCGGAGCCGCTCGCG_008,78
ATATTTCACCAGATAAAGAG_001,31
TGATTTCCGAGAAGAATGAG_001,129
TGATTTCCGAGAAGAATGAG_002,78
TGATTTCCGAGAAGAATGAG_003,144
TGATTTCCGAGAAGAATGAG_004,102
TGATTTCCGAGAAGAATGAG_005,135
TGATTTCCGAGAAGAATGAG_006,112
GAACTGACTGGTTTAGCCAG_001,20
GAACTGACTGGTTTAGCCAG_002,76
GAACTGACTGGTTTAGCCAG_003,8
GAACTGACTGGTTTAGCCAG_004,63
GAACTGACTGGTTTAGCCAG_005,91
GAACTGACTGGTTTAGCCAG_006,104
GAACTGACTGGTTTAGCCAG_007,172
GAACTGACTGGTTTAGCCAG_008,9
GAACTGACTGGTTTAGCCAG_009,30
GAACTGACTGGTTTAGCCAG_010,15
GAACTGACTGGTTTAGCCAG_011,145
GAACTGACTGGTTTAGCCAG_012,41
GAACTGACTGGTTTAGCCAG_013,50
GCCCGCGTACATGTAGGAGT_001,8
GCCCGCGTACATGTAGGAGT_002,7
GCCCGCGTACATGTAGGAGT_003,56
GCCCGCGTACATGTAGGAGT_004,198
GCCCGCGTACATGTAGGAGT_005,5
GCCCGCGTACATGTAGGAGT_006,32
GCCCGCGTACATGTAGGAGT_007,111
GCCCGCGTACATGTAGGAGT_008,19
AGTCCTGGCTAACGATGATG_001,27
AGTCCTGGCTAACGATGATG_002,199
AGTCCTGGCTAACGATGATG_003,32
AGTCCTGGCTAACGATGATG_004,76
AGTCCTGGCTAACGATGATG_005,5
AGTCCTGGCTAACGATGATG_006,135
AGTCCTGGCTAACGATGATG_007,146
AGTCCTGGCTAACGATGATG_008,19
AGTCCTGGCTAACGATGATG_009,30
AGTCCTGGCTAACGATGATG_010,101
AGTCCTGGCTAACGATGATG_011,78
AGTCCTGGCTAACGATGATG_012,166
AGTCCTGGCTAACGATGATG_013,10
AGTCCTGGCTAACGATGATG_014,23
AGTCCTGGCTAACGATGATG_015,138
AGTCCTGGCTAACGATGATG_016,28
GAGAACATGCGGCCGCAGCG_001,128
GAGAACATGCGGCCGCAGCG_002,42
GAGAACATGCGGCCGCAGCG_003,53
GAGAACATGCGGCCGCAGCG_004,26
GAGAACATGCGGCCGCAGCG_005,145
GAGAACATGCGGCCGCAGCG_006,94
TCTAGAAAGAGACCTACTTG_001,127
TCTAGAAAGAGACCTACTTG_002,96
TCTAGAAAGAGACCTACTTG_003,173
TCTAGAAAGAGACCTACTTG_004,173
AGGCGATAGTGGGTAATACG_001,151
AGGCGATAGTGGGTAATACG_002,147
AGGCGATAGTGGGTAATACG_003,32
AGGCGATAGTGGGTAATACG_004,189
AGGCGATAGTGGGTAATACG_005,156
AGGCGATAGTGGGTAATACG_006,134
AGGCGATAGTGGGTAATACG_007,88
AGGCGATAGTGGGTAATACG_008,199
AGGCGATAGTGGGTAATACG_009,180
AGGCGATAGTGGGTAATACG_010,121
AGGCGATAGTGGGTAATACG_011,107
AGGCGATAGTGGGTAATACG_012,168
AGGCGATAGTGGGTAATACG_013,9
AGTGAGAAGCGAATTTGAAT_001,48
AGTGAGAAGCGAATTTGAAT_002,189
AGTGAGAAGCGAATTTGAAT_003,32
AGTGAGAAGCGAATTTGAAT_004,105
AGTGAGAAGCGAATTTGAAT_005,44
AGTGAGAAGCGAATTTGAAT_006,184
AGTGAGAAGCGAATTTGAAT_007,3
AGTGAGAAGCGAATTTGAAT_008,115
AGTGAGAAGCGAATTTGAAT_009,171
AGGGGACGATGACTGTACCC_001,122
AGGGGACGATGACTGTACCC_002,65
AGGGGACGATGACTGTACCC_003,76
TGAACTTACTGAGCAAGAGG_001,170
TGAACTTACTGAGCAAGAGG_002,142
TGAACTTACTGAGCAAGAGG_003,107
GGTCGAGCGGAACTGGAGCA_001,22
GGTCGAGCGGAACTGGAGCA_002,177
GGTCGAGCGGAACTGGAGCA_003,48
GGTCGAGCGGAACTGGAGCA_004,172
GGTCGAGCGGAACTGGAGCA_005,21
GGTCGAGCGGAACTGGAGCA_006,87
GGTCGAGCGGAACTGGAGCA_007,106
CCGCAGCCGAACTAGTGTGA_001,56
CCGCAGCCGAACTAGTGTGA_002,170
CCGCAGCCGAACTAGTGTGA_003,171
CCGCAGCCGAACTAGTGTGA_004,16
CCGCAGCCGAACTAGTGTGA_005,3
CCGCAGCCGAACTAGTGTGA_006,12
CCGCAGCCGAACTAGTGTGA_007,141
CCGCAGCCGAACTAGTGTGA_008,113
CCGCAGCCGAACTAGTGTGA_009,70
CCGCAGCCGAACTAGTGTGA_010,22
CCGCAGCCGAACTAGTGTGA_011,188
CCGCAGCCGAACTAGTGTGA_012,5
CCGCAGCCGAACTAGTGTGA_013,6
CCGCAGCCGAACTAGTGTGA_014,125
CCGCAGCCGAACTAGTGTGA_015,199
CCGCAGCCGAACTAGTGTGA_016,26
CCGCAGCCGAACTAGTGTGA_017,179
CCGCAGCCGAACTAGTGTGA_018,197
CCGCAGCCGAACTAGTGTGA_019,170
CCGCAGCCGAACTAGTGTGA_020,63
CCGCAGCCGAACTAGTGTGA_021,9
CCGCAGCCGAACTAGTGTGA_022,83
CCGCAGCCGAACTAGTGTGA_023,126
CCGCAGCCGAACTAGTGTGA_024,142
CCGCAGCCGAACTAGTGTGA_025,174
CCGCAGCCGAACTAGTGTGA_026,88
CCGCAGCCGAACTAGTGTGA_027,10
CCGCAGCCGAACTAGTGTGA_028,57
CCGCAGCCGAACTAGTGTGA_029,115
GAACAGCAGGTCGTTAATGG_001,106
GAACAGCAGGTCGTTAATGG_002,190
ATGTTATTACAGACGCGTGT_001,129
ATGTTATTACAGACGCGTGT_002,166
ATGTTATTACAGACGCGTGT_003,193
ATGTTATTACAGACGCGTGT_004,106
TCCAGGCCCTGGAAATTATG_001,8
TCCAGGCCCTGGAAATTATG_002,70
TCCAGGCCCTGGAAATTATG_003,35
TCCAGGCCCTGGAAATTATG_004,50
TCCAGGCCCTGGAAATTATG_005,50
TCCAGGCCCTGGAAATTATG_006,184
TCCAGGCCCTGGAAATTATG_007,133
TCCAGGCCCTGGAAATTATG_008,187
TCCAGGCCCTGGAAATTATG_009,177
TCCAGGCCCTGGAAATTATG_010,22
TCCAGGCCCTGGAAATTATG_011,192
TCCAGGCCCTGGAAATTATG_012,164
TCCAGGCCCTGGAAATTATG_013,164
TCCAGGCCCTGGAAATTATG_014,142
TCCAGGCCCTGGAAATTATG_015,6
TCCAGGCCCTGGAAATTATG_016,28
TCCAGGCCCTGGAAATTATG_017,126
TCCTCCAGGAAAATGTCCAG_001,188
TCCTCCAGGAAAATGTCCAG_002,4
TCCTCCAGGAAAATGTCCAG_003,151
TCCTCCAGGAAAATGTCCAG_004,143
TCCTCCAGGAAAATGTCCAG_005,44
TCCTCCAGGAAAATGTCCAG_006,97
TCCTCCAGGAAAATGTCCAG_007,133
TCCTCCAGGAAAATGTCCAG_008,48
TCCTCCAGGAAAATGTCCAG_009,8
TCCTCCAGGAAAATGTCCAG_010,127
TCCTCCAGGAAAATGTCCAG_011,176
TCCTCCAGGAAAATGTCCAG_012,2
ATATTCACGAGTACTACCTT_001,156
ATATTCACGAGTACTACCTT_002,134
ATATTCACGAGTACTACCTT_003,150
ATATTCACGAGTACTACCTT_004,72
ATATTCACGAGTACTACCTT_005,121
ATATTCACGAGTACTACCTT_006,188
ATATTCACGAGTACTACCTT_007,178
ATATTCACGAGTACTACCTT_008,165
ATATTCACGAGTACTACCTT_009,88
AGTCTCCTATTAACATCCAG_001,149
AGTCTCCTATTAACATCCAG_002,160
AGTCTCCTATTAACATCCAG_003,140
AGTCTCCTATTAACATCCAG_004,176
AGTCTCCTATTAACATCCAG_005,189
AGTCTCCTATTAACATCCAG_006,49
AGTCTCCTATTAACATCCAG_007,106
AGTCTCCTATTAACATCCAG_008,32
AGTCTCCTATTAACATCCAG_009,138
AGTCTCCTATTAACATCCAG_010,175
AGTCTCCTATTAACATCCAG_011,142
AGTCTCCTATTAACATCCAG_012,115
AGTCTCCTATTAACATCCAG_013,58
AGTCTCCTATTAACATCCAG_014,46
AGTCTCCTATTAACATCCAG_015,71
AGTCTCCTATTAACATCCAG_016,9
AGTCTCCTATTAACATCCAG_017,151
AGTCTCCTATTAACATCCAG_018,9
AGTCTCCTATTAACATCCAG_019,182
AGTCTCCTATTAACATCCAG_020,166
AGTCTCCTATTAACATCCAG_021,144
AGTCTCCTATTAACATCCAG_022,12
AGTCTCCTATTAACATCCAG_023,8
AGTCTCCTATTAACATCCAG_024,193
AGTCTCCTATTAACATCCAG_025,172
AGTCTCCTATTAACATCCAG_026,140
AGTCTCCTATTAACATCCAG_027,65
AGTCTCCTATTAACATCCAG_028,130
AGTCTCCTATTAACATCCAG_029,175
AGTCTCCTATTAACATCCAG_030,81
AGTCTCCTATTAACATCCAG_031,169
AGTCTCCTATTAACATCCAG_032,146
AGTCTCCTATTAACATCCAG_033,2
TTCCACTTGATGCTCCTGGG_001,61
TTCCACTTGATGCTCCTGGG_002,132
TTCCACTTGATGCTCCTGGG_003,81
TTCCACTTGATGCTCCTGGG_004,9
TTCCACTTGATGCTCCTGGG_005,73
CTGCCACGGCGGCCCCGTAA_001,112
CTGCCACGGCGGCCCCGTAA_002,116
CTGCCACGGCGGCCCCGTAA_003,100
CTGCCACGGCGGCCCCGTAA_004,103
CTGCCACGGCGGCCCCGTAA_005,2
GCGCAGATCTACGGGCACGA_001,116
GCGCAGATCTACGGGCACGA_002,51
GCGCAGATCTACGGGCACGA_003,188
GCGCAGATCTACGGGCACGA_004,188
GCGCAGATCTACGGGCACGA_005,156
GTGGGGCCAGTTGTACGCTG_001,144
GTGGGGCCAGTTGTACGCTG_002,102
GTGGGGCCAGTTGTACGCTG_003,176
GTGGGGCCAGTTGTACGCTG_004,147
GTGGGGCCAGTTGTACGCTG_005,90
TGCCGTCACGTACCTCGCAG_001,125
TGCCGTCACGTACCTCGCAG_002,150
TGCCGTCACGTACCTCGCAG_003,53
TGCCGTCACGTACCTCGCAG_004,143
TGCCGTCACGTACCTCGCAG_005,97
TGCCGTCACGTACCTCGCAG_006,7
TGCCGTCACGTACCTCGCAG_007,41
TGCCGTCACGTACCTCGCAG_008,150
TGCCGTCACGTACCTCGCAG_009,144
TGCCGTCACGTACCTCGCAG_010,52
TGCCGTCACGTACCTCGCAG_011,16
TGCCGTCACGTACCTCGCAG_012,140
TGCCGTCACGTACCTCGCAG_013,140
TGCCGTCACGTACCTCGCAG_014,69
TGCCGTCACGTACCTCGCAG_015,150
TGCCGTCACGTACCTCGCAG_016,165
TGCCGTCACGTACCTCGCAG_017,15
TGCCGTCACGTACCTCGCAG_018,98
TGCCGTCACGTACCTCGCAG_019,60
TGCCGTCACGTACCTCGCAG_020,88
TGCCGTCACGTACCTCGCAG_021,8
TGCCGTCACGTACCTCGCAG_022,194
TGCCGTCACGTACCTCGCAG_023,3
TGCCGTCACGTACCTCGCAG_024,185
TGCCGTCACGTACCTCGCAG_025,168
TGCCGTCACGTACCTCGCAG_026,92
TGCCGTCACGTACCTCGCAG_027,87
TGCCGTCACGTACCTCGCAG_028,2
TGCCGTCACGTACCTCGCAG_029,91
TGCCGTCACGTACCTCGCAG_030,23
TGCCGTCACGTACCTCGCAG_031,140
TGCCGTCACGTACCTCGCAG_032,84
TGCCGTCACGTACCTCGCAG_033,175
TGCCGTCACGTACCTCGCAG_034,29
TGCCGTCACGTACCTCGCAG_035,83
TGGAGTCGGATTCCAGCGAC_001,48
TGGAGTCGGATTCCAGCGAC_002,104
TGGAGTCGGATTCCAGCGAC_003,134
TGGAGTCGGATTCCAGCGAC_004,56
TGGAGTCGGATTCCAGCGAC_005,166
TGGAGTCGGATTCCAGCGAC_006,122
TGGAGTCGGATTCCAGCGAC_007,34
TGGAGTCGGATTCCAGCGAC_008,184
TGGAGTCGGATTCCAGCGAC_009,105
TGGAGTCGGATTCCAGCGAC_010,184
TGGAGTCGGATTCCAGCGAC_011,48
TGGAGTCGGATTCCAGCGAC_012,83
TGGAGTCGGATTCCAGCGAC_013,140
TGGAGTCGGATTCCAGCGAC_014,180
TGGAGTCGGATTCCAGCGAC_015,15
TGGAGTCGGATTCCAGCGAC_016,129
TGGAGTCGGATTCCAGCGAC_017,14
TGGAGTCGGATTCCAGCGAC_018,39
GCGTGACCAGTACGAGCAGA_001,105
GCGTGACCAGTACGAGCAGA_002,141
GCGTGACCAGTACGAGCAGA_003,157
GCGTGACCAGTACGAGCAGA_004,105
GCGTGACCAGTACGAGCAGA_005,58
GCGTGACCAGTACGAGCAGA_006,82
GCGTGACCAGTACGAGCAGA_007,96
GCGTGACCAGTACGAGCAGA_008,115
GCGTGACCAGTACGAGCAGA_009,96
GCGTGACCAGTACGAGCAGA_010,131
GCGTGACCAGTACGAGCAGA_011,36
GCGTGACCAGTACGAGCAGA_012,13
GCGTGACCAGTACGAGCAGA_013,88
GCGTGACCAGTACGAGCAGA_014,102
GCGTGACCAGTACGAGCAGA_015,184
GCTGCGCAGCGACTCCTACG_001,166
GCTGCGCAGCGACTCCTACG_002,142
GCTGCGCAGCGACTCCTACG_003,14
GCTGCGCAGCGACTCCTACG_004,123
GCTGCGCAGCGACTCCTACG_005,40
CGCTGCTGGCGCACACACAG_001,198
CGCTGCTGGCGCACACACAG_002,49
CGCTGCTGGCGCACACACAG_003,159
CGCTGCTGGCGCACACACAG_004,150
CGCTGCTGGCGCACACACAG_005,89
CGCTGCTGGCGCACACACAG_006,167
CGCTGCTGGCGCACACACAG_007,50
CGCTGCTGGCGCACACACAG_008,94
CGCTGCTGGCGCACACACAG_009,177
CGCTGCTGGCGCACACACAG_010,141
CGCTGCTGGCGCACACACAG_011,155
CGCTGCTGGCGCACACACAG_012,71
CGCTGCTGGCGCACACACAG_013,108
CGCTGCTGGCGCACACACAG_014,9
CGCTGCTGGCGCACACACAG_015,17
CGCTGCTGGCGCACACACAG_016,77
CGCTGCTGGCGCACACACAG_017,6
CGCTGCTGGCGCACACACAG_018,156
CGCTGCTGGCGCACACACAG_019,119
CGCTGCTGGCGCACACACAG_020,119
CGCTGCTGGCGCACACACAG_021,15
CGCTGCTGGCGCACACACAG_022,197
CGCTGCTGGCGCACACACAG_023,176
CGCTGCTGGCGCACACACAG_024,125
CGCTGCTGGCGCACACACAG_025,180
CGCTGCTGGCGCACACACAG_026,121
CGCTGCTGGCGCACACACAG_027,157
CGCTGCTGGCGCACACACAG_028,84
CGTTTGGGGCCACGCCATCG_001,8
CGTTTGGGGCCACGCCATCG_002,25
CGTTTGGGGCCACGCCATCG_003,27
CGTTTGGGGCCACGCCATCG_004,162
CGTTTGGGGCCACGCCATCG_005,15
CGTTTGGGGCCACGCCATCG_006,185
CGTTTGGGGCCACGCCATCG_007,190
CGTTTGGGGCCACGCCATCG_008,197
CGTTTGGGGCCACGCCATCG_009,49
CGTTTGGGGCCACGCCATCG_010,78
CGTTTGGGGCCACGCCATCG_011,67
CGTTTGGGGCCACGCCATCG_012,141
CGTTTGGGGCCACGCCATCG_013,153
AGGGCCGTGAGCTCTATGAG_001,197
AGGGCCGTGAGCTCTATGAG_002,129
AGGGCCGTGAGCTCTATGAG_003,84
AGGGCCGTGAGCTCTATGAG_004,151
AGGGCCGTGAGCTCTATGAG_005,145
AGGGCCGTGAGCTCTATGAG_006,33
AGGGCCGTGAGCTCTATGAG_007,2
AGGGCCGTGAGCTCTATGAG_008,170
AGGGCCGTGAGCTCTATGAG_009,1
AGGGCCGTGAGCTCTATGAG_010,76
AGGGCCGTGAGCTCTATGAG_011,78
AGGGCCGTGAGCTCTATGAG_012,49
AGGGCCGTGAGCTCTATGAG_013,23
AGGGCCGTGAGCTCTATGAG_014,85
AGGGCCGTGAGCTCTATGAG_015,94
AGGGCCGTGAGCTCTATGAG_016,145
AGGGCCGTGAGCTCTATGAG_017,76
AGGGCCGTGAGCTCTATGAG_018,131
AGGGCCGTGAGCTCTATGAG_019,188
AGGGCCGTGAGCTCTATGAG_020,79
AGGGCCGTGAGCTCTATGAG_021,162
AGGGCCGTGAGCTCTATGAG_022,136
AGGGCCGTGAGCTCTATGAG_023,118
AGGGCCGTGAGCTCTATGAG_024,177
AGGGCCGTGAGCTCTATGAG_025,152
AGGGCCGTGAGCTCTATGAG_026,169
AGGGCCGTGAGCTCTATGAG_027,118
AGGGCCGTGAGCTCTATGAG_028,49
AGGGCCGTGAGCTCTATGAG_029,69
AGGGCCGTGAGCTCTATGAG_030,52
ATGGATGCAGCCCTTAACAA_001,88
ATGGATGCAGCCCTTAACAA_002,48
ATGGATGCAGCCCTTAACAA_003,77
ATGGATGCAGCCCTTAACAA_004,57
ATGGATGCAGCCCTTAACAA_005,8
ATGGATGCAGCCCTTAACAA_006,59
ATGGATGCAGCCCTTAACAA_007,61
ATGGATGCAGCCCTTAACAA_008,98
ATGGATGCAGCCCTTAACAA_009,44
ACGGCCGTCATGCTTAGAGA_001,168
AAGGTACGTCCCACGTCCGG_001,17
AAGGTACGTCCCACGTCCGG_002,15
AAGGTACGTCCCACGTCCGG_003,78
AAGGTACGTCCCACGTCCGG_004,122
AAGGTACGTCCCACGTCCGG_005,45
AAGGTACGTCCCACGTCCGG_006,147
AAGGTACGTCCCACGTCCGG_007,175
AAGGTACGTCCCACGTCCGG_008,5
AAGGTACGTCCCACGTCCGG_009,168
AAGGTACGTCCCACGTCCGG_010,20
AAGGTACGTCCCACGTCCGG_011,17
CGGTGCCGGGCGAAAAAGGT_001,33
CGGTGCCGGGCGAAAAAGGT_002,84
CGGTGCCGGGCGAAAAAGGT_003,178
CGGTGCCGGGCGAAAAAGGT_004,120
CGGTGCCGGGCGAAAAAGGT_005,3
CGGTGCCGGGCGAAAAAGGT_006,182
CGGTGCCGGGCGAAAAAGGT_007,182
CGGTGCCGGGCGAAAAAGGT_008,2
CGGTGCCGGGCGAAAAAGGT_009,150
CGGTGCCGGGCGAAAAAGGT_010,150
CGGTGCCGGGCGAAAAAGGT_011,140
CGGTGCCGGGCGAAAAAGGT_012,19
CGGTGCCGGGCGAAAAAGGT_013,142
CGGTGCCGGGCGAAAAAGGT_014,108
CGGTGCCGGGCGAAAAAGGT_015,161
CGGTGCCGGGCGAAAAAGGT_016,5
CGGTGCCGGGCGAAAAAGGT_017,121
CGGTGCCGGGCGAAAAAGGT_018,65
CGGTGCCGGGCGAAAAAGGT_019,82
CTGAAGTCACAGCCTTCCGA_001,199
CTGAAGTCACAGCCTTCCGA_002,198
CTGAAGTCACAGCCTTCCGA_003,39
CTGAAGTCACAGCCTTCCGA_004,85
CTGAAGTCACAGCCTTCCGA_005,42
CTGAAGTCACAGCCTTCCGA_006,48
CTGAAGTCACAGCCTTCCGA_007,44
CTGAAGTCACAGCCTTCCGA_008,44
CTGAAGTCACAGCCTTCCGA_009,108
CTGAAGTCACAGCCTTCCGA_010,68
CTGAAGTCACAGCCTTCCGA_011,56
CTGAAGTCACAGCCTTCCGA_012,194
CTGAAGTCACAGCCTTCCGA_013,38
CTGAAGTCACAGCCTTCCGA_014,6
CTGAAGTCACAGCCTTCCGA_015,80
CTGAAGTCACAGCCTTCCGA_016,47
CTGAAGTCACAGCCTTCCGA_017,6
CTGAAGTCACAGCCTTCCGA_018,170
CTGAAGTCACAGCCTTCCGA_019,3
TATCAGTGCTCTCATCGAGT_001,130
TATCAGTGCTCTCATCGAGT_002,194
CCAACGTAGACATCAACGAA_001,154
CCAACGTAGACATCAACGAA_002,193
CCAACGTAGACATCAACGAA_003,80
CCAACGTAGACATCAACGAA_004,147
CCAACGTAGACATCAACGAA_005,36
CCAACGTAGACATCAACGAA_006,35
CCAACGTAGACATCAACGAA_007,159
CCAACGTAGACATCAACGAA_008,82
CCAACGTAGACATCAACGAA_009,31
CCAACGTAGACATCAACGAA_010,43
TGAGACTGAGCACGAGAACA_001,47
TGAGACTGAGCACGAGAACA_002,61
TGAGACTGAGCACGAGAACA_003,148
TGAGACTGAGCACGAGAACA_004,0
TGAGACTGAGCACGAGAACA_005,147
AATTTAAGCTTCGTAACTGG_001,106
AATTTAAGCTTCGTAACTGG_002,8
GAGCCTCACTTCGGCAAACG_001,122
GAGCCTCACTTCGGCAAACG_002,101
GAGCCTCACTTCGGCAAACG_003,98
GAGCCTCACTTCGGCAAACG_004,198
TCTGTGAAAATGCCCAGCCG_001,147
TCTGTGAAAATGCCCAGCCG_002,170
TCTGTGAAAATGCCCAGCCG_003,121
TCTGTGAAAATGCCCAGCCG_004,188
TCTGTGAAAATGCCCAGCCG_005,60
TCTGTGAAAATGCCCAGCCG_006,130
TCTGTGAAAATGCCCAGCCG_007,15
TCTGTGAAAATGCCCAGCCG_008,47
TCTGTGAAAATGCCCAGCCG_009,138
TCTGTGAAAATGCCCAGCCG_010,114
TCTGTGAAAATGCCCAGCCG_011,20
TCTGTGAAAATGCCCAGCCG_012,84
TCTGTGAAAATGCCCAGCCG_013,97
GGTGCAGCGGGAGATTCACC_001,63
GGTGCAGCGGGAGATTCACC_002,197
GGTGCAGCGGGAGATTCACC_003,121
GGTGCAGCGGGAGATTCACC_004,84
GGTGCAGCGGGAGATTCACC_005,11
GGTGCAGCGGGAGATTCACC_006,193
GGCAACACGGTGGTGCAGTG_001,117
GGCAACACGGTGGTGCAGTG_002,35
GGCAACACGGTGGTGCAGTG_003,171
GGCAACACGGTGGTGCAGTG_004,166
GGCAACACGGTGGTGCAGTG_005,198
GGCAACACGGTGGTGCAGTG_006,118
GGCAACACGGTGGTGCAGTG_007,2
GGCAACACGGTGGTGCAGTG_008,160
GGCAACACGGTGGTGCAGTG_009,119
GGCAACACGGTGGTGCAGTG_010,136
GGCAACACGGTGGTGCAGTG_011,115
GGCAACACGGTGGTGCAGTG_012,186
GGCAACACGGTGGTGCAGTG_013,177
GGCAACACGGTGGTGCAGTG_014,146
GGCAACACGGTGGTGCAGTG_015,139
GGCAACACGGTGGTGCAGTG_016,26
GGCAACACGGTGGTGCAGTG_017,198
GGCAACACGGTGGTGCAGTG_018,146
GGCAACACGGTGGTGCAGTG_019,65
GGCAACACGGTGGTGCAGTG_020,98
GGCAACACGGTGGTGCAGTG_021,49
GGCAACACGGTGGTGCAGTG_022,0
GGCAACACGGTGGTGCAGTG_023,91
GGCAACACGGTGGTGCAGTG_024,91
GGCAACACGGTGGTGCAGTG_025,95
GGCAACACGGTGGTGCAGTG_026,116
GGCAACACGGTGGTGCAGTG_027,173
GGCAACACGGTGGTGCAGTG_028,195
GGCAACACGGTGGTGCAGTG_029,165
GGCAACACGGTGGTGCAGTG_030,164
GGCAACACGGTGGTGCAGTG_031,185
GGCAACACGGTGGTGCAGTG_032,48
GGCAACACGGTGGTGCAGTG_033,188
GGCAACACGGTGGTGCAGTG_034,102
GGCAACACGGTGGTGCAGTG_035,192
GGCAACACGGTGGTGCAGTG_036,88
GGCAACACGGTGGTGCAGTG_037,193
GGCAACACGGTGGTGCAGTG_038,140
GGCAACACGGTGGTGCAGTG_039,177
GGCAACACGGTGGTGCAGTG_040,102
GGCAACACGGTGGTGCAGTG_041,63
GGCAACACGGTGGTGCAGTG_042,163
GGCAACACGGTGGTGCAGTG_043,155
GGCAACACGGTGGTGCAGTG_044,138
GGCAACACGGTGGTGCAGTG_045,15
GGCAACACGGTGGTGCAGTG_046,14
GGCAACACGGTGGTGCAGTG_047,94
GGCAACACGGTGGTGCAGTG_048,63
GGCAACACGGTGGTGCAGTG_049,162
GGCAACACGGTGGTGCAGTG_050,31
GGCAACACGGTGGTGCAGTG_051,148
GGCAACACGGTGGTGCAGTG_052,14
GGCAACACGGTGGTGCAGTG_053,22
TTCACACAACACATTAAACA_001,9
GTGTATAATGTGTACATACA_001,151
GTGTATAATGTGTACATACA_002,182
GATTCAAAGAAGGACCGGCG_001,79
GATTCAAAGAAGGACCGGCG_002,83
GATTCAAAGAAGGACCGGCG_003,127
GATTCAAAGAAGGACCGGCG_004,60
GATTCAAAGAAGGACCGGCG_005,137
GATTCAAAGAAGGACCGGCG_006,29
GATTCAAAGAAGGACCGGCG_007,70
GATTCAAAGAAGGACCGGCG_008,2
GATTCAAAGAAGGACCGGCG_009,146
GATTCAAAGAAGGACCGGCG_010,15
GATTCAAAGAAGGACCGGCG_011,144
AAAGCCCAAACAGCCAAGCA_001,72
AAAGCCCAAACAGCCAAGCA_002,184
AAAGCCCAAACAGCCAAGCA_003,115
AAAGCCCAAACAGCCAAGCA_004,17
AAAGCCCAAACAGCCAAGCA_005,105
AAAGCCCAAACAGCCAAGCA_006,29
AAAGCCCAAACAGCCAAGCA_007,43
AAAGCCCAAACAGCCAAGCA_008,126
AAAGCCCAAACAGCCAAGCA_009,36
AAAGCCCAAACAGCCAAGCA_010,47
AAAGCCCAAACAGCCAAGCA_011,159
AAAGCCCAAACAGCCAAGCA_012,32
AAAGCCCAAACAGCCAAGCA_013,126
AAAGCCCAAACAGCCAAGCA_014,170
AAAGCCCAAACAGCCAAGCA_015,12
AAAGCCCAAACAGCCAAGCA_016,44
AAAGCCCAAACAGCCAAGCA_017,76
AAAGCCCAAACAGCCAAGCA_018,141
AAAGCCCAAACAGCCAAGCA_019,145
AAAGCCCAAACAGCCAAGCA_020,72
AAAGCCCAAACAGCCAAGCA_021,122
AAAGCCCAAACAGCCAAGCA_022,80
AAAGCCCAAACAGCCAAGCA_023,138
AAAGCCCAAACAGCCAAGCA_024,192
AAAGCCCAAACAGCCAAGCA_025,67
AAAGCCCAAACAGCCAAGCA_026,188
TGGCAGCTGTCACTTTGCGG_001,167
TGGCAGCTGTCACTTTGCGG_002,167
CACGACATTCAATTGCCATG_001,140
GATGGCATTGGATCGATATG_001,88
GATGGCATTGGATCGATATG_002,145
GATGGCATTGGATCGATATG_003,69
GATGGCATTGGATCGATATG_004,165
GATGGCATTGGATCGATATG_005,170
GATGGCATTGGATCGATATG_006,70
GATGGCATTGGATCGATATG_007,50
GATGGCATTGGATCGATATG_008,23
GATGGCATTGGATCGATATG_009,29
TGATGCTGGTCCCAACGGTG_001,85
TGATGCTGGTCCCAACGGTG_002,9
TGATGCTGGTCCCAACGGTG_003,85
TGATGCTGGTCCCAACGGTG_004,177
TGATGCTGGTCCCAACGGTG_005,104
TGATGCTGGTCCCAACGGTG_006,197
TGATGCTGGTCCCAACGGTG_007,109
TGATGCTGGTCCCAACGGTG_008,119
TGATGCTGGTCCCAACGGTG_009,96
TGATGCTGGTCCCAACGGTG_010,52
TGATGCTGGTCCCAACGGTG_011,40
TGATGCTGGTCCCAACGGTG_012,168
ATATTTGTGATAGAACGGGA_001,137
ATATTTGTGATAGAACGGGA_002,49
ATATTTGTGATAGAACGGGA_003,88
ATATTTGTGATAGAACGGGA_004,15
ATATTTGTGATAGAACGGGA_005,157
ATATTTGTGATAGAACGGGA_006,118
ATATTTGTGATAGAACGGGA_007,166
TACAGTAACTATTTCAACTG_001,15
GGGAATGGGACGACCAACCA_001,118
GGGAATGGGACGACCAACCA_002,77
GGGAATGGGACGACCAACCA_003,3
GGGAATGGGACGACCAACCA_004,82
GGGAATGGGACGACCAACCA_005,148
GGGAATGGGACGACCAACCA_006,100
GGGAATGGGACGACCAACCA_007,105
GGGAATGGGACGACCAACCA_008,16
GGGAATGGGACGACCAACCA_009,141
GGGAATGGGACGACCAACCA_010,57
GGGAATGGGACGACCAACCA_011,75
GGGAATGGGACGACCAACCA_012,116
GGGAATGGGACGACCAACCA_013,70
GGGAATGGGACGACCAACCA_014,155
GGGAATGGGACGACCAACCA_015,113
GGGAATGGGACGACCAACCA_016,93
GGGAATGGGACGACCAACCA_017,161
GGGAATGGGACGACCAACCA_018,149
GGGAATGGGACGACCAACCA_019,149
GGGAATGGGACGACCAACCA_020,134
GGGAATGGGACGACCAACCA_021,193
GGGAATGGGACGACCAACCA_022,60
GGGAATGGGACGACCAACCA_023,190
GGGAATGGGACGACCAACCA_024,77
GGGAATGGGACGACCAACCA_025,106
GGGAATGGGACGACCAACCA_026,127
GGGAATGGGACGACCAACCA_027,199
GGGAATGGGACGACCAACCA_028,191
GGGAATGGGACGACCAACCA_029,126
CAATGTCTGACACATAGCCT_001,139
CAATGTCTGACACATAGCCT_002,131
CAATGTCTGACACATAGCCT_003,15
CAATGTCTGACACATAGCCT_004,102
CAATGTCTGACACATAGCCT_005,13
CAATGTCTGACACATAGCCT_006,124
CAATGTCTGACACATAGCCT_007,35
ACTCAGGAAACGTGCTCAGG_001,144
ACTCAGGAAACGTGCTCAGG_002,184
ACTCAGGAAACGTGCTCAGG_003,81
ACTCAGGAAACGTGCTCAGG_004,168
ACTCAGGAAACGTGCTCAGG_005,187
ACTCAGGAAACGTGCTCAGG_006,58
ACTCAGGAAACGTGCTCAGG_007,146
ACTCAGGAAACGTGCTCAGG_008,58
ACTCAGGAAACGTGCTCAGG_009,19
ACTCAGGAAACGTGCTCAGG_010,168
ATTGCATAAAGTCACGAAGG_001,14
CGTGCACATGAATCCCCCCC_001,147
AAAAAAAGGATGGTGATCAA_001,99
AAAAAAAGGATGGTGATCAA_002,38
AAAAAAAGGATGGTGATCAA_003,9
AAAAAAAGGATGGTGATCAA_004,4
AAAAAAAGGATGGTGATCAA_005,48
AAAAAAAGGATGGTGATCAA_006,17
AAAAAAAGGATGGTGATCAA_007,85
AAAAAAAGGATGGTGATCAA_008,161
TTCCCAGTTAAATGAGCCCG_001,122
TTCCCAGTTAAATGAGCCCG_002,19
TTCCCAGTTAAATGAGCCCG_003,19
TTCCCAGTTAAATGAGCCCG_004,137
TTCCCAGTTAAATGAGCCCG_005,29
TTCCCAGTTAAATGAGCCCG_006,40
TTCCCAGTTAAATGAGCCCG_007,23
TTCCCAGTTAAATGAGCCCG_008,67
TTCCCAGTTAAATGAGCCCG_009,17
TTCCCAGTTAAATGAGCCCG_010,50
TTCCCAGTTAAATGAGCCCG_011,121
TTCCCAGTTAAATGAGCCCG_012,16
TTCCCAGTTAAATGAGCCCG_013,68
TTCCCAGTTAAATGAGCCCG_014,82
TTCCCAGTTAAATGAGCCCG_015,138
TTCCCAGTTAAATGAGCCCG_016,105
TTCCCAGTTAAATGAGCCCG_017,191
TTCCCAGTTAAATGAGCCCG_018,124
CTGGTGGAATAAGAAGCCGT_001,82
CTGGTGGAATAAGAAGCCGT_002,89
CTGGTGGAATAAGAAGCCGT_003,36
CTTCCATACCCAGTATGGTG_001,146
CTTCCATACCCAGTATGGTG_002,49
CTTCCATACCCAGTATGGTG_003,186
CTTCCATACCCAGTATGGTG_004,171
CTTCCATACCCAGTATGGTG_005,138
AAAATATCTCCATGGTGGAA_001,147
GAACAGGTTTATGACGCCAT_001,121
GAACAGGTTTATGACGCCAT_002,118
GAACAGGTTTATGACGCCAT_003,94
GAACAGGTTTATGACGCCAT_004,29
GAACAGGTTTATGACGCCAT_005,115
GAACAGGTTTATGACGCCAT_006,50
GAACAGGTTTATGACGCCAT_007,193
GAACAGGTTTATGACGCCAT_008,47
GAACAGGTTTATGACGCCAT_009,97
GAACAGGTTTATGACGCCAT_010,50
CCCGTGGCGTGCGCACCTGT_001,29
CCCGTGGCGTGCGCACCTGT_002,5
CCCGTGGCGTGCGCACCTGT_003,69
CCCGTGGCGTGCGCACCTGT_004,61
CCCGTGGCGTGCGCACCTGT_005,122
CCCGTGGCGTGCGCACCTGT_006,107
CCCGTGGCGTGCGCACCTGT_007,43
CCCGTGGCGTGCGCACCTGT_008,193
CCCGTGGCGTGCGCACCTGT_009,101
CCCGTGGCGTGCGCACCTGT_010,50
CCCGTGGCGTGCGCACCTGT_011,182
CCCGTGGCGTGCGCACCTGT_012,6
CCCGTGGCGTGCGCACCTGT_013,29
CCCGTGGCGTGCGCACCTGT_014,176
CCCGTGGCGTGCGCACCTGT_015,7
CCCGTGGCGTGCGCACCTGT_016,102
CCCGTGGCGTGCGCACCTGT_017,169
CCCGTGGCGTGCGCACCTGT_018,2
GCCTTCGATCAAGTGCACTG_001,172
GCCTTCGATCAAGTGCACTG_002,162
GCCTTCGATCAAGTGCACTG_003,160
GCCTTCGATCAAGTGCACTG_004,115
GCCTTCGATCAAGTGCACTG_005,73
GCCTTCGATCAAGTGCACTG_006,86
GCCTTCGATCAAGTGCACTG_007,155
GCCTTCGATCAAGTGCACTG_008,37
GCCTTCGATCAAGTGCACTG_009,147
GCCTTCGATCAAGTGCACTG_010,139
GCCTTCGATCAAGTGCACTG_011,50
GCCTTCGATCAAGTGCACTG_012,171
GCCTTCGATCAAGTGCACTG_013,199
GCCTTCGATCAAGTGCACTG_014,116
GCCTTCGATCAAGTGCACTG_015,88
GCCTTCGATCAAGTGCACTG_016,13
GCCTTCGATCAAGTGCACTG_017,172
GCCTTCGATCAAGTGCACTG_018,22
GCCTTCGATCAAGTGCACTG_019,95
GCCTTCGATCAAGTGCACTG_020,97
GCCTTCGATCAAGTGCACTG_021,125
GCCTTCGATCAAGTGCACTG_022,175
GCCTTCGATCAAGTGCACTG_023,175
GCCTTCGATCAAGTGCACTG_024,137
GCCTTCGATCAAGTGCACTG_025,69
GCCTTCGATCAAGTGCACTG_026,133
GCCTTCGATCAAGTGCACTG_027,45
GCCTTCGATCAAGTGCACTG_028,172
GCCTTCGATCAAGTGCACTG_029,34
GCCTTCGATCAAGTGCACTG_030,138
CCGAGTGAACTCCATCCACG_001,23
CCGAGTGAACTCCATCCACG_002,115
CCGAGTGAACTCCATCCACG_003,98
CCGAGTGAACTCCATCCACG_004,118
CCGAGTGAACTCCATCCACG_005,71
CCGAGTGAACTCCATCCACG_006,6
CCGAGTGAACTCCATCCACG_007,161
CCGAGTGAACTCCATCCACG_008,78
CTCTTAAGCACACCTCAGCG_001,81
CTCTTAAGCACACCTCAGCG_002,34
CTCTTAAGCACACCTCAGCG_003,182
CTCTTAAGCACACCTCAGCG_004,114
CTCTTAAGCACACCTCAGCG_005,84
CTCTTAAGCACACCTCAGCG_006,20
CTCTTAAGCACACCTCAGCG_007,158
CTCTTAAGCACACCTCAGCG_008,2
CTCTTAAGCACACCTCAGCG_009,169
CTCTTAAGCACACCTCAGCG_010,124
CTCTTAAGCACACCTCAGCG_011,62
GTGAAATTTACTATACCAGG_001,16
GTGAAATTTACTATACCAGG_002,110
GTGAAATTTACTATACCAGG_003,29
GTGAAATTTACTATACCAGG_004,55
ACACTTGCCCTCTCTACCAA_001,125
ACACTTGCCCTCTCTACCAA_002,174
ACACTTGCCCTCTCTACCAA_003,58
ACACTTGCCCTCTCTACCAA_004,138
ACACTTGCCCTCTCTACCAA_005,50
ACACTTGCCCTCTCTACCAA_006,123
ACACTTGCCCTCTCTACCAA_007,188
ACACTTGCCCTCTCTACCAA_008,169
ACACTTGCCCTCTCTACCAA_009,50
ACACTTGCCCTCTCTACCAA_010,127
ACACTTGCCCTCTCTACCAA_011,62
ACACTTGCCCTCTCTACCAA_012,50
GGAGCTTATTCAGCATCAGA_001,50
GGAGCTTATTCAGCATCAGA_002,58
GGAGCTTATTCAGCATCAGA_003,154
GGAGCTTATTCAGCATCAGA_004,134
GGAGCTTATTCAGCATCAGA_005,88
GGAGCTTATTCAGCATCAGA_006,76
GGAGCTTATTCAGCATCAGA_007,58
GGAGCTTATTCAGCATCAGA_008,19
TTCACCGTCCACGTGCGCAT_001,85
TTCACCGTCCACGTGCGCAT_002,4
TTCACCGTCCACGTGCGCAT_003,11
TTCACCGTCCACGTGCGCAT_004,102
TTCACCGTCCACGTGCGCAT_005,53
TTCACCGTCCACGTGCGCAT_006,181
TTCACCGTCCACGTGCGCAT_007,139
TTCACCGTCCACGTGCGCAT_008,188
TTCACCGTCCACGTGCGCAT_009,78
TTCACCGTCCACGTGCGCAT_010,1
TTCACCGTCCACGTGCGCAT_011,161
TTCACCGTCCACGTGCGCAT_012,160
TTCACCGTCCACGTGCGCAT_013,72
TTCACCGTCCACGTGCGCAT_014,82
TTCACCGTCCACGTGCGCAT_015,4
TTCACCGTCCACGTGCGCAT_016,98
TTCACCGTCCACGTGCGCAT_017,111
TTCACCGTCCACGTGCGCAT_018,199
TTCACCGTCCACGTGCGCAT_019,146
TTCACCGTCCACGTGCGCAT_020,19
TTCACCGTCCACGTGCGCAT_021,71
TTCACCGTCCACGTGCGCAT_022,162
TTCACCGTCCACGTGCGCAT_023,150
TTCACCGTCCACGTGCGCAT_024,105
TTCACCGTCCACGTGCGCAT_025,29
TTCACCGTCCACGTGCGCAT_026,114
TTCACCGTCCACGTGCGCAT_027,60
TTCACCGTCCACGTGCGCAT_028,19
TTCACCGTCCACGTGCGCAT_029,194
TTCACCGTCCACGTGCGCAT_030,29
TTCACCGTCCACGTGCGCAT_031,171
TTCACCGTCCACGTGCGCAT_032,37
TTCACCGTCCACGTGCGCAT_033,184
TTCACCGTCCACGTGCGCAT_034,188
TTCACCGTCCACGTGCGCAT_035,89
TTCACCGTCCACGTGCGCAT_036,178
TTCACCGTCCACGTGCGCAT_037,34
TTCACCGTCCACGTGCGCAT_038,138
TTCACCGTCCACGTGCGCAT_039,184
TTCACCGTCCACGTGCGCAT_040,153
TTTGCTGTCATTGTTCCCTG_001,160
TTTGCTGTCATTGTTCCCTG_002,40
TTTGCTGTCATTGTTCCCTG_003,30
TTTGCTGTCATTGTTCCCTG_004,139
TTTGCTGTCATTGTTCCCTG_005,41
TTTGCTGTCATTGTTCCCTG_006,188
TTTGCTGTCATTGTTCCCTG_007,130
TTTGCTGTCATTGTTCCCTG_008,105
TTTGCTGTCATTGTTCCCTG_009,92
TTTGCTGTCATTGTTCCCTG_010,141
TTTGCTGTCATTGTTCCCTG_011,105
TCCCACATCTGGCAGTAACT_001,1
TCCCACATCTGGCAGTAACT_002,94
TCCCACATCTGGCAGTAACT_003,32
TCCCACATCTGGCAGTAACT_004,138
TCCCACATCTGGCAGTAACT_005,111
ATGGACTGGAGGGACATACT_001,30
ATGGACTGGAGGGACATACT_002,91
ATGGACTGGAGGGACATACT_003,16
ATGGACTGGAGGGACATACT_004,106
ATGGACTGGAGGGACATACT_005,48
ATGGACTGGAGGGACATACT_006,135
ATGGACTGGAGGGACATACT_007,69
ATGGACTGGAGGGACATACT_008,143
ATGGACTGGAGGGACATACT_009,106
ATGGACTGGAGGGACATACT_010,153
ATGGACTGGAGGGACATACT_011,125
ATGGACTGGAGGGACATACT_012,113
ATGGACTGGAGGGACATACT_013,40
GAATCAACAATACCTGGTCA_001,94
GAATCAACAATACCTGGTCA_002,179
GAATCAACAATACCTGGTCA_003,68
TACTGACCGTGCGACCACAG_001,110
TACTGACCGTGCGACCACAG_002,107
TACTGACCGTGCGACCACAG_003,108
TACTGACCGTGCGACCACAG_004,31
TACTGACCGTGCGACCACAG_005,31
TACTGACCGTGCGACCACAG_006,18
TACTGACCGTGCGACCACAG_007,68
TACTGACCGTGCGACCACAG_008,182
TACTGACCGTGCGACCACAG_009,19
TACTGACCGTGCGACCACAG_010,19
TACTGACCGTGCGACCACAG_011,170
TACTGACCGTGCGACCACAG_012,188
GGTGCCGTTTGCGATATCTG_001,147
GGTGCCGTTTGCGATATCTG_002,130
GGTGCCGTTTGCGATATCTG_003,150
GGTGCCGTTTGCGATATCTG_004,120
GGTGCCGTTTGCGATATCTG_005,154
GGTGCCGTTTGCGATATCTG_006,92
GGTGCCGTTTGCGATATCTG_007,107
GGTGCCGTTTGCGATATCTG_008,184
GGTGCCGTTTGCGATATCTG_009,149
GGTGCCGTTTGCGATATCTG_010,141
TTGATAGGGACAAGTTTCCG_001,15
TTGATAGGGACAAGTTTCCG_002,195
TTGATAGGGACAAGTTTCCG_003,82
TTGATAGGGACAAGTTTCCG_004,141
TTGATAGGGACAAGTTTCCG_005,1
TTGATAGGGACAAGTTTCCG_006,185
TTGATAGGGACAAGTTTCCG_007,144
TTGATAGGGACAAGTTTCCG_008,184
TTGATAGGGACAAGTTTCCG_009,125
TTGATAGGGACAAGTTTCCG_010,150
TTGATAGGGACAAGTTTCCG_011,195
TTGATAGGGACAAGTTTCCG_012,147
TTGATAGGGACAAGTTTCCG_013,10
TTGATAGGGACAAGTTTCCG_014,174
TTGATAGGGACAAGTTTCCG_015,148
TTGATAGGGACAAGTTTCCG_016,177
ACTACAGAAAGCCAAACAAA_001,149
ACTACAGAAAGCCAAACAAA_002,76
ACTACAGAAAGCCAAACAAA_003,88
ACTACAGAAAGCCAAACAAA_004,78
ACTACAGAAAGCCAAACAAA_005,193
TGGCTACCACATGCTCCTGT_001,76
TGGCTACCACATGCTCCTGT_002,4
GCCCTACTCACACTTAATCA_001,48
TACGAGAGATCCAAGCACTG_001,151
TACGAGAGATCCAAGCACTG_002,58
TACGAGAGATCCAAGCACTG_003,127
TACGAGAGATCCAAGCACTG_004,76
TACGAGAGATCCAAGCACTG_005,179
TACGAGAGATCCAAGCACTG_006,148
TACGAGAGATCCAAGCACTG_007,104
TACGAGAGATCCAAGCACTG_008,121
TACGAGAGATCCAAGCACTG_009,62
TACGAGAGATCCAAGCACTG_010,16
TACGAGAGATCCAAGCACTG_011,146
TACGAGAGATCCAAGCACTG_012,169
TACGAGAGATCCAAGCACTG_013,118
TACGAGAGATCCAAGCACTG_014,33
TACGAGAGATCCAAGCACTG_015,142
TACGAGAGATCCAAGCACTG_016,103
TACGAGAGATCCAAGCACTG_017,112
TACGAGAGATCCAAGCACTG_018,78
TACGAGAGATCCAAGCACTG_019,12
TACGAGAGATCCAAGCACTG_020,19
TACGAGAGATCCAAGCACTG_021,124
CGCTGTCCATGGTTCTACCA_001,78
CGCTGTCCATGGTTCTACCA_002,21
CGCTGTCCATGGTTCTACCA_003,113
CGCTGTCCATGGTTCTACCA_004,93
CGCTGTCCATGGTTCTACCA_005,169
CGCTGTCCATGGTTCTACCA_006,141
CGCTGTCCATGGTTCTACCA_007,19
CGCTGTCCATGGTTCTACCA_008,191
CGCTGTCCATGGTTCTACCA_009,5
CGCTGTCCATGGTTCTACCA_010,161
CGCTGTCCATGGTTCTACCA_011,119
TGGTGAAATAAAAGTTAACG_001,147
TGGTGAAATAAAAGTTAACG_002,23
TGGTGAAATAAAAGTTAACG_003,119
TGGTGAAATAAAAGTTAACG_004,166
TGGTGAAATAAAAGTTAACG_005,121
TTCGATCTCACAAGTCAGGT_001,157
TTCGATCTCACAAGTCAGGT_002,40
TTCGATCTCACAAGTCAGGT_003,166
TTCGATCTCACAAGTCAGGT_004,138
TTCGATCTCACAAGTCAGGT_005,57
TTCGATCTCACAAGTCAGGT_006,139
TTCGATCTCACAAGTCAGGT_007,40
TTCGATCTCACAAGTCAGGT_008,19
TTCGATCTCACAAGTCAGGT_009,48
TTCGATCTCACAAGTCAGGT_010,12
TTCGATCTCACAAGTCAGGT_011,100
TTCGATCTCACAAGTCAGGT_012,47
TGCTCAAGTTCACAACTCGA_001,182
TGCTCAAGTTCACAACTCGA_002,94
TGCTCAAGTTCACAACTCGA_003,60
TGCTCAAGTTCACAACTCGA_004,125
TGCTCAAGTTCACAACTCGA_005,1
TGCTCAAGTTCACAACTCGA_006,139
TGCTCAAGTTCACAACTCGA_007,147
TGCTCAAGTTCACAACTCGA_008,16
CAGTTTGTCAGCAATCTCCC_001,77
CCCAACAACACGCAACCAGG_001,97
CCCAACAACACGCAACCAGG_002,196
CCCAACAACACGCAACCAGG_003,93
CCCAACAACACGCAACCAGG_004,105
CCCAACAACACGCAACCAGG_005,75
CCCAACAACACGCAACCAGG_006,196
CCCAACAACACGCAACCAGG_007,6
CCCAACAACACGCAACCAGG_008,47
CCCAACAACACGCAACCAGG_009,126
CCCAACAACACGCAACCAGG_010,34
CCCAACAACACGCAACCAGG_011,166
CCCAACAACACGCAACCAGG_012,81
CCCAACAACACGCAACCAGG_013,124
CCCAACAACACGCAACCAGG_014,28
CCCAACAACACGCAACCAGG_015,42
CCCAACAACACGCAACCAGG_016,35
CCCAACAACACGCAACCAGG_017,168
CCCAACAACACGCAACCAGG_018,28
CCCAACAACACGCAACCAGG_019,178
GCCCCAGGGCTTAATTCGGG_001,149
GCCCCAGGGCTTAATTCGGG_002,17
GCCCCAGGGCTTAATTCGGG_003,172
GCCCCAGGGCTTAATTCGGG_004,90
GCCCCAGGGCTTAATTCGGG_005,100
GCCCCAGGGCTTAATTCGGG_006,154
GCCCCAGGGCTTAATTCGGG_007,29
GCCCCAGGGCTTAATTCGGG_008,197
CATGGGCGATAGGACTAGCA_001,50
CATGGGCGATAGGACTAGCA_002,125
CATGGGCGATAGGACTAGCA_003,105
CATGGGCGATAGGACTAGCA_004,162
CATGGGCGATAGGACTAGCA_005,129
CATGGGCGATAGGACTAGCA_006,80
CATGGGCGATAGGACTAGCA_007,116
CATGGGCGATAGGACTAGCA_008,58
CATGGGCGATAGGACTAGCA_009,194
CATGGGCGATAGGACTAGCA_010,152
CATGGGCGATAGGACTAGCA_011,152
CATGGGCGATAGGACTAGCA_012,90
CATGGGCGATAGGACTAGCA_013,102
CATGGGCGATAGGACTAGCA_014,63
TGGACCCAAAAGTCGCCGCC_001,32
TGGACCCAAAAGTCGCCGCC_002,18
TGGACCCAAAAGTCGCCGCC_003,82
TGGACCCAAAAGTCGCCGCC_004,33
TGGACCCAAAAGTCGCCGCC_005,3
TGGACCCAAAAGTCGCCGCC_006,115
TGGACCCAAAAGTCGCCGCC_007,121
TGGACCCAAAAGTCGCCGCC_008,33
TGGACCCAAAAGTCGCCGCC_009,149
TGGACCCAAAAGTCGCCGCC_010,19
GCGGTGACATTGAGCACGTA_001,150
GCGGTGACATTGAGCACGTA_002,92
GCGGTGACATTGAGCACGTA_003,184
GCGGTGACATTGAGCACGTA_004,83
GCGGTGACATTGAGCACGTA_005,17
GCGGTGACATTGAGCACGTA_006,60
GCGGTGACATTGAGCACGTA_007,187
GCGGTGACATTGAGCACGTA_008,55
GCGGTGACATTGAGCACGTA_009,197
TGATCCAATCAGCCGGCGCG_001,61
TGATCCAATCAGCCGGCGCG_002,18
TGATCCAATCAGCCGGCGCG_003,198
TGATCCAATCAGCCGGCGCG_004,72
TGATCCAATCAGCCGGCGCG_005,2
TGATCCAATCAGCCGGCGCG_006,119
TGATCCAATCAGCCGGCGCG_007,134
TGATCCAATCAGCCGGCGCG_008,49
TGATCCAATCAGCCGGCGCG_009,157
TGATCCAATCAGCCGGCGCG_010,148
TGATCCAATCAGCCGGCGCG_011,119
TGATCCAATCAGCCGGCGCG_012,177
TGATCCAATCAGCCGGCGCG_013,168
TGATCCAATCAGCCGGCGCG_014,94
AGAGGGAAACTTGCATCTCG_001,173
AGAGGGAAACTTGCATCTCG_002,122
ATGAAGCCCAGACTATTGTT_001,38
ATGAAGCCCAGACTATTGTT_002,115
ATGAAGCCCAGACTATTGTT_003,187
ATGAAGCCCAGACTATTGTT_004,58
ATGAAGCCCAGACTATTGTT_005,117
ATGAAGCCCAGACTATTGTT_006,171
ATGAAGCCCAGACTATTGTT_007,27
ATGAAGCCCAGACTATTGTT_008,77
ATGAAGCCCAGACTATTGTT_009,83
ATGAAGCCCAGACTATTGTT_010,186
ATGAAGCCCAGACTATTGTT_011,174
ATGAAGCCCAGACTATTGTT_012,125
ATGAAGCCCAGACTATTGTT_013,158
ATGAAGCCCAGACTATTGTT_014,131
ATGAAGCCCAGACTATTGTT_015,166
ATGAAGCCCAGACTATTGTT_016,160
ATGAAGCCCAGACTATTGTT_017,1
GCTAGAATGCCTGGTAGCCT_001,12
GCTAGAATGCCTGGTAGCCT_002,195
GCTAGAATGCCTGGTAGCCT_003,71
GCTAGAATGCCTGGTAGCCT_004,162
GCTAGAATGCCTGGTAGCCT_005,187
GCTAGAATGCCTGGTAGCCT_006,148
TCCCACAGCCCATGTTCCAG_001,62
TCCCACAGCCCATGTTCCAG_002,38
TCCCACAGCCCATGTTCCAG_003,72
TCCCACAGCCCATGTTCCAG_004,141
TCCCACAGCCCATGTTCCAG_005,116
TTGGCCTCCATCAGTCCAGG_001,72
TTGGCCTCCATCAGTCCAGG_002,160
TTGGCCTCCATCAGTCCAGG_003,57
TTGGCCTCCATCAGTCCAGG_004,162
TTGGCCTCCATCAGTCCAGG_005,170
TTGGCCTCCATCAGTCCAGG_006,115
TTGGCCTCCATCAGTCCAGG_007,19
TTGGCCTCCATCAGTCCAGG_008,77
TTGGCCTCCATCAGTCCAGG_009,185
TTGGCCTCCATCAGTCCAGG_010,14
TTGGCCTCCATCAGTCCAGG_011,38
TTGGCCTCCATCAGTCCAGG_012,177
TTGGCCTCCATCAGTCCAGG_013,130
TTGGCCTCCATCAGTCCAGG_014,117
TTGGCCTCCATCAGTCCAGG_015,176
TTGGCCTCCATCAGTCCAGG_016,137
TTGGCCTCCATCAGTCCAGG_017,82
TTGGCCTCCATCAGTCCAGG_018,177
TTGGCCTCCATCAGTCCAGG_019,189
TTGGCCTCCATCAGTCCAGG_020,43
TTGGCCTCCATCAGTCCAGG_021,76
TTGGCCTCCATCAGTCCAGG_022,1
TTGGCCTCCATCAGTCCAGG_023,48
TTGGCCTCCATCAGTCCAGG_024,82
TTGGCCTCCATCAGTCCAGG_025,103
TTGGCCTCCATCAGTCCAGG_026,146
TTGGCCTCCATCAGTCCAGG_027,12
TTGGCCTCCATCAGTCCAGG_028,174
TTGGCCTCCATCAGTCCAGG_029,58
TTGGCCTCCATCAGTCCAGG_030,75
TTGGCCTCCATCAGTCCAGG_031,142
TTGGCCTCCATCAGTCCAGG_032,106
TTGGCCTCCATCAGTCCAGG_033,101
TTGGCCTCCATCAGTCCAGG_034,63
TTGGCCTCCATCAGTCCAGG_035,111
TTGGCCTCCATCAGTCCAGG_036,111
TTGGCCTCCATCAGTCCAGG_037,95
TTGGCCTCCATCAGTCCAGG_038,20
AGTGGCTTGAATAGCTGAGG_001,154
AGTGGCTTGAATAGCTGAGG_002,169
AGTGGCTTGAATAGCTGAGG_003,29
AGTGGCTTGAATAGCTGAGG_004,70
AGTGGCTTGAATAGCTGAGG_005,106
AGTGGCTTGAATAGCTGAGG_006,90
AGTGGCTTGAATAGCTGAGG_007,108
GAGTTTCCAGAATACAACAT_001,60
GAGTTTCCAGAATACAACAT_002,62
GAGTTTCCAGAATACAACAT_003,144
ACGTCAGCTTCTCCCAAAGC_001,23
ACGTCAGCTTCTCCCAAAGC_002,8
CTGTGGACAAGTTCAACGAG_001,38
CTGTGGACAAGTTCAACGAG_002,60
CTGTGGACAAGTTCAACGAG_003,157
CTGTGGACAAGTTCAACGAG_004,157
CTGTGGACAAGTTCAACGAG_005,191
CTGTGGACAAGTTCAACGAG_006,88
CTGTGGACAAGTTCAACGAG_007,160
CTGTGGACAAGTTCAACGAG_008,27
CTGTGGACAAGTTCAACGAG_009,134
CTGTGGACAAGTTCAACGAG_010,113
CTGTGGACAAGTTCAACGAG_011,162
CTGTGGACAAGTTCAACGAG_012,123
CTGTGGACAAGTTCAACGAG_013,88
CTGTGGACAAGTTCAACGAG_014,186
CTGTGGACAAGTTCAACGAG_015,121
CTGTGGACAAGTTCAACGAG_016,1
CTGTGGACAAGTTCAACGAG_017,81
CTGTGGACAAGTTCAACGAG_018,40
CTGTGGACAAGTTCAACGAG_019,81
CTGTGGACAAGTTCAACGAG_020,35
CTGTGGACAAGTTCAACGAG_021,28
CTGTGGACAAGTTCAACGAG_022,105
CTGTGGACAAGTTCAACGAG_023,60
GGAAATGTGTCATAAACCAG_001,41
GGAAATGTGTCATAAACCAG_002,80
GGAAATGTGTCATAAACCAG_003,160
GGAATAGCGCCGTTCCAGGA_001,145
GGAATAGCGCCGTTCCAGGA_002,9
GGAATAGCGCCGTTCCAGGA_003,188
GGAATAGCGCCGTTCCAGGA_004,103
GGAATAGCGCCGTTCCAGGA_005,92
GGAATAGCGCCGTTCCAGGA_006,78
GGAATAGCGCCGTTCCAGGA_007,138
GGAATAGCGCCGTTCCAGGA_008,190
GGAATAGCGCCGTTCCAGGA_009,144
GGAATAGCGCCGTTCCAGGA_010,29
GGAATAGCGCCGTTCCAGGA_011,186
GGAATAGCGCCGTTCCAGGA_012,154
GGAATAGCGCCGTTCCAGGA_013,8
GGAATAGCGCCGTTCCAGGA_014,61
GGAATAGCGCCGTTCCAGGA_015,129
TTCTGGTAGAGAGCCTAAGT_001,9
TTCTGGTAGAGAGCCTAAGT_002,128
TTCTGGTAGAGAGCCTAAGT_003,180
TTCTGGTAGAGAGCCTAAGT_004,166
CCAAGATTTCACTTTCAAGA_001,92
TCTGTTCCAGCTGATACAGA_001,23
TCTGTTCCAGCTGATACAGA_002,137
TCTGTTCCAGCTGATACAGA_003,12
TCTGTTCCAGCTGATACAGA_004,77
TCTGTTCCAGCTGATACAGA_005,56
TCTGTTCCAGCTGATACAGA_006,63
TCTGTTCCAGCTGATACAGA_007,97
TCTGTTCCAGCTGATACAGA_008,63
TCTGAGCCAGGATAGTGTGT_001,23
TCTGAGCCAGGATAGTGTGT_002,16
TCTGAGCCAGGATAGTGTGT_003,144
TCTGAGCCAGGATAGTGTGT_004,120
TCTGAGCCAGGATAGTGTGT_005,13
TCTGAGCCAGGATAGTGTGT_006,34
CCCGGACAAGCCTATCACCC_001,88
AAGAACACGATGTTGCGCCG_001,116
AAGAACACGATGTTGCGCCG_002,6
AAGAACACGATGTTGCGCCG_003,86
AAGAACACGATGTTGCGCCG_004,2
AAGAACACGATGTTGCGCCG_005,150
AAGAACACGATGTTGCGCCG_006,162
AAGAACACGATGTTGCGCCG_007,123
ATTAGAAGCTAAAGTTACCC_001,48
GCTGACCACCATTGGCTACG_001,36
GCTGACCACCATTGGCTACG_002,12
GCTGACCACCATTGGCTACG_003,38
GCTGACCACCATTGGCTACG_004,32
GCTGACCACCATTGGCTACG_005,178
GCTGACCACCATTGGCTACG_006,6
GCTGACCACCATTGGCTACG_007,52
GCTGACCACCATTGGCTACG_008,88
GCTGACCACCATTGGCTACG_009,198
GCTGACCACCATTGGCTACG_010,9
GCTGACCACCATTGGCTACG_011,113
GCTGACCACCATTGGCTACG_012,168
GCTGACCACCATTGGCTACG_013,58
GCTGACCACCATTGGCTACG_014,120
GCTGACCACCATTGGCTACG_015,80
GCTGACCACCATTGGCTACG_016,84
TCTACCCCATTGACCATGGT_001,29
TCTACCCCATTGACCATGGT_002,130
TCTACCCCATTGACCATGGT_003,169
TCTACCCCATTGACCATGGT_004,4
TCTACCCCATTGACCATGGT_005,77
GCTGCCCTGCCCCTGGAGGG_001,122
GCTGCCCTGCCCCTGGAGGG_002,82
GCTGCCCTGCCCCTGGAGGG_003,78
GCTGCCCTGCCCCTGGAGGG_004,88
GCTGCCCTGCCCCTGGAGGG_005,169
GCTGCCCTGCCCCTGGAGGG_006,113
GCTGCCCTGCCCCTGGAGGG_007,7
GCTGCCCTGCCCCTGGAGGG_008,13
GCTGCCCTGCCCCTGGAGGG_009,140
GCTGCCCTGCCCCTGGAGGG_010,17
GCTGCCCTGCCCCTGGAGGG_011,13
GCTGCCCTGCCCCTGGAGGG_012,172
GCTGCCCTGCCCCTGGAGGG_013,137
GCTGCCCTGCCCCTGGAGGG_014,19
GCTGCCCTGCCCCTGGAGGG_015,50
GCTGCCCTGCCCCTGGAGGG_016,198
GCTGCCCTGCCCCTGGAGGG_017,61
GCTGCCCTGCCCCTGGAGGG_018,29
GCTGCCCTGCCCCTGGAGGG_019,111
GCTGCCCTGCCCCTGGAGGG_020,177
GCTGCCCTGCCCCTGGAGGG_021,191
GCTGCCCTGCCCCTGGAGGG_022,13
GGCCGAAAGAGCTTCCCCAG_001,78
GGCCGAAAGAGCTTCCCCAG_002,105
GGCCGAAAGAGCTTCCCCAG_003,2
GGCCGAAAGAGCTTCCCCAG_004,169
GGCCGAAAGAGCTTCCCCAG_005,17
GGCCGAAAGAGCTTCCCCAG_006,66
GGCCGAAAGAGCTTCCCCAG_007,160
GGCCGAAAGAGCTTCCCCAG_008,173
GGCCGAAAGAGCTTCCCCAG_009,127
GGCCGAAAGAGCTTCCCCAG_010,124
GGCCGAAAGAGCTTCCCCAG_011,62
GGCCGAAAGAGCTTCCCCAG_012,149
GGCCGAAAGAGCTTCCCCAG_013,125
GGCCGAAAGAGCTTCCCCAG_014,88
GGCCGAAAGAGCTTCCCCAG_015,147
GGCCGAAAGAGCTTCCCCAG_016,138
GGCCGAAAGAGCTTCCCCAG_017,177
GGCCGAAAGAGCTTCCCCAG_018,39
GGCCGAAAGAGCTTCCCCAG_019,17
GGCCGAAAGAGCTTCCCCAG_020,177
GGCCGAAAGAGCTTCCCCAG_021,136
GGCCGAAAGAGCTTCCCCAG_022,99
GGCCGAAAGAGCTTCCCCAG_023,56
GGCCGAAAGAGCTTCCCCAG_024,3
GGAAAGGGGACGCAGCAAGG_001,146
GGAAAGGGGACGCAGCAAGG_002,102
GGAAAGGGGACGCAGCAAGG_003,102
GGAAAGGGGACGCAGCAAGG_004,171
GGAAAGGGGACGCAGCAAGG_005,53
GGAAAGGGGACGCAGCAAGG_006,193
GGAAAGGGGACGCAGCAAGG_007,92
GGAAAGGGGACGCAGCAAGG_008,42
GGAAAGGGGACGCAGCAAGG_009,191
GGAAAGGGGACGCAGCAAGG_010,83
GGAAAGGGGACGCAGCAAGG_011,67
GGAAAGGGGACGCAGCAAGG_012,156
GGAAAGGGGACGCAGCAAGG_013,33
GGAAAGGGGACGCAGCAAGG_014,141
GGAAAGGGGACGCAGCAAGG_015,15
GGAAAGGGGACGCAGCAAGG_016,137
GGAAAGGGGACGCAGCAAGG_017,8
GGAAAGGGGACGCAGCAAGG_018,108
GGAAAGGGGACGCAGCAAGG_019,117
GGAAAGGGGACGCAGCAAGG_020,124
GGAAAGGGGACGCAGCAAGG_021,9
TCTGACGTGACACTGCCATG_001,19
TCTGACGTGACACTGCCATG_002,10
TCTGACGTGACACTGCCATG_003,40
TCTGACGTGACACTGCCATG_004,70
TCTGACGTGACACTGCCATG_005,88
TCTGACGTGACACTGCCATG_006,48
TCTGACGTGACACTGCCATG_007,48
TCTGACGTGACACTGCCATG_008,67
TCTGACGTGACACTGCCATG_009,127
TGCATGGAGCAAGATACACC_001,80
TGCATGGAGCAAGATACACC_002,62
TGCATGGAGCAAGATACACC_003,94
TGCATGGAGCAAGATACACC_004,62
TGCATGGAGCAAGATACACC_005,38
TGCATGGAGCAAGATACACC_006,175
TGCATGGAGCAAGATACACC_007,88
TGCATGGAGCAAGATACACC_008,16
TGCATGGAGCAAGATACACC_009,56
TGCATGGAGCAAGATACACC_010,108
GTCTGTAGAGAATTTCAGAG_001,168
GTCTGTAGAGAATTTCAGAG_002,52
GTCTGTAGAGAATTTCAGAG_003,49
GGGAGAGAGAATTTCGTACG_001,147
GGGAGAGAGAATTTCGTACG_002,19
GGGAGAGAGAATTTCGTACG_003,81
GGGAGAGAGAATTTCGTACG_004,127
GGGAGAGAGAATTTCGTACG_005,19
GGGAGAGAGAATTTCGTACG_006,3
GGGAGAGAGAATTTCGTACG_007,129
GGGAGAGAGAATTTCGTACG_008,15
GGGAGAGAGAATTTCGTACG_009,198
GGGAGAGAGAATTTCGTACG_010,104
GGGAGAGAGAATTTCGTACG_011,11
GGGAGAGAGAATTTCGTACG_012,168
GGGAGAGAGAATTTCGTACG_013,28
GGGAGAGAGAATTTCGTACG_014,43
GGGAGAGAGAATTTCGTACG_015,70
GGGAGAGAGAATTTCGTACG_016,56
TACAAATCCATCTGCTCTCT_001,152
TACAAATCCATCTGCTCTCT_002,166
TACAAATCCATCTGCTCTCT_003,160
TACAAATCCATCTGCTCTCT_004,124
TACAAATCCATCTGCTCTCT_005,116
AGCCCTTCTACTGTCTCACG_001,82
AGCCCTTCTACTGTCTCACG_002,107
AGCCCTTCTACTGTCTCACG_003,107
CCTGGATAACATCACTGATG_001,19
CCTGGATAACATCACTGATG_002,36
TGGATCGCATCCCTGACACA_001,2
TGGATCGCATCCCTGACACA_002,5
TGGATCGCATCCCTGACACA_003,2
TGGATCGCATCCCTGACACA_004,140
TGGATCGCATCCCTGACACA_005,10
TGGATCGCATCCCTGACACA_006,81
TGGATCGCATCCCTGACACA_007,46
AATCCATGTTGGGTTCTAAG_001,133
AATCCATGTTGGGTTCTAAG_002,62
AATCCATGTTGGGTTCTAAG_003,191
AATCCATGTTGGGTTCTAAG_004,81
AATCCATGTTGGGTTCTAAG_005,116
AATCCATGTTGGGTTCTAAG_006,94
AATCCATGTTGGGTTCTAAG_007,103
AGAACACGAGACCAATGGTG_001,173
AGAACACGAGACCAATGGTG_002,42
AGAACACGAGACCAATGGTG_003,155
AGAACACGAGACCAATGGTG_004,24
AGAACACGAGACCAATGGTG_005,174
AGAACACGAGACCAATGGTG_006,15
AGAACACGAGACCAATGGTG_007,158
AGAACACGAGACCAATGGTG_008,197
AGAACACGAGACCAATGGTG_009,160
AGAACACGAGACCAATGGTG_010,191
AGAACACGAGACCAATGGTG_011,118
AAATCAAACCCAGAGATCCG_001,113
AAATCAAACCCAGAGATCCG_002,54
AAATCAAACCCAGAGATCCG_003,150
AAATCAAACCCAGAGATCCG_004,138
AAATCAAACCCAGAGATCCG_005,115
AAATCAAACCCAGAGATCCG_006,171
GCAGGTTTGCACATTGAAGG_001,17
GCAGGTTTGCACATTGAAGG_002,83
GCAGGTTTGCACATTGAAGG_003,170
GCAGGTTTGCACATTGAAGG_004,70
GCAGGTTTGCACATTGAAGG_005,144
GCAGGTTTGCACATTGAAGG_006,154
GCAGGTTTGCACATTGAAGG_007,56
GCAGGTTTGCACATTGAAGG_008,50
GCAGGTTTGCACATTGAAGG_009,3
GCAGGTTTGCACATTGAAGG_010,145
GCAGGTTTGCACATTGAAGG_011,60
GCAGGTTTGCACATTGAAGG_012,99
GCAGGTTTGCACATTGAAGG_013,76
GCAGGTTTGCACATTGAAGG_014,108
GCAGGTTTGCACATTGAAGG_015,75
GCAGGTTTGCACATTGAAGG_016,83
GCAGGTTTGCACATTGAAGG_017,22
GCAGGTTTGCACATTGAAGG_018,1
GCAGGTTTGCACATTGAAGG_019,86
GCAGGTTTGCACATTGAAGG_020,9
GCAGGTTTGCACATTGAAGG_021,5
GCAGGTTTGCACATTGAAGG_022,128
CAGGTGATACAGGAGTTGCG_001,132
CAGGTGATACAGGAGTTGCG_002,112
CAGGTGATACAGGAGTTGCG_003,127
CAGGTGATACAGGAGTTGCG_004,40
CAGGTGATACAGGAGTTGCG_005,49
CAGGTGATACAGGAGTTGCG_006,197
CAGGTGATACAGGAGTTGCG_007,134
CAGGTGATACAGGAGTTGCG_008,14
CAGGTGATACAGGAGTTGCG_009,178
CAGGTGATACAGGAGTTGCG_010,78
TGAACCGAGAAGAAAGTCCG_001,46
TGAACCGAGAAGAAAGTCCG_002,49
TGAACCGAGAAGAAAGTCCG_003,48
TGAACCGAGAAGAAAGTCCG_004,78
TGAACCGAGAAGAAAGTCCG_005,175
TGAACCGAGAAGAAAGTCCG_006,125
TGAACCGAGAAGAAAGTCCG_007,197
TGAACCGAGAAGAAAGTCCG_008,60
TGAACCGAGAAGAAAGTCCG_009,90
TGAACCGAGAAGAAAGTCCG_010,166
TGAACCGAGAAGAAAGTCCG_011,172
TGAACCGAGAAGAAAGTCCG_012,40
TGAACCGAGAAGAAAGTCCG_013,62
AATTCCCTTCGTAATGCTGG_001,163
AATTCCCTTCGTAATGCTGG_002,129
AATTCCCTTCGTAATGCTGG_003,56
AATTCCCTTCGTAATGCTGG_004,113
AATTCCCTTCGTAATGCTGG_005,113
ATCCCAAGTTACCCGCTATG_001,160
ATCCCAAGTTACCCGCTATG_002,112
ATCCCAAGTTACCCGCTATG_003,192
ATCCCAAGTTACCCGCTATG_004,182
ATCCCAAGTTACCCGCTATG_005,134
ATCCCAAGTTACCCGCTATG_006,54
ATCCCAAGTTACCCGCTATG_007,149
ATCCCAAGTTACCCGCTATG_008,62
ATCCCAAGTTACCCGCTATG_009,106
GGTCATCGAAGTGACCAGCG_001,188
GGTCATCGAAGTGACCAGCG_002,151
GGTCATCGAAGTGACCAGCG_003,22
GGTCATCGAAGTGACCAGCG_004,59
GGTCATCGAAGTGACCAGCG_005,14
GGTCATCGAAGTGACCAGCG_006,42
GGTCATCGAAGTGACCAGCG_007,14
GGTCATCGAAGTGACCAGCG_008,2
GGTCATCGAAGTGACCAGCG_009,117
GGTCATCGAAGTGACCAGCG_010,141
GGTCATCGAAGTGACCAGCG_011,142
CGTCGTTGAAATTCATCGTA_001,185
CGTCGTTGAAATTCATCGTA_002,179
GCCTAGAGCGCCCATAAGCG_001,116
GCCTAGAGCGCCCATAAGCG_002,1
GCCTAGAGCGCCCATAAGCG_003,26
GCCTAGAGCGCCCATAAGCG_004,67
GCCTAGAGCGCCCATAAGCG_005,115
GCCTAGAGCGCCCATAAGCG_006,149
GCCTAGAGCGCCCATAAGCG_007,184
GCCTAGAGCGCCCATAAGCG_008,76
GCCTAGAGCGCCCATAAGCG_009,118
GCCTAGAGCGCCCATAAGCG_010,91
GCATGGAAAAACTCACACGA_001,29
GCATGGAAAAACTCACACGA_002,170
GCATGGAAAAACTCACACGA_003,29
GCATGGAAAAACTCACACGA_004,151
GCATGGAAAAACTCACACGA_005,48
GCATGGAAAAACTCACACGA_006,163
GCATGGAAAAACTCACACGA_007,130
GCATGGAAAAACTCACACGA_008,23
GCATGGAAAAACTCACACGA_009,7
GCATGGAAAAACTCACACGA_010,113
GCATGGAAAAACTCACACGA_011,161
GCATGGAAAAACTCACACGA_012,170
GCATGGAAAAACTCACACGA_013,41
GCATGGAAAAACTCACACGA_014,7
GCATGGAAAAACTCACACGA_015,115
GCATGGAAAAACTCACACGA_016,134
GCATGGAAAAACTCACACGA_017,60
GCATGGAAAAACTCACACGA_018,169
GCATGGAAAAACTCACACGA_019,23
GCATGGAAAAACTCACACGA_020,12
GCATGGAAAAACTCACACGA_021,38
GCATGGAAAAACTCACACGA_022,133
GCATGGAAAAACTCACACGA_023,150
GCATGGAAAAACTCACACGA_024,98
GCATGGAAAAACTCACACGA_025,106
GCATGGAAAAACTCACACGA_026,4
GCATGGAAAAACTCACACGA_027,191
GCATGGAAAAACTCACACGA_028,113
GCATGGAAAAACTCACACGA_029,78
AGATCCACCAGGATGGCACG_001,23
GTTTGTGCAGGTCGAAACAG_001,93
AAAGCTTCGGGTGATATTGG_001,114
GAAGTTTGGATATTACCCAG_001,199
GAAGTTTGGATATTACCCAG_002,12
GAAGTTTGGATATTACCCAG_003,45
GAAGTTTGGATATTACCCAG_004,161
TTGCACTCAGCACCCATCAC_001,43
TTGCACTCAGCACCCATCAC_002,83
TTGCACTCAGCACCCATCAC_003,3
TTGCACTCAGCACCCATCAC_004,96
TTGCACTCAGCACCCATCAC_005,151
TTGCACTCAGCACCCATCAC_006,41
TTGCACTCAGCACCCATCAC_007,199
TTGCACTCAGCACCCATCAC_008,82
TTGCACTCAGCACCCATCAC_009,88
TTGCACTCAGCACCCATCAC_010,149
TTGCACTCAGCACCCATCAC_011,144
TTGCACTCAGCACCCATCAC_012,81
TTGCACTCAGCACCCATCAC_013,11
TTGCACTCAGCACCCATCAC_014,101
TTGCACTCAGCACCCATCAC_015,166
TTGCACTCAGCACCCATCAC_016,76
TTGCACTCAGCACCCATCAC_017,127
TTGCACTCAGCACCCATCAC_018,168
TTGCACTCAGCACCCATCAC_019,105
GAGCTTCAGATCCTTTACAG_001,130
GAGCTTCAGATCCTTTACAG_002,79
AGGACGGAGGCGCCTCGGAG_001,12
AGGACGGAGGCGCCTCGGAG_002,157
AGGACGGAGGCGCCTCGGAG_003,120
AGGACGGAGGCGCCTCGGAG_004,155
AGGACGGAGGCGCCTCGGAG_005,146
AGGACGGAGGCGCCTCGGAG_006,61
AGGACGGAGGCGCCTCGGAG_007,142
AGGACGGAGGCGCCTCGGAG_008,153
AGGACGGAGGCGCCTCGGAG_009,105
AGGACGGAGGCGCCTCGGAG_010,98
GACACCAAAAGTGACAGTCC_001,77
GACACCAAAAGTGACAGTCC_002,120
GACACCAAAAGTGACAGTCC_003,94
GACACCAAAAGTGACAGTCC_004,48
GACACCAAAAGTGACAGTCC_005,77
GACACCAAAAGTGACAGTCC_006,77
GACACCAAAAGTGACAGTCC_007,90
GACACCAAAAGTGACAGTCC_008,191
GACACCAAAAGTGACAGTCC_009,63
GACACCAAAAGTGACAGTCC_010,0
GACGCCCCTTGACTGTAGCA_001,70
GACGCCCCTTGACTGTAGCA_002,189
GACGCCCCTTGACTGTAGCA_003,68
GACGCCCCTTGACTGTAGCA_004,78
GACGCCCCTTGACTGTAGCA_005,88
GACGCCCCTTGACTGTAGCA_006,197
GACGCCCCTTGACTGTAGCA_007,167
AGAAATGTTTACCTAAGCCG_001,169
AGAAATGTTTACCTAAGCCG_002,64
AGAAATGTTTACCTAAGCCG_003,64
AGAAATGTTTACCTAAGCCG_004,173
AGAAATGTTTACCTAAGCCG_005,17
AGAAATGTTTACCTAAGCCG_006,199
AGAAATGTTTACCTAAGCCG_007,160
AGAAATGTTTACCTAAGCCG_008,108
CTGCGCTACTCAGTGCTCAT_001,141
CTGCGCTACTCAGTGCTCAT_002,190
CTGCGCTACTCAGTGCTCAT_003,17
TCCCGACTCAGTCTCCGGCG_001,186
TCCCGACTCAGTCTCCGGCG_002,45
TCCCGACTCAGTCTCCGGCG_003,34
TCCCGACTCAGTCTCCGGCG_004,40
TCCCGACTCAGTCTCCGGCG_005,94
TTATTATAGTGAATACAATG_001,2
TTATTATAGTGAATACAATG_002,60
AGAATAACAATCAGGAGACT_001,46
AGAATAACAATCAGGAGACT_002,115
AGAATAACAATCAGGAGACT_003,89
AGAATAACAATCAGGAGACT_004,78
AGAATAACAATCAGGAGACT_005,48
AGAATAACAATCAGGAGACT_006,182
AGAATAACAATCAGGAGACT_007,70
AGAATAACAATCAGGAGACT_008,156
AGAATAACAATCAGGAGACT_009,157
AGAATAACAATCAGGAGACT_010,20
CCTGGACGCCCCTGACAACG_001,170
CCTGGACGCCCCTGACAACG_002,28
CCTGGACGCCCCTGACAACG_003,104
CCTGGACGCCCCTGACAACG_004,38
CCTGGACGCCCCTGACAACG_005,172
CCTGGACGCCCCTGACAACG_006,104
CCTGGACGCCCCTGACAACG_007,89
GCTCATATTACAGTGTGCAC_001,114
GCTCATATTACAGTGTGCAC_002,39
GCTCATATTACAGTGTGCAC_003,105
TGGCAGCATACCATTTATCG_001,9
TGGCAGCATACCATTTATCG_002,40
TGGCAGCATACCATTTATCG_003,101
TCAGAAGATACTGCCACAGG_001,68
TCAGAAGATACTGCCACAGG_002,28
GACTTCAACATCATGGTCGT_001,138
GACTTCAACATCATGGTCGT_002,165
GACTTCAACATCATGGTCGT_003,98
GACTTCAACATCATGGTCGT_004,145
GACTTCAACATCATGGTCGT_005,19
GACTTCAACATCATGGTCGT_006,39
GACTTCAACATCATGGTCGT_007,112
GACTTCAACATCATGGTCGT_008,78
GACTTCAACATCATGGTCGT_009,29
GACTTCAACATCATGGTCGT_010,166
GACTTCAACATCATGGTCGT_011,56
GACTTCAACATCATGGTCGT_012,65
AGGAGCCCCAGAGCTCAATG_001,121
AGGAGCCCCAGAGCTCAATG_002,137
AGGAGCCCCAGAGCTCAATG_003,134
AGGAGCCCCAGAGCTCAATG_004,128
AGGAGCCCCAGAGCTCAATG_005,193
AGGAGCCCCAGAGCTCAATG_006,56
AGGAGCCCCAGAGCTCAATG_007,49
AGGAGCCCCAGAGCTCAATG_008,53
AGGAGCCCCAGAGCTCAATG_009,183
AGGAGCCCCAGAGCTCAATG_010,130
AGGAGCCCCAGAGCTCAATG_011,144
AGGAGCCCCAGAGCTCAATG_012,22
AGGAGCCCCAGAGCTCAATG_013,62
AGGAGCCCCAGAGCTCAATG_014,175
AGGAGCCCCAGAGCTCAATG_015,199
AGGAGCCCCAGAGCTCAATG_016,103
AGGAGCCCCAGAGCTCAATG_017,172
AGGAGCCCCAGAGCTCAATG_018,162
AGGAGCCCCAGAGCTCAATG_019,126
AGGAGCCCCAGAGCTCAATG_020,158
AGGAGCCCCAGAGCTCAATG_021,15
AGGAGCCCCAGAGCTCAATG_022,48
AGGAGCCCCAGAGCTCAATG_023,84
AGGAGCCCCAGAGCTCAATG_024,68
AGGAGCCCCAGAGCTCAATG_025,42
AGGAGCCCCAGAGCTCAATG_026,42
AGGAGCCCCAGAGCTCAATG_027,67
AGGAGCCCCAGAGCTCAATG_028,0
AGGAGCCCCAGAGCTCAATG_029,178
AGGAGCCCCAGAGCTCAATG_030,11
AGGAGCCCCAGAGCTCAATG_031,96
AGGAGCCCCAGAGCTCAATG_032,184
AGGAGCCCCAGAGCTCAATG_033,134
AGGAGCCCCAGAGCTCAATG_034,97
AGGAGCCCCAGAGCTCAATG_035,19
AGGAGCCCCAGAGCTCAATG_036,134
AGGAGCCCCAGAGCTCAATG_037,115
AGGAGCCCCAGAGCTCAATG_038,4
AGGAGCCCCAGAGCTCAATG_039,160
AGGAGCCCCAGAGCTCAATG_040,178
AGGAGCCCCAGAGCTCAATG_041,116
AGGAGCCCCAGAGCTCAATG_042,40
GAGATCAATGGAATCAACCC_001,28
GAGATCAATGGAATCAACCC_002,107
GAGATCAATGGAATCAACCC_003,29
GCTGTGTGCCCTATTACCAG_001,62
GCTGTGTGCCCTATTACCAG_002,197
GCTGTGTGCCCTATTACCAG_003,189
GCTGTGTGCCCTATTACCAG_004,101
GCTGTGTGCCCTATTACCAG_005,101
TGAGCACGAAGAATGCCTCG_001,38
TGAGCACGAAGAATGCCTCG_002,158
TGAGCACGAAGAATGCCTCG_003,88
TGAGCACGAAGAATGCCTCG_004,185
CGAAACGCCTGCCCAACTGG_001,40
CGAAACGCCTGCCCAACTGG_002,24
CGAAACGCCTGCCCAACTGG_003,192
TTGGAACCCAGACTTTGCGG_001,62
TTGGAACCCAGACTTTGCGG_002,107
TTGGAACCCAGACTTTGCGG_003,73
TTGGAACCCAGACTTTGCGG_004,26
AGTAGAAGGAGCATCGATGC_001,76
AGTAGAAGGAGCATCGATGC_002,0
AGTAGAAGGAGCATCGATGC_003,119
AGTAGAAGGAGCATCGATGC_004,1
AGTAGAAGGAGCATCGATGC_005,60
AGTAGAAGGAGCATCGATGC_006,5
AGTAGAAGGAGCATCGATGC_007,102
AGTAGAAGGAGCATCGATGC_008,170
AGTAGAAGGAGCATCGATGC_009,184
AGTAGAAGGAGCATCGATGC_010,41
GCCATTGTCGAACATGTCCT_001,107
GCCATTGTCGAACATGTCCT_002,190
GCCATTGTCGAACATGTCCT_003,47
GCCATTGTCGAACATGTCCT_004,171
GCCATTGTCGAACATGTCCT_005,139
GCCATTGTCGAACATGTCCT_006,157
GCCATTGTCGAACATGTCCT_007,77
GCCATTGTCGAACATGTCCT_008,188
GCCATTGTCGAACATGTCCT_009,115
GCCATTGTCGAACATGTCCT_010,44
GCCATTGTCGAACATGTCCT_011,98
GCCATTGTCGAACATGTCCT_012,130
GCCATTGTCGAACATGTCCT_013,187
GCCATTGTCGAACATGTCCT_014,30
CAGGGTGGACCCAAACCGTG_001,188
CAGGGTGGACCCAAACCGTG_002,174
TGACTTACGAGATCAACCGG_001,47
TGACTTACGAGATCAACCGG_002,11
TGACTTACGAGATCAACCGG_003,92
TGACTTACGAGATCAACCGG_004,163
TGACTTACGAGATCAACCGG_005,141
TGACTTACGAGATCAACCGG_006,83
TGACTTACGAGATCAACCGG_007,149
TGACTTACGAGATCAACCGG_008,45
TGACTTACGAGATCAACCGG_009,116
TGACTTACGAGATCAACCGG_010,17
TGACTTACGAGATCAACCGG_011,78
TGACTTACGAGATCAACCGG_012,67
TGACTTACGAGATCAACCGG_013,115
CACCCTTCACCAAAACGTAG_001,104
CACCCTTCACCAAAACGTAG_002,57
CACCCTTCACCAAAACGTAG_003,32
CACCCTTCACCAAAACGTAG_004,32
CACCCTTCACCAAAACGTAG_005,66
CACCCTTCACCAAAACGTAG_006,147
CACCCTTCACCAAAACGTAG_007,77
CACCCTTCACCAAAACGTAG_008,56
CACCCTTCACCAAAACGTAG_009,9
CACCCTTCACCAAAACGTAG_010,166
CACCCTTCACCAAAACGTAG_011,1
CACCCTTCACCAAAACGTAG_012,67
CACCCTTCACCAAAACGTAG_013,77
CACCCTTCACCAAAACGTAG_014,28
CACCCTTCACCAAAACGTAG_015,170
CACCCTTCACCAAAACGTAG_016,93
CACCCTTCACCAAAACGTAG_017,3
CCTCTGCTGCTCACGTCGCG_001,172
CCTCTGCTGCTCACGTCGCG_002,138
CCTCTGCTGCTCACGTCGCG_003,62
CCTCTGCTGCTCACGTCGCG_004,157
CCTCTGCTGCTCACGTCGCG_005,34
CCTCTGCTGCTCACGTCGCG_006,149
CCTCTGCTGCTCACGTCGCG_007,154
CCTCTGCTGCTCACGTCGCG_008,15
CCTCTGCTGCTCACGTCGCG_009,52
CCTCTGCTGCTCACGTCGCG_010,100
CCTCTGCTGCTCACGTCGCG_011,185
CCTCTGCTGCTCACGTCGCG_012,102
CCTCTGCTGCTCACGTCGCG_013,173
CCTCTGCTGCTCACGTCGCG_014,43
CCTCTGCTGCTCACGTCGCG_015,166
CCTCTGCTGCTCACGTCGCG_016,19
CCTCTGCTGCTCACGTCGCG_017,82
CCTCTGCTGCTCACGTCGCG_018,145
TAAAAGGGCGATCTAATGAA_001,174
TAAAAGGGCGATCTAATGAA_002,182
TAAAAGGGCGATCTAATGAA_003,150
TAAAAGGGCGATCTAATGAA_004,135
GTCCCCAGCCTGCAAAACAT_001,78
GTCCCCAGCCTGCAAAACAT_002,12
GTCCCCAGCCTGCAAAACAT_003,95
GTCCCCAGCCTGCAAAACAT_004,18
GTCCCCAGCCTGCAAAACAT_005,44
GTCCCCAGCCTGCAAAACAT_006,23
GTCCCCAGCCTGCAAAACAT_007,168
GTCCCCAGCCTGCAAAACAT_008,168
GTCCCCAGCCTGCAAAACAT_009,42
GTCCCCAGCCTGCAAAACAT_010,81
GTCCCCAGCCTGCAAAACAT_011,144
GTCCCCAGCCTGCAAAACAT_012,70
GTCCCCAGCCTGCAAAACAT_013,124
GTCCCCAGCCTGCAAAACAT_014,150
GTCCCCAGCCTGCAAAACAT_015,15
GTCCCCAGCCTGCAAAACAT_016,79
GTCCCCAGCCTGCAAAACAT_017,83
GTCCCCAGCCTGCAAAACAT_018,82
GTCCCCAGCCTGCAAAACAT_019,52
GTCCCCAGCCTGCAAAACAT_020,141
GTCCCCAGCCTGCAAAACAT_021,117
GTCCCCAGCCTGCAAAACAT_022,47
GTCCCCAGCCTGCAAAACAT_023,15
GTCCCCAGCCTGCAAAACAT_024,102
GTCCCCAGCCTGCAAAACAT_025,144
GTCCCCAGCCTGCAAAACAT_026,177
GTCCCCAGCCTGCAAAACAT_027,2
GTCCCCAGCCTGCAAAACAT_028,168
GTCCCCAGCCTGCAAAACAT_029,86
GTCCCCAGCCTGCAAAACAT_030,9
GTCCCCAGCCTGCAAAACAT_031,150
GTCCCCAGCCTGCAAAACAT_032,113
GTCCCCAGCCTGCAAAACAT_033,16
GTCCCCAGCCTGCAAAACAT_034,102
GTCCCCAGCCTGCAAAACAT_035,43
GTCCCCAGCCTGCAAAACAT_036,166
GTCCCCAGCCTGCAAAACAT_037,19
GTCCCCAGCCTGCAAAACAT_038,119
GTCCCCAGCCTGCAAAACAT_039,19
GTCCCCAGCCTGCAAAACAT_040,3
GTCCCCAGCCTGCAAAACAT_041,12
GTCCCCAGCCTGCAAAACAT_042,46
GTCCCCAGCCTGCAAAACAT_043,63
GTCCCCAGCCTGCAAAACAT_044,148
ACCGGCGGCTAGTTCCCAGC_001,36
ACCGGCGGCTAGTTCCCAGC_002,113
ACCGGCGGCTAGTTCCCAGC_003,86
ACCGGCGGCTAGTTCCCAGC_004,77
ACCGGCGGCTAGTTCCCAGC_005,34
ACCGGCGGCTAGTTCCCAGC_006,88
GAAGACGCCCCCGTGCACCG_001,0
GAAGACGCCCCCGTGCACCG_002,119
GAAGACGCCCCCGTGCACCG_003,62
GAAGACGCCCCCGTGCACCG_004,43
GAAGACGCCCCCGTGCACCG_005,62
GAAGACGCCCCCGTGCACCG_006,45
GAAGACGCCCCCGTGCACCG_007,171
GAAGACGCCCCCGTGCACCG_008,53
GAAGACGCCCCCGTGCACCG_009,2
GAAGACGCCCCCGTGCACCG_010,153
GAAGACGCCCCCGTGCACCG_011,198
GAAGACGCCCCCGTGCACCG_012,28
GAAGACGCCCCCGTGCACCG_013,60
GAAGACGCCCCCGTGCACCG_014,186
GAAGACGCCCCCGTGCACCG_015,1
GAAGACGCCCCCGTGCACCG_016,81
GAAGACGCCCCCGTGCACCG_017,176
GAAGACGCCCCCGTGCACCG_018,46
GAAGACGCCCCCGTGCACCG_019,129
GAAGACGCCCCCGTGCACCG_020,3
GAAGACGCCCCCGTGCACCG_021,183
GAAGACGCCCCCGTGCACCG_022,29
GAAGACGCCCCCGTGCACCG_023,93
GAAGACGCCCCCGTGCACCG_024,169
GAAGACGCCCCCGTGCACCG_025,13
GAAGACGCCCCCGTGCACCG_026,53
GAAGACGCCCCCGTGCACCG_027,176
GAAGACGCCCCCGTGCACCG_028,176
GAAGACGCCCCCGTGCACCG_029,3
GGGCCTGAAGGACTCAAGTG_001,175
GGGCCTGAAGGACTCAAGTG_002,10
GGGCCTGAAGGACTCAAGTG_003,133
GGGCCTGAAGGACTCAAGTG_004,145
GGGCCTGAAGGACTCAAGTG_005,107
GGGCCTGAAGGACTCAAGTG_006,98
GGGCCTGAAGGACTCAAGTG_007,62
GGGCCTGAAGGACTCAAGTG_008,121
GGGCCTGAAGGACTCAAGTG_009,20
GGGCCTGAAGGACTCAAGTG_010,9
GGGCCTGAAGGACTCAAGTG_011,147
GGGCCTGAAGGACTCAAGTG_012,127
GGGCCTGAAGGACTCAAGTG_013,41
GGGCCTGAAGGACTCAAGTG_014,169
GGGCCTGAAGGACTCAAGTG_015,175
GGGCCTGAAGGACTCAAGTG_016,127
GGGCCTGAAGGACTCAAGTG_017,158
GGGCCTGAAGGACTCAAGTG_018,130
GGGCCTGAAGGACTCAAGTG_019,188
GGGCCTGAAGGACTCAAGTG_020,41
GGGCCTGAAGGACTCAAGTG_021,199
GGGCCTGAAGGACTCAAGTG_022,145
GGGCCTGAAGGACTCAAGTG_023,146
GGGCCTGAAGGACTCAAGTG_024,165
GGGCCTGAAGGACTCAAGTG_025,182
GGGCCTGAAGGACTCAAGTG_026,109
AAGAGAGCTATTCGTCTGGG_001,188
AAGAGAGCTATTCGTCTGGG_002,12
AAGAGAGCTATTCGTCTGGG_003,139
AAGAGAGCTATTCGTCTGGG_004,35
AAGAGAGCTATTCGTCTGGG_005,9
AAGAGAGCTATTCGTCTGGG_006,110
AGTTCCAAGCAGCAATCAGT_001,17
AGTTCCAAGCAGCAATCAGT_002,62
AGTTCCAAGCAGCAATCAGT_003,6
AGTTCCAAGCAGCAATCAGT_004,98
AGTTCCAAGCAGCAATCAGT_005,176
AGTTCCAAGCAGCAATCAGT_006,70
AGTTCCAAGCAGCAATCAGT_007,20
AGTTCCAAGCAGCAATCAGT_008,121
AGTTCCAAGCAGCAATCAGT_009,62
AGTTCCAAGCAGCAATCAGT_010,115
AGTTCCAAGCAGCAATCAGT_011,0
AGTTCCAAGCAGCAATCAGT_012,83
AGTTCCAAGCAGCAATCAGT_013,67
AGTTCCAAGCAGCAATCAGT_014,98
AGTTCCAAGCAGCAATCAGT_015,50
AGTTCCAAGCAGCAATCAGT_016,12
AGTTCCAAGCAGCAATCAGT_017,85
AGTTCCAAGCAGCAATCAGT_018,169
AGTTCCAAGCAGCAATCAGT_019,113
AGTTCCAAGCAGCAATCAGT_020,116
AGTTCCAAGCAGCAATCAGT_021,75
AGTTCCAAGCAGCAATCAGT_022,85
AGTTCCAAGCAGCAATCAGT_023,85
AGTTCCAAGCAGCAATCAGT_024,105
AGTTCCAAGCAGCAATCAGT_025,187
AGTTCCAAGCAGCAATCAGT_026,9
AGTTCCAAGCAGCAATCAGT_027,56
AGTTCCAAGCAGCAATCAGT_028,99
AGTTCCAAGCAGCAATCAGT_029,169
AGTTCCAAGCAGCAATCAGT_030,78
AGTTCCAAGCAGCAATCAGT_031,129
CAGCAGTCCACTAAGGTGGA_001,57
CAGCAGTCCACTAAGGTGGA_002,93
CAGCAGTCCACTAAGGTGGA_003,41
CAGCAGTCCACTAAGGTGGA_004,154
CAGCAGTCCACTAAGGTGGA_005,181
CAGCAGTCCACTAAGGTGGA_006,77
CAGCAGTCCACTAAGGTGGA_007,133
CAGCAGTCCACTAAGGTGGA_008,37
CAGCAGTCCACTAAGGTGGA_009,63
CAGCAGTCCACTAAGGTGGA_010,49
CAGCAGTCCACTAAGGTGGA_011,56
GTTGTTCTCTGCTACGATGT_001,117
GTTGTTCTCTGCTACGATGT_002,33
ACTCACGCTCGCAGTAGGTG_001,102
ACTCACGCTCGCAGTAGGTG_002,98
ACTCACGCTCGCAGTAGGTG_003,8
ACTCACGCTCGCAGTAGGTG_004,4
ACTCACGCTCGCAGTAGGTG_005,119
ACTCACGCTCGCAGTAGGTG_006,102
ACTCACGCTCGCAGTAGGTG_007,55
ACTCACGCTCGCAGTAGGTG_008,10
ACTCACGCTCGCAGTAGGTG_009,147
ACTCACGCTCGCAGTAGGTG_010,124
TGGGACCAAAGACCTTCCAT_001,45
TGGGACCAAAGACCTTCCAT_002,152
TGGGACCAAAGACCTTCCAT_003,32
TGGGACCAAAGACCTTCCAT_004,169
TGGGACCAAAGACCTTCCAT_005,160
TGGGACCAAAGACCTTCCAT_006,163
TGGGACCAAAGACCTTCCAT_007,35
TGGGACCAAAGACCTTCCAT_008,174
TGGGACCAAAGACCTTCCAT_009,76
TGGGACCAAAGACCTTCCAT_010,138
TGGGACCAAAGACCTTCCAT_011,50
TGGGACCAAAGACCTTCCAT_012,76
TGGGACCAAAGACCTTCCAT_013,52
TTGTTGGGGGTAGTCACTAG_001,184
TTGTTGGGGGTAGTCACTAG_002,51
TTGTTGGGGGTAGTCACTAG_003,1
TTGTTGGGGGTAGTCACTAG_004,144
TTGTTGGGGGTAGTCACTAG_005,138
CCGGGAAGGTCTAGTCGACA_001,8
CCGGGAAGGTCTAGTCGACA_002,184
CCGGGAAGGTCTAGTCGACA_003,34
CCGGGAAGGTCTAGTCGACA_004,160
CCGGGAAGGTCTAGTCGACA_005,101
CCGGGAAGGTCTAGTCGACA_006,174
CCGGGAAGGTCTAGTCGACA_007,154
CCTCAGACATGGAGTCGGAA_001,76
CCTCAGACATGGAGTCGGAA_002,81
CCTCAGACATGGAGTCGGAA_003,93
CCTCAGACATGGAGTCGGAA_004,76
CCTCAGACATGGAGTCGGAA_005,129
CCTCAGACATGGAGTCGGAA_006,179
CCTCAGACATGGAGTCGGAA_007,76
CCTCAGACATGGAGTCGGAA_008,2
CCTCAGACATGGAGTCGGAA_009,105
CCTCAGACATGGAGTCGGAA_010,118
CCTCAGACATGGAGTCGGAA_011,197
CCTCAGACATGGAGTCGGAA_012,4
CCTCAGACATGGAGTCGGAA_013,174
CCTCAGACATGGAGTCGGAA_014,83
TGAAGTCAGAAAAGTCGCAG_001,122
TGAAGTCAGAAAAGTCGCAG_002,152
TGAAGTCAGAAAAGTCGCAG_003,119
TGAAGTCAGAAAAGTCGCAG_004,58
TGAAGTCAGAAAAGTCGCAG_005,174
TGAAGTCAGAAAAGTCGCAG_006,150
TGAAGTCAGAAAAGTCGCAG_007,67
TGAAGTCAGAAAAGTCGCAG_008,52
TGAAGTCAGAAAAGTCGCAG_009,187
TGAAGTCAGAAAAGTCGCAG_010,36
TGAAGTCAGAAAAGTCGCAG_011,5
TGAAGTCAGAAAAGTCGCAG_012,10
TGAAGTCAGAAAAGTCGCAG_013,9
TGAAGTCAGAAAAGTCGCAG_014,60
TGAAGTCAGAAAAGTCGCAG_015,188
AGTAAAGGCTAGAATTAATG_001,157
GGACTCGGATGACGTGCCCA_001,181
GGACTCGGATGACGTGCCCA_002,23
GGACTCGGATGACGTGCCCA_003,191
GGACTCGGATGACGTGCCCA_004,0
GGACTCGGATGACGTGCCCA_005,150
GGACTCGGATGACGTGCCCA_006,14
GGACTCGGATGACGTGCCCA_007,112
GGACTCGGATGACGTGCCCA_008,49
GGACTCGGATGACGTGCCCA_009,119
GGACTCGGATGACGTGCCCA_010,2
GGACTCGGATGACGTGCCCA_011,50
GGACTCGGATGACGTGCCCA_012,145
GGACTCGGATGACGTGCCCA_013,132
GGACTCGGATGACGTGCCCA_014,42
GGACTCGGATGACGTGCCCA_015,9
GGACTCGGATGACGTGCCCA_016,67
GGACTCGGATGACGTGCCCA_017,16
GGACTCGGATGACGTGCCCA_018,103
GGACTCGGATGACGTGCCCA_019,188
GGACTCGGATGACGTGCCCA_020,172
GGACTCGGATGACGTGCCCA_021,49
GGACTCGGATGACGTGCCCA_022,94
CATTCACACAGGAACGATGT_001,31
CATTCACACAGGAACGATGT_002,74
CATTCACACAGGAACGATGT_003,144
CATTCACACAGGAACGATGT_004,164
CATTCACACAGGAACGATGT_005,23
CATTCACACAGGAACGATGT_006,82
CAGTAATGGCACTTTACACT_001,150
CAGTAATGGCACTTTACACT_002,115
CAGTAATGGCACTTTACACT_003,151
TGAAGAAAGCAGCGAAACAT_001,60
TGAAGAAAGCAGCGAAACAT_002,44
TGAAGAAAGCAGCGAAACAT_003,117
TGAAGAAAGCAGCGAAACAT_004,139
TGAAGAAAGCAGCGAAACAT_005,134
TGAAGAAAGCAGCGAAACAT_006,147
TGAAGAAAGCAGCGAAACAT_007,20
TGAAGAAAGCAGCGAAACAT_008,56
TGAAGAAAGCAGCGAAACAT_009,96
TGAAGAAAGCAGCGAAACAT_010,142
CCATAACCCAGTGCACGGCA_001,154
CCATAACCCAGTGCACGGCA_002,73
CCATAACCCAGTGCACGGCA_003,174
CCATAACCCAGTGCACGGCA_004,155
CCATAACCCAGTGCACGGCA_005,40
CCATAACCCAGTGCACGGCA_006,50
CCATAACCCAGTGCACGGCA_007,145
CCATAACCCAGTGCACGGCA_008,45
CCATAACCCAGTGCACGGCA_009,155
CCATAACCCAGTGCACGGCA_010,151
CCATAACCCAGTGCACGGCA_011,150
CCATAACCCAGTGCACGGCA_012,151
CCATAACCCAGTGCACGGCA_013,158
CCATAACCCAGTGCACGGCA_014,148
CCATAACCCAGTGCACGGCA_015,34
CCATAACCCAGTGCACGGCA_016,198
CCATAACCCAGTGCACGGCA_017,94
CCATAACCCAGTGCACGGCA_018,40
CCATAACCCAGTGCACGGCA_019,132
CCATAACCCAGTGCACGGCA_020,77
CCATAACCCAGTGCACGGCA_021,33
CCATAACCCAGTGCACGGCA_022,124
CCATAACCCAGTGCACGGCA_023,46
ATTAAGCGTGATATTCTCCG_001,152
ATTAAGCGTGATATTCTCCG_002,80
ATTAAGCGTGATATTCTCCG_003,139
CTACCAAGAGAATAGCAGCG_001,134
CTACCAAGAGAATAGCAGCG_002,169
CTACCAAGAGAATAGCAGCG_003,17
CTACCAAGAGAATAGCAGCG_004,91
CTACCAAGAGAATAGCAGCG_005,55
CTACCAAGAGAATAGCAGCG_006,60
TATAGGTAATCTTTAGATGG_001,75
CTGAGGCAAGAGCCCAAATG_001,82
CTGAGGCAAGAGCCCAAATG_002,86
CTGAGGCAAGAGCCCAAATG_003,150
CTGAGGCAAGAGCCCAAATG_004,81
CTGAGGCAAGAGCCCAAATG_005,175
CTGAGGCAAGAGCCCAAATG_006,150
CTGAGGCAAGAGCCCAAATG_007,118
CTGAGGCAAGAGCCCAAATG_008,103
CTGAGGCAAGAGCCCAAATG_009,2
CTGAGGCAAGAGCCCAAATG_010,112
CTGAGGCAAGAGCCCAAATG_011,166
CTGAGGCAAGAGCCCAAATG_012,77
CTGAGGCAAGAGCCCAAATG_013,124
CTGAGGCAAGAGCCCAAATG_014,188
AAGGGACGACTATAAGAAAG_001,131
AGAAGCGCTCCGAATTGGAG_001,158
AGAAGCGCTCCGAATTGGAG_002,64
AGAAGCGCTCCGAATTGGAG_003,98
AGAAGCGCTCCGAATTGGAG_004,52
AGAAGCGCTCCGAATTGGAG_005,115
AGAAGCGCTCCGAATTGGAG_006,175
AGAAGCGCTCCGAATTGGAG_007,152
AGAAGCGCTCCGAATTGGAG_008,159
AGAAGCGCTCCGAATTGGAG_009,33
AGAAGCGCTCCGAATTGGAG_010,0
AGAAGCGCTCCGAATTGGAG_011,196
AGAAGCGCTCCGAATTGGAG_012,52
AGAAGCGCTCCGAATTGGAG_013,104
CTGCAAAAATGACTAAGCCG_001,169
CTGCAAAAATGACTAAGCCG_002,145
CTGCAAAAATGACTAAGCCG_003,182
CTGCAAAAATGACTAAGCCG_004,50
CTGCAAAAATGACTAAGCCG_005,192
CTGCAAAAATGACTAAGCCG_006,192
CTGCAAAAATGACTAAGCCG_007,126
CTGCAAAAATGACTAAGCCG_008,18
CTGCAAAAATGACTAAGCCG_009,118
TCATTGCCGAGTAATACAAA_001,136
AACTTGTGGGAACTATGGAT_001,15
AACTTGTGGGAACTATGGAT_002,23
AACTTGTGGGAACTATGGAT_003,111
AACTTGTGGGAACTATGGAT_004,61
AACTTGTGGGAACTATGGAT_005,9
AACTTGTGGGAACTATGGAT_006,84
AACTTGTGGGAACTATGGAT_007,167
AACTTGTGGGAACTATGGAT_008,161
AACTTGTGGGAACTATGGAT_009,2
AACTTGTGGGAACTATGGAT_010,198
AACTTGTGGGAACTATGGAT_011,13
AACTTGTGGGAACTATGGAT_012,34
AGGTGGACACAATCCCTCTG_001,135
AGGTGGACACAATCCCTCTG_002,64
AGGTGGACACAATCCCTCTG_003,67
AGGTGGACACAATCCCTCTG_004,58
AGGTGGACACAATCCCTCTG_005,183
AGGTGGACACAATCCCTCTG_006,68
AGGTGGACACAATCCCTCTG_007,155
AGGTGGACACAATCCCTCTG_008,83
AGGTGGACACAATCCCTCTG_009,58
AGGTGGACACAATCCCTCTG_010,11
AGGTGGACACAATCCCTCTG_011,107
AGGTGGACACAATCCCTCTG_012,129
CCTCATCTTCAGCAAGCATG_001,67
CCTCATCTTCAGCAAGCATG_002,102
CCTCATCTTCAGCAAGCATG_003,187
CCTCATCTTCAGCAAGCATG_004,78
CCTCATCTTCAGCAAGCATG_005,194
CCTCATCTTCAGCAAGCATG_006,161
CCTCATCTTCAGCAAGCATG_007,19
CCTCATCTTCAGCAAGCATG_008,43
GCACCGCTACCGGCCCGGCA_001,198
GCACCGCTACCGGCCCGGCA_002,117
ACAGAAAGAACAATGACCCA_001,159
ACAGAAAGAACAATGACCCA_002,43
GTCCCAGAACTTCGCCCGCG_001,62
GTCCCAGAACTTCGCCCGCG_002,36
GTCCCAGAACTTCGCCCGCG_003,170
GTCCCAGAACTTCGCCCGCG_004,42
GTCCCAGAACTTCGCCCGCG_005,9
GTCCCAGAACTTCGCCCGCG_006,160
GTCCCAGAACTTCGCCCGCG_007,140
GTCCCAGAACTTCGCCCGCG_008,53
GTCCCAGAACTTCGCCCGCG_009,138
GTCCCAGAACTTCGCCCGCG_010,12
GTCCCAGAACTTCGCCCGCG_011,106
GTCCCAGAACTTCGCCCGCG_012,78
CATCACGCTGCTCAACGGCG_001,145
CATCACGCTGCTCAACGGCG_002,83
CATCACGCTGCTCAACGGCG_003,42
CATCACGCTGCTCAACGGCG_004,94
CATCACGCTGCTCAACGGCG_005,88
CATCACGCTGCTCAACGGCG_006,94
CATCACGCTGCTCAACGGCG_007,169
CATCACGCTGCTCAACGGCG_008,17
CATCACGCTGCTCAACGGCG_009,64
CATCACGCTGCTCAACGGCG_010,1
CATCACGCTGCTCAACGGCG_011,9
CCGTCCGTGGAAAAGGCAGG_001,199
CCGTCCGTGGAAAAGGCAGG_002,107
CCGTCCGTGGAAAAGGCAGG_003,141
CCGTCCGTGGAAAAGGCAGG_004,41
CCGTCCGTGGAAAAGGCAGG_005,14
TCTCAAGGCCTGACTCACAG_001,19
TCTCAAGGCCTGACTCACAG_002,177
AGTGCACTAAAGAGCAATGC_001,115
AGTGCACTAAAGAGCAATGC_002,130
AGTGCACTAAAGAGCAATGC_003,58
AGTGCACTAAAGAGCAATGC_004,118
AGTGCACTAAAGAGCAATGC_005,108
AGTGCACTAAAGAGCAATGC_006,168
AGTGCACTAAAGAGCAATGC_007,77
AGTGCACTAAAGAGCAATGC_008,150
CAAGATCTCAGAACATGTAG_001,17
CAAGATCTCAGAACATGTAG_002,160
CAAGATCTCAGAACATGTAG_003,57
CAAGATCTCAGAACATGTAG_004,37
CAAGATCTCAGAACATGTAG_005,10
CAAGATCTCAGAACATGTAG_006,107
CAAGATCTCAGAACATGTAG_007,60
CAAGATCTCAGAACATGTAG_008,122
CAAGATCTCAGAACATGTAG_009,186
CAAGATCTCAGAACATGTAG_010,97
CAAGATCTCAGAACATGTAG_011,92
GAGTTCCAGGAGATTCAACC_001,58
GAGTTCCAGGAGATTCAACC_002,181
GAGTTCCAGGAGATTCAACC_003,119
GAGTTCCAGGAGATTCAACC_004,39
ATTCCTGCTGCGTTCCCGCG_001,188
ATTCCTGCTGCGTTCCCGCG_002,172
ATTCCTGCTGCGTTCCCGCG_003,15
ATTCCTGCTGCGTTCCCGCG_004,125
ATTCCTGCTGCGTTCCCGCG_005,12
ATTCCTGCTGCGTTCCCGCG_006,184
ATTCCTGCTGCGTTCCCGCG_007,94
ATTCCTGCTGCGTTCCCGCG_008,195
ATTCCTGCTGCGTTCCCGCG_009,158
ATTCCTGCTGCGTTCCCGCG_010,32
CTTCACTACTTCAATGGACG_001,29
CTTCACTACTTCAATGGACG_002,103
CTTCACTACTTCAATGGACG_003,56
CTTCACTACTTCAATGGACG_004,66
ACGAGAACGACAACCCGCCT_001,169
ACGAGAACGACAACCCGCCT_002,81
ACGAGAACGACAACCCGCCT_003,121
ACGAGAACGACAACCCGCCT_004,1
ACGAGAACGACAACCCGCCT_005,162
ACGAGAACGACAACCCGCCT_006,16
ACGAGAACGACAACCCGCCT_007,67
ACGAGAACGACAACCCGCCT_008,14
ACGAGAACGACAACCCGCCT_009,78
ACGAGAACGACAACCCGCCT_010,88
ACGAGAACGACAACCCGCCT_011,171
ACGAGAACGACAACCCGCCT_012,94
ACGAGAACGACAACCCGCCT_013,102
ACGAGAACGACAACCCGCCT_014,154
ACGAGAACGACAACCCGCCT_015,136
ACGAGAACGACAACCCGCCT_016,81
ACGAGAACGACAACCCGCCT_017,61
GCAGCTCACCACAATAGTTG_001,156
GCAGCTCACCACAATAGTTG_002,115
GCAGCTCACCACAATAGTTG_003,17
CAACATGCTCATCTCAACTG_001,178
CAACATGCTCATCTCAACTG_002,42
CAACATGCTCATCTCAACTG_003,105
GAGGGCAGGTGCGTAAACGG_001,55
GAGGGCAGGTGCGTAAACGG_002,4
GAGGGCAGGTGCGTAAACGG_003,50
GAGGGCAGGTGCGTAAACGG_004,169
GAGGGCAGGTGCGTAAACGG_005,169
GAGGGCAGGTGCGTAAACGG_006,102
GAGGGCAGGTGCGTAAACGG_007,146
GCGCTGGTTGAGCCCGTCGT_001,13
GCGCTGGTTGAGCCCGTCGT_002,133
GCGCTGGTTGAGCCCGTCGT_003,12
GCGCTGGTTGAGCCCGTCGT_004,182
GCGCTGGTTGAGCCCGTCGT_005,8
GCGCTGGTTGAGCCCGTCGT_006,81
GCGCTGGTTGAGCCCGTCGT_007,1
GCGCTGGTTGAGCCCGTCGT_008,188
GCGCTGGTTGAGCCCGTCGT_009,197
GCGCTGGTTGAGCCCGTCGT_010,88
GCGCTGGTTGAGCCCGTCGT_011,168
GCGCTGGTTGAGCCCGTCGT_012,8
GCGCTGGTTGAGCCCGTCGT_013,129
GCGCTGGTTGAGCCCGTCGT_014,169
GCGCTGGTTGAGCCCGTCGT_015,150
GCGCTGGTTGAGCCCGTCGT_016,12
GGCGTCAGACTCCTGCACGC_001,30
GGCGTCAGACTCCTGCACGC_002,119
GGCGTCAGACTCCTGCACGC_003,72
GGCGTCAGACTCCTGCACGC_004,125
GGCGTCAGACTCCTGCACGC_005,134
GGCGTCAGACTCCTGCACGC_006,174
GGCGTCAGACTCCTGCACGC_007,53
GGCGTCAGACTCCTGCACGC_008,15
GGCGTCAGACTCCTGCACGC_009,182
GGCGTCAGACTCCTGCACGC_010,83
GGCGTCAGACTCCTGCACGC_011,160
GGCGTCAGACTCCTGCACGC_012,128
GGCGTCAGACTCCTGCACGC_013,75
GGCGTCAGACTCCTGCACGC_014,75
GGCGTCAGACTCCTGCACGC_015,113
GGCGTCAGACTCCTGCACGC_016,38
GGCGTCAGACTCCTGCACGC_017,138
GGCGTCAGACTCCTGCACGC_018,191
GGCGTCAGACTCCTGCACGC_019,114
GGCGTCAGACTCCTGCACGC_020,4
GGCGTCAGACTCCTGCACGC_021,169
GGCGTCAGACTCCTGCACGC_022,184
GGCGTCAGACTCCTGCACGC_023,138
GGCGTCAGACTCCTGCACGC_024,154
GGCGTCAGACTCCTGCACGC_025,41
GGCGTCAGACTCCTGCACGC_026,40
GGCGTCAGACTCCTGCACGC_027,168
GGCTGTACCATAGCCAGCGG_001,99
GGCTGTACCATAGCCAGCGG_002,176
GGCTGTACCATAGCCAGCGG_003,62
GGCTGTACCATAGCCAGCGG_004,53
GGCTGTACCATAGCCAGCGG_005,113
GGCTGTACCATAGCCAGCGG_006,188
GGCTGTACCATAGCCAGCGG_007,150
GGCTGTACCATAGCCAGCGG_008,143
GGCTGTACCATAGCCAGCGG_009,143
GGCTGTACCATAGCCAGCGG_010,185
GGCTGTACCATAGCCAGCGG_011,148
GGCTGTACCATAGCCAGCGG_012,50
GGCTGTACCATAGCCAGCGG_013,92
GGCTGTACCATAGCCAGCGG_014,8
GGCTGTACCATAGCCAGCGG_015,38
GGCTGTACCATAGCCAGCGG_016,91
GGCTGTACCATAGCCAGCGG_017,46
GGCTGTACCATAGCCAGCGG_018,180
GGCTGTACCATAGCCAGCGG_019,111
GGCTGTACCATAGCCAGCGG_020,111
GGCTGTACCATAGCCAGCGG_021,166
GGCTGTACCATAGCCAGCGG_022,146
GGCTGTACCATAGCCAGCGG_023,76
TGGAGCGGCCAGATACCTGT_001,45
AATATCCCAGAGAGAGCAAG_001,1
AATATCCCAGAGAGAGCAAG_002,127
AATATCCCAGAGAGAGCAAG_003,140
AATATCCCAGAGAGAGCAAG_004,0
AATATCCCAGAGAGAGCAAG_005,89
AATATCCCAGAGAGAGCAAG_006,144
AATATCCCAGAGAGAGCAAG_007,115
AATATCCCAGAGAGAGCAAG_008,94
AATATCCCAGAGAGAGCAAG_009,93
AATATCCCAGAGAGAGCAAG_010,11
AATATCCCAGAGAGAGCAAG_011,104
AATATCCCAGAGAGAGCAAG_012,56
AATATCCCAGAGAGAGCAAG_013,178
AATATCCCAGAGAGAGCAAG_014,167
AATATCCCAGAGAGAGCAAG_015,19
AATATCCCAGAGAGAGCAAG_016,94
AATATCCCAGAGAGAGCAAG_017,33
AATATCCCAGAGAGAGCAAG_018,133
AATATCCCAGAGAGAGCAAG_019,28
AATATCCCAGAGAGAGCAAG_020,58
AATATCCCAGAGAGAGCAAG_021,80
AATATCCCAGAGAGAGCAAG_022,36
AATATCCCAGAGAGAGCAAG_023,10
AAATCCTTACAAAACCCTAG_001,80
AAATCCTTACAAAACCCTAG_002,123
ACTGCACAAATAACATCCAC_001,147
ACTGCACAAATAACATCCAC_002,24
ACTGCACAAATAACATCCAC_003,50
ACTGCACAAATAACATCCAC_004,114
ACTGCACAAATAACATCCAC_005,93
ACTGCACAAATAACATCCAC_006,77
ACTGCACAAATAACATCCAC_007,160
ACTGCACAAATAACATCCAC_008,181
ACTGCACAAATAACATCCAC_009,63
ACTGCACAAATAACATCCAC_010,171
ACTGCACAAATAACATCCAC_011,158
ACTGCACAAATAACATCCAC_012,38
ACTGCACAAATAACATCCAC_013,62
ACTGCACAAATAACATCCAC_014,146
CAGGTAGGCACGAAGCACAC_001,15
CAGGTAGGCACGAAGCACAC_002,29
CAGGTAGGCACGAAGCACAC_003,193
CAGGTAGGCACGAAGCACAC_004,135
CAGGTAGGCACGAAGCACAC_005,37
CAGGTAGGCACGAAGCACAC_006,133
CAGGTAGGCACGAAGCACAC_007,185
CAGGTAGGCACGAAGCACAC_008,11
ACATGGGGGACTGTAAACGA_001,177
ACATGGGGGACTGTAAACGA_002,43
ACATGGGGGACTGTAAACGA_003,59
GCAGGTTGTGTTGTCAACAA_001,8
GCAGGTTGTGTTGTCAACAA_002,83
GCAGGTTGTGTTGTCAACAA_003,61
GCAGGTTGTGTTGTCAACAA_004,60
GCAGGTTGTGTTGTCAACAA_005,149
GCAGGTTGTGTTGTCAACAA_006,114
GCTACAGGACTCTACTATGG_001,190
GCTACAGGACTCTACTATGG_002,93
GCTACAGGACTCTACTATGG_003,94
GCTACAGGACTCTACTATGG_004,156
GCTACAGGACTCTACTATGG_005,41
GCTACAGGACTCTACTATGG_006,76
GCTACAGGACTCTACTATGG_007,159
GCTACAGGACTCTACTATGG_008,54
CCCCATCTCGACTCTTAGAG_001,40
CCCCATCTCGACTCTTAGAG_002,112
CCCCATCTCGACTCTTAGAG_003,21
CCCCATCTCGACTCTTAGAG_004,19
CCCCATCTCGACTCTTAGAG_005,147
CCCCATCTCGACTCTTAGAG_006,49
CCCCATCTCGACTCTTAGAG_007,88
CCCCATCTCGACTCTTAGAG_008,166
CCCCATCTCGACTCTTAGAG_009,36
CCCCATCTCGACTCTTAGAG_010,183
CCCCATCTCGACTCTTAGAG_011,108
AAAGGGTGAACAGATCGCTA_001,22
AAAGGGTGAACAGATCGCTA_002,101
AAAGGGTGAACAGATCGCTA_003,75
AAAGGGTGAACAGATCGCTA_004,26
AGACACTGCGATTCAAACAG_001,118
AGACACTGCGATTCAAACAG_002,184
AGCCATGAGAAACAAGCTAG_001,77
AGCCATGAGAAACAAGCTAG_002,171
AGCCATGAGAAACAAGCTAG_003,34
AGCCATGAGAAACAAGCTAG_004,120
AGCCATGAGAAACAAGCTAG_005,20
AGCCATGAGAAACAAGCTAG_006,157
AGCCATGAGAAACAAGCTAG_007,68
AGCCATGAGAAACAAGCTAG_008,41
ATCCCACCAATGCAGAGGTC_001,37
ATCCCACCAATGCAGAGGTC_002,181
ATCCCACCAATGCAGAGGTC_003,60
ATCCCACCAATGCAGAGGTC_004,62
ATCCCACCAATGCAGAGGTC_005,9
ATCCCACCAATGCAGAGGTC_006,147
ATCCCACCAATGCAGAGGTC_007,198
ATCCCACCAATGCAGAGGTC_008,121
ATCCCACCAATGCAGAGGTC_009,174
ATCCCACCAATGCAGAGGTC_010,187
ATCCCACCAATGCAGAGGTC_011,94
ATCCCACCAATGCAGAGGTC_012,108
ATCCCACCAATGCAGAGGTC_013,145
ATCCCACCAATGCAGAGGTC_014,25
ATCCCACCAATGCAGAGGTC_015,60
ATCCCACCAATGCAGAGGTC_016,10
ATCCCACCAATGCAGAGGTC_017,25
CTACTTGCTCAGTCATCCCG_001,198
CTACTTGCTCAGTCATCCCG_002,36
CTACTTGCTCAGTCATCCCG_003,48
CTACTTGCTCAGTCATCCCG_004,177
CTACTTGCTCAGTCATCCCG_005,15
CTACTTGCTCAGTCATCCCG_006,156
CTACTTGCTCAGTCATCCCG_007,68
CTACTTGCTCAGTCATCCCG_008,127
CTACTTGCTCAGTCATCCCG_009,166
CTACTTGCTCAGTCATCCCG_010,151
CTACTTGCTCAGTCATCCCG_011,147
CTACTTGCTCAGTCATCCCG_012,160
CTACTTGCTCAGTCATCCCG_013,91
CTACTTGCTCAGTCATCCCG_014,104
CTACTTGCTCAGTCATCCCG_015,52
CTACTTGCTCAGTCATCCCG_016,154
CTACTTGCTCAGTCATCCCG_017,188
CTACTTGCTCAGTCATCCCG_018,61
CTACTTGCTCAGTCATCCCG_019,65
CTACTTGCTCAGTCATCCCG_020,69
TGAGCCACCAATGTCTAGTG_001,88
TGCTAATGACTCCAGAAACA_001,32
ATCTGATGGTGAATATGATG_001,127
ATCTGATGGTGAATATGATG_002,0
ATCTGATGGTGAATATGATG_003,140
ATCTGATGGTGAATATGATG_004,107
ATCTGATGGTGAATATGATG_005,73
TAAAGGCATAGCTGCAGGTG_001,34
TAAAGGCATAGCTGCAGGTG_002,174
GACACACAGAACCTTCCGAG_001,14
GACACACAGAACCTTCCGAG_002,1
GACACACAGAACCTTCCGAG_003,115
GACACACAGAACCTTCCGAG_004,185
GACACACAGAACCTTCCGAG_005,27
GACACACAGAACCTTCCGAG_006,137
GACACACAGAACCTTCCGAG_007,78
GACACACAGAACCTTCCGAG_008,26
GACACACAGAACCTTCCGAG_009,149
GACACACAGAACCTTCCGAG_010,126
GACACACAGAACCTTCCGAG_011,121
GACACACAGAACCTTCCGAG_012,11
GACACACAGAACCTTCCGAG_013,125
GACACACAGAACCTTCCGAG_014,149
GACACACAGAACCTTCCGAG_015,77
GACACACAGAACCTTCCGAG_016,41
GACACACAGAACCTTCCGAG_017,106
GACACACAGAACCTTCCGAG_018,176
GACACACAGAACCTTCCGAG_019,41
GACACACAGAACCTTCCGAG_020,197
GACACACAGAACCTTCCGAG_021,148
GACACACAGAACCTTCCGAG_022,177
GGGCTGGGCATGGATATACA_001,70
GGGCTGGGCATGGATATACA_002,187
GGGCTGGGCATGGATATACA_003,118
GGGCTGGGCATGGATATACA_004,95
GGGCTGGGCATGGATATACA_005,53
GGGCTGGGCATGGATATACA_006,190
GGGCTGGGCATGGATATACA_007,40
GGGCTGGGCATGGATATACA_008,161
ATGTGGCAATCACCTCACGT_001,94
ATGTGGCAATCACCTCACGT_002,157
ATAATATCGAGCTAGGCCAG_001,121
ATAATATCGAGCTAGGCCAG_002,141
ATAATATCGAGCTAGGCCAG_003,15
ATAATATCGAGCTAGGCCAG_004,134
ATAATATCGAGCTAGGCCAG_005,168
ATAATATCGAGCTAGGCCAG_006,136
ATAATATCGAGCTAGGCCAG_007,94
ATAATATCGAGCTAGGCCAG_008,40
ATAATATCGAGCTAGGCCAG_009,198
CTACGACAGTCACTTCGATG_001,159
CTACGACAGTCACTTCGATG_002,191
CTACGACAGTCACTTCGATG_003,113
CTACGACAGTCACTTCGATG_004,12
CTACGACAGTCACTTCGATG_005,84
CTACGACAGTCACTTCGATG_006,78
CTACGACAGTCACTTCGATG_007,106
CTACGACAGTCACTTCGATG_008,47
CTACGACAGTCACTTCGATG_009,191
CTACGACAGTCACTTCGATG_010,130
CTACGACAGTCACTTCGATG_011,137
CTACGACAGTCACTTCGATG_012,63
CTACGACAGTCACTTCGATG_013,76
CAAGGATCGAATATAAGCAC_001,48
CAAGGATCGAATATAAGCAC_002,8
CAAGGATCGAATATAAGCAC_003,63
CAAGGATCGAATATAAGCAC_004,103
AGGCGGCCAAAGATAACAGG_001,15
AGGCGGCCAAAGATAACAGG_002,40
AGGCGGCCAAAGATAACAGG_003,197
AAGAATCGACAGCGTCAGCT_001,96
AAGAATCGACAGCGTCAGCT_002,34
AAGAATCGACAGCGTCAGCT_003,19
AAGAATCGACAGCGTCAGCT_004,12
AAGAATCGACAGCGTCAGCT_005,155
AAGAATCGACAGCGTCAGCT_006,77
AGCCGCGCCGACTACGCTGG_001,173
AGCCGCGCCGACTACGCTGG_002,77
AGCCGCGCCGACTACGCTGG_003,148
AGCCGCGCCGACTACGCTGG_004,133
AGCCGCGCCGACTACGCTGG_005,153
AGCCGCGCCGACTACGCTGG_006,105
AGCCGCGCCGACTACGCTGG_007,185
AGCCGCGCCGACTACGCTGG_008,69
AGCCGCGCCGACTACGCTGG_009,195
AGCCGCGCCGACTACGCTGG_010,144
AGCCGCGCCGACTACGCTGG_011,17
AGCCGCGCCGACTACGCTGG_012,58
AGCCGCGCCGACTACGCTGG_013,173
AGCCGCGCCGACTACGCTGG_014,173
AGCCGCGCCGACTACGCTGG_015,42
AGCCGCGCCGACTACGCTGG_016,100
CTGGATTGACCTTTATATGT_001,19
CTGGATTGACCTTTATATGT_002,184
CTGGATTGACCTTTATATGT_003,82
CTGGATTGACCTTTATATGT_004,152
CTGGATTGACCTTTATATGT_005,135
AGTAAACTGAAGCGTGACGA_001,168
AGTAAACTGAAGCGTGACGA_002,105
AGTAAACTGAAGCGTGACGA_003,161
AGTAAACTGAAGCGTGACGA_004,167
AGTAAACTGAAGCGTGACGA_005,167
AGTAAACTGAAGCGTGACGA_006,139
AGTAAACTGAAGCGTGACGA_007,159
AGTAAACTGAAGCGTGACGA_008,17
AAGGCCTAGATATTTACTGG_001,144
GCAATGAAGTATAGATGGTG_001,12
GCAATGAAGTATAGATGGTG_002,30
GCAATGAAGTATAGATGGTG_003,122
GCTTGCGTAATGGAATGTGA_001,12
GCTTGCGTAATGGAATGTGA_002,22
GCTTGCGTAATGGAATGTGA_003,1
GCTTGCGTAATGGAATGTGA_004,111
GCTTGCGTAATGGAATGTGA_005,135
GCTTGCGTAATGGAATGTGA_006,156
GCTTGCGTAATGGAATGTGA_007,53
GCTTGCGTAATGGAATGTGA_008,2
GCTTGCGTAATGGAATGTGA_009,4
GCTTGCGTAATGGAATGTGA_010,152
GCTTGCGTAATGGAATGTGA_011,26
GCTTGCGTAATGGAATGTGA_012,151
GCTTGCGTAATGGAATGTGA_013,147
GCTTGCGTAATGGAATGTGA_014,29
GCTTGCGTAATGGAATGTGA_015,193
GCTTGCGTAATGGAATGTGA_016,105
GCTTGCGTAATGGAATGTGA_017,19
GCTTGCGTAATGGAATGTGA_018,27
GCTTGCGTAATGGAATGTGA_019,56
GCTTGCGTAATGGAATGTGA_020,68
GCTTGCGTAATGGAATGTGA_021,99
GCTTGCGTAATGGAATGTGA_022,19
GCTTGCGTAATGGAATGTGA_023,34
GCTTGCGTAATGGAATGTGA_024,152
GCTTGCGTAATGGAATGTGA_025,138
AAAGACTCTGAGACCCACAA_001,183
AAAGACTCTGAGACCCACAA_002,28
AAAGACTCTGAGACCCACAA_003,8
AAAGACTCTGAGACCCACAA_004,142
AAAGACTCTGAGACCCACAA_005,87
AAAGACTCTGAGACCCACAA_006,60
AAAGACTCTGAGACCCACAA_007,76
AAAGACTCTGAGACCCACAA_008,48
AAAGACTCTGAGACCCACAA_009,22
AAAGACTCTGAGACCCACAA_010,134
AAAGACTCTGAGACCCACAA_011,149
AAAGACTCTGAGACCCACAA_012,148
AAAGACTCTGAGACCCACAA_013,77
AAAGACTCTGAGACCCACAA_014,87
AAAGACTCTGAGACCCACAA_015,166
AAAGACTCTGAGACCCACAA_016,199
AAAGACTCTGAGACCCACAA_017,47
AAAGACTCTGAGACCCACAA_018,173
AAAGACTCTGAGACCCACAA_019,17
AAAGACTCTGAGACCCACAA_020,2
AAAGACTCTGAGACCCACAA_021,17
AAAGACTCTGAGACCCACAA_022,199
AAAGACTCTGAGACCCACAA_023,77
TACCTGAGGATCGATAAAAG_001,115
TACCTGAGGATCGATAAAAG_002,9
TACCTGAGGATCGATAAAAG_003,133
TACCTGAGGATCGATAAAAG_004,199
TACCTGAGGATCGATAAAAG_005,184
TACCTGAGGATCGATAAAAG_006,88
TACCTGAGGATCGATAAAAG_007,91
TACCTGAGGATCGATAAAAG_008,128
TACCTGAGGATCGATAAAAG_009,191
CTGGTAATGAGGAACAAACA_001,31
CTGGTAATGAGGAACAAACA_002,110
CTGGTAATGAGGAACAAACA_003,67
CTGGTAATGAGGAACAAACA_004,184
CTGGTAATGAGGAACAAACA_005,50
CTGGTAATGAGGAACAAACA_006,115
CTGGTAATGAGGAACAAACA_007,140
CCTCGAACTCCATCAGACTG_001,127
CCTCGAACTCCATCAGACTG_002,150
CCTCGAACTCCATCAGACTG_003,118
CCTCGAACTCCATCAGACTG_004,196
CCTCGAACTCCATCAGACTG_005,106
CCTCGAACTCCATCAGACTG_006,94
CCTCGAACTCCATCAGACTG_007,180
CCTCGAACTCCATCAGACTG_008,64
CCTCGAACTCCATCAGACTG_009,80
CCTCGAACTCCATCAGACTG_010,108
CCAATGGTTGCACCGCAAAG_001,175
CCAATGGTTGCACCGCAAAG_002,15
CCAATGGTTGCACCGCAAAG_003,84
CCAATGGTTGCACCGCAAAG_004,182
CCAATGGTTGCACCGCAAAG_005,151
CCAATGGTTGCACCGCAAAG_006,146
CCAATGGTTGCACCGCAAAG_007,75
CCAATGGTTGCACCGCAAAG_008,113
CCAATGGTTGCACCGCAAAG_009,61
CCAATGGTTGCACCGCAAAG_010,61
CCAATGGTTGCACCGCAAAG_011,155
CCAATGGTTGCACCGCAAAG_012,78
CCAATGGTTGCACCGCAAAG_013,101
CCAATGGTTGCACCGCAAAG_014,2
CCAATGGTTGCACCGCAAAG_015,194
CCAATGGTTGCACCGCAAAG_016,43
CCAATGGTTGCACCGCAAAG_017,88
CCAATGGTTGCACCGCAAAG_018,188
CCAATGGTTGCACCGCAAAG_019,23
CCAATGGTTGCACCGCAAAG_020,15
CCAATGGTTGCACCGCAAAG_021,50
CCAATGGTTGCACCGCAAAG_022,76
CCAATGGTTGCACCGCAAAG_023,126
CCAATGGTTGCACCGCAAAG_024,123
CAGGCTTGGAACCAGGTCCG_001,119
CAGGCTTGGAACCAGGTCCG_002,94
CAGGCTTGGAACCAGGTCCG_003,175
CAGGCTTGGAACCAGGTCCG_004,38
CAGGCTTGGAACCAGGTCCG_005,129
CAGGCTTGGAACCAGGTCCG_006,151
CAGGCTTGGAACCAGGTCCG_007,8
CAGGCTTGGAACCAGGTCCG_008,198
CAGGCTTGGAACCAGGTCCG_009,12
CAGGCTTGGAACCAGGTCCG_010,169
CAGGCTTGGAACCAGGTCCG_011,192
CAGGCTTGGAACCAGGTCCG_012,87
CAGGCTTGGAACCAGGTCCG_013,124
CAGGCTTGGAACCAGGTCCG_014,70
CAGGCTTGGAACCAGGTCCG_015,63
CAGGCTTGGAACCAGGTCCG_016,184
CAGGCTTGGAACCAGGTCCG_017,198
CAGGCTTGGAACCAGGTCCG_018,58
CAGGCTTGGAACCAGGTCCG_019,83
CAGGCTTGGAACCAGGTCCG_020,121
CAGGCTTGGAACCAGGTCCG_021,0
CAGGCTTGGAACCAGGTCCG_022,153
CAGGCTTGGAACCAGGTCCG_023,149
CAGGCTTGGAACCAGGTCCG_024,117
GCATCTCCCGGTCACGAACG_001,28
CTGTCGCTGAGCCCACTGCG_001,79
CTGTCGCTGAGCCCACTGCG_002,79
CTGTCGCTGAGCCCACTGCG_003,78
CTGTCGCTGAGCCCACTGCG_004,137
CTGTCGCTGAGCCCACTGCG_005,160
CTGTCGCTGAGCCCACTGCG_006,174
CTGTCGCTGAGCCCACTGCG_007,140
CTGTCGCTGAGCCCACTGCG_008,15
CTGTCGCTGAGCCCACTGCG_009,44
CTGTCGCTGAGCCCACTGCG_010,143
CTGTCGCTGAGCCCACTGCG_011,51
CTGTCGCTGAGCCCACTGCG_012,88
CTGTCGCTGAGCCCACTGCG_013,41
CTGTCGCTGAGCCCACTGCG_014,190
CTGTCGCTGAGCCCACTGCG_015,150
TGAGGAAGTCACAACCCAAG_001,147
TGAGGAAGTCACAACCCAAG_002,147
TGAGGAAGTCACAACCCAAG_003,170
TGAGGAAGTCACAACCCAAG_004,15
TGAGGAAGTCACAACCCAAG_005,42
TGAGGAAGTCACAACCCAAG_006,136
TGAGGAAGTCACAACCCAAG_007,37
TGAGGAAGTCACAACCCAAG_008,189
CTTAGTATGTGTATTCAGAC_001,57
CTTAGTATGTGTATTCAGAC_002,147
CTTAGTATGTGTATTCAGAC_003,147
GCTGAACGTTGGGAATCAGC_001,17
ATGGGCCGGACATAAGCCGT_001,172
ATGGGCCGGACATAAGCCGT_002,137
ATGGGCCGGACATAAGCCGT_003,127
ATGGGCCGGACATAAGCCGT_004,34
ATGGGCCGGACATAAGCCGT_005,34
ATGGGCCGGACATAAGCCGT_006,7
ATGGGCCGGACATAAGCCGT_007,94
ATGGGCCGGACATAAGCCGT_008,48
ATGGGCCGGACATAAGCCGT_009,123
ATGGGCCGGACATAAGCCGT_010,125
ATGGGCCGGACATAAGCCGT_011,94
ATGGGCCGGACATAAGCCGT_012,134
ATGGGCCGGACATAAGCCGT_013,5
ATGGGCCGGACATAAGCCGT_014,2
ATGGGCCGGACATAAGCCGT_015,177
ATGGGCCGGACATAAGCCGT_016,19
ATGGGCCGGACATAAGCCGT_017,1
GACGATGCCTACGATCATCA_001,72
GACGATGCCTACGATCATCA_002,150
GACGATGCCTACGATCATCA_003,63
GACGATGCCTACGATCATCA_004,30
GGAAGAATTTCGCACGATGT_001,140
GGAAGAATTTCGCACGATGT_002,171
GGAAGAATTTCGCACGATGT_003,58
GGAAGAATTTCGCACGATGT_004,58
GGAAGAATTTCGCACGATGT_005,183
GGAAGAATTTCGCACGATGT_006,69
GGAAGAATTTCGCACGATGT_007,5
GGAAGAATTTCGCACGATGT_008,45
GGAAGAATTTCGCACGATGT_009,16
GGAAGAATTTCGCACGATGT_010,145
GGAAGAATTTCGCACGATGT_011,175
GGAAGAATTTCGCACGATGT_012,164
TCCACATCATCCGATCAAGG_001,84
TCCACATCATCCGATCAAGG_002,7
CACACCCCAGAAAACGCTGG_001,43
CACACCCCAGAAAACGCTGG_002,145
CACACCCCAGAAAACGCTGG_003,17
CACACCCCAGAAAACGCTGG_004,115
CACACCCCAGAAAACGCTGG_005,83
CACACCCCAGAAAACGCTGG_006,43
CACACCCCAGAAAACGCTGG_007,124
CACACCCCAGAAAACGCTGG_008,127
CACACCCCAGAAAACGCTGG_009,94
CACACCCCAGAAAACGCTGG_010,8
CACACCCCAGAAAACGCTGG_011,60
CACACCCCAGAAAACGCTGG_012,62
CACACCCCAGAAAACGCTGG_013,29
CACACCCCAGAAAACGCTGG_014,44
CACACCCCAGAAAACGCTGG_015,147
CACACCCCAGAAAACGCTGG_016,137
CTGACCAGGAGTCTCGCTCG_001,156
CTGACCAGGAGTCTCGCTCG_002,28
AACGGTTGTAAGGAAGCCAT_001,160
AACGGTTGTAAGGAAGCCAT_002,54
AACGGTTGTAAGGAAGCCAT_003,51
AACGGTTGTAAGGAAGCCAT_004,51
AACGGTTGTAAGGAAGCCAT_005,169
AACGGTTGTAAGGAAGCCAT_006,187
AACGGTTGTAAGGAAGCCAT_007,48
AACGGTTGTAAGGAAGCCAT_008,112
AACGGTTGTAAGGAAGCCAT_009,116
AACGGTTGTAAGGAAGCCAT_010,129
AACGGTTGTAAGGAAGCCAT_011,115
AACGGTTGTAAGGAAGCCAT_012,127
AACGGTTGTAAGGAAGCCAT_013,88
AACGGTTGTAAGGAAGCCAT_014,130
AACGGTTGTAAGGAAGCCAT_015,120
AACGGTTGTAAGGAAGCCAT_016,25
AACGGTTGTAAGGAAGCCAT_017,125
AACGGTTGTAAGGAAGCCAT_018,69
AACGGTTGTAAGGAAGCCAT_019,10
AACGGTTGTAAGGAAGCCAT_020,94
GAGCTTGGTGGAGAACGCGC_001,156
GAGCTTGGTGGAGAACGCGC_002,5
GAGCTTGGTGGAGAACGCGC_003,171
GAGCTTGGTGGAGAACGCGC_004,20
GAGCTTGGTGGAGAACGCGC_005,194
GAGCTTGGTGGAGAACGCGC_006,61
GAGCTTGGTGGAGAACGCGC_007,54
GAGCTTGGTGGAGAACGCGC_008,114
GAGCTTGGTGGAGAACGCGC_009,106
GAGCTTGGTGGAGAACGCGC_010,123
GAGCTTGGTGGAGAACGCGC_011,130
GAGCTTGGTGGAGAACGCGC_012,16
GAGCTTGGTGGAGAACGCGC_013,162
GAGCTTGGTGGAGAACGCGC_014,41
GAGCTTGGTGGAGAACGCGC_015,163
GAGCTTGGTGGAGAACGCGC_016,116
GAGCTTGGTGGAGAACGCGC_017,148
GAGCTTGGTGGAGAACGCGC_018,59
GAGCTTGGTGGAGAACGCGC_019,30
GAGCTTGGTGGAGAACGCGC_020,4
GAGCTTGGTGGAGAACGCGC_021,36
GAGCTTGGTGGAGAACGCGC_022,172
GAGCTTGGTGGAGAACGCGC_023,57
GAGCTTGGTGGAGAACGCGC_024,197
GAGCTTGGTGGAGAACGCGC_025,17
GAGCTTGGTGGAGAACGCGC_026,197
GAGCTTGGTGGAGAACGCGC_027,47
GAGCTTGGTGGAGAACGCGC_028,32
TACTTACTCAAAGTAATCGA_001,144
CCATCAGATCCGGTTACCGG_001,182
CCATCAGATCCGGTTACCGG_002,30
CCATCAGATCCGGTTACCGG_003,13
CCATCAGATCCGGTTACCGG_004,162
CCATCAGATCCGGTTACCGG_005,168
CCATCAGATCCGGTTACCGG_006,188
CCATCAGATCCGGTTACCGG_007,56
CCATCAGATCCGGTTACCGG_008,55
CCATCAGATCCGGTTACCGG_009,170
CCATCAGATCCGGTTACCGG_010,127
CTGGACCAGAGGACGGAAGG_001,191
CTGGACCAGAGGACGGAAGG_002,132
CTGGACCAGAGGACGGAAGG_003,50
CTGGACCAGAGGACGGAAGG_004,172
CTGGACCAGAGGACGGAAGG_005,184
CTGGACCAGAGGACGGAAGG_006,64
CTGGACCAGAGGACGGAAGG_007,23
CTGGACCAGAGGACGGAAGG_008,138
CTGGACCAGAGGACGGAAGG_009,177
CTGGACCAGAGGACGGAAGG_010,195
CTGGACCAGAGGACGGAAGG_011,54
CTGGACCAGAGGACGGAAGG_012,167
CTGGACCAGAGGACGGAAGG_013,167
CTGGACCAGAGGACGGAAGG_014,175
CTGGACCAGAGGACGGAAGG_015,63
CTGGACCAGAGGACGGAAGG_016,48
CTGGACCAGAGGACGGAAGG_017,107
CTGGACCAGAGGACGGAAGG_018,141
CTGGACCAGAGGACGGAAGG_019,91
CTGGACCAGAGGACGGAAGG_020,127
CTGGACCAGAGGACGGAAGG_021,37
GATATCCCGCGAAAAAATCT_001,176
GATATCCCGCGAAAAAATCT_002,88
GATATCCCGCGAAAAAATCT_003,198
GATATCCCGCGAAAAAATCT_004,39
ACGGTCATCAAAAGCTACAT_001,49
ACGGTCATCAAAAGCTACAT_002,45
ACGGTCATCAAAAGCTACAT_003,169
ACGGTCATCAAAAGCTACAT_004,163
ACGGTCATCAAAAGCTACAT_005,193
ACGGTCATCAAAAGCTACAT_006,88
ACGGTCATCAAAAGCTACAT_007,137
ACGGTCATCAAAAGCTACAT_008,65
ACGGTCATCAAAAGCTACAT_009,1
ACGGTCATCAAAAGCTACAT_010,56
ACGGTCATCAAAAGCTACAT_011,8
ACGGTCATCAAAAGCTACAT_012,156
ACGGTCATCAAAAGCTACAT_013,180
ACGGTCATCAAAAGCTACAT_014,69
ATTTAGGATCACGGCGCTAC_001,166
ATTTAGGATCACGGCGCTAC_002,50
ATTTAGGATCACGGCGCTAC_003,15
ATTTAGGATCACGGCGCTAC_004,76
ATTTAGGATCACGGCGCTAC_005,63
ATTTAGGATCACGGCGCTAC_006,17
ATTTAGGATCACGGCGCTAC_007,191
ATTTAGGATCACGGCGCTAC_008,63
ATTTAGGATCACGGCGCTAC_009,149
ATTTAGGATCACGGCGCTAC_010,194
CAGTGTTCAAAAGGAACTAC_001,164
CAGTGTTCAAAAGGAACTAC_002,164
CAGTGTTCAAAAGGAACTAC_003,145
CAGTGTTCAAAAGGAACTAC_004,15
CAGTGTTCAAAAGGAACTAC_005,29
CAGTGTTCAAAAGGAACTAC_006,75
CAGTGTTCAAAAGGAACTAC_007,49
CAGTGTTCAAAAGGAACTAC_008,9
CAGTGTTCAAAAGGAACTAC_009,115
TATATCGCAAATATCCTGGT_001,17
TATATCGCAAATATCCTGGT_002,160
TATATCGCAAATATCCTGGT_003,132
AGTGCAAGCCGAAGTCCGAA_001,173
AGTGCAAGCCGAAGTCCGAA_002,127
AGTGCAAGCCGAAGTCCGAA_003,161
AGTGCAAGCCGAAGTCCGAA_004,178
AGTGCAAGCCGAAGTCCGAA_005,72
AGTGCAAGCCGAAGTCCGAA_006,161
AGTGCAAGCCGAAGTCCGAA_007,172
AGTGCAAGCCGAAGTCCGAA_008,28
AGTGCAAGCCGAAGTCCGAA_009,104
AGTGCAAGCCGAAGTCCGAA_010,24
AGTGCAAGCCGAAGTCCGAA_011,24
AGTGCAAGCCGAAGTCCGAA_012,70
AGTGCAAGCCGAAGTCCGAA_013,25
AGTGCAAGCCGAAGTCCGAA_014,82
AGTGCAAGCCGAAGTCCGAA_015,174
AGTGCAAGCCGAAGTCCGAA_016,72
AGTGCAAGCCGAAGTCCGAA_017,55
AGTGCAAGCCGAAGTCCGAA_018,31
AGTGCAAGCCGAAGTCCGAA_019,191
AGTGCAAGCCGAAGTCCGAA_020,49
AGTGCAAGCCGAAGTCCGAA_021,30
AGTGCAAGCCGAAGTCCGAA_022,8
AGTGCAAGCCGAAGTCCGAA_023,188
AGTGCAAGCCGAAGTCCGAA_024,4
AGTGCAAGCCGAAGTCCGAA_025,5
AGTGCAAGCCGAAGTCCGAA_026,75
AGTGCAAGCCGAAGTCCGAA_027,190
AGTGCAAGCCGAAGTCCGAA_028,15
AGTGCAAGCCGAAGTCCGAA_029,30
AGTGCAAGCCGAAGTCCGAA_030,59
AGTGCAAGCCGAAGTCCGAA_031,197
AGTGCAAGCCGAAGTCCGAA_032,181
AGTGCAAGCCGAAGTCCGAA_033,94
AGTGCAAGCCGAAGTCCGAA_034,2
AGTGCAAGCCGAAGTCCGAA_035,18
AGTGCAAGCCGAAGTCCGAA_036,115
AGTGCAAGCCGAAGTCCGAA_037,77
AGTGCAAGCCGAAGTCCGAA_038,49
AGTGCAAGCCGAAGTCCGAA_039,1
AGTGCAAGCCGAAGTCCGAA_040,185
AGTGCAAGCCGAAGTCCGAA_041,12
AGTGCAAGCCGAAGTCCGAA_042,130
AGTGCAAGCCGAAGTCCGAA_043,147
CAGGCCACAGATGCAAAAGA_001,194
CAGGCCACAGATGCAAAAGA_002,51
CAGGCCACAGATGCAAAAGA_003,168
CAGGCCACAGATGCAAAAGA_004,73
CAGGCCACAGATGCAAAAGA_005,113
CAGGCCACAGATGCAAAAGA_006,148
CAGGCCACAGATGCAAAAGA_007,94
CAGGCCACAGATGCAAAAGA_008,188
CAGGCCACAGATGCAAAAGA_009,188
CAGGCCACAGATGCAAAAGA_010,172
TGTGCTGTATAACCAACGTG_001,191
TGTGCTGTATAACCAACGTG_002,162
TGTGCTGTATAACCAACGTG_003,198
TGTGCTGTATAACCAACGTG_004,171
TGTGCTGTATAACCAACGTG_005,176
ATTTCCAGAAAGGACATCAC_001,62
ATTTCCAGAAAGGACATCAC_002,189
ATTTCCAGAAAGGACATCAC_003,55
ATTTCCAGAAAGGACATCAC_004,168
ATTTCCAGAAAGGACATCAC_005,13
ATTTCCAGAAAGGACATCAC_006,88
ATTTCCAGAAAGGACATCAC_007,106
ATTTCCAGAAAGGACATCAC_008,121
ATTTCCAGAAAGGACATCAC_009,119
AGATGAAGGGCACTATTGGG_001,60
AGATGAAGGGCACTATTGGG_002,60
AGATGAAGGGCACTATTGGG_003,43
AGATGAAGGGCACTATTGGG_004,54
AGATGAAGGGCACTATTGGG_005,5
AGATGAAGGGCACTATTGGG_006,35
AGATGAAGGGCACTATTGGG_007,62
AGATGAAGGGCACTATTGGG_008,86
AGATGAAGGGCACTATTGGG_009,36
AGAAGACTTTATCGCAGGAG_001,150
AGAAGACTTTATCGCAGGAG_002,65
AGAAGACTTTATCGCAGGAG_003,181
AGAAGACTTTATCGCAGGAG_004,156
AGAAGACTTTATCGCAGGAG_005,177
AGAAGACTTTATCGCAGGAG_006,177
AGAAGACTTTATCGCAGGAG_007,2
AGAAGACTTTATCGCAGGAG_008,17
AGAAGACTTTATCGCAGGAG_009,127
AGAAGACTTTATCGCAGGAG_010,21
AGAAGACTTTATCGCAGGAG_011,139
AGAAGACTTTATCGCAGGAG_012,77
AGAAGACTTTATCGCAGGAG_013,2
AGAAGACTTTATCGCAGGAG_014,64
AGAAGACTTTATCGCAGGAG_015,36
AGAAGACTTTATCGCAGGAG_016,88
AGAAGACTTTATCGCAGGAG_017,115
AGAAGACTTTATCGCAGGAG_018,144
TGAATAATACTGTTCACTTG_001,162
TGAATAATACTGTTCACTTG_002,78
TGAATAATACTGTTCACTTG_003,140
TGAATAATACTGTTCACTTG_004,54
TCAATTACAAAAGTGTGTGT_001,106
TCAATTACAAAAGTGTGTGT_002,175
CATTGGATGTGCCTACAGTG_001,147
CATTGGATGTGCCTACAGTG_002,140
CATTGGATGTGCCTACAGTG_003,0
CATTGGATGTGCCTACAGTG_004,153
CATTGGATGTGCCTACAGTG_005,58
CATTGGATGTGCCTACAGTG_006,24
CATTGGATGTGCCTACAGTG_007,28
CATTGGATGTGCCTACAGTG_008,185
CATTGGATGTGCCTACAGTG_009,94
CATTGGATGTGCCTACAGTG_010,58
CATTGGATGTGCCTACAGTG_011,113
CATTGGATGTGCCTACAGTG_012,37
CATTGGATGTGCCTACAGTG_013,78
CATTGGATGTGCCTACAGTG_014,122
CATTGGATGTGCCTACAGTG_015,58
CAAGCCGGAATGCAACAGCT_001,175
CAAGCCGGAATGCAACAGCT_002,8
CAAGCCGGAATGCAACAGCT_003,88
CAAGCCGGAATGCAACAGCT_004,105
CAAGCCGGAATGCAACAGCT_005,73
CAAGCCGGAATGCAACAGCT_006,38
CAAGCCGGAATGCAACAGCT_007,164
CAAGCCGGAATGCAACAGCT_008,164
CAAGCCGGAATGCAACAGCT_009,176
CAAGCCGGAATGCAACAGCT_010,41
CAAGCCGGAATGCAACAGCT_011,137
CAAGCCGGAATGCAACAGCT_012,27
CAAGCCGGAATGCAACAGCT_013,70
CAAGCCGGAATGCAACAGCT_014,127
CAGGAGACACATACGCGATG_001,163
CCTGTGCCGGCTGTTCTCGG_001,127
CCTGTGCCGGCTGTTCTCGG_002,80
CCTGTGCCGGCTGTTCTCGG_003,121
CCTGTGCCGGCTGTTCTCGG_004,169
CCTGTGCCGGCTGTTCTCGG_005,130
CCTGTGCCGGCTGTTCTCGG_006,107
CCTGTGCCGGCTGTTCTCGG_007,44
CCTGTGCCGGCTGTTCTCGG_008,29
CCTGTGCCGGCTGTTCTCGG_009,43
CCTGTGCCGGCTGTTCTCGG_010,76
CCTGTGCCGGCTGTTCTCGG_011,59
CCTGTGCCGGCTGTTCTCGG_012,62
CCTGTGCCGGCTGTTCTCGG_013,160
CCTGTGCCGGCTGTTCTCGG_014,126
CCTGTGCCGGCTGTTCTCGG_015,140
CCTGTGCCGGCTGTTCTCGG_016,88
CCTGTGCCGGCTGTTCTCGG_017,148
CCTGTGCCGGCTGTTCTCGG_018,12
CCTGTGCCGGCTGTTCTCGG_019,191
CCTGTGCCGGCTGTTCTCGG_020,69
AAATGGCCTACACTGACACA_001,69
AAATGGCCTACACTGACACA_002,113
AAATGGCCTACACTGACACA_003,43
AAATGGCCTACACTGACACA_004,175
AAATGGCCTACACTGACACA_005,48
AAATGGCCTACACTGACACA_006,7
AAATGGCCTACACTGACACA_007,53
AAATGGCCTACACTGACACA_008,79
AAATGGCCTACACTGACACA_009,79
AAATGGCCTACACTGACACA_010,147
AAATGGCCTACACTGACACA_011,81
AAATGGCCTACACTGACACA_012,148
AAATGGCCTACACTGACACA_013,82
AAATGGCCTACACTGACACA_014,162
AAATGGCCTACACTGACACA_015,43
AAATGGCCTACACTGACACA_016,8
AAATGGCCTACACTGACACA_017,133
AAATGGCCTACACTGACACA_018,190
AAATGGCCTACACTGACACA_019,152
AAATGGCCTACACTGACACA_020,138
AAATGGCCTACACTGACACA_021,41
CTTGACATTCGTGAGCATAA_001,36
CTTGACATTCGTGAGCATAA_002,70
CTTGACATTCGTGAGCATAA_003,70
CTTGACATTCGTGAGCATAA_004,19
CTTGACATTCGTGAGCATAA_005,170
CTTGACATTCGTGAGCATAA_006,11
CTTGACATTCGTGAGCATAA_007,60
GCTTAAGCAGACCATCCACG_001,126
GCTTAAGCAGACCATCCACG_002,127
GCTTAAGCAGACCATCCACG_003,98
GCTTAAGCAGACCATCCACG_004,191
GCTTAAGCAGACCATCCACG_005,112
GCTTAAGCAGACCATCCACG_006,147
GCTTAAGCAGACCATCCACG_007,44
GCTTAAGCAGACCATCCACG_008,183
GCTTAAGCAGACCATCCACG_009,43
GCTTAAGCAGACCATCCACG_010,95
GCTTAAGCAGACCATCCACG_011,55
CAGGTGCCAAAGTCTTCCTG_001,54
CAGGTGCCAAAGTCTTCCTG_002,106
CAGGTGCCAAAGTCTTCCTG_003,172
CAGGTGCCAAAGTCTTCCTG_004,51
CAGGTGCCAAAGTCTTCCTG_005,81
CAGGTGCCAAAGTCTTCCTG_006,152
CAGGTGCCAAAGTCTTCCTG_007,88
CAGGTGCCAAAGTCTTCCTG_008,43
CAGGTGCCAAAGTCTTCCTG_009,30
CAGGTGCCAAAGTCTTCCTG_010,172
TGTAGGCATCTTGTACTGAT_001,168
TGTTGGGTACCAAAACAGGA_001,139
TGTTGGGTACCAAAACAGGA_002,102
TGTTGGGTACCAAAACAGGA_003,26
TGTTGGGTACCAAAACAGGA_004,152
TTCTGCGACATGGCGCCAGA_001,52
TTCTGCGACATGGCGCCAGA_002,134
TTCTGCGACATGGCGCCAGA_003,160
TTCTGCGACATGGCGCCAGA_004,54
TTCTGCGACATGGCGCCAGA_005,54
AATGTGGGAAAACATTCATG_001,78
AATGTGGGAAAACATTCATG_002,197
AATGTGGGAAAACATTCATG_003,146
AATGTGGGAAAACATTCATG_004,105
AATGTGGGAAAACATTCATG_005,168
GTAGTCAAAATTCTGGTCAG_001,191
GTAGTCAAAATTCTGGTCAG_002,100
GTAGTCAAAATTCTGGTCAG_003,94
GTAGTCAAAATTCTGGTCAG_004,90
GAAAATTCTTCTGATCCACC_001,150
GAAAATTCTTCTGATCCACC_002,94
GAAAATTCTTCTGATCCACC_003,125
GAAAATTCTTCTGATCCACC_004,49
CGACGCTAGGTAACGTAGAG_001,35
CGACGCTAGGTAACGTAGAG_002,177
CGACGCTAGGTAACGTAGAG_003,52
CGACGCTAGGTAACGTAGAG_004,116
CGACGCTAGGTAACGTAGAG_005,148
CGACGCTAGGTAACGTAGAG_006,144
CGACGCTAGGTAACGTAGAG_007,34
CGACGCTAGGTAACGTAGAG_008,157
CGACGCTAGGTAACGTAGAG_009,142
CATTCCGGCTCACCGAAGAA_001,147
CATTCCGGCTCACCGAAGAA_002,52
CATTCCGGCTCACCGAAGAA_003,190
CATTCCGGCTCACCGAAGAA_004,190
CATTCCGGCTCACCGAAGAA_005,9
CATTCCGGCTCACCGAAGAA_006,158
GTCCGTCCTTACCGTCAAAG_001,28
GTCCGTCCTTACCGTCAAAG_002,117
GTCCGTCCTTACCGTCAAAG_003,129
GTCCGTCCTTACCGTCAAAG_004,27
GTACTTGGTCATGTATGGTG_001,151
GTACTTGGTCATGTATGGTG_002,174
CCCACTTGCGAGTTAAGAAA_001,16
CCCACTTGCGAGTTAAGAAA_002,5
CCCACTTGCGAGTTAAGAAA_003,182
CCCACTTGCGAGTTAAGAAA_004,139
CCCACTTGCGAGTTAAGAAA_005,20
CCCACTTGCGAGTTAAGAAA_006,111
CCCACTTGCGAGTTAAGAAA_007,121
CCCACTTGCGAGTTAAGAAA_008,133
TCTTCCTCTTACATGCATGG_001,43
TCTTCCTCTTACATGCATGG_002,110
TCTTCCTCTTACATGCATGG_003,49
TCTTCCTCTTACATGCATGG_004,40
GGAGGGTCTGAAACACATCG_001,141
GGAGGGTCTGAAACACATCG_002,144
GGAGGGTCTGAAACACATCG_003,88
AAAAATGTACCCAAGCAACG_001,118
AAAAATGTACCCAAGCAACG_002,77
AAAAATGTACCCAAGCAACG_003,78
AAAAATGTACCCAAGCAACG_004,2
AAAAATGTACCCAAGCAACG_005,130
AAAAATGTACCCAAGCAACG_006,9
AAAAATGTACCCAAGCAACG_007,59
AAAAATGTACCCAAGCAACG_008,120
AAAAATGTACCCAAGCAACG_009,9
AAAAATGTACCCAAGCAACG_010,42
AAAAATGTACCCAAGCAACG_011,127
GGCCGCCATTGAAAGATGGG_001,188
GGCCGCCATTGAAAGATGGG_002,40
GGCCGCCATTGAAAGATGGG_003,169
GGCCGCCATTGAAAGATGGG_004,189
GGCCGCCATTGAAAGATGGG_005,97
GGCCGCCATTGAAAGATGGG_006,148
GGCCGCCATTGAAAGATGGG_007,20
GGCCGCCATTGAAAGATGGG_008,77
GGCCGCCATTGAAAGATGGG_009,169
GGCCGCCATTGAAAGATGGG_010,12
GGCCGCCATTGAAAGATGGG_011,88
GGCCGCCATTGAAAGATGGG_012,35
GGCCGCCATTGAAAGATGGG_013,99
AAATGAGACTTACGGAAAAT_001,169
AAATGAGACTTACGGAAAAT_002,192
TGGGATCTTCGTACGTAAAG_001,17
TGGGATCTTCGTACGTAAAG_002,56
TGGGATCTTCGTACGTAAAG_003,49
TGGGATCTTCGTACGTAAAG_004,89
TGGGATCTTCGTACGTAAAG_005,96
CACCAATACTCAGTTCGGAA_001,15
CACCAATACTCAGTTCGGAA_002,143
CACCAATACTCAGTTCGGAA_003,41
CACCAATACTCAGTTCGGAA_004,165
CATGTAATAATCTGAGTGCA_001,56
GTCAGGATAATAGCTTTCAG_001,149
GTCAGGATAATAGCTTTCAG_002,175
GTCAGGATAATAGCTTTCAG_003,65
ACCCGCGAACGGGCTCAGCT_001,108
ACCCGCGAACGGGCTCAGCT_002,76
ACCCGCGAACGGGCTCAGCT_003,156
ACCCGCGAACGGGCTCAGCT_004,159
ACCCGCGAACGGGCTCAGCT_005,15
ACCCGCGAACGGGCTCAGCT_006,78
ACCCGCGAACGGGCTCAGCT_007,116
ACCCGCGAACGGGCTCAGCT_008,188
ACCCGCGAACGGGCTCAGCT_009,142
ACCCGCGAACGGGCTCAGCT_010,57
ACCCGCGAACGGGCTCAGCT_011,127
ACCCGCGAACGGGCTCAGCT_012,48
ACCCGCGAACGGGCTCAGCT_013,133
ACCCGCGAACGGGCTCAGCT_014,149
ACCCGCGAACGGGCTCAGCT_015,102
ACCCGCGAACGGGCTCAGCT_016,65
ACCCGCGAACGGGCTCAGCT_017,117
ACCCGCGAACGGGCTCAGCT_018,35
ACCCGCGAACGGGCTCAGCT_019,146
ACCCGCGAACGGGCTCAGCT_020,41
ACCCGCGAACGGGCTCAGCT_021,145
ACCCGCGAACGGGCTCAGCT_022,112
ACCCGCGAACGGGCTCAGCT_023,49
ACCCGCGAACGGGCTCAGCT_024,67
ACCCGCGAACGGGCTCAGCT_025,0
ACCCGCGAACGGGCTCAGCT_026,49
ACCCGCGAACGGGCTCAGCT_027,101
ACCCGCGAACGGGCTCAGCT_028,82
ACCCGCGAACGGGCTCAGCT_029,33
ACCCGCGAACGGGCTCAGCT_030,35
ACCCGCGAACGGGCTCAGCT_031,103
ACCCGCGAACGGGCTCAGCT_032,45
ACCCGCGAACGGGCTCAGCT_033,175
ACCCGCGAACGGGCTCAGCT_034,148
ACCCGCGAACGGGCTCAGCT_035,15
ACCCGCGAACGGGCTCAGCT_036,1
ACCCGCGAACGGGCTCAGCT_037,181
ACCCGCGAACGGGCTCAGCT_038,12
ACCCGCGAACGGGCTCAGCT_039,198
ACCCGCGAACGGGCTCAGCT_040,4
ACCCGCGAACGGGCTCAGCT_041,65
ACCCGCGAACGGGCTCAGCT_042,162
ACCCGCGAACGGGCTCAGCT_043,26
ACCCGCGAACGGGCTCAGCT_044,166
ACCCGCGAACGGGCTCAGCT_045,116
ACCCGCGAACGGGCTCAGCT_046,122
ACCCGCGAACGGGCTCAGCT_047,146
ACCCGCGAACGGGCTCAGCT_048,50
ACCCGCGAACGGGCTCAGCT_049,155
ACCCGCGAACGGGCTCAGCT_050,53
ACCCGCGAACGGGCTCAGCT_051,121
ACCCGCGAACGGGCTCAGCT_052,27
ACCCGCGAACGGGCTCAGCT_053,21
ACCCGCGAACGGGCTCAGCT_054,56
ACCCGCGAACGGGCTCAGCT_055,33
ACCCGCGAACGGGCTCAGCT_056,191
ACCCGCGAACGGGCTCAGCT_057,184
ACCCGCGAACGGGCTCAGCT_058,32
ACCCGCGAACGGGCTCAGCT_059,145
ACCCGCGAACGGGCTCAGCT_060,119
ACCCGCGAACGGGCTCAGCT_061,119
ACCCGCGAACGGGCTCAGCT_062,116
ACCCGCGAACGGGCTCAGCT_063,66
ACCCGCGAACGGGCTCAGCT_064,6
ACCCGCGAACGGGCTCAGCT_065,40
ACCCGCGAACGGGCTCAGCT_066,106
ACCCGCGAACGGGCTCAGCT_067,138
ACCCGCGAACGGGCTCAGCT_068,19
ACCCGCGAACGGGCTCAGCT_069,150
ACCCGCGAACGGGCTCAGCT_070,6
ACCCGCGAACGGGCTCAGCT_071,192
ACCCGCGAACGGGCTCAGCT_072,48
ACCCGCGAACGGGCTCAGCT_073,46
ACCCGCGAACGGGCTCAGCT_074,34
ACCCGCGAACGGGCTCAGCT_075,75
AGAAATCCTTTATTCACATG_001,80
AGAAATCCTTTATTCACATG_002,161
AGAAATCCTTTATTCACATG_003,27
AGAAATCCTTTATTCACATG_004,153
ATACTTCTGGCGAGTAGCGG_001,77
ATACTTCTGGCGAGTAGCGG_002,69
ATACTTCTGGCGAGTAGCGG_003,50
ATACTTCTGGCGAGTAGCGG_004,56
GGAATATCCCCCATAACTCG_001,29
GGAATATCCCCCATAACTCG_002,48
GGAATATCCCCCATAACTCG_003,29
GGAATATCCCCCATAACTCG_004,107
GGAATATCCCCCATAACTCG_005,175
GGAATATCCCCCATAACTCG_006,175
TAGTCTCACCTGATGGCGTG_001,188
TAGTCTCACCTGATGGCGTG_002,129
TAGTCTCACCTGATGGCGTG_003,78
TAGTCTCACCTGATGGCGTG_004,160
TAGTCTCACCTGATGGCGTG_005,63
TAGTCTCACCTGATGGCGTG_006,149
TAGTCTCACCTGATGGCGTG_007,160
TAGTCTCACCTGATGGCGTG_008,179
TAGTCTCACCTGATGGCGTG_009,124
TAGTCTCACCTGATGGCGTG_010,156
TAGTCTCACCTGATGGCGTG_011,98
TAGTCTCACCTGATGGCGTG_012,149
TAGTCTCACCTGATGGCGTG_013,161
TAGTCTCACCTGATGGCGTG_014,154
TAGTCTCACCTGATGGCGTG_015,18
TAGTCTCACCTGATGGCGTG_016,168
TAGTCTCACCTGATGGCGTG_017,88
TAGTCTCACCTGATGGCGTG_018,150
TAGTCTCACCTGATGGCGTG_019,127
TAGTCTCACCTGATGGCGTG_020,68
TAGTCTCACCTGATGGCGTG_021,158
TAGTCTCACCTGATGGCGTG_022,15
TAGTCTCACCTGATGGCGTG_023,157
TAGTCTCACCTGATGGCGTG_024,70
TAGTCTCACCTGATGGCGTG_025,83
TAGTCTCACCTGATGGCGTG_026,33
TAGTCTCACCTGATGGCGTG_027,56
TAGTCTCACCTGATGGCGTG_028,158
TAGTCTCACCTGATGGCGTG_029,163
TAGTCTCACCTGATGGCGTG_030,144
TAGTCTCACCTGATGGCGTG_031,37
TAGTCTCACCTGATGGCGTG_032,1
TAGTCTCACCTGATGGCGTG_033,0
TAGTCTCACCTGATGGCGTG_034,1
TAGTCTCACCTGATGGCGTG_035,1
TTGTTACCCTTCAAGTGCAG_001,62
TTGTTACCCTTCAAGTGCAG_002,78
TTGTTACCCTTCAAGTGCAG_003,174
TTGTTACCCTTCAAGTGCAG_004,174
TTGTTACCCTTCAAGTGCAG_005,107
TTACAGTCAGAAAAGCCACG_001,5
TTACAGTCAGAAAAGCCACG_002,68
TTACAGTCAGAAAAGCCACG_003,58
TTACAGTCAGAAAAGCCACG_004,106
TTACAGTCAGAAAAGCCACG_005,166
TTACAGTCAGAAAAGCCACG_006,31
TTACAGTCAGAAAAGCCACG_007,9
TTACAGTCAGAAAAGCCACG_008,33
TTACAGTCAGAAAAGCCACG_009,28
TTACAGTCAGAAAAGCCACG_010,130
TTACAGTCAGAAAAGCCACG_011,83
TGCAGGTGAGCCCGTTTGGT_001,102
TGCAGGTGAGCCCGTTTGGT_002,196
TGCAGGTGAGCCCGTTTGGT_003,50
TGCAGGTGAGCCCGTTTGGT_004,27
TGCAGGTGAGCCCGTTTGGT_005,162
TGCAGGTGAGCCCGTTTGGT_006,78
TGCAGGTGAGCCCGTTTGGT_007,139
TGCAGGTGAGCCCGTTTGGT_008,118
TGCAGGTGAGCCCGTTTGGT_009,170
TGCAGGTGAGCCCGTTTGGT_010,83
GTGAAGTTGGTCACATCACG_001,173
GTGAAGTTGGTCACATCACG_002,82
GTGAAGTTGGTCACATCACG_003,192
GTGAAGTTGGTCACATCACG_004,119
GTGAAGTTGGTCACATCACG_005,169
GTGAAGTTGGTCACATCACG_006,127
CCCTGTGCTTGGTCCCACAG_001,150
CCCTGTGCTTGGTCCCACAG_002,50
CCCTGTGCTTGGTCCCACAG_003,147
CCCTGTGCTTGGTCCCACAG_004,11
CCCTGTGCTTGGTCCCACAG_005,158
CCCTGTGCTTGGTCCCACAG_006,48
CCCTGTGCTTGGTCCCACAG_007,79
CCCTGTGCTTGGTCCCACAG_008,2
CCCTGTGCTTGGTCCCACAG_009,93
CCCTGTGCTTGGTCCCACAG_010,156
CCCTGTGCTTGGTCCCACAG_011,55
CCCTGTGCTTGGTCCCACAG_012,47
CCCTGTGCTTGGTCCCACAG_013,36
CCCTGTGCTTGGTCCCACAG_014,142
CCCTGTGCTTGGTCCCACAG_015,184
CCCTGTGCTTGGTCCCACAG_016,94
CCCTGTGCTTGGTCCCACAG_017,10
CCCTGTGCTTGGTCCCACAG_018,66
CCCTGTGCTTGGTCCCACAG_019,56
CCCTGTGCTTGGTCCCACAG_020,48
CCCTGTGCTTGGTCCCACAG_021,169
CCCTGTGCTTGGTCCCACAG_022,144
CCCTGTGCTTGGTCCCACAG_023,121
CCCTGTGCTTGGTCCCACAG_024,31
GACCCCAACTGTCCTATGGA_001,66
GACCCCAACTGTCCTATGGA_002,142
GACCCCAACTGTCCTATGGA_003,31
GACCCCAACTGTCCTATGGA_004,65
GACCCCAACTGTCCTATGGA_005,142
GACCCCAACTGTCCTATGGA_006,90
GTTGGTCATCCATGCCTGGT_001,144
GTTGGTCATCCATGCCTGGT_002,105
GTTGGTCATCCATGCCTGGT_003,149
GTTGGTCATCCATGCCTGGT_004,154
GTTGGTCATCCATGCCTGGT_005,58
GTTGGTCATCCATGCCTGGT_006,143
GTTGGTCATCCATGCCTGGT_007,141
GTTGGTCATCCATGCCTGGT_008,60
GTTGGTCATCCATGCCTGGT_009,76
GTTGGTCATCCATGCCTGGT_010,51
GTTGGTCATCCATGCCTGGT_011,139
GTTGGTCATCCATGCCTGGT_012,42
GTTGGTCATCCATGCCTGGT_013,3
GCTGTGTTTGCTGTACAAGG_001,37
GCTGTGTTTGCTGTACAAGG_002,175
GCTGTGTTTGCTGTACAAGG_003,115
GCTGTGTTTGCTGTACAAGG_004,43
GCTGTGTTTGCTGTACAAGG_005,141
GCTGTGTTTGCTGTACAAGG_006,49
GCTGTGTTTGCTGTACAAGG_007,50
GCTGTGTTTGCTGTACAAGG_008,0
GCTGTGTTTGCTGTACAAGG_009,57
GTACATTGCGGACACACGAG_001,27
GTACATTGCGGACACACGAG_002,82
GTACATTGCGGACACACGAG_003,17
GTACATTGCGGACACACGAG_004,116
GTACATTGCGGACACACGAG_005,35
GTACATTGCGGACACACGAG_006,78
GTACATTGCGGACACACGAG_007,57
GTGCCCAGTACATATCAGAC_001,156
GGTTGTCGTGAACACAACCA_001,8
GGTTGTCGTGAACACAACCA_002,5
GGTTGTCGTGAACACAACCA_003,167
GGTTGTCGTGAACACAACCA_004,61
GGTTGTCGTGAACACAACCA_005,1
GGTTGTCGTGAACACAACCA_006,140
GGTTGTCGTGAACACAACCA_007,17
CGTGAAGGCCCACCACTACG_001,61
CGTGAAGGCCCACCACTACG_002,188
CGTGAAGGCCCACCACTACG_003,116
CGTGAAGGCCCACCACTACG_004,9
CGTGAAGGCCCACCACTACG_005,148
CGTGAAGGCCCACCACTACG_006,141
CGTGAAGGCCCACCACTACG_007,197
CGTGAAGGCCCACCACTACG_008,147
CGTGAAGGCCCACCACTACG_009,121
CGTGAAGGCCCACCACTACG_010,198
CGTGAAGGCCCACCACTACG_011,85
CGTGAAGGCCCACCACTACG_012,39
CGTGAAGGCCCACCACTACG_013,56
CGTGAAGGCCCACCACTACG_014,69
CGTGAAGGCCCACCACTACG_015,108
CGTGAAGGCCCACCACTACG_016,52
GGAATTTGGACAGTTATCCG_001,50
GGAATTTGGACAGTTATCCG_002,177
GGAATTTGGACAGTTATCCG_003,42
TGAACGAGAAGAACGTGTGA_001,102
TGAACGAGAAGAACGTGTGA_002,156
TGAACGAGAAGAACGTGTGA_003,4
TGGCGACCCAACGGCCGGAG_001,105
TGGCGACCCAACGGCCGGAG_002,184
TGGCGACCCAACGGCCGGAG_003,190
TGGCGACCCAACGGCCGGAG_004,56
TGGCGACCCAACGGCCGGAG_005,30
TGGCGACCCAACGGCCGGAG_006,3
TGGCGACCCAACGGCCGGAG_007,124
TGGCGACCCAACGGCCGGAG_008,116
TGGCGACCCAACGGCCGGAG_009,183
TGGCGACCCAACGGCCGGAG_010,121
TGGCGACCCAACGGCCGGAG_011,101
TGGCGACCCAACGGCCGGAG_012,169
TGGCGACCCAACGGCCGGAG_013,32
TGGCGACCCAACGGCCGGAG_014,13
TGGCGACCCAACGGCCGGAG_015,104
TGGCGACCCAACGGCCGGAG_016,6
TGGCGACCCAACGGCCGGAG_017,7
GGTTGTCAGCGATGATATGG_001,151
GGTTGTCAGCGATGATATGG_002,97
GGTTGTCAGCGATGATATGG_003,155
GATCCCGAAGTATTGACCGG_001,94
GATCCCGAAGTATTGACCGG_002,104
GATCCCGAAGTATTGACCGG_003,145
GATCCCGAAGTATTGACCGG_004,2
GATCCCGAAGTATTGACCGG_005,91
GATCCCGAAGTATTGACCGG_006,1
GATCCCGAAGTATTGACCGG_007,89
GATCCCGAAGTATTGACCGG_008,43
GATCCCGAAGTATTGACCGG_009,84
GATCCCGAAGTATTGACCGG_010,145
GATCCCGAAGTATTGACCGG_011,4
GATCCCGAAGTATTGACCGG_012,109
GATCCCGAAGTATTGACCGG_013,109
GATCCCGAAGTATTGACCGG_014,157
GATCCCGAAGTATTGACCGG_015,152
GATCCCGAAGTATTGACCGG_016,118
GATCCCGAAGTATTGACCGG_017,12
GATCCCGAAGTATTGACCGG_018,14
GATCCCGAAGTATTGACCGG_019,13
CTGAGGTCTTCACTTCGGTG_001,38
CTGAGGTCTTCACTTCGGTG_002,42
CTGAGGTCTTCACTTCGGTG_003,188
CTGAGGTCTTCACTTCGGTG_004,70
GAAAAACTTGCCGAGCTTTG_001,74
GTTTCTCACCAATAGCCGAA_001,47
GTTTCTCACCAATAGCCGAA_002,69
GTTTCTCACCAATAGCCGAA_003,67
GGAAACGGTCCAAGGCGAGG_001,5
GGAAACGGTCCAAGGCGAGG_002,34
GGAAACGGTCCAAGGCGAGG_003,175
GGAAACGGTCCAAGGCGAGG_004,72
GGAAACGGTCCAAGGCGAGG_005,137
GGAAACGGTCCAAGGCGAGG_006,195
GGAAACGGTCCAAGGCGAGG_007,193
GGAAACGGTCCAAGGCGAGG_008,187
GGAAACGGTCCAAGGCGAGG_009,167
GGAAACGGTCCAAGGCGAGG_010,167
AGGATTGGTTCCACAAGTCA_001,69
AGGATTGGTTCCACAAGTCA_002,196
AGGATTGGTTCCACAAGTCA_003,85
AGGATTGGTTCCACAAGTCA_004,162
AGGATTGGTTCCACAAGTCA_005,34
AGGATTGGTTCCACAAGTCA_006,107
CGTGGCAGGGAGATTCATCG_001,160
CGTGGCAGGGAGATTCATCG_002,94
CGTGGCAGGGAGATTCATCG_003,48
CGTGGCAGGGAGATTCATCG_004,162
CGTGGCAGGGAGATTCATCG_005,63
CCGGAGAATCAGGCTGAAGT_001,5
CCGGAGAATCAGGCTGAAGT_002,169
CCGGAGAATCAGGCTGAAGT_003,58
CCGGAGAATCAGGCTGAAGT_004,121
CCGGAGAATCAGGCTGAAGT_005,179
CCGGAGAATCAGGCTGAAGT_006,160
CCGGAGAATCAGGCTGAAGT_007,48
CCGGAGAATCAGGCTGAAGT_008,127
CCGGAGAATCAGGCTGAAGT_009,23
CCGGAGAATCAGGCTGAAGT_010,28
CCGGAGAATCAGGCTGAAGT_011,170
CCGGAGAATCAGGCTGAAGT_012,170
CTCTCTCTATGCTCTCAATG_001,51
CTCTCTCTATGCTCTCAATG_002,37
GCAGAGGCTACGCAAACAGG_001,82
GCAGAGGCTACGCAAACAGG_002,106
GCAGAGGCTACGCAAACAGG_003,42
GCAGAGGCTACGCAAACAGG_004,139
GCAGAGGCTACGCAAACAGG_005,162
GCAGAGGCTACGCAAACAGG_006,152
CTCACCTAAGTCCCGCCCCA_001,115
CTCACCTAAGTCCCGCCCCA_002,41
CTCACCTAAGTCCCGCCCCA_003,82
CTCACCTAAGTCCCGCCCCA_004,32
CTCACCTAAGTCCCGCCCCA_005,7
CTCACCTAAGTCCCGCCCCA_006,108
CTCACCTAAGTCCCGCCCCA_007,6
CTCACCTAAGTCCCGCCCCA_008,116
CTCACCTAAGTCCCGCCCCA_009,9
CTCACCTAAGTCCCGCCCCA_010,183
CTCACCTAAGTCCCGCCCCA_011,64
CTCACCTAAGTCCCGCCCCA_012,44
GCTCTGGGCACTTTGGCGCG_001,189
GCTCTGGGCACTTTGGCGCG_002,15
GCTCTGGGCACTTTGGCGCG_003,182
GCTCTGGGCACTTTGGCGCG_004,89
GCTCTGGGCACTTTGGCGCG_005,168
GCTCTGGGCACTTTGGCGCG_006,20
GATCAAAAGAAAGTTCACCA_001,197
GATCAAAAGAAAGTTCACCA_002,82
GATCAAAAGAAAGTTCACCA_003,125
GATCAAAAGAAAGTTCACCA_004,160
GATCAAAAGAAAGTTCACCA_005,167
GATCAAAAGAAAGTTCACCA_006,167
GATCAAAAGAAAGTTCACCA_007,3
GATCAAAAGAAAGTTCACCA_008,106
GATCAAAAGAAAGTTCACCA_009,172
TTATGAAAATCCTAGAAACG_001,48
TTATGAAAATCCTAGAAACG_002,35
TTATGAAAATCCTAGAAACG_003,127
TTATGAAAATCCTAGAAACG_004,185
TTATGAAAATCCTAGAAACG_005,37
TTATGAAAATCCTAGAAACG_006,169
TTATGAAAATCCTAGAAACG_007,116
GTCTCGAGGAGTTTCGTGAG_001,165
GTCTCGAGGAGTTTCGTGAG_002,65
GTCTCGAGGAGTTTCGTGAG_003,60
GTCTCGAGGAGTTTCGTGAG_004,104
GTCTCGAGGAGTTTCGTGAG_005,3
GTCTCGAGGAGTTTCGTGAG_006,168
TGGAAAAGCCTATAGCAGGA_001,53
TGGAAAAGCCTATAGCAGGA_002,121
TGGAAAAGCCTATAGCAGGA_003,8
TGGAAAAGCCTATAGCAGGA_004,96
TGGAAAAGCCTATAGCAGGA_005,168
ACTGAGCCTCTTCTAAACCA_001,77
ACTGAGCCTCTTCTAAACCA_002,66
ACTGAGCCTCTTCTAAACCA_003,192
ACTGAGCCTCTTCTAAACCA_004,5
ACTGAGCCTCTTCTAAACCA_005,115
ACTGAGCCTCTTCTAAACCA_006,112
ACTGAGCCTCTTCTAAACCA_007,106
ACTGAGCCTCTTCTAAACCA_008,42
ACTGAGCCTCTTCTAAACCA_009,75
AAAAGAATCAGATAGACCCG_001,84
AAAAGAATCAGATAGACCCG_002,128
AAAAGAATCAGATAGACCCG_003,137
AAAAGAATCAGATAGACCCG_004,69
TATTAGCAAGAGTCCAGTTG_001,57
TATTAGCAAGAGTCCAGTTG_002,15
TATTAGCAAGAGTCCAGTTG_003,74
TATTAGCAAGAGTCCAGTTG_004,40
TATTAGCAAGAGTCCAGTTG_005,49
TATTAGCAAGAGTCCAGTTG_006,39
TATTAGCAAGAGTCCAGTTG_007,142
TATTAGCAAGAGTCCAGTTG_008,137
GCCAGGATGAACTCTTGCAG_001,45
GCCAGGATGAACTCTTGCAG_002,94
GCCAGGATGAACTCTTGCAG_003,139
GCCAGGATGAACTCTTGCAG_004,73
GCCAGGATGAACTCTTGCAG_005,92
CCTCGGAATCTGATTCCACA_001,78
CCTCGGAATCTGATTCCACA_002,122
CCTCGGAATCTGATTCCACA_003,118
CCTCGGAATCTGATTCCACA_004,69
CTCGGCAATGTCATTCACCG_001,82
CTCGGCAATGTCATTCACCG_002,45
CTCGGCAATGTCATTCACCG_003,20
CTCGGCAATGTCATTCACCG_004,3
CTGACGCTCAGACCTCGGAG_001,105
CTGACGCTCAGACCTCGGAG_002,149
CTGACGCTCAGACCTCGGAG_003,67
CTGACGCTCAGACCTCGGAG_004,91
CTGACGCTCAGACCTCGGAG_005,36
CTGACGCTCAGACCTCGGAG_006,183
CTGACGCTCAGACCTCGGAG_007,170
CTGACGCTCAGACCTCGGAG_008,127
CTGACGCTCAGACCTCGGAG_009,152
CTGACGCTCAGACCTCGGAG_010,106
CTGACGCTCAGACCTCGGAG_011,113
GGATAGGGTGTTCAACCCTG_001,139
GGATAGGGTGTTCAACCCTG_002,12
GGATAGGGTGTTCAACCCTG_003,160
GGATAGGGTGTTCAACCCTG_004,121
GGATAGGGTGTTCAACCCTG_005,137
GGATAGGGTGTTCAACCCTG_006,167
GGATAGGGTGTTCAACCCTG_007,140
GGATAGGGTGTTCAACCCTG_008,145
GGATAGGGTGTTCAACCCTG_009,0
GGATAGGGTGTTCAACCCTG_010,115
GGATAGGGTGTTCAACCCTG_011,191
CATGTACTCACCATAACTGG_001,38
CATGTACTCACCATAACTGG_002,160
CATGTACTCACCATAACTGG_003,33
CATGTACTCACCATAACTGG_004,139
CATGTACTCACCATAACTGG_005,78
GATCGCCCCAAAGCACTCAA_001,172
GATCGCCCCAAAGCACTCAA_002,88
GATCGCCCCAAAGCACTCAA_003,192
GATCGCCCCAAAGCACTCAA_004,29
GATCGCCCCAAAGCACTCAA_005,57
GATCGCCCCAAAGCACTCAA_006,168
GATCGCCCCAAAGCACTCAA_007,116
TGCACAAATAGACCCAGTGG_001,9
TGCACAAATAGACCCAGTGG_002,83
CGCCACAATCAACTTCACGA_001,57
CGCCACAATCAACTTCACGA_002,91
CGCCACAATCAACTTCACGA_003,108
CGCCACAATCAACTTCACGA_004,24
CGCCACAATCAACTTCACGA_005,33
CGCCACAATCAACTTCACGA_006,138
CGCCACAATCAACTTCACGA_007,153
CGCCACAATCAACTTCACGA_008,17
CGCCACAATCAACTTCACGA_009,17
TGTCCCTAATAAGTCGGGTG_001,194
TGTCCCTAATAAGTCGGGTG_002,118
TGTCCCTAATAAGTCGGGTG_003,48
TGTCCCTAATAAGTCGGGTG_004,78
TGTCCCTAATAAGTCGGGTG_005,69
TGTCCCTAATAAGTCGGGTG_006,40
TGTCCCTAATAAGTCGGGTG_007,147
TGTCCCTAATAAGTCGGGTG_008,81
TGTCCCTAATAAGTCGGGTG_009,23
TGTCCCTAATAAGTCGGGTG_010,188
TGTCCCTAATAAGTCGGGTG_011,81
TGTCCCTAATAAGTCGGGTG_012,168
TGTCCCTAATAAGTCGGGTG_013,180
TGTCCCTAATAAGTCGGGTG_014,28
CAAAGACGAGGTGTTAGCCG_001,156
CAAAGACGAGGTGTTAGCCG_002,123
CAAAGACGAGGTGTTAGCCG_003,32
CAAAGACGAGGTGTTAGCCG_004,166
CAAAGACGAGGTGTTAGCCG_005,34
GTTCAGTGACGAGCAACTGA_001,175
GTTCAGTGACGAGCAACTGA_002,8
GTTCAGTGACGAGCAACTGA_003,61
GTTCAGTGACGAGCAACTGA_004,192
GTTCAGTGACGAGCAACTGA_005,184
GTTCAGTGACGAGCAACTGA_006,57
GTTCAGTGACGAGCAACTGA_007,19
GTTCAGTGACGAGCAACTGA_008,158
GTTCAGTGACGAGCAACTGA_009,41
GTTCAGTGACGAGCAACTGA_010,190
GTTCAGTGACGAGCAACTGA_011,81
AGATTAGAACAAGCTGATCG_001,197
AGATTAGAACAAGCTGATCG_002,42
AGATTAGAACAAGCTGATCG_003,34
AGATTAGAACAAGCTGATCG_004,29
ATGGCTAAGGAAACCCGTGA_001,161
ATGGCTAAGGAAACCCGTGA_002,92
ATGGCTAAGGAAACCCGTGA_003,77
ATGGCTAAGGAAACCCGTGA_004,157
ATGGCTAAGGAAACCCGTGA_005,198
CCTCACAAAGCTCCATCACA_001,155
CCTCACAAAGCTCCATCACA_002,145
CCTCACAAAGCTCCATCACA_003,41
CCTCACAAAGCTCCATCACA_004,41
CCTCACAAAGCTCCATCACA_005,116
CCTCACAAAGCTCCATCACA_006,107
CCTCACAAAGCTCCATCACA_007,96
CCTCACAAAGCTCCATCACA_008,80
CCTCACAAAGCTCCATCACA_009,158
CCTCACAAAGCTCCATCACA_010,124
CCTCACAAAGCTCCATCACA_011,18
GCTGGGGCGCATGCGCAAAG_001,27
GCTGGGGCGCATGCGCAAAG_002,158
GCTGGGGCGCATGCGCAAAG_003,48
GCTGGGGCGCATGCGCAAAG_004,77
GCTGGGGCGCATGCGCAAAG_005,81
GCTGGGGCGCATGCGCAAAG_006,141
GCTGGGGCGCATGCGCAAAG_007,67
GCCTCGTGAACGAAGCGGTG_001,105
GCCTCGTGAACGAAGCGGTG_002,165
GCCTCGTGAACGAAGCGGTG_003,162
GCCTCGTGAACGAAGCGGTG_004,182
GCCTCGTGAACGAAGCGGTG_005,158
GCCTCGTGAACGAAGCGGTG_006,92
GCCTCGTGAACGAAGCGGTG_007,104
GCCTCGTGAACGAAGCGGTG_008,189
GCCTCGTGAACGAAGCGGTG_009,32
GCCTCGTGAACGAAGCGGTG_010,139
GCCTCGTGAACGAAGCGGTG_011,70
GCCTCGTGAACGAAGCGGTG_012,29
GCCTCGTGAACGAAGCGGTG_013,28
GCCTCGTGAACGAAGCGGTG_014,118
GCCTCGTGAACGAAGCGGTG_015,18
GCCTCGTGAACGAAGCGGTG_016,168
GCCTCGTGAACGAAGCGGTG_017,138
GCCTCGTGAACGAAGCGGTG_018,83
GCAGACAATGAAGATCGTGC_001,43
GGTGCACAAAGACATCCACT_001,84
GGTGCACAAAGACATCCACT_002,2
GGTGCACAAAGACATCCACT_003,184
GGTGCACAAAGACATCCACT_004,106
GGTGCACAAAGACATCCACT_005,1
GGTGCACAAAGACATCCACT_006,85
GGTGCACAAAGACATCCACT_007,138
GGTGCACAAAGACATCCACT_008,145
GGTGCACAAAGACATCCACT_009,146
GGTGCACAAAGACATCCACT_010,93
TGAAGATCTGCATGATCAGG_001,63
TTATGACTACACCATATGTG_001,41
TTATGACTACACCATATGTG_002,184
TGTTCCAAAACACTACGAAG_001,193
TGTTCCAAAACACTACGAAG_002,58
TGTTCCAAAACACTACGAAG_003,1
TGTTCCAAAACACTACGAAG_004,180
TGTTCCAAAACACTACGAAG_005,66
ATCCACACGACAAAGTAGAG_001,163
ATCCACACGACAAAGTAGAG_002,103
ATCCACACGACAAAGTAGAG_003,199
ATCCACACGACAAAGTAGAG_004,60
ATCCACACGACAAAGTAGAG_005,149
ATCCACACGACAAAGTAGAG_006,25
GACTCGGGTTAAACTCCAGG_001,9
GACTCGGGTTAAACTCCAGG_002,119
GACTCGGGTTAAACTCCAGG_003,29
GACTCGGGTTAAACTCCAGG_004,41
GACTCGGGTTAAACTCCAGG_005,66
CCTTGCCGAAGCAGTCTAGA_001,104
CCTTGCCGAAGCAGTCTAGA_002,177
CCTTGCCGAAGCAGTCTAGA_003,104
CCTTGCCGAAGCAGTCTAGA_004,65
CCTTGCCGAAGCAGTCTAGA_005,172
CCTTGCCGAAGCAGTCTAGA_006,94
CCTTGCCGAAGCAGTCTAGA_007,19
CCTTGCCGAAGCAGTCTAGA_008,41
CCTTGCCGAAGCAGTCTAGA_009,88
CCTTGCCGAAGCAGTCTAGA_010,199
CCTTGCCGAAGCAGTCTAGA_011,145
CCTTGCCGAAGCAGTCTAGA_012,137
CCTTGCCGAAGCAGTCTAGA_013,150
CCTTGCCGAAGCAGTCTAGA_014,40
CCTTGCCGAAGCAGTCTAGA_015,40
CCTTGCCGAAGCAGTCTAGA_016,76
CTGGTAGTAATGGTCGAGGT_001,118
GGAGTCGATGAAGTCCTGTG_001,62
GGAGTCGATGAAGTCCTGTG_002,116
GGAGTCGATGAAGTCCTGTG_003,10
GGAGTCGATGAAGTCCTGTG_004,144
GGAGTCGATGAAGTCCTGTG_005,147
GGAGTCGATGAAGTCCTGTG_006,60
GGAGTCGATGAAGTCCTGTG_007,125
GGAGTCGATGAAGTCCTGTG_008,9
GGAGTCGATGAAGTCCTGTG_009,92
GGAGTCGATGAAGTCCTGTG_010,69
GGAGTCGATGAAGTCCTGTG_011,50
GGAGTCGATGAAGTCCTGTG_012,102
GGAGTCGATGAAGTCCTGTG_013,146
GGAGTCGATGAAGTCCTGTG_014,50
GGAGTCGATGAAGTCCTGTG_015,29
GGAGTCGATGAAGTCCTGTG_016,118
GGAGTCGATGAAGTCCTGTG_017,126
GGAGTCGATGAAGTCCTGTG_018,16
GGAGTCGATGAAGTCCTGTG_019,125
TCCTCCTCAGACCAACTCAG_001,107
TCCTCCTCAGACCAACTCAG_002,32
TCCTCCTCAGACCAACTCAG_003,120
TCCTCCTCAGACCAACTCAG_004,12
TCCTCCTCAGACCAACTCAG_005,62
TCCTCCTCAGACCAACTCAG_006,77
TCCTCCTCAGACCAACTCAG_007,108
TCCTCCTCAGACCAACTCAG_008,57
TCCTCCTCAGACCAACTCAG_009,119
TCCTCCTCAGACCAACTCAG_010,8
TCCTCCTCAGACCAACTCAG_011,162
TCCTCCTCAGACCAACTCAG_012,178
TCCTCCTCAGACCAACTCAG_013,139
TCCTCCTCAGACCAACTCAG_014,186
TCCTCCTCAGACCAACTCAG_015,110
TCCTCCTCAGACCAACTCAG_016,19
TCCTCCTCAGACCAACTCAG_017,144
TCCTCCTCAGACCAACTCAG_018,168
TCCTCCTCAGACCAACTCAG_019,168
TCCTCCTCAGACCAACTCAG_020,196
TCCTCCTCAGACCAACTCAG_021,117
TCCTCCTCAGACCAACTCAG_022,117
TTGACCCAATCTTATATACG_001,5
TTGACCCAATCTTATATACG_002,154
TTGACCCAATCTTATATACG_003,1
TTGACCCAATCTTATATACG_004,81
TTGACCCAATCTTATATACG_005,46
TTGACCCAATCTTATATACG_006,35
ATGTGTGTTTCATAGCAACC_001,70
ATGTGTGTTTCATAGCAACC_002,70
ATGTGTGTTTCATAGCAACC_003,11
AAATTCAGTCCCGATTTGTG_001,172
AAATTCAGTCCCGATTTGTG_002,199
AAATTCAGTCCCGATTTGTG_003,178
AAATTCAGTCCCGATTTGTG_004,133
AAATTCAGTCCCGATTTGTG_005,48
CCAGGACAGCCTGTGCAGGG_001,48
CCAGGACAGCCTGTGCAGGG_002,81
CCAGGACAGCCTGTGCAGGG_003,177
CCAGGACAGCCTGTGCAGGG_004,26
ATCAAGGTAGATGATGCGAT_001,48
ATCAAGGTAGATGATGCGAT_002,190
ATCAAGGTAGATGATGCGAT_003,80
ATCAAGGTAGATGATGCGAT_004,117
ATCAAGGTAGATGATGCGAT_005,198
ATCAAGGTAGATGATGCGAT_006,183
ATCAAGGTAGATGATGCGAT_007,69
ATCAAGGTAGATGATGCGAT_008,93
ATCAAGGTAGATGATGCGAT_009,129
ATCAAGGTAGATGATGCGAT_010,177
ATCAAGGTAGATGATGCGAT_011,15
ATCAAGGTAGATGATGCGAT_012,22
ATCAAGGTAGATGATGCGAT_013,169
ATCAAGGTAGATGATGCGAT_014,10
ATCAAGGTAGATGATGCGAT_015,189
ATCAAGGTAGATGATGCGAT_016,78
ATCAAGGTAGATGATGCGAT_017,144
CGATTGCTACCTGATCCCAT_001,10
CGATTGCTACCTGATCCCAT_002,11
CGATTGCTACCTGATCCCAT_003,144
CGATTGCTACCTGATCCCAT_004,188
CGATTGCTACCTGATCCCAT_005,130
CGATTGCTACCTGATCCCAT_006,29
CGATTGCTACCTGATCCCAT_007,146
CGATTGCTACCTGATCCCAT_008,163
CGATTGCTACCTGATCCCAT_009,0
TCTACATTATACCAATAACG_001,140
TGAAAATATCAATTCCAACA_001,50
TGAAAATATCAATTCCAACA_002,159
GCGGGTGCCAGCAAACGCCG_001,140
GCGGGTGCCAGCAAACGCCG_002,145
GCGGGTGCCAGCAAACGCCG_003,81
GCGGGTGCCAGCAAACGCCG_004,69
GCGGGTGCCAGCAAACGCCG_005,182
GCGGGTGCCAGCAAACGCCG_006,13
GCGGGTGCCAGCAAACGCCG_007,169
GTCCCCCGATCGAATAACAG_001,48
GTCCCCCGATCGAATAACAG_002,182
GTCCCCCGATCGAATAACAG_003,30
GTCCCCCGATCGAATAACAG_004,113
GTCCCCCGATCGAATAACAG_005,129
GTCCCCCGATCGAATAACAG_006,70
GTCCCCCGATCGAATAACAG_007,76
GTCCCCCGATCGAATAACAG_008,19
GTCCCCCGATCGAATAACAG_009,160
GTCCCCCGATCGAATAACAG_010,84
GTCCCCCGATCGAATAACAG_011,47
GTCCCCCGATCGAATAACAG_012,160
GTCCCCCGATCGAATAACAG_013,77
GTCCCCCGATCGAATAACAG_014,170
GTCCCCCGATCGAATAACAG_015,46
GTCCCCCGATCGAATAACAG_016,43
GTCCCCCGATCGAATAACAG_017,50
GAGATATTGACATAGAGTTG_001,11
AGTAGGACTGGAGCACCTTG_001,29
AGTAGGACTGGAGCACCTTG_002,144
AGTAGGACTGGAGCACCTTG_003,132
AGTAGGACTGGAGCACCTTG_004,115
AGTAGGACTGGAGCACCTTG_005,130
AGTAGGACTGGAGCACCTTG_006,35
AGTAGGACTGGAGCACCTTG_007,177
AGTAGGACTGGAGCACCTTG_008,151
AGTAGGACTGGAGCACCTTG_009,7
AGTAGGACTGGAGCACCTTG_010,77
AGTAGGACTGGAGCACCTTG_011,3
AGTAGGACTGGAGCACCTTG_012,149
AGTAGGACTGGAGCACCTTG_013,56
AGTAGGACTGGAGCACCTTG_014,50
AGTAGGACTGGAGCACCTTG_015,61
AGTAGGACTGGAGCACCTTG_016,20
AGTAGGACTGGAGCACCTTG_017,62
TCTTCTCTTTGTCTGATAGT_001,114
TCTTCTCTTTGTCTGATAGT_002,70
TCTTCTCTTTGTCTGATAGT_003,144
TCTGATCAAAAGAACAACGG_001,80
TCTGATCAAAAGAACAACGG_002,22
TCTGATCAAAAGAACAACGG_003,22
TCTGATCAAAAGAACAACGG_004,138
TCTGATCAAAAGAACAACGG_005,172
TCTGATCAAAAGAACAACGG_006,17
TCTGATCAAAAGAACAACGG_007,29
CGTTGCTGGAGAGTCAAAGG_001,72
GCAAACCTACACTTTCCATG_001,12
GCAAACCTACACTTTCCATG_002,37
GCAAACCTACACTTTCCATG_003,68
GCAAACCTACACTTTCCATG_004,5
GCAAACCTACACTTTCCATG_005,115
GCAAACCTACACTTTCCATG_006,150
AATCACACCAATAAGATACA_001,76
AATCACACCAATAAGATACA_002,144
AATCACACCAATAAGATACA_003,199
AATCACACCAATAAGATACA_004,73
AATCACACCAATAAGATACA_005,29
AATCACACCAATAAGATACA_006,195
AATCACACCAATAAGATACA_007,155
ACTACGACTATGAGCCACTG_001,34
ACTACGACTATGAGCCACTG_002,170
ACTACGACTATGAGCCACTG_003,5
ACTACGACTATGAGCCACTG_004,119
ACTACGACTATGAGCCACTG_005,7
ACTACGACTATGAGCCACTG_006,55
ACTACGACTATGAGCCACTG_007,160
ACTACGACTATGAGCCACTG_008,194
ACTACGACTATGAGCCACTG_009,115
GAACGCCGCTCAAGTTGATA_001,178
GAACGCCGCTCAAGTTGATA_002,117
GAACGCCGCTCAAGTTGATA_003,26
GAACGCCGCTCAAGTTGATA_004,181
GAACGCCGCTCAAGTTGATA_005,19
GAACGCCGCTCAAGTTGATA_006,149
GAACGCCGCTCAAGTTGATA_007,22
GAACGCCGCTCAAGTTGATA_008,69
GAACGCCGCTCAAGTTGATA_009,162
GAACGCCGCTCAAGTTGATA_010,177
GAACGCCGCTCAAGTTGATA_011,144
GAACGCCGCTCAAGTTGATA_012,60
GAACGCCGCTCAAGTTGATA_013,115
GAACGCCGCTCAAGTTGATA_014,34
GAACGCCGCTCAAGTTGATA_015,46
GAACGCCGCTCAAGTTGATA_016,162
GAACGCCGCTCAAGTTGATA_017,102
GAACGCCGCTCAAGTTGATA_018,188
GAACGCCGCTCAAGTTGATA_019,188
GAACGCCGCTCAAGTTGATA_020,45
GAACGCCGCTCAAGTTGATA_021,136
GAACGCCGCTCAAGTTGATA_022,191
GAACGCCGCTCAAGTTGATA_023,144
GAACGCCGCTCAAGTTGATA_024,165
GAACGCCGCTCAAGTTGATA_025,39
GAACGCCGCTCAAGTTGATA_026,4
GAACGCCGCTCAAGTTGATA_027,137
GAACGCCGCTCAAGTTGATA_028,191
AATGGGACATAATTCTACAG_001,171
GCTCCCAGACTGGTCATATG_001,34
GCTCCCAGACTGGTCATATG_002,5
GCTCCCAGACTGGTCATATG_003,98
GCTCCCAGACTGGTCATATG_004,120
GCTCCCAGACTGGTCATATG_005,157
GCTCCCAGACTGGTCATATG_006,106
GCTCCCAGACTGGTCATATG_007,163
GCTCCCAGACTGGTCATATG_008,152
GCTCCCAGACTGGTCATATG_009,104
TCACACTGATGAGTCCAAAC_001,131
TCACACTGATGAGTCCAAAC_002,50
TCACACTGATGAGTCCAAAC_003,167
TCACACTGATGAGTCCAAAC_004,0
TCACACTGATGAGTCCAAAC_005,50
TCACACTGATGAGTCCAAAC_006,162
TCACACTGATGAGTCCAAAC_007,57
TCACACTGATGAGTCCAAAC_008,183
TCACACTGATGAGTCCAAAC_009,71
TCACACTGATGAGTCCAAAC_010,106
GCCTCAGAAGCATCCCGAAG_001,9
GCCTCAGAAGCATCCCGAAG_002,52
GCCTCAGAAGCATCCCGAAG_003,137
GCCTCAGAAGCATCCCGAAG_004,174
ATGAGTCTTCTCCTTATCAG_001,94
ATGAGTCTTCTCCTTATCAG_002,94
ATGAGTCTTCTCCTTATCAG_003,33
ATGAGTCTTCTCCTTATCAG_004,43
ATGAGTCTTCTCCTTATCAG_005,160
ATGAGTCTTCTCCTTATCAG_006,43
CAGGGGCGGTACCATCAAAG_001,67
CAGGGGCGGTACCATCAAAG_002,2
CAGGGGCGGTACCATCAAAG_003,78
CAGGGGCGGTACCATCAAAG_004,74
CAGGGGCGGTACCATCAAAG_005,130
CAGGGGCGGTACCATCAAAG_006,129
CAGGGGCGGTACCATCAAAG_007,103
CAGGGGCGGTACCATCAAAG_008,35
CAGGGGCGGTACCATCAAAG_009,96
GCCTCCAAAATGACCCACAA_001,196
GCCTCCAAAATGACCCACAA_002,91
GCCTCCAAAATGACCCACAA_003,7
GCCTCCAAAATGACCCACAA_004,141
GCCTCCAAAATGACCCACAA_005,175
GCCTCCAAAATGACCCACAA_006,111
GCCTCCAAAATGACCCACAA_007,88
GCCTCCAAAATGACCCACAA_008,67
GCCTCCAAAATGACCCACAA_009,48
GCCTCCAAAATGACCCACAA_010,170
GCCTCCAAAATGACCCACAA_011,17
GCCTCCAAAATGACCCACAA_012,32
GCCTCCAAAATGACCCACAA_013,180
GGCATAGTCGCAAACATCTG_001,15
GGCATAGTCGCAAACATCTG_002,116
GGCATAGTCGCAAACATCTG_003,67
GGCATAGTCGCAAACATCTG_004,77
GGCATAGTCGCAAACATCTG_005,137
GGCATAGTCGCAAACATCTG_006,121
GGCATAGTCGCAAACATCTG_007,143
GGCATAGTCGCAAACATCTG_008,98
GGCATAGTCGCAAACATCTG_009,15
GGCATAGTCGCAAACATCTG_010,63
GGCATAGTCGCAAACATCTG_011,49
GGCATAGTCGCAAACATCTG_012,154
GGCATAGTCGCAAACATCTG_013,60
GGCATAGTCGCAAACATCTG_014,137
GGCATAGTCGCAAACATCTG_015,46
GGCATAGTCGCAAACATCTG_016,65
GGCATAGTCGCAAACATCTG_017,62
GGCATAGTCGCAAACATCTG_018,191
GGCATAGTCGCAAACATCTG_019,69
CATCCTGAAGAAGTTCAATG_001,68
CATCCTGAAGAAGTTCAATG_002,152
CATCCTGAAGAAGTTCAATG_003,138
CATCCTGAAGAAGTTCAATG_004,197
CATCCTGAAGAAGTTCAATG_005,47
CATCCTGAAGAAGTTCAATG_006,17
CATCCTGAAGAAGTTCAATG_007,29
CATCCTGAAGAAGTTCAATG_008,1
CACAACAGAGCATCGCTGCG_001,170
CACAACAGAGCATCGCTGCG_002,148
CACAACAGAGCATCGCTGCG_003,157
CACAACAGAGCATCGCTGCG_004,188
CACAACAGAGCATCGCTGCG_005,43
CACAACAGAGCATCGCTGCG_006,198
CACAACAGAGCATCGCTGCG_007,115
CACAACAGAGCATCGCTGCG_008,138
CACAACAGAGCATCGCTGCG_009,181
CACAACAGAGCATCGCTGCG_010,186
CACAACAGAGCATCGCTGCG_011,119
CACAACAGAGCATCGCTGCG_012,88
CACAACAGAGCATCGCTGCG_013,141
CACAACAGAGCATCGCTGCG_014,62
CACAACAGAGCATCGCTGCG_015,147
CACAACAGAGCATCGCTGCG_016,130
CACAACAGAGCATCGCTGCG_017,188
CACAACAGAGCATCGCTGCG_018,175
CACAACAGAGCATCGCTGCG_019,140
CACAACAGAGCATCGCTGCG_020,50
CACAACAGAGCATCGCTGCG_021,49
CACAACAGAGCATCGCTGCG_022,56
CACAACAGAGCATCGCTGCG_023,188
CACAACAGAGCATCGCTGCG_024,34
CACAACAGAGCATCGCTGCG_025,66
GTCCGACAAGAAGCCGCCCA_001,115
GTCCGACAAGAAGCCGCCCA_002,166
GTCCGACAAGAAGCCGCCCA_003,186
GTCCGACAAGAAGCCGCCCA_004,73
GTCCGACAAGAAGCCGCCCA_005,15
GTCCGACAAGAAGCCGCCCA_006,107
GTCCGACAAGAAGCCGCCCA_007,75
GTCCGACAAGAAGCCGCCCA_008,30
GTCCGACAAGAAGCCGCCCA_009,20
GTCCGACAAGAAGCCGCCCA_010,117
GTCCGACAAGAAGCCGCCCA_011,197
GTCCGACAAGAAGCCGCCCA_012,29
GTCCGACAAGAAGCCGCCCA_013,1
GTCCGACAAGAAGCCGCCCA_014,36
GTCCGACAAGAAGCCGCCCA_015,132
GTCCGACAAGAAGCCGCCCA_016,106
GTCCGACAAGAAGCCGCCCA_017,177
GTCCGACAAGAAGCCGCCCA_018,141
GTCCGACAAGAAGCCGCCCA_019,169
GTCCGACAAGAAGCCGCCCA_020,115
GTCCGACAAGAAGCCGCCCA_021,177
GTCCGACAAGAAGCCGCCCA_022,68
GTCCGACAAGAAGCCGCCCA_023,144
GTCCGACAAGAAGCCGCCCA_024,170
GTCCGACAAGAAGCCGCCCA_025,102
GCTGTGGACCAAGACAGGCA_001,72
GCTGTGGACCAAGACAGGCA_002,85
GCTGTGGACCAAGACAGGCA_003,4
GCTGTGGACCAAGACAGGCA_004,55
GCTGTGGACCAAGACAGGCA_005,50
GCTGTGGACCAAGACAGGCA_006,169
GCTGTGGACCAAGACAGGCA_007,191
GCTGTGGACCAAGACAGGCA_008,1
GCTGTGGACCAAGACAGGCA_009,50
GCTGTGGACCAAGACAGGCA_010,188
GCTGTGGACCAAGACAGGCA_011,103
GCTGTGGACCAAGACAGGCA_012,78
GCTGTGGACCAAGACAGGCA_013,69
GCTGTGGACCAAGACAGGCA_014,121
GCTGTGGACCAAGACAGGCA_015,168
GAAAGGACTTGAATGACGCC_001,70
GAAAGGACTTGAATGACGCC_002,163
GAAAGGACTTGAATGACGCC_003,40
GAAAGGACTTGAATGACGCC_004,199
GAAAGGACTTGAATGACGCC_005,5
GAAAGGACTTGAATGACGCC_006,38
GAAAGGACTTGAATGACGCC_007,171
GAAAGGACTTGAATGACGCC_008,181
GAAAGGACTTGAATGACGCC_009,52
GAAAGGACTTGAATGACGCC_010,43
GAAAGGACTTGAATGACGCC_011,116
GAAAGGACTTGAATGACGCC_012,188
GAAAGGACTTGAATGACGCC_013,184
GAAAGGACTTGAATGACGCC_014,181
GAAAGGACTTGAATGACGCC_015,147
ATGTGCAGGCATAACACCAA_001,147
ATGTGCAGGCATAACACCAA_002,147
ATGTGCAGGCATAACACCAA_003,19
ATGTGCAGGCATAACACCAA_004,24
ATGTGCAGGCATAACACCAA_005,156
ATGTGCAGGCATAACACCAA_006,168
ATGTGCAGGCATAACACCAA_007,123
ATGTGCAGGCATAACACCAA_008,63
ATGTGCAGGCATAACACCAA_009,41
ATGTGCAGGCATAACACCAA_010,54
ATGTGCAGGCATAACACCAA_011,161
ATGTGCAGGCATAACACCAA_012,78
ACTTGACAGCATAAAAGGGC_001,172
ACTTGACAGCATAAAAGGGC_002,65
ACTTGACAGCATAAAAGGGC_003,177
ACTTGACAGCATAAAAGGGC_004,74
ACTTGACAGCATAAAAGGGC_005,27
ACTTGACAGCATAAAAGGGC_006,28
ACTTGACAGCATAAAAGGGC_007,32
ACTTGACAGCATAAAAGGGC_008,63
ACTTGACAGCATAAAAGGGC_009,2
ACTTGACAGCATAAAAGGGC_010,51
ACTTGACAGCATAAAAGGGC_011,141
GCGGTGCACTCGCGCGACCA_001,84
GCGGTGCACTCGCGCGACCA_002,115
GCGGTGCACTCGCGCGACCA_003,133
GCGGTGCACTCGCGCGACCA_004,62
GCGGTGCACTCGCGCGACCA_005,70
GCGGTGCACTCGCGCGACCA_006,84
GCGGTGCACTCGCGCGACCA_007,67
GCGGTGCACTCGCGCGACCA_008,151
GCGGTGCACTCGCGCGACCA_009,133
GCGGTGCACTCGCGCGACCA_010,20
GCGGTGCACTCGCGCGACCA_011,148
GCGGTGCACTCGCGCGACCA_012,76
GCGGTGCACTCGCGCGACCA_013,94
GCGGTGCACTCGCGCGACCA_014,60
GCGGTGCACTCGCGCGACCA_015,145
GCGGTGCACTCGCGCGACCA_016,187
GCGGTGCACTCGCGCGACCA_017,21
GCGGTGCACTCGCGCGACCA_018,41
GCGGTGCACTCGCGCGACCA_019,88
GCGGTGCACTCGCGCGACCA_020,150
GCGGTGCACTCGCGCGACCA_021,88
GCGGTGCACTCGCGCGACCA_022,104
GCGGTGCACTCGCGCGACCA_023,114
GCGGTGCACTCGCGCGACCA_024,114
GCGGTGCACTCGCGCGACCA_025,184
GCGGTGCACTCGCGCGACCA_026,76
GCGGTGCACTCGCGCGACCA_027,29
GCGGTGCACTCGCGCGACCA_028,189
GCGGTGCACTCGCGCGACCA_029,2
GCGGTGCACTCGCGCGACCA_030,138
GCGGTGCACTCGCGCGACCA_031,129
GCGGTGCACTCGCGCGACCA_032,10
GCGGTGCACTCGCGCGACCA_033,133
GCGGTGCACTCGCGCGACCA_034,96
GCGGTGCACTCGCGCGACCA_035,47
GCGGTGCACTCGCGCGACCA_036,191
GTACCCAGGGGTGACAGGGT_001,138
GTACCCAGGGGTGACAGGGT_002,42
GTACCCAGGGGTGACAGGGT_003,50
GTACCCAGGGGTGACAGGGT_004,79
GTACCCAGGGGTGACAGGGT_005,108
GTACCCAGGGGTGACAGGGT_006,119
GTGTTCGATTAAGCATTCCA_001,176
GTGTTCGATTAAGCATTCCA_002,140
GTGTTCGATTAAGCATTCCA_003,196
GTGTTCGATTAAGCATTCCA_004,6
GTGTTCGATTAAGCATTCCA_005,21
AGGACGAAGAAAAGTTCTCG_001,29
AGGACGAAGAAAAGTTCTCG_002,178
AGGACGAAGAAAAGTTCTCG_003,149
AGGACGAAGAAAAGTTCTCG_004,158
AGGACGAAGAAAAGTTCTCG_005,88
AGGACGAAGAAAAGTTCTCG_006,75
AGGACGAAGAAAAGTTCTCG_007,84
TCGCCCGGGTACTACGCCGG_001,132
TCGCCCGGGTACTACGCCGG_002,104
TCGCCCGGGTACTACGCCGG_003,132
TCGCCCGGGTACTACGCCGG_004,116
TCGCCCGGGTACTACGCCGG_005,76
TCGCCCGGGTACTACGCCGG_006,15
TCGCCCGGGTACTACGCCGG_007,170
TCGCCCGGGTACTACGCCGG_008,58
TCGCCCGGGTACTACGCCGG_009,9
TCGCCCGGGTACTACGCCGG_010,146
TCGCCCGGGTACTACGCCGG_011,58
CACGACTAAAGCATTCCCTG_001,21
CACGACTAAAGCATTCCCTG_002,31
CACGACTAAAGCATTCCCTG_003,27
CACGACTAAAGCATTCCCTG_004,158
CACGACTAAAGCATTCCCTG_005,56
CACGACTAAAGCATTCCCTG_006,68
CACGACTAAAGCATTCCCTG_007,179
CACGACTAAAGCATTCCCTG_008,33
CACGACTAAAGCATTCCCTG_009,78
CACGACTAAAGCATTCCCTG_010,88
CACGACTAAAGCATTCCCTG_011,63
CACGACTAAAGCATTCCCTG_012,106
CACGACTAAAGCATTCCCTG_013,6
ACGTGAGGTAACAGGTGACT_001,190
ACGTGAGGTAACAGGTGACT_002,133
ACGTGAGGTAACAGGTGACT_003,5
ACGTGAGGTAACAGGTGACT_004,15
ACGTGAGGTAACAGGTGACT_005,64
CGGCACAGCTCGTCGCACAG_001,161
CGGCACAGCTCGTCGCACAG_002,188
CGGCACAGCTCGTCGCACAG_003,146
CGGCACAGCTCGTCGCACAG_004,70
CGGCACAGCTCGTCGCACAG_005,189
CGGCACAGCTCGTCGCACAG_006,146
CGGCACAGCTCGTCGCACAG_007,180
CGGCACAGCTCGTCGCACAG_008,21
CGGCACAGCTCGTCGCACAG_009,150
CGGCACAGCTCGTCGCACAG_010,61
CGGCACAGCTCGTCGCACAG_011,126
CGGCACAGCTCGTCGCACAG_012,29
CGGCACAGCTCGTCGCACAG_013,41
CGGCACAGCTCGTCGCACAG_014,188
CGGCACAGCTCGTCGCACAG_015,146
CGGCACAGCTCGTCGCACAG_016,9
CGGCACAGCTCGTCGCACAG_017,78
CGGCACAGCTCGTCGCACAG_018,152
CGGCACAGCTCGTCGCACAG_019,72
CGGCACAGCTCGTCGCACAG_020,40
CGGCACAGCTCGTCGCACAG_021,20
CGGCACAGCTCGTCGCACAG_022,184
CGGCACAGCTCGTCGCACAG_023,20
CGGCACAGCTCGTCGCACAG_024,56
CGGCACAGCTCGTCGCACAG_025,193
CGGCACAGCTCGTCGCACAG_026,29
CGGCACAGCTCGTCGCACAG_027,159
CGGCACAGCTCGTCGCACAG_028,185
CGGCACAGCTCGTCGCACAG_029,17
CGGCACAGCTCGTCGCACAG_030,176
CGGCACAGCTCGTCGCACAG_031,81
CGGCACAGCTCGTCGCACAG_032,175
CGGCACAGCTCGTCGCACAG_033,184
CGGCACAGCTCGTCGCACAG_034,104
CGGCACAGCTCGTCGCACAG_035,65
CGGCACAGCTCGTCGCACAG_036,168
CGGCACAGCTCGTCGCACAG_037,141
CGGCACAGCTCGTCGCACAG_038,172
CGGCACAGCTCGTCGCACAG_039,0
CGGCACAGCTCGTCGCACAG_040,27
CGGCACAGCTCGTCGCACAG_041,9
CGGCACAGCTCGTCGCACAG_042,0
CGGCACAGCTCGTCGCACAG_043,187
CGGCACAGCTCGTCGCACAG_044,199
CGGCACAGCTCGTCGCACAG_045,150
CGGCACAGCTCGTCGCACAG_046,35
CGGCACAGCTCGTCGCACAG_047,162
CGGCACAGCTCGTCGCACAG_048,1
CGGCACAGCTCGTCGCACAG_049,135
CGGCACAGCTCGTCGCACAG_050,94
CGGCACAGCTCGTCGCACAG_051,61
CGGCACAGCTCGTCGCACAG_052,140
CGGCACAGCTCGTCGCACAG_053,100
CGGCACAGCTCGTCGCACAG_054,184
CCCCAAGAAACACGGCTCCG_001,17
CCCCAAGAAACACGGCTCCG_002,157
CCCCAAGAAACACGGCTCCG_003,8
CCCCAAGAAACACGGCTCCG_004,146
CCCCAAGAAACACGGCTCCG_005,144
CCCCAAGAAACACGGCTCCG_006,164
CCCCAAGAAACACGGCTCCG_007,88
CCCCAAGAAACACGGCTCCG_008,62
CCCCAAGAAACACGGCTCCG_009,11
CCCCAAGAAACACGGCTCCG_010,176
CCCCAAGAAACACGGCTCCG_011,184
CCCCAAGAAACACGGCTCCG_012,169
CCCCAAGAAACACGGCTCCG_013,144
CCCCAAGAAACACGGCTCCG_014,52
CCCCAAGAAACACGGCTCCG_015,190
CCCCAAGAAACACGGCTCCG_016,176
CCCCAAGAAACACGGCTCCG_017,26
CCCCAAGAAACACGGCTCCG_018,189
CCCCAAGAAACACGGCTCCG_019,147
CCCCAAGAAACACGGCTCCG_020,15
CCCCAAGAAACACGGCTCCG_021,104
CCCCAAGAAACACGGCTCCG_022,124
CCCCAAGAAACACGGCTCCG_023,75
CCCCAAGAAACACGGCTCCG_024,190
CCCCAAGAAACACGGCTCCG_025,102
CCCCAAGAAACACGGCTCCG_026,188
CCCCAAGAAACACGGCTCCG_027,168
CCACGACTGCGACTTAGGGA_001,27
CCACGACTGCGACTTAGGGA_002,188
CCACGACTGCGACTTAGGGA_003,37
CCACGACTGCGACTTAGGGA_004,82
CCACGACTGCGACTTAGGGA_005,151
CCACGACTGCGACTTAGGGA_006,126
CCACGACTGCGACTTAGGGA_007,96
CCACGACTGCGACTTAGGGA_008,63
CCACGACTGCGACTTAGGGA_009,114
CCACGACTGCGACTTAGGGA_010,171
CCACGACTGCGACTTAGGGA_011,181
CCACGACTGCGACTTAGGGA_012,199
CCACGACTGCGACTTAGGGA_013,191
CCACGACTGCGACTTAGGGA_014,130
CCACGACTGCGACTTAGGGA_015,52
CCACGACTGCGACTTAGGGA_016,142
CCACGACTGCGACTTAGGGA_017,175
CCACGACTGCGACTTAGGGA_018,191
CCACGACTGCGACTTAGGGA_019,17
GAGCTGCTAAGGGAAACCAA_001,169
GAGCTGCTAAGGGAAACCAA_002,169
GAGCTGCTAAGGGAAACCAA_003,29
GAGCTGCTAAGGGAAACCAA_004,149
GAGCTGCTAAGGGAAACCAA_005,169
GAGCTGCTAAGGGAAACCAA_006,48
GAGCTGCTAAGGGAAACCAA_007,188
AAAGAAGCTGGTGATCGTTG_001,199
AAAGAAGCTGGTGATCGTTG_002,125
AAAGAAGCTGGTGATCGTTG_003,188
AAAGAAGCTGGTGATCGTTG_004,130
AAAGAAGCTGGTGATCGTTG_005,170
AAAGAAGCTGGTGATCGTTG_006,170
AAAGAAGCTGGTGATCGTTG_007,48
TGTGGGATCTGTGCTACTCG_001,168
GCTCCACGGGCCTAATGTGG_001,11
GCTCCACGGGCCTAATGTGG_002,12
GCTCCACGGGCCTAATGTGG_003,115
GCTCCACGGGCCTAATGTGG_004,126
GCTCCACGGGCCTAATGTGG_005,78
GCTCCACGGGCCTAATGTGG_006,10
GCTCCACGGGCCTAATGTGG_007,43
GCTCCACGGGCCTAATGTGG_008,150
GCTCCACGGGCCTAATGTGG_009,60
GCTCCACGGGCCTAATGTGG_010,72
GCTCCACGGGCCTAATGTGG_011,35
ACGCCACCTGGGTATACACC_001,193
ACTGGATCTGGACGGGCCAA_001,141
ACTGGATCTGGACGGGCCAA_002,166
ACTGGATCTGGACGGGCCAA_003,60
ACTGGATCTGGACGGGCCAA_004,77
ACTGGATCTGGACGGGCCAA_005,141
ACTGGATCTGGACGGGCCAA_006,175
ACTGGATCTGGACGGGCCAA_007,110
ACTGGATCTGGACGGGCCAA_008,191
ACTGGATCTGGACGGGCCAA_009,123
ACTGGATCTGGACGGGCCAA_010,0
ACTGGATCTGGACGGGCCAA_011,141
ACTGGATCTGGACGGGCCAA_012,48
ACTGGATCTGGACGGGCCAA_013,169
ACTGGATCTGGACGGGCCAA_014,63
CACCGTGCTGCTCTACGACG_001,72
CACCGTGCTGCTCTACGACG_002,138
GAGCTGGGCATGGAATAGGC_001,160
GAGCTGGGCATGGAATAGGC_002,70
GAGCTGGGCATGGAATAGGC_003,199
GAGCTGGGCATGGAATAGGC_004,5
GAGCTGGGCATGGAATAGGC_005,150
GAGCTGGGCATGGAATAGGC_006,175
GAGCTGGGCATGGAATAGGC_007,11
GAGCTGGGCATGGAATAGGC_008,60
GAGCTGGGCATGGAATAGGC_009,81
GAGCTGGGCATGGAATAGGC_010,27
GAGCTGGGCATGGAATAGGC_011,70
GAGCTGGGCATGGAATAGGC_012,124
CATATGAAGCCTGCACCTGT_001,160
CATATGAAGCCTGCACCTGT_002,14
CATATGAAGCCTGCACCTGT_003,135
CATATGAAGCCTGCACCTGT_004,19
CATATGAAGCCTGCACCTGT_005,162
CATATGAAGCCTGCACCTGT_006,113
CATATGAAGCCTGCACCTGT_007,169
CATATGAAGCCTGCACCTGT_008,18
GCAGGCAGCACAGATCAACA_001,185
GCAGGCAGCACAGATCAACA_002,156
GCAGGCAGCACAGATCAACA_003,17
GCAGGCAGCACAGATCAACA_004,61
GCAGGCAGCACAGATCAACA_005,4
GCAGGCAGCACAGATCAACA_006,2
GCAGGCAGCACAGATCAACA_007,147
GCAGGCAGCACAGATCAACA_008,28
GCAGGCAGCACAGATCAACA_009,105
GCAGGCAGCACAGATCAACA_010,176
GCAGGCAGCACAGATCAACA_011,176
GCAGGCAGCACAGATCAACA_012,161
GCAGGCAGCACAGATCAACA_013,161
GCAGGCAGCACAGATCAACA_014,144
GCAGGCAGCACAGATCAACA_015,88
GCAGGCAGCACAGATCAACA_016,158
GCAGGCAGCACAGATCAACA_017,168
GCAGGCAGCACAGATCAACA_018,63
GCAGGCAGCACAGATCAACA_019,116
GCGTCGCCGGAGATCATCAG_001,83
GCGTCGCCGGAGATCATCAG_002,12
GCGTCGCCGGAGATCATCAG_003,160
GCGTCGCCGGAGATCATCAG_004,121
GCGTCGCCGGAGATCATCAG_005,81
CTCCCGTACGGCCTAGACCG_001,155
ATTATTATGACAACTCCAGT_001,105
ATTATTATGACAACTCCAGT_002,188
ATTATTATGACAACTCCAGT_003,124
ATTATTATGACAACTCCAGT_004,50
ATTATTATGACAACTCCAGT_005,69
ATTATTATGACAACTCCAGT_006,77
ATTATTATGACAACTCCAGT_007,103
ATTATTATGACAACTCCAGT_008,106
ATTATTATGACAACTCCAGT_009,158
ATTATTATGACAACTCCAGT_010,1
ATTATTATGACAACTCCAGT_011,121
ATTATTATGACAACTCCAGT_012,34
ATTATTATGACAACTCCAGT_013,166
ATTATTATGACAACTCCAGT_014,105
AGTGCTACAATTGCACTAGT_001,9
AGTGCTACAATTGCACTAGT_002,38
AGTGCTACAATTGCACTAGT_003,116
AGTGCTACAATTGCACTAGT_004,61
AGTGCTACAATTGCACTAGT_005,143
AGTGCTACAATTGCACTAGT_006,72
AGTGCTACAATTGCACTAGT_007,137
AGTGCTACAATTGCACTAGT_008,6
AGTGCTACAATTGCACTAGT_009,113
CCGCAGCGAACGTACCACTG_001,83
CCGCAGCGAACGTACCACTG_002,3
CCGCAGCGAACGTACCACTG_003,145
CCGCAGCGAACGTACCACTG_004,60
CCGCAGCGAACGTACCACTG_005,94
CCGCAGCGAACGTACCACTG_006,29
CCGCAGCGAACGTACCACTG_007,28
CCGCAGCGAACGTACCACTG_008,141
CCGCAGCGAACGTACCACTG_009,60
CCGCAGCGAACGTACCACTG_010,186
CCGCAGCGAACGTACCACTG_011,17
CCGCAGCGAACGTACCACTG_012,199
CCGCAGCGAACGTACCACTG_013,81
ATCGCAGCCCATTATGAAGG_001,29
TGGATACGGATGAAGCACAT_001,127
TGGATACGGATGAAGCACAT_002,17
TGGATACGGATGAAGCACAT_003,195
TGGATACGGATGAAGCACAT_004,121
TGGATACGGATGAAGCACAT_005,116
AGTCGGCAGATTGAAATTCG_001,139
TATTACCATCAAATAGACAG_001,184
TATTACCATCAAATAGACAG_002,171
TATTACCATCAAATAGACAG_003,189
TATTACCATCAAATAGACAG_004,70
TATTACCATCAAATAGACAG_005,194
TATTACCATCAAATAGACAG_006,6
TATTACCATCAAATAGACAG_007,165
TATTACCATCAAATAGACAG_008,96
TATTACCATCAAATAGACAG_009,77
TATTACCATCAAATAGACAG_010,48
TTCTCCACAGCATCCCCGCG_001,187
TTCTCCACAGCATCCCCGCG_002,52
TTCTCCACAGCATCCCCGCG_003,109
TTCTCCACAGCATCCCCGCG_004,94
GCTGGTCCTAAGAACAGTGA_001,50
GCTGGTCCTAAGAACAGTGA_002,161
GCTGGTCCTAAGAACAGTGA_003,107
GCTGGTCCTAAGAACAGTGA_004,150
GCTGGTCCTAAGAACAGTGA_005,96
GCTGGTCCTAAGAACAGTGA_006,132
GCTGGTCCTAAGAACAGTGA_007,153
GCTGGTCCTAAGAACAGTGA_008,72
TGATGACAGTTGAGTAACTG_001,119
TGATGACAGTTGAGTAACTG_002,160
TGATGACAGTTGAGTAACTG_003,51
CCATCTTGGCCATGGCACCC_001,157
CCATCTTGGCCATGGCACCC_002,62
TCAGACCGTGTCTCAGACGG_001,85
CAGCTCATCTAGAACACGAT_001,199
CAGCTCATCTAGAACACGAT_002,123
CAGCTCATCTAGAACACGAT_003,2
CAGCTCATCTAGAACACGAT_004,170
CAGCTCATCTAGAACACGAT_005,34
TGCAGGCATTGATCATGATG_001,154
TGCAGGCATTGATCATGATG_002,56
TGCAGGCATTGATCATGATG_003,2
TGCAGGCATTGATCATGATG_004,1
TGCAGGCATTGATCATGATG_005,1
TGCAGGCATTGATCATGATG_006,146
TGCAGGCATTGATCATGATG_007,144
AACCCTGCAAACCCTAAGTG_001,94
AACCCTGCAAACCCTAAGTG_002,161
AACCCTGCAAACCCTAAGTG_003,70
AACCCTGCAAACCCTAAGTG_004,169
AACCCTGCAAACCCTAAGTG_005,147
AACCCTGCAAACCCTAAGTG_006,5
AACCCTGCAAACCCTAAGTG_007,94
AACCCTGCAAACCCTAAGTG_008,29
AACCCTGCAAACCCTAAGTG_009,68
AACCCTGCAAACCCTAAGTG_010,152
CCCCTATCCTAGTCCTACGG_001,170
CCCCTATCCTAGTCCTACGG_002,68
CCCCTATCCTAGTCCTACGG_003,47
CCCCTATCCTAGTCCTACGG_004,98
CCCCTATCCTAGTCCTACGG_005,149
CCCCTATCCTAGTCCTACGG_006,8
CCCCTATCCTAGTCCTACGG_007,129
CCCCTATCCTAGTCCTACGG_008,62
CCCCTATCCTAGTCCTACGG_009,87
CCCCTATCCTAGTCCTACGG_010,139
CCCCTATCCTAGTCCTACGG_011,121
GGTCAGGTCAATTAAGAGGT_001,99
GGTCAGGTCAATTAAGAGGT_002,28
GGTCAGGTCAATTAAGAGGT_003,103
TCCAGCTCAAACAGGAAGAT_001,5
TCCAGCTCAAACAGGAAGAT_002,82
TCCAGCTCAAACAGGAAGAT_003,184
TCCAGCTCAAACAGGAAGAT_004,126
TCCAGCTCAAACAGGAAGAT_005,50
TGTTCTAAGATTTCATGACG_001,158
TGTTCTAAGATTTCATGACG_002,120
TGTTCTAAGATTTCATGACG_003,112
TGTTCTAAGATTTCATGACG_004,6
CCATAAATATAACTTTATCG_001,104
CATGCCCTGGAGCGTCCCAA_001,128
CATGCCCTGGAGCGTCCCAA_002,98
CATGCCCTGGAGCGTCCCAA_003,70
CATGCCCTGGAGCGTCCCAA_004,140
CATGCCCTGGAGCGTCCCAA_005,56
CATGCCCTGGAGCGTCCCAA_006,57
TCTATTTCAGTGAACAACGT_001,102
TCTATTTCAGTGAACAACGT_002,63
CAAACTGAGTCTCTTCCAGG_001,9
CAAACTGAGTCTCTTCCAGG_002,90
CAAACTGAGTCTCTTCCAGG_003,90
CAAACTGAGTCTCTTCCAGG_004,168
CAAACTGAGTCTCTTCCAGG_005,61
CAAACTGAGTCTCTTCCAGG_006,103
GTTTAGGTAACAGGCATACG_001,83
GTTTAGGTAACAGGCATACG_002,183
GTTTAGGTAACAGGCATACG_003,137
GAAAACAGTTTGGACCCTGG_001,105
GAAAACAGTTTGGACCCTGG_002,146
GAAAACAGTTTGGACCCTGG_003,197
GAAAACAGTTTGGACCCTGG_004,134
GAAAACAGTTTGGACCCTGG_005,178
GAAAACAGTTTGGACCCTGG_006,113
GAAAACAGTTTGGACCCTGG_007,10
GGATATGGTCGACATAACGG_001,154
GGATATGGTCGACATAACGG_002,132
GGATATGGTCGACATAACGG_003,17
GGATATGGTCGACATAACGG_004,61
GGATATGGTCGACATAACGG_005,28
GGATATGGTCGACATAACGG_006,153
GGATATGGTCGACATAACGG_007,198
GGATATGGTCGACATAACGG_008,184
GGATATGGTCGACATAACGG_009,66
GGATATGGTCGACATAACGG_010,30
GGATATGGTCGACATAACGG_011,15
GGATATGGTCGACATAACGG_012,51
GGATATGGTCGACATAACGG_013,14
GGATATGGTCGACATAACGG_014,174
ACTGATTATGAACAAAGCAC_001,33
ACTGATTATGAACAAAGCAC_002,193
ACTGATTATGAACAAAGCAC_003,105
ACTGATTATGAACAAAGCAC_004,77
ACTGATTATGAACAAAGCAC_005,185
ACTGATTATGAACAAAGCAC_006,158
ACTGATTATGAACAAAGCAC_007,109
ACTGATTATGAACAAAGCAC_008,147
ACTGATTATGAACAAAGCAC_009,42
ACTGATTATGAACAAAGCAC_010,29
ACTGATTATGAACAAAGCAC_011,69
ACTGATTATGAACAAAGCAC_012,94
TCCACCGAATTTCTCCTGGC_001,29
TGAGCACGAAGGTTGCAACA_001,177
TGAGCACGAAGGTTGCAACA_002,60
TGAGCACGAAGGTTGCAACA_003,114
TGAGCACGAAGGTTGCAACA_004,114
TGAGCACGAAGGTTGCAACA_005,159
TGAGCACGAAGGTTGCAACA_006,81
TGAGCACGAAGGTTGCAACA_007,138
TGAGCACGAAGGTTGCAACA_008,19
CAGGATGTGACAATGCAAAG_001,41
CAGGATGTGACAATGCAAAG_002,128
CAGGATGTGACAATGCAAAG_003,9
CAGGATGTGACAATGCAAAG_004,147
CAGGATGTGACAATGCAAAG_005,193
CTGCTCCCAGCTAGTCCCAG_001,183
CTGCTCCCAGCTAGTCCCAG_002,37
CTGCTCCCAGCTAGTCCCAG_003,139
CTGCTCCCAGCTAGTCCCAG_004,116
CTGCTCCCAGCTAGTCCCAG_005,49
CTGCTCCCAGCTAGTCCCAG_006,94
CTGCTCCCAGCTAGTCCCAG_007,38
CTGCTCCCAGCTAGTCCCAG_008,196
CTGCTCCCAGCTAGTCCCAG_009,129
CTGCTCCCAGCTAGTCCCAG_010,87
CTGCTCCCAGCTAGTCCCAG_011,79
CTGCTCCCAGCTAGTCCCAG_012,38
CTGCTCCCAGCTAGTCCCAG_013,105
CTGCTCCCAGCTAGTCCCAG_014,81
CTGCTCCCAGCTAGTCCCAG_015,155
CTGCTCCCAGCTAGTCCCAG_016,27
CTGCTCCCAGCTAGTCCCAG_017,115
CTGCTCCCAGCTAGTCCCAG_018,121
CTGCTCCCAGCTAGTCCCAG_019,81
CTGCTCCCAGCTAGTCCCAG_020,132
CTGCTCCCAGCTAGTCCCAG_021,83
CTGCTCCCAGCTAGTCCCAG_022,130
CTGCTCCCAGCTAGTCCCAG_023,97
CTGCTCCCAGCTAGTCCCAG_024,161
CTGCTCCCAGCTAGTCCCAG_025,177
CTGCTCCCAGCTAGTCCCAG_026,88
CTGCTCCCAGCTAGTCCCAG_027,41
CTGCTCCCAGCTAGTCCCAG_028,99
CTGCTCCCAGCTAGTCCCAG_029,83
CTGCTCCCAGCTAGTCCCAG_030,112
CTGCTCCCAGCTAGTCCCAG_031,80
CTGCTCCCAGCTAGTCCCAG_032,196
CTGCTCCCAGCTAGTCCCAG_033,94
CTGCTCCCAGCTAGTCCCAG_034,199
CTGCTCCCAGCTAGTCCCAG_035,107
TGGTATTGGGAAAGGCCTGG_001,0
TGGTATTGGGAAAGGCCTGG_002,49
TGGTATTGGGAAAGGCCTGG_003,47
TGGTATTGGGAAAGGCCTGG_004,114
TGGTATTGGGAAAGGCCTGG_005,120
TGGTATTGGGAAAGGCCTGG_006,103
TGGTATTGGGAAAGGCCTGG_007,43
TGGTATTGGGAAAGGCCTGG_008,190
TGGTATTGGGAAAGGCCTGG_009,27
TGGTATTGGGAAAGGCCTGG_010,18
TGGTATTGGGAAAGGCCTGG_011,105
TGGTATTGGGAAAGGCCTGG_012,197
TGGTATTGGGAAAGGCCTGG_013,25
TGGTATTGGGAAAGGCCTGG_014,47
TGGTATTGGGAAAGGCCTGG_015,135
TGGTATTGGGAAAGGCCTGG_016,59
TGGTATTGGGAAAGGCCTGG_017,67
GGGCTCCTCTAACGTCACCG_001,72
GGGCTCCTCTAACGTCACCG_002,43
GGGCTCCTCTAACGTCACCG_003,147
GGGCTCCTCTAACGTCACCG_004,162
GGGCTCCTCTAACGTCACCG_005,184
GGGCTCCTCTAACGTCACCG_006,149
GGGCTCCTCTAACGTCACCG_007,35
GGGCTCCTCTAACGTCACCG_008,147
GGGCTCCTCTAACGTCACCG_009,63
GGGCTCCTCTAACGTCACCG_010,168
GGGCTCCTCTAACGTCACCG_011,144
GGGCTCCTCTAACGTCACCG_012,154
GGGCTCCTCTAACGTCACCG_013,174
GGGCTCCTCTAACGTCACCG_014,188
GGGCTCCTCTAACGTCACCG_015,3
GGGCTCCTCTAACGTCACCG_016,182
GGGCTCCTCTAACGTCACCG_017,2
GGGCTCCTCTAACGTCACCG_018,102
GGGCTCCTCTAACGTCACCG_019,29
GGGCTCCTCTAACGTCACCG_020,134
GGGCTCCTCTAACGTCACCG_021,84
AGTAGCATTAAAAAGAAGAA_001,26
AGTAGCATTAAAAAGAAGAA_002,20
AGTAGCATTAAAAAGAAGAA_003,140
AGTAGCATTAAAAAGAAGAA_004,146
AGTAGCATTAAAAAGAAGAA_005,77
AGACCGGCTCTATTCTCGCT_001,50
GTGACCCTAAGAGTGACTCG_001,174
GTGACCCTAAGAGTGACTCG_002,38
GTGACCCTAAGAGTGACTCG_003,115
GTGACCCTAAGAGTGACTCG_004,149
GTGACCCTAAGAGTGACTCG_005,138
GTGACCCTAAGAGTGACTCG_006,9
GTGACCCTAAGAGTGACTCG_007,27
GTGACCCTAAGAGTGACTCG_008,145
GTGACCCTAAGAGTGACTCG_009,70
GTGACCCTAAGAGTGACTCG_010,60
ACTGTTGCCGCGCCAACTGC_001,40
ACTGTTGCCGCGCCAACTGC_002,157
ACTGTTGCCGCGCCAACTGC_003,48
ACTGTTGCCGCGCCAACTGC_004,182
ACTGTTGCCGCGCCAACTGC_005,151
ACTGTTGCCGCGCCAACTGC_006,126
ACTGTTGCCGCGCCAACTGC_007,76
ACTGTTGCCGCGCCAACTGC_008,113
ACTGTTGCCGCGCCAACTGC_009,161
ACTGTTGCCGCGCCAACTGC_010,108
ACTGTTGCCGCGCCAACTGC_011,55
ACTGTTGCCGCGCCAACTGC_012,35
ACTGTTGCCGCGCCAACTGC_013,14
ACTGTTGCCGCGCCAACTGC_014,40
ACTGTTGCCGCGCCAACTGC_015,182
ACTGTTGCCGCGCCAACTGC_016,125
ACTGTTGCCGCGCCAACTGC_017,81
ACTGTTGCCGCGCCAACTGC_018,44
ACTGTTGCCGCGCCAACTGC_019,3
ACTGTTGCCGCGCCAACTGC_020,174
ACTGTTGCCGCGCCAACTGC_021,19
ACTGTTGCCGCGCCAACTGC_022,166
ACTGTTGCCGCGCCAACTGC_023,48
ACTGTTGCCGCGCCAACTGC_024,13
TCATCGCAATCATTGACGAT_001,9
TCATCGCAATCATTGACGAT_002,96
TCATCGCAATCATTGACGAT_003,28
TCATCGCAATCATTGACGAT_004,69
TGCGCTCTGAAACCTCAGGT_001,170
TGCGCTCTGAAACCTCAGGT_002,134
TGCGCTCTGAAACCTCAGGT_003,137
TGCGCTCTGAAACCTCAGGT_004,62
TGCGCTCTGAAACCTCAGGT_005,95
TGCGCTCTGAAACCTCAGGT_006,173
TGCGCTCTGAAACCTCAGGT_007,173
TGCGCTCTGAAACCTCAGGT_008,148
TGCGCTCTGAAACCTCAGGT_009,49
TGCGCTCTGAAACCTCAGGT_010,14
TGCGCTCTGAAACCTCAGGT_011,7
GTACGTCAGCCCCTTCACGT_001,53
GTACGTCAGCCCCTTCACGT_002,114
GTACGTCAGCCCCTTCACGT_003,75
GTACGTCAGCCCCTTCACGT_004,32
GTACGTCAGCCCCTTCACGT_005,2
GTACGTCAGCCCCTTCACGT_006,42
GTACGTCAGCCCCTTCACGT_007,149
GTACGTCAGCCCCTTCACGT_008,50
GTACGTCAGCCCCTTCACGT_009,36
GTACGTCAGCCCCTTCACGT_010,98
GTACGTCAGCCCCTTCACGT_011,185
GTACGTCAGCCCCTTCACGT_012,150
GTACGTCAGCCCCTTCACGT_013,78
GTACGTCAGCCCCTTCACGT_014,149
GTACGTCAGCCCCTTCACGT_015,43
GTACGTCAGCCCCTTCACGT_016,56
GTACGTCAGCCCCTTCACGT_017,36
GTACGTCAGCCCCTTCACGT_018,3
GTACGTCAGCCCCTTCACGT_019,94
GTACGTCAGCCCCTTCACGT_020,133
GTACGTCAGCCCCTTCACGT_021,136
GTACGTCAGCCCCTTCACGT_022,76
GTACGTCAGCCCCTTCACGT_023,57
GTACGTCAGCCCCTTCACGT_024,13
CATGGCCTTTGACAGATATG_001,70
CATGGCCTTTGACAGATATG_002,60
CATGGCCTTTGACAGATATG_003,136
CATGGCCTTTGACAGATATG_004,28
CATGGCCTTTGACAGATATG_005,19
CATGGCCTTTGACAGATATG_006,40
CATGGCCTTTGACAGATATG_007,177
CATGGCCTTTGACAGATATG_008,146
CATGGCCTTTGACAGATATG_009,19
CAATATGTGCAGAAGAACCG_001,8
CAATATGTGCAGAAGAACCG_002,126
CAATATGTGCAGAAGAACCG_003,81
CAATATGTGCAGAAGAACCG_004,182
CAATATGTGCAGAAGAACCG_005,133
CAATATGTGCAGAAGAACCG_006,47
CAATATGTGCAGAAGAACCG_007,81
GGCCAGCAACTACGGCGTGT_001,55
GGCCAGCAACTACGGCGTGT_002,177
GGCCAGCAACTACGGCGTGT_003,1
GGCCAGCAACTACGGCGTGT_004,176
GGCCAGCAACTACGGCGTGT_005,24
ATAGCGAGCATGTTTGCGGT_001,198
CCAACACCTCGAAAGAGGAT_001,53
CCAACACCTCGAAAGAGGAT_002,37
CCAACACCTCGAAAGAGGAT_003,22
CCAACACCTCGAAAGAGGAT_004,84
CCAACACCTCGAAAGAGGAT_005,74
CCAACACCTCGAAAGAGGAT_006,94
CCAACACCTCGAAAGAGGAT_007,122
CCAACACCTCGAAAGAGGAT_008,52
CCAACACCTCGAAAGAGGAT_009,10
CCAACACCTCGAAAGAGGAT_010,91
CCAACACCTCGAAAGAGGAT_011,14
CTTGACGCATCGCGCCAGGA_001,96
CTTGACGCATCGCGCCAGGA_002,102
CTTGACGCATCGCGCCAGGA_003,137
CTTGACGCATCGCGCCAGGA_004,20
CTTGACGCATCGCGCCAGGA_005,41
CTTGACGCATCGCGCCAGGA_006,143
CTTGACGCATCGCGCCAGGA_007,83
CTTGACGCATCGCGCCAGGA_008,94
CTTGACGCATCGCGCCAGGA_009,167
CTTGACGCATCGCGCCAGGA_010,58
CTTGACGCATCGCGCCAGGA_011,115
CTTGACGCATCGCGCCAGGA_012,24
CTTGACGCATCGCGCCAGGA_013,123
CTTGACGCATCGCGCCAGGA_014,40
CTTGACGCATCGCGCCAGGA_015,141
CTTGACGCATCGCGCCAGGA_016,78
CTTGACGCATCGCGCCAGGA_017,197
CTTGACGCATCGCGCCAGGA_018,104
CTTGACGCATCGCGCCAGGA_019,123
CTTGACGCATCGCGCCAGGA_020,52
CTTGACGCATCGCGCCAGGA_021,23
CTTGACGCATCGCGCCAGGA_022,34
CTTGACGCATCGCGCCAGGA_023,39
CTTGACGCATCGCGCCAGGA_024,15
CTTGACGCATCGCGCCAGGA_025,1
CTTGACGCATCGCGCCAGGA_026,196
CTTGACGCATCGCGCCAGGA_027,149
CTTGACGCATCGCGCCAGGA_028,48
TGACGATAATGTAGGGGTAA_001,136
TGACGATAATGTAGGGGTAA_002,196
GCCAAGCGAGCCGCTAGGGG_001,172
GCCAAGCGAGCCGCTAGGGG_002,156
GCCAAGCGAGCCGCTAGGGG_003,146
GCCAAGCGAGCCGCTAGGGG_004,80
GCCAAGCGAGCCGCTAGGGG_005,118
GCCAAGCGAGCCGCTAGGGG_006,9
GCCAAGCGAGCCGCTAGGGG_007,112
TTATAGAACTCAACATACTG_001,169
TTATAGAACTCAACATACTG_002,194
TTATAGAACTCAACATACTG_003,176
TTATAGAACTCAACATACTG_004,111
TTATAGAACTCAACATACTG_005,178
TTATAGAACTCAACATACTG_006,29
TTATAGAACTCAACATACTG_007,21
TTATAGAACTCAACATACTG_008,162
CAAGAGGAACAAAAAACCAG_001,56
CAAGAGGAACAAAAAACCAG_002,12
CAAGAGGAACAAAAAACCAG_003,8
CAAGAGGAACAAAAAACCAG_004,60
CAAGAGGAACAAAAAACCAG_005,141
CAAGAGGAACAAAAAACCAG_006,57
CAAGAGGAACAAAAAACCAG_007,74
CAAGAGGAACAAAAAACCAG_008,177
CAAGAGGAACAAAAAACCAG_009,170
CAAGAGGAACAAAAAACCAG_010,88
CAAGAGGAACAAAAAACCAG_011,86
AGAATGAGCAGAGTCCCCAG_001,119
AGAATGAGCAGAGTCCCCAG_002,47
AGAATGAGCAGAGTCCCCAG_003,101
AGAATGAGCAGAGTCCCCAG_004,186
AGAATGAGCAGAGTCCCCAG_005,137
AGAATGAGCAGAGTCCCCAG_006,181
AGAATGAGCAGAGTCCCCAG_007,62
AGAATGAGCAGAGTCCCCAG_008,131
AGAATGAGCAGAGTCCCCAG_009,100
AGAATGAGCAGAGTCCCCAG_010,44
AGAATGAGCAGAGTCCCCAG_011,104
AGAATGAGCAGAGTCCCCAG_012,41
AGAATGAGCAGAGTCCCCAG_013,97
AGAATGAGCAGAGTCCCCAG_014,6
AGAATGAGCAGAGTCCCCAG_015,193
AGAATGAGCAGAGTCCCCAG_016,60
AGAATGAGCAGAGTCCCCAG_017,29
AGAATGAGCAGAGTCCCCAG_018,90
AGAATGAGCAGAGTCCCCAG_019,11
AGAATGAGCAGAGTCCCCAG_020,48
AGAATGAGCAGAGTCCCCAG_021,55
AGAATGAGCAGAGTCCCCAG_022,114
AGAATGAGCAGAGTCCCCAG_023,23
AGAATGAGCAGAGTCCCCAG_024,10
AGAATGAGCAGAGTCCCCAG_025,34
AGAATGAGCAGAGTCCCCAG_026,125
CTACAATGAGACAATGACAG_001,169
CTACAATGAGACAATGACAG_002,160
CTACAATGAGACAATGACAG_003,53
CTACAATGAGACAATGACAG_004,160
CTACAATGAGACAATGACAG_005,7
CTACAATGAGACAATGACAG_006,185
CTACAATGAGACAATGACAG_007,53
CTACAATGAGACAATGACAG_008,62
CTACAATGAGACAATGACAG_009,93
CTACAATGAGACAATGACAG_010,119
CTACAATGAGACAATGACAG_011,116
CTACAATGAGACAATGACAG_012,111
CTACAATGAGACAATGACAG_013,133
CTACAATGAGACAATGACAG_014,65
CTACAATGAGACAATGACAG_015,50
CTACAATGAGACAATGACAG_016,58
CTACAATGAGACAATGACAG_017,146
CTACAATGAGACAATGACAG_018,176
CTACAATGAGACAATGACAG_019,119
CTACAATGAGACAATGACAG_020,52
CTACAATGAGACAATGACAG_021,92
CTACAATGAGACAATGACAG_022,66
CTACAATGAGACAATGACAG_023,102
CTACAATGAGACAATGACAG_024,98
CTACAATGAGACAATGACAG_025,180
CTACAATGAGACAATGACAG_026,50
GAGCGGAGTAACACACAGCT_001,27
GAGCGGAGTAACACACAGCT_002,5
GAGCGGAGTAACACACAGCT_003,185
GAGCGGAGTAACACACAGCT_004,87
GAGCGGAGTAACACACAGCT_005,62
GAGCGGAGTAACACACAGCT_006,94
GAGCGGAGTAACACACAGCT_007,144
GAGCGGAGTAACACACAGCT_008,188
GAGCGGAGTAACACACAGCT_009,41
GAGCGGAGTAACACACAGCT_010,144
GAGCGGAGTAACACACAGCT_011,28
GCCTTCACGGTCAAACCTGA_001,176
GCCTTCACGGTCAAACCTGA_002,48
GCCTTCACGGTCAAACCTGA_003,115
GCCTTCACGGTCAAACCTGA_004,195
GCCTTCACGGTCAAACCTGA_005,156
GCCTTCACGGTCAAACCTGA_006,70
GCCTTCACGGTCAAACCTGA_007,150
GGAAGCGCTTGAAGTCGATG_001,188
GGAAGCGCTTGAAGTCGATG_002,7
GGAAGCGCTTGAAGTCGATG_003,94
GGAAGCGCTTGAAGTCGATG_004,169
GGAAGCGCTTGAAGTCGATG_005,80
GGAAGCGCTTGAAGTCGATG_006,100
GGAAGCGCTTGAAGTCGATG_007,111
GGAAGCGCTTGAAGTCGATG_008,169
GGAAGCGCTTGAAGTCGATG_009,3
GGAAGCGCTTGAAGTCGATG_010,84
GGAAGCGCTTGAAGTCGATG_011,2
GGAAGCGCTTGAAGTCGATG_012,94
GGAAGCGCTTGAAGTCGATG_013,115
GGAAGCGCTTGAAGTCGATG_014,27
GGAAGCGCTTGAAGTCGATG_015,1
GGAAGCGCTTGAAGTCGATG_016,49
GGAAGCGCTTGAAGTCGATG_017,36
GGAAGCGCTTGAAGTCGATG_018,175
GGAAGCGCTTGAAGTCGATG_019,102
GGAAGCGCTTGAAGTCGATG_020,47
GGAAGCGCTTGAAGTCGATG_021,178
GGAAGCGCTTGAAGTCGATG_022,48
GGAAGCGCTTGAAGTCGATG_023,74
GGAAGCGCTTGAAGTCGATG_024,96
CAAAGTAGAAACGAAGCGCA_001,170
CAAAGTAGAAACGAAGCGCA_002,157
CAAAGTAGAAACGAAGCGCA_003,75
CAAAGTAGAAACGAAGCGCA_004,189
CAAAGTAGAAACGAAGCGCA_005,137
CAAAGTAGAAACGAAGCGCA_006,2
CAAAGTAGAAACGAAGCGCA_007,43
CAAAGTAGAAACGAAGCGCA_008,47
GAGTCTGTTGGAAACCAGAT_001,161
GAGTCTGTTGGAAACCAGAT_002,197
GAGTCTGTTGGAAACCAGAT_003,104
AGAGTGCTTATACTTAGTGT_001,71
AGAGTGCTTATACTTAGTGT_002,178
AGAGTGCTTATACTTAGTGT_003,68
CTCGCACACCATGTCAACCG_001,188
TCTTCAATACAGGAATGGGT_001,4
TCTTCAATACAGGAATGGGT_002,45
TGTGGGGTGACAATTCCGAA_001,188
TGTGGGGTGACAATTCCGAA_002,137
TGTGGGGTGACAATTCCGAA_003,194
TGTGGGGTGACAATTCCGAA_004,30
TGTGGGGTGACAATTCCGAA_005,67
TGTGGGGTGACAATTCCGAA_006,102
ATGATATGGTATTTCCACTG_001,137
ACTCCTGTAGCATCCCGTAC_001,127
GCGAGATCGAGATCCCGCTG_001,176
GCGAGATCGAGATCCCGCTG_002,1
GCGAGATCGAGATCCCGCTG_003,51
GCGAGATCGAGATCCCGCTG_004,130
GCGAGATCGAGATCCCGCTG_005,177
GCGAGATCGAGATCCCGCTG_006,146
GCGAGATCGAGATCCCGCTG_007,38
GCGAGATCGAGATCCCGCTG_008,70
TTCTCAACTGTTCTCTACTG_001,145
GCTGGCAAACCTGTACAAGA_001,12
GCTGGCAAACCTGTACAAGA_002,150
GCTGGCAAACCTGTACAAGA_003,13
GCTGGCAAACCTGTACAAGA_004,29
GCTGGCAAACCTGTACAAGA_005,25
GCTGGCAAACCTGTACAAGA_006,16
GCTGGCAAACCTGTACAAGA_007,166
GCTGGCAAACCTGTACAAGA_008,198
GCTGGCAAACCTGTACAAGA_009,12
GGACCCCATGACGTTCAGCG_001,85
GGACCCCATGACGTTCAGCG_002,58
GGACCCCATGACGTTCAGCG_003,142
GGACCCCATGACGTTCAGCG_004,140
GGACCCCATGACGTTCAGCG_005,112
GGACCCCATGACGTTCAGCG_006,46
GGACCCCATGACGTTCAGCG_007,101
GGACCCCATGACGTTCAGCG_008,137
GGACCCCATGACGTTCAGCG_009,119
GGACCCCATGACGTTCAGCG_010,28
GGACCCCATGACGTTCAGCG_011,159
GGACCCCATGACGTTCAGCG_012,1
AAGACGAGTCTGGTTGATGG_001,169
AAGACGAGTCTGGTTGATGG_002,73
AAGACGAGTCTGGTTGATGG_003,37
AAGACGAGTCTGGTTGATGG_004,35
AAGACGAGTCTGGTTGATGG_005,198
AAGACGAGTCTGGTTGATGG_006,147
AAGACGAGTCTGGTTGATGG_007,46
TGGAAATTCTTGATACGAGG_001,147
TGGAAATTCTTGATACGAGG_002,59
ATCCACAGACATGATACGCA_001,83
ATCCACAGACATGATACGCA_002,156
ATCCACAGACATGATACGCA_003,151
ATCCACAGACATGATACGCA_004,28
ATCCACAGACATGATACGCA_005,198
ATCCACAGACATGATACGCA_006,170
ATCCACAGACATGATACGCA_007,66
CATCGCAACCCATTTCGTGG_001,193
CATCGCAACCCATTTCGTGG_002,157
CATCGCAACCCATTTCGTGG_003,172
CATCGCAACCCATTTCGTGG_004,36
CATCGCAACCCATTTCGTGG_005,180
CATCGCAACCCATTTCGTGG_006,123
CATCGCAACCCATTTCGTGG_007,197
CATCGCAACCCATTTCGTGG_008,155
GAGGAAGGCATACGTTGCAA_001,106
GAGGAAGGCATACGTTGCAA_002,149
GAGGAAGGCATACGTTGCAA_003,150
GGTTGTACACCTTCACCACA_001,45
GGTTGTACACCTTCACCACA_002,94
GGTTGTACACCTTCACCACA_003,105
GGTTGTACACCTTCACCACA_004,43
GGTTGTACACCTTCACCACA_005,76
GGTTGTACACCTTCACCACA_006,198
GGTTGTACACCTTCACCACA_007,68
TATGTAATTCATCAGTCCCA_001,91
TATGTAATTCATCAGTCCCA_002,132
TATGTAATTCATCAGTCCCA_003,77
TATGTAATTCATCAGTCCCA_004,122
AAAGTGACACCGTCTGCTTG_001,169
AAAGTGACACCGTCTGCTTG_002,154
AAAGTGACACCGTCTGCTTG_003,132
AAAGTGACACCGTCTGCTTG_004,170
AAAGTGACACCGTCTGCTTG_005,103
AAAGTGACACCGTCTGCTTG_006,73
AAAGTGACACCGTCTGCTTG_007,146
AAAGTGACACCGTCTGCTTG_008,127
AAAGTGACACCGTCTGCTTG_009,160
AAAGTGACACCGTCTGCTTG_010,55
AAAGTGACACCGTCTGCTTG_011,76
AAAGTGACACCGTCTGCTTG_012,50
AAAGTGACACCGTCTGCTTG_013,78
AAAGTGACACCGTCTGCTTG_014,56
AAAGTGACACCGTCTGCTTG_015,179
AAAGTGACACCGTCTGCTTG_016,66
AAAGTGACACCGTCTGCTTG_017,113
AGAGGAGGCTCCTAACAACT_001,28
AGAGGAGGCTCCTAACAACT_002,146
AGAGGAGGCTCCTAACAACT_003,88
AGAGGAGGCTCCTAACAACT_004,115
AGAGGAGGCTCCTAACAACT_005,19
AGAGGAGGCTCCTAACAACT_006,175
ATAACACTGACAAACAGGAC_001,77
ATAACACTGACAAACAGGAC_002,170
ATAACACTGACAAACAGGAC_003,198
ATAACACTGACAAACAGGAC_004,191
ATAACACTGACAAACAGGAC_005,76
ATAACACTGACAAACAGGAC_006,88
ATAACACTGACAAACAGGAC_007,149
ATAACACTGACAAACAGGAC_008,118
ATAACACTGACAAACAGGAC_009,23
ATAACACTGACAAACAGGAC_010,195
ATAACACTGACAAACAGGAC_011,111
CGCTACACAGAAGAAGAAGG_001,29
CGCTACACAGAAGAAGAAGG_002,47
CGCTACACAGAAGAAGAAGG_003,176
GCCCCACAGCCAGGTCCGGT_001,154
GCCCCACAGCCAGGTCCGGT_002,28
GCCCCACAGCCAGGTCCGGT_003,47
CCCTCCCTGGAACAAGACGA_001,76
CCCTCCCTGGAACAAGACGA_002,15
CCCTCCCTGGAACAAGACGA_003,13
CCCTCCCTGGAACAAGACGA_004,107
CCCTCCCTGGAACAAGACGA_005,111
CCCTCCCTGGAACAAGACGA_006,13
CCCTCCCTGGAACAAGACGA_007,118
CCCTCCCTGGAACAAGACGA_008,158
CCCTCCCTGGAACAAGACGA_009,84
CCCTCCCTGGAACAAGACGA_010,17
CCCTCCCTGGAACAAGACGA_011,30
CCCTCCCTGGAACAAGACGA_012,60
CCCTCCCTGGAACAAGACGA_013,190
CCCTCCCTGGAACAAGACGA_014,117
CCCTCCCTGGAACAAGACGA_015,63
CCCTCCCTGGAACAAGACGA_016,48
CCCTCCCTGGAACAAGACGA_017,199
CCCTCCCTGGAACAAGACGA_018,23
CCCTCCCTGGAACAAGACGA_019,39
CCCTCCCTGGAACAAGACGA_020,57
CCCTCCCTGGAACAAGACGA_021,166
CCCTCCCTGGAACAAGACGA_022,168
CCCTCCCTGGAACAAGACGA_023,151
CCCTCCCTGGAACAAGACGA_024,174
CCCTCCCTGGAACAAGACGA_025,46
GGAAAGTTCAGCTGACATCG_001,191
GGAAAGTTCAGCTGACATCG_002,128
GGAAAGTTCAGCTGACATCG_003,2
GGAAAGTTCAGCTGACATCG_004,29
GGAAAGTTCAGCTGACATCG_005,153
ACCCAGAATACATTAGGGAG_001,183
ACCCAGAATACATTAGGGAG_002,64
ACCCAGAATACATTAGGGAG_003,67
ACCCAGAATACATTAGGGAG_004,17
ACCCAGAATACATTAGGGAG_005,62
ACCCAGAATACATTAGGGAG_006,169
ACCCAGAATACATTAGGGAG_007,58
ACCCAGAATACATTAGGGAG_008,124
GGTACGACTAGGTACAGGCG_001,38
GGTACGACTAGGTACAGGCG_002,68
GGTACGACTAGGTACAGGCG_003,88
GGTACGACTAGGTACAGGCG_004,88
GGTACGACTAGGTACAGGCG_005,86
GGTACGACTAGGTACAGGCG_006,132
GGTACGACTAGGTACAGGCG_007,114
GGTACGACTAGGTACAGGCG_008,177
GGTACGACTAGGTACAGGCG_009,157
GGCTACAAGGGCTACGGCGT_001,49
GGCTACAAGGGCTACGGCGT_002,101
GGCTACAAGGGCTACGGCGT_003,64
GGCTACAAGGGCTACGGCGT_004,127
GGCTACAAGGGCTACGGCGT_005,4
GGCTACAAGGGCTACGGCGT_006,176
GGCTACAAGGGCTACGGCGT_007,120
GGCTACAAGGGCTACGGCGT_008,116
GGCTACAAGGGCTACGGCGT_009,22
GGCTACAAGGGCTACGGCGT_010,120
GGCTACAAGGGCTACGGCGT_011,68
GGCTACAAGGGCTACGGCGT_012,68
GGCTACAAGGGCTACGGCGT_013,36
GGCTACAAGGGCTACGGCGT_014,108
GGCTACAAGGGCTACGGCGT_015,147
GGCTACAAGGGCTACGGCGT_016,90
GGCTACAAGGGCTACGGCGT_017,63
GGCTACAAGGGCTACGGCGT_018,56
GGCTACAAGGGCTACGGCGT_019,62
GGCTACAAGGGCTACGGCGT_020,85
GGCTACAAGGGCTACGGCGT_021,53
GGCTACAAGGGCTACGGCGT_022,12
GGCTACAAGGGCTACGGCGT_023,50
GGCTACAAGGGCTACGGCGT_024,0
GGCTACAAGGGCTACGGCGT_025,166
GGCTACAAGGGCTACGGCGT_026,48
GGCTACAAGGGCTACGGCGT_027,106
GGCTACAAGGGCTACGGCGT_028,30
TCTATCCTAGTGAAATACTC_001,23
TTTCCCTCTAAAGTAACATG_001,195
TTTCCCTCTAAAGTAACATG_002,32
TTTCCCTCTAAAGTAACATG_003,171
TTTCCCTCTAAAGTAACATG_004,105
TTTCCCTCTAAAGTAACATG_005,15
TTTCCCTCTAAAGTAACATG_006,160
TTTCCCTCTAAAGTAACATG_007,86
AAGGGAAGGTAATAAAGCCA_001,159
AGGGTCCAATACCAGGACAT_001,84
AGGGTCCAATACCAGGACAT_002,94
AGGGTCCAATACCAGGACAT_003,160
AGGGTCCAATACCAGGACAT_004,35
AGGGTCCAATACCAGGACAT_005,57
AGGGTCCAATACCAGGACAT_006,123
AGGGTCCAATACCAGGACAT_007,1
AGGGTCCAATACCAGGACAT_008,118
AGGGTCCAATACCAGGACAT_009,41
AGGGTCCAATACCAGGACAT_010,84
AGGGTCCAATACCAGGACAT_011,152
AGGGTCCAATACCAGGACAT_012,176
AGGGTCCAATACCAGGACAT_013,40
AGGGTCCAATACCAGGACAT_014,171
AGGGTCCAATACCAGGACAT_015,170
AGGGTCCAATACCAGGACAT_016,169
AGGGTCCAATACCAGGACAT_017,88
AGGGTCCAATACCAGGACAT_018,130
AGGGTCCAATACCAGGACAT_019,141
AGGGTCCAATACCAGGACAT_020,9
AGGGTCCAATACCAGGACAT_021,94
AGGGTCCAATACCAGGACAT_022,26
AGGGTCCAATACCAGGACAT_023,150
AGGGTCCAATACCAGGACAT_024,48
AGGGTCCAATACCAGGACAT_025,9
AGGGTCCAATACCAGGACAT_026,49
AGGGTCCAATACCAGGACAT_027,70
AGGGTCCAATACCAGGACAT_028,6
AGGGTCCAATACCAGGACAT_029,138
ATTAGAACCAGACATGACGT_001,39
ATTAGAACCAGACATGACGT_002,125
ATTAGAACCAGACATGACGT_003,104
ATTAGAACCAGACATGACGT_004,119
ATTAGAACCAGACATGACGT_005,145
ATTAGAACCAGACATGACGT_006,121
ATTAGAACCAGACATGACGT_007,40
ATTAGAACCAGACATGACGT_008,28
CTCACCGGAAGCACGGTCGG_001,126
CTCACCGGAAGCACGGTCGG_002,53
CTCACCGGAAGCACGGTCGG_003,169
CTCACCGGAAGCACGGTCGG_004,41
TCAGTGAAGAAAGCCCCTGT_001,170
TCAGTGAAGAAAGCCCCTGT_002,111
TCAGTGAAGAAAGCCCCTGT_003,127
TCAGTGAAGAAAGCCCCTGT_004,62
TCAGTGAAGAAAGCCCCTGT_005,58
TCAGTGAAGAAAGCCCCTGT_006,75
TCAGTGAAGAAAGCCCCTGT_007,70
TCAGTGAAGAAAGCCCCTGT_008,9
TCAGTGAAGAAAGCCCCTGT_009,184
TCAGTGAAGAAAGCCCCTGT_010,11
TCAGTGAAGAAAGCCCCTGT_011,17
TCAGTGAAGAAAGCCCCTGT_012,77
TCAGTGAAGAAAGCCCCTGT_013,146
CTGCTGTGCGCTCCCCACGG_001,198
CTGCTGTGCGCTCCCCACGG_002,6
CTGCTGTGCGCTCCCCACGG_003,86
CTGCTGTGCGCTCCCCACGG_004,161
CTGCTGTGCGCTCCCCACGG_005,153
CTGCTGTGCGCTCCCCACGG_006,37
AATACCACAGATCTTAACTA_001,53
AATACCACAGATCTTAACTA_002,34
AATACCACAGATCTTAACTA_003,139
AATACCACAGATCTTAACTA_004,108
AATACCACAGATCTTAACTA_005,100
AATACCACAGATCTTAACTA_006,119
AATACCACAGATCTTAACTA_007,82
TTGCTGCACGGGGTTAACAA_001,119
TTGCTGCACGGGGTTAACAA_002,58
TTGCTGCACGGGGTTAACAA_003,54
TTGCTGCACGGGGTTAACAA_004,176
TTGCTGCACGGGGTTAACAA_005,119
TTGCTGCACGGGGTTAACAA_006,88
TTGCTGCACGGGGTTAACAA_007,179
TTGCTGCACGGGGTTAACAA_008,179
TTGCTGCACGGGGTTAACAA_009,27
TTGCTGCACGGGGTTAACAA_010,82
TTGCTGCACGGGGTTAACAA_011,172
TTGCTGCACGGGGTTAACAA_012,62
TTGCTGCACGGGGTTAACAA_013,146
TTGCTGCACGGGGTTAACAA_014,184
TTGCTGCACGGGGTTAACAA_015,30
TTGCTGCACGGGGTTAACAA_016,37
TTGCTGCACGGGGTTAACAA_017,29
TTGCTGCACGGGGTTAACAA_018,178
AAAACCATTTACCTCTGCAA_001,11
AAAACCATTTACCTCTGCAA_002,199
AAAACCATTTACCTCTGCAA_003,88
ATTGAAGACGTCATTGCCCA_001,193
ATTGAAGACGTCATTGCCCA_002,55
ATTGAAGACGTCATTGCCCA_003,6
GAGGTAGCTCTCGGGCAACG_001,158
GAGGTAGCTCTCGGGCAACG_002,19
GAGGTAGCTCTCGGGCAACG_003,21
GAGGTAGCTCTCGGGCAACG_004,3
TCAGGGTGAGAACCTATCAC_001,28
TCAGGGTGAGAACCTATCAC_002,153
TCAGGGTGAGAACCTATCAC_003,150
TCAGGGTGAGAACCTATCAC_004,5
TCAGGGTGAGAACCTATCAC_005,94
TCAGGGTGAGAACCTATCAC_006,1
TCAGGGTGAGAACCTATCAC_007,175
TCAGGGTGAGAACCTATCAC_008,167
TAAGAAGACAAATCACTCAG_001,58
TAAGAAGACAAATCACTCAG_002,138
TAAGAAGACAAATCACTCAG_003,142
TAAGAAGACAAATCACTCAG_004,168
TAAGAAGACAAATCACTCAG_005,199
TAAGAAGACAAATCACTCAG_006,6
TAAGAAGACAAATCACTCAG_007,161
TAAGAAGACAAATCACTCAG_008,144
CCTTGCACCTCGTTCCGTAG_001,78
CCTTGCACCTCGTTCCGTAG_002,182
GGGAATTACAATAGTTGGCA_001,159
GGGAATTACAATAGTTGGCA_002,65
GGGAATTACAATAGTTGGCA_003,162
GGGAATTACAATAGTTGGCA_004,44
AAGGTCAGCATGTGCCCACA_001,158
AAGGTCAGCATGTGCCCACA_002,164
AAGGTCAGCATGTGCCCACA_003,90
AAGGTCAGCATGTGCCCACA_004,196
AAGGTCAGCATGTGCCCACA_005,108
AAGGTCAGCATGTGCCCACA_006,157
AAGGTCAGCATGTGCCCACA_007,130
AAGGTCAGCATGTGCCCACA_008,150
AAGGTCAGCATGTGCCCACA_009,13
AAGGTCAGCATGTGCCCACA_010,175
AAGGTCAGCATGTGCCCACA_011,42
AAGGTCAGCATGTGCCCACA_012,182
AAGGTCAGCATGTGCCCACA_013,87
AAGGTCAGCATGTGCCCACA_014,197
AAGGTCAGCATGTGCCCACA_015,28
AAGGTCAGCATGTGCCCACA_016,102
GTTGGGATGTAAACATACCC_001,108
GTTGGGATGTAAACATACCC_002,189
TCTGCATATACTGGTTAGTG_001,162
ATTCGAATTCCAGCCAAACC_001,48
ATTCGAATTCCAGCCAAACC_002,161
ATTCGAATTCCAGCCAAACC_003,29
ATTCGAATTCCAGCCAAACC_004,176
ATTCGAATTCCAGCCAAACC_005,144
ATTCGAATTCCAGCCAAACC_006,94
ATTCGAATTCCAGCCAAACC_007,103
ACAAAGTCAACTTTGCTACG_001,72
ACAAAGTCAACTTTGCTACG_002,178
ACAAAGTCAACTTTGCTACG_003,6
ACAAAGTCAACTTTGCTACG_004,9
CGGATCTGCAGAAGATCATG_001,157
CGGATCTGCAGAAGATCATG_002,1
CGGATCTGCAGAAGATCATG_003,77
CGGATCTGCAGAAGATCATG_004,186
CGGATCTGCAGAAGATCATG_005,102
CGGATCTGCAGAAGATCATG_006,20
CGGATCTGCAGAAGATCATG_007,172
CGGATCTGCAGAAGATCATG_008,163
TACCAGAAGTCATAGCCCAA_001,5
TACCAGAAGTCATAGCCCAA_002,118
TACCAGAAGTCATAGCCCAA_003,145
TACCAGAAGTCATAGCCCAA_004,190
TACCAGAAGTCATAGCCCAA_005,34
TACCAGAAGTCATAGCCCAA_006,80
TACCAGAAGTCATAGCCCAA_007,113
GCAGCCAGTACTCACAGGGT_001,140
CCCGTTGCGGTACACCACGA_001,107
CCCGTTGCGGTACACCACGA_002,149
CCCGTTGCGGTACACCACGA_003,9
CCCGTTGCGGTACACCACGA_004,158
CCCGTTGCGGTACACCACGA_005,17
CCCGTTGCGGTACACCACGA_006,169
CCCGTTGCGGTACACCACGA_007,88
CCCGTTGCGGTACACCACGA_008,172
CCCGTTGCGGTACACCACGA_009,113
CCCGTTGCGGTACACCACGA_010,94
CCCGTTGCGGTACACCACGA_011,107
CCCGTTGCGGTACACCACGA_012,72
TCATGCTCTGACCATCACAT_001,113
TCATGCTCTGACCATCACAT_002,105
TCATGCTCTGACCATCACAT_003,6
TTGGAACACAGTATAGCACC_001,190
AGAACTAGAAGCATTTAACA_001,13
AGAACTAGAAGCATTTAACA_002,144
AGAACTAGAAGCATTTAACA_003,29
GCGGGGATTTACTTACATCC_001,73
GGCGAGCGGAACTACCGGTG_001,96
GGCGAGCGGAACTACCGGTG_002,23
GGCGAGCGGAACTACCGGTG_003,23
GGCGAGCGGAACTACCGGTG_004,143
GGCGAGCGGAACTACCGGTG_005,143
GGCGAGCGGAACTACCGGTG_006,170
GGCGAGCGGAACTACCGGTG_007,80
GGCGAGCGGAACTACCGGTG_008,17
GGCGAGCGGAACTACCGGTG_009,0
GGCGAGCGGAACTACCGGTG_010,70
GGCGAGCGGAACTACCGGTG_011,127
GGCGAGCGGAACTACCGGTG_012,197
GGCGAGCGGAACTACCGGTG_013,8
GGCGAGCGGAACTACCGGTG_014,79
GGCGAGCGGAACTACCGGTG_015,38
GGCGAGCGGAACTACCGGTG_016,123
GGCGAGCGGAACTACCGGTG_017,116
GGCGAGCGGAACTACCGGTG_018,145
GGCGAGCGGAACTACCGGTG_019,0
GGCGAGCGGAACTACCGGTG_020,180
GGCGAGCGGAACTACCGGTG_021,125
GGCGAGCGGAACTACCGGTG_022,23
GGCGAGCGGAACTACCGGTG_023,198
GGCGAGCGGAACTACCGGTG_024,36
GGCGAGCGGAACTACCGGTG_025,23
GGCGAGCGGAACTACCGGTG_026,174
GGCGAGCGGAACTACCGGTG_027,1
GGCGAGCGGAACTACCGGTG_028,16
GGCGAGCGGAACTACCGGTG_029,112
GGCGAGCGGAACTACCGGTG_030,175
GGCGAGCGGAACTACCGGTG_031,82
GTAAATACAATAGCCCAGGA_001,176
AGGCAAACTGAGCATTACAG_001,42
AGGCAAACTGAGCATTACAG_002,9
AGGCAAACTGAGCATTACAG_003,113
AGGCAAACTGAGCATTACAG_004,55
AGGCAAACTGAGCATTACAG_005,78
AGGCAAACTGAGCATTACAG_006,138
AGGCAAACTGAGCATTACAG_007,49
AGGCAAACTGAGCATTACAG_008,40
AGGCAAACTGAGCATTACAG_009,34
AGGCAAACTGAGCATTACAG_010,147
AGGCAAACTGAGCATTACAG_011,62
AGGCAAACTGAGCATTACAG_012,77
AGGCAAACTGAGCATTACAG_013,105
GCATTATAAAGGGCCACCAT_001,185
GCATTATAAAGGGCCACCAT_002,182
GCATTATAAAGGGCCACCAT_003,140
GCATTATAAAGGGCCACCAT_004,35
GCATTATAAAGGGCCACCAT_005,50
GCATTATAAAGGGCCACCAT_006,157
GCATTATAAAGGGCCACCAT_007,81
GCATTATAAAGGGCCACCAT_008,120
GTTGTGGTCTCGACGCAGGG_001,187
GTTGTGGTCTCGACGCAGGG_002,102
GTTGTGGTCTCGACGCAGGG_003,88
GTTGTGGTCTCGACGCAGGG_004,166
GTTGTGGTCTCGACGCAGGG_005,185
GTTGTGGTCTCGACGCAGGG_006,152
GCAGCACACACCTCACAACG_001,29
GCAGCACACACCTCACAACG_002,94
TGGACGACTGACCGGAGCGT_001,163
TGGACGACTGACCGGAGCGT_002,189
TGGACGACTGACCGGAGCGT_003,75
TGGACGACTGACCGGAGCGT_004,100
TGGACGACTGACCGGAGCGT_005,48
TGGACGACTGACCGGAGCGT_006,78
TGGACGACTGACCGGAGCGT_007,159
TGGACGACTGACCGGAGCGT_008,154
TGGACGACTGACCGGAGCGT_009,75
TGGACGACTGACCGGAGCGT_010,56
TGGACGACTGACCGGAGCGT_011,177
TGGACGACTGACCGGAGCGT_012,82
TGGACGACTGACCGGAGCGT_013,41
TGGACGACTGACCGGAGCGT_014,41
TGGACGACTGACCGGAGCGT_015,129
TGGACGACTGACCGGAGCGT_016,81
TGGACGACTGACCGGAGCGT_017,17
TGGACGACTGACCGGAGCGT_018,184
TGGACGACTGACCGGAGCGT_019,77
TGGACGACTGACCGGAGCGT_020,35
AAGGAAAAGAGCTAATCACA_001,81
AAGGAAAAGAGCTAATCACA_002,56
AAGGAAAAGAGCTAATCACA_003,176
AAGGAAAAGAGCTAATCACA_004,11
AAGGAAAAGAGCTAATCACA_005,8
AAGGAAAAGAGCTAATCACA_006,44
AAGGAAAAGAGCTAATCACA_007,27
AAGGAAAAGAGCTAATCACA_008,49
AGAGCAATCCCAATTGAATG_001,21
AGAGCAATCCCAATTGAATG_002,171
AGAGCAATCCCAATTGAATG_003,106
AGAGCAATCCCAATTGAATG_004,0
GACACCACCCTTACCCAAGG_001,185
GACACCACCCTTACCCAAGG_002,161
GACACCACCCTTACCCAAGG_003,13
GACACCACCCTTACCCAAGG_004,76
GACACCACCCTTACCCAAGG_005,76
GACACCACCCTTACCCAAGG_006,120
GACACCACCCTTACCCAAGG_007,9
GACACCACCCTTACCCAAGG_008,158
GACACCACCCTTACCCAAGG_009,83
GACACCACCCTTACCCAAGG_010,166
TGGGGAGCACCCCATCTCCG_001,142
TGGGGAGCACCCCATCTCCG_002,88
TGGGGAGCACCCCATCTCCG_003,49
TGGGGAGCACCCCATCTCCG_004,169
TGGGGAGCACCCCATCTCCG_005,156
TGGGGAGCACCCCATCTCCG_006,9
TGGGGAGCACCCCATCTCCG_007,76
TGGGGAGCACCCCATCTCCG_008,171
TGGGGAGCACCCCATCTCCG_009,174
GGTGCTATCCAGGACCGCGT_001,22
GGTGCTATCCAGGACCGCGT_002,160
GGTGCTATCCAGGACCGCGT_003,48
CTTTGGAATATGCTGTCCCG_001,172
CTTTGGAATATGCTGTCCCG_002,176
CTTTGGAATATGCTGTCCCG_003,115
CTTTGGAATATGCTGTCCCG_004,136
GCATCCAGAACGCCACTGTG_001,182
GCATCCAGAACGCCACTGTG_002,160
GCATCCAGAACGCCACTGTG_003,127
GCATCCAGAACGCCACTGTG_004,129
GCATCCAGAACGCCACTGTG_005,185
GCATCCAGAACGCCACTGTG_006,155
GCATCCAGAACGCCACTGTG_007,163
GCATCCAGAACGCCACTGTG_008,118
GCATCCAGAACGCCACTGTG_009,29
GCATCCAGAACGCCACTGTG_010,128
GCATCCAGAACGCCACTGTG_011,98
GCATCCAGAACGCCACTGTG_012,32
GCATCCAGAACGCCACTGTG_013,188
GCATCCAGAACGCCACTGTG_014,146
GCATCCAGAACGCCACTGTG_015,141
GCATCCAGAACGCCACTGTG_016,113
GCATCCAGAACGCCACTGTG_017,130
GCATCCAGAACGCCACTGTG_018,168
GCATCCAGAACGCCACTGTG_019,174
GCATCCAGAACGCCACTGTG_020,105
GCATCCAGAACGCCACTGTG_021,6
GCATCCAGAACGCCACTGTG_022,100
GCATCCAGAACGCCACTGTG_023,49
GCATCCAGAACGCCACTGTG_024,176
GCATCCAGAACGCCACTGTG_025,160
GCATCCAGAACGCCACTGTG_026,159
GCATCCAGAACGCCACTGTG_027,97
GCATCCAGAACGCCACTGTG_028,122
GCATCCAGAACGCCACTGTG_029,130
GCATCCAGAACGCCACTGTG_030,36
GCATCCAGAACGCCACTGTG_031,61
GCATCCAGAACGCCACTGTG_032,157
GCATCCAGAACGCCACTGTG_033,147
GCATCCAGAACGCCACTGTG_034,183
GCATCCAGAACGCCACTGTG_035,57
GCATCCAGAACGCCACTGTG_036,6
GCATCCAGAACGCCACTGTG_037,88
GCATCCAGAACGCCACTGTG_038,139
GCATCCAGAACGCCACTGTG_039,148
GCATCCAGAACGCCACTGTG_040,19
GCATCCAGAACGCCACTGTG_041,19
GCATCCAGAACGCCACTGTG_042,166
GCATCCAGAACGCCACTGTG_043,49
GCATCCAGAACGCCACTGTG_044,104
GCATCCAGAACGCCACTGTG_045,15
GCATCCAGAACGCCACTGTG_046,10
GCATCCAGAACGCCACTGTG_047,89
GCATCCAGAACGCCACTGTG_048,9
GCATCCAGAACGCCACTGTG_049,162
GCATCCAGAACGCCACTGTG_050,56
GCATCCAGAACGCCACTGTG_051,137
GCATCCAGAACGCCACTGTG_052,198
TCCGTGTCAAGGGCTACCAG_001,47
TCCGTGTCAAGGGCTACCAG_002,88
TCCGTGTCAAGGGCTACCAG_003,158
TCCGTGTCAAGGGCTACCAG_004,76
TCCGTGTCAAGGGCTACCAG_005,191
TCCGTGTCAAGGGCTACCAG_006,123
GATAAATGAGAGGGCAACCG_001,122
GATAAATGAGAGGGCAACCG_002,25
GATAAATGAGAGGGCAACCG_003,10
GATAAATGAGAGGGCAACCG_004,130
GATAAATGAGAGGGCAACCG_005,168
GATAAATGAGAGGGCAACCG_006,2
GATAAATGAGAGGGCAACCG_007,66
GATAAATGAGAGGGCAACCG_008,34
CCTGCAAATTCCCTTCGTGG_001,158
TCGGAAACATGGTATCACTC_001,77
TCGGAAACATGGTATCACTC_002,1
TCGGAAACATGGTATCACTC_003,30
CATGAACCTGATCGACATTG_001,198
CATGAACCTGATCGACATTG_002,124
CATGAACCTGATCGACATTG_003,136
AATGACTGTAAAGGGCAATG_001,38
AATGACTGTAAAGGGCAATG_002,150
AATGACTGTAAAGGGCAATG_003,23
AATGACTGTAAAGGGCAATG_004,158
AATGACTGTAAAGGGCAATG_005,176
AATGACTGTAAAGGGCAATG_006,13
AATGACTGTAAAGGGCAATG_007,1
AATGACTGTAAAGGGCAATG_008,146
AATGACTGTAAAGGGCAATG_009,170
AATGACTGTAAAGGGCAATG_010,40
AATGACTGTAAAGGGCAATG_011,41
AATGACTGTAAAGGGCAATG_012,48
ATTCGCCAAGAAAATATACA_001,49
ATTCGCCAAGAAAATATACA_002,106
ATTCGCCAAGAAAATATACA_003,169
ATTCGCCAAGAAAATATACA_004,34
ACTGCCACGACCAGACGGAT_001,149
ACTGCCACGACCAGACGGAT_002,116
ACTGCCACGACCAGACGGAT_003,149
ACTGCCACGACCAGACGGAT_004,175
ACTGCCACGACCAGACGGAT_005,101
ACTGCCACGACCAGACGGAT_006,104
ACTGCCACGACCAGACGGAT_007,148
ACTGCCACGACCAGACGGAT_008,137
ACTGCCACGACCAGACGGAT_009,77
ACTGCCACGACCAGACGGAT_010,40
ACTGCCACGACCAGACGGAT_011,163
ACTGCCACGACCAGACGGAT_012,199
ACTGCCACGACCAGACGGAT_013,179
ACTGCCACGACCAGACGGAT_014,198
ACTGCCACGACCAGACGGAT_015,177
ACTGCCACGACCAGACGGAT_016,53
ACTGCCACGACCAGACGGAT_017,145
ACTGCCACGACCAGACGGAT_018,181
ACTGCCACGACCAGACGGAT_019,70
ACTGCCACGACCAGACGGAT_020,178
ACTGCCACGACCAGACGGAT_021,33
ACTGCCACGACCAGACGGAT_022,56
ACTGCCACGACCAGACGGAT_023,124
TGCAGGAAGTGGGACCGCAA_001,177
TGCAGGAAGTGGGACCGCAA_002,31
TGCAGGAAGTGGGACCGCAA_003,103
TGCAGGAAGTGGGACCGCAA_004,48
TGCAGGAAGTGGGACCGCAA_005,176
TGCAGGAAGTGGGACCGCAA_006,41
TGCAGGAAGTGGGACCGCAA_007,108
TGCAGGAAGTGGGACCGCAA_008,18
AAAGCCAAAACTGATGCTGG_001,180
AAAGCCAAAACTGATGCTGG_002,127
AAAGCCAAAACTGATGCTGG_003,41
AAAGCCAAAACTGATGCTGG_004,80
AAAGCCAAAACTGATGCTGG_005,144
AAAGCCAAAACTGATGCTGG_006,13
AAAGCCAAAACTGATGCTGG_007,39
AAAGCCAAAACTGATGCTGG_008,156
AAAGCCAAAACTGATGCTGG_009,100
AAAGCCAAAACTGATGCTGG_010,136
AAAGCCAAAACTGATGCTGG_011,6
AAAGCCAAAACTGATGCTGG_012,56
AAAGCCAAAACTGATGCTGG_013,65
AAAATGGCTAGGCAGCATCG_001,154
AAAATGGCTAGGCAGCATCG_002,159
AAAATGGCTAGGCAGCATCG_003,91
AAAATGGCTAGGCAGCATCG_004,38
AAAATGGCTAGGCAGCATCG_005,193
AAAATGGCTAGGCAGCATCG_006,1
GCTAACTTCAGATCAGACTG_001,188
GCTAACTTCAGATCAGACTG_002,46
GCTAACTTCAGATCAGACTG_003,180
GCCCCCTCGACGTCACGCCG_001,25
GCCCCCTCGACGTCACGCCG_002,21
GCCCCCTCGACGTCACGCCG_003,15
GCCCCCTCGACGTCACGCCG_004,191
GCCCCCTCGACGTCACGCCG_005,102
GCCCCCTCGACGTCACGCCG_006,36
GCCCCCTCGACGTCACGCCG_007,51
GCCCCCTCGACGTCACGCCG_008,148
GCCCCCTCGACGTCACGCCG_009,45
GCCCCCTCGACGTCACGCCG_010,43
GCCCCCTCGACGTCACGCCG_011,111
GCCCCCTCGACGTCACGCCG_012,125
GCCCCCTCGACGTCACGCCG_013,184
GCCCCCTCGACGTCACGCCG_014,69
GCCCCCTCGACGTCACGCCG_015,124
GCCCCCTCGACGTCACGCCG_016,138
GCCCCCTCGACGTCACGCCG_017,52
GCCCCCTCGACGTCACGCCG_018,81
GCCCCCTCGACGTCACGCCG_019,74
GCCCCCTCGACGTCACGCCG_020,137
TCAACTTGATTCCATCAACC_001,149
AGGCTTCGACATGACATCGG_001,2
AGGCTTCGACATGACATCGG_002,61
AGGCTTCGACATGACATCGG_003,117
AGGCTTCGACATGACATCGG_004,69
AGGCTTCGACATGACATCGG_005,184
AGGCTTCGACATGACATCGG_006,49
GGGAGAGCTCATAATCGTAG_001,152
GTGCCGGAGAAATTGATCTG_001,146
GTGCCGGAGAAATTGATCTG_002,6
GTGCCGGAGAAATTGATCTG_003,68
GTGCCGGAGAAATTGATCTG_004,165
GTGCCGGAGAAATTGATCTG_005,182
GTGCCGGAGAAATTGATCTG_006,47
GTGCCGGAGAAATTGATCTG_007,191
GTGCCGGAGAAATTGATCTG_008,194
GTGCCGGAGAAATTGATCTG_009,65
GTGCCGGAGAAATTGATCTG_010,174
GTGCCGGAGAAATTGATCTG_011,35
GTGCCGGAGAAATTGATCTG_012,90
TGGAAGAATGTCCATTCCCA_001,8
TGGAAGAATGTCCATTCCCA_002,113
TGGAAGAATGTCCATTCCCA_003,170
CACCACACAGGCAACCAGAG_001,103
CACCACACAGGCAACCAGAG_002,70
CACCACACAGGCAACCAGAG_003,155
CACCACACAGGCAACCAGAG_004,34
CACCACACAGGCAACCAGAG_005,94
CACCACACAGGCAACCAGAG_006,198
CACCACACAGGCAACCAGAG_007,52
CACCACACAGGCAACCAGAG_008,88
CACCACACAGGCAACCAGAG_009,2
CACCACACAGGCAACCAGAG_010,166
CACCACACAGGCAACCAGAG_011,63
CACCACACAGGCAACCAGAG_012,190
CTAATCACGACCTCACCCTA_001,29
CTAATCACGACCTCACCCTA_002,170
CTAATCACGACCTCACCCTA_003,150
CTAATCACGACCTCACCCTA_004,22
CTAATCACGACCTCACCCTA_005,166
CTAATCACGACCTCACCCTA_006,55
CTAATCACGACCTCACCCTA_007,60
CTAATCACGACCTCACCCTA_008,140
CTAATCACGACCTCACCCTA_009,199
CTAATCACGACCTCACCCTA_010,63
AATTACCAACATAGAACTCG_001,13
AATTACCAACATAGAACTCG_002,166
AATTACCAACATAGAACTCG_003,98
AATTACCAACATAGAACTCG_004,48
CGAGTCGTCGCACATCGAGT_001,19
CGAGTCGTCGCACATCGAGT_002,199
CGAGTCGTCGCACATCGAGT_003,10
CGAGTCGTCGCACATCGAGT_004,63
CGAGTCGTCGCACATCGAGT_005,9
CTGATCTGTCCACGAACCAG_001,191
CTGATCTGTCCACGAACCAG_002,135
CTGATCTGTCCACGAACCAG_003,177
CTGATCTGTCCACGAACCAG_004,198
CTGATCTGTCCACGAACCAG_005,125
CTGATCTGTCCACGAACCAG_006,119
CTGATCTGTCCACGAACCAG_007,76
CTGATCTGTCCACGAACCAG_008,2
CTGATCTGTCCACGAACCAG_009,120
CTGATCTGTCCACGAACCAG_010,86
CTGATCTGTCCACGAACCAG_011,162
CTGATCTGTCCACGAACCAG_012,48
CTGATCTGTCCACGAACCAG_013,83
CTGATCTGTCCACGAACCAG_014,56
CTGATCTGTCCACGAACCAG_015,130
CTGATCTGTCCACGAACCAG_016,132
CTGATCTGTCCACGAACCAG_017,113
CTGATCTGTCCACGAACCAG_018,164
CTGATCTGTCCACGAACCAG_019,164
CTGATCTGTCCACGAACCAG_020,19
CTGATCTGTCCACGAACCAG_021,19
CTGATCTGTCCACGAACCAG_022,147
CTGATCTGTCCACGAACCAG_023,2
CCTGTGCTGTTCGAGGAGGG_001,188
CCTGTGCTGTTCGAGGAGGG_002,75
CCTGTGCTGTTCGAGGAGGG_003,48
CCTGTGCTGTTCGAGGAGGG_004,76
CCTGTGCTGTTCGAGGAGGG_005,176
CCTGTGCTGTTCGAGGAGGG_006,108
CCTGTGCTGTTCGAGGAGGG_007,6
GCCCGTCAGCGAGAGCAACG_001,96
GCCCGTCAGCGAGAGCAACG_002,127
GCCCGTCAGCGAGAGCAACG_003,137
GCCCGTCAGCGAGAGCAACG_004,177
GCCCGTCAGCGAGAGCAACG_005,31
GCCCGTCAGCGAGAGCAACG_006,28
GCCCGTCAGCGAGAGCAACG_007,26
CATGTGGTTGATGAGCATAC_001,152
CATGTGGTTGATGAGCATAC_002,179
CATGTGGTTGATGAGCATAC_003,177
CATGTGGTTGATGAGCATAC_004,103
CATGTGGTTGATGAGCATAC_005,177
CATGTGGTTGATGAGCATAC_006,34
CATGTGGTTGATGAGCATAC_007,198
CATGTGGTTGATGAGCATAC_008,27
CATGTGGTTGATGAGCATAC_009,47
CATGTGGTTGATGAGCATAC_010,100
CAGAATCATACAGGCCGATG_001,0
CAGAATCATACAGGCCGATG_002,107
CAGAATCATACAGGCCGATG_003,70
CAGAATCATACAGGCCGATG_004,116
CAGAATCATACAGGCCGATG_005,119
CAGAATCATACAGGCCGATG_006,5
CAGAATCATACAGGCCGATG_007,170
CAGAATCATACAGGCCGATG_008,94
CAGAATCATACAGGCCGATG_009,144
CAGAATCATACAGGCCGATG_010,184
CAGAATCATACAGGCCGATG_011,167
CAGTCTGACTGAGACACCAG_001,36
CAGTCTGACTGAGACACCAG_002,172
CAGTCTGACTGAGACACCAG_003,155
CAGTCTGACTGAGACACCAG_004,135
CAGTCTGACTGAGACACCAG_005,161
CAGTCTGACTGAGACACCAG_006,138
CAGTCTGACTGAGACACCAG_007,104
CAGTCTGACTGAGACACCAG_008,105
CAGTCTGACTGAGACACCAG_009,103
CAGTCTGACTGAGACACCAG_010,82
CAGTCTGACTGAGACACCAG_011,146
CAGTCTGACTGAGACACCAG_012,147
CAGTCTGACTGAGACACCAG_013,162
CAGTCTGACTGAGACACCAG_014,58
CAGTCTGACTGAGACACCAG_015,177
CAGTCTGACTGAGACACCAG_016,134
CAGTCTGACTGAGACACCAG_017,129
CAGTCTGACTGAGACACCAG_018,62
CAGTCTGACTGAGACACCAG_019,116
CAGTCTGACTGAGACACCAG_020,105
CAGTCTGACTGAGACACCAG_021,29
CAGTCTGACTGAGACACCAG_022,17
CAGTCTGACTGAGACACCAG_023,114
CAGTCTGACTGAGACACCAG_024,80
GTAGGAATTCTCGGCACATG_001,82
GTTGTCGAACAGGAATGGAT_001,159
GTTGTCGAACAGGAATGGAT_002,150
GTTGTCGAACAGGAATGGAT_003,41
GTTGTCGAACAGGAATGGAT_004,190
TCGCGGACATAGGGCTCTAA_001,29
TCGCGGACATAGGGCTCTAA_002,190
TCGCGGACATAGGGCTCTAA_003,190
TCGCGGACATAGGGCTCTAA_004,138
TCGCGGACATAGGGCTCTAA_005,144
TCGCGGACATAGGGCTCTAA_006,177
TCGCGGACATAGGGCTCTAA_007,175
TCGCGGACATAGGGCTCTAA_008,60
TCGCGGACATAGGGCTCTAA_009,76
TCGCGGACATAGGGCTCTAA_010,127
TCGCGGACATAGGGCTCTAA_011,81
TCGCGGACATAGGGCTCTAA_012,81
TCGCGGACATAGGGCTCTAA_013,63
TCGCGGACATAGGGCTCTAA_014,127
TCGCGGACATAGGGCTCTAA_015,169
TCGCGGACATAGGGCTCTAA_016,158
TCGCGGACATAGGGCTCTAA_017,95
TCGCGGACATAGGGCTCTAA_018,105
TCGCGGACATAGGGCTCTAA_019,126
CAGAAACCTCTAGGAAGACG_001,0
CAGAAACCTCTAGGAAGACG_002,80
CTACGATAAAGCTTATCCCG_001,123
CTACGATAAAGCTTATCCCG_002,91
CTACGATAAAGCTTATCCCG_003,69
CTACGATAAAGCTTATCCCG_004,190
CTACGATAAAGCTTATCCCG_005,19
CTACGATAAAGCTTATCCCG_006,63
CTACGATAAAGCTTATCCCG_007,183
CTACGATAAAGCTTATCCCG_008,161
CTACGATAAAGCTTATCCCG_009,60
CTACGATAAAGCTTATCCCG_010,191
TAGGTTCAGCATTTCAAGCA_001,154
TAGGTTCAGCATTTCAAGCA_002,154
TAGGTTCAGCATTTCAAGCA_003,43
TAGGTTCAGCATTTCAAGCA_004,146
AGAAAATCCACATCTTCCAA_001,8
AGAAAATCCACATCTTCCAA_002,150
AGAAAATCCACATCTTCCAA_003,110
ATCACACATAGCGACGAAGT_001,176
ATCACACATAGCGACGAAGT_002,53
GACCAACTACACCGTCCGAG_001,10
GACCAACTACACCGTCCGAG_002,17
GACCAACTACACCGTCCGAG_003,146
GACCAACTACACCGTCCGAG_004,61
GACCAACTACACCGTCCGAG_005,103
GACCAACTACACCGTCCGAG_006,168
GACCAACTACACCGTCCGAG_007,174
GACCAACTACACCGTCCGAG_008,119
GACCAACTACACCGTCCGAG_009,39
GACCAACTACACCGTCCGAG_010,41
GACCAACTACACCGTCCGAG_011,105
GACCAACTACACCGTCCGAG_012,34
TTTGCTGTGGACACCCAAGT_001,159
TTTGCTGTGGACACCCAAGT_002,58
TTTGCTGTGGACACCCAAGT_003,28
TTTGCTGTGGACACCCAAGT_004,165
TTTGCTGTGGACACCCAAGT_005,49
TTTGCTGTGGACACCCAAGT_006,115
TTTGCTGTGGACACCCAAGT_007,1
TTTGCTGTGGACACCCAAGT_008,172
TTTGCTGTGGACACCCAAGT_009,15
TTTGCTGTGGACACCCAAGT_010,65
TTTGCTGTGGACACCCAAGT_011,84
TTTGCTGTGGACACCCAAGT_012,14
TTTGCTGTGGACACCCAAGT_013,59
TTTGCTGTGGACACCCAAGT_014,130
TTTGCTGTGGACACCCAAGT_015,57
TTTGCTGTGGACACCCAAGT_016,141
TTTGCTGTGGACACCCAAGT_017,1
ATAGTGAGTCGAGCAACACC_001,163
ATAGTGAGTCGAGCAACACC_002,50
ATAGTGAGTCGAGCAACACC_003,136
ATAGTGAGTCGAGCAACACC_004,34
ATAGTGAGTCGAGCAACACC_005,182
GATGCCCACTATGCACTGCA_001,9
GATGCCCACTATGCACTGCA_002,117
GATGCCCACTATGCACTGCA_003,98
GATGCCCACTATGCACTGCA_004,2
GATGCCCACTATGCACTGCA_005,175
GATGCCCACTATGCACTGCA_006,40
GATGCCCACTATGCACTGCA_007,181
GATGCCCACTATGCACTGCA_008,68
GATGCCCACTATGCACTGCA_009,126
TCTTCGTCCACCAGGCCCGT_001,34
TCTTCGTCCACCAGGCCCGT_002,176
TCTTCGTCCACCAGGCCCGT_003,174
TCTTCGTCCACCAGGCCCGT_004,197
TCTTCGTCCACCAGGCCCGT_005,131
TCTTCGTCCACCAGGCCCGT_006,65
TCTTCGTCCACCAGGCCCGT_007,137
TCTTCGTCCACCAGGCCCGT_008,56
TTATGCACAGAAGTATGGCA_001,75
TTATGCACAGAAGTATGGCA_002,68
TTATGCACAGAAGTATGGCA_003,132
TTATGCACAGAAGTATGGCA_004,138
TTATGCACAGAAGTATGGCA_005,147
TTATGCACAGAAGTATGGCA_006,84
TTATGCACAGAAGTATGGCA_007,83
TTATGCACAGAAGTATGGCA_008,6
TTATGCACAGAAGTATGGCA_009,36
TTATGCACAGAAGTATGGCA_010,125
TTATGCACAGAAGTATGGCA_011,97
TTATGCACAGAAGTATGGCA_012,102
TTATGCACAGAAGTATGGCA_013,23
TTATGCACAGAAGTATGGCA_014,90
TTATGCACAGAAGTATGGCA_015,124
TTATGCACAGAAGTATGGCA_016,90
TTATGCACAGAAGTATGGCA_017,83
GACAGAGAATTACATTCACT_001,57
GACAGAGAATTACATTCACT_002,16
GACAGAGAATTACATTCACT_003,22
GACAGAGAATTACATTCACT_004,93
GACAGAGAATTACATTCACT_005,40
GACAGAGAATTACATTCACT_006,1
GACAGAGAATTACATTCACT_007,198
GCCGCTCTGCTCAGTGCGTG_001,76
GCCGCTCTGCTCAGTGCGTG_002,127
GCCGCTCTGCTCAGTGCGTG_003,7
GCCGCTCTGCTCAGTGCGTG_004,7
GCCGCTCTGCTCAGTGCGTG_005,83
GCCGCTCTGCTCAGTGCGTG_006,126
GCCGCTCTGCTCAGTGCGTG_007,113
GCCGCTCTGCTCAGTGCGTG_008,10
GCCGCTCTGCTCAGTGCGTG_009,29
GCCGCTCTGCTCAGTGCGTG_010,69
GCCGCTCTGCTCAGTGCGTG_011,122
GCCGCTCTGCTCAGTGCGTG_012,144
GCCGCTCTGCTCAGTGCGTG_013,57
GCCGCTCTGCTCAGTGCGTG_014,19
GCCGCTCTGCTCAGTGCGTG_015,46
GCCGCTCTGCTCAGTGCGTG_016,169
GCCGCTCTGCTCAGTGCGTG_017,48
GCCGCTCTGCTCAGTGCGTG_018,50
GCCGCTCTGCTCAGTGCGTG_019,21
GCCGCTCTGCTCAGTGCGTG_020,194
GCCGCTCTGCTCAGTGCGTG_021,122
GCCGCTCTGCTCAGTGCGTG_022,175
GCCGCTCTGCTCAGTGCGTG_023,146
GCCGCTCTGCTCAGTGCGTG_024,3
GCCGCTCTGCTCAGTGCGTG_025,33
GCCGCTCTGCTCAGTGCGTG_026,98
GCCGCTCTGCTCAGTGCGTG_027,57
GCCGCTCTGCTCAGTGCGTG_028,191
GCCGCTCTGCTCAGTGCGTG_029,28
GCCGCTCTGCTCAGTGCGTG_030,3
GCCGCTCTGCTCAGTGCGTG_031,175
CGCAGACATGATGGGCAAGG_001,174
CGCAGACATGATGGGCAAGG_002,105
CGCAGACATGATGGGCAAGG_003,105
CGCAGACATGATGGGCAAGG_004,133
CGCAGACATGATGGGCAAGG_005,41
CGCAGACATGATGGGCAAGG_006,88
CGCAGACATGATGGGCAAGG_007,6
CGCAGACATGATGGGCAAGG_008,111
AGCTTAGACATAGACTTCCG_001,17
AGCTTAGACATAGACTTCCG_002,50
AGCTTAGACATAGACTTCCG_003,146
AGCTTAGACATAGACTTCCG_004,70
AGCTTAGACATAGACTTCCG_005,16
AGCTTAGACATAGACTTCCG_006,168
AGCTTAGACATAGACTTCCG_007,57
AGCCTCCATTGATAAAAGGT_001,145
AGCCTCCATTGATAAAAGGT_002,118
AGCCTCCATTGATAAAAGGT_003,17
AGCCTCCATTGATAAAAGGT_004,81
AGCCTCCATTGATAAAAGGT_005,94
AGCCTCCATTGATAAAAGGT_006,196
AGCCTCCATTGATAAAAGGT_007,188
AGCCTCCATTGATAAAAGGT_008,106
GCGTCCCCGAACGAGGACGC_001,127
GCGTCCCCGAACGAGGACGC_002,88
GCGTCCCCGAACGAGGACGC_003,150
GCGTCCCCGAACGAGGACGC_004,3
GCGTCCCCGAACGAGGACGC_005,2
GGGAGCCTGTGGTCACCGAA_001,183
GGGAGCCTGTGGTCACCGAA_002,141
GGGAGCCTGTGGTCACCGAA_003,78
GGGAGCCTGTGGTCACCGAA_004,188
TCATCTTGATCTCATAACGC_001,56
TCATCTTGATCTCATAACGC_002,157
TCATCTTGATCTCATAACGC_003,8
CACAGACCAGACACAAGCTG_001,182
CACAGACCAGACACAAGCTG_002,86
CACAGACCAGACACAAGCTG_003,76
CACAGACCAGACACAAGCTG_004,165
CACAGACCAGACACAAGCTG_005,50
CACAGACCAGACACAAGCTG_006,70
CACAGACCAGACACAAGCTG_007,163
CACAGACCAGACACAAGCTG_008,104
CACAGACCAGACACAAGCTG_009,36
CACAGACCAGACACAAGCTG_010,173
CACAGACCAGACACAAGCTG_011,41
AGTGGCAGCACCAGCTACCA_001,137
AGTGGCAGCACCAGCTACCA_002,122
AGTGGCAGCACCAGCTACCA_003,45
AGTGGCAGCACCAGCTACCA_004,11
AGTGGCAGCACCAGCTACCA_005,10
AGTGGCAGCACCAGCTACCA_006,14
AGTGGCAGCACCAGCTACCA_007,146
AGTGGCAGCACCAGCTACCA_008,80
AGTGGCAGCACCAGCTACCA_009,115
AGTGGCAGCACCAGCTACCA_010,50
AGTGGCAGCACCAGCTACCA_011,10
AGTGGCAGCACCAGCTACCA_012,99
AGTGGCAGCACCAGCTACCA_013,51
AGTGGCAGCACCAGCTACCA_014,195
AGTGGCAGCACCAGCTACCA_015,73
AGTGGCAGCACCAGCTACCA_016,13
AGTGGCAGCACCAGCTACCA_017,162
AGTGGCAGCACCAGCTACCA_018,199
AGTGGCAGCACCAGCTACCA_019,155
AGTGGCAGCACCAGCTACCA_020,41
AGTGGCAGCACCAGCTACCA_021,54
AGTGGCAGCACCAGCTACCA_022,0
AGTGGCAGCACCAGCTACCA_023,148
AGTGGCAGCACCAGCTACCA_024,47
AGTGGCAGCACCAGCTACCA_025,77
AGTGGCAGCACCAGCTACCA_026,69
AGTGGCAGCACCAGCTACCA_027,52
AGTGGCAGCACCAGCTACCA_028,63
AGTGGCAGCACCAGCTACCA_029,147
AGTGGCAGCACCAGCTACCA_030,8
AGTGGCAGCACCAGCTACCA_031,177
AGTGGCAGCACCAGCTACCA_032,28
GCTGACCGATTTACCCGTCG_001,17
GCTGACCGATTTACCCGTCG_002,40
GCTGACCGATTTACCCGTCG_003,69
GCTGACCGATTTACCCGTCG_004,163
GCTGACCGATTTACCCGTCG_005,47
GCTGACCGATTTACCCGTCG_006,78
GCTGACCGATTTACCCGTCG_007,30
GGCCGCACCGTAGGTCTCGG_001,15
GGCCGCACCGTAGGTCTCGG_002,196
GGCCGCACCGTAGGTCTCGG_003,20
GGCCGCACCGTAGGTCTCGG_004,171
GGCCGCACCGTAGGTCTCGG_005,178
GGTGTAGCAGCACACAACGG_001,153
GGTGTAGCAGCACACAACGG_002,29
GGTGTAGCAGCACACAACGG_003,177
GGTGTAGCAGCACACAACGG_004,1
GGTGTAGCAGCACACAACGG_005,16
GGTGTAGCAGCACACAACGG_006,170
GGTGTAGCAGCACACAACGG_007,105
GGTGTAGCAGCACACAACGG_008,69
GGTGTAGCAGCACACAACGG_009,174
GGTGTAGCAGCACACAACGG_010,88
GGTGTAGCAGCACACAACGG_011,37
GGTGTAGCAGCACACAACGG_012,162
TGATTGTAAGCAGGATACTG_001,50
TGATTGTAAGCAGGATACTG_002,116
TGATTGTAAGCAGGATACTG_003,147
TACCTCCTGTACAATAAGCT_001,130
TACCTCCTGTACAATAAGCT_002,40
TACCTCCTGTACAATAAGCT_003,144
TACCTCCTGTACAATAAGCT_004,46
TACCTCCTGTACAATAAGCT_005,83
TACCTCCTGTACAATAAGCT_006,168
TACCTCCTGTACAATAAGCT_007,121
TTGCACTCAAGGATTCAACA_001,121
TTGCACTCAAGGATTCAACA_002,141
TTGCACTCAAGGATTCAACA_003,12
AGGGTGGCTTGATCTCACGA_001,19
CAGACACTCAGCTCCGTCAG_001,14
CAGACACTCAGCTCCGTCAG_002,114
CAGACACTCAGCTCCGTCAG_003,82
CAGACACTCAGCTCCGTCAG_004,98
CAGACACTCAGCTCCGTCAG_005,58
CAGACACTCAGCTCCGTCAG_006,147
CAGACACTCAGCTCCGTCAG_007,29
CAGACACTCAGCTCCGTCAG_008,65
CAGACACTCAGCTCCGTCAG_009,177
GAATAAGCACAGTTCTCCCA_001,93
GAATAAGCACAGTTCTCCCA_002,5
GAATAAGCACAGTTCTCCCA_003,174
ACGAACACTACGAGTACCGG_001,60
ACGAACACTACGAGTACCGG_002,163
ACGAACACTACGAGTACCGG_003,197
ACGAACACTACGAGTACCGG_004,11
ACGAACACTACGAGTACCGG_005,140
ACGAACACTACGAGTACCGG_006,48
ACGAACACTACGAGTACCGG_007,54
ACGAACACTACGAGTACCGG_008,54
ACGAACACTACGAGTACCGG_009,187
AACCCTCAGGAAGTGATCCA_001,79
AACCCTCAGGAAGTGATCCA_002,119
AACCCTCAGGAAGTGATCCA_003,149
AACCCTCAGGAAGTGATCCA_004,170
AACCCTCAGGAAGTGATCCA_005,127
AACCCTCAGGAAGTGATCCA_006,20
AACCCTCAGGAAGTGATCCA_007,91
AACCCTCAGGAAGTGATCCA_008,8
AACCCTCAGGAAGTGATCCA_009,78
AACCCTCAGGAAGTGATCCA_010,24
AACCCTCAGGAAGTGATCCA_011,125
AACCCTCAGGAAGTGATCCA_012,178
AACCCTCAGGAAGTGATCCA_013,82
AACCCTCAGGAAGTGATCCA_014,117
AACCCTCAGGAAGTGATCCA_015,179
AACCCTCAGGAAGTGATCCA_016,74
AACCCTCAGGAAGTGATCCA_017,70
AACCCTCAGGAAGTGATCCA_018,199
AACCCTCAGGAAGTGATCCA_019,134
AACCCTCAGGAAGTGATCCA_020,132
GCTCCCGCGGTGCCTCCGAG_001,8
GCTCCCGCGGTGCCTCCGAG_002,78
GCTCCCGCGGTGCCTCCGAG_003,105
GCTCCCGCGGTGCCTCCGAG_004,194
GCTCCCGCGGTGCCTCCGAG_005,31
GCTCCCGCGGTGCCTCCGAG_006,163
GCTCCCGCGGTGCCTCCGAG_007,147
GCTCCCGCGGTGCCTCCGAG_008,57
GCTCCCGCGGTGCCTCCGAG_009,118
GCTCCCGCGGTGCCTCCGAG_010,170
GCTCCCGCGGTGCCTCCGAG_011,72
GCTCCCGCGGTGCCTCCGAG_012,121
GCTCCCGCGGTGCCTCCGAG_013,65
GCTCCCGCGGTGCCTCCGAG_014,10
GGGACTTTAATTATTCCAAG_001,128
CTTGTGATGCATCCACGCAA_001,118
CTTGTGATGCATCCACGCAA_002,118
CTTGTGATGCATCCACGCAA_003,29
CTTGTGATGCATCCACGCAA_004,43
CTTGTGATGCATCCACGCAA_005,142
CTTGTGATGCATCCACGCAA_006,52
CTTGTGATGCATCCACGCAA_007,177
GAATATACCGAAGTTCAAAG_001,60
GAATATACCGAAGTTCAAAG_002,199
GAATATACCGAAGTTCAAAG_003,184
GAATATACCGAAGTTCAAAG_004,91
GAATATACCGAAGTTCAAAG_005,168
GAATATACCGAAGTTCAAAG_006,94
GAATATACCGAAGTTCAAAG_007,191
GAATATACCGAAGTTCAAAG_008,57
AGGATGAAGGAGACTGCGAG_001,152
AGGATGAAGGAGACTGCGAG_002,169
AGGATGAAGGAGACTGCGAG_003,184
AGGATGAAGGAGACTGCGAG_004,1
AGGATGAAGGAGACTGCGAG_005,196
AGGATGAAGGAGACTGCGAG_006,122
AGGATGAAGGAGACTGCGAG_007,150
AGGATGAAGGAGACTGCGAG_008,103
CATTGACCTCTTCCTATACG_001,92
CATTGACCTCTTCCTATACG_002,20
CATTGACCTCTTCCTATACG_003,162
CATTGACCTCTTCCTATACG_004,183
CATTGACCTCTTCCTATACG_005,188
CTGCCAAAGCCTCTACCCGA_001,183
CTGCCAAAGCCTCTACCCGA_002,160
CTGCCAAAGCCTCTACCCGA_003,168
CTGCCAAAGCCTCTACCCGA_004,115
CTGCCAAAGCCTCTACCCGA_005,181
CTGCCAAAGCCTCTACCCGA_006,60
CTGCCAAAGCCTCTACCCGA_007,62
CTGCCAAAGCCTCTACCCGA_008,158
CTGCCAAAGCCTCTACCCGA_009,67
CTGCCAAAGCCTCTACCCGA_010,89
CTGCCAAAGCCTCTACCCGA_011,50
CTGCCAAAGCCTCTACCCGA_012,192
CTGCCAAAGCCTCTACCCGA_013,42
CTGCCAAAGCCTCTACCCGA_014,78
CTGCCAAAGCCTCTACCCGA_015,185
CTGCCAAAGCCTCTACCCGA_016,8
CTGCCAAAGCCTCTACCCGA_017,90
CTGCCAAAGCCTCTACCCGA_018,10
CTGCCAAAGCCTCTACCCGA_019,68
CTGCCAAAGCCTCTACCCGA_020,155
ATGACAGCCGCGGACTTCGG_001,54
ATGACAGCCGCGGACTTCGG_002,170
ATGACAGCCGCGGACTTCGG_003,23
ATGACAGCCGCGGACTTCGG_004,112
ATGACAGCCGCGGACTTCGG_005,175
ATGACAGCCGCGGACTTCGG_006,188
ATGACAGCCGCGGACTTCGG_007,104
ATGACAGCCGCGGACTTCGG_008,88
ATGACAGCCGCGGACTTCGG_009,0
ATGACAGCCGCGGACTTCGG_010,134
ATGACAGCCGCGGACTTCGG_011,151
ATGACAGCCGCGGACTTCGG_012,130
ATGACAGCCGCGGACTTCGG_013,148
ATGACAGCCGCGGACTTCGG_014,40
ATGACAGCCGCGGACTTCGG_015,137
ATGACAGCCGCGGACTTCGG_016,44
ATGACAGCCGCGGACTTCGG_017,123
ATGACAGCCGCGGACTTCGG_018,113
ATGACAGCCGCGGACTTCGG_019,177
ATGACAGCCGCGGACTTCGG_020,9
ATGACAGCCGCGGACTTCGG_021,1
ATGACAGCCGCGGACTTCGG_022,64
ATGACAGCCGCGGACTTCGG_023,104
ATGACAGCCGCGGACTTCGG_024,188
ATGACAGCCGCGGACTTCGG_025,13
ATGACAGCCGCGGACTTCGG_026,140
ATGACAGCCGCGGACTTCGG_027,107
ATGACAGCCGCGGACTTCGG_028,73
ATGACAGCCGCGGACTTCGG_029,145
ATGACAGCCGCGGACTTCGG_030,91
ATGACAGCCGCGGACTTCGG_031,78
ATGACAGCCGCGGACTTCGG_032,68
ATGACAGCCGCGGACTTCGG_033,98
ATGACAGCCGCGGACTTCGG_034,56
ATGACAGCCGCGGACTTCGG_035,47
ATGACAGCCGCGGACTTCGG_036,108
ATGACAGCCGCGGACTTCGG_037,29
ATGACAGCCGCGGACTTCGG_038,148
ATGACAGCCGCGGACTTCGG_039,102
ATGACAGCCGCGGACTTCGG_040,63
ATGACAGCCGCGGACTTCGG_041,19
ATGACAGCCGCGGACTTCGG_042,37
ATGACAGCCGCGGACTTCGG_043,196
ATGACAGCCGCGGACTTCGG_044,158
ATGACAGCCGCGGACTTCGG_045,144
ATGACAGCCGCGGACTTCGG_046,123
ATGACAGCCGCGGACTTCGG_047,89
ATGACAGCCGCGGACTTCGG_048,22
ATGACAGCCGCGGACTTCGG_049,3
ATGACAGCCGCGGACTTCGG_050,169
ATGACAGCCGCGGACTTCGG_051,30
AGGACGACGAGCCTCCGGCC_001,156
AGGACGACGAGCCTCCGGCC_002,121
AGGACGACGAGCCTCCGGCC_003,190
AGGACGACGAGCCTCCGGCC_004,141
AGGACGACGAGCCTCCGGCC_005,115
AGGACGACGAGCCTCCGGCC_006,156
AGGACGACGAGCCTCCGGCC_007,134
AGGACGACGAGCCTCCGGCC_008,69
AGGACGACGAGCCTCCGGCC_009,1
AGGACGACGAGCCTCCGGCC_010,28
AGGACGACGAGCCTCCGGCC_011,62
AGGACGACGAGCCTCCGGCC_012,188
AGGACGACGAGCCTCCGGCC_013,2
AGGACGACGAGCCTCCGGCC_014,13
AGGACGACGAGCCTCCGGCC_015,44
AGGACGACGAGCCTCCGGCC_016,19
AGGACGACGAGCCTCCGGCC_017,124
AGGACGACGAGCCTCCGGCC_018,39
AGCCATAATTGCTGGTCTGT_001,60
AGCCATAATTGCTGGTCTGT_002,60
AGCCATAATTGCTGGTCTGT_003,74
AGCCATAATTGCTGGTCTGT_004,127
AGCCATAATTGCTGGTCTGT_005,199
AGCCATAATTGCTGGTCTGT_006,183
AGCCATAATTGCTGGTCTGT_007,104
AGCCATAATTGCTGGTCTGT_008,141
TCACATTAGTAAAAAGACTG_001,125
TCACATTAGTAAAAAGACTG_002,127
TCACATTAGTAAAAAGACTG_003,176
TCACATTAGTAAAAAGACTG_004,127
ACTTTCTTGTAGGCTTTGGA_001,169
ACTTTCTTGTAGGCTTTGGA_002,41
ACTTTCTTGTAGGCTTTGGA_003,41
ACTTTCTTGTAGGCTTTGGA_004,108
ACTTTCTTGTAGGCTTTGGA_005,199
ACTTTCTTGTAGGCTTTGGA_006,21
ACTTTCTTGTAGGCTTTGGA_007,127
ACTTTCTTGTAGGCTTTGGA_008,13
ACTTTCTTGTAGGCTTTGGA_009,50
ACTTTCTTGTAGGCTTTGGA_010,77
ACTTTCTTGTAGGCTTTGGA_011,68
ACTTTCTTGTAGGCTTTGGA_012,34
ACTTTCTTGTAGGCTTTGGA_013,55
ACTTTCTTGTAGGCTTTGGA_014,43
ACTTTCTTGTAGGCTTTGGA_015,43
ACTTTCTTGTAGGCTTTGGA_016,183
ACTTTCTTGTAGGCTTTGGA_017,127
ACTTTCTTGTAGGCTTTGGA_018,62
AGATGAATCTACCAGCATAG_001,170
AGATGAATCTACCAGCATAG_002,193
AGATGAATCTACCAGCATAG_003,107
AGATGAATCTACCAGCATAG_004,115
AGATGAATCTACCAGCATAG_005,138
GCGGAGGAGAGGCGCTGCCG_001,72
GCGGAGGAGAGGCGCTGCCG_002,26
GCGGAGGAGAGGCGCTGCCG_003,56
GCGGAGGAGAGGCGCTGCCG_004,97
GCGGAGGAGAGGCGCTGCCG_005,19
GCGGAGGAGAGGCGCTGCCG_006,56
GCGGAGGAGAGGCGCTGCCG_007,129
GCGGAGGAGAGGCGCTGCCG_008,34
GCGGAGGAGAGGCGCTGCCG_009,63
CCTGCCAGAGAACGACCTGA_001,5
CCTGCCAGAGAACGACCTGA_002,104
CCTGCCAGAGAACGACCTGA_003,163
CCTGCCAGAGAACGACCTGA_004,166
CCTGCCAGAGAACGACCTGA_005,134
CCTGCCAGAGAACGACCTGA_006,177
CCTGCCAGAGAACGACCTGA_007,153
CCTGCCAGAGAACGACCTGA_008,103
CCTGCCAGAGAACGACCTGA_009,191
TGACATGGACTGCCTTGCAT_001,131
TGACATGGACTGCCTTGCAT_002,76
TGACATGGACTGCCTTGCAT_003,191
TGACATGGACTGCCTTGCAT_004,82
TGACATGGACTGCCTTGCAT_005,83
TGACATGGACTGCCTTGCAT_006,60
TGACATGGACTGCCTTGCAT_007,127
TGACATGGACTGCCTTGCAT_008,127
TGACATGGACTGCCTTGCAT_009,48
TGACATGGACTGCCTTGCAT_010,102
TGACATGGACTGCCTTGCAT_011,53
TGACATGGACTGCCTTGCAT_012,139
TGACATGGACTGCCTTGCAT_013,105
TGACATGGACTGCCTTGCAT_014,184
TGACATGGACTGCCTTGCAT_015,84
TGACATGGACTGCCTTGCAT_016,136
TGACATGGACTGCCTTGCAT_017,187
TGACATGGACTGCCTTGCAT_018,141
TGACATGGACTGCCTTGCAT_019,17
TGACATGGACTGCCTTGCAT_020,32
TGACATGGACTGCCTTGCAT_021,111
TGACATGGACTGCCTTGCAT_022,36
TGACATGGACTGCCTTGCAT_023,13
TGACATGGACTGCCTTGCAT_024,24
TGACATGGACTGCCTTGCAT_025,36
TGACATGGACTGCCTTGCAT_026,48
TGACATGGACTGCCTTGCAT_027,34
TGACATGGACTGCCTTGCAT_028,142
TGACATGGACTGCCTTGCAT_029,77
TGACATGGACTGCCTTGCAT_030,63
TGACATGGACTGCCTTGCAT_031,25
TGACATGGACTGCCTTGCAT_032,19
TGACATGGACTGCCTTGCAT_033,50
TGACATGGACTGCCTTGCAT_034,61
TGACATGGACTGCCTTGCAT_035,45
TGACATGGACTGCCTTGCAT_036,153
TGACATGGACTGCCTTGCAT_037,104
TGACATGGACTGCCTTGCAT_038,121
TGACATGGACTGCCTTGCAT_039,124
TGACATGGACTGCCTTGCAT_040,4
TGACATGGACTGCCTTGCAT_041,136
TGACATGGACTGCCTTGCAT_042,71
TGACATGGACTGCCTTGCAT_043,170
TGACATGGACTGCCTTGCAT_044,118
TGACATGGACTGCCTTGCAT_045,193
TGACATGGACTGCCTTGCAT_046,176
ACTGCTCTGGTACCGAGAGG_001,183
ACTGCTCTGGTACCGAGAGG_002,124
ACTGCTCTGGTACCGAGAGG_003,150
CTGGTGTCCCCGAATGTCGA_001,168
CTGGTGTCCCCGAATGTCGA_002,168
CTGGTGTCCCCGAATGTCGA_003,34
CTGGTGTCCCCGAATGTCGA_004,162
CCCCTTATGAGAATAAGGCG_001,76
CCCCTTATGAGAATAAGGCG_002,65
CCCCTTATGAGAATAAGGCG_003,136
GCCACAAATTCCCGCATGTG_001,150
GCCACAAATTCCCGCATGTG_002,160
GCCACAAATTCCCGCATGTG_003,113
GCCACAAATTCCCGCATGTG_004,19
GCCACAAATTCCCGCATGTG_005,184
GCCACAAATTCCCGCATGTG_006,109
GCCACAAATTCCCGCATGTG_007,115
GCCACAAATTCCCGCATGTG_008,114
GCCACAAATTCCCGCATGTG_009,159
GCCACAAATTCCCGCATGTG_010,61
CACCTGGTGTTGGAAGCGCA_001,8
CACCTGGTGTTGGAAGCGCA_002,115
CACCTGGTGTTGGAAGCGCA_003,138
CACCTGGTGTTGGAAGCGCA_004,160
CACCTGGTGTTGGAAGCGCA_005,35
CACCTGGTGTTGGAAGCGCA_006,156
CACCTGGTGTTGGAAGCGCA_007,57
CACCTGGTGTTGGAAGCGCA_008,94
CACCTGGTGTTGGAAGCGCA_009,177
CACCTGGTGTTGGAAGCGCA_010,160
CACCTGGTGTTGGAAGCGCA_011,48
CACCTGGTGTTGGAAGCGCA_012,199
CACCTGGTGTTGGAAGCGCA_013,41
CACCTGGTGTTGGAAGCGCA_014,50
CACCTGGTGTTGGAAGCGCA_015,92
CACCTGGTGTTGGAAGCGCA_016,14
CACCTGGTGTTGGAAGCGCA_017,89
CACCTGGTGTTGGAAGCGCA_018,2
CACCTGGTGTTGGAAGCGCA_019,108
CACCTGGTGTTGGAAGCGCA_020,139
CACCTGGTGTTGGAAGCGCA_021,107
CACCTGGTGTTGGAAGCGCA_022,78
CACCTGGTGTTGGAAGCGCA_023,58
CACCTGGTGTTGGAAGCGCA_024,8
CACCTGGTGTTGGAAGCGCA_025,176
CACCTGGTGTTGGAAGCGCA_026,11
CACCTGGTGTTGGAAGCGCA_027,63
CACCTGGTGTTGGAAGCGCA_028,69
CACCTGGTGTTGGAAGCGCA_029,168
CACCTGGTGTTGGAAGCGCA_030,90
CACCTGGTGTTGGAAGCGCA_031,90
CACCTGGTGTTGGAAGCGCA_032,189
CACCTGGTGTTGGAAGCGCA_033,121
CACCTGGTGTTGGAAGCGCA_034,161
CAGGATTACATTCTCCACTT_001,93
CAGGATTACATTCTCCACTT_002,188
CAGGATTACATTCTCCACTT_003,110
GCACATCCTGACATTCGCTG_001,97
GCACATCCTGACATTCGCTG_002,191
GCACATCCTGACATTCGCTG_003,117
GCACATCCTGACATTCGCTG_004,64
GCACATCCTGACATTCGCTG_005,21
GCACATCCTGACATTCGCTG_006,44
GCACATCCTGACATTCGCTG_007,51
CCGCAGCCCAGTGTCTCGAG_001,78
GCAGTGCTTGGACTTAGCAC_001,146
GCAGTGCTTGGACTTAGCAC_002,182
GCAGTGCTTGGACTTAGCAC_003,133
GCAGTGCTTGGACTTAGCAC_004,101
GCAGTGCTTGGACTTAGCAC_005,134
GCAGTGCTTGGACTTAGCAC_006,42
GCAGTGCTTGGACTTAGCAC_007,68
GCAGTGCTTGGACTTAGCAC_008,8
GCAGTGCTTGGACTTAGCAC_009,177
GCAGTGCTTGGACTTAGCAC_010,144
GCAGTGCTTGGACTTAGCAC_011,91
CGAGACCCCACACACTGCCG_001,48
CGAGACCCCACACACTGCCG_002,159
CGAGACCCCACACACTGCCG_003,166
CGAGACCCCACACACTGCCG_004,15
CGAGACCCCACACACTGCCG_005,16
CGAGACCCCACACACTGCCG_006,187
CGAGACCCCACACACTGCCG_007,153
CGAGACCCCACACACTGCCG_008,11
CGAGACCCCACACACTGCCG_009,78
CGAGACCCCACACACTGCCG_010,1
CGAGACCCCACACACTGCCG_011,41
CGAGACCCCACACACTGCCG_012,74
CGAGACCCCACACACTGCCG_013,168
TCATCGTCTTCGGGAGTGTG_001,192
TCATCGTCTTCGGGAGTGTG_002,56
TCATCGTCTTCGGGAGTGTG_003,173
TCATCGTCTTCGGGAGTGTG_004,158
TCATCGTCTTCGGGAGTGTG_005,117
CACCATCTCGCTGTCAGACG_001,105
CACCATCTCGCTGTCAGACG_002,190
CACCATCTCGCTGTCAGACG_003,50
CACCATCTCGCTGTCAGACG_004,119
CACCATCTCGCTGTCAGACG_005,37
CACCATCTCGCTGTCAGACG_006,98
CACCATCTCGCTGTCAGACG_007,33
CACCATCTCGCTGTCAGACG_008,50
AGAGCTGCTTCGCCTAGAAC_001,129
AGAGCTGCTTCGCCTAGAAC_002,57
AGAGCTGCTTCGCCTAGAAC_003,199
AGAGCTGCTTCGCCTAGAAC_004,41
AGAGCTGCTTCGCCTAGAAC_005,96
AGAGCTGCTTCGCCTAGAAC_006,78
AGAGCTGCTTCGCCTAGAAC_007,57
AGAGCTGCTTCGCCTAGAAC_008,65
AGAGCTGCTTCGCCTAGAAC_009,102
ATGTTTGCAGGTCTCGACAC_001,12
GAGACCAAAGTTTCACGACC_001,191
GAGACCAAAGTTTCACGACC_002,68
GAGACCAAAGTTTCACGACC_003,141
GAGACCAAAGTTTCACGACC_004,184
GAGACCAAAGTTTCACGACC_005,106
GAGACCAAAGTTTCACGACC_006,69
GCCTGGCGGTGACCACACAT_001,34
GCCTGGCGGTGACCACACAT_002,166
GCCTGGCGGTGACCACACAT_003,67
GCCTGGCGGTGACCACACAT_004,94
GCCTGGCGGTGACCACACAT_005,169
GCCTGGCGGTGACCACACAT_006,110
GCCTGGCGGTGACCACACAT_007,187
GCCTGGCGGTGACCACACAT_008,57
GCCTGGCGGTGACCACACAT_009,97
GCCTGGCGGTGACCACACAT_010,88
GCCTGGCGGTGACCACACAT_011,126
AAGAGACTACACATACGAGG_001,3
AAGAGACTACACATACGAGG_002,22
GAGGTGATACCCATCGCCAA_001,163
GAGGTGATACCCATCGCCAA_002,187
GAGGTGATACCCATCGCCAA_003,194
GAGGTGATACCCATCGCCAA_004,145
GAGGTGATACCCATCGCCAA_005,198
GAGGTGATACCCATCGCCAA_006,34
GAGGTGATACCCATCGCCAA_007,34
GAGGTGATACCCATCGCCAA_008,62
TCTTTAAAGTCCGAGTGCGA_001,127
TCTTTAAAGTCCGAGTGCGA_002,140
TCTTTAAAGTCCGAGTGCGA_003,58
TCTTTAAAGTCCGAGTGCGA_004,41
TCTTTAAAGTCCGAGTGCGA_005,60
AACAGCTGTTTACCAAGCGA_001,178
AACAGCTGTTTACCAAGCGA_002,130
AACAGCTGTTTACCAAGCGA_003,78
AACAGCTGTTTACCAAGCGA_004,43
AACAGCTGTTTACCAAGCGA_005,162
AACAGCTGTTTACCAAGCGA_006,198
AACAGCTGTTTACCAAGCGA_007,140
AACAGCTGTTTACCAAGCGA_008,145
CCTTCAGGGAAGTCATTGCA_001,119
CCTTCAGGGAAGTCATTGCA_002,53
CCTTCAGGGAAGTCATTGCA_003,181
CCTTCAGGGAAGTCATTGCA_004,163
CCTTCAGGGAAGTCATTGCA_005,175
CCTTCAGGGAAGTCATTGCA_006,4
CCTTCAGGGAAGTCATTGCA_007,185
CCTTCAGGGAAGTCATTGCA_008,141
CCTTCAGGGAAGTCATTGCA_009,111
CCTTCAGGGAAGTCATTGCA_010,29
CCTTCAGGGAAGTCATTGCA_011,115
CCTTCAGGGAAGTCATTGCA_012,54
CCTTCAGGGAAGTCATTGCA_013,81
CCTTCAGGGAAGTCATTGCA_014,15
CCTTCAGGGAAGTCATTGCA_015,15
CCTTCAGGGAAGTCATTGCA_016,48
GCCTGATTACATTCCAACAG_001,136
TGTCATGCGTCACTTAGTGC_001,67
TGTCATGCGTCACTTAGTGC_002,106
TGTCATGCGTCACTTAGTGC_003,51
TGTCATGCGTCACTTAGTGC_004,125
TGTCATGCGTCACTTAGTGC_005,48
TGTCATGCGTCACTTAGTGC_006,96
TGTCATGCGTCACTTAGTGC_007,124
TGTCATGCGTCACTTAGTGC_008,57
TGTCATGCGTCACTTAGTGC_009,66
TGTCATGCGTCACTTAGTGC_010,48
TGTCATGCGTCACTTAGTGC_011,102
TGTCATGCGTCACTTAGTGC_012,191
TGTCATGCGTCACTTAGTGC_013,174
ACTCCATCGCTGTATCCGTG_001,29
ACTCCATCGCTGTATCCGTG_002,72
ACTCCATCGCTGTATCCGTG_003,185
ACTCCATCGCTGTATCCGTG_004,77
ACTCCATCGCTGTATCCGTG_005,188
ACTCCATCGCTGTATCCGTG_006,156
ACTCCATCGCTGTATCCGTG_007,38
ACTCCATCGCTGTATCCGTG_008,22
ACTCCATCGCTGTATCCGTG_009,16
ACTCCATCGCTGTATCCGTG_010,28
ACTCCATCGCTGTATCCGTG_011,171
ACTCCATCGCTGTATCCGTG_012,7
ACTCCATCGCTGTATCCGTG_013,166
ACTCCATCGCTGTATCCGTG_014,103
ACTCCATCGCTGTATCCGTG_015,90
TCCGGCTGGGAGATTACACT_001,36
TCCGGCTGGGAGATTACACT_002,108
TCCGGCTGGGAGATTACACT_003,10
TCCGGCTGGGAGATTACACT_004,174
TCCGGCTGGGAGATTACACT_005,160
TCCGGCTGGGAGATTACACT_006,127
TCCGGCTGGGAGATTACACT_007,41
TCCGGCTGGGAGATTACACT_008,116
GACAAGCCGCCAAGACCCAG_001,191
GACAAGCCGCCAAGACCCAG_002,119
GACAAGCCGCCAAGACCCAG_003,60
GACAAGCCGCCAAGACCCAG_004,176
GACAAGCCGCCAAGACCCAG_005,166
GACAAGCCGCCAAGACCCAG_006,115
GACAAGCCGCCAAGACCCAG_007,114
GACAAGCCGCCAAGACCCAG_008,102
GACAAGCCGCCAAGACCCAG_009,190
GACAAGCCGCCAAGACCCAG_010,2
GACAAGCCGCCAAGACCCAG_011,47
GACAAGCCGCCAAGACCCAG_012,192
GACAAGCCGCCAAGACCCAG_013,1
GACAAGCCGCCAAGACCCAG_014,66
GACAAGCCGCCAAGACCCAG_015,17
GACAAGCCGCCAAGACCCAG_016,17
GACAAGCCGCCAAGACCCAG_017,184
GACAAGCCGCCAAGACCCAG_018,82
GACAAGCCGCCAAGACCCAG_019,139
TGGCTTATATGGTGATAATG_001,118
TGGCTTATATGGTGATAATG_002,179
TGGCTTATATGGTGATAATG_003,85
TGGCTTATATGGTGATAATG_004,57
TGGCTTATATGGTGATAATG_005,169
GCTCGCCCTCCTGTGCATCG_001,21
GCTCGCCCTCCTGTGCATCG_002,146
GCTCGCCCTCCTGTGCATCG_003,88
GCTCGCCCTCCTGTGCATCG_004,146
GCTCGCCCTCCTGTGCATCG_005,184
GCTCGCCCTCCTGTGCATCG_006,37
GCTCGCCCTCCTGTGCATCG_007,166
GCTCGCCCTCCTGTGCATCG_008,124
GCTCGCCCTCCTGTGCATCG_009,80
GCTCGCCCTCCTGTGCATCG_010,127
GCTCGCCCTCCTGTGCATCG_011,147
GCTCGCCCTCCTGTGCATCG_012,101
GCTCGCCCTCCTGTGCATCG_013,156
GCTCGCCCTCCTGTGCATCG_014,88
GCTCGCCCTCCTGTGCATCG_015,27
GCTCGCCCTCCTGTGCATCG_016,105
GCTCGCCCTCCTGTGCATCG_017,94
GCTCGCCCTCCTGTGCATCG_018,33
GCTCGCCCTCCTGTGCATCG_019,16
GCTCGCCCTCCTGTGCATCG_020,63
GCTCGCCCTCCTGTGCATCG_021,128
GCTCGCCCTCCTGTGCATCG_022,58
GCTCGCCCTCCTGTGCATCG_023,4
GCTCGCCCTCCTGTGCATCG_024,105
GCTCGCCCTCCTGTGCATCG_025,56
GCTCGCCCTCCTGTGCATCG_026,138
GCTCGCCCTCCTGTGCATCG_027,198
GCTCGCCCTCCTGTGCATCG_028,70
GCTCGCCCTCCTGTGCATCG_029,127
GCTCGCCCTCCTGTGCATCG_030,10
GCTCGCCCTCCTGTGCATCG_031,82
GCTCGCCCTCCTGTGCATCG_032,26
GCTCGCCCTCCTGTGCATCG_033,49
GCTCGCCCTCCTGTGCATCG_034,37
GCTCGCCCTCCTGTGCATCG_035,63
GCTCGCCCTCCTGTGCATCG_036,114
GCTCGCCCTCCTGTGCATCG_037,107
GCTCGCCCTCCTGTGCATCG_038,72
AAATGGTACCGAGAGAGCCA_001,62
AAATGGTACCGAGAGAGCCA_002,168
AAATGGTACCGAGAGAGCCA_003,9
CCACCGACACGCGGGCCGAG_001,101
CCACCGACACGCGGGCCGAG_002,113
CCACCGACACGCGGGCCGAG_003,53
CCACCGACACGCGGGCCGAG_004,60
CCACCGACACGCGGGCCGAG_005,115
CTCTGAATAGAAATTGCACG_001,149
CTCTGAATAGAAATTGCACG_002,119
GGTGAGAATGAAAATCGCAC_001,58
GGTGAGAATGAAAATCGCAC_002,169
ACTATGAGACACATAATTCA_001,183
ACTATGAGACACATAATTCA_002,45
TCTTTCAATGAAGACACCTG_001,96
TCTTTCAATGAAGACACCTG_002,198
TCTTTCAATGAAGACACCTG_003,47
TCTTTCAATGAAGACACCTG_004,48
TCTTTCAATGAAGACACCTG_005,6
TCTTTCAATGAAGACACCTG_006,147
TCTTTCAATGAAGACACCTG_007,85
AGGCTGGACTGGTGCCTCCG_001,105
AGGCTGGACTGGTGCCTCCG_002,182
AGGCTGGACTGGTGCCTCCG_003,62
AGGCTGGACTGGTGCCTCCG_004,81
AGGCTGGACTGGTGCCTCCG_005,44
AGGCTGGACTGGTGCCTCCG_006,34
AGGCTGGACTGGTGCCTCCG_007,48
AGGCTGGACTGGTGCCTCCG_008,88
AGGCTGGACTGGTGCCTCCG_009,52
AGGCTGGACTGGTGCCTCCG_010,70
AGGCTGGACTGGTGCCTCCG_011,60
AGGCTGGACTGGTGCCTCCG_012,32
AGGCTGGACTGGTGCCTCCG_013,39
AGGCTGGACTGGTGCCTCCG_014,166
AGGCTGGACTGGTGCCTCCG_015,117
AGGCTGGACTGGTGCCTCCG_016,94
AGGCTGGACTGGTGCCTCCG_017,76
AGGCTGGACTGGTGCCTCCG_018,78
AGGCTGGACTGGTGCCTCCG_019,43
AGGCTGGACTGGTGCCTCCG_020,158
AGGCTGGACTGGTGCCTCCG_021,113
AGGCTGGACTGGTGCCTCCG_022,35
AGGCTGGACTGGTGCCTCCG_023,105
AGGCTGGACTGGTGCCTCCG_024,65
AGGCTGGACTGGTGCCTCCG_025,134
AGGCTGGACTGGTGCCTCCG_026,191
AGGCTGGACTGGTGCCTCCG_027,81
AGGCTGGACTGGTGCCTCCG_028,19
AGGCTGGACTGGTGCCTCCG_029,81
AGGCTGGACTGGTGCCTCCG_030,81
AGGCTGGACTGGTGCCTCCG_031,185
AGGCTGGACTGGTGCCTCCG_032,138
AGGCTGGACTGGTGCCTCCG_033,48
AGGCTGGACTGGTGCCTCCG_034,9
AGGCTGGACTGGTGCCTCCG_035,182
AGGCTGGACTGGTGCCTCCG_036,28
AGGCTGGACTGGTGCCTCCG_037,67
AGGCTGGACTGGTGCCTCCG_038,1
AGGCTGGACTGGTGCCTCCG_039,48
AGGCTGGACTGGTGCCTCCG_040,106
AGGCTGGACTGGTGCCTCCG_041,88
AGGCTGGACTGGTGCCTCCG_042,147
AGGCTGGACTGGTGCCTCCG_043,78
AACAGAGCAGGGGACAACTG_001,130
AACAGAGCAGGGGACAACTG_002,169
AACAGAGCAGGGGACAACTG_003,36
AACAGAGCAGGGGACAACTG_004,24
GCTCTGAGGCACAACCACCC_001,88
GCTCTGAGGCACAACCACCC_002,169
GCTCTGAGGCACAACCACCC_003,1
GCTCTGAGGCACAACCACCC_004,136
GCTCTGAGGCACAACCACCC_005,139
GCTCTGAGGCACAACCACCC_006,49
GCTCTGAGGCACAACCACCC_007,20
GCTCTGAGGCACAACCACCC_008,156
TTTACGAAGTATACCAGGTC_001,139
TTTACGAAGTATACCAGGTC_002,132
TTTACGAAGTATACCAGGTC_003,19
TTTACGAAGTATACCAGGTC_004,185
TTTACGAAGTATACCAGGTC_005,155
TTTACGAAGTATACCAGGTC_006,141
TTTACGAAGTATACCAGGTC_007,146
TTTACGAAGTATACCAGGTC_008,170
TTTACGAAGTATACCAGGTC_009,80
TTTACGAAGTATACCAGGTC_010,182
TTTACGAAGTATACCAGGTC_011,152
TTTACGAAGTATACCAGGTC_012,6
TTTACGAAGTATACCAGGTC_013,161
TTTACGAAGTATACCAGGTC_014,9
TTTACGAAGTATACCAGGTC_015,169
TTTACGAAGTATACCAGGTC_016,155
TTTACGAAGTATACCAGGTC_017,93
TTTACGAAGTATACCAGGTC_018,87
GGGATAGGCCATCCCCAATG_001,47
GGGATAGGCCATCCCCAATG_002,80
GGGATAGGCCATCCCCAATG_003,101
GGGATAGGCCATCCCCAATG_004,68
GGGATAGGCCATCCCCAATG_005,62
GGGATAGGCCATCCCCAATG_006,175
GGGATAGGCCATCCCCAATG_007,177
GGGATAGGCCATCCCCAATG_008,128
GGGATAGGCCATCCCCAATG_009,54
GGGATAGGCCATCCCCAATG_010,175
GGGATAGGCCATCCCCAATG_011,138
GGGATAGGCCATCCCCAATG_012,121
GGGATAGGCCATCCCCAATG_013,94
AGTGTACCAGATCGAATCAC_001,127
AGTGTACCAGATCGAATCAC_002,184
AGTGTACCAGATCGAATCAC_003,13
AGTGTACCAGATCGAATCAC_004,55
AGTGTACCAGATCGAATCAC_005,48
AGTGTACCAGATCGAATCAC_006,12
CTCCTAGACCAACTCCACAC_001,0
CTCCTAGACCAACTCCACAC_002,112
CTCCTAGACCAACTCCACAC_003,29
CTCCTAGACCAACTCCACAC_004,121
CTCCTAGACCAACTCCACAC_005,117
CTCCTAGACCAACTCCACAC_006,96
CTCCTAGACCAACTCCACAC_007,158
CTCCTAGACCAACTCCACAC_008,197
CTCCTAGACCAACTCCACAC_009,16
CTCCTAGACCAACTCCACAC_010,63
CTCCTAGACCAACTCCACAC_011,9
CTCCTAGACCAACTCCACAC_012,142
CTCCTAGACCAACTCCACAC_013,33
CTCCTAGACCAACTCCACAC_014,171
GGCTTCTCATTCCACGACCA_001,117
GGCTTCTCATTCCACGACCA_002,9
GGCTTCTCATTCCACGACCA_003,189
GGCTTCTCATTCCACGACCA_004,136
TTCTGCCAGCCACGCATCAA_001,48
TTCTGCCAGCCACGCATCAA_002,88
TTCTGCCAGCCACGCATCAA_003,185
TTCTGCCAGCCACGCATCAA_004,94
TTCTGCCAGCCACGCATCAA_005,129
TTCTGCCAGCCACGCATCAA_006,95
TTCTGCCAGCCACGCATCAA_007,158
TTCTGCCAGCCACGCATCAA_008,56
TTCTGCCAGCCACGCATCAA_009,93
TTCTGCCAGCCACGCATCAA_010,50
TTCTGCCAGCCACGCATCAA_011,77
TTCTGCCAGCCACGCATCAA_012,130
TTCTGCCAGCCACGCATCAA_013,8
TTCTGCCAGCCACGCATCAA_014,128
TTCTGCCAGCCACGCATCAA_015,152
TTCTGCCAGCCACGCATCAA_016,78
TTCTGCCAGCCACGCATCAA_017,138
TTCTGCCAGCCACGCATCAA_018,68
TTCTGCCAGCCACGCATCAA_019,144
TTCTGCCAGCCACGCATCAA_020,161
TTCTGCCAGCCACGCATCAA_021,91
GTTTGTTAACGTAAACCGGA_001,157
GTTTGTTAACGTAAACCGGA_002,157
GTTTGTTAACGTAAACCGGA_003,166
GAAGATAGAAGAAGTAACAC_001,127
GAAGATAGAAGAAGTAACAC_002,98
GAAGATAGAAGAAGTAACAC_003,168
GAAGATAGAAGAAGTAACAC_004,88
GAAGATAGAAGAAGTAACAC_005,127
GAAGATAGAAGAAGTAACAC_006,13
GAAGATAGAAGAAGTAACAC_007,37
GATGATGTCAGAACAGAAGG_001,48
GATGATGTCAGAACAGAAGG_002,170
GATGATGTCAGAACAGAAGG_003,42
GATGATGTCAGAACAGAAGG_004,6
GATGATGTCAGAACAGAAGG_005,140
GATGATGTCAGAACAGAAGG_006,85
CAGTTAGCGAGTTGGTACCG_001,125
CAGTTAGCGAGTTGGTACCG_002,68
CAGTTAGCGAGTTGGTACCG_003,34
CAGTTAGCGAGTTGGTACCG_004,175
CAGTTAGCGAGTTGGTACCG_005,169
CAGTTAGCGAGTTGGTACCG_006,60
CAGTTAGCGAGTTGGTACCG_007,174
CAGTTAGCGAGTTGGTACCG_008,156
CAGTTAGCGAGTTGGTACCG_009,48
CAGTTAGCGAGTTGGTACCG_010,50
CAGTTAGCGAGTTGGTACCG_011,49
CAGTTAGCGAGTTGGTACCG_012,188
CAGTTAGCGAGTTGGTACCG_013,159
CAGTTAGCGAGTTGGTACCG_014,173
ACAGATGAGGATACACAAGA_001,6
ACAGATGAGGATACACAAGA_002,199
GAAAACTGGAAATGACCTTG_001,48
GAAAACTGGAAATGACCTTG_002,77
GAAAACTGGAAATGACCTTG_003,45
GAAAACTGGAAATGACCTTG_004,156
GAAAACTGGAAATGACCTTG_005,156
GAAAACTGGAAATGACCTTG_006,176
GAAAACTGGAAATGACCTTG_007,97
GAAAACTGGAAATGACCTTG_008,127
GAAAACTGGAAATGACCTTG_009,48
GAAAACTGGAAATGACCTTG_010,46
GAAAACTGGAAATGACCTTG_011,198
GAAAACTGGAAATGACCTTG_012,136
GAAAACTGGAAATGACCTTG_013,165
GACAAGTGTAAAGTGAAGAT_001,144
GACAAGTGTAAAGTGAAGAT_002,115
GACAAGTGTAAAGTGAAGAT_003,127
GACAAGTGTAAAGTGAAGAT_004,50
GACAAGTGTAAAGTGAAGAT_005,96
ACACCTTCGCCTAGTCACAC_001,142
ACACCTTCGCCTAGTCACAC_002,166
ACACCTTCGCCTAGTCACAC_003,102
ACACCTTCGCCTAGTCACAC_004,158
ACACCTTCGCCTAGTCACAC_005,141
ACACCTTCGCCTAGTCACAC_006,150
ACACCTTCGCCTAGTCACAC_007,98
ACACCTTCGCCTAGTCACAC_008,106
ACACCTTCGCCTAGTCACAC_009,23
ACACCTTCGCCTAGTCACAC_010,82
ACACCTTCGCCTAGTCACAC_011,15
ACACCTTCGCCTAGTCACAC_012,1
ACACCTTCGCCTAGTCACAC_013,78
ACACCTTCGCCTAGTCACAC_014,7
ACACCTTCGCCTAGTCACAC_015,75
ACACCTTCGCCTAGTCACAC_016,147
ACACCTTCGCCTAGTCACAC_017,126
ACACCTTCGCCTAGTCACAC_018,96
ACACCTTCGCCTAGTCACAC_019,116
ACACCTTCGCCTAGTCACAC_020,62
ACACCTTCGCCTAGTCACAC_021,166
ACACCTTCGCCTAGTCACAC_022,29
ACACCTTCGCCTAGTCACAC_023,162
TGATTAAGCAGATGGCGTCG_001,10
TGATTAAGCAGATGGCGTCG_002,150
TGATTAAGCAGATGGCGTCG_003,113
TGATTAAGCAGATGGCGTCG_004,4
TGATTAAGCAGATGGCGTCG_005,104
TGATTAAGCAGATGGCGTCG_006,35
TGATTAAGCAGATGGCGTCG_007,120
TGATTAAGCAGATGGCGTCG_008,182
TGATTAAGCAGATGGCGTCG_009,63
TGATTAAGCAGATGGCGTCG_010,1
TGGGCGCCTCTAAGCCTGAG_001,7
TGGGCGCCTCTAAGCCTGAG_002,5
TGGGCGCCTCTAAGCCTGAG_003,160
TGGGCGCCTCTAAGCCTGAG_004,182
TGGGCGCCTCTAAGCCTGAG_005,194
TGGGCGCCTCTAAGCCTGAG_006,75
TGGGCGCCTCTAAGCCTGAG_007,20
TGGGCGCCTCTAAGCCTGAG_008,129
TGATGTAGTATCGGGAGTGG_001,9
TGATGTAGTATCGGGAGTGG_002,146
TGATGTAGTATCGGGAGTGG_003,186
AAAGTCGACCCCAACAAGCG_001,8
AAAGTCGACCCCAACAAGCG_002,148
AAAGTCGACCCCAACAAGCG_003,72
AAAGTCGACCCCAACAAGCG_004,35
AAAGTCGACCCCAACAAGCG_005,184
AAAGTCGACCCCAACAAGCG_006,175
AAAGTCGACCCCAACAAGCG_007,190
AAAGTCGACCCCAACAAGCG_008,127
AAAGTCGACCCCAACAAGCG_009,65
AAAGTCGACCCCAACAAGCG_010,193
AAAGTCGACCCCAACAAGCG_011,39
AAAGTCGACCCCAACAAGCG_012,184
AAAGTCGACCCCAACAAGCG_013,68
AAAGTCGACCCCAACAAGCG_014,126
AAAGTCGACCCCAACAAGCG_015,61
AAAGTCGACCCCAACAAGCG_016,116
GTGGCCAAGAGTACCTCGGG_001,42
GTGGCCAAGAGTACCTCGGG_002,170
GTGGCCAAGAGTACCTCGGG_003,170
GTGGCCAAGAGTACCTCGGG_004,150
GTGGCCAAGAGTACCTCGGG_005,6
GTGGCCAAGAGTACCTCGGG_006,161
CAACTCGCTCGAAAAGAAGG_001,49
CAACTCGCTCGAAAAGAAGG_002,56
CAACTCGCTCGAAAAGAAGG_003,102
TCTTCATAGCAGAATCGTCG_001,11
TCTTCATAGCAGAATCGTCG_002,142
ACATAACAATGACCTACACC_001,72
GGATTCCCGAGGAGATCCTG_001,48
GGATTCCCGAGGAGATCCTG_002,154
GGATTCCCGAGGAGATCCTG_003,9
GGATTCCCGAGGAGATCCTG_004,113
GGATTCCCGAGGAGATCCTG_005,138
GGATTCCCGAGGAGATCCTG_006,9
GGATTCCCGAGGAGATCCTG_007,32
GGCCACGCCACCGGACCACG_001,172
GGCCACGCCACCGGACCACG_002,156
GGCCACGCCACCGGACCACG_003,62
GGCCACGCCACCGGACCACG_004,64
GGCCACGCCACCGGACCACG_005,113
GGCCACGCCACCGGACCACG_006,108
GGCCACGCCACCGGACCACG_007,109
GGCCACGCCACCGGACCACG_008,107
GGCCACGCCACCGGACCACG_009,189
GGCCACGCCACCGGACCACG_010,127
GGCCACGCCACCGGACCACG_011,87
GGCCACGCCACCGGACCACG_012,67
GGCCACGCCACCGGACCACG_013,28
GGCCACGCCACCGGACCACG_014,75
CTCGGGGTACCCCCTCCAGG_001,188
CTCGGGGTACCCCCTCCAGG_002,174
CTCGGGGTACCCCCTCCAGG_003,27
CTCGGGGTACCCCCTCCAGG_004,83
CTCGGGGTACCCCCTCCAGG_005,61
GATGCACTCTGTTTGCACCA_001,62
GATGCACTCTGTTTGCACCA_002,50
GATGCACTCTGTTTGCACCA_003,68
GATGCACTCTGTTTGCACCA_004,132
GATGCACTCTGTTTGCACCA_005,86
GATGCACTCTGTTTGCACCA_006,23
GATGCACTCTGTTTGCACCA_007,164
GATGCACTCTGTTTGCACCA_008,96
GATGCACTCTGTTTGCACCA_009,105
GATGCACTCTGTTTGCACCA_010,192
GATGCACTCTGTTTGCACCA_011,87
GATGCACTCTGTTTGCACCA_012,35
GATGCACTCTGTTTGCACCA_013,148
GATGCACTCTGTTTGCACCA_014,19
GATGCACTCTGTTTGCACCA_015,166
ATGCACCTTACGAACTCCAT_001,143
ATGCACCTTACGAACTCCAT_002,124
ATGCACCTTACGAACTCCAT_003,9
ATGCACCTTACGAACTCCAT_004,2
ATGCACCTTACGAACTCCAT_005,83
ATGCACCTTACGAACTCCAT_006,70
ATGCACCTTACGAACTCCAT_007,116
ATGCACCTTACGAACTCCAT_008,170
ATGCACCTTACGAACTCCAT_009,8
ATGCACCTTACGAACTCCAT_010,136
ATGCACCTTACGAACTCCAT_011,15
ATGCACCTTACGAACTCCAT_012,37
ATGCACCTTACGAACTCCAT_013,65
ATGCACCTTACGAACTCCAT_014,69
TCACTCGCTACTACCCGGGT_001,63
TCACTCGCTACTACCCGGGT_002,121
GGCCAGGGCTATGCCAAAGG_001,168
GGCCAGGGCTATGCCAAAGG_002,38
GGCCAGGGCTATGCCAAAGG_003,187
GGCCAGGGCTATGCCAAAGG_004,58
GGCCAGGGCTATGCCAAAGG_005,113
GGCCAGGGCTATGCCAAAGG_006,113
GGCCAGGGCTATGCCAAAGG_007,186
ATAAGGCCTTGTGCTAGTGT_001,189
ATAAGGCCTTGTGCTAGTGT_002,192
ATAAGGCCTTGTGCTAGTGT_003,140
ATAAGGCCTTGTGCTAGTGT_004,107
ATAAGGCCTTGTGCTAGTGT_005,94
ATAAGGCCTTGTGCTAGTGT_006,111
CCATGGTGCCTGACTAACAG_001,149
CCATGGTGCCTGACTAACAG_002,106
CCATGGTGCCTGACTAACAG_003,115
CCATGGTGCCTGACTAACAG_004,55
CCATGGTGCCTGACTAACAG_005,88
CCATGGTGCCTGACTAACAG_006,108
CCATGGTGCCTGACTAACAG_007,108
CCATGGTGCCTGACTAACAG_008,82
CCATGGTGCCTGACTAACAG_009,75
CCATGGTGCCTGACTAACAG_010,75
CCATGGTGCCTGACTAACAG_011,173
CCATGGTGCCTGACTAACAG_012,133
CCATGGTGCCTGACTAACAG_013,82
CCATGGTGCCTGACTAACAG_014,9
CCATGGTGCCTGACTAACAG_015,118
CCATGGTGCCTGACTAACAG_016,32
GACTCAGTCAAACCCAACCC_001,149
ACGATCCAAGAAGATCCCCC_001,75
ACGATCCAAGAAGATCCCCC_002,43
ACTCGTCTGTTTCTTTCACT_001,19
ACTCGTCTGTTTCTTTCACT_002,183
ACTCGTCTGTTTCTTTCACT_003,60
ACTCGTCTGTTTCTTTCACT_004,105
ACTCGTCTGTTTCTTTCACT_005,58
ACTCGTCTGTTTCTTTCACT_006,160
AAGCGTGGACAGAGGAACCT_001,29
AAGCGTGGACAGAGGAACCT_002,8
AAGCGTGGACAGAGGAACCT_003,48
AAGCGTGGACAGAGGAACCT_004,127
AAGCGTGGACAGAGGAACCT_005,77
AAGCGTGGACAGAGGAACCT_006,134
AAGCGTGGACAGAGGAACCT_007,135
AAGCGTGGACAGAGGAACCT_008,111
AAGCGTGGACAGAGGAACCT_009,111
AAGCGTGGACAGAGGAACCT_010,166
AAGCGTGGACAGAGGAACCT_011,175
AAGCGTGGACAGAGGAACCT_012,76
AAGCGTGGACAGAGGAACCT_013,29
AAGCGTGGACAGAGGAACCT_014,85
AAGCGTGGACAGAGGAACCT_015,172
AAGCGTGGACAGAGGAACCT_016,83
AAGCGTGGACAGAGGAACCT_017,49
CGAAGCATAGGCGCACCTCG_001,41
CGAAGCATAGGCGCACCTCG_002,77
CGAAGCATAGGCGCACCTCG_003,194
CGAAGCATAGGCGCACCTCG_004,194
CGAAGCATAGGCGCACCTCG_005,198
CGAAGCATAGGCGCACCTCG_006,15
CGAAGCATAGGCGCACCTCG_007,170
CGAAGCATAGGCGCACCTCG_008,154
CGAAGCATAGGCGCACCTCG_009,102
CGAAGCATAGGCGCACCTCG_010,61
CGAAGCATAGGCGCACCTCG_011,102
CGAAGCATAGGCGCACCTCG_012,4
CGAAGCATAGGCGCACCTCG_013,156
CGAAGCATAGGCGCACCTCG_014,156
CGAAGCATAGGCGCACCTCG_015,106
CGAAGCATAGGCGCACCTCG_016,19
CGAAGCATAGGCGCACCTCG_017,115
CGAAGCATAGGCGCACCTCG_018,77
CGAAGCATAGGCGCACCTCG_019,2
CGAAGCATAGGCGCACCTCG_020,153
CGAAGCATAGGCGCACCTCG_021,186
CGAAGCATAGGCGCACCTCG_022,8
CGAAGCATAGGCGCACCTCG_023,43
CGAAGCATAGGCGCACCTCG_024,191
CGAAGCATAGGCGCACCTCG_025,188
CGAAGCATAGGCGCACCTCG_026,88
CGAAGCATAGGCGCACCTCG_027,169
CGAAGCATAGGCGCACCTCG_028,40
CGAAGCATAGGCGCACCTCG_029,97
CGAAGCATAGGCGCACCTCG_030,76
CGAAGCATAGGCGCACCTCG_031,135
CGAAGCATAGGCGCACCTCG_032,62
CGAAGCATAGGCGCACCTCG_033,164
CGAAGCATAGGCGCACCTCG_034,9
CGAAGCATAGGCGCACCTCG_035,94
CGAAGCATAGGCGCACCTCG_036,82
CGAAGCATAGGCGCACCTCG_037,62
CGAAGCATAGGCGCACCTCG_038,150
TCCTGGTACACTTCTACCAG_001,29
TCCTGGTACACTTCTACCAG_002,88
TCCTGGTACACTTCTACCAG_003,94
TCCTGGTACACTTCTACCAG_004,57
TCCTGGTACACTTCTACCAG_005,183
TCTGTCTATGTGGACCCCAG_001,102
TTTCTCCTTAACTAGGAACT_001,118
TTTCTCCTTAACTAGGAACT_002,118
TTTCTCCTTAACTAGGAACT_003,186
TTTCTCCTTAACTAGGAACT_004,130
TTTCTCCTTAACTAGGAACT_005,93
TTTCTCCTTAACTAGGAACT_006,193
TTTCTCCTTAACTAGGAACT_007,149
GGGAACAATCCCATTTCCTG_001,40
GGGAACAATCCCATTTCCTG_002,23
GGGAACAATCCCATTTCCTG_003,33
GGGAACAATCCCATTTCCTG_004,188
GGGAACAATCCCATTTCCTG_005,80
GGGAACAATCCCATTTCCTG_006,47
GGGAACAATCCCATTTCCTG_007,68
AGTCAAGCATCTGACATGAT_001,148
AGTCAAGCATCTGACATGAT_002,50
AGTCAAGCATCTGACATGAT_003,15
AGTCAAGCATCTGACATGAT_004,48
AGTCAAGCATCTGACATGAT_005,184
AGTCAAGCATCTGACATGAT_006,144
AGTCAAGCATCTGACATGAT_007,195
CTGCCAGCGATAGTCGCCGA_001,27
CTGCCAGCGATAGTCGCCGA_002,32
CTGCCAGCGATAGTCGCCGA_003,29
CTGCCAGCGATAGTCGCCGA_004,144
CTGCCAGCGATAGTCGCCGA_005,115
CTGCCAGCGATAGTCGCCGA_006,119
CTGCCAGCGATAGTCGCCGA_007,78
CTGCCAGCGATAGTCGCCGA_008,137
CTGCCAGCGATAGTCGCCGA_009,130
CTGCCAGCGATAGTCGCCGA_010,2
CTGCCAGCGATAGTCGCCGA_011,64
CTGCCAGCGATAGTCGCCGA_012,141
CTGCCAGCGATAGTCGCCGA_013,60
CTGCCAGCGATAGTCGCCGA_014,159
CTGCCAGCGATAGTCGCCGA_015,82
CTGCCAGCGATAGTCGCCGA_016,104
CAGACGCGATCTTCGTCCAG_001,11
CAGACGCGATCTTCGTCCAG_002,29
CAGACGCGATCTTCGTCCAG_003,19
CAGACGCGATCTTCGTCCAG_004,195
CAGACGCGATCTTCGTCCAG_005,139
CAGACGCGATCTTCGTCCAG_006,49
CAGACGCGATCTTCGTCCAG_007,1
CAGACGCGATCTTCGTCCAG_008,148
GCCCTCTCCTAAGAGACCCA_001,7
GCCCTCTCCTAAGAGACCCA_002,97
GCCCTCTCCTAAGAGACCCA_003,149
GCCCTCTCCTAAGAGACCCA_004,94
GCCCTCTCCTAAGAGACCCA_005,32
GCCCTCTCCTAAGAGACCCA_006,35
GCCCTCTCCTAAGAGACCCA_007,173
GCCCTCTCCTAAGAGACCCA_008,173
GCCCTCTCCTAAGAGACCCA_009,173
GCCCTCTCCTAAGAGACCCA_010,173
GCCCTCTCCTAAGAGACCCA_011,114
GCCCTCTCCTAAGAGACCCA_012,63
GCCCTCTCCTAAGAGACCCA_013,124
GCCCTCTCCTAAGAGACCCA_014,90
GCCCTCTCCTAAGAGACCCA_015,65
GAGCGACTGGGACACGGTGA_001,171
GAGCGACTGGGACACGGTGA_002,58
GAGCGACTGGGACACGGTGA_003,61
GAGCGACTGGGACACGGTGA_004,97
GAGCGACTGGGACACGGTGA_005,56
GAGCGACTGGGACACGGTGA_006,170
GAGCGACTGGGACACGGTGA_007,90
AATATACATCCAGATATCAG_001,91
AATATACATCCAGATATCAG_002,110
AATATACATCCAGATATCAG_003,78
GCTCGGGGGACAGCAGTGCG_001,188
GCTCGGGGGACAGCAGTGCG_002,27
GCTCGGGGGACAGCAGTGCG_003,116
GCTCGGGGGACAGCAGTGCG_004,23
GCTCGGGGGACAGCAGTGCG_005,82
GCTCGGGGGACAGCAGTGCG_006,72
GCTCGGGGGACAGCAGTGCG_007,50
GCTCGGGGGACAGCAGTGCG_008,119
GCTCGGGGGACAGCAGTGCG_009,102
GCTCGGGGGACAGCAGTGCG_010,197
GCTCGGGGGACAGCAGTGCG_011,113
GCTCGGGGGACAGCAGTGCG_012,158
GCTCGGGGGACAGCAGTGCG_013,113
GCTCGGGGGACAGCAGTGCG_014,198
GCTCGGGGGACAGCAGTGCG_015,78
GCTCGGGGGACAGCAGTGCG_016,13
GCTCGGGGGACAGCAGTGCG_017,186
GCTCGGGGGACAGCAGTGCG_018,190
GCTCGGGGGACAGCAGTGCG_019,78
GCTCGGGGGACAGCAGTGCG_020,88
GCTCGGGGGACAGCAGTGCG_021,48
GCTCGGGGGACAGCAGTGCG_022,41
GCTCGGGGGACAGCAGTGCG_023,197
GCTCGGGGGACAGCAGTGCG_024,49
GCTCGGGGGACAGCAGTGCG_025,18
GCTCGGGGGACAGCAGTGCG_026,5
GCTCGGGGGACAGCAGTGCG_027,141
GCTCGGGGGACAGCAGTGCG_028,146
GCTCGGGGGACAGCAGTGCG_029,20
TAAAAGGCATAGAAGTACGT_001,47
TAAAAGGCATAGAAGTACGT_002,47
GACATCAATGCGACTCAACG_001,70
GACATCAATGCGACTCAACG_002,17
GACATCAATGCGACTCAACG_003,82
GACATCAATGCGACTCAACG_004,105
GACATCAATGCGACTCAACG_005,144
GACATCAATGCGACTCAACG_006,12
GACATCAATGCGACTCAACG_007,119
GACATCAATGCGACTCAACG_008,151
GACATCAATGCGACTCAACG_009,72
AGATATCCAAGCATCAACAA_001,48
AGATATCCAAGCATCAACAA_002,35
AGATATCCAAGCATCAACAA_003,137
AGATATCCAAGCATCAACAA_004,75
AGATATCCAAGCATCAACAA_005,147
AGATATCCAAGCATCAACAA_006,52
AGATATCCAAGCATCAACAA_007,84
AGATATCCAAGCATCAACAA_008,68
AGATATCCAAGCATCAACAA_009,132
AGATATCCAAGCATCAACAA_010,1
GGTGACCGGCTACGACTGGT_001,50
GGTGACCGGCTACGACTGGT_002,188
GGTGACCGGCTACGACTGGT_003,110
GGTGACCGGCTACGACTGGT_004,169
GGTGACCGGCTACGACTGGT_005,94
GGTGACCGGCTACGACTGGT_006,116
GGTGACCGGCTACGACTGGT_007,71
GGTGACCGGCTACGACTGGT_008,162
GGTGACCGGCTACGACTGGT_009,191
GGTGACCGGCTACGACTGGT_010,116
GGTGACCGGCTACGACTGGT_011,170
GGTGACCGGCTACGACTGGT_012,147
GGTGACCGGCTACGACTGGT_013,129
GGTGACCGGCTACGACTGGT_014,146
GGTGACCGGCTACGACTGGT_015,78
GGTGACCGGCTACGACTGGT_016,188
GGTGACCGGCTACGACTGGT_017,63
GATCCACTGGCAAGCAACCA_001,12
GATCCACTGGCAAGCAACCA_002,137
GATCCACTGGCAAGCAACCA_003,141
GATCCACTGGCAAGCAACCA_004,188
GATCCACTGGCAAGCAACCA_005,69
GATCCACTGGCAAGCAACCA_006,65
GATCCACTGGCAAGCAACCA_007,15
GATCCACTGGCAAGCAACCA_008,149
GATCCACTGGCAAGCAACCA_009,19
GATCCACTGGCAAGCAACCA_010,142
GATCCACTGGCAAGCAACCA_011,39
ACTGTATCGAGGCGTACCAG_001,52
ACTGTATCGAGGCGTACCAG_002,145
ACTGTATCGAGGCGTACCAG_003,175
ACTGTATCGAGGCGTACCAG_004,197
ACTGTATCGAGGCGTACCAG_005,111
ACTGTATCGAGGCGTACCAG_006,130
ACTGTATCGAGGCGTACCAG_007,2
ACTGTATCGAGGCGTACCAG_008,158
ACTGTATCGAGGCGTACCAG_009,182
ACTGTATCGAGGCGTACCAG_010,129
ACTGTATCGAGGCGTACCAG_011,118
GACCTTCATTGAAGAAAAGC_001,144
GACCTTCATTGAAGAAAAGC_002,2
GACCTTCATTGAAGAAAAGC_003,77
GACCTTCATTGAAGAAAAGC_004,105
GACCTTCATTGAAGAAAAGC_005,3
GACCTTCATTGAAGAAAAGC_006,147
GACCTTCATTGAAGAAAAGC_007,61
GACCTTCATTGAAGAAAAGC_008,20
GACCTTCATTGAAGAAAAGC_009,150
GACCTTCATTGAAGAAAAGC_010,2
GACCTTCATTGAAGAAAAGC_011,174
TGAGGTAAAATTCTCAAATG_001,21
TGAGGTAAAATTCTCAAATG_002,186
TTCGGGGTACTTACTACCGT_001,106
TTCGGGGTACTTACTACCGT_002,126
TTCGGGGTACTTACTACCGT_003,20
CCTCCGTAGGGACCATCCCG_001,29
CCTCCGTAGGGACCATCCCG_002,63
CCTCCGTAGGGACCATCCCG_003,191
CCTCCGTAGGGACCATCCCG_004,174
CCTCCGTAGGGACCATCCCG_005,115
CCTCCGTAGGGACCATCCCG_006,81
CCTCCGTAGGGACCATCCCG_007,84
CCTCCGTAGGGACCATCCCG_008,57
CCTCCGTAGGGACCATCCCG_009,50
CCTCCGTAGGGACCATCCCG_010,56
CCTCCGTAGGGACCATCCCG_011,132
CCTCCGTAGGGACCATCCCG_012,135
CCTCCGTAGGGACCATCCCG_013,13
CCTCCGTAGGGACCATCCCG_014,70
CCTCCGTAGGGACCATCCCG_015,78
CCTCCGTAGGGACCATCCCG_016,9
CCTCCGTAGGGACCATCCCG_017,26
CCTCCGTAGGGACCATCCCG_018,10
CCTCCGTAGGGACCATCCCG_019,159
CCTCCGTAGGGACCATCCCG_020,152
ACAGGTACACATAGGATGCG_001,141
ACAGGTACACATAGGATGCG_002,42
ACAGGTACACATAGGATGCG_003,161
ACAGGTACACATAGGATGCG_004,145
ACAGGTACACATAGGATGCG_005,199
ACAGGTACACATAGGATGCG_006,169
ACAGGTACACATAGGATGCG_007,35
ACAGGTACACATAGGATGCG_008,158
TCAGGCTCTTTGTGACCAAG_001,19
TCAGGCTCTTTGTGACCAAG_002,88
TCAGGCTCTTTGTGACCAAG_003,127
TCAGGCTCTTTGTGACCAAG_004,160
TCAGGCTCTTTGTGACCAAG_005,27
TCAGGCTCTTTGTGACCAAG_006,19
TCAGGCTCTTTGTGACCAAG_007,43
TCAGGCTCTTTGTGACCAAG_008,43
TCAGGCTCTTTGTGACCAAG_009,147
CAGGTTGGTAACCATGACGA_001,141
CAGGTTGGTAACCATGACGA_002,105
CAGGTTGGTAACCATGACGA_003,144
CAGGTTGGTAACCATGACGA_004,105
CAGGTTGGTAACCATGACGA_005,123
CAGGTTGGTAACCATGACGA_006,121
CAGGTTGGTAACCATGACGA_007,74
CAGGTTGGTAACCATGACGA_008,72
CAGGTTGGTAACCATGACGA_009,169
CAGGTTGGTAACCATGACGA_010,184
CAGGTTGGTAACCATGACGA_011,156
CAGGTTGGTAACCATGACGA_012,155
CATACTGAGCACATACTGTG_001,75
CATACTGAGCACATACTGTG_002,4
CCGCAGGACGAATACACTGT_001,19
CCGCAGGACGAATACACTGT_002,62
CCGCAGGACGAATACACTGT_003,84
CCGCAGGACGAATACACTGT_004,113
CCGCAGGACGAATACACTGT_005,64
CCGCAGGACGAATACACTGT_006,42
CCGCAGGACGAATACACTGT_007,82
CCGCAGGACGAATACACTGT_008,2
CCGCAGGACGAATACACTGT_009,151
CCGCAGGACGAATACACTGT_010,181
CTGCGTGCAGTGTAATTCAT_001,4
CTGCGTGCAGTGTAATTCAT_002,169
CTGCGTGCAGTGTAATTCAT_003,15
CTGCGTGCAGTGTAATTCAT_004,193
CTGCGTGCAGTGTAATTCAT_005,71
CTGCGTGCAGTGTAATTCAT_006,144
CTGCGTGCAGTGTAATTCAT_007,77
CTGCGTGCAGTGTAATTCAT_008,115
CTGCGTGCAGTGTAATTCAT_009,114
CTGCGTGCAGTGTAATTCAT_010,30
CTGCGTGCAGTGTAATTCAT_011,91
AGTTACTAGTATCCCGCGGG_001,178
AGTTACTAGTATCCCGCGGG_002,17
AGTTACTAGTATCCCGCGGG_003,157
AGTTACTAGTATCCCGCGGG_004,106
AGAGTTTATAAGTGTCAAGG_001,146
AGAGTTTATAAGTGTCAAGG_002,115
AGAGTTTATAAGTGTCAAGG_003,49
AGAGTTTATAAGTGTCAAGG_004,170
AGAGTTTATAAGTGTCAAGG_005,15
CCTGTGCCTGTTCGTCGTCG_001,24
CCTGTGCCTGTTCGTCGTCG_002,38
CCTGTGCCTGTTCGTCGTCG_003,198
CAGGAAGCATGGGTTAGATG_001,36
CAGGAAGCATGGGTTAGATG_002,106
CAGGAAGCATGGGTTAGATG_003,115
CAGGAAGCATGGGTTAGATG_004,177
CAGGAAGCATGGGTTAGATG_005,197
CAGGAAGCATGGGTTAGATG_006,191
CAGGAAGCATGGGTTAGATG_007,76
CAGGAAGCATGGGTTAGATG_008,41
CAGGAAGCATGGGTTAGATG_009,199
TGCTGCAAAAAGTAGCCTTG_001,125
TGCTGCAAAAAGTAGCCTTG_002,125
TGCTGCAAAAAGTAGCCTTG_003,60
TGCTGCAAAAAGTAGCCTTG_004,134
TGCTGCAAAAAGTAGCCTTG_005,78
TGCTGCAAAAAGTAGCCTTG_006,31
TGCTGCAAAAAGTAGCCTTG_007,125
TGCTGCAAAAAGTAGCCTTG_008,125
TGCTGCAAAAAGTAGCCTTG_009,162
TGCTGCAAAAAGTAGCCTTG_010,19
TGCTGCAAAAAGTAGCCTTG_011,94
TGCTGCAAAAAGTAGCCTTG_012,110
TGCTGCAAAAAGTAGCCTTG_013,103
TGCTGCAAAAAGTAGCCTTG_014,158
TGCTGCAAAAAGTAGCCTTG_015,86
TGCTGCAAAAAGTAGCCTTG_016,121
TGCTGCAAAAAGTAGCCTTG_017,16
TGCTGCAAAAAGTAGCCTTG_018,98
TGCTGCAAAAAGTAGCCTTG_019,192
TGCTGCAAAAAGTAGCCTTG_020,40
TGCTGCAAAAAGTAGCCTTG_021,177
TGCTGCAAAAAGTAGCCTTG_022,5
TGCTGCAAAAAGTAGCCTTG_023,184
TGCTGCAAAAAGTAGCCTTG_024,141
CCAGACCCACACATACCGAA_001,144
CCAGACCCACACATACCGAA_002,61
CCAGACCCACACATACCGAA_003,105
CCAGACCCACACATACCGAA_004,176
CCAGACCCACACATACCGAA_005,78
CCAGACCCACACATACCGAA_006,145
CCTTGAAACGAAAGTGACCG_001,151
CCTTGAAACGAAAGTGACCG_002,35
CCTTGAAACGAAAGTGACCG_003,132
CCTTGAAACGAAAGTGACCG_004,106
CCTTGAAACGAAAGTGACCG_005,191
CCTTGAAACGAAAGTGACCG_006,61
GTCACCAGGGAAAGGAACAC_001,172
GTCACCAGGGAAAGGAACAC_002,17
GTCACCAGGGAAAGGAACAC_003,100
GTCACCAGGGAAAGGAACAC_004,64
GTCACCAGGGAAAGGAACAC_005,54
GTCACCAGGGAAAGGAACAC_006,89
GTCACCAGGGAAAGGAACAC_007,189
GTCACCAGGGAAAGGAACAC_008,175
GTCACCAGGGAAAGGAACAC_009,121
GTCACCAGGGAAAGGAACAC_010,120
GTCACCAGGGAAAGGAACAC_011,151
GTCACCAGGGAAAGGAACAC_012,32
GTCACCAGGGAAAGGAACAC_013,137
GTCACCAGGGAAAGGAACAC_014,159
GTCACCAGGGAAAGGAACAC_015,45
GTCACCAGGGAAAGGAACAC_016,188
GTCACCAGGGAAAGGAACAC_017,82
GTCACCAGGGAAAGGAACAC_018,115
CGAATTGTGGATGATTGCGG_001,141
CGAATTGTGGATGATTGCGG_002,80
AGCTGTGAATTCCCACCACA_001,188
AGCTGTGAATTCCCACCACA_002,188
AGCTGTGAATTCCCACCACA_003,16
AGCTGTGAATTCCCACCACA_004,143
AGCTGTGAATTCCCACCACA_005,15
AGCTGTGAATTCCCACCACA_006,113
AGCTGTGAATTCCCACCACA_007,15
AGCTGTGAATTCCCACCACA_008,68
AGCTGTGAATTCCCACCACA_009,175
AGCTGTGAATTCCCACCACA_010,137
AGCTGTGAATTCCCACCACA_011,173
AGCTGTGAATTCCCACCACA_012,173
AGCTGTGAATTCCCACCACA_013,27
AGCTGTGAATTCCCACCACA_014,96
AGCTGTGAATTCCCACCACA_015,72
AGCTGTGAATTCCCACCACA_016,40
AAAACCAAAGCCCCACACTG_001,133
AAAACCAAAGCCCCACACTG_002,9
AAAACCAAAGCCCCACACTG_003,199
AAAACCAAAGCCCCACACTG_004,103
AAAACCAAAGCCCCACACTG_005,146
AAAACCAAAGCCCCACACTG_006,4
AAAACCAAAGCCCCACACTG_007,197
AAAACCAAAGCCCCACACTG_008,182
AAAACCAAAGCCCCACACTG_009,65
AAAACCAAAGCCCCACACTG_010,193
AAAACCAAAGCCCCACACTG_011,38
AAAACCAAAGCCCCACACTG_012,128
AAAACCAAAGCCCCACACTG_013,121
AAAACCAAAGCCCCACACTG_014,82
AAAACCAAAGCCCCACACTG_015,199
AAAACCAAAGCCCCACACTG_016,28
AAAACCAAAGCCCCACACTG_017,130
AAAACCAAAGCCCCACACTG_018,10
AAAACCAAAGCCCCACACTG_019,37
CAGCTCAACCACACGCGCCG_001,198
CAGCTCAACCACACGCGCCG_002,172
CAGCTCAACCACACGCGCCG_003,63
CAGCTCAACCACACGCGCCG_004,149
CAGCTCAACCACACGCGCCG_005,79
CAGCTCAACCACACGCGCCG_006,90
CAGCTCAACCACACGCGCCG_007,153
CAGCTCAACCACACGCGCCG_008,145
CAGCTCAACCACACGCGCCG_009,42
CAGCTCAACCACACGCGCCG_010,139
CAGCTCAACCACACGCGCCG_011,104
CAGCTCAACCACACGCGCCG_012,169
CAGCTCAACCACACGCGCCG_013,69
CAGCTCAACCACACGCGCCG_014,52
CAGCTCAACCACACGCGCCG_015,5
CAGCTCAACCACACGCGCCG_016,29
CAGCTCAACCACACGCGCCG_017,94
CAGCTCAACCACACGCGCCG_018,131
CAGCTCAACCACACGCGCCG_019,108
CAGCTCAACCACACGCGCCG_020,29
CAGCTCAACCACACGCGCCG_021,124
CAGCTCAACCACACGCGCCG_022,183
CAGCTCAACCACACGCGCCG_023,113
CAGCTCAACCACACGCGCCG_024,50
CAGCTCAACCACACGCGCCG_025,26
CAGCTCAACCACACGCGCCG_026,137
CAGCTCAACCACACGCGCCG_027,63
CAGCTCAACCACACGCGCCG_028,19
CAGCTCAACCACACGCGCCG_029,54
CAGCTCAACCACACGCGCCG_030,53
CAGCTCAACCACACGCGCCG_031,125
CAGCTCAACCACACGCGCCG_032,30
CAGCTCAACCACACGCGCCG_033,115
CAGCTCAACCACACGCGCCG_034,179
CAGCTCAACCACACGCGCCG_035,180
CAGCTCAACCACACGCGCCG_036,124
CAGCTCAACCACACGCGCCG_037,40
CAGCTCAACCACACGCGCCG_038,132
CAGCTCAACCACACGCGCCG_039,77
CTTACTTCAACGTAGTCTGT_001,194
CTTACTTCAACGTAGTCTGT_002,85
CTTACTTCAACGTAGTCTGT_003,107
CTTACTTCAACGTAGTCTGT_004,50
CTTACTTCAACGTAGTCTGT_005,22
CTTACTTCAACGTAGTCTGT_006,185
CTTACTTCAACGTAGTCTGT_007,107
CTTACTTCAACGTAGTCTGT_008,34
CTTACTTCAACGTAGTCTGT_009,32
GAGGAATCCTCAGAACAGGT_001,2
GAGGAATCCTCAGAACAGGT_002,44
GAGGAATCCTCAGAACAGGT_003,121
GAGGAATCCTCAGAACAGGT_004,102
GAGGAATCCTCAGAACAGGT_005,70
GAGGAATCCTCAGAACAGGT_006,127
GAGGAATCCTCAGAACAGGT_007,28
GAGGAATCCTCAGAACAGGT_008,55
ACATACCCCTTTGAACGCAT_001,46
ACATACCCCTTTGAACGCAT_002,127
ACATACCCCTTTGAACGCAT_003,134
ACATACCCCTTTGAACGCAT_004,153
GCAGACATTGCACAAACCCA_001,116
GCAGACATTGCACAAACCCA_002,137
GCAGACATTGCACAAACCCA_003,16
GCAGACATTGCACAAACCCA_004,199
GCAGACATTGCACAAACCCA_005,119
GCAGACATTGCACAAACCCA_006,62
GCAGACATTGCACAAACCCA_007,76
GCAGACATTGCACAAACCCA_008,78
GCAGACATTGCACAAACCCA_009,45
GGTCTGAGCCAATAATGGAG_001,51
GGTCTGAGCCAATAATGGAG_002,113
GGTCTGAGCCAATAATGGAG_003,136
GGTCTGAGCCAATAATGGAG_004,42
CATCTATACGGTCTGACTCG_001,168
CTTCAGCGACGACAGCAAGA_001,50
CTTCAGCGACGACAGCAAGA_002,117
CTTCAGCGACGACAGCAAGA_003,118
CTTCAGCGACGACAGCAAGA_004,149
CTTCAGCGACGACAGCAAGA_005,191
CTTCAGCGACGACAGCAAGA_006,197
CTTCAGCGACGACAGCAAGA_007,11
CTTCAGCGACGACAGCAAGA_008,87
CTTCAGCGACGACAGCAAGA_009,106
CTTCAGCGACGACAGCAAGA_010,169
CTTCAGCGACGACAGCAAGA_011,70
CTTCAGCGACGACAGCAAGA_012,184
CTTCAGCGACGACAGCAAGA_013,15
CTTCAGCGACGACAGCAAGA_014,30
CTTCAGCGACGACAGCAAGA_015,142
CTTCAGCGACGACAGCAAGA_016,79
CTTCAGCGACGACAGCAAGA_017,60
GTGGACCCTAATGATATGTG_001,172
GTGGACCCTAATGATATGTG_002,68
GTGGACCCTAATGATATGTG_003,60
GTGGACCCTAATGATATGTG_004,118
GTGGACCCTAATGATATGTG_005,22
GTGGACCCTAATGATATGTG_006,185
GTGGACCCTAATGATATGTG_007,117
TCGAACTGCCTCTCTGCGGA_001,167
TCGAACTGCCTCTCTGCGGA_002,193
TCGAACTGCCTCTCTGCGGA_003,165
TCGAACTGCCTCTCTGCGGA_004,55
TCGAACTGCCTCTCTGCGGA_005,67
TCGAACTGCCTCTCTGCGGA_006,162
TCGAACTGCCTCTCTGCGGA_007,170
TCGAACTGCCTCTCTGCGGA_008,199
TCGAACTGCCTCTCTGCGGA_009,131
TCGAACTGCCTCTCTGCGGA_010,51
TCGAACTGCCTCTCTGCGGA_011,11
TGGTGAAGAACGACGCCCGC_001,146
TGGTGAAGAACGACGCCCGC_002,144
TGGTGAAGAACGACGCCCGC_003,149
TGGTGAAGAACGACGCCCGC_004,132
TGGTGAAGAACGACGCCCGC_005,117
TGGTGAAGAACGACGCCCGC_006,18
TGGTGAAGAACGACGCCCGC_007,5
TGGTGAAGAACGACGCCCGC_008,128
TGGTGAAGAACGACGCCCGC_009,181
TGGTGAAGAACGACGCCCGC_010,126
TGGTGAAGAACGACGCCCGC_011,157
TGGTGAAGAACGACGCCCGC_012,153
CCACTTGAGCAAGCATCACG_001,168
CCACTTGAGCAAGCATCACG_002,9
CCACTTGAGCAAGCATCACG_003,61
CCACTTGAGCAAGCATCACG_004,184
AATGCACCGGTTGTCAGACG_001,83
AATGCACCGGTTGTCAGACG_002,116
AATGCACCGGTTGTCAGACG_003,1
AATGCACCGGTTGTCAGACG_004,159
AATGCACCGGTTGTCAGACG_005,26
AATGCACCGGTTGTCAGACG_006,113
AATGCACCGGTTGTCAGACG_007,172
GTGCAAGTGTCATTATATCG_001,178
GTGCAAGTGTCATTATATCG_002,178
GTGCAAGTGTCATTATATCG_003,148
ATACAGTGGAGCAACGCCAA_001,49
ATACAGTGGAGCAACGCCAA_002,47
ATACAGTGGAGCAACGCCAA_003,97
ATACAGTGGAGCAACGCCAA_004,62
ATACAGTGGAGCAACGCCAA_005,104
ATACAGTGGAGCAACGCCAA_006,56
ATACAGTGGAGCAACGCCAA_007,42
ATACAGTGGAGCAACGCCAA_008,42
ATACAGTGGAGCAACGCCAA_009,0
ATACAGTGGAGCAACGCCAA_010,172
ATACAGTGGAGCAACGCCAA_011,150
ATACAGTGGAGCAACGCCAA_012,9
ATACAGTGGAGCAACGCCAA_013,178
ATACAGTGGAGCAACGCCAA_014,157
ATACAGTGGAGCAACGCCAA_015,33
GTGCTAAAACCCACCTACAG_001,119
GTGCTAAAACCCACCTACAG_002,81
GTGCTAAAACCCACCTACAG_003,88
GTGCTAAAACCCACCTACAG_004,176
GTGCTAAAACCCACCTACAG_005,121
GTGCTAAAACCCACCTACAG_006,57
GTGCTAAAACCCACCTACAG_007,150
GTGCTAAAACCCACCTACAG_008,158
GTGCTAAAACCCACCTACAG_009,19
GTGCTAAAACCCACCTACAG_010,34
GTGCTAAAACCCACCTACAG_011,148
GTGCTAAAACCCACCTACAG_012,115
CAACGGATAGAATTGCCCTT_001,4
CAACGGATAGAATTGCCCTT_002,63
CAACGGATAGAATTGCCCTT_003,175
CAACGGATAGAATTGCCCTT_004,172
GCACATCGAGTCCAAGCAAG_001,79
GCACATCGAGTCCAAGCAAG_002,83
GCACATCGAGTCCAAGCAAG_003,38
GCACATCGAGTCCAAGCAAG_004,129
GCACATCGAGTCCAAGCAAG_005,17
GCACATCGAGTCCAAGCAAG_006,5
GCACATCGAGTCCAAGCAAG_007,57
GCACATCGAGTCCAAGCAAG_008,94
TGCAGAATGGAACATAACCA_001,185
TGCAGAATGGAACATAACCA_002,60
AGTGAGATTCCCGTACCCCA_001,177
AGTGAGATTCCCGTACCCCA_002,14
AGTGAGATTCCCGTACCCCA_003,29
AGTGAGATTCCCGTACCCCA_004,189
AAGTTCACCAAGGAGTCTCA_001,95
AAGTTCACCAAGGAGTCTCA_002,137
AAGTTCACCAAGGAGTCTCA_003,115
AAGTTCACCAAGGAGTCTCA_004,194
AAGTTCACCAAGGAGTCTCA_005,55
AAGTTCACCAAGGAGTCTCA_006,42
AAGTTCACCAAGGAGTCTCA_007,150
AAGTTCACCAAGGAGTCTCA_008,114
AAGTTCACCAAGGAGTCTCA_009,160
AAGTTCACCAAGGAGTCTCA_010,105
AAGTTCACCAAGGAGTCTCA_011,81
AAGTTCACCAAGGAGTCTCA_012,63
AAGTTCACCAAGGAGTCTCA_013,113
AAGTTCACCAAGGAGTCTCA_014,192
AAGTTCACCAAGGAGTCTCA_015,141
AAGTTCACCAAGGAGTCTCA_016,17
AAGTTCACCAAGGAGTCTCA_017,40
AAGTTCACCAAGGAGTCTCA_018,63
AAGTTCACCAAGGAGTCTCA_019,137
AAGTTCACCAAGGAGTCTCA_020,61
AGAACAACGAGCTAATGACT_001,60
AGAACAACGAGCTAATGACT_002,169
AGAACAACGAGCTAATGACT_003,34
AGAACAACGAGCTAATGACT_004,36
AGAACAACGAGCTAATGACT_005,121
AGAACAACGAGCTAATGACT_006,114
AGAACAACGAGCTAATGACT_007,63
AGAACAACGAGCTAATGACT_008,36
AGAACAACGAGCTAATGACT_009,117
AGAACAACGAGCTAATGACT_010,43
AGAACAACGAGCTAATGACT_011,69
GAGAGCTAACAAGAGGCCAG_001,27
GAGAGCTAACAAGAGGCCAG_002,30
GAGAGCTAACAAGAGGCCAG_003,82
GAGAGCTAACAAGAGGCCAG_004,151
GAGAGCTAACAAGAGGCCAG_005,93
GAGAGCTAACAAGAGGCCAG_006,94
GAGAGCTAACAAGAGGCCAG_007,65
GAGAGCTAACAAGAGGCCAG_008,87
GGGCCACAGCAGACGCTGTG_001,98
GGGCCACAGCAGACGCTGTG_002,16
GGGCCACAGCAGACGCTGTG_003,150
GGGCCACAGCAGACGCTGTG_004,164
GGGCCACAGCAGACGCTGTG_005,164
GGGCCACAGCAGACGCTGTG_006,118
GGGCCACAGCAGACGCTGTG_007,117
GGGCCACAGCAGACGCTGTG_008,169
GGGCCACAGCAGACGCTGTG_009,149
GGGCCACAGCAGACGCTGTG_010,67
GGGCCACAGCAGACGCTGTG_011,93
GGGCCACAGCAGACGCTGTG_012,193
GGGCCACAGCAGACGCTGTG_013,156
GGGCCACAGCAGACGCTGTG_014,138
GGGCCACAGCAGACGCTGTG_015,157
GGGCCACAGCAGACGCTGTG_016,157
CAAAAGCCACGAGTTTGCAC_001,130
CAAAAGCCACGAGTTTGCAC_002,152
CAAAAGCCACGAGTTTGCAC_003,157
CAAAAGCCACGAGTTTGCAC_004,25
CAAAAGCCACGAGTTTGCAC_005,119
CAAAAGCCACGAGTTTGCAC_006,128
CAAAAGCCACGAGTTTGCAC_007,123
CAAAAGCCACGAGTTTGCAC_008,64
ACCATAATCAGCCCATCCCG_001,169
ACCATAATCAGCCCATCCCG_002,139
ACCATAATCAGCCCATCCCG_003,9
ACCATAATCAGCCCATCCCG_004,62
ACCATAATCAGCCCATCCCG_005,177
ACCATAATCAGCCCATCCCG_006,128
ACCATAATCAGCCCATCCCG_007,160
ACCATAATCAGCCCATCCCG_008,129
ACCATAATCAGCCCATCCCG_009,96
ACCATAATCAGCCCATCCCG_010,88
ACCATAATCAGCCCATCCCG_011,199
ACCATAATCAGCCCATCCCG_012,165
ACCATAATCAGCCCATCCCG_013,69
ACCATAATCAGCCCATCCCG_014,150
ACCATAATCAGCCCATCCCG_015,28
ACCATAATCAGCCCATCCCG_016,6
CCAAGGGCTCTAGCACATAG_001,198
CCAAGGGCTCTAGCACATAG_002,50
TGGTCATCTTGAAGACACGG_001,134
TGGTCATCTTGAAGACACGG_002,41
TGGTCATCTTGAAGACACGG_003,132
TGGTCATCTTGAAGACACGG_004,58
TGGTCATCTTGAAGACACGG_005,68
TGGTCATCTTGAAGACACGG_006,157
TGGTCATCTTGAAGACACGG_007,67
TGGTCATCTTGAAGACACGG_008,82
TGGTCATCTTGAAGACACGG_009,168
TGGTCATCTTGAAGACACGG_010,19
TGGTCATCTTGAAGACACGG_011,127
TGGTCATCTTGAAGACACGG_012,57
TGGTCATCTTGAAGACACGG_013,157
TGGTCATCTTGAAGACACGG_014,91
TGTAAGTTGCTGCTAAAACC_001,44
TGTAAGTTGCTGCTAAAACC_002,68
TGTAAGTTGCTGCTAAAACC_003,127
AGTGAAGCGACTAGAAGACT_001,106
AGTGAAGCGACTAGAAGACT_002,112
ATGATGGCCCGCATCCGGGT_001,17
ATGATGGCCCGCATCCGGGT_002,48
ATGATGGCCCGCATCCGGGT_003,127
ATGATGGCCCGCATCCGGGT_004,82
ATGATGGCCCGCATCCGGGT_005,145
ATGATGGCCCGCATCCGGGT_006,88
ATGATGGCCCGCATCCGGGT_007,119
ATGATGGCCCGCATCCGGGT_008,170
ATGATGGCCCGCATCCGGGT_009,150
ATGATGGCCCGCATCCGGGT_010,61
TTACCCACCTTGTTTCAATG_001,48
TTACCCACCTTGTTTCAATG_002,144
TTACCCACCTTGTTTCAATG_003,103
TTACCCACCTTGTTTCAATG_004,105
TTACCCACCTTGTTTCAATG_005,105
TTACCCACCTTGTTTCAATG_006,75
TTACCCACCTTGTTTCAATG_007,0
TTACCCACCTTGTTTCAATG_008,2
CTGATGGATGCACCAGCTCG_001,188
CTGATGGATGCACCAGCTCG_002,50
CTGATGGATGCACCAGCTCG_003,31
CTGATGGATGCACCAGCTCG_004,48
CTGATGGATGCACCAGCTCG_005,106
CTGATGGATGCACCAGCTCG_006,63
CTGATGGATGCACCAGCTCG_007,19
CTGATGGATGCACCAGCTCG_008,172
CAGAAACTGGCGAGCCACGA_001,191
CAGAAACTGGCGAGCCACGA_002,120
CAGAAACTGGCGAGCCACGA_003,188
CAGAAACTGGCGAGCCACGA_004,42
CAGAAACTGGCGAGCCACGA_005,127
CAGAAACTGGCGAGCCACGA_006,63
CAGAAACTGGCGAGCCACGA_007,175
AAAGCTTTAATGCTAGCGAA_001,4
AAAGCTTTAATGCTAGCGAA_002,102
AAAGCTTTAATGCTAGCGAA_003,185
AAAGCTTTAATGCTAGCGAA_004,14
AAAGCTTTAATGCTAGCGAA_005,70
AAAGCTTTAATGCTAGCGAA_006,44
CCTACCGTGTGACCGAGACA_001,176
CCTACCGTGTGACCGAGACA_002,193
CCTACCGTGTGACCGAGACA_003,119
CCTACCGTGTGACCGAGACA_004,56
CCTACCGTGTGACCGAGACA_005,146
CCTACCGTGTGACCGAGACA_006,57
CCTACCGTGTGACCGAGACA_007,64
AAGGAACCTGCGGTCCTCAT_001,168
AAGGAACCTGCGGTCCTCAT_002,130
AAGGAACCTGCGGTCCTCAT_003,27
AAGGAACCTGCGGTCCTCAT_004,85
AAGGAACCTGCGGTCCTCAT_005,20
AAGGAACCTGCGGTCCTCAT_006,74
AAGGAACCTGCGGTCCTCAT_007,69
AAGGAACCTGCGGTCCTCAT_008,36
AAGGAACCTGCGGTCCTCAT_009,83
AAGGAACCTGCGGTCCTCAT_010,160
AAGGAACCTGCGGTCCTCAT_011,162
AAGGAACCTGCGGTCCTCAT_012,190
AAGGAACCTGCGGTCCTCAT_013,88
AAGGAACCTGCGGTCCTCAT_014,105
AAGGAACCTGCGGTCCTCAT_015,198
AAGGAACCTGCGGTCCTCAT_016,98
AAGGAACCTGCGGTCCTCAT_017,105
AAGGAACCTGCGGTCCTCAT_018,7
AAGGAACCTGCGGTCCTCAT_019,102
AAGGAACCTGCGGTCCTCAT_020,42
AAGGAACCTGCGGTCCTCAT_021,181
AAGGAACCTGCGGTCCTCAT_022,142
AAGGAACCTGCGGTCCTCAT_023,17
AAGGAACCTGCGGTCCTCAT_024,3
AAGGAACCTGCGGTCCTCAT_025,172
AAGGAACCTGCGGTCCTCAT_026,17
AAGGAACCTGCGGTCCTCAT_027,105
AAGGAACCTGCGGTCCTCAT_028,1
AAGGAACCTGCGGTCCTCAT_029,147
CAGCAGCACCAGCACGCTGA_001,162
CAGCAGCACCAGCACGCTGA_002,113
CAGCAGCACCAGCACGCTGA_003,34
CAGCAGCACCAGCACGCTGA_004,184
CAGCAGCACCAGCACGCTGA_005,77
CAGCAGCACCAGCACGCTGA_006,178
CAGCAGCACCAGCACGCTGA_007,169
CAGCAGCACCAGCACGCTGA_008,184
CAGCAGCACCAGCACGCTGA_009,19
AAAGGGCAGTCCCCACTGCG_001,154
AAAGGGCAGTCCCCACTGCG_002,147
AAAGGGCAGTCCCCACTGCG_003,130
AAAGGGCAGTCCCCACTGCG_004,149
AAAGGGCAGTCCCCACTGCG_005,169
AAAGGGCAGTCCCCACTGCG_006,48
AAAGGGCAGTCCCCACTGCG_007,20
AAAGGGCAGTCCCCACTGCG_008,66
AAAGGGCAGTCCCCACTGCG_009,64
AAAGGGCAGTCCCCACTGCG_010,89
AAAGGGCAGTCCCCACTGCG_011,103
AAAGGGCAGTCCCCACTGCG_012,177
AAAGGGCAGTCCCCACTGCG_013,176
AAAGGGCAGTCCCCACTGCG_014,40
AAAGGGCAGTCCCCACTGCG_015,68
AAAGGGCAGTCCCCACTGCG_016,130
AAAGGGCAGTCCCCACTGCG_017,94
AAAGGGCAGTCCCCACTGCG_018,113
AAAGGGCAGTCCCCACTGCG_019,139
AAAGGGCAGTCCCCACTGCG_020,12
AAAGGGCAGTCCCCACTGCG_021,81
AAAGGGCAGTCCCCACTGCG_022,152
AAAGGGCAGTCCCCACTGCG_023,56
AAAGGGCAGTCCCCACTGCG_024,103
AGCTTTATTGCTAAGACACT_001,111
AGCTTTATTGCTAAGACACT_002,93
AGCTTTATTGCTAAGACACT_003,32
AGCTTTATTGCTAAGACACT_004,92
AGCTTTATTGCTAAGACACT_005,54
AGCTTTATTGCTAAGACACT_006,152
AGCTTTATTGCTAAGACACT_007,137
AGCTTTATTGCTAAGACACT_008,38
AGCTTTATTGCTAAGACACT_009,119
AGCTTTATTGCTAAGACACT_010,64
AGCTTTATTGCTAAGACACT_011,97
TACCAGAAGTCATATTATGG_001,94
TACCAGAAGTCATATTATGG_002,48
AACACCGATTCAGCTACCTA_001,137
AACACCGATTCAGCTACCTA_002,169
AACACCGATTCAGCTACCTA_003,49
AACACCGATTCAGCTACCTA_004,29
AACACCGATTCAGCTACCTA_005,183
AACACCGATTCAGCTACCTA_006,82
AACACCGATTCAGCTACCTA_007,158
AACACCGATTCAGCTACCTA_008,171
AACACCGATTCAGCTACCTA_009,155
AACACCGATTCAGCTACCTA_010,81
AACACCGATTCAGCTACCTA_011,16
AACACCGATTCAGCTACCTA_012,192
AACACCGATTCAGCTACCTA_013,177
AACACCGATTCAGCTACCTA_014,50
AACACCGATTCAGCTACCTA_015,137
AACACCGATTCAGCTACCTA_016,6
AACACCGATTCAGCTACCTA_017,152
AACACCGATTCAGCTACCTA_018,113
AACACCGATTCAGCTACCTA_019,126
AACACCGATTCAGCTACCTA_020,99
AACACCGATTCAGCTACCTA_021,56
AACACCGATTCAGCTACCTA_022,198
CTGACCGTAGACCTGCGCGT_001,186
CTGACCGTAGACCTGCGCGT_002,58
CTGACCGTAGACCTGCGCGT_003,184
CTGACCGTAGACCTGCGCGT_004,51
CTGACCGTAGACCTGCGCGT_005,60
CTGACCGTAGACCTGCGCGT_006,171
CTGACCGTAGACCTGCGCGT_007,69
CTGACCGTAGACCTGCGCGT_008,91
CTGACCGTAGACCTGCGCGT_009,158
CTGACCGTAGACCTGCGCGT_010,85
CTGACCGTAGACCTGCGCGT_011,199
CTGACCGTAGACCTGCGCGT_012,199
CTGACCGTAGACCTGCGCGT_013,19
CTGACCGTAGACCTGCGCGT_014,184
CTGACCGTAGACCTGCGCGT_015,145
CTGACCGTAGACCTGCGCGT_016,177
CTGACCGTAGACCTGCGCGT_017,88
CTGACCGTAGACCTGCGCGT_018,185
CTGACCGTAGACCTGCGCGT_019,18
CTGACCGTAGACCTGCGCGT_020,112
CTGACCGTAGACCTGCGCGT_021,11
CTGACCGTAGACCTGCGCGT_022,78
CTGACCGTAGACCTGCGCGT_023,105
CTGACCGTAGACCTGCGCGT_024,96
CTGACCGTAGACCTGCGCGT_025,60
CTGACCGTAGACCTGCGCGT_026,168
CTGACCGTAGACCTGCGCGT_027,190
CTGACCGTAGACCTGCGCGT_028,8
CTGACCGTAGACCTGCGCGT_029,98
CTGACCGTAGACCTGCGCGT_030,77
CTGACCGTAGACCTGCGCGT_031,188
CTGACCGTAGACCTGCGCGT_032,90
CTGACCGTAGACCTGCGCGT_033,113
CTGACCGTAGACCTGCGCGT_034,166
CTGACCGTAGACCTGCGCGT_035,144
CTGACCGTAGACCTGCGCGT_036,81
CTGACCGTAGACCTGCGCGT_037,150
CTGACCGTAGACCTGCGCGT_038,77
CTGACCGTAGACCTGCGCGT_039,63
AGAGCTTGCGGGTGTCATTG_001,194
AGAGCTTGCGGGTGTCATTG_002,144
AGAGCTTGCGGGTGTCATTG_003,1
AGAGCTTGCGGGTGTCATTG_004,76
AGAGCTTGCGGGTGTCATTG_005,177
AGAGCTTGCGGGTGTCATTG_006,58
AGAGCTTGCGGGTGTCATTG_007,58
AGAGCTTGCGGGTGTCATTG_008,181
AGAGCTTGCGGGTGTCATTG_009,84
AGAGCTTGCGGGTGTCATTG_010,33
AGAGCTTGCGGGTGTCATTG_011,105
AGAGCTTGCGGGTGTCATTG_012,70
AGAGCTTGCGGGTGTCATTG_013,109
AGAGCTTGCGGGTGTCATTG_014,171
AGAGCTTGCGGGTGTCATTG_015,81
AGAGCTTGCGGGTGTCATTG_016,142
AGAGCTTGCGGGTGTCATTG_017,147
AGAGCTTGCGGGTGTCATTG_018,84
AGAGCTTGCGGGTGTCATTG_019,77
AGAGCTTGCGGGTGTCATTG_020,56
AGAGCTTGCGGGTGTCATTG_021,188
CTCACCATTAAACCGATCGA_001,78
CTCACCATTAAACCGATCGA_002,4
CTCACCATTAAACCGATCGA_003,48
CTCACCATTAAACCGATCGA_004,33
CTCACCATTAAACCGATCGA_005,198
CTGTAGGTCAATAGGCACGA_001,19
CTGTAGGTCAATAGGCACGA_002,136
CTGTAGGTCAATAGGCACGA_003,137
AAGGAGTCAAAGGTAGGTCG_001,114
AAGGAGTCAAAGGTAGGTCG_002,154
AAGGAGTCAAAGGTAGGTCG_003,106
AAGGAGTCAAAGGTAGGTCG_004,130
AAGGAGTCAAAGGTAGGTCG_005,23
AAGGAGTCAAAGGTAGGTCG_006,160
AAGGAGTCAAAGGTAGGTCG_007,88
AAGGAGTCAAAGGTAGGTCG_008,11
AAGGAGTCAAAGGTAGGTCG_009,39
AAGGAGTCAAAGGTAGGTCG_010,1
AAGGAGTCAAAGGTAGGTCG_011,164
AAGGAGTCAAAGGTAGGTCG_012,164
AAGGAGTCAAAGGTAGGTCG_013,127
AAGGAGTCAAAGGTAGGTCG_014,25
TTGGAGTGATCGGCCCCCAG_001,41
TTGGAGTGATCGGCCCCCAG_002,59
TTGGAGTGATCGGCCCCCAG_003,160
TTGGAGTGATCGGCCCCCAG_004,113
TTGGAGTGATCGGCCCCCAG_005,8
TTGGAGTGATCGGCCCCCAG_006,4
TTGGAGTGATCGGCCCCCAG_007,58
GTTCCGCATGGCACTAAGCG_001,127
GTTCCGCATGGCACTAAGCG_002,188
GTTCCGCATGGCACTAAGCG_003,154
GTTCCGCATGGCACTAAGCG_004,81
GTTCCGCATGGCACTAAGCG_005,45
GTTCCGCATGGCACTAAGCG_006,134
GTTCCGCATGGCACTAAGCG_007,191
GTTCCGCATGGCACTAAGCG_008,15
GGGTGATCGACAAGAAACTT_001,39
GGGTGATCGACAAGAAACTT_002,188
GTGTAGTTATTAATGAAGTG_001,12
GTGTAGTTATTAATGAAGTG_002,154
GTGTAGTTATTAATGAAGTG_003,140
GTGTAGTTATTAATGAAGTG_004,150
AAAAGACCTGCTACTAGAGA_001,21
AAAAGACCTGCTACTAGAGA_002,21
AAAAGACCTGCTACTAGAGA_003,199
AAAAGACCTGCTACTAGAGA_004,80
AAAAGACCTGCTACTAGAGA_005,169
AAAAGACCTGCTACTAGAGA_006,125
AAAAGACCTGCTACTAGAGA_007,47
AAAAGACCTGCTACTAGAGA_008,18
AAAAGACCTGCTACTAGAGA_009,9
AAAAGACCTGCTACTAGAGA_010,144
AATACCGTCTACCAGTACGG_001,94
AATACCGTCTACCAGTACGG_002,97
AATACCGTCTACCAGTACGG_003,70
AATACCGTCTACCAGTACGG_004,73
AATACCGTCTACCAGTACGG_005,115
GGAATCAGACAACAGAGATG_001,165
GGAATCAGACAACAGAGATG_002,19
GGAATCAGACAACAGAGATG_003,56
GGAATCAGACAACAGAGATG_004,56
GGAATCAGACAACAGAGATG_005,9
GGAATCAGACAACAGAGATG_006,76
GGAATCAGACAACAGAGATG_007,190
GGAATCAGACAACAGAGATG_008,78
GGAATCAGACAACAGAGATG_009,34
GGAATCAGACAACAGAGATG_010,124
AGTGCTTGCGAAGCGTGTTG_001,158
AGTGCTTGCGAAGCGTGTTG_002,65
AGTGCTTGCGAAGCGTGTTG_003,62
AGTGCTTGCGAAGCGTGTTG_004,171
AGTGCTTGCGAAGCGTGTTG_005,94
AGTGCTTGCGAAGCGTGTTG_006,36
AGTGCTTGCGAAGCGTGTTG_007,123
AGTGCTTGCGAAGCGTGTTG_008,80
AGTGCTTGCGAAGCGTGTTG_009,80
AGTGCTTGCGAAGCGTGTTG_010,169
AGTGCTTGCGAAGCGTGTTG_011,10
AGTGCTTGCGAAGCGTGTTG_012,127
AGTGCTTGCGAAGCGTGTTG_013,99
AGTGCTTGCGAAGCGTGTTG_014,169
AGTGCTTGCGAAGCGTGTTG_015,58
AGTGCTTGCGAAGCGTGTTG_016,177
AGTGCTTGCGAAGCGTGTTG_017,159
AGTGCTTGCGAAGCGTGTTG_018,183
AGTGCTTGCGAAGCGTGTTG_019,194
AGTGCTTGCGAAGCGTGTTG_020,95
AGTGCTTGCGAAGCGTGTTG_021,169
AGTGCTTGCGAAGCGTGTTG_022,196
AGTGCTTGCGAAGCGTGTTG_023,74
AGTGCTTGCGAAGCGTGTTG_024,121
AGTGCTTGCGAAGCGTGTTG_025,136
AGTGCTTGCGAAGCGTGTTG_026,132
AGTGCTTGCGAAGCGTGTTG_027,182
GTCCCGATACTGCGGGACGT_001,165
ACTCACCTAAATGCTTGTAA_001,70
ACTCACCTAAATGCTTGTAA_002,160
ACTCACCTAAATGCTTGTAA_003,172
ACTCACCTAAATGCTTGTAA_004,168
ACTCACCTAAATGCTTGTAA_005,81
ACTCACCTAAATGCTTGTAA_006,94
AAAGCATATTCATATCACAC_001,16
AAAGCATATTCATATCACAC_002,63
GTCTCCGGGCAAGCGCAGCA_001,172
GTCTCCGGGCAAGCGCAGCA_002,159
GTCTCCGGGCAAGCGCAGCA_003,110
GTCTCCGGGCAAGCGCAGCA_004,141
GTCTCCGGGCAAGCGCAGCA_005,30
GTCTCCGGGCAAGCGCAGCA_006,115
GTCTCCGGGCAAGCGCAGCA_007,132
GTCTCCGGGCAAGCGCAGCA_008,163
GTCTCCGGGCAAGCGCAGCA_009,29
GTCTCCGGGCAAGCGCAGCA_010,146
GTCTCCGGGCAAGCGCAGCA_011,191
GTCTCCGGGCAAGCGCAGCA_012,157
GTCTCCGGGCAAGCGCAGCA_013,81
GTCTCCGGGCAAGCGCAGCA_014,48
GTCTCCGGGCAAGCGCAGCA_015,50
GTCTCCGGGCAAGCGCAGCA_016,144
GTCTCCGGGCAAGCGCAGCA_017,152
AGTGTCACAAGGAATGACGT_001,121
AGTGTCACAAGGAATGACGT_002,107
AGTGTCACAAGGAATGACGT_003,94
AGTGTCACAAGGAATGACGT_004,54
AGTGTCACAAGGAATGACGT_005,61
AGTGTCACAAGGAATGACGT_006,163
AGTGTCACAAGGAATGACGT_007,16
AGTGTCACAAGGAATGACGT_008,56
AGTGTCACAAGGAATGACGT_009,28
AGTGTCACAAGGAATGACGT_010,199
AGTGTCACAAGGAATGACGT_011,199
AGTGTCACAAGGAATGACGT_012,14
AGTGTCACAAGGAATGACGT_013,28
GTGGTGAATCAATGTCCAGG_001,186
GTGGTGAATCAATGTCCAGG_002,158
GTGGTGAATCAATGTCCAGG_003,104
GTGGTGAATCAATGTCCAGG_004,169
GTGGTGAATCAATGTCCAGG_005,77
TGAAATATGACATAGCCCTG_001,175
TGAAATATGACATAGCCCTG_002,181
TGAAATATGACATAGCCCTG_003,129
TGAAATATGACATAGCCCTG_004,158
TGAAATATGACATAGCCCTG_005,56
TGAAATATGACATAGCCCTG_006,76
TGAAATATGACATAGCCCTG_007,50
TGAAATATGACATAGCCCTG_008,134
TGAAATATGACATAGCCCTG_009,115
TGAAATATGACATAGCCCTG_010,169
TGAAATATGACATAGCCCTG_011,31
TGAAATATGACATAGCCCTG_012,127
TGAAATATGACATAGCCCTG_013,28
TAAAGAAAAATACAAGTGGG_001,8
TAAAGAAAAATACAAGTGGG_002,45
TAAAGAAAAATACAAGTGGG_003,48
TAAAGAAAAATACAAGTGGG_004,108
TAAAGAAAAATACAAGTGGG_005,165
AGAGTATAACGATGTTCTTG_001,149
AGAGTATAACGATGTTCTTG_002,135
CGTGGTGCTTCCCGACCCGG_001,177
CGTGGTGCTTCCCGACCCGG_002,118
CGTGGTGCTTCCCGACCCGG_003,116
CGTGGTGCTTCCCGACCCGG_004,58
CGTGGTGCTTCCCGACCCGG_005,92
CGTGGTGCTTCCCGACCCGG_006,162
CGTGGTGCTTCCCGACCCGG_007,58
CGTGGTGCTTCCCGACCCGG_008,143
CGTGGTGCTTCCCGACCCGG_009,33
CGTGGTGCTTCCCGACCCGG_010,136
CGTGGTGCTTCCCGACCCGG_011,2
CGTGGTGCTTCCCGACCCGG_012,111
CGTGGTGCTTCCCGACCCGG_013,180
CGTGGTGCTTCCCGACCCGG_014,138
CGTGGTGCTTCCCGACCCGG_015,20
CGTGGTGCTTCCCGACCCGG_016,198
CGTGGTGCTTCCCGACCCGG_017,62
CGTGGTGCTTCCCGACCCGG_018,22
CCTGCGCGTCTACAGCACGT_001,32
CCTGCGCGTCTACAGCACGT_002,159
CCTGCGCGTCTACAGCACGT_003,171
CCTGCGCGTCTACAGCACGT_004,19
CCTGCGCGTCTACAGCACGT_005,14
CCTGCGCGTCTACAGCACGT_006,197
CCTGCGCGTCTACAGCACGT_007,149
GGATTCGCTCATGTACTGTG_001,172
GGATTCGCTCATGTACTGTG_002,88
GGATTCGCTCATGTACTGTG_003,78
GGATTCGCTCATGTACTGTG_004,60
GGATTCGCTCATGTACTGTG_005,150
GGATTCGCTCATGTACTGTG_006,104
GGATTCGCTCATGTACTGTG_007,113
GGATTCGCTCATGTACTGTG_008,21
GGATTCGCTCATGTACTGTG_009,86
GGATTCGCTCATGTACTGTG_010,86
GGATTCGCTCATGTACTGTG_011,174
GGATTCGCTCATGTACTGTG_012,15
GGATTCGCTCATGTACTGTG_013,62
GGATTCGCTCATGTACTGTG_014,124
TCAGGGATTAATAAATCAGG_001,28
TCAGGGATTAATAAATCAGG_002,108
TCAGGGATTAATAAATCAGG_003,111
TCAGGGATTAATAAATCAGG_004,69
TCAGGGATTAATAAATCAGG_005,152
TCAGGGATTAATAAATCAGG_006,188
TCAGGGATTAATAAATCAGG_007,10
TGAATCGAATCAAATCCGCA_001,43
TGAATCGAATCAAATCCGCA_002,199
TGAATCGAATCAAATCCGCA_003,126
TGAATCGAATCAAATCCGCA_004,142
TGAATCGAATCAAATCCGCA_005,2
TGAATCGAATCAAATCCGCA_006,152
TGAATCGAATCAAATCCGCA_007,170
TGAATCGAATCAAATCCGCA_008,138
TGAATCGAATCAAATCCGCA_009,82
GTACATACAGACCATCACTT_001,199
GTACATACAGACCATCACTT_002,134
GTACATACAGACCATCACTT_003,147
GTACATACAGACCATCACTT_004,57
GTACATACAGACCATCACTT_005,1
GTACATACAGACCATCACTT_006,145
GTACATACAGACCATCACTT_007,0
GTACATACAGACCATCACTT_008,153
GTACATACAGACCATCACTT_009,191
CCAGGGTGCGCTTGAACCAG_001,121
CCAGGGTGCGCTTGAACCAG_002,110
CCTCTGTGTTGACACTAGTA_001,69
CCTCTGTGTTGACACTAGTA_002,62
TGTTTGGATAGGGGTACACG_001,158
TGTTTGGATAGGGGTACACG_002,144
TGTTTGGATAGGGGTACACG_003,38
TGTTTGGATAGGGGTACACG_004,12
TGTTTGGATAGGGGTACACG_005,136
TGTTTGGATAGGGGTACACG_006,23
CTGGCAATAATAGGGATTGG_001,92
AGGCTTCCTATCCAGTCGGG_001,101
AGGCTTCCTATCCAGTCGGG_002,127
AGGCTTCCTATCCAGTCGGG_003,22
AGGCTTCCTATCCAGTCGGG_004,191
AGGCTTCCTATCCAGTCGGG_005,141
AGGCTTCCTATCCAGTCGGG_006,105
AGGCTTCCTATCCAGTCGGG_007,31
AGGCTTCCTATCCAGTCGGG_008,146
AGGCTTCCTATCCAGTCGGG_009,106
AGGCTTCCTATCCAGTCGGG_010,152
AGGCTTCCTATCCAGTCGGG_011,142
AGGCTTCCTATCCAGTCGGG_012,166
AGGCTTCCTATCCAGTCGGG_013,36
AGGCTTCCTATCCAGTCGGG_014,138
AGGCTTCCTATCCAGTCGGG_015,108
CGTCACAATCCAAGACCATG_001,85
TACAACAGTGACAGTCCCAT_001,125
TACAACAGTGACAGTCCCAT_002,197
TACAACAGTGACAGTCCCAT_003,143
TACAACAGTGACAGTCCCAT_004,3
TACAACAGTGACAGTCCCAT_005,137
TACAACAGTGACAGTCCCAT_006,118
TACAACAGTGACAGTCCCAT_007,172
GATGGTCTGGGAGAAATGTG_001,197
GATGGTCTGGGAGAAATGTG_002,120
GATGGTCTGGGAGAAATGTG_003,38
GATGGTCTGGGAGAAATGTG_004,149
TAGCAACCTCCGGCAGATCG_001,94
TAGCAACCTCCGGCAGATCG_002,48
TAGCAACCTCCGGCAGATCG_003,169
TAGCAACCTCCGGCAGATCG_004,42
TAGCAACCTCCGGCAGATCG_005,107
TAGCAACCTCCGGCAGATCG_006,94
CCAACAAGGGGTGCCAACAA_001,17
CCAACAAGGGGTGCCAACAA_002,78
CCAACAAGGGGTGCCAACAA_003,48
CCAACAAGGGGTGCCAACAA_004,19
CCAACAAGGGGTGCCAACAA_005,61
CCAACAAGGGGTGCCAACAA_006,2
CCAACAAGGGGTGCCAACAA_007,116
CCAACAAGGGGTGCCAACAA_008,67
TTCCGGGTATACCATACAGA_001,76
CATCTTACCTAATATCTGAG_001,169
CCAGCCCTCCCAGGTCGTAG_001,6
CCAGCCCTCCCAGGTCGTAG_002,23
CCAGCCCTCCCAGGTCGTAG_003,23
CCAGCCCTCCCAGGTCGTAG_004,78
CCAGCCCTCCCAGGTCGTAG_005,102
CCAGCCCTCCCAGGTCGTAG_006,154
CCAGCCCTCCCAGGTCGTAG_007,107
CCAGCCCTCCCAGGTCGTAG_008,51
CCAGCCCTCCCAGGTCGTAG_009,137
CCAGCCCTCCCAGGTCGTAG_010,13
CCAGCCCTCCCAGGTCGTAG_011,182
CCAGCCCTCCCAGGTCGTAG_012,146
CCAGCCCTCCCAGGTCGTAG_013,141
CCAGCCCTCCCAGGTCGTAG_014,191
CCAGCCCTCCCAGGTCGTAG_015,77
CCAGCCCTCCCAGGTCGTAG_016,145
CCAGCCCTCCCAGGTCGTAG_017,51
CCAGCCCTCCCAGGTCGTAG_018,1
CCAGCCCTCCCAGGTCGTAG_019,61
CCAGCCCTCCCAGGTCGTAG_020,190
CCAGCCCTCCCAGGTCGTAG_021,149
CCAGCCCTCCCAGGTCGTAG_022,36
CCAGCCCTCCCAGGTCGTAG_023,197
CCAGCCCTCCCAGGTCGTAG_024,145
CCAGCCCTCCCAGGTCGTAG_025,63
CCAGCCCTCCCAGGTCGTAG_026,19
CCACCACAATGGCGCAACAG_001,22
CCACCACAATGGCGCAACAG_002,16
CCACCACAATGGCGCAACAG_003,144
CCACCACAATGGCGCAACAG_004,33
CCACCACAATGGCGCAACAG_005,191
CCACCACAATGGCGCAACAG_006,37
CCACCACAATGGCGCAACAG_007,15
TATAGTTGCTTTATCATGAG_001,102
TATAGTTGCTTTATCATGAG_002,28
TATAGTTGCTTTATCATGAG_003,175
TATAGTTGCTTTATCATGAG_004,175
AGAAGCGCAGAGGCTCGTAG_001,6
AGAAGCGCAGAGGCTCGTAG_002,43
AGAAGCGCAGAGGCTCGTAG_003,54
AGAAGCGCAGAGGCTCGTAG_004,55
AGAAGCGCAGAGGCTCGTAG_005,116
AGAAGCGCAGAGGCTCGTAG_006,159
AGAAGCGCAGAGGCTCGTAG_007,108
AGAAGCGCAGAGGCTCGTAG_008,184
AGAAGCGCAGAGGCTCGTAG_009,116
GCAGCATCACTATTTCCGTG_001,199
GCAGCATCACTATTTCCGTG_002,41
GCAGCATCACTATTTCCGTG_003,35
GCAGTTCGATAGGCAGACCG_001,46
GCAGTTCGATAGGCAGACCG_002,170
GGCAGATGGTATATGCCGGG_001,190
AACAATTTGCAGCGACACTG_001,105
AACAATTTGCAGCGACACTG_002,198
AACAATTTGCAGCGACACTG_003,162
AACAATTTGCAGCGACACTG_004,173
AACAATTTGCAGCGACACTG_005,169
AACAATTTGCAGCGACACTG_006,154
AACAATTTGCAGCGACACTG_007,176
AACAATTTGCAGCGACACTG_008,29
AACAATTTGCAGCGACACTG_009,8
AACAATTTGCAGCGACACTG_010,145
AACAATTTGCAGCGACACTG_011,83
AACAATTTGCAGCGACACTG_012,85
AACAATTTGCAGCGACACTG_013,158
AACAATTTGCAGCGACACTG_014,139
AACAATTTGCAGCGACACTG_015,32
AACAATTTGCAGCGACACTG_016,190
GAACTCCTTATTAATCATCA_001,21
GAACTCCTTATTAATCATCA_002,143
GAACTCCTTATTAATCATCA_003,75
GAACTCCTTATTAATCATCA_004,12
GAACTCCTTATTAATCATCA_005,168
GAACTCCTTATTAATCATCA_006,52
CATTGTAGTCAAAATGCTTG_001,75
CATTGTAGTCAAAATGCTTG_002,17
CATTGTAGTCAAAATGCTTG_003,129
AGGTGGAAAAGGTTTGGGTA_001,105
AGGTGGAAAAGGTTTGGGTA_002,190
AGGTGGAAAAGGTTTGGGTA_003,137
AGGTGGAAAAGGTTTGGGTA_004,170
AGGTGGAAAAGGTTTGGGTA_005,106
AGGTGGAAAAGGTTTGGGTA_006,197
AGGTGGAAAAGGTTTGGGTA_007,174
AGGTGGAAAAGGTTTGGGTA_008,103
AGGTGGAAAAGGTTTGGGTA_009,22
AGGTGGAAAAGGTTTGGGTA_010,11
AGGTGGAAAAGGTTTGGGTA_011,77
AGGTGGAAAAGGTTTGGGTA_012,198
AGGTGGAAAAGGTTTGGGTA_013,42
AGCTAGGTCATACTCTCCAG_001,59
AGCTAGGTCATACTCTCCAG_002,60
AGCTAGGTCATACTCTCCAG_003,10
AGCTAGGTCATACTCTCCAG_004,99
AGCTAGGTCATACTCTCCAG_005,10
AGCTAGGTCATACTCTCCAG_006,136
AGCTAGGTCATACTCTCCAG_007,127
GGTGAGCATCAATGACTACC_001,16
GGTGAGCATCAATGACTACC_002,62
GGTGAGCATCAATGACTACC_003,126
GGTGAGCATCAATGACTACC_004,28
GGTGAGCATCAATGACTACC_005,94
GGTGAGCATCAATGACTACC_006,152
GGTGAGCATCAATGACTACC_007,166
GGTGAGCATCAATGACTACC_008,70
GGTGAGCATCAATGACTACC_009,175
TCAGACCTTTAGTCTGAACC_001,177
TCAGACCTTTAGTCTGAACC_002,97
TCAGACCTTTAGTCTGAACC_003,48
TCAGACCTTTAGTCTGAACC_004,140
TCAGACCTTTAGTCTGAACC_005,69
TACTTACCAATATACCAGAG_001,29
ATGAGATCAATGACAGAGTG_001,23
ATGAGATCAATGACAGAGTG_002,70
ATGAGATCAATGACAGAGTG_003,193
ATGAGATCAATGACAGAGTG_004,82
CTGTCACACAGATGACCACG_001,174
CTGTCACACAGATGACCACG_002,62
CTGTCACACAGATGACCACG_003,166
GTGCAGAGCCAGCTCAACAT_001,168
GTGCAGAGCCAGCTCAACAT_002,24
GTGCAGAGCCAGCTCAACAT_003,105
GTGCAGAGCCAGCTCAACAT_004,157
GTGCAGAGCCAGCTCAACAT_005,84
GTGCAGAGCCAGCTCAACAT_006,50
GTGCAGAGCCAGCTCAACAT_007,122
GTGCAGAGCCAGCTCAACAT_008,160
GTGCAGAGCCAGCTCAACAT_009,31
GTGCAGAGCCAGCTCAACAT_010,88
GTGCAGAGCCAGCTCAACAT_011,23
GTGCAGAGCCAGCTCAACAT_012,121
GTGCAGAGCCAGCTCAACAT_013,13
GTGCAGAGCCAGCTCAACAT_014,50
GTGCAGAGCCAGCTCAACAT_015,144
GTGCAGAGCCAGCTCAACAT_016,119
GTGCAGAGCCAGCTCAACAT_017,59
GTGCAGAGCCAGCTCAACAT_018,63
GTGCAGAGCCAGCTCAACAT_019,145
GTGCAGAGCCAGCTCAACAT_020,138
GTGCAGAGCCAGCTCAACAT_021,15
AAAACTGAAAACTATCTGGG_001,101
AAAACTGAAAACTATCTGGG_002,149
AAAACTGAAAACTATCTGGG_003,0
AAAACTGAAAACTATCTGGG_004,22
TTGTATGAATGACCACACGA_001,57
TTGTATGAATGACCACACGA_002,183
TTGTATGAATGACCACACGA_003,15
TTGTATGAATGACCACACGA_004,47
TTGTATGAATGACCACACGA_005,141
ACCATACCCCAAGCACCCAA_001,78
ACCATACCCCAAGCACCCAA_002,12
ACCATACCCCAAGCACCCAA_003,0
ACCATACCCCAAGCACCCAA_004,156
ACCATACCCCAAGCACCCAA_005,169
ACCATACCCCAAGCACCCAA_006,29
ACCATACCCCAAGCACCCAA_007,158
ACCATACCCCAAGCACCCAA_008,117
ACCATACCCCAAGCACCCAA_009,115
ACCATACCCCAAGCACCCAA_010,137
ACCATACCCCAAGCACCCAA_011,170
ACCATACCCCAAGCACCCAA_012,49
ACCATACCCCAAGCACCCAA_013,5
ACCATACCCCAAGCACCCAA_014,35
ACCATACCCCAAGCACCCAA_015,29
ACCATACCCCAAGCACCCAA_016,176
ACCATACCCCAAGCACCCAA_017,96
ACCATACCCCAAGCACCCAA_018,137
ACCATACCCCAAGCACCCAA_019,137
ACCATACCCCAAGCACCCAA_020,8
ACCATACCCCAAGCACCCAA_021,77
ACCATACCCCAAGCACCCAA_022,61
ACCATACCCCAAGCACCCAA_023,183
ACCATACCCCAAGCACCCAA_024,31
ACCATACCCCAAGCACCCAA_025,67
ACCATACCCCAAGCACCCAA_026,8
ACCATACCCCAAGCACCCAA_027,43
ACCATACCCCAAGCACCCAA_028,81
ACCATACCCCAAGCACCCAA_029,177
ACCATACCCCAAGCACCCAA_030,5
ACCATACCCCAAGCACCCAA_031,63
ACCATACCCCAAGCACCCAA_032,160
ACCATACCCCAAGCACCCAA_033,81
AGGAAAGTGGTCTTAGCCTG_001,188
AGGAAAGTGGTCTTAGCCTG_002,64
AGGAAAGTGGTCTTAGCCTG_003,1
AGGAAAGTGGTCTTAGCCTG_004,34
AGGAAAGTGGTCTTAGCCTG_005,79
AGGAAAGTGGTCTTAGCCTG_006,177
AGGAAAGTGGTCTTAGCCTG_007,102
AGGAAAGTGGTCTTAGCCTG_008,65
AGGAAAGTGGTCTTAGCCTG_009,58
AGGAAAGTGGTCTTAGCCTG_010,170
AGAGCGTCCAAGTCTGCCAT_001,5
AGAGCGTCCAAGTCTGCCAT_002,129
AGAGCGTCCAAGTCTGCCAT_003,13
AGAGCGTCCAAGTCTGCCAT_004,108
AGAGCGTCCAAGTCTGCCAT_005,170
AGAGCGTCCAAGTCTGCCAT_006,78
AGAGCGTCCAAGTCTGCCAT_007,84
AGAGCGTCCAAGTCTGCCAT_008,169
AGAGCGTCCAAGTCTGCCAT_009,16
AGAGCGTCCAAGTCTGCCAT_010,116
AGAGCGTCCAAGTCTGCCAT_011,197
AGAGCGTCCAAGTCTGCCAT_012,55
AGAGCGTCCAAGTCTGCCAT_013,88
AGAGCGTCCAAGTCTGCCAT_014,65
AGAGCGTCCAAGTCTGCCAT_015,49
AGAGCGTCCAAGTCTGCCAT_016,127
AGAGCGTCCAAGTCTGCCAT_017,198
AGAGCGTCCAAGTCTGCCAT_018,48
AGAGCGTCCAAGTCTGCCAT_019,130
AGAGCGTCCAAGTCTGCCAT_020,9
AGAGCGTCCAAGTCTGCCAT_021,6
AGAGCGTCCAAGTCTGCCAT_022,80
AGAGCGTCCAAGTCTGCCAT_023,157
AGAGCGTCCAAGTCTGCCAT_024,49
AGAGCGTCCAAGTCTGCCAT_025,34
AGAGCGTCCAAGTCTGCCAT_026,175
AGAGCGTCCAAGTCTGCCAT_027,24
AGAGCGTCCAAGTCTGCCAT_028,168
AGAGCGTCCAAGTCTGCCAT_029,15
AGAGCGTCCAAGTCTGCCAT_030,172
AGAGCGTCCAAGTCTGCCAT_031,12
AGAGCGTCCAAGTCTGCCAT_032,19
AGAGCGTCCAAGTCTGCCAT_033,46
AGAGCGTCCAAGTCTGCCAT_034,118
AGAGCGTCCAAGTCTGCCAT_035,7
AGAGCGTCCAAGTCTGCCAT_036,68
AGAGCGTCCAAGTCTGCCAT_037,61
AGAGCGTCCAAGTCTGCCAT_038,1
AGAGCGTCCAAGTCTGCCAT_039,119
AGAGCGTCCAAGTCTGCCAT_040,56
AGAGCGTCCAAGTCTGCCAT_041,96
AGAGCGTCCAAGTCTGCCAT_042,28
AGAGCGTCCAAGTCTGCCAT_043,2
AGAGCGTCCAAGTCTGCCAT_044,3
AGAGCGTCCAAGTCTGCCAT_045,46
AGAGCGTCCAAGTCTGCCAT_046,184
AGAGCGTCCAAGTCTGCCAT_047,40
AGAGCGTCCAAGTCTGCCAT_048,138
AGAGCGTCCAAGTCTGCCAT_049,80
CCTTCTAGCTCAGGAAAATG_001,14
CCTTCTAGCTCAGGAAAATG_002,188
CCTTCTAGCTCAGGAAAATG_003,40
CCTTCTAGCTCAGGAAAATG_004,191
TATCTGACGGAAGACAACCC_001,192
CATGTATCTTCATGAATTGG_001,1
CATGTATCTTCATGAATTGG_002,43
GAGAGACACCTTCTGAGCAT_001,110
GAGAGACACCTTCTGAGCAT_002,94
GAGAGACACCTTCTGAGCAT_003,140
GAGCTTCACAGTAGGCCAGG_001,33
GAGCTTCACAGTAGGCCAGG_002,29
GAGCTTCACAGTAGGCCAGG_003,170
GAGCTTCACAGTAGGCCAGG_004,121
GAGCTTCACAGTAGGCCAGG_005,19
GAGCTTCACAGTAGGCCAGG_006,130
GAGCTTCACAGTAGGCCAGG_007,149
GAGCTTCACAGTAGGCCAGG_008,72
GAGCTTCACAGTAGGCCAGG_009,177
GAGCTTCACAGTAGGCCAGG_010,114
GAGCTTCACAGTAGGCCAGG_011,186
TGAGCGCGCCGCTCTCGCAG_001,12
TGAGCGCGCCGCTCTCGCAG_002,103
TGAGCGCGCCGCTCTCGCAG_003,76
TGAGCGCGCCGCTCTCGCAG_004,70
TGAGCGCGCCGCTCTCGCAG_005,114
CCAGAAGACTTTCCGCGTGG_001,11
CCAGAAGACTTTCCGCGTGG_002,199
CCAGAAGACTTTCCGCGTGG_003,76
CCAGAAGACTTTCCGCGTGG_004,38
CCAGAAGACTTTCCGCGTGG_005,10
CCAGAAGACTTTCCGCGTGG_006,55
CCAGAAGACTTTCCGCGTGG_007,167
CCAGAAGACTTTCCGCGTGG_008,197
CCAAAGGCTACTTAGCTCTG_001,172
CCAAAGGCTACTTAGCTCTG_002,43
CCAAAGGCTACTTAGCTCTG_003,88
CCAAAGGCTACTTAGCTCTG_004,32
CCAAAGGCTACTTAGCTCTG_005,145
CCAAAGGCTACTTAGCTCTG_006,194
CCAAAGGCTACTTAGCTCTG_007,83
CCAAAGGCTACTTAGCTCTG_008,71
CCAAAGGCTACTTAGCTCTG_009,190
CCAAAGGCTACTTAGCTCTG_010,118
CCTCGCGCACAAAGGCGTCG_001,56
CCTCGCGCACAAAGGCGTCG_002,105
CCTCGCGCACAAAGGCGTCG_003,178
CCTCGCGCACAAAGGCGTCG_004,60
CCTCGCGCACAAAGGCGTCG_005,157
CCTCGCGCACAAAGGCGTCG_006,43
CCTCGCGCACAAAGGCGTCG_007,151
CCTCGCGCACAAAGGCGTCG_008,122
CCTCGCGCACAAAGGCGTCG_009,178
CCTCGCGCACAAAGGCGTCG_010,27
CCTCGCGCACAAAGGCGTCG_011,184
CCTCGCGCACAAAGGCGTCG_012,56
ATTTGAGACTCAGTCACTCA_001,198
ATTTGAGACTCAGTCACTCA_002,72
ATTTGAGACTCAGTCACTCA_003,8
ATTTGAGACTCAGTCACTCA_004,33
ATTTGAGACTCAGTCACTCA_005,27
ATTTGAGACTCAGTCACTCA_006,79
GAACCGACTTGAGTCCGCGG_001,9
GAACCGACTTGAGTCCGCGG_002,68
GAACCGACTTGAGTCCGCGG_003,119
GAACCGACTTGAGTCCGCGG_004,50
GAACCGACTTGAGTCCGCGG_005,149
GAACCGACTTGAGTCCGCGG_006,185
GGACCAGGTAATCACGCACG_001,22
GGACCAGGTAATCACGCACG_002,109
GGACCAGGTAATCACGCACG_003,29
GGACCAGGTAATCACGCACG_004,70
TTGGGTGTTTGAATCTAGAA_001,129
CCAACGGGACTGAACCACAT_001,35
CCAACGGGACTGAACCACAT_002,181
CCAACGGGACTGAACCACAT_003,188
CCAACGGGACTGAACCACAT_004,160
CCAACGGGACTGAACCACAT_005,76
CCAACGGGACTGAACCACAT_006,11
CCAACGGGACTGAACCACAT_007,82
CCAACGGGACTGAACCACAT_008,188
CCAACGGGACTGAACCACAT_009,190
CCAACGGGACTGAACCACAT_010,145
TATTTCTGAATGCTACATGC_001,17
TGCCATAGCCAGTAACATCT_001,80
TGCCATAGCCAGTAACATCT_002,3
TGCCATAGCCAGTAACATCT_003,172
TGCCATAGCCAGTAACATCT_004,62
TGCCATAGCCAGTAACATCT_005,135
TGCCATAGCCAGTAACATCT_006,128
TGCCATAGCCAGTAACATCT_007,149
TGCCATAGCCAGTAACATCT_008,19
TGCCATAGCCAGTAACATCT_009,44
TGCCATAGCCAGTAACATCT_010,169
TGCCATAGCCAGTAACATCT_011,162
TGCCATAGCCAGTAACATCT_012,162
TGCCATAGCCAGTAACATCT_013,138
TGCCATAGCCAGTAACATCT_014,16
TGCCATAGCCAGTAACATCT_015,105
TGCCATAGCCAGTAACATCT_016,107
TGCCATAGCCAGTAACATCT_017,83
TGCCATAGCCAGTAACATCT_018,166
TGCCATAGCCAGTAACATCT_019,105
GTCCTTGCTGTTGCACACGA_001,184
GTCCTTGCTGTTGCACACGA_002,146
GTCCTTGCTGTTGCACACGA_003,140
GTCCTTGCTGTTGCACACGA_004,147
GTCCTTGCTGTTGCACACGA_005,5
GTCCTTGCTGTTGCACACGA_006,29
GTCCTTGCTGTTGCACACGA_007,133
GTCCTTGCTGTTGCACACGA_008,198
GTCCTTGCTGTTGCACACGA_009,105
GTCCTTGCTGTTGCACACGA_010,188
GTCCTTGCTGTTGCACACGA_011,27
GTCCTTGCTGTTGCACACGA_012,181
GTCCTTGCTGTTGCACACGA_013,144
GTCCTTGCTGTTGCACACGA_014,0
GTCCTTGCTGTTGCACACGA_015,78
GTCCTTGCTGTTGCACACGA_016,65
GTCCTTGCTGTTGCACACGA_017,168
GTCCTTGCTGTTGCACACGA_018,68
TATCCCGGTAGATACTGATG_001,105
TATCCCGGTAGATACTGATG_002,185
TATCCCGGTAGATACTGATG_003,17
TATCCCGGTAGATACTGATG_004,42
AGCAACACTAGGTTTAGGTG_001,48
AGCAACACTAGGTTTAGGTG_002,14
AGCAACACTAGGTTTAGGTG_003,149
AGCAACACTAGGTTTAGGTG_004,146
AGCAACACTAGGTTTAGGTG_005,115
AGCAACACTAGGTTTAGGTG_006,155
AGCAACACTAGGTTTAGGTG_007,6
AGCAACACTAGGTTTAGGTG_008,50
AGCAACACTAGGTTTAGGTG_009,182
AGCAACACTAGGTTTAGGTG_010,80
AGCAACACTAGGTTTAGGTG_011,6
AGCAATGCACCTCAACACAC_001,50
AGCAATGCACCTCAACACAC_002,51
AGCAATGCACCTCAACACAC_003,123
AGCAATGCACCTCAACACAC_004,92
AGCAATGCACCTCAACACAC_005,63
AGCAATGCACCTCAACACAC_006,4
AGCAATGCACCTCAACACAC_007,126
AGCAATGCACCTCAACACAC_008,184
AGCAATGCACCTCAACACAC_009,46
AGCAATGCACCTCAACACAC_010,56
TGGTAGGCGGCACAGACACT_001,15
TGGTAGGCGGCACAGACACT_002,175
TGGTAGGCGGCACAGACACT_003,73
TGGTAGGCGGCACAGACACT_004,149
TGGTAGGCGGCACAGACACT_005,188
TGGTAGGCGGCACAGACACT_006,8
TGGTAGGCGGCACAGACACT_007,83
TGGTAGGCGGCACAGACACT_008,7
TGGTAGGCGGCACAGACACT_009,148
TGGTAGGCGGCACAGACACT_010,135
TGGTAGGCGGCACAGACACT_011,27
TGGTAGGCGGCACAGACACT_012,80
TGGTAGGCGGCACAGACACT_013,56
TGGTAGGCGGCACAGACACT_014,159
TGGTAGGCGGCACAGACACT_015,166
TGGTAGGCGGCACAGACACT_016,48
TGGTAGGCGGCACAGACACT_017,138
TGGTAGGCGGCACAGACACT_018,46
TGGTAGGCGGCACAGACACT_019,64
TGGTAGGCGGCACAGACACT_020,2
TGCGTTTACAAACTGACCAT_001,94
TGCGTTTACAAACTGACCAT_002,65
TGCGTTTACAAACTGACCAT_003,61
TGCGTTTACAAACTGACCAT_004,170
TGCGTTTACAAACTGACCAT_005,33
TGCGTTTACAAACTGACCAT_006,48
TGCGTTTACAAACTGACCAT_007,82
TGCGTTTACAAACTGACCAT_008,166
TGCGTTTACAAACTGACCAT_009,168
TGCGTTTACAAACTGACCAT_010,121
CTCTGGACACCTACGGACGG_001,94
CTCTGGACACCTACGGACGG_002,57
CTCTGGACACCTACGGACGG_003,50
CTCTGGACACCTACGGACGG_004,41
CTCTGGACACCTACGGACGG_005,171
CTCTGGACACCTACGGACGG_006,148
CTCTGGACACCTACGGACGG_007,72
CTCTGGACACCTACGGACGG_008,155
CTCTGGACACCTACGGACGG_009,173
CTCTGGACACCTACGGACGG_010,94
CTCTGGACACCTACGGACGG_011,47
CTCTGGACACCTACGGACGG_012,57
CTCTGGACACCTACGGACGG_013,138
CTCTGGACACCTACGGACGG_014,131
CTCTGGACACCTACGGACGG_015,10
CTCTGGACACCTACGGACGG_016,48
CTCTGGACACCTACGGACGG_017,49
CTCTGGACACCTACGGACGG_018,24
CTCTGGACACCTACGGACGG_019,81
GTAGTCGCGACCAGCCCTCG_001,148
GTAGTCGCGACCAGCCCTCG_002,37
GTAGTCGCGACCAGCCCTCG_003,188
GTAGTCGCGACCAGCCCTCG_004,105
GTAGTCGCGACCAGCCCTCG_005,170
GTAGTCGCGACCAGCCCTCG_006,182
GTAGTCGCGACCAGCCCTCG_007,191
GTAGTCGCGACCAGCCCTCG_008,13
GTAGTCGCGACCAGCCCTCG_009,13
GTAGTCGCGACCAGCCCTCG_010,2
GCTGTGGAGTAAGGAGGACG_001,166
GCTGTGGAGTAAGGAGGACG_002,87
GCTGTGGAGTAAGGAGGACG_003,4
GCTGTGGAGTAAGGAGGACG_004,55
GCTGTGGAGTAAGGAGGACG_005,68
GCGCGAGAGGGCTACCCTTG_001,161
GCGCGAGAGGGCTACCCTTG_002,8
GCGCGAGAGGGCTACCCTTG_003,17
GCGCGAGAGGGCTACCCTTG_004,62
GCGCGAGAGGGCTACCCTTG_005,169
GCGCGAGAGGGCTACCCTTG_006,38
GCGCGAGAGGGCTACCCTTG_007,105
GCGCGAGAGGGCTACCCTTG_008,48
GCGCGAGAGGGCTACCCTTG_009,41
GCGCGAGAGGGCTACCCTTG_010,2
GCGCGAGAGGGCTACCCTTG_011,178
GCGCGAGAGGGCTACCCTTG_012,174
GCGCGAGAGGGCTACCCTTG_013,67
GCGCGAGAGGGCTACCCTTG_014,74
GCGCGAGAGGGCTACCCTTG_015,125
GCGCGAGAGGGCTACCCTTG_016,40
GCGCGAGAGGGCTACCCTTG_017,171
GCGCGAGAGGGCTACCCTTG_018,12
GCGCGAGAGGGCTACCCTTG_019,149
GCGCGAGAGGGCTACCCTTG_020,170
GCGCGAGAGGGCTACCCTTG_021,196
GCGCGAGAGGGCTACCCTTG_022,196
GCGCGAGAGGGCTACCCTTG_023,2
GCGCGAGAGGGCTACCCTTG_024,41
GCGCGAGAGGGCTACCCTTG_025,19
GCGCGAGAGGGCTACCCTTG_026,136
GCGCGAGAGGGCTACCCTTG_027,57
GCGCGAGAGGGCTACCCTTG_028,174
GCGCGAGAGGGCTACCCTTG_029,77
GCGCGAGAGGGCTACCCTTG_030,51
GCGCGAGAGGGCTACCCTTG_031,102
GCGCGAGAGGGCTACCCTTG_032,172
GCGCGAGAGGGCTACCCTTG_033,153
GCGCGAGAGGGCTACCCTTG_034,180
GCGCGAGAGGGCTACCCTTG_035,15
GCGCGAGAGGGCTACCCTTG_036,114
GCGCGAGAGGGCTACCCTTG_037,16
GCGCGAGAGGGCTACCCTTG_038,160
GCGCGAGAGGGCTACCCTTG_039,84
CTCGATCTCGAAAAGTAGCA_001,17
CTCGATCTCGAAAAGTAGCA_002,169
CTCGATCTCGAAAAGTAGCA_003,105
TGCTGAATCATAGTGGTGTG_001,198
TGCTGAATCATAGTGGTGTG_002,117
TGTGAGCACTACACGGACGT_001,70
TGTGAGCACTACACGGACGT_002,176
TGTGAGCACTACACGGACGT_003,49
TGTGAGCACTACACGGACGT_004,2
TGTGAGCACTACACGGACGT_005,74
TGTGAGCACTACACGGACGT_006,155
TGTGAGCACTACACGGACGT_007,61
GGATCAGTTGGAACTGACGG_001,28
GGATCAGTTGGAACTGACGG_002,107
GGATCAGTTGGAACTGACGG_003,62
GGATCAGTTGGAACTGACGG_004,169
GGATCAGTTGGAACTGACGG_005,138
GGATCAGTTGGAACTGACGG_006,45
GGATCAGTTGGAACTGACGG_007,48
GGATCAGTTGGAACTGACGG_008,58
GGATCAGTTGGAACTGACGG_009,23
GGATCAGTTGGAACTGACGG_010,68
GGATCAGTTGGAACTGACGG_011,194
GGATCAGTTGGAACTGACGG_012,192
GGATCAGTTGGAACTGACGG_013,117
GGATCAGTTGGAACTGACGG_014,82
GGATCAGTTGGAACTGACGG_015,129
GGATCAGTTGGAACTGACGG_016,169
GGATCAGTTGGAACTGACGG_017,94
GGATCAGTTGGAACTGACGG_018,195
GGATCAGTTGGAACTGACGG_019,139
GGATCAGTTGGAACTGACGG_020,182
GGATCAGTTGGAACTGACGG_021,95
GGATCAGTTGGAACTGACGG_022,172
GGATCAGTTGGAACTGACGG_023,116
GGATCAGTTGGAACTGACGG_024,57
GGATCAGTTGGAACTGACGG_025,17
GGATCAGTTGGAACTGACGG_026,49
GGATCAGTTGGAACTGACGG_027,77
CGAGAAGGGATCTCCAGTTG_001,14
CGAGAAGGGATCTCCAGTTG_002,103
CGAGAAGGGATCTCCAGTTG_003,131
CGAGAAGGGATCTCCAGTTG_004,127
CGAGAAGGGATCTCCAGTTG_005,126
CGAGAAGGGATCTCCAGTTG_006,99
CGAGAAGGGATCTCCAGTTG_007,126
CTCCGTCCGAATCCTGCGCG_001,78
CTCCGTCCGAATCCTGCGCG_002,26
CTCCGTCCGAATCCTGCGCG_003,118
CTCCGTCCGAATCCTGCGCG_004,24
CTCCGTCCGAATCCTGCGCG_005,41
CTCCGTCCGAATCCTGCGCG_006,48
CTCCGTCCGAATCCTGCGCG_007,0
CTCCGTCCGAATCCTGCGCG_008,172
CTCCGTCCGAATCCTGCGCG_009,169
CTCCGTCCGAATCCTGCGCG_010,94
CTCCGTCCGAATCCTGCGCG_011,80
CTCCGTCCGAATCCTGCGCG_012,70
CTCCGTCCGAATCCTGCGCG_013,78
CTCCGTCCGAATCCTGCGCG_014,171
CTCCGTCCGAATCCTGCGCG_015,44
CTCCGTCCGAATCCTGCGCG_016,196
CTCCGTCCGAATCCTGCGCG_017,17
CTCCGTCCGAATCCTGCGCG_018,76
CTCCGTCCGAATCCTGCGCG_019,10
CTCCGTCCGAATCCTGCGCG_020,77
CTCCGTCCGAATCCTGCGCG_021,182
CTCCGTCCGAATCCTGCGCG_022,27
CTCCGTCCGAATCCTGCGCG_023,2
CCCGTGCCATCCGACCATGG_001,168
CCCGTGCCATCCGACCATGG_002,188
CCCGTGCCATCCGACCATGG_003,197
CCCGTGCCATCCGACCATGG_004,86
TGATATCTGGCTAAAAAGCG_001,56
TGATATCTGGCTAAAAAGCG_002,174
TGATATCTGGCTAAAAAGCG_003,151
TGATATCTGGCTAAAAAGCG_004,113
TGTCACCAATCCAAGCCAGA_001,176
TGTCACCAATCCAAGCCAGA_002,138
TGTCACCAATCCAAGCCAGA_003,61
TGTCACCAATCCAAGCCAGA_004,2
CTCCATCGATCGCTACATCG_001,46
CTCCATCGATCGCTACATCG_002,115
CTCCATCGATCGCTACATCG_003,117
CTCCATCGATCGCTACATCG_004,117
GACCCTGAACCTCTACGACA_001,73
GTGTACTCGGAAGTTTCGAG_001,35
GTGTACTCGGAAGTTTCGAG_002,150
GTGTACTCGGAAGTTTCGAG_003,141
GTGTACTCGGAAGTTTCGAG_004,188
GTGTACTCGGAAGTTTCGAG_005,127
GTGTACTCGGAAGTTTCGAG_006,52
GTGTACTCGGAAGTTTCGAG_007,104
GTGTACTCGGAAGTTTCGAG_008,102
GTGTACTCGGAAGTTTCGAG_009,196
GTGTACTCGGAAGTTTCGAG_010,80
AGCCACAGATACTATTAGGA_001,15
GTGTGGGCCACTATAACCAT_001,149
GTGTGGGCCACTATAACCAT_002,19
GTGTGGGCCACTATAACCAT_003,179
GTGTGGGCCACTATAACCAT_004,132
GTGTGGGCCACTATAACCAT_005,83
GTGTGGGCCACTATAACCAT_006,85
GTGTGGGCCACTATAACCAT_007,146
GTGTGGGCCACTATAACCAT_008,33
GTGTGGGCCACTATAACCAT_009,19
GTGTGGGCCACTATAACCAT_010,3
GTAGGCCAGTCGGCCGCGGT_001,44
GTAGGCCAGTCGGCCGCGGT_002,171
AAATGATGAAGTACAAACCA_001,194
AAATGATGAAGTACAAACCA_002,20
AAATGATGAAGTACAAACCA_003,188
AAATGATGAAGTACAAACCA_004,98
AAATGATGAAGTACAAACCA_005,107
AAGGTAACGATCAAGACCGA_001,35
AAGGTAACGATCAAGACCGA_002,56
AAGGTAACGATCAAGACCGA_003,68
AAGGTAACGATCAAGACCGA_004,25
GCAGAAACCTCTCAGCACCG_001,64
GCAGAAACCTCTCAGCACCG_002,192
GCAGAAACCTCTCAGCACCG_003,13
GCAGAAACCTCTCAGCACCG_004,145
GCAGAAACCTCTCAGCACCG_005,155
GCAGAAACCTCTCAGCACCG_006,5
GCAGAAACCTCTCAGCACCG_007,5
GCAGAAACCTCTCAGCACCG_008,152
GCAGAAACCTCTCAGCACCG_009,150
GCAGAAACCTCTCAGCACCG_010,81
GCAGAAACCTCTCAGCACCG_011,52
GCAGAAACCTCTCAGCACCG_012,149
GCAGAAACCTCTCAGCACCG_013,62
GCAGAAACCTCTCAGCACCG_014,26
GCAGAAACCTCTCAGCACCG_015,38
GCAGAAACCTCTCAGCACCG_016,182
GCAGAAACCTCTCAGCACCG_017,120
CAAGCCGGTAAGCGGCGACG_001,69
CAAGCCGGTAAGCGGCGACG_002,179
CAAGCCGGTAAGCGGCGACG_003,197
CAAGCCGGTAAGCGGCGACG_004,120
CAAGCCGGTAAGCGGCGACG_005,179
CAAGCCGGTAAGCGGCGACG_006,58
CAAGCCGGTAAGCGGCGACG_007,16
CAAGCCGGTAAGCGGCGACG_008,159
TGCCAAAGGAAGAACCTCAG_001,62
TGCCAAAGGAAGAACCTCAG_002,22
TGCCAAAGGAAGAACCTCAG_003,116
TGCCAAAGGAAGAACCTCAG_004,87
TGCCAAAGGAAGAACCTCAG_005,134
TGCCAAAGGAAGAACCTCAG_006,82
TGCCAAAGGAAGAACCTCAG_007,68
TGCCAAAGGAAGAACCTCAG_008,48
TGCCAAAGGAAGAACCTCAG_009,58
TGCCAAAGGAAGAACCTCAG_010,60
TGCCAAAGGAAGAACCTCAG_011,29
TGCCAAAGGAAGAACCTCAG_012,47
TGCCAAAGGAAGAACCTCAG_013,138
TGCCAAAGGAAGAACCTCAG_014,49
TGCCAAAGGAAGAACCTCAG_015,131
TGCCAAAGGAAGAACCTCAG_016,32
TGCCAAAGGAAGAACCTCAG_017,48
TGCCAAAGGAAGAACCTCAG_018,72
TGCCAAAGGAAGAACCTCAG_019,29
TGCCAAAGGAAGAACCTCAG_020,94
TGCCAAAGGAAGAACCTCAG_021,94
GGCCCGCTAAACCTCACCGT_001,149
GGCCCGCTAAACCTCACCGT_002,113
GGCCCGCTAAACCTCACCGT_003,73
GGCCCGCTAAACCTCACCGT_004,168
GGCCCGCTAAACCTCACCGT_005,134
GGCCCGCTAAACCTCACCGT_006,10
GGCCCGCTAAACCTCACCGT_007,119
GTTCAGTGCAGATCCCAATG_001,37
GTTCAGTGCAGATCCCAATG_002,159
GTTCAGTGCAGATCCCAATG_003,57
GTCAGCAGACATCTCCAAGT_001,96
GTCAGCAGACATCTCCAAGT_002,28
GTCAGCAGACATCTCCAAGT_003,127
GTCAGCAGACATCTCCAAGT_004,94
CACCTTAAGTGCTGGCAAAG_001,22
CACCTTAAGTGCTGGCAAAG_002,6
CACCTTAAGTGCTGGCAAAG_003,100
CACCTTAAGTGCTGGCAAAG_004,12
CACCTTAAGTGCTGGCAAAG_005,88
CACCTTAAGTGCTGGCAAAG_006,177
CACCTTAAGTGCTGGCAAAG_007,157
CACCTTAAGTGCTGGCAAAG_008,157
CACCTTAAGTGCTGGCAAAG_009,84
CACCTTAAGTGCTGGCAAAG_010,88
CACCTTAAGTGCTGGCAAAG_011,56
ACATGTGGGCGACTGTCATG_001,104
ACATGTGGGCGACTGTCATG_002,107
ACATGTGGGCGACTGTCATG_003,185
ACATGTGGGCGACTGTCATG_004,29
ACATGTGGGCGACTGTCATG_005,168
CCAGGAAGAGTTGGGCGCCG_001,29
CCAGGAAGAGTTGGGCGCCG_002,50
CCAGGAAGAGTTGGGCGCCG_003,141
CCAGGAAGAGTTGGGCGCCG_004,10
CCAGGAAGAGTTGGGCGCCG_005,84
CCAGGAAGAGTTGGGCGCCG_006,46
CCAGGAAGAGTTGGGCGCCG_007,115
CCAGGAAGAGTTGGGCGCCG_008,83
CCAGGAAGAGTTGGGCGCCG_009,36
CGGCCGCGCAAAAAGAGCAA_001,57
CGGCCGCGCAAAAAGAGCAA_002,176
CGGCCGCGCAAAAAGAGCAA_003,31
CGGCCGCGCAAAAAGAGCAA_004,174
CGGCCGCGCAAAAAGAGCAA_005,184
CGGCCGCGCAAAAAGAGCAA_006,16
GAGGCTCTCCAAGCTCTCGT_001,149
GAGGCTCTCCAAGCTCTCGT_002,183
GAGGCTCTCCAAGCTCTCGT_003,4
GAGGCTCTCCAAGCTCTCGT_004,148
GAGGCTCTCCAAGCTCTCGT_005,91
GAGGCTCTCCAAGCTCTCGT_006,91
GAGGCTCTCCAAGCTCTCGT_007,0
GAGGCTCTCCAAGCTCTCGT_008,160
GAGGCTCTCCAAGCTCTCGT_009,192
GAGGCTCTCCAAGCTCTCGT_010,77
GAGGCTCTCCAAGCTCTCGT_011,184
GAGGCTCTCCAAGCTCTCGT_012,106
GAGGCTCTCCAAGCTCTCGT_013,88
GAGGCTCTCCAAGCTCTCGT_014,3
GAGGCTCTCCAAGCTCTCGT_015,115
GAGGCTCTCCAAGCTCTCGT_016,188
GAGGCTCTCCAAGCTCTCGT_017,136
GAGGCTCTCCAAGCTCTCGT_018,75
GAGGCTCTCCAAGCTCTCGT_019,98
GAGGCTCTCCAAGCTCTCGT_020,20
GCGGTTGACGAAGAGTCCGA_001,160
GCGGTTGACGAAGAGTCCGA_002,62
GCGGTTGACGAAGAGTCCGA_003,48
GCGGTTGACGAAGAGTCCGA_004,32
GCGGTTGACGAAGAGTCCGA_005,147
GCGGTTGACGAAGAGTCCGA_006,145
GCGGTTGACGAAGAGTCCGA_007,105
GCGGTTGACGAAGAGTCCGA_008,88
GCGGTTGACGAAGAGTCCGA_009,15
GCGGTTGACGAAGAGTCCGA_010,115
GCGGTTGACGAAGAGTCCGA_011,195
GCGGTTGACGAAGAGTCCGA_012,144
GCGGTTGACGAAGAGTCCGA_013,137
TGAAATGAAACTTCACACTG_001,169
TGAAATGAAACTTCACACTG_002,16
TGAAATGAAACTTCACACTG_003,62
TGAAATGAAACTTCACACTG_004,1
TGAAATGAAACTTCACACTG_005,127
TGAAATGAAACTTCACACTG_006,177
TGAAATGAAACTTCACACTG_007,63
TGAAATGAAACTTCACACTG_008,114
TGAAATGAAACTTCACACTG_009,114
ACTGACCTGCTGGCTGACAT_001,62
ACTGACCTGCTGGCTGACAT_002,5
ACTGACCTGCTGGCTGACAT_003,171
ACTGACCTGCTGGCTGACAT_004,107
ACTGACCTGCTGGCTGACAT_005,94
ACTGACCTGCTGGCTGACAT_006,94
ACTGACCTGCTGGCTGACAT_007,86
ACTGACCTGCTGGCTGACAT_008,22
ACTGACCTGCTGGCTGACAT_009,160
ACTGACCTGCTGGCTGACAT_010,49
ACTGACCTGCTGGCTGACAT_011,121
ACTGACCTGCTGGCTGACAT_012,9
ACTGACCTGCTGGCTGACAT_013,199
ACTGACCTGCTGGCTGACAT_014,18
ACTGACCTGCTGGCTGACAT_015,46
ACTGACCTGCTGGCTGACAT_016,135
ACTGACCTGCTGGCTGACAT_017,34
ACTGACCTGCTGGCTGACAT_018,11
ACTGACCTGCTGGCTGACAT_019,6
ACTGACCTGCTGGCTGACAT_020,131
ACTGACCTGCTGGCTGACAT_021,126
GGTAGTACTGGAATAATGGG_001,16
GGTAGTACTGGAATAATGGG_002,48
GGTAGTACTGGAATAATGGG_003,11
GGTAGTACTGGAATAATGGG_004,82
GGTAGTACTGGAATAATGGG_005,116
GGTAGTACTGGAATAATGGG_006,169
GGTAGTACTGGAATAATGGG_007,1
GGTAGTACTGGAATAATGGG_008,124
GGTAGTACTGGAATAATGGG_009,30
TCTGCTTCGTCAGTGGCATG_001,183
TCTGCTTCGTCAGTGGCATG_002,158
TCTGCTTCGTCAGTGGCATG_003,145
TCTGCTTCGTCAGTGGCATG_004,26
TCTGCTTCGTCAGTGGCATG_005,197
TCTGCTTCGTCAGTGGCATG_006,11
TCTGCTTCGTCAGTGGCATG_007,176
TCTGCTTCGTCAGTGGCATG_008,105
TCTGCTTCGTCAGTGGCATG_009,169
TCTGCTTCGTCAGTGGCATG_010,43
TCTGCTTCGTCAGTGGCATG_011,123
TCTGCTTCGTCAGTGGCATG_012,105
TCTGCTTCGTCAGTGGCATG_013,32
TCTGCTTCGTCAGTGGCATG_014,24
TCTGCTTCGTCAGTGGCATG_015,79
TCTGCTTCGTCAGTGGCATG_016,36
TCTGCTTCGTCAGTGGCATG_017,108
TCTGCTTCGTCAGTGGCATG_018,161
TCTGCTTCGTCAGTGGCATG_019,102
TGGAGACCCATCAGGAGTGG_001,80
TGGAGACCCATCAGGAGTGG_002,147
TGGAGACCCATCAGGAGTGG_003,199
TGGAGACCCATCAGGAGTGG_004,101
TGGAGACCCATCAGGAGTGG_005,171
TGGAGACCCATCAGGAGTGG_006,83
TGGAGACCCATCAGGAGTGG_007,119
TGGAGACCCATCAGGAGTGG_008,106
TGGAGACCCATCAGGAGTGG_009,7
TGGAGACCCATCAGGAGTGG_010,7
TGGAGACCCATCAGGAGTGG_011,55
TGGAGACCCATCAGGAGTGG_012,104
TGGAGACCCATCAGGAGTGG_013,88
TGGAGACCCATCAGGAGTGG_014,153
TGGAGACCCATCAGGAGTGG_015,102
TGGAGACCCATCAGGAGTGG_016,15
TAGCACCTCTACCTCTCCGA_001,184
TAGCACCTCTACCTCTCCGA_002,188
TAGCACCTCTACCTCTCCGA_003,103
TAGCACCTCTACCTCTCCGA_004,127
TAGCACCTCTACCTCTCCGA_005,27
TGGAGTGTATGAACTACTGT_001,53
TGGAGTGTATGAACTACTGT_002,25
TGGAGTGTATGAACTACTGT_003,169
TGGAGTGTATGAACTACTGT_004,31
TGGAGTGTATGAACTACTGT_005,113
TGGAGTGTATGAACTACTGT_006,61
TGGAGTGTATGAACTACTGT_007,42
TGGCATAGTAGAGCTCCGTG_001,94
TGGCATAGTAGAGCTCCGTG_002,130
TGGCATAGTAGAGCTCCGTG_003,88
TGGCATAGTAGAGCTCCGTG_004,18
TTTGGTGGTGGACTAGTGTT_001,166
TTTGGTGGTGGACTAGTGTT_002,177
TTTGGTGGTGGACTAGTGTT_003,144
TTTGGTGGTGGACTAGTGTT_004,115
TTTGGTGGTGGACTAGTGTT_005,168
TTTGGTGGTGGACTAGTGTT_006,147
TTTGGTGGTGGACTAGTGTT_007,120
TTTGGTGGTGGACTAGTGTT_008,82
TTTGGTGGTGGACTAGTGTT_009,160
TTTGGTGGTGGACTAGTGTT_010,50
TTTGGTGGTGGACTAGTGTT_011,68
TTTGGTGGTGGACTAGTGTT_012,73
TTTGGTGGTGGACTAGTGTT_013,158
TTTGGTGGTGGACTAGTGTT_014,57
TGTATGAATTCACGTACCAA_001,48
TGTATGAATTCACGTACCAA_002,136
TGTTCCTCAGCTTGGCCATG_001,134
TGTTCCTCAGCTTGGCCATG_002,83
TGTTCCTCAGCTTGGCCATG_003,15
TGTTCCTCAGCTTGGCCATG_004,48
TGTTCCTCAGCTTGGCCATG_005,153
TGTTCCTCAGCTTGGCCATG_006,150
TGTTCCTCAGCTTGGCCATG_007,142
TGTTCCTCAGCTTGGCCATG_008,80
TGTTCCTCAGCTTGGCCATG_009,61
TGTTCCTCAGCTTGGCCATG_010,177
TGTTCCTCAGCTTGGCCATG_011,13
TGTTCCTCAGCTTGGCCATG_012,50
TGTTCCTCAGCTTGGCCATG_013,140
TGTTCCTCAGCTTGGCCATG_014,170
TGTTCCTCAGCTTGGCCATG_015,98
TGTTCCTCAGCTTGGCCATG_016,117
TGTTCCTCAGCTTGGCCATG_017,126
TGTTCCTCAGCTTGGCCATG_018,19
GCTGGCACCAAGCCTTACAT_001,84
GCTGGCACCAAGCCTTACAT_002,117
GCTGGCACCAAGCCTTACAT_003,95
GCTGGCACCAAGCCTTACAT_004,149
GCTGGCACCAAGCCTTACAT_005,46
CCGTAGCCGGGTGCACATCA_001,184
CCGTAGCCGGGTGCACATCA_002,168
CCGTAGCCGGGTGCACATCA_003,145
GATGTGTGAGATCCCTATGG_001,125
GTAATCGTGGTCAATCGGAG_001,80
GTAATCGTGGTCAATCGGAG_002,58
GTAATCGTGGTCAATCGGAG_003,166
GTAATCGTGGTCAATCGGAG_004,12
GTAATCGTGGTCAATCGGAG_005,55
GTAATCGTGGTCAATCGGAG_006,192
GTAATCGTGGTCAATCGGAG_007,34
GTAATCGTGGTCAATCGGAG_008,184
GTAATCGTGGTCAATCGGAG_009,11
GTAATCGTGGTCAATCGGAG_010,181
GTAATCGTGGTCAATCGGAG_011,27
GTAATCGTGGTCAATCGGAG_012,54
GTAATCGTGGTCAATCGGAG_013,66
CATTTCCAAAGGAATGTTAG_001,69
ATCGCCAGGAGTATTATCTG_001,149
ATCGCCAGGAGTATTATCTG_002,100
ATCGCCAGGAGTATTATCTG_003,174
ATCGCCAGGAGTATTATCTG_004,87
ATCGCCAGGAGTATTATCTG_005,127
ATCGCCAGGAGTATTATCTG_006,103
ATCGCCAGGAGTATTATCTG_007,19
GTCGCGGCTCGCAATCAACT_001,187
GTCGCGGCTCGCAATCAACT_002,86
GTCGCGGCTCGCAATCAACT_003,83
GTCGCGGCTCGCAATCAACT_004,129
GTCGCGGCTCGCAATCAACT_005,9
GTCGCGGCTCGCAATCAACT_006,106
GTCGCGGCTCGCAATCAACT_007,190
GTCGCGGCTCGCAATCAACT_008,58
AGCCAAACATCATCATGGAG_001,29
AGCCAAACATCATCATGGAG_002,9
AGCCAAACATCATCATGGAG_003,116
AGCCAAACATCATCATGGAG_004,60
AGCCAAACATCATCATGGAG_005,158
AGCCAAACATCATCATGGAG_006,48
AGCCAAACATCATCATGGAG_007,10
AGCCAAACATCATCATGGAG_008,99
AGCCAAACATCATCATGGAG_009,71
AGCCAAACATCATCATGGAG_010,112
AGCCAAACATCATCATGGAG_011,96
AGCCAAACATCATCATGGAG_012,77
AGCCAAACATCATCATGGAG_013,135
GCATGTCGTCTTTATCGCTC_001,40
GCATGTCGTCTTTATCGCTC_002,174
GCATGTCGTCTTTATCGCTC_003,46
AACTAGTGTCAGGCTTTGCG_001,132
AACTAGTGTCAGGCTTTGCG_002,146
AACTAGTGTCAGGCTTTGCG_003,72
AACTAGTGTCAGGCTTTGCG_004,62
AACTAGTGTCAGGCTTTGCG_005,14
AACTAGTGTCAGGCTTTGCG_006,121
AACTAGTGTCAGGCTTTGCG_007,186
AACTAGTGTCAGGCTTTGCG_008,21
AACTAGTGTCAGGCTTTGCG_009,73
AACTAGTGTCAGGCTTTGCG_010,19
AACTAGTGTCAGGCTTTGCG_011,60
AACTAGTGTCAGGCTTTGCG_012,157
AACTAGTGTCAGGCTTTGCG_013,195
AACTAGTGTCAGGCTTTGCG_014,122
AACTAGTGTCAGGCTTTGCG_015,41
AACTAGTGTCAGGCTTTGCG_016,135
AACTAGTGTCAGGCTTTGCG_017,9
ATTTATCGTTTGTCAGTACG_001,29
ATTTATCGTTTGTCAGTACG_002,58
ATTTATCGTTTGTCAGTACG_003,146
ATTTATCGTTTGTCAGTACG_004,90
ATTTATCGTTTGTCAGTACG_005,176
ATTTATCGTTTGTCAGTACG_006,127
ATTTATCGTTTGTCAGTACG_007,197
ATTTATCGTTTGTCAGTACG_008,27
CGGTAGTGCCACGGGCCGAG_001,56
CGGTAGTGCCACGGGCCGAG_002,158
CGGTAGTGCCACGGGCCGAG_003,12
CGGTAGTGCCACGGGCCGAG_004,15
CGGTAGTGCCACGGGCCGAG_005,11
CGGTAGTGCCACGGGCCGAG_006,145
CGGTAGTGCCACGGGCCGAG_007,81
CGGTAGTGCCACGGGCCGAG_008,40
CGGTAGTGCCACGGGCCGAG_009,28
CGGTAGTGCCACGGGCCGAG_010,58
CGGTAGTGCCACGGGCCGAG_011,39
CGGTAGTGCCACGGGCCGAG_012,44
CGGTAGTGCCACGGGCCGAG_013,90
TCCAGGACTTACCCCAATAT_001,94
TCCAGGACTTACCCCAATAT_002,128
AGAAACTGTCTAACGCACCA_001,194
AGAAACTGTCTAACGCACCA_002,102
AGAAACTGTCTAACGCACCA_003,23
AGAAACTGTCTAACGCACCA_004,1
AGAAACTGTCTAACGCACCA_005,10
AGAAACTGTCTAACGCACCA_006,56
AGAAACTGTCTAACGCACCA_007,18
AGAAACTGTCTAACGCACCA_008,8
AGAAACTGTCTAACGCACCA_009,84
AGGCAGATGTGTTCATGCGG_001,12
AGGCAGATGTGTTCATGCGG_002,110
AGGCAGATGTGTTCATGCGG_003,151
AGGCAGATGTGTTCATGCGG_004,130
AGGCAGATGTGTTCATGCGG_005,50
AGGCAGATGTGTTCATGCGG_006,171
AGGCAGATGTGTTCATGCGG_007,72
AGGCAGATGTGTTCATGCGG_008,162
AGGCAGATGTGTTCATGCGG_009,153
ACCGTAACTACGGATCAGCA_001,10
ACCGTAACTACGGATCAGCA_002,70
ACCGTAACTACGGATCAGCA_003,70
ACCGTAACTACGGATCAGCA_004,36
ACCGTAACTACGGATCAGCA_005,87
ACCGTAACTACGGATCAGCA_006,107
ACCGTAACTACGGATCAGCA_007,11
ACCGTAACTACGGATCAGCA_008,145
ACCGTAACTACGGATCAGCA_009,145
TGAAAACAGGAAAGAACCGG_001,16
TGAAAACAGGAAAGAACCGG_002,174
TGAAAACAGGAAAGAACCGG_003,105
TGAAAACAGGAAAGAACCGG_004,179
TGAAAACAGGAAAGAACCGG_005,24
GGCTAACAATGGTACCGATG_001,2
AGCCTGAGCCACAGTTGTGG_001,62
AGCCTGAGCCACAGTTGTGG_002,44
AGCCTGAGCCACAGTTGTGG_003,162
AGCCTGAGCCACAGTTGTGG_004,155
AGCCTGAGCCACAGTTGTGG_005,198
AGCCTGAGCCACAGTTGTGG_006,0
AGCCTGAGCCACAGTTGTGG_007,169
AGCCTGAGCCACAGTTGTGG_008,150
AGCCTGAGCCACAGTTGTGG_009,94
AGCCTGAGCCACAGTTGTGG_010,124
AGCCTGAGCCACAGTTGTGG_011,164
ATTGTGATGGAAACGTGTGC_001,90
ATTGTGATGGAAACGTGTGC_002,50
ATTGTGATGGAAACGTGTGC_003,7
ATTGTGATGGAAACGTGTGC_004,98
ATTGTGATGGAAACGTGTGC_005,45
ATTGTGATGGAAACGTGTGC_006,115
ATTGTGATGGAAACGTGTGC_007,110
ATTGTGATGGAAACGTGTGC_008,177
ATTGTGATGGAAACGTGTGC_009,15
ATTGTGATGGAAACGTGTGC_010,70
ATTGTGATGGAAACGTGTGC_011,116
ATTGTGATGGAAACGTGTGC_012,114
ATTGTGATGGAAACGTGTGC_013,62
ATTGTGATGGAAACGTGTGC_014,19
ATTGTGATGGAAACGTGTGC_015,10
ATTGTGATGGAAACGTGTGC_016,168
CTTACCAGGAGTACTCGTGG_001,168
CTTACCAGGAGTACTCGTGG_002,121
CTTACCAGGAGTACTCGTGG_003,103
CTTACCAGGAGTACTCGTGG_004,2
CTTACCAGGAGTACTCGTGG_005,67
CTTACCAGGAGTACTCGTGG_006,8
CTTACCAGGAGTACTCGTGG_007,160
CTTACCAGGAGTACTCGTGG_008,180
TTACAGGTATGTTGAGTCGA_001,126
TATGGTGCAACTTCTCACAG_001,170
TATGGTGCAACTTCTCACAG_002,8
TATGGTGCAACTTCTCACAG_003,115
TATGGTGCAACTTCTCACAG_004,58
CCAAACGTTTGAGGTTCCAA_001,91
CCAAACGTTTGAGGTTCCAA_002,81
CCAAACGTTTGAGGTTCCAA_003,84
CCAAACGTTTGAGGTTCCAA_004,139
CCAAACGTTTGAGGTTCCAA_005,184
CCAAACGTTTGAGGTTCCAA_006,129
GCAAGGACCTGCTAGACCGG_001,177
GCAAGGACCTGCTAGACCGG_002,171
GCCCGGGGCTACAATCCGCA_001,136
GCCCGGGGCTACAATCCGCA_002,49
GCCCGGGGCTACAATCCGCA_003,117
GCCCGGGGCTACAATCCGCA_004,171
GCCCGGGGCTACAATCCGCA_005,103
GCCCGGGGCTACAATCCGCA_006,16
GCCCGGGGCTACAATCCGCA_007,81
GCCCGGGGCTACAATCCGCA_008,147
GCCCGGGGCTACAATCCGCA_009,77
GCCCGGGGCTACAATCCGCA_010,113
GCCCGGGGCTACAATCCGCA_011,163
GCCCGGGGCTACAATCCGCA_012,22
GCCCGGGGCTACAATCCGCA_013,122
GCCCGGGGCTACAATCCGCA_014,175
GCCCGGGGCTACAATCCGCA_015,17
GCCCGGGGCTACAATCCGCA_016,78
GCCCGGGGCTACAATCCGCA_017,0
GCCCGGGGCTACAATCCGCA_018,138
GCCCGGGGCTACAATCCGCA_019,24
AGCAGGAGCGGGTATACGAG_001,24
AGCAGGAGCGGGTATACGAG_002,51
AGCAGGAGCGGGTATACGAG_003,65
AGCAGGAGCGGGTATACGAG_004,32
AGCAGGAGCGGGTATACGAG_005,164
AGCAGGAGCGGGTATACGAG_006,115
AGCAGGAGCGGGTATACGAG_007,171
AGCAGGAGCGGGTATACGAG_008,91
GTGCCCTATACGGTCTCTGA_001,104
GTGCCCTATACGGTCTCTGA_002,61
GTGCCCTATACGGTCTCTGA_003,67
GTGCCCTATACGGTCTCTGA_004,174
TTCAGCCAAGTGGCAACGAC_001,59
TTCAGCCAAGTGGCAACGAC_002,120
TTCAGCCAAGTGGCAACGAC_003,44
TTCAGCCAAGTGGCAACGAC_004,6
TTCAGCCAAGTGGCAACGAC_005,2
TTCAGCCAAGTGGCAACGAC_006,188
TTCAGCCAAGTGGCAACGAC_007,196
TTCAGCCAAGTGGCAACGAC_008,76
TTCAGCCAAGTGGCAACGAC_009,69
TTCAGCCAAGTGGCAACGAC_010,188
TTCAGCCAAGTGGCAACGAC_011,88
TTCAGCCAAGTGGCAACGAC_012,88
TTCAGCCAAGTGGCAACGAC_013,80
TTCAGCCAAGTGGCAACGAC_014,137
TTCAGCCAAGTGGCAACGAC_015,137
TTCAGCCAAGTGGCAACGAC_016,191
TTCAGCCAAGTGGCAACGAC_017,154
TTCAGCCAAGTGGCAACGAC_018,61
TTCAGCCAAGTGGCAACGAC_019,149
TTCAGCCAAGTGGCAACGAC_020,144
TTCAGCCAAGTGGCAACGAC_021,68
TTCAGCCAAGTGGCAACGAC_022,158
TTCAGCCAAGTGGCAACGAC_023,89
TTCAGCCAAGTGGCAACGAC_024,70
TTCAGCCAAGTGGCAACGAC_025,96
TTCAGCCAAGTGGCAACGAC_026,115
TTCAGCCAAGTGGCAACGAC_027,131
TTCAGCCAAGTGGCAACGAC_028,67
TTCAGCCAAGTGGCAACGAC_029,192
TGATCTGACTCATAAAACGG_001,150
ATTACTGGGGGCTTCAGTGG_001,31
ATTACTGGGGGCTTCAGTGG_002,92
ATTACTGGGGGCTTCAGTGG_003,60
ATTACTGGGGGCTTCAGTGG_004,116
ATTACTGGGGGCTTCAGTGG_005,147
ATTACTGGGGGCTTCAGTGG_006,82
ACTTACATAGAGAATAAAGA_001,126
ACTTACATAGAGAATAAAGA_002,121
ACTGAGACCTACCCAGACCG_001,160
ACTGAGACCTACCCAGACCG_002,38
ACTGAGACCTACCCAGACCG_003,116
ACTGAGACCTACCCAGACCG_004,61
ACTGAGACCTACCCAGACCG_005,14
ACTGAGACCTACCCAGACCG_006,136
ACTGAGACCTACCCAGACCG_007,124
ACTGAGACCTACCCAGACCG_008,166
ACTGAGACCTACCCAGACCG_009,110
ACTGAGACCTACCCAGACCG_010,169
ACTGAGACCTACCCAGACCG_011,92
ACTGAGACCTACCCAGACCG_012,70
ACTGAGACCTACCCAGACCG_013,198
ACTGAGACCTACCCAGACCG_014,193
ACTGAGACCTACCCAGACCG_015,127
ACTGAGACCTACCCAGACCG_016,140
ACTGAGACCTACCCAGACCG_017,109
ACTGAGACCTACCCAGACCG_018,94
ACTGAGACCTACCCAGACCG_019,188
ACTGAGACCTACCCAGACCG_020,9
ACTGAGACCTACCCAGACCG_021,61
ACTGAGACCTACCCAGACCG_022,17
ACTGAGACCTACCCAGACCG_023,149
ACTGAGACCTACCCAGACCG_024,56
ACTGAGACCTACCCAGACCG_025,191
CTGGGCAGCAACCATCAGAG_001,137
CTGGGCAGCAACCATCAGAG_002,51
CTGGGCAGCAACCATCAGAG_003,107
CTGGGCAGCAACCATCAGAG_004,59
CTGGGCAGCAACCATCAGAG_005,92
CTGGGCAGCAACCATCAGAG_006,191
CTGGGCAGCAACCATCAGAG_007,29
CTGGGCAGCAACCATCAGAG_008,170
CTGTAAATGCTGGAAGACTG_001,29
CTGTAAATGCTGGAAGACTG_002,199
CTGTAAATGCTGGAAGACTG_003,76
CTGTAAATGCTGGAAGACTG_004,75
CTGTAAATGCTGGAAGACTG_005,160
CTGTAAATGCTGGAAGACTG_006,70
CTGTAAATGCTGGAAGACTG_007,133
CAGGTGACACCAAATACTCT_001,12
CAGGTGACACCAAATACTCT_002,150
CAGGTGACACCAAATACTCT_003,198
CAGGTGACACCAAATACTCT_004,123
CAGGTGACACCAAATACTCT_005,123
CAGGTGACACCAAATACTCT_006,183
CAGGTGACACCAAATACTCT_007,112
CAGGTGACACCAAATACTCT_008,142
CAGGTGACACCAAATACTCT_009,186
CAGGTGACACCAAATACTCT_010,138
CAGGTGACACCAAATACTCT_011,85
CAGGTGACACCAAATACTCT_012,129
CAGGCACATCACCAGCCTGG_001,15
CAGGCACATCACCAGCCTGG_002,135
CAGGCACATCACCAGCCTGG_003,83
CAGGCACATCACCAGCCTGG_004,16
CAGGCACATCACCAGCCTGG_005,19
CAGGCACATCACCAGCCTGG_006,141
ACTTACGCCCGTCCCCCTCG_001,150
ACTTACGCCCGTCCCCCTCG_002,149
ACTTACGCCCGTCCCCCTCG_003,181
ACTTACGCCCGTCCCCCTCG_004,188
ACTTACGCCCGTCCCCCTCG_005,15
ACTTACGCCCGTCCCCCTCG_006,113
ACTTACGCCCGTCCCCCTCG_007,82
ACTTACGCCCGTCCCCCTCG_008,152
ACTTACGCCCGTCCCCCTCG_009,85
ACTTACGCCCGTCCCCCTCG_010,84
ACTTACGCCCGTCCCCCTCG_011,98
ACTTACGCCCGTCCCCCTCG_012,65
ACTTACGCCCGTCCCCCTCG_013,198
ACTTACGCCCGTCCCCCTCG_014,15
ACTTACGCCCGTCCCCCTCG_015,2
ACTTACGCCCGTCCCCCTCG_016,146
ACTTACGCCCGTCCCCCTCG_017,180
ACTTACGCCCGTCCCCCTCG_018,137
ACTTACGCCCGTCCCCCTCG_019,9
ACTTACGCCCGTCCCCCTCG_020,144
ACTTACGCCCGTCCCCCTCG_021,35
ACTTACGCCCGTCCCCCTCG_022,7
ACTTACGCCCGTCCCCCTCG_023,168
AGAGTTCACTCATGGCATCA_001,66
AGAGTTCACTCATGGCATCA_002,171
AGAGTTCACTCATGGCATCA_003,185
AGAGTTCACTCATGGCATCA_004,102
AGAGTTCACTCATGGCATCA_005,105
AGAGTTCACTCATGGCATCA_006,46
AGAGTTCACTCATGGCATCA_007,158
AGAGTTCACTCATGGCATCA_008,42
AGAGTTCACTCATGGCATCA_009,46
AGAGTTCACTCATGGCATCA_010,89
AGAGTTCACTCATGGCATCA_011,40
AGAGTTCACTCATGGCATCA_012,88
AGAGTTCACTCATGGCATCA_013,48
AGAGTTCACTCATGGCATCA_014,166
AGAGTTCACTCATGGCATCA_015,41
AGAGTTCACTCATGGCATCA_016,110
AGAGTTCACTCATGGCATCA_017,146
AGAGTTCACTCATGGCATCA_018,185
AGAGTTCACTCATGGCATCA_019,21
AGAGTTCACTCATGGCATCA_020,115
AGAGTTCACTCATGGCATCA_021,155
AGAGTTCACTCATGGCATCA_022,69
AGAGTTCACTCATGGCATCA_023,17
AGAGTTCACTCATGGCATCA_024,168
AGAAGCCAAGCACGCTGACG_001,94
AGAAGCCAAGCACGCTGACG_002,94
AGAAGCCAAGCACGCTGACG_003,15
AGAAGCCAAGCACGCTGACG_004,192
AGAAGCCAAGCACGCTGACG_005,140
AGAAGCCAAGCACGCTGACG_006,56
GGTGGTGCTGGCTTTATCAG_001,184
GGTGGTGCTGGCTTTATCAG_002,130
GGTGGTGCTGGCTTTATCAG_003,62
GGTGGTGCTGGCTTTATCAG_004,152
GGTGGTGCTGGCTTTATCAG_005,1
GGTGGTGCTGGCTTTATCAG_006,191
GGTGGTGCTGGCTTTATCAG_007,34
GGTGGTGCTGGCTTTATCAG_008,169
GGTGGTGCTGGCTTTATCAG_009,184
GGTGGTGCTGGCTTTATCAG_010,88
GGTGGTGCTGGCTTTATCAG_011,63
GGTGGTGCTGGCTTTATCAG_012,175
GGTGGTGCTGGCTTTATCAG_013,84
GGTGGTGCTGGCTTTATCAG_014,142
GGTGGTGCTGGCTTTATCAG_015,67
GGTGGTGCTGGCTTTATCAG_016,126
GGTGGTGCTGGCTTTATCAG_017,57
GTATAGCCGAGACCATGTGG_001,4
GTATAGCCGAGACCATGTGG_002,123
GTATAGCCGAGACCATGTGG_003,104
TGTTACGAATAAGAGGTCAA_001,161
TGTTACGAATAAGAGGTCAA_002,18
TGTTACGAATAAGAGGTCAA_003,29
TGTTACGAATAAGAGGTCAA_004,157
TGTTACGAATAAGAGGTCAA_005,23
TGTTACGAATAAGAGGTCAA_006,14
TGTTACGAATAAGAGGTCAA_007,70
TGTTACGAATAAGAGGTCAA_008,165
TGTTACGAATAAGAGGTCAA_009,60
TGTTACGAATAAGAGGTCAA_010,4
TGTTACGAATAAGAGGTCAA_011,33
TGTTACGAATAAGAGGTCAA_012,110
ACAACAGACTCAATCAGCGT_001,170
ACAACAGACTCAATCAGCGT_002,41
ACAACAGACTCAATCAGCGT_003,46
ACAACAGACTCAATCAGCGT_004,113
ACAACAGACTCAATCAGCGT_005,28
ACAACAGACTCAATCAGCGT_006,26
ACAACAGACTCAATCAGCGT_007,184
ACAACAGACTCAATCAGCGT_008,75
ACAACAGACTCAATCAGCGT_009,98
ACAACAGACTCAATCAGCGT_010,113
ACAACAGACTCAATCAGCGT_011,150
ACAACAGACTCAATCAGCGT_012,29
ACAACAGACTCAATCAGCGT_013,5
GCTGATACGCGTGACCGGCG_001,87
GCTGATACGCGTGACCGGCG_002,177
GCTGATACGCGTGACCGGCG_003,83
GCTGATACGCGTGACCGGCG_004,154
GCTGATACGCGTGACCGGCG_005,178
GCTGATACGCGTGACCGGCG_006,22
GCTGATACGCGTGACCGGCG_007,52
GCTGATACGCGTGACCGGCG_008,63
GCTGATACGCGTGACCGGCG_009,12
GCTGATACGCGTGACCGGCG_010,106
AGGCATACTTGCTAACGGAG_001,53
AGGCATACTTGCTAACGGAG_002,159
AGGCATACTTGCTAACGGAG_003,62
AGGCATACTTGCTAACGGAG_004,48
AGGCATACTTGCTAACGGAG_005,61
AGGCATACTTGCTAACGGAG_006,73
AGGCATACTTGCTAACGGAG_007,34
CAACAACTCCAACCCCGTGG_001,94
CAACAACTCCAACCCCGTGG_002,98
CAACAACTCCAACCCCGTGG_003,147
CACCGTCGCGGGATTCGCGG_001,184
CACCGTCGCGGGATTCGCGG_002,101
CACCGTCGCGGGATTCGCGG_003,8
CACCGTCGCGGGATTCGCGG_004,137
CACCGTCGCGGGATTCGCGG_005,186
CACCGTCGCGGGATTCGCGG_006,188
CACCGTCGCGGGATTCGCGG_007,106
CACCGTCGCGGGATTCGCGG_008,182
CACCGTCGCGGGATTCGCGG_009,34
CACCGTCGCGGGATTCGCGG_010,168
CACCGTCGCGGGATTCGCGG_011,69
GCTGACCTCCCTGTCAGATG_001,146
GCTGACCTCCCTGTCAGATG_002,113
GCTGACCTCCCTGTCAGATG_003,181
GTGAACAAGTACATCGACCA_001,86
GTGAACAAGTACATCGACCA_002,148
GTGAACAAGTACATCGACCA_003,158
AGACATTAAACTCTCTGTCC_001,146
AGACATTAAACTCTCTGTCC_002,69
TATGACAGAATGCGACGAGG_001,40
TATGACAGAATGCGACGAGG_002,94
TATGACAGAATGCGACGAGG_003,170
TATGACAGAATGCGACGAGG_004,69
TATGACAGAATGCGACGAGG_005,17
TATGACAGAATGCGACGAGG_006,195
TATGACAGAATGCGACGAGG_007,131
TATGACAGAATGCGACGAGG_008,155
TATGACAGAATGCGACGAGG_009,68
TATGACAGAATGCGACGAGG_010,121
AAAGGATGGAAAATACAGCC_001,4
AAAGGATGGAAAATACAGCC_002,194
GCTGAACGGACTGTCAGACA_001,113
GCTGAACGGACTGTCAGACA_002,114
GCAGCACATTTCCCGCAACA_001,187
CACCCGCGAGCGCATCCGCG_001,160
CACCCGCGAGCGCATCCGCG_002,60
CACCCGCGAGCGCATCCGCG_003,2
CACCCGCGAGCGCATCCGCG_004,184
CACCCGCGAGCGCATCCGCG_005,148
CACCCGCGAGCGCATCCGCG_006,114
CACCCGCGAGCGCATCCGCG_007,133
CACCCGCGAGCGCATCCGCG_008,104
CACCCGCGAGCGCATCCGCG_009,192
CACCCGCGAGCGCATCCGCG_010,141
CACCCGCGAGCGCATCCGCG_011,123
CACCCGCGAGCGCATCCGCG_012,121
CACCCGCGAGCGCATCCGCG_013,11
CACCCGCGAGCGCATCCGCG_014,99
ATCAGGAAGCCCTACTGAGA_001,137
ATCAGGAAGCCCTACTGAGA_002,181
ATCAGGAAGCCCTACTGAGA_003,6
ATCAGGAAGCCCTACTGAGA_004,8
ATCAGGAAGCCCTACTGAGA_005,148
ATCAGGAAGCCCTACTGAGA_006,184
ATCAGGAAGCCCTACTGAGA_007,27
ATCAGGAAGCCCTACTGAGA_008,105
ATCAGGAAGCCCTACTGAGA_009,48
ATCAGGAAGCCCTACTGAGA_010,188
ATCAGGAAGCCCTACTGAGA_011,126
ATCAGGAAGCCCTACTGAGA_012,69
ATCAGGAAGCCCTACTGAGA_013,40
ATCAGGAAGCCCTACTGAGA_014,184
ATCAGGAAGCCCTACTGAGA_015,115
ATCAGGAAGCCCTACTGAGA_016,42
ATCAGGAAGCCCTACTGAGA_017,63
ATCAGGAAGCCCTACTGAGA_018,1
ATCAGGAAGCCCTACTGAGA_019,73
ATCAGGAAGCCCTACTGAGA_020,160
ATCAGGAAGCCCTACTGAGA_021,146
ATCAGGAAGCCCTACTGAGA_022,113
ATCAGGAAGCCCTACTGAGA_023,108
ATCAGGAAGCCCTACTGAGA_024,49
ATCAGGAAGCCCTACTGAGA_025,136
ATCAGGAAGCCCTACTGAGA_026,28
AGGTGAAGTCCCCGTTAGTG_001,154
AGGTGAAGTCCCCGTTAGTG_002,51
AGGTGAAGTCCCCGTTAGTG_003,50
AGGTGAAGTCCCCGTTAGTG_004,172
AGGTGAAGTCCCCGTTAGTG_005,21
AGGTGAAGTCCCCGTTAGTG_006,146
AGGTGAAGTCCCCGTTAGTG_007,122
AGGTGAAGTCCCCGTTAGTG_008,142
AGGTGAAGTCCCCGTTAGTG_009,102
AGGTGAAGTCCCCGTTAGTG_010,125
AGGTGAAGTCCCCGTTAGTG_011,116
AGGTGAAGTCCCCGTTAGTG_012,29
AGGTGAAGTCCCCGTTAGTG_013,178
AGGTGAAGTCCCCGTTAGTG_014,4
AGGTGAAGTCCCCGTTAGTG_015,40
GCCCAGGAAGTACACGGCCA_001,60
GCCCAGGAAGTACACGGCCA_002,199
GCCCAGGAAGTACACGGCCA_003,93
GCCCAGGAAGTACACGGCCA_004,174
GCCCAGGAAGTACACGGCCA_005,121
GCCCAGGAAGTACACGGCCA_006,103
GCCCAGGAAGTACACGGCCA_007,5
CAATGTTGGTTAGCTCATTG_001,94
CAATGTTGGTTAGCTCATTG_002,115
CAATGTTGGTTAGCTCATTG_003,189
CAATGTTGGTTAGCTCATTG_004,2
CAATGTTGGTTAGCTCATTG_005,166
CAATGTTGGTTAGCTCATTG_006,105
CAATGTTGGTTAGCTCATTG_007,48
CAATGTTGGTTAGCTCATTG_008,78
CAATGTTGGTTAGCTCATTG_009,126
CAATGTTGGTTAGCTCATTG_010,114
CAATGTTGGTTAGCTCATTG_011,128
CAATGTTGGTTAGCTCATTG_012,106
CAATGTTGGTTAGCTCATTG_013,183
CAATGTTGGTTAGCTCATTG_014,60
CAATGTTGGTTAGCTCATTG_015,145
CAATGTTGGTTAGCTCATTG_016,191
CAATGTTGGTTAGCTCATTG_017,184
CAATGTTGGTTAGCTCATTG_018,29
CAATGTTGGTTAGCTCATTG_019,38
CAATGTTGGTTAGCTCATTG_020,118
CAATGTTGGTTAGCTCATTG_021,102
CAATGTTGGTTAGCTCATTG_022,61
CAATGTTGGTTAGCTCATTG_023,9
CAATGTTGGTTAGCTCATTG_024,3
CAATGTTGGTTAGCTCATTG_025,52
CAATGTTGGTTAGCTCATTG_026,65
CAATGTTGGTTAGCTCATTG_027,21
CAATGTTGGTTAGCTCATTG_028,141
TTTCTGACAGGGCGATGTAA_001,145
TTTCTGACAGGGCGATGTAA_002,30
GTCAACAAACGGCAATCGGG_001,77
GTCAACAAACGGCAATCGGG_002,159
GTCAACAAACGGCAATCGGG_003,151
GTCAACAAACGGCAATCGGG_004,174
GTCAACAAACGGCAATCGGG_005,79
GTCAACAAACGGCAATCGGG_006,19
GTCAACAAACGGCAATCGGG_007,183
GTCAACAAACGGCAATCGGG_008,114
GTCAACAAACGGCAATCGGG_009,41
GTCAACAAACGGCAATCGGG_010,114
GTCAACAAACGGCAATCGGG_011,139
GTCAACAAACGGCAATCGGG_012,116
GTCAACAAACGGCAATCGGG_013,151
GTCAACAAACGGCAATCGGG_014,147
GTCAACAAACGGCAATCGGG_015,162
GTCAACAAACGGCAATCGGG_016,58
GTCAACAAACGGCAATCGGG_017,60
GTCAACAAACGGCAATCGGG_018,1
GTCAACAAACGGCAATCGGG_019,113
GTCAACAAACGGCAATCGGG_020,197
GTCAACAAACGGCAATCGGG_021,94
GTCAACAAACGGCAATCGGG_022,142
GTCAACAAACGGCAATCGGG_023,138
GTCAACAAACGGCAATCGGG_024,161
GTCAACAAACGGCAATCGGG_025,142
GTCAACAAACGGCAATCGGG_026,117
GACAGGACAGTCTGACAGCG_001,58
GACAGGACAGTCTGACAGCG_002,49
GACAGGACAGTCTGACAGCG_003,147
GACAGGACAGTCTGACAGCG_004,126
ATCTACAAATGTGAAGAACG_001,137
ATCTACAAATGTGAAGAACG_002,24
ATCTACAAATGTGAAGAACG_003,25
ATCTACAAATGTGAAGAACG_004,136
ATCTACAAATGTGAAGAACG_005,39
ATCTACAAATGTGAAGAACG_006,84
ATCTACAAATGTGAAGAACG_007,183
ATCTACAAATGTGAAGAACG_008,148
GGGGTTGAGGAAAACACTGG_001,48
GGGGTTGAGGAAAACACTGG_002,82
GGGGTTGAGGAAAACACTGG_003,177
GGGGTTGAGGAAAACACTGG_004,76
GGGGTTGAGGAAAACACTGG_005,199
GGGGTTGAGGAAAACACTGG_006,19
GGGGTTGAGGAAAACACTGG_007,191
GGGGTTGAGGAAAACACTGG_008,58
GGGGTTGAGGAAAACACTGG_009,172
GTGCACTACACGTCTGCCAA_001,42
GTGCACTACACGTCTGCCAA_002,70
GTGCACTACACGTCTGCCAA_003,184
GTGCACTACACGTCTGCCAA_004,94
GTGCACTACACGTCTGCCAA_005,96
GTGCACTACACGTCTGCCAA_006,172
GTGCACTACACGTCTGCCAA_007,105
GTGCACTACACGTCTGCCAA_008,23
GTGCACTACACGTCTGCCAA_009,15
GTGCACTACACGTCTGCCAA_010,115
GTGCACTACACGTCTGCCAA_011,138
GTGTCCAATAAGATCAACGC_001,105
GTGTCCAATAAGATCAACGC_002,70
GAGTGTCCAAAGAACACCAA_001,12
GAGTGTCCAAAGAACACCAA_002,58
GAGTGTCCAAAGAACACCAA_003,199
GAGTGTCCAAAGAACACCAA_004,134
GAGTGTCCAAAGAACACCAA_005,65
GAGTGTCCAAAGAACACCAA_006,184
GAGTGTCCAAAGAACACCAA_007,83
GAGTGTCCAAAGAACACCAA_008,27
GTCAAGTGGATCCCTTGGAA_001,57
GTCAAGTGGATCCCTTGGAA_002,149
GTCAAGTGGATCCCTTGGAA_003,191
GTCAAGTGGATCCCTTGGAA_004,111
GTCAAGTGGATCCCTTGGAA_005,145
GTCAAGTGGATCCCTTGGAA_006,199
GAAAGGGGCGGCTAGCAACG_001,7
GAAAGGGGCGGCTAGCAACG_002,70
GAAAGGGGCGGCTAGCAACG_003,68
GAAAGGGGCGGCTAGCAACG_004,84
GAAAGGGGCGGCTAGCAACG_005,19
GAAAGGGGCGGCTAGCAACG_006,166
GAAAGGGGCGGCTAGCAACG_007,137
GAAAGGGGCGGCTAGCAACG_008,44
CCAGCTTGAGGGATTCCCGA_001,157
CCAGCTTGAGGGATTCCCGA_002,144
CCAGCTTGAGGGATTCCCGA_003,19
CCAGCTTGAGGGATTCCCGA_004,19
CCAGCTTGAGGGATTCCCGA_005,168
CCAGCTTGAGGGATTCCCGA_006,81
CCAGCTTGAGGGATTCCCGA_007,40
CCAGCTTGAGGGATTCCCGA_008,168
ATAAGCCACACTACCCGCCT_001,34
ATAAGCCACACTACCCGCCT_002,68
ATAAGCCACACTACCCGCCT_003,56
ATAAGCCACACTACCCGCCT_004,100
ATAAGCCACACTACCCGCCT_005,57
ATAAGCCACACTACCCGCCT_006,58
ATAAGCCACACTACCCGCCT_007,99
ATAAGCCACACTACCCGCCT_008,16
ATAAGCCACACTACCCGCCT_009,68
ATAAGCCACACTACCCGCCT_010,16
ATAAGCCACACTACCCGCCT_011,16
GTCATCTCCAGAGAAACTGC_001,182
GTCATCTCCAGAGAAACTGC_002,52
GTCATCTCCAGAGAAACTGC_003,186
GTCATCTCCAGAGAAACTGC_004,82
GTCATCTCCAGAGAAACTGC_005,70
GTCATCTCCAGAGAAACTGC_006,121
GTCATCTCCAGAGAAACTGC_007,188
GTCATCTCCAGAGAAACTGC_008,34
GCCTCGGCCCATCGACTCAG_001,176
GCCTCGGCCCATCGACTCAG_002,60
GCCTCGGCCCATCGACTCAG_003,41
GCCTCGGCCCATCGACTCAG_004,9
GCCTCGGCCCATCGACTCAG_005,16
GCCTCGGCCCATCGACTCAG_006,9
GCCTCGGCCCATCGACTCAG_007,43
GCCTCGGCCCATCGACTCAG_008,96
GCCTCGGCCCATCGACTCAG_009,168
GCCTCGGCCCATCGACTCAG_010,149
GCCTCGGCCCATCGACTCAG_011,148
GCCTCGGCCCATCGACTCAG_012,84
GCCTCGGCCCATCGACTCAG_013,70
GCCTCGGCCCATCGACTCAG_014,76
GCCTCGGCCCATCGACTCAG_015,60
GCCTCGGCCCATCGACTCAG_016,31
GAAGTAGCAGAGCAGTTGGG_001,191
GAAGTAGCAGAGCAGTTGGG_002,35
GAAGTAGCAGAGCAGTTGGG_003,173
GAAGTAGCAGAGCAGTTGGG_004,137
GAAGTAGCAGAGCAGTTGGG_005,57
GAAGTAGCAGAGCAGTTGGG_006,185
GAAGTAGCAGAGCAGTTGGG_007,144
GAAGTAGCAGAGCAGTTGGG_008,124
GATGAGTGTAAGGTGCACAG_001,60
GATGAGTGTAAGGTGCACAG_002,130
GATGAGTGTAAGGTGCACAG_003,147
GATGAGTGTAAGGTGCACAG_004,105
GATGAGTGTAAGGTGCACAG_005,89
GATGAGTGTAAGGTGCACAG_006,98
GATGAGTGTAAGGTGCACAG_007,198
GATGAGTGTAAGGTGCACAG_008,112
GATGAGTGTAAGGTGCACAG_009,159
GATGAGTGTAAGGTGCACAG_010,172
GATGAGTGTAAGGTGCACAG_011,194
GATGAGTGTAAGGTGCACAG_012,9
GATGAGTGTAAGGTGCACAG_013,88
GATGAGTGTAAGGTGCACAG_014,160
GATGAGTGTAAGGTGCACAG_015,2
GATGAGTGTAAGGTGCACAG_016,198
GATGAGTGTAAGGTGCACAG_017,110
GATGAGTGTAAGGTGCACAG_018,68
GATGAGTGTAAGGTGCACAG_019,94
GATGAGTGTAAGGTGCACAG_020,148
GATGAGTGTAAGGTGCACAG_021,62
GATGAGTGTAAGGTGCACAG_022,10
GATGAGTGTAAGGTGCACAG_023,139
GATGAGTGTAAGGTGCACAG_024,137
GATGAGTGTAAGGTGCACAG_025,162
GATGAGTGTAAGGTGCACAG_026,191
GATGAGTGTAAGGTGCACAG_027,185
GATGAGTGTAAGGTGCACAG_028,47
GATGAGTGTAAGGTGCACAG_029,162
GATGAGTGTAAGGTGCACAG_030,70
GATGAGTGTAAGGTGCACAG_031,127
GATGAGTGTAAGGTGCACAG_032,179
GATGAGTGTAAGGTGCACAG_033,142
GATGAGTGTAAGGTGCACAG_034,169
GATGAGTGTAAGGTGCACAG_035,81
AACCAGTGCTGCCAGCCAAA_001,186
AACCAGTGCTGCCAGCCAAA_002,108
AACCAGTGCTGCCAGCCAAA_003,194
AACCAGTGCTGCCAGCCAAA_004,96
AACCAGTGCTGCCAGCCAAA_005,69
AACCAGTGCTGCCAGCCAAA_006,94
AACCAGTGCTGCCAGCCAAA_007,115
AACCAGTGCTGCCAGCCAAA_008,134
AACCAGTGCTGCCAGCCAAA_009,28
AACCAGTGCTGCCAGCCAAA_010,149
AACCAGTGCTGCCAGCCAAA_011,66
AACCAGTGCTGCCAGCCAAA_012,35
GTTCCTCACAGTAGGACATG_001,62
GTTCCTCACAGTAGGACATG_002,78
GTTCCTCACAGTAGGACATG_003,124
TTCCTCGCCTGAGACTGGTG_001,98
TTCCTCGCCTGAGACTGGTG_002,115
TTCCTCGCCTGAGACTGGTG_003,76
TTCCTCGCCTGAGACTGGTG_004,118
TTCCTCGCCTGAGACTGGTG_005,5
TTCCTCGCCTGAGACTGGTG_006,174
TTCCTCGCCTGAGACTGGTG_007,28
TTCCTCGCCTGAGACTGGTG_008,141
TTCCTCGCCTGAGACTGGTG_009,67
TTCCTCGCCTGAGACTGGTG_010,40
TTCCTCGCCTGAGACTGGTG_011,32
AGTCGGAATCGGTGTTCCCG_001,129
AGTCGGAATCGGTGTTCCCG_002,109
AGTCGGAATCGGTGTTCCCG_003,109
AGTCGGAATCGGTGTTCCCG_004,153
AGTCGGAATCGGTGTTCCCG_005,127
AGTCGGAATCGGTGTTCCCG_006,78
AGTCGGAATCGGTGTTCCCG_007,8
AGTCGGAATCGGTGTTCCCG_008,12
AGTCGGAATCGGTGTTCCCG_009,117
AGTCGGAATCGGTGTTCCCG_010,150
AGTCGGAATCGGTGTTCCCG_011,187
AGTCGGAATCGGTGTTCCCG_012,152
AGTCGGAATCGGTGTTCCCG_013,115
AGTCGGAATCGGTGTTCCCG_014,175
AGTCGGAATCGGTGTTCCCG_015,49
CATACCCAGCGTGTCGCAAG_001,47
CATACCCAGCGTGTCGCAAG_002,34
CATACCCAGCGTGTCGCAAG_003,8
CATACCCAGCGTGTCGCAAG_004,42
AACTTGCCATCAACCCACTG_001,113
AACTTGCCATCAACCCACTG_002,155
AACTTGCCATCAACCCACTG_003,155
AACTTGCCATCAACCCACTG_004,21
AACTTGCCATCAACCCACTG_005,12
AACTTGCCATCAACCCACTG_006,5
AACTTGCCATCAACCCACTG_007,63
AACTTGCCATCAACCCACTG_008,175
AACTTGCCATCAACCCACTG_009,171
AACTTGCCATCAACCCACTG_010,181
AACTTGCCATCAACCCACTG_011,68
AACTTGCCATCAACCCACTG_012,174
AACTTGCCATCAACCCACTG_013,86
AACTTGCCATCAACCCACTG_014,2
AACTTGCCATCAACCCACTG_015,150
AACTTGCCATCAACCCACTG_016,6
AACTTGCCATCAACCCACTG_017,36
AACTTGCCATCAACCCACTG_018,16
AACTTGCCATCAACCCACTG_019,158
AACTTGCCATCAACCCACTG_020,128
AACTTGCCATCAACCCACTG_021,16
AACTTGCCATCAACCCACTG_022,197
AACTTGCCATCAACCCACTG_023,166
AACTTGCCATCAACCCACTG_024,131
AACTTGCCATCAACCCACTG_025,26
AACTTGCCATCAACCCACTG_026,84
AACTTGCCATCAACCCACTG_027,115
AACTTGCCATCAACCCACTG_028,154
AACTTGCCATCAACCCACTG_029,34
AACTTGCCATCAACCCACTG_030,42
AACTTGCCATCAACCCACTG_031,125
AACTTGCCATCAACCCACTG_032,135
AACTTGCCATCAACCCACTG_033,89
AACTTGCCATCAACCCACTG_034,39
AACTTGCCATCAACCCACTG_035,15
AACTTGCCATCAACCCACTG_036,144
AACTTGCCATCAACCCACTG_037,11
AACTTGCCATCAACCCACTG_038,19
AACTTGCCATCAACCCACTG_039,155
AACTTGCCATCAACCCACTG_040,136
AACTTGCCATCAACCCACTG_041,144
AACTTGCCATCAACCCACTG_042,32
AACTTGCCATCAACCCACTG_043,55
AACTTGCCATCAACCCACTG_044,190
AACTTGCCATCAACCCACTG_045,70
AACTTGCCATCAACCCACTG_046,42
AACTTGCCATCAACCCACTG_047,9
AACTTGCCATCAACCCACTG_048,161
AAAATGAGCCTTGAACACGA_001,191
AAAATGAGCCTTGAACACGA_002,127
AAAATGAGCCTTGAACACGA_003,181
AAAATGAGCCTTGAACACGA_004,9
AAAATGAGCCTTGAACACGA_005,96
AAAATGAGCCTTGAACACGA_006,168
AAAATGAGCCTTGAACACGA_007,69
AAAATGAGCCTTGAACACGA_008,162
AAAATGAGCCTTGAACACGA_009,15
AAAATGAGCCTTGAACACGA_010,49
AAAATGAGCCTTGAACACGA_011,61
AAAATGAGCCTTGAACACGA_012,15
AAAATGAGCCTTGAACACGA_013,175
AAAATGAGCCTTGAACACGA_014,197
AAAATGAGCCTTGAACACGA_015,43
AAAATGAGCCTTGAACACGA_016,126
AAAATGAGCCTTGAACACGA_017,35
GGGGTCTCAACCTGACCTTG_001,199
GGGGTCTCAACCTGACCTTG_002,184
GGGGTCTCAACCTGACCTTG_003,58
GGGGTCTCAACCTGACCTTG_004,25
GGGGTCTCAACCTGACCTTG_005,160
ACCTCACGGCGTCTGCCAGG_001,121
ACCTCACGGCGTCTGCCAGG_002,15
ACCTCACGGCGTCTGCCAGG_003,157
ACCTCACGGCGTCTGCCAGG_004,169
ACCTCACGGCGTCTGCCAGG_005,107
ACCTCACGGCGTCTGCCAGG_006,186
ACCTCACGGCGTCTGCCAGG_007,148
ACCTCACGGCGTCTGCCAGG_008,10
GCTGCTGAGAAAACCAAACA_001,91
GCTGCTGAGAAAACCAAACA_002,8
AGCCCACCTTGCCATTGAGT_001,12
AGCCCACCTTGCCATTGAGT_002,124
AGCCCACCTTGCCATTGAGT_003,94
AGCCCACCTTGCCATTGAGT_004,78
AGCCCACCTTGCCATTGAGT_005,9
AGCCCACCTTGCCATTGAGT_006,188
AGCCCACCTTGCCATTGAGT_007,92
AGCCCACCTTGCCATTGAGT_008,41
AGCCCACCTTGCCATTGAGT_009,104
AGCCCACCTTGCCATTGAGT_010,5
AGCCCACCTTGCCATTGAGT_011,144
AGCCCACCTTGCCATTGAGT_012,8
AGCCCACCTTGCCATTGAGT_013,47
AGCCCACCTTGCCATTGAGT_014,72
AGCCCACCTTGCCATTGAGT_015,67
AGCCCACCTTGCCATTGAGT_016,126
AGCCCACCTTGCCATTGAGT_017,170
GCAGCAGGAACAGCAGCCTG_001,183
GCAGCAGGAACAGCAGCCTG_002,60
TGCTGGCGCTGAGTACGTCG_001,178
GAGCGGTGGGCTGCGCTCAG_001,11
GAGCGGTGGGCTGCGCTCAG_002,121
GAGCGGTGGGCTGCGCTCAG_003,79
GAGCGGTGGGCTGCGCTCAG_004,6
GAGCGGTGGGCTGCGCTCAG_005,100
GAGCGGTGGGCTGCGCTCAG_006,141
GAGCGGTGGGCTGCGCTCAG_007,144
GAGCGGTGGGCTGCGCTCAG_008,147
GAGCGGTGGGCTGCGCTCAG_009,154
GAGCGGTGGGCTGCGCTCAG_010,84
GAGCGGTGGGCTGCGCTCAG_011,25
GAGCGGTGGGCTGCGCTCAG_012,184
CCAGCTGATGAATTCACCAC_001,63
CCAGCTGATGAATTCACCAC_002,92
CCAGCTGATGAATTCACCAC_003,70
CCAGCTGATGAATTCACCAC_004,60
CCAGCTGATGAATTCACCAC_005,164
CAGGTAAGAGTCGAGACCCG_001,15
CAGGTAAGAGTCGAGACCCG_002,156
CAGGTAAGAGTCGAGACCCG_003,61
CAGGTAAGAGTCGAGACCCG_004,177
CAGGTAAGAGTCGAGACCCG_005,23
CAGGTAAGAGTCGAGACCCG_006,37
CAGGTAAGAGTCGAGACCCG_007,127
CAGGTAAGAGTCGAGACCCG_008,94
CAGGTAAGAGTCGAGACCCG_009,150
CAGGTAAGAGTCGAGACCCG_010,45
CAGGTAAGAGTCGAGACCCG_011,132
CAGGTAAGAGTCGAGACCCG_012,191
CAGGTAAGAGTCGAGACCCG_013,49
CAGGTAAGAGTCGAGACCCG_014,94
CCATAGATAGACCAGACTTG_001,78
CCATAGATAGACCAGACTTG_002,78
CCATAGATAGACCAGACTTG_003,29
CCATAGATAGACCAGACTTG_004,157
CCATAGATAGACCAGACTTG_005,9
CCATAGATAGACCAGACTTG_006,130
CCATAGATAGACCAGACTTG_007,45
CCATAGATAGACCAGACTTG_008,175
CCATAGATAGACCAGACTTG_009,113
CCATAGATAGACCAGACTTG_010,16
CCATAGATAGACCAGACTTG_011,193
CCATAGATAGACCAGACTTG_012,21
GGGGACGTACACCTTGACCA_001,81
GGGGACGTACACCTTGACCA_002,146
GGGGACGTACACCTTGACCA_003,41
GGGGACGTACACCTTGACCA_004,67
GGGGACGTACACCTTGACCA_005,98
GGGGACGTACACCTTGACCA_006,177
GGGGACGTACACCTTGACCA_007,94
GGGGACGTACACCTTGACCA_008,10
GGGGACGTACACCTTGACCA_009,68
GGGGACGTACACCTTGACCA_010,63
GGGGACGTACACCTTGACCA_011,23
GGGGACGTACACCTTGACCA_012,117
GGGGACGTACACCTTGACCA_013,163
GGGGACGTACACCTTGACCA_014,133
GGGGACGTACACCTTGACCA_015,170
GGGGACGTACACCTTGACCA_016,29
GGGGACGTACACCTTGACCA_017,65
GAAGACATTCACAGCGACCG_001,106
GAAGACATTCACAGCGACCG_002,28
GAAGACATTCACAGCGACCG_003,146
GAAGACATTCACAGCGACCG_004,59
GAAGACATTCACAGCGACCG_005,72
GAAGACATTCACAGCGACCG_006,36
AATGTTCATCTCAGAAAACA_001,10
AATGTTCATCTCAGAAAACA_002,124
AATGTTCATCTCAGAAAACA_003,138
ATGGCCGAATCCAACACCCA_001,177
ATGGCCGAATCCAACACCCA_002,94
ATGGCCGAATCCAACACCCA_003,76
ATGGCCGAATCCAACACCCA_004,50
ATGGCCGAATCCAACACCCA_005,152
ATGGCCGAATCCAACACCCA_006,40
ATGGCCGAATCCAACACCCA_007,71
ATGGCCGAATCCAACACCCA_008,48
ATGGCCGAATCCAACACCCA_009,75
ATGGCCGAATCCAACACCCA_010,83
ATGGCCGAATCCAACACCCA_011,118
ATGGCCGAATCCAACACCCA_012,131
CAAGTTTGTCAAGAATCGAG_001,56
CAAGTTTGTCAAGAATCGAG_002,191
CAAGTTTGTCAAGAATCGAG_003,78
CAAGTTTGTCAAGAATCGAG_004,30
AATCAAGTTCGAGCACAACG_001,137
AATCAAGTTCGAGCACAACG_002,125
AATCAAGTTCGAGCACAACG_003,178
AATCAAGTTCGAGCACAACG_004,105
AATCAAGTTCGAGCACAACG_005,85
AATCAAGTTCGAGCACAACG_006,169
AATCAAGTTCGAGCACAACG_007,63
AATCAAGTTCGAGCACAACG_008,52
AATCAAGTTCGAGCACAACG_009,2
AATCAAGTTCGAGCACAACG_010,103
AATCAAGTTCGAGCACAACG_011,166
AATCAAGTTCGAGCACAACG_012,50
AATCAAGTTCGAGCACAACG_013,68
GCTTGAAGGTCATTGAGTGG_001,16
GCTTGAAGGTCATTGAGTGG_002,147
GCTTGAAGGTCATTGAGTGG_003,43
GCTTGAAGGTCATTGAGTGG_004,105
GCTTGAAGGTCATTGAGTGG_005,17
GCTTGAAGGTCATTGAGTGG_006,152
CGGACAGATTCATAAATGGA_001,183
CGGACAGATTCATAAATGGA_002,95
CGGACAGATTCATAAATGGA_003,17
CGGACAGATTCATAAATGGA_004,197
CGGACAGATTCATAAATGGA_005,137
CGGACAGATTCATAAATGGA_006,77
CGGACAGATTCATAAATGGA_007,193
CGGACAGATTCATAAATGGA_008,116
GAAGCTGCGCTTGAGGGCAT_001,162
GAAGCTGCGCTTGAGGGCAT_002,15
GAAGCTGCGCTTGAGGGCAT_003,177
GAAGCTGCGCTTGAGGGCAT_004,153
GAAGCTGCGCTTGAGGGCAT_005,43
GAAGCTGCGCTTGAGGGCAT_006,16
GAAGCTGCGCTTGAGGGCAT_007,48
GAAGCTGCGCTTGAGGGCAT_008,127
GAAGCTGCGCTTGAGGGCAT_009,15
GAAGCTGCGCTTGAGGGCAT_010,100
GAAGCTGCGCTTGAGGGCAT_011,82
GAAGCTGCGCTTGAGGGCAT_012,88
GAAGCTGCGCTTGAGGGCAT_013,158
GAAGCTGCGCTTGAGGGCAT_014,166
GAAGCTGCGCTTGAGGGCAT_015,174
GAAGCTGCGCTTGAGGGCAT_016,77
GAAGCTGCGCTTGAGGGCAT_017,169
GAAGCTGCGCTTGAGGGCAT_018,169
GAAGCTGCGCTTGAGGGCAT_019,68
GAAGCTGCGCTTGAGGGCAT_020,12
GAAGCTGCGCTTGAGGGCAT_021,52
GAAGCTGCGCTTGAGGGCAT_022,53
GAAGCTGCGCTTGAGGGCAT_023,0
GAAGCTGCGCTTGAGGGCAT_024,22
GAAGCTGCGCTTGAGGGCAT_025,174
GAAGCTGCGCTTGAGGGCAT_026,158
GAAGCTGCGCTTGAGGGCAT_027,34
GAAGCTGCGCTTGAGGGCAT_028,96
GAAGCTGCGCTTGAGGGCAT_029,101
GAAGCTGCGCTTGAGGGCAT_030,138
GAAGCTGCGCTTGAGGGCAT_031,18
AAAGTGCGAGTCAACACCCA_001,10
AAAGTGCGAGTCAACACCCA_002,167
AAAGTGCGAGTCAACACCCA_003,167
AAAGTGCGAGTCAACACCCA_004,100
AAAGTGCGAGTCAACACCCA_005,125
AAAGTGCGAGTCAACACCCA_006,183
AAAGTGCGAGTCAACACCCA_007,170
AGTTGGCTATAATCAATTTG_001,78
AGTTGGCTATAATCAATTTG_002,199
AGTTGGCTATAATCAATTTG_003,26
GAGTATGCTCCACCATCTAG_001,99
GAGTATGCTCCACCATCTAG_002,96
GAGTATGCTCCACCATCTAG_003,122
GAGTATGCTCCACCATCTAG_004,144
GAGTATGCTCCACCATCTAG_005,9
CCTACAAAAGGCCATAGACG_001,192
CCTACAAAAGGCCATAGACG_002,181
CCTACAAAAGGCCATAGACG_003,195
CCTACAAAAGGCCATAGACG_004,150
CCTACAAAAGGCCATAGACG_005,183
CCTACAAAAGGCCATAGACG_006,63
CCTACAAAAGGCCATAGACG_007,34
CCTACAAAAGGCCATAGACG_008,198
TGGGCTTATCTGAAGGACAT_001,38
TGGGCTTATCTGAAGGACAT_002,48
TGGGCTTATCTGAAGGACAT_003,182
TGGGCTTATCTGAAGGACAT_004,105
TGGGCTTATCTGAAGGACAT_005,126
TGGGCTTATCTGAAGGACAT_006,96
TGGGCTTATCTGAAGGACAT_007,144
TGGGCTTATCTGAAGGACAT_008,57
TGGGCTTATCTGAAGGACAT_009,184
TGGGCTTATCTGAAGGACAT_010,12
TGGGCTTATCTGAAGGACAT_011,140
TGGGCTTATCTGAAGGACAT_012,137
TGGGCTTATCTGAAGGACAT_013,197
TGGGCTTATCTGAAGGACAT_014,180
TGGGCTTATCTGAAGGACAT_015,131
AGTAACACATAGCGTCAAAG_001,0
AGTAACACATAGCGTCAAAG_002,184
AGTAACACATAGCGTCAAAG_003,35
AGTAACACATAGCGTCAAAG_004,40
AGTAACACATAGCGTCAAAG_005,198
CCACCTATATGTACTTAGCA_001,56
TGACGCTCCACGTCCGGACC_001,188
TGACGCTCCACGTCCGGACC_002,138
TGACGCTCCACGTCCGGACC_003,85
TGACGCTCCACGTCCGGACC_004,13
TGACGCTCCACGTCCGGACC_005,56
TGACGCTCCACGTCCGGACC_006,161
TGACGCTCCACGTCCGGACC_007,176
TGACGCTCCACGTCCGGACC_008,66
TGACGCTCCACGTCCGGACC_009,190
TGACGCTCCACGTCCGGACC_010,185
TGACGCTCCACGTCCGGACC_011,105
TGACGCTCCACGTCCGGACC_012,48
TGACGCTCCACGTCCGGACC_013,172
TGACGCTCCACGTCCGGACC_014,138
TGACGCTCCACGTCCGGACC_015,145
TGACGCTCCACGTCCGGACC_016,163
GATGTGCTGGATGTTCCCGA_001,169
GATGTGCTGGATGTTCCCGA_002,112
GATGTGCTGGATGTTCCCGA_003,76
GATGTGCTGGATGTTCCCGA_004,58
GATGTGCTGGATGTTCCCGA_005,4
GATGTGCTGGATGTTCCCGA_006,163
GATGTGCTGGATGTTCCCGA_007,45
GATGTGCTGGATGTTCCCGA_008,105
GATGTGCTGGATGTTCCCGA_009,85
GATGTGCTGGATGTTCCCGA_010,168
GATGTGCTGGATGTTCCCGA_011,94
GATGTGCTGGATGTTCCCGA_012,188
GATGTGCTGGATGTTCCCGA_013,59
GATGTGCTGGATGTTCCCGA_014,180
GATGTGCTGGATGTTCCCGA_015,153
GATGTGCTGGATGTTCCCGA_016,16
GATGTGCTGGATGTTCCCGA_017,43
GATGTGCTGGATGTTCCCGA_018,123
GATGTGCTGGATGTTCCCGA_019,127
GATGTGCTGGATGTTCCCGA_020,2
TCAATTGCAGACTTTGTCAG_001,183
TCAATTGCAGACTTTGTCAG_002,1
TCAATTGCAGACTTTGTCAG_003,188
TCAATTGCAGACTTTGTCAG_004,94
TCAATTGCAGACTTTGTCAG_005,31
TCAATTGCAGACTTTGTCAG_006,12
TCAATTGCAGACTTTGTCAG_007,0
TCAATTGCAGACTTTGTCAG_008,144
CTCCCTTCACCTTGAAAAGC_001,150
CTCCCTTCACCTTGAAAAGC_002,116
CTCCCTTCACCTTGAAAAGC_003,198
CTCCCTTCACCTTGAAAAGC_004,56
CTCCCTTCACCTTGAAAAGC_005,157
CTCCCTTCACCTTGAAAAGC_006,198
CTCCCTTCACCTTGAAAAGC_007,95
CTCCCTTCACCTTGAAAAGC_008,164
CTCCCTTCACCTTGAAAAGC_009,129
CTCCCTTCACCTTGAAAAGC_010,198
GGCGGGTCTTCAGTTCCCAG_001,169
GGCGGGTCTTCAGTTCCCAG_002,106
GGCGGGTCTTCAGTTCCCAG_003,88
GGCGGGTCTTCAGTTCCCAG_004,15
GGCGGGTCTTCAGTTCCCAG_005,124
GGCGGGTCTTCAGTTCCCAG_006,198
GGCGGGTCTTCAGTTCCCAG_007,93
GGCGGGTCTTCAGTTCCCAG_008,144
GGCGGGTCTTCAGTTCCCAG_009,188
GGCGGGTCTTCAGTTCCCAG_010,67
GGCGGGTCTTCAGTTCCCAG_011,55
GGCGGGTCTTCAGTTCCCAG_012,79
AGTCGAAGTTCCATCGCTCA_001,46
AGTCGAAGTTCCATCGCTCA_002,170
AGTCGAAGTTCCATCGCTCA_003,58
AGTCGAAGTTCCATCGCTCA_004,183
AGTCGAAGTTCCATCGCTCA_005,142
AGAAAGGAGTCTCCGCACTG_001,182
AGAAAGGAGTCTCCGCACTG_002,96
AGAAAGGAGTCTCCGCACTG_003,182
AGAAAGGAGTCTCCGCACTG_004,120
AGAAAGGAGTCTCCGCACTG_005,130
AGAAAGGAGTCTCCGCACTG_006,126
AGAAAGGAGTCTCCGCACTG_007,30
AGAAAGGAGTCTCCGCACTG_008,93
AGAAAGGAGTCTCCGCACTG_009,154
AGAAAGGAGTCTCCGCACTG_010,133
AGAAAGGAGTCTCCGCACTG_011,8
AGAAAGGAGTCTCCGCACTG_012,83
AGAAAGGAGTCTCCGCACTG_013,169
AGAAAGGAGTCTCCGCACTG_014,115
AGAAAGGAGTCTCCGCACTG_015,169
AGAAAGGAGTCTCCGCACTG_016,127
AGAAAGGAGTCTCCGCACTG_017,161
AGAAAGGAGTCTCCGCACTG_018,3
GAGACTGGAATGGCTGACAA_001,69
GAGACTGGAATGGCTGACAA_002,72
GAGACTGGAATGGCTGACAA_003,16
GAGACTGGAATGGCTGACAA_004,121
GAGACTGGAATGGCTGACAA_005,121
GAGACTGGAATGGCTGACAA_006,193
ATAGAGCACATGGCATCTCA_001,171
ATAGAGCACATGGCATCTCA_002,94
GCTCGGCTTACCCGTGCTGG_001,27
GCTCGGCTTACCCGTGCTGG_002,47
GGCCAATGAGGCCAACAAGA_001,169
GGCCAATGAGGCCAACAAGA_002,17
GGCCAATGAGGCCAACAAGA_003,43
GGCCAATGAGGCCAACAAGA_004,116
GGCCAATGAGGCCAACAAGA_005,105
GGCCAATGAGGCCAACAAGA_006,147
GGCCAATGAGGCCAACAAGA_007,49
GGCCAATGAGGCCAACAAGA_008,8
GGCCAATGAGGCCAACAAGA_009,78
GGCCAATGAGGCCAACAAGA_010,105
GGCCAATGAGGCCAACAAGA_011,171
GGCCAATGAGGCCAACAAGA_012,9
GGCCAATGAGGCCAACAAGA_013,165
ATGATGCCACCGAACTGTGG_001,150
ATGATGCCACCGAACTGTGG_002,144
ATGATGCCACCGAACTGTGG_003,8
ATGATGCCACCGAACTGTGG_004,128
ATGATGCCACCGAACTGTGG_005,55
ATGATGCCACCGAACTGTGG_006,148
ATGATGCCACCGAACTGTGG_007,77
ATGATGCCACCGAACTGTGG_008,53
ATGATGCCACCGAACTGTGG_009,116
ATGATGCCACCGAACTGTGG_010,19
ATGATGCCACCGAACTGTGG_011,32
ATGATGCCACCGAACTGTGG_012,61
ATGATGCCACCGAACTGTGG_013,102
ATGATGCCACCGAACTGTGG_014,77
ATGATGCCACCGAACTGTGG_015,144
ATGATGCCACCGAACTGTGG_016,48
ATGATGCCACCGAACTGTGG_017,169
ATGATGCCACCGAACTGTGG_018,173
ATGATGCCACCGAACTGTGG_019,19
ATGATGCCACCGAACTGTGG_020,178
ATGATGCCACCGAACTGTGG_021,149
ATGATGCCACCGAACTGTGG_022,58
ATGATGCCACCGAACTGTGG_023,92
ATGATGCCACCGAACTGTGG_024,27
ATGATGCCACCGAACTGTGG_025,51
ATGATGCCACCGAACTGTGG_026,66
ATGATGCCACCGAACTGTGG_027,168
ATGATGCCACCGAACTGTGG_028,182
ATGATGCCACCGAACTGTGG_029,27
TGAGTCAGGAGAGCCGAACG_001,81
TGAGTCAGGAGAGCCGAACG_002,134
TGAGTCAGGAGAGCCGAACG_003,183
TGAGTCAGGAGAGCCGAACG_004,186
TGAGTCAGGAGAGCCGAACG_005,103
TGAGTCAGGAGAGCCGAACG_006,13
TGAGTCAGGAGAGCCGAACG_007,61
TGAGTCAGGAGAGCCGAACG_008,63
TGAGTCAGGAGAGCCGAACG_009,199
TGAGTCAGGAGAGCCGAACG_010,17
TGAGTCAGGAGAGCCGAACG_011,149
TGAGTCAGGAGAGCCGAACG_012,142
TGAGTCAGGAGAGCCGAACG_013,197
CTCTACTATAGGTAGCTACA_001,191
CTCTACTATAGGTAGCTACA_002,169
CTCTACTATAGGTAGCTACA_003,185
TGGTGATACCGAAGTCACGT_001,133
TGGTGATACCGAAGTCACGT_002,145
TGGTGATACCGAAGTCACGT_003,175
TGGTGATACCGAAGTCACGT_004,70
TGGTGATACCGAAGTCACGT_005,156
TGGTGATACCGAAGTCACGT_006,1
TGGTGATACCGAAGTCACGT_007,16
TGGTGATACCGAAGTCACGT_008,131
CTGGAGTAGTACCTAAGATG_001,137
CTGGAGTAGTACCTAAGATG_002,127
CTGGAGTAGTACCTAAGATG_003,78
CTGGAGTAGTACCTAAGATG_004,137
CTGGAGTAGTACCTAAGATG_005,35
AGCTTGGCAAAGGATGAACT_001,198
AGCTTGGCAAAGGATGAACT_002,142
AGCTTGGCAAAGGATGAACT_003,144
AGCTTGGCAAAGGATGAACT_004,144
AGCTTGGCAAAGGATGAACT_005,162
AGCTTGGCAAAGGATGAACT_006,60
AGCTTGGCAAAGGATGAACT_007,185
AGCTTGGCAAAGGATGAACT_008,40
AGCTTGGCAAAGGATGAACT_009,70
AGCTTGGCAAAGGATGAACT_010,138
AGCTTGGCAAAGGATGAACT_011,124
AGCTTGGCAAAGGATGAACT_012,34
AGCTTGGCAAAGGATGAACT_013,40
AGCTTGGCAAAGGATGAACT_014,198
AGCTTGGCAAAGGATGAACT_015,31
CCTGCAGAGTTTAGCCACTT_001,48
CCTGCAGAGTTTAGCCACTT_002,4
CCTGCAGAGTTTAGCCACTT_003,55
CCTGCAGAGTTTAGCCACTT_004,141
CCTGCAGAGTTTAGCCACTT_005,127
CCTGCAGAGTTTAGCCACTT_006,7
CCTGCAGAGTTTAGCCACTT_007,156
CCTGCAGAGTTTAGCCACTT_008,37
CCTGCAGAGTTTAGCCACTT_009,118
CCTGCAGAGTTTAGCCACTT_010,191
CCTGCAGAGTTTAGCCACTT_011,127
CCTGCAGAGTTTAGCCACTT_012,169
CCTGCAGAGTTTAGCCACTT_013,174
CCTGCAGAGTTTAGCCACTT_014,145
CCTGCAGAGTTTAGCCACTT_015,185
CCTGCAGAGTTTAGCCACTT_016,193
CCTGCAGAGTTTAGCCACTT_017,175
CCTGCAGAGTTTAGCCACTT_018,116
CCTGCAGAGTTTAGCCACTT_019,51
GACATGGGTCCACCGCTATG_001,36
GACATGGGTCCACCGCTATG_002,137
GACATGGGTCCACCGCTATG_003,46
GACATGGGTCCACCGCTATG_004,49
GACATGGGTCCACCGCTATG_005,153
GACATGGGTCCACCGCTATG_006,170
GACATGGGTCCACCGCTATG_007,149
CTGTATGCTGAAATACGGGA_001,147
CTGTATGCTGAAATACGGGA_002,18
CTGTATGCTGAAATACGGGA_003,168
CTGTATGCTGAAATACGGGA_004,150
CTGTATGCTGAAATACGGGA_005,29
GCGTAGCATCCGGAAACATG_001,127
GCGTAGCATCCGGAAACATG_002,28
GCGTAGCATCCGGAAACATG_003,50
GCGTAGCATCCGGAAACATG_004,62
GCGTAGCATCCGGAAACATG_005,29
GCGTAGCATCCGGAAACATG_006,60
GCGTAGCATCCGGAAACATG_007,60
GCGTAGCATCCGGAAACATG_008,138
GCGTAGCATCCGGAAACATG_009,50
GCGTAGCATCCGGAAACATG_010,73
GCGTAGCATCCGGAAACATG_011,107
GCGTAGCATCCGGAAACATG_012,71
GCGTAGCATCCGGAAACATG_013,185
GCGTAGCATCCGGAAACATG_014,81
GCGTAGCATCCGGAAACATG_015,24
GCGTAGCATCCGGAAACATG_016,138
GCGTAGCATCCGGAAACATG_017,188
TCCGGGAACAATAACAGGCG_001,2
TCCGGGAACAATAACAGGCG_002,154
TCCGGGAACAATAACAGGCG_003,146
TCCGGGAACAATAACAGGCG_004,20
TTGCAGAAAAAATGGATCTG_001,49
TTGCAGAAAAAATGGATCTG_002,130
TTGCAGAAAAAATGGATCTG_003,36
TTGCAGAAAAAATGGATCTG_004,9
TTGCAGAAAAAATGGATCTG_005,107
TTGCAGAAAAAATGGATCTG_006,77
TTGCAGAAAAAATGGATCTG_007,111
TTGCAGAAAAAATGGATCTG_008,149
TTGCAGAAAAAATGGATCTG_009,105
TTGCAGAAAAAATGGATCTG_010,87
TTGCAGAAAAAATGGATCTG_011,166
TTGCAGAAAAAATGGATCTG_012,166
TTGCAGAAAAAATGGATCTG_013,166
TTGCAGAAAAAATGGATCTG_014,50
TTGCAGAAAAAATGGATCTG_015,49
TTGCAGAAAAAATGGATCTG_016,25
TTGCAGAAAAAATGGATCTG_017,58
TTTCAGGCAAGACATAACTT_001,137
TTTCAGGCAAGACATAACTT_002,56
TTTCAGGCAAGACATAACTT_003,184
TTTCAGGCAAGACATAACTT_004,42
TTTCAGGCAAGACATAACTT_005,3
TTTCAGGCAAGACATAACTT_006,197
TTTCAGGCAAGACATAACTT_007,3
TTTCAGGCAAGACATAACTT_008,68
GAGGGAAGGGTACTTACACT_001,102
GAGGGAAGGGTACTTACACT_002,94
GAGGGAAGGGTACTTACACT_003,180
GAGGGAAGGGTACTTACACT_004,67
GAGGGAAGGGTACTTACACT_005,48
GAGGGAAGGGTACTTACACT_006,25
GAGGGAAGGGTACTTACACT_007,41
GAGGGAAGGGTACTTACACT_008,191
GAGGGAAGGGTACTTACACT_009,174
GGTAGACGGGGCATCTCAGC_001,42
TACCCCCTGATATTGACCGG_001,177
TACCCCCTGATATTGACCGG_002,43
TACCCCCTGATATTGACCGG_003,127
TACCCCCTGATATTGACCGG_004,185
TACCCCCTGATATTGACCGG_005,160
TACCCCCTGATATTGACCGG_006,68
TACCCCCTGATATTGACCGG_007,63
TGCCGGCTGGACTACATCTA_001,88
TGCCGGCTGGACTACATCTA_002,135
TGCCGGCTGGACTACATCTA_003,169
TGCCGGCTGGACTACATCTA_004,111
TGCCGGCTGGACTACATCTA_005,115
TGCCGGCTGGACTACATCTA_006,79
TGCCGGCTGGACTACATCTA_007,52
TGCCGGCTGGACTACATCTA_008,137
TGCCGGCTGGACTACATCTA_009,189
TGCCGGCTGGACTACATCTA_010,146
TGCCGGCTGGACTACATCTA_011,189
TGCCGGCTGGACTACATCTA_012,1
TGCCGGCTGGACTACATCTA_013,127
TGCCGGCTGGACTACATCTA_014,190
TGCCGGCTGGACTACATCTA_015,41
TGCCGGCTGGACTACATCTA_016,58
TGCCGGCTGGACTACATCTA_017,76
TGCCGGCTGGACTACATCTA_018,183
TGCCGGCTGGACTACATCTA_019,101
TGCCGGCTGGACTACATCTA_020,53
TGCCGGCTGGACTACATCTA_021,70
TGCCGGCTGGACTACATCTA_022,121
TGCCGGCTGGACTACATCTA_023,116
TGCCGGCTGGACTACATCTA_024,142
TGCCGGCTGGACTACATCTA_025,172
TGCCGGCTGGACTACATCTA_026,29
TGCCGGCTGGACTACATCTA_027,36
TGCCGGCTGGACTACATCTA_028,28
TGCCGGCTGGACTACATCTA_029,130
TGCCGGCTGGACTACATCTA_030,142
TGCCGGCTGGACTACATCTA_031,84
TTTGCCGTTTGTGTTTCATG_001,13
TTTGCCGTTTGTGTTTCATG_002,2
TTTGCCGTTTGTGTTTCATG_003,17
TTTGCCGTTTGTGTTTCATG_004,169
TTTGCCGTTTGTGTTTCATG_005,13
TTTGCCGTTTGTGTTTCATG_006,67
TTTGCCGTTTGTGTTTCATG_007,185
TTTGCCGTTTGTGTTTCATG_008,100
TTTGCCGTTTGTGTTTCATG_009,197
CCTGCTGCTGTACAAAGACG_001,11
CCTGCTGCTGTACAAAGACG_002,123
CCTGCTGCTGTACAAAGACG_003,181
CCTGCTGCTGTACAAAGACG_004,83
CCTGCTGCTGTACAAAGACG_005,102
CCTGCTGCTGTACAAAGACG_006,62
CCTGCTGCTGTACAAAGACG_007,28
CCTGCTGCTGTACAAAGACG_008,168
ACCAGTGAGACACTGCGTGT_001,3
ACCAGTGAGACACTGCGTGT_002,191
ACCAGTGAGACACTGCGTGT_003,35
ACCAGTGAGACACTGCGTGT_004,94
ACCAGTGAGACACTGCGTGT_005,82
ACCAGTGAGACACTGCGTGT_006,172
ACCAGTGAGACACTGCGTGT_007,29
ACCAGTGAGACACTGCGTGT_008,55
ACCAGTGAGACACTGCGTGT_009,178
ACCAGTGAGACACTGCGTGT_010,6
ACCAGTGAGACACTGCGTGT_011,145
ACCAGTGAGACACTGCGTGT_012,50
ACCAGTGAGACACTGCGTGT_013,121
ACCAGTGAGACACTGCGTGT_014,34
ACCAGTGAGACACTGCGTGT_015,101
ACCAGTGAGACACTGCGTGT_016,83
ACCAGTGAGACACTGCGTGT_017,65
ACCAGTGAGACACTGCGTGT_018,111
ACCAGTGAGACACTGCGTGT_019,67
ACCAGTGAGACACTGCGTGT_020,116
ACCAGTGAGACACTGCGTGT_021,106
ACCAGTGAGACACTGCGTGT_022,158
ACCAGTGAGACACTGCGTGT_023,172
ACCAGTGAGACACTGCGTGT_024,121
ACCAGTGAGACACTGCGTGT_025,161
ACCAGTGAGACACTGCGTGT_026,36
ACCAGTGAGACACTGCGTGT_027,19
ACCAGTGAGACACTGCGTGT_028,60
ACCAGTGAGACACTGCGTGT_029,28
CAGTCTGATGCAATATAGTG_001,60
CAACCACCCAAAGACCTCTA_001,53
CAACCACCCAAAGACCTCTA_002,198
CAACCACCCAAAGACCTCTA_003,191
CAACCACCCAAAGACCTCTA_004,41
CAACCACCCAAAGACCTCTA_005,69
GGTGACAGAGTACAACCCTG_001,152
GGTGACAGAGTACAACCCTG_002,159
GGTGACAGAGTACAACCCTG_003,112
GGTGACAGAGTACAACCCTG_004,42
GGTGACAGAGTACAACCCTG_005,1
GGTGACAGAGTACAACCCTG_006,68
GGTGACAGAGTACAACCCTG_007,43
GGTGACAGAGTACAACCCTG_008,160
CATGGGGTTTCGGAAAGACA_001,45
CATGGGGTTTCGGAAAGACA_002,127
CATGGGGTTTCGGAAAGACA_003,150
CATGGGGTTTCGGAAAGACA_004,96
CATGGGGTTTCGGAAAGACA_005,111
CATGGGGTTTCGGAAAGACA_006,126
CATGGGGTTTCGGAAAGACA_007,177
CATGGGGTTTCGGAAAGACA_008,96
CATGGGGTTTCGGAAAGACA_009,139
CATGGGGTTTCGGAAAGACA_010,99
CATGGGGTTTCGGAAAGACA_011,145
CATGGGGTTTCGGAAAGACA_012,187
GTGCTGGTGTAAACTAACCT_001,166
TGTGCTTGGCCAAAGCATCG_001,78
TGTGCTTGGCCAAAGCATCG_002,128
TGTGCTTGGCCAAAGCATCG_003,34
TGTGCTTGGCCAAAGCATCG_004,34
TGGGACCCGTCCCCGCGTCG_001,172
TGGGACCCGTCCCCGCGTCG_002,96
TGGGACCCGTCCCCGCGTCG_003,42
TGGGACCCGTCCCCGCGTCG_004,42
TGGGACCCGTCCCCGCGTCG_005,162
TGGGACCCGTCCCCGCGTCG_006,188
TGGGACCCGTCCCCGCGTCG_007,82
TGGGACCCGTCCCCGCGTCG_008,95
TGGGACCCGTCCCCGCGTCG_009,62
TGGGACCCGTCCCCGCGTCG_010,114
TGGGACCCGTCCCCGCGTCG_011,114
TGGGACCCGTCCCCGCGTCG_012,25
TGGGACCCGTCCCCGCGTCG_013,91
TGGGACCCGTCCCCGCGTCG_014,180
TGGGACCCGTCCCCGCGTCG_015,185
TGGGACCCGTCCCCGCGTCG_016,70
TGGGACCCGTCCCCGCGTCG_017,162
TGGGACCCGTCCCCGCGTCG_018,66
TGGGACCCGTCCCCGCGTCG_019,10
TGGGACCCGTCCCCGCGTCG_020,39
TGGGACCCGTCCCCGCGTCG_021,183
TGGGACCCGTCCCCGCGTCG_022,126
TGGGACCCGTCCCCGCGTCG_023,3
TGGGACCCGTCCCCGCGTCG_024,8
TGGGACCCGTCCCCGCGTCG_025,138
TGGGACCCGTCCCCGCGTCG_026,68
TTTAAGATCCCTTCTACTCG_001,43
TTTAAGATCCCTTCTACTCG_002,118
CGGAAGGACATGATCCGCTG_001,176
CGGAAGGACATGATCCGCTG_002,176
CGGAAGGACATGATCCGCTG_003,60
CGGAAGGACATGATCCGCTG_004,157
CGGAAGGACATGATCCGCTG_005,91
CGGAAGGACATGATCCGCTG_006,151
CGGAAGGACATGATCCGCTG_007,106
CGGAAGGACATGATCCGCTG_008,28
CACCCCACAGCCCTCAGGTT_001,191
CACCCCACAGCCCTCAGGTT_002,23
CACCCCACAGCCCTCAGGTT_003,134
ATCTAACACTCACCGAGGGG_001,194
ATCTAACACTCACCGAGGGG_002,5
ATCTAACACTCACCGAGGGG_003,83
ATCTAACACTCACCGAGGGG_004,49
ATCTAACACTCACCGAGGGG_005,48
ATCTAACACTCACCGAGGGG_006,50
ATCTAACACTCACCGAGGGG_007,2
ATCTAACACTCACCGAGGGG_008,117
ATCTAACACTCACCGAGGGG_009,50
ATCTAACACTCACCGAGGGG_010,185
ATCTAACACTCACCGAGGGG_011,34
ATCTAACACTCACCGAGGGG_012,5
ATCTAACACTCACCGAGGGG_013,98
ATCTAACACTCACCGAGGGG_014,117
ATCTAACACTCACCGAGGGG_015,61
ATCTAACACTCACCGAGGGG_016,170
ATCTAACACTCACCGAGGGG_017,39
GTTCTGTGTCAGTGTTCGCA_001,43
GTTCTGTGTCAGTGTTCGCA_002,38
GTTCTGTGTCAGTGTTCGCA_003,0
GTTCTGTGTCAGTGTTCGCA_004,17
GTTCTGTGTCAGTGTTCGCA_005,188
GTTCTGTGTCAGTGTTCGCA_006,183
GTTCTGTGTCAGTGTTCGCA_007,63
TCCCATGACTTGTTGTCATG_001,138
TCCCATGACTTGTTGTCATG_002,138
TCCCATGACTTGTTGTCATG_003,135
TCCCATGACTTGTTGTCATG_004,103
TCCCATGACTTGTTGTCATG_005,158
TCCCATGACTTGTTGTCATG_006,88
TCCCATGACTTGTTGTCATG_007,94
TCCCATGACTTGTTGTCATG_008,88
TCCCATGACTTGTTGTCATG_009,63
TCCCATGACTTGTTGTCATG_010,168
CTATGGTGGCATACTGACAA_001,6
CTATGGTGGCATACTGACAA_002,199
GGGCTGTGATGCCGAGCGTG_001,175
GGGCTGTGATGCCGAGCGTG_002,163
GGGCTGTGATGCCGAGCGTG_003,188
GGGCTGTGATGCCGAGCGTG_004,34
GGGCTGTGATGCCGAGCGTG_005,121
GGGCTGTGATGCCGAGCGTG_006,147
GGGCTGTGATGCCGAGCGTG_007,102
GGGCTGTGATGCCGAGCGTG_008,80
GGGCTGTGATGCCGAGCGTG_009,48
GGGCTGTGATGCCGAGCGTG_010,0
GGGCTGTGATGCCGAGCGTG_011,130
GGGCTGTGATGCCGAGCGTG_012,187
GGGCTGTGATGCCGAGCGTG_013,141
GGGCTGTGATGCCGAGCGTG_014,89
GGGCTGTGATGCCGAGCGTG_015,104
GACCAGCGGGACCTCAACGT_001,174
GACCAGCGGGACCTCAACGT_002,8
GACCAGCGGGACCTCAACGT_003,142
GACCAGCGGGACCTCAACGT_004,104
GACCAGCGGGACCTCAACGT_005,163
GACCAGCGGGACCTCAACGT_006,68
GACCAGCGGGACCTCAACGT_007,144
GACCAGCGGGACCTCAACGT_008,173
GACCAGCGGGACCTCAACGT_009,199
GACCAGCGGGACCTCAACGT_010,199
GACCAGCGGGACCTCAACGT_011,48
GACCAGCGGGACCTCAACGT_012,187
GACCAGCGGGACCTCAACGT_013,16
GACCAGCGGGACCTCAACGT_014,27
CATCCCACGGAATGTGACCT_001,194
CATCCCACGGAATGTGACCT_002,118
CATCCCACGGAATGTGACCT_003,150
CATCCCACGGAATGTGACCT_004,111
CATCCCACGGAATGTGACCT_005,74
CATCCCACGGAATGTGACCT_006,34
CATCCCACGGAATGTGACCT_007,149
CATCCCACGGAATGTGACCT_008,115
GCTCGGCATGCAGTTCGGCG_001,8
GCTCGGCATGCAGTTCGGCG_002,116
TGCGGTCGTAGGTCCACGAA_001,68
TGCGGTCGTAGGTCCACGAA_002,72
TGCGGTCGTAGGTCCACGAA_003,103
TGCGGTCGTAGGTCCACGAA_004,115
TGGTACTCGAAGAATTGCCT_001,16
TGGTACTCGAAGAATTGCCT_002,156
TGGTACTCGAAGAATTGCCT_003,199
TGGTACTCGAAGAATTGCCT_004,21
TGGTACTCGAAGAATTGCCT_005,37
TGGTACTCGAAGAATTGCCT_006,37
TCAATTACGATTATCGGTGG_001,0
TGTACTAAAGTGGAACACAA_001,101
TGTACTAAAGTGGAACACAA_002,141
TGTACTAAAGTGGAACACAA_003,97
TGTACTAAAGTGGAACACAA_004,150
TGTACTAAAGTGGAACACAA_005,88
TGTACTAAAGTGGAACACAA_006,88
TGTACTAAAGTGGAACACAA_007,127
TGTACTAAAGTGGAACACAA_008,81
TGTACTAAAGTGGAACACAA_009,170
AGGACGCCGACCGATCCTGT_001,91
AGGACGCCGACCGATCCTGT_002,36
AGGACGCCGACCGATCCTGT_003,12
AGGACGCCGACCGATCCTGT_004,123
AGGACGCCGACCGATCCTGT_005,130
AGGACGCCGACCGATCCTGT_006,0
AGGACGCCGACCGATCCTGT_007,121
AGGACGCCGACCGATCCTGT_008,79
AGGACGCCGACCGATCCTGT_009,18
AGGACGCCGACCGATCCTGT_010,150
AGGACGCCGACCGATCCTGT_011,46
AGGACGCCGACCGATCCTGT_012,141
AGGACGCCGACCGATCCTGT_013,50
AGGACGCCGACCGATCCTGT_014,49
AGGACGCCGACCGATCCTGT_015,146
AGGACGCCGACCGATCCTGT_016,57
AGGACGCCGACCGATCCTGT_017,102
AGGACGCCGACCGATCCTGT_018,84
AGGACGCCGACCGATCCTGT_019,32
AGGACGCCGACCGATCCTGT_020,104
AGGACGCCGACCGATCCTGT_021,59
AGGACGCCGACCGATCCTGT_022,106
AGGACGCCGACCGATCCTGT_023,152
GCCCTGAAGGGATCTCCACG_001,73
GCCCTGAAGGGATCTCCACG_002,140
GCCCTGAAGGGATCTCCACG_003,139
GCCCTGAAGGGATCTCCACG_004,169
GCCCTGAAGGGATCTCCACG_005,85
GCCCTGAAGGGATCTCCACG_006,50
GCCCTGAAGGGATCTCCACG_007,14
GCCCTGAAGGGATCTCCACG_008,97
GCCCTGAAGGGATCTCCACG_009,148
GCCCTGAAGGGATCTCCACG_010,174
GCCCTGAAGGGATCTCCACG_011,179
GCCCTGAAGGGATCTCCACG_012,76
GCCCTGAAGGGATCTCCACG_013,184
GCCCTGAAGGGATCTCCACG_014,123
GCCCTGAAGGGATCTCCACG_015,137
GCCCTGAAGGGATCTCCACG_016,47
GCCCTGAAGGGATCTCCACG_017,166
TGTATTCCAGAGATAGTCAG_001,32
TGTATTCCAGAGATAGTCAG_002,113
TGTATTCCAGAGATAGTCAG_003,197
TGTATTCCAGAGATAGTCAG_004,186
TGTATTCCAGAGATAGTCAG_005,186
TGTATTCCAGAGATAGTCAG_006,133
TGTATTCCAGAGATAGTCAG_007,44
TGTATTCCAGAGATAGTCAG_008,63
TGTATTCCAGAGATAGTCAG_009,44
TGTATTCCAGAGATAGTCAG_010,116
TGTATTCCAGAGATAGTCAG_011,187
CTCTCCTGCTGAAGAGACAT_001,131
CTCTCCTGCTGAAGAGACAT_002,174
TCCCACCGTCCAAGACCTGT_001,169
TCCCACCGTCCAAGACCTGT_002,41
TCCCACCGTCCAAGACCTGT_003,173
TCCCACCGTCCAAGACCTGT_004,141
TCCCACCGTCCAAGACCTGT_005,148
TCCCACCGTCCAAGACCTGT_006,134
TCCCACCGTCCAAGACCTGT_007,174
TCCCACCGTCCAAGACCTGT_008,3
GCTGTGGCTCTACCACACAG_001,175
GCTGTGGCTCTACCACACAG_002,175
GCTGTGGCTCTACCACACAG_003,148
GCTGTGGCTCTACCACACAG_004,191
AAGTCAGGTTAACGTACACC_001,3
AAGTCAGGTTAACGTACACC_002,118
AAGTCAGGTTAACGTACACC_003,175
AAGTCAGGTTAACGTACACC_004,149
AAGTCAGGTTAACGTACACC_005,118
AAGTCAGGTTAACGTACACC_006,160
AAGTCAGGTTAACGTACACC_007,191
AAGTCAGGTTAACGTACACC_008,166
AAGTCAGGTTAACGTACACC_009,170
AAGTCAGGTTAACGTACACC_010,112
AAGTCAGGTTAACGTACACC_011,157
AAGTCAGGTTAACGTACACC_012,47
AAGTCAGGTTAACGTACACC_013,64
AAGTCAGGTTAACGTACACC_014,171
AAGTCAGGTTAACGTACACC_015,159
GTACCGGGAGCGGTACTGCA_001,163
GTACCGGGAGCGGTACTGCA_002,158
GTACCGGGAGCGGTACTGCA_003,77
GTACCGGGAGCGGTACTGCA_004,42
GTACCGGGAGCGGTACTGCA_005,57
GTACCGGGAGCGGTACTGCA_006,36
GTACCGGGAGCGGTACTGCA_007,155
GTACCGGGAGCGGTACTGCA_008,5
GTACCGGGAGCGGTACTGCA_009,12
GTACCGGGAGCGGTACTGCA_010,199
GTACCGGGAGCGGTACTGCA_011,100
GTACCGGGAGCGGTACTGCA_012,194
GTACCGGGAGCGGTACTGCA_013,76
GTACCGGGAGCGGTACTGCA_014,76
GTACCGGGAGCGGTACTGCA_015,12
GTACCGGGAGCGGTACTGCA_016,1
GTACCGGGAGCGGTACTGCA_017,98
GTACCGGGAGCGGTACTGCA_018,147
GTACCGGGAGCGGTACTGCA_019,168
GTACCGGGAGCGGTACTGCA_020,168
GTACCGGGAGCGGTACTGCA_021,141
GTACCGGGAGCGGTACTGCA_022,88
GTACCGGGAGCGGTACTGCA_023,27
GTACCGGGAGCGGTACTGCA_024,82
GTACCGGGAGCGGTACTGCA_025,19
TGGCCTATCCCAGACTCCAG_001,164
TGGCCTATCCCAGACTCCAG_002,164
TGGCCTATCCCAGACTCCAG_003,62
TGGCCTATCCCAGACTCCAG_004,19
TGGCCTATCCCAGACTCCAG_005,183
TGGCCTATCCCAGACTCCAG_006,181
TGGCCTATCCCAGACTCCAG_007,121
TGGCCTATCCCAGACTCCAG_008,92
TGGCCTATCCCAGACTCCAG_009,148
TGGCCTATCCCAGACTCCAG_010,149
TGGCCTATCCCAGACTCCAG_011,173
TTCTATGAATGTGCCATGAG_001,105
TTCTATGAATGTGCCATGAG_002,157
TTCTATGAATGTGCCATGAG_003,70
TTCTATGAATGTGCCATGAG_004,183
TTCTATGAATGTGCCATGAG_005,163
TTCTATGAATGTGCCATGAG_006,29
TTCTATGAATGTGCCATGAG_007,156
TTCTATGAATGTGCCATGAG_008,76
TTCTATGAATGTGCCATGAG_009,14
GGGCAACGCGCAGCACACGA_001,184
GGGCAACGCGCAGCACACGA_002,57
GGGCAACGCGCAGCACACGA_003,190
GGGCAACGCGCAGCACACGA_004,88
GGGCAACGCGCAGCACACGA_005,48
GGGCAACGCGCAGCACACGA_006,163
GGGCAACGCGCAGCACACGA_007,95
GGGCAACGCGCAGCACACGA_008,143
GGGCAACGCGCAGCACACGA_009,114
GGGCAACGCGCAGCACACGA_010,190
GGGCAACGCGCAGCACACGA_011,41
ATAGGACACAATCATTTGGG_001,66
ATAGGACACAATCATTTGGG_002,90
ATAGGACACAATCATTTGGG_003,66
ATAGGACACAATCATTTGGG_004,172
CCGCAACCACGTCCACGTGT_001,187
CCGCAACCACGTCCACGTGT_002,2
TCAACACCAACATCGATGGG_001,63
TCAACACCAACATCGATGGG_002,92
TCAACACCAACATCGATGGG_003,67
TCAACACCAACATCGATGGG_004,176
CCAGGCAGGCAGTCGCGCCG_001,32
CCAGGCAGGCAGTCGCGCCG_002,112
CCAGGCAGGCAGTCGCGCCG_003,148
CCAGGCAGGCAGTCGCGCCG_004,32
CCAGGCAGGCAGTCGCGCCG_005,9
CCAGGCAGGCAGTCGCGCCG_006,154
CCAGGCAGGCAGTCGCGCCG_007,81
CCAGGCAGGCAGTCGCGCCG_008,112
CCAGGCAGGCAGTCGCGCCG_009,181
CCAGGCAGGCAGTCGCGCCG_010,97
CCAGGCAGGCAGTCGCGCCG_011,97
CCAGGCAGGCAGTCGCGCCG_012,115
CCAGGCAGGCAGTCGCGCCG_013,156
CCAGGCAGGCAGTCGCGCCG_014,117
CCAGGCAGGCAGTCGCGCCG_015,32
CCAGGCAGGCAGTCGCGCCG_016,174
CCAGGCAGGCAGTCGCGCCG_017,153
CCAGGCAGGCAGTCGCGCCG_018,57
CCAGGCAGGCAGTCGCGCCG_019,67
CCAGGCAGGCAGTCGCGCCG_020,125
CCAAGACTCCACCTATAACG_001,138
CCAAGACTCCACCTATAACG_002,162
ACGTGACAATTATGATCAGT_001,152
TGCAATTACGAAGAGAGCCG_001,1
TGCAATTACGAAGAGAGCCG_002,78
TGCAATTACGAAGAGAGCCG_003,38
TGCAATTACGAAGAGAGCCG_004,168
TGCAATTACGAAGAGAGCCG_005,188
TGCAATTACGAAGAGAGCCG_006,142
TGCAATTACGAAGAGAGCCG_007,199
GTATATTGAACTCCGTCATG_001,126
GTATATTGAACTCCGTCATG_002,174
GTATATTGAACTCCGTCATG_003,199
AGGCACGTGACACGCCGCCG_001,40
AGGCACGTGACACGCCGCCG_002,196
AGGCACGTGACACGCCGCCG_003,57
AGGCACGTGACACGCCGCCG_004,43
AGGCACGTGACACGCCGCCG_005,181
AGGCACGTGACACGCCGCCG_006,5
AGGCACGTGACACGCCGCCG_007,1
AGGCACGTGACACGCCGCCG_008,125
AGGCACGTGACACGCCGCCG_009,70
AGGCACGTGACACGCCGCCG_010,156
AGGCACGTGACACGCCGCCG_011,153
AGGCACGTGACACGCCGCCG_012,175
AGGCACGTGACACGCCGCCG_013,82
AGGCACGTGACACGCCGCCG_014,134
AGGCACGTGACACGCCGCCG_015,72
AGGCACGTGACACGCCGCCG_016,177
AGGCACGTGACACGCCGCCG_017,133
AGGCACGTGACACGCCGCCG_018,11
AATGACCGTAAGAAGCGAGG_001,77
AATGACCGTAAGAAGCGAGG_002,115
AATGACCGTAAGAAGCGAGG_003,106
AATGACCGTAAGAAGCGAGG_004,158
AATGACCGTAAGAAGCGAGG_005,75
AATGACCGTAAGAAGCGAGG_006,17
AATGACCGTAAGAAGCGAGG_007,9
AATGACCGTAAGAAGCGAGG_008,121
AATGACCGTAAGAAGCGAGG_009,181
AATGACCGTAAGAAGCGAGG_010,51
CAAAGCATGAAAGACGTCCG_001,177
CAAAGCATGAAAGACGTCCG_002,180
CAAAGCATGAAAGACGTCCG_003,113
CAAAGCATGAAAGACGTCCG_004,28
CAAAGCATGAAAGACGTCCG_005,38
TCAGATGCAAGATTAATGAG_001,127
TCAGATGCAAGATTAATGAG_002,101
TCAGATGCAAGATTAATGAG_003,7
TCAGATGCAAGATTAATGAG_004,181
TCAGATGCAAGATTAATGAG_005,72
TCAGATGCAAGATTAATGAG_006,53
TCAGATGCAAGATTAATGAG_007,132
TCAGATGCAAGATTAATGAG_008,58
TCAGATGCAAGATTAATGAG_009,198
TCAGATGCAAGATTAATGAG_010,28
TCAGATGCAAGATTAATGAG_011,179
TCAGATGCAAGATTAATGAG_012,92
TCAGATGCAAGATTAATGAG_013,186
TCAGATGCAAGATTAATGAG_014,175
AAAGACGTGGACTGTTTCGG_001,112
AAAGACGTGGACTGTTTCGG_002,15
AAAGACGTGGACTGTTTCGG_003,103
CTGTGTTAAAGGGCCTACAA_001,108
CTGTGTTAAAGGGCCTACAA_002,13
CTGTGTTAAAGGGCCTACAA_003,115
CTGTGTTAAAGGGCCTACAA_004,104
TGTGATCTACCTGCTAGGCA_001,117
TGTGATCTACCTGCTAGGCA_002,170
TGTGATCTACCTGCTAGGCA_003,35
TGTGATCTACCTGCTAGGCA_004,144
TGTGATCTACCTGCTAGGCA_005,34
TGTGATCTACCTGCTAGGCA_006,125
TGTGATCTACCTGCTAGGCA_007,107
TGTGATCTACCTGCTAGGCA_008,28
GAAGTAATAAGCGAGCGAAG_001,44
GAAGTAATAAGCGAGCGAAG_002,160
GAAGTAATAAGCGAGCGAAG_003,52
GAAGTAATAAGCGAGCGAAG_004,102
GAAGTAATAAGCGAGCGAAG_005,172
GAAGTAATAAGCGAGCGAAG_006,100
GAAGTAATAAGCGAGCGAAG_007,191
GAAGTAATAAGCGAGCGAAG_008,16
GAAGTAATAAGCGAGCGAAG_009,76
GAAGTAATAAGCGAGCGAAG_010,59
GAAGTAATAAGCGAGCGAAG_011,169
GAAGTAATAAGCGAGCGAAG_012,44
GAAGTAATAAGCGAGCGAAG_013,127
CGAGGGCGATCTATACAACT_001,94
GAGATGATGCTATATGTGAA_001,37
GAGATGATGCTATATGTGAA_002,104
GAGATGATGCTATATGTGAA_003,68
GAGATGATGCTATATGTGAA_004,146
GAGATGATGCTATATGTGAA_005,179
TGGTCAGCTCTATACTACTG_001,58
TGATGCGGCTTCAGTTCTTG_001,11
AAGTTGTATGCAGTTAACCA_001,184
AAGTTGTATGCAGTTAACCA_002,82
AGAACGTTGACGAAGCACGA_001,102
AGAACGTTGACGAAGCACGA_002,198
AGAACGTTGACGAAGCACGA_003,46
AGAACGTTGACGAAGCACGA_004,137
AGAACGTTGACGAAGCACGA_005,172
AGAACGTTGACGAAGCACGA_006,56
AGAACGTTGACGAAGCACGA_007,120
AGAACGTTGACGAAGCACGA_008,48
AGAACGTTGACGAAGCACGA_009,162
AGAACGTTGACGAAGCACGA_010,195
AGAACGTTGACGAAGCACGA_011,53
AGAACGTTGACGAAGCACGA_012,37
AGAACGTTGACGAAGCACGA_013,80
AGAACGTTGACGAAGCACGA_014,60
AGAACGTTGACGAAGCACGA_015,22
AGAACGTTGACGAAGCACGA_016,22
AGAACGTTGACGAAGCACGA_017,161
AGAACGTTGACGAAGCACGA_018,161
AGAACGTTGACGAAGCACGA_019,146
AGAACGTTGACGAAGCACGA_020,40
AGAACGTTGACGAAGCACGA_021,80
CCGCGCAGCTTGTAGTTGCG_001,177
CCGCGCAGCTTGTAGTTGCG_002,70
CCGCGCAGCTTGTAGTTGCG_003,142
CCGCGCAGCTTGTAGTTGCG_004,4
CCGCGCAGCTTGTAGTTGCG_005,191
CCGCGCAGCTTGTAGTTGCG_006,29
CCGCGCAGCTTGTAGTTGCG_007,55
CCGCGCAGCTTGTAGTTGCG_008,28
CCGCGCAGCTTGTAGTTGCG_009,151
CCGCGCAGCTTGTAGTTGCG_010,28
CCGCGCAGCTTGTAGTTGCG_011,145
CCGCGCAGCTTGTAGTTGCG_012,82
CCGCGCAGCTTGTAGTTGCG_013,188
CCGCGCAGCTTGTAGTTGCG_014,1
CCGCGCAGCTTGTAGTTGCG_015,43
CCGCGCAGCTTGTAGTTGCG_016,107
CCGCGCAGCTTGTAGTTGCG_017,79
CCGCGCAGCTTGTAGTTGCG_018,149
CCGCGCAGCTTGTAGTTGCG_019,94
CCGCGCAGCTTGTAGTTGCG_020,81
CCGCGCAGCTTGTAGTTGCG_021,168
CCGCGCAGCTTGTAGTTGCG_022,141
CCGCGCAGCTTGTAGTTGCG_023,157
CCGCGCAGCTTGTAGTTGCG_024,68
CCGCGCAGCTTGTAGTTGCG_025,89
CCGCGCAGCTTGTAGTTGCG_026,56
CCGCGCAGCTTGTAGTTGCG_027,107
CCGCGCAGCTTGTAGTTGCG_028,2
CCGCGCAGCTTGTAGTTGCG_029,88
CCGCGCAGCTTGTAGTTGCG_030,78
CCGCGCAGCTTGTAGTTGCG_031,115
CCGCGCAGCTTGTAGTTGCG_032,2
CCGCGCAGCTTGTAGTTGCG_033,169
CCGCGCAGCTTGTAGTTGCG_034,106
CCGCGCAGCTTGTAGTTGCG_035,149
CCGCGCAGCTTGTAGTTGCG_036,122
CCGCGCAGCTTGTAGTTGCG_037,28
CCGCGCAGCTTGTAGTTGCG_038,119
CCGCGCAGCTTGTAGTTGCG_039,48
CCGCGCAGCTTGTAGTTGCG_040,117
TTTCAGAGGATCCGATGATG_001,16
TTTCAGAGGATCCGATGATG_002,61
TTTCAGAGGATCCGATGATG_003,88
TTTCAGAGGATCCGATGATG_004,83
TTTCAGAGGATCCGATGATG_005,169
TTTCAGAGGATCCGATGATG_006,48
TTTCAGAGGATCCGATGATG_007,78
TTTCAGAGGATCCGATGATG_008,147
TTTCAGAGGATCCGATGATG_009,37
TTTCAGAGGATCCGATGATG_010,39
CATGAGCCATCCACCATCGC_001,156
CATGAGCCATCCACCATCGC_002,55
CATGAGCCATCCACCATCGC_003,118
CATGAGCCATCCACCATCGC_004,87
CATGAGCCATCCACCATCGC_005,149
CATGAGCCATCCACCATCGC_006,118
CATGAGCCATCCACCATCGC_007,102
CTTTATCCAGCATGAAGTCG_001,115
CTTTATCCAGCATGAAGTCG_002,149
CTTTATCCAGCATGAAGTCG_003,140
CTTTATCCAGCATGAAGTCG_004,81
CTTTATCCAGCATGAAGTCG_005,188
CTTTATCCAGCATGAAGTCG_006,188
CTTTATCCAGCATGAAGTCG_007,31
GAAAGTGATTGAGCAGAATG_001,97
GAAAGTGATTGAGCAGAATG_002,13
GAAAGTGATTGAGCAGAATG_003,46
GAAAGTGATTGAGCAGAATG_004,121
GAGCTCAAGATCGTGCCCGA_001,191
GAGCTCAAGATCGTGCCCGA_002,81
GAGCTCAAGATCGTGCCCGA_003,66
GGAGTACAGCAGCAACACCA_001,119
GGAGTACAGCAGCAACACCA_002,45
GGAGTACAGCAGCAACACCA_003,168
GGAGTACAGCAGCAACACCA_004,192
GGAGTACAGCAGCAACACCA_005,197
GGAGTACAGCAGCAACACCA_006,69
GGAGTACAGCAGCAACACCA_007,65
GGAGTACAGCAGCAACACCA_008,127
GGAGTACAGCAGCAACACCA_009,104
GGAGTACAGCAGCAACACCA_010,9
GGAGTACAGCAGCAACACCA_011,116
GGAGTACAGCAGCAACACCA_012,180
GGAGTACAGCAGCAACACCA_013,163
AGCACCCGAAGCGATCAGCC_001,159
AGCACCCGAAGCGATCAGCC_002,87
AGCACCCGAAGCGATCAGCC_003,140
AGCACCCGAAGCGATCAGCC_004,162
AGCACCCGAAGCGATCAGCC_005,62
AGCACCCGAAGCGATCAGCC_006,172
AGCACCCGAAGCGATCAGCC_007,118
AGCACCCGAAGCGATCAGCC_008,158
GTCTTTGTATTGAAGCAACA_001,138
CGTGACGCGACCTAGCGAGG_001,7
CGTGACGCGACCTAGCGAGG_002,144
CGTGACGCGACCTAGCGAGG_003,86
CGTGACGCGACCTAGCGAGG_004,104
TCAGAACCCATGCGGCAGCA_001,175
TCAGAACCCATGCGGCAGCA_002,162
TCAGAACCCATGCGGCAGCA_003,122
TCAGAACCCATGCGGCAGCA_004,165
TGGAATGAGATAGAAGTGTG_001,73
TGGAATGAGATAGAAGTGTG_002,169
TGGAATGAGATAGAAGTGTG_003,16
TGGAATGAGATAGAAGTGTG_004,107
TGGAATGAGATAGAAGTGTG_005,42
TGGAATGAGATAGAAGTGTG_006,38
TGGAATGAGATAGAAGTGTG_007,107
TGGAATGAGATAGAAGTGTG_008,56
TGGAATGAGATAGAAGTGTG_009,28
TGGAATGAGATAGAAGTGTG_010,61
TGGAATGAGATAGAAGTGTG_011,128
TGGAATGAGATAGAAGTGTG_012,26
TGGAATGAGATAGAAGTGTG_013,72
TGGAATGAGATAGAAGTGTG_014,20
TGGAATGAGATAGAAGTGTG_015,147
TGGAATGAGATAGAAGTGTG_016,31
TGGAATGAGATAGAAGTGTG_017,121
TGGAATGAGATAGAAGTGTG_018,90
ACAATTGATGGATAGCGAAG_001,106
ACAATTGATGGATAGCGAAG_002,160
CTCTTCTACAGAGAACCTGG_001,125
CTCTTCTACAGAGAACCTGG_002,98
CTCTTCTACAGAGAACCTGG_003,127
CTCTTCTACAGAGAACCTGG_004,91
CTCTTCTACAGAGAACCTGG_005,145
CTCTTCTACAGAGAACCTGG_006,198
CTCTTCTACAGAGAACCTGG_007,41
CTCTTCTACAGAGAACCTGG_008,150
CTCTTCTACAGAGAACCTGG_009,169
CTCTTCTACAGAGAACCTGG_010,67
CTCTTCTACAGAGAACCTGG_011,187
GAGTTTGACCGAGACCGGGA_001,106
GAGTTTGACCGAGACCGGGA_002,70
GAGTTTGACCGAGACCGGGA_003,16
GAGTTTGACCGAGACCGGGA_004,53
GAGTTTGACCGAGACCGGGA_005,86
GAGTTTGACCGAGACCGGGA_006,146
GAGTTTGACCGAGACCGGGA_007,63
GAGTTTGACCGAGACCGGGA_008,79
GAGTTTGACCGAGACCGGGA_009,37
GTTCTCCCGAAGCATCTGCA_001,113
GTTCTCCCGAAGCATCTGCA_002,41
GTTCTCCCGAAGCATCTGCA_003,62
GTTCTCCCGAAGCATCTGCA_004,126
GTTCTCCCGAAGCATCTGCA_005,47
TCTTTGAGAAGCATAAAGAG_001,149
TCTTTGAGAAGCATAAAGAG_002,78
TCTTTGAGAAGCATAAAGAG_003,168
TCTTTGAGAAGCATAAAGAG_004,15
TCTTTGAGAAGCATAAAGAG_005,44
TCTTTGAGAAGCATAAAGAG_006,158
TCTTTGAGAAGCATAAAGAG_007,107
TCTTTGAGAAGCATAAAGAG_008,78
TCTTTGAGAAGCATAAAGAG_009,96
TCTTTGAGAAGCATAAAGAG_010,97
TCTTTGAGAAGCATAAAGAG_011,104
TCTTTGAGAAGCATAAAGAG_012,28
TCTTTGAGAAGCATAAAGAG_013,68
AAGAACATCACCCAGATCGT_001,197
AAGAACATCACCCAGATCGT_002,40
AAGAACATCACCCAGATCGT_003,94
AAGAACATCACCCAGATCGT_004,170
AAGAACATCACCCAGATCGT_005,151
TGTCTGAGAAAAGCTGTGAT_001,43
TGTCTGAGAAAAGCTGTGAT_002,17
ACCTGGTTAATACTGACAGA_001,107
ACCTGGTTAATACTGACAGA_002,39
TTGCAAGTCTGGCTCATGGG_001,129
TTGCAAGTCTGGCTCATGGG_002,8
TTGCAAGTCTGGCTCATGGG_003,60
TTGCAAGTCTGGCTCATGGG_004,7
TTGCAAGTCTGGCTCATGGG_005,147
TTGCAAGTCTGGCTCATGGG_006,116
TTGCAAGTCTGGCTCATGGG_007,50
TTGCAAGTCTGGCTCATGGG_008,184
TTGCAAGTCTGGCTCATGGG_009,65
TTGCAAGTCTGGCTCATGGG_010,22
TTGCAAGTCTGGCTCATGGG_011,196
TTGCAAGTCTGGCTCATGGG_012,183
TTGCAAGTCTGGCTCATGGG_013,186
TTGCAAGTCTGGCTCATGGG_014,151
GGGTCAGAAAGATTCCTACG_001,41
GGGTCAGAAAGATTCCTACG_002,58
GGGTCAGAAAGATTCCTACG_003,153
GGGGGAAGAAGTCCGTAACC_001,174
GGGGGAAGAAGTCCGTAACC_002,72
GGGGGAAGAAGTCCGTAACC_003,148
GGGGGAAGAAGTCCGTAACC_004,169
GGGGGAAGAAGTCCGTAACC_005,64
GGGGGAAGAAGTCCGTAACC_006,188
GGGGGAAGAAGTCCGTAACC_007,188
GGGGGAAGAAGTCCGTAACC_008,101
TTGTTGGCTATCACACCGCG_001,65
TTGTTGGCTATCACACCGCG_002,124
CCCAAGAGGATGTCCGTACG_001,54
CCCAAGAGGATGTCCGTACG_002,77
CCCAAGAGGATGTCCGTACG_003,29
CCCAAGAGGATGTCCGTACG_004,62
CCCAAGAGGATGTCCGTACG_005,21
GGGTCTTCAGTAACACGCAG_001,188
GGGTCTTCAGTAACACGCAG_002,55
GGGTCTTCAGTAACACGCAG_003,106
GGGTCTTCAGTAACACGCAG_004,102
GGGTCTTCAGTAACACGCAG_005,136
GGGTCTTCAGTAACACGCAG_006,183
GGGTCTTCAGTAACACGCAG_007,69
GGGTCTTCAGTAACACGCAG_008,6
GGGTCTTCAGTAACACGCAG_009,6
GAGAGACTCGATGCAAGGCG_001,199
GAGAGACTCGATGCAAGGCG_002,18
GAGAGACTCGATGCAAGGCG_003,126
GAGAGACTCGATGCAAGGCG_004,150
GAGAGACTCGATGCAAGGCG_005,162
GAGAGACTCGATGCAAGGCG_006,69
GAGAGACTCGATGCAAGGCG_007,140
GAGAGACTCGATGCAAGGCG_008,191
GAGAGACTCGATGCAAGGCG_009,196
GAGAGACTCGATGCAAGGCG_010,27
GAGAGACTCGATGCAAGGCG_011,184
GAGAGACTCGATGCAAGGCG_012,42
GAGAGACTCGATGCAAGGCG_013,50
GAGAGACTCGATGCAAGGCG_014,100
GAGAGACTCGATGCAAGGCG_015,108
GAGAGACTCGATGCAAGGCG_016,55
GAGAGACTCGATGCAAGGCG_017,149
GAGAGACTCGATGCAAGGCG_018,38
GAGAGACTCGATGCAAGGCG_019,41
GAGAGACTCGATGCAAGGCG_020,148
GAGAGACTCGATGCAAGGCG_021,3
GAGAGACTCGATGCAAGGCG_022,138
GAGAGACTCGATGCAAGGCG_023,13
GCTCGATGAACCACAACATG_001,8
GCTCGATGAACCACAACATG_002,115
GCTCGATGAACCACAACATG_003,163
GCTCGATGAACCACAACATG_004,132
GCTCGATGAACCACAACATG_005,4
GCTCGATGAACCACAACATG_006,58
GCTCGATGAACCACAACATG_007,199
GCTCGATGAACCACAACATG_008,127
GCTCGATGAACCACAACATG_009,162
GCTCGATGAACCACAACATG_010,31
GCTCGATGAACCACAACATG_011,145
TAGGCGTGCATGAAGTAGCG_001,103
TAGGCGTGCATGAAGTAGCG_002,177
TAGGCGTGCATGAAGTAGCG_003,180
TAGGCGTGCATGAAGTAGCG_004,188
TAGGCGTGCATGAAGTAGCG_005,158
TAGGCGTGCATGAAGTAGCG_006,69
CAGCGGCTGCCGGAACACTG_001,0
CAGCGGCTGCCGGAACACTG_002,46
CAGCGGCTGCCGGAACACTG_003,78
CAGCGGCTGCCGGAACACTG_004,2
CAGCGGCTGCCGGAACACTG_005,130
CAGCGGCTGCCGGAACACTG_006,182
CAGCGGCTGCCGGAACACTG_007,158
CAGCGGCTGCCGGAACACTG_008,196
CAGCGGCTGCCGGAACACTG_009,139
CAGCGGCTGCCGGAACACTG_010,133
CAGCGGCTGCCGGAACACTG_011,133
CAGCGGCTGCCGGAACACTG_012,173
CAGCGGCTGCCGGAACACTG_013,38
CAGCGGCTGCCGGAACACTG_014,192
CAGCGGCTGCCGGAACACTG_015,22
CAGCGGCTGCCGGAACACTG_016,140
CAGCGGCTGCCGGAACACTG_017,107
CAGCGGCTGCCGGAACACTG_018,163
CAGCGGCTGCCGGAACACTG_019,152
CAGCGGCTGCCGGAACACTG_020,84
CAGCGGCTGCCGGAACACTG_021,68
CAGCGGCTGCCGGAACACTG_022,68
CAGCGGCTGCCGGAACACTG_023,34
CAGCGGCTGCCGGAACACTG_024,34
CAGCGGCTGCCGGAACACTG_025,81
CAGCGGCTGCCGGAACACTG_026,105
CAGCGGCTGCCGGAACACTG_027,52
CAGCGGCTGCCGGAACACTG_028,118
CAGCGGCTGCCGGAACACTG_029,190
CAGCGGCTGCCGGAACACTG_030,20
CAGCGGCTGCCGGAACACTG_031,174
CAGCGGCTGCCGGAACACTG_032,68
CAGCGGCTGCCGGAACACTG_033,1
CAGCGGCTGCCGGAACACTG_034,63
CGACTCCTATGGAAAACAGG_001,34
CGACTCCTATGGAAAACAGG_002,47
CGACTCCTATGGAAAACAGG_003,1
CGACTCCTATGGAAAACAGG_004,187
CGACTCCTATGGAAAACAGG_005,165
CGACTCCTATGGAAAACAGG_006,148
CGACTCCTATGGAAAACAGG_007,61
CGACTCCTATGGAAAACAGG_008,67
CGACTCCTATGGAAAACAGG_009,132
CGACTCCTATGGAAAACAGG_010,58
CGACTCCTATGGAAAACAGG_011,88
CGACTCCTATGGAAAACAGG_012,12
CGACTCCTATGGAAAACAGG_013,59
CGACTCCTATGGAAAACAGG_014,120
CGACTCCTATGGAAAACAGG_015,69
CGACTCCTATGGAAAACAGG_016,12
CGACTCCTATGGAAAACAGG_017,72
CGACTCCTATGGAAAACAGG_018,60
CGACTCCTATGGAAAACAGG_019,168
CGACTCCTATGGAAAACAGG_020,158
CGACTCCTATGGAAAACAGG_021,158
CGACTCCTATGGAAAACAGG_022,42
CCACCTAACTGCCGTATGTG_001,48
CCACCTAACTGCCGTATGTG_002,112
CCACCTAACTGCCGTATGTG_003,35
CCACCTAACTGCCGTATGTG_004,166
CCACCTAACTGCCGTATGTG_005,92
CCACCTAACTGCCGTATGTG_006,183
CCACCTAACTGCCGTATGTG_007,176
CCACCTAACTGCCGTATGTG_008,118
CCACCTAACTGCCGTATGTG_009,177
TTAGTAGTGAAGCATTGATG_001,22
TTAGTAGTGAAGCATTGATG_002,158
TTAGTAGTGAAGCATTGATG_003,113
TTAGTAGTGAAGCATTGATG_004,25
TTAGTAGTGAAGCATTGATG_005,102
TTAGTAGTGAAGCATTGATG_006,17
TTAGTAGTGAAGCATTGATG_007,41
TTAGTAGTGAAGCATTGATG_008,104
TTAGTAGTGAAGCATTGATG_009,198
TTAGTAGTGAAGCATTGATG_010,98
TTAGTAGTGAAGCATTGATG_011,162
TTAGTAGTGAAGCATTGATG_012,88
TTAGTAGTGAAGCATTGATG_013,26
TTAGTAGTGAAGCATTGATG_014,162
TTAGTAGTGAAGCATTGATG_015,42
TTAGTAGTGAAGCATTGATG_016,166
TTAGTAGTGAAGCATTGATG_017,82
TTAGTAGTGAAGCATTGATG_018,40
TTAGTAGTGAAGCATTGATG_019,17
TTAGTAGTGAAGCATTGATG_020,191
TTAGTAGTGAAGCATTGATG_021,182
TTAGTAGTGAAGCATTGATG_022,149
TTAGTAGTGAAGCATTGATG_023,146
CAAGGAGGTAACCAACCCCA_001,72
CAAGGAGGTAACCAACCCCA_002,72
CAAGGAGGTAACCAACCCCA_003,123
CAAGGAGGTAACCAACCCCA_004,123
CAAGGAGGTAACCAACCCCA_005,105
CAAGGAGGTAACCAACCCCA_006,162
CAAGGAGGTAACCAACCCCA_007,96
CAAGGAGGTAACCAACCCCA_008,147
CAAGGAGGTAACCAACCCCA_009,41
CAAGGAGGTAACCAACCCCA_010,26
CAAGGAGGTAACCAACCCCA_011,81
CAAGGAGGTAACCAACCCCA_012,50
CAAGGAGGTAACCAACCCCA_013,178
CAAGGAGGTAACCAACCCCA_014,138
CAAGGAGGTAACCAACCCCA_015,98
ACACCACTGTCACTCGAGCG_001,82
ACACCACTGTCACTCGAGCG_002,80
ACACCACTGTCACTCGAGCG_003,80
ACACCACTGTCACTCGAGCG_004,58
TCCCGCGATTATGCAAGATG_001,34
TCCCGCGATTATGCAAGATG_002,19
TCCCGCGATTATGCAAGATG_003,169
TCATAGTGATTGCCCCACAG_001,176
TCATAGTGATTGCCCCACAG_002,150
AGGGTACATGACATAGTCGG_001,181
AGGGTACATGACATAGTCGG_002,156
AGGGTACATGACATAGTCGG_003,158
AGGGTACATGACATAGTCGG_004,179
AGGGTACATGACATAGTCGG_005,96
GGTCAGGGTGGCCACAATCG_001,25
GGTCAGGGTGGCCACAATCG_002,122
GCAGTGGGCTCACATATCAG_001,5
GCAGTGGGCTCACATATCAG_002,62
GCAGTGGGCTCACATATCAG_003,41
GCAGTGGGCTCACATATCAG_004,116
GCAGTGGGCTCACATATCAG_005,79
GCAGTGGGCTCACATATCAG_006,164
GCAGTGGGCTCACATATCAG_007,96
GCAGTGGGCTCACATATCAG_008,6
TGGGCGGTGATGGAGATGCG_001,166
TGGGCGGTGATGGAGATGCG_002,181
TGGGCGGTGATGGAGATGCG_003,154
TGGGCGGTGATGGAGATGCG_004,60
TGGGCGGTGATGGAGATGCG_005,87
TGGGCGGTGATGGAGATGCG_006,75
TGGGCGGTGATGGAGATGCG_007,113
TGGGCGGTGATGGAGATGCG_008,94
TGGGCGGTGATGGAGATGCG_009,16
TGGGCGGTGATGGAGATGCG_010,117
TGGGCGGTGATGGAGATGCG_011,170
CCAGTTAATACTGAACCGGA_001,80
AAAACAACACCCCATACGTG_001,144
AAAACAACACCCCATACGTG_002,157
AAAACAACACCCCATACGTG_003,27
AAAACAACACCCCATACGTG_004,105
AAAACAACACCCCATACGTG_005,181
AAAACAACACCCCATACGTG_006,68
AAAACAACACCCCATACGTG_007,0
AAAACAACACCCCATACGTG_008,124
AAAACAACACCCCATACGTG_009,60
AAAACAACACCCCATACGTG_010,95
AAAACAACACCCCATACGTG_011,194
AAAACAACACCCCATACGTG_012,185
AAAACAACACCCCATACGTG_013,185
AAAACAACACCCCATACGTG_014,140
AAAACAACACCCCATACGTG_015,162
AAAACAACACCCCATACGTG_016,82
AAAACAACACCCCATACGTG_017,134
AAAACAACACCCCATACGTG_018,45
AAAACAACACCCCATACGTG_019,13
AAAACAACACCCCATACGTG_020,60
AAAACAACACCCCATACGTG_021,191
AAAACAACACCCCATACGTG_022,17
AAAACAACACCCCATACGTG_023,17
AAAACAACACCCCATACGTG_024,112
AAAACAACACCCCATACGTG_025,138
AAAACAACACCCCATACGTG_026,35
AAAACAACACCCCATACGTG_027,180
CGAGTGCGTCTACAACCGCG_001,83
CGAGTGCGTCTACAACCGCG_002,108
CGAGTGCGTCTACAACCGCG_003,78
CGAGTGCGTCTACAACCGCG_004,27
CGAGTGCGTCTACAACCGCG_005,77
GATGGCCGCACCATCCACAG_001,102
GATGGCCGCACCATCCACAG_002,43
GATGGCCGCACCATCCACAG_003,102
GATGGCCGCACCATCCACAG_004,179
GATGGCCGCACCATCCACAG_005,69
GATGGCCGCACCATCCACAG_006,55
GATGGCCGCACCATCCACAG_007,154
GATGGCCGCACCATCCACAG_008,31
GATGGCCGCACCATCCACAG_009,151
GATGGCCGCACCATCCACAG_010,2
GATGGCCGCACCATCCACAG_011,149
GATGGCCGCACCATCCACAG_012,155
GATGGCCGCACCATCCACAG_013,60
GATGGCCGCACCATCCACAG_014,58
GATGGCCGCACCATCCACAG_015,147
GATGGCCGCACCATCCACAG_016,188
GATGGCCGCACCATCCACAG_017,51
GATGGCCGCACCATCCACAG_018,28
GATGGCCGCACCATCCACAG_019,70
GATGGCCGCACCATCCACAG_020,74
AGCCGCAAATTAAAGAGTCA_001,189
AGCCGCAAATTAAAGAGTCA_002,166
AGCCGCAAATTAAAGAGTCA_003,47
AGCCGCAAATTAAAGAGTCA_004,47
AGCCGCAAATTAAAGAGTCA_005,48
CCGAGCCCATTGTCTATCGA_001,20
CCGAGCCCATTGTCTATCGA_002,47
CCGAGCCCATTGTCTATCGA_003,97
CCGAGCCCATTGTCTATCGA_004,125
CCGAGCCCATTGTCTATCGA_005,102
CCGAGCCCATTGTCTATCGA_006,115
CCGAGCCCATTGTCTATCGA_007,150
CCGAGCCCATTGTCTATCGA_008,163
CCGAGCCCATTGTCTATCGA_009,41
CCGAGCCCATTGTCTATCGA_010,96
CCGAGCCCATTGTCTATCGA_011,70
CCGAGCCCATTGTCTATCGA_012,37
CCGAGCCCATTGTCTATCGA_013,166
CCGAGCCCATTGTCTATCGA_014,70
CCGAGCCCATTGTCTATCGA_015,10
TCTTGGCAAATGGTGCAAGG_001,172
TCTTGGCAAATGGTGCAAGG_002,90
TCTTGGCAAATGGTGCAAGG_003,17
TCTTGGCAAATGGTGCAAGG_004,198
TCTTGGCAAATGGTGCAAGG_005,34
TCTTGGCAAATGGTGCAAGG_006,152
TCTTGGCAAATGGTGCAAGG_007,158
TCTTGGCAAATGGTGCAAGG_008,148
TCTTGGCAAATGGTGCAAGG_009,44
TCTTGGCAAATGGTGCAAGG_010,42
TCTTGGCAAATGGTGCAAGG_011,188
GCTGTAGACTCTCCGTCACA_001,46
GGGACGCGAAAGAAACCAGT_001,144
GGGACGCGAAAGAAACCAGT_002,30
GGGACGCGAAAGAAACCAGT_003,105
GGGACGCGAAAGAAACCAGT_004,60
GGGACGCGAAAGAAACCAGT_005,34
GGGACGCGAAAGAAACCAGT_006,190
GGGACGCGAAAGAAACCAGT_007,124
GGGACGCGAAAGAAACCAGT_008,166
GGGACGCGAAAGAAACCAGT_009,148
GGGACGCGAAAGAAACCAGT_010,141
GGGACGCGAAAGAAACCAGT_011,84
GGGACGCGAAAGAAACCAGT_012,131
GGGACGCGAAAGAAACCAGT_013,169
GGGACGCGAAAGAAACCAGT_014,28
GGGACGCGAAAGAAACCAGT_015,170
GGGACGCGAAAGAAACCAGT_016,23
GGGACGCGAAAGAAACCAGT_017,149
GGGACGCGAAAGAAACCAGT_018,135
GGTCTGAGTCCGCTCTCCGC_001,143
GGTCTGAGTCCGCTCTCCGC_002,130
TTTCAAGTGTCTACCTGGGC_001,20
TTTCAAGTGTCTACCTGGGC_002,82
TTTCAAGTGTCTACCTGGGC_003,56
TTTCAAGTGTCTACCTGGGC_004,1
TTTCAAGTGTCTACCTGGGC_005,158
TTTCAAGTGTCTACCTGGGC_006,141
TTTCAAGTGTCTACCTGGGC_007,84
GAGAATATGCAGGTGTCCAG_001,188
GAGAATATGCAGGTGTCCAG_002,121
GAGAATATGCAGGTGTCCAG_003,15
GAGAATATGCAGGTGTCCAG_004,154
GAGAATATGCAGGTGTCCAG_005,154
GAGAATATGCAGGTGTCCAG_006,132
GAGAATATGCAGGTGTCCAG_007,192
GAGAATATGCAGGTGTCCAG_008,90
GAGAATATGCAGGTGTCCAG_009,128
GAGAATATGCAGGTGTCCAG_010,185
GAGAATATGCAGGTGTCCAG_011,186
GAGAATATGCAGGTGTCCAG_012,40
GAGAATATGCAGGTGTCCAG_013,134
GAGAATATGCAGGTGTCCAG_014,3
GAGAATATGCAGGTGTCCAG_015,180
ACAGCAGTGGATGTTCCCCT_001,82
ACAGCAGTGGATGTTCCCCT_002,148
ACAGCAGTGGATGTTCCCCT_003,76
ACAGCAGTGGATGTTCCCCT_004,58
ACAGCAGTGGATGTTCCCCT_005,130
ACAGCAGTGGATGTTCCCCT_006,158
ACAGCAGTGGATGTTCCCCT_007,147
GTTCTTTGAGGCTGTAAACG_001,76
GTTCTTTGAGGCTGTAAACG_002,88
GTTCTTTGAGGCTGTAAACG_003,105
GTTCTTTGAGGCTGTAAACG_004,150
GTTCTTTGAGGCTGTAAACG_005,38
GTTCTTTGAGGCTGTAAACG_006,165
GAACCAGAACCATTATTTGG_001,38
GAACCAGAACCATTATTTGG_002,102
AGATAACTATGTTCATCGAC_001,127
CTGGTGGGATGACAAGACAA_001,75
ACAGAGTCCTGTCACGAATG_001,111
ACAGAGTCCTGTCACGAATG_002,85
ACAGAGTCCTGTCACGAATG_003,20
ACAGAGTCCTGTCACGAATG_004,32
ACAGAGTCCTGTCACGAATG_005,6
ACAGAGTCCTGTCACGAATG_006,167
GTCATAGACAGGGTTCACCA_001,32
GTCATAGACAGGGTTCACCA_002,83
GTCATAGACAGGGTTCACCA_003,104
GTCATAGACAGGGTTCACCA_004,92
GTCATAGACAGGGTTCACCA_005,65
GTCATAGACAGGGTTCACCA_006,53
GTCATAGACAGGGTTCACCA_007,74
GTCATAGACAGGGTTCACCA_008,13
GTCATAGACAGGGTTCACCA_009,61
GTCATAGACAGGGTTCACCA_010,175
GTCATAGACAGGGTTCACCA_011,44
GTCATAGACAGGGTTCACCA_012,159
GTCATAGACAGGGTTCACCA_013,42
GTCATAGACAGGGTTCACCA_014,47
GTCATAGACAGGGTTCACCA_015,37
GTCATAGACAGGGTTCACCA_016,50
GTCATAGACAGGGTTCACCA_017,22
GTCATAGACAGGGTTCACCA_018,107
GTCATAGACAGGGTTCACCA_019,154
GTCATAGACAGGGTTCACCA_020,69
GTCATAGACAGGGTTCACCA_021,38
GTCATAGACAGGGTTCACCA_022,37
GTCATAGACAGGGTTCACCA_023,102
GTCATAGACAGGGTTCACCA_024,114
ACATCCGAACCATCCATCTG_001,188
ACATCCGAACCATCCATCTG_002,67
ACATCCGAACCATCCATCTG_003,113
ACATCCGAACCATCCATCTG_004,134
ACATCCGAACCATCCATCTG_005,178
ACATCCGAACCATCCATCTG_006,161
ACATCCGAACCATCCATCTG_007,44
ACATCCGAACCATCCATCTG_008,190
ACATCCGAACCATCCATCTG_009,127
ACATCCGAACCATCCATCTG_010,199
ACATCCGAACCATCCATCTG_011,168
ACATCCGAACCATCCATCTG_012,133
ACATCCGAACCATCCATCTG_013,161
ACATCCGAACCATCCATCTG_014,175
ACATCCGAACCATCCATCTG_015,188
ACATCCGAACCATCCATCTG_016,1
ACATCCGAACCATCCATCTG_017,9
ACATCCGAACCATCCATCTG_018,40
ACATCCGAACCATCCATCTG_019,118
ACATCCGAACCATCCATCTG_020,28
ACATCCGAACCATCCATCTG_021,26
ACATCCGAACCATCCATCTG_022,10
ACATCCGAACCATCCATCTG_023,9
GCTGCTCCAAAAAATTCTCG_001,102
GCTGCTCCAAAAAATTCTCG_002,32
GCTGCTCCAAAAAATTCTCG_003,3
GCTGCTCCAAAAAATTCTCG_004,117
GCTGCTCCAAAAAATTCTCG_005,0
GCGGGGACGCTCGTGGACTG_001,74
GCGGGGACGCTCGTGGACTG_002,89
GCGGGGACGCTCGTGGACTG_003,75
GCGGGGACGCTCGTGGACTG_004,36
GCGGGGACGCTCGTGGACTG_005,103
GCGGGGACGCTCGTGGACTG_006,142
GCGGGGACGCTCGTGGACTG_007,166
GCGGGGACGCTCGTGGACTG_008,151
GCGGGGACGCTCGTGGACTG_009,70
TGAGATTTAAAAAGTAACCT_001,29
TTTCTGGAGCTAAACTTCAA_001,84
TTTCTGGAGCTAAACTTCAA_002,24
TTTCTGGAGCTAAACTTCAA_003,176
TTTCTGGAGCTAAACTTCAA_004,181
TTTCTGGAGCTAAACTTCAA_005,54
TTTCTGGAGCTAAACTTCAA_006,42
TTTCTGGAGCTAAACTTCAA_007,38
TTTCTGGAGCTAAACTTCAA_008,61
TTTCTGGAGCTAAACTTCAA_009,115
CACCTGCTGTGATAATCACT_001,133
CACCTGCTGTGATAATCACT_002,168
CACCTGCTGTGATAATCACT_003,49
ACCAAGCGAGGAAAGTCAGG_001,178
ACCAAGCGAGGAAAGTCAGG_002,157
ACCAAGCGAGGAAAGTCAGG_003,177
ACCAAGCGAGGAAAGTCAGG_004,170
ACCAAGCGAGGAAAGTCAGG_005,153
ACCAAGCGAGGAAAGTCAGG_006,142
ACCAAGCGAGGAAAGTCAGG_007,44
ACCAAGCGAGGAAAGTCAGG_008,40
ACCAAGCGAGGAAAGTCAGG_009,60
ACCAAGCGAGGAAAGTCAGG_010,49
ACCAAGCGAGGAAAGTCAGG_011,6
ACCAAGCGAGGAAAGTCAGG_012,47
CCAAAGCACCTCGTTCTCGG_001,35
CCAAAGCACCTCGTTCTCGG_002,76
CCAAAGCACCTCGTTCTCGG_003,140
CCAAAGCACCTCGTTCTCGG_004,121
CCAAAGCACCTCGTTCTCGG_005,75
CCAAAGCACCTCGTTCTCGG_006,113
CCAAAGCACCTCGTTCTCGG_007,4
CCAAAGCACCTCGTTCTCGG_008,136
CCAAAGCACCTCGTTCTCGG_009,137
CCAAAGCACCTCGTTCTCGG_010,161
TCGGCATTATGGCTGTCGCA_001,27
ACCTTTGACACCAACAGCGA_001,140
ACCTTTGACACCAACAGCGA_002,15
ACCTTTGACACCAACAGCGA_003,8
ACCTTTGACACCAACAGCGA_004,169
ACCTTTGACACCAACAGCGA_005,1
ACCTTTGACACCAACAGCGA_006,84
ACCTTTGACACCAACAGCGA_007,150
ACCTTTGACACCAACAGCGA_008,192
ACCTTTGACACCAACAGCGA_009,171
ACCTTTGACACCAACAGCGA_010,192
ACCTTTGACACCAACAGCGA_011,1
ACCTTTGACACCAACAGCGA_012,192
ACCTTTGACACCAACAGCGA_013,121
ACCTTTGACACCAACAGCGA_014,183
ACCTTTGACACCAACAGCGA_015,163
ACCTTTGACACCAACAGCGA_016,8
ACCTTTGACACCAACAGCGA_017,182
ACCTTTGACACCAACAGCGA_018,15
ACCTTTGACACCAACAGCGA_019,130
ACCTTTGACACCAACAGCGA_020,66
ACCTTTGACACCAACAGCGA_021,94
GTTTAAGCACTCACCAGCAT_001,79
GTTTAAGCACTCACCAGCAT_002,65
GTTTAAGCACTCACCAGCAT_003,73
GTTTAAGCACTCACCAGCAT_004,132
CATCGTCGGAACCATTCTGG_001,14
CATCGTCGGAACCATTCTGG_002,170
CATCGTCGGAACCATTCTGG_003,52
CATCGTCGGAACCATTCTGG_004,4
CATCGTCGGAACCATTCTGG_005,154
CATCGTCGGAACCATTCTGG_006,178
CATCGTCGGAACCATTCTGG_007,198
CCAAGCCCGGAGTAAGAAGG_001,114
CCAAGCCCGGAGTAAGAAGG_002,63
CCAAGCCCGGAGTAAGAAGG_003,41
CCAAGCCCGGAGTAAGAAGG_004,162
CCAAGCCCGGAGTAAGAAGG_005,93
CCAAGCCCGGAGTAAGAAGG_006,88
CCAAGCCCGGAGTAAGAAGG_007,0
CCAAGCCCGGAGTAAGAAGG_008,57
CCAAGCCCGGAGTAAGAAGG_009,25
CCAAGCCCGGAGTAAGAAGG_010,155
CCAAGCCCGGAGTAAGAAGG_011,173
CCAAGCCCGGAGTAAGAAGG_012,145
CCAAGCCCGGAGTAAGAAGG_013,161
CCAAGCCCGGAGTAAGAAGG_014,125
CCAAGCCCGGAGTAAGAAGG_015,126
CCAAGCCCGGAGTAAGAAGG_016,56
CCAAGCCCGGAGTAAGAAGG_017,182
CCAAGCCCGGAGTAAGAAGG_018,175
TAAGGGCAACCAAGGACTCA_001,154
TAAGGGCAACCAAGGACTCA_002,60
TAAGGGCAACCAAGGACTCA_003,58
TAAGGGCAACCAAGGACTCA_004,16
TAAGGGCAACCAAGGACTCA_005,35
TAAGGGCAACCAAGGACTCA_006,26
TAAGGGCAACCAAGGACTCA_007,15
TAAGGGCAACCAAGGACTCA_008,101
TAAGGGCAACCAAGGACTCA_009,7
TAAGGGCAACCAAGGACTCA_010,150
TAAGGGCAACCAAGGACTCA_011,41
TAAGGGCAACCAAGGACTCA_012,184
TAAGGGCAACCAAGGACTCA_013,81
TAAGGGCAACCAAGGACTCA_014,56
TAAGGGCAACCAAGGACTCA_015,170
TAAGGGCAACCAAGGACTCA_016,15
TAAGGGCAACCAAGGACTCA_017,90
TAAGGGCAACCAAGGACTCA_018,121
TAAGGGCAACCAAGGACTCA_019,1
TAAGGGCAACCAAGGACTCA_020,10
CCACACACTCACTCTCATCG_001,116
CCACACACTCACTCTCATCG_002,179
CCACACACTCACTCTCATCG_003,72
CCACACACTCACTCTCATCG_004,198
CCACACACTCACTCTCATCG_005,188
CCACACACTCACTCTCATCG_006,128
CCACACACTCACTCTCATCG_007,183
CCACACACTCACTCTCATCG_008,37
CCACACACTCACTCTCATCG_009,117
CCACACACTCACTCTCATCG_010,8
CCACACACTCACTCTCATCG_011,10
CCACACACTCACTCTCATCG_012,50
CCACACACTCACTCTCATCG_013,191
TGCACCAGTATATGAATGGG_001,45
TGCACCAGTATATGAATGGG_002,41
CATCATAGGAGTATCTGTGA_001,50
CATCATAGGAGTATCTGTGA_002,25
CATCATAGGAGTATCTGTGA_003,33
CATCATAGGAGTATCTGTGA_004,16
GATGCTATAACTACGATTCG_001,171
GATGCTATAACTACGATTCG_002,126
GATGCTATAACTACGATTCG_003,126
GATGCTATAACTACGATTCG_004,112
GATGCTATAACTACGATTCG_005,48
TTCACAGGAACTGGTTGAGT_001,0
TTCACAGGAACTGGTTGAGT_002,96
TTCACAGGAACTGGTTGAGT_003,169
TTCACAGGAACTGGTTGAGT_004,171
TTCACAGGAACTGGTTGAGT_005,158
TTCACAGGAACTGGTTGAGT_006,127
TTCACAGGAACTGGTTGAGT_007,89
TTCACAGGAACTGGTTGAGT_008,89
TTCACAGGAACTGGTTGAGT_009,179
TTCACAGGAACTGGTTGAGT_010,48
TTCACAGGAACTGGTTGAGT_011,40
TTCACAGGAACTGGTTGAGT_012,159
TTCACAGGAACTGGTTGAGT_013,190
TTCACAGGAACTGGTTGAGT_014,120
TTCACAGGAACTGGTTGAGT_015,88
TTCACAGGAACTGGTTGAGT_016,1
TTCACAGGAACTGGTTGAGT_017,69
TCAACCACAAAAGATGACGT_001,184
TCAACCACAAAAGATGACGT_002,125
TCAACCACAAAAGATGACGT_003,178
TCAACCACAAAAGATGACGT_004,127
TCAACCACAAAAGATGACGT_005,132
TCAACCACAAAAGATGACGT_006,58
TCAACCACAAAAGATGACGT_007,190
TCAACCACAAAAGATGACGT_008,120
GCGTGCAGGTAATCATTCTG_001,57
GCGTGCAGGTAATCATTCTG_002,16
GCGTGCAGGTAATCATTCTG_003,52
GCGTGCAGGTAATCATTCTG_004,104
GCGTGCAGGTAATCATTCTG_005,102
GCGTGCAGGTAATCATTCTG_006,50
GTGGCACGTTTGGCCAGTGA_001,179
CGCTACAGGGAGAAGTGCGG_001,55
CGCTACAGGGAGAAGTGCGG_002,174
CGCTACAGGGAGAAGTGCGG_003,29
CGCTACAGGGAGAAGTGCGG_004,127
CGCTACAGGGAGAAGTGCGG_005,117
CGCTACAGGGAGAAGTGCGG_006,129
CGCTACAGGGAGAAGTGCGG_007,154
CGCTACAGGGAGAAGTGCGG_008,2
TATGCCTACAGGTTACTCAG_001,48
TATGCCTACAGGTTACTCAG_002,77
TATGCCTACAGGTTACTCAG_003,88
TATGCCTACAGGTTACTCAG_004,122
TATGCCTACAGGTTACTCAG_005,195
TATGCCTACAGGTTACTCAG_006,74
TATGCCTACAGGTTACTCAG_007,115
TATGCCTACAGGTTACTCAG_008,1
TATGCCTACAGGTTACTCAG_009,67
TGACCGCGTAGATGTCGCTC_001,193
TGACCGCGTAGATGTCGCTC_002,159
AAACGTGACTCTGGTTCAGG_001,42
AAACGTGACTCTGGTTCAGG_002,173
AAACGTGACTCTGGTTCAGG_003,32
AAACGTGACTCTGGTTCAGG_004,28
AAACGTGACTCTGGTTCAGG_005,1
AAACGTGACTCTGGTTCAGG_006,128
AAACGTGACTCTGGTTCAGG_007,133
AAACGTGACTCTGGTTCAGG_008,166
ATATGAAACTATGACTATTG_001,43
CCAGTGGATGTGATCGATGG_001,12
CCAGTGGATGTGATCGATGG_002,150
CCAGTGGATGTGATCGATGG_003,146
CCAGTGGATGTGATCGATGG_004,60
CCAGTGGATGTGATCGATGG_005,178
CCAGTGGATGTGATCGATGG_006,148
CCAGTGGATGTGATCGATGG_007,33
CCAGTGGATGTGATCGATGG_008,150
CTTCCCAGGACAGCCAACCA_001,116
CTTCCCAGGACAGCCAACCA_002,94
CTTCCCAGGACAGCCAACCA_003,155
CTTCCCAGGACAGCCAACCA_004,83
CTTCCCAGGACAGCCAACCA_005,90
CTTCCCAGGACAGCCAACCA_006,175
GTCAATGCCGCTGACAAGCA_001,114
GTCAATGCCGCTGACAAGCA_002,41
GTCAATGCCGCTGACAAGCA_003,104
GTCAATGCCGCTGACAAGCA_004,85
GTCAATGCCGCTGACAAGCA_005,153
GTCAATGCCGCTGACAAGCA_006,139
GTCAATGCCGCTGACAAGCA_007,180
GTCAATGCCGCTGACAAGCA_008,25
GTCAATGCCGCTGACAAGCA_009,187
GTCAATGCCGCTGACAAGCA_010,174
GTCAATGCCGCTGACAAGCA_011,59
GTCAATGCCGCTGACAAGCA_012,103
GTCAATGCCGCTGACAAGCA_013,5
GTCAATGCCGCTGACAAGCA_014,8
GTCAATGCCGCTGACAAGCA_015,61
GTCAATGCCGCTGACAAGCA_016,155
AACACTATTCAACCAAGTGA_001,12
AACACTATTCAACCAAGTGA_002,9
AACACTATTCAACCAAGTGA_003,69
AACACTATTCAACCAAGTGA_004,174
AACACTATTCAACCAAGTGA_005,130
AAGCGCTGCTTACGAAGAGA_001,58
AAGCGCTGCTTACGAAGAGA_002,118
AAGCGCTGCTTACGAAGAGA_003,105
AAGCGCTGCTTACGAAGAGA_004,107
AAGCGCTGCTTACGAAGAGA_005,108
AAGCGCTGCTTACGAAGAGA_006,117
AAGCGCTGCTTACGAAGAGA_007,130
AAGCGCTGCTTACGAAGAGA_008,28
AAGCGCTGCTTACGAAGAGA_009,175
AAGCGCTGCTTACGAAGAGA_010,95
AAGCGCTGCTTACGAAGAGA_011,52
AAGCGCTGCTTACGAAGAGA_012,57
AAGCGCTGCTTACGAAGAGA_013,132
AAGCGCTGCTTACGAAGAGA_014,189
AAGCGCTGCTTACGAAGAGA_015,7
GATAACAAGTGTAGTCCCTG_001,127
GATAACAAGTGTAGTCCCTG_002,98
GATAACAAGTGTAGTCCCTG_003,29
GATAACAAGTGTAGTCCCTG_004,158
GATAACAAGTGTAGTCCCTG_005,158
GATAACAAGTGTAGTCCCTG_006,9
GATAACAAGTGTAGTCCCTG_007,104
CCACGAAGTACAGAATCCTG_001,61
CCACGAAGTACAGAATCCTG_002,192
CCACGAAGTACAGAATCCTG_003,115
CCACGAAGTACAGAATCCTG_004,126
CCACGAAGTACAGAATCCTG_005,46
CCACGAAGTACAGAATCCTG_006,56
CCACGAAGTACAGAATCCTG_007,3
CCACGAAGTACAGAATCCTG_008,124
GATTTGTGACGAGATACTTG_001,117
CGTTCGAGATAGGGACCTCG_001,88
CGTTCGAGATAGGGACCTCG_002,32
GGAGGTGGTGGGACACGCCA_001,23
GGAGGTGGTGGGACACGCCA_002,31
GGAGGTGGTGGGACACGCCA_003,48
GGAGGTGGTGGGACACGCCA_004,170
GGAGGTGGTGGGACACGCCA_005,129
GGAGGTGGTGGGACACGCCA_006,134
GGAGGTGGTGGGACACGCCA_007,57
GGAGGTGGTGGGACACGCCA_008,189
GGAGGTGGTGGGACACGCCA_009,196
AGCACGCCCACGAACCAGAA_001,196
AGCACGCCCACGAACCAGAA_002,6
AGCACGCCCACGAACCAGAA_003,193
AGCACGCCCACGAACCAGAA_004,102
AGCACGCCCACGAACCAGAA_005,70
AGCACGCCCACGAACCAGAA_006,157
AGCACGCCCACGAACCAGAA_007,36
AGCACGCCCACGAACCAGAA_008,171
AGCACGCCCACGAACCAGAA_009,68
AGCACGCCCACGAACCAGAA_010,12
AGCACGCCCACGAACCAGAA_011,143
AGCACGCCCACGAACCAGAA_012,175
AGCACGCCCACGAACCAGAA_013,80
AGCACGCCCACGAACCAGAA_014,172
AGCACGCCCACGAACCAGAA_015,158
TTGTAGCTCTGGACCTAACG_001,182
TTGTAGCTCTGGACCTAACG_002,161
TTGTAGCTCTGGACCTAACG_003,63
TTGTAGCTCTGGACCTAACG_004,49
TTGTAGCTCTGGACCTAACG_005,28
TTGTAGCTCTGGACCTAACG_006,47
TTGTAGCTCTGGACCTAACG_007,49
TTGTAGCTCTGGACCTAACG_008,145
TTGTAGCTCTGGACCTAACG_009,94
TTGTAGCTCTGGACCTAACG_010,160
TTGTAGCTCTGGACCTAACG_011,152
TTGTAGCTCTGGACCTAACG_012,3
TTGTAGCTCTGGACCTAACG_013,193
CTCGATGTTATAACATACGT_001,32
CTCGATGTTATAACATACGT_002,113
CTCGATGTTATAACATACGT_003,181
CTCGATGTTATAACATACGT_004,121
CGTGCTGGTGGTTCGCCACG_001,94
CGTGCTGGTGGTTCGCCACG_002,77
CGTGCTGGTGGTTCGCCACG_003,168
CGTGCTGGTGGTTCGCCACG_004,63
CGTGCTGGTGGTTCGCCACG_005,18
CGTGCTGGTGGTTCGCCACG_006,26
CGTGCTGGTGGTTCGCCACG_007,25
CGTGCTGGTGGTTCGCCACG_008,107
CGTGCTGGTGGTTCGCCACG_009,51
CGTGCTGGTGGTTCGCCACG_010,157
CGTGCTGGTGGTTCGCCACG_011,177
CGTGCTGGTGGTTCGCCACG_012,199
TGCCTCTAGGAAAGACCACA_001,169
TGCCTCTAGGAAAGACCACA_002,83
TGCCTCTAGGAAAGACCACA_003,27
TGCCTCTAGGAAAGACCACA_004,1
TGCCTCTAGGAAAGACCACA_005,169
TGCCTCTAGGAAAGACCACA_006,28
TGCCTCTAGGAAAGACCACA_007,108
GCAGGGTGTACTTAGCGATG_001,29
GCAGGGTGTACTTAGCGATG_002,176
GCAGGGTGTACTTAGCGATG_003,81
GCAGGGTGTACTTAGCGATG_004,69
GCAGGGTGTACTTAGCGATG_005,24
GTAGCGGTCATGGACGTCGC_001,48
GTAGCGGTCATGGACGTCGC_002,149
GTAGCGGTCATGGACGTCGC_003,147
GTAGCGGTCATGGACGTCGC_004,108
GTAGCGGTCATGGACGTCGC_005,36
CAGTCGTGGAGGTAAAACAG_001,88
CAGTCGTGGAGGTAAAACAG_002,48
CAGTCGTGGAGGTAAAACAG_003,70
CAGTCGTGGAGGTAAAACAG_004,15
CAGTCGTGGAGGTAAAACAG_005,137
CAGTCGTGGAGGTAAAACAG_006,107
CAGTCGTGGAGGTAAAACAG_007,151
CAGTCGTGGAGGTAAAACAG_008,163
CAGTCGTGGAGGTAAAACAG_009,169
AATGGCAAACCAGATTCTGT_001,161
AATGGCAAACCAGATTCTGT_002,189
AATGGCAAACCAGATTCTGT_003,82
AATGGCAAACCAGATTCTGT_004,133
AATGGCAAACCAGATTCTGT_005,180
GAAGATTTGTTTAATCTGTG_001,84
GAAGATTTGTTTAATCTGTG_002,50
GAAGATTTGTTTAATCTGTG_003,37
GAAGATTTGTTTAATCTGTG_004,140
GAAGATTTGTTTAATCTGTG_005,67
AAGAAGTTCATTATCACACA_001,187
AAGAAGTTCATTATCACACA_002,168
AACTTGTAGTAAGTCAGCAA_001,193
AACTTGTAGTAAGTCAGCAA_002,187
AACTTGTAGTAAGTCAGCAA_003,118
AACTTGTAGTAAGTCAGCAA_004,90
AACTTGTAGTAAGTCAGCAA_005,89
AACTTGTAGTAAGTCAGCAA_006,111
AACTTGTAGTAAGTCAGCAA_007,184
AACTTGTAGTAAGTCAGCAA_008,34
AACTTGTAGTAAGTCAGCAA_009,50
AACTTGTAGTAAGTCAGCAA_010,137
AACTTGTAGTAAGTCAGCAA_011,137
AACTTGTAGTAAGTCAGCAA_012,119
AACTTGTAGTAAGTCAGCAA_013,28
AACTTGTAGTAAGTCAGCAA_014,188
AACTTGTAGTAAGTCAGCAA_015,194
AACTTGTAGTAAGTCAGCAA_016,109
AACTTGTAGTAAGTCAGCAA_017,61
AACTTGTAGTAAGTCAGCAA_018,153
AACTTGTAGTAAGTCAGCAA_019,19
AACTTGTAGTAAGTCAGCAA_020,128
GATCCTCCAAAGCGGAAACG_001,176
GATCCTCCAAAGCGGAAACG_002,160
GATCCTCCAAAGCGGAAACG_003,88
GATCCTCCAAAGCGGAAACG_004,99
GATCCTCCAAAGCGGAAACG_005,137
GATCCTCCAAAGCGGAAACG_006,88
GATCCTCCAAAGCGGAAACG_007,177
GATCCTCCAAAGCGGAAACG_008,61
ACGCTATGGGAATAAACCAG_001,146
ACGCTATGGGAATAAACCAG_002,58
ACGCTATGGGAATAAACCAG_003,78
ACGCTATGGGAATAAACCAG_004,149
ACGCTATGGGAATAAACCAG_005,52
ACGCTATGGGAATAAACCAG_006,84
ACGCTATGGGAATAAACCAG_007,166
ACGCTATGGGAATAAACCAG_008,152
ACGCTATGGGAATAAACCAG_009,64
ACGCTATGGGAATAAACCAG_010,160
ACGCTATGGGAATAAACCAG_011,117
ACGCTATGGGAATAAACCAG_012,67
TGGTGACCAAGTAGATCCCG_001,84
TGGTGACCAAGTAGATCCCG_002,15
TGGTGACCAAGTAGATCCCG_003,45
TGGTGACCAAGTAGATCCCG_004,60
TGGTGACCAAGTAGATCCCG_005,68
TGGTGACCAAGTAGATCCCG_006,140
TGGTGACCAAGTAGATCCCG_007,169
TGGTGACCAAGTAGATCCCG_008,41
TGGTGACCAAGTAGATCCCG_009,190
TGGTGACCAAGTAGATCCCG_010,60
TGGTGACCAAGTAGATCCCG_011,148
TGGTGACCAAGTAGATCCCG_012,147
TGGTGACCAAGTAGATCCCG_013,168
TGGTGACCAAGTAGATCCCG_014,130
TGGTGACCAAGTAGATCCCG_015,141
TGGTGACCAAGTAGATCCCG_016,148
TGGTGACCAAGTAGATCCCG_017,63
CTGCCCACAGATCCTGAACA_001,62
CTGCCCACAGATCCTGAACA_002,113
CTGCCCACAGATCCTGAACA_003,110
CTGCCCACAGATCCTGAACA_004,1
CTGCCCACAGATCCTGAACA_005,158
CTGCCCACAGATCCTGAACA_006,126
ACATCTCTACGAGAGGGCAG_001,149
CCCGTAGTGGAAATAGACGA_001,68
CCCGTAGTGGAAATAGACGA_002,142
CCCGTAGTGGAAATAGACGA_003,118
CCCGTAGTGGAAATAGACGA_004,148
CCCGTAGTGGAAATAGACGA_005,15
CCCGTAGTGGAAATAGACGA_006,120
CCCGTAGTGGAAATAGACGA_007,169
CCCGTAGTGGAAATAGACGA_008,171
CCCGTAGTGGAAATAGACGA_009,3
CCCGTAGTGGAAATAGACGA_010,15
CCCGTAGTGGAAATAGACGA_011,50
CCCGTAGTGGAAATAGACGA_012,193
CCCGTAGTGGAAATAGACGA_013,172
CCCGTAGTGGAAATAGACGA_014,76
CCCGTAGTGGAAATAGACGA_015,121
CCCGTAGTGGAAATAGACGA_016,70
CCCGTAGTGGAAATAGACGA_017,152
CCCGTAGTGGAAATAGACGA_018,26
CCCGTAGTGGAAATAGACGA_019,44
GAAGTCGTGTAGAATTAGAA_001,58
GAAGTCGTGTAGAATTAGAA_002,105
GAAGTCGTGTAGAATTAGAA_003,106
GAAGTCGTGTAGAATTAGAA_004,183
GAAGTCGTGTAGAATTAGAA_005,193
GCTATACCTACTAGACATGG_001,178
GCTATACCTACTAGACATGG_002,178
GCTATACCTACTAGACATGG_003,108
CCTCCGCCCTCGCTACCGTG_001,29
CCTCCGCCCTCGCTACCGTG_002,149
CCTCCGCCCTCGCTACCGTG_003,75
CCTCCGCCCTCGCTACCGTG_004,44
CCTCCGCCCTCGCTACCGTG_005,185
CCTCCGCCCTCGCTACCGTG_006,193
CCTCCGCCCTCGCTACCGTG_007,145
CCTCCGCCCTCGCTACCGTG_008,56
CCTCCGCCCTCGCTACCGTG_009,191
CCTCCGCCCTCGCTACCGTG_010,137
CCTCCGCCCTCGCTACCGTG_011,61
CCTCCGCCCTCGCTACCGTG_012,166
CCTCCGCCCTCGCTACCGTG_013,172
CCTCCGCCCTCGCTACCGTG_014,110
CCTCCGCCCTCGCTACCGTG_015,116
CCTCCGCCCTCGCTACCGTG_016,16
GCCAACAATCCAGTGTCCGC_001,137
GCCAACAATCCAGTGTCCGC_002,88
GCCAACAATCCAGTGTCCGC_003,116
GCCAACAATCCAGTGTCCGC_004,178
GCCAACAATCCAGTGTCCGC_005,199
GCCAACAATCCAGTGTCCGC_006,183
GCCAACAATCCAGTGTCCGC_007,105
GCCAACAATCCAGTGTCCGC_008,159
GCCAACAATCCAGTGTCCGC_009,182
GCCAACAATCCAGTGTCCGC_010,108
GCCAACAATCCAGTGTCCGC_011,76
GCCAACAATCCAGTGTCCGC_012,77
GCCAACAATCCAGTGTCCGC_013,88
GCCAACAATCCAGTGTCCGC_014,165
GCCAACAATCCAGTGTCCGC_015,180
GCCAACAATCCAGTGTCCGC_016,56
GCCAACAATCCAGTGTCCGC_017,58
GCCAACAATCCAGTGTCCGC_018,142
GCCAACAATCCAGTGTCCGC_019,166
GCCAACAATCCAGTGTCCGC_020,67
GCCAACAATCCAGTGTCCGC_021,84
GCCAACAATCCAGTGTCCGC_022,155
GCCAACAATCCAGTGTCCGC_023,108
TATTGCAATATACCTATCAA_001,145
TGGGGAACGGGACCATACTG_001,77
TGGGGAACGGGACCATACTG_002,55
TGGGGAACGGGACCATACTG_003,84
TGGGGAACGGGACCATACTG_004,121
TGGGGAACGGGACCATACTG_005,32
TGGGGAACGGGACCATACTG_006,101
TGGGGAACGGGACCATACTG_007,163
TGGGGAACGGGACCATACTG_008,169
TGGGGAACGGGACCATACTG_009,104
TGGGGAACGGGACCATACTG_010,21
TGGGGAACGGGACCATACTG_011,100
TGGGGAACGGGACCATACTG_012,183
TGGGGAACGGGACCATACTG_013,46
TGGGGAACGGGACCATACTG_014,84
TGGGGAACGGGACCATACTG_015,50
TGGGGAACGGGACCATACTG_016,154
TGGGGAACGGGACCATACTG_017,190
TGGGGAACGGGACCATACTG_018,177
ATACGGGGGCTCCTATAGTG_001,107
ATACGGGGGCTCCTATAGTG_002,125
ATACGGGGGCTCCTATAGTG_003,167
ATACGGGGGCTCCTATAGTG_004,172
ATACGGGGGCTCCTATAGTG_005,110
ATACGGGGGCTCCTATAGTG_006,33
ATACGGGGGCTCCTATAGTG_007,58
ATACGGGGGCTCCTATAGTG_008,103
ATACGGGGGCTCCTATAGTG_009,16
ATACGGGGGCTCCTATAGTG_010,49
ATACGGGGGCTCCTATAGTG_011,174
ATACGGGGGCTCCTATAGTG_012,140
ATACGGGGGCTCCTATAGTG_013,150
ATACGGGGGCTCCTATAGTG_014,63
ATACGGGGGCTCCTATAGTG_015,165
ATACGGGGGCTCCTATAGTG_016,153
ATACGGGGGCTCCTATAGTG_017,3
ATACGGGGGCTCCTATAGTG_018,144
ATACGGGGGCTCCTATAGTG_019,83
ATACGGGGGCTCCTATAGTG_020,30
AGTAAACTTTGGTCCGACCG_001,88
AGTAAACTTTGGTCCGACCG_002,48
AGTAAACTTTGGTCCGACCG_003,76
AGTAAACTTTGGTCCGACCG_004,39
AGTAAACTTTGGTCCGACCG_005,102
AGTAAACTTTGGTCCGACCG_006,40
CAATGACAAAATCGCCCTAA_001,98
CAATGACAAAATCGCCCTAA_002,58
CAATGACAAAATCGCCCTAA_003,33
CAATGACAAAATCGCCCTAA_004,94
CAATGACAAAATCGCCCTAA_005,89
CAATGACAAAATCGCCCTAA_006,41
CAATGACAAAATCGCCCTAA_007,48
CAATGACAAAATCGCCCTAA_008,8
CAATGACAAAATCGCCCTAA_009,30
ACACGCAGCGAGTACTGGCG_001,121
ACACGCAGCGAGTACTGGCG_002,129
ACACGCAGCGAGTACTGGCG_003,120
ACACGCAGCGAGTACTGGCG_004,66
AGGGGGGTGTCTTTGTCACG_001,63
AGGGGGGTGTCTTTGTCACG_002,138
AGGGGGGTGTCTTTGTCACG_003,41
AGGGGGGTGTCTTTGTCACG_004,32
AGGGGGGTGTCTTTGTCACG_005,73
AGGGGGGTGTCTTTGTCACG_006,145
AGGGGGGTGTCTTTGTCACG_007,191
AGGGGGGTGTCTTTGTCACG_008,95
AGGGGGGTGTCTTTGTCACG_009,52
AGGGGGGTGTCTTTGTCACG_010,170
AGGGGGGTGTCTTTGTCACG_011,166
AGGGGGGTGTCTTTGTCACG_012,170
AGTGGTTGTTTCCCTTGCAT_001,25
AGTGGTTGTTTCCCTTGCAT_002,102
AGTGGTTGTTTCCCTTGCAT_003,128
AGTGGTTGTTTCCCTTGCAT_004,62
AGTGGTTGTTTCCCTTGCAT_005,160
AGTGGTTGTTTCCCTTGCAT_006,94
AGTGGTTGTTTCCCTTGCAT_007,152
AGTGGTTGTTTCCCTTGCAT_008,34
AGTGGTTGTTTCCCTTGCAT_009,2
AGTGGTTGTTTCCCTTGCAT_010,147
ATCAAACACAACCTCGCCTG_001,42
ATCAAACACAACCTCGCCTG_002,184
ATCAAACACAACCTCGCCTG_003,148
ATCAAACACAACCTCGCCTG_004,176
ATCAAACACAACCTCGCCTG_005,138
ATCAAACACAACCTCGCCTG_006,63
ATCAAACACAACCTCGCCTG_007,50
ATCAAACACAACCTCGCCTG_008,191
ATCAAACACAACCTCGCCTG_009,78
ATCAAACACAACCTCGCCTG_010,171
ATCAAACACAACCTCGCCTG_011,111
ATCAAACACAACCTCGCCTG_012,127
ATCAAACACAACCTCGCCTG_013,57
ATCAAACACAACCTCGCCTG_014,170
ATCAAACACAACCTCGCCTG_015,180
ATCAAACACAACCTCGCCTG_016,156
ATCAAACACAACCTCGCCTG_017,118
ATCAAACACAACCTCGCCTG_018,14
ATCAAACACAACCTCGCCTG_019,58
ATCAAACACAACCTCGCCTG_020,111
ATCAAACACAACCTCGCCTG_021,47
CTGCCTGAATCTCACCCCCG_001,57
CTGCCTGAATCTCACCCCCG_002,171
CTGCCTGAATCTCACCCCCG_003,35
CTGCCTGAATCTCACCCCCG_004,147
CTGCCTGAATCTCACCCCCG_005,159
CTGCCTGAATCTCACCCCCG_006,127
CTGCCTGAATCTCACCCCCG_007,176
CTGCCTGAATCTCACCCCCG_008,8
CTGCCTGAATCTCACCCCCG_009,95
CTGCCTGAATCTCACCCCCG_010,184
CTGCCTGAATCTCACCCCCG_011,5
CTGCCTGAATCTCACCCCCG_012,134
CTGCCTGAATCTCACCCCCG_013,62
CTGCCTGAATCTCACCCCCG_014,184
CTGCCTGAATCTCACCCCCG_015,105
CTGCCTGAATCTCACCCCCG_016,19
CTGCCTGAATCTCACCCCCG_017,196
CTGCCTGAATCTCACCCCCG_018,27
CTGCCTGAATCTCACCCCCG_019,175
CTGCCTGAATCTCACCCCCG_020,105
GAGTCGGTAGACATGACTGG_001,44
GAGTCGGTAGACATGACTGG_002,198
GAGTCGGTAGACATGACTGG_003,180
GAGTCGGTAGACATGACTGG_004,147
GAGTCGGTAGACATGACTGG_005,49
GAGTCGGTAGACATGACTGG_006,78
GGTGTCCAACATGCTAGCAC_001,94
GGTGTCCAACATGCTAGCAC_002,93
AAGGTGTGTGATGAAGATCT_001,184
AAGGTGTGTGATGAAGATCT_002,50
AAGGTGTGTGATGAAGATCT_003,145
AAGGTGTGTGATGAAGATCT_004,140
AAGGTGTGTGATGAAGATCT_005,127
AGTCAGGGCGGACATGACAC_001,41
AGTCAGGGCGGACATGACAC_002,90
CAAGAAACAGATCGACCAGA_001,67
CAAGAAACAGATCGACCAGA_002,38
CAAGAAACAGATCGACCAGA_003,197
GCAGAGAGCCTGTACATGCA_001,29
GCAGAGAGCCTGTACATGCA_002,175
GCAGAGAGCCTGTACATGCA_003,62
GCAGAGAGCCTGTACATGCA_004,126
GCAGAGAGCCTGTACATGCA_005,121
GCAGAGAGCCTGTACATGCA_006,17
GCAGAGAGCCTGTACATGCA_007,166
GCAGAGAGCCTGTACATGCA_008,130
GCAGAGAGCCTGTACATGCA_009,101
GCAGAGAGCCTGTACATGCA_010,47
GCAGAGAGCCTGTACATGCA_011,172
GCAGAGAGCCTGTACATGCA_012,152
GCAGAGAGCCTGTACATGCA_013,69
GCAGAGAGCCTGTACATGCA_014,9
GCAGAGAGCCTGTACATGCA_015,132
GCAGAGAGCCTGTACATGCA_016,88
GCAGAGAGCCTGTACATGCA_017,60
GCAGAGAGCCTGTACATGCA_018,91
GCAGAGAGCCTGTACATGCA_019,105
GCAGAGAGCCTGTACATGCA_020,60
GCAGAGAGCCTGTACATGCA_021,78
GCAGAGAGCCTGTACATGCA_022,13
GCAGAGAGCCTGTACATGCA_023,141
GCAGAGAGCCTGTACATGCA_024,33
GCAGAGAGCCTGTACATGCA_025,33
GCAGAGAGCCTGTACATGCA_026,137
GCAGAGAGCCTGTACATGCA_027,13
GCAGAGAGCCTGTACATGCA_028,43
GCAGAGAGCCTGTACATGCA_029,126
GCAGAGAGCCTGTACATGCA_030,41
GCAGAGAGCCTGTACATGCA_031,18
GCAGAGAGCCTGTACATGCA_032,179
GCAGAGAGCCTGTACATGCA_033,178
GCAGAGAGCCTGTACATGCA_034,196
GCAGCTGTAATGACCTTGCG_001,151
GCAGCTGTAATGACCTTGCG_002,93
GCAGCTGTAATGACCTTGCG_003,4
GCAGCTGTAATGACCTTGCG_004,170
GCAGCTGTAATGACCTTGCG_005,184
TAGAAGAGGATGTCAAACGT_001,102
TAGAAGAGGATGTCAAACGT_002,9
TAGAAGAGGATGTCAAACGT_003,108
TAGAAGAGGATGTCAAACGT_004,166
TAGAAGAGGATGTCAAACGT_005,168
TAGAAGAGGATGTCAAACGT_006,49
TAGAAGAGGATGTCAAACGT_007,125
AGTGCTGGAGAACACCATCA_001,94
AGTGCTGGAGAACACCATCA_002,19
AGTGCTGGAGAACACCATCA_003,171
AGTGCTGGAGAACACCATCA_004,182
AGTGCTGGAGAACACCATCA_005,30
AGTGCTGGAGAACACCATCA_006,62
AGTGCTGGAGAACACCATCA_007,68
AGTGCTGGAGAACACCATCA_008,129
AGTGCTGGAGAACACCATCA_009,151
AGTGCTGGAGAACACCATCA_010,156
AGTGCTGGAGAACACCATCA_011,179
AGTGCTGGAGAACACCATCA_012,39
AGTGCTGGAGAACACCATCA_013,68
AGTGCTGGAGAACACCATCA_014,176
AGTGCTGGAGAACACCATCA_015,162
GAAGAGGCGAGAAACAAGTC_001,175
GAAGAGGCGAGAAACAAGTC_002,13
CTTATCACCTGGCCAAAGCA_001,157
CTTATCACCTGGCCAAAGCA_002,104
CTTATCACCTGGCCAAAGCA_003,150
CTTATCACCTGGCCAAAGCA_004,74
CTTATCACCTGGCCAAAGCA_005,16
CTTATCACCTGGCCAAAGCA_006,28
CTTATCACCTGGCCAAAGCA_007,136
CTTATCACCTGGCCAAAGCA_008,157
CTTATCACCTGGCCAAAGCA_009,60
AGGACGGACCAGCCCAAAGA_001,139
AGGACGGACCAGCCCAAAGA_002,165
AGGACGGACCAGCCCAAAGA_003,68
AGGACGGACCAGCCCAAAGA_004,32
AGGACGGACCAGCCCAAAGA_005,99
AGGACGGACCAGCCCAAAGA_006,178
AGGACGGACCAGCCCAAAGA_007,141
AGGACGGACCAGCCCAAAGA_008,103
AGGACGGACCAGCCCAAAGA_009,9
AGGACGGACCAGCCCAAAGA_010,27
AGGACGGACCAGCCCAAAGA_011,33
AGGACGGACCAGCCCAAAGA_012,65
AGGACGGACCAGCCCAAAGA_013,182
AGGACGGACCAGCCCAAAGA_014,22
AGGACGGACCAGCCCAAAGA_015,146
AGGACGGACCAGCCCAAAGA_016,188
AGGACGGACCAGCCCAAAGA_017,26
ACAATAACAGCAATAGACCA_001,169
ACAATAACAGCAATAGACCA_002,169
ACAATAACAGCAATAGACCA_003,151
ACAATAACAGCAATAGACCA_004,59
ACAATAACAGCAATAGACCA_005,199
ACAATAACAGCAATAGACCA_006,30
ACAATAACAGCAATAGACCA_007,174
ACAATAACAGCAATAGACCA_008,94
ACAATAACAGCAATAGACCA_009,151
ACAATAACAGCAATAGACCA_010,0
ACAATAACAGCAATAGACCA_011,0
ACAATAACAGCAATAGACCA_012,160
ACAATAACAGCAATAGACCA_013,70
ACAATAACAGCAATAGACCA_014,199
ACAATAACAGCAATAGACCA_015,78
ACAATAACAGCAATAGACCA_016,63
CACCACGCCCCTGACCCGTG_001,37
CACCACGCCCCTGACCCGTG_002,179
CACCACGCCCCTGACCCGTG_003,108
CACCACGCCCCTGACCCGTG_004,141
CACCACGCCCCTGACCCGTG_005,183
CACCACGCCCCTGACCCGTG_006,187
CACCACGCCCCTGACCCGTG_007,170
CACCACGCCCCTGACCCGTG_008,64
CACCACGCCCCTGACCCGTG_009,16
CACCACGCCCCTGACCCGTG_010,198
ATACCAGTACTTGACGATAG_001,85
ATGGCCAGTCCTTGACTGCG_001,77
ATGGCCAGTCCTTGACTGCG_002,50
ATGGCCAGTCCTTGACTGCG_003,58
ATGGCCAGTCCTTGACTGCG_004,9
ATGGCCAGTCCTTGACTGCG_005,140
ATGGCCAGTCCTTGACTGCG_006,25
ATGGCCAGTCCTTGACTGCG_007,1
ATGGCCAGTCCTTGACTGCG_008,30
ATGGCCAGTCCTTGACTGCG_009,177
ATGGCCAGTCCTTGACTGCG_010,48
ATGGCCAGTCCTTGACTGCG_011,58
ATGGCCAGTCCTTGACTGCG_012,148
ATGGCCAGTCCTTGACTGCG_013,58
ATGGCCAGTCCTTGACTGCG_014,60
ATGGCCAGTCCTTGACTGCG_015,199
ATGGCCAGTCCTTGACTGCG_016,149
ATGGCCAGTCCTTGACTGCG_017,110
ATGGCCAGTCCTTGACTGCG_018,144
ATGGCCAGTCCTTGACTGCG_019,178
ATGGCCAGTCCTTGACTGCG_020,108
ATGGCCAGTCCTTGACTGCG_021,170
ATGGCCAGTCCTTGACTGCG_022,174
ATGGCCAGTCCTTGACTGCG_023,30
ATGGCCAGTCCTTGACTGCG_024,25
ATGGCCAGTCCTTGACTGCG_025,58
ATGGCCAGTCCTTGACTGCG_026,36
CACAGTTGCCGATTACAGGT_001,188
CACAGTTGCCGATTACAGGT_002,119
CACAGTTGCCGATTACAGGT_003,178
CACAGTTGCCGATTACAGGT_004,28
CACAGTTGCCGATTACAGGT_005,180
CACAGTTGCCGATTACAGGT_006,35
CCGCTCCGATGTACTCACGC_001,34
CCGCTCCGATGTACTCACGC_002,15
CCGCTCCGATGTACTCACGC_003,36
CCGCTCCGATGTACTCACGC_004,25
CCGCTCCGATGTACTCACGC_005,177
CCGCTCCGATGTACTCACGC_006,96
CCGCTCCGATGTACTCACGC_007,57
CCGCTCCGATGTACTCACGC_008,57
AGACTTTCGGGAAAAACGTG_001,15
AGACTTTCGGGAAAAACGTG_002,198
AGACTTTCGGGAAAAACGTG_003,170
AGACTTTCGGGAAAAACGTG_004,84
AGACTTTCGGGAAAAACGTG_005,0
AGACTTTCGGGAAAAACGTG_006,6
AGACTTTCGGGAAAAACGTG_007,127
AGACTTTCGGGAAAAACGTG_008,93
AGACTTTCGGGAAAAACGTG_009,101
AGACTTTCGGGAAAAACGTG_010,67
AGACTTTCGGGAAAAACGTG_011,78
AGACTTTCGGGAAAAACGTG_012,69
AGACTTTCGGGAAAAACGTG_013,160
AGACTTTCGGGAAAAACGTG_014,184
AGACTTTCGGGAAAAACGTG_015,58
AGACTTTCGGGAAAAACGTG_016,98
AGACTTTCGGGAAAAACGTG_017,104
AGACTTTCGGGAAAAACGTG_018,34
AGACTTTCGGGAAAAACGTG_019,94
AGACTTTCGGGAAAAACGTG_020,52
AGACTTTCGGGAAAAACGTG_021,39
CAAGCCCATAACTCAGACAC_001,169
CAAGCCCATAACTCAGACAC_002,191
CAAGCCCATAACTCAGACAC_003,83
CAAGCCCATAACTCAGACAC_004,42
CAAGCCCATAACTCAGACAC_005,80
CGAGCAGTGCGGGCATACAA_001,118
CGAGCAGTGCGGGCATACAA_002,34
CGAGCAGTGCGGGCATACAA_003,166
CGAGCAGTGCGGGCATACAA_004,172
CGAGCAGTGCGGGCATACAA_005,172
CGAGCAGTGCGGGCATACAA_006,166
CGAGCAGTGCGGGCATACAA_007,166
CGAGCAGTGCGGGCATACAA_008,123
CGAGCAGTGCGGGCATACAA_009,151
CGAGCAGTGCGGGCATACAA_010,171
CGAGCAGTGCGGGCATACAA_011,141
CGAGCAGTGCGGGCATACAA_012,156
CGAGCAGTGCGGGCATACAA_013,139
CGAGCAGTGCGGGCATACAA_014,103
CGAGCAGTGCGGGCATACAA_015,62
CGAGCAGTGCGGGCATACAA_016,11
CGAGCAGTGCGGGCATACAA_017,197
CGAGCAGTGCGGGCATACAA_018,51
CGAGCAGTGCGGGCATACAA_019,127
CGAGCAGTGCGGGCATACAA_020,33
CGAGCAGTGCGGGCATACAA_021,106
CGGTGTCTAGGTCTATTCCG_001,142
CGGTGTCTAGGTCTATTCCG_002,89
GGCCCACATCGACCCCTCAG_001,2
GGCCCACATCGACCCCTCAG_002,41
GGCCCACATCGACCCCTCAG_003,137
GGCCCACATCGACCCCTCAG_004,57
GGCCCACATCGACCCCTCAG_005,174
GGCCCACATCGACCCCTCAG_006,184
GGCCCACATCGACCCCTCAG_007,71
GGCCCACATCGACCCCTCAG_008,35
GGCCCACATCGACCCCTCAG_009,137
GGCCCACATCGACCCCTCAG_010,131
GGCCCACATCGACCCCTCAG_011,169
AAAATATTGATGACCCCGGG_001,80
AAAATATTGATGACCCCGGG_002,108
AAAATATTGATGACCCCGGG_003,53
AAAATATTGATGACCCCGGG_004,15
AAAATATTGATGACCCCGGG_005,144
AAAATATTGATGACCCCGGG_006,166
TCACATCGGCAGCCACCCGT_001,60
TCACATCGGCAGCCACCCGT_002,8
TCACATCGGCAGCCACCCGT_003,103
TCACATCGGCAGCCACCCGT_004,165
TCACATCGGCAGCCACCCGT_005,65
GAACCAAGGATACGTGATGG_001,2
GAACCAAGGATACGTGATGG_002,80
GAACCAAGGATACGTGATGG_003,49
GAACCAAGGATACGTGATGG_004,126
GAAGATCATCCTGTCAGACG_001,88
GAAGATCATCCTGTCAGACG_002,48
GAAGATCATCCTGTCAGACG_003,90
GAAGATCATCCTGTCAGACG_004,51
GAAGATCATCCTGTCAGACG_005,115
GAAGATCATCCTGTCAGACG_006,58
AAGACTTTACGTTTCCTACG_001,20
AAGACTTTACGTTTCCTACG_002,192
AAGACTTTACGTTTCCTACG_003,148
ATTGTACCGTCTGTATACCG_001,162
ATTGTACCGTCTGTATACCG_002,190
ATTGTACCGTCTGTATACCG_003,1
CATACATGGTCTGAACATGT_001,113
CATACATGGTCTGAACATGT_002,136
GAGGCTACACAACATGTCTG_001,63
GAGGCTACACAACATGTCTG_002,115
GAGGCTACACAACATGTCTG_003,27
GAGGCTACACAACATGTCTG_004,115
GAGGCTACACAACATGTCTG_005,50
GAGGCTACACAACATGTCTG_006,174
GAGGCTACACAACATGTCTG_007,168
AATAAGTTGCTCCATTCAGG_001,127
AATAAGTTGCTCCATTCAGG_002,196
AATAAGTTGCTCCATTCAGG_003,170
AATAAGTTGCTCCATTCAGG_004,101
AATAAGTTGCTCCATTCAGG_005,199
AATAAGTTGCTCCATTCAGG_006,82
AATAAGTTGCTCCATTCAGG_007,15
AATAAGTTGCTCCATTCAGG_008,188
AATAAGTTGCTCCATTCAGG_009,145
AATAAGTTGCTCCATTCAGG_010,160
GCCACTTCCGAGACAAATAC_001,70
GCCACTTCCGAGACAAATAC_002,92
GCCACTTCCGAGACAAATAC_003,127
GCCACTTCCGAGACAAATAC_004,52
GCCACTTCCGAGACAAATAC_005,19
GCCACTTCCGAGACAAATAC_006,97
GCCACTTCCGAGACAAATAC_007,62
GCCACTTCCGAGACAAATAC_008,157
GCCACTTCCGAGACAAATAC_009,137
GCCACTTCCGAGACAAATAC_010,191
GCCACTTCCGAGACAAATAC_011,181
ACAGGGACGTCAGGCCACAC_001,15
ACAGGGACGTCAGGCCACAC_002,7
ACAGGGACGTCAGGCCACAC_003,83
ACAGGGACGTCAGGCCACAC_004,174
ACAGGGACGTCAGGCCACAC_005,36
ACAGGGACGTCAGGCCACAC_006,150
ACAGGGACGTCAGGCCACAC_007,194
ACAGGGACGTCAGGCCACAC_008,118
ACAGGGACGTCAGGCCACAC_009,47
ACAGGGACGTCAGGCCACAC_010,147
ACAGGGACGTCAGGCCACAC_011,141
ACAGGGACGTCAGGCCACAC_012,58
ACAGGGACGTCAGGCCACAC_013,74
ACAGGGACGTCAGGCCACAC_014,102
ACAGGGACGTCAGGCCACAC_015,134
ACAGGGACGTCAGGCCACAC_016,125
ACAGGGACGTCAGGCCACAC_017,42
ACAGGGACGTCAGGCCACAC_018,69
ACAGGGACGTCAGGCCACAC_019,68
ACAGGGACGTCAGGCCACAC_020,89
ACAGGGACGTCAGGCCACAC_021,13
ACAGGGACGTCAGGCCACAC_022,35
CTCGTGATCACATGTCTGGT_001,192
CTCGTGATCACATGTCTGGT_002,114
CTCGTGATCACATGTCTGGT_003,121
CTCGTGATCACATGTCTGGT_004,24
CTCGTGATCACATGTCTGGT_005,56
CTCGTGATCACATGTCTGGT_006,157
CTCGTGATCACATGTCTGGT_007,186
CTCGTGATCACATGTCTGGT_008,125
CTCGTGATCACATGTCTGGT_009,146
CTCGTGATCACATGTCTGGT_010,146
CTCGTGATCACATGTCTGGT_011,47
CTCGTGATCACATGTCTGGT_012,136
GCGCCCACTGGGAGGACGCC_001,163
GCGCCCACTGGGAGGACGCC_002,156
TCCAATCAATCGTACCCCAG_001,5
TCCAATCAATCGTACCCCAG_002,115
TCCAATCAATCGTACCCCAG_003,114
TCCAATCAATCGTACCCCAG_004,58
TCCAATCAATCGTACCCCAG_005,130
TCCAATCAATCGTACCCCAG_006,10
AATTCGACATCGACATATTG_001,196
AATTCGACATCGACATATTG_002,102
AATTCGACATCGACATATTG_003,84
AATTCGACATCGACATATTG_004,93
AATTCGACATCGACATATTG_005,43
TCCGCACTGATGCTTACGTA_001,78
TCCGCACTGATGCTTACGTA_002,17
TCCGCACTGATGCTTACGTA_003,105
TGACGGTATCCACCCATTCG_001,60
TGACGGTATCCACCCATTCG_002,100
TGCTGTAGTTGGTGAATGGA_001,1
TGCTGTAGTTGGTGAATGGA_002,58
TGCTGTAGTTGGTGAATGGA_003,26
TGCTGTAGTTGGTGAATGGA_004,121
TGCTGTAGTTGGTGAATGGA_005,132
TGCTGTAGTTGGTGAATGGA_006,56
TGCTGTAGTTGGTGAATGGA_007,50
TGCTGTAGTTGGTGAATGGA_008,106
TGCTGTAGTTGGTGAATGGA_009,106
TGCTGTAGTTGGTGAATGGA_010,5
TGCTGTAGTTGGTGAATGGA_011,91
CAAAACTTTATGTGACCGTG_001,72
CAAAACTTTATGTGACCGTG_002,11
CAAAACTTTATGTGACCGTG_003,119
AGCATGCGGTATGAGGAAGA_001,36
AGCATGCGGTATGAGGAAGA_002,32
AGCATGCGGTATGAGGAAGA_003,19
CAGTCCTAGAGAGGAATCCG_001,90
CAGTCCTAGAGAGGAATCCG_002,150
CAGTCCTAGAGAGGAATCCG_003,91
CAGTCCTAGAGAGGAATCCG_004,141
CAGTCCTAGAGAGGAATCCG_005,120
CAGTCCTAGAGAGGAATCCG_006,198
CAGTCCTAGAGAGGAATCCG_007,156
CAGTCCTAGAGAGGAATCCG_008,83
CAGTCCTAGAGAGGAATCCG_009,112
CAGTCCTAGAGAGGAATCCG_010,98
CAGTCCTAGAGAGGAATCCG_011,120
CAGTCCTAGAGAGGAATCCG_012,170
CAGTCCTAGAGAGGAATCCG_013,121
CAGTCCTAGAGAGGAATCCG_014,80
CAGTCCTAGAGAGGAATCCG_015,178
CAGTCCTAGAGAGGAATCCG_016,68
CAGTCCTAGAGAGGAATCCG_017,168
CAGTCCTAGAGAGGAATCCG_018,168
CCGCGCGTACCTCCCACATG_001,33
CCGCGCGTACCTCCCACATG_002,63
CCGCGCGTACCTCCCACATG_003,75
CCGCGCGTACCTCCCACATG_004,132
CCGCGCGTACCTCCCACATG_005,2
CCGCGCGTACCTCCCACATG_006,144
GCCTTCATCAGCTTGCTCAG_001,194
GCCTTCATCAGCTTGCTCAG_002,144
GCCTTCATCAGCTTGCTCAG_003,50
GCCTTCATCAGCTTGCTCAG_004,76
GCCTTCATCAGCTTGCTCAG_005,94
GCCTTCATCAGCTTGCTCAG_006,107
GCCTTCATCAGCTTGCTCAG_007,197
GCCTTCATCAGCTTGCTCAG_008,141
GCCTTCATCAGCTTGCTCAG_009,141
GCCTTCATCAGCTTGCTCAG_010,197
GCCTTCATCAGCTTGCTCAG_011,15
GCCTTCATCAGCTTGCTCAG_012,177
GCCTTCATCAGCTTGCTCAG_013,132
GCCTTCATCAGCTTGCTCAG_014,49
GCCTTCATCAGCTTGCTCAG_015,141
GCCTTCATCAGCTTGCTCAG_016,68
GCCTTCATCAGCTTGCTCAG_017,165
GCCTTCATCAGCTTGCTCAG_018,77
GCCTTCATCAGCTTGCTCAG_019,80
GCCTTCATCAGCTTGCTCAG_020,192
GTGCCCAGAAATGGACCACA_001,88
GTGCCCAGAAATGGACCACA_002,65
GTGCCCAGAAATGGACCACA_003,125
GTGCCCAGAAATGGACCACA_004,64
GTGCCCAGAAATGGACCACA_005,145
GTGCCCAGAAATGGACCACA_006,17
GTGCCCAGAAATGGACCACA_007,158
GTGCCCAGAAATGGACCACA_008,29
GTGCCCAGAAATGGACCACA_009,48
GTGCCCAGAAATGGACCACA_010,90
GTGCCCAGAAATGGACCACA_011,113
GTGCCCAGAAATGGACCACA_012,138
GTGCCCAGAAATGGACCACA_013,169
GTGCCCAGAAATGGACCACA_014,50
GTGCCCAGAAATGGACCACA_015,184
GTGCCCAGAAATGGACCACA_016,145
GTGCCCAGAAATGGACCACA_017,188
GTGCCCAGAAATGGACCACA_018,37
GTGCCCAGAAATGGACCACA_019,151
GTGCCCAGAAATGGACCACA_020,6
GTGCCCAGAAATGGACCACA_021,178
GTGCCCAGAAATGGACCACA_022,106
GTGCCCAGAAATGGACCACA_023,10
TGTGCCCTCACAGCTAGATG_001,149
TGTGCCCTCACAGCTAGATG_002,83
TGTGCCCTCACAGCTAGATG_003,191
TGTGCCCTCACAGCTAGATG_004,94
TGTGCCCTCACAGCTAGATG_005,105
TGTGCCCTCACAGCTAGATG_006,27
TGTGCCCTCACAGCTAGATG_007,195
CTATGTCTTCAACCACCTGG_001,78
CTATGTCTTCAACCACCTGG_002,0
CTATGTCTTCAACCACCTGG_003,147
CTATGTCTTCAACCACCTGG_004,149
CTATGTCTTCAACCACCTGG_005,123
CTATGTCTTCAACCACCTGG_006,94
CTATGTCTTCAACCACCTGG_007,19
CTATGTCTTCAACCACCTGG_008,157
CTATGTCTTCAACCACCTGG_009,169
CTATGTCTTCAACCACCTGG_010,150
CTATGTCTTCAACCACCTGG_011,42
CTATGTCTTCAACCACCTGG_012,38
CTATGTCTTCAACCACCTGG_013,80
CTATGTCTTCAACCACCTGG_014,123
CTATGTCTTCAACCACCTGG_015,174
CTATGTCTTCAACCACCTGG_016,9
CTATGTCTTCAACCACCTGG_017,151
CTATGTCTTCAACCACCTGG_018,191
CCTCACTGAGTGATCCGCAG_001,137
CCTCACTGAGTGATCCGCAG_002,52
CCTCACTGAGTGATCCGCAG_003,112
CCTCACTGAGTGATCCGCAG_004,147
CCTCACTGAGTGATCCGCAG_005,63
CCTCACTGAGTGATCCGCAG_006,176
CCTCACTGAGTGATCCGCAG_007,36
CCTCACTGAGTGATCCGCAG_008,15
CCTCACTGAGTGATCCGCAG_009,6
GCATTAAGCGCAGGACTGAG_001,26
GCATTAAGCGCAGGACTGAG_002,147
GCATTAAGCGCAGGACTGAG_003,23
GCATTAAGCGCAGGACTGAG_004,22
GCATTAAGCGCAGGACTGAG_005,15
GCATTAAGCGCAGGACTGAG_006,167
GCATTAAGCGCAGGACTGAG_007,62
GCATTAAGCGCAGGACTGAG_008,6
GCATTAAGCGCAGGACTGAG_009,160
GCATTAAGCGCAGGACTGAG_010,156
GCATTAAGCGCAGGACTGAG_011,199
GCATTAAGCGCAGGACTGAG_012,15
GCATTAAGCGCAGGACTGAG_013,5
GCATTAAGCGCAGGACTGAG_014,74
GCCCGCCTGTATCTCGCGTG_001,75
GCCCGCCTGTATCTCGCGTG_002,2
GCCCGCCTGTATCTCGCGTG_003,70
GCCCGCCTGTATCTCGCGTG_004,27
GCCCGCCTGTATCTCGCGTG_005,16
GCCCGCCTGTATCTCGCGTG_006,62
GCCCTGTCGGTCACCTCCCG_001,174
GCCCTGTCGGTCACCTCCCG_002,139
GCCCTGTCGGTCACCTCCCG_003,60
GCCCTGTCGGTCACCTCCCG_004,8
GCCCTGTCGGTCACCTCCCG_005,166
GCCCTGTCGGTCACCTCCCG_006,131
GCCCTGTCGGTCACCTCCCG_007,12
GCCCTGTCGGTCACCTCCCG_008,184
GCCCTGTCGGTCACCTCCCG_009,9
GCCCTGTCGGTCACCTCCCG_010,10
GCCCTGTCGGTCACCTCCCG_011,136
GCCCTGTCGGTCACCTCCCG_012,189
GCCCTGTCGGTCACCTCCCG_013,38
GCCCTGTCGGTCACCTCCCG_014,196
GCCCTGTCGGTCACCTCCCG_015,149
GCCCTGTCGGTCACCTCCCG_016,47
GCCCTGTCGGTCACCTCCCG_017,61
GCCCTGTCGGTCACCTCCCG_018,16
GCCCTGTCGGTCACCTCCCG_019,50
GCCCTGTCGGTCACCTCCCG_020,26
GCCCTGTCGGTCACCTCCCG_021,118
GCCCTGTCGGTCACCTCCCG_022,170
GCCCTGTCGGTCACCTCCCG_023,88
GCCCTGTCGGTCACCTCCCG_024,80
GCCCTGTCGGTCACCTCCCG_025,132
GCCCTGTCGGTCACCTCCCG_026,142
GCCCTGTCGGTCACCTCCCG_027,48
GCCCTGTCGGTCACCTCCCG_028,48
GCCCTGTCGGTCACCTCCCG_029,175
GCCCTGTCGGTCACCTCCCG_030,184
GCCCTGTCGGTCACCTCCCG_031,33
GCCCTGTCGGTCACCTCCCG_032,104
GTTTGCTGGATCACTACGAA_001,151
GTTTGCTGGATCACTACGAA_002,146
GTTTGCTGGATCACTACGAA_003,188
GTTTGCTGGATCACTACGAA_004,174
GTTTGCTGGATCACTACGAA_005,121
TAAGCTTATCAGGGCTGATG_001,49
TAAGCTTATCAGGGCTGATG_002,169
TAAGCTTATCAGGGCTGATG_003,10
TAAGCTTATCAGGGCTGATG_004,34
TAAGCTTATCAGGGCTGATG_005,117
TAAGCTTATCAGGGCTGATG_006,190
TAAGCTTATCAGGGCTGATG_007,117
TAAGCTTATCAGGGCTGATG_008,117
TAAGCTTATCAGGGCTGATG_009,184
TAAGCTTATCAGGGCTGATG_010,77
TAAGCTTATCAGGGCTGATG_011,20
AGCAACACAACATCCCCCAG_001,6
AGCAACACAACATCCCCCAG_002,170
AGCAACACAACATCCCCCAG_003,131
AGCAACACAACATCCCCCAG_004,117
AGCAACACAACATCCCCCAG_005,22
TCCAGCACTTCATCCCAGTG_001,198
TCCAGCACTTCATCCCAGTG_002,197
TGAGCTGCGTTCTCTACGGG_001,7
GTTGCCTCATATCCATTAAG_001,102
GTTGCCTCATATCCATTAAG_002,1
GTTGCCTCATATCCATTAAG_003,199
GTTGCCTCATATCCATTAAG_004,139
GCAGGCCCGAGATCAGAAGG_001,105
GCAGGCCCGAGATCAGAAGG_002,0
GCAGGCCCGAGATCAGAAGG_003,23
GCAGGCCCGAGATCAGAAGG_004,23
GCAGGCCCGAGATCAGAAGG_005,112
GCAGGCCCGAGATCAGAAGG_006,19
GCAGGCCCGAGATCAGAAGG_007,105
GCAGGCCCGAGATCAGAAGG_008,50
GCAGGCCCGAGATCAGAAGG_009,50
GCAGGCCCGAGATCAGAAGG_010,29
GAACACAATGGGTCCCATCG_001,103
GAACACAATGGGTCCCATCG_002,158
GAACACAATGGGTCCCATCG_003,192
GAACACAATGGGTCCCATCG_004,12
GAACACAATGGGTCCCATCG_005,60
GAACACAATGGGTCCCATCG_006,134
GAACACAATGGGTCCCATCG_007,132
GAACACAATGGGTCCCATCG_008,142
CAACATCTCACAAGTCATGA_001,62
CAACATCTCACAAGTCATGA_002,33
CAACATCTCACAAGTCATGA_003,178
CAACATCTCACAAGTCATGA_004,187
CAACATCTCACAAGTCATGA_005,28
CAACATCTCACAAGTCATGA_006,62
CAACATCTCACAAGTCATGA_007,10
CCAGGGCAATGACTACCCCT_001,178
CCAGGGCAATGACTACCCCT_002,45
CCTCTATCCAGAAAACACGG_001,162
CCTCTATCCAGAAAACACGG_002,94
CCTCTATCCAGAAAACACGG_003,44
CCTCTATCCAGAAAACACGG_004,68
CCTCTATCCAGAAAACACGG_005,85
CCTCTATCCAGAAAACACGG_006,19
CCTCTATCCAGAAAACACGG_007,36
CCTCTATCCAGAAAACACGG_008,8
CCTCTATCCAGAAAACACGG_009,85
CCTCTATCCAGAAAACACGG_010,158
CCTCTATCCAGAAAACACGG_011,177
CCTCTATCCAGAAAACACGG_012,177
CCTCTATCCAGAAAACACGG_013,183
CCTCTATCCAGAAAACACGG_014,8
CCTCTATCCAGAAAACACGG_015,134
CCTCTATCCAGAAAACACGG_016,84
CCTCTATCCAGAAAACACGG_017,180
CCTCTATCCAGAAAACACGG_018,169
CCTCTATCCAGAAAACACGG_019,79
CCTCTATCCAGAAAACACGG_020,183
CCTCTATCCAGAAAACACGG_021,27
CCTCTATCCAGAAAACACGG_022,15
CCTCTATCCAGAAAACACGG_023,83
CTCGACGCAGAGCTGTGGGT_001,189
CTCGACGCAGAGCTGTGGGT_002,174
CTCGACGCAGAGCTGTGGGT_003,106
CTCGACGCAGAGCTGTGGGT_004,70
CTCGACGCAGAGCTGTGGGT_005,63
TCCCACCAATCCCCAATGTG_001,1
TCCCACCAATCCCCAATGTG_002,77
TCCCACCAATCCCCAATGTG_003,73
TCCCACCAATCCCCAATGTG_004,158
TCCCACCAATCCCCAATGTG_005,162
TCCCACCAATCCCCAATGTG_006,156
TCCCACCAATCCCCAATGTG_007,119
TCCCACCAATCCCCAATGTG_008,62
TCCCACCAATCCCCAATGTG_009,183
TCCCACCAATCCCCAATGTG_010,139
TCCCACCAATCCCCAATGTG_011,81
TCCCACCAATCCCCAATGTG_012,174
TCCCACCAATCCCCAATGTG_013,3
CTGGTGTATAAACCTTGACA_001,118
CTGGTGTATAAACCTTGACA_002,67
CTGGTGTATAAACCTTGACA_003,175
ACTGTAGATCCCTTTGCGCG_001,77
ACTGTAGATCCCTTTGCGCG_002,42
ACTGTAGATCCCTTTGCGCG_003,144
ACTGTAGATCCCTTTGCGCG_004,83
ACTGTAGATCCCTTTGCGCG_005,144
ACTGTAGATCCCTTTGCGCG_006,171
CCTGAAATTCCACCAAAGCG_001,0
CCTGAAATTCCACCAAAGCG_002,7
CCTGAAATTCCACCAAAGCG_003,8
CCTGAAATTCCACCAAAGCG_004,42
AAAATCAGTTATGCTGCGAA_001,127
CCCACAGCCAGTGAACAACG_001,37
CCCACAGCCAGTGAACAACG_002,60
CCCACAGCCAGTGAACAACG_003,83
CCCACAGCCAGTGAACAACG_004,5
CCCACAGCCAGTGAACAACG_005,72
CCCACAGCCAGTGAACAACG_006,26
CCCACAGCCAGTGAACAACG_007,129
CCCACAGCCAGTGAACAACG_008,147
CCCACAGCCAGTGAACAACG_009,197
CCCACAGCCAGTGAACAACG_010,15
CCCACAGCCAGTGAACAACG_011,17
CCCACAGCCAGTGAACAACG_012,186
CCCACAGCCAGTGAACAACG_013,62
CCCACAGCCAGTGAACAACG_014,93
CCCACAGCCAGTGAACAACG_015,1
CCCACAGCCAGTGAACAACG_016,116
CCCACAGCCAGTGAACAACG_017,28
CCCACAGCCAGTGAACAACG_018,138
CCCACAGCCAGTGAACAACG_019,138
CCCACAGCCAGTGAACAACG_020,63
CCCACAGCCAGTGAACAACG_021,38
CCCACAGCCAGTGAACAACG_022,125
CCCACAGCCAGTGAACAACG_023,150
CCCACAGCCAGTGAACAACG_024,131
CCCACAGCCAGTGAACAACG_025,168
CCCACAGCCAGTGAACAACG_026,168
CCCACAGCCAGTGAACAACG_027,40
CCCACAGCCAGTGAACAACG_028,82
AGCCGGCTCAGAGTTTCTAG_001,58
AGCCGGCTCAGAGTTTCTAG_002,185
AGCCGGCTCAGAGTTTCTAG_003,76
AGCCGGCTCAGAGTTTCTAG_004,12
AGCCGGCTCAGAGTTTCTAG_005,48
AGTACCCCGACTATCAGCAC_001,117
AGTACCCCGACTATCAGCAC_002,165
AGTACCCCGACTATCAGCAC_003,17
AGTACCCCGACTATCAGCAC_004,153
AGTACCCCGACTATCAGCAC_005,85
AGTACCCCGACTATCAGCAC_006,3
GTCCGCAGCCTTGTAACCCA_001,198
GTCCGCAGCCTTGTAACCCA_002,166
GTCCGCAGCCTTGTAACCCA_003,68
GTCCGCAGCCTTGTAACCCA_004,178
GTCCGCAGCCTTGTAACCCA_005,115
GTCCGCAGCCTTGTAACCCA_006,149
GTCCGCAGCCTTGTAACCCA_007,26
GTCCGCAGCCTTGTAACCCA_008,55
GTCCGCAGCCTTGTAACCCA_009,118
GTCCGCAGCCTTGTAACCCA_010,184
GTCCGCAGCCTTGTAACCCA_011,63
TGTTGAACATAAGGCTCCGG_001,84
TGTTGAACATAAGGCTCCGG_002,177
TGTTGAACATAAGGCTCCGG_003,103
TGTTGAACATAAGGCTCCGG_004,152
TGTTGAACATAAGGCTCCGG_005,66
GGTCCCCGATCTTAAAACGG_001,56
GGTCCCCGATCTTAAAACGG_002,18
TTGACAACGGGAACTTCCGA_001,7
TTGACAACGGGAACTTCCGA_002,156
TTGACAACGGGAACTTCCGA_003,67
TTGACAACGGGAACTTCCGA_004,141
TTGACAACGGGAACTTCCGA_005,136
AGCAGCACAACATCCCACAG_001,175
AGCAGCACAACATCCCACAG_002,168
AGCAGCACAACATCCCACAG_003,50
AGCAGCACAACATCCCACAG_004,56
AGCAGCACAACATCCCACAG_005,88
AGCAGCACAACATCCCACAG_006,199
AGCAGCACAACATCCCACAG_007,118
AGCAGCACAACATCCCACAG_008,62
AGCAGCACAACATCCCACAG_009,150
AGCAGCACAACATCCCACAG_010,41
AGCAGCACAACATCCCACAG_011,69
AGCAGCACAACATCCCACAG_012,10
AGCAGCACAACATCCCACAG_013,49
AGCAGCACAACATCCCACAG_014,162
AGCAGCACAACATCCCACAG_015,144
AGCAGCACAACATCCCACAG_016,95
AGCAGCACAACATCCCACAG_017,95
AGCAGCACAACATCCCACAG_018,108
TCTGTCGGGATGTCACACAA_001,194
TCTGTCGGGATGTCACACAA_002,41
TCTGTCGGGATGTCACACAA_003,157
TCTGTCGGGATGTCACACAA_004,84
TCTGTCGGGATGTCACACAA_005,102
TCTGTCGGGATGTCACACAA_006,81
TCTGTCGGGATGTCACACAA_007,81
CTTCAGGAACCGAATAGGAA_001,8
CTTCAGGAACCGAATAGGAA_002,92
CTTCAGGAACCGAATAGGAA_003,145
CTTCAGGAACCGAATAGGAA_004,162
CTTCAGGAACCGAATAGGAA_005,81
CTTCAGGAACCGAATAGGAA_006,167
GCTCGGCAGGAGTTACAGAC_001,181
GCTCGGCAGGAGTTACAGAC_002,174
GATGATACGATCAGTTCAGG_001,71
GATGATACGATCAGTTCAGG_002,160
GATGATACGATCAGTTCAGG_003,85
GATGATACGATCAGTTCAGG_004,177
GATGATACGATCAGTTCAGG_005,163
GATGATACGATCAGTTCAGG_006,1
GATGATACGATCAGTTCAGG_007,22
GATGATACGATCAGTTCAGG_008,56
GATGATACGATCAGTTCAGG_009,52
GATGATACGATCAGTTCAGG_010,165
GATGATACGATCAGTTCAGG_011,98
GATGATACGATCAGTTCAGG_012,147
GATGATACGATCAGTTCAGG_013,169
GATGATACGATCAGTTCAGG_014,115
TCCAAATGAGTGGTCCCAAG_001,57
TCCAAATGAGTGGTCCCAAG_002,78
TCCAAATGAGTGGTCCCAAG_003,198
TCCAAATGAGTGGTCCCAAG_004,182
TCCAAATGAGTGGTCCCAAG_005,191
TCCAAATGAGTGGTCCCAAG_006,57
TCCAAATGAGTGGTCCCAAG_007,59
TCCAAATGAGTGGTCCCAAG_008,74
TCCAAATGAGTGGTCCCAAG_009,6
TCCAAATGAGTGGTCCCAAG_010,40
CATCAGAAAAGCCCTTACTG_001,21
CATCAGAAAAGCCCTTACTG_002,157
CATCAGAAAAGCCCTTACTG_003,49
CATCAGAAAAGCCCTTACTG_004,107
CATCAGAAAAGCCCTTACTG_005,67
CATCAGAAAAGCCCTTACTG_006,187
CATCAGAAAAGCCCTTACTG_007,198
GTATGGGTCCTCATGTGCCG_001,87
GTATGGGTCCTCATGTGCCG_002,12
GTATGGGTCCTCATGTGCCG_003,113
GTATGGGTCCTCATGTGCCG_004,101
GTATGGGTCCTCATGTGCCG_005,114
GTATGGGTCCTCATGTGCCG_006,114
GTATGGGTCCTCATGTGCCG_007,174
GTATGGGTCCTCATGTGCCG_008,172
GTATGGGTCCTCATGTGCCG_009,147
GTATGGGTCCTCATGTGCCG_010,41
GTATGGGTCCTCATGTGCCG_011,29
GTATGGGTCCTCATGTGCCG_012,137
GTATGGGTCCTCATGTGCCG_013,19
GTATGGGTCCTCATGTGCCG_014,121
GTATGGGTCCTCATGTGCCG_015,103
GTATGGGTCCTCATGTGCCG_016,17
GTATGGGTCCTCATGTGCCG_017,97
GTATGGGTCCTCATGTGCCG_018,78
GTATGGGTCCTCATGTGCCG_019,38
GTATGGGTCCTCATGTGCCG_020,60
GTATGGGTCCTCATGTGCCG_021,170
GTATGGGTCCTCATGTGCCG_022,25
CCCAGGAACTCTGTGACAGG_001,45
CCCAGGAACTCTGTGACAGG_002,77
CCCAGGAACTCTGTGACAGG_003,1
CCCAGGAACTCTGTGACAGG_004,159
CCCAGGAACTCTGTGACAGG_005,169
CCCAGGAACTCTGTGACAGG_006,137
CCCAGGAACTCTGTGACAGG_007,9
CCCAGGAACTCTGTGACAGG_008,17
CCCAGGAACTCTGTGACAGG_009,33
CAGCCTTCAAAGAAAAACCT_001,88
CAGCCTTCAAAGAAAAACCT_002,148
GTGATCGGGAGAATCTACCG_001,24
GTGATCGGGAGAATCTACCG_002,150
GTGATCGGGAGAATCTACCG_003,172
GACCAAGACATTGCCCACAA_001,84
GACCAAGACATTGCCCACAA_002,50
GACCAAGACATTGCCCACAA_003,178
GACCAAGACATTGCCCACAA_004,82
GAGAGGATGGAGTAGCCCGT_001,23
GAGAGGATGGAGTAGCCCGT_002,82
GAGAGGATGGAGTAGCCCGT_003,17
GAGAGGATGGAGTAGCCCGT_004,181
GAGAGGATGGAGTAGCCCGT_005,60
GAGAGGATGGAGTAGCCCGT_006,168
AATTTCCCATTCCAATCACA_001,195
AATTTCCCATTCCAATCACA_002,181
AATTTCCCATTCCAATCACA_003,78
AATTTCCCATTCCAATCACA_004,166
AATTTCCCATTCCAATCACA_005,68
GACGACACAGCAGTCACCAG_001,105
GACGACACAGCAGTCACCAG_002,76
GACGACACAGCAGTCACCAG_003,76
GACGACACAGCAGTCACCAG_004,174
GACGACACAGCAGTCACCAG_005,57
GACGACACAGCAGTCACCAG_006,15
GACGACACAGCAGTCACCAG_007,27
GACGACACAGCAGTCACCAG_008,121
GACGACACAGCAGTCACCAG_009,158
GCGGTGGGCTTCGACTACCA_001,2
GCGGTGGGCTTCGACTACCA_002,94
TGGAATCTTGGCCAAAATCG_001,9
TGGAATCTTGGCCAAAATCG_002,34
TGGAATCTTGGCCAAAATCG_003,80
TGGAATCTTGGCCAAAATCG_004,158
TGGAATCTTGGCCAAAATCG_005,130
ATGCCGTGTCCAGGATAGAT_001,15
ATGCCGTGTCCAGGATAGAT_002,120
ATGCCGTGTCCAGGATAGAT_003,104
CACGACATGCTGGAACACGG_001,137
CACGACATGCTGGAACACGG_002,15
CACGACATGCTGGAACACGG_003,108
CACGACATGCTGGAACACGG_004,157
CACGACATGCTGGAACACGG_005,176
CACGACATGCTGGAACACGG_006,107
CACGACATGCTGGAACACGG_007,71
CACGACATGCTGGAACACGG_008,25
CACGACATGCTGGAACACGG_009,181
AGTCGGAGCGGGATATTCGG_001,43
AGTCGGAGCGGGATATTCGG_002,52
AGTCGGAGCGGGATATTCGG_003,44
AGTCGGAGCGGGATATTCGG_004,83
AGTCGGAGCGGGATATTCGG_005,160
AGTCGGAGCGGGATATTCGG_006,67
AGTCGGAGCGGGATATTCGG_007,147
AGTCGGAGCGGGATATTCGG_008,153
AGTCGGAGCGGGATATTCGG_009,127
AGTCGGAGCGGGATATTCGG_010,21
GGAAATGGCAGGCGACATCA_001,5
GGAAATGGCAGGCGACATCA_002,41
GGAAATGGCAGGCGACATCA_003,141
GGAAATGGCAGGCGACATCA_004,101
GGAAATGGCAGGCGACATCA_005,199
GGAAATGGCAGGCGACATCA_006,83
GGAAATGGCAGGCGACATCA_007,5
GGCAGCTATAAATACAACCC_001,6
GGCAGCTATAAATACAACCC_002,38
GGCAGCTATAAATACAACCC_003,6
AGATGACCTTCTGACCACGT_001,34
TATCGTCTATAGGGTCCGAG_001,22
TATCGTCTATAGGGTCCGAG_002,149
TATCGTCTATAGGGTCCGAG_003,169
TCAGAAAGTCCATATGCACA_001,169
TCAGAAAGTCCATATGCACA_002,117
TCAGAAAGTCCATATGCACA_003,75
TCAGAAAGTCCATATGCACA_004,36
TCAGAAAGTCCATATGCACA_005,68
TCAGAAAGTCCATATGCACA_006,63
TTAGAACCACATGATCAGCA_001,58
ATCCAGCCCATCCATACCAG_001,172
ATCCAGCCCATCCATACCAG_002,133
ATCCAGCCCATCCATACCAG_003,188
ATCCAGCCCATCCATACCAG_004,80
ATCCAGCCCATCCATACCAG_005,47
ATCCAGCCCATCCATACCAG_006,38
ATCCAGCCCATCCATACCAG_007,34
ATCCAGCCCATCCATACCAG_008,38
ATCCAGCCCATCCATACCAG_009,63
ATCCAGCCCATCCATACCAG_010,151
ATCCAGCCCATCCATACCAG_011,172
ATCCAGCCCATCCATACCAG_012,140
ATCCAGCCCATCCATACCAG_013,9
ATCCAGCCCATCCATACCAG_014,57
ATCCAGCCCATCCATACCAG_015,150
ATCTCATAACATTTAACTTG_001,103
GGCACAACACCACGTTATCG_001,29
GGCACAACACCACGTTATCG_002,155
GGCACAACACCACGTTATCG_003,199
GGCACAACACCACGTTATCG_004,191
GGCACAACACCACGTTATCG_005,141
GGCACAACACCACGTTATCG_006,149
AAACCAACATTTCGAGAAGG_001,161
AAACCAACATTTCGAGAAGG_002,199
AAACCAACATTTCGAGAAGG_003,174
AAACCAACATTTCGAGAAGG_004,81
GCGGCAACACGTGCACCCTG_001,129
GCGGCAACACGTGCACCCTG_002,78
GCGGCAACACGTGCACCCTG_003,22
GCGGCAACACGTGCACCCTG_004,158
GCGGCAACACGTGCACCCTG_005,141
GCGGCAACACGTGCACCCTG_006,186
GCGGCAACACGTGCACCCTG_007,115
GCGGCAACACGTGCACCCTG_008,80
GCGGCAACACGTGCACCCTG_009,27
GCGGCAACACGTGCACCCTG_010,105
GCGGCAACACGTGCACCCTG_011,97
GCGGCAACACGTGCACCCTG_012,135
GCGGCAACACGTGCACCCTG_013,162
GCGGCAACACGTGCACCCTG_014,178
GCGGCAACACGTGCACCCTG_015,17
GCGGCAACACGTGCACCCTG_016,48
GCGGCAACACGTGCACCCTG_017,24
GCGGCAACACGTGCACCCTG_018,177
AGGCCGATTCGACACAGACA_001,158
AGGCCGATTCGACACAGACA_002,78
AGGCCGATTCGACACAGACA_003,147
AGGCCGATTCGACACAGACA_004,28
AGGCCGATTCGACACAGACA_005,94
AGGCCGATTCGACACAGACA_006,1
AGGCCGATTCGACACAGACA_007,94
AGGCCGATTCGACACAGACA_008,131
AGGCCGATTCGACACAGACA_009,197
ATCCTCCAGAGCGACGATGT_001,192
ATCCTCCAGAGCGACGATGT_002,91
ATCCTCCAGAGCGACGATGT_003,77
ATCCTCCAGAGCGACGATGT_004,0
ATCCTCCAGAGCGACGATGT_005,68
ATCCTCCAGAGCGACGATGT_006,123
ATCCTCCAGAGCGACGATGT_007,70
ATCCTCCAGAGCGACGATGT_008,81
ATCCTCCAGAGCGACGATGT_009,132
ATCCTCCAGAGCGACGATGT_010,184
ATCCTCCAGAGCGACGATGT_011,27
ATCCTCCAGAGCGACGATGT_012,122
ATCCTCCAGAGCGACGATGT_013,31
ATCCTCCAGAGCGACGATGT_014,149
ATCCTCCAGAGCGACGATGT_015,81
ATCCTCCAGAGCGACGATGT_016,56
ATCCTCCAGAGCGACGATGT_017,117
ATCCTCCAGAGCGACGATGT_018,182
ATCCTCCAGAGCGACGATGT_019,83
ATCCTCCAGAGCGACGATGT_020,50
ATCCTCCAGAGCGACGATGT_021,146
ATCCTCCAGAGCGACGATGT_022,75
ATCCTCCAGAGCGACGATGT_023,100
ATCCTCCAGAGCGACGATGT_024,36
ATCCTCCAGAGCGACGATGT_025,58
ATCCTCCAGAGCGACGATGT_026,194
ATCCTCCAGAGCGACGATGT_027,199
ATCCTCCAGAGCGACGATGT_028,114
ATCCTCCAGAGCGACGATGT_029,191
ATCCTCCAGAGCGACGATGT_030,74
ATCCTCCAGAGCGACGATGT_031,183
AAACACCCGCCTATAACCTC_001,172
AAACACCCGCCTATAACCTC_002,145
AAACACCCGCCTATAACCTC_003,78
AAACACCCGCCTATAACCTC_004,189
AAACACCCGCCTATAACCTC_005,161
AAACACCCGCCTATAACCTC_006,151
CCAGTGCTACTAACTCCACG_001,149
CCAGTGCTACTAACTCCACG_002,74
CCAGTGCTACTAACTCCACG_003,157
ACAGAGAATTACCGCCACCT_001,166
ACAGAGAATTACCGCCACCT_002,171
ACAGAGAATTACCGCCACCT_003,75
ACAGAGAATTACCGCCACCT_004,13
ACAGAGAATTACCGCCACCT_005,86
ACAGAGAATTACCGCCACCT_006,105
ACAGAGAATTACCGCCACCT_007,127
ACAGAGAATTACCGCCACCT_008,175
ACAGAGAATTACCGCCACCT_009,50
ACAGAGAATTACCGCCACCT_010,61
TGGCTATAAAATGTGCACCG_001,97
TGGCTATAAAATGTGCACCG_002,78
TGGCTATAAAATGTGCACCG_003,124
TGGCTATAAAATGTGCACCG_004,170
TGGCTATAAAATGTGCACCG_005,149
TGGCTATAAAATGTGCACCG_006,119
GATCTTCACCCCAGCCCACG_001,96
GATCTTCACCCCAGCCCACG_002,140
GATCTTCACCCCAGCCCACG_003,82
GATCTTCACCCCAGCCCACG_004,94
GATCTTCACCCCAGCCCACG_005,7
GATCTTCACCCCAGCCCACG_006,156
GATCTTCACCCCAGCCCACG_007,6
GATCTTCACCCCAGCCCACG_008,181
GATCTTCACCCCAGCCCACG_009,162
GATCTTCACCCCAGCCCACG_010,54
GATCTTCACCCCAGCCCACG_011,61
GATCTTCACCCCAGCCCACG_012,58
GATCTTCACCCCAGCCCACG_013,39
GATCTTCACCCCAGCCCACG_014,6
GATCTTCACCCCAGCCCACG_015,185
GATCTTCACCCCAGCCCACG_016,84
GATCTTCACCCCAGCCCACG_017,74
GATCTTCACCCCAGCCCACG_018,197
TTCAAGTGTTCGAAGACACA_001,94
TTCAAGTGTTCGAAGACACA_002,156
TTCAAGTGTTCGAAGACACA_003,87
TTCAAGTGTTCGAAGACACA_004,96
TTCAAGTGTTCGAAGACACA_005,12
TTCAAGTGTTCGAAGACACA_006,31
CTAACATATGGGGCGCCGAG_001,121
CTAACATATGGGGCGCCGAG_002,34
CTAACATATGGGGCGCCGAG_003,58
CTAACATATGGGGCGCCGAG_004,69
CTAACATATGGGGCGCCGAG_005,118
GTACCCGCAGACATTATGAA_001,122
GTACCCGCAGACATTATGAA_002,148
GTACCCGCAGACATTATGAA_003,94
GTACCCGCAGACATTATGAA_004,27
ACATGCCTCGCATCCCGTAG_001,84
CAAAGCCCATCAAAAAACAG_001,170
CAAAGCCCATCAAAAAACAG_002,101
TAAGTGAAGATATGATGGAA_001,117
TAAGTGAAGATATGATGGAA_002,9
TAAGTGAAGATATGATGGAA_003,185
TAAGTGAAGATATGATGGAA_004,55
TAAGTGAAGATATGATGGAA_005,152
CACACTGGTCACAAACATAG_001,121
CACACTGGTCACAAACATAG_002,190
CACACTGGTCACAAACATAG_003,14
CCGAGTTCCACTACCGCAGA_001,85
CCGAGTTCCACTACCGCAGA_002,36
CCGAGTTCCACTACCGCAGA_003,133
CCGAGTTCCACTACCGCAGA_004,35
CCGAGTTCCACTACCGCAGA_005,19
CCGAGTTCCACTACCGCAGA_006,184
CCGAGTTCCACTACCGCAGA_007,81
CCGAGTTCCACTACCGCAGA_008,141
CCGAGTTCCACTACCGCAGA_009,43
CCGAGTTCCACTACCGCAGA_010,74
CCGAGTTCCACTACCGCAGA_011,177
CCGAGTTCCACTACCGCAGA_012,126
TCCAGTAACGATGACCATAG_001,114
CAACAGCAGTACGCAAACAC_001,6
CAACAGCAGTACGCAAACAC_002,175
CAACAGCAGTACGCAAACAC_003,77
CAACAGCAGTACGCAAACAC_004,53
CAACAGCAGTACGCAAACAC_005,94
CAACAGCAGTACGCAAACAC_006,27
CAACAGCAGTACGCAAACAC_007,82
CAACAGCAGTACGCAAACAC_008,169
CAACAGCAGTACGCAAACAC_009,83
CAACAGCAGTACGCAAACAC_010,51
CAACAGCAGTACGCAAACAC_011,141
CAACAGCAGTACGCAAACAC_012,18
CAACAGCAGTACGCAAACAC_013,121
CAACAGCAGTACGCAAACAC_014,116
CAACAGCAGTACGCAAACAC_015,90
CAACAGCAGTACGCAAACAC_016,147
GATGCTTTGCAAATGGCAGT_001,43
GATGCTTTGCAAATGGCAGT_002,3
GATGCTTTGCAAATGGCAGT_003,49
GATGCTTTGCAAATGGCAGT_004,34
GATGCTTTGCAAATGGCAGT_005,174
CCACAGCCGTGCACGACGAG_001,169
CCACAGCCGTGCACGACGAG_002,15
CCACAGCCGTGCACGACGAG_003,132
CCACAGCCGTGCACGACGAG_004,24
CCACAGCCGTGCACGACGAG_005,69
CCACAGCCGTGCACGACGAG_006,150
CCACAGCCGTGCACGACGAG_007,92
CCACAGCCGTGCACGACGAG_008,137
CCACAGCCGTGCACGACGAG_009,106
CCACAGCCGTGCACGACGAG_010,29
CCACAGCCGTGCACGACGAG_011,84
CCACAGCCGTGCACGACGAG_012,56
CCACAGCCGTGCACGACGAG_013,97
CCACAGCCGTGCACGACGAG_014,50
CCACAGCCGTGCACGACGAG_015,29
CCACAGCCGTGCACGACGAG_016,124
CCACAGCCGTGCACGACGAG_017,104
CCACAGCCGTGCACGACGAG_018,63
GGCGCCCAGCGAATGAACCG_001,154
GGCGCCCAGCGAATGAACCG_002,12
GGCGCCCAGCGAATGAACCG_003,1
GGCGCCCAGCGAATGAACCG_004,110
GGCGCCCAGCGAATGAACCG_005,101
GGCGCCCAGCGAATGAACCG_006,127
GGCGCCCAGCGAATGAACCG_007,105
GGCGCCCAGCGAATGAACCG_008,46
GGCGCCCAGCGAATGAACCG_009,19
GGCGCCCAGCGAATGAACCG_010,125
GTCTGTCATTCCATGGTCAG_001,12
GTCTGTCATTCCATGGTCAG_002,146
GTCTGTCATTCCATGGTCAG_003,174
GGGAAGGGGCAAGTTCGCCC_001,2
TGATCGGGACATAGTTAAGT_001,43
TGATCGGGACATAGTTAAGT_002,66
TGATCGGGACATAGTTAAGT_003,191
TGATCGGGACATAGTTAAGT_004,114
TGATCGGGACATAGTTAAGT_005,170
CGGAGGCCGATCGCGACGGC_001,15
CGGAGGCCGATCGCGACGGC_002,68
CGGAGGCCGATCGCGACGGC_003,115
CGGAGGCCGATCGCGACGGC_004,16
CGGAGGCCGATCGCGACGGC_005,152
CGGAGGCCGATCGCGACGGC_006,25
CGGAGGCCGATCGCGACGGC_007,106
CGGAGGCCGATCGCGACGGC_008,19
CGGAGGCCGATCGCGACGGC_009,50
CGGAGGCCGATCGCGACGGC_010,199
CGGAGGCCGATCGCGACGGC_011,176
CGGAGGCCGATCGCGACGGC_012,43
CGGAGGCCGATCGCGACGGC_013,161
TATAGGATTCGTGTTCGCCG_001,34
TATAGGATTCGTGTTCGCCG_002,134
GGAGAAGCAAACGCGCTGTG_001,146
GGAGAAGCAAACGCGCTGTG_002,134
GGAGAAGCAAACGCGCTGTG_003,172
GGAGAAGCAAACGCGCTGTG_004,191
GGAGAAGCAAACGCGCTGTG_005,137
GGAGAAGCAAACGCGCTGTG_006,82
GGAGAAGCAAACGCGCTGTG_007,49
GGAGAAGCAAACGCGCTGTG_008,47
GGAGAAGCAAACGCGCTGTG_009,116
GGAGAAGCAAACGCGCTGTG_010,119
GGAGAAGCAAACGCGCTGTG_011,97
GGAGAAGCAAACGCGCTGTG_012,43
GGAGAAGCAAACGCGCTGTG_013,169
GGAGAAGCAAACGCGCTGTG_014,162
GGAGAAGCAAACGCGCTGTG_015,46
GGAGAAGCAAACGCGCTGTG_016,9
GGAGAAGCAAACGCGCTGTG_017,1
GGAGAAGCAAACGCGCTGTG_018,16
GGAGAAGCAAACGCGCTGTG_019,62
GGAGAAGCAAACGCGCTGTG_020,48
GGAGAAGCAAACGCGCTGTG_021,102
GGAGAAGCAAACGCGCTGTG_022,188
GGAGAAGCAAACGCGCTGTG_023,79
CCTAAGTCTTGTAACCGCAG_001,115
CCTAAGTCTTGTAACCGCAG_002,192
CCTAAGTCTTGTAACCGCAG_003,134
TGGTATAGAGATAGTGTGCA_001,116
TGGTATAGAGATAGTGTGCA_002,82
TGGTATAGAGATAGTGTGCA_003,28
TGGTATAGAGATAGTGTGCA_004,149
TGGTATAGAGATAGTGTGCA_005,175
TGGTATAGAGATAGTGTGCA_006,70
AAAACCCCGTAACTCAGATG_001,104
AAAACCCCGTAACTCAGATG_002,130
AAAACCCCGTAACTCAGATG_003,105
AAAACCCCGTAACTCAGATG_004,17
AAAACCCCGTAACTCAGATG_005,96
AAAACCCCGTAACTCAGATG_006,148
AAAACCCCGTAACTCAGATG_007,185
AAAACCCCGTAACTCAGATG_008,169
ATGGGAAAGAGTACCCCCTG_001,1
ATGGGAAAGAGTACCCCCTG_002,129
ATGGGAAAGAGTACCCCCTG_003,176
ATGGGAAAGAGTACCCCCTG_004,151
ATGGGAAAGAGTACCCCCTG_005,196
ATGGGAAAGAGTACCCCCTG_006,163
ATGGGAAAGAGTACCCCCTG_007,169
ATGGGAAAGAGTACCCCCTG_008,74
ATGGGAAAGAGTACCCCCTG_009,184
ATGGGAAAGAGTACCCCCTG_010,190
ATGGGAAAGAGTACCCCCTG_011,169
ATGGGAAAGAGTACCCCCTG_012,89
ATGGGAAAGAGTACCCCCTG_013,13
ATGGGAAAGAGTACCCCCTG_014,140
ATGGGAAAGAGTACCCCCTG_015,58
ATGGGAAAGAGTACCCCCTG_016,63
ATGGGAAAGAGTACCCCCTG_017,144
ATGGGAAAGAGTACCCCCTG_018,196
ATGGGAAAGAGTACCCCCTG_019,117
AAGGACGATTACTAGCAAGG_001,115
AAGGACGATTACTAGCAAGG_002,32
AAGGACGATTACTAGCAAGG_003,21
AAGGACGATTACTAGCAAGG_004,148
AAGGACGATTACTAGCAAGG_005,144
AAGGACGATTACTAGCAAGG_006,58
AAGGACGATTACTAGCAAGG_007,106
AGAGTCTGCTGTATCGTCTG_001,36
AGAGTCTGCTGTATCGTCTG_002,7
AGAGTCTGCTGTATCGTCTG_003,130
AGAGTCTGCTGTATCGTCTG_004,42
AGAGTCTGCTGTATCGTCTG_005,130
AGAGTCTGCTGTATCGTCTG_006,14
AGAGTCTGCTGTATCGTCTG_007,144
AGAGTCTGCTGTATCGTCTG_008,94
TTCACAAGGTGCACCCCAGA_001,78
TTCACAAGGTGCACCCCAGA_002,94
TTCACAAGGTGCACCCCAGA_003,45
TTCACAAGGTGCACCCCAGA_004,118
TTCACAAGGTGCACCCCAGA_005,178
TTCACAAGGTGCACCCCAGA_006,1
TTCACAAGGTGCACCCCAGA_007,144
TTCACAAGGTGCACCCCAGA_008,166
TTCACAAGGTGCACCCCAGA_009,71
TTCACAAGGTGCACCCCAGA_010,174
TTCACAAGGTGCACCCCAGA_011,9
TTCACAAGGTGCACCCCAGA_012,9
TTCACAAGGTGCACCCCAGA_013,162
TTCACAAGGTGCACCCCAGA_014,69
TTCACAAGGTGCACCCCAGA_015,1
TTCACAAGGTGCACCCCAGA_016,182
TTCACAAGGTGCACCCCAGA_017,169
TTCACAAGGTGCACCCCAGA_018,185
TTCACAAGGTGCACCCCAGA_019,6
TTCACAAGGTGCACCCCAGA_020,124
TTCACAAGGTGCACCCCAGA_021,77
TTCACAAGGTGCACCCCAGA_022,11
TTCACAAGGTGCACCCCAGA_023,174
TTCACAAGGTGCACCCCAGA_024,19
TGTCTTCCAGGGTTAGCCGG_001,43
TGTCTTCCAGGGTTAGCCGG_002,116
TGTCTTCCAGGGTTAGCCGG_003,57
GAGGCATCAGGAATATGAAG_001,40
GAGGCATCAGGAATATGAAG_002,191
GAGCAGGTCAGTGATAGCCA_001,40
GAGCAGGTCAGTGATAGCCA_002,41
GAGCAGGTCAGTGATAGCCA_003,184
GAGCAGGTCAGTGATAGCCA_004,158
GAGCAGGTCAGTGATAGCCA_005,6
GAGCAGGTCAGTGATAGCCA_006,199
GAGCAGGTCAGTGATAGCCA_007,82
GAGCAGGTCAGTGATAGCCA_008,105
GAGCAGGTCAGTGATAGCCA_009,190
GAGCAGGTCAGTGATAGCCA_010,2
GAGCAGGTCAGTGATAGCCA_011,68
GAGCAGGTCAGTGATAGCCA_012,119
GAGCAGGTCAGTGATAGCCA_013,43
GAGCAGGTCAGTGATAGCCA_014,61
GAGCAGGTCAGTGATAGCCA_015,8
GAGCAGGTCAGTGATAGCCA_016,145
GAGCAGGTCAGTGATAGCCA_017,106
GAGCAGGTCAGTGATAGCCA_018,19
GAGCAGGTCAGTGATAGCCA_019,23
GAGCAGGTCAGTGATAGCCA_020,6
GAGCAGGTCAGTGATAGCCA_021,6
GAGCAGGTCAGTGATAGCCA_022,78
GAGCAGGTCAGTGATAGCCA_023,130
GAGCAGGTCAGTGATAGCCA_024,180
GAGCAGGTCAGTGATAGCCA_025,126
GAGCAGGTCAGTGATAGCCA_026,106
GAGCAGGTCAGTGATAGCCA_027,106
GAGCAGGTCAGTGATAGCCA_028,68
GAGCAGGTCAGTGATAGCCA_029,170
TTGCCGCAGAAACATAAATG_001,19
TTGCCGCAGAAACATAAATG_002,183
TTGCCGCAGAAACATAAATG_003,72
TTGCCGCAGAAACATAAATG_004,35
TTGCCGCAGAAACATAAATG_005,199
TTGCCGCAGAAACATAAATG_006,188
TTGCCGCAGAAACATAAATG_007,104
TTGCCGCAGAAACATAAATG_008,21
TTGCCGCAGAAACATAAATG_009,95
TTGCCGCAGAAACATAAATG_010,4
TTGCCGCAGAAACATAAATG_011,26
TTGCCGCAGAAACATAAATG_012,61
TTGCCGCAGAAACATAAATG_013,199
TTGCCGCAGAAACATAAATG_014,102
TTGCCGCAGAAACATAAATG_015,170
TTGCCGCAGAAACATAAATG_016,68
ATATCAAGATGCTTATAGGG_001,148
ATATCAAGATGCTTATAGGG_002,17
GGTGGATTATTACATCGACC_001,28
GGTGGATTATTACATCGACC_002,120
GCTGCGCGCAGAGCTCCAAG_001,94
GCTGCGCGCAGAGCTCCAAG_002,27
ATTAATACCCCTCGAAGACA_001,12
ATTAATACCCCTCGAAGACA_002,104
ATTAATACCCCTCGAAGACA_003,78
ATTAATACCCCTCGAAGACA_004,157
ATTAATACCCCTCGAAGACA_005,0
ATTAATACCCCTCGAAGACA_006,179
ATTAATACCCCTCGAAGACA_007,188
TACCCACCGCCATACTACCT_001,67
TACCCACCGCCATACTACCT_002,182
TACCCACCGCCATACTACCT_003,199
TACCCACCGCCATACTACCT_004,124
AGCTTACCCAAAGTCAACGG_001,60
AGCTTACCCAAAGTCAACGG_002,62
AGCTTACCCAAAGTCAACGG_003,141
AGCTTACCCAAAGTCAACGG_004,16
AGCTTACCCAAAGTCAACGG_005,158
AGCTTACCCAAAGTCAACGG_006,104
AGCTTACCCAAAGTCAACGG_007,9
AGCTTACCCAAAGTCAACGG_008,39
AGCTTACCCAAAGTCAACGG_009,40
AGCAGTACGAAGGGCAACAA_001,160
AGCAGTACGAAGGGCAACAA_002,114
AGCAGTACGAAGGGCAACAA_003,19
AGCAGTACGAAGGGCAACAA_004,69
AGCAGTACGAAGGGCAACAA_005,10
AGCAGTACGAAGGGCAACAA_006,30
AGCAGTACGAAGGGCAACAA_007,138
AGCAGTACGAAGGGCAACAA_008,166
AGCAGTACGAAGGGCAACAA_009,197
AGCAGTACGAAGGGCAACAA_010,130
AGCAGTACGAAGGGCAACAA_011,60
AGCAGTACGAAGGGCAACAA_012,127
AGCAGTACGAAGGGCAACAA_013,127
AGCAGTACGAAGGGCAACAA_014,69
AGCAGTACGAAGGGCAACAA_015,42
AGCAGTACGAAGGGCAACAA_016,94
AGCAGTACGAAGGGCAACAA_017,46
AGCAGTACGAAGGGCAACAA_018,39
AGCAGTACGAAGGGCAACAA_019,151
AGCAGTACGAAGGGCAACAA_020,55
GGAGCTGCCAGTGTACGACA_001,169
GGAGCTGCCAGTGTACGACA_002,65
GGAGCTGCCAGTGTACGACA_003,130
GGAGCTGCCAGTGTACGACA_004,169
GGAGCTGCCAGTGTACGACA_005,8
GGAGCTGCCAGTGTACGACA_006,28
GGAGCTGCCAGTGTACGACA_007,158
GGAGCTGCCAGTGTACGACA_008,40
GGAGCTGCCAGTGTACGACA_009,177
GGAGCTGCCAGTGTACGACA_010,43
GGAGCTGCCAGTGTACGACA_011,15
GGAGCTGCCAGTGTACGACA_012,145
GGAGCTGCCAGTGTACGACA_013,169
GGAGCTGCCAGTGTACGACA_014,16
GGAGCTGCCAGTGTACGACA_015,148
GGAGCTGCCAGTGTACGACA_016,162
GGAGCTGCCAGTGTACGACA_017,6
GGAGCTGCCAGTGTACGACA_018,124
GGAGCTGCCAGTGTACGACA_019,66
GGAGCTGCCAGTGTACGACA_020,107
GGAGCTGCCAGTGTACGACA_021,94
ATGGAGATACTAGACACTGC_001,157
ATACAATACTTTGGCGCATA_001,68
ATACAATACTTTGGCGCATA_002,121
TGTCTCAGGTATACAGACCA_001,156
TGTCTCAGGTATACAGACCA_002,46
TGTCTCAGGTATACAGACCA_003,20
TGTCTCAGGTATACAGACCA_004,171
GACTTGCCAGAACTGGAGAA_001,107
GACTTGCCAGAACTGGAGAA_002,15
GACTTGCCAGAACTGGAGAA_003,194
GACTTGCCAGAACTGGAGAA_004,141
GACTTGCCAGAACTGGAGAA_005,98
GACTTGCCAGAACTGGAGAA_006,27
GACTTGCCAGAACTGGAGAA_007,129
GACTTGCCAGAACTGGAGAA_008,45
GACTTGCCAGAACTGGAGAA_009,31
GACTTGCCAGAACTGGAGAA_010,188
GACTTGCCAGAACTGGAGAA_011,18
GACTTGCCAGAACTGGAGAA_012,184
GACTTGCCAGAACTGGAGAA_013,40
GACTTGCCAGAACTGGAGAA_014,165
GACTTGCCAGAACTGGAGAA_015,19
GACTTGCCAGAACTGGAGAA_016,39
GACTTGCCAGAACTGGAGAA_017,78
GTCAGCGAAGAAGAGCACGC_001,28
GTCAGCGAAGAAGAGCACGC_002,65
GTCAGCGAAGAAGAGCACGC_003,48
GTCAGCGAAGAAGAGCACGC_004,199
GTCAGCGAAGAAGAGCACGC_005,68
GTCAGCGAAGAAGAGCACGC_006,166
GTCAGCGAAGAAGAGCACGC_007,65
GTCAGCGAAGAAGAGCACGC_008,70
GTCAGCGAAGAAGAGCACGC_009,130
GTCAGCGAAGAAGAGCACGC_010,70
GTCAGCGAAGAAGAGCACGC_011,0
GTCAGCGAAGAAGAGCACGC_012,116
GTCAGCGAAGAAGAGCACGC_013,178
GTCAGCGAAGAAGAGCACGC_014,42
GTCAGCGAAGAAGAGCACGC_015,42
AGCTGGGACCCATCTTAGGG_001,176
AGCTGGGACCCATCTTAGGG_002,48
AGCTGGGACCCATCTTAGGG_003,48
AGCTGGGACCCATCTTAGGG_004,80
AGCTGGGACCCATCTTAGGG_005,77
AGCTGGGACCCATCTTAGGG_006,83
GGGACTTGAACTGGGCTATG_001,12
GGGACTTGAACTGGGCTATG_002,2
GGGACTTGAACTGGGCTATG_003,180
CAAGATGACTCAGTACATCA_001,43
CAAGATGACTCAGTACATCA_002,177
CAAGATGACTCAGTACATCA_003,127
CAAGATGACTCAGTACATCA_004,199
CAAGATGACTCAGTACATCA_005,181
CAAGATGACTCAGTACATCA_006,192
AGCAGGTGGGCACTCCACAT_001,102
AGCAGGTGGGCACTCCACAT_002,135
AGCAGGTGGGCACTCCACAT_003,12
AGCAGGTGGGCACTCCACAT_004,172
AGCAGGTGGGCACTCCACAT_005,171
AGCAGGTGGGCACTCCACAT_006,70
AGCAGGTGGGCACTCCACAT_007,16
AGCAGGTGGGCACTCCACAT_008,108
AGCAGGTGGGCACTCCACAT_009,91
AGCAGGTGGGCACTCCACAT_010,145
AGCAGGTGGGCACTCCACAT_011,145
AGCAGGTGGGCACTCCACAT_012,122
AGCAGGTGGGCACTCCACAT_013,111
AGCAGGTGGGCACTCCACAT_014,115
AGCAGGTGGGCACTCCACAT_015,79
AGCAGGTGGGCACTCCACAT_016,158
AGCAGGTGGGCACTCCACAT_017,117
AGCAGGTGGGCACTCCACAT_018,134
TACCTGTGGGAACAATTCCA_001,191
TACCTGTGGGAACAATTCCA_002,48
TACCTGTGGGAACAATTCCA_003,76
TACCTGTGGGAACAATTCCA_004,18
TACCTGTGGGAACAATTCCA_005,78
TACCTGTGGGAACAATTCCA_006,69
TACCTGTGGGAACAATTCCA_007,176
TACCTGTGGGAACAATTCCA_008,160
GTCTTGATGTGTGTTACGCA_001,189
GTCTTGATGTGTGTTACGCA_002,74
GTCTTGATGTGTGTTACGCA_003,87
GTCTTGATGTGTGTTACGCA_004,59
GTCTTGATGTGTGTTACGCA_005,182
GTCTTGATGTGTGTTACGCA_006,78
GTCTTGATGTGTGTTACGCA_007,102
GTCTTGATGTGTGTTACGCA_008,33
GTCTTGATGTGTGTTACGCA_009,162
GTCTTGATGTGTGTTACGCA_010,98
GTCTTGATGTGTGTTACGCA_011,115
GTCTTGATGTGTGTTACGCA_012,179
GTCTTGATGTGTGTTACGCA_013,49
GTCTTGATGTGTGTTACGCA_014,148
GTCTTGATGTGTGTTACGCA_015,66
TCAGCCCATCAGGTCCCATG_001,45
TCAGCCCATCAGGTCCCATG_002,175
TCAGCCCATCAGGTCCCATG_003,53
TCAGCCCATCAGGTCCCATG_004,149
TCAGCCCATCAGGTCCCATG_005,79
TCAGCCCATCAGGTCCCATG_006,188
TCAGCCCATCAGGTCCCATG_007,171
TGGCCGAGCTGGGCTACGAG_001,115
TGGCCGAGCTGGGCTACGAG_002,63
TGGCCGAGCTGGGCTACGAG_003,94
TGGCCGAGCTGGGCTACGAG_004,10
TGGCCGAGCTGGGCTACGAG_005,143
TGGCCGAGCTGGGCTACGAG_006,0
TGGCCGAGCTGGGCTACGAG_007,48
TGGCCGAGCTGGGCTACGAG_008,68
TGGCCGAGCTGGGCTACGAG_009,115
TGGCCGAGCTGGGCTACGAG_010,136
TGGCCGAGCTGGGCTACGAG_011,136
TGGCCGAGCTGGGCTACGAG_012,15
TGGCCGAGCTGGGCTACGAG_013,30
CTTCAGCAGGATCAGAACCA_001,0
CTTCAGCAGGATCAGAACCA_002,140
CTTCAGCAGGATCAGAACCA_003,149
CTTCAGCAGGATCAGAACCA_004,81
CTTCAGCAGGATCAGAACCA_005,61
CTTCAGCAGGATCAGAACCA_006,29
CTTCAGCAGGATCAGAACCA_007,134
CTTCAGCAGGATCAGAACCA_008,15
CTTCAGCAGGATCAGAACCA_009,170
CTTCAGCAGGATCAGAACCA_010,144
CTTCAGCAGGATCAGAACCA_011,151
CTTCAGCAGGATCAGAACCA_012,127
CTTCAGCAGGATCAGAACCA_013,94
CTTCAGCAGGATCAGAACCA_014,82
CTTCAGCAGGATCAGAACCA_015,155
CTTCAGCAGGATCAGAACCA_016,179
CTTCAGCAGGATCAGAACCA_017,72
CTTCAGCAGGATCAGAACCA_018,41
CTTCAGCAGGATCAGAACCA_019,83
CTTCAGCAGGATCAGAACCA_020,60
CTTCAGCAGGATCAGAACCA_021,165
CTTCAGCAGGATCAGAACCA_022,4
CTTCAGCAGGATCAGAACCA_023,2
CTTCAGCAGGATCAGAACCA_024,188
CTTCAGCAGGATCAGAACCA_025,57
CTTCAGCAGGATCAGAACCA_026,158
CTTCAGCAGGATCAGAACCA_027,77
CTTCAGCAGGATCAGAACCA_028,121
CTTCAGCAGGATCAGAACCA_029,173
CTTCAGCAGGATCAGAACCA_030,150
CTTCAGCAGGATCAGAACCA_031,115
CTTCAGCAGGATCAGAACCA_032,64
CTTCAGCAGGATCAGAACCA_033,162
TGGAAATGATAGCTGTACTG_001,198
TGGAAATGATAGCTGTACTG_002,194
TGGAAATGATAGCTGTACTG_003,115
TGGAAATGATAGCTGTACTG_004,56
TGGAAATGATAGCTGTACTG_005,63
CCGGGTATCCCTCAGCACGA_001,166
CCGGGTATCCCTCAGCACGA_002,90
CCGGGTATCCCTCAGCACGA_003,136
CCGGGTATCCCTCAGCACGA_004,133
CCGGGTATCCCTCAGCACGA_005,27
CCGGGTATCCCTCAGCACGA_006,15
CTTACCGCAGGAACTCACTG_001,0
CTTACCGCAGGAACTCACTG_002,2
CTTACCGCAGGAACTCACTG_003,172
CTTACCGCAGGAACTCACTG_004,149
CTTACCGCAGGAACTCACTG_005,43
CTTACCGCAGGAACTCACTG_006,179
CTTACCGCAGGAACTCACTG_007,78
CTTACCGCAGGAACTCACTG_008,98
CTTACCGCAGGAACTCACTG_009,92
CTTACCGCAGGAACTCACTG_010,31
CTTACCGCAGGAACTCACTG_011,85
CTTACCGCAGGAACTCACTG_012,188
CTTACCGCAGGAACTCACTG_013,41
CTTACCGCAGGAACTCACTG_014,130
CTTACCGCAGGAACTCACTG_015,127
CTTACCGCAGGAACTCACTG_016,72
CTTACCGCAGGAACTCACTG_017,149
CTTACCGCAGGAACTCACTG_018,137
CTTACCGCAGGAACTCACTG_019,60
CTTACCGCAGGAACTCACTG_020,48
CTTACCGCAGGAACTCACTG_021,2
CTTACCGCAGGAACTCACTG_022,118
GGCCCCAGGCGAGTCCATCG_001,9
GGCCCCAGGCGAGTCCATCG_002,112
GGCCCCAGGCGAGTCCATCG_003,31
GGCCCCAGGCGAGTCCATCG_004,67
GGCCCCAGGCGAGTCCATCG_005,41
GGCCCCAGGCGAGTCCATCG_006,23
GGCCCCAGGCGAGTCCATCG_007,187
GGCCCCAGGCGAGTCCATCG_008,148
GGCCCCAGGCGAGTCCATCG_009,176
GGCCCCAGGCGAGTCCATCG_010,9
GGCCCCAGGCGAGTCCATCG_011,2
GTGAGGATGATTGCTCCCGA_001,41
GTGAGGATGATTGCTCCCGA_002,12
GTGAGGATGATTGCTCCCGA_003,129
GTGAGGATGATTGCTCCCGA_004,22
GTGAGGATGATTGCTCCCGA_005,1
GAAAGTGCGGGATGATCGGG_001,80
GAAAGTGCGGGATGATCGGG_002,157
GAAAGTGCGGGATGATCGGG_003,157
GAAAGTGCGGGATGATCGGG_004,23
GAAAGTGCGGGATGATCGGG_005,130
GAAAGTGCGGGATGATCGGG_006,48
GAAAGTGCGGGATGATCGGG_007,70
GAAAGTGCGGGATGATCGGG_008,70
GAAAGTGCGGGATGATCGGG_009,108
GAAAGTGCGGGATGATCGGG_010,177
GAAAGTGCGGGATGATCGGG_011,92
GAAAGTGCGGGATGATCGGG_012,45
GAAAGTGCGGGATGATCGGG_013,116
CCTGCGCAGCTACCACGAGG_001,151
CCTGCGCAGCTACCACGAGG_002,12
CCTGCGCAGCTACCACGAGG_003,1
CCTGCGCAGCTACCACGAGG_004,131
CCTGCGCAGCTACCACGAGG_005,137
CCTGCGCAGCTACCACGAGG_006,58
CCTGCGCAGCTACCACGAGG_007,77
CCTGCGCAGCTACCACGAGG_008,130
GCGGGTGTACCAGCGTGAAG_001,48
GCGGGTGTACCAGCGTGAAG_002,22
GCGGGTGTACCAGCGTGAAG_003,23
GCGGGTGTACCAGCGTGAAG_004,27
GCGGGTGTACCAGCGTGAAG_005,77
GCGGGTGTACCAGCGTGAAG_006,105
GCAGCACATCCGGAGTCCTG_001,116
GCAGCACATCCGGAGTCCTG_002,119
GCAGCACATCCGGAGTCCTG_003,76
GCAGCACATCCGGAGTCCTG_004,192
GCAGCACATCCGGAGTCCTG_005,107
GCAGCACATCCGGAGTCCTG_006,150
TTATCCCTGAGGCTCCCATG_001,191
TTATCCCTGAGGCTCCCATG_002,199
TTATCCCTGAGGCTCCCATG_003,191
TTATCCCTGAGGCTCCCATG_004,68
TTATCCCTGAGGCTCCCATG_005,52
TTATCCCTGAGGCTCCCATG_006,27
TTATCCCTGAGGCTCCCATG_007,157
TTATCCCTGAGGCTCCCATG_008,5
TTATCCCTGAGGCTCCCATG_009,175
TTATCCCTGAGGCTCCCATG_010,158
TTATCCCTGAGGCTCCCATG_011,141
TTATCCCTGAGGCTCCCATG_012,72
TTATCCCTGAGGCTCCCATG_013,181
TTATCCCTGAGGCTCCCATG_014,50
TTATCCCTGAGGCTCCCATG_015,84
TTATCCCTGAGGCTCCCATG_016,175
TTATCCCTGAGGCTCCCATG_017,90
TTATCCCTGAGGCTCCCATG_018,15
TTATCCCTGAGGCTCCCATG_019,118
TGAGGGCAGATACCTAACTC_001,66
TGAGGGCAGATACCTAACTC_002,50
CATGTTCGAGATCCTCACGT_001,191
CATGTTCGAGATCCTCACGT_002,70
CATGTTCGAGATCCTCACGT_003,70
CATGTTCGAGATCCTCACGT_004,116
CATGTTCGAGATCCTCACGT_005,118
CATGTTCGAGATCCTCACGT_006,171
CATGTTCGAGATCCTCACGT_007,3
GTTATTGACCCGTCGGGAGT_001,170
GTTATTGACCCGTCGGGAGT_002,129
GTTATTGACCCGTCGGGAGT_003,115
GTTATTGACCCGTCGGGAGT_004,82
GTTATTGACCCGTCGGGAGT_005,146
GTTATTGACCCGTCGGGAGT_006,27
GTTATTGACCCGTCGGGAGT_007,56
GTTATTGACCCGTCGGGAGT_008,48
GTTATTGACCCGTCGGGAGT_009,10
GTTATTGACCCGTCGGGAGT_010,122
GTTATTGACCCGTCGGGAGT_011,61
GTTATTGACCCGTCGGGAGT_012,184
GTTATTGACCCGTCGGGAGT_013,168
GTTATTGACCCGTCGGGAGT_014,146
GTTATTGACCCGTCGGGAGT_015,65
AACATGACCGCTTACAACAA_001,29
AACATGACCGCTTACAACAA_002,127
AACATGACCGCTTACAACAA_003,108
AACATGACCGCTTACAACAA_004,106
AACATGACCGCTTACAACAA_005,77
AACATGACCGCTTACAACAA_006,174
AACATGACCGCTTACAACAA_007,166
AACATGACCGCTTACAACAA_008,31
CATAGAGGTCCTGAACACGG_001,111
CATAGAGGTCCTGAACACGG_002,175
CATAGAGGTCCTGAACACGG_003,141
CATAGAGGTCCTGAACACGG_004,27
CATAGAGGTCCTGAACACGG_005,128
CATAGAGGTCCTGAACACGG_006,191
CATAGAGGTCCTGAACACGG_007,9
CATAGAGGTCCTGAACACGG_008,170
CATAGAGGTCCTGAACACGG_009,105
CATAGAGGTCCTGAACACGG_010,125
CATAGAGGTCCTGAACACGG_011,198
CATAGAGGTCCTGAACACGG_012,24
CATAGAGGTCCTGAACACGG_013,93
CATAGAGGTCCTGAACACGG_014,183
CATAGAGGTCCTGAACACGG_015,176
CATAGAGGTCCTGAACACGG_016,14
CATAGAGGTCCTGAACACGG_017,67
GGCGGTGATGTAGAGAACGG_001,30
GGCGGTGATGTAGAGAACGG_002,132
GGCGGTGATGTAGAGAACGG_003,78
GGCGGTGATGTAGAGAACGG_004,91
GGCGGTGATGTAGAGAACGG_005,198
GGCGGTGATGTAGAGAACGG_006,3
GGCGGTGATGTAGAGAACGG_007,191
GGCGGTGATGTAGAGAACGG_008,35
GGCGGTGATGTAGAGAACGG_009,98
GGCGGTGATGTAGAGAACGG_010,88
CTCTGCAAAATGTGTTGTTG_001,148
CTCTGCAAAATGTGTTGTTG_002,29
CTCTGCAAAATGTGTTGTTG_003,115
CTCTGCAAAATGTGTTGTTG_004,153
CTCTGCAAAATGTGTTGTTG_005,49
CTCTGCAAAATGTGTTGTTG_006,72
CTCTGCAAAATGTGTTGTTG_007,52
AAATTTATGATAGTTATGCG_001,190
AAATTTATGATAGTTATGCG_002,187
AAAGCGCTTCTGTCAATATG_001,105
AAAGCGCTTCTGTCAATATG_002,168
AAAGCGCTTCTGTCAATATG_003,137
TGACATCATTCAGATTCGCA_001,121
TGACATCATTCAGATTCGCA_002,50
TGACATCATTCAGATTCGCA_003,23
TGACATCATTCAGATTCGCA_004,170
TGACATCATTCAGATTCGCA_005,138
TGACATCATTCAGATTCGCA_006,120
TGACATCATTCAGATTCGCA_007,148
TGACATCATTCAGATTCGCA_008,3
TGACATCATTCAGATTCGCA_009,137
TGACATCATTCAGATTCGCA_010,199
GCACTTGAGGATCTTGCACG_001,52
GCACTTGAGGATCTTGCACG_002,68
GCACTTGAGGATCTTGCACG_003,142
GCACTTGAGGATCTTGCACG_004,101
GCACTTGAGGATCTTGCACG_005,107
GCACTTGAGGATCTTGCACG_006,82
GCACTTGAGGATCTTGCACG_007,156
GCACTTGAGGATCTTGCACG_008,157
GCACTTGAGGATCTTGCACG_009,160
GCACTTGAGGATCTTGCACG_010,184
GCACTTGAGGATCTTGCACG_011,19
GCACTTGAGGATCTTGCACG_012,141
GCACTTGAGGATCTTGCACG_013,29
GCACTTGAGGATCTTGCACG_014,78
GCACTTGAGGATCTTGCACG_015,119
GCACTTGAGGATCTTGCACG_016,198
GCACTTGAGGATCTTGCACG_017,126
GCACTTGAGGATCTTGCACG_018,61
GCACTTGAGGATCTTGCACG_019,114
GCACTTGAGGATCTTGCACG_020,47
GCACTTGAGGATCTTGCACG_021,105
GCACTTGAGGATCTTGCACG_022,16
CCTGCCACCCACTTCCCGGA_001,146
CCTGCCACCCACTTCCCGGA_002,49
CCTGCCACCCACTTCCCGGA_003,82
CCTGCCACCCACTTCCCGGA_004,69
CCTGCCACCCACTTCCCGGA_005,144
CCTGCCACCCACTTCCCGGA_006,162
CCTGCCACCCACTTCCCGGA_007,53
CCTGCCACCCACTTCCCGGA_008,14
CCTGCCACCCACTTCCCGGA_009,181
CCTGCCACCCACTTCCCGGA_010,166
CCTGCCACCCACTTCCCGGA_011,78
CCTGCCACCCACTTCCCGGA_012,134
CCTGCCACCCACTTCCCGGA_013,184
CCTGCCACCCACTTCCCGGA_014,34
CCTGCCACCCACTTCCCGGA_015,194
CCTGCCACCCACTTCCCGGA_016,11
CCTGCCACCCACTTCCCGGA_017,121
CCTGCCACCCACTTCCCGGA_018,2
CCTGCCACCCACTTCCCGGA_019,83
CCTGCCACCCACTTCCCGGA_020,32
CCTGCCACCCACTTCCCGGA_021,132
CCTGCCACCCACTTCCCGGA_022,78
CCTGCCACCCACTTCCCGGA_023,120
CCTGCCACCCACTTCCCGGA_024,159
CCTGCCACCCACTTCCCGGA_025,62
CCTGCCACCCACTTCCCGGA_026,147
CCTGCCACCCACTTCCCGGA_027,120
CCTGCCACCCACTTCCCGGA_028,118
CCTGCCACCCACTTCCCGGA_029,187
CCTGCCACCCACTTCCCGGA_030,95
CCTGCCACCCACTTCCCGGA_031,20
AGTTGCAATAACCAAGGACG_001,186
AGTTGCAATAACCAAGGACG_002,134
AGTTGCAATAACCAAGGACG_003,107
AACTCGCTATTGGCTGCACT_001,111
AACTCGCTATTGGCTGCACT_002,26
AACTCGCTATTGGCTGCACT_003,68
AACTCGCTATTGGCTGCACT_004,106
AACTCGCTATTGGCTGCACT_005,101
CTCCTAAAGATACCTTCGAA_001,78
CTCCTAAAGATACCTTCGAA_002,15
CTCCTAAAGATACCTTCGAA_003,190
CTCCTAAAGATACCTTCGAA_004,102
GTGCCGTAGATGGGCATGCG_001,29
GTGCCGTAGATGGGCATGCG_002,78
GTGCCGTAGATGGGCATGCG_003,106
GTGCCGTAGATGGGCATGCG_004,94
GTGCCGTAGATGGGCATGCG_005,135
GTGCCGTAGATGGGCATGCG_006,181
GTGCCGTAGATGGGCATGCG_007,148
GTGCCGTAGATGGGCATGCG_008,30
GGGAACGCTCACAGACTGTG_001,64
GGGAACGCTCACAGACTGTG_002,72
GGGAACGCTCACAGACTGTG_003,138
GGGAACGCTCACAGACTGTG_004,152
CGAAGAACTGGTGCTCCCGC_001,150
CGAAGAACTGGTGCTCCCGC_002,147
CGAAGAACTGGTGCTCCCGC_003,17
CGAAGAACTGGTGCTCCCGC_004,199
CGAAGAACTGGTGCTCCCGC_005,10
CGAAGAACTGGTGCTCCCGC_006,136
CGAAGAACTGGTGCTCCCGC_007,158
CGAAGAACTGGTGCTCCCGC_008,169
CGAAGAACTGGTGCTCCCGC_009,27
TCAAACGTGTCATCGTCACA_001,8
TCAAACGTGTCATCGTCACA_002,163
ATGACTTCAACTGCTACGAT_001,191
ATGACTTCAACTGCTACGAT_002,94
ATGACTTCAACTGCTACGAT_003,147
ATGACTTCAACTGCTACGAT_004,69
GAGCTACAGGAAGTAAGGCG_001,145
GAGCTACAGGAAGTAAGGCG_002,13
GAGCTACAGGAAGTAAGGCG_003,21
GAGCTACAGGAAGTAAGGCG_004,1
GAGCTACAGGAAGTAAGGCG_005,46
GAGCTACAGGAAGTAAGGCG_006,76
ATTTGATGGGAGCATTATGA_001,199
ATTTGATGGGAGCATTATGA_002,107
ATTTGATGGGAGCATTATGA_003,122
ATTTGATGGGAGCATTATGA_004,156
ATTTGATGGGAGCATTATGA_005,107
ATTTGATGGGAGCATTATGA_006,174
ATTTGATGGGAGCATTATGA_007,1
ATTTGATGGGAGCATTATGA_008,169
ATTTGATGGGAGCATTATGA_009,74
ATTTGATGGGAGCATTATGA_010,141
ATTTGATGGGAGCATTATGA_011,84
ATTTGATGGGAGCATTATGA_012,26
ATTTGATGGGAGCATTATGA_013,155
GGTGACCCCAGGGATCACCG_001,123
GGTGACCCCAGGGATCACCG_002,162
GGTGACCCCAGGGATCACCG_003,44
GGTGACCCCAGGGATCACCG_004,156
GGTGACCCCAGGGATCACCG_005,77
GGTGACCCCAGGGATCACCG_006,48
GGTGACCCCAGGGATCACCG_007,166
GGTGACCCCAGGGATCACCG_008,57
TATTAGATGTACGGTCTCAG_001,50
TATTAGATGTACGGTCTCAG_002,9
TATTAGATGTACGGTCTCAG_003,12
TATTAGATGTACGGTCTCAG_004,35
TATTAGATGTACGGTCTCAG_005,120
ATCCTCGGATACCGCTGTGT_001,58
ATCCTCGGATACCGCTGTGT_002,180
ATCCTCGGATACCGCTGTGT_003,146
ATCCTCGGATACCGCTGTGT_004,59
ATCCTCGGATACCGCTGTGT_005,53
ATCCTCGGATACCGCTGTGT_006,75
ATCCTCGGATACCGCTGTGT_007,1
GGGCACCAAGCCACTCTACG_001,45
GGGCACCAAGCCACTCTACG_002,51
GGGCACCAAGCCACTCTACG_003,6
GGGCACCAAGCCACTCTACG_004,93
GGGCACCAAGCCACTCTACG_005,191
TGAATGCAAGAAATCACATG_001,45
TGAATGCAAGAAATCACATG_002,95
TGAATGCAAGAAATCACATG_003,185
TGAATGCAAGAAATCACATG_004,127
TGAATGCAAGAAATCACATG_005,137
TGAATGCAAGAAATCACATG_006,177
TGAATGCAAGAAATCACATG_007,133
TGAATGCAAGAAATCACATG_008,148
TGAATGCAAGAAATCACATG_009,6
TGAATGCAAGAAATCACATG_010,27
TTCTGATGGAACTCACAAGG_001,48
TTCTGATGGAACTCACAAGG_002,191
TTCTGATGGAACTCACAAGG_003,130
TTCTGATGGAACTCACAAGG_004,30
TTCTGATGGAACTCACAAGG_005,83
TTCTGATGGAACTCACAAGG_006,4
TTCTGATGGAACTCACAAGG_007,176
GAAAGAAACCTAGAAAGTGA_001,130
GAAAGAAACCTAGAAAGTGA_002,153
GAAAGAAACCTAGAAAGTGA_003,41
GAAAGAAACCTAGAAAGTGA_004,76
TGAACGGTGAAGAGATAGGG_001,76
TGAACGGTGAAGAGATAGGG_002,129
TGAACGGTGAAGAGATAGGG_003,2
TGAACGGTGAAGAGATAGGG_004,183
TGAACGGTGAAGAGATAGGG_005,83
TGAACGGTGAAGAGATAGGG_006,44
TGAACGGTGAAGAGATAGGG_007,148
TGAACGGTGAAGAGATAGGG_008,154
TGAACGGTGAAGAGATAGGG_009,181
TGAACGGTGAAGAGATAGGG_010,182
TGAACGGTGAAGAGATAGGG_011,77
TGAACGGTGAAGAGATAGGG_012,69
TGAACGGTGAAGAGATAGGG_013,169
TGAACGGTGAAGAGATAGGG_014,58
TGAACGGTGAAGAGATAGGG_015,69
TGAACGGTGAAGAGATAGGG_016,130
TGAACGGTGAAGAGATAGGG_017,94
TGAACGGTGAAGAGATAGGG_018,141
TGAACGGTGAAGAGATAGGG_019,162
TGAACGGTGAAGAGATAGGG_020,1
TGAACGGTGAAGAGATAGGG_021,175
TGAACGGTGAAGAGATAGGG_022,149
TGAACGGTGAAGAGATAGGG_023,47
TGAACGGTGAAGAGATAGGG_024,97
TGAACGGTGAAGAGATAGGG_025,79
TGAACGGTGAAGAGATAGGG_026,15
TGAACGGTGAAGAGATAGGG_027,171
TGAACGGTGAAGAGATAGGG_028,44
TGAACGGTGAAGAGATAGGG_029,77
TGAACGGTGAAGAGATAGGG_030,29
TGAACGGTGAAGAGATAGGG_031,128
TGAACGGTGAAGAGATAGGG_032,144
TGAACGGTGAAGAGATAGGG_033,28
TGAACGGTGAAGAGATAGGG_034,93
TGATGACCACGCCGAAAAGC_001,19
TGATGACCACGCCGAAAAGC_002,4
TGATGACCACGCCGAAAAGC_003,78
TGATGACCACGCCGAAAAGC_004,105
TGATGACCACGCCGAAAAGC_005,169
TGATGACCACGCCGAAAAGC_006,2
CCGTATGTGAGTAGGCCTCG_001,17
CCGTATGTGAGTAGGCCTCG_002,41
CCGTATGTGAGTAGGCCTCG_003,54
CCGTATGTGAGTAGGCCTCG_004,28
CCGTATGTGAGTAGGCCTCG_005,150
CCGTATGTGAGTAGGCCTCG_006,58
CCGTATGTGAGTAGGCCTCG_007,174
CCGTATGTGAGTAGGCCTCG_008,22
CCGTATGTGAGTAGGCCTCG_009,105
CCGTATGTGAGTAGGCCTCG_010,93
CCGTATGTGAGTAGGCCTCG_011,130
CCGTATGTGAGTAGGCCTCG_012,102
CCGTATGTGAGTAGGCCTCG_013,177
CCGTATGTGAGTAGGCCTCG_014,110
CCGTATGTGAGTAGGCCTCG_015,80
CCGTATGTGAGTAGGCCTCG_016,162
CCGTATGTGAGTAGGCCTCG_017,118
CCGTATGTGAGTAGGCCTCG_018,28
ATAGAAAGGGAAACCCTGCA_001,137
ATAGAAAGGGAAACCCTGCA_002,107
ATAGAAAGGGAAACCCTGCA_003,158
ATAGAAAGGGAAACCCTGCA_004,70
ATAGAAAGGGAAACCCTGCA_005,131
ATAGAAAGGGAAACCCTGCA_006,161
ATAGAAAGGGAAACCCTGCA_007,88
ATAGAAAGGGAAACCCTGCA_008,15
ATAGAAAGGGAAACCCTGCA_009,121
ATAGAAAGGGAAACCCTGCA_010,113
ATAGAAAGGGAAACCCTGCA_011,5
ATAGAAAGGGAAACCCTGCA_012,86
ATAGAAAGGGAAACCCTGCA_013,15
ATAGAAAGGGAAACCCTGCA_014,78
ATAGAAAGGGAAACCCTGCA_015,48
ATAGAAAGGGAAACCCTGCA_016,199
ATAGAAAGGGAAACCCTGCA_017,16
ATAGAAAGGGAAACCCTGCA_018,66
ATAGAAAGGGAAACCCTGCA_019,68
TCGGTATGCGAGCCTCCCTG_001,158
TCGGTATGCGAGCCTCCCTG_002,26
TCGGTATGCGAGCCTCCCTG_003,148
TCGGTATGCGAGCCTCCCTG_004,36
TCGGTATGCGAGCCTCCCTG_005,8
TCGGTATGCGAGCCTCCCTG_006,103
TCGGTATGCGAGCCTCCCTG_007,103
TCGGTATGCGAGCCTCCCTG_008,1
TCGGTATGCGAGCCTCCCTG_009,191
TCGGTATGCGAGCCTCCCTG_010,190
TCGGTATGCGAGCCTCCCTG_011,96
TCGGTATGCGAGCCTCCCTG_012,196
TCGGTATGCGAGCCTCCCTG_013,5
TCGGTATGCGAGCCTCCCTG_014,150
TCGGTATGCGAGCCTCCCTG_015,130
CACCTGTATTGATGTTGATG_001,41
CACCTGTATTGATGTTGATG_002,80
CACCTGTATTGATGTTGATG_003,49
CACCTGTATTGATGTTGATG_004,8
CACCTGTATTGATGTTGATG_005,183
CACCTGTATTGATGTTGATG_006,37
TGTCCCTTGCAACCTCCGTT_001,122
TGTCCCTTGCAACCTCCGTT_002,17
TGTCCCTTGCAACCTCCGTT_003,47
TGTCCCTTGCAACCTCCGTT_004,33
TGTCCCTTGCAACCTCCGTT_005,72
TGTCCCTTGCAACCTCCGTT_006,15
TGTCCCTTGCAACCTCCGTT_007,114
TGTCCCTTGCAACCTCCGTT_008,81
TGTCCCTTGCAACCTCCGTT_009,22
TGTCCCTTGCAACCTCCGTT_010,137
TGTCCCTTGCAACCTCCGTT_011,161
TGTCCCTTGCAACCTCCGTT_012,26
TGTCCCTTGCAACCTCCGTT_013,16
TGTCCCTTGCAACCTCCGTT_014,140
TGTCCCTTGCAACCTCCGTT_015,15
TGTCCCTTGCAACCTCCGTT_016,95
TGTCCCTTGCAACCTCCGTT_017,128
TGTCCCTTGCAACCTCCGTT_018,186
TGTCCCTTGCAACCTCCGTT_019,14
TGTCCCTTGCAACCTCCGTT_020,83
AGGAAGTGGGAATACAGACG_001,67
AGGAAGTGGGAATACAGACG_002,25
AGGAAGTGGGAATACAGACG_003,19
AGGAAGTGGGAATACAGACG_004,6
TAAGAGAGAAACCTGTGTTG_001,171
TAAGAGAGAAACCTGTGTTG_002,127
TAAGAGAGAAACCTGTGTTG_003,91
TAAGAGAGAAACCTGTGTTG_004,3
TAAGAGAGAAACCTGTGTTG_005,177
TCCATGGGAGCGTCCAACGG_001,141
TCCATGGGAGCGTCCAACGG_002,158
TCCATGGGAGCGTCCAACGG_003,174
TCCATGGGAGCGTCCAACGG_004,50
TCCATGGGAGCGTCCAACGG_005,157
TCCATGGGAGCGTCCAACGG_006,80
TCCATGGGAGCGTCCAACGG_007,104
GGAGAGACTTCGGTACAGGA_001,94
GGAGAGACTTCGGTACAGGA_002,29
GGAGAGACTTCGGTACAGGA_003,27
GGAGAGACTTCGGTACAGGA_004,52
GGAGAGACTTCGGTACAGGA_005,3
GGAGAGACTTCGGTACAGGA_006,14
GGAGAGACTTCGGTACAGGA_007,150
GGAGAGACTTCGGTACAGGA_008,75
GGAGAGACTTCGGTACAGGA_009,197
GGAGAGACTTCGGTACAGGA_010,50
GGAGAGACTTCGGTACAGGA_011,68
GGAGAGACTTCGGTACAGGA_012,68
GGAGAGACTTCGGTACAGGA_013,129
GGAGAGACTTCGGTACAGGA_014,27
GGAGAGACTTCGGTACAGGA_015,113
CCGCGGTAAGGTGGTACAGG_001,102
CCGCGGTAAGGTGGTACAGG_002,122
CCGCGGTAAGGTGGTACAGG_003,170
CCGCGGTAAGGTGGTACAGG_004,2
CCGCGGTAAGGTGGTACAGG_005,103
CCGCGGTAAGGTGGTACAGG_006,91
AGCAGCGGATGTGTTCAGGT_001,53
AGCAGCGGATGTGTTCAGGT_002,156
AGCAGCGGATGTGTTCAGGT_003,189
CAGCGTCAAGGAGTTGGGCA_001,1
CAGCGTCAAGGAGTTGGGCA_002,70
CAGCGTCAAGGAGTTGGGCA_003,148
CAGCGTCAAGGAGTTGGGCA_004,61
CAGCGTCAAGGAGTTGGGCA_005,62
CAGCGTCAAGGAGTTGGGCA_006,101
CAGCGTCAAGGAGTTGGGCA_007,168
CAGCGTCAAGGAGTTGGGCA_008,77
CAGCGTCAAGGAGTTGGGCA_009,82
CAGCGTCAAGGAGTTGGGCA_010,140
CAGCGTCAAGGAGTTGGGCA_011,161
CAGCGTCAAGGAGTTGGGCA_012,161
CAGCGTCAAGGAGTTGGGCA_013,62
CAGCGTCAAGGAGTTGGGCA_014,35
CAGCGTCAAGGAGTTGGGCA_015,188
CAGCGTCAAGGAGTTGGGCA_016,188
CAGCGTCAAGGAGTTGGGCA_017,140
CAGCGTCAAGGAGTTGGGCA_018,175
CAGCGTCAAGGAGTTGGGCA_019,141
CAGCGTCAAGGAGTTGGGCA_020,17
CAGCGTCAAGGAGTTGGGCA_021,126
CAGCGTCAAGGAGTTGGGCA_022,35
CAGCGTCAAGGAGTTGGGCA_023,66
CAGCGTCAAGGAGTTGGGCA_024,145
CAGCGTCAAGGAGTTGGGCA_025,170
CAGCGTCAAGGAGTTGGGCA_026,160
CAGCGTCAAGGAGTTGGGCA_027,5
CAGCGTCAAGGAGTTGGGCA_028,163
CAGCGTCAAGGAGTTGGGCA_029,11
CAGCGTCAAGGAGTTGGGCA_030,103
CAGCGTCAAGGAGTTGGGCA_031,155
CAGCGTCAAGGAGTTGGGCA_032,195
CAGCGTCAAGGAGTTGGGCA_033,56
CAGCGTCAAGGAGTTGGGCA_034,8
CAGCGTCAAGGAGTTGGGCA_035,194
CAGCGTCAAGGAGTTGGGCA_036,198
CAGCGTCAAGGAGTTGGGCA_037,94
CAGCGTCAAGGAGTTGGGCA_038,77
CAGCGTCAAGGAGTTGGGCA_039,198
CAAGAATACACCTTGGCCCG_001,67
CAAGAATACACCTTGGCCCG_002,47
CAAGAATACACCTTGGCCCG_003,49
GGTGGGAATCCAGTTGCGAG_001,37
GGCCATGTAGAACTCACAGG_001,59
GGCCATGTAGAACTCACAGG_002,98
GGCCATGTAGAACTCACAGG_003,89
GGCCATGTAGAACTCACAGG_004,53
GGCCATGTAGAACTCACAGG_005,177
GGCCATGTAGAACTCACAGG_006,76
GGCCATGTAGAACTCACAGG_007,199
GGCCATGTAGAACTCACAGG_008,178
GGCCATGTAGAACTCACAGG_009,160
GGCCATGTAGAACTCACAGG_010,150
GGCCATGTAGAACTCACAGG_011,171
GGCCATGTAGAACTCACAGG_012,68
GGCCATGTAGAACTCACAGG_013,68
GGCCATGTAGAACTCACAGG_014,85
GGCCATGTAGAACTCACAGG_015,168
GGCCATGTAGAACTCACAGG_016,193
GGCCATGTAGAACTCACAGG_017,105
GGCCATGTAGAACTCACAGG_018,17
CCTCATCCGGGAAAGCCAGA_001,2
CCTCATCCGGGAAAGCCAGA_002,140
CCTCATCCGGGAAAGCCAGA_003,12
CCTCATCCGGGAAAGCCAGA_004,149
CCTCATCCGGGAAAGCCAGA_005,178
CCTCATCCGGGAAAGCCAGA_006,88
CCTCATCCGGGAAAGCCAGA_007,117
CCTCATCCGGGAAAGCCAGA_008,50
CCTCATCCGGGAAAGCCAGA_009,120
CCTCATCCGGGAAAGCCAGA_010,29
CCTCATCCGGGAAAGCCAGA_011,98
CCTCATCCGGGAAAGCCAGA_012,148
CCTCATCCGGGAAAGCCAGA_013,128
AAGAAGATGACAATGCACAA_001,175
AAGAAGATGACAATGCACAA_002,47
AAGAAGATGACAATGCACAA_003,67
AAGAAGATGACAATGCACAA_004,91
AAGAAGATGACAATGCACAA_005,175
AAGAAGATGACAATGCACAA_006,158
ATATGTTAAAGCTCTAGCAG_001,51
CGATCTTCTGTCCATCGAGG_001,178
CGATCTTCTGTCCATCGAGG_002,197
ACCGCACAATCTCAGCATCG_001,102
ACCGCACAATCTCAGCATCG_002,62
ACCGCACAATCTCAGCATCG_003,85
ACCGCACAATCTCAGCATCG_004,41
TAGTGGAATGAGTAATGGCA_001,137
TAGTGGAATGAGTAATGGCA_002,32
TAGTGGAATGAGTAATGGCA_003,127
TAGTGGAATGAGTAATGGCA_004,189
TGATGAAAGGTCGGCTACCA_001,19
TGATGAAAGGTCGGCTACCA_002,2
TGATGAAAGGTCGGCTACCA_003,65
TGATGAAAGGTCGGCTACCA_004,55
TGATGAAAGGTCGGCTACCA_005,55
TGATGAAAGGTCGGCTACCA_006,23
TGATGAAAGGTCGGCTACCA_007,160
TGATGAAAGGTCGGCTACCA_008,172
TGATGAAAGGTCGGCTACCA_009,58
TGATGAAAGGTCGGCTACCA_010,158
TGATGAAAGGTCGGCTACCA_011,148
TGATGAAAGGTCGGCTACCA_012,176
TGATGAAAGGTCGGCTACCA_013,190
TGATGAAAGGTCGGCTACCA_014,54
TGATGAAAGGTCGGCTACCA_015,163
TGATGAAAGGTCGGCTACCA_016,86
TGATGAAAGGTCGGCTACCA_017,152
TGATGAAAGGTCGGCTACCA_018,25
TGATGAAAGGTCGGCTACCA_019,13
GCGCACTGTCTTGTCCCAGG_001,130
GCGCACTGTCTTGTCCCAGG_002,102
GCGCACTGTCTTGTCCCAGG_003,36
GCGCACTGTCTTGTCCCAGG_004,19
TTCTGTCTTAGACAGCACAC_001,158
TTCTGTCTTAGACAGCACAC_002,159
GGACGGTGGCACCTATGACA_001,12
GGACGGTGGCACCTATGACA_002,51
GGACGGTGGCACCTATGACA_003,182
GGACGGTGGCACCTATGACA_004,168
GGACGGTGGCACCTATGACA_005,75
GGACGGTGGCACCTATGACA_006,38
GGACGGTGGCACCTATGACA_007,169
GGACGGTGGCACCTATGACA_008,127
GGACGGTGGCACCTATGACA_009,115
GGACGGTGGCACCTATGACA_010,189
GGACGGTGGCACCTATGACA_011,187
GGACGGTGGCACCTATGACA_012,10
GGACGGTGGCACCTATGACA_013,147
GGACGGTGGCACCTATGACA_014,86
CGAAGGGCATCTAACCAAAG_001,116
CGAAGGGCATCTAACCAAAG_002,175
CGAAGGGCATCTAACCAAAG_003,116
CGAAGGGCATCTAACCAAAG_004,9
CGACTCACAGCAAGTAACAG_001,105
CGACTCACAGCAAGTAACAG_002,65
CGACTCACAGCAAGTAACAG_003,94
CGACTCACAGCAAGTAACAG_004,137
CGACTCACAGCAAGTAACAG_005,60
CGACTCACAGCAAGTAACAG_006,190
CGACTCACAGCAAGTAACAG_007,76
CGACTCACAGCAAGTAACAG_008,56
CGACTCACAGCAAGTAACAG_009,94
CGACTCACAGCAAGTAACAG_010,183
CGACTCACAGCAAGTAACAG_011,162
CGACTCACAGCAAGTAACAG_012,183
AGAAATCAAGAAAAGAAAGA_001,45
AGAAATCAAGAAAAGAAAGA_002,29
AGAAATCAAGAAAAGAAAGA_003,105
AGAAATCAAGAAAAGAAAGA_004,152
AGAAATCAAGAAAAGAAAGA_005,43
TCACCCTCCAGAAACCGACG_001,137
TCACCCTCCAGAAACCGACG_002,106
TCACCCTCCAGAAACCGACG_003,62
TCAGTTTGACCACATTCACG_001,3
TCAGTTTGACCACATTCACG_002,65
TCAGTTTGACCACATTCACG_003,91
TCAGTTTGACCACATTCACG_004,49
TCAGTTTGACCACATTCACG_005,187
TCAGTTTGACCACATTCACG_006,83
TCAGTTTGACCACATTCACG_007,190
TCAGTTTGACCACATTCACG_008,171
TCAGTTTGACCACATTCACG_009,89
TGGAGCACGTTGATCCACGG_001,170
TGGAGCACGTTGATCCACGG_002,113
TGGAGCACGTTGATCCACGG_003,177
TGGAGCACGTTGATCCACGG_004,197
TGGAGCACGTTGATCCACGG_005,103
TGGAGCACGTTGATCCACGG_006,96
TGGAGCACGTTGATCCACGG_007,81
TGGAGCACGTTGATCCACGG_008,56
TCCTACAGAGGGATACCGTG_001,120
TCCTACAGAGGGATACCGTG_002,117
GCTTATTGTCCCAACAAATG_001,154
GCTTATTGTCCCAACAAATG_002,84
GCTTATTGTCCCAACAAATG_003,38
GCTTATTGTCCCAACAAATG_004,177
AGTGCTGCTATGTCTGCGTA_001,58
AGTGCTGCTATGTCTGCGTA_002,55
AGTGCTGCTATGTCTGCGTA_003,199
AGTGCTGCTATGTCTGCGTA_004,46
AGTGCTGCTATGTCTGCGTA_005,81
GAGGGTGGCAAACCCCTGAG_001,168
GAGGGTGGCAAACCCCTGAG_002,150
GAGGGTGGCAAACCCCTGAG_003,0
GAGGGTGGCAAACCCCTGAG_004,166
GAGGGTGGCAAACCCCTGAG_005,178
AAGGATTCGAATGCGCCAAG_001,80
AAGGATTCGAATGCGCCAAG_002,120
AAGGATTCGAATGCGCCAAG_003,76
AAGGATTCGAATGCGCCAAG_004,50
AAGGATTCGAATGCGCCAAG_005,34
AAGGATTCGAATGCGCCAAG_006,34
AAGGATTCGAATGCGCCAAG_007,19
AAGGATTCGAATGCGCCAAG_008,154
AAGGATTCGAATGCGCCAAG_009,105
GCAGACGAAGGCGCCCGAGT_001,69
GCAGACGAAGGCGCCCGAGT_002,70
GCAGACGAAGGCGCCCGAGT_003,146
GCAGACGAAGGCGCCCGAGT_004,70
GCAGACGAAGGCGCCCGAGT_005,70
TATCTGAATGATATAACCGG_001,31
AGCGTGGTAAGCGGCAGACG_001,82
AGCGTGGTAAGCGGCAGACG_002,144
AGCGTGGTAAGCGGCAGACG_003,58
AGCGTGGTAAGCGGCAGACG_004,127
AGCGTGGTAAGCGGCAGACG_005,82
AGCGTGGTAAGCGGCAGACG_006,50
AGCGTGGTAAGCGGCAGACG_007,121
AGCGTGGTAAGCGGCAGACG_008,30
AGCGTGGTAAGCGGCAGACG_009,173
AGCGTGGTAAGCGGCAGACG_010,141
AGCGTGGTAAGCGGCAGACG_011,120
AGCGTGGTAAGCGGCAGACG_012,66
AGCGTGGTAAGCGGCAGACG_013,73
AGCGTGGTAAGCGGCAGACG_014,106
AGCGTGGTAAGCGGCAGACG_015,106
AGCGTGGTAAGCGGCAGACG_016,174
AGCGTGGTAAGCGGCAGACG_017,138
AGCGTGGTAAGCGGCAGACG_018,130
AGCGTGGTAAGCGGCAGACG_019,114
AGCGTGGTAAGCGGCAGACG_020,151
AGCGTGGTAAGCGGCAGACG_021,105
ACGAGTAGACCACGTAGTCG_001,78
ACGAGTAGACCACGTAGTCG_002,4
ACGAGTAGACCACGTAGTCG_003,147
ACGAGTAGACCACGTAGTCG_004,16
GGTTCGGTAGAAGCTACAGT_001,172
GGTTCGGTAGAAGCTACAGT_002,197
GGTTCGGTAGAAGCTACAGT_003,106
GGTTCGGTAGAAGCTACAGT_004,83
GGTTCGGTAGAAGCTACAGT_005,169
GGTTCGGTAGAAGCTACAGT_006,138
GGTTCGGTAGAAGCTACAGT_007,33
GGTTCGGTAGAAGCTACAGT_008,166
GGTTCGGTAGAAGCTACAGT_009,99
CAGGTGTGTGACAAGTTCCG_001,88
CAGGTGTGTGACAAGTTCCG_002,183
CAGGTGTGTGACAAGTTCCG_003,107
CAGGTGTGTGACAAGTTCCG_004,51
CAGGTGTGTGACAAGTTCCG_005,150
CAGGTACGCGATACACAGCG_001,4
CAGGTACGCGATACACAGCG_002,48
CAGGTACGCGATACACAGCG_003,149
CAGGTACGCGATACACAGCG_004,141
CAGGTACGCGATACACAGCG_005,152
CTTACCGCAAAACTTCGGGA_001,102
CTTACCGCAAAACTTCGGGA_002,35
CTTACCGCAAAACTTCGGGA_003,70
CTTACCGCAAAACTTCGGGA_004,41
CTTACCGCAAAACTTCGGGA_005,161
CTTACCGCAAAACTTCGGGA_006,185
CTTACCGCAAAACTTCGGGA_007,121
CTTGTATGAATGGCCACACA_001,45
CTTGTATGAATGGCCACACA_002,134
CTTGTATGAATGGCCACACA_003,115
CTTGTATGAATGGCCACACA_004,194
CTTGTATGAATGGCCACACA_005,31
CTTGTATGAATGGCCACACA_006,174
CTTGTATGAATGGCCACACA_007,40
CTTGTATGAATGGCCACACA_008,124
CTTGTATGAATGGCCACACA_009,83
CTTGTATGAATGGCCACACA_010,29
CTTGTATGAATGGCCACACA_011,163
CTTGTATGAATGGCCACACA_012,152
CTTGTATGAATGGCCACACA_013,153
CTTGTATGAATGGCCACACA_014,65
CTTGTATGAATGGCCACACA_015,174
GTGAGCACATTATCAAAGAG_001,127
GTGAGCACATTATCAAAGAG_002,184
GTGAGCACATTATCAAAGAG_003,124
GTGAGCACATTATCAAAGAG_004,66
TACCTGCCCTACGCGCTGGG_001,172
TACCTGCCCTACGCGCTGGG_002,143
TACCTGCCCTACGCGCTGGG_003,156
TACCTGCCCTACGCGCTGGG_004,184
TACCTGCCCTACGCGCTGGG_005,153
TACCTGCCCTACGCGCTGGG_006,34
TACCTGCCCTACGCGCTGGG_007,137
TACCTGCCCTACGCGCTGGG_008,192
TACCTGCCCTACGCGCTGGG_009,148
TACCTGCCCTACGCGCTGGG_010,13
TACCTGCCCTACGCGCTGGG_011,22
TACCTGCCCTACGCGCTGGG_012,177
TACCTGCCCTACGCGCTGGG_013,140
TACCTGCCCTACGCGCTGGG_014,136
TACCTGCCCTACGCGCTGGG_015,136
TACCTGCCCTACGCGCTGGG_016,140
TACCTGCCCTACGCGCTGGG_017,68
TACCTGCCCTACGCGCTGGG_018,13
TACCTGCCCTACGCGCTGGG_019,144
TACCTGCCCTACGCGCTGGG_020,104
TACCTGCCCTACGCGCTGGG_021,31
TACCTGCCCTACGCGCTGGG_022,52
TACCTGCCCTACGCGCTGGG_023,191
TACCTGCCCTACGCGCTGGG_024,167
TACCTGCCCTACGCGCTGGG_025,199
TACCTGCCCTACGCGCTGGG_026,197
TACCTGCCCTACGCGCTGGG_027,188
TACCTGCCCTACGCGCTGGG_028,36
TACCTGCCCTACGCGCTGGG_029,106
TGTGTAACAGAATTGTTGGC_001,49
GTGAAGTGACTCTTCTGACT_001,15
GTGAAGTGACTCTTCTGACT_002,133
GTGAAGTGACTCTTCTGACT_003,62
GTGAAGTGACTCTTCTGACT_004,27
GTGAAGTGACTCTTCTGACT_005,149
GTGAAGTGACTCTTCTGACT_006,49
GTGAAGTGACTCTTCTGACT_007,11
GTGAAGTGACTCTTCTGACT_008,169
GTGAAGTGACTCTTCTGACT_009,59
GTGAAGTGACTCTTCTGACT_010,34
GTGAAGTGACTCTTCTGACT_011,170
GTGAAGTGACTCTTCTGACT_012,30
GTGAAGTGACTCTTCTGACT_013,78
GTGAAGTGACTCTTCTGACT_014,88
GTGAAGTGACTCTTCTGACT_015,1
GTGAAGTGACTCTTCTGACT_016,140
GTGAAGTGACTCTTCTGACT_017,48
GTGAAGTGACTCTTCTGACT_018,124
GTGAAGTGACTCTTCTGACT_019,86
GTGAAGTGACTCTTCTGACT_020,37
GTGAAGTGACTCTTCTGACT_021,35
GTGAAGTGACTCTTCTGACT_022,188
GTGAAGTGACTCTTCTGACT_023,199
GTGAAGTGACTCTTCTGACT_024,0
GTGAAGTGACTCTTCTGACT_025,84
GTGAAGTGACTCTTCTGACT_026,82
ACTATCCCATCTGACAGCCA_001,30
ACTATCCCATCTGACAGCCA_002,129
AGGCAAATAAACTTAACCTG_001,169
AGGCAAATAAACTTAACCTG_002,110
AGGCAAATAAACTTAACCTG_003,82
AGGCAAATAAACTTAACCTG_004,162
AGGCAAATAAACTTAACCTG_005,154
AGGCAAATAAACTTAACCTG_006,48
AGGCAAATAAACTTAACCTG_007,174
AGGCAAATAAACTTAACCTG_008,42
ATGAAAAGCCAGAGGAACGC_001,7
ATGAAAAGCCAGAGGAACGC_002,58
ATGAAAAGCCAGAGGAACGC_003,137
ATGAAAAGCCAGAGGAACGC_004,150
ATGAAAAGCCAGAGGAACGC_005,32
ATGAAAAGCCAGAGGAACGC_006,50
ATGAAAAGCCAGAGGAACGC_007,151
ATGAAAAGCCAGAGGAACGC_008,134
ATGAAAAGCCAGAGGAACGC_009,176
ATGAAAAGCCAGAGGAACGC_010,180
ATGAAAAGCCAGAGGAACGC_011,10
ATGAAAAGCCAGAGGAACGC_012,94
AGCTGAATGTCTCTGTACAT_001,115
AGCTGAATGTCTCTGTACAT_002,96
AGCTGAATGTCTCTGTACAT_003,41
AGCTGAATGTCTCTGTACAT_004,10
AGCTGAATGTCTCTGTACAT_005,121
AGCTGAATGTCTCTGTACAT_006,150
AGCTGAATGTCTCTGTACAT_007,31
AGCTGAATGTCTCTGTACAT_008,98
AGCTGAATGTCTCTGTACAT_009,33
AGCTGAATGTCTCTGTACAT_010,39
TGAAGATGACAAGACCGAGG_001,146
TGAAGATGACAAGACCGAGG_002,106
TGAAGATGACAAGACCGAGG_003,11
TGAAGATGACAAGACCGAGG_004,149
TGAAGATGACAAGACCGAGG_005,60
TGAAGATGACAAGACCGAGG_006,122
TGAAGATGACAAGACCGAGG_007,64
TGAAGATGACAAGACCGAGG_008,0
TGAAGATGACAAGACCGAGG_009,46
TGAAGATGACAAGACCGAGG_010,3
ATGAACATGCCGGCCGAGTG_001,42
ATGAACATGCCGGCCGAGTG_002,190
ATGAACATGCCGGCCGAGTG_003,40
ATGAACATGCCGGCCGAGTG_004,67
ATGAACATGCCGGCCGAGTG_005,95
ATGAACATGCCGGCCGAGTG_006,60
ATGAACATGCCGGCCGAGTG_007,155
ATGAACATGCCGGCCGAGTG_008,177
ATGAACATGCCGGCCGAGTG_009,177
AATGACTTGATAGCTAAGCA_001,184
AATGACTTGATAGCTAAGCA_002,192
AATGACTTGATAGCTAAGCA_003,107
AATGACTTGATAGCTAAGCA_004,60
AATGACTTGATAGCTAAGCA_005,56
GAACTTCACCGATAACCAGT_001,15
GAACTTCACCGATAACCAGT_002,126
GAACTTCACCGATAACCAGT_003,113
GAACTTCACCGATAACCAGT_004,93
GAACTTCACCGATAACCAGT_005,157
GAACTTCACCGATAACCAGT_006,118
GAACTTCACCGATAACCAGT_007,166
GAACTTCACCGATAACCAGT_008,13
GAACTTCACCGATAACCAGT_009,124
GAACTTCACCGATAACCAGT_010,124
GAACTTCACCGATAACCAGT_011,49
GAACTTCACCGATAACCAGT_012,180
GAACTTCACCGATAACCAGT_013,78
GAACTTCACCGATAACCAGT_014,74
GGAAGTTCGGAGACATCTAG_001,85
GGAAGTTCGGAGACATCTAG_002,159
GGAAGTTCGGAGACATCTAG_003,95
GGAAGTTCGGAGACATCTAG_004,1
GGAAGTTCGGAGACATCTAG_005,69
GTGGATCTTCTTGACGACGC_001,51
GTGGATCTTCTTGACGACGC_002,116
GTGGATCTTCTTGACGACGC_003,171
GTGGATCTTCTTGACGACGC_004,155
GTGGATCTTCTTGACGACGC_005,144
GTGGATCTTCTTGACGACGC_006,14
TCACTTGTCCAAAACTCTCG_001,94
TCACTTGTCCAAAACTCTCG_002,127
TCACTTGTCCAAAACTCTCG_003,181
GAAGCTTGGCCACTCTACAT_001,174
GAAGCTTGGCCACTCTACAT_002,16
GAAGCTTGGCCACTCTACAT_003,131
GAAGCTTGGCCACTCTACAT_004,91
GAAGCTTGGCCACTCTACAT_005,191
GAAGCTTGGCCACTCTACAT_006,158
GAAGCTTGGCCACTCTACAT_007,84
TGCAGCTGCTCAGGAGGGAG_001,172
TGCAGCTGCTCAGGAGGGAG_002,146
TGCAGCTGCTCAGGAGGGAG_003,43
TGCAGCTGCTCAGGAGGGAG_004,191
CACAGCACTAAATACAACTC_001,96
CACAGCACTAAATACAACTC_002,58
CACAGCACTAAATACAACTC_003,7
CACAGCACTAAATACAACTC_004,30
CACAGCACTAAATACAACTC_005,199
CACAGCACTAAATACAACTC_006,105
CACAGCACTAAATACAACTC_007,19
CACAGCACTAAATACAACTC_008,79
TTTGGGCCTCTCACCCAACG_001,129
TTTGGGCCTCTCACCCAACG_002,108
TTTGGGCCTCTCACCCAACG_003,148
TTTGGGCCTCTCACCCAACG_004,69
TTTGGGCCTCTCACCCAACG_005,144
TTTGGGCCTCTCACCCAACG_006,149
TTTGGGCCTCTCACCCAACG_007,16
TTTGGGCCTCTCACCCAACG_008,3
TTTGGGCCTCTCACCCAACG_009,118
GTACTGTGACGTGTCAGTGG_001,17
GTACTGTGACGTGTCAGTGG_002,56
GTACTGTGACGTGTCAGTGG_003,143
GTACTGTGACGTGTCAGTGG_004,35
GTACTGTGACGTGTCAGTGG_005,100
GATGCCGAGTACCTGAAGGT_001,199
GATGCCGAGTACCTGAAGGT_002,25
GATGCCGAGTACCTGAAGGT_003,117
GATGCCGAGTACCTGAAGGT_004,94
GATGCCGAGTACCTGAAGGT_005,16
GATGCCGAGTACCTGAAGGT_006,127
GATGCCGAGTACCTGAAGGT_007,188
GATGCCGAGTACCTGAAGGT_008,115
GATGCCGAGTACCTGAAGGT_009,115
GATGCCGAGTACCTGAAGGT_010,48
GATGCCGAGTACCTGAAGGT_011,127
GATGCCGAGTACCTGAAGGT_012,173
GATGCCGAGTACCTGAAGGT_013,22
GATGCCGAGTACCTGAAGGT_014,7
GATGCCGAGTACCTGAAGGT_015,121
GATGCCGAGTACCTGAAGGT_016,176
GATGCCGAGTACCTGAAGGT_017,27
GATGCCGAGTACCTGAAGGT_018,106
GATGCCGAGTACCTGAAGGT_019,106
CATGTGGCTGGATACACGTA_001,27
CATGTGGCTGGATACACGTA_002,70
CATGTGGCTGGATACACGTA_003,127
CATGTGGCTGGATACACGTA_004,36
CATGTGGCTGGATACACGTA_005,20
CATGTGGCTGGATACACGTA_006,125
CATGTGGCTGGATACACGTA_007,167
CATGTGGCTGGATACACGTA_008,155
TCTGAGAGAACTACTCTATG_001,86
TCTGAGAGAACTACTCTATG_002,29
TCTGAGAGAACTACTCTATG_003,15
TCTGAGAGAACTACTCTATG_004,26
CAGACTAAGGACCCGCCCAG_001,62
CAGACTAAGGACCCGCCCAG_002,99
CAGACTAAGGACCCGCCCAG_003,23
CAGACTAAGGACCCGCCCAG_004,83
CAGACTAAGGACCCGCCCAG_005,30
CAGACTAAGGACCCGCCCAG_006,150
CAGACTAAGGACCCGCCCAG_007,188
CAGACTAAGGACCCGCCCAG_008,84
CAGACTAAGGACCCGCCCAG_009,163
CAGACTAAGGACCCGCCCAG_010,194
CAGACTAAGGACCCGCCCAG_011,77
CAGACTAAGGACCCGCCCAG_012,2
CAGACTAAGGACCCGCCCAG_013,127
CAGACTAAGGACCCGCCCAG_014,25
CAGACTAAGGACCCGCCCAG_015,27
CAGACTAAGGACCCGCCCAG_016,184
TTAAGTGGTGTAACTCGTCT_001,140
TTAAGTGGTGTAACTCGTCT_002,83
TTAAGTGGTGTAACTCGTCT_003,8
TTAAGTGGTGTAACTCGTCT_004,48
TTAAGTGGTGTAACTCGTCT_005,5
TTAAGTGGTGTAACTCGTCT_006,11
TTAAGTGGTGTAACTCGTCT_007,11
TTAAGTGGTGTAACTCGTCT_008,3
TTAAGTGGTGTAACTCGTCT_009,169
TTAAGTGGTGTAACTCGTCT_010,92
TTAAGTGGTGTAACTCGTCT_011,1
TTAAGTGGTGTAACTCGTCT_012,72
TTAAGTGGTGTAACTCGTCT_013,132
TTAAGTGGTGTAACTCGTCT_014,43
TTAAGTGGTGTAACTCGTCT_015,23
TTAAGTGGTGTAACTCGTCT_016,149
TTAAGTGGTGTAACTCGTCT_017,180
TTAAGTGGTGTAACTCGTCT_018,109
TGAAACACGACGTGAAGGTG_001,29
TGAAACACGACGTGAAGGTG_002,165
TGAAACACGACGTGAAGGTG_003,42
TGAAACACGACGTGAAGGTG_004,42
TGAACATGAAACCAAAGACG_001,149
TGAACATGAAACCAAAGACG_002,143
TGGATGCAGGTGTGCCCATG_001,162
TGGATGCAGGTGTGCCCATG_002,50
TGGATGCAGGTGTGCCCATG_003,11
TGGATGCAGGTGTGCCCATG_004,74
TGGATGCAGGTGTGCCCATG_005,142
TGGATGCAGGTGTGCCCATG_006,94
TGGATGCAGGTGTGCCCATG_007,81
TGGATGCAGGTGTGCCCATG_008,185
TGGATGCAGGTGTGCCCATG_009,70
TGGATGCAGGTGTGCCCATG_010,28
GGGAACACAAATCTGCACTG_001,163
GGGAACACAAATCTGCACTG_002,88
GGGAACACAAATCTGCACTG_003,88
GGGAACACAAATCTGCACTG_004,16
GGGAACACAAATCTGCACTG_005,140
GGGAACACAAATCTGCACTG_006,16
GGGAACACAAATCTGCACTG_007,70
GGGAACACAAATCTGCACTG_008,198
GGGAACACAAATCTGCACTG_009,61
GGGAACACAAATCTGCACTG_010,178
GGGAACACAAATCTGCACTG_011,179
GGGAACACAAATCTGCACTG_012,184
GGGAACACAAATCTGCACTG_013,69
AGTGGATAGGAGTAGCATCA_001,88
AGTGGATAGGAGTAGCATCA_002,12
AGTGGATAGGAGTAGCATCA_003,82
AGTGGATAGGAGTAGCATCA_004,73
AGTGGATAGGAGTAGCATCA_005,31
AGTGGATAGGAGTAGCATCA_006,138
AGTGGATAGGAGTAGCATCA_007,144
AGTGGATAGGAGTAGCATCA_008,148
AGTGGATAGGAGTAGCATCA_009,59
AGTGGATAGGAGTAGCATCA_010,147
AGTGGATAGGAGTAGCATCA_011,9
AGTGGATAGGAGTAGCATCA_012,40
AGTGGATAGGAGTAGCATCA_013,126
AGTGGATAGGAGTAGCATCA_014,142
AGTGGATAGGAGTAGCATCA_015,18
AGTGGATAGGAGTAGCATCA_016,155
AGTGGATAGGAGTAGCATCA_017,22
TTGATGTCCATCTCACAACG_001,158
TTGATGTCCATCTCACAACG_002,36
TTGATGTCCATCTCACAACG_003,191
TTGATGTCCATCTCACAACG_004,198
TTGATGTCCATCTCACAACG_005,174
TTGATGTCCATCTCACAACG_006,70
TTGATGTCCATCTCACAACG_007,11
CTGCTGGGATGCCTGAACAG_001,132
CTGCTGGGATGCCTGAACAG_002,18
CTGCTGGGATGCCTGAACAG_003,12
CTGCTGGGATGCCTGAACAG_004,137
CTGCTGGGATGCCTGAACAG_005,2
CTGCTGGGATGCCTGAACAG_006,46
CTGCTGGGATGCCTGAACAG_007,142
CTGCTGGGATGCCTGAACAG_008,198
CTGCTGGGATGCCTGAACAG_009,12
AAAAATGTGAAATTTATCGG_001,13
AGTTTGTACGAGTTCAGTGG_001,62
AGTTTGTACGAGTTCAGTGG_002,149
AGTTTGTACGAGTTCAGTGG_003,94
AGTTTGTACGAGTTCAGTGG_004,4
CATTTAAATAAGGACACAGA_001,50
CATTTAAATAAGGACACAGA_002,83
CATTTAAATAAGGACACAGA_003,103
CATTTAAATAAGGACACAGA_004,147
CATTTAAATAAGGACACAGA_005,27
CATTTAAATAAGGACACAGA_006,92
CATTTAAATAAGGACACAGA_007,138
CATTTAAATAAGGACACAGA_008,26
ACGTTTACGGGAGCTCGGAG_001,160
ACGTTTACGGGAGCTCGGAG_002,62
ACGTTTACGGGAGCTCGGAG_003,65
ACGTTTACGGGAGCTCGGAG_004,139
ACGTTTACGGGAGCTCGGAG_005,96
ACGTTTACGGGAGCTCGGAG_006,84
ACGTTTACGGGAGCTCGGAG_007,186
ACGTTTACGGGAGCTCGGAG_008,6
ACGTTTACGGGAGCTCGGAG_009,42
ACGTTTACGGGAGCTCGGAG_010,62
ACGTTTACGGGAGCTCGGAG_011,0
ACGTTTACGGGAGCTCGGAG_012,3
ACGTTTACGGGAGCTCGGAG_013,42
ATCTTGTTGCGTAGGCAGGT_001,145
ATCTTGTTGCGTAGGCAGGT_002,189
ATCTTGTTGCGTAGGCAGGT_003,105
ATCTTGTTGCGTAGGCAGGT_004,98
ATCTTGTTGCGTAGGCAGGT_005,137
ATCTTGTTGCGTAGGCAGGT_006,157
ATCTTGTTGCGTAGGCAGGT_007,88
ATCTTGTTGCGTAGGCAGGT_008,149
ATCTTGTTGCGTAGGCAGGT_009,188
ATCTTGTTGCGTAGGCAGGT_010,146
ATCTTGTTGCGTAGGCAGGT_011,141
ATCTTGTTGCGTAGGCAGGT_012,192
ATCTTGTTGCGTAGGCAGGT_013,1
ATCTTGTTGCGTAGGCAGGT_014,126
ATCTTGTTGCGTAGGCAGGT_015,166
ATCTTGTTGCGTAGGCAGGT_016,57
ATCTTGTTGCGTAGGCAGGT_017,106
ATCTTGTTGCGTAGGCAGGT_018,172
ATCTTGTTGCGTAGGCAGGT_019,84
ATCTTGTTGCGTAGGCAGGT_020,113
ATCTTGTTGCGTAGGCAGGT_021,9
ATCTTGTTGCGTAGGCAGGT_022,191
ATCTTGTTGCGTAGGCAGGT_023,190
ATCTTGTTGCGTAGGCAGGT_024,56
ATCTTGTTGCGTAGGCAGGT_025,165
ATCTTGTTGCGTAGGCAGGT_026,155
ATCTTGTTGCGTAGGCAGGT_027,170
ATCTTGTTGCGTAGGCAGGT_028,75
CCAGTACGTGGGAGCCCTAG_001,160
CCAGTACGTGGGAGCCCTAG_002,72
CCAGTACGTGGGAGCCCTAG_003,29
CCAGTACGTGGGAGCCCTAG_004,70
CCAGTACGTGGGAGCCCTAG_005,172
CCAGTACGTGGGAGCCCTAG_006,37
CCAGTACGTGGGAGCCCTAG_007,102
CCAGTACGTGGGAGCCCTAG_008,12
CCAGTACGTGGGAGCCCTAG_009,2
CCAGTACGTGGGAGCCCTAG_010,113
CCAGTACGTGGGAGCCCTAG_011,24
GGATTCCTATGTGGGCGACG_001,63
GGATTCCTATGTGGGCGACG_002,90
GGATTCCTATGTGGGCGACG_003,83
GGATTCCTATGTGGGCGACG_004,30
GGATTCCTATGTGGGCGACG_005,115
GGATTCCTATGTGGGCGACG_006,4
GCCACATTCGAAGCACTCGT_001,41
GCCACATTCGAAGCACTCGT_002,7
GCCACATTCGAAGCACTCGT_003,20
GCCACATTCGAAGCACTCGT_004,4
GCCACATTCGAAGCACTCGT_005,77
GCCACATTCGAAGCACTCGT_006,169
GCCACATTCGAAGCACTCGT_007,125
GCCACATTCGAAGCACTCGT_008,161
GCCACATTCGAAGCACTCGT_009,172
GCCACATTCGAAGCACTCGT_010,104
GCCACATTCGAAGCACTCGT_011,117
GCCACATTCGAAGCACTCGT_012,4
GCCACATTCGAAGCACTCGT_013,24
GCCACATTCGAAGCACTCGT_014,158
GCCACATTCGAAGCACTCGT_015,147
GCCACATTCGAAGCACTCGT_016,117
GCCACATTCGAAGCACTCGT_017,115
GCCACATTCGAAGCACTCGT_018,176
GCCACATTCGAAGCACTCGT_019,26
GCCACATTCGAAGCACTCGT_020,138
GGTACAAATGAACAAAGGTG_001,133
GGTACAAATGAACAAAGGTG_002,60
GGTACAAATGAACAAAGGTG_003,199
GGTACAAATGAACAAAGGTG_004,49
GGTACAAATGAACAAAGGTG_005,5
GGTACAAATGAACAAAGGTG_006,35
CATCTGCAGCCGGCTAACGG_001,29
CATCTGCAGCCGGCTAACGG_002,137
CATCTGCAGCCGGCTAACGG_003,5
CATCTGCAGCCGGCTAACGG_004,7
CATCTGCAGCCGGCTAACGG_005,194
CATCTGCAGCCGGCTAACGG_006,181
CATCTGCAGCCGGCTAACGG_007,8
CATCTGCAGCCGGCTAACGG_008,154
CATCTGCAGCCGGCTAACGG_009,41
CATCTGCAGCCGGCTAACGG_010,132
CATCTGCAGCCGGCTAACGG_011,15
CATCTGCAGCCGGCTAACGG_012,199
CATCTGCAGCCGGCTAACGG_013,176
CATCTGCAGCCGGCTAACGG_014,162
CATCTGCAGCCGGCTAACGG_015,134
CATCTGCAGCCGGCTAACGG_016,199
CATCTGCAGCCGGCTAACGG_017,115
CATCTGCAGCCGGCTAACGG_018,115
CATCTGCAGCCGGCTAACGG_019,116
CATCTGCAGCCGGCTAACGG_020,155
CATCTGCAGCCGGCTAACGG_021,1
CATCTGCAGCCGGCTAACGG_022,148
CATCTGCAGCCGGCTAACGG_023,148
CATCTGCAGCCGGCTAACGG_024,104
CATCTGCAGCCGGCTAACGG_025,10
CATCTGCAGCCGGCTAACGG_026,2
CATCTGCAGCCGGCTAACGG_027,88
TACCCTGGACCAAGCTACCA_001,189
TACCCTGGACCAAGCTACCA_002,69
TACCCTGGACCAAGCTACCA_003,69
TACCCTGGACCAAGCTACCA_004,3
TACCCTGGACCAAGCTACCA_005,97
TACCCTGGACCAAGCTACCA_006,29
TACCCTGGACCAAGCTACCA_007,65
TACCCTGGACCAAGCTACCA_008,172
TACCCTGGACCAAGCTACCA_009,80
TACCCTGGACCAAGCTACCA_010,70
TACCCTGGACCAAGCTACCA_011,105
TACCCTGGACCAAGCTACCA_012,48
TACCCTGGACCAAGCTACCA_013,25
TACCCTGGACCAAGCTACCA_014,16
TACCCTGGACCAAGCTACCA_015,52
TACCCTGGACCAAGCTACCA_016,123
TGTCGTTACTTGCGGCTCCG_001,157
TGTCGTTACTTGCGGCTCCG_002,123
TTCAGAGTTCACGTCCAAGG_001,191
TTCAGAGTTCACGTCCAAGG_002,149
TTCAGAGTTCACGTCCAAGG_003,40
TTCAGAGTTCACGTCCAAGG_004,165
TTCAGAGTTCACGTCCAAGG_005,50
AGATTTGAAAGCAACCGGAA_001,49
AGATTTGAAAGCAACCGGAA_002,172
AGATTTGAAAGCAACCGGAA_003,187
AGATTTGAAAGCAACCGGAA_004,166
AGATTTGAAAGCAACCGGAA_005,15
AGATTTGAAAGCAACCGGAA_006,82
AGATTTGAAAGCAACCGGAA_007,166
AGATTTGAAAGCAACCGGAA_008,63
AGATTTGAAAGCAACCGGAA_009,149
GGACACCTTGGAAAAAAAGG_001,155
GGACACCTTGGAAAAAAAGG_002,153
GGACACCTTGGAAAAAAAGG_003,168
GGACACCTTGGAAAAAAAGG_004,91
GGACACCTTGGAAAAAAAGG_005,57
GGACACCTTGGAAAAAAAGG_006,123
GGACACCTTGGAAAAAAAGG_007,101
AGGAGTTAATAGAAACCCTG_001,41
AGGAGTTAATAGAAACCCTG_002,176
AGGAGTTAATAGAAACCCTG_003,57
AGGAGTTAATAGAAACCCTG_004,83
AGGAGTTAATAGAAACCCTG_005,177
AGGAGTTAATAGAAACCCTG_006,24
AGGAGTTAATAGAAACCCTG_007,85
AGGAGTTAATAGAAACCCTG_008,7
AGGAGTTAATAGAAACCCTG_009,123
AGGAGTTAATAGAAACCCTG_010,77
AGGAGTTAATAGAAACCCTG_011,34
CCTTTGAGCGACGCCCAGAG_001,0
CCTTTGAGCGACGCCCAGAG_002,184
CCTTTGAGCGACGCCCAGAG_003,94
CCTTTGAGCGACGCCCAGAG_004,70
CCTTTGAGCGACGCCCAGAG_005,15
CCTTTGAGCGACGCCCAGAG_006,63
CCTTTGAGCGACGCCCAGAG_007,78
GGAGCCAGCGCAACACTACG_001,105
GGAGCCAGCGCAACACTACG_002,88
GGAGCCAGCGCAACACTACG_003,19
GGAGCCAGCGCAACACTACG_004,23
GGAGCCAGCGCAACACTACG_005,67
GGAGCCAGCGCAACACTACG_006,43
GGAGCCAGCGCAACACTACG_007,85
GGAGCCAGCGCAACACTACG_008,58
GGAGCCAGCGCAACACTACG_009,84
GGAGCCAGCGCAACACTACG_010,122
GGAGCCAGCGCAACACTACG_011,8
GGAGCCAGCGCAACACTACG_012,77
TTGATCTTTCACGTAATACG_001,17
TTGATCTTTCACGTAATACG_002,3
TTGATCTTTCACGTAATACG_003,108
TTGATCTTTCACGTAATACG_004,65
AAAGCCCCTGAAATCAACAG_001,45
AAAGCCCCTGAAATCAACAG_002,27
AAAGCCCCTGAAATCAACAG_003,170
AAAGCCCCTGAAATCAACAG_004,17
AAAGCCCCTGAAATCAACAG_005,121
AACATGGTATCCTCTGTACA_001,121
AACATGGTATCCTCTGTACA_002,190
AACATGGTATCCTCTGTACA_003,140
AACATGGTATCCTCTGTACA_004,90
ATTGCGAGGAGACCAGCAAG_001,25
ATTGCGAGGAGACCAGCAAG_002,40
ATTGCGAGGAGACCAGCAAG_003,94
ATTGCGAGGAGACCAGCAAG_004,145
ATTGCGAGGAGACCAGCAAG_005,61
ATTGCGAGGAGACCAGCAAG_006,51
ATTGCGAGGAGACCAGCAAG_007,27
ATTGCGAGGAGACCAGCAAG_008,8
ATTGCGAGGAGACCAGCAAG_009,32
ATTGCGAGGAGACCAGCAAG_010,137
ATTGCGAGGAGACCAGCAAG_011,25
ATTGCGAGGAGACCAGCAAG_012,144
GCTGGTGAACCACGGCTACG_001,132
GCTGGTGAACCACGGCTACG_002,97
GCTGGTGAACCACGGCTACG_003,65
GCTGGTGAACCACGGCTACG_004,175
GCTGGTGAACCACGGCTACG_005,26
GCTGGTGAACCACGGCTACG_006,118
GCTGGTGAACCACGGCTACG_007,115
GCTGGTGAACCACGGCTACG_008,168
GCTGGTGAACCACGGCTACG_009,147
GCTGGTGAACCACGGCTACG_010,145
GCTGGTGAACCACGGCTACG_011,19
GCTGGTGAACCACGGCTACG_012,130
GCTGGTGAACCACGGCTACG_013,174
GCTGGTGAACCACGGCTACG_014,77
GCTGGTGAACCACGGCTACG_015,33
GCTGGTGAACCACGGCTACG_016,172
GCTGGTGAACCACGGCTACG_017,121
GCTGGTGAACCACGGCTACG_018,97
GCTGGTGAACCACGGCTACG_019,198
GCTGGTGAACCACGGCTACG_020,191
GCTGGTGAACCACGGCTACG_021,170
GCTGGTGAACCACGGCTACG_022,180
GCTGGTGAACCACGGCTACG_023,144
GCTGGTGAACCACGGCTACG_024,53
GCTGGTGAACCACGGCTACG_025,166
GCTGGTGAACCACGGCTACG_026,28
CCAGGCCCCAGCTTACCCAG_001,21
CCAGGCCCCAGCTTACCCAG_002,139
CCAGGCCCCAGCTTACCCAG_003,105
CCAGGCCCCAGCTTACCCAG_004,191
CCAGGCCCCAGCTTACCCAG_005,132
CCAGGCCCCAGCTTACCCAG_006,85
CCAGGCCCCAGCTTACCCAG_007,78
CCAGGCCCCAGCTTACCCAG_008,14
CCAGGCCCCAGCTTACCCAG_009,59
CCAGGCCCCAGCTTACCCAG_010,84
CCAGGCCCCAGCTTACCCAG_011,170
CCAGGCCCCAGCTTACCCAG_012,52
CCAGGCCCCAGCTTACCCAG_013,148
CCAGGCCCCAGCTTACCCAG_014,94
TGAAATTGGGAAGCGTTATG_001,73
TGAAATTGGGAAGCGTTATG_002,174
TGAAATTGGGAAGCGTTATG_003,149
TGAAATTGGGAAGCGTTATG_004,98
TGAAATTGGGAAGCGTTATG_005,191
TCAGATGGACACTTACACCT_001,61
TCAGATGGACACTTACACCT_002,86
TCAGATGGACACTTACACCT_003,113
TCAGATGGACACTTACACCT_004,8
TCAGATGGACACTTACACCT_005,44
TCAGATGGACACTTACACCT_006,166
TCAGATGGACACTTACACCT_007,84
TCAGATGGACACTTACACCT_008,0
TCAGATGGACACTTACACCT_009,16
GATGTTGGACTTCACGGGCA_001,104
GATGTTGGACTTCACGGGCA_002,153
GATGTTGGACTTCACGGGCA_003,169
GATGTTGGACTTCACGGGCA_004,118
GATGTTGGACTTCACGGGCA_005,138
GATGTTGGACTTCACGGGCA_006,42
GATGTTGGACTTCACGGGCA_007,16
GATGTTGGACTTCACGGGCA_008,165
GATGTTGGACTTCACGGGCA_009,107
GGTGTACGAGAGCCCCTACG_001,186
GGTGTACGAGAGCCCCTACG_002,124
GGTGTACGAGAGCCCCTACG_003,105
GGTGTACGAGAGCCCCTACG_004,96
GGTGTACGAGAGCCCCTACG_005,0
GGTGTACGAGAGCCCCTACG_006,115
GGTGTACGAGAGCCCCTACG_007,91
GGTGTACGAGAGCCCCTACG_008,182
GGTGTACGAGAGCCCCTACG_009,57
GGTGTACGAGAGCCCCTACG_010,11
GGTGTACGAGAGCCCCTACG_011,74
GGTGTACGAGAGCCCCTACG_012,176
GTTACCCGTCCATTACGTCC_001,148
GTTACCCGTCCATTACGTCC_002,39
GTTACCCGTCCATTACGTCC_003,145
GTTACCCGTCCATTACGTCC_004,81
GTTACCCGTCCATTACGTCC_005,166
TCTACTGTGCAGTCATCGTG_001,183
TCTACTGTGCAGTCATCGTG_002,58
TCTACTGTGCAGTCATCGTG_003,94
TCTACTGTGCAGTCATCGTG_004,75
TCTACTGTGCAGTCATCGTG_005,75
TCTACTGTGCAGTCATCGTG_006,81
TCTACTGTGCAGTCATCGTG_007,2
TCTACTGTGCAGTCATCGTG_008,40
TCTACTGTGCAGTCATCGTG_009,13
TCTACTGTGCAGTCATCGTG_010,95
TCTACTGTGCAGTCATCGTG_011,92
TCTACTGTGCAGTCATCGTG_012,53
TCTACTGTGCAGTCATCGTG_013,198
TCTACTGTGCAGTCATCGTG_014,14
TCTACTGTGCAGTCATCGTG_015,135
TCTACTGTGCAGTCATCGTG_016,168
TCTACTGTGCAGTCATCGTG_017,46
CTGTTGCCAATACACAATCA_001,58
CTGTTGCCAATACACAATCA_002,21
CTGTTGCCAATACACAATCA_003,177
CTGTTGCCAATACACAATCA_004,162
CTGTTGCCAATACACAATCA_005,27
CTGTTGCCAATACACAATCA_006,58
CTGTTGCCAATACACAATCA_007,19
CTGTTGCCAATACACAATCA_008,177
CTGTTGCCAATACACAATCA_009,177
CTGTTGCCAATACACAATCA_010,162
CTGTTGCCAATACACAATCA_011,188
CTGTTGCCAATACACAATCA_012,9
CTGTTGCCAATACACAATCA_013,19
CCCTAAAAAAGGCTCCAAGA_001,130
CCCTAAAAAAGGCTCCAAGA_002,6
CCCTAAAAAAGGCTCCAAGA_003,157
ACGAGCGCATCGTCTTCTCG_001,193
AGGCTAATCCTCATTCCCTG_001,173
AGGCTAATCCTCATTCCCTG_002,27
AGGCTAATCCTCATTCCCTG_003,150
AGGCTAATCCTCATTCCCTG_004,85
AGGCTAATCCTCATTCCCTG_005,80
AACAGCATTATCGATAAGGT_001,163
AACAGCATTATCGATAAGGT_002,141
AACAGCATTATCGATAAGGT_003,6
AACAGCATTATCGATAAGGT_004,36
AACAGCATTATCGATAAGGT_005,47
AACAGCATTATCGATAAGGT_006,31
AACAGCATTATCGATAAGGT_007,156
AACAGCATTATCGATAAGGT_008,2
AACAGCATTATCGATAAGGT_009,44
ATGGTCGACCCATTCTTCCG_001,162
ATGGTCGACCCATTCTTCCG_002,127
ATGGTCGACCCATTCTTCCG_003,130
GGGATGACAATACCCTCACG_001,19
GGGATGACAATACCCTCACG_002,168
GGGATGACAATACCCTCACG_003,169
GGGATGACAATACCCTCACG_004,42
GGGATGACAATACCCTCACG_005,178
GGGATGACAATACCCTCACG_006,161
GGGATGACAATACCCTCACG_007,43
GGGATGACAATACCCTCACG_008,129
GGGATGACAATACCCTCACG_009,154
GGGATGACAATACCCTCACG_010,177
GGGATGACAATACCCTCACG_011,101
GGGATGACAATACCCTCACG_012,125
GGGATGACAATACCCTCACG_013,47
GGGATGACAATACCCTCACG_014,183
GGGATGACAATACCCTCACG_015,84
GGGATGACAATACCCTCACG_016,153
AAAGAATTCAATTCTAGACG_001,20
AAAGAATTCAATTCTAGACG_002,190
ATTTGCTGATATCAAAGTCA_001,124
ATTTGCTGATATCAAAGTCA_002,89
ATTTGCTGATATCAAAGTCA_003,107
ATTTGCTGATATCAAAGTCA_004,24
TGCGATCTCACTAAGACAAA_001,169
TGCGATCTCACTAAGACAAA_002,132
TGCGATCTCACTAAGACAAA_003,29
TGCGATCTCACTAAGACAAA_004,17
TGCGATCTCACTAAGACAAA_005,48
TGCGATCTCACTAAGACAAA_006,182
TGCGATCTCACTAAGACAAA_007,148
TGCGATCTCACTAAGACAAA_008,162
TGCGATCTCACTAAGACAAA_009,52
TGCGATCTCACTAAGACAAA_010,81
TGCGATCTCACTAAGACAAA_011,28
CAGCAACAGGGAATTCCTGG_001,128
CAGCAACAGGGAATTCCTGG_002,150
CAGCAACAGGGAATTCCTGG_003,145
CAGCAACAGGGAATTCCTGG_004,9
CAGCAACAGGGAATTCCTGG_005,49
CAGCAACAGGGAATTCCTGG_006,149
CAGCAACAGGGAATTCCTGG_007,156
CAGCAACAGGGAATTCCTGG_008,159
CAGCAACAGGGAATTCCTGG_009,127
CAGCAACAGGGAATTCCTGG_010,76
TGAACTGGATGCTAAACTTG_001,148
TGAACTGGATGCTAAACTTG_002,14
TGAACTGGATGCTAAACTTG_003,147
TGAACTGGATGCTAAACTTG_004,174
TGAACTGGATGCTAAACTTG_005,148
TGAACTGGATGCTAAACTTG_006,92
TGAACTGGATGCTAAACTTG_007,65
TGAACTGGATGCTAAACTTG_008,175
TGAGTCGCACAGCCGACTGT_001,4
TGAGTCGCACAGCCGACTGT_002,185
TGAGTCGCACAGCCGACTGT_003,54
TGAGTCGCACAGCCGACTGT_004,98
TGAGTCGCACAGCCGACTGT_005,90
TGAGTCGCACAGCCGACTGT_006,14
TTGTCATGCTGACATACCCA_001,29
TTGTCATGCTGACATACCCA_002,0
TTGTCATGCTGACATACCCA_003,71
TTGTCATGCTGACATACCCA_004,87
TTGTCATGCTGACATACCCA_005,182
TTGTCATGCTGACATACCCA_006,12
GTCCCCATGAATAAACGCGA_001,48
GTCCCCATGAATAAACGCGA_002,38
GTCCCCATGAATAAACGCGA_003,172
GTCCCCATGAATAAACGCGA_004,2
GTCCCCATGAATAAACGCGA_005,1
GGACCAAAAAAGATCCAGAC_001,160
GGACCAAAAAAGATCCAGAC_002,150
GGACCAAAAAAGATCCAGAC_003,81
GGACCAAAAAAGATCCAGAC_004,79
GGACCAAAAAAGATCCAGAC_005,2
TCGAGTGTGCTACTCAACTC_001,121
TCGAGTGTGCTACTCAACTC_002,83
TCGAGTGTGCTACTCAACTC_003,32
GTTACATTCTAAACATGATG_001,41
TTTCAGGCTTAATCCCGTAG_001,82
TTTCAGGCTTAATCCCGTAG_002,176
TTTCAGGCTTAATCCCGTAG_003,149
TTTCAGGCTTAATCCCGTAG_004,152
TTTCAGGCTTAATCCCGTAG_005,89
TTTCAGGCTTAATCCCGTAG_006,15
AGAGGACACGACTGAGCTAG_001,9
AGAGGACACGACTGAGCTAG_002,188
AGAGGACACGACTGAGCTAG_003,63
AGAGGACACGACTGAGCTAG_004,25
AGAGGACACGACTGAGCTAG_005,33
AGAGGACACGACTGAGCTAG_006,23
AGAGGACACGACTGAGCTAG_007,76
AGAGGACACGACTGAGCTAG_008,145
CTGGTGACACTGTAGGGTGC_001,192
CTGGTGACACTGTAGGGTGC_002,57
CTGGTGACACTGTAGGGTGC_003,102
GAGCCATCGGACTACAGCAA_001,115
GAGCCATCGGACTACAGCAA_002,78
GAGCCATCGGACTACAGCAA_003,1
GAGCCATCGGACTACAGCAA_004,28
GAGCCATCGGACTACAGCAA_005,1
GAGCCATCGGACTACAGCAA_006,174
GAGCCATCGGACTACAGCAA_007,186
GAGCCATCGGACTACAGCAA_008,4
GAGCCATCGGACTACAGCAA_009,39
GAGCCATCGGACTACAGCAA_010,144
ATCCAGGCTTGCATCGACAG_001,45
ATCCAGGCTTGCATCGACAG_002,133
ATCCAGGCTTGCATCGACAG_003,185
ATCCAGGCTTGCATCGACAG_004,84
ATCCAGGCTTGCATCGACAG_005,3
ATCCAGGCTTGCATCGACAG_006,36
ATCCAGGCTTGCATCGACAG_007,16
ATCCAGGCTTGCATCGACAG_008,172
ATCCAGGCTTGCATCGACAG_009,41
ATCCAGGCTTGCATCGACAG_010,176
GGAGCACTGAGCCGTCCAGG_001,94
GGAGCACTGAGCCGTCCAGG_002,68
GGAGCACTGAGCCGTCCAGG_003,107
GGAGCACTGAGCCGTCCAGG_004,65
GGAGCACTGAGCCGTCCAGG_005,176
GGAGCACTGAGCCGTCCAGG_006,16
GGAGCACTGAGCCGTCCAGG_007,76
GGAGCACTGAGCCGTCCAGG_008,161
GGAGCACTGAGCCGTCCAGG_009,138
GGAGCACTGAGCCGTCCAGG_010,137
GGAGCACTGAGCCGTCCAGG_011,107
GGAGCACTGAGCCGTCCAGG_012,141
GGAGCACTGAGCCGTCCAGG_013,44
GGAGCACTGAGCCGTCCAGG_014,182
GGAGCACTGAGCCGTCCAGG_015,105
GGAGCACTGAGCCGTCCAGG_016,121
GGAGCACTGAGCCGTCCAGG_017,115
GGAGCACTGAGCCGTCCAGG_018,134
GGAGCACTGAGCCGTCCAGG_019,12
GGAGCACTGAGCCGTCCAGG_020,158
GGAGCACTGAGCCGTCCAGG_021,102
GGAGCACTGAGCCGTCCAGG_022,81
GGAGCACTGAGCCGTCCAGG_023,180
GGAGCACTGAGCCGTCCAGG_024,6
GGAGCACTGAGCCGTCCAGG_025,3
GGAGCACTGAGCCGTCCAGG_026,26
GGAGCACTGAGCCGTCCAGG_027,66
GGAGCACTGAGCCGTCCAGG_028,129
TGGTCAGGACCAAGTAGGAG_001,1
TGGTCAGGACCAAGTAGGAG_002,75
TGGTCAGGACCAAGTAGGAG_003,2
TGGTCAGGACCAAGTAGGAG_004,11
TGGTCAGGACCAAGTAGGAG_005,62
TGGTCAGGACCAAGTAGGAG_006,63
ACTTTGGCATAGCATTCATG_001,113
AGCAGGGAATCACCCTGCGC_001,113
AGCAGGGAATCACCCTGCGC_002,163
AGCAGGGAATCACCCTGCGC_003,12
AGCAGGGAATCACCCTGCGC_004,169
AGCAGGGAATCACCCTGCGC_005,42
AGCAGGGAATCACCCTGCGC_006,183
AGCAGGGAATCACCCTGCGC_007,30
AGCAGGGAATCACCCTGCGC_008,192
AGCAGGGAATCACCCTGCGC_009,170
AGCAGGGAATCACCCTGCGC_010,19
AGCAGGGAATCACCCTGCGC_011,16
AGCAGGGAATCACCCTGCGC_012,187
AGCAGGGAATCACCCTGCGC_013,31
AGCAGGGAATCACCCTGCGC_014,137
TGAGCAACTCATCACAGGCA_001,49
TGAGCAACTCATCACAGGCA_002,92
TGAGCAACTCATCACAGGCA_003,194
CTGTGGAATAAGCCATTGGT_001,68
CTGTGGAATAAGCCATTGGT_002,1
CTGTGGAATAAGCCATTGGT_003,81
CTGTGGAATAAGCCATTGGT_004,11
CTGTGGAATAAGCCATTGGT_005,128
CTGTGGAATAAGCCATTGGT_006,106
CTGTGGAATAAGCCATTGGT_007,87
TGTCGCGCAGAACTTTGCGG_001,183
TGTCGCGCAGAACTTTGCGG_002,199
TGTCGCGCAGAACTTTGCGG_003,107
TGTCGCGCAGAACTTTGCGG_004,148
TGTCGCGCAGAACTTTGCGG_005,126
TGTCGCGCAGAACTTTGCGG_006,135
TGTCGCGCAGAACTTTGCGG_007,107
TGTCGCGCAGAACTTTGCGG_008,185
TGTCGCGCAGAACTTTGCGG_009,173
TGTCGCGCAGAACTTTGCGG_010,83
TGTCGCGCAGAACTTTGCGG_011,16
TGTCGCGCAGAACTTTGCGG_012,191
TGTCGCGCAGAACTTTGCGG_013,103
CAGCGGAAGCTACTTCGTCA_001,84
CAGCGGAAGCTACTTCGTCA_002,49
CAGCGGAAGCTACTTCGTCA_003,43
CAGCGGAAGCTACTTCGTCA_004,57
CAGCGGAAGCTACTTCGTCA_005,138
CAGCGGAAGCTACTTCGTCA_006,162
CAGCGGAAGCTACTTCGTCA_007,36
CAGCGGAAGCTACTTCGTCA_008,110
CAGCGGAAGCTACTTCGTCA_009,33
CAGCGGAAGCTACTTCGTCA_010,160
CAGCGGAAGCTACTTCGTCA_011,48
CAGCGGAAGCTACTTCGTCA_012,164
CAGCGGAAGCTACTTCGTCA_013,177
CAGCGGAAGCTACTTCGTCA_014,88
CAGCGGAAGCTACTTCGTCA_015,147
CAGCGGAAGCTACTTCGTCA_016,136
CAGCGGAAGCTACTTCGTCA_017,8
CAGCGGAAGCTACTTCGTCA_018,65
CAGCGGAAGCTACTTCGTCA_019,82
CAGCGGAAGCTACTTCGTCA_020,101
CAGCGGAAGCTACTTCGTCA_021,107
CAGCGGAAGCTACTTCGTCA_022,169
CAGCGGAAGCTACTTCGTCA_023,52
CAGCGGAAGCTACTTCGTCA_024,133
CAGCGGAAGCTACTTCGTCA_025,165
GCCGTGTTGCTGGATACGCC_001,127
GCCGTGTTGCTGGATACGCC_002,74
GCCGTGTTGCTGGATACGCC_003,168
GCCGTGTTGCTGGATACGCC_004,39
GCCGTGTTGCTGGATACGCC_005,150
GCCGTGTTGCTGGATACGCC_006,13
GCCGTGTTGCTGGATACGCC_007,191
GCCGTGTTGCTGGATACGCC_008,147
GCCGTGTTGCTGGATACGCC_009,60
GCCGTGTTGCTGGATACGCC_010,25
GCCGTGTTGCTGGATACGCC_011,3
GCCGTGTTGCTGGATACGCC_012,21
GCCGTGTTGCTGGATACGCC_013,101
GCCGTGTTGCTGGATACGCC_014,175
GCCGTGTTGCTGGATACGCC_015,160
GCCGTGTTGCTGGATACGCC_016,7
GCCGTGTTGCTGGATACGCC_017,94
GCCGTGTTGCTGGATACGCC_018,15
GCCGTGTTGCTGGATACGCC_019,4
GCCGTGTTGCTGGATACGCC_020,193
GCCGTGTTGCTGGATACGCC_021,14
GCCGTGTTGCTGGATACGCC_022,88
GCCGTGTTGCTGGATACGCC_023,198
GCCGTGTTGCTGGATACGCC_024,198
GCCGTGTTGCTGGATACGCC_025,184
GCCGTGTTGCTGGATACGCC_026,29
GCCGTGTTGCTGGATACGCC_027,155
AGAATAAGGACAGCATCTTG_001,86
AGAATAAGGACAGCATCTTG_002,175
AGAATAAGGACAGCATCTTG_003,34
GGCGCTCGGATGCCTCATCG_001,147
GGCGCTCGGATGCCTCATCG_002,60
GGCGCTCGGATGCCTCATCG_003,111
GGCGCTCGGATGCCTCATCG_004,48
GGCGCTCGGATGCCTCATCG_005,75
GGCGCTCGGATGCCTCATCG_006,162
GGCGCTCGGATGCCTCATCG_007,38
GGCGCTCGGATGCCTCATCG_008,50
GGCGCTCGGATGCCTCATCG_009,44
GGCGCTCGGATGCCTCATCG_010,149
GGCGCTCGGATGCCTCATCG_011,140
GGCGCTCGGATGCCTCATCG_012,50
GGCGCTCGGATGCCTCATCG_013,188
GGCGCTCGGATGCCTCATCG_014,184
GGCGCTCGGATGCCTCATCG_015,82
GGCGCTCGGATGCCTCATCG_016,166
TGAGTTACAAACGTCCACAA_001,76
TGAGTTACAAACGTCCACAA_002,61
TGAGTTACAAACGTCCACAA_003,49
TGAGTTACAAACGTCCACAA_004,0
TGAGTTACAAACGTCCACAA_005,58
TGAGTTACAAACGTCCACAA_006,138
TCAAGTACTACACCAAAATG_001,77
TCAAGTACTACACCAAAATG_002,104
TCAAGTACTACACCAAAATG_003,70
TCAAGTACTACACCAAAATG_004,170
TCAAGTACTACACCAAAATG_005,7
TCAAGTACTACACCAAAATG_006,27
TCAAGTACTACACCAAAATG_007,85
TCAAGTACTACACCAAAATG_008,114
TCAAGTACTACACCAAAATG_009,63
TCAAGTACTACACCAAAATG_010,94
TCAAGTACTACACCAAAATG_011,52
TCAAGTACTACACCAAAATG_012,82
CAGGCACTTCCAGTACCATG_001,149
CAGGCACTTCCAGTACCATG_002,17
CAGGCACTTCCAGTACCATG_003,184
CAGGCACTTCCAGTACCATG_004,102
CAGGCACTTCCAGTACCATG_005,129
CAGGCACTTCCAGTACCATG_006,91
CAGGCACTTCCAGTACCATG_007,188
CAGGCACTTCCAGTACCATG_008,72
CAGGCACTTCCAGTACCATG_009,176
CAGGCACTTCCAGTACCATG_010,29
CAGGCACTTCCAGTACCATG_011,113
CAGGCACTTCCAGTACCATG_012,26
CAGGCACTTCCAGTACCATG_013,102
AAAACGCAAGATAGACCAGG_001,116
AAAACGCAAGATAGACCAGG_002,169
AAAACGCAAGATAGACCAGG_003,160
AAAACGCAAGATAGACCAGG_004,43
AAAACGCAAGATAGACCAGG_005,186
AAAACGCAAGATAGACCAGG_006,183
AAAACGCAAGATAGACCAGG_007,2
AAAACGCAAGATAGACCAGG_008,163
AAAACGCAAGATAGACCAGG_009,30
AAAACGCAAGATAGACCAGG_010,126
AAAACGCAAGATAGACCAGG_011,191
AAAACGCAAGATAGACCAGG_012,70
AAAACGCAAGATAGACCAGG_013,172
AAAACGCAAGATAGACCAGG_014,29
AAAACGCAAGATAGACCAGG_015,48
AAAACGCAAGATAGACCAGG_016,188
GCTTCACCAGTCAAACAGCA_001,196
GCTTCACCAGTCAAACAGCA_002,185
GCTTCACCAGTCAAACAGCA_003,33
GCTTCACCAGTCAAACAGCA_004,154
GCTTCACCAGTCAAACAGCA_005,136
GCTTCACCAGTCAAACAGCA_006,74
TGTCTTACAACCGCATCCAG_001,58
TGTCTTACAACCGCATCCAG_002,82
TGTCTTACAACCGCATCCAG_003,43
TGTCTTACAACCGCATCCAG_004,25
TGTCTTACAACCGCATCCAG_005,190
TGTCTTACAACCGCATCCAG_006,169
GAGTTAGAGAAAAGATCGAG_001,184
GAGTTAGAGAAAAGATCGAG_002,107
GAGTTAGAGAAAAGATCGAG_003,64
GAGTTAGAGAAAAGATCGAG_004,121
TTAATCCTGTAAGGTTAAGT_001,136
TTAATCCTGTAAGGTTAAGT_002,127
TTAATCCTGTAAGGTTAAGT_003,113
TTCCCGTAGAGTACAAGTCA_001,0
TTCCCGTAGAGTACAAGTCA_002,194
TTCCCGTAGAGTACAAGTCA_003,58
TTCCCGTAGAGTACAAGTCA_004,60
TTCCCGTAGAGTACAAGTCA_005,49
TTCCCGTAGAGTACAAGTCA_006,171
TTCCCGTAGAGTACAAGTCA_007,51
TTCCCGTAGAGTACAAGTCA_008,147
TTCCCGTAGAGTACAAGTCA_009,52
TTCCCGTAGAGTACAAGTCA_010,117
TTCCCGTAGAGTACAAGTCA_011,123
TTCCCGTAGAGTACAAGTCA_012,188
TTCCCGTAGAGTACAAGTCA_013,88
TTCCCGTAGAGTACAAGTCA_014,49
TTCCCGTAGAGTACAAGTCA_015,131
TTCCCGTAGAGTACAAGTCA_016,102
TTCCCGTAGAGTACAAGTCA_017,180
TTCCCGTAGAGTACAAGTCA_018,10
TTCCCGTAGAGTACAAGTCA_019,124
TTCCCGTAGAGTACAAGTCA_020,50
TTCCCGTAGAGTACAAGTCA_021,194
GATGGCCGTCACATACAGCG_001,106
GATGGCCGTCACATACAGCG_002,94
GATGGCCGTCACATACAGCG_003,161
GATGGCCGTCACATACAGCG_004,56
GATGGCCGTCACATACAGCG_005,120
GATGGCCGTCACATACAGCG_006,12
GATGGCCGTCACATACAGCG_007,57
GATGGCCGTCACATACAGCG_008,41
GATGGCCGTCACATACAGCG_009,41
GATGGCCGTCACATACAGCG_010,115
GATGGCCGTCACATACAGCG_011,64
GATGGCCGTCACATACAGCG_012,172
GATGGCCGTCACATACAGCG_013,126
GATGGCCGTCACATACAGCG_014,33
GATGGCCGTCACATACAGCG_015,53
GATGGCCGTCACATACAGCG_016,78
ACAATACTTGGTGTTACGAA_001,77
ACAATACTTGGTGTTACGAA_002,112
ACAATACTTGGTGTTACGAA_003,182
GATCAGCTTCCCATCTTGCG_001,0
GATCAGCTTCCCATCTTGCG_002,138
GATCAGCTTCCCATCTTGCG_003,119
GATCAGCTTCCCATCTTGCG_004,80
GATCAGCTTCCCATCTTGCG_005,176
GATCAGCTTCCCATCTTGCG_006,157
TTTGGTAAACTTAGTCACGT_001,32
TTTGGTAAACTTAGTCACGT_002,159
TTTGGTAAACTTAGTCACGT_003,173
TTTGGTAAACTTAGTCACGT_004,173
TTTGGTAAACTTAGTCACGT_005,15
TTTGGTAAACTTAGTCACGT_006,29
TTTGGTAAACTTAGTCACGT_007,130
TTTGGTAAACTTAGTCACGT_008,137
TTTGGTAAACTTAGTCACGT_009,55
TTTGGTAAACTTAGTCACGT_010,194
TTTGGTAAACTTAGTCACGT_011,8
TTTGGTAAACTTAGTCACGT_012,15
TTTGGTAAACTTAGTCACGT_013,177
TTTGGTAAACTTAGTCACGT_014,137
TTTGGTAAACTTAGTCACGT_015,157
TTTGGTAAACTTAGTCACGT_016,198
TTTGGTAAACTTAGTCACGT_017,11
GGCTTTGGACAGCAGTCCCG_001,134
GGCTTTGGACAGCAGTCCCG_002,9
GGCTTTGGACAGCAGTCCCG_003,9
GGCTTTGGACAGCAGTCCCG_004,103
GGCTTTGGACAGCAGTCCCG_005,84
GGCTTTGGACAGCAGTCCCG_006,111
GGCTTTGGACAGCAGTCCCG_007,199
GGCTTTGGACAGCAGTCCCG_008,155
GGCTTTGGACAGCAGTCCCG_009,155
GGCTTTGGACAGCAGTCCCG_010,126
GGCTTTGGACAGCAGTCCCG_011,136
GGCTTTGGACAGCAGTCCCG_012,63
GGCTTTGGACAGCAGTCCCG_013,94
GGCTTTGGACAGCAGTCCCG_014,6
GGCTTTGGACAGCAGTCCCG_015,133
GGCTTTGGACAGCAGTCCCG_016,158
ATAACGATCATAAGACATGG_001,47
ATAACGATCATAAGACATGG_002,164
ATAACGATCATAAGACATGG_003,160
ATAACGATCATAAGACATGG_004,85
ATAACGATCATAAGACATGG_005,19
ATAACGATCATAAGACATGG_006,9
ATAACGATCATAAGACATGG_007,115
ATAACGATCATAAGACATGG_008,29
ATAACGATCATAAGACATGG_009,162
ATAACGATCATAAGACATGG_010,117
ATAACGATCATAAGACATGG_011,4
ATAACGATCATAAGACATGG_012,144
CCTTGTGTAAACTGGTTGGG_001,52
CCTTGTGTAAACTGGTTGGG_002,188
CCTTGTGTAAACTGGTTGGG_003,102
CCTTGTGTAAACTGGTTGGG_004,125
CCTTGTGTAAACTGGTTGGG_005,161
CCTTGTGTAAACTGGTTGGG_006,76
CCTTGTGTAAACTGGTTGGG_007,76
CCTTGTGTAAACTGGTTGGG_008,41
CCAGCAAATACATATCCCAC_001,15
CCAGCAAATACATATCCCAC_002,110
CCAGCAAATACATATCCCAC_003,182
TTGGCCTCATAATCTGCTAA_001,156
GTATTCCAGGAGCAAGCGGA_001,105
GTATTCCAGGAGCAAGCGGA_002,150
GTATTCCAGGAGCAAGCGGA_003,5
GTATTCCAGGAGCAAGCGGA_004,76
GTATTCCAGGAGCAAGCGGA_005,191
GTATTCCAGGAGCAAGCGGA_006,103
GTATTCCAGGAGCAAGCGGA_007,42
GTATTCCAGGAGCAAGCGGA_008,183
GTATTCCAGGAGCAAGCGGA_009,191
GTATTCCAGGAGCAAGCGGA_010,102
GTATTCCAGGAGCAAGCGGA_011,19
GAGAGGCGGTGCCTACATCG_001,47
GAGAGGCGGTGCCTACATCG_002,27
GAGAGGCGGTGCCTACATCG_003,34
GAGAGGCGGTGCCTACATCG_004,36
GAGAGGCGGTGCCTACATCG_005,58
GAGAGGCGGTGCCTACATCG_006,174
GAGAGGCGGTGCCTACATCG_007,112
GAGAGGCGGTGCCTACATCG_008,124
GAGAGGCGGTGCCTACATCG_009,162
GAGAGGCGGTGCCTACATCG_010,65
GAGAGGCGGTGCCTACATCG_011,168
GAGAGGCGGTGCCTACATCG_012,79
GAGAGGCGGTGCCTACATCG_013,50
GAGAGGCGGTGCCTACATCG_014,77
ACCCGAGCAAGTTCGGACCA_001,48
ACCCGAGCAAGTTCGGACCA_002,191
ACCCGAGCAAGTTCGGACCA_003,45
ACCCGAGCAAGTTCGGACCA_004,77
ACCCGAGCAAGTTCGGACCA_005,199
ACCCGAGCAAGTTCGGACCA_006,10
ACCCGAGCAAGTTCGGACCA_007,8
ACCCGAGCAAGTTCGGACCA_008,26
ACCCGAGCAAGTTCGGACCA_009,108
ACCCGAGCAAGTTCGGACCA_010,57
ACCCGAGCAAGTTCGGACCA_011,166
ACCCGAGCAAGTTCGGACCA_012,168
ACCCGAGCAAGTTCGGACCA_013,152
CACACCATAGAAGAGCCAGT_001,172
CACACCATAGAAGAGCCAGT_002,159
CACACCATAGAAGAGCCAGT_003,169
CACACCATAGAAGAGCCAGT_004,106
CACACCATAGAAGAGCCAGT_005,53
CACACCATAGAAGAGCCAGT_006,33
CACACCATAGAAGAGCCAGT_007,57
CACACCATAGAAGAGCCAGT_008,72
CACACCATAGAAGAGCCAGT_009,76
CACACCATAGAAGAGCCAGT_010,23
CACACCATAGAAGAGCCAGT_011,25
TCTAGCAGCTCCTCAATCAG_001,144
TCTAGCAGCTCCTCAATCAG_002,188
TCTAGCAGCTCCTCAATCAG_003,117
TCTAGCAGCTCCTCAATCAG_004,143
TCTAGCAGCTCCTCAATCAG_005,143
TCTAGCAGCTCCTCAATCAG_006,116
TCTAGCAGCTCCTCAATCAG_007,177
AAACATAAAGGAAAAGCGAA_001,127
AAACATAAAGGAAAAGCGAA_002,170
AAACATAAAGGAAAAGCGAA_003,160
AAACATAAAGGAAAAGCGAA_004,38
AAACATAAAGGAAAAGCGAA_005,61
AAACATAAAGGAAAAGCGAA_006,162
AAACATAAAGGAAAAGCGAA_007,58
AAACATAAAGGAAAAGCGAA_008,17
AAACATAAAGGAAAAGCGAA_009,73
AAACATAAAGGAAAAGCGAA_010,197
GCCAGGACAACCGCACCGTG_001,11
GCCAGGACAACCGCACCGTG_002,155
GCCAGGACAACCGCACCGTG_003,18
GCCAGGACAACCGCACCGTG_004,19
GCCAGGACAACCGCACCGTG_005,14
GCCAGGACAACCGCACCGTG_006,92
GCCAGGACAACCGCACCGTG_007,145
GCCAGGACAACCGCACCGTG_008,33
GCCAGGACAACCGCACCGTG_009,45
GCCAGGACAACCGCACCGTG_010,3
GCCAGGACAACCGCACCGTG_011,94
GCCAGGACAACCGCACCGTG_012,144
GCCAGGACAACCGCACCGTG_013,151
GCCAGGACAACCGCACCGTG_014,35
GCCAGGACAACCGCACCGTG_015,166
GCCAGGACAACCGCACCGTG_016,178
GCCAGGACAACCGCACCGTG_017,136
GCCAGGACAACCGCACCGTG_018,188
GCCAGGACAACCGCACCGTG_019,82
ACAGTTCTCCCTACATGACG_001,107
ACAGTTCTCCCTACATGACG_002,1
ACAGTTCTCCCTACATGACG_003,33
ACAGTTCTCCCTACATGACG_004,183
ACAGTTCTCCCTACATGACG_005,108
ACAGTTCTCCCTACATGACG_006,17
ACAGTTCTCCCTACATGACG_007,43
ACAGTTCTCCCTACATGACG_008,94
ACAGTTCTCCCTACATGACG_009,106
ACAGTTCTCCCTACATGACG_010,199
ACAGTTCTCCCTACATGACG_011,15
ACAGTTCTCCCTACATGACG_012,51
ACAGTTCTCCCTACATGACG_013,183
ACAGTTCTCCCTACATGACG_014,34
ACAGTTCTCCCTACATGACG_015,26
ACAGTTCTCCCTACATGACG_016,108
ACAGTTCTCCCTACATGACG_017,155
ACCAGCGTGGAGCAAGACAG_001,82
ACCAGCGTGGAGCAAGACAG_002,77
ACCAGCGTGGAGCAAGACAG_003,88
ACCAGCGTGGAGCAAGACAG_004,150
ACCAGCGTGGAGCAAGACAG_005,5
ACCAGCGTGGAGCAAGACAG_006,147
CACAAAATTCAGTGCAACCA_001,91
CATGCCTTCATGAAAGACAT_001,146
CATGCCTTCATGAAAGACAT_002,117
CATGCCTTCATGAAAGACAT_003,158
CATGCCTTCATGAAAGACAT_004,140
CATGCCTTCATGAAAGACAT_005,168
CATGCCTTCATGAAAGACAT_006,172
CATGCCTTCATGAAAGACAT_007,126
CATGCCTTCATGAAAGACAT_008,174
CATGCCTTCATGAAAGACAT_009,149
CATGCCTTCATGAAAGACAT_010,61
CATGCCTTCATGAAAGACAT_011,169
CATGCCTTCATGAAAGACAT_012,28
CATGCCTTCATGAAAGACAT_013,76
CATGCCTTCATGAAAGACAT_014,146
CATGCCTTCATGAAAGACAT_015,30
CCAAGTTTAAAAGAGCACGG_001,149
CCAAGTTTAAAAGAGCACGG_002,42
CCAAGTTTAAAAGAGCACGG_003,141
CCAAGTTTAAAAGAGCACGG_004,40
GCTGTCGCGCATCACGCCTG_001,196
GCTGTCGCGCATCACGCCTG_002,6
GCTGTCGCGCATCACGCCTG_003,197
GCTGTCGCGCATCACGCCTG_004,38
GCTGTCGCGCATCACGCCTG_005,173
GCTGTCGCGCATCACGCCTG_006,133
GCTGTCGCGCATCACGCCTG_007,70
GCTGTCGCGCATCACGCCTG_008,144
GCTGTCGCGCATCACGCCTG_009,166
GCTGTCGCGCATCACGCCTG_010,166
GCTGTCGCGCATCACGCCTG_011,166
AGGACATGAGCTATTGCCAG_001,17
AGGACATGAGCTATTGCCAG_002,166
AGGACATGAGCTATTGCCAG_003,181
AGGACATGAGCTATTGCCAG_004,129
AGGACATGAGCTATTGCCAG_005,195
AGGACATGAGCTATTGCCAG_006,120
AGGACATGAGCTATTGCCAG_007,69
AGGACATGAGCTATTGCCAG_008,14
AGGACATGAGCTATTGCCAG_009,171
AGGACATGAGCTATTGCCAG_010,16
CCGACCAGTCCAAGAGCCGG_001,159
CCGACCAGTCCAAGAGCCGG_002,75
CCGACCAGTCCAAGAGCCGG_003,133
GAAGCAGAACAAATCCTACA_001,94
GAAGCAGAACAAATCCTACA_002,15
GAAGCAGAACAAATCCTACA_003,149
GAAGCAGAACAAATCCTACA_004,94
GAAGCAGAACAAATCCTACA_005,60
GAAGCAGAACAAATCCTACA_006,4
AGCAAGGGCCGTAGTAGACG_001,60
AGCAAGGGCCGTAGTAGACG_002,147
AGCAAGGGCCGTAGTAGACG_003,161
AGCAAGGGCCGTAGTAGACG_004,8
CTGTCAACTCAAAGTCACGC_001,8
CTGTCAACTCAAAGTCACGC_002,43
CTGTCAACTCAAAGTCACGC_003,1
CTGTCAACTCAAAGTCACGC_004,13
CTGTCAACTCAAAGTCACGC_005,149
CGGATGATAGAGTTCAGCTC_001,185
CGGATGATAGAGTTCAGCTC_002,52
CGGATGATAGAGTTCAGCTC_003,129
CACGGCTGTACACACCCGAT_001,26
CACGGCTGTACACACCCGAT_002,194
CACGGCTGTACACACCCGAT_003,186
CACGGCTGTACACACCCGAT_004,105
CACATAGCGATCATATGACA_001,9
CACATAGCGATCATATGACA_002,61
ACAGGTGTAAGATAGGGTGG_001,62
ACAGGTGTAAGATAGGGTGG_002,146
ACAGGTGTAAGATAGGGTGG_003,61
ACAGGTGTAAGATAGGGTGG_004,65
GGGCATCAGTATAAAACACC_001,38
CCTAAGACATGGTCCGGCGA_001,117
TGTTTGGTAGGTCCTTGAAT_001,83
TGTTTGGTAGGTCCTTGAAT_002,169
TGTTTGGTAGGTCCTTGAAT_003,150
TGTTTGGTAGGTCCTTGAAT_004,197
TGTTTGGTAGGTCCTTGAAT_005,52
TGTTTGGTAGGTCCTTGAAT_006,25
TGTTTGGTAGGTCCTTGAAT_007,76
TGTTTGGTAGGTCCTTGAAT_008,80
TGTTTGGTAGGTCCTTGAAT_009,47
TGTTTGGTAGGTCCTTGAAT_010,154
TGTTTGGTAGGTCCTTGAAT_011,42
GCCACGGCGTAGGAGACCAC_001,188
GCCACGGCGTAGGAGACCAC_002,198
GCCACGGCGTAGGAGACCAC_003,122
GCCACGGCGTAGGAGACCAC_004,27
GCCACGGCGTAGGAGACCAC_005,138
GCCACGGCGTAGGAGACCAC_006,105
GCCACGGCGTAGGAGACCAC_007,91
GCCACGGCGTAGGAGACCAC_008,184
GCCACGGCGTAGGAGACCAC_009,125
GCCACGGCGTAGGAGACCAC_010,58
GCCACGGCGTAGGAGACCAC_011,158
GCCACGGCGTAGGAGACCAC_012,127
GCCACGGCGTAGGAGACCAC_013,141
GCCACGGCGTAGGAGACCAC_014,185
GCCACGGCGTAGGAGACCAC_015,17
GCCACGGCGTAGGAGACCAC_016,120
GCCACGGCGTAGGAGACCAC_017,46
GCCACGGCGTAGGAGACCAC_018,175
GCCACGGCGTAGGAGACCAC_019,115
GCCACGGCGTAGGAGACCAC_020,144
GCCACGGCGTAGGAGACCAC_021,52
GCCACGGCGTAGGAGACCAC_022,4
GCCACGGCGTAGGAGACCAC_023,118
GCCACGGCGTAGGAGACCAC_024,138
GCCACGGCGTAGGAGACCAC_025,176
GCCACGGCGTAGGAGACCAC_026,173
GCCACGGCGTAGGAGACCAC_027,166
GCCACGGCGTAGGAGACCAC_028,103
GCCACGGCGTAGGAGACCAC_029,35
GCCACGGCGTAGGAGACCAC_030,49
GCCACGGCGTAGGAGACCAC_031,168
GCCACGGCGTAGGAGACCAC_032,47
GCCACGGCGTAGGAGACCAC_033,85
GCCACGGCGTAGGAGACCAC_034,85
TAACCCTGTGATCACATGCA_001,184
TAACCCTGTGATCACATGCA_002,157
TAACCCTGTGATCACATGCA_003,66
TAACCCTGTGATCACATGCA_004,172
TAACCCTGTGATCACATGCA_005,137
TAACCCTGTGATCACATGCA_006,98
TAACCCTGTGATCACATGCA_007,91
TAACCCTGTGATCACATGCA_008,138
TAACCCTGTGATCACATGCA_009,3
TAACCCTGTGATCACATGCA_010,54
GAGCATAGAACAGACCTGAT_001,51
GAGCATAGAACAGACCTGAT_002,154
GAGCATAGAACAGACCTGAT_003,191
GAGCATAGAACAGACCTGAT_004,177
GAGCATAGAACAGACCTGAT_005,71
GAGCATAGAACAGACCTGAT_006,83
GAGCATAGAACAGACCTGAT_007,168
GAGCATAGAACAGACCTGAT_008,62
GTCATTGCCTCCGTACCAGT_001,43
GTCATTGCCTCCGTACCAGT_002,123
GTCATTGCCTCCGTACCAGT_003,182
GTCATTGCCTCCGTACCAGT_004,190
GTCATTGCCTCCGTACCAGT_005,30
GTCATTGCCTCCGTACCAGT_006,198
GGTGCGAAAAACGCACGATG_001,107
GGTGCGAAAAACGCACGATG_002,94
GGTGCGAAAAACGCACGATG_003,170
GGTGCGAAAAACGCACGATG_004,77
GGTGCGAAAAACGCACGATG_005,64
GGTGCGAAAAACGCACGATG_006,68
GGTGCGAAAAACGCACGATG_007,84
GGTGCGAAAAACGCACGATG_008,144
GGTGCGAAAAACGCACGATG_009,115
GGTGCGAAAAACGCACGATG_010,68
GGTGCGAAAAACGCACGATG_011,149
GGTGCGAAAAACGCACGATG_012,161
GGTGCGAAAAACGCACGATG_013,108
GGTGCGAAAAACGCACGATG_014,115
GGTGCGAAAAACGCACGATG_015,22
GGTGCGAAAAACGCACGATG_016,8
GGTGCGAAAAACGCACGATG_017,15
GGTGCGAAAAACGCACGATG_018,101
GGTGCGAAAAACGCACGATG_019,133
GGTGCGAAAAACGCACGATG_020,130
GGTGCGAAAAACGCACGATG_021,155
GGTGCGAAAAACGCACGATG_022,80
GGTGCGAAAAACGCACGATG_023,62
GTAGAAACTGTGGCACCTGG_001,150
GTAGAAACTGTGGCACCTGG_002,49
GTAGAAACTGTGGCACCTGG_003,195
GTAGAAACTGTGGCACCTGG_004,119
TGAGAGCCGAGTGTTAGTGG_001,170
TGAGAGCCGAGTGTTAGTGG_002,153
TGAGAGCCGAGTGTTAGTGG_003,77
TGAGAGCCGAGTGTTAGTGG_004,104
TGAGAGCCGAGTGTTAGTGG_005,91
ATGATCCTGAACATATACAA_001,160
ATGATCCTGAACATATACAA_002,176
ATGATCCTGAACATATACAA_003,32
ATGATCCTGAACATATACAA_004,9
ATGATCCTGAACATATACAA_005,197
ATGATCCTGAACATATACAA_006,40
ATGATCCTGAACATATACAA_007,44
ATGATCCTGAACATATACAA_008,48
ATGATCCTGAACATATACAA_009,78
TTTGCTAGCCAAAAGGTATG_001,16
TTTGCTAGCCAAAAGGTATG_002,136
TTTGCTAGCCAAAAGGTATG_003,102
TTTGCTAGCCAAAAGGTATG_004,113
TTTGCTAGCCAAAAGGTATG_005,48
TTTGCTAGCCAAAAGGTATG_006,58
TTTGCTAGCCAAAAGGTATG_007,74
TTTGCTAGCCAAAAGGTATG_008,197
TTTGCTAGCCAAAAGGTATG_009,63
TTTGCTAGCCAAAAGGTATG_010,199
ATTTAGGGTATGGCCTCGGA_001,137
ATTTAGGGTATGGCCTCGGA_002,50
GGATCATAAAGAAGACGGCG_001,89
GGATCATAAAGAAGACGGCG_002,174
GGATCATAAAGAAGACGGCG_003,9
GGATCATAAAGAAGACGGCG_004,94
GGATCATAAAGAAGACGGCG_005,61
GGATCATAAAGAAGACGGCG_006,97
GGATCATAAAGAAGACGGCG_007,45
GGATCATAAAGAAGACGGCG_008,42
GGATCATAAAGAAGACGGCG_009,40
GGTGGCAGTCGCAAAACAGG_001,195
AAGACACTTTGGTTCGTGAG_001,44
AAGACACTTTGGTTCGTGAG_002,38
AAGACACTTTGGTTCGTGAG_003,107
AAGACACTTTGGTTCGTGAG_004,57
AAGACACTTTGGTTCGTGAG_005,97
AAGACACTTTGGTTCGTGAG_006,49
AAGACACTTTGGTTCGTGAG_007,147
AAGACACTTTGGTTCGTGAG_008,148
AAGACACTTTGGTTCGTGAG_009,188
AAGACACTTTGGTTCGTGAG_010,138
AAGACACTTTGGTTCGTGAG_011,168
AAGACACTTTGGTTCGTGAG_012,170
GTTGTTTGAGAACATCGGGA_001,9
GTTGTTTGAGAACATCGGGA_002,17
GTTGTTTGAGAACATCGGGA_003,50
GTTGTTTGAGAACATCGGGA_004,10
ATGGGTTACCCAGACCGACC_001,54
ATGGGTTACCCAGACCGACC_002,6
ATGGGTTACCCAGACCGACC_003,146
ATGGGTTACCCAGACCGACC_004,181
ATGGGTTACCCAGACCGACC_005,76
ATGGGTTACCCAGACCGACC_006,193
ATGGGTTACCCAGACCGACC_007,8
ATGGGTTACCCAGACCGACC_008,149
ATGGGTTACCCAGACCGACC_009,1
ATGGGTTACCCAGACCGACC_010,184
ATGGGTTACCCAGACCGACC_011,7
ATGGGTTACCCAGACCGACC_012,196
ATGGGTTACCCAGACCGACC_013,97
ATGGGTTACCCAGACCGACC_014,88
AAGCGCTGGGTCAAGTACGA_001,198
AAGCGCTGGGTCAAGTACGA_002,150
AAGCGCTGGGTCAAGTACGA_003,70
AAGCGCTGGGTCAAGTACGA_004,41
AAGCGCTGGGTCAAGTACGA_005,88
AAGCGCTGGGTCAAGTACGA_006,56
AAGCGCTGGGTCAAGTACGA_007,16
AAGCGCTGGGTCAAGTACGA_008,1
AAGCGCTGGGTCAAGTACGA_009,170
AAGCGCTGGGTCAAGTACGA_010,144
AAGCGCTGGGTCAAGTACGA_011,176
AAGCGCTGGGTCAAGTACGA_012,106
AAGCGCTGGGTCAAGTACGA_013,25
AAGCGCTGGGTCAAGTACGA_014,196
AAGCGCTGGGTCAAGTACGA_015,196
AAGCGCTGGGTCAAGTACGA_016,44
AAGCGCTGGGTCAAGTACGA_017,169
AAGCGCTGGGTCAAGTACGA_018,137
AAGCGCTGGGTCAAGTACGA_019,127
AAGCGCTGGGTCAAGTACGA_020,127
AAGCGCTGGGTCAAGTACGA_021,185
AAGCGCTGGGTCAAGTACGA_022,88
AAGCGCTGGGTCAAGTACGA_023,66
AAGCGCTGGGTCAAGTACGA_024,68
AAGCGCTGGGTCAAGTACGA_025,118
AAGCGCTGGGTCAAGTACGA_026,161
AAGCGCTGGGTCAAGTACGA_027,91
AAGCGCTGGGTCAAGTACGA_028,69
AAGCGCTGGGTCAAGTACGA_029,146
AAGCGCTGGGTCAAGTACGA_030,13
AAGCGCTGGGTCAAGTACGA_031,96
AAGCGCTGGGTCAAGTACGA_032,146
AAGCGCTGGGTCAAGTACGA_033,101
AAGCGCTGGGTCAAGTACGA_034,119
AAGCGCTGGGTCAAGTACGA_035,132
AAGCGCTGGGTCAAGTACGA_036,191
AAGCGCTGGGTCAAGTACGA_037,150
AAGCGCTGGGTCAAGTACGA_038,15
AAGCGCTGGGTCAAGTACGA_039,55
AAGCGCTGGGTCAAGTACGA_040,60
AAGCGCTGGGTCAAGTACGA_041,78
AAGCGCTGGGTCAAGTACGA_042,39
AAGCGCTGGGTCAAGTACGA_043,120
AAGCGCTGGGTCAAGTACGA_044,152
AAGCGCTGGGTCAAGTACGA_045,137
AAGCGCTGGGTCAAGTACGA_046,114
AAGCGCTGGGTCAAGTACGA_047,63
AAGCGCTGGGTCAAGTACGA_048,191
AAGCGCTGGGTCAAGTACGA_049,159
AATGCTTCACCCATACAACA_001,150
AATGCTTCACCCATACAACA_002,169
AATGCTTCACCCATACAACA_003,40
AATGCTTCACCCATACAACA_004,174
GCGCTCTCGACACTATGCGA_001,14
GCGCTCTCGACACTATGCGA_002,102
GCGCTCTCGACACTATGCGA_003,19
GCGCTCTCGACACTATGCGA_004,149
GCGCTCTCGACACTATGCGA_005,187
GCGCTCTCGACACTATGCGA_006,40
TGATGAGATGCAGTTGTGCG_001,155
TGATGAGATGCAGTTGTGCG_002,12
TGATGAGATGCAGTTGTGCG_003,197
TGCTGCTGATGGCGACAATG_001,95
TGCTGCTGATGGCGACAATG_002,145
TGCTGCTGATGGCGACAATG_003,199
TGCTGCTGATGGCGACAATG_004,16
TGCTGCTGATGGCGACAATG_005,113
TGCTGCTGATGGCGACAATG_006,117
TGCTGCTGATGGCGACAATG_007,15
TGCTGCTGATGGCGACAATG_008,5
TGCTGCTGATGGCGACAATG_009,112
TGCTGCTGATGGCGACAATG_010,147
TGCTGCTGATGGCGACAATG_011,184
TGCTGCTGATGGCGACAATG_012,78
TGCTGCTGATGGCGACAATG_013,19
TGCTGCTGATGGCGACAATG_014,56
TGCTGCTGATGGCGACAATG_015,137
CAAACCTGAATGCAAACCGT_001,15
CAAACCTGAATGCAAACCGT_002,30
CAAACCTGAATGCAAACCGT_003,23
CAAACCTGAATGCAAACCGT_004,23
CAAACCTGAATGCAAACCGT_005,15
CAAACCTGAATGCAAACCGT_006,170
GTAGCCAGGTTATCTGCGGA_001,23
GTAGCCAGGTTATCTGCGGA_002,121
GTAGCCAGGTTATCTGCGGA_003,8
GTAGCCAGGTTATCTGCGGA_004,110
GTAGCCAGGTTATCTGCGGA_005,159
GTAGCCAGGTTATCTGCGGA_006,185
TAAAGACCTGCTCAATAATG_001,99
TAAAGACCTGCTCAATAATG_002,95
TAAAGACCTGCTCAATAATG_003,22
TAAAGACCTGCTCAATAATG_004,124
TGTGTCATCGTAGAATACAG_001,69
TGTGTCATCGTAGAATACAG_002,46
TGTGTCATCGTAGAATACAG_003,183
CAACTATGTCATCAGTACGA_001,198
CAACTATGTCATCAGTACGA_002,170
CAACTATGTCATCAGTACGA_003,57
CAACTATGTCATCAGTACGA_004,175
CAGATGGAAACTGTCAAGCA_001,2
CAGATGGAAACTGTCAAGCA_002,67
CAGATGGAAACTGTCAAGCA_003,147
CAGATGGAAACTGTCAAGCA_004,158
CAGATGGAAACTGTCAAGCA_005,97
CAGATGGAAACTGTCAAGCA_006,146
CAGATGGAAACTGTCAAGCA_007,128
CAGATGGAAACTGTCAAGCA_008,14
CAGATGGAAACTGTCAAGCA_009,98
CAGATGGAAACTGTCAAGCA_010,140
CAGATGGAAACTGTCAAGCA_011,150
CAGATGGAAACTGTCAAGCA_012,111
CAGATGGAAACTGTCAAGCA_013,163
CAGATGGAAACTGTCAAGCA_014,60
CAGATGGAAACTGTCAAGCA_015,118
CAGATGGAAACTGTCAAGCA_016,118
CAGATGGAAACTGTCAAGCA_017,134
CCTGACAGATCATCAAAGCG_001,176
CCTGACAGATCATCAAAGCG_002,67
CCTGACAGATCATCAAAGCG_003,148
CCTGACAGATCATCAAAGCG_004,48
CCTGACAGATCATCAAAGCG_005,91
CCAGCGGAACACTGGAATGG_001,62
CCAGCGGAACACTGGAATGG_002,121
CCAGCGGAACACTGGAATGG_003,95
CCAGCGGAACACTGGAATGG_004,96
CCAGCGGAACACTGGAATGG_005,144
CCAGCGGAACACTGGAATGG_006,19
CCAGCGGAACACTGGAATGG_007,199
CCAGCGGAACACTGGAATGG_008,33
CCAGCGGAACACTGGAATGG_009,174
CCAGCGGAACACTGGAATGG_010,175
CCAGCGGAACACTGGAATGG_011,22
CCAGCGGAACACTGGAATGG_012,197
CCAGCGGAACACTGGAATGG_013,145
CCTGGGGCAATAACTCAATG_001,58
CCTGGGGCAATAACTCAATG_002,134
CCTGGGGCAATAACTCAATG_003,168
CCTGGGGCAATAACTCAATG_004,88
CCTGGGGCAATAACTCAATG_005,88
CCTGGGGCAATAACTCAATG_006,137
CCTGGGGCAATAACTCAATG_007,21
CCTGGGGCAATAACTCAATG_008,19
CCTGGGGCAATAACTCAATG_009,19
CCTGGGGCAATAACTCAATG_010,81
CCTGGGGCAATAACTCAATG_011,166
CCCTTGATAAGAATCTATCG_001,49
CCCTTGATAAGAATCTATCG_002,81
CCCTTGATAAGAATCTATCG_003,58
CCCTTGATAAGAATCTATCG_004,83
CCCTTGATAAGAATCTATCG_005,83
CCCTTGATAAGAATCTATCG_006,144
CGTGGAGCAGACTGTCCACG_001,8
CGTGGAGCAGACTGTCCACG_002,170
CGTGGAGCAGACTGTCCACG_003,4
CGTGGAGCAGACTGTCCACG_004,174
CGTGGAGCAGACTGTCCACG_005,11
CGTGGAGCAGACTGTCCACG_006,60
CGTGGAGCAGACTGTCCACG_007,115
CGTGGAGCAGACTGTCCACG_008,35
CGTGGAGCAGACTGTCCACG_009,106
CGTGGAGCAGACTGTCCACG_010,183
CGTGGAGCAGACTGTCCACG_011,187
CGTGGAGCAGACTGTCCACG_012,78
CGTGGAGCAGACTGTCCACG_013,28
CGTGGAGCAGACTGTCCACG_014,97
CGTGGAGCAGACTGTCCACG_015,97
CGTGGAGCAGACTGTCCACG_016,121
CGTGGAGCAGACTGTCCACG_017,98
GCAAATGTTACAGGTCCTGG_001,137
GCAAATGTTACAGGTCCTGG_002,14
GCAAATGTTACAGGTCCTGG_003,127
GCAAATGTTACAGGTCCTGG_004,146
GCAAATGTTACAGGTCCTGG_005,186
GCAAATGTTACAGGTCCTGG_006,186
GCAAATGTTACAGGTCCTGG_007,42
GCAAATGTTACAGGTCCTGG_008,111
TACTCTCTATCCGTACCGGG_001,191
TTCGGGTGGCCAGTCAAAGG_001,132
TTCGGGTGGCCAGTCAAAGG_002,157
CAGCAGCGTTCCAATGGACA_001,68
CAGCAGCGTTCCAATGGACA_002,1
CTGTCCCTCTCGGCACCATG_001,62
CTGTCCCTCTCGGCACCATG_002,32
CTGTCCCTCTCGGCACCATG_003,137
CTGTCCCTCTCGGCACCATG_004,23
CTGTCCCTCTCGGCACCATG_005,152
CTGTCCCTCTCGGCACCATG_006,102
CTGTCCCTCTCGGCACCATG_007,38
CTGTCCCTCTCGGCACCATG_008,21
CTGTCCCTCTCGGCACCATG_009,160
CTGTCCCTCTCGGCACCATG_010,114
CTGTCCCTCTCGGCACCATG_011,147
CTGTCCCTCTCGGCACCATG_012,188
CTGTCCCTCTCGGCACCATG_013,158
CTGTCCCTCTCGGCACCATG_014,104
CTGTCCCTCTCGGCACCATG_015,65
CTGTCCCTCTCGGCACCATG_016,8
CTGTCCCTCTCGGCACCATG_017,115
CTGTCCCTCTCGGCACCATG_018,165
CTGTCCCTCTCGGCACCATG_019,10
CTGTCCCTCTCGGCACCATG_020,175
CTGTCCCTCTCGGCACCATG_021,138
CTGTCCCTCTCGGCACCATG_022,98
CTGTCCCTCTCGGCACCATG_023,162
CTGTCCCTCTCGGCACCATG_024,6
CCAGACAACCAGGAGAACAG_001,177
CCAGACAACCAGGAGAACAG_002,140
CCAGACAACCAGGAGAACAG_003,199
CCAGACAACCAGGAGAACAG_004,19
CCAGACAACCAGGAGAACAG_005,35
CCAGACAACCAGGAGAACAG_006,97
CCGTCGCGTGCAAAGCTCAG_001,148
CCGTCGCGTGCAAAGCTCAG_002,147
CCGTCGCGTGCAAAGCTCAG_003,78
CCGTCGCGTGCAAAGCTCAG_004,51
CCGTCGCGTGCAAAGCTCAG_005,8
CCGTCGCGTGCAAAGCTCAG_006,29
CCGTCGCGTGCAAAGCTCAG_007,134
TTCCATCAAGAACGGCACAC_001,123
TTCCATCAAGAACGGCACAC_002,141
TTCCATCAAGAACGGCACAC_003,58
TTCCATCAAGAACGGCACAC_004,184
TTCCATCAAGAACGGCACAC_005,32
TTCCATCAAGAACGGCACAC_006,121
TTCCATCAAGAACGGCACAC_007,94
TTCCATCAAGAACGGCACAC_008,199
TTCCATCAAGAACGGCACAC_009,131
TTCCATCAAGAACGGCACAC_010,39
TTCCATCAAGAACGGCACAC_011,106
AGGGAGCGACAGCATAAACA_001,68
AGGGAGCGACAGCATAAACA_002,0
AGGGAGCGACAGCATAAACA_003,53
TGCTGGGGTAATACACAAGT_001,68
TGCTGGGGTAATACACAAGT_002,121
TTTCTCCTGCTGGATAGCTG_001,175
TTTCTCCTGCTGGATAGCTG_002,83
TTTCTCCTGCTGGATAGCTG_003,160
TTTCTCCTGCTGGATAGCTG_004,27
TTTCTCCTGCTGGATAGCTG_005,94
TTTCTCCTGCTGGATAGCTG_006,50
TTTCTCCTGCTGGATAGCTG_007,101
TTTCTCCTGCTGGATAGCTG_008,50
TTTCTCCTGCTGGATAGCTG_009,117
TTTCTCCTGCTGGATAGCTG_010,57
TTTCTCCTGCTGGATAGCTG_011,84
TTTCTCCTGCTGGATAGCTG_012,70
TTTCTCCTGCTGGATAGCTG_013,91
TTTCTCCTGCTGGATAGCTG_014,2
TTTCTCCTGCTGGATAGCTG_015,138
TTTCTCCTGCTGGATAGCTG_016,63
TTTCTCCTGCTGGATAGCTG_017,70
TGTCAGAGAAAACATCAGGG_001,169
TGTCAGAGAAAACATCAGGG_002,2
TGTCAGAGAAAACATCAGGG_003,48
TGTCAGAGAAAACATCAGGG_004,86
TGTCAGAGAAAACATCAGGG_005,78
TGTCAGAGAAAACATCAGGG_006,146
TGTCAGAGAAAACATCAGGG_007,112
TACCATTGCTGATTCCACAT_001,80
TACCATTGCTGATTCCACAT_002,151
TACCATTGCTGATTCCACAT_003,102
TACCATTGCTGATTCCACAT_004,35
TACCATTGCTGATTCCACAT_005,4
TACCATTGCTGATTCCACAT_006,15
TACCATTGCTGATTCCACAT_007,125
TACCATTGCTGATTCCACAT_008,184
TACCATTGCTGATTCCACAT_009,199
TACCATTGCTGATTCCACAT_010,130
CCTGATGACCCACTTGAGAG_001,76
CCTGATGACCCACTTGAGAG_002,119
GGCGTGTGGAGAGATCCGGA_001,32
GGCGTGTGGAGAGATCCGGA_002,81
GGCGTGTGGAGAGATCCGGA_003,154
GGCGTGTGGAGAGATCCGGA_004,105
GGCGTGTGGAGAGATCCGGA_005,16
GGCGTGTGGAGAGATCCGGA_006,170
TGGCTCTTCTCTGCTCATCG_001,150
TGGCTCTTCTCTGCTCATCG_002,81
CGAACAAGTTAGCCCCGCCG_001,90
CGAACAAGTTAGCCCCGCCG_002,68
CGAACAAGTTAGCCCCGCCG_003,77
GGATGAGGACAATCATGCCA_001,113
GGATGAGGACAATCATGCCA_002,152
GGATGAGGACAATCATGCCA_003,178
GGATGAGGACAATCATGCCA_004,47
AATGCAGAAGAGGCTATGGA_001,112
AATGCAGAAGAGGCTATGGA_002,116
AATGCAGAAGAGGCTATGGA_003,29
AATGCAGAAGAGGCTATGGA_004,27
AATGCAGAAGAGGCTATGGA_005,130
AATGCAGAAGAGGCTATGGA_006,154
AATGCAGAAGAGGCTATGGA_007,62
AATGCAGAAGAGGCTATGGA_008,149
AATGCAGAAGAGGCTATGGA_009,194
AATGCAGAAGAGGCTATGGA_010,116
AATGCAGAAGAGGCTATGGA_011,170
AATGCAGAAGAGGCTATGGA_012,58
AATGCAGAAGAGGCTATGGA_013,25
AATGCAGAAGAGGCTATGGA_014,15
AATGCAGAAGAGGCTATGGA_015,135
AATGCAGAAGAGGCTATGGA_016,149
AATGCAGAAGAGGCTATGGA_017,55
AATGCAGAAGAGGCTATGGA_018,72
AATGCAGAAGAGGCTATGGA_019,72
AATGCAGAAGAGGCTATGGA_020,5
AATGCAGAAGAGGCTATGGA_021,19
AATGCAGAAGAGGCTATGGA_022,41
AATGCAGAAGAGGCTATGGA_023,48
AATGCAGAAGAGGCTATGGA_024,102
AATGCAGAAGAGGCTATGGA_025,168
AATGCAGAAGAGGCTATGGA_026,158
AATGCAGAAGAGGCTATGGA_027,51
AATGCAGAAGAGGCTATGGA_028,192
AATGCAGAAGAGGCTATGGA_029,103
AATGCAGAAGAGGCTATGGA_030,39
AATGCAGAAGAGGCTATGGA_031,168
TACAGGCCAGGCTTAGCACA_001,164
TACAGGCCAGGCTTAGCACA_002,134
TACAGGCCAGGCTTAGCACA_003,4
TACAGGCCAGGCTTAGCACA_004,169
TTTGTCCTTGCCCGAAGATG_001,189
TTTGTCCTTGCCCGAAGATG_002,4
TTTGTCCTTGCCCGAAGATG_003,88
TTTGTCCTTGCCCGAAGATG_004,88
TTTGTCCTTGCCCGAAGATG_005,149
TTTGTCCTTGCCCGAAGATG_006,163
AGTTAAGCTGCATAACCTCG_001,101
AGTTAAGCTGCATAACCTCG_002,55
TGACACAACTAAACTCACTG_001,161
TGACACAACTAAACTCACTG_002,13
TGACACAACTAAACTCACTG_003,114
TGACACAACTAAACTCACTG_004,114
TGACACAACTAAACTCACTG_005,1
TGACACAACTAAACTCACTG_006,175
TGACACAACTAAACTCACTG_007,0
TGACACAACTAAACTCACTG_008,100
TGACACAACTAAACTCACTG_009,162
TGACACAACTAAACTCACTG_010,88
TGACACAACTAAACTCACTG_011,192
TGACACAACTAAACTCACTG_012,84
TGACACAACTAAACTCACTG_013,97
TGACACAACTAAACTCACTG_014,155
TGACACAACTAAACTCACTG_015,146
TGACACAACTAAACTCACTG_016,110
TGACACAACTAAACTCACTG_017,61
TGACACAACTAAACTCACTG_018,58
TGACACAACTAAACTCACTG_019,114
TGACACAACTAAACTCACTG_020,103
TGACACAACTAAACTCACTG_021,88
TGACACAACTAAACTCACTG_022,13
TGACACAACTAAACTCACTG_023,76
TGACACAACTAAACTCACTG_024,94
TGACACAACTAAACTCACTG_025,107
TGACACAACTAAACTCACTG_026,165
TGACACAACTAAACTCACTG_027,70
TGACACAACTAAACTCACTG_028,88
TGACACAACTAAACTCACTG_029,169
TGACACAACTAAACTCACTG_030,83
TGACACAACTAAACTCACTG_031,166
TGACACAACTAAACTCACTG_032,57
TGATGAGCTCTAAATATCGG_001,190
GACACCTGTTACAGTAGACA_001,141
GACACCTGTTACAGTAGACA_002,141
GACACCTGTTACAGTAGACA_003,27
GACACCTGTTACAGTAGACA_004,16
GACACCTGTTACAGTAGACA_005,43
CCTCACTTACCATGGAAAGC_001,149
CCTCACTTACCATGGAAAGC_002,33
CTGAGAGGGCTGAGGCACGC_001,185
CTGAGAGGGCTGAGGCACGC_002,130
CTGAGAGGGCTGAGGCACGC_003,134
CTGAGAGGGCTGAGGCACGC_004,157
CTGAGAGGGCTGAGGCACGC_005,145
TGTCACGGACATGTTGAGCT_001,163
TGTCACGGACATGTTGAGCT_002,1
TGTCACGGACATGTTGAGCT_003,170
TGTCACGGACATGTTGAGCT_004,28
TGTCACGGACATGTTGAGCT_005,77
AGACCTAGATGGGTTCCCCG_001,85
AGACCTAGATGGGTTCCCCG_002,15
AGACCTAGATGGGTTCCCCG_003,126
AGACCTAGATGGGTTCCCCG_004,28
GAGCGAACACGAACCATCCA_001,82
GAGCGAACACGAACCATCCA_002,89
GAGCGAACACGAACCATCCA_003,127
GAGCGAACACGAACCATCCA_004,184
GAGCGAACACGAACCATCCA_005,166
GAGCGAACACGAACCATCCA_006,186
GAGCGAACACGAACCATCCA_007,50
CGGAAAAGTCCCGCTTACGA_001,166
GCAACCATGACAATATACTG_001,191
GCAACCATGACAATATACTG_002,174
AGCCAGGCTCCGAAGCAAGG_001,42
AGCCAGGCTCCGAAGCAAGG_002,5
AGCCAGGCTCCGAAGCAAGG_003,26
AGCCAGGCTCCGAAGCAAGG_004,115
AGCCAGGCTCCGAAGCAAGG_005,149
AGCCAGGCTCCGAAGCAAGG_006,169
AGCCAGGCTCCGAAGCAAGG_007,69
AGCCAGGCTCCGAAGCAAGG_008,153
ATTCTGGAATATGCTCCAAG_001,121
ATTCTGGAATATGCTCCAAG_002,31
ATTCTGGAATATGCTCCAAG_003,168
TGAGGGTGTTGATTTCTCCA_001,191
TGAGGGTGTTGATTTCTCCA_002,62
TGAGGGTGTTGATTTCTCCA_003,27
TGAGGGTGTTGATTTCTCCA_004,191
TGAGGGTGTTGATTTCTCCA_005,170
TGAGGGTGTTGATTTCTCCA_006,153
TGAGGGTGTTGATTTCTCCA_007,40
TTCCATCGATCAAGTCTTCG_001,5
TTCCATCGATCAAGTCTTCG_002,153
TTCCATCGATCAAGTCTTCG_003,156
TTCCATCGATCAAGTCTTCG_004,32
TTCCATCGATCAAGTCTTCG_005,165
TTCCATCGATCAAGTCTTCG_006,31
TTCCATCGATCAAGTCTTCG_007,192
TTCCATCGATCAAGTCTTCG_008,150
GTAAAGGCAACTACGCAGAG_001,9
GTAAAGGCAACTACGCAGAG_002,68
GTAAAGGCAACTACGCAGAG_003,9
GTAAAGGCAACTACGCAGAG_004,169
GTAAAGGCAACTACGCAGAG_005,67
GTAAAGGCAACTACGCAGAG_006,170
GTAAAGGCAACTACGCAGAG_007,145
GTAAAGGCAACTACGCAGAG_008,61
GTAAAGGCAACTACGCAGAG_009,169
GTAAAGGCAACTACGCAGAG_010,153
GTAAAGGCAACTACGCAGAG_011,18
GTAAAGGCAACTACGCAGAG_012,113
TGGACGAGATCGCCATCCTG_001,48
TGGACGAGATCGCCATCCTG_002,76
AGAAGATGCACTTCACCATA_001,102
AGAAGATGCACTTCACCATA_002,132
AGAAGATGCACTTCACCATA_003,139
AGAAGATGCACTTCACCATA_004,49
AGAAGATGCACTTCACCATA_005,154
AGAAGATGCACTTCACCATA_006,141
AGAAGATGCACTTCACCATA_007,140
AGAAGATGCACTTCACCATA_008,146
AGAAGATGCACTTCACCATA_009,140
AGAAGATGCACTTCACCATA_010,189
AGAAGATGCACTTCACCATA_011,140
AGAAGATGCACTTCACCATA_012,83
AGAAGATGCACTTCACCATA_013,98
AGAAGATGCACTTCACCATA_014,3
AGAAGATGCACTTCACCATA_015,147
AGAAGATGCACTTCACCATA_016,92
AGAAGATGCACTTCACCATA_017,130
ACTCACATTTGGATGAGCGG_001,84
ACTCACATTTGGATGAGCGG_002,169
ACTCACATTTGGATGAGCGG_003,106
ACTCACATTTGGATGAGCGG_004,40
ACTCACATTTGGATGAGCGG_005,2
ACTCACATTTGGATGAGCGG_006,77
ACTCACATTTGGATGAGCGG_007,102
ACTCACATTTGGATGAGCGG_008,50
ACTCACATTTGGATGAGCGG_009,24
ACTCACATTTGGATGAGCGG_010,35
ACTCACATTTGGATGAGCGG_011,150
ACTCACATTTGGATGAGCGG_012,54
ACTCACATTTGGATGAGCGG_013,29
ACTCACATTTGGATGAGCGG_014,1
ACTCACATTTGGATGAGCGG_015,99
ACTCACATTTGGATGAGCGG_016,187
AGTCTCCTCATAAATCAAAC_001,53
AGTCTCCTCATAAATCAAAC_002,197
AGTCTCCTCATAAATCAAAC_003,178
AGTCTCCTCATAAATCAAAC_004,153
TGAGAAATGTCAAACTAGCA_001,72
TGAGAAATGTCAAACTAGCA_002,14
TGAGAAATGTCAAACTAGCA_003,113
GCCCCCCAGACAACCTACAG_001,19
GCCCCCCAGACAACCTACAG_002,77
GCCCCCCAGACAACCTACAG_003,19
GCCCCCCAGACAACCTACAG_004,130
GCCCCCCAGACAACCTACAG_005,37
GCCCCCCAGACAACCTACAG_006,68
GCCCCCCAGACAACCTACAG_007,3
GCCCCCCAGACAACCTACAG_008,130
GCCCCCCAGACAACCTACAG_009,79
GCCCCCCAGACAACCTACAG_010,2
GCCCCCCAGACAACCTACAG_011,145
GCCCCCCAGACAACCTACAG_012,75
GCCCCCCAGACAACCTACAG_013,110
GCCCCCCAGACAACCTACAG_014,18
GCCCCCCAGACAACCTACAG_015,40
GCCCCCCAGACAACCTACAG_016,121
GCCCCCCAGACAACCTACAG_017,160
GCCCCCCAGACAACCTACAG_018,187
GCCCCCCAGACAACCTACAG_019,96
GCCCCCCAGACAACCTACAG_020,117
GCCCCCCAGACAACCTACAG_021,140
GCCCCCCAGACAACCTACAG_022,95
GCCCCCCAGACAACCTACAG_023,8
GCCCCCCAGACAACCTACAG_024,137
GCCCCCCAGACAACCTACAG_025,107
GCCCCCCAGACAACCTACAG_026,140
GCCCCCCAGACAACCTACAG_027,180
GCCCCCCAGACAACCTACAG_028,48
GCCCCCCAGACAACCTACAG_029,175
GCCCCCCAGACAACCTACAG_030,29
GCCCCCCAGACAACCTACAG_031,72
CAAAGCAGAAACCCTCATGC_001,127
CAAAGCAGAAACCCTCATGC_002,80
CAAAGCAGAAACCCTCATGC_003,183
CAAAGCAGAAACCCTCATGC_004,8
CAAAGCAGAAACCCTCATGC_005,166
CAAAGCAGAAACCCTCATGC_006,27
CAAAGCAGAAACCCTCATGC_007,106
CAAAGCAGAAACCCTCATGC_008,115
CAAAGCAGAAACCCTCATGC_009,150
CAAAGCAGAAACCCTCATGC_010,102
GACATGTAGGAGAACGTGTG_001,120
GACATGTAGGAGAACGTGTG_002,189
GACATGTAGGAGAACGTGTG_003,147
GACATGTAGGAGAACGTGTG_004,151
GACATGTAGGAGAACGTGTG_005,86
GACATGTAGGAGAACGTGTG_006,63
GACATGTAGGAGAACGTGTG_007,19
GACATGTAGGAGAACGTGTG_008,89
GACATGTAGGAGAACGTGTG_009,82
GACATGTAGGAGAACGTGTG_010,36
GACATGTAGGAGAACGTGTG_011,178
GACATGTAGGAGAACGTGTG_012,2
GACATGTAGGAGAACGTGTG_013,67
GACATGTAGGAGAACGTGTG_014,103
GACATGTAGGAGAACGTGTG_015,177
GACATGTAGGAGAACGTGTG_016,118
GACATGTAGGAGAACGTGTG_017,165
GACATGTAGGAGAACGTGTG_018,84
GACATGTAGGAGAACGTGTG_019,118
GACATGTAGGAGAACGTGTG_020,15
GACATGTAGGAGAACGTGTG_021,63
CGCTTAGCAAAGACTAGAGA_001,168
CGCTTAGCAAAGACTAGAGA_002,27
GTGTGGATGGGAAATAGCAG_001,157
GTGTGGATGGGAAATAGCAG_002,94
GTGTGGATGGGAAATAGCAG_003,78
GTGTGGATGGGAAATAGCAG_004,141
GTGTGGATGGGAAATAGCAG_005,138
GTGTGGATGGGAAATAGCAG_006,184
GTGTGGATGGGAAATAGCAG_007,89
GTGTGGATGGGAAATAGCAG_008,158
GTGTGGATGGGAAATAGCAG_009,33
GTGTGGATGGGAAATAGCAG_010,199
GTGTGGATGGGAAATAGCAG_011,183
GTGTGGATGGGAAATAGCAG_012,23
GTGTGGATGGGAAATAGCAG_013,42
GTGTGGATGGGAAATAGCAG_014,114
GTGTGGATGGGAAATAGCAG_015,160
ATGTTCTTCCGTCAACTCTG_001,188
ATGTTCTTCCGTCAACTCTG_002,169
ATGTTCTTCCGTCAACTCTG_003,105
ATGTTCTTCCGTCAACTCTG_004,146
ATGTTCTTCCGTCAACTCTG_005,119
ATGTTCTTCCGTCAACTCTG_006,82
ATGTTCTTCCGTCAACTCTG_007,125
ATGTTCTTCCGTCAACTCTG_008,145
ATGTTCTTCCGTCAACTCTG_009,61
ATGTTCTTCCGTCAACTCTG_010,151
ATGTTCTTCCGTCAACTCTG_011,188
ATGTTCTTCCGTCAACTCTG_012,188
ATGTTCTTCCGTCAACTCTG_013,125
ATGTTCTTCCGTCAACTCTG_014,17
ATGTTCTTCCGTCAACTCTG_015,105
ATGTTCTTCCGTCAACTCTG_016,166
ATGTTCTTCCGTCAACTCTG_017,51
ATGTTCTTCCGTCAACTCTG_018,184
ATGTTCTTCCGTCAACTCTG_019,162
ATGTTCTTCCGTCAACTCTG_020,98
ATGTTCTTCCGTCAACTCTG_021,94
ATGTTCTTCCGTCAACTCTG_022,160
ATGTTCTTCCGTCAACTCTG_023,168
CGGCGTGCGCAGCGTCACCG_001,88
CGGCGTGCGCAGCGTCACCG_002,45
CGGCGTGCGCAGCGTCACCG_003,119
CGGCGTGCGCAGCGTCACCG_004,88
CGGCGTGCGCAGCGTCACCG_005,155
ATCTGCGCCCCATGTAAGGT_001,96
ATCTGCGCCCCATGTAAGGT_002,161
ATCTGCGCCCCATGTAAGGT_003,145
ATCTGCGCCCCATGTAAGGT_004,146
ATCTGCGCCCCATGTAAGGT_005,82
ATCTGCGCCCCATGTAAGGT_006,29
ATCTGCGCCCCATGTAAGGT_007,144
ATCTGCGCCCCATGTAAGGT_008,48
ATCTGCGCCCCATGTAAGGT_009,98
ATCTGCGCCCCATGTAAGGT_010,190
ATCTGCGCCCCATGTAAGGT_011,172
ATCTGCGCCCCATGTAAGGT_012,127
ATCTGCGCCCCATGTAAGGT_013,12
ATCTGCGCCCCATGTAAGGT_014,50
ATCTGCGCCCCATGTAAGGT_015,15
ATCTGCGCCCCATGTAAGGT_016,117
ATCTGCGCCCCATGTAAGGT_017,182
ATCTGCGCCCCATGTAAGGT_018,58
ATCTGCGCCCCATGTAAGGT_019,155
ATCTGCGCCCCATGTAAGGT_020,70
ATCTGCGCCCCATGTAAGGT_021,0
TGAACATGAGCATGGTACTG_001,28
TGAACATGAGCATGGTACTG_002,199
TGAACATGAGCATGGTACTG_003,41
TGAACATGAGCATGGTACTG_004,139
TGAACATGAGCATGGTACTG_005,152
TGAACATGAGCATGGTACTG_006,138
TGAACATGAGCATGGTACTG_007,19
TGAACATGAGCATGGTACTG_008,3
TGAACATGAGCATGGTACTG_009,15
TGAACATGAGCATGGTACTG_010,58
TGAACATGAGCATGGTACTG_011,56
TGAACATGAGCATGGTACTG_012,102
ATATTCAAGGAGATGACCGA_001,0
ATATTCAAGGAGATGACCGA_002,81
ATATTCAAGGAGATGACCGA_003,179
ATATTCAAGGAGATGACCGA_004,94
ATAGAGCCGATAAAGGGGTA_001,34
ATAGAGCCGATAAAGGGGTA_002,183
ATAGAGCCGATAAAGGGGTA_003,183
ATAGAGCCGATAAAGGGGTA_004,49
ATAGAGCCGATAAAGGGGTA_005,178
GAAGAAAATGATGATTACGA_001,35
ATCAGCGTTCAAATTCTCAG_001,0
ATCAGCGTTCAAATTCTCAG_002,160
GAGAACTTAATCGTTCCTGG_001,1
GAGAACTTAATCGTTCCTGG_002,73
GAGGTGAAGTCATGGTCCCT_001,152
GAGGTGAAGTCATGGTCCCT_002,23
GAGGTGAAGTCATGGTCCCT_003,12
GAGGTGAAGTCATGGTCCCT_004,32
GAGGTGAAGTCATGGTCCCT_005,188
GAGGTGAAGTCATGGTCCCT_006,49
GAGGTGAAGTCATGGTCCCT_007,60
GAGGTGAAGTCATGGTCCCT_008,177
GAGGTGAAGTCATGGTCCCT_009,164
GCTGTACCCGCTCATCATTG_001,162
GCTGTACCCGCTCATCATTG_002,198
GCTGTACCCGCTCATCATTG_003,122
GCTGTACCCGCTCATCATTG_004,175
GCTGTACCCGCTCATCATTG_005,150
GCTGTACCCGCTCATCATTG_006,88
GCTGTACCCGCTCATCATTG_007,9
TGACAGTGACTATGTATCCG_001,194
TGACAGTGACTATGTATCCG_002,169
TGACAGTGACTATGTATCCG_003,143
TGACAGTGACTATGTATCCG_004,26
TGCCCATAACTACCTAAGAG_001,147
TGCCCATAACTACCTAAGAG_002,63
TGCCCATAACTACCTAAGAG_003,63
TGGTCGACGTACATCTGATG_001,138
TGGTCGACGTACATCTGATG_002,41
ACGGTTATGGTCTCATGGGG_001,119
ACGGTTATGGTCTCATGGGG_002,76
ACGGTTATGGTCTCATGGGG_003,37
ACGGTTATGGTCTCATGGGG_004,19
ACGGTTATGGTCTCATGGGG_005,184
ACGGTTATGGTCTCATGGGG_006,165
ACGGTTATGGTCTCATGGGG_007,3
ACGGTTATGGTCTCATGGGG_008,13
TGGAACAGAAGAAGTTACTG_001,44
TGGAACAGAAGAAGTTACTG_002,48
TGGAACAGAAGAAGTTACTG_003,189
TGGAACAGAAGAAGTTACTG_004,124
TGGAACAGAAGAAGTTACTG_005,88
TGGAACAGAAGAAGTTACTG_006,174
TGGAACAGAAGAAGTTACTG_007,31
TGGAACAGAAGAAGTTACTG_008,37
TGGAACAGAAGAAGTTACTG_009,188
TGGAACAGAAGAAGTTACTG_010,17
GTAGATTTACCAACACTCCA_001,70
GTAGATTTACCAACACTCCA_002,107
GTAGATTTACCAACACTCCA_003,150
GTAGATTTACCAACACTCCA_004,70
GTAGATTTACCAACACTCCA_005,81
GTAGATTTACCAACACTCCA_006,149
GTAGATTTACCAACACTCCA_007,198
GTAGATTTACCAACACTCCA_008,21
GTAGATTTACCAACACTCCA_009,197
GTAGATTTACCAACACTCCA_010,55
GTAGATTTACCAACACTCCA_011,5
GTAGATTTACCAACACTCCA_012,104
TCTGATTTAGGGGAAATACG_001,29
TCTGATTTAGGGGAAATACG_002,146
TCTGATTTAGGGGAAATACG_003,121
AGTTCTATGACCATCTCCTG_001,121
AGTTCTATGACCATCTCCTG_002,193
AGTTCTATGACCATCTCCTG_003,29
TCCAGATACAATCTGTCTCA_001,53
TCCAGATACAATCTGTCTCA_002,121
TCCAGATACAATCTGTCTCA_003,127
TCCAGATACAATCTGTCTCA_004,17
ATCACAGGCAGCATCGCCGA_001,56
ATCACAGGCAGCATCGCCGA_002,157
ATCACAGGCAGCATCGCCGA_003,66
ATCACAGGCAGCATCGCCGA_004,40
ATCACAGGCAGCATCGCCGA_005,118
ATCACAGGCAGCATCGCCGA_006,129
ATCACAGGCAGCATCGCCGA_007,42
ATCACAGGCAGCATCGCCGA_008,176
ATCACAGGCAGCATCGCCGA_009,130
ATCACAGGCAGCATCGCCGA_010,29
ATCACAGGCAGCATCGCCGA_011,19
TCTTCCCCGAGCAATCCAAG_001,72
TCTTCCCCGAGCAATCCAAG_002,76
TCTTCCCCGAGCAATCCAAG_003,58
TCTTCCCCGAGCAATCCAAG_004,160
TCTTCCCCGAGCAATCCAAG_005,129
TCTTCCCCGAGCAATCCAAG_006,156
TCTTCCCCGAGCAATCCAAG_007,130
TGCTTCCAGTACCTAAACCG_001,164
TGCTTCCAGTACCTAAACCG_002,167
TGCTTCCAGTACCTAAACCG_003,172
TGCTTCCAGTACCTAAACCG_004,135
TGCTTCCAGTACCTAAACCG_005,97
TGCTTCCAGTACCTAAACCG_006,126
TGCTTCCAGTACCTAAACCG_007,186
TGCTTCCAGTACCTAAACCG_008,192
TGCTTCCAGTACCTAAACCG_009,185
TGCTTCCAGTACCTAAACCG_010,5
TGCTTCCAGTACCTAAACCG_011,127
TGCTTCCAGTACCTAAACCG_012,82
TGCTTCCAGTACCTAAACCG_013,9
TGCTTCCAGTACCTAAACCG_014,56
TGCTTCCAGTACCTAAACCG_015,13
TGCTTCCAGTACCTAAACCG_016,142
TGCTTCCAGTACCTAAACCG_017,117
TGCTTCCAGTACCTAAACCG_018,108
TGCTTCCAGTACCTAAACCG_019,161
TGCTTCCAGTACCTAAACCG_020,103
TGCTTCCAGTACCTAAACCG_021,39
TCTTTCACCTGAAAGCCGCG_001,22
TCTTTCACCTGAAAGCCGCG_002,25
TCTTTCACCTGAAAGCCGCG_003,52
AATGACCTTTATGTTATAGG_001,108
AATGACCTTTATGTTATAGG_002,52
AATGACCTTTATGTTATAGG_003,63
AATGACCTTTATGTTATAGG_004,84
AATGACCTTTATGTTATAGG_005,110
AATGACCTTTATGTTATAGG_006,169
AATGACCTTTATGTTATAGG_007,188
AATGACCTTTATGTTATAGG_008,115
AATGCTGCCAAAGATATGAA_001,13
GTTCCTCGTAGGTCCACTCG_001,101
GTTCCTCGTAGGTCCACTCG_002,134
GTTCCTCGTAGGTCCACTCG_003,1
GTTCCTCGTAGGTCCACTCG_004,110
GTTCCTCGTAGGTCCACTCG_005,40
GTTCCTCGTAGGTCCACTCG_006,27
GGGGCGGGGGCTCACCAGAA_001,23
GGGGCGGGGGCTCACCAGAA_002,105
GGGGCGGGGGCTCACCAGAA_003,149
GGGGCGGGGGCTCACCAGAA_004,168
GGGGCGGGGGCTCACCAGAA_005,175
GGGGCGGGGGCTCACCAGAA_006,110
GGGGCGGGGGCTCACCAGAA_007,117
GGGGCGGGGGCTCACCAGAA_008,82
GGGGCGGGGGCTCACCAGAA_009,22
GGGGCGGGGGCTCACCAGAA_010,162
GGGGCGGGGGCTCACCAGAA_011,15
GGGGCGGGGGCTCACCAGAA_012,146
GGGGCGGGGGCTCACCAGAA_013,31
GGGGCGGGGGCTCACCAGAA_014,194
GGGGCGGGGGCTCACCAGAA_015,176
GGGGCGGGGGCTCACCAGAA_016,63
GGGGCGGGGGCTCACCAGAA_017,156
GGGGCGGGGGCTCACCAGAA_018,141
GGGGCGGGGGCTCACCAGAA_019,77
GGGGCGGGGGCTCACCAGAA_020,141
CATTGACGTTGTGGAAAGTG_001,153
CATTGACGTTGTGGAAAGTG_002,141
GTCCACGAGCGAGTGTGACG_001,116
GTCCACGAGCGAGTGTGACG_002,144
GTCCACGAGCGAGTGTGACG_003,62
GTCCACGAGCGAGTGTGACG_004,17
GTCCACGAGCGAGTGTGACG_005,20
GTCCACGAGCGAGTGTGACG_006,44
GTCCACGAGCGAGTGTGACG_007,177
GTCCACGAGCGAGTGTGACG_008,12
GTCCACGAGCGAGTGTGACG_009,66
GTCCACGAGCGAGTGTGACG_010,179
GTCCACGAGCGAGTGTGACG_011,155
GTCCACGAGCGAGTGTGACG_012,36
GTCCACGAGCGAGTGTGACG_013,147
GTCCACGAGCGAGTGTGACG_014,73
GTCCACGAGCGAGTGTGACG_015,42
GTCCACGAGCGAGTGTGACG_016,197
GTCCACGAGCGAGTGTGACG_017,72
GTCCACGAGCGAGTGTGACG_018,106
GTCCACGAGCGAGTGTGACG_019,105
GTCCACGAGCGAGTGTGACG_020,57
GTCCACGAGCGAGTGTGACG_021,40
GTCCACGAGCGAGTGTGACG_022,34
GTCCACGAGCGAGTGTGACG_023,115
GTCCACGAGCGAGTGTGACG_024,56
GTCCACGAGCGAGTGTGACG_025,149
GGAGGCAAAATGTGTGCAAG_001,166
GGAGGCAAAATGTGTGCAAG_002,117
GGAGGCAAAATGTGTGCAAG_003,12
GGAGGCAAAATGTGTGCAAG_004,163
GGAGGCAAAATGTGTGCAAG_005,180
GGAGGCAAAATGTGTGCAAG_006,43
GGAGGCAAAATGTGTGCAAG_007,105
GGAGGCAAAATGTGTGCAAG_008,196
GGAGGCAAAATGTGTGCAAG_009,117
GGAGGCAAAATGTGTGCAAG_010,88
GGAGGCAAAATGTGTGCAAG_011,31
GGAGGCAAAATGTGTGCAAG_012,69
GGAGGCAAAATGTGTGCAAG_013,151
GGAGGCAAAATGTGTGCAAG_014,11
GGAGGCAAAATGTGTGCAAG_015,37
GGAGGCAAAATGTGTGCAAG_016,12
GGAGGCAAAATGTGTGCAAG_017,118
GGAGGCAAAATGTGTGCAAG_018,107
GGAGGCAAAATGTGTGCAAG_019,21
ACCTTCACTGTGTTCGCCGG_001,27
ACCTTCACTGTGTTCGCCGG_002,5
ACCTTCACTGTGTTCGCCGG_003,106
ACCTTCACTGTGTTCGCCGG_004,166
ACCTTCACTGTGTTCGCCGG_005,37
ACCTTCACTGTGTTCGCCGG_006,178
ACCTTCACTGTGTTCGCCGG_007,45
ACCTTCACTGTGTTCGCCGG_008,2
ACCTTCACTGTGTTCGCCGG_009,107
ACCTTCACTGTGTTCGCCGG_010,199
ACCTTCACTGTGTTCGCCGG_011,78
ACCTTCACTGTGTTCGCCGG_012,150
ACCTTCACTGTGTTCGCCGG_013,158
ACCTTCACTGTGTTCGCCGG_014,184
ACCTTCACTGTGTTCGCCGG_015,197
ACCTTCACTGTGTTCGCCGG_016,40
ACCTTCACTGTGTTCGCCGG_017,174
ACCTTCACTGTGTTCGCCGG_018,52
ACCTTCACTGTGTTCGCCGG_019,43
ACCTTCACTGTGTTCGCCGG_020,29
ACCTTCACTGTGTTCGCCGG_021,137
GGGTTGCTGGGCAACCGATG_001,43
GGGTTGCTGGGCAACCGATG_002,149
GGGTTGCTGGGCAACCGATG_003,146
GGGTTGCTGGGCAACCGATG_004,9
GGGTTGCTGGGCAACCGATG_005,172
GGGTTGCTGGGCAACCGATG_006,133
GGGTTGCTGGGCAACCGATG_007,190
AGATCTGCAAGAGGAAGCCG_001,138
AGATCTGCAAGAGGAAGCCG_002,185
AGATCTGCAAGAGGAAGCCG_003,130
AGATCTGCAAGAGGAAGCCG_004,6
AGATCTGCAAGAGGAAGCCG_005,77
AGATCTGCAAGAGGAAGCCG_006,84
AGATCTGCAAGAGGAAGCCG_007,9
AGATCTGCAAGAGGAAGCCG_008,93
AGATCTGCAAGAGGAAGCCG_009,195
AGATCTGCAAGAGGAAGCCG_010,30
AGATCTGCAAGAGGAAGCCG_011,85
AGATCTGCAAGAGGAAGCCG_012,160
AGATCTGCAAGAGGAAGCCG_013,118
AGATCTGCAAGAGGAAGCCG_014,194
AGATCTGCAAGAGGAAGCCG_015,178
AGATCTGCAAGAGGAAGCCG_016,2
AGATCTGCAAGAGGAAGCCG_017,145
AGATCTGCAAGAGGAAGCCG_018,0
AGATCTGCAAGAGGAAGCCG_019,10
AGATCTGCAAGAGGAAGCCG_020,106
AGATCTGCAAGAGGAAGCCG_021,130
AGATCTGCAAGAGGAAGCCG_022,46
AGCGCGCGTAGAAGTCCACC_001,198
AGCGCGCGTAGAAGTCCACC_002,68
AGCGCGCGTAGAAGTCCACC_003,199
CATCTTCTACTGGATGAGTA_001,116
CATCTTCTACTGGATGAGTA_002,27
CATCTTCTACTGGATGAGTA_003,56
CATCTTCTACTGGATGAGTA_004,146
CATCTTCTACTGGATGAGTA_005,62
CATCTTCTACTGGATGAGTA_006,126
CATCTTCTACTGGATGAGTA_007,59
CATCTTCTACTGGATGAGTA_008,61
CATCTTCTACTGGATGAGTA_009,141
CATCTTCTACTGGATGAGTA_010,197
CATCTTCTACTGGATGAGTA_011,94
CATCTTCTACTGGATGAGTA_012,115
CATCTTCTACTGGATGAGTA_013,147
CCAAGTTACTTAGGCCACAG_001,16
CCAAGTTACTTAGGCCACAG_002,118
CCAAGTTACTTAGGCCACAG_003,101
CCAAGTTACTTAGGCCACAG_004,4
CCAAGTTACTTAGGCCACAG_005,18
CGACATCTTCGAACGCATCG_001,94
CGACATCTTCGAACGCATCG_002,62
CGACATCTTCGAACGCATCG_003,70
CGACATCTTCGAACGCATCG_004,177
CGACATCTTCGAACGCATCG_005,65
CGACATCTTCGAACGCATCG_006,60
CGACATCTTCGAACGCATCG_007,166
CGACATCTTCGAACGCATCG_008,113
CGACATCTTCGAACGCATCG_009,19
CGACATCTTCGAACGCATCG_010,156
CGACATCTTCGAACGCATCG_011,48
CGACATCTTCGAACGCATCG_012,146
CGACATCTTCGAACGCATCG_013,10
CGACATCTTCGAACGCATCG_014,142
CGACATCTTCGAACGCATCG_015,162
GCGAGAGGCCGAGTACGCCG_001,112
GCGAGAGGCCGAGTACGCCG_002,177
GCGAGAGGCCGAGTACGCCG_003,128
GCGAGAGGCCGAGTACGCCG_004,128
GCGAGAGGCCGAGTACGCCG_005,167
GCGAGAGGCCGAGTACGCCG_006,102
GCGAGAGGCCGAGTACGCCG_007,182
GCGAGAGGCCGAGTACGCCG_008,2
GCGAGAGGCCGAGTACGCCG_009,108
GCGAGAGGCCGAGTACGCCG_010,128
GCGAGAGGCCGAGTACGCCG_011,50
GCGAGAGGCCGAGTACGCCG_012,58
GCGAGAGGCCGAGTACGCCG_013,197
GCGAGAGGCCGAGTACGCCG_014,103
GCGAGAGGCCGAGTACGCCG_015,41
GCGAGAGGCCGAGTACGCCG_016,121
GCGAGAGGCCGAGTACGCCG_017,13
TTTGTAGCTGAGCACCAGCA_001,48
TTTGTAGCTGAGCACCAGCA_002,113
TTTGTAGCTGAGCACCAGCA_003,34
TTTGTAGCTGAGCACCAGCA_004,198
TTTGTAGCTGAGCACCAGCA_005,129
TTTGTAGCTGAGCACCAGCA_006,98
TTTGTAGCTGAGCACCAGCA_007,52
TTTGTAGCTGAGCACCAGCA_008,78
TTTGTAGCTGAGCACCAGCA_009,97
GAGAACAATGTTCCAGAAGG_001,84
GAGAACAATGTTCCAGAAGG_002,113
GAGAACAATGTTCCAGAAGG_003,7
GAGAACAATGTTCCAGAAGG_004,110
GAGAACAATGTTCCAGAAGG_005,132
GAGAACAATGTTCCAGAAGG_006,34
GAGAACAATGTTCCAGAAGG_007,23
GAGAACAATGTTCCAGAAGG_008,23
ACATCAACCACCCCATCGGT_001,162
ACATCAACCACCCCATCGGT_002,150
ACATCAACCACCCCATCGGT_003,0
ACATCAACCACCCCATCGGT_004,82
ACATCAACCACCCCATCGGT_005,107
ACATCAACCACCCCATCGGT_006,94
ACATCAACCACCCCATCGGT_007,19
ACATCAACCACCCCATCGGT_008,142
ACATCAACCACCCCATCGGT_009,123
ACATCAACCACCCCATCGGT_010,63
AATCCCCGCAACAACATGTG_001,165
AATCCCCGCAACAACATGTG_002,169
AATCCCCGCAACAACATGTG_003,141
AATCCCCGCAACAACATGTG_004,180
AATCCCCGCAACAACATGTG_005,80
AATCCCCGCAACAACATGTG_006,117
AATCCCCGCAACAACATGTG_007,147
AATCCCCGCAACAACATGTG_008,105
AATCCCCGCAACAACATGTG_009,41
AATCCCCGCAACAACATGTG_010,129
AATCCCCGCAACAACATGTG_011,169
AATCCCCGCAACAACATGTG_012,98
AATCCCCGCAACAACATGTG_013,171
AATCCCCGCAACAACATGTG_014,12
AATCCCCGCAACAACATGTG_015,58
AATCCCCGCAACAACATGTG_016,84
AATCCCCGCAACAACATGTG_017,149
AATCCCCGCAACAACATGTG_018,140
AATCCCCGCAACAACATGTG_019,173
AATCCCCGCAACAACATGTG_020,198
AATCCCCGCAACAACATGTG_021,14
AATCCCCGCAACAACATGTG_022,56
AATCCCCGCAACAACATGTG_023,145
AATCCCCGCAACAACATGTG_024,9
AATCCCCGCAACAACATGTG_025,184
AATCCCCGCAACAACATGTG_026,198
AATCCCCGCAACAACATGTG_027,177
AATCCCCGCAACAACATGTG_028,17
AGGTGGACAAACGACGCACG_001,183
AGGTGGACAAACGACGCACG_002,58
AGGTGGACAAACGACGCACG_003,127
AGGTGGACAAACGACGCACG_004,102
AGGTGGACAAACGACGCACG_005,133
AGGTGGACAAACGACGCACG_006,127
AGGTGGACAAACGACGCACG_007,19
AGGTGGACAAACGACGCACG_008,19
AGGTGGACAAACGACGCACG_009,190
AGGTGGACAAACGACGCACG_010,72
AGGTGGACAAACGACGCACG_011,141
AGGTGGACAAACGACGCACG_012,136
AGGTGGACAAACGACGCACG_013,156
AGGTGGACAAACGACGCACG_014,147
AGGTGGACAAACGACGCACG_015,43
AGGTGGACAAACGACGCACG_016,96
AGGTGGACAAACGACGCACG_017,183
AGGTGGACAAACGACGCACG_018,179
AGGTGGACAAACGACGCACG_019,188
AGGTGGACAAACGACGCACG_020,199
AGGTGGACAAACGACGCACG_021,199
TATTTTGACTTGACGCAGGC_001,128
TATTTTGACTTGACGCAGGC_002,162
TATTTTGACTTGACGCAGGC_003,197
TATTTTGACTTGACGCAGGC_004,191
TATTTTGACTTGACGCAGGC_005,74
TATTTTGACTTGACGCAGGC_006,68
TATTTTGACTTGACGCAGGC_007,19
TATTTTGACTTGACGCAGGC_008,158
TATTTTGACTTGACGCAGGC_009,19
TATTTTGACTTGACGCAGGC_010,188
TATTTTGACTTGACGCAGGC_011,63
TATTTTGACTTGACGCAGGC_012,188
CCCCAGCAGGTAATCCGGGA_001,85
CCCCAGCAGGTAATCCGGGA_002,137
CCCCAGCAGGTAATCCGGGA_003,178
CCCCAGCAGGTAATCCGGGA_004,36
CCCCAGCAGGTAATCCGGGA_005,22
CCCCAGCAGGTAATCCGGGA_006,89
GAGATCCGGGACAAATGTGG_001,12
GAGATCCGGGACAAATGTGG_002,175
GAGATCCGGGACAAATGTGG_003,151
GAGATCCGGGACAAATGTGG_004,151
GAGATCCGGGACAAATGTGG_005,85
GAGATCCGGGACAAATGTGG_006,85
GAGATCCGGGACAAATGTGG_007,65
GAGATCCGGGACAAATGTGG_008,65
GAGATCCGGGACAAATGTGG_009,51
GAGATCCGGGACAAATGTGG_010,94
GAGATCCGGGACAAATGTGG_011,46
GAGATCCGGGACAAATGTGG_012,169
GAGATCCGGGACAAATGTGG_013,94
GAGATCCGGGACAAATGTGG_014,79
TGAGGGTGCTGACCCACGAT_001,43
TGAGGGTGCTGACCCACGAT_002,161
TGAGGGTGCTGACCCACGAT_003,1
TGAGGGTGCTGACCCACGAT_004,5
TGAGGGTGCTGACCCACGAT_005,150
TGAGGGTGCTGACCCACGAT_006,4
GATATCCTGTTCGCCTGTCG_001,61
ACTCCGTCAGCTCGTTAGAA_001,181
ACTCCGTCAGCTCGTTAGAA_002,41
GAGATGCCTTCTCGTGCCGT_001,30
GAGATGCCTTCTCGTGCCGT_002,188
GAGATGCCTTCTCGTGCCGT_003,27
GAGATGCCTTCTCGTGCCGT_004,78
GAGATGCCTTCTCGTGCCGT_005,20
AGGTTGAGTCATTAGCCAGC_001,81
AGGTTGAGTCATTAGCCAGC_002,60
AGGTTGAGTCATTAGCCAGC_003,188
AGGTTGAGTCATTAGCCAGC_004,113
AGGTTGAGTCATTAGCCAGC_005,35
AGGTTGAGTCATTAGCCAGC_006,7
AGGTTGAGTCATTAGCCAGC_007,114
AGGTTGAGTCATTAGCCAGC_008,176
AGGTTGAGTCATTAGCCAGC_009,8
AGGTTGAGTCATTAGCCAGC_010,115
AGGTTGAGTCATTAGCCAGC_011,50
AGGTTGAGTCATTAGCCAGC_012,28
AGGTTGAGTCATTAGCCAGC_013,136
AGGTTGAGTCATTAGCCAGC_014,147
AGGTTGAGTCATTAGCCAGC_015,12
AGGTTGAGTCATTAGCCAGC_016,184
AGGTTGAGTCATTAGCCAGC_017,148
AGGTTGAGTCATTAGCCAGC_018,174
AGGTTGAGTCATTAGCCAGC_019,146
AGGTTGAGTCATTAGCCAGC_020,146
AGGTTGAGTCATTAGCCAGC_021,144
AGGTTGAGTCATTAGCCAGC_022,142
GGTGTCCGCCTCGTGCTCGG_001,58
GGTGTCCGCCTCGTGCTCGG_002,174
GGTGTCCGCCTCGTGCTCGG_003,92
GGTGTCCGCCTCGTGCTCGG_004,194
GGTGTCCGCCTCGTGCTCGG_005,154
GGTGTCCGCCTCGTGCTCGG_006,31
GGTGTCCGCCTCGTGCTCGG_007,156
GGTGTCCGCCTCGTGCTCGG_008,156
GGTGTCCGCCTCGTGCTCGG_009,134
GGTGTCCGCCTCGTGCTCGG_010,52
GGTGTCCGCCTCGTGCTCGG_011,126
GGTGTCCGCCTCGTGCTCGG_012,48
GGTGTCCGCCTCGTGCTCGG_013,95
GGTGTCCGCCTCGTGCTCGG_014,62
GGTGTCCGCCTCGTGCTCGG_015,114
GGTGTCCGCCTCGTGCTCGG_016,60
GGTGTCCGCCTCGTGCTCGG_017,70
GGTGTCCGCCTCGTGCTCGG_018,29
GGTGTCCGCCTCGTGCTCGG_019,106
GGTGTCCGCCTCGTGCTCGG_020,5
GGTGTCCGCCTCGTGCTCGG_021,127
GGTGTCCGCCTCGTGCTCGG_022,31
GGTGTCCGCCTCGTGCTCGG_023,134
GGTGTCCGCCTCGTGCTCGG_024,175
GGTGTCCGCCTCGTGCTCGG_025,153
GGTGTCCGCCTCGTGCTCGG_026,99
GGTGTCCGCCTCGTGCTCGG_027,80
TACACGGTCGTCCTGATGGT_001,2
TACACGGTCGTCCTGATGGT_002,41
TACACGGTCGTCCTGATGGT_003,149
TACACGGTCGTCCTGATGGT_004,15
TACACGGTCGTCCTGATGGT_005,94
TACACGGTCGTCCTGATGGT_006,31
TACACGGTCGTCCTGATGGT_007,67
TACACGGTCGTCCTGATGGT_008,144
TACACGGTCGTCCTGATGGT_009,15
TACACGGTCGTCCTGATGGT_010,179
TCAGCGTCATCGACACACCA_001,130
TCAGCGTCATCGACACACCA_002,127
TCAGCGTCATCGACACACCA_003,116
TCAGCGTCATCGACACACCA_004,19
TCAGCGTCATCGACACACCA_005,88
TCAGCGTCATCGACACACCA_006,140
TCAGCGTCATCGACACACCA_007,129
TCAGCGTCATCGACACACCA_008,2
TCAGCGTCATCGACACACCA_009,28
GAGAGAGGAAGTCTTCCGGA_001,139
GAGAGAGGAAGTCTTCCGGA_002,147
GAGAGAGGAAGTCTTCCGGA_003,116
GAGAGAGGAAGTCTTCCGGA_004,15
GAGAGAGGAAGTCTTCCGGA_005,147
GAGAGAGGAAGTCTTCCGGA_006,137
GAGAGAGGAAGTCTTCCGGA_007,188
GAGAGAGGAAGTCTTCCGGA_008,98
GAGAGAGGAAGTCTTCCGGA_009,197
GAGAGAGGAAGTCTTCCGGA_010,35
GAGAGAGGAAGTCTTCCGGA_011,75
GAGAGAGGAAGTCTTCCGGA_012,12
GAGAGAGGAAGTCTTCCGGA_013,24
GAGAGAGGAAGTCTTCCGGA_014,48
GAGAGAGGAAGTCTTCCGGA_015,198
GAGAGAGGAAGTCTTCCGGA_016,123
GAGAGAGGAAGTCTTCCGGA_017,27
GAGAGAGGAAGTCTTCCGGA_018,0
GAGAGAGGAAGTCTTCCGGA_019,49
GAGAGAGGAAGTCTTCCGGA_020,57
GAGAGAGGAAGTCTTCCGGA_021,89
GTAGCAGATACCCGCTTAGA_001,68
GTAGCAGATACCCGCTTAGA_002,105
GTAGCAGATACCCGCTTAGA_003,117
GTAGCAGATACCCGCTTAGA_004,80
GTAGCAGATACCCGCTTAGA_005,3
GTAGCAGATACCCGCTTAGA_006,18
GTAGCAGATACCCGCTTAGA_007,101
GGTATGTCAATCTGAAGCGA_001,114
TTCTCCTCTTCTGTAGTCGG_001,1
TTCTCCTCTTCTGTAGTCGG_002,139
TTCTCCTCTTCTGTAGTCGG_003,12
TTCTCCTCTTCTGTAGTCGG_004,160
TTCTCCTCTTCTGTAGTCGG_005,82
TTCTCCTCTTCTGTAGTCGG_006,19
CATCCTAGTCAACTCCCGTG_001,43
CATCCTAGTCAACTCCCGTG_002,182
CATCCTAGTCAACTCCCGTG_003,127
CATCCTAGTCAACTCCCGTG_004,118
CATCCTAGTCAACTCCCGTG_005,54
CATCCTAGTCAACTCCCGTG_006,156
CATCCTAGTCAACTCCCGTG_007,187
CATCCTAGTCAACTCCCGTG_008,52
CATCCTAGTCAACTCCCGTG_009,118
GAATAAGTTCGTCTGCAAAG_001,178
CGTCCAGGAAGTGACGGCCA_001,113
CGTCCAGGAAGTGACGGCCA_002,0
CGTCCAGGAAGTGACGGCCA_003,134
CTGAATGGCAGAAGACAGCC_001,160
CTGAATGGCAGAAGACAGCC_002,169
CTGAATGGCAGAAGACAGCC_003,17
CTGAATGGCAGAAGACAGCC_004,184
CTGAATGGCAGAAGACAGCC_005,150
CTGAATGGCAGAAGACAGCC_006,54
CTGAATGGCAGAAGACAGCC_007,52
CTGAATGGCAGAAGACAGCC_008,41
GGCAATGAGGACCCACACTG_001,138
GGCAATGAGGACCCACACTG_002,77
GGCAATGAGGACCCACACTG_003,29
GGCAATGAGGACCCACACTG_004,19
GGCAATGAGGACCCACACTG_005,96
GGCAATGAGGACCCACACTG_006,169
GGCAATGAGGACCCACACTG_007,57
GGCAATGAGGACCCACACTG_008,31
GGCAATGAGGACCCACACTG_009,149
GGCAATGAGGACCCACACTG_010,49
GGCAATGAGGACCCACACTG_011,130
GGCAATGAGGACCCACACTG_012,54
GGCAATGAGGACCCACACTG_013,108
GGCAATGAGGACCCACACTG_014,46
GAACTTCACAAAAGACACGG_001,147
GAACTTCACAAAAGACACGG_002,152
GAACTTCACAAAAGACACGG_003,176
GAACTTCACAAAAGACACGG_004,169
GAACTTCACAAAAGACACGG_005,111
GAACTTCACAAAAGACACGG_006,70
GAACTTCACAAAAGACACGG_007,27
GAACTTCACAAAAGACACGG_008,188
GAACTTCACAAAAGACACGG_009,72
GAACTTCACAAAAGACACGG_010,122
GAACTTCACAAAAGACACGG_011,95
GAACTTCACAAAAGACACGG_012,115
GAACTTCACAAAAGACACGG_013,130
GAACTTCACAAAAGACACGG_014,72
GAACTTCACAAAAGACACGG_015,122
GAACTTCACAAAAGACACGG_016,11
GAACTTCACAAAAGACACGG_017,169
GAACTTCACAAAAGACACGG_018,134
GAACTTCACAAAAGACACGG_019,104
GAACTTCACAAAAGACACGG_020,194
GAACTTCACAAAAGACACGG_021,162
GAACTTCACAAAAGACACGG_022,15
GAACTTCACAAAAGACACGG_023,86
GAAGAAGGCATGGAAGAGAA_001,12
GAAGAAGGCATGGAAGAGAA_002,77
GAAGAAGGCATGGAAGAGAA_003,140
GAAGAAGGCATGGAAGAGAA_004,130
GAAGAAGGCATGGAAGAGAA_005,137
GAAGAAGGCATGGAAGAGAA_006,192
GAAGAAGGCATGGAAGAGAA_007,11
TGTTGAGAGACCCACATCAG_001,94
TGTTGAGAGACCCACATCAG_002,144
TGTTGAGAGACCCACATCAG_003,115
CTTACTAATGAAGTAATCCG_001,139
CTTACTAATGAAGTAATCCG_002,143
CTTACTAATGAAGTAATCCG_003,96
CTTACTAATGAAGTAATCCG_004,73
CTTACTAATGAAGTAATCCG_005,32
CTTACTAATGAAGTAATCCG_006,2
CTTACTAATGAAGTAATCCG_007,105
CTTACTAATGAAGTAATCCG_008,190
CTTACTAATGAAGTAATCCG_009,140
CATCTCTTCTACAATCATGA_001,88
CATCTCTTCTACAATCATGA_002,183
CATCTCTTCTACAATCATGA_003,23
CGAGCGGCTGTTGTGCACCA_001,81
CGAGCGGCTGTTGTGCACCA_002,76
CGAGCGGCTGTTGTGCACCA_003,175
CGAGCGGCTGTTGTGCACCA_004,154
GAGTCCAGGTGACAAGACAC_001,39
GAGTCCAGGTGACAAGACAC_002,107
GAGTCCAGGTGACAAGACAC_003,8
GAGTCCAGGTGACAAGACAC_004,104
GAGTCCAGGTGACAAGACAC_005,160
GAGTCCAGGTGACAAGACAC_006,118
GAGTCCAGGTGACAAGACAC_007,188
GAGTCCAGGTGACAAGACAC_008,40
GAGTCCAGGTGACAAGACAC_009,27
GCACCCCGGTGGATGACCAA_001,104
GCACCCCGGTGGATGACCAA_002,98
GCACCCCGGTGGATGACCAA_003,76
GCACCCCGGTGGATGACCAA_004,179
GCACCCCGGTGGATGACCAA_005,45
GCACCCCGGTGGATGACCAA_006,2
CTCATGGGCCAGGTAGAGTG_001,86
CTCATGGGCCAGGTAGAGTG_002,9
CTCATGGGCCAGGTAGAGTG_003,25
CTCATGGGCCAGGTAGAGTG_004,63
CTCATGGGCCAGGTAGAGTG_005,94
CTCATGGGCCAGGTAGAGTG_006,70
CTCATGGGCCAGGTAGAGTG_007,147
CTCATGGGCCAGGTAGAGTG_008,152
CTCATGGGCCAGGTAGAGTG_009,138
CTCATGGGCCAGGTAGAGTG_010,34
CTCTTGCAGGCGTTTCGGCG_001,6
CTCTTGCAGGCGTTTCGGCG_002,51
CTCTTGCAGGCGTTTCGGCG_003,124
CTCTTGCAGGCGTTTCGGCG_004,174
CTCTTGCAGGCGTTTCGGCG_005,71
ACGTACACCAGCGTCACGAT_001,27
ACGTACACCAGCGTCACGAT_002,38
ACGTACACCAGCGTCACGAT_003,2
ACGTACACCAGCGTCACGAT_004,53
ACGTACACCAGCGTCACGAT_005,185
ACGTACACCAGCGTCACGAT_006,117
ACGTACACCAGCGTCACGAT_007,166
ACGTACACCAGCGTCACGAT_008,184
CTGGAAGGAAGGGCTCCATG_001,166
CTGGAAGGAAGGGCTCCATG_002,137
CTGGAAGGAAGGGCTCCATG_003,15
CTGGAAGGAAGGGCTCCATG_004,98
CTGGAAGGAAGGGCTCCATG_005,193
CTGGAAGGAAGGGCTCCATG_006,191
CTGGAAGGAAGGGCTCCATG_007,171
CTGGAAGGAAGGGCTCCATG_008,85
CTGGAAGGAAGGGCTCCATG_009,99
CTGGAAGGAAGGGCTCCATG_010,126
CTGGAAGGAAGGGCTCCATG_011,99
CTGGAAGGAAGGGCTCCATG_012,30
ACACCTGACACGCAGAAGCA_001,106
ACACCTGACACGCAGAAGCA_002,137
ACACCTGACACGCAGAAGCA_003,42
ACACCTGACACGCAGAAGCA_004,144
ACACCTGACACGCAGAAGCA_005,172
ACACCTGACACGCAGAAGCA_006,130
ACACCTGACACGCAGAAGCA_007,162
ACACCTGACACGCAGAAGCA_008,42
ACACCTGACACGCAGAAGCA_009,120
ACACCTGACACGCAGAAGCA_010,93
ACACCTGACACGCAGAAGCA_011,110
ACACCTGACACGCAGAAGCA_012,70
ACACCTGACACGCAGAAGCA_013,134
ACACCTGACACGCAGAAGCA_014,48
ACACCTGACACGCAGAAGCA_015,195
ACACCTGACACGCAGAAGCA_016,23
ACACCTGACACGCAGAAGCA_017,158
ACACCTGACACGCAGAAGCA_018,30
ACACCTGACACGCAGAAGCA_019,160
ACACCTGACACGCAGAAGCA_020,168
ACACCTGACACGCAGAAGCA_021,144
ACACCTGACACGCAGAAGCA_022,137
ACACCTGACACGCAGAAGCA_023,82
ACACCTGACACGCAGAAGCA_024,172
ACACCTGACACGCAGAAGCA_025,170
ACACCTGACACGCAGAAGCA_026,35
ACACCTGACACGCAGAAGCA_027,29
ACACCTGACACGCAGAAGCA_028,144
ACACCTGACACGCAGAAGCA_029,8
CGTTTAAGCATTGCTGCTGG_001,88
CGTTTAAGCATTGCTGCTGG_002,32
CGTTTAAGCATTGCTGCTGG_003,25
CGTTTAAGCATTGCTGCTGG_004,121
CGTTTAAGCATTGCTGCTGG_005,113
CGTTTAAGCATTGCTGCTGG_006,190
CGTTTAAGCATTGCTGCTGG_007,172
GACCGCAAATGATCCATCAC_001,162
GACCGCAAATGATCCATCAC_002,141
GACCGCAAATGATCCATCAC_003,138
GACCGCAAATGATCCATCAC_004,82
GACCGCAAATGATCCATCAC_005,68
GACCGCAAATGATCCATCAC_006,106
GACCGCAAATGATCCATCAC_007,183
GACCGCAAATGATCCATCAC_008,41
CAACACAATACAGTGAAGCT_001,179
CAACACAATACAGTGAAGCT_002,23
CAACACAATACAGTGAAGCT_003,149
CAACACAATACAGTGAAGCT_004,184
CAACACAATACAGTGAAGCT_005,37
CAACACAATACAGTGAAGCT_006,147
CCAAGATCAAGGCGTAGGCA_001,68
CCAAGATCAAGGCGTAGGCA_002,6
AGCCACTGTAGCACTCAGAG_001,105
AGCCACTGTAGCACTCAGAG_002,2
AGCCACTGTAGCACTCAGAG_003,76
AGCCACTGTAGCACTCAGAG_004,98
AGCCACTGTAGCACTCAGAG_005,16
AGCCACTGTAGCACTCAGAG_006,110
CCAGTTGTGTAATTCAGCAA_001,60
CCAGTTGTGTAATTCAGCAA_002,140
CCAGTTGTGTAATTCAGCAA_003,117
CCAGTTGTGTAATTCAGCAA_004,60
CCAGTTGTGTAATTCAGCAA_005,68
CCAGTTGTGTAATTCAGCAA_006,162
CCAGTTGTGTAATTCAGCAA_007,17
CCAGTTGTGTAATTCAGCAA_008,63
GGCAAAGATCCCCATCACAG_001,67
GGCAAAGATCCCCATCACAG_002,34
GGCAAAGATCCCCATCACAG_003,107
GGCAAAGATCCCCATCACAG_004,139
GGCAAAGATCCCCATCACAG_005,139
GGCAAAGATCCCCATCACAG_006,124
CAGCGGCTGGCGGCTATCGT_001,48
CAGCGGCTGGCGGCTATCGT_002,50
CAGCGGCTGGCGGCTATCGT_003,158
CAGCGGCTGGCGGCTATCGT_004,48
CAGCGGCTGGCGGCTATCGT_005,128
CAGCGGCTGGCGGCTATCGT_006,17
CAGCGGCTGGCGGCTATCGT_007,82
CAGCGGCTGGCGGCTATCGT_008,94
CAGCGGCTGGCGGCTATCGT_009,122
CAGCGGCTGGCGGCTATCGT_010,92
CAGCGGCTGGCGGCTATCGT_011,161
CAGCGGCTGGCGGCTATCGT_012,171
CAGCGGCTGGCGGCTATCGT_013,125
CAGCGGCTGGCGGCTATCGT_014,150
CAGCGGCTGGCGGCTATCGT_015,5
CAGCGGCTGGCGGCTATCGT_016,196
CAGCGGCTGGCGGCTATCGT_017,105
CAGCGGCTGGCGGCTATCGT_018,49
CAGCGGCTGGCGGCTATCGT_019,138
CAGCGGCTGGCGGCTATCGT_020,77
TCTGCAAGGTCAAGGAACTT_001,191
TCTGCAAGGTCAAGGAACTT_002,191
TCTGCAAGGTCAAGGAACTT_003,179
TCTGCAAGGTCAAGGAACTT_004,168
TCTGCAAGGTCAAGGAACTT_005,98
TCTGCAAGGTCAAGGAACTT_006,188
TCTGCAAGGTCAAGGAACTT_007,43
TCTGCAAGGTCAAGGAACTT_008,7
TCTGCAAGGTCAAGGAACTT_009,81
TCTGCAAGGTCAAGGAACTT_010,68
TCTGCAAGGTCAAGGAACTT_011,18
TCTGCAAGGTCAAGGAACTT_012,63
TGTAGGTCACCATTAACCCC_001,41
CTCTTGAGACCTGTTTACAG_001,50
CTCTTGAGACCTGTTTACAG_002,67
CTCTTGAGACCTGTTTACAG_003,145
CTCTTGAGACCTGTTTACAG_004,61
CTCTTGAGACCTGTTTACAG_005,88
CTGGAACAGCTACAACAAGT_001,170
CTGGAACAGCTACAACAAGT_002,94
CTGGAACAGCTACAACAAGT_003,88
CTGGAACAGCTACAACAAGT_004,94
CATGTTCAGATCCACCTCGG_001,152
CATGTTCAGATCCACCTCGG_002,138
CATGTTCAGATCCACCTCGG_003,134
CATGTTCAGATCCACCTCGG_004,150
CATGTTCAGATCCACCTCGG_005,27
CATGTTCAGATCCACCTCGG_006,27
CATGTTCAGATCCACCTCGG_007,64
CATGTTCAGATCCACCTCGG_008,169
CATGTTCAGATCCACCTCGG_009,49
CATGTTCAGATCCACCTCGG_010,149
CATGTTCAGATCCACCTCGG_011,117
CATGTTCAGATCCACCTCGG_012,64
CATGTTCAGATCCACCTCGG_013,62
CATGTTCAGATCCACCTCGG_014,147
CATGTTCAGATCCACCTCGG_015,107
CATGTTCAGATCCACCTCGG_016,1
CATGTTCAGATCCACCTCGG_017,112
CATGTTCAGATCCACCTCGG_018,94
CATGTTCAGATCCACCTCGG_019,48
CATGTTCAGATCCACCTCGG_020,91
CATGTTCAGATCCACCTCGG_021,120
CCAGGAGCAAGGCAGCCAAG_001,132
CCAGGAGCAAGGCAGCCAAG_002,58
CCAGGAGCAAGGCAGCCAAG_003,29
CCAGGAGCAAGGCAGCCAAG_004,88
CCAGGAGCAAGGCAGCCAAG_005,88
CCAGGAGCAAGGCAGCCAAG_006,154
CCAGGAGCAAGGCAGCCAAG_007,54
CCAGGAGCAAGGCAGCCAAG_008,63
CCAGGAGCAAGGCAGCCAAG_009,157
CCAGGAGCAAGGCAGCCAAG_010,68
CCAGGAGCAAGGCAGCCAAG_011,5
CCAGGAGCAAGGCAGCCAAG_012,102
CCAGGAGCAAGGCAGCCAAG_013,171
CCAGGAGCAAGGCAGCCAAG_014,62
CCAGGAGCAAGGCAGCCAAG_015,70
CCAGGAGCAAGGCAGCCAAG_016,75
CCAGGAGCAAGGCAGCCAAG_017,116
CCAGGAGCAAGGCAGCCAAG_018,168
CCAGGAGCAAGGCAGCCAAG_019,122
CCAGGAGCAAGGCAGCCAAG_020,160
CCAGGAGCAAGGCAGCCAAG_021,113
CCAGGAGCAAGGCAGCCAAG_022,15
CCAGGAGCAAGGCAGCCAAG_023,134
CCAGGAGCAAGGCAGCCAAG_024,174
CCAGGAGCAAGGCAGCCAAG_025,199
CCAGGAGCAAGGCAGCCAAG_026,76
CCAGGAGCAAGGCAGCCAAG_027,3
CCAGGAGCAAGGCAGCCAAG_028,107
CCAGGAGCAAGGCAGCCAAG_029,130
CCAGGAGCAAGGCAGCCAAG_030,88
CCAGGAGCAAGGCAGCCAAG_031,76
CCAGGAGCAAGGCAGCCAAG_032,2
CCAGGAGCAAGGCAGCCAAG_033,123
CCAGGAGCAAGGCAGCCAAG_034,48
CCAGGAGCAAGGCAGCCAAG_035,141
CCAGGAGCAAGGCAGCCAAG_036,27
CCAGGAGCAAGGCAGCCAAG_037,48
CCAGGAGCAAGGCAGCCAAG_038,138
CCAGGAGCAAGGCAGCCAAG_039,168
CCAGGAGCAAGGCAGCCAAG_040,61
CCAGGAGCAAGGCAGCCAAG_041,130
ACAGGGTGCATTTCTGACAA_001,9
ACAGGGTGCATTTCTGACAA_002,127
ACAGGGTGCATTTCTGACAA_003,114
ACAGGGTGCATTTCTGACAA_004,2
ACAGGGTGCATTTCTGACAA_005,22
ACAGGGTGCATTTCTGACAA_006,10
ACAGGGTGCATTTCTGACAA_007,111
ACAGGGTGCATTTCTGACAA_008,46
GGACACTGGTAGGATTGCGG_001,1
GGACACTGGTAGGATTGCGG_002,170
GGACACTGGTAGGATTGCGG_003,0
GGACACTGGTAGGATTGCGG_004,102
GGACACTGGTAGGATTGCGG_005,76
GGACACTGGTAGGATTGCGG_006,77
GGACACTGGTAGGATTGCGG_007,50
GGACACTGGTAGGATTGCGG_008,58
GGACACTGGTAGGATTGCGG_009,15
GGACACTGGTAGGATTGCGG_010,191
GGACACTGGTAGGATTGCGG_011,48
GGACACTGGTAGGATTGCGG_012,15
GGACACTGGTAGGATTGCGG_013,32
GGACACTGGTAGGATTGCGG_014,103
GGACACTGGTAGGATTGCGG_015,136
GGACACTGGTAGGATTGCGG_016,0
GGACACTGGTAGGATTGCGG_017,127
GGACACTGGTAGGATTGCGG_018,127
GGACACTGGTAGGATTGCGG_019,161
GGACACTGGTAGGATTGCGG_020,97
AGTGATCAAGAAAAGCGCGA_001,102
AGTGATCAAGAAAAGCGCGA_002,121
AGTGATCAAGAAAAGCGCGA_003,127
AGTGATCAAGAAAAGCGCGA_004,45
AGTGATCAAGAAAAGCGCGA_005,9
AGTGATCAAGAAAAGCGCGA_006,190
AGTGATCAAGAAAAGCGCGA_007,94
AGTGATCAAGAAAAGCGCGA_008,178
AGTGATCAAGAAAAGCGCGA_009,80
AGTGATCAAGAAAAGCGCGA_010,47
AGTGATCAAGAAAAGCGCGA_011,184
GCACCTAAGAAACAGGGCGA_001,15
GCACCTAAGAAACAGGGCGA_002,126
GCACCTAAGAAACAGGGCGA_003,60
GCACCTAAGAAACAGGGCGA_004,42
GCACCTAAGAAACAGGGCGA_005,141
GCACCTAAGAAACAGGGCGA_006,48
GCACCTAAGAAACAGGGCGA_007,115
GCACCTAAGAAACAGGGCGA_008,164
GCACCTAAGAAACAGGGCGA_009,97
GCACCTAAGAAACAGGGCGA_010,121
GCACCTAAGAAACAGGGCGA_011,60
GCACCTAAGAAACAGGGCGA_012,149
GCACCTAAGAAACAGGGCGA_013,145
GCACCTAAGAAACAGGGCGA_014,197
GCACCTAAGAAACAGGGCGA_015,4
GCACCTAAGAAACAGGGCGA_016,80
GCACCTAAGAAACAGGGCGA_017,79
GCACCTAAGAAACAGGGCGA_018,160
GCACCTAAGAAACAGGGCGA_019,182
GCACCTAAGAAACAGGGCGA_020,58
GCACCTAAGAAACAGGGCGA_021,133
GCACCTAAGAAACAGGGCGA_022,197
GCACCTAAGAAACAGGGCGA_023,115
GCACCTAAGAAACAGGGCGA_024,94
GCACCTAAGAAACAGGGCGA_025,108
AGGAAGAGCTTCAACCCGTG_001,23
AGGAAGAGCTTCAACCCGTG_002,148
AGGAAGAGCTTCAACCCGTG_003,24
AGGAAGAGCTTCAACCCGTG_004,181
AGGAAGAGCTTCAACCCGTG_005,26
AGGAAGAGCTTCAACCCGTG_006,191
AGGAAGAGCTTCAACCCGTG_007,48
AGGAAGAGCTTCAACCCGTG_008,187
AGGAAGAGCTTCAACCCGTG_009,94
AGGAAGAGCTTCAACCCGTG_010,193
AGGAAGAGCTTCAACCCGTG_011,98
ATCCAGAAACAAAACCAGCG_001,33
ATCCAGAAACAAAACCAGCG_002,125
ATCCAGAAACAAAACCAGCG_003,154
ATCCAGAAACAAAACCAGCG_004,23
ATCCAGAAACAAAACCAGCG_005,29
ATCCAGAAACAAAACCAGCG_006,15
ATCCAGAAACAAAACCAGCG_007,137
ATCCAGAAACAAAACCAGCG_008,166
ATCCAGAAACAAAACCAGCG_009,98
ATCCAGAAACAAAACCAGCG_010,127
ATCCAGAAACAAAACCAGCG_011,166
ATCCAGAAACAAAACCAGCG_012,191
ATCCAGAAACAAAACCAGCG_013,49
ATCCAGAAACAAAACCAGCG_014,191
TTATCGAGGTGAGTGAAAGA_001,7
TTATCGAGGTGAGTGAAAGA_002,186
TTATCGAGGTGAGTGAAAGA_003,54
ATATCCGAAGCATCTAACTG_001,127
CAGCATATGGTATATTGTGG_001,41
CAGCATATGGTATATTGTGG_002,172
CCCAAGGGCCTAAGCTTTGG_001,170
CCCAAGGGCCTAAGCTTTGG_002,160
CCCAAGGGCCTAAGCTTTGG_003,80
CCCAAGGGCCTAAGCTTTGG_004,113
CCCAAGGGCCTAAGCTTTGG_005,187
CCCAAGGGCCTAAGCTTTGG_006,147
CCCAAGGGCCTAAGCTTTGG_007,102
CCCAAGGGCCTAAGCTTTGG_008,119
CCCAAGGGCCTAAGCTTTGG_009,168
CCCAAGGGCCTAAGCTTTGG_010,68
CCCAAGGGCCTAAGCTTTGG_011,199
CCCAAGGGCCTAAGCTTTGG_012,21
CCCAAGGGCCTAAGCTTTGG_013,89
TACAATGGACTCCACCGCTG_001,94
TACAATGGACTCCACCGCTG_002,40
TACAATGGACTCCACCGCTG_003,151
TACAATGGACTCCACCGCTG_004,65
TACAATGGACTCCACCGCTG_005,72
TACAATGGACTCCACCGCTG_006,48
TACAATGGACTCCACCGCTG_007,197
TACAATGGACTCCACCGCTG_008,121
TACAATGGACTCCACCGCTG_009,139
TACAATGGACTCCACCGCTG_010,16
TACAATGGACTCCACCGCTG_011,186
TACAATGGACTCCACCGCTG_012,108
TACAATGGACTCCACCGCTG_013,118
TACAATGGACTCCACCGCTG_014,81
TACAATGGACTCCACCGCTG_015,16
AGAGTGTCATGGACATGCCC_001,132
AGAGTGTCATGGACATGCCC_002,127
AGAGTGTCATGGACATGCCC_003,48
AGAGTGTCATGGACATGCCC_004,77
AGAGTGTCATGGACATGCCC_005,0
AGAGTGTCATGGACATGCCC_006,47
ATATCCACAGGTGACAACCA_001,62
ATATCCACAGGTGACAACCA_002,5
ATATCCACAGGTGACAACCA_003,117
ATATCCACAGGTGACAACCA_004,107
ATATCCACAGGTGACAACCA_005,6
ATATCCACAGGTGACAACCA_006,186
ATATCCACAGGTGACAACCA_007,116
ATATCCACAGGTGACAACCA_008,40
ATATCCACAGGTGACAACCA_009,142
GGTTGTCCCATCTTACGAAG_001,119
GGTTGTCCCATCTTACGAAG_002,78
GGTTGTCCCATCTTACGAAG_003,158
GGTTGTCCCATCTTACGAAG_004,0
GGTTGTCCCATCTTACGAAG_005,143
AAATTTGCGGAGAAATTCAG_001,103
AAATTTGCGGAGAAATTCAG_002,27
AAATTTGCGGAGAAATTCAG_003,150
AAATTTGCGGAGAAATTCAG_004,27
AAATTTGCGGAGAAATTCAG_005,157
TGGCTGAAGATGGAGCATCG_001,24
TGGCTGAAGATGGAGCATCG_002,107
TGGCTGAAGATGGAGCATCG_003,22
TGGCTGAAGATGGAGCATCG_004,28
TGGCTGAAGATGGAGCATCG_005,78
TGGCTGAAGATGGAGCATCG_006,67
TGGCTGAAGATGGAGCATCG_007,188
TGGCTGAAGATGGAGCATCG_008,29
TGGCTGAAGATGGAGCATCG_009,76
TGGCTGAAGATGGAGCATCG_010,70
TGGCTGAAGATGGAGCATCG_011,8
TGGCTGAAGATGGAGCATCG_012,178
ATCTACGCCTGGTCCATCGG_001,77
ATCTACGCCTGGTCCATCGG_002,181
ATCTACGCCTGGTCCATCGG_003,88
ATCTACGCCTGGTCCATCGG_004,105
ATCTACGCCTGGTCCATCGG_005,17
ATCTACGCCTGGTCCATCGG_006,21
ATCTACGCCTGGTCCATCGG_007,133
ATCTACGCCTGGTCCATCGG_008,100
ATCTACGCCTGGTCCATCGG_009,125
ATCTACGCCTGGTCCATCGG_010,50
ATCTACGCCTGGTCCATCGG_011,56
ATCTACGCCTGGTCCATCGG_012,149
ATCTACGCCTGGTCCATCGG_013,71
ATCTACGCCTGGTCCATCGG_014,103
ATCTACGCCTGGTCCATCGG_015,68
ATCTACGCCTGGTCCATCGG_016,107
ATCTACGCCTGGTCCATCGG_017,9
ATCTACGCCTGGTCCATCGG_018,198
ATCTACGCCTGGTCCATCGG_019,60
ATCTACGCCTGGTCCATCGG_020,62
ATCTACGCCTGGTCCATCGG_021,94
ATCTACGCCTGGTCCATCGG_022,97
ATCTACGCCTGGTCCATCGG_023,152
ATCTACGCCTGGTCCATCGG_024,78
ATCTACGCCTGGTCCATCGG_025,48
ATCTACGCCTGGTCCATCGG_026,127
ATCTACGCCTGGTCCATCGG_027,117
CACGCAGATCACCGCCTCAG_001,171
CACGCAGATCACCGCCTCAG_002,94
CACGCAGATCACCGCCTCAG_003,41
CACGCAGATCACCGCCTCAG_004,140
CACGCAGATCACCGCCTCAG_005,197
CACGCAGATCACCGCCTCAG_006,147
CACGCAGATCACCGCCTCAG_007,75
CACGCAGATCACCGCCTCAG_008,71
CACGCAGATCACCGCCTCAG_009,129
CACGCAGATCACCGCCTCAG_010,144
CACGCAGATCACCGCCTCAG_011,162
CACGCAGATCACCGCCTCAG_012,82
CACGCAGATCACCGCCTCAG_013,44
CACGCAGATCACCGCCTCAG_014,62
CACGCAGATCACCGCCTCAG_015,16
CACGCAGATCACCGCCTCAG_016,81
CACGCAGATCACCGCCTCAG_017,192
CACGCAGATCACCGCCTCAG_018,146
CACGCAGATCACCGCCTCAG_019,166
CACGCAGATCACCGCCTCAG_020,94
CACGCAGATCACCGCCTCAG_021,172
GGGCGACGTGAAATACGCGG_001,130
GGGCGACGTGAAATACGCGG_002,138
GGGCGACGTGAAATACGCGG_003,50
GGGCGACGTGAAATACGCGG_004,169
GGGCGACGTGAAATACGCGG_005,25
GGGCGACGTGAAATACGCGG_006,9
GGGCGACGTGAAATACGCGG_007,175
GGGCGACGTGAAATACGCGG_008,178
GGGCGACGTGAAATACGCGG_009,166
GGGCGACGTGAAATACGCGG_010,58
GGGCGACGTGAAATACGCGG_011,51
GGGCGACGTGAAATACGCGG_012,168
GGGCGACGTGAAATACGCGG_013,68
TTTGAGATCGACCCGTCCAG_001,101
TTTGAGATCGACCCGTCCAG_002,90
TTTGAGATCGACCCGTCCAG_003,142
TTTGAGATCGACCCGTCCAG_004,39
TTTGAGATCGACCCGTCCAG_005,119
TTTGAGATCGACCCGTCCAG_006,60
TTTGAGATCGACCCGTCCAG_007,148
TTTGAGATCGACCCGTCCAG_008,88
TTTGAGATCGACCCGTCCAG_009,62
TTTGAGATCGACCCGTCCAG_010,37
TTTGAGATCGACCCGTCCAG_011,133
TTTGAGATCGACCCGTCCAG_012,81
TTTGAGATCGACCCGTCCAG_013,144
TTTGAGATCGACCCGTCCAG_014,63
TTTGAGATCGACCCGTCCAG_015,144
GAAGAAACGAGAAATCCACA_001,51
GAAGAAACGAGAAATCCACA_002,92
GAAGAAACGAGAAATCCACA_003,117
GAAGAAACGAGAAATCCACA_004,27
GAAGAAACGAGAAATCCACA_005,144
GAAGAAACGAGAAATCCACA_006,56
ATGAAACAATGTCCCCAACG_001,77
ATGAAACAATGTCCCCAACG_002,23
ATGAAACAATGTCCCCAACG_003,172
ATGAAACAATGTCCCCAACG_004,62
ATGAAACAATGTCCCCAACG_005,61
ATGAAACAATGTCCCCAACG_006,9
ATGAAACAATGTCCCCAACG_007,83
CCAGATCTGAGTCCCGTCTG_001,171
CCAGATCTGAGTCCCGTCTG_002,1
CCAGATCTGAGTCCCGTCTG_003,5
CCAGATCTGAGTCCCGTCTG_004,26
CCAGATCTGAGTCCCGTCTG_005,118
CCAGATCTGAGTCCCGTCTG_006,182
CCAGATCTGAGTCCCGTCTG_007,30
CCAGATCTGAGTCCCGTCTG_008,22
CCAGATCTGAGTCCCGTCTG_009,179
CCAGATCTGAGTCCCGTCTG_010,184
CCAGATCTGAGTCCCGTCTG_011,15
CCAGATCTGAGTCCCGTCTG_012,49
CCAGATCTGAGTCCCGTCTG_013,165
CCAGATCTGAGTCCCGTCTG_014,172
CCAGATCTGAGTCCCGTCTG_015,33
CCAGATCTGAGTCCCGTCTG_016,99
CCAGATCTGAGTCCCGTCTG_017,34
CCAGATCTGAGTCCCGTCTG_018,40
CCAGATCTGAGTCCCGTCTG_019,140
AGCACCTGGAGACAGACAGT_001,69
AGCACCTGGAGACAGACAGT_002,162
AGCACCTGGAGACAGACAGT_003,60
AGCACCTGGAGACAGACAGT_004,169
AGCACCTGGAGACAGACAGT_005,75
AGCACCTGGAGACAGACAGT_006,84
AGCACCTGGAGACAGACAGT_007,136
AGCACCTGGAGACAGACAGT_008,121
AGCACCTGGAGACAGACAGT_009,72
AGCACCTGGAGACAGACAGT_010,193
AGCACCTGGAGACAGACAGT_011,107
AGCACCTGGAGACAGACAGT_012,119
AGCACCTGGAGACAGACAGT_013,77
AGCACCTGGAGACAGACAGT_014,28
GCACGCCGTAGGTCTCGTCG_001,2
GCACGCCGTAGGTCTCGTCG_002,35
GCACGCCGTAGGTCTCGTCG_003,158
ATAGCGATCATGGGCCATTG_001,40
ATAGCGATCATGGGCCATTG_002,19
ATAGCGATCATGGGCCATTG_003,77
ATAGCGATCATGGGCCATTG_004,58
ATAGCGATCATGGGCCATTG_005,70
ATAGCGATCATGGGCCATTG_006,15
ATAGCGATCATGGGCCATTG_007,186
ATAGCGATCATGGGCCATTG_008,41
ATAGCGATCATGGGCCATTG_009,159
ATAGCGATCATGGGCCATTG_010,168
GAAGAGAAAAAATCTACATG_001,146
GAAGAGAAAAAATCTACATG_002,158
GAAGAGAAAAAATCTACATG_003,162
GAAGAGAAAAAATCTACATG_004,158
GAAGAGAAAAAATCTACATG_005,78
GAAGAGAAAAAATCTACATG_006,11
CCAGGAAAGCTGGATCGTGT_001,15
CCAGGAAAGCTGGATCGTGT_002,39
CCAGGAAAGCTGGATCGTGT_003,1
CCAGGAAAGCTGGATCGTGT_004,152
CCAGGAAAGCTGGATCGTGT_005,197
CCAGGAAAGCTGGATCGTGT_006,110
CCAGGAAAGCTGGATCGTGT_007,21
CCAGGAAAGCTGGATCGTGT_008,138
CCAGGAAAGCTGGATCGTGT_009,48
CCAGGAAAGCTGGATCGTGT_010,124
CCAGGAAAGCTGGATCGTGT_011,133
AGTTGGACATCCGTCACCTG_001,169
AGTTGGACATCCGTCACCTG_002,69
AGTTGGACATCCGTCACCTG_003,85
AGTTGGACATCCGTCACCTG_004,188
AGTTGGACATCCGTCACCTG_005,124
AGTTGGACATCCGTCACCTG_006,166
AGTTGGACATCCGTCACCTG_007,106
AGTTGGACATCCGTCACCTG_008,198
CATTGGAGAACACCATGATG_001,82
CTTTATCTGGCGTGGGGTAT_001,192
CTTTATCTGGCGTGGGGTAT_002,122
CTTTATCTGGCGTGGGGTAT_003,180
CTTTATCTGGCGTGGGGTAT_004,19
CTTTATCTGGCGTGGGGTAT_005,198
CTTTATCTGGCGTGGGGTAT_006,81
CTTTATCTGGCGTGGGGTAT_007,188
CTTTATCTGGCGTGGGGTAT_008,141
CTTTATCTGGCGTGGGGTAT_009,105
CTTTATCTGGCGTGGGGTAT_010,81
CTTTATCTGGCGTGGGGTAT_011,48
CTTTATCTGGCGTGGGGTAT_012,139
CTTTATCTGGCGTGGGGTAT_013,8
CTTTATCTGGCGTGGGGTAT_014,82
CTTTATCTGGCGTGGGGTAT_015,82
CTTTATCTGGCGTGGGGTAT_016,19
CTTTATCTGGCGTGGGGTAT_017,115
CTTTATCTGGCGTGGGGTAT_018,22
CTTTATCTGGCGTGGGGTAT_019,129
CTTTATCTGGCGTGGGGTAT_020,125
CTTTATCTGGCGTGGGGTAT_021,29
CTTTATCTGGCGTGGGGTAT_022,62
CTTTATCTGGCGTGGGGTAT_023,127
ACAAGACACAGTGAAGACAA_001,117
ACAAGACACAGTGAAGACAA_002,70
ACAAGACACAGTGAAGACAA_003,150
ACAAGACACAGTGAAGACAA_004,25
ACAAGACACAGTGAAGACAA_005,6
ACAAGACACAGTGAAGACAA_006,130
ACAAGACACAGTGAAGACAA_007,35
ACAAGACACAGTGAAGACAA_008,43
ACAAGACACAGTGAAGACAA_009,152
ACAAGACACAGTGAAGACAA_010,199
ACAAGACACAGTGAAGACAA_011,78
ATGTGCACATAGAACTTGCG_001,49
ATGTGCACATAGAACTTGCG_002,25
ATGTGCACATAGAACTTGCG_003,83
ATGTGCACATAGAACTTGCG_004,185
ATGTGCACATAGAACTTGCG_005,76
ATGTGCACATAGAACTTGCG_006,169
ATGTGCACATAGAACTTGCG_007,33
ATGTGCACATAGAACTTGCG_008,59
ATGTGCACATAGAACTTGCG_009,158
ATGTGCACATAGAACTTGCG_010,199
ATGTGCACATAGAACTTGCG_011,94
ATGTGCACATAGAACTTGCG_012,28
ATGTGCACATAGAACTTGCG_013,108
ATGTGCACATAGAACTTGCG_014,36
CTCGAACGTGTAGTCAGTCA_001,116
CTCGAACGTGTAGTCAGTCA_002,177
CTCGAACGTGTAGTCAGTCA_003,120
CAACATAGTCCACACGATCA_001,183
CAACATAGTCCACACGATCA_002,142
CAACATAGTCCACACGATCA_003,158
CAACATAGTCCACACGATCA_004,50
CAAAGCATATTACTGCAGCA_001,105
CAAAGCATATTACTGCAGCA_002,182
GCGCGCGCTCGGTACCCGGA_001,165
GCGCGCGCTCGGTACCCGGA_002,180
GCGCGCGCTCGGTACCCGGA_003,8
GCGCGCGCTCGGTACCCGGA_004,127
GCGCGCGCTCGGTACCCGGA_005,124
GCGCGCGCTCGGTACCCGGA_006,137
GCGCGCGCTCGGTACCCGGA_007,0
GCGCGCGCTCGGTACCCGGA_008,84
GCGCGCGCTCGGTACCCGGA_009,6
GCGCGCGCTCGGTACCCGGA_010,6
GCGCGCGCTCGGTACCCGGA_011,128
GCGCGCGCTCGGTACCCGGA_012,196
GCGCGCGCTCGGTACCCGGA_013,29
GCGCGCGCTCGGTACCCGGA_014,16
GCGCGCGCTCGGTACCCGGA_015,1
GCGCGCGCTCGGTACCCGGA_016,169
GCGCGCGCTCGGTACCCGGA_017,162
GCGCGCGCTCGGTACCCGGA_018,88
GCGCGCGCTCGGTACCCGGA_019,188
GCGCGCGCTCGGTACCCGGA_020,171
GCGCGCGCTCGGTACCCGGA_021,40
GCGCGCGCTCGGTACCCGGA_022,50
GCGCGCGCTCGGTACCCGGA_023,166
GCGCGCGCTCGGTACCCGGA_024,43
GCGCGCGCTCGGTACCCGGA_025,142
GCGCGCGCTCGGTACCCGGA_026,149
GCGCGCGCTCGGTACCCGGA_027,182
GCGCGCGCTCGGTACCCGGA_028,48
GCGCGCGCTCGGTACCCGGA_029,105
GCGCGCGCTCGGTACCCGGA_030,122
GTACTCACATTCCTCAAGAC_001,21
GCTGAGCCGTGCTTCCGTGG_001,57
GCTGAGCCGTGCTTCCGTGG_002,160
GCTGAGCCGTGCTTCCGTGG_003,76
CCTGCTCAAAGACTCCCTCG_001,100
CCTGCTCAAAGACTCCCTCG_002,47
CCTGCTCAAAGACTCCCTCG_003,0
CCTGCTCAAAGACTCCCTCG_004,43
AGAAATCGCAATTGAAGACC_001,112
AGAAATCGCAATTGAAGACC_002,144
AGAAATCGCAATTGAAGACC_003,99
AGAAATCGCAATTGAAGACC_004,199
AGAAATCGCAATTGAAGACC_005,133
AGAAATCGCAATTGAAGACC_006,1
AGAAATCGCAATTGAAGACC_007,113
AGAAATCGCAATTGAAGACC_008,96
CCTGGGATAGCAGGACACCG_001,198
CCTGGGATAGCAGGACACCG_002,172
CCTGGGATAGCAGGACACCG_003,32
CCTGGGATAGCAGGACACCG_004,105
CCTGGGATAGCAGGACACCG_005,19
CCTGGGATAGCAGGACACCG_006,138
CCTGGGATAGCAGGACACCG_007,78
CCTGGGATAGCAGGACACCG_008,138
CCTGGGATAGCAGGACACCG_009,46
CCTGGGATAGCAGGACACCG_010,123
CCTGGGATAGCAGGACACCG_011,84
CCTGGGATAGCAGGACACCG_012,36
CCTGGGATAGCAGGACACCG_013,6
CCTGGGATAGCAGGACACCG_014,77
CCTGGGATAGCAGGACACCG_015,130
CCTGGGATAGCAGGACACCG_016,152
GTGGCCCAAGATACAGCCCG_001,18
GTGGCCCAAGATACAGCCCG_002,55
GTGGCCCAAGATACAGCCCG_003,80
GTGGCCCAAGATACAGCCCG_004,178
GTGGCCCAAGATACAGCCCG_005,156
TAATGTCTCCGTAAACACGG_001,64
TAATGTCTCCGTAAACACGG_002,147
TAATGTCTCCGTAAACACGG_003,184
TAATGTCTCCGTAAACACGG_004,123
TAATGTCTCCGTAAACACGG_005,66
TAATGTCTCCGTAAACACGG_006,137
TAATGTCTCCGTAAACACGG_007,39
TAATGTCTCCGTAAACACGG_008,12
TAATGTCTCCGTAAACACGG_009,172
TCGGCTGACACTAACTCGCT_001,193
TCGGCTGACACTAACTCGCT_002,56
TCGGCTGACACTAACTCGCT_003,160
TCGGCTGACACTAACTCGCT_004,148
TCGGCTGACACTAACTCGCT_005,64
TCGGCTGACACTAACTCGCT_006,36
TCGGCTGACACTAACTCGCT_007,194
TCGGCTGACACTAACTCGCT_008,37
TCGGCTGACACTAACTCGCT_009,41
TCGGCTGACACTAACTCGCT_010,145
TGTACTGATATGTAGGCACT_001,129
TGTACTGATATGTAGGCACT_002,69
ATGAAGATATCCAGCGAGGT_001,70
TAGTAGGTAAATCCGATGAA_001,83
TAGTAGGTAAATCCGATGAA_002,198
TAGTAGGTAAATCCGATGAA_003,28
GAGTAAAGTGTATTTCGCAT_001,136
GAGTAAAGTGTATTTCGCAT_002,191
GAGGAGTCCAGTACACGATG_001,186
GAGGAGTCCAGTACACGATG_002,94
GAGGAGTCCAGTACACGATG_003,22
GAGGAGTCCAGTACACGATG_004,75
GAGGAGTCCAGTACACGATG_005,0
GAGGAGTCCAGTACACGATG_006,120
TCTGTTCAAGGCAATCAGTG_001,77
TCTGTTCAAGGCAATCAGTG_002,72
TCTGTTCAAGGCAATCAGTG_003,75
TCTGTTCAAGGCAATCAGTG_004,197
TCTGTTCAAGGCAATCAGTG_005,86
TCTGTTCAAGGCAATCAGTG_006,30
TCTGTTCAAGGCAATCAGTG_007,30
TCTGTTCAAGGCAATCAGTG_008,121
GGTTAGTAAGTGATGAGACA_001,48
GGTTAGTAAGTGATGAGACA_002,26
GGTTAGTAAGTGATGAGACA_003,166
GGTTAGTAAGTGATGAGACA_004,182
GGTTAGTAAGTGATGAGACA_005,52
GGTTAGTAAGTGATGAGACA_006,101
GGTTAGTAAGTGATGAGACA_007,74
GGTTAGTAAGTGATGAGACA_008,179
GGTTAGTAAGTGATGAGACA_009,102
GCTGAAGAATTAGATTGCCA_001,77
GCTGAAGAATTAGATTGCCA_002,160
GCTGAAGAATTAGATTGCCA_003,197
GCTGAAGAATTAGATTGCCA_004,166
TTACCGTACTGGTACCAGAA_001,94
AGCTGCCAAGCCTCAATAGG_001,98
AGCTGCCAAGCCTCAATAGG_002,174
AGCTGCCAAGCCTCAATAGG_003,146
AGCTGCCAAGCCTCAATAGG_004,150
AGCTGCCAAGCCTCAATAGG_005,41
AGCTGCCAAGCCTCAATAGG_006,48
AGCTGCCAAGCCTCAATAGG_007,60
AGCTGCCAAGCCTCAATAGG_008,168
AGCTGCCAAGCCTCAATAGG_009,61
AGCTGCCAAGCCTCAATAGG_010,76
AGCTGCCAAGCCTCAATAGG_011,44
AGCTGCCAAGCCTCAATAGG_012,107
AGCTGCCAAGCCTCAATAGG_013,52
AGCTGCCAAGCCTCAATAGG_014,118
AGCTGCCAAGCCTCAATAGG_015,9
AGCTGCCAAGCCTCAATAGG_016,190
AGCTGCCAAGCCTCAATAGG_017,49
AGCTGCCAAGCCTCAATAGG_018,175
AGTGTTCACACACCAGCACA_001,28
AGTGTTCACACACCAGCACA_002,74
AGTGTTCACACACCAGCACA_003,17
AGTGTTCACACACCAGCACA_004,60
AGTGTTCACACACCAGCACA_005,141
AGTGTTCACACACCAGCACA_006,163
AGTGTTCACACACCAGCACA_007,121
AGTGTTCACACACCAGCACA_008,199
AGTGTTCACACACCAGCACA_009,160
AGTGTTCACACACCAGCACA_010,1
AGTGTTCACACACCAGCACA_011,67
AGTGTTCACACACCAGCACA_012,57
AGTGTTCACACACCAGCACA_013,60
AGTGTTCACACACCAGCACA_014,138
AGTGTTCACACACCAGCACA_015,137
ATTGGGCATATTTCTCAGGT_001,175
GGAAGACTGAGAGCGAGGCG_001,55
GGAAGACTGAGAGCGAGGCG_002,149
GGAAGACTGAGAGCGAGGCG_003,157
GGAAGACTGAGAGCGAGGCG_004,157
GGAAGACTGAGAGCGAGGCG_005,5
GGAAGACTGAGAGCGAGGCG_006,137
GGAAGACTGAGAGCGAGGCG_007,62
GGAAGACTGAGAGCGAGGCG_008,58
GGAAGACTGAGAGCGAGGCG_009,70
GGAAGACTGAGAGCGAGGCG_010,165
GGAAGACTGAGAGCGAGGCG_011,12
GGAAGACTGAGAGCGAGGCG_012,145
TGGAGAACAGCAACACAGTG_001,27
TGGAGAACAGCAACACAGTG_002,88
TGGAGAACAGCAACACAGTG_003,198
TGGAGAACAGCAACACAGTG_004,190
TGGAGAACAGCAACACAGTG_005,141
TGGAGAACAGCAACACAGTG_006,15
TGGAGAACAGCAACACAGTG_007,33
TGGAGAACAGCAACACAGTG_008,78
TGGAGAACAGCAACACAGTG_009,150
CATGCGCGTGAAGACCGCCA_001,160
CATGCGCGTGAAGACCGCCA_002,67
CATGCGCGTGAAGACCGCCA_003,20
CATGCGCGTGAAGACCGCCA_004,74
CATGCGCGTGAAGACCGCCA_005,81
CATGCGCGTGAAGACCGCCA_006,137
CATGCGCGTGAAGACCGCCA_007,161
CATGCGCGTGAAGACCGCCA_008,98
CATGCGCGTGAAGACCGCCA_009,29
CATGCGCGTGAAGACCGCCA_010,171
CATGCGCGTGAAGACCGCCA_011,141
CATGCGCGTGAAGACCGCCA_012,1
CATGCGCGTGAAGACCGCCA_013,27
CATGCGCGTGAAGACCGCCA_014,79
CATGCGCGTGAAGACCGCCA_015,1
CATGCGCGTGAAGACCGCCA_016,49
CATGCGCGTGAAGACCGCCA_017,115
CATGCGCGTGAAGACCGCCA_018,1
CATGCGCGTGAAGACCGCCA_019,186
CATGCGCGTGAAGACCGCCA_020,60
CATGCGCGTGAAGACCGCCA_021,19
CATGCGCGTGAAGACCGCCA_022,63
CATGCGCGTGAAGACCGCCA_023,19
CATGCGCGTGAAGACCGCCA_024,194
CTATATCCGGGATCCCACGC_001,12
CTATATCCGGGATCCCACGC_002,194
CTATATCCGGGATCCCACGC_003,173
CTATATCCGGGATCCCACGC_004,186
CTATATCCGGGATCCCACGC_005,50
CTATATCCGGGATCCCACGC_006,137
CTATATCCGGGATCCCACGC_007,149
CTATATCCGGGATCCCACGC_008,160
CTATATCCGGGATCCCACGC_009,58
AACACGACCAGGAGCTACAA_001,141
AACACGACCAGGAGCTACAA_002,60
AACACGACCAGGAGCTACAA_003,121
AACACGACCAGGAGCTACAA_004,15
AACACGACCAGGAGCTACAA_005,16
AACACGACCAGGAGCTACAA_006,2
AACACGACCAGGAGCTACAA_007,88
CCGCATCCAGCGGATCCCCG_001,160
CCGCATCCAGCGGATCCCCG_002,81
CCGCATCCAGCGGATCCCCG_003,76
CCGCATCCAGCGGATCCCCG_004,91
CCGCATCCAGCGGATCCCCG_005,108
CCGCATCCAGCGGATCCCCG_006,77
CCGCATCCAGCGGATCCCCG_007,105
AAGAAAAATAGTGGGCTTGG_001,42
AAGAAAAATAGTGGGCTTGG_002,133
AAGAAAAATAGTGGGCTTGG_003,100
AAGAAAAATAGTGGGCTTGG_004,27
TAAACCGATCGTAAAGCTGG_001,193
TAAACCGATCGTAAAGCTGG_002,140
TAAACCGATCGTAAAGCTGG_003,107
TAAACCGATCGTAAAGCTGG_004,50
TAAACCGATCGTAAAGCTGG_005,34
GATTGTTCAAGACAAGGAGT_001,58
GCGGCCAGTTTGCGATCGTG_001,66
GCGGCCAGTTTGCGATCGTG_002,35
GCGGCCAGTTTGCGATCGTG_003,154
GCGGCCAGTTTGCGATCGTG_004,185
GCGGCCAGTTTGCGATCGTG_005,81
GCGGCCAGTTTGCGATCGTG_006,84
CACTTACCTATAGGCACCAG_001,116
CACTTACCTATAGGCACCAG_002,96
CACTTACCTATAGGCACCAG_003,84
CACTTACCTATAGGCACCAG_004,61
AGCAGATGGTGACATGCGAA_001,63
AGCAGATGGTGACATGCGAA_002,50
AGCAGATGGTGACATGCGAA_003,115
AGCAGATGGTGACATGCGAA_004,28
AGCAGATGGTGACATGCGAA_005,182
AGCAGATGGTGACATGCGAA_006,133
AGCAGATGGTGACATGCGAA_007,36
AGCAGATGGTGACATGCGAA_008,63
AGCAGATGGTGACATGCGAA_009,138
CCTTTCGCACAGATGTGCCA_001,141
CCTTTCGCACAGATGTGCCA_002,192
CCTTTCGCACAGATGTGCCA_003,75
CCTTTCGCACAGATGTGCCA_004,184
CCTTTCGCACAGATGTGCCA_005,78
CCTTTCGCACAGATGTGCCA_006,81
CCTTTCGCACAGATGTGCCA_007,198
CCTTTCGCACAGATGTGCCA_008,198
CCTTTCGCACAGATGTGCCA_009,19
CCTTTCGCACAGATGTGCCA_010,199
GGGCTGCGGATCGCTAACCC_001,134
GGGCTGCGGATCGCTAACCC_002,50
GGGCTGCGGATCGCTAACCC_003,88
GGGCTGCGGATCGCTAACCC_004,1
GTTCCTCAGCACCGTCCCGT_001,37
GTTCCTCAGCACCGTCCCGT_002,83
GTTCCTCAGCACCGTCCCGT_003,50
GTTCCTCAGCACCGTCCCGT_004,100
GTTCCTCAGCACCGTCCCGT_005,80
GTTCCTCAGCACCGTCCCGT_006,75
GTTCCTCAGCACCGTCCCGT_007,44
GTTCCTCAGCACCGTCCCGT_008,6
GTTCCTCAGCACCGTCCCGT_009,149
GTTCCTCAGCACCGTCCCGT_010,91
GTTCCTCAGCACCGTCCCGT_011,96
AGCCAGAGGACCAACGCGAG_001,35
AGCCAGAGGACCAACGCGAG_002,62
AGCCAGAGGACCAACGCGAG_003,43
AGCCAGAGGACCAACGCGAG_004,38
AGCCAGAGGACCAACGCGAG_005,168
AGCCAGAGGACCAACGCGAG_006,127
AGCCAGAGGACCAACGCGAG_007,172
AGCCAGAGGACCAACGCGAG_008,49
TAGAGGATCAAGTTTCAAAG_001,184
TAGAGGATCAAGTTTCAAAG_002,137
TAGAGGATCAAGTTTCAAAG_003,15
GCCTTCAGGCGAGACAGCTG_001,118
GCCTTCAGGCGAGACAGCTG_002,91
GCCTTCAGGCGAGACAGCTG_003,4
GCCTTCAGGCGAGACAGCTG_004,25
GCCTTCAGGCGAGACAGCTG_005,37
GCCTTCAGGCGAGACAGCTG_006,29
GCCTTCAGGCGAGACAGCTG_007,80
GCCTTCAGGCGAGACAGCTG_008,175
GCCTTCAGGCGAGACAGCTG_009,123
GCCTTCAGGCGAGACAGCTG_010,180
GCCTTCAGGCGAGACAGCTG_011,34
GCCTTCAGGCGAGACAGCTG_012,34
GCCTTCAGGCGAGACAGCTG_013,178
GCCTTCAGGCGAGACAGCTG_014,47
GCCTTCAGGCGAGACAGCTG_015,57
TTAAGGAAAGGCTTATCCGA_001,95
CATTCCCAATGTAATTCCCA_001,41
CATTCCCAATGTAATTCCCA_002,120
CATTCCCAATGTAATTCCCA_003,48
CATTCCCAATGTAATTCCCA_004,70
CAAGTAAATCCTCATCACTG_001,48
CAAGTAAATCCTCATCACTG_002,188
CAAGTAAATCCTCATCACTG_003,6
CAAGTAAATCCTCATCACTG_004,82
CAAGTAAATCCTCATCACTG_005,179
CAAGTAAATCCTCATCACTG_006,80
CAAGTAAATCCTCATCACTG_007,178
CAAGTAAATCCTCATCACTG_008,36
CAAGTAAATCCTCATCACTG_009,146
CAAGTAAATCCTCATCACTG_010,199
CAAGTAAATCCTCATCACTG_011,169
GCTCACCTGATGACCCACCA_001,93
GCTCACCTGATGACCCACCA_002,130
GCTCACCTGATGACCCACCA_003,113
GCTCACCTGATGACCCACCA_004,53
GCTCACCTGATGACCCACCA_005,73
GCTCACCTGATGACCCACCA_006,3
GCTCACCTGATGACCCACCA_007,75
GCTCACCTGATGACCCACCA_008,41
GCTCACCTGATGACCCACCA_009,187
GCTCACCTGATGACCCACCA_010,103
GCTCACCTGATGACCCACCA_011,105
GCTCACCTGATGACCCACCA_012,147
GCTCACCTGATGACCCACCA_013,178
GCTCACCTGATGACCCACCA_014,108
GCTCACCTGATGACCCACCA_015,43
GCTCACCTGATGACCCACCA_016,141
GCTCACCTGATGACCCACCA_017,192
GCTCACCTGATGACCCACCA_018,108
GCTCACCTGATGACCCACCA_019,187
GCTCACCTGATGACCCACCA_020,178
GCTCACCTGATGACCCACCA_021,151
GCTCACCTGATGACCCACCA_022,126
GCTCACCTGATGACCCACCA_023,84
GCTCACCTGATGACCCACCA_024,97
GCTCACCTGATGACCCACCA_025,12
TTGTGTGATGAAAAAGCACA_001,106
GACGGTTGCAGCCCCCACAA_001,101
GACGGTTGCAGCCCCCACAA_002,180
GACGGTTGCAGCCCCCACAA_003,180
GACGGTTGCAGCCCCCACAA_004,137
GACGGTTGCAGCCCCCACAA_005,5
GACGGTTGCAGCCCCCACAA_006,84
GACGGTTGCAGCCCCCACAA_007,137
GACGGTTGCAGCCCCCACAA_008,21
GACGGTTGCAGCCCCCACAA_009,73
GACGGTTGCAGCCCCCACAA_010,130
GACGGTTGCAGCCCCCACAA_011,2
GACGGTTGCAGCCCCCACAA_012,147
GACGGTTGCAGCCCCCACAA_013,145
GACGGTTGCAGCCCCCACAA_014,107
GACGGTTGCAGCCCCCACAA_015,17
GACGGTTGCAGCCCCCACAA_016,174
GACGGTTGCAGCCCCCACAA_017,70
GACGGTTGCAGCCCCCACAA_018,102
GACGGTTGCAGCCCCCACAA_019,8
GACGGTTGCAGCCCCCACAA_020,124
GACGGTTGCAGCCCCCACAA_021,102
GACGGTTGCAGCCCCCACAA_022,76
GACGGTTGCAGCCCCCACAA_023,68
GACGGTTGCAGCCCCCACAA_024,152
GACGGTTGCAGCCCCCACAA_025,108
GACGGTTGCAGCCCCCACAA_026,163
GACGGTTGCAGCCCCCACAA_027,140
GACGGTTGCAGCCCCCACAA_028,92
GACGGTTGCAGCCCCCACAA_029,80
GACGGTTGCAGCCCCCACAA_030,197
GACGGTTGCAGCCCCCACAA_031,118
GACGGTTGCAGCCCCCACAA_032,152
GACGGTTGCAGCCCCCACAA_033,46
GACGGTTGCAGCCCCCACAA_034,10
GACGGTTGCAGCCCCCACAA_035,188
GACGGTTGCAGCCCCCACAA_036,155
GACGGTTGCAGCCCCCACAA_037,57
TTAGACACATCATGGATCAG_001,10
TTAGACACATCATGGATCAG_002,104
TTAGACACATCATGGATCAG_003,147
TTAGACACATCATGGATCAG_004,190
TGACGCTGTAGCGCTCACAG_001,134
TGACGCTGTAGCGCTCACAG_002,119
TGACGCTGTAGCGCTCACAG_003,42
TGACGCTGTAGCGCTCACAG_004,126
TGACGCTGTAGCGCTCACAG_005,68
TGACGCTGTAGCGCTCACAG_006,141
TGACGCTGTAGCGCTCACAG_007,48
TGACGCTGTAGCGCTCACAG_008,105
TGACGCTGTAGCGCTCACAG_009,162
TGACGCTGTAGCGCTCACAG_010,174
TGACGCTGTAGCGCTCACAG_011,140
TGACGCTGTAGCGCTCACAG_012,43
TGACGCTGTAGCGCTCACAG_013,14
CAAAATAGTTTCCATATCGG_001,140
TGGAGCCACCCGCGAAAATT_001,105
TGGAGCCACCCGCGAAAATT_002,175
TGGAGCCACCCGCGAAAATT_003,198
TGGAGCCACCCGCGAAAATT_004,113
TGGAGCCACCCGCGAAAATT_005,63
TGGAGCCACCCGCGAAAATT_006,174
TGGAGCCACCCGCGAAAATT_007,166
TGGAGCCACCCGCGAAAATT_008,118
TGGAGCCACCCGCGAAAATT_009,40
AGCCATGCCACTCTGAGACT_001,138
AGCCATGCCACTCTGAGACT_002,181
AGCCATGCCACTCTGAGACT_003,108
AGCCATGCCACTCTGAGACT_004,190
AGCCATGCCACTCTGAGACT_005,44
AGCCATGCCACTCTGAGACT_006,43
AGCCATGCCACTCTGAGACT_007,60
AGCCATGCCACTCTGAGACT_008,160
AGCCATGCCACTCTGAGACT_009,142
AGCCATGCCACTCTGAGACT_010,10
AGCCATGCCACTCTGAGACT_011,160
AGCCATGCCACTCTGAGACT_012,125
AGCCATGCCACTCTGAGACT_013,63
CTTCGATCAGAACTAGCACG_001,151
CTTCGATCAGAACTAGCACG_002,56
CTTCGATCAGAACTAGCACG_003,187
CTTCGATCAGAACTAGCACG_004,130
CTTCGATCAGAACTAGCACG_005,42
CTTCGATCAGAACTAGCACG_006,188
CTTCGATCAGAACTAGCACG_007,174
CTTCGATCAGAACTAGCACG_008,9
CTTCGATCAGAACTAGCACG_009,88
CTTCGATCAGAACTAGCACG_010,139
CTTCGATCAGAACTAGCACG_011,138
CTTCGATCAGAACTAGCACG_012,10
CTTCGATCAGAACTAGCACG_013,2
CTTCGATCAGAACTAGCACG_014,184
CTTTCACTACACCTTTCATG_001,118
CTTTCACTACACCTTTCATG_002,178
CTTTCACTACACCTTTCATG_003,124
CTTTCACTACACCTTTCATG_004,15
CTTTCACTACACCTTTCATG_005,110
CTTTCACTACACCTTTCATG_006,49
CCGCTGACTCTCAGACACGA_001,12
CCGCTGACTCTCAGACACGA_002,117
CCGCTGACTCTCAGACACGA_003,181
CCGCTGACTCTCAGACACGA_004,88
CCGCTGACTCTCAGACACGA_005,116
CCGCTGACTCTCAGACACGA_006,69
CCGCTGACTCTCAGACACGA_007,85
CCGCTGACTCTCAGACACGA_008,29
CCGCTGACTCTCAGACACGA_009,90
CCGCTGACTCTCAGACACGA_010,136
CCGCTGACTCTCAGACACGA_011,46
GTCTCGCGGTAGCACCTCAG_001,8
GTCTCGCGGTAGCACCTCAG_002,49
GTCTCGCGGTAGCACCTCAG_003,114
GTCTCGCGGTAGCACCTCAG_004,115
GTCTCGCGGTAGCACCTCAG_005,69
GTCTCGCGGTAGCACCTCAG_006,38
GTCTCGCGGTAGCACCTCAG_007,100
GTCTCGCGGTAGCACCTCAG_008,65
GTCTCGCGGTAGCACCTCAG_009,188
GTCTCGCGGTAGCACCTCAG_010,152
GTCTCGCGGTAGCACCTCAG_011,78
TTCCCACTTACTGCACAACA_001,45
TTCCCACTTACTGCACAACA_002,10
TTCCCACTTACTGCACAACA_003,1
TTCCCACTTACTGCACAACA_004,169
TTCCCACTTACTGCACAACA_005,88
TTCCCACTTACTGCACAACA_006,145
TTCCCACTTACTGCACAACA_007,50
TTCCCACTTACTGCACAACA_008,116
TTCCCACTTACTGCACAACA_009,34
TTCCCACTTACTGCACAACA_010,77
TTCCCACTTACTGCACAACA_011,157
TTCCCACTTACTGCACAACA_012,166
CAGAGCAGAGTACATGCACT_001,118
CAGAGCAGAGTACATGCACT_002,153
CAGAGCAGAGTACATGCACT_003,173
CAGAGCAGAGTACATGCACT_004,129
CAGAGCAGAGTACATGCACT_005,74
CAGAGCAGAGTACATGCACT_006,117
CAGAGCAGAGTACATGCACT_007,17
CAGAGCAGAGTACATGCACT_008,89
CAGAGCAGAGTACATGCACT_009,147
CAGAGCAGAGTACATGCACT_010,49
CAGAGCAGAGTACATGCACT_011,119
CAGAGCAGAGTACATGCACT_012,197
CAGAGCAGAGTACATGCACT_013,38
CAGAGCAGAGTACATGCACT_014,18
CAGAGCAGAGTACATGCACT_015,81
CAGAGCAGAGTACATGCACT_016,3
CAGAGCAGAGTACATGCACT_017,77
CAGAGCAGAGTACATGCACT_018,136
CAGAGCAGAGTACATGCACT_019,12
CAGAGCAGAGTACATGCACT_020,45
GGGTTCGAATACCATACACC_001,77
GGGTTCGAATACCATACACC_002,138
GGGTTCGAATACCATACACC_003,14
GGGTTCGAATACCATACACC_004,145
GGGTTCGAATACCATACACC_005,14
GGGTTCGAATACCATACACC_006,55
GGGTTCGAATACCATACACC_007,180
GGGTTCGAATACCATACACC_008,36
GGGTTCGAATACCATACACC_009,77
TCTACTATAAGGGCACGCCG_001,68
TCTACTATAAGGGCACGCCG_002,40
CAGACCCAGACCACCTACCG_001,44
CAGACCCAGACCACCTACCG_002,142
CAGACCCAGACCACCTACCG_003,103
CAGACCCAGACCACCTACCG_004,30
CAGACCCAGACCACCTACCG_005,67
CAGACCCAGACCACCTACCG_006,106
CAGACCCAGACCACCTACCG_007,160
CAGACCCAGACCACCTACCG_008,148
CAGACCCAGACCACCTACCG_009,8
CAGACCCAGACCACCTACCG_010,24
CAGACCCAGACCACCTACCG_011,26
CAGACCCAGACCACCTACCG_012,43
CAGACCCAGACCACCTACCG_013,150
CAGACCCAGACCACCTACCG_014,112
CAGACCCAGACCACCTACCG_015,118
CAGACCCAGACCACCTACCG_016,42
CAGACCCAGACCACCTACCG_017,113
CAGACCCAGACCACCTACCG_018,35
TGGATGAAGTACGCTGCACT_001,8
TGGATGAAGTACGCTGCACT_002,118
TGGATGAAGTACGCTGCACT_003,4
TGGATGAAGTACGCTGCACT_004,171
TGGATGAAGTACGCTGCACT_005,181
TGGATGAAGTACGCTGCACT_006,151
TGGATGAAGTACGCTGCACT_007,33
TGGATGAAGTACGCTGCACT_008,17
TGGATGAAGTACGCTGCACT_009,76
TGGATGAAGTACGCTGCACT_010,121
TGGATGAAGTACGCTGCACT_011,146
TGGATGAAGTACGCTGCACT_012,61
TGGATGAAGTACGCTGCACT_013,175
TGGATGAAGTACGCTGCACT_014,104
TGGATGAAGTACGCTGCACT_015,81
TGGATGAAGTACGCTGCACT_016,124
TGGATGAAGTACGCTGCACT_017,172
TGGATGAAGTACGCTGCACT_018,142
TGGATGAAGTACGCTGCACT_019,8
TGGATGAAGTACGCTGCACT_020,46
TGGATGAAGTACGCTGCACT_021,112
TGGATGAAGTACGCTGCACT_022,9
TGGATGAAGTACGCTGCACT_023,169
CAATTATCACCATTACAGGA_001,74
CAATTATCACCATTACAGGA_002,41
CAATTATCACCATTACAGGA_003,42
GCCTCCCATTCAATTGCCAC_001,126
GCCTCCCATTCAATTGCCAC_002,126
GCCTCCCATTCAATTGCCAC_003,128
GCCTCCCATTCAATTGCCAC_004,177
GCCTCCCATTCAATTGCCAC_005,120
GCCTCCCATTCAATTGCCAC_006,140
GCCTCCCATTCAATTGCCAC_007,61
GCCTCCCATTCAATTGCCAC_008,3
TCTCAACAATCTGTTCCACT_001,199
TGTCCTAGCACCGTTCCACT_001,185
TGTCCTAGCACCGTTCCACT_002,43
TGTCCTAGCACCGTTCCACT_003,65
TGTCCTAGCACCGTTCCACT_004,95
TGTCCTAGCACCGTTCCACT_005,122
TGTCCTAGCACCGTTCCACT_006,48
CAAAACACGATGTTGACATG_001,62
CAAAACACGATGTTGACATG_002,56
CAAAACACGATGTTGACATG_003,19
CAAAACACGATGTTGACATG_004,80
CCTGTGAAGGCGATTGACCG_001,65
CCTGTGAAGGCGATTGACCG_002,186
CCTGTGAAGGCGATTGACCG_003,98
CCTGTGAAGGCGATTGACCG_004,170
CCTGTGAAGGCGATTGACCG_005,176
CCTGTGAAGGCGATTGACCG_006,177
CCTGTGAAGGCGATTGACCG_007,174
CCTGTGAAGGCGATTGACCG_008,106
CCTGTGAAGGCGATTGACCG_009,104
TTGATAGTTCTCGTAGCGTA_001,185
TTGATAGTTCTCGTAGCGTA_002,192
TTGATAGTTCTCGTAGCGTA_003,14
TTGATAGTTCTCGTAGCGTA_004,126
TTGATAGTTCTCGTAGCGTA_005,105
TTGATAGTTCTCGTAGCGTA_006,106
TTGATAGTTCTCGTAGCGTA_007,175
AATCGGAACTGCAGACCCCG_001,48
AATCGGAACTGCAGACCCCG_002,39
AATCGGAACTGCAGACCCCG_003,16
AATCGGAACTGCAGACCCCG_004,114
AATCGGAACTGCAGACCCCG_005,106
AATCGGAACTGCAGACCCCG_006,11
AATCGGAACTGCAGACCCCG_007,193
AATCGGAACTGCAGACCCCG_008,69
AATCGGAACTGCAGACCCCG_009,38
AATCGGAACTGCAGACCCCG_010,38
AATCGGAACTGCAGACCCCG_011,190
AATCGGAACTGCAGACCCCG_012,4
AATCGGAACTGCAGACCCCG_013,70
AATCGGAACTGCAGACCCCG_014,56
AATCGGAACTGCAGACCCCG_015,0
AATCGGAACTGCAGACCCCG_016,145
AATCGGAACTGCAGACCCCG_017,175
AATCGGAACTGCAGACCCCG_018,118
AATCGGAACTGCAGACCCCG_019,36
AATCGGAACTGCAGACCCCG_020,196
AATCGGAACTGCAGACCCCG_021,20
AATCGGAACTGCAGACCCCG_022,36
AATCGGAACTGCAGACCCCG_023,64
AATCGGAACTGCAGACCCCG_024,144
AATCGGAACTGCAGACCCCG_025,138
AATCGGAACTGCAGACCCCG_026,57
AATCGGAACTGCAGACCCCG_027,199
AATCGGAACTGCAGACCCCG_028,39
AATCGGAACTGCAGACCCCG_029,170
GGCAGGGGGCAACTTCTCGG_001,157
GGCAGGGGGCAACTTCTCGG_002,153
GGCAGGGGGCAACTTCTCGG_003,161
GGCAGGGGGCAACTTCTCGG_004,47
GGCAGGGGGCAACTTCTCGG_005,114
GGCAGGGGGCAACTTCTCGG_006,100
GGCAGGGGGCAACTTCTCGG_007,74
GGCAGGGGGCAACTTCTCGG_008,68
GGCAGGGGGCAACTTCTCGG_009,146
GGCAGGGGGCAACTTCTCGG_010,93
GGCAGGGGGCAACTTCTCGG_011,115
GGCAGGGGGCAACTTCTCGG_012,174
GGCAGGGGGCAACTTCTCGG_013,78
GGCAGGGGGCAACTTCTCGG_014,94
GGCAGGGGGCAACTTCTCGG_015,61
GGCAGGGGGCAACTTCTCGG_016,184
GGCAGGGGGCAACTTCTCGG_017,105
GGCAGGGGGCAACTTCTCGG_018,1
GGCAGGGGGCAACTTCTCGG_019,127
GGCAGGGGGCAACTTCTCGG_020,105
GGCAGGGGGCAACTTCTCGG_021,19
GGCAGGGGGCAACTTCTCGG_022,12
GGCAGGGGGCAACTTCTCGG_023,151
GGCAGGGGGCAACTTCTCGG_024,3
GGCAGGGGGCAACTTCTCGG_025,41
GGCAGGGGGCAACTTCTCGG_026,43
GGCAGGGGGCAACTTCTCGG_027,83
GGCAGGGGGCAACTTCTCGG_028,105
GGCAGGGGGCAACTTCTCGG_029,197
GGCAGGGGGCAACTTCTCGG_030,199
GGCAGGGGGCAACTTCTCGG_031,98
GGCAGGGGGCAACTTCTCGG_032,153
GTACCCTGCTCAACGCACTG_001,70
GTACCCTGCTCAACGCACTG_002,148
GTACCCTGCTCAACGCACTG_003,50
GTACCCTGCTCAACGCACTG_004,149
GTACCCTGCTCAACGCACTG_005,175
GTACCCTGCTCAACGCACTG_006,188
GTACCCTGCTCAACGCACTG_007,145
GTACCCTGCTCAACGCACTG_008,83
GTACCCTGCTCAACGCACTG_009,116
GTACCCTGCTCAACGCACTG_010,170
GTACCCTGCTCAACGCACTG_011,88
GTACCCTGCTCAACGCACTG_012,73
GTACCCTGCTCAACGCACTG_013,59
GTACCCTGCTCAACGCACTG_014,109
GTACCCTGCTCAACGCACTG_015,52
GTACCCTGCTCAACGCACTG_016,90
GTACCCTGCTCAACGCACTG_017,39
GTACCCTGCTCAACGCACTG_018,146
GTACCCTGCTCAACGCACTG_019,165
AGGGAAAGTACGTTTGCCGA_001,15
AGGGAAAGTACGTTTGCCGA_002,154
AGGGAAAGTACGTTTGCCGA_003,76
AGGGAAAGTACGTTTGCCGA_004,79
AGGGAAAGTACGTTTGCCGA_005,160
AGGGAAAGTACGTTTGCCGA_006,27
AGGGAAAGTACGTTTGCCGA_007,115
AGGGAAAGTACGTTTGCCGA_008,137
AGGGAAAGTACGTTTGCCGA_009,15
AGGGAAAGTACGTTTGCCGA_010,136
AGGGAAAGTACGTTTGCCGA_011,170
AGGGAAAGTACGTTTGCCGA_012,23
AGGGAAAGTACGTTTGCCGA_013,7
AGGGAAAGTACGTTTGCCGA_014,136
CTCCAGGCGATAGAGGCGTG_001,45
CTCCAGGCGATAGAGGCGTG_002,73
CTCCAGGCGATAGAGGCGTG_003,94
CTCCAGGCGATAGAGGCGTG_004,36
CTCCAGGCGATAGAGGCGTG_005,96
CTCCAGGCGATAGAGGCGTG_006,56
CTCCAGGCGATAGAGGCGTG_007,67
CTCCAGGCGATAGAGGCGTG_008,55
TGTGGACTCACTTCTCTACG_001,105
TCTGGATAAAATGCAGGCGA_001,114
TCTGGATAAAATGCAGGCGA_002,114
TCTGGATAAAATGCAGGCGA_003,52
TCTGGATAAAATGCAGGCGA_004,174
TCTGGATAAAATGCAGGCGA_005,145
TCTGGATAAAATGCAGGCGA_006,57
TTGCCTTCCACATCAAGCCC_001,138
TTGCCTTCCACATCAAGCCC_002,168
TCCCACTCAACCAGGCACAC_001,53
TCCCACTCAACCAGGCACAC_002,105
TCCCACTCAACCAGGCACAC_003,0
TCCCACTCAACCAGGCACAC_004,101
TCCCACTCAACCAGGCACAC_005,28
TCCCACTCAACCAGGCACAC_006,81
TCCCACTCAACCAGGCACAC_007,43
TCCCACTCAACCAGGCACAC_008,114
TCCCACTCAACCAGGCACAC_009,20
TCCCACTCAACCAGGCACAC_010,176
TCCCACTCAACCAGGCACAC_011,194
TCCCACTCAACCAGGCACAC_012,170
TCCCACTCAACCAGGCACAC_013,58
TCCCACTCAACCAGGCACAC_014,187
TCCCACTCAACCAGGCACAC_015,178
TCCCACTCAACCAGGCACAC_016,6
TCCCACTCAACCAGGCACAC_017,62
TCCCACTCAACCAGGCACAC_018,17
TCCCACTCAACCAGGCACAC_019,15
TCCCACTCAACCAGGCACAC_020,115
TCCCACTCAACCAGGCACAC_021,32
TCCCACTCAACCAGGCACAC_022,2
TCCCACTCAACCAGGCACAC_023,122
TCCCACTCAACCAGGCACAC_024,79
TCCCACTCAACCAGGCACAC_025,35
TCCCACTCAACCAGGCACAC_026,191
TCCCACTCAACCAGGCACAC_027,6
TCCCACTCAACCAGGCACAC_028,37
TCCCACTCAACCAGGCACAC_029,9
GAAGACGCCTACATTCTGCG_001,127
GAAGACGCCTACATTCTGCG_002,19
TATCACCAGCAGGACCCGTA_001,146
TATCACCAGCAGGACCCGTA_002,168
TATCACCAGCAGGACCCGTA_003,132
TATCACCAGCAGGACCCGTA_004,144
TATCACCAGCAGGACCCGTA_005,20
TATCACCAGCAGGACCCGTA_006,42
TATCACCAGCAGGACCCGTA_007,82
TATCACCAGCAGGACCCGTA_008,144
TATCACCAGCAGGACCCGTA_009,61
TATCACCAGCAGGACCCGTA_010,34
TATCACCAGCAGGACCCGTA_011,23
TATCACCAGCAGGACCCGTA_012,119
TATCACCAGCAGGACCCGTA_013,105
TATCACCAGCAGGACCCGTA_014,28
TATCACCAGCAGGACCCGTA_015,160
TATCACCAGCAGGACCCGTA_016,110
AGGAGACCCCTACCATTCTG_001,83
AGGAGACCCCTACCATTCTG_002,199
AGGAGACCCCTACCATTCTG_003,192
AGGAGACCCCTACCATTCTG_004,64
AGGAGACCCCTACCATTCTG_005,115
AGGAGACCCCTACCATTCTG_006,42
AGGAGACCCCTACCATTCTG_007,169
AGGAGACCCCTACCATTCTG_008,164
AGGAGACCCCTACCATTCTG_009,164
AGGAGACCCCTACCATTCTG_010,95
AGGAGACCCCTACCATTCTG_011,89
AGGAGACCCCTACCATTCTG_012,47
AGGAGACCCCTACCATTCTG_013,58
AGGAGACCCCTACCATTCTG_014,33
AGGAGACCCCTACCATTCTG_015,81
AGGAGACCCCTACCATTCTG_016,166
AGGAGACCCCTACCATTCTG_017,51
AGGAGACCCCTACCATTCTG_018,1
AGGAGACCCCTACCATTCTG_019,61
ATGTGTTTGCAGCTACGTCT_001,198
ATGTGTTTGCAGCTACGTCT_002,144
ATGTGTTTGCAGCTACGTCT_003,60
ATGTGTTTGCAGCTACGTCT_004,73
ATGTGTTTGCAGCTACGTCT_005,146
ATGTGTTTGCAGCTACGTCT_006,185
ATGTGTTTGCAGCTACGTCT_007,148
ATGTGTTTGCAGCTACGTCT_008,158
ATGTGTTTGCAGCTACGTCT_009,147
ATGTGTTTGCAGCTACGTCT_010,69
ATGTGTTTGCAGCTACGTCT_011,81
ATGTGTTTGCAGCTACGTCT_012,44
ATGTGTTTGCAGCTACGTCT_013,108
ATGTGTTTGCAGCTACGTCT_014,88
ATGTGTTTGCAGCTACGTCT_015,175
ATGTGTTTGCAGCTACGTCT_016,13
ATGTGTTTGCAGCTACGTCT_017,56
ATGTGTTTGCAGCTACGTCT_018,149
ATGTGTTTGCAGCTACGTCT_019,105
ATGTGTTTGCAGCTACGTCT_020,49
ATGTGTTTGCAGCTACGTCT_021,48
ATGTGTTTGCAGCTACGTCT_022,58
ATGTGTTTGCAGCTACGTCT_023,6
ATGTGTTTGCAGCTACGTCT_024,190
GCGAGCCAGGCGGCGGATAG_001,160
GCGAGCCAGGCGGCGGATAG_002,6
GCGAGCCAGGCGGCGGATAG_003,155
GCGAGCCAGGCGGCGGATAG_004,167
GCGAGCCAGGCGGCGGATAG_005,172
GCGAGCCAGGCGGCGGATAG_006,120
GCGAGCCAGGCGGCGGATAG_007,114
GCGAGCCAGGCGGCGGATAG_008,118
TTGTATCCAACACTGTCACG_001,95
TTGTATCCAACACTGTCACG_002,127
TTGTATCCAACACTGTCACG_003,15
TTGTATCCAACACTGTCACG_004,160
TTGTATCCAACACTGTCACG_005,102
TTGTATCCAACACTGTCACG_006,172
TTGTATCCAACACTGTCACG_007,24
TTGTATCCAACACTGTCACG_008,190
TTGTATCCAACACTGTCACG_009,102
TTGTATCCAACACTGTCACG_010,97
TTGTATCCAACACTGTCACG_011,41
TTGTATCCAACACTGTCACG_012,194
TTGTATCCAACACTGTCACG_013,154
TTGTATCCAACACTGTCACG_014,56
TTGTATCCAACACTGTCACG_015,49
TTGTATCCAACACTGTCACG_016,160
TTGTATCCAACACTGTCACG_017,19
TTGTATCCAACACTGTCACG_018,183
TTGTATCCAACACTGTCACG_019,83
CAGATCCCTCCAAGATGACC_001,26
CAGATCCCTCCAAGATGACC_002,156
CAGATCCCTCCAAGATGACC_003,112
CAGATCCCTCCAAGATGACC_004,19
CAGATCCCTCCAAGATGACC_005,52
TGGGATGGGATCACTAGAGG_001,151
TGGGATGGGATCACTAGAGG_002,191
TGGGATGGGATCACTAGAGG_003,99
TGGGATGGGATCACTAGAGG_004,168
TGGGATGGGATCACTAGAGG_005,108
TGGGATGGGATCACTAGAGG_006,104
TGGGATGGGATCACTAGAGG_007,150
TGGGATGGGATCACTAGAGG_008,19
CTTCGCCCGACGGAATCCAG_001,78
CTTCGCCCGACGGAATCCAG_002,182
CTTCGCCCGACGGAATCCAG_003,53
CTTCGCCCGACGGAATCCAG_004,56
CTTCGCCCGACGGAATCCAG_005,96
CTTCGCCCGACGGAATCCAG_006,176
CTTCGCCCGACGGAATCCAG_007,176
CTTCGCCCGACGGAATCCAG_008,60
CTTCGCCCGACGGAATCCAG_009,102
CTTCGCCCGACGGAATCCAG_010,163
CTTCGCCCGACGGAATCCAG_011,153
CTTCGCCCGACGGAATCCAG_012,18
CTTCGCCCGACGGAATCCAG_013,16
CTTCGCCCGACGGAATCCAG_014,27
CTTCGCCCGACGGAATCCAG_015,41
CGTGGCCGAGCTGACCGTCA_001,17
CGTGGCCGAGCTGACCGTCA_002,78
CGTGGCCGAGCTGACCGTCA_003,77
CGTGGCCGAGCTGACCGTCA_004,44
CGTGGCCGAGCTGACCGTCA_005,126
CGTGGCCGAGCTGACCGTCA_006,4
CGTGGCCGAGCTGACCGTCA_007,198
CGTGGCCGAGCTGACCGTCA_008,114
CGTGGCCGAGCTGACCGTCA_009,16
CGTGGCCGAGCTGACCGTCA_010,76
CGTGGCCGAGCTGACCGTCA_011,46
CGTGGCCGAGCTGACCGTCA_012,127
CGTGGCCGAGCTGACCGTCA_013,90
CGTGGCCGAGCTGACCGTCA_014,70
CGTGGCCGAGCTGACCGTCA_015,76
CGTGGCCGAGCTGACCGTCA_016,88
TCTACCTAAAAATGGCAGCC_001,53
TCTACCTAAAAATGGCAGCC_002,181
TCTACCTAAAAATGGCAGCC_003,25
TCTACCTAAAAATGGCAGCC_004,147
TCTACCTAAAAATGGCAGCC_005,50
TCTACCTAAAAATGGCAGCC_006,127
TCTACCTAAAAATGGCAGCC_007,185
TCTACCTAAAAATGGCAGCC_008,161
GAGAGTGAATGGGCTGACCA_001,177
GAGAGTGAATGGGCTGACCA_002,160
GAGAGTGAATGGGCTGACCA_003,45
GAGAGTGAATGGGCTGACCA_004,41
GAGAGTGAATGGGCTGACCA_005,41
GAGAGTGAATGGGCTGACCA_006,170
GAGAGTGAATGGGCTGACCA_007,139
GAGAGTGAATGGGCTGACCA_008,115
GAGAGTGAATGGGCTGACCA_009,146
GAGAGTGAATGGGCTGACCA_010,192
GAGAGTGAATGGGCTGACCA_011,127
GAGAGTGAATGGGCTGACCA_012,187
GAGAGTGAATGGGCTGACCA_013,91
GAGAGTGAATGGGCTGACCA_014,193
GAGAGTGAATGGGCTGACCA_015,183
GAGAGTGAATGGGCTGACCA_016,138
GAGAGTGAATGGGCTGACCA_017,164
GAGAGTGAATGGGCTGACCA_018,84
ACGATCCAGGGCAGACGACT_001,191
ACGATCCAGGGCAGACGACT_002,50
ACGATCCAGGGCAGACGACT_003,22
ACGATCCAGGGCAGACGACT_004,8
ACGATCCAGGGCAGACGACT_005,126
ACGATCCAGGGCAGACGACT_006,160
ACGATCCAGGGCAGACGACT_007,60
ACGATCCAGGGCAGACGACT_008,48
ACGATCCAGGGCAGACGACT_009,29
ACGATCCAGGGCAGACGACT_010,97
ACGATCCAGGGCAGACGACT_011,8
ACGATCCAGGGCAGACGACT_012,115
ACGATCCAGGGCAGACGACT_013,43
ACGATCCAGGGCAGACGACT_014,184
ACGATCCAGGGCAGACGACT_015,13
ACGATCCAGGGCAGACGACT_016,31
GCTCCCGGTAGCGTGGGCCC_001,97
GCTCCCGGTAGCGTGGGCCC_002,61
CACAGGCACTGAACACATCG_001,116
CACAGGCACTGAACACATCG_002,30
CACAGGCACTGAACACATCG_003,129
CACAGGCACTGAACACATCG_004,167
CACAGGCACTGAACACATCG_005,29
CACAGGCACTGAACACATCG_006,131
CCATGATCCGCCCCACAAAG_001,144
CCATGATCCGCCCCACAAAG_002,68
CCATGATCCGCCCCACAAAG_003,64
CCATGATCCGCCCCACAAAG_004,72
CCCAGTGAAGTAAAACCCAG_001,29
CCCAGTGAAGTAAAACCCAG_002,73
CCCAGTGAAGTAAAACCCAG_003,68
CCCAGTGAAGTAAAACCCAG_004,52
CCCAGTGAAGTAAAACCCAG_005,98
GATCAAAGCAACGCTCTCGG_001,169
GATCAAAGCAACGCTCTCGG_002,45
GATCAAAGCAACGCTCTCGG_003,89
GATCAAAGCAACGCTCTCGG_004,168
GATCAAAGCAACGCTCTCGG_005,145
GATCAAAGCAACGCTCTCGG_006,169
GATCAAAGCAACGCTCTCGG_007,86
GATCAAAGCAACGCTCTCGG_008,162
GATCAAAGCAACGCTCTCGG_009,158
GATCAAAGCAACGCTCTCGG_010,158
GATCAAAGCAACGCTCTCGG_011,34
GATCAAAGCAACGCTCTCGG_012,36
GATCAAAGCAACGCTCTCGG_013,182
GATCAAAGCAACGCTCTCGG_014,85
GATCAAAGCAACGCTCTCGG_015,116
GATCAAAGCAACGCTCTCGG_016,29
GATCAAAGCAACGCTCTCGG_017,34
GGATAGATCACTGCGACCAG_001,38
GGATAGGCGCGCTGCTCGAA_001,70
GGATAGGCGCGCTGCTCGAA_002,174
GGATAGGCGCGCTGCTCGAA_003,94
GGATAGGCGCGCTGCTCGAA_004,43
GGATAGGCGCGCTGCTCGAA_005,140
GGATAGGCGCGCTGCTCGAA_006,137
GTAGGGGAAGCGCCACACGT_001,190
GTAGGGGAAGCGCCACACGT_002,55
GTAGGGGAAGCGCCACACGT_003,176
GTAGGGGAAGCGCCACACGT_004,111
GTAGGGGAAGCGCCACACGT_005,85
GTAGGGGAAGCGCCACACGT_006,64
GTAGGGGAAGCGCCACACGT_007,147
GTAGGGGAAGCGCCACACGT_008,76
GTAGGGGAAGCGCCACACGT_009,124
GTAGGGGAAGCGCCACACGT_010,2
GTAGGGGAAGCGCCACACGT_011,127
GTAGGGGAAGCGCCACACGT_012,188
GTAGGGGAAGCGCCACACGT_013,174
TGGTATGGCCCACCGACCAG_001,172
TGGTATGGCCCACCGACCAG_002,12
TGGTATGGCCCACCGACCAG_003,199
TGGTATGGCCCACCGACCAG_004,154
TGGTATGGCCCACCGACCAG_005,164
TGGTATGGCCCACCGACCAG_006,126
TGGTATGGCCCACCGACCAG_007,197
AAATGAGTACCTACCTGTCG_001,170
CCAAGCTTTCGTCCCATGCA_001,105
CCAAGCTTTCGTCCCATGCA_002,178
CCAAGCTTTCGTCCCATGCA_003,157
ACTCACCGAGGCTTTGCACA_001,0
ACTCACCGAGGCTTTGCACA_002,136
ACTCACCGAGGCTTTGCACA_003,48
ACTCACCGAGGCTTTGCACA_004,168
ACTCACCGAGGCTTTGCACA_005,83
ACTCACCGAGGCTTTGCACA_006,96
ACTCACCGAGGCTTTGCACA_007,83
ACTCACCGAGGCTTTGCACA_008,175
ACTCACCGAGGCTTTGCACA_009,34
ACTCACCGAGGCTTTGCACA_010,196
ACTCACCGAGGCTTTGCACA_011,67
ACTCACCGAGGCTTTGCACA_012,146
ACTCACCGAGGCTTTGCACA_013,11
ACTCACCGAGGCTTTGCACA_014,40
CCAACACGACAGCACCATGT_001,8
CCAACACGACAGCACCATGT_002,135
GTTACATGGACAGTCTACTG_001,20
GTTACATGGACAGTCTACTG_002,160
GTTACATGGACAGTCTACTG_003,77
GTTACATGGACAGTCTACTG_004,19
GTTACATGGACAGTCTACTG_005,61
GTTACATGGACAGTCTACTG_006,27
GTTACATGGACAGTCTACTG_007,147
GTTACATGGACAGTCTACTG_008,165
GTTACATGGACAGTCTACTG_009,184
GTTACATGGACAGTCTACTG_010,6
GTTACATGGACAGTCTACTG_011,89
ACCTCATCGCACCTGCCGGG_001,154
ACCTCATCGCACCTGCCGGG_002,64
ACCTCATCGCACCTGCCGGG_003,197
AGGCATAAAGAACCCCACGC_001,107
AGGCATAAAGAACCCCACGC_002,175
AGGCATAAAGAACCCCACGC_003,32
AGGCATAAAGAACCCCACGC_004,114
AGGCATAAAGAACCCCACGC_005,59
AGGCATAAAGAACCCCACGC_006,168
AGGCATAAAGAACCCCACGC_007,138
AGGCATAAAGAACCCCACGC_008,150
AGGCATAAAGAACCCCACGC_009,149
AGGCATAAAGAACCCCACGC_010,36
AGGCATAAAGAACCCCACGC_011,11
AGGCATAAAGAACCCCACGC_012,55
AGGCATAAAGAACCCCACGC_013,76
AGGCATAAAGAACCCCACGC_014,0
AGGCATAAAGAACCCCACGC_015,75
AGGCATAAAGAACCCCACGC_016,176
AGGCATAAAGAACCCCACGC_017,127
AGGCATAAAGAACCCCACGC_018,76
AGGCATAAAGAACCCCACGC_019,68
AGGCATAAAGAACCCCACGC_020,134
AGGCATAAAGAACCCCACGC_021,81
AGGCATAAAGAACCCCACGC_022,5
AGGCATAAAGAACCCCACGC_023,124
AGGCATAAAGAACCCCACGC_024,158
AGGCATAAAGAACCCCACGC_025,168
AGGCATAAAGAACCCCACGC_026,52
AGGCATAAAGAACCCCACGC_027,34
AGGCATAAAGAACCCCACGC_028,66
TGATGAGAAGATAGCATACG_001,151
TGATGAGAAGATAGCATACG_002,147
TGATGAGAAGATAGCATACG_003,149
TGATGAGAAGATAGCATACG_004,4
TGATGAGAAGATAGCATACG_005,19
TGATGAGAAGATAGCATACG_006,79
TGATGAGAAGATAGCATACG_007,178
TGATGAGAAGATAGCATACG_008,116
TGATGAGAAGATAGCATACG_009,42
ATCCAAAGTTTGGAAGTGAT_001,70
ATCCAAAGTTTGGAAGTGAT_002,104
ATCCAAAGTTTGGAAGTGAT_003,15
ATCCAAAGTTTGGAAGTGAT_004,137
ATCCAAAGTTTGGAAGTGAT_005,94
ATCCAAAGTTTGGAAGTGAT_006,83
ATCCAAAGTTTGGAAGTGAT_007,69
ATCCAAAGTTTGGAAGTGAT_008,104
ATCCAAAGTTTGGAAGTGAT_009,19
AAATCACATTCTCCAATAAG_001,112
TTGAATGAATGGGCCCACGG_001,56
TTGAATGAATGGGCCCACGG_002,36
TTGAATGAATGGGCCCACGG_003,147
TTGAATGAATGGGCCCACGG_004,84
TTGAATGAATGGGCCCACGG_005,118
TTGAATGAATGGGCCCACGG_006,127
TTGAATGAATGGGCCCACGG_007,161
TTGAATGAATGGGCCCACGG_008,146
TTGAATGAATGGGCCCACGG_009,111
TTGAATGAATGGGCCCACGG_010,181
TTGAATGAATGGGCCCACGG_011,35
TTGAATGAATGGGCCCACGG_012,103
TTGAATGAATGGGCCCACGG_013,81
TTGAATGAATGGGCCCACGG_014,88
TTGAATGAATGGGCCCACGG_015,112
TTGAATGAATGGGCCCACGG_016,17
TTGAATGAATGGGCCCACGG_017,61
TTGAATGAATGGGCCCACGG_018,60
TTGAATGAATGGGCCCACGG_019,40
TTGAATGAATGGGCCCACGG_020,169
TTGAATGAATGGGCCCACGG_021,147
TTGAATGAATGGGCCCACGG_022,140
TTGAATGAATGGGCCCACGG_023,83
TTGAATGAATGGGCCCACGG_024,160
TTGAATGAATGGGCCCACGG_025,17
TTGAATGAATGGGCCCACGG_026,17
TTGAATGAATGGGCCCACGG_027,2
TTGAATGAATGGGCCCACGG_028,115
TTGAATGAATGGGCCCACGG_029,161
AGCCTGGTACCTCATCGCGT_001,100
AGCCTGGTACCTCATCGCGT_002,165
AGCCTGGTACCTCATCGCGT_003,168
AGCCTGGTACCTCATCGCGT_004,6
AGCCTGGTACCTCATCGCGT_005,67
AGCCTGGTACCTCATCGCGT_006,94
AGCCTGGTACCTCATCGCGT_007,152
AGAAGAAGAACTCAAACCTC_001,132
AGAAGAAGAACTCAAACCTC_002,90
AGAAGAAGAACTCAAACCTC_003,43
AGAAGAAGAACTCAAACCTC_004,197
CTGAAAAGGCTAAACCACCA_001,88
CTGAAAAGGCTAAACCACCA_002,127
CTGAAAAGGCTAAACCACCA_003,127
CTGAAAAGGCTAAACCACCA_004,16
CTGAAAAGGCTAAACCACCA_005,98
CTGAAAAGGCTAAACCACCA_006,98
CTGAAAAGGCTAAACCACCA_007,169
CTGAAAAGGCTAAACCACCA_008,141
CTGAAAAGGCTAAACCACCA_009,32
CTGAAAAGGCTAAACCACCA_010,105
CTGAAAAGGCTAAACCACCA_011,108
CTGAAAAGGCTAAACCACCA_012,15
CTGAAAAGGCTAAACCACCA_013,125
CTGAAAAGGCTAAACCACCA_014,49
CTGAAAAGGCTAAACCACCA_015,1
CTGAAAAGGCTAAACCACCA_016,147
CTGAAAAGGCTAAACCACCA_017,46
CTGAAAAGGCTAAACCACCA_018,61
CTGAAAAGGCTAAACCACCA_019,8
TGGTGGTACTTCCATAAGCA_001,19
TGGTGGTACTTCCATAAGCA_002,105
TGGTGGTACTTCCATAAGCA_003,119
TGGTGGTACTTCCATAAGCA_004,161
TGGTGGTACTTCCATAAGCA_005,75
TGGTGGTACTTCCATAAGCA_006,174
TGGTGGTACTTCCATAAGCA_007,168
TGGTGGTACTTCCATAAGCA_008,60
TGGTGGTACTTCCATAAGCA_009,141
TGGTGGTACTTCCATAAGCA_010,53
TGGTGGTACTTCCATAAGCA_011,186
TGGTGGTACTTCCATAAGCA_012,19
CCCAGGTGCAAACCTCAATG_001,191
CCCAGGTGCAAACCTCAATG_002,187
CCCAGGTGCAAACCTCAATG_003,122
CCCAGGTGCAAACCTCAATG_004,11
GTCTCGAAGGGCTTCACCAG_001,94
GTCTCGAAGGGCTTCACCAG_002,88
GTCTCGAAGGGCTTCACCAG_003,137
GTCTCGAAGGGCTTCACCAG_004,22
GTCTCGAAGGGCTTCACCAG_005,105
GTCTCGAAGGGCTTCACCAG_006,148
GTCTCGAAGGGCTTCACCAG_007,18
GTCTCGAAGGGCTTCACCAG_008,106
GTCTCGAAGGGCTTCACCAG_009,171
GTCTCGAAGGGCTTCACCAG_010,184
GTCTCGAAGGGCTTCACCAG_011,147
GTCTCGAAGGGCTTCACCAG_012,48
GTCTCGAAGGGCTTCACCAG_013,58
GTCTCGAAGGGCTTCACCAG_014,181
GTCTCGAAGGGCTTCACCAG_015,110
GTCTCGAAGGGCTTCACCAG_016,162
GTCTCGAAGGGCTTCACCAG_017,131
GTCTCGAAGGGCTTCACCAG_018,169
GTCTCGAAGGGCTTCACCAG_019,112
GTCTCGAAGGGCTTCACCAG_020,4
GTCTCGAAGGGCTTCACCAG_021,30
GTCTCGAAGGGCTTCACCAG_022,34
CCACAGAGGACGCTACCATG_001,190
CCACAGAGGACGCTACCATG_002,77
CCACAGAGGACGCTACCATG_003,11
CCACAGAGGACGCTACCATG_004,160
CCACAGAGGACGCTACCATG_005,137
CCACAGAGGACGCTACCATG_006,68
CCACAGAGGACGCTACCATG_007,74
CCACAGAGGACGCTACCATG_008,199
CCACAGAGGACGCTACCATG_009,164
CCACAGAGGACGCTACCATG_010,179
CCACAGAGGACGCTACCATG_011,49
CCACAGAGGACGCTACCATG_012,162
CCACAGAGGACGCTACCATG_013,38
CCACAGAGGACGCTACCATG_014,87
CCACAGAGGACGCTACCATG_015,30
CCACAGAGGACGCTACCATG_016,183
CCACAGAGGACGCTACCATG_017,156
CCACAGAGGACGCTACCATG_018,169
CCACAGAGGACGCTACCATG_019,67
CCACAGAGGACGCTACCATG_020,141
CCACAGAGGACGCTACCATG_021,106
CCACAGAGGACGCTACCATG_022,174
CCACAGAGGACGCTACCATG_023,72
CCACAGAGGACGCTACCATG_024,72
CCACAGAGGACGCTACCATG_025,55
GTTGAGACTCAGAACTTGGA_001,170
GTTGAGACTCAGAACTTGGA_002,61
GTTGAGACTCAGAACTTGGA_003,2
GTTGAGACTCAGAACTTGGA_004,138
GTTGAGACTCAGAACTTGGA_005,166
GTTGAGACTCAGAACTTGGA_006,156
GTTGAGACTCAGAACTTGGA_007,179
GTTGAGACTCAGAACTTGGA_008,93
GTTGAGACTCAGAACTTGGA_009,58
GTTGAGACTCAGAACTTGGA_010,35
GTTGAGACTCAGAACTTGGA_011,33
GTTGAGACTCAGAACTTGGA_012,70
TCTCGTAGCCTAATGCGCCA_001,181
CATCAGTGAGGGCTGACGCG_001,17
CATCAGTGAGGGCTGACGCG_002,149
CATCAGTGAGGGCTGACGCG_003,137
CATCAGTGAGGGCTGACGCG_004,29
CATCAGTGAGGGCTGACGCG_005,38
CATCAGTGAGGGCTGACGCG_006,6
CATCAGTGAGGGCTGACGCG_007,80
GGAAGTTGGTCCCATAGATA_001,0
GGAAGTTGGTCCCATAGATA_002,153
GGAAGTTGGTCCCATAGATA_003,28
GGAAGTTGGTCCCATAGATA_004,78
GGAAGTTGGTCCCATAGATA_005,169
GGAAGTTGGTCCCATAGATA_006,83
GGAAGTTGGTCCCATAGATA_007,92
GGAAGTTGGTCCCATAGATA_008,148
GGAAGTTGGTCCCATAGATA_009,188
AGGTAACCTCACCTTAGTGT_001,20
AGGTAACCTCACCTTAGTGT_002,177
AGGTAACCTCACCTTAGTGT_003,153
AGGTAACCTCACCTTAGTGT_004,127
AGGTAACCTCACCTTAGTGT_005,2
AGGTAACCTCACCTTAGTGT_006,105
AGGTAACCTCACCTTAGTGT_007,63
AGGTAACCTCACCTTAGTGT_008,63
AGGTAACCTCACCTTAGTGT_009,102
GATGTTCCCCATATCCAGTG_001,178
GATGTTCCCCATATCCAGTG_002,178
GATGTTCCCCATATCCAGTG_003,151
GATGTTCCCCATATCCAGTG_004,155
GCCACCTATTCCTACAGACA_001,67
CCAGTCCAGCACGGTCCCAG_001,48
CCAGTCCAGCACGGTCCCAG_002,137
CCAGTCCAGCACGGTCCCAG_003,33
CCAGTCCAGCACGGTCCCAG_004,69
CCAGTCCAGCACGGTCCCAG_005,175
CCAGTCCAGCACGGTCCCAG_006,109
CCAGTCCAGCACGGTCCCAG_007,134
CAGAGTTGGATTCTTCCAAG_001,78
CAGAGTTGGATTCTTCCAAG_002,42
CAGAGTTGGATTCTTCCAAG_003,26
CAGAGTTGGATTCTTCCAAG_004,152
CAGAGTTGGATTCTTCCAAG_005,85
CTACTCCGTAGTGTTCGTCG_001,38
CTACTCCGTAGTGTTCGTCG_002,58
CTACTCCGTAGTGTTCGTCG_003,12
CTACTCCGTAGTGTTCGTCG_004,52
CTACTCCGTAGTGTTCGTCG_005,124
CTACTCCGTAGTGTTCGTCG_006,19
GGACAATTAGAGTTAGGGCC_001,191
TCAACGGACGCGAACGCAAG_001,70
TCAACGGACGCGAACGCAAG_002,132
TCAACGGACGCGAACGCAAG_003,182
TCAACGGACGCGAACGCAAG_004,87
TCAACGGACGCGAACGCAAG_005,52
TCAACGGACGCGAACGCAAG_006,162
TCAACGGACGCGAACGCAAG_007,49
TCAACGGACGCGAACGCAAG_008,69
TCAACGGACGCGAACGCAAG_009,21
TCAACGGACGCGAACGCAAG_010,94
TCAACGGACGCGAACGCAAG_011,102
TCAACGGACGCGAACGCAAG_012,34
TCAACGGACGCGAACGCAAG_013,51
TCAACGGACGCGAACGCAAG_014,39
AGGAAGTTCAGCGTGCGATG_001,160
AGGAAGTTCAGCGTGCGATG_002,144
AGGAAGTTCAGCGTGCGATG_003,19
AGGAAGTTCAGCGTGCGATG_004,118
AGGAAGTTCAGCGTGCGATG_005,5
AGGAAGTTCAGCGTGCGATG_006,57
AGGAAGTTCAGCGTGCGATG_007,172
AGGAAGTTCAGCGTGCGATG_008,144
AGGAAGTTCAGCGTGCGATG_009,102
AGGAAGTTCAGCGTGCGATG_010,121
AGGAAGTTCAGCGTGCGATG_011,146
AGGAAGTTCAGCGTGCGATG_012,146
AGGAAGTTCAGCGTGCGATG_013,176
CAGCACGGAAGCTCTCATCT_001,98
CAGCACGGAAGCTCTCATCT_002,122
CAGCACGGAAGCTCTCATCT_003,162
CAGCACGGAAGCTCTCATCT_004,105
CAGCACGGAAGCTCTCATCT_005,171
CAGCACGGAAGCTCTCATCT_006,84
CAGCACGGAAGCTCTCATCT_007,115
CAGCACGGAAGCTCTCATCT_008,57
CAGCACGGAAGCTCTCATCT_009,142
CAGCACGGAAGCTCTCATCT_010,88
CAGCACGGAAGCTCTCATCT_011,48
CAGCACGGAAGCTCTCATCT_012,57
CAGCACGGAAGCTCTCATCT_013,166
CAGCACGGAAGCTCTCATCT_014,53
CAGCACGGAAGCTCTCATCT_015,55
CAGCACGGAAGCTCTCATCT_016,61
CAGCACGGAAGCTCTCATCT_017,148
CAGCACGGAAGCTCTCATCT_018,117
CGGCAAGACAGCGAGCGGTG_001,0
CGGCAAGACAGCGAGCGGTG_002,153
CGGCAAGACAGCGAGCGGTG_003,89
CGGCAAGACAGCGAGCGGTG_004,82
CGGCAAGACAGCGAGCGGTG_005,17
CGGCAAGACAGCGAGCGGTG_006,138
CGGCAAGACAGCGAGCGGTG_007,39
TCCCCGAGACCATCTTAGGG_001,4
TCCCCGAGACCATCTTAGGG_002,15
TCCCCGAGACCATCTTAGGG_003,36
TCCCCGAGACCATCTTAGGG_004,86
TCCCCGAGACCATCTTAGGG_005,60
TCCCCGAGACCATCTTAGGG_006,4
TCCCCGAGACCATCTTAGGG_007,180
TCCCCGAGACCATCTTAGGG_008,76
TCCCCGAGACCATCTTAGGG_009,98
TCCCCGAGACCATCTTAGGG_010,172
TCCCCGAGACCATCTTAGGG_011,11
TCCCCGAGACCATCTTAGGG_012,197
TCCCCGAGACCATCTTAGGG_013,115
TCCCCGAGACCATCTTAGGG_014,188
TCCCCGAGACCATCTTAGGG_015,130
TCCCCGAGACCATCTTAGGG_016,48
TCCCCGAGACCATCTTAGGG_017,3
TCCCCGAGACCATCTTAGGG_018,155
GGAGTCCGCCTGACAGCGCG_001,96
GGAGTCCGCCTGACAGCGCG_002,178
GGAGTCCGCCTGACAGCGCG_003,12
GGAGTCCGCCTGACAGCGCG_004,153
GGAGTCCGCCTGACAGCGCG_005,115
GGAGTCCGCCTGACAGCGCG_006,115
GGAGTCCGCCTGACAGCGCG_007,21
GGAGTCCGCCTGACAGCGCG_008,32
GGAGTCCGCCTGACAGCGCG_009,31
GGAGTCCGCCTGACAGCGCG_010,94
GGAGTCCGCCTGACAGCGCG_011,182
GGAGTCCGCCTGACAGCGCG_012,62
GGAGTCCGCCTGACAGCGCG_013,45
GGAGTCCGCCTGACAGCGCG_014,166
GGAGTCCGCCTGACAGCGCG_015,158
GGAGTCCGCCTGACAGCGCG_016,158
GGAGTCCGCCTGACAGCGCG_017,66
GGAGTCCGCCTGACAGCGCG_018,15
GGAGTCCGCCTGACAGCGCG_019,160
GGAGTCCGCCTGACAGCGCG_020,102
GGAGTCCGCCTGACAGCGCG_021,112
GGAGTCCGCCTGACAGCGCG_022,135
ATTTCCCACAATGGACCACG_001,102
ATTTCCCACAATGGACCACG_002,175
ATTTCCCACAATGGACCACG_003,87
ATTTCCCACAATGGACCACG_004,110
ATTTCCCACAATGGACCACG_005,103
ATTTCCCACAATGGACCACG_006,82
ATTTCCCACAATGGACCACG_007,32
ATTTCCCACAATGGACCACG_008,114
ATTTCCCACAATGGACCACG_009,3
ATTTCCCACAATGGACCACG_010,115
ATTTCCCACAATGGACCACG_011,137
ATTTCCCACAATGGACCACG_012,124
ATTTCCCACAATGGACCACG_013,126
ATTTCCCACAATGGACCACG_014,126
ATTTCCCACAATGGACCACG_015,180
ATTTCCCACAATGGACCACG_016,106
TCACTAAGCCCATCGAAGAG_001,37
TCACTAAGCCCATCGAAGAG_002,120
TCACTAAGCCCATCGAAGAG_003,27
TCACTAAGCCCATCGAAGAG_004,57
TCACTAAGCCCATCGAAGAG_005,176
TCACTAAGCCCATCGAAGAG_006,141
TCACTAAGCCCATCGAAGAG_007,115
TCACTAAGCCCATCGAAGAG_008,90
TCACTAAGCCCATCGAAGAG_009,18
CTGAGGTTGAACTCGTAATG_001,40
CTGAGGTTGAACTCGTAATG_002,173
CTGAGGTTGAACTCGTAATG_003,9
CTGAGGTTGAACTCGTAATG_004,191
CTGAGGTTGAACTCGTAATG_005,172
CTGAGGTTGAACTCGTAATG_006,190
CTGAGGTTGAACTCGTAATG_007,22
CTGAGGTTGAACTCGTAATG_008,48
CTGAGGTTGAACTCGTAATG_009,197
ACGGACATGAAGCAATATCA_001,175
ACGGACATGAAGCAATATCA_002,174
GCTAGCCTCGCACTTACCGT_001,150
GCTAGCCTCGCACTTACCGT_002,186
GCTAGCCTCGCACTTACCGT_003,170
GCTAGCCTCGCACTTACCGT_004,140
GCTAGCCTCGCACTTACCGT_005,1
GCTAGCCTCGCACTTACCGT_006,85
GCTAGCCTCGCACTTACCGT_007,164
GCTAGCCTCGCACTTACCGT_008,178
GCTAGCCTCGCACTTACCGT_009,104
GCTAGCCTCGCACTTACCGT_010,152
TCTGACGATTAATGCTTCTA_001,56
TCTGACGATTAATGCTTCTA_002,81
TCTGACGATTAATGCTTCTA_003,135
TCTGACGATTAATGCTTCTA_004,6
TCTGACGATTAATGCTTCTA_005,121
ATGAAGCGGCCGTTCTCAAG_001,77
ATGAAGCGGCCGTTCTCAAG_002,55
ATGAAGCGGCCGTTCTCAAG_003,168
ATGAAGCGGCCGTTCTCAAG_004,112
ATGAAGCGGCCGTTCTCAAG_005,33
ATGAAGCGGCCGTTCTCAAG_006,50
ATGAAGCGGCCGTTCTCAAG_007,32
ATGAAGCGGCCGTTCTCAAG_008,73
ATGAAGCGGCCGTTCTCAAG_009,40
ATGAAGCGGCCGTTCTCAAG_010,58
ATGAAGCGGCCGTTCTCAAG_011,38
ATGAAGCGGCCGTTCTCAAG_012,28
ATGAAGCGGCCGTTCTCAAG_013,175
ATGAAGCGGCCGTTCTCAAG_014,121
ATGAAGCGGCCGTTCTCAAG_015,15
ATGAAGCGGCCGTTCTCAAG_016,27
ATGAAGCGGCCGTTCTCAAG_017,199
ATGAAGCGGCCGTTCTCAAG_018,187
CCGCCTTCCTGAGCATGTAA_001,123
CATGTAGGCGATTCGCACCG_001,69
CATGTAGGCGATTCGCACCG_002,72
CATGTAGGCGATTCGCACCG_003,49
CATGTAGGCGATTCGCACCG_004,57
GCTTCGCAGCCTGCTAACCA_001,158
GCTTCGCAGCCTGCTAACCA_002,85
GCTTCGCAGCCTGCTAACCA_003,147
GCTTCGCAGCCTGCTAACCA_004,88
GCTTCGCAGCCTGCTAACCA_005,168
GCTTCGCAGCCTGCTAACCA_006,10
GGGTAAGGGATTTATACACG_001,147
GGGTAAGGGATTTATACACG_002,141
GGGTAAGGGATTTATACACG_003,22
GCCATCCCCAGGGAATACAT_001,150
GCCATCCCCAGGGAATACAT_002,68
GCCATCCCCAGGGAATACAT_003,15
GCCATCCCCAGGGAATACAT_004,20
GCCATCCCCAGGGAATACAT_005,58
GCCATCCCCAGGGAATACAT_006,176
GCCATCCCCAGGGAATACAT_007,50
GCCATCCCCAGGGAATACAT_008,35
GCCATCCCCAGGGAATACAT_009,3
GCCATCCCCAGGGAATACAT_010,17
GCCATCCCCAGGGAATACAT_011,53
GCCATCCCCAGGGAATACAT_012,35
ACTGTAGTATCAGTCAGTCC_001,55
ACTGTAGTATCAGTCAGTCC_002,105
ACTGTAGTATCAGTCAGTCC_003,91
TGTACGGGAGGAAAACACGG_001,77
TGTACGGGAGGAAAACACGG_002,27
TGTACGGGAGGAAAACACGG_003,5
TGTACGGGAGGAAAACACGG_004,68
TGTACGGGAGGAAAACACGG_005,153
TGTACGGGAGGAAAACACGG_006,184
TGTACGGGAGGAAAACACGG_007,82
TGTACGGGAGGAAAACACGG_008,114
TGTACGGGAGGAAAACACGG_009,114
TGTACGGGAGGAAAACACGG_010,152
TGTACGGGAGGAAAACACGG_011,141
TGTACGGGAGGAAAACACGG_012,149
TGTACGGGAGGAAAACACGG_013,97
TGTACGGGAGGAAAACACGG_014,59
TGTACGGGAGGAAAACACGG_015,91
TGTACGGGAGGAAAACACGG_016,56
TGTACGGGAGGAAAACACGG_017,106
TGTACGGGAGGAAAACACGG_018,105
TGTACGGGAGGAAAACACGG_019,48
TGTACGGGAGGAAAACACGG_020,77
TGTACGGGAGGAAAACACGG_021,102
TGTACGGGAGGAAAACACGG_022,131
TGTACGGGAGGAAAACACGG_023,70
TGTACGGGAGGAAAACACGG_024,157
TGTACGGGAGGAAAACACGG_025,12
TGTACGGGAGGAAAACACGG_026,107
TGTACGGGAGGAAAACACGG_027,104
TGTACGGGAGGAAAACACGG_028,2
TGTACGGGAGGAAAACACGG_029,105
TGTACGGGAGGAAAACACGG_030,76
TGTACGGGAGGAAAACACGG_031,93
ACCGACTGGATAATAAGCCA_001,68
ACCGACTGGATAATAAGCCA_002,34
ACCGACTGGATAATAAGCCA_003,159
ACCGACTGGATAATAAGCCA_004,91
CCTATGCTACAATCGGCAGA_001,160
CCTATGCTACAATCGGCAGA_002,29
CCTATGCTACAATCGGCAGA_003,29
CCTATGCTACAATCGGCAGA_004,2
CCTATGCTACAATCGGCAGA_005,168
CCTATGCTACAATCGGCAGA_006,165
CCTATGCTACAATCGGCAGA_007,23
AGAGGCATTTCATGGCAGTG_001,38
AGAGGCATTTCATGGCAGTG_002,157
AGAGGCATTTCATGGCAGTG_003,186
AGAGGCATTTCATGGCAGTG_004,98
AGAGGCATTTCATGGCAGTG_005,1
AGAGGCATTTCATGGCAGTG_006,160
AGAGGCATTTCATGGCAGTG_007,179
AGAGGCATTTCATGGCAGTG_008,180
AGAGGCATTTCATGGCAGTG_009,28
AGAGGCATTTCATGGCAGTG_010,158
AGAGTGTGGTTTATGCATCG_001,84
AGAGTGTGGTTTATGCATCG_002,176
AGAGTGTGGTTTATGCATCG_003,41
AGAGTGTGGTTTATGCATCG_004,54
AGAGTGTGGTTTATGCATCG_005,175
AGAGTGTGGTTTATGCATCG_006,8
AGAGTGTGGTTTATGCATCG_007,149
AGAGTGTGGTTTATGCATCG_008,122
AGAGTGTGGTTTATGCATCG_009,121
AGAGTGTGGTTTATGCATCG_010,6
AGAGTGTGGTTTATGCATCG_011,138
GCTTGATACCTGTTCACTGG_001,121
GCTTGATACCTGTTCACTGG_002,102
GCTTGATACCTGTTCACTGG_003,156
ACCTCTTATTGGTCACAATG_001,130
ACCTCTTATTGGTCACAATG_002,199
GAGAAAGACCTTCGGTACGT_001,177
GAGAAAGACCTTCGGTACGT_002,183
GAGAAAGACCTTCGGTACGT_003,193
GAGAAAGACCTTCGGTACGT_004,181
GGTACTGCCAGAGGCGAACG_001,147
GGTACTGCCAGAGGCGAACG_002,75
GGTACTGCCAGAGGCGAACG_003,124
GGTACTGCCAGAGGCGAACG_004,84
GGTACTGCCAGAGGCGAACG_005,159
GGTACTGCCAGAGGCGAACG_006,160
GGTACTGCCAGAGGCGAACG_007,65
GGTACTGCCAGAGGCGAACG_008,147
CCTCCTTTGCAGCCACAACG_001,196
CCTCCTTTGCAGCCACAACG_002,177
CCTCCTTTGCAGCCACAACG_003,6
CCTCCTTTGCAGCCACAACG_004,6
CCTCCTTTGCAGCCACAACG_005,30
CCTCCTTTGCAGCCACAACG_006,162
CCTCCTTTGCAGCCACAACG_007,143
CCTCCTTTGCAGCCACAACG_008,6
CCTCCTTTGCAGCCACAACG_009,33
CCTCCTTTGCAGCCACAACG_010,141
CCTCCTTTGCAGCCACAACG_011,104
ACCTAAGCGATGAAATCCAA_001,142
ACCTAAGCGATGAAATCCAA_002,183
ACCTAAGCGATGAAATCCAA_003,196
ACCTAAGCGATGAAATCCAA_004,161
ACCTAAGCGATGAAATCCAA_005,100
ACCTAAGCGATGAAATCCAA_006,147
ACCTAAGCGATGAAATCCAA_007,119
GCTGCCCGACGAGAACAATG_001,78
GCTGCCCGACGAGAACAATG_002,4
GCTGCCCGACGAGAACAATG_003,182
GCTGCCCGACGAGAACAATG_004,162
GCTGCCCGACGAGAACAATG_005,61
GCTGCCCGACGAGAACAATG_006,110
GCTGCCCGACGAGAACAATG_007,34
GCTGCCCGACGAGAACAATG_008,115
GCTGCCCGACGAGAACAATG_009,68
GCTGCCCGACGAGAACAATG_010,104
TGGGGTGCACGAGACCTGAA_001,17
TGGGGTGCACGAGACCTGAA_002,185
TGGGGTGCACGAGACCTGAA_003,17
TGGGGTGCACGAGACCTGAA_004,84
TGGGGTGCACGAGACCTGAA_005,150
TGGGGTGCACGAGACCTGAA_006,88
TGGGGTGCACGAGACCTGAA_007,82
TGGGGTGCACGAGACCTGAA_008,61
TGGGGTGCACGAGACCTGAA_009,190
TGGGGTGCACGAGACCTGAA_010,70
TGGGGTGCACGAGACCTGAA_011,15
TGGGGTGCACGAGACCTGAA_012,70
TGGGGTGCACGAGACCTGAA_013,81
TGGGGTGCACGAGACCTGAA_014,161
TGGGGTGCACGAGACCTGAA_015,9
TGGGGTGCACGAGACCTGAA_016,149
TGGGGTGCACGAGACCTGAA_017,77
TGGGGTGCACGAGACCTGAA_018,23
TGGGGTGCACGAGACCTGAA_019,195
TGGGGTGCACGAGACCTGAA_020,19
TGGGGTGCACGAGACCTGAA_021,94
TGGGGTGCACGAGACCTGAA_022,199
TGGGGTGCACGAGACCTGAA_023,191
TGGGGTGCACGAGACCTGAA_024,175
TGGGGTGCACGAGACCTGAA_025,191
TGGGGTGCACGAGACCTGAA_026,81
TGGGGTGCACGAGACCTGAA_027,160
TGGGGTGCACGAGACCTGAA_028,133
TGGGGTGCACGAGACCTGAA_029,58
TGGGGTGCACGAGACCTGAA_030,67
AAAGACCAGCACAAGAGTCA_001,93
AAAGACCAGCACAAGAGTCA_002,105
AAAGACCAGCACAAGAGTCA_003,171
AAAGACCAGCACAAGAGTCA_004,176
AAAGACCAGCACAAGAGTCA_005,158
AAAGACCAGCACAAGAGTCA_006,145
AAAGACCAGCACAAGAGTCA_007,126
AAAGACCAGCACAAGAGTCA_008,8
AAGATCGTGGACCATGTGAA_001,80
AAGATCGTGGACCATGTGAA_002,64
AAGATCGTGGACCATGTGAA_003,76
AAGATCGTGGACCATGTGAA_004,115
AAGATCGTGGACCATGTGAA_005,2
AAGATCGTGGACCATGTGAA_006,165
AAGATCGTGGACCATGTGAA_007,70
AAGATCGTGGACCATGTGAA_008,136
AAGATCGTGGACCATGTGAA_009,111
AAGATCGTGGACCATGTGAA_010,59
CTGAAGGATAGGCATTGTAA_001,15
CTGAAGGATAGGCATTGTAA_002,102
CTGAAGGATAGGCATTGTAA_003,69
CTGAAGGATAGGCATTGTAA_004,93
CTGAAGGATAGGCATTGTAA_005,81
CTGAAGGATAGGCATTGTAA_006,141
CTGAAGGATAGGCATTGTAA_007,98
CTGAAGGATAGGCATTGTAA_008,184
CTGAAGGATAGGCATTGTAA_009,19
CTGAAGGATAGGCATTGTAA_010,49
CTGAAGGATAGGCATTGTAA_011,169
CTGAAGGATAGGCATTGTAA_012,168
CTGAAGGATAGGCATTGTAA_013,43
CTGAAGGATAGGCATTGTAA_014,115
TACAAGATGAAATCTAGGCG_001,36
TACAAGATGAAATCTAGGCG_002,169
TACAAGATGAAATCTAGGCG_003,194
TACAAGATGAAATCTAGGCG_004,88
GGCTATGGAGGCCTGGACTG_001,22
GGCTATGGAGGCCTGGACTG_002,15
GGCTATGGAGGCCTGGACTG_003,45
GGCTATGGAGGCCTGGACTG_004,94
GGCTATGGAGGCCTGGACTG_005,174
GGCTATGGAGGCCTGGACTG_006,12
GGCTATGGAGGCCTGGACTG_007,199
GGCTATGGAGGCCTGGACTG_008,138
GGCTATGGAGGCCTGGACTG_009,138
GGCTATGGAGGCCTGGACTG_010,57
GGCTATGGAGGCCTGGACTG_011,11
GGCTATGGAGGCCTGGACTG_012,34
GGCTATGGAGGCCTGGACTG_013,142
GGCTATGGAGGCCTGGACTG_014,115
GGCTATGGAGGCCTGGACTG_015,94
GGCTATGGAGGCCTGGACTG_016,127
GGCTATGGAGGCCTGGACTG_017,70
GGCTATGGAGGCCTGGACTG_018,62
GGCTATGGAGGCCTGGACTG_019,5
GGCTATGGAGGCCTGGACTG_020,95
GGCTATGGAGGCCTGGACTG_021,68
GGCTATGGAGGCCTGGACTG_022,166
GGCTATGGAGGCCTGGACTG_023,42
GGCTATGGAGGCCTGGACTG_024,68
GGCTATGGAGGCCTGGACTG_025,147
GGCTATGGAGGCCTGGACTG_026,134
GGCTATGGAGGCCTGGACTG_027,79
ACAGGGCGGAGTCAATGGAC_001,150
ACAGGGCGGAGTCAATGGAC_002,54
ACAGGGCGGAGTCAATGGAC_003,129
ACAGGGCGGAGTCAATGGAC_004,119
ACAGGGCGGAGTCAATGGAC_005,88
ACAGGGCGGAGTCAATGGAC_006,2
ACAGGGCGGAGTCAATGGAC_007,150
ACAGGGCGGAGTCAATGGAC_008,31
ACAGGGCGGAGTCAATGGAC_009,102
ACAGGGCGGAGTCAATGGAC_010,34
ACAGGGCGGAGTCAATGGAC_011,46
ACAGGGCGGAGTCAATGGAC_012,62
ACAGGGCGGAGTCAATGGAC_013,157
ACAGGGCGGAGTCAATGGAC_014,158
ACAGGGCGGAGTCAATGGAC_015,17
ACAGGGCGGAGTCAATGGAC_016,6
ACAGGGCGGAGTCAATGGAC_017,52
ACAGGGCGGAGTCAATGGAC_018,26
ACAGGGCGGAGTCAATGGAC_019,39
ACAGGGCGGAGTCAATGGAC_020,165
ACAGGGCGGAGTCAATGGAC_021,194
ACAGGGCGGAGTCAATGGAC_022,163
TGCACCGTAGCGCCTCTGGA_001,148
TGCACCGTAGCGCCTCTGGA_002,195
TGCACCGTAGCGCCTCTGGA_003,128
TGCACCGTAGCGCCTCTGGA_004,77
TGCACCGTAGCGCCTCTGGA_005,49
TGCACCGTAGCGCCTCTGGA_006,172
TGCACCGTAGCGCCTCTGGA_007,166
TGCACCGTAGCGCCTCTGGA_008,48
TGCACCGTAGCGCCTCTGGA_009,198
TGCACCGTAGCGCCTCTGGA_010,30
TGCACCGTAGCGCCTCTGGA_011,29
TGCACCGTAGCGCCTCTGGA_012,120
TGCACCGTAGCGCCTCTGGA_013,94
TGCACCGTAGCGCCTCTGGA_014,67
TGCACCGTAGCGCCTCTGGA_015,68
TGCACCGTAGCGCCTCTGGA_016,50
TGCACCGTAGCGCCTCTGGA_017,75
TGCACCGTAGCGCCTCTGGA_018,70
TGCACCGTAGCGCCTCTGGA_019,77
TGCACCGTAGCGCCTCTGGA_020,135
TGCACCGTAGCGCCTCTGGA_021,162
TGCACCGTAGCGCCTCTGGA_022,147
AGAGCGCTCGGAATCCGTCT_001,104
AGAGCGCTCGGAATCCGTCT_002,94
AGAGCGCTCGGAATCCGTCT_003,9
AGAGCGCTCGGAATCCGTCT_004,186
AGAGCGCTCGGAATCCGTCT_005,148
AGAGCGCTCGGAATCCGTCT_006,57
AGAGCGCTCGGAATCCGTCT_007,97
AGAGCGCTCGGAATCCGTCT_008,184
AGAGCGCTCGGAATCCGTCT_009,137
AGAGCGCTCGGAATCCGTCT_010,168
AGAGCGCTCGGAATCCGTCT_011,169
AGAGCGCTCGGAATCCGTCT_012,65
GCGAGAGCCAAGGCCCGAGG_001,98
GCGAGAGCCAAGGCCCGAGG_002,35
GCGAGAGCCAAGGCCCGAGG_003,31
GCGAGAGCCAAGGCCCGAGG_004,125
AAGAGCCACTCATCACATGA_001,0
AAGAGCCACTCATCACATGA_002,158
AAGAGCCACTCATCACATGA_003,9
AAGAGCCACTCATCACATGA_004,32
AAGAGCCACTCATCACATGA_005,85
AAGAGCCACTCATCACATGA_006,98
AAGAGCCACTCATCACATGA_007,145
AAGAGCCACTCATCACATGA_008,105
AAGAGCCACTCATCACATGA_009,107
GGCCTTCGAGGAGCTCCATG_001,19
GGCCTTCGAGGAGCTCCATG_002,181
GGCCTTCGAGGAGCTCCATG_003,41
GGCCTTCGAGGAGCTCCATG_004,36
GGCCTTCGAGGAGCTCCATG_005,178
GGCCTTCGAGGAGCTCCATG_006,31
GGCCTTCGAGGAGCTCCATG_007,31
GGCCTTCGAGGAGCTCCATG_008,33
GGCCTTCGAGGAGCTCCATG_009,92
GGCCTTCGAGGAGCTCCATG_010,48
GGCCTTCGAGGAGCTCCATG_011,198
GGCCTTCGAGGAGCTCCATG_012,197
GGCCTTCGAGGAGCTCCATG_013,26
GGCCTTCGAGGAGCTCCATG_014,129
GGCCTTCGAGGAGCTCCATG_015,125
GGCCTTCGAGGAGCTCCATG_016,180
GGCCTTCGAGGAGCTCCATG_017,50
GGCCTTCGAGGAGCTCCATG_018,121
GGCCTTCGAGGAGCTCCATG_019,82
GCAAATGAAGAAGATGTACT_001,196
GCAAATGAAGAAGATGTACT_002,119
GCAAATGAAGAAGATGTACT_003,121
GCAAATGAAGAAGATGTACT_004,15
GCAAATGAAGAAGATGTACT_005,150
GCAAATGAAGAAGATGTACT_006,21
GCAAATGAAGAAGATGTACT_007,150
GCAAATGAAGAAGATGTACT_008,45
TGTACATGCAAGATTATTGG_001,127
TGGTACATGCCATAGAAGGT_001,98
TGGTACATGCCATAGAAGGT_002,80
AACAAGTCTGCTATTTGATG_001,127
AACAAGTCTGCTATTTGATG_002,107
AACAAGTCTGCTATTTGATG_003,40
AACAAGTCTGCTATTTGATG_004,80
AACAAGTCTGCTATTTGATG_005,65
AACAAGTCTGCTATTTGATG_006,169
AACAAGTCTGCTATTTGATG_007,15
ACCACTCTCTCTACGCATAG_001,137
ACCACTCTCTCTACGCATAG_002,35
ACCACTCTCTCTACGCATAG_003,169
ACCACTCTCTCTACGCATAG_004,26
ACCACTCTCTCTACGCATAG_005,123
CAGCGGCCAGTCATAGAAGG_001,196
CAGCGGCCAGTCATAGAAGG_002,9
CAGCGGCCAGTCATAGAAGG_003,40
CAGCGGCCAGTCATAGAAGG_004,81
CAGCGGCCAGTCATAGAAGG_005,60
ATGAGACTGGATGATCCAGT_001,107
AATCCTCAATGATTGCATTG_001,50
AGCTTGTTTACATAATCCGC_001,38
GACCATGAACTATATTGCCT_001,56
TACTACGGAGGACTGGGCTA_001,149
TACTACGGAGGACTGGGCTA_002,140
TACTACGGAGGACTGGGCTA_003,198
TACTACGGAGGACTGGGCTA_004,95
TACTACGGAGGACTGGGCTA_005,53
TACTACGGAGGACTGGGCTA_006,20
TACTACGGAGGACTGGGCTA_007,85
TACTACGGAGGACTGGGCTA_008,98
TACTACGGAGGACTGGGCTA_009,88
TACTACGGAGGACTGGGCTA_010,41
TACTACGGAGGACTGGGCTA_011,31
TACTACGGAGGACTGGGCTA_012,97
TACTACGGAGGACTGGGCTA_013,188
TACTACGGAGGACTGGGCTA_014,8
TACTACGGAGGACTGGGCTA_015,34
TACTACGGAGGACTGGGCTA_016,34
TACTACGGAGGACTGGGCTA_017,149
TACTACGGAGGACTGGGCTA_018,94
TACTACGGAGGACTGGGCTA_019,96
TACTACGGAGGACTGGGCTA_020,96
TACTACGGAGGACTGGGCTA_021,47
TACTACGGAGGACTGGGCTA_022,114
TACTACGGAGGACTGGGCTA_023,114
TACTACGGAGGACTGGGCTA_024,28
TACTACGGAGGACTGGGCTA_025,85
TACTACGGAGGACTGGGCTA_026,85
TACTACGGAGGACTGGGCTA_027,178
TACTACGGAGGACTGGGCTA_028,178
TACTACGGAGGACTGGGCTA_029,127
TACTACGGAGGACTGGGCTA_030,2
TACTACGGAGGACTGGGCTA_031,197
TACTACGGAGGACTGGGCTA_032,14
TACTACGGAGGACTGGGCTA_033,56
TACTACGGAGGACTGGGCTA_034,144
TACTACGGAGGACTGGGCTA_035,48
TACTACGGAGGACTGGGCTA_036,158
TACTACGGAGGACTGGGCTA_037,146
TACTACGGAGGACTGGGCTA_038,163
CTCGCCATCTATAGATACAC_001,7
CTCGCCATCTATAGATACAC_002,116
CTCGCCATCTATAGATACAC_003,2
CTCGCCATCTATAGATACAC_004,9
CTCGCCATCTATAGATACAC_005,189
CTCGCCATCTATAGATACAC_006,100
CTCGCCATCTATAGATACAC_007,27
TGAGCGTGCACTTACATCGG_001,194
TGAGCGTGCACTTACATCGG_002,106
TGAGCGTGCACTTACATCGG_003,49
TGAGCGTGCACTTACATCGG_004,1
TGAGCGTGCACTTACATCGG_005,139
TGAGCGTGCACTTACATCGG_006,108
TGAGCGTGCACTTACATCGG_007,74
TGAGCGTGCACTTACATCGG_008,114
TGAGCGTGCACTTACATCGG_009,142
TTTCCTCCTAGGGTTCCCGG_001,96
TTTCCTCCTAGGGTTCCCGG_002,142
TTTCCTCCTAGGGTTCCCGG_003,28
TTTCCTCCTAGGGTTCCCGG_004,183
TTTCCTCCTAGGGTTCCCGG_005,17
TTTCCTCCTAGGGTTCCCGG_006,105
GATGTGAAACCTAAAGCCGA_001,101
GATGTGAAACCTAAAGCCGA_002,91
GATGTGAAACCTAAAGCCGA_003,170
GATGTGAAACCTAAAGCCGA_004,17
GATGTGAAACCTAAAGCCGA_005,41
GATGTGAAACCTAAAGCCGA_006,42
GATGTGAAACCTAAAGCCGA_007,103
GATGTGAAACCTAAAGCCGA_008,83
GATGTGAAACCTAAAGCCGA_009,66
GATGTGAAACCTAAAGCCGA_010,12
GATGTGAAACCTAAAGCCGA_011,102
GATGTGAAACCTAAAGCCGA_012,66
ACCTCGCGAGAACTGAGATA_001,48
ACCTCGCGAGAACTGAGATA_002,150
ACCTCGCGAGAACTGAGATA_003,63
CTTTACCAGCGGAACCACCG_001,29
CTTTACCAGCGGAACCACCG_002,181
CTTTACCAGCGGAACCACCG_003,61
CGTAAATCTGAAAACCTCCG_001,144
AGAACGACCACCTCTAGACG_001,41
AGAACGACCACCTCTAGACG_002,82
AGAACGACCACCTCTAGACG_003,88
AGAACGACCACCTCTAGACG_004,184
AGAACGACCACCTCTAGACG_005,187
AGAACGACCACCTCTAGACG_006,50
AGAACGACCACCTCTAGACG_007,91
AGAACGACCACCTCTAGACG_008,131
AGAACGACCACCTCTAGACG_009,67
AGAACGACCACCTCTAGACG_010,148
AGAACGACCACCTCTAGACG_011,76
AGAACGACCACCTCTAGACG_012,91
TACCCTTAAGTCTCGAAGTG_001,160
TACCCTTAAGTCTCGAAGTG_002,116
TACCCTTAAGTCTCGAAGTG_003,11
TACCCTTAAGTCTCGAAGTG_004,46
CTGAGCCGGGAGCATCGCGG_001,94
CTGAGCCGGGAGCATCGCGG_002,194
CTGAGCCGGGAGCATCGCGG_003,116
CTGAGCCGGGAGCATCGCGG_004,88
CTGAGCCGGGAGCATCGCGG_005,36
CTGAGCCGGGAGCATCGCGG_006,91
CTGAGCCGGGAGCATCGCGG_007,116
CTGAGCCGGGAGCATCGCGG_008,16
CTGAGCCGGGAGCATCGCGG_009,111
CTGAGCCGGGAGCATCGCGG_010,166
CTGAGCCGGGAGCATCGCGG_011,184
CTGAGCCGGGAGCATCGCGG_012,88
CTGAGCCGGGAGCATCGCGG_013,138
GCTCTCGGAACTGGAAAGGG_001,165
GCTCTCGGAACTGGAAAGGG_002,10
GCTCTCGGAACTGGAAAGGG_003,70
GCTCTCGGAACTGGAAAGGG_004,172
GCTCTCGGAACTGGAAAGGG_005,157
GCTCTCGGAACTGGAAAGGG_006,63
GCTCTCGGAACTGGAAAGGG_007,138
GCTCTCGGAACTGGAAAGGG_008,103
GCTCTCGGAACTGGAAAGGG_009,126
GCTCTCGGAACTGGAAAGGG_010,31
GCTCTCGGAACTGGAAAGGG_011,42
GCTCTCGGAACTGGAAAGGG_012,145
GCTCTCGGAACTGGAAAGGG_013,168
GCTCTCGGAACTGGAAAGGG_014,130
GCTCTCGGAACTGGAAAGGG_015,65
GCTCTCGGAACTGGAAAGGG_016,72
GCTCTCGGAACTGGAAAGGG_017,124
GCTCTCGGAACTGGAAAGGG_018,41
GCTCTCGGAACTGGAAAGGG_019,180
GCTCTCGGAACTGGAAAGGG_020,103
GGCTGTGTACAGTCATGGAT_001,138
GGCTGTGTACAGTCATGGAT_002,137
GGCTGTGTACAGTCATGGAT_003,58
GGCTGTGTACAGTCATGGAT_004,166
GGCTGTGTACAGTCATGGAT_005,80
GTGATAGGCGTCTTCACTCG_001,145
GTGATAGGCGTCTTCACTCG_002,42
GTGATAGGCGTCTTCACTCG_003,44
GTGATAGGCGTCTTCACTCG_004,121
GTGATAGGCGTCTTCACTCG_005,94
GTGATAGGCGTCTTCACTCG_006,145
GTGATAGGCGTCTTCACTCG_007,151
GTGATAGGCGTCTTCACTCG_008,177
CCGGGCATACTCCTGTACTG_001,22
CCGGGCATACTCCTGTACTG_002,10
CTTTGGGAGTGAAATCACCT_001,170
CTTTGGGAGTGAAATCACCT_002,50
CTTTGGGAGTGAAATCACCT_003,77
CTTTGGGAGTGAAATCACCT_004,175
CTTTGGGAGTGAAATCACCT_005,134
CTTTGGGAGTGAAATCACCT_006,152
CTTTGGGAGTGAAATCACCT_007,48
CTTTGGGAGTGAAATCACCT_008,169
CTTTGGGAGTGAAATCACCT_009,110
CTTTGGGAGTGAAATCACCT_010,43
CTTTGGGAGTGAAATCACCT_011,118
CTTTGGGAGTGAAATCACCT_012,128
GAAAAGGTGAAAGGCAACGG_001,119
GAAAAGGTGAAAGGCAACGG_002,182
GAAAAGGTGAAAGGCAACGG_003,12
GAAAAGGTGAAAGGCAACGG_004,80
GAAAAGGTGAAAGGCAACGG_005,174
GAAAAGGTGAAAGGCAACGG_006,37
GAAAAGGTGAAAGGCAACGG_007,86
GAAAAGGTGAAAGGCAACGG_008,56
GAAAAGGTGAAAGGCAACGG_009,67
GAAAAGGTGAAAGGCAACGG_010,143
GAAAAGGTGAAAGGCAACGG_011,149
GAAAAGGTGAAAGGCAACGG_012,110
GAAAAGGTGAAAGGCAACGG_013,158
GAAAAGGTGAAAGGCAACGG_014,173
GAAAAGGTGAAAGGCAACGG_015,137
CCTCGCCCTTGGTCAGAGTG_001,178
CCTCGCCCTTGGTCAGAGTG_002,183
CCTCGCCCTTGGTCAGAGTG_003,162
CCTCGCCCTTGGTCAGAGTG_004,102
CCTCGCCCTTGGTCAGAGTG_005,139
CCTCGCCCTTGGTCAGAGTG_006,189
CCTCGCCCTTGGTCAGAGTG_007,191
CCTCGCCCTTGGTCAGAGTG_008,172
CCTCGCCCTTGGTCAGAGTG_009,172
CCTCGCCCTTGGTCAGAGTG_010,44
CCTCGCCCTTGGTCAGAGTG_011,172
CCTCGCCCTTGGTCAGAGTG_012,43
CCTCGCCCTTGGTCAGAGTG_013,83
CCTCGCCCTTGGTCAGAGTG_014,167
CCTCGCCCTTGGTCAGAGTG_015,56
CCTCGCCCTTGGTCAGAGTG_016,137
CCTCGCCCTTGGTCAGAGTG_017,29
CCTCGCCCTTGGTCAGAGTG_018,188
CCTCGCCCTTGGTCAGAGTG_019,67
CCTCGCCCTTGGTCAGAGTG_020,130
CCTCGCCCTTGGTCAGAGTG_021,195
CCTCGCCCTTGGTCAGAGTG_022,26
CCTCGCCCTTGGTCAGAGTG_023,150
CCTCGCCCTTGGTCAGAGTG_024,141
CCTCGCCCTTGGTCAGAGTG_025,68
CCTCGCCCTTGGTCAGAGTG_026,42
CCTCGCCCTTGGTCAGAGTG_027,84
CCTCGCCCTTGGTCAGAGTG_028,103
CCTCGCCCTTGGTCAGAGTG_029,145
CCTCGCCCTTGGTCAGAGTG_030,164
CCTCGCCCTTGGTCAGAGTG_031,35
GGACAAGACGTAGCGCCCTG_001,177
GGACAAGACGTAGCGCCCTG_002,111
GCCGAGCCGTCCCAACCCAG_001,163
GCCGAGCCGTCCCAACCCAG_002,12
GCCGAGCCGTCCCAACCCAG_003,11
GCCGAGCCGTCCCAACCCAG_004,103
GCCGAGCCGTCCCAACCCAG_005,41
GCCGAGCCGTCCCAACCCAG_006,20
GCCGAGCCGTCCCAACCCAG_007,15
GCCGAGCCGTCCCAACCCAG_008,21
GCCGAGCCGTCCCAACCCAG_009,49
GCCGAGCCGTCCCAACCCAG_010,50
GCCGAGCCGTCCCAACCCAG_011,180
GCCGAGCCGTCCCAACCCAG_012,63
GCCGAGCCGTCCCAACCCAG_013,96
GCCGAGCCGTCCCAACCCAG_014,103
GCCGAGCCGTCCCAACCCAG_015,135
GCCGAGCCGTCCCAACCCAG_016,32
GCCGAGCCGTCCCAACCCAG_017,192
GCCGAGCCGTCCCAACCCAG_018,177
GCCGAGCCGTCCCAACCCAG_019,18
GCCGAGCCGTCCCAACCCAG_020,77
GCCGAGCCGTCCCAACCCAG_021,119
GCCGAGCCGTCCCAACCCAG_022,7
GCCGAGCCGTCCCAACCCAG_023,152
GCCGAGCCGTCCCAACCCAG_024,65
GCCGAGCCGTCCCAACCCAG_025,82
GCCGAGCCGTCCCAACCCAG_026,148
GCCGAGCCGTCCCAACCCAG_027,9
GCCGAGCCGTCCCAACCCAG_028,191
GCCGAGCCGTCCCAACCCAG_029,140
GCCGAGCCGTCCCAACCCAG_030,114
GCCGAGCCGTCCCAACCCAG_031,157
GCCGAGCCGTCCCAACCCAG_032,101
GCCGAGCCGTCCCAACCCAG_033,50
CTACGTGAGGGGCCCCAACG_001,2
CTACGTGAGGGGCCCCAACG_002,94
CTACGTGAGGGGCCCCAACG_003,161
CTACGTGAGGGGCCCCAACG_004,93
CTACGTGAGGGGCCCCAACG_005,93
CTACGTGAGGGGCCCCAACG_006,20
CTACGTGAGGGGCCCCAACG_007,192
CTACGTGAGGGGCCCCAACG_008,185
CTACGTGAGGGGCCCCAACG_009,155
CTACGTGAGGGGCCCCAACG_010,88
CTACGTGAGGGGCCCCAACG_011,27
CTACGTGAGGGGCCCCAACG_012,136
CTACGTGAGGGGCCCCAACG_013,166
CTACGTGAGGGGCCCCAACG_014,179
CTACGTGAGGGGCCCCAACG_015,141
CTACGTGAGGGGCCCCAACG_016,6
CTACGTGAGGGGCCCCAACG_017,19
CTACGTGAGGGGCCCCAACG_018,89
CTACGTGAGGGGCCCCAACG_019,118
CTACGTGAGGGGCCCCAACG_020,104
GGTCCTTCGAGAGTACCGGA_001,29
GGTCCTTCGAGAGTACCGGA_002,61
GGTCCTTCGAGAGTACCGGA_003,110
GGTCCTTCGAGAGTACCGGA_004,128
GGTCCTTCGAGAGTACCGGA_005,175
GGTCCTTCGAGAGTACCGGA_006,8
GGTCCTTCGAGAGTACCGGA_007,169
GGTCCTTCGAGAGTACCGGA_008,120
GGTCCTTCGAGAGTACCGGA_009,116
GGTCCTTCGAGAGTACCGGA_010,127
GGTCCTTCGAGAGTACCGGA_011,64
GGTCCTTCGAGAGTACCGGA_012,152
GGTCCTTCGAGAGTACCGGA_013,138
GGTCCTTCGAGAGTACCGGA_014,64
GGTCCTTCGAGAGTACCGGA_015,81
GGTCCTTCGAGAGTACCGGA_016,81
GGTCCTTCGAGAGTACCGGA_017,147
GGTCCTTCGAGAGTACCGGA_018,42
GGTCCTTCGAGAGTACCGGA_019,28
GGTCCTTCGAGAGTACCGGA_020,82
CATTCCGAAAACCAGAGCTA_001,33
CATTCCGAAAACCAGAGCTA_002,77
CATTCCGAAAACCAGAGCTA_003,37
CATTCCGAAAACCAGAGCTA_004,169
CATTCCGAAAACCAGAGCTA_005,166
CATTCCGAAAACCAGAGCTA_006,148
CATTCCGAAAACCAGAGCTA_007,19
CATTCCGAAAACCAGAGCTA_008,175
CATTCCGAAAACCAGAGCTA_009,149
CATTCCGAAAACCAGAGCTA_010,151
CATTCCGAAAACCAGAGCTA_011,12
CATTCCGAAAACCAGAGCTA_012,179
CATTCCGAAAACCAGAGCTA_013,147
CATTCCGAAAACCAGAGCTA_014,91
CATTCCGAAAACCAGAGCTA_015,103
CATTCCGAAAACCAGAGCTA_016,31
CATTCCGAAAACCAGAGCTA_017,142
CATTCCGAAAACCAGAGCTA_018,152
CATTCCGAAAACCAGAGCTA_019,100
CATTCCGAAAACCAGAGCTA_020,125
AATCTGCAGTTCATTAAGCG_001,68
AATCTGCAGTTCATTAAGCG_002,49
AATCTGCAGTTCATTAAGCG_003,185
AATCTGCAGTTCATTAAGCG_004,66
AATCTGCAGTTCATTAAGCG_005,180
AATCTGCAGTTCATTAAGCG_006,52
AATCTGCAGTTCATTAAGCG_007,38
AAAAACCTATTCCAATGACG_001,15
AAAAACCTATTCCAATGACG_002,130
GGGCAGCACGGACCACCGCG_001,83
GGGCAGCACGGACCACCGCG_002,17
GGGCAGCACGGACCACCGCG_003,35
GGGCAGCACGGACCACCGCG_004,168
GGGCAGCACGGACCACCGCG_005,57
GGGCAGCACGGACCACCGCG_006,16
GGGCAGCACGGACCACCGCG_007,191
GGGCAGCACGGACCACCGCG_008,162
GGGCAGCACGGACCACCGCG_009,56
GGGCAGCACGGACCACCGCG_010,150
GGGCAGCACGGACCACCGCG_011,49
GGGCAGCACGGACCACCGCG_012,94
GGGCAGCACGGACCACCGCG_013,166
GGGCAGCACGGACCACCGCG_014,11
GGGCAGCACGGACCACCGCG_015,2
GGGCAGCACGGACCACCGCG_016,108
GGGCAGCACGGACCACCGCG_017,48
GGGCAGCACGGACCACCGCG_018,182
GGGCAGCACGGACCACCGCG_019,140
GGGCAGCACGGACCACCGCG_020,145
GGGCAGCACGGACCACCGCG_021,107
GGGCAGCACGGACCACCGCG_022,140
GGGCAGCACGGACCACCGCG_023,199
GGGCAGCACGGACCACCGCG_024,65
GGGCAGCACGGACCACCGCG_025,8
GGGCAGCACGGACCACCGCG_026,83
GGGCAGCACGGACCACCGCG_027,89
GGGCAGCACGGACCACCGCG_028,63
GGGCAGCACGGACCACCGCG_029,174
GGGCAGCACGGACCACCGCG_030,21
GGGCAGCACGGACCACCGCG_031,41
GGGCAGCACGGACCACCGCG_032,61
GGGCAGCACGGACCACCGCG_033,122
GGGCAGCACGGACCACCGCG_034,101
GGGCAGCACGGACCACCGCG_035,94
GGGCAGCACGGACCACCGCG_036,104
GGGCAGCACGGACCACCGCG_037,128
GGGCAGCACGGACCACCGCG_038,135
GGGCAGCACGGACCACCGCG_039,47
GGGCAGCACGGACCACCGCG_040,129
GGGCAGCACGGACCACCGCG_041,52
GGGCAGCACGGACCACCGCG_042,174
GGGCAGCACGGACCACCGCG_043,10
GGGCAGCACGGACCACCGCG_044,70
GGGCAGCACGGACCACCGCG_045,59
GGGCAGCACGGACCACCGCG_046,172
GGGCAGCACGGACCACCGCG_047,188
GGGCAGCACGGACCACCGCG_048,77
GGGCAGCACGGACCACCGCG_049,10
GGGCAGCACGGACCACCGCG_050,112
GGGCAGCACGGACCACCGCG_051,76
GGGCAGCACGGACCACCGCG_052,45
GGGCAGCACGGACCACCGCG_053,147
TGCTGCCAACATATCCTCAG_001,53
TGCTGCCAACATATCCTCAG_002,159
TGCTGCCAACATATCCTCAG_003,79
TGCTGCCAACATATCCTCAG_004,174
TGCTGCCAACATATCCTCAG_005,8
TGCTGCCAACATATCCTCAG_006,161
GCAACGTTGCAGCACACTCG_001,112
GCAACGTTGCAGCACACTCG_002,32
GCAACGTTGCAGCACACTCG_003,68
GCAACGTTGCAGCACACTCG_004,9
GCAACGTTGCAGCACACTCG_005,197
GCAACGTTGCAGCACACTCG_006,65
GTAGCTGCTGTAAATCGCAT_001,48
GTAGCTGCTGTAAATCGCAT_002,93
GTAGCTGCTGTAAATCGCAT_003,98
GTAGCTGCTGTAAATCGCAT_004,160
GTAGCTGCTGTAAATCGCAT_005,166
GTAGCTGCTGTAAATCGCAT_006,105
GTAGCTGCTGTAAATCGCAT_007,11
GTAGCTGCTGTAAATCGCAT_008,17
GTAGCTGCTGTAAATCGCAT_009,129
GTAGCTGCTGTAAATCGCAT_010,126
GTAGCTGCTGTAAATCGCAT_011,4
GTAGCTGCTGTAAATCGCAT_012,169
GTAGCTGCTGTAAATCGCAT_013,50
GTAGCTGCTGTAAATCGCAT_014,151
GTAGCTGCTGTAAATCGCAT_015,158
GTAGCTGCTGTAAATCGCAT_016,62
GTAGCTGCTGTAAATCGCAT_017,179
GTAGCTGCTGTAAATCGCAT_018,41
GTAGCTGCTGTAAATCGCAT_019,189
GTAGCTGCTGTAAATCGCAT_020,188
GTAGCTGCTGTAAATCGCAT_021,162
GTAGCTGCTGTAAATCGCAT_022,101
GTAGCTGCTGTAAATCGCAT_023,138
GTAGCTGCTGTAAATCGCAT_024,126
GTAGCTGCTGTAAATCGCAT_025,46
GCCACGGTCTAGCACGCCGT_001,57
ACTCTTCGGAAGGCTATGAA_001,116
ACTCTTCGGAAGGCTATGAA_002,56
ACTCTTCGGAAGGCTATGAA_003,88
ACTCTTCGGAAGGCTATGAA_004,195
CAGCACGTACCTGTCTACTG_001,105
CAGCACGTACCTGTCTACTG_002,12
CAGCACGTACCTGTCTACTG_003,76
CAGCACGTACCTGTCTACTG_004,170
CAGCACGTACCTGTCTACTG_005,170
CAGCACGTACCTGTCTACTG_006,6
CAGCACGTACCTGTCTACTG_007,97
CAGCACGTACCTGTCTACTG_008,145
CAGCACGTACCTGTCTACTG_009,175
ACTGCTTGGAAAAATCGACT_001,166
ACTGCTTGGAAAAATCGACT_002,1
ACTGCTTGGAAAAATCGACT_003,194
ACTGCTTGGAAAAATCGACT_004,21
ACTGCTTGGAAAAATCGACT_005,36
ACTGCTTGGAAAAATCGACT_006,55
ACTGCTTGGAAAAATCGACT_007,42
ACTGCTTGGAAAAATCGACT_008,170
GACAGGATGAAGATTCGTTG_001,49
GAAGAGATCACAGAAACGTG_001,193
GAAGAGATCACAGAAACGTG_002,145
GAAGAGATCACAGAAACGTG_003,92
GAAGAGATCACAGAAACGTG_004,52
GAAGAGATCACAGAAACGTG_005,127
GGACTCGGAAGATCCTGAAG_001,197
GGACTCGGAAGATCCTGAAG_002,146
GGACTCGGAAGATCCTGAAG_003,46
GGACTCGGAAGATCCTGAAG_004,199
GGGAAGATGACAAAGCGGCG_001,144
GGGAAGATGACAAAGCGGCG_002,70
TGAGGAACAGGTCACACATG_001,134
TGAGGAACAGGTCACACATG_002,34
TGAGGAACAGGTCACACATG_003,176
TGAGGAACAGGTCACACATG_004,58
TGAGGAACAGGTCACACATG_005,68
TGAGGAACAGGTCACACATG_006,111
TGAGGAACAGGTCACACATG_007,82
TGAGGAACAGGTCACACATG_008,108
GACTTCCGGTTATACCGGTA_001,42
GACTTCCGGTTATACCGGTA_002,5
GACTTCCGGTTATACCGGTA_003,88
GACTTCCGGTTATACCGGTA_004,58
GACTTCCGGTTATACCGGTA_005,159
GACTTCCGGTTATACCGGTA_006,17
AGCGGGAGTGGACCATCGGG_001,95
AGCGGGAGTGGACCATCGGG_002,70
AGCGGGAGTGGACCATCGGG_003,170
AGCGGGAGTGGACCATCGGG_004,102
AGCGGGAGTGGACCATCGGG_005,49
AGCGGGAGTGGACCATCGGG_006,29
AGCGGGAGTGGACCATCGGG_007,150
AGCGGGAGTGGACCATCGGG_008,35
AGCGGGAGTGGACCATCGGG_009,188
AGCGGGAGTGGACCATCGGG_010,152
AGCGGGAGTGGACCATCGGG_011,5
AGCGGGAGTGGACCATCGGG_012,38
AGCGGGAGTGGACCATCGGG_013,113
AGCGGGAGTGGACCATCGGG_014,126
AGCGGGAGTGGACCATCGGG_015,170
AGCGGGAGTGGACCATCGGG_016,116
AGCGGGAGTGGACCATCGGG_017,125
AGCGGGAGTGGACCATCGGG_018,16
AGCGGGAGTGGACCATCGGG_019,9
AGCGGGAGTGGACCATCGGG_020,39
AGCGGGAGTGGACCATCGGG_021,25
AGCGGGAGTGGACCATCGGG_022,36
GGCAGTGAAGGTATCCTCGG_001,14
GGCAGTGAAGGTATCCTCGG_002,19
GGCAGTGAAGGTATCCTCGG_003,70
GGCAGTGAAGGTATCCTCGG_004,165
GGCAGTGAAGGTATCCTCGG_005,146
GGCAGTGAAGGTATCCTCGG_006,141
GCTAGAATGTTGGTAAAGGT_001,14
GCTAGAATGTTGGTAAAGGT_002,159
GCTAGAATGTTGGTAAAGGT_003,101
GCTAGAATGTTGGTAAAGGT_004,12
GCTAGAATGTTGGTAAAGGT_005,56
GCTAGAATGTTGGTAAAGGT_006,46
ATCCTCTTGAAAGTCCATCA_001,118
ATCCTCTTGAAAGTCCATCA_002,168
ATCCTCTTGAAAGTCCATCA_003,1
ATCCTCTTGAAAGTCCATCA_004,60
ATCCTCTTGAAAGTCCATCA_005,160
ATCCTCTTGAAAGTCCATCA_006,88
ATCCTCTTGAAAGTCCATCA_007,126
ATCCTCTTGAAAGTCCATCA_008,158
ATCCTCTTGAAAGTCCATCA_009,58
ATCCTCTTGAAAGTCCATCA_010,187
ATCCTCTTGAAAGTCCATCA_011,115
ATCCTCTTGAAAGTCCATCA_012,30
ATCCTCTTGAAAGTCCATCA_013,178
ATCCTCTTGAAAGTCCATCA_014,49
ATCCTCTTGAAAGTCCATCA_015,114
ATCCTCTTGAAAGTCCATCA_016,172
ATCCTCTTGAAAGTCCATCA_017,127
ATCCTCTTGAAAGTCCATCA_018,180
ATCCTCTTGAAAGTCCATCA_019,81
TACACCTGCAGCAAGTCCCA_001,113
TACACCTGCAGCAAGTCCCA_002,82
TACACCTGCAGCAAGTCCCA_003,36
TACACCTGCAGCAAGTCCCA_004,9
TACACCTGCAGCAAGTCCCA_005,50
TACACCTGCAGCAAGTCCCA_006,52
ACTCACCCTTGAAGGAGTCG_001,182
ACTCACCCTTGAAGGAGTCG_002,156
ACTCACCCTTGAAGGAGTCG_003,13
ACTCACCCTTGAAGGAGTCG_004,60
ACTCACCCTTGAAGGAGTCG_005,148
ACTCACCCTTGAAGGAGTCG_006,2
GACTCATCGACTACCCATTG_001,130
GACTCATCGACTACCCATTG_002,38
GACTCATCGACTACCCATTG_003,116
GACTCATCGACTACCCATTG_004,144
GACTCATCGACTACCCATTG_005,174
GACTCATCGACTACCCATTG_006,108
GACTCATCGACTACCCATTG_007,115
GACTCATCGACTACCCATTG_008,76
TAGTTGACTTCTCAGCCACG_001,58
TGAAGAAAGACACATCGCCC_001,66
TGAAGAAAGACACATCGCCC_002,121
TGAAGAAAGACACATCGCCC_003,162
TGAAGAAAGACACATCGCCC_004,115
AAAGATTAGGGTGACAAACA_001,127
AAAGATTAGGGTGACAAACA_002,162
AAAGATTAGGGTGACAAACA_003,2
AAAGATTAGGGTGACAAACA_004,56
AAAGATTAGGGTGACAAACA_005,93
AAAGATTAGGGTGACAAACA_006,53
AAAGATTAGGGTGACAAACA_007,169
AAAGATTAGGGTGACAAACA_008,7
ATATTTCTCGCTTATCTCCG_001,156
TTCTAGGTTCAGGAACCCGG_001,151
TTCTAGGTTCAGGAACCCGG_002,1
TTCTAGGTTCAGGAACCCGG_003,130
TTCTAGGTTCAGGAACCCGG_004,50
TTCTAGGTTCAGGAACCCGG_005,68
TTCTAGGTTCAGGAACCCGG_006,50
TTCTAGGTTCAGGAACCCGG_007,57
AAAGAGCAGACTTATTACCA_001,72
AAAGAGCAGACTTATTACCA_002,191
AAAGAGCAGACTTATTACCA_003,88
AAAGAGCAGACTTATTACCA_004,56
AAAGAGCAGACTTATTACCA_005,3
AAAGAGCAGACTTATTACCA_006,91
TACCTGCATAGGAAGACACG_001,1
TACCTGCATAGGAAGACACG_002,44
TACCTGCATAGGAAGACACG_003,48
AGCTCTTCCAGGTGTCAACG_001,112
AGCTCTTCCAGGTGTCAACG_002,92
AGCTCTTCCAGGTGTCAACG_003,50
AGCTCTTCCAGGTGTCAACG_004,77
AGCTCTTCCAGGTGTCAACG_005,62
AGCTCTTCCAGGTGTCAACG_006,127
AGCTCTTCCAGGTGTCAACG_007,170
AGCTCTTCCAGGTGTCAACG_008,188
AGCTCTTCCAGGTGTCAACG_009,88
AGCTCTTCCAGGTGTCAACG_010,150
AGCTCTTCCAGGTGTCAACG_011,58
AGCTCTTCCAGGTGTCAACG_012,133
AGCTCTTCCAGGTGTCAACG_013,187
AGCTCTTCCAGGTGTCAACG_014,31
AGCTCTTCCAGGTGTCAACG_015,171
AGCTCTTCCAGGTGTCAACG_016,48
AGCTCTTCCAGGTGTCAACG_017,127
AGCTCTTCCAGGTGTCAACG_018,125
AGCTCTTCCAGGTGTCAACG_019,103
AGCTCTTCCAGGTGTCAACG_020,181
AGCTCTTCCAGGTGTCAACG_021,129
AGCTCTTCCAGGTGTCAACG_022,129
AGCTCTTCCAGGTGTCAACG_023,47
AGCTCTTCCAGGTGTCAACG_024,182
AGCTCTTCCAGGTGTCAACG_025,136
AGCTCTTCCAGGTGTCAACG_026,159
GGAGAAAGGTTACCTTATGG_001,31
GGAGAAAGGTTACCTTATGG_002,130
GGAGAAAGGTTACCTTATGG_003,154
GGAGAAAGGTTACCTTATGG_004,147
GGAGAAAGGTTACCTTATGG_005,104
GGAGAAAGGTTACCTTATGG_006,137
GATTTCGGCGTAAACATCGA_001,173
GATTTCGGCGTAAACATCGA_002,47
GATTTCGGCGTAAACATCGA_003,171
GATTTCGGCGTAAACATCGA_004,116
GATTTCGGCGTAAACATCGA_005,12
GATTTCGGCGTAAACATCGA_006,28
AAAGTATATTCCATGTACAT_001,91
AAAGTATATTCCATGTACAT_002,117
AAAGTATATTCCATGTACAT_003,185
AAAGTATATTCCATGTACAT_004,83
AAAGTATATTCCATGTACAT_005,183
AAAGTATATTCCATGTACAT_006,153
TGTTATACACCGTACTATGT_001,75
TGTTATACACCGTACTATGT_002,142
TGTTATACACCGTACTATGT_003,2
TGTTATACACCGTACTATGT_004,127
TGTTATACACCGTACTATGT_005,11
TGTTATACACCGTACTATGT_006,49
TGTTATACACCGTACTATGT_007,144
TGTTATACACCGTACTATGT_008,3
TGTTATACACCGTACTATGT_009,180
GCTCCTTATGGGTAACGAGC_001,95
GCTCCTTATGGGTAACGAGC_002,38
GCTCCTTATGGGTAACGAGC_003,46
TGCAGGAAGTTGGCTAGGAT_001,16
TGCAGGAAGTTGGCTAGGAT_002,23
TGCAGGAAGTTGGCTAGGAT_003,23
TGCAGGAAGTTGGCTAGGAT_004,44
TGCAGGAAGTTGGCTAGGAT_005,151
TGCAGGAAGTTGGCTAGGAT_006,188
TGCAGGAAGTTGGCTAGGAT_007,170
TGCAGGAAGTTGGCTAGGAT_008,65
TGCAGGAAGTTGGCTAGGAT_009,146
TGCAGGAAGTTGGCTAGGAT_010,59
TGCAGGAAGTTGGCTAGGAT_011,156
TGCAGGAAGTTGGCTAGGAT_012,36
TGCAGGAAGTTGGCTAGGAT_013,108
TGCAGGAAGTTGGCTAGGAT_014,179
TGCAGGAAGTTGGCTAGGAT_015,155
TGCAGGAAGTTGGCTAGGAT_016,166
TGCAGGAAGTTGGCTAGGAT_017,3
TGCAGGAAGTTGGCTAGGAT_018,184
TGCAGGAAGTTGGCTAGGAT_019,1
TGCAGGAAGTTGGCTAGGAT_020,166
TGCAGGAAGTTGGCTAGGAT_021,34
TGCAGGAAGTTGGCTAGGAT_022,108
TGCAGGAAGTTGGCTAGGAT_023,84
TGCAGGAAGTTGGCTAGGAT_024,21
TGCAGGAAGTTGGCTAGGAT_025,82
ACATGCTGACTGTCGATGAA_001,158
ACATGCTGACTGTCGATGAA_002,134
ACATGCTGACTGTCGATGAA_003,170
ACATGCTGACTGTCGATGAA_004,17
ACATGCTGACTGTCGATGAA_005,113
ACATGCTGACTGTCGATGAA_006,96
ACATGCTGACTGTCGATGAA_007,196
ACATGCTGACTGTCGATGAA_008,194
ACATGCTGACTGTCGATGAA_009,6
ACATGCTGACTGTCGATGAA_010,157
ACATGCTGACTGTCGATGAA_011,84
ACATGCTGACTGTCGATGAA_012,20
ACATGCTGACTGTCGATGAA_013,120
ACATGCTGACTGTCGATGAA_014,151
ACATGCTGACTGTCGATGAA_015,40
ACATGCTGACTGTCGATGAA_016,62
ACATGCTGACTGTCGATGAA_017,3
ACATGCTGACTGTCGATGAA_018,136
ACATGCTGACTGTCGATGAA_019,37
ACATGCTGACTGTCGATGAA_020,154
AGGACCGATCAACCTAGCGG_001,84
AGGACCGATCAACCTAGCGG_002,28
AGGACCGATCAACCTAGCGG_003,115
AGGACCGATCAACCTAGCGG_004,137
AGGACCGATCAACCTAGCGG_005,113
AGGACCGATCAACCTAGCGG_006,27
AGGACCGATCAACCTAGCGG_007,189
AGGACCGATCAACCTAGCGG_008,6
AGGACCGATCAACCTAGCGG_009,12
AGGACCGATCAACCTAGCGG_010,105
AGGACCGATCAACCTAGCGG_011,162
AGGACCGATCAACCTAGCGG_012,108
GCTCAGCTTGTCGCGCACGA_001,50
GCTCAGCTTGTCGCGCACGA_002,94
GCTCAGCTTGTCGCGCACGA_003,145
GCTCAGCTTGTCGCGCACGA_004,174
GCTCAGCTTGTCGCGCACGA_005,23
GCTCAGCTTGTCGCGCACGA_006,69
GCTCAGCTTGTCGCGCACGA_007,158
GCTCAGCTTGTCGCGCACGA_008,11
GCTCAGCTTGTCGCGCACGA_009,93
GCTCAGCTTGTCGCGCACGA_010,93
GCTCAGCTTGTCGCGCACGA_011,119
GCCCTCCTCGAACCAGCCCA_001,159
GCCCTCCTCGAACCAGCCCA_002,118
GCCCTCCTCGAACCAGCCCA_003,43
GCCCTCCTCGAACCAGCCCA_004,119
GCCCTCCTCGAACCAGCCCA_005,144
GCCCTCCTCGAACCAGCCCA_006,47
GCCCTCCTCGAACCAGCCCA_007,5
GCCCTCCTCGAACCAGCCCA_008,101
GCCCTCCTCGAACCAGCCCA_009,193
GCCCTCCTCGAACCAGCCCA_010,105
GCCCTCCTCGAACCAGCCCA_011,160
GCCCTCCTCGAACCAGCCCA_012,195
GCCCTCCTCGAACCAGCCCA_013,41
GCCCTCCTCGAACCAGCCCA_014,160
GCCCTCCTCGAACCAGCCCA_015,170
GCCCTCCTCGAACCAGCCCA_016,115
GCCCTCCTCGAACCAGCCCA_017,138
GCCCTCCTCGAACCAGCCCA_018,38
GCCCTCCTCGAACCAGCCCA_019,145
GCCCTCCTCGAACCAGCCCA_020,135
GCCCTCCTCGAACCAGCCCA_021,81
GCCCTCCTCGAACCAGCCCA_022,19
GCCCTCCTCGAACCAGCCCA_023,183
GCCCTCCTCGAACCAGCCCA_024,102
GCCCTCCTCGAACCAGCCCA_025,76
GCCCTCCTCGAACCAGCCCA_026,17
GCCCTCCTCGAACCAGCCCA_027,173
GCCCTCCTCGAACCAGCCCA_028,179
GCCCTCCTCGAACCAGCCCA_029,40
GCCCTCCTCGAACCAGCCCA_030,84
GCCCTCCTCGAACCAGCCCA_031,5
GCCCTCCTCGAACCAGCCCA_032,171
GCCCTCCTCGAACCAGCCCA_033,121
GCCCTCCTCGAACCAGCCCA_034,162
GCCCTCCTCGAACCAGCCCA_035,165
GCCCTCCTCGAACCAGCCCA_036,188
GCCCTCCTCGAACCAGCCCA_037,124
GCCCTCCTCGAACCAGCCCA_038,48
GCCCTCCTCGAACCAGCCCA_039,177
GCCCTCCTCGAACCAGCCCA_040,142
GCCCTCCTCGAACCAGCCCA_041,197
GCCCTCCTCGAACCAGCCCA_042,144
GCCCTCCTCGAACCAGCCCA_043,12
GCCCTCCTCGAACCAGCCCA_044,145
TTCAAGCATTCGAAGACACA_001,115
TTCAAGCATTCGAAGACACA_002,14
TTCAAGCATTCGAAGACACA_003,175
TTCAAGCATTCGAAGACACA_004,38
TTCAAGCATTCGAAGACACA_005,42
CCGACACCCAGAAGCCGCGC_001,171
CCGACACCCAGAAGCCGCGC_002,139
CCGACACCCAGAAGCCGCGC_003,58
CCGACACCCAGAAGCCGCGC_004,183
CCGACACCCAGAAGCCGCGC_005,183
CCGACACCCAGAAGCCGCGC_006,5
CCGACACCCAGAAGCCGCGC_007,152
CCGACACCCAGAAGCCGCGC_008,154
CCGACACCCAGAAGCCGCGC_009,48
CCGACACCCAGAAGCCGCGC_010,170
CCGACACCCAGAAGCCGCGC_011,118
CCGACACCCAGAAGCCGCGC_012,7
CCGACACCCAGAAGCCGCGC_013,94
CCGACACCCAGAAGCCGCGC_014,56
CCGACACCCAGAAGCCGCGC_015,93
CCGACACCCAGAAGCCGCGC_016,34
CCGACACCCAGAAGCCGCGC_017,170
CCGACACCCAGAAGCCGCGC_018,83
CCGACACCCAGAAGCCGCGC_019,158
CCGACACCCAGAAGCCGCGC_020,119
CCGACACCCAGAAGCCGCGC_021,170
CCGACACCCAGAAGCCGCGC_022,26
CCGACACCCAGAAGCCGCGC_023,43
CCGACACCCAGAAGCCGCGC_024,78
CCGACACCCAGAAGCCGCGC_025,131
CCGACACCCAGAAGCCGCGC_026,165
CCGACACCCAGAAGCCGCGC_027,57
CCGACACCCAGAAGCCGCGC_028,17
CCGACACCCAGAAGCCGCGC_029,117
CCGACACCCAGAAGCCGCGC_030,76
GACATACAGGGAATACGGCG_001,167
ACTGTGATACCTACAGAGGT_001,76
ACTGTGATACCTACAGAGGT_002,27
ACTGTGATACCTACAGAGGT_003,69
ACTGTGATACCTACAGAGGT_004,156
ACTGTGATACCTACAGAGGT_005,140
ACTGTGATACCTACAGAGGT_006,162
CGCAACAGTTCCGGGGACGC_001,42
CGCAACAGTTCCGGGGACGC_002,157
CGCAACAGTTCCGGGGACGC_003,36
CGCAACAGTTCCGGGGACGC_004,43
CGCAACAGTTCCGGGGACGC_005,147
CGCAACAGTTCCGGGGACGC_006,120
CGCAACAGTTCCGGGGACGC_007,120
CGCAACAGTTCCGGGGACGC_008,126
CGCAACAGTTCCGGGGACGC_009,60
CGCAACAGTTCCGGGGACGC_010,185
CGCAACAGTTCCGGGGACGC_011,38
CGCAACAGTTCCGGGGACGC_012,72
CGCAACAGTTCCGGGGACGC_013,99
CTCCCCGCTTCGCCCACTCG_001,171
CTCCCCGCTTCGCCCACTCG_002,113
CTCCCCGCTTCGCCCACTCG_003,128
CTCCCCGCTTCGCCCACTCG_004,114
CTCCCCGCTTCGCCCACTCG_005,61
CTCCCCGCTTCGCCCACTCG_006,136
CTCCCCGCTTCGCCCACTCG_007,151
CTCCCCGCTTCGCCCACTCG_008,81
CTCCCCGCTTCGCCCACTCG_009,182
CTCCCCGCTTCGCCCACTCG_010,89
CTCCCCGCTTCGCCCACTCG_011,116
CTCCCCGCTTCGCCCACTCG_012,164
CTCCCCGCTTCGCCCACTCG_013,116
GCAAACTTCTGCAAGACATG_001,166
GCAAACTTCTGCAAGACATG_002,175
GCAAACTTCTGCAAGACATG_003,162
GCAAACTTCTGCAAGACATG_004,184
GCAAACTTCTGCAAGACATG_005,149
GCAAACTTCTGCAAGACATG_006,146
GCAAACTTCTGCAAGACATG_007,2
AGCCACTGCGGAGTTCGAGA_001,132
AGCCACTGCGGAGTTCGAGA_002,130
AGCCACTGCGGAGTTCGAGA_003,48
AGCCACTGCGGAGTTCGAGA_004,162
AGCCACTGCGGAGTTCGAGA_005,69
AGCCACTGCGGAGTTCGAGA_006,9
GTGCTCTGCTCAATTCTGGA_001,157
GTGCTCTGCTCAATTCTGGA_002,172
GTGCTCTGCTCAATTCTGGA_003,83
GTGCTCTGCTCAATTCTGGA_004,115
GTGCTCTGCTCAATTCTGGA_005,17
GTGCTCTGCTCAATTCTGGA_006,1
GTGCTCTGCTCAATTCTGGA_007,94
GTGCTCTGCTCAATTCTGGA_008,150
GTGCTCTGCTCAATTCTGGA_009,94
GGGCCATACTCCCCATAACG_001,80
CTGAAGAAAAGCCCTCGCCG_001,159
CTGAAGAAAAGCCCTCGCCG_002,194
CTGAAGAAAAGCCCTCGCCG_003,152
CTGAAGAAAAGCCCTCGCCG_004,72
CTGAAGAAAAGCCCTCGCCG_005,154
CTGAAGAAAAGCCCTCGCCG_006,88
CTGAAGAAAAGCCCTCGCCG_007,47
CTGAAGAAAAGCCCTCGCCG_008,111
CTGAAGAAAAGCCCTCGCCG_009,127
CTGAAGAAAAGCCCTCGCCG_010,127
CTGAAGAAAAGCCCTCGCCG_011,43
CTGAAGAAAAGCCCTCGCCG_012,149
CTGAAGAAAAGCCCTCGCCG_013,154
CTGAAGAAAAGCCCTCGCCG_014,31
CTGAAGAAAAGCCCTCGCCG_015,109
CTGAAGAAAAGCCCTCGCCG_016,1
CTGAAGAAAAGCCCTCGCCG_017,157
CTGAAGAAAAGCCCTCGCCG_018,134
CTGAAGAAAAGCCCTCGCCG_019,169
CTGAAGAAAAGCCCTCGCCG_020,130
CTGAAGAAAAGCCCTCGCCG_021,94
CTGAAGAAAAGCCCTCGCCG_022,178
CTGAAGAAAAGCCCTCGCCG_023,130
CTGAAGAAAAGCCCTCGCCG_024,50
CTGAAGAAAAGCCCTCGCCG_025,110
CTGAAGAAAAGCCCTCGCCG_026,82
CTGAAGAAAAGCCCTCGCCG_027,146
CTGAAGAAAAGCCCTCGCCG_028,15
CTGAAGAAAAGCCCTCGCCG_029,145
CTGAAGAAAAGCCCTCGCCG_030,181
CTGAAGAAAAGCCCTCGCCG_031,61
CTGAAGAAAAGCCCTCGCCG_032,45
CTGAAGAAAAGCCCTCGCCG_033,191
CTGAAGAAAAGCCCTCGCCG_034,72
CTGAAGAAAAGCCCTCGCCG_035,52
CTGAAGAAAAGCCCTCGCCG_036,166
CTGAAGAAAAGCCCTCGCCG_037,60
CTGAAGAAAAGCCCTCGCCG_038,56
CTGAAGAAAAGCCCTCGCCG_039,56
CTGAAGAAAAGCCCTCGCCG_040,44
CTGAAGAAAAGCCCTCGCCG_041,63
CTGAAGAAAAGCCCTCGCCG_042,126
CTGAAGAAAAGCCCTCGCCG_043,70
CTGAAGAAAAGCCCTCGCCG_044,80
CTGAAGAAAAGCCCTCGCCG_045,47
CTGAAGAAAAGCCCTCGCCG_046,138
CTGAAGAAAAGCCCTCGCCG_047,2
CTGAAGAAAAGCCCTCGCCG_048,10
CTGAAGAAAAGCCCTCGCCG_049,9
CTGAAGAAAAGCCCTCGCCG_050,81
GGTTGATTATCGTAAATACG_001,8
GGTTGATTATCGTAAATACG_002,49
GGTTGATTATCGTAAATACG_003,174
CCCCGACGTTCACCTCAGTG_001,85
CCCCGACGTTCACCTCAGTG_002,112
AGCAAAGAACTCCTGCACGT_001,156
AGCAAAGAACTCCTGCACGT_002,120
AGCAAAGAACTCCTGCACGT_003,147
TGTTCCGAGGGAGAATATGG_001,142
TGTTCCGAGGGAGAATATGG_002,66
TGTTCCGAGGGAGAATATGG_003,0
TGTTCCGAGGGAGAATATGG_004,50
TGTTCCGAGGGAGAATATGG_005,22
CTGAATCTCCAGCGAATACG_001,192
CTGAATCTCCAGCGAATACG_002,42
CTGAATCTCCAGCGAATACG_003,68
CTGAATCTCCAGCGAATACG_004,48
CTGAATCTCCAGCGAATACG_005,171
CTGAATCTCCAGCGAATACG_006,76
GGACATAGAGGACTATTACG_001,58
GGACATAGAGGACTATTACG_002,44
GGACATAGAGGACTATTACG_003,10
GGACATAGAGGACTATTACG_004,179
GGACATAGAGGACTATTACG_005,12
GGACATAGAGGACTATTACG_006,43
TAGGGGATTAGCTGACAGTC_001,95
TAGGGGATTAGCTGACAGTC_002,18
TAGGGGATTAGCTGACAGTC_003,94
TAGGGGATTAGCTGACAGTC_004,63
TAGGGGATTAGCTGACAGTC_005,77
TAGGGGATTAGCTGACAGTC_006,60
TAGGGGATTAGCTGACAGTC_007,141
TAGGGGATTAGCTGACAGTC_008,32
TAGGGGATTAGCTGACAGTC_009,139
TAGGGGATTAGCTGACAGTC_010,81
TAGGGGATTAGCTGACAGTC_011,177
TAGGGGATTAGCTGACAGTC_012,139
TAGGGGATTAGCTGACAGTC_013,22
TAGGGGATTAGCTGACAGTC_014,59
TAGGGGATTAGCTGACAGTC_015,46
TAGGGGATTAGCTGACAGTC_016,20
TAGGGGATTAGCTGACAGTC_017,148
TAGGGGATTAGCTGACAGTC_018,23
TAGGGGATTAGCTGACAGTC_019,81
TAGGGGATTAGCTGACAGTC_020,43
TAGGGGATTAGCTGACAGTC_021,132
TAGGGGATTAGCTGACAGTC_022,12
TAGGGGATTAGCTGACAGTC_023,158
TAGAAGTACTTACGGCTCTG_001,84
TAGAAGTACTTACGGCTCTG_002,130
AGTGCATGATGTGCGATGTG_001,5
AGTGCATGATGTGCGATGTG_002,169
AGTGCATGATGTGCGATGTG_003,19
AGTGCATGATGTGCGATGTG_004,86
AGTGCATGATGTGCGATGTG_005,149
AGTGCATGATGTGCGATGTG_006,33
AGTGCATGATGTGCGATGTG_007,118
CTCCAACTTCGTGCGAATGG_001,137
CAAGTTGAAGCCCGAAGTTG_001,126
CAAGTTGAAGCCCGAAGTTG_002,149
CAAGTTGAAGCCCGAAGTTG_003,6
CAAGTTGAAGCCCGAAGTTG_004,196
CAAGTTGAAGCCCGAAGTTG_005,84
CAAGTTGAAGCCCGAAGTTG_006,136
CTCGACTCCATTGTAGACGT_001,182
CTCGACTCCATTGTAGACGT_002,97
CTCGACTCCATTGTAGACGT_003,102
CTCGACTCCATTGTAGACGT_004,28
GGGTCCTTAAATGCTTACAA_001,15
GGGTCCTTAAATGCTTACAA_002,106
GGGTCCTTAAATGCTTACAA_003,8
GGGTCCTTAAATGCTTACAA_004,158
GGGTCCTTAAATGCTTACAA_005,12
GGGTCCTTAAATGCTTACAA_006,130
GGGTCCTTAAATGCTTACAA_007,57
GGGTCCTTAAATGCTTACAA_008,25
GGGTCCTTAAATGCTTACAA_009,156
GTATTATCTAAGTACCGCAG_001,80
ACCCGCAGACTACCATGCCG_001,197
ACCCGCAGACTACCATGCCG_002,115
ACCCGCAGACTACCATGCCG_003,151
ACCCGCAGACTACCATGCCG_004,119
ACCCGCAGACTACCATGCCG_005,177
ACCCGCAGACTACCATGCCG_006,76
ACCCGCAGACTACCATGCCG_007,172
ACCCGCAGACTACCATGCCG_008,100
CAAGCCCAAGGTTAAAAAGG_001,94
CAAGCCCAAGGTTAAAAAGG_002,191
CAAGCCCAAGGTTAAAAAGG_003,127
GGGTGGCAAGCAGATCAACC_001,70
AAGCTGCACGAGATCTTCCG_001,152
AAGCTGCACGAGATCTTCCG_002,29
AAGCTGCACGAGATCTTCCG_003,177
AAGCTGCACGAGATCTTCCG_004,27
AAGCTGCACGAGATCTTCCG_005,179
AAGCTGCACGAGATCTTCCG_006,78
AAGCTGCACGAGATCTTCCG_007,139
AAGCTGCACGAGATCTTCCG_008,148
AAGCTGCACGAGATCTTCCG_009,153
AAGCTGCACGAGATCTTCCG_010,62
AAGCTGCACGAGATCTTCCG_011,160
AAGCTGCACGAGATCTTCCG_012,62
AAGCTGCACGAGATCTTCCG_013,153
AAGCTGCACGAGATCTTCCG_014,147
AAGCTGCACGAGATCTTCCG_015,6
GAATTGCTGTATGATGTGGC_001,47
TCTGCAGTATGGAAGCCGGC_001,149
TCTGCAGTATGGAAGCCGGC_002,173
TCTGCAGTATGGAAGCCGGC_003,115
TCTGCAGTATGGAAGCCGGC_004,1
TCTGCAGTATGGAAGCCGGC_005,57
TCTGCAGTATGGAAGCCGGC_006,58
TCTGCAGTATGGAAGCCGGC_007,145
TCTGCAGTATGGAAGCCGGC_008,130
TCTGCAGTATGGAAGCCGGC_009,166
TCTGCAGTATGGAAGCCGGC_010,43
TCTGCAGTATGGAAGCCGGC_011,189
TCTGCAGTATGGAAGCCGGC_012,92
TCTGCAGTATGGAAGCCGGC_013,91
TCTGCAGTATGGAAGCCGGC_014,67
TCTGCAGTATGGAAGCCGGC_015,16
TCTGCAGTATGGAAGCCGGC_016,5
GCATTGTCTGCAAAAATCGT_001,100
GCATTGTCTGCAAAAATCGT_002,6
GCATTGTCTGCAAAAATCGT_003,173
GCATTGTCTGCAAAAATCGT_004,34
GCATTGTCTGCAAAAATCGT_005,190
GCATTGTCTGCAAAAATCGT_006,16
GAGACAGCTGAACCCTTGTG_001,127
GAGACAGCTGAACCCTTGTG_002,140
GAGACAGCTGAACCCTTGTG_003,38
TCAAAGCTCAAGAAGGCCAA_001,15
TCAAAGCTCAAGAAGGCCAA_002,177
TCAAAGCTCAAGAAGGCCAA_003,186
GAGTTCTTGGACCAAAACAA_001,4
GAGTTCTTGGACCAAAACAA_002,94
GAGTTCTTGGACCAAAACAA_003,98
GAGTTCTTGGACCAAAACAA_004,111
GAGTTCTTGGACCAAAACAA_005,147
GAGTTCTTGGACCAAAACAA_006,48
GAGTTCTTGGACCAAAACAA_007,4
GAGTTCTTGGACCAAAACAA_008,49
GAGTTCTTGGACCAAAACAA_009,35
GAGTTCTTGGACCAAAACAA_010,137
GAGTTCTTGGACCAAAACAA_011,134
GAGTTCTTGGACCAAAACAA_012,98
TGAACGCGTGTACGTCATGG_001,7
TGAACGCGTGTACGTCATGG_002,65
TGAACGCGTGTACGTCATGG_003,41
TGAACGCGTGTACGTCATGG_004,176
TGAACGCGTGTACGTCATGG_005,107
TGAACGCGTGTACGTCATGG_006,37
TGAACGCGTGTACGTCATGG_007,188
ACTGCGTGGTGGTTGGACGG_001,168
ACTGCGTGGTGGTTGGACGG_002,105
ACTGCGTGGTGGTTGGACGG_003,54
ACTGCGTGGTGGTTGGACGG_004,15
ACTGCGTGGTGGTTGGACGG_005,25
ACTGCGTGGTGGTTGGACGG_006,12
ACTGCGTGGTGGTTGGACGG_007,59
ACTGCGTGGTGGTTGGACGG_008,57
ACTGCGTGGTGGTTGGACGG_009,122
ACTGCGTGGTGGTTGGACGG_010,53
ACTGCGTGGTGGTTGGACGG_011,195
ACTGCGTGGTGGTTGGACGG_012,20
CTTTAGGCGAAGTCTTGCAA_001,14
CTTTAGGCGAAGTCTTGCAA_002,34
CTTTAGGCGAAGTCTTGCAA_003,175
CTTTAGGCGAAGTCTTGCAA_004,134
CTTTAGGCGAAGTCTTGCAA_005,74
CTTTAGGCGAAGTCTTGCAA_006,44
CTTTAGGCGAAGTCTTGCAA_007,43
CTTTAGGCGAAGTCTTGCAA_008,58
CTTTAGGCGAAGTCTTGCAA_009,15
CTTTAGGCGAAGTCTTGCAA_010,68
CTTTAGGCGAAGTCTTGCAA_011,46
CTTTAGGCGAAGTCTTGCAA_012,183
CTTTAGGCGAAGTCTTGCAA_013,176
CTTTAGGCGAAGTCTTGCAA_014,47
TACACACAGTAGATAACACG_001,1
TACACACAGTAGATAACACG_002,134
AAGCCAACAAACTGCCACCC_001,138
AAGCCAACAAACTGCCACCC_002,184
AAGCCAACAAACTGCCACCC_003,98
AAGCCAACAAACTGCCACCC_004,146
AAGCCAACAAACTGCCACCC_005,94
AAGCCAACAAACTGCCACCC_006,46
AAGCCAACAAACTGCCACCC_007,116
AAGCCAACAAACTGCCACCC_008,164
AAGCCAACAAACTGCCACCC_009,88
AAGCCAACAAACTGCCACCC_010,56
AAGCCAACAAACTGCCACCC_011,188
AAGCCAACAAACTGCCACCC_012,2
TGTATGCTTTCAACTGCCGG_001,52
TGTATGCTTTCAACTGCCGG_002,171
TGTATGCTTTCAACTGCCGG_003,195
TGTATGCTTTCAACTGCCGG_004,149
TGTATGCTTTCAACTGCCGG_005,111
TGTATGCTTTCAACTGCCGG_006,172
TGTATGCTTTCAACTGCCGG_007,17
TGTATGCTTTCAACTGCCGG_008,141
TGTATGCTTTCAACTGCCGG_009,44
TGTATGCTTTCAACTGCCGG_010,157
TCCAACACCTCGTCCACTGC_001,188
TCCAACACCTCGTCCACTGC_002,49
TCCAACACCTCGTCCACTGC_003,92
TCCAACACCTCGTCCACTGC_004,12
TCCAACACCTCGTCCACTGC_005,127
TCCAACACCTCGTCCACTGC_006,23
TCCAACACCTCGTCCACTGC_007,2
TCCAACACCTCGTCCACTGC_008,63
GCATGTAAATCATGTCCTTG_001,197
ATGAGGTGAGCGCCCTTATG_001,146
ATGAGGTGAGCGCCCTTATG_002,15
ATGAGGTGAGCGCCCTTATG_003,40
CAAGCCTTTAACTGAATGTG_001,147
CAAGCCTTTAACTGAATGTG_002,19
CAAGCCTTTAACTGAATGTG_003,154
CAAGCCTTTAACTGAATGTG_004,3
CCAGATATACCAGTTCCCAA_001,132
CCAGATATACCAGTTCCCAA_002,72
CCAGATATACCAGTTCCCAA_003,134
CCAGATATACCAGTTCCCAA_004,186
CCAGATATACCAGTTCCCAA_005,95
CCAGATATACCAGTTCCCAA_006,72
CCAGATATACCAGTTCCCAA_007,119
CCAGATATACCAGTTCCCAA_008,102
AGCCCCGTGTCAACTCACTG_001,106
AGCCCCGTGTCAACTCACTG_002,127
AGCCCCGTGTCAACTCACTG_003,132
AGCCCCGTGTCAACTCACTG_004,147
AGCCCCGTGTCAACTCACTG_005,50
AGCCCCGTGTCAACTCACTG_006,156
AGCCCCGTGTCAACTCACTG_007,156
AGCCCCGTGTCAACTCACTG_008,139
AGCCCCGTGTCAACTCACTG_009,152
AGCCCCGTGTCAACTCACTG_010,140
AGCCCCGTGTCAACTCACTG_011,76
AGCCCCGTGTCAACTCACTG_012,8
AGCCCCGTGTCAACTCACTG_013,68
AGCCCCGTGTCAACTCACTG_014,37
AGCCCCGTGTCAACTCACTG_015,183
AGCCCCGTGTCAACTCACTG_016,163
AGCCCCGTGTCAACTCACTG_017,86
AGCCCCGTGTCAACTCACTG_018,141
AGCCCCGTGTCAACTCACTG_019,34
AGCCCCGTGTCAACTCACTG_020,117
AGCCCCGTGTCAACTCACTG_021,145
AGCCCCGTGTCAACTCACTG_022,142
AGCCCCGTGTCAACTCACTG_023,113
AGCCCCGTGTCAACTCACTG_024,15
AGCCCCGTGTCAACTCACTG_025,176
AGCCCCGTGTCAACTCACTG_026,159
AGCCCCGTGTCAACTCACTG_027,150
AGCCCCGTGTCAACTCACTG_028,177
AGCCCCGTGTCAACTCACTG_029,50
AGCCCCGTGTCAACTCACTG_030,56
AGCCCCGTGTCAACTCACTG_031,88
AGCCCCGTGTCAACTCACTG_032,12
AGCCCCGTGTCAACTCACTG_033,110
AGCCCCGTGTCAACTCACTG_034,137
AGCCCCGTGTCAACTCACTG_035,171
AGCCCCGTGTCAACTCACTG_036,65
AGCCCCGTGTCAACTCACTG_037,132
AGCCCCGTGTCAACTCACTG_038,158
AGCCCCGTGTCAACTCACTG_039,101
AGCCCCGTGTCAACTCACTG_040,38
AGCCCCGTGTCAACTCACTG_041,123
AGCCCCGTGTCAACTCACTG_042,126
AGCCCCGTGTCAACTCACTG_043,2
AGCCCCGTGTCAACTCACTG_044,19
AGCCCCGTGTCAACTCACTG_045,28
AGCCCCGTGTCAACTCACTG_046,28
AGCCCCGTGTCAACTCACTG_047,16
AGCCCCGTGTCAACTCACTG_048,141
TAAAACACATAAGTAGACGA_001,10
TAAAACACATAAGTAGACGA_002,4
GCCCAGGACCCCACGCCCAG_001,199
GCCCAGGACCCCACGCCCAG_002,62
GCCCAGGACCCCACGCCCAG_003,25
GCCCAGGACCCCACGCCCAG_004,171
GCCCAGGACCCCACGCCCAG_005,27
GCCCAGGACCCCACGCCCAG_006,170
GCCCAGGACCCCACGCCCAG_007,160
GCCCAGGACCCCACGCCCAG_008,82
GCCCAGGACCCCACGCCCAG_009,137
GCCCAGGACCCCACGCCCAG_010,130
GCCCAGGACCCCACGCCCAG_011,197
GCCCAGGACCCCACGCCCAG_012,145
GCCCAGGACCCCACGCCCAG_013,150
GCCCAGGACCCCACGCCCAG_014,105
GCCCAGGACCCCACGCCCAG_015,13
GCCCAGGACCCCACGCCCAG_016,78
GCCCAGGACCCCACGCCCAG_017,28
GCCCAGGACCCCACGCCCAG_018,105
TGGCAGGTGCTCATGCCGCG_001,106
TGGCAGGTGCTCATGCCGCG_002,11
TGGCAGGTGCTCATGCCGCG_003,2
TGGCAGGTGCTCATGCCGCG_004,198
TGGCAGGTGCTCATGCCGCG_005,181
ATTCTGCATTCCTCTGCGGG_001,191
ATTCTGCATTCCTCTGCGGG_002,103
ATTCTGCATTCCTCTGCGGG_003,187
ATTCTGCATTCCTCTGCGGG_004,113
ATTCTGCATTCCTCTGCGGG_005,145
ATTCTGCATTCCTCTGCGGG_006,158
ATTCTGCATTCCTCTGCGGG_007,100
ATTCTGCATTCCTCTGCGGG_008,13
CATGGGAGACTTTGGCCACG_001,146
CATGGGAGACTTTGGCCACG_002,157
CATGGGAGACTTTGGCCACG_003,113
CATGGGAGACTTTGGCCACG_004,51
CATGGGAGACTTTGGCCACG_005,54
CATGGGAGACTTTGGCCACG_006,125
CATGGGAGACTTTGGCCACG_007,170
CATGGGAGACTTTGGCCACG_008,148
CATGGGAGACTTTGGCCACG_009,157
CATGGGAGACTTTGGCCACG_010,82
CATGGGAGACTTTGGCCACG_011,137
CATGGGAGACTTTGGCCACG_012,27
CATGGGAGACTTTGGCCACG_013,69
CATGGGAGACTTTGGCCACG_014,73
CATGGGAGACTTTGGCCACG_015,122
CATGGGAGACTTTGGCCACG_016,35
CATGGGAGACTTTGGCCACG_017,69
CATGGGAGACTTTGGCCACG_018,193
CATGGGAGACTTTGGCCACG_019,146
CATGGGAGACTTTGGCCACG_020,20
CATGGGAGACTTTGGCCACG_021,28
CATGGGAGACTTTGGCCACG_022,6
CATGGGAGACTTTGGCCACG_023,37
CATGGGAGACTTTGGCCACG_024,162
CATGGGAGACTTTGGCCACG_025,37
CATGGGAGACTTTGGCCACG_026,49
CATGGGAGACTTTGGCCACG_027,113
CATGGGAGACTTTGGCCACG_028,19
CATGGGAGACTTTGGCCACG_029,184
CATGGGAGACTTTGGCCACG_030,29
GCACTCAGGGACTTCATGCG_001,175
GCACTCAGGGACTTCATGCG_002,60
GCACTCAGGGACTTCATGCG_003,129
GCACTCAGGGACTTCATGCG_004,86
GCACTCAGGGACTTCATGCG_005,175
GCACTCAGGGACTTCATGCG_006,28
GCACTCAGGGACTTCATGCG_007,118
GCACTCAGGGACTTCATGCG_008,48
GCACTCAGGGACTTCATGCG_009,49
ATCCTTGCTCCATACCAACA_001,49
ATCCTTGCTCCATACCAACA_002,174
ATCCTTGCTCCATACCAACA_003,20
ATCCTTGCTCCATACCAACA_004,23
ATCCTTGCTCCATACCAACA_005,14
ATCCTTGCTCCATACCAACA_006,32
ATCCTTGCTCCATACCAACA_007,38
ATCCTTGCTCCATACCAACA_008,138
ATCCTTGCTCCATACCAACA_009,76
ATCCTTGCTCCATACCAACA_010,60
ATCCTTGCTCCATACCAACA_011,147
ATCCTTGCTCCATACCAACA_012,140
ATCCTTGCTCCATACCAACA_013,77
ATCCTTGCTCCATACCAACA_014,30
ATCCTTGCTCCATACCAACA_015,16
ATCCTTGCTCCATACCAACA_016,19
ATCCTTGCTCCATACCAACA_017,125
ATCCTTGCTCCATACCAACA_018,50
ATCCTTGCTCCATACCAACA_019,145
ATCCTTGCTCCATACCAACA_020,150
CCGACACTCACGTGTTCTGG_001,199
CCGACACTCACGTGTTCTGG_002,77
CCGACACTCACGTGTTCTGG_003,170
CCGACACTCACGTGTTCTGG_004,4
CCGACACTCACGTGTTCTGG_005,107
CCGACACTCACGTGTTCTGG_006,173
CCGACACTCACGTGTTCTGG_007,68
CCGACACTCACGTGTTCTGG_008,186
CCGACACTCACGTGTTCTGG_009,34
CCGACACTCACGTGTTCTGG_010,62
CCGACACTCACGTGTTCTGG_011,74
CCGACACTCACGTGTTCTGG_012,7
CCGACACTCACGTGTTCTGG_013,29
CCGACACTCACGTGTTCTGG_014,48
CCGACACTCACGTGTTCTGG_015,94
CCGACACTCACGTGTTCTGG_016,144
CCAACCTATACCAGGACCAG_001,27
CCAACCTATACCAGGACCAG_002,57
CCAACCTATACCAGGACCAG_003,30
CCAACCTATACCAGGACCAG_004,7
CCAACCTATACCAGGACCAG_005,137
CCAACCTATACCAGGACCAG_006,191
CCAACCTATACCAGGACCAG_007,58
CCAACCTATACCAGGACCAG_008,62
GACCATAACAAGTCACACAT_001,94
GACCATAACAAGTCACACAT_002,7
GACCATAACAAGTCACACAT_003,5
GACCATAACAAGTCACACAT_004,168
GACCATAACAAGTCACACAT_005,162
GACCATAACAAGTCACACAT_006,55
GACCATAACAAGTCACACAT_007,147
GACCATAACAAGTCACACAT_008,67
GACCATAACAAGTCACACAT_009,12
GACCATAACAAGTCACACAT_010,5
GACCATAACAAGTCACACAT_011,158
GACCATAACAAGTCACACAT_012,30
GACCATAACAAGTCACACAT_013,41
GACCATAACAAGTCACACAT_014,137
GACCATAACAAGTCACACAT_015,148
GACCATAACAAGTCACACAT_016,199
GACCATAACAAGTCACACAT_017,124
GACCATAACAAGTCACACAT_018,66
AACCCAGGGGAAGTTACACG_001,12
AACCCAGGGGAAGTTACACG_002,50
AACCCAGGGGAAGTTACACG_003,29
AACCCAGGGGAAGTTACACG_004,57
AACCCAGGGGAAGTTACACG_005,186
AACCCAGGGGAAGTTACACG_006,148
AACCCAGGGGAAGTTACACG_007,160
AACCCAGGGGAAGTTACACG_008,162
GGTGCACAACATGGAGCAGG_001,130
GGTGCACAACATGGAGCAGG_002,190
GGTGCACAACATGGAGCAGG_003,90
GGTGCACAACATGGAGCAGG_004,197
TACACGAAGCAACGTCAGCT_001,8
TACACGAAGCAACGTCAGCT_002,132
TACACGAAGCAACGTCAGCT_003,14
TACACGAAGCAACGTCAGCT_004,152
TACACGAAGCAACGTCAGCT_005,34
TACACGAAGCAACGTCAGCT_006,140
TACACGAAGCAACGTCAGCT_007,102
TACACGAAGCAACGTCAGCT_008,103
TACACGAAGCAACGTCAGCT_009,169
TACACGAAGCAACGTCAGCT_010,1
TACACGAAGCAACGTCAGCT_011,65
TACACGAAGCAACGTCAGCT_012,95
TACACGAAGCAACGTCAGCT_013,50
TACACGAAGCAACGTCAGCT_014,56
TACACGAAGCAACGTCAGCT_015,131
TACACGAAGCAACGTCAGCT_016,199
TACACGAAGCAACGTCAGCT_017,139
TACACGAAGCAACGTCAGCT_018,193
TCCAAGGCATACCCCAACCA_001,43
TCCAAGGCATACCCCAACCA_002,76
TCCAAGGCATACCCCAACCA_003,18
TCCAAGGCATACCCCAACCA_004,8
TCCAAGGCATACCCCAACCA_005,78
GTGACGCGAATCCTGGATGG_001,12
GTGACGCGAATCCTGGATGG_002,176
GTGACGCGAATCCTGGATGG_003,101
GTGACGCGAATCCTGGATGG_004,159
GTGACGCGAATCCTGGATGG_005,197
TCGAGAACGGCAACTACCGG_001,145
TCGAGAACGGCAACTACCGG_002,102
TCGAGAACGGCAACTACCGG_003,94
TCGAGAACGGCAACTACCGG_004,61
TCGAGAACGGCAACTACCGG_005,78
TCGAGAACGGCAACTACCGG_006,43
TCGAGAACGGCAACTACCGG_007,25
TCGAGAACGGCAACTACCGG_008,110
TCGAGAACGGCAACTACCGG_009,78
TCGAGAACGGCAACTACCGG_010,17
TCGAGAACGGCAACTACCGG_011,119
TCGAGAACGGCAACTACCGG_012,15
CAATAACACACAGTTAAGGG_001,33
GGCACGTGTTGCAGGCGAAG_001,49
GGCACGTGTTGCAGGCGAAG_002,98
GGCACGTGTTGCAGGCGAAG_003,44
GGCACGTGTTGCAGGCGAAG_004,127
GGCACGTGTTGCAGGCGAAG_005,199
GGCACGTGTTGCAGGCGAAG_006,63
GGCACGTGTTGCAGGCGAAG_007,48
GGCACGTGTTGCAGGCGAAG_008,34
GGCACGTGTTGCAGGCGAAG_009,134
GGCACGTGTTGCAGGCGAAG_010,39
GGCACGTGTTGCAGGCGAAG_011,27
TGAGTGTTCATAGCATACTG_001,64
TGAGTGTTCATAGCATACTG_002,147
TGAGTGTTCATAGCATACTG_003,43
TGAGTGTTCATAGCATACTG_004,63
CCTTATCTTGGAGAGTACGA_001,152
CCTTATCTTGGAGAGTACGA_002,168
CCTTATCTTGGAGAGTACGA_003,26
CCTTATCTTGGAGAGTACGA_004,149
CCTTATCTTGGAGAGTACGA_005,136
CCTTATCTTGGAGAGTACGA_006,3
CCTTATCTTGGAGAGTACGA_007,94
CCTTATCTTGGAGAGTACGA_008,115
CCTTATCTTGGAGAGTACGA_009,54
CCTTATCTTGGAGAGTACGA_010,149
CCTTATCTTGGAGAGTACGA_011,45
CCTTATCTTGGAGAGTACGA_012,107
CCTTATCTTGGAGAGTACGA_013,41
CCTTATCTTGGAGAGTACGA_014,150
CCTTATCTTGGAGAGTACGA_015,165
CCTTATCTTGGAGAGTACGA_016,158
CCTTATCTTGGAGAGTACGA_017,174
CTGGGCTTCCTATTAAACCA_001,172
CTGGGCTTCCTATTAAACCA_002,106
CTGGGCTTCCTATTAAACCA_003,61
CCATTGACCAATCAAAACTG_001,69
CCATTGACCAATCAAAACTG_002,145
CCATTGACCAATCAAAACTG_003,10
CCATTGACCAATCAAAACTG_004,137
CCATTGACCAATCAAAACTG_005,124
TAGATGTCGTCACAGTCCAG_001,152
TAGATGTCGTCACAGTCCAG_002,137
TAGATGTCGTCACAGTCCAG_003,178
TTAAGCATACCAACAAAAGT_001,60
TTAAGCATACCAACAAAAGT_002,107
TTAAGCATACCAACAAAAGT_003,94
TTAAGCATACCAACAAAAGT_004,178
TTAAGCATACCAACAAAAGT_005,74
TTAAGCATACCAACAAAAGT_006,181
AAACCAAATTAAACACGTAG_001,162
AAACCAAATTAAACACGTAG_002,62
AAACCAAATTAAACACGTAG_003,185
AAACCAAATTAAACACGTAG_004,11
AAACCAAATTAAACACGTAG_005,48
AAACCAAATTAAACACGTAG_006,145
AAACCAAATTAAACACGTAG_007,105
AAACCAAATTAAACACGTAG_008,61
AAACCAAATTAAACACGTAG_009,135
AAACCAAATTAAACACGTAG_010,124
AAACCAAATTAAACACGTAG_011,171
AAACCAAATTAAACACGTAG_012,149
AAACCAAATTAAACACGTAG_013,174
AGAGACTCTTCCTAATGTCC_001,103
AGAGACTCTTCCTAATGTCC_002,153
AGAGACTCTTCCTAATGTCC_003,38
AGAGACTCTTCCTAATGTCC_004,183
AGAGACTCTTCCTAATGTCC_005,120
AGAGACTCTTCCTAATGTCC_006,188
AGAGACTCTTCCTAATGTCC_007,184
GAAGGACTGTGCTAGAATGG_001,191
GAAGGACTGTGCTAGAATGG_002,94
GAAGGACTGTGCTAGAATGG_003,55
CTGCGCTGCTACACGCAGGT_001,198
CTGCGCTGCTACACGCAGGT_002,50
CTGCGCTGCTACACGCAGGT_003,52
CTGCGCTGCTACACGCAGGT_004,111
CTGCGCTGCTACACGCAGGT_005,28
CTGCGCTGCTACACGCAGGT_006,116
AGAAAATTACCTCCGGAGAG_001,80
AGAAAATTACCTCCGGAGAG_002,117
CCTTTCCTGATGACAGCGCG_001,27
CCTTTCCTGATGACAGCGCG_002,19
GTGGCCGACCTGTCTTGCGT_001,147
GTGGCCGACCTGTCTTGCGT_002,197
GTGGCCGACCTGTCTTGCGT_003,130
GTGGCCGACCTGTCTTGCGT_004,98
GTGGCCGACCTGTCTTGCGT_005,3
GTGGCCGACCTGTCTTGCGT_006,131
AGTACCATTATACCAACCTG_001,60
AGTACCATTATACCAACCTG_002,182
AGTGAGTGACAACCAGATCG_001,42
AGTGAGTGACAACCAGATCG_002,132
AGTGAGTGACAACCAGATCG_003,177
AGTGAGTGACAACCAGATCG_004,81
AGTGAGTGACAACCAGATCG_005,82
AGTGAGTGACAACCAGATCG_006,112
AGTGAGTGACAACCAGATCG_007,191
AGTGAGTGACAACCAGATCG_008,116
AGTGAGTGACAACCAGATCG_009,74
AGTGAGTGACAACCAGATCG_010,199
AGTGAGTGACAACCAGATCG_011,75
AGTGAGTGACAACCAGATCG_012,152
AGTGAGTGACAACCAGATCG_013,121
AGTGAGTGACAACCAGATCG_014,154
CGTCGCACCCTCCCCACTCA_001,114
CGTCGCACCCTCCCCACTCA_002,114
CGTCGCACCCTCCCCACTCA_003,88
CGTCGCACCCTCCCCACTCA_004,56
CGTCGCACCCTCCCCACTCA_005,32
CGTCGCACCCTCCCCACTCA_006,93
CGTCGCACCCTCCCCACTCA_007,147
CGTCGCACCCTCCCCACTCA_008,4
CGTCGCACCCTCCCCACTCA_009,103
CGTCGCACCCTCCCCACTCA_010,62
CGTCGCACCCTCCCCACTCA_011,15
CGTCGCACCCTCCCCACTCA_012,150
CGTCGCACCCTCCCCACTCA_013,112
CGTCGCACCCTCCCCACTCA_014,98
CGTCGCACCCTCCCCACTCA_015,64
CGTCGCACCCTCCCCACTCA_016,38
CGTCGCACCCTCCCCACTCA_017,192
CGTCGCACCCTCCCCACTCA_018,59
CGTCGCACCCTCCCCACTCA_019,40
CGTCGCACCCTCCCCACTCA_020,11
CGTCGCACCCTCCCCACTCA_021,165
CGTCGCACCCTCCCCACTCA_022,199
CGTCGCACCCTCCCCACTCA_023,77
CGTCGCACCCTCCCCACTCA_024,179
CGTCGCACCCTCCCCACTCA_025,17
CGTCGCACCCTCCCCACTCA_026,19
CGTCGCACCCTCCCCACTCA_027,167
CGTCGCACCCTCCCCACTCA_028,48
CGTCGCACCCTCCCCACTCA_029,147
CGTCGCACCCTCCCCACTCA_030,147
CGTCGCACCCTCCCCACTCA_031,196
GTAGCACCAGTGACACCAGT_001,41
GTAGCACCAGTGACACCAGT_002,49
GTAGCACCAGTGACACCAGT_003,148
GTAGCACCAGTGACACCAGT_004,190
GTAGCACCAGTGACACCAGT_005,70
GTAGCACCAGTGACACCAGT_006,102
GTAGCACCAGTGACACCAGT_007,126
GAGGCCTGTGATATACTGCG_001,32
ACCATGGCTTGTTGAGGACT_001,41
ACCATGGCTTGTTGAGGACT_002,198
ACCATGGCTTGTTGAGGACT_003,132
ACCATGGCTTGTTGAGGACT_004,145
ACCATGGCTTGTTGAGGACT_005,147
ACCATGGCTTGTTGAGGACT_006,162
ACCATGGCTTGTTGAGGACT_007,36
ACCATGGCTTGTTGAGGACT_008,11
ACCATGGCTTGTTGAGGACT_009,10
ACCATGGCTTGTTGAGGACT_010,164
ACCATGGCTTGTTGAGGACT_011,78
ACCATGGCTTGTTGAGGACT_012,57
TATAAAACGTCAATTAGTGA_001,87
TATAAAACGTCAATTAGTGA_002,116
TATAAAACGTCAATTAGTGA_003,134
TATAAAACGTCAATTAGTGA_004,130
CGAGAAGCCACACTTACTTG_001,4
CGAGAAGCCACACTTACTTG_002,162
CGAGAAGCCACACTTACTTG_003,65
CGAGAAGCCACACTTACTTG_004,162
CGAGAAGCCACACTTACTTG_005,60
CGAGAAGCCACACTTACTTG_006,179
CGAGAAGCCACACTTACTTG_007,128
CGAGAAGCCACACTTACTTG_008,158
CGAGAAGCCACACTTACTTG_009,123
CGAGAAGCCACACTTACTTG_010,81
CGAGAAGCCACACTTACTTG_011,48
CGAGAAGCCACACTTACTTG_012,58
CGAGAAGCCACACTTACTTG_013,37
CGAGAAGCCACACTTACTTG_014,62
CGAGAAGCCACACTTACTTG_015,67
GGTTCCTCAGGACGTCGCAG_001,118
GGTTCCTCAGGACGTCGCAG_002,59
GGTTCCTCAGGACGTCGCAG_003,69
GGTTCCTCAGGACGTCGCAG_004,87
GGTTCCTCAGGACGTCGCAG_005,198
GGTTCCTCAGGACGTCGCAG_006,10
GGTTCCTCAGGACGTCGCAG_007,127
AAAACACTGAAGAGAACCGC_001,23
AAAACACTGAAGAGAACCGC_002,170
AAAACACTGAAGAGAACCGC_003,56
AAAACACTGAAGAGAACCGC_004,18
AAAACACTGAAGAGAACCGC_005,19
AAAACACTGAAGAGAACCGC_006,2
TATTGCTCACACATCAACTC_001,102
TATTGCTCACACATCAACTC_002,49
TATTGCTCACACATCAACTC_003,159
TATTGCTCACACATCAACTC_004,148
TCTGAGCAAAACACATGGGG_001,157
TCTGAGCAAAACACATGGGG_002,169
TCTGAGCAAAACACATGGGG_003,178
TCTGAGCAAAACACATGGGG_004,5
TCTGAGCAAAACACATGGGG_005,60
TCTGAGCAAAACACATGGGG_006,67
TCTGAGCAAAACACATGGGG_007,136
TCTGAGCAAAACACATGGGG_008,158
TCTGAGCAAAACACATGGGG_009,150
TCTGAGCAAAACACATGGGG_010,5
TCTGAGCAAAACACATGGGG_011,101
TCTGAGCAAAACACATGGGG_012,39
TCTGAGCAAAACACATGGGG_013,99
TCTGAGCAAAACACATGGGG_014,174
TCTGAGCAAAACACATGGGG_015,58
TGAGAAACAGAAGCTGATCG_001,160
TGAGAAACAGAAGCTGATCG_002,173
TGAGAAACAGAAGCTGATCG_003,80
TGAGAAACAGAAGCTGATCG_004,145
TGAGAAACAGAAGCTGATCG_005,65
TGAGAAACAGAAGCTGATCG_006,62
TGAGAAACAGAAGCTGATCG_007,169
TGAGAAACAGAAGCTGATCG_008,147
TGAGAAACAGAAGCTGATCG_009,78
TGAGAAACAGAAGCTGATCG_010,83
TGAGAAACAGAAGCTGATCG_011,22
TGAGAAACAGAAGCTGATCG_012,40
TGAGAAACAGAAGCTGATCG_013,11
TGAGAAACAGAAGCTGATCG_014,141
TGAGAAACAGAAGCTGATCG_015,189
TGAGAAACAGAAGCTGATCG_016,34
TCTGACCTACACGACTAGTG_001,105
TCTGACCTACACGACTAGTG_002,39
GGAAGTCGAAACACCTCTCG_001,4
GGAAGTCGAAACACCTCTCG_002,113
GGAAGTCGAAACACCTCTCG_003,142
GGAAGTCGAAACACCTCTCG_004,27
GGAAGTCGAAACACCTCTCG_005,77
GGAAGTCGAAACACCTCTCG_006,17
GGAAGTCGAAACACCTCTCG_007,95
GGAAGTCGAAACACCTCTCG_008,8
GATCCAAATATCCAACGACC_001,38
GATCCAAATATCCAACGACC_002,168
ACGAAGATACGATGCACCAC_001,54
ACGAAGATACGATGCACCAC_002,37
ACGAAGATACGATGCACCAC_003,37
ACGAAGATACGATGCACCAC_004,147
ACGAAGATACGATGCACCAC_005,199
ACGAAGATACGATGCACCAC_006,8
ACGAAGATACGATGCACCAC_007,35
ACGAAGATACGATGCACCAC_008,63
ACGAAGATACGATGCACCAC_009,108
ACGAAGATACGATGCACCAC_010,129
ACGAAGATACGATGCACCAC_011,137
ACGAAGATACGATGCACCAC_012,36
ACGAAGATACGATGCACCAC_013,125
CCAAAGAGGCCTCTAAATCG_001,121
CCAAAGAGGCCTCTAAATCG_002,50
CCAAAGAGGCCTCTAAATCG_003,146
CCAAAGAGGCCTCTAAATCG_004,11
CCAAAGAGGCCTCTAAATCG_005,96
CCAAAGAGGCCTCTAAATCG_006,48
ATGGGATGAACGTCTTAGGT_001,90
ATGGGATGAACGTCTTAGGT_002,72
ATGGGATGAACGTCTTAGGT_003,25
ATGGGATGAACGTCTTAGGT_004,86
ATGGGATGAACGTCTTAGGT_005,13
ATGGGATGAACGTCTTAGGT_006,77
ATGGGATGAACGTCTTAGGT_007,131
AGACCTTCTCTTCACACTCG_001,60
AGACCTTCTCTTCACACTCG_002,94
AGACCTTCTCTTCACACTCG_003,171
AGACCTTCTCTTCACACTCG_004,4
AGACCTTCTCTTCACACTCG_005,147
AGACCTTCTCTTCACACTCG_006,199
AGACCTTCTCTTCACACTCG_007,184
AGACCTTCTCTTCACACTCG_008,156
AGACCTTCTCTTCACACTCG_009,118
AGACCTTCTCTTCACACTCG_010,170
AGACCTTCTCTTCACACTCG_011,11
AGACCTTCTCTTCACACTCG_012,1
AGACCTTCTCTTCACACTCG_013,56
AGACCTTCTCTTCACACTCG_014,155
AAAGCCAACAAGTTAGACCA_001,13
AAAGCCAACAAGTTAGACCA_002,188
AAAGCCAACAAGTTAGACCA_003,32
AAAGCCAACAAGTTAGACCA_004,42
AAAGCCAACAAGTTAGACCA_005,145
AAAGCCAACAAGTTAGACCA_006,154
AAAGCCAACAAGTTAGACCA_007,106
AAAGCCAACAAGTTAGACCA_008,106
AAAGCCAACAAGTTAGACCA_009,137
AAAGCCAACAAGTTAGACCA_010,132
AAAGCCAACAAGTTAGACCA_011,172
AAAGCCAACAAGTTAGACCA_012,29
AAAGCCAACAAGTTAGACCA_013,57
AAAGCCAACAAGTTAGACCA_014,63
AAAGCCAACAAGTTAGACCA_015,141
AAAGCCAACAAGTTAGACCA_016,161
AAAGCCAACAAGTTAGACCA_017,178
AAAGCCAACAAGTTAGACCA_018,88
AAAGCCAACAAGTTAGACCA_019,44
AAAGCCAACAAGTTAGACCA_020,32
CTTCCCCACTTCATGACCAT_001,113
CTTCCCCACTTCATGACCAT_002,152
CTTCCCCACTTCATGACCAT_003,188
CTTCCCCACTTCATGACCAT_004,198
CTTCCCCACTTCATGACCAT_005,175
CTTCCCCACTTCATGACCAT_006,46
CTTCCCCACTTCATGACCAT_007,103
CTTCCCCACTTCATGACCAT_008,180
CTTCCCCACTTCATGACCAT_009,173
CTTCCCCACTTCATGACCAT_010,62
CTTCCCCACTTCATGACCAT_011,0
CTTCCCCACTTCATGACCAT_012,19
CTTCCCCACTTCATGACCAT_013,192
CTTCCCCACTTCATGACCAT_014,118
CTTCCCCACTTCATGACCAT_015,89
TCCTTTGGCCACCCCAACAA_001,166
TCCTTTGGCCACCCCAACAA_002,78
TCCTTTGGCCACCCCAACAA_003,1
TCCTTTGGCCACCCCAACAA_004,113
TGAACACGGGATGCTTCGTG_001,33
TGAACACGGGATGCTTCGTG_002,85
TGAACACGGGATGCTTCGTG_003,33
TGAACACGGGATGCTTCGTG_004,58
TGAACACGGGATGCTTCGTG_005,49
TGAACACGGGATGCTTCGTG_006,84
TGAACACGGGATGCTTCGTG_007,38
TGAACACGGGATGCTTCGTG_008,173
GATGTTCGATCCTGTCACTA_001,25
GATGTTCGATCCTGTCACTA_002,3
GATGTTCGATCCTGTCACTA_003,188
TGGGCGCTGATCGCAAGTCG_001,48
TGGGCGCTGATCGCAAGTCG_002,58
TGGGCGCTGATCGCAAGTCG_003,58
TGGGCGCTGATCGCAAGTCG_004,41
TGGGCGCTGATCGCAAGTCG_005,102
TGGGCGCTGATCGCAAGTCG_006,177
TGGGCGCTGATCGCAAGTCG_007,34
TGGGCGCTGATCGCAAGTCG_008,65
TGGGCGCTGATCGCAAGTCG_009,169
TGGGCGCTGATCGCAAGTCG_010,65
TGGGCGCTGATCGCAAGTCG_011,192
TGGGCGCTGATCGCAAGTCG_012,113
TGGGCGCTGATCGCAAGTCG_013,88
TGGGCGCTGATCGCAAGTCG_014,162
TGGGCGCTGATCGCAAGTCG_015,100
TGGGCGCTGATCGCAAGTCG_016,9
TGGGCGCTGATCGCAAGTCG_017,182
TGGGCGCTGATCGCAAGTCG_018,61
TGGGCGCTGATCGCAAGTCG_019,30
TGGGCGCTGATCGCAAGTCG_020,60
TGGGCGCTGATCGCAAGTCG_021,147
TGGGCGCTGATCGCAAGTCG_022,74
TGGGCGCTGATCGCAAGTCG_023,160
TGGGCGCTGATCGCAAGTCG_024,141
TGGGCGCTGATCGCAAGTCG_025,190
TGGGCGCTGATCGCAAGTCG_026,16
TGGGCGCTGATCGCAAGTCG_027,13
TGGGCGCTGATCGCAAGTCG_028,82
TGGGCGCTGATCGCAAGTCG_029,16
TGGGCGCTGATCGCAAGTCG_030,178
TGGGCGCTGATCGCAAGTCG_031,121
TGGGCGCTGATCGCAAGTCG_032,147
TGGGCGCTGATCGCAAGTCG_033,137
TGGGCGCTGATCGCAAGTCG_034,81
TGTTAAGCCAGAATGAAACT_001,188
TGTTAAGCCAGAATGAAACT_002,176
CCTTAGTAAGAGAAGTCAGG_001,106
CCTTAGTAAGAGAAGTCAGG_002,3
CCTTAGTAAGAGAAGTCAGG_003,152
CCTTAGTAAGAGAAGTCAGG_004,53
CCTTAGTAAGAGAAGTCAGG_005,152
CCTTAGTAAGAGAAGTCAGG_006,194
CCTTAGTAAGAGAAGTCAGG_007,35
CCTTAGTAAGAGAAGTCAGG_008,177
CCTTAGTAAGAGAAGTCAGG_009,106
CCTTAGTAAGAGAAGTCAGG_010,75
CCTTAGTAAGAGAAGTCAGG_011,78
CCTTAGTAAGAGAAGTCAGG_012,26
GCCTACAGGAGTATGATGCA_001,104
GCCTACAGGAGTATGATGCA_002,159
GCCTACAGGAGTATGATGCA_003,115
GCCTACAGGAGTATGATGCA_004,106
GCCTACAGGAGTATGATGCA_005,6
GCCTACAGGAGTATGATGCA_006,23
GCCTACAGGAGTATGATGCA_007,127
GCCTACAGGAGTATGATGCA_008,75
GCCTACAGGAGTATGATGCA_009,10
TGGAACATGAAGTGGCGTCG_001,152
TGGAACATGAAGTGGCGTCG_002,36
TGGAACATGAAGTGGCGTCG_003,55
TGGAACATGAAGTGGCGTCG_004,97
TGGAACATGAAGTGGCGTCG_005,135
TGGAACATGAAGTGGCGTCG_006,94
TGGAACATGAAGTGGCGTCG_007,194
TGGAACATGAAGTGGCGTCG_008,114
TGGAACATGAAGTGGCGTCG_009,148
TGGAACATGAAGTGGCGTCG_010,66
TGGAACATGAAGTGGCGTCG_011,124
TGGAACATGAAGTGGCGTCG_012,124
TGGAACATGAAGTGGCGTCG_013,166
TGGAGATAGCAAAGTAGATG_001,150
TGGAGATAGCAAAGTAGATG_002,147
TGGAGATAGCAAAGTAGATG_003,29
TGGAGATAGCAAAGTAGATG_004,57
TGGAGATAGCAAAGTAGATG_005,97
TGGAGATAGCAAAGTAGATG_006,97
TGGAGATAGCAAAGTAGATG_007,174
AAGGAATGACCAAAGCACCT_001,189
AAGGAATGACCAAAGCACCT_002,112
AAGGAATGACCAAAGCACCT_003,184
AAGGAATGACCAAAGCACCT_004,115
AAGGAATGACCAAAGCACCT_005,60
AAGGAATGACCAAAGCACCT_006,53
AAGGAATGACCAAAGCACCT_007,172
AAGGAATGACCAAAGCACCT_008,94
AAGGAATGACCAAAGCACCT_009,61
AAGGAATGACCAAAGCACCT_010,66
AAGGAATGACCAAAGCACCT_011,70
AAGGAATGACCAAAGCACCT_012,82
AAGGAATGACCAAAGCACCT_013,168
AAGGAATGACCAAAGCACCT_014,59
AAGGAATGACCAAAGCACCT_015,177
AAGGAATGACCAAAGCACCT_016,4
AAGGAATGACCAAAGCACCT_017,7
AAGGAATGACCAAAGCACCT_018,129
AAGGAATGACCAAAGCACCT_019,16
AAGGAATGACCAAAGCACCT_020,169
AAGGAATGACCAAAGCACCT_021,159
AAGGAATGACCAAAGCACCT_022,103
ATAGACAATGGAAGATAGAA_001,115
ATAGACAATGGAAGATAGAA_002,183
ATAGACAATGGAAGATAGAA_003,31
ATAGACAATGGAAGATAGAA_004,76
ATAGACAATGGAAGATAGAA_005,2
ATAGACAATGGAAGATAGAA_006,82
ATAGACAATGGAAGATAGAA_007,52
GCAGATGGCAGTGCATACCC_001,121
GCAGATGGCAGTGCATACCC_002,59
GGACTTGAAAGAAGCTGCAG_001,102
GGACTTGAAAGAAGCTGCAG_002,160
GGACTTGAAAGAAGCTGCAG_003,101
GGACTTGAAAGAAGCTGCAG_004,146
GGACTTGAAAGAAGCTGCAG_005,171
GGACTTGAAAGAAGCTGCAG_006,93
GGACTTGAAAGAAGCTGCAG_007,115
GGACTTGAAAGAAGCTGCAG_008,198
GGACTTGAAAGAAGCTGCAG_009,2
GGACTTGAAAGAAGCTGCAG_010,34
GGACTTGAAAGAAGCTGCAG_011,58
GGACTTGAAAGAAGCTGCAG_012,115
GGACTTGAAAGAAGCTGCAG_013,12
GGACTTGAAAGAAGCTGCAG_014,180
GTCCAGGTGTCTTTCTAACG_001,73
AATGAAAGCATGGACCATGG_001,53
AATGAAAGCATGGACCATGG_002,163
AATGAAAGCATGGACCATGG_003,31
GCGGAACACACGCAGCCCAG_001,23
GCGGAACACACGCAGCCCAG_002,46
GCGGAACACACGCAGCCCAG_003,128
GCGGAACACACGCAGCCCAG_004,70
GCGGAACACACGCAGCCCAG_005,76
GCGGAACACACGCAGCCCAG_006,38
GCGGAACACACGCAGCCCAG_007,88
GCGGAACACACGCAGCCCAG_008,103
GCGGAACACACGCAGCCCAG_009,86
GCGGAACACACGCAGCCCAG_010,33
GCGGAACACACGCAGCCCAG_011,11
GCGGAACACACGCAGCCCAG_012,184
GCGGAACACACGCAGCCCAG_013,104
GCGGAACACACGCAGCCCAG_014,104
AGTCAACTGATTTGGTGACC_001,64
GGGGCTCAGTGAAGTCAAGT_001,102
GGGGCTCAGTGAAGTCAAGT_002,2
GGGGCTCAGTGAAGTCAAGT_003,24
GGGGCTCAGTGAAGTCAAGT_004,4
GGGGCTCAGTGAAGTCAAGT_005,4
GGGGCTCAGTGAAGTCAAGT_006,55
GGGGCTCAGTGAAGTCAAGT_007,140
GGGGCTCAGTGAAGTCAAGT_008,60
GGGGCTCAGTGAAGTCAAGT_009,74
GGGGCTCAGTGAAGTCAAGT_010,9
GGGGCTCAGTGAAGTCAAGT_011,158
GGGGCTCAGTGAAGTCAAGT_012,29
GGGGCTCAGTGAAGTCAAGT_013,150
GGGGCTCAGTGAAGTCAAGT_014,149
GGGGCTCAGTGAAGTCAAGT_015,49
GGGGCTCAGTGAAGTCAAGT_016,12
GGGGCTCAGTGAAGTCAAGT_017,115
GGGGCTCAGTGAAGTCAAGT_018,116
GGGGCTCAGTGAAGTCAAGT_019,42
GGGGCTCAGTGAAGTCAAGT_020,54
GGGGCTCAGTGAAGTCAAGT_021,127
GGGGCTCAGTGAAGTCAAGT_022,2
ACCATGAGGAACTCAGTCTG_001,60
ACCATGAGGAACTCAGTCTG_002,73
ACCATGAGGAACTCAGTCTG_003,174
ACCATGAGGAACTCAGTCTG_004,83
ACCATGAGGAACTCAGTCTG_005,191
ACCATGAGGAACTCAGTCTG_006,159
ACCATGAGGAACTCAGTCTG_007,190
ACCATGAGGAACTCAGTCTG_008,63
ACCATGAGGAACTCAGTCTG_009,54
ACCATGAGGAACTCAGTCTG_010,70
ACCATGAGGAACTCAGTCTG_011,86
ATGAACACAAGAGTCCAACT_001,176
ATGAACACAAGAGTCCAACT_002,195
ATGAACACAAGAGTCCAACT_003,173
TCTCGCACCAGACGCTGGAA_001,86
TCTCGCACCAGACGCTGGAA_002,76
TCTCGCACCAGACGCTGGAA_003,13
TCTCGCACCAGACGCTGGAA_004,185
TCTCGCACCAGACGCTGGAA_005,184
TCTCGCACCAGACGCTGGAA_006,96
GCGGCGTCTGGGAATCGTTC_001,41
GCGGCGTCTGGGAATCGTTC_002,166
GCGGCGTCTGGGAATCGTTC_003,143
GCGGCGTCTGGGAATCGTTC_004,144
GCGGCGTCTGGGAATCGTTC_005,1
GCGGCGTCTGGGAATCGTTC_006,78
GCGGCGTCTGGGAATCGTTC_007,28
GCGGCGTCTGGGAATCGTTC_008,17
GCGGCGTCTGGGAATCGTTC_009,55
CATCAGATCCCCGCTCCGGG_001,101
CATCAGATCCCCGCTCCGGG_002,60
CATCAGATCCCCGCTCCGGG_003,196
CATCAGATCCCCGCTCCGGG_004,197
CATCAGATCCCCGCTCCGGG_005,28
CATCAGATCCCCGCTCCGGG_006,62
CATCAGATCCCCGCTCCGGG_007,36
CATCAGATCCCCGCTCCGGG_008,27
CATCAGATCCCCGCTCCGGG_009,13
CATCAGATCCCCGCTCCGGG_010,72
CATCAGATCCCCGCTCCGGG_011,81
CATCAGATCCCCGCTCCGGG_012,105
CATCAGATCCCCGCTCCGGG_013,159
TCTTCATGGAGTTGTCGATG_001,32
TCTTCATGGAGTTGTCGATG_002,179
GGGATTCTACCATCGAGTCG_001,199
GGGATTCTACCATCGAGTCG_002,138
AAGTACCAGACGCCCAGCAA_001,78
AAGTACCAGACGCCCAGCAA_002,16
AAGTACCAGACGCCCAGCAA_003,151
AAGTACCAGACGCCCAGCAA_004,38
AAGTACCAGACGCCCAGCAA_005,82
AAGTACCAGACGCCCAGCAA_006,171
AAGTACCAGACGCCCAGCAA_007,139
AAGTACCAGACGCCCAGCAA_008,88
AAGTACCAGACGCCCAGCAA_009,105
AAGTACCAGACGCCCAGCAA_010,106
AAGTACCAGACGCCCAGCAA_011,188
AAGTACCAGACGCCCAGCAA_012,139
GTCTAGCAGAGGCACCCGAG_001,158
GTCTAGCAGAGGCACCCGAG_002,170
GTCTAGCAGAGGCACCCGAG_003,138
GTCTAGCAGAGGCACCCGAG_004,166
GTCTAGCAGAGGCACCCGAG_005,183
GTCTAGCAGAGGCACCCGAG_006,30
GTCTAGCAGAGGCACCCGAG_007,156
GTCTAGCAGAGGCACCCGAG_008,178
GTCTAGCAGAGGCACCCGAG_009,117
GTCTAGCAGAGGCACCCGAG_010,151
GTCTAGCAGAGGCACCCGAG_011,137
GTCTAGCAGAGGCACCCGAG_012,1
GTCTAGCAGAGGCACCCGAG_013,81
GTCTAGCAGAGGCACCCGAG_014,81
GTCTAGCAGAGGCACCCGAG_015,17
TGACGCAAACTATGATGGAA_001,160
TGACGCAAACTATGATGGAA_002,88
TGACGCAAACTATGATGGAA_003,91
TGACGCAAACTATGATGGAA_004,65
TGACGCAAACTATGATGGAA_005,53
TGACGCAAACTATGATGGAA_006,62
TGACGCAAACTATGATGGAA_007,130
TGACGCAAACTATGATGGAA_008,142
TGACGCAAACTATGATGGAA_009,196
TGACGCAAACTATGATGGAA_010,78
TGACGCAAACTATGATGGAA_011,56
TGACGCAAACTATGATGGAA_012,5
TGACGCAAACTATGATGGAA_013,117
TGACGCAAACTATGATGGAA_014,167
TTACATTAGACGAACATCGT_001,139
TTACATTAGACGAACATCGT_002,127
TTACATTAGACGAACATCGT_003,149
TTACATTAGACGAACATCGT_004,88
TTACATTAGACGAACATCGT_005,77
TTACATTAGACGAACATCGT_006,63
TTACATTAGACGAACATCGT_007,65
TTACATTAGACGAACATCGT_008,86
TTACATTAGACGAACATCGT_009,110
TTACATTAGACGAACATCGT_010,147
TTACATTAGACGAACATCGT_011,120
TTACATTAGACGAACATCGT_012,193
TTACATTAGACGAACATCGT_013,127
TTACATTAGACGAACATCGT_014,25
TTACATTAGACGAACATCGT_015,38
TTACATTAGACGAACATCGT_016,91
TTACATTAGACGAACATCGT_017,36
TTACATTAGACGAACATCGT_018,66
GGGACCATTGAAAACCACAA_001,198
GGGACCATTGAAAACCACAA_002,105
GGGACCATTGAAAACCACAA_003,147
GGGACCATTGAAAACCACAA_004,98
GGGACCATTGAAAACCACAA_005,141
GGGACCATTGAAAACCACAA_006,117
GGGACCATTGAAAACCACAA_007,63
GGGACCATTGAAAACCACAA_008,191
GAAAGGACTGATGACATCGG_001,184
GAAAGGACTGATGACATCGG_002,198
GAAAGGACTGATGACATCGG_003,147
GAAAGGACTGATGACATCGG_004,58
GAAAGGACTGATGACATCGG_005,116
GAAAGGACTGATGACATCGG_006,58
GAAAGGACTGATGACATCGG_007,158
GGGGCACAGCTCCTACTCGG_001,146
GGGGCACAGCTCCTACTCGG_002,115
GGGGCACAGCTCCTACTCGG_003,23
GGGGCACAGCTCCTACTCGG_004,149
GGGGCACAGCTCCTACTCGG_005,172
GGGGCACAGCTCCTACTCGG_006,2
GGGGCACAGCTCCTACTCGG_007,174
GGGGCACAGCTCCTACTCGG_008,150
CTCCGCCGGAGTCCAAACGG_001,131
CTCCGCCGGAGTCCAAACGG_002,177
CTCCGCCGGAGTCCAAACGG_003,145
CTCCGCCGGAGTCCAAACGG_004,12
CTCCGCCGGAGTCCAAACGG_005,150
CTCCGCCGGAGTCCAAACGG_006,32
CTCCGCCGGAGTCCAAACGG_007,160
CTCCGCCGGAGTCCAAACGG_008,147
CTCCGCCGGAGTCCAAACGG_009,111
CTCCGCCGGAGTCCAAACGG_010,89
CTCCGCCGGAGTCCAAACGG_011,188
CTCCGCCGGAGTCCAAACGG_012,98
CTCCGCCGGAGTCCAAACGG_013,145
CTCCGCCGGAGTCCAAACGG_014,112
CTCCGCCGGAGTCCAAACGG_015,142
CTCCGCCGGAGTCCAAACGG_016,188
CTCCGCCGGAGTCCAAACGG_017,102
CTCCGCCGGAGTCCAAACGG_018,102
CTCCGCCGGAGTCCAAACGG_019,137
CTCCGCCGGAGTCCAAACGG_020,89
CTCCGCCGGAGTCCAAACGG_021,188
CGGATGGCAAGAATCAGCTG_001,95
CGGATGGCAAGAATCAGCTG_002,105
CGGATGGCAAGAATCAGCTG_003,69
CGGATGGCAAGAATCAGCTG_004,94
AGCCAAACGCACCAACACGG_001,8
AGCCAAACGCACCAACACGG_002,182
AGCCAAACGCACCAACACGG_003,146
AGCCAAACGCACCAACACGG_004,137
AGCCAAACGCACCAACACGG_005,143
AGCCAAACGCACCAACACGG_006,48
AGCCAAACGCACCAACACGG_007,58
AGCCAAACGCACCAACACGG_008,32
AGCCAAACGCACCAACACGG_009,74
AGCCAAACGCACCAACACGG_010,166
AGCCAAACGCACCAACACGG_011,15
AGCCAAACGCACCAACACGG_012,57
AGCCAAACGCACCAACACGG_013,52
AGCCAAACGCACCAACACGG_014,30
AGCCAAACGCACCAACACGG_015,33
AGCCAAACGCACCAACACGG_016,142
AGCCAAACGCACCAACACGG_017,35
AGCCAAACGCACCAACACGG_018,82
AGCCAAACGCACCAACACGG_019,3
AGCCAAACGCACCAACACGG_020,39
AGCCAAACGCACCAACACGG_021,26
AGCCAAACGCACCAACACGG_022,147
AGCCAAACGCACCAACACGG_023,141
AGCCAAACGCACCAACACGG_024,108
CAGACCTGGTACTCGAACAT_001,65
CAGACCTGGTACTCGAACAT_002,153
CAGACCTGGTACTCGAACAT_003,19
CAGACCTGGTACTCGAACAT_004,103
CAGACCTGGTACTCGAACAT_005,168
CAGACCTGGTACTCGAACAT_006,66
CAGACCTGGTACTCGAACAT_007,53
GCTGGAAGATCCAAGAACGT_001,197
GCTGGAAGATCCAAGAACGT_002,24
GCTGGAAGATCCAAGAACGT_003,25
GCTGGAAGATCCAAGAACGT_004,60
GTAGCCACTTACATTGTCCA_001,70
GTAGCCACTTACATTGTCCA_002,17
GTAGCCACTTACATTGTCCA_003,193
GTAGCCACTTACATTGTCCA_004,95
GTAGCCACTTACATTGTCCA_005,199
GTAGCCACTTACATTGTCCA_006,59
GTAGCCACTTACATTGTCCA_007,145
GTAGCCACTTACATTGTCCA_008,170
GTAGCCACTTACATTGTCCA_009,70
GAAGCAGAACGGCGCCACGG_001,118
GAAGCAGAACGGCGCCACGG_002,93
GAAGCAGAACGGCGCCACGG_003,58
GAAGCAGAACGGCGCCACGG_004,112
GAAGCAGAACGGCGCCACGG_005,195
GAAGCAGAACGGCGCCACGG_006,123
GAAGCAGAACGGCGCCACGG_007,182
GAAGCAGAACGGCGCCACGG_008,118
GAAGCAGAACGGCGCCACGG_009,49
GAAGCAGAACGGCGCCACGG_010,11
GAAGCAGAACGGCGCCACGG_011,83
GAAGCAGAACGGCGCCACGG_012,147
GAAGCAGAACGGCGCCACGG_013,155
GAAGCAGAACGGCGCCACGG_014,163
GAAGCAGAACGGCGCCACGG_015,181
GAAGCAGAACGGCGCCACGG_016,10
GAAGCAGAACGGCGCCACGG_017,61
GAAGCAGAACGGCGCCACGG_018,192
GAAGCAGAACGGCGCCACGG_019,21
GAAGCAGAACGGCGCCACGG_020,96
GAAGCAGAACGGCGCCACGG_021,127
GAAGCAGAACGGCGCCACGG_022,62
GAAGCAGAACGGCGCCACGG_023,115
GAAGCAGAACGGCGCCACGG_024,112
GAAGCAGAACGGCGCCACGG_025,49
GAAGCAGAACGGCGCCACGG_026,89
GAAGCAGAACGGCGCCACGG_027,151
GAAGCAGAACGGCGCCACGG_028,177
GAAGCAGAACGGCGCCACGG_029,10
GAAGCAGAACGGCGCCACGG_030,28
GAAGCAGAACGGCGCCACGG_031,37
CCTCACAGCCCTCAAACCCG_001,177
CCTCACAGCCCTCAAACCCG_002,171
CCTCACAGCCCTCAAACCCG_003,133
CCTCACAGCCCTCAAACCCG_004,11
CCTCACAGCCCTCAAACCCG_005,178
CCTCACAGCCCTCAAACCCG_006,152
CCTCACAGCCCTCAAACCCG_007,138
CCTCACAGCCCTCAAACCCG_008,185
CCTCACAGCCCTCAAACCCG_009,88
CCTCACAGCCCTCAAACCCG_010,20
CCTCACAGCCCTCAAACCCG_011,141
CCTCACAGCCCTCAAACCCG_012,112
CCTCACAGCCCTCAAACCCG_013,65
CCTCACAGCCCTCAAACCCG_014,69
CCTCACAGCCCTCAAACCCG_015,123
CCACACCCGCCAAGCAGACG_001,102
CCACACCCGCCAAGCAGACG_002,27
CCACACCCGCCAAGCAGACG_003,77
CCACACCCGCCAAGCAGACG_004,35
CCACACCCGCCAAGCAGACG_005,191
CCACACCCGCCAAGCAGACG_006,118
CCACACCCGCCAAGCAGACG_007,70
CCACACCCGCCAAGCAGACG_008,74
CCACACCCGCCAAGCAGACG_009,22
CCACACCCGCCAAGCAGACG_010,98
ATATTCATGTCAGACTGGCA_001,162
ATATTCATGTCAGACTGGCA_002,48
ATATTCATGTCAGACTGGCA_003,83
ATATTCATGTCAGACTGGCA_004,38
ATATTCATGTCAGACTGGCA_005,28
ATATTCATGTCAGACTGGCA_006,170
ATATTCATGTCAGACTGGCA_007,102
ATATTCATGTCAGACTGGCA_008,9
ATATTCATGTCAGACTGGCA_009,50
ATATTCATGTCAGACTGGCA_010,134
ATATTCATGTCAGACTGGCA_011,44
ATATTCATGTCAGACTGGCA_012,144
ATATTCATGTCAGACTGGCA_013,2
ATATTCATGTCAGACTGGCA_014,188
ATATTCATGTCAGACTGGCA_015,28
ATATTCATGTCAGACTGGCA_016,82
CCGAGGTGAAGATAACACGT_001,8
CCGAGGTGAAGATAACACGT_002,94
CCGAGGTGAAGATAACACGT_003,61
CCGAGGTGAAGATAACACGT_004,185
CCGAGGTGAAGATAACACGT_005,190
CCGAGGTGAAGATAACACGT_006,178
TCAGTGTAGTATAGAGCAGT_001,58
TCAGTGTAGTATAGAGCAGT_002,127
TCAGTGTAGTATAGAGCAGT_003,199
CAAGATAAGGATTGGCACAT_001,129
CAAGATAAGGATTGGCACAT_002,41
CAAGATAAGGATTGGCACAT_003,119
CAAGATAAGGATTGGCACAT_004,169
CAAGATAAGGATTGGCACAT_005,50
CAAGATAAGGATTGGCACAT_006,27
CAAGATAAGGATTGGCACAT_007,185
CAAGATAAGGATTGGCACAT_008,168
AGAAACTCAGAGCAAATACG_001,145
AGAAACTCAGAGCAAATACG_002,75
AGAAACTCAGAGCAAATACG_003,151
AGAAACTCAGAGCAAATACG_004,88
AGAAACTCAGAGCAAATACG_005,16
AGAAACTCAGAGCAAATACG_006,65
AGAAACTCAGAGCAAATACG_007,107
CCAGGATGTTGCCGTACATG_001,76
CCAGGATGTTGCCGTACATG_002,96
CCAGGATGTTGCCGTACATG_003,197
CCAGGATGTTGCCGTACATG_004,106
CCAGGATGTTGCCGTACATG_005,106
CCAGGATGTTGCCGTACATG_006,2
CAGGCCCTGTAGATTCCATG_001,43
TGGTATGAAAAATACGGACC_001,65
TGGTATGAAAAATACGGACC_002,185
TGATTTACAACATACACACT_001,169
TGATTTACAACATACACACT_002,42
TGATTTACAACATACACACT_003,165
CTGATCCACGTCAGGCAGAG_001,56
CTGATCCACGTCAGGCAGAG_002,181
CTGATCCACGTCAGGCAGAG_003,128
CTGATCCACGTCAGGCAGAG_004,144
CTGATCCACGTCAGGCAGAG_005,179
CTGATCCACGTCAGGCAGAG_006,67
CTGATCCACGTCAGGCAGAG_007,138
CTGATCCACGTCAGGCAGAG_008,148
CTGATCCACGTCAGGCAGAG_009,68
CTGATCCACGTCAGGCAGAG_010,38
CTGATCCACGTCAGGCAGAG_011,95
CTGATCCACGTCAGGCAGAG_012,72
CTGATCCACGTCAGGCAGAG_013,146
CTGATCCACGTCAGGCAGAG_014,116
CTGATCCACGTCAGGCAGAG_015,29
CTGATCCACGTCAGGCAGAG_016,52
CTGATCCACGTCAGGCAGAG_017,3
CTGATCCACGTCAGGCAGAG_018,58
CTGATCCACGTCAGGCAGAG_019,41
CTGATCCACGTCAGGCAGAG_020,159
CTGATCCACGTCAGGCAGAG_021,28
CTGATCCACGTCAGGCAGAG_022,50
CTGATCCACGTCAGGCAGAG_023,43
CTGATCCACGTCAGGCAGAG_024,34
CTGATCCACGTCAGGCAGAG_025,157
CTGATCCACGTCAGGCAGAG_026,161
CTGATCCACGTCAGGCAGAG_027,169
TTCAAGTCCTGTTAACCCCG_001,87
TTCAAGTCCTGTTAACCCCG_002,44
TTCAAGTCCTGTTAACCCCG_003,197
TTCAAGTCCTGTTAACCCCG_004,58
TTCAAGTCCTGTTAACCCCG_005,27
TTCAAGTCCTGTTAACCCCG_006,137
CACGCACCTGCCGTACGCCG_001,46
CACGCACCTGCCGTACGCCG_002,171
CACGCACCTGCCGTACGCCG_003,68
CACGCACCTGCCGTACGCCG_004,56
CACGCACCTGCCGTACGCCG_005,9
CACGCACCTGCCGTACGCCG_006,137
CACGCACCTGCCGTACGCCG_007,36
CACGCACCTGCCGTACGCCG_008,154
CACGCACCTGCCGTACGCCG_009,17
CACGCACCTGCCGTACGCCG_010,20
CACGCACCTGCCGTACGCCG_011,23
CACGCACCTGCCGTACGCCG_012,42
CACGCACCTGCCGTACGCCG_013,152
CACGCACCTGCCGTACGCCG_014,87
CACGCACCTGCCGTACGCCG_015,168
CACGCACCTGCCGTACGCCG_016,146
CACGCACCTGCCGTACGCCG_017,37
CACGCACCTGCCGTACGCCG_018,165
CACGCACCTGCCGTACGCCG_019,39
ATCACAAATATCACGCTCAG_001,113
AACTTGTGAATGCACGCCAG_001,176
AACTTGTGAATGCACGCCAG_002,134
AACTTGTGAATGCACGCCAG_003,194
AACTTGTGAATGCACGCCAG_004,136
AACTTGTGAATGCACGCCAG_005,185
AACTTGTGAATGCACGCCAG_006,105
AACTTGTGAATGCACGCCAG_007,199
AACTTGTGAATGCACGCCAG_008,166
AACTTGTGAATGCACGCCAG_009,87
AACTTGTGAATGCACGCCAG_010,145
AACTTGTGAATGCACGCCAG_011,102
AAGCGCAGCTGTCCTAGACG_001,4
AAGCGCAGCTGTCCTAGACG_002,115
AAGCGCAGCTGTCCTAGACG_003,128
AAGCGCAGCTGTCCTAGACG_004,50
AAGCGCAGCTGTCCTAGACG_005,88
AAGCGCAGCTGTCCTAGACG_006,140
AAGCGCAGCTGTCCTAGACG_007,121
AAGCGCAGCTGTCCTAGACG_008,22
AAGCGCAGCTGTCCTAGACG_009,83
AAGCGCAGCTGTCCTAGACG_010,2
AAGCGCAGCTGTCCTAGACG_011,94
AAGCGCAGCTGTCCTAGACG_012,165
AAGCGCAGCTGTCCTAGACG_013,58
AAGCGCAGCTGTCCTAGACG_014,58
AAGCGCAGCTGTCCTAGACG_015,60
AAGCGCAGCTGTCCTAGACG_016,130
AGGACTCGAGCCTTCCGATG_001,33
AGGACTCGAGCCTTCCGATG_002,58
AGGACTCGAGCCTTCCGATG_003,70
AGGACTCGAGCCTTCCGATG_004,121
AGGACTCGAGCCTTCCGATG_005,146
AGGACTCGAGCCTTCCGATG_006,156
AGGACTCGAGCCTTCCGATG_007,77
AGGACTCGAGCCTTCCGATG_008,38
AGGACTCGAGCCTTCCGATG_009,162
AGGACTCGAGCCTTCCGATG_010,60
AGGACTCGAGCCTTCCGATG_011,198
AGGACTCGAGCCTTCCGATG_012,48
AGGACTCGAGCCTTCCGATG_013,77
AGGACTCGAGCCTTCCGATG_014,148
AGGACTCGAGCCTTCCGATG_015,148
AGGACTCGAGCCTTCCGATG_016,35
AGGACTCGAGCCTTCCGATG_017,136
AGGACTCGAGCCTTCCGATG_018,20
AGGACTCGAGCCTTCCGATG_019,190
AATATATTGAGTATCTGAGT_001,191
AATATATTGAGTATCTGAGT_002,5
AGTCACGCTGTTGCGACGAG_001,162
AGTCACGCTGTTGCGACGAG_002,133
AGTCACGCTGTTGCGACGAG_003,48
AGTCACGCTGTTGCGACGAG_004,62
AGTCACGCTGTTGCGACGAG_005,70
AGTCACGCTGTTGCGACGAG_006,188
AGTCACGCTGTTGCGACGAG_007,27
AGTCACGCTGTTGCGACGAG_008,81
AGTCACGCTGTTGCGACGAG_009,127
AGTCACGCTGTTGCGACGAG_010,1
AGTCACGCTGTTGCGACGAG_011,169
AGTCACGCTGTTGCGACGAG_012,169
AGTCACGCTGTTGCGACGAG_013,170
AGTCACGCTGTTGCGACGAG_014,93
AGTCACGCTGTTGCGACGAG_015,30
AGTCACGCTGTTGCGACGAG_016,105
AGTCACGCTGTTGCGACGAG_017,124
AGTCACGCTGTTGCGACGAG_018,35
AGTCACGCTGTTGCGACGAG_019,17
AGTCACGCTGTTGCGACGAG_020,9
AGTCACGCTGTTGCGACGAG_021,61
TCATTATATGAAGAATCCAA_001,48
TCATTATATGAAGAATCCAA_002,150
CCTATCAGCTGCACCCTGCG_001,162
CCTATCAGCTGCACCCTGCG_002,15
CCTATCAGCTGCACCCTGCG_003,188
CCTATCAGCTGCACCCTGCG_004,183
CCTATCAGCTGCACCCTGCG_005,54
CCTATCAGCTGCACCCTGCG_006,147
CCTATCAGCTGCACCCTGCG_007,43
GCCTCCGGTCCCCGACTACG_001,184
GCCTCCGGTCCCCGACTACG_002,184
GCCTCCGGTCCCCGACTACG_003,159
GCCTCCGGTCCCCGACTACG_004,101
GCCTCCGGTCCCCGACTACG_005,126
GCCTCCGGTCCCCGACTACG_006,43
GCCTCCGGTCCCCGACTACG_007,58
GCCTCCGGTCCCCGACTACG_008,50
GCCTCCGGTCCCCGACTACG_009,16
GCCTCCGGTCCCCGACTACG_010,173
GCCTCCGGTCCCCGACTACG_011,173
GCCTCCGGTCCCCGACTACG_012,186
GCCTCCGGTCCCCGACTACG_013,183
GCCTCCGGTCCCCGACTACG_014,93
GCCTCCGGTCCCCGACTACG_015,73
GCCTCCGGTCCCCGACTACG_016,61
GCCTCCGGTCCCCGACTACG_017,153
GCCTCCGGTCCCCGACTACG_018,172
GCCTCCGGTCCCCGACTACG_019,79
GCCTCCGGTCCCCGACTACG_020,124
GCCTCCGGTCCCCGACTACG_021,98
GCCTCCGGTCCCCGACTACG_022,58
GCCTCCGGTCCCCGACTACG_023,81
GCCTCCGGTCCCCGACTACG_024,19
GCCTCCGGTCCCCGACTACG_025,98
GCCTCCGGTCCCCGACTACG_026,113
GCCTCCGGTCCCCGACTACG_027,157
GCCTCCGGTCCCCGACTACG_028,122
GCCTCCGGTCCCCGACTACG_029,24
GCCTCCGGTCCCCGACTACG_030,129
GCCTCCGGTCCCCGACTACG_031,103
GCCTCCGGTCCCCGACTACG_032,192
GCCTCCGGTCCCCGACTACG_033,15
GCCTCCGGTCCCCGACTACG_034,15
GCCTCCGGTCCCCGACTACG_035,50
GCCTCCGGTCCCCGACTACG_036,28
GCCTCCGGTCCCCGACTACG_037,106
GCCTCCGGTCCCCGACTACG_038,37
GCCTCCGGTCCCCGACTACG_039,66
GCCTCCGGTCCCCGACTACG_040,121
GCCTCCGGTCCCCGACTACG_041,23
AAACAAGAAATGTAATGCAA_001,162
AAACAAGAAATGTAATGCAA_002,76
AAACAAGAAATGTAATGCAA_003,50
AAACAAGAAATGTAATGCAA_004,56
AAACAAGAAATGTAATGCAA_005,188
AAACAAGAAATGTAATGCAA_006,31
AAACAAGAAATGTAATGCAA_007,84
AAACAAGAAATGTAATGCAA_008,150
AAACAAGAAATGTAATGCAA_009,1
AAACAAGAAATGTAATGCAA_010,13
AAACAAGAAATGTAATGCAA_011,4
TCAGTTACTCAGTTTCACCG_001,100
TCAGTTACTCAGTTTCACCG_002,2
TCAGTTACTCAGTTTCACCG_003,138
TCAGTTACTCAGTTTCACCG_004,78
TCAGTTACTCAGTTTCACCG_005,78
TCAGTTACTCAGTTTCACCG_006,162
TCAGTTACTCAGTTTCACCG_007,107
TCAGTTACTCAGTTTCACCG_008,160
TCAGTTACTCAGTTTCACCG_009,188
TCAGTTACTCAGTTTCACCG_010,108
CTACCCGACCTACACCAACG_001,186
CTACCCGACCTACACCAACG_002,161
CTACCCGACCTACACCAACG_003,105
CTACCCGACCTACACCAACG_004,58
CTACCCGACCTACACCAACG_005,105
CTACCCGACCTACACCAACG_006,68
CTACCCGACCTACACCAACG_007,154
CTACCCGACCTACACCAACG_008,174
CTACCCGACCTACACCAACG_009,185
CTACCCGACCTACACCAACG_010,148
CTACCCGACCTACACCAACG_011,175
CTACCCGACCTACACCAACG_012,104
CTACCCGACCTACACCAACG_013,28
CTACCCGACCTACACCAACG_014,6
CTACCCGACCTACACCAACG_015,58
CTACCCGACCTACACCAACG_016,2
CTACCCGACCTACACCAACG_017,70
CTACCCGACCTACACCAACG_018,29
CTACCCGACCTACACCAACG_019,5
CTACCCGACCTACACCAACG_020,8
CTACCCGACCTACACCAACG_021,152
CTACCCGACCTACACCAACG_022,32
CTACCCGACCTACACCAACG_023,162
CTACCCGACCTACACCAACG_024,146
CTACCCGACCTACACCAACG_025,48
CTACCCGACCTACACCAACG_026,34
CTACCCGACCTACACCAACG_027,168
CTACCCGACCTACACCAACG_028,19
GATTGCAGCATTAACTAGTG_001,157
GATTGCAGCATTAACTAGTG_002,174
CTCATGTCATCGGGTTACGC_001,29
CTCATGTCATCGGGTTACGC_002,175
CTCATGTCATCGGGTTACGC_003,110
CTCATGTCATCGGGTTACGC_004,152
CTCATGTCATCGGGTTACGC_005,115
CTCATGTCATCGGGTTACGC_006,34
CTCATGTCATCGGGTTACGC_007,163
GCTTCTTGATCCATCACAGA_001,183
AAGATGCTGAGCGCTCACAC_001,6
AAGATGCTGAGCGCTCACAC_002,136
AAGATGCTGAGCGCTCACAC_003,188
AAGATGCTGAGCGCTCACAC_004,24
AAGATGCTGAGCGCTCACAC_005,94
AAGATGCTGAGCGCTCACAC_006,149
AAGATGCTGAGCGCTCACAC_007,185
AAGATGCTGAGCGCTCACAC_008,147
AAGATGCTGAGCGCTCACAC_009,90
AAGATGCTGAGCGCTCACAC_010,147
CCACAGAGGCCACACTAGTG_001,183
CCACAGAGGCCACACTAGTG_002,160
CCACAGAGGCCACACTAGTG_003,125
CCACAGAGGCCACACTAGTG_004,161
CCACAGAGGCCACACTAGTG_005,187
CCACAGAGGCCACACTAGTG_006,1
CCACAGAGGCCACACTAGTG_007,70
CCACAGAGGCCACACTAGTG_008,69
CCACAGAGGCCACACTAGTG_009,196
CCACAGAGGCCACACTAGTG_010,105
CCACAGAGGCCACACTAGTG_011,169
CCACAGAGGCCACACTAGTG_012,88
CCACAGAGGCCACACTAGTG_013,160
CCACAGAGGCCACACTAGTG_014,162
CCACAGAGGCCACACTAGTG_015,67
CCACAGAGGCCACACTAGTG_016,36
CCACAGAGGCCACACTAGTG_017,84
CCACAGAGGCCACACTAGTG_018,140
CCACAGAGGCCACACTAGTG_019,81
CCTGGAATAACATACAAACC_001,17
GTCACGAAGCACGTCTGAGA_001,88
GTCACGAAGCACGTCTGAGA_002,70
GTCACGAAGCACGTCTGAGA_003,78
GTCACGAAGCACGTCTGAGA_004,82
GTCACGAAGCACGTCTGAGA_005,152
GTCACGAAGCACGTCTGAGA_006,48
GTCACGAAGCACGTCTGAGA_007,98
GTCACGAAGCACGTCTGAGA_008,160
GTCACGAAGCACGTCTGAGA_009,188
GTCACGAAGCACGTCTGAGA_010,91
GTCACGAAGCACGTCTGAGA_011,29
GTCACGAAGCACGTCTGAGA_012,193
GTCACGAAGCACGTCTGAGA_013,138
GTCACGAAGCACGTCTGAGA_014,167
GTCACGAAGCACGTCTGAGA_015,60
GTCACGAAGCACGTCTGAGA_016,96
GTCACGAAGCACGTCTGAGA_017,142
GTCACGAAGCACGTCTGAGA_018,41
GTCACGAAGCACGTCTGAGA_019,199
GTCACGAAGCACGTCTGAGA_020,166
GTCACGAAGCACGTCTGAGA_021,104
GTCACGAAGCACGTCTGAGA_022,182
GTCACGAAGCACGTCTGAGA_023,185
TATTACGCATGAAAGATGGG_001,8
TATTACGCATGAAAGATGGG_002,112
TATTACGCATGAAAGATGGG_003,43
TATTACGCATGAAAGATGGG_004,149
TATTACGCATGAAAGATGGG_005,141
TATTACGCATGAAAGATGGG_006,5
AAGTTTGGTAGAACTCGAAG_001,123
AAGTTTGGTAGAACTCGAAG_002,63
AAGTTTGGTAGAACTCGAAG_003,83
AAGTTTGGTAGAACTCGAAG_004,55
TAGGCCTCCATAGTAGCTGC_001,92
TAGGCCTCCATAGTAGCTGC_002,193
TAGGCCTCCATAGTAGCTGC_003,170
TAGGCCTCCATAGTAGCTGC_004,120
TAGGCCTCCATAGTAGCTGC_005,48
TAGGCCTCCATAGTAGCTGC_006,183
AGTAATCAAGGACTTCCACA_001,87
AGTAATCAAGGACTTCCACA_002,166
AGTAATCAAGGACTTCCACA_003,0
AGTAATCAAGGACTTCCACA_004,181
AGTAATCAAGGACTTCCACA_005,47
AGTAATCAAGGACTTCCACA_006,81
AGTAATCAAGGACTTCCACA_007,2
AGTAATCAAGGACTTCCACA_008,1
AGTAATCAAGGACTTCCACA_009,170
AGTAATCAAGGACTTCCACA_010,81
AGTAATCAAGGACTTCCACA_011,83
AGTAATCAAGGACTTCCACA_012,17
AGTAATCAAGGACTTCCACA_013,142
AGTAATCAAGGACTTCCACA_014,82
AGTAATCAAGGACTTCCACA_015,149
AGTAATCAAGGACTTCCACA_016,2
AGTAATCAAGGACTTCCACA_017,43
AGTAATCAAGGACTTCCACA_018,108
AGTAATCAAGGACTTCCACA_019,161
AGTAATCAAGGACTTCCACA_020,77
AGTAATCAAGGACTTCCACA_021,1
AGTAATCAAGGACTTCCACA_022,137
AGTAATCAAGGACTTCCACA_023,166
AGTAATCAAGGACTTCCACA_024,194
AGTAATCAAGGACTTCCACA_025,159
GGAGATGGGCACAACACTAT_001,91
GGAGATGGGCACAACACTAT_002,116
GGAGATGGGCACAACACTAT_003,169
AGCCCAGCCCCCACCGCAGC_001,140
AGCCCAGCCCCCACCGCAGC_002,153
AGCCCAGCCCCCACCGCAGC_003,128
AGCCCAGCCCCCACCGCAGC_004,118
AGCCCAGCCCCCACCGCAGC_005,149
AGCCCAGCCCCCACCGCAGC_006,49
AGCCCAGCCCCCACCGCAGC_007,94
AAGAGTCACCTAAAGTTAGG_001,37
AAGAGTCACCTAAAGTTAGG_002,141
AAGAGTCACCTAAAGTTAGG_003,160
AAGAGTCACCTAAAGTTAGG_004,19
AAGAGTCACCTAAAGTTAGG_005,190
AAGAGTCACCTAAAGTTAGG_006,190
AAGAGTCACCTAAAGTTAGG_007,70
AAGAGTCACCTAAAGTTAGG_008,134
AAGAGTCACCTAAAGTTAGG_009,34
AAGAGTCACCTAAAGTTAGG_010,61
GAAAGGGAAGATAGCCCCCG_001,65
GAAAGGGAAGATAGCCCCCG_002,105
GAAAGGGAAGATAGCCCCCG_003,5
GAAAGGGAAGATAGCCCCCG_004,145
GAGATGACATCGTGTCCGGA_001,53
GAGATGACATCGTGTCCGGA_002,48
GAGATGACATCGTGTCCGGA_003,115
GAGATGACATCGTGTCCGGA_004,78
GAGATGACATCGTGTCCGGA_005,37
GAGATGACATCGTGTCCGGA_006,106
GAGATGACATCGTGTCCGGA_007,165
GAGATGACATCGTGTCCGGA_008,127
GAGATGACATCGTGTCCGGA_009,58
GAGATGACATCGTGTCCGGA_010,26
GAGATGACATCGTGTCCGGA_011,43
GAGATGACATCGTGTCCGGA_012,44
GAGATGACATCGTGTCCGGA_013,102
GAGATGACATCGTGTCCGGA_014,68
GAGATGACATCGTGTCCGGA_015,18
TACCTGGCTGCTGATAGTGA_001,51
TACCTGGCTGCTGATAGTGA_002,190
TACCTGGCTGCTGATAGTGA_003,12
TACCTGGCTGCTGATAGTGA_004,159
TACCTGGCTGCTGATAGTGA_005,27
ACTTACCTTATGTCTTCCCG_001,160
ACTTACCTTATGTCTTCCCG_002,174
ACTTACCTTATGTCTTCCCG_003,39
TTGCTTCAACCAGAACAGAG_001,105
TTGCTTCAACCAGAACAGAG_002,20
TTGCTTCAACCAGAACAGAG_003,145
TTGCTTCAACCAGAACAGAG_004,58
TTGCTTCAACCAGAACAGAG_005,179
TTGCTTCAACCAGAACAGAG_006,75
TTGCTTCAACCAGAACAGAG_007,127
TTGCTTCAACCAGAACAGAG_008,40
CCTGTGTGGACATCCGCTGG_001,0
CCTGTGTGGACATCCGCTGG_002,88
CCTGTGTGGACATCCGCTGG_003,80
CCTGTGTGGACATCCGCTGG_004,7
CCTGTGTGGACATCCGCTGG_005,198
CCTGTGTGGACATCCGCTGG_006,140
CCTGTGTGGACATCCGCTGG_007,186
CCTGTGTGGACATCCGCTGG_008,181
CCTGTGTGGACATCCGCTGG_009,112
CCTGTGTGGACATCCGCTGG_010,61
CCTGTGTGGACATCCGCTGG_011,137
CCTGTGTGGACATCCGCTGG_012,22
GCAGCACATCACGTCGAAGG_001,13
GCAGCACATCACGTCGAAGG_002,57
GCAGCACATCACGTCGAAGG_003,138
CGGCAGCAACTGTTATAGTG_001,114
CGGCAGCAACTGTTATAGTG_002,70
CGGCAGCAACTGTTATAGTG_003,63
CGGCAGCAACTGTTATAGTG_004,77
CGGCAGCAACTGTTATAGTG_005,81
CGGCAGCAACTGTTATAGTG_006,47
CGGCAGCAACTGTTATAGTG_007,15
CGGCAGCAACTGTTATAGTG_008,75
GGGTAGGTCATACCCGCGGG_001,146
GGGTAGGTCATACCCGCGGG_002,172
GCTGCGCGCCGCTAGCACAG_001,177
TATTGCACTAACTCGATCAG_001,175
TATTGCACTAACTCGATCAG_002,168
TATTGCACTAACTCGATCAG_003,88
TATTGCACTAACTCGATCAG_004,188
CTTATGCCTAGTAAGTTGTG_001,101
CTTATGCCTAGTAAGTTGTG_002,157
CTTATGCCTAGTAAGTTGTG_003,159
CTTATGCCTAGTAAGTTGTG_004,85
CTTATGCCTAGTAAGTTGTG_005,187
TCAGTCAGTACCCTGAGACC_001,127
TCAGTCAGTACCCTGAGACC_002,184
TCAGTCAGTACCCTGAGACC_003,174
ACAGGAAGTCTATGTACAGG_001,124
ACAGGAAGTCTATGTACAGG_002,19
ACAGGAAGTCTATGTACAGG_003,144
CCCATGACGTTTGGACCCCG_001,17
CCCATGACGTTTGGACCCCG_002,183
CCCATGACGTTTGGACCCCG_003,40
CCCATGACGTTTGGACCCCG_004,160
CCCATGACGTTTGGACCCCG_005,57
CCCATGACGTTTGGACCCCG_006,172
ACTACCAAGCAGAAGCACGA_001,102
ACTACCAAGCAGAAGCACGA_002,172
ACTACCAAGCAGAAGCACGA_003,181
ACTACCAAGCAGAAGCACGA_004,168
ACTACCAAGCAGAAGCACGA_005,47
ACTACCAAGCAGAAGCACGA_006,102
ACTACCAAGCAGAAGCACGA_007,102
ACTACCAAGCAGAAGCACGA_008,25
ACTACCAAGCAGAAGCACGA_009,68
ACTACCAAGCAGAAGCACGA_010,125
ACTACCAAGCAGAAGCACGA_011,171
ACTACCAAGCAGAAGCACGA_012,88
ACTACCAAGCAGAAGCACGA_013,86
ACTACCAAGCAGAAGCACGA_014,43
ACTACCAAGCAGAAGCACGA_015,182
ACTACCAAGCAGAAGCACGA_016,141
ACTACCAAGCAGAAGCACGA_017,8
ACTACCAAGCAGAAGCACGA_018,68
ACTACCAAGCAGAAGCACGA_019,169
ACTACCAAGCAGAAGCACGA_020,96
ACTACCAAGCAGAAGCACGA_021,21
ACTACCAAGCAGAAGCACGA_022,181
ACTACCAAGCAGAAGCACGA_023,73
ACTACCAAGCAGAAGCACGA_024,145
ACTACCAAGCAGAAGCACGA_025,103
ACTACCAAGCAGAAGCACGA_026,15
ACTACCAAGCAGAAGCACGA_027,115
ACTACCAAGCAGAAGCACGA_028,184
ACTACCAAGCAGAAGCACGA_029,94
ACTACCAAGCAGAAGCACGA_030,56
ACTACCAAGCAGAAGCACGA_031,151
ACTACCAAGCAGAAGCACGA_032,169
ACTACCAAGCAGAAGCACGA_033,57
AACAAGTCAGTCTCTCTCAA_001,50
AACAAGTCAGTCTCTCTCAA_002,106
CTGCAGATTGTACTGGTGCA_001,63
CTGCAGATTGTACTGGTGCA_002,19
CTGCAGATTGTACTGGTGCA_003,130
CTGCAGATTGTACTGGTGCA_004,132
CTGCAGATTGTACTGGTGCA_005,115
CTGCAGATTGTACTGGTGCA_006,66
CTGCAGATTGTACTGGTGCA_007,66
CTGCAGATTGTACTGGTGCA_008,75
CTGCAGATTGTACTGGTGCA_009,64
CTGCAGATTGTACTGGTGCA_010,33
CTGCAGATTGTACTGGTGCA_011,188
CTGCAGATTGTACTGGTGCA_012,177
CTGCAGATTGTACTGGTGCA_013,78
CTGCAGATTGTACTGGTGCA_014,37
CTGCAGATTGTACTGGTGCA_015,57
GCAATGCCCATGTCTTCACA_001,25
GCAATGCCCATGTCTTCACA_002,32
GCAATGCCCATGTCTTCACA_003,63
GCAATGCCCATGTCTTCACA_004,162
GCAATGCCCATGTCTTCACA_005,67
GCAATGCCCATGTCTTCACA_006,41
GCAATGCCCATGTCTTCACA_007,3
GCAATGCCCATGTCTTCACA_008,152
GCAATGCCCATGTCTTCACA_009,194
GCAATGCCCATGTCTTCACA_010,17
GCAATGCCCATGTCTTCACA_011,118
GCAATGCCCATGTCTTCACA_012,60
GCAATGCCCATGTCTTCACA_013,151
GCAATGCCCATGTCTTCACA_014,62
GCAATGCCCATGTCTTCACA_015,82
GCAATGCCCATGTCTTCACA_016,72
GCAATGCCCATGTCTTCACA_017,184
GCAATGCCCATGTCTTCACA_018,20
GCAATGCCCATGTCTTCACA_019,170
GCAATGCCCATGTCTTCACA_020,3
GCAATGCCCATGTCTTCACA_021,152
GCAATGCCCATGTCTTCACA_022,144
GTTCGACCCCGACCTGCCAG_001,159
GTTCGACCCCGACCTGCCAG_002,172
GTTCGACCCCGACCTGCCAG_003,23
GTTCGACCCCGACCTGCCAG_004,184
GTTCGACCCCGACCTGCCAG_005,41
GTTCGACCCCGACCTGCCAG_006,102
GTTCGACCCCGACCTGCCAG_007,94
GTTCGACCCCGACCTGCCAG_008,76
GTTCGACCCCGACCTGCCAG_009,64
GTTCGACCCCGACCTGCCAG_010,193
GTTCGACCCCGACCTGCCAG_011,100
GTTCGACCCCGACCTGCCAG_012,137
GTTCGACCCCGACCTGCCAG_013,146
GTTCGACCCCGACCTGCCAG_014,145
GTTCGACCCCGACCTGCCAG_015,182
GTTCGACCCCGACCTGCCAG_016,193
GTTCGACCCCGACCTGCCAG_017,112
GTTCGACCCCGACCTGCCAG_018,28
GTTCGACCCCGACCTGCCAG_019,9
GTTCGACCCCGACCTGCCAG_020,149
GTTCGACCCCGACCTGCCAG_021,51
GTTCGACCCCGACCTGCCAG_022,156
GTTCGACCCCGACCTGCCAG_023,121
GTTCGACCCCGACCTGCCAG_024,127
GTTCGACCCCGACCTGCCAG_025,48
GTTCGACCCCGACCTGCCAG_026,48
GTTCGACCCCGACCTGCCAG_027,69
GTTCGACCCCGACCTGCCAG_028,193
GTTCGACCCCGACCTGCCAG_029,114
GTTCGACCCCGACCTGCCAG_030,148
GTTCGACCCCGACCTGCCAG_031,55
GTTCGACCCCGACCTGCCAG_032,111
GTTCGACCCCGACCTGCCAG_033,29
GTTCGACCCCGACCTGCCAG_034,46
GTTCGACCCCGACCTGCCAG_035,23
GTTCGACCCCGACCTGCCAG_036,105
GTTCGACCCCGACCTGCCAG_037,158
GTTCGACCCCGACCTGCCAG_038,127
GTTCGACCCCGACCTGCCAG_039,88
GTTCGACCCCGACCTGCCAG_040,58
GTTCGACCCCGACCTGCCAG_041,95
GTTCGACCCCGACCTGCCAG_042,56
GTTCGACCCCGACCTGCCAG_043,147
GTTCGACCCCGACCTGCCAG_044,187
GTTCGACCCCGACCTGCCAG_045,1
GTTCGACCCCGACCTGCCAG_046,70
GTTCGACCCCGACCTGCCAG_047,12
GTTCGACCCCGACCTGCCAG_048,2
GTTCGACCCCGACCTGCCAG_049,116
GTTCGACCCCGACCTGCCAG_050,146
GTTCGACCCCGACCTGCCAG_051,33
GTTCGACCCCGACCTGCCAG_052,27
GTTCGACCCCGACCTGCCAG_053,47
GTTCGACCCCGACCTGCCAG_054,52
GTTCGACCCCGACCTGCCAG_055,6
GTTCGACCCCGACCTGCCAG_056,168
GTTCGACCCCGACCTGCCAG_057,91
GTTCGACCCCGACCTGCCAG_058,34
GTTCGACCCCGACCTGCCAG_059,19
GTTCGACCCCGACCTGCCAG_060,98
GTTCGACCCCGACCTGCCAG_061,47
GTTCGACCCCGACCTGCCAG_062,144
GTTCGACCCCGACCTGCCAG_063,37
GTTCGACCCCGACCTGCCAG_064,28
GTTCGACCCCGACCTGCCAG_065,8
GTTCGACCCCGACCTGCCAG_066,6
GTTCGACCCCGACCTGCCAG_067,169
GTTCGACCCCGACCTGCCAG_068,103
GTTCGACCCCGACCTGCCAG_069,165
GTTCGACCCCGACCTGCCAG_070,27
GTTCGACCCCGACCTGCCAG_071,42
GTTCGACCCCGACCTGCCAG_072,198
GTTCGACCCCGACCTGCCAG_073,23
GTTCGACCCCGACCTGCCAG_074,41
GTTCGACCCCGACCTGCCAG_075,197
GTTCGACCCCGACCTGCCAG_076,6
GTTCGACCCCGACCTGCCAG_077,158
GTTCGACCCCGACCTGCCAG_078,191
GTTCGACCCCGACCTGCCAG_079,198
GTTCGACCCCGACCTGCCAG_080,99
GTTCGACCCCGACCTGCCAG_081,105
GTTCGACCCCGACCTGCCAG_082,198
TCATCTCAGATGTGGAGTGT_001,149
TCATCTCAGATGTGGAGTGT_002,125
TCATCTCAGATGTGGAGTGT_003,31
TCATCTCAGATGTGGAGTGT_004,61
TCACTAAGTGCAAATTGTCA_001,43
TCACTAAGTGCAAATTGTCA_002,88
TCACTAAGTGCAAATTGTCA_003,77
TCACTAAGTGCAAATTGTCA_004,26
TCACTAAGTGCAAATTGTCA_005,159
TCACTAAGTGCAAATTGTCA_006,78
TCACTAAGTGCAAATTGTCA_007,104
TTCCAACCTCAGCTCTACAG_001,121
TTCCAACCTCAGCTCTACAG_002,130
TTCCAACCTCAGCTCTACAG_003,160
TTCCAACCTCAGCTCTACAG_004,13
TTCCAACCTCAGCTCTACAG_005,183
TTCCAACCTCAGCTCTACAG_006,72
TTCCAACCTCAGCTCTACAG_007,62
TTCCAACCTCAGCTCTACAG_008,191
TTCCAACCTCAGCTCTACAG_009,83
GCTTCCTGCTTACTGCAATG_001,82
GCTTCCTGCTTACTGCAATG_002,99
GCTTCCTGCTTACTGCAATG_003,38
TTGATGTCCTCATGCATACG_001,118
TTGATGTCCTCATGCATACG_002,5
GGTCCTGGCAATCCTTCACA_001,177
GGTCCTGGCAATCCTTCACA_002,116
GGTCCTGGCAATCCTTCACA_003,0
GGTCCTGGCAATCCTTCACA_004,178
GGTCCTGGCAATCCTTCACA_005,49
GGTCCTGGCAATCCTTCACA_006,49
AGCAACCACAGCGGGGCCAA_001,129
AGCAACCACAGCGGGGCCAA_002,43
AGCAACCACAGCGGGGCCAA_003,41
AGCAACCACAGCGGGGCCAA_004,97
AGCAACCACAGCGGGGCCAA_005,97
AGCAACCACAGCGGGGCCAA_006,130
AGCAACCACAGCGGGGCCAA_007,74
AGCAACCACAGCGGGGCCAA_008,70
AGCAACCACAGCGGGGCCAA_009,184
AGCAACCACAGCGGGGCCAA_010,55
AGCAACCACAGCGGGGCCAA_011,72
AGCAACCACAGCGGGGCCAA_012,8
AGCAACCACAGCGGGGCCAA_013,142
AGCAACCACAGCGGGGCCAA_014,106
AGCAACCACAGCGGGGCCAA_015,107
AGCAACCACAGCGGGGCCAA_016,168
AGCAACCACAGCGGGGCCAA_017,184
AGCAACCACAGCGGGGCCAA_018,115
AGCAACCACAGCGGGGCCAA_019,3
CATCAAGGAAGCAGCAAGGT_001,182
CATCAAGGAAGCAGCAAGGT_002,50
CATCAAGGAAGCAGCAAGGT_003,103
CATCAAGGAAGCAGCAAGGT_004,41
CATCAAGGAAGCAGCAAGGT_005,1
CATCAAGGAAGCAGCAAGGT_006,50
CATCAAGGAAGCAGCAAGGT_007,115
CATCAAGGAAGCAGCAAGGT_008,34
CATCAAGGAAGCAGCAAGGT_009,2
CATCAAGGAAGCAGCAAGGT_010,122
CATCAAGGAAGCAGCAAGGT_011,168
CATCAAGGAAGCAGCAAGGT_012,178
CATCAAGGAAGCAGCAAGGT_013,178
CATCAAGGAAGCAGCAAGGT_014,149
CATCAAGGAAGCAGCAAGGT_015,11
TTAATTAACCCAGAAGAAGA_001,139
TTAATTAACCCAGAAGAAGA_002,115
TTAATTAACCCAGAAGAAGA_003,68
TTAATTAACCCAGAAGAAGA_004,70
GGACTGTTTGGATTAGCAGT_001,147
GGACTGTTTGGATTAGCAGT_002,174
GGACTGTTTGGATTAGCAGT_003,67
GGACTGTTTGGATTAGCAGT_004,177
GGACTGTTTGGATTAGCAGT_005,142
GGACTGTTTGGATTAGCAGT_006,56
GGACTGTTTGGATTAGCAGT_007,108
ATGGTTCCTGAATGGACAGG_001,23
ATGGTTCCTGAATGGACAGG_002,83
ATGGTTCCTGAATGGACAGG_003,50
ATGGTTCCTGAATGGACAGG_004,26
ATGGTTCCTGAATGGACAGG_005,78
ATGGTTCCTGAATGGACAGG_006,75
TTCGAGGATTACACATACCT_001,0
TTCGAGGATTACACATACCT_002,126
TGGCATCAGTACAAATGACG_001,168
TGGCATCAGTACAAATGACG_002,172
TGGCATCAGTACAAATGACG_003,157
TGGCATCAGTACAAATGACG_004,157
CAGGACGCTGTGGATCTCCG_001,88
CAGGACGCTGTGGATCTCCG_002,171
CAGGACGCTGTGGATCTCCG_003,163
CAGGACGCTGTGGATCTCCG_004,50
CAGGACGCTGTGGATCTCCG_005,158
TGGCGGAGTACCATGGACAC_001,27
TGGCGGAGTACCATGGACAC_002,88
TGGCGGAGTACCATGGACAC_003,184
TGGCGGAGTACCATGGACAC_004,78
TGGCGGAGTACCATGGACAC_005,76
TGGCGGAGTACCATGGACAC_006,32
TGGCGGAGTACCATGGACAC_007,139
TGGCGGAGTACCATGGACAC_008,94
TGGCGGAGTACCATGGACAC_009,188
TGGCGGAGTACCATGGACAC_010,116
TGGCGGAGTACCATGGACAC_011,150
TGGCGGAGTACCATGGACAC_012,118
AGACTTGCTGCACAGCTTGC_001,48
AGACTTGCTGCACAGCTTGC_002,94
AGACTTGCTGCACAGCTTGC_003,22
AGACTTGCTGCACAGCTTGC_004,190
AGACTTGCTGCACAGCTTGC_005,184
AGACTTGCTGCACAGCTTGC_006,134
AGACTTGCTGCACAGCTTGC_007,170
AGACTTGCTGCACAGCTTGC_008,29
AGACTTGCTGCACAGCTTGC_009,126
ATGTGATTTGTGTGCGCCAC_001,157
ATGTGATTTGTGTGCGCCAC_002,178
ATGTGATTTGTGTGCGCCAC_003,51
ATGTGATTTGTGTGCGCCAC_004,116
ATGTGATTTGTGTGCGCCAC_005,112
ATGTGATTTGTGTGCGCCAC_006,25
ATGTGATTTGTGTGCGCCAC_007,70
ATGTGATTTGTGTGCGCCAC_008,63
ATGTGATTTGTGTGCGCCAC_009,178
ATGTGATTTGTGTGCGCCAC_010,47
ATGTGATTTGTGTGCGCCAC_011,153
ATGTGATTTGTGTGCGCCAC_012,21
ATGTGATTTGTGTGCGCCAC_013,148
ATGTGATTTGTGTGCGCCAC_014,27
ATGTGATTTGTGTGCGCCAC_015,162
ATGTGATTTGTGTGCGCCAC_016,41
ATGTGATTTGTGTGCGCCAC_017,94
ATGTGATTTGTGTGCGCCAC_018,160
ATGTGATTTGTGTGCGCCAC_019,146
ACAGCAAGAGACAACAGTCC_001,176
ACAGCAAGAGACAACAGTCC_002,191
ACAGCAAGAGACAACAGTCC_003,17
ACAGCAAGAGACAACAGTCC_004,8
ACAGCAAGAGACAACAGTCC_005,107
ACAGCAAGAGACAACAGTCC_006,69
ACAGCAAGAGACAACAGTCC_007,35
ACAGCAAGAGACAACAGTCC_008,6
ACAGCAAGAGACAACAGTCC_009,184
AGGGGATGTAAGCGTCACAC_001,48
AGGGGATGTAAGCGTCACAC_002,145
AGGGGATGTAAGCGTCACAC_003,96
AGGGGATGTAAGCGTCACAC_004,48
AGGGGATGTAAGCGTCACAC_005,91
AGGGGATGTAAGCGTCACAC_006,103
AGGGGATGTAAGCGTCACAC_007,51
ACTGACCCCACAGTATCTGG_001,29
ACTGACCCCACAGTATCTGG_002,84
ACTGACCCCACAGTATCTGG_003,187
ACTGACCCCACAGTATCTGG_004,81
ACTGACCCCACAGTATCTGG_005,9
CGTATCCTTCGAGATACCAG_001,31
CGTATCCTTCGAGATACCAG_002,21
CGTATCCTTCGAGATACCAG_003,194
CGTATCCTTCGAGATACCAG_004,76
CGTATCCTTCGAGATACCAG_005,41
CGTATCCTTCGAGATACCAG_006,16
CGTATCCTTCGAGATACCAG_007,147
GATTGCGAGTTCCGTTATGG_001,65
GATTGCGAGTTCCGTTATGG_002,167
GATTGCGAGTTCCGTTATGG_003,167
GGCGATGTAACTTCACTAGG_001,118
GGCGATGTAACTTCACTAGG_002,88
GGCGATGTAACTTCACTAGG_003,170
GGCGATGTAACTTCACTAGG_004,157
TCTGGAAAAGAACTCGATGA_001,148
TCTGGAAAAGAACTCGATGA_002,130
TCTGGAAAAGAACTCGATGA_003,62
TCTGGAAAAGAACTCGATGA_004,77
TCTGGAAAAGAACTCGATGA_005,151
TCTGGAAAAGAACTCGATGA_006,67
TCTGGAAAAGAACTCGATGA_007,191
TCTGGAAAAGAACTCGATGA_008,146
CGACGTTCTACGGATCACCT_001,119
CGACGTTCTACGGATCACCT_002,104
CGACGTTCTACGGATCACCT_003,79
CGACGTTCTACGGATCACCT_004,124
GCAACGCTGAAATTCACCAA_001,62
GCAACGCTGAAATTCACCAA_002,149
GCAACGCTGAAATTCACCAA_003,42
GCAACGCTGAAATTCACCAA_004,111
GCAACGCTGAAATTCACCAA_005,61
GCAACGCTGAAATTCACCAA_006,19
GCAACGCTGAAATTCACCAA_007,147
CAGATGAACCCATATGACAG_001,116
CAGATGAACCCATATGACAG_002,184
CAGATGAACCCATATGACAG_003,147
CAGATGAACCCATATGACAG_004,46
CAGATGAACCCATATGACAG_005,178
ACGTGCTAAGGACCAACCTG_001,52
ACGTGCTAAGGACCAACCTG_002,15
ACGTGCTAAGGACCAACCTG_003,185
ACGTGCTAAGGACCAACCTG_004,177
ACGTGCTAAGGACCAACCTG_005,40
ACGTGCTAAGGACCAACCTG_006,67
ACGTGCTAAGGACCAACCTG_007,43
ACGTGCTAAGGACCAACCTG_008,171
ACGTGCTAAGGACCAACCTG_009,133
ACGTGCTAAGGACCAACCTG_010,88
ACGTGCTAAGGACCAACCTG_011,122
ACGTGCTAAGGACCAACCTG_012,152
ACGTGCTAAGGACCAACCTG_013,63
GCGGAGCCGCCACATCGTGT_001,20
GCGGAGCCGCCACATCGTGT_002,181
GCGGAGCCGCCACATCGTGT_003,63
GCGGAGCCGCCACATCGTGT_004,94
GCGGAGCCGCCACATCGTGT_005,144
GCGGAGCCGCCACATCGTGT_006,104
GCGGAGCCGCCACATCGTGT_007,177
GCGGAGCCGCCACATCGTGT_008,30
CAGAACTCTCTCAACGACGA_001,64
CAGAACTCTCTCAACGACGA_002,184
CAGAACTCTCTCAACGACGA_003,136
GACTGCCCCCAGAAAAAGGA_001,60
GACTGCCCCCAGAAAAAGGA_002,62
GACTGCCCCCAGAAAAAGGA_003,199
GACTGCCCCCAGAAAAAGGA_004,102
GACTGCCCCCAGAAAAAGGA_005,176
GACTGCCCCCAGAAAAAGGA_006,5
GACTGCCCCCAGAAAAAGGA_007,158
GACTGCCCCCAGAAAAAGGA_008,137
GACTGCCCCCAGAAAAAGGA_009,105
GACTGCCCCCAGAAAAAGGA_010,81
GACTGCCCCCAGAAAAAGGA_011,192
GACTGCCCCCAGAAAAAGGA_012,142
GACTGCCCCCAGAAAAAGGA_013,153
GACTGCCCCCAGAAAAAGGA_014,32
GACTGCCCCCAGAAAAAGGA_015,2
GACTGCCCCCAGAAAAAGGA_016,121
GACTGCCCCCAGAAAAAGGA_017,112
GACTGCCCCCAGAAAAAGGA_018,147
GACTGCCCCCAGAAAAAGGA_019,183
GACTGCCCCCAGAAAAAGGA_020,57
GACTGCCCCCAGAAAAAGGA_021,68
GACTGCCCCCAGAAAAAGGA_022,172
GACTGCCCCCAGAAAAAGGA_023,53
GACTGCCCCCAGAAAAAGGA_024,49
GACTGCCCCCAGAAAAAGGA_025,121
GACTGCCCCCAGAAAAAGGA_026,150
GACTGCCCCCAGAAAAAGGA_027,178
GACTGCCCCCAGAAAAAGGA_028,63
GACTGCCCCCAGAAAAAGGA_029,178
GACTGCCCCCAGAAAAAGGA_030,47
GACTGCCCCCAGAAAAAGGA_031,175
GACTGCCCCCAGAAAAAGGA_032,34
GACTGCCCCCAGAAAAAGGA_033,100
GACTGCCCCCAGAAAAAGGA_034,12
AATGAAAGAGCCCACTACAA_001,23
GTGGACGCGAGAGACCACAG_001,88
GTGGACGCGAGAGACCACAG_002,149
GTGGACGCGAGAGACCACAG_003,34
GTGGACGCGAGAGACCACAG_004,93
GTGGACGCGAGAGACCACAG_005,10
GTGGACGCGAGAGACCACAG_006,159
GTGGACGCGAGAGACCACAG_007,67
GTGGACGCGAGAGACCACAG_008,188
GTGGACGCGAGAGACCACAG_009,175
GTGGACGCGAGAGACCACAG_010,56
GTGGACGCGAGAGACCACAG_011,0
GTGGACGCGAGAGACCACAG_012,180
GTGGACGCGAGAGACCACAG_013,144
GTGGACGCGAGAGACCACAG_014,127
GTGGACGCGAGAGACCACAG_015,105
GTGGACGCGAGAGACCACAG_016,49
GTGGACGCGAGAGACCACAG_017,166
GTGGACGCGAGAGACCACAG_018,69
GTGGACGCGAGAGACCACAG_019,184
AACGAAAGCTATGGCAACCC_001,130
AACGAAAGCTATGGCAACCC_002,34
CAGGTTCACCAGAGGAAACG_001,28
CAGGTTCACCAGAGGAAACG_002,42
CAGGTTCACCAGAGGAAACG_003,151
CAGGTTCACCAGAGGAAACG_004,92
CAGGTTCACCAGAGGAAACG_005,121
CAGGTTCACCAGAGGAAACG_006,38
CAGGTTCACCAGAGGAAACG_007,135
CAGGTTCACCAGAGGAAACG_008,101
CAGGTTCACCAGAGGAAACG_009,148
CAGGTTCACCAGAGGAAACG_010,117
CAGGTTCACCAGAGGAAACG_011,121
CAGGTTCACCAGAGGAAACG_012,6
CAGGTTCACCAGAGGAAACG_013,9
CAGGTTCACCAGAGGAAACG_014,74
CAGGTTCACCAGAGGAAACG_015,17
CAGGTTCACCAGAGGAAACG_016,63
CAGGTTCACCAGAGGAAACG_017,63
AGATGACATGGGCTATATCG_001,127
AGATGACATGGGCTATATCG_002,70
AGATGACATGGGCTATATCG_003,38
AGATGACATGGGCTATATCG_004,11
AGATGACATGGGCTATATCG_005,62
GCAGCAGACCCTCCGCACCG_001,119
GCAGCAGACCCTCCGCACCG_002,49
GCAGCAGACCCTCCGCACCG_003,33
GCAGCAGACCCTCCGCACCG_004,190
GCAGCAGACCCTCCGCACCG_005,11
GCAGCAGACCCTCCGCACCG_006,43
GCAGCAGACCCTCCGCACCG_007,134
GCAGCAGACCCTCCGCACCG_008,69
GCAGCAGACCCTCCGCACCG_009,34
GCAGCAGACCCTCCGCACCG_010,98
GCAGCAGACCCTCCGCACCG_011,127
GCAGCAGACCCTCCGCACCG_012,101
GCAGCAGACCCTCCGCACCG_013,7
GCAGCAGACCCTCCGCACCG_014,137
GCAGCAGACCCTCCGCACCG_015,77
GTTCAAGTTGAACTATGCCG_001,23
GTTCAAGTTGAACTATGCCG_002,43
GTTCAAGTTGAACTATGCCG_003,23
GTTCAAGTTGAACTATGCCG_004,25
CCAACCCTCCTCAGTACCAG_001,197
CCAACCCTCCTCAGTACCAG_002,8
CCAACCCTCCTCAGTACCAG_003,64
CCAACCCTCCTCAGTACCAG_004,97
CCAACCCTCCTCAGTACCAG_005,17
CCAACCCTCCTCAGTACCAG_006,140
CCAACCCTCCTCAGTACCAG_007,139
CCAACCCTCCTCAGTACCAG_008,60
CCAACCCTCCTCAGTACCAG_009,176
CCAACCCTCCTCAGTACCAG_010,38
CCAACCCTCCTCAGTACCAG_011,34
CCAACCCTCCTCAGTACCAG_012,70
CCAACCCTCCTCAGTACCAG_013,70
CCAACCCTCCTCAGTACCAG_014,185
CCAACCCTCCTCAGTACCAG_015,60
CCAACCCTCCTCAGTACCAG_016,113
CCAACCCTCCTCAGTACCAG_017,20
CCAACCCTCCTCAGTACCAG_018,141
CCAACCCTCCTCAGTACCAG_019,125
CCAACCCTCCTCAGTACCAG_020,38
CCAACCCTCCTCAGTACCAG_021,165
CCAACCCTCCTCAGTACCAG_022,166
CCAACCCTCCTCAGTACCAG_023,176
CCAACCCTCCTCAGTACCAG_024,170
CCAACCCTCCTCAGTACCAG_025,106
CCAACCCTCCTCAGTACCAG_026,63
CCAACCCTCCTCAGTACCAG_027,63
CCAACCCTCCTCAGTACCAG_028,70
CCAACCCTCCTCAGTACCAG_029,22
CCAACCCTCCTCAGTACCAG_030,81
TACTTACATGAGGAGCCGTG_001,185
TACTTACATGAGGAGCCGTG_002,32
TACTTACATGAGGAGCCGTG_003,27
TACTTACATGAGGAGCCGTG_004,178
TACTTACATGAGGAGCCGTG_005,54
GGGGATGGAATATTTAACCC_001,4
TACCTTGCGTGACGGCCAAG_001,58
TACCTTGCGTGACGGCCAAG_002,45
TACCTTGCGTGACGGCCAAG_003,117
TACCTTGCGTGACGGCCAAG_004,161
TACCTTGCGTGACGGCCAAG_005,103
TACCTTGCGTGACGGCCAAG_006,2
TACCTTGCGTGACGGCCAAG_007,15
TACCTTGCGTGACGGCCAAG_008,171
TACCTTGCGTGACGGCCAAG_009,35
TACCTTGCGTGACGGCCAAG_010,98
TGGGCGATATATATATTACT_001,61
GCCTTTAGCAGAATTGTCAA_001,127
GCCTTTAGCAGAATTGTCAA_002,45
GCCTTTAGCAGAATTGTCAA_003,88
GCCTTTAGCAGAATTGTCAA_004,49
GCCTTTAGCAGAATTGTCAA_005,71
GCCTTTAGCAGAATTGTCAA_006,188
GCCTTTAGCAGAATTGTCAA_007,75
GCCTTTAGCAGAATTGTCAA_008,78
GCCTTTAGCAGAATTGTCAA_009,63
GCCTTTAGCAGAATTGTCAA_010,115
GCCTTTAGCAGAATTGTCAA_011,134
GCCTTTAGCAGAATTGTCAA_012,119
GCCTTTAGCAGAATTGTCAA_013,151
GCCTTTAGCAGAATTGTCAA_014,15
GCCTTTAGCAGAATTGTCAA_015,113
GCCTTTAGCAGAATTGTCAA_016,157
GCCTTTAGCAGAATTGTCAA_017,188
GCCTTTAGCAGAATTGTCAA_018,182
GCCTTTAGCAGAATTGTCAA_019,145
GCCTTTAGCAGAATTGTCAA_020,115
GCCTTTAGCAGAATTGTCAA_021,9
GCCTTTAGCAGAATTGTCAA_022,175
GCCTTTAGCAGAATTGTCAA_023,138
GCCTTTAGCAGAATTGTCAA_024,123
GACAAAGCCCCCCATCCAAG_001,24
GACAAAGCCCCCCATCCAAG_002,76
GACAAAGCCCCCCATCCAAG_003,130
GACAAAGCCCCCCATCCAAG_004,24
GACAAAGCCCCCCATCCAAG_005,61
GACAAAGCCCCCCATCCAAG_006,99
GACAAAGCCCCCCATCCAAG_007,133
GACAAAGCCCCCCATCCAAG_008,117
GACAAAGCCCCCCATCCAAG_009,172
GACAAAGCCCCCCATCCAAG_010,104
GACAAAGCCCCCCATCCAAG_011,113
GACAAAGCCCCCCATCCAAG_012,12
GACAAAGCCCCCCATCCAAG_013,170
GACAAAGCCCCCCATCCAAG_014,103
GACAAAGCCCCCCATCCAAG_015,6
GACAAAGCCCCCCATCCAAG_016,169
GACAAAGCCCCCCATCCAAG_017,140
GACAAAGCCCCCCATCCAAG_018,105
CATTGATTTAGCGTCTAGGG_001,94
TTCATCTAAAATTGAATACA_001,152
TTCATCTAAAATTGAATACA_002,116
TTCATCTAAAATTGAATACA_003,102
TTCATCTAAAATTGAATACA_004,179
AAAGATAGGAACGATGGTGG_001,70
AAAGATAGGAACGATGGTGG_002,51
AAAGATAGGAACGATGGTGG_003,16
AAAGATAGGAACGATGGTGG_004,5
AAAGATAGGAACGATGGTGG_005,175
AAAGATAGGAACGATGGTGG_006,86
AAAGATAGGAACGATGGTGG_007,110
AAAGATAGGAACGATGGTGG_008,70
AAAGATAGGAACGATGGTGG_009,194
AAAGATAGGAACGATGGTGG_010,185
AAAGATAGGAACGATGGTGG_011,147
ACCACTACTAGGGTCCTGTG_001,49
ACCACTACTAGGGTCCTGTG_002,139
ACCACTACTAGGGTCCTGTG_003,116
ACCACTACTAGGGTCCTGTG_004,1
ACCACTACTAGGGTCCTGTG_005,112
ACCACTACTAGGGTCCTGTG_006,110
GCAGGTACATACTAGATCCT_001,123
GCAGGTACATACTAGATCCT_002,104
GCAGGTACATACTAGATCCT_003,44
GAACGCCAGAGTCTCAAGCG_001,35
GAACGCCAGAGTCTCAAGCG_002,112
GAACGCCAGAGTCTCAAGCG_003,151
GAACGCCAGAGTCTCAAGCG_004,72
GAACGCCAGAGTCTCAAGCG_005,58
GAACGCCAGAGTCTCAAGCG_006,41
GAACGCCAGAGTCTCAAGCG_007,22
GAACGCCAGAGTCTCAAGCG_008,197
GAACGCCAGAGTCTCAAGCG_009,163
GAACGCCAGAGTCTCAAGCG_010,15
GAACGCCAGAGTCTCAAGCG_011,15
GAACGCCAGAGTCTCAAGCG_012,121
GAACGCCAGAGTCTCAAGCG_013,61
GAACGCCAGAGTCTCAAGCG_014,180
AGGAAGGAGGAGTGCCACGT_001,179
AGGAAGGAGGAGTGCCACGT_002,152
AGGAAGGAGGAGTGCCACGT_003,162
AGGAAGGAGGAGTGCCACGT_004,188
AGGAAGGAGGAGTGCCACGT_005,165
AGGAAGGAGGAGTGCCACGT_006,170
AGGAAGGAGGAGTGCCACGT_007,64
AGGAAGGAGGAGTGCCACGT_008,150
AGGAAGGAGGAGTGCCACGT_009,179
AGGAAGGAGGAGTGCCACGT_010,176
AGGAAGGAGGAGTGCCACGT_011,10
AGGAAGGAGGAGTGCCACGT_012,106
AGGAAGGAGGAGTGCCACGT_013,8
AGGAAGGAGGAGTGCCACGT_014,77
AGGAAGGAGGAGTGCCACGT_015,168
AGGAAGGAGGAGTGCCACGT_016,11
AGGAAGGAGGAGTGCCACGT_017,10
AGGAAGGAGGAGTGCCACGT_018,94
AGGAAGGAGGAGTGCCACGT_019,144
AGGAAGGAGGAGTGCCACGT_020,37
AGGAAGGAGGAGTGCCACGT_021,87
CCCCAGAAGTTAAATCCATG_001,33
CCCCAGAAGTTAAATCCATG_002,71
CCCCAGAAGTTAAATCCATG_003,67
CCCCAGAAGTTAAATCCATG_004,52
CCCCAGAAGTTAAATCCATG_005,59
CCCCAGAAGTTAAATCCATG_006,65
CCCCAGAAGTTAAATCCATG_007,154
CCCCAGAAGTTAAATCCATG_008,168
CCCCAGAAGTTAAATCCATG_009,46
GCCATGCAGCTGAGACACAT_001,46
GCCATGCAGCTGAGACACAT_002,129
GCCATGCAGCTGAGACACAT_003,168
GCCATGCAGCTGAGACACAT_004,37
GCCATGCAGCTGAGACACAT_005,170
GCCATGCAGCTGAGACACAT_006,84
GCCATGCAGCTGAGACACAT_007,48
GCCATGCAGCTGAGACACAT_008,48
GCCATGCAGCTGAGACACAT_009,62
GCCATGCAGCTGAGACACAT_010,30
GCCATGCAGCTGAGACACAT_011,52
GCCATGCAGCTGAGACACAT_012,8
GCCATGCAGCTGAGACACAT_013,115
GCCATGCAGCTGAGACACAT_014,4
GCCATGCAGCTGAGACACAT_015,162
GCCATGCAGCTGAGACACAT_016,116
GCCATGCAGCTGAGACACAT_017,132
GCCATGCAGCTGAGACACAT_018,172
GCCATGCAGCTGAGACACAT_019,157
TCGTGTATCCCAAACCCACG_001,168
TCGTGTATCCCAAACCCACG_002,147
TCGTGTATCCCAAACCCACG_003,84
TCGTGTATCCCAAACCCACG_004,88
TCGTGTATCCCAAACCCACG_005,144
TCGTGTATCCCAAACCCACG_006,68
TCGTGTATCCCAAACCCACG_007,147
TCGTGTATCCCAAACCCACG_008,163
TCGTGTATCCCAAACCCACG_009,95
TCGTGTATCCCAAACCCACG_010,16
TCGTGTATCCCAAACCCACG_011,77
TCGTGTATCCCAAACCCACG_012,158
CTCATTAACATACTGAACGA_001,68
ACATTTATCTACCCACTGGG_001,175
ACATTTATCTACCCACTGGG_002,146
ACATTTATCTACCCACTGGG_003,121
AAGTAGACACGGCCACTCGG_001,49
AAGTAGACACGGCCACTCGG_002,96
AAGTAGACACGGCCACTCGG_003,118
AAGTAGACACGGCCACTCGG_004,105
AAGTAGACACGGCCACTCGG_005,175
AAGTAGACACGGCCACTCGG_006,163
AAGTAGACACGGCCACTCGG_007,8
AGCAATCAATAAAGTCCCGA_001,50
AGCAATCAATAAAGTCCCGA_002,160
AGCAATCAATAAAGTCCCGA_003,24
AGCAATCAATAAAGTCCCGA_004,17
AGCAATCAATAAAGTCCCGA_005,1
AGCAATCAATAAAGTCCCGA_006,149
AGCAATCAATAAAGTCCCGA_007,19
AGCAATCAATAAAGTCCCGA_008,49
AGCAATCAATAAAGTCCCGA_009,3
AGCAATCAATAAAGTCCCGA_010,58
AGCAATCAATAAAGTCCCGA_011,199
AGCAATCAATAAAGTCCCGA_012,15
AGCAATCAATAAAGTCCCGA_013,55
AGCAATCAATAAAGTCCCGA_014,42
AGCAATCAATAAAGTCCCGA_015,188
AGCAATCAATAAAGTCCCGA_016,61
GGAAACAATCCAGTCTCCAT_001,59
GCTCACACTCAATTCGCGGG_001,156
GCTCACACTCAATTCGCGGG_002,67
GCTCACACTCAATTCGCGGG_003,114
GCTCACACTCAATTCGCGGG_004,48
GCTCACACTCAATTCGCGGG_005,133
GCTCACACTCAATTCGCGGG_006,138
GCTCACACTCAATTCGCGGG_007,169
GCTCACACTCAATTCGCGGG_008,146
GCTCACACTCAATTCGCGGG_009,61
GCTCACACTCAATTCGCGGG_010,128
GCTCACACTCAATTCGCGGG_011,101
GCTCACACTCAATTCGCGGG_012,1
GCTCACACTCAATTCGCGGG_013,116
GCTCACACTCAATTCGCGGG_014,5
GCTCACACTCAATTCGCGGG_015,135
GCTCACACTCAATTCGCGGG_016,196
GCTCACACTCAATTCGCGGG_017,156
GCTCACACTCAATTCGCGGG_018,168
GCTCACACTCAATTCGCGGG_019,52
GCTCACACTCAATTCGCGGG_020,12
GCTCACACTCAATTCGCGGG_021,181
GTTGGCAGAGAGCTTACAAG_001,71
GTTGGCAGAGAGCTTACAAG_002,191
GTTGGCAGAGAGCTTACAAG_003,157
GTTGGCAGAGAGCTTACAAG_004,188
GTTGGCAGAGAGCTTACAAG_005,115
GTTGGCAGAGAGCTTACAAG_006,199
GTTGGCAGAGAGCTTACAAG_007,169
GTTGGCAGAGAGCTTACAAG_008,163
AGAAGGACTGCGATGACGGG_001,88
AGAAGGACTGCGATGACGGG_002,43
AGAAGGACTGCGATGACGGG_003,170
AGAAGGACTGCGATGACGGG_004,170
AGAAGGACTGCGATGACGGG_005,76
AGAAGGACTGCGATGACGGG_006,171
AGAAGGACTGCGATGACGGG_007,70
AGAAGGACTGCGATGACGGG_008,174
AGAAGGACTGCGATGACGGG_009,176
AGAAGGACTGCGATGACGGG_010,124
AGAAGGACTGCGATGACGGG_011,57
AGAAGGACTGCGATGACGGG_012,35
AGAAGGACTGCGATGACGGG_013,12
AGAAGGACTGCGATGACGGG_014,129
AGAAGGACTGCGATGACGGG_015,169
AGAAGGACTGCGATGACGGG_016,88
AGAAGGACTGCGATGACGGG_017,93
AGAAGGACTGCGATGACGGG_018,124
AGAAGGACTGCGATGACGGG_019,138
AGAAGGACTGCGATGACGGG_020,101
AGAAGGACTGCGATGACGGG_021,113
AGAAGGACTGCGATGACGGG_022,9
AGAAGGACTGCGATGACGGG_023,112
AGAAGGACTGCGATGACGGG_024,169
AGAAGGACTGCGATGACGGG_025,117
AGAAGGACTGCGATGACGGG_026,76
AGAAGGACTGCGATGACGGG_027,107
AGAAGGACTGCGATGACGGG_028,156
AGAAGGACTGCGATGACGGG_029,72
AGAAGGACTGCGATGACGGG_030,148
AGAAGGACTGCGATGACGGG_031,146
AGAAGGACTGCGATGACGGG_032,119
AGAAGGACTGCGATGACGGG_033,20
AGAAGGACTGCGATGACGGG_034,145
AGAAGGACTGCGATGACGGG_035,63
AGAAGGACTGCGATGACGGG_036,84
AGAAGGACTGCGATGACGGG_037,120
TGCCTGGCTGGAGACCAATG_001,46
TGCCTGGCTGGAGACCAATG_002,41
TGCCTGGCTGGAGACCAATG_003,27
TGCCTGGCTGGAGACCAATG_004,49
TGCCTGGCTGGAGACCAATG_005,51
TGCCTGGCTGGAGACCAATG_006,190
TGCCTGGCTGGAGACCAATG_007,159
TGCCTGGCTGGAGACCAATG_008,146
TGCCTGGCTGGAGACCAATG_009,60
TGCCTGGCTGGAGACCAATG_010,37
TGCCTGGCTGGAGACCAATG_011,168
TGCCTGGCTGGAGACCAATG_012,1
TGCCTGGCTGGAGACCAATG_013,7
TGCCTGGCTGGAGACCAATG_014,174
TGCCTGGCTGGAGACCAATG_015,134
TGCCTGGCTGGAGACCAATG_016,156
TGCCTGGCTGGAGACCAATG_017,28
TGCCTGGCTGGAGACCAATG_018,60
TGCCTGGCTGGAGACCAATG_019,118
TGCCTGGCTGGAGACCAATG_020,144
TGCCTGGCTGGAGACCAATG_021,29
TGCCTGGCTGGAGACCAATG_022,94
TGCCTGGCTGGAGACCAATG_023,94
TAAGGTGTGATATAGACGTA_001,194
CCATCTCAAAATGGACATGA_001,114
CCATCTCAAAATGGACATGA_002,127
CCATCTCAAAATGGACATGA_003,196
CCATCTCAAAATGGACATGA_004,82
CCATCTCAAAATGGACATGA_005,168
CCATCTCAAAATGGACATGA_006,198
CCATCTCAAAATGGACATGA_007,116
CCATCTCAAAATGGACATGA_008,156
CCATCTCAAAATGGACATGA_009,141
CCATCTCAAAATGGACATGA_010,30
CCATCTCAAAATGGACATGA_011,174
CCATCTCAAAATGGACATGA_012,74
CCATCTCAAAATGGACATGA_013,168
CCATCTCAAAATGGACATGA_014,198
CCATCTCAAAATGGACATGA_015,180
CCATCTCAAAATGGACATGA_016,124
CCATCTCAAAATGGACATGA_017,4
CCATCTCAAAATGGACATGA_018,62
CCCTGGTCTACAGCACGCTG_001,147
CCCTGGTCTACAGCACGCTG_002,24
GTCCGCAAACCTCCTGAAGT_001,127
GTCCGCAAACCTCCTGAAGT_002,158
GTCCGCAAACCTCCTGAAGT_003,49
GTCCGCAAACCTCCTGAAGT_004,183
GTCCGCAAACCTCCTGAAGT_005,92
GTCCGCAAACCTCCTGAAGT_006,42
GTCCGCAAACCTCCTGAAGT_007,19
GTCCGCAAACCTCCTGAAGT_008,48
GAGCCGCATCGACGCCTACG_001,102
GAGCCGCATCGACGCCTACG_002,157
GAGCCGCATCGACGCCTACG_003,154
GAGCCGCATCGACGCCTACG_004,53
GAGCCGCATCGACGCCTACG_005,138
GAGCCGCATCGACGCCTACG_006,5
GAGCCGCATCGACGCCTACG_007,18
GAGCCGCATCGACGCCTACG_008,150
GAGCCGCATCGACGCCTACG_009,16
GAGCCGCATCGACGCCTACG_010,104
GAGCCGCATCGACGCCTACG_011,35
GAGCCGCATCGACGCCTACG_012,106
GAGCCGCATCGACGCCTACG_013,106
ATGAATGCAGCCATCAACAC_001,169
ATGAATGCAGCCATCAACAC_002,70
ATGAATGCAGCCATCAACAC_003,94
ATGAATGCAGCCATCAACAC_004,147
ATGAATGCAGCCATCAACAC_005,198
ATGAATGCAGCCATCAACAC_006,35
ATGAATGCAGCCATCAACAC_007,104
ATGAATGCAGCCATCAACAC_008,35
ATGAATGCAGCCATCAACAC_009,156
ATGAATGCAGCCATCAACAC_010,21
ATGAATGCAGCCATCAACAC_011,60
ATGAATGCAGCCATCAACAC_012,160
ATGAATGCAGCCATCAACAC_013,70
ATGAATGCAGCCATCAACAC_014,0
ATGAATGCAGCCATCAACAC_015,56
ATGAATGCAGCCATCAACAC_016,96
ATGAATGCAGCCATCAACAC_017,166
ATGAATGCAGCCATCAACAC_018,58
ATGAATGCAGCCATCAACAC_019,38
ATGAATGCAGCCATCAACAC_020,128
ATGAATGCAGCCATCAACAC_021,196
ATGAATGCAGCCATCAACAC_022,111
ATGAATGCAGCCATCAACAC_023,28
GTCTCCCGAGCCACAAAAGG_001,94
GTCTCCCGAGCCACAAAAGG_002,105
GTCTCCCGAGCCACAAAAGG_003,149
CCGGGACGAGTACAGCTATG_001,145
CCGGGACGAGTACAGCTATG_002,16
CCGGGACGAGTACAGCTATG_003,111
CTGTGTCAATGGTAGCTAAG_001,53
CTGTGTCAATGGTAGCTAAG_002,17
CTGTGTCAATGGTAGCTAAG_003,23
CTGTGTCAATGGTAGCTAAG_004,9
CTGTGTCAATGGTAGCTAAG_005,76
CTGTGTCAATGGTAGCTAAG_006,47
CTGTGTCAATGGTAGCTAAG_007,199
CTGTGTCAATGGTAGCTAAG_008,157
CTGTGTCAATGGTAGCTAAG_009,72
CTGTGTCAATGGTAGCTAAG_010,42
CTGTGTCAATGGTAGCTAAG_011,137
CTGTGTCAATGGTAGCTAAG_012,145
CTGTGTCAATGGTAGCTAAG_013,49
CTGTGTCAATGGTAGCTAAG_014,2
CTGTGTCAATGGTAGCTAAG_015,77
CTGTGTCAATGGTAGCTAAG_016,73
CTGTGTCAATGGTAGCTAAG_017,32
CTGTGTCAATGGTAGCTAAG_018,131
CTGTGTCAATGGTAGCTAAG_019,180
CTGTGTCAATGGTAGCTAAG_020,19
GAAGGGGCGCGATTTACCTA_001,157
GAAGGGGCGCGATTTACCTA_002,198
GAAGGGGCGCGATTTACCTA_003,186
GAAGGGGCGCGATTTACCTA_004,164
GAAGGGGCGCGATTTACCTA_005,71
TTTCTAGATCTATTTCCATG_001,102
TGTTGGGCCAGAGCATCCGG_001,158
TGTTGGGCCAGAGCATCCGG_002,72
AGGTGGGTGAGGTAGTTGAG_001,133
AGGTGGGTGAGGTAGTTGAG_002,169
AGGTGGGTGAGGTAGTTGAG_003,104
AGGTGGGTGAGGTAGTTGAG_004,98
AGGTGGGTGAGGTAGTTGAG_005,188
AGGTGGGTGAGGTAGTTGAG_006,56
AGGTGGGTGAGGTAGTTGAG_007,150
GGTGTCAGCATGATTCTCCG_001,9
GGTGTCAGCATGATTCTCCG_002,75
GGTGTCAGCATGATTCTCCG_003,51
GGTGTCAGCATGATTCTCCG_004,115
GGTGTCAGCATGATTCTCCG_005,150
GTTCTTCGTAGATGTTCATG_001,113
GTTCTTCGTAGATGTTCATG_002,16
GTTCTTCGTAGATGTTCATG_003,56
GTTCTTCGTAGATGTTCATG_004,56
AGTCCTGGAAGTGGATAACA_001,16
AGTCCTGGAAGTGGATAACA_002,127
AGTCCTGGAAGTGGATAACA_003,158
AGTCCTGGAAGTGGATAACA_004,63
TGCTCATCGGAGGTCCCCGG_001,29
TGCTCATCGGAGGTCCCCGG_002,1
TGCTCATCGGAGGTCCCCGG_003,103
TGCTCATCGGAGGTCCCCGG_004,115
TGCTCATCGGAGGTCCCCGG_005,113
TGCTCATCGGAGGTCCCCGG_006,49
TGCTCATCGGAGGTCCCCGG_007,170
TGCTCATCGGAGGTCCCCGG_008,112
TGCTCATCGGAGGTCCCCGG_009,10
TGCTCATCGGAGGTCCCCGG_010,169
TGCTCATCGGAGGTCCCCGG_011,127
TGCTCATCGGAGGTCCCCGG_012,184
TGCTCATCGGAGGTCCCCGG_013,141
TGCTCATCGGAGGTCCCCGG_014,76
TGCTCATCGGAGGTCCCCGG_015,1
TGCTCATCGGAGGTCCCCGG_016,76
TGCTCATCGGAGGTCCCCGG_017,194
TGCTCATCGGAGGTCCCCGG_018,85
TGCTCATCGGAGGTCCCCGG_019,135
GACCTGCTGCGGTGGGGGCT_001,53
GACCTGCTGCGGTGGGGGCT_002,127
GACCTGCTGCGGTGGGGGCT_003,140
GACCTGCTGCGGTGGGGGCT_004,64
GACCTGCTGCGGTGGGGGCT_005,112
GACCTGCTGCGGTGGGGGCT_006,149
GACCTGCTGCGGTGGGGGCT_007,177
GACCTGCTGCGGTGGGGGCT_008,8
GACCTGCTGCGGTGGGGGCT_009,128
GACCTGCTGCGGTGGGGGCT_010,16
GACCTGCTGCGGTGGGGGCT_011,118
GACCTGCTGCGGTGGGGGCT_012,157
GACCTGCTGCGGTGGGGGCT_013,121
GACCTGCTGCGGTGGGGGCT_014,81
GACCTGCTGCGGTGGGGGCT_015,187
GACCTGCTGCGGTGGGGGCT_016,141
GACCTGCTGCGGTGGGGGCT_017,16
GACCTGCTGCGGTGGGGGCT_018,60
GACCTGCTGCGGTGGGGGCT_019,111
GACCTGCTGCGGTGGGGGCT_020,87
GACCTGCTGCGGTGGGGGCT_021,103
GACCTGCTGCGGTGGGGGCT_022,75
GACCTGCTGCGGTGGGGGCT_023,166
GACCTGCTGCGGTGGGGGCT_024,142
GACCTGCTGCGGTGGGGGCT_025,117
GACCTGCTGCGGTGGGGGCT_026,45
GACCTGCTGCGGTGGGGGCT_027,149
GACCTGCTGCGGTGGGGGCT_028,177
GACCTGCTGCGGTGGGGGCT_029,67
GACCTGCTGCGGTGGGGGCT_030,13
GACCTGCTGCGGTGGGGGCT_031,69
GACCTGCTGCGGTGGGGGCT_032,183
GACCTGCTGCGGTGGGGGCT_033,47
GACCTGCTGCGGTGGGGGCT_034,115
GACCTGCTGCGGTGGGGGCT_035,103
GACCTGCTGCGGTGGGGGCT_036,148
GACCTGCTGCGGTGGGGGCT_037,77
GACCTGCTGCGGTGGGGGCT_038,79
GACCTGCTGCGGTGGGGGCT_039,118
GACCTGCTGCGGTGGGGGCT_040,149
GACCTGCTGCGGTGGGGGCT_041,105
GACCTGCTGCGGTGGGGGCT_042,136
GACCTGCTGCGGTGGGGGCT_043,178
TTCACACTCAGGAAAACTGG_001,117
TTCACACTCAGGAAAACTGG_002,116
TTCACACTCAGGAAAACTGG_003,156
TTCACACTCAGGAAAACTGG_004,82
TTCACACTCAGGAAAACTGG_005,40
TTCACACTCAGGAAAACTGG_006,4
GGGGTCCGCTGAGTTGTTGG_001,115
GGGGTCCGCTGAGTTGTTGG_002,74
GGGGTCCGCTGAGTTGTTGG_003,121
GGGGTCCGCTGAGTTGTTGG_004,62
GGGGTCCGCTGAGTTGTTGG_005,48
GGGGTCCGCTGAGTTGTTGG_006,12
GGGGTCCGCTGAGTTGTTGG_007,34
GGGGTCCGCTGAGTTGTTGG_008,53
GGGGTCCGCTGAGTTGTTGG_009,82
GGGGTCCGCTGAGTTGTTGG_010,68
GGGGTCCGCTGAGTTGTTGG_011,92
GGGGTCCGCTGAGTTGTTGG_012,121
GGGGTCCGCTGAGTTGTTGG_013,69
GGGGTCCGCTGAGTTGTTGG_014,24
GGGGTCCGCTGAGTTGTTGG_015,178
GGGGTCCGCTGAGTTGTTGG_016,178
GGGGTCCGCTGAGTTGTTGG_017,79
GGGGTCCGCTGAGTTGTTGG_018,115
GGGGTCCGCTGAGTTGTTGG_019,157
GGGGTCCGCTGAGTTGTTGG_020,199
GCAGTCCATACCTGTAACAT_001,159
GCAGTCCATACCTGTAACAT_002,166
GCAGTCCATACCTGTAACAT_003,4
GCAGTCCATACCTGTAACAT_004,69
GCAGTCCATACCTGTAACAT_005,42
GCAGTCCATACCTGTAACAT_006,1
AAAGCCTGGCTACATAACAG_001,6
GCCGAGAAGACTATTACCCG_001,114
ACCAGGGACACCGTGCACAC_001,176
ACCAGGGACACCGTGCACAC_002,168
ACCAGGGACACCGTGCACAC_003,77
ACCAGGGACACCGTGCACAC_004,102
ACCAGGGACACCGTGCACAC_005,138
ACCAGGGACACCGTGCACAC_006,68
ACCAGGGACACCGTGCACAC_007,176
ACCAGGGACACCGTGCACAC_008,106
ACCAGGGACACCGTGCACAC_009,46
TACAAAAAAGAACATCTGTG_001,64
TACAAAAAAGAACATCTGTG_002,47
TACAAAAAAGAACATCTGTG_003,78
GGAGGCTGCCAAATTAAACA_001,137
GGAGGCTGCCAAATTAAACA_002,77
GGAGGCTGCCAAATTAAACA_003,19
GGAGGCTGCCAAATTAAACA_004,63
GGAGGCTGCCAAATTAAACA_005,137
GGAGGCTGCCAAATTAAACA_006,94
GGAGGCTGCCAAATTAAACA_007,54
GGAGGCTGCCAAATTAAACA_008,82
GGAGGCTGCCAAATTAAACA_009,110
GGAGGCTGCCAAATTAAACA_010,168
TGCACCCAGGTTGTAGACGT_001,172
TGCACCCAGGTTGTAGACGT_002,120
TGCACCCAGGTTGTAGACGT_003,180
TGCACCCAGGTTGTAGACGT_004,134
TGCACCCAGGTTGTAGACGT_005,142
TGCACCCAGGTTGTAGACGT_006,198
ACATGGCCACGAGCAACAGT_001,158
ACATGGCCACGAGCAACAGT_002,15
ACATGGCCACGAGCAACAGT_003,64
ACATGGCCACGAGCAACAGT_004,172
ACATGGCCACGAGCAACAGT_005,194
ACATGGCCACGAGCAACAGT_006,195
ACATGGCCACGAGCAACAGT_007,31
ACATGGCCACGAGCAACAGT_008,195
ACATGGCCACGAGCAACAGT_009,95
ACATGGCCACGAGCAACAGT_010,178
ACATGGCCACGAGCAACAGT_011,171
ACATGGCCACGAGCAACAGT_012,2
ACATGGCCACGAGCAACAGT_013,46
ACATGGCCACGAGCAACAGT_014,106
ACATGGCCACGAGCAACAGT_015,172
ACATGGCCACGAGCAACAGT_016,172
ACATGGCCACGAGCAACAGT_017,124
ACATGGCCACGAGCAACAGT_018,46
ACATGGCCACGAGCAACAGT_019,168
TGGGATCTGGGCTTACTACG_001,113
TGGGATCTGGGCTTACTACG_002,119
TGGGATCTGGGCTTACTACG_003,62
TGGGATCTGGGCTTACTACG_004,181
TGGGATCTGGGCTTACTACG_005,86
GCATATGCCCGGTTTCCTGG_001,68
GCATATGCCCGGTTTCCTGG_002,118
GCATATGCCCGGTTTCCTGG_003,162
GCATATGCCCGGTTTCCTGG_004,49
GCATATGCCCGGTTTCCTGG_005,19
GCATATGCCCGGTTTCCTGG_006,115
GCATATGCCCGGTTTCCTGG_007,174
GCATATGCCCGGTTTCCTGG_008,83
GCATATGCCCGGTTTCCTGG_009,150
GCATATGCCCGGTTTCCTGG_010,41
AGGCCTGCTTAGCAAGTGCG_001,166
AGGCCTGCTTAGCAAGTGCG_002,170
AGGCCTGCTTAGCAAGTGCG_003,149
AGGCCTGCTTAGCAAGTGCG_004,62
AGGCCTGCTTAGCAAGTGCG_005,142
AGGCCTGCTTAGCAAGTGCG_006,182
AGGCCTGCTTAGCAAGTGCG_007,30
AGGCCTGCTTAGCAAGTGCG_008,138
AGGCCTGCTTAGCAAGTGCG_009,9
AGGCCTGCTTAGCAAGTGCG_010,52
AGGCCTGCTTAGCAAGTGCG_011,42
AGGCCTGCTTAGCAAGTGCG_012,193
AGGCCTGCTTAGCAAGTGCG_013,155
AGGCCTGCTTAGCAAGTGCG_014,53
AGGCCTGCTTAGCAAGTGCG_015,16
AGGCCTGCTTAGCAAGTGCG_016,146
AGGCCTGCTTAGCAAGTGCG_017,50
AGGCCTGCTTAGCAAGTGCG_018,68
AGGCCTGCTTAGCAAGTGCG_019,95
AGGCCTGCTTAGCAAGTGCG_020,66
AGGCCTGCTTAGCAAGTGCG_021,160
AGGCCTGCTTAGCAAGTGCG_022,199
AGGCCTGCTTAGCAAGTGCG_023,146
AGGCCTGCTTAGCAAGTGCG_024,45
AGGCCTGCTTAGCAAGTGCG_025,121
AGGCCTGCTTAGCAAGTGCG_026,111
AGGCCTGCTTAGCAAGTGCG_027,69
AGGCCTGCTTAGCAAGTGCG_028,92
AGGCCTGCTTAGCAAGTGCG_029,44
AGGCCTGCTTAGCAAGTGCG_030,22
AGGCCTGCTTAGCAAGTGCG_031,136
AGGCCTGCTTAGCAAGTGCG_032,66
AGGCCTGCTTAGCAAGTGCG_033,115
AGGCCTGCTTAGCAAGTGCG_034,32
AGGCCTGCTTAGCAAGTGCG_035,39
AGGCCTGCTTAGCAAGTGCG_036,43
AGGCCTGCTTAGCAAGTGCG_037,120
AGGCCTGCTTAGCAAGTGCG_038,56
AGGCCTGCTTAGCAAGTGCG_039,104
AGGCCTGCTTAGCAAGTGCG_040,104
AGGCCTGCTTAGCAAGTGCG_041,12
AGGCCTGCTTAGCAAGTGCG_042,145
AGGCCTGCTTAGCAAGTGCG_043,72
AGGCCTGCTTAGCAAGTGCG_044,91
AGGCCTGCTTAGCAAGTGCG_045,40
AGGCCTGCTTAGCAAGTGCG_046,140
AGGCCTGCTTAGCAAGTGCG_047,189
AGGCCTGCTTAGCAAGTGCG_048,60
GGGCATGAACATGTTGACAA_001,30
ATATTTAGGACCTATCCAGC_001,162
ATATTTAGGACCTATCCAGC_002,102
ATATTTAGGACCTATCCAGC_003,158
ATATTTAGGACCTATCCAGC_004,48
ATATTTAGGACCTATCCAGC_005,182
ATATTTAGGACCTATCCAGC_006,161
ATATTTAGGACCTATCCAGC_007,50
ATATTTAGGACCTATCCAGC_008,180
ATATTTAGGACCTATCCAGC_009,133
ATATTTAGGACCTATCCAGC_010,106
ATATTTAGGACCTATCCAGC_011,40
CAGCACCACTTTCTCGCGGG_001,145
CAGCACCACTTTCTCGCGGG_002,37
CAGCACCACTTTCTCGCGGG_003,54
CAGCACCACTTTCTCGCGGG_004,93
CAGCACCACTTTCTCGCGGG_005,149
CCAGTGTTGCAATAATCTCA_001,177
CCAGTGTTGCAATAATCTCA_002,102
GCTCTTCATTAGCAACCACT_001,101
GCTCTTCATTAGCAACCACT_002,167
GCTCTTCATTAGCAACCACT_003,167
GCTCTTCATTAGCAACCACT_004,10
GCTCTTCATTAGCAACCACT_005,133
GGCGTCACGCGACAGCGACG_001,154
GGCGTCACGCGACAGCGACG_002,183
AAGACCCTCGATGAGTCTAG_001,94
AAGACCCTCGATGAGTCTAG_002,146
AAGACCCTCGATGAGTCTAG_003,188
AAGACCCTCGATGAGTCTAG_004,83
AAGACCCTCGATGAGTCTAG_005,56
AAGACCCTCGATGAGTCTAG_006,15
AATGGCTCCACGCCCACGAG_001,50
AATGGCTCCACGCCCACGAG_002,135
AATGGCTCCACGCCCACGAG_003,36
AATGGCTCCACGCCCACGAG_004,199
AATGGCTCCACGCCCACGAG_005,37
AATGGCTCCACGCCCACGAG_006,165
AATGGCTCCACGCCCACGAG_007,146
AATGGCTCCACGCCCACGAG_008,176
AATGGCTCCACGCCCACGAG_009,143
AATGGCTCCACGCCCACGAG_010,52
AATGGCTCCACGCCCACGAG_011,190
AATGGCTCCACGCCCACGAG_012,69
AATGGCTCCACGCCCACGAG_013,129
AATGGCTCCACGCCCACGAG_014,129
AATGGCTCCACGCCCACGAG_015,15
AATGGCTCCACGCCCACGAG_016,172
AATGGCTCCACGCCCACGAG_017,23
AATGGCTCCACGCCCACGAG_018,23
AATGGCTCCACGCCCACGAG_019,36
CCTTTGTAGCATAAGGACAC_001,19
CCTTTGTAGCATAAGGACAC_002,89
CCTTTGTAGCATAAGGACAC_003,174
CCGCGCACCCCACCTTACCA_001,76
CCGCGCACCCCACCTTACCA_002,80
CCGCGCACCCCACCTTACCA_003,58
CCGCGCACCCCACCTTACCA_004,58
CCGCGCACCCCACCTTACCA_005,15
CCGCGCACCCCACCTTACCA_006,175
CCGCGCACCCCACCTTACCA_007,143
CCGCGCACCCCACCTTACCA_008,130
CCGCGCACCCCACCTTACCA_009,152
CCGCGCACCCCACCTTACCA_010,0
CCGCGCACCCCACCTTACCA_011,157
CCGCGCACCCCACCTTACCA_012,5
CCGCGCACCCCACCTTACCA_013,184
CCGCGCACCCCACCTTACCA_014,57
CCGCGCACCCCACCTTACCA_015,125
CCGCGCACCCCACCTTACCA_016,68
CCGCGCACCCCACCTTACCA_017,124
CCGCGCACCCCACCTTACCA_018,124
CCGCGCACCCCACCTTACCA_019,63
CCGCGCACCCCACCTTACCA_020,184
CCGCGCACCCCACCTTACCA_021,185
GGCATCCCCATTATTAAAGG_001,105
GGCATCCCCATTATTAAAGG_002,127
GGCTGCCCAGAGAAGCTGCG_001,150
GGCTGCCCAGAGAAGCTGCG_002,181
GGCTGCCCAGAGAAGCTGCG_003,141
GGCTGCCCAGAGAAGCTGCG_004,102
GGCTGCCCAGAGAAGCTGCG_005,191
GGCTGCCCAGAGAAGCTGCG_006,191
GGCTGCCCAGAGAAGCTGCG_007,77
GGCTGCCCAGAGAAGCTGCG_008,158
GGCTGCCCAGAGAAGCTGCG_009,15
GGCTGCCCAGAGAAGCTGCG_010,29
GGCTGCCCAGAGAAGCTGCG_011,178
GGCTGCCCAGAGAAGCTGCG_012,106
GGCTGCCCAGAGAAGCTGCG_013,78
GGCTGCCCAGAGAAGCTGCG_014,48
GGCTGCCCAGAGAAGCTGCG_015,119
GGCTGCCCAGAGAAGCTGCG_016,129
GGCTGCCCAGAGAAGCTGCG_017,34
GGCTGCCCAGAGAAGCTGCG_018,32
GGCTGCCCAGAGAAGCTGCG_019,196
GGCTGCCCAGAGAAGCTGCG_020,9
GGCTGCCCAGAGAAGCTGCG_021,157
GGCTGCCCAGAGAAGCTGCG_022,65
GGCTGCCCAGAGAAGCTGCG_023,180
GGCTGCCCAGAGAAGCTGCG_024,12
GGCTGCCCAGAGAAGCTGCG_025,28
GGCTGCCCAGAGAAGCTGCG_026,153
GGCTGCCCAGAGAAGCTGCG_027,104
GGCTGCCCAGAGAAGCTGCG_028,94
GGCTGCCCAGAGAAGCTGCG_029,152
GGCTGCCCAGAGAAGCTGCG_030,61
GGCTGCCCAGAGAAGCTGCG_031,168
GGCTGCCCAGAGAAGCTGCG_032,46
GGCTGCCCAGAGAAGCTGCG_033,105
AGATTGCTCTTATTAAACAT_001,146
AGATTGCTCTTATTAAACAT_002,148
AAACCTCCACATCTGCGGTG_001,49
AAACCTCCACATCTGCGGTG_002,151
AAACCTCCACATCTGCGGTG_003,75
AAACCTCCACATCTGCGGTG_004,97
AAACCTCCACATCTGCGGTG_005,121
GACTTTGGAGAGGTGGTATG_001,128
GACTTTGGAGAGGTGGTATG_002,81
GACTTTGGAGAGGTGGTATG_003,46
GACTTTGGAGAGGTGGTATG_004,78
GACTTTGGAGAGGTGGTATG_005,146
GACTTTGGAGAGGTGGTATG_006,23
GACTTTGGAGAGGTGGTATG_007,161
GACTTTGGAGAGGTGGTATG_008,60
GACTTTGGAGAGGTGGTATG_009,185
GACTTTGGAGAGGTGGTATG_010,15
GACTTTGGAGAGGTGGTATG_011,12
GACTTTGGAGAGGTGGTATG_012,132
GACTTTGGAGAGGTGGTATG_013,39
GACTTTGGAGAGGTGGTATG_014,57
GACTTTGGAGAGGTGGTATG_015,81
GACTTTGGAGAGGTGGTATG_016,98
GACTTTGGAGAGGTGGTATG_017,162
GAATATGGGAGCCATTTCGA_001,94
GAATATGGGAGCCATTTCGA_002,53
GGATGACTATATCAAGAGCT_001,30
GGATGACTATATCAAGAGCT_002,129
AGGACAACAGCTACAACCGG_001,56
AGGACAACAGCTACAACCGG_002,197
AGGACAACAGCTACAACCGG_003,68
AGGACAACAGCTACAACCGG_004,72
AGGACAACAGCTACAACCGG_005,21
AGGACAACAGCTACAACCGG_006,30
AGGACAACAGCTACAACCGG_007,185
AGGACAACAGCTACAACCGG_008,104
AGGACAACAGCTACAACCGG_009,75
GCATTGGCATGATGGGCCAG_001,84
GCATTGGCATGATGGGCCAG_002,82
GCATTGGCATGATGGGCCAG_003,172
GCATTGGCATGATGGGCCAG_004,17
GGTATTTGGATCTTCGCTGG_001,116
CCAATCCATCCACCTACTGG_001,69
CCAATCCATCCACCTACTGG_002,176
CCAATCCATCCACCTACTGG_003,199
CCAATCCATCCACCTACTGG_004,158
CCAATCCATCCACCTACTGG_005,12
CCAATCCATCCACCTACTGG_006,58
CCAATCCATCCACCTACTGG_007,174
CCAATCCATCCACCTACTGG_008,48
GAACTGGAGGAACCTGATCG_001,12
GTTGCTTGCTTCCTGACACG_001,29
GTTGCTTGCTTCCTGACACG_002,12
GTTGCTTGCTTCCTGACACG_003,145
GTTGCTTGCTTCCTGACACG_004,145
GTTGCTTGCTTCCTGACACG_005,41
GTTGCTTGCTTCCTGACACG_006,88
TTCTACGCTCTCAGCAACAC_001,6
TTCTACGCTCTCAGCAACAC_002,166
TTCTACGCTCTCAGCAACAC_003,5
TTCTACGCTCTCAGCAACAC_004,9
TTCTACGCTCTCAGCAACAC_005,48
TTCTACGCTCTCAGCAACAC_006,135
TTCTACGCTCTCAGCAACAC_007,165
TTCTACGCTCTCAGCAACAC_008,147
GCATTCTGGTCGGACATCAG_001,163
GCATTCTGGTCGGACATCAG_002,130
GCATTCTGGTCGGACATCAG_003,107
GCATTCTGGTCGGACATCAG_004,83
GCATTCTGGTCGGACATCAG_005,17
GCATTCTGGTCGGACATCAG_006,162
GCATTCTGGTCGGACATCAG_007,137
GCATTCTGGTCGGACATCAG_008,137
GCATTCTGGTCGGACATCAG_009,184
GCATTCTGGTCGGACATCAG_010,159
GCATTCTGGTCGGACATCAG_011,6
GCATTCTGGTCGGACATCAG_012,178
GCATTCTGGTCGGACATCAG_013,44
GCATTCTGGTCGGACATCAG_014,44
GCATTCTGGTCGGACATCAG_015,196
GCATTCTGGTCGGACATCAG_016,88
GCATTCTGGTCGGACATCAG_017,174
GCATTCTGGTCGGACATCAG_018,146
GCATTCTGGTCGGACATCAG_019,125
GCATTCTGGTCGGACATCAG_020,85
GCATTCTGGTCGGACATCAG_021,115
GCATTCTGGTCGGACATCAG_022,102
GCATTCTGGTCGGACATCAG_023,6
GCATTCTGGTCGGACATCAG_024,29
GCATTCTGGTCGGACATCAG_025,151
GCATTCTGGTCGGACATCAG_026,169
GCATTCTGGTCGGACATCAG_027,107
GCATTCTGGTCGGACATCAG_028,36
GCATTCTGGTCGGACATCAG_029,140
GCATTCTGGTCGGACATCAG_030,2
GCATTCTGGTCGGACATCAG_031,66
GCATTCTGGTCGGACATCAG_032,151
GCATTCTGGTCGGACATCAG_033,116
GCATTCTGGTCGGACATCAG_034,26
GCATTCTGGTCGGACATCAG_035,124
CCAGCCTCAAACCACAACGG_001,72
CCAGCCTCAAACCACAACGG_002,193
CCAGCCTCAAACCACAACGG_003,27
CCAGCCTCAAACCACAACGG_004,37
CCAGCCTCAAACCACAACGG_005,77
CCAGCCTCAAACCACAACGG_006,84
CCAGCCTCAAACCACAACGG_007,23
GAGAACATCTCTCAACCACG_001,144
GAGAACATCTCTCAACCACG_002,30
GAGAACATCTCTCAACCACG_003,134
GAGAACATCTCTCAACCACG_004,127
GAGAACATCTCTCAACCACG_005,138
TATGACCAATGTAAAAAACG_001,62
GAGATGGACTTGGCAGTCGA_001,144
GAGATGGACTTGGCAGTCGA_002,44
GAGATGGACTTGGCAGTCGA_003,102
GAGATGGACTTGGCAGTCGA_004,172
GAGATGGACTTGGCAGTCGA_005,73
GAGATGGACTTGGCAGTCGA_006,57
GAGATGGACTTGGCAGTCGA_007,170
GAGATGGACTTGGCAGTCGA_008,105
GAGATGGACTTGGCAGTCGA_009,190
GAGATGGACTTGGCAGTCGA_010,88
GAGATGGACTTGGCAGTCGA_011,136
GAGATGGACTTGGCAGTCGA_012,197
GAGATGGACTTGGCAGTCGA_013,85
GAGATGGACTTGGCAGTCGA_014,162
GAGATGGACTTGGCAGTCGA_015,110
GAGATGGACTTGGCAGTCGA_016,162
GAGATGGACTTGGCAGTCGA_017,116
GAGATGGACTTGGCAGTCGA_018,83
GAGATGGACTTGGCAGTCGA_019,62
GAGATGGACTTGGCAGTCGA_020,149
GAGATGGACTTGGCAGTCGA_021,41
GAGATGGACTTGGCAGTCGA_022,9
GAGATGGACTTGGCAGTCGA_023,35
GAGATGGACTTGGCAGTCGA_024,141
GAGATGGACTTGGCAGTCGA_025,0
GAGATGGACTTGGCAGTCGA_026,144
GAGATGGACTTGGCAGTCGA_027,63
GAGATGGACTTGGCAGTCGA_028,165
GAGATGGACTTGGCAGTCGA_029,9
GAGATGGACTTGGCAGTCGA_030,167
GAGATGGACTTGGCAGTCGA_031,167
TGTGCGCAGTAACCCCAACA_001,56
GGTGCACGCCATGAGCAACT_001,179
GGTGCACGCCATGAGCAACT_002,93
GGTGCACGCCATGAGCAACT_003,128
GGTGCACGCCATGAGCAACT_004,197
GGTGCACGCCATGAGCAACT_005,48
GGTGCACGCCATGAGCAACT_006,80
GGTGCACGCCATGAGCAACT_007,177
GGTGCACGCCATGAGCAACT_008,121
GGTGCACGCCATGAGCAACT_009,68
GGTGCACGCCATGAGCAACT_010,56
GGTGCACGCCATGAGCAACT_011,69
GCGCTCTAACTTGCGCACTG_001,132
GCGCTCTAACTTGCGCACTG_002,94
GCGCTCTAACTTGCGCACTG_003,29
GCGCTCTAACTTGCGCACTG_004,55
GCGCTCTAACTTGCGCACTG_005,11
GCGCTCTAACTTGCGCACTG_006,65
GCGCTCTAACTTGCGCACTG_007,159
GCGCTCTAACTTGCGCACTG_008,101
GCGCTCTAACTTGCGCACTG_009,149
GCGCTCTAACTTGCGCACTG_010,19
GCGCTCTAACTTGCGCACTG_011,105
GCGCTCTAACTTGCGCACTG_012,130
GCTGCTAATCTTATGAACAG_001,54
GCTGCTAATCTTATGAACAG_002,118
GCTGCTAATCTTATGAACAG_003,38
GCTGCTAATCTTATGAACAG_004,169
GCTGCTAATCTTATGAACAG_005,2
GCTGCTAATCTTATGAACAG_006,12
GCTGCTAATCTTATGAACAG_007,191
GCTGCTAATCTTATGAACAG_008,147
GCTGCTAATCTTATGAACAG_009,160
GCTGCTAATCTTATGAACAG_010,5
TACTGTGCCAACTTTATGTG_001,137
TACTGTGCCAACTTTATGTG_002,188
TACTGTGCCAACTTTATGTG_003,115
TACTGTGCCAACTTTATGTG_004,56
TACTGTGCCAACTTTATGTG_005,84
TACTGTGCCAACTTTATGTG_006,130
TACTGTGCCAACTTTATGTG_007,15
TACTGTGCCAACTTTATGTG_008,127
TACTGTGCCAACTTTATGTG_009,34
TACTGTGCCAACTTTATGTG_010,183
TACTGTGCCAACTTTATGTG_011,17
TACTGTGCCAACTTTATGTG_012,17
TACTGTGCCAACTTTATGTG_013,149
TACTGTGCCAACTTTATGTG_014,175
TACTGTGCCAACTTTATGTG_015,70
TACTGTGCCAACTTTATGTG_016,170
TACTGTGCCAACTTTATGTG_017,184
TACTGTGCCAACTTTATGTG_018,81
TACTGTGCCAACTTTATGTG_019,57
TACTGTGCCAACTTTATGTG_020,188
TACTGTGCCAACTTTATGTG_021,52
TACTGTGCCAACTTTATGTG_022,13
TACTGTGCCAACTTTATGTG_023,13
ACAACTCAAGCGTGAATGAG_001,177
ACAACTCAAGCGTGAATGAG_002,154
ACAACTCAAGCGTGAATGAG_003,146
ACAACTCAAGCGTGAATGAG_004,115
ACAACTCAAGCGTGAATGAG_005,1
ACAACTCAAGCGTGAATGAG_006,15
ACAACTCAAGCGTGAATGAG_007,198
ACAACTCAAGCGTGAATGAG_008,82
ACAACTCAAGCGTGAATGAG_009,84
ACAACTCAAGCGTGAATGAG_010,68
ACAACTCAAGCGTGAATGAG_011,185
ACAACTCAAGCGTGAATGAG_012,82
ACAACTCAAGCGTGAATGAG_013,145
ACAACTCAAGCGTGAATGAG_014,9
ACAACTCAAGCGTGAATGAG_015,155
ACAACTCAAGCGTGAATGAG_016,9
ACAACTCAAGCGTGAATGAG_017,155
ACAACTCAAGCGTGAATGAG_018,26
ACAACTCAAGCGTGAATGAG_019,140
ACAACTCAAGCGTGAATGAG_020,33
ACAACTCAAGCGTGAATGAG_021,104
ACAACTCAAGCGTGAATGAG_022,65
GAGCATTACAACAGCCATCG_001,50
GAGCATTACAACAGCCATCG_002,153
GAGCATTACAACAGCCATCG_003,63
GAGCATTACAACAGCCATCG_004,43
GAGCATTACAACAGCCATCG_005,107
GAGCATTACAACAGCCATCG_006,177
GAGCATTACAACAGCCATCG_007,190
GAGCATTACAACAGCCATCG_008,191
GAGCATTACAACAGCCATCG_009,10
GAAATGGCAACTCAGCACAT_001,150
GAAATGGCAACTCAGCACAT_002,12
GAAATGGCAACTCAGCACAT_003,113
GAAATGGCAACTCAGCACAT_004,119
GAAATGGCAACTCAGCACAT_005,65
GAAATGGCAACTCAGCACAT_006,145
GAAATGGCAACTCAGCACAT_007,186
GAAATGGCAACTCAGCACAT_008,104
GAAATGGCAACTCAGCACAT_009,3
GAAATGGCAACTCAGCACAT_010,94
GAAATGGCAACTCAGCACAT_011,40
GAAATGGCAACTCAGCACAT_012,167
GAAATGGCAACTCAGCACAT_013,127
GAAATGGCAACTCAGCACAT_014,126
GAAATGGCAACTCAGCACAT_015,40
TTCATTAGGATGCATGCAAG_001,105
TTCATTAGGATGCATGCAAG_002,188
TTCATTAGGATGCATGCAAG_003,5
TTCATTAGGATGCATGCAAG_004,104
TTCATTAGGATGCATGCAAG_005,84
TTCATTAGGATGCATGCAAG_006,81
TTCATTAGGATGCATGCAAG_007,41
TTCATTAGGATGCATGCAAG_008,145
TTCATTAGGATGCATGCAAG_009,9
TTCATTAGGATGCATGCAAG_010,56
TTCATTAGGATGCATGCAAG_011,173
TTCATTAGGATGCATGCAAG_012,88
TTCATTAGGATGCATGCAAG_013,177
TTCATTAGGATGCATGCAAG_014,197
TTCATTAGGATGCATGCAAG_015,65
TTCATTAGGATGCATGCAAG_016,120
TTCATTAGGATGCATGCAAG_017,161
TTCATTAGGATGCATGCAAG_018,170
TTCATTAGGATGCATGCAAG_019,90
TTCATTAGGATGCATGCAAG_020,188
TTCATTAGGATGCATGCAAG_021,81
CAGCGGGTACCTCACCCCGT_001,10
CAGCGGGTACCTCACCCCGT_002,57
CAGCGGGTACCTCACCCCGT_003,4
CAGCGGGTACCTCACCCCGT_004,52
CAGCGGGTACCTCACCCCGT_005,100
CAGCGGGTACCTCACCCCGT_006,94
CATGTGTACATCGGAACAGG_001,81
CATGTGTACATCGGAACAGG_002,29
CATGTGTACATCGGAACAGG_003,16
CATGTGTACATCGGAACAGG_004,78
CATGTGTACATCGGAACAGG_005,0
CATGTGTACATCGGAACAGG_006,26
CATGTGTACATCGGAACAGG_007,26
CATGTGTACATCGGAACAGG_008,35
CATGTGTACATCGGAACAGG_009,40
CATGTGTACATCGGAACAGG_010,169
CATGTGTACATCGGAACAGG_011,129
CTCTGGGTTACTGTTACTTG_001,169
CTCTGGGTTACTGTTACTTG_002,22
CTCTGGGTTACTGTTACTTG_003,156
CTCTGGGTTACTGTTACTTG_004,15
CTCTGGGTTACTGTTACTTG_005,10
CTCTGGGTTACTGTTACTTG_006,39
CTCTGGGTTACTGTTACTTG_007,169
CCTGGTAGGAATTACAACAG_001,191
CCTGGTAGGAATTACAACAG_002,17
CCTGGTAGGAATTACAACAG_003,33
CCTGGTAGGAATTACAACAG_004,116
CCTGGTAGGAATTACAACAG_005,39
CCTGGTAGGAATTACAACAG_006,15
CCTGGTAGGAATTACAACAG_007,29
CCTGGTAGGAATTACAACAG_008,189
CCTGGTAGGAATTACAACAG_009,106
GTTGGTGACAGATTTGAACA_001,104
GTTGGTGACAGATTTGAACA_002,26
GTTGGTGACAGATTTGAACA_003,42
GTTGGTGACAGATTTGAACA_004,88
GTTGGTGACAGATTTGAACA_005,44
GTTGGTGACAGATTTGAACA_006,108
AGATACCGTGTACTACAAGT_001,117
AAAGAACAAAGGAAGAGCCT_001,18
AAAGAACAAAGGAAGAGCCT_002,42
AAAGAACAAAGGAAGAGCCT_003,48
CACGCTCTTCACGTAGCCGG_001,17
CACGCTCTTCACGTAGCCGG_002,163
CACGCTCTTCACGTAGCCGG_003,160
CACGCTCTTCACGTAGCCGG_004,122
CACGCTCTTCACGTAGCCGG_005,193
CACGCTCTTCACGTAGCCGG_006,28
CACGCTCTTCACGTAGCCGG_007,127
CACGCTCTTCACGTAGCCGG_008,33
CACGCTCTTCACGTAGCCGG_009,6
CACGCTCTTCACGTAGCCGG_010,144
CACGCTCTTCACGTAGCCGG_011,49
CACGCTCTTCACGTAGCCGG_012,166
CACGCTCTTCACGTAGCCGG_013,103
CACGCTCTTCACGTAGCCGG_014,132
CACGCTCTTCACGTAGCCGG_015,92
CACGCTCTTCACGTAGCCGG_016,188
CACGCTCTTCACGTAGCCGG_017,156
CATGACGGTGTCGAACACGT_001,55
CATGACGGTGTCGAACACGT_002,51
CATGACGGTGTCGAACACGT_003,62
CAAGAGGTGCTGTTTCATGG_001,69
CAAGAGGTGCTGTTTCATGG_002,52
CAAGAGGTGCTGTTTCATGG_003,161
CAAGAGGTGCTGTTTCATGG_004,5
CAAGAGGTGCTGTTTCATGG_005,3
CAAGAGGTGCTGTTTCATGG_006,47
TCCTGGTCTTGCTCACAGAG_001,58
TCCTGGTCTTGCTCACAGAG_002,63
TCCTGGTCTTGCTCACAGAG_003,177
TCCTGGTCTTGCTCACAGAG_004,161
TCCTGGTCTTGCTCACAGAG_005,161
TCCTGGTCTTGCTCACAGAG_006,61
TCCTGGTCTTGCTCACAGAG_007,198
TCCTGGTCTTGCTCACAGAG_008,147
TCCTGGTCTTGCTCACAGAG_009,169
TCCTGGTCTTGCTCACAGAG_010,78
TCCTGGTCTTGCTCACAGAG_011,5
TCCTGGTCTTGCTCACAGAG_012,150
TCCTGGTCTTGCTCACAGAG_013,14
TCCTGGTCTTGCTCACAGAG_014,160
TCCTGGTCTTGCTCACAGAG_015,18
TCCTGGTCTTGCTCACAGAG_016,59
GTCCATCCCAAGTACCACCA_001,105
GTCCATCCCAAGTACCACCA_002,6
GTCCATCCCAAGTACCACCA_003,191
GTCCATCCCAAGTACCACCA_004,166
GTCCATCCCAAGTACCACCA_005,193
GTCCATCCCAAGTACCACCA_006,97
GTCCATCCCAAGTACCACCA_007,147
GTCCATCCCAAGTACCACCA_008,13
GTCCATCCCAAGTACCACCA_009,93
GTCCATCCCAAGTACCACCA_010,15
GTCCATCCCAAGTACCACCA_011,92
GTCCATCCCAAGTACCACCA_012,168
GTCCATCCCAAGTACCACCA_013,27
GTCCATCCCAAGTACCACCA_014,10
GTCCATCCCAAGTACCACCA_015,62
GTCCATCCCAAGTACCACCA_016,126
GTCCATCCCAAGTACCACCA_017,70
TGGTACTCATTCGTGGACAA_001,117
TGGTACTCATTCGTGGACAA_002,129
TGGTACTCATTCGTGGACAA_003,62
TGGTACTCATTCGTGGACAA_004,29
TGGTACTCATTCGTGGACAA_005,76
TGGTACTCATTCGTGGACAA_006,126
TGGTACTCATTCGTGGACAA_007,3
GCAGAGGACCGTCCAAGGAT_001,76
GCAGAGGACCGTCCAAGGAT_002,53
GCAGAGGACCGTCCAAGGAT_003,67
GCAGAGGACCGTCCAAGGAT_004,198
GCAGAGGACCGTCCAAGGAT_005,54
GCAGAGGACCGTCCAAGGAT_006,54
GCAGAGGACCGTCCAAGGAT_007,188
GCAGAGGACCGTCCAAGGAT_008,113
GCAGAGGACCGTCCAAGGAT_009,182
GCAGAGGACCGTCCAAGGAT_010,61
GCAGAGGACCGTCCAAGGAT_011,48
GCAGAGGACCGTCCAAGGAT_012,111
GCAGAGGACCGTCCAAGGAT_013,138
GCAGAGGACCGTCCAAGGAT_014,69
GCAGAGGACCGTCCAAGGAT_015,119
GCAGAGGACCGTCCAAGGAT_016,169
GCAGAGGACCGTCCAAGGAT_017,47
GCAGAGGACCGTCCAAGGAT_018,111
GCAGAGGACCGTCCAAGGAT_019,190
GCAGAGGACCGTCCAAGGAT_020,66
GCAGAGGACCGTCCAAGGAT_021,168
GCAGAGGACCGTCCAAGGAT_022,149
GCAGAGGACCGTCCAAGGAT_023,48
GCAGAGGACCGTCCAAGGAT_024,23
GCAGAGGACCGTCCAAGGAT_025,23
GCAGAGGACCGTCCAAGGAT_026,41
GCAGAGGACCGTCCAAGGAT_027,164
GCAGAGGACCGTCCAAGGAT_028,164
GCAGAGGACCGTCCAAGGAT_029,182
GCAGAGGACCGTCCAAGGAT_030,121
GCAGAGGACCGTCCAAGGAT_031,33
GCAGAGGACCGTCCAAGGAT_032,165
GCAGAGGACCGTCCAAGGAT_033,57
GCGATCCGCCCCCATCGGCG_001,56
GCGATCCGCCCCCATCGGCG_002,147
GCGATCCGCCCCCATCGGCG_003,106
GCGATCCGCCCCCATCGGCG_004,77
GCGATCCGCCCCCATCGGCG_005,99
GCGATCCGCCCCCATCGGCG_006,80
GCGATCCGCCCCCATCGGCG_007,87
GCGATCCGCCCCCATCGGCG_008,102
GCGATCCGCCCCCATCGGCG_009,26
GCGATCCGCCCCCATCGGCG_010,12
GCGATCCGCCCCCATCGGCG_011,167
GCGATCCGCCCCCATCGGCG_012,185
GCGATCCGCCCCCATCGGCG_013,148
GCGATCCGCCCCCATCGGCG_014,1
GCGATCCGCCCCCATCGGCG_015,121
GCGATCCGCCCCCATCGGCG_016,30
GCGATCCGCCCCCATCGGCG_017,169
GCGATCCGCCCCCATCGGCG_018,140
GCGATCCGCCCCCATCGGCG_019,107
GCGATCCGCCCCCATCGGCG_020,1
GCGATCCGCCCCCATCGGCG_021,136
GCGATCCGCCCCCATCGGCG_022,124
GCGATCCGCCCCCATCGGCG_023,89
GCGATCCGCCCCCATCGGCG_024,17
GCGATCCGCCCCCATCGGCG_025,18
GCGATCCGCCCCCATCGGCG_026,158
GTGAGCATGGGTAACATCCA_001,131
GTGAGCATGGGTAACATCCA_002,88
GTGAGCATGGGTAACATCCA_003,112
GTGAGCATGGGTAACATCCA_004,182
GTGAGCATGGGTAACATCCA_005,159
GTGAGCATGGGTAACATCCA_006,169
GTGAGCATGGGTAACATCCA_007,198
GTGAGCATGGGTAACATCCA_008,150
GTGAGCATGGGTAACATCCA_009,97
GTGAGCATGGGTAACATCCA_010,170
GTGAGCATGGGTAACATCCA_011,27
GTGAGCATGGGTAACATCCA_012,6
GTGAGCATGGGTAACATCCA_013,80
GTGAGCATGGGTAACATCCA_014,191
GTGAGCATGGGTAACATCCA_015,152
GTGAGCATGGGTAACATCCA_016,138
GTGAGCATGGGTAACATCCA_017,88
TTGGCAGCGGAAAGCTCACA_001,197
TTGGCAGCGGAAAGCTCACA_002,27
TTGGCAGCGGAAAGCTCACA_003,117
TTGGCAGCGGAAAGCTCACA_004,188
TTGGCAGCGGAAAGCTCACA_005,110
TTGGCAGCGGAAAGCTCACA_006,62
TTGGCAGCGGAAAGCTCACA_007,185
TTGGCAGCGGAAAGCTCACA_008,156
TTGGCAGCGGAAAGCTCACA_009,87
TTGGCAGCGGAAAGCTCACA_010,113
TTGGCAGCGGAAAGCTCACA_011,155
TTGGCAGCGGAAAGCTCACA_012,98
TTGGCAGCGGAAAGCTCACA_013,132
TTGGCAGCGGAAAGCTCACA_014,197
TTGGCAGCGGAAAGCTCACA_015,124
TTGGCAGCGGAAAGCTCACA_016,56
TTGGCAGCGGAAAGCTCACA_017,50
TTGGCAGCGGAAAGCTCACA_018,196
TTGGCAGCGGAAAGCTCACA_019,124
TTGGCAGCGGAAAGCTCACA_020,15
TACAAGAACTCAAGACCATG_001,88
TACAAGAACTCAAGACCATG_002,94
TACAAGAACTCAAGACCATG_003,167
TACAAGAACTCAAGACCATG_004,170
ACAGGGTCCCCAACTACCGG_001,52
ACAGGGTCCCCAACTACCGG_002,85
ACAGGGTCCCCAACTACCGG_003,115
ACAGGGTCCCCAACTACCGG_004,91
ACAGGGTCCCCAACTACCGG_005,118
ACAGGGTCCCCAACTACCGG_006,134
ACAGGGTCCCCAACTACCGG_007,161
ACAGGGTCCCCAACTACCGG_008,125
ACAGGGTCCCCAACTACCGG_009,46
ACAGGGTCCCCAACTACCGG_010,56
ACAGGGTCCCCAACTACCGG_011,184
ACAGGGTCCCCAACTACCGG_012,145
ACAGGGTCCCCAACTACCGG_013,150
ACAGGGTCCCCAACTACCGG_014,168
ACAGGGTCCCCAACTACCGG_015,49
ACAGGGTCCCCAACTACCGG_016,126
ACAGGGTCCCCAACTACCGG_017,26
ACAGGGTCCCCAACTACCGG_018,14
ACAGGGTCCCCAACTACCGG_019,81
ACAGGGTCCCCAACTACCGG_020,43
ACAGGGTCCCCAACTACCGG_021,113
ACAGGGTCCCCAACTACCGG_022,186
ACAGGGTCCCCAACTACCGG_023,141
ACAGGGTCCCCAACTACCGG_024,168
ACAGGGTCCCCAACTACCGG_025,153
ACAGGGTCCCCAACTACCGG_026,153
ACAGGGTCCCCAACTACCGG_027,136
ACAGGGTCCCCAACTACCGG_028,39
ACAGGGTCCCCAACTACCGG_029,25
CAGCCCCTCACGCTCCAATG_001,137
CAGCCCCTCACGCTCCAATG_002,82
CAGCCCCTCACGCTCCAATG_003,149
CAGCCCCTCACGCTCCAATG_004,144
CAGCCCCTCACGCTCCAATG_005,181
CAGCCCCTCACGCTCCAATG_006,115
CAGCCCCTCACGCTCCAATG_007,154
CAGCCCCTCACGCTCCAATG_008,14
CAGCCCCTCACGCTCCAATG_009,2
CAGCCCCTCACGCTCCAATG_010,32
CAGCCCCTCACGCTCCAATG_011,35
CAGCCCCTCACGCTCCAATG_012,55
CAGCCCCTCACGCTCCAATG_013,102
CAGCCCCTCACGCTCCAATG_014,43
CAGCCCCTCACGCTCCAATG_015,157
CAGCCCCTCACGCTCCAATG_016,185
CAGCCCCTCACGCTCCAATG_017,61
CAGCCCCTCACGCTCCAATG_018,80
CAGCCCCTCACGCTCCAATG_019,6
CAGCCCCTCACGCTCCAATG_020,40
CAGCCCCTCACGCTCCAATG_021,174
CAGCCCCTCACGCTCCAATG_022,36
CAGCCCCTCACGCTCCAATG_023,62
CAGCCCCTCACGCTCCAATG_024,69
CAGCCCCTCACGCTCCAATG_025,83
CAGCCCCTCACGCTCCAATG_026,147
CAGCCCCTCACGCTCCAATG_027,102
CAGCCCCTCACGCTCCAATG_028,154
CAGCCCCTCACGCTCCAATG_029,83
CAGCCCCTCACGCTCCAATG_030,193
CAGCCCCTCACGCTCCAATG_031,174
CAGCCCCTCACGCTCCAATG_032,39
CAGCCCCTCACGCTCCAATG_033,130
CAGCCCCTCACGCTCCAATG_034,165
CAGCCCCTCACGCTCCAATG_035,6
CAGCCCCTCACGCTCCAATG_036,183
ACGGTGAGGTCCGTGCGCCG_001,18
ACGGTGAGGTCCGTGCGCCG_002,66
ACGGTGAGGTCCGTGCGCCG_003,16
ACGGTGAGGTCCGTGCGCCG_004,48
ACGGTGAGGTCCGTGCGCCG_005,90
ACGGTGAGGTCCGTGCGCCG_006,152
ACGGTGAGGTCCGTGCGCCG_007,163
ACGGTGAGGTCCGTGCGCCG_008,9
ACGGTGAGGTCCGTGCGCCG_009,112
ACGGTGAGGTCCGTGCGCCG_010,26
ACGGTGAGGTCCGTGCGCCG_011,131
ACGGTGAGGTCCGTGCGCCG_012,186
ACGGTGAGGTCCGTGCGCCG_013,14
CTGCAGACTCACAGCCGTAG_001,167
CTGCAGACTCACAGCCGTAG_002,0
CTGCAGACTCACAGCCGTAG_003,104
CTGCAGACTCACAGCCGTAG_004,152
AGTTATATCACTCAGTCTAG_001,22
AGTTATATCACTCAGTCTAG_002,159
AAGGCAATGACCGCTAAAGG_001,116
AAGGCAATGACCGCTAAAGG_002,187
AAGGCAATGACCGCTAAAGG_003,149
AAGGCAATGACCGCTAAAGG_004,94
AAGGCAATGACCGCTAAAGG_005,182
ACTCCTTTATAGGCCAAGAG_001,37
ACTCCTTTATAGGCCAAGAG_002,57
ACTCCTTTATAGGCCAAGAG_003,141
ACTCCTTTATAGGCCAAGAG_004,53
CCTGGTCCAATGTCAAGTAG_001,157
CCTGGTCCAATGTCAAGTAG_002,74
CCTGGTCCAATGTCAAGTAG_003,163
CCTGGTCCAATGTCAAGTAG_004,128
CCTGGTCCAATGTCAAGTAG_005,94
CCTGGTCCAATGTCAAGTAG_006,21
CCTGGTCCAATGTCAAGTAG_007,6
CCTGGTCCAATGTCAAGTAG_008,6
TCTGCCAAGCAAATCCACAT_001,197
TCTGCCAAGCAAATCCACAT_002,149
TCTGCCAAGCAAATCCACAT_003,117
TCTGCCAAGCAAATCCACAT_004,12
TCTGCCAAGCAAATCCACAT_005,170
TCTGCCAAGCAAATCCACAT_006,148
TCTGCCAAGCAAATCCACAT_007,116
TCTGCCAAGCAAATCCACAT_008,194
TCTGCCAAGCAAATCCACAT_009,10
TCTGCCAAGCAAATCCACAT_010,48
TCTGCCAAGCAAATCCACAT_011,19
TCTGCCAAGCAAATCCACAT_012,13
TCTGCCAAGCAAATCCACAT_013,71
GACGACGATCCTCCGCTGAG_001,3
GACGACGATCCTCCGCTGAG_002,82
GACGACGATCCTCCGCTGAG_003,150
GACGACGATCCTCCGCTGAG_004,62
GACGACGATCCTCCGCTGAG_005,195
GACGACGATCCTCCGCTGAG_006,2
GACGACGATCCTCCGCTGAG_007,14
GACGACGATCCTCCGCTGAG_008,82
GACGACGATCCTCCGCTGAG_009,41
GACGACGATCCTCCGCTGAG_010,169
GACGACGATCCTCCGCTGAG_011,36
GACGACGATCCTCCGCTGAG_012,28
CAGCACCCGCTTCTCAACCA_001,184
CAGCACCCGCTTCTCAACCA_002,197
CAGCACCCGCTTCTCAACCA_003,103
CAGCACCCGCTTCTCAACCA_004,85
CAGCACCCGCTTCTCAACCA_005,32
CAGCACCCGCTTCTCAACCA_006,107
CAGCACCCGCTTCTCAACCA_007,176
CAGCACCCGCTTCTCAACCA_008,18
CAGCACCCGCTTCTCAACCA_009,118
CAGCACCCGCTTCTCAACCA_010,169
CAGCACCCGCTTCTCAACCA_011,137
CAGCACCCGCTTCTCAACCA_012,150
CAGCACCCGCTTCTCAACCA_013,175
CAGCACCCGCTTCTCAACCA_014,9
CAGCACCCGCTTCTCAACCA_015,80
CAGCACCCGCTTCTCAACCA_016,53
TCAGCACAGCATCCGAATCA_001,70
TCAGCACAGCATCCGAATCA_002,149
TCAGCACAGCATCCGAATCA_003,88
TCAGCACAGCATCCGAATCA_004,182
TCAGCACAGCATCCGAATCA_005,33
TCAGCACAGCATCCGAATCA_006,2
TCAGCACAGCATCCGAATCA_007,199
TCAGCACAGCATCCGAATCA_008,62
TCAGCACAGCATCCGAATCA_009,27
TCAGCACAGCATCCGAATCA_010,152
TCAGCACAGCATCCGAATCA_011,152
TCAGCACAGCATCCGAATCA_012,162
TCATGATGAACTAATTTCCA_001,48
TCATGATGAACTAATTTCCA_002,47
TCATGATGAACTAATTTCCA_003,121
TCATGATGAACTAATTTCCA_004,49
TCATGATGAACTAATTTCCA_005,61
TCATGATGAACTAATTTCCA_006,80
TCATGATGAACTAATTTCCA_007,56
TCATGATGAACTAATTTCCA_008,129
GCCCGCTTTGGAGAACAACA_001,68
GCCCGCTTTGGAGAACAACA_002,77
GCCCGCTTTGGAGAACAACA_003,115
GCCCGCTTTGGAGAACAACA_004,126
GCCCGCTTTGGAGAACAACA_005,127
GCCCGCTTTGGAGAACAACA_006,150
GCCCGCTTTGGAGAACAACA_007,26
GCCCGCTTTGGAGAACAACA_008,2
GCCCGCTTTGGAGAACAACA_009,40
GCCCGCTTTGGAGAACAACA_010,23
GCCCGCTTTGGAGAACAACA_011,135
GCCCGCTTTGGAGAACAACA_012,60
GCCCGCTTTGGAGAACAACA_013,60
GCCCGCTTTGGAGAACAACA_014,68
GCCCGCTTTGGAGAACAACA_015,104
GCCCGCTTTGGAGAACAACA_016,0
GCCCGCTTTGGAGAACAACA_017,11
GCCCGCTTTGGAGAACAACA_018,48
GCCCGCTTTGGAGAACAACA_019,177
GCCCGCTTTGGAGAACAACA_020,104
GCCCGCTTTGGAGAACAACA_021,31
GCCCGCTTTGGAGAACAACA_022,88
GCCCGCTTTGGAGAACAACA_023,152
GCCCGCTTTGGAGAACAACA_024,96
GCCCGCTTTGGAGAACAACA_025,115
GCCCGCTTTGGAGAACAACA_026,88
GCCCGCTTTGGAGAACAACA_027,37
GCCCGCTTTGGAGAACAACA_028,116
GCCCGCTTTGGAGAACAACA_029,48
TCACCTTGGTCACACCACGC_001,44
TCACCTTGGTCACACCACGC_002,46
TCACCTTGGTCACACCACGC_003,33
TCACCTTGGTCACACCACGC_004,1
TCACCTTGGTCACACCACGC_005,115
TTCCATCAATTCGAGCCGAG_001,141
TTCCATCAATTCGAGCCGAG_002,92
TTCCATCAATTCGAGCCGAG_003,14
TTCCATCAATTCGAGCCGAG_004,154
TTCCATCAATTCGAGCCGAG_005,175
TTCCATCAATTCGAGCCGAG_006,57
TTCCATCAATTCGAGCCGAG_007,198
TTCCATCAATTCGAGCCGAG_008,66
TTCCATCAATTCGAGCCGAG_009,117
TTCCATCAATTCGAGCCGAG_010,27
TTCCATCAATTCGAGCCGAG_011,145
TTCCATCAATTCGAGCCGAG_012,6
TTCCATCAATTCGAGCCGAG_013,6
GTCAAATTGATATCATCTGA_001,147
TGTAGAATGAAAGAACACAT_001,153
TGTAGAATGAAAGAACACAT_002,49
TGTAGAATGAAAGAACACAT_003,199
TGTAGAATGAAAGAACACAT_004,77
TGTAGAATGAAAGAACACAT_005,35
TGTAGAATGAAAGAACACAT_006,27
CAGAGAACACCAAGCACAGT_001,104
CAGAGAACACCAAGCACAGT_002,82
CAGAGAACACCAAGCACAGT_003,105
CAGAGAACACCAAGCACAGT_004,5
CAGAGAACACCAAGCACAGT_005,41
CAGAGAACACCAAGCACAGT_006,141
CAGAGAACACCAAGCACAGT_007,99
CAGAGAACACCAAGCACAGT_008,137
CAGAGAACACCAAGCACAGT_009,31
CAGAGAACACCAAGCACAGT_010,116
CAGAGAACACCAAGCACAGT_011,184
CAGAGAACACCAAGCACAGT_012,12
CAGAGAACACCAAGCACAGT_013,43
CAGAGAACACCAAGCACAGT_014,198
CAGAGAACACCAAGCACAGT_015,8
CAGAGAACACCAAGCACAGT_016,39
CAGAGAACACCAAGCACAGT_017,156
CAGAGAACACCAAGCACAGT_018,14
CAGAGAACACCAAGCACAGT_019,190
CAGAGAACACCAAGCACAGT_020,168
CAGAGAACACCAAGCACAGT_021,162
CATTCCAGATGAATTACACC_001,18
AGGAGACTATAGTTGTCACG_001,179
GTGCACGCCTCCACAATACA_001,193
GTGCACGCCTCCACAATACA_002,124
GTGCACGCCTCCACAATACA_003,81
GTGCACGCCTCCACAATACA_004,134
GTGCACGCCTCCACAATACA_005,50
GTGCACGCCTCCACAATACA_006,105
GTGCACGCCTCCACAATACA_007,30
GTGCACGCCTCCACAATACA_008,116
TGCTGGTGGCCCTATCCCGG_001,170
TGCTGGTGGCCCTATCCCGG_002,37
TGCTGGTGGCCCTATCCCGG_003,73
TGCTGGTGGCCCTATCCCGG_004,103
TGCTGGTGGCCCTATCCCGG_005,105
TGCTGGTGGCCCTATCCCGG_006,70
TGCTGGTGGCCCTATCCCGG_007,35
TGCTGGTGGCCCTATCCCGG_008,16
GCTCATGACATTCTTCTGTA_001,50
GCTCATGACATTCTTCTGTA_002,66
GCTCATGACATTCTTCTGTA_003,52
GCTCATGACATTCTTCTGTA_004,9
GAAACATCAAGGACCAGCCG_001,17
GAAACATCAAGGACCAGCCG_002,107
GAAACATCAAGGACCAGCCG_003,32
GAAACATCAAGGACCAGCCG_004,29
GAAACATCAAGGACCAGCCG_005,9
GAAACATCAAGGACCAGCCG_006,134
GAAACATCAAGGACCAGCCG_007,127
GAAACATCAAGGACCAGCCG_008,176
GAAACATCAAGGACCAGCCG_009,199
GAAACATCAAGGACCAGCCG_010,75
GAAACATCAAGGACCAGCCG_011,39
GAAACATCAAGGACCAGCCG_012,28
GAAACATCAAGGACCAGCCG_013,169
GAAACATCAAGGACCAGCCG_014,176
GAAACATCAAGGACCAGCCG_015,176
GAAACATCAAGGACCAGCCG_016,48
GAAACATCAAGGACCAGCCG_017,80
GAAACATCAAGGACCAGCCG_018,6
CCAAACTATTGGCTTCGCTG_001,149
CCAAACTATTGGCTTCGCTG_002,144
CCAAACTATTGGCTTCGCTG_003,77
CCAAACTATTGGCTTCGCTG_004,190
CCAAACTATTGGCTTCGCTG_005,182
CCAAACTATTGGCTTCGCTG_006,21
AAAAGCAGCCTATGACCGGG_001,65
AAAAGCAGCCTATGACCGGG_002,149
AAAAGCAGCCTATGACCGGG_003,74
AAAAGCAGCCTATGACCGGG_004,24
AAAAGCAGCCTATGACCGGG_005,170
AAAAGCAGCCTATGACCGGG_006,80
AAAAGCAGCCTATGACCGGG_007,0
AAAAGCAGCCTATGACCGGG_008,62
AAAAGCAGCCTATGACCGGG_009,190
AGAGTTGATGGAGATATACG_001,33
AGAGTTGATGGAGATATACG_002,22
AGAGTTGATGGAGATATACG_003,30
GCCAGGGTTCTTGGTCCCGA_001,75
GCCAGGGTTCTTGGTCCCGA_002,76
GCCAGGGTTCTTGGTCCCGA_003,102
GCCAGGGTTCTTGGTCCCGA_004,72
GCCAGGGTTCTTGGTCCCGA_005,137
GCCAGGGTTCTTGGTCCCGA_006,43
GCCAGGGTTCTTGGTCCCGA_007,68
GCCAGGGTTCTTGGTCCCGA_008,192
GCCAGGGTTCTTGGTCCCGA_009,2
GCCAGGGTTCTTGGTCCCGA_010,158
GCCAGGGTTCTTGGTCCCGA_011,177
GCCAGGGTTCTTGGTCCCGA_012,107
GCCAGGGTTCTTGGTCCCGA_013,76
GCCAGGGTTCTTGGTCCCGA_014,144
GCCAGGGTTCTTGGTCCCGA_015,199
GCCAGGGTTCTTGGTCCCGA_016,149
GCCAGGGTTCTTGGTCCCGA_017,29
GCCAGGGTTCTTGGTCCCGA_018,15
GCCAGGGTTCTTGGTCCCGA_019,68
GCCAGGGTTCTTGGTCCCGA_020,35
GCCAGGGTTCTTGGTCCCGA_021,127
GCCAGGGTTCTTGGTCCCGA_022,147
GCCAGGGTTCTTGGTCCCGA_023,63
GCCAGGGTTCTTGGTCCCGA_024,115
GCCAGGGTTCTTGGTCCCGA_025,199
GGTGGCGGATGACGCTGTCG_001,41
GGTGGCGGATGACGCTGTCG_002,194
GGTGGCGGATGACGCTGTCG_003,98
GGTGGCGGATGACGCTGTCG_004,149
GGTGGCGGATGACGCTGTCG_005,81
GGTGGCGGATGACGCTGTCG_006,168
GGTGGCGGATGACGCTGTCG_007,15
GGTGGCGGATGACGCTGTCG_008,147
GGTGGCGGATGACGCTGTCG_009,51
GGTGGCGGATGACGCTGTCG_010,55
GGTGGCGGATGACGCTGTCG_011,127
GGTGGCGGATGACGCTGTCG_012,34
GGTGGCGGATGACGCTGTCG_013,158
GGTGGCGGATGACGCTGTCG_014,190
GGTGGCGGATGACGCTGTCG_015,162
TCAGAAACAGTGGATCACGT_001,16
TCAGAAACAGTGGATCACGT_002,8
TCAGAAACAGTGGATCACGT_003,69
TCAGAAACAGTGGATCACGT_004,144
TCAGAAACAGTGGATCACGT_005,195
TCAGAAACAGTGGATCACGT_006,156
TGGTGATGCATCTCCGCGAG_001,12
TGGTGATGCATCTCCGCGAG_002,8
TGGTGATGCATCTCCGCGAG_003,198
TGGTGATGCATCTCCGCGAG_004,145
TGGTGATGCATCTCCGCGAG_005,61
TGGTGATGCATCTCCGCGAG_006,168
TGGTGATGCATCTCCGCGAG_007,151
ACTGACTGTTCTGTCGAGTG_001,187
ACTGACTGTTCTGTCGAGTG_002,162
AGATTGCTAAAGGTCCCTTG_001,167
AGATTGCTAAAGGTCCCTTG_002,25
AGATTGCTAAAGGTCCCTTG_003,155
AGATTGCTAAAGGTCCCTTG_004,27
AGATTGCTAAAGGTCCCTTG_005,27
AGATTGCTAAAGGTCCCTTG_006,150
AGATTGCTAAAGGTCCCTTG_007,38
AGATTGCTAAAGGTCCCTTG_008,58
AGATTGCTAAAGGTCCCTTG_009,114
AGATTGCTAAAGGTCCCTTG_010,28
AGATTGCTAAAGGTCCCTTG_011,130
AGATTGCTAAAGGTCCCTTG_012,191
AGATTGCTAAAGGTCCCTTG_013,184
AGATTGCTAAAGGTCCCTTG_014,180
AGATTGCTAAAGGTCCCTTG_015,66
TCCTGCGCGGATGTCAGGTG_001,85
TCCTGCGCGGATGTCAGGTG_002,60
TCCTGCGCGGATGTCAGGTG_003,132
TCCTGCGCGGATGTCAGGTG_004,129
TCCTGCGCGGATGTCAGGTG_005,183
TCCTGCGCGGATGTCAGGTG_006,198
TCCTGCGCGGATGTCAGGTG_007,1
TCCTGCGCGGATGTCAGGTG_008,164
TCCTGCGCGGATGTCAGGTG_009,146
TCCTGCGCGGATGTCAGGTG_010,50
TCCTGCGCGGATGTCAGGTG_011,154
TCCTGCGCGGATGTCAGGTG_012,16
TCTGCTGAATCACCTCATGG_001,56
TCTGCTGAATCACCTCATGG_002,125
TCTGCTGAATCACCTCATGG_003,11
TCTGCTGAATCACCTCATGG_004,149
TCTGCTGAATCACCTCATGG_005,188
TCTGCTGAATCACCTCATGG_006,76
TCTGCTGAATCACCTCATGG_007,94
TCTGCTGAATCACCTCATGG_008,52
TCTGCTGAATCACCTCATGG_009,191
TTGCGATTTACTCTGACCAG_001,12
ATGACGGCAATCTTCTGAGG_001,162
ATGACGGCAATCTTCTGAGG_002,160
ATGACGGCAATCTTCTGAGG_003,36
ATGACGGCAATCTTCTGAGG_004,137
ATGACGGCAATCTTCTGAGG_005,146
CCAGCAACAACGCCAAGGAA_001,26
CCAGCAACAACGCCAAGGAA_002,184
CCAGCAACAACGCCAAGGAA_003,172
CCAGCAACAACGCCAAGGAA_004,104
CCAGCAACAACGCCAAGGAA_005,198
CCAGCAACAACGCCAAGGAA_006,197
CCAGCAACAACGCCAAGGAA_007,95
CCAGCAACAACGCCAAGGAA_008,103
CCAGCAACAACGCCAAGGAA_009,187
CCAGCAACAACGCCAAGGAA_010,135
CCAGCAACAACGCCAAGGAA_011,169
CCAGCAACAACGCCAAGGAA_012,37
CCAGCAACAACGCCAAGGAA_013,165
CCAGCAACAACGCCAAGGAA_014,157
CCAGCAACAACGCCAAGGAA_015,33
TCATACACACCATCATAGTA_001,96
TCATACACACCATCATAGTA_002,80
TCATACACACCATCATAGTA_003,39
ACTGCAGTGAAACAATTCCA_001,116
ACTGCAGTGAAACAATTCCA_002,182
ACTGCAGTGAAACAATTCCA_003,72
ACTGCAGTGAAACAATTCCA_004,27
ACTGCAGTGAAACAATTCCA_005,151
ACTGCAGTGAAACAATTCCA_006,177
ACTGCAGTGAAACAATTCCA_007,183
ACTGCAGTGAAACAATTCCA_008,158
ACTGCAGTGAAACAATTCCA_009,70
ACTGCAGTGAAACAATTCCA_010,20
ACTGCAGTGAAACAATTCCA_011,35
ACTGCAGTGAAACAATTCCA_012,126
ACTGCAGTGAAACAATTCCA_013,157
ACTGCAGTGAAACAATTCCA_014,16
ACTGCAGTGAAACAATTCCA_015,14
ACTGCAGTGAAACAATTCCA_016,0
ACTGCAGTGAAACAATTCCA_017,66
ACTGCAGTGAAACAATTCCA_018,78
ACTGCAGTGAAACAATTCCA_019,88
GGAGGCTGTACATAGCGCCT_001,17
GGAGGCTGTACATAGCGCCT_002,69
GGAGGCTGTACATAGCGCCT_003,159
GGAGGCTGTACATAGCGCCT_004,198
GGAGGCTGTACATAGCGCCT_005,132
GGAGGCTGTACATAGCGCCT_006,94
GGAGGCTGTACATAGCGCCT_007,6
TTTGCAGATAGAGTGGTGAT_001,130
TTTGCAGATAGAGTGGTGAT_002,11
TTTGCAGATAGAGTGGTGAT_003,49
TTTGCAGATAGAGTGGTGAT_004,146
TTTGCAGATAGAGTGGTGAT_005,118
TTTGCAGATAGAGTGGTGAT_006,125
TTTGCAGATAGAGTGGTGAT_007,1
TTTGCAGATAGAGTGGTGAT_008,19
TCACCCAGCAAATCGATGGG_001,149
TCACCCAGCAAATCGATGGG_002,50
TCACCCAGCAAATCGATGGG_003,17
TCACCCAGCAAATCGATGGG_004,180
TCACCCAGCAAATCGATGGG_005,136
CCCACGAACTCGTCGCAGGG_001,72
CCCACGAACTCGTCGCAGGG_002,6
CCCACGAACTCGTCGCAGGG_003,15
CCCACGAACTCGTCGCAGGG_004,40
CCCACGAACTCGTCGCAGGG_005,95
CCCACGAACTCGTCGCAGGG_006,2
CCCACGAACTCGTCGCAGGG_007,168
CCCACGAACTCGTCGCAGGG_008,77
CCCACGAACTCGTCGCAGGG_009,111
CCCACGAACTCGTCGCAGGG_010,95
CCCACGAACTCGTCGCAGGG_011,44
CCCACGAACTCGTCGCAGGG_012,60
CCCACGAACTCGTCGCAGGG_013,187
CCCACGAACTCGTCGCAGGG_014,30
CCCACGAACTCGTCGCAGGG_015,174
CCCACGAACTCGTCGCAGGG_016,87
CCCACGAACTCGTCGCAGGG_017,155
CCCACGAACTCGTCGCAGGG_018,76
CCCACGAACTCGTCGCAGGG_019,41
CCCACGAACTCGTCGCAGGG_020,37
CCCACGAACTCGTCGCAGGG_021,113
CCCACGAACTCGTCGCAGGG_022,16
CCCACGAACTCGTCGCAGGG_023,161
CCCACGAACTCGTCGCAGGG_024,188
CCCACGAACTCGTCGCAGGG_025,189
CCCACGAACTCGTCGCAGGG_026,67
CCCACGAACTCGTCGCAGGG_027,9
CCCACGAACTCGTCGCAGGG_028,28
CCCACGAACTCGTCGCAGGG_029,28
CCCACGAACTCGTCGCAGGG_030,18
CCCACGAACTCGTCGCAGGG_031,57
CCCACGAACTCGTCGCAGGG_032,88
CCCACGAACTCGTCGCAGGG_033,146
CCCACGAACTCGTCGCAGGG_034,106
CCCACGAACTCGTCGCAGGG_035,28
CCCACGAACTCGTCGCAGGG_036,56
TATTAAACATAGATGAGCAA_001,93
TATTAAACATAGATGAGCAA_002,26
TATTAAACATAGATGAGCAA_003,11
TATTAAACATAGATGAGCAA_004,176
TATTAAACATAGATGAGCAA_005,6
TATTAAACATAGATGAGCAA_006,168
TATTAAACATAGATGAGCAA_007,15
TATTAAACATAGATGAGCAA_008,143
TATTAAACATAGATGAGCAA_009,165
TATTAAACATAGATGAGCAA_010,26
TATTAAACATAGATGAGCAA_011,176
TATTAAACATAGATGAGCAA_012,39
TATTAAACATAGATGAGCAA_013,14
TGTAATCAAGACGCGCTATG_001,160
TGTAATCAAGACGCGCTATG_002,77
TGTAATCAAGACGCGCTATG_003,50
TGTAATCAAGACGCGCTATG_004,63
TGTAATCAAGACGCGCTATG_005,105
TGTAATCAAGACGCGCTATG_006,36
CTATGAGACCGTTCGCAATG_001,197
CTATGAGACCGTTCGCAATG_002,86
CTATGAGACCGTTCGCAATG_003,160
CTATGAGACCGTTCGCAATG_004,54
CTATGAGACCGTTCGCAATG_005,158
AAAGTCTTTAAATCTCACTC_001,169
AAAGTCTTTAAATCTCACTC_002,58
AAAGTCTTTAAATCTCACTC_003,178
AAAGTCTTTAAATCTCACTC_004,48
AAAGTCTTTAAATCTCACTC_005,189
AAAGTCTTTAAATCTCACTC_006,10
AAAGTCTTTAAATCTCACTC_007,41
AAAGTCTTTAAATCTCACTC_008,113
TGGGGCAGCTCGTAGCTGGG_001,130
TGGGGCAGCTCGTAGCTGGG_002,148
TGGGGCAGCTCGTAGCTGGG_003,36
TGGGGCAGCTCGTAGCTGGG_004,78
CATGGACTCACTGACCCATG_001,148
CATGGACTCACTGACCCATG_002,69
CATGGACTCACTGACCCATG_003,192
CCTGAAATTCGGATAGTGAA_001,181
CTTGATCAACCTAACCCAAG_001,5
CTTGATCAACCTAACCCAAG_002,183
CTTGATCAACCTAACCCAAG_003,127
CTTGATCAACCTAACCCAAG_004,70
CTTGATCAACCTAACCCAAG_005,81
CTTGATCAACCTAACCCAAG_006,40
GGACGTGTATGGGACCACTA_001,1
GGACGTGTATGGGACCACTA_002,127
GGACGTGTATGGGACCACTA_003,50
GGACGTGTATGGGACCACTA_004,94
GGACGTGTATGGGACCACTA_005,94
GGACGTGTATGGGACCACTA_006,160
GGACGTGTATGGGACCACTA_007,150
GGACGTGTATGGGACCACTA_008,28
GGACGTGTATGGGACCACTA_009,6
GGACGTGTATGGGACCACTA_010,62
GGACGTGTATGGGACCACTA_011,20
GGACGTGTATGGGACCACTA_012,40
GGACGTGTATGGGACCACTA_013,149
GGACGTGTATGGGACCACTA_014,196
GGACGTGTATGGGACCACTA_015,6
GGACGTGTATGGGACCACTA_016,42
GGACGTGTATGGGACCACTA_017,50
GGACGTGTATGGGACCACTA_018,49
GGACGTGTATGGGACCACTA_019,90
AGAATACATAAGTAGCCGCA_001,77
AGAATACATAAGTAGCCGCA_002,104
AGAATACATAAGTAGCCGCA_003,58
AGAATACATAAGTAGCCGCA_004,23
AGAATACATAAGTAGCCGCA_005,169
AGAATACATAAGTAGCCGCA_006,106
AGAATACATAAGTAGCCGCA_007,40
GAGACCCCCTAAGATGAGGG_001,39
GAGACCCCCTAAGATGAGGG_002,165
GAGACCCCCTAAGATGAGGG_003,92
GAGACCCCCTAAGATGAGGG_004,6
GAGACCCCCTAAGATGAGGG_005,36
GAGACCCCCTAAGATGAGGG_006,155
TTTAACCGAGGTCTCCACGA_001,15
TTTAACCGAGGTCTCCACGA_002,8
TTTAACCGAGGTCTCCACGA_003,163
TTTAACCGAGGTCTCCACGA_004,92
TTTAACCGAGGTCTCCACGA_005,42
TTTAACCGAGGTCTCCACGA_006,44
TTTAACCGAGGTCTCCACGA_007,82
TTTAACCGAGGTCTCCACGA_008,184
TTTAACCGAGGTCTCCACGA_009,188
TTTAACCGAGGTCTCCACGA_010,5
TTTAACCGAGGTCTCCACGA_011,141
TTTAACCGAGGTCTCCACGA_012,152
TTTAACCGAGGTCTCCACGA_013,154
TTTAACCGAGGTCTCCACGA_014,117
TTTAACCGAGGTCTCCACGA_015,70
ATCTTGCCAAGGCAGACGAA_001,76
ATCTTGCCAAGGCAGACGAA_002,88
ATCTTGCCAAGGCAGACGAA_003,79
ATCTTGCCAAGGCAGACGAA_004,49
ATCTTGCCAAGGCAGACGAA_005,86
ATCTTGCCAAGGCAGACGAA_006,111
ATCTTGCCAAGGCAGACGAA_007,6
ATCTTGCCAAGGCAGACGAA_008,129
ATCTTGCCAAGGCAGACGAA_009,26
ACTGATAAGTTCAAGCCAGG_001,65
ACTGATAAGTTCAAGCCAGG_002,105
ACTGATAAGTTCAAGCCAGG_003,184
ACTGATAAGTTCAAGCCAGG_004,70
ACTGATAAGTTCAAGCCAGG_005,188
ACTGATAAGTTCAAGCCAGG_006,168
ACTGATAAGTTCAAGCCAGG_007,88
ACTGATAAGTTCAAGCCAGG_008,5
ACTGATAAGTTCAAGCCAGG_009,23
ACTGATAAGTTCAAGCCAGG_010,23
ACTGATAAGTTCAAGCCAGG_011,0
ACTGATAAGTTCAAGCCAGG_012,57
ACTGATAAGTTCAAGCCAGG_013,123
ACTGATAAGTTCAAGCCAGG_014,188
ACTGATAAGTTCAAGCCAGG_015,63
ACTGATAAGTTCAAGCCAGG_016,61
ACTGATAAGTTCAAGCCAGG_017,10
ACTGATAAGTTCAAGCCAGG_018,98
GCCATCTTCGCCAACATGCT_001,116
GCCATCTTCGCCAACATGCT_002,58
GCCATCTTCGCCAACATGCT_003,70
GCCATCTTCGCCAACATGCT_004,2
GCCATCTTCGCCAACATGCT_005,16
GCCATCTTCGCCAACATGCT_006,117
GCCATCTTCGCCAACATGCT_007,124
GCCATCTTCGCCAACATGCT_008,34
GCCATCTTCGCCAACATGCT_009,124
GCCATCTTCGCCAACATGCT_010,46
GCCATCTTCGCCAACATGCT_011,194
GCCATCTTCGCCAACATGCT_012,13
TGATGGCAAGATCACCCGAG_001,88
TGATGGCAAGATCACCCGAG_002,3
TGATGGCAAGATCACCCGAG_003,177
TGATGGCAAGATCACCCGAG_004,9
TGATGGCAAGATCACCCGAG_005,149
TGATGGCAAGATCACCCGAG_006,160
TGATGGCAAGATCACCCGAG_007,71
TGATGGCAAGATCACCCGAG_008,180
TGATGGCAAGATCACCCGAG_009,130
TCCAACATAGCCATAGACCC_001,105
TGTGGCACTGAAAAAAGGCG_001,65
TGTGGCACTGAAAAAAGGCG_002,153
TGTGGCACTGAAAAAAGGCG_003,124
TGTGGCACTGAAAAAAGGCG_004,172
CGGGTATGTTTCGAGCCCTG_001,19
CGGGTATGTTTCGAGCCCTG_002,199
CGGGTATGTTTCGAGCCCTG_003,84
CGGGTATGTTTCGAGCCCTG_004,129
CGGGTATGTTTCGAGCCCTG_005,187
CGGGTATGTTTCGAGCCCTG_006,181
CGGGTATGTTTCGAGCCCTG_007,176
CGGGTATGTTTCGAGCCCTG_008,141
CGGGTATGTTTCGAGCCCTG_009,130
CGGGTATGTTTCGAGCCCTG_010,77
ACCACGGGTGCAGACAGCAA_001,142
ACCACGGGTGCAGACAGCAA_002,130
ACCACGGGTGCAGACAGCAA_003,56
ACCACGGGTGCAGACAGCAA_004,118
ACCACGGGTGCAGACAGCAA_005,190
ACCACGGGTGCAGACAGCAA_006,19
ACCACGGGTGCAGACAGCAA_007,77
ACCACGGGTGCAGACAGCAA_008,82
ACCACGGGTGCAGACAGCAA_009,25
ACCACGGGTGCAGACAGCAA_010,156
ACCACGGGTGCAGACAGCAA_011,58
ACCACGGGTGCAGACAGCAA_012,2
ACCACGGGTGCAGACAGCAA_013,181
ACCACGGGTGCAGACAGCAA_014,56
ACCACGGGTGCAGACAGCAA_015,144
ACCACGGGTGCAGACAGCAA_016,191
ACCACGGGTGCAGACAGCAA_017,60
ACCACGGGTGCAGACAGCAA_018,62
ACCACGGGTGCAGACAGCAA_019,111
ACCACGGGTGCAGACAGCAA_020,81
ACCACGGGTGCAGACAGCAA_021,49
ACCACGGGTGCAGACAGCAA_022,152
ACCACGGGTGCAGACAGCAA_023,146
ACCACGGGTGCAGACAGCAA_024,65
ACCACGGGTGCAGACAGCAA_025,26
ACCACGGGTGCAGACAGCAA_026,63
ACCACGGGTGCAGACAGCAA_027,162
CAATGCTCAGGTGGACAAGG_001,94
CAATGCTCAGGTGGACAAGG_002,20
CAATGCTCAGGTGGACAAGG_003,26
CAATGCTCAGGTGGACAAGG_004,16
CAATGCTCAGGTGGACAAGG_005,112
CAATGCTCAGGTGGACAAGG_006,175
CAATGCTCAGGTGGACAAGG_007,58
CAATGCTCAGGTGGACAAGG_008,19
CAATGCTCAGGTGGACAAGG_009,119
CAATGCTCAGGTGGACAAGG_010,45
CAATGCTCAGGTGGACAAGG_011,36
CAATGCTCAGGTGGACAAGG_012,13
CAATGCTCAGGTGGACAAGG_013,113
CAATGCTCAGGTGGACAAGG_014,158
CAATGCTCAGGTGGACAAGG_015,0
CAATGCTCAGGTGGACAAGG_016,88
CAATGCTCAGGTGGACAAGG_017,171
CAATGCTCAGGTGGACAAGG_018,163
CAATGCTCAGGTGGACAAGG_019,50
CAATGCTCAGGTGGACAAGG_020,41
CAATGCTCAGGTGGACAAGG_021,177
CAATGCTCAGGTGGACAAGG_022,190
CAATGCTCAGGTGGACAAGG_023,186
CAATGCTCAGGTGGACAAGG_024,191
CAATGCTCAGGTGGACAAGG_025,31
CAATGCTCAGGTGGACAAGG_026,81
CAATGCTCAGGTGGACAAGG_027,158
CAATGCTCAGGTGGACAAGG_028,83
CAATGCTCAGGTGGACAAGG_029,113
CAATGCTCAGGTGGACAAGG_030,1
CAATGCTCAGGTGGACAAGG_031,63
CAATGCTCAGGTGGACAAGG_032,63
CAATGCTCAGGTGGACAAGG_033,89
CAATGCTCAGGTGGACAAGG_034,86
CAATGCTCAGGTGGACAAGG_035,120
CAATGCTCAGGTGGACAAGG_036,103
CAATGCTCAGGTGGACAAGG_037,166
CAATGCTCAGGTGGACAAGG_038,14
CATCAAAGGCCAGTGCACCT_001,37
CATCAAAGGCCAGTGCACCT_002,172
CATCAAAGGCCAGTGCACCT_003,93
CATCAAAGGCCAGTGCACCT_004,19
CATCAAAGGCCAGTGCACCT_005,62
CATCAAAGGCCAGTGCACCT_006,183
CATCAAAGGCCAGTGCACCT_007,121
CATCAAAGGCCAGTGCACCT_008,77
CATCAAAGGCCAGTGCACCT_009,76
CATCAAAGGCCAGTGCACCT_010,149
CATCAAAGGCCAGTGCACCT_011,82
CATCAAAGGCCAGTGCACCT_012,47
CATCAAAGGCCAGTGCACCT_013,100
CATCAAAGGCCAGTGCACCT_014,90
CATCAAAGGCCAGTGCACCT_015,102
CATCAAAGGCCAGTGCACCT_016,119
CATCAAAGGCCAGTGCACCT_017,171
CATCAAAGGCCAGTGCACCT_018,137
CATCAAAGGCCAGTGCACCT_019,1
CATCAAAGGCCAGTGCACCT_020,74
CATCAAAGGCCAGTGCACCT_021,31
CATCAAAGGCCAGTGCACCT_022,39
CATCAAAGGCCAGTGCACCT_023,39
CATCAAAGGCCAGTGCACCT_024,115
CATCAAAGGCCAGTGCACCT_025,28
CATCAAAGGCCAGTGCACCT_026,33
CATCAAAGGCCAGTGCACCT_027,179
CATCAAAGGCCAGTGCACCT_028,126
CATCAAAGGCCAGTGCACCT_029,101
CATCAAAGGCCAGTGCACCT_030,158
CATCAAAGGCCAGTGCACCT_031,53
CGCCAGGCACACCACGGCGT_001,172
CGCCAGGCACACCACGGCGT_002,181
CGCCAGGCACACCACGGCGT_003,85
CGCCAGGCACACCACGGCGT_004,127
CGCCAGGCACACCACGGCGT_005,20
CGCCAGGCACACCACGGCGT_006,75
CGCCAGGCACACCACGGCGT_007,159
CGCCAGGCACACCACGGCGT_008,90
CGCCAGGCACACCACGGCGT_009,165
CGCCAGGCACACCACGGCGT_010,198
CGCCAGGCACACCACGGCGT_011,22
CGCCAGGCACACCACGGCGT_012,148
CGCCAGGCACACCACGGCGT_013,66
GGGGCGTGAGGCGCAGAACC_001,189
GGGGCGTGAGGCGCAGAACC_002,58
GGGGCGTGAGGCGCAGAACC_003,27
GGGGCGTGAGGCGCAGAACC_004,127
GGGGCGTGAGGCGCAGAACC_005,119
GGGGCGTGAGGCGCAGAACC_006,20
GGGGCGTGAGGCGCAGAACC_007,139
GGGGCGTGAGGCGCAGAACC_008,132
GGGGCGTGAGGCGCAGAACC_009,146
GGGGCGTGAGGCGCAGAACC_010,43
GGGGCGTGAGGCGCAGAACC_011,117
GGGGCGTGAGGCGCAGAACC_012,151
GGGGCGTGAGGCGCAGAACC_013,82
GGGGCGTGAGGCGCAGAACC_014,145
GGGGCGTGAGGCGCAGAACC_015,199
GGGGCGTGAGGCGCAGAACC_016,169
GGGGCGTGAGGCGCAGAACC_017,191
GGGGCGTGAGGCGCAGAACC_018,97
GGGGCGTGAGGCGCAGAACC_019,70
GGGGCGTGAGGCGCAGAACC_020,198
GGGGCGTGAGGCGCAGAACC_021,157
GGGGCGTGAGGCGCAGAACC_022,153
GGGGCGTGAGGCGCAGAACC_023,13
TGAGGAAAGTGATCTAGGTG_001,127
TGAGGAAAGTGATCTAGGTG_002,82
TGAGGAAAGTGATCTAGGTG_003,188
CACGGACTCGAAAAACACCC_001,108
CACGGACTCGAAAAACACCC_002,40
GTCCTTCTGAGCGAAATCGT_001,174
GTCCTTCTGAGCGAAATCGT_002,32
GTCCTTCTGAGCGAAATCGT_003,1
GTCCTTCTGAGCGAAATCGT_004,37
GTCCTTCTGAGCGAAATCGT_005,17
GTCCTTCTGAGCGAAATCGT_006,1
GTCCTTCTGAGCGAAATCGT_007,177
CCTGCATTGAGAGCCAATGA_001,41
CCTGCATTGAGAGCCAATGA_002,21
CCTGCATTGAGAGCCAATGA_003,142
CCTGCATTGAGAGCCAATGA_004,50
CCTGCATTGAGAGCCAATGA_005,144
CCTGCATTGAGAGCCAATGA_006,48
CCTGCATTGAGAGCCAATGA_007,150
ATTAAGGCCTCTCTCAGTGT_001,80
ATTAAGGCCTCTCTCAGTGT_002,121
CTGCCCTCAGAAATCAACAG_001,65
CTGCCCTCAGAAATCAACAG_002,15
CTGCCCTCAGAAATCAACAG_003,137
CTGCCCTCAGAAATCAACAG_004,172
CTGCCCTCAGAAATCAACAG_005,63
CTGCCCTCAGAAATCAACAG_006,149
CTGCCCTCAGAAATCAACAG_007,166
GAAGTAAAGAGAAGTAACCA_001,106
GAAGTAAAGAGAAGTAACCA_002,191
GAAGTAAAGAGAAGTAACCA_003,114
GAAGTAAAGAGAAGTAACCA_004,29
GAAGTAAAGAGAAGTAACCA_005,149
GAAGTAAAGAGAAGTAACCA_006,105
GAAGTAAAGAGAAGTAACCA_007,186
GAAGTAAAGAGAAGTAACCA_008,91
GAAGTAAAGAGAAGTAACCA_009,50
GAAGTAAAGAGAAGTAACCA_010,85
GAAGTAAAGAGAAGTAACCA_011,156
GAAGTAAAGAGAAGTAACCA_012,180
GAAGTAAAGAGAAGTAACCA_013,188
GAAGTAAAGAGAAGTAACCA_014,168
AAAGTTGCCAAAGTTAGCCA_001,84
AAAGTTGCCAAAGTTAGCCA_002,8
AAAGTTGCCAAAGTTAGCCA_003,12
AAAGTTGCCAAAGTTAGCCA_004,5
AAAGTTGCCAAAGTTAGCCA_005,105
AAAGTTGCCAAAGTTAGCCA_006,162
AAAGTTGCCAAAGTTAGCCA_007,45
AAAGTTGCCAAAGTTAGCCA_008,16
AAAGTTGCCAAAGTTAGCCA_009,93
AAAGTTGCCAAAGTTAGCCA_010,95
AAAGTTGCCAAAGTTAGCCA_011,151
AAAGTTGCCAAAGTTAGCCA_012,194
AAAGTTGCCAAAGTTAGCCA_013,108
AAAGTTGCCAAAGTTAGCCA_014,49
AAAGTTGCCAAAGTTAGCCA_015,94
AAAGTTGCCAAAGTTAGCCA_016,152
AAAGTTGCCAAAGTTAGCCA_017,19
AAAGTTGCCAAAGTTAGCCA_018,60
AAAGTTGCCAAAGTTAGCCA_019,127
ACCACAAAGAGCCATACCAA_001,43
ACCACAAAGAGCCATACCAA_002,152
ACCACAAAGAGCCATACCAA_003,22
ACCACAAAGAGCCATACCAA_004,152
ACCACAAAGAGCCATACCAA_005,68
ACCACAAAGAGCCATACCAA_006,50
ACCACAAAGAGCCATACCAA_007,25
ACCACAAAGAGCCATACCAA_008,92
ACCACAAAGAGCCATACCAA_009,56
ACCACAAAGAGCCATACCAA_010,188
ACCACAAAGAGCCATACCAA_011,149
ACCACAAAGAGCCATACCAA_012,15
ACCACAAAGAGCCATACCAA_013,43
ACCACAAAGAGCCATACCAA_014,129
AAAGGAATGGAGTCTTCAGG_001,145
AAAGGAATGGAGTCTTCAGG_002,159
AAAGGAATGGAGTCTTCAGG_003,88
AAAGGAATGGAGTCTTCAGG_004,92
AAAGGAATGGAGTCTTCAGG_005,81
AAAGGAATGGAGTCTTCAGG_006,44
AAAGGAATGGAGTCTTCAGG_007,197
ACGATTCCAAGAATGCCACA_001,69
ACGATTCCAAGAATGCCACA_002,50
ACGATTCCAAGAATGCCACA_003,102
ACGATTCCAAGAATGCCACA_004,85
ACGATTCCAAGAATGCCACA_005,27
ACGATTCCAAGAATGCCACA_006,168
ACGATTCCAAGAATGCCACA_007,111
ACGATTCCAAGAATGCCACA_008,85
ACGATTCCAAGAATGCCACA_009,199
ACGATTCCAAGAATGCCACA_010,187
ACGATTCCAAGAATGCCACA_011,71
AGATATCGTACCCAAAACTG_001,163
AGATATCGTACCCAAAACTG_002,182
AGATATCGTACCCAAAACTG_003,78
AGATATCGTACCCAAAACTG_004,84
AGATATCGTACCCAAAACTG_005,83
AGATATCGTACCCAAAACTG_006,7
AGATATCGTACCCAAAACTG_007,61
AGATATCGTACCCAAAACTG_008,72
AGATATCGTACCCAAAACTG_009,72
AGATATCGTACCCAAAACTG_010,120
AGATATCGTACCCAAAACTG_011,88
AGATATCGTACCCAAAACTG_012,82
AGATATCGTACCCAAAACTG_013,199
AGATATCGTACCCAAAACTG_014,2
AGATATCGTACCCAAAACTG_015,50
AGATATCGTACCCAAAACTG_016,118
AGATATCGTACCCAAAACTG_017,52
CAAAGCTACATCCAAATCCT_001,96
CAAAGCTACATCCAAATCCT_002,43
CAAAGCTACATCCAAATCCT_003,198
CAAAGCTACATCCAAATCCT_004,172
CAAAGCTACATCCAAATCCT_005,21
CAAAGCTACATCCAAATCCT_006,195
CAAAGCTACATCCAAATCCT_007,66
CAAAGCTACATCCAAATCCT_008,74
CAAAGCTACATCCAAATCCT_009,175
CAAAGCTACATCCAAATCCT_010,149
CGTGGCGGCATCGCGTCACG_001,83
CGTGGCGGCATCGCGTCACG_002,50
CGTGGCGGCATCGCGTCACG_003,88
CGTGGCGGCATCGCGTCACG_004,33
CGTGGCGGCATCGCGTCACG_005,160
CGTGGCGGCATCGCGTCACG_006,156
CGTGGCGGCATCGCGTCACG_007,191
CGTGGCGGCATCGCGTCACG_008,108
TGCACATCTGATCGGAATCA_001,15
TGCACATCTGATCGGAATCA_002,17
TGCACATCTGATCGGAATCA_003,60
TGCACATCTGATCGGAATCA_004,52
TGCACATCTGATCGGAATCA_005,48
TGCACATCTGATCGGAATCA_006,197
TGCACATCTGATCGGAATCA_007,76
TGCACATCTGATCGGAATCA_008,49
TCTTACCTGTAAGTTAACCA_001,177
TCTTACCTGTAAGTTAACCA_002,160
TCTTACCTGTAAGTTAACCA_003,174
TCTTACCTGTAAGTTAACCA_004,154
GAAGCGGGTCCATGACAGCG_001,127
ACGTACACTGTGTCATGCGC_001,41
ACGTACACTGTGTCATGCGC_002,163
ACGTACACTGTGTCATGCGC_003,12
ACGTACACTGTGTCATGCGC_004,33
ACGTACACTGTGTCATGCGC_005,41
ACGTACACTGTGTCATGCGC_006,117
ATTGGTTACTCTGAAAGACG_001,15
ATTGGTTACTCTGAAAGACG_002,127
AGGTACAGCTCGAAGTCGAA_001,158
AGGTACAGCTCGAAGTCGAA_002,140
AGGTACAGCTCGAAGTCGAA_003,116
AGGTACAGCTCGAAGTCGAA_004,58
AGGTACAGCTCGAAGTCGAA_005,76
AGGTACAGCTCGAAGTCGAA_006,146
AGGTACAGCTCGAAGTCGAA_007,62
AGGTACAGCTCGAAGTCGAA_008,176
AGGTACAGCTCGAAGTCGAA_009,41
AGGCACATGGACATCTTCCT_001,102
AGGCACATGGACATCTTCCT_002,125
AGGCACATGGACATCTTCCT_003,178
AGGCACATGGACATCTTCCT_004,151
AGGCACATGGACATCTTCCT_005,88
AGGCACATGGACATCTTCCT_006,16
AGGCACATGGACATCTTCCT_007,158
AGGCACATGGACATCTTCCT_008,19
AGGCACATGGACATCTTCCT_009,78
AGGCACATGGACATCTTCCT_010,72
AGGCACATGGACATCTTCCT_011,190
AGGCACATGGACATCTTCCT_012,57
AGGCACATGGACATCTTCCT_013,172
CCAGTGCGCCCGCATCGTCG_001,114
CCAGTGCGCCCGCATCGTCG_002,106
CGTGTTCAACTAGTGCACAG_001,161
CGTGTTCAACTAGTGCACAG_002,28
CGTGTTCAACTAGTGCACAG_003,158
GGCCATCACGCTAACCACTG_001,48
GGCCATCACGCTAACCACTG_002,12
GGCCATCACGCTAACCACTG_003,40
GGCCATCACGCTAACCACTG_004,190
GGCCATCACGCTAACCACTG_005,63
GGCCATCACGCTAACCACTG_006,166
GGCCATCACGCTAACCACTG_007,187
GGCCATCACGCTAACCACTG_008,162
GGCCATCACGCTAACCACTG_009,192
GGCCATCACGCTAACCACTG_010,88
GGCCATCACGCTAACCACTG_011,168
GGCCATCACGCTAACCACTG_012,65
GGCCATCACGCTAACCACTG_013,148
GGCCATCACGCTAACCACTG_014,162
GGCCATCACGCTAACCACTG_015,9
GGCCATCACGCTAACCACTG_016,57
GGCCATCACGCTAACCACTG_017,23
TAGAACTGGTCGAAGCCCTG_001,150
TAGAACTGGTCGAAGCCCTG_002,23
TAGAACTGGTCGAAGCCCTG_003,183
TAGAACTGGTCGAAGCCCTG_004,84
TAGAACTGGTCGAAGCCCTG_005,120
TAGAACTGGTCGAAGCCCTG_006,161
TAGAACTGGTCGAAGCCCTG_007,137
TAGAACTGGTCGAAGCCCTG_008,142
TAGAACTGGTCGAAGCCCTG_009,87
TAGAACTGGTCGAAGCCCTG_010,184
GCGCGTCAGAACAGGCGCTG_001,80
GCGCGTCAGAACAGGCGCTG_002,64
GCGCGTCAGAACAGGCGCTG_003,159
GCGCGTCAGAACAGGCGCTG_004,145
GCGCGTCAGAACAGGCGCTG_005,198
GCGCGTCAGAACAGGCGCTG_006,103
GCGCGTCAGAACAGGCGCTG_007,106
GCGCGTCAGAACAGGCGCTG_008,168
GCGCGTCAGAACAGGCGCTG_009,145
GCGCGTCAGAACAGGCGCTG_010,177
GCGCGTCAGAACAGGCGCTG_011,48
GCGCGTCAGAACAGGCGCTG_012,23
GCGCGTCAGAACAGGCGCTG_013,175
GCGCGTCAGAACAGGCGCTG_014,147
GCGCGTCAGAACAGGCGCTG_015,172
GCGCGTCAGAACAGGCGCTG_016,21
GCGCGTCAGAACAGGCGCTG_017,198
GCGCGTCAGAACAGGCGCTG_018,3
GCGCGTCAGAACAGGCGCTG_019,57
GCGCGTCAGAACAGGCGCTG_020,77
GCGCGTCAGAACAGGCGCTG_021,83
GCGCGTCAGAACAGGCGCTG_022,92
GCGCGTCAGAACAGGCGCTG_023,127
GCGCGTCAGAACAGGCGCTG_024,98
GCGCGTCAGAACAGGCGCTG_025,119
GCGCGTCAGAACAGGCGCTG_026,26
GCGCGTCAGAACAGGCGCTG_027,38
GCGCGTCAGAACAGGCGCTG_028,70
GCGCGTCAGAACAGGCGCTG_029,48
GCGCGTCAGAACAGGCGCTG_030,112
GCGCGTCAGAACAGGCGCTG_031,158
GCGCGTCAGAACAGGCGCTG_032,59
GCGCGTCAGAACAGGCGCTG_033,150
GCGCGTCAGAACAGGCGCTG_034,137
GCGCGTCAGAACAGGCGCTG_035,28
GCGCGTCAGAACAGGCGCTG_036,55
GCGCGTCAGAACAGGCGCTG_037,121
GCGCGTCAGAACAGGCGCTG_038,165
GCGCGTCAGAACAGGCGCTG_039,169
GCGCGTCAGAACAGGCGCTG_040,27
GCGCGTCAGAACAGGCGCTG_041,58
GCGCGTCAGAACAGGCGCTG_042,119
GCGCGTCAGAACAGGCGCTG_043,98
GCGCGTCAGAACAGGCGCTG_044,34
GCGCGTCAGAACAGGCGCTG_045,83
GCGCGTCAGAACAGGCGCTG_046,30
GCGCGTCAGAACAGGCGCTG_047,170
TGTCAGGGCATTGTTATCCG_001,149
TGTCAGGGCATTGTTATCCG_002,119
TGTCAGGGCATTGTTATCCG_003,6
TGTCAGGGCATTGTTATCCG_004,190
TGTCAGGGCATTGTTATCCG_005,179
TGTCAGGGCATTGTTATCCG_006,179
TGTCAGGGCATTGTTATCCG_007,41
TGTCAGGGCATTGTTATCCG_008,48
TGGAAGATGTCCATGTCCTA_001,43
TGGAAGATGTCCATGTCCTA_002,44
TGGAAGATGTCCATGTCCTA_003,106
TGGAAGATGTCCATGTCCTA_004,181
TGGAAGATGTCCATGTCCTA_005,155
TGGAAGATGTCCATGTCCTA_006,49
TGGAAGATGTCCATGTCCTA_007,47
TGGAAGATGTCCATGTCCTA_008,35
TGGAAGATGTCCATGTCCTA_009,7
TGGAAGATGTCCATGTCCTA_010,114
TGGAAGATGTCCATGTCCTA_011,144
TGGAAGATGTCCATGTCCTA_012,184
TGGAAGATGTCCATGTCCTA_013,25
TGGAAGATGTCCATGTCCTA_014,8
TGGAAGATGTCCATGTCCTA_015,78
TGGAAGATGTCCATGTCCTA_016,66
TGGAAGATGTCCATGTCCTA_017,160
TGGAAGATGTCCATGTCCTA_018,137
TGGAAGATGTCCATGTCCTA_019,77
CCTGCATCACAAACTCCCTG_001,193
CCTGCATCACAAACTCCCTG_002,166
CCTGCATCACAAACTCCCTG_003,57
CCTGCATCACAAACTCCCTG_004,61
CCTGCATCACAAACTCCCTG_005,58
CCTGCATCACAAACTCCCTG_006,23
CCTGCATCACAAACTCCCTG_007,183
CCTGCATCACAAACTCCCTG_008,17
CCTGCATCACAAACTCCCTG_009,1
CCTGCATCACAAACTCCCTG_010,146
CCTGCATCACAAACTCCCTG_011,118
CCTGCATCACAAACTCCCTG_012,54
CCTGCATCACAAACTCCCTG_013,186
CCTGCATCACAAACTCCCTG_014,41
CCTGCATCACAAACTCCCTG_015,138
CCTGCATCACAAACTCCCTG_016,62
CCTGCATCACAAACTCCCTG_017,148
CCTGCATCACAAACTCCCTG_018,177
CCTGCATCACAAACTCCCTG_019,116
CCTGCATCACAAACTCCCTG_020,119
CCTGCATCACAAACTCCCTG_021,5
CCTGCATCACAAACTCCCTG_022,134
CCTGCATCACAAACTCCCTG_023,27
CCTGCATCACAAACTCCCTG_024,170
CCTGCATCACAAACTCCCTG_025,5
CCTGCATCACAAACTCCCTG_026,56
CCTGCATCACAAACTCCCTG_027,136
CCTGCATCACAAACTCCCTG_028,134
CCTGCATCACAAACTCCCTG_029,179
CCTGCATCACAAACTCCCTG_030,152
CCTGCATCACAAACTCCCTG_031,16
CCTGCATCACAAACTCCCTG_032,27
CCTGCATCACAAACTCCCTG_033,40
CCTGCATCACAAACTCCCTG_034,1
CCTGCATCACAAACTCCCTG_035,168
CCTGCATCACAAACTCCCTG_036,140
CCTGCATCACAAACTCCCTG_037,46
CCTGCATCACAAACTCCCTG_038,19
CCTGCATCACAAACTCCCTG_039,28
CCTGCATCACAAACTCCCTG_040,175
CCTGCATCACAAACTCCCTG_041,105
GCGGCGTGTTGACCACAGAG_001,108
GCGGCGTGTTGACCACAGAG_002,30
GCGGCGTGTTGACCACAGAG_003,193
GCGGCGTGTTGACCACAGAG_004,104
GCGGCGTGTTGACCACAGAG_005,191
GCGGCGTGTTGACCACAGAG_006,147
GCGGCGTGTTGACCACAGAG_007,26
CGAGCCTACGACACGGACGC_001,111
CGAGCCTACGACACGGACGC_002,183
CGAGCCTACGACACGGACGC_003,58
CGAGCCTACGACACGGACGC_004,12
CGAGCCTACGACACGGACGC_005,149
CGAGCCTACGACACGGACGC_006,169
CGAGCCTACGACACGGACGC_007,139
CGAGCCTACGACACGGACGC_008,83
CGAGCCTACGACACGGACGC_009,44
CGAGCCTACGACACGGACGC_010,171
CGAGCCTACGACACGGACGC_011,50
CGAGCCTACGACACGGACGC_012,62
CGAGCCTACGACACGGACGC_013,188
CGAGCCTACGACACGGACGC_014,48
CGAGCCTACGACACGGACGC_015,27
CGAGCCTACGACACGGACGC_016,191
CGAGCCTACGACACGGACGC_017,72
CGAGCCTACGACACGGACGC_018,170
CGAGCCTACGACACGGACGC_019,112
CGAGCCTACGACACGGACGC_020,7
CGAGCCTACGACACGGACGC_021,83
CGAGCCTACGACACGGACGC_022,151
CGAGCCTACGACACGGACGC_023,30
CGAGCCTACGACACGGACGC_024,54
CGAGCCTACGACACGGACGC_025,144
CGAGCCTACGACACGGACGC_026,19
CGAGCCTACGACACGGACGC_027,19
CGAGCCTACGACACGGACGC_028,40
CGAGCCTACGACACGGACGC_029,121
CGAGCCTACGACACGGACGC_030,175
CGAGCCTACGACACGGACGC_031,34
CGAGCCTACGACACGGACGC_032,49
CGAGCCTACGACACGGACGC_033,40
CGAGCCTACGACACGGACGC_034,180
CGAGCCTACGACACGGACGC_035,198
GTGATGTAAGAAGCTGTAGG_001,63
GTGATGTAAGAAGCTGTAGG_002,34
GTGATGTAAGAAGCTGTAGG_003,91
GTGATGTAAGAAGCTGTAGG_004,127
GTGATGTAAGAAGCTGTAGG_005,184
GTGATGTAAGAAGCTGTAGG_006,31
AAATAAAGCCCGTCAATCAG_001,174
AAATAAAGCCCGTCAATCAG_002,169
AAATAAAGCCCGTCAATCAG_003,150
AAATAAAGCCCGTCAATCAG_004,22
AAATAAAGCCCGTCAATCAG_005,157
TAGTAGCCGGAGTAGACGGG_001,117
TAGTAGCCGGAGTAGACGGG_002,46
TAGTAGCCGGAGTAGACGGG_003,199
TAGTAGCCGGAGTAGACGGG_004,142
GGGAATATGACCCTCCAATG_001,122
GGTTTACTAGAAACCAACAA_001,85
GGTTTACTAGAAACCAACAA_002,19
GGTTTACTAGAAACCAACAA_003,59
GAAGAGAATCGTGGCCGTGT_001,58
GAAGAGAATCGTGGCCGTGT_002,113
AGTTCGGTGCAGTCCTACCC_001,60
AGTTCGGTGCAGTCCTACCC_002,158
GGCGGGCATACCATTGCTGG_001,52
GGCGGGCATACCATTGCTGG_002,191
TCTTCTGGTAACCCATGACC_001,149
CCATAGGCGTCGTAGAAGAG_001,145
CCATAGGCGTCGTAGAAGAG_002,106
CCATAGGCGTCGTAGAAGAG_003,70
CCATAGGCGTCGTAGAAGAG_004,39
CCATAGGCGTCGTAGAAGAG_005,121
CCATAGGCGTCGTAGAAGAG_006,48
GCAACACATAAAAACTGTGA_001,170
GCAACACATAAAAACTGTGA_002,73
GCAACACATAAAAACTGTGA_003,40
GAGAAAGCAGTCTTTACCCA_001,157
GAGAAAGCAGTCTTTACCCA_002,1
GAGAAAGCAGTCTTTACCCA_003,98
GAGAAAGCAGTCTTTACCCA_004,161
GAGAAAGCAGTCTTTACCCA_005,35
CTGGCTGTACCAACTAGCGA_001,197
CTGGCTGTACCAACTAGCGA_002,11
TATTCAACAAGTACATCTCA_001,171
CAAACAGATAGAGTGTCATG_001,101
CAAACAGATAGAGTGTCATG_002,149
CAAACAGATAGAGTGTCATG_003,60
CAAACAGATAGAGTGTCATG_004,188
CAAACAGATAGAGTGTCATG_005,15
CAAACAGATAGAGTGTCATG_006,137
CCTGTCCTTTGACTACCGTG_001,94
CCTGTCCTTTGACTACCGTG_002,130
CCTGTCCTTTGACTACCGTG_003,0
CCTGTCCTTTGACTACCGTG_004,64
CCTGTCCTTTGACTACCGTG_005,58
CCTGTCCTTTGACTACCGTG_006,15
CCTGTCCTTTGACTACCGTG_007,42
CCTGTCCTTTGACTACCGTG_008,77
CCTGTCCTTTGACTACCGTG_009,17
CCTGTCCTTTGACTACCGTG_010,33
CCTGTCCTTTGACTACCGTG_011,86
CCTGTCCTTTGACTACCGTG_012,69
CCTGTCCTTTGACTACCGTG_013,5
CCTGTCCTTTGACTACCGTG_014,19
CCTGTCCTTTGACTACCGTG_015,182
CCTGTCCTTTGACTACCGTG_016,138
CCTGTCCTTTGACTACCGTG_017,76
CCTGTCCTTTGACTACCGTG_018,148
CCTGTCCTTTGACTACCGTG_019,19
TGGGCGAAGGTAGTCAGCTG_001,49
TGGGCGAAGGTAGTCAGCTG_002,130
TGGGCGAAGGTAGTCAGCTG_003,35
TGGGCGAAGGTAGTCAGCTG_004,147
TGGGCGAAGGTAGTCAGCTG_005,158
TGGGCGAAGGTAGTCAGCTG_006,27
TGGGCGAAGGTAGTCAGCTG_007,115
TGGGCGAAGGTAGTCAGCTG_008,154
TGGGCGAAGGTAGTCAGCTG_009,58
TGGGCGAAGGTAGTCAGCTG_010,58
TGGGCGAAGGTAGTCAGCTG_011,158
TGGGCGAAGGTAGTCAGCTG_012,137
TGGGCGAAGGTAGTCAGCTG_013,106
TGGGCGAAGGTAGTCAGCTG_014,70
TGGGCGAAGGTAGTCAGCTG_015,63
TGGGCGAAGGTAGTCAGCTG_016,55
TGGGCGAAGGTAGTCAGCTG_017,88
TGGGCGAAGGTAGTCAGCTG_018,145
TGGGCGAAGGTAGTCAGCTG_019,127
TGGGCGAAGGTAGTCAGCTG_020,45
TGGGCGAAGGTAGTCAGCTG_021,3
TGGGCGAAGGTAGTCAGCTG_022,33
TGGGCGAAGGTAGTCAGCTG_023,185
TGGGCGAAGGTAGTCAGCTG_024,146
TGGGCGAAGGTAGTCAGCTG_025,91
AGATCGCTAACACCCTCTAT_001,21
AGATCGCTAACACCCTCTAT_002,191
AGATCGCTAACACCCTCTAT_003,157
AGATCGCTAACACCCTCTAT_004,78
AGATCGCTAACACCCTCTAT_005,8
AGATCGCTAACACCCTCTAT_006,70
AGATCGCTAACACCCTCTAT_007,30
AGATCGCTAACACCCTCTAT_008,96
AGATCGCTAACACCCTCTAT_009,87
AGATCGCTAACACCCTCTAT_010,97
AGATCGCTAACACCCTCTAT_011,162
AGATCGCTAACACCCTCTAT_012,168
AGATCGCTAACACCCTCTAT_013,104
AGATCGCTAACACCCTCTAT_014,155
TCCATCCCCAGGCTTCATTG_001,141
TCCATCCCCAGGCTTCATTG_002,2
TCCATCCCCAGGCTTCATTG_003,15
TCCATCCCCAGGCTTCATTG_004,175
TCCATCCCCAGGCTTCATTG_005,158
TCCATCCCCAGGCTTCATTG_006,60
TCCATCCCCAGGCTTCATTG_007,73
TCCATCCCCAGGCTTCATTG_008,133
TCCATCCCCAGGCTTCATTG_009,163
TCCATCCCCAGGCTTCATTG_010,199
TCCATCCCCAGGCTTCATTG_011,107
TCCATCCCCAGGCTTCATTG_012,107
GCTTAGCAAAGGCGGGCTTG_001,85
GCTTAGCAAAGGCGGGCTTG_002,46
GCTTAGCAAAGGCGGGCTTG_003,175
GCTTAGCAAAGGCGGGCTTG_004,81
GCTTAGCAAAGGCGGGCTTG_005,92
GCTTAGCAAAGGCGGGCTTG_006,77
GCTTAGCAAAGGCGGGCTTG_007,117
GCTTAGCAAAGGCGGGCTTG_008,107
GCTTAGCAAAGGCGGGCTTG_009,84
GCTTAGCAAAGGCGGGCTTG_010,193
GCTTAGCAAAGGCGGGCTTG_011,51
GCTTAGCAAAGGCGGGCTTG_012,83
GCTTAGCAAAGGCGGGCTTG_013,82
GCTTAGCAAAGGCGGGCTTG_014,70
GCTTAGCAAAGGCGGGCTTG_015,110
GCTTAGCAAAGGCGGGCTTG_016,108
GCTTAGCAAAGGCGGGCTTG_017,108
GCTTAGCAAAGGCGGGCTTG_018,16
GCTTAGCAAAGGCGGGCTTG_019,17
GCTTAGCAAAGGCGGGCTTG_020,69
GCTTAGCAAAGGCGGGCTTG_021,101
GCTTAGCAAAGGCGGGCTTG_022,20
GCTTAGCAAAGGCGGGCTTG_023,105
GCTTAGCAAAGGCGGGCTTG_024,2
GCTTAGCAAAGGCGGGCTTG_025,49
GCTTAGCAAAGGCGGGCTTG_026,69
GCTTAGCAAAGGCGGGCTTG_027,118
GCTTAGCAAAGGCGGGCTTG_028,175
GCTTAGCAAAGGCGGGCTTG_029,108
GCTTAGCAAAGGCGGGCTTG_030,147
GCTTAGCAAAGGCGGGCTTG_031,167
GCTTAGCAAAGGCGGGCTTG_032,167
ACTGCAGGACCCAAGGAGCA_001,112
ACTGCAGGACCCAAGGAGCA_002,159
ACTGCAGGACCCAAGGAGCA_003,183
ACTGCAGGACCCAAGGAGCA_004,40
GACGAGAATGACCATAATCA_001,141
GACGAGAATGACCATAATCA_002,168
GACGAGAATGACCATAATCA_003,145
GACGAGAATGACCATAATCA_004,64
GACGAGAATGACCATAATCA_005,56
GACGAGAATGACCATAATCA_006,77
GACGAGAATGACCATAATCA_007,19
GACGAGAATGACCATAATCA_008,78
GACGAGAATGACCATAATCA_009,2
GCTAAAGGACTCACAATCAC_001,60
GCTAAAGGACTCACAATCAC_002,134
GCTAAAGGACTCACAATCAC_003,84
GCTAAAGGACTCACAATCAC_004,188
GCTAAAGGACTCACAATCAC_005,9
GATTCCAACTGTATCACACC_001,82
GATTCCAACTGTATCACACC_002,124
CAATCGCATCATCGGTGCCA_001,79
CAATCGCATCATCGGTGCCA_002,107
CAATCGCATCATCGGTGCCA_003,156
CAATCGCATCATCGGTGCCA_004,151
CAATCGCATCATCGGTGCCA_005,187
CAATCGCATCATCGGTGCCA_006,48
TACCGGGTGGACCATTACTT_001,166
GGCGAGGCTCCAAAACACAT_001,117
GGCGAGGCTCCAAAACACAT_002,158
TGCGACATAAGTTGTAAGGG_001,158
AGCCGTGTCCAGGTATTCGA_001,171
AGCCGTGTCCAGGTATTCGA_002,127
AGCCGTGTCCAGGTATTCGA_003,41
AGCCGTGTCCAGGTATTCGA_004,11
AGCCGTGTCCAGGTATTCGA_005,189
AGCCGTGTCCAGGTATTCGA_006,112
AGCCGTGTCCAGGTATTCGA_007,105
AGCCGTGTCCAGGTATTCGA_008,80
AGCCGTGTCCAGGTATTCGA_009,138
AGCCGTGTCCAGGTATTCGA_010,165
AGCCGTGTCCAGGTATTCGA_011,174
AGCCGTGTCCAGGTATTCGA_012,63
AGCCGTGTCCAGGTATTCGA_013,150
AGCCGTGTCCAGGTATTCGA_014,191
AGCCGTGTCCAGGTATTCGA_015,6
AGCCGTGTCCAGGTATTCGA_016,153
TGTCACCACATAATTACCTG_001,143
TGTCACCACATAATTACCTG_002,143
TGTCACCACATAATTACCTG_003,14
TGAATGCTAGAGCGTGCTCG_001,121
TGAATGCTAGAGCGTGCTCG_002,121
TGAATGCTAGAGCGTGCTCG_003,127
TGAATGCTAGAGCGTGCTCG_004,171
TGAATGCTAGAGCGTGCTCG_005,9
TGAATGCTAGAGCGTGCTCG_006,179
TTTCTAGAAGGCCAATGATG_001,12
TTTCTAGAAGGCCAATGATG_002,198
TTTCTAGAAGGCCAATGATG_003,170
TTTCTAGAAGGCCAATGATG_004,81
TTTCTAGAAGGCCAATGATG_005,137
TTTCTAGAAGGCCAATGATG_006,86
TTTCTAGAAGGCCAATGATG_007,114
TTTCTAGAAGGCCAATGATG_008,142
TTTCTAGAAGGCCAATGATG_009,113
TTTCTAGAAGGCCAATGATG_010,140
TTTCTAGAAGGCCAATGATG_011,0
TTTCTAGAAGGCCAATGATG_012,197
TTTCTAGAAGGCCAATGATG_013,138
TTCAGATGCTTGCTCTGTCA_001,82
AAAAGGATGCCATCGGAGTG_001,147
AAAAGGATGCCATCGGAGTG_002,172
AAAAGGATGCCATCGGAGTG_003,110
AAAAGGATGCCATCGGAGTG_004,160
AAAAGGATGCCATCGGAGTG_005,188
AAAAGGATGCCATCGGAGTG_006,59
AAAAGGATGCCATCGGAGTG_007,1
AAAAGGATGCCATCGGAGTG_008,172
CCACAATGTCCTCCCGACGA_001,133
CCACAATGTCCTCCCGACGA_002,127
GATGGCCTTACTGACCAGGG_001,34
GATGGCCTTACTGACCAGGG_002,138
GATGGCCTTACTGACCAGGG_003,186
GATGGCCTTACTGACCAGGG_004,83
GATGGCCTTACTGACCAGGG_005,20
GATGGCCTTACTGACCAGGG_006,41
GATGGCCTTACTGACCAGGG_007,144
GATGGCCTTACTGACCAGGG_008,191
GATGGCCTTACTGACCAGGG_009,162
GATGGCCTTACTGACCAGGG_010,199
GATGGCCTTACTGACCAGGG_011,33
GATGGCCTTACTGACCAGGG_012,137
GATGGCCTTACTGACCAGGG_013,56
GATGGCCTTACTGACCAGGG_014,1
TGGCAGTTCCATTTATCCAG_001,43
TGGCAGTTCCATTTATCCAG_002,177
TGGCAGTTCCATTTATCCAG_003,102
TGGCAGTTCCATTTATCCAG_004,141
TGGCAGTTCCATTTATCCAG_005,94
TGGCAGTTCCATTTATCCAG_006,30
TGGCAGTTCCATTTATCCAG_007,68
TGGCAGTTCCATTTATCCAG_008,175
TGGCAGTTCCATTTATCCAG_009,163
TGGCAGTTCCATTTATCCAG_010,90
TGGCAGTTCCATTTATCCAG_011,165
TGGCAGTTCCATTTATCCAG_012,106
AGCGTCGTACAAAGTAAGGC_001,140
AGCGTCGTACAAAGTAAGGC_002,166
AGCGTCGTACAAAGTAAGGC_003,15
GAGGACAAGAGCAAACCATG_001,88
GAGGACAAGAGCAAACCATG_002,58
GAGGACAAGAGCAAACCATG_003,53
GAGGACAAGAGCAAACCATG_004,48
GAGGACAAGAGCAAACCATG_005,43
GAGGACAAGAGCAAACCATG_006,147
GAGGACAAGAGCAAACCATG_007,147
GAGGACAAGAGCAAACCATG_008,76
GAGGACAAGAGCAAACCATG_009,77
GAGGACAAGAGCAAACCATG_010,43
GAGGACAAGAGCAAACCATG_011,35
GAGGACAAGAGCAAACCATG_012,43
GAGGACAAGAGCAAACCATG_013,169
GAGGACAAGAGCAAACCATG_014,126
GAGGACAAGAGCAAACCATG_015,6
GAGGACAAGAGCAAACCATG_016,64
GAGGACAAGAGCAAACCATG_017,97
GAGGACAAGAGCAAACCATG_018,134
GAGGACAAGAGCAAACCATG_019,18
GGAGCGGACTTGGTGACAGG_001,152
GGAGCGGACTTGGTGACAGG_002,20
GGAGCGGACTTGGTGACAGG_003,123
GGAGCGGACTTGGTGACAGG_004,66
GGAGCGGACTTGGTGACAGG_005,186
GGAGCGGACTTGGTGACAGG_006,124
GGGCAGTCGTCGGGGCACAG_001,17
GGGCAGTCGTCGGGGCACAG_002,58
GGGCAGTCGTCGGGGCACAG_003,83
GGGCAGTCGTCGGGGCACAG_004,118
GGGCAGTCGTCGGGGCACAG_005,171
GGGCAGTCGTCGGGGCACAG_006,59
GGGCAGTCGTCGGGGCACAG_007,42
GGGCAGTCGTCGGGGCACAG_008,1
GGGCAGTCGTCGGGGCACAG_009,63
GGGCAGTCGTCGGGGCACAG_010,88
GGGCAGTCGTCGGGGCACAG_011,45
GGGCAGTCGTCGGGGCACAG_012,41
AGGGTCTACACTATCCGGGA_001,188
AGGGTCTACACTATCCGGGA_002,79
AGGGTCTACACTATCCGGGA_003,7
AGGGTCTACACTATCCGGGA_004,50
AGGGTCTACACTATCCGGGA_005,94
AGGGTCTACACTATCCGGGA_006,48
CTTCAGGATCATCATATCGC_001,160
GTTCGTCACCAGTTGACTCT_001,99
GTTCGTCACCAGTTGACTCT_002,53
GTTCGTCACCAGTTGACTCT_003,23
GTTCGTCACCAGTTGACTCT_004,74
GTTCGTCACCAGTTGACTCT_005,35
GTTCGTCACCAGTTGACTCT_006,81
GTTCGTCACCAGTTGACTCT_007,145
GTTCGTCACCAGTTGACTCT_008,93
GTTCGTCACCAGTTGACTCT_009,134
GTTCGTCACCAGTTGACTCT_010,156
GTTCGTCACCAGTTGACTCT_011,72
GTTCGTCACCAGTTGACTCT_012,184
GTTCGTCACCAGTTGACTCT_013,145
GTTCGTCACCAGTTGACTCT_014,52
CCTGCAGGGGAGCTCCCAAG_001,60
CCTGCAGGGGAGCTCCCAAG_002,75
CCTGCAGGGGAGCTCCCAAG_003,102
CCTGCAGGGGAGCTCCCAAG_004,23
CCTGCAGGGGAGCTCCCAAG_005,23
CCTGCAGGGGAGCTCCCAAG_006,86
CCTGCAGGGGAGCTCCCAAG_007,86
CCTGCAGGGGAGCTCCCAAG_008,118
ATAGCATTGTATTTACCACA_001,12
ATAGCATTGTATTTACCACA_002,17
ATAGCATTGTATTTACCACA_003,93
ATAGCATTGTATTTACCACA_004,146
ATACGTGGCACAGAACGGAA_001,170
ATACGTGGCACAGAACGGAA_002,171
ATACGTGGCACAGAACGGAA_003,87
ATACGTGGCACAGAACGGAA_004,191
ATACGTGGCACAGAACGGAA_005,50
ATACGTGGCACAGAACGGAA_006,140
ATACGTGGCACAGAACGGAA_007,198
ATACGTGGCACAGAACGGAA_008,163
ATACGTGGCACAGAACGGAA_009,16
ATACGTGGCACAGAACGGAA_010,62
ATACGTGGCACAGAACGGAA_011,130
ATACGTGGCACAGAACGGAA_012,44
ATACGTGGCACAGAACGGAA_013,189
ATACGTGGCACAGAACGGAA_014,22
ATACGTGGCACAGAACGGAA_015,51
ATACGTGGCACAGAACGGAA_016,152
ATACGTGGCACAGAACGGAA_017,160
ATACGTGGCACAGAACGGAA_018,41
ATACGTGGCACAGAACGGAA_019,194
ATACGTGGCACAGAACGGAA_020,4
ATACGTGGCACAGAACGGAA_021,56
ATACGTGGCACAGAACGGAA_022,44
ATACGTGGCACAGAACGGAA_023,102
ATACGTGGCACAGAACGGAA_024,136
ATACGTGGCACAGAACGGAA_025,19
ATACGTGGCACAGAACGGAA_026,76
ATACGTGGCACAGAACGGAA_027,30
ATACGTGGCACAGAACGGAA_028,141
ATACGTGGCACAGAACGGAA_029,80
ATACGTGGCACAGAACGGAA_030,56
ATACGTGGCACAGAACGGAA_031,50
ATACGTGGCACAGAACGGAA_032,1
ATACGTGGCACAGAACGGAA_033,123
AAGGTGTATGTTGGTAACCT_001,63
AAGGTGTATGTTGGTAACCT_002,106
AAGGTGTATGTTGGTAACCT_003,76
AAGGTGTATGTTGGTAACCT_004,177
AAGGTGTATGTTGGTAACCT_005,82
AAGGTGTATGTTGGTAACCT_006,85
AAGGTGTATGTTGGTAACCT_007,133
AAGGTGTATGTTGGTAACCT_008,6
AGATCCTTTGACTATCATGG_001,70
AGATCCTTTGACTATCATGG_002,63
AGATCCTTTGACTATCATGG_003,106
AGATCCTTTGACTATCATGG_004,40
AGATCCTTTGACTATCATGG_005,77
AGATCCTTTGACTATCATGG_006,113
AGATCCTTTGACTATCATGG_007,52
AGATCCTTTGACTATCATGG_008,91
AGATCCTTTGACTATCATGG_009,52
AGATCCTTTGACTATCATGG_010,76
AGATCCTTTGACTATCATGG_011,117
AAGCCCTCCTTACAAATGGG_001,140
AAGCCCTCCTTACAAATGGG_002,169
AAGCCCTCCTTACAAATGGG_003,192
TGGGTCTTCATAGGACACTG_001,168
TGGGTCTTCATAGGACACTG_002,60
TGGGTCTTCATAGGACACTG_003,65
TGGGTCTTCATAGGACACTG_004,78
TGGGTCTTCATAGGACACTG_005,127
TGGGTCTTCATAGGACACTG_006,119
TGGGTCTTCATAGGACACTG_007,138
TGGGTCTTCATAGGACACTG_008,56
TGGGTCTTCATAGGACACTG_009,89
TGGGTCTTCATAGGACACTG_010,165
TGGGTCTTCATAGGACACTG_011,139
GACCACAACGATGAGTGGGG_001,99
GACCACAACGATGAGTGGGG_002,94
GACCACAACGATGAGTGGGG_003,94
GACCACAACGATGAGTGGGG_004,1
GACCACAACGATGAGTGGGG_005,58
GACCACAACGATGAGTGGGG_006,111
GACCACAACGATGAGTGGGG_007,195
GACCACAACGATGAGTGGGG_008,101
GACCACAACGATGAGTGGGG_009,81
GACCACAACGATGAGTGGGG_010,38
GACCACAACGATGAGTGGGG_011,129
GACCACAACGATGAGTGGGG_012,12
GACCACAACGATGAGTGGGG_013,3
GACCACAACGATGAGTGGGG_014,61
GACCACAACGATGAGTGGGG_015,165
GACCACAACGATGAGTGGGG_016,32
GACCACAACGATGAGTGGGG_017,20
GACCACAACGATGAGTGGGG_018,143
GACCACAACGATGAGTGGGG_019,176
GACCACAACGATGAGTGGGG_020,49
GACCACAACGATGAGTGGGG_021,34
GACCACAACGATGAGTGGGG_022,53
GACCACAACGATGAGTGGGG_023,105
GACCACAACGATGAGTGGGG_024,104
GACCACAACGATGAGTGGGG_025,36
GACCACAACGATGAGTGGGG_026,125
GACCACAACGATGAGTGGGG_027,6
GACCACAACGATGAGTGGGG_028,166
GACCACAACGATGAGTGGGG_029,166
CCAGTTGATATGCCAAGCAG_001,198
CCAGTTGATATGCCAAGCAG_002,17
CCAGTTGATATGCCAAGCAG_003,107
CCAGTTGATATGCCAAGCAG_004,70
CCAGTTGATATGCCAAGCAG_005,42
CCAGTTGATATGCCAAGCAG_006,67
CCAGTTGATATGCCAAGCAG_007,130
CCAGTTGATATGCCAAGCAG_008,112
CCAGTTGATATGCCAAGCAG_009,127
CCAGTTGATATGCCAAGCAG_010,49
CCAGTTGATATGCCAAGCAG_011,169
CCAGTTGATATGCCAAGCAG_012,152
CCAGTTGATATGCCAAGCAG_013,45
CCAGTTGATATGCCAAGCAG_014,43
CCAGTTGATATGCCAAGCAG_015,25
CCAGTTGATATGCCAAGCAG_016,16
CCAGTTGATATGCCAAGCAG_017,180
CCAGTTGATATGCCAAGCAG_018,17
GTAACAGTATTGGGTAGATG_001,94
TGATGAAGTTTGAGGTAAAG_001,151
TGATGAAGTTTGAGGTAAAG_002,8
TGATGAAGTTTGAGGTAAAG_003,76
TGATGAAGTTTGAGGTAAAG_004,116
TGATGAAGTTTGAGGTAAAG_005,147
TGATGAAGTTTGAGGTAAAG_006,168
TGATGAAGTTTGAGGTAAAG_007,105
TGATGAAGTTTGAGGTAAAG_008,49
TGATGAAGTTTGAGGTAAAG_009,103
TGATGAAGTTTGAGGTAAAG_010,174
TGATGAAGTTTGAGGTAAAG_011,99
TGATGAAGTTTGAGGTAAAG_012,91
AGACGCAGATCGGCTCCGCG_001,59
AGACGCAGATCGGCTCCGCG_002,69
GGCCACCTTACCCGAACATG_001,17
GGCCACCTTACCCGAACATG_002,53
GGCCACCTTACCCGAACATG_003,15
GGCCACCTTACCCGAACATG_004,127
GGCCACCTTACCCGAACATG_005,142
TTGCTGATCATAAATAGCTG_001,50
TTGCTGATCATAAATAGCTG_002,176
TTGCTGATCATAAATAGCTG_003,176
TTGCTGATCATAAATAGCTG_004,10
TTGCTGATCATAAATAGCTG_005,55
TTGCTGATCATAAATAGCTG_006,146
GATGTGTGTCTATCCAGCAT_001,154
GATGTGTGTCTATCCAGCAT_002,5
GATGTGTGTCTATCCAGCAT_003,140
GATGTGTGTCTATCCAGCAT_004,1
GATGTGTGTCTATCCAGCAT_005,13
GATGTGTGTCTATCCAGCAT_006,52
GATGTGTGTCTATCCAGCAT_007,79
GATGTGTGTCTATCCAGCAT_008,188
GATGTGTGTCTATCCAGCAT_009,55
GATGTGTGTCTATCCAGCAT_010,46
CTGCAAGTGTATGATTTGCC_001,191
CTGCAAGTGTATGATTTGCC_002,22
CTGCAAGTGTATGATTTGCC_003,183
CTGCAAGTGTATGATTTGCC_004,28
CTGCAAGTGTATGATTTGCC_005,192
CTGCAAGTGTATGATTTGCC_006,127
CTGCAAGTGTATGATTTGCC_007,176
CTTGGAAGAGTTCTACCAGC_001,70
CTTGGAAGAGTTCTACCAGC_002,144
CTTGGAAGAGTTCTACCAGC_003,72
CTTGGAAGAGTTCTACCAGC_004,160
CTTGGAAGAGTTCTACCAGC_005,15
CTTGGAAGAGTTCTACCAGC_006,148
CTTGGAAGAGTTCTACCAGC_007,155
CTTGGAAGAGTTCTACCAGC_008,27
GGGCACATTCAGAATTATGG_001,58
GGGCACATTCAGAATTATGG_002,42
GGGCACATTCAGAATTATGG_003,134
GGGCACATTCAGAATTATGG_004,146
GGGCACATTCAGAATTATGG_005,17
GGGCACATTCAGAATTATGG_006,16
GGGCACATTCAGAATTATGG_007,199
GGGCACATTCAGAATTATGG_008,173
GGGCACATTCAGAATTATGG_009,193
GTTGACAGACATCCCGACTC_001,157
GTTGACAGACATCCCGACTC_002,121
GTTGACAGACATCCCGACTC_003,53
GTTGACAGACATCCCGACTC_004,116
GTTGACAGACATCCCGACTC_005,55
TCAAGTGCCGCAACATACTG_001,12
TCAAGTGCCGCAACATACTG_002,78
TCAAGTGCCGCAACATACTG_003,131
TCAAGTGCCGCAACATACTG_004,188
TCAAGTGCCGCAACATACTG_005,76
TCAAGTGCCGCAACATACTG_006,123
TCAAGTGCCGCAACATACTG_007,53
TCAAGTGCCGCAACATACTG_008,17
TCAAGTGCCGCAACATACTG_009,46
TCAAGTGCCGCAACATACTG_010,34
TCAAGTGCCGCAACATACTG_011,6
TCAAGTGCCGCAACATACTG_012,129
TCAAGTGCCGCAACATACTG_013,152
TCAAGTGCCGCAACATACTG_014,98
TCAAGTGCCGCAACATACTG_015,31
GATGCTGCGGGATAACTCGG_001,149
GATGAAACAGATGTCAACAA_001,74
TGGAGCCTTGGAAACCGGGT_001,41
TGGAGCCTTGGAAACCGGGT_002,163
TGGAGCCTTGGAAACCGGGT_003,108
TGGAGCCTTGGAAACCGGGT_004,111
TGGAGCCTTGGAAACCGGGT_005,111
TGGAGCCTTGGAAACCGGGT_006,92
TGGAGCCTTGGAAACCGGGT_007,43
TGGAGCCTTGGAAACCGGGT_008,62
TGGAGCCTTGGAAACCGGGT_009,2
TGGAGCCTTGGAAACCGGGT_010,37
TGGAGCCTTGGAAACCGGGT_011,14
TGGAGCCTTGGAAACCGGGT_012,136
TGATACCTAGAAGTTGTAAG_001,53
TGATACCTAGAAGTTGTAAG_002,168
TGATACCTAGAAGTTGTAAG_003,82
TGATACCTAGAAGTTGTAAG_004,27
TGATACCTAGAAGTTGTAAG_005,83
TGATACCTAGAAGTTGTAAG_006,4
TGATACCTAGAAGTTGTAAG_007,169
TGATACCTAGAAGTTGTAAG_008,38
TGGAATATGACTGGATCCCA_001,148
TGGAATATGACTGGATCCCA_002,168
TGGAATATGACTGGATCCCA_003,121
TGAAACAACCTCACCACCGC_001,199
TGAAACAACCTCACCACCGC_002,171
TGAAACAACCTCACCACCGC_003,116
TGAAACAACCTCACCACCGC_004,197
TGAAACAACCTCACCACCGC_005,154
TGAAACAACCTCACCACCGC_006,145
TGAAACAACCTCACCACCGC_007,82
TGAAACAACCTCACCACCGC_008,171
TGAAACAACCTCACCACCGC_009,147
TGAAACAACCTCACCACCGC_010,8
TGAAACAACCTCACCACCGC_011,28
TGAAACAACCTCACCACCGC_012,173
TGAAACAACCTCACCACCGC_013,37
TGAAACAACCTCACCACCGC_014,153
TGAAACAACCTCACCACCGC_015,167
TGAAACAACCTCACCACCGC_016,132
TGAAACAACCTCACCACCGC_017,53
TGAAACAACCTCACCACCGC_018,62
TGAAACAACCTCACCACCGC_019,30
TGAAACAACCTCACCACCGC_020,32
TGAAACAACCTCACCACCGC_021,62
TGAAACAACCTCACCACCGC_022,13
TGAAACAACCTCACCACCGC_023,158
TGAAACAACCTCACCACCGC_024,197
AAGAATTAGGCACGGTTACT_001,94
AAGAATTAGGCACGGTTACT_002,117
AAGAATTAGGCACGGTTACT_003,149
AAGAATTAGGCACGGTTACT_004,175
AAGAATTAGGCACGGTTACT_005,40
AAGAATTAGGCACGGTTACT_006,50
AAGAATTAGGCACGGTTACT_007,169
AAGAATTAGGCACGGTTACT_008,133
AAGAATTAGGCACGGTTACT_009,176
AAGAATTAGGCACGGTTACT_010,168
AAGAATTAGGCACGGTTACT_011,11
AAGAATTAGGCACGGTTACT_012,148
AAGAATTAGGCACGGTTACT_013,9
AAGAATTAGGCACGGTTACT_014,184
AAGAATTAGGCACGGTTACT_015,162
AAGAATTAGGCACGGTTACT_016,35
AAGAATTAGGCACGGTTACT_017,72
AAGAATTAGGCACGGTTACT_018,68
AAGAATTAGGCACGGTTACT_019,14
AAGAATTAGGCACGGTTACT_020,94
AAGAATTAGGCACGGTTACT_021,151
AAGAATTAGGCACGGTTACT_022,132
AAGAATTAGGCACGGTTACT_023,146
AAGAATTAGGCACGGTTACT_024,158
AAGAATTAGGCACGGTTACT_025,52
AAGAATTAGGCACGGTTACT_026,22
AAGAATTAGGCACGGTTACT_027,134
AAGAATTAGGCACGGTTACT_028,81
GAGCCCCATCGGGGACATGA_001,49
GAGCCCCATCGGGGACATGA_002,175
GAGCCCCATCGGGGACATGA_003,70
GAGCCCCATCGGGGACATGA_004,48
GAGCCCCATCGGGGACATGA_005,191
GAGCCCCATCGGGGACATGA_006,17
GAGCCCCATCGGGGACATGA_007,158
GAGCCCCATCGGGGACATGA_008,141
GCACCTTCCATACCAATGCA_001,17
GCACCTTCCATACCAATGCA_002,17
GCACCTTCCATACCAATGCA_003,54
GCACCTTCCATACCAATGCA_004,77
GCACCTTCCATACCAATGCA_005,75
GCACCTTCCATACCAATGCA_006,184
GCACCTTCCATACCAATGCA_007,184
GCACCTTCCATACCAATGCA_008,23
GCACCTTCCATACCAATGCA_009,198
GCACCTTCCATACCAATGCA_010,179
GCACCTTCCATACCAATGCA_011,132
GCACCTTCCATACCAATGCA_012,42
GCACCTTCCATACCAATGCA_013,160
GCACCTTCCATACCAATGCA_014,90
GCACCTTCCATACCAATGCA_015,58
GCACCTTCCATACCAATGCA_016,105
GCACCTTCCATACCAATGCA_017,77
GCACCTTCCATACCAATGCA_018,33
GCACCTTCCATACCAATGCA_019,57
GCACCTTCCATACCAATGCA_020,4
GCACCTTCCATACCAATGCA_021,191
GCACCTTCCATACCAATGCA_022,78
GCACCTTCCATACCAATGCA_023,19
GCACCTTCCATACCAATGCA_024,81
CACGACAGTCTCAATGCTGT_001,129
CACGACAGTCTCAATGCTGT_002,96
CTGGTGAAGGAGCTCAACGC_001,63
CTGGTGAAGGAGCTCAACGC_002,166
CTGGTGAAGGAGCTCAACGC_003,196
CTGGTGAAGGAGCTCAACGC_004,8
CTGGTGAAGGAGCTCAACGC_005,102
CTTGTCACGGTATCCTCCCT_001,98
CTTGTCACGGTATCCTCCCT_002,83
CTTGTCACGGTATCCTCCCT_003,179
CTTGTCACGGTATCCTCCCT_004,188
CTTGTCACGGTATCCTCCCT_005,34
TGTTACATACACGCCCACGT_001,112
TGTTACATACACGCCCACGT_002,58
TGTTACATACACGCCCACGT_003,66
AGATATGGGTAGCTCAGATG_001,19
GGGCATCCCGACATCAGATG_001,49
GGGCATCCCGACATCAGATG_002,62
GGGCATCCCGACATCAGATG_003,50
GGGCATCCCGACATCAGATG_004,192
GGGCATCCCGACATCAGATG_005,172
GGGCATCCCGACATCAGATG_006,101
GGGCATCCCGACATCAGATG_007,127
GGGCATCCCGACATCAGATG_008,136
GGGCATCCCGACATCAGATG_009,196
GGGCATCCCGACATCAGATG_010,9
GGGCATCCCGACATCAGATG_011,111
GGGCATCCCGACATCAGATG_012,135
GAATTCTACTAAGTATCAGT_001,160
GAATTCTACTAAGTATCAGT_002,162
TGCCGTCACATCCATTTGAG_001,76
TGCCGTCACATCCATTTGAG_002,40
TGCCGTCACATCCATTTGAG_003,40
TGCCGTCACATCCATTTGAG_004,125
TGCCGTCACATCCATTTGAG_005,95
TGCCGTCACATCCATTTGAG_006,169
TGCCGTCACATCCATTTGAG_007,16
TGCCGTCACATCCATTTGAG_008,169
TGCCGTCACATCCATTTGAG_009,33
TGCCGTCACATCCATTTGAG_010,117
TGCCGTCACATCCATTTGAG_011,13
TGCCGTCACATCCATTTGAG_012,85
TGCCGTCACATCCATTTGAG_013,57
TGCCGTCACATCCATTTGAG_014,36
TGCCGTCACATCCATTTGAG_015,101
TGCCGTCACATCCATTTGAG_016,170
TGCCGTCACATCCATTTGAG_017,37
TGCCGTCACATCCATTTGAG_018,62
TGCCGTCACATCCATTTGAG_019,138
TGTACGCCAAGGGATCCGAG_001,49
TGTACGCCAAGGGATCCGAG_002,74
TGTACGCCAAGGGATCCGAG_003,165
TGTACGCCAAGGGATCCGAG_004,9
TGTACGCCAAGGGATCCGAG_005,147
TGTACGCCAAGGGATCCGAG_006,2
TGTACGCCAAGGGATCCGAG_007,41
TGTACGCCAAGGGATCCGAG_008,146
TGTACGCCAAGGGATCCGAG_009,190
TGTACGCCAAGGGATCCGAG_010,141
TGTACGCCAAGGGATCCGAG_011,81
TGTACGCCAAGGGATCCGAG_012,99
TGTACGCCAAGGGATCCGAG_013,38
TCACCTGTATTGGGTATACA_001,11
GGTTCCTGATTTGCAAACGA_001,29
GGTTCCTGATTTGCAAACGA_002,60
GGTTCCTGATTTGCAAACGA_003,48
GGTTCCTGATTTGCAAACGA_004,146
GGTTCCTGATTTGCAAACGA_005,115
GGTTCCTGATTTGCAAACGA_006,15
GGTTCCTGATTTGCAAACGA_007,45
AGGTCCTTCTCGTCTGACAG_001,113
AGGTCCTTCTCGTCTGACAG_002,49
AGGTCCTTCTCGTCTGACAG_003,103
AGGTCCTTCTCGTCTGACAG_004,141
AGGTCCTTCTCGTCTGACAG_005,8
AGGTCCTTCTCGTCTGACAG_006,41
AGGTCCTTCTCGTCTGACAG_007,12
AGGTCCTTCTCGTCTGACAG_008,121
AGGTCCTTCTCGTCTGACAG_009,138
CTCTTCGTGCACTACAGCAA_001,100
CTCTTCGTGCACTACAGCAA_002,192
CTCTTCGTGCACTACAGCAA_003,76
CTCTTCGTGCACTACAGCAA_004,68
CTCTTCGTGCACTACAGCAA_005,160
CTCTTCGTGCACTACAGCAA_006,165
CTCTTCGTGCACTACAGCAA_007,148
CTCTTCGTGCACTACAGCAA_008,136
CTCTTCGTGCACTACAGCAA_009,62
GAAAGGGGCCAACTTCCATG_001,106
GAAAGGGGCCAACTTCCATG_002,107
GAAAGGGGCCAACTTCCATG_003,170
GAAAGGGGCCAACTTCCATG_004,43
GAAAGGGGCCAACTTCCATG_005,91
GAAAGGGGCCAACTTCCATG_006,143
GAAAGGGGCCAACTTCCATG_007,2
GAAAGGGGCCAACTTCCATG_008,192
GAAAGGGGCCAACTTCCATG_009,39
GTTATCTCGCTGAACCACCG_001,19
GTTATCTCGCTGAACCACCG_002,19
GTTATCTCGCTGAACCACCG_003,23
GTTATCTCGCTGAACCACCG_004,148
GTTATCTCGCTGAACCACCG_005,60
GTTATCTCGCTGAACCACCG_006,175
GTTATCTCGCTGAACCACCG_007,104
GTTATCTCGCTGAACCACCG_008,63
GTTATCTCGCTGAACCACCG_009,168
TGACGTGCTGGTATACCTAG_001,175
TGACGTGCTGGTATACCTAG_002,151
TGACGTGCTGGTATACCTAG_003,115
TGACGTGCTGGTATACCTAG_004,146
CCCTAACAGCACCAATCATG_001,64
ATGAGCACAGAGAGCACCGT_001,36
ATGAGCACAGAGAGCACCGT_002,71
ATGAGCACAGAGAGCACCGT_003,121
ATGAGCACAGAGAGCACCGT_004,149
ATGAGCACAGAGAGCACCGT_005,28
ATGAGCACAGAGAGCACCGT_006,98
ATGAGCACAGAGAGCACCGT_007,143
ATGAGCACAGAGAGCACCGT_008,143
ATGAGCACAGAGAGCACCGT_009,170
ATGAGCACAGAGAGCACCGT_010,116
ATGAGCACAGAGAGCACCGT_011,183
ATGAGCACAGAGAGCACCGT_012,147
AAGGAGCCAATGGTGTCGTG_001,112
GGTAGTCGCCCATTACATTG_001,19
GGTAGTCGCCCATTACATTG_002,184
GGTAGTCGCCCATTACATTG_003,137
GGTAGTCGCCCATTACATTG_004,94
GGTAGTCGCCCATTACATTG_005,101
GGTAGTCGCCCATTACATTG_006,166
GCTGTGAGCTTCCACCCTGG_001,137
GCTGTGAGCTTCCACCCTGG_002,62
GCTGTGAGCTTCCACCCTGG_003,19
GCTGTGAGCTTCCACCCTGG_004,19
GCTGTGAGCTTCCACCCTGG_005,184
GCTGTGAGCTTCCACCCTGG_006,56
GCTGTGAGCTTCCACCCTGG_007,24
GCTGTGAGCTTCCACCCTGG_008,102
GCTGTGAGCTTCCACCCTGG_009,111
GCTGTGAGCTTCCACCCTGG_010,65
GCTGTGAGCTTCCACCCTGG_011,33
GCTGTGAGCTTCCACCCTGG_012,153
AGTACCGAGCTGATGTACGT_001,29
AGTACCGAGCTGATGTACGT_002,127
AGTACCGAGCTGATGTACGT_003,72
AGTACCGAGCTGATGTACGT_004,181
AGTACCGAGCTGATGTACGT_005,15
AGTACCGAGCTGATGTACGT_006,23
AGTACCGAGCTGATGTACGT_007,63
AGTACCGAGCTGATGTACGT_008,183
AGTACCGAGCTGATGTACGT_009,168
AGTACCGAGCTGATGTACGT_010,69
AGTACCGAGCTGATGTACGT_011,188
AGTACCGAGCTGATGTACGT_012,103
AGTACCGAGCTGATGTACGT_013,16
AGTACCGAGCTGATGTACGT_014,94
AGTACCGAGCTGATGTACGT_015,90
AGTACCGAGCTGATGTACGT_016,92
AGTACCGAGCTGATGTACGT_017,75
AGTACCGAGCTGATGTACGT_018,107
AGTACCGAGCTGATGTACGT_019,30
AGTACCGAGCTGATGTACGT_020,185
AGTACCGAGCTGATGTACGT_021,4
AGTACCGAGCTGATGTACGT_022,168
AGTACCGAGCTGATGTACGT_023,145
AGTACCGAGCTGATGTACGT_024,12
AGTACCGAGCTGATGTACGT_025,59
AGTACCGAGCTGATGTACGT_026,169
AGTACCGAGCTGATGTACGT_027,27
AGTACCGAGCTGATGTACGT_028,39
AGTACCGAGCTGATGTACGT_029,137
AGTACCGAGCTGATGTACGT_030,168
AGTACCGAGCTGATGTACGT_031,1
CCCATTGAAGGTCGACTGGG_001,24
CCCATTGAAGGTCGACTGGG_002,78
CCCATTGAAGGTCGACTGGG_003,69
CCCATTGAAGGTCGACTGGG_004,183
CCCATTGAAGGTCGACTGGG_005,29
CCCATTGAAGGTCGACTGGG_006,109
CCCATTGAAGGTCGACTGGG_007,109
CCCATTGAAGGTCGACTGGG_008,23
CCCATTGAAGGTCGACTGGG_009,102
CCCATTGAAGGTCGACTGGG_010,50
CCCATTGAAGGTCGACTGGG_011,40
CCCATTGAAGGTCGACTGGG_012,148
CCCATTGAAGGTCGACTGGG_013,29
CCCATTGAAGGTCGACTGGG_014,62
CCCATTGAAGGTCGACTGGG_015,144
CCCATTGAAGGTCGACTGGG_016,145
CCCATTGAAGGTCGACTGGG_017,199
CCCATTGAAGGTCGACTGGG_018,160
CCCATTGAAGGTCGACTGGG_019,41
CCCATTGAAGGTCGACTGGG_020,108
CCCATTGAAGGTCGACTGGG_021,6
CCCATTGAAGGTCGACTGGG_022,47
CCCATTGAAGGTCGACTGGG_023,169
CCCATTGAAGGTCGACTGGG_024,83
CCCATTGAAGGTCGACTGGG_025,9
CCCATTGAAGGTCGACTGGG_026,45
CCCATTGAAGGTCGACTGGG_027,105
CCCATTGAAGGTCGACTGGG_028,51
CCCATTGAAGGTCGACTGGG_029,78
CCCATTGAAGGTCGACTGGG_030,78
CCCATTGAAGGTCGACTGGG_031,114
CCCATTGAAGGTCGACTGGG_032,99
TCTGGGGAGCCCACTCAAGT_001,175
TCTGGGGAGCCCACTCAAGT_002,172
TCTGGGGAGCCCACTCAAGT_003,8
TCTGGGGAGCCCACTCAAGT_004,61
TCTGGGGAGCCCACTCAAGT_005,123
TCTGGGGAGCCCACTCAAGT_006,193
TCTGGGGAGCCCACTCAAGT_007,32
TCTGGGGAGCCCACTCAAGT_008,132
TCTGGGGAGCCCACTCAAGT_009,43
TCTGGGGAGCCCACTCAAGT_010,59
TCTGGGGAGCCCACTCAAGT_011,124
TCTGGGGAGCCCACTCAAGT_012,146
TTTGCATAAGGAGATCCGGT_001,116
TTGGCACAGAGAATGGAACT_001,43
TTGGCACAGAGAATGGAACT_002,160
TTGGCACAGAGAATGGAACT_003,28
TTGGCACAGAGAATGGAACT_004,153
TTGGCACAGAGAATGGAACT_005,158
TTGGCACAGAGAATGGAACT_006,162
TTGGCACAGAGAATGGAACT_007,163
TTGGCACAGAGAATGGAACT_008,160
TGGGTATCTTGTTTGCATGG_001,188
TGGGTATCTTGTTTGCATGG_002,66
GAAACCAGCTCTTTCCACCG_001,104
GAAACCAGCTCTTTCCACCG_002,33
GAAACCAGCTCTTTCCACCG_003,135
GAAACCAGCTCTTTCCACCG_004,62
TATAGAAAGTAATGACAGGT_001,5
TATAGAAAGTAATGACAGGT_002,61
CGCTTGAGGCTACAAGTCCA_001,55
CGCTTGAGGCTACAAGTCCA_002,29
CGCTTGAGGCTACAAGTCCA_003,169
CGCTTGAGGCTACAAGTCCA_004,179
CGCTTGAGGCTACAAGTCCA_005,103
CGCTTGAGGCTACAAGTCCA_006,179
CGCTTGAGGCTACAAGTCCA_007,188
CGCTTGAGGCTACAAGTCCA_008,63
CGCTTGAGGCTACAAGTCCA_009,8
CGCTTGAGGCTACAAGTCCA_010,105
CGCTTGAGGCTACAAGTCCA_011,77
AGTCGCCGTTTGATGCGAGA_001,173
AGTCGCCGTTTGATGCGAGA_002,28
AGTCGCCGTTTGATGCGAGA_003,4
AGTCGCCGTTTGATGCGAGA_004,14
AGTCGCCGTTTGATGCGAGA_005,155
AGTCGCCGTTTGATGCGAGA_006,89
AGTCGCCGTTTGATGCGAGA_007,71
AGTCGCCGTTTGATGCGAGA_008,160
AGTCGCCGTTTGATGCGAGA_009,158
AGTCGCCGTTTGATGCGAGA_010,34
AGTCGCCGTTTGATGCGAGA_011,38
AGTCGCCGTTTGATGCGAGA_012,10
AGTCGCCGTTTGATGCGAGA_013,10
AGTCGCCGTTTGATGCGAGA_014,142
AGTCGCCGTTTGATGCGAGA_015,72
AGTCGCCGTTTGATGCGAGA_016,180
AAGAAACTGATGTCTGACAA_001,153
AAGAAACTGATGTCTGACAA_002,128
AAGAAACTGATGTCTGACAA_003,69
AAGAAACTGATGTCTGACAA_004,4
AAGAAACTGATGTCTGACAA_005,183
AAGAAACTGATGTCTGACAA_006,54
CTTGGTACCACCCTCCAAGG_001,8
CTTGGTACCACCCTCCAAGG_002,38
CTTGGTACCACCCTCCAAGG_003,144
CTTGGTACCACCCTCCAAGG_004,134
CTTGGTACCACCCTCCAAGG_005,189
CTTGGTACCACCCTCCAAGG_006,138
CTTGGTACCACCCTCCAAGG_007,158
CTTGGTACCACCCTCCAAGG_008,149
GTTATTAAGCATGCAAACTC_001,86
GTTATTAAGCATGCAAACTC_002,41
GTTATTAAGCATGCAAACTC_003,82
GTTATTAAGCATGCAAACTC_004,189
GTTATTAAGCATGCAAACTC_005,150
GTTATTAAGCATGCAAACTC_006,135
GTTATTAAGCATGCAAACTC_007,172
GTTATTAAGCATGCAAACTC_008,175
GTTATTAAGCATGCAAACTC_009,39
CAACGGGGAAGATTGTAGAG_001,72
CAACGGGGAAGATTGTAGAG_002,48
CAACGGGGAAGATTGTAGAG_003,11
CAACGGGGAAGATTGTAGAG_004,64
CAACGGGGAAGATTGTAGAG_005,46
CAACGGGGAAGATTGTAGAG_006,19
CAACGGGGAAGATTGTAGAG_007,27
CAACGGGGAAGATTGTAGAG_008,37
CAACGGGGAAGATTGTAGAG_009,137
CAACGGGGAAGATTGTAGAG_010,0
CAACGGGGAAGATTGTAGAG_011,3
CAACGGGGAAGATTGTAGAG_012,98
CCTATGTGTACCCTGATGAG_001,59
CCTATGTGTACCCTGATGAG_002,113
CCTATGTGTACCCTGATGAG_003,88
GCAGGTAGATCATCACTCTA_001,0
GCAGGTAGATCATCACTCTA_002,61
GCAGGTAGATCATCACTCTA_003,164
GCAGGTAGATCATCACTCTA_004,138
GCAGGTAGATCATCACTCTA_005,194
GCAGGTAGATCATCACTCTA_006,100
GCAGGTAGATCATCACTCTA_007,64
GCAGGTAGATCATCACTCTA_008,62
GCAGGTAGATCATCACTCTA_009,49
GCAGGTAGATCATCACTCTA_010,102
GCAGGTAGATCATCACTCTA_011,125
CTACTCCGTATACGTGTACA_001,57
CTACTCCGTATACGTGTACA_002,90
CTACTCCGTATACGTGTACA_003,169
CTACTCCGTATACGTGTACA_004,191
CTACTCCGTATACGTGTACA_005,114
CTCACACCTGGCTGGCCGGG_001,25
CTCACACCTGGCTGGCCGGG_002,195
CTCACACCTGGCTGGCCGGG_003,115
CTCACACCTGGCTGGCCGGG_004,42
CTCACACCTGGCTGGCCGGG_005,77
CTCACACCTGGCTGGCCGGG_006,23
CTCACACCTGGCTGGCCGGG_007,169
CTCACACCTGGCTGGCCGGG_008,12
CTCACACCTGGCTGGCCGGG_009,154
CTCACACCTGGCTGGCCGGG_010,160
CTCACACCTGGCTGGCCGGG_011,94
CTCACACCTGGCTGGCCGGG_012,77
CTCACACCTGGCTGGCCGGG_013,32
CTCACACCTGGCTGGCCGGG_014,65
CTCACACCTGGCTGGCCGGG_015,149
CTCACACCTGGCTGGCCGGG_016,156
CTCACACCTGGCTGGCCGGG_017,198
CTCACACCTGGCTGGCCGGG_018,9
CTCACACCTGGCTGGCCGGG_019,84
CTCACACCTGGCTGGCCGGG_020,19
CTCACACCTGGCTGGCCGGG_021,19
GTGACCTGAAATGCTGAATC_001,160
GTGACCTGAAATGCTGAATC_002,171
GTGACCTGAAATGCTGAATC_003,83
GTGACCTGAAATGCTGAATC_004,83
GTGACCTGAAATGCTGAATC_005,146
GTGACCTGAAATGCTGAATC_006,34
TGCTAGTGAGCATCCAGGCA_001,48
TGCTAGTGAGCATCCAGGCA_002,48
TGCTAGTGAGCATCCAGGCA_003,142
TGCTAGTGAGCATCCAGGCA_004,52
TGCTAGTGAGCATCCAGGCA_005,63
TGCTAGTGAGCATCCAGGCA_006,174
TGCTAGTGAGCATCCAGGCA_007,3
TGTAGTGATGCGCGACGACA_001,136
TGTAGTGATGCGCGACGACA_002,50
TGTAGTGATGCGCGACGACA_003,23
TGTAGTGATGCGCGACGACA_004,117
TGTAGTGATGCGCGACGACA_005,22
TGTAGTGATGCGCGACGACA_006,40
TGTAGTGATGCGCGACGACA_007,94
TGTAGTGATGCGCGACGACA_008,82
TGTAGTGATGCGCGACGACA_009,115
TGTAGTGATGCGCGACGACA_010,158
TGTAGTGATGCGCGACGACA_011,85
TGTAGTGATGCGCGACGACA_012,115
TGTAGTGATGCGCGACGACA_013,49
TGTAGTGATGCGCGACGACA_014,7
TGTAGTGATGCGCGACGACA_015,141
TGTAGTGATGCGCGACGACA_016,47
TGTAGTGATGCGCGACGACA_017,12
TGTAGTGATGCGCGACGACA_018,79
TGTAGTGATGCGCGACGACA_019,125
TGTAGTGATGCGCGACGACA_020,168
TGTAGTGATGCGCGACGACA_021,39
TGTAGTGATGCGCGACGACA_022,177
CTCACATTGGAAACTAGCAG_001,157
CTCACATTGGAAACTAGCAG_002,43
CTCACATTGGAAACTAGCAG_003,126
CTCACATTGGAAACTAGCAG_004,115
CTCACATTGGAAACTAGCAG_005,58
GGATCTTCTACTTCAGTGCT_001,85
GGATCTTCTACTTCAGTGCT_002,93
GGATCTTCTACTTCAGTGCT_003,62
GGATCTTCTACTTCAGTGCT_004,185
GGATCTTCTACTTCAGTGCT_005,2
GGATCTTCTACTTCAGTGCT_006,160
GGATCTTCTACTTCAGTGCT_007,62
CAGGTTAAAACTAGACACAA_001,94
CAGGTTAAAACTAGACACAA_002,183
CAGGTTAAAACTAGACACAA_003,27
CAGGTTAAAACTAGACACAA_004,102
CAGGTTAAAACTAGACACAA_005,76
CAGGTTAAAACTAGACACAA_006,60
CAGGTTAAAACTAGACACAA_007,108
CAGGTTAAAACTAGACACAA_008,185
CAGGTTAAAACTAGACACAA_009,192
CAGGTTAAAACTAGACACAA_010,132
CAGGTTAAAACTAGACACAA_011,25
CAGGTTAAAACTAGACACAA_012,25
CAGGTTAAAACTAGACACAA_013,68
ATGATGTCTTCCCGGCAATG_001,140
ATGATGTCTTCCCGGCAATG_002,12
ATGATGTCTTCCCGGCAATG_003,129
ATGATGTCTTCCCGGCAATG_004,160
ATGATGTCTTCCCGGCAATG_005,17
ATGATGTCTTCCCGGCAATG_006,33
ATGATGTCTTCCCGGCAATG_007,57
ATGATGTCTTCCCGGCAATG_008,56
ATGATGTCTTCCCGGCAATG_009,50
GAGGTGCGGAATGTCATCGT_001,2
GAGGTGCGGAATGTCATCGT_002,46
GAGGTGCGGAATGTCATCGT_003,28
GAGGTGCGGAATGTCATCGT_004,68
GAGGTGCGGAATGTCATCGT_005,12
GAGGTGCGGAATGTCATCGT_006,12
GAGGTGCGGAATGTCATCGT_007,43
GAGGTGCGGAATGTCATCGT_008,185
GAGGTGCGGAATGTCATCGT_009,34
GAGGTGCGGAATGTCATCGT_010,142
GAGGTGCGGAATGTCATCGT_011,34
GAGGTGCGGAATGTCATCGT_012,66
GAGGTGCGGAATGTCATCGT_013,1
ACATCTGATGTCACACACTG_001,124
ACATCTGATGTCACACACTG_002,158
ACATCTGATGTCACACACTG_003,113
ACATCTGATGTCACACACTG_004,82
GCAGGAATCCAGTGGCATCG_001,93
GCAGGAATCCAGTGGCATCG_002,188
GCAGGAATCCAGTGGCATCG_003,52
GCAGGAATCCAGTGGCATCG_004,79
AAGCGGATTGTAGGATCTCA_001,123
AGGCTGGCTATGACGCGCTG_001,44
AGGCTGGCTATGACGCGCTG_002,158
AGGCTGGCTATGACGCGCTG_003,103
AGGCTGGCTATGACGCGCTG_004,105
AGGCTGGCTATGACGCGCTG_005,57
AGGCTGGCTATGACGCGCTG_006,65
AGGCTGGCTATGACGCGCTG_007,61
AGGCTGGCTATGACGCGCTG_008,103
AGGCTGGCTATGACGCGCTG_009,28
AGGCTGGCTATGACGCGCTG_010,176
AGGCTGGCTATGACGCGCTG_011,166
AGGCTGGCTATGACGCGCTG_012,88
AGGCTGGCTATGACGCGCTG_013,172
AGGCTGGCTATGACGCGCTG_014,34
AGGCTGGCTATGACGCGCTG_015,106
AGGCTGGCTATGACGCGCTG_016,25
AACTGGATATCAACTTAGAA_001,130
AACTGGATATCAACTTAGAA_002,74
CAGGCTATCTGAGCACTCTG_001,19
CAGGCTATCTGAGCACTCTG_002,170
CAGGCTATCTGAGCACTCTG_003,69
CAGGCTATCTGAGCACTCTG_004,188
CAGGCTATCTGAGCACTCTG_005,23
CAGGCTATCTGAGCACTCTG_006,152
CAGGCTATCTGAGCACTCTG_007,8
CAGGCTATCTGAGCACTCTG_008,154
CAGGCTATCTGAGCACTCTG_009,142
CAGGCTATCTGAGCACTCTG_010,178
CAGGCTATCTGAGCACTCTG_011,24
CAGGCTATCTGAGCACTCTG_012,97
CAGGCTATCTGAGCACTCTG_013,105
CAGGCTATCTGAGCACTCTG_014,168
CAGGCTATCTGAGCACTCTG_015,20
CAGGCTATCTGAGCACTCTG_016,72
CAGGCTATCTGAGCACTCTG_017,82
CAGGCTATCTGAGCACTCTG_018,147
CAGGCTATCTGAGCACTCTG_019,26
CAGGCTATCTGAGCACTCTG_020,169
CAGGCTATCTGAGCACTCTG_021,1
CAGGCTATCTGAGCACTCTG_022,138
CAGGCTATCTGAGCACTCTG_023,101
CAGGCTATCTGAGCACTCTG_024,69
CAGGCTATCTGAGCACTCTG_025,2
CAGGCTATCTGAGCACTCTG_026,178
CAGGCTATCTGAGCACTCTG_027,165
CAGGCTATCTGAGCACTCTG_028,127
CAGGCTATCTGAGCACTCTG_029,191
CAGGCTATCTGAGCACTCTG_030,22
CAGGCTATCTGAGCACTCTG_031,9
CAGGCTATCTGAGCACTCTG_032,121
CAGGCTATCTGAGCACTCTG_033,168
CAGGCTATCTGAGCACTCTG_034,105
CAGGCTATCTGAGCACTCTG_035,169
CAGGCTATCTGAGCACTCTG_036,198
CAGGCTATCTGAGCACTCTG_037,75
TACTGCTGTTCAGCGGCAAG_001,182
TACTGCTGTTCAGCGGCAAG_002,198
TACTGCTGTTCAGCGGCAAG_003,96
TACTGCTGTTCAGCGGCAAG_004,156
TACTGCTGTTCAGCGGCAAG_005,99
GGACTAATTATCTCACTAGG_001,27
GGACTAATTATCTCACTAGG_002,58
GAGGTGAGACATGTTACTGA_001,166
GAGGTGAGACATGTTACTGA_002,8
GAGGTGAGACATGTTACTGA_003,1
GAGGTGAGACATGTTACTGA_004,70
GAGGTGAGACATGTTACTGA_005,127
CAGCATTGCTGATCTCATGA_001,98
CAGCATTGCTGATCTCATGA_002,92
CAGCATTGCTGATCTCATGA_003,84
AACGGTTGCCCATCAACCGG_001,26
AACGGTTGCCCATCAACCGG_002,149
AACGGTTGCCCATCAACCGG_003,107
AACGGTTGCCCATCAACCGG_004,139
AACGGTTGCCCATCAACCGG_005,106
AACGGTTGCCCATCAACCGG_006,64
AACGGTTGCCCATCAACCGG_007,59
AACGGTTGCCCATCAACCGG_008,96
AACGGTTGCCCATCAACCGG_009,123
GCTTACATGTAACAGCGCAG_001,29
CTGGTCTCTCCAGTTCAGGA_001,124
CTGGTCTCTCCAGTTCAGGA_002,187
CTGGTCTCTCCAGTTCAGGA_003,114
ACAGAACGAATGTCCGCAAG_001,175
ACAGAACGAATGTCCGCAAG_002,92
ACAGAACGAATGTCCGCAAG_003,162
ACAGAACGAATGTCCGCAAG_004,168
CACCGTACAGATCAACGTGA_001,159
AAGCACGCATTGTGTTACAC_001,1
AAGCACGCATTGTGTTACAC_002,188
AAGCACGCATTGTGTTACAC_003,34
AAGCACGCATTGTGTTACAC_004,165
AAGCACGCATTGTGTTACAC_005,34
AAGCACGCATTGTGTTACAC_006,81
AAGCACGCATTGTGTTACAC_007,28
AAGCACGCATTGTGTTACAC_008,8
CTCTCTCCTACCTGTCCACC_001,45
CTCTCTCCTACCTGTCCACC_002,45
CTCTCTCCTACCTGTCCACC_003,50
CTCTCTCCTACCTGTCCACC_004,33
CTCTCTCCTACCTGTCCACC_005,16
CTCTCTCCTACCTGTCCACC_006,135
CTCTCTCCTACCTGTCCACC_007,89
CTCTCTCCTACCTGTCCACC_008,34
CTCTCTCCTACCTGTCCACC_009,188
CTCTCTCCTACCTGTCCACC_010,71
CTCTCTCCTACCTGTCCACC_011,180
CTCTCTCCTACCTGTCCACC_012,91
TCATACGCTCCTGAGCGCGC_001,86
TCATACGCTCCTGAGCGCGC_002,147
TCATACGCTCCTGAGCGCGC_003,151
CTTACCGACTGCATATGCTC_001,84
CTTACCGACTGCATATGCTC_002,6
CTTACCGACTGCATATGCTC_003,52
CTTACCGACTGCATATGCTC_004,143
CTTACCGACTGCATATGCTC_005,142
ACTCACCTTGTGGTCTAGCT_001,61
ACTCACCTTGTGGTCTAGCT_002,29
ACTCACCTTGTGGTCTAGCT_003,9
ACTCACCTTGTGGTCTAGCT_004,68
ACTCACCTTGTGGTCTAGCT_005,130
ACTCACCTTGTGGTCTAGCT_006,15
ACTCACCTTGTGGTCTAGCT_007,43
CTCCAAGAAGGCCGTGACCA_001,132
CTCCAAGAAGGCCGTGACCA_002,157
CTCCAAGAAGGCCGTGACCA_003,15
CTCCAAGAAGGCCGTGACCA_004,56
CTCCAAGAAGGCCGTGACCA_005,63
CTCCAAGAAGGCCGTGACCA_006,25
CTCCAAGAAGGCCGTGACCA_007,2
CTCCAAGAAGGCCGTGACCA_008,121
CTCCAAGAAGGCCGTGACCA_009,105
CTCCAAGAAGGCCGTGACCA_010,190
CTCCAAGAAGGCCGTGACCA_011,44
CTCCAAGAAGGCCGTGACCA_012,158
CTCCAAGAAGGCCGTGACCA_013,52
CTTACTCAAATGGGTCGCTG_001,117
CTTACTCAAATGGGTCGCTG_002,88
CTTACTCAAATGGGTCGCTG_003,169
CTTACTCAAATGGGTCGCTG_004,43
CTTACTCAAATGGGTCGCTG_005,180
CTTACTCAAATGGGTCGCTG_006,42
CTTACTCAAATGGGTCGCTG_007,174
CTTACTCAAATGGGTCGCTG_008,184
CTTACTCAAATGGGTCGCTG_009,134
CTTACTCAAATGGGTCGCTG_010,130
CTTACTCAAATGGGTCGCTG_011,147
CTTACTCAAATGGGTCGCTG_012,110
CTTACTCAAATGGGTCGCTG_013,122
CTTACTCAAATGGGTCGCTG_014,102
CTTACTCAAATGGGTCGCTG_015,163
CTTACTCAAATGGGTCGCTG_016,199
CTTACTCAAATGGGTCGCTG_017,19
CTTACTCAAATGGGTCGCTG_018,172
GCTGGACCGTTTCAACAGAG_001,111
GCTGGACCGTTTCAACAGAG_002,149
CAAAAGCACTCGCACAACGT_001,18
CAAAAGCACTCGCACAACGT_002,182
CAAAAGCACTCGCACAACGT_003,165
CAAAAGCACTCGCACAACGT_004,57
CAAAAGCACTCGCACAACGT_005,83
CAAAAGCACTCGCACAACGT_006,52
CAAAAGCACTCGCACAACGT_007,93
ATGGAGTCCACAGTTAACTC_001,181
ATGGAGTCCACAGTTAACTC_002,2
ATGGAGTCCACAGTTAACTC_003,15
ATGGAGTCCACAGTTAACTC_004,149
ATGGAGTCCACAGTTAACTC_005,32
CTTAAAGTTCAGCACCGCCC_001,149
GGATTGAATTCATTATGACG_001,159
GGATTGAATTCATTATGACG_002,168
GGATTGAATTCATTATGACG_003,168
TGGATTATAAGTATCTACGT_001,46
ACAGGTTTAATGAAGAGCTC_001,102
ACAGGTTTAATGAAGAGCTC_002,166
ACAGGTTTAATGAAGAGCTC_003,146
ACAGGTTTAATGAAGAGCTC_004,106
ACAGGTTTAATGAAGAGCTC_005,168
ACAGGTTTAATGAAGAGCTC_006,83
ACAGGTTTAATGAAGAGCTC_007,162
ACAGGTTTAATGAAGAGCTC_008,103
ACAGGTTTAATGAAGAGCTC_009,144
ACAGGTTTAATGAAGAGCTC_010,113
ACAGGTTTAATGAAGAGCTC_011,43
ACAGGTTTAATGAAGAGCTC_012,62
ACAGGTTTAATGAAGAGCTC_013,127
ACAGGTTTAATGAAGAGCTC_014,170
ACAGGTTTAATGAAGAGCTC_015,52
ACAGGTTTAATGAAGAGCTC_016,107
ACAGGTTTAATGAAGAGCTC_017,66
ACAGGTTTAATGAAGAGCTC_018,39
ACAGGTTTAATGAAGAGCTC_019,136
GCGGTGACCTTGCGGCACAG_001,21
GCGGTGACCTTGCGGCACAG_002,104
GCGGTGACCTTGCGGCACAG_003,20
GCGGTGACCTTGCGGCACAG_004,33
GCGGTGACCTTGCGGCACAG_005,154
GCGGTGACCTTGCGGCACAG_006,141
GCGGTGACCTTGCGGCACAG_007,177
GCGGTGACCTTGCGGCACAG_008,197
GCGGTGACCTTGCGGCACAG_009,4
GCGGTGACCTTGCGGCACAG_010,33
GCGGTGACCTTGCGGCACAG_011,38
GCGGTGACCTTGCGGCACAG_012,88
GCGGTGACCTTGCGGCACAG_013,77
GCGGTGACCTTGCGGCACAG_014,150
GCGGTGACCTTGCGGCACAG_015,141
GCGGTGACCTTGCGGCACAG_016,4
GCGGTGACCTTGCGGCACAG_017,100
GCGGTGACCTTGCGGCACAG_018,87
GCGGTGACCTTGCGGCACAG_019,28
GCGGTGACCTTGCGGCACAG_020,2
GCGGTGACCTTGCGGCACAG_021,88
GCGGTGACCTTGCGGCACAG_022,8
GCGGTGACCTTGCGGCACAG_023,20
GCGGTGACCTTGCGGCACAG_024,120
GCGGTGACCTTGCGGCACAG_025,48
GCGGTGACCTTGCGGCACAG_026,16
GCGGTGACCTTGCGGCACAG_027,175
GCGGTGACCTTGCGGCACAG_028,158
GCGGTGACCTTGCGGCACAG_029,70
GCGGTGACCTTGCGGCACAG_030,88
GCGGTGACCTTGCGGCACAG_031,77
GCGGTGACCTTGCGGCACAG_032,49
GCGGTGACCTTGCGGCACAG_033,183
GCGGTGACCTTGCGGCACAG_034,29
GCGGTGACCTTGCGGCACAG_035,94
GCGGTGACCTTGCGGCACAG_036,43
GCGGTGACCTTGCGGCACAG_037,110
GCGGTGACCTTGCGGCACAG_038,6
GCGGTGACCTTGCGGCACAG_039,199
GCGGTGACCTTGCGGCACAG_040,106
GCGGTGACCTTGCGGCACAG_041,0
GCGGTGACCTTGCGGCACAG_042,150
CATCAACAAAGAGAGCATTG_001,13
CATCAACAAAGAGAGCATTG_002,177
CATCAACAAAGAGAGCATTG_003,29
CATCAACAAAGAGAGCATTG_004,194
GGCTAGCGAAGTTCTCCGTG_001,172
GGCTAGCGAAGTTCTCCGTG_002,183
GGCTAGCGAAGTTCTCCGTG_003,74
GGCTAGCGAAGTTCTCCGTG_004,147
GGCTAGCGAAGTTCTCCGTG_005,151
GGCTAGCGAAGTTCTCCGTG_006,1
GGCTAGCGAAGTTCTCCGTG_007,44
GGCTAGCGAAGTTCTCCGTG_008,24
GGTAGAGGCAGATTTGCGAT_001,166
GGTAGAGGCAGATTTGCGAT_002,134
GGTAGAGGCAGATTTGCGAT_003,137
GGTAGAGGCAGATTTGCGAT_004,147
GGTAGAGGCAGATTTGCGAT_005,94
GGTAGAGGCAGATTTGCGAT_006,41
GGTAGAGGCAGATTTGCGAT_007,43
GGTAGAGGCAGATTTGCGAT_008,49
GGTAGAGGCAGATTTGCGAT_009,155
GGTAGAGGCAGATTTGCGAT_010,115
TATCAAGTATAAGAAGAACG_001,89
GCTGGCAAGATACATCCAGC_001,138
GCTGGCAAGATACATCCAGC_002,188
GCTGGCAAGATACATCCAGC_003,12
GCTGGCAAGATACATCCAGC_004,160
GCTGGCAAGATACATCCAGC_005,115
GCTGGCAAGATACATCCAGC_006,8
GCTGGCAAGATACATCCAGC_007,52
GCTGGCAAGATACATCCAGC_008,97
GCTGGCAAGATACATCCAGC_009,92
GCTGGCAAGATACATCCAGC_010,112
CCGGCCAAGGCCAAGGAGAC_001,129
GCTCGCGCTCCTGCACCGTG_001,34
GCTCGCGCTCCTGCACCGTG_002,49
GCTCGCGCTCCTGCACCGTG_003,45
GCTCGCGCTCCTGCACCGTG_004,85
GCTCGCGCTCCTGCACCGTG_005,134
GCTCGCGCTCCTGCACCGTG_006,114
GCTCGCGCTCCTGCACCGTG_007,168
GCTCGCGCTCCTGCACCGTG_008,94
GCTCGCGCTCCTGCACCGTG_009,75
GCTCGCGCTCCTGCACCGTG_010,177
GCTCGCGCTCCTGCACCGTG_011,132
GCTCGCGCTCCTGCACCGTG_012,44
GCTCGCGCTCCTGCACCGTG_013,5
GCTCGCGCTCCTGCACCGTG_014,145
GCTCGCGCTCCTGCACCGTG_015,198
GCTCGCGCTCCTGCACCGTG_016,165
GCTCGCGCTCCTGCACCGTG_017,37
GCTCGCGCTCCTGCACCGTG_018,62
GCTCGCGCTCCTGCACCGTG_019,105
GCTCGCGCTCCTGCACCGTG_020,67
GCTCGCGCTCCTGCACCGTG_021,74
GCTCGCGCTCCTGCACCGTG_022,39
GGCAACGCCAGGCATCATCG_001,170
GGCAACGCCAGGCATCATCG_002,147
GGCAACGCCAGGCATCATCG_003,158
GGCAACGCCAGGCATCATCG_004,170
GGCAACGCCAGGCATCATCG_005,112
GGCAACGCCAGGCATCATCG_006,6
GGCAACGCCAGGCATCATCG_007,37
GGCAACGCCAGGCATCATCG_008,123
GGCAACGCCAGGCATCATCG_009,112
GGCAACGCCAGGCATCATCG_010,2
GGCAACGCCAGGCATCATCG_011,17
GGCAACGCCAGGCATCATCG_012,1
GGCAACGCCAGGCATCATCG_013,115
GGCAACGCCAGGCATCATCG_014,39
GGCAACGCCAGGCATCATCG_015,168
CGATAAAAAGAAACTAGTGA_001,51
CGATAAAAAGAAACTAGTGA_002,107
CGATAAAAAGAAACTAGTGA_003,192
CGATAAAAAGAAACTAGTGA_004,67
CGATAAAAAGAAACTAGTGA_005,41
TGTACAGTTGCATCATGCTG_001,188
TGTACAGTTGCATCATGCTG_002,130
TGTACAGTTGCATCATGCTG_003,162
ACCACCGACGAGGATCTCGC_001,137
ACCACCGACGAGGATCTCGC_002,14
ACCACCGACGAGGATCTCGC_003,50
ACCACCGACGAGGATCTCGC_004,148
ACCACCGACGAGGATCTCGC_005,50
ACCACCGACGAGGATCTCGC_006,105
ACCACCGACGAGGATCTCGC_007,109
ACCACCGACGAGGATCTCGC_008,109
ACCACCGACGAGGATCTCGC_009,33
ACCACCGACGAGGATCTCGC_010,77
ACCACCGACGAGGATCTCGC_011,0
ACCACCGACGAGGATCTCGC_012,175
ACCACCGACGAGGATCTCGC_013,87
GAGGGCCACACGGCACGCGT_001,59
GAGGGCCACACGGCACGCGT_002,158
GAGGGCCACACGGCACGCGT_003,114
GAGGGCCACACGGCACGCGT_004,8
GAGGGCCACACGGCACGCGT_005,91
GAGGGCCACACGGCACGCGT_006,15
GAGGGCCACACGGCACGCGT_007,134
GAGGGCCACACGGCACGCGT_008,105
GAGGGCCACACGGCACGCGT_009,16
GAGGGCCACACGGCACGCGT_010,150
GAGGGCCACACGGCACGCGT_011,89
GAGGGCCACACGGCACGCGT_012,81
GAGGGCCACACGGCACGCGT_013,170
GAGGGCCACACGGCACGCGT_014,188
GAGGGCCACACGGCACGCGT_015,144
GAGGGCCACACGGCACGCGT_016,61
GAGGGCCACACGGCACGCGT_017,94
GAGGGCCACACGGCACGCGT_018,106
GAGGGCCACACGGCACGCGT_019,60
GAGGGCCACACGGCACGCGT_020,187
GAGGGCCACACGGCACGCGT_021,32
GAGGGCCACACGGCACGCGT_022,150
GAGGGCCACACGGCACGCGT_023,53
GAGGGCCACACGGCACGCGT_024,170
GAGGGCCACACGGCACGCGT_025,78
GAGGGCCACACGGCACGCGT_026,188
GAGGGCCACACGGCACGCGT_027,128
GGATAGCATCACTGCGCTGA_001,165
GGATAGCATCACTGCGCTGA_002,49
GGATAGCATCACTGCGCTGA_003,142
GGATAGCATCACTGCGCTGA_004,191
AATGATGAGGAACATGCCCA_001,134
AATGATGAGGAACATGCCCA_002,116
AATGATGAGGAACATGCCCA_003,142
AATGATGAGGAACATGCCCA_004,18
AATGATGAGGAACATGCCCA_005,147
AATGATGAGGAACATGCCCA_006,103
AATGATGAGGAACATGCCCA_007,147
AATGATGAGGAACATGCCCA_008,186
AATGATGAGGAACATGCCCA_009,2
AATGATGAGGAACATGCCCA_010,46
AATGATGAGGAACATGCCCA_011,147
AATGATGAGGAACATGCCCA_012,88
AATGATGAGGAACATGCCCA_013,159
AATGATGAGGAACATGCCCA_014,47
AATGATGAGGAACATGCCCA_015,178
AATGATGAGGAACATGCCCA_016,149
AATGATGAGGAACATGCCCA_017,32
AATGATGAGGAACATGCCCA_018,184
AATGATGAGGAACATGCCCA_019,49
AATGATGAGGAACATGCCCA_020,69
AATGATGAGGAACATGCCCA_021,84
AATGATGAGGAACATGCCCA_022,136
AATGATGAGGAACATGCCCA_023,63
AATGATGAGGAACATGCCCA_024,26
AATGATGAGGAACATGCCCA_025,140
AATGATGAGGAACATGCCCA_026,104
GGAGTGGCGGACATTAGAGT_001,135
GGAGTGGCGGACATTAGAGT_002,27
GGAGTGGCGGACATTAGAGT_003,19
GGAGTGGCGGACATTAGAGT_004,166
TTCAAGGCAAAAGTCCCGAC_001,106
TTCAAGGCAAAAGTCCCGAC_002,170
TTCAAGGCAAAAGTCCCGAC_003,62
TTCAAGGCAAAAGTCCCGAC_004,147
TTCAAGGCAAAAGTCCCGAC_005,174
TTCAAGGCAAAAGTCCCGAC_006,6
TTCAAGGCAAAAGTCCCGAC_007,97
GTCCCAGCATGGGTCTATCG_001,173
GTCCCAGCATGGGTCTATCG_002,188
GTCCCAGCATGGGTCTATCG_003,8
GTCCCAGCATGGGTCTATCG_004,33
GTCCCAGCATGGGTCTATCG_005,133
GTCCCAGCATGGGTCTATCG_006,182
GTCCCAGCATGGGTCTATCG_007,47
GTCCCAGCATGGGTCTATCG_008,150
GTCCCAGCATGGGTCTATCG_009,156
GTCCCAGCATGGGTCTATCG_010,147
GTCCCAGCATGGGTCTATCG_011,105
GTCCCAGCATGGGTCTATCG_012,17
GTCCCAGCATGGGTCTATCG_013,26
GGCCGGCGCCTATCAGTGTG_001,198
GGCCGGCGCCTATCAGTGTG_002,94
GGCCGGCGCCTATCAGTGTG_003,128
GGCCGGCGCCTATCAGTGTG_004,28
GGCCGGCGCCTATCAGTGTG_005,138
GGCCGGCGCCTATCAGTGTG_006,130
GGCCGGCGCCTATCAGTGTG_007,142
GGCCGGCGCCTATCAGTGTG_008,127
GGCCGGCGCCTATCAGTGTG_009,157
GGCCGGCGCCTATCAGTGTG_010,191
GGCCGGCGCCTATCAGTGTG_011,77
GGCCGGCGCCTATCAGTGTG_012,49
GGCCGGCGCCTATCAGTGTG_013,40
GGCCGGCGCCTATCAGTGTG_014,90
GGCCGGCGCCTATCAGTGTG_015,194
ACCTCAGCTATGCCGTACAG_001,188
ACCTCAGCTATGCCGTACAG_002,22
ACCTCAGCTATGCCGTACAG_003,198
ACCTCAGCTATGCCGTACAG_004,181
ACCTCAGCTATGCCGTACAG_005,168
TTTCAGATCTCACGCCACCT_001,183
TTTCAGATCTCACGCCACCT_002,111
TTTCAGATCTCACGCCACCT_003,140
TTTCAGATCTCACGCCACCT_004,85
TTTCAGATCTCACGCCACCT_005,146
TTTCAGATCTCACGCCACCT_006,157
CTGGTATTGTGACTAGTGAT_001,2
CTGGTATTGTGACTAGTGAT_002,92
CTGGTATTGTGACTAGTGAT_003,41
CTGGTATTGTGACTAGTGAT_004,50
CTGGTATTGTGACTAGTGAT_005,138
TAAGTACAGCATGAACCATG_001,151
TAAGTACAGCATGAACCATG_002,197
TAAGTACAGCATGAACCATG_003,16
TAAGTACAGCATGAACCATG_004,182
TAAGTACAGCATGAACCATG_005,63
TAAGTACAGCATGAACCATG_006,45
TAAGTACAGCATGAACCATG_007,146
AAAGCCTAGAAAATCAACTG_001,71
AAAGCCTAGAAAATCAACTG_002,81
AAAGCCTAGAAAATCAACTG_003,137
AAAGCCTAGAAAATCAACTG_004,94
AAAGCCTAGAAAATCAACTG_005,29
AAAGCCTAGAAAATCAACTG_006,12
AAAGCCTAGAAAATCAACTG_007,58
AAAGCCTAGAAAATCAACTG_008,150
AAAGCCTAGAAAATCAACTG_009,87
AAAGCCTAGAAAATCAACTG_010,8
AAAGCCTAGAAAATCAACTG_011,38
AAAGCCTAGAAAATCAACTG_012,57
AAAGCCTAGAAAATCAACTG_013,180
GGGGCAGGGACCGAGTATCC_001,107
GGGGCAGGGACCGAGTATCC_002,194
GGGGCAGGGACCGAGTATCC_003,70
GGGGCAGGGACCGAGTATCC_004,67
GGGGCAGGGACCGAGTATCC_005,154
GGGGCAGGGACCGAGTATCC_006,68
GGGGCAGGGACCGAGTATCC_007,59
GGGGCAGGGACCGAGTATCC_008,166
GGGGCAGGGACCGAGTATCC_009,146
GGGGCAGGGACCGAGTATCC_010,167
GGGGCAGGGACCGAGTATCC_011,8
GGGGCAGGGACCGAGTATCC_012,77
GGGGCAGGGACCGAGTATCC_013,43
GGGGCAGGGACCGAGTATCC_014,102
GGGGCAGGGACCGAGTATCC_015,165
GGGGCAGGGACCGAGTATCC_016,96
GGGGCAGGGACCGAGTATCC_017,102
GGGGCAGGGACCGAGTATCC_018,121
GGGGCAGGGACCGAGTATCC_019,105
GGGGCAGGGACCGAGTATCC_020,150
GGGGCAGGGACCGAGTATCC_021,197
GGGGCAGGGACCGAGTATCC_022,193
GGGGCAGGGACCGAGTATCC_023,143
GGGGCAGGGACCGAGTATCC_024,43
GGGGCAGGGACCGAGTATCC_025,48
GGGGCAGGGACCGAGTATCC_026,77
GGGGCAGGGACCGAGTATCC_027,169
GGGGCAGGGACCGAGTATCC_028,61
GGGGCAGGGACCGAGTATCC_029,75
GGGGCAGGGACCGAGTATCC_030,115
GGGGCAGGGACCGAGTATCC_031,62
GGGGCAGGGACCGAGTATCC_032,105
GGGGCAGGGACCGAGTATCC_033,38
GGGGCAGGGACCGAGTATCC_034,175
GGGGCAGGGACCGAGTATCC_035,188
GGGGCAGGGACCGAGTATCC_036,158
GGGGCAGGGACCGAGTATCC_037,188
GGGGCAGGGACCGAGTATCC_038,4
GGGGCAGGGACCGAGTATCC_039,78
GGGGCAGGGACCGAGTATCC_040,168
GGGGCAGGGACCGAGTATCC_041,166
GGGGCAGGGACCGAGTATCC_042,42
CAGGGGTTGAGGTCTCATGG_001,23
CAGGGGTTGAGGTCTCATGG_002,182
CAGGGGTTGAGGTCTCATGG_003,88
CAGGGGTTGAGGTCTCATGG_004,173
CAGGGGTTGAGGTCTCATGG_005,135
CAGGGGTTGAGGTCTCATGG_006,69
CAGGGGTTGAGGTCTCATGG_007,187
CAGGGGTTGAGGTCTCATGG_008,194
CAGGGGTTGAGGTCTCATGG_009,15
GTTCCAAAGATCATAACGGA_001,78
GTTCCAAAGATCATAACGGA_002,125
TTTCGATACAATGGCACAGT_001,61
TTTCGATACAATGGCACAGT_002,183
CAGCGAGTTCTTGCGGGAGT_001,163
CAGCGAGTTCTTGCGGGAGT_002,33
GTCCGGACCCTATTTGTCAG_001,72
GTCCGGACCCTATTTGTCAG_002,142
GTCCGGACCCTATTTGTCAG_003,49
GTCCGGACCCTATTTGTCAG_004,13
GTCCGGACCCTATTTGTCAG_005,70
GTCCGGACCCTATTTGTCAG_006,162
GTCCGGACCCTATTTGTCAG_007,16
GTCCGGACCCTATTTGTCAG_008,77
GTCCGGACCCTATTTGTCAG_009,8
GTCCGGACCCTATTTGTCAG_010,85
GTCCGGACCCTATTTGTCAG_011,166
CACCCCATAAGGGTATAGGG_001,23
CACCCCATAAGGGTATAGGG_002,14
CACCCCATAAGGGTATAGGG_003,113
CACCCCATAAGGGTATAGGG_004,4
CACCCCATAAGGGTATAGGG_005,62
TCAGCCAACTCTGTTCCCAA_001,115
TCAGCCAACTCTGTTCCCAA_002,197
TCAGCCAACTCTGTTCCCAA_003,32
TCAGCCAACTCTGTTCCCAA_004,160
TCAGCCAACTCTGTTCCCAA_005,198
TCCTGCAGGTACTTGGCGGG_001,54
TCCTGCAGGTACTTGGCGGG_002,133
TCCTGCAGGTACTTGGCGGG_003,62
TCCTGCAGGTACTTGGCGGG_004,147
TCCTGCAGGTACTTGGCGGG_005,48
TCCTGCAGGTACTTGGCGGG_006,8
TCCTGCAGGTACTTGGCGGG_007,146
TCCTGCAGGTACTTGGCGGG_008,166
TCCTGCAGGTACTTGGCGGG_009,70
TCCTGCAGGTACTTGGCGGG_010,135
TCCTGCAGGTACTTGGCGGG_011,103
TCCTGCAGGTACTTGGCGGG_012,145
CAGGACTTACAGATCGACCA_001,78
CAGGACTTACAGATCGACCA_002,185
CAGGACTTACAGATCGACCA_003,8
CAGGACTTACAGATCGACCA_004,45
CAGGACTTACAGATCGACCA_005,24
CAGGACTTACAGATCGACCA_006,85
CAGGACTTACAGATCGACCA_007,85
ATCCACATTGGTCAGAACGA_001,85
ATCCACATTGGTCAGAACGA_002,83
ATCCACATTGGTCAGAACGA_003,28
ATCCACATTGGTCAGAACGA_004,40
ATCCACATTGGTCAGAACGA_005,72
ATCCACATTGGTCAGAACGA_006,161
CCCTAGCCCGGACTTCAAGA_001,12
CCCTAGCCCGGACTTCAAGA_002,170
CCCTAGCCCGGACTTCAAGA_003,127
CCCTAGCCCGGACTTCAAGA_004,53
CCCTAGCCCGGACTTCAAGA_005,105
CCCTAGCCCGGACTTCAAGA_006,180
CCCTAGCCCGGACTTCAAGA_007,14
CCCTAGCCCGGACTTCAAGA_008,177
CCCTAGCCCGGACTTCAAGA_009,102
CCCTAGCCCGGACTTCAAGA_010,23
CCCTAGCCCGGACTTCAAGA_011,152
CCCTAGCCCGGACTTCAAGA_012,190
CCCTAGCCCGGACTTCAAGA_013,65
CCCTAGCCCGGACTTCAAGA_014,29
CCCTAGCCCGGACTTCAAGA_015,88
CCCTAGCCCGGACTTCAAGA_016,19
CCCTAGCCCGGACTTCAAGA_017,91
CCCTAGCCCGGACTTCAAGA_018,81
TCTGATTCGCCATCAACCCA_001,154
TCTGATTCGCCATCAACCCA_002,163
TCTGATTCGCCATCAACCCA_003,170
TCTGATTCGCCATCAACCCA_004,12
TCTGATTCGCCATCAACCCA_005,88
TCTGATTCGCCATCAACCCA_006,76
TCTGATTCGCCATCAACCCA_007,147
TCTGATTCGCCATCAACCCA_008,170
TCTGATTCGCCATCAACCCA_009,63
TCTGATTCGCCATCAACCCA_010,37
TGGTCAAGGACAATTGCCGG_001,145
TGGTCAAGGACAATTGCCGG_002,172
TGGTCAAGGACAATTGCCGG_003,60
TGGTCAAGGACAATTGCCGG_004,62
TGGTCAAGGACAATTGCCGG_005,25
TGGTCAAGGACAATTGCCGG_006,130
ACGTGCGGTGATGTCTCGCA_001,102
ACGTGCGGTGATGTCTCGCA_002,176
ACGTGCGGTGATGTCTCGCA_003,181
ACGTGCGGTGATGTCTCGCA_004,3
ACGTGCGGTGATGTCTCGCA_005,52
ACGTGCGGTGATGTCTCGCA_006,56
ACGTGCGGTGATGTCTCGCA_007,7
ACGTGCGGTGATGTCTCGCA_008,88
ACGTGCGGTGATGTCTCGCA_009,88
ACGTGCGGTGATGTCTCGCA_010,185
ACGTGCGGTGATGTCTCGCA_011,32
TAACCCTCTGCTCTACATGG_001,137
TAACCCTCTGCTCTACATGG_002,157
TTATTGGTGACCGACAGACT_001,77
TTATTGGTGACCGACAGACT_002,160
TTATTGGTGACCGACAGACT_003,127
TTATTGGTGACCGACAGACT_004,104
TTATTGGTGACCGACAGACT_005,149
TTATTGGTGACCGACAGACT_006,133
TTATTGGTGACCGACAGACT_007,83
TTATTGGTGACCGACAGACT_008,40
TTATTGGTGACCGACAGACT_009,137
GTTTGTAGGTCGTCAGAAAG_001,88
GTTTGTAGGTCGTCAGAAAG_002,118
GTTTGTAGGTCGTCAGAAAG_003,138
GTTTGTAGGTCGTCAGAAAG_004,32
GTTTGTAGGTCGTCAGAAAG_005,176
GTTTGTAGGTCGTCAGAAAG_006,166
GTTTGTAGGTCGTCAGAAAG_007,139
GTTTGTAGGTCGTCAGAAAG_008,47
GTTTGTAGGTCGTCAGAAAG_009,111
GTTTGTAGGTCGTCAGAAAG_010,150
GTTTGTAGGTCGTCAGAAAG_011,63
ACTCCCCTTGGACATATCCT_001,107
ACTCCCCTTGGACATATCCT_002,19
ACTCCCCTTGGACATATCCT_003,174
ACTCCCCTTGGACATATCCT_004,48
ACTCCCCTTGGACATATCCT_005,102
ACTCCCCTTGGACATATCCT_006,121
ACTCCCCTTGGACATATCCT_007,28
ACTCCCCTTGGACATATCCT_008,136
CAAGACCATCACCCTTGAGG_001,181
CAAGACCATCACCCTTGAGG_002,183
CAAGACCATCACCCTTGAGG_003,24
CAAGGCGCCACGCAAACAGT_001,89
CAAGGCGCCACGCAAACAGT_002,158
CAAGGCGCCACGCAAACAGT_003,166
CAAGGCGCCACGCAAACAGT_004,152
CAAGGCGCCACGCAAACAGT_005,62
CAAGGCGCCACGCAAACAGT_006,65
CAAGGCGCCACGCAAACAGT_007,42
CAAGGCGCCACGCAAACAGT_008,20
CAAGGCGCCACGCAAACAGT_009,174
GGATGGCCTCAACCATCTGA_001,7
GGATGGCCTCAACCATCTGA_002,29
GGATGGCCTCAACCATCTGA_003,50
GGATGGCCTCAACCATCTGA_004,149
GGATGGCCTCAACCATCTGA_005,78
GGATGGCCTCAACCATCTGA_006,7
GGATGGCCTCAACCATCTGA_007,19
GGATGGCCTCAACCATCTGA_008,75
GGATGGCCTCAACCATCTGA_009,158
GGATGGCCTCAACCATCTGA_010,58
GGATGGCCTCAACCATCTGA_011,14
GGATGGCCTCAACCATCTGA_012,28
GGATGGCCTCAACCATCTGA_013,123
GGATGGCCTCAACCATCTGA_014,43
GGATGGCCTCAACCATCTGA_015,121
GGATGGCCTCAACCATCTGA_016,8
GGATGGCCTCAACCATCTGA_017,192
GGATGGCCTCAACCATCTGA_018,58
GGGAAGACCTTCTCTCAGAG_001,138
GGGAAGACCTTCTCTCAGAG_002,170
GGGAAGACCTTCTCTCAGAG_003,6
GGGAAGACCTTCTCTCAGAG_004,36
GGGAAGACCTTCTCTCAGAG_005,191
GGGAAGACCTTCTCTCAGAG_006,49
GGGAAGACCTTCTCTCAGAG_007,166
TGGTGTACGCCCACTACGGG_001,76
TGGTGTACGCCCACTACGGG_002,56
TGGTGTACGCCCACTACGGG_003,129
TGGTGTACGCCCACTACGGG_004,91
TGGTGTACGCCCACTACGGG_005,142
TGGTGTACGCCCACTACGGG_006,147
TGGTGTACGCCCACTACGGG_007,144
TGGTGTACGCCCACTACGGG_008,160
TGGTGTACGCCCACTACGGG_009,15
TGGTGTACGCCCACTACGGG_010,105
TGGTGTACGCCCACTACGGG_011,115
TGGTGTACGCCCACTACGGG_012,175
TGGTGTACGCCCACTACGGG_013,45
TGGTGTACGCCCACTACGGG_014,72
TGGTGTACGCCCACTACGGG_015,141
TGGTGTACGCCCACTACGGG_016,189
TGGTGTACGCCCACTACGGG_017,19
TGGTGTACGCCCACTACGGG_018,185
TGGTGTACGCCCACTACGGG_019,122
TGGTGTACGCCCACTACGGG_020,149
TGGTGTACGCCCACTACGGG_021,188
TGGTGTACGCCCACTACGGG_022,56
TGGTGTACGCCCACTACGGG_023,1
TGGTGTACGCCCACTACGGG_024,183
TGGTGTACGCCCACTACGGG_025,28
TGGTGTACGCCCACTACGGG_026,156
TGGTGTACGCCCACTACGGG_027,45
TGGTGTACGCCCACTACGGG_028,3
TGGTGTACGCCCACTACGGG_029,3
CACACCTGACATGAACCGTG_001,17
CACACCTGACATGAACCGTG_002,4
CACACCTGACATGAACCGTG_003,3
CACACCTGACATGAACCGTG_004,72
CACACCTGACATGAACCGTG_005,108
CACACCTGACATGAACCGTG_006,12
CACACCTGACATGAACCGTG_007,1
CACACCTGACATGAACCGTG_008,144
CACACCTGACATGAACCGTG_009,129
CACACCTGACATGAACCGTG_010,83
CACACCTGACATGAACCGTG_011,43
CACACCTGACATGAACCGTG_012,15
CACACCTGACATGAACCGTG_013,30
CACACCTGACATGAACCGTG_014,58
ACAGTCGAACCTTTCCCAGA_001,43
ACAGTCGAACCTTTCCCAGA_002,9
ACAGTCGAACCTTTCCCAGA_003,43
ACAGTCGAACCTTTCCCAGA_004,168
ACAGTCGAACCTTTCCCAGA_005,61
ACAGTCGAACCTTTCCCAGA_006,46
ACAGTCGAACCTTTCCCAGA_007,1
ACAGTCGAACCTTTCCCAGA_008,16
ACAGTCGAACCTTTCCCAGA_009,35
ACAGTCGAACCTTTCCCAGA_010,160
ACAGTCGAACCTTTCCCAGA_011,145
ACAGTCGAACCTTTCCCAGA_012,76
ACAGTCGAACCTTTCCCAGA_013,70
CGACGACCAAGATAGTACCT_001,91
CGACGACCAAGATAGTACCT_002,146
CGACGACCAAGATAGTACCT_003,141
CGACGACCAAGATAGTACCT_004,168
GACAACGGCTTAAGGACCCT_001,19
GACAACGGCTTAAGGACCCT_002,29
GACAACGGCTTAAGGACCCT_003,96
GACAACGGCTTAAGGACCCT_004,12
GACAACGGCTTAAGGACCCT_005,88
GACAACGGCTTAAGGACCCT_006,149
GACAACGGCTTAAGGACCCT_007,81
GACAACGGCTTAAGGACCCT_008,73
GACAACGGCTTAAGGACCCT_009,199
GACAACGGCTTAAGGACCCT_010,88
GACAACGGCTTAAGGACCCT_011,71
GACAACGGCTTAAGGACCCT_012,65
GACAACGGCTTAAGGACCCT_013,70
GACAACGGCTTAAGGACCCT_014,41
GACAACGGCTTAAGGACCCT_015,153
GACAACGGCTTAAGGACCCT_016,32
GACAACGGCTTAAGGACCCT_017,145
GACAACGGCTTAAGGACCCT_018,151
GACAACGGCTTAAGGACCCT_019,64
GACAACGGCTTAAGGACCCT_020,69
GACAACGGCTTAAGGACCCT_021,40
GACAACGGCTTAAGGACCCT_022,51
GACAACGGCTTAAGGACCCT_023,176
GACAACGGCTTAAGGACCCT_024,80
GACAACGGCTTAAGGACCCT_025,2
GACAACGGCTTAAGGACCCT_026,9
GACAACGGCTTAAGGACCCT_027,133
GACAACGGCTTAAGGACCCT_028,161
GACAACGGCTTAAGGACCCT_029,174
GACAACGGCTTAAGGACCCT_030,24
GACAACGGCTTAAGGACCCT_031,129
GACAACGGCTTAAGGACCCT_032,166
GACAACGGCTTAAGGACCCT_033,188
GACAACGGCTTAAGGACCCT_034,169
GACAACGGCTTAAGGACCCT_035,10
GACAACGGCTTAAGGACCCT_036,72
GACAACGGCTTAAGGACCCT_037,129
GACAACGGCTTAAGGACCCT_038,158
GACAACGGCTTAAGGACCCT_039,147
AGGTTAATCGCCAGCCACAG_001,131
AGGTTAATCGCCAGCCACAG_002,68
AGGTTAATCGCCAGCCACAG_003,124
AGGTTAATCGCCAGCCACAG_004,191
AGGTTAATCGCCAGCCACAG_005,191
AGGTTAATCGCCAGCCACAG_006,45
AGGTTAATCGCCAGCCACAG_007,38
AGGTTAATCGCCAGCCACAG_008,15
AGGTTAATCGCCAGCCACAG_009,65
AGGTTAATCGCCAGCCACAG_010,88
AGGTTAATCGCCAGCCACAG_011,172
ATCCAGTTCCTGATCTCACG_001,0
ATCCAGTTCCTGATCTCACG_002,52
ATCCAGTTCCTGATCTCACG_003,79
ATCCAGTTCCTGATCTCACG_004,185
ATCCAGTTCCTGATCTCACG_005,140
ATCCAGTTCCTGATCTCACG_006,103
ATCCAGTTCCTGATCTCACG_007,184
ATCCAGTTCCTGATCTCACG_008,162
ATCCAGTTCCTGATCTCACG_009,166
CGCAAGGTCCACACCATTCG_001,45
CGCAAGGTCCACACCATTCG_002,169
TGTGAAAGGGCGATCCAGCG_001,15
TGTGAAAGGGCGATCCAGCG_002,154
TGTGAAAGGGCGATCCAGCG_003,51
TGTGAAAGGGCGATCCAGCG_004,147
TGTGAAAGGGCGATCCAGCG_005,72
TGTGAAAGGGCGATCCAGCG_006,51
TGGACTTGAGTGTGACGTTG_001,150
TGGACTTGAGTGTGACGTTG_002,122
TGGACTTGAGTGTGACGTTG_003,187
TGGACTTGAGTGTGACGTTG_004,2
TGGACTTGAGTGTGACGTTG_005,10
TGGACTTGAGTGTGACGTTG_006,49
TGGACTTGAGTGTGACGTTG_007,19
TGGACTTGAGTGTGACGTTG_008,127
TGGACTTGAGTGTGACGTTG_009,37
TGGACTTGAGTGTGACGTTG_010,191
TGGACTTGAGTGTGACGTTG_011,191
TGGACTTGAGTGTGACGTTG_012,78
TGGACTTGAGTGTGACGTTG_013,54
TGGACTTGAGTGTGACGTTG_014,24
TGGACTTGAGTGTGACGTTG_015,171
TGGACTTGAGTGTGACGTTG_016,187
TGGACTTGAGTGTGACGTTG_017,17
TGGACTTGAGTGTGACGTTG_018,185
TGGACTTGAGTGTGACGTTG_019,94
TGGACTTGAGTGTGACGTTG_020,49
TGGACTTGAGTGTGACGTTG_021,35
TGGACTTGAGTGTGACGTTG_022,108
TGGACTTGAGTGTGACGTTG_023,147
TGGACTTGAGTGTGACGTTG_024,31
TGGACTTGAGTGTGACGTTG_025,41
TGGACTTGAGTGTGACGTTG_026,16
TGGACTTGAGTGTGACGTTG_027,144
TGGACTTGAGTGTGACGTTG_028,27
TGGACTTGAGTGTGACGTTG_029,168
TGGACTTGAGTGTGACGTTG_030,35
TGGACTTGAGTGTGACGTTG_031,42
TGGACTTGAGTGTGACGTTG_032,175
TGGACTTGAGTGTGACGTTG_033,63
TGGACTTGAGTGTGACGTTG_034,101
TGGACTTGAGTGTGACGTTG_035,117
TGGACTTGAGTGTGACGTTG_036,65
TGGACTTGAGTGTGACGTTG_037,29
TGGACTTGAGTGTGACGTTG_038,6
TGGACTTGAGTGTGACGTTG_039,91
TGGACTTGAGTGTGACGTTG_040,184
TGGACTTGAGTGTGACGTTG_041,81
TGGACTTGAGTGTGACGTTG_042,45
TGGACTTGAGTGTGACGTTG_043,28
TGGACTTGAGTGTGACGTTG_044,175
TGGACTTGAGTGTGACGTTG_045,57
AATGCCATACGTGAATTGGG_001,27
AATGCCATACGTGAATTGGG_002,26
AATGCCATACGTGAATTGGG_003,190
AATGCCATACGTGAATTGGG_004,168
AATGCCATACGTGAATTGGG_005,70
ATTCAGGTTAAATCACCCAG_001,169
ATTCAGGTTAAATCACCCAG_002,43
ATTCAGGTTAAATCACCCAG_003,77
ATTCAGGTTAAATCACCCAG_004,0
ATTCAGGTTAAATCACCCAG_005,77
ATTCAGGTTAAATCACCCAG_006,144
ATTCAGGTTAAATCACCCAG_007,175
ATTCAGGTTAAATCACCCAG_008,145
ATTCAGGTTAAATCACCCAG_009,197
ATTCAGGTTAAATCACCCAG_010,88
ATTCAGGTTAAATCACCCAG_011,191
ATTCAGGTTAAATCACCCAG_012,103
ATTCAGGTTAAATCACCCAG_013,35
ATTCAGGTTAAATCACCCAG_014,169
ATTCAGGTTAAATCACCCAG_015,39
ATTCAGGTTAAATCACCCAG_016,158
AGTGGAGAGAGGCCGGACAT_001,191
AGTGGAGAGAGGCCGGACAT_002,68
AGTGGAGAGAGGCCGGACAT_003,23
AGTGGAGAGAGGCCGGACAT_004,161
AGTGGAGAGAGGCCGGACAT_005,105
AGTGGAGAGAGGCCGGACAT_006,181
AGTGGAGAGAGGCCGGACAT_007,107
AGTGGAGAGAGGCCGGACAT_008,141
AGTGGAGAGAGGCCGGACAT_009,175
AGTGGAGAGAGGCCGGACAT_010,16
AGTGGAGAGAGGCCGGACAT_011,178
AGTGGAGAGAGGCCGGACAT_012,27
AGTGGAGAGAGGCCGGACAT_013,33
AGTGGAGAGAGGCCGGACAT_014,16
AGTGGAGAGAGGCCGGACAT_015,63
AGTGGAGAGAGGCCGGACAT_016,39
AGTGGAGAGAGGCCGGACAT_017,61
GCTGCATCTAGACCTAGCCG_001,133
GCTGCATCTAGACCTAGCCG_002,175
GCTGCATCTAGACCTAGCCG_003,76
GCTGCATCTAGACCTAGCCG_004,183
GCTGCATCTAGACCTAGCCG_005,63
GCTGCATCTAGACCTAGCCG_006,19
GGAAGTTCTCAAACTACCCA_001,134
GGAAGTTCTCAAACTACCCA_002,48
GGAAGTTCTCAAACTACCCA_003,82
GGAAGTTCTCAAACTACCCA_004,170
GGAAGTTCTCAAACTACCCA_005,8
GGAAGTTCTCAAACTACCCA_006,84
GGAGTTATACAAGAACACGT_001,94
GGAGTTATACAAGAACACGT_002,78
GGAGTTATACAAGAACACGT_003,1
GGAGTTATACAAGAACACGT_004,40
GGAGTTATACAAGAACACGT_005,65
GGAGTTATACAAGAACACGT_006,163
GGAGTTATACAAGAACACGT_007,127
GGAGTTATACAAGAACACGT_008,62
CAGCCCGGAACTCAACAAAG_001,105
CAGCCCGGAACTCAACAAAG_002,137
CAGCCCGGAACTCAACAAAG_003,41
CAGCCCGGAACTCAACAAAG_004,104
CAGCCCGGAACTCAACAAAG_005,181
CAGCCCGGAACTCAACAAAG_006,41
CAGCCCGGAACTCAACAAAG_007,104
CAGCCCGGAACTCAACAAAG_008,127
CAGCCCGGAACTCAACAAAG_009,197
CAGCCCGGAACTCAACAAAG_010,171
CAGCCCGGAACTCAACAAAG_011,105
CAGCCCGGAACTCAACAAAG_012,115
CAGCCCGGAACTCAACAAAG_013,130
CAGCCCGGAACTCAACAAAG_014,150
CAGCCCGGAACTCAACAAAG_015,103
CAGCCCGGAACTCAACAAAG_016,153
CAGCCCGGAACTCAACAAAG_017,17
CAGCCCGGAACTCAACAAAG_018,152
CAGCCCGGAACTCAACAAAG_019,43
ATGGAGGTGTAACTCTACCA_001,157
ATGGAGGTGTAACTCTACCA_002,165
ATGGAGGTGTAACTCTACCA_003,16
ATGGAGGTGTAACTCTACCA_004,115
ATGGAGGTGTAACTCTACCA_005,17
ATGGAGGTGTAACTCTACCA_006,49
ATGGAGGTGTAACTCTACCA_007,59
ATGGAGGTGTAACTCTACCA_008,162
ATGGAGGTGTAACTCTACCA_009,139
GGTCATAAGCGAAGTTGGCG_001,176
GGTCATAAGCGAAGTTGGCG_002,169
GGTCATAAGCGAAGTTGGCG_003,44
GGTCATAAGCGAAGTTGGCG_004,184
GGTCATAAGCGAAGTTGGCG_005,103
GGTCATAAGCGAAGTTGGCG_006,186
GGTCATAAGCGAAGTTGGCG_007,24
GGTCATAAGCGAAGTTGGCG_008,139
GGTCATAAGCGAAGTTGGCG_009,183
GGTCATAAGCGAAGTTGGCG_010,199
GGTCATAAGCGAAGTTGGCG_011,113
GGTCATAAGCGAAGTTGGCG_012,111
GGTCATAAGCGAAGTTGGCG_013,2
GGTCATAAGCGAAGTTGGCG_014,61
GGTCATAAGCGAAGTTGGCG_015,29
GGTCATAAGCGAAGTTGGCG_016,63
GGTCATAAGCGAAGTTGGCG_017,92
GGTCATAAGCGAAGTTGGCG_018,122
GGTCATAAGCGAAGTTGGCG_019,95
GGTCATAAGCGAAGTTGGCG_020,126
TCCTGCTTGGTGGATCACCG_001,107
TCCTGCTTGGTGGATCACCG_002,48
TCCTGCTTGGTGGATCACCG_003,49
TCCTGCTTGGTGGATCACCG_004,186
TCCTGCTTGGTGGATCACCG_005,106
TCCTGCTTGGTGGATCACCG_006,34
TCCTGCTTGGTGGATCACCG_007,182
TCCTGCTTGGTGGATCACCG_008,169
TCCTGCTTGGTGGATCACCG_009,140
TCCTGCTTGGTGGATCACCG_010,184
TCCTGCTTGGTGGATCACCG_011,149
TCCTGCTTGGTGGATCACCG_012,15
TCCTGCTTGGTGGATCACCG_013,148
TCCTGCTTGGTGGATCACCG_014,16
TCCTGCTTGGTGGATCACCG_015,106
TCCTGCTTGGTGGATCACCG_016,60
TCCTGCTTGGTGGATCACCG_017,55
AGAGTGTGGATTCCACATGG_001,58
AGAGTGTGGATTCCACATGG_002,49
AGAGTGTGGATTCCACATGG_003,62
AGAGTGTGGATTCCACATGG_004,81
AGAGTGTGGATTCCACATGG_005,161
AGAGTGTGGATTCCACATGG_006,105
AGAGTGTGGATTCCACATGG_007,16
AGAGTGTGGATTCCACATGG_008,33
AGAGTGTGGATTCCACATGG_009,131
AGAGTGTGGATTCCACATGG_010,131
AGAGTGTGGATTCCACATGG_011,137
AGAGTGTGGATTCCACATGG_012,68
AGAGTGTGGATTCCACATGG_013,135
CAGATCTTACTTCACACCAG_001,118
CAGATCTTACTTCACACCAG_002,14
CAGATCTTACTTCACACCAG_003,33
CAGATCTTACTTCACACCAG_004,38
CAGATCTTACTTCACACCAG_005,150
CAGATCTTACTTCACACCAG_006,54
CAGATCTTACTTCACACCAG_007,31
CCTAAGTGATCAATCACCTC_001,120
CCTAAGTGATCAATCACCTC_002,160
GCCAAGCCCTCGGACACCGG_001,40
GCCAAGCCCTCGGACACCGG_002,197
GCCAAGCCCTCGGACACCGG_003,98
GCCAAGCCCTCGGACACCGG_004,88
GCCAAGCCCTCGGACACCGG_005,63
GCCAAGCCCTCGGACACCGG_006,33
GCCAAGCCCTCGGACACCGG_007,70
GCCAAGCCCTCGGACACCGG_008,75
GCCAAGCCCTCGGACACCGG_009,15
GCCAAGCCCTCGGACACCGG_010,62
GGTGGACGCTGCTCCCACTG_001,165
GGTGGACGCTGCTCCCACTG_002,73
GGTGGACGCTGCTCCCACTG_003,148
GGTGGACGCTGCTCCCACTG_004,142
GTCACAGCCCCCACTTCCAG_001,58
GTCACAGCCCCCACTTCCAG_002,166
GTCACAGCCCCCACTTCCAG_003,154
GTCACAGCCCCCACTTCCAG_004,95
GTCACAGCCCCCACTTCCAG_005,98
GTCACAGCCCCCACTTCCAG_006,123
GTCACAGCCCCCACTTCCAG_007,130
GTCACAGCCCCCACTTCCAG_008,152
GTCACAGCCCCCACTTCCAG_009,181
GTCACAGCCCCCACTTCCAG_010,29
GTCACAGCCCCCACTTCCAG_011,123
GTCACAGCCCCCACTTCCAG_012,130
GTCACAGCCCCCACTTCCAG_013,103
GTCACAGCCCCCACTTCCAG_014,151
GTCACAGCCCCCACTTCCAG_015,82
GTCACAGCCCCCACTTCCAG_016,124
GTCACAGCCCCCACTTCCAG_017,75
GTCACAGCCCCCACTTCCAG_018,40
GTCACAGCCCCCACTTCCAG_019,156
TGAGCTTACCCGAAAAGTGG_001,172
TGAGCTTACCCGAAAAGTGG_002,15
TGAGCTTACCCGAAAAGTGG_003,149
TGAGCTTACCCGAAAAGTGG_004,149
TGAGCTTACCCGAAAAGTGG_005,67
TGAGCTTACCCGAAAAGTGG_006,60
TGAGCTTACCCGAAAAGTGG_007,166
TGAGCTTACCCGAAAAGTGG_008,166
TGAGCTTACCCGAAAAGTGG_009,199
TGAGCTTACCCGAAAAGTGG_010,184
TGAGCTTACCCGAAAAGTGG_011,157
TGAGCTTACCCGAAAAGTGG_012,162
TGAGCTTACCCGAAAAGTGG_013,115
TGAGCTTACCCGAAAAGTGG_014,0
TGAGCTTACCCGAAAAGTGG_015,40
TGAGCTTACCCGAAAAGTGG_016,182
TGAGCTTACCCGAAAAGTGG_017,168
TGAGCTTACCCGAAAAGTGG_018,140
TGAGCTTACCCGAAAAGTGG_019,150
AGGACTCTACCTGTTTGCCA_001,91
AGGACTCTACCTGTTTGCCA_002,138
AGGACTCTACCTGTTTGCCA_003,1
AGGACTCTACCTGTTTGCCA_004,103
ACCAGGCCTCGACATCCCGG_001,158
ACCAGGCCTCGACATCCCGG_002,171
ACCAGGCCTCGACATCCCGG_003,181
ACCAGGCCTCGACATCCCGG_004,58
ACCAGGCCTCGACATCCCGG_005,6
ACCAGGCCTCGACATCCCGG_006,43
GGAGGAGAGGGACAAAGCTG_001,139
GGAGGAGAGGGACAAAGCTG_002,186
GGAGGAGAGGGACAAAGCTG_003,126
GGAGGAGAGGGACAAAGCTG_004,76
GGAGGAGAGGGACAAAGCTG_005,28
GGAGGAGAGGGACAAAGCTG_006,7
GGAGGAGAGGGACAAAGCTG_007,21
GGAGGAGAGGGACAAAGCTG_008,24
AGATTATTTGCAACAGCTCA_001,55
AGATTATTTGCAACAGCTCA_002,81
AGATTATTTGCAACAGCTCA_003,147
AGATTATTTGCAACAGCTCA_004,47
AGATTATTTGCAACAGCTCA_005,164
AGATTATTTGCAACAGCTCA_006,164
AGATTATTTGCAACAGCTCA_007,169
AGATTATTTGCAACAGCTCA_008,98
AGATTATTTGCAACAGCTCA_009,49
AGATTATTTGCAACAGCTCA_010,58
AGATTATTTGCAACAGCTCA_011,104
AGATTATTTGCAACAGCTCA_012,81
AGATTATTTGCAACAGCTCA_013,43
AGATTATTTGCAACAGCTCA_014,49
AGATTATTTGCAACAGCTCA_015,147
ATATGTTGGACGGTTACCAG_001,123
ATATGTTGGACGGTTACCAG_002,104
ATATGTTGGACGGTTACCAG_003,96
GCCACTCGGTGTCAAAGTGG_001,181
GCCACTCGGTGTCAAAGTGG_002,126
GCCACTCGGTGTCAAAGTGG_003,69
GCCACTCGGTGTCAAAGTGG_004,1
GGCTCCAAAATCACGCTGTG_001,11
GGCTCCAAAATCACGCTGTG_002,83
GGCTCCAAAATCACGCTGTG_003,70
GGCTCCAAAATCACGCTGTG_004,107
GGCTCCAAAATCACGCTGTG_005,50
GGCTCCAAAATCACGCTGTG_006,192
GGCTCCAAAATCACGCTGTG_007,74
GGCTCCAAAATCACGCTGTG_008,73
GGCTCCAAAATCACGCTGTG_009,62
GGCTCCAAAATCACGCTGTG_010,138
GGCTCCAAAATCACGCTGTG_011,160
GGCTCCAAAATCACGCTGTG_012,150
GGCTCCAAAATCACGCTGTG_013,71
GGCTCCAAAATCACGCTGTG_014,29
GGCTCCAAAATCACGCTGTG_015,42
GGCTCCAAAATCACGCTGTG_016,102
GGCTCCAAAATCACGCTGTG_017,80
GGCTCCAAAATCACGCTGTG_018,86
GGCTCCAAAATCACGCTGTG_019,170
GGCTCCAAAATCACGCTGTG_020,184
GGCTCCAAAATCACGCTGTG_021,58
GGCTCCAAAATCACGCTGTG_022,114
GGCTCCAAAATCACGCTGTG_023,6
GGCTCCAAAATCACGCTGTG_024,81
GGCTCCAAAATCACGCTGTG_025,149
GGCTCCAAAATCACGCTGTG_026,197
GGCTCCAAAATCACGCTGTG_027,103
TGGCTCCGGAAGGTGAAACA_001,27
TGGCTCCGGAAGGTGAAACA_002,82
TGGCTCCGGAAGGTGAAACA_003,62
TGGCTCCGGAAGGTGAAACA_004,16
TGGCTCCGGAAGGTGAAACA_005,158
TGGCTCCGGAAGGTGAAACA_006,177
AACACCGTGTGCCTCATGAG_001,5
AACACCGTGTGCCTCATGAG_002,88
AACACCGTGTGCCTCATGAG_003,112
AACACCGTGTGCCTCATGAG_004,102
AACACCGTGTGCCTCATGAG_005,161
AACACCGTGTGCCTCATGAG_006,123
AACACCGTGTGCCTCATGAG_007,125
AACACCGTGTGCCTCATGAG_008,121
AACACCGTGTGCCTCATGAG_009,173
AACACCGTGTGCCTCATGAG_010,9
AACACCGTGTGCCTCATGAG_011,157
AACACCGTGTGCCTCATGAG_012,169
CTATTATGTGAACTATCGCG_001,82
CTATTATGTGAACTATCGCG_002,13
CTATTATGTGAACTATCGCG_003,87
CTATTATGTGAACTATCGCG_004,58
CTATTATGTGAACTATCGCG_005,144
CTATTATGTGAACTATCGCG_006,40
CTATTATGTGAACTATCGCG_007,94
CTATTATGTGAACTATCGCG_008,19
ATACCAGCTCGACAAAGATG_001,94
ATACCAGCTCGACAAAGATG_002,121
ATACCAGCTCGACAAAGATG_003,43
ATACCAGCTCGACAAAGATG_004,94
AGCCTGTGGAGTGTAGCAAG_001,82
AGCCTGTGGAGTGTAGCAAG_002,149
AGCCTGTGGAGTGTAGCAAG_003,75
AGCCTGTGGAGTGTAGCAAG_004,81
AGCCTGTGGAGTGTAGCAAG_005,50
AAGGTGCAGGAATAGATGCG_001,17
AAGGTGCAGGAATAGATGCG_002,120
AAGGTGCAGGAATAGATGCG_003,183
TGCAGCAAGTTCACACACGG_001,7
TGCAGCAAGTTCACACACGG_002,22
TGCAGCAAGTTCACACACGG_003,15
TGCAGCAAGTTCACACACGG_004,183
TGCAGCAAGTTCACACACGG_005,101
TGCAGCAAGTTCACACACGG_006,119
TGCAGCAAGTTCACACACGG_007,78
TGCAGCAAGTTCACACACGG_008,103
TGCAGCAAGTTCACACACGG_009,107
TGCAGCAAGTTCACACACGG_010,96
TGCAGCAAGTTCACACACGG_011,43
TGCAGCAAGTTCACACACGG_012,148
TGCAGCAAGTTCACACACGG_013,36
TGCAGCAAGTTCACACACGG_014,155
TGCAGCAAGTTCACACACGG_015,108
TGCAGCAAGTTCACACACGG_016,157
TGCAGCAAGTTCACACACGG_017,185
TGCAGCAAGTTCACACACGG_018,120
TGCAGCAAGTTCACACACGG_019,193
TGCAGCAAGTTCACACACGG_020,81
TGCAGCAAGTTCACACACGG_021,14
TGCAGCAAGTTCACACACGG_022,169
TGCAGCAAGTTCACACACGG_023,198
TGCAGCAAGTTCACACACGG_024,19
TGCAGCAAGTTCACACACGG_025,194
TGCAGCAAGTTCACACACGG_026,49
TGCAGCAAGTTCACACACGG_027,174
TGCAGCAAGTTCACACACGG_028,26
TGCAGCAAGTTCACACACGG_029,147
TGCAGCAAGTTCACACACGG_030,45
TGCAGCAAGTTCACACACGG_031,50
TGCAGCAAGTTCACACACGG_032,56
TGCAGCAAGTTCACACACGG_033,70
TGCAGCAAGTTCACACACGG_034,78
TGCAGCAAGTTCACACACGG_035,176
TGCAGCAAGTTCACACACGG_036,69
TGCAGCAAGTTCACACACGG_037,150
TGCAGCAAGTTCACACACGG_038,166
TGCAGCAAGTTCACACACGG_039,188
TGCAGCAAGTTCACACACGG_040,73
TGCAGCAAGTTCACACACGG_041,38
TGCAGCAAGTTCACACACGG_042,191
TGCAGCAAGTTCACACACGG_043,78
TGCAGCAAGTTCACACACGG_044,55
TGCAGCAAGTTCACACACGG_045,191
TGCAGCAAGTTCACACACGG_046,124
TGCAGCAAGTTCACACACGG_047,123
TGCAGCAAGTTCACACACGG_048,70
TGCAGCAAGTTCACACACGG_049,170
TGCAGCAAGTTCACACACGG_050,124
TGCAGCAAGTTCACACACGG_051,103
TGCAGCAAGTTCACACACGG_052,165
TGCAGCAAGTTCACACACGG_053,116
TGCAGCAAGTTCACACACGG_054,104
TGCAGCAAGTTCACACACGG_055,105
TGGGTCCGACTCAACGTCGG_001,29
TGGGTCCGACTCAACGTCGG_002,17
TGGGTCCGACTCAACGTCGG_003,45
TGGGTCCGACTCAACGTCGG_004,44
TGGGTCCGACTCAACGTCGG_005,107
TGGTCTTTGACAAGACGGAA_001,170
TGGTCTTTGACAAGACGGAA_002,3
TGGTCTTTGACAAGACGGAA_003,127
TGGTCTTTGACAAGACGGAA_004,105
TGGTCTTTGACAAGACGGAA_005,9
TGGTCTTTGACAAGACGGAA_006,148
TGGTCTTTGACAAGACGGAA_007,102
TGGTCTTTGACAAGACGGAA_008,45
GATGCTTTGATTTATATGCA_001,17
GATGCTTTGATTTATATGCA_002,180
GATGCTTTGATTTATATGCA_003,10
AATGCAAAGTCCTACCTGGT_001,180
AATGCAAAGTCCTACCTGGT_002,12
TGCAAGTGATAGGTTTGCCA_001,38
TGCAAGTGATAGGTTTGCCA_002,94
TGCAAGTGATAGGTTTGCCA_003,2
TTGTCCAGTCTCATTAGCTG_001,60
TTGTCCAGTCTCATTAGCTG_002,6
TTGTCCAGTCTCATTAGCTG_003,157
TTGTCCAGTCTCATTAGCTG_004,28
TTGTCCAGTCTCATTAGCTG_005,158
TTGTCCAGTCTCATTAGCTG_006,124
TCGATATCTTAGATACAGCT_001,95
GTCCAGCCTCTCCGTCACAG_001,48
GTCCAGCCTCTCCGTCACAG_002,113
GTCCAGCCTCTCCGTCACAG_003,60
GTCCAGCCTCTCCGTCACAG_004,196
GTCCAGCCTCTCCGTCACAG_005,102
GTCCAGCCTCTCCGTCACAG_006,144
GTCCAGCCTCTCCGTCACAG_007,94
GTCCAGCCTCTCCGTCACAG_008,78
GTCCAGCCTCTCCGTCACAG_009,16
GTCCAGCCTCTCCGTCACAG_010,113
GTCCAGCCTCTCCGTCACAG_011,86
GTCCAGCCTCTCCGTCACAG_012,178
GTCCAGCCTCTCCGTCACAG_013,36
GTCCAGCCTCTCCGTCACAG_014,159
GTCCAGCCTCTCCGTCACAG_015,77
GTCCAGCCTCTCCGTCACAG_016,83
GTCCAGCCTCTCCGTCACAG_017,42
GTCCAGCCTCTCCGTCACAG_018,190
GTCCAGCCTCTCCGTCACAG_019,4
GTCCAGCCTCTCCGTCACAG_020,62
GTCCAGCCTCTCCGTCACAG_021,147
GTCCAGCCTCTCCGTCACAG_022,115
GTCCAGCCTCTCCGTCACAG_023,72
GTCCAGCCTCTCCGTCACAG_024,3
GTCCAGCCTCTCCGTCACAG_025,46
GTCCAGCCTCTCCGTCACAG_026,157
GACATGTTATGTCTTACCTG_001,141
GACATGTTATGTCTTACCTG_002,174
GGTGTGACGTATGCAGCCAA_001,69
GGTGTGACGTATGCAGCCAA_002,76
GGTGTGACGTATGCAGCCAA_003,54
GGTGTGACGTATGCAGCCAA_004,81
GGTGTGACGTATGCAGCCAA_005,50
GGTGTGACGTATGCAGCCAA_006,177
GGTGTGACGTATGCAGCCAA_007,78
GTCCCGCAACACTCTGGCAA_001,120
GTCCCGCAACACTCTGGCAA_002,61
GTCCCGCAACACTCTGGCAA_003,177
GTCCCGCAACACTCTGGCAA_004,48
GTCCCGCAACACTCTGGCAA_005,75
GTCCCGCAACACTCTGGCAA_006,172
GTCCCGCAACACTCTGGCAA_007,56
GTCCCGCAACACTCTGGCAA_008,94
GTCCCGCAACACTCTGGCAA_009,179
GTCCCGCAACACTCTGGCAA_010,119
GTCCCGCAACACTCTGGCAA_011,106
TAAAAACACCCCAAAGCACG_001,45
TAAAAACACCCCAAAGCACG_002,91
TAAAAACACCCCAAAGCACG_003,112
TAAAAACACCCCAAAGCACG_004,174
TAAAAACACCCCAAAGCACG_005,91
TAAAAACACCCCAAAGCACG_006,23
AGAAGAGCTTCGGACTACTG_001,73
AGAAGAGCTTCGGACTACTG_002,156
AGAAGAGCTTCGGACTACTG_003,168
AGAAGAGCTTCGGACTACTG_004,153
CTGTCCAGCGGGGATTTAGG_001,144
CTGTCCAGCGGGGATTTAGG_002,196
CTGTCCAGCGGGGATTTAGG_003,43
CTGTCCAGCGGGGATTTAGG_004,192
CTGTCCAGCGGGGATTTAGG_005,117
CTGTCCAGCGGGGATTTAGG_006,28
CTGTCCAGCGGGGATTTAGG_007,150
CTGTCCAGCGGGGATTTAGG_008,174
CTGTCCGCAAGAACCAAGCG_001,93
CTGTCCGCAAGAACCAAGCG_002,166
CTGTCCGCAAGAACCAAGCG_003,26
CTGTCCGCAAGAACCAAGCG_004,149
CTGTCCGCAAGAACCAAGCG_005,136
CTGTCCGCAAGAACCAAGCG_006,17
CTGTCCGCAAGAACCAAGCG_007,185
GTCGCTGGGTATCAAGCACG_001,120
GTCGCTGGGTATCAAGCACG_002,17
GTCGCTGGGTATCAAGCACG_003,80
GTCGCTGGGTATCAAGCACG_004,114
GTCGCTGGGTATCAAGCACG_005,169
GTCGCTGGGTATCAAGCACG_006,28
GTCGCTGGGTATCAAGCACG_007,0
GTCGCTGGGTATCAAGCACG_008,3
CTACCGGGAAATCCTCGTGA_001,84
CTACCGGGAAATCCTCGTGA_002,115
CTACCGGGAAATCCTCGTGA_003,78
CTACCGGGAAATCCTCGTGA_004,58
CTACCGGGAAATCCTCGTGA_005,132
CTACCGGGAAATCCTCGTGA_006,35
CTACCGGGAAATCCTCGTGA_007,29
CTACCGGGAAATCCTCGTGA_008,74
CTACCGGGAAATCCTCGTGA_009,58
CTACCGGGAAATCCTCGTGA_010,33
AGTATCTACTCCCCTACCGG_001,94
AGTATCTACTCCCCTACCGG_002,87
AGTATCTACTCCCCTACCGG_003,9
AGTATCTACTCCCCTACCGG_004,46
AGTATCTACTCCCCTACCGG_005,49
AGCATTAAGAGCGTGTTTGG_001,88
AGCATTAAGAGCGTGTTTGG_002,113
AGCATTAAGAGCGTGTTTGG_003,56
AGCATTAAGAGCGTGTTTGG_004,75
AGCATTAAGAGCGTGTTTGG_005,111
AGCATTAAGAGCGTGTTTGG_006,178
CTATTACCACAGAGAGACAG_001,80
CTATTACCACAGAGAGACAG_002,104
CTATTACCACAGAGAGACAG_003,77
CTATTACCACAGAGAGACAG_004,46
CTATTACCACAGAGAGACAG_005,37
CTATTACCACAGAGAGACAG_006,125
CTATTACCACAGAGAGACAG_007,196
CTATTACCACAGAGAGACAG_008,2
CTATTACCACAGAGAGACAG_009,10
CTATTACCACAGAGAGACAG_010,168
CTATTACCACAGAGAGACAG_011,14
CTATTACCACAGAGAGACAG_012,0
CTATTACCACAGAGAGACAG_013,124
CTATTACCACAGAGAGACAG_014,77
CTATTACCACAGAGAGACAG_015,49
CTATTACCACAGAGAGACAG_016,152
GGGAATGAGTAATGCCGGCG_001,172
GGGAATGAGTAATGCCGGCG_002,131
GGGAATGAGTAATGCCGGCG_003,188
GGGAATGAGTAATGCCGGCG_004,78
GGGCGTGAGGAACTTCACTG_001,45
GGGCGTGAGGAACTTCACTG_002,25
GGGCGTGAGGAACTTCACTG_003,48
GGGCGTGAGGAACTTCACTG_004,149
GGGCGTGAGGAACTTCACTG_005,32
GGGCGTGAGGAACTTCACTG_006,45
GGGCGTGAGGAACTTCACTG_007,50
GGGCGTGAGGAACTTCACTG_008,147
GGGCGTGAGGAACTTCACTG_009,105
GGGCGTGAGGAACTTCACTG_010,102
GGGCGTGAGGAACTTCACTG_011,177
GGGCGTGAGGAACTTCACTG_012,1
GGGCGTGAGGAACTTCACTG_013,55
GGGCGTGAGGAACTTCACTG_014,99
TGCCCCGAAGACATGCCCTG_001,0
TGCCCCGAAGACATGCCCTG_002,119
TGCCCCGAAGACATGCCCTG_003,72
TGCCCCGAAGACATGCCCTG_004,22
TGCCCCGAAGACATGCCCTG_005,53
TGCCCCGAAGACATGCCCTG_006,147
TGCCCCGAAGACATGCCCTG_007,166
TGCCCCGAAGACATGCCCTG_008,166
TGCCCCGAAGACATGCCCTG_009,38
TGCCCCGAAGACATGCCCTG_010,109
TGCCCCGAAGACATGCCCTG_011,2
TGCCCCGAAGACATGCCCTG_012,152
TGCCCCGAAGACATGCCCTG_013,9
TGCCCCGAAGACATGCCCTG_014,64
TGCCCCGAAGACATGCCCTG_015,68
TGCCCCGAAGACATGCCCTG_016,26
TGCCCCGAAGACATGCCCTG_017,55
TGCCCCGAAGACATGCCCTG_018,41
TGCCCCGAAGACATGCCCTG_019,151
TGCCCCGAAGACATGCCCTG_020,41
TGCCCCGAAGACATGCCCTG_021,158
TGCCCCGAAGACATGCCCTG_022,106
TGCCCCGAAGACATGCCCTG_023,127
TGCCCCGAAGACATGCCCTG_024,107
TGCCCCGAAGACATGCCCTG_025,192
TGCCCCGAAGACATGCCCTG_026,29
TGCCCCGAAGACATGCCCTG_027,138
TGCCCCGAAGACATGCCCTG_028,150
TGCCCCGAAGACATGCCCTG_029,28
TGCCCCGAAGACATGCCCTG_030,82
TGCCCCGAAGACATGCCCTG_031,160
TGCCCCGAAGACATGCCCTG_032,180
TGCCCCGAAGACATGCCCTG_033,63
ACCCTACCTTCAGAAAATTG_001,164
ACCCTACCTTCAGAAAATTG_002,164
ACCCTACCTTCAGAAAATTG_003,71
ACCCTACCTTCAGAAAATTG_004,99
ACCCTACCTTCAGAAAATTG_005,29
ACCCTACCTTCAGAAAATTG_006,13
ACCCTACCTTCAGAAAATTG_007,12
ACCCTACCTTCAGAAAATTG_008,146
CATGGCATGTCCGAACGAGG_001,181
CATGGCATGTCCGAACGAGG_002,121
ATGGCCGCTACTCACTACCA_001,175
ATGGCCGCTACTCACTACCA_002,43
ATGGCCGCTACTCACTACCA_003,57
ATGGCCGCTACTCACTACCA_004,183
ATGGCCGCTACTCACTACCA_005,184
ATGGCCGCTACTCACTACCA_006,76
ATGGCCGCTACTCACTACCA_007,134
ATGGCCGCTACTCACTACCA_008,60
ATGGCCGCTACTCACTACCA_009,189
ATGGCCGCTACTCACTACCA_010,175
ATTACTATGATCCGACAACA_001,172
ATTACTATGATCCGACAACA_002,172
CAATGGATTTCCGGACGACT_001,197
GCGGTATGGACTCTCCACGC_001,145
GCGGTATGGACTCTCCACGC_002,75
GCGGTATGGACTCTCCACGC_003,84
GCGGTATGGACTCTCCACGC_004,48
GGCCGAGATCAGTATCAACG_001,77
GGCCGAGATCAGTATCAACG_002,2
GGCCGAGATCAGTATCAACG_003,116
GGCCGAGATCAGTATCAACG_004,43
GGCCGAGATCAGTATCAACG_005,68
GGCCGAGATCAGTATCAACG_006,24
GGCCGAGATCAGTATCAACG_007,147
GGCCGAGATCAGTATCAACG_008,110
GGCCGAGATCAGTATCAACG_009,126
GGCCGAGATCAGTATCAACG_010,29
GGCCGAGATCAGTATCAACG_011,148
GGCCGAGATCAGTATCAACG_012,56
GGCCGAGATCAGTATCAACG_013,188
GGCCGAGATCAGTATCAACG_014,94
TATCAGCATTAATTTCTCGT_001,178
TATCAGCATTAATTTCTCGT_002,49
TCAGGAACAAGATGGGCAAG_001,180
TCAGGAACAAGATGGGCAAG_002,48
TCAGGAACAAGATGGGCAAG_003,153
ATGCAGTCCAATTTCAATCC_001,154
ATGCAGTCCAATTTCAATCC_002,81
ATGCAGTCCAATTTCAATCC_003,134
ATGCAGTCCAATTTCAATCC_004,63
ATGCAGTCCAATTTCAATCC_005,76
ATGCAGTCCAATTTCAATCC_006,127
ATGCAGTCCAATTTCAATCC_007,167
ATGCAGTCCAATTTCAATCC_008,160
ATGCAGTCCAATTTCAATCC_009,19
CCATATACGACTAACGAAGG_001,31
CCATATACGACTAACGAAGG_002,79
CCATATACGACTAACGAAGG_003,138
CCATATACGACTAACGAAGG_004,56
CCATATACGACTAACGAAGG_005,160
CCATATACGACTAACGAAGG_006,176
CCATATACGACTAACGAAGG_007,168
ACCACAGCCGTGCACGACGA_001,3
ACCACAGCCGTGCACGACGA_002,118
ACCACAGCCGTGCACGACGA_003,102
ACCACAGCCGTGCACGACGA_004,88
ACCACAGCCGTGCACGACGA_005,165
ACCACAGCCGTGCACGACGA_006,29
ACCACAGCCGTGCACGACGA_007,176
ACCACAGCCGTGCACGACGA_008,198
ACCACAGCCGTGCACGACGA_009,33
ACCACAGCCGTGCACGACGA_010,192
ACCACAGCCGTGCACGACGA_011,8
ACCACAGCCGTGCACGACGA_012,198
ACCACAGCCGTGCACGACGA_013,10
ACCACAGCCGTGCACGACGA_014,58
ACCACAGCCGTGCACGACGA_015,3
ACCACAGCCGTGCACGACGA_016,121
ACCACAGCCGTGCACGACGA_017,38
ACCACAGCCGTGCACGACGA_018,135
ACCACAGCCGTGCACGACGA_019,123
ACCACAGCCGTGCACGACGA_020,79
ACCACAGCCGTGCACGACGA_021,146
ACCACAGCCGTGCACGACGA_022,43
ACCACTGGATTGGCAGACCC_001,199
ACCACTGGATTGGCAGACCC_002,15
ACCACTGGATTGGCAGACCC_003,177
AGAAGAGGATCTGTTGCAGG_001,68
AGAAGAGGATCTGTTGCAGG_002,115
AGAAGAGGATCTGTTGCAGG_003,150
AGAAGAGGATCTGTTGCAGG_004,178
AGAAGAGGATCTGTTGCAGG_005,82
TGTGTACTTAGGGTGAACAA_001,174
TGTGTACTTAGGGTGAACAA_002,48
TGTGTACTTAGGGTGAACAA_003,11
TGTGTACTTAGGGTGAACAA_004,146
TGTGTACTTAGGGTGAACAA_005,170
TGTGTACTTAGGGTGAACAA_006,86
CAGCTTAGGGGTATTGACAG_001,125
CAGCTTAGGGGTATTGACAG_002,102
CAGCTTAGGGGTATTGACAG_003,86
CAGCTTAGGGGTATTGACAG_004,158
CAGCTTAGGGGTATTGACAG_005,1
CAGCTTAGGGGTATTGACAG_006,56
CAGCTTAGGGGTATTGACAG_007,147
CAGCTTAGGGGTATTGACAG_008,150
GCCCGCAACTTGGACCAAAG_001,94
GCCCGCAACTTGGACCAAAG_002,184
GCCCGCAACTTGGACCAAAG_003,62
GCCCGCAACTTGGACCAAAG_004,147
GCCCGCAACTTGGACCAAAG_005,17
GCCCGCAACTTGGACCAAAG_006,134
GCCCGCAACTTGGACCAAAG_007,118
GCCCGCAACTTGGACCAAAG_008,33
GCCCGCAACTTGGACCAAAG_009,58
GCCCGCAACTTGGACCAAAG_010,122
GCCCGCAACTTGGACCAAAG_011,127
GCCCGCAACTTGGACCAAAG_012,149
GCCCGCAACTTGGACCAAAG_013,14
GCCCGCAACTTGGACCAAAG_014,34
GCCCGCAACTTGGACCAAAG_015,61
GCCCGCAACTTGGACCAAAG_016,116
GCCGGGCTTGACCTCTACAA_001,156
GCCGGGCTTGACCTCTACAA_002,88
GCCGGGCTTGACCTCTACAA_003,155
GCCGGGCTTGACCTCTACAA_004,57
GCCGGGCTTGACCTCTACAA_005,69
GCCGGGCTTGACCTCTACAA_006,39
GCCGGGCTTGACCTCTACAA_007,1
GCCGGGCTTGACCTCTACAA_008,48
GCCGGGCTTGACCTCTACAA_009,11
GCCGGGCTTGACCTCTACAA_010,106
GGCCGGGTCTTGTACCACAG_001,144
GGCCGGGTCTTGTACCACAG_002,176
GGCCGGGTCTTGTACCACAG_003,151
GGCCGGGTCTTGTACCACAG_004,0
GGCCGGGTCTTGTACCACAG_005,88
GGCCGGGTCTTGTACCACAG_006,124
GCTCTATCTGATCCAGACAG_001,126
GCTCTATCTGATCCAGACAG_002,145
GCTCTATCTGATCCAGACAG_003,8
GCTCTATCTGATCCAGACAG_004,53
GCTCTATCTGATCCAGACAG_005,60
GCTCTATCTGATCCAGACAG_006,169
GCTCTATCTGATCCAGACAG_007,33
GTGATGCTCTAACAGTGACC_001,8
TGGCTCGTAAGGGTAGTAGG_001,166
TGGCTCGTAAGGGTAGTAGG_002,154
TGGCTCGTAAGGGTAGTAGG_003,96
TGGCTCGTAAGGGTAGTAGG_004,130
TGGCTCGTAAGGGTAGTAGG_005,150
TGGCTCGTAAGGGTAGTAGG_006,43
TGGCTCGTAAGGGTAGTAGG_007,178
GTAGAAGCAATGACTGACGT_001,97
GTAGAAGCAATGACTGACGT_002,174
AGATGGTACGCGGCTGCACG_001,149
AGATGGTACGCGGCTGCACG_002,56
AGATGGTACGCGGCTGCACG_003,150
GCCATGCAGGAGGAGCCAGC_001,52
GCCATGCAGGAGGAGCCAGC_002,62
GCCATGCAGGAGGAGCCAGC_003,48
GCCATGCAGGAGGAGCCAGC_004,78
GCCATGCAGGAGGAGCCAGC_005,0
GCCATGCAGGAGGAGCCAGC_006,124
GCCATGCAGGAGGAGCCAGC_007,1
GCCATGCAGGAGGAGCCAGC_008,9
GCCATGCAGGAGGAGCCAGC_009,166
GCCATGCAGGAGGAGCCAGC_010,118
GCCATGCAGGAGGAGCCAGC_011,138
GCCATGCAGGAGGAGCCAGC_012,130
GCCATGCAGGAGGAGCCAGC_013,32
GCCATGCAGGAGGAGCCAGC_014,73
GCCATGCAGGAGGAGCCAGC_015,12
GCCATGCAGGAGGAGCCAGC_016,78
GCCATGCAGGAGGAGCCAGC_017,188
GCCATGCAGGAGGAGCCAGC_018,141
GCCATGCAGGAGGAGCCAGC_019,61
GCCATGCAGGAGGAGCCAGC_020,5
GCCATGCAGGAGGAGCCAGC_021,149
GCCATGCAGGAGGAGCCAGC_022,42
GCCATGCAGGAGGAGCCAGC_023,170
GCCATGCAGGAGGAGCCAGC_024,197
GCCATGCAGGAGGAGCCAGC_025,30
GCCATGCAGGAGGAGCCAGC_026,82
GCCATGCAGGAGGAGCCAGC_027,42
GCCATGCAGGAGGAGCCAGC_028,67
GCCATGCAGGAGGAGCCAGC_029,77
GCCATGCAGGAGGAGCCAGC_030,31
GCCATGCAGGAGGAGCCAGC_031,0
GCCATGCAGGAGGAGCCAGC_032,48
GCCATGCAGGAGGAGCCAGC_033,41
GCCATGCAGGAGGAGCCAGC_034,0
GCCATGCAGGAGGAGCCAGC_035,38
GCCATGCAGGAGGAGCCAGC_036,163
GCCATGCAGGAGGAGCCAGC_037,12
GCCATGCAGGAGGAGCCAGC_038,111
GCCATGCAGGAGGAGCCAGC_039,36
GCCATGCAGGAGGAGCCAGC_040,47
GCCATGCAGGAGGAGCCAGC_041,2
GCCATGCAGGAGGAGCCAGC_042,115
GCCATGCAGGAGGAGCCAGC_043,137
GCCATGCAGGAGGAGCCAGC_044,43
GCCATGCAGGAGGAGCCAGC_045,56
GCCATGCAGGAGGAGCCAGC_046,56
GCCATGCAGGAGGAGCCAGC_047,81
GCCATGCAGGAGGAGCCAGC_048,175
GCCATGCAGGAGGAGCCAGC_049,81
GCCATGCAGGAGGAGCCAGC_050,169
GCCATGCAGGAGGAGCCAGC_051,123
GCCATGCAGGAGGAGCCAGC_052,151
ACAGAGAGTGAGTACACCAG_001,164
ACAGAGAGTGAGTACACCAG_002,116
ACAGAGAGTGAGTACACCAG_003,45
ACAGAGAGTGAGTACACCAG_004,129
ACAGAGAGTGAGTACACCAG_005,170
ACAGAGAGTGAGTACACCAG_006,187
ACAGAGAGTGAGTACACCAG_007,137
ACAGAGAGTGAGTACACCAG_008,180
GATTCAAGTCTCGCAAAGAG_001,72
GATTCAAGTCTCGCAAAGAG_002,3
GATTCAAGTCTCGCAAAGAG_003,182
GATTCAAGTCTCGCAAAGAG_004,101
GATTCAAGTCTCGCAAAGAG_005,187
GATTCAAGTCTCGCAAAGAG_006,175
GATTCAAGTCTCGCAAAGAG_007,63
GCTGTTCCGAAGTTGAGAAT_001,48
GCTGTTCCGAAGTTGAGAAT_002,106
GCTGTTCCGAAGTTGAGAAT_003,94
GCTGTTCCGAAGTTGAGAAT_004,19
GCTGTTCCGAAGTTGAGAAT_005,134
GCTGTTCCGAAGTTGAGAAT_006,78
GCTGTTCCGAAGTTGAGAAT_007,113
GCTGTTCCGAAGTTGAGAAT_008,189
GCTGTTCCGAAGTTGAGAAT_009,187
GCTGTTCCGAAGTTGAGAAT_010,146
GCTGTTCCGAAGTTGAGAAT_011,129
GCTGTTCCGAAGTTGAGAAT_012,183
GCTGTTCCGAAGTTGAGAAT_013,148
GCTGTTCCGAAGTTGAGAAT_014,142
GCTGTTCCGAAGTTGAGAAT_015,172
GCTGTTCCGAAGTTGAGAAT_016,180
GCTGTTCCGAAGTTGAGAAT_017,0
GCTGTTCCGAAGTTGAGAAT_018,91
GCTGTTCCGAAGTTGAGAAT_019,98
GCTGTTCCGAAGTTGAGAAT_020,43
GCTGTTCCGAAGTTGAGAAT_021,191
GCTGTTCCGAAGTTGAGAAT_022,194
CCTTCTCAAACTCGCCAATG_001,121
CCTTCTCAAACTCGCCAATG_002,188
CCTTCTCAAACTCGCCAATG_003,80
CCTTCTCAAACTCGCCAATG_004,32
CCTTCTCAAACTCGCCAATG_005,46
AAGATGCCGATCCAGAATGG_001,78
AAGATGCCGATCCAGAATGG_002,13
AAGATGCCGATCCAGAATGG_003,42
AAGATGCCGATCCAGAATGG_004,173
AAGATGCCGATCCAGAATGG_005,94
AAGATGCCGATCCAGAATGG_006,83
AAGATGCCGATCCAGAATGG_007,88
AAGATGCCGATCCAGAATGG_008,82
AAGATGCCGATCCAGAATGG_009,161
AAGATGCCGATCCAGAATGG_010,150
AAGATGCCGATCCAGAATGG_011,174
AAGATGCCGATCCAGAATGG_012,3
AAGATGCCGATCCAGAATGG_013,46
AAGATGCCGATCCAGAATGG_014,46
AAGATGCCGATCCAGAATGG_015,137
AAGATGCCGATCCAGAATGG_016,81
AAGATGCCGATCCAGAATGG_017,88
CCGTTACCGGCCCGGCACGG_001,182
CCGTTACCGGCCCGGCACGG_002,43
CCGTTACCGGCCCGGCACGG_003,101
CCGTTACCGGCCCGGCACGG_004,77
CCGTTACCGGCCCGGCACGG_005,175
CCGTTACCGGCCCGGCACGG_006,133
CCGTTACCGGCCCGGCACGG_007,58
GGAGAAGATCCCGTTCGTGC_001,8
GGAACACAGAGAGCGAAGCC_001,13
GGAACACAGAGAGCGAAGCC_002,196
GGAACACAGAGAGCGAAGCC_003,184
ATAAATGTGAACAACAATTG_001,187
ATAAATGTGAACAACAATTG_002,184
ATAAATGTGAACAACAATTG_003,88
ATAAATGTGAACAACAATTG_004,147
ATAAATGTGAACAACAATTG_005,34
ATAAATGTGAACAACAATTG_006,48
AATGTCCTGGAAACACTTCG_001,40
AATGTCCTGGAAACACTTCG_002,147
AATGTCCTGGAAACACTTCG_003,161
AATGTCCTGGAAACACTTCG_004,53
AATGTCCTGGAAACACTTCG_005,61
AATGTCCTGGAAACACTTCG_006,150
AATGTCCTGGAAACACTTCG_007,190
AATGTCCTGGAAACACTTCG_008,105
GGATATGCTTCACATCAAGT_001,102
GGATATGCTTCACATCAAGT_002,129
GGATATGCTTCACATCAAGT_003,186
GGATTAACTACCAAAGGACG_001,166
GGATTAACTACCAAAGGACG_002,52
GGATTAACTACCAAAGGACG_003,127
GGATTAACTACCAAAGGACG_004,146
GGGCCTACTCACCTGCTCGA_001,48
GGGCCTACTCACCTGCTCGA_002,107
GGGCCTACTCACCTGCTCGA_003,141
GGGCCTACTCACCTGCTCGA_004,29
GGGCCTACTCACCTGCTCGA_005,148
GGGCCTACTCACCTGCTCGA_006,6
GGGCCTACTCACCTGCTCGA_007,199
GGGCCTACTCACCTGCTCGA_008,16
GTAAGGGCTACTATCTCAAG_001,187
GGTAGCTGTGCACTTCACCT_001,62
GGTAGCTGTGCACTTCACCT_002,24
GGTAGCTGTGCACTTCACCT_003,107
GGTAGCTGTGCACTTCACCT_004,63
GGTAGCTGTGCACTTCACCT_005,88
GGTAGCTGTGCACTTCACCT_006,34
GGTAGCTGTGCACTTCACCT_007,175
GGTAGCTGTGCACTTCACCT_008,82
GGGAAAGATGGTCACCGACG_001,56
GGGAAAGATGGTCACCGACG_002,160
GGGAAAGATGGTCACCGACG_003,81
AGCTCCGCAACAAGATAGCA_001,83
AGCTCCGCAACAAGATAGCA_002,104
AGCTCCGCAACAAGATAGCA_003,196
GCTGCACTAATAGAGAGGTG_001,43
GCTGCACTAATAGAGAGGTG_002,92
GCTGCACTAATAGAGAGGTG_003,172
GCTGCACTAATAGAGAGGTG_004,62
GCTGCACTAATAGAGAGGTG_005,191
GCTGCACTAATAGAGAGGTG_006,56
GCTGCACTAATAGAGAGGTG_007,13
GCTGCACTAATAGAGAGGTG_008,188
CTTCCACGTGATATCCAGAG_001,158
TTTGGGACTGTTGTAAACCA_001,122
AGGCGAACCCCAAAACTGGT_001,60
AGGCGAACCCCAAAACTGGT_002,148
AGGCGAACCCCAAAACTGGT_003,58
AGGCGAACCCCAAAACTGGT_004,86
AGGCGAACCCCAAAACTGGT_005,92
AGGCGAACCCCAAAACTGGT_006,149
AGGCGAACCCCAAAACTGGT_007,184
AGGCGAACCCCAAAACTGGT_008,30
AGGCGAACCCCAAAACTGGT_009,38
AGGCGAACCCCAAAACTGGT_010,24
AGGCGAACCCCAAAACTGGT_011,177
AGGCGAACCCCAAAACTGGT_012,48
AGGCGAACCCCAAAACTGGT_013,127
AGGCGAACCCCAAAACTGGT_014,170
AGGCGAACCCCAAAACTGGT_015,45
AGGCGAACCCCAAAACTGGT_016,191
AGGCGAACCCCAAAACTGGT_017,184
AGGCGAACCCCAAAACTGGT_018,192
AGGCGAACCCCAAAACTGGT_019,95
AGGCGAACCCCAAAACTGGT_020,163
AGGCGAACCCCAAAACTGGT_021,130
AGGCGAACCCCAAAACTGGT_022,121
AGGCGAACCCCAAAACTGGT_023,32
AGGCGAACCCCAAAACTGGT_024,67
AGGCGAACCCCAAAACTGGT_025,19
AGGCGAACCCCAAAACTGGT_026,88
AGGCGAACCCCAAAACTGGT_027,12
AGGCGAACCCCAAAACTGGT_028,97
AGGCGAACCCCAAAACTGGT_029,171
AGGCGAACCCCAAAACTGGT_030,146
AGGCGAACCCCAAAACTGGT_031,191
AGGCGAACCCCAAAACTGGT_032,66
AGGCGAACCCCAAAACTGGT_033,80
AGGCGAACCCCAAAACTGGT_034,90
AGGCGAACCCCAAAACTGGT_035,6
AGGCGAACCCCAAAACTGGT_036,36
AGGCGAACCCCAAAACTGGT_037,121
AGGCGAACCCCAAAACTGGT_038,57
AGGCGAACCCCAAAACTGGT_039,77
ATGAAGTTTCGTCAAGACTG_001,2
ATGAAGTTTCGTCAAGACTG_002,41
CCGCTGGAAGTACGTGAACG_001,145
CCGCTGGAAGTACGTGAACG_002,22
CCGCTGGAAGTACGTGAACG_003,140
CCGCTGGAAGTACGTGAACG_004,76
CCGCTGGAAGTACGTGAACG_005,104
CCGCTGGAAGTACGTGAACG_006,139
TTGCTTAGGTATACATCCTG_001,78
TTGCTTAGGTATACATCCTG_002,105
TTGCTTAGGTATACATCCTG_003,140
TTGCTTAGGTATACATCCTG_004,167
GCTCCGGAATTCATACCTAG_001,141
GCTCCGGAATTCATACCTAG_002,11
GCTCCGGAATTCATACCTAG_003,127
GCTCCGGAATTCATACCTAG_004,85
GCTCCGGAATTCATACCTAG_005,166
GCTCCGGAATTCATACCTAG_006,10
GCTCCGGAATTCATACCTAG_007,142
ACTTGTATTCCATTGACCAA_001,94
ACTTGTATTCCATTGACCAA_002,44
ACTTGTATTCCATTGACCAA_003,111
ACTTGTATTCCATTGACCAA_004,158
ATTGTACCACCACCTAGGCA_001,53
ATTGTACCACCACCTAGGCA_002,112
ATTGTACCACCACCTAGGCA_003,49
ATTGTACCACCACCTAGGCA_004,168
ATTGTACCACCACCTAGGCA_005,97
ATTGTACCACCACCTAGGCA_006,50
ATTGTACCACCACCTAGGCA_007,84
ATTGTACCACCACCTAGGCA_008,107
ATTGTACCACCACCTAGGCA_009,149
ATTGTACCACCACCTAGGCA_010,0
ATTGTACCACCACCTAGGCA_011,147
ATTGTACCACCACCTAGGCA_012,168
ATTGTACCACCACCTAGGCA_013,86
ATTGTACCACCACCTAGGCA_014,138
ATTGTACCACCACCTAGGCA_015,134
ATTGTACCACCACCTAGGCA_016,66
ATTGTACCACCACCTAGGCA_017,35
ATTGTACCACCACCTAGGCA_018,1
ATTGTACCACCACCTAGGCA_019,47
ATTGTACCACCACCTAGGCA_020,36
ATTGTACCACCACCTAGGCA_021,70
ATTGTACCACCACCTAGGCA_022,84
ATTGTACCACCACCTAGGCA_023,69
ATTGTACCACCACCTAGGCA_024,41
ATTGTACCACCACCTAGGCA_025,176
ATTGTACCACCACCTAGGCA_026,11
ATTGTACCACCACCTAGGCA_027,130
ATTGTACCACCACCTAGGCA_028,10
ATTGTACCACCACCTAGGCA_029,43
ATTGTACCACCACCTAGGCA_030,104
ATTGTACCACCACCTAGGCA_031,113
ATTGTACCACCACCTAGGCA_032,103
ATTGTACCACCACCTAGGCA_033,105
ATTGTACCACCACCTAGGCA_034,43
ATTGTACCACCACCTAGGCA_035,162
ATTGTACCACCACCTAGGCA_036,28
ATTGTACCACCACCTAGGCA_037,43
ATTGTACCACCACCTAGGCA_038,196
CAGCTGTCCGAACTGCTCGC_001,106
CAGCTGTCCGAACTGCTCGC_002,196
CAGCTGTCCGAACTGCTCGC_003,102
CAGCTGTCCGAACTGCTCGC_004,130
CAGCTGTCCGAACTGCTCGC_005,184
CAGCTGTCCGAACTGCTCGC_006,168
CAGCTGTCCGAACTGCTCGC_007,185
CAGCTGTCCGAACTGCTCGC_008,158
CAGCTGTCCGAACTGCTCGC_009,129
CAGCTGTCCGAACTGCTCGC_010,178
CAGCTGTCCGAACTGCTCGC_011,60
CAGCTGTCCGAACTGCTCGC_012,168
CAGCTGTCCGAACTGCTCGC_013,12
CAGCTGTCCGAACTGCTCGC_014,154
CAGCTGTCCGAACTGCTCGC_015,198
CAGCTGTCCGAACTGCTCGC_016,69
CAGCTGTCCGAACTGCTCGC_017,134
CAGCTGTCCGAACTGCTCGC_018,166
CAGCTGTCCGAACTGCTCGC_019,152
CAGCTGTCCGAACTGCTCGC_020,127
CAGCTGTCCGAACTGCTCGC_021,147
CAGCTGTCCGAACTGCTCGC_022,82
CAGCTGTCCGAACTGCTCGC_023,117
CAGCTGTCCGAACTGCTCGC_024,43
CAGCTGTCCGAACTGCTCGC_025,170
CAGCTGTCCGAACTGCTCGC_026,62
TCAGGATGCCCGATGCATGA_001,40
TCAGGATGCCCGATGCATGA_002,119
TCAGGATGCCCGATGCATGA_003,88
TCAGGATGCCCGATGCATGA_004,181
TCAGGATGCCCGATGCATGA_005,58
TCAGGATGCCCGATGCATGA_006,196
TCAGGATGCCCGATGCATGA_007,149
TCAGGATGCCCGATGCATGA_008,187
TCAGGATGCCCGATGCATGA_009,113
TCAGGATGCCCGATGCATGA_010,58
TCAGGATGCCCGATGCATGA_011,78
TCAGGATGCCCGATGCATGA_012,191
TCAGGATGCCCGATGCATGA_013,77
TCAGGATGCCCGATGCATGA_014,199
TCAGGATGCCCGATGCATGA_015,59
TCAGGATGCCCGATGCATGA_016,77
TCAGGATGCCCGATGCATGA_017,53
TCAGGATGCCCGATGCATGA_018,160
TCAGGATGCCCGATGCATGA_019,40
TCAGGATGCCCGATGCATGA_020,1
AGTAAAACGGGGCATAGAGT_001,78
AGTAAAACGGGGCATAGAGT_002,182
AGTAAAACGGGGCATAGAGT_003,184
AGTAAAACGGGGCATAGAGT_004,1
AGTAAAACGGGGCATAGAGT_005,53
GCTGACCGGCAACAACCTGA_001,191
GCTGACCGGCAACAACCTGA_002,132
GCTGACCGGCAACAACCTGA_003,2
GCTGACCGGCAACAACCTGA_004,113
GCTGACCGGCAACAACCTGA_005,28
GCTGACCGGCAACAACCTGA_006,66
GTGCTTACCAGTGATCTGAC_001,43
GTGCTTACCAGTGATCTGAC_002,63
GTGCTTACCAGTGATCTGAC_003,111
GTGCTTACCAGTGATCTGAC_004,177
GTGCTTACCAGTGATCTGAC_005,138
GTGCTTACCAGTGATCTGAC_006,175
GTGCTTACCAGTGATCTGAC_007,110
GTGCTTACCAGTGATCTGAC_008,50
TGTGATAATCTTAGGATGGT_001,186
TGTGATAATCTTAGGATGGT_002,197
CAAAACGAACTGCTCCACAG_001,163
CAAAACGAACTGCTCCACAG_002,28
CAAAACGAACTGCTCCACAG_003,66
CAAAACGAACTGCTCCACAG_004,63
CAAAACGAACTGCTCCACAG_005,166
CAAAACGAACTGCTCCACAG_006,81
CAAAACGAACTGCTCCACAG_007,12
CAAAACGAACTGCTCCACAG_008,102
CAAAACGAACTGCTCCACAG_009,55
CAAAACGAACTGCTCCACAG_010,130
CAAAACGAACTGCTCCACAG_011,1
CAAAACGAACTGCTCCACAG_012,15
CAAAACGAACTGCTCCACAG_013,191
CAAAACGAACTGCTCCACAG_014,74
CAAAACGAACTGCTCCACAG_015,166
CAAAACGAACTGCTCCACAG_016,75
CAAAACGAACTGCTCCACAG_017,115
CAAAACGAACTGCTCCACAG_018,115
CAAAACGAACTGCTCCACAG_019,34
CAAAACGAACTGCTCCACAG_020,6
CAAAACGAACTGCTCCACAG_021,2
CAAAACGAACTGCTCCACAG_022,176
CAAAACGAACTGCTCCACAG_023,178
CAAAACGAACTGCTCCACAG_024,80
CAAAACGAACTGCTCCACAG_025,80
CAAAACGAACTGCTCCACAG_026,125
CAAAACGAACTGCTCCACAG_027,125
CAAAACGAACTGCTCCACAG_028,7
CCTTGGTAAATGATGAAGGG_001,22
CCTTGGTAAATGATGAAGGG_002,15
CCTTGGTAAATGATGAAGGG_003,198
CCTTGGTAAATGATGAAGGG_004,19
CAGGTGCCCGTAAATGCACA_001,28
CAGGTGCCCGTAAATGCACA_002,42
CAGGTGCCCGTAAATGCACA_003,0
CAGGTGCCCGTAAATGCACA_004,100
CAGGTGCCCGTAAATGCACA_005,64
CAGGTGCCCGTAAATGCACA_006,154
CAGGTGCCCGTAAATGCACA_007,105
CAGGTGCCCGTAAATGCACA_008,17
CAGGTGCCCGTAAATGCACA_009,34
CAGGTGCCCGTAAATGCACA_010,60
CAGGTGCCCGTAAATGCACA_011,29
CAGGTGCCCGTAAATGCACA_012,17
CAGGTGCCCGTAAATGCACA_013,95
CAGGTGCCCGTAAATGCACA_014,15
CAGGTGCCCGTAAATGCACA_015,190
CAGGTGCCCGTAAATGCACA_016,70
CAGGTGCCCGTAAATGCACA_017,63
CTGGACGAGTTGCAGACTCA_001,61
CTGGACGAGTTGCAGACTCA_002,13
CTGGACGAGTTGCAGACTCA_003,49
CTGGACGAGTTGCAGACTCA_004,188
CTGGACGAGTTGCAGACTCA_005,49
CTGGACGAGTTGCAGACTCA_006,124
CTGGACGAGTTGCAGACTCA_007,62
CTGGACGAGTTGCAGACTCA_008,87
CTGGACGAGTTGCAGACTCA_009,133
CTGGACGAGTTGCAGACTCA_010,83
CTGGACGAGTTGCAGACTCA_011,105
CTGGACGAGTTGCAGACTCA_012,186
CTGGACGAGTTGCAGACTCA_013,149
CTGGACGAGTTGCAGACTCA_014,134
CTGGACGAGTTGCAGACTCA_015,151
CTGGACGAGTTGCAGACTCA_016,38
TGGGTACTAGGCAAGAACAG_001,171
TGGGTACTAGGCAAGAACAG_002,149
TGGGTACTAGGCAAGAACAG_003,159
ACGCGCGCGTAGGTGTTCAC_001,102
ACGCGCGCGTAGGTGTTCAC_002,141
ACGCGCGCGTAGGTGTTCAC_003,3
ACGCGCGCGTAGGTGTTCAC_004,84
ACGCGCGCGTAGGTGTTCAC_005,7
ACGCGCGCGTAGGTGTTCAC_006,23
ACGCGCGCGTAGGTGTTCAC_007,175
ACGCGCGCGTAGGTGTTCAC_008,48
ACGCGCGCGTAGGTGTTCAC_009,76
ACGCGCGCGTAGGTGTTCAC_010,121
ACGCGCGCGTAGGTGTTCAC_011,57
ACGCGCGCGTAGGTGTTCAC_012,130
ACGCGCGCGTAGGTGTTCAC_013,102
ACGCGCGCGTAGGTGTTCAC_014,78
ACGCGCGCGTAGGTGTTCAC_015,88
ACGCGCGCGTAGGTGTTCAC_016,52
AGCTGCGGGCAGTATCTGGG_001,34
AGCTGCGGGCAGTATCTGGG_002,96
AGCTGCGGGCAGTATCTGGG_003,84
AGCTGCGGGCAGTATCTGGG_004,69
AGCTGCGGGCAGTATCTGGG_005,174
AGCTGCGGGCAGTATCTGGG_006,85
AGCTGCGGGCAGTATCTGGG_007,69
AGCTGCGGGCAGTATCTGGG_008,102
AGCTGCGGGCAGTATCTGGG_009,168
AGCTGCGGGCAGTATCTGGG_010,128
AGCTGCGGGCAGTATCTGGG_011,52
AGCTGCGGGCAGTATCTGGG_012,150
AGCTGCGGGCAGTATCTGGG_013,9
AGCTGCGGGCAGTATCTGGG_014,153
AGCTGCGGGCAGTATCTGGG_015,70
AGCTGCGGGCAGTATCTGGG_016,114
AGCTGCGGGCAGTATCTGGG_017,57
AGCTGCGGGCAGTATCTGGG_018,46
ACTTTGGAGAAAGAAGAGCG_001,167
ACTTTGGAGAAAGAAGAGCG_002,124
ACTTTGGAGAAAGAAGAGCG_003,91
ACTTTGGAGAAAGAAGAGCG_004,146
ACTTTGGAGAAAGAAGAGCG_005,57
ACTTTGGAGAAAGAAGAGCG_006,199
ACTTTGGAGAAAGAAGAGCG_007,17
TCTTCAAGCCTTGACTCCAG_001,101
TCTTCAAGCCTTGACTCCAG_002,29
TCTTCAAGCCTTGACTCCAG_003,9
TCTTCAAGCCTTGACTCCAG_004,152
TCTTCAAGCCTTGACTCCAG_005,174
TCTTCAAGCCTTGACTCCAG_006,197
TCTTCAAGCCTTGACTCCAG_007,40
TCTTCAAGCCTTGACTCCAG_008,160
TCTTCAAGCCTTGACTCCAG_009,62
TCTTCAAGCCTTGACTCCAG_010,191
GTAATGCACAGCGATGACCG_001,150
GTAATGCACAGCGATGACCG_002,120
GTAATGCACAGCGATGACCG_003,160
GTAATGCACAGCGATGACCG_004,147
GTAATGCACAGCGATGACCG_005,19
GTAATGCACAGCGATGACCG_006,56
GTAATGCACAGCGATGACCG_007,38
GTAATGCACAGCGATGACCG_008,185
GTAATGCACAGCGATGACCG_009,189
GTAATGCACAGCGATGACCG_010,98
GTAATGCACAGCGATGACCG_011,134
GTAATGCACAGCGATGACCG_012,113
GTAATGCACAGCGATGACCG_013,14
GTAATGCACAGCGATGACCG_014,35
GTAATGCACAGCGATGACCG_015,1
GTAATGCACAGCGATGACCG_016,1
GTAATGCACAGCGATGACCG_017,144
GTAATGCACAGCGATGACCG_018,168
GTAATGCACAGCGATGACCG_019,152
GTAATGCACAGCGATGACCG_020,118
GTAATGCACAGCGATGACCG_021,39
GTAATGCACAGCGATGACCG_022,99
TAACGGATACCTCCCTTGCA_001,184
TAACGGATACCTCCCTTGCA_002,199
TAACGGATACCTCCCTTGCA_003,160
TAACGGATACCTCCCTTGCA_004,16
AAGAAGCTGTGTGTGTCGTG_001,43
AAGAAGCTGTGTGTGTCGTG_002,175
AAGAAGCTGTGTGTGTCGTG_003,102
AAGAAGCTGTGTGTGTCGTG_004,170
AAGAAGCTGTGTGTGTCGTG_005,133
AAGAAGCTGTGTGTGTCGTG_006,49
AAGAAGCTGTGTGTGTCGTG_007,92
AAGAAGCTGTGTGTGTCGTG_008,76
AAGAAGCTGTGTGTGTCGTG_009,55
AAGAAGCTGTGTGTGTCGTG_010,104
AAGAAGCTGTGTGTGTCGTG_011,144
AAGAAGCTGTGTGTGTCGTG_012,68
AAGAAGCTGTGTGTGTCGTG_013,88
AAGAAGCTGTGTGTGTCGTG_014,6
AAGAAGCTGTGTGTGTCGTG_015,124
AAGAAGCTGTGTGTGTCGTG_016,12
AAGAAGCTGTGTGTGTCGTG_017,175
AAGAAGCTGTGTGTGTCGTG_018,28
AAGAAGCTGTGTGTGTCGTG_019,81
GGGTACCACAAAGAGCCGGA_001,152
GGGTACCACAAAGAGCCGGA_002,26
GGGTACCACAAAGAGCCGGA_003,77
GGGTACCACAAAGAGCCGGA_004,40
GGGTACCACAAAGAGCCGGA_005,60
GGGTACCACAAAGAGCCGGA_006,105
GGGTACCACAAAGAGCCGGA_007,19
GGGTACCACAAAGAGCCGGA_008,1
GGGTACCACAAAGAGCCGGA_009,68
GGGTACCACAAAGAGCCGGA_010,168
AAGAGATCAACATAGTCAAG_001,40
AAGAGATCAACATAGTCAAG_002,193
AAGAGATCAACATAGTCAAG_003,140
AAGAGATCAACATAGTCAAG_004,70
AAGAGATCAACATAGTCAAG_005,126
AAGAGATCAACATAGTCAAG_006,68
CCACAGTGGCAGTGCCCCTG_001,161
CCACAGTGGCAGTGCCCCTG_002,27
CCACAGTGGCAGTGCCCCTG_003,136
CCACAGTGGCAGTGCCCCTG_004,196
CCACAGTGGCAGTGCCCCTG_005,130
CCACAGTGGCAGTGCCCCTG_006,169
GCATGTTTGGAAGTCGGAAT_001,160
GCATGTTTGGAAGTCGGAAT_002,105
GCATGTTTGGAAGTCGGAAT_003,69
GCATGTTTGGAAGTCGGAAT_004,158
GCATGTTTGGAAGTCGGAAT_005,48
GCATGTTTGGAAGTCGGAAT_006,115
GCATGTTTGGAAGTCGGAAT_007,71
GCATGTTTGGAAGTCGGAAT_008,56
GCATGTTTGGAAGTCGGAAT_009,45
GCATGTTTGGAAGTCGGAAT_010,156
GCATGTTTGGAAGTCGGAAT_011,108
GCATGTTTGGAAGTCGGAAT_012,108
GCATGTTTGGAAGTCGGAAT_013,47
GCATGTTTGGAAGTCGGAAT_014,137
GCATGTTTGGAAGTCGGAAT_015,28
GCATGTTTGGAAGTCGGAAT_016,188
CAGAATCTGGACCTATAGTG_001,182
CAGAATCTGGACCTATAGTG_002,60
CAGAATCTGGACCTATAGTG_003,89
CAGAATCTGGACCTATAGTG_004,62
CAGAATCTGGACCTATAGTG_005,158
CAGAATCTGGACCTATAGTG_006,5
CAGAATCTGGACCTATAGTG_007,170
ATATGATTGTAGAAATACCT_001,144
AGTCACAATTAATCAGACAG_001,58
AGTCACAATTAATCAGACAG_002,199
AGTCACAATTAATCAGACAG_003,83
AGTCACAATTAATCAGACAG_004,58
AGTCACAATTAATCAGACAG_005,0
AGTCACAATTAATCAGACAG_006,66
AGTCACAATTAATCAGACAG_007,2
AGTCACAATTAATCAGACAG_008,184
AGTCACAATTAATCAGACAG_009,98
AGTCACAATTAATCAGACAG_010,190
AGTCACAATTAATCAGACAG_011,108
AGTCACAATTAATCAGACAG_012,46
AGTCACAATTAATCAGACAG_013,10
AGTCACAATTAATCAGACAG_014,136
AGTCACAATTAATCAGACAG_015,147
AGTCACAATTAATCAGACAG_016,174
AGTCACAATTAATCAGACAG_017,56
TGACTCTTGGATTGACCATG_001,130
TGACTCTTGGATTGACCATG_002,96
TGACTCTTGGATTGACCATG_003,15
TGACTCTTGGATTGACCATG_004,6
TGACTCTTGGATTGACCATG_005,102
TGACTCTTGGATTGACCATG_006,72
TGACTCTTGGATTGACCATG_007,115
TGACTCTTGGATTGACCATG_008,56
TGACTCTTGGATTGACCATG_009,141
TGACTCTTGGATTGACCATG_010,123
TGACTCTTGGATTGACCATG_011,75
TGACTCTTGGATTGACCATG_012,147
TGACTCTTGGATTGACCATG_013,16
TGACTCTTGGATTGACCATG_014,115
TGACTCTTGGATTGACCATG_015,148
TGACTCTTGGATTGACCATG_016,36
TGACTCTTGGATTGACCATG_017,79
TGACTCTTGGATTGACCATG_018,74
TGACTCTTGGATTGACCATG_019,83
TGACTCTTGGATTGACCATG_020,87
TGACTCTTGGATTGACCATG_021,127
TGACTCTTGGATTGACCATG_022,110
TGACTCTTGGATTGACCATG_023,28
TGACTCTTGGATTGACCATG_024,136
TGACTCTTGGATTGACCATG_025,120
CCTAGAGGTCCCAAGGCGTG_001,170
CCTAGAGGTCCCAAGGCGTG_002,49
CCTAGAGGTCCCAAGGCGTG_003,50
CCTAGAGGTCCCAAGGCGTG_004,191
CCTAGAGGTCCCAAGGCGTG_005,60
CCTAGAGGTCCCAAGGCGTG_006,102
CCTAGAGGTCCCAAGGCGTG_007,199
CCTAGAGGTCCCAAGGCGTG_008,29
CCTAGAGGTCCCAAGGCGTG_009,76
CCTAGAGGTCCCAAGGCGTG_010,178
CCTAGAGGTCCCAAGGCGTG_011,13
CCTAGAGGTCCCAAGGCGTG_012,91
CCTAGAGGTCCCAAGGCGTG_013,89
CCTAGAGGTCCCAAGGCGTG_014,175
CCTAGAGGTCCCAAGGCGTG_015,104
CCTAGAGGTCCCAAGGCGTG_016,15
CCTAGAGGTCCCAAGGCGTG_017,103
CCTAGAGGTCCCAAGGCGTG_018,2
CCTAGAGGTCCCAAGGCGTG_019,2
CCTAGAGGTCCCAAGGCGTG_020,181
CCTAGAGGTCCCAAGGCGTG_021,159
CCTAGAGGTCCCAAGGCGTG_022,88
GCACCAATCAAAATTCCTGT_001,119
GCACCAATCAAAATTCCTGT_002,59
GCACCAATCAAAATTCCTGT_003,49
GCACCAATCAAAATTCCTGT_004,61
GCACCAATCAAAATTCCTGT_005,12
GCACCAATCAAAATTCCTGT_006,2
GCACCAATCAAAATTCCTGT_007,175
GCACCAATCAAAATTCCTGT_008,119
GCACCAATCAAAATTCCTGT_009,14
GCACCAATCAAAATTCCTGT_010,10
AAGAATGTCCTACCTGATGT_001,167
AAGAATGTCCTACCTGATGT_002,140
AAGAATGTCCTACCTGATGT_003,1
AAGAATGTCCTACCTGATGT_004,68
AAGAATGTCCTACCTGATGT_005,118
TTCGCACATCGACGCCCCAA_001,147
TTCGCACATCGACGCCCCAA_002,195
TTCGCACATCGACGCCCCAA_003,68
TTCGCACATCGACGCCCCAA_004,165
ATTCCTCAGTAAATCTCAGA_001,65
ATTCCTCAGTAAATCTCAGA_002,65
ATTCCTCAGTAAATCTCAGA_003,192
ATTCCTCAGTAAATCTCAGA_004,92
ATTCCTCAGTAAATCTCAGA_005,92
ATTCCTCAGTAAATCTCAGA_006,97
ATTCCTCAGTAAATCTCAGA_007,134
ATTCCTCAGTAAATCTCAGA_008,115
ATTCCTCAGTAAATCTCAGA_009,94
ATTCCTCAGTAAATCTCAGA_010,28
ATTCCTCAGTAAATCTCAGA_011,134
ATTGTATCATGGCTCCGTTG_001,65
ATTGTATCATGGCTCCGTTG_002,176
ATTGTATCATGGCTCCGTTG_003,137
ATTGTATCATGGCTCCGTTG_004,124
ATTGTATCATGGCTCCGTTG_005,170
ATTGTATCATGGCTCCGTTG_006,29
AGTTCGCGAGATGGTCGCGG_001,183
AGTTCGCGAGATGGTCGCGG_002,151
AGTTCGCGAGATGGTCGCGG_003,187
AGTTCGCGAGATGGTCGCGG_004,177
AGTTCGCGAGATGGTCGCGG_005,154
AGTTCGCGAGATGGTCGCGG_006,43
AGTTCGCGAGATGGTCGCGG_007,197
AGTTCGCGAGATGGTCGCGG_008,82
GGAACGCTATCTGGGCGCGG_001,17
GGAACGCTATCTGGGCGCGG_002,94
GGAACGCTATCTGGGCGCGG_003,178
GGAACGCTATCTGGGCGCGG_004,88
TGTTTCACATGCTTTGCTCG_001,77
TGTTTCACATGCTTTGCTCG_002,78
ACTTGATAATAAGTTGAATG_001,48
ACTTGATAATAAGTTGAATG_002,9
ACTTGATAATAAGTTGAATG_003,184
ACTTGATAATAAGTTGAATG_004,19
ATTTAAAGACTACAGCAGCG_001,169
ATTTAAAGACTACAGCAGCG_002,15
ATTTAAAGACTACAGCAGCG_003,6
ATTTAAAGACTACAGCAGCG_004,38
AACTTAGATGATCCTCTGAA_001,68
AACTTAGATGATCCTCTGAA_002,156
CAATGATACACCGCTCAGCT_001,107
CAATGATACACCGCTCAGCT_002,94
CAATGATACACCGCTCAGCT_003,28
CAATGATACACCGCTCAGCT_004,183
CAGAAGGCGGAATATCACTG_001,63
CAGAAGGCGGAATATCACTG_002,11
TCTTACCAATTGTATCCCAA_001,87
TCTTACCAATTGTATCCCAA_002,179
TCTTACCAATTGTATCCCAA_003,1
TCTTACCAATTGTATCCCAA_004,58
TTTGATATTTAGGCTTGCCG_001,105
TTTGATATTTAGGCTTGCCG_002,17
TTTGATATTTAGGCTTGCCG_003,17
TTTGATATTTAGGCTTGCCG_004,27
TTTGATATTTAGGCTTGCCG_005,81
TTTGATATTTAGGCTTGCCG_006,60
TTTGATATTTAGGCTTGCCG_007,74
TTTGATATTTAGGCTTGCCG_008,7
TTTGATATTTAGGCTTGCCG_009,130
TTTGATATTTAGGCTTGCCG_010,124
TGCTGACAGTGAAACCGTGA_001,56
TGCTGACAGTGAAACCGTGA_002,101
TGCTGACAGTGAAACCGTGA_003,172
TGCTGACAGTGAAACCGTGA_004,2
TGCTGACAGTGAAACCGTGA_005,52
TGCTGACAGTGAAACCGTGA_006,37
CAGAAGTTACCTACCAACCA_001,34
CAGAAGTTACCTACCAACCA_002,190
CAGAAGTTACCTACCAACCA_003,199
CAGAAGTTACCTACCAACCA_004,8
CAGAAGTTACCTACCAACCA_005,165
CAGAAGTTACCTACCAACCA_006,112
CAGAAGTTACCTACCAACCA_007,175
CAGAAGTTACCTACCAACCA_008,164
CAGAAGTTACCTACCAACCA_009,24
CAGAAGTTACCTACCAACCA_010,147
CAGAAGTTACCTACCAACCA_011,107
CAGAAGTTACCTACCAACCA_012,48
CAGAAGTTACCTACCAACCA_013,83
AGAGGAGGGCCGAATCAGCC_001,170
AGAGGAGGGCCGAATCAGCC_002,170
AGAGGAGGGCCGAATCAGCC_003,88
AGAGGAGGGCCGAATCAGCC_004,19
AGAGGAGGGCCGAATCAGCC_005,138
AGAGGAGGGCCGAATCAGCC_006,141
AGAGGAGGGCCGAATCAGCC_007,42
AGAGGAGGGCCGAATCAGCC_008,105
AGAGGAGGGCCGAATCAGCC_009,30
AGAGGAGGGCCGAATCAGCC_010,87
AGAGGAGGGCCGAATCAGCC_011,178
AGAGGAGGGCCGAATCAGCC_012,6
AGAGGAGGGCCGAATCAGCC_013,62
AGAGGAGGGCCGAATCAGCC_014,99
AGAGGAGGGCCGAATCAGCC_015,81
AGAGGAGGGCCGAATCAGCC_016,134
AGAGGAGGGCCGAATCAGCC_017,191
AGAGGAGGGCCGAATCAGCC_018,17
AGAGGAGGGCCGAATCAGCC_019,48
CCCTCACCTAAACAGGACGG_001,127
CCCTCACCTAAACAGGACGG_002,19
CCCTCACCTAAACAGGACGG_003,117
CCCTCACCTAAACAGGACGG_004,160
CCCTCACCTAAACAGGACGG_005,127
CCCTCACCTAAACAGGACGG_006,107
CCCTCACCTAAACAGGACGG_007,139
CCCTCACCTAAACAGGACGG_008,56
CCCTCACCTAAACAGGACGG_009,48
CCCTCACCTAAACAGGACGG_010,60
CCCTCACCTAAACAGGACGG_011,52
CCCTCACCTAAACAGGACGG_012,104
TTTGGAAACGGCAAATACCC_001,64
TTTGGAAACGGCAAATACCC_002,150
ATCGATGGAGTGCTTGTGCG_001,8
ATCGATGGAGTGCTTGTGCG_002,44
ATCGATGGAGTGCTTGTGCG_003,80
ATCGATGGAGTGCTTGTGCG_004,65
ATCGATGGAGTGCTTGTGCG_005,116
ATCGATGGAGTGCTTGTGCG_006,9
ATCGATGGAGTGCTTGTGCG_007,121
ATCGATGGAGTGCTTGTGCG_008,98
ATCGATGGAGTGCTTGTGCG_009,161
ATCGATGGAGTGCTTGTGCG_010,77
ATCGATGGAGTGCTTGTGCG_011,137
ATCGATGGAGTGCTTGTGCG_012,41
ATCGATGGAGTGCTTGTGCG_013,2
ATCGATGGAGTGCTTGTGCG_014,103
ATCGATGGAGTGCTTGTGCG_015,191
ATCGATGGAGTGCTTGTGCG_016,67
ATCGATGGAGTGCTTGTGCG_017,135
ATCGATGGAGTGCTTGTGCG_018,67
ATCGATGGAGTGCTTGTGCG_019,33
ATCGATGGAGTGCTTGTGCG_020,147
ATCGATGGAGTGCTTGTGCG_021,176
ATCGATGGAGTGCTTGTGCG_022,192
ATCGATGGAGTGCTTGTGCG_023,135
ATCGATGGAGTGCTTGTGCG_024,75
ATCGATGGAGTGCTTGTGCG_025,113
ATCGATGGAGTGCTTGTGCG_026,175
ATCGATGGAGTGCTTGTGCG_027,121
ATCGATGGAGTGCTTGTGCG_028,196
ATCGATGGAGTGCTTGTGCG_029,26
ATCGATGGAGTGCTTGTGCG_030,50
ATCGATGGAGTGCTTGTGCG_031,169
ATCGATGGAGTGCTTGTGCG_032,19
ATCGATGGAGTGCTTGTGCG_033,79
ATCGATGGAGTGCTTGTGCG_034,11
ATCGATGGAGTGCTTGTGCG_035,2
ATCGATGGAGTGCTTGTGCG_036,95
ATCGATGGAGTGCTTGTGCG_037,28
ATCGATGGAGTGCTTGTGCG_038,162
ATCGATGGAGTGCTTGTGCG_039,167
ATCGATGGAGTGCTTGTGCG_040,192
ATCGATGGAGTGCTTGTGCG_041,142
ATCGATGGAGTGCTTGTGCG_042,175
CTGAGATCACATAGATCATG_001,40
CTGAGATCACATAGATCATG_002,62
GAGAATGGGTCTCCCCAGAA_001,50
GAGAATGGGTCTCCCCAGAA_002,81
GAGAATGGGTCTCCCCAGAA_003,16
GAGAATGGGTCTCCCCAGAA_004,44
GAGAATGGGTCTCCCCAGAA_005,22
GAGAATGGGTCTCCCCAGAA_006,48
GAGAATGGGTCTCCCCAGAA_007,78
GAGAATGGGTCTCCCCAGAA_008,77
GAGAATGGGTCTCCCCAGAA_009,114
AGACACGCACCTCCGTGACG_001,182
AGACACGCACCTCCGTGACG_002,113
AGACACGCACCTCCGTGACG_003,161
AGACACGCACCTCCGTGACG_004,44
AGACACGCACCTCCGTGACG_005,98
AGACACGCACCTCCGTGACG_006,103
AGACACGCACCTCCGTGACG_007,41
AGACACGCACCTCCGTGACG_008,68
AGACACGCACCTCCGTGACG_009,28
AGACACGCACCTCCGTGACG_010,50
AGACACGCACCTCCGTGACG_011,46
AGACACGCACCTCCGTGACG_012,58
AGACACGCACCTCCGTGACG_013,8
AGACACGCACCTCCGTGACG_014,152
AGACACGCACCTCCGTGACG_015,61
AGACACGCACCTCCGTGACG_016,136
TCCTACAAGACCCTGCCGCG_001,88
TCCTACAAGACCCTGCCGCG_002,148
TCCTACAAGACCCTGCCGCG_003,4
TCCTACAAGACCCTGCCGCG_004,82
TCCTACAAGACCCTGCCGCG_005,156
TCCTACAAGACCCTGCCGCG_006,178
TCCTACAAGACCCTGCCGCG_007,62
GATAACATTGATAAGCGTGT_001,181
GATAACATTGATAAGCGTGT_002,77
GATAACATTGATAAGCGTGT_003,53
GATAACATTGATAAGCGTGT_004,171
TACATCCTACCACCAAGCAT_001,82
TACATCCTACCACCAAGCAT_002,182
TACATCCTACCACCAAGCAT_003,142
TACATCCTACCACCAAGCAT_004,3
TACATCCTACCACCAAGCAT_005,105
TACATCCTACCACCAAGCAT_006,149
TACATCCTACCACCAAGCAT_007,2
TACATCCTACCACCAAGCAT_008,25
TACATCCTACCACCAAGCAT_009,174
TACATCCTACCACCAAGCAT_010,104
TACATCCTACCACCAAGCAT_011,171
TGGGATGAATCCATAAACAA_001,198
TGGGATGAATCCATAAACAA_002,73
TGGGATGAATCCATAAACAA_003,147
AGACCTGTCAGTGCTCCAGT_001,29
AGACCTGTCAGTGCTCCAGT_002,77
AGACCTGTCAGTGCTCCAGT_003,184
AGACCTGTCAGTGCTCCAGT_004,184
AGACCTGTCAGTGCTCCAGT_005,50
AGACCTGTCAGTGCTCCAGT_006,105
AGACCTGTCAGTGCTCCAGT_007,98
AGACCTGTCAGTGCTCCAGT_008,1
AGACCTGTCAGTGCTCCAGT_009,160
AGACCTGTCAGTGCTCCAGT_010,107
AGACCTGTCAGTGCTCCAGT_011,58
GAGATGCTGCGGGACGTGCG_001,8
GAGATGCTGCGGGACGTGCG_002,119
GAGATGCTGCGGGACGTGCG_003,61
GAGATGCTGCGGGACGTGCG_004,187
GAGATGCTGCGGGACGTGCG_005,124
GAGATGCTGCGGGACGTGCG_006,130
GAGATGCTGCGGGACGTGCG_007,55
GAGATGCTGCGGGACGTGCG_008,60
GAGATGCTGCGGGACGTGCG_009,2
GAGATGCTGCGGGACGTGCG_010,60
GAGATGCTGCGGGACGTGCG_011,41
GAGATGCTGCGGGACGTGCG_012,2
GAGATGCTGCGGGACGTGCG_013,159
GAGATGCTGCGGGACGTGCG_014,77
GAGATGCTGCGGGACGTGCG_015,188
AAGATGGTCATCATTGACCA_001,198
AAGATGGTCATCATTGACCA_002,137
AAGATGGTCATCATTGACCA_003,15
AAGATGGTCATCATTGACCA_004,160
AAGATGGTCATCATTGACCA_005,166
GACTACGAGAAGGTGCTAGG_001,32
GACTACGAGAAGGTGCTAGG_002,111
GACTACGAGAAGGTGCTAGG_003,191
GACTACGAGAAGGTGCTAGG_004,68
GACTACGAGAAGGTGCTAGG_005,162
GACTACGAGAAGGTGCTAGG_006,122
GACTACGAGAAGGTGCTAGG_007,122
GACTACGAGAAGGTGCTAGG_008,121
GACTACGAGAAGGTGCTAGG_009,175
GACTACGAGAAGGTGCTAGG_010,42
GACTACGAGAAGGTGCTAGG_011,85
GACTACGAGAAGGTGCTAGG_012,37
GACTACGAGAAGGTGCTAGG_013,185
GACTACGAGAAGGTGCTAGG_014,116
GACTACGAGAAGGTGCTAGG_015,196
GACTACGAGAAGGTGCTAGG_016,52
GACTACGAGAAGGTGCTAGG_017,190
GACTACGAGAAGGTGCTAGG_018,191
GACTACGAGAAGGTGCTAGG_019,56
GACTACGAGAAGGTGCTAGG_020,84
GACTACGAGAAGGTGCTAGG_021,105
GACTACGAGAAGGTGCTAGG_022,104
GACTACGAGAAGGTGCTAGG_023,16
GACTACGAGAAGGTGCTAGG_024,140
GACTACGAGAAGGTGCTAGG_025,111
GACTACGAGAAGGTGCTAGG_026,42
GACTACGAGAAGGTGCTAGG_027,95
GACTACGAGAAGGTGCTAGG_028,61
GACTACGAGAAGGTGCTAGG_029,106
GACTACGAGAAGGTGCTAGG_030,172
GACTACGAGAAGGTGCTAGG_031,168
GACTACGAGAAGGTGCTAGG_032,106
GACTACGAGAAGGTGCTAGG_033,136
GACTACGAGAAGGTGCTAGG_034,101
GACTACGAGAAGGTGCTAGG_035,174
GACTACGAGAAGGTGCTAGG_036,150
GACTACGAGAAGGTGCTAGG_037,153
TTGGCATCGTAATGGGCCGG_001,134
TTGGCATCGTAATGGGCCGG_002,19
TTGGCATCGTAATGGGCCGG_003,41
TTGGCATCGTAATGGGCCGG_004,127
TTGGCATCGTAATGGGCCGG_005,199
TTGGCATCGTAATGGGCCGG_006,166
TTGGCATCGTAATGGGCCGG_007,12
TTGGCATCGTAATGGGCCGG_008,71
TTGGCATCGTAATGGGCCGG_009,8
CGGAAATGGCTATATCAGCA_001,107
CGGAAATGGCTATATCAGCA_002,196
TAAGGCCAAGCTGAAGAAAA_001,191
GAGCACAGAAATCTTCCAAG_001,120
GAGCACAGAAATCTTCCAAG_002,166
GAGCACAGAAATCTTCCAAG_003,33
GAGCACAGAAATCTTCCAAG_004,125
TCTTACCCAGTGATACTAGG_001,50
TCTTACCCAGTGATACTAGG_002,175
TCTTACCCAGTGATACTAGG_003,94
TCTTACCCAGTGATACTAGG_004,186
TCTTACCCAGTGATACTAGG_005,88
TCTTACCCAGTGATACTAGG_006,145
AAAGCCCCCATACCTGAATG_001,62
AAAGCCCCCATACCTGAATG_002,43
AAAGCCCCCATACCTGAATG_003,19
AAAGCCCCCATACCTGAATG_004,19
GAGCACGTCTACAGTCACAC_001,105
GAGCACGTCTACAGTCACAC_002,105
GAGCACGTCTACAGTCACAC_003,19
GAGCACGTCTACAGTCACAC_004,26
GAGCACGTCTACAGTCACAC_005,58
GAGCACGTCTACAGTCACAC_006,12
GAGCACGTCTACAGTCACAC_007,48
GAGCACGTCTACAGTCACAC_008,137
GAGCACGTCTACAGTCACAC_009,45
GAGCACGTCTACAGTCACAC_010,142
GAGCACGTCTACAGTCACAC_011,183
TGGCTGGCAAGTTCTCGTGT_001,76
TGGCTGGCAAGTTCTCGTGT_002,84
TGGCTGGCAAGTTCTCGTGT_003,122
TGGCTGGCAAGTTCTCGTGT_004,29
TGGCTGGCAAGTTCTCGTGT_005,60
TGGCTGGCAAGTTCTCGTGT_006,189
TGGCTGGCAAGTTCTCGTGT_007,67
TGGCTGGCAAGTTCTCGTGT_008,115
TGGCTGGCAAGTTCTCGTGT_009,172
ACAACCAACCTAAGATTGGA_001,173
ACAACCAACCTAAGATTGGA_002,161
ACAACCAACCTAAGATTGGA_003,141
ACAACCAACCTAAGATTGGA_004,124
ACAACCAACCTAAGATTGGA_005,96
ACAACCAACCTAAGATTGGA_006,41
ACAACCAACCTAAGATTGGA_007,70
ACAACCAACCTAAGATTGGA_008,102
TTCACAACATTATTCACATG_001,38
TTCACAACATTATTCACATG_002,152
GCGGCCGGTGATCGGAACCA_001,89
GCGGCCGGTGATCGGAACCA_002,17
GCGGCCGGTGATCGGAACCA_003,185
GCGGCCGGTGATCGGAACCA_004,169
GCGGCCGGTGATCGGAACCA_005,83
GCGGCCGGTGATCGGAACCA_006,16
GCGGCCGGTGATCGGAACCA_007,172
GCGGCCGGTGATCGGAACCA_008,175
GCGGCCGGTGATCGGAACCA_009,8
TTATACAGGACCATTCAAGG_001,149
TTATACAGGACCATTCAAGG_002,116
TGCCCAGCGACACGGATGAT_001,149
TGCCCAGCGACACGGATGAT_002,83
TGCCCAGCGACACGGATGAT_003,88
TGCCCAGCGACACGGATGAT_004,104
TGCCCAGCGACACGGATGAT_005,58
TGCCCAGCGACACGGATGAT_006,157
TGCCCAGCGACACGGATGAT_007,113
TGCCCAGCGACACGGATGAT_008,120
TGCCCAGCGACACGGATGAT_009,137
TGCCCAGCGACACGGATGAT_010,78
TGCCCAGCGACACGGATGAT_011,61
TGCCCAGCGACACGGATGAT_012,185
TGCCCAGCGACACGGATGAT_013,147
TGCCCAGCGACACGGATGAT_014,35
TGCCCAGCGACACGGATGAT_015,115
TGCCCAGCGACACGGATGAT_016,94
TGCCCAGCGACACGGATGAT_017,63
TGCCCAGCGACACGGATGAT_018,96
ATGGATATACTCAGTTAACA_001,58
GGGCGCCGAGTCCTCCCGGG_001,94
GGGCGCCGAGTCCTCCCGGG_002,56
GGGCGCCGAGTCCTCCCGGG_003,56
GGGCGCCGAGTCCTCCCGGG_004,150
GGGCGCCGAGTCCTCCCGGG_005,132
GGGCGCCGAGTCCTCCCGGG_006,101
GGGCGCCGAGTCCTCCCGGG_007,26
GGGCGCCGAGTCCTCCCGGG_008,56
GGGCGCCGAGTCCTCCCGGG_009,13
GGGCGCCGAGTCCTCCCGGG_010,101
GGGCGCCGAGTCCTCCCGGG_011,155
GGGCGCCGAGTCCTCCCGGG_012,138
GGGCGCCGAGTCCTCCCGGG_013,77
GGGCGCCGAGTCCTCCCGGG_014,33
GGGCGCCGAGTCCTCCCGGG_015,111
GGGCGCCGAGTCCTCCCGGG_016,73
GGGCGCCGAGTCCTCCCGGG_017,8
GGGCGCCGAGTCCTCCCGGG_018,94
GGGCGCCGAGTCCTCCCGGG_019,125
GGGCGCCGAGTCCTCCCGGG_020,165
GGGCGCCGAGTCCTCCCGGG_021,34
AGCGACCGCGAGATGCCCGA_001,104
AGCGACCGCGAGATGCCCGA_002,7
AGCGACCGCGAGATGCCCGA_003,131
AGCGACCGCGAGATGCCCGA_004,37
AGCGACCGCGAGATGCCCGA_005,191
AGCGACCGCGAGATGCCCGA_006,34
AGCGACCGCGAGATGCCCGA_007,45
AGCGACCGCGAGATGCCCGA_008,105
AGCGACCGCGAGATGCCCGA_009,18
AGCGACCGCGAGATGCCCGA_010,194
AGCGACCGCGAGATGCCCGA_011,150
AGCGACCGCGAGATGCCCGA_012,178
CTACACTCCACGCTACATGG_001,48
CTACACTCCACGCTACATGG_002,35
CTACACTCCACGCTACATGG_003,127
CTACACTCCACGCTACATGG_004,137
CTACACTCCACGCTACATGG_005,159
CTACACTCCACGCTACATGG_006,52
CTACACTCCACGCTACATGG_007,188
CTACACTCCACGCTACATGG_008,5
CTACACTCCACGCTACATGG_009,49
CTACACTCCACGCTACATGG_010,26
CTACACTCCACGCTACATGG_011,161
CTACACTCCACGCTACATGG_012,53
CTACACTCCACGCTACATGG_013,90
CTACACTCCACGCTACATGG_014,12
CTACACTCCACGCTACATGG_015,43
CTACACTCCACGCTACATGG_016,66
CTACACTCCACGCTACATGG_017,62
CTACACTCCACGCTACATGG_018,22
CTACACTCCACGCTACATGG_019,67
CAAGCTCACCCATGACACTG_001,7
CAAGCTCACCCATGACACTG_002,26
CAAGCTCACCCATGACACTG_003,76
CAAGCTCACCCATGACACTG_004,130
CAAGCTCACCCATGACACTG_005,191
CAAGCTCACCCATGACACTG_006,82
CAAGCTCACCCATGACACTG_007,144
CAAGCTCACCCATGACACTG_008,137
CATGCCCTCTTGCACGGTCA_001,120
CATGCCCTCTTGCACGGTCA_002,194
CATGCCCTCTTGCACGGTCA_003,29
CATGCCCTCTTGCACGGTCA_004,40
CATGCCCTCTTGCACGGTCA_005,79
CATGCCCTCTTGCACGGTCA_006,4
CATGCCCTCTTGCACGGTCA_007,141
CATGCCCTCTTGCACGGTCA_008,170
CATGCCCTCTTGCACGGTCA_009,29
GGAGTGTGCCATGAGCGAGA_001,54
GGAGTGTGCCATGAGCGAGA_002,198
GGAGTGTGCCATGAGCGAGA_003,65
GGAGTGTGCCATGAGCGAGA_004,103
GGAGTGTGCCATGAGCGAGA_005,149
GGAGTGTGCCATGAGCGAGA_006,108
GGAGTGTGCCATGAGCGAGA_007,47
GGAGTGTGCCATGAGCGAGA_008,102
GGAGTGTGCCATGAGCGAGA_009,76
GGAGTGTGCCATGAGCGAGA_010,110
GGAGTGTGCCATGAGCGAGA_011,68
GGAGTGTGCCATGAGCGAGA_012,43
GGAGTGTGCCATGAGCGAGA_013,56
GGAGTGTGCCATGAGCGAGA_014,72
GGAGTGTGCCATGAGCGAGA_015,72
GAGGAGGCACACACTTCCGG_001,83
GAGGAGGCACACACTTCCGG_002,60
GAGGAGGCACACACTTCCGG_003,84
GTACCCCCAATAGCCGCAGG_001,28
GTACCCCCAATAGCCGCAGG_002,29
GTACCCCCAATAGCCGCAGG_003,38
GTACCCCCAATAGCCGCAGG_004,18
GTACCCCCAATAGCCGCAGG_005,52
GTACCCCCAATAGCCGCAGG_006,123
GTACCCCCAATAGCCGCAGG_007,60
GTACCCCCAATAGCCGCAGG_008,85
GTACCCCCAATAGCCGCAGG_009,83
GTACCCCCAATAGCCGCAGG_010,114
GTACCCCCAATAGCCGCAGG_011,72
GTACCCCCAATAGCCGCAGG_012,84
GTACCCCCAATAGCCGCAGG_013,10
GTACCCCCAATAGCCGCAGG_014,19
GTACCCCCAATAGCCGCAGG_015,56
AAAGTGAACCGAGGAAACGC_001,199
AAAGTGAACCGAGGAAACGC_002,169
AAAGTGAACCGAGGAAACGC_003,187
AAAGTGAACCGAGGAAACGC_004,103
AAAGTGAACCGAGGAAACGC_005,8
AAAGTGAACCGAGGAAACGC_006,22
AAAGTGAACCGAGGAAACGC_007,0
AAAGTGAACCGAGGAAACGC_008,60
AAAGTGAACCGAGGAAACGC_009,60
AAAGTGAACCGAGGAAACGC_010,39
AAAGTGAACCGAGGAAACGC_011,180
TTAAGCATGTCTAACACGAG_001,7
TTAAGCATGTCTAACACGAG_002,110
TTAAGCATGTCTAACACGAG_003,81
TTAAGCATGTCTAACACGAG_004,118
ATTCAAAAGTACCACAATGG_001,140
ATTCAAAAGTACCACAATGG_002,86
GTGCCGTCATTACGGAGACC_001,0
GTGCCGTCATTACGGAGACC_002,112
GTGCCGTCATTACGGAGACC_003,176
GTGCCGTCATTACGGAGACC_004,61
GTGCCGTCATTACGGAGACC_005,121
GTGCCGTCATTACGGAGACC_006,94
GTGCCGTCATTACGGAGACC_007,67
GTGCCGTCATTACGGAGACC_008,136
GTGCCGTCATTACGGAGACC_009,169
GTGCCGTCATTACGGAGACC_010,142
ACCCGGGCGAAGTAGCAGAG_001,79
ACCCGGGCGAAGTAGCAGAG_002,2
ACCCGGGCGAAGTAGCAGAG_003,34
ACCCGGGCGAAGTAGCAGAG_004,160
ACCCGGGCGAAGTAGCAGAG_005,126
ACCCGGGCGAAGTAGCAGAG_006,49
ACCCGGGCGAAGTAGCAGAG_007,22
ACCCGGGCGAAGTAGCAGAG_008,169
ACCCGGGCGAAGTAGCAGAG_009,148
ACCCGGGCGAAGTAGCAGAG_010,194
ACCCGGGCGAAGTAGCAGAG_011,11
ACCCGGGCGAAGTAGCAGAG_012,127
ACCCGGGCGAAGTAGCAGAG_013,58
ACCCGGGCGAAGTAGCAGAG_014,120
ACCCGGGCGAAGTAGCAGAG_015,115
ACCCGGGCGAAGTAGCAGAG_016,95
ACCCGGGCGAAGTAGCAGAG_017,177
ACCCGGGCGAAGTAGCAGAG_018,120
ACCCGGGCGAAGTAGCAGAG_019,199
ACCCGGGCGAAGTAGCAGAG_020,199
ACCCGGGCGAAGTAGCAGAG_021,72
ACCCGGGCGAAGTAGCAGAG_022,56
ACCCGGGCGAAGTAGCAGAG_023,138
ACCCGGGCGAAGTAGCAGAG_024,111
AAAAGGTCAATTCTTGATGG_001,50
AAAAGGTCAATTCTTGATGG_002,127
CACTGGGACACATTGCTGAG_001,105
CACTGGGACACATTGCTGAG_002,9
CACTGGGACACATTGCTGAG_003,177
CACTGGGACACATTGCTGAG_004,78
CACTGGGACACATTGCTGAG_005,94
CACTGGGACACATTGCTGAG_006,168
CACTGGGACACATTGCTGAG_007,56
CACTGGGACACATTGCTGAG_008,175
CACTGGGACACATTGCTGAG_009,103
CACTGGGACACATTGCTGAG_010,190
CACTGGGACACATTGCTGAG_011,138
CACTGGGACACATTGCTGAG_012,102
CACTGGGACACATTGCTGAG_013,197
CGTGAGTGTGCAGTGCCCAG_001,197
CGTGAGTGTGCAGTGCCCAG_002,137
CGTGAGTGTGCAGTGCCCAG_003,28
CGTGAGTGTGCAGTGCCCAG_004,149
CGTGAGTGTGCAGTGCCCAG_005,50
CGTGAGTGTGCAGTGCCCAG_006,153
CGTGAGTGTGCAGTGCCCAG_007,85
CGTGAGTGTGCAGTGCCCAG_008,165
CGTGAGTGTGCAGTGCCCAG_009,11
CGTGAGTGTGCAGTGCCCAG_010,124
GAGGTCAATGGTGAACACAA_001,117
GAGGTCAATGGTGAACACAA_002,183
GAGGTCAATGGTGAACACAA_003,5
GAGGTCAATGGTGAACACAA_004,53
GAGGTCAATGGTGAACACAA_005,80
GAGGTCAATGGTGAACACAA_006,103
GAGGTCAATGGTGAACACAA_007,107
GAGGTCAATGGTGAACACAA_008,88
GAGGTCAATGGTGAACACAA_009,92
GAGGTCAATGGTGAACACAA_010,149
GAGGTCAATGGTGAACACAA_011,81
ACAGAGCCACACTCACCGGG_001,166
ACAGAGCCACACTCACCGGG_002,23
ACAGAGCCACACTCACCGGG_003,177
ACAGAGCCACACTCACCGGG_004,137
ACAGAGCCACACTCACCGGG_005,60
ACAGAGCCACACTCACCGGG_006,107
ACAGAGCCACACTCACCGGG_007,140
ACAGAGCCACACTCACCGGG_008,141
ACAGAGCCACACTCACCGGG_009,141
ACAGAGCCACACTCACCGGG_010,69
ACAGAGCCACACTCACCGGG_011,197
ACAGAGCCACACTCACCGGG_012,160
ACAGAGCCACACTCACCGGG_013,169
ACAGAGCCACACTCACCGGG_014,44
ACAGAGCCACACTCACCGGG_015,194
ACAGAGCCACACTCACCGGG_016,160
ACAGAGCCACACTCACCGGG_017,160
ACAGAGCCACACTCACCGGG_018,40
ACAGAGCCACACTCACCGGG_019,147
ACAGAGCCACACTCACCGGG_020,83
ACAGAGCCACACTCACCGGG_021,136
ACAGAGCCACACTCACCGGG_022,136
ACAGAGCCACACTCACCGGG_023,63
ACAGAGCCACACTCACCGGG_024,78
CATGGTGGAATGTATCCGGG_001,176
CATGGTGGAATGTATCCGGG_002,121
CATGGTGGAATGTATCCGGG_003,119
CATGGTGGAATGTATCCGGG_004,50
CATGGTGGAATGTATCCGGG_005,158
TCATGACTTCGAGTGTCCCA_001,150
TCATGACTTCGAGTGTCCCA_002,11
TCATGACTTCGAGTGTCCCA_003,103
TCATGACTTCGAGTGTCCCA_004,15
TCATGACTTCGAGTGTCCCA_005,70
TCATGACTTCGAGTGTCCCA_006,58
TCATGACTTCGAGTGTCCCA_007,1
TCATGACTTCGAGTGTCCCA_008,185
TCATGACTTCGAGTGTCCCA_009,161
TCATGACTTCGAGTGTCCCA_010,80
TCATGACTTCGAGTGTCCCA_011,5
TCATGACTTCGAGTGTCCCA_012,85
GATAGAGAACTCAGCCGCAG_001,78
GATAGAGAACTCAGCCGCAG_002,46
GATAGAGAACTCAGCCGCAG_003,147
GATAGAGAACTCAGCCGCAG_004,43
GATAGAGAACTCAGCCGCAG_005,196
GATAGAGAACTCAGCCGCAG_006,144
GATAGAGAACTCAGCCGCAG_007,155
GGTCGTCGCAGCAGTACTTG_001,149
GGTCGTCGCAGCAGTACTTG_002,181
GGTCGTCGCAGCAGTACTTG_003,184
GGTCGTCGCAGCAGTACTTG_004,157
GGTCGTCGCAGCAGTACTTG_005,12
GGTCGTCGCAGCAGTACTTG_006,130
GGTCGTCGCAGCAGTACTTG_007,31
GGTCGTCGCAGCAGTACTTG_008,175
GGTCGTCGCAGCAGTACTTG_009,175
GGTCGTCGCAGCAGTACTTG_010,141
GGTCGTCGCAGCAGTACTTG_011,28
GGTCGTCGCAGCAGTACTTG_012,117
GGTCGTCGCAGCAGTACTTG_013,174
GGTCGTCGCAGCAGTACTTG_014,151
GGTCGTCGCAGCAGTACTTG_015,160
GGTCGTCGCAGCAGTACTTG_016,193
GGTCGTCGCAGCAGTACTTG_017,78
GGTCGTCGCAGCAGTACTTG_018,44
GGTCGTCGCAGCAGTACTTG_019,147
GGTCGTCGCAGCAGTACTTG_020,198
GGTCGTCGCAGCAGTACTTG_021,188
GGTCGTCGCAGCAGTACTTG_022,63
GGTCGTCGCAGCAGTACTTG_023,146
GGTCGTCGCAGCAGTACTTG_024,25
CTGGTTGGAGATCGGACCAC_001,70
CTGGTTGGAGATCGGACCAC_002,76
CTGGTTGGAGATCGGACCAC_003,77
CTGGTTGGAGATCGGACCAC_004,35
CTGGTTGGAGATCGGACCAC_005,45
CTGGTTGGAGATCGGACCAC_006,62
CTGGTTGGAGATCGGACCAC_007,169
CTGGTTGGAGATCGGACCAC_008,145
CTGGTTGGAGATCGGACCAC_009,136
CTGGTTGGAGATCGGACCAC_010,169
CTGGTTGGAGATCGGACCAC_011,56
CTGGTTGGAGATCGGACCAC_012,53
TGTTTAGGGAGGTACGACTT_001,145
TGTTTAGGGAGGTACGACTT_002,197
TGTTTAGGGAGGTACGACTT_003,77
TGTTTAGGGAGGTACGACTT_004,98
TGTTTAGGGAGGTACGACTT_005,106
TGTTTAGGGAGGTACGACTT_006,152
TGTTTAGGGAGGTACGACTT_007,42
TGTTTAGGGAGGTACGACTT_008,91
TGTTTAGGGAGGTACGACTT_009,86
TGTTTAGGGAGGTACGACTT_010,67
TGTTTAGGGAGGTACGACTT_011,139
TGTTTAGGGAGGTACGACTT_012,168
TGTTTAGGGAGGTACGACTT_013,14
TGTTTAGGGAGGTACGACTT_014,6
TGTTTAGGGAGGTACGACTT_015,44
TGTTTAGGGAGGTACGACTT_016,104
TGTTTAGGGAGGTACGACTT_017,129
CCTCAGGGACTCATCACCAG_001,157
CCTCAGGGACTCATCACCAG_002,142
CCTCAGGGACTCATCACCAG_003,49
CCTCAGGGACTCATCACCAG_004,141
CCTCAGGGACTCATCACCAG_005,100
CCTCAGGGACTCATCACCAG_006,120
CCTCAGGGACTCATCACCAG_007,8
CATACTCGGAGCGCAAACGC_001,142
CATACTCGGAGCGCAAACGC_002,133
CATACTCGGAGCGCAAACGC_003,171
CATACTCGGAGCGCAAACGC_004,141
CATACTCGGAGCGCAAACGC_005,34
CTCCTTGTCATCAGCGGGCG_001,82
CTCCTTGTCATCAGCGGGCG_002,124
CTCCTTGTCATCAGCGGGCG_003,171
CTCCTTGTCATCAGCGGGCG_004,48
CTCCTTGTCATCAGCGGGCG_005,76
CTCCTTGTCATCAGCGGGCG_006,58
CTCCTTGTCATCAGCGGGCG_007,137
CTCCTTGTCATCAGCGGGCG_008,158
CTCCTTGTCATCAGCGGGCG_009,93
CTCCTTGTCATCAGCGGGCG_010,176
CTCCTTGTCATCAGCGGGCG_011,77
CTCCTTGTCATCAGCGGGCG_012,106
TATGTGGTAAGTCCTTTACC_001,114
CCCTCAGTCAGCGCTCTCGA_001,80
CCCTCAGTCAGCGCTCTCGA_002,173
CCCTCAGTCAGCGCTCTCGA_003,185
CCCTCAGTCAGCGCTCTCGA_004,61
CCCTCAGTCAGCGCTCTCGA_005,97
CCCTCAGTCAGCGCTCTCGA_006,86
CCCTCAGTCAGCGCTCTCGA_007,148
CCCTCAGTCAGCGCTCTCGA_008,14
CCCTCAGTCAGCGCTCTCGA_009,105
CCCTCAGTCAGCGCTCTCGA_010,17
CCCTCAGTCAGCGCTCTCGA_011,150
CCCTCAGTCAGCGCTCTCGA_012,161
CCCTCAGTCAGCGCTCTCGA_013,178
CCCTCAGTCAGCGCTCTCGA_014,83
CCCTCAGTCAGCGCTCTCGA_015,101
CCCTCAGTCAGCGCTCTCGA_016,182
CCCTCAGTCAGCGCTCTCGA_017,158
CCCTCAGTCAGCGCTCTCGA_018,168
CCCTCAGTCAGCGCTCTCGA_019,85
CCCTCAGTCAGCGCTCTCGA_020,195
CCCTCAGTCAGCGCTCTCGA_021,135
CCCTCAGTCAGCGCTCTCGA_022,43
CCCTCAGTCAGCGCTCTCGA_023,22
CCCTCAGTCAGCGCTCTCGA_024,78
CCCTCAGTCAGCGCTCTCGA_025,149
CCCTCAGTCAGCGCTCTCGA_026,39
CCCTCAGTCAGCGCTCTCGA_027,55
CCCTCAGTCAGCGCTCTCGA_028,69
CCCTCAGTCAGCGCTCTCGA_029,56
TGGAGGTCCAAGTGCTGCAA_001,15
TGGAGGTCCAAGTGCTGCAA_002,158
TGGAGGTCCAAGTGCTGCAA_003,169
TGGAGGTCCAAGTGCTGCAA_004,103
TGGAGGTCCAAGTGCTGCAA_005,17
TGGAGGTCCAAGTGCTGCAA_006,145
TGGAGGTCCAAGTGCTGCAA_007,76
TGGAGGTCCAAGTGCTGCAA_008,137
TGGAGGTCCAAGTGCTGCAA_009,194
TGGAGGTCCAAGTGCTGCAA_010,172
TGGAGGTCCAAGTGCTGCAA_011,7
TGGAGGTCCAAGTGCTGCAA_012,48
TGGAGGTCCAAGTGCTGCAA_013,22
TGGAGGTCCAAGTGCTGCAA_014,26
TGGAGGTCCAAGTGCTGCAA_015,85
TGGAGGTCCAAGTGCTGCAA_016,94
TGGAGGTCCAAGTGCTGCAA_017,42
TGGAGGTCCAAGTGCTGCAA_018,63
TGGAGGTCCAAGTGCTGCAA_019,149
TGGAGGTCCAAGTGCTGCAA_020,172
TGGAGGTCCAAGTGCTGCAA_021,134
TGGAGGTCCAAGTGCTGCAA_022,2
TGGAGGTCCAAGTGCTGCAA_023,124
TGGAGGTCCAAGTGCTGCAA_024,166
TGGAGGTCCAAGTGCTGCAA_025,46
TGGAGGTCCAAGTGCTGCAA_026,123
TGGAGGTCCAAGTGCTGCAA_027,185
TGGAGGTCCAAGTGCTGCAA_028,168
TGGAGGTCCAAGTGCTGCAA_029,105
GAGATCTCCGACGACGACCG_001,141
GAGATCTCCGACGACGACCG_002,64
GAGATCTCCGACGACGACCG_003,185
GAGATCTCCGACGACGACCG_004,75
GAGATCTCCGACGACGACCG_005,150
GAGATCTCCGACGACGACCG_006,97
GAGATCTCCGACGACGACCG_007,6
AACAAGTGATCCTAATGCTG_001,53
AACAAGTGATCCTAATGCTG_002,172
GGAAAGACTGAAATGAAGGC_001,27
GGAAAGACTGAAATGAAGGC_002,135
GGAAAGACTGAAATGAAGGC_003,29
AATATATGAAGCCACATGTG_001,78
AATATATGAAGCCACATGTG_002,183
AATATATGAAGCCACATGTG_003,52
AATATATGAAGCCACATGTG_004,1
AATATATGAAGCCACATGTG_005,28
TCACACACGGAGTCACTAGG_001,148
TCACACACGGAGTCACTAGG_002,110
TCACACACGGAGTCACTAGG_003,133
TCACACACGGAGTCACTAGG_004,34
TCACACACGGAGTCACTAGG_005,64
TCACACACGGAGTCACTAGG_006,46
TCACACACGGAGTCACTAGG_007,144
TCACACACGGAGTCACTAGG_008,48
TCACACACGGAGTCACTAGG_009,190
TCACACACGGAGTCACTAGG_010,101
TCACACACGGAGTCACTAGG_011,127
TCACACACGGAGTCACTAGG_012,145
TCACACACGGAGTCACTAGG_013,14
TCACACACGGAGTCACTAGG_014,96
TCACACACGGAGTCACTAGG_015,95
TCACACACGGAGTCACTAGG_016,50
TCACACACGGAGTCACTAGG_017,191
TCACACACGGAGTCACTAGG_018,94
TCACACACGGAGTCACTAGG_019,83
TCACACACGGAGTCACTAGG_020,127
TCACACACGGAGTCACTAGG_021,41
TCACACACGGAGTCACTAGG_022,57
TCACACACGGAGTCACTAGG_023,121
TCACACACGGAGTCACTAGG_024,62
TCACACACGGAGTCACTAGG_025,58
TCACACACGGAGTCACTAGG_026,19
TCACACACGGAGTCACTAGG_027,55
TCACACACGGAGTCACTAGG_028,96
TCACACACGGAGTCACTAGG_029,166
TCACACACGGAGTCACTAGG_030,50
GAACAACGCAATTCTGTCGT_001,81
GAACAACGCAATTCTGTCGT_002,162
GAACAACGCAATTCTGTCGT_003,172
GAACAACGCAATTCTGTCGT_004,71
GAACAACGCAATTCTGTCGT_005,4
GAACAACGCAATTCTGTCGT_006,183
GAACAACGCAATTCTGTCGT_007,158
GAACAACGCAATTCTGTCGT_008,48
GAACAACGCAATTCTGTCGT_009,49
GAACAACGCAATTCTGTCGT_010,38
GAACAACGCAATTCTGTCGT_011,168
GAACAACGCAATTCTGTCGT_012,167
CATTCCAAATAGTCAACGCA_001,115
CATTCCAAATAGTCAACGCA_002,116
CATTCCAAATAGTCAACGCA_003,80
CCGAGACCACGCAATCTGCA_001,78
CCGAGACCACGCAATCTGCA_002,5
CCGAGACCACGCAATCTGCA_003,5
CCGAGACCACGCAATCTGCA_004,118
CCGAGACCACGCAATCTGCA_005,41
CCGAGACCACGCAATCTGCA_006,41
CCGAGACCACGCAATCTGCA_007,168
CCGAGACCACGCAATCTGCA_008,147
CCGAGACCACGCAATCTGCA_009,176
CCGAGACCACGCAATCTGCA_010,148
CCGAGACCACGCAATCTGCA_011,184
CCGAGACCACGCAATCTGCA_012,34
CCGAGACCACGCAATCTGCA_013,60
CCGAGACCACGCAATCTGCA_014,182
CCGAGACCACGCAATCTGCA_015,148
CCGAGACCACGCAATCTGCA_016,59
CCGAGACCACGCAATCTGCA_017,48
CCGAGACCACGCAATCTGCA_018,35
CCGAGACCACGCAATCTGCA_019,106
CCGAGACCACGCAATCTGCA_020,77
CCGAGACCACGCAATCTGCA_021,70
CCGAGACCACGCAATCTGCA_022,28
CCGAGACCACGCAATCTGCA_023,106
CCGAGACCACGCAATCTGCA_024,136
CCGAGACCACGCAATCTGCA_025,84
AAGACCAGGATGCAGTTGCA_001,60
AAGACCAGGATGCAGTTGCA_002,59
AAGACCAGGATGCAGTTGCA_003,57
AAGACCAGGATGCAGTTGCA_004,196
AAGACCAGGATGCAGTTGCA_005,49
AAGACCAGGATGCAGTTGCA_006,15
AAGACCAGGATGCAGTTGCA_007,81
AAGACCAGGATGCAGTTGCA_008,2
AAGACCAGGATGCAGTTGCA_009,50
AAGACCAGGATGCAGTTGCA_010,49
AAGACCAGGATGCAGTTGCA_011,112
AAGACCAGGATGCAGTTGCA_012,80
AAGACCAGGATGCAGTTGCA_013,113
AAGACCAGGATGCAGTTGCA_014,110
AAGACCAGGATGCAGTTGCA_015,77
AAGACCAGGATGCAGTTGCA_016,194
AAGACCAGGATGCAGTTGCA_017,56
AAGACCAGGATGCAGTTGCA_018,137
AAGACCAGGATGCAGTTGCA_019,88
AAGACCAGGATGCAGTTGCA_020,118
AAGACCAGGATGCAGTTGCA_021,199
AAGACCAGGATGCAGTTGCA_022,172
AAGACCAGGATGCAGTTGCA_023,39
AAGACCAGGATGCAGTTGCA_024,70
AAGACCAGGATGCAGTTGCA_025,37
AAGACCAGGATGCAGTTGCA_026,26
AAGACCAGGATGCAGTTGCA_027,21
AAGACCAGGATGCAGTTGCA_028,28
AAGACCAGGATGCAGTTGCA_029,56
CTGGAAGGCCTATCATCAGT_001,50
CTGGAAGGCCTATCATCAGT_002,179
CTGGAAGGCCTATCATCAGT_003,23
AAAGAGCAGGCAATCGATAG_001,35
AAAGAGCAGGCAATCGATAG_002,1
AAAGAGCAGGCAATCGATAG_003,103
AGAGGGTGTCCTCGTCCAAG_001,137
AGAGGGTGTCCTCGTCCAAG_002,28
AGAGGGTGTCCTCGTCCAAG_003,169
AGAGGGTGTCCTCGTCCAAG_004,108
AGAGGGTGTCCTCGTCCAAG_005,115
AGAGGGTGTCCTCGTCCAAG_006,45
AGAGGGTGTCCTCGTCCAAG_007,1
AGAGGGTGTCCTCGTCCAAG_008,190
AGAGGGTGTCCTCGTCCAAG_009,184
AGAGGGTGTCCTCGTCCAAG_010,63
ACCATTGGGGTCGATGCGGT_001,150
ACCATTGGGGTCGATGCGGT_002,99
ACCATTGGGGTCGATGCGGT_003,82
ACCATTGGGGTCGATGCGGT_004,86
ACCATTGGGGTCGATGCGGT_005,5
ACCATTGGGGTCGATGCGGT_006,73
ACCATTGGGGTCGATGCGGT_007,96
ACCATTGGGGTCGATGCGGT_008,62
ACCATTGGGGTCGATGCGGT_009,8
ACCATTGGGGTCGATGCGGT_010,57
ACCATTGGGGTCGATGCGGT_011,94
ACCATTGGGGTCGATGCGGT_012,152
ACCATTGGGGTCGATGCGGT_013,78
ACCATTGGGGTCGATGCGGT_014,91
ACCATTGGGGTCGATGCGGT_015,50
ACCATTGGGGTCGATGCGGT_016,153
ACCATTGGGGTCGATGCGGT_017,96
ACCATTGGGGTCGATGCGGT_018,174
ACCATTGGGGTCGATGCGGT_019,103
ACAGACTAGTATCTACCTTG_001,27
GATCATAGGTCCAAACCAGG_001,184
GATCATAGGTCCAAACCAGG_002,0
GATCATAGGTCCAAACCAGG_003,84
GATCATAGGTCCAAACCAGG_004,185
GATCATAGGTCCAAACCAGG_005,192
GATCATAGGTCCAAACCAGG_006,86
GATCATAGGTCCAAACCAGG_007,88
GATCATAGGTCCAAACCAGG_008,105
GATCATAGGTCCAAACCAGG_009,10
GATCATAGGTCCAAACCAGG_010,15
GATCATAGGTCCAAACCAGG_011,169
GATCATAGGTCCAAACCAGG_012,94
GGAGCGCAAAACCAACGACA_001,42
GGAGCGCAAAACCAACGACA_002,46
GGAGCGCAAAACCAACGACA_003,155
GGAGCGCAAAACCAACGACA_004,154
GGAGCGCAAAACCAACGACA_005,65
GGAGCGCAAAACCAACGACA_006,49
GGACGCCCGGACGCCCGACA_001,133
GGACGCCCGGACGCCCGACA_002,114
GGACGCCCGGACGCCCGACA_003,71
GGACGCCCGGACGCCCGACA_004,74
GGACGCCCGGACGCCCGACA_005,131
GGACGCCCGGACGCCCGACA_006,69
GGACGCCCGGACGCCCGACA_007,62
GGACGCCCGGACGCCCGACA_008,92
GGACGCCCGGACGCCCGACA_009,146
GGACGCCCGGACGCCCGACA_010,169
GGACGCCCGGACGCCCGACA_011,121
GGACGCCCGGACGCCCGACA_012,14
GGACGCCCGGACGCCCGACA_013,185
GGACGCCCGGACGCCCGACA_014,186
GGACGCCCGGACGCCCGACA_015,25
GGACGCCCGGACGCCCGACA_016,63
GGACGCCCGGACGCCCGACA_017,106
GGACGCCCGGACGCCCGACA_018,28
GGACGCCCGGACGCCCGACA_019,94
GGACGCCCGGACGCCCGACA_020,77
GGACGCCCGGACGCCCGACA_021,166
GGACGCCCGGACGCCCGACA_022,145
GGACGCCCGGACGCCCGACA_023,98
GGACGCCCGGACGCCCGACA_024,139
GGACGCCCGGACGCCCGACA_025,195
GGACGCCCGGACGCCCGACA_026,88
GGACGCCCGGACGCCCGACA_027,177
GGACGCCCGGACGCCCGACA_028,42
GGACGCCCGGACGCCCGACA_029,0
GGACGCCCGGACGCCCGACA_030,108
GGACGCCCGGACGCCCGACA_031,177
GGACGCCCGGACGCCCGACA_032,56
GGACGCCCGGACGCCCGACA_033,106
GGACGCCCGGACGCCCGACA_034,106
GTGAACACATGGCTGTGGTA_001,58
GTGAACACATGGCTGTGGTA_002,85
GTGAACACATGGCTGTGGTA_003,148
GTGAACACATGGCTGTGGTA_004,19
GTGAACACATGGCTGTGGTA_005,188
GTGCCCATGATGTTCCGTAG_001,149
GTGCCCATGATGTTCCGTAG_002,9
TGATGTCACTGTGCCAACTG_001,56
TGATGTCACTGTGCCAACTG_002,8
TGATGTCACTGTGCCAACTG_003,156
TGATGTCACTGTGCCAACTG_004,107
TGATGTCACTGTGCCAACTG_005,92
TGATGTCACTGTGCCAACTG_006,191
TGATGTCACTGTGCCAACTG_007,150
TGATGTCACTGTGCCAACTG_008,48
TGATGTCACTGTGCCAACTG_009,192
TGATGTCACTGTGCCAACTG_010,182
TGATGTCACTGTGCCAACTG_011,146
TGATGTCACTGTGCCAACTG_012,170
TGATGTCACTGTGCCAACTG_013,50
TGATGTCACTGTGCCAACTG_014,87
TGATGTCACTGTGCCAACTG_015,65
TGATGTCACTGTGCCAACTG_016,9
TGATGTCACTGTGCCAACTG_017,162
TGATGTCACTGTGCCAACTG_018,175
TGATGTCACTGTGCCAACTG_019,58
TGATGTCACTGTGCCAACTG_020,34
TGATGTCACTGTGCCAACTG_021,49
TGATGTCACTGTGCCAACTG_022,189
TGATGTCACTGTGCCAACTG_023,116
TGTGTGTGTTCATAGGCATC_001,145
TGTGTGTGTTCATAGGCATC_002,144
TGTGTGTGTTCATAGGCATC_003,125
TGTGTGTGTTCATAGGCATC_004,160
TGTGTGTGTTCATAGGCATC_005,30
TTTGGCAGACATCACTACAT_001,53
TTTGGCAGACATCACTACAT_002,84
TTTGGCAGACATCACTACAT_003,99
TTTGGCAGACATCACTACAT_004,94
TTTGGCAGACATCACTACAT_005,78
TTTGGCAGACATCACTACAT_006,5
TTTGGCAGACATCACTACAT_007,39
TTTGGCAGACATCACTACAT_008,43
CGCATCCGCAAGACCCAGGT_001,6
CGCATCCGCAAGACCCAGGT_002,6
CGCATCCGCAAGACCCAGGT_003,62
CGCATCCGCAAGACCCAGGT_004,15
CGCATCCGCAAGACCCAGGT_005,164
CGCATCCGCAAGACCCAGGT_006,164
CGCATCCGCAAGACCCAGGT_007,118
CGCATCCGCAAGACCCAGGT_008,27
CGCATCCGCAAGACCCAGGT_009,193
CGCATCCGCAAGACCCAGGT_010,166
CGCATCCGCAAGACCCAGGT_011,198
CGCATCCGCAAGACCCAGGT_012,160
CGCATCCGCAAGACCCAGGT_013,30
CGCATCCGCAAGACCCAGGT_014,40
CGCATCCGCAAGACCCAGGT_015,140
CGCATCCGCAAGACCCAGGT_016,107
CGCATCCGCAAGACCCAGGT_017,163
CGCATCCGCAAGACCCAGGT_018,184
CGCATCCGCAAGACCCAGGT_019,22
CGCATCCGCAAGACCCAGGT_020,19
CGCATCCGCAAGACCCAGGT_021,105
CGCATCCGCAAGACCCAGGT_022,72
CGCATCCGCAAGACCCAGGT_023,161
CGCATCCGCAAGACCCAGGT_024,78
CGCATCCGCAAGACCCAGGT_025,60
CGCATCCGCAAGACCCAGGT_026,120
CTGCAGAGCACTCTCCAACT_001,150
CTGCAGAGCACTCTCCAACT_002,16
GAAGCACTATGGCATTGGGT_001,52
TGACAGACTCTACGCCATGA_001,48
TGACAGACTCTACGCCATGA_002,9
TGACAGACTCTACGCCATGA_003,148
TGACAGACTCTACGCCATGA_004,127
CATGTCAATGAACGACAGGT_001,77
CATGTCAATGAACGACAGGT_002,88
CATGTCAATGAACGACAGGT_003,78
CATGTCAATGAACGACAGGT_004,42
CATGTCAATGAACGACAGGT_005,65
GATGTATGATGGCACCAAGG_001,6
GATGTATGATGGCACCAAGG_002,197
GATGTATGATGGCACCAAGG_003,169
GATGTATGATGGCACCAAGG_004,77
GATGTATGATGGCACCAAGG_005,48
ATAGGGCGACGGTTGCATCG_001,85
ATAGGGCGACGGTTGCATCG_002,145
ATAGGGCGACGGTTGCATCG_003,141
ATAGGGCGACGGTTGCATCG_004,35
ATAGGGCGACGGTTGCATCG_005,69
ATAGGGCGACGGTTGCATCG_006,33
ATAGGGCGACGGTTGCATCG_007,179
ATAGGGCGACGGTTGCATCG_008,44
ATAGGGCGACGGTTGCATCG_009,121
ATAGGGCGACGGTTGCATCG_010,69
ATAGGGCGACGGTTGCATCG_011,150
ATAGGGCGACGGTTGCATCG_012,22
CGTTTACGAGCTGAACGGCA_001,37
CGTTTACGAGCTGAACGGCA_002,119
CGTTTACGAGCTGAACGGCA_003,64
CGTTTACGAGCTGAACGGCA_004,116
CGTTTACGAGCTGAACGGCA_005,133
GGGGCACAGCCAGAGGAAGC_001,175
GGGGCACAGCCAGAGGAAGC_002,197
GGGGCACAGCCAGAGGAAGC_003,165
GGGGCACAGCCAGAGGAAGC_004,141
GGGGCACAGCCAGAGGAAGC_005,70
TTGAGGACCACCAGACGGCG_001,94
TTGAGGACCACCAGACGGCG_002,105
TGGAGTGACTCCACTCATTG_001,172
TGGAGTGACTCCACTCATTG_002,198
TGGAGTGACTCCACTCATTG_003,75
TGGAGTGACTCCACTCATTG_004,91
TGGAGTGACTCCACTCATTG_005,168
TCGTCCGCGCAGCAGATGCT_001,76
TCGTCCGCGCAGCAGATGCT_002,113
ATGATATTAGGATAGAGCAA_001,29
ATGATATTAGGATAGAGCAA_002,14
AGGCCACACCGACGTACTTG_001,182
AGGCCACACCGACGTACTTG_002,199
AGGCCACACCGACGTACTTG_003,162
AGGCCACACCGACGTACTTG_004,156
AGGCCACACCGACGTACTTG_005,96
AGGCCACACCGACGTACTTG_006,5
AGGCCACACCGACGTACTTG_007,26
AGGCCACACCGACGTACTTG_008,6
AGGCCACACCGACGTACTTG_009,3
AGGCCACACCGACGTACTTG_010,190
AGGCCACACCGACGTACTTG_011,199
AGGCCACACCGACGTACTTG_012,44
AGGCCACACCGACGTACTTG_013,175
AGGCCACACCGACGTACTTG_014,188
AGGCCACACCGACGTACTTG_015,38
AGGCCACACCGACGTACTTG_016,158
AGGCCACACCGACGTACTTG_017,111
AGGCCACACCGACGTACTTG_018,142
AGGCCACACCGACGTACTTG_019,195
AAGCTGCTGATGAGAGTGAG_001,113
AAGCTGCTGATGAGAGTGAG_002,49
AAGCTGCTGATGAGAGTGAG_003,134
AAGCTGCTGATGAGAGTGAG_004,94
AAGCTGCTGATGAGAGTGAG_005,92
AAGCTGCTGATGAGAGTGAG_006,21
AAGCTGCTGATGAGAGTGAG_007,145
AAGCTGCTGATGAGAGTGAG_008,105
AAGCTGCTGATGAGAGTGAG_009,35
AAGCTGCTGATGAGAGTGAG_010,78
AAGCTGCTGATGAGAGTGAG_011,168
AAGCTGCTGATGAGAGTGAG_012,147
AAGCTGCTGATGAGAGTGAG_013,186
AAGCTGCTGATGAGAGTGAG_014,2
AAGCTGCTGATGAGAGTGAG_015,61
AAGCTGCTGATGAGAGTGAG_016,83
AAGCTGCTGATGAGAGTGAG_017,63
AAGCTGCTGATGAGAGTGAG_018,19
GCTCCGAATCAAGTTCCCCA_001,106
GCTCCGAATCAAGTTCCCCA_002,114
GCTCCGAATCAAGTTCCCCA_003,98
GCTCCGAATCAAGTTCCCCA_004,153
GCTCCGAATCAAGTTCCCCA_005,93
GCTCCGAATCAAGTTCCCCA_006,93
GCTCCGAATCAAGTTCCCCA_007,152
GCTCCGAATCAAGTTCCCCA_008,158
TCTTCTTAGAGGATTTGACC_001,163
TCTTCTTAGAGGATTTGACC_002,4
TCTTCTTAGAGGATTTGACC_003,100
TCTTCTTAGAGGATTTGACC_004,94
TCTTCTTAGAGGATTTGACC_005,54
AGGTAATGTCCTCATCACCT_001,102
AGGTAATGTCCTCATCACCT_002,4
AGGTAATGTCCTCATCACCT_003,144
CTGCCAATACAACTTCCCAC_001,115
CTGCCAATACAACTTCCCAC_002,56
CTGCCAATACAACTTCCCAC_003,131
CTGCCAATACAACTTCCCAC_004,131
CTGCCAATACAACTTCCCAC_005,23
TGTACTCACAAATGACTGGA_001,178
TGTACTCACAAATGACTGGA_002,59
TGTACTCACAAATGACTGGA_003,25
TGTACTCACAAATGACTGGA_004,16
TGTACTCACAAATGACTGGA_005,134
TGTACTCACAAATGACTGGA_006,22
TGTACTCACAAATGACTGGA_007,63
CCCATCTACATCGATCTGCG_001,58
CCCATCTACATCGATCTGCG_002,123
CCCATCTACATCGATCTGCG_003,174
CCCATCTACATCGATCTGCG_004,45
CCCATCTACATCGATCTGCG_005,127
CCCATCTACATCGATCTGCG_006,10
CCCATCTACATCGATCTGCG_007,166
CCCATCTACATCGATCTGCG_008,192
CCCATCTACATCGATCTGCG_009,158
GATGTGGTAAAGGGCGTGCG_001,9
GATGTGGTAAAGGGCGTGCG_002,43
GATGTGGTAAAGGGCGTGCG_003,30
GATGTGGTAAAGGGCGTGCG_004,13
GATGTGGTAAAGGGCGTGCG_005,119
GATGTGGTAAAGGGCGTGCG_006,43
GATGTGGTAAAGGGCGTGCG_007,150
GATGTGGTAAAGGGCGTGCG_008,150
GATGTGGTAAAGGGCGTGCG_009,1
GATGTGGTAAAGGGCGTGCG_010,45
GATGTGGTAAAGGGCGTGCG_011,130
GATGTGGTAAAGGGCGTGCG_012,76
GATGTGGTAAAGGGCGTGCG_013,17
GATGTGGTAAAGGGCGTGCG_014,184
GATGTGGTAAAGGGCGTGCG_015,17
CCCCGCAGCCAATCCAATGA_001,84
CCCCGCAGCCAATCCAATGA_002,15
CCCCGCAGCCAATCCAATGA_003,111
CCCCGCAGCCAATCCAATGA_004,169
CCCCGCAGCCAATCCAATGA_005,164
CCCCGCAGCCAATCCAATGA_006,2
GAAGAACAGCCACCGCACGA_001,29
GAAGAACAGCCACCGCACGA_002,130
GAAGAACAGCCACCGCACGA_003,142
GAAGAACAGCCACCGCACGA_004,34
GAAGAACAGCCACCGCACGA_005,175
GAAGAACAGCCACCGCACGA_006,147
GAAGAACAGCCACCGCACGA_007,193
GAAGAACAGCCACCGCACGA_008,77
GAAGAACAGCCACCGCACGA_009,105
GAAGAACAGCCACCGCACGA_010,48
GAAGAACAGCCACCGCACGA_011,191
GAAGAACAGCCACCGCACGA_012,82
GAAGAACAGCCACCGCACGA_013,69
GAAGAACAGCCACCGCACGA_014,125
GAAGAACAGCCACCGCACGA_015,192
GAAGAACAGCCACCGCACGA_016,16
GAAGAACAGCCACCGCACGA_017,112
GCTTACCCGTAGATACATCT_001,161
GCTTACCCGTAGATACATCT_002,178
GCTTACCCGTAGATACATCT_003,148
GCTTACCCGTAGATACATCT_004,176
GCTTACCCGTAGATACATCT_005,38
GCTTACCCGTAGATACATCT_006,99
GCTTACCCGTAGATACATCT_007,47
GCTTACCCGTAGATACATCT_008,169
GCTTACCCGTAGATACATCT_009,34
TCGGTTACATGGCTGAGATG_001,105
TCGGTTACATGGCTGAGATG_002,175
AGCGCCGGCAAAAAAGTGTG_001,162
AGCGCCGGCAAAAAAGTGTG_002,16
AGCGCCGGCAAAAAAGTGTG_003,115
AGCGCCGGCAAAAAAGTGTG_004,124
AGCGCCGGCAAAAAAGTGTG_005,194
AGCGCCGGCAAAAAAGTGTG_006,116
AGCGCCGGCAAAAAAGTGTG_007,158
AGCGCCGGCAAAAAAGTGTG_008,20
AGCGCCGGCAAAAAAGTGTG_009,190
AGCGCCGGCAAAAAAGTGTG_010,169
AGCGCCGGCAAAAAAGTGTG_011,102
AGCGCCGGCAAAAAAGTGTG_012,64
AGCGCCGGCAAAAAAGTGTG_013,23
AGCGCCGGCAAAAAAGTGTG_014,5
AGCGCCGGCAAAAAAGTGTG_015,22
AGCGCCGGCAAAAAAGTGTG_016,2
AGCGCCGGCAAAAAAGTGTG_017,159
AGCGCCGGCAAAAAAGTGTG_018,55
AGCGCCGGCAAAAAAGTGTG_019,110
AGCGCCGGCAAAAAAGTGTG_020,135
AGCGCCGGCAAAAAAGTGTG_021,177
AGCGCCGGCAAAAAAGTGTG_022,175
AGCGCCGGCAAAAAAGTGTG_023,188
AGCGCCGGCAAAAAAGTGTG_024,10
AGCGCCGGCAAAAAAGTGTG_025,103
AGCGCCGGCAAAAAAGTGTG_026,86
AGCGCCGGCAAAAAAGTGTG_027,48
TCGGCCGGTGCTGTACAATG_001,33
TCGGCCGGTGCTGTACAATG_002,2
TCGGCCGGTGCTGTACAATG_003,141
TCGGCCGGTGCTGTACAATG_004,111
TCGGCCGGTGCTGTACAATG_005,101
TGATTGGCTTCGTGTCGAGG_001,17
TGATTGGCTTCGTGTCGAGG_002,86
TGATTGGCTTCGTGTCGAGG_003,115
GCCAAAACCAAAATTACCCG_001,188
GCCAAAACCAAAATTACCCG_002,31
GCCAAAACCAAAATTACCCG_003,118
GCCAAAACCAAAATTACCCG_004,9
GAAGTAGCCACCCACATTGG_001,4
GAAGTAGCCACCCACATTGG_002,198
GAAGTAGCCACCCACATTGG_003,94
GAAGTAGCCACCCACATTGG_004,138
GAAGTAGCCACCCACATTGG_005,197
CATCAGCTTGAAAAAGAGCG_001,195
CATCAGCTTGAAAAAGAGCG_002,176
CATCAGCTTGAAAAAGAGCG_003,186
CATCAGCTTGAAAAAGAGCG_004,125
CATCAGCTTGAAAAAGAGCG_005,145
CATCAGCTTGAAAAAGAGCG_006,47
CATCAGCTTGAAAAAGAGCG_007,82
CGGTGCCGACTACCACGACG_001,83
CGGTGCCGACTACCACGACG_002,124
CGGTGCCGACTACCACGACG_003,199
CGGTGCCGACTACCACGACG_004,76
CGGTGCCGACTACCACGACG_005,157
CGGTGCCGACTACCACGACG_006,163
CGGTGCCGACTACCACGACG_007,3
CGGTGCCGACTACCACGACG_008,171
CGGTGCCGACTACCACGACG_009,1
CGGTGCCGACTACCACGACG_010,91
CGGTGCCGACTACCACGACG_011,108
CGGTGCCGACTACCACGACG_012,19
CGGTGCCGACTACCACGACG_013,16
CGGTGCCGACTACCACGACG_014,152
CGGTGCCGACTACCACGACG_015,56
AGTAATGAGCACAACTGATG_001,62
AGTAATGAGCACAACTGATG_002,134
AGTAATGAGCACAACTGATG_003,56
AGTAATGAGCACAACTGATG_004,76
AGTAATGAGCACAACTGATG_005,170
AGTAATGAGCACAACTGATG_006,157
AGTAATGAGCACAACTGATG_007,166
AGTAATGAGCACAACTGATG_008,146
AGTAATGAGCACAACTGATG_009,188
AGTAATGAGCACAACTGATG_010,81
AGTAATGAGCACAACTGATG_011,50
AGTAATGAGCACAACTGATG_012,85
AGTAATGAGCACAACTGATG_013,92
AGTAATGAGCACAACTGATG_014,68
AGTAATGAGCACAACTGATG_015,41
AGTAATGAGCACAACTGATG_016,192
AACTTCCAGGGCACTCATGT_001,104
AACTTCCAGGGCACTCATGT_002,80
AACTTCCAGGGCACTCATGT_003,27
AACTTCCAGGGCACTCATGT_004,120
AACTTCCAGGGCACTCATGT_005,186
AACTTCCAGGGCACTCATGT_006,29
AACTTCCAGGGCACTCATGT_007,41
AACTTCCAGGGCACTCATGT_008,197
AACTTCCAGGGCACTCATGT_009,160
AACTTCCAGGGCACTCATGT_010,170
AACTTCCAGGGCACTCATGT_011,149
AACTTCCAGGGCACTCATGT_012,84
AACTTCCAGGGCACTCATGT_013,83
AACTTCCAGGGCACTCATGT_014,78
AACTTCCAGGGCACTCATGT_015,175
AACTTCCAGGGCACTCATGT_016,34
AACTTCCAGGGCACTCATGT_017,64
AACTTCCAGGGCACTCATGT_018,187
AACTTCCAGGGCACTCATGT_019,45
AACTTCCAGGGCACTCATGT_020,189
GCTGTCGGTGTAAAAAACCA_001,68
GCTGTCGGTGTAAAAAACCA_002,84
TCCAAGCTATCCAGATCGGA_001,160
GGTTGCATATAAGCAACGTG_001,12
GGTTGCATATAAGCAACGTG_002,88
TCAGTTCCCATATGGCCACG_001,183
TCAGTTCCCATATGGCCACG_002,117
TCAGTTCCCATATGGCCACG_003,10
CACCTGGCCATCGATCATGT_001,134
CACCTGGCCATCGATCATGT_002,175
CACCTGGCCATCGATCATGT_003,10
CACCTGGCCATCGATCATGT_004,69
CACCTGGCCATCGATCATGT_005,128
CACCTGGCCATCGATCATGT_006,30
CACCTGGCCATCGATCATGT_007,147
CACCTGGCCATCGATCATGT_008,121
CACCTGGCCATCGATCATGT_009,76
CACCTGGCCATCGATCATGT_010,55
CACCTGGCCATCGATCATGT_011,66
AACAAAAACCTTATCAACAT_001,74
AACAAAAACCTTATCAACAT_002,107
AACAAAAACCTTATCAACAT_003,148
AACAAAAACCTTATCAACAT_004,153
AACAAAAACCTTATCAACAT_005,100
AACAAAAACCTTATCAACAT_006,64
GCTGTATGGCAGCTACCCTG_001,99
GCTGTATGGCAGCTACCCTG_002,21
GCTGTATGGCAGCTACCCTG_003,88
TCTGCCCGGGAGCTAAAACG_001,19
TCTGCCCGGGAGCTAAAACG_002,193
TCTGCCCGGGAGCTAAAACG_003,43
TCTGCCCGGGAGCTAAAACG_004,106
TCTGCCCGGGAGCTAAAACG_005,103
TCTGCCCGGGAGCTAAAACG_006,19
TCTGCCCGGGAGCTAAAACG_007,136
TCTGCCCGGGAGCTAAAACG_008,174
TCTGCCCGGGAGCTAAAACG_009,130
TCTGCCCGGGAGCTAAAACG_010,2
TCTGCCCGGGAGCTAAAACG_011,182
TCTGCCCGGGAGCTAAAACG_012,74
TCTGCCCGGGAGCTAAAACG_013,153
TCTGCCCGGGAGCTAAAACG_014,84
TCTGCCCGGGAGCTAAAACG_015,39
TCTGCCCGGGAGCTAAAACG_016,121
TCTGCCCGGGAGCTAAAACG_017,118
TCTGCCCGGGAGCTAAAACG_018,9
TCTGCCCGGGAGCTAAAACG_019,162
TCTGCCCGGGAGCTAAAACG_020,34
TCTGCCCGGGAGCTAAAACG_021,78
TCTGCCCGGGAGCTAAAACG_022,48
TCTGCCCGGGAGCTAAAACG_023,16
TGGCGGTCAAGAGCTTCTCG_001,183
TGGCGGTCAAGAGCTTCTCG_002,165
GCCGCAGAGAAGGACGGCTA_001,32
GCCGCAGAGAAGGACGGCTA_002,27
GCCGCAGAGAAGGACGGCTA_003,24
GCCGCAGAGAAGGACGGCTA_004,98
GCCGCAGAGAAGGACGGCTA_005,94
GCCGCAGAGAAGGACGGCTA_006,94
GCCGCAGAGAAGGACGGCTA_007,105
GCCGCAGAGAAGGACGGCTA_008,199
GCCGCAGAGAAGGACGGCTA_009,184
GCCGCAGAGAAGGACGGCTA_010,165
GTGAGCCCACAAATAGACGG_001,60
GTGAGCCCACAAATAGACGG_002,148
GTGAGCCCACAAATAGACGG_003,51
GTGAGCCCACAAATAGACGG_004,173
GTGAGCCCACAAATAGACGG_005,113
GTGAGCCCACAAATAGACGG_006,34
GTGAGCCCACAAATAGACGG_007,47
GTGAGCCCACAAATAGACGG_008,162
GTGAGCCCACAAATAGACGG_009,111
GTGAGCCCACAAATAGACGG_010,199
GTGAGCCCACAAATAGACGG_011,169
GTGAGCCCACAAATAGACGG_012,60
GTGAGCCCACAAATAGACGG_013,107
GTGAGCCCACAAATAGACGG_014,88
GTGAGCCCACAAATAGACGG_015,58
GTGAGCCCACAAATAGACGG_016,77
GTGAGCCCACAAATAGACGG_017,175
GAAGCCAGGACAATCTCAGG_001,26
GAAGCCAGGACAATCTCAGG_002,188
GAAGCCAGGACAATCTCAGG_003,43
GAAGCCAGGACAATCTCAGG_004,155
GAAGCCAGGACAATCTCAGG_005,131
GAAGCCAGGACAATCTCAGG_006,170
CTAATGTTATGGGACACTGC_001,8
CTAATGTTATGGGACACTGC_002,41
CTAATGTTATGGGACACTGC_003,2
GAGGAAAATGCCTGTACCCG_001,11
GAGGAAAATGCCTGTACCCG_002,190
GAGGAAAATGCCTGTACCCG_003,60
GAGGAAAATGCCTGTACCCG_004,6
GAGGAAAATGCCTGTACCCG_005,197
GAGGAAAATGCCTGTACCCG_006,158
GAGGAAAATGCCTGTACCCG_007,63
GAGGAAAATGCCTGTACCCG_008,105
GAGGAAAATGCCTGTACCCG_009,3
GAGGAAAATGCCTGTACCCG_010,10
GGAAATCCGGACGCTAACAG_001,20
GGAAATCCGGACGCTAACAG_002,120
GGAAATCCGGACGCTAACAG_003,148
GGCGGCGCCGAAAGTCGCTG_001,58
GGCGGCGCCGAAAGTCGCTG_002,93
GGCGGCGCCGAAAGTCGCTG_003,114
GGCGGCGCCGAAAGTCGCTG_004,176
GGCGGCGCCGAAAGTCGCTG_005,94
GGCGGCGCCGAAAGTCGCTG_006,175
GGCGGCGCCGAAAGTCGCTG_007,191
GGCGGCGCCGAAAGTCGCTG_008,129
ACACCCTGGAGTGAACGACA_001,1
ACACCCTGGAGTGAACGACA_002,125
ACACCCTGGAGTGAACGACA_003,116
ACACCCTGGAGTGAACGACA_004,23
ACACCCTGGAGTGAACGACA_005,154
ACACCCTGGAGTGAACGACA_006,54
ACACCCTGGAGTGAACGACA_007,134
ACACCCTGGAGTGAACGACA_008,175
ACACCCTGGAGTGAACGACA_009,186
ACACCCTGGAGTGAACGACA_010,23
ACACCCTGGAGTGAACGACA_011,75
ACACCCTGGAGTGAACGACA_012,76
ACACCCTGGAGTGAACGACA_013,98
ACACCCTGGAGTGAACGACA_014,176
ACACCCTGGAGTGAACGACA_015,74
ACACCCTGGAGTGAACGACA_016,57
ACACCCTGGAGTGAACGACA_017,167
ACACCCTGGAGTGAACGACA_018,167
ACACCCTGGAGTGAACGACA_019,165
ACACCCTGGAGTGAACGACA_020,188
ACACCCTGGAGTGAACGACA_021,105
GTGTGTAACTGTGAGGCAGA_001,17
GTGTGTAACTGTGAGGCAGA_002,118
GTGTGTAACTGTGAGGCAGA_003,141
GTGAAGGCCAAACGCTCCCG_001,48
GTGAAGGCCAAACGCTCCCG_002,146
GTGAAGGCCAAACGCTCCCG_003,127
GTGAAGGCCAAACGCTCCCG_004,2
GTGAAGGCCAAACGCTCCCG_005,78
GTGAAGGCCAAACGCTCCCG_006,4
GTGAAGGCCAAACGCTCCCG_007,6
GTGAAGGCCAAACGCTCCCG_008,161
GTGAAGGCCAAACGCTCCCG_009,65
GTGAAGGCCAAACGCTCCCG_010,46
GTGAAGGCCAAACGCTCCCG_011,83
GTGAAGGCCAAACGCTCCCG_012,76
GTGAAGGCCAAACGCTCCCG_013,19
GTGAAGGCCAAACGCTCCCG_014,79
GTGAAGGCCAAACGCTCCCG_015,191
GTGAAGGCCAAACGCTCCCG_016,144
GTGAAGGCCAAACGCTCCCG_017,170
GTGAAGGCCAAACGCTCCCG_018,123
GTGAAGGCCAAACGCTCCCG_019,4
GTGAAGGCCAAACGCTCCCG_020,147
GTGAAGGCCAAACGCTCCCG_021,20
GTGAAGGCCAAACGCTCCCG_022,21
GTGAAGGCCAAACGCTCCCG_023,110
GTGAAGGCCAAACGCTCCCG_024,145
GTGAAGGCCAAACGCTCCCG_025,125
AGAGCCATACACGCCACACA_001,197
AGAGCCATACACGCCACACA_002,29
AGAGCCATACACGCCACACA_003,104
AGAGCCATACACGCCACACA_004,139
AGAGCCATACACGCCACACA_005,161
AGAGCCATACACGCCACACA_006,174
AGAGCCATACACGCCACACA_007,16
AGAGCCATACACGCCACACA_008,158
AGAGCCATACACGCCACACA_009,197
AGAGCCATACACGCCACACA_010,113
AGAGCCATACACGCCACACA_011,84
AGAGCCATACACGCCACACA_012,98
AGAGCCATACACGCCACACA_013,141
AGAGCCATACACGCCACACA_014,130
TGAAGTATGGAATGCCAACA_001,12
TGAAGTATGGAATGCCAACA_002,172
TGAAGTATGGAATGCCAACA_003,42
TGAAGTATGGAATGCCAACA_004,44
TGAAGTATGGAATGCCAACA_005,18
TGAAGTATGGAATGCCAACA_006,88
TGAAGTATGGAATGCCAACA_007,34
TGAAGTATGGAATGCCAACA_008,175
TGAAGTATGGAATGCCAACA_009,111
TGAAGTATGGAATGCCAACA_010,121
TGAAGTATGGAATGCCAACA_011,89
TGAAGTATGGAATGCCAACA_012,72
TGAAGTATGGAATGCCAACA_013,34
AGTCATGATTACCCAGCGCA_001,194
AGTCATGATTACCCAGCGCA_002,170
AGTCATGATTACCCAGCGCA_003,35
AGTCATGATTACCCAGCGCA_004,60
AGTCATGATTACCCAGCGCA_005,1
AGTCATGATTACCCAGCGCA_006,50
AGTCATGATTACCCAGCGCA_007,117
AGTCATGATTACCCAGCGCA_008,143
AGTCATGATTACCCAGCGCA_009,143
AGTCATGATTACCCAGCGCA_010,169
AGTCATGATTACCCAGCGCA_011,118
AGTCATGATTACCCAGCGCA_012,105
AGTCATGATTACCCAGCGCA_013,144
AGTCATGATTACCCAGCGCA_014,54
AGTCATGATTACCCAGCGCA_015,147
AGTCATGATTACCCAGCGCA_016,36
AGTCATGATTACCCAGCGCA_017,49
AGTCATGATTACCCAGCGCA_018,193
AGTCATGATTACCCAGCGCA_019,106
AGTCATGATTACCCAGCGCA_020,40
AGTCATGATTACCCAGCGCA_021,3
AGTCATGATTACCCAGCGCA_022,2
AGTCATGATTACCCAGCGCA_023,10
AGTCATGATTACCCAGCGCA_024,19
AGTCATGATTACCCAGCGCA_025,188
AGTCATGATTACCCAGCGCA_026,165
AGTCATGATTACCCAGCGCA_027,77
AGTCATGATTACCCAGCGCA_028,173
AGTCATGATTACCCAGCGCA_029,144
GAACTTGAGCATGCCGATCG_001,169
GAACTTGAGCATGCCGATCG_002,183
AGCAAGCTCACACTACCCAA_001,5
AGCAAGCTCACACTACCCAA_002,166
AGCAAGCTCACACTACCCAA_003,81
AGCAAGCTCACACTACCCAA_004,168
AGCAAGCTCACACTACCCAA_005,58
AGCAAGCTCACACTACCCAA_006,8
AGCAAGCTCACACTACCCAA_007,84
TCTGTGTCAGCATCCCGATG_001,198
TCTGTGTCAGCATCCCGATG_002,10
TCTGTGTCAGCATCCCGATG_003,3
TCTGTGTCAGCATCCCGATG_004,114
CCCCCCGGCGATGTCCTAGT_001,70
CCCCCCGGCGATGTCCTAGT_002,149
CCCCCCGGCGATGTCCTAGT_003,154
CCCCCCGGCGATGTCCTAGT_004,199
CCCCCCGGCGATGTCCTAGT_005,199
CCCCCCGGCGATGTCCTAGT_006,148
CCCCCCGGCGATGTCCTAGT_007,117
AGATGTTCTGTGAAGTGGAC_001,194
AGATGTTCTGTGAAGTGGAC_002,72
AGATGTTCTGTGAAGTGGAC_003,72
AGATGTTCTGTGAAGTGGAC_004,78
AGATGTTCTGTGAAGTGGAC_005,181
AGATGTTCTGTGAAGTGGAC_006,66
AGATGTTCTGTGAAGTGGAC_007,66
AGATGTTCTGTGAAGTGGAC_008,15
AGATGTTCTGTGAAGTGGAC_009,177
AGATGTTCTGTGAAGTGGAC_010,148
AGATGTTCTGTGAAGTGGAC_011,15
AGATGTTCTGTGAAGTGGAC_012,127
AGATGTTCTGTGAAGTGGAC_013,58
AGATGTTCTGTGAAGTGGAC_014,135
AGATGTTCTGTGAAGTGGAC_015,73
AGATGTTCTGTGAAGTGGAC_016,153
AGATGTTCTGTGAAGTGGAC_017,32
AGATGTTCTGTGAAGTGGAC_018,142
TGAGAGGAATGGAGTTACAG_001,94
TGAGAGGAATGGAGTTACAG_002,12
TGAGAGGAATGGAGTTACAG_003,158
TGAGAGGAATGGAGTTACAG_004,130
TGAGAGGAATGGAGTTACAG_005,15
TGAGAGGAATGGAGTTACAG_006,70
TGAGAGGAATGGAGTTACAG_007,43
TGAGAGGAATGGAGTTACAG_008,63
TTCAAGCTACGAGATCCTGG_001,104
TTCAAGCTACGAGATCCTGG_002,34
TTCAAGCTACGAGATCCTGG_003,38
CATGACGGTCACTAATGTGT_001,1
CATGACGGTCACTAATGTGT_002,19
CATGACGGTCACTAATGTGT_003,169
CATGACGGTCACTAATGTGT_004,102
CATGACGGTCACTAATGTGT_005,75
CATGACGGTCACTAATGTGT_006,2
CATGACGGTCACTAATGTGT_007,132
CATGACGGTCACTAATGTGT_008,93
CATGACGGTCACTAATGTGT_009,150
CATGACGGTCACTAATGTGT_010,152
CATGACGGTCACTAATGTGT_011,35
CACAGGAATGGAGCATCCGG_001,41
CACAGGAATGGAGCATCCGG_002,88
CACAGGAATGGAGCATCCGG_003,113
CACAGGAATGGAGCATCCGG_004,130
CACAGGAATGGAGCATCCGG_005,45
GCTTCCGGGACACTTGACTC_001,112
GCTTCCGGGACACTTGACTC_002,150
GCTTCCGGGACACTTGACTC_003,97
GCTTCCGGGACACTTGACTC_004,26
GCTTCCGGGACACTTGACTC_005,41
GCTTCCGGGACACTTGACTC_006,138
CTCGCGTGATTGTAGCCACG_001,30
CTCGCGTGATTGTAGCCACG_002,19
AACAACGACATTGCACCCCG_001,44
GGAAGGGGCTATGTCAGAAG_001,132
GGAAGGGGCTATGTCAGAAG_002,194
GGAAGGGGCTATGTCAGAAG_003,46
GGAAGGGGCTATGTCAGAAG_004,104
GGAAGGGGCTATGTCAGAAG_005,28
GGAAGGGGCTATGTCAGAAG_006,10
CCAGGCCTATAGCTATGCTG_001,103
CCAGGCCTATAGCTATGCTG_002,137
CCAGGCCTATAGCTATGCTG_003,102
CCAGGCCTATAGCTATGCTG_004,183
CCAGGCCTATAGCTATGCTG_005,188
GATGTGTACTACGACCCCAT_001,8
GATGTGTACTACGACCCCAT_002,58
GATGTGTACTACGACCCCAT_003,116
GATGTGTACTACGACCCCAT_004,22
GATGTGTACTACGACCCCAT_005,115
GATGTGTACTACGACCCCAT_006,13
GATGTGTACTACGACCCCAT_007,61
GATGTGTACTACGACCCCAT_008,195
GGGCAGGCGGAAGGTCAAGG_001,15
GGGCAGGCGGAAGGTCAAGG_002,140
GGGCAGGCGGAAGGTCAAGG_003,149
GGGCAGGCGGAAGGTCAAGG_004,88
GGGCAGGCGGAAGGTCAAGG_005,116
GGGCAGGCGGAAGGTCAAGG_006,159
GGGCAGGCGGAAGGTCAAGG_007,152
GGGCAGGCGGAAGGTCAAGG_008,52
GGGCAGGCGGAAGGTCAAGG_009,3
TGATGGCGATAATGTAGCGG_001,50
TGATGGCGATAATGTAGCGG_002,106
TGGCGCCAGACATCTTAGCC_001,190
TGGCGCCAGACATCTTAGCC_002,134
TGGCGCCAGACATCTTAGCC_003,144
TGTTTCCATACTGCATGACG_001,41
TGTTTCCATACTGCATGACG_002,76
CCTGAATAATAATTTCGGGG_001,47
CAGCAAGGCTTGGCCAATAG_001,4
CAGCAAGGCTTGGCCAATAG_002,147
CAGCAAGGCTTGGCCAATAG_003,106
CAGCAAGGCTTGGCCAATAG_004,142
CAGCAAGGCTTGGCCAATAG_005,39
CAGCAAGGCTTGGCCAATAG_006,142
CGGAGATTAAAAACAAACAG_001,0
CGGAGATTAAAAACAAACAG_002,49
CGGAGATTAAAAACAAACAG_003,115
CGGAGATTAAAAACAAACAG_004,193
CGGAGATTAAAAACAAACAG_005,193
CGGAGATTAAAAACAAACAG_006,179
CGGAGATTAAAAACAAACAG_007,30
CGGAGATTAAAAACAAACAG_008,151
CGGAGATTAAAAACAAACAG_009,63
CGGAGATTAAAAACAAACAG_010,49
ACCACTGAATGGTGTTGACA_001,57
ACCACTGAATGGTGTTGACA_002,115
ACCACTGAATGGTGTTGACA_003,179
ACCACTGAATGGTGTTGACA_004,43
ACCACTGAATGGTGTTGACA_005,58
ACCACTGAATGGTGTTGACA_006,31
ACCACTGAATGGTGTTGACA_007,197
ACCACTGAATGGTGTTGACA_008,21
ACCACTGAATGGTGTTGACA_009,150
ACCACTGAATGGTGTTGACA_010,197
ACCACTGAATGGTGTTGACA_011,168
CCGAGCTAAAGATTGGTGCG_001,63
CCGAGCTAAAGATTGGTGCG_002,82
CCGAGCTAAAGATTGGTGCG_003,108
CCGAGCTAAAGATTGGTGCG_004,14
CCGAGCTAAAGATTGGTGCG_005,66
CCGAGCTAAAGATTGGTGCG_006,107
CCGAGCTAAAGATTGGTGCG_007,144
TAAAGGCCGGAAAATAACCG_001,151
TAAAGGCCGGAAAATAACCG_002,175
TAAAGGCCGGAAAATAACCG_003,34
TAAAGGCCGGAAAATAACCG_004,90
TAAAGGCCGGAAAATAACCG_005,74
TAAAGGCCGGAAAATAACCG_006,113
TAAAGGCCGGAAAATAACCG_007,101
TAAAGGCCGGAAAATAACCG_008,26
TAAAGGCCGGAAAATAACCG_009,5
TAAAGGCCGGAAAATAACCG_010,40
TAAAGGCCGGAAAATAACCG_011,35
TAAAGGCCGGAAAATAACCG_012,11
TAAAGGCCGGAAAATAACCG_013,177
TAAAGGCCGGAAAATAACCG_014,60
GCCAAGGCTAAGTCGAAATG_001,80
GCCAAGGCTAAGTCGAAATG_002,111
GCCAAGGCTAAGTCGAAATG_003,68
GCCAAGGCTAAGTCGAAATG_004,101
GCCAAGGCTAAGTCGAAATG_005,127
GCCAAGGCTAAGTCGAAATG_006,3
GCCAAGGCTAAGTCGAAATG_007,142
GCCAAGGCTAAGTCGAAATG_008,174
TTTGTAGCTCACAAGCAAAG_001,170
TTTGTAGCTCACAAGCAAAG_002,126
GGGTGGCTGTAACCATGACA_001,77
AAAAATCTCCACTTAAAACA_001,51
AAAAATCTCCACTTAAAACA_002,107
AAAAATCTCCACTTAAAACA_003,145
AAAAATCTCCACTTAAAACA_004,81
AAAAATCTCCACTTAAAACA_005,184
CTTACGTACCATATGTACGC_001,65
CTTACGTACCATATGTACGC_002,31
CTTACGTACCATATGTACGC_003,113
CTTACGTACCATATGTACGC_004,121
CTTACGTACCATATGTACGC_005,158
CTTACGTACCATATGTACGC_006,130
CTTACGTACCATATGTACGC_007,102
ACAACCCGCAGACGGGTCAG_001,158
ACAACCCGCAGACGGGTCAG_002,121
ACAACCCGCAGACGGGTCAG_003,2
ACAACCCGCAGACGGGTCAG_004,2
ACAACCCGCAGACGGGTCAG_005,29
ACAACCCGCAGACGGGTCAG_006,171
ACAACCCGCAGACGGGTCAG_007,98
ACAACCCGCAGACGGGTCAG_008,38
ACAACCCGCAGACGGGTCAG_009,33
ACAACCCGCAGACGGGTCAG_010,3
ACAACCCGCAGACGGGTCAG_011,184
ACAACCCGCAGACGGGTCAG_012,94
ACAACCCGCAGACGGGTCAG_013,172
ACAACCCGCAGACGGGTCAG_014,105
ACAACCCGCAGACGGGTCAG_015,105
ACAACCCGCAGACGGGTCAG_016,119
ACAACCCGCAGACGGGTCAG_017,1
ACAACCCGCAGACGGGTCAG_018,1
ACAACCCGCAGACGGGTCAG_019,113
ACAACCCGCAGACGGGTCAG_020,113
ACAACCCGCAGACGGGTCAG_021,6
ACAACCCGCAGACGGGTCAG_022,19
ACAACCCGCAGACGGGTCAG_023,179
ACAACCCGCAGACGGGTCAG_024,81
GGCCATACCTTGTCTCACAA_001,107
GGCCATACCTTGTCTCACAA_002,199
GGCCATACCTTGTCTCACAA_003,94
CTTGCGGTAGCCCTTACTCA_001,150
CTTGCGGTAGCCCTTACTCA_002,67
CTTGCGGTAGCCCTTACTCA_003,169
CTTGCGGTAGCCCTTACTCA_004,44
CTTGCGGTAGCCCTTACTCA_005,106
CTTGCGGTAGCCCTTACTCA_006,169
CTTGCGGTAGCCCTTACTCA_007,50
CTTGCGGTAGCCCTTACTCA_008,78
CTTGCGGTAGCCCTTACTCA_009,142
CTTGCGGTAGCCCTTACTCA_010,118
CTTGCGGTAGCCCTTACTCA_011,123
CTTGCGGTAGCCCTTACTCA_012,29
CTTGCGGTAGCCCTTACTCA_013,52
GACGGACATTATCCTCACCT_001,199
CTTCTTGTGAGGTGTCACCA_001,88
CTTCTTGTGAGGTGTCACCA_002,92
CTTCTTGTGAGGTGTCACCA_003,197
CTTCTTGTGAGGTGTCACCA_004,17
CTTCTTGTGAGGTGTCACCA_005,194
CTTCTTGTGAGGTGTCACCA_006,102
CTTCTTGTGAGGTGTCACCA_007,189
CTTCTTGTGAGGTGTCACCA_008,88
CTTCTTGTGAGGTGTCACCA_009,155
CTTCTTGTGAGGTGTCACCA_010,4
CTTCTTGTGAGGTGTCACCA_011,17
CTTCTTGTGAGGTGTCACCA_012,170
CTTCTTGTGAGGTGTCACCA_013,32
CTTCTTGTGAGGTGTCACCA_014,137
CTTCTTGTGAGGTGTCACCA_015,144
CTTCTTGTGAGGTGTCACCA_016,44
CTTCTTGTGAGGTGTCACCA_017,198
CTTCTTGTGAGGTGTCACCA_018,12
CGGTATTGAAGCATCCACTG_001,105
CGGTATTGAAGCATCCACTG_002,85
CGGTATTGAAGCATCCACTG_003,34
CGGTATTGAAGCATCCACTG_004,1
CGGTATTGAAGCATCCACTG_005,4
CGGTATTGAAGCATCCACTG_006,121
CGGTATTGAAGCATCCACTG_007,33
CGGTATTGAAGCATCCACTG_008,104
CGGTATTGAAGCATCCACTG_009,163
CGGTATTGAAGCATCCACTG_010,160
CGGTATTGAAGCATCCACTG_011,56
CGGTATTGAAGCATCCACTG_012,175
CGGTATTGAAGCATCCACTG_013,31
CGGTATTGAAGCATCCACTG_014,154
CGGTATTGAAGCATCCACTG_015,82
CGGTATTGAAGCATCCACTG_016,48
CGGTATTGAAGCATCCACTG_017,77
GGTGTGGCCGGCAGACTACG_001,12
GGTGTGGCCGGCAGACTACG_002,102
GGTGTGGCCGGCAGACTACG_003,12
GGTGTGGCCGGCAGACTACG_004,176
GGTGTGGCCGGCAGACTACG_005,48
GGTGTGGCCGGCAGACTACG_006,9
GGTGTGGCCGGCAGACTACG_007,56
GGTGTGGCCGGCAGACTACG_008,58
GGTGTGGCCGGCAGACTACG_009,114
GGTGTGGCCGGCAGACTACG_010,58
GGTGTGGCCGGCAGACTACG_011,169
GGTGTGGCCGGCAGACTACG_012,166
GGTGTGGCCGGCAGACTACG_013,63
GGTGTGGCCGGCAGACTACG_014,149
GGTGTGGCCGGCAGACTACG_015,153
GGTGTGGCCGGCAGACTACG_016,160
GGTGTGGCCGGCAGACTACG_017,1
GGTGTGGCCGGCAGACTACG_018,83
GGTGTGGCCGGCAGACTACG_019,190
GGTGTGGCCGGCAGACTACG_020,151
GGTGTGGCCGGCAGACTACG_021,52
GGTGTGGCCGGCAGACTACG_022,145
GGTGTGGCCGGCAGACTACG_023,162
GGTGTGGCCGGCAGACTACG_024,108
GGTGTGGCCGGCAGACTACG_025,149
GGTGTGGCCGGCAGACTACG_026,68
GGTGTGGCCGGCAGACTACG_027,33
GGTGTGGCCGGCAGACTACG_028,57
GGTGTGGCCGGCAGACTACG_029,34
GGTGTGGCCGGCAGACTACG_030,23
AAACCAAAGAGAACTGATGA_001,193
AAACCAAAGAGAACTGATGA_002,57
AAACCAAAGAGAACTGATGA_003,129
AAACCAAAGAGAACTGATGA_004,116
AAACCAAAGAGAACTGATGA_005,17
AAACCAAAGAGAACTGATGA_006,155
AAACCAAAGAGAACTGATGA_007,2
AAACCAAAGAGAACTGATGA_008,18
AAACCAAAGAGAACTGATGA_009,156
AAACCAAAGAGAACTGATGA_010,148
AAACCAAAGAGAACTGATGA_011,14
AAACCAAAGAGAACTGATGA_012,23
AAACCAAAGAGAACTGATGA_013,74
AAACCAAAGAGAACTGATGA_014,23
AAACCAAAGAGAACTGATGA_015,191
AAACCAAAGAGAACTGATGA_016,17
AAACCAAAGAGAACTGATGA_017,77
CACAGAGATCGACTCCTCAG_001,197
CACAGAGATCGACTCCTCAG_002,29
CACAGAGATCGACTCCTCAG_003,11
CACAGAGATCGACTCCTCAG_004,41
CACAGAGATCGACTCCTCAG_005,140
CACAGAGATCGACTCCTCAG_006,70
TGAATAACTTACCAACACAA_001,86
TGAATAACTTACCAACACAA_002,94
TGAATAACTTACCAACACAA_003,29
TGAATAACTTACCAACACAA_004,120
TGAATAACTTACCAACACAA_005,124
TGAATAACTTACCAACACAA_006,154
TGAATAACTTACCAACACAA_007,19
TGAATAACTTACCAACACAA_008,141
TGAATAACTTACCAACACAA_009,170
GAAAGGACTTCTCAGTACAC_001,118
GAAAGGACTTCTCAGTACAC_002,71
GAAAGGACTTCTCAGTACAC_003,35
GATGACTGTGACCACGCCCG_001,9
GATGACTGTGACCACGCCCG_002,58
GATGACTGTGACCACGCCCG_003,102
GATGACTGTGACCACGCCCG_004,37
GATGACTGTGACCACGCCCG_005,158
GATGACTGTGACCACGCCCG_006,192
GATGACTGTGACCACGCCCG_007,88
GATGACTGTGACCACGCCCG_008,121
GATGACTGTGACCACGCCCG_009,8
GATGACTGTGACCACGCCCG_010,55
GATGACTGTGACCACGCCCG_011,146
GATGACTGTGACCACGCCCG_012,177
GATGACTGTGACCACGCCCG_013,15
GATGACTGTGACCACGCCCG_014,144
ATTCATGCGCCGCCTCCTCT_001,102
ATTCATGCGCCGCCTCCTCT_002,62
ATTCATGCGCCGCCTCCTCT_003,94
ATTCATGCGCCGCCTCCTCT_004,107
ATTCATGCGCCGCCTCCTCT_005,23
ATTCATGCGCCGCCTCCTCT_006,106
ATTCATGCGCCGCCTCCTCT_007,115
ATTCATGCGCCGCCTCCTCT_008,77
ATTCATGCGCCGCCTCCTCT_009,77
ATTCATGCGCCGCCTCCTCT_010,160
ATTCATGCGCCGCCTCCTCT_011,124
ATTCATGCGCCGCCTCCTCT_012,84
ATTCATGCGCCGCCTCCTCT_013,162
ATTCATGCGCCGCCTCCTCT_014,108
ATTCATGCGCCGCCTCCTCT_015,97
ATTCATGCGCCGCCTCCTCT_016,91
ATTCATGCGCCGCCTCCTCT_017,83
ATTCATGCGCCGCCTCCTCT_018,66
ATTCATGCGCCGCCTCCTCT_019,82
ATTCATGCGCCGCCTCCTCT_020,192
ATTCATGCGCCGCCTCCTCT_021,43
ATTCATGCGCCGCCTCCTCT_022,186
ATTCATGCGCCGCCTCCTCT_023,156
ATTCATGCGCCGCCTCCTCT_024,27
ATTCATGCGCCGCCTCCTCT_025,56
ATTCATGCGCCGCCTCCTCT_026,169
ATTCATGCGCCGCCTCCTCT_027,112
ATTCATGCGCCGCCTCCTCT_028,14
ATTCATGCGCCGCCTCCTCT_029,160
ATTCATGCGCCGCCTCCTCT_030,194
ATTCATGCGCCGCCTCCTCT_031,44
ATTCATGCGCCGCCTCCTCT_032,136
ATTCATGCGCCGCCTCCTCT_033,46
ATTCATGCGCCGCCTCCTCT_034,145
ATTCATGCGCCGCCTCCTCT_035,94
ATTCATGCGCCGCCTCCTCT_036,191
ATTCATGCGCCGCCTCCTCT_037,127
ATTCATGCGCCGCCTCCTCT_038,29
ATTCATGCGCCGCCTCCTCT_039,150
ATTCATGCGCCGCCTCCTCT_040,112
ATTCATGCGCCGCCTCCTCT_041,95
TACTTCTCCTCTTAAAGAAT_001,166
AGAGGACGCTCCACTCAGCA_001,138
AGAGGACGCTCCACTCAGCA_002,48
AGAGGACGCTCCACTCAGCA_003,1
AGAGGACGCTCCACTCAGCA_004,29
AGAGGACGCTCCACTCAGCA_005,187
AGAGGACGCTCCACTCAGCA_006,190
AGAGGACGCTCCACTCAGCA_007,15
AGAGGACGCTCCACTCAGCA_008,41
AGAGGACGCTCCACTCAGCA_009,38
AGAGGACGCTCCACTCAGCA_010,157
AGAGGACGCTCCACTCAGCA_011,85
AGAGGACGCTCCACTCAGCA_012,48
AGAGGACGCTCCACTCAGCA_013,127
GTTGTTGCACTGGAAACCTG_001,105
GTTGTTGCACTGGAAACCTG_002,9
GTTGTTGCACTGGAAACCTG_003,169
GTTGTTGCACTGGAAACCTG_004,29
GTTGTTGCACTGGAAACCTG_005,61
GTTGTTGCACTGGAAACCTG_006,175
GTTGTTGCACTGGAAACCTG_007,199
GTTGTTGCACTGGAAACCTG_008,141
GTTGTTGCACTGGAAACCTG_009,197
GTTGTTGCACTGGAAACCTG_010,19
GTTGTTGCACTGGAAACCTG_011,27
GTTGTTGCACTGGAAACCTG_012,80
GTTGTTGCACTGGAAACCTG_013,45
GTTGTTGCACTGGAAACCTG_014,78
GTTGTTGCACTGGAAACCTG_015,169
GTTGTTGCACTGGAAACCTG_016,95
GTTGTTGCACTGGAAACCTG_017,75
GTTGTTGCACTGGAAACCTG_018,184
GTTGTTGCACTGGAAACCTG_019,115
GTTGTTGCACTGGAAACCTG_020,117
GTTGTTGCACTGGAAACCTG_021,1
GTTGTTGCACTGGAAACCTG_022,9
GTTGTTGCACTGGAAACCTG_023,163
GTTGTTGCACTGGAAACCTG_024,132
GTTGTTGCACTGGAAACCTG_025,176
GTTGTTGCACTGGAAACCTG_026,95
GTTGTTGCACTGGAAACCTG_027,95
GTTGTTGCACTGGAAACCTG_028,13
GTTGTTGCACTGGAAACCTG_029,162
GTTGTTGCACTGGAAACCTG_030,125
GTTGTTGCACTGGAAACCTG_031,46
GTTGTTGCACTGGAAACCTG_032,82
GTTGTTGCACTGGAAACCTG_033,117
ACACCACCTTTGCGGCCCGG_001,49
ACACCACCTTTGCGGCCCGG_002,182
ACACCACCTTTGCGGCCCGG_003,162
ACACCACCTTTGCGGCCCGG_004,26
ACACCACCTTTGCGGCCCGG_005,178
ACACCACCTTTGCGGCCCGG_006,178
ACACCACCTTTGCGGCCCGG_007,112
ACACCACCTTTGCGGCCCGG_008,179
ACACCACCTTTGCGGCCCGG_009,63
ACACCACCTTTGCGGCCCGG_010,115
ACACCACCTTTGCGGCCCGG_011,162
ACACCACCTTTGCGGCCCGG_012,57
ACACCACCTTTGCGGCCCGG_013,16
ACACCACCTTTGCGGCCCGG_014,11
ACACCACCTTTGCGGCCCGG_015,72
ACACCACCTTTGCGGCCCGG_016,137
ACACCACCTTTGCGGCCCGG_017,183
ACACCACCTTTGCGGCCCGG_018,108
ACACCACCTTTGCGGCCCGG_019,125
ACACCACCTTTGCGGCCCGG_020,20
ACACCACCTTTGCGGCCCGG_021,18
ACACCACCTTTGCGGCCCGG_022,19
TTCATAGATACAGTCATAGG_001,40
TTCATAGATACAGTCATAGG_002,194
TTCATAGATACAGTCATAGG_003,105
TTCATAGATACAGTCATAGG_004,7
TTCATAGATACAGTCATAGG_005,97
TTCATAGATACAGTCATAGG_006,6
GGGAAAAATCAAGTCCTGCC_001,177
GGGAAAAATCAAGTCCTGCC_002,28
GAAAATGGATCGGTTTATGT_001,160
GAAAATGGATCGGTTTATGT_002,137
GAAAATGGATCGGTTTATGT_003,112
GAAAATGGATCGGTTTATGT_004,48
CGTGTCATTCAAGAGCCAGG_001,48
CGTGTCATTCAAGAGCCAGG_002,15
CGTGTCATTCAAGAGCCAGG_003,116
CGTGTCATTCAAGAGCCAGG_004,132
CGTGTCATTCAAGAGCCAGG_005,50
CGTGTCATTCAAGAGCCAGG_006,160
CGTGTCATTCAAGAGCCAGG_007,57
ACTGGTCAGGGTGTAACCAA_001,49
ACTGGTCAGGGTGTAACCAA_002,153
ACTGGTCAGGGTGTAACCAA_003,59
ACTGGTCAGGGTGTAACCAA_004,95
ACTGGTCAGGGTGTAACCAA_005,168
ACTGGTCAGGGTGTAACCAA_006,169
ACTGGTCAGGGTGTAACCAA_007,58
ACTGGTCAGGGTGTAACCAA_008,41
ACTGGTCAGGGTGTAACCAA_009,47
ACTGGTCAGGGTGTAACCAA_010,97
ACTGGTCAGGGTGTAACCAA_011,129
ACTGGTCAGGGTGTAACCAA_012,61
ACTGGTCAGGGTGTAACCAA_013,43
ACTGGTCAGGGTGTAACCAA_014,192
ACTGGTCAGGGTGTAACCAA_015,146
ACTGGTCAGGGTGTAACCAA_016,141
ACTGGTCAGGGTGTAACCAA_017,102
ACTGGTCAGGGTGTAACCAA_018,158
ACTGGTCAGGGTGTAACCAA_019,46
ACTGGTCAGGGTGTAACCAA_020,62
ACTGGTCAGGGTGTAACCAA_021,18
ACTGGTCAGGGTGTAACCAA_022,192
ACTGGTCAGGGTGTAACCAA_023,29
ACTGGTCAGGGTGTAACCAA_024,88
ACTGGTCAGGGTGTAACCAA_025,160
ACTGGTCAGGGTGTAACCAA_026,138
ACTGGTCAGGGTGTAACCAA_027,68
AGAACCAGGCCACTGGTCAG_001,88
AGAACCAGGCCACTGGTCAG_002,29
AGAACCAGGCCACTGGTCAG_003,193
AGAACCAGGCCACTGGTCAG_004,105
AGAACCAGGCCACTGGTCAG_005,147
AGAACCAGGCCACTGGTCAG_006,76
AGAACCAGGCCACTGGTCAG_007,114
AGAACCAGGCCACTGGTCAG_008,134
AGAACCAGGCCACTGGTCAG_009,81
AGAACCAGGCCACTGGTCAG_010,40
AGAACCAGGCCACTGGTCAG_011,88
GAGGGTGCGAGTACTCCTAC_001,187
GAGGGTGCGAGTACTCCTAC_002,38
GAGGGTGCGAGTACTCCTAC_003,170
GAGGGTGCGAGTACTCCTAC_004,12
GACCCACAGGGGTATACCAA_001,8
GACCCACAGGGGTATACCAA_002,80
GACCCACAGGGGTATACCAA_003,110
GACCCACAGGGGTATACCAA_004,25
GACCCACAGGGGTATACCAA_005,73
GACCCACAGGGGTATACCAA_006,158
GACCCACAGGGGTATACCAA_007,35
GACCCACAGGGGTATACCAA_008,71
GACCCACAGGGGTATACCAA_009,84
GACCCACAGGGGTATACCAA_010,152
GACCCACAGGGGTATACCAA_011,124
GACCCACAGGGGTATACCAA_012,144
ACCTAGGTCACTTACAGTAG_001,2
ACCTAGGTCACTTACAGTAG_002,144
ACCTAGGTCACTTACAGTAG_003,33
ACCTAGGTCACTTACAGTAG_004,101
ACCTAGGTCACTTACAGTAG_005,148
ACCTAGGTCACTTACAGTAG_006,88
ACCTAGGTCACTTACAGTAG_007,113
ACCTAGGTCACTTACAGTAG_008,99
ACCTAGGTCACTTACAGTAG_009,8
ACCTAGGTCACTTACAGTAG_010,107
ACCTAGGTCACTTACAGTAG_011,16
GATGCATGTAGCCCTAAACC_001,107
GATGCATGTAGCCCTAAACC_002,150
GCAGCCTAGGAAGAGATGGT_001,115
GCAGCCTAGGAAGAGATGGT_002,19
GCAGCCTAGGAAGAGATGGT_003,1
GCAGCCTAGGAAGAGATGGT_004,48
GCAGCCTAGGAAGAGATGGT_005,94
GCAGCCTAGGAAGAGATGGT_006,15
GCAGCCTAGGAAGAGATGGT_007,37
GCAGCCTAGGAAGAGATGGT_008,43
GCAGCCTAGGAAGAGATGGT_009,70
GCAGCCTAGGAAGAGATGGT_010,76
GCAGCCTAGGAAGAGATGGT_011,168
GCAGCCTAGGAAGAGATGGT_012,34
GCAGCCTAGGAAGAGATGGT_013,176
GCAGCCTAGGAAGAGATGGT_014,31
GCAGCCTAGGAAGAGATGGT_015,85
GCAGCCTAGGAAGAGATGGT_016,60
GCAGCCTAGGAAGAGATGGT_017,139
GCAGCCTAGGAAGAGATGGT_018,198
GCAGCCTAGGAAGAGATGGT_019,19
GCAGCCTAGGAAGAGATGGT_020,144
GCAGCCTAGGAAGAGATGGT_021,122
GTCGGTTAAGAGGATCCGCG_001,198
GTCGGTTAAGAGGATCCGCG_002,177
GTCGGTTAAGAGGATCCGCG_003,140
ACGGTCGCACTCAAGCATGT_001,154
ACGGTCGCACTCAAGCATGT_002,132
ACGGTCGCACTCAAGCATGT_003,36
ACGGTCGCACTCAAGCATGT_004,0
ACGGTCGCACTCAAGCATGT_005,186
ACGGTCGCACTCAAGCATGT_006,177
ACGGTCGCACTCAAGCATGT_007,2
ACGGTCGCACTCAAGCATGT_008,188
ACGGTCGCACTCAAGCATGT_009,139
ACGGTCGCACTCAAGCATGT_010,2
ACGGTCGCACTCAAGCATGT_011,72
ACGGTCGCACTCAAGCATGT_012,94
ACGGTCGCACTCAAGCATGT_013,56
ACGGTCGCACTCAAGCATGT_014,39
AATGAACTGGGATTCCGACG_001,17
AATGAACTGGGATTCCGACG_002,105
AATGAACTGGGATTCCGACG_003,117
AATGAACTGGGATTCCGACG_004,109
AATGAACTGGGATTCCGACG_005,55
ACGTGCGCTTCCTGAACGAG_001,39
ACGTGCGCTTCCTGAACGAG_002,4
ACGTGCGCTTCCTGAACGAG_003,29
ACGTGCGCTTCCTGAACGAG_004,156
ACGTGCGCTTCCTGAACGAG_005,169
ACGTGCGCTTCCTGAACGAG_006,150
ACGTGCGCTTCCTGAACGAG_007,127
ACGTGCGCTTCCTGAACGAG_008,83
ACGTGCGCTTCCTGAACGAG_009,57
ACGTGCGCTTCCTGAACGAG_010,177
ACGTGCGCTTCCTGAACGAG_011,83
ACGTGCGCTTCCTGAACGAG_012,69
ACGTGCGCTTCCTGAACGAG_013,170
ACGTGCGCTTCCTGAACGAG_014,2
ACGTGCGCTTCCTGAACGAG_015,55
ACGTGCGCTTCCTGAACGAG_016,82
ACGTGCGCTTCCTGAACGAG_017,48
ACGTGCGCTTCCTGAACGAG_018,188
ACGTGCGCTTCCTGAACGAG_019,75
ACGTGCGCTTCCTGAACGAG_020,61
ACGTGCGCTTCCTGAACGAG_021,175
ACGTGCGCTTCCTGAACGAG_022,34
ACGTGCGCTTCCTGAACGAG_023,103
ACGTGCGCTTCCTGAACGAG_024,49
ACGTGCGCTTCCTGAACGAG_025,100
ACGTGCGCTTCCTGAACGAG_026,191
ACGTGCGCTTCCTGAACGAG_027,56
ACGTGCGCTTCCTGAACGAG_028,144
TCTGGACCTCCAAGTCATGA_001,34
TCTGGACCTCCAAGTCATGA_002,52
TCTGGACCTCCAAGTCATGA_003,177
TCTGGACCTCCAAGTCATGA_004,152
TCTGGACCTCCAAGTCATGA_005,3
TCTGGACCTCCAAGTCATGA_006,141
TCTGGACCTCCAAGTCATGA_007,105
TCTGGACCTCCAAGTCATGA_008,29
TCTGGACCTCCAAGTCATGA_009,41
TCTGGACCTCCAAGTCATGA_010,141
TCTGGACCTCCAAGTCATGA_011,59
TCTGGACCTCCAAGTCATGA_012,8
TCTGGACCTCCAAGTCATGA_013,141
TCTGGACCTCCAAGTCATGA_014,49
TCTGGACCTCCAAGTCATGA_015,180
TCTGGACCTCCAAGTCATGA_016,6
TCTGGACCTCCAAGTCATGA_017,168
TCTGGACCTCCAAGTCATGA_018,175
GGATCCACTTCGGTACCACA_001,24
GGATCCACTTCGGTACCACA_002,2
GGATCCACTTCGGTACCACA_003,8
GGATCCACTTCGGTACCACA_004,169
GGATCCACTTCGGTACCACA_005,63
GGATCCACTTCGGTACCACA_006,17
GGATCCACTTCGGTACCACA_007,104
GGATCCACTTCGGTACCACA_008,127
GGATCCACTTCGGTACCACA_009,7
GTCCCAGTGCAGGACCACGC_001,146
GTCCCAGTGCAGGACCACGC_002,127
GTCCCAGTGCAGGACCACGC_003,111
GTCCCAGTGCAGGACCACGC_004,193
GTCCCAGTGCAGGACCACGC_005,4
GTCCCAGTGCAGGACCACGC_006,42
GTCCCAGTGCAGGACCACGC_007,125
GTCCCAGTGCAGGACCACGC_008,197
GTCCCAGTGCAGGACCACGC_009,94
GTCCCAGTGCAGGACCACGC_010,165
GTCCCAGTGCAGGACCACGC_011,169
GTCCCAGTGCAGGACCACGC_012,77
GTCCCAGTGCAGGACCACGC_013,3
GTCCCAGTGCAGGACCACGC_014,174
GTCCCAGTGCAGGACCACGC_015,134
GTCCCAGTGCAGGACCACGC_016,101
GTCCCAGTGCAGGACCACGC_017,95
GTCCCAGTGCAGGACCACGC_018,85
GTCCCAGTGCAGGACCACGC_019,92
GTCCCAGTGCAGGACCACGC_020,129
GTCCCAGTGCAGGACCACGC_021,132
GTCCCAGTGCAGGACCACGC_022,160
GTCCCAGTGCAGGACCACGC_023,34
GTCCCAGTGCAGGACCACGC_024,115
GTCCCAGTGCAGGACCACGC_025,165
GTCCCAGTGCAGGACCACGC_026,98
GCCCAGCGAGCCGTAATACA_001,119
GCCCAGCGAGCCGTAATACA_002,63
GCCCAGCGAGCCGTAATACA_003,29
GCCCAGCGAGCCGTAATACA_004,48
GCCCAGCGAGCCGTAATACA_005,126
TCAATCCGCCGAGTCATATG_001,139
TCAATCCGCCGAGTCATATG_002,149
TCAATCCGCCGAGTCATATG_003,70
TCAATCCGCCGAGTCATATG_004,52
TCAATCCGCCGAGTCATATG_005,166
TCAATCCGCCGAGTCATATG_006,78
TCAATCCGCCGAGTCATATG_007,92
TCAATCCGCCGAGTCATATG_008,24
TCAATCCGCCGAGTCATATG_009,180
TCAATCCGCCGAGTCATATG_010,37
TCAATCCGCCGAGTCATATG_011,82
TCAATCCGCCGAGTCATATG_012,122
TCAATCCGCCGAGTCATATG_013,54
TCAATCCGCCGAGTCATATG_014,177
TCAATCCGCCGAGTCATATG_015,81
TCAATCCGCCGAGTCATATG_016,149
TCAATCCGCCGAGTCATATG_017,0
TCAATCCGCCGAGTCATATG_018,121
GCACAAAAGGTACATTTGCG_001,48
GCACAAAAGGTACATTTGCG_002,150
GCACAAAAGGTACATTTGCG_003,191
GCACAAAAGGTACATTTGCG_004,48
GCACAAAAGGTACATTTGCG_005,7
GACCCCAATTCAGAACACCA_001,50
GACCCCAATTCAGAACACCA_002,15
GACCCCAATTCAGAACACCA_003,43
GACCCCAATTCAGAACACCA_004,36
GACCCCAATTCAGAACACCA_005,38
GACCCCAATTCAGAACACCA_006,144
GACCCCAATTCAGAACACCA_007,198
GACCCCAATTCAGAACACCA_008,148
GACCCCAATTCAGAACACCA_009,174
GACCCCAATTCAGAACACCA_010,68
GACCCCAATTCAGAACACCA_011,172
GACCCCAATTCAGAACACCA_012,197
GACCCCAATTCAGAACACCA_013,68
GACCCCAATTCAGAACACCA_014,17
GACCCCAATTCAGAACACCA_015,83
GACCCCAATTCAGAACACCA_016,162
GACCCCAATTCAGAACACCA_017,84
GACCCCAATTCAGAACACCA_018,52
GACCCCAATTCAGAACACCA_019,107
GACCCCAATTCAGAACACCA_020,90
GACCCCAATTCAGAACACCA_021,48
GACCCCAATTCAGAACACCA_022,20
GACCCCAATTCAGAACACCA_023,40
GTATCGAATGGACAAGTCCG_001,147
GTATCGAATGGACAAGTCCG_002,49
GTATCGAATGGACAAGTCCG_003,49
GTATCGAATGGACAAGTCCG_004,10
GTATCGAATGGACAAGTCCG_005,40
GTATCGAATGGACAAGTCCG_006,50
GTATCGAATGGACAAGTCCG_007,152
GTATCGAATGGACAAGTCCG_008,150
GTATCGAATGGACAAGTCCG_009,31
CATCATGTACCTACTCACTG_001,55
CATCATGTACCTACTCACTG_002,149
CATCATGTACCTACTCACTG_003,102
CATCATGTACCTACTCACTG_004,102
CATCATGTACCTACTCACTG_005,169
CATCATGTACCTACTCACTG_006,38
CATCATGTACCTACTCACTG_007,128
CATCATGTACCTACTCACTG_008,170
CATCATGTACCTACTCACTG_009,117
CATCATGTACCTACTCACTG_010,110
CATCATGTACCTACTCACTG_011,63
GCGGTCTAACCATAGAAGGT_001,92
GCGGTCTAACCATAGAAGGT_002,3
GCGGTCTAACCATAGAAGGT_003,106
GCGGTCTAACCATAGAAGGT_004,0
GCGGTCTAACCATAGAAGGT_005,56
GCGGTCTAACCATAGAAGGT_006,184
GCGGTCTAACCATAGAAGGT_007,20
GCGGTCTAACCATAGAAGGT_008,78
GCGGTCTAACCATAGAAGGT_009,37
GCGGTCTAACCATAGAAGGT_010,136
GCGGTCTAACCATAGAAGGT_011,16
GCGGTCTAACCATAGAAGGT_012,65
GCGGTCTAACCATAGAAGGT_013,58
GCGGTCTAACCATAGAAGGT_014,46
GCGGTCTAACCATAGAAGGT_015,63
GATAGGAAGAATGTCAGCCC_001,144
GATAGGAAGAATGTCAGCCC_002,137
TCTCTTCTGACATTACAGTG_001,74
TGTGGGAGACAGGATCGTTG_001,77
TGTGGGAGACAGGATCGTTG_002,58
TGTGGGAGACAGGATCGTTG_003,135
TGTGGGAGACAGGATCGTTG_004,61
TGTGGGAGACAGGATCGTTG_005,26
TGTGGGAGACAGGATCGTTG_006,65
TGTGGGAGACAGGATCGTTG_007,69
TGTGGGAGACAGGATCGTTG_008,160
TGTGGGAGACAGGATCGTTG_009,183
TGTGGGAGACAGGATCGTTG_010,174
TGTGGGAGACAGGATCGTTG_011,188
TGTGGGAGACAGGATCGTTG_012,34
TGTGGGAGACAGGATCGTTG_013,152
ATGTTGTCCCGAAGGTACGA_001,142
ATGTTGTCCCGAAGGTACGA_002,77
ATGTTGTCCCGAAGGTACGA_003,83
ATGTTGTCCCGAAGGTACGA_004,105
ATGTTGTCCCGAAGGTACGA_005,74
ATGTTGTCCCGAAGGTACGA_006,48
ATGTTGTCCCGAAGGTACGA_007,176
ATGTTGTCCCGAAGGTACGA_008,192
ATGTTGTCCCGAAGGTACGA_009,176
ATGTTGTCCCGAAGGTACGA_010,116
ATGTTGTCCCGAAGGTACGA_011,39
ATGTTGTCCCGAAGGTACGA_012,3
ATGTTGTCCCGAAGGTACGA_013,8
TGATGGAGAACTGAATACCT_001,101
TGATGGAGAACTGAATACCT_002,99
TGATGGAGAACTGAATACCT_003,119
ACCACTGGCTGGCTAGCAGA_001,11
ACCACTGGCTGGCTAGCAGA_002,170
ACCACTGGCTGGCTAGCAGA_003,3
ACCACTGGCTGGCTAGCAGA_004,53
ACCACTGGCTGGCTAGCAGA_005,55
ACCACTGGCTGGCTAGCAGA_006,164
ACCACTGGCTGGCTAGCAGA_007,169
ACCACTGGCTGGCTAGCAGA_008,129
ACCACTGGCTGGCTAGCAGA_009,162
ACCACTGGCTGGCTAGCAGA_010,188
ACCACTGGCTGGCTAGCAGA_011,188
ACTCTCTTGAGATTGCACCA_001,133
ACTCTCTTGAGATTGCACCA_002,73
ACTCTCTTGAGATTGCACCA_003,106
ACTCTCTTGAGATTGCACCA_004,117
ACTCTCTTGAGATTGCACCA_005,134
ACTCTCTTGAGATTGCACCA_006,149
ACTCTCTTGAGATTGCACCA_007,18
ACTCTCTTGAGATTGCACCA_008,26
ACTCTCTTGAGATTGCACCA_009,172
ACTCTCTTGAGATTGCACCA_010,110
ACTCTCTTGAGATTGCACCA_011,29
ACTCTCTTGAGATTGCACCA_012,199
ACTCTCTTGAGATTGCACCA_013,170
ACTCTCTTGAGATTGCACCA_014,175
ACTCTCTTGAGATTGCACCA_015,190
ACTCTCTTGAGATTGCACCA_016,16
GAGTTCAAACGCATAAACCA_001,78
GAGTTCAAACGCATAAACCA_002,103
GAGTTCAAACGCATAAACCA_003,34
GAGTTCAAACGCATAAACCA_004,34
GAGTTCAAACGCATAAACCA_005,148
GAGTTCAAACGCATAAACCA_006,85
GAGTTCAAACGCATAAACCA_007,197
GCGATGACATAGTCCTAGTG_001,117
GCGATGACATAGTCCTAGTG_002,7
GCGATGACATAGTCCTAGTG_003,190
GCGATGACATAGTCCTAGTG_004,169
GCGATGACATAGTCCTAGTG_005,22
GCGATGACATAGTCCTAGTG_006,131
GCGATGACATAGTCCTAGTG_007,168
GCGATGACATAGTCCTAGTG_008,56
GCCCCGTAAATCTCATTACA_001,157
GCCCCGTAAATCTCATTACA_002,80
GCCCCGTAAATCTCATTACA_003,0
GCCCCGTAAATCTCATTACA_004,17
GCCCCGTAAATCTCATTACA_005,178
GCCCCGTAAATCTCATTACA_006,108
GCCCCGTAAATCTCATTACA_007,196
GCCCCGTAAATCTCATTACA_008,146
GCCCCGTAAATCTCATTACA_009,31
GCCCCGTAAATCTCATTACA_010,115
GCCCCGTAAATCTCATTACA_011,25
GCCCCGTAAATCTCATTACA_012,33
GCCCCGTAAATCTCATTACA_013,142
GGATACTTACAGAATCCACA_001,70
GGATACTTACAGAATCCACA_002,127
GGATACTTACAGAATCCACA_003,175
GGATACTTACAGAATCCACA_004,2
GGGGCTCTACTGAAGTACAT_001,142
GGGGCTCTACTGAAGTACAT_002,137
GGGGCTCTACTGAAGTACAT_003,116
GGGGCTCTACTGAAGTACAT_004,87
GGGGCTCTACTGAAGTACAT_005,65
GGGGCTCTACTGAAGTACAT_006,118
ATGCGCAGCACGTCGGACCG_001,2
ATGCGCAGCACGTCGGACCG_002,137
ATGCGCAGCACGTCGGACCG_003,28
ATGCGCAGCACGTCGGACCG_004,27
ATGCGCAGCACGTCGGACCG_005,130
ATGCGCAGCACGTCGGACCG_006,40
ATGCGCAGCACGTCGGACCG_007,68
ATGCGCAGCACGTCGGACCG_008,154
ATGCGCAGCACGTCGGACCG_009,35
ATGCGCAGCACGTCGGACCG_010,14
ATGCGCAGCACGTCGGACCG_011,195
ATGCGCAGCACGTCGGACCG_012,81
ATGCGCAGCACGTCGGACCG_013,35
ATGCGCAGCACGTCGGACCG_014,69
ATGCGCAGCACGTCGGACCG_015,199
ATGCGCAGCACGTCGGACCG_016,2
ATGCGCAGCACGTCGGACCG_017,150
ATGCGCAGCACGTCGGACCG_018,174
ATGCGCAGCACGTCGGACCG_019,56
ATGCGCAGCACGTCGGACCG_020,123
ATGCGCAGCACGTCGGACCG_021,29
ATGCGCAGCACGTCGGACCG_022,63
ATGCGCAGCACGTCGGACCG_023,29
ATGCGCAGCACGTCGGACCG_024,120
ATGCGCAGCACGTCGGACCG_025,19
ATGCGCAGCACGTCGGACCG_026,162
ATGCGCAGCACGTCGGACCG_027,67
ATGCGCAGCACGTCGGACCG_028,43
ATGCGCAGCACGTCGGACCG_029,134
ATGCGCAGCACGTCGGACCG_030,158
ATGCGCAGCACGTCGGACCG_031,137
ATGCGCAGCACGTCGGACCG_032,73
ATGCGCAGCACGTCGGACCG_033,16
ATGCGCAGCACGTCGGACCG_034,115
ATGCGCAGCACGTCGGACCG_035,1
ATGCGCAGCACGTCGGACCG_036,103
ATGCGCAGCACGTCGGACCG_037,116
ATGCGCAGCACGTCGGACCG_038,168
ATGCGCAGCACGTCGGACCG_039,175
ATGCGCAGCACGTCGGACCG_040,169
ATGCGCAGCACGTCGGACCG_041,182
ATGCGCAGCACGTCGGACCG_042,170
ATGCGCAGCACGTCGGACCG_043,10
GCGCCGAGCGCAGACCCGAG_001,138
GCGCCGAGCGCAGACCCGAG_002,49
GCGCCGAGCGCAGACCCGAG_003,88
GCGCCGAGCGCAGACCCGAG_004,65
CGGACGGCAGGACTGTGACG_001,188
CGGACGGCAGGACTGTGACG_002,144
CGGACGGCAGGACTGTGACG_003,49
CGGACGGCAGGACTGTGACG_004,175
AAATTCACTTACCTAAAACC_001,49
CAAACATAAAGACAGAGACA_001,175
CAAACATAAAGACAGAGACA_002,92
CAAACATAAAGACAGAGACA_003,10
CCAGGGTTGATGATAACCGC_001,54
CCAGGGTTGATGATAACCGC_002,178
CCAGGGTTGATGATAACCGC_003,50
CCAGGGTTGATGATAACCGC_004,106
CCAGGGTTGATGATAACCGC_005,49
CCAGGGTTGATGATAACCGC_006,194
CCAGGGTTGATGATAACCGC_007,44
CCAGGGTTGATGATAACCGC_008,68
CCAGGGTTGATGATAACCGC_009,94
CCAGGGTTGATGATAACCGC_010,194
GGGTCATGAGCAACAAGACT_001,153
GGGTCATGAGCAACAAGACT_002,33
GGGTCATGAGCAACAAGACT_003,65
CTGCGTGTCTTGCTCGCATG_001,43
CTGCGTGTCTTGCTCGCATG_002,199
CTGCGTGTCTTGCTCGCATG_003,66
CTGCGTGTCTTGCTCGCATG_004,31
CTGCGTGTCTTGCTCGCATG_005,12
CTGCGTGTCTTGCTCGCATG_006,177
CTGCGTGTCTTGCTCGCATG_007,47
CTGCGTGTCTTGCTCGCATG_008,101
CTGCGTGTCTTGCTCGCATG_009,115
CTGCGTGTCTTGCTCGCATG_010,67
CTGCGTGTCTTGCTCGCATG_011,74
CTGCGTGTCTTGCTCGCATG_012,79
CTGCGTGTCTTGCTCGCATG_013,15
ATTAGAATAGTCCTGATCAT_001,7
ATTAGAATAGTCCTGATCAT_002,137
ATTAGAATAGTCCTGATCAT_003,62
ATTAGAATAGTCCTGATCAT_004,101
ATTAGAATAGTCCTGATCAT_005,72
ATTAGAATAGTCCTGATCAT_006,180
ATTAGAATAGTCCTGATCAT_007,26
ATTAGAATAGTCCTGATCAT_008,142
ATTAGAATAGTCCTGATCAT_009,75
ATTAGAATAGTCCTGATCAT_010,197
ATTAGAATAGTCCTGATCAT_011,37
GAACCAGCAGCTGCAAACCA_001,94
GAACCAGCAGCTGCAAACCA_002,191
GAACCAGCAGCTGCAAACCA_003,42
GAACCAGCAGCTGCAAACCA_004,133
GAACCAGCAGCTGCAAACCA_005,56
GAACCAGCAGCTGCAAACCA_006,12
GAACCAGCAGCTGCAAACCA_007,160
GAACCAGCAGCTGCAAACCA_008,78
GAACCAGCAGCTGCAAACCA_009,191
AAGGCCTGGACTCACAACAG_001,158
AAGGCCTGGACTCACAACAG_002,106
AAGGCCTGGACTCACAACAG_003,194
AAGGCCTGGACTCACAACAG_004,132
AAGGCCTGGACTCACAACAG_005,116
AAGGCCTGGACTCACAACAG_006,27
TTTGTTAGGTCATCGTATTG_001,127
TTTGTTAGGTCATCGTATTG_002,60
CGAGTCCACATCCGACACCG_001,48
CGAGTCCACATCCGACACCG_002,102
CGAGTCCACATCCGACACCG_003,160
CGAGTCCACATCCGACACCG_004,166
CGAGTCCACATCCGACACCG_005,34
CGAGTCCACATCCGACACCG_006,94
CGAGTCCACATCCGACACCG_007,82
CGAGTCCACATCCGACACCG_008,174
CGAGTCCACATCCGACACCG_009,33
CGAGTCCACATCCGACACCG_010,37
CGAGTCCACATCCGACACCG_011,66
CGAGTCCACATCCGACACCG_012,70
CTGCAGTAAAACACTAATGT_001,103
CTGCAGTAAAACACTAATGT_002,96
CTGCAGTAAAACACTAATGT_003,14
ACAGCCAAGCTACCCATTCG_001,56
ACAGCCAAGCTACCCATTCG_002,2
ACAGCCAAGCTACCCATTCG_003,19
ACAGCCAAGCTACCCATTCG_004,79
ACAGCCAAGCTACCCATTCG_005,81
ACAGCCAAGCTACCCATTCG_006,19
ACAGCCAAGCTACCCATTCG_007,3
ACAGCCAAGCTACCCATTCG_008,62
GTGCCAGCTTCGACTACCTG_001,1
GTGCCAGCTTCGACTACCTG_002,166
GTGCCAGCTTCGACTACCTG_003,125
GTGCCAGCTTCGACTACCTG_004,125
GTGCCAGCTTCGACTACCTG_005,3
GTGCCAGCTTCGACTACCTG_006,141
GTGCCAGCTTCGACTACCTG_007,145
GTGCCAGCTTCGACTACCTG_008,179
GTGCCAGCTTCGACTACCTG_009,48
GTGCCAGCTTCGACTACCTG_010,27
GTGCCAGCTTCGACTACCTG_011,48
GTGCCAGCTTCGACTACCTG_012,149
GTGCCAGCTTCGACTACCTG_013,76
GTGCCAGCTTCGACTACCTG_014,62
GTGCCAGCTTCGACTACCTG_015,173
GTGCCAGCTTCGACTACCTG_016,38
GCTGCGAGACCGCTATCCCG_001,93
GCTGCGAGACCGCTATCCCG_002,130
GCTGCGAGACCGCTATCCCG_003,15
GCTGCGAGACCGCTATCCCG_004,26
GCTGCGAGACCGCTATCCCG_005,61
GCTGCGAGACCGCTATCCCG_006,91
GCTGCGAGACCGCTATCCCG_007,127
GCTGCGAGACCGCTATCCCG_008,3
GCAGTGTTGGGCGAAAACCC_001,169
GCAGTGTTGGGCGAAAACCC_002,160
GCAGTGTTGGGCGAAAACCC_003,58
AGTGTGGACAGAGATGGCGG_001,68
AGTGTGGACAGAGATGGCGG_002,137
AGTGTGGACAGAGATGGCGG_003,143
AGTGTGGACAGAGATGGCGG_004,143
AGTGTGGACAGAGATGGCGG_005,27
AGTGTGGACAGAGATGGCGG_006,161
AGTGTGGACAGAGATGGCGG_007,61
AGTGTGGACAGAGATGGCGG_008,80
AGTGTGGACAGAGATGGCGG_009,1
AGTGTGGACAGAGATGGCGG_010,156
AGTGTGGACAGAGATGGCGG_011,62
AGTGTGGACAGAGATGGCGG_012,110
AGTGTGGACAGAGATGGCGG_013,188
CAGCCCATAGTGGAGAGCCT_001,7
CAGCCCATAGTGGAGAGCCT_002,79
CAGCCCATAGTGGAGAGCCT_003,113
CAGCCCATAGTGGAGAGCCT_004,7
CAGCCCATAGTGGAGAGCCT_005,160
CAGCCCATAGTGGAGAGCCT_006,9
CAGCCCATAGTGGAGAGCCT_007,3
CAGCCCATAGTGGAGAGCCT_008,171
CAGCCCATAGTGGAGAGCCT_009,50
CAGCCCATAGTGGAGAGCCT_010,110
CAGCCCATAGTGGAGAGCCT_011,141
CAGCCCATAGTGGAGAGCCT_012,9
CAGCCCATAGTGGAGAGCCT_013,57
CAGCCCATAGTGGAGAGCCT_014,142
CAGCCCATAGTGGAGAGCCT_015,166
ACCTGACAGGCTTCCACAAG_001,133
ACCTGACAGGCTTCCACAAG_002,190
ACCTGACAGGCTTCCACAAG_003,42
ACCTGACAGGCTTCCACAAG_004,162
ACCTGACAGGCTTCCACAAG_005,158
ACCTGACAGGCTTCCACAAG_006,50
ACCTGACAGGCTTCCACAAG_007,84
ACCTGACAGGCTTCCACAAG_008,168
ACCTGACAGGCTTCCACAAG_009,1
ACCTGACAGGCTTCCACAAG_010,100
ACCTGACAGGCTTCCACAAG_011,81
ACCTGACAGGCTTCCACAAG_012,121
ACCTGACAGGCTTCCACAAG_013,94
ACCTGACAGGCTTCCACAAG_014,63
ACCTGACAGGCTTCCACAAG_015,63
ACCTGACAGGCTTCCACAAG_016,161
GCAGACGATCCCACTGACCA_001,195
GCAGACGATCCCACTGACCA_002,47
GCAGACGATCCCACTGACCA_003,34
GCAGACGATCCCACTGACCA_004,1
GCAGACGATCCCACTGACCA_005,119
GCAGACGATCCCACTGACCA_006,26
GCAGACGATCCCACTGACCA_007,40
GCAGACGATCCCACTGACCA_008,75
GCAGACGATCCCACTGACCA_009,29
GCAGACGATCCCACTGACCA_010,34
GCAGACGATCCCACTGACCA_011,115
GCAGACGATCCCACTGACCA_012,9
GCAGACGATCCCACTGACCA_013,150
GCAGACGATCCCACTGACCA_014,13
GCAGACGATCCCACTGACCA_015,92
GCAGACGATCCCACTGACCA_016,94
GCAGACGATCCCACTGACCA_017,20
GCAGACGATCCCACTGACCA_018,138
GCAGACGATCCCACTGACCA_019,5
GCAGACGATCCCACTGACCA_020,7
GCAGACGATCCCACTGACCA_021,28
GCAGACGATCCCACTGACCA_022,52
ACCTGACGTCCGAGTACTAC_001,84
ACCTGACGTCCGAGTACTAC_002,150
ACCTGACGTCCGAGTACTAC_003,29
ACCTGACGTCCGAGTACTAC_004,75
ACCTGACGTCCGAGTACTAC_005,178
ACCTGACGTCCGAGTACTAC_006,146
ACCTGACGTCCGAGTACTAC_007,134
ACCTGACGTCCGAGTACTAC_008,48
ACCTGACGTCCGAGTACTAC_009,127
GCACCAGCTTCGATCCCTCG_001,115
GGGTGGCAGGAACTTTGATG_001,147
GGGTGGCAGGAACTTTGATG_002,157
AGCACCCGAGCTCCTGGCAT_001,62
AGCACCCGAGCTCCTGGCAT_002,62
AGCACCCGAGCTCCTGGCAT_003,52
AGCACCCGAGCTCCTGGCAT_004,193
AGCACCCGAGCTCCTGGCAT_005,162
AGCACCCGAGCTCCTGGCAT_006,187
AGCACCCGAGCTCCTGGCAT_007,12
AGCACCCGAGCTCCTGGCAT_008,79
AGCACCCGAGCTCCTGGCAT_009,157
TGACCAGGCCTGTGGTACCG_001,7
TGACCAGGCCTGTGGTACCG_002,34
TGACCAGGCCTGTGGTACCG_003,11
TGACCAGGCCTGTGGTACCG_004,152
TGACCAGGCCTGTGGTACCG_005,197
TGACCAGGCCTGTGGTACCG_006,178
TGACCAGGCCTGTGGTACCG_007,178
TGACCAGGCCTGTGGTACCG_008,16
TGACCAGGCCTGTGGTACCG_009,188
TGACCAGGCCTGTGGTACCG_010,163
TGACCAGGCCTGTGGTACCG_011,192
TGACCAGGCCTGTGGTACCG_012,149
TGACCAGGCCTGTGGTACCG_013,73
TGGAGCGTCAGTATCAACTG_001,102
TGGAGCGTCAGTATCAACTG_002,182
TGGAGCGTCAGTATCAACTG_003,141
TGGAGCGTCAGTATCAACTG_004,127
TGGAGCGTCAGTATCAACTG_005,8
TGGAGCGTCAGTATCAACTG_006,8
TGGAGCGTCAGTATCAACTG_007,52
TGGAGCGTCAGTATCAACTG_008,151
TGGAGCGTCAGTATCAACTG_009,49
TGGAGCGTCAGTATCAACTG_010,28
TTAACAAGCCAAGTCATCAA_001,111
TTAACAAGCCAAGTCATCAA_002,77
TTAACAAGCCAAGTCATCAA_003,77
TTAACAAGCCAAGTCATCAA_004,97
CAATGTTTCCCATAGTACAC_001,43
CAATGTTTCCCATAGTACAC_002,26
CAATGTTTCCCATAGTACAC_003,122
CAATGTTTCCCATAGTACAC_004,162
CAATGTTTCCCATAGTACAC_005,108
CAATGTTTCCCATAGTACAC_006,68
AATCTGTGACTGGTCAAACA_001,184
AATCTGTGACTGGTCAAACA_002,62
CCGACAAGGAGCGCACGATG_001,85
CCGACAAGGAGCGCACGATG_002,68
CCGACAAGGAGCGCACGATG_003,127
CCGACAAGGAGCGCACGATG_004,58
CCGACAAGGAGCGCACGATG_005,34
CCGACAAGGAGCGCACGATG_006,198
CCGACAAGGAGCGCACGATG_007,102
CCGACAAGGAGCGCACGATG_008,129
CCGACAAGGAGCGCACGATG_009,161
CCGACAAGGAGCGCACGATG_010,15
CCGACAAGGAGCGCACGATG_011,15
CCGACAAGGAGCGCACGATG_012,175
CCGACAAGGAGCGCACGATG_013,149
GCAGTTGGGAGGTGTCAGAA_001,83
GCAGTTGGGAGGTGTCAGAA_002,171
GCAGTTGGGAGGTGTCAGAA_003,16
GCAGTTGGGAGGTGTCAGAA_004,198
GCAGTTGGGAGGTGTCAGAA_005,34
GCAGTTGGGAGGTGTCAGAA_006,147
GCAGTTGGGAGGTGTCAGAA_007,145
GCAGTTGGGAGGTGTCAGAA_008,56
GCAGTTGGGAGGTGTCAGAA_009,150
GCAGTTGGGAGGTGTCAGAA_010,43
TGCAGATTGTACACTCCATG_001,107
CCGGTAGATGACACTTGGTG_001,54
CCGGTAGATGACACTTGGTG_002,60
CCGGTAGATGACACTTGGTG_003,49
CCGGTAGATGACACTTGGTG_004,7
CCGGTAGATGACACTTGGTG_005,173
CCGGTAGATGACACTTGGTG_006,114
CCGGTAGATGACACTTGGTG_007,38
CCGGTAGATGACACTTGGTG_008,195
CCGGTAGATGACACTTGGTG_009,174
CCGGTAGATGACACTTGGTG_010,62
CCGGTAGATGACACTTGGTG_011,161
CCGGTAGATGACACTTGGTG_012,162
CCGGTAGATGACACTTGGTG_013,58
CCGGTAGATGACACTTGGTG_014,141
CCGGTAGATGACACTTGGTG_015,104
CCGGTAGATGACACTTGGTG_016,60
CCGGTAGATGACACTTGGTG_017,138
AGAACCTGCAACAATCACCG_001,29
AGAACCTGCAACAATCACCG_002,142
AGAACCTGCAACAATCACCG_003,199
AGAACCTGCAACAATCACCG_004,108
AGAACCTGCAACAATCACCG_005,150
AGAACCTGCAACAATCACCG_006,1
AGAACCTGCAACAATCACCG_007,199
AGAACCTGCAACAATCACCG_008,121
ATATCGGCATTAATCCATAC_001,157
ATATCGGCATTAATCCATAC_002,3
CGGGCATATTTGACGGACGG_001,150
CGGGCATATTTGACGGACGG_002,92
CGGGCATATTTGACGGACGG_003,70
CGGGCATATTTGACGGACGG_004,188
CGGGCATATTTGACGGACGG_005,145
CGGGCATATTTGACGGACGG_006,104
CGGGCATATTTGACGGACGG_007,5
CGGGCATATTTGACGGACGG_008,10
CTCTTCTGAGACCAGGACGC_001,64
CTCTTCTGAGACCAGGACGC_002,147
CTCTTCTGAGACCAGGACGC_003,92
CTCTTCTGAGACCAGGACGC_004,160
CTCTTCTGAGACCAGGACGC_005,120
AGTCACCATTAAAAACATAC_001,156
AGTCACCATTAAAAACATAC_002,48
AGTCACCATTAAAAACATAC_003,27
GCCCCACTTTACCAGTGTCA_001,119
GCCCCACTTTACCAGTGTCA_002,113
GCCCCACTTTACCAGTGTCA_003,66
GCCCCACTTTACCAGTGTCA_004,59
GCCCCACTTTACCAGTGTCA_005,48
GCCCCACTTTACCAGTGTCA_006,66
TCACGGGCTTTATCAAAACG_001,116
TCACGGGCTTTATCAAAACG_002,94
TCACGGGCTTTATCAAAACG_003,73
TCACGGGCTTTATCAAAACG_004,62
TCACGGGCTTTATCAAAACG_005,94
TCACGGGCTTTATCAAAACG_006,15
TCACGGGCTTTATCAAAACG_007,62
TCACGGGCTTTATCAAAACG_008,142
ACTTGGAAATGCAGTACACA_001,84
ACTTGGAAATGCAGTACACA_002,56
ACTTGGAAATGCAGTACACA_003,100
ACTTGGAAATGCAGTACACA_004,44
ACTTGGAAATGCAGTACACA_005,181
ACTTGGAAATGCAGTACACA_006,162
ACTTGGAAATGCAGTACACA_007,63
ACTTGGAAATGCAGTACACA_008,134
ACTTGGAAATGCAGTACACA_009,194
ACTTGGAAATGCAGTACACA_010,18
ACTTGGAAATGCAGTACACA_011,56
ACTTGGAAATGCAGTACACA_012,144
ACTTGGAAATGCAGTACACA_013,178
GACTGGTTCGAGCGGCCCGA_001,55
GACTGGTTCGAGCGGCCCGA_002,146
GACTGGTTCGAGCGGCCCGA_003,95
GACTGGTTCGAGCGGCCCGA_004,95
GACTGGTTCGAGCGGCCCGA_005,104
GACTGGTTCGAGCGGCCCGA_006,106
GACTGGTTCGAGCGGCCCGA_007,44
GACTGGTTCGAGCGGCCCGA_008,111
GACTGGTTCGAGCGGCCCGA_009,49
GACTGGTTCGAGCGGCCCGA_010,22
GACTGGTTCGAGCGGCCCGA_011,182
GACTGGTTCGAGCGGCCCGA_012,172
GACTGGTTCGAGCGGCCCGA_013,151
GACTGGTTCGAGCGGCCCGA_014,68
GACTGGTTCGAGCGGCCCGA_015,154
GACTGGTTCGAGCGGCCCGA_016,139
GACTGGTTCGAGCGGCCCGA_017,72
GACTGGTTCGAGCGGCCCGA_018,177
GACTGGTTCGAGCGGCCCGA_019,33
GACTGGTTCGAGCGGCCCGA_020,149
GACTGGTTCGAGCGGCCCGA_021,174
GACTGGTTCGAGCGGCCCGA_022,9
GACTGGTTCGAGCGGCCCGA_023,62
GACTGGTTCGAGCGGCCCGA_024,193
GACTGGTTCGAGCGGCCCGA_025,193
GACTGGTTCGAGCGGCCCGA_026,48
GACTGGTTCGAGCGGCCCGA_027,175
GACTGGTTCGAGCGGCCCGA_028,127
GACTGGTTCGAGCGGCCCGA_029,150
GACTGGTTCGAGCGGCCCGA_030,37
GACTGGTTCGAGCGGCCCGA_031,134
GACTGGTTCGAGCGGCCCGA_032,184
GACTGGTTCGAGCGGCCCGA_033,49
GACTGGTTCGAGCGGCCCGA_034,134
GACTGGTTCGAGCGGCCCGA_035,151
GACTGGTTCGAGCGGCCCGA_036,104
GACTGGTTCGAGCGGCCCGA_037,33
GACTGGTTCGAGCGGCCCGA_038,29
GACTGGTTCGAGCGGCCCGA_039,1
GACTGGTTCGAGCGGCCCGA_040,35
GACTGGTTCGAGCGGCCCGA_041,3
GACTGGTTCGAGCGGCCCGA_042,89
GACTGGTTCGAGCGGCCCGA_043,30
CCACTCAGTAGAGCCTCTAA_001,20
CCACTCAGTAGAGCCTCTAA_002,184
CCACTCAGTAGAGCCTCTAA_003,55
CCACTCAGTAGAGCCTCTAA_004,160
CCACTCAGTAGAGCCTCTAA_005,133
AGATGAACAGCGCACAGCCA_001,28
AGATGAACAGCGCACAGCCA_002,58
AGATGAACAGCGCACAGCCA_003,95
AGATGAACAGCGCACAGCCA_004,188
AGATGAACAGCGCACAGCCA_005,73
AGATGAACAGCGCACAGCCA_006,168
AGATGAACAGCGCACAGCCA_007,197
AGATGAACAGCGCACAGCCA_008,88
AGATGAACAGCGCACAGCCA_009,76
AGATGAACAGCGCACAGCCA_010,1
AGATGAACAGCGCACAGCCA_011,69
AGATGAACAGCGCACAGCCA_012,162
AGATGAACAGCGCACAGCCA_013,133
AGATGAACAGCGCACAGCCA_014,11
AGATGAACAGCGCACAGCCA_015,48
AGATGAACAGCGCACAGCCA_016,56
AGATGAACAGCGCACAGCCA_017,119
AGATGAACAGCGCACAGCCA_018,161
AGATGAACAGCGCACAGCCA_019,90
GGAAGGAGTTCACGCACACG_001,115
GGAAGGAGTTCACGCACACG_002,6
GGAAGGAGTTCACGCACACG_003,146
GGAAGGAGTTCACGCACACG_004,140
GGAAGGAGTTCACGCACACG_005,146
GGAAGGAGTTCACGCACACG_006,176
GGAAGGAGTTCACGCACACG_007,12
GGAAGGAGTTCACGCACACG_008,107
GGAAGGAGTTCACGCACACG_009,33
GGAAGGAGTTCACGCACACG_010,108
GGAAGGAGTTCACGCACACG_011,169
GGAAGGAGTTCACGCACACG_012,158
GGAAGGAGTTCACGCACACG_013,8
GGAAGGAGTTCACGCACACG_014,199
GGAAGGAGTTCACGCACACG_015,140
GGAAGGAGTTCACGCACACG_016,72
GGAAGGAGTTCACGCACACG_017,98
GGAAGGAGTTCACGCACACG_018,15
GGAAGGAGTTCACGCACACG_019,69
GGCACTGCACCCGTTCGCGG_001,150
GGCACTGCACCCGTTCGCGG_002,102
GGCACTGCACCCGTTCGCGG_003,110
GGCACTGCACCCGTTCGCGG_004,84
GGCACTGCACCCGTTCGCGG_005,62
GGCACTGCACCCGTTCGCGG_006,17
GGCACTGCACCCGTTCGCGG_007,169
GGCACTGCACCCGTTCGCGG_008,121
GGCACTGCACCCGTTCGCGG_009,52
GGCACTGCACCCGTTCGCGG_010,56
GAGCTGTCCACCTGTGTGGG_001,107
GAGCTGTCCACCTGTGTGGG_002,118
GAGCTGTCCACCTGTGTGGG_003,131
GAGCTGTCCACCTGTGTGGG_004,60
GAGCTGTCCACCTGTGTGGG_005,48
GAGCTGTCCACCTGTGTGGG_006,38
GAGCTGTCCACCTGTGTGGG_007,113
GAGCTGTCCACCTGTGTGGG_008,121
GAGCTGTCCACCTGTGTGGG_009,158
GAGCTGTCCACCTGTGTGGG_010,91
GAGCTGTCCACCTGTGTGGG_011,106
GAGCTGTCCACCTGTGTGGG_012,106
GAGCTGTCCACCTGTGTGGG_013,142
GAGCTGTCCACCTGTGTGGG_014,165
GAGCTGTCCACCTGTGTGGG_015,33
GAGCTGTCCACCTGTGTGGG_016,34
GAGCTGTCCACCTGTGTGGG_017,186
GAGCTGTCCACCTGTGTGGG_018,128
GAGCTGTCCACCTGTGTGGG_019,93
GAGCTGTCCACCTGTGTGGG_020,120
GAGCTGTCCACCTGTGTGGG_021,35
GAGCTGTCCACCTGTGTGGG_022,68
GAGCTGTCCACCTGTGTGGG_023,181
GAGCTGTCCACCTGTGTGGG_024,1
GAGCTGTCCACCTGTGTGGG_025,27
GAGCTGTCCACCTGTGTGGG_026,197
GAGCTGTCCACCTGTGTGGG_027,122
GAGCTGTCCACCTGTGTGGG_028,54
GAGCTGTCCACCTGTGTGGG_029,127
GAGCTGTCCACCTGTGTGGG_030,17
GAGCTGTCCACCTGTGTGGG_031,5
GAGCTGTCCACCTGTGTGGG_032,172
GAGCTGTCCACCTGTGTGGG_033,113
GAGCTGTCCACCTGTGTGGG_034,147
GAGCTGTCCACCTGTGTGGG_035,41
GAGCTGTCCACCTGTGTGGG_036,184
GAGCTGTCCACCTGTGTGGG_037,76
GAGCTGTCCACCTGTGTGGG_038,183
GAGCTGTCCACCTGTGTGGG_039,60
GAGCTGTCCACCTGTGTGGG_040,90
GAGCTGTCCACCTGTGTGGG_041,68
GAGCTGTCCACCTGTGTGGG_042,199
TCGTTATGGACTGATCCCTG_001,70
TCGTTATGGACTGATCCCTG_002,107
TCGTTATGGACTGATCCCTG_003,16
TCGTTATGGACTGATCCCTG_004,170
TCGTTATGGACTGATCCCTG_005,62
TCGTTATGGACTGATCCCTG_006,198
TCGTTATGGACTGATCCCTG_007,170
TGTGCTGCAGTGATAACCCA_001,76
TGTGCTGCAGTGATAACCCA_002,159
TGTGCTGCAGTGATAACCCA_003,86
TGTGCTGCAGTGATAACCCA_004,62
TGTGCTGCAGTGATAACCCA_005,36
TGTGCTGCAGTGATAACCCA_006,158
TGTGCTGCAGTGATAACCCA_007,26
AGCTCTCTTAGGTTGAAGGG_001,70
AGCTCTCTTAGGTTGAAGGG_002,77
AGCTCTCTTAGGTTGAAGGG_003,83
AGCTCTCTTAGGTTGAAGGG_004,154
AGCTCTCTTAGGTTGAAGGG_005,175
AGCTCTCTTAGGTTGAAGGG_006,193
AGCTCTCTTAGGTTGAAGGG_007,2
AGCTCTCTTAGGTTGAAGGG_008,3
AGCTCTCTTAGGTTGAAGGG_009,174
AGCTCTCTTAGGTTGAAGGG_010,142
AGCTCTCTTAGGTTGAAGGG_011,62
AGCTCTCTTAGGTTGAAGGG_012,178
AGCTCTCTTAGGTTGAAGGG_013,117
AGCTCTCTTAGGTTGAAGGG_014,145
AGCTCTCTTAGGTTGAAGGG_015,52
AGCTCTCTTAGGTTGAAGGG_016,46
AGCTCTCTTAGGTTGAAGGG_017,50
CAGACAGAGCAAATTGGCCG_001,56
CAGACAGAGCAAATTGGCCG_002,53
CAGACAGAGCAAATTGGCCG_003,134
CAGACAGAGCAAATTGGCCG_004,121
CAGACAGAGCAAATTGGCCG_005,145
CAGACAGAGCAAATTGGCCG_006,104
AGGCCGTAGTACCTGCCGAG_001,57
AGGCCGTAGTACCTGCCGAG_002,186
GGTTCAGAATACGCTGCTCG_001,22
GGTTCAGAATACGCTGCTCG_002,94
CCGCGGGCCCCTTTACGGCG_001,5
CCGCGGGCCCCTTTACGGCG_002,22
CCGCGGGCCCCTTTACGGCG_003,170
CCGCGGGCCCCTTTACGGCG_004,48
CCGCGGGCCCCTTTACGGCG_005,78
AAGGGATGTACTGAGAGTAA_001,63
GGGAGAAGCGTGAGTCGCGT_001,2
GGGAGAAGCGTGAGTCGCGT_002,12
GGGAGAAGCGTGAGTCGCGT_003,101
GGGAGAAGCGTGAGTCGCGT_004,198
GGGAGAAGCGTGAGTCGCGT_005,150
GGGAGAAGCGTGAGTCGCGT_006,174
GGGAGAAGCGTGAGTCGCGT_007,45
GGGAGAAGCGTGAGTCGCGT_008,19
GGGAGAAGCGTGAGTCGCGT_009,62
GGGAGAAGCGTGAGTCGCGT_010,133
GGGAGAAGCGTGAGTCGCGT_011,32
GGGAGAAGCGTGAGTCGCGT_012,165
GGGAGAAGCGTGAGTCGCGT_013,127
GGGAGAAGCGTGAGTCGCGT_014,27
GGGAGAAGCGTGAGTCGCGT_015,162
GGGAGAAGCGTGAGTCGCGT_016,0
GGGAGAAGCGTGAGTCGCGT_017,148
GGGAGAAGCGTGAGTCGCGT_018,52
GGGAGAAGCGTGAGTCGCGT_019,116
GGGAGAAGCGTGAGTCGCGT_020,72
GGGAGAAGCGTGAGTCGCGT_021,5
GGGAGAAGCGTGAGTCGCGT_022,180
GGGAGAAGCGTGAGTCGCGT_023,50
GGGAGAAGCGTGAGTCGCGT_024,138
GGGAGAAGCGTGAGTCGCGT_025,48
GGGAGAAGCGTGAGTCGCGT_026,19
GGGAGAAGCGTGAGTCGCGT_027,172
GGGAGAAGCGTGAGTCGCGT_028,146
GGGAGAAGCGTGAGTCGCGT_029,99
GGGAGAAGCGTGAGTCGCGT_030,82
GGGAGAAGCGTGAGTCGCGT_031,112
GGGAGAAGCGTGAGTCGCGT_032,23
GGGAGAAGCGTGAGTCGCGT_033,29
GGGAGAAGCGTGAGTCGCGT_034,188
GGGAGAAGCGTGAGTCGCGT_035,169
TCATCGTTTATAATCCCCTG_001,166
ATCACAAATTCTCGACGTCG_001,114
ATCACAAATTCTCGACGTCG_002,79
CCTCAACTTTCAGATTAGTG_001,23
CCTCAACTTTCAGATTAGTG_002,88
CCTCAACTTTCAGATTAGTG_003,48
CCTCAACTTTCAGATTAGTG_004,62
CCTCAACTTTCAGATTAGTG_005,159
CCTCAACTTTCAGATTAGTG_006,16
CCTCAACTTTCAGATTAGTG_007,19
CCTCAACTTTCAGATTAGTG_008,71
GAACATGAATTCGGGCAACC_001,49
GAACATGAATTCGGGCAACC_002,49
GAACATGAATTCGGGCAACC_003,60
GAACATGAATTCGGGCAACC_004,10
GAACATGAATTCGGGCAACC_005,36
GAACATGAATTCGGGCAACC_006,52
GAACATGAATTCGGGCAACC_007,47
CATTCTGCACACACGTAGAG_001,171
CATTCTGCACACACGTAGAG_002,83
CATTCTGCACACACGTAGAG_003,193
CATTCTGCACACACGTAGAG_004,193
CATTCTGCACACACGTAGAG_005,137
TTTCTCAAGATTGAGAAGAA_001,15
TTTCTCAAGATTGAGAAGAA_002,119
TTTCTCAAGATTGAGAAGAA_003,169
TTTCTCAAGATTGAGAAGAA_004,145
TTTCTCAAGATTGAGAAGAA_005,189
TTTCTCAAGATTGAGAAGAA_006,168
TTTCTCAAGATTGAGAAGAA_007,94
TTTCTCAAGATTGAGAAGAA_008,184
TTTCTCAAGATTGAGAAGAA_009,39
TTTCTCAAGATTGAGAAGAA_010,106
GTAACGCATCAGGCTTTGGT_001,15
GTAACGCATCAGGCTTTGGT_002,64
GTAACGCATCAGGCTTTGGT_003,125
GTAACGCATCAGGCTTTGGT_004,196
GTAACGCATCAGGCTTTGGT_005,170
GTAACGCATCAGGCTTTGGT_006,137
GTAACGCATCAGGCTTTGGT_007,35
GTAACGCATCAGGCTTTGGT_008,55
GTAACGCATCAGGCTTTGGT_009,89
GTAACGCATCAGGCTTTGGT_010,165
GTAACGCATCAGGCTTTGGT_011,7
GTAACGCATCAGGCTTTGGT_012,103
GTAACGCATCAGGCTTTGGT_013,33
GTAACGCATCAGGCTTTGGT_014,48
GTAACGCATCAGGCTTTGGT_015,48
GTAACGCATCAGGCTTTGGT_016,127
GTAACGCATCAGGCTTTGGT_017,124
GTAACGCATCAGGCTTTGGT_018,154
GTAACGCATCAGGCTTTGGT_019,98
GTAACGCATCAGGCTTTGGT_020,119
TTACCCGCTTCTTATCACTC_001,57
TTACCCGCTTCTTATCACTC_002,105
TTACCCGCTTCTTATCACTC_003,60
TTACCCGCTTCTTATCACTC_004,104
TTACCCGCTTCTTATCACTC_005,104
TTACCCGCTTCTTATCACTC_006,175
TGTGAAGCACTTCTCCCCAG_001,36
TGTGAAGCACTTCTCCCCAG_002,160
TGTGAAGCACTTCTCCCCAG_003,174
TGTGAAGCACTTCTCCCCAG_004,92
TGTGAAGCACTTCTCCCCAG_005,136
TGTGAAGCACTTCTCCCCAG_006,168
TATGTGTTGATTGACACACC_001,50
TATGTGTTGATTGACACACC_002,198
TATGTGTTGATTGACACACC_003,176
TATGTGTTGATTGACACACC_004,146
TATGTGTTGATTGACACACC_005,129
TATGTGTTGATTGACACACC_006,42
TATGTGTTGATTGACACACC_007,6
TATGTGTTGATTGACACACC_008,48
TATGTGTTGATTGACACACC_009,30
TATGTGTTGATTGACACACC_010,16
TATGTGTTGATTGACACACC_011,19
TATGTGTTGATTGACACACC_012,191
TATGTGTTGATTGACACACC_013,94
GAGGAACCCGTCAGCTACAG_001,115
GAGGAACCCGTCAGCTACAG_002,130
GAGGAACCCGTCAGCTACAG_003,56
GAGGAACCCGTCAGCTACAG_004,166
GAGGAACCCGTCAGCTACAG_005,121
GAGGAACCCGTCAGCTACAG_006,88
GAGGAACCCGTCAGCTACAG_007,141
GAGGAACCCGTCAGCTACAG_008,190
GAGGAACCCGTCAGCTACAG_009,190
GAGGAACCCGTCAGCTACAG_010,170
GAGGAACCCGTCAGCTACAG_011,84
GAGGAACCCGTCAGCTACAG_012,106
GGATATCAGCATGCTAAGCA_001,60
GGATATCAGCATGCTAAGCA_002,65
GGATATCAGCATGCTAAGCA_003,76
GGATATCAGCATGCTAAGCA_004,130
GGATATCAGCATGCTAAGCA_005,31
GGATATCAGCATGCTAAGCA_006,63
GGATATCAGCATGCTAAGCA_007,92
GGATATCAGCATGCTAAGCA_008,32
ACTATGCTTGGTACTCCGTA_001,59
ACTATGCTTGGTACTCCGTA_002,99
ACTATGCTTGGTACTCCGTA_003,177
GTGAAGCATCCTCATAAGGT_001,22
GTGAAGCATCCTCATAAGGT_002,57
GTGAAGCATCCTCATAAGGT_003,170
GTGAAGCATCCTCATAAGGT_004,63
GTGAAGCATCCTCATAAGGT_005,188
GTGAAGCATCCTCATAAGGT_006,161
GTGAAGCATCCTCATAAGGT_007,39
GTGAAGCATCCTCATAAGGT_008,180
TCTTTCACTTACCATCTGTG_001,115
TCTTTCACTTACCATCTGTG_002,96
ACTGGTCCAAGATAGTTCAC_001,147
ACTGGTCCAAGATAGTTCAC_002,129
ACTGGTCCAAGATAGTTCAC_003,84
ACTGGTCCAAGATAGTTCAC_004,1
ACTGGTCCAAGATAGTTCAC_005,49
ACTGGTCCAAGATAGTTCAC_006,194
ACTGGTCCAAGATAGTTCAC_007,57
ACTGGTCCAAGATAGTTCAC_008,158
ACTGGTCCAAGATAGTTCAC_009,74
ACTGGTCCAAGATAGTTCAC_010,174
ACTGGTCCAAGATAGTTCAC_011,44
ACTGGTCCAAGATAGTTCAC_012,145
ACTGGTCCAAGATAGTTCAC_013,81
ACTGGTCCAAGATAGTTCAC_014,138
ACTGGTCCAAGATAGTTCAC_015,174
ACTGGTCCAAGATAGTTCAC_016,113
ACTGGTCCAAGATAGTTCAC_017,46
ACTGGTCCAAGATAGTTCAC_018,53
ACTGGTCCAAGATAGTTCAC_019,182
ACTGGTCCAAGATAGTTCAC_020,114
ACTGGTCCAAGATAGTTCAC_021,69
TTAGGTCCAGGAGCCCACTG_001,68
TTAGGTCCAGGAGCCCACTG_002,82
TTAGGTCCAGGAGCCCACTG_003,58
TTAGGTCCAGGAGCCCACTG_004,113
TTAGGTCCAGGAGCCCACTG_005,194
CCACGGTCATGATGTACGGG_001,80
CCACGGTCATGATGTACGGG_002,174
CCACGGTCATGATGTACGGG_003,55
CCACGGTCATGATGTACGGG_004,9
CCACGGTCATGATGTACGGG_005,102
CCACGGTCATGATGTACGGG_006,176
CCACGGTCATGATGTACGGG_007,166
GCAGCGACTCCTGGATCGCG_001,107
GCAGCGACTCCTGGATCGCG_002,107
GCAGCGACTCCTGGATCGCG_003,116
GCAGCGACTCCTGGATCGCG_004,113
GCAGCGACTCCTGGATCGCG_005,8
GCAGCGACTCCTGGATCGCG_006,149
GCAGCGACTCCTGGATCGCG_007,189
GCAGCGACTCCTGGATCGCG_008,13
GCAGCGACTCCTGGATCGCG_009,119
GCAGCGACTCCTGGATCGCG_010,118
GCAGCGACTCCTGGATCGCG_011,65
GCAGCGACTCCTGGATCGCG_012,95
GCAGCGACTCCTGGATCGCG_013,150
GCAGCGACTCCTGGATCGCG_014,105
GCAGCGACTCCTGGATCGCG_015,172
GACCAGTGTGGACCACTGCA_001,129
GACCAGTGTGGACCACTGCA_002,17
GACCAGTGTGGACCACTGCA_003,197
GACCAGTGTGGACCACTGCA_004,130
GACCAGTGTGGACCACTGCA_005,177
GACCAGTGTGGACCACTGCA_006,8
GACCAGTGTGGACCACTGCA_007,165
GACCAGTGTGGACCACTGCA_008,82
GACCAGTGTGGACCACTGCA_009,88
GACCAGTGTGGACCACTGCA_010,69
GACCAGTGTGGACCACTGCA_011,170
GACCAGTGTGGACCACTGCA_012,30
GACCAGTGTGGACCACTGCA_013,126
GACCAGTGTGGACCACTGCA_014,5
GACCAGTGTGGACCACTGCA_015,45
GACCAGTGTGGACCACTGCA_016,61
GACCAGTGTGGACCACTGCA_017,70
GACCAGTGTGGACCACTGCA_018,19
GACCAGTGTGGACCACTGCA_019,2
GACCAGTGTGGACCACTGCA_020,135
TGCCTCCGGAGCCAGCGTGG_001,196
TGCCTCCGGAGCCAGCGTGG_002,162
TGCCTCCGGAGCCAGCGTGG_003,174
TGCCTCCGGAGCCAGCGTGG_004,15
TGCCTCCGGAGCCAGCGTGG_005,44
TGCCTCCGGAGCCAGCGTGG_006,70
TGCCTCCGGAGCCAGCGTGG_007,8
TGCCTCCGGAGCCAGCGTGG_008,48
TGCCTCCGGAGCCAGCGTGG_009,11
TGCCTCCGGAGCCAGCGTGG_010,105
TGCCTCCGGAGCCAGCGTGG_011,34
TGCCTCCGGAGCCAGCGTGG_012,122
TGCCTCCGGAGCCAGCGTGG_013,10
TGCCTCCGGAGCCAGCGTGG_014,166
TGCCTCCGGAGCCAGCGTGG_015,62
TGCCTCCGGAGCCAGCGTGG_016,40
TGCCTCCGGAGCCAGCGTGG_017,125
TGCCTCCGGAGCCAGCGTGG_018,161
TGCCTCCGGAGCCAGCGTGG_019,149
TGCCTCCGGAGCCAGCGTGG_020,60
TGCCTCCGGAGCCAGCGTGG_021,151
TGCCTCCGGAGCCAGCGTGG_022,168
TGCCTCCGGAGCCAGCGTGG_023,5
TGCCTCCGGAGCCAGCGTGG_024,13
TGCCTCCGGAGCCAGCGTGG_025,6
TGCCTCCGGAGCCAGCGTGG_026,178
TGCCTCCGGAGCCAGCGTGG_027,187
TGCCTCCGGAGCCAGCGTGG_028,92
TGCCTCCGGAGCCAGCGTGG_029,2
TGCCTCCGGAGCCAGCGTGG_030,190
TGCCTCCGGAGCCAGCGTGG_031,88
TGCCTCCGGAGCCAGCGTGG_032,15
TGCCTCCGGAGCCAGCGTGG_033,94
TGCCTCCGGAGCCAGCGTGG_034,9
TGCCTCCGGAGCCAGCGTGG_035,41
TGCCTCCGGAGCCAGCGTGG_036,171
TGCCTCCGGAGCCAGCGTGG_037,198
TGCCTCCGGAGCCAGCGTGG_038,115
TGCCTCCGGAGCCAGCGTGG_039,127
TGCCTCCGGAGCCAGCGTGG_040,28
TGCCTCCGGAGCCAGCGTGG_041,122
TGCCTCCGGAGCCAGCGTGG_042,113
TGCCTCCGGAGCCAGCGTGG_043,51
TGCCTCCGGAGCCAGCGTGG_044,41
TGCCTCCGGAGCCAGCGTGG_045,48
TGCCTCCGGAGCCAGCGTGG_046,94
TGCCTCCGGAGCCAGCGTGG_047,158
TGCCTCCGGAGCCAGCGTGG_048,197
TGCCTCCGGAGCCAGCGTGG_049,6
TGCCTCCGGAGCCAGCGTGG_050,119
TGCCTCCGGAGCCAGCGTGG_051,57
TGCCTCCGGAGCCAGCGTGG_052,172
TGCCTCCGGAGCCAGCGTGG_053,150
TGCCTCCGGAGCCAGCGTGG_054,128
TGCCTCCGGAGCCAGCGTGG_055,175
TGCCTCCGGAGCCAGCGTGG_056,3
TGCCTCCGGAGCCAGCGTGG_057,163
CTGATTGAGAACGCCCAGGT_001,65
CTGATTGAGAACGCCCAGGT_002,25
CTGATTGAGAACGCCCAGGT_003,157
CTGATTGAGAACGCCCAGGT_004,194
CTGATTGAGAACGCCCAGGT_005,83
CTGATTGAGAACGCCCAGGT_006,194
CTGATTGAGAACGCCCAGGT_007,102
CTGATTGAGAACGCCCAGGT_008,137
CTGATTGAGAACGCCCAGGT_009,184
CTGATTGAGAACGCCCAGGT_010,60
CTGATTGAGAACGCCCAGGT_011,166
CTGATTGAGAACGCCCAGGT_012,63
CTGATTGAGAACGCCCAGGT_013,40
CTGATTGAGAACGCCCAGGT_014,199
CTGATTGAGAACGCCCAGGT_015,28
TCAAGACCAGGACTTACATG_001,2
TCAAGACCAGGACTTACATG_002,58
TCAAGACCAGGACTTACATG_003,104
TCAAGACCAGGACTTACATG_004,166
TCAAGACCAGGACTTACATG_005,48
TCAAGACCAGGACTTACATG_006,199
TCAAGACCAGGACTTACATG_007,108
TCAAGACCAGGACTTACATG_008,48
TCAAGACCAGGACTTACATG_009,94
TCAAGACCAGGACTTACATG_010,77
TCAAGACCAGGACTTACATG_011,108
ACTATCCCAACGGAAGAGGC_001,115
ACTATCCCAACGGAAGAGGC_002,18
ACTATCCCAACGGAAGAGGC_003,32
ACTATCCCAACGGAAGAGGC_004,53
ACTATCCCAACGGAAGAGGC_005,121
ACTATCCCAACGGAAGAGGC_006,146
ACTATCCCAACGGAAGAGGC_007,162
ACTATCCCAACGGAAGAGGC_008,12
ACTATCCCAACGGAAGAGGC_009,73
ACTATCCCAACGGAAGAGGC_010,196
ACTATCCCAACGGAAGAGGC_011,85
ACTATCCCAACGGAAGAGGC_012,191
ACTATCCCAACGGAAGAGGC_013,127
ACTATCCCAACGGAAGAGGC_014,149
ACTATCCCAACGGAAGAGGC_015,199
ACTGTCAACAAATGAAACTC_001,25
ACTGTCAACAAATGAAACTC_002,65
ACTGTCAACAAATGAAACTC_003,38
ACTGTCAACAAATGAAACTC_004,9
ACTGTCAACAAATGAAACTC_005,83
ACTGTCAACAAATGAAACTC_006,72
ACTGTCAACAAATGAAACTC_007,169
ACTGTCAACAAATGAAACTC_008,12
ACTGTCAACAAATGAAACTC_009,88
ACTGTCAACAAATGAAACTC_010,88
ACTGTCAACAAATGAAACTC_011,145
ACTGTCAACAAATGAAACTC_012,28
ACTGTCAACAAATGAAACTC_013,48
ACTGTCAACAAATGAAACTC_014,58
ACTGTCAACAAATGAAACTC_015,83
CTTACTGCAATGCTCGCTGG_001,169
CTTACTGCAATGCTCGCTGG_002,119
CAGTATAAGGAATAAGGGGA_001,19
CAGTATAAGGAATAAGGGGA_002,177
CAGTATAAGGAATAAGGGGA_003,147
CAGTATAAGGAATAAGGGGA_004,68
CAGTATAAGGAATAAGGGGA_005,106
CAGTATAAGGAATAAGGGGA_006,115
CAGTATAAGGAATAAGGGGA_007,56
CAGTATAAGGAATAAGGGGA_008,158
CCAGAGGGTCCAACTCCGAG_001,178
CCAGAGGGTCCAACTCCGAG_002,194
CCAGAGGGTCCAACTCCGAG_003,160
CCAGAGGGTCCAACTCCGAG_004,29
CCAGAGGGTCCAACTCCGAG_005,1
CCAGAGGGTCCAACTCCGAG_006,145
CCAGAGGGTCCAACTCCGAG_007,15
CCAGAGGGTCCAACTCCGAG_008,129
CCAGAGGGTCCAACTCCGAG_009,147
CCAGAGGGTCCAACTCCGAG_010,65
GACATAGATGCCAATTCCCG_001,127
GACATAGATGCCAATTCCCG_002,70
GACATAGATGCCAATTCCCG_003,47
GGAGTTCACGCACAGTTCGG_001,16
GGAGTTCACGCACAGTTCGG_002,102
GGAGTTCACGCACAGTTCGG_003,191
GGAGTTCACGCACAGTTCGG_004,12
GGAGTTCACGCACAGTTCGG_005,185
GGAGTTCACGCACAGTTCGG_006,53
GGAGTTCACGCACAGTTCGG_007,117
GGAGTTCACGCACAGTTCGG_008,170
GGAGTTCACGCACAGTTCGG_009,83
GGAGTTCACGCACAGTTCGG_010,184
GGAGTTCACGCACAGTTCGG_011,141
GGAGTTCACGCACAGTTCGG_012,98
GGAGTTCACGCACAGTTCGG_013,98
GGAGTTCACGCACAGTTCGG_014,196
GGAGTTCACGCACAGTTCGG_015,129
ACTGCAAGTAAAGGTTCTGA_001,124
GCTGATTGCAGAATAATCAC_001,131
GCTGATTGCAGAATAATCAC_002,115
GGTTTGAGAAACTTCATGTG_001,139
GGTTTGAGAAACTTCATGTG_002,151
GGTTTGAGAAACTTCATGTG_003,60
GGTTTGAGAAACTTCATGTG_004,76
GGTTTGAGAAACTTCATGTG_005,12
GGTTTGAGAAACTTCATGTG_006,94
GGTTTGAGAAACTTCATGTG_007,93
GGTTTGAGAAACTTCATGTG_008,60
GGTTTGAGAAACTTCATGTG_009,130
GGTTTGAGAAACTTCATGTG_010,191
GGTTTGAGAAACTTCATGTG_011,82
GGTTTGAGAAACTTCATGTG_012,94
GGTTTGAGAAACTTCATGTG_013,93
GGTTTGAGAAACTTCATGTG_014,176
GGTTTGAGAAACTTCATGTG_015,124
GGTTTGAGAAACTTCATGTG_016,78
GGTTTGAGAAACTTCATGTG_017,168
GGTTTGAGAAACTTCATGTG_018,104
GGTTTGAGAAACTTCATGTG_019,13
CAAGTGTTCATAGTCGGTTG_001,121
CAAGTGTTCATAGTCGGTTG_002,194
CAAGTGTTCATAGTCGGTTG_003,12
GTAAGAAGGTGGAGCCACGT_001,135
GTAAGAAGGTGGAGCCACGT_002,163
GTAAGAAGGTGGAGCCACGT_003,131
GTAAGAAGGTGGAGCCACGT_004,69
GTAAGAAGGTGGAGCCACGT_005,140
GTTACTATAATCTGGATGGG_001,33
CAGTGTCAGAAAAGCACCCG_001,81
CAGTGTCAGAAAAGCACCCG_002,124
CTAGCACATAATCCCAACTC_001,59
AGTGTGATGATCACCAAGAG_001,87
AGTGTGATGATCACCAAGAG_002,62
AGTGTGATGATCACCAAGAG_003,94
AGTGTGATGATCACCAAGAG_004,190
AGTGTGATGATCACCAAGAG_005,88
AGTGTGATGATCACCAAGAG_006,55
AGTGTGATGATCACCAAGAG_007,82
AGTGTGATGATCACCAAGAG_008,6
AGTGTGATGATCACCAAGAG_009,95
AGTGTGATGATCACCAAGAG_010,125
AGTGTGATGATCACCAAGAG_011,88
AGTGTGATGATCACCAAGAG_012,96
AGTGTGATGATCACCAAGAG_013,142
AGTGTGATGATCACCAAGAG_014,162
AGTGTGATGATCACCAAGAG_015,29
AGTGTGATGATCACCAAGAG_016,138
GTATTGCTGGAAGAAGAGCG_001,178
GTATTGCTGGAAGAAGAGCG_002,77
TGAACTCCCCCATCCATCAG_001,102
TGAACTCCCCCATCCATCAG_002,64
TGAACTCCCCCATCCATCAG_003,126
TGAACTCCCCCATCCATCAG_004,42
TGAACTCCCCCATCCATCAG_005,131
TGAACTCCCCCATCCATCAG_006,161
TGAACTCCCCCATCCATCAG_007,8
TGAACTCCCCCATCCATCAG_008,177
TGAACTCCCCCATCCATCAG_009,102
TGAACTCCCCCATCCATCAG_010,108
TGAACTCCCCCATCCATCAG_011,123
TGAACTCCCCCATCCATCAG_012,157
TGAACTCCCCCATCCATCAG_013,5
TGAACTCCCCCATCCATCAG_014,147
TGAACTCCCCCATCCATCAG_015,5
TGAACTCCCCCATCCATCAG_016,105
TGAACTCCCCCATCCATCAG_017,126
TGAACTCCCCCATCCATCAG_018,60
TGAACTCCCCCATCCATCAG_019,40
TGAACTCCCCCATCCATCAG_020,63
TGAACTCCCCCATCCATCAG_021,49
TGAACTCCCCCATCCATCAG_022,166
TGAACTCCCCCATCCATCAG_023,39
TGAACTCCCCCATCCATCAG_024,8
TGAACTCCCCCATCCATCAG_025,63
TGAACTCCCCCATCCATCAG_026,29
TGAACTCCCCCATCCATCAG_027,158
TGAACTCCCCCATCCATCAG_028,152
TGAACTCCCCCATCCATCAG_029,52
TGAACTCCCCCATCCATCAG_030,186
TGAACTCCCCCATCCATCAG_031,148
ATAGCGTAGAGGCCGACAGA_001,5
ATAGCGTAGAGGCCGACAGA_002,62
ATAGCGTAGAGGCCGACAGA_003,121
ATAGCGTAGAGGCCGACAGA_004,155
ATAGCGTAGAGGCCGACAGA_005,84
ATAGCGTAGAGGCCGACAGA_006,68
ATAGCGTAGAGGCCGACAGA_007,1
ATAGCGTAGAGGCCGACAGA_008,28
ATAGCGTAGAGGCCGACAGA_009,137
ATAGCGTAGAGGCCGACAGA_010,78
ATAGCGTAGAGGCCGACAGA_011,40
ATAGCGTAGAGGCCGACAGA_012,17
AGACAAGCCCCATAAATGTG_001,27
AGACAAGCCCCATAAATGTG_002,2
AGACAAGCCCCATAAATGTG_003,119
AGACAAGCCCCATAAATGTG_004,169
AGACAAGCCCCATAAATGTG_005,9
AGACAAGCCCCATAAATGTG_006,53
AGACAAGCCCCATAAATGTG_007,131
GATGCATTTCCATCAGTCTG_001,50
GATGCATTTCCATCAGTCTG_002,91
GATGCATTTCCATCAGTCTG_003,41
GATGCATTTCCATCAGTCTG_004,88
GATGCATTTCCATCAGTCTG_005,97
TTCCGCACCTTCGACACCAA_001,57
TTCCGCACCTTCGACACCAA_002,144
TTCCGCACCTTCGACACCAA_003,136
TTCCGCACCTTCGACACCAA_004,47
TTCCGCACCTTCGACACCAA_005,37
TTCCGCACCTTCGACACCAA_006,28
TTCCGCACCTTCGACACCAA_007,188
TTCCGCACCTTCGACACCAA_008,181
TTCCGCACCTTCGACACCAA_009,62
TTCCGCACCTTCGACACCAA_010,199
TTCCGCACCTTCGACACCAA_011,37
AGACAGAGGCAGGACTACGT_001,127
AGACAGAGGCAGGACTACGT_002,195
AGACAGAGGCAGGACTACGT_003,179
AGACAGAGGCAGGACTACGT_004,3
AGACAGAGGCAGGACTACGT_005,61
AGACAGAGGCAGGACTACGT_006,12
ACATGACATCAATTGATTCA_001,96
ACATGACATCAATTGATTCA_002,145
ACATGACATCAATTGATTCA_003,16
ACATGACATCAATTGATTCA_004,94
ACATGACATCAATTGATTCA_005,19
ACATGACATCAATTGATTCA_006,199
TACGAACGAGTTGTATCACC_001,155
TACGAACGAGTTGTATCACC_002,88
TACGAACGAGTTGTATCACC_003,149
CCGACGCTGACCTGCCGTGG_001,12
CCGACGCTGACCTGCCGTGG_002,1
CCGACGCTGACCTGCCGTGG_003,199
CCGACGCTGACCTGCCGTGG_004,76
CCGACGCTGACCTGCCGTGG_005,32
CCGACGCTGACCTGCCGTGG_006,17
CCGACGCTGACCTGCCGTGG_007,69
CCGACGCTGACCTGCCGTGG_008,108
CCGACGCTGACCTGCCGTGG_009,170
CCGACGCTGACCTGCCGTGG_010,126
CCGACGCTGACCTGCCGTGG_011,126
CCGACGCTGACCTGCCGTGG_012,105
CCGACGCTGACCTGCCGTGG_013,71
CCGACGCTGACCTGCCGTGG_014,191
CCGACGCTGACCTGCCGTGG_015,135
CCGACGCTGACCTGCCGTGG_016,14
CCGACGCTGACCTGCCGTGG_017,130
CCGACGCTGACCTGCCGTGG_018,126
CCGACGCTGACCTGCCGTGG_019,127
CCGACGCTGACCTGCCGTGG_020,158
CCGACGCTGACCTGCCGTGG_021,78
GATATCTTCGAGATTTCTTG_001,134
GCTGACGGATTCACCCTACG_001,58
GCTGACGGATTCACCCTACG_002,62
GCTGACGGATTCACCCTACG_003,49
GCTGACGGATTCACCCTACG_004,60
GCTGACGGATTCACCCTACG_005,88
GCTGACGGATTCACCCTACG_006,170
GCTGACGGATTCACCCTACG_007,5
GCTGACGGATTCACCCTACG_008,194
GCTGACGGATTCACCCTACG_009,80
GCTGACGGATTCACCCTACG_010,123
GCTGACGGATTCACCCTACG_011,48
GCTGACGGATTCACCCTACG_012,157
GCTGACGGATTCACCCTACG_013,191
GCTGACGGATTCACCCTACG_014,35
GCTGACGGATTCACCCTACG_015,197
TGCGCCCGAACTCTTCGTTG_001,34
TGCGCCCGAACTCTTCGTTG_002,191
AGGCTCCAGGAACCAGAACG_001,40
AGGCTCCAGGAACCAGAACG_002,149
AGGCTCCAGGAACCAGAACG_003,171
AGGCTCCAGGAACCAGAACG_004,41
AGGCTCCAGGAACCAGAACG_005,166
AGGCTCCAGGAACCAGAACG_006,177
AGGCTCCAGGAACCAGAACG_007,94
AGGCTCCAGGAACCAGAACG_008,105
AGGCTCCAGGAACCAGAACG_009,171
AGGCTCCAGGAACCAGAACG_010,197
AGGCTCCAGGAACCAGAACG_011,40
AGGCTCCAGGAACCAGAACG_012,82
AGGCTCCAGGAACCAGAACG_013,45
AGGCTCCAGGAACCAGAACG_014,149
AGGCTCCAGGAACCAGAACG_015,105
AGGCTCCAGGAACCAGAACG_016,21
AGGCTCCAGGAACCAGAACG_017,21
AGGCTCCAGGAACCAGAACG_018,142
AGGCTCCAGGAACCAGAACG_019,20
AGGCTCCAGGAACCAGAACG_020,30
AGGCTCCAGGAACCAGAACG_021,23
AGGCTCCAGGAACCAGAACG_022,40
AGGCTCCAGGAACCAGAACG_023,191
AGGCTCCAGGAACCAGAACG_024,28
AGGCTCCAGGAACCAGAACG_025,57
AGGCTCCAGGAACCAGAACG_026,185
AGGCTCCAGGAACCAGAACG_027,35
AGGCTCCAGGAACCAGAACG_028,3
AGGCTCCAGGAACCAGAACG_029,56
TGAAGACTCACTGATAAGCA_001,157
TGAAGACTCACTGATAAGCA_002,152
TGAAGACTCACTGATAAGCA_003,134
TGAAGACTCACTGATAAGCA_004,44
TGAAGACTCACTGATAAGCA_005,52
TGAAGACTCACTGATAAGCA_006,83
TGAAGACTCACTGATAAGCA_007,17
TGGCACTCAAAGATAGAAGG_001,191
TGGCACTCAAAGATAGAAGG_002,62
TGGCACTCAAAGATAGAAGG_003,12
TGGCACTCAAAGATAGAAGG_004,117
TGGCACTCAAAGATAGAAGG_005,187
TGGCACTCAAAGATAGAAGG_006,125
TGGCACTCAAAGATAGAAGG_007,181
TGGCACTCAAAGATAGAAGG_008,76
TGGCACTCAAAGATAGAAGG_009,176
AAAACCCCAGGATGGTACTG_001,193
AAAACCCCAGGATGGTACTG_002,150
AAAACCCCAGGATGGTACTG_003,188
AAAACCCCAGGATGGTACTG_004,15
AAAACCCCAGGATGGTACTG_005,137
AAAACCCCAGGATGGTACTG_006,135
AAAACCCCAGGATGGTACTG_007,50
AAAACCCCAGGATGGTACTG_008,111
AAAACCCCAGGATGGTACTG_009,58
AAAACCCCAGGATGGTACTG_010,155
AAAACCCCAGGATGGTACTG_011,199
AAAACCCCAGGATGGTACTG_012,178
AAAACCCCAGGATGGTACTG_013,121
TGGGGCAGGCTGATTAGCAA_001,122
TGGGGCAGGCTGATTAGCAA_002,114
TGGGGCAGGCTGATTAGCAA_003,107
TGGGGCAGGCTGATTAGCAA_004,6
TGGGGCAGGCTGATTAGCAA_005,178
TGGGGCAGGCTGATTAGCAA_006,26
TGGGGCAGGCTGATTAGCAA_007,99
TGGGGCAGGCTGATTAGCAA_008,63
TGGGGCAGGCTGATTAGCAA_009,175
TGGGGCAGGCTGATTAGCAA_010,115
TATTTGAAAAGGCCCGACAT_001,23
TATTTGAAAAGGCCCGACAT_002,8
TATTTGAAAAGGCCCGACAT_003,103
TATTTGAAAAGGCCCGACAT_004,50
TATTTGAAAAGGCCCGACAT_005,63
TATTTGAAAAGGCCCGACAT_006,9
TATTTGAAAAGGCCCGACAT_007,54
TATTTGAAAAGGCCCGACAT_008,7
TATTTGAAAAGGCCCGACAT_009,69
TATTTGAAAAGGCCCGACAT_010,109
TATTTGAAAAGGCCCGACAT_011,40
TATTTGAAAAGGCCCGACAT_012,58
TATTTGAAAAGGCCCGACAT_013,50
TATTTGAAAAGGCCCGACAT_014,2
TATTTGAAAAGGCCCGACAT_015,77
TATTTGAAAAGGCCCGACAT_016,158
TATTTGAAAAGGCCCGACAT_017,198
TATTTGAAAAGGCCCGACAT_018,124
AGAAACCCCATATAGCAATG_001,16
AGAAACCCCATATAGCAATG_002,53
AGAAACCCCATATAGCAATG_003,34
AGAAACCCCATATAGCAATG_004,113
AGAAACCCCATATAGCAATG_005,52
AGAAACCCCATATAGCAATG_006,6
AGAAACCCCATATAGCAATG_007,6
CACGCTGTGGCGCCGCAATG_001,12
CACGCTGTGGCGCCGCAATG_002,191
CACGCTGTGGCGCCGCAATG_003,78
CACGCTGTGGCGCCGCAATG_004,40
CACGCTGTGGCGCCGCAATG_005,81
CACGCTGTGGCGCCGCAATG_006,170
CACGCTGTGGCGCCGCAATG_007,41
CACGCTGTGGCGCCGCAATG_008,150
CACGCTGTGGCGCCGCAATG_009,174
CACGCTGTGGCGCCGCAATG_010,118
CACGCTGTGGCGCCGCAATG_011,7
CACGCTGTGGCGCCGCAATG_012,10
CACGCTGTGGCGCCGCAATG_013,175
CACGCTGTGGCGCCGCAATG_014,92
TTGTCAAGCCAGACTTATAG_001,50
TATCAAGGACGATTTCTACA_001,81
TATCAAGGACGATTTCTACA_002,158
TATCAAGGACGATTTCTACA_003,78
TATCAAGGACGATTTCTACA_004,18
TATCAAGGACGATTTCTACA_005,46
CCACAGTTTCGGATTCTACG_001,78
CCACAGTTTCGGATTCTACG_002,78
CCACAGTTTCGGATTCTACG_003,138
CCACAGTTTCGGATTCTACG_004,22
CCACAGTTTCGGATTCTACG_005,175
CCACAGTTTCGGATTCTACG_006,38
CCACAGTTTCGGATTCTACG_007,166
GGGAGCGATAACACGACCTG_001,104
GGGAGCGATAACACGACCTG_002,184
GGGAGCGATAACACGACCTG_003,124
GGGAGCGATAACACGACCTG_004,29
GTGAGAGCCACCAAACAGCT_001,160
GTGAGAGCCACCAAACAGCT_002,94
GTGAGAGCCACCAAACAGCT_003,40
GTGAGAGCCACCAAACAGCT_004,130
GTGAGAGCCACCAAACAGCT_005,94
GTGAGAGCCACCAAACAGCT_006,26
TTCCTGGCAGGCTCTTCGAA_001,144
TTCCTGGCAGGCTCTTCGAA_002,130
TTCCTGGCAGGCTCTTCGAA_003,88
TTCCTGGCAGGCTCTTCGAA_004,168
TTCCTGGCAGGCTCTTCGAA_005,156
TTCCTGGCAGGCTCTTCGAA_006,149
TTCCTGGCAGGCTCTTCGAA_007,88
TTCCTGGCAGGCTCTTCGAA_008,78
TTCCTGGCAGGCTCTTCGAA_009,112
TTCCTGGCAGGCTCTTCGAA_010,100
TTCCTGGCAGGCTCTTCGAA_011,108
TTCCTGGCAGGCTCTTCGAA_012,191
TTCCTGGCAGGCTCTTCGAA_013,179
TTTATGACAAGATTACCGTT_001,103
TTTATGACAAGATTACCGTT_002,3
AGGCACTGAGCTGTAAGGTG_001,108
AGGCACTGAGCTGTAAGGTG_002,161
AGGCACTGAGCTGTAAGGTG_003,141
AGGCACTGAGCTGTAAGGTG_004,12
AGGCACTGAGCTGTAAGGTG_005,62
AGGCACTGAGCTGTAAGGTG_006,198
AGGCACTGAGCTGTAAGGTG_007,80
AGGCACTGAGCTGTAAGGTG_008,34
AGGCACTGAGCTGTAAGGTG_009,141
AGGCACTGAGCTGTAAGGTG_010,24
AGGCACTGAGCTGTAAGGTG_011,70
AGGCACTGAGCTGTAAGGTG_012,76
AGGCACTGAGCTGTAAGGTG_013,78
AGGCACTGAGCTGTAAGGTG_014,16
CAGCTCATTAGCCACTGAAT_001,188
CAGCTCATTAGCCACTGAAT_002,76
CAGCTCATTAGCCACTGAAT_003,88
CAGCTCATTAGCCACTGAAT_004,172
CAGCTCATTAGCCACTGAAT_005,72
CAGCTCATTAGCCACTGAAT_006,112
CAGCTCATTAGCCACTGAAT_007,34
CAGCTCATTAGCCACTGAAT_008,50
CAGCTCATTAGCCACTGAAT_009,192
CAGCTCATTAGCCACTGAAT_010,198
CAGCTCATTAGCCACTGAAT_011,141
CAGCTCATTAGCCACTGAAT_012,38
CAGCTCATTAGCCACTGAAT_013,61
CAGCTCATTAGCCACTGAAT_014,82
CAGCTCATTAGCCACTGAAT_015,88
CAGCTCATTAGCCACTGAAT_016,182
CAGCTCATTAGCCACTGAAT_017,97
CAGCTCATTAGCCACTGAAT_018,78
CAGCTCATTAGCCACTGAAT_019,58
CAGCTCATTAGCCACTGAAT_020,136
TGGCAAACACTCTCCCATGG_001,137
ATCCTATGAATCATCTAATG_001,13
GATGAGAATCCACTAATCTG_001,182
GATGAGAATCCACTAATCTG_002,52
GATGAGAATCCACTAATCTG_003,147
GATGAGAATCCACTAATCTG_004,178
GATGAGAATCCACTAATCTG_005,185
GATGAGAATCCACTAATCTG_006,61
GATGAGAATCCACTAATCTG_007,188
GATGAGAATCCACTAATCTG_008,41
GATGAGAATCCACTAATCTG_009,156
CTTCTAGTTTCACACCACAG_001,177
CTTCTAGTTTCACACCACAG_002,94
CTTCTAGTTTCACACCACAG_003,175
CTTCTAGTTTCACACCACAG_004,48
CTTCTAGTTTCACACCACAG_005,116
CTTCTAGTTTCACACCACAG_006,144
CTTCTAGTTTCACACCACAG_007,129
CTTCTAGTTTCACACCACAG_008,54
CTTCTAGTTTCACACCACAG_009,49
CTTCTAGTTTCACACCACAG_010,106
TGTACACAACCGTGTCCGAA_001,105
TGTACACAACCGTGTCCGAA_002,105
TGTACACAACCGTGTCCGAA_003,73
TGTACACAACCGTGTCCGAA_004,77
TGTACACAACCGTGTCCGAA_005,150
TGTACACAACCGTGTCCGAA_006,146
TGTACACAACCGTGTCCGAA_007,75
TGTACACAACCGTGTCCGAA_008,68
TGTACACAACCGTGTCCGAA_009,141
TGTACACAACCGTGTCCGAA_010,35
TGTACACAACCGTGTCCGAA_011,48
TGTACACAACCGTGTCCGAA_012,76
TGTACACAACCGTGTCCGAA_013,75
TGTACACAACCGTGTCCGAA_014,5
TGTACACAACCGTGTCCGAA_015,64
TGTACACAACCGTGTCCGAA_016,43
TGTACACAACCGTGTCCGAA_017,35
AGAAGAATTCCTCTTTCACG_001,149
AGAAGAATTCCTCTTTCACG_002,107
AGAAGAATTCCTCTTTCACG_003,41
AGAAGAATTCCTCTTTCACG_004,31
GGAGGTCTGGTAGAGCGCGG_001,35
GGAGGTCTGGTAGAGCGCGG_002,168
GGAGGTCTGGTAGAGCGCGG_003,52
GGAGGTCTGGTAGAGCGCGG_004,147
GGAGGTCTGGTAGAGCGCGG_005,171
GGAGGTCTGGTAGAGCGCGG_006,22
GGAGGTCTGGTAGAGCGCGG_007,191
GGAGGTCTGGTAGAGCGCGG_008,51
TAAAGACAAAACTTCAACAG_001,82
TAAAGACAAAACTTCAACAG_002,34
TAAAGACAAAACTTCAACAG_003,48
TAAAGACAAAACTTCAACAG_004,127
TAAAGACAAAACTTCAACAG_005,91
TAAAGACAAAACTTCAACAG_006,105
TAAAGACAAAACTTCAACAG_007,40
TAAAGACAAAACTTCAACAG_008,197
ATTGTTGATCTCGTGAGCTG_001,154
ATTGTTGATCTCGTGAGCTG_002,28
ATTGTTGATCTCGTGAGCTG_003,157
ATTGTTGATCTCGTGAGCTG_004,15
ATTGTTGATCTCGTGAGCTG_005,190
ATTGTTGATCTCGTGAGCTG_006,166
ATTGTTGATCTCGTGAGCTG_007,99
GATGGTGACATTGTACTCCG_001,32
GATGGTGACATTGTACTCCG_002,145
GATGGTGACATTGTACTCCG_003,198
GGTCACCGATCGAGAGCTAG_001,149
GGTCACCGATCGAGAGCTAG_002,72
GGTCACCGATCGAGAGCTAG_003,150
GGTCACCGATCGAGAGCTAG_004,59
GGTCACCGATCGAGAGCTAG_005,14
GGTCACCGATCGAGAGCTAG_006,87
GGTCACCGATCGAGAGCTAG_007,142
GGTCACCGATCGAGAGCTAG_008,199
GGTCACCGATCGAGAGCTAG_009,169
GGTCACCGATCGAGAGCTAG_010,77
GGTCACCGATCGAGAGCTAG_011,169
GGTCACCGATCGAGAGCTAG_012,105
GGTCACCGATCGAGAGCTAG_013,81
GGTCACCGATCGAGAGCTAG_014,52
GGTCACCGATCGAGAGCTAG_015,52
GGTCACCGATCGAGAGCTAG_016,158
GGTCACCGATCGAGAGCTAG_017,69
GGTCACCGATCGAGAGCTAG_018,41
GGTCACCGATCGAGAGCTAG_019,93
GGTCACCGATCGAGAGCTAG_020,82
GGTCACCGATCGAGAGCTAG_021,121
GGTCACCGATCGAGAGCTAG_022,168
GGTCACCGATCGAGAGCTAG_023,9
GGTCACCGATCGAGAGCTAG_024,84
CCATCCAGAGCGCGCCGCTG_001,29
CCATCCAGAGCGCGCCGCTG_002,58
CCATCCAGAGCGCGCCGCTG_003,82
CCATCCAGAGCGCGCCGCTG_004,144
CCATCCAGAGCGCGCCGCTG_005,80
ATACATTGGTTGGATTACCC_001,145
GGATGCAGAGATCGTTAAGG_001,35
GGATGCAGAGATCGTTAAGG_002,75
GGATGCAGAGATCGTTAAGG_003,177
GGATGCAGAGATCGTTAAGG_004,32
GGATGCAGAGATCGTTAAGG_005,55
GGATGCAGAGATCGTTAAGG_006,105
GGATGCAGAGATCGTTAAGG_007,105
GGATGCAGAGATCGTTAAGG_008,139
GGATGCAGAGATCGTTAAGG_009,9
GGATGCAGAGATCGTTAAGG_010,168
GGATGCAGAGATCGTTAAGG_011,197
GGATGCAGAGATCGTTAAGG_012,180
GGATGCAGAGATCGTTAAGG_013,180
GGTGCTCTAAAGCCATAACC_001,104
GGTGCTCTAAAGCCATAACC_002,50
GGTGCTCTAAAGCCATAACC_003,168
TCACTCCAATCACACCAACC_001,134
TCACTCCAATCACACCAACC_002,54
TCACTCCAATCACACCAACC_003,115
TCACTCCAATCACACCAACC_004,72
TCACTCCAATCACACCAACC_005,177
TCACTCCAATCACACCAACC_006,179
TCACTCCAATCACACCAACC_007,123
TCACTCCAATCACACCAACC_008,48
TCACTCCAATCACACCAACC_009,170
TGGGAATTGGGTCTCCATGG_001,175
TGGGAATTGGGTCTCCATGG_002,73
TGGGAATTGGGTCTCCATGG_003,53
TTTCCAATTAGAAGTTCCGT_001,94
TTTCCAATTAGAAGTTCCGT_002,94
TTTCCAATTAGAAGTTCCGT_003,81
CTCCCGACAAGGCATCGCCG_001,4
CTCCCGACAAGGCATCGCCG_002,111
CTCCCGACAAGGCATCGCCG_003,60
CTCCCGACAAGGCATCGCCG_004,139
CTCCCGACAAGGCATCGCCG_005,149
CTCCCGACAAGGCATCGCCG_006,30
CTCCCGACAAGGCATCGCCG_007,141
CTCCCGACAAGGCATCGCCG_008,29
CTCCCGACAAGGCATCGCCG_009,182
CTCCCGACAAGGCATCGCCG_010,2
CTCCCGACAAGGCATCGCCG_011,116
CTCCCGACAAGGCATCGCCG_012,126
CTCCCGACAAGGCATCGCCG_013,29
CTCCCGACAAGGCATCGCCG_014,48
CTCCCGACAAGGCATCGCCG_015,106
CTCCCGACAAGGCATCGCCG_016,13
ATGAAACCCTGAGTCACGCA_001,7
ATGAAACCCTGAGTCACGCA_002,149
ATGAAACCCTGAGTCACGCA_003,170
ATGAAACCCTGAGTCACGCA_004,33
ATGAAACCCTGAGTCACGCA_005,121
ATGAAACCCTGAGTCACGCA_006,85
ATGAAACCCTGAGTCACGCA_007,127
ATGAAACCCTGAGTCACGCA_008,1
ATGAAACCCTGAGTCACGCA_009,130
ATGAAACCCTGAGTCACGCA_010,46
ATGAAACCCTGAGTCACGCA_011,11
ATGAAACCCTGAGTCACGCA_012,151
ATGAAACCCTGAGTCACGCA_013,9
ATGAAACCCTGAGTCACGCA_014,138
CATACCTGTAGAGGATTGGG_001,92
AGGAATGTAGAAGGCACCCA_001,41
AGGAATGTAGAAGGCACCCA_002,184
AGGAATGTAGAAGGCACCCA_003,22
AGGAATGTAGAAGGCACCCA_004,68
AGGAATGTAGAAGGCACCCA_005,152
AGGAATGTAGAAGGCACCCA_006,107
AGGAATGTAGAAGGCACCCA_007,132
AGGAATGTAGAAGGCACCCA_008,137
AACAGCTACGCATAGAAGCC_001,25
AACAGCTACGCATAGAAGCC_002,69
AACAGCTACGCATAGAAGCC_003,69
AACAGCTACGCATAGAAGCC_004,197
AACAGCTACGCATAGAAGCC_005,95
AACAGCTACGCATAGAAGCC_006,75
AACAGCTACGCATAGAAGCC_007,67
AACAGCTACGCATAGAAGCC_008,184
AACAGCTACGCATAGAAGCC_009,119
ATAGCCTTGTCAGATAAGGA_001,62
ATAGCCTTGTCAGATAAGGA_002,150
ATAGCCTTGTCAGATAAGGA_003,191
TGTTCAACCTCAAGGACGTG_001,151
TGTTCAACCTCAAGGACGTG_002,194
TGTTCAACCTCAAGGACGTG_003,120
TGTTCAACCTCAAGGACGTG_004,19
TGTTCAACCTCAAGGACGTG_005,76
TGTTCAACCTCAAGGACGTG_006,172
TGTTCAACCTCAAGGACGTG_007,113
TGTTCAACCTCAAGGACGTG_008,105
TGTTCAACCTCAAGGACGTG_009,6
TGTTCAACCTCAAGGACGTG_010,160
TGTTCAACCTCAAGGACGTG_011,196
TGTTCAACCTCAAGGACGTG_012,188
TGTTCAACCTCAAGGACGTG_013,60
TGTTCAACCTCAAGGACGTG_014,162
TGTTCAACCTCAAGGACGTG_015,145
TGTTCAACCTCAAGGACGTG_016,12
TGTTCAACCTCAAGGACGTG_017,70
TGTTCAACCTCAAGGACGTG_018,88
TGTTCAACCTCAAGGACGTG_019,35
TGTTCAACCTCAAGGACGTG_020,174
TGTTCAACCTCAAGGACGTG_021,9
TGTTCAACCTCAAGGACGTG_022,2
TGTTCAACCTCAAGGACGTG_023,29
TGTTCAACCTCAAGGACGTG_024,184
GGACCACATGACTCGGAAGA_001,50
ACGTGCACAAAGCGGCCCCG_001,147
ACGTGCACAAAGCGGCCCCG_002,77
ACGTGCACAAAGCGGCCCCG_003,146
ACGTGCACAAAGCGGCCCCG_004,16
ACGTGCACAAAGCGGCCCCG_005,137
ACGTGCACAAAGCGGCCCCG_006,83
ACGTGCACAAAGCGGCCCCG_007,55
ACGTGCACAAAGCGGCCCCG_008,157
ACGTGCACAAAGCGGCCCCG_009,40
ACGTGCACAAAGCGGCCCCG_010,70
ACGTGCACAAAGCGGCCCCG_011,92
ACGTGCACAAAGCGGCCCCG_012,92
ACGTGCACAAAGCGGCCCCG_013,102
ACGTGCACAAAGCGGCCCCG_014,172
ACGTGCACAAAGCGGCCCCG_015,150
ACGTGCACAAAGCGGCCCCG_016,71
ACGTGCACAAAGCGGCCCCG_017,44
ACGTGCACAAAGCGGCCCCG_018,17
ACGTGCACAAAGCGGCCCCG_019,82
ACGTGCACAAAGCGGCCCCG_020,121
ACGTGCACAAAGCGGCCCCG_021,73
ACGTGCACAAAGCGGCCCCG_022,15
ACGTGCACAAAGCGGCCCCG_023,84
ACGTGCACAAAGCGGCCCCG_024,96
ACGTGCACAAAGCGGCCCCG_025,130
ACGTGCACAAAGCGGCCCCG_026,9
ACGTGCACAAAGCGGCCCCG_027,170
ACGTGCACAAAGCGGCCCCG_028,75
ACGTGCACAAAGCGGCCCCG_029,78
ACGTGCACAAAGCGGCCCCG_030,94
ACGTGCACAAAGCGGCCCCG_031,137
ACGTGCACAAAGCGGCCCCG_032,168
ACGTGCACAAAGCGGCCCCG_033,12
ACGTGCACAAAGCGGCCCCG_034,71
ACTACAGCGAAGGCTACTCG_001,12
ACTACAGCGAAGGCTACTCG_002,170
ACTACAGCGAAGGCTACTCG_003,37
ACTACAGCGAAGGCTACTCG_004,56
ACTACAGCGAAGGCTACTCG_005,19
ACTACAGCGAAGGCTACTCG_006,63
CATGCAAGAAAATATTACAA_001,111
CATGCAAGAAAATATTACAA_002,191
TTGTGAGTGAAGATGGACAC_001,32
TTGTGAGTGAAGATGGACAC_002,76
TTGTGAGTGAAGATGGACAC_003,149
TTGTGAGTGAAGATGGACAC_004,155
TTGTGAGTGAAGATGGACAC_005,170
TTGTGAGTGAAGATGGACAC_006,134
GCAGACGACTGAACACCCGC_001,7
GCAGACGACTGAACACCCGC_002,162
GCAGACGACTGAACACCCGC_003,48
GCAGACGACTGAACACCCGC_004,55
GCAGACGACTGAACACCCGC_005,6
GCAGACGACTGAACACCCGC_006,115
GCAGACGACTGAACACCCGC_007,23
GCAGACGACTGAACACCCGC_008,114
GCAGACGACTGAACACCCGC_009,88
GCAGACGACTGAACACCCGC_010,7
GCAGACGACTGAACACCCGC_011,105
GCAGACGACTGAACACCCGC_012,58
GCAGACGACTGAACACCCGC_013,111
GCAGACGACTGAACACCCGC_014,24
GCAGACGACTGAACACCCGC_015,42
GCAGACGACTGAACACCCGC_016,7
GCAGACGACTGAACACCCGC_017,141
GCAGACGACTGAACACCCGC_018,63
GCAGACGACTGAACACCCGC_019,19
GCAGACGACTGAACACCCGC_020,131
GCAGACGACTGAACACCCGC_021,70
GCAGACGACTGAACACCCGC_022,62
GCAGACGACTGAACACCCGC_023,68
GAGAACTTGGAAGCCCACGA_001,1
GAGAACTTGGAAGCCCACGA_002,141
GAGAACTTGGAAGCCCACGA_003,87
GAGAACTTGGAAGCCCACGA_004,193
GAGAACTTGGAAGCCCACGA_005,190
GAGAACTTGGAAGCCCACGA_006,192
GAGAACTTGGAAGCCCACGA_007,118
GAGAACTTGGAAGCCCACGA_008,40
GAGAACTTGGAAGCCCACGA_009,98
GAGAACTTGGAAGCCCACGA_010,117
GAGAACTTGGAAGCCCACGA_011,121
GAGAACTTGGAAGCCCACGA_012,58
GAGAACTTGGAAGCCCACGA_013,171
GAGAACTTGGAAGCCCACGA_014,114
GAGAACTTGGAAGCCCACGA_015,161
GAGAACTTGGAAGCCCACGA_016,161
GAGAACTTGGAAGCCCACGA_017,193
GAGAACTTGGAAGCCCACGA_018,125
GAGAACTTGGAAGCCCACGA_019,111
GAGAACTTGGAAGCCCACGA_020,28
GAGAACTTGGAAGCCCACGA_021,43
GAGAACTTGGAAGCCCACGA_022,46
GAGAACTTGGAAGCCCACGA_023,185
CATCGTCAGACGCTACAAGG_001,19
CATCGTCAGACGCTACAAGG_002,15
CATCGTCAGACGCTACAAGG_003,40
CATCGTCAGACGCTACAAGG_004,28
CATCGTCAGACGCTACAAGG_005,63
CATCGTCAGACGCTACAAGG_006,184
CATCGTCAGACGCTACAAGG_007,130
CATCGTCAGACGCTACAAGG_008,54
CATCGTCAGACGCTACAAGG_009,33
CATCGTCAGACGCTACAAGG_010,177
CATCGTCAGACGCTACAAGG_011,82
CATCGTCAGACGCTACAAGG_012,123
CATCGTCAGACGCTACAAGG_013,105
CATCGTCAGACGCTACAAGG_014,34
CATCGTCAGACGCTACAAGG_015,3
CATCGTCAGACGCTACAAGG_016,68
CATCGTCAGACGCTACAAGG_017,56
CATCGTCAGACGCTACAAGG_018,166
CATCGTCAGACGCTACAAGG_019,151
CACACAGTGTCCAGATACGA_001,98
CACACAGTGTCCAGATACGA_002,15
CTCCTGTAACTCCTAAGCGA_001,113
CTCCTGTAACTCCTAAGCGA_002,162
CTCCTGTAACTCCTAAGCGA_003,150
CTCCTGTAACTCCTAAGCGA_004,94
AGTGCCTACTGTCTGGACCA_001,172
AGTGCCTACTGTCTGGACCA_002,11
AGTGCCTACTGTCTGGACCA_003,172
TCAGTATCAGATTCATAACA_001,113
TCAGTATCAGATTCATAACA_002,102
GGGAGGTGGCTTTAGGTTTT_001,49
GGGAGGTGGCTTTAGGTTTT_002,111
GGGAGGTGGCTTTAGGTTTT_003,106
GGGAGGTGGCTTTAGGTTTT_004,193
GGGAGGTGGCTTTAGGTTTT_005,103
GGGAGGTGGCTTTAGGTTTT_006,127
GGGAGGTGGCTTTAGGTTTT_007,94
GGGAGGTGGCTTTAGGTTTT_008,13
GGGAGGTGGCTTTAGGTTTT_009,70
GGGAGGTGGCTTTAGGTTTT_010,196
GGGAGGTGGCTTTAGGTTTT_011,2
GGGAGGTGGCTTTAGGTTTT_012,198
GGGAGGTGGCTTTAGGTTTT_013,121
GGGAGGTGGCTTTAGGTTTT_014,88
GGGAGGTGGCTTTAGGTTTT_015,145
GGGAGGTGGCTTTAGGTTTT_016,48
GGGAGGTGGCTTTAGGTTTT_017,145
TGTGGAATCAAATGACAGCG_001,47
TGTGGAATCAAATGACAGCG_002,114
TGTGGAATCAAATGACAGCG_003,166
TGTGGAATCAAATGACAGCG_004,190
TGTGGAATCAAATGACAGCG_005,197
TGTGGAATCAAATGACAGCG_006,191
TGTGGAATCAAATGACAGCG_007,145
TGTGGAATCAAATGACAGCG_008,47
TGTGGAATCAAATGACAGCG_009,47
TGTGGAATCAAATGACAGCG_010,97
TGTGGAATCAAATGACAGCG_011,108
TGTGGAATCAAATGACAGCG_012,178
TGTGGAATCAAATGACAGCG_013,52
TGTGGAATCAAATGACAGCG_014,50
TGTGGAATCAAATGACAGCG_015,127
CTTGGCCAGGGCAAACAGCG_001,165
CTTGGCCAGGGCAAACAGCG_002,136
CTTGGCCAGGGCAAACAGCG_003,19
CTTGGCCAGGGCAAACAGCG_004,137
CTTGGCCAGGGCAAACAGCG_005,189
CTTGGCCAGGGCAAACAGCG_006,88
CTTGGCCAGGGCAAACAGCG_007,2
CTTGGCCAGGGCAAACAGCG_008,44
CTTGGCCAGGGCAAACAGCG_009,113
CTTGGCCAGGGCAAACAGCG_010,8
CTTGGCCAGGGCAAACAGCG_011,151
CTTGGCCAGGGCAAACAGCG_012,26
CTTGGCCAGGGCAAACAGCG_013,112
CTTGGCCAGGGCAAACAGCG_014,33
CTTGGCCAGGGCAAACAGCG_015,68
CTTGGCCAGGGCAAACAGCG_016,181
CTTGGCCAGGGCAAACAGCG_017,188
CTTGGCCAGGGCAAACAGCG_018,11
CTTGGCCAGGGCAAACAGCG_019,8
CTTGGCCAGGGCAAACAGCG_020,45
CTTGGCCAGGGCAAACAGCG_021,181
CTTGGCCAGGGCAAACAGCG_022,9
CTTGGCCAGGGCAAACAGCG_023,81
CTTGGCCAGGGCAAACAGCG_024,121
CTTGGCCAGGGCAAACAGCG_025,8
CTTGGCCAGGGCAAACAGCG_026,10
CTTGGCCAGGGCAAACAGCG_027,34
TAGTACAGCGAATAGCCGAT_001,76
AAGGCTGTACGAGTTCGAAG_001,12
AAGGCTGTACGAGTTCGAAG_002,181
AAGGCTGTACGAGTTCGAAG_003,137
AAGGCTGTACGAGTTCGAAG_004,70
AAGGCTGTACGAGTTCGAAG_005,68
AAGGCTGTACGAGTTCGAAG_006,2
AAGGCTGTACGAGTTCGAAG_007,19
AAGGCTGTACGAGTTCGAAG_008,94
TAAACACGATGACCCTGCCT_001,32
TAAACACGATGACCCTGCCT_002,63
TAAACACGATGACCCTGCCT_003,88
TAAACACGATGACCCTGCCT_004,84
TAAACACGATGACCCTGCCT_005,11
TAAACACGATGACCCTGCCT_006,198
TAAACACGATGACCCTGCCT_007,138
TAAACACGATGACCCTGCCT_008,117
AGGAAGACTATGATCGACTG_001,106
AGGAAGACTATGATCGACTG_002,43
GATCATTCAACATAGATACT_001,194
GATCATTCAACATAGATACT_002,76
GATCATTCAACATAGATACT_003,72
GATCATTCAACATAGATACT_004,52
GATCATTCAACATAGATACT_005,106
GATCATTCAACATAGATACT_006,191
GGGGAAGGCTCTTTAAAGCG_001,63
GGGGAAGGCTCTTTAAAGCG_002,56
GGGGAAGGCTCTTTAAAGCG_003,198
GACCAATCACCAACTCACGG_001,101
GACCAATCACCAACTCACGG_002,26
GACCAATCACCAACTCACGG_003,68
GACCAATCACCAACTCACGG_004,42
GACCAATCACCAACTCACGG_005,154
GACCAATCACCAACTCACGG_006,169
GACCAATCACCAACTCACGG_007,169
GACCAATCACCAACTCACGG_008,168
GACCAATCACCAACTCACGG_009,134
GACCAATCACCAACTCACGG_010,40
GACCAATCACCAACTCACGG_011,86
GACCAATCACCAACTCACGG_012,127
GACCAATCACCAACTCACGG_013,95
GACCAATCACCAACTCACGG_014,5
GACCAATCACCAACTCACGG_015,81
GACCAATCACCAACTCACGG_016,184
GACCAATCACCAACTCACGG_017,66
GACCAATCACCAACTCACGG_018,100
GACCAATCACCAACTCACGG_019,108
GACAGTCATTGATTTCACCG_001,43
GACAGTCATTGATTTCACCG_002,198
GACAGTCATTGATTTCACCG_003,176
GACAGTCATTGATTTCACCG_004,144
GACAGTCATTGATTTCACCG_005,138
GGAGCTTGATCATAAGCAGG_001,77
GGAGCTTGATCATAAGCAGG_002,162
GGAGCTTGATCATAAGCAGG_003,62
GGAGCTTGATCATAAGCAGG_004,76
GGAGCTTGATCATAAGCAGG_005,58
GGAGCTTGATCATAAGCAGG_006,93
GGAGCTTGATCATAAGCAGG_007,197
GGAGCTTGATCATAAGCAGG_008,49
GGAGCTTGATCATAAGCAGG_009,110
GGAGCTTGATCATAAGCAGG_010,193
GGAGCTTGATCATAAGCAGG_011,132
GGAAGGTGTCAGGCAGTCGT_001,40
GGAAGGTGTCAGGCAGTCGT_002,147
GGAAGGTGTCAGGCAGTCGT_003,7
GGAAGGTGTCAGGCAGTCGT_004,50
GGAAGGTGTCAGGCAGTCGT_005,160
GGAAGGTGTCAGGCAGTCGT_006,146
GGAAGGTGTCAGGCAGTCGT_007,12
GGAAGGTGTCAGGCAGTCGT_008,2
GGAAGGTGTCAGGCAGTCGT_009,121
GGAAGGTGTCAGGCAGTCGT_010,37
GGAAGGTGTCAGGCAGTCGT_011,52
GGAAGGTGTCAGGCAGTCGT_012,6
GAAACGAGACTTCATCGACC_001,46
CATCTAGGAGCATCTACCCA_001,174
CATCTAGGAGCATCTACCCA_002,185
CATCTAGGAGCATCTACCCA_003,94
CATCTAGGAGCATCTACCCA_004,151
CATCTAGGAGCATCTACCCA_005,107
CATCTAGGAGCATCTACCCA_006,174
CATCTAGGAGCATCTACCCA_007,58
CATCTAGGAGCATCTACCCA_008,43
CATCTAGGAGCATCTACCCA_009,15
CATCTAGGAGCATCTACCCA_010,198
CATCTAGGAGCATCTACCCA_011,48
CATCTAGGAGCATCTACCCA_012,72
CATCTAGGAGCATCTACCCA_013,72
TTAATGGTGAAATTGACAGG_001,198
TTAATGGTGAAATTGACAGG_002,185
TTAATGGTGAAATTGACAGG_003,27
TTAATGGTGAAATTGACAGG_004,171
TTAATGGTGAAATTGACAGG_005,177
TTAATGGTGAAATTGACAGG_006,160
TTAATGGTGAAATTGACAGG_007,9
TTAATGGTGAAATTGACAGG_008,56
TTAATGGTGAAATTGACAGG_009,188
TTAATGGTGAAATTGACAGG_010,62
TTAATGGTGAAATTGACAGG_011,6
TTAATGGTGAAATTGACAGG_012,19
CCTGATTAATGATGAACTAG_001,196
CCTGATTAATGATGAACTAG_002,19
CCTGATTAATGATGAACTAG_003,106
CCTGATTAATGATGAACTAG_004,81
CCTGATTAATGATGAACTAG_005,39
TCCGGCAGCCAGACTCCGGG_001,65
TCCGGCAGCCAGACTCCGGG_002,6
TCCGGCAGCCAGACTCCGGG_003,80
TCCGGCAGCCAGACTCCGGG_004,188
TCCGGCAGCCAGACTCCGGG_005,115
TCCGGCAGCCAGACTCCGGG_006,19
TCCGGCAGCCAGACTCCGGG_007,49
TCCGGCAGCCAGACTCCGGG_008,26
TCCGGCAGCCAGACTCCGGG_009,166
TCCGGCAGCCAGACTCCGGG_010,62
TCCGGCAGCCAGACTCCGGG_011,128
TCCGGCAGCCAGACTCCGGG_012,170
TCCGGCAGCCAGACTCCGGG_013,58
TCCGGCAGCCAGACTCCGGG_014,58
TCCGGCAGCCAGACTCCGGG_015,168
TCCGGCAGCCAGACTCCGGG_016,7
GGAAATCCATCATGGACTGT_001,48
GGAAATCCATCATGGACTGT_002,59
GGAAATCCATCATGGACTGT_003,24
GGAAATCCATCATGGACTGT_004,1
GGAAATCCATCATGGACTGT_005,130
GGAAATCCATCATGGACTGT_006,68
GGAAATCCATCATGGACTGT_007,2
GGAAATCCATCATGGACTGT_008,62
GGAAATCCATCATGGACTGT_009,150
GGAAATCCATCATGGACTGT_010,141
GGAAATCCATCATGGACTGT_011,199
GGAAATCCATCATGGACTGT_012,130
GGAAATCCATCATGGACTGT_013,197
AAGGTGCAGAGGGCCACGCT_001,163
AAGGTGCAGAGGGCCACGCT_002,111
AAGGTGCAGAGGGCCACGCT_003,111
AAGGTGCAGAGGGCCACGCT_004,117
AAGGTGCAGAGGGCCACGCT_005,72
AAGGTGCAGAGGGCCACGCT_006,16
AAGGTGCAGAGGGCCACGCT_007,198
AAGGTGCAGAGGGCCACGCT_008,191
AAGGTGCAGAGGGCCACGCT_009,12
GGAGTCAGTCCCAGGCATTG_001,45
GGAGTCAGTCCCAGGCATTG_002,93
GGAGTCAGTCCCAGGCATTG_003,105
GGAGTCAGTCCCAGGCATTG_004,166
GGAGTCAGTCCCAGGCATTG_005,29
GGAGTCAGTCCCAGGCATTG_006,181
GGAGTCAGTCCCAGGCATTG_007,44
GGAGTCAGTCCCAGGCATTG_008,160
GGAGTCAGTCCCAGGCATTG_009,198
GGAGTCAGTCCCAGGCATTG_010,93
GGAGTCAGTCCCAGGCATTG_011,58
GGAGTCAGTCCCAGGCATTG_012,40
GGAGTCAGTCCCAGGCATTG_013,3
GGAGTCAGTCCCAGGCATTG_014,147
GGAGTCAGTCCCAGGCATTG_015,50
GGAGTCAGTCCCAGGCATTG_016,162
GGAGTCAGTCCCAGGCATTG_017,183
GGAGTCAGTCCCAGGCATTG_018,45
GGAGTCAGTCCCAGGCATTG_019,58
GGAGTCAGTCCCAGGCATTG_020,120
GGAGTCAGTCCCAGGCATTG_021,57
GGAGTCAGTCCCAGGCATTG_022,181
GGAGTCAGTCCCAGGCATTG_023,88
GGAGTCAGTCCCAGGCATTG_024,65
GGAGTCAGTCCCAGGCATTG_025,15
GGAGTCAGTCCCAGGCATTG_026,69
ACAGCCATGAGATCATGGGG_001,67
ACAGCCATGAGATCATGGGG_002,64
TCACTCCAAGCACCCAACAG_001,127
TCACTCCAAGCACCCAACAG_002,4
TCACTCCAAGCACCCAACAG_003,108
TCACTCCAAGCACCCAACAG_004,131
TCACTCCAAGCACCCAACAG_005,156
TCACTCCAAGCACCCAACAG_006,42
TCACTCCAAGCACCCAACAG_007,156
TCACTCCAAGCACCCAACAG_008,102
TCACTCCAAGCACCCAACAG_009,133
TCACTCCAAGCACCCAACAG_010,66
TCACTCCAAGCACCCAACAG_011,37
TCACTCCAAGCACCCAACAG_012,190
TCACTCCAAGCACCCAACAG_013,54
TCACTCCAAGCACCCAACAG_014,77
TCACTCCAAGCACCCAACAG_015,188
TCACTCCAAGCACCCAACAG_016,144
TCACTCCAAGCACCCAACAG_017,6
TCAGTGGGATAATCCAGCAC_001,17
TCAGTGGGATAATCCAGCAC_002,58
TCAGTGGGATAATCCAGCAC_003,76
TCAGTGGGATAATCCAGCAC_004,49
TCCAACATAACCTCGGACAT_001,8
TCCAACATAACCTCGGACAT_002,135
TCCAACATAACCTCGGACAT_003,97
TCCAACATAACCTCGGACAT_004,125
TCCAACATAACCTCGGACAT_005,169
AGAGGCACACCTCCACCTCG_001,171
AGAGGCACACCTCCACCTCG_002,130
AGAGGCACACCTCCACCTCG_003,17
AGAGGCACACCTCCACCTCG_004,153
AGAGGCACACCTCCACCTCG_005,102
AGAGGCACACCTCCACCTCG_006,131
AGAGGCACACCTCCACCTCG_007,60
AGAGGCACACCTCCACCTCG_008,107
AGAGGCACACCTCCACCTCG_009,115
AGAGGCACACCTCCACCTCG_010,197
AGAGGCACACCTCCACCTCG_011,48
AGAGGCACACCTCCACCTCG_012,22
AGAGGCACACCTCCACCTCG_013,155
AGAGGCACACCTCCACCTCG_014,146
AGAGGCACACCTCCACCTCG_015,76
AGAGGCACACCTCCACCTCG_016,137
AGAGGCACACCTCCACCTCG_017,48
AGAGGCACACCTCCACCTCG_018,127
AGAGGCACACCTCCACCTCG_019,118
AGAGGCACACCTCCACCTCG_020,17
AGAGGCACACCTCCACCTCG_021,141
AGAGGCACACCTCCACCTCG_022,172
AGAGGCACACCTCCACCTCG_023,117
AGAGGCACACCTCCACCTCG_024,33
AGAGGCACACCTCCACCTCG_025,102
AGAGGCACACCTCCACCTCG_026,62
AGAGGCACACCTCCACCTCG_027,17
AGAGGCACACCTCCACCTCG_028,41
AGAGGCACACCTCCACCTCG_029,86
AGAGGCACACCTCCACCTCG_030,190
AGAGGCACACCTCCACCTCG_031,78
AGAGGCACACCTCCACCTCG_032,94
AGAGGCACACCTCCACCTCG_033,150
AGAGGCACACCTCCACCTCG_034,176
AGAGGCACACCTCCACCTCG_035,140
AGAGGCACACCTCCACCTCG_036,17
AGAGGCACACCTCCACCTCG_037,175
AGAGGCACACCTCCACCTCG_038,167
AGAGGCACACCTCCACCTCG_039,50
AGAGGCACACCTCCACCTCG_040,34
AGAGGCACACCTCCACCTCG_041,16
AGAGGCACACCTCCACCTCG_042,2
AGAGGCACACCTCCACCTCG_043,159
AGAGGCACACCTCCACCTCG_044,12
AGAGGCACACCTCCACCTCG_045,17
AGAGGCACACCTCCACCTCG_046,192
AGAGGCACACCTCCACCTCG_047,85
AGAGGCACACCTCCACCTCG_048,162
AGAGGCACACCTCCACCTCG_049,88
AGAGGCACACCTCCACCTCG_050,131
AGAGGCACACCTCCACCTCG_051,12
AGAGGCACACCTCCACCTCG_052,164
AGAGGCACACCTCCACCTCG_053,77
AGAGGCACACCTCCACCTCG_054,10
AGAGGCACACCTCCACCTCG_055,16
AGAGGCACACCTCCACCTCG_056,0
AGAGGCACACCTCCACCTCG_057,130
AGAGGCACACCTCCACCTCG_058,93
AGAGGCACACCTCCACCTCG_059,78
GCGGAACCGGAGCAAGCTGT_001,186
GCGGAACCGGAGCAAGCTGT_002,194
GCGGAACCGGAGCAAGCTGT_003,8
GCGGAACCGGAGCAAGCTGT_004,1
GCGGAACCGGAGCAAGCTGT_005,52
GCGGAACCGGAGCAAGCTGT_006,19
GCGGAACCGGAGCAAGCTGT_007,12
GCGGAACCGGAGCAAGCTGT_008,76
GCGGAACCGGAGCAAGCTGT_009,1
GCGGAACCGGAGCAAGCTGT_010,198
GCGGAACCGGAGCAAGCTGT_011,130
GCGGAACCGGAGCAAGCTGT_012,77
GCGGAACCGGAGCAAGCTGT_013,40
GCGGAACCGGAGCAAGCTGT_014,179
TGTCATCACAAGCATCTTCT_001,125
TGTCATCACAAGCATCTTCT_002,48
TGTCATCACAAGCATCTTCT_003,67
TGTCATCACAAGCATCTTCT_004,100
TGTCATCACAAGCATCTTCT_005,198
TGTCATCACAAGCATCTTCT_006,117
TGTCATCACAAGCATCTTCT_007,149
TGTCATCACAAGCATCTTCT_008,61
TGTCATCACAAGCATCTTCT_009,99
TGTCATCACAAGCATCTTCT_010,171
TGTCATCACAAGCATCTTCT_011,36
TGTCATCACAAGCATCTTCT_012,9
TGTCATCACAAGCATCTTCT_013,180
TGGGCACATTGACTTCTCCG_001,48
TGGGCACATTGACTTCTCCG_002,83
ACATACCAAGAGAATCACCC_001,45
ACATACCAAGAGAATCACCC_002,151
ACATACCAAGAGAATCACCC_003,68
ACATACCAAGAGAATCACCC_004,185
ACATACCAAGAGAATCACCC_005,88
AGAAGCCGGAAAATCCAGGT_001,82
AGAAGCCGGAAAATCCAGGT_002,82
AGAAGCCGGAAAATCCAGGT_003,22
AGAAGCCGGAAAATCCAGGT_004,199
AGAAGCCGGAAAATCCAGGT_005,12
AGAAGCCGGAAAATCCAGGT_006,149
AGAAGCCGGAAAATCCAGGT_007,134
AGAAGCCGGAAAATCCAGGT_008,118
AGAAGCCGGAAAATCCAGGT_009,65
AGAAGCCGGAAAATCCAGGT_010,184
AGAAGCCGGAAAATCCAGGT_011,41
AGAAGCCGGAAAATCCAGGT_012,40
GTTGGACTATTTAGGTCAGG_001,157
GTTGGACTATTTAGGTCAGG_002,161
GTTGGACTATTTAGGTCAGG_003,36
GTTGGACTATTTAGGTCAGG_004,41
GTTGGACTATTTAGGTCAGG_005,24
GTTGGACTATTTAGGTCAGG_006,70
GTTGGACTATTTAGGTCAGG_007,198
CCTGCTCCAAGGATCTATCA_001,197
CCTGCTCCAAGGATCTATCA_002,198
CCTGCTCCAAGGATCTATCA_003,26
CCTGCTCCAAGGATCTATCA_004,67
CCTGCTCCAAGGATCTATCA_005,35
CCTGCTCCAAGGATCTATCA_006,41
GTAGGTCCTCAGAGCGCGTG_001,0
GTAGGTCCTCAGAGCGCGTG_002,137
GTAGGTCCTCAGAGCGCGTG_003,70
GTAGGTCCTCAGAGCGCGTG_004,185
GTAGGTCCTCAGAGCGCGTG_005,113
GTAGGTCCTCAGAGCGCGTG_006,92
GTAGGTCCTCAGAGCGCGTG_007,25
GTAGGTCCTCAGAGCGCGTG_008,158
GTAGGTCCTCAGAGCGCGTG_009,184
GTAGGTCCTCAGAGCGCGTG_010,159
GTAGGTCCTCAGAGCGCGTG_011,30
GTAGGTCCTCAGAGCGCGTG_012,106
GTAGGTCCTCAGAGCGCGTG_013,78
GTAGGTCCTCAGAGCGCGTG_014,20
GTAGGTCCTCAGAGCGCGTG_015,136
GTAGGTCCTCAGAGCGCGTG_016,10
GTAGGTCCTCAGAGCGCGTG_017,0
GTAGGTCCTCAGAGCGCGTG_018,103
GTAGGTCCTCAGAGCGCGTG_019,23
GTAGGTCCTCAGAGCGCGTG_020,23
GTAGGTCCTCAGAGCGCGTG_021,75
GTAGGTCCTCAGAGCGCGTG_022,116
GTAGGTCCTCAGAGCGCGTG_023,61
GTAGGTCCTCAGAGCGCGTG_024,174
GTAGGTCCTCAGAGCGCGTG_025,151
GTAGGTCCTCAGAGCGCGTG_026,197
GTAGGTCCTCAGAGCGCGTG_027,103
GTAGGTCCTCAGAGCGCGTG_028,117
GTAGGTCCTCAGAGCGCGTG_029,130
GTAGGTCCTCAGAGCGCGTG_030,17
GTAGGTCCTCAGAGCGCGTG_031,9
GTAGGTCCTCAGAGCGCGTG_032,20
GTAGGTCCTCAGAGCGCGTG_033,68
GTAGGTCCTCAGAGCGCGTG_034,49
GTAGGTCCTCAGAGCGCGTG_035,138
GTAGGTCCTCAGAGCGCGTG_036,94
GTAGGTCCTCAGAGCGCGTG_037,88
TCTGCGTACAGTGCTCCCGG_001,23
TCTGCGTACAGTGCTCCCGG_002,194
TCTGCGTACAGTGCTCCCGG_003,188
AGAGATCCGGCAGAGTGACG_001,158
AGAGATCCGGCAGAGTGACG_002,144
AGAGATCCGGCAGAGTGACG_003,115
AGAGATCCGGCAGAGTGACG_004,1
AGAGATCCGGCAGAGTGACG_005,3
AGAGATCCGGCAGAGTGACG_006,47
AGAGATCCGGCAGAGTGACG_007,161
AGAGATCCGGCAGAGTGACG_008,152
AGAGATCCGGCAGAGTGACG_009,110
AGAGATCCGGCAGAGTGACG_010,3
AGAGATCCGGCAGAGTGACG_011,74
AGAGATCCGGCAGAGTGACG_012,28
AGAGATCCGGCAGAGTGACG_013,142
CTTACGAAGATTATTTATGG_001,76
CTTACGAAGATTATTTATGG_002,149
CTTACGAAGATTATTTATGG_003,121
CTTACGAAGATTATTTATGG_004,29
AGCAGCACATACCTTAGCAC_001,19
AGCAGCACATACCTTAGCAC_002,92
TTAGACAACTGTCATTACAC_001,93
TTAGACAACTGTCATTACAC_002,182
TTAGACAACTGTCATTACAC_003,113
TTAGACAACTGTCATTACAC_004,122
TTAGACAACTGTCATTACAC_005,66
CCAATGAATACAGATAGGCA_001,56
CCAATGAATACAGATAGGCA_002,1
CCAATGAATACAGATAGGCA_003,182
CCAATGAATACAGATAGGCA_004,183
CCAATGAATACAGATAGGCA_005,121
CCAATGAATACAGATAGGCA_006,75
CCAATGAATACAGATAGGCA_007,58
CCAATGAATACAGATAGGCA_008,10
CCAATGAATACAGATAGGCA_009,149
AAGCAGTGCTTGAATTGTGT_001,169
AAGCAGTGCTTGAATTGTGT_002,65
AAGCAGTGCTTGAATTGTGT_003,190
AAGCAGTGCTTGAATTGTGT_004,169
AAGCAGTGCTTGAATTGTGT_005,160
AAGCAGTGCTTGAATTGTGT_006,163
AAGCAGTGCTTGAATTGTGT_007,1
AAGCAGTGCTTGAATTGTGT_008,16
AAGCAGTGCTTGAATTGTGT_009,9
CTTAGGCTTCGCTTCCTACG_001,95
TAGGTGCCACCTGATCACTA_001,169
TAGGTGCCACCTGATCACTA_002,160
TAGGTGCCACCTGATCACTA_003,86
TAGGTGCCACCTGATCACTA_004,152
TAGGTGCCACCTGATCACTA_005,80
TAGGTGCCACCTGATCACTA_006,60
GGACGCTCTTGAAATCGCCG_001,116
GGACGCTCTTGAAATCGCCG_002,38
GGACGCTCTTGAAATCGCCG_003,143
GGACGCTCTTGAAATCGCCG_004,111
AGCGCATGGTCGGAGAACTC_001,174
AGCGCATGGTCGGAGAACTC_002,49
AGCGCATGGTCGGAGAACTC_003,102
AGCGCATGGTCGGAGAACTC_004,140
AGCGCATGGTCGGAGAACTC_005,6
AGCGCATGGTCGGAGAACTC_006,42
AGCGCATGGTCGGAGAACTC_007,152
AGCGCATGGTCGGAGAACTC_008,124
AGCGCATGGTCGGAGAACTC_009,48
AGCGCATGGTCGGAGAACTC_010,138
AGCGCATGGTCGGAGAACTC_011,3
AGCGCATGGTCGGAGAACTC_012,105
AGCGCATGGTCGGAGAACTC_013,104
AATTAGCCTTACGTGCCATG_001,152
AATTAGCCTTACGTGCCATG_002,169
AATTAGCCTTACGTGCCATG_003,138
AATTAGCCTTACGTGCCATG_004,181
AATTAGCCTTACGTGCCATG_005,121
AATTAGCCTTACGTGCCATG_006,18
AATTAGCCTTACGTGCCATG_007,83
AATTAGCCTTACGTGCCATG_008,78
AATTAGCCTTACGTGCCATG_009,94
AATTAGCCTTACGTGCCATG_010,106
AACTGGCCGAAGTCGCTCCA_001,189
AACTGGCCGAAGTCGCTCCA_002,146
AACTGGCCGAAGTCGCTCCA_003,23
AACTGGCCGAAGTCGCTCCA_004,48
AACTGGCCGAAGTCGCTCCA_005,121
AACTGGCCGAAGTCGCTCCA_006,160
AACTGGCCGAAGTCGCTCCA_007,156
AACTGGCCGAAGTCGCTCCA_008,168
AACTGGCCGAAGTCGCTCCA_009,118
AACTGGCCGAAGTCGCTCCA_010,192
AACTGGCCGAAGTCGCTCCA_011,149
AACTGGCCGAAGTCGCTCCA_012,145
AACTGGCCGAAGTCGCTCCA_013,17
AACTGGCCGAAGTCGCTCCA_014,116
AACTGGCCGAAGTCGCTCCA_015,20
AACTGGCCGAAGTCGCTCCA_016,170
AACTGGCCGAAGTCGCTCCA_017,94
AACTGGCCGAAGTCGCTCCA_018,184
CAAGGAGGCAACCAGCCCCA_001,113
CAAGGAGGCAACCAGCCCCA_002,133
CAAGGAGGCAACCAGCCCCA_003,159
CAAGGAGGCAACCAGCCCCA_004,96
CAAGGAGGCAACCAGCCCCA_005,194
CAAGGAGGCAACCAGCCCCA_006,194
CAAGGAGGCAACCAGCCCCA_007,150
CAAGGAGGCAACCAGCCCCA_008,158
CAAGGAGGCAACCAGCCCCA_009,60
CAAGGAGGCAACCAGCCCCA_010,86
CAAGGAGGCAACCAGCCCCA_011,172
CAAGGAGGCAACCAGCCCCA_012,61
CAAGGAGGCAACCAGCCCCA_013,107
CAAGGAGGCAACCAGCCCCA_014,112
CAAGGAGGCAACCAGCCCCA_015,81
CAAGGAGGCAACCAGCCCCA_016,60
CAAGGAGGCAACCAGCCCCA_017,116
CAAGGAGGCAACCAGCCCCA_018,5
CAAGGAGGCAACCAGCCCCA_019,139
CAAGGAGGCAACCAGCCCCA_020,19
CAAGGAGGCAACCAGCCCCA_021,10
TGCAGTCACAAAGAAAACCC_001,60
TGCAGTCACAAAGAAAACCC_002,151
TGCAGTCACAAAGAAAACCC_003,77
AAATCTCAGAAATCTGAACA_001,119
AAATCTCAGAAATCTGAACA_002,13
AAATCTCAGAAATCTGAACA_003,145
AAATCTCAGAAATCTGAACA_004,80
AAATCTCAGAAATCTGAACA_005,168
AAATCTCAGAAATCTGAACA_006,144
TTGAGATAGCTGGAGTGCAG_001,8
TTGAGATAGCTGGAGTGCAG_002,176
TTGAGATAGCTGGAGTGCAG_003,51
TTGAGATAGCTGGAGTGCAG_004,138
TTGAGATAGCTGGAGTGCAG_005,138
AGTGTGGCTGGGTCACGACA_001,158
AGTGTGGCTGGGTCACGACA_002,30
AGTGTGGCTGGGTCACGACA_003,182
AGTGTGGCTGGGTCACGACA_004,122
TCATTGATCTCTCCAAACCG_001,1
AAATCTCAGATGACAGAACC_001,42
AAATCTCAGATGACAGAACC_002,141
AAATCTCAGATGACAGAACC_003,108
ATTTCACGCAGTCAAGACCA_001,123
ATTTCACGCAGTCAAGACCA_002,16
ATTTCACGCAGTCAAGACCA_003,130
ATTTCACGCAGTCAAGACCA_004,171
ATTTCACGCAGTCAAGACCA_005,53
ATTTCACGCAGTCAAGACCA_006,152
ATTTCACGCAGTCAAGACCA_007,59
ATTTCACGCAGTCAAGACCA_008,68
ATTTCACGCAGTCAAGACCA_009,152
ATTTCACGCAGTCAAGACCA_010,52
ATTTCACGCAGTCAAGACCA_011,21
ATTTCACGCAGTCAAGACCA_012,2
ATTTCACGCAGTCAAGACCA_013,152
ATTTCACGCAGTCAAGACCA_014,172
ATTTCACGCAGTCAAGACCA_015,3
ATTTCACGCAGTCAAGACCA_016,25
ATTTCACGCAGTCAAGACCA_017,99
ATTTCACGCAGTCAAGACCA_018,141
ATTTCACGCAGTCAAGACCA_019,71
ATTTCACGCAGTCAAGACCA_020,24
TTGTAGGAAGACACTACTGT_001,17
TGAGGTAAGTGATTGACGAC_001,148
TGAGGTAAGTGATTGACGAC_002,127
GCTGCGTGGCGAAGTCCGGG_001,150
GCTGCGTGGCGAAGTCCGGG_002,120
GCTGCGTGGCGAAGTCCGGG_003,199
GCTGCGTGGCGAAGTCCGGG_004,108
GCTGCGTGGCGAAGTCCGGG_005,172
GCTGCGTGGCGAAGTCCGGG_006,8
GCTGCGTGGCGAAGTCCGGG_007,16
GCTGCGTGGCGAAGTCCGGG_008,138
GCTGCGTGGCGAAGTCCGGG_009,10
GCTGCGTGGCGAAGTCCGGG_010,25
GCTGCGTGGCGAAGTCCGGG_011,51
GCTGCGTGGCGAAGTCCGGG_012,147
AGAAGACAGTCACCACTCTG_001,58
AGAAGACAGTCACCACTCTG_002,58
AGAAGACAGTCACCACTCTG_003,42
AGAAGACAGTCACCACTCTG_004,112
AGAAGACAGTCACCACTCTG_005,50
AGAAGACAGTCACCACTCTG_006,141
AGAAGACAGTCACCACTCTG_007,152
AGAAGACAGTCACCACTCTG_008,170
AGAAGACAGTCACCACTCTG_009,173
AGAAGACAGTCACCACTCTG_010,145
AGAAGACAGTCACCACTCTG_011,175
AGAAGACAGTCACCACTCTG_012,98
AGAAGACAGTCACCACTCTG_013,82
AGAAGACAGTCACCACTCTG_014,127
AGAAGACAGTCACCACTCTG_015,6
AGAAGACAGTCACCACTCTG_016,10
AGAAGACAGTCACCACTCTG_017,62
AGAAGACAGTCACCACTCTG_018,78
AGAAGACAGTCACCACTCTG_019,116
CCTCTAAATAATCAGCCACG_001,70
TCCGGCCTGGAACTTCAAGG_001,115
TCCGGCCTGGAACTTCAAGG_002,113
TCCGGCCTGGAACTTCAAGG_003,155
TCCGGCCTGGAACTTCAAGG_004,64
CTCATTAATGAAGATCCAAG_001,172
CTCATTAATGAAGATCCAAG_002,124
CTCATTAATGAAGATCCAAG_003,41
TCTCATACCAAAATCGCCTG_001,3
CGACAGGTCGAGCACCCGAA_001,183
CGACAGGTCGAGCACCCGAA_002,46
CGACAGGTCGAGCACCCGAA_003,34
CGACAGGTCGAGCACCCGAA_004,15
GAAGAAAAGTCCCAACGAGC_001,178
GAAGAAAAGTCCCAACGAGC_002,29
TTATTTCTAACTAGACAGGA_001,15
TTATTTCTAACTAGACAGGA_002,124
TTATTTCTAACTAGACAGGA_003,76
TTATTTCTAACTAGACAGGA_004,103
TTATTTCTAACTAGACAGGA_005,48
TTATTTCTAACTAGACAGGA_006,19
TTATTTCTAACTAGACAGGA_007,14
TTATTTCTAACTAGACAGGA_008,46
TTATTTCTAACTAGACAGGA_009,104
TTATTTCTAACTAGACAGGA_010,134
TTATTTCTAACTAGACAGGA_011,174
TTATTTCTAACTAGACAGGA_012,56
TTATTTCTAACTAGACAGGA_013,171
TTGGCCTGGCAACTTAACCG_001,131
TTGGCCTGGCAACTTAACCG_002,7
TTGGCCTGGCAACTTAACCG_003,120
TTGGCCTGGCAACTTAACCG_004,114
TTGGCCTGGCAACTTAACCG_005,118
TTGGCCTGGCAACTTAACCG_006,172
AAATCTTCGATACGCCACAA_001,101
AAATCTTCGATACGCCACAA_002,172
AAATCTTCGATACGCCACAA_003,0
CTGACTCGTAAACTGCGCAC_001,40
CTGACTCGTAAACTGCGCAC_002,51
GCATCTCGTCCAAGGCTATG_001,170
GCATCTCGTCCAAGGCTATG_002,151
GCATCTCGTCCAAGGCTATG_003,110
GCATCTCGTCCAAGGCTATG_004,99
GCATCTCGTCCAAGGCTATG_005,63
GCATCTCGTCCAAGGCTATG_006,17
GCATCTCGTCCAAGGCTATG_007,77
GCATCTCGTCCAAGGCTATG_008,23
GCATCTCGTCCAAGGCTATG_009,116
GCATCTCGTCCAAGGCTATG_010,17
GCATCTCGTCCAAGGCTATG_011,62
GCATCTCGTCCAAGGCTATG_012,62
GCATCTCGTCCAAGGCTATG_013,177
GCATCTCGTCCAAGGCTATG_014,12
CTGTAGGTTTAGCAACACGG_001,55
CTGTAGGTTTAGCAACACGG_002,118
CTGTAGGTTTAGCAACACGG_003,52
CTGTAGGTTTAGCAACACGG_004,177
CTGTAGGTTTAGCAACACGG_005,78
CTGTAGGTTTAGCAACACGG_006,35
CTGTAGGTTTAGCAACACGG_007,150
CTGTAGGTTTAGCAACACGG_008,76
CTGTAGGTTTAGCAACACGG_009,185
CTGTAGGTTTAGCAACACGG_010,188
CTGTAGGTTTAGCAACACGG_011,138
CTGTAGGTTTAGCAACACGG_012,188
CTGTAGGTTTAGCAACACGG_013,184
CTGTAGGTTTAGCAACACGG_014,121
CTGTAGGTTTAGCAACACGG_015,20
AAGCCAGTGCCTGTCATGTG_001,196
AAGCCAGTGCCTGTCATGTG_002,182
AAGCCAGTGCCTGTCATGTG_003,42
AAGCCAGTGCCTGTCATGTG_004,130
ACCAAGTAGACTTCGCTCGT_001,42
ACCAAGTAGACTTCGCTCGT_002,150
ACCAAGTAGACTTCGCTCGT_003,88
ACCAAGTAGACTTCGCTCGT_004,60
ACCAAGTAGACTTCGCTCGT_005,94
ACCAAGTAGACTTCGCTCGT_006,78
AGTACTTCTTCTCGTAGTGG_001,8
AGTCCTGACAAGAAGGAATG_001,22
AGTCCTGACAAGAAGGAATG_002,60
AGTCCTGACAAGAAGGAATG_003,65
AGTCCTGACAAGAAGGAATG_004,12
AGTCCTGACAAGAAGGAATG_005,94
AGTCCTGACAAGAAGGAATG_006,128
AGTCCTGACAAGAAGGAATG_007,160
AGTCCTGACAAGAAGGAATG_008,151
AGTCCTGACAAGAAGGAATG_009,97
AGTCCTGACAAGAAGGAATG_010,148
AGTCCTGACAAGAAGGAATG_011,94
AGTCCTGACAAGAAGGAATG_012,182
AGTCCTGACAAGAAGGAATG_013,118
AGTCCTGACAAGAAGGAATG_014,124
CCTAGCTTGCCAGCAAAGCA_001,2
CCTAGCTTGCCAGCAAAGCA_002,1
CCTAGCTTGCCAGCAAAGCA_003,41
CCTAGCTTGCCAGCAAAGCA_004,60
CCTAGCTTGCCAGCAAAGCA_005,30
CCTAGCTTGCCAGCAAAGCA_006,158
CCTAGCTTGCCAGCAAAGCA_007,81
CCTAGCTTGCCAGCAAAGCA_008,169
CCTAGCTTGCCAGCAAAGCA_009,152
CCTAGCTTGCCAGCAAAGCA_010,81
CCTAGCTTGCCAGCAAAGCA_011,88
CCTAGCTTGCCAGCAAAGCA_012,155
CCTAGCTTGCCAGCAAAGCA_013,146
CTGCCCCCCAACTCAACCAG_001,137
CTGCCCCCCAACTCAACCAG_002,130
CTGCCCCCCAACTCAACCAG_003,93
CTGCCCCCCAACTCAACCAG_004,58
CTGCCCCCCAACTCAACCAG_005,81
CTGCCCCCCAACTCAACCAG_006,23
CTGCCCCCCAACTCAACCAG_007,36
CTGCCCCCCAACTCAACCAG_008,63
CTGCCCCCCAACTCAACCAG_009,69
CTGCCCCCCAACTCAACCAG_010,144
CTGCCCCCCAACTCAACCAG_011,46
GACCACTCAAGGAATACAGG_001,104
GACCACTCAAGGAATACAGG_002,198
GACCACTCAAGGAATACAGG_003,62
GACCACTCAAGGAATACAGG_004,130
GACCACTCAAGGAATACAGG_005,127
GACCACTCAAGGAATACAGG_006,114
GACCACTCAAGGAATACAGG_007,134
GACCACTCAAGGAATACAGG_008,1
GACCACTCAAGGAATACAGG_009,3
GACCACTCAAGGAATACAGG_010,6
GACCACTCAAGGAATACAGG_011,150
GACCACTCAAGGAATACAGG_012,98
GACCACTCAAGGAATACAGG_013,127
GACCACTCAAGGAATACAGG_014,108
GATTCCAAGAGCCAACCACT_001,198
GATTCCAAGAGCCAACCACT_002,188
GATTCCAAGAGCCAACCACT_003,168
GATTCCAAGAGCCAACCACT_004,149
GATTCCAAGAGCCAACCACT_005,198
GATTCCAAGAGCCAACCACT_006,133
GATTCCAAGAGCCAACCACT_007,141
GATTCCAAGAGCCAACCACT_008,19
GCAGAAGGCTTTGAGAGACT_001,163
GCAGAAGGCTTTGAGAGACT_002,122
GCAGAAGGCTTTGAGAGACT_003,83
GCAGAAGGCTTTGAGAGACT_004,79
GCAGAAGGCTTTGAGAGACT_005,34
GCGCCGTGAGCAGATCCGAT_001,38
GCGCCGTGAGCAGATCCGAT_002,137
GCGCCGTGAGCAGATCCGAT_003,166
GCGCCGTGAGCAGATCCGAT_004,77
GCGCCGTGAGCAGATCCGAT_005,15
GCGCCGTGAGCAGATCCGAT_006,98
GCGCCGTGAGCAGATCCGAT_007,174
GCGCCGTGAGCAGATCCGAT_008,106
GCGCCGTGAGCAGATCCGAT_009,149
GCGCCGTGAGCAGATCCGAT_010,184
GCGCCGTGAGCAGATCCGAT_011,118
GCGCCGTGAGCAGATCCGAT_012,24
GCGCCGTGAGCAGATCCGAT_013,191
GCGCCGTGAGCAGATCCGAT_014,147
GCGCCGTGAGCAGATCCGAT_015,191
GCGCCGTGAGCAGATCCGAT_016,144
TATTCTCACGTCGGGAGCTG_001,158
TATTCTCACGTCGGGAGCTG_002,51
TATTCTCACGTCGGGAGCTG_003,8
TATTCTCACGTCGGGAGCTG_004,76
TATTCTCACGTCGGGAGCTG_005,32
TATTCTCACGTCGGGAGCTG_006,12
TATTCTCACGTCGGGAGCTG_007,33
TATTCTCACGTCGGGAGCTG_008,121
TATTCTCACGTCGGGAGCTG_009,62
TATTCTCACGTCGGGAGCTG_010,34
TATTCTCACGTCGGGAGCTG_011,15
TATTCTCACGTCGGGAGCTG_012,118
TATTCTCACGTCGGGAGCTG_013,114
TATTCTCACGTCGGGAGCTG_014,149
TATTCTCACGTCGGGAGCTG_015,150
TATTCTCACGTCGGGAGCTG_016,63
TATTCTCACGTCGGGAGCTG_017,52
TGTCCTCACCTCCTAAACTG_001,184
TGTCCTCACCTCCTAAACTG_002,182
TGTCCTCACCTCCTAAACTG_003,41
TGTCCTCACCTCCTAAACTG_004,15
TGTCCTCACCTCCTAAACTG_005,115
TGTCCTCACCTCCTAAACTG_006,81
TGTCCTCACCTCCTAAACTG_007,138
TGTCCTCACCTCCTAAACTG_008,28
TGTCCTCACCTCCTAAACTG_009,168
TGTCCTCACCTCCTAAACTG_010,3
TGTCCTCACCTCCTAAACTG_011,115
TGTCCTCACCTCCTAAACTG_012,108
TGTCCTCACCTCCTAAACTG_013,61
TGTCCTCACCTCCTAAACTG_014,68
TGTCCTCACCTCCTAAACTG_015,133
TGTCCTCACCTCCTAAACTG_016,75
TGTCCTCACCTCCTAAACTG_017,15
TGTCCTCACCTCCTAAACTG_018,138
TGTCCTCACCTCCTAAACTG_019,28
TGTCCTCACCTCCTAAACTG_020,137
TGTCCTCACCTCCTAAACTG_021,169
TGTCCTCACCTCCTAAACTG_022,162
TGTCCTCACCTCCTAAACTG_023,43
TGTCCTCACCTCCTAAACTG_024,124
TGTCCTCACCTCCTAAACTG_025,193
TTATTAGCATGAGGAGAGGG_001,139
TTATTAGCATGAGGAGAGGG_002,9
TTATTAGCATGAGGAGAGGG_003,40
TTATTAGCATGAGGAGAGGG_004,154
TTATTAGCATGAGGAGAGGG_005,23
TTATTAGCATGAGGAGAGGG_006,121
TTATTAGCATGAGGAGAGGG_007,2
TTATTAGCATGAGGAGAGGG_008,88
TTATTAGCATGAGGAGAGGG_009,176
TTATTAGCATGAGGAGAGGG_010,147
TCTTCAATTACAAAAAGATG_001,58
CTGCGTGCTGTCGCTTACCG_001,62
CTGCGTGCTGTCGCTTACCG_002,105
CTGCGTGCTGTCGCTTACCG_003,127
CTGCGTGCTGTCGCTTACCG_004,119
CTGCGTGCTGTCGCTTACCG_005,78
CTGCGTGCTGTCGCTTACCG_006,169
CTGCGTGCTGTCGCTTACCG_007,70
CTGCGTGCTGTCGCTTACCG_008,42
CTGCGTGCTGTCGCTTACCG_009,118
CTGCGTGCTGTCGCTTACCG_010,25
CTGCGTGCTGTCGCTTACCG_011,49
CTGCGTGCTGTCGCTTACCG_012,188
CTGCGTGCTGTCGCTTACCG_013,2
CTGCGTGCTGTCGCTTACCG_014,121
CTGCGTGCTGTCGCTTACCG_015,48
CTGCGTGCTGTCGCTTACCG_016,176
CTGCGTGCTGTCGCTTACCG_017,86
CTGCGTGCTGTCGCTTACCG_018,56
CTGCGTGCTGTCGCTTACCG_019,81
CAATAGTACCTGTGAAAATC_001,123
CAATAGTACCTGTGAAAATC_002,78
CAATAGTACCTGTGAAAATC_003,17
CAATAGTACCTGTGAAAATC_004,154
CAATAGTACCTGTGAAAATC_005,115
CAATAGTACCTGTGAAAATC_006,49
GCGCCGCCGAGAGATCGGTG_001,60
GCGCCGCCGAGAGATCGGTG_002,70
GCGCCGCCGAGAGATCGGTG_003,50
GCGCCGCCGAGAGATCGGTG_004,198
GCGCCGCCGAGAGATCGGTG_005,46
GCGCCGCCGAGAGATCGGTG_006,119
AATGGCTATGGAATCCTGCT_001,149
AATGGCTATGGAATCCTGCT_002,189
AATGGCTATGGAATCCTGCT_003,160
AATGGCTATGGAATCCTGCT_004,105
AATGGCTATGGAATCCTGCT_005,1
AATGGCTATGGAATCCTGCT_006,119
AATGGCTATGGAATCCTGCT_007,5
AATGGCTATGGAATCCTGCT_008,0
AATGGCTATGGAATCCTGCT_009,94
AATGGCTATGGAATCCTGCT_010,1
AATGGCTATGGAATCCTGCT_011,1
AATGGCTATGGAATCCTGCT_012,74
CATTTCCTTCGGAAGCCGCG_001,118
CATTTCCTTCGGAAGCCGCG_002,69
CATTTCCTTCGGAAGCCGCG_003,147
CATTTCCTTCGGAAGCCGCG_004,15
CATTTCCTTCGGAAGCCGCG_005,98
CATTTCCTTCGGAAGCCGCG_006,67
CGTGGTAAACATCGAGTACG_001,129
CGTGGTAAACATCGAGTACG_002,160
CGTGGTAAACATCGAGTACG_003,162
CGTGGTAAACATCGAGTACG_004,1
CGTGGTAAACATCGAGTACG_005,8
GCAGGGCAGAGACTTCGCGG_001,150
GCAGGGCAGAGACTTCGCGG_002,1
GCAGGGCAGAGACTTCGCGG_003,170
GCAGGGCAGAGACTTCGCGG_004,169
GCAGGGCAGAGACTTCGCGG_005,91
GCAGGGCAGAGACTTCGCGG_006,94
GCAGGGCAGAGACTTCGCGG_007,81
GCAGGGCAGAGACTTCGCGG_008,88
GCAGGGCAGAGACTTCGCGG_009,150
GCAGGGCAGAGACTTCGCGG_010,1
GCAGGGCAGAGACTTCGCGG_011,114
GCAGGGCAGAGACTTCGCGG_012,57
GCAGGGCAGAGACTTCGCGG_013,144
GGTTTCAATTGAGTCGGACA_001,147
GGTTTCAATTGAGTCGGACA_002,138
GGTACGACCAGTCATGAAGA_001,141
GGTACGACCAGTCATGAAGA_002,125
GGTACGACCAGTCATGAAGA_003,77
GGTACGACCAGTCATGAAGA_004,77
GGTACGACCAGTCATGAAGA_005,166
GGTACGACCAGTCATGAAGA_006,129
TCCTGGATGCCAATCAGCTG_001,83
TCCTGGATGCCAATCAGCTG_002,67
TCCTGGATGCCAATCAGCTG_003,150
TCCTGGATGCCAATCAGCTG_004,172
TCCTGGATGCCAATCAGCTG_005,126
TCCTGGATGCCAATCAGCTG_006,162
TCCTGGATGCCAATCAGCTG_007,41
TCCTGGATGCCAATCAGCTG_008,187
TCCTGGATGCCAATCAGCTG_009,169
TCCTGGATGCCAATCAGCTG_010,41
TCCTGGATGCCAATCAGCTG_011,191
TCCTGGATGCCAATCAGCTG_012,5
TCCTGGATGCCAATCAGCTG_013,174
TCCTGGATGCCAATCAGCTG_014,6
TCCTGGATGCCAATCAGCTG_015,155
TCCTGGATGCCAATCAGCTG_016,130
CGGGTCCAGGATGAACCGAG_001,115
CGGGTCCAGGATGAACCGAG_002,93
CGGGTCCAGGATGAACCGAG_003,10
CGGGTCCAGGATGAACCGAG_004,174
CGGGTCCAGGATGAACCGAG_005,88
CGGGTCCAGGATGAACCGAG_006,190
CGGGTCCAGGATGAACCGAG_007,15
CGGGTCCAGGATGAACCGAG_008,101
GAAGGATGCTACCTCTCCGT_001,127
GAAGGATGCTACCTCTCCGT_002,60
GAAGGATGCTACCTCTCCGT_003,85
AAAATGGGCAACGAGAAACC_001,183
AAAATGGGCAACGAGAAACC_002,10
AAAATGGGCAACGAGAAACC_003,58
AAAATGGGCAACGAGAAACC_004,149
AAAATGGGCAACGAGAAACC_005,61
CCAGATACCATTGCTTCACA_001,1
CCAGATACCATTGCTTCACA_002,78
CCAGATACCATTGCTTCACA_003,76
CCAGATACCATTGCTTCACA_004,192
CCAGATACCATTGCTTCACA_005,48
CCAGATACCATTGCTTCACA_006,70
AGGAGCGAAGAACACGGACT_001,90
AGGAGCGAAGAACACGGACT_002,117
CAGATTTCATCCCAGTCGCG_001,127
CAGATTTCATCCCAGTCGCG_002,185
CAGATTTCATCCCAGTCGCG_003,185
CAGATTTCATCCCAGTCGCG_004,103
CAGATTTCATCCCAGTCGCG_005,193
CAGATTTCATCCCAGTCGCG_006,117
CAGATTTCATCCCAGTCGCG_007,167
CAGATTTCATCCCAGTCGCG_008,133
CAGATTTCATCCCAGTCGCG_009,175
CAGATTTCATCCCAGTCGCG_010,116
CAGATTTCATCCCAGTCGCG_011,62
TTTCCTTCAGAAATGCAGTG_001,49
TTTCCTTCAGAAATGCAGTG_002,142
TTTCCTTCAGAAATGCAGTG_003,64
TTTCCTTCAGAAATGCAGTG_004,150
TTTCCTTCAGAAATGCAGTG_005,176
TTTCCTTCAGAAATGCAGTG_006,68
TTTCCTTCAGAAATGCAGTG_007,11
TTTCCTTCAGAAATGCAGTG_008,192
TTTCCTTCAGAAATGCAGTG_009,91
TGTCCATTTGGAGCACCGAG_001,17
TGTCCATTTGGAGCACCGAG_002,162
TGTCCATTTGGAGCACCGAG_003,189
TGTCCATTTGGAGCACCGAG_004,1
TGTCCATTTGGAGCACCGAG_005,162
TGTCCATTTGGAGCACCGAG_006,102
TGTCCATTTGGAGCACCGAG_007,48
TGTCCATTTGGAGCACCGAG_008,55
TGTCCATTTGGAGCACCGAG_009,155
TGTCCATTTGGAGCACCGAG_010,150
TGTCCATTTGGAGCACCGAG_011,1
TGTCCATTTGGAGCACCGAG_012,56
TGTCCATTTGGAGCACCGAG_013,34
TGTCCATTTGGAGCACCGAG_014,145
TGTCCATTTGGAGCACCGAG_015,140
TGTCCATTTGGAGCACCGAG_016,158
TGTCCATTTGGAGCACCGAG_017,36
TGTCCATTTGGAGCACCGAG_018,113
TGTCCATTTGGAGCACCGAG_019,176
TGTCCATTTGGAGCACCGAG_020,127
TGTCCATTTGGAGCACCGAG_021,112
TGTCCATTTGGAGCACCGAG_022,137
TGTCCATTTGGAGCACCGAG_023,8
TGTCCATTTGGAGCACCGAG_024,96
TGTCCATTTGGAGCACCGAG_025,19
TGTCCATTTGGAGCACCGAG_026,114
TGTCCATTTGGAGCACCGAG_027,84
TGTCCATTTGGAGCACCGAG_028,119
TGTCCATTTGGAGCACCGAG_029,27
TGTCCATTTGGAGCACCGAG_030,15
TGTCCATTTGGAGCACCGAG_031,56
TGTCCATTTGGAGCACCGAG_032,129
CGAAATGCCCGGTCCCAGAG_001,178
CGAAATGCCCGGTCCCAGAG_002,148
CGAAATGCCCGGTCCCAGAG_003,13
CGAAATGCCCGGTCCCAGAG_004,84
CGAAATGCCCGGTCCCAGAG_005,158
CGAAATGCCCGGTCCCAGAG_006,56
CGAAATGCCCGGTCCCAGAG_007,96
CGAAATGCCCGGTCCCAGAG_008,118
CGAAATGCCCGGTCCCAGAG_009,144
CGAAATGCCCGGTCCCAGAG_010,116
CGAAATGCCCGGTCCCAGAG_011,27
CGAAATGCCCGGTCCCAGAG_012,27
CGAAATGCCCGGTCCCAGAG_013,140
CGAAATGCCCGGTCCCAGAG_014,96
CGAAATGCCCGGTCCCAGAG_015,65
CGAAATGCCCGGTCCCAGAG_016,168
CGTGGTGTACCGGGCACAGT_001,8
CGTGGTGTACCGGGCACAGT_002,158
CGTGGTGTACCGGGCACAGT_003,174
CGTGGTGTACCGGGCACAGT_004,113
CTGGAGTACATCCACGCCCG_001,78
CTGGAGTACATCCACGCCCG_002,48
CTGGAGTACATCCACGCCCG_003,110
CTGGAGTACATCCACGCCCG_004,199
CTGGAGTACATCCACGCCCG_005,159
CTGGAGTACATCCACGCCCG_006,92
ATGTGAGCCGTAAGCAGCTG_001,37
ATGTGAGCCGTAAGCAGCTG_002,89
ATGTGAGCCGTAAGCAGCTG_003,120
ATGTGAGCCGTAAGCAGCTG_004,9
ATGTGAGCCGTAAGCAGCTG_005,10
ATGTGAGCCGTAAGCAGCTG_006,18
ATGTGAGCCGTAAGCAGCTG_007,56
ATGTGAGCCGTAAGCAGCTG_008,5
ATGTGAGCCGTAAGCAGCTG_009,23
ATGTGAGCCGTAAGCAGCTG_010,27
ATGTGAGCCGTAAGCAGCTG_011,16
ATGTGAGCCGTAAGCAGCTG_012,17
ATGTGAGCCGTAAGCAGCTG_013,62
ATGTGAGCCGTAAGCAGCTG_014,157
ATGTGAGCCGTAAGCAGCTG_015,176
ATGTGAGCCGTAAGCAGCTG_016,46
TTGGCCTAATGGACTAACTG_001,155
TTGGCCTAATGGACTAACTG_002,138
TTGGCCTAATGGACTAACTG_003,174
TTGGCCTAATGGACTAACTG_004,12
TTGGCCTAATGGACTAACTG_005,43
TTGGCCTAATGGACTAACTG_006,194
TTGGCCTAATGGACTAACTG_007,174
TTGGCCTAATGGACTAACTG_008,150
TTGGCCTAATGGACTAACTG_009,94
TTGGCCTAATGGACTAACTG_010,194
TTGGCCTAATGGACTAACTG_011,21
TTGGCCTAATGGACTAACTG_012,65
TTGGCCTAATGGACTAACTG_013,186
TTGGCCTAATGGACTAACTG_014,159
TTGGCCTAATGGACTAACTG_015,11
TTGGCCTAATGGACTAACTG_016,3
GACAGTGAAGATAGTAAGCA_001,116
GACAGTGAAGATAGTAAGCA_002,146
GACAGTGAAGATAGTAAGCA_003,65
GACAGTGAAGATAGTAAGCA_004,41
GACAGTGAAGATAGTAAGCA_005,48
GACAGTGAAGATAGTAAGCA_006,169
GACAGTGAAGATAGTAAGCA_007,13
GACAGTGAAGATAGTAAGCA_008,84
GGAGAATGAGGTGCGAACAA_001,106
GGAGAATGAGGTGCGAACAA_002,2
GGAGAATGAGGTGCGAACAA_003,140
GGAGAATGAGGTGCGAACAA_004,177
GGAGAATGAGGTGCGAACAA_005,8
GGAGAATGAGGTGCGAACAA_006,84
GCGACGAAGCGGCCATCGAG_001,27
GCGACGAAGCGGCCATCGAG_002,197
GCGACGAAGCGGCCATCGAG_003,149
GCGACGAAGCGGCCATCGAG_004,192
GCGACGAAGCGGCCATCGAG_005,110
GCGACGAAGCGGCCATCGAG_006,172
GCGACGAAGCGGCCATCGAG_007,199
GCGACGAAGCGGCCATCGAG_008,192
GCGACGAAGCGGCCATCGAG_009,141
GCGACGAAGCGGCCATCGAG_010,113
GCGACGAAGCGGCCATCGAG_011,176
GCGACGAAGCGGCCATCGAG_012,17
GCGACGAAGCGGCCATCGAG_013,141
ACTAGGTTAAGAGTAAACAA_001,148
ACTAGGTTAAGAGTAAACAA_002,97
ACTAGGTTAAGAGTAAACAA_003,97
ACTAGGTTAAGAGTAAACAA_004,175
ACTAGGTTAAGAGTAAACAA_005,19
ACTAGGTTAAGAGTAAACAA_006,197
ACTAGGTTAAGAGTAAACAA_007,100
ACTAGGTTAAGAGTAAACAA_008,9
ACTAGGTTAAGAGTAAACAA_009,147
ACTAGGTTAAGAGTAAACAA_010,1
ACTAGGTTAAGAGTAAACAA_011,9
ACTAGGTTAAGAGTAAACAA_012,198
ACTAGGTTAAGAGTAAACAA_013,174
ACTAGGTTAAGAGTAAACAA_014,13
ACTAGGTTAAGAGTAAACAA_015,83
TGAACCGGCTGAAAACGCAG_001,18
TGAACCGGCTGAAAACGCAG_002,51
TGAACCGGCTGAAAACGCAG_003,116
TGAACCGGCTGAAAACGCAG_004,134
TGAACCGGCTGAAAACGCAG_005,26
TGAACCGGCTGAAAACGCAG_006,34
TGAACCGGCTGAAAACGCAG_007,49
TGAACCGGCTGAAAACGCAG_008,19
TGAACCGGCTGAAAACGCAG_009,94
TGAACCGGCTGAAAACGCAG_010,165
TGAACCGGCTGAAAACGCAG_011,115
TGAACCGGCTGAAAACGCAG_012,2
TGAACCGGCTGAAAACGCAG_013,127
TGAACCGGCTGAAAACGCAG_014,94
TGAACCGGCTGAAAACGCAG_015,127
TGAACCGGCTGAAAACGCAG_016,155
TGAACCGGCTGAAAACGCAG_017,134
TGAACCGGCTGAAAACGCAG_018,162
TGAACCGGCTGAAAACGCAG_019,193
TGAACCGGCTGAAAACGCAG_020,170
TGAACCGGCTGAAAACGCAG_021,12
TGAACCGGCTGAAAACGCAG_022,23
TGAACCGGCTGAAAACGCAG_023,141
CATAGACTTGACATCCATAG_001,151
CATAGACTTGACATCCATAG_002,123
CATAGACTTGACATCCATAG_003,174
CATAGACTTGACATCCATAG_004,142
CAGGGGCTGACTCATTAGTG_001,58
CAGGGGCTGACTCATTAGTG_002,41
CAGGGGCTGACTCATTAGTG_003,147
CAGGGGCTGACTCATTAGTG_004,81
CAGGGGCTGACTCATTAGTG_005,41
CAGGGGCTGACTCATTAGTG_006,137
CAGGGGCTGACTCATTAGTG_007,98
CAGGGGCTGACTCATTAGTG_008,147
CAGGGGCTGACTCATTAGTG_009,48
CAGGGGCTGACTCATTAGTG_010,160
CAGGGGCTGACTCATTAGTG_011,177
CAGGGGCTGACTCATTAGTG_012,182
CAGGGGCTGACTCATTAGTG_013,119
CAGGGGCTGACTCATTAGTG_014,10
CAGGGGCTGACTCATTAGTG_015,4
CAGGGGCTGACTCATTAGTG_016,169
CAGGGGCTGACTCATTAGTG_017,8
CAGGGGCTGACTCATTAGTG_018,184
CAGGGGCTGACTCATTAGTG_019,171
CAGGGGCTGACTCATTAGTG_020,16
CAGGGGCTGACTCATTAGTG_021,79
CAGGGGCTGACTCATTAGTG_022,61
CAGGGGCTGACTCATTAGTG_023,9
CAGGGGCTGACTCATTAGTG_024,115
CAGGGGCTGACTCATTAGTG_025,160
CAGGGGCTGACTCATTAGTG_026,63
CAGGGGCTGACTCATTAGTG_027,61
CAGGGGCTGACTCATTAGTG_028,47
GAAGTGTATTTAGCATCTCT_001,147
GAAGTGTATTTAGCATCTCT_002,140
GAAGTGTATTTAGCATCTCT_003,152
GCATGGAAACTGTAATCATG_001,172
GCATGGAAACTGTAATCATG_002,44
GCATGGAAACTGTAATCATG_003,140
GCATGGAAACTGTAATCATG_004,84
TTCAAGGCGGTCAACATCCG_001,17
TTCAAGGCGGTCAACATCCG_002,145
TTCAAGGCGGTCAACATCCG_003,20
TTCAAGGCGGTCAACATCCG_004,50
TTCAAGGCGGTCAACATCCG_005,174
TTCAAGGCGGTCAACATCCG_006,121
TTCAAGGCGGTCAACATCCG_007,63
TTCAAGGCGGTCAACATCCG_008,146
TTCAAGGCGGTCAACATCCG_009,162
TTCAAGGCGGTCAACATCCG_010,191
TTCAAGGCGGTCAACATCCG_011,127
TTCAAGGCGGTCAACATCCG_012,2
TTCAAGGCGGTCAACATCCG_013,160
TTCAAGGCGGTCAACATCCG_014,100
TTCAAGGCGGTCAACATCCG_015,59
TTCAAGGCGGTCAACATCCG_016,99
TTCAAGGCGGTCAACATCCG_017,180
TTCAAGGCGGTCAACATCCG_018,46
CTCCCGAATGCGATCTTCAG_001,98
CTCCCGAATGCGATCTTCAG_002,30
CTCCCGAATGCGATCTTCAG_003,14
CTCCCGAATGCGATCTTCAG_004,70
CTCCCGAATGCGATCTTCAG_005,168
CAAATCCAGGAGTTCTACCA_001,129
CAAATCCAGGAGTTCTACCA_002,70
GCGGGACTGTCCTCGCGCCG_001,192
GCGGGACTGTCCTCGCGCCG_002,141
GCGGGACTGTCCTCGCGCCG_003,174
GCGGGACTGTCCTCGCGCCG_004,68
GCGGGACTGTCCTCGCGCCG_005,25
GCGGGACTGTCCTCGCGCCG_006,130
GGTGGACAGCAACATAAAGG_001,64
GGTGGACAGCAACATAAAGG_002,24
GGTGGACAGCAACATAAAGG_003,166
GGTGGACAGCAACATAAAGG_004,8
GGTGGACAGCAACATAAAGG_005,6
GGTGGACAGCAACATAAAGG_006,68
GGTGGACAGCAACATAAAGG_007,144
AATTACTCAGTTGGAGCAAG_001,3
AATTACTCAGTTGGAGCAAG_002,9
AATTACTCAGTTGGAGCAAG_003,127
AATTACTCAGTTGGAGCAAG_004,15
AATTACTCAGTTGGAGCAAG_005,35
AATTACTCAGTTGGAGCAAG_006,52
AATTACTCAGTTGGAGCAAG_007,2
AATTACTCAGTTGGAGCAAG_008,72
AATTACTCAGTTGGAGCAAG_009,44
AATTACTCAGTTGGAGCAAG_010,148
AATTACTCAGTTGGAGCAAG_011,157
ACTCCGAATTCGCCCTTGGG_001,181
ACTCCGAATTCGCCCTTGGG_002,172
ACTCCGAATTCGCCCTTGGG_003,94
ACTCCGAATTCGCCCTTGGG_004,185
ACTCCGAATTCGCCCTTGGG_005,158
ACTCCGAATTCGCCCTTGGG_006,188
ACTCCGAATTCGCCCTTGGG_007,28
ACTCCGAATTCGCCCTTGGG_008,50
ACTCCGAATTCGCCCTTGGG_009,149
ACTCCGAATTCGCCCTTGGG_010,127
ACTCCGAATTCGCCCTTGGG_011,170
CCAGTACTGAACTTTGAGAG_001,193
CCAGTACTGAACTTTGAGAG_002,32
CCAGTACTGAACTTTGAGAG_003,76
CCAGTACTGAACTTTGAGAG_004,115
CCAGTACTGAACTTTGAGAG_005,2
CCAGTACTGAACTTTGAGAG_006,102
CCAGTACTGAACTTTGAGAG_007,47
CTCGGGCCGCACTCCCACCG_001,172
CTCGGGCCGCACTCCCACCG_002,138
CTCGGGCCGCACTCCCACCG_003,105
CTCGGGCCGCACTCCCACCG_004,55
CTCGGGCCGCACTCCCACCG_005,117
CTCGGGCCGCACTCCCACCG_006,13
CTCGGGCCGCACTCCCACCG_007,155
CTCGGGCCGCACTCCCACCG_008,57
CTCGGGCCGCACTCCCACCG_009,31
CTCGGGCCGCACTCCCACCG_010,155
ACCACGGTTCTGGTAAGCAC_001,105
ACCACGGTTCTGGTAAGCAC_002,69
ACCACGGTTCTGGTAAGCAC_003,30
ACCACGGTTCTGGTAAGCAC_004,99
CCCAGCGATGATCACAATCA_001,105
CCCAGCGATGATCACAATCA_002,121
CCCAGCGATGATCACAATCA_003,147
GCAGCTCCATCGCATCCCAT_001,178
GCAGCTCCATCGCATCCCAT_002,36
GCAGCTCCATCGCATCCCAT_003,169
GCAGCTCCATCGCATCCCAT_004,105
GCAGCTCCATCGCATCCCAT_005,84
GCAGCTCCATCGCATCCCAT_006,75
GCAGCTCCATCGCATCCCAT_007,88
GCAGCTCCATCGCATCCCAT_008,137
GCAGCTCCATCGCATCCCAT_009,104
AGTCCGGGTACCCCTCTACG_001,77
AGTCCGGGTACCCCTCTACG_002,62
AGTCCGGGTACCCCTCTACG_003,58
AGTCCGGGTACCCCTCTACG_004,158
AGTCCGGGTACCCCTCTACG_005,52
AGTCCGGGTACCCCTCTACG_006,170
AGTCCGGGTACCCCTCTACG_007,154
AGTCCGGGTACCCCTCTACG_008,150
AGTCCGGGTACCCCTCTACG_009,12
AGTCCGGGTACCCCTCTACG_010,171
AGTCCGGGTACCCCTCTACG_011,166
AGTCCGGGTACCCCTCTACG_012,56
AGTCCGGGTACCCCTCTACG_013,163
AGTCCGGGTACCCCTCTACG_014,69
AGTCCGGGTACCCCTCTACG_015,127
AGTCCGGGTACCCCTCTACG_016,30
AGTCCGGGTACCCCTCTACG_017,198
AGTCCGGGTACCCCTCTACG_018,90
AGTCCGGGTACCCCTCTACG_019,40
AGTCCGGGTACCCCTCTACG_020,78
AGTCCGGGTACCCCTCTACG_021,48
AGTCCGGGTACCCCTCTACG_022,189
AGTCCGGGTACCCCTCTACG_023,10
AGTCCGGGTACCCCTCTACG_024,63
AGTCCGGGTACCCCTCTACG_025,56
AGTCCGGGTACCCCTCTACG_026,97
AGTCCGGGTACCCCTCTACG_027,138
AGTCCGGGTACCCCTCTACG_028,138
AGTCCGGGTACCCCTCTACG_029,9
GGTACAATAAATGGCTTACT_001,43
GGTACAATAAATGGCTTACT_002,50
GGTACAATAAATGGCTTACT_003,19
GGTACAATAAATGGCTTACT_004,190
GGTACAATAAATGGCTTACT_005,132
TGGGGTCAGAAAGAAGAGCA_001,108
TGGGGTCAGAAAGAAGAGCA_002,20
TGGGGTCAGAAAGAAGAGCA_003,74
TGGGGTCAGAAAGAAGAGCA_004,147
TGGGGTCAGAAAGAAGAGCA_005,73
TGGGGTCAGAAAGAAGAGCA_006,52
TTAAACTCTTCCCAGCCAAG_001,166
TTAAACTCTTCCCAGCCAAG_002,156
TTAAACTCTTCCCAGCCAAG_003,58
TTAAACTCTTCCCAGCCAAG_004,77
TTAAACTCTTCCCAGCCAAG_005,16
TTAAACTCTTCCCAGCCAAG_006,2
TTAAACTCTTCCCAGCCAAG_007,157
GCCAGTTGTCATGGTAACAG_001,78
GCCAGTTGTCATGGTAACAG_002,81
GCCAGTTGTCATGGTAACAG_003,0
GCCAGTTGTCATGGTAACAG_004,139
GCCAGTTGTCATGGTAACAG_005,133
GCCAGTTGTCATGGTAACAG_006,136
GCCAGTTGTCATGGTAACAG_007,66
GCCAGTTGTCATGGTAACAG_008,63
GCCAGTTGTCATGGTAACAG_009,15
GCCAGTTGTCATGGTAACAG_010,53
GCCACGTGAGGTATGACCGG_001,75
GCCACGTGAGGTATGACCGG_002,169
GCCACGTGAGGTATGACCGG_003,168
GCCACGTGAGGTATGACCGG_004,18
AAGGCAATTTACTGGATCCT_001,153
AAGGCAATTTACTGGATCCT_002,11
AAGGCAATTTACTGGATCCT_003,89
AAGGCAATTTACTGGATCCT_004,94
AAGGCAATTTACTGGATCCT_005,187
AAGGCAATTTACTGGATCCT_006,145
AAGGCAATTTACTGGATCCT_007,106
AAGGCAATTTACTGGATCCT_008,36
AAGGCAATTTACTGGATCCT_009,125
AAGGCAATTTACTGGATCCT_010,171
AAGGCAATTTACTGGATCCT_011,106
AAGGCAATTTACTGGATCCT_012,169
AAGGCAATTTACTGGATCCT_013,78
AAGGCAATTTACTGGATCCT_014,35
AAGGCAATTTACTGGATCCT_015,198
AAGGCAATTTACTGGATCCT_016,63
AACACAAGCTCATATGTACC_001,15
AACACAAGCTCATATGTACC_002,34
AACACAAGCTCATATGTACC_003,158
GATGATATAGTCATTCCAGG_001,140
GATGATATAGTCATTCCAGG_002,105
ACAAGCCTGAAATCAATCTG_001,158
ACAAGCCTGAAATCAATCTG_002,190
ACAAGCCTGAAATCAATCTG_003,108
ACAAGCCTGAAATCAATCTG_004,43
ACAAGCCTGAAATCAATCTG_005,105
ACAAGCCTGAAATCAATCTG_006,48
ACAAGCCTGAAATCAATCTG_007,121
ACAAGCCTGAAATCAATCTG_008,0
ACAAGCCTGAAATCAATCTG_009,59
ACAAGCCTGAAATCAATCTG_010,172
GTAGTGATGGAACCCCCCGG_001,72
GTAGTGATGGAACCCCCCGG_002,72
GTAGTGATGGAACCCCCCGG_003,24
GTAGTGATGGAACCCCCCGG_004,172
GTAGTGATGGAACCCCCCGG_005,106
GTAGTGATGGAACCCCCCGG_006,169
GTAGTGATGGAACCCCCCGG_007,117
GTAGTGATGGAACCCCCCGG_008,84
GTTCCTTACAACTTCCCAAG_001,114
GTTCCTTACAACTTCCCAAG_002,137
AAGTGCGTGTTTGTTACCGT_001,45
AAGTGCGTGTTTGTTACCGT_002,195
AAGTGCGTGTTTGTTACCGT_003,92
AAGTGCGTGTTTGTTACCGT_004,34
AAGTGCGTGTTTGTTACCGT_005,8
AAGTGCGTGTTTGTTACCGT_006,138
CCCGACTGTGCCTTCCACTG_001,177
CCCGACTGTGCCTTCCACTG_002,191
CCCGACTGTGCCTTCCACTG_003,49
CCCGACTGTGCCTTCCACTG_004,114
CCCGACTGTGCCTTCCACTG_005,171
CCCGACTGTGCCTTCCACTG_006,70
CCCGACTGTGCCTTCCACTG_007,17
CCCGACTGTGCCTTCCACTG_008,156
CCCGACTGTGCCTTCCACTG_009,19
CCCGACTGTGCCTTCCACTG_010,60
CCCGACTGTGCCTTCCACTG_011,42
CCCGACTGTGCCTTCCACTG_012,115
CCCGACTGTGCCTTCCACTG_013,158
CCCGACTGTGCCTTCCACTG_014,41
CCCGACTGTGCCTTCCACTG_015,7
CCCGACTGTGCCTTCCACTG_016,152
CCCGACTGTGCCTTCCACTG_017,147
CCCGACTGTGCCTTCCACTG_018,58
CCCGACTGTGCCTTCCACTG_019,129
CCCGACTGTGCCTTCCACTG_020,156
CCCGACTGTGCCTTCCACTG_021,150
CCCGACTGTGCCTTCCACTG_022,54
CCCGACTGTGCCTTCCACTG_023,25
CCCGACTGTGCCTTCCACTG_024,149
CCCGACTGTGCCTTCCACTG_025,147
CCCGACTGTGCCTTCCACTG_026,171
CCCGACTGTGCCTTCCACTG_027,103
CCCGACTGTGCCTTCCACTG_028,194
CTCCAATAAAGCGGTGCCAG_001,153
CTCCAATAAAGCGGTGCCAG_002,76
CTCCAATAAAGCGGTGCCAG_003,4
CTCCAATAAAGCGGTGCCAG_004,177
CTCCAATAAAGCGGTGCCAG_005,197
CTCCAATAAAGCGGTGCCAG_006,140
CTCCAATAAAGCGGTGCCAG_007,177
TGGGGCATTGGGTGACCCGG_001,190
TGGGGCATTGGGTGACCCGG_002,76
TGGGGCATTGGGTGACCCGG_003,105
TGGGGCATTGGGTGACCCGG_004,125
TGGGGCATTGGGTGACCCGG_005,80
TGGGGCATTGGGTGACCCGG_006,8
TGGGGCATTGGGTGACCCGG_007,98
TGGGGCATTGGGTGACCCGG_008,165
TGGGGCATTGGGTGACCCGG_009,52
TGGGGCATTGGGTGACCCGG_010,75
TGGGGCATTGGGTGACCCGG_011,184
TGGGGCATTGGGTGACCCGG_012,129
TGGGGCATTGGGTGACCCGG_013,72
TGGGGCATTGGGTGACCCGG_014,4
TGGGGCATTGGGTGACCCGG_015,50
TGGGGCATTGGGTGACCCGG_016,42
TGGGGCATTGGGTGACCCGG_017,122
TGGGGCATTGGGTGACCCGG_018,64
TGGGGCATTGGGTGACCCGG_019,180
TGGGGCATTGGGTGACCCGG_020,37
TGGGGCATTGGGTGACCCGG_021,9
TGGGGCATTGGGTGACCCGG_022,188
TGGGGCATTGGGTGACCCGG_023,78
TGGGGCATTGGGTGACCCGG_024,43
TGGGGCATTGGGTGACCCGG_025,35
TGGGGCATTGGGTGACCCGG_026,124
TGGGGCATTGGGTGACCCGG_027,199
TGGGGCATTGGGTGACCCGG_028,58
TGTCGCCGATAGGTACACAC_001,150
TGTCGCCGATAGGTACACAC_002,169
CAGACTTGGCATCATAACCC_001,171
CTTCCATGATCATTCCGGTG_001,141
GAGCATCCTCAGAACACGGC_001,62
GAGCATCCTCAGAACACGGC_002,144
GAGCATCCTCAGAACACGGC_003,81
GAGCATCCTCAGAACACGGC_004,163
GAGCATCCTCAGAACACGGC_005,68
GAGCATCCTCAGAACACGGC_006,149
GAGCATCCTCAGAACACGGC_007,86
GAGCATCCTCAGAACACGGC_008,3
GAGCATCCTCAGAACACGGC_009,121
GAGCATCCTCAGAACACGGC_010,133
GAGCATCCTCAGAACACGGC_011,63
GAGCATCCTCAGAACACGGC_012,94
GAGCATCCTCAGAACACGGC_013,94
GAGCATCCTCAGAACACGGC_014,141
GAGCATCCTCAGAACACGGC_015,150
GAGCATCCTCAGAACACGGC_016,148
GAGCATCCTCAGAACACGGC_017,77
GAGCATCCTCAGAACACGGC_018,81
GAGCATCCTCAGAACACGGC_019,155
GAGCATCCTCAGAACACGGC_020,81
GAGCATCCTCAGAACACGGC_021,13
GAGCATCCTCAGAACACGGC_022,139
GAGCATCCTCAGAACACGGC_023,185
GAGCATCCTCAGAACACGGC_024,69
GAGCATCCTCAGAACACGGC_025,40
GAGCATCCTCAGAACACGGC_026,23
GAGCATCCTCAGAACACGGC_027,2
GAGCATCCTCAGAACACGGC_028,110
GAGCATCCTCAGAACACGGC_029,145
GAGCATCCTCAGAACACGGC_030,73
GAGCATCCTCAGAACACGGC_031,12
GAGCATCCTCAGAACACGGC_032,162
GAGCATCCTCAGAACACGGC_033,49
GAGCATCCTCAGAACACGGC_034,149
GAGCATCCTCAGAACACGGC_035,134
GAGCATCCTCAGAACACGGC_036,188
GAGCATCCTCAGAACACGGC_037,49
GAGCATCCTCAGAACACGGC_038,10
GAAGAAGTTCCGGACCCATG_001,12
GAAGAAGTTCCGGACCCATG_002,35
GAAGAAGTTCCGGACCCATG_003,176
GGAGGATAGTACTCTCACTG_001,32
GGAGGATAGTACTCTCACTG_002,7
GGAGGATAGTACTCTCACTG_003,169
GGAGGATAGTACTCTCACTG_004,56
GGAGGATAGTACTCTCACTG_005,52
GGAGGATAGTACTCTCACTG_006,188
GGAGGATAGTACTCTCACTG_007,90
TAAGAGGTCAGACCGTCGTG_001,34
TAAGAGGTCAGACCGTCGTG_002,81
TAAGAGGTCAGACCGTCGTG_003,149
TAAGAGGTCAGACCGTCGTG_004,63
TAAGAGGTCAGACCGTCGTG_005,199
TAAGAGGTCAGACCGTCGTG_006,48
TAAGAGGTCAGACCGTCGTG_007,172
ACAGGAGCCACAGCCTCCCT_001,168
ACAGGAGCCACAGCCTCCCT_002,98
ACAGGAGCCACAGCCTCCCT_003,146
ACAGGAGCCACAGCCTCCCT_004,81
ACAGGAGCCACAGCCTCCCT_005,76
ACAGGAGCCACAGCCTCCCT_006,160
ACAGGAGCCACAGCCTCCCT_007,62
ACAGGAGCCACAGCCTCCCT_008,7
ACAGGAGCCACAGCCTCCCT_009,95
ACAGGAGCCACAGCCTCCCT_010,170
ACAGGAGCCACAGCCTCCCT_011,58
ACAGGAGCCACAGCCTCCCT_012,78
ACAGGAGCCACAGCCTCCCT_013,54
ACAGGAGCCACAGCCTCCCT_014,31
ACAGGAGCCACAGCCTCCCT_015,169
ACAGGAGCCACAGCCTCCCT_016,129
ACAGGAGCCACAGCCTCCCT_017,62
ACAGGAGCCACAGCCTCCCT_018,156
ACAGGAGCCACAGCCTCCCT_019,10
ACAGGAGCCACAGCCTCCCT_020,11
ACAGGAGCCACAGCCTCCCT_021,76
ACAGGAGCCACAGCCTCCCT_022,40
ACAGGAGCCACAGCCTCCCT_023,70
ACAGGAGCCACAGCCTCCCT_024,44
ACAGGAGCCACAGCCTCCCT_025,106
ACAGGAGCCACAGCCTCCCT_026,64
ACAGGAGCCACAGCCTCCCT_027,153
ATCCAGCTTCCTATTTACAA_001,154
ATCCAGCTTCCTATTTACAA_002,181
CGGAGCCCATGGAACCGGCG_001,157
CGGAGCCCATGGAACCGGCG_002,85
CGGAGCCCATGGAACCGGCG_003,85
CGGAGCCCATGGAACCGGCG_004,116
CGGAGCCCATGGAACCGGCG_005,145
CGGAGCCCATGGAACCGGCG_006,94
CGGAGCCCATGGAACCGGCG_007,168
CGGAGCCCATGGAACCGGCG_008,198
CGGAGCCCATGGAACCGGCG_009,65
CGGAGCCCATGGAACCGGCG_010,34
GCCTAGTGAGGTTCGAACAC_001,113
GCCTAGTGAGGTTCGAACAC_002,9
GCCTAGTGAGGTTCGAACAC_003,184
GCCTAGTGAGGTTCGAACAC_004,13
GCCTAGTGAGGTTCGAACAC_005,54
AGTTTGATTGGTGACCGACG_001,134
AGTTTGATTGGTGACCGACG_002,79
AGTTTGATTGGTGACCGACG_003,105
AGTTTGATTGGTGACCGACG_004,133
AGTTTGATTGGTGACCGACG_005,195
AGTTTGATTGGTGACCGACG_006,179
AGTTTGATTGGTGACCGACG_007,177
AGTTTGATTGGTGACCGACG_008,49
AGTTTGATTGGTGACCGACG_009,34
AGTTTGATTGGTGACCGACG_010,109
AGTTTGATTGGTGACCGACG_011,105
AGTTTGATTGGTGACCGACG_012,88
ATTTAAGCGGGAACTGTCCG_001,58
ATTTAAGCGGGAACTGTCCG_002,1
ATTTAAGCGGGAACTGTCCG_003,198
ATTTAAGCGGGAACTGTCCG_004,157
ATTTAAGCGGGAACTGTCCG_005,132
ATTTAAGCGGGAACTGTCCG_006,141
ATTTAAGCGGGAACTGTCCG_007,9
ATTTAAGCGGGAACTGTCCG_008,20
ATTTAAGCGGGAACTGTCCG_009,76
ATTTAAGCGGGAACTGTCCG_010,71
ATTTAAGCGGGAACTGTCCG_011,88
CTGATACAGGTGTTCCACGA_001,175
CTGATACAGGTGTTCCACGA_002,145
CTGATACAGGTGTTCCACGA_003,58
CTGATACAGGTGTTCCACGA_004,165
CTGATACAGGTGTTCCACGA_005,96
CTGATACAGGTGTTCCACGA_006,148
CTGATACAGGTGTTCCACGA_007,121
CTGATACAGGTGTTCCACGA_008,36
CTGATACAGGTGTTCCACGA_009,93
CTGATACAGGTGTTCCACGA_010,142
CTGATACAGGTGTTCCACGA_011,154
CTGATACAGGTGTTCCACGA_012,102
CTGATACAGGTGTTCCACGA_013,167
CTGATACAGGTGTTCCACGA_014,167
CTGATACAGGTGTTCCACGA_015,3
CTGATACAGGTGTTCCACGA_016,191
CTGATACAGGTGTTCCACGA_017,69
CTGATACAGGTGTTCCACGA_018,9
CTGATACAGGTGTTCCACGA_019,62
CTGATACAGGTGTTCCACGA_020,185
CTGTGCGAATCGGAACTGCA_001,17
CTGTGCGAATCGGAACTGCA_002,148
CTGTGCGAATCGGAACTGCA_003,50
CTGTGCGAATCGGAACTGCA_004,41
CTGTGCGAATCGGAACTGCA_005,82
CTGTGCGAATCGGAACTGCA_006,129
CTGTGCGAATCGGAACTGCA_007,150
CTGTGCGAATCGGAACTGCA_008,84
CTGTGCGAATCGGAACTGCA_009,75
CTGTGCGAATCGGAACTGCA_010,185
CTGTGCGAATCGGAACTGCA_011,3
CTGTGCGAATCGGAACTGCA_012,11
CTGTGCGAATCGGAACTGCA_013,149
CTGTGCGAATCGGAACTGCA_014,169
CTGTGCGAATCGGAACTGCA_015,36
CTGTGCGAATCGGAACTGCA_016,108
CTGTGCGAATCGGAACTGCA_017,71
CTGTGCGAATCGGAACTGCA_018,113
CTGTGCGAATCGGAACTGCA_019,45
CTGTGCGAATCGGAACTGCA_020,8
CTGTGCGAATCGGAACTGCA_021,6
CTGTGCGAATCGGAACTGCA_022,162
CTGTGCGAATCGGAACTGCA_023,45
CTGTGCGAATCGGAACTGCA_024,72
CTGTGCGAATCGGAACTGCA_025,35
CTGTGCGAATCGGAACTGCA_026,117
CTGTGCGAATCGGAACTGCA_027,133
CTGTGCGAATCGGAACTGCA_028,125
TGGAAGGAGTCTACGAAACG_001,42
TGGAAGGAGTCTACGAAACG_002,193
TGGAAGGAGTCTACGAAACG_003,198
TGGAAGGAGTCTACGAAACG_004,146
TGGAAGGAGTCTACGAAACG_005,128
TGGAAGGAGTCTACGAAACG_006,59
TGGAAGGAGTCTACGAAACG_007,120
TGGAAGGAGTCTACGAAACG_008,16
TGGAAGGAGTCTACGAAACG_009,19
TGGAAGGAGTCTACGAAACG_010,15
TGGAAGGAGTCTACGAAACG_011,174
AGGATTCGCCCTCGACCTCG_001,160
AGGATTCGCCCTCGACCTCG_002,29
AGGATTCGCCCTCGACCTCG_003,49
AGGATTCGCCCTCGACCTCG_004,115
AGGATTCGCCCTCGACCTCG_005,162
AGGATTCGCCCTCGACCTCG_006,82
AGGATTCGCCCTCGACCTCG_007,89
AGGATTCGCCCTCGACCTCG_008,140
AGGATTCGCCCTCGACCTCG_009,116
AGGATTCGCCCTCGACCTCG_010,113
AGGATTCGCCCTCGACCTCG_011,152
AGGATTCGCCCTCGACCTCG_012,151
AGGATTCGCCCTCGACCTCG_013,63
AGGATTCGCCCTCGACCTCG_014,81
AGGATTCGCCCTCGACCTCG_015,20
AGGATTCGCCCTCGACCTCG_016,157
AGGATTCGCCCTCGACCTCG_017,52
AGGATTCGCCCTCGACCTCG_018,35
AGGATTCGCCCTCGACCTCG_019,152
CACTGCTCAAGTAATTTCTG_001,76
CACTGCTCAAGTAATTTCTG_002,96
GAGGCGGTAACAACTCACAT_001,30
GAGGCGGTAACAACTCACAT_002,154
GAGGCGGTAACAACTCACAT_003,65
GAGGCGGTAACAACTCACAT_004,194
GAGGCGGTAACAACTCACAT_005,53
GAGGCGGTAACAACTCACAT_006,27
GAGGCGGTAACAACTCACAT_007,57
GAGGCGGTAACAACTCACAT_008,103
TAGATGCTCGAGGACTCATA_001,178
TAGATGCTCGAGGACTCATA_002,141
TAGATGCTCGAGGACTCATA_003,58
TAGATGCTCGAGGACTCATA_004,69
TAGATGCTCGAGGACTCATA_005,9
TAGATGCTCGAGGACTCATA_006,137
TAGATGCTCGAGGACTCATA_007,145
TAGATGCTCGAGGACTCATA_008,119
TAGATGCTCGAGGACTCATA_009,96
TAGATGCTCGAGGACTCATA_010,111
TCTGCTTGTTGGAAGTAACT_001,188
TCTGCTTGTTGGAAGTAACT_002,130
AGCTGCTGAGGACTCGATAG_001,40
AGCTGCTGAGGACTCGATAG_002,16
ATAATGCATCCAGAAGACAA_001,84
ATAATGCATCCAGAAGACAA_002,88
ATAATGCATCCAGAAGACAA_003,61
CATCGACTGTGATTACAGGG_001,1
CATCGACTGTGATTACAGGG_002,9
CATCGACTGTGATTACAGGG_003,146
CATCGACTGTGATTACAGGG_004,60
CATCGACTGTGATTACAGGG_005,123
CATCGACTGTGATTACAGGG_006,132
CATCGACTGTGATTACAGGG_007,145
CATCGACTGTGATTACAGGG_008,83
CATCGACTGTGATTACAGGG_009,176
CATCGACTGTGATTACAGGG_010,105
CATCGACTGTGATTACAGGG_011,1
CATCGACTGTGATTACAGGG_012,116
CATCGACTGTGATTACAGGG_013,177
CATCGACTGTGATTACAGGG_014,198
CATCGACTGTGATTACAGGG_015,33
CATCGACTGTGATTACAGGG_016,180
CATTAAACCTGAACCGCTGT_001,134
CATTAAACCTGAACCGCTGT_002,115
CATTAAACCTGAACCGCTGT_003,15
CATTAAACCTGAACCGCTGT_004,9
CATTAAACCTGAACCGCTGT_005,8
CCACTCCAAGTCGCACACAG_001,94
CCACTCCAAGTCGCACACAG_002,105
CCACTCCAAGTCGCACACAG_003,160
CCACTCCAAGTCGCACACAG_004,23
CCACTCCAAGTCGCACACAG_005,154
CCACTCCAAGTCGCACACAG_006,78
CCACTCCAAGTCGCACACAG_007,146
CCACTCCAAGTCGCACACAG_008,82
CCACTCCAAGTCGCACACAG_009,82
CCACTCCAAGTCGCACACAG_010,171
CCACTCCAAGTCGCACACAG_011,181
CCACTCCAAGTCGCACACAG_012,79
CCACTCCAAGTCGCACACAG_013,8
CCACTCCAAGTCGCACACAG_014,158
CCACTCCAAGTCGCACACAG_015,182
CCACTCCAAGTCGCACACAG_016,147
CCACTCCAAGTCGCACACAG_017,183
CCACTCCAAGTCGCACACAG_018,121
CCACTCCAAGTCGCACACAG_019,121
CCACTCCAAGTCGCACACAG_020,105
CCACTCCAAGTCGCACACAG_021,169
CCACTCCAAGTCGCACACAG_022,17
CCACTCCAAGTCGCACACAG_023,41
CCACTCCAAGTCGCACACAG_024,115
CCACTCCAAGTCGCACACAG_025,84
CCACTCCAAGTCGCACACAG_026,37
CCACTCCAAGTCGCACACAG_027,113
CCACTCCAAGTCGCACACAG_028,62
CCACTCCAAGTCGCACACAG_029,28
CCACTCCAAGTCGCACACAG_030,29
CCACTCCAAGTCGCACACAG_031,170
CCACTCCAAGTCGCACACAG_032,62
CCACTCCAAGTCGCACACAG_033,199
CCACTCCAAGTCGCACACAG_034,27
CCACTCCAAGTCGCACACAG_035,26
CCACTCCAAGTCGCACACAG_036,158
CCACTCCAAGTCGCACACAG_037,105
CCACTCCAAGTCGCACACAG_038,127
CCACTCCAAGTCGCACACAG_039,138
CCACTCCAAGTCGCACACAG_040,81
CCACTCCAAGTCGCACACAG_041,177
CCACTCCAAGTCGCACACAG_042,150
CCACTCCAAGTCGCACACAG_043,98
CCACTCCAAGTCGCACACAG_044,117
CCACTCCAAGTCGCACACAG_045,20
CCACTCCAAGTCGCACACAG_046,16
CCACTCCAAGTCGCACACAG_047,70
CCACTCCAAGTCGCACACAG_048,119
CCACTCCAAGTCGCACACAG_049,170
CCACTCCAAGTCGCACACAG_050,153
AGATTGCAGCCAAGAATACA_001,144
AGATTGCAGCCAAGAATACA_002,77
AGATTGCAGCCAAGAATACA_003,176
AGATTGCAGCCAAGAATACA_004,199
TGTAGTTCCACCAAATGCAA_001,154
TGTAGTTCCACCAAATGCAA_002,106
TGTAGTTCCACCAAATGCAA_003,49
TGTAGTTCCACCAAATGCAA_004,41
TGTAGTTCCACCAAATGCAA_005,160
TGTAGTTCCACCAAATGCAA_006,182
TGTAGTTCCACCAAATGCAA_007,94
TGTAGTTCCACCAAATGCAA_008,188
TGTAGTTCCACCAAATGCAA_009,68
TGTAGTTCCACCAAATGCAA_010,98
TGTAGTTCCACCAAATGCAA_011,150
TGTAGTTCCACCAAATGCAA_012,46
TGTAGTTCCACCAAATGCAA_013,46
TGTAGTTCCACCAAATGCAA_014,115
TGTAGTTCCACCAAATGCAA_015,58
TGTAGTTCCACCAAATGCAA_016,144
TGTAGTTCCACCAAATGCAA_017,17
TGTAGTTCCACCAAATGCAA_018,78
TGTAGTTCCACCAAATGCAA_019,29
TGTAGTTCCACCAAATGCAA_020,181
TGTAGTTCCACCAAATGCAA_021,99
TGTAGTTCCACCAAATGCAA_022,175
TGTAGTTCCACCAAATGCAA_023,37
TGTAGTTCCACCAAATGCAA_024,37
ATCATCCAATTCACTCTCGG_001,118
ATCATCCAATTCACTCTCGG_002,199
ATCATCCAATTCACTCTCGG_003,110
ATCATCCAATTCACTCTCGG_004,127
ATCATCCAATTCACTCTCGG_005,197
ATCATCCAATTCACTCTCGG_006,125
ATCATCCAATTCACTCTCGG_007,146
ATCATCCAATTCACTCTCGG_008,111
ATCATCCAATTCACTCTCGG_009,174
ATCATCCAATTCACTCTCGG_010,169
ATCATCCAATTCACTCTCGG_011,112
ATCATCCAATTCACTCTCGG_012,29
TCTACAAGGACTGTGTTATG_001,117
TCTACAAGGACTGTGTTATG_002,13
TCTACAAGGACTGTGTTATG_003,95
TTTGGGTTGATGCCGAATTA_001,127
TTTGGGTTGATGCCGAATTA_002,70
TTTGGGTTGATGCCGAATTA_003,74
TTTGGGTTGATGCCGAATTA_004,12
TTTGGGTTGATGCCGAATTA_005,132
TTTGGGTTGATGCCGAATTA_006,132
TTTGGGTTGATGCCGAATTA_007,22
TTTGGGTTGATGCCGAATTA_008,153
TTTGGGTTGATGCCGAATTA_009,69
TTTGGGTTGATGCCGAATTA_010,191
TTTGGGTTGATGCCGAATTA_011,110
TTTGGGTTGATGCCGAATTA_012,192
TTTGGGTTGATGCCGAATTA_013,198
TTTGGGTTGATGCCGAATTA_014,147
ACAGTGACCACGGATCAAGA_001,138
ACAGTGACCACGGATCAAGA_002,70
ACAGTGACCACGGATCAAGA_003,198
ACAGTGACCACGGATCAAGA_004,114
ACAGTGACCACGGATCAAGA_005,58
ACAGTGACCACGGATCAAGA_006,148
ACAGTGACCACGGATCAAGA_007,181
ACAGTGACCACGGATCAAGA_008,70
ACAGTGACCACGGATCAAGA_009,68
ACAGTGACCACGGATCAAGA_010,0
ACAGTGACCACGGATCAAGA_011,169
ACAGTGACCACGGATCAAGA_012,24
ACAGTGACCACGGATCAAGA_013,118
ACAGTGACCACGGATCAAGA_014,180
ACAGTGACCACGGATCAAGA_015,12
ACAGTGACCACGGATCAAGA_016,91
ACAGTGACCACGGATCAAGA_017,61
ACAGTGACCACGGATCAAGA_018,51
ACAGTGACCACGGATCAAGA_019,117
ACAGTGACCACGGATCAAGA_020,161
ACAGTGACCACGGATCAAGA_021,40
ACAGTGACCACGGATCAAGA_022,48
ACAGTGACCACGGATCAAGA_023,69
ACAGTGACCACGGATCAAGA_024,68
ACAGTGACCACGGATCAAGA_025,43
ACAGTGACCACGGATCAAGA_026,13
ACAGTGACCACGGATCAAGA_027,175
ACAGTGACCACGGATCAAGA_028,62
ACAGTGACCACGGATCAAGA_029,69
ACAGTGACCACGGATCAAGA_030,119
ACAGTGACCACGGATCAAGA_031,76
ACAGTGACCACGGATCAAGA_032,43
ACAGTGACCACGGATCAAGA_033,1
ACAGTGACCACGGATCAAGA_034,27
ACAGTGACCACGGATCAAGA_035,137
GGTGTTGACTAATCCAGCCA_001,114
GGTGTTGACTAATCCAGCCA_002,98
GGTGTTGACTAATCCAGCCA_003,9
GGTGTTGACTAATCCAGCCA_004,126
GGTGTTGACTAATCCAGCCA_005,126
GGTGTTGACTAATCCAGCCA_006,141
GGTGTTGACTAATCCAGCCA_007,134
GGTGTTGACTAATCCAGCCA_008,158
GGTGTTGACTAATCCAGCCA_009,30
ATTACAAAGAGCTGACCTGG_001,182
ATTACAAAGAGCTGACCTGG_002,5
ATTACAAAGAGCTGACCTGG_003,181
ATTACAAAGAGCTGACCTGG_004,38
ATTACAAAGAGCTGACCTGG_005,125
ATTACAAAGAGCTGACCTGG_006,8
ATTACAAAGAGCTGACCTGG_007,147
ATTACAAAGAGCTGACCTGG_008,16
ATTACAAAGAGCTGACCTGG_009,55
ATTACAAAGAGCTGACCTGG_010,18
ATTACAAAGAGCTGACCTGG_011,76
ATTACAAAGAGCTGACCTGG_012,176
ATTACAAAGAGCTGACCTGG_013,152
GCTTCCAATACAGCCCCCTG_001,58
GCTTCCAATACAGCCCCCTG_002,173
GCTTCCAATACAGCCCCCTG_003,173
GCTTCCAATACAGCCCCCTG_004,115
GCTTCCAATACAGCCCCCTG_005,199
GCTTCCAATACAGCCCCCTG_006,121
GCTTCCAATACAGCCCCCTG_007,162
GCTTCCAATACAGCCCCCTG_008,27
AATGAGAGGCTATCGTGACG_001,53
AATGAGAGGCTATCGTGACG_002,74
AATGAGAGGCTATCGTGACG_003,60
AATGAGAGGCTATCGTGACG_004,15
AATGAGAGGCTATCGTGACG_005,72
AATGAGAGGCTATCGTGACG_006,174
AATGAGAGGCTATCGTGACG_007,137
AATGAGAGGCTATCGTGACG_008,161
GTGTAGGATATGGCCCTGTG_001,130
GTGTAGGATATGGCCCTGTG_002,149
GTGTAGGATATGGCCCTGTG_003,88
CAGATGGTCCGAAGGCACTG_001,104
CAGATGGTCCGAAGGCACTG_002,181
CAGATGGTCCGAAGGCACTG_003,123
CAGATGGTCCGAAGGCACTG_004,9
CAGATGGTCCGAAGGCACTG_005,178
CAGATGGTCCGAAGGCACTG_006,80
CAGATGGTCCGAAGGCACTG_007,43
CAGATGGTCCGAAGGCACTG_008,176
CAGATGGTCCGAAGGCACTG_009,83
CAGATGGTCCGAAGGCACTG_010,130
CAGATGGTCCGAAGGCACTG_011,170
CAGATGGTCCGAAGGCACTG_012,162
GCTATCGTGGAAGTCACAAG_001,152
GCTATCGTGGAAGTCACAAG_002,149
GCTATCGTGGAAGTCACAAG_003,15
GCTATCGTGGAAGTCACAAG_004,81
GCTATCGTGGAAGTCACAAG_005,8
GCTATCGTGGAAGTCACAAG_006,155
GCTATCGTGGAAGTCACAAG_007,81
GCTATCGTGGAAGTCACAAG_008,49
GCGTTCGAAGATGACCGTGT_001,57
GCGTTCGAAGATGACCGTGT_002,84
GCGTTCGAAGATGACCGTGT_003,122
GCGTTCGAAGATGACCGTGT_004,197
GCGTTCGAAGATGACCGTGT_005,2
GCGTTCGAAGATGACCGTGT_006,19
GCGTTCGAAGATGACCGTGT_007,90
GCGTTCGAAGATGACCGTGT_008,12
GCGTTCGAAGATGACCGTGT_009,116
GTGACCCAGTTTGGGAAGAT_001,88
GTGACCCAGTTTGGGAAGAT_002,165
GTGACCCAGTTTGGGAAGAT_003,47
GTGACCCAGTTTGGGAAGAT_004,11
GTGACCCAGTTTGGGAAGAT_005,169
GTGACCCAGTTTGGGAAGAT_006,20
GTGACCCAGTTTGGGAAGAT_007,171
GTGACCCAGTTTGGGAAGAT_008,146
GTGACCCAGTTTGGGAAGAT_009,115
GTGACCCAGTTTGGGAAGAT_010,184
GTGACCCAGTTTGGGAAGAT_011,67
GTGACCCAGTTTGGGAAGAT_012,110
GTGACCCAGTTTGGGAAGAT_013,133
GTGACCCAGTTTGGGAAGAT_014,173
GTGACCCAGTTTGGGAAGAT_015,107
GTGACCCAGTTTGGGAAGAT_016,198
GTGACCCAGTTTGGGAAGAT_017,41
GTGACCCAGTTTGGGAAGAT_018,155
GTGACCCAGTTTGGGAAGAT_019,199
GTGACCCAGTTTGGGAAGAT_020,109
GCCACCACCACTACTCATGG_001,51
GCCACCACCACTACTCATGG_002,41
GCCACCACCACTACTCATGG_003,3
GCCACCACCACTACTCATGG_004,184
GCCACCACCACTACTCATGG_005,168
GCCACCACCACTACTCATGG_006,35
GCCACCACCACTACTCATGG_007,89
AAATCGGTCGCTTGCCAAGG_001,159
AAATCGGTCGCTTGCCAAGG_002,90
AAATCGGTCGCTTGCCAAGG_003,31
AAATCGGTCGCTTGCCAAGG_004,88
AAATCGGTCGCTTGCCAAGG_005,4
AAATCGGTCGCTTGCCAAGG_006,169
AAATCGGTCGCTTGCCAAGG_007,30
AAATCGGTCGCTTGCCAAGG_008,65
AAATCGGTCGCTTGCCAAGG_009,56
AAATCGGTCGCTTGCCAAGG_010,169
AAATCGGTCGCTTGCCAAGG_011,94
AAATCGGTCGCTTGCCAAGG_012,199
AAATCGGTCGCTTGCCAAGG_013,15
AAATCGGTCGCTTGCCAAGG_014,28
AAATCGGTCGCTTGCCAAGG_015,28
AAATCGGTCGCTTGCCAAGG_016,28
AAATCGGTCGCTTGCCAAGG_017,96
AAATCGGTCGCTTGCCAAGG_018,166
AAATCGGTCGCTTGCCAAGG_019,78
AGCTTTACTAACCCACTCAG_001,112
AGCTTTACTAACCCACTCAG_002,171
AGCTTTACTAACCCACTCAG_003,49
AGCTTTACTAACCCACTCAG_004,119
AGCTTTACTAACCCACTCAG_005,161
AGCTTTACTAACCCACTCAG_006,74
AGCTTTACTAACCCACTCAG_007,97
AGCTTTACTAACCCACTCAG_008,183
AGCTTTACTAACCCACTCAG_009,94
AGCTTTACTAACCCACTCAG_010,158
AGCTTTACTAACCCACTCAG_011,107
AGCTTTACTAACCCACTCAG_012,157
AGCTTTACTAACCCACTCAG_013,160
AGCTTTACTAACCCACTCAG_014,17
AGCTTTACTAACCCACTCAG_015,145
TTGCATCTCTCTCACACAGT_001,187
TTGCATCTCTCTCACACAGT_002,141
GCTGCGAGGTGAAGACATGC_001,85
GCTGCGAGGTGAAGACATGC_002,185
GCTGCGAGGTGAAGACATGC_003,86
GCTGCGAGGTGAAGACATGC_004,150
GCTGCGAGGTGAAGACATGC_005,177
GCTGCGAGGTGAAGACATGC_006,61
GCTGCGAGGTGAAGACATGC_007,132
GCTGCGAGGTGAAGACATGC_008,146
GCTGCGAGGTGAAGACATGC_009,10
GCTGCGAGGTGAAGACATGC_010,168
GCTGCGAGGTGAAGACATGC_011,49
GACCGTCATGGTACGCCAGG_001,116
GACCGTCATGGTACGCCAGG_002,62
GACCGTCATGGTACGCCAGG_003,78
GACCGTCATGGTACGCCAGG_004,150
GACCGTCATGGTACGCCAGG_005,21
GACCGTCATGGTACGCCAGG_006,44
GACCGTCATGGTACGCCAGG_007,174
GACCGTCATGGTACGCCAGG_008,154
GACCGTCATGGTACGCCAGG_009,101
GACCGTCATGGTACGCCAGG_010,151
GACCGTCATGGTACGCCAGG_011,162
GACCGTCATGGTACGCCAGG_012,13
GACCGTCATGGTACGCCAGG_013,19
GACCGTCATGGTACGCCAGG_014,69
GACCGTCATGGTACGCCAGG_015,158
GACCGTCATGGTACGCCAGG_016,146
GACCGTCATGGTACGCCAGG_017,116
GACCGTCATGGTACGCCAGG_018,40
GACCGTCATGGTACGCCAGG_019,182
AGCGGCTCCACAAGCTACGT_001,160
AGCGGCTCCACAAGCTACGT_002,17
AGCGGCTCCACAAGCTACGT_003,32
AGCGGCTCCACAAGCTACGT_004,43
AGCGGCTCCACAAGCTACGT_005,158
AGCGGCTCCACAAGCTACGT_006,74
AGCGGCTCCACAAGCTACGT_007,94
AGCGGCTCCACAAGCTACGT_008,82
AGCGGCTCCACAAGCTACGT_009,101
AGCGGCTCCACAAGCTACGT_010,78
AGCGGCTCCACAAGCTACGT_011,126
AGCGGCTCCACAAGCTACGT_012,168
AGCGGCTCCACAAGCTACGT_013,176
AGCGGCTCCACAAGCTACGT_014,179
AGCGGCTCCACAAGCTACGT_015,70
AAGGATATGACATTCGCTTG_001,88
AAGGATATGACATTCGCTTG_002,40
AAGGATATGACATTCGCTTG_003,15
AAGGATATGACATTCGCTTG_004,115
AAGGATATGACATTCGCTTG_005,184
AAGGATATGACATTCGCTTG_006,62
AAGGATATGACATTCGCTTG_007,158
AAGGATATGACATTCGCTTG_008,75
AAGGATATGACATTCGCTTG_009,50
ATAAGAAACACTTTAAGCTG_001,162
ATAAGAAACACTTTAAGCTG_002,138
ATAAGAAACACTTTAAGCTG_003,81
ATAAGAAACACTTTAAGCTG_004,165
ATAAGAAACACTTTAAGCTG_005,161
ATAAGAAACACTTTAAGCTG_006,112
ATAAGAAACACTTTAAGCTG_007,80
ATAAGAAACACTTTAAGCTG_008,20
CTCTAGTCCTATGATTGCGT_001,103
TAGCATTTGAGCTAGTTCGA_001,141
TAGCATTTGAGCTAGTTCGA_002,84
TAGCATTTGAGCTAGTTCGA_003,159
TAGCATTTGAGCTAGTTCGA_004,199
TAGCATTTGAGCTAGTTCGA_005,23
TAGCATTTGAGCTAGTTCGA_006,170
TAGCATTTGAGCTAGTTCGA_007,53
TAGCATTTGAGCTAGTTCGA_008,176
TAGCATTTGAGCTAGTTCGA_009,77
TAGCATTTGAGCTAGTTCGA_010,99
TAGCATTTGAGCTAGTTCGA_011,115
TAGCATTTGAGCTAGTTCGA_012,60
TAGCATTTGAGCTAGTTCGA_013,141
TAGCATTTGAGCTAGTTCGA_014,117
TAGCATTTGAGCTAGTTCGA_015,127
TAGCATTTGAGCTAGTTCGA_016,146
TAGCATTTGAGCTAGTTCGA_017,127
TAGCATTTGAGCTAGTTCGA_018,28
TAGCATTTGAGCTAGTTCGA_019,50
TAGCATTTGAGCTAGTTCGA_020,130
TAGCATTTGAGCTAGTTCGA_021,169
TAGCATTTGAGCTAGTTCGA_022,2
ACAGCGATGAATTAGCTTCA_001,18
AGAGGGTGTTCTATCAACAT_001,106
AGAGGGTGTTCTATCAACAT_002,96
AGAGGGTGTTCTATCAACAT_003,8
AGAGGGTGTTCTATCAACAT_004,55
AGAGGGTGTTCTATCAACAT_005,193
AGAGGGTGTTCTATCAACAT_006,134
AGAGGGTGTTCTATCAACAT_007,117
CAAAGAGAAATGGCGAACGA_001,8
CAAAGAGAAATGGCGAACGA_002,199
CAAAGAGAAATGGCGAACGA_003,103
CAAAGAGAAATGGCGAACGA_004,89
CAAAGAGAAATGGCGAACGA_005,12
CAAAGAGAAATGGCGAACGA_006,13
CAAAGAGAAATGGCGAACGA_007,60
CAAAGAGAAATGGCGAACGA_008,83
CAAAGAGAAATGGCGAACGA_009,127
CAAAGAGAAATGGCGAACGA_010,127
CAAAGAGAAATGGCGAACGA_011,1
CAAAGAGAAATGGCGAACGA_012,149
CAAAGAGAAATGGCGAACGA_013,178
CAAAGAGAAATGGCGAACGA_014,133
CAAAGAGAAATGGCGAACGA_015,127
CAAAGAGAAATGGCGAACGA_016,100
CAAAGAGAAATGGCGAACGA_017,55
CAAAGAGAAATGGCGAACGA_018,11
CAAAGAGAAATGGCGAACGA_019,4
CAAAGAGAAATGGCGAACGA_020,192
CAAAGAGAAATGGCGAACGA_021,190
CAAAGAGAAATGGCGAACGA_022,188
CAAAGAGAAATGGCGAACGA_023,0
CAAAGAGAAATGGCGAACGA_024,177
CAAAGAGAAATGGCGAACGA_025,190
CAAAGAGAAATGGCGAACGA_026,183
CAAAGAGAAATGGCGAACGA_027,98
GCGACTGGAAGCCCCACAAG_001,171
GCGACTGGAAGCCCCACAAG_002,131
GCGACTGGAAGCCCCACAAG_003,8
GCGACTGGAAGCCCCACAAG_004,73
GCGACTGGAAGCCCCACAAG_005,119
GCGACTGGAAGCCCCACAAG_006,139
GCGACTGGAAGCCCCACAAG_007,83
GCGACTGGAAGCCCCACAAG_008,30
GCGACTGGAAGCCCCACAAG_009,147
GCGACTGGAAGCCCCACAAG_010,179
GCGACTGGAAGCCCCACAAG_011,130
GCGACTGGAAGCCCCACAAG_012,60
GCGACTGGAAGCCCCACAAG_013,172
AGGTAGACAATTGCAGCCTG_001,63
AGGTAGACAATTGCAGCCTG_002,196
AGGTAGACAATTGCAGCCTG_003,146
AGGTAGACAATTGCAGCCTG_004,32
AGGTAGACAATTGCAGCCTG_005,188
AGGTAGACAATTGCAGCCTG_006,103
AGGTAGACAATTGCAGCCTG_007,61
AGGTAGACAATTGCAGCCTG_008,83
AGGTAGACAATTGCAGCCTG_009,175
TGGCGCACATAATCAATACT_001,197
TGGCGCACATAATCAATACT_002,160
TGGCGCACATAATCAATACT_003,62
ACCAACTGGAACGTCCACAA_001,162
ACCAACTGGAACGTCCACAA_002,167
ACCAACTGGAACGTCCACAA_003,115
ACCAACTGGAACGTCCACAA_004,157
ACCAACTGGAACGTCCACAA_005,14
ACCAACTGGAACGTCCACAA_006,192
ACCAACTGGAACGTCCACAA_007,72
ACCAACTGGAACGTCCACAA_008,72
ACCAACTGGAACGTCCACAA_009,42
ACCAACTGGAACGTCCACAA_010,76
ACCAACTGGAACGTCCACAA_011,41
ACCAACTGGAACGTCCACAA_012,54
ACCAACTGGAACGTCCACAA_013,93
ACCAACTGGAACGTCCACAA_014,1
ACCAACTGGAACGTCCACAA_015,126
ACCAACTGGAACGTCCACAA_016,190
ACCAACTGGAACGTCCACAA_017,82
ACCAACTGGAACGTCCACAA_018,158
ACCAACTGGAACGTCCACAA_019,8
ACCAACTGGAACGTCCACAA_020,120
ACCAACTGGAACGTCCACAA_021,105
ACCAACTGGAACGTCCACAA_022,43
ACCAACTGGAACGTCCACAA_023,130
ACCAACTGGAACGTCCACAA_024,117
ACCAACTGGAACGTCCACAA_025,47
ACCAACTGGAACGTCCACAA_026,53
ACCAACTGGAACGTCCACAA_027,47
AGGCAATCAACACCTCTCTG_001,199
AGGCAATCAACACCTCTCTG_002,33
AGGCAATCAACACCTCTCTG_003,1
AGGCAATCAACACCTCTCTG_004,162
AGGCAATCAACACCTCTCTG_005,151
AGGCAATCAACACCTCTCTG_006,94
TCAGGTTAATGATCTTCATG_001,80
TGAGATGCGTCATAGACGGT_001,53
TGAGATGCGTCATAGACGGT_002,58
TGAGATGCGTCATAGACGGT_003,12
TGAGATGCGTCATAGACGGT_004,150
TGAGATGCGTCATAGACGGT_005,127
TGAGATGCGTCATAGACGGT_006,40
TGAGATGCGTCATAGACGGT_007,77
TGAGATGCGTCATAGACGGT_008,170
TGAGATGCGTCATAGACGGT_009,147
TCAGATAATCCACAAACTCG_001,172
TCAGATAATCCACAAACTCG_002,13
TCAGATAATCCACAAACTCG_003,175
TCAGATAATCCACAAACTCG_004,188
CCCACAGCCTGAATAACAGG_001,11
CCCACAGCCTGAATAACAGG_002,118
CCCACAGCCTGAATAACAGG_003,140
CCCACAGCCTGAATAACAGG_004,69
CCCACAGCCTGAATAACAGG_005,61
CCCACAGCCTGAATAACAGG_006,102
CCCACAGCCTGAATAACAGG_007,115
CCCACAGCCTGAATAACAGG_008,66
TTCGGATGCACAATCTGCAT_001,165
TTCGGATGCACAATCTGCAT_002,91
ATCTTAGCTCCTGGAGACAC_001,109
ATCTTAGCTCCTGGAGACAC_002,109
ATCTTAGCTCCTGGAGACAC_003,5
ATCTTAGCTCCTGGAGACAC_004,98
ATCTTAGCTCCTGGAGACAC_005,68
ATCTTAGCTCCTGGAGACAC_006,11
ATCTTAGCTCCTGGAGACAC_007,28
ATCTTAGCTCCTGGAGACAC_008,17
ATCTTAGCTCCTGGAGACAC_009,17
ATCTTAGCTCCTGGAGACAC_010,144
CTTGGCACGAACATTCTCGA_001,32
CTTGGCACGAACATTCTCGA_002,165
CTTGGCACGAACATTCTCGA_003,114
TTCGGCAAGATCGTCAACCG_001,46
TTCGGCAAGATCGTCAACCG_002,39
TTCGGCAAGATCGTCAACCG_003,84
TTCGGCAAGATCGTCAACCG_004,174
TTCGGCAAGATCGTCAACCG_005,168
TTCGGCAAGATCGTCAACCG_006,87
TTCGGCAAGATCGTCAACCG_007,57
TTCGGCAAGATCGTCAACCG_008,86
TTCGGCAAGATCGTCAACCG_009,56
TTCGGCAAGATCGTCAACCG_010,151
ACATCAAGTTCAAAGAACTC_001,121
TGTGATGAAAAGTAAGCTGT_001,199
TGTGATGAAAAGTAAGCTGT_002,15
TGTGATGAAAAGTAAGCTGT_003,86
TGTGATGAAAAGTAAGCTGT_004,186
TGTGATGAAAAGTAAGCTGT_005,115
TGTGATGAAAAGTAAGCTGT_006,49
TGTGATGAAAAGTAAGCTGT_007,61
TGTGATGAAAAGTAAGCTGT_008,2
GAACGATGCGCTGACCAACG_001,175
GAACGATGCGCTGACCAACG_002,92
GAACGATGCGCTGACCAACG_003,162
GAACGATGCGCTGACCAACG_004,105
GAACGATGCGCTGACCAACG_005,178
GAACGATGCGCTGACCAACG_006,108
GAACGATGCGCTGACCAACG_007,180
GTATACCGGATTATTACCAC_001,199
CACGCACTCACCGAAGTACA_001,37
CACGCACTCACCGAAGTACA_002,158
CACGCACTCACCGAAGTACA_003,120
CACGCACTCACCGAAGTACA_004,155
CACGCACTCACCGAAGTACA_005,76
CACGCACTCACCGAAGTACA_006,81
CACGCACTCACCGAAGTACA_007,48
TCCAGGTGGGGTCCGCGTCG_001,7
TCCAGGTGGGGTCCGCGTCG_002,78
TCCAGGTGGGGTCCGCGTCG_003,70
TCCAGGTGGGGTCCGCGTCG_004,96
TCCAGGTGGGGTCCGCGTCG_005,198
TCCAGGTGGGGTCCGCGTCG_006,48
TCCAGGTGGGGTCCGCGTCG_007,117
TCCAGGTGGGGTCCGCGTCG_008,191
CCTCCAGGAGAACCTAGATG_001,17
CCTCCAGGAGAACCTAGATG_002,105
CCTCCAGGAGAACCTAGATG_003,86
CCTCCAGGAGAACCTAGATG_004,183
CCTCCAGGAGAACCTAGATG_005,114
CCTCCAGGAGAACCTAGATG_006,28
CCTCCAGGAGAACCTAGATG_007,141
CCTCCAGGAGAACCTAGATG_008,198
CCTCCAGGAGAACCTAGATG_009,2
CCTCCAGGAGAACCTAGATG_010,81
CCTCCAGGAGAACCTAGATG_011,9
CCTCCAGGAGAACCTAGATG_012,62
TGGACAAGCCCACTACCTCG_001,193
TGGACAAGCCCACTACCTCG_002,102
TGGACAAGCCCACTACCTCG_003,55
TGGACAAGCCCACTACCTCG_004,104
TGGACAAGCCCACTACCTCG_005,50
TGGACAAGCCCACTACCTCG_006,168
TGGACAAGCCCACTACCTCG_007,107
TGGACAAGCCCACTACCTCG_008,48
TGGACAAGCCCACTACCTCG_009,23
TGGACAAGCCCACTACCTCG_010,114
TGGACAAGCCCACTACCTCG_011,97
AGATCGCTGGAACCTCCATG_001,169
AGATCGCTGGAACCTCCATG_002,153
AGATCGCTGGAACCTCCATG_003,188
AGATCGCTGGAACCTCCATG_004,152
AGATCGCTGGAACCTCCATG_005,144
AGATCGCTGGAACCTCCATG_006,8
AGATCGCTGGAACCTCCATG_007,70
AGATCGCTGGAACCTCCATG_008,78
AGATCGCTGGAACCTCCATG_009,132
AGATCGCTGGAACCTCCATG_010,73
AGATCGCTGGAACCTCCATG_011,141
AGATCGCTGGAACCTCCATG_012,177
AGATCGCTGGAACCTCCATG_013,148
AGATCGCTGGAACCTCCATG_014,152
AGATCGCTGGAACCTCCATG_015,147
CGGAATCCTATGGTTCAACA_001,36
CGGAATCCTATGGTTCAACA_002,122
CGGAATCCTATGGTTCAACA_003,33
CGGAATCCTATGGTTCAACA_004,185
CGGAATCCTATGGTTCAACA_005,145
CGGAATCCTATGGTTCAACA_006,61
CGGAATCCTATGGTTCAACA_007,118
CGGAATCCTATGGTTCAACA_008,109
CGGAATCCTATGGTTCAACA_009,130
CGGAATCCTATGGTTCAACA_010,128
TGTTCGAACTGGTCAACCAA_001,5
TGTTCGAACTGGTCAACCAA_002,116
TGTTCGAACTGGTCAACCAA_003,59
TGTTCGAACTGGTCAACCAA_004,199
TGTTCGAACTGGTCAACCAA_005,140
TGTTCGAACTGGTCAACCAA_006,112
TGTTCGAACTGGTCAACCAA_007,45
GCCCGGCCAGCTCGTACACG_001,20
GCCCGGCCAGCTCGTACACG_002,30
GCCCGGCCAGCTCGTACACG_003,7
GCCCGGCCAGCTCGTACACG_004,63
GTGAGCACGGAATAGCTGGG_001,20
GTGAGCACGGAATAGCTGGG_002,120
GTGAGCACGGAATAGCTGGG_003,137
GTGAGCACGGAATAGCTGGG_004,166
GTGAGCACGGAATAGCTGGG_005,105
GTGAGCACGGAATAGCTGGG_006,170
GTGAGCACGGAATAGCTGGG_007,85
GTGAGCACGGAATAGCTGGG_008,49
GTGAGCACGGAATAGCTGGG_009,117
GTGAGCACGGAATAGCTGGG_010,148
GTGAGCACGGAATAGCTGGG_011,70
GTGAGCACGGAATAGCTGGG_012,29
GTGAGCACGGAATAGCTGGG_013,174
GTGAGCACGGAATAGCTGGG_014,83
GTGAGCACGGAATAGCTGGG_015,87
GTGAGCACGGAATAGCTGGG_016,120
GTGAGCACGGAATAGCTGGG_017,43
GTGAGCACGGAATAGCTGGG_018,156
GTGAGCACGGAATAGCTGGG_019,41
GTGAGCACGGAATAGCTGGG_020,52
GTGAGCACGGAATAGCTGGG_021,40
GTGAGCACGGAATAGCTGGG_022,18
GTGAGCACGGAATAGCTGGG_023,55
GTGAGCACGGAATAGCTGGG_024,90
GTGAGCACGGAATAGCTGGG_025,38
GTGAGCACGGAATAGCTGGG_026,168
GTGAGCACGGAATAGCTGGG_027,133
GTGAGCACGGAATAGCTGGG_028,48
GTGAGCACGGAATAGCTGGG_029,66
GTGAGCACGGAATAGCTGGG_030,169
GTGAGCACGGAATAGCTGGG_031,26
GTGAGCACGGAATAGCTGGG_032,151
GTGAGCACGGAATAGCTGGG_033,147
GTGAGCACGGAATAGCTGGG_034,126
GTGCCGAAGGGACCCAACCG_001,189
GTGCCGAAGGGACCCAACCG_002,21
GTGCCGAAGGGACCCAACCG_003,145
GTGCCGAAGGGACCCAACCG_004,44
GTGCCGAAGGGACCCAACCG_005,61
GTGCCGAAGGGACCCAACCG_006,91
GTGCCGAAGGGACCCAACCG_007,162
GTGCCGAAGGGACCCAACCG_008,57
GTGCCGAAGGGACCCAACCG_009,99
GTGCCGAAGGGACCCAACCG_010,100
GTGCCGAAGGGACCCAACCG_011,50
GTGCCGAAGGGACCCAACCG_012,197
GTGCCGAAGGGACCCAACCG_013,166
GTGCCGAAGGGACCCAACCG_014,135
GTGCCGAAGGGACCCAACCG_015,125
GTGCCGAAGGGACCCAACCG_016,36
GTGCCGAAGGGACCCAACCG_017,96
GTGCCGAAGGGACCCAACCG_018,162
GTGCCGAAGGGACCCAACCG_019,94
GTGCCGAAGGGACCCAACCG_020,160
GTGCCGAAGGGACCCAACCG_021,114
ATCATCCAGGGAGACACACA_001,55
ATCATCCAGGGAGACACACA_002,50
ATCATCCAGGGAGACACACA_003,188
ATCATCCAGGGAGACACACA_004,170
ATCATCCAGGGAGACACACA_005,15
ATCATCCAGGGAGACACACA_006,118
ATCATCCAGGGAGACACACA_007,44
ATCATCCAGGGAGACACACA_008,144
ATCATCCAGGGAGACACACA_009,87
ATCATCCAGGGAGACACACA_010,81
ATCATCCAGGGAGACACACA_011,15
ATCATCCAGGGAGACACACA_012,40
ATCATCCAGGGAGACACACA_013,184
ATCATCCAGGGAGACACACA_014,37
ATCATCCAGGGAGACACACA_015,66
CGGCACCTGTTAGGCTATTC_001,139
CGGCACCTGTTAGGCTATTC_002,186
CGGCACCTGTTAGGCTATTC_003,193
CGGCACCTGTTAGGCTATTC_004,74
CGGCACCTGTTAGGCTATTC_005,160
CGGCACCTGTTAGGCTATTC_006,56
CGGCACCTGTTAGGCTATTC_007,94
CGGCACCTGTTAGGCTATTC_008,61
CGGCACCTGTTAGGCTATTC_009,9
CGGCACCTGTTAGGCTATTC_010,48
CGGCACCTGTTAGGCTATTC_011,87
CGGCACCTGTTAGGCTATTC_012,83
TCCCTACTCTCCCAAAGATG_001,197
TGAACTCAGTCACTGAGGAA_001,77
TGAACTCAGTCACTGAGGAA_002,50
TGAACTCAGTCACTGAGGAA_003,15
TGAACTCAGTCACTGAGGAA_004,160
TGAACTCAGTCACTGAGGAA_005,198
TGAACTCAGTCACTGAGGAA_006,13
TGAACTCAGTCACTGAGGAA_007,61
TGAACTCAGTCACTGAGGAA_008,63
TGAACTCAGTCACTGAGGAA_009,56
GCTGCACTTCGAGATTTCCA_001,23
GCTGCACTTCGAGATTTCCA_002,145
GCTGCACTTCGAGATTTCCA_003,12
GCTGCACTTCGAGATTTCCA_004,68
GCTGCACTTCGAGATTTCCA_005,57
GCTGCACTTCGAGATTTCCA_006,78
GCTGCACTTCGAGATTTCCA_007,76
GGGTGTCAAACTTCAACCGC_001,20
GGGTGTCAAACTTCAACCGC_002,198
GGGTGTCAAACTTCAACCGC_003,199
GGGTGTCAAACTTCAACCGC_004,116
GGGTGTCAAACTTCAACCGC_005,184
GGGTGTCAAACTTCAACCGC_006,52
GGGTGTCAAACTTCAACCGC_007,117
GGGTGTCAAACTTCAACCGC_008,41
GGGTGTCAAACTTCAACCGC_009,157
GGGTGTCAAACTTCAACCGC_010,149
GGGTGTCAAACTTCAACCGC_011,105
ATGTGGACCATATCAGACAC_001,3
ATGTGGACCATATCAGACAC_002,183
GTCTAGCCAGACGCCAGTGT_001,116
GGTCACAGAGTTTCGAGACA_001,101
CGGCTCAGGAACGTCACACG_001,105
CGGCTCAGGAACGTCACACG_002,84
CGGCTCAGGAACGTCACACG_003,139
CGGCTCAGGAACGTCACACG_004,197
CGGCTCAGGAACGTCACACG_005,68
CGGCTCAGGAACGTCACACG_006,144
CGGCTCAGGAACGTCACACG_007,43
CGGCTCAGGAACGTCACACG_008,63
CGGCTCAGGAACGTCACACG_009,23
CGGCTCAGGAACGTCACACG_010,96
CGGCTCAGGAACGTCACACG_011,183
TCCACAAGGACAGCCATGGG_001,132
TCCACAAGGACAGCCATGGG_002,62
TCCACAAGGACAGCCATGGG_003,58
TCCACAAGGACAGCCATGGG_004,175
TCCACAAGGACAGCCATGGG_005,103
TCCACAAGGACAGCCATGGG_006,103
CATCCAGCCTAATGACGGCC_001,158
CATCCAGCCTAATGACGGCC_002,170
CATCCAGCCTAATGACGGCC_003,113
CATCCAGCCTAATGACGGCC_004,81
CATCCAGCCTAATGACGGCC_005,62
GAGGCCGACGAATAACCAGG_001,127
GAGGCCGACGAATAACCAGG_002,59
GAGGCCGACGAATAACCAGG_003,198
GAGGCCGACGAATAACCAGG_004,59
GAGGCCGACGAATAACCAGG_005,151
GCCGGCACATCACAAACCAG_001,76
GCCGGCACATCACAAACCAG_002,62
GCCGGCACATCACAAACCAG_003,116
TTTGTGTTCTGTGAGCGATG_001,168
TTTGTGTTCTGTGAGCGATG_002,199
TTTGTGTTCTGTGAGCGATG_003,139
TTTGTGTTCTGTGAGCGATG_004,104
TTTGTGTTCTGTGAGCGATG_005,42
TTTGTGTTCTGTGAGCGATG_006,61
TTTGTGTTCTGTGAGCGATG_007,145
TTTGTGTTCTGTGAGCGATG_008,63
TTTGTGTTCTGTGAGCGATG_009,54
TTTGTGTTCTGTGAGCGATG_010,13
TTTGTGTTCTGTGAGCGATG_011,29
TTTGTGTTCTGTGAGCGATG_012,170
TTTGTGTTCTGTGAGCGATG_013,70
TTTGTGTTCTGTGAGCGATG_014,6
TTTGTGTTCTGTGAGCGATG_015,105
TTTGTGTTCTGTGAGCGATG_016,6
TTTGTGTTCTGTGAGCGATG_017,188
TGTCAGGGCCTTACCTACTG_001,148
TGTCAGGGCCTTACCTACTG_002,115
TGTCAGGGCCTTACCTACTG_003,121
TGTCAGGGCCTTACCTACTG_004,52
TGTCAGGGCCTTACCTACTG_005,140
TGTCAGGGCCTTACCTACTG_006,90
TGTCAGGGCCTTACCTACTG_007,69
TGTCAGGGCCTTACCTACTG_008,115
TGTCAGGGCCTTACCTACTG_009,147
TGTCAGGGCCTTACCTACTG_010,55
TGTCAGGGCCTTACCTACTG_011,79
TGTCAGGGCCTTACCTACTG_012,103
TGTCAGGGCCTTACCTACTG_013,28
TGTCAGGGCCTTACCTACTG_014,57
TGTCAGGGCCTTACCTACTG_015,175
TGTCAGGGCCTTACCTACTG_016,175
TGTCAGGGCCTTACCTACTG_017,118
TGTCAGGGCCTTACCTACTG_018,183
TGTCAGGGCCTTACCTACTG_019,131
TGTCAGGGCCTTACCTACTG_020,61
ACTACCGGGACACAGGCCGT_001,139
ACTACCGGGACACAGGCCGT_002,43
ACTACCGGGACACAGGCCGT_003,60
ACTACCGGGACACAGGCCGT_004,153
ACTACCGGGACACAGGCCGT_005,44
ACTACCGGGACACAGGCCGT_006,9
ACTACCGGGACACAGGCCGT_007,129
ACTACCGGGACACAGGCCGT_008,150
ACTACCGGGACACAGGCCGT_009,174
ACTACCGGGACACAGGCCGT_010,148
ACTACCGGGACACAGGCCGT_011,121
ACTACCGGGACACAGGCCGT_012,139
ACTACCGGGACACAGGCCGT_013,12
AGAGGGATACTCACACTCCA_001,60
AGAGGGATACTCACACTCCA_002,94
AGAGGGATACTCACACTCCA_003,150
AGAGGGATACTCACACTCCA_004,75
GAAGGGAACCGACATGCTCC_001,138
GAAGGGAACCGACATGCTCC_002,127
GAAGGGAACCGACATGCTCC_003,50
GAAGGGAACCGACATGCTCC_004,182
GAAGGGAACCGACATGCTCC_005,96
GAAGGGAACCGACATGCTCC_006,12
GAAGGGAACCGACATGCTCC_007,116
GAAGGGAACCGACATGCTCC_008,184
GAAGGGAACCGACATGCTCC_009,55
GAAGGGAACCGACATGCTCC_010,121
GAAGGGAACCGACATGCTCC_011,97
GAAGGGAACCGACATGCTCC_012,5
TCATAGAGGCCAGCTAAACA_001,157
GACTCGTCCAGCCCTCACAG_001,127
GACTCGTCCAGCCCTCACAG_002,162
GACTCGTCCAGCCCTCACAG_003,19
GACTCGTCCAGCCCTCACAG_004,17
GACTCGTCCAGCCCTCACAG_005,94
GACTCGTCCAGCCCTCACAG_006,44
GACTCGTCCAGCCCTCACAG_007,35
GACTCGTCCAGCCCTCACAG_008,158
GACTCGTCCAGCCCTCACAG_009,91
GACTCGTCCAGCCCTCACAG_010,155
GACTCGTCCAGCCCTCACAG_011,76
GACTCGTCCAGCCCTCACAG_012,62
GACTCGTCCAGCCCTCACAG_013,127
GACTCGTCCAGCCCTCACAG_014,81
GACTCGTCCAGCCCTCACAG_015,81
GACTCGTCCAGCCCTCACAG_016,148
GACTCGTCCAGCCCTCACAG_017,144
GACTCGTCCAGCCCTCACAG_018,65
GACTCGTCCAGCCCTCACAG_019,48
GACTCGTCCAGCCCTCACAG_020,9
GACTCGTCCAGCCCTCACAG_021,94
GACTCGTCCAGCCCTCACAG_022,150
GACTCGTCCAGCCCTCACAG_023,127
GACTCGTCCAGCCCTCACAG_024,186
GACTCGTCCAGCCCTCACAG_025,196
GACTCGTCCAGCCCTCACAG_026,19
GACTCGTCCAGCCCTCACAG_027,88
GACTCGTCCAGCCCTCACAG_028,88
GACTCGTCCAGCCCTCACAG_029,40
GACTCGTCCAGCCCTCACAG_030,1
GACTCGTCCAGCCCTCACAG_031,136
GACTCGTCCAGCCCTCACAG_032,119
GACTCGTCCAGCCCTCACAG_033,26
GACTCGTCCAGCCCTCACAG_034,192
CCGTCCCAAGAACGCCACCA_001,172
CCGTCCCAAGAACGCCACCA_002,82
CCGTCCCAAGAACGCCACCA_003,176
CCGTCCCAAGAACGCCACCA_004,160
CCGTCCCAAGAACGCCACCA_005,177
CCGTCCCAAGAACGCCACCA_006,2
CCGTCCCAAGAACGCCACCA_007,127
CCGTCCCAAGAACGCCACCA_008,161
CCGTCCCAAGAACGCCACCA_009,32
CCGTCCCAAGAACGCCACCA_010,160
CCGTCCCAAGAACGCCACCA_011,9
CCGTCCCAAGAACGCCACCA_012,5
CCGTCCCAAGAACGCCACCA_013,92
CCGTCCCAAGAACGCCACCA_014,141
CCGTCCCAAGAACGCCACCA_015,2
CCGTCCCAAGAACGCCACCA_016,191
GCATTACTTACGTAGGGTGG_001,29
GCATTACTTACGTAGGGTGG_002,182
GCATTACTTACGTAGGGTGG_003,124
GGACGAGTTTGAGAACATGT_001,126
GGACGAGTTTGAGAACATGT_002,64
GGACGAGTTTGAGAACATGT_003,41
GGACGAGTTTGAGAACATGT_004,121
GGACGAGTTTGAGAACATGT_005,10
GAGCTGACTTTCCGACAGTG_001,20
GAGCTGACTTTCCGACAGTG_002,106
GAGCTGACTTTCCGACAGTG_003,75
GAGCTGACTTTCCGACAGTG_004,91
GAGCTGACTTTCCGACAGTG_005,76
GAGCTGACTTTCCGACAGTG_006,19
GAGCTGACTTTCCGACAGTG_007,41
GAGCTGACTTTCCGACAGTG_008,70
GAGCTGACTTTCCGACAGTG_009,56
TCTGTGAGCGAAAATATCCC_001,55
CACTGCAGCCAGATCTGAGG_001,73
CACTGCAGCCAGATCTGAGG_002,56
CACTGCAGCCAGATCTGAGG_003,34
CACTGCAGCCAGATCTGAGG_004,168
CACTGCAGCCAGATCTGAGG_005,130
CACTGCAGCCAGATCTGAGG_006,148
CACTGCAGCCAGATCTGAGG_007,62
CACTGCAGCCAGATCTGAGG_008,60
CACTGCAGCCAGATCTGAGG_009,2
CACTGCAGCCAGATCTGAGG_010,70
CACTGCAGCCAGATCTGAGG_011,147
CACTGCAGCCAGATCTGAGG_012,6
CACTGCAGCCAGATCTGAGG_013,17
CACTGCAGCCAGATCTGAGG_014,57
TTCCCCACAGAACACGATGT_001,93
TTCCCCACAGAACACGATGT_002,72
TTCCCCACAGAACACGATGT_003,160
TTCCCCACAGAACACGATGT_004,88
TTCCCCACAGAACACGATGT_005,172
TTCCCCACAGAACACGATGT_006,114
TTCCCCACAGAACACGATGT_007,9
TTCCCCACAGAACACGATGT_008,139
TTCCCCACAGAACACGATGT_009,41
TTCCCCACAGAACACGATGT_010,51
TTCCCCACAGAACACGATGT_011,194
TTCCCCACAGAACACGATGT_012,88
TTCCCCACAGAACACGATGT_013,72
TTCCCCACAGAACACGATGT_014,50
TTCCCCACAGAACACGATGT_015,119
TTCCCCACAGAACACGATGT_016,22
TTCCCCACAGAACACGATGT_017,2
TTCCCCACAGAACACGATGT_018,149
AGGTAAATCTTTAACAATAA_001,50
CTGGAAACGACTCTGACTCG_001,173
CTGTCTGTCTGAGCAGAGCG_001,42
CTGTCTGTCTGAGCAGAGCG_002,108
CTGTCTGTCTGAGCAGAGCG_003,108
CTGTCTGTCTGAGCAGAGCG_004,3
CTGTCTGTCTGAGCAGAGCG_005,130
CTGTCTGTCTGAGCAGAGCG_006,33
CTGTCTGTCTGAGCAGAGCG_007,158
CTGTCTGTCTGAGCAGAGCG_008,124
CTGTCTGTCTGAGCAGAGCG_009,172
CTGTCTGTCTGAGCAGAGCG_010,68
CTGTCTGTCTGAGCAGAGCG_011,46
CTCCTCACAGTTCACGAGGA_001,161
CTCCTCACAGTTCACGAGGA_002,161
CTCCTCACAGTTCACGAGGA_003,19
CTCCTCACAGTTCACGAGGA_004,149
CTCCTCACAGTTCACGAGGA_005,52
CTCCTCACAGTTCACGAGGA_006,141
CTCCTCACAGTTCACGAGGA_007,95
CTCCTCACAGTTCACGAGGA_008,179
CTCCTCACAGTTCACGAGGA_009,56
CTCCTCACAGTTCACGAGGA_010,52
CTCCTCACAGTTCACGAGGA_011,155
CTCCTCACAGTTCACGAGGA_012,175
CTCCTCACAGTTCACGAGGA_013,28
CTCCTCACAGTTCACGAGGA_014,80
GTTCAGTACGTATGGCACAC_001,124
ATGAATGTACATCAGATGGG_001,77
ATGAATGTACATCAGATGGG_002,155
ATGAATGTACATCAGATGGG_003,174
ATGAATGTACATCAGATGGG_004,14
ATGAATGTACATCAGATGGG_005,14
ATGAATGTACATCAGATGGG_006,137
ATGAATGTACATCAGATGGG_007,94
GTATTTATCAGGCTGAATCC_001,157
GTATTTATCAGGCTGAATCC_002,190
GTATTTATCAGGCTGAATCC_003,10
ACGAAGATCATGATCGGCAT_001,55
ACGAAGATCATGATCGGCAT_002,53
ACGAAGATCATGATCGGCAT_003,55
ACGAAGATCATGATCGGCAT_004,91
ACGAAGATCATGATCGGCAT_005,26
ACGAAGATCATGATCGGCAT_006,175
ACGAAGATCATGATCGGCAT_007,177
ACGAAGATCATGATCGGCAT_008,15
ACGAAGATCATGATCGGCAT_009,97
TTAGGACATCCAAATATGGG_001,112
TTAGGACATCCAAATATGGG_002,139
TTAGGACATCCAAATATGGG_003,49
TTAGGACATCCAAATATGGG_004,14
TTAGGACATCCAAATATGGG_005,199
TTAGGACATCCAAATATGGG_006,5
AGGGCCTACCCATGATCTGA_001,58
AGGGCCTACCCATGATCTGA_002,185
AGGGCCTACCCATGATCTGA_003,198
AGGGCCTACCCATGATCTGA_004,16
AGGGCCTACCCATGATCTGA_005,150
AGGGCCTACCCATGATCTGA_006,154
AGGGCCTACCCATGATCTGA_007,121
AGGGCCTACCCATGATCTGA_008,92
AGGGCCTACCCATGATCTGA_009,72
AGGGCCTACCCATGATCTGA_010,61
TGAGCTACTGCTTCTGTCTG_001,41
TGAGCTACTGCTTCTGTCTG_002,145
TGAGCTACTGCTTCTGTCTG_003,60
TGAGCTACTGCTTCTGTCTG_004,161
TGAGCTACTGCTTCTGTCTG_005,198
TCCAAGCTGAGCCCCCCGCG_001,70
TCCAAGCTGAGCCCCCCGCG_002,1
TCCAAGCTGAGCCCCCCGCG_003,29
TCCAAGCTGAGCCCCCCGCG_004,76
TCCAAGCTGAGCCCCCCGCG_005,26
TCCAAGCTGAGCCCCCCGCG_006,165
TCCAAGCTGAGCCCCCCGCG_007,170
TCCAAGCTGAGCCCCCCGCG_008,153
TCCAAGCTGAGCCCCCCGCG_009,56
TCCAAGCTGAGCCCCCCGCG_010,104
TCCCTACCTTGAGAGCCATT_001,85
TCCCTACCTTGAGAGCCATT_002,63
TCCCTACCTTGAGAGCCATT_003,52
TCCCTACCTTGAGAGCCATT_004,185
TCCCTACCTTGAGAGCCATT_005,59
TCCCTACCTTGAGAGCCATT_006,116
TCCCTACCTTGAGAGCCATT_007,145
TCCCTACCTTGAGAGCCATT_008,41
TCCCTACCTTGAGAGCCATT_009,76
TCCCTACCTTGAGAGCCATT_010,191
TCCCTACCTTGAGAGCCATT_011,126
TCCCTACCTTGAGAGCCATT_012,33
TCCCTACCTTGAGAGCCATT_013,116
TCCCTACCTTGAGAGCCATT_014,127
AAAGCTCCACATATAAATGG_001,9
AAAGCTCCACATATAAATGG_002,61
CCACCCAGAGCACTACGACA_001,24
CCACCCAGAGCACTACGACA_002,53
CCACCCAGAGCACTACGACA_003,88
CCACCCAGAGCACTACGACA_004,169
CCACCCAGAGCACTACGACA_005,20
CCACCCAGAGCACTACGACA_006,137
CCACCCAGAGCACTACGACA_007,40
CCACCCAGAGCACTACGACA_008,123
CCACCCAGAGCACTACGACA_009,156
CCACCCAGAGCACTACGACA_010,115
CCACCCAGAGCACTACGACA_011,61
CCACCCAGAGCACTACGACA_012,17
CCACCCAGAGCACTACGACA_013,92
CCACCCAGAGCACTACGACA_014,82
CCACCCAGAGCACTACGACA_015,108
CCACCCAGAGCACTACGACA_016,80
CCACCCAGAGCACTACGACA_017,35
CCACCCAGAGCACTACGACA_018,124
CCACCCAGAGCACTACGACA_019,172
CCACCCAGAGCACTACGACA_020,152
CCACCCAGAGCACTACGACA_021,177
ACTATGCATGTTGGGTCTCG_001,60
ACTATGCATGTTGGGTCTCG_002,18
ACTATGCATGTTGGGTCTCG_003,57
ACTATGCATGTTGGGTCTCG_004,134
ACTATGCATGTTGGGTCTCG_005,101
ACTATGCATGTTGGGTCTCG_006,169
ACTATGCATGTTGGGTCTCG_007,116
ACAACGACAATTGGGGCACG_001,43
ACAACGACAATTGGGGCACG_002,137
CTGGAAAGGCCATCAATGAG_001,70
CTGGAAAGGCCATCAATGAG_002,32
CTGGAAAGGCCATCAATGAG_003,197
CTGGAAAGGCCATCAATGAG_004,30
CTGGAAAGGCCATCAATGAG_005,30
CTGGAAAGGCCATCAATGAG_006,80
AAGGCTCGTTCAGCAAGAGG_001,57
AAGGCTCGTTCAGCAAGAGG_002,152
AAGGCTCGTTCAGCAAGAGG_003,24
AAGGCTCGTTCAGCAAGAGG_004,132
GAAGTGGTAGAATCCTGTCG_001,55
GAAGTGGTAGAATCCTGTCG_002,162
GTGGTATCTCGGCTCCACGA_001,23
GTGGTATCTCGGCTCCACGA_002,23
GTGGTATCTCGGCTCCACGA_003,33
GTGGTATCTCGGCTCCACGA_004,108
GGCATGGTCACTTACGCAGG_001,183
GGCATGGTCACTTACGCAGG_002,7
GGCATGGTCACTTACGCAGG_003,48
GGCATGGTCACTTACGCAGG_004,156
GGCATGGTCACTTACGCAGG_005,157
TGTGTTAATCCAAGAAGACG_001,169
AATCCAGCTCGCGTAAACAT_001,115
AATCCAGCTCGCGTAAACAT_002,49
AATCCAGCTCGCGTAAACAT_003,40
AATCCAGCTCGCGTAAACAT_004,4
AATCCAGCTCGCGTAAACAT_005,5
AATCCAGCTCGCGTAAACAT_006,85
AATCCAGCTCGCGTAAACAT_007,162
AATCCAGCTCGCGTAAACAT_008,144
AATCCAGCTCGCGTAAACAT_009,136
AATCCAGCTCGCGTAAACAT_010,136
AATCCAGCTCGCGTAAACAT_011,191
CTGGAACTTTGGGCCACCCA_001,115
CTGGAACTTTGGGCCACCCA_002,137
CTGGAACTTTGGGCCACCCA_003,150
CTGGAACTTTGGGCCACCCA_004,162
CTGGAACTTTGGGCCACCCA_005,1
CTGGAACTTTGGGCCACCCA_006,41
CTGGAACTTTGGGCCACCCA_007,51
CTGGAACTTTGGGCCACCCA_008,190
CTGGAACTTTGGGCCACCCA_009,153
CTGGAACTTTGGGCCACCCA_010,1
CTGGAACTTTGGGCCACCCA_011,94
CTGGAACTTTGGGCCACCCA_012,81
CTGGAACTTTGGGCCACCCA_013,149
GTCGTGCATGTAATCCATCA_001,53
GTCGTGCATGTAATCCATCA_002,177
GTCGTGCATGTAATCCATCA_003,52
GTCGTGCATGTAATCCATCA_004,33
GTCGTGCATGTAATCCATCA_005,10
GATGTGGCAAATCATTCAGT_001,140
GATGTGGCAAATCATTCAGT_002,190
GATGTGGCAAATCATTCAGT_003,121
GATGTGGCAAATCATTCAGT_004,143
GATGTGGCAAATCATTCAGT_005,143
GATGTGGCAAATCATTCAGT_006,141
GATGTGGCAAATCATTCAGT_007,31
TTGCAGCTGGTACTTTAGCG_001,112
TTGCAGCTGGTACTTTAGCG_002,160
TTGCAGCTGGTACTTTAGCG_003,82
TTGCAGCTGGTACTTTAGCG_004,25
TTGCAGCTGGTACTTTAGCG_005,161
TTGCAGCTGGTACTTTAGCG_006,123
TTGCAGCTGGTACTTTAGCG_007,160
TTGCAGCTGGTACTTTAGCG_008,157
TTGCAGCTGGTACTTTAGCG_009,105
TTGCAGCTGGTACTTTAGCG_010,178
TTGCAGCTGGTACTTTAGCG_011,15
TTGCAGCTGGTACTTTAGCG_012,30
GCCTTGTCATTTGACAACCG_001,62
GCCTTGTCATTTGACAACCG_002,51
GCCTTGTCATTTGACAACCG_003,34
GCCTTGTCATTTGACAACCG_004,3
GCCTTGTCATTTGACAACCG_005,76
GCCTTGTCATTTGACAACCG_006,134
GCCTTGTCATTTGACAACCG_007,56
GCCTTGTCATTTGACAACCG_008,94
AAACTAATTGGACCAATGAG_001,175
AAACTAATTGGACCAATGAG_002,77
AAACTAATTGGACCAATGAG_003,73
AAACTAATTGGACCAATGAG_004,3
AAACTAATTGGACCAATGAG_005,45
CTTCTCCACGTCGTAGCCTG_001,20
CTTCTCCACGTCGTAGCCTG_002,169
CTTCTCCACGTCGTAGCCTG_003,128
CTTCTCCACGTCGTAGCCTG_004,160
CTTCTCCACGTCGTAGCCTG_005,24
TCATAGGATTGGCTCCAGAG_001,50
TCATAGGATTGGCTCCAGAG_002,177
TCATAGGATTGGCTCCAGAG_003,15
TCATAGGATTGGCTCCAGAG_004,145
TCATAGGATTGGCTCCAGAG_005,199
TCATAGGATTGGCTCCAGAG_006,137
TCATAGGATTGGCTCCAGAG_007,36
GCGCCCACGAGGTCCCCTCG_001,171
GCGCCCACGAGGTCCCCTCG_002,132
GCGCCCACGAGGTCCCCTCG_003,102
GCGCCCACGAGGTCCCCTCG_004,63
CAGCATTGTCCACTCCGGAG_001,175
CAGCATTGTCCACTCCGGAG_002,31
CAGCATTGTCCACTCCGGAG_003,14
CAGCATTGTCCACTCCGGAG_004,103
CAGCATTGTCCACTCCGGAG_005,115
CAGCATTGTCCACTCCGGAG_006,2
CAGCATTGTCCACTCCGGAG_007,74
CAGCATTGTCCACTCCGGAG_008,153
CAGCATTGTCCACTCCGGAG_009,72
CAGCATTGTCCACTCCGGAG_010,128
GGCAGGCCATGCAAAATGGG_001,60
GGCAGGCCATGCAAAATGGG_002,41
GGCAGGCCATGCAAAATGGG_003,37
GGCAGGCCATGCAAAATGGG_004,99
GGCAGGCCATGCAAAATGGG_005,56
GGCAGGCCATGCAAAATGGG_006,81
GGCAGGCCATGCAAAATGGG_007,67
GGCAGGCCATGCAAAATGGG_008,176
GGCAGGCCATGCAAAATGGG_009,166
GGCAGGCCATGCAAAATGGG_010,104
GGCAGGCCATGCAAAATGGG_011,28
GGCAGGCCATGCAAAATGGG_012,176
CCTGTTTCTAGGCTTCTACG_001,174
CCTGTTTCTAGGCTTCTACG_002,180
CCTGTTTCTAGGCTTCTACG_003,178
CCATGGCCCCTATCCCTACC_001,31
CCATGGCCCCTATCCCTACC_002,118
CCATGGCCCCTATCCCTACC_003,184
CCATGGCCCCTATCCCTACC_004,185
CCATGGCCCCTATCCCTACC_005,72
TTCCCCTCCTAACAACAAGG_001,2
TTCCCCTCCTAACAACAAGG_002,67
TTCCCCTCCTAACAACAAGG_003,83
TTCCCCTCCTAACAACAAGG_004,101
TTCCCCTCCTAACAACAAGG_005,146
TTCCCCTCCTAACAACAAGG_006,75
TTCCCCTCCTAACAACAAGG_007,58
TTCCCCTCCTAACAACAAGG_008,15
TGTGGAAGTATAGTGACTGG_001,160
TGTGGAAGTATAGTGACTGG_002,53
TGTGGAAGTATAGTGACTGG_003,133
ACCATACCATAATGGTAAGG_001,86
ACCATACCATAATGGTAAGG_002,159
TACACAAAGCACAAATGGAG_001,48
TACACAAAGCACAAATGGAG_002,30
GAAGAAGATCGAACATGACG_001,77
GAAGAAGATCGAACATGACG_002,105
GAAGAAGATCGAACATGACG_003,50
GAAGAAGATCGAACATGACG_004,134
CGAGTATTACAATGTGCCGG_001,150
CGAGTATTACAATGTGCCGG_002,84
CGAGTATTACAATGTGCCGG_003,17
TGCTTGAATACACTGAGACC_001,32
CCAGCTACCCTGATTCAGAG_001,21
CCAGCTACCCTGATTCAGAG_002,12
CCAGCTACCCTGATTCAGAG_003,94
CCAGCTACCCTGATTCAGAG_004,2
GGGGCCCCAAAGTCGCCCAG_001,144
GGGGCCCCAAAGTCGCCCAG_002,183
GGGGCCCCAAAGTCGCCCAG_003,59
GGGGCCCCAAAGTCGCCCAG_004,28
GGGGCCCCAAAGTCGCCCAG_005,50
GGGGCCCCAAAGTCGCCCAG_006,116
GGGGCCCCAAAGTCGCCCAG_007,6
GGGGCCCCAAAGTCGCCCAG_008,49
GGGGCCCCAAAGTCGCCCAG_009,138
GGGGCCCCAAAGTCGCCCAG_010,68
GGGGCCCCAAAGTCGCCCAG_011,129
GGGGCCCCAAAGTCGCCCAG_012,103
GGGGCCCCAAAGTCGCCCAG_013,33
GGGGCCCCAAAGTCGCCCAG_014,148
GGGGCCCCAAAGTCGCCCAG_015,99
GGGGCCCCAAAGTCGCCCAG_016,128
GGGGCCCCAAAGTCGCCCAG_017,48
GGGGCCCCAAAGTCGCCCAG_018,147
GGGGCCCCAAAGTCGCCCAG_019,60
GGGGCCCCAAAGTCGCCCAG_020,2
GGGGCCCCAAAGTCGCCCAG_021,62
GGGGCCCCAAAGTCGCCCAG_022,113
GGGGCCCCAAAGTCGCCCAG_023,150
GGGGCCCCAAAGTCGCCCAG_024,51
GGGGCCCCAAAGTCGCCCAG_025,63
GGGGCCCCAAAGTCGCCCAG_026,123
GGGGCCCCAAAGTCGCCCAG_027,128
GGGGCCCCAAAGTCGCCCAG_028,87
GGGGCCCCAAAGTCGCCCAG_029,42
GGGGCCCCAAAGTCGCCCAG_030,33
GGGGCCCCAAAGTCGCCCAG_031,138
GGGGCCCCAAAGTCGCCCAG_032,154
GGGGCCCCAAAGTCGCCCAG_033,78
GGGGCCCCAAAGTCGCCCAG_034,152
GGGGCCCCAAAGTCGCCCAG_035,181
GGGGCCCCAAAGTCGCCCAG_036,95
GGGGCCCCAAAGTCGCCCAG_037,138
GGGGCCCCAAAGTCGCCCAG_038,125
GGGGCCCCAAAGTCGCCCAG_039,37
GGGGCCCCAAAGTCGCCCAG_040,1
GGGGCCCCAAAGTCGCCCAG_041,126
GGGGCCCCAAAGTCGCCCAG_042,160
TGTCCCACTTGCATCAAGCT_001,172
TGTCCCACTTGCATCAAGCT_002,148
ATGATAATACCTGTTTCTCG_001,107
ATGATAATACCTGTTTCTCG_002,60
ATGATAATACCTGTTTCTCG_003,23
ACACCGAGGAGAAGACTCAG_001,107
ACACCGAGGAGAAGACTCAG_002,12
ACACCGAGGAGAAGACTCAG_003,75
ACACCGAGGAGAAGACTCAG_004,133
ACACCGAGGAGAAGACTCAG_005,181
ACACCGAGGAGAAGACTCAG_006,115
ACACCGAGGAGAAGACTCAG_007,1
ACACCGAGGAGAAGACTCAG_008,145
ACACCGAGGAGAAGACTCAG_009,183
ACACCGAGGAGAAGACTCAG_010,180
ATTATGCCAAAAAACACCAA_001,191
ATTATGCCAAAAAACACCAA_002,15
ATTATGCCAAAAAACACCAA_003,62
ATTATGCCAAAAAACACCAA_004,68
ATTATGCCAAAAAACACCAA_005,65
ATTATGCCAAAAAACACCAA_006,179
ACCTCTACCATGAGAACCAC_001,144
ACCTCTACCATGAGAACCAC_002,69
ACCTCTACCATGAGAACCAC_003,190
ACCTCTACCATGAGAACCAC_004,41
ACCTCTACCATGAGAACCAC_005,55
ACCTCTACCATGAGAACCAC_006,148
ACCTCTACCATGAGAACCAC_007,145
ACCTCTACCATGAGAACCAC_008,19
ACCTCTACCATGAGAACCAC_009,162
ACCTCTACCATGAGAACCAC_010,102
CTCCTGGTCATATCCGACGG_001,88
CTCCTGGTCATATCCGACGG_002,136
CTCCTGGTCATATCCGACGG_003,193
CTCCTGGTCATATCCGACGG_004,63
CTCCTGGTCATATCCGACGG_005,19
CTCCTGGTCATATCCGACGG_006,130
CTCCTGGTCATATCCGACGG_007,150
CTCCTGGTCATATCCGACGG_008,137
CAAACCCCACTAGTCCACGC_001,125
CAAACCCCACTAGTCCACGC_002,10
CAAACCCCACTAGTCCACGC_003,5
CAAACCCCACTAGTCCACGC_004,76
CAAACCCCACTAGTCCACGC_005,48
CAAACCCCACTAGTCCACGC_006,28
CAAACCCCACTAGTCCACGC_007,160
CAAACCCCACTAGTCCACGC_008,15
CAAACCCCACTAGTCCACGC_009,137
CAAACCCCACTAGTCCACGC_010,186
CAAACCCCACTAGTCCACGC_011,152
CAAACCCCACTAGTCCACGC_012,17
CAAACCCCACTAGTCCACGC_013,75
CAAACCCCACTAGTCCACGC_014,121
CAAACCCCACTAGTCCACGC_015,196
CAAACCCCACTAGTCCACGC_016,40
CAAACCCCACTAGTCCACGC_017,169
CAAACCCCACTAGTCCACGC_018,169
CAAACCCCACTAGTCCACGC_019,49
CAAACCCCACTAGTCCACGC_020,106
CAAACCCCACTAGTCCACGC_021,78
CAAACCCCACTAGTCCACGC_022,169
CAAACCCCACTAGTCCACGC_023,34
CAAACCCCACTAGTCCACGC_024,112
CAAACCCCACTAGTCCACGC_025,184
CAAACCCCACTAGTCCACGC_026,105
CAAACCCCACTAGTCCACGC_027,184
CAAACCCCACTAGTCCACGC_028,88
CAAACCCCACTAGTCCACGC_029,88
CAAACCCCACTAGTCCACGC_030,35
CAAACCCCACTAGTCCACGC_031,35
CAAACCCCACTAGTCCACGC_032,88
CAAACCCCACTAGTCCACGC_033,1
GTAGAGTTTGGATCACGATG_001,104
GTAGAGTTTGGATCACGATG_002,146
GTAGAGTTTGGATCACGATG_003,32
GTAGAGTTTGGATCACGATG_004,53
GTAGAGTTTGGATCACGATG_005,132
GTAGAGTTTGGATCACGATG_006,108
GTAGAGTTTGGATCACGATG_007,121
GTAGAGTTTGGATCACGATG_008,150
GTAGAGTTTGGATCACGATG_009,113
GTAGAGTTTGGATCACGATG_010,128
GTAGAGTTTGGATCACGATG_011,137
GTAGAGTTTGGATCACGATG_012,94
GTAGAGTTTGGATCACGATG_013,118
GTAGAGTTTGGATCACGATG_014,8
GTAGAGTTTGGATCACGATG_015,166
GTAGAGTTTGGATCACGATG_016,99
GTAGAGTTTGGATCACGATG_017,180
GTAGAGTTTGGATCACGATG_018,127
TGCTATAAGAGACTAACCAC_001,29
TGCTATAAGAGACTAACCAC_002,2
TGCTATAAGAGACTAACCAC_003,144
TGCTATAAGAGACTAACCAC_004,94
TGCTATAAGAGACTAACCAC_005,108
TGCTATAAGAGACTAACCAC_006,108
TGCTATAAGAGACTAACCAC_007,81
GAGCCGCCGCCCATTCCCTG_001,15
GAGCCGCCGCCCATTCCCTG_002,151
GAGCCGCCGCCCATTCCCTG_003,19
GAGCCGCCGCCCATTCCCTG_004,160
GAGCCGCCGCCCATTCCCTG_005,33
GAGCCGCCGCCCATTCCCTG_006,140
GAGCCGCCGCCCATTCCCTG_007,191
GAGCCGCCGCCCATTCCCTG_008,25
GAGCCGCCGCCCATTCCCTG_009,40
GAGCCGCCGCCCATTCCCTG_010,186
GAGCCGCCGCCCATTCCCTG_011,84
GAGCCGCCGCCCATTCCCTG_012,134
GAGCCGCCGCCCATTCCCTG_013,138
GAGCCGCCGCCCATTCCCTG_014,175
GAGCCGCCGCCCATTCCCTG_015,27
GAGCCGCCGCCCATTCCCTG_016,9
GAGCCGCCGCCCATTCCCTG_017,168
GAGCCGCCGCCCATTCCCTG_018,106
GAGCCGCCGCCCATTCCCTG_019,57
GAGCCGCCGCCCATTCCCTG_020,180
GAGCCGCCGCCCATTCCCTG_021,139
GAGCCGCCGCCCATTCCCTG_022,65
GAGCCGCCGCCCATTCCCTG_023,49
AACAATGCCGAAACTCGAAG_001,199
AACAATGCCGAAACTCGAAG_002,113
AACAATGCCGAAACTCGAAG_003,114
AACAATGCCGAAACTCGAAG_004,194
AACAATGCCGAAACTCGAAG_005,197
AACAATGCCGAAACTCGAAG_006,62
AACAATGCCGAAACTCGAAG_007,49
AACAATGCCGAAACTCGAAG_008,128
GAACACGAGTACACCCATGT_001,197
GAACACGAGTACACCCATGT_002,107
GAACACGAGTACACCCATGT_003,133
GAACACGAGTACACCCATGT_004,17
TGAGCTCAAGTGCCCCACCG_001,68
TGAGCTCAAGTGCCCCACCG_002,65
TGAGCTCAAGTGCCCCACCG_003,63
TGAGCTCAAGTGCCCCACCG_004,8
TGAGCTCAAGTGCCCCACCG_005,72
TGAGCTCAAGTGCCCCACCG_006,177
TGAGCTCAAGTGCCCCACCG_007,157
TGAGCTCAAGTGCCCCACCG_008,69
TGAGCTCAAGTGCCCCACCG_009,50
TGAGCTCAAGTGCCCCACCG_010,132
TGAGCTCAAGTGCCCCACCG_011,180
TGAGCTCAAGTGCCCCACCG_012,42
TGAGCTCAAGTGCCCCACCG_013,188
TGAGCTCAAGTGCCCCACCG_014,70
TGAGCTCAAGTGCCCCACCG_015,159
TGAGCTCAAGTGCCCCACCG_016,135
TGAGCTCAAGTGCCCCACCG_017,15
TGAGCTCAAGTGCCCCACCG_018,44
TGAGCTCAAGTGCCCCACCG_019,43
TGAGCTCAAGTGCCCCACCG_020,40
TGAGCTCAAGTGCCCCACCG_021,56
TGAGCTCAAGTGCCCCACCG_022,10
TGAGCTCAAGTGCCCCACCG_023,140
TGAGCTCAAGTGCCCCACCG_024,63
TGAGCTCAAGTGCCCCACCG_025,0
TGAGCTCAAGTGCCCCACCG_026,142
TGAGCTCAAGTGCCCCACCG_027,98
TGAGCTCAAGTGCCCCACCG_028,7
ATTCCTACTTCAAACGAACG_001,38
ATTCCTACTTCAAACGAACG_002,172
ATTCCTACTTCAAACGAACG_003,86
GGGTGACATTGTAAGAAACC_001,138
GGGTGACATTGTAAGAAACC_002,48
GGGTGACATTGTAAGAAACC_003,158
GTAAGTGTGGCGGGCCACAA_001,17
GTAAGTGTGGCGGGCCACAA_002,20
GTAAGTGTGGCGGGCCACAA_003,38
GTAAGTGTGGCGGGCCACAA_004,146
GTAAGTGTGGCGGGCCACAA_005,78
GTAAGTGTGGCGGGCCACAA_006,183
GTAAGTGTGGCGGGCCACAA_007,172
GTAAGTGTGGCGGGCCACAA_008,24
GTAAGTGTGGCGGGCCACAA_009,160
GTAAGTGTGGCGGGCCACAA_010,126
GTAAGTGTGGCGGGCCACAA_011,129
GTAAGTGTGGCGGGCCACAA_012,127
GTAAGTGTGGCGGGCCACAA_013,162
GTAAGTGTGGCGGGCCACAA_014,94
GTAAGTGTGGCGGGCCACAA_015,103
GTAAGTGTGGCGGGCCACAA_016,67
GTAAGTGTGGCGGGCCACAA_017,13
GTAAGTGTGGCGGGCCACAA_018,165
GTAAGTGTGGCGGGCCACAA_019,5
GTAAGTGTGGCGGGCCACAA_020,185
GTAAGTGTGGCGGGCCACAA_021,15
CCACTGCACTCATGCCAGAA_001,41
CCACTGCACTCATGCCAGAA_002,94
CCACTGCACTCATGCCAGAA_003,15
CCACTGCACTCATGCCAGAA_004,76
CCACTGCACTCATGCCAGAA_005,168
CCACTGCACTCATGCCAGAA_006,141
CCACTGCACTCATGCCAGAA_007,182
CCACTGCACTCATGCCAGAA_008,67
CCACTGCACTCATGCCAGAA_009,4
CCACTGCACTCATGCCAGAA_010,40
GCCATTTATGAGGTCCGGAG_001,160
GCCATTTATGAGGTCCGGAG_002,172
GCCATTTATGAGGTCCGGAG_003,33
GCCATTTATGAGGTCCGGAG_004,147
GCCATTTATGAGGTCCGGAG_005,101
GCCATTTATGAGGTCCGGAG_006,82
GCCATTTATGAGGTCCGGAG_007,9
GCCATTTATGAGGTCCGGAG_008,17
GCCATTTATGAGGTCCGGAG_009,76
GCCATTTATGAGGTCCGGAG_010,72
GCCATTTATGAGGTCCGGAG_011,176
GCCATTTATGAGGTCCGGAG_012,81
GCCATTTATGAGGTCCGGAG_013,94
GCCATTTATGAGGTCCGGAG_014,81
GCCATTTATGAGGTCCGGAG_015,106
GCCATTTATGAGGTCCGGAG_016,88
GCCATTTATGAGGTCCGGAG_017,60
GCCATTTATGAGGTCCGGAG_018,36
GCCATTTATGAGGTCCGGAG_019,68
GCTGATGCAGGTAGCGCAGG_001,100
GCTGATGCAGGTAGCGCAGG_002,38
GCTGATGCAGGTAGCGCAGG_003,10
GCTGATGCAGGTAGCGCAGG_004,10
GCTGATGCAGGTAGCGCAGG_005,180
GCTGATGCAGGTAGCGCAGG_006,178
TCCAGCCAGTACGATTATGG_001,76
TCTTCACACAGTCTACCCTC_001,181
TCTTCACACAGTCTACCCTC_002,77
TGGACGGCCGGAATTTCCAT_001,48
TGGACGGCCGGAATTTCCAT_002,45
TGGACGGCCGGAATTTCCAT_003,5
TGGACGGCCGGAATTTCCAT_004,48
TGGACGGCCGGAATTTCCAT_005,105
TGGACGGCCGGAATTTCCAT_006,21
TGGACGGCCGGAATTTCCAT_007,38
TGGACGGCCGGAATTTCCAT_008,38
TGGACGGCCGGAATTTCCAT_009,50
CACCACGACACCTTTGCCGT_001,171
CACCACGACACCTTTGCCGT_002,116
CACCACGACACCTTTGCCGT_003,102
CACCACGACACCTTTGCCGT_004,102
CACCACGACACCTTTGCCGT_005,94
GATATTATTCGTGATCTGGG_001,177
GATATTATTCGTGATCTGGG_002,129
GATATTATTCGTGATCTGGG_003,113
CCAGGCTCACCTCTATAGTG_001,197
CCAGGCTCACCTCTATAGTG_002,166
CCAGGCTCACCTCTATAGTG_003,81
CCAGGCTCACCTCTATAGTG_004,81
CCAGGCTCACCTCTATAGTG_005,177
CCAGGCTCACCTCTATAGTG_006,162
CCAGGCTCACCTCTATAGTG_007,78
CCAGGCTCACCTCTATAGTG_008,62
CCAGGCTCACCTCTATAGTG_009,149
CCAGGCTCACCTCTATAGTG_010,33
CCAGGCTCACCTCTATAGTG_011,92
CCAGGCTCACCTCTATAGTG_012,162
CCAGGCTCACCTCTATAGTG_013,146
CCAGGCTCACCTCTATAGTG_014,116
CCAGGCTCACCTCTATAGTG_015,113
GGAGCACAGCCCACCCAATG_001,178
GGAGCACAGCCCACCCAATG_002,134
GGAGCACAGCCCACCCAATG_003,171
GGAGCACAGCCCACCCAATG_004,15
GGAGCACAGCCCACCCAATG_005,93
GGAGCACAGCCCACCCAATG_006,145
GGAGCACAGCCCACCCAATG_007,184
GGAGCACAGCCCACCCAATG_008,37
GGAGCACAGCCCACCCAATG_009,43
GGAGCACAGCCCACCCAATG_010,127
GGAGCACAGCCCACCCAATG_011,173
GGAGCACAGCCCACCCAATG_012,120
CCAGCCTCAAGTCTACACGC_001,130
CCAGCCTCAAGTCTACACGC_002,151
CCAGCCTCAAGTCTACACGC_003,152
CCAGCCTCAAGTCTACACGC_004,169
CCAGCCTCAAGTCTACACGC_005,146
CCAGCCTCAAGTCTACACGC_006,78
CCAGCCTCAAGTCTACACGC_007,43
GTCGTGGCAGTACTTGACGG_001,12
GTCGTGGCAGTACTTGACGG_002,25
GTCGTGGCAGTACTTGACGG_003,40
GTCGTGGCAGTACTTGACGG_004,174
GTCGTGGCAGTACTTGACGG_005,141
GTCGTGGCAGTACTTGACGG_006,27
GTCGTGGCAGTACTTGACGG_007,42
GTCGTGGCAGTACTTGACGG_008,108
GTCGTGGCAGTACTTGACGG_009,49
GTCGTGGCAGTACTTGACGG_010,177
GTCGTGGCAGTACTTGACGG_011,10
GTCGTGGCAGTACTTGACGG_012,188
GTCGTGGCAGTACTTGACGG_013,20
GTCGTGGCAGTACTTGACGG_014,136
GTCGTGGCAGTACTTGACGG_015,46
GTCGTGGCAGTACTTGACGG_016,104
AGGATCCTCAATGTTTACTG_001,141
AGGATCCTCAATGTTTACTG_002,113
AGGGCCGCACTCACTAACTG_001,137
AGGGCCGCACTCACTAACTG_002,59
AGGGCCGCACTCACTAACTG_003,147
AGGGCCGCACTCACTAACTG_004,81
AGGGCCGCACTCACTAACTG_005,198
AGGGCCGCACTCACTAACTG_006,83
AGGGCCGCACTCACTAACTG_007,83
AGGGCCGCACTCACTAACTG_008,44
AGGGCCGCACTCACTAACTG_009,83
AGGGCCGCACTCACTAACTG_010,181
AGGGCCGCACTCACTAACTG_011,127
AGGGCCGCACTCACTAACTG_012,137
AGGGCCGCACTCACTAACTG_013,0
AGGGCCGCACTCACTAACTG_014,23
AGGGCCGCACTCACTAACTG_015,149
AGGGCCGCACTCACTAACTG_016,35
CCAGAGCTTCTGGCGAACAG_001,153
TTGCCCTGCAGGTAATCGCG_001,130
TTGCCCTGCAGGTAATCGCG_002,115
TTGCCCTGCAGGTAATCGCG_003,199
TTGCCCTGCAGGTAATCGCG_004,4
GGATGGATCGGTGGTCCTGT_001,53
GGATGGATCGGTGGTCCTGT_002,118
GGATGGATCGGTGGTCCTGT_003,147
GGATGGATCGGTGGTCCTGT_004,8
GGATGGATCGGTGGTCCTGT_005,147
GGATGGATCGGTGGTCCTGT_006,38
GGATGGATCGGTGGTCCTGT_007,150
GGATGGATCGGTGGTCCTGT_008,105
GGATGGATCGGTGGTCCTGT_009,50
GGATGGATCGGTGGTCCTGT_010,19
GGATGGATCGGTGGTCCTGT_011,149
TGTAGAGTCTAATGCTGACT_001,129
TGTAGAGTCTAATGCTGACT_002,102
TGTAGAGTCTAATGCTGACT_003,131
TGTAGAGTCTAATGCTGACT_004,195
CTGCTGCTTCACATGTACGC_001,88
CTGCTGCTTCACATGTACGC_002,140
CTGCTGCTTCACATGTACGC_003,12
CTGCTGCTTCACATGTACGC_004,154
CTGCTGCTTCACATGTACGC_005,79
CTGCTGCTTCACATGTACGC_006,160
CTGCTGCTTCACATGTACGC_007,62
CTGCTGCTTCACATGTACGC_008,49
CTGCTGCTTCACATGTACGC_009,43
TGCCTCACAAGGCATCAGGT_001,94
TGCCTCACAAGGCATCAGGT_002,97
TGCCTCACAAGGCATCAGGT_003,105
TGCCTCACAAGGCATCAGGT_004,55
TGCCTCACAAGGCATCAGGT_005,72
AACACTCAGTGCATACAAAG_001,3
AACACTCAGTGCATACAAAG_002,98
AACACTCAGTGCATACAAAG_003,83
AACACTCAGTGCATACAAAG_004,77
AACACTCAGTGCATACAAAG_005,16
AACACTCAGTGCATACAAAG_006,100
AACACTCAGTGCATACAAAG_007,68
AACACTCAGTGCATACAAAG_008,63
AACACTCAGTGCATACAAAG_009,17
AACACTCAGTGCATACAAAG_010,176
AACACTCAGTGCATACAAAG_011,48
AACACTCAGTGCATACAAAG_012,63
AACACTCAGTGCATACAAAG_013,51
CTTGCTGGATGTGATACATG_001,70
CTTGCTGGATGTGATACATG_002,28
CTTGCTGGATGTGATACATG_003,153
CTTGCTGGATGTGATACATG_004,13
ACAACTACTGACCTGCAAGC_001,3
ACAACTACTGACCTGCAAGC_002,176
ACAACTACTGACCTGCAAGC_003,136
ACAACTACTGACCTGCAAGC_004,66
ACAACTACTGACCTGCAAGC_005,158
ACAACTACTGACCTGCAAGC_006,150
ACAACTACTGACCTGCAAGC_007,12
ACAACTACTGACCTGCAAGC_008,54
ACAACTACTGACCTGCAAGC_009,40
GTAGCCCAGAAGACAGTGGA_001,5
GTAGCCCAGAAGACAGTGGA_002,198
GTAGCCCAGAAGACAGTGGA_003,58
GTAGCCCAGAAGACAGTGGA_004,125
GTAGCCCAGAAGACAGTGGA_005,171
GTAGCCCAGAAGACAGTGGA_006,85
GTAGCCCAGAAGACAGTGGA_007,107
GTAGCCCAGAAGACAGTGGA_008,58
GTAGCCCAGAAGACAGTGGA_009,168
GTAGCCCAGAAGACAGTGGA_010,3
GTAGCCCAGAAGACAGTGGA_011,184
GTAGCCCAGAAGACAGTGGA_012,57
GTAGCCCAGAAGACAGTGGA_013,146
GTAGCCCAGAAGACAGTGGA_014,176
GTAGCCCAGAAGACAGTGGA_015,83
GTAGCCCAGAAGACAGTGGA_016,169
GTAGCCCAGAAGACAGTGGA_017,88
GTAGCCCAGAAGACAGTGGA_018,65
GTAGCCCAGAAGACAGTGGA_019,50
GTAGCCCAGAAGACAGTGGA_020,170
GTAGCCCAGAAGACAGTGGA_021,49
GTAGCCCAGAAGACAGTGGA_022,115
GTAGCCCAGAAGACAGTGGA_023,150
GTAGCCCAGAAGACAGTGGA_024,141
GTAGCCCAGAAGACAGTGGA_025,172
TGTGGTCTGAAAACCGATTG_001,149
TGTGGTCTGAAAACCGATTG_002,149
TGTGGTCTGAAAACCGATTG_003,171
TGTGGTCTGAAAACCGATTG_004,65
TGTGGTCTGAAAACCGATTG_005,68
TGTGGTCTGAAAACCGATTG_006,118
TGTGGTCTGAAAACCGATTG_007,34
TGTGGTCTGAAAACCGATTG_008,95
TGTGGTCTGAAAACCGATTG_009,6
AGGGGACAAAAGATTACTAA_001,56
AGGGGACAAAAGATTACTAA_002,8
AGGGGACAAAAGATTACTAA_003,83
AGGGGACAAAAGATTACTAA_004,85
AGGGGACAAAAGATTACTAA_005,16
AGGGGACAAAAGATTACTAA_006,145
AGGGGACAAAAGATTACTAA_007,25
AGGGGACAAAAGATTACTAA_008,60
TCTACTATATGTGCACGTAG_001,139
TCTACTATATGTGCACGTAG_002,85
TCTACTATATGTGCACGTAG_003,76
TCTACTATATGTGCACGTAG_004,121
CAACACTCAGAGACCCATGG_001,37
CAACACTCAGAGACCCATGG_002,79
CAACACTCAGAGACCCATGG_003,10
CAACACTCAGAGACCCATGG_004,67
CAACACTCAGAGACCCATGG_005,74
CAACACTCAGAGACCCATGG_006,3
CAACACTCAGAGACCCATGG_007,155
CAACACTCAGAGACCCATGG_008,81
CAACACTCAGAGACCCATGG_009,130
CAACACTCAGAGACCCATGG_010,48
CAACACTCAGAGACCCATGG_011,137
CAACACTCAGAGACCCATGG_012,77
CAACACTCAGAGACCCATGG_013,86
CAACACTCAGAGACCCATGG_014,172
CAACACTCAGAGACCCATGG_015,81
CAACACTCAGAGACCCATGG_016,40
CTCCACTCTTGGAAACCCAG_001,63
CTCCACTCTTGGAAACCCAG_002,143
CTCCACTCTTGGAAACCCAG_003,143
CTCCACTCTTGGAAACCCAG_004,78
CTCCACTCTTGGAAACCCAG_005,178
CTCCACTCTTGGAAACCCAG_006,96
CTCCACTCTTGGAAACCCAG_007,45
CTCCACTCTTGGAAACCCAG_008,63
CTCCACTCTTGGAAACCCAG_009,190
CTCCACTCTTGGAAACCCAG_010,138
CTCCACTCTTGGAAACCCAG_011,190
CTCCACTCTTGGAAACCCAG_012,108
CTCCACTCTTGGAAACCCAG_013,121
CCGGAAATGAGCGCCCTCCG_001,130
CCGGAAATGAGCGCCCTCCG_002,39
CCGGAAATGAGCGCCCTCCG_003,116
CCGGAAATGAGCGCCCTCCG_004,62
CCGGAAATGAGCGCCCTCCG_005,148
CCGGAAATGAGCGCCCTCCG_006,25
CCGGAAATGAGCGCCCTCCG_007,102
CCGGAAATGAGCGCCCTCCG_008,77
CCGGAAATGAGCGCCCTCCG_009,130
ACCTCAAAAAATGTATCCTG_001,146
ACCTCAAAAAATGTATCCTG_002,34
ACCTCAAAAAATGTATCCTG_003,45
ACCTCAAAAAATGTATCCTG_004,8
CAAACTTGCTTCCCACAAGA_001,127
CAAACTTGCTTCCCACAAGA_002,48
CAAACTTGCTTCCCACAAGA_003,53
CAAACTTGCTTCCCACAAGA_004,170
CAAACTTGCTTCCCACAAGA_005,32
CAAACTTGCTTCCCACAAGA_006,44
CAAACTTGCTTCCCACAAGA_007,102
CAAACTTGCTTCCCACAAGA_008,86
CAAACTTGCTTCCCACAAGA_009,58
CAAACTTGCTTCCCACAAGA_010,167
CAAACTTGCTTCCCACAAGA_011,77
CAAACTTGCTTCCCACAAGA_012,46
ATGATGTACAGACTATTGTT_001,34
ATGATGTACAGACTATTGTT_002,77
CAGAACCCCTGGGACCAGGG_001,68
CAGAACCCCTGGGACCAGGG_002,81
CAGAACCCCTGGGACCAGGG_003,102
CAGAACCCCTGGGACCAGGG_004,147
CAGAACCCCTGGGACCAGGG_005,160
CATCCGCGTGATGACACAAG_001,20
CATCCGCGTGATGACACAAG_002,135
CATCCGCGTGATGACACAAG_003,184
CATCCGCGTGATGACACAAG_004,41
CATCCGCGTGATGACACAAG_005,61
CATCCGCGTGATGACACAAG_006,21
CATCCGCGTGATGACACAAG_007,29
CATCCGCGTGATGACACAAG_008,185
CATCCGCGTGATGACACAAG_009,115
CATCCGCGTGATGACACAAG_010,184
CATCCGCGTGATGACACAAG_011,19
CATCCGCGTGATGACACAAG_012,6
CATCCGCGTGATGACACAAG_013,15
CATCCGCGTGATGACACAAG_014,48
CATCCGCGTGATGACACAAG_015,55
CTCGATGCACCATTGCAATG_001,23
TGTCTTTATCACACCTCCCG_001,39
TGTCTTTATCACACCTCCCG_002,40
TGTCTTTATCACACCTCCCG_003,159
TGTCTTTATCACACCTCCCG_004,19
TGTCTTTATCACACCTCCCG_005,17
TGTCTTTATCACACCTCCCG_006,91
TGTCTTTATCACACCTCCCG_007,109
TGTCTTTATCACACCTCCCG_008,31
TGTCTTTATCACACCTCCCG_009,109
CAGGAATCTGTCCTTGTCGG_001,48
CAGGAATCTGTCCTTGTCGG_002,127
CAGGAATCTGTCCTTGTCGG_003,197
CGCAGCGGCAGCCACGAGCA_001,16
CGCAGCGGCAGCCACGAGCA_002,60
CGCAGCGGCAGCCACGAGCA_003,188
CGCAGCGGCAGCCACGAGCA_004,67
CGCAGCGGCAGCCACGAGCA_005,63
GGATAAGAAAGAGACACAAG_001,147
GGATAAGAAAGAGACACAAG_002,22
GGATAAGAAAGAGACACAAG_003,41
GGATAAGAAAGAGACACAAG_004,127
GGATAAGAAAGAGACACAAG_005,49
GGATAAGAAAGAGACACAAG_006,53
GGATAAGAAAGAGACACAAG_007,184
GGATAAGAAAGAGACACAAG_008,29
GGATAAGAAAGAGACACAAG_009,138
AGCTCTTTAAAACACTGCAC_001,64
TCAAAGATCACAAAACCAAC_001,190
TCAAAGATCACAAAACCAAC_002,137
TCAAAGATCACAAAACCAAC_003,48
TCAAAGATCACAAAACCAAC_004,106
TCAAAGATCACAAAACCAAC_005,137
TCAAAGATCACAAAACCAAC_006,142
TCAAAGATCACAAAACCAAC_007,155
TCAAAGATCACAAAACCAAC_008,66
TCCCGTGCAATCGATAGCAG_001,130
TCCCGTGCAATCGATAGCAG_002,64
TCCCGTGCAATCGATAGCAG_003,94
TCCCGTGCAATCGATAGCAG_004,73
TCCCGTGCAATCGATAGCAG_005,68
GTCATAATCATTATCTGATA_001,93
GTCATAATCATTATCTGATA_002,19
TGTGGGATGAAGCCATGAGA_001,23
TGTGGGATGAAGCCATGAGA_002,41
TGTGGGATGAAGCCATGAGA_003,9
TGTGGGATGAAGCCATGAGA_004,144
TGTGGGATGAAGCCATGAGA_005,115
TGTGGGATGAAGCCATGAGA_006,118
TGTGGGATGAAGCCATGAGA_007,26
TGTGGGATGAAGCCATGAGA_008,104
TGTGGGATGAAGCCATGAGA_009,143
TGTGGGATGAAGCCATGAGA_010,143
TGTGGGATGAAGCCATGAGA_011,39
TGTGGGATGAAGCCATGAGA_012,50
TGTGGGATGAAGCCATGAGA_013,48
TGTGGGATGAAGCCATGAGA_014,187
TGTGGGATGAAGCCATGAGA_015,174
TGTGGGATGAAGCCATGAGA_016,148
TGTGGGATGAAGCCATGAGA_017,110
TGTGGGATGAAGCCATGAGA_018,134
TGTGGGATGAAGCCATGAGA_019,80
TGTGGGATGAAGCCATGAGA_020,149
TGTGGGATGAAGCCATGAGA_021,183
TGTGGGATGAAGCCATGAGA_022,105
TGTGGGATGAAGCCATGAGA_023,138
TGTGGGATGAAGCCATGAGA_024,43
TGTGGGATGAAGCCATGAGA_025,185
TTACCTGGAAAGACACTGGG_001,111
TTACCTGGAAAGACACTGGG_002,177
TTACCTGGAAAGACACTGGG_003,176
TTACCTGGAAAGACACTGGG_004,134
TTACCTGGAAAGACACTGGG_005,177
TTACCTGGAAAGACACTGGG_006,100
TTACCTGGAAAGACACTGGG_007,197
TTACCTGGAAAGACACTGGG_008,22
TTACCTGGAAAGACACTGGG_009,158
TTACCTGGAAAGACACTGGG_010,6
TTACCTGGAAAGACACTGGG_011,62
TTACCTGGAAAGACACTGGG_012,14
TTACCTGGAAAGACACTGGG_013,188
TTACCTGGAAAGACACTGGG_014,15
TTACCTGGAAAGACACTGGG_015,114
TTACCTGGAAAGACACTGGG_016,192
TTACCTGGAAAGACACTGGG_017,190
TTACCTGGAAAGACACTGGG_018,16
AAATGAAGTGCTAAAGACAA_001,92
AAATGAAGTGCTAAAGACAA_002,139
GATCCACCCGTGTTCCCACG_001,171
GATCCACCCGTGTTCCCACG_002,199
GATCCACCCGTGTTCCCACG_003,82
GATCCACCCGTGTTCCCACG_004,55
CAGCGAGAAGAGGGAACGTG_001,78
CAGCGAGAAGAGGGAACGTG_002,23
CAGCGAGAAGAGGGAACGTG_003,157
CAGCGAGAAGAGGGAACGTG_004,181
CAGCGAGAAGAGGGAACGTG_005,54
CAGCGAGAAGAGGGAACGTG_006,109
CAGCGAGAAGAGGGAACGTG_007,137
CAGCGAGAAGAGGGAACGTG_008,101
CAGCGAGAAGAGGGAACGTG_009,98
CAGCGAGAAGAGGGAACGTG_010,55
CAGCGAGAAGAGGGAACGTG_011,160
CAGCGAGAAGAGGGAACGTG_012,175
CAGCGAGAAGAGGGAACGTG_013,104
CAGCGAGAAGAGGGAACGTG_014,134
CAGCGAGAAGAGGGAACGTG_015,149
CAGCGAGAAGAGGGAACGTG_016,77
CAGCGAGAAGAGGGAACGTG_017,182
CAGCGAGAAGAGGGAACGTG_018,170
CAGCGAGAAGAGGGAACGTG_019,50
CAGCGAGAAGAGGGAACGTG_020,121
CAGCGAGAAGAGGGAACGTG_021,32
CAGCGAGAAGAGGGAACGTG_022,195
CAGCGAGAAGAGGGAACGTG_023,134
CAGCGAGAAGAGGGAACGTG_024,81
CAGCGAGAAGAGGGAACGTG_025,36
CAGCGAGAAGAGGGAACGTG_026,88
CAGCGAGAAGAGGGAACGTG_027,105
TACCGATTCGAATGTGCCAA_001,1
TACCGATTCGAATGTGCCAA_002,98
TACCGATTCGAATGTGCCAA_003,119
AGCTTCCTGATAGTTGCCGA_001,198
TCGACAGCCTCTGGTGTTAG_001,102
TCGACAGCCTCTGGTGTTAG_002,142
TCGACAGCCTCTGGTGTTAG_003,112
TCGACAGCCTCTGGTGTTAG_004,98
TCGACAGCCTCTGGTGTTAG_005,27
GAGGATCATGGACCTGCTTG_001,169
GAGGATCATGGACCTGCTTG_002,87
GAGGATCATGGACCTGCTTG_003,169
GAGGATCATGGACCTGCTTG_004,141
GAGGATCATGGACCTGCTTG_005,19
GAGGATCATGGACCTGCTTG_006,32
GAGGATCATGGACCTGCTTG_007,88
GAGGATCATGGACCTGCTTG_008,135
GAGGATCATGGACCTGCTTG_009,138
GAGGATCATGGACCTGCTTG_010,43
GAGGATCATGGACCTGCTTG_011,184
GAGGATCATGGACCTGCTTG_012,115
GAGGATCATGGACCTGCTTG_013,168
GAGGATCATGGACCTGCTTG_014,2
CAAATATCAATACCTAAGGG_001,77
CAAATATCAATACCTAAGGG_002,50
CACCCTTGGTCACCACCAAG_001,115
CACCCTTGGTCACCACCAAG_002,154
CACCCTTGGTCACCACCAAG_003,98
CACCCTTGGTCACCACCAAG_004,175
CACCCTTGGTCACCACCAAG_005,197
CACCCTTGGTCACCACCAAG_006,137
CACCCTTGGTCACCACCAAG_007,35
GGACTGTTGCTGACGACAGA_001,198
GGACTGTTGCTGACGACAGA_002,146
GGACTGTTGCTGACGACAGA_003,158
GGACTGTTGCTGACGACAGA_004,168
GGACTGTTGCTGACGACAGA_005,39
GGACTGTTGCTGACGACAGA_006,101
GGACTGTTGCTGACGACAGA_007,41
GGACTGTTGCTGACGACAGA_008,62
GGACTGTTGCTGACGACAGA_009,90
GGACTGTTGCTGACGACAGA_010,62
GGACTGTTGCTGACGACAGA_011,66
GGACTGTTGCTGACGACAGA_012,29
GGACTGTTGCTGACGACAGA_013,177
GGACTGTTGCTGACGACAGA_014,88
GGACTGTTGCTGACGACAGA_015,100
GGACTGTTGCTGACGACAGA_016,126
GGACTGTTGCTGACGACAGA_017,102
GGACTGTTGCTGACGACAGA_018,159
GGACTGTTGCTGACGACAGA_019,15
GGACTGTTGCTGACGACAGA_020,150
GGACTGTTGCTGACGACAGA_021,53
GGACTGTTGCTGACGACAGA_022,13
GGACTGTTGCTGACGACAGA_023,40
GGACTGTTGCTGACGACAGA_024,48
GGACTGTTGCTGACGACAGA_025,49
GGACTGTTGCTGACGACAGA_026,98
GGACTGTTGCTGACGACAGA_027,58
GGACTGTTGCTGACGACAGA_028,7
CCACACCCTGAATCTCACTC_001,191
CCACACCCTGAATCTCACTC_002,42
CCACACCCTGAATCTCACTC_003,115
CCACACCCTGAATCTCACTC_004,160
CCACACCCTGAATCTCACTC_005,94
CCACACCCTGAATCTCACTC_006,184
CCACACCCTGAATCTCACTC_007,112
CCACACCCTGAATCTCACTC_008,138
CCACACCCTGAATCTCACTC_009,175
CCACACCCTGAATCTCACTC_010,161
CCACACCCTGAATCTCACTC_011,82
CCACACCCTGAATCTCACTC_012,113
GGAGAAAGACCTTTCAAGTG_001,58
GGAGAAAGACCTTTCAAGTG_002,92
GGAGAAAGACCTTTCAAGTG_003,103
GGAGAAAGACCTTTCAAGTG_004,23
GGAGAAAGACCTTTCAAGTG_005,124
GGAGAAAGACCTTTCAAGTG_006,153
GGAGAAAGACCTTTCAAGTG_007,94
GGAGAAAGACCTTTCAAGTG_008,26
GGAGAAAGACCTTTCAAGTG_009,84
GGAGAAAGACCTTTCAAGTG_010,119
GGAGAAAGACCTTTCAAGTG_011,40
GGAGAAAGACCTTTCAAGTG_012,184
GGAGAAAGACCTTTCAAGTG_013,63
GGAGAAAGACCTTTCAAGTG_014,17
GGAGAAAGACCTTTCAAGTG_015,2
TAGACGAGAGGTCCTGTGTT_001,82
TAGACGAGAGGTCCTGTGTT_002,81
TAGACGAGAGGTCCTGTGTT_003,69
TAGACGAGAGGTCCTGTGTT_004,53
TAGACGAGAGGTCCTGTGTT_005,68
TAGACGAGAGGTCCTGTGTT_006,43
TAGACGAGAGGTCCTGTGTT_007,115
TAGACGAGAGGTCCTGTGTT_008,45
TAGACGAGAGGTCCTGTGTT_009,169
TAGACGAGAGGTCCTGTGTT_010,177
TAGACGAGAGGTCCTGTGTT_011,101
TAGACGAGAGGTCCTGTGTT_012,127
TAGACGAGAGGTCCTGTGTT_013,115
TAGACGAGAGGTCCTGTGTT_014,147
TAGACGAGAGGTCCTGTGTT_015,34
TAGACGAGAGGTCCTGTGTT_016,84
TAGACGAGAGGTCCTGTGTT_017,119
TAGACGAGAGGTCCTGTGTT_018,176
TAGACGAGAGGTCCTGTGTT_019,91
TAGACGAGAGGTCCTGTGTT_020,91
TAGACGAGAGGTCCTGTGTT_021,48
TAGACGAGAGGTCCTGTGTT_022,94
TAGACGAGAGGTCCTGTGTT_023,34
TAGACGAGAGGTCCTGTGTT_024,158
TAGACGAGAGGTCCTGTGTT_025,50
TAGACGAGAGGTCCTGTGTT_026,81
TAGACGAGAGGTCCTGTGTT_027,19
TAGACGAGAGGTCCTGTGTT_028,104
TAGACGAGAGGTCCTGTGTT_029,149
TAGACGAGAGGTCCTGTGTT_030,1
TAGACGAGAGGTCCTGTGTT_031,140
TAGACGAGAGGTCCTGTGTT_032,153
TAGACGAGAGGTCCTGTGTT_033,9
TAGACGAGAGGTCCTGTGTT_034,19
TAGACGAGAGGTCCTGTGTT_035,184
TAGACGAGAGGTCCTGTGTT_036,58
ACCAGGTATGAGCTGACCCG_001,161
ACCAGGTATGAGCTGACCCG_002,77
ACCAGGTATGAGCTGACCCG_003,49
ACCAGGTATGAGCTGACCCG_004,28
ACCAGGTATGAGCTGACCCG_005,48
ACCAGGTATGAGCTGACCCG_006,38
ACCAGGTATGAGCTGACCCG_007,4
ACCAGGTATGAGCTGACCCG_008,150
ACCAGGTATGAGCTGACCCG_009,94
ACCAGGTATGAGCTGACCCG_010,39
ACCAGGTATGAGCTGACCCG_011,19
CAGCGGCTACGACTGGACGC_001,139
CAGCGGCTACGACTGGACGC_002,5
CAGCGGCTACGACTGGACGC_003,68
CAGCGGCTACGACTGGACGC_004,197
CAGCGGCTACGACTGGACGC_005,77
CAGCGGCTACGACTGGACGC_006,172
CAGCGGCTACGACTGGACGC_007,74
CAGCGGCTACGACTGGACGC_008,52
CAGCGGCTACGACTGGACGC_009,72
CAGCGGCTACGACTGGACGC_010,187
CAGCGGCTACGACTGGACGC_011,104
CAGCGGCTACGACTGGACGC_012,81
CAGCGGCTACGACTGGACGC_013,28
CAGCGGCTACGACTGGACGC_014,75
CAGCGGCTACGACTGGACGC_015,179
CAGCGGCTACGACTGGACGC_016,10
CAGCGGCTACGACTGGACGC_017,190
CAGCGGCTACGACTGGACGC_018,87
CAGCGGCTACGACTGGACGC_019,146
AAGGCCCAAGACCATCACGC_001,190
AAGGCCCAAGACCATCACGC_002,164
AAGGCCCAAGACCATCACGC_003,164
AAGGCCCAAGACCATCACGC_004,183
AAGGCCCAAGACCATCACGC_005,76
AAGGCCCAAGACCATCACGC_006,176
AAGGCCCAAGACCATCACGC_007,174
AAGGCCCAAGACCATCACGC_008,107
AAGGCCCAAGACCATCACGC_009,160
AAGGCCCAAGACCATCACGC_010,126
AAGGCCCAAGACCATCACGC_011,52
AAGGCCCAAGACCATCACGC_012,196
AAGGCCCAAGACCATCACGC_013,28
AAGGCCCAAGACCATCACGC_014,158
AAGGCCCAAGACCATCACGC_015,29
AAGGCCCAAGACCATCACGC_016,28
AAGGCCCAAGACCATCACGC_017,185
AAGGCCCAAGACCATCACGC_018,125
AAGGCCCAAGACCATCACGC_019,107
AAGGCCCAAGACCATCACGC_020,132
AAGGCCCAAGACCATCACGC_021,44
AAGGCCCAAGACCATCACGC_022,122
AAGGCCCAAGACCATCACGC_023,122
AAGGCCCAAGACCATCACGC_024,142
AAGGCCCAAGACCATCACGC_025,27
AAGGCCCAAGACCATCACGC_026,0
GAAACCATCTCCCCAGGAGA_001,194
GAAACCATCTCCCCAGGAGA_002,139
AACTTATCGACTATCAACTT_001,12
AACTTATCGACTATCAACTT_002,137
AACTTATCGACTATCAACTT_003,124
AACTTATCGACTATCAACTT_004,137
AACTTATCGACTATCAACTT_005,17
GCAGAAGCGAGACCTCGGCG_001,48
GCAGAAGCGAGACCTCGGCG_002,193
GCAGAAGCGAGACCTCGGCG_003,62
GCAGAAGCGAGACCTCGGCG_004,185
GCAGAAGCGAGACCTCGGCG_005,149
GCAGAAGCGAGACCTCGGCG_006,169
GCAGAAGCGAGACCTCGGCG_007,87
GCAGAAGCGAGACCTCGGCG_008,2
GCAGAAGCGAGACCTCGGCG_009,50
GCAGAAGCGAGACCTCGGCG_010,19
GCAGAAGCGAGACCTCGGCG_011,168
GCAGAAGCGAGACCTCGGCG_012,113
GCAGAAGCGAGACCTCGGCG_013,104
GCAGAAGCGAGACCTCGGCG_014,198
GCAGAAGCGAGACCTCGGCG_015,63
GCAGAAGCGAGACCTCGGCG_016,0
GCAGAAGCGAGACCTCGGCG_017,62
GCAGAAGCGAGACCTCGGCG_018,19
GCAGAAGCGAGACCTCGGCG_019,56
GCAGAAGCGAGACCTCGGCG_020,122
GCAGAAGCGAGACCTCGGCG_021,73
GCAGAAGCGAGACCTCGGCG_022,32
GCAGAAGCGAGACCTCGGCG_023,91
GCAGAAGCGAGACCTCGGCG_024,17
GCAGAAGCGAGACCTCGGCG_025,188
GCAGAAGCGAGACCTCGGCG_026,90
GAAGTGATCCACAATACGGG_001,163
GAAGTGATCCACAATACGGG_002,144
GAAGTGATCCACAATACGGG_003,48
GAAGTGATCCACAATACGGG_004,17
GAAGTGATCCACAATACGGG_005,102
GAAGTGATCCACAATACGGG_006,74
GAAGTGATCCACAATACGGG_007,106
GAAGTGATCCACAATACGGG_008,39
GAAGTGATCCACAATACGGG_009,76
GAAGTGATCCACAATACGGG_010,117
GAAGTGATCCACAATACGGG_011,52
TGTCACAGGATAGAACACCT_001,198
TGTCACAGGATAGAACACCT_002,133
TGTCACAGGATAGAACACCT_003,160
TGTCACAGGATAGAACACCT_004,132
TGTCACAGGATAGAACACCT_005,29
TTGCACATAGGGGAAACCGT_001,145
TTGCACATAGGGGAAACCGT_002,184
TTGCACATAGGGGAAACCGT_003,69
TTGCACATAGGGGAAACCGT_004,137
TTGCACATAGGGGAAACCGT_005,61
TTGCACATAGGGGAAACCGT_006,29
TTGCACATAGGGGAAACCGT_007,169
TTGCACATAGGGGAAACCGT_008,61
TTGCACATAGGGGAAACCGT_009,48
TTGCACATAGGGGAAACCGT_010,194
TTGCACATAGGGGAAACCGT_011,145
TTGCACATAGGGGAAACCGT_012,66
TTGCACATAGGGGAAACCGT_013,52
TTGCACATAGGGGAAACCGT_014,67
TTGCACATAGGGGAAACCGT_015,50
TTGCACATAGGGGAAACCGT_016,149
TTGCACATAGGGGAAACCGT_017,27
TACAGAAAGCTGTTCATGGT_001,71
TACAGAAAGCTGTTCATGGT_002,147
CAGGTCCAGATCGAAATCCC_001,53
CAGGTCCAGATCGAAATCCC_002,165
CAGGTCCAGATCGAAATCCC_003,153
CAGGTCCAGATCGAAATCCC_004,16
CAGGTCCAGATCGAAATCCC_005,184
CAGGTCCAGATCGAAATCCC_006,158
AAGGACTTGATAGTAATGTG_001,113
AAGGACTTGATAGTAATGTG_002,84
AAGGACTTGATAGTAATGTG_003,15
AAGGACTTGATAGTAATGTG_004,120
AGATGCTAAGGACCATTATG_001,168
AGATGCTAAGGACCATTATG_002,106
AGATGCTAAGGACCATTATG_003,138
GGGGTGAACTCGAAGCTCAG_001,172
GGGGTGAACTCGAAGCTCAG_002,196
GGGGTGAACTCGAAGCTCAG_003,17
GGGGTGAACTCGAAGCTCAG_004,56
GGGGTGAACTCGAAGCTCAG_005,107
GGGGTGAACTCGAAGCTCAG_006,130
GGGGTGAACTCGAAGCTCAG_007,102
GGGGTGAACTCGAAGCTCAG_008,102
GGGGTGAACTCGAAGCTCAG_009,82
CTGGTGATGTTAATGCATCC_001,142
CTGGTGATGTTAATGCATCC_002,134
CTGGTGATGTTAATGCATCC_003,114
CTGGTGATGTTAATGCATCC_004,19
GCAGAGACTGGACTACACCG_001,48
GCAGAGACTGGACTACACCG_002,58
GCAGAGACTGGACTACACCG_003,115
GCAGAGACTGGACTACACCG_004,181
GCAGAGACTGGACTACACCG_005,178
GCAGAGACTGGACTACACCG_006,64
GCAGAGACTGGACTACACCG_007,67
GCAGAGACTGGACTACACCG_008,170
GCAGAGACTGGACTACACCG_009,169
GCAGAGACTGGACTACACCG_010,77
GCAGAGACTGGACTACACCG_011,57
GCAGAGACTGGACTACACCG_012,148
GCAGAGACTGGACTACACCG_013,70
GCAGAGACTGGACTACACCG_014,119
GCAGAGACTGGACTACACCG_015,146
GCAGAGACTGGACTACACCG_016,147
GCAGAGACTGGACTACACCG_017,61
GCAGAGACTGGACTACACCG_018,190
CATTATCCCTGGTATCCGCA_001,88
CATTATCCCTGGTATCCGCA_002,88
CATTATCCCTGGTATCCGCA_003,61
CATTATCCCTGGTATCCGCA_004,60
CATTATCCCTGGTATCCGCA_005,188
CCAGGACGTGTATGACAAAG_001,147
GCCAGAGCGTCACCTCCAGG_001,83
GCCAGAGCGTCACCTCCAGG_002,36
GCCAGAGCGTCACCTCCAGG_003,12
GCCAGAGCGTCACCTCCAGG_004,102
GCCAGAGCGTCACCTCCAGG_005,104
GCCAGAGCGTCACCTCCAGG_006,81
GCCAGAGCGTCACCTCCAGG_007,38
GCCAGAGCGTCACCTCCAGG_008,162
GCCAGAGCGTCACCTCCAGG_009,13
GCCAGAGCGTCACCTCCAGG_010,62
GCCAGAGCGTCACCTCCAGG_011,1
GCCAGAGCGTCACCTCCAGG_012,177
GCCAGAGCGTCACCTCCAGG_013,98
GCCAGAGCGTCACCTCCAGG_014,48
GGCGGAACCCGCTGTCTCAG_001,198
GGCGGAACCCGCTGTCTCAG_002,159
GGCGGAACCCGCTGTCTCAG_003,42
GGCGGAACCCGCTGTCTCAG_004,29
GGCGGAACCCGCTGTCTCAG_005,168
GGCGGAACCCGCTGTCTCAG_006,142
GGCGGAACCCGCTGTCTCAG_007,144
GGCGGAACCCGCTGTCTCAG_008,61
GGCGGAACCCGCTGTCTCAG_009,182
GGCGGAACCCGCTGTCTCAG_010,19
GGCAGTCGTTGTCTCTCACA_001,194
GGCAGTCGTTGTCTCTCACA_002,199
CCTCACAAACTGTAGAAAAG_001,154
CCTCACAAACTGTAGAAAAG_002,199
CCTCACAAACTGTAGAAAAG_003,199
CCTCACAAACTGTAGAAAAG_004,2
CCTCACAAACTGTAGAAAAG_005,152
CCTCACAAACTGTAGAAAAG_006,2
CCTCACAAACTGTAGAAAAG_007,7
CCTCACAAACTGTAGAAAAG_008,86
CCTCACAAACTGTAGAAAAG_009,66
CCTCACAAACTGTAGAAAAG_010,122
CCTCACAAACTGTAGAAAAG_011,176
CCTCACAAACTGTAGAAAAG_012,167
CCTCACAAACTGTAGAAAAG_013,77
GACAATCAGGATATTGAACC_001,106
GACAATCAGGATATTGAACC_002,141
GACAATCAGGATATTGAACC_003,144
GACAATCAGGATATTGAACC_004,69
GACAATCAGGATATTGAACC_005,113
TGCCATCGAACTTCTCTGGG_001,54
TGCCATCGAACTTCTCTGGG_002,45
TGCCATCGAACTTCTCTGGG_003,151
TGCCATCGAACTTCTCTGGG_004,184
TGCCATCGAACTTCTCTGGG_005,9
TGCCATCGAACTTCTCTGGG_006,175
CTCATTTCCCGGAAACATTG_001,170
CTCATTTCCCGGAAACATTG_002,50
CTCATTTCCCGGAAACATTG_003,196
CTCATTTCCCGGAAACATTG_004,195
CTCATTTCCCGGAAACATTG_005,176
CTCATTTCCCGGAAACATTG_006,162
CTCATTTCCCGGAAACATTG_007,177
CTCATTTCCCGGAAACATTG_008,58
CTCATTTCCCGGAAACATTG_009,185
CTCATTTCCCGGAAACATTG_010,87
CTCATTTCCCGGAAACATTG_011,53
CTCATTTCCCGGAAACATTG_012,194
CTCATTTCCCGGAAACATTG_013,147
CTCATTTCCCGGAAACATTG_014,188
CTCATTTCCCGGAAACATTG_015,147
CTCATTTCCCGGAAACATTG_016,94
CTCATTTCCCGGAAACATTG_017,56
AATCAAGGCAGGGATTGTAG_001,13
AATCAAGGCAGGGATTGTAG_002,169
AATCAAGGCAGGGATTGTAG_003,81
AATCAAGGCAGGGATTGTAG_004,117
TCAACAACAGCCTATTTCAG_001,4
TCAACAACAGCCTATTTCAG_002,130
TCAACAACAGCCTATTTCAG_003,9
TCAACAACAGCCTATTTCAG_004,35
AGCGCGATGTAGCTATAGGG_001,127
AGCGCGATGTAGCTATAGGG_002,20
AGCGCGATGTAGCTATAGGG_003,119
AGCGCGATGTAGCTATAGGG_004,84
AGCGCGATGTAGCTATAGGG_005,138
AGCGCGATGTAGCTATAGGG_006,119
AGCGCGATGTAGCTATAGGG_007,123
AGCGCGATGTAGCTATAGGG_008,141
AGCGCGATGTAGCTATAGGG_009,78
AGCGCGATGTAGCTATAGGG_010,40
AGCGCGATGTAGCTATAGGG_011,182
AGCGCGATGTAGCTATAGGG_012,37
AGCGCGATGTAGCTATAGGG_013,137
AGCGCGATGTAGCTATAGGG_014,168
CAGGTGGTCTGGCAGCACTG_001,155
CAGGTGGTCTGGCAGCACTG_002,105
CAGGTGGTCTGGCAGCACTG_003,145
CAGGTGGTCTGGCAGCACTG_004,97
CAGGTGGTCTGGCAGCACTG_005,193
CAGGTGGTCTGGCAGCACTG_006,54
CAGGTGGTCTGGCAGCACTG_007,78
CAGGTGGTCTGGCAGCACTG_008,177
CAGGTGGTCTGGCAGCACTG_009,169
CAGGTGGTCTGGCAGCACTG_010,161
CAGGTGGTCTGGCAGCACTG_011,0
CAGGTGGTCTGGCAGCACTG_012,130
CAGGTGGTCTGGCAGCACTG_013,30
CAGGTGGTCTGGCAGCACTG_014,176
CAGGTGGTCTGGCAGCACTG_015,147
CAGGTGGTCTGGCAGCACTG_016,111
CAGGTGGTCTGGCAGCACTG_017,185
CAGGTGGTCTGGCAGCACTG_018,185
GTTGCATAAAGATCCTACCC_001,137
GTTGCATAAAGATCCTACCC_002,49
CTGGAGGCAGTATCACCTAA_001,167
CTGGAGGCAGTATCACCTAA_002,149
CTGGAGGCAGTATCACCTAA_003,6
CTGGAGGCAGTATCACCTAA_004,178
CTGGAGGCAGTATCACCTAA_005,160
GCTGCCCGGCGACTTCCGCG_001,70
GCTGCCCGGCGACTTCCGCG_002,30
GCTGCCCGGCGACTTCCGCG_003,160
GCTGCCCGGCGACTTCCGCG_004,98
GCTGCCCGGCGACTTCCGCG_005,17
TGCTGGACTACGGATCTCTG_001,199
TGCTGGACTACGGATCTCTG_002,52
TGCTGGACTACGGATCTCTG_003,54
TGCTGGACTACGGATCTCTG_004,101
TGCTGGACTACGGATCTCTG_005,130
TGCTGGACTACGGATCTCTG_006,20
TGCTGGACTACGGATCTCTG_007,110
TGCTGGACTACGGATCTCTG_008,121
TGCTGGACTACGGATCTCTG_009,60
TGCTGGACTACGGATCTCTG_010,126
TGCTGGACTACGGATCTCTG_011,198
TGCTGGACTACGGATCTCTG_012,152
TGCTGGACTACGGATCTCTG_013,118
GGCCCCCCCAAGTCCGAACG_001,101
GGCCCCCCCAAGTCCGAACG_002,112
GGCCCCCCCAAGTCCGAACG_003,102
GGCCCCCCCAAGTCCGAACG_004,9
GGCCCCCCCAAGTCCGAACG_005,169
GGCCCCCCCAAGTCCGAACG_006,114
GGCCCCCCCAAGTCCGAACG_007,197
GGCCCCCCCAAGTCCGAACG_008,169
GGCCCCCCCAAGTCCGAACG_009,82
GGCCCCCCCAAGTCCGAACG_010,158
GGCCCCCCCAAGTCCGAACG_011,141
GGCCCCCCCAAGTCCGAACG_012,157
GGCCCCCCCAAGTCCGAACG_013,134
GGCCCCCCCAAGTCCGAACG_014,62
GGCCCCCCCAAGTCCGAACG_015,127
GGCCCCCCCAAGTCCGAACG_016,61
GGCCCCCCCAAGTCCGAACG_017,174
GGCCCCCCCAAGTCCGAACG_018,184
GGCCCCCCCAAGTCCGAACG_019,172
GGCCCCCCCAAGTCCGAACG_020,48
GGCCCCCCCAAGTCCGAACG_021,28
GGCCCCCCCAAGTCCGAACG_022,40
GGCCCCCCCAAGTCCGAACG_023,3
GGCCCCCCCAAGTCCGAACG_024,138
GGCCCCCCCAAGTCCGAACG_025,103
AAATGGAAAAACGATAAACA_001,150
AAATGGAAAAACGATAAACA_002,154
AAATGGAAAAACGATAAACA_003,1
AAATGGAAAAACGATAAACA_004,44
AAATGGAAAAACGATAAACA_005,23
CAGCTGGGGTCTCATATACA_001,130
CAGCTGGGGTCTCATATACA_002,82
CAGCTGGGGTCTCATATACA_003,61
CAGCTGGGGTCTCATATACA_004,16
CAGCTGGGGTCTCATATACA_005,182
CAGCTGGGGTCTCATATACA_006,115
CAGCTGGGGTCTCATATACA_007,44
CAGCTGGGGTCTCATATACA_008,121
CAGCTGGGGTCTCATATACA_009,78
CAGCTGGGGTCTCATATACA_010,52
CAGCTGGGGTCTCATATACA_011,55
CAGCTGGGGTCTCATATACA_012,22
GATGGGTGTGCAGGCCGATG_001,20
GATGGGTGTGCAGGCCGATG_002,141
GATGGGTGTGCAGGCCGATG_003,114
GATGGGTGTGCAGGCCGATG_004,128
GGGTCCATCTCCTGCCCATC_001,154
GGGTCCATCTCCTGCCCATC_002,72
GGGTCCATCTCCTGCCCATC_003,174
GGGTCCATCTCCTGCCCATC_004,97
TGTTGTTAAGTGGTACACCG_001,4
TGTTGTTAAGTGGTACACCG_002,168
TGTTGTTAAGTGGTACACCG_003,118
TGTTGTTAAGTGGTACACCG_004,188
TGTTGTTAAGTGGTACACCG_005,4
TGTTGTTAAGTGGTACACCG_006,50
TGTTGTTAAGTGGTACACCG_007,26
TGTTGTTAAGTGGTACACCG_008,166
CATCTTAAAAAATTCCCACA_001,85
CATCTTAAAAAATTCCCACA_002,5
CATCTTAAAAAATTCCCACA_003,50
CATCTTAAAAAATTCCCACA_004,11
CATCTTAAAAAATTCCCACA_005,50
CATCTTAAAAAATTCCCACA_006,141
CATCTTAAAAAATTCCCACA_007,98
CATCTTAAAAAATTCCCACA_008,144
CATCTTAAAAAATTCCCACA_009,43
CATCTTAAAAAATTCCCACA_010,115
CATCTTAAAAAATTCCCACA_011,198
GCGGTCAAACAGGTCTCGAA_001,44
GCGGTCAAACAGGTCTCGAA_002,196
GCGGTCAAACAGGTCTCGAA_003,6
GCGGTCAAACAGGTCTCGAA_004,126
GCATCGACCGGGACATAAGC_001,194
TGACAAAGTGATATACGCAG_001,16
TGACAAAGTGATATACGCAG_002,181
TGACAAAGTGATATACGCAG_003,32
TGACAAAGTGATATACGCAG_004,68
TGACAAAGTGATATACGCAG_005,81
TGACAAAGTGATATACGCAG_006,6
TGACAAAGTGATATACGCAG_007,120
TGACAAAGTGATATACGCAG_008,147
TGACAAAGTGATATACGCAG_009,52
CAATAGGGACTCATAGCGGG_001,88
CAATAGGGACTCATAGCGGG_002,160
CAATAGGGACTCATAGCGGG_003,133
CAATAGGGACTCATAGCGGG_004,134
TCTTGGGACAGCAGAATGTG_001,130
TCTTGGGACAGCAGAATGTG_002,144
TCTTGGGACAGCAGAATGTG_003,117
TCTTGGGACAGCAGAATGTG_004,9
TCTTGGGACAGCAGAATGTG_005,50
TCTTGGGACAGCAGAATGTG_006,125
TCTTGGGACAGCAGAATGTG_007,122
TCTTGGGACAGCAGAATGTG_008,149
TCTTGGGACAGCAGAATGTG_009,144
TCTTGGGACAGCAGAATGTG_010,124
TCTTGGGACAGCAGAATGTG_011,1
AGGATGGTGTGTGGGAACGA_001,76
AGGATGGTGTGTGGGAACGA_002,78
AGGATGGTGTGTGGGAACGA_003,48
AGGATGGTGTGTGGGAACGA_004,127
AGGATGGTGTGTGGGAACGA_005,108
AGGATGGTGTGTGGGAACGA_006,48
AGGATGGTGTGTGGGAACGA_007,63
AGGATGGTGTGTGGGAACGA_008,102
AGGATGGTGTGTGGGAACGA_009,6
GCTGAGCCAGTTCAGAAGCA_001,154
GCTGAGCCAGTTCAGAAGCA_002,154
GCTGAGCCAGTTCAGAAGCA_003,123
GCTGAGCCAGTTCAGAAGCA_004,93
GCTGAGCCAGTTCAGAAGCA_005,96
GCTGAGCCAGTTCAGAAGCA_006,129
GCTGAGCCAGTTCAGAAGCA_007,36
GCTGAGCCAGTTCAGAAGCA_008,139
GCTGAGCCAGTTCAGAAGCA_009,68
GCTGAGCCAGTTCAGAAGCA_010,103
GCTGAGCCAGTTCAGAAGCA_011,184
GCTGAGCCAGTTCAGAAGCA_012,199
GCTGAGCCAGTTCAGAAGCA_013,130
TCCATAGGCACAACTTCTGG_001,117
TCCATAGGCACAACTTCTGG_002,50
TCCATAGGCACAACTTCTGG_003,68
TCTCAGATAAAGTAGAACTG_001,160
GATGAGAAAGTTCCGTATGG_001,41
GATGAGAAAGTTCCGTATGG_002,38
GATGAGAAAGTTCCGTATGG_003,117
GTCAGTGGAGATGCACCACG_001,95
GTCAGTGGAGATGCACCACG_002,158
GTCAGTGGAGATGCACCACG_003,94
GGAGAAGCTTCTAGATAATG_001,105
GGAGAAGCTTCTAGATAATG_002,21
GGAGAAGCTTCTAGATAATG_003,168
GGAGAAGCTTCTAGATAATG_004,5
GGAGAAGCTTCTAGATAATG_005,103
TGATGAGAAGATAACTTACA_001,50
TGATGAGAAGATAACTTACA_002,169
TGATGAGAAGATAACTTACA_003,98
TGATGAGAAGATAACTTACA_004,169
TGATGAGAAGATAACTTACA_005,152
TGATGAGAAGATAACTTACA_006,59
AGAGAAGGCGAATCCGGACG_001,157
AGAGAAGGCGAATCCGGACG_002,119
AGAGAAGGCGAATCCGGACG_003,169
AGAGAAGGCGAATCCGGACG_004,2
AGAGAAGGCGAATCCGGACG_005,141
AGAGAAGGCGAATCCGGACG_006,174
AGAGAAGGCGAATCCGGACG_007,28
AGAGAAGGCGAATCCGGACG_008,94
AGAGAAGGCGAATCCGGACG_009,1
AGAGAAGGCGAATCCGGACG_010,27
AGAGAAGGCGAATCCGGACG_011,67
AGAGAAGGCGAATCCGGACG_012,148
AGAGAAGGCGAATCCGGACG_013,174
AGAGAAGGCGAATCCGGACG_014,3
AGAGAAGGCGAATCCGGACG_015,124
AGAGAAGGCGAATCCGGACG_016,91
CATCCGGCCCGAGTGCCGCG_001,81
CATCCGGCCCGAGTGCCGCG_002,68
CATCCGGCCCGAGTGCCGCG_003,82
CATCCGGCCCGAGTGCCGCG_004,46
CATCCGGCCCGAGTGCCGCG_005,177
CATCCGGCCCGAGTGCCGCG_006,2
CATCCGGCCCGAGTGCCGCG_007,127
CATCCGGCCCGAGTGCCGCG_008,152
GAGGTGTGACTTCAATCTGA_001,104
GAGGTGTGACTTCAATCTGA_002,63
AGTTGCCATCACAATCCTGC_001,9
GCTTGACTACCACTTCGAGG_001,50
GCTTGACTACCACTTCGAGG_002,62
GCTTGACTACCACTTCGAGG_003,124
GCTTGACTACCACTTCGAGG_004,49
GCTTGACTACCACTTCGAGG_005,169
GGAGTCCCATGATGGACATG_001,23
GGAGTCCCATGATGGACATG_002,82
GGAGTCCCATGATGGACATG_003,125
GGAGTCCCATGATGGACATG_004,33
GGAGTCCCATGATGGACATG_005,64
GGAGTCCCATGATGGACATG_006,103
GGAGTCCCATGATGGACATG_007,81
GGAAGTATTTCTTAGTCCAG_001,50
TCCCCACACACAGATGCTGT_001,27
TCCCCACACACAGATGCTGT_002,94
TCCCCACACACAGATGCTGT_003,1
TCCCCACACACAGATGCTGT_004,159
TCCCCACACACAGATGCTGT_005,16
TCCCCACACACAGATGCTGT_006,55
TCCCCACACACAGATGCTGT_007,55
TATCCATGACTGACATACTG_001,1
TATCCATGACTGACATACTG_002,76
TATCCATGACTGACATACTG_003,186
TATCCATGACTGACATACTG_004,197
TATCCATGACTGACATACTG_005,88
TATCCATGACTGACATACTG_006,82
TATCCATGACTGACATACTG_007,158
TATCCATGACTGACATACTG_008,110
TATCCATGACTGACATACTG_009,165
TATGTAAGCAGGCTGCGGTG_001,35
TATGTAAGCAGGCTGCGGTG_002,78
TATGTAAGCAGGCTGCGGTG_003,40
TATGTAAGCAGGCTGCGGTG_004,89
TATGTAAGCAGGCTGCGGTG_005,134
TATGTAAGCAGGCTGCGGTG_006,108
TATGTAAGCAGGCTGCGGTG_007,102
TATGTAAGCAGGCTGCGGTG_008,126
TATGTAAGCAGGCTGCGGTG_009,145
GAACTGACGTCTAAGCAAGG_001,72
GAACTGACGTCTAAGCAAGG_002,162
GAACTGACGTCTAAGCAAGG_003,155
GAACTGACGTCTAAGCAAGG_004,11
GAACTGACGTCTAAGCAAGG_005,127
GAACTGACGTCTAAGCAAGG_006,39
GAACTGACGTCTAAGCAAGG_007,79
GAACTGACGTCTAAGCAAGG_008,127
GAACTGACGTCTAAGCAAGG_009,29
ATGCCCGCCTCTTCACGGGC_001,12
ATGCCCGCCTCTTCACGGGC_002,78
ATGCCCGCCTCTTCACGGGC_003,159
ATGCCCGCCTCTTCACGGGC_004,1
ATGCCCGCCTCTTCACGGGC_005,15
ATGCCCGCCTCTTCACGGGC_006,168
AGCTGCCCATGCCAAAACCA_001,28
AGCTGCCCATGCCAAAACCA_002,63
AGCTGCCCATGCCAAAACCA_003,113
AGCTGCCCATGCCAAAACCA_004,2
AGCTGCCCATGCCAAAACCA_005,105
AGCTGCCCATGCCAAAACCA_006,17
AGCTGCCCATGCCAAAACCA_007,29
AGCTGCCCATGCCAAAACCA_008,67
GGCAGATGTCAGATCCCAGA_001,5
CTGTGAGTGAGTGATAGAGT_001,1
CTGTGAGTGAGTGATAGAGT_002,57
GGTGTCCATAGTACCCGGAT_001,166
GGTGTCCATAGTACCCGGAT_002,120
GGTGTCCATAGTACCCGGAT_003,63
GCCGGGCACCAAGTCCGACA_001,162
GCCGGGCACCAAGTCCGACA_002,10
GCCGGGCACCAAGTCCGACA_003,105
GCCGGGCACCAAGTCCGACA_004,114
GACAGACATAAGTACCACAC_001,198
GACAGACATAAGTACCACAC_002,27
GACAGACATAAGTACCACAC_003,29
GACAGACATAAGTACCACAC_004,185
GACAGACATAAGTACCACAC_005,74
GCGCTCTACGACAAGGCGCT_001,119
GCGCTCTACGACAAGGCGCT_002,150
GCGCTCTACGACAAGGCGCT_003,33
GCGCTCTACGACAAGGCGCT_004,60
GCGCTCTACGACAAGGCGCT_005,146
GCGCTCTACGACAAGGCGCT_006,190
GCGCTCTACGACAAGGCGCT_007,115
GAACCGACTTGAAGGGGGCT_001,152
GAACCGACTTGAAGGGGGCT_002,82
GAACCGACTTGAAGGGGGCT_003,12
GAACCGACTTGAAGGGGGCT_004,182
GAACCGACTTGAAGGGGGCT_005,70
GAACCGACTTGAAGGGGGCT_006,120
GAACCGACTTGAAGGGGGCT_007,37
GAACCGACTTGAAGGGGGCT_008,88
GAACCGACTTGAAGGGGGCT_009,151
GAACCGACTTGAAGGGGGCT_010,193
GAACCGACTTGAAGGGGGCT_011,127
GAACCGACTTGAAGGGGGCT_012,11
GAACCGACTTGAAGGGGGCT_013,82
GAACCGACTTGAAGGGGGCT_014,107
GAACCGACTTGAAGGGGGCT_015,104
GAACCGACTTGAAGGGGGCT_016,42
GAACCGACTTGAAGGGGGCT_017,49
GAACCGACTTGAAGGGGGCT_018,47
GAACCGACTTGAAGGGGGCT_019,58
GAACCGACTTGAAGGGGGCT_020,19
GAACCGACTTGAAGGGGGCT_021,1
GAACCGACTTGAAGGGGGCT_022,191
GAACCGACTTGAAGGGGGCT_023,76
GAACCGACTTGAAGGGGGCT_024,52
GAACCGACTTGAAGGGGGCT_025,144
GAACCGACTTGAAGGGGGCT_026,91
GAACCGACTTGAAGGGGGCT_027,61
GAACCGACTTGAAGGGGGCT_028,181
GAACCGACTTGAAGGGGGCT_029,183
GAACCGACTTGAAGGGGGCT_030,4
GAACCGACTTGAAGGGGGCT_031,149
GAACCGACTTGAAGGGGGCT_032,1
GAACCGACTTGAAGGGGGCT_033,198
GAACCGACTTGAAGGGGGCT_034,134
GAACCGACTTGAAGGGGGCT_035,118
GAACCGACTTGAAGGGGGCT_036,105
GAACCGACTTGAAGGGGGCT_037,95
GAACCGACTTGAAGGGGGCT_038,43
GAACCGACTTGAAGGGGGCT_039,174
GAACCGACTTGAAGGGGGCT_040,98
GAACCGACTTGAAGGGGGCT_041,170
GAACCGACTTGAAGGGGGCT_042,8
GAACCGACTTGAAGGGGGCT_043,177
GAACCGACTTGAAGGGGGCT_044,13
GAACCGACTTGAAGGGGGCT_045,19
GAACCGACTTGAAGGGGGCT_046,19
GAACCGACTTGAAGGGGGCT_047,33
GAACCGACTTGAAGGGGGCT_048,48
GAACCGACTTGAAGGGGGCT_049,77
GAACCGACTTGAAGGGGGCT_050,142
GAACCGACTTGAAGGGGGCT_051,107
GAACCGACTTGAAGGGGGCT_052,118
GAACCGACTTGAAGGGGGCT_053,148
CCTATGAGAGCGCCAATGCT_001,191
CCTATGAGAGCGCCAATGCT_002,77
CCTATGAGAGCGCCAATGCT_003,83
CCTATGAGAGCGCCAATGCT_004,50
CCTATGAGAGCGCCAATGCT_005,134
CCTATGAGAGCGCCAATGCT_006,156
CCTATGAGAGCGCCAATGCT_007,93
CCTATGAGAGCGCCAATGCT_008,96
CCTATGAGAGCGCCAATGCT_009,26
CCTATGAGAGCGCCAATGCT_010,1
CCTATGAGAGCGCCAATGCT_011,98
CCTATGAGAGCGCCAATGCT_012,88
CCTATGAGAGCGCCAATGCT_013,19
CCTATGAGAGCGCCAATGCT_014,4
CCTATGAGAGCGCCAATGCT_015,15
CCTATGAGAGCGCCAATGCT_016,182
CCTATGAGAGCGCCAATGCT_017,124
CCTATGAGAGCGCCAATGCT_018,39
CCTATGAGAGCGCCAATGCT_019,146
CCTATGAGAGCGCCAATGCT_020,50
CCAGTTATGATGAAGCGGAG_001,60
CCAGTTATGATGAAGCGGAG_002,58
CCAGTTATGATGAAGCGGAG_003,48
CCAGTTATGATGAAGCGGAG_004,96
AATAATCCTAGATCCACAGA_001,49
AATAATCCTAGATCCACAGA_002,174
AATAATCCTAGATCCACAGA_003,67
AATAATCCTAGATCCACAGA_004,27
GAAGTGGAAAATTGATATGG_001,81
GAAGTGGAAAATTGATATGG_002,40
GAAGTGGAAAATTGATATGG_003,58
GAAGTGGAAAATTGATATGG_004,119
GAAGTGGAAAATTGATATGG_005,112
GAAGTGGAAAATTGATATGG_006,45
GAAGTGGAAAATTGATATGG_007,15
GAAGTGGAAAATTGATATGG_008,88
GGAGACAAACATCAAAAATG_001,122
GGAGACAAACATCAAAAATG_002,12
GGAGACAAACATCAAAAATG_003,155
GGAGACAAACATCAAAAATG_004,85
GGAGACAAACATCAAAAATG_005,62
GGAGACAAACATCAAAAATG_006,124
AGAAGCTTACCACCATTGCA_001,163
AGAAGCTTACCACCATTGCA_002,67
AGAAGCTTACCACCATTGCA_003,12
AGAAGCTTACCACCATTGCA_004,60
AGAAGCTTACCACCATTGCA_005,85
AGAAGCTTACCACCATTGCA_006,172
AGAAGCTTACCACCATTGCA_007,132
AGAAGCTTACCACCATTGCA_008,13
AGAAGCTTACCACCATTGCA_009,42
AGAAGCTTACCACCATTGCA_010,96
AGAAGCTTACCACCATTGCA_011,24
TCAATGCAGACCTTCTTGTT_001,166
TCAATGCAGACCTTCTTGTT_002,1
TCAATGCAGACCTTCTTGTT_003,10
TCAATGCAGACCTTCTTGTT_004,191
TCAATGCAGACCTTCTTGTT_005,104
GAAGCCCAAAGAATCCCAGG_001,78
GAAGCCCAAAGAATCCCAGG_002,27
GAAGCCCAAAGAATCCCAGG_003,35
GAAGCCCAAAGAATCCCAGG_004,172
GAAGCCCAAAGAATCCCAGG_005,152
GAAGCCCAAAGAATCCCAGG_006,91
GAAGCCCAAAGAATCCCAGG_007,31
GAAGCCCAAAGAATCCCAGG_008,53
GAAGCCCAAAGAATCCCAGG_009,191
GAAGCCCAAAGAATCCCAGG_010,88
GAAGCCCAAAGAATCCCAGG_011,88
GAAGCCCAAAGAATCCCAGG_012,149
GAAGCCCAAAGAATCCCAGG_013,81
GAAGCCCAAAGAATCCCAGG_014,134
GAAGCCCAAAGAATCCCAGG_015,88
GAAGCCCAAAGAATCCCAGG_016,43
GAAGCCCAAAGAATCCCAGG_017,151
GAAGCCCAAAGAATCCCAGG_018,11
GAAGCCCAAAGAATCCCAGG_019,158
GAAGCCCAAAGAATCCCAGG_020,74
GAAGCCCAAAGAATCCCAGG_021,166
GAAGCCCAAAGAATCCCAGG_022,1
GAAGCCCAAAGAATCCCAGG_023,34
GAAGCCCAAAGAATCCCAGG_024,152
GAAGCCCAAAGAATCCCAGG_025,127
GAAGCCCAAAGAATCCCAGG_026,197
GAAGCCCAAAGAATCCCAGG_027,22
GAAGCCCAAAGAATCCCAGG_028,28
GAAGCCCAAAGAATCCCAGG_029,91
TGCAGATCCACCGGTCTAAG_001,155
TGCAGATCCACCGGTCTAAG_002,162
TGCAGATCCACCGGTCTAAG_003,80
TGCAGATCCACCGGTCTAAG_004,100
TGCAGATCCACCGGTCTAAG_005,19
TGCAGATCCACCGGTCTAAG_006,19
TGCAGATCCACCGGTCTAAG_007,22
TGCAGATCCACCGGTCTAAG_008,14
TGCAGATCCACCGGTCTAAG_009,50
TGCAGATCCACCGGTCTAAG_010,17
GAGGAGGAAGTGTCCGACAT_001,136
GAGGAGGAAGTGTCCGACAT_002,142
GAGGAGGAAGTGTCCGACAT_003,4
GAGGAGGAAGTGTCCGACAT_004,147
GAGGAGGAAGTGTCCGACAT_005,105
GAGGAGGAAGTGTCCGACAT_006,39
GAGGAGGAAGTGTCCGACAT_007,98
GAGGAGGAAGTGTCCGACAT_008,68
GAGGAGGAAGTGTCCGACAT_009,124
GAGGAGGAAGTGTCCGACAT_010,153
GAGGAGGAAGTGTCCGACAT_011,124
TCAATGTCACTGTGTCCCCG_001,178
TCAATGTCACTGTGTCCCCG_002,80
TCAATGTCACTGTGTCCCCG_003,197
TCAATGTCACTGTGTCCCCG_004,15
TCAATGTCACTGTGTCCCCG_005,136
TCAATGTCACTGTGTCCCCG_006,104
CGCCCTACCTGGGCCGTGAG_001,168
CGCCCTACCTGGGCCGTGAG_002,184
CGCCCTACCTGGGCCGTGAG_003,130
CGCCCTACCTGGGCCGTGAG_004,40
CGCCCTACCTGGGCCGTGAG_005,48
CGCCCTACCTGGGCCGTGAG_006,49
CGCCCTACCTGGGCCGTGAG_007,158
CGCCCTACCTGGGCCGTGAG_008,33
CGCCCTACCTGGGCCGTGAG_009,188
CGCCCTACCTGGGCCGTGAG_010,58
CGCCCTACCTGGGCCGTGAG_011,181
CGCCCTACCTGGGCCGTGAG_012,34
CGCCCTACCTGGGCCGTGAG_013,177
CGCCCTACCTGGGCCGTGAG_014,17
CGCCCTACCTGGGCCGTGAG_015,72
CGCCCTACCTGGGCCGTGAG_016,184
CGCCCTACCTGGGCCGTGAG_017,144
CGCCCTACCTGGGCCGTGAG_018,194
CGCCCTACCTGGGCCGTGAG_019,104
CGCCCTACCTGGGCCGTGAG_020,48
CGCCCTACCTGGGCCGTGAG_021,28
CGCCCTACCTGGGCCGTGAG_022,125
CGCCCTACCTGGGCCGTGAG_023,157
CGCCCTACCTGGGCCGTGAG_024,62
CGCCCTACCTGGGCCGTGAG_025,186
ACCAGTAGTATGAAGCCACG_001,2
GAATGCATTCACTTACTGGG_001,44
GAATGCATTCACTTACTGGG_002,155
GAATGCATTCACTTACTGGG_003,147
GAATGCATTCACTTACTGGG_004,166
GAATGCATTCACTTACTGGG_005,191
GAATGCATTCACTTACTGGG_006,28
GAATGCATTCACTTACTGGG_007,104
CACATACCCGACTATCTCCG_001,199
CACATACCCGACTATCTCCG_002,108
CACATACCCGACTATCTCCG_003,133
CACATACCCGACTATCTCCG_004,148
CACATACCCGACTATCTCCG_005,117
CACATACCCGACTATCTCCG_006,12
GTAGCGGTCAACACTCATCA_001,17
GTAGCGGTCAACACTCATCA_002,92
GTAGCGGTCAACACTCATCA_003,127
GTAGCGGTCAACACTCATCA_004,169
GTAGCGGTCAACACTCATCA_005,34
GTAGCGGTCAACACTCATCA_006,40
ACCAACGTCAAGGCCGCCTG_001,102
ACCAACGTCAAGGCCGCCTG_002,188
ACCAACGTCAAGGCCGCCTG_003,164
ACCAACGTCAAGGCCGCCTG_004,24
ACCAACGTCAAGGCCGCCTG_005,21
ACCAACGTCAAGGCCGCCTG_006,169
ACCAACGTCAAGGCCGCCTG_007,21
ACCAACGTCAAGGCCGCCTG_008,73
ACCAACGTCAAGGCCGCCTG_009,62
ACCAACGTCAAGGCCGCCTG_010,115
ACCAACGTCAAGGCCGCCTG_011,119
ACCAACGTCAAGGCCGCCTG_012,95
ACCAACGTCAAGGCCGCCTG_013,95
ACCAACGTCAAGGCCGCCTG_014,63
ACCAACGTCAAGGCCGCCTG_015,11
ACCAACGTCAAGGCCGCCTG_016,119
ACCAACGTCAAGGCCGCCTG_017,185
ACCAACGTCAAGGCCGCCTG_018,50
ACCAACGTCAAGGCCGCCTG_019,113
ACCAACGTCAAGGCCGCCTG_020,69
ACCAACGTCAAGGCCGCCTG_021,18
ACCAACGTCAAGGCCGCCTG_022,16
ACCAACGTCAAGGCCGCCTG_023,16
ACCAACGTCAAGGCCGCCTG_024,50
ACCAACGTCAAGGCCGCCTG_025,188
ACCAACGTCAAGGCCGCCTG_026,194
CTACTTTATACATGGCATAG_001,150
CTACTTTATACATGGCATAG_002,187
CTTACACACTGACGGATGTG_001,32
CTTACACACTGACGGATGTG_002,35
CTTACACACTGACGGATGTG_003,48
CTTACACACTGACGGATGTG_004,43
CTTACACACTGACGGATGTG_005,15
CTTACACACTGACGGATGTG_006,123
CTTACACACTGACGGATGTG_007,52
CTTACACACTGACGGATGTG_008,99
CTTACACACTGACGGATGTG_009,50
CTTACACACTGACGGATGTG_010,115
CTTACACACTGACGGATGTG_011,134
CTTACACACTGACGGATGTG_012,58
CTTACACACTGACGGATGTG_013,69
CTTACACACTGACGGATGTG_014,81
CTTACACACTGACGGATGTG_015,198
CTTACACACTGACGGATGTG_016,174
CTTACACACTGACGGATGTG_017,76
CTTACACACTGACGGATGTG_018,31
CTTACACACTGACGGATGTG_019,88
CTTACACACTGACGGATGTG_020,149
CTGGCAGGAGATGATCGGAT_001,48
CTGGCAGGAGATGATCGGAT_002,125
CTGGCAGGAGATGATCGGAT_003,160
CTGGCAGGAGATGATCGGAT_004,1
CTGGCAGGAGATGATCGGAT_005,86
CTGGCAGGAGATGATCGGAT_006,13
CTGGCAGGAGATGATCGGAT_007,41
CTGGCAGGAGATGATCGGAT_008,146
CTGGCAGGAGATGATCGGAT_009,28
CTGGCAGGAGATGATCGGAT_010,13
CTGGCAGGAGATGATCGGAT_011,2
CTGGCAGGAGATGATCGGAT_012,114
CTGGCAGGAGATGATCGGAT_013,189
CTGGCAGGAGATGATCGGAT_014,75
CTGGCAGGAGATGATCGGAT_015,55
CTGGCAGGAGATGATCGGAT_016,50
CTGGCAGGAGATGATCGGAT_017,6
CTGGCAGGAGATGATCGGAT_018,55
CTGGCAGGAGATGATCGGAT_019,116
CTGGCAGGAGATGATCGGAT_020,11
CTGGCAGGAGATGATCGGAT_021,134
CTGGCAGGAGATGATCGGAT_022,104
CTGGCAGGAGATGATCGGAT_023,140
CTGGCAGGAGATGATCGGAT_024,174
CTGGCAGGAGATGATCGGAT_025,36
CTGGCAGGAGATGATCGGAT_026,163
CTGGCAGGAGATGATCGGAT_027,197
CTGGCAGGAGATGATCGGAT_028,121
CTGGCAGGAGATGATCGGAT_029,55
ACTGAACTGGCAAGACTACG_001,135
ACTGAACTGGCAAGACTACG_002,43
ACTGAACTGGCAAGACTACG_003,78
ACTGAACTGGCAAGACTACG_004,88
GGCTGCTCTTCGCTATCATG_001,107
GGCTGCTCTTCGCTATCATG_002,101
GGCTGCTCTTCGCTATCATG_003,70
GGCTGCTCTTCGCTATCATG_004,120
GGCTGCTCTTCGCTATCATG_005,52
GGCTGCTCTTCGCTATCATG_006,147
GGCTGCTCTTCGCTATCATG_007,120
GGCTGCTCTTCGCTATCATG_008,177
ACAGCGGCAGGATTTGTCAG_001,28
ACAGCGGCAGGATTTGTCAG_002,80
ACAGCGGCAGGATTTGTCAG_003,83
ACAGCGGCAGGATTTGTCAG_004,30
ACAGCGGCAGGATTTGTCAG_005,67
ACAGCGGCAGGATTTGTCAG_006,2
ACAGCGGCAGGATTTGTCAG_007,113
ACAGCGGCAGGATTTGTCAG_008,2
ACAGCGGCAGGATTTGTCAG_009,199
ACAGCGGCAGGATTTGTCAG_010,10
ACAGCGGCAGGATTTGTCAG_011,149
ACAGCGGCAGGATTTGTCAG_012,159
ACAGCGGCAGGATTTGTCAG_013,5
ACAGCGGCAGGATTTGTCAG_014,105
ACAGCGGCAGGATTTGTCAG_015,113
ACAGCGGCAGGATTTGTCAG_016,25
CAGTACAGACAAACAGCGAC_001,70
CAGTACAGACAAACAGCGAC_002,188
CAGTACAGACAAACAGCGAC_003,188
CAGTACAGACAAACAGCGAC_004,1
CAGTACAGACAAACAGCGAC_005,133
CAGTACAGACAAACAGCGAC_006,56
CAGTACAGACAAACAGCGAC_007,20
CAGTACAGACAAACAGCGAC_008,159
CAGTACAGACAAACAGCGAC_009,151
CAGTACAGACAAACAGCGAC_010,20
CAGTACAGACAAACAGCGAC_011,58
CAGTACAGACAAACAGCGAC_012,132
CAGTACAGACAAACAGCGAC_013,34
CAGTACAGACAAACAGCGAC_014,174
CAGTACAGACAAACAGCGAC_015,169
CAGTACAGACAAACAGCGAC_016,149
CAGTACAGACAAACAGCGAC_017,6
GTTACCTGCTACGAAAACGA_001,50
GTTACCTGCTACGAAAACGA_002,137
GTTACCTGCTACGAAAACGA_003,136
GTTACCTGCTACGAAAACGA_004,57
GTTACCTGCTACGAAAACGA_005,81
GTTACCTGCTACGAAAACGA_006,183
GTTACCTGCTACGAAAACGA_007,36
GCGACCCTTTCTCACTACTG_001,129
GCGACCCTTTCTCACTACTG_002,120
GCGACCCTTTCTCACTACTG_003,8
GCGACCCTTTCTCACTACTG_004,94
GCGACCCTTTCTCACTACTG_005,56
GCGACCCTTTCTCACTACTG_006,137
GCGACCCTTTCTCACTACTG_007,192
GCGACCCTTTCTCACTACTG_008,190
GCGACCCTTTCTCACTACTG_009,86
GCGACCCTTTCTCACTACTG_010,125
GCGACCCTTTCTCACTACTG_011,83
GCGACCCTTTCTCACTACTG_012,156
GCGACCCTTTCTCACTACTG_013,148
GCGACCCTTTCTCACTACTG_014,96
GCGACCCTTTCTCACTACTG_015,16
GCGACCCTTTCTCACTACTG_016,40
GCGACCCTTTCTCACTACTG_017,136
GCGACCCTTTCTCACTACTG_018,19
TTGTCCGTGACCCTGATTAA_001,154
TTGTCCGTGACCCTGATTAA_002,132
TTGTCCGTGACCCTGATTAA_003,29
TTGTCCGTGACCCTGATTAA_004,2
TTGTCCGTGACCCTGATTAA_005,141
TTGTCCGTGACCCTGATTAA_006,81
TTGTCCGTGACCCTGATTAA_007,147
TTGTCCGTGACCCTGATTAA_008,71
TTGTCCGTGACCCTGATTAA_009,60
TTGTCCGTGACCCTGATTAA_010,140
TTGTCCGTGACCCTGATTAA_011,146
TTGTCCGTGACCCTGATTAA_012,80
TTGTCCGTGACCCTGATTAA_013,80
TTGTCCGTGACCCTGATTAA_014,151
TTGTCCGTGACCCTGATTAA_015,21
TTGTCCGTGACCCTGATTAA_016,98
TTGTCCGTGACCCTGATTAA_017,140
TTGTCCGTGACCCTGATTAA_018,130
TTGTCCGTGACCCTGATTAA_019,133
TTGTCCGTGACCCTGATTAA_020,81
TTGTCCGTGACCCTGATTAA_021,138
TTGTCCGTGACCCTGATTAA_022,137
TTGTCCGTGACCCTGATTAA_023,115
TTGTCCGTGACCCTGATTAA_024,150
TTGTCCGTGACCCTGATTAA_025,138
TTGTCCGTGACCCTGATTAA_026,72
TTGTCCGTGACCCTGATTAA_027,98
TTGACAGCTAAAGACGCGTA_001,117
TTGACAGCTAAAGACGCGTA_002,40
TTGACAGCTAAAGACGCGTA_003,170
TTGACAGCTAAAGACGCGTA_004,45
TTGACAGCTAAAGACGCGTA_005,133
TTGACAGCTAAAGACGCGTA_006,9
TTGACAGCTAAAGACGCGTA_007,2
TTGACAGCTAAAGACGCGTA_008,57
AATTAGTGCGGAATAAGAGT_001,172
AATTAGTGCGGAATAAGAGT_002,169
AATTAGTGCGGAATAAGAGT_003,34
CATTGGAGCGGACACGATCG_001,127
CATTGGAGCGGACACGATCG_002,112
CATTGGAGCGGACACGATCG_003,74
CATTGGAGCGGACACGATCG_004,76
CATTGGAGCGGACACGATCG_005,37
CATTGGAGCGGACACGATCG_006,50
CATTGGAGCGGACACGATCG_007,42
CATTGGAGCGGACACGATCG_008,84
CATTGGAGCGGACACGATCG_009,63
CATTGGAGCGGACACGATCG_010,176
ACCTTTGGGTCCGAACAGGG_001,69
ACCTTTGGGTCCGAACAGGG_002,78
ACCTTTGGGTCCGAACAGGG_003,88
ACCTTTGGGTCCGAACAGGG_004,88
ACCTTTGGGTCCGAACAGGG_005,168
ACCTTTGGGTCCGAACAGGG_006,149
ACCTTTGGGTCCGAACAGGG_007,94
ACCTTTGGGTCCGAACAGGG_008,166
ACCTTTGGGTCCGAACAGGG_009,169
ACCTTTGGGTCCGAACAGGG_010,130
ACCTTTGGGTCCGAACAGGG_011,191
ACCTTTGGGTCCGAACAGGG_012,88
ACCTTTGGGTCCGAACAGGG_013,199
ACCTTTGGGTCCGAACAGGG_014,2
ACCTTTGGGTCCGAACAGGG_015,152
ACCTTTGGGTCCGAACAGGG_016,199
ACCTTTGGGTCCGAACAGGG_017,142
ACCTTTGGGTCCGAACAGGG_018,34
ACCTTTGGGTCCGAACAGGG_019,168
ACCTTTGGGTCCGAACAGGG_020,168
ACCTTTGGGTCCGAACAGGG_021,75
ACCTTTGGGTCCGAACAGGG_022,150
ACCTTTGGGTCCGAACAGGG_023,170
GAACGACAGTCTGAGATACT_001,9
GAACGACAGTCTGAGATACT_002,15
GAACGACAGTCTGAGATACT_003,60
GAACGACAGTCTGAGATACT_004,29
CGTCAGGCAGATCCAGACAA_001,130
CGTCAGGCAGATCCAGACAA_002,92
CGTCAGGCAGATCCAGACAA_003,53
CGTCAGGCAGATCCAGACAA_004,170
CGTCAGGCAGATCCAGACAA_005,113
CGTCAGGCAGATCCAGACAA_006,65
CGTCAGGCAGATCCAGACAA_007,160
CGTCAGGCAGATCCAGACAA_008,12
CGTCAGGCAGATCCAGACAA_009,103
CGTCAGGCAGATCCAGACAA_010,182
CGTCAGGCAGATCCAGACAA_011,138
CGTCAGGCAGATCCAGACAA_012,20
CGTCAGGCAGATCCAGACAA_013,192
CGTCAGGCAGATCCAGACAA_014,56
CGTCAGGCAGATCCAGACAA_015,39
CGTCAGGCAGATCCAGACAA_016,166
CGTCAGGCAGATCCAGACAA_017,81
GAGAACGGGAACTTCCACCA_001,159
GAGAACGGGAACTTCCACCA_002,144
GAGAACGGGAACTTCCACCA_003,125
GAGAACGGGAACTTCCACCA_004,49
GAGAACGGGAACTTCCACCA_005,34
GAGAACGGGAACTTCCACCA_006,182
GAGAACGGGAACTTCCACCA_007,11
GAGAACGGGAACTTCCACCA_008,140
GAGAACGGGAACTTCCACCA_009,146
GAGAACGGGAACTTCCACCA_010,85
GAGAACGGGAACTTCCACCA_011,188
TGGCTTAACCCAAAGAATCG_001,69
TGGCTTAACCCAAAGAATCG_002,4
TGGCTTAACCCAAAGAATCG_003,82
TGGCTTAACCCAAAGAATCG_004,78
TGGCTTAACCCAAAGAATCG_005,63
TGGCTTAACCCAAAGAATCG_006,88
TGGCTTAACCCAAAGAATCG_007,40
TGGCTTAACCCAAAGAATCG_008,191
TGGCTTAACCCAAAGAATCG_009,124
AAATCACAACGACATCTAGG_001,20
AAATCACAACGACATCTAGG_002,162
AAATCACAACGACATCTAGG_003,58
AAATCACAACGACATCTAGG_004,54
AAATCACAACGACATCTAGG_005,48
AAATCACAACGACATCTAGG_006,181
AAATCACAACGACATCTAGG_007,170
ACCAAGAAGGCTAATCACAA_001,4
ACCAAGAAGGCTAATCACAA_002,188
ACCAAGAAGGCTAATCACAA_003,77
ACCAAGAAGGCTAATCACAA_004,9
ACCAAGAAGGCTAATCACAA_005,36
ACCAAGAAGGCTAATCACAA_006,90
ACCAAGAAGGCTAATCACAA_007,155
ACCAAGAAGGCTAATCACAA_008,170
AGTCGGAGAACATTACGCCC_001,150
AGTCGGAGAACATTACGCCC_002,28
AGTCGGAGAACATTACGCCC_003,12
AGTCGGAGAACATTACGCCC_004,177
CACAGAGCCCACGATGCATG_001,78
CACAGAGCCCACGATGCATG_002,32
CACAGAGCCCACGATGCATG_003,188
CACAGAGCCCACGATGCATG_004,81
CACAGAGCCCACGATGCATG_005,134
CACAGAGCCCACGATGCATG_006,15
CACAGAGCCCACGATGCATG_007,54
CACAGAGCCCACGATGCATG_008,161
CACAGAGCCCACGATGCATG_009,155
CACAGAGCCCACGATGCATG_010,158
CACAGAGCCCACGATGCATG_011,198
CACAGAGCCCACGATGCATG_012,84
CACAGAGCCCACGATGCATG_013,100
CACAGAGCCCACGATGCATG_014,108
CACAGAGCCCACGATGCATG_015,161
CACAGAGCCCACGATGCATG_016,64
CACAGAGCCCACGATGCATG_017,19
CACAGAGCCCACGATGCATG_018,94
CACAGAGCCCACGATGCATG_019,148
CACAGAGCCCACGATGCATG_020,81
CACAGAGCCCACGATGCATG_021,43
CACAGAGCCCACGATGCATG_022,130
CACAGAGCCCACGATGCATG_023,181
CACAGAGCCCACGATGCATG_024,2
CACAGAGCCCACGATGCATG_025,53
CACAGAGCCCACGATGCATG_026,91
CACAGAGCCCACGATGCATG_027,188
CACAGAGCCCACGATGCATG_028,67
CACAGAGCCCACGATGCATG_029,19
CACAGAGCCCACGATGCATG_030,52
CACAGAGCCCACGATGCATG_031,153
CACAGAGCCCACGATGCATG_032,48
CACAGAGCCCACGATGCATG_033,10
CACAGAGCCCACGATGCATG_034,34
CACAGAGCCCACGATGCATG_035,40
CACAGAGCCCACGATGCATG_036,172
CACAGAGCCCACGATGCATG_037,27
CACAGAGCCCACGATGCATG_038,10
CACAGAGCCCACGATGCATG_039,6
CACAGAGCCCACGATGCATG_040,157
CGTACTGGCAGCAATATCAG_001,92
CGTACTGGCAGCAATATCAG_002,127
GCGTGGGTGCCAACTACACG_001,138
GCGTGGGTGCCAACTACACG_002,185
GCGTGGGTGCCAACTACACG_003,161
GCGTGGGTGCCAACTACACG_004,115
GCGTGGGTGCCAACTACACG_005,148
GCGTGGGTGCCAACTACACG_006,127
GCGTGGGTGCCAACTACACG_007,197
GCGTGGGTGCCAACTACACG_008,18
TGTCGGAAAACAGCTGTCGT_001,105
TGTCGGAAAACAGCTGTCGT_002,162
TGTCGGAAAACAGCTGTCGT_003,30
TGTCGGAAAACAGCTGTCGT_004,56
TGTCGGAAAACAGCTGTCGT_005,49
TGTCGGAAAACAGCTGTCGT_006,147
TGTCGGAAAACAGCTGTCGT_007,40
TGTCGGAAAACAGCTGTCGT_008,20
TGTCGGAAAACAGCTGTCGT_009,151
TGTCGGAAAACAGCTGTCGT_010,75
TGTCGGAAAACAGCTGTCGT_011,43
TGTCGGAAAACAGCTGTCGT_012,39
TGTCGGAAAACAGCTGTCGT_013,84
AAAAAACCCGTAGATAGCCT_001,90
CTCACGCATTAACGTGCTGA_001,102
GAAACTGGCCACGTGCGATG_001,172
GAAACTGGCCACGTGCGATG_002,103
GAAACTGGCCACGTGCGATG_003,198
GAAACTGGCCACGTGCGATG_004,120
GAAACTGGCCACGTGCGATG_005,63
CAAGTGAGCAAAGACCGCTA_001,101
CAAGTGAGCAAAGACCGCTA_002,115
CAAGTGAGCAAAGACCGCTA_003,115
CAAGTGAGCAAAGACCGCTA_004,147
CAAGTGAGCAAAGACCGCTA_005,4
CAAGTGAGCAAAGACCGCTA_006,146
CAAGTGAGCAAAGACCGCTA_007,9
CAAGTGAGCAAAGACCGCTA_008,141
CAAGTGAGCAAAGACCGCTA_009,67
CAAGTGAGCAAAGACCGCTA_010,71
CAAGTGAGCAAAGACCGCTA_011,27
CAAGTGAGCAAAGACCGCTA_012,160
CAAGTGAGCAAAGACCGCTA_013,48
CAAGTGAGCAAAGACCGCTA_014,15
CAAGTGAGCAAAGACCGCTA_015,77
GCTGGGCTTCGAACCCAGGA_001,116
GCTGGGCTTCGAACCCAGGA_002,81
GCTGGGCTTCGAACCCAGGA_003,168
GCTGGGCTTCGAACCCAGGA_004,99
GCTGGGCTTCGAACCCAGGA_005,174
GCTGGGCTTCGAACCCAGGA_006,166
GCTGGGCTTCGAACCCAGGA_007,134
GCTGGGCTTCGAACCCAGGA_008,84
GCTGGGCTTCGAACCCAGGA_009,68
GGGCGGCCAGAAGTAGCCCA_001,77
GGGCGGCCAGAAGTAGCCCA_002,162
GGGCGGCCAGAAGTAGCCCA_003,52
GGGCGGCCAGAAGTAGCCCA_004,101
GGGCGGCCAGAAGTAGCCCA_005,188
GGGCGGCCAGAAGTAGCCCA_006,12
GGGCGGCCAGAAGTAGCCCA_007,54
GGGCGGCCAGAAGTAGCCCA_008,169
GGGCGGCCAGAAGTAGCCCA_009,20
GGGCGGCCAGAAGTAGCCCA_010,8
GGGCGGCCAGAAGTAGCCCA_011,194
AAGATGAGAGTGATTCGCGT_001,12
AAGATGAGAGTGATTCGCGT_002,78
AAGATGAGAGTGATTCGCGT_003,107
AAGATGAGAGTGATTCGCGT_004,121
AAGATGAGAGTGATTCGCGT_005,151
AAGATGAGAGTGATTCGCGT_006,82
AAGATGAGAGTGATTCGCGT_007,190
AAGATGAGAGTGATTCGCGT_008,159
AAGATGAGAGTGATTCGCGT_009,134
AAGATGAGAGTGATTCGCGT_010,45
AAGATGAGAGTGATTCGCGT_011,177
GTGCAGCCGAAGGTCTAGCC_001,139
GTGCAGCCGAAGGTCTAGCC_002,181
GTGCAGCCGAAGGTCTAGCC_003,17
GTGCAGCCGAAGGTCTAGCC_004,118
GTGCAGCCGAAGGTCTAGCC_005,103
GTGCAGCCGAAGGTCTAGCC_006,64
GTGCAGCCGAAGGTCTAGCC_007,97
GTGCAGCCGAAGGTCTAGCC_008,66
GTGCAGCCGAAGGTCTAGCC_009,138
GTGCAGCCGAAGGTCTAGCC_010,48
TGTGTCTACAGATCAAGTTG_001,188
TGTGTCTACAGATCAAGTTG_002,197
TGTGTCTACAGATCAAGTTG_003,50
CCATGGCCCAGCGTTCCCTG_001,48
CCATGGCCCAGCGTTCCCTG_002,63
CCATGGCCCAGCGTTCCCTG_003,148
CCATGGCCCAGCGTTCCCTG_004,74
CCATGGCCCAGCGTTCCCTG_005,62
CCATGGCCCAGCGTTCCCTG_006,172
CCATGGCCCAGCGTTCCCTG_007,190
CCATGGCCCAGCGTTCCCTG_008,63
CCATGGCCCAGCGTTCCCTG_009,182
CCATGGCCCAGCGTTCCCTG_010,59
CCATGGCCCAGCGTTCCCTG_011,152
CCATGGCCCAGCGTTCCCTG_012,57
CCATGGCCCAGCGTTCCCTG_013,110
CCATGGCCCAGCGTTCCCTG_014,104
CCATGGCCCAGCGTTCCCTG_015,39
CCATGGCCCAGCGTTCCCTG_016,150
CCATGGCCCAGCGTTCCCTG_017,28
CCATGGCCCAGCGTTCCCTG_018,105
CCATGGCCCAGCGTTCCCTG_019,136
ATAGTCAAAGCAGGATCATG_001,87
ATAGTCAAAGCAGGATCATG_002,83
ATAGTCAAAGCAGGATCATG_003,73
ATAGTCAAAGCAGGATCATG_004,34
ATAGTCAAAGCAGGATCATG_005,47
ATAGTCAAAGCAGGATCATG_006,41
ATAGTCAAAGCAGGATCATG_007,147
ATAGTCAAAGCAGGATCATG_008,101
ATAGTCAAAGCAGGATCATG_009,38
ATAGTCAAAGCAGGATCATG_010,29
ATAGTCAAAGCAGGATCATG_011,12
ATAGTCAAAGCAGGATCATG_012,160
ATAGTCAAAGCAGGATCATG_013,189
ATAGTCAAAGCAGGATCATG_014,41
ATAGTCAAAGCAGGATCATG_015,76
ATAGTCAAAGCAGGATCATG_016,17
ATAGTCAAAGCAGGATCATG_017,36
ATAGTCAAAGCAGGATCATG_018,80
CTGGTGTTGCTCCGGTACAG_001,132
CTGGTGTTGCTCCGGTACAG_002,107
CTGGTGTTGCTCCGGTACAG_003,69
CTGGTGTTGCTCCGGTACAG_004,32
CTGGTGTTGCTCCGGTACAG_005,8
CTGGTGTTGCTCCGGTACAG_006,15
CTGGTGTTGCTCCGGTACAG_007,149
CTGGTGTTGCTCCGGTACAG_008,174
CTGGTGTTGCTCCGGTACAG_009,158
CTGGTGTTGCTCCGGTACAG_010,133
CTGGTGTTGCTCCGGTACAG_011,147
CTGGTGTTGCTCCGGTACAG_012,198
CTGGTGTTGCTCCGGTACAG_013,81
CTGGTGTTGCTCCGGTACAG_014,141
CTGGTGTTGCTCCGGTACAG_015,61
CTGGTGTTGCTCCGGTACAG_016,197
CTGGTGTTGCTCCGGTACAG_017,58
CTGGTGTTGCTCCGGTACAG_018,116
CTGGTGTTGCTCCGGTACAG_019,95
CTGGTGTTGCTCCGGTACAG_020,176
CTGGTGTTGCTCCGGTACAG_021,176
CTGGTGTTGCTCCGGTACAG_022,30
CTGGTGTTGCTCCGGTACAG_023,175
CTGGTGTTGCTCCGGTACAG_024,172
CTGGTGTTGCTCCGGTACAG_025,55
CTGGTGTTGCTCCGGTACAG_026,76
ACCTACTCCCAGCTCTACCA_001,176
ACCTACTCCCAGCTCTACCA_002,98
ACCTACTCCCAGCTCTACCA_003,8
ACCTACTCCCAGCTCTACCA_004,158
ACCTACTCCCAGCTCTACCA_005,169
ACCTACTCCCAGCTCTACCA_006,130
ACCTACTCCCAGCTCTACCA_007,67
ACCTACTCCCAGCTCTACCA_008,150
ACCTACTCCCAGCTCTACCA_009,12
ACCTACTCCCAGCTCTACCA_010,114
ACCTACTCCCAGCTCTACCA_011,117
ACCTACTCCCAGCTCTACCA_012,56
TTATCTTGGACGAGTATATG_001,169
TTATCTTGGACGAGTATATG_002,58
TTATCTTGGACGAGTATATG_003,168
TGGTTGGTGTTAAGTCTCCT_001,3
TGGTTGGTGTTAAGTCTCCT_002,34
TGGTTGGTGTTAAGTCTCCT_003,96
TGGTTGGTGTTAAGTCTCCT_004,133
TGGTTGGTGTTAAGTCTCCT_005,56
TGGTTGGTGTTAAGTCTCCT_006,50
TGGTTGGTGTTAAGTCTCCT_007,41
TGGTTGGTGTTAAGTCTCCT_008,66
TGGTTGGTGTTAAGTCTCCT_009,114
TGGTTGGTGTTAAGTCTCCT_010,114
CCATATACAGGATCTATCAA_001,184
CCATATACAGGATCTATCAA_002,78
CCATATACAGGATCTATCAA_003,77
CCATATACAGGATCTATCAA_004,8
CCATATACAGGATCTATCAA_005,146
CCATATACAGGATCTATCAA_006,174
ACATAATCCAGAAAGCGGCG_001,113
ACATAATCCAGAAAGCGGCG_002,134
ACATAATCCAGAAAGCGGCG_003,81
ACATAATCCAGAAAGCGGCG_004,35
GACTTTGGTTGAGCTTCAAT_001,53
GACTTTGGTTGAGCTTCAAT_002,176
GACTTTGGTTGAGCTTCAAT_003,183
GACTTTGGTTGAGCTTCAAT_004,126
GACTTTGGTTGAGCTTCAAT_005,108
GACTTTGGTTGAGCTTCAAT_006,77
GACTTTGGTTGAGCTTCAAT_007,38
GACTTTGGTTGAGCTTCAAT_008,147
GACTTTGGTTGAGCTTCAAT_009,64
GACTTTGGTTGAGCTTCAAT_010,58
GACTTTGGTTGAGCTTCAAT_011,29
GACTTTGGTTGAGCTTCAAT_012,199
GACTTTGGTTGAGCTTCAAT_013,193
GACTTTGGTTGAGCTTCAAT_014,47
GACTTTGGTTGAGCTTCAAT_015,94
GACTTTGGTTGAGCTTCAAT_016,145
GACTTTGGTTGAGCTTCAAT_017,3
GACTTTGGTTGAGCTTCAAT_018,134
GACTTTGGTTGAGCTTCAAT_019,48
GACTTTGGTTGAGCTTCAAT_020,105
GACTTTGGTTGAGCTTCAAT_021,79
GACTTTGGTTGAGCTTCAAT_022,152
GACTTTGGTTGAGCTTCAAT_023,36
AGCCCTTCTTTACCGGACTG_001,102
AGCCCTTCTTTACCGGACTG_002,134
AGCCCTTCTTTACCGGACTG_003,78
AGCCCTTCTTTACCGGACTG_004,130
AGCCCTTCTTTACCGGACTG_005,94
AGCCCTTCTTTACCGGACTG_006,149
AGCCCTTCTTTACCGGACTG_007,81
AGCCCTTCTTTACCGGACTG_008,58
AGCCCTTCTTTACCGGACTG_009,7
AGCCCTTCTTTACCGGACTG_010,32
AGCCCTTCTTTACCGGACTG_011,161
AGCCCTTCTTTACCGGACTG_012,62
AGCCCTTCTTTACCGGACTG_013,113
AGCCCTTCTTTACCGGACTG_014,88
AGCCCTTCTTTACCGGACTG_015,13
AGCCCTTCTTTACCGGACTG_016,162
AGCCCTTCTTTACCGGACTG_017,41
AGCCCTTCTTTACCGGACTG_018,53
AGCCCTTCTTTACCGGACTG_019,191
AGCCCTTCTTTACCGGACTG_020,191
AGCCCTTCTTTACCGGACTG_021,178
AGCCCTTCTTTACCGGACTG_022,47
AGCCCTTCTTTACCGGACTG_023,4
AGCCCTTCTTTACCGGACTG_024,125
AGCCCTTCTTTACCGGACTG_025,89
AGCCCTTCTTTACCGGACTG_026,69
AGCCCTTCTTTACCGGACTG_027,151
GCAGGAACACAACAGACTTG_001,175
GCAGGAACACAACAGACTTG_002,8
GCAGGAACACAACAGACTTG_003,32
GCAGGAACACAACAGACTTG_004,91
GCAGGAACACAACAGACTTG_005,44
GCAGGAACACAACAGACTTG_006,102
GCAGGAACACAACAGACTTG_007,162
GCAGGAACACAACAGACTTG_008,192
GCAGGAACACAACAGACTTG_009,188
GCAGGAACACAACAGACTTG_010,110
GCAGGAACACAACAGACTTG_011,186
GCAGGAACACAACAGACTTG_012,155
GCAGGAACACAACAGACTTG_013,172
GCAGGAACACAACAGACTTG_014,150
GCAGGAACACAACAGACTTG_015,170
GCAGGAACACAACAGACTTG_016,130
AAAGAGGTATCCAGTCAGGA_001,162
AAAGAGGTATCCAGTCAGGA_002,148
AAAGAGGTATCCAGTCAGGA_003,91
AAAGAGGTATCCAGTCAGGA_004,135
AAAGAGGTATCCAGTCAGGA_005,175
TGAACTTACACTAATAACAC_001,72
TGAACTTACACTAATAACAC_002,126
CTCTTAGCCCCCATTCACTG_001,169
CTCTTAGCCCCCATTCACTG_002,66
CTCTTAGCCCCCATTCACTG_003,62
CTCTTAGCCCCCATTCACTG_004,37
CTCTTAGCCCCCATTCACTG_005,53
CTCTTAGCCCCCATTCACTG_006,150
CTCTTAGCCCCCATTCACTG_007,186
CTCTTAGCCCCCATTCACTG_008,92
CTCTTAGCCCCCATTCACTG_009,192
CTCTTAGCCCCCATTCACTG_010,149
CTCTTAGCCCCCATTCACTG_011,196
CTCTTAGCCCCCATTCACTG_012,168
CTCTTAGCCCCCATTCACTG_013,166
CTCTTAGCCCCCATTCACTG_014,52
CTCTTAGCCCCCATTCACTG_015,57
CAAGTCCATCCGTGACCGCG_001,178
CAAGTCCATCCGTGACCGCG_002,7
CAAGTCCATCCGTGACCGCG_003,169
CAAGTCCATCCGTGACCGCG_004,20
CAAGTCCATCCGTGACCGCG_005,8
CAAGTCCATCCGTGACCGCG_006,97
CAAGTCCATCCGTGACCGCG_007,115
CAAGTCCATCCGTGACCGCG_008,43
CAAGTCCATCCGTGACCGCG_009,166
CAAGTCCATCCGTGACCGCG_010,193
CAAGTCCATCCGTGACCGCG_011,192
CAAGTCCATCCGTGACCGCG_012,141
CAAGTCCATCCGTGACCGCG_013,96
CAAGTCCATCCGTGACCGCG_014,19
CAAGTCCATCCGTGACCGCG_015,100
CAAGTCCATCCGTGACCGCG_016,90
CAAGTCCATCCGTGACCGCG_017,46
CAAGTCCATCCGTGACCGCG_018,197
CAAGTCCATCCGTGACCGCG_019,83
CAAGTCCATCCGTGACCGCG_020,170
CAAGTCCATCCGTGACCGCG_021,162
CATCCGGACAGAGTTTGACA_001,171
CATCCGGACAGAGTTTGACA_002,107
CATCCGGACAGAGTTTGACA_003,122
CATCCGGACAGAGTTTGACA_004,115
CATCCGGACAGAGTTTGACA_005,191
CATCCGGACAGAGTTTGACA_006,56
CATCCGGACAGAGTTTGACA_007,67
CATCCGGACAGAGTTTGACA_008,29
CATCCGGACAGAGTTTGACA_009,35
CATCCGGACAGAGTTTGACA_010,99
CATCCGGACAGAGTTTGACA_011,150
CATCCGGACAGAGTTTGACA_012,36
CATCCGGACAGAGTTTGACA_013,102
CATCCGGACAGAGTTTGACA_014,191
CGCAGAGACCGCTGCTCTCG_001,137
CGCAGAGACCGCTGCTCTCG_002,28
CGCAGAGACCGCTGCTCTCG_003,127
CGCAGAGACCGCTGCTCTCG_004,105
CAGCGAGACAGAACACTCGT_001,94
CAGCGAGACAGAACACTCGT_002,94
CAGCGAGACAGAACACTCGT_003,17
CAGCGAGACAGAACACTCGT_004,2
CAGCGAGACAGAACACTCGT_005,198
CAGCGAGACAGAACACTCGT_006,130
CAGCGAGACAGAACACTCGT_007,193
CAGCGAGACAGAACACTCGT_008,34
CAGCGAGACAGAACACTCGT_009,125
CAGCGAGACAGAACACTCGT_010,59
CAGCGAGACAGAACACTCGT_011,25
CAGCGAGACAGAACACTCGT_012,152
CAGCGAGACAGAACACTCGT_013,8
CAGCGAGACAGAACACTCGT_014,130
CAGCGAGACAGAACACTCGT_015,8
CAGCGAGACAGAACACTCGT_016,196
CAGCGAGACAGAACACTCGT_017,115
CAGCGAGACAGAACACTCGT_018,162
CAGCGAGACAGAACACTCGT_019,158
CAGCGAGACAGAACACTCGT_020,15
CAGGTGCAGCTTCACAAGTG_001,165
CAGGTGCAGCTTCACAAGTG_002,94
CAGGTGCAGCTTCACAAGTG_003,87
CAGGTGCAGCTTCACAAGTG_004,137
CAGGTGCAGCTTCACAAGTG_005,150
CAGGTGCAGCTTCACAAGTG_006,188
CAGGTGCAGCTTCACAAGTG_007,48
CAGGTGCAGCTTCACAAGTG_008,3
GCGCTGGAAGTGACCGGCGG_001,147
GCGCTGGAAGTGACCGGCGG_002,168
GCGCTGGAAGTGACCGGCGG_003,147
GCGCTGGAAGTGACCGGCGG_004,179
GCGCTGGAAGTGACCGGCGG_005,178
GCGCTGGAAGTGACCGGCGG_006,36
GCGCTGGAAGTGACCGGCGG_007,115
GCGCTGGAAGTGACCGGCGG_008,188
GCGCTGGAAGTGACCGGCGG_009,45
GCGCTGGAAGTGACCGGCGG_010,158
GCGCTGGAAGTGACCGGCGG_011,153
GCGCTGGAAGTGACCGGCGG_012,177
GCGCTGGAAGTGACCGGCGG_013,19
GCGCTGGAAGTGACCGGCGG_014,48
GCGCTGGAAGTGACCGGCGG_015,161
GCGCTGGAAGTGACCGGCGG_016,69
GCGCTGGAAGTGACCGGCGG_017,188
GCGCTGGAAGTGACCGGCGG_018,9
GCGCTGGAAGTGACCGGCGG_019,40
ACCACACTTCAGTCGGCCCA_001,130
ACCACACTTCAGTCGGCCCA_002,43
ACCACACTTCAGTCGGCCCA_003,4
ACCACACTTCAGTCGGCCCA_004,158
ACCACACTTCAGTCGGCCCA_005,33
ACCACACTTCAGTCGGCCCA_006,160
ACCACACTTCAGTCGGCCCA_007,92
ACCACACTTCAGTCGGCCCA_008,111
ACCACACTTCAGTCGGCCCA_009,111
CAGCGTCCAGAGGACCACAT_001,16
CAGCGTCCAGAGGACCACAT_002,64
CAGCGTCCAGAGGACCACAT_003,83
CAGCGTCCAGAGGACCACAT_004,31
CAGCGTCCAGAGGACCACAT_005,6
CAGCGTCCAGAGGACCACAT_006,126
CAGCGTCCAGAGGACCACAT_007,106
CAGCGTCCAGAGGACCACAT_008,168
GCTGTATAAAAGCAGCCACC_001,117
GCTGTATAAAAGCAGCCACC_002,133
GCTGTATAAAAGCAGCCACC_003,19
GCTGTATAAAAGCAGCCACC_004,98
GCTGTATAAAAGCAGCCACC_005,112
GCTGTATAAAAGCAGCCACC_006,104
GCTGTATAAAAGCAGCCACC_007,48
GCTGTATAAAAGCAGCCACC_008,106
GCTGTATAAAAGCAGCCACC_009,52
GCTGTATAAAAGCAGCCACC_010,56
GCTGTATAAAAGCAGCCACC_011,43
AGGCTGAACTCGTACTGGAT_001,17
AGGCTGAACTCGTACTGGAT_002,160
AGGCTGAACTCGTACTGGAT_003,72
AGGCTGAACTCGTACTGGAT_004,151
AGGCTGAACTCGTACTGGAT_005,155
AGGCTGAACTCGTACTGGAT_006,44
AGGCTGAACTCGTACTGGAT_007,123
AGGCTGAACTCGTACTGGAT_008,80
AGGCTGAACTCGTACTGGAT_009,89
AGGCTGAACTCGTACTGGAT_010,161
AGGCTGAACTCGTACTGGAT_011,105
AGGCTGAACTCGTACTGGAT_012,70
AGGCTGAACTCGTACTGGAT_013,23
GTATTTCCGTTTCGCCTGAG_001,162
GTATTTCCGTTTCGCCTGAG_002,115
GTATTTCCGTTTCGCCTGAG_003,132
GTATTTCCGTTTCGCCTGAG_004,86
CACCACATATATGTTCCACC_001,65
ATCATTATAAAAGAACATCC_001,15
ATCATTATAAAAGAACATCC_002,9
ATCATTATAAAAGAACATCC_003,1
ATCATTATAAAAGAACATCC_004,192
ATCATTATAAAAGAACATCC_005,19
ATCATTATAAAAGAACATCC_006,150
ATCATTATAAAAGAACATCC_007,48
ATCATTATAAAAGAACATCC_008,88
ATCATTATAAAAGAACATCC_009,186
ATCATTATAAAAGAACATCC_010,122
GTAGCGTGCGTCCTCGTGCG_001,101
GTAGCGTGCGTCCTCGTGCG_002,173
GTAGCGTGCGTCCTCGTGCG_003,9
GTAGCGTGCGTCCTCGTGCG_004,41
GTAGCGTGCGTCCTCGTGCG_005,108
GTAGCGTGCGTCCTCGTGCG_006,170
GTAGCGTGCGTCCTCGTGCG_007,140
GTAGCGTGCGTCCTCGTGCG_008,63
ACAAAAAACTACGGTGATTA_001,103
ACAAAAAACTACGGTGATTA_002,34
ACAAAAAACTACGGTGATTA_003,134
AGGAGTAGATGACAGGCCAG_001,139
AGGAGTAGATGACAGGCCAG_002,82
AGGAGTAGATGACAGGCCAG_003,14
AGGAGTAGATGACAGGCCAG_004,172
AGGAGTAGATGACAGGCCAG_005,135
AGGAGTAGATGACAGGCCAG_006,172
AGGAGTAGATGACAGGCCAG_007,187
AGGAGTAGATGACAGGCCAG_008,103
AGGAGTAGATGACAGGCCAG_009,113
AGGAGTAGATGACAGGCCAG_010,155
AGGAGTAGATGACAGGCCAG_011,149
AGGAGTAGATGACAGGCCAG_012,148
AGGAGTAGATGACAGGCCAG_013,77
AGGAGTAGATGACAGGCCAG_014,47
AGGAGTAGATGACAGGCCAG_015,97
AGGAGTAGATGACAGGCCAG_016,97
AGGAGTAGATGACAGGCCAG_017,19
AGGAGTAGATGACAGGCCAG_018,17
AGGAGTAGATGACAGGCCAG_019,124
AGGAGTAGATGACAGGCCAG_020,197
AGGAGTAGATGACAGGCCAG_021,66
AGGAGTAGATGACAGGCCAG_022,188
AGGAGTAGATGACAGGCCAG_023,177
TGAGCACTATCACCCAGAAG_001,156
TCTGAGTGAGGACATACGAA_001,0
TCTGAGTGAGGACATACGAA_002,81
TCTGAGTGAGGACATACGAA_003,126
TCTGAGTGAGGACATACGAA_004,199
TCTGAGTGAGGACATACGAA_005,54
TCTGAGTGAGGACATACGAA_006,169
TCTGAGTGAGGACATACGAA_007,43
GGGACGGTGCAGTATAAGCA_001,82
GGGACGGTGCAGTATAAGCA_002,69
GGGACGGTGCAGTATAAGCA_003,99
AGTGTGATGACTCTTCAAAG_001,50
AGTGTGATGACTCTTCAAAG_002,31
AGTGTGATGACTCTTCAAAG_003,92
AGTGTGATGACTCTTCAAAG_004,29
GCGCGGCCGATACTTGCGCG_001,1
GCGCGGCCGATACTTGCGCG_002,158
GCGCGGCCGATACTTGCGCG_003,182
GCGCGGCCGATACTTGCGCG_004,84
GCGCGGCCGATACTTGCGCG_005,169
GCGCGGCCGATACTTGCGCG_006,168
GCGCGGCCGATACTTGCGCG_007,150
GCGCGGCCGATACTTGCGCG_008,115
GCGCGGCCGATACTTGCGCG_009,169
GCGCGGCCGATACTTGCGCG_010,189
GCGCGGCCGATACTTGCGCG_011,108
GCGCGGCCGATACTTGCGCG_012,165
GCGCGGCCGATACTTGCGCG_013,192
GCGCGGCCGATACTTGCGCG_014,169
GCGCGGCCGATACTTGCGCG_015,33
GCGCGGCCGATACTTGCGCG_016,64
GCGCGGCCGATACTTGCGCG_017,178
GCGCGGCCGATACTTGCGCG_018,88
GCGCGGCCGATACTTGCGCG_019,195
GCGCGGCCGATACTTGCGCG_020,31
GCGCGGCCGATACTTGCGCG_021,105
GCGCGGCCGATACTTGCGCG_022,2
GCGCGGCCGATACTTGCGCG_023,9
GCGCGGCCGATACTTGCGCG_024,139
GCGCGGCCGATACTTGCGCG_025,81
AATCAGTGACCCCCAACCCA_001,152
AATCAGTGACCCCCAACCCA_002,152
AATCAGTGACCCCCAACCCA_003,38
AATCAGTGACCCCCAACCCA_004,118
AATCAGTGACCCCCAACCCA_005,50
AATCAGTGACCCCCAACCCA_006,175
AATCAGTGACCCCCAACCCA_007,61
AATCAGTGACCCCCAACCCA_008,160
TAGGACTGATCCGCTCCCCA_001,152
TAGGACTGATCCGCTCCCCA_002,174
TAGGACTGATCCGCTCCCCA_003,85
TAGGACTGATCCGCTCCCCA_004,177
TAGGACTGATCCGCTCCCCA_005,112
TAGGACTGATCCGCTCCCCA_006,42
TAGGACTGATCCGCTCCCCA_007,48
TAGGACTGATCCGCTCCCCA_008,172
TAGGACTGATCCGCTCCCCA_009,80
TAGGACTGATCCGCTCCCCA_010,65
TAGGACTGATCCGCTCCCCA_011,99
AACCTGGCCCGAGAGTCGAA_001,130
AACCTGGCCCGAGAGTCGAA_002,159
AACCTGGCCCGAGAGTCGAA_003,181
AACCTGGCCCGAGAGTCGAA_004,65
AACCTGGCCCGAGAGTCGAA_005,114
AACCTGGCCCGAGAGTCGAA_006,8
AACCTGGCCCGAGAGTCGAA_007,134
AACCTGGCCCGAGAGTCGAA_008,34
AACCTGGCCCGAGAGTCGAA_009,75
AACCTGGCCCGAGAGTCGAA_010,133
AACCTGGCCCGAGAGTCGAA_011,182
AACCTGGCCCGAGAGTCGAA_012,62
AACCTGGCCCGAGAGTCGAA_013,76
AACCTGGCCCGAGAGTCGAA_014,8
AACCTGGCCCGAGAGTCGAA_015,61
AACCTGGCCCGAGAGTCGAA_016,128
AACCTGGCCCGAGAGTCGAA_017,59
AACCTGGCCCGAGAGTCGAA_018,83
AACCTGGCCCGAGAGTCGAA_019,193
AACCTGGCCCGAGAGTCGAA_020,66
AACCTGGCCCGAGAGTCGAA_021,62
AACCTGGCCCGAGAGTCGAA_022,119
AACCTGGCCCGAGAGTCGAA_023,80
AACCTGGCCCGAGAGTCGAA_024,71
AACCTGGCCCGAGAGTCGAA_025,61
AACCTGGCCCGAGAGTCGAA_026,2
AACCTGGCCCGAGAGTCGAA_027,141
AACCTGGCCCGAGAGTCGAA_028,62
AACCTGGCCCGAGAGTCGAA_029,56
AACCTGGCCCGAGAGTCGAA_030,97
AACCTGGCCCGAGAGTCGAA_031,54
AACCTGGCCCGAGAGTCGAA_032,65
AACCTGGCCCGAGAGTCGAA_033,166
AACCTGGCCCGAGAGTCGAA_034,146
AACCTGGCCCGAGAGTCGAA_035,106
AACCTGGCCCGAGAGTCGAA_036,143
AACCTGGCCCGAGAGTCGAA_037,5
AACCTGGCCCGAGAGTCGAA_038,6
AACCTGGCCCGAGAGTCGAA_039,162
AACCTGGCCCGAGAGTCGAA_040,168
AACCTGGCCCGAGAGTCGAA_041,138
AACCTGGCCCGAGAGTCGAA_042,166
AACCTGGCCCGAGAGTCGAA_043,130
ACCTGGACGGTGATACAACC_001,57
ATGAGTTAACAGGTTTATCT_001,121
ATGAGTTAACAGGTTTATCT_002,62
ATGAGTTAACAGGTTTATCT_003,38
ATGAGTTAACAGGTTTATCT_004,160
GGAGAAGAGCATCTTTCTCG_001,35
GGAGAAGAGCATCTTTCTCG_002,12
GGAGAAGAGCATCTTTCTCG_003,1
TCCCCAGACTCCAATAAAGG_001,160
TCCCCAGACTCCAATAAAGG_002,60
TCCCCAGACTCCAATAAAGG_003,60
TCCCCAGACTCCAATAAAGG_004,177
TCCCCAGACTCCAATAAAGG_005,141
TCCCCAGACTCCAATAAAGG_006,104
TCCCCAGACTCCAATAAAGG_007,61
TCCCCAGACTCCAATAAAGG_008,181
TATGTTGTAGAACATAAACA_001,162
TATGTTGTAGAACATAAACA_002,18
TGGCCGTCAGAAGCCCCCTG_001,116
TGGCCGTCAGAAGCCCCCTG_002,102
TGGCCGTCAGAAGCCCCCTG_003,188
TGGCCGTCAGAAGCCCCCTG_004,94
TGGCCGTCAGAAGCCCCCTG_005,162
TGGCCGTCAGAAGCCCCCTG_006,19
TGGCCGTCAGAAGCCCCCTG_007,180
TGGCCGTCAGAAGCCCCCTG_008,102
TGGCCGTCAGAAGCCCCCTG_009,78
TGGCCGTCAGAAGCCCCCTG_010,40
TGGCCGTCAGAAGCCCCCTG_011,45
ACCTGGACGATATAGAGGCA_001,83
ACCTGGACGATATAGAGGCA_002,57
ACCTGGACGATATAGAGGCA_003,68
ACCTGGACGATATAGAGGCA_004,52
TTGATCCCTACAACCCGCCG_001,37
TTGATCCCTACAACCCGCCG_002,157
TTGATCCCTACAACCCGCCG_003,71
TTGATCCCTACAACCCGCCG_004,176
TTGATCCCTACAACCCGCCG_005,4
TTGATCCCTACAACCCGCCG_006,12
TTGATCCCTACAACCCGCCG_007,58
TTGATCCCTACAACCCGCCG_008,107
TTGATCCCTACAACCCGCCG_009,65
TTGATCCCTACAACCCGCCG_010,190
TTGATCCCTACAACCCGCCG_011,15
TTGATCCCTACAACCCGCCG_012,99
TTGATCCCTACAACCCGCCG_013,9
TTGATCCCTACAACCCGCCG_014,74
TTGATCCCTACAACCCGCCG_015,165
TTGATCCCTACAACCCGCCG_016,2
GAGAGAAATGCATCCATCCA_001,152
GAGAGAAATGCATCCATCCA_002,34
GAGAGAAATGCATCCATCCA_003,175
ATGTAGCAAAGACTGACAGG_001,60
ATGTAGCAAAGACTGACAGG_002,24
ATGTAGCAAAGACTGACAGG_003,113
ATGTAGCAAAGACTGACAGG_004,139
ATGTAGCAAAGACTGACAGG_005,13
ATGTAGCAAAGACTGACAGG_006,144
ATGTAGCAAAGACTGACAGG_007,126
ATGTAGCAAAGACTGACAGG_008,69
ATTAGCAGCATCCCTCTACA_001,72
ATTAGCAGCATCCCTCTACA_002,98
ATTAGCAGCATCCCTCTACA_003,117
CCCTGACCCAGCTATTAGCG_001,55
CCCTGACCCAGCTATTAGCG_002,74
CCCTGACCCAGCTATTAGCG_003,1
CCCTGACCCAGCTATTAGCG_004,48
CCCTGACCCAGCTATTAGCG_005,99
CCCTGACCCAGCTATTAGCG_006,49
CCCTGACCCAGCTATTAGCG_007,6
CGCGATGATCTCAATCTCCG_001,106
CGCGATGATCTCAATCTCCG_002,63
TCTTGGCCACTATATAGACA_001,118
CCTAGTAAGCTGTTTCGCGG_001,141
CCTAGTAAGCTGTTTCGCGG_002,171
CCTAGTAAGCTGTTTCGCGG_003,186
CCTAGTAAGCTGTTTCGCGG_004,158
CCTAGTAAGCTGTTTCGCGG_005,59
CCTAGTAAGCTGTTTCGCGG_006,177
CCTAGTAAGCTGTTTCGCGG_007,59
ACAGAATACATAGGGACCCG_001,49
ACAGAATACATAGGGACCCG_002,134
ACAGAATACATAGGGACCCG_003,78
ACAGAATACATAGGGACCCG_004,184
ACAGAATACATAGGGACCCG_005,12
ACAGAATACATAGGGACCCG_006,48
ACAGAATACATAGGGACCCG_007,140
ACAGAATACATAGGGACCCG_008,82
AAGAAGGTCCTAGTTATCCA_001,161
AAGAAGGTCCTAGTTATCCA_002,185
AAGAAGGTCCTAGTTATCCA_003,103
AAGAAGGTCCTAGTTATCCA_004,78
ACTTACTTTACTGTATGCAG_001,147
ACTTACTTTACTGTATGCAG_002,34
ACTTACTTTACTGTATGCAG_003,149
ACTTACTTTACTGTATGCAG_004,96
ACTTACTTTACTGTATGCAG_005,34
GACGCCACCAACCCACCCGA_001,68
GACGCCACCAACCCACCCGA_002,199
GACGCCACCAACCCACCCGA_003,127
GACGCCACCAACCCACCCGA_004,199
GACGCCACCAACCCACCCGA_005,77
GACGCCACCAACCCACCCGA_006,130
GACGCCACCAACCCACCCGA_007,92
GACGCCACCAACCCACCCGA_008,107
GACGCCACCAACCCACCCGA_009,149
GACGCCACCAACCCACCCGA_010,27
GACGCCACCAACCCACCCGA_011,29
GACGCCACCAACCCACCCGA_012,69
GACGCCACCAACCCACCCGA_013,150
GACGCCACCAACCCACCCGA_014,57
GACGCCACCAACCCACCCGA_015,42
GACGCCACCAACCCACCCGA_016,199
GACGCCACCAACCCACCCGA_017,143
GACGCCACCAACCCACCCGA_018,9
GACGCCACCAACCCACCCGA_019,179
GACGCCACCAACCCACCCGA_020,157
GACGCCACCAACCCACCCGA_021,10
GACGCCACCAACCCACCCGA_022,144
TAAACAGCTGAAAAGTAACC_001,172
AGACTTTAGTAGATGCACAG_001,34
AGACTTTAGTAGATGCACAG_002,54
AGACTTTAGTAGATGCACAG_003,163
AGACTTTAGTAGATGCACAG_004,124
AGACTTTAGTAGATGCACAG_005,124
AGACTTTAGTAGATGCACAG_006,88
AGACTTTAGTAGATGCACAG_007,1
AGACTTTAGTAGATGCACAG_008,93
TGGACTCGGCTGACCGACTG_001,49
TGGACTCGGCTGACCGACTG_002,8
TGGACTCGGCTGACCGACTG_003,103
TGGACTCGGCTGACCGACTG_004,60
TGGACTCGGCTGACCGACTG_005,13
AGAGTTGAAACGTTACTACG_001,62
AGAGTTGAAACGTTACTACG_002,129
AGAGTTGAAACGTTACTACG_003,138
TCAAGTCCTTCTACGATGCG_001,27
TCAAGTCCTTCTACGATGCG_002,127
TCAAGTCCTTCTACGATGCG_003,26
TCAAGTCCTTCTACGATGCG_004,169
TCAAGTCCTTCTACGATGCG_005,4
GCGGCTCTTAGCGTGCTGGG_001,86
GCGGCTCTTAGCGTGCTGGG_002,166
GCGGCTCTTAGCGTGCTGGG_003,49
GCGGCTCTTAGCGTGCTGGG_004,43
GCGGCTCTTAGCGTGCTGGG_005,141
GCGGCTCTTAGCGTGCTGGG_006,39
GCGGCTCTTAGCGTGCTGGG_007,139
GCGGCTCTTAGCGTGCTGGG_008,112
GCGGCTCTTAGCGTGCTGGG_009,137
GCGGCTCTTAGCGTGCTGGG_010,126
CCTACTATTTCCCACTGTGG_001,35
CCTACTATTTCCCACTGTGG_002,150
CCTACTATTTCCCACTGTGG_003,102
CCTACTATTTCCCACTGTGG_004,29
CCTACTATTTCCCACTGTGG_005,88
TCAGATAGAAGGTGAAACCC_001,1
TCAGATAGAAGGTGAAACCC_002,83
TCAGATAGAAGGTGAAACCC_003,61
ATCTGTCCTAATTCGGATCG_001,181
ATCTGTCCTAATTCGGATCG_002,2
ATCTGTCCTAATTCGGATCG_003,189
GAGAGTGCGAGGAAAGACAG_001,103
GAGAGTGCGAGGAAAGACAG_002,171
GAGAGTGCGAGGAAAGACAG_003,142
GAGAGTGCGAGGAAAGACAG_004,160
GAGAGTGCGAGGAAAGACAG_005,25
GAGAGTGCGAGGAAAGACAG_006,82
GAGAGTGCGAGGAAAGACAG_007,12
GAGAGTGCGAGGAAAGACAG_008,110
GAGAGTGCGAGGAAAGACAG_009,114
GAGAGTGCGAGGAAAGACAG_010,169
GAGAGTGCGAGGAAAGACAG_011,140
GAGAGTGCGAGGAAAGACAG_012,94
GAGAGTGCGAGGAAAGACAG_013,2
GAGAGTGCGAGGAAAGACAG_014,151
GAGAGTGCGAGGAAAGACAG_015,164
GAGAGTGCGAGGAAAGACAG_016,94
GAGAGTGCGAGGAAAGACAG_017,193
GAGAGTGCGAGGAAAGACAG_018,106
GAGAGTGCGAGGAAAGACAG_019,43
GAGAGTGCGAGGAAAGACAG_020,57
GAGAGTGCGAGGAAAGACAG_021,161
GAGAGTGCGAGGAAAGACAG_022,185
ACAGGGACAGGACTCGACCG_001,172
ACAGGGACAGGACTCGACCG_002,62
ACAGGGACAGGACTCGACCG_003,73
ACAGGGACAGGACTCGACCG_004,88
ACAGGGACAGGACTCGACCG_005,161
ACAGGGACAGGACTCGACCG_006,91
ACAGGGACAGGACTCGACCG_007,177
ACAGGGACAGGACTCGACCG_008,53
ACAGGGACAGGACTCGACCG_009,142
ACAGGGACAGGACTCGACCG_010,12
ACAGGGACAGGACTCGACCG_011,187
ACAGGGACAGGACTCGACCG_012,32
ACAGGGACAGGACTCGACCG_013,49
ACAGGGACAGGACTCGACCG_014,138
ACAGGGACAGGACTCGACCG_015,137
ACAGGGACAGGACTCGACCG_016,8
ACAGGGACAGGACTCGACCG_017,23
ACAGGGACAGGACTCGACCG_018,50
ACAGGGACAGGACTCGACCG_019,62
ACAGGGACAGGACTCGACCG_020,83
ACAGGGACAGGACTCGACCG_021,20
ACAGGGACAGGACTCGACCG_022,14
ACAGGGACAGGACTCGACCG_023,40
ACAGGGACAGGACTCGACCG_024,69
ACAGGGACAGGACTCGACCG_025,87
ACAGGGACAGGACTCGACCG_026,108
ACAGGGACAGGACTCGACCG_027,192
ACAGGGACAGGACTCGACCG_028,156
ACAGGGACAGGACTCGACCG_029,102
ACAGGGACAGGACTCGACCG_030,152
ACAGGGACAGGACTCGACCG_031,118
ACAGGGACAGGACTCGACCG_032,133
ACAGGGACAGGACTCGACCG_033,8
ACAGGGACAGGACTCGACCG_034,5
ACAGGGACAGGACTCGACCG_035,151
ACAGGGACAGGACTCGACCG_036,25
ACAGGGACAGGACTCGACCG_037,97
ACAGGGACAGGACTCGACCG_038,41
ACAGGGACAGGACTCGACCG_039,0
ACAGGGACAGGACTCGACCG_040,150
ACAGGGACAGGACTCGACCG_041,129
ACAGGGACAGGACTCGACCG_042,23
ACAGGGACAGGACTCGACCG_043,198
ACAGGGACAGGACTCGACCG_044,37
ACAGGGACAGGACTCGACCG_045,65
ACAGGGACAGGACTCGACCG_046,57
ACAGGGACAGGACTCGACCG_047,64
ACAGGGACAGGACTCGACCG_048,172
ACAGGGACAGGACTCGACCG_049,144
ACAGGGACAGGACTCGACCG_050,43
GGCGTGCATCACCAAACATG_001,107
GGCGTGCATCACCAAACATG_002,92
GGCGTGCATCACCAAACATG_003,33
CAGCATCAGAGGCCCCACTC_001,61
CAGCATCAGAGGCCCCACTC_002,165
CAGCATCAGAGGCCCCACTC_003,191
CAGCATCAGAGGCCCCACTC_004,175
CAGCATCAGAGGCCCCACTC_005,199
CAGCATCAGAGGCCCCACTC_006,107
CAGCATCAGAGGCCCCACTC_007,126
CAGCATCAGAGGCCCCACTC_008,123
CAGCATCAGAGGCCCCACTC_009,16
CAGCATCAGAGGCCCCACTC_010,142
CAGCATCAGAGGCCCCACTC_011,123
CCGGGAGACATACAACTCAC_001,22
CCGGGAGACATACAACTCAC_002,182
AGGAACCCCATGGCTTGCAA_001,1
AGGAACCCCATGGCTTGCAA_002,197
AGGAACCCCATGGCTTGCAA_003,165
AGGAACCCCATGGCTTGCAA_004,82
AGGAACCCCATGGCTTGCAA_005,125
AGGAACCCCATGGCTTGCAA_006,17
AGGAACCCCATGGCTTGCAA_007,117
AGGAACCCCATGGCTTGCAA_008,19
AGGAACCCCATGGCTTGCAA_009,3
AGGAACCCCATGGCTTGCAA_010,9
AGGAACCCCATGGCTTGCAA_011,77
AGGAACCCCATGGCTTGCAA_012,145
AGGAACCCCATGGCTTGCAA_013,28
AGGAACCCCATGGCTTGCAA_014,191
AGGAACCCCATGGCTTGCAA_015,78
AGGAACCCCATGGCTTGCAA_016,12
AGGAACCCCATGGCTTGCAA_017,146
AGGAACCCCATGGCTTGCAA_018,160
CTGCGCCAAGCAGCTCAACG_001,55
CTGCGCCAAGCAGCTCAACG_002,144
CTGCGCCAAGCAGCTCAACG_003,112
CTGCGCCAAGCAGCTCAACG_004,57
CTGCGCCAAGCAGCTCAACG_005,6
TTGGCTATATGACTTATGGG_001,190
ATGTGGACTGGAAAAACTGG_001,121
ATGTGGACTGGAAAAACTGG_002,170
ATGTGGACTGGAAAAACTGG_003,188
ATGTGGACTGGAAAAACTGG_004,26
ATGTGGACTGGAAAAACTGG_005,61
ATGTGGACTGGAAAAACTGG_006,81
ATGTGGACTGGAAAAACTGG_007,101
ATGTGGACTGGAAAAACTGG_008,176
ATGTGGACTGGAAAAACTGG_009,117
ATGTGGACTGGAAAAACTGG_010,60
ATGTGGACTGGAAAAACTGG_011,193
GAGCCCATATTTATCCTGAG_001,56
TGACTGTGCTCTAAGCTCCG_001,138
TGACTGTGCTCTAAGCTCCG_002,184
TGACTGTGCTCTAAGCTCCG_003,45
TGACTGTGCTCTAAGCTCCG_004,22
TGACTGTGCTCTAAGCTCCG_005,62
TGACTGTGCTCTAAGCTCCG_006,67
TGACTGTGCTCTAAGCTCCG_007,83
TGACTGTGCTCTAAGCTCCG_008,70
TGACTGTGCTCTAAGCTCCG_009,22
TGACTGTGCTCTAAGCTCCG_010,165
TGACTGTGCTCTAAGCTCCG_011,18
ATGATGACTGTAACCAGACA_001,54
ATGATGACTGTAACCAGACA_002,70
ATGATGACTGTAACCAGACA_003,73
ATGATGACTGTAACCAGACA_004,133
ATGATGACTGTAACCAGACA_005,179
ATGATGACTGTAACCAGACA_006,92
ATGATGACTGTAACCAGACA_007,199
ATGATGACTGTAACCAGACA_008,152
ATGATGACTGTAACCAGACA_009,9
ATGATGACTGTAACCAGACA_010,70
ATGATGACTGTAACCAGACA_011,43
ATGATGACTGTAACCAGACA_012,50
ATGATGACTGTAACCAGACA_013,70
ATGATGACTGTAACCAGACA_014,62
CCCCCTTCAGCTGCACACCG_001,158
CCCCCTTCAGCTGCACACCG_002,16
CCCCCTTCAGCTGCACACCG_003,158
CCCCCTTCAGCTGCACACCG_004,14
CCCCCTTCAGCTGCACACCG_005,60
CACGTCACAACCCAAGACCA_001,127
CACGTCACAACCCAAGACCA_002,152
CACGTCACAACCCAAGACCA_003,115
CACGTCACAACCCAAGACCA_004,69
ACTGAATCATGGACGCCAAG_001,2
ACTGAATCATGGACGCCAAG_002,122
ACTGAATCATGGACGCCAAG_003,184
ACTGAATCATGGACGCCAAG_004,20
ACTGAATCATGGACGCCAAG_005,168
ACTGAATCATGGACGCCAAG_006,1
ACTGAATCATGGACGCCAAG_007,2
ACTGAATCATGGACGCCAAG_008,168
GATGTCGGGAACAGGAACTG_001,34
GATGTCGGGAACAGGAACTG_002,26
GATGTCGGGAACAGGAACTG_003,67
GATGTCGGGAACAGGAACTG_004,41
GATGTCGGGAACAGGAACTG_005,56
GATGTCGGGAACAGGAACTG_006,49
GATGTCGGGAACAGGAACTG_007,145
GATGTCGGGAACAGGAACTG_008,95
GATGTCGGGAACAGGAACTG_009,16
GATGTCGGGAACAGGAACTG_010,156
GATGTCGGGAACAGGAACTG_011,9
GATGTCGGGAACAGGAACTG_012,28
GATGTCGGGAACAGGAACTG_013,77
GATGTCGGGAACAGGAACTG_014,199
GATGTCGGGAACAGGAACTG_015,155
GATGTCGGGAACAGGAACTG_016,123
GCACCAAGTTGCTATAAATG_001,188
GCACCAAGTTGCTATAAATG_002,78
GCACCAAGTTGCTATAAATG_003,26
GCACCAAGTTGCTATAAATG_004,26
GCACCAAGTTGCTATAAATG_005,53
GCACCAAGTTGCTATAAATG_006,15
GCACCAAGTTGCTATAAATG_007,50
GCACCAAGTTGCTATAAATG_008,15
GCACCAAGTTGCTATAAATG_009,12
GCACCAAGTTGCTATAAATG_010,30
GCACCAAGTTGCTATAAATG_011,191
CAAACAGGTAGCCCGGACAC_001,181
GTTGTTGGGATACTCAGGAC_001,145
GGAGACACTTACATGCATGA_001,144
GGAGACACTTACATGCATGA_002,130
GGAGACACTTACATGCATGA_003,134
TCATGCCTACTATCTCTCTG_001,55
TTGGTGGTCCCAATAATGGA_001,173
TTGGTGGTCCCAATAATGGA_002,134
TTGGTGGTCCCAATAATGGA_003,116
TTGGTGGTCCCAATAATGGA_004,86
CTTGAGCCTTAGCCCGATGT_001,148
CTTGAGCCTTAGCCCGATGT_002,67
CTTGAGCCTTAGCCCGATGT_003,85
CTTGAGCCTTAGCCCGATGT_004,55
CTTGAGCCTTAGCCCGATGT_005,157
CTTGAGCCTTAGCCCGATGT_006,77
CTTGAGCCTTAGCCCGATGT_007,157
CTTGAGCCTTAGCCCGATGT_008,157
CTTGAGCCTTAGCCCGATGT_009,188
CTTGAGCCTTAGCCCGATGT_010,2
CTGGCCCGGGCTATTGCAGG_001,57
CTGGCCCGGGCTATTGCAGG_002,16
CTGGCCCGGGCTATTGCAGG_003,185
CTGGCCCGGGCTATTGCAGG_004,158
AGCCTCGGGTGTCTTCATGG_001,137
AGCCTCGGGTGTCTTCATGG_002,159
AGCCTCGGGTGTCTTCATGG_003,18
AGCCTCGGGTGTCTTCATGG_004,60
AGCCTCGGGTGTCTTCATGG_005,9
AGCCTCGGGTGTCTTCATGG_006,1
AGCCTCGGGTGTCTTCATGG_007,50
TCTGTCCATAAAGTAGTGGG_001,164
TCTGTCCATAAAGTAGTGGG_002,172
TCTGTCCATAAAGTAGTGGG_003,52
TCTGTCCATAAAGTAGTGGG_004,144
TGAAGGCTGAGTGATAGGTG_001,77
TGAAGGCTGAGTGATAGGTG_002,115
TGAAGGCTGAGTGATAGGTG_003,74
TGAAGGCTGAGTGATAGGTG_004,172
TGAAGGCTGAGTGATAGGTG_005,77
TGAAGGCTGAGTGATAGGTG_006,63
TGAAGGCTGAGTGATAGGTG_007,179
TGAAGGCTGAGTGATAGGTG_008,24
AAGCACTTTCTCGGCAAGGT_001,104
AAGCACTTTCTCGGCAAGGT_002,152
AAGCACTTTCTCGGCAAGGT_003,133
AAGCACTTTCTCGGCAAGGT_004,33
AAGCACTTTCTCGGCAAGGT_005,84
AAGCACTTTCTCGGCAAGGT_006,65
AAGCACTTTCTCGGCAAGGT_007,58
AAGCACTTTCTCGGCAAGGT_008,176
GTATCAAAGAAAAAGGTTGG_001,127
GTATCAAAGAAAAAGGTTGG_002,105
GTATCAAAGAAAAAGGTTGG_003,82
GTATCAAAGAAAAAGGTTGG_004,155
GTATCAAAGAAAAAGGTTGG_005,63
GTATCAAAGAAAAAGGTTGG_006,166
GTATCAAAGAAAAAGGTTGG_007,17
TGCCACTGCACTCAGTCATG_001,36
TGCCACTGCACTCAGTCATG_002,42
TGCCACTGCACTCAGTCATG_003,7
TGGTACTGATTATGGCACTC_001,8
GTACCTGTCCGACAAGTGTG_001,103
GTACCTGTCCGACAAGTGTG_002,175
GTACCTGTCCGACAAGTGTG_003,105
GTACCTGTCCGACAAGTGTG_004,184
GTACCTGTCCGACAAGTGTG_005,140
GTACCTGTCCGACAAGTGTG_006,165
GTACCTGTCCGACAAGTGTG_007,190
GTACCTGTCCGACAAGTGTG_008,148
GTACCTGTCCGACAAGTGTG_009,58
GTACCTGTCCGACAAGTGTG_010,172
GTACCTGTCCGACAAGTGTG_011,198
GTACCTGTCCGACAAGTGTG_012,91
GTACCTGTCCGACAAGTGTG_013,160
GTACCTGTCCGACAAGTGTG_014,32
CCCTCTCGCAGTCTCCATCG_001,96
CCCTCTCGCAGTCTCCATCG_002,182
CCCTCTCGCAGTCTCCATCG_003,173
CCCTCTCGCAGTCTCCATCG_004,156
CCCTCTCGCAGTCTCCATCG_005,2
CCCTCTCGCAGTCTCCATCG_006,27
CCCTCTCGCAGTCTCCATCG_007,175
CCCTCTCGCAGTCTCCATCG_008,98
CCCTCTCGCAGTCTCCATCG_009,168
CCCTCTCGCAGTCTCCATCG_010,43
CCCTCTCGCAGTCTCCATCG_011,99
TGGCTCACCTGACCACGTTG_001,177
TGGCTCACCTGACCACGTTG_002,114
TGGCTCACCTGACCACGTTG_003,121
TGGCTCACCTGACCACGTTG_004,119
TGGCTCACCTGACCACGTTG_005,41
TGGCTCACCTGACCACGTTG_006,148
TGGCTCACCTGACCACGTTG_007,177
AAAAAGCTCATTACCCGAGC_001,2
AAAAAGCTCATTACCCGAGC_002,41
AAAAAGCTCATTACCCGAGC_003,102
AAAAAGCTCATTACCCGAGC_004,156
AAAAAGCTCATTACCCGAGC_005,47
CATAAACACTGACCTTGCCA_001,35
CATAAACACTGACCTTGCCA_002,1
CATAAACACTGACCTTGCCA_003,170
CATAAACACTGACCTTGCCA_004,102
CATAAACACTGACCTTGCCA_005,174
CATAAACACTGACCTTGCCA_006,83
CATAAACACTGACCTTGCCA_007,22
CATAAACACTGACCTTGCCA_008,42
CATAAACACTGACCTTGCCA_009,166
AGATGTGGCTGCCAGTGGTG_001,161
AGATGTGGCTGCCAGTGGTG_002,115
AGATGTGGCTGCCAGTGGTG_003,38
AGATGTGGCTGCCAGTGGTG_004,147
AGATGTGGCTGCCAGTGGTG_005,158
AGATGTGGCTGCCAGTGGTG_006,172
AGATGTGGCTGCCAGTGGTG_007,126
AGATGTGGCTGCCAGTGGTG_008,5
AGATGTGGCTGCCAGTGGTG_009,119
AGATGTGGCTGCCAGTGGTG_010,159
AGATGTGGCTGCCAGTGGTG_011,91
AGATGTGGCTGCCAGTGGTG_012,0
AGATGTGGCTGCCAGTGGTG_013,78
AGATGTGGCTGCCAGTGGTG_014,116
AGATGTGGCTGCCAGTGGTG_015,76
AGATGTGGCTGCCAGTGGTG_016,174
AGATGTGGCTGCCAGTGGTG_017,37
AGATGTGGCTGCCAGTGGTG_018,160
AGATGTGGCTGCCAGTGGTG_019,121
AGATGTGGCTGCCAGTGGTG_020,177
AGATGTGGCTGCCAGTGGTG_021,113
AGATGTGGCTGCCAGTGGTG_022,184
AGATGTGGCTGCCAGTGGTG_023,22
AGATGTGGCTGCCAGTGGTG_024,145
AGATGTGGCTGCCAGTGGTG_025,127
AGATGTGGCTGCCAGTGGTG_026,134
AGATGTGGCTGCCAGTGGTG_027,194
AGATGTGGCTGCCAGTGGTG_028,129
AGATGTGGCTGCCAGTGGTG_029,168
AGATGTGGCTGCCAGTGGTG_030,43
AGATGTGGCTGCCAGTGGTG_031,115
AGATGTGGCTGCCAGTGGTG_032,17
AGATGTGGCTGCCAGTGGTG_033,20
ACTTACCACATTAAACACGT_001,122
ACTTACCACATTAAACACGT_002,9
ACTTACCACATTAAACACGT_003,148
CACCACCAGCACAATACCTG_001,32
CACCACCAGCACAATACCTG_002,123
CACCACCAGCACAATACCTG_003,169
TGGCCAAAGCGATAGCTGAC_001,170
TGGCCAAAGCGATAGCTGAC_002,17
TGGCCAAAGCGATAGCTGAC_003,40
TGGCCAAAGCGATAGCTGAC_004,163
TGGCCAAAGCGATAGCTGAC_005,137
TGGCCAAAGCGATAGCTGAC_006,82
TGGCCAAAGCGATAGCTGAC_007,125
TGGCCAAAGCGATAGCTGAC_008,198
TGGCCAAAGCGATAGCTGAC_009,77
TGGCCAAAGCGATAGCTGAC_010,112
GGATGTTGCCCACAGATGTG_001,193
GGATGTTGCCCACAGATGTG_002,145
GGATGTTGCCCACAGATGTG_003,134
GGATGTTGCCCACAGATGTG_004,175
GGATGTTGCCCACAGATGTG_005,62
GGATGTTGCCCACAGATGTG_006,63
GGATGTTGCCCACAGATGTG_007,155
TGGCAGTATTGTGGACACTG_001,134
TGGCAGTATTGTGGACACTG_002,110
TGGTGCCCATTGTAAGTCGG_001,50
TATCCTCCTTCCAGAAAGTG_001,75
TATCCTCCTTCCAGAAAGTG_002,17
TATCCTCCTTCCAGAAAGTG_003,158
TATCCTCCTTCCAGAAAGTG_004,140
TATCCTCCTTCCAGAAAGTG_005,190
TATCCTCCTTCCAGAAAGTG_006,112
TATCCTCCTTCCAGAAAGTG_007,43
TATCCTCCTTCCAGAAAGTG_008,80
TATCCTCCTTCCAGAAAGTG_009,90
TATCCTCCTTCCAGAAAGTG_010,8
TATCCTCCTTCCAGAAAGTG_011,78
TATCCTCCTTCCAGAAAGTG_012,50
TATCCTCCTTCCAGAAAGTG_013,121
CTTCCAACAAAATCGTCAAG_001,85
CTTCCAACAAAATCGTCAAG_002,147
CTTCCAACAAAATCGTCAAG_003,144
CTTCCAACAAAATCGTCAAG_004,106
CTTCCAACAAAATCGTCAAG_005,77
CTTCCAACAAAATCGTCAAG_006,105
CTTCCAACAAAATCGTCAAG_007,105
TTGCTCTGTCACGAAAACAC_001,105
TTGCTCTGTCACGAAAACAC_002,188
TTGCTCTGTCACGAAAACAC_003,108
TTGCTCTGTCACGAAAACAC_004,178
TTGCTCTGTCACGAAAACAC_005,170
TTGCTCTGTCACGAAAACAC_006,71
TTGCTCTGTCACGAAAACAC_007,175
TTGCTCTGTCACGAAAACAC_008,62
AGAGCGCGCTCAGAAGCGAA_001,145
AGAGCGCGCTCAGAAGCGAA_002,19
AGAGCGCGCTCAGAAGCGAA_003,86
AGAGCGCGCTCAGAAGCGAA_004,11
AGAGCGCGCTCAGAAGCGAA_005,117
AGAGCGCGCTCAGAAGCGAA_006,24
AGAGCGCGCTCAGAAGCGAA_007,169
AGAGCGCGCTCAGAAGCGAA_008,43
AGAGCGCGCTCAGAAGCGAA_009,46
AGAGCGCGCTCAGAAGCGAA_010,16
AGAGCGCGCTCAGAAGCGAA_011,170
AGAGCGCGCTCAGAAGCGAA_012,130
AGAGCGCGCTCAGAAGCGAA_013,22
AGAGCGCGCTCAGAAGCGAA_014,160
AGAGCGCGCTCAGAAGCGAA_015,83
ACTATGCCTATAGGACAGAG_001,113
ACTATGCCTATAGGACAGAG_002,108
ACTATGCCTATAGGACAGAG_003,82
ACTATGCCTATAGGACAGAG_004,57
ACTATGCCTATAGGACAGAG_005,0
ACTATGCCTATAGGACAGAG_006,66
AGGATCCTTAGGGTGCCCTG_001,94
AGGATCCTTAGGGTGCCCTG_002,188
AGGATCCTTAGGGTGCCCTG_003,105
AGGATCCTTAGGGTGCCCTG_004,178
AGGATCCTTAGGGTGCCCTG_005,80
AGGATCCTTAGGGTGCCCTG_006,19
AGGATCCTTAGGGTGCCCTG_007,187
AGGATCCTTAGGGTGCCCTG_008,105
AGGATCCTTAGGGTGCCCTG_009,101
AGGATCCTTAGGGTGCCCTG_010,88
AGGATCCTTAGGGTGCCCTG_011,56
AGGATCCTTAGGGTGCCCTG_012,137
AGGATCCTTAGGGTGCCCTG_013,40
CCCATTTACTTCTTGTCCAG_001,137
CCCATTTACTTCTTGTCCAG_002,94
CCCATTTACTTCTTGTCCAG_003,15
CCCATTTACTTCTTGTCCAG_004,127
CCCATTTACTTCTTGTCCAG_005,12
CCCATTTACTTCTTGTCCAG_006,124
CCCATTTACTTCTTGTCCAG_007,17
CCCATTTACTTCTTGTCCAG_008,172
CAAGGACAGCAACAAGCATG_001,32
CAAGGACAGCAACAAGCATG_002,40
CAAGGACAGCAACAAGCATG_003,62
CAAGGACAGCAACAAGCATG_004,29
CAAGGACAGCAACAAGCATG_005,198
CAAGGACAGCAACAAGCATG_006,169
CAAGGACAGCAACAAGCATG_007,15
CAAGGACAGCAACAAGCATG_008,124
CAAGGACAGCAACAAGCATG_009,175
GTTTCTCAATGATACAAGGG_001,177
GTTTCTCAATGATACAAGGG_002,104
GGCCACATCTCGCTACATCG_001,117
TGTGGCAGGTACCGACGCCG_001,9
TGTGGCAGGTACCGACGCCG_002,162
TGTGGCAGGTACCGACGCCG_003,34
TGTGGCAGGTACCGACGCCG_004,27
TGTGGCAGGTACCGACGCCG_005,141
TGTGGCAGGTACCGACGCCG_006,40
TGTGGCAGGTACCGACGCCG_007,188
TGTGGCAGGTACCGACGCCG_008,71
GGAGACTGATAGTGAACCAG_001,11
GGAGACTGATAGTGAACCAG_002,17
GGAGACTGATAGTGAACCAG_003,105
GGAGACTGATAGTGAACCAG_004,121
GGGGCTGGTTGACTCCACTG_001,150
GGGGCTGGTTGACTCCACTG_002,48
GGGGCTGGTTGACTCCACTG_003,105
GGGGCTGGTTGACTCCACTG_004,121
GGGGCTGGTTGACTCCACTG_005,169
GGGGCTGGTTGACTCCACTG_006,196
GGGGCTGGTTGACTCCACTG_007,141
GGGGCTGGTTGACTCCACTG_008,55
GGGGCTGGTTGACTCCACTG_009,119
GGGGCTGGTTGACTCCACTG_010,147
GGGGCTGGTTGACTCCACTG_011,10
GGGGCTGGTTGACTCCACTG_012,104
GGGGCTGGTTGACTCCACTG_013,130
GGGGCTGGTTGACTCCACTG_014,70
GGGGCTGGTTGACTCCACTG_015,192
GGGGCTGGTTGACTCCACTG_016,41
GGGGCTGGTTGACTCCACTG_017,140
GGGGCTGGTTGACTCCACTG_018,105
GGGGCTGGTTGACTCCACTG_019,155
GGGGCTGGTTGACTCCACTG_020,140
GGGGCTGGTTGACTCCACTG_021,190
GGGGCTGGTTGACTCCACTG_022,6
GGGGCTGGTTGACTCCACTG_023,69
GGGGCTGGTTGACTCCACTG_024,175
GGGGCTGGTTGACTCCACTG_025,127
GGGGCTGGTTGACTCCACTG_026,58
GGGGCTGGTTGACTCCACTG_027,16
GGGGCTGGTTGACTCCACTG_028,6
GGGGCTGGTTGACTCCACTG_029,72
GGGGCTGGTTGACTCCACTG_030,45
GGGGCTGGTTGACTCCACTG_031,95
GGGGCTGGTTGACTCCACTG_032,148
GGGGCTGGTTGACTCCACTG_033,96
GGGGCTGGTTGACTCCACTG_034,87
GGGGCTGGTTGACTCCACTG_035,118
GGGGCTGGTTGACTCCACTG_036,178
CACATACGAATAGCAAACTG_001,179
CACATACGAATAGCAAACTG_002,127
CACATACGAATAGCAAACTG_003,72
GTTGCACCCCCGTGCGCGGG_001,173
GTTGCACCCCCGTGCGCGGG_002,68
GTTGCACCCCCGTGCGCGGG_003,97
GTTGCACCCCCGTGCGCGGG_004,50
GTTGCACCCCCGTGCGCGGG_005,126
GTTGCACCCCCGTGCGCGGG_006,95
GTTGCACCCCCGTGCGCGGG_007,34
GTTGCACCCCCGTGCGCGGG_008,169
GTTGCACCCCCGTGCGCGGG_009,104
GTTGCACCCCCGTGCGCGGG_010,48
GTTGCACCCCCGTGCGCGGG_011,132
GTTGCACCCCCGTGCGCGGG_012,177
GTTGCACCCCCGTGCGCGGG_013,184
GTTGCACCCCCGTGCGCGGG_014,168
GTTGCACCCCCGTGCGCGGG_015,108
GTTGCACCCCCGTGCGCGGG_016,184
GTTGCACCCCCGTGCGCGGG_017,1
GTTGCACCCCCGTGCGCGGG_018,28
GTTGCACCCCCGTGCGCGGG_019,15
TAAGATGAGAAGCAGGACAG_001,105
TAAGATGAGAAGCAGGACAG_002,26
TAAGATGAGAAGCAGGACAG_003,96
TAAGATGAGAAGCAGGACAG_004,3
TAAGATGAGAAGCAGGACAG_005,172
TAAGATGAGAAGCAGGACAG_006,47
TTGCAGTTGACCAGAAGAGC_001,184
TTGCAGTTGACCAGAAGAGC_002,9
TTGCAGTTGACCAGAAGAGC_003,92
TTGCAGTTGACCAGAAGAGC_004,2
TTGCAGTTGACCAGAAGAGC_005,41
TACCCTCCTGGAGTCTACAC_001,145
TACCCTCCTGGAGTCTACAC_002,77
TACCCTCCTGGAGTCTACAC_003,52
TCATCACAGGACCTTATGGG_001,199
TCATCACAGGACCTTATGGG_002,172
TCATCACAGGACCTTATGGG_003,119
TCATCACAGGACCTTATGGG_004,184
TCATCACAGGACCTTATGGG_005,168
TCATCACAGGACCTTATGGG_006,164
TCATCACAGGACCTTATGGG_007,164
TCATCACAGGACCTTATGGG_008,125
TCATCCAGCTCACTTCCGTG_001,141
TCATCCAGCTCACTTCCGTG_002,29
TGATGGAAGCCACACTACCG_001,53
TGATGGAAGCCACACTACCG_002,102
TGATGGAAGCCACACTACCG_003,50
TGATGGAAGCCACACTACCG_004,33
TGATGGAAGCCACACTACCG_005,28
TGATGGAAGCCACACTACCG_006,124
TGATGGAAGCCACACTACCG_007,60
TGATGGAAGCCACACTACCG_008,160
TGATGGAAGCCACACTACCG_009,34
TGATGGAAGCCACACTACCG_010,1
TGATGGAAGCCACACTACCG_011,188
TGATGGAAGCCACACTACCG_012,63
TGATGGAAGCCACACTACCG_013,76
TGATGGAAGCCACACTACCG_014,28
TGATGGAAGCCACACTACCG_015,91
TGATGGAAGCCACACTACCG_016,130
TGATGGAAGCCACACTACCG_017,43
TGATGGAAGCCACACTACCG_018,5
TGATGGAAGCCACACTACCG_019,105
CTTCATCTAGTGAGTCGTCG_001,100
CTTCATCTAGTGAGTCGTCG_002,47
CTTCATCTAGTGAGTCGTCG_003,137
CTTCATCTAGTGAGTCGTCG_004,192
CTTCATCTAGTGAGTCGTCG_005,120
CTTCATCTAGTGAGTCGTCG_006,140
CTTCATCTAGTGAGTCGTCG_007,110
CTTCATCTAGTGAGTCGTCG_008,43
CTTCATCTAGTGAGTCGTCG_009,85
CTTCATCTAGTGAGTCGTCG_010,31
CTTCATCTAGTGAGTCGTCG_011,2
CTTCATCTAGTGAGTCGTCG_012,15
CTTCATCTAGTGAGTCGTCG_013,165
CTTCATCTAGTGAGTCGTCG_014,136
CTTCATCTAGTGAGTCGTCG_015,79
CTTCATCTAGTGAGTCGTCG_016,48
TGAGGCCACACATTTCACAG_001,81
TGAGGCCACACATTTCACAG_002,50
TGAGGCCACACATTTCACAG_003,181
TGAGGCCACACATTTCACAG_004,70
TGAGGCCACACATTTCACAG_005,77
TGAGGCCACACATTTCACAG_006,115
TGAGGCCACACATTTCACAG_007,91
TGAGGCCACACATTTCACAG_008,141
TGAGGCCACACATTTCACAG_009,142
TGAGGCCACACATTTCACAG_010,188
TGAGGCCACACATTTCACAG_011,16
TGAGGCCACACATTTCACAG_012,6
TGAGGCCACACATTTCACAG_013,10
TGAGGCCACACATTTCACAG_014,114
GAGCCGCAGAGCTTCTCAAG_001,133
GAGCCGCAGAGCTTCTCAAG_002,51
GAGCCGCAGAGCTTCTCAAG_003,185
GAGCCGCAGAGCTTCTCAAG_004,5
GAGCCGCAGAGCTTCTCAAG_005,155
GAGCCGCAGAGCTTCTCAAG_006,158
GAGCCGCAGAGCTTCTCAAG_007,46
CGAATCCAAAGATGTAGACT_001,185
CGAATCCAAAGATGTAGACT_002,13
CGAATCCAAAGATGTAGACT_003,22
CGAATCCAAAGATGTAGACT_004,133
CGAATCCAAAGATGTAGACT_005,76
CGAATCCAAAGATGTAGACT_006,1
CGAATCCAAAGATGTAGACT_007,32
TGTCGTTTCAAAAATCTCCA_001,32
TGTCGTTTCAAAAATCTCCA_002,165
TGTCGTTTCAAAAATCTCCA_003,16
TTAATCCTAAGTGGACCAAG_001,172
TTAATCCTAAGTGGACCAAG_002,16
TTAATCCTAAGTGGACCAAG_003,29
TTAATCCTAAGTGGACCAAG_004,170
TTAATCCTAAGTGGACCAAG_005,134
TTAATCCTAAGTGGACCAAG_006,169
TTAATCCTAAGTGGACCAAG_007,160
TTAATCCTAAGTGGACCAAG_008,105
TTAATCCTAAGTGGACCAAG_009,170
TTAATCCTAAGTGGACCAAG_010,137
TTAATCCTAAGTGGACCAAG_011,190
TTAATCCTAAGTGGACCAAG_012,162
TTAATCCTAAGTGGACCAAG_013,149
TTAATCCTAAGTGGACCAAG_014,103
TTAATCCTAAGTGGACCAAG_015,2
TTAATCCTAAGTGGACCAAG_016,188
TTAATCCTAAGTGGACCAAG_017,180
GCTGCTACATCAACTCTCTC_001,119
GCTGCTACATCAACTCTCTC_002,29
GCTGCTACATCAACTCTCTC_003,65
GCTGCTACATCAACTCTCTC_004,3
GCTGCTACATCAACTCTCTC_005,27
GCTGCTACATCAACTCTCTC_006,174
GCTGCTACATCAACTCTCTC_007,161
GTGACATGACCATCGCTGAG_001,171
GTGACATGACCATCGCTGAG_002,19
GTGACATGACCATCGCTGAG_003,127
GTGACATGACCATCGCTGAG_004,176
GTGACATGACCATCGCTGAG_005,56
GTGACATGACCATCGCTGAG_006,163
TCATTATCCACAACCATAAG_001,147
TCATTATCCACAACCATAAG_002,98
TCATTATCCACAACCATAAG_003,148
GGGTCGGTACCAACAAAGGA_001,158
GGGTCGGTACCAACAAAGGA_002,29
GGGTCGGTACCAACAAAGGA_003,105
GGGTCGGTACCAACAAAGGA_004,197
GGGTCGGTACCAACAAAGGA_005,156
GGGTCGGTACCAACAAAGGA_006,37
GGGTCGGTACCAACAAAGGA_007,3
GGGTCGGTACCAACAAAGGA_008,180
GGGTCGGTACCAACAAAGGA_009,106
GGGTCGGTACCAACAAAGGA_010,168
ATAAAGGATGGACTACAGTG_001,43
ATAAAGGATGGACTACAGTG_002,35
GCTCCAGGACCTTGGCCGTC_001,102
GCTCCAGGACCTTGGCCGTC_002,44
GCTCCAGGACCTTGGCCGTC_003,127
GCTCCAGGACCTTGGCCGTC_004,105
GTGCAAGCCAGAAATTGACA_001,48
GTGCAAGCCAGAAATTGACA_002,48
GTGCAAGCCAGAAATTGACA_003,152
ATGTAGAGATAGCCCACATG_001,170
ATGTAGAGATAGCCCACATG_002,174
ATGTAGAGATAGCCCACATG_003,61
ATGTAGAGATAGCCCACATG_004,186
ATGTAGAGATAGCCCACATG_005,60
ATGTAGAGATAGCCCACATG_006,71
ATGTAGAGATAGCCCACATG_007,35
AACTTCGGTCGGAGCCGGCA_001,92
AACTTCGGTCGGAGCCGGCA_002,11
AACTTCGGTCGGAGCCGGCA_003,137
AACTTCGGTCGGAGCCGGCA_004,78
AACTTCGGTCGGAGCCGGCA_005,82
AACTTCGGTCGGAGCCGGCA_006,127
AACTTCGGTCGGAGCCGGCA_007,49
AACTTCGGTCGGAGCCGGCA_008,30
AACTTCGGTCGGAGCCGGCA_009,17
AACTTCGGTCGGAGCCGGCA_010,94
AACTTCGGTCGGAGCCGGCA_011,127
AACTTCGGTCGGAGCCGGCA_012,96
AACTTCGGTCGGAGCCGGCA_013,59
AACTTCGGTCGGAGCCGGCA_014,9
AACTTCGGTCGGAGCCGGCA_015,7
AACTTCGGTCGGAGCCGGCA_016,163
AACTTCGGTCGGAGCCGGCA_017,158
AACTTCGGTCGGAGCCGGCA_018,145
AACTTCGGTCGGAGCCGGCA_019,157
AACTTCGGTCGGAGCCGGCA_020,167
AACTTCGGTCGGAGCCGGCA_021,197
AACTTCGGTCGGAGCCGGCA_022,113
AACTTCGGTCGGAGCCGGCA_023,155
AACTTCGGTCGGAGCCGGCA_024,128
AACTTCGGTCGGAGCCGGCA_025,133
AACTTCGGTCGGAGCCGGCA_026,106
AACTTCGGTCGGAGCCGGCA_027,106
AACTTCGGTCGGAGCCGGCA_028,33
AACTTCGGTCGGAGCCGGCA_029,33
AACTTCGGTCGGAGCCGGCA_030,63
AACTTCGGTCGGAGCCGGCA_031,160
AACTTCGGTCGGAGCCGGCA_032,62
AACTTCGGTCGGAGCCGGCA_033,173
AACTTCGGTCGGAGCCGGCA_034,173
AACTTCGGTCGGAGCCGGCA_035,166
AACTTCGGTCGGAGCCGGCA_036,118
AACTTCGGTCGGAGCCGGCA_037,157
AACTTCGGTCGGAGCCGGCA_038,61
ACAGTGGGTACATGCGCATG_001,88
ACAGTGGGTACATGCGCATG_002,40
GAGTTATAACCACCTTCGGA_001,15
GAGTTATAACCACCTTCGGA_002,92
GAGTTATAACCACCTTCGGA_003,23
GAGTTATAACCACCTTCGGA_004,38
GAGTTATAACCACCTTCGGA_005,1
TCTGTGAGAGCAGCTTTGAA_001,45
TCTGTGAGAGCAGCTTTGAA_002,4
TCTGTGAGAGCAGCTTTGAA_003,6
TCTGTGAGAGCAGCTTTGAA_004,172
TCTGTGAGAGCAGCTTTGAA_005,112
TCTGTGAGAGCAGCTTTGAA_006,183
TCTGTGAGAGCAGCTTTGAA_007,88
TCTGTGAGAGCAGCTTTGAA_008,70
TCTGTGAGAGCAGCTTTGAA_009,198
TCTGTGAGAGCAGCTTTGAA_010,62
TCTGTGAGAGCAGCTTTGAA_011,35
TCTGTGAGAGCAGCTTTGAA_012,115
TTTCACTAACAGAATTCAGA_001,49
ATCAGGCGATAAGATTGTCG_001,88
ATCAGGCGATAAGATTGTCG_002,11
ATCAGGCGATAAGATTGTCG_003,168
ATCAGGCGATAAGATTGTCG_004,179
ATCAGGCGATAAGATTGTCG_005,158
ATCAGGCGATAAGATTGTCG_006,162
ATCAGGCGATAAGATTGTCG_007,77
ATCAGGCGATAAGATTGTCG_008,48
ATCAGGCGATAAGATTGTCG_009,44
ATCAGGCGATAAGATTGTCG_010,40
ATCAGGCGATAAGATTGTCG_011,58
ATCAGGCGATAAGATTGTCG_012,122
ATCAGGCGATAAGATTGTCG_013,157
ATCAGGCGATAAGATTGTCG_014,29
ATCAGGCGATAAGATTGTCG_015,170
ATCAGGCGATAAGATTGTCG_016,102
AAGATGCTTACACCTGGCCC_001,149
AAGATGCTTACACCTGGCCC_002,198
AAGATGCTTACACCTGGCCC_003,156
AAGATGCTTACACCTGGCCC_004,58
AAGATGCTTACACCTGGCCC_005,29
AAGATGCTTACACCTGGCCC_006,58
CAAAAAGAAGCCATACCGAG_001,61
CAAAAAGAAGCCATACCGAG_002,16
CAAGCGAAGATCCTCTAACC_001,130
CAAGCGAAGATCCTCTAACC_002,60
CAAGCGAAGATCCTCTAACC_003,170
CAAGCGAAGATCCTCTAACC_004,33
CAAGCGAAGATCCTCTAACC_005,169
CAAGCGAAGATCCTCTAACC_006,199
AAGCTATAAACAGAAGGACA_001,173
AAGCTATAAACAGAAGGACA_002,136
AAGCTATAAACAGAAGGACA_003,64
AAGCTATAAACAGAAGGACA_004,149
AAGCTATAAACAGAAGGACA_005,58
AAGCTATAAACAGAAGGACA_006,43
AAGCTATAAACAGAAGGACA_007,8
ATGTCAGGACGCGGCAAAGG_001,49
ATGTCAGGACGCGGCAAAGG_002,76
ATGTCAGGACGCGGCAAAGG_003,89
ATGTCAGGACGCGGCAAAGG_004,52
ATGTCAGGACGCGGCAAAGG_005,93
ATGTCAGGACGCGGCAAAGG_006,113
ATGTCAGGACGCGGCAAAGG_007,20
ATGTCAGGACGCGGCAAAGG_008,156
ATGTCAGGACGCGGCAAAGG_009,55
ATGTCAGGACGCGGCAAAGG_010,55
ATGTCAGGACGCGGCAAAGG_011,40
ATGTCAGGACGCGGCAAAGG_012,12
ATGTCAGGACGCGGCAAAGG_013,1
ATGTCAGGACGCGGCAAAGG_014,94
ATGTCAGGACGCGGCAAAGG_015,94
ATGTCAGGACGCGGCAAAGG_016,77
ATGTCAGGACGCGGCAAAGG_017,39
ATGTCAGGACGCGGCAAAGG_018,63
ACGGATCCTTAAAGCAAAGG_001,94
ACGGATCCTTAAAGCAAAGG_002,172
ACGGATCCTTAAAGCAAAGG_003,159
ACGGATCCTTAAAGCAAAGG_004,23
ACGGATCCTTAAAGCAAAGG_005,137
GGGGCAAAAATGCTACGGTG_001,147
GGGGCAAAAATGCTACGGTG_002,156
GGGGCAAAAATGCTACGGTG_003,0
GGGGCAAAAATGCTACGGTG_004,161
GGGGCAAAAATGCTACGGTG_005,108
GGGGCAAAAATGCTACGGTG_006,63
GGGGCAAAAATGCTACGGTG_007,184
GGGGCAAAAATGCTACGGTG_008,24
GGGGCAAAAATGCTACGGTG_009,189
GGGGCAAAAATGCTACGGTG_010,28
GGGGCAAAAATGCTACGGTG_011,102
GGAGCTGGGGACCTGCCAAG_001,77
GGAGCTGGGGACCTGCCAAG_002,84
GGAGCTGGGGACCTGCCAAG_003,105
GGAGCTGGGGACCTGCCAAG_004,111
GGAGCTGGGGACCTGCCAAG_005,150
GGAGCTGGGGACCTGCCAAG_006,162
GGAGCTGGGGACCTGCCAAG_007,147
GGAGCTGGGGACCTGCCAAG_008,98
GGAGCTGGGGACCTGCCAAG_009,153
GGAGCTGGGGACCTGCCAAG_010,110
GGAGCTGGGGACCTGCCAAG_011,70
GGAGCTGGGGACCTGCCAAG_012,145
GGAGCTGGGGACCTGCCAAG_013,121
GGAGCTGGGGACCTGCCAAG_014,168
GGAGCTGGGGACCTGCCAAG_015,49
TTTCTTGTGTTAGGGAAGTG_001,104
TTTCTTGTGTTAGGGAAGTG_002,118
CCGACAGATAGAGGACCGTG_001,14
CCGACAGATAGAGGACCGTG_002,25
CCGACAGATAGAGGACCGTG_003,58
CCGACAGATAGAGGACCGTG_004,151
CCGACAGATAGAGGACCGTG_005,105
CCGACAGATAGAGGACCGTG_006,190
CCGACAGATAGAGGACCGTG_007,46
CCGACAGATAGAGGACCGTG_008,118
CAGCACGAGAAGAGCTACTC_001,20
CAGCACGAGAAGAGCTACTC_002,82
CAGCACGAGAAGAGCTACTC_003,107
CAGCACGAGAAGAGCTACTC_004,179
CAGCACGAGAAGAGCTACTC_005,44
CAGCACGAGAAGAGCTACTC_006,160
CAGCACGAGAAGAGCTACTC_007,98
CAGCACGAGAAGAGCTACTC_008,42
CAGCACGAGAAGAGCTACTC_009,20
CAGCACGAGAAGAGCTACTC_010,160
CAGCACGAGAAGAGCTACTC_011,133
CAGCACGAGAAGAGCTACTC_012,94
CACGTGTATTGTAGACGTTG_001,5
CACGTGTATTGTAGACGTTG_002,60
CACGTGTATTGTAGACGTTG_003,129
CACGTGTATTGTAGACGTTG_004,91
CACGTGTATTGTAGACGTTG_005,182
CACGTGTATTGTAGACGTTG_006,150
CACGTGTATTGTAGACGTTG_007,136
CACGTGTATTGTAGACGTTG_008,115
CAGCCCATACTATGGTAGCA_001,49
CAGCCCATACTATGGTAGCA_002,70
CAGCCCATACTATGGTAGCA_003,198
CAGCCCATACTATGGTAGCA_004,3
CAGCCCATACTATGGTAGCA_005,66
TGACCCTTGCATGTGAAATG_001,175
TGACCCTTGCATGTGAAATG_002,17
TGACCCTTGCATGTGAAATG_003,199
TGACCCTTGCATGTGAAATG_004,137
TGACCCTTGCATGTGAAATG_005,36
GCATCTTGACTCATTGCCAG_001,183
GCATCTTGACTCATTGCCAG_002,58
GCATCTTGACTCATTGCCAG_003,177
GCATCTTGACTCATTGCCAG_004,58
GCATCTTGACTCATTGCCAG_005,85
GCATCTTGACTCATTGCCAG_006,197
GCATCTTGACTCATTGCCAG_007,78
GCATCTTGACTCATTGCCAG_008,41
GCATCTTGACTCATTGCCAG_009,122
GCATCTTGACTCATTGCCAG_010,50
GCATCTTGACTCATTGCCAG_011,141
GCATCTTGACTCATTGCCAG_012,85
GCATCTTGACTCATTGCCAG_013,152
GCATCTTGACTCATTGCCAG_014,158
GCATCTTGACTCATTGCCAG_015,16
GCATCTTGACTCATTGCCAG_016,119
GCTGGTTGGACTCACAAGGG_001,170
GCTGGTTGGACTCACAAGGG_002,130
GCTGGTTGGACTCACAAGGG_003,133
ACACCGGCTTATCCCATTCG_001,177
ACACCGGCTTATCCCATTCG_002,160
ACACCGGCTTATCCCATTCG_003,20
ACACCGGCTTATCCCATTCG_004,95
ACACCGGCTTATCCCATTCG_005,48
ACACCGGCTTATCCCATTCG_006,183
ACACCGGCTTATCCCATTCG_007,11
CTTGGAGTTTCCACCTCCTG_001,108
CTTGGAGTTTCCACCTCCTG_002,197
CTTGGAGTTTCCACCTCCTG_003,169
CTTGGAGTTTCCACCTCCTG_004,8
CTTGGAGTTTCCACCTCCTG_005,93
CTTGGAGTTTCCACCTCCTG_006,52
CTTGGAGTTTCCACCTCCTG_007,8
CTTGGAGTTTCCACCTCCTG_008,96
CTTGGAGTTTCCACCTCCTG_009,80
CTTGGAGTTTCCACCTCCTG_010,25
CTTGGAGTTTCCACCTCCTG_011,188
CTTGGAGTTTCCACCTCCTG_012,8
GAACTGCATAGTAGTTGTCA_001,38
GAACTGCATAGTAGTTGTCA_002,120
GAACTGCATAGTAGTTGTCA_003,96
GAACTGCATAGTAGTTGTCA_004,94
GAACTGCATAGTAGTTGTCA_005,94
AGCTGTCCCACATCAACGCG_001,107
AGCTGTCCCACATCAACGCG_002,48
AGCTGTCCCACATCAACGCG_003,77
AGCTGTCCCACATCAACGCG_004,82
AGCTGTCCCACATCAACGCG_005,101
AGCTGTCCCACATCAACGCG_006,48
AGCTGTCCCACATCAACGCG_007,146
AGCTGTCCCACATCAACGCG_008,146
AGCTGTCCCACATCAACGCG_009,150
AGCTGTCCCACATCAACGCG_010,35
AGCTGTCCCACATCAACGCG_011,75
AGCTGTCCCACATCAACGCG_012,43
AGCTGTCCCACATCAACGCG_013,12
AGCTGTCCCACATCAACGCG_014,156
AGCTGTCCCACATCAACGCG_015,46
AGCTGTCCCACATCAACGCG_016,2
AGCTGTCCCACATCAACGCG_017,65
CCTCAACACGGACTCGGACA_001,166
CCTCAACACGGACTCGGACA_002,124
CCTCAACACGGACTCGGACA_003,158
CCTCAACACGGACTCGGACA_004,48
CCTCAACACGGACTCGGACA_005,19
CCTCAACACGGACTCGGACA_006,163
CCTCAACACGGACTCGGACA_007,105
CCTCAACACGGACTCGGACA_008,68
CCTCAACACGGACTCGGACA_009,110
CCTCAACACGGACTCGGACA_010,65
CCTCAACACGGACTCGGACA_011,13
CCTCAACACGGACTCGGACA_012,87
CCTCAACACGGACTCGGACA_013,36
CCTCAACACGGACTCGGACA_014,148
CCTCAACACGGACTCGGACA_015,113
CCTCAACACGGACTCGGACA_016,151
CCTCAACACGGACTCGGACA_017,48
CCTCAACACGGACTCGGACA_018,193
CCTCAACACGGACTCGGACA_019,71
CCTCAACACGGACTCGGACA_020,104
CCTCAACACGGACTCGGACA_021,145
CCTCAACACGGACTCGGACA_022,160
CCTCAACACGGACTCGGACA_023,77
CCTCAACACGGACTCGGACA_024,110
CCTCAACACGGACTCGGACA_025,29
CCTCAACACGGACTCGGACA_026,52
CCTCAACACGGACTCGGACA_027,33
CCTCAACACGGACTCGGACA_028,116
CCTCAACACGGACTCGGACA_029,37
CACCCCGACTTACTCAAGCA_001,130
CACCCCGACTTACTCAAGCA_002,121
CACCCCGACTTACTCAAGCA_003,78
CACCCCGACTTACTCAAGCA_004,184
CACCCCGACTTACTCAAGCA_005,114
CACCCCGACTTACTCAAGCA_006,149
CACCCCGACTTACTCAAGCA_007,87
CACCCCGACTTACTCAAGCA_008,108
CACCCCGACTTACTCAAGCA_009,147
CACCCCGACTTACTCAAGCA_010,2
CACCCCGACTTACTCAAGCA_011,55
CACCCCGACTTACTCAAGCA_012,14
CACCCCGACTTACTCAAGCA_013,150
CACCCCGACTTACTCAAGCA_014,76
CACCCCGACTTACTCAAGCA_015,145
CACCCCGACTTACTCAAGCA_016,56
CACCCCGACTTACTCAAGCA_017,10
CACCCCGACTTACTCAAGCA_018,102
GGACTCACTGTAGTCGCCAC_001,183
GGACTCACTGTAGTCGCCAC_002,157
GGACTCACTGTAGTCGCCAC_003,27
GGACTCACTGTAGTCGCCAC_004,163
GGACTCACTGTAGTCGCCAC_005,122
GGACTCACTGTAGTCGCCAC_006,98
GGACTCACTGTAGTCGCCAC_007,189
GGACTCACTGTAGTCGCCAC_008,7
GGACTCACTGTAGTCGCCAC_009,52
GGACTCACTGTAGTCGCCAC_010,185
GGACTCACTGTAGTCGCCAC_011,97
GGACTCACTGTAGTCGCCAC_012,132
GGACTCACTGTAGTCGCCAC_013,45
GGACTCACTGTAGTCGCCAC_014,129
GGACTCACTGTAGTCGCCAC_015,144
AAGTCATCAGGCAGACGCCA_001,190
AAGTCATCAGGCAGACGCCA_002,109
AAGTCATCAGGCAGACGCCA_003,33
AAGTCATCAGGCAGACGCCA_004,1
AAGTCATCAGGCAGACGCCA_005,116
AAGTCATCAGGCAGACGCCA_006,44
AAGTCATCAGGCAGACGCCA_007,97
CTTACCCGACGGCTTGTCGG_001,130
CTTACCCGACGGCTTGTCGG_002,112
CTTACCCGACGGCTTGTCGG_003,95
CTTACCCGACGGCTTGTCGG_004,168
CCACTGCGCCATTGACGATG_001,198
CCACTGCGCCATTGACGATG_002,27
CCACTGCGCCATTGACGATG_003,46
CCACTGCGCCATTGACGATG_004,77
CCACTGCGCCATTGACGATG_005,106
CCACTGCGCCATTGACGATG_006,78
CCACTGCGCCATTGACGATG_007,124
CCACTGCGCCATTGACGATG_008,165
ACAATGACTCGGAGCCACCC_001,56
ACAATGACTCGGAGCCACCC_002,134
AGTAAGGCGGCTAGACCGGG_001,163
CCTGGACGCACCGAACACCG_001,49
CCTGGACGCACCGAACACCG_002,108
CCTGGACGCACCGAACACCG_003,63
CCTGGACGCACCGAACACCG_004,119
CCTGGACGCACCGAACACCG_005,43
CCTGGACGCACCGAACACCG_006,178
CCTGGACGCACCGAACACCG_007,2
CCTGGACGCACCGAACACCG_008,127
CCTGGACGCACCGAACACCG_009,11
CCTGGACGCACCGAACACCG_010,184
CCTGGACGCACCGAACACCG_011,158
CCTGGACGCACCGAACACCG_012,176
TTGCTTAGTGTAGACAAACA_001,19
TTGCTTAGTGTAGACAAACA_002,6
TTGCTTAGTGTAGACAAACA_003,11
AGAAAGACAAAATTGGCCTG_001,27
AGAAAGACAAAATTGGCCTG_002,182
AGAAAGACAAAATTGGCCTG_003,111
AGAAAGACAAAATTGGCCTG_004,160
AGAAAGACAAAATTGGCCTG_005,113
AGAAAGACAAAATTGGCCTG_006,148
AGAAAGACAAAATTGGCCTG_007,153
AGAAAGACAAAATTGGCCTG_008,115
AGAAAGACAAAATTGGCCTG_009,5
AGAAAGACAAAATTGGCCTG_010,134
AGAAAGACAAAATTGGCCTG_011,78
AGAAAGACAAAATTGGCCTG_012,104
GCAGCATGACCAGACAAAGA_001,63
GCAGCATGACCAGACAAAGA_002,181
GCAGCATGACCAGACAAAGA_003,127
GCAGCATGACCAGACAAAGA_004,49
GCAGCATGACCAGACAAAGA_005,78
GCAGCATGACCAGACAAAGA_006,126
GAAACTCACCACAACGACCA_001,48
GAAACTCACCACAACGACCA_002,75
GAAACTCACCACAACGACCA_003,75
GAAACTCACCACAACGACCA_004,48
GAAACTCACCACAACGACCA_005,96
GAAACTCACCACAACGACCA_006,105
GGTGGATTTCTGGCATACCA_001,194
GGTGGATTTCTGGCATACCA_002,182
GGTGGATTTCTGGCATACCA_003,163
CCATCCGCCCAAGGACGACG_001,155
CCATCCGCCCAAGGACGACG_002,50
CCATCCGCCCAAGGACGACG_003,162
CCATCCGCCCAAGGACGACG_004,0
CCATCCGCCCAAGGACGACG_005,1
GGAACAGGAGAGTCGCATGG_001,157
GGAACAGGAGAGTCGCATGG_002,134
GGAACAGGAGAGTCGCATGG_003,88
GGAACAGGAGAGTCGCATGG_004,144
GGTTCTGAGCCAATGACCGT_001,183
GGTTCTGAGCCAATGACCGT_002,137
GGTTCTGAGCCAATGACCGT_003,53
GGTTCTGAGCCAATGACCGT_004,32
GGTTCTGAGCCAATGACCGT_005,180
TACCTGCTCCAACCAAAGAT_001,159
TACCTGCTCCAACCAAAGAT_002,1
TACCTGCTCCAACCAAAGAT_003,184
TACCTGCTCCAACCAAAGAT_004,48
TACCTGCTCCAACCAAAGAT_005,0
TACCTGCTCCAACCAAAGAT_006,150
TACCTGCTCCAACCAAAGAT_007,82
TACCTGCTCCAACCAAAGAT_008,192
TACCTGCTCCAACCAAAGAT_009,78
TACCTGCTCCAACCAAAGAT_010,192
AATCAGATGGCTCCTAATTG_001,78
AATCAGATGGCTCCTAATTG_002,81
AATCAGATGGCTCCTAATTG_003,149
AAGTGAGTACTTGCCACGGA_001,134
AAGTGAGTACTTGCCACGGA_002,188
AAGTGAGTACTTGCCACGGA_003,7
CCAAAGCCACCGTCCCCCCG_001,34
CCAAAGCCACCGTCCCCCCG_002,81
CCAAAGCCACCGTCCCCCCG_003,134
CCAAAGCCACCGTCCCCCCG_004,12
CCAAAGCCACCGTCCCCCCG_005,186
CCAAAGCCACCGTCCCCCCG_006,127
CCAAAGCCACCGTCCCCCCG_007,112
CCAAAGCCACCGTCCCCCCG_008,71
CCAAAGCCACCGTCCCCCCG_009,81
CCAAAGCCACCGTCCCCCCG_010,28
CCAAAGCCACCGTCCCCCCG_011,37
CCAAAGCCACCGTCCCCCCG_012,36
CCAAAGCCACCGTCCCCCCG_013,76
CCAAAGCCACCGTCCCCCCG_014,4
CCAAAGCCACCGTCCCCCCG_015,176
CCAAAGCCACCGTCCCCCCG_016,178
CCAAAGCCACCGTCCCCCCG_017,64
CCAAAGCCACCGTCCCCCCG_018,151
CCAAAGCCACCGTCCCCCCG_019,137
CCAAAGCCACCGTCCCCCCG_020,107
CCAAAGCCACCGTCCCCCCG_021,50
CCAAAGCCACCGTCCCCCCG_022,130
CCAAAGCCACCGTCCCCCCG_023,171
CCAAAGCCACCGTCCCCCCG_024,68
CCAAAGCCACCGTCCCCCCG_025,180
CCAAAGCCACCGTCCCCCCG_026,2
CCAAAGCCACCGTCCCCCCG_027,148
CCAAAGCCACCGTCCCCCCG_028,145
CCAAAGCCACCGTCCCCCCG_029,48
CCAAAGCCACCGTCCCCCCG_030,15
CCAAAGCCACCGTCCCCCCG_031,117
CCAAAGCCACCGTCCCCCCG_032,108
CCAAAGCCACCGTCCCCCCG_033,30
CCAAAGCCACCGTCCCCCCG_034,36
CCAAAGCCACCGTCCCCCCG_035,19
CCAAAGCCACCGTCCCCCCG_036,136
CCAAAGCCACCGTCCCCCCG_037,97
CCAAAGCCACCGTCCCCCCG_038,10
CCAAAGCCACCGTCCCCCCG_039,104
CCAAAGCCACCGTCCCCCCG_040,172
CCAAAGCCACCGTCCCCCCG_041,12
CCAAAGCCACCGTCCCCCCG_042,94
CCAAAGCCACCGTCCCCCCG_043,96
CCAAAGCCACCGTCCCCCCG_044,15
CCAAAGCCACCGTCCCCCCG_045,191
CCAAAGCCACCGTCCCCCCG_046,30
CCAAAGCCACCGTCCCCCCG_047,168
CCAAAGCCACCGTCCCCCCG_048,94
CCAAAGCCACCGTCCCCCCG_049,34
CCAAAGCCACCGTCCCCCCG_050,163
CCAAAGCCACCGTCCCCCCG_051,99
CCAAAGCCACCGTCCCCCCG_052,102
CCAAAGCCACCGTCCCCCCG_053,56
CCAAAGCCACCGTCCCCCCG_054,69
CCAAAGCCACCGTCCCCCCG_055,57
CCAAAGCCACCGTCCCCCCG_056,46
CCAAAGCCACCGTCCCCCCG_057,144
CCAAAGCCACCGTCCCCCCG_058,85
CCAAAGCCACCGTCCCCCCG_059,90
CCAAAGCCACCGTCCCCCCG_060,89
CCAAAGCCACCGTCCCCCCG_061,165
CCAAAGCCACCGTCCCCCCG_062,128
CCAAAGCCACCGTCCCCCCG_063,36
CCAAAGCCACCGTCCCCCCG_064,93
CCAAAGCCACCGTCCCCCCG_065,141
CCAAAGCCACCGTCCCCCCG_066,58
CCAAAGCCACCGTCCCCCCG_067,25
CCAAAGCCACCGTCCCCCCG_068,4
GTGGTGTGGGTGCCTCGGCG_001,57
GTGGTGTGGGTGCCTCGGCG_002,165
GTGGTGTGGGTGCCTCGGCG_003,20
GTGGTGTGGGTGCCTCGGCG_004,43
GTGGTGTGGGTGCCTCGGCG_005,30
GTGGTGTGGGTGCCTCGGCG_006,105
GTGGTGTGGGTGCCTCGGCG_007,149
GTGGTGTGGGTGCCTCGGCG_008,160
GTGGTGTGGGTGCCTCGGCG_009,72
GTGGTGTGGGTGCCTCGGCG_010,72
ATAGCGATCATAGGCCATTG_001,152
ATAGCGATCATAGGCCATTG_002,168
ATAGCGATCATAGGCCATTG_003,64
ATAGCGATCATAGGCCATTG_004,182
ATAGCGATCATAGGCCATTG_005,40
ATAGCGATCATAGGCCATTG_006,107
ATAGCGATCATAGGCCATTG_007,94
ATAGCGATCATAGGCCATTG_008,34
GAAGATGGCAGACCAAGCCT_001,61
GAAGATGGCAGACCAAGCCT_002,101
GAAGATGGCAGACCAAGCCT_003,168
GAAGATGGCAGACCAAGCCT_004,142
GAAGATGGCAGACCAAGCCT_005,59
GAAGATGGCAGACCAAGCCT_006,198
GAAGATGGCAGACCAAGCCT_007,145
GAAGATGGCAGACCAAGCCT_008,124
TCCCGGCTTAGAAGGACTGA_001,193
TCCCGGCTTAGAAGGACTGA_002,95
TCCCGGCTTAGAAGGACTGA_003,151
TCCCGGCTTAGAAGGACTGA_004,188
TCCCGGCTTAGAAGGACTGA_005,172
TCCCGGCTTAGAAGGACTGA_006,142
TCCCGGCTTAGAAGGACTGA_007,4
TCCCGGCTTAGAAGGACTGA_008,122
TCCCGGCTTAGAAGGACTGA_009,184
TCCCGGCTTAGAAGGACTGA_010,50
TCCCGGCTTAGAAGGACTGA_011,61
TCCCGGCTTAGAAGGACTGA_012,2
TCCCGGCTTAGAAGGACTGA_013,5
TGGGGTCCCACACAACTCTG_001,124
TGGGGTCCCACACAACTCTG_002,109
TGGGGTCCCACACAACTCTG_003,85
TGGGGTCCCACACAACTCTG_004,175
TGGGGTCCCACACAACTCTG_005,190
TGGGGTCCCACACAACTCTG_006,108
TGGGGTCCCACACAACTCTG_007,19
TGGGGTCCCACACAACTCTG_008,83
TGGGGTCCCACACAACTCTG_009,25
TGGGGTCCCACACAACTCTG_010,93
TGGGGTCCCACACAACTCTG_011,131
TGGGGTCCCACACAACTCTG_012,76
TGGGGTCCCACACAACTCTG_013,116
TGGGGTCCCACACAACTCTG_014,48
TGGGGTCCCACACAACTCTG_015,183
TGGGGTCCCACACAACTCTG_016,130
TGGGGTCCCACACAACTCTG_017,28
TGGGGTCCCACACAACTCTG_018,9
TGGGGTCCCACACAACTCTG_019,170
TGGGGTCCCACACAACTCTG_020,41
TGGGGTCCCACACAACTCTG_021,82
TGGGGTCCCACACAACTCTG_022,78
TGGGGTCCCACACAACTCTG_023,94
TGGGGTCCCACACAACTCTG_024,188
TGGGGTCCCACACAACTCTG_025,63
TGGGGTCCCACACAACTCTG_026,77
TGGGGTCCCACACAACTCTG_027,124
TGGGGTCCCACACAACTCTG_028,179
TGGGGTCCCACACAACTCTG_029,198
TGGGGTCCCACACAACTCTG_030,81
TGGGGTCCCACACAACTCTG_031,177
TGGGGTCCCACACAACTCTG_032,82
TGGGGTCCCACACAACTCTG_033,167
TGGGGTCCCACACAACTCTG_034,52
TGGGGTCCCACACAACTCTG_035,1
TGGGGTCCCACACAACTCTG_036,77
TGGGGTCCCACACAACTCTG_037,153
TGGGGTCCCACACAACTCTG_038,81
TGGGGTCCCACACAACTCTG_039,26
AAGAACTCGCAGTTAAACCC_001,82
AAGAACTCGCAGTTAAACCC_002,177
AAGAACTCGCAGTTAAACCC_003,49
AAGAACTCGCAGTTAAACCC_004,43
ATACGCTCTTCGAAGTCCGC_001,197
ATACGCTCTTCGAAGTCCGC_002,159
ATACGCTCTTCGAAGTCCGC_003,48
ATACGCTCTTCGAAGTCCGC_004,3
ATACGCTCTTCGAAGTCCGC_005,147
ATACGCTCTTCGAAGTCCGC_006,120
ATACGCTCTTCGAAGTCCGC_007,11
ATACGCTCTTCGAAGTCCGC_008,25
ATACGCTCTTCGAAGTCCGC_009,150
ATACGCTCTTCGAAGTCCGC_010,6
ATACGCTCTTCGAAGTCCGC_011,141
ATACGCTCTTCGAAGTCCGC_012,120
ATACGCTCTTCGAAGTCCGC_013,46
ATACGCTCTTCGAAGTCCGC_014,147
ATACGCTCTTCGAAGTCCGC_015,37
TTCTTTAGGTTACACGCATG_001,43
TTCTTTAGGTTACACGCATG_002,26
TTCTTTAGGTTACACGCATG_003,155
TTCTTTAGGTTACACGCATG_004,135
TTCTTTAGGTTACACGCATG_005,31
TTCTTTAGGTTACACGCATG_006,31
TTCTTTAGGTTACACGCATG_007,97
TTCTTTAGGTTACACGCATG_008,65
TTCTTTAGGTTACACGCATG_009,159
TTCTTTAGGTTACACGCATG_010,41
TTCTTTAGGTTACACGCATG_011,105
TTCTTTAGGTTACACGCATG_012,50
TTCTTTAGGTTACACGCATG_013,32
TTCTTTAGGTTACACGCATG_014,156
TTCTTTAGGTTACACGCATG_015,102
TTCTTTAGGTTACACGCATG_016,152
TTCTTTAGGTTACACGCATG_017,132
TTGGCGCCAGCTCTTCGATG_001,144
TTGGCGCCAGCTCTTCGATG_002,181
TTGGCGCCAGCTCTTCGATG_003,48
TTGGCGCCAGCTCTTCGATG_004,182
TTGGCGCCAGCTCTTCGATG_005,62
TTGGCGCCAGCTCTTCGATG_006,180
TTGGCGCCAGCTCTTCGATG_007,126
TTGGCGCCAGCTCTTCGATG_008,6
TTGGCGCCAGCTCTTCGATG_009,6
TTGGCGCCAGCTCTTCGATG_010,72
TTGGCGCCAGCTCTTCGATG_011,72
TTGGCGCCAGCTCTTCGATG_012,136
TTGGCGCCAGCTCTTCGATG_013,136
CTGCAGCAAGCATTGAAGAG_001,187
CTGCAGCAAGCATTGAAGAG_002,134
CTGCAGCAAGCATTGAAGAG_003,84
CTGCAGCAAGCATTGAAGAG_004,81
CTGCAGCAAGCATTGAAGAG_005,182
CTGCAGCAAGCATTGAAGAG_006,194
CTGCAGCAAGCATTGAAGAG_007,160
CTGCAGCAAGCATTGAAGAG_008,134
ACTTATTACATTCACCCAGT_001,11
GCAGGCTCCGAATACCCCAA_001,41
GCAGGCTCCGAATACCCCAA_002,105
GCAGGCTCCGAATACCCCAA_003,40
GCAGGCTCCGAATACCCCAA_004,125
GCAGGCTCCGAATACCCCAA_005,61
GCAGGCTCCGAATACCCCAA_006,34
GCAGGCTCCGAATACCCCAA_007,34
GCAGGCTCCGAATACCCCAA_008,149
GCAGGCTCCGAATACCCCAA_009,47
GCAGGCTCCGAATACCCCAA_010,68
CATGACCCGAGTATACTACA_001,115
CATGACCCGAGTATACTACA_002,2
CATGACCCGAGTATACTACA_003,84
CATGACCCGAGTATACTACA_004,26
CACCACAGCCTTCCCGCGAA_001,189
CACCACAGCCTTCCCGCGAA_002,86
CACCACAGCCTTCCCGCGAA_003,36
CACCACAGCCTTCCCGCGAA_004,29
CATGGCGGGTCACAACGCGG_001,77
CATGGCGGGTCACAACGCGG_002,177
CATGGCGGGTCACAACGCGG_003,29
CATGGCGGGTCACAACGCGG_004,127
CATGGCGGGTCACAACGCGG_005,140
CATGGCGGGTCACAACGCGG_006,22
CATGGCGGGTCACAACGCGG_007,155
CATGGCGGGTCACAACGCGG_008,160
CATGGCGGGTCACAACGCGG_009,70
CATGGCGGGTCACAACGCGG_010,130
CATGGCGGGTCACAACGCGG_011,82
CATGGCGGGTCACAACGCGG_012,76
CATGGCGGGTCACAACGCGG_013,57
CATGGCGGGTCACAACGCGG_014,146
CATGGCGGGTCACAACGCGG_015,65
CATGGCGGGTCACAACGCGG_016,48
TGTCCTTAATACCTATCTGT_001,156
TGTCCTTAATACCTATCTGT_002,120
TGTCCTTAATACCTATCTGT_003,4
TGTCCTTAATACCTATCTGT_004,129
TGTCCTTAATACCTATCTGT_005,165
TGTCCTTAATACCTATCTGT_006,96
TGTCCTTAATACCTATCTGT_007,152
AGGAATAGCAGTGAAAAGCA_001,116
AGGAATAGCAGTGAAAAGCA_002,77
AGGAATAGCAGTGAAAAGCA_003,121
AGGAATAGCAGTGAAAAGCA_004,9
AGGAATAGCAGTGAAAAGCA_005,168
AGGAATAGCAGTGAAAAGCA_006,150
AGGAATAGCAGTGAAAAGCA_007,63
AGGAATAGCAGTGAAAAGCA_008,84
CCTGGCTGCAGCTGGAGTAG_001,168
CCTGGCTGCAGCTGGAGTAG_002,140
CCTGGCTGCAGCTGGAGTAG_003,102
CCTGGCTGCAGCTGGAGTAG_004,48
CCTGGCTGCAGCTGGAGTAG_005,37
GGTGGCACTGTACTTCGCGG_001,106
GGTGGCACTGTACTTCGCGG_002,159
AAGCGAGGTGATGGGACTAG_001,32
AAGCGAGGTGATGGGACTAG_002,63
AAGCGAGGTGATGGGACTAG_003,48
AAGCGAGGTGATGGGACTAG_004,68
AAGCGAGGTGATGGGACTAG_005,169
AAGCGAGGTGATGGGACTAG_006,171
AAGCGAGGTGATGGGACTAG_007,129
AAGCGAGGTGATGGGACTAG_008,28
AAGCGAGGTGATGGGACTAG_009,190
AAGCGAGGTGATGGGACTAG_010,198
AAGCGAGGTGATGGGACTAG_011,175
AAGCGAGGTGATGGGACTAG_012,197
AAGCGAGGTGATGGGACTAG_013,81
AAGCGAGGTGATGGGACTAG_014,94
AAGCGAGGTGATGGGACTAG_015,3
AAGCGAGGTGATGGGACTAG_016,100
TACAGGCCGGAGCTTATCAA_001,77
TACAGGCCGGAGCTTATCAA_002,49
TACAGGCCGGAGCTTATCAA_003,181
TACAGGCCGGAGCTTATCAA_004,9
TACAGGCCGGAGCTTATCAA_005,78
TACAGGCCGGAGCTTATCAA_006,50
AGTGAAGGGCTTGATATCAA_001,4
AGTGAAGGGCTTGATATCAA_002,78
AGTGAAGGGCTTGATATCAA_003,69
CGCTGTAGTCGGAGCCGTAG_001,197
CGCTGTAGTCGGAGCCGTAG_002,137
CGCTGTAGTCGGAGCCGTAG_003,4
CGCTGTAGTCGGAGCCGTAG_004,4
ATCCTCATCCAGAACCGGGC_001,8
ATCCTCATCCAGAACCGGGC_002,94
ATCCTCATCCAGAACCGGGC_003,35
ATCCTCATCCAGAACCGGGC_004,112
ATCCTCATCCAGAACCGGGC_005,161
ATCCTCATCCAGAACCGGGC_006,50
ATCCTCATCCAGAACCGGGC_007,48
ATCCTCATCCAGAACCGGGC_008,34
ATCCTCATCCAGAACCGGGC_009,149
ATCCTCATCCAGAACCGGGC_010,101
ATCCTCATCCAGAACCGGGC_011,175
ATCCTCATCCAGAACCGGGC_012,119
ATCCTCATCCAGAACCGGGC_013,21
ATCCTCATCCAGAACCGGGC_014,171
ATCCTCATCCAGAACCGGGC_015,182
ATCCTCATCCAGAACCGGGC_016,34
ATCCTCATCCAGAACCGGGC_017,28
ATCCTCATCCAGAACCGGGC_018,3
ATCCTCATCCAGAACCGGGC_019,64
ATCCTCATCCAGAACCGGGC_020,64
ATCCTCATCCAGAACCGGGC_021,114
ATCCTCATCCAGAACCGGGC_022,64
ATCCTCATCCAGAACCGGGC_023,78
ATCCTCATCCAGAACCGGGC_024,172
GAGGTATCAGATGCACTGGG_001,199
GAGGTATCAGATGCACTGGG_002,48
GAGGTATCAGATGCACTGGG_003,106
GAGGTATCAGATGCACTGGG_004,78
GAGGTATCAGATGCACTGGG_005,183
GAGGTATCAGATGCACTGGG_006,6
GAGGTATCAGATGCACTGGG_007,31
GAGGTATCAGATGCACTGGG_008,83
GAGGTATCAGATGCACTGGG_009,30
GAGGTATCAGATGCACTGGG_010,154
GAGGTATCAGATGCACTGGG_011,65
GAGGTATCAGATGCACTGGG_012,103
GAGGTATCAGATGCACTGGG_013,57
AGACCCATTTGCTTTCAATG_001,48
AGACCCATTTGCTTTCAATG_002,41
AGACCCATTTGCTTTCAATG_003,127
AGACCCATTTGCTTTCAATG_004,160
AGACCCATTTGCTTTCAATG_005,117
AGACCCATTTGCTTTCAATG_006,8
AGACCCATTTGCTTTCAATG_007,199
AGACCCATTTGCTTTCAATG_008,88
AGACCCATTTGCTTTCAATG_009,172
TGGAACAGTTGACCCATGTG_001,69
TGGAACAGTTGACCCATGTG_002,176
TGGAACAGTTGACCCATGTG_003,199
TGGAACAGTTGACCCATGTG_004,113
TGGAACAGTTGACCCATGTG_005,116
CAGGCATCAGTGCTTGCTGG_001,167
CAGGCATCAGTGCTTGCTGG_002,94
CAGGCATCAGTGCTTGCTGG_003,106
CAGGCATCAGTGCTTGCTGG_004,11
CAGGCATCAGTGCTTGCTGG_005,2
CAGGCATCAGTGCTTGCTGG_006,42
CAGGCATCAGTGCTTGCTGG_007,91
CAGGCATCAGTGCTTGCTGG_008,45
CAGGCATCAGTGCTTGCTGG_009,8
CAGGCATCAGTGCTTGCTGG_010,43
GAATGGCACGAATCCAAGAG_001,91
GAATGGCACGAATCCAAGAG_002,61
GAATGGCACGAATCCAAGAG_003,145
GAATGGCACGAATCCAAGAG_004,38
GAATGGCACGAATCCAAGAG_005,174
GAATGGCACGAATCCAAGAG_006,124
GAATGGCACGAATCCAAGAG_007,152
GAATGGCACGAATCCAAGAG_008,3
TCTTAATTGTGACAAGCAGG_001,106
TCTTAATTGTGACAAGCAGG_002,172
TCTTAATTGTGACAAGCAGG_003,19
TGACAGTATAAGTGGTTGTG_001,62
TGACAGTATAAGTGGTTGTG_002,141
TGACAGTATAAGTGGTTGTG_003,61
TGACAGTATAAGTGGTTGTG_004,149
TGACAGTATAAGTGGTTGTG_005,60
TGACAGTATAAGTGGTTGTG_006,72
TGACAGTATAAGTGGTTGTG_007,155
TGACAGTATAAGTGGTTGTG_008,177
ATGACCTTGGTGTCCCCAAG_001,44
ATGACCTTGGTGTCCCCAAG_002,161
ATGACCTTGGTGTCCCCAAG_003,98
ATGACCTTGGTGTCCCCAAG_004,192
ATGACCTTGGTGTCCCCAAG_005,54
ATGACCTTGGTGTCCCCAAG_006,33
ATGACCTTGGTGTCCCCAAG_007,1
ATAAGCAGGATACAAGACCG_001,141
ATAAGCAGGATACAAGACCG_002,166
ATAAGCAGGATACAAGACCG_003,77
ATAAGCAGGATACAAGACCG_004,93
ATAAGCAGGATACAAGACCG_005,57
CTTCACAAAGAGCCGGGCGA_001,138
CTTCACAAAGAGCCGGGCGA_002,54
CTTCACAAAGAGCCGGGCGA_003,49
CTTCACAAAGAGCCGGGCGA_004,89
CTTCACAAAGAGCCGGGCGA_005,156
CTTCACAAAGAGCCGGGCGA_006,121
CTTCACAAAGAGCCGGGCGA_007,137
CTTCACAAAGAGCCGGGCGA_008,48
CTTCACAAAGAGCCGGGCGA_009,198
CTTCACAAAGAGCCGGGCGA_010,145
CTTCACAAAGAGCCGGGCGA_011,1
CTTCACAAAGAGCCGGGCGA_012,14
CTTCACAAAGAGCCGGGCGA_013,30
CTTCACAAAGAGCCGGGCGA_014,82
CTTCACAAAGAGCCGGGCGA_015,41
CTTCACAAAGAGCCGGGCGA_016,100
CTTCACAAAGAGCCGGGCGA_017,110
CTTCACAAAGAGCCGGGCGA_018,115
CTTCACAAAGAGCCGGGCGA_019,87
CTTCACAAAGAGCCGGGCGA_020,47
CTTCACAAAGAGCCGGGCGA_021,161
CTTCACAAAGAGCCGGGCGA_022,88
CTTCACAAAGAGCCGGGCGA_023,102
CTTCACAAAGAGCCGGGCGA_024,150
CTTCACAAAGAGCCGGGCGA_025,77
CTTCACAAAGAGCCGGGCGA_026,82
CTTCACAAAGAGCCGGGCGA_027,94
CTTCACAAAGAGCCGGGCGA_028,180
CTTCACAAAGAGCCGGGCGA_029,102
CTTCACAAAGAGCCGGGCGA_030,102
CTTCACAAAGAGCCGGGCGA_031,70
CTTCACAAAGAGCCGGGCGA_032,0
CTTCACAAAGAGCCGGGCGA_033,33
CTTCACAAAGAGCCGGGCGA_034,0
CTTCACAAAGAGCCGGGCGA_035,18
CTTCACAAAGAGCCGGGCGA_036,22
CTTCACAAAGAGCCGGGCGA_037,68
CTTCACAAAGAGCCGGGCGA_038,108
CTTCACAAAGAGCCGGGCGA_039,177
CGAGGGCGATGACAAGCCAG_001,184
CGAGGGCGATGACAAGCCAG_002,119
CGAGGGCGATGACAAGCCAG_003,122
GAGTCCTACGAAGATGCCTG_001,103
GAGTCCTACGAAGATGCCTG_002,24
GAGTCCTACGAAGATGCCTG_003,183
GAGTCCTACGAAGATGCCTG_004,159
GAGTCCTACGAAGATGCCTG_005,106
GAGTCCTACGAAGATGCCTG_006,36
GAGTCCTACGAAGATGCCTG_007,58
GAGTCCTACGAAGATGCCTG_008,189
GAGTCCTACGAAGATGCCTG_009,40
GAGTCCTACGAAGATGCCTG_010,181
GAGTCCTACGAAGATGCCTG_011,121
GAGTCCTACGAAGATGCCTG_012,158
GAGTCCTACGAAGATGCCTG_013,96
GAGTCCTACGAAGATGCCTG_014,62
GAGTCCTACGAAGATGCCTG_015,62
GAGTCCTACGAAGATGCCTG_016,198
CATTCAGAAAGCCAGAACTT_001,114
CATTCAGAAAGCCAGAACTT_002,190
CATTCAGAAAGCCAGAACTT_003,23
CATTCAGAAAGCCAGAACTT_004,184
GCTGAGTGAGTTGATGACGA_001,60
GCTGAGTGAGTTGATGACGA_002,69
GCTGAGTGAGTTGATGACGA_003,8
GCTGAGTGAGTTGATGACGA_004,181
GCTGAGTGAGTTGATGACGA_005,12
GCTGAGTGAGTTGATGACGA_006,13
GCTGAGTGAGTTGATGACGA_007,41
GCTGAGTGAGTTGATGACGA_008,171
GCTGAGTGAGTTGATGACGA_009,84
GCTGAGTGAGTTGATGACGA_010,30
GCTGAGTGAGTTGATGACGA_011,115
GCTGAGTGAGTTGATGACGA_012,31
GCTGAGTGAGTTGATGACGA_013,137
GCTGAGTGAGTTGATGACGA_014,176
GCTGAGTGAGTTGATGACGA_015,133
GCTGAGTGAGTTGATGACGA_016,19
GCTGAGTGAGTTGATGACGA_017,48
GCTGAGTGAGTTGATGACGA_018,149
GCTGAGTGAGTTGATGACGA_019,61
GCTGAGTGAGTTGATGACGA_020,112
AAGCTTCGCAGCGGTACCAG_001,94
AAGCTTCGCAGCGGTACCAG_002,19
AAGCTTCGCAGCGGTACCAG_003,154
AAGCTTCGCAGCGGTACCAG_004,188
AAGCTTCGCAGCGGTACCAG_005,117
AAGCTTCGCAGCGGTACCAG_006,8
AGCACCAATATTGTCAATGG_001,6
AGCACCAATATTGTCAATGG_002,126
AGCACCAATATTGTCAATGG_003,64
AGCACCAATATTGTCAATGG_004,165
AGCACCAATATTGTCAATGG_005,166
AAATGCATCTCACCCCCAGA_001,126
AAATGCATCTCACCCCCAGA_002,70
AAATGCATCTCACCCCCAGA_003,153
AAATGCATCTCACCCCCAGA_004,121
AAATGCATCTCACCCCCAGA_005,105
AAATGCATCTCACCCCCAGA_006,175
AAATGCATCTCACCCCCAGA_007,112
AAATGCATCTCACCCCCAGA_008,57
AGCAGGGAGATACTGCACCG_001,50
AGCAGGGAGATACTGCACCG_002,170
AGCAGGGAGATACTGCACCG_003,85
AGCAGGGAGATACTGCACCG_004,53
AGCAGGGAGATACTGCACCG_005,173
AGCAGGGAGATACTGCACCG_006,176
AGCAGGGAGATACTGCACCG_007,77
AGCAGGGAGATACTGCACCG_008,145
AGCAGGGAGATACTGCACCG_009,60
AGCAGGGAGATACTGCACCG_010,169
AGCAGGGAGATACTGCACCG_011,113
AGCAGGGAGATACTGCACCG_012,0
AGCAGGGAGATACTGCACCG_013,38
AGCAGGGAGATACTGCACCG_014,13
AGCAGGGAGATACTGCACCG_015,177
AGCAGGGAGATACTGCACCG_016,137
AGCAGGGAGATACTGCACCG_017,49
AGCAGGGAGATACTGCACCG_018,81
AGCAGGGAGATACTGCACCG_019,11
AGCAGGGAGATACTGCACCG_020,100
AGCAGGGAGATACTGCACCG_021,107
AGCAGGGAGATACTGCACCG_022,23
AGCAGGGAGATACTGCACCG_023,158
AGCAGGGAGATACTGCACCG_024,73
AGCAGGGAGATACTGCACCG_025,196
AGCAGGGAGATACTGCACCG_026,160
AGCAGGGAGATACTGCACCG_027,187
AGCAGGGAGATACTGCACCG_028,31
AGCAGGGAGATACTGCACCG_029,75
AGCAGGGAGATACTGCACCG_030,30
AGCAGGGAGATACTGCACCG_031,102
AGCAGGGAGATACTGCACCG_032,157
AGCAGGGAGATACTGCACCG_033,102
AGCAGGGAGATACTGCACCG_034,48
AGCAGGGAGATACTGCACCG_035,138
AGCAGGGAGATACTGCACCG_036,81
AGCAGGGAGATACTGCACCG_037,65
AGCAGGGAGATACTGCACCG_038,146
GCTGCTTACAAGATCAGCGA_001,105
GCTGCTTACAAGATCAGCGA_002,146
GCTGCTTACAAGATCAGCGA_003,150
GCTGCTTACAAGATCAGCGA_004,197
GCTGCTTACAAGATCAGCGA_005,194
GCTGCTTACAAGATCAGCGA_006,1
GCTGCTTACAAGATCAGCGA_007,184
GCTGCTTACAAGATCAGCGA_008,22
GCTGCTTACAAGATCAGCGA_009,10
GCTGCTTACAAGATCAGCGA_010,62
TACCAGTCTCTGCGAACTCC_001,163
TACCAGTCTCTGCGAACTCC_002,181
TACCAGTCTCTGCGAACTCC_003,85
TACCAGTCTCTGCGAACTCC_004,19
TACCAGTCTCTGCGAACTCC_005,188
TACCAGTCTCTGCGAACTCC_006,12
TACCAGTCTCTGCGAACTCC_007,141
TACCAGTCTCTGCGAACTCC_008,17
TACCAGTCTCTGCGAACTCC_009,23
TACCAGTCTCTGCGAACTCC_010,41
TACCAGTCTCTGCGAACTCC_011,152
TACCAGTCTCTGCGAACTCC_012,69
TACCAGTCTCTGCGAACTCC_013,174
TATATACAACCCATCGGTGA_001,41
ATTTAATGGCTCAGACGGAG_001,121
ATTTAATGGCTCAGACGGAG_002,120
ATTTAATGGCTCAGACGGAG_003,162
ATTTAATGGCTCAGACGGAG_004,141
ATTTAATGGCTCAGACGGAG_005,3
TGGGACGCCAGGGCGCACGA_001,87
TGGGACGCCAGGGCGCACGA_002,56
TGGGACGCCAGGGCGCACGA_003,97
TGGGACGCCAGGGCGCACGA_004,167
TGGGACGCCAGGGCGCACGA_005,53
TGGGACGCCAGGGCGCACGA_006,88
TGGGACGCCAGGGCGCACGA_007,198
TGGGACGCCAGGGCGCACGA_008,105
TGGGACGCCAGGGCGCACGA_009,24
TGGGACGCCAGGGCGCACGA_010,94
TGGGACGCCAGGGCGCACGA_011,85
TGGGACGCCAGGGCGCACGA_012,175
TGGGACGCCAGGGCGCACGA_013,49
TGGGACGCCAGGGCGCACGA_014,180
GCACCAGTCAATATCCAGGT_001,30
GGAGGGCAGAATCATCACGA_001,114
GGAGGGCAGAATCATCACGA_002,19
GGAGGGCAGAATCATCACGA_003,62
GGAGGGCAGAATCATCACGA_004,195
GGAGGGCAGAATCATCACGA_005,2
GGAGGGCAGAATCATCACGA_006,124
GGAGGGCAGAATCATCACGA_007,119
GGAGGGCAGAATCATCACGA_008,84
GGAGGGCAGAATCATCACGA_009,177
GGAGGGCAGAATCATCACGA_010,145
CCGCCAAAACCGTCCCGAAG_001,172
CCGCCAAAACCGTCCCGAAG_002,149
CCGCCAAAACCGTCCCGAAG_003,17
CCGCCAAAACCGTCCCGAAG_004,174
CCGCCAAAACCGTCCCGAAG_005,0
CAGTGCCCGTACTTCGATGT_001,191
CAGTGCCCGTACTTCGATGT_002,160
CAGTGCCCGTACTTCGATGT_003,50
CAGTGCCCGTACTTCGATGT_004,4
CAGTGCCCGTACTTCGATGT_005,175
CAGTGCCCGTACTTCGATGT_006,126
CAGTGCCCGTACTTCGATGT_007,117
AAATTCTAGTGTGAAACTGA_001,99
AAATTCTAGTGTGAAACTGA_002,66
AAATTCTAGTGTGAAACTGA_003,135
AAATTCTAGTGTGAAACTGA_004,101
AAATTCTAGTGTGAAACTGA_005,83
AAATTCTAGTGTGAAACTGA_006,70
GAAAGGAATCCCCCTGCTGG_001,146
TCCACGGTAAGACCAGCCAA_001,132
TCCACGGTAAGACCAGCCAA_002,53
TCCACGGTAAGACCAGCCAA_003,147
TCCACGGTAAGACCAGCCAA_004,57
TCCACGGTAAGACCAGCCAA_005,51
TCCACGGTAAGACCAGCCAA_006,160
TCCACGGTAAGACCAGCCAA_007,97
TCCACGGTAAGACCAGCCAA_008,61
TCCACGGTAAGACCAGCCAA_009,144
TCCACGGTAAGACCAGCCAA_010,184
TCCACGGTAAGACCAGCCAA_011,63
TCCACGGTAAGACCAGCCAA_012,32
TCCACGGTAAGACCAGCCAA_013,147
TCCACGGTAAGACCAGCCAA_014,85
TCCACGGTAAGACCAGCCAA_015,34
GTGTATTAGAGCACTGCCCA_001,137
GGGGAGTATACATCACCCAG_001,121
GGGGAGTATACATCACCCAG_002,121
GGGGAGTATACATCACCCAG_003,2
GGGAAGTCGCAGATGACTCG_001,48
GGGAAGTCGCAGATGACTCG_002,49
GGGAAGTCGCAGATGACTCG_003,85
GGGAAGTCGCAGATGACTCG_004,150
GGGAAGTCGCAGATGACTCG_005,65
GGGAAGTCGCAGATGACTCG_006,141
GGGAAGTCGCAGATGACTCG_007,88
GGGAAGTCGCAGATGACTCG_008,162
GGGAAGTCGCAGATGACTCG_009,179
GGGAAGTCGCAGATGACTCG_010,172
GGGAAGTCGCAGATGACTCG_011,158
GGGAAGTCGCAGATGACTCG_012,25
GGGAAGTCGCAGATGACTCG_013,78
GGGAAGTCGCAGATGACTCG_014,28
GGGAAGTCGCAGATGACTCG_015,158
GGGAAGTCGCAGATGACTCG_016,19
GGGGCCCAAAGTCACCGTCA_001,160
GGGGCCCAAAGTCACCGTCA_002,60
GGGGCCCAAAGTCACCGTCA_003,26
GGGGCCCAAAGTCACCGTCA_004,174
GGGGCCCAAAGTCACCGTCA_005,141
GGGGCCCAAAGTCACCGTCA_006,141
GGGGCCCAAAGTCACCGTCA_007,175
GGGGCCCAAAGTCACCGTCA_008,105
GGGGCCCAAAGTCACCGTCA_009,14
GGGGCCCAAAGTCACCGTCA_010,29
GGGGCCCAAAGTCACCGTCA_011,136
GGGGCCCAAAGTCACCGTCA_012,49
TTCCAAATACATGGACAGAG_001,172
TTCCAAATACATGGACAGAG_002,102
TTCCAAATACATGGACAGAG_003,171
TTCCAAATACATGGACAGAG_004,55
TTCCAAATACATGGACAGAG_005,171
TTCCAAATACATGGACAGAG_006,78
CCCTGATGCATACATTACAG_001,181
CCCTGATGCATACATTACAG_002,73
CCCTGATGCATACATTACAG_003,162
CCCTGATGCATACATTACAG_004,63
CCCTGATGCATACATTACAG_005,72
GGAACATGAATCCAGCCACT_001,76
GGAACATGAATCCAGCCACT_002,12
GGAACATGAATCCAGCCACT_003,158
GGAACATGAATCCAGCCACT_004,70
GGAACATGAATCCAGCCACT_005,61
GGAACATGAATCCAGCCACT_006,74
GGAACATGAATCCAGCCACT_007,125
GGAACATGAATCCAGCCACT_008,5
GGAACATGAATCCAGCCACT_009,44
GGAACATGAATCCAGCCACT_010,36
GGAACATGAATCCAGCCACT_011,17
GGAACATGAATCCAGCCACT_012,78
GGAACATGAATCCAGCCACT_013,68
GGAACATGAATCCAGCCACT_014,17
GCATGGGCTCCACAACATGA_001,157
GCATGGGCTCCACAACATGA_002,49
GCATGGGCTCCACAACATGA_003,106
GCATGGGCTCCACAACATGA_004,0
GCATGGGCTCCACAACATGA_005,168
GCATGGGCTCCACAACATGA_006,183
GGGTTGTAGTCACACCAGAG_001,193
GGGTTGTAGTCACACCAGAG_002,22
GGGTTGTAGTCACACCAGAG_003,92
GGGTTGTAGTCACACCAGAG_004,102
CGACCAGCTTCGCAATCATG_001,83
CGACCAGCTTCGCAATCATG_002,16
CGACCAGCTTCGCAATCATG_003,145
CGACCAGCTTCGCAATCATG_004,142
CGACCAGCTTCGCAATCATG_005,163
ATCCTCGTCCAATTATCACG_001,96
ATCCTCGTCCAATTATCACG_002,185
ATCCTCGTCCAATTATCACG_003,26
ATTGTGGAATTGATGCGTGA_001,143
ATTGTGGAATTGATGCGTGA_002,199
ATTGTGGAATTGATGCGTGA_003,57
ATTGTGGAATTGATGCGTGA_004,19
ATTGTGGAATTGATGCGTGA_005,72
ATTGTGGAATTGATGCGTGA_006,113
ATTGTGGAATTGATGCGTGA_007,38
ATTGTGGAATTGATGCGTGA_008,103
ATTGTGGAATTGATGCGTGA_009,68
ATTGTGGAATTGATGCGTGA_010,122
ATTGTGGAATTGATGCGTGA_011,194
ATTGTGGAATTGATGCGTGA_012,181
ATTGTGGAATTGATGCGTGA_013,137
ATTGTGGAATTGATGCGTGA_014,105
ATTGTGGAATTGATGCGTGA_015,88
CCAACTCATTGATAGGGATG_001,4
CCAACTCATTGATAGGGATG_002,183
CCAACTCATTGATAGGGATG_003,15
CCAACTCATTGATAGGGATG_004,35
CCAACTCATTGATAGGGATG_005,3
CCTCTCCCAATCTACAGCTC_001,162
CCTCTCCCAATCTACAGCTC_002,155
CCTCTCCCAATCTACAGCTC_003,198
CCTCTCCCAATCTACAGCTC_004,0
CCTCTCCCAATCTACAGCTC_005,173
CCTCTCCCAATCTACAGCTC_006,173
CCTCTCCCAATCTACAGCTC_007,28
CCTCTCCCAATCTACAGCTC_008,9
CCTCTCCCAATCTACAGCTC_009,102
GTTTGCCACACAGGCAATCA_001,108
GTTTGCCACACAGGCAATCA_002,159
GTTTGCCACACAGGCAATCA_003,149
GTTTGCCACACAGGCAATCA_004,171
GTTTGCCACACAGGCAATCA_005,130
GTTTGCCACACAGGCAATCA_006,23
GTTTGCCACACAGGCAATCA_007,138
GTTTGCCACACAGGCAATCA_008,193
GTTTGCCACACAGGCAATCA_009,170
GTTTGCCACACAGGCAATCA_010,171
GTTTGCCACACAGGCAATCA_011,39
GTTTGCCACACAGGCAATCA_012,123
GTTTGCCACACAGGCAATCA_013,197
TTGCAACGTTTACTGGACAT_001,32
TTGCAACGTTTACTGGACAT_002,199
GAGTTCATTGAACAGTACAC_001,130
GAGTTCATTGAACAGTACAC_002,1
GAGTTCATTGAACAGTACAC_003,43
GAGTTCATTGAACAGTACAC_004,162
GAGTTCATTGAACAGTACAC_005,124
GAGTTCATTGAACAGTACAC_006,0
CCATGTTCACACGCTACCTG_001,156
CCATGTTCACACGCTACCTG_002,69
CCATGTTCACACGCTACCTG_003,9
CCATGTTCACACGCTACCTG_004,12
CCATGTTCACACGCTACCTG_005,108
CCATGTTCACACGCTACCTG_006,147
CCATGTTCACACGCTACCTG_007,67
CCATGTTCACACGCTACCTG_008,4
CCATGTTCACACGCTACCTG_009,33
CCATGTTCACACGCTACCTG_010,66
ACTATGGCTATGCTAATAGT_001,84
ACTATGGCTATGCTAATAGT_002,128
ACTATGGCTATGCTAATAGT_003,115
GAAGCTATTCTGTTGTGTGA_001,31
GAAGCTATTCTGTTGTGTGA_002,29
GAAGCTATTCTGTTGTGTGA_003,108
GAAGCTATTCTGTTGTGTGA_004,97
GAAGCTATTCTGTTGTGTGA_005,162
GAAGCTATTCTGTTGTGTGA_006,34
AAGGCCTTACCCAACAACTG_001,174
AAGGCCTTACCCAACAACTG_002,132
AAGGCCTTACCCAACAACTG_003,46
AAGGCCTTACCCAACAACTG_004,183
AAGGCCTTACCCAACAACTG_005,190
AAGGCCTTACCCAACAACTG_006,9
AAGGCCTTACCCAACAACTG_007,30
AAGGCCTTACCCAACAACTG_008,30
AAGGCCTTACCCAACAACTG_009,194
AAGGCCTTACCCAACAACTG_010,69
AAGGCCTTACCCAACAACTG_011,38
AAGGCCTTACCCAACAACTG_012,38
AAGGCCTTACCCAACAACTG_013,180
TCCTCCCAGGACAAAAAAGA_001,162
TCCTCCCAGGACAAAAAAGA_002,183
GGTGTCTTAGCATCTGTACA_001,9
AACTAGCACTTTACCCGACA_001,23
AACTAGCACTTTACCCGACA_002,68
AACTAGCACTTTACCCGACA_003,137
AACTAGCACTTTACCCGACA_004,49
AACTAGCACTTTACCCGACA_005,38
AACTAGCACTTTACCCGACA_006,133
AACTAGCACTTTACCCGACA_007,115
AACTAGCACTTTACCCGACA_008,31
AACTAGCACTTTACCCGACA_009,26
AACTAGCACTTTACCCGACA_010,17
ACAAGTTGGGTACGGATGTG_001,105
ACAAGTTGGGTACGGATGTG_002,174
ACAAGTTGGGTACGGATGTG_003,16
ACAAGTTGGGTACGGATGTG_004,33
ACAAGTTGGGTACGGATGTG_005,60
ACAAGTTGGGTACGGATGTG_006,176
ACAAGTTGGGTACGGATGTG_007,81
ACAAGTTGGGTACGGATGTG_008,161
ACAAGTTGGGTACGGATGTG_009,11
ACAAGTTGGGTACGGATGTG_010,9
ACAAGTTGGGTACGGATGTG_011,160
ACAAGTTGGGTACGGATGTG_012,29
ACAAGTTGGGTACGGATGTG_013,4
ACAAGTTGGGTACGGATGTG_014,130
ACAAGTTGGGTACGGATGTG_015,162
ACAAGTTGGGTACGGATGTG_016,74
ACAAGTTGGGTACGGATGTG_017,115
ACAAGTTGGGTACGGATGTG_018,177
ACAAGTTGGGTACGGATGTG_019,151
ACAAGTTGGGTACGGATGTG_020,60
ACAAGTTGGGTACGGATGTG_021,75
ACAAGTTGGGTACGGATGTG_022,80
ACAAGTTGGGTACGGATGTG_023,111
ACAAGTTGGGTACGGATGTG_024,158
ACAAGTTGGGTACGGATGTG_025,30
ACAAGTTGGGTACGGATGTG_026,138
ACAAGTTGGGTACGGATGTG_027,70
ACAAGTTGGGTACGGATGTG_028,58
ACAAGTTGGGTACGGATGTG_029,164
ACAAGTTGGGTACGGATGTG_030,164
ACAAGTTGGGTACGGATGTG_031,70
ACAAGTTGGGTACGGATGTG_032,102
ACAAGTTGGGTACGGATGTG_033,112
ACAAGTTGGGTACGGATGTG_034,47
ACAAGTTGGGTACGGATGTG_035,129
ACAAGTTGGGTACGGATGTG_036,158
ACAAGTTGGGTACGGATGTG_037,43
ACAAGTTGGGTACGGATGTG_038,150
ACAAGTTGGGTACGGATGTG_039,61
ACAAGTTGGGTACGGATGTG_040,10
ACAAGTTGGGTACGGATGTG_041,88
ACAAGTTGGGTACGGATGTG_042,175
ACAAGTTGGGTACGGATGTG_043,34
ACAAGTTGGGTACGGATGTG_044,28
ACAAGTTGGGTACGGATGTG_045,113
CACTGGAAGTAGGAGGCGCG_001,153
CACTGGAAGTAGGAGGCGCG_002,23
CACTGGAAGTAGGAGGCGCG_003,49
CACTGGAAGTAGGAGGCGCG_004,17
AGTCGATGGAAACCCCCCGC_001,158
AGTCGATGGAAACCCCCCGC_002,58
AGTCGATGGAAACCCCCCGC_003,94
AGTCGATGGAAACCCCCCGC_004,149
AGTCGATGGAAACCCCCCGC_005,150
AGTCGATGGAAACCCCCCGC_006,166
AGTCGATGGAAACCCCCCGC_007,12
AGTCGATGGAAACCCCCCGC_008,127
AGTCGATGGAAACCCCCCGC_009,82
AGTCGATGGAAACCCCCCGC_010,49
AGTCGATGGAAACCCCCCGC_011,80
AGTCGATGGAAACCCCCCGC_012,56
AGTCGATGGAAACCCCCCGC_013,184
AGTCGATGGAAACCCCCCGC_014,46
AGTCGATGGAAACCCCCCGC_015,153
AGTCGATGGAAACCCCCCGC_016,81
AGTCGATGGAAACCCCCCGC_017,67
AGTCGATGGAAACCCCCCGC_018,41
AGTCGATGGAAACCCCCCGC_019,78
AGTCGATGGAAACCCCCCGC_020,179
GGTACTTGCCCAGAACGGCG_001,169
GGTACTTGCCCAGAACGGCG_002,30
GGTACTTGCCCAGAACGGCG_003,146
GGTACTTGCCCAGAACGGCG_004,82
GGTACTTGCCCAGAACGGCG_005,148
GGTACTTGCCCAGAACGGCG_006,15
GGTACTTGCCCAGAACGGCG_007,50
TCTGTGTTCAATCCAGATTG_001,28
CAGGGGCAGAAGTGGTGCAC_001,84
CAGGGGCAGAAGTGGTGCAC_002,5
CAGGGGCAGAAGTGGTGCAC_003,5
CAGGGGCAGAAGTGGTGCAC_004,175
CAGGGGCAGAAGTGGTGCAC_005,104
CAGGGGCAGAAGTGGTGCAC_006,44
CAGGGGCAGAAGTGGTGCAC_007,8
CAGGGGCAGAAGTGGTGCAC_008,69
CAGGGGCAGAAGTGGTGCAC_009,107
CAGGGGCAGAAGTGGTGCAC_010,8
CAGGGGCAGAAGTGGTGCAC_011,165
CAGGGGCAGAAGTGGTGCAC_012,81
CAGGGGCAGAAGTGGTGCAC_013,34
CAGGGGCAGAAGTGGTGCAC_014,56
AGGCCTGCGACGCCGGTGGG_001,10
AGGCCTGCGACGCCGGTGGG_002,50
AGGCCTGCGACGCCGGTGGG_003,193
AGGCCTGCGACGCCGGTGGG_004,74
AGGCCTGCGACGCCGGTGGG_005,174
AGGCCTGCGACGCCGGTGGG_006,144
AGGCCTGCGACGCCGGTGGG_007,128
AGGCCTGCGACGCCGGTGGG_008,61
AGGCCTGCGACGCCGGTGGG_009,117
AGGCCTGCGACGCCGGTGGG_010,113
AGGCCTGCGACGCCGGTGGG_011,82
GATTCACCAGCAGATTGACA_001,17
GATTCACCAGCAGATTGACA_002,117
GATTCACCAGCAGATTGACA_003,185
GATTCACCAGCAGATTGACA_004,54
GATTCACCAGCAGATTGACA_005,183
GATTCACCAGCAGATTGACA_006,32
GATTCACCAGCAGATTGACA_007,92
GATTCACCAGCAGATTGACA_008,175
GATTCACCAGCAGATTGACA_009,94
GATTCACCAGCAGATTGACA_010,106
GATTCACCAGCAGATTGACA_011,146
GGACAATACACGTTCACTGC_001,146
GGACAATACACGTTCACTGC_002,83
CCGGGCTGAGCACAGCGGTA_001,127
CCGGGCTGAGCACAGCGGTA_002,193
CCGGGCTGAGCACAGCGGTA_003,140
CCGGGCTGAGCACAGCGGTA_004,174
CCGGGCTGAGCACAGCGGTA_005,9
CCGGGCTGAGCACAGCGGTA_006,162
CCGGGCTGAGCACAGCGGTA_007,162
CCGGGCTGAGCACAGCGGTA_008,107
CCGGGCTGAGCACAGCGGTA_009,11
CCGGGCTGAGCACAGCGGTA_010,143
CCGGGCTGAGCACAGCGGTA_011,103
CCGGGCTGAGCACAGCGGTA_012,114
CCGGGCTGAGCACAGCGGTA_013,88
CCGGGCTGAGCACAGCGGTA_014,59
CCGGGCTGAGCACAGCGGTA_015,52
CCGGGCTGAGCACAGCGGTA_016,172
CCGGGCTGAGCACAGCGGTA_017,120
CCGGGCTGAGCACAGCGGTA_018,82
CCGGGCTGAGCACAGCGGTA_019,196
CCGGGCTGAGCACAGCGGTA_020,172
CCGGGCTGAGCACAGCGGTA_021,178
CCGGGCTGAGCACAGCGGTA_022,36
CCGGGCTGAGCACAGCGGTA_023,142
CCGGGCTGAGCACAGCGGTA_024,13
TACATACCCTAAGCAAGTCG_001,49
TACATACCCTAAGCAAGTCG_002,88
TACATACCCTAAGCAAGTCG_003,98
TTAGAGTTGAAGCTAACCTG_001,93
TTAGAGTTGAAGCTAACCTG_002,3
AGATTTCCATTTGATTTCGG_001,169
AGATTTCCATTTGATTTCGG_002,105
AGATTTCCATTTGATTTCGG_003,53
AGCTCTAAAATTAAACATCG_001,48
AGCTCTAAAATTAAACATCG_002,17
AGCTCTAAAATTAAACATCG_003,198
AGCTCTAAAATTAAACATCG_004,50
AGCTCTAAAATTAAACATCG_005,125
AGCTCTAAAATTAAACATCG_006,50
AGCTCTAAAATTAAACATCG_007,134
ACAAATGGAAAAATTCCGCC_001,162
CTTCGAGAGCTATGAGTCCA_001,149
CTTCGAGAGCTATGAGTCCA_002,196
CTTCGAGAGCTATGAGTCCA_003,175
CTTCGAGAGCTATGAGTCCA_004,13
CTTCGAGAGCTATGAGTCCA_005,199
CTTCGAGAGCTATGAGTCCA_006,156
CTTCGAGAGCTATGAGTCCA_007,161
CTTCGAGAGCTATGAGTCCA_008,47
GTGGTCCTGTTAAACCACTG_001,55
GTGGTCCTGTTAAACCACTG_002,154
GTGGTCCTGTTAAACCACTG_003,154
GTGGTCCTGTTAAACCACTG_004,146
GTGGTCCTGTTAAACCACTG_005,127
GTGGTCCTGTTAAACCACTG_006,62
GTGGTCCTGTTAAACCACTG_007,101
GTGGTCCTGTTAAACCACTG_008,108
GTGGTCCTGTTAAACCACTG_009,41
CCATAGAATTAACGACATGC_001,185
CCATAGAATTAACGACATGC_002,96
CCATAGAATTAACGACATGC_003,176
CCATAGAATTAACGACATGC_004,174
CCATAGAATTAACGACATGC_005,43
CCATAGAATTAACGACATGC_006,154
AGGGCGAAGGCATCACCAGT_001,134
AGGGCGAAGGCATCACCAGT_002,51
AGGGCGAAGGCATCACCAGT_003,157
AGGGCGAAGGCATCACCAGT_004,40
AGGGCGAAGGCATCACCAGT_005,188
GGCCAATAGTGATTGGCGAA_001,147
GGCCAATAGTGATTGGCGAA_002,156
GGCCAATAGTGATTGGCGAA_003,110
GGCCAATAGTGATTGGCGAA_004,43
GAGTCGTCCACACCCCGTAG_001,182
GAGTCGTCCACACCCCGTAG_002,83
GAGTCGTCCACACCCCGTAG_003,88
GAGTCGTCCACACCCCGTAG_004,123
GAGTCGTCCACACCCCGTAG_005,78
GAGTCGTCCACACCCCGTAG_006,188
GAGTCGTCCACACCCCGTAG_007,107
GAGTCGTCCACACCCCGTAG_008,68
GAGTCGTCCACACCCCGTAG_009,55
GGGAATGTGTCTCCGAAACA_001,43
GGGAATGTGTCTCCGAAACA_002,15
GGGAATGTGTCTCCGAAACA_003,78
GGGAATGTGTCTCCGAAACA_004,162
GGGAATGTGTCTCCGAAACA_005,12
AATGATAGATGCTATGAGTG_001,53
CTTTGAATATCGAACCATTG_001,105
CTTTGAATATCGAACCATTG_002,62
CTTTGAATATCGAACCATTG_003,152
CTTTGAATATCGAACCATTG_004,0
GAGGTGGAGGAGACCATCGA_001,120
GAGGTGGAGGAGACCATCGA_002,151
GAGGTGGAGGAGACCATCGA_003,3
GAGGTGGAGGAGACCATCGA_004,77
GAGGTGGAGGAGACCATCGA_005,194
GAGGTGGAGGAGACCATCGA_006,54
GAGGTGGAGGAGACCATCGA_007,147
GAGGTGGAGGAGACCATCGA_008,116
GAGGTGGAGGAGACCATCGA_009,72
GAGGTGGAGGAGACCATCGA_010,72
GAGGTGGAGGAGACCATCGA_011,72
GAGGTGGAGGAGACCATCGA_012,155
GAGGTGGAGGAGACCATCGA_013,182
GAGGTGGAGGAGACCATCGA_014,153
GAGGTGGAGGAGACCATCGA_015,165
GAGGTGGAGGAGACCATCGA_016,50
GAGGTGGAGGAGACCATCGA_017,185
GAGGTGGAGGAGACCATCGA_018,8
GAGGTGGAGGAGACCATCGA_019,64
GAGGTGGAGGAGACCATCGA_020,107
GAGGTGGAGGAGACCATCGA_021,24
GAGGTGGAGGAGACCATCGA_022,70
GAGGTGGAGGAGACCATCGA_023,107
GAGGTGGAGGAGACCATCGA_024,118
GAGGTGGAGGAGACCATCGA_025,37
GAGGTGGAGGAGACCATCGA_026,81
GAGGTGGAGGAGACCATCGA_027,78
GAGGTGGAGGAGACCATCGA_028,180
GAGGTGGAGGAGACCATCGA_029,43
GAGGTGGAGGAGACCATCGA_030,56
GAGGTGGAGGAGACCATCGA_031,69
GAGGTGGAGGAGACCATCGA_032,30
GTCCGCTGCAATCTGCTCCG_001,60
GTCCGCTGCAATCTGCTCCG_002,2
GTCCGCTGCAATCTGCTCCG_003,112
GTCCGCTGCAATCTGCTCCG_004,95
GTCCGCTGCAATCTGCTCCG_005,120
GTCCGCTGCAATCTGCTCCG_006,50
GTCCGCTGCAATCTGCTCCG_007,12
GTCCGCTGCAATCTGCTCCG_008,85
GTCCGCTGCAATCTGCTCCG_009,43
GTCCGCTGCAATCTGCTCCG_010,48
GTCCGCTGCAATCTGCTCCG_011,130
GTCCGCTGCAATCTGCTCCG_012,94
GTCCGCTGCAATCTGCTCCG_013,83
AACTCTTGGCATAGCCAACG_001,190
AACTCTTGGCATAGCCAACG_002,7
AACTCTTGGCATAGCCAACG_003,48
AACTCTTGGCATAGCCAACG_004,31
AACTCTTGGCATAGCCAACG_005,165
AACTCTTGGCATAGCCAACG_006,43
AACTCTTGGCATAGCCAACG_007,102
AACTCTTGGCATAGCCAACG_008,24
AACTCTTGGCATAGCCAACG_009,172
AACTCTTGGCATAGCCAACG_010,107
AACTCTTGGCATAGCCAACG_011,15
CCTTTAAGAACATTTAACGC_001,53
CCTTTAAGAACATTTAACGC_002,25
CCTTTAAGAACATTTAACGC_003,95
CCTTTAAGAACATTTAACGC_004,150
CCTTTAAGAACATTTAACGC_005,53
GGAACTGCAGAAACCGAACA_001,148
GGAACTGCAGAAACCGAACA_002,40
GGAACTGCAGAAACCGAACA_003,158
TGCTGCTCACCTAGATAACC_001,181
TGCTGCTCACCTAGATAACC_002,72
TGCTGCTCACCTAGATAACC_003,30
TGCTGCTCACCTAGATAACC_004,62
TGCTGCTCACCTAGATAACC_005,124
AGGACCTGGATGATGCTCAG_001,8
AGGACCTGGATGATGCTCAG_002,169
AGGACCTGGATGATGCTCAG_003,190
AGGACCTGGATGATGCTCAG_004,12
AGGACCTGGATGATGCTCAG_005,183
AGGACCTGGATGATGCTCAG_006,90
AGGACCTGGATGATGCTCAG_007,158
AGGACCTGGATGATGCTCAG_008,83
AGGACCTGGATGATGCTCAG_009,108
AGGACCTGGATGATGCTCAG_010,135
CGCTTCTGGGTGGACCGCCG_001,183
CTACCTTCTTGTGATAGAGT_001,121
CTACCTTCTTGTGATAGAGT_002,14
CTACCTTCTTGTGATAGAGT_003,160
CTACCTTCTTGTGATAGAGT_004,76
CTACCTTCTTGTGATAGAGT_005,178
CTACCTTCTTGTGATAGAGT_006,113
CTACCTTCTTGTGATAGAGT_007,9
CTACCTTCTTGTGATAGAGT_008,88
CTACCTTCTTGTGATAGAGT_009,164
GAGTACAAGATCGTGATCGC_001,37
GAGTACAAGATCGTGATCGC_002,62
GAGTACAAGATCGTGATCGC_003,121
GAGTACAAGATCGTGATCGC_004,137
GAGTACAAGATCGTGATCGC_005,95
GAGTACAAGATCGTGATCGC_006,198
GAGTACAAGATCGTGATCGC_007,130
GAGTACAAGATCGTGATCGC_008,193
GAGTACAAGATCGTGATCGC_009,28
GGATGCTCAGCAGCACGATG_001,0
GGATGCTCAGCAGCACGATG_002,163
GGATGCTCAGCAGCACGATG_003,36
GGATGCTCAGCAGCACGATG_004,105
GGATGCTCAGCAGCACGATG_005,113
GGATGCTCAGCAGCACGATG_006,56
GGATGCTCAGCAGCACGATG_007,138
GGTCTCCACAGGGAATCACA_001,27
GGTCTCCACAGGGAATCACA_002,72
GGTCTCCACAGGGAATCACA_003,48
GGTCTCCACAGGGAATCACA_004,20
GGTCTCCACAGGGAATCACA_005,147
GGTCTCCACAGGGAATCACA_006,146
GAGATGGCGACTCTGTTCTA_001,103
GAGATGGCGACTCTGTTCTA_002,190
GAGATGGCGACTCTGTTCTA_003,50
GAGATGGCGACTCTGTTCTA_004,120
GAGATGGCGACTCTGTTCTA_005,140
GAGATGGCGACTCTGTTCTA_006,72
GAGATGGCGACTCTGTTCTA_007,170
GAGATGGCGACTCTGTTCTA_008,156
GAGATGGCGACTCTGTTCTA_009,43
GAGATGGCGACTCTGTTCTA_010,85
GAGATGGCGACTCTGTTCTA_011,137
GAGATGGCGACTCTGTTCTA_012,58
GAGATGGCGACTCTGTTCTA_013,57
GAGATGGCGACTCTGTTCTA_014,150
TAAATCATGTCTGATCGCTG_001,141
TAAATCATGTCTGATCGCTG_002,121
CCGGCAGCAGATCACTACAG_001,107
CCGGCAGCAGATCACTACAG_002,189
CCGGCAGCAGATCACTACAG_003,82
CCGGCAGCAGATCACTACAG_004,57
TCCGCAGGTACAGCTCACTC_001,27
TCCGCAGGTACAGCTCACTC_002,184
TCCGCAGGTACAGCTCACTC_003,17
TCCGCAGGTACAGCTCACTC_004,60
TCCGCAGGTACAGCTCACTC_005,148
TCCGCAGGTACAGCTCACTC_006,170
TCCGCAGGTACAGCTCACTC_007,162
TCCGCAGGTACAGCTCACTC_008,144
TCCGCAGGTACAGCTCACTC_009,165
TCCGCAGGTACAGCTCACTC_010,23
TCCGCAGGTACAGCTCACTC_011,149
GGGCTCGAGTAGATGACCAC_001,125
GGGCTCGAGTAGATGACCAC_002,184
GGGCTCGAGTAGATGACCAC_003,160
GGGCTCGAGTAGATGACCAC_004,120
GGGCTCGAGTAGATGACCAC_005,4
GGGCTCGAGTAGATGACCAC_006,121
GGGCTCGAGTAGATGACCAC_007,29
GGGCTCGAGTAGATGACCAC_008,15
GGGCTCGAGTAGATGACCAC_009,197
GGGCTCGAGTAGATGACCAC_010,148
GGGCTCGAGTAGATGACCAC_011,149
GGGCTCGAGTAGATGACCAC_012,154
GGGCTCGAGTAGATGACCAC_013,45
GGGCTCGAGTAGATGACCAC_014,69
GGGCTCGAGTAGATGACCAC_015,113
AGGATACGTGATTCTAAGCG_001,115
AGGATACGTGATTCTAAGCG_002,123
AGGATACGTGATTCTAAGCG_003,172
TAGAAGATGATGCCTCGCCG_001,149
TAGAAGATGATGCCTCGCCG_002,19
TAGAAGATGATGCCTCGCCG_003,12
TAGAAGATGATGCCTCGCCG_004,149
TAGAAGATGATGCCTCGCCG_005,88
TAGAAGATGATGCCTCGCCG_006,78
CCCCACGACGAAGTGCACGT_001,53
CCCCACGACGAAGTGCACGT_002,45
CCCCACGACGAAGTGCACGT_003,196
CCCCACGACGAAGTGCACGT_004,125
CCCCACGACGAAGTGCACGT_005,25
CCCCACGACGAAGTGCACGT_006,37
CCCCACGACGAAGTGCACGT_007,66
CCCCACGACGAAGTGCACGT_008,104
CCCCACGACGAAGTGCACGT_009,145
CCCCACGACGAAGTGCACGT_010,44
CCCCACGACGAAGTGCACGT_011,138
CGGGCTTCATCTCTTGTGTG_001,148
CGGGCTTCATCTCTTGTGTG_002,147
CGGGCTTCATCTCTTGTGTG_003,9
CGTGCAGAAGGTAAACAACG_001,125
CGTGCAGAAGGTAAACAACG_002,160
CGTGCAGAAGGTAAACAACG_003,82
CGTGCAGAAGGTAAACAACG_004,134
CGTGCAGAAGGTAAACAACG_005,181
CGTGCAGAAGGTAAACAACG_006,143
CGTGCAGAAGGTAAACAACG_007,98
CGTGCAGAAGGTAAACAACG_008,92
CGTGCAGAAGGTAAACAACG_009,149
CGTGCAGAAGGTAAACAACG_010,20
CGTGCAGAAGGTAAACAACG_011,64
CGTGCAGAAGGTAAACAACG_012,94
CGTGCAGAAGGTAAACAACG_013,1
CGTGCAGAAGGTAAACAACG_014,18
CGTGCAGAAGGTAAACAACG_015,13
CGTGCAGAAGGTAAACAACG_016,130
CGTGCAGAAGGTAAACAACG_017,195
CGTGCAGAAGGTAAACAACG_018,98
GACTAGATGCAACAATGTTG_001,145
GACTAGATGCAACAATGTTG_002,151
TCTCTAGCGTGTTCACCGAG_001,198
TCTCTAGCGTGTTCACCGAG_002,11
TCTCTAGCGTGTTCACCGAG_003,81
GAGCTGCGCCTGATATTGTA_001,148
GAGCTGCGCCTGATATTGTA_002,29
GAGCTGCGCCTGATATTGTA_003,49
CATAATGCTCAGAATCACAA_001,198
CATAATGCTCAGAATCACAA_002,84
CATAATGCTCAGAATCACAA_003,150
CATAATGCTCAGAATCACAA_004,100
CATAATGCTCAGAATCACAA_005,15
GAAATTCATTAAAGGCGCGC_001,70
GAAATTCATTAAAGGCGCGC_002,36
GAAATTCATTAAAGGCGCGC_003,100
GAAATTCATTAAAGGCGCGC_004,47
AGCCCAAGCAGTCTCGACCT_001,141
AGCCCAAGCAGTCTCGACCT_002,79
CGAATGTCTGAGTCACCCAA_001,34
CGAATGTCTGAGTCACCCAA_002,43
CGAATGTCTGAGTCACCCAA_003,48
CGAATGTCTGAGTCACCCAA_004,181
CGAATGTCTGAGTCACCCAA_005,140
CGAATGTCTGAGTCACCCAA_006,191
CGAATGTCTGAGTCACCCAA_007,162
CGAATGTCTGAGTCACCCAA_008,49
CGAATGTCTGAGTCACCCAA_009,76
CGAATGTCTGAGTCACCCAA_010,95
CGAATGTCTGAGTCACCCAA_011,5
CGAATGTCTGAGTCACCCAA_012,74
CGAATGTCTGAGTCACCCAA_013,20
CGAATGTCTGAGTCACCCAA_014,163
CGAATGTCTGAGTCACCCAA_015,43
CGAATGTCTGAGTCACCCAA_016,38
CGAATGTCTGAGTCACCCAA_017,176
CGAATGTCTGAGTCACCCAA_018,27
CGAATGTCTGAGTCACCCAA_019,168
CGAATGTCTGAGTCACCCAA_020,157
CGAATGTCTGAGTCACCCAA_021,46
CGAATGTCTGAGTCACCCAA_022,155
CGAATGTCTGAGTCACCCAA_023,165
AGACCTGAAGTTGGACCTCG_001,97
AGACCTGAAGTTGGACCTCG_002,159
AGACCTGAAGTTGGACCTCG_003,174
AGACCTGAAGTTGGACCTCG_004,159
AGACCTGAAGTTGGACCTCG_005,47
AGACCTGAAGTTGGACCTCG_006,48
AGACCTGAAGTTGGACCTCG_007,62
AGACCTGAAGTTGGACCTCG_008,169
AGACCTGAAGTTGGACCTCG_009,76
AGACCTGAAGTTGGACCTCG_010,63
AGACCTGAAGTTGGACCTCG_011,56
AGACCTGAAGTTGGACCTCG_012,192
AGACCTGAAGTTGGACCTCG_013,54
AGACCTGAAGTTGGACCTCG_014,46
GTGTCACTCAACGCCCACGA_001,144
GTGTCACTCAACGCCCACGA_002,48
GTGTCACTCAACGCCCACGA_003,69
GTGTCACTCAACGCCCACGA_004,97
GTGTCACTCAACGCCCACGA_005,100
GTGTCACTCAACGCCCACGA_006,0
GTGTCACTCAACGCCCACGA_007,168
GTGTCACTCAACGCCCACGA_008,115
GTGTCACTCAACGCCCACGA_009,102
GTGTCACTCAACGCCCACGA_010,3
ATTGCTTTGTGATGTGACCC_001,199
ACTTTGAACCCCCCATACCT_001,0
ACTTTGAACCCCCCATACCT_002,163
ACTTTGAACCCCCCATACCT_003,188
ACTTTGAACCCCCCATACCT_004,144
ACTTTGAACCCCCCATACCT_005,174
ACTTTGAACCCCCCATACCT_006,148
ACTTTGAACCCCCCATACCT_007,192
ACTTTGAACCCCCCATACCT_008,90
ACTTTGAACCCCCCATACCT_009,13
ACTTTGAACCCCCCATACCT_010,199
ACTTTGAACCCCCCATACCT_011,165
ATGATGGGACAACACCCGAA_001,0
ATGATGGGACAACACCCGAA_002,185
ATGATGGGACAACACCCGAA_003,49
ATGATGGGACAACACCCGAA_004,78
ATGATGGGACAACACCCGAA_005,94
ATGATGGGACAACACCCGAA_006,185
ATGATGGGACAACACCCGAA_007,14
ATGATGGGACAACACCCGAA_008,82
ATGATGGGACAACACCCGAA_009,98
ATGATGGGACAACACCCGAA_010,158
ATGATGGGACAACACCCGAA_011,147
ATGATGGGACAACACCCGAA_012,168
ATGATGGGACAACACCCGAA_013,56
ATGATGGGACAACACCCGAA_014,19
ATGATGGGACAACACCCGAA_015,55
ATGATGGGACAACACCCGAA_016,190
ATGATGGGACAACACCCGAA_017,124
ATGATGGGACAACACCCGAA_018,88
ATGATGGGACAACACCCGAA_019,114
ATGATGGGACAACACCCGAA_020,160
ATGATGGGACAACACCCGAA_021,196
ATGATGGGACAACACCCGAA_022,28
ATGATGGGACAACACCCGAA_023,6
ATGATGGGACAACACCCGAA_024,6
TGATACCCATGCATACAATG_001,76
TGATACCCATGCATACAATG_002,8
TTACAAATATGGGATACAGC_001,35
TTACAAATATGGGATACAGC_002,126
TTGGTCCTTACACACCCTGG_001,150
TTGGTCCTTACACACCCTGG_002,184
TTGGTCCTTACACACCCTGG_003,73
TTGGTCCTTACACACCCTGG_004,174
TTGGTCCTTACACACCCTGG_005,112
TTGGTCCTTACACACCCTGG_006,194
TTGGTCCTTACACACCCTGG_007,159
TTGGTCCTTACACACCCTGG_008,8
TTGGTCCTTACACACCCTGG_009,50
TTGGTCCTTACACACCCTGG_010,16
TTGGTCCTTACACACCCTGG_011,32
TTGGTCCTTACACACCCTGG_012,145
TTGGTCCTTACACACCCTGG_013,1
TTGGTCCTTACACACCCTGG_014,8
TTGGTCCTTACACACCCTGG_015,104
TTGGTCCTTACACACCCTGG_016,162
TTGGTCCTTACACACCCTGG_017,96
GCTGCTGACAGATCCAAGCA_001,12
GCTGCTGACAGATCCAAGCA_002,98
AGCCCCACCTGAGATGTACG_001,70
AGCCCCACCTGAGATGTACG_002,116
AGCCCCACCTGAGATGTACG_003,83
AGCCCCACCTGAGATGTACG_004,83
AGCCCCACCTGAGATGTACG_005,31
AGCCCCACCTGAGATGTACG_006,198
AGCCCCACCTGAGATGTACG_007,61
AGCCCCACCTGAGATGTACG_008,56
AGCCCCACCTGAGATGTACG_009,53
GCACAAAGTCCTTTCTCACT_001,22
GCACAAAGTCCTTTCTCACT_002,83
GCACAAAGTCCTTTCTCACT_003,115
GCACAAAGTCCTTTCTCACT_004,88
TCATCAGCATCTTGCCCGTG_001,94
TCTGGAGCTCCGGAAACTCG_001,124
TCTGGAGCTCCGGAAACTCG_002,96
TCTGGAGCTCCGGAAACTCG_003,11
TCTGGAGCTCCGGAAACTCG_004,22
TCTGGAGCTCCGGAAACTCG_005,103
TCTGGAGCTCCGGAAACTCG_006,133
TCTGGAGCTCCGGAAACTCG_007,42
TCTGGAGCTCCGGAAACTCG_008,68
TCTGGAGCTCCGGAAACTCG_009,26
TCTGGAGCTCCGGAAACTCG_010,177
TCTGGAGCTCCGGAAACTCG_011,114
AGCGTGAAGGTACGGCCTCG_001,29
AGCGTGAAGGTACGGCCTCG_002,159
AGCGTGAAGGTACGGCCTCG_003,185
ACTGTGAACCTACGGGAAGG_001,149
ACTGTGAACCTACGGGAAGG_002,168
ACTGTGAACCTACGGGAAGG_003,159
ACTGTGAACCTACGGGAAGG_004,129
ACTGTGAACCTACGGGAAGG_005,113
ACTGTGAACCTACGGGAAGG_006,107
ACTGTGAACCTACGGGAAGG_007,75
GGCTTGTGCAAAACCAACTG_001,141
GGCTTGTGCAAAACCAACTG_002,145
GGCTTGTGCAAAACCAACTG_003,126
GCTCAGGGAGCCTGTCACTG_001,15
GCTCAGGGAGCCTGTCACTG_002,141
GCTCAGGGAGCCTGTCACTG_003,175
GCTCAGGGAGCCTGTCACTG_004,91
GCTCAGGGAGCCTGTCACTG_005,14
GCTCAGGGAGCCTGTCACTG_006,5
GCTCAGGGAGCCTGTCACTG_007,16
GCTCAGGGAGCCTGTCACTG_008,89
GCTCAGGGAGCCTGTCACTG_009,101
GCTCAGGGAGCCTGTCACTG_010,191
GCTCAGGGAGCCTGTCACTG_011,170
GCTCAGGGAGCCTGTCACTG_012,198
GCTCAGGGAGCCTGTCACTG_013,155
GCTCAGGGAGCCTGTCACTG_014,33
GCTCAGGGAGCCTGTCACTG_015,40
GCTCAGGGAGCCTGTCACTG_016,8
GCTCAGGGAGCCTGTCACTG_017,17
GCTCAGGGAGCCTGTCACTG_018,119
GCTCAGGGAGCCTGTCACTG_019,52
GCTCAGGGAGCCTGTCACTG_020,56
GCTCAGGGAGCCTGTCACTG_021,36
ACTAAAGCTGATGAGAACTC_001,127
ACTAAAGCTGATGAGAACTC_002,41
ACTAAAGCTGATGAGAACTC_003,198
ACTAAAGCTGATGAGAACTC_004,127
GTGTGTAAAATGTTCCGCCA_001,147
GTGTGTAAAATGTTCCGCCA_002,168
GTGTGTAAAATGTTCCGCCA_003,54
GTGTGTAAAATGTTCCGCCA_004,10
GTGTGTAAAATGTTCCGCCA_005,193
GTGTGTAAAATGTTCCGCCA_006,160
GTGTGTAAAATGTTCCGCCA_007,120
GTGTGTAAAATGTTCCGCCA_008,166
GTGTGTAAAATGTTCCGCCA_009,50
GTGTGTAAAATGTTCCGCCA_010,50
GTGTGTAAAATGTTCCGCCA_011,88
GTGTGTAAAATGTTCCGCCA_012,169
GCTGTCGCTGTTCTGCATTG_001,14
GCTGTCGCTGTTCTGCATTG_002,26
GCTGTCGCTGTTCTGCATTG_003,162
GCTGTCGCTGTTCTGCATTG_004,83
TCCTACGTCAGGCCTCTGAG_001,154
TCCTACGTCAGGCCTCTGAG_002,160
TCCTACGTCAGGCCTCTGAG_003,175
TCCTACGTCAGGCCTCTGAG_004,61
TCCTACGTCAGGCCTCTGAG_005,82
TCCTACGTCAGGCCTCTGAG_006,158
TCCTACGTCAGGCCTCTGAG_007,78
TCCTACGTCAGGCCTCTGAG_008,191
TGAATGTCCACAGGAGCATG_001,84
TGAATGTCCACAGGAGCATG_002,123
GATGCTCCACCTTCTACGAA_001,60
GATGCTCCACCTTCTACGAA_002,27
GATGCTCCACCTTCTACGAA_003,64
GATGCTCCACCTTCTACGAA_004,51
GATGCTCCACCTTCTACGAA_005,17
GATGCTCCACCTTCTACGAA_006,123
GATGCTCCACCTTCTACGAA_007,94
CTCATCATCGCTGAGCACCG_001,90
CTCATCATCGCTGAGCACCG_002,199
CTCATCATCGCTGAGCACCG_003,39
ACTACGGACCAAAACTGTAG_001,35
ACTACGGACCAAAACTGTAG_002,134
ACTACGGACCAAAACTGTAG_003,181
ACTACGGACCAAAACTGTAG_004,134
ACTACGGACCAAAACTGTAG_005,148
ACTACGGACCAAAACTGTAG_006,91
ACTACGGACCAAAACTGTAG_007,65
ACTACGGACCAAAACTGTAG_008,77
ACTACGGACCAAAACTGTAG_009,43
ACTACGGACCAAAACTGTAG_010,113
CAATGTGAATATTGGACTGG_001,176
CTCAACGCAGTTCACAAAAC_001,163
CTCAACGCAGTTCACAAAAC_002,10
CTCAACGCAGTTCACAAAAC_003,116
ACAACCCAACCGGTATACAA_001,17
ACAACCCAACCGGTATACAA_002,106
GGCTATTCGTGTAGGCAAAG_001,176
GGCTATTCGTGTAGGCAAAG_002,146
GGCTATTCGTGTAGGCAAAG_003,176
GGCTATTCGTGTAGGCAAAG_004,144
GGCTATTCGTGTAGGCAAAG_005,177
GGCTATTCGTGTAGGCAAAG_006,148
GGCTATTCGTGTAGGCAAAG_007,129
GGCTATTCGTGTAGGCAAAG_008,62
GGCTATTCGTGTAGGCAAAG_009,92
GGCTATTCGTGTAGGCAAAG_010,53
GGCTATTCGTGTAGGCAAAG_011,39
GTGATTCAGATGACTTCTCA_001,162
GTGATTCAGATGACTTCTCA_002,145
GTGATTCAGATGACTTCTCA_003,58
GTGATTCAGATGACTTCTCA_004,34
GTGATTCAGATGACTTCTCA_005,61
AACCTACAACTGCTACCATG_001,119
AACCTACAACTGCTACCATG_002,159
AACCTACAACTGCTACCATG_003,197
AACCTACAACTGCTACCATG_004,82
AACCTACAACTGCTACCATG_005,122
AACCTACAACTGCTACCATG_006,72
AACCTACAACTGCTACCATG_007,105
AACCTACAACTGCTACCATG_008,92
CCCCACCAGGAAGAACACGC_001,194
CCCCACCAGGAAGAACACGC_002,190
CCCCACCAGGAAGAACACGC_003,194
CCCCACCAGGAAGAACACGC_004,143
CCCCACCAGGAAGAACACGC_005,143
CCCCACCAGGAAGAACACGC_006,48
CCCCACCAGGAAGAACACGC_007,169
CCCCACCAGGAAGAACACGC_008,54
CCCCACCAGGAAGAACACGC_009,120
CCCCACCAGGAAGAACACGC_010,113
CCCCACCAGGAAGAACACGC_011,42
CCCCACCAGGAAGAACACGC_012,156
CCCCACCAGGAAGAACACGC_013,191
CCCCACCAGGAAGAACACGC_014,76
CCCCACCAGGAAGAACACGC_015,88
CCCCACCAGGAAGAACACGC_016,120
CCCCACCAGGAAGAACACGC_017,4
CCCCACCAGGAAGAACACGC_018,130
CCACCACCTGCCAGCACATG_001,149
CCACCACCTGCCAGCACATG_002,94
CCACCACCTGCCAGCACATG_003,145
CCACCACCTGCCAGCACATG_004,148
CCACCACCTGCCAGCACATG_005,178
CCACCACCTGCCAGCACATG_006,27
CCACCACCTGCCAGCACATG_007,105
CCACCACCTGCCAGCACATG_008,12
CCACCACCTGCCAGCACATG_009,197
CCACCACCTGCCAGCACATG_010,108
CCACCACCTGCCAGCACATG_011,65
CCACCACCTGCCAGCACATG_012,81
CCACCACCTGCCAGCACATG_013,176
CCACCACCTGCCAGCACATG_014,78
CCACCACCTGCCAGCACATG_015,17
CCACCACCTGCCAGCACATG_016,147
CCACCACCTGCCAGCACATG_017,149
CCACCACCTGCCAGCACATG_018,104
CCACCACCTGCCAGCACATG_019,2
CCACCACCTGCCAGCACATG_020,56
CCACCACCTGCCAGCACATG_021,81
CCACCACCTGCCAGCACATG_022,62
CTAGCTGGGCCTCCTAATCG_001,60
CTAGCTGGGCCTCCTAATCG_002,120
CTAGCTGGGCCTCCTAATCG_003,4
CTAGCTGGGCCTCCTAATCG_004,136
CTAGCTGGGCCTCCTAATCG_005,56
GATCATAAAGAAAATCGACT_001,34
GATCATAAAGAAAATCGACT_002,94
GATCATAAAGAAAATCGACT_003,77
GATCATAAAGAAAATCGACT_004,84
GATCATAAAGAAAATCGACT_005,50
GATCATAAAGAAAATCGACT_006,38
GATCATAAAGAAAATCGACT_007,147
CGAAGGCCAAGGCTGTAACG_001,6
CGAAGGCCAAGGCTGTAACG_002,6
CGAAGGCCAAGGCTGTAACG_003,160
CGAAGGCCAAGGCTGTAACG_004,63
CGAAGGCCAAGGCTGTAACG_005,68
CGAAGGCCAAGGCTGTAACG_006,71
CGAAGGCCAAGGCTGTAACG_007,177
GGATTTCTCCATTTAGAGTG_001,94
GGATTTCTCCATTTAGAGTG_002,6
GGATTTCTCCATTTAGAGTG_003,178
GGATTTCTCCATTTAGAGTG_004,75
GGATTTCTCCATTTAGAGTG_005,116
GGATTTCTCCATTTAGAGTG_006,166
GGATTTCTCCATTTAGAGTG_007,57
CCTAATACTATTGAGTACAA_001,196
GAAGCAGTTAAAGAATCGGG_001,88
GAAGCAGTTAAAGAATCGGG_002,29
GAAGCAGTTAAAGAATCGGG_003,1
GAAGCAGTTAAAGAATCGGG_004,187
GAAGCAGTTAAAGAATCGGG_005,138
GAAGCAGTTAAAGAATCGGG_006,165
GAAGCAGTTAAAGAATCGGG_007,29
GAAGCAGTTAAAGAATCGGG_008,120
GAAGCAGTTAAAGAATCGGG_009,148
GAAGCAGTTAAAGAATCGGG_010,140
GAAGCAGTTAAAGAATCGGG_011,142
GAAGCAGTTAAAGAATCGGG_012,110
GAAGCAGTTAAAGAATCGGG_013,160
GTTCTGTAGACTTCACATGC_001,196
GTTCTGTAGACTTCACATGC_002,47
GTTCTGTAGACTTCACATGC_003,144
GTTCTGTAGACTTCACATGC_004,9
GTTCTGTAGACTTCACATGC_005,172
GTTCTGTAGACTTCACATGC_006,158
GTTCTGTAGACTTCACATGC_007,116
CTGGAGATTAATCCGGACAC_001,53
CTGGAGATTAATCCGGACAC_002,184
CTGGAGATTAATCCGGACAC_003,96
CTGGAGATTAATCCGGACAC_004,178
CTGGAGATTAATCCGGACAC_005,109
CTGGAGATTAATCCGGACAC_006,64
CTGGAGATTAATCCGGACAC_007,48
CTGGAGATTAATCCGGACAC_008,153
TCAGACAGCAAAAACCACGC_001,72
TCAGACAGCAAAAACCACGC_002,2
TCAGACAGCAAAAACCACGC_003,50
TCAGACAGCAAAAACCACGC_004,17
TCAGACAGCAAAAACCACGC_005,29
TCAGACAGCAAAAACCACGC_006,53
TCAGACAGCAAAAACCACGC_007,48
TCAGACAGCAAAAACCACGC_008,29
TCAGACAGCAAAAACCACGC_009,179
TCAGACAGCAAAAACCACGC_010,78
TCAGACAGCAAAAACCACGC_011,58
TCAGACAGCAAAAACCACGC_012,148
TCAGACAGCAAAAACCACGC_013,77
TCAGACAGCAAAAACCACGC_014,128
TCAGACAGCAAAAACCACGC_015,46
TCAGACAGCAAAAACCACGC_016,44
CATGGCAGTATTTCATGACG_001,177
CATGGCAGTATTTCATGACG_002,19
CCAGGGCAAGAAGGGTCCTG_001,17
CCAGGGCAAGAAGGGTCCTG_002,162
CCAGGGCAAGAAGGGTCCTG_003,62
CCAGGGCAAGAAGGGTCCTG_004,115
CCAGGGCAAGAAGGGTCCTG_005,115
CCAGGGCAAGAAGGGTCCTG_006,37
CCAGGGCAAGAAGGGTCCTG_007,181
CCAGGGCAAGAAGGGTCCTG_008,198
CCAGGGCAAGAAGGGTCCTG_009,19
CCAGGGCAAGAAGGGTCCTG_010,63
CCAGGGCAAGAAGGGTCCTG_011,144
CCAGGGCAAGAAGGGTCCTG_012,130
CCAGGGCAAGAAGGGTCCTG_013,52
AGACAAAGAAGGCTACAAGG_001,65
AGACAAAGAAGGCTACAAGG_002,187
AGACAAAGAAGGCTACAAGG_003,13
AGACAAAGAAGGCTACAAGG_004,122
AGACAAAGAAGGCTACAAGG_005,149
AGACAAAGAAGGCTACAAGG_006,105
AGACAAAGAAGGCTACAAGG_007,34
AGACAAAGAAGGCTACAAGG_008,167
AGACAAAGAAGGCTACAAGG_009,167
AGACAAAGAAGGCTACAAGG_010,38
AGACAAAGAAGGCTACAAGG_011,122
AGACAAAGAAGGCTACAAGG_012,67
AGACAAAGAAGGCTACAAGG_013,66
TGTCTGCCCGAAATCTACCT_001,65
TGTCTGCCCGAAATCTACCT_002,186
TGTCTGCCCGAAATCTACCT_003,131
TGTCTGCCCGAAATCTACCT_004,104
TGTCTGCCCGAAATCTACCT_005,141
CATTACGCTGCTTATAAGTG_001,42
CATTACGCTGCTTATAAGTG_002,30
CATTACGCTGCTTATAAGTG_003,191
CATTACGCTGCTTATAAGTG_004,158
GAAGCGAACCTTGACATCTG_001,5
GAAGCGAACCTTGACATCTG_002,48
GAAGCGAACCTTGACATCTG_003,94
GAAGCGAACCTTGACATCTG_004,77
GAAGCGAACCTTGACATCTG_005,77
GAAGCGAACCTTGACATCTG_006,178
GAAGCGAACCTTGACATCTG_007,19
GAAGCGAACCTTGACATCTG_008,11
GAAGCGAACCTTGACATCTG_009,92
CTGACAATCAATTTGTACAA_001,29
CTGACAATCAATTTGTACAA_002,45
CTGACAATCAATTTGTACAA_003,141
CTGACAATCAATTTGTACAA_004,58
CTGACAATCAATTTGTACAA_005,162
CTGACAATCAATTTGTACAA_006,78
CTGACAATCAATTTGTACAA_007,69
CTGACAATCAATTTGTACAA_008,74
CTGACAATCAATTTGTACAA_009,60
CTGACAATCAATTTGTACAA_010,175
ATGGCAAAGTGGGACGCATG_001,29
ATGGCAAAGTGGGACGCATG_002,182
ATGGCAAAGTGGGACGCATG_003,42
ATGGCAAAGTGGGACGCATG_004,153
ATGGCAAAGTGGGACGCATG_005,157
ATGGCAAAGTGGGACGCATG_006,129
ATGGCAAAGTGGGACGCATG_007,132
ATGGCAAAGTGGGACGCATG_008,78
ATGGCAAAGTGGGACGCATG_009,38
ATGGCAAAGTGGGACGCATG_010,141
ATGGCAAAGTGGGACGCATG_011,56
ATGGCAAAGTGGGACGCATG_012,158
ATGGCAAAGTGGGACGCATG_013,81
ATGGCAAAGTGGGACGCATG_014,25
ATGGCAAAGTGGGACGCATG_015,158
ATGGCAAAGTGGGACGCATG_016,158
ATGGCAAAGTGGGACGCATG_017,97
ATGGCAAAGTGGGACGCATG_018,94
ATGGCAAAGTGGGACGCATG_019,176
ATGGCAAAGTGGGACGCATG_020,106
ATGGCAAAGTGGGACGCATG_021,49
ATGGCAAAGTGGGACGCATG_022,28
ATGGAAGTGTCGTGTCACAG_001,63
ATGGAAGTGTCGTGTCACAG_002,157
ATGGAAGTGTCGTGTCACAG_003,81
CCTTCTGCAGAGAGCGCACG_001,8
CCTTCTGCAGAGAGCGCACG_002,2
CCTTCGAATGAGGTAGCGAG_001,98
CCTTCGAATGAGGTAGCGAG_002,128
CCTTCGAATGAGGTAGCGAG_003,4
CCTTCGAATGAGGTAGCGAG_004,34
CCTTCGAATGAGGTAGCGAG_005,9
CCTTCGAATGAGGTAGCGAG_006,194
CCTTCGAATGAGGTAGCGAG_007,188
CCTTCGAATGAGGTAGCGAG_008,37
CCTTCGAATGAGGTAGCGAG_009,189
CCTTCGAATGAGGTAGCGAG_010,116
CCTTCGAATGAGGTAGCGAG_011,81
CCTTCGAATGAGGTAGCGAG_012,106
CCTTCGAATGAGGTAGCGAG_013,104
CCTTCGAATGAGGTAGCGAG_014,174
CCTTCGAATGAGGTAGCGAG_015,149
CCTTCGAATGAGGTAGCGAG_016,120
CCTTCGAATGAGGTAGCGAG_017,27
CCTTCGAATGAGGTAGCGAG_018,198
CCTTCGAATGAGGTAGCGAG_019,136
GAGTGGACCTTCCGCCAGAA_001,27
GAGTGGACCTTCCGCCAGAA_002,184
GAGTGGACCTTCCGCCAGAA_003,162
GAGTGGACCTTCCGCCAGAA_004,60
GAGTGGACCTTCCGCCAGAA_005,164
GAGTGGACCTTCCGCCAGAA_006,164
GAGTGGACCTTCCGCCAGAA_007,185
GAGTGGACCTTCCGCCAGAA_008,42
GAGTGGACCTTCCGCCAGAA_009,105
GAGTGGACCTTCCGCCAGAA_010,78
GAGTGGACCTTCCGCCAGAA_011,40
GAGTGGACCTTCCGCCAGAA_012,113
GAGTGGACCTTCCGCCAGAA_013,44
GAGTGGACCTTCCGCCAGAA_014,155
ACTGTAAACATCGCAGACCG_001,27
ACTGTAAACATCGCAGACCG_002,81
ACTGTAAACATCGCAGACCG_003,78
ACTGTAAACATCGCAGACCG_004,10
ACTGTAAACATCGCAGACCG_005,170
ACTGTAAACATCGCAGACCG_006,68
ACTGTAAACATCGCAGACCG_007,54
ACTGTAAACATCGCAGACCG_008,69
ACTGTAAACATCGCAGACCG_009,58
ACTGTAAACATCGCAGACCG_010,10
ACTGTAAACATCGCAGACCG_011,184
ACTGTAAACATCGCAGACCG_012,116
ACTGTAAACATCGCAGACCG_013,198
ACTGTAAACATCGCAGACCG_014,185
ACTGTAAACATCGCAGACCG_015,6
ACTGTAAACATCGCAGACCG_016,81
GAACACATGCCATTTGTACG_001,15
GAACACATGCCATTTGTACG_002,44
GAACACATGCCATTTGTACG_003,88
GAACACATGCCATTTGTACG_004,157
GAACACATGCCATTTGTACG_005,6
GAACACATGCCATTTGTACG_006,85
TTGTCTACATTGTATGTCTG_001,9
TTGTCTACATTGTATGTCTG_002,29
TTGTCTACATTGTATGTCTG_003,12
TTGTCTACATTGTATGTCTG_004,16
ACTCTTCTAGGTGAGCCCAT_001,60
ACTCTTCTAGGTGAGCCCAT_002,94
ACTCTTCTAGGTGAGCCCAT_003,152
ACTCTTCTAGGTGAGCCCAT_004,142
ACTCTTCTAGGTGAGCCCAT_005,111
AGGAGGCTCATATCGTAGAG_001,62
AGGAGGCTCATATCGTAGAG_002,102
AGGAGGCTCATATCGTAGAG_003,128
AGGAGGCTCATATCGTAGAG_004,153
AGGAGGCTCATATCGTAGAG_005,132
AGGAGGCTCATATCGTAGAG_006,42
ATATTAAACTCAATCAGCTG_001,105
ATATTAAACTCAATCAGCTG_002,88
ATATTAAACTCAATCAGCTG_003,174
GGACCCACAGACCTACAGCT_001,137
GGACCCACAGACCTACAGCT_002,82
GGACCCACAGACCTACAGCT_003,27
GGACCCACAGACCTACAGCT_004,172
GGACCCACAGACCTACAGCT_005,67
GGACCCACAGACCTACAGCT_006,6
GGACCCACAGACCTACAGCT_007,1
GGACCCACAGACCTACAGCT_008,184
GGACCCACAGACCTACAGCT_009,170
GGACCCACAGACCTACAGCT_010,115
GGACCCACAGACCTACAGCT_011,195
GGACCCACAGACCTACAGCT_012,132
GGACCCACAGACCTACAGCT_013,67
GGACCCACAGACCTACAGCT_014,120
GGACCCACAGACCTACAGCT_015,9
GGACCCACAGACCTACAGCT_016,68
GGACCCACAGACCTACAGCT_017,0
GGACCCACAGACCTACAGCT_018,160
GGACCCACAGACCTACAGCT_019,136
GGACCCACAGACCTACAGCT_020,77
GGACCCACAGACCTACAGCT_021,20
GGACCCACAGACCTACAGCT_022,57
GGACGACAGGGATCTCGTCA_001,121
GGACGACAGGGATCTCGTCA_002,188
GGACGACAGGGATCTCGTCA_003,19
GGACGACAGGGATCTCGTCA_004,78
GGACGACAGGGATCTCGTCA_005,13
GGACGACAGGGATCTCGTCA_006,28
GGACGACAGGGATCTCGTCA_007,184
GGACGACAGGGATCTCGTCA_008,41
CAGGCGCAACCCCACCGTAG_001,149
CAGGCGCAACCCCACCGTAG_002,182
CAGGCGCAACCCCACCGTAG_003,137
CAGGCGCAACCCCACCGTAG_004,42
CAGGCGCAACCCCACCGTAG_005,52
CAGGCGCAACCCCACCGTAG_006,120
CAGGCGCAACCCCACCGTAG_007,82
CAGGCGCAACCCCACCGTAG_008,128
CAGGCGCAACCCCACCGTAG_009,58
CAGGCGCAACCCCACCGTAG_010,41
CAGGCGCAACCCCACCGTAG_011,61
CAGGCGCAACCCCACCGTAG_012,75
CAGGCGCAACCCCACCGTAG_013,50
CAGGCGCAACCCCACCGTAG_014,174
CAGGCGCAACCCCACCGTAG_015,70
CAGGCGCAACCCCACCGTAG_016,63
CAGGCGCAACCCCACCGTAG_017,5
CAGGCGCAACCCCACCGTAG_018,35
CAGGCGCAACCCCACCGTAG_019,66
CAGGCGCAACCCCACCGTAG_020,73
TATGACCCTGTTACATTGCC_001,103
TATGACCCTGTTACATTGCC_002,49
TATGACCCTGTTACATTGCC_003,56
TATGACCCTGTTACATTGCC_004,76
TATGACCCTGTTACATTGCC_005,85
TATGACCCTGTTACATTGCC_006,50
TATGACCCTGTTACATTGCC_007,166
TATGACCCTGTTACATTGCC_008,76
TTCAAACCTGTAGTGTATCA_001,150
GAGTGATCCAAAATGGAGCG_001,172
GAGTGATCCAAAATGGAGCG_002,105
GAGTGATCCAAAATGGAGCG_003,106
GAGTGATCCAAAATGGAGCG_004,106
GAGTGATCCAAAATGGAGCG_005,83
GAGTGATCCAAAATGGAGCG_006,28
GAGTGATCCAAAATGGAGCG_007,23
GAGTGATCCAAAATGGAGCG_008,25
GAGTGATCCAAAATGGAGCG_009,92
GAGTGATCCAAAATGGAGCG_010,190
GAGTGATCCAAAATGGAGCG_011,107
GAGTGATCCAAAATGGAGCG_012,17
GAGTGATCCAAAATGGAGCG_013,144
TGAGGGGCGTTCTAGGAGAA_001,41
TGAGGGGCGTTCTAGGAGAA_002,175
CGACCACCGGAGAATTCCTG_001,78
CGACCACCGGAGAATTCCTG_002,96
CGACCACCGGAGAATTCCTG_003,45
CGACCACCGGAGAATTCCTG_004,119
CGACCACCGGAGAATTCCTG_005,13
CGACCACCGGAGAATTCCTG_006,177
CGACCACCGGAGAATTCCTG_007,1
CGACCACCGGAGAATTCCTG_008,12
CGACCACCGGAGAATTCCTG_009,190
CGACCACCGGAGAATTCCTG_010,76
CGACCACCGGAGAATTCCTG_011,41
CGACCACCGGAGAATTCCTG_012,175
CGACCACCGGAGAATTCCTG_013,183
CGACCACCGGAGAATTCCTG_014,117
CGACCACCGGAGAATTCCTG_015,70
CGACCACCGGAGAATTCCTG_016,183
CGACCACCGGAGAATTCCTG_017,158
CGACCACCGGAGAATTCCTG_018,170
CGACCACCGGAGAATTCCTG_019,148
CGACCACCGGAGAATTCCTG_020,74
CGACCACCGGAGAATTCCTG_021,165
TCGAAGGCAAGACAGTTGGA_001,181
TCGAAGGCAAGACAGTTGGA_002,132
TCGAAGGCAAGACAGTTGGA_003,157
TCGAAGGCAAGACAGTTGGA_004,134
TCGAAGGCAAGACAGTTGGA_005,171
TCGAAGGCAAGACAGTTGGA_006,4
TCGAAGGCAAGACAGTTGGA_007,83
TCGAAGGCAAGACAGTTGGA_008,2
TCGAAGGCAAGACAGTTGGA_009,174
TCGAAGGCAAGACAGTTGGA_010,126
TCGAAGGCAAGACAGTTGGA_011,132
TCGAAGGCAAGACAGTTGGA_012,178
TCGAAGGCAAGACAGTTGGA_013,69
TCGAAGGCAAGACAGTTGGA_014,70
TCGAAGGCAAGACAGTTGGA_015,77
TCGAAGGCAAGACAGTTGGA_016,169
TCGAAGGCAAGACAGTTGGA_017,119
TCGAAGGCAAGACAGTTGGA_018,139
TCGAAGGCAAGACAGTTGGA_019,148
TCGAAGGCAAGACAGTTGGA_020,37
TCGAAGGCAAGACAGTTGGA_021,116
GAGGAGCGCTCATGCACATG_001,151
GAGGAGCGCTCATGCACATG_002,168
GAGGAGCGCTCATGCACATG_003,133
GAGGAGCGCTCATGCACATG_004,113
GAGGAGCGCTCATGCACATG_005,76
GAGGAGCGCTCATGCACATG_006,158
GAGGAGCGCTCATGCACATG_007,64
GAGGAGCGCTCATGCACATG_008,178
GATCACAAGCAACTCTGGAT_001,92
GATCACAAGCAACTCTGGAT_002,9
GATCACAAGCAACTCTGGAT_003,1
GATCACAAGCAACTCTGGAT_004,88
GATCACAAGCAACTCTGGAT_005,198
GATCACAAGCAACTCTGGAT_006,121
GATCACAAGCAACTCTGGAT_007,176
GATCACAAGCAACTCTGGAT_008,103
GATCACAAGCAACTCTGGAT_009,97
GATCACAAGCAACTCTGGAT_010,186
GATCACAAGCAACTCTGGAT_011,176
CTGTCCTATGACAACAAGCG_001,10
CTGTCCTATGACAACAAGCG_002,10
CTGTCCTATGACAACAAGCG_003,102
TACGAAGAGACCGTATGCAA_001,28
TACGAAGAGACCGTATGCAA_002,81
TACGAAGAGACCGTATGCAA_003,29
TACGAAGAGACCGTATGCAA_004,70
TACGAAGAGACCGTATGCAA_005,158
TACGAAGAGACCGTATGCAA_006,174
TACGAAGAGACCGTATGCAA_007,185
TACGAAGAGACCGTATGCAA_008,92
TACGAAGAGACCGTATGCAA_009,43
TACGAAGAGACCGTATGCAA_010,198
TACGAAGAGACCGTATGCAA_011,42
TACGAAGAGACCGTATGCAA_012,56
TACGAAGAGACCGTATGCAA_013,191
TACGAAGAGACCGTATGCAA_014,174
TACGAAGAGACCGTATGCAA_015,34
TACGAAGAGACCGTATGCAA_016,15
TACGAAGAGACCGTATGCAA_017,138
TACGAAGAGACCGTATGCAA_018,112
GCGGGCCTGATTACCGGACG_001,163
GCGGGCCTGATTACCGGACG_002,169
GCGGGCCTGATTACCGGACG_003,100
ATTAAGATTCTAAGCATAGG_001,173
ATTAAGATTCTAAGCATAGG_002,198
ATTAAGATTCTAAGCATAGG_003,184
ATTAAGATTCTAAGCATAGG_004,20
ATTAAGATTCTAAGCATAGG_005,4
ATTAAGATTCTAAGCATAGG_006,116
ATTAAGATTCTAAGCATAGG_007,106
ATTAAGATTCTAAGCATAGG_008,27
ATTAAGATTCTAAGCATAGG_009,84
ATTAAGATTCTAAGCATAGG_010,174
ATTAAGATTCTAAGCATAGG_011,9
ATTAAGATTCTAAGCATAGG_012,67
AGGTATCTGTGGGTCCGCCT_001,199
AGGTATCTGTGGGTCCGCCT_002,196
AGGTATCTGTGGGTCCGCCT_003,81
AGGTATCTGTGGGTCCGCCT_004,175
AGGTATCTGTGGGTCCGCCT_005,97
AGGTATCTGTGGGTCCGCCT_006,70
AGGTATCTGTGGGTCCGCCT_007,136
AGGTATCTGTGGGTCCGCCT_008,22
AGGTATCTGTGGGTCCGCCT_009,146
AGGTATCTGTGGGTCCGCCT_010,181
AGGTATCTGTGGGTCCGCCT_011,199
AGGTATCTGTGGGTCCGCCT_012,2
AGGTATCTGTGGGTCCGCCT_013,158
AGGTATCTGTGGGTCCGCCT_014,59
AGGTATCTGTGGGTCCGCCT_015,115
AGGTATCTGTGGGTCCGCCT_016,101
AGGTATCTGTGGGTCCGCCT_017,177
AGGTATCTGTGGGTCCGCCT_018,84
AGGTATCTGTGGGTCCGCCT_019,15
AGGTATCTGTGGGTCCGCCT_020,136
AGGTATCTGTGGGTCCGCCT_021,11
AGGTATCTGTGGGTCCGCCT_022,70
AGGTATCTGTGGGTCCGCCT_023,104
GATCGAGTGTTGGTTCGTGG_001,29
GATCGAGTGTTGGTTCGTGG_002,42
GATCGAGTGTTGGTTCGTGG_003,9
GATCGAGTGTTGGTTCGTGG_004,145
GATCGAGTGTTGGTTCGTGG_005,141
GATCGAGTGTTGGTTCGTGG_006,146
GATCGAGTGTTGGTTCGTGG_007,146
GATCGAGTGTTGGTTCGTGG_008,137
GATCGAGTGTTGGTTCGTGG_009,103
GGGCGTCAGCCAGTTGACGG_001,52
GGGCGTCAGCCAGTTGACGG_002,116
GGGCGTCAGCCAGTTGACGG_003,188
GGGCGTCAGCCAGTTGACGG_004,78
GGGCGTCAGCCAGTTGACGG_005,51
GGGCGTCAGCCAGTTGACGG_006,59
GGGCGTCAGCCAGTTGACGG_007,177
GGGCGTCAGCCAGTTGACGG_008,35
GGGCGTCAGCCAGTTGACGG_009,48
GGGCGTCAGCCAGTTGACGG_010,178
GGGCGTCAGCCAGTTGACGG_011,160
GGGCGTCAGCCAGTTGACGG_012,187
GGGCGTCAGCCAGTTGACGG_013,17
GGGCGTCAGCCAGTTGACGG_014,175
GGGCGTCAGCCAGTTGACGG_015,48
GGGCGTCAGCCAGTTGACGG_016,82
GGGCGTCAGCCAGTTGACGG_017,46
CGACACGAGCCCTAGCGACG_001,111
CGACACGAGCCCTAGCGACG_002,97
CGACACGAGCCCTAGCGACG_003,139
CGACACGAGCCCTAGCGACG_004,84
CGACACGAGCCCTAGCGACG_005,34
CGACACGAGCCCTAGCGACG_006,193
CGACACGAGCCCTAGCGACG_007,41
CGACACGAGCCCTAGCGACG_008,17
CGACACGAGCCCTAGCGACG_009,49
CGACACGAGCCCTAGCGACG_010,142
CGACACGAGCCCTAGCGACG_011,158
CGACACGAGCCCTAGCGACG_012,22
CGACACGAGCCCTAGCGACG_013,4
CGACACGAGCCCTAGCGACG_014,113
CGACACGAGCCCTAGCGACG_015,199
CGACACGAGCCCTAGCGACG_016,149
CGACACGAGCCCTAGCGACG_017,152
CGACACGAGCCCTAGCGACG_018,23
CGACACGAGCCCTAGCGACG_019,89
CGACACGAGCCCTAGCGACG_020,70
CGACACGAGCCCTAGCGACG_021,88
CGACACGAGCCCTAGCGACG_022,78
CGACACGAGCCCTAGCGACG_023,121
CGACACGAGCCCTAGCGACG_024,117
CGACACGAGCCCTAGCGACG_025,140
CGACACGAGCCCTAGCGACG_026,28
CGACACGAGCCCTAGCGACG_027,91
CGACACGAGCCCTAGCGACG_028,72
CGACACGAGCCCTAGCGACG_029,106
CGACACGAGCCCTAGCGACG_030,1
GAGAAGCGGTCCTCCACCGG_001,47
GAGAAGCGGTCCTCCACCGG_002,38
GAGAAGCGGTCCTCCACCGG_003,38
GAGAAGCGGTCCTCCACCGG_004,143
GAGAAGCGGTCCTCCACCGG_005,199
GAGAAGCGGTCCTCCACCGG_006,7
GAGAAGCGGTCCTCCACCGG_007,29
GAGAAGCGGTCCTCCACCGG_008,145
GAGAAGCGGTCCTCCACCGG_009,198
GAGAAGCGGTCCTCCACCGG_010,81
GAGAAGCGGTCCTCCACCGG_011,127
GAGAAGCGGTCCTCCACCGG_012,31
GAGAAGCGGTCCTCCACCGG_013,48
GAGAAGCGGTCCTCCACCGG_014,149
GAGAAGCGGTCCTCCACCGG_015,174
GAGAAGCGGTCCTCCACCGG_016,98
GAGAAGCGGTCCTCCACCGG_017,178
GAGAAGCGGTCCTCCACCGG_018,147
GAGAAGCGGTCCTCCACCGG_019,63
GAGAAGCGGTCCTCCACCGG_020,52
GAGAAGCGGTCCTCCACCGG_021,66
GAGAAGCGGTCCTCCACCGG_022,19
GAGAAGCGGTCCTCCACCGG_023,22
GAGAAGCGGTCCTCCACCGG_024,169
GAGAAGCGGTCCTCCACCGG_025,3
GAGAAGCGGTCCTCCACCGG_026,77
GAGAAGCGGTCCTCCACCGG_027,77
GAGAAGCGGTCCTCCACCGG_028,68
TGATACCGATGATGTTACTG_001,42
TGATACCGATGATGTTACTG_002,171
TGATACCGATGATGTTACTG_003,175
GAGATCATACGTGCTCGGTG_001,48
GAGATCATACGTGCTCGGTG_002,142
GAGATCATACGTGCTCGGTG_003,88
GAGATCATACGTGCTCGGTG_004,176
GAGATCATACGTGCTCGGTG_005,18
GAGATCATACGTGCTCGGTG_006,102
GAGATCATACGTGCTCGGTG_007,115
GAGATCATACGTGCTCGGTG_008,177
GAGATCATACGTGCTCGGTG_009,98
CAGGCACGAACCGATGCCCG_001,44
CAGGCACGAACCGATGCCCG_002,6
CAGGCACGAACCGATGCCCG_003,41
CAGGCACGAACCGATGCCCG_004,49
CAGGCACGAACCGATGCCCG_005,161
CAGGCACGAACCGATGCCCG_006,197
CAGGCACGAACCGATGCCCG_007,188
CAGGCACGAACCGATGCCCG_008,96
GCAGCGGTAGGAGTAACCAG_001,46
GCAGCGGTAGGAGTAACCAG_002,121
GCAGCGGTAGGAGTAACCAG_003,54
GCAGCGGTAGGAGTAACCAG_004,108
GCAGCGGTAGGAGTAACCAG_005,47
GCAGCGGTAGGAGTAACCAG_006,83
GCAGCGGTAGGAGTAACCAG_007,106
GCAGCGGTAGGAGTAACCAG_008,152
GCAGCGGTAGGAGTAACCAG_009,58
GCAGCGGTAGGAGTAACCAG_010,33
GCAGCGGTAGGAGTAACCAG_011,60
GCAGCGGTAGGAGTAACCAG_012,140
GCAGCGGTAGGAGTAACCAG_013,113
GCAGCGGTAGGAGTAACCAG_014,50
GCAGCGGTAGGAGTAACCAG_015,150
GCAGCGGTAGGAGTAACCAG_016,176
GCAGCGGTAGGAGTAACCAG_017,122
GCAGCGGTAGGAGTAACCAG_018,130
GCAGCGGTAGGAGTAACCAG_019,197
GCAGCGGTAGGAGTAACCAG_020,117
GCAGCGGTAGGAGTAACCAG_021,150
GCAGCGGTAGGAGTAACCAG_022,60
GCAGCGGTAGGAGTAACCAG_023,62
GCAGCGGTAGGAGTAACCAG_024,11
GCAGCGGTAGGAGTAACCAG_025,140
GCAGCGGTAGGAGTAACCAG_026,90
GCAGCGGTAGGAGTAACCAG_027,61
GCAGCGGTAGGAGTAACCAG_028,102
GCAGCGGTAGGAGTAACCAG_029,124
GCAGCGGTAGGAGTAACCAG_030,13
GGGTACTGGAGGCACATCCG_001,64
GGGTACTGGAGGCACATCCG_002,53
GGGTACTGGAGGCACATCCG_003,118
GGGTACTGGAGGCACATCCG_004,125
GGGTACTGGAGGCACATCCG_005,26
GGGTACTGGAGGCACATCCG_006,84
GGGTACTGGAGGCACATCCG_007,44
GGGTACTGGAGGCACATCCG_008,66
GGGTACTGGAGGCACATCCG_009,176
GGGTACTGGAGGCACATCCG_010,140
GGGTACTGGAGGCACATCCG_011,177
GGGTACTGGAGGCACATCCG_012,77
GGGTACTGGAGGCACATCCG_013,57
GGGTACTGGAGGCACATCCG_014,166
GGGTACTGGAGGCACATCCG_015,102
AAGTCAGCAGCATCAAAGCA_001,12
AAGTCAGCAGCATCAAAGCA_002,183
AAGTCAGCAGCATCAAAGCA_003,157
AAGTCAGCAGCATCAAAGCA_004,9
AAGTCAGCAGCATCAAAGCA_005,81
AAGTCAGCAGCATCAAAGCA_006,72
AAGTCAGCAGCATCAAAGCA_007,29
AAGTCAGCAGCATCAAAGCA_008,74
AAGTCAGCAGCATCAAAGCA_009,67
AAGTCAGCAGCATCAAAGCA_010,113
AAGTCAGCAGCATCAAAGCA_011,77
AAGTCAGCAGCATCAAAGCA_012,48
AAGTCAGCAGCATCAAAGCA_013,145
TCCTCGGGCTCACCGGGCTC_001,10
TCCTCGGGCTCACCGGGCTC_002,191
TCCTCGGGCTCACCGGGCTC_003,158
TCCTCGGGCTCACCGGGCTC_004,58
TCCTCGGGCTCACCGGGCTC_005,84
TCCTCGGGCTCACCGGGCTC_006,142
TCCTCGGGCTCACCGGGCTC_007,16
TCCTCGGGCTCACCGGGCTC_008,155
TCCTCGGGCTCACCGGGCTC_009,148
TCCTCGGGCTCACCGGGCTC_010,94
TCCTCGGGCTCACCGGGCTC_011,172
AAGGCATGGACACCCACTAA_001,51
AAGGCATGGACACCCACTAA_002,101
AAGGCATGGACACCCACTAA_003,48
AAGGCATGGACACCCACTAA_004,84
AAGGCATGGACACCCACTAA_005,147
AAGGCATGGACACCCACTAA_006,113
AAGGCATGGACACCCACTAA_007,96
AAGGCATGGACACCCACTAA_008,147
AAGGCATGGACACCCACTAA_009,69
AAGGCATGGACACCCACTAA_010,118
AAGGCATGGACACCCACTAA_011,19
AAGGCATGGACACCCACTAA_012,31
TGAAGACATCCTAACCATGG_001,88
TGAAGACATCCTAACCATGG_002,17
TGAAGACATCCTAACCATGG_003,138
GTGGCACTCCTAAATCGCAT_001,58
GTGGCACTCCTAAATCGCAT_002,42
GTGGCACTCCTAAATCGCAT_003,88
GTGGCACTCCTAAATCGCAT_004,107
GTGGCACTCCTAAATCGCAT_005,69
GTGGCACTCCTAAATCGCAT_006,102
CTAGTTGCTGGATACTTGCA_001,177
CTAGTTGCTGGATACTTGCA_002,126
TTGGCTGGAGGAATGTTACA_001,141
TTGGCTGGAGGAATGTTACA_002,29
TTGGCTGGAGGAATGTTACA_003,40
TTGGCTGGAGGAATGTTACA_004,75
TTGGCTGGAGGAATGTTACA_005,68
TTGGCTGGAGGAATGTTACA_006,53
TTGGCTGGAGGAATGTTACA_007,199
TTGGCTGGAGGAATGTTACA_008,178
TTGGCTGGAGGAATGTTACA_009,108
TTGGCTGGAGGAATGTTACA_010,197
ACAGTCATCTCGTCACCCAG_001,53
ACAGTCATCTCGTCACCCAG_002,68
ACAGTCATCTCGTCACCCAG_003,103
ACAGTCATCTCGTCACCCAG_004,35
ACAGTCATCTCGTCACCCAG_005,98
ACAGTCATCTCGTCACCCAG_006,32
ACAGTCATCTCGTCACCCAG_007,153
ACAGTCATCTCGTCACCCAG_008,37
TGGAAGACTTCTCCACCTCG_001,100
TGGAAGACTTCTCCACCTCG_002,94
TGGAAGACTTCTCCACCTCG_003,55
TGGAAGACTTCTCCACCTCG_004,160
TGGAAGACTTCTCCACCTCG_005,31
TGGAAGACTTCTCCACCTCG_006,168
TGGAAGACTTCTCCACCTCG_007,18
GGTGAAAGACTATGTGGCCA_001,29
TTTCTTAAGACGCTGCGCAG_001,88
TTTCTTAAGACGCTGCGCAG_002,102
TTTCTTAAGACGCTGCGCAG_003,137
TTTCTTAAGACGCTGCGCAG_004,58
TTTCTTAAGACGCTGCGCAG_005,17
TTTCTTAAGACGCTGCGCAG_006,52
TTTCTTAAGACGCTGCGCAG_007,152
TTTCTTAAGACGCTGCGCAG_008,77
TTTCTTAAGACGCTGCGCAG_009,147
TTTCTTAAGACGCTGCGCAG_010,192
TTTGGAACCATGCTACAAGA_001,195
TTTGGAACCATGCTACAAGA_002,132
TTTGGAACCATGCTACAAGA_003,125
TTTGGAACCATGCTACAAGA_004,15
TTTGGAACCATGCTACAAGA_005,146
TTTGGAACCATGCTACAAGA_006,33
TTTGGAACCATGCTACAAGA_007,4
ATTTGTTTGTTCTATCACAT_001,170
ATTTGTTTGTTCTATCACAT_002,141
ATTTGTTTGTTCTATCACAT_003,102
ATTTGTTTGTTCTATCACAT_004,149
ATTTGTTTGTTCTATCACAT_005,199
ATTTGTTTGTTCTATCACAT_006,104
ATTTGTTTGTTCTATCACAT_007,152
GGACAAACCCTATCCTGACT_001,92
GGACAAACCCTATCCTGACT_002,88
GGACAAACCCTATCCTGACT_003,169
GGACAAACCCTATCCTGACT_004,103
GGACAAACCCTATCCTGACT_005,46
GGACAAACCCTATCCTGACT_006,49
GGACAAACCCTATCCTGACT_007,88
GGCGGAAAGGGTCTAGGTAA_001,70
GGCGGAAAGGGTCTAGGTAA_002,118
GTATGAAAGAAACGAACCGG_001,90
GTATGAAAGAAACGAACCGG_002,93
GTATGAAAGAAACGAACCGG_003,158
GTATGAAAGAAACGAACCGG_004,127
GTATGAAAGAAACGAACCGG_005,60
GTATGAAAGAAACGAACCGG_006,91
TGCAGTACAGCAGTCAACCT_001,131
TGCAGTACAGCAGTCAACCT_002,147
TGGCGCGCAGGGCTATTGCG_001,159
TGGCGCGCAGGGCTATTGCG_002,151
TGGCGCGCAGGGCTATTGCG_003,140
TGGCGCGCAGGGCTATTGCG_004,151
TGGCGCGCAGGGCTATTGCG_005,9
TGGCGCGCAGGGCTATTGCG_006,29
TGGCGCGCAGGGCTATTGCG_007,82
TGGCGCGCAGGGCTATTGCG_008,98
TGGCGCGCAGGGCTATTGCG_009,187
GTCACCTTGGAATGCTGAGT_001,158
GTCACCTTGGAATGCTGAGT_002,170
GTCACCTTGGAATGCTGAGT_003,187
GTCACCTTGGAATGCTGAGT_004,45
GTCACCTTGGAATGCTGAGT_005,72
GTCACCTTGGAATGCTGAGT_006,147
GTCACCTTGGAATGCTGAGT_007,37
GCGTGATAAGAGGCTGGAGT_001,65
GCGTGATAAGAGGCTGGAGT_002,8
GCGTGATAAGAGGCTGGAGT_003,98
GCGTGATAAGAGGCTGGAGT_004,191
GCGTGATAAGAGGCTGGAGT_005,70
GCGTGATAAGAGGCTGGAGT_006,41
GCGTGATAAGAGGCTGGAGT_007,15
GCGTGATAAGAGGCTGGAGT_008,62
AGAACAATATGCCAGCAACA_001,150
AGAACAATATGCCAGCAACA_002,169
GGGACTTCTGCAGAAACTGA_001,188
GAGGTGTCAGAGAATTCCGC_001,43
GAGGTGTCAGAGAATTCCGC_002,120
GAGGTGTCAGAGAATTCCGC_003,67
GAGGTGTCAGAGAATTCCGC_004,81
GAGGTGTCAGAGAATTCCGC_005,25
GAGGTGTCAGAGAATTCCGC_006,19
GAGGTGTCAGAGAATTCCGC_007,81
GAGGTGTCAGAGAATTCCGC_008,129
GAGGTGTCAGAGAATTCCGC_009,107
GAGGTGTCAGAGAATTCCGC_010,199
GAGGTGTCAGAGAATTCCGC_011,177
CACGGAGGACTGGCAGCTCA_001,44
CACGGAGGACTGGCAGCTCA_002,148
CACGGAGGACTGGCAGCTCA_003,94
CACGGAGGACTGGCAGCTCA_004,184
CACGGAGGACTGGCAGCTCA_005,105
CACGGAGGACTGGCAGCTCA_006,112
CACGGAGGACTGGCAGCTCA_007,154
CACGGAGGACTGGCAGCTCA_008,174
CACGGAGGACTGGCAGCTCA_009,130
CACGGAGGACTGGCAGCTCA_010,48
CACGGAGGACTGGCAGCTCA_011,105
CACGGAGGACTGGCAGCTCA_012,177
CACGGAGGACTGGCAGCTCA_013,167
CACGGAGGACTGGCAGCTCA_014,105
CACGGAGGACTGGCAGCTCA_015,74
CACGGAGGACTGGCAGCTCA_016,198
CACGGAGGACTGGCAGCTCA_017,69
CACGGAGGACTGGCAGCTCA_018,87
CACGGAGGACTGGCAGCTCA_019,106
CACGGAGGACTGGCAGCTCA_020,197
CACGGAGGACTGGCAGCTCA_021,147
CACGGAGGACTGGCAGCTCA_022,141
CACGGAGGACTGGCAGCTCA_023,1
CACGGAGGACTGGCAGCTCA_024,78
CACGGAGGACTGGCAGCTCA_025,98
CACGGAGGACTGGCAGCTCA_026,122
CACGGAGGACTGGCAGCTCA_027,178
CACGGAGGACTGGCAGCTCA_028,148
CACGGAGGACTGGCAGCTCA_029,51
CACGGAGGACTGGCAGCTCA_030,60
CACGGAGGACTGGCAGCTCA_031,77
CACGGAGGACTGGCAGCTCA_032,28
CACGGAGGACTGGCAGCTCA_033,180
CACGGAGGACTGGCAGCTCA_034,4
CCCCCAAAGACAAATCCAGT_001,104
CCCCCAAAGACAAATCCAGT_002,181
CCCCCAAAGACAAATCCAGT_003,70
CCCCCAAAGACAAATCCAGT_004,92
CCCCCAAAGACAAATCCAGT_005,63
CCCCCAAAGACAAATCCAGT_006,187
CCCCCAAAGACAAATCCAGT_007,69
CCCCCAAAGACAAATCCAGT_008,106
CCCCCAAAGACAAATCCAGT_009,28
CCCCCAAAGACAAATCCAGT_010,149
AGGCCCCGTACTCACCGCTA_001,12
AGGCCCCGTACTCACCGCTA_002,49
AGGCCCCGTACTCACCGCTA_003,156
AGGCCCCGTACTCACCGCTA_004,157
AGGCCCCGTACTCACCGCTA_005,162
AGGCCCCGTACTCACCGCTA_006,152
GGGCTGTTCAGATCCAGTAG_001,127
GGGCTGTTCAGATCCAGTAG_002,177
GGGCTGTTCAGATCCAGTAG_003,147
CAAAACAAAAGTGATCCTCA_001,76
CAAAACAAAAGTGATCCTCA_002,163
CAAAACAAAAGTGATCCTCA_003,120
CAAAACAAAAGTGATCCTCA_004,35
CAAAACAAAAGTGATCCTCA_005,62
CAAAACAAAAGTGATCCTCA_006,149
CAAAACAAAAGTGATCCTCA_007,168
CAAAACAAAAGTGATCCTCA_008,76
CTCGGACCACATATTCAGGA_001,156
CTCGGACCACATATTCAGGA_002,157
CCGTGAGAGCGTCGTAACCA_001,169
CCGTGAGAGCGTCGTAACCA_002,174
CCGTGAGAGCGTCGTAACCA_003,185
CCGTGAGAGCGTCGTAACCA_004,76
CCGTGAGAGCGTCGTAACCA_005,81
CCGTGAGAGCGTCGTAACCA_006,54
CCGTGAGAGCGTCGTAACCA_007,114
CCGTGAGAGCGTCGTAACCA_008,191
CCGTGAGAGCGTCGTAACCA_009,95
CCGTGAGAGCGTCGTAACCA_010,145
CCGTGAGAGCGTCGTAACCA_011,16
CCGTGAGAGCGTCGTAACCA_012,131
CCGTGAGAGCGTCGTAACCA_013,151
CCGTGAGAGCGTCGTAACCA_014,52
CCGTGAGAGCGTCGTAACCA_015,198
GTTCCAGCCTTATATGCAGG_001,90
GTTCCAGCCTTATATGCAGG_002,94
GTTCCAGCCTTATATGCAGG_003,7
GTTCCAGCCTTATATGCAGG_004,33
TGCAAATACTCCTCGCACGG_001,94
TGCAAATACTCCTCGCACGG_002,69
TGCAAATACTCCTCGCACGG_003,19
ACAGCACACTTAAGGAACTG_001,149
ACAGCACACTTAAGGAACTG_002,121
ACAGCACACTTAAGGAACTG_003,21
ACAGCACACTTAAGGAACTG_004,94
ACAGCACACTTAAGGAACTG_005,28
ACAGCACACTTAAGGAACTG_006,194
ACAGCACACTTAAGGAACTG_007,162
ACAGCACACTTAAGGAACTG_008,19
ACAGCACACTTAAGGAACTG_009,37
ACAGCACACTTAAGGAACTG_010,151
ACAGCACACTTAAGGAACTG_011,48
ACAGCACACTTAAGGAACTG_012,29
ACAGCACACTTAAGGAACTG_013,34
ACAGCACACTTAAGGAACTG_014,91
AGCTGTCAAAGGCGACGCCG_001,143
AGCTGTCAAAGGCGACGCCG_002,143
AGCTGTCAAAGGCGACGCCG_003,146
AGCTGTCAAAGGCGACGCCG_004,156
AGCTGTCAAAGGCGACGCCG_005,127
AGCTGTCAAAGGCGACGCCG_006,169
AGCTGTCAAAGGCGACGCCG_007,183
AGCTGTCAAAGGCGACGCCG_008,37
AGCTGTCAAAGGCGACGCCG_009,68
AGCTGTCAAAGGCGACGCCG_010,179
AGCTGTCAAAGGCGACGCCG_011,174
AGCTGTCAAAGGCGACGCCG_012,41
AGCTGTCAAAGGCGACGCCG_013,89
AGCTGTCAAAGGCGACGCCG_014,131
AGCTGTCAAAGGCGACGCCG_015,131
AGCTGTCAAAGGCGACGCCG_016,72
AGCTGTCAAAGGCGACGCCG_017,179
AGCTGTCAAAGGCGACGCCG_018,13
AGCTGTCAAAGGCGACGCCG_019,152
AGCTGTCAAAGGCGACGCCG_020,178
AGCTGTCAAAGGCGACGCCG_021,91
CTCCGGGCGGTGTAAACACA_001,11
CTCCGGGCGGTGTAAACACA_002,194
CTCCGGGCGGTGTAAACACA_003,101
CTCCGGGCGGTGTAAACACA_004,19
TGGTCAACAAAAGCGCCATG_001,169
TGGTCAACAAAAGCGCCATG_002,176
TGGTCAACAAAAGCGCCATG_003,28
TGGTCAACAAAAGCGCCATG_004,130
TGGTCAACAAAAGCGCCATG_005,193
TGGTCAACAAAAGCGCCATG_006,159
TGGTCAACAAAAGCGCCATG_007,83
AAGCATGGCTGGCTGTACAA_001,199
AAGCATGGCTGGCTGTACAA_002,175
AAGCATGGCTGGCTGTACAA_003,150
AAGCATGGCTGGCTGTACAA_004,94
AAGCATGGCTGGCTGTACAA_005,158
AAGCATGGCTGGCTGTACAA_006,105
AAGCATGGCTGGCTGTACAA_007,62
AAGCATGGCTGGCTGTACAA_008,98
AAGCATGGCTGGCTGTACAA_009,43
AAGCATGGCTGGCTGTACAA_010,192
AAGCATGGCTGGCTGTACAA_011,132
AAGCATGGCTGGCTGTACAA_012,19
AAGCATGGCTGGCTGTACAA_013,177
AAGCATGGCTGGCTGTACAA_014,136
AAGCATGGCTGGCTGTACAA_015,62
AAGCATGGCTGGCTGTACAA_016,72
CTCACCGGACAGGATAACTG_001,23
CTCACCGGACAGGATAACTG_002,36
CTCACCGGACAGGATAACTG_003,199
GTTCCCGGACATCATCGCAA_001,37
GTTCCCGGACATCATCGCAA_002,105
GTTCCCGGACATCATCGCAA_003,137
GTTCCCGGACATCATCGCAA_004,119
GTTCCCGGACATCATCGCAA_005,53
GTTCCCGGACATCATCGCAA_006,146
GTTCCCGGACATCATCGCAA_007,123
GTTCCCGGACATCATCGCAA_008,74
GTTCCCGGACATCATCGCAA_009,108
GTTCCCGGACATCATCGCAA_010,169
GTTCCCGGACATCATCGCAA_011,128
GTTCCCGGACATCATCGCAA_012,115
GTTCCCGGACATCATCGCAA_013,130
GTTCCCGGACATCATCGCAA_014,127
GTTCCCGGACATCATCGCAA_015,47
GTTCCCGGACATCATCGCAA_016,134
GTTCCCGGACATCATCGCAA_017,103
GTTCCCGGACATCATCGCAA_018,12
GTTCCCGGACATCATCGCAA_019,83
GTTCCCGGACATCATCGCAA_020,96
GTTCCCGGACATCATCGCAA_021,76
GTTCCCGGACATCATCGCAA_022,171
GTCTCGCTTTAGATCAACTG_001,152
GTCTCGCTTTAGATCAACTG_002,191
GTCTCGCTTTAGATCAACTG_003,75
GTCTCGCTTTAGATCAACTG_004,68
GTCTCGCTTTAGATCAACTG_005,51
GTCTCGCTTTAGATCAACTG_006,147
GTCTCGCTTTAGATCAACTG_007,98
GTCTCGCTTTAGATCAACTG_008,115
GTCTCGCTTTAGATCAACTG_009,94
GCTGGGAATTCACCAGCTCG_001,85
GGAAACTCGGTTAAAAGGTG_001,115
GGAAACTCGGTTAAAAGGTG_002,57
TCAGAAAATGCAGAAAACGC_001,163
TCAGAAAATGCAGAAAACGC_002,60
TCAGAAAATGCAGAAAACGC_003,75
TCAGAAAATGCAGAAAACGC_004,111
TCAGAAAATGCAGAAAACGC_005,47
TCAGAAAATGCAGAAAACGC_006,177
TCAGAAAATGCAGAAAACGC_007,35
TGTGGACCAACTTCTGAAAG_001,7
TGTGGACCAACTTCTGAAAG_002,113
TGTGGACCAACTTCTGAAAG_003,190
TGTGGACCAACTTCTGAAAG_004,123
TGTGGACCAACTTCTGAAAG_005,48
TGTGGACCAACTTCTGAAAG_006,50
TGTGGACCAACTTCTGAAAG_007,57
ACTCACCCACTTGCAACACG_001,5
ACTCACCCACTTGCAACACG_002,7
ACTCACCCACTTGCAACACG_003,27
ACTCACCCACTTGCAACACG_004,109
ACTCACCCACTTGCAACACG_005,114
ACTCACCCACTTGCAACACG_006,69
ACTCACCCACTTGCAACACG_007,45
ACTCACCCACTTGCAACACG_008,180
ACTCACCCACTTGCAACACG_009,166
ACTCACCCACTTGCAACACG_010,16
ACTCACCCACTTGCAACACG_011,29
ACTCACCCACTTGCAACACG_012,76
ACTCACCCACTTGCAACACG_013,8
ACTCACCCACTTGCAACACG_014,50
ACTCACCCACTTGCAACACG_015,178
ACTCACCCACTTGCAACACG_016,117
ACTCACCCACTTGCAACACG_017,91
ACTCACCCACTTGCAACACG_018,96
ACTCACCCACTTGCAACACG_019,17
ACTCACCCACTTGCAACACG_020,75
ACTCACCCACTTGCAACACG_021,184
ACTCACCCACTTGCAACACG_022,180
ACTCACCCACTTGCAACACG_023,106
ACTCACCCACTTGCAACACG_024,49
ACTCACCCACTTGCAACACG_025,34
CCAGCAACAGAAGCCTGTGA_001,105
CCAGCAACAGAAGCCTGTGA_002,13
CCAGCAACAGAAGCCTGTGA_003,191
CCAGCAACAGAAGCCTGTGA_004,147
CCAGCAACAGAAGCCTGTGA_005,1
CCAGCAACAGAAGCCTGTGA_006,178
CCAGCAACAGAAGCCTGTGA_007,40
CCAGCAACAGAAGCCTGTGA_008,127
CCAGCAACAGAAGCCTGTGA_009,39
GATGATTGTGAATATAAACG_001,83
CCAGCACTATGAGAATAGTG_001,162
CCAGCACTATGAGAATAGTG_002,72
CCAGCACTATGAGAATAGTG_003,194
CCAGCACTATGAGAATAGTG_004,149
CCAGCACTATGAGAATAGTG_005,144
CCAGCACTATGAGAATAGTG_006,175
CCAGCACTATGAGAATAGTG_007,43
GGGCGAAGGCAAAATAGCGG_001,102
GGGCGAAGGCAAAATAGCGG_002,97
GGGCGAAGGCAAAATAGCGG_003,191
GGGCGAAGGCAAAATAGCGG_004,48
GGGCGAAGGCAAAATAGCGG_005,19
GGGCGAAGGCAAAATAGCGG_006,83
GGGCGAAGGCAAAATAGCGG_007,68
GGGCGAAGGCAAAATAGCGG_008,74
GGGCGAAGGCAAAATAGCGG_009,175
GGGCGAAGGCAAAATAGCGG_010,82
GGGCGAAGGCAAAATAGCGG_011,59
GCGCTTACCCGAGAGCAGAG_001,99
GCGCTTACCCGAGAGCAGAG_002,62
GCGCTTACCCGAGAGCAGAG_003,141
GCGCTTACCCGAGAGCAGAG_004,192
GCGCTTACCCGAGAGCAGAG_005,36
GCGCTTACCCGAGAGCAGAG_006,135
AGCATAAACCTTGTCCCCCG_001,137
AGCATAAACCTTGTCCCCCG_002,162
AGCATAAACCTTGTCCCCCG_003,12
AGCATAAACCTTGTCCCCCG_004,95
AGCATAAACCTTGTCCCCCG_005,17
AGCATAAACCTTGTCCCCCG_006,19
GTGTAATAACAACATCTCCG_001,171
GTGTAATAACAACATCTCCG_002,45
GTGTAATAACAACATCTCCG_003,42
GTGTAATAACAACATCTCCG_004,127
GTGTAATAACAACATCTCCG_005,60
GTGTAATAACAACATCTCCG_006,2
GTGTAATAACAACATCTCCG_007,108
CCAAAGGAAGATTCCCGCCA_001,177
CCAAAGGAAGATTCCCGCCA_002,37
AGGCAGCCCGTAAATTCATG_001,184
AGGCAGCCCGTAAATTCATG_002,148
AGGCAGCCCGTAAATTCATG_003,115
AGGCAGCCCGTAAATTCATG_004,60
AGGCAGCCCGTAAATTCATG_005,62
AGGCAGCCCGTAAATTCATG_006,105
AGGCAGCCCGTAAATTCATG_007,19
AGGCAGCCCGTAAATTCATG_008,19
AGGCAGCCCGTAAATTCATG_009,21
AGGCAGCCCGTAAATTCATG_010,63
AGGCAGCCCGTAAATTCATG_011,19
AGGCAGCCCGTAAATTCATG_012,98
AGGCAGCCCGTAAATTCATG_013,116
AGGCAGCCCGTAAATTCATG_014,13
AGGCAGCCCGTAAATTCATG_015,41
AGGCAGCCCGTAAATTCATG_016,113
AGGCAGCCCGTAAATTCATG_017,141
AGGCAGCCCGTAAATTCATG_018,83
AGGCAGCCCGTAAATTCATG_019,31
AGGCAGCCCGTAAATTCATG_020,150
AGGCAGCCCGTAAATTCATG_021,152
AGGCAGCCCGTAAATTCATG_022,26
AGGCAGCCCGTAAATTCATG_023,169
AGGCAGCCCGTAAATTCATG_024,142
AGGCAGCCCGTAAATTCATG_025,175
AGGCAGCCCGTAAATTCATG_026,81
AGGCAGCCCGTAAATTCATG_027,81
AGGCAGCCCGTAAATTCATG_028,172
AGGCAGCCCGTAAATTCATG_029,79
AGGCAGCCCGTAAATTCATG_030,22
AGGCAGCCCGTAAATTCATG_031,168
AGGCAGCCCGTAAATTCATG_032,47
AGGCAGCCCGTAAATTCATG_033,121
CGAGCGCAAACTTTACTCTG_001,62
CGAGCGCAAACTTTACTCTG_002,26
CGAGCGCAAACTTTACTCTG_003,44
CGAGCGCAAACTTTACTCTG_004,147
CGAGCGCAAACTTTACTCTG_005,176
CGAGCGCAAACTTTACTCTG_006,6
CGAGCGCAAACTTTACTCTG_007,77
CGAGCGCAAACTTTACTCTG_008,115
CGAGCGCAAACTTTACTCTG_009,28
CGAGCGCAAACTTTACTCTG_010,78
CGAGCGCAAACTTTACTCTG_011,49
CGAGCGCAAACTTTACTCTG_012,77
CGAGCGCAAACTTTACTCTG_013,92
CTGAAACAGTTGTTACCCGT_001,142
CTGAAACAGTTGTTACCCGT_002,58
CTGAAACAGTTGTTACCCGT_003,65
CTGAAACAGTTGTTACCCGT_004,111
CTGAAACAGTTGTTACCCGT_005,3
CTGAAACAGTTGTTACCCGT_006,140
TGGGCCAGGGACAATCATCG_001,171
TGGGCCAGGGACAATCATCG_002,150
TGGGCCAGGGACAATCATCG_003,118
TGGGCCAGGGACAATCATCG_004,158
TGGGCCAGGGACAATCATCG_005,104
TGGGCCAGGGACAATCATCG_006,174
TGGGCCAGGGACAATCATCG_007,0
ACCGACGGTCCAAAGAACGC_001,17
ACCGACGGTCCAAAGAACGC_002,60
ACCGACGGTCCAAAGAACGC_003,162
ACCGACGGTCCAAAGAACGC_004,29
ACCGACGGTCCAAAGAACGC_005,46
ACCGACGGTCCAAAGAACGC_006,129
ACCGACGGTCCAAAGAACGC_007,151
ACCGACGGTCCAAAGAACGC_008,49
GGGTGATAACGGCCACACCT_001,70
GGGTGATAACGGCCACACCT_002,197
GGGTGATAACGGCCACACCT_003,198
GGGTGATAACGGCCACACCT_004,175
GGGTGATAACGGCCACACCT_005,175
GGGTGATAACGGCCACACCT_006,177
GGGTGATAACGGCCACACCT_007,102
GGGTGATAACGGCCACACCT_008,170
GGGTGATAACGGCCACACCT_009,8
GGGTGATAACGGCCACACCT_010,13
GGGTGATAACGGCCACACCT_011,69
TTCAGATGACAGTCCCAGGT_001,66
TTCAGATGACAGTCCCAGGT_002,99
TTCAGATGACAGTCCCAGGT_003,168
TTCAGATGACAGTCCCAGGT_004,199
TTCAGATGACAGTCCCAGGT_005,10
TTCAGATGACAGTCCCAGGT_006,102
TTCAGATGACAGTCCCAGGT_007,152
TTCAGATGACAGTCCCAGGT_008,193
GGACACGCACCAGATACCGC_001,198
GGACACGCACCAGATACCGC_002,168
GGACACGCACCAGATACCGC_003,135
GGACACGCACCAGATACCGC_004,199
GGACACGCACCAGATACCGC_005,12
GGACACGCACCAGATACCGC_006,10
GGACACGCACCAGATACCGC_007,150
GGACACGCACCAGATACCGC_008,144
GGACACGCACCAGATACCGC_009,45
GGACACGCACCAGATACCGC_010,89
GGACACGCACCAGATACCGC_011,20
GGACACGCACCAGATACCGC_012,100
GGACACGCACCAGATACCGC_013,145
GGACACGCACCAGATACCGC_014,80
GGACACGCACCAGATACCGC_015,2
GGACACGCACCAGATACCGC_016,78
GGACACGCACCAGATACCGC_017,63
GGACACGCACCAGATACCGC_018,64
GGTGGTGTCCCTGTATGCGG_001,170
GGTGGTGTCCCTGTATGCGG_002,106
GGTGGTGTCCCTGTATGCGG_003,154
GGTGGTGTCCCTGTATGCGG_004,129
GGTGGTGTCCCTGTATGCGG_005,48
GGTGGTGTCCCTGTATGCGG_006,150
GGTGGTGTCCCTGTATGCGG_007,56
GGTGGTGTCCCTGTATGCGG_008,8
GGTGGTGTCCCTGTATGCGG_009,32
GGTGGTGTCCCTGTATGCGG_010,84
GGTGGTGTCCCTGTATGCGG_011,44
GGTGGTGTCCCTGTATGCGG_012,37
GGTGGTGTCCCTGTATGCGG_013,94
TACGGGTGTCTCCATCTTGC_001,58
TACGGGTGTCTCCATCTTGC_002,128
AGATGAAGCTCATAACATCG_001,119
AGATGAAGCTCATAACATCG_002,11
ACAGTACCGGATGTCACAGG_001,183
ACAGTACCGGATGTCACAGG_002,129
ACAGTACCGGATGTCACAGG_003,97
ACAGTACCGGATGTCACAGG_004,15
ACAGTACCGGATGTCACAGG_005,43
ACAGTACCGGATGTCACAGG_006,175
ACAGTACCGGATGTCACAGG_007,95
AGTGTGGACTTACCGTAATT_001,162
AGTGTGGACTTACCGTAATT_002,32
AGTGTGGACTTACCGTAATT_003,193
AGTGTGGACTTACCGTAATT_004,105
AGTGTGGACTTACCGTAATT_005,15
GAAGTGTTACACCTTCAACG_001,176
GAAGTGTTACACCTTCAACG_002,133
GAAGTGTTACACCTTCAACG_003,62
GAAGTGTTACACCTTCAACG_004,27
ATGAACTGAGCTATCTCGAG_001,48
CCAGCTCTGGACCTTTGACT_001,172
CCAGCTCTGGACCTTTGACT_002,32
CCAGCTCTGGACCTTTGACT_003,149
CCAGCTCTGGACCTTTGACT_004,149
CCAGCTCTGGACCTTTGACT_005,172
CCAGCTCTGGACCTTTGACT_006,47
CCAGCTCTGGACCTTTGACT_007,68
CCAGCTCTGGACCTTTGACT_008,166
CCAGCTCTGGACCTTTGACT_009,158
CCAGCTCTGGACCTTTGACT_010,14
CCAGCTCTGGACCTTTGACT_011,10
TGACATTCGTATATAGCTCA_001,82
TGGAAGCCCAGATGGAACAA_001,48
TGGAAGCCCAGATGGAACAA_002,52
TGGAAGCCCAGATGGAACAA_003,53
TGGAAGCCCAGATGGAACAA_004,160
TGGAAGCCCAGATGGAACAA_005,147
TGGAAGCCCAGATGGAACAA_006,121
TGGAAGCCCAGATGGAACAA_007,58
TGGAAGCCCAGATGGAACAA_008,98
TGGAAGCCCAGATGGAACAA_009,80
TGGAAGCCCAGATGGAACAA_010,42
TGGAAGCCCAGATGGAACAA_011,47
TGGAAGCCCAGATGGAACAA_012,83
TGGAAGCCCAGATGGAACAA_013,41
TGGAAGCCCAGATGGAACAA_014,2
TGGAAGCCCAGATGGAACAA_015,58
TGGAAGCCCAGATGGAACAA_016,130
TGGAAGCCCAGATGGAACAA_017,17
TGGAAGCCCAGATGGAACAA_018,105
TGGAAGCCCAGATGGAACAA_019,199
TGGAAGCCCAGATGGAACAA_020,77
TGGAAGCCCAGATGGAACAA_021,81
TGGAAGCCCAGATGGAACAA_022,4
TGGAAGCCCAGATGGAACAA_023,3
TGGAAGCCCAGATGGAACAA_024,115
TGGAAGCCCAGATGGAACAA_025,0
TTAGCATGTTGTAATGCAGT_001,146
TTAGCATGTTGTAATGCAGT_002,118
CCTGACAATGAGACCGACTG_001,13
CCTGACAATGAGACCGACTG_002,154
CCTGACAATGAGACCGACTG_003,58
CCTGACAATGAGACCGACTG_004,191
CCTGACAATGAGACCGACTG_005,77
CCTGACAATGAGACCGACTG_006,42
CCTGACAATGAGACCGACTG_007,198
CCTGACAATGAGACCGACTG_008,11
CCTGACAATGAGACCGACTG_009,82
CCTGACAATGAGACCGACTG_010,169
CCTGACAATGAGACCGACTG_011,73
CCTGACAATGAGACCGACTG_012,51
CCTGACAATGAGACCGACTG_013,85
CCTGACAATGAGACCGACTG_014,80
CCTGACAATGAGACCGACTG_015,150
CCTGACAATGAGACCGACTG_016,33
CCTGACAATGAGACCGACTG_017,157
CCTGACAATGAGACCGACTG_018,76
CCTGACAATGAGACCGACTG_019,134
CCTGACAATGAGACCGACTG_020,127
CCTGACAATGAGACCGACTG_021,145
CCTGACAATGAGACCGACTG_022,78
CCTGACAATGAGACCGACTG_023,175
CCTGACAATGAGACCGACTG_024,105
CCTGACAATGAGACCGACTG_025,41
CCTGACAATGAGACCGACTG_026,20
CCTGACAATGAGACCGACTG_027,32
CCTGACAATGAGACCGACTG_028,108
CCTGACAATGAGACCGACTG_029,149
CCTGACAATGAGACCGACTG_030,138
CCTGACAATGAGACCGACTG_031,41
CCTGACAATGAGACCGACTG_032,66
CCTGACAATGAGACCGACTG_033,66
CCTGACAATGAGACCGACTG_034,63
CCTGACAATGAGACCGACTG_035,142
CCTGACAATGAGACCGACTG_036,48
CCTGACAATGAGACCGACTG_037,162
CCTGACAATGAGACCGACTG_038,130
CCTGACAATGAGACCGACTG_039,0
TAGTACGGCTGTAAGAATTG_001,150
TAGTACGGCTGTAAGAATTG_002,40
TAGTACGGCTGTAAGAATTG_003,134
TAGTACGGCTGTAAGAATTG_004,134
AGCGTCACCGAAAAGTGCTG_001,8
AGCGTCACCGAAAAGTGCTG_002,70
AGCGTCACCGAAAAGTGCTG_003,127
AGCGTCACCGAAAAGTGCTG_004,52
AGCGTCACCGAAAAGTGCTG_005,130
GAGAAAAGCCACTCACTGCA_001,8
GAGAAAAGCCACTCACTGCA_002,28
GAGAAAAGCCACTCACTGCA_003,12
GAGAAAAGCCACTCACTGCA_004,94
GAGAAAAGCCACTCACTGCA_005,75
GAGAAAAGCCACTCACTGCA_006,94
GAGAAAAGCCACTCACTGCA_007,19
GAGAAAAGCCACTCACTGCA_008,74
CAGCCAACGCTATATCCCAG_001,119
CAACAAGATCACGCACGAAG_001,102
CAACAAGATCACGCACGAAG_002,131
CAACAAGATCACGCACGAAG_003,111
CAACAAGATCACGCACGAAG_004,153
TGATGGGTCCATGATAACCG_001,121
TGATGGGTCCATGATAACCG_002,134
TGATGGGTCCATGATAACCG_003,105
TGATGGGTCCATGATAACCG_004,117
GCGTGGGTAGGCAGCGACAC_001,60
GCGTGGGTAGGCAGCGACAC_002,13
GGCCAGCGGGTCATACTCAG_001,88
GGCCAGCGGGTCATACTCAG_002,17
GGCCAGCGGGTCATACTCAG_003,46
GGCCAGCGGGTCATACTCAG_004,169
GGCCAGCGGGTCATACTCAG_005,33
GGCCAGCGGGTCATACTCAG_006,117
GGCCAGCGGGTCATACTCAG_007,104
GGCCAGCGGGTCATACTCAG_008,46
GGCCAGCGGGTCATACTCAG_009,21
GGCCAGCGGGTCATACTCAG_010,168
GGCCAGCGGGTCATACTCAG_011,87
GGCCAGCGGGTCATACTCAG_012,0
GGCCAGCGGGTCATACTCAG_013,88
GGCCAGCGGGTCATACTCAG_014,28
GGCCAGCGGGTCATACTCAG_015,131
GGCCAGCGGGTCATACTCAG_016,148
GGCCAGCGGGTCATACTCAG_017,140
GGCCAGCGGGTCATACTCAG_018,67
GGCCAGCGGGTCATACTCAG_019,150
TGCCACTCTGGTCATCGCTG_001,1
TGCCACTCTGGTCATCGCTG_002,49
TGCCACTCTGGTCATCGCTG_003,91
TGCCACTCTGGTCATCGCTG_004,97
TGCCACTCTGGTCATCGCTG_005,76
TGCCACTCTGGTCATCGCTG_006,196
TGCCACTCTGGTCATCGCTG_007,1
TGCCACTCTGGTCATCGCTG_008,87
TGCCACTCTGGTCATCGCTG_009,166
TGCCACTCTGGTCATCGCTG_010,2
TGCCACTCTGGTCATCGCTG_011,29
ATGTTGGAACTGGACTGGTG_001,50
ATGTTGGAACTGGACTGGTG_002,146
ATGTTGGAACTGGACTGGTG_003,146
ATGTTGGAACTGGACTGGTG_004,62
ATGTTGGAACTGGACTGGTG_005,41
ATGTTGGAACTGGACTGGTG_006,26
ATGTTGGAACTGGACTGGTG_007,68
ATGTTGGAACTGGACTGGTG_008,3
ATGTTGGAACTGGACTGGTG_009,147
ATGTTGGAACTGGACTGGTG_010,89
ACTAGCAGTGTCCTTCTACG_001,15
ACTAGCAGTGTCCTTCTACG_002,145
ACTAGCAGTGTCCTTCTACG_003,191
ACTAGCAGTGTCCTTCTACG_004,64
CTGGCAGGCGTACTGCACAA_001,10
CTGGCAGGCGTACTGCACAA_002,172
CTGGCAGGCGTACTGCACAA_003,2
CTGGCAGGCGTACTGCACAA_004,150
CTGGCAGGCGTACTGCACAA_005,199
CTGGCAGGCGTACTGCACAA_006,144
TCCGTGAGCAACATGAACGC_001,77
TCCGTGAGCAACATGAACGC_002,21
TCCGTGAGCAACATGAACGC_003,52
TCCGTGAGCAACATGAACGC_004,169
TCCGTGAGCAACATGAACGC_005,80
TCCGTGAGCAACATGAACGC_006,115
TCCGTGAGCAACATGAACGC_007,130
TCCGTGAGCAACATGAACGC_008,197
TCCGTGAGCAACATGAACGC_009,44
TCCGTGAGCAACATGAACGC_010,124
TCCGTGAGCAACATGAACGC_011,40
TCCGTGAGCAACATGAACGC_012,181
TCCGTGAGCAACATGAACGC_013,157
TCCGTGAGCAACATGAACGC_014,157
TCCGTGAGCAACATGAACGC_015,41
TCCGTGAGCAACATGAACGC_016,180
TCCGTGAGCAACATGAACGC_017,142
GGCATGGTTCACTCTCGTGG_001,70
GGCATGGTTCACTCTCGTGG_002,121
GGCATGGTTCACTCTCGTGG_003,107
GGCATGGTTCACTCTCGTGG_004,166
GCATCCGAGGACGTTCCATC_001,34
GCATCCGAGGACGTTCCATC_002,43
GCATCCGAGGACGTTCCATC_003,158
GCATCCGAGGACGTTCCATC_004,135
GCATCCGAGGACGTTCCATC_005,172
TCCTACTACGTGTAAGCGAT_001,39
TCCTACTACGTGTAAGCGAT_002,166
TCCTACTACGTGTAAGCGAT_003,1
TCCTACTACGTGTAAGCGAT_004,34
TCCTACTACGTGTAAGCGAT_005,112
TCCTACTACGTGTAAGCGAT_006,192
TCCTACTACGTGTAAGCGAT_007,194
TCCTACTACGTGTAAGCGAT_008,62
TCCTACTACGTGTAAGCGAT_009,39
TCCTACTACGTGTAAGCGAT_010,180
TCCTACTACGTGTAAGCGAT_011,75
TGCAGTGATAGATTCTGGTG_001,60
TGCAGTGATAGATTCTGGTG_002,93
TGCAGTGATAGATTCTGGTG_003,16
TGCAGTGATAGATTCTGGTG_004,172
TGCAGTGATAGATTCTGGTG_005,35
TGCAGTGATAGATTCTGGTG_006,127
TGCAGTGATAGATTCTGGTG_007,41
TGCAGTGATAGATTCTGGTG_008,179
TGCAGTGATAGATTCTGGTG_009,124
TGCAGTGATAGATTCTGGTG_010,178
TGCAGTGATAGATTCTGGTG_011,80
CAGACCAAGATTCCCCACCA_001,6
CAGACCAAGATTCCCCACCA_002,172
CAGACCAAGATTCCCCACCA_003,75
CAGACCAAGATTCCCCACCA_004,186
CAGACCAAGATTCCCCACCA_005,141
CAGACCAAGATTCCCCACCA_006,15
CAGACCAAGATTCCCCACCA_007,67
CAGACCAAGATTCCCCACCA_008,38
CAGACCAAGATTCCCCACCA_009,102
CAGACCAAGATTCCCCACCA_010,199
CAGACCAAGATTCCCCACCA_011,39
CAGACCAAGATTCCCCACCA_012,115
CAGACCAAGATTCCCCACCA_013,116
AAAAAACTTGTATCAGCTGT_001,85
AAAAAACTTGTATCAGCTGT_002,140
AAGCTAGTGAGCATCACCCG_001,70
AAGCTAGTGAGCATCACCCG_002,167
AAGCTAGTGAGCATCACCCG_003,121
AAGCTAGTGAGCATCACCCG_004,162
AAGCTAGTGAGCATCACCCG_005,145
AAGCTAGTGAGCATCACCCG_006,140
AAGCTAGTGAGCATCACCCG_007,52
AGAATGATGGGACGTTGCAT_001,15
AGAATGATGGGACGTTGCAT_002,183
AGAATGATGGGACGTTGCAT_003,22
AGAATGATGGGACGTTGCAT_004,127
AGAATGATGGGACGTTGCAT_005,60
AGAATGATGGGACGTTGCAT_006,65
AGAATGATGGGACGTTGCAT_007,144
AGAATGATGGGACGTTGCAT_008,34
AGAATGATGGGACGTTGCAT_009,62
AGAATGATGGGACGTTGCAT_010,151
AGAATGATGGGACGTTGCAT_011,163
AGAATGATGGGACGTTGCAT_012,70
AGAATGATGGGACGTTGCAT_013,3
CAATGCGGCTAGTGTAGAAG_001,187
CAATGCGGCTAGTGTAGAAG_002,166
CAATGCGGCTAGTGTAGAAG_003,132
CAATGCGGCTAGTGTAGAAG_004,107
CAATGCGGCTAGTGTAGAAG_005,98
CAATGCGGCTAGTGTAGAAG_006,97
CAATGCGGCTAGTGTAGAAG_007,61
CAATGCGGCTAGTGTAGAAG_008,168
CAATGCGGCTAGTGTAGAAG_009,127
CAATGCGGCTAGTGTAGAAG_010,180
CAATGCGGCTAGTGTAGAAG_011,155
CAATGCGGCTAGTGTAGAAG_012,62
CAATGCGGCTAGTGTAGAAG_013,147
CAATGCGGCTAGTGTAGAAG_014,10
AGTAGACTGTACAGAGACAC_001,160
AGTAGACTGTACAGAGACAC_002,198
AGTAGACTGTACAGAGACAC_003,153
AGTAGACTGTACAGAGACAC_004,191
CCCCAGTTAGAGCACACGGG_001,175
CCCCAGTTAGAGCACACGGG_002,11
CCCCAGTTAGAGCACACGGG_003,93
CCCCAGTTAGAGCACACGGG_004,63
CCCCAGTTAGAGCACACGGG_005,98
CCCCAGTTAGAGCACACGGG_006,8
GTTGCCCAGGAACCCCACCA_001,168
GTTGCCCAGGAACCCCACCA_002,102
GTTGCCCAGGAACCCCACCA_003,39
GTTGCCCAGGAACCCCACCA_004,148
GTTGCCCAGGAACCCCACCA_005,77
GTTGCCCAGGAACCCCACCA_006,100
GTTGCCCAGGAACCCCACCA_007,15
GTTGCCCAGGAACCCCACCA_008,48
GTTGCCCAGGAACCCCACCA_009,149
GTTGCCCAGGAACCCCACCA_010,2
GTTGCCCAGGAACCCCACCA_011,172
GTTGCCCAGGAACCCCACCA_012,55
GTTGCCCAGGAACCCCACCA_013,96
GTTGCCCAGGAACCCCACCA_014,158
GTTGCCCAGGAACCCCACCA_015,177
GTTGCCCAGGAACCCCACCA_016,119
GTTGCCCAGGAACCCCACCA_017,116
GTTGCCCAGGAACCCCACCA_018,26
GTTGCCCAGGAACCCCACCA_019,24
GTTGCCCAGGAACCCCACCA_020,143
GTTGCCCAGGAACCCCACCA_021,157
GTTGCCCAGGAACCCCACCA_022,58
GTTGCCCAGGAACCCCACCA_023,139
GTTGCCCAGGAACCCCACCA_024,13
GTTGCCCAGGAACCCCACCA_025,162
GTTGCCCAGGAACCCCACCA_026,160
GTTGCCCAGGAACCCCACCA_027,40
GTTGCCCAGGAACCCCACCA_028,169
GTTGCCCAGGAACCCCACCA_029,105
GTTGCCCAGGAACCCCACCA_030,8
GTTGCCCAGGAACCCCACCA_031,8
GTTGCCCAGGAACCCCACCA_032,145
GTTGCCCAGGAACCCCACCA_033,132
GTTGCCCAGGAACCCCACCA_034,78
GTTGCCCAGGAACCCCACCA_035,104
GTTGCCCAGGAACCCCACCA_036,178
GTTGCCCAGGAACCCCACCA_037,100
GTTGCCCAGGAACCCCACCA_038,141
GTTGCCCAGGAACCCCACCA_039,76
GTTGCCCAGGAACCCCACCA_040,149
GTTGCCCAGGAACCCCACCA_041,62
GTTGCCCAGGAACCCCACCA_042,62
GTTGCCCAGGAACCCCACCA_043,177
GTTGCCCAGGAACCCCACCA_044,37
GTTGCCCAGGAACCCCACCA_045,37
GTTGCCCAGGAACCCCACCA_046,46
GTTGCCCAGGAACCCCACCA_047,165
GTTGCCCAGGAACCCCACCA_048,194
GTTGCCCAGGAACCCCACCA_049,61
GTTGCCCAGGAACCCCACCA_050,20
GGAAGTGGATGTCGCCAAGG_001,166
GGAAGTGGATGTCGCCAAGG_002,52
GGAAGTGGATGTCGCCAAGG_003,41
GGAAGTGGATGTCGCCAAGG_004,104
GGAAGTGGATGTCGCCAAGG_005,170
GGAAGTGGATGTCGCCAAGG_006,136
GGAAGTGGATGTCGCCAAGG_007,188
GGAAGTGGATGTCGCCAAGG_008,159
GGAAGTGGATGTCGCCAAGG_009,3
GGAAGTGGATGTCGCCAAGG_010,116
GGAAGTGGATGTCGCCAAGG_011,115
GGAAGTGGATGTCGCCAAGG_012,175
GGAAGTGGATGTCGCCAAGG_013,160
GGAAGTGGATGTCGCCAAGG_014,58
GGAAGTGGATGTCGCCAAGG_015,108
GGAAGTGGATGTCGCCAAGG_016,40
GGAAGTGGATGTCGCCAAGG_017,68
GGAAGTGGATGTCGCCAAGG_018,15
TAGCGCCCACAGGTCCACAA_001,194
TAGCGCCCACAGGTCCACAA_002,46
TAGCGCCCACAGGTCCACAA_003,72
TAGCGCCCACAGGTCCACAA_004,12
TAGCGCCCACAGGTCCACAA_005,169
TAGCGCCCACAGGTCCACAA_006,144
TAGCGCCCACAGGTCCACAA_007,48
TAGCGCCCACAGGTCCACAA_008,56
TAGCGCCCACAGGTCCACAA_009,1
TAGCGCCCACAGGTCCACAA_010,177
TAGCGCCCACAGGTCCACAA_011,0
TAGCGCCCACAGGTCCACAA_012,148
TAGCGCCCACAGGTCCACAA_013,105
TAGCGCCCACAGGTCCACAA_014,121
TAGCGCCCACAGGTCCACAA_015,198
TAGCGCCCACAGGTCCACAA_016,172
TAGCGCCCACAGGTCCACAA_017,96
TAGCGCCCACAGGTCCACAA_018,19
TAGCGCCCACAGGTCCACAA_019,38
TAGCGCCCACAGGTCCACAA_020,103
TAGCGCCCACAGGTCCACAA_021,145
TAGCGCCCACAGGTCCACAA_022,149
TAGCGCCCACAGGTCCACAA_023,4
TAGCGCCCACAGGTCCACAA_024,36
TAGCGCCCACAGGTCCACAA_025,88
TAGCGCCCACAGGTCCACAA_026,125
TAGCGCCCACAGGTCCACAA_027,124
TAGCGCCCACAGGTCCACAA_028,52
CCATAGCCATAACTGCCATC_001,184
CCATAGCCATAACTGCCATC_002,49
CCATAGCCATAACTGCCATC_003,10
CCATAGCCATAACTGCCATC_004,151
TCGACCGTGTGCGGGCAGGG_001,8
TCGACCGTGTGCGGGCAGGG_002,43
TCGACCGTGTGCGGGCAGGG_003,160
TCGACCGTGTGCGGGCAGGG_004,9
TCGACCGTGTGCGGGCAGGG_005,193
TCGACCGTGTGCGGGCAGGG_006,29
TCGACCGTGTGCGGGCAGGG_007,191
TCGACCGTGTGCGGGCAGGG_008,9
TCGACCGTGTGCGGGCAGGG_009,31
TCGACCGTGTGCGGGCAGGG_010,57
TCGACCGTGTGCGGGCAGGG_011,68
TCGACCGTGTGCGGGCAGGG_012,58
TCGACCGTGTGCGGGCAGGG_013,81
ATAGTAAAAACACCCCCCCA_001,76
ATAGTAAAAACACCCCCCCA_002,113
ATAGTAAAAACACCCCCCCA_003,9
ATAGTAAAAACACCCCCCCA_004,150
ATAGTAAAAACACCCCCCCA_005,176
ATAGTAAAAACACCCCCCCA_006,191
ATAGTAAAAACACCCCCCCA_007,146
ATAGTAAAAACACCCCCCCA_008,147
ATAGTAAAAACACCCCCCCA_009,171
ATAGTAAAAACACCCCCCCA_010,138
ATAGTAAAAACACCCCCCCA_011,84
ATAGTAAAAACACCCCCCCA_012,48
ATAGTAAAAACACCCCCCCA_013,50
ATAGTAAAAACACCCCCCCA_014,131
AAAGTTCAGTAATAATCCCA_001,72
AAAGTTCAGTAATAATCCCA_002,102
AGCATTAAGTACCACTGAGG_001,79
AGCATTAAGTACCACTGAGG_002,62
AGCATTAAGTACCACTGAGG_003,188
AGCATTAAGTACCACTGAGG_004,175
AGCATTAAGTACCACTGAGG_005,15
AGCATTAAGTACCACTGAGG_006,76
AGCATTAAGTACCACTGAGG_007,160
AGCATTAAGTACCACTGAGG_008,9
AGCATTAAGTACCACTGAGG_009,130
AGCATTAAGTACCACTGAGG_010,118
AGCATTAAGTACCACTGAGG_011,43
AGCATTAAGTACCACTGAGG_012,46
AGCATTAAGTACCACTGAGG_013,158
AGCATTAAGTACCACTGAGG_014,83
TGGCAATCTCAAGTCAACCA_001,175
TGGCAATCTCAAGTCAACCA_002,160
CCCAGAAACTTGGACGCAGT_001,135
CCCAGAAACTTGGACGCAGT_002,162
CCCAGAAACTTGGACGCAGT_003,31
CCCAGAAACTTGGACGCAGT_004,31
CCCAGAAACTTGGACGCAGT_005,75
CCCAGAAACTTGGACGCAGT_006,145
CCCAGAAACTTGGACGCAGT_007,94
CCCAGAAACTTGGACGCAGT_008,169
CCCAGAAACTTGGACGCAGT_009,158
CCCAGAAACTTGGACGCAGT_010,17
CCCAGAAACTTGGACGCAGT_011,182
CCCAGAAACTTGGACGCAGT_012,15
CCCAGAAACTTGGACGCAGT_013,65
CCCAGAAACTTGGACGCAGT_014,77
CCCAGAAACTTGGACGCAGT_015,182
CCCAGAAACTTGGACGCAGT_016,4
GGTAAAGCACCTTACCAAGT_001,68
GGTAAAGCACCTTACCAAGT_002,43
GGTAAAGCACCTTACCAAGT_003,150
GGTAAAGCACCTTACCAAGT_004,26
AAGCTGTATACGTAGATGAG_001,23
AAGCTGTATACGTAGATGAG_002,73
AAGCTGTATACGTAGATGAG_003,57
CGGAGACCACACGCCCCACG_001,43
CGGAGACCACACGCCCCACG_002,121
CGGAGACCACACGCCCCACG_003,29
CGGAGACCACACGCCCCACG_004,85
CGGAGACCACACGCCCCACG_005,85
CGGAGACCACACGCCCCACG_006,169
CGGAGACCACACGCCCCACG_007,115
CGGAGACCACACGCCCCACG_008,105
CGGAGACCACACGCCCCACG_009,65
CGGAGACCACACGCCCCACG_010,31
CGGAGACCACACGCCCCACG_011,81
CGGAGACCACACGCCCCACG_012,175
CGGAGACCACACGCCCCACG_013,168
CGGAGACCACACGCCCCACG_014,9
CGGAGACCACACGCCCCACG_015,35
CGGAGACCACACGCCCCACG_016,175
CGGAGACCACACGCCCCACG_017,147
CGGAGACCACACGCCCCACG_018,33
CGGAGACCACACGCCCCACG_019,102
CGGAGACCACACGCCCCACG_020,1
CGGAGACCACACGCCCCACG_021,6
CGGAGACCACACGCCCCACG_022,80
CGGAGACCACACGCCCCACG_023,76
CGGAGACCACACGCCCCACG_024,56
CGGAGACCACACGCCCCACG_025,13
CGGAGACCACACGCCCCACG_026,172
CGGAGACCACACGCCCCACG_027,168
CGGAGACCACACGCCCCACG_028,184
CGGAGACCACACGCCCCACG_029,19
CGGAGACCACACGCCCCACG_030,142
CGGAGACCACACGCCCCACG_031,40
CGGAGACCACACGCCCCACG_032,124
CGGAGACCACACGCCCCACG_033,24
CGGAGACCACACGCCCCACG_034,99
CGGAGACCACACGCCCCACG_035,9
CGGAGACCACACGCCCCACG_036,14
CGGAGACCACACGCCCCACG_037,184
CGGAGACCACACGCCCCACG_038,175
TAGCCTGTACATAATGCGCG_001,198
TAGCCTGTACATAATGCGCG_002,36
TGAACATTACTAACAAGCCT_001,48
TTGGCATTCTAGCTATGTGC_001,18
TTGGCATTCTAGCTATGTGC_002,29
TTGGTGGAGCTAGGCTACCG_001,174
TTGGTGGAGCTAGGCTACCG_002,9
TTGGTGGAGCTAGGCTACCG_003,139
TTGGTGGAGCTAGGCTACCG_004,59
TTGGTGGAGCTAGGCTACCG_005,67
TTGGTGGAGCTAGGCTACCG_006,177
TTGGTGGAGCTAGGCTACCG_007,82
TTGGTGGAGCTAGGCTACCG_008,133
TTGGTGGAGCTAGGCTACCG_009,93
TTGGTGGAGCTAGGCTACCG_010,151
TTGGTGGAGCTAGGCTACCG_011,158
TTGGTGGAGCTAGGCTACCG_012,44
TTGGTGGAGCTAGGCTACCG_013,34
TTGGTGGAGCTAGGCTACCG_014,48
TTGGTGGAGCTAGGCTACCG_015,90
TTGGTGGAGCTAGGCTACCG_016,34
TTGGTGGAGCTAGGCTACCG_017,178
TTGGTGGAGCTAGGCTACCG_018,36
TTGGTGGAGCTAGGCTACCG_019,68
TTGGTGGAGCTAGGCTACCG_020,197
TTGGTGGAGCTAGGCTACCG_021,14
TTGGTGGAGCTAGGCTACCG_022,11
TTGGTGGAGCTAGGCTACCG_023,17
TTGGTGGAGCTAGGCTACCG_024,81
GCCCACAGCTAGGATTCGAA_001,57
GCCCACAGCTAGGATTCGAA_002,144
GGAGAAGGCATACTTACCCA_001,76
GGAGAAGGCATACTTACCCA_002,88
GGAGAAGGCATACTTACCCA_003,101
GGAGAAGGCATACTTACCCA_004,193
GGAGAAGGCATACTTACCCA_005,176
GGAGAAGGCATACTTACCCA_006,141
GGAGAAGGCATACTTACCCA_007,158
GGAGAAGGCATACTTACCCA_008,185
GGAGAAGGCATACTTACCCA_009,15
GGAGAAGGCATACTTACCCA_010,55
GGAGAAGGCATACTTACCCA_011,29
CTCTGTGAGATGTCCCGAAA_001,169
CTCTGTGAGATGTCCCGAAA_002,49
CTCTGTGAGATGTCCCGAAA_003,45
CTCTGTGAGATGTCCCGAAA_004,188
CTCTGTGAGATGTCCCGAAA_005,105
CTCTGTGAGATGTCCCGAAA_006,150
CTCTGTGAGATGTCCCGAAA_007,61
CTCTGTGAGATGTCCCGAAA_008,60
CTCTGTGAGATGTCCCGAAA_009,158
CTCTGTGAGATGTCCCGAAA_010,187
CTCTGTGAGATGTCCCGAAA_011,58
CTCTGTGAGATGTCCCGAAA_012,58
CTCTGTGAGATGTCCCGAAA_013,79
CTCTGTGAGATGTCCCGAAA_014,104
CTCTGTGAGATGTCCCGAAA_015,144
CTCTGTGAGATGTCCCGAAA_016,191
CTCTGTGAGATGTCCCGAAA_017,10
CTCTGTGAGATGTCCCGAAA_018,19
CTCTGTGAGATGTCCCGAAA_019,126
AAAGGCTAATCAGTGCCACA_001,48
AAAGGCTAATCAGTGCCACA_002,55
CAATAGAGTCCGCATTACCG_001,198
CAATAGAGTCCGCATTACCG_002,125
CAATAGAGTCCGCATTACCG_003,196
CAATAGAGTCCGCATTACCG_004,184
CAATAGAGTCCGCATTACCG_005,195
ACAGGGAGTGACTGACACCA_001,184
ACAGGGAGTGACTGACACCA_002,171
ACAGGGAGTGACTGACACCA_003,24
CCGAAGCACTAGATCGCCGT_001,132
CCGAAGCACTAGATCGCCGT_002,199
CCGAAGCACTAGATCGCCGT_003,70
CCGAAGCACTAGATCGCCGT_004,82
CCGAAGCACTAGATCGCCGT_005,30
CCGAAGCACTAGATCGCCGT_006,3
CCGAAGCACTAGATCGCCGT_007,106
CCGAAGCACTAGATCGCCGT_008,37
TTCTTTACAAGGGACTAGAA_001,137
TTCTTTACAAGGGACTAGAA_002,58
TTCTTTACAAGGGACTAGAA_003,58
TTCTTTACAAGGGACTAGAA_004,68
TTCTTTACAAGGGACTAGAA_005,171
TTCTTTACAAGGGACTAGAA_006,136
TTCTTTACAAGGGACTAGAA_007,184
AGCTGGGCAGACAAGAGCAT_001,75
AGCTGGGCAGACAAGAGCAT_002,174
AGCTGGGCAGACAAGAGCAT_003,18
AGCTGGGCAGACAAGAGCAT_004,121
AGCTGGGCAGACAAGAGCAT_005,56
AGCTGGGCAGACAAGAGCAT_006,20
AGCTGGGCAGACAAGAGCAT_007,127
AGCTGGGCAGACAAGAGCAT_008,147
AGCTGGGCAGACAAGAGCAT_009,86
AGCTGGGCAGACAAGAGCAT_010,44
AGCTGGGCAGACAAGAGCAT_011,141
AGCTGGGCAGACAAGAGCAT_012,91
AGCTGGGCAGACAAGAGCAT_013,12
AGCTGGGCAGACAAGAGCAT_014,48
AGCTGGGCAGACAAGAGCAT_015,45
AGCTGGGCAGACAAGAGCAT_016,96
AGCTGGGCAGACAAGAGCAT_017,1
AGCTGGGCAGACAAGAGCAT_018,19
AGCTGGGCAGACAAGAGCAT_019,82
AGCTGGGCAGACAAGAGCAT_020,63
AGCTGGGCAGACAAGAGCAT_021,147
AGCTGGGCAGACAAGAGCAT_022,102
AGCTGGGCAGACAAGAGCAT_023,78
AGCTGGGCAGACAAGAGCAT_024,124
CACCGATCTTGACTTGCTCG_001,83
CACCGATCTTGACTTGCTCG_002,130
CACCGATCTTGACTTGCTCG_003,119
CACCGATCTTGACTTGCTCG_004,35
CACCGATCTTGACTTGCTCG_005,184
CACCGATCTTGACTTGCTCG_006,140
CACCGATCTTGACTTGCTCG_007,145
CACCGATCTTGACTTGCTCG_008,1
GGCCTGGAACTTGACACACA_001,48
GGCCTGGAACTTGACACACA_002,70
GGCCTGGAACTTGACACACA_003,170
GGCCTGGAACTTGACACACA_004,20
GGCCTGGAACTTGACACACA_005,17
GGCCTGGAACTTGACACACA_006,8
GGCCTGGAACTTGACACACA_007,192
GGCCTGGAACTTGACACACA_008,101
GGCCTGGAACTTGACACACA_009,177
GGCCTGGAACTTGACACACA_010,140
GGCCTGGAACTTGACACACA_011,115
CCAGGGATGAAACCTATCAA_001,70
CCAGGGATGAAACCTATCAA_002,168
CCAGGGATGAAACCTATCAA_003,17
CCAGGGATGAAACCTATCAA_004,83
CCAGGGATGAAACCTATCAA_005,56
CCAGGGATGAAACCTATCAA_006,115
CCAGGGATGAAACCTATCAA_007,144
AACATAATAGGTCACAACAA_001,160
CCTCACCTACCTCCTTCTAT_001,116
CCTCACCTACCTCCTTCTAT_002,112
TGGTGTATAAGGACCCAGCC_001,23
TGGTGTATAAGGACCCAGCC_002,191
TGGTGTATAAGGACCCAGCC_003,62
TGGTGTATAAGGACCCAGCC_004,70
TGGTGTATAAGGACCCAGCC_005,169
TGGTGTATAAGGACCCAGCC_006,83
TGGTGTATAAGGACCCAGCC_007,177
TGGTGTATAAGGACCCAGCC_008,159
TGGTGTATAAGGACCCAGCC_009,23
TGGTGTATAAGGACCCAGCC_010,89
TGGTGTATAAGGACCCAGCC_011,90
TGGTGTATAAGGACCCAGCC_012,104
TGGTGTATAAGGACCCAGCC_013,106
ATATCGTTGGGAAAGACTGG_001,110
ATATCGTTGGGAAAGACTGG_002,64
ATATCGTTGGGAAAGACTGG_003,64
ATATCGTTGGGAAAGACTGG_004,142
ATATCGTTGGGAAAGACTGG_005,115
ATATCGTTGGGAAAGACTGG_006,124
TCAGGGTCTGAGTCGCTGAG_001,5
TCAGGGTCTGAGTCGCTGAG_002,62
TCAGGGTCTGAGTCGCTGAG_003,198
TCAGGGTCTGAGTCGCTGAG_004,62
TCAGGGTCTGAGTCGCTGAG_005,96
TCAGGGTCTGAGTCGCTGAG_006,15
TCAGGGTCTGAGTCGCTGAG_007,194
TCAGGGTCTGAGTCGCTGAG_008,81
TCAGGGTCTGAGTCGCTGAG_009,158
TCAGGGTCTGAGTCGCTGAG_010,198
TCAGGGTCTGAGTCGCTGAG_011,15
TCAGGGTCTGAGTCGCTGAG_012,160
TCAGGGTCTGAGTCGCTGAG_013,137
TCAGGGTCTGAGTCGCTGAG_014,45
TCAGGGTCTGAGTCGCTGAG_015,68
TCAGGGTCTGAGTCGCTGAG_016,81
TCAGGGTCTGAGTCGCTGAG_017,26
TCAGGGTCTGAGTCGCTGAG_018,68
TCAGGGTCTGAGTCGCTGAG_019,130
TCAGGGTCTGAGTCGCTGAG_020,77
TCAGGGTCTGAGTCGCTGAG_021,168
TCAGGGTCTGAGTCGCTGAG_022,6
TTTGTATGTTCTCTGGCCAA_001,171
TTTGTATGTTCTCTGGCCAA_002,114
TTTGTATGTTCTCTGGCCAA_003,2
TTTGTATGTTCTCTGGCCAA_004,39
ATCAGTGCAATTGGATGTCT_001,106
ATCAGTGCAATTGGATGTCT_002,144
ATCAGTGCAATTGGATGTCT_003,3
ATCAGTGCAATTGGATGTCT_004,80
ATCAGTGCAATTGGATGTCT_005,34
ATCAGTGCAATTGGATGTCT_006,175
ATCAGTGCAATTGGATGTCT_007,166
TCTTACCGACACAGTAGTGT_001,148
TCTTACCGACACAGTAGTGT_002,118
TCTTACCGACACAGTAGTGT_003,184
CGGACGCGGGGCGTTCAGCG_001,48
CGGACGCGGGGCGTTCAGCG_002,8
CGGACGCGGGGCGTTCAGCG_003,117
CGGACGCGGGGCGTTCAGCG_004,49
CGGACGCGGGGCGTTCAGCG_005,162
CGGACGCGGGGCGTTCAGCG_006,91
GGTGAACCTTCATGGTTGCA_001,109
GGTGAACCTTCATGGTTGCA_002,109
GGTGAACCTTCATGGTTGCA_003,104
AGGCGTGACGTTCTCCGACG_001,157
AGGCGTGACGTTCTCCGACG_002,8
AGGCGTGACGTTCTCCGACG_003,177
AGGCGTGACGTTCTCCGACG_004,150
TACAGCTAAACTGTACAGCT_001,23
TACAGCTAAACTGTACAGCT_002,169
TACAGCTAAACTGTACAGCT_003,151
TACAGCTAAACTGTACAGCT_004,146
TCCTTGCCGAGATTGTCCAG_001,12
TCCTTGCCGAGATTGTCCAG_002,47
TCCTTGCCGAGATTGTCCAG_003,47
TCCTTGCCGAGATTGTCCAG_004,169
TCCTTGCCGAGATTGTCCAG_005,153
TCCTTGCCGAGATTGTCCAG_006,93
TCCTTGCCGAGATTGTCCAG_007,77
TCCTTGCCGAGATTGTCCAG_008,163
TCCTTGCCGAGATTGTCCAG_009,134
TCCTTGCCGAGATTGTCCAG_010,61
TCCTTGCCGAGATTGTCCAG_011,172
TCCTTGCCGAGATTGTCCAG_012,77
TCCTTGCCGAGATTGTCCAG_013,77
TCCTTGCCGAGATTGTCCAG_014,158
TCCTTGCCGAGATTGTCCAG_015,148
AAGGCAAAATCCACGCCAAG_001,44
AAGGCAAAATCCACGCCAAG_002,56
AAGGCAAAATCCACGCCAAG_003,88
AAGGCAAAATCCACGCCAAG_004,145
AAGGCAAAATCCACGCCAAG_005,62
AAGGCAAAATCCACGCCAAG_006,144
AAGGCAAAATCCACGCCAAG_007,10
AAGGCAAAATCCACGCCAAG_008,165
AAGGCAAAATCCACGCCAAG_009,183
AAGGCAAAATCCACGCCAAG_010,47
AAGGCAAAATCCACGCCAAG_011,6
AAGGCAAAATCCACGCCAAG_012,127
AAGGCAAAATCCACGCCAAG_013,84
CCCCGCCAAACTTAGCACAG_001,121
CCCCGCCAAACTTAGCACAG_002,0
CCCCGCCAAACTTAGCACAG_003,78
CCCCGCCAAACTTAGCACAG_004,159
CCCCGCCAAACTTAGCACAG_005,94
CCCCGCCAAACTTAGCACAG_006,48
CCCCGCCAAACTTAGCACAG_007,192
CCCCGCCAAACTTAGCACAG_008,154
CCCCGCCAAACTTAGCACAG_009,169
CCCCGCCAAACTTAGCACAG_010,127
CCCCGCCAAACTTAGCACAG_011,72
CCCCGCCAAACTTAGCACAG_012,183
CCCCGCCAAACTTAGCACAG_013,199
CCCCGCCAAACTTAGCACAG_014,8
CCCCGCCAAACTTAGCACAG_015,15
CCCCGCCAAACTTAGCACAG_016,60
CCCCGCCAAACTTAGCACAG_017,21
CCCCGCCAAACTTAGCACAG_018,31
CCCCGCCAAACTTAGCACAG_019,63
CCCCGCCAAACTTAGCACAG_020,188
CCCCGCCAAACTTAGCACAG_021,41
CCCCGCCAAACTTAGCACAG_022,199
CCCCGCCAAACTTAGCACAG_023,27
CCCCGCCAAACTTAGCACAG_024,10
CCCCGCCAAACTTAGCACAG_025,28
CCCCGCCAAACTTAGCACAG_026,136
CCCCGCCAAACTTAGCACAG_027,170
CCCCGCCAAACTTAGCACAG_028,42
CCCCGCCAAACTTAGCACAG_029,3
CCCCGCCAAACTTAGCACAG_030,183
TGGGCTGTGTCTGAACGCCG_001,28
TGGGCTGTGTCTGAACGCCG_002,130
TGGGCTGTGTCTGAACGCCG_003,148
TGGGCTGTGTCTGAACGCCG_004,162
TGGGCTGTGTCTGAACGCCG_005,101
CTTTGAAAAAAATTACCAGG_001,104
CTTTGAAAAAAATTACCAGG_002,139
CTTTGAAAAAAATTACCAGG_003,110
CTTTGAAAAAAATTACCAGG_004,48
CTTTGAAAAAAATTACCAGG_005,141
CTTTGAAAAAAATTACCAGG_006,83
CTTTGAAAAAAATTACCAGG_007,113
CTTTGAAAAAAATTACCAGG_008,152
CTTTGAAAAAAATTACCAGG_009,84
CTTTGAAAAAAATTACCAGG_010,31
CTTTGAAAAAAATTACCAGG_011,50
TGGTGTTTGGAAGCCAACCC_001,94
TGGTGTTTGGAAGCCAACCC_002,49
TGGTGTTTGGAAGCCAACCC_003,63
AGAATGCATCACAAACGTCT_001,60
AGAATGCATCACAAACGTCT_002,148
AGTGGATTGCTTATTGGTAG_001,169
AGTGGATTGCTTATTGGTAG_002,5
AGTGGATTGCTTATTGGTAG_003,12
AGTGGATTGCTTATTGGTAG_004,19
AGATTGGCAAAGGTGTATGG_001,115
AGATTGGCAAAGGTGTATGG_002,48
AGATTGGCAAAGGTGTATGG_003,149
AGATTGGCAAAGGTGTATGG_004,150
AGATTGGCAAAGGTGTATGG_005,198
AGATTGGCAAAGGTGTATGG_006,80
AGATTGGCAAAGGTGTATGG_007,178
AGATTGGCAAAGGTGTATGG_008,112
AGATTGGCAAAGGTGTATGG_009,23
AGATTGGCAAAGGTGTATGG_010,1
AGATTGGCAAAGGTGTATGG_011,131
AGATTGGCAAAGGTGTATGG_012,84
AGATTGGCAAAGGTGTATGG_013,70
ACTACCAACCATACACCGTG_001,147
ACTACCAACCATACACCGTG_002,62
ACTACCAACCATACACCGTG_003,128
AGACTGTTGAATATTGCTGG_001,98
AGACTGTTGAATATTGCTGG_002,103
CCTATCTGATGACAGACATG_001,54
CCTATCTGATGACAGACATG_002,76
CCTATCTGATGACAGACATG_003,123
CCTATCTGATGACAGACATG_004,28
AACCACGGCATTGAGAGGTG_001,31
AACCACGGCATTGAGAGGTG_002,142
AACCACGGCATTGAGAGGTG_003,28
AACCACGGCATTGAGAGGTG_004,17
AACCACGGCATTGAGAGGTG_005,12
AACCACGGCATTGAGAGGTG_006,162
AACCACGGCATTGAGAGGTG_007,105
AACCACGGCATTGAGAGGTG_008,194
AACCACGGCATTGAGAGGTG_009,69
AACCACGGCATTGAGAGGTG_010,17
AACCACGGCATTGAGAGGTG_011,54
AACCACGGCATTGAGAGGTG_012,19
AACCACGGCATTGAGAGGTG_013,105
AACCACGGCATTGAGAGGTG_014,48
AACCACGGCATTGAGAGGTG_015,49
AACCACGGCATTGAGAGGTG_016,78
AACCACGGCATTGAGAGGTG_017,49
AACCACGGCATTGAGAGGTG_018,151
AACCACGGCATTGAGAGGTG_019,44
AACCACGGCATTGAGAGGTG_020,105
AACCACGGCATTGAGAGGTG_021,52
AACCACGGCATTGAGAGGTG_022,41
AACCACGGCATTGAGAGGTG_023,19
AACCACGGCATTGAGAGGTG_024,135
AACCACGGCATTGAGAGGTG_025,29
AACCACGGCATTGAGAGGTG_026,69
AACCACGGCATTGAGAGGTG_027,77
AACCACGGCATTGAGAGGTG_028,184
AACCACGGCATTGAGAGGTG_029,60
AACCACGGCATTGAGAGGTG_030,193
AACCACGGCATTGAGAGGTG_031,81
AACCACGGCATTGAGAGGTG_032,129
AACCACGGCATTGAGAGGTG_033,116
AACCACGGCATTGAGAGGTG_034,106
AACCACGGCATTGAGAGGTG_035,22
AACCACGGCATTGAGAGGTG_036,124
AACCACGGCATTGAGAGGTG_037,150
AACCACGGCATTGAGAGGTG_038,79
AACCACGGCATTGAGAGGTG_039,107
AACCACGGCATTGAGAGGTG_040,84
AACCACGGCATTGAGAGGTG_041,82
CTGAGGGCCACAAACATCCG_001,97
CTGAGGGCCACAAACATCCG_002,174
CTGAGGGCCACAAACATCCG_003,139
CTGAGGGCCACAAACATCCG_004,59
CTGAGGGCCACAAACATCCG_005,31
CTGAGGGCCACAAACATCCG_006,22
CTGAGGGCCACAAACATCCG_007,72
CTGAGGGCCACAAACATCCG_008,152
CTGAGGGCCACAAACATCCG_009,104
CTGAGGGCCACAAACATCCG_010,115
CTGAGGGCCACAAACATCCG_011,8
CTGAGGGCCACAAACATCCG_012,46
TCAACATTTATAAAACAGTG_001,106
TCAACATTTATAAAACAGTG_002,106
TCAACATTTATAAAACAGTG_003,34
TCAACATTTATAAAACAGTG_004,82
TCAACATTTATAAAACAGTG_005,81
TCAACATTTATAAAACAGTG_006,77
TCAACATTTATAAAACAGTG_007,14
ATACGCAAGATCATCTGCCA_001,14
ATACGCAAGATCATCTGCCA_002,136
ATACGCAAGATCATCTGCCA_003,158
ATACGCAAGATCATCTGCCA_004,85
ATACGCAAGATCATCTGCCA_005,94
ATACGCAAGATCATCTGCCA_006,48
TCATCTCAGAGCTAGATCGA_001,85
TCATCTCAGAGCTAGATCGA_002,40
TCATCTCAGAGCTAGATCGA_003,82
TCATCTCAGAGCTAGATCGA_004,32
TCATCTCAGAGCTAGATCGA_005,151
TCATCTCAGAGCTAGATCGA_006,19
TCATCTCAGAGCTAGATCGA_007,41
TCATCTCAGAGCTAGATCGA_008,105
TCATCTCAGAGCTAGATCGA_009,2
TCATCTCAGAGCTAGATCGA_010,148
TCATCTCAGAGCTAGATCGA_011,89
TCATCTCAGAGCTAGATCGA_012,109
TCATCTCAGAGCTAGATCGA_013,135
TCATCTCAGAGCTAGATCGA_014,98
GAGCCTGAAGCTCATCCCGT_001,53
GAGCCTGAAGCTCATCCCGT_002,62
GAGCCTGAAGCTCATCCCGT_003,160
GAGCCTGAAGCTCATCCCGT_004,121
GAGCCTGAAGCTCATCCCGT_005,148
GAGCCTGAAGCTCATCCCGT_006,169
GAGCCTGAAGCTCATCCCGT_007,142
GAGCCTGAAGCTCATCCCGT_008,84
GAGCCTGAAGCTCATCCCGT_009,67
GAGCCTGAAGCTCATCCCGT_010,95
GAGCCTGAAGCTCATCCCGT_011,191
GAGCCTGAAGCTCATCCCGT_012,178
GAGCCTGAAGCTCATCCCGT_013,10
GAGCCTGAAGCTCATCCCGT_014,108
GAGCCTGAAGCTCATCCCGT_015,137
GAGCCTGAAGCTCATCCCGT_016,8
GAGCCTGAAGCTCATCCCGT_017,184
GAGCCTGAAGCTCATCCCGT_018,168
CGAGCGCCACGAGGTCTAAG_001,47
CGAGCGCCACGAGGTCTAAG_002,84
CGAGCGCCACGAGGTCTAAG_003,10
CGAGCGCCACGAGGTCTAAG_004,19
GAGTCACTTACATACAGCCG_001,106
CCCGACGAGGTGCTACGCGA_001,82
CCCGACGAGGTGCTACGCGA_002,185
CCCGACGAGGTGCTACGCGA_003,51
CCCGACGAGGTGCTACGCGA_004,185
TGTCCTACTCGCTTGTGGAG_001,113
TGTCCTACTCGCTTGTGGAG_002,178
TGTCCTACTCGCTTGTGGAG_003,45
TGTCCTACTCGCTTGTGGAG_004,21
TGTCCTACTCGCTTGTGGAG_005,12
TGTCCTACTCGCTTGTGGAG_006,19
TGTCCTACTCGCTTGTGGAG_007,78
TGTCCTACTCGCTTGTGGAG_008,49
TGTCCTACTCGCTTGTGGAG_009,160
TGTCCTACTCGCTTGTGGAG_010,118
TGTCCTACTCGCTTGTGGAG_011,58
TGTCCTACTCGCTTGTGGAG_012,8
TGTCCTACTCGCTTGTGGAG_013,192
TGTCCTACTCGCTTGTGGAG_014,174
TGTCCTACTCGCTTGTGGAG_015,38
TGTCCTACTCGCTTGTGGAG_016,114
TGTCCTACTCGCTTGTGGAG_017,92
TGTCCTACTCGCTTGTGGAG_018,107
TGTCCTACTCGCTTGTGGAG_019,105
TGTCCTACTCGCTTGTGGAG_020,63
TGTCCTACTCGCTTGTGGAG_021,106
TGTCCTACTCGCTTGTGGAG_022,107
TGTCCTACTCGCTTGTGGAG_023,146
TGTCCTACTCGCTTGTGGAG_024,46
TGTCCTACTCGCTTGTGGAG_025,105
TGTCCTACTCGCTTGTGGAG_026,157
TGTCCTACTCGCTTGTGGAG_027,197
CCCCAGGGCCCTACACGCCA_001,190
CCCCAGGGCCCTACACGCCA_002,167
CCCCAGGGCCCTACACGCCA_003,194
CCCCAGGGCCCTACACGCCA_004,178
CCCCAGGGCCCTACACGCCA_005,103
CCCCAGGGCCCTACACGCCA_006,4
CCCCAGGGCCCTACACGCCA_007,25
CCCCAGGGCCCTACACGCCA_008,187
CCCCAGGGCCCTACACGCCA_009,137
CCCCAGGGCCCTACACGCCA_010,22
CCCCAGGGCCCTACACGCCA_011,118
CCCCAGGGCCCTACACGCCA_012,50
CAAGAGTCTCCGCAACATCG_001,141
CAAGAGTCTCCGCAACATCG_002,182
CAAGAGTCTCCGCAACATCG_003,149
CAAGAGTCTCCGCAACATCG_004,1
CAAGAGTCTCCGCAACATCG_005,46
CAAGAGTCTCCGCAACATCG_006,113
CAAGAGTCTCCGCAACATCG_007,32
CAAGAGTCTCCGCAACATCG_008,61
CAAGAGTCTCCGCAACATCG_009,171
CAAGAGTCTCCGCAACATCG_010,41
CAAGAGTCTCCGCAACATCG_011,81
CAAGAGTCTCCGCAACATCG_012,150
CAAGAGTCTCCGCAACATCG_013,59
CAAGAGTCTCCGCAACATCG_014,34
CAAGAGTCTCCGCAACATCG_015,14
CAAGAGTCTCCGCAACATCG_016,147
AGTACTTCTGGTAGTCGGGA_001,41
AGTACTTCTGGTAGTCGGGA_002,172
AGTACTTCTGGTAGTCGGGA_003,174
AGTACTTCTGGTAGTCGGGA_004,53
AGTACTTCTGGTAGTCGGGA_005,155
AGTACTTCTGGTAGTCGGGA_006,32
AGTACTTCTGGTAGTCGGGA_007,24
AGTACTTCTGGTAGTCGGGA_008,1
CACACGGCTGTAGACAGACT_001,147
AACCTCGTGATCCAGTACGC_001,60
AACCTCGTGATCCAGTACGC_002,150
AACCTCGTGATCCAGTACGC_003,163
AACCTCGTGATCCAGTACGC_004,17
AACCTCGTGATCCAGTACGC_005,55
AACCTCGTGATCCAGTACGC_006,16
AACCTCGTGATCCAGTACGC_007,2
AACCTCGTGATCCAGTACGC_008,9
AACCTCGTGATCCAGTACGC_009,75
AACCTCGTGATCCAGTACGC_010,94
AACCTCGTGATCCAGTACGC_011,184
AACCTCGTGATCCAGTACGC_012,146
AGCTGCGCGTAGGAGTAAGG_001,194
AGCTGCGCGTAGGAGTAAGG_002,139
AGCTGCGCGTAGGAGTAAGG_003,109
AGCTGCGCGTAGGAGTAAGG_004,13
AGCTGCGCGTAGGAGTAAGG_005,16
AGCTGCGCGTAGGAGTAAGG_006,48
AGCTGCGCGTAGGAGTAAGG_007,135
AGCTGCGCGTAGGAGTAAGG_008,19
AGCTGCGCGTAGGAGTAAGG_009,51
AGCTGCGCGTAGGAGTAAGG_010,156
AGCTGCGCGTAGGAGTAAGG_011,147
AGCTGCGCGTAGGAGTAAGG_012,151
AGCTGCGCGTAGGAGTAAGG_013,172
AGCTGCGCGTAGGAGTAAGG_014,162
AGCTGCGCGTAGGAGTAAGG_015,147
AGCTGCGCGTAGGAGTAAGG_016,4
AGCTGCGCGTAGGAGTAAGG_017,100
AGCTGCGCGTAGGAGTAAGG_018,41
AGCTGCGCGTAGGAGTAAGG_019,102
AGCTGCGCGTAGGAGTAAGG_020,140
AGCTGCGCGTAGGAGTAAGG_021,145
AGCTGCGCGTAGGAGTAAGG_022,40
AGCTGCGCGTAGGAGTAAGG_023,117
AGCTGCGCGTAGGAGTAAGG_024,117
AGCTGCGCGTAGGAGTAAGG_025,158
AGCTGCGCGTAGGAGTAAGG_026,165
AGCTGCGCGTAGGAGTAAGG_027,199
AAGTACAAGAAAACGCTGCT_001,169
AAGTACAAGAAAACGCTGCT_002,188
AAGTACAAGAAAACGCTGCT_003,27
AAGTACAAGAAAACGCTGCT_004,27
AAGTACAAGAAAACGCTGCT_005,132
AAGTACAAGAAAACGCTGCT_006,11
AAGTACAAGAAAACGCTGCT_007,130
AAGTACAAGAAAACGCTGCT_008,20
AAGTACAAGAAAACGCTGCT_009,147
AAGTACAAGAAAACGCTGCT_010,106
AAGTACAAGAAAACGCTGCT_011,121
AAGTACAAGAAAACGCTGCT_012,102
AAGTACAAGAAAACGCTGCT_013,61
AAGTACAAGAAAACGCTGCT_014,87
AAGTACAAGAAAACGCTGCT_015,22
AAGTACAAGAAAACGCTGCT_016,33
AAGTACAAGAAAACGCTGCT_017,113
AAGTACAAGAAAACGCTGCT_018,52
AAGTACAAGAAAACGCTGCT_019,187
AAGTACAAGAAAACGCTGCT_020,174
AAGTACAAGAAAACGCTGCT_021,102
AAGTACAAGAAAACGCTGCT_022,183
AAGTACAAGAAAACGCTGCT_023,6
AAGTACAAGAAAACGCTGCT_024,135
AAGTACAAGAAAACGCTGCT_025,42
GCTCCTGATCAACCTTTGCG_001,76
GCTCCTGATCAACCTTTGCG_002,102
GCTCCTGATCAACCTTTGCG_003,188
GCTCCTGATCAACCTTTGCG_004,106
GCTCCTGATCAACCTTTGCG_005,169
GCTCCTGATCAACCTTTGCG_006,149
GCTCCTGATCAACCTTTGCG_007,48
GCTCCTGATCAACCTTTGCG_008,73
GCTCCTGATCAACCTTTGCG_009,113
GCTCCTGATCAACCTTTGCG_010,169
GCTCCTGATCAACCTTTGCG_011,41
GCTCCTGATCAACCTTTGCG_012,60
GCTCCTGATCAACCTTTGCG_013,162
GCTCCTGATCAACCTTTGCG_014,146
GCTCCTGATCAACCTTTGCG_015,88
ACTACAAGTACCGGCCGCGC_001,49
ACTACAAGTACCGGCCGCGC_002,72
ACTACAAGTACCGGCCGCGC_003,123
ACTACAAGTACCGGCCGCGC_004,166
ACTACAAGTACCGGCCGCGC_005,126
ACTACAAGTACCGGCCGCGC_006,9
ACTACAAGTACCGGCCGCGC_007,107
ACTACAAGTACCGGCCGCGC_008,73
ACTACAAGTACCGGCCGCGC_009,50
ACTACAAGTACCGGCCGCGC_010,198
GTCTTCTCGATCTTGCACTG_001,149
GTCTTCTCGATCTTGCACTG_002,188
GTCTTCTCGATCTTGCACTG_003,94
GTCTTCTCGATCTTGCACTG_004,1
GTCTTCTCGATCTTGCACTG_005,76
GTCTTCTCGATCTTGCACTG_006,44
GAAGAGCCACCTCCTTACCA_001,111
GAAGAGCCACCTCCTTACCA_002,42
GAAGAGCCACCTCCTTACCA_003,120
GAAGAGCCACCTCCTTACCA_004,138
GAAGAGCCACCTCCTTACCA_005,117
GAAGAGCCACCTCCTTACCA_006,132
GAAGAGCCACCTCCTTACCA_007,171
GAAGAGCCACCTCCTTACCA_008,36
GAAGAGCCACCTCCTTACCA_009,134
GAAGAGCCACCTCCTTACCA_010,116
GAAGAGCCACCTCCTTACCA_011,86
GAAGAGCCACCTCCTTACCA_012,0
GAAGAGCCACCTCCTTACCA_013,137
GAAGAGCCACCTCCTTACCA_014,101
GAAGAGCCACCTCCTTACCA_015,108
GAAGAGCCACCTCCTTACCA_016,33
GAAGAGCCACCTCCTTACCA_017,72
GAAGAGCCACCTCCTTACCA_018,195
GAAGAGCCACCTCCTTACCA_019,16
GAAGAGCCACCTCCTTACCA_020,33
GAAGAGCCACCTCCTTACCA_021,120
GAAGAGCCACCTCCTTACCA_022,144
GAAGAGCCACCTCCTTACCA_023,57
GAAGAGCCACCTCCTTACCA_024,74
GAAGAGCCACCTCCTTACCA_025,14
GAAGAGCCACCTCCTTACCA_026,141
GAAGAGCCACCTCCTTACCA_027,19
GAAGAGCCACCTCCTTACCA_028,13
GAAGAGCCACCTCCTTACCA_029,137
GAAGAGCCACCTCCTTACCA_030,52
GAAGAGCCACCTCCTTACCA_031,10
GAAGAGCCACCTCCTTACCA_032,174
GAAGAGCCACCTCCTTACCA_033,80
GAAGAGCCACCTCCTTACCA_034,184
GAAGAGCCACCTCCTTACCA_035,169
GAAGAGCCACCTCCTTACCA_036,180
GAAGAGCCACCTCCTTACCA_037,68
GAAGAGCCACCTCCTTACCA_038,72
GAAGAGCCACCTCCTTACCA_039,37
GAAGAGCCACCTCCTTACCA_040,103
GAAGAGCCACCTCCTTACCA_041,181
GTCCAGTTCTGTACCACGGC_001,148
GTCCAGTTCTGTACCACGGC_002,61
GTCCAGTTCTGTACCACGGC_003,94
CTCCGAATACCTCACGCCTG_001,53
CTCCGAATACCTCACGCCTG_002,38
CTCCGAATACCTCACGCCTG_003,83
CTCCGAATACCTCACGCCTG_004,112
CTCCGAATACCTCACGCCTG_005,101
CTCGTGACCCAGGCTGACCA_001,172
CTCGTGACCCAGGCTGACCA_002,72
CTCGTGACCCAGGCTGACCA_003,104
CTCGTGACCCAGGCTGACCA_004,148
CTCGTGACCCAGGCTGACCA_005,29
CTCGTGACCCAGGCTGACCA_006,6
CTCGTGACCCAGGCTGACCA_007,1
CTCGTGACCCAGGCTGACCA_008,187
ACAAGCAGCCCAGATCAGAA_001,172
ACAAGCAGCCCAGATCAGAA_002,181
ACAAGCAGCCCAGATCAGAA_003,166
ACAAGCAGCCCAGATCAGAA_004,76
ACAAGCAGCCCAGATCAGAA_005,30
ACAAGCAGCCCAGATCAGAA_006,191
ACAAGCAGCCCAGATCAGAA_007,32
ACAAGCAGCCCAGATCAGAA_008,53
ACAAGCAGCCCAGATCAGAA_009,104
ATAGTTCCTACGATTACGCG_001,127
ATAGTTCCTACGATTACGCG_002,60
ATAGTTCCTACGATTACGCG_003,150
ATAGTTCCTACGATTACGCG_004,183
ATAGTTCCTACGATTACGCG_005,150
ATAGTTCCTACGATTACGCG_006,8
ATAGTTCCTACGATTACGCG_007,199
ATAGTTCCTACGATTACGCG_008,156
ATAGTTCCTACGATTACGCG_009,52
ATAGTTCCTACGATTACGCG_010,163
ATAGTTCCTACGATTACGCG_011,54
ATAGTTCCTACGATTACGCG_012,69
ATAGTTCCTACGATTACGCG_013,169
ATAGTTCCTACGATTACGCG_014,70
GGCACCTTTCTAGCACAGAA_001,70
GGCACCTTTCTAGCACAGAA_002,7
GGCACCTTTCTAGCACAGAA_003,176
GAGCTGAGTGTAGTTTACTT_001,100
GAGCTGAGTGTAGTTTACTT_002,52
GAGCTGAGTGTAGTTTACTT_003,17
GAGCTGAGTGTAGTTTACTT_004,55
GAGCTGAGTGTAGTTTACTT_005,133
GAGCTGAGTGTAGTTTACTT_006,9
AGTCTTCCACATGCGAGCTG_001,112
AGTCTTCCACATGCGAGCTG_002,66
AGTCTTCCACATGCGAGCTG_003,98
AGTCTTCCACATGCGAGCTG_004,170
AGTCTTCCACATGCGAGCTG_005,172
AGTCTTCCACATGCGAGCTG_006,37
AGTCTTCCACATGCGAGCTG_007,120
AGTCTTCCACATGCGAGCTG_008,175
AGTCTTCCACATGCGAGCTG_009,60
AGTCTTCCACATGCGAGCTG_010,13
AGTCTTCCACATGCGAGCTG_011,148
AGTCTTCCACATGCGAGCTG_012,112
AGTCTTCCACATGCGAGCTG_013,48
AGTCTTCCACATGCGAGCTG_014,1
AGTCTTCCACATGCGAGCTG_015,35
AGTCTTCCACATGCGAGCTG_016,106
AGTCTTCCACATGCGAGCTG_017,85
GGAACGAGGCAGTGACAGGG_001,183
GGAACGAGGCAGTGACAGGG_002,157
GGAACGAGGCAGTGACAGGG_003,56
GGAACGAGGCAGTGACAGGG_004,68
GGAACGAGGCAGTGACAGGG_005,78
GGAACGAGGCAGTGACAGGG_006,195
GGAACGAGGCAGTGACAGGG_007,8
GGAACGAGGCAGTGACAGGG_008,134
GGAACGAGGCAGTGACAGGG_009,30
GGAACGAGGCAGTGACAGGG_010,193
GGAACGAGGCAGTGACAGGG_011,113
GGAACGAGGCAGTGACAGGG_012,138
GGAACGAGGCAGTGACAGGG_013,190
GGAACGAGGCAGTGACAGGG_014,120
GGAACGAGGCAGTGACAGGG_015,2
GGAACGAGGCAGTGACAGGG_016,68
GGAACGAGGCAGTGACAGGG_017,9
GGAACGAGGCAGTGACAGGG_018,87
GGAACGAGGCAGTGACAGGG_019,87
GGAACGAGGCAGTGACAGGG_020,113
GGAACGAGGCAGTGACAGGG_021,102
GGAACGAGGCAGTGACAGGG_022,92
GGAACGAGGCAGTGACAGGG_023,88
GGAACGAGGCAGTGACAGGG_024,41
GGAACGAGGCAGTGACAGGG_025,115
GGAACGAGGCAGTGACAGGG_026,1
GGAACGAGGCAGTGACAGGG_027,128
GGAACGAGGCAGTGACAGGG_028,148
GGAACGAGGCAGTGACAGGG_029,94
GGAACGAGGCAGTGACAGGG_030,77
GGAACGAGGCAGTGACAGGG_031,137
GGAACGAGGCAGTGACAGGG_032,76
GGAACGAGGCAGTGACAGGG_033,140
GGAACGAGGCAGTGACAGGG_034,177
GGAACGAGGCAGTGACAGGG_035,73
GGAACGAGGCAGTGACAGGG_036,27
GGAACGAGGCAGTGACAGGG_037,175
TTCCTCCTGATCGAGGACCA_001,168
TTCCTCCTGATCGAGGACCA_002,8
TTCCTCCTGATCGAGGACCA_003,197
TTCCTCCTGATCGAGGACCA_004,13
TTCCTCCTGATCGAGGACCA_005,88
TTCCTCCTGATCGAGGACCA_006,42
TTCCTCCTGATCGAGGACCA_007,62
TTCCTCCTGATCGAGGACCA_008,146
TTCCTCCTGATCGAGGACCA_009,168
TTCCTCCTGATCGAGGACCA_010,80
TTCCTCCTGATCGAGGACCA_011,177
TTCCTCCTGATCGAGGACCA_012,112
TTCCTCCTGATCGAGGACCA_013,11
TTCCTCCTGATCGAGGACCA_014,188
TTCCTCCTGATCGAGGACCA_015,50
TTCCTCCTGATCGAGGACCA_016,160
TTCCTCCTGATCGAGGACCA_017,80
TTCCTCCTGATCGAGGACCA_018,31
TTCCTCCTGATCGAGGACCA_019,65
TTCCTCCTGATCGAGGACCA_020,58
TTCCTCCTGATCGAGGACCA_021,77
TTCCTCCTGATCGAGGACCA_022,45
ACCTCAAGAGAAACCACCTC_001,175
ACCTCAAGAGAAACCACCTC_002,50
ACCTCAAGAGAAACCACCTC_003,100
ACCTCAAGAGAAACCACCTC_004,69
ACCTCAAGAGAAACCACCTC_005,158
ACCTCAAGAGAAACCACCTC_006,1
ACCTCAAGAGAAACCACCTC_007,82
ACCTCAAGAGAAACCACCTC_008,9
ACCTCAAGAGAAACCACCTC_009,81
ACCTCAAGAGAAACCACCTC_010,147
ACCTCAAGAGAAACCACCTC_011,152
ACCTCAAGAGAAACCACCTC_012,72
ACCTCAAGAGAAACCACCTC_013,16
ACCTCAAGAGAAACCACCTC_014,98
ACCTCAAGAGAAACCACCTC_015,147
ACCTCAAGAGAAACCACCTC_016,142
ACCTCAAGAGAAACCACCTC_017,159
ATATCGAAGATAAGCGAGAG_001,17
ATATCGAAGATAAGCGAGAG_002,119
ATATCGAAGATAAGCGAGAG_003,48
ATATCGAAGATAAGCGAGAG_004,7
ATATCGAAGATAAGCGAGAG_005,29
ATATCGAAGATAAGCGAGAG_006,169
ATATCGAAGATAAGCGAGAG_007,77
ATATCGAAGATAAGCGAGAG_008,113
ATATCGAAGATAAGCGAGAG_009,121
GCAGAGAAACAGTCCCCGAG_001,119
GCAGAGAAACAGTCCCCGAG_002,53
GCAGAGAAACAGTCCCCGAG_003,23
GCAGAGAAACAGTCCCCGAG_004,36
GCAGAGAAACAGTCCCCGAG_005,171
GCAGAGAAACAGTCCCCGAG_006,2
GCAGAGAAACAGTCCCCGAG_007,15
GCAGAGAAACAGTCCCCGAG_008,35
GCAGAGAAACAGTCCCCGAG_009,176
GCAGAAGGGACAAATATGTG_001,121
GCAGAAGGGACAAATATGTG_002,166
GCAGAAGGGACAAATATGTG_003,132
GCAGAAGGGACAAATATGTG_004,41
GCAGAAGGGACAAATATGTG_005,145
GCAGAAGGGACAAATATGTG_006,145
GCAGAAGGGACAAATATGTG_007,63
GCAGAAGGGACAAATATGTG_008,94
GCAGAAGGGACAAATATGTG_009,152
GCAGAAGGGACAAATATGTG_010,50
GCAGAAGGGACAAATATGTG_011,157
GCAGAAGGGACAAATATGTG_012,47
GACTCAGAGTCTGAGTCGGG_001,29
GACTCAGAGTCTGAGTCGGG_002,15
GACTCAGAGTCTGAGTCGGG_003,63
GACTCAGAGTCTGAGTCGGG_004,136
CTGAAATAGCCAAAGAAGGT_001,48
CTGAAATAGCCAAAGAAGGT_002,69
CTGAAATAGCCAAAGAAGGT_003,87
CTGAAATAGCCAAAGAAGGT_004,138
GGGAAGACTTCCTGTCCCAA_001,84
GGGAAGACTTCCTGTCCCAA_002,42
GGGAAGACTTCCTGTCCCAA_003,36
GGGAAGACTTCCTGTCCCAA_004,41
GGGAAGACTTCCTGTCCCAA_005,142
GGGAAGACTTCCTGTCCCAA_006,165
GGGAAGACTTCCTGTCCCAA_007,115
GCTGGACATCATAGGACACA_001,105
GCTGGACATCATAGGACACA_002,55
ACCGAAACAGCACCTTCTCA_001,31
ACCGAAACAGCACCTTCTCA_002,127
ACCGAAACAGCACCTTCTCA_003,29
ACCGAAACAGCACCTTCTCA_004,57
ACCGAAACAGCACCTTCTCA_005,172
ACCGAAACAGCACCTTCTCA_006,62
ACCGAAACAGCACCTTCTCA_007,197
ACCGAAACAGCACCTTCTCA_008,58
ACCGAAACAGCACCTTCTCA_009,22
ACCGAAACAGCACCTTCTCA_010,83
ACCGAAACAGCACCTTCTCA_011,48
ACCGAAACAGCACCTTCTCA_012,183
ACCGAAACAGCACCTTCTCA_013,96
ACCGAAACAGCACCTTCTCA_014,135
ACCGAAACAGCACCTTCTCA_015,64
ACCGAAACAGCACCTTCTCA_016,152
ACCGAAACAGCACCTTCTCA_017,52
ACCGAAACAGCACCTTCTCA_018,106
TGGCAACTGATTCATATGTA_001,134
TGGCAACTGATTCATATGTA_002,97
TGGCAACTGATTCATATGTA_003,64
TGGCAACTGATTCATATGTA_004,148
TGGCAACTGATTCATATGTA_005,192
CTGGGGCTTCCGTATCACAG_001,119
CTGGGGCTTCCGTATCACAG_002,196
CTGGGGCTTCCGTATCACAG_003,118
CTGGGGCTTCCGTATCACAG_004,49
CTGGGGCTTCCGTATCACAG_005,189
CTGGGGCTTCCGTATCACAG_006,94
CTGGGGCTTCCGTATCACAG_007,81
CTGGGGCTTCCGTATCACAG_008,5
CTGGGGCTTCCGTATCACAG_009,110
CTGGGGCTTCCGTATCACAG_010,30
CTGGGGCTTCCGTATCACAG_011,113
CTGGGGCTTCCGTATCACAG_012,70
CTGGGGCTTCCGTATCACAG_013,140
CTGGGGCTTCCGTATCACAG_014,90
CTGGGGCTTCCGTATCACAG_015,67
CTGGGGCTTCCGTATCACAG_016,145
CTACAAGTTTCACAACAAGA_001,137
CTACAAGTTTCACAACAAGA_002,25
CTACAAGTTTCACAACAAGA_003,83
GTGACGGCGAGGACAGCATG_001,53
GTGACGGCGAGGACAGCATG_002,81
GTGACGGCGAGGACAGCATG_003,177
GTGACGGCGAGGACAGCATG_004,9
GTGACGGCGAGGACAGCATG_005,78
GTGACGGCGAGGACAGCATG_006,184
GTGACGGCGAGGACAGCATG_007,177
GTGACGGCGAGGACAGCATG_008,56
GTGACGGCGAGGACAGCATG_009,95
GTGACGGCGAGGACAGCATG_010,112
GTGACGGCGAGGACAGCATG_011,113
GTGACGGCGAGGACAGCATG_012,75
GTGACGGCGAGGACAGCATG_013,147
GTGACGGCGAGGACAGCATG_014,196
GTGACGGCGAGGACAGCATG_015,159
GTGACGGCGAGGACAGCATG_016,147
GTGACGGCGAGGACAGCATG_017,78
GTGACGGCGAGGACAGCATG_018,101
GTGACGGCGAGGACAGCATG_019,87
GTGACGGCGAGGACAGCATG_020,48
GTGACGGCGAGGACAGCATG_021,82
GTGACGGCGAGGACAGCATG_022,148
GTGACGGCGAGGACAGCATG_023,184
GTGACGGCGAGGACAGCATG_024,153
GTGACGGCGAGGACAGCATG_025,20
GTGACGGCGAGGACAGCATG_026,153
GTGACGGCGAGGACAGCATG_027,31
ACACCAAACCACTCACACCG_001,37
ACACCAAACCACTCACACCG_002,64
ACACCAAACCACTCACACCG_003,168
ACACCAAACCACTCACACCG_004,161
ACACCAAACCACTCACACCG_005,91
ACACCAAACCACTCACACCG_006,183
ACACCAAACCACTCACACCG_007,172
ACACCAAACCACTCACACCG_008,174
ACACCAAACCACTCACACCG_009,127
ACACCAAACCACTCACACCG_010,84
ACACCAAACCACTCACACCG_011,116
ACACCAAACCACTCACACCG_012,182
ACACCAAACCACTCACACCG_013,162
ACACCAAACCACTCACACCG_014,91
ACACCAAACCACTCACACCG_015,9
ACACCAAACCACTCACACCG_016,49
ACACCAAACCACTCACACCG_017,1
ACACCAAACCACTCACACCG_018,129
ACACCAAACCACTCACACCG_019,172
ACACCAAACCACTCACACCG_020,174
ACACCAAACCACTCACACCG_021,33
ACACCAAACCACTCACACCG_022,58
ACACCAAACCACTCACACCG_023,190
ACACCAAACCACTCACACCG_024,10
ACACCAAACCACTCACACCG_025,3
ACACCAAACCACTCACACCG_026,1
ACACCAAACCACTCACACCG_027,77
ACACCAAACCACTCACACCG_028,57
ACACCAAACCACTCACACCG_029,142
ACACCAAACCACTCACACCG_030,49
TGGTGCTACCATTAGCGTTG_001,199
TGGTGCTACCATTAGCGTTG_002,12
TGGTGCTACCATTAGCGTTG_003,199
CCCCGAGAACGCCTCCAGCG_001,188
CCCCGAGAACGCCTCCAGCG_002,147
CCCCGAGAACGCCTCCAGCG_003,60
CCCCGAGAACGCCTCCAGCG_004,58
CCCCGAGAACGCCTCCAGCG_005,41
CCCCGAGAACGCCTCCAGCG_006,178
CCCCGAGAACGCCTCCAGCG_007,78
CCCCGAGAACGCCTCCAGCG_008,194
CCCCGAGAACGCCTCCAGCG_009,62
CCCCGAGAACGCCTCCAGCG_010,73
CCCCGAGAACGCCTCCAGCG_011,15
CCCCGAGAACGCCTCCAGCG_012,160
CCCCGAGAACGCCTCCAGCG_013,102
CCCCGAGAACGCCTCCAGCG_014,107
CCCCGAGAACGCCTCCAGCG_015,32
CCCCGAGAACGCCTCCAGCG_016,155
CCCCGAGAACGCCTCCAGCG_017,38
CCCCGAGAACGCCTCCAGCG_018,38
CCCCGAGAACGCCTCCAGCG_019,93
CCCCGAGAACGCCTCCAGCG_020,95
CCCCGAGAACGCCTCCAGCG_021,191
CCCCGAGAACGCCTCCAGCG_022,38
CCCCGAGAACGCCTCCAGCG_023,141
CCCCGAGAACGCCTCCAGCG_024,74
CCCCGAGAACGCCTCCAGCG_025,31
CCCCGAGAACGCCTCCAGCG_026,50
CCCCGAGAACGCCTCCAGCG_027,21
CCCCGAGAACGCCTCCAGCG_028,121
CCCCGAGAACGCCTCCAGCG_029,76
CCCCGAGAACGCCTCCAGCG_030,141
CCCCGAGAACGCCTCCAGCG_031,181
CCCCGAGAACGCCTCCAGCG_032,170
CCCCGAGAACGCCTCCAGCG_033,148
CCCCGAGAACGCCTCCAGCG_034,8
CCCCGAGAACGCCTCCAGCG_035,17
CCCCGAGAACGCCTCCAGCG_036,77
CCCCGAGAACGCCTCCAGCG_037,46
GCAGCTGCTAGACACCGCCA_001,44
GCAGCTGCTAGACACCGCCA_002,83
GCAGCTGCTAGACACCGCCA_003,86
GCAGCTGCTAGACACCGCCA_004,125
GCAGCTGCTAGACACCGCCA_005,69
GCAGCTGCTAGACACCGCCA_006,174
GCAGCTGCTAGACACCGCCA_007,102
GCAGCTGCTAGACACCGCCA_008,161
GCAGCTGCTAGACACCGCCA_009,39
GCAGCTGCTAGACACCGCCA_010,15
GAACCTCCAGAACAATCCCG_001,88
GAACCTCCAGAACAATCCCG_002,97
GAACCTCCAGAACAATCCCG_003,7
GAACCTCCAGAACAATCCCG_004,48
GAACCTCCAGAACAATCCCG_005,11
GAACCTCCAGAACAATCCCG_006,22
GAACCTCCAGAACAATCCCG_007,23
GAACCTCCAGAACAATCCCG_008,23
GAACCTCCAGAACAATCCCG_009,198
GAACCTCCAGAACAATCCCG_010,33
GAACCTCCAGAACAATCCCG_011,166
GAACCTCCAGAACAATCCCG_012,176
GTCATCCGTGCGGAAGTCGG_001,15
GTCATCCGTGCGGAAGTCGG_002,191
GTCATCCGTGCGGAAGTCGG_003,107
GTCATCCGTGCGGAAGTCGG_004,134
GTCATCCGTGCGGAAGTCGG_005,117
GTCATCCGTGCGGAAGTCGG_006,44
GTCATCCGTGCGGAAGTCGG_007,115
GTCATCCGTGCGGAAGTCGG_008,198
GTCATCCGTGCGGAAGTCGG_009,177
GTCATCCGTGCGGAAGTCGG_010,170
GTCATCCGTGCGGAAGTCGG_011,27
GTCATCCGTGCGGAAGTCGG_012,98
GTCATCCGTGCGGAAGTCGG_013,68
GTCATCCGTGCGGAAGTCGG_014,192
GTCATCCGTGCGGAAGTCGG_015,140
GTCATCCGTGCGGAAGTCGG_016,158
GTCATCCGTGCGGAAGTCGG_017,114
GTCATCCGTGCGGAAGTCGG_018,99
GTCATCCGTGCGGAAGTCGG_019,177
GTCATCCGTGCGGAAGTCGG_020,88
GTCATCCGTGCGGAAGTCGG_021,33
GTCATCCGTGCGGAAGTCGG_022,94
GTCATCCGTGCGGAAGTCGG_023,119
GTCATCCGTGCGGAAGTCGG_024,63
TCCAGCTGGGAGATCAACTC_001,49
TCCAGCTGGGAGATCAACTC_002,127
TCCAGCTGGGAGATCAACTC_003,0
TCCAGCTGGGAGATCAACTC_004,130
TCCAGCTGGGAGATCAACTC_005,43
TCCAGCTGGGAGATCAACTC_006,21
TCCAGCTGGGAGATCAACTC_007,1
TCCAGCTGGGAGATCAACTC_008,145
TCCAGCTGGGAGATCAACTC_009,144
TCCAGCTGGGAGATCAACTC_010,152
GAAGCATCCGTGTTTGTGGT_001,96
GAAGCATCCGTGTTTGTGGT_002,127
GAAGCATCCGTGTTTGTGGT_003,185
GAAGCATCCGTGTTTGTGGT_004,190
GAAGCATCCGTGTTTGTGGT_005,158
GAAGCATCCGTGTTTGTGGT_006,178
GAAGCATCCGTGTTTGTGGT_007,9
GAAGCATCCGTGTTTGTGGT_008,130
CTGTTAATGTCACAAGAGAG_001,110
CTGTTAATGTCACAAGAGAG_002,135
CTGTTAATGTCACAAGAGAG_003,96
CTGTTAATGTCACAAGAGAG_004,77
CTGTTAATGTCACAAGAGAG_005,77
CTGTTAATGTCACAAGAGAG_006,72
CAAACACACAGCAGACACGT_001,105
CAAACACACAGCAGACACGT_002,109
CAAACACACAGCAGACACGT_003,109
CAAACACACAGCAGACACGT_004,168
CAAACACACAGCAGACACGT_005,114
CAAACACACAGCAGACACGT_006,127
CAAACACACAGCAGACACGT_007,146
CAAACACACAGCAGACACGT_008,63
CAAACACACAGCAGACACGT_009,65
CAAACACACAGCAGACACGT_010,163
CAAACACACAGCAGACACGT_011,35
CAAACACACAGCAGACACGT_012,67
CAAACACACAGCAGACACGT_013,130
CAAACACACAGCAGACACGT_014,65
CAAACACACAGCAGACACGT_015,16
CTCCACCACCTATTCCTCGT_001,58
CTCCACCACCTATTCCTCGT_002,168
GACAGACTTGCTGAACGCTG_001,105
GACAGACTTGCTGAACGCTG_002,137
GACAGACTTGCTGAACGCTG_003,168
GACAGACTTGCTGAACGCTG_004,105
GACAGACTTGCTGAACGCTG_005,33
GACAGACTTGCTGAACGCTG_006,75
GACAGACTTGCTGAACGCTG_007,147
GACAGACTTGCTGAACGCTG_008,169
GACAGACTTGCTGAACGCTG_009,23
GACAGACTTGCTGAACGCTG_010,44
GACAGACTTGCTGAACGCTG_011,129
GACAGACTTGCTGAACGCTG_012,100
GACAGACTTGCTGAACGCTG_013,9
GACAGACTTGCTGAACGCTG_014,152
GACAGACTTGCTGAACGCTG_015,76
GAGCGCTTCAACGAGACCAT_001,0
GAGCGCTTCAACGAGACCAT_002,58
GAGCGCTTCAACGAGACCAT_003,2
AAAAAGCCCCGAGCATTCAA_001,19
AAAAAGCCCCGAGCATTCAA_002,137
AAAAAGCCCCGAGCATTCAA_003,62
AAAAAGCCCCGAGCATTCAA_004,156
AAAAAGCCCCGAGCATTCAA_005,65
AAAAAGCCCCGAGCATTCAA_006,119
AAAAAGCCCCGAGCATTCAA_007,69
GCCACCGGTTCTGAGCGGGG_001,77
GCCACCGGTTCTGAGCGGGG_002,102
GCCACCGGTTCTGAGCGGGG_003,59
GCCACCGGTTCTGAGCGGGG_004,23
GCCACCGGTTCTGAGCGGGG_005,94
GCCACCGGTTCTGAGCGGGG_006,172
GCCACCGGTTCTGAGCGGGG_007,148
GCCACCGGTTCTGAGCGGGG_008,84
GCCACCGGTTCTGAGCGGGG_009,111
GCCACCGGTTCTGAGCGGGG_010,56
GCCACCGGTTCTGAGCGGGG_011,101
GCCACCGGTTCTGAGCGGGG_012,27
GCCACCGGTTCTGAGCGGGG_013,149
GCCACCGGTTCTGAGCGGGG_014,34
GCCACCGGTTCTGAGCGGGG_015,69
GCCACCGGTTCTGAGCGGGG_016,12
GCCACCGGTTCTGAGCGGGG_017,97
GCGTCCTTGAACATATTGGA_001,6
GCGTCCTTGAACATATTGGA_002,0
GCGTCCTTGAACATATTGGA_003,199
GCGTCCTTGAACATATTGGA_004,65
GCGTCCTTGAACATATTGGA_005,88
GCGTCCTTGAACATATTGGA_006,106
GCGTCCTTGAACATATTGGA_007,178
GCGTCCTTGAACATATTGGA_008,13
GCGTCCTTGAACATATTGGA_009,98
GCGTCCTTGAACATATTGGA_010,198
GCGTCCTTGAACATATTGGA_011,106
TGATGCTGCCCGAGAAATTG_001,96
TGATGCTGCCCGAGAAATTG_002,22
TGATGCTGCCCGAGAAATTG_003,88
TGATGCTGCCCGAGAAATTG_004,169
TGATGCTGCCCGAGAAATTG_005,189
TGATGCTGCCCGAGAAATTG_006,96
TGATGCTGCCCGAGAAATTG_007,191
TGGTGATGCCATACCATGTG_001,166
TGGTGATGCCATACCATGTG_002,105
TGGTGATGCCATACCATGTG_003,145
TGGTGATGCCATACCATGTG_004,117
TGGTGATGCCATACCATGTG_005,78
TGGTGATGCCATACCATGTG_006,88
ATGACGCCGGCTCTGACGCA_001,10
ATGACGCCGGCTCTGACGCA_002,181
ATGACGCCGGCTCTGACGCA_003,97
ATGACGCCGGCTCTGACGCA_004,126
TGCTTGTAAAGATAATATCG_001,77
TGCTTGTAAAGATAATATCG_002,29
ACTTTACACTGAAGCACGTG_001,184
ACTTTACACTGAAGCACGTG_002,3
ACTTTACACTGAAGCACGTG_003,38
ACTTTACACTGAAGCACGTG_004,58
ACTTTACACTGAAGCACGTG_005,169
ACTTTACACTGAAGCACGTG_006,198
ACTTTACACTGAAGCACGTG_007,163
ACTTTACACTGAAGCACGTG_008,40
ACTTTACACTGAAGCACGTG_009,189
ACTTTACACTGAAGCACGTG_010,37
ACTTTACACTGAAGCACGTG_011,123
CCAGGGTATTTAACACTCGC_001,63
CCAGGGTATTTAACACTCGC_002,62
CCAGGGTATTTAACACTCGC_003,105
CCGGCAACTGGACATCTCAT_001,92
CCGGCAACTGGACATCTCAT_002,61
CCGGCAACTGGACATCTCAT_003,197
CCGGCAACTGGACATCTCAT_004,166
CCGGCAACTGGACATCTCAT_005,158
CCGGCAACTGGACATCTCAT_006,116
CCGGCAACTGGACATCTCAT_007,197
CCGGCAACTGGACATCTCAT_008,51
CCGGCAACTGGACATCTCAT_009,56
TGGAGTCATTAGTATAAAGG_001,81
TGGAGTCATTAGTATAAAGG_002,51
TGGAGTCATTAGTATAAAGG_003,84
TGGAGTCATTAGTATAAAGG_004,153
TGGAGTCATTAGTATAAAGG_005,151
TGGAGTCATTAGTATAAAGG_006,168
AGGTCTTAATGTACCAACAA_001,141
AGGTCTTAATGTACCAACAA_002,15
AGGTCTTAATGTACCAACAA_003,93
AGGTCTTAATGTACCAACAA_004,161
AGGTCTTAATGTACCAACAA_005,148
AGGTCTTAATGTACCAACAA_006,199
AGGTCTTAATGTACCAACAA_007,88
AGGTCTTAATGTACCAACAA_008,192
AGGTCTTAATGTACCAACAA_009,62
AGGTCTTAATGTACCAACAA_010,81
CAAGTACGTCAAGACGCCCG_001,119
CCGTCGAACTCGGCGCCCAG_001,6
CCGTCGAACTCGGCGCCCAG_002,6
CCGTCGAACTCGGCGCCCAG_003,185
CCGTCGAACTCGGCGCCCAG_004,127
CCGTCGAACTCGGCGCCCAG_005,11
CCGTCGAACTCGGCGCCCAG_006,184
CCGTCGAACTCGGCGCCCAG_007,175
CCGTCGAACTCGGCGCCCAG_008,138
CCGTCGAACTCGGCGCCCAG_009,56
CCGTCGAACTCGGCGCCCAG_010,106
CCGTCGAACTCGGCGCCCAG_011,44
CCGTCGAACTCGGCGCCCAG_012,12
CCGTCGAACTCGGCGCCCAG_013,126
AGTTGTCTAGCATCACGCGG_001,70
AGTTGTCTAGCATCACGCGG_002,115
AGTTGTCTAGCATCACGCGG_003,174
AGTTGTCTAGCATCACGCGG_004,122
AGTTGTCTAGCATCACGCGG_005,70
AGTTGTCTAGCATCACGCGG_006,137
AGTTGTCTAGCATCACGCGG_007,1
AGTTGTCTAGCATCACGCGG_008,158
AGTTGTCTAGCATCACGCGG_009,174
AGTTGTCTAGCATCACGCGG_010,82
AGTTGTCTAGCATCACGCGG_011,120
AGTTGTCTAGCATCACGCGG_012,187
AGTTGTCTAGCATCACGCGG_013,180
AGTTGTCTAGCATCACGCGG_014,20
AGTTGTCTAGCATCACGCGG_015,95
AGTTGTCTAGCATCACGCGG_016,65
AGTTGTCTAGCATCACGCGG_017,109
AGTTGTCTAGCATCACGCGG_018,52
AGACAAAGAAGAGCCCAACG_001,59
AGACAAAGAAGAGCCCAACG_002,40
AGACAAAGAAGAGCCCAACG_003,12
AGACAAAGAAGAGCCCAACG_004,15
AGACAAAGAAGAGCCCAACG_005,132
AGACAAAGAAGAGCCCAACG_006,61
AGACAAAGAAGAGCCCAACG_007,102
AGACAAAGAAGAGCCCAACG_008,148
AGACAAAGAAGAGCCCAACG_009,65
CATTACACTAGAGCCAAATG_001,88
GCATAAGCATCAACACCACT_001,158
GCATAAGCATCAACACCACT_002,52
GCATAAGCATCAACACCACT_003,130
GCATAAGCATCAACACCACT_004,42
GCATAAGCATCAACACCACT_005,197
GCATAAGCATCAACACCACT_006,170
GCATAAGCATCAACACCACT_007,11
GCATAAGCATCAACACCACT_008,126
GCATAAGCATCAACACCACT_009,126
GCATAAGCATCAACACCACT_010,188
GCATAAGCATCAACACCACT_011,182
GCATAAGCATCAACACCACT_012,94
GCATAAGCATCAACACCACT_013,124
GCATAAGCATCAACACCACT_014,186
GCATAAGCATCAACACCACT_015,94
GCATAAGCATCAACACCACT_016,41
GCATAAGCATCAACACCACT_017,66
GCATAAGCATCAACACCACT_018,188
GCATAAGCATCAACACCACT_019,46
TGAACCTGGCCGACCCAGTG_001,187
TGAACCTGGCCGACCCAGTG_002,49
TGAACCTGGCCGACCCAGTG_003,29
TGAACCTGGCCGACCCAGTG_004,77
TGAACCTGGCCGACCCAGTG_005,120
TGAACCTGGCCGACCCAGTG_006,34
TGAACCTGGCCGACCCAGTG_007,65
TGAACCTGGCCGACCCAGTG_008,48
TGAACCTGGCCGACCCAGTG_009,111
TGAACCTGGCCGACCCAGTG_010,42
TGAACCTGGCCGACCCAGTG_011,199
TGAACCTGGCCGACCCAGTG_012,34
TGAACCTGGCCGACCCAGTG_013,121
TGAACCTGGCCGACCCAGTG_014,40
TGAACCTGGCCGACCCAGTG_015,63
ATCAGTATGTCCTGTCCCGG_001,124
ATCAGTATGTCCTGTCCCGG_002,48
ATCAGTATGTCCTGTCCCGG_003,134
ATCAGTATGTCCTGTCCCGG_004,158
ATCAGTATGTCCTGTCCCGG_005,77
ATCAGTATGTCCTGTCCCGG_006,41
ATCAGTATGTCCTGTCCCGG_007,49
ATCAGTATGTCCTGTCCCGG_008,102
ATCAGTATGTCCTGTCCCGG_009,84
ATCAGTATGTCCTGTCCCGG_010,165
ATCAGTATGTCCTGTCCCGG_011,142
ATCAGTATGTCCTGTCCCGG_012,138
ATCAGTATGTCCTGTCCCGG_013,78
CAGATAACCTGCAGTTGCCG_001,112
CAGATAACCTGCAGTTGCCG_002,102
CAGATAACCTGCAGTTGCCG_003,144
CAGATAACCTGCAGTTGCCG_004,58
CAGATAACCTGCAGTTGCCG_005,176
CAGATAACCTGCAGTTGCCG_006,197
CAGATAACCTGCAGTTGCCG_007,130
CAGATAACCTGCAGTTGCCG_008,92
CAGATAACCTGCAGTTGCCG_009,9
CAGATAACCTGCAGTTGCCG_010,191
CAGATAACCTGCAGTTGCCG_011,196
CATGGCCTTAGAAGAGATGC_001,115
CACCCAGACGAATTGTACGT_001,197
CACCCAGACGAATTGTACGT_002,63
TGTCAGCCTATGTGGTCCTG_001,59
TGTCAGCCTATGTGGTCCTG_002,38
TGTCAGCCTATGTGGTCCTG_003,85
TGTCAGCCTATGTGGTCCTG_004,68
GTGAGAACGAGGAACATCAG_001,58
GTGAGAACGAGGAACATCAG_002,177
GTGAGAACGAGGAACATCAG_003,63
GTGAGAACGAGGAACATCAG_004,26
GTGAGAACGAGGAACATCAG_005,94
GTGAGAACGAGGAACATCAG_006,58
GTGAGAACGAGGAACATCAG_007,15
GTGAGAACGAGGAACATCAG_008,105
GTGAGAACGAGGAACATCAG_009,159
GTGAGAACGAGGAACATCAG_010,22
GTGAGAACGAGGAACATCAG_011,191
TCCGCACGTACATGTCCACG_001,29
TCCGCACGTACATGTCCACG_002,67
TTGGTAACGATCGAAACCAC_001,31
TTGGTAACGATCGAAACCAC_002,62
TTGGTAACGATCGAAACCAC_003,35
TTGGTAACGATCGAAACCAC_004,78
TTGGTAACGATCGAAACCAC_005,16
TTGGTAACGATCGAAACCAC_006,122
TTGGTAACGATCGAAACCAC_007,25
TTGGTAACGATCGAAACCAC_008,148
GGCCGTACACTTCTCCTGGG_001,181
GGCCGTACACTTCTCCTGGG_002,130
AGGATGTTATGTCAGCTCTG_001,6
AGGATGTTATGTCAGCTCTG_002,102
AGGATGTTATGTCAGCTCTG_003,130
AGGATGTTATGTCAGCTCTG_004,146
AGGATGTTATGTCAGCTCTG_005,110
AGGATGTTATGTCAGCTCTG_006,188
GGAGGTGGTGGGACATGCCA_001,31
GGAGGTGGTGGGACATGCCA_002,169
GGAGGTGGTGGGACATGCCA_003,140
GGAGGTGGTGGGACATGCCA_004,102
TATTTCGAACTTGAATCCTG_001,145
TATTTCGAACTTGAATCCTG_002,115
TATTTCGAACTTGAATCCTG_003,27
TATTTCGAACTTGAATCCTG_004,26
TATTTCGAACTTGAATCCTG_005,82
TATTTCGAACTTGAATCCTG_006,140
GTAAAGACAATAGACGTGCT_001,70
GTAAAGACAATAGACGTGCT_002,185
GTAAAGACAATAGACGTGCT_003,196
GTAAAGACAATAGACGTGCT_004,196
GTAAAGACAATAGACGTGCT_005,61
GTAAAGACAATAGACGTGCT_006,15
GTAAAGACAATAGACGTGCT_007,85
GTAAAGACAATAGACGTGCT_008,61
GTAAAGACAATAGACGTGCT_009,146
GTAAAGACAATAGACGTGCT_010,127
GTAAAGACAATAGACGTGCT_011,22
GTAAAGACAATAGACGTGCT_012,37
GTAAAGACAATAGACGTGCT_013,118
GTAAAGACAATAGACGTGCT_014,28
GTAAAGACAATAGACGTGCT_015,10
GTAAAGACAATAGACGTGCT_016,75
GTAAAGACAATAGACGTGCT_017,39
AGTATCATCGACCATCCATG_001,119
AGTATCATCGACCATCCATG_002,41
AGTATCATCGACCATCCATG_003,23
AGTATCATCGACCATCCATG_004,76
AGTATCATCGACCATCCATG_005,147
GCTGACAGGGCCTTCTGATG_001,184
GCTGACAGGGCCTTCTGATG_002,101
GCTGACAGGGCCTTCTGATG_003,119
GCTGACAGGGCCTTCTGATG_004,199
GCTGACAGGGCCTTCTGATG_005,158
GCTGACAGGGCCTTCTGATG_006,155
GCTGACAGGGCCTTCTGATG_007,154
GCTGACAGGGCCTTCTGATG_008,47
GCTGACAGGGCCTTCTGATG_009,141
CTTCAGGCCACCCAGAAAAG_001,115
CTTCAGGCCACCCAGAAAAG_002,53
CTTCAGGCCACCCAGAAAAG_003,179
ACATGATGTAGAGTTGCTCG_001,105
ACATGATGTAGAGTTGCTCG_002,172
CAAGGGGCCATGGACCAAAG_001,162
CAAGGGGCCATGGACCAAAG_002,150
CAAGGGGCCATGGACCAAAG_003,10
CAAGGGGCCATGGACCAAAG_004,174
CAAGGGGCCATGGACCAAAG_005,178
CAAGGGGCCATGGACCAAAG_006,23
GAGGCGCCAGACTACGGGCG_001,148
GAGGCGCCAGACTACGGGCG_002,118
GAGGCGCCAGACTACGGGCG_003,134
GAGGCGCCAGACTACGGGCG_004,40
GAGGCGCCAGACTACGGGCG_005,162
GAGGCGCCAGACTACGGGCG_006,88
GAGGCGCCAGACTACGGGCG_007,45
GAGGCGCCAGACTACGGGCG_008,70
GAGGCGCCAGACTACGGGCG_009,112
GAGGCGCCAGACTACGGGCG_010,47
GAGGCGCCAGACTACGGGCG_011,36
GAGGCGCCAGACTACGGGCG_012,159
GAGGCGCCAGACTACGGGCG_013,13
GAGGCGCCAGACTACGGGCG_014,183
GAGGCGCCAGACTACGGGCG_015,162
GAGGCGCCAGACTACGGGCG_016,141
GAGGCGCCAGACTACGGGCG_017,67
GAGGCGCCAGACTACGGGCG_018,170
GAGGCGCCAGACTACGGGCG_019,117
GAGGCGCCAGACTACGGGCG_020,104
GAGGCGCCAGACTACGGGCG_021,127
GAGGCGCCAGACTACGGGCG_022,193
GAGGCGCCAGACTACGGGCG_023,41
GAGGCGCCAGACTACGGGCG_024,88
GAGGCGCCAGACTACGGGCG_025,140
GAGGCGCCAGACTACGGGCG_026,105
GAGGCGCCAGACTACGGGCG_027,41
GAGGCGCCAGACTACGGGCG_028,62
GAGGCGCCAGACTACGGGCG_029,168
GAGGCGCCAGACTACGGGCG_030,57
GAGGCGCCAGACTACGGGCG_031,62
GAGGCGCCAGACTACGGGCG_032,29
GAGGCGCCAGACTACGGGCG_033,158
TAGTAGACCAGCCTATGGGA_001,68
TAGTAGACCAGCCTATGGGA_002,155
TAGTAGACCAGCCTATGGGA_003,149
TAGTAGACCAGCCTATGGGA_004,154
TAGTAGACCAGCCTATGGGA_005,29
TAGTAGACCAGCCTATGGGA_006,16
TAGTAGACCAGCCTATGGGA_007,13
TAGTAGACCAGCCTATGGGA_008,126
TAGTAGACCAGCCTATGGGA_009,8
TAGTAGACCAGCCTATGGGA_010,155
TAGTAGACCAGCCTATGGGA_011,137
TAGTAGACCAGCCTATGGGA_012,195
TAGTAGACCAGCCTATGGGA_013,123
TAGTAGACCAGCCTATGGGA_014,144
TAGTAGACCAGCCTATGGGA_015,145
TAGTAGACCAGCCTATGGGA_016,8
TAGTAGACCAGCCTATGGGA_017,52
TAGTAGACCAGCCTATGGGA_018,44
TAGTAGACCAGCCTATGGGA_019,144
TAGTAGACCAGCCTATGGGA_020,15
AGTCAAAGACTCATACCAAG_001,59
AGTCAAAGACTCATACCAAG_002,10
AGTCAAAGACTCATACCAAG_003,170
AGTCAAAGACTCATACCAAG_004,110
AGTCAAAGACTCATACCAAG_005,27
AGTCAAAGACTCATACCAAG_006,108
AGTCAAAGACTCATACCAAG_007,101
TGGGGGTGGGACACTTGGGA_001,12
TGGGGGTGGGACACTTGGGA_002,37
TGGGGGTGGGACACTTGGGA_003,48
TGGGGGTGGGACACTTGGGA_004,30
TGGGGGTGGGACACTTGGGA_005,16
TGGGGGTGGGACACTTGGGA_006,137
TGGGGGTGGGACACTTGGGA_007,107
TGGGGGTGGGACACTTGGGA_008,10
TGGGGGTGGGACACTTGGGA_009,80
TGGGGGTGGGACACTTGGGA_010,199
TGGGGGTGGGACACTTGGGA_011,175
TGGGGGTGGGACACTTGGGA_012,80
TGCAACAAAACGTTCCAAGT_001,137
TGCAACAAAACGTTCCAAGT_002,77
TGCAACAAAACGTTCCAAGT_003,113
TGCAACAAAACGTTCCAAGT_004,54
TGCAACAAAACGTTCCAAGT_005,32
TGCAACAAAACGTTCCAAGT_006,19
TGCAACAAAACGTTCCAAGT_007,150
TGCAACAAAACGTTCCAAGT_008,0
TGCAACAAAACGTTCCAAGT_009,1
TGCAACAAAACGTTCCAAGT_010,146
GAGTATCGATCAACAAAACC_001,30
GAGTATCGATCAACAAAACC_002,40
GAGTATCGATCAACAAAACC_003,40
GAGTATCGATCAACAAAACC_004,187
GAGTATCGATCAACAAAACC_005,85
GAGTATCGATCAACAAAACC_006,1
GAGTATCGATCAACAAAACC_007,162
CTCAACCGATTCCTTAGACG_001,82
CTCAACCGATTCCTTAGACG_002,104
CCGGAAACCTGGACGCTAGG_001,63
CCGGAAACCTGGACGCTAGG_002,18
CCGGAAACCTGGACGCTAGG_003,74
CCGGAAACCTGGACGCTAGG_004,125
CCGGAAACCTGGACGCTAGG_005,154
CCGGAAACCTGGACGCTAGG_006,168
CCGGAAACCTGGACGCTAGG_007,175
CCGGAAACCTGGACGCTAGG_008,28
CCGGAAACCTGGACGCTAGG_009,105
CCGGAAACCTGGACGCTAGG_010,172
CCGGAAACCTGGACGCTAGG_011,170
CCGGAAACCTGGACGCTAGG_012,82
CCGGAAACCTGGACGCTAGG_013,145
CCGGAAACCTGGACGCTAGG_014,88
CCGGAAACCTGGACGCTAGG_015,160
CCGGAAACCTGGACGCTAGG_016,190
CCGGAAACCTGGACGCTAGG_017,34
CCGGAAACCTGGACGCTAGG_018,97
CCGGAAACCTGGACGCTAGG_019,6
CCGGAAACCTGGACGCTAGG_020,142
CCGGAAACCTGGACGCTAGG_021,137
CCGGAAACCTGGACGCTAGG_022,173
CCGGAAACCTGGACGCTAGG_023,173
CCGGAAACCTGGACGCTAGG_024,79
CCGGAAACCTGGACGCTAGG_025,9
CCGACAGGCGCAGGAAGTAG_001,102
CCGACAGGCGCAGGAAGTAG_002,54
CCGACAGGCGCAGGAAGTAG_003,62
CCGACAGGCGCAGGAAGTAG_004,149
CCGACAGGCGCAGGAAGTAG_005,192
CCGACAGGCGCAGGAAGTAG_006,176
CCGACAGGCGCAGGAAGTAG_007,195
CCGACAGGCGCAGGAAGTAG_008,50
CCGACAGGCGCAGGAAGTAG_009,188
CCGACAGGCGCAGGAAGTAG_010,184
CCGACAGGCGCAGGAAGTAG_011,19
CCGACAGGCGCAGGAAGTAG_012,64
CCGACAGGCGCAGGAAGTAG_013,62
CCGACAGGCGCAGGAAGTAG_014,15
CCGACAGGCGCAGGAAGTAG_015,60
CCGACAGGCGCAGGAAGTAG_016,168
CCGACAGGCGCAGGAAGTAG_017,126
TGGAGGGCGTGTCAACCACC_001,49
TGGAGGGCGTGTCAACCACC_002,109
TGGAGGGCGTGTCAACCACC_003,150
TGGAGGGCGTGTCAACCACC_004,162
TGGAGGGCGTGTCAACCACC_005,16
TGGAGGGCGTGTCAACCACC_006,50
TGGAGGGCGTGTCAACCACC_007,103
TGGAGGGCGTGTCAACCACC_008,63
TGGAGGGCGTGTCAACCACC_009,8
TGGAGGGCGTGTCAACCACC_010,69
TGGAGGGCGTGTCAACCACC_011,156
TGGAGGGCGTGTCAACCACC_012,83
TGGAGGGCGTGTCAACCACC_013,169
TGGAGGGCGTGTCAACCACC_014,48
TGGAGGGCGTGTCAACCACC_015,60
TGGAGGGCGTGTCAACCACC_016,44
TGGAGGGCGTGTCAACCACC_017,175
TGGAGGGCGTGTCAACCACC_018,98
TGGAGGGCGTGTCAACCACC_019,168
TGGAGGGCGTGTCAACCACC_020,196
TGGAGGGCGTGTCAACCACC_021,28
TGGAGGGCGTGTCAACCACC_022,1
TGGAGGGCGTGTCAACCACC_023,66
TGGAGGGCGTGTCAACCACC_024,112
TGGAGGGCGTGTCAACCACC_025,168
TGGAGGGCGTGTCAACCACC_026,56
GCTATAAGCATTATGACCCC_001,177
GTCAGTCCTCCTGAACACTG_001,154
GTCAGTCCTCCTGAACACTG_002,32
GTCAGTCCTCCTGAACACTG_003,16
GTCAGTCCTCCTGAACACTG_004,119
GTCAGTCCTCCTGAACACTG_005,32
GTCAGTCCTCCTGAACACTG_006,171
GTCAGTCCTCCTGAACACTG_007,131
GTCAGTCCTCCTGAACACTG_008,68
GTCAGTCCTCCTGAACACTG_009,43
GTCAGTCCTCCTGAACACTG_010,73
GTCAGTCCTCCTGAACACTG_011,160
GTCAGTCCTCCTGAACACTG_012,142
GTCAGTCCTCCTGAACACTG_013,23
GTCAGTCCTCCTGAACACTG_014,185
GTCAGTCCTCCTGAACACTG_015,68
GTCAGTCCTCCTGAACACTG_016,41
GTCAGTCCTCCTGAACACTG_017,182
GTCAGTCCTCCTGAACACTG_018,188
GTCAGTCCTCCTGAACACTG_019,168
GTCAGTCCTCCTGAACACTG_020,16
GTCAGTCCTCCTGAACACTG_021,147
GTCAGTCCTCCTGAACACTG_022,35
GTCAGTCCTCCTGAACACTG_023,162
GTGGTGAAACTGAGGAACCA_001,8
GTGGTGAAACTGAGGAACCA_002,54
GTGGTGAAACTGAGGAACCA_003,56
GTGGTGAAACTGAGGAACCA_004,12
GTGGTGAAACTGAGGAACCA_005,157
GTGGTGAAACTGAGGAACCA_006,142
GCTTGTGACAGATTCCCAGT_001,103
GCTTGTGACAGATTCCCAGT_002,82
GCTTGTGACAGATTCCCAGT_003,115
GCTTGTGACAGATTCCCAGT_004,176
GCTTGTGACAGATTCCCAGT_005,130
GCTTGTGACAGATTCCCAGT_006,56
GCTTGTGACAGATTCCCAGT_007,171
TGTCATTGACCAGATTGACA_001,168
AGAACTGGTTCAGTTCGTGG_001,21
AGAACTGGTTCAGTTCGTGG_002,48
AGAACTGGTTCAGTTCGTGG_003,175
CACCTGCGCGGAACAGACGG_001,142
CACCTGCGCGGAACAGACGG_002,62
CACCTGCGCGGAACAGACGG_003,28
CACCTGCGCGGAACAGACGG_004,104
CACCTGCGCGGAACAGACGG_005,1
CACCTGCGCGGAACAGACGG_006,32
CACCTGCGCGGAACAGACGG_007,194
CACCTGCGCGGAACAGACGG_008,19
CACCTGCGCGGAACAGACGG_009,19
CACCTGCGCGGAACAGACGG_010,58
CACCTGCGCGGAACAGACGG_011,26
CACCTGCGCGGAACAGACGG_012,179
CACCTGCGCGGAACAGACGG_013,140
CACCTGCGCGGAACAGACGG_014,27
CACCTGCGCGGAACAGACGG_015,37
CACCTGCGCGGAACAGACGG_016,145
CACCTGCGCGGAACAGACGG_017,169
CACCTGCGCGGAACAGACGG_018,140
CACCTGCGCGGAACAGACGG_019,190
CACCTGCGCGGAACAGACGG_020,78
CACCTGCGCGGAACAGACGG_021,59
CACCTGCGCGGAACAGACGG_022,120
CACCTGCGCGGAACAGACGG_023,148
CACCTGCGCGGAACAGACGG_024,198
CACCTGCGCGGAACAGACGG_025,145
CACCTGCGCGGAACAGACGG_026,1
CACCTGCGCGGAACAGACGG_027,9
CACCTGCGCGGAACAGACGG_028,178
CACCTGCGCGGAACAGACGG_029,95
CACCTGCGCGGAACAGACGG_030,67
CACCTGCGCGGAACAGACGG_031,22
CACCTGCGCGGAACAGACGG_032,140
CACCTGCGCGGAACAGACGG_033,121
CACCTGCGCGGAACAGACGG_034,178
CACCTGCGCGGAACAGACGG_035,10
CACCTGCGCGGAACAGACGG_036,188
CACCTGCGCGGAACAGACGG_037,178
CACCTGCGCGGAACAGACGG_038,152
CACCTGCGCGGAACAGACGG_039,2
CACCTGCGCGGAACAGACGG_040,94
CACCTGCGCGGAACAGACGG_041,199
CACCTGCGCGGAACAGACGG_042,160
CACCTGCGCGGAACAGACGG_043,116
CACCTGCGCGGAACAGACGG_044,104
CACCTGCGCGGAACAGACGG_045,158
CCCCCAGTGGGTGCTAACCG_001,198
CCCCCAGTGGGTGCTAACCG_002,43
CCCCCAGTGGGTGCTAACCG_003,7
CCCCCAGTGGGTGCTAACCG_004,150
CCCCCAGTGGGTGCTAACCG_005,30
CCCCCAGTGGGTGCTAACCG_006,98
CCCCCAGTGGGTGCTAACCG_007,193
CCCCCAGTGGGTGCTAACCG_008,147
CCCCCAGTGGGTGCTAACCG_009,177
CCCCCAGTGGGTGCTAACCG_010,123
CCCCCAGTGGGTGCTAACCG_011,198
CCCCCAGTGGGTGCTAACCG_012,70
CCCCCAGTGGGTGCTAACCG_013,124
AGTGTGGACTCAGACCACCT_001,68
AGTGTGGACTCAGACCACCT_002,184
AGTGTGGACTCAGACCACCT_003,80
AGTGTGGACTCAGACCACCT_004,53
CTGCTCGAACTCGTACCGGG_001,168
CTGCTCGAACTCGTACCGGG_002,155
CTGCTCGAACTCGTACCGGG_003,23
AGAACTTGGCACATGCATCA_001,50
AGAACTTGGCACATGCATCA_002,42
AGAACTTGGCACATGCATCA_003,174
AGAACTTGGCACATGCATCA_004,147
AGAACTTGGCACATGCATCA_005,115
AGAACTTGGCACATGCATCA_006,50
AGAACTTGGCACATGCATCA_007,96
AGAACTTGGCACATGCATCA_008,77
AGAACTTGGCACATGCATCA_009,37
TGAATCTGGTCGCTTCCGGA_001,166
TGAATCTGGTCGCTTCCGGA_002,69
TGAATCTGGTCGCTTCCGGA_003,89
TGAATCTGGTCGCTTCCGGA_004,175
TGAATCTGGTCGCTTCCGGA_005,62
TGAATCTGGTCGCTTCCGGA_006,142
GCATAACTGATGGCCAGCTG_001,150
GCATAACTGATGGCCAGCTG_002,70
GCATAACTGATGGCCAGCTG_003,199
GCATAACTGATGGCCAGCTG_004,113
GCATAACTGATGGCCAGCTG_005,122
GCATAACTGATGGCCAGCTG_006,116
GCATAACTGATGGCCAGCTG_007,110
GCATAACTGATGGCCAGCTG_008,66
GCATAACTGATGGCCAGCTG_009,45
GCATAACTGATGGCCAGCTG_010,73
GATAGGGATCCAGCACGGGT_001,55
GATAGGGATCCAGCACGGGT_002,107
GATAGGGATCCAGCACGGGT_003,11
GATAGGGATCCAGCACGGGT_004,41
GTGGTACTGAGTTCATACCG_001,57
GTGGTACTGAGTTCATACCG_002,169
CATCACAGTACACATGAACA_001,93
CATCACAGTACACATGAACA_002,9
CATCACAGTACACATGAACA_003,149
CATCACAGTACACATGAACA_004,60
CATCACAGTACACATGAACA_005,121
CATCACAGTACACATGAACA_006,99
CACAATCAACACCCACCTCC_001,107
CACAATCAACACCCACCTCC_002,87
CACAATCAACACCCACCTCC_003,11
CCAGATTCGGATTCCGCAGG_001,77
CCAGATTCGGATTCCGCAGG_002,161
TGTACACCTAGGCTCCACCG_001,1
TGTACACCTAGGCTCCACCG_002,178
TGTACACCTAGGCTCCACCG_003,162
TGTACACCTAGGCTCCACCG_004,94
TGTACACCTAGGCTCCACCG_005,25
TGTACACCTAGGCTCCACCG_006,1
TGTACACCTAGGCTCCACCG_007,90
AAGTTATGTAACTCACAGGC_001,154
AAGTTATGTAACTCACAGGC_002,21
AGGCCGAGAAGAACCACGTG_001,54
AGGCCGAGAAGAACCACGTG_002,132
AGGCCGAGAAGAACCACGTG_003,161
AGGCCGAGAAGAACCACGTG_004,99
AGGCCGAGAAGAACCACGTG_005,58
AGGCCGAGAAGAACCACGTG_006,61
AGGCCGAGAAGAACCACGTG_007,186
CAAGCCCGAGTTCTACATGC_001,38
CAAGCCCGAGTTCTACATGC_002,126
CAAGCCCGAGTTCTACATGC_003,143
CAAGCCCGAGTTCTACATGC_004,32
CAAGCCCGAGTTCTACATGC_005,88
CAAGCCCGAGTTCTACATGC_006,38
CAAGCCCGAGTTCTACATGC_007,123
AGACGTACAGAAACAGCCCG_001,173
AGACGTACAGAAACAGCCCG_002,162
AGACGTACAGAAACAGCCCG_003,88
AGACGTACAGAAACAGCCCG_004,169
AGACGTACAGAAACAGCCCG_005,68
CATCATCTTCAGGAGGAGGA_001,26
ACACTTTGTACGGCAGCCGT_001,36
ACACTTTGTACGGCAGCCGT_002,44
ACACTTTGTACGGCAGCCGT_003,158
ACACTTTGTACGGCAGCCGT_004,66
CGAAGTTGGAGGTACCATCG_001,49
CGAAGTTGGAGGTACCATCG_002,149
CGAAGTTGGAGGTACCATCG_003,1
CGAAGTTGGAGGTACCATCG_004,77
CGAAGTTGGAGGTACCATCG_005,80
CGAAGTTGGAGGTACCATCG_006,6
GAGTAGTCATGTCAAATAGC_001,5
GAGTAGTCATGTCAAATAGC_002,16
GAGTAGTCATGTCAAATAGC_003,169
GAGTAGTCATGTCAAATAGC_004,127
GAGTAGTCATGTCAAATAGC_005,60
GAGTAGTCATGTCAAATAGC_006,41
GAGTAGTCATGTCAAATAGC_007,94
GAGTAGTCATGTCAAATAGC_008,177
GAGTAGTCATGTCAAATAGC_009,27
GAGTAGTCATGTCAAATAGC_010,196
GAGTAGTCATGTCAAATAGC_011,133
GAGTAGTCATGTCAAATAGC_012,180
GAGTAGTCATGTCAAATAGC_013,187
AGGGTCAGTGCTCTTCACAA_001,34
AGGGTCAGTGCTCTTCACAA_002,70
AGGGTCAGTGCTCTTCACAA_003,76
AGGGTCAGTGCTCTTCACAA_004,60
AGGGTCAGTGCTCTTCACAA_005,184
AGGGTCAGTGCTCTTCACAA_006,94
AGGGTCAGTGCTCTTCACAA_007,140
AGGGTCAGTGCTCTTCACAA_008,190
AGGGTCAGTGCTCTTCACAA_009,12
AGGGTCAGTGCTCTTCACAA_010,91
AGGGTCAGTGCTCTTCACAA_011,30
AGGGTCAGTGCTCTTCACAA_012,11
AGGGTCAGTGCTCTTCACAA_013,156
AGGGTCAGTGCTCTTCACAA_014,32
AGGGTCAGTGCTCTTCACAA_015,199
AGGGTCAGTGCTCTTCACAA_016,165
AGGGTCAGTGCTCTTCACAA_017,142
AGGGTCAGTGCTCTTCACAA_018,1
AACAGTGAAACTCTGTTGAG_001,133
AACAGTGAAACTCTGTTGAG_002,6
AACAGTGAAACTCTGTTGAG_003,148
AACAGTGAAACTCTGTTGAG_004,150
AACAGTGAAACTCTGTTGAG_005,98
AACAGTGAAACTCTGTTGAG_006,146
AACGGCTACCCATTGCCTGA_001,15
AACGGCTACCCATTGCCTGA_002,107
AACGGCTACCCATTGCCTGA_003,41
AACGGCTACCCATTGCCTGA_004,199
AACGGCTACCCATTGCCTGA_005,118
AACGGCTACCCATTGCCTGA_006,138
GTGACTTGTCAAGACAGCTG_001,186
GTGACTTGTCAAGACAGCTG_002,150
GTGACTTGTCAAGACAGCTG_003,176
GTGACTTGTCAAGACAGCTG_004,68
GTGACTTGTCAAGACAGCTG_005,163
GTGACTTGTCAAGACAGCTG_006,68
GTGAGATGCACCTTTTGGCC_001,165
CTGGGACTGTACCTGCATCG_001,29
CTGGGACTGTACCTGCATCG_002,158
CTGGGACTGTACCTGCATCG_003,81
CTGGGACTGTACCTGCATCG_004,76
CTGGGACTGTACCTGCATCG_005,91
CTGGGACTGTACCTGCATCG_006,153
CTGGCTACTCGTATCGAACA_001,7
CTGGCTACTCGTATCGAACA_002,62
GTTCTCCTTATACATAACGC_001,112
GTTCTCCTTATACATAACGC_002,159
GTTCTCCTTATACATAACGC_003,16
CATCCGGGGAAGAACTTCCG_001,19
CATCCGGGGAAGAACTTCCG_002,41
CATCCGGGGAAGAACTTCCG_003,12
CATCCGGGGAAGAACTTCCG_004,18
CATCCGGGGAAGAACTTCCG_005,171
CATCCGGGGAAGAACTTCCG_006,80
CATCCGGGGAAGAACTTCCG_007,83
CATCCGGGGAAGAACTTCCG_008,52
CATCCGGGGAAGAACTTCCG_009,40
CATCCGGGGAAGAACTTCCG_010,191
CATCCGGGGAAGAACTTCCG_011,94
CATCCGGGGAAGAACTTCCG_012,1
CATCCGGGGAAGAACTTCCG_013,148
CATCCGGGGAAGAACTTCCG_014,172
CATCCGGGGAAGAACTTCCG_015,164
CATCCGGGGAAGAACTTCCG_016,96
CATCCGGGGAAGAACTTCCG_017,169
CATCCGGGGAAGAACTTCCG_018,35
CATCCGGGGAAGAACTTCCG_019,112
CATCCGGGGAAGAACTTCCG_020,26
CATCCGGGGAAGAACTTCCG_021,194
CATCCGGGGAAGAACTTCCG_022,13
CATCCGGGGAAGAACTTCCG_023,175
CATCCGGGGAAGAACTTCCG_024,72
CATCCGGGGAAGAACTTCCG_025,52
CATCCGGGGAAGAACTTCCG_026,14
CATCCGGGGAAGAACTTCCG_027,111
CATCCGGGGAAGAACTTCCG_028,78
TCCATCCCAGATACATTCCG_001,8
TCCATCCCAGATACATTCCG_002,21
TCCATCCCAGATACATTCCG_003,43
TCCATCCCAGATACATTCCG_004,181
TCCATCCCAGATACATTCCG_005,101
TCCATCCCAGATACATTCCG_006,0
TCCATCCCAGATACATTCCG_007,48
GGTGGAATATTACCAGTCAG_001,46
ATACATCAGTTGAACATACC_001,44
ATACATCAGTTGAACATACC_002,48
GCAGGTGGGAGTCCAAACCT_001,145
GCAGGTGGGAGTCCAAACCT_002,188
TAGAAACTTCATTGTCGCTG_001,195
TAGAAACTTCATTGTCGCTG_002,68
TAGAAACTTCATTGTCGCTG_003,141
CATACTCAAATAGTCGCAGA_001,198
CATACTCAAATAGTCGCAGA_002,141
CATACTCAAATAGTCGCAGA_003,23
GAGAATGGCTGCAAGTCAGA_001,41
GAGAATGGCTGCAAGTCAGA_002,72
GAGAATGGCTGCAAGTCAGA_003,93
GAGAATGGCTGCAAGTCAGA_004,159
GAGAATGGCTGCAAGTCAGA_005,118
GAGAATGGCTGCAAGTCAGA_006,15
GAGAATGGCTGCAAGTCAGA_007,118
GAGAATGGCTGCAAGTCAGA_008,41
GAGAATGGCTGCAAGTCAGA_009,117
GAGAATGGCTGCAAGTCAGA_010,136
TGCTTGCAAAGGAATGCGCT_001,97
TGCTTGCAAAGGAATGCGCT_002,148
TGCTTGCAAAGGAATGCGCT_003,2
TGCTTGCAAAGGAATGCGCT_004,14
TGCTTGCAAAGGAATGCGCT_005,20
TGCTTGCAAAGGAATGCGCT_006,197
TGCTTGCAAAGGAATGCGCT_007,107
TGCTTGCAAAGGAATGCGCT_008,191
AAATGATTCCGGTATCAACG_001,78
AAATGATTCCGGTATCAACG_002,101
AAATGATTCCGGTATCAACG_003,15
AAATGATTCCGGTATCAACG_004,100
AAATGATTCCGGTATCAACG_005,43
AAATGATTCCGGTATCAACG_006,189
CTACAAGCTAGTAACAGATG_001,29
CTACAAGCTAGTAACAGATG_002,33
CTACAAGCTAGTAACAGATG_003,124
TCCCTGGGGAGTCGGCACCG_001,22
TCCCTGGGGAGTCGGCACCG_002,106
TCCCTGGGGAGTCGGCACCG_003,3
TCCCTGGGGAGTCGGCACCG_004,107
TCCCTGGGGAGTCGGCACCG_005,34
TCCCTGGGGAGTCGGCACCG_006,188
TCCCTGGGGAGTCGGCACCG_007,149
TCCCTGGGGAGTCGGCACCG_008,174
TCCCTGGGGAGTCGGCACCG_009,37
TCCCTGGGGAGTCGGCACCG_010,183
TCCCTGGGGAGTCGGCACCG_011,16
TCCCTGGGGAGTCGGCACCG_012,130
TCCCTGGGGAGTCGGCACCG_013,145
TCCCTGGGGAGTCGGCACCG_014,31
TCCCTGGGGAGTCGGCACCG_015,148
TCCCTGGGGAGTCGGCACCG_016,115
TCCCTGGGGAGTCGGCACCG_017,82
TCCCTGGGGAGTCGGCACCG_018,92
TCCCTGGGGAGTCGGCACCG_019,34
TCCCTGGGGAGTCGGCACCG_020,139
TCCCTGGGGAGTCGGCACCG_021,190
TCCCTGGGGAGTCGGCACCG_022,26
TCCCTGGGGAGTCGGCACCG_023,133
TCCCTGGGGAGTCGGCACCG_024,159
TCCCTGGGGAGTCGGCACCG_025,64
TTTCTCTTAAAAATGTGACA_001,61
TTTCTCTTAAAAATGTGACA_002,165
TTTCTCTTAAAAATGTGACA_003,193
CGAATACCTGGGGAACTCCG_001,166
CGAATACCTGGGGAACTCCG_002,111
CGAATACCTGGGGAACTCCG_003,113
CGAATACCTGGGGAACTCCG_004,22
CGAATACCTGGGGAACTCCG_005,101
CGAATACCTGGGGAACTCCG_006,143
CGAATACCTGGGGAACTCCG_007,193
CGAATACCTGGGGAACTCCG_008,144
CGAATACCTGGGGAACTCCG_009,57
CGAATACCTGGGGAACTCCG_010,8
CGAATACCTGGGGAACTCCG_011,153
CGAATACCTGGGGAACTCCG_012,148
TGCTGCGTTACCGCCACAAG_001,127
TGCTGCGTTACCGCCACAAG_002,177
TGCTGCGTTACCGCCACAAG_003,48
TGCTGCGTTACCGCCACAAG_004,91
TGCTGCGTTACCGCCACAAG_005,127
TGCTGCGTTACCGCCACAAG_006,159
TGCTGCGTTACCGCCACAAG_007,78
TGCTGCGTTACCGCCACAAG_008,43
TGCTGCGTTACCGCCACAAG_009,66
TGCTGCGTTACCGCCACAAG_010,192
TGCTGCGTTACCGCCACAAG_011,190
AGGTCAATATCGTGAGACTG_001,58
AGGTCAATATCGTGAGACTG_002,31
TTGGTCATCAAGTCCAAGCA_001,1
TTGGTCATCAAGTCCAAGCA_002,82
TTGGTCATCAAGTCCAAGCA_003,24
TTGGTCATCAAGTCCAAGCA_004,48
TTGGTCATCAAGTCCAAGCA_005,184
TTGGTCATCAAGTCCAAGCA_006,29
TTGGTCATCAAGTCCAAGCA_007,6
TTGGTCATCAAGTCCAAGCA_008,98
TTGGTCATCAAGTCCAAGCA_009,128
TTGGTCATCAAGTCCAAGCA_010,20
TTGGTCATCAAGTCCAAGCA_011,61
TTGGTCATCAAGTCCAAGCA_012,70
TTGGTCATCAAGTCCAAGCA_013,183
TTGGTCATCAAGTCCAAGCA_014,172
TTGGTCATCAAGTCCAAGCA_015,149
TTGGTCATCAAGTCCAAGCA_016,165
TTGGTCATCAAGTCCAAGCA_017,152
TTGGTCATCAAGTCCAAGCA_018,27
TTGGTCATCAAGTCCAAGCA_019,162
TTGGTCATCAAGTCCAAGCA_020,34
TTGGTCATCAAGTCCAAGCA_021,1
TTGGTCATCAAGTCCAAGCA_022,57
TTGGTCATCAAGTCCAAGCA_023,90
TTGGTCATCAAGTCCAAGCA_024,12
TTGGTCATCAAGTCCAAGCA_025,6
TTGGTCATCAAGTCCAAGCA_026,61
GAGTAAAGTTAACATCTTGG_001,163
GAGTAAAGTTAACATCTTGG_002,43
GAGTAAAGTTAACATCTTGG_003,162
CAACAGTGAATGGCTTGGAG_001,169
CAACAGTGAATGGCTTGGAG_002,17
CAACAGTGAATGGCTTGGAG_003,27
CAACAGTGAATGGCTTGGAG_004,160
CAACAGTGAATGGCTTGGAG_005,94
CAACAGTGAATGGCTTGGAG_006,181
CAACAGTGAATGGCTTGGAG_007,6
CAACAGTGAATGGCTTGGAG_008,190
CAACAGTGAATGGCTTGGAG_009,55
CAACAGTGAATGGCTTGGAG_010,24
CAACAGTGAATGGCTTGGAG_011,146
CAACAGTGAATGGCTTGGAG_012,72
CAACAGTGAATGGCTTGGAG_013,26
GATCACTACTGGTTACAACC_001,15
GATCACTACTGGTTACAACC_002,116
GATCACTACTGGTTACAACC_003,154
GATCACTACTGGTTACAACC_004,105
GATCACTACTGGTTACAACC_005,48
GTCAGAAACTAAGCTCACGG_001,160
GTCAGAAACTAAGCTCACGG_002,146
GTCAGAAACTAAGCTCACGG_003,3
GTCAGAAACTAAGCTCACGG_004,22
GTCAGAAACTAAGCTCACGG_005,153
GGGATAGATGTAGTTTGCTG_001,115
GGGATAGATGTAGTTTGCTG_002,166
TAATGGTATCGATCCTAATG_001,130
TAATGGTATCGATCCTAATG_002,22
CCGCCAGGGCCAGTCTCGAT_001,6
CCGCCAGGGCCAGTCTCGAT_002,6
CCGCCAGGGCCAGTCTCGAT_003,169
CCGCCAGGGCCAGTCTCGAT_004,103
CCGCCAGGGCCAGTCTCGAT_005,52
CCGCCAGGGCCAGTCTCGAT_006,88
CCGCCAGGGCCAGTCTCGAT_007,66
CACATCCGAATGCATATGGG_001,74
CACATCCGAATGCATATGGG_002,84
CACATCCGAATGCATATGGG_003,34
GCGTGCGTAGAGGATCACGA_001,61
GCGTGCGTAGAGGATCACGA_002,198
GCGTGCGTAGAGGATCACGA_003,78
GCGTGCGTAGAGGATCACGA_004,133
GCGTGCGTAGAGGATCACGA_005,29
GCGTGCGTAGAGGATCACGA_006,16
GCGTGCGTAGAGGATCACGA_007,177
GCGTGCGTAGAGGATCACGA_008,185
GCGTGCGTAGAGGATCACGA_009,108
GCGTGCGTAGAGGATCACGA_010,194
GCGTGCGTAGAGGATCACGA_011,191
GCGTGCGTAGAGGATCACGA_012,91
GCGTGCGTAGAGGATCACGA_013,68
GGAACAAGGACTTATCCGCT_001,154
GGAACAAGGACTTATCCGCT_002,163
GGAACAAGGACTTATCCGCT_003,60
GGAACAAGGACTTATCCGCT_004,55
GGGTGTGGAGAAACTCAGGT_001,162
GGGTGTGGAGAAACTCAGGT_002,19
GGGTGTGGAGAAACTCAGGT_003,50
GGGTGTGGAGAAACTCAGGT_004,1
GGGTGTGGAGAAACTCAGGT_005,2
GGGTGTGGAGAAACTCAGGT_006,56
AGATATTCAGGACGCGCCGG_001,15
AGATATTCAGGACGCGCCGG_002,175
AGATATTCAGGACGCGCCGG_003,102
AGATATTCAGGACGCGCCGG_004,11
AGATATTCAGGACGCGCCGG_005,63
AGATATTCAGGACGCGCCGG_006,150
AGATATTCAGGACGCGCCGG_007,15
AGATATTCAGGACGCGCCGG_008,40
AGATATTCAGGACGCGCCGG_009,5
AGATATTCAGGACGCGCCGG_010,20
AGATATTCAGGACGCGCCGG_011,113
AGATATTCAGGACGCGCCGG_012,9
AGATATTCAGGACGCGCCGG_013,12
AGATATTCAGGACGCGCCGG_014,141
AGATATTCAGGACGCGCCGG_015,76
AGATATTCAGGACGCGCCGG_016,101
GCCAGGGAGAAGTTACACAC_001,10
GCCAGGGAGAAGTTACACAC_002,148
GCCAGGGAGAAGTTACACAC_003,127
GCCAGGGAGAAGTTACACAC_004,41
GCCAGGGAGAAGTTACACAC_005,161
AAAAATCGCGTTCAAAACCT_001,5
AAAAATCGCGTTCAAAACCT_002,180
ATACAGCTTGTGCCAATGCG_001,25
ATACAGCTTGTGCCAATGCG_002,80
ATACAGCTTGTGCCAATGCG_003,125
ATACAGCTTGTGCCAATGCG_004,73
ATACAGCTTGTGCCAATGCG_005,34
ATACAGCTTGTGCCAATGCG_006,115
ATACAGCTTGTGCCAATGCG_007,124
ATACAGCTTGTGCCAATGCG_008,89
GAGCTCGCACATGTCCACCG_001,160
GAGCTCGCACATGTCCACCG_002,193
GAGCTCGCACATGTCCACCG_003,193
GAGCTCGCACATGTCCACCG_004,60
GAGCTCGCACATGTCCACCG_005,127
GAGCTCGCACATGTCCACCG_006,160
CTATCAGCAAGTTTGTCAGT_001,12
CTATCAGCAAGTTTGTCAGT_002,88
CTATCAGCAAGTTTGTCAGT_003,70
CTATCAGCAAGTTTGTCAGT_004,108
CTATCAGCAAGTTTGTCAGT_005,80
CTATCAGCAAGTTTGTCAGT_006,108
CTATCAGCAAGTTTGTCAGT_007,161
CTATCAGCAAGTTTGTCAGT_008,168
CTATCAGCAAGTTTGTCAGT_009,49
CTATCAGCAAGTTTGTCAGT_010,10
CTATCAGCAAGTTTGTCAGT_011,94
CTATCAGCAAGTTTGTCAGT_012,105
CTATCAGCAAGTTTGTCAGT_013,76
CTATCAGCAAGTTTGTCAGT_014,104
CTATCAGCAAGTTTGTCAGT_015,46
CTATCAGCAAGTTTGTCAGT_016,50
CTATCAGCAAGTTTGTCAGT_017,66
GCCCTTCAATGCGTTCCGTA_001,182
GCCCTTCAATGCGTTCCGTA_002,48
GCCCTTCAATGCGTTCCGTA_003,86
GCCCTTCAATGCGTTCCGTA_004,17
GCCCTTCAATGCGTTCCGTA_005,76
GCCCTTCAATGCGTTCCGTA_006,37
GCCCTTCAATGCGTTCCGTA_007,20
GCCCTTCAATGCGTTCCGTA_008,28
GCCCTTCAATGCGTTCCGTA_009,100
GCCCTTCAATGCGTTCCGTA_010,117
GCCCTTCAATGCGTTCCGTA_011,62
GCCCTTCAATGCGTTCCGTA_012,162
GCCCTTCAATGCGTTCCGTA_013,68
GCCCTTCAATGCGTTCCGTA_014,56
GTACTTGGAGACAGTGAAGG_001,77
GTACTTGGAGACAGTGAAGG_002,63
GTACTTGGAGACAGTGAAGG_003,141
GTACTTGGAGACAGTGAAGG_004,174
GTACTTGGAGACAGTGAAGG_005,50
GTACTTGGAGACAGTGAAGG_006,2
GTACTTGGAGACAGTGAAGG_007,172
GTACTTGGAGACAGTGAAGG_008,76
GTACTTGGAGACAGTGAAGG_009,48
GTACTTGGAGACAGTGAAGG_010,105
GTACTTGGAGACAGTGAAGG_011,55
GTACTTGGAGACAGTGAAGG_012,102
GTACTTGGAGACAGTGAAGG_013,105
GTACTTGGAGACAGTGAAGG_014,78
GTACTTGGAGACAGTGAAGG_015,24
GTACTTGGAGACAGTGAAGG_016,92
GTACTTGGAGACAGTGAAGG_017,54
GTACTTGGAGACAGTGAAGG_018,56
GTACTTGGAGACAGTGAAGG_019,78
GTACTTGGAGACAGTGAAGG_020,39
GTACTTGGAGACAGTGAAGG_021,28
GTACTTGGAGACAGTGAAGG_022,3
CCTGAAAGGAAGTCAGAACG_001,82
CCTGAAAGGAAGTCAGAACG_002,140
CCTGAAAGGAAGTCAGAACG_003,170
CGTGCACGAAGTAGTAGCCG_001,76
CGTGCACGAAGTAGTAGCCG_002,156
CGTGCACGAAGTAGTAGCCG_003,147
CGTGCACGAAGTAGTAGCCG_004,79
CGTGCACGAAGTAGTAGCCG_005,31
CGTGCACGAAGTAGTAGCCG_006,162
CGTGCACGAAGTAGTAGCCG_007,60
CGTGCACGAAGTAGTAGCCG_008,97
CGACTGGGAGTTCATAGCCG_001,140
CGACTGGGAGTTCATAGCCG_002,140
CGACTGGGAGTTCATAGCCG_003,75
CGACTGGGAGTTCATAGCCG_004,198
CGACTGGGAGTTCATAGCCG_005,184
CGACTGGGAGTTCATAGCCG_006,50
CGACTGGGAGTTCATAGCCG_007,78
CGACTGGGAGTTCATAGCCG_008,191
CGACTGGGAGTTCATAGCCG_009,189
CGACTGGGAGTTCATAGCCG_010,70
CGACTGGGAGTTCATAGCCG_011,162
CGACTGGGAGTTCATAGCCG_012,132
CGACTGGGAGTTCATAGCCG_013,127
CGACTGGGAGTTCATAGCCG_014,65
AAGAGATTACTGGAAAACTT_001,9
AAGAGATTACTGGAAAACTT_002,41
AAGAGATTACTGGAAAACTT_003,188
AAGAGATTACTGGAAAACTT_004,148
AAGAGATTACTGGAAAACTT_005,60
AAGAGATTACTGGAAAACTT_006,16
AAGAGATTACTGGAAAACTT_007,184
AAGAGATTACTGGAAAACTT_008,142
AAGAGATTACTGGAAAACTT_009,35
CTTGGAGTGAGCTATGTGAA_001,169
CTTGGAGTGAGCTATGTGAA_002,95
CTTGGAGTGAGCTATGTGAA_003,148
CTTGGAGTGAGCTATGTGAA_004,186
CTTGGAGTGAGCTATGTGAA_005,137
CTTGGAGTGAGCTATGTGAA_006,2
CTTGGAGTGAGCTATGTGAA_007,152
CTTGGAGTGAGCTATGTGAA_008,78
CTTGGAGTGAGCTATGTGAA_009,115
CTTGGAGTGAGCTATGTGAA_010,9
CTTGGAGTGAGCTATGTGAA_011,88
CTTGGAGTGAGCTATGTGAA_012,113
CTTGGAGTGAGCTATGTGAA_013,143
GACCAGTGTGGAGAGCGCCG_001,8
GACCAGTGTGGAGAGCGCCG_002,47
GACCAGTGTGGAGAGCGCCG_003,13
GACCAGTGTGGAGAGCGCCG_004,101
GACCAGTGTGGAGAGCGCCG_005,54
GACCAGTGTGGAGAGCGCCG_006,32
GACCAGTGTGGAGAGCGCCG_007,78
GACCAGTGTGGAGAGCGCCG_008,199
GACCAGTGTGGAGAGCGCCG_009,140
GACCAGTGTGGAGAGCGCCG_010,76
GACCAGTGTGGAGAGCGCCG_011,68
GACCAGTGTGGAGAGCGCCG_012,197
GACCAGTGTGGAGAGCGCCG_013,175
GACCAGTGTGGAGAGCGCCG_014,140
GACCAGTGTGGAGAGCGCCG_015,34
GACCAGTGTGGAGAGCGCCG_016,63
GACCAGTGTGGAGAGCGCCG_017,48
GACCAGTGTGGAGAGCGCCG_018,112
GACCAGTGTGGAGAGCGCCG_019,12
GACCAGTGTGGAGAGCGCCG_020,184
GACCAGTGTGGAGAGCGCCG_021,149
GACCAGTGTGGAGAGCGCCG_022,19
GACCAGTGTGGAGAGCGCCG_023,43
GACCAGTGTGGAGAGCGCCG_024,114
GACCAGTGTGGAGAGCGCCG_025,106
GACCAGTGTGGAGAGCGCCG_026,148
GACCAGTGTGGAGAGCGCCG_027,103
AGCACGTACCCGGAAAACGT_001,169
AGCACGTACCCGGAAAACGT_002,103
AGCACGTACCCGGAAAACGT_003,78
AGCACGTACCCGGAAAACGT_004,20
AGCACGTACCCGGAAAACGT_005,30
AGCACGTACCCGGAAAACGT_006,30
AGCACGTACCCGGAAAACGT_007,56
AGCACGTACCCGGAAAACGT_008,75
AGCACGTACCCGGAAAACGT_009,88
AGCACGTACCCGGAAAACGT_010,9
AGCACGTACCCGGAAAACGT_011,194
AGCACGTACCCGGAAAACGT_012,181
AGCACGTACCCGGAAAACGT_013,164
AGCACGTACCCGGAAAACGT_014,164
AGCACGTACCCGGAAAACGT_015,49
CACACGGATGTCGTCATCGA_001,12
CACACGGATGTCGTCATCGA_002,194
CACACGGATGTCGTCATCGA_003,116
CACACGGATGTCGTCATCGA_004,1
CACACGGATGTCGTCATCGA_005,82
CACACGGATGTCGTCATCGA_006,158
CACACGGATGTCGTCATCGA_007,11
CACACGGATGTCGTCATCGA_008,88
CACACGGATGTCGTCATCGA_009,75
CACACGGATGTCGTCATCGA_010,95
CACACGGATGTCGTCATCGA_011,144
CACACGGATGTCGTCATCGA_012,6
CACACGGATGTCGTCATCGA_013,156
CACACGGATGTCGTCATCGA_014,87
CACACGGATGTCGTCATCGA_015,176
CACACGGATGTCGTCATCGA_016,77
CACACGGATGTCGTCATCGA_017,175
CACACGGATGTCGTCATCGA_018,116
CACACGGATGTCGTCATCGA_019,138
GTTCCTGAATCGACCAACTG_001,157
GTTCCTGAATCGACCAACTG_002,74
GTTCCTGAATCGACCAACTG_003,38
GTTCCTGAATCGACCAACTG_004,72
GTTCCTGAATCGACCAACTG_005,137
GTTCCTGAATCGACCAACTG_006,122
GTTCCTGAATCGACCAACTG_007,84
GTTCCTGAATCGACCAACTG_008,22
GTTCCTGAATCGACCAACTG_009,124
GTTCCTGAATCGACCAACTG_010,15
GTTCCTGAATCGACCAACTG_011,130
GTTCCTGAATCGACCAACTG_012,34
GTTCCTGAATCGACCAACTG_013,146
GTTCCTGAATCGACCAACTG_014,50
GTTCCTGAATCGACCAACTG_015,72
GTTCCTGAATCGACCAACTG_016,137
GTTCCTGAATCGACCAACTG_017,163
TCAGTGAAGCACTTATGTTG_001,168
TCAGTGAAGCACTTATGTTG_002,52
TCAGTGAAGCACTTATGTTG_003,16
TCAGTGAAGCACTTATGTTG_004,82
TCAGTGAAGCACTTATGTTG_005,11
TCAGTGAAGCACTTATGTTG_006,94
TCAGTGAAGCACTTATGTTG_007,13
TCAGTGAAGCACTTATGTTG_008,56
TCAGTGAAGCACTTATGTTG_009,151
TCAGTGAAGCACTTATGTTG_010,12
AACTAATTGAACGAAATCAG_001,64
AACTAATTGAACGAAATCAG_002,60
AACTAATTGAACGAAATCAG_003,144
AACTAATTGAACGAAATCAG_004,148
ATAACTTACCAATAACTCCA_001,188
ATAACTTACCAATAACTCCA_002,115
ATAACTTACCAATAACTCCA_003,186
CGTGGTTAAATGGTCTGTGT_001,76
CGTGGTTAAATGGTCTGTGT_002,119
CGTGGTTAAATGGTCTGTGT_003,56
CGTGGTTAAATGGTCTGTGT_004,40
CGTGGTTAAATGGTCTGTGT_005,132
CGTGGTTAAATGGTCTGTGT_006,58
CGTGGTTAAATGGTCTGTGT_007,148
CGTGGTTAAATGGTCTGTGT_008,16
CGTGGTTAAATGGTCTGTGT_009,103
CGTGGTTAAATGGTCTGTGT_010,120
CGTGGTTAAATGGTCTGTGT_011,75
CGTGGTTAAATGGTCTGTGT_012,197
CGTGGTTAAATGGTCTGTGT_013,126
CGTGGTTAAATGGTCTGTGT_014,72
CGTGGTTAAATGGTCTGTGT_015,72
CGTGGTTAAATGGTCTGTGT_016,72
CGTGGTTAAATGGTCTGTGT_017,172
CGTGGTTAAATGGTCTGTGT_018,34
CTTCTCTCCATCGATTCCTG_001,136
CTTCTCTCCATCGATTCCTG_002,190
CTTCTCTCCATCGATTCCTG_003,106
CTTCTCTCCATCGATTCCTG_004,109
CTTCTCTCCATCGATTCCTG_005,170
CTTCTCTCCATCGATTCCTG_006,118
CTTCTCTCCATCGATTCCTG_007,43
CTTCTCTCCATCGATTCCTG_008,115
CTTCTCTCCATCGATTCCTG_009,118
CTTCTCTCCATCGATTCCTG_010,158
AGCAGCCGCCCTCGGAGCTA_001,17
AGCAGCCGCCCTCGGAGCTA_002,59
AGCAGCCGCCCTCGGAGCTA_003,169
AGCAGCCGCCCTCGGAGCTA_004,36
AGCAGCCGCCCTCGGAGCTA_005,108
AGCAGCCGCCCTCGGAGCTA_006,186
AGCAGCCGCCCTCGGAGCTA_007,158
AGCAGCCGCCCTCGGAGCTA_008,84
AGCAGCCGCCCTCGGAGCTA_009,26
AGCAGCCGCCCTCGGAGCTA_010,103
AGCAGCCGCCCTCGGAGCTA_011,82
TCCAAACGAGAGCCTACCCG_001,72
TCCAAACGAGAGCCTACCCG_002,114
TCCAAACGAGAGCCTACCCG_003,151
TCCAAACGAGAGCCTACCCG_004,141
TCCAAACGAGAGCCTACCCG_005,176
CCTCACGCAGCTCATCCGGG_001,144
CCTCACGCAGCTCATCCGGG_002,155
CCTCACGCAGCTCATCCGGG_003,19
CCTCACGCAGCTCATCCGGG_004,123
CCTCACGCAGCTCATCCGGG_005,60
CCTCACGCAGCTCATCCGGG_006,77
CCTCACGCAGCTCATCCGGG_007,169
CCTCACGCAGCTCATCCGGG_008,149
CCTCACGCAGCTCATCCGGG_009,58
CCTCACGCAGCTCATCCGGG_010,104
CCTCACGCAGCTCATCCGGG_011,3
CCTCACGCAGCTCATCCGGG_012,129
CCTCACGCAGCTCATCCGGG_013,52
CCTCACGCAGCTCATCCGGG_014,66
CCTCACGCAGCTCATCCGGG_015,162
CCTCACGCAGCTCATCCGGG_016,54
CCTCACGCAGCTCATCCGGG_017,175
CCTCACGCAGCTCATCCGGG_018,0
TTTGATAGTCCTATGTAAGT_001,154
ACAACCGCCACATCTACCCA_001,40
ACAACCGCCACATCTACCCA_002,157
ACAACCGCCACATCTACCCA_003,117
ACAACCGCCACATCTACCCA_004,43
GCAGGCTTCACACATAAGCA_001,20
GCAGGCTTCACACATAAGCA_002,193
GCAGGCTTCACACATAAGCA_003,177
GCAGGCTTCACACATAAGCA_004,68
GCAGGCTTCACACATAAGCA_005,78
GCAGGCTTCACACATAAGCA_006,76
GCAGGCTTCACACATAAGCA_007,113
GCAGGCTTCACACATAAGCA_008,94
GCAGGCTTCACACATAAGCA_009,81
GCAGGCTTCACACATAAGCA_010,115
GCAGGCTTCACACATAAGCA_011,0
CAGGTGGTAAACATTGTCCT_001,69
CAGGTGGTAAACATTGTCCT_002,15
CAGGTGGTAAACATTGTCCT_003,17
AGAAACTAACAAGAAAGCAG_001,84
AGAAACTAACAAGAAAGCAG_002,196
AGAAACTAACAAGAAAGCAG_003,124
AGAAACTAACAAGAAAGCAG_004,62
AGAAACTAACAAGAAAGCAG_005,149
AGAAACTAACAAGAAAGCAG_006,57
TTCAGGTGACAAGTTTCGGT_001,132
TTCAGGTGACAAGTTTCGGT_002,108
TTCAGGTGACAAGTTTCGGT_003,115
TTCAGGTGACAAGTTTCGGT_004,96
TTCAGGTGACAAGTTTCGGT_005,115
TTCAGGTGACAAGTTTCGGT_006,77
TTCAGGTGACAAGTTTCGGT_007,58
TTCAGGTGACAAGTTTCGGT_008,27
TTCAGGTGACAAGTTTCGGT_009,2
GGACCCAGCTGCCTTAGACA_001,158
GGACCCAGCTGCCTTAGACA_002,78
GGACCCAGCTGCCTTAGACA_003,183
GGACCCAGCTGCCTTAGACA_004,5
GGACCCAGCTGCCTTAGACA_005,68
GGACCCAGCTGCCTTAGACA_006,68
GGACCCAGCTGCCTTAGACA_007,150
GGACCCAGCTGCCTTAGACA_008,160
GGACCCAGCTGCCTTAGACA_009,98
CCAGCAGCCAATGCCTGTGA_001,107
CCAGCAGCCAATGCCTGTGA_002,127
CCAGCAGCCAATGCCTGTGA_003,78
CCAGCAGCCAATGCCTGTGA_004,1
CCAGCAGCCAATGCCTGTGA_005,82
CCAGCAGCCAATGCCTGTGA_006,197
TGGTATTAACAGCATAGAGA_001,197
TGGTATTAACAGCATAGAGA_002,170
TGGTATTAACAGCATAGAGA_003,198
TGGTATTAACAGCATAGAGA_004,46
GATCTTCTGACTAGGTCGAG_001,176
GATCTTCTGACTAGGTCGAG_002,103
GATCTTCTGACTAGGTCGAG_003,196
GATCTTCTGACTAGGTCGAG_004,48
GATCTTCTGACTAGGTCGAG_005,172
GATCTTCTGACTAGGTCGAG_006,159
GATCTTCTGACTAGGTCGAG_007,66
GATCTTCTGACTAGGTCGAG_008,50
GTTTCTAAAGCGCGTCGATG_001,60
GTTTCTAAAGCGCGTCGATG_002,102
GTTTCTAAAGCGCGTCGATG_003,107
ACCTATGAAATCAATCACCC_001,23
ACCTATGAAATCAATCACCC_002,147
ACCTATGAAATCAATCACCC_003,113
ACCTATGAAATCAATCACCC_004,57
ACCTATGAAATCAATCACCC_005,22
ACCTATGAAATCAATCACCC_006,154
ACCTATGAAATCAATCACCC_007,190
TCCTTGTGTGTATACAGTAT_001,150
AAATGCTTCAATAAAGTAAC_001,121
CTGATGCCCAGAGGGAATGT_001,5
CTGATGCCCAGAGGGAATGT_002,83
CTGATGCCCAGAGGGAATGT_003,168
CTGATGCCCAGAGGGAATGT_004,32
CTGATGCCCAGAGGGAATGT_005,32
CTGATGCCCAGAGGGAATGT_006,70
CTGATGCCCAGAGGGAATGT_007,35
CTGATGCCCAGAGGGAATGT_008,51
CTGATGCCCAGAGGGAATGT_009,170
CTGATGCCCAGAGGGAATGT_010,112
CTGATGCCCAGAGGGAATGT_011,145
CTGATGCCCAGAGGGAATGT_012,78
CTGATGCCCAGAGGGAATGT_013,121
CTGATGCCCAGAGGGAATGT_014,125
CTGATGCCCAGAGGGAATGT_015,62
CTGATGCCCAGAGGGAATGT_016,179
CTGATGCCCAGAGGGAATGT_017,63
CTGATGCCCAGAGGGAATGT_018,103
CTGATGCCCAGAGGGAATGT_019,91
GCAGACTGTTCCTCATGACA_001,20
GCAGACTGTTCCTCATGACA_002,20
GCAGACTGTTCCTCATGACA_003,96
GCAGACTGTTCCTCATGACA_004,67
GCAGACTGTTCCTCATGACA_005,23
GCAGACTGTTCCTCATGACA_006,118
GCAGACTGTTCCTCATGACA_007,156
GCAGACTGTTCCTCATGACA_008,140
GCAGACTGTTCCTCATGACA_009,167
GCAGACTGTTCCTCATGACA_010,51
GCAGACTGTTCCTCATGACA_011,92
GCAGACTGTTCCTCATGACA_012,145
GCAGACTGTTCCTCATGACA_013,191
GCAGACTGTTCCTCATGACA_014,127
GCAGACTGTTCCTCATGACA_015,41
GCAGACTGTTCCTCATGACA_016,6
GCAGACTGTTCCTCATGACA_017,39
GCAGACTGTTCCTCATGACA_018,94
GCAGACTGTTCCTCATGACA_019,108
GCAGACTGTTCCTCATGACA_020,100
GCAGGGACTCACGGACAACT_001,139
GCAGGGACTCACGGACAACT_002,6
GCAGGGACTCACGGACAACT_003,141
GCAGGGACTCACGGACAACT_004,10
GCAGGGACTCACGGACAACT_005,157
GCAGGGACTCACGGACAACT_006,130
GCAGGGACTCACGGACAACT_007,34
GCAGGGACTCACGGACAACT_008,105
GCAGGGACTCACGGACAACT_009,62
GCAGGGACTCACGGACAACT_010,58
GCAGGGACTCACGGACAACT_011,41
GCAGGGACTCACGGACAACT_012,56
GCAGGGACTCACGGACAACT_013,81
GCAGGGACTCACGGACAACT_014,34
GCAGGGACTCACGGACAACT_015,2
GCAGGGACTCACGGACAACT_016,110
GCAGGGACTCACGGACAACT_017,129
GCAGGGACTCACGGACAACT_018,7
GCAGGGACTCACGGACAACT_019,175
GCAGGGACTCACGGACAACT_020,63
GCAGGGACTCACGGACAACT_021,149
GCAGGGACTCACGGACAACT_022,148
GCAGGGACTCACGGACAACT_023,178
GCAGGGACTCACGGACAACT_024,179
GCAGGGACTCACGGACAACT_025,148
GCTGTCCAGTTACAACGGTG_001,72
GCTGTCCAGTTACAACGGTG_002,40
GCTGTCCAGTTACAACGGTG_003,113
GCTGTCCAGTTACAACGGTG_004,148
GCTGTCCAGTTACAACGGTG_005,62
GCTGTCCAGTTACAACGGTG_006,191
GCTGTCCAGTTACAACGGTG_007,67
AGAACTGATCATCTGTCTGG_001,48
AGAACTGATCATCTGTCTGG_002,105
AGAACTGATCATCTGTCTGG_003,78
AGAACTGATCATCTGTCTGG_004,78
GCATGTTCCATTGGAGGCGA_001,28
GCATGTTCCATTGGAGGCGA_002,99
GCATGTTCCATTGGAGGCGA_003,115
GCATGTTCCATTGGAGGCGA_004,115
GCATGTTCCATTGGAGGCGA_005,142
GCATGTTCCATTGGAGGCGA_006,34
GCATGTTCCATTGGAGGCGA_007,47
GCATGTTCCATTGGAGGCGA_008,76
GCATGTTCCATTGGAGGCGA_009,67
GCATGTTCCATTGGAGGCGA_010,17
GCATGTTCCATTGGAGGCGA_011,1
GCATGTTCCATTGGAGGCGA_012,168
GCATGTTCCATTGGAGGCGA_013,33
GCATGTTCCATTGGAGGCGA_014,113
GCATGTTCCATTGGAGGCGA_015,160
GCATGTTCCATTGGAGGCGA_016,84
GCATGTTCCATTGGAGGCGA_017,41
GCATGTTCCATTGGAGGCGA_018,95
GCATGTTCCATTGGAGGCGA_019,193
GCATGTTCCATTGGAGGCGA_020,125
GCATGTTCCATTGGAGGCGA_021,96
GCATGTTCCATTGGAGGCGA_022,41
GCATGTTCCATTGGAGGCGA_023,50
GCATGTTCCATTGGAGGCGA_024,53
GCATGTTCCATTGGAGGCGA_025,0
GCATGTTCCATTGGAGGCGA_026,15
GCATGTTCCATTGGAGGCGA_027,115
CAACGGTATACATTACATAG_001,75
CAACGGTATACATTACATAG_002,70
CAACGGTATACATTACATAG_003,55
TCCCAGCATCACCTCGAACA_001,157
TCCCAGCATCACCTCGAACA_002,157
TCCCAGCATCACCTCGAACA_003,29
TCCCAGCATCACCTCGAACA_004,199
TCCCAGCATCACCTCGAACA_005,148
TCCCAGCATCACCTCGAACA_006,147
TCCCAGCATCACCTCGAACA_007,120
AGTCCCACGGAAACGCTCTG_001,147
AGTCCCACGGAAACGCTCTG_002,95
AGTCCCACGGAAACGCTCTG_003,98
AGTCCCACGGAAACGCTCTG_004,98
AGTCCCACGGAAACGCTCTG_005,141
AGTCCCACGGAAACGCTCTG_006,132
AGTCCCACGGAAACGCTCTG_007,105
AGTCCCACGGAAACGCTCTG_008,177
AGTCCCACGGAAACGCTCTG_009,166
AGTCCCACGGAAACGCTCTG_010,104
AGTCCCACGGAAACGCTCTG_011,15
AGTCCCACGGAAACGCTCTG_012,106
AGTCCCACGGAAACGCTCTG_013,14
AGTCCCACGGAAACGCTCTG_014,25
AGTCCCACGGAAACGCTCTG_015,94
AGTCCCACGGAAACGCTCTG_016,91
AGTCCCACGGAAACGCTCTG_017,170
AGTCCCACGGAAACGCTCTG_018,84
AGTCCCACGGAAACGCTCTG_019,169
AGTCCCACGGAAACGCTCTG_020,189
AGTCCCACGGAAACGCTCTG_021,156
AGTCCCACGGAAACGCTCTG_022,94
AGTCCCACGGAAACGCTCTG_023,119
AGTCCCACGGAAACGCTCTG_024,108
AGTCCCACGGAAACGCTCTG_025,36
AGTCCCACGGAAACGCTCTG_026,81
AGTCCCACGGAAACGCTCTG_027,169
AGTCCCACGGAAACGCTCTG_028,0
AGTCCCACGGAAACGCTCTG_029,86
AGTCCCACGGAAACGCTCTG_030,99
AGTCCCACGGAAACGCTCTG_031,169
AGTCCCACGGAAACGCTCTG_032,28
AGTCCCACGGAAACGCTCTG_033,53
TGACCAAGAATAGTATAGGT_001,182
TGACCAAGAATAGTATAGGT_002,65
TGACCAAGAATAGTATAGGT_003,188
TGACCAAGAATAGTATAGGT_004,108
TGACCAAGAATAGTATAGGT_005,87
TGACCAAGAATAGTATAGGT_006,159
TGACCAAGAATAGTATAGGT_007,133
TGACCAAGAATAGTATAGGT_008,141
TGACCAAGAATAGTATAGGT_009,21
TGTAATCTTGCCATTCTAAG_001,9
ACGAGGCAGAAAAGCGCAGT_001,65
ACGAGGCAGAAAAGCGCAGT_002,127
ACGAGGCAGAAAAGCGCAGT_003,149
ACGAGGCAGAAAAGCGCAGT_004,33
ACGAGGCAGAAAAGCGCAGT_005,48
ACGAGGCAGAAAAGCGCAGT_006,185
ACGAGGCAGAAAAGCGCAGT_007,160
ACGAGGCAGAAAAGCGCAGT_008,1
ACGAGGCAGAAAAGCGCAGT_009,166
ACGAGGCAGAAAAGCGCAGT_010,162
ACGAGGCAGAAAAGCGCAGT_011,63
ACGAGGCAGAAAAGCGCAGT_012,168
CTTCCTGATGCTCATCAACG_001,45
CTTCCTGATGCTCATCAACG_002,129
CTTCCTGATGCTCATCAACG_003,150
CTTCCTGATGCTCATCAACG_004,128
CTTCCTGATGCTCATCAACG_005,8
CTTCCTGATGCTCATCAACG_006,66
CTTCCTGATGCTCATCAACG_007,147
CTTCCTGATGCTCATCAACG_008,140
CTTACCCGTACCAGTAGCGA_001,58
CTTACCCGTACCAGTAGCGA_002,192
CTTACCCGTACCAGTAGCGA_003,178
CTTACCCGTACCAGTAGCGA_004,101
CTTACCCGTACCAGTAGCGA_005,199
CTTACCCGTACCAGTAGCGA_006,21
CTTACCCGTACCAGTAGCGA_007,41
CTTACCCGTACCAGTAGCGA_008,88
GGGCACTTGGGAGTGCACTT_001,139
GGGCACTTGGGAGTGCACTT_002,108
GGGCACTTGGGAGTGCACTT_003,63
CTTACACTATTCACACTCTG_001,23
CTTACACTATTCACACTCTG_002,23
CTTACACTATTCACACTCTG_003,113
CTTACACTATTCACACTCTG_004,37
GCTCACCTGCTAGGTTGCAG_001,127
GCTCACCTGCTAGGTTGCAG_002,114
GCTCACCTGCTAGGTTGCAG_003,175
GCTCACCTGCTAGGTTGCAG_004,107
GCTCACCTGCTAGGTTGCAG_005,36
GCTCACCTGCTAGGTTGCAG_006,116
GCTCACCTGCTAGGTTGCAG_007,76
GCTCACCTGCTAGGTTGCAG_008,141
GCTCACCTGCTAGGTTGCAG_009,30
GCTCACCTGCTAGGTTGCAG_010,72
GCTCACCTGCTAGGTTGCAG_011,72
GCTCACCTGCTAGGTTGCAG_012,160
GCTCACCTGCTAGGTTGCAG_013,54
GCTCACCTGCTAGGTTGCAG_014,146
GCTCACCTGCTAGGTTGCAG_015,40
GCTCACCTGCTAGGTTGCAG_016,187
GCTCACCTGCTAGGTTGCAG_017,183
GCTCACCTGCTAGGTTGCAG_018,70
GGAAACCAGACATTTATGAG_001,178
GGAAACCAGACATTTATGAG_002,57
AAATCCCACTGTATTCACAA_001,7
AAATCCCACTGTATTCACAA_002,51
AAATCCCACTGTATTCACAA_003,190
AAATCCCACTGTATTCACAA_004,61
AAATCCCACTGTATTCACAA_005,172
AAATCCCACTGTATTCACAA_006,198
AAATCCCACTGTATTCACAA_007,124
AAATCCCACTGTATTCACAA_008,51
AAATCCCACTGTATTCACAA_009,176
AAATCCCACTGTATTCACAA_010,173
AAATCCCACTGTATTCACAA_011,141
AAATCCCACTGTATTCACAA_012,43
AAATCCCACTGTATTCACAA_013,178
AAATCCCACTGTATTCACAA_014,112
AAATCCCACTGTATTCACAA_015,4
AAATCCCACTGTATTCACAA_016,123
AAATCCCACTGTATTCACAA_017,169
AAATCCCACTGTATTCACAA_018,102
AAATCCCACTGTATTCACAA_019,39
AAATCCCACTGTATTCACAA_020,152
AAATCCCACTGTATTCACAA_021,76
AAATCCCACTGTATTCACAA_022,50
AAATCCCACTGTATTCACAA_023,98
CAATCCATTCGCTTTCACCG_001,76
CAATCCATTCGCTTTCACCG_002,11
CAATCCATTCGCTTTCACCG_003,65
CAATCCATTCGCTTTCACCG_004,22
CAATCCATTCGCTTTCACCG_005,74
GGGACCATTTGATCGCCCTG_001,58
GGGACCATTTGATCGCCCTG_002,45
GGGACCATTTGATCGCCCTG_003,170
GGGACCATTTGATCGCCCTG_004,43
GGGACCATTTGATCGCCCTG_005,41
GGGACCATTTGATCGCCCTG_006,94
GGGACCATTTGATCGCCCTG_007,195
GGGACCATTTGATCGCCCTG_008,17
GGGACCATTTGATCGCCCTG_009,78
GGGACCATTTGATCGCCCTG_010,115
GGGACCATTTGATCGCCCTG_011,38
GGGACCATTTGATCGCCCTG_012,129
GGGACCATTTGATCGCCCTG_013,119
GGGACCATTTGATCGCCCTG_014,188
GGGACCATTTGATCGCCCTG_015,88
GGGACCATTTGATCGCCCTG_016,20
GGGACCATTTGATCGCCCTG_017,106
GGGACCATTTGATCGCCCTG_018,46
GGGACCATTTGATCGCCCTG_019,13
GGGACCATTTGATCGCCCTG_020,8
AGATGAATGAGCTTCCACTG_001,34
AGATGAATGAGCTTCCACTG_002,142
AGATGAATGAGCTTCCACTG_003,94
AGATGAATGAGCTTCCACTG_004,150
AGATGAATGAGCTTCCACTG_005,30
AGATGAATGAGCTTCCACTG_006,60
AGATGAATGAGCTTCCACTG_007,84
AGATGAATGAGCTTCCACTG_008,89
CCGTCGGAGCCACTCAAGGG_001,35
CCGTCGGAGCCACTCAAGGG_002,141
CCGTCGGAGCCACTCAAGGG_003,128
CCGTCGGAGCCACTCAAGGG_004,50
CCGTCGGAGCCACTCAAGGG_005,94
GAGCAGTGAGCGCTCCGAGG_001,72
GAGCAGTGAGCGCTCCGAGG_002,11
GAGCAGTGAGCGCTCCGAGG_003,126
GAGCAGTGAGCGCTCCGAGG_004,77
GAGCAGTGAGCGCTCCGAGG_005,160
GAGCAGTGAGCGCTCCGAGG_006,190
GAGCAGTGAGCGCTCCGAGG_007,56
GAGCAGTGAGCGCTCCGAGG_008,56
GAGCAGTGAGCGCTCCGAGG_009,73
GAGCAGTGAGCGCTCCGAGG_010,17
GAGCAGTGAGCGCTCCGAGG_011,60
GAGCAGTGAGCGCTCCGAGG_012,177
GAGCAGTGAGCGCTCCGAGG_013,147
GAGCAGTGAGCGCTCCGAGG_014,86
GAGCAGTGAGCGCTCCGAGG_015,179
GAGCAGTGAGCGCTCCGAGG_016,104
GAGCAGTGAGCGCTCCGAGG_017,80
TACCCCCTTGACTATTGACA_001,76
TACCCCCTTGACTATTGACA_002,54
TACCCCCTTGACTATTGACA_003,94
TACCCCCTTGACTATTGACA_004,56
TACCCCCTTGACTATTGACA_005,46
TACCCCCTTGACTATTGACA_006,137
TACCCCCTTGACTATTGACA_007,100
TACCCCCTTGACTATTGACA_008,20
TACCCCCTTGACTATTGACA_009,120
TACCCCCTTGACTATTGACA_010,49
TACCCCCTTGACTATTGACA_011,166
TACCCCCTTGACTATTGACA_012,142
TACCCCCTTGACTATTGACA_013,10
TACCCCCTTGACTATTGACA_014,124
TACCCCCTTGACTATTGACA_015,183
TACCCCCTTGACTATTGACA_016,51
TACCCCCTTGACTATTGACA_017,193
TACGTGCTGTGTGACGTGGT_001,121
TACGTGCTGTGTGACGTGGT_002,187
TACGTGCTGTGTGACGTGGT_003,182
TACGTGCTGTGTGACGTGGT_004,104
TACGTGCTGTGTGACGTGGT_005,101
TACGTGCTGTGTGACGTGGT_006,63
TACGTGCTGTGTGACGTGGT_007,0
TACGTGCTGTGTGACGTGGT_008,156
TGGGACACTTACTGGCACAG_001,138
TGGGACACTTACTGGCACAG_002,77
TGGGACACTTACTGGCACAG_003,170
TGGGACACTTACTGGCACAG_004,134
TGGGACACTTACTGGCACAG_005,107
TGGGACACTTACTGGCACAG_006,141
TGGGACACTTACTGGCACAG_007,46
TGGGACACTTACTGGCACAG_008,58
TGGGACACTTACTGGCACAG_009,6
TGGGACACTTACTGGCACAG_010,6
TGGGACACTTACTGGCACAG_011,160
TGGGACACTTACTGGCACAG_012,78
TGGTTTATGCCCAGGCGAAG_001,91
TGGTTTATGCCCAGGCGAAG_002,25
TGGTTTATGCCCAGGCGAAG_003,78
TGGTTTATGCCCAGGCGAAG_004,11
TGGTTTATGCCCAGGCGAAG_005,88
TGGTTTATGCCCAGGCGAAG_006,182
TGGTTTATGCCCAGGCGAAG_007,9
TGGTTTATGCCCAGGCGAAG_008,184
TGGTTTATGCCCAGGCGAAG_009,147
TGGTTTATGCCCAGGCGAAG_010,146
TGGTTTATGCCCAGGCGAAG_011,31
TGGTTTATGCCCAGGCGAAG_012,35
TGGTTTATGCCCAGGCGAAG_013,188
TGGTTTATGCCCAGGCGAAG_014,98
TGGTTTATGCCCAGGCGAAG_015,33
TGGTTTATGCCCAGGCGAAG_016,72
TGGTTTATGCCCAGGCGAAG_017,50
TGGTTTATGCCCAGGCGAAG_018,91
TGGTTTATGCCCAGGCGAAG_019,63
TGGTTTATGCCCAGGCGAAG_020,48
TGGTTTATGCCCAGGCGAAG_021,141
TGGTTTATGCCCAGGCGAAG_022,59
TGGTTTATGCCCAGGCGAAG_023,108
TGGTTTATGCCCAGGCGAAG_024,91
TGGTTTATGCCCAGGCGAAG_025,104
GGTAGTAGCCCCCTGAGTCA_001,92
GGTAGTAGCCCCCTGAGTCA_002,63
GGTAGTAGCCCCCTGAGTCA_003,7
GGTAGTAGCCCCCTGAGTCA_004,12
GGTAGTAGCCCCCTGAGTCA_005,125
GGTAGTAGCCCCCTGAGTCA_006,88
GGTAGTAGCCCCCTGAGTCA_007,43
GGTAGTAGCCCCCTGAGTCA_008,115
GGTAGTAGCCCCCTGAGTCA_009,6
GGTAGTAGCCCCCTGAGTCA_010,2
GGTAGTAGCCCCCTGAGTCA_011,70
GGTAGTAGCCCCCTGAGTCA_012,61
TCTTCCGGGACATCTACTCG_001,158
TCTTCCGGGACATCTACTCG_002,81
TCTTCCGGGACATCTACTCG_003,84
TCTTCCGGGACATCTACTCG_004,135
TCTTCCGGGACATCTACTCG_005,121
TCTTCCGGGACATCTACTCG_006,81
CACATTAAAAATCCAGCTGC_001,19
CACATTAAAAATCCAGCTGC_002,146
CACATTAAAAATCCAGCTGC_003,60
TGGTCAACAAAATCCACGTC_001,34
TGGTCAACAAAATCCACGTC_002,68
TGGTCAACAAAATCCACGTC_003,0
TGGTCAACAAAATCCACGTC_004,63
TGGTCAACAAAATCCACGTC_005,188
TGGTCAACAAAATCCACGTC_006,188
TGGTCAACAAAATCCACGTC_007,10
CATGGCCCTACGCTACCCTA_001,28
GCTATGAAACAGCCCGCTAT_001,19
GCTATGAAACAGCCCGCTAT_002,172
GCTATGAAACAGCCCGCTAT_003,42
GCTATGAAACAGCCCGCTAT_004,68
GCTATGAAACAGCCCGCTAT_005,106
GCTATGAAACAGCCCGCTAT_006,11
GCTATGAAACAGCCCGCTAT_007,63
GCTATGAAACAGCCCGCTAT_008,72
GCTATGAAACAGCCCGCTAT_009,160
GCTATGAAACAGCCCGCTAT_010,179
GAAGAACACACAGTCGGCTA_001,70
GAAGAACACACAGTCGGCTA_002,83
GAAGAACACACAGTCGGCTA_003,112
GAAGAACACACAGTCGGCTA_004,115
GAAGAACACACAGTCGGCTA_005,94
GAAGAACACACAGTCGGCTA_006,147
GAAGAACACACAGTCGGCTA_007,121
GAAGAACACACAGTCGGCTA_008,169
GAAGAACACACAGTCGGCTA_009,48
GAAGAACACACAGTCGGCTA_010,176
GAAGAACACACAGTCGGCTA_011,58
GAAGAACACACAGTCGGCTA_012,9
GAAGAACACACAGTCGGCTA_013,43
GAAGAACACACAGTCGGCTA_014,103
GAAGAACACACAGTCGGCTA_015,49
GAAGAACACACAGTCGGCTA_016,199
GAAGAACACACAGTCGGCTA_017,116
TGAAGGCAATTACATCGTGA_001,38
TGAAGGCAATTACATCGTGA_002,88
TGGGCGCAAGAAGTTCAACA_001,142
TGGGCGCAAGAAGTTCAACA_002,178
TGGGCGCAAGAAGTTCAACA_003,157
TGGGCGCAAGAAGTTCAACA_004,27
TGGGCGCAAGAAGTTCAACA_005,31
TGGGCGCAAGAAGTTCAACA_006,176
TGGGCGCAAGAAGTTCAACA_007,29
TGGGCGCAAGAAGTTCAACA_008,49
TGGGCGCAAGAAGTTCAACA_009,10
TGGGCGCAAGAAGTTCAACA_010,27
TGGGCGCAAGAAGTTCAACA_011,149
TGGGCGCAAGAAGTTCAACA_012,149
TGTAACTTGACATTAAGTGC_001,23
ACTCTCTGAAATAACTGACA_001,88
ACTCTCTGAAATAACTGACA_002,120
ACTCTCTGAAATAACTGACA_003,159
ACTCTCTGAAATAACTGACA_004,83
ACTCTCTGAAATAACTGACA_005,107
ACTCTCTGAAATAACTGACA_006,166
TGTACCCTTCCGCTTACCTG_001,11
TGTACCCTTCCGCTTACCTG_002,36
TGTACCCTTCCGCTTACCTG_003,82
TGTACCCTTCCGCTTACCTG_004,88
CCTTACTCTTGAGAGCGCTG_001,119
CAGAAACTGCCGACAAACCG_001,107
CAGAAACTGCCGACAAACCG_002,185
CAGAAACTGCCGACAAACCG_003,25
CAGAAACTGCCGACAAACCG_004,44
CAGAAACTGCCGACAAACCG_005,98
CAGAAACTGCCGACAAACCG_006,177
CAGAAACTGCCGACAAACCG_007,134
CAGAAACTGCCGACAAACCG_008,169
CAGAAACTGCCGACAAACCG_009,78
GTGCCGTGTATGGATCAGGG_001,51
GTGCCGTGTATGGATCAGGG_002,0
GTGCCGTGTATGGATCAGGG_003,160
GTGCCGTGTATGGATCAGGG_004,17
GTGCCGTGTATGGATCAGGG_005,19
GTGCCGTGTATGGATCAGGG_006,77
GCTGAGCTACGAGATCCCTA_001,23
GCTGAGCTACGAGATCCCTA_002,143
GCTGAGCTACGAGATCCCTA_003,5
GCTGAGCTACGAGATCCCTA_004,146
AGAGCGTGGGAGGACCACAG_001,82
AGAGCGTGGGAGGACCACAG_002,191
AGAGCGTGGGAGGACCACAG_003,83
AGAGCGTGGGAGGACCACAG_004,45
AGAGCGTGGGAGGACCACAG_005,145
AGAGCGTGGGAGGACCACAG_006,154
AGAGCGTGGGAGGACCACAG_007,40
AGAGCGTGGGAGGACCACAG_008,58
AGAGCGTGGGAGGACCACAG_009,172
AGAGCGTGGGAGGACCACAG_010,97
ACATACATTACAGCTTCCCG_001,32
ACATACATTACAGCTTCCCG_002,22
ACATACATTACAGCTTCCCG_003,189
ACATACATTACAGCTTCCCG_004,53
ACATACATTACAGCTTCCCG_005,158
CGGGCTTCGCTCCAGTACCG_001,42
CGGGCTTCGCTCCAGTACCG_002,49
CGGGCTTCGCTCCAGTACCG_003,50
CGGGCTTCGCTCCAGTACCG_004,160
CGGGCTTCGCTCCAGTACCG_005,173
CGGGCTTCGCTCCAGTACCG_006,67
CGGGCTTCGCTCCAGTACCG_007,44
CGGGCTTCGCTCCAGTACCG_008,194
CGGGCTTCGCTCCAGTACCG_009,40
CGGGCTTCGCTCCAGTACCG_010,151
CGGGCTTCGCTCCAGTACCG_011,26
CGGGCTTCGCTCCAGTACCG_012,127
CGGGCTTCGCTCCAGTACCG_013,13
CGGGCTTCGCTCCAGTACCG_014,13
CGGGCTTCGCTCCAGTACCG_015,76
CGGGCTTCGCTCCAGTACCG_016,121
CGGGCTTCGCTCCAGTACCG_017,104
CGGGCTTCGCTCCAGTACCG_018,8
CGGGCTTCGCTCCAGTACCG_019,188
GCTTGAACTCACAGTCGTCA_001,96
GCTTGAACTCACAGTCGTCA_002,62
GCTTGAACTCACAGTCGTCA_003,0
GCTTGAACTCACAGTCGTCA_004,92
GCTTGAACTCACAGTCGTCA_005,34
GCTTGAACTCACAGTCGTCA_006,175
GCTTGAACTCACAGTCGTCA_007,13
GCTTGAACTCACAGTCGTCA_008,12
GCTTGAACTCACAGTCGTCA_009,130
GCTTGAACTCACAGTCGTCA_010,98
GCTTGAACTCACAGTCGTCA_011,185
GCTTGAACTCACAGTCGTCA_012,136
CCGGAGCCACAAATACCAGG_001,88
CCGGAGCCACAAATACCAGG_002,150
CCGGAGCCACAAATACCAGG_003,50
CCGGAGCCACAAATACCAGG_004,7
CCGGAGCCACAAATACCAGG_005,133
CCGGAGCCACAAATACCAGG_006,47
CCGGAGCCACAAATACCAGG_007,108
CCGGAGCCACAAATACCAGG_008,190
CCGGAGCCACAAATACCAGG_009,48
CCGGAGCCACAAATACCAGG_010,84
GGACACCAAGAGAAGCCTCA_001,38
GGACACCAAGAGAAGCCTCA_002,191
GGACACCAAGAGAAGCCTCA_003,127
GGACACCAAGAGAAGCCTCA_004,199
GGACACCAAGAGAAGCCTCA_005,187
GGACACCAAGAGAAGCCTCA_006,187
GGACACCAAGAGAAGCCTCA_007,145
GGACACCAAGAGAAGCCTCA_008,75
GGACACCAAGAGAAGCCTCA_009,56
GGACACCAAGAGAAGCCTCA_010,4
GGACACCAAGAGAAGCCTCA_011,93
GGACACCAAGAGAAGCCTCA_012,76
GGACACCAAGAGAAGCCTCA_013,144
GGACACCAAGAGAAGCCTCA_014,57
GGACACCAAGAGAAGCCTCA_015,75
AGGCATGGTTCCTCATGTGG_001,158
AGGCATGGTTCCTCATGTGG_002,141
AGGCATGGTTCCTCATGTGG_003,76
AGGCATGGTTCCTCATGTGG_004,19
AGGCATGGTTCCTCATGTGG_005,94
AGGCATGGTTCCTCATGTGG_006,88
AGGCATGGTTCCTCATGTGG_007,117
AGGCATGGTTCCTCATGTGG_008,171
AGGCATGGTTCCTCATGTGG_009,42
AGGCATGGTTCCTCATGTGG_010,137
AGGCATGGTTCCTCATGTGG_011,66
AGGCATGGTTCCTCATGTGG_012,109
CTACAAATACTAGGACTGTG_001,63
CTACAAATACTAGGACTGTG_002,107
CTACAAATACTAGGACTGTG_003,185
CTACAAATACTAGGACTGTG_004,40
CTACAAATACTAGGACTGTG_005,50
CTACAAATACTAGGACTGTG_006,19
CTACAAATACTAGGACTGTG_007,48
CTACAAATACTAGGACTGTG_008,18
CTACAAATACTAGGACTGTG_009,34
CTACAAATACTAGGACTGTG_010,147
CTACAAATACTAGGACTGTG_011,121
CTACAAATACTAGGACTGTG_012,142
TAATTGCCCCCAGAAATCTG_001,48
TAATTGCCCCCAGAAATCTG_002,72
TAATTGCCCCCAGAAATCTG_003,51
TAATTGCCCCCAGAAATCTG_004,184
TAATTGCCCCCAGAAATCTG_005,166
TAATTGCCCCCAGAAATCTG_006,168
TAATTGCCCCCAGAAATCTG_007,60
TAATTGCCCCCAGAAATCTG_008,2
TAATTGCCCCCAGAAATCTG_009,133
TAATTGCCCCCAGAAATCTG_010,70
TAATTGCCCCCAGAAATCTG_011,175
TAATTGCCCCCAGAAATCTG_012,81
TAATTGCCCCCAGAAATCTG_013,156
TAATTGCCCCCAGAAATCTG_014,150
TAATTGCCCCCAGAAATCTG_015,176
TAATTGCCCCCAGAAATCTG_016,55
TAATTGCCCCCAGAAATCTG_017,88
TAATTGCCCCCAGAAATCTG_018,18
TAATTGCCCCCAGAAATCTG_019,114
TAATTGCCCCCAGAAATCTG_020,160
TAATTGCCCCCAGAAATCTG_021,195
TAATTGCCCCCAGAAATCTG_022,88
TAATTGCCCCCAGAAATCTG_023,40
TAATTGCCCCCAGAAATCTG_024,148
TAATTGCCCCCAGAAATCTG_025,17
TAATTGCCCCCAGAAATCTG_026,139
TAATTGCCCCCAGAAATCTG_027,169
TAATTGCCCCCAGAAATCTG_028,127
TAATTGCCCCCAGAAATCTG_029,138
TAATTGCCCCCAGAAATCTG_030,99
TAATTGCCCCCAGAAATCTG_031,88
TAATTGCCCCCAGAAATCTG_032,52
TAATTGCCCCCAGAAATCTG_033,0
TAATTGCCCCCAGAAATCTG_034,103
TAATTGCCCCCAGAAATCTG_035,199
TAATTGCCCCCAGAAATCTG_036,184
TAATTGCCCCCAGAAATCTG_037,195
TAATTGCCCCCAGAAATCTG_038,100
TAATTGCCCCCAGAAATCTG_039,86
TAGTTGGGAGAATGCTACTG_001,121
TAGTTGGGAGAATGCTACTG_002,96
TAGTTGGGAGAATGCTACTG_003,166
TAGTTGGGAGAATGCTACTG_004,132
TAGTTGGGAGAATGCTACTG_005,64
TAGTTGGGAGAATGCTACTG_006,130
TAGTTGGGAGAATGCTACTG_007,64
TAGTTGGGAGAATGCTACTG_008,89
TCATCCTGAAGAAACTCACT_001,127
TCATCCTGAAGAAACTCACT_002,15
TCATCCTGAAGAAACTCACT_003,85
TCATCCTGAAGAAACTCACT_004,5
TCATCCTGAAGAAACTCACT_005,49
TCATCCTGAAGAAACTCACT_006,48
TCATCCTGAAGAAACTCACT_007,145
TCATCCTGAAGAAACTCACT_008,138
TCATCCTGAAGAAACTCACT_009,49
TCATCCTGAAGAAACTCACT_010,146
TCATCCTGAAGAAACTCACT_011,56
AGCAAGACCATCATGCTGCG_001,115
AGCAAGACCATCATGCTGCG_002,154
AGCAAGACCATCATGCTGCG_003,26
AGCAAGACCATCATGCTGCG_004,147
AGCAAGACCATCATGCTGCG_005,147
AGCAAGACCATCATGCTGCG_006,147
AGCAAGACCATCATGCTGCG_007,186
CACAGAGACCGACCTCCGCG_001,6
CACAGAGACCGACCTCCGCG_002,17
CACAGAGACCGACCTCCGCG_003,105
CACAGAGACCGACCTCCGCG_004,183
CACAGAGACCGACCTCCGCG_005,125
CACAGAGACCGACCTCCGCG_006,181
CACAGAGACCGACCTCCGCG_007,133
CACAGAGACCGACCTCCGCG_008,158
CACAGAGACCGACCTCCGCG_009,26
CACAGAGACCGACCTCCGCG_010,169
CACAGAGACCGACCTCCGCG_011,141
CACAGAGACCGACCTCCGCG_012,57
CACAGAGACCGACCTCCGCG_013,26
CACAGAGACCGACCTCCGCG_014,118
CACAGAGACCGACCTCCGCG_015,28
CACAGAGACCGACCTCCGCG_016,68
CACAGAGACCGACCTCCGCG_017,82
CACAGAGACCGACCTCCGCG_018,16
CACAGAGACCGACCTCCGCG_019,191
CACAGAGACCGACCTCCGCG_020,104
CACAGAGACCGACCTCCGCG_021,101
CACAGAGACCGACCTCCGCG_022,133
CACAGAGACCGACCTCCGCG_023,174
CACAGAGACCGACCTCCGCG_024,104
CACAGAGACCGACCTCCGCG_025,114
CACAGAGACCGACCTCCGCG_026,119
GCATTTCAAACACAAATCGG_001,96
GCATTTCAAACACAAATCGG_002,8
GCATTTCAAACACAAATCGG_003,85
GCATTTCAAACACAAATCGG_004,171
GCATTTCAAACACAAATCGG_005,37
GCATTTCAAACACAAATCGG_006,104
GCATTTCAAACACAAATCGG_007,151
GCATTTCAAACACAAATCGG_008,67
GCATTTCAAACACAAATCGG_009,14
GCATTTCAAACACAAATCGG_010,35
GCATTTCAAACACAAATCGG_011,50
GCATTTCAAACACAAATCGG_012,14
GAGGCTAAAGAAAATCAACG_001,144
GAGGCTAAAGAAAATCAACG_002,169
GAGGCTAAAGAAAATCAACG_003,94
GAGGCTAAAGAAAATCAACG_004,193
GAGGCTAAAGAAAATCAACG_005,83
GAGGCTAAAGAAAATCAACG_006,35
GAGGCTAAAGAAAATCAACG_007,152
GATCGTGCACAGGAATCTCA_001,49
GATCGTGCACAGGAATCTCA_002,195
GATCGTGCACAGGAATCTCA_003,117
GATCGTGCACAGGAATCTCA_004,56
GATCGTGCACAGGAATCTCA_005,130
ATGCTGGCCGGATACTCATG_001,94
ATGCTGGCCGGATACTCATG_002,115
ATGCTGGCCGGATACTCATG_003,74
ATGCTGGCCGGATACTCATG_004,24
ATGCTGGCCGGATACTCATG_005,170
ATGCTGGCCGGATACTCATG_006,125
ATGCTGGCCGGATACTCATG_007,180
GACATGAACTGCAACGACGA_001,69
GACATGAACTGCAACGACGA_002,176
GACATGAACTGCAACGACGA_003,30
GTTCCTCTGATTTACAAGAG_001,72
CCCCGCTCACTTGAACACGT_001,56
CCCCGCTCACTTGAACACGT_002,35
CCCCGCTCACTTGAACACGT_003,83
CCCCGCTCACTTGAACACGT_004,10
CCCCGCTCACTTGAACACGT_005,127
CCCCGCTCACTTGAACACGT_006,29
CCCCGCTCACTTGAACACGT_007,149
CCCCGCTCACTTGAACACGT_008,9
GAAACCTCGGGCCACCACTG_001,48
GAAACCTCGGGCCACCACTG_002,43
GAAACCTCGGGCCACCACTG_003,121
GAAACCTCGGGCCACCACTG_004,154
GAAACCTCGGGCCACCACTG_005,166
GAAACCTCGGGCCACCACTG_006,174
GAAACCTCGGGCCACCACTG_007,185
GAAACCTCGGGCCACCACTG_008,144
GAAACCTCGGGCCACCACTG_009,65
GAAACCTCGGGCCACCACTG_010,12
GAAACCTCGGGCCACCACTG_011,66
TACCTCCACCATGCCAAATG_001,156
TACCTCCACCATGCCAAATG_002,188
TACCTCCACCATGCCAAATG_003,168
TACCTCCACCATGCCAAATG_004,116
TACCTCCACCATGCCAAATG_005,62
TACCTCCACCATGCCAAATG_006,116
TACCTCCACCATGCCAAATG_007,112
TACCTCCACCATGCCAAATG_008,175
TACCTCCACCATGCCAAATG_009,25
TACCTCCACCATGCCAAATG_010,9
TACCTCCACCATGCCAAATG_011,139
ATATAGCAGATTAGATTACA_001,70
ATATAGCAGATTAGATTACA_002,124
TAAACAACATAAAACTGACT_001,158
TAAACAACATAAAACTGACT_002,88
TCTGTGGACTCACTCAGTGA_001,132
TCTGTGGACTCACTCAGTGA_002,48
TCTGTGGACTCACTCAGTGA_003,163
TCTGTGGACTCACTCAGTGA_004,139
TCTGTGGACTCACTCAGTGA_005,94
TCTGTGGACTCACTCAGTGA_006,78
TCTGTGGACTCACTCAGTGA_007,191
TCTGTGGACTCACTCAGTGA_008,61
TGGTCGCCCTTGTAGATGAG_001,56
TGGTCGCCCTTGTAGATGAG_002,73
TGGTCGCCCTTGTAGATGAG_003,146
TGGTCGCCCTTGTAGATGAG_004,161
TGGTCGCCCTTGTAGATGAG_005,193
TGGTCGCCCTTGTAGATGAG_006,43
TGGTCGCCCTTGTAGATGAG_007,43
TGGTCGCCCTTGTAGATGAG_008,102
TGGTCGCCCTTGTAGATGAG_009,151
TGGTCGCCCTTGTAGATGAG_010,127
TGGTCGCCCTTGTAGATGAG_011,121
TGGTCGCCCTTGTAGATGAG_012,38
TGGTCGCCCTTGTAGATGAG_013,142
TGGTCGCCCTTGTAGATGAG_014,188
TGGTCGCCCTTGTAGATGAG_015,149
TGGTCGCCCTTGTAGATGAG_016,16
TGGTCGCCCTTGTAGATGAG_017,31
TGGTCGCCCTTGTAGATGAG_018,8
TGGTCGCCCTTGTAGATGAG_019,97
TGGTCGCCCTTGTAGATGAG_020,17
TGGTCGCCCTTGTAGATGAG_021,161
TGGTCGCCCTTGTAGATGAG_022,179
TGGTCGCCCTTGTAGATGAG_023,60
TGGTCGCCCTTGTAGATGAG_024,148
CAGGGCCTGCCAATCCAGCA_001,49
CAGGGCCTGCCAATCCAGCA_002,191
CAGGGCCTGCCAATCCAGCA_003,162
CAGGGCCTGCCAATCCAGCA_004,28
CAGGGCCTGCCAATCCAGCA_005,170
CAGGGCCTGCCAATCCAGCA_006,149
CAGGGCCTGCCAATCCAGCA_007,103
CAGGGCCTGCCAATCCAGCA_008,158
CAGGGCCTGCCAATCCAGCA_009,81
CAGGGCCTGCCAATCCAGCA_010,162
CAGGGCCTGCCAATCCAGCA_011,48
CAGGGCCTGCCAATCCAGCA_012,40
CAGGGCCTGCCAATCCAGCA_013,169
CAGGGCCTGCCAATCCAGCA_014,175
CAGGGCCTGCCAATCCAGCA_015,137
CAGGGCCTGCCAATCCAGCA_016,130
CAGGGCCTGCCAATCCAGCA_017,2
CAGGGCCTGCCAATCCAGCA_018,193
CAGGGCCTGCCAATCCAGCA_019,110
CAGGGCCTGCCAATCCAGCA_020,68
CAGGGCCTGCCAATCCAGCA_021,184
CAGGGCCTGCCAATCCAGCA_022,31
CAGGGCCTGCCAATCCAGCA_023,191
CAGGGCCTGCCAATCCAGCA_024,113
CAGGGCCTGCCAATCCAGCA_025,28
CAGGGCCTGCCAATCCAGCA_026,36
CAGGGCCTGCCAATCCAGCA_027,102
CAGGGCCTGCCAATCCAGCA_028,160
CAGGGCCTGCCAATCCAGCA_029,120
CAGGGCCTGCCAATCCAGCA_030,138
CAGGGCCTGCCAATCCAGCA_031,127
GTAGCGCCGGATCTCCCGCA_001,196
GTAGCGCCGGATCTCCCGCA_002,53
GTAGCGCCGGATCTCCCGCA_003,177
CGGGAACAGTCCTCACACAG_001,144
CGGGAACAGTCCTCACACAG_002,22
CGGGAACAGTCCTCACACAG_003,35
CGGGAACAGTCCTCACACAG_004,72
CGGGAACAGTCCTCACACAG_005,153
CGGGAACAGTCCTCACACAG_006,153
CGGGAACAGTCCTCACACAG_007,12
CGGGAACAGTCCTCACACAG_008,48
CGGGAACAGTCCTCACACAG_009,185
CGGGAACAGTCCTCACACAG_010,15
CGGGAACAGTCCTCACACAG_011,115
CGGGAACAGTCCTCACACAG_012,2
CGGGAACAGTCCTCACACAG_013,188
CCCCCTAAGAAAGACATCAA_001,73
CCCCCTAAGAAAGACATCAA_002,181
CCCCCTAAGAAAGACATCAA_003,13
CCCCCTAAGAAAGACATCAA_004,134
CCCCCTAAGAAAGACATCAA_005,93
CCCCCTAAGAAAGACATCAA_006,101
CCCCCTAAGAAAGACATCAA_007,177
CCCCCTAAGAAAGACATCAA_008,40
CCCCCTAAGAAAGACATCAA_009,70
CCCCCTAAGAAAGACATCAA_010,183
ATGGTGACATTGTCATTCAG_001,199
ATGGTGACATTGTCATTCAG_002,2
ATGGTGACATTGTCATTCAG_003,49
ATGGTGACATTGTCATTCAG_004,95
ATGGTGACATTGTCATTCAG_005,41
ATGGTGACATTGTCATTCAG_006,188
ATGGTGACATTGTCATTCAG_007,116
ATGGTGACATTGTCATTCAG_008,77
ATGGTGACATTGTCATTCAG_009,64
CTGGGCTTCATCACCTACGT_001,79
CTGGGCTTCATCACCTACGT_002,118
CTGGGCTTCATCACCTACGT_003,12
CTGGGCTTCATCACCTACGT_004,41
CTGGGCTTCATCACCTACGT_005,72
CTGGGCTTCATCACCTACGT_006,74
CTGGGCTTCATCACCTACGT_007,188
CTGGGCTTCATCACCTACGT_008,59
CTGGGCTTCATCACCTACGT_009,149
CTGGGCTTCATCACCTACGT_010,126
CTGCTCTCGCACCGTCCGAG_001,121
CTGCTCTCGCACCGTCCGAG_002,162
CTGCTCTCGCACCGTCCGAG_003,107
CTGCTCTCGCACCGTCCGAG_004,38
CTGCTCTCGCACCGTCCGAG_005,84
CTGCTCTCGCACCGTCCGAG_006,105
CTGCTCTCGCACCGTCCGAG_007,199
CTGCTCTCGCACCGTCCGAG_008,132
CTGCTCTCGCACCGTCCGAG_009,198
CTGCTCTCGCACCGTCCGAG_010,1
CTGCTCTCGCACCGTCCGAG_011,105
CTGCTCTCGCACCGTCCGAG_012,130
AGTCGCGGACTCATGGATGG_001,38
AGTCGCGGACTCATGGATGG_002,21
AGTCGCGGACTCATGGATGG_003,82
AGTCGCGGACTCATGGATGG_004,116
AGTCGCGGACTCATGGATGG_005,3
AGTCGCGGACTCATGGATGG_006,105
AGTCGCGGACTCATGGATGG_007,2
AGTCGCGGACTCATGGATGG_008,9
AGTCGCGGACTCATGGATGG_009,115
AGTCGCGGACTCATGGATGG_010,15
AGTCGCGGACTCATGGATGG_011,27
GTACCTCTGCTTTCTCTGAG_001,1
GTACCTCTGCTTTCTCTGAG_002,58
GTACCTCTGCTTTCTCTGAG_003,76
GTACCTCTGCTTTCTCTGAG_004,82
GTACCTCTGCTTTCTCTGAG_005,76
GTACCTCTGCTTTCTCTGAG_006,81
GTACCTCTGCTTTCTCTGAG_007,9
GTACCTCTGCTTTCTCTGAG_008,177
GTACCTCTGCTTTCTCTGAG_009,105
GTACCTCTGCTTTCTCTGAG_010,4
GTACCTCTGCTTTCTCTGAG_011,161
GTACCTCTGCTTTCTCTGAG_012,0
GTACCTCTGCTTTCTCTGAG_013,27
GTACCTCTGCTTTCTCTGAG_014,165
GTACCTCTGCTTTCTCTGAG_015,123
TGGGGCCTCCAGGAAATCCA_001,45
TGGGGCCTCCAGGAAATCCA_002,193
TGGGGCCTCCAGGAAATCCA_003,83
TGGGGCCTCCAGGAAATCCA_004,75
TGGGGCCTCCAGGAAATCCA_005,1
TGGGGCCTCCAGGAAATCCA_006,77
TGGGGCCTCCAGGAAATCCA_007,63
TGGGGCCTCCAGGAAATCCA_008,147
TGGGGCCTCCAGGAAATCCA_009,146
TGGGGCCTCCAGGAAATCCA_010,145
TGGGGCCTCCAGGAAATCCA_011,162
TGGGGCCTCCAGGAAATCCA_012,13
CTCTCGGGACCGGAATATCG_001,81
CTCTCGGGACCGGAATATCG_002,115
CTCTCGGGACCGGAATATCG_003,137
CTCTCGGGACCGGAATATCG_004,193
CTCTCGGGACCGGAATATCG_005,78
GGGTCCCTCGAGGAGTTCAA_001,23
GGGTCCCTCGAGGAGTTCAA_002,47
GGGTCCCTCGAGGAGTTCAA_003,34
GGGTCCCTCGAGGAGTTCAA_004,177
GGGTCCCTCGAGGAGTTCAA_005,58
GGGTCCCTCGAGGAGTTCAA_006,148
GGGTCCCTCGAGGAGTTCAA_007,144
GGGTCCCTCGAGGAGTTCAA_008,49
GGGTCCCTCGAGGAGTTCAA_009,168
GGGTCCCTCGAGGAGTTCAA_010,1
GGGTCCCTCGAGGAGTTCAA_011,14
GGAAGCTACGGATATGGCTC_001,156
GGAAGCTACGGATATGGCTC_002,192
CCCTCAGAACCAGACCAGCA_001,150
CCCTCAGAACCAGACCAGCA_002,97
CCCTCAGAACCAGACCAGCA_003,141
CCCTCAGAACCAGACCAGCA_004,73
CCCTCAGAACCAGACCAGCA_005,140
CCCTCAGAACCAGACCAGCA_006,121
CCCTCAGAACCAGACCAGCA_007,142
CCCTCAGAACCAGACCAGCA_008,0
CCCTCAGAACCAGACCAGCA_009,62
CCCTCAGAACCAGACCAGCA_010,120
CCCTCAGAACCAGACCAGCA_011,127
CCCTCAGAACCAGACCAGCA_012,22
CCCTCAGAACCAGACCAGCA_013,78
CCCTCAGAACCAGACCAGCA_014,119
CCCTCAGAACCAGACCAGCA_015,37
CCTGGCCAGAGAGGACAACG_001,35
CCTGGCCAGAGAGGACAACG_002,133
CCTGGCCAGAGAGGACAACG_003,176
CCTGGCCAGAGAGGACAACG_004,166
TCACACACAAGACATCCCGA_001,159
TCACACACAAGACATCCCGA_002,48
TCACACACAAGACATCCCGA_003,23
TCACACACAAGACATCCCGA_004,170
TCACACACAAGACATCCCGA_005,127
TCACACACAAGACATCCCGA_006,61
TCACACACAAGACATCCCGA_007,20
TCACACACAAGACATCCCGA_008,148
TCACACACAAGACATCCCGA_009,115
TCACACACAAGACATCCCGA_010,135
TCACACACAAGACATCCCGA_011,156
TCACACACAAGACATCCCGA_012,82
TCACACACAAGACATCCCGA_013,80
TCACACACAAGACATCCCGA_014,36
TCACACACAAGACATCCCGA_015,196
TCACACACAAGACATCCCGA_016,148
GAAGCTTCGATGCAACTGGG_001,182
GAAGCTTCGATGCAACTGGG_002,47
GAAGCTTCGATGCAACTGGG_003,137
GAAGCTTCGATGCAACTGGG_004,153
GAAGCTTCGATGCAACTGGG_005,134
GAAGCTTCGATGCAACTGGG_006,198
GAAGCTTCGATGCAACTGGG_007,180
GAAGCTTCGATGCAACTGGG_008,77
GAAGCTTCGATGCAACTGGG_009,2
GAAGCTTCGATGCAACTGGG_010,67
GAAGCTTCGATGCAACTGGG_011,174
GAAGCTTCGATGCAACTGGG_012,158
GAAGCTTCGATGCAACTGGG_013,199
GAAGCTTCGATGCAACTGGG_014,50
GAAGCTTCGATGCAACTGGG_015,147
GAAGCTTCGATGCAACTGGG_016,158
GAAGCTTCGATGCAACTGGG_017,177
GAAGCTTCGATGCAACTGGG_018,94
GAAGCTTCGATGCAACTGGG_019,106
GAAGCTTCGATGCAACTGGG_020,196
GAAGCTTCGATGCAACTGGG_021,46
GAAGCTTCGATGCAACTGGG_022,16
GAAGCTTCGATGCAACTGGG_023,80
GAAGCTTCGATGCAACTGGG_024,80
GAAGCTTCGATGCAACTGGG_025,95
GGATTCCCGAGTACACGGAA_001,49
GGATTCCCGAGTACACGGAA_002,133
GGATTCCCGAGTACACGGAA_003,79
GGATTCCCGAGTACACGGAA_004,149
GGATTCCCGAGTACACGGAA_005,119
GGATTCCCGAGTACACGGAA_006,169
GGATTCCCGAGTACACGGAA_007,31
GGATTCCCGAGTACACGGAA_008,73
GGATTCCCGAGTACACGGAA_009,122
GGATTCCCGAGTACACGGAA_010,16
GGATTCCCGAGTACACGGAA_011,88
GGATTCCCGAGTACACGGAA_012,166
GGATTCCCGAGTACACGGAA_013,83
GGATTCCCGAGTACACGGAA_014,58
GGATTCCCGAGTACACGGAA_015,107
GGATTCCCGAGTACACGGAA_016,187
GGATTCCCGAGTACACGGAA_017,187
GGATTCCCGAGTACACGGAA_018,121
GGATTCCCGAGTACACGGAA_019,177
GGATTCCCGAGTACACGGAA_020,148
GGATTCCCGAGTACACGGAA_021,15
GGATTCCCGAGTACACGGAA_022,138
GGATTCCCGAGTACACGGAA_023,136
GGATTCCCGAGTACACGGAA_024,120
GGATTCCCGAGTACACGGAA_025,190
GGATTCCCGAGTACACGGAA_026,180
GGATTCCCGAGTACACGGAA_027,199
GGATTCCCGAGTACACGGAA_028,77
GGATTCCCGAGTACACGGAA_029,180
GGATTCCCGAGTACACGGAA_030,172
GGATTCCCGAGTACACGGAA_031,16
GGATTCCCGAGTACACGGAA_032,74
GGATTCCCGAGTACACGGAA_033,151
GGATTCCCGAGTACACGGAA_034,59
GGATTCCCGAGTACACGGAA_035,158
GGATTCCCGAGTACACGGAA_036,39
GGATTCCCGAGTACACGGAA_037,0
CAAGTATGTCAAGACGCACC_001,55
CAAGTATGTCAAGACGCACC_002,149
CAAGTATGTCAAGACGCACC_003,96
CAAGTATGTCAAGACGCACC_004,76
CAAGTATGTCAAGACGCACC_005,122
CAAGTATGTCAAGACGCACC_006,78
CAAGTATGTCAAGACGCACC_007,183
CAAGTATGTCAAGACGCACC_008,76
CAAGTATGTCAAGACGCACC_009,103
CAAGTATGTCAAGACGCACC_010,190
GCTACATCCTAGGCCTTCTG_001,106
GCTACATCCTAGGCCTTCTG_002,49
GCTACATCCTAGGCCTTCTG_003,155
GACAGCCAACAGTAAGAACT_001,137
GACAGCCAACAGTAAGAACT_002,19
GACAGCCAACAGTAAGAACT_003,70
GACAGCCAACAGTAAGAACT_004,160
GACAGCCAACAGTAAGAACT_005,124
GACAGCCAACAGTAAGAACT_006,159
GACAGCCAACAGTAAGAACT_007,162
GACAGCCAACAGTAAGAACT_008,157
GACAGCCAACAGTAAGAACT_009,126
GACAGCCAACAGTAAGAACT_010,76
GACAGCCAACAGTAAGAACT_011,168
GACAGCCAACAGTAAGAACT_012,64
GCTCCACCTTAGATATGTAG_001,21
GCTCCACCTTAGATATGTAG_002,29
GAGACTGCTGGAACCGCATG_001,43
GAGACTGCTGGAACCGCATG_002,48
GAGACTGCTGGAACCGCATG_003,33
GAGACTGCTGGAACCGCATG_004,9
GAGACTGCTGGAACCGCATG_005,187
GCAGTGCTCTTAGAAGTGCA_001,88
GCAGTGCTCTTAGAAGTGCA_002,91
GCAGTGCTCTTAGAAGTGCA_003,147
CTGTATGGGAACCATGTAGT_001,7
CTGTATGGGAACCATGTAGT_002,81
CTGTATGGGAACCATGTAGT_003,121
CTGTATGGGAACCATGTAGT_004,75
CTGTATGGGAACCATGTAGT_005,39
GCAGGGAGAATGAAGCTCCG_001,174
GCAGGGAGAATGAAGCTCCG_002,130
GCAGGGAGAATGAAGCTCCG_003,98
GCAGGGAGAATGAAGCTCCG_004,47
GCAGGGAGAATGAAGCTCCG_005,12
GCAGGGAGAATGAAGCTCCG_006,182
GCAGGGAGAATGAAGCTCCG_007,194
GCAGGGAGAATGAAGCTCCG_008,130
GCAGGGAGAATGAAGCTCCG_009,123
GCAGGGAGAATGAAGCTCCG_010,130
TTCCGCTGCTCGACACCACG_001,170
TTCCGCTGCTCGACACCACG_002,60
TTCCGCTGCTCGACACCACG_003,173
TTCCGCTGCTCGACACCACG_004,191
TTCCGCTGCTCGACACCACG_005,48
TTCCGCTGCTCGACACCACG_006,27
TTCCGCTGCTCGACACCACG_007,51
TTCCGCTGCTCGACACCACG_008,53
TTCCGCTGCTCGACACCACG_009,167
TTCCGCTGCTCGACACCACG_010,49
TTCCGCTGCTCGACACCACG_011,149
TTCCGCTGCTCGACACCACG_012,125
TTCCGCTGCTCGACACCACG_013,126
TTCCGCTGCTCGACACCACG_014,129
TTCCGCTGCTCGACACCACG_015,60
TTCCGCTGCTCGACACCACG_016,100
TTCCGCTGCTCGACACCACG_017,124
TTCCGCTGCTCGACACCACG_018,176
TTCCGCTGCTCGACACCACG_019,11
TTCCGCTGCTCGACACCACG_020,65
TTCCGCTGCTCGACACCACG_021,102
TTCCGCTGCTCGACACCACG_022,41
TTCCGCTGCTCGACACCACG_023,52
TTCCGCTGCTCGACACCACG_024,3
TTCCGCTGCTCGACACCACG_025,118
TTCCGCTGCTCGACACCACG_026,137
TTCCGCTGCTCGACACCACG_027,180
GTTCCACCAACAACCACTGG_001,32
GTTCCACCAACAACCACTGG_002,142
GTTCCACCAACAACCACTGG_003,34
GTTCCACCAACAACCACTGG_004,185
GTTCCACCAACAACCACTGG_005,162
GTTCCACCAACAACCACTGG_006,77
GTTCCACCAACAACCACTGG_007,68
GTTCCACCAACAACCACTGG_008,120
GTTCCACCAACAACCACTGG_009,67
GTTCCACCAACAACCACTGG_010,84
GTTCCACCAACAACCACTGG_011,119
GTTCCACCAACAACCACTGG_012,119
GTTCCACCAACAACCACTGG_013,138
GTTCCACCAACAACCACTGG_014,103
GTTCCACCAACAACCACTGG_015,141
GTTCCACCAACAACCACTGG_016,191
GTTCCACCAACAACCACTGG_017,62
GTTCCACCAACAACCACTGG_018,188
GTTCCACCAACAACCACTGG_019,107
GTTCCACCAACAACCACTGG_020,35
GTTCCACCAACAACCACTGG_021,106
GTTCCACCAACAACCACTGG_022,138
AACGACAACACTGACTATGA_001,85
AACGACAACACTGACTATGA_002,127
AACGACAACACTGACTATGA_003,16
AACGACAACACTGACTATGA_004,33
TCTCAAGAAGAAAACGAACT_001,147
TCTCAAGAAGAAAACGAACT_002,38
TCTCAAGAAGAAAACGAACT_003,140
AGGGTGGTGTACCCCCACAG_001,15
AGGGTGGTGTACCCCCACAG_002,137
AGGGTGGTGTACCCCCACAG_003,137
AGGGTGGTGTACCCCCACAG_004,101
AGGGTGGTGTACCCCCACAG_005,147
AGGGTGGTGTACCCCCACAG_006,32
AGGGTGGTGTACCCCCACAG_007,135
AGGGTGGTGTACCCCCACAG_008,175
AGGGTGGTGTACCCCCACAG_009,166
AGGGTGGTGTACCCCCACAG_010,34
AGGGTGGTGTACCCCCACAG_011,40
AGGGTGGTGTACCCCCACAG_012,127
AGGGTGGTGTACCCCCACAG_013,190
AGGGTGGTGTACCCCCACAG_014,29
AGGGTGGTGTACCCCCACAG_015,50
AGGGTGGTGTACCCCCACAG_016,30
AGGGTGGTGTACCCCCACAG_017,161
AGGGTGGTGTACCCCCACAG_018,172
ACTCCTGCTCCAAACTAAGG_001,169
ACTCCTGCTCCAAACTAAGG_002,38
ACTCCTGCTCCAAACTAAGG_003,55
ACTCCTGCTCCAAACTAAGG_004,191
ACTCCTGCTCCAAACTAAGG_005,56
ACTCCTGCTCCAAACTAAGG_006,81
ACTCCTGCTCCAAACTAAGG_007,173
TGTATGAGCCCAATAGCCAA_001,41
AGTTACTGAAAATTCCCGTG_001,64
AGTTACTGAAAATTCCCGTG_002,194
AGTTACTGAAAATTCCCGTG_003,0
AGTTACTGAAAATTCCCGTG_004,95
AGTTACTGAAAATTCCCGTG_005,140
AGTTACTGAAAATTCCCGTG_006,61
TGCTGCAGCGTCAGCTCCGG_001,158
TGCTGCAGCGTCAGCTCCGG_002,1
TGCTGCAGCGTCAGCTCCGG_003,166
TGCTGCAGCGTCAGCTCCGG_004,181
TGCTGCAGCGTCAGCTCCGG_005,70
TGCTGCAGCGTCAGCTCCGG_006,137
TGCTGCAGCGTCAGCTCCGG_007,121
TGCTGCAGCGTCAGCTCCGG_008,72
TGCTGCAGCGTCAGCTCCGG_009,72
TGCTGCAGCGTCAGCTCCGG_010,5
TGCTGCAGCGTCAGCTCCGG_011,76
TGCTGCAGCGTCAGCTCCGG_012,195
TGCTGCAGCGTCAGCTCCGG_013,153
TGCTGCAGCGTCAGCTCCGG_014,92
TGCTGCAGCGTCAGCTCCGG_015,197
TGCTGCAGCGTCAGCTCCGG_016,99
TGCTGCAGCGTCAGCTCCGG_017,167
TGCTGCAGCGTCAGCTCCGG_018,117
CAGTGATCCCCTGGACATCG_001,188
CAGTGATCCCCTGGACATCG_002,121
CAGTGATCCCCTGGACATCG_003,178
CAGTGATCCCCTGGACATCG_004,98
CAGTGATCCCCTGGACATCG_005,137
TCTATTGGAAACAAGTTGCC_001,170
TCTATTGGAAACAAGTTGCC_002,188
TCTATTGGAAACAAGTTGCC_003,76
TCTATTGGAAACAAGTTGCC_004,67
TCTATTGGAAACAAGTTGCC_005,9
TCTATTGGAAACAAGTTGCC_006,162
TCTATTGGAAACAAGTTGCC_007,147
TCTATTGGAAACAAGTTGCC_008,16
TCTATTGGAAACAAGTTGCC_009,30
TCTATTGGAAACAAGTTGCC_010,169
TCTATTGGAAACAAGTTGCC_011,142
TCTATTGGAAACAAGTTGCC_012,18
TCTATTGGAAACAAGTTGCC_013,39
TCTATTGGAAACAAGTTGCC_014,165
AAAGCTACCATTCTTATATG_001,115
GGGTAGACTCAACATTGACC_001,177
GGGTAGACTCAACATTGACC_002,35
GGGTAGACTCAACATTGACC_003,185
GGGTAGACTCAACATTGACC_004,8
CAGTTCTGCTCGTAAAACCA_001,51
CAGTTCTGCTCGTAAAACCA_002,192
TGCCACCTGCACCAATACAG_001,26
TGCCACCTGCACCAATACAG_002,53
TGCCACCTGCACCAATACAG_003,9
TGCCACCTGCACCAATACAG_004,12
CGGTGCGTATTTGACCACAA_001,53
CGGTGCGTATTTGACCACAA_002,77
CGGTGCGTATTTGACCACAA_003,63
CGGTGCGTATTTGACCACAA_004,172
CGGTGCGTATTTGACCACAA_005,174
CGGTGCGTATTTGACCACAA_006,109
CGGTGCGTATTTGACCACAA_007,127
CGGTGCGTATTTGACCACAA_008,75
CGGTGCGTATTTGACCACAA_009,184
CGGTGCGTATTTGACCACAA_010,179
CGGTGCGTATTTGACCACAA_011,18
CGGTGCGTATTTGACCACAA_012,171
GATGCTGGAACCCTAAACCA_001,166
GATGCTGGAACCCTAAACCA_002,15
GATGCTGGAACCCTAAACCA_003,186
GATGCTGGAACCCTAAACCA_004,178
GATGCTGGAACCCTAAACCA_005,78
GATGCTGGAACCCTAAACCA_006,130
GATGCTGGAACCCTAAACCA_007,84
GATGCTGGAACCCTAAACCA_008,94
GATGCTGGAACCCTAAACCA_009,174
GATGCTGGAACCCTAAACCA_010,50
GATGCTGGAACCCTAAACCA_011,62
GGGGAAAACTAAATATCACA_001,97
GGGGAAAACTAAATATCACA_002,97
GGGGAAAACTAAATATCACA_003,8
GGTACGTGGTGAAAGTCGTG_001,41
GGTACGTGGTGAAAGTCGTG_002,62
GGTACGTGGTGAAAGTCGTG_003,45
GGTACGTGGTGAAAGTCGTG_004,0
GGTACGTGGTGAAAGTCGTG_005,115
GGTACGTGGTGAAAGTCGTG_006,62
GGTACGTGGTGAAAGTCGTG_007,147
GGTACGTGGTGAAAGTCGTG_008,43
GGTACGTGGTGAAAGTCGTG_009,106
GGTACGTGGTGAAAGTCGTG_010,15
GGTACGTGGTGAAAGTCGTG_011,81
GGTACGTGGTGAAAGTCGTG_012,188
GGTACGTGGTGAAAGTCGTG_013,9
GGTACGTGGTGAAAGTCGTG_014,68
ATTCTAAACTAGGCACATGA_001,118
ATTCTAAACTAGGCACATGA_002,76
ATTCTAAACTAGGCACATGA_003,157
ATTCTAAACTAGGCACATGA_004,190
ATTCTAAACTAGGCACATGA_005,103
ATTCTAAACTAGGCACATGA_006,182
ATTCTAAACTAGGCACATGA_007,187
ATTCTAAACTAGGCACATGA_008,103
ATTCTAAACTAGGCACATGA_009,10
TTCTTTCAGGCCAAGCAATG_001,198
TTCTTTCAGGCCAAGCAATG_002,122
TTCTTTCAGGCCAAGCAATG_003,17
GACACCCCTTACGAACCTGA_001,140
GACACCCCTTACGAACCTGA_002,60
GACACCCCTTACGAACCTGA_003,176
GACACCCCTTACGAACCTGA_004,119
GACACCCCTTACGAACCTGA_005,8
GACACCCCTTACGAACCTGA_006,64
GACACCCCTTACGAACCTGA_007,113
GACACCCCTTACGAACCTGA_008,170
GACACCCCTTACGAACCTGA_009,25
GACACCCCTTACGAACCTGA_010,133
GACACCCCTTACGAACCTGA_011,185
GACACCCCTTACGAACCTGA_012,161
GACACCCCTTACGAACCTGA_013,49
GACACCCCTTACGAACCTGA_014,140
GACACCCCTTACGAACCTGA_015,119
GACACCCCTTACGAACCTGA_016,182
GACACCCCTTACGAACCTGA_017,9
GACACCCCTTACGAACCTGA_018,130
GACACCCCTTACGAACCTGA_019,181
GACACCCCTTACGAACCTGA_020,168
GACACCCCTTACGAACCTGA_021,20
GACACCCCTTACGAACCTGA_022,178
AGCAGTGGAACATATGTTTG_001,94
AGCAGTGGAACATATGTTTG_002,134
AGCAGTGGAACATATGTTTG_003,9
CATCACTTCAAAGAACCCGG_001,134
CATCACTTCAAAGAACCCGG_002,182
CATCACTTCAAAGAACCCGG_003,169
CATCACTTCAAAGAACCCGG_004,197
TATAACCAGAGACTCTTTGG_001,98
TATAACCAGAGACTCTTTGG_002,171
TATAACCAGAGACTCTTTGG_003,34
TATAACCAGAGACTCTTTGG_004,90
TATAACCAGAGACTCTTTGG_005,17
TATAACCAGAGACTCTTTGG_006,2
TATAACCAGAGACTCTTTGG_007,6
TATAACCAGAGACTCTTTGG_008,178
TATGGACTGTCCGTTGTGGG_001,166
TATGGACTGTCCGTTGTGGG_002,53
TATGGACTGTCCGTTGTGGG_003,41
TATGGACTGTCCGTTGTGGG_004,146
TATGGACTGTCCGTTGTGGG_005,199
TATGGACTGTCCGTTGTGGG_006,168
TATGGACTGTCCGTTGTGGG_007,10
TATGGACTGTCCGTTGTGGG_008,197
TATGGACTGTCCGTTGTGGG_009,7
GAGAGATTGCCAAAGCAGTG_001,45
GAGAGATTGCCAAAGCAGTG_002,116
GAGAGATTGCCAAAGCAGTG_003,62
GAGAGATTGCCAAAGCAGTG_004,98
GAGAGATTGCCAAAGCAGTG_005,34
GAGAGATTGCCAAAGCAGTG_006,41
GAGAGATTGCCAAAGCAGTG_007,181
GAGAGATTGCCAAAGCAGTG_008,127
GAGAGATTGCCAAAGCAGTG_009,41
GAGAGATTGCCAAAGCAGTG_010,138
GAGAGATTGCCAAAGCAGTG_011,34
GAGAGATTGCCAAAGCAGTG_012,63
GAGAGATTGCCAAAGCAGTG_013,199
GAGAGATTGCCAAAGCAGTG_014,89
GAGAGATTGCCAAAGCAGTG_015,150
GAGAGATTGCCAAAGCAGTG_016,169
GAGAGATTGCCAAAGCAGTG_017,8
TGGGAGTGAAAGCAGAAATG_001,76
TGGGAGTGAAAGCAGAAATG_002,97
TGGGAGTGAAAGCAGAAATG_003,93
TGGGAGTGAAAGCAGAAATG_004,58
TGGGAGTGAAAGCAGAAATG_005,60
TGGGAGTGAAAGCAGAAATG_006,176
TGGGAGTGAAAGCAGAAATG_007,123
TGGGAGTGAAAGCAGAAATG_008,98
TGGGAGTGAAAGCAGAAATG_009,57
TGGGAGTGAAAGCAGAAATG_010,36
TGGGAGTGAAAGCAGAAATG_011,125
TGGGAGTGAAAGCAGAAATG_012,166
TGGGAGTGAAAGCAGAAATG_013,55
TGGGAGTGAAAGCAGAAATG_014,161
AAGCCCACTTCAGACAAACC_001,105
AAGCCCACTTCAGACAAACC_002,70
AAGCCCACTTCAGACAAACC_003,178
AAGCCCACTTCAGACAAACC_004,96
AAGCCCACTTCAGACAAACC_005,46
AAGCCCACTTCAGACAAACC_006,34
AAGCCCACTTCAGACAAACC_007,175
AAGCCCACTTCAGACAAACC_008,48
AAGCCCACTTCAGACAAACC_009,183
AAGCCCACTTCAGACAAACC_010,193
AAGCCCACTTCAGACAAACC_011,41
AAGCCCACTTCAGACAAACC_012,56
AAGCCCACTTCAGACAAACC_013,113
CCTACCTAAAACGTAGCCGT_001,51
CCTACCTAAAACGTAGCCGT_002,4
CCTACCTAAAACGTAGCCGT_003,83
CCTACCTAAAACGTAGCCGT_004,2
CCTACCTAAAACGTAGCCGT_005,197
CCTACCTAAAACGTAGCCGT_006,144
CCTACCTAAAACGTAGCCGT_007,41
CCTACCTAAAACGTAGCCGT_008,15
AGCAGACGGAGATAAGCCAA_001,113
AGCAGACGGAGATAAGCCAA_002,137
AGCAGACGGAGATAAGCCAA_003,115
AGCAGACGGAGATAAGCCAA_004,58
AGCAGACGGAGATAAGCCAA_005,174
AGCAGACGGAGATAAGCCAA_006,12
AGCAGACGGAGATAAGCCAA_007,76
AGCAGACGGAGATAAGCCAA_008,69
AGCAGACGGAGATAAGCCAA_009,57
AGCAGACGGAGATAAGCCAA_010,152
AGCAGACGGAGATAAGCCAA_011,89
AGCAGACGGAGATAAGCCAA_012,157
AGCAGACGGAGATAAGCCAA_013,12
AGCAGACGGAGATAAGCCAA_014,158
AGCAGACGGAGATAAGCCAA_015,146
AGCAGACGGAGATAAGCCAA_016,157
AGCAGACGGAGATAAGCCAA_017,72
AGCAGACGGAGATAAGCCAA_018,42
AGCAGACGGAGATAAGCCAA_019,113
AGCAGACGGAGATAAGCCAA_020,70
AGCAGACGGAGATAAGCCAA_021,151
AGCAGACGGAGATAAGCCAA_022,27
AGCAGACGGAGATAAGCCAA_023,105
AGCAGACGGAGATAAGCCAA_024,192
GTCACCAAAGTATTGCACTA_001,198
GTCACCAAAGTATTGCACTA_002,44
GTCACCAAAGTATTGCACTA_003,168
CAAGCACTGCAGAATCGAGT_001,62
CAAGCACTGCAGAATCGAGT_002,129
CAAGCACTGCAGAATCGAGT_003,16
CAAGCACTGCAGAATCGAGT_004,184
CAAGCACTGCAGAATCGAGT_005,69
CAAGCACTGCAGAATCGAGT_006,118
CAAGCACTGCAGAATCGAGT_007,78
CAAGCACTGCAGAATCGAGT_008,141
CAAGCACTGCAGAATCGAGT_009,28
CAAGCACTGCAGAATCGAGT_010,127
AATGCATCCTACAAAAGGAT_001,44
AATGCATCCTACAAAAGGAT_002,184
AATGCATCCTACAAAAGGAT_003,197
AATGCATCCTACAAAAGGAT_004,117
TATTGAACGCACCTTAAGTG_001,54
TATTGAACGCACCTTAAGTG_002,78
TGACCATCATGAACCCACAA_001,11
TGACCATCATGAACCCACAA_002,42
TGACCATCATGAACCCACAA_003,61
TGACCATCATGAACCCACAA_004,91
TGACCATCATGAACCCACAA_005,91
TGACCATCATGAACCCACAA_006,48
TGACCATCATGAACCCACAA_007,168
AGATATGCCGAACCAGAACG_001,160
AGATATGCCGAACCAGAACG_002,48
AGATATGCCGAACCAGAACG_003,169
AGATATGCCGAACCAGAACG_004,70
AGATATGCCGAACCAGAACG_005,193
AGATATGCCGAACCAGAACG_006,197
AGATATGCCGAACCAGAACG_007,191
AGATATGCCGAACCAGAACG_008,188
AGATATGCCGAACCAGAACG_009,168
AGATATGCCGAACCAGAACG_010,91
AGATATGCCGAACCAGAACG_011,55
AGATATGCCGAACCAGAACG_012,83
AGATATGCCGAACCAGAACG_013,89
AGATATGCCGAACCAGAACG_014,96
AGATATGCCGAACCAGAACG_015,188
AGATATGCCGAACCAGAACG_016,78
AGATATGCCGAACCAGAACG_017,36
AGATATGCCGAACCAGAACG_018,63
GTTGTTGCTGAGGCCGAGCG_001,199
GTTGTTGCTGAGGCCGAGCG_002,162
GTTGTTGCTGAGGCCGAGCG_003,113
GTTGTTGCTGAGGCCGAGCG_004,29
GTTGTTGCTGAGGCCGAGCG_005,144
GTTGTTGCTGAGGCCGAGCG_006,102
GTTGTTGCTGAGGCCGAGCG_007,19
GTTGTTGCTGAGGCCGAGCG_008,105
GTTGTTGCTGAGGCCGAGCG_009,189
GTTGTTGCTGAGGCCGAGCG_010,175
GTTGTTGCTGAGGCCGAGCG_011,162
GTTGTTGCTGAGGCCGAGCG_012,71
GTTGTTGCTGAGGCCGAGCG_013,88
GTTGTTGCTGAGGCCGAGCG_014,30
GTTGTTGCTGAGGCCGAGCG_015,140
GTTGTTGCTGAGGCCGAGCG_016,106
GTTGTTGCTGAGGCCGAGCG_017,114
GTTGTTGCTGAGGCCGAGCG_018,114
GTTGTTGCTGAGGCCGAGCG_019,197
GTTGTTGCTGAGGCCGAGCG_020,69
GGAGCGTGAGGAAGGCCAAG_001,170
GGAGCGTGAGGAAGGCCAAG_002,10
GGAGCGTGAGGAAGGCCAAG_003,159
GGAGCGTGAGGAAGGCCAAG_004,194
GGAGCGTGAGGAAGGCCAAG_005,105
GGAGCGTGAGGAAGGCCAAG_006,84
GGAGCGTGAGGAAGGCCAAG_007,50
GGAGCGTGAGGAAGGCCAAG_008,168
GGAGCGTGAGGAAGGCCAAG_009,197
GGAGCGTGAGGAAGGCCAAG_010,103
GGAGCGTGAGGAAGGCCAAG_011,87
GGAGCGTGAGGAAGGCCAAG_012,87
GGAGCGTGAGGAAGGCCAAG_013,148
GGAGCGTGAGGAAGGCCAAG_014,49
GGAGCGTGAGGAAGGCCAAG_015,45
GGAGCGTGAGGAAGGCCAAG_016,105
GGAGCGTGAGGAAGGCCAAG_017,146
GGAGCGTGAGGAAGGCCAAG_018,7
GGAGCGTGAGGAAGGCCAAG_019,139
GGAGCGTGAGGAAGGCCAAG_020,91
GGAGCGTGAGGAAGGCCAAG_021,52
GGAGCGTGAGGAAGGCCAAG_022,10
GGAGCGTGAGGAAGGCCAAG_023,28
GGAGCGTGAGGAAGGCCAAG_024,118
GGAGCGTGAGGAAGGCCAAG_025,106
GGAGCGTGAGGAAGGCCAAG_026,81
ACAGTCAAAACTTCACAGGG_001,35
ACAGTCAAAACTTCACAGGG_002,12
ACAGTCAAAACTTCACAGGG_003,154
ACAGTCAAAACTTCACAGGG_004,151
ACAGTCAAAACTTCACAGGG_005,183
ACAGTCAAAACTTCACAGGG_006,58
ACAGTCAAAACTTCACAGGG_007,198
CAGGTTTATGTGTGGTACGG_001,29
CAGGTTTATGTGTGGTACGG_002,65
CAGGTTTATGTGTGGTACGG_003,2
CAGGTTTATGTGTGGTACGG_004,17
CAGGTTTATGTGTGGTACGG_005,148
CAGGTTTATGTGTGGTACGG_006,97
CAGGTTTATGTGTGGTACGG_007,97
CAGGTTTATGTGTGGTACGG_008,148
GGGGACCTCTACCTCACCGA_001,116
GGGGACCTCTACCTCACCGA_002,58
GGGGACCTCTACCTCACCGA_003,20
GGGGACCTCTACCTCACCGA_004,49
GGGGACCTCTACCTCACCGA_005,141
GGGGACCTCTACCTCACCGA_006,177
GGGGACCTCTACCTCACCGA_007,142
CATGGAATGAAACATGCCAC_001,131
CATGGAATGAAACATGCCAC_002,9
CATGGAATGAAACATGCCAC_003,31
CATGGAATGAAACATGCCAC_004,32
CATGGAATGAAACATGCCAC_005,146
CATGGAATGAAACATGCCAC_006,122
CATGGAATGAAACATGCCAC_007,158
CATGGAATGAAACATGCCAC_008,96
CATGGAATGAAACATGCCAC_009,137
CATGGAATGAAACATGCCAC_010,126
CATGGAATGAAACATGCCAC_011,37
CATGGAATGAAACATGCCAC_012,189
CATGGAATGAAACATGCCAC_013,61
CATGGAATGAAACATGCCAC_014,50
CATGGAATGAAACATGCCAC_015,43
CATGGAATGAAACATGCCAC_016,184
CATGGAATGAAACATGCCAC_017,162
CATGGAATGAAACATGCCAC_018,48
CATGGAATGAAACATGCCAC_019,50
CATGGAATGAAACATGCCAC_020,153
CATGGAATGAAACATGCCAC_021,170
TCCTGGACAGGAGCTATCCA_001,175
TCCTGGACAGGAGCTATCCA_002,12
TCCTGGACAGGAGCTATCCA_003,172
TCCTGGACAGGAGCTATCCA_004,121
TCCTGGACAGGAGCTATCCA_005,98
TCCTGGACAGGAGCTATCCA_006,145
TCCTGGACAGGAGCTATCCA_007,160
TCCTGGACAGGAGCTATCCA_008,126
TCCTGGACAGGAGCTATCCA_009,27
TCCTGGACAGGAGCTATCCA_010,28
TCCTGGACAGGAGCTATCCA_011,88
TCCTGGACAGGAGCTATCCA_012,166
GAGGCGCAGGCATCGCAGAG_001,115
GAGGCGCAGGCATCGCAGAG_002,2
GAGGCGCAGGCATCGCAGAG_003,48
GAGGCGCAGGCATCGCAGAG_004,62
GAGGCGCAGGCATCGCAGAG_005,88
GCTTGCCCATCTTCACCCAA_001,127
GCTTGCCCATCTTCACCCAA_002,175
GCTTGCCCATCTTCACCCAA_003,169
GCTTGCCCATCTTCACCCAA_004,127
GCTTGCCCATCTTCACCCAA_005,13
GCTTGCCCATCTTCACCCAA_006,32
GCTTGCCCATCTTCACCCAA_007,169
GCTTGCCCATCTTCACCCAA_008,148
GCTTGCCCATCTTCACCCAA_009,94
GCTTGCCCATCTTCACCCAA_010,10
GCTTGCCCATCTTCACCCAA_011,0
GCTTGCCCATCTTCACCCAA_012,97
GCTTGCCCATCTTCACCCAA_013,13
GCTTGCCCATCTTCACCCAA_014,35
GCTTGCCCATCTTCACCCAA_015,91
GCTTGCCCATCTTCACCCAA_016,196
GCTTGCCCATCTTCACCCAA_017,178
GCTTGCCCATCTTCACCCAA_018,82
GCTTGCCCATCTTCACCCAA_019,17
GCTTGCCCATCTTCACCCAA_020,102
GCTTGCCCATCTTCACCCAA_021,146
GCTTGCCCATCTTCACCCAA_022,140
GCTTGCCCATCTTCACCCAA_023,55
GCTTGCCCATCTTCACCCAA_024,188
GCTTGCCCATCTTCACCCAA_025,149
GCTTGCCCATCTTCACCCAA_026,62
GCTTGCCCATCTTCACCCAA_027,175
ACAGGAAGTCAATATGCAGG_001,169
ACAGGAAGTCAATATGCAGG_002,115
ACAGGAAGTCAATATGCAGG_003,0
ACAGGAAGTCAATATGCAGG_004,8
ACAGGAAGTCAATATGCAGG_005,115
ACAGGAAGTCAATATGCAGG_006,157
ACAGGAAGTCAATATGCAGG_007,4
GTGCATAATGGTCAGAAAAG_001,130
GTGCATAATGGTCAGAAAAG_002,110
GTGCATAATGGTCAGAAAAG_003,199
GTGCATAATGGTCAGAAAAG_004,41
GTGCATAATGGTCAGAAAAG_005,87
GTGCATAATGGTCAGAAAAG_006,8
GTGCATAATGGTCAGAAAAG_007,148
GTGCATAATGGTCAGAAAAG_008,136
GTGCATAATGGTCAGAAAAG_009,127
GTGCATAATGGTCAGAAAAG_010,2
TCTGCACATCAACATAAACA_001,61
TCTGCACATCAACATAAACA_002,95
TCTGCACATCAACATAAACA_003,164
TCTGCACATCAACATAAACA_004,18
TCTGCACATCAACATAAACA_005,171
GCCAGCGTACTGGTCATCAA_001,87
GCCAGCGTACTGGTCATCAA_002,149
GCCAGCGTACTGGTCATCAA_003,141
TACTTGCCGGAGGTGCTACA_001,181
TACTTGCCGGAGGTGCTACA_002,120
TACTTGCCGGAGGTGCTACA_003,124
TACTTGCCGGAGGTGCTACA_004,184
TACTTGCCGGAGGTGCTACA_005,172
TACTTGCCGGAGGTGCTACA_006,73
TACTTGCCGGAGGTGCTACA_007,174
TACTTGCCGGAGGTGCTACA_008,12
TACTTGCCGGAGGTGCTACA_009,185
TACTTGCCGGAGGTGCTACA_010,185
GCCATCTGTGACCCCCACCG_001,32
GCCATCTGTGACCCCCACCG_002,133
GCCATCTGTGACCCCCACCG_003,137
GCCATCTGTGACCCCCACCG_004,119
GCCATCTGTGACCCCCACCG_005,50
GCCATCTGTGACCCCCACCG_006,188
GCCATCTGTGACCCCCACCG_007,185
GCCATCTGTGACCCCCACCG_008,39
GCCATCTGTGACCCCCACCG_009,142
GCCATCTGTGACCCCCACCG_010,0
GCCATCTGTGACCCCCACCG_011,15
GCCATCTGTGACCCCCACCG_012,58
GCCATCTGTGACCCCCACCG_013,108
GCCATCTGTGACCCCCACCG_014,144
GCCATCTGTGACCCCCACCG_015,27
GCCATCTGTGACCCCCACCG_016,59
GCCATCTGTGACCCCCACCG_017,49
GCCATCTGTGACCCCCACCG_018,2
GCCATCTGTGACCCCCACCG_019,105
GCCATCTGTGACCCCCACCG_020,113
GCCATCTGTGACCCCCACCG_021,133
GCCATCTGTGACCCCCACCG_022,85
GCCATCTGTGACCCCCACCG_023,81
GCCATCTGTGACCCCCACCG_024,134
TTGACTGACCCTATGTTCAG_001,49
TTGACTGACCCTATGTTCAG_002,77
TTGACTGACCCTATGTTCAG_003,84
TTGACTGACCCTATGTTCAG_004,27
TTGACTGACCCTATGTTCAG_005,55
TTGACTGACCCTATGTTCAG_006,192
TTGACTGACCCTATGTTCAG_007,88
TTGACTGACCCTATGTTCAG_008,20
TTGACTGACCCTATGTTCAG_009,138
TTGACTGACCCTATGTTCAG_010,63
TTGACTGACCCTATGTTCAG_011,90
TTGACTGACCCTATGTTCAG_012,55
TTGGTGCTGGGCACGATGTG_001,130
TTGGTGCTGGGCACGATGTG_002,196
TTGGTGCTGGGCACGATGTG_003,62
ACATGTATAGCTTCATGTCA_001,77
ACATGTATAGCTTCATGTCA_002,51
ACATGTATAGCTTCATGTCA_003,25
ACCACCACGCTCCTTAGAGG_001,1
ACCACCACGCTCCTTAGAGG_002,70
ACCACCACGCTCCTTAGAGG_003,112
ACCACCACGCTCCTTAGAGG_004,85
ACCACCACGCTCCTTAGAGG_005,162
ACCACCACGCTCCTTAGAGG_006,124
CATTGCTCATCCAAGGCATG_001,179
CATTGCTCATCCAAGGCATG_002,13
CATTGCTCATCCAAGGCATG_003,20
CATTGCTCATCCAAGGCATG_004,196
CATTGCTCATCCAAGGCATG_005,105
CATTGCTCATCCAAGGCATG_006,0
CATTGCTCATCCAAGGCATG_007,147
CATTGCTCATCCAAGGCATG_008,52
CATTGCTCATCCAAGGCATG_009,9
CATTGCTCATCCAAGGCATG_010,72
CATTGCTCATCCAAGGCATG_011,108
CATTGCTCATCCAAGGCATG_012,161
CATTGCTCATCCAAGGCATG_013,63
GAAGCGCTGCACGTTCCACG_001,173
GAAGCGCTGCACGTTCCACG_002,17
GAAGCGCTGCACGTTCCACG_003,1
GACTTTCGCTCACTCGAGTG_001,183
GACTTTCGCTCACTCGAGTG_002,84
GACTTTCGCTCACTCGAGTG_003,69
GACTTTCGCTCACTCGAGTG_004,17
GACTTTCGCTCACTCGAGTG_005,86
GACTTTCGCTCACTCGAGTG_006,199
GACTTTCGCTCACTCGAGTG_007,5
GACTTTCGCTCACTCGAGTG_008,137
GACTTTCGCTCACTCGAGTG_009,154
GACTTTCGCTCACTCGAGTG_010,35
GACTTTCGCTCACTCGAGTG_011,8
GACTTTCGCTCACTCGAGTG_012,112
GACTTTCGCTCACTCGAGTG_013,170
GACTTTCGCTCACTCGAGTG_014,140
GACTTTCGCTCACTCGAGTG_015,36
GACTTTCGCTCACTCGAGTG_016,56
CGTCGAGCTGGCGGAACCGG_001,119
CGTCGAGCTGGCGGAACCGG_002,45
CGTCGAGCTGGCGGAACCGG_003,160
CGTCGAGCTGGCGGAACCGG_004,47
CGTCGAGCTGGCGGAACCGG_005,36
CGTCGAGCTGGCGGAACCGG_006,122
CGTCGAGCTGGCGGAACCGG_007,86
CGTCGAGCTGGCGGAACCGG_008,157
CGTCGAGCTGGCGGAACCGG_009,133
GAAGACATATACGAACTGCG_001,50
GAAGACATATACGAACTGCG_002,72
GAAGACATATACGAACTGCG_003,117
GAAGACATATACGAACTGCG_004,3
GAAGACATATACGAACTGCG_005,28
GCAGAGAAGTAAAATGAGAG_001,144
GCAGAGAAGTAAAATGAGAG_002,1
GCAGAGAAGTAAAATGAGAG_003,29
GCAGAGAAGTAAAATGAGAG_004,94
GCAGAGAAGTAAAATGAGAG_005,162
GCAGAGAAGTAAAATGAGAG_006,48
GCAGAGAAGTAAAATGAGAG_007,82
GCAGAGAAGTAAAATGAGAG_008,153
GCAGAGAAGTAAAATGAGAG_009,89
GCAGAGAAGTAAAATGAGAG_010,18
GCAGAGAAGTAAAATGAGAG_011,41
GTGTATTGGGAAGACATCCG_001,77
GTGTATTGGGAAGACATCCG_002,160
GTGTATTGGGAAGACATCCG_003,39
GCACAGTTACTGGACAACCG_001,62
GCACAGTTACTGGACAACCG_002,106
GCACAGTTACTGGACAACCG_003,62
GCACAGTTACTGGACAACCG_004,169
GCACAGTTACTGGACAACCG_005,9
GCACAGTTACTGGACAACCG_006,33
ACTCCCGCTTCACGCGCACA_001,133
ACTCCCGCTTCACGCGCACA_002,31
ACTCCCGCTTCACGCGCACA_003,146
ACTCCCGCTTCACGCGCACA_004,103
ACTCCCGCTTCACGCGCACA_005,149
ACTCCCGCTTCACGCGCACA_006,67
ACTCCCGCTTCACGCGCACA_007,57
ACTCCCGCTTCACGCGCACA_008,9
ACTCCCGCTTCACGCGCACA_009,33
ACTCCCGCTTCACGCGCACA_010,159
ACTCCCGCTTCACGCGCACA_011,144
ACTCCCGCTTCACGCGCACA_012,184
ACTCCCGCTTCACGCGCACA_013,61
GTTCTGGGCAGGCCTCACGC_001,107
GTTCTGGGCAGGCCTCACGC_002,127
GTTCTGGGCAGGCCTCACGC_003,81
GTTCTGGGCAGGCCTCACGC_004,16
GTTCTGGGCAGGCCTCACGC_005,134
GTTCTGGGCAGGCCTCACGC_006,119
GTTCTGGGCAGGCCTCACGC_007,91
GTTCTGGGCAGGCCTCACGC_008,57
GTTCTGGGCAGGCCTCACGC_009,153
GTTCTGGGCAGGCCTCACGC_010,147
GTTCTGGGCAGGCCTCACGC_011,17
GTTCTGGGCAGGCCTCACGC_012,130
GTTCTGGGCAGGCCTCACGC_013,47
GTTCTGGGCAGGCCTCACGC_014,9
GTTCTGGGCAGGCCTCACGC_015,145
GTTCTGGGCAGGCCTCACGC_016,60
GTTCTGGGCAGGCCTCACGC_017,23
GTTCTGGGCAGGCCTCACGC_018,10
GTTCTGGGCAGGCCTCACGC_019,174
AATCTAATTGACGTCCGTAG_001,134
AATCTAATTGACGTCCGTAG_002,55
AATCTAATTGACGTCCGTAG_003,52
AATCTAATTGACGTCCGTAG_004,29
AGGAAAAACAGTCTCAGCAC_001,136
AGGAAAAACAGTCTCAGCAC_002,70
AGGAAAAACAGTCTCAGCAC_003,134
AGGAAAAACAGTCTCAGCAC_004,126
AGGAAAAACAGTCTCAGCAC_005,183
GTCCCACTTCCAGAATTCTA_001,98
GTCCCACTTCCAGAATTCTA_002,169
GTCCCACTTCCAGAATTCTA_003,28
GTCCCACTTCCAGAATTCTA_004,158
GTCCCACTTCCAGAATTCTA_005,127
GTCCCACTTCCAGAATTCTA_006,138
GGCGGCGAGCGACGTGACCA_001,137
GGCGGCGAGCGACGTGACCA_002,108
GTCCCCAGACAAAGCCAGTG_001,137
GTCCCCAGACAAAGCCAGTG_002,185
GTCCCCAGACAAAGCCAGTG_003,145
GTCCCCAGACAAAGCCAGTG_004,17
GTCCCCAGACAAAGCCAGTG_005,171
GTCCCCAGACAAAGCCAGTG_006,132
GTCCCCAGACAAAGCCAGTG_007,115
GTCCCCAGACAAAGCCAGTG_008,147
GTCCCCAGACAAAGCCAGTG_009,5
GTCCCCAGACAAAGCCAGTG_010,172
GTCCCCAGACAAAGCCAGTG_011,185
GTCCCCAGACAAAGCCAGTG_012,41
GTCCCCAGACAAAGCCAGTG_013,139
GTCCCCAGACAAAGCCAGTG_014,85
GTCCCCAGACAAAGCCAGTG_015,147
GTCCCCAGACAAAGCCAGTG_016,68
GTCCCCAGACAAAGCCAGTG_017,106
GTCCCCAGACAAAGCCAGTG_018,172
GTCCCCAGACAAAGCCAGTG_019,83
GTCCCCAGACAAAGCCAGTG_020,188
GTCCCCAGACAAAGCCAGTG_021,96
GTCCCCAGACAAAGCCAGTG_022,12
GTCCCCAGACAAAGCCAGTG_023,169
GTCCCCAGACAAAGCCAGTG_024,121
GTCCCCAGACAAAGCCAGTG_025,199
GTCCCCAGACAAAGCCAGTG_026,115
GTCCCCAGACAAAGCCAGTG_027,127
GTCCCCAGACAAAGCCAGTG_028,93
GTCCCCAGACAAAGCCAGTG_029,141
GTCCCCAGACAAAGCCAGTG_030,182
CTCAATCAAGGCCTTGACTG_001,175
CTCAATCAAGGCCTTGACTG_002,12
CTCAATCAAGGCCTTGACTG_003,6
CTCAATCAAGGCCTTGACTG_004,49
CTCAATCAAGGCCTTGACTG_005,130
CTCAATCAAGGCCTTGACTG_006,120
CTCAATCAAGGCCTTGACTG_007,111
TGAGTGTACAGACCAACCCG_001,28
TGAGTGTACAGACCAACCCG_002,88
TGAGTGTACAGACCAACCCG_003,105
TGAGTGTACAGACCAACCCG_004,83
TGAGTGTACAGACCAACCCG_005,23
TGAGTGTACAGACCAACCCG_006,56
TGAGTGTACAGACCAACCCG_007,9
TGAGTGTACAGACCAACCCG_008,32
TGAGTGTACAGACCAACCCG_009,162
TGGCCCCGATAACCTCACTT_001,9
TGGCCCCGATAACCTCACTT_002,197
TGGCCCCGATAACCTCACTT_003,144
TGGCCCCGATAACCTCACTT_004,162
TGGCCCCGATAACCTCACTT_005,130
GAAGGTGAATAATGCCCAGT_001,169
GAAGGTGAATAATGCCCAGT_002,47
GAAGGTGAATAATGCCCAGT_003,48
GAAGGTGAATAATGCCCAGT_004,69
GAAGGTGAATAATGCCCAGT_005,42
GAAGGTGAATAATGCCCAGT_006,85
GAAGGTGAATAATGCCCAGT_007,196
GAAGGTGAATAATGCCCAGT_008,169
GAAGGTGAATAATGCCCAGT_009,148
GAAGGTGAATAATGCCCAGT_010,157
GAAGGTGAATAATGCCCAGT_011,64
GAAGGTGAATAATGCCCAGT_012,48
GAAGGTGAATAATGCCCAGT_013,158
GAAGGTGAATAATGCCCAGT_014,120
ACTCGATTTAAGCAGCGCCA_001,70
ACTCGATTTAAGCAGCGCCA_002,42
CAAATCTAGGTAAAATACGG_001,198
CAAATCTAGGTAAAATACGG_002,48
ACAGAGGAGACCCTGAACAC_001,100
ACAGAGGAGACCCTGAACAC_002,102
ACAGAGGAGACCCTGAACAC_003,34
ACAGAGGAGACCCTGAACAC_004,50
ACAGAGGAGACCCTGAACAC_005,174
ACAGAGGAGACCCTGAACAC_006,78
ACAGAGGAGACCCTGAACAC_007,142
ACAGAGGAGACCCTGAACAC_008,62
ACAGAGGAGACCCTGAACAC_009,145
ACAGAGGAGACCCTGAACAC_010,144
ACAGAGGAGACCCTGAACAC_011,15
ACAGAGGAGACCCTGAACAC_012,28
ACAGAGGAGACCCTGAACAC_013,126
ACAGAGGAGACCCTGAACAC_014,34
ACAGAGGAGACCCTGAACAC_015,90
TACCTTAAGCAATCTAATCG_001,188
TACCTTAAGCAATCTAATCG_002,50
TACCTTAAGCAATCTAATCG_003,69
TCTTCCGGGGAAAGCGTCGT_001,158
TCTTCCGGGGAAAGCGTCGT_002,30
TCTTCCGGGGAAAGCGTCGT_003,169
GAGCTGCAGACTAATTACAT_001,105
TGGCCAGGTTGCGGTCGCAG_001,67
TGGCCAGGTTGCGGTCGCAG_002,70
TGGCCAGGTTGCGGTCGCAG_003,115
TGGCCAGGTTGCGGTCGCAG_004,37
TGGCCAGGTTGCGGTCGCAG_005,170
TTGGCTGCAAGAGCTTCTGG_001,17
TTGGCTGCAAGAGCTTCTGG_002,138
TTGGCTGCAAGAGCTTCTGG_003,82
TTGGCTGCAAGAGCTTCTGG_004,118
TTGGCTGCAAGAGCTTCTGG_005,5
TTGGCTGCAAGAGCTTCTGG_006,125
TTGGCTGCAAGAGCTTCTGG_007,38
TTGGCTGCAAGAGCTTCTGG_008,87
TTGGCTGCAAGAGCTTCTGG_009,185
TTGGCTGCAAGAGCTTCTGG_010,3
TTGGCTGCAAGAGCTTCTGG_011,169
TTGGCTGCAAGAGCTTCTGG_012,97
TTGGCTGCAAGAGCTTCTGG_013,191
TTGGCTGCAAGAGCTTCTGG_014,77
TTGGCTGCAAGAGCTTCTGG_015,191
TTGGCTGCAAGAGCTTCTGG_016,94
TTGGCTGCAAGAGCTTCTGG_017,81
TGATCTTCATGGTGCGTGTG_001,107
TGATCTTCATGGTGCGTGTG_002,114
TGATCTTCATGGTGCGTGTG_003,199
TGATCTTCATGGTGCGTGTG_004,149
TGATCTTCATGGTGCGTGTG_005,169
TGATCTTCATGGTGCGTGTG_006,40
TGATCTTCATGGTGCGTGTG_007,105
TGATCTTCATGGTGCGTGTG_008,137
TGATCTTCATGGTGCGTGTG_009,85
TGATCTTCATGGTGCGTGTG_010,102
TGATCTTCATGGTGCGTGTG_011,148
TGATCTTCATGGTGCGTGTG_012,40
TGATCTTCATGGTGCGTGTG_013,40
TGATCTTCATGGTGCGTGTG_014,157
GCCATGGCCTTGGACTACGG_001,70
GCCATGGCCTTGGACTACGG_002,65
GCCATGGCCTTGGACTACGG_003,73
GCCATGGCCTTGGACTACGG_004,1
GCCATGGCCTTGGACTACGG_005,177
GCCATGGCCTTGGACTACGG_006,30
GCCATGGCCTTGGACTACGG_007,184
GCCATGGCCTTGGACTACGG_008,41
GCCATGGCCTTGGACTACGG_009,143
GCCATGGCCTTGGACTACGG_010,152
GCCATGGCCTTGGACTACGG_011,116
GCCATGGCCTTGGACTACGG_012,158
GCCATGGCCTTGGACTACGG_013,20
GCCATGGCCTTGGACTACGG_014,158
GCCATGGCCTTGGACTACGG_015,26
GCCATGGCCTTGGACTACGG_016,119
GCCATGGCCTTGGACTACGG_017,121
GCCATGGCCTTGGACTACGG_018,104
AGGAGCTAAAACTAACGCTG_001,42
AGGAGCTAAAACTAACGCTG_002,191
AGGAGCTAAAACTAACGCTG_003,80
AGGAGCTAAAACTAACGCTG_004,64
AGGAGCTAAAACTAACGCTG_005,2
CTCAGGGCCAGCATCCAACG_001,15
CTCAGGGCCAGCATCCAACG_002,23
CTCAGGGCCAGCATCCAACG_003,2
CTCAGGGCCAGCATCCAACG_004,127
CTCAGGGCCAGCATCCAACG_005,32
CTCAGGGCCAGCATCCAACG_006,31
CTCAGGGCCAGCATCCAACG_007,78
CTCAGGGCCAGCATCCAACG_008,34
ACAGATGACAACAAGGACCG_001,117
ACAGATGACAACAAGGACCG_002,152
ACAGATGACAACAAGGACCG_003,141
ACAGATGACAACAAGGACCG_004,174
ACAGATGACAACAAGGACCG_005,16
ACAGATGACAACAAGGACCG_006,106
ACAGATGACAACAAGGACCG_007,159
ACAGATGACAACAAGGACCG_008,134
ACAGATGACAACAAGGACCG_009,103
ACAGATGACAACAAGGACCG_010,147
ACAGATGACAACAAGGACCG_011,66
ACAGATGACAACAAGGACCG_012,2
ACAGATGACAACAAGGACCG_013,43
ACAGATGACAACAAGGACCG_014,192
TAACACGGCACCAATGCTGT_001,138
TAACACGGCACCAATGCTGT_002,142
TAACACGGCACCAATGCTGT_003,26
TAACACGGCACCAATGCTGT_004,81
TAACACGGCACCAATGCTGT_005,43
TAACACGGCACCAATGCTGT_006,96
TAACACGGCACCAATGCTGT_007,1
TAACACGGCACCAATGCTGT_008,150
TAACACGGCACCAATGCTGT_009,137
TAACACGGCACCAATGCTGT_010,106
TAACACGGCACCAATGCTGT_011,138
TAACACGGCACCAATGCTGT_012,138
AGTGGCTTGAACCTCAACCC_001,177
AGTGGCTTGAACCTCAACCC_002,146
AGTGGCTTGAACCTCAACCC_003,117
GAAAGCGAAGTACATTCCCG_001,199
CACAGGGTCATACTGGTGCG_001,43
CACAGGGTCATACTGGTGCG_002,114
CACAGGGTCATACTGGTGCG_003,36
CACAGGGTCATACTGGTGCG_004,184
AGTGATCGATACACTGAAGG_001,114
AGTGATCGATACACTGAAGG_002,199
AGTGATCGATACACTGAAGG_003,63
AGTGATCGATACACTGAAGG_004,102
AGTGATCGATACACTGAAGG_005,104
AGTGATCGATACACTGAAGG_006,0
AGTGATCGATACACTGAAGG_007,177
AGTGATCGATACACTGAAGG_008,66
GAAACGCCTTCTTATCGTGG_001,22
GAAACGCCTTCTTATCGTGG_002,21
GAAACGCCTTCTTATCGTGG_003,141
GAACAAGAAAGCTTAATGAG_001,141
GAACAAGAAAGCTTAATGAG_002,38
GAACAAGAAAGCTTAATGAG_003,124
GAACAAGAAAGCTTAATGAG_004,77
GAACAAGAAAGCTTAATGAG_005,58
GAACAAGAAAGCTTAATGAG_006,198
GAACAAGAAAGCTTAATGAG_007,49
GAACAAGAAAGCTTAATGAG_008,120
GAACAAGAAAGCTTAATGAG_009,29
GAACAAGAAAGCTTAATGAG_010,130
GAACAAGAAAGCTTAATGAG_011,149
GAACAAGAAAGCTTAATGAG_012,175
GAACAAGAAAGCTTAATGAG_013,12
GAACAAGAAAGCTTAATGAG_014,29
GAACAAGAAAGCTTAATGAG_015,142
GCTTCTGGACTGACTACTCT_001,66
GCTTCTGGACTGACTACTCT_002,57
GCTTCTGGACTGACTACTCT_003,65
GCTTCTGGACTGACTACTCT_004,88
GCTTCTGGACTGACTACTCT_005,15
CAATGTAGAGAACACCCCGG_001,12
CAATGTAGAGAACACCCCGG_002,113
CAATGTAGAGAACACCCCGG_003,12
CAATGTAGAGAACACCCCGG_004,55
CAATGTAGAGAACACCCCGG_005,137
CAATGTAGAGAACACCCCGG_006,170
CAATGTAGAGAACACCCCGG_007,171
CAATGTAGAGAACACCCCGG_008,104
CAATGTAGAGAACACCCCGG_009,103
CAATGTAGAGAACACCCCGG_010,18
CAATGTAGAGAACACCCCGG_011,121
CAATGTAGAGAACACCCCGG_012,113
CAATGTAGAGAACACCCCGG_013,70
CAATGTAGAGAACACCCCGG_014,52
CAATGTAGAGAACACCCCGG_015,30
CAATGTAGAGAACACCCCGG_016,81
CAATGTAGAGAACACCCCGG_017,67
CAATGTAGAGAACACCCCGG_018,78
CAATGTAGAGAACACCCCGG_019,94
CAATGTAGAGAACACCCCGG_020,170
CAATGTAGAGAACACCCCGG_021,123
CAATGTAGAGAACACCCCGG_022,169
CAATGTAGAGAACACCCCGG_023,194
CAATGTAGAGAACACCCCGG_024,44
CAATGTAGAGAACACCCCGG_025,12
CAATGTAGAGAACACCCCGG_026,35
TGAGGATATAGGCACAACTG_001,149
TGAGGATATAGGCACAACTG_002,76
TGAGGATATAGGCACAACTG_003,87
TGAGGATATAGGCACAACTG_004,157
AACCAGGCGACATCCTGGAT_001,142
AACCAGGCGACATCCTGGAT_002,152
AACCAGGCGACATCCTGGAT_003,49
AACCAGGCGACATCCTGGAT_004,72
AACCAGGCGACATCCTGGAT_005,177
AACCAGGCGACATCCTGGAT_006,17
AACCAGGCGACATCCTGGAT_007,169
AACCAGGCGACATCCTGGAT_008,166
AACCAGGCGACATCCTGGAT_009,36
AACCAGGCGACATCCTGGAT_010,137
AACCAGGCGACATCCTGGAT_011,183
AACCAGGCGACATCCTGGAT_012,130
AACCAGGCGACATCCTGGAT_013,177
CAGCCGGAGGCATTGTCCGG_001,160
CAGCCGGAGGCATTGTCCGG_002,140
CAGCCGGAGGCATTGTCCGG_003,55
CAGCCGGAGGCATTGTCCGG_004,12
CAGCCGGAGGCATTGTCCGG_005,8
CAGCCGGAGGCATTGTCCGG_006,55
CAGCCGGAGGCATTGTCCGG_007,102
CAGCCGGAGGCATTGTCCGG_008,87
CAGCCGGAGGCATTGTCCGG_009,35
CAGCCGGAGGCATTGTCCGG_010,15
CAGCCGGAGGCATTGTCCGG_011,174
CAGCCGGAGGCATTGTCCGG_012,25
CAGCCGGAGGCATTGTCCGG_013,146
CAGCCGGAGGCATTGTCCGG_014,11
CAGCCGGAGGCATTGTCCGG_015,32
CAGCCGGAGGCATTGTCCGG_016,122
CAGCCGGAGGCATTGTCCGG_017,42
CAGCCGGAGGCATTGTCCGG_018,186
CAGCCGGAGGCATTGTCCGG_019,183
CAGCCGGAGGCATTGTCCGG_020,188
CAGCCGGAGGCATTGTCCGG_021,169
CAGCCGGAGGCATTGTCCGG_022,27
CAGCCGGAGGCATTGTCCGG_023,22
CAGCCGGAGGCATTGTCCGG_024,123
CAGCCGGAGGCATTGTCCGG_025,194
GTACTCTCACCTTGCCCCTG_001,140
GTACTCTCACCTTGCCCCTG_002,123
GTACTCTCACCTTGCCCCTG_003,166
GTACTCTCACCTTGCCCCTG_004,63
ACTGTGGAGGAATTGCGTCT_001,96
ACTGTGGAGGAATTGCGTCT_002,124
ACTGTGGAGGAATTGCGTCT_003,72
ACTGTGGAGGAATTGCGTCT_004,41
ACTGTGGAGGAATTGCGTCT_005,41
ACTGTGGAGGAATTGCGTCT_006,180
ACTGTGGAGGAATTGCGTCT_007,138
ACTGTGGAGGAATTGCGTCT_008,138
TATGCACCTGTCATTCAGAG_001,19
GGAGAAGACGCCATTTCAGG_001,141
GGAGAAGACGCCATTTCAGG_002,84
GGAGAAGACGCCATTTCAGG_003,166
GGAGAAGACGCCATTTCAGG_004,188
GGGGACAGCCATGCCTATGT_001,19
GGGGACAGCCATGCCTATGT_002,89
GGGGACAGCCATGCCTATGT_003,181
GGGGACAGCCATGCCTATGT_004,180
GAGACTGCCATGGCCGACCG_001,67
GAGACTGCCATGGCCGACCG_002,66
GAGACTGCCATGGCCGACCG_003,169
GAGACTGCCATGGCCGACCG_004,188
GAGACTGCCATGGCCGACCG_005,42
GAGACTGCCATGGCCGACCG_006,198
GAGACTGCCATGGCCGACCG_007,166
GAGACTGCCATGGCCGACCG_008,19
GAGACTGCCATGGCCGACCG_009,58
GAGACTGCCATGGCCGACCG_010,68
GAGACTGCCATGGCCGACCG_011,46
GAGACTGCCATGGCCGACCG_012,44
GAGACTGCCATGGCCGACCG_013,84
GAGACTGCCATGGCCGACCG_014,25
GAGACTGCCATGGCCGACCG_015,176
GAGACTGCCATGGCCGACCG_016,14
GAGACTGCCATGGCCGACCG_017,41
GAGACTGCCATGGCCGACCG_018,60
GAGACTGCCATGGCCGACCG_019,140
GAGACTGCCATGGCCGACCG_020,78
GAGACTGCCATGGCCGACCG_021,171
GAGACTGCCATGGCCGACCG_022,42
GAGACTGCCATGGCCGACCG_023,89
GAGACTGCCATGGCCGACCG_024,116
GAGACTGCCATGGCCGACCG_025,82
GAGACTGCCATGGCCGACCG_026,183
GAGACTGCCATGGCCGACCG_027,183
GAGACTGCCATGGCCGACCG_028,100
GAGACTGCCATGGCCGACCG_029,2
GAGACTGCCATGGCCGACCG_030,78
GAGTCATTTGCACAAGAGGT_001,153
GAGTCATTTGCACAAGAGGT_002,185
GAGTCATTTGCACAAGAGGT_003,199
GAGTCATTTGCACAAGAGGT_004,51
GAGTCATTTGCACAAGAGGT_005,198
GAGTCATTTGCACAAGAGGT_006,48
GAGTCATTTGCACAAGAGGT_007,46
CAGTGCCAAATGTGTGACCC_001,137
CAGTGCCAAATGTGTGACCC_002,183
CAGTGCCAAATGTGTGACCC_003,19
CAGTGCCAAATGTGTGACCC_004,98
CAGTGCCAAATGTGTGACCC_005,33
CAGTGCCAAATGTGTGACCC_006,36
CAGTGCCAAATGTGTGACCC_007,48
CCTGATGGACTTACTCGCCG_001,144
CCTGATGGACTTACTCGCCG_002,132
CCTGATGGACTTACTCGCCG_003,120
CCTGATGGACTTACTCGCCG_004,49
GCGGCCAGTGATGTAAACTG_001,119
GCGGCCAGTGATGTAAACTG_002,140
GCGGCCAGTGATGTAAACTG_003,185
GAGACCATCTCCCCCGGAGA_001,55
GAGACCATCTCCCCCGGAGA_002,64
GAGACCATCTCCCCCGGAGA_003,161
GAGACCATCTCCCCCGGAGA_004,156
GAGACCATCTCCCCCGGAGA_005,14
CTCGGGGACACGTATGTGCG_001,169
CTCGGGGACACGTATGTGCG_002,183
CTCGGGGACACGTATGTGCG_003,68
CTCGGGGACACGTATGTGCG_004,56
CTCGGGGACACGTATGTGCG_005,102
CTCGGGGACACGTATGTGCG_006,137
CTCGGGGACACGTATGTGCG_007,19
CTCGGGGACACGTATGTGCG_008,18
CTCGGGGACACGTATGTGCG_009,52
CTCGGGGACACGTATGTGCG_010,114
CTCGGGGACACGTATGTGCG_011,76
CTCGGGGACACGTATGTGCG_012,98
CTCGGGGACACGTATGTGCG_013,170
CTCGGGGACACGTATGTGCG_014,172
CTCGGGGACACGTATGTGCG_015,57
CTCGGGGACACGTATGTGCG_016,88
CTCGGGGACACGTATGTGCG_017,19
CTCGGGGACACGTATGTGCG_018,185
CTCGGGGACACGTATGTGCG_019,19
CTCGGGGACACGTATGTGCG_020,47
TAGAAAAAACTGTTCGACCA_001,181
TAGAAAAAACTGTTCGACCA_002,194
TAGAAAAAACTGTTCGACCA_003,53
CGCTGTCGCCACCGAAACGG_001,49
CGCTGTCGCCACCGAAACGG_002,137
CGCTGTCGCCACCGAAACGG_003,71
CGCTGTCGCCACCGAAACGG_004,17
CGCTGTCGCCACCGAAACGG_005,78
CGCTGTCGCCACCGAAACGG_006,123
CGCTGTCGCCACCGAAACGG_007,144
CGCTGTCGCCACCGAAACGG_008,54
CGCTGTCGCCACCGAAACGG_009,81
TGTGTCTGGACTTGTTACTC_001,58
TGTGTCTGGACTTGTTACTC_002,174
TGTGTCTGGACTTGTTACTC_003,181
TGTGTCTGGACTTGTTACTC_004,78
TGTGTCTGGACTTGTTACTC_005,19
TGTGTCTGGACTTGTTACTC_006,161
TGTGTCTGGACTTGTTACTC_007,192
TGTGTCTGGACTTGTTACTC_008,28
TGTGTCTGGACTTGTTACTC_009,185
TGTGTCTGGACTTGTTACTC_010,14
TGTGTCTGGACTTGTTACTC_011,84
TGTGTCTGGACTTGTTACTC_012,39
GCGGGGTCTCCGGAACCAAA_001,152
GCGGGGTCTCCGGAACCAAA_002,67
GCGGGGTCTCCGGAACCAAA_003,20
GCGGGGTCTCCGGAACCAAA_004,94
GCCACCAAAGGTCTTCAAGG_001,50
GCCACCAAAGGTCTTCAAGG_002,82
GCCACCAAAGGTCTTCAAGG_003,2
GCCACCAAAGGTCTTCAAGG_004,184
GCCACCAAAGGTCTTCAAGG_005,157
GCCACCAAAGGTCTTCAAGG_006,94
GCCACCAAAGGTCTTCAAGG_007,132
GCCACCAAAGGTCTTCAAGG_008,63
GCCACCAAAGGTCTTCAAGG_009,88
GCCACCAAAGGTCTTCAAGG_010,91
GCCACCAAAGGTCTTCAAGG_011,34
GCCACCAAAGGTCTTCAAGG_012,103
GCCACCAAAGGTCTTCAAGG_013,41
GCCACCAAAGGTCTTCAAGG_014,5
GGCCGTGGATCATCACTATG_001,104
GGCCGTGGATCATCACTATG_002,94
GGCCGTGGATCATCACTATG_003,17
GGCCGTGGATCATCACTATG_004,149
GGCCGTGGATCATCACTATG_005,107
GGCCGTGGATCATCACTATG_006,113
GGCCGTGGATCATCACTATG_007,88
GGCCGTGGATCATCACTATG_008,11
GGCCGTGGATCATCACTATG_009,98
GTTGTTGCAGGAAGGAAGAC_001,49
GTTGTTGCAGGAAGGAAGAC_002,88
GTTGTTGCAGGAAGGAAGAC_003,148
GTTGTTGCAGGAAGGAAGAC_004,188
GTTGTTGCAGGAAGGAAGAC_005,191
GTTGTTGCAGGAAGGAAGAC_006,118
GTTGTTGCAGGAAGGAAGAC_007,167
TCAACTCCTGATGGTCTGTG_001,82
TCAACTCCTGATGGTCTGTG_002,193
TCAACTCCTGATGGTCTGTG_003,107
TCAACTCCTGATGGTCTGTG_004,17
TCAACTCCTGATGGTCTGTG_005,136
TCATCCACGAGTTCGACCCG_001,52
TCATCCACGAGTTCGACCCG_002,15
TCATCCACGAGTTCGACCCG_003,145
TCATCCACGAGTTCGACCCG_004,19
TTCCAATCAAGAGTCCAAGT_001,62
TTCCAATCAAGAGTCCAAGT_002,10
TTCCAATCAAGAGTCCAAGT_003,170
TTCCAATCAAGAGTCCAAGT_004,144
TTCCAATCAAGAGTCCAAGT_005,106
TTCCAATCAAGAGTCCAAGT_006,66
TTGTCTTGTTATGACCACAG_001,7
TTGTCTTGTTATGACCACAG_002,34
AGCCAGACACGAAAACACCG_001,197
AGCCAGACACGAAAACACCG_002,13
AGCCAGACACGAAAACACCG_003,193
AGCCAGACACGAAAACACCG_004,94
AGCCAGACACGAAAACACCG_005,106
AGCCAGACACGAAAACACCG_006,83
AGCCAGACACGAAAACACCG_007,62
AGCCAGACACGAAAACACCG_008,99
AGCCAGACACGAAAACACCG_009,19
CTCTTGTAAATACCATCTGT_001,154
CTCTTGTAAATACCATCTGT_002,153
CTCTTGTAAATACCATCTGT_003,69
CTCTTGTAAATACCATCTGT_004,61
CTCTTGTAAATACCATCTGT_005,13
CTCTTGTAAATACCATCTGT_006,198
CTCTTGTAAATACCATCTGT_007,110
CTCTTGTAAATACCATCTGT_008,199
CTCTTGTAAATACCATCTGT_009,39
CGGCTTGTTCCACTGACTGT_001,149
CGGCTTGTTCCACTGACTGT_002,170
CGGCTTGTTCCACTGACTGT_003,163
CGGCTTGTTCCACTGACTGT_004,127
CGGCTTGTTCCACTGACTGT_005,134
GACCACACACCCCAGCATCG_001,34
GACCACACACCCCAGCATCG_002,105
GACCACACACCCCAGCATCG_003,76
GACCACACACCCCAGCATCG_004,120
GACCACACACCCCAGCATCG_005,55
GACCACACACCCCAGCATCG_006,188
GACCACACACCCCAGCATCG_007,184
GACCACACACCCCAGCATCG_008,6
GACCACACACCCCAGCATCG_009,187
GACCACACACCCCAGCATCG_010,117
GACCACACACCCCAGCATCG_011,118
GACCACACACCCCAGCATCG_012,127
GACCACACACCCCAGCATCG_013,155
GACCACACACCCCAGCATCG_014,11
GACCACACACCCCAGCATCG_015,131
GACCACACACCCCAGCATCG_016,12
GACCACACACCCCAGCATCG_017,35
GACCACACACCCCAGCATCG_018,65
GACCACACACCCCAGCATCG_019,99
GACCACACACCCCAGCATCG_020,115
GACCACACACCCCAGCATCG_021,156
GACCACACACCCCAGCATCG_022,95
GATCGAGGACGGGATCCCCA_001,169
GATCGAGGACGGGATCCCCA_002,127
GATCGAGGACGGGATCCCCA_003,35
GATCGAGGACGGGATCCCCA_004,72
GATCGAGGACGGGATCCCCA_005,183
GATCGAGGACGGGATCCCCA_006,155
GATCGAGGACGGGATCCCCA_007,41
GATCGAGGACGGGATCCCCA_008,127
GATCGAGGACGGGATCCCCA_009,46
GATCGAGGACGGGATCCCCA_010,80
GATCGAGGACGGGATCCCCA_011,80
GATCGAGGACGGGATCCCCA_012,170
GATCGAGGACGGGATCCCCA_013,174
GATCGAGGACGGGATCCCCA_014,162
GATCGAGGACGGGATCCCCA_015,188
GATCGAGGACGGGATCCCCA_016,36
GATCGAGGACGGGATCCCCA_017,53
GATCGAGGACGGGATCCCCA_018,177
GATCGAGGACGGGATCCCCA_019,185
GATCGAGGACGGGATCCCCA_020,73
GATCGAGGACGGGATCCCCA_021,135
GATCGAGGACGGGATCCCCA_022,57
GATCGAGGACGGGATCCCCA_023,158
GATCGAGGACGGGATCCCCA_024,85
GATCGAGGACGGGATCCCCA_025,48
GATCGAGGACGGGATCCCCA_026,30
GATCGAGGACGGGATCCCCA_027,168
GATCGAGGACGGGATCCCCA_028,177
GATCGAGGACGGGATCCCCA_029,108
GATCGAGGACGGGATCCCCA_030,137
GATCGAGGACGGGATCCCCA_031,168
GATCGAGGACGGGATCCCCA_032,99
GATCGAGGACGGGATCCCCA_033,68
TCCAGGAAGCACATAATCGA_001,59
TCCAGGAAGCACATAATCGA_002,81
TCCAGGAAGCACATAATCGA_003,93
GCGAGTCGTCAGAGTCGATG_001,17
GCGAGTCGTCAGAGTCGATG_002,107
GCGAGTCGTCAGAGTCGATG_003,35
GCGAGTCGTCAGAGTCGATG_004,63
GCGAGTCGTCAGAGTCGATG_005,83
AGATGGTAGTGACAGTCTAG_001,134
GGCTACTCTTACATGCCCAG_001,18
GGCTACTCTTACATGCCCAG_002,85
GGCTACTCTTACATGCCCAG_003,80
GGCTACTCTTACATGCCCAG_004,82
GGCTACTCTTACATGCCCAG_005,124
ATCCAGAACGGGCTTCCCCG_001,93
ATCCAGAACGGGCTTCCCCG_002,113
ATCCAGAACGGGCTTCCCCG_003,93
ATCCAGAACGGGCTTCCCCG_004,22
ATCCAGAACGGGCTTCCCCG_005,144
ATCCAGAACGGGCTTCCCCG_006,29
ATCCAGAACGGGCTTCCCCG_007,39
ATCCAGAACGGGCTTCCCCG_008,190
GCCAAAAAGAGAGACCCCTG_001,80
GCCAAAAAGAGAGACCCCTG_002,54
GCCAAAAAGAGAGACCCCTG_003,189
GCCAAAAAGAGAGACCCCTG_004,176
GCCAAAAAGAGAGACCCCTG_005,39
GCCAAAAAGAGAGACCCCTG_006,188
GCCAAAAAGAGAGACCCCTG_007,127
GCCAAAAAGAGAGACCCCTG_008,193
GCCAAAAAGAGAGACCCCTG_009,58
GCCAAAAAGAGAGACCCCTG_010,94
GCCAAAAAGAGAGACCCCTG_011,12
GCCAAAAAGAGAGACCCCTG_012,121
GCCAAAAAGAGAGACCCCTG_013,149
GCCAAAAAGAGAGACCCCTG_014,18
GCCAAAAAGAGAGACCCCTG_015,114
GCCAGGGAGAAGTCAACAGT_001,127
GCCAGGGAGAAGTCAACAGT_002,81
GCCAGGGAGAAGTCAACAGT_003,197
GCCAGGGAGAAGTCAACAGT_004,127
GCCAGGGAGAAGTCAACAGT_005,174
GCCAGGGAGAAGTCAACAGT_006,30
GCCAGGGAGAAGTCAACAGT_007,68
GCCAGGGAGAAGTCAACAGT_008,156
GCCAGGGAGAAGTCAACAGT_009,19
GCCAGGGAGAAGTCAACAGT_010,94
GCCAGGGAGAAGTCAACAGT_011,21
GCCAGGGAGAAGTCAACAGT_012,81
GCCAGGGAGAAGTCAACAGT_013,59
GCCAGGGAGAAGTCAACAGT_014,46
GCCAGGGAGAAGTCAACAGT_015,169
GCCAGGGAGAAGTCAACAGT_016,11
GCCAGGGAGAAGTCAACAGT_017,81
GCCAGGGAGAAGTCAACAGT_018,184
GCCAGGGAGAAGTCAACAGT_019,89
GCCAGGGAGAAGTCAACAGT_020,3
GCCAGGGAGAAGTCAACAGT_021,62
GCCAGGGAGAAGTCAACAGT_022,9
AATAGAAATTTCCTTGAACG_001,121
AATAGAAATTTCCTTGAACG_002,162
AATAGAAATTTCCTTGAACG_003,1
AATAGAAATTTCCTTGAACG_004,158
TCATCAGGTGGCATATAGGC_001,163
TATTAGCAGATGCCAAGATG_001,12
TATTAGCAGATGCCAAGATG_002,80
TATTAGCAGATGCCAAGATG_003,8
TATTAGCAGATGCCAAGATG_004,85
TATTAGCAGATGCCAAGATG_005,144
TATTAGCAGATGCCAAGATG_006,170
TATTAGCAGATGCCAAGATG_007,42
TATTAGCAGATGCCAAGATG_008,12
TATTAGCAGATGCCAAGATG_009,88
TATTAGCAGATGCCAAGATG_010,84
TATTAGCAGATGCCAAGATG_011,19
TATTAGCAGATGCCAAGATG_012,144
CCTGTAGAGAAGCCTCCCGG_001,63
CCTGTAGAGAAGCCTCCCGG_002,36
CCTGTAGAGAAGCCTCCCGG_003,34
CCTGTAGAGAAGCCTCCCGG_004,21
CCTGTAGAGAAGCCTCCCGG_005,77
CCTGTAGAGAAGCCTCCCGG_006,137
CCTGTAGAGAAGCCTCCCGG_007,24
CCTGTAGAGAAGCCTCCCGG_008,117
CCTGTAGAGAAGCCTCCCGG_009,168
CCTGTAGAGAAGCCTCCCGG_010,171
CCTGTAGAGAAGCCTCCCGG_011,3
CCTGTAGAGAAGCCTCCCGG_012,197
CCTGTAGAGAAGCCTCCCGG_013,65
CCTGTAGAGAAGCCTCCCGG_014,50
CCTGTAGAGAAGCCTCCCGG_015,184
CCTGTAGAGAAGCCTCCCGG_016,52
CCTGTAGAGAAGCCTCCCGG_017,58
CCTGTAGAGAAGCCTCCCGG_018,0
CCTGTAGAGAAGCCTCCCGG_019,166
CCTGTAGAGAAGCCTCCCGG_020,180
CCTGTAGAGAAGCCTCCCGG_021,103
GTTTCATAGGTATTAAAACC_001,117
TCACGTGTGGCGCCGCACTG_001,82
TCACGTGTGGCGCCGCACTG_002,166
TCACGTGTGGCGCCGCACTG_003,110
TCACGTGTGGCGCCGCACTG_004,7
TCACGTGTGGCGCCGCACTG_005,29
TCACGTGTGGCGCCGCACTG_006,123
TCACGTGTGGCGCCGCACTG_007,86
TCACGTGTGGCGCCGCACTG_008,133
TCACGTGTGGCGCCGCACTG_009,128
TCACGTGTGGCGCCGCACTG_010,12
TCACGTGTGGCGCCGCACTG_011,6
TCTTTGAGCAGCGTAGAGGG_001,177
TCTTTGAGCAGCGTAGAGGG_002,184
GGACATCCAGTACCACGGCG_001,172
GGACATCCAGTACCACGGCG_002,99
GGACATCCAGTACCACGGCG_003,14
GGACATCCAGTACCACGGCG_004,88
GGACATCCAGTACCACGGCG_005,41
GGACATCCAGTACCACGGCG_006,171
GGACATCCAGTACCACGGCG_007,197
GGACATCCAGTACCACGGCG_008,66
GGACATCCAGTACCACGGCG_009,172
ACTTCAGTTCGGCGTAGTCA_001,81
ACTTCAGTTCGGCGTAGTCA_002,8
ACTTCAGTTCGGCGTAGTCA_003,72
ACTTCAGTTCGGCGTAGTCA_004,48
ACTTCAGTTCGGCGTAGTCA_005,177
ACTTCAGTTCGGCGTAGTCA_006,184
ACTTCAGTTCGGCGTAGTCA_007,9
ACTTCAGTTCGGCGTAGTCA_008,169
ACTTCAGTTCGGCGTAGTCA_009,64
ACTTCAGTTCGGCGTAGTCA_010,50
ACTTCAGTTCGGCGTAGTCA_011,28
ACTTCAGTTCGGCGTAGTCA_012,199
ACTTCAGTTCGGCGTAGTCA_013,150
ACTTCAGTTCGGCGTAGTCA_014,37
ACTTCAGTTCGGCGTAGTCA_015,106
CACATGGCGCTCGATGACGC_001,62
CACATGGCGCTCGATGACGC_002,15
CACATGGCGCTCGATGACGC_003,193
CACATGGCGCTCGATGACGC_004,194
CACATGGCGCTCGATGACGC_005,79
CACATGGCGCTCGATGACGC_006,35
TAAGCAGCAGGAGCCAACAC_001,168
TAAGCAGCAGGAGCCAACAC_002,157
TAAGCAGCAGGAGCCAACAC_003,170
TAAGCAGCAGGAGCCAACAC_004,11
TAAGCAGCAGGAGCCAACAC_005,126
TAAGCAGCAGGAGCCAACAC_006,57
TAAGCAGCAGGAGCCAACAC_007,102
TAAGCAGCAGGAGCCAACAC_008,66
TAAGCAGCAGGAGCCAACAC_009,21
TAAGCAGCAGGAGCCAACAC_010,113
TAAGCAGCAGGAGCCAACAC_011,116
TAAGCAGCAGGAGCCAACAC_012,48
TAAGCAGCAGGAGCCAACAC_013,79
TAAGCAGCAGGAGCCAACAC_014,0
TAAGCAGCAGGAGCCAACAC_015,114
TAAGCAGCAGGAGCCAACAC_016,114
TAAGCAGCAGGAGCCAACAC_017,96
TAAGCAGCAGGAGCCAACAC_018,139
TAAGCAGCAGGAGCCAACAC_019,27
TAAGCAGCAGGAGCCAACAC_020,62
TAAGCAGCAGGAGCCAACAC_021,10
TAAGCAGCAGGAGCCAACAC_022,118
TAAGCAGCAGGAGCCAACAC_023,77
TAAGCAGCAGGAGCCAACAC_024,35
AGGAATGCAATGTTCGCACT_001,22
AGGAATGCAATGTTCGCACT_002,147
AGGAATGCAATGTTCGCACT_003,150
AGGAATGCAATGTTCGCACT_004,78
AGGAATGCAATGTTCGCACT_005,13
AGGAATGCAATGTTCGCACT_006,11
AGGAATGCAATGTTCGCACT_007,140
AGGAATGCAATGTTCGCACT_008,106
AGGAATGCAATGTTCGCACT_009,126
ACTAACCAGACATAAAGTGT_001,121
ACTAACCAGACATAAAGTGT_002,183
ACTAACCAGACATAAAGTGT_003,58
ACTAACCAGACATAAAGTGT_004,153
ATGGACAACCATATGCAGCT_001,154
ATGGACAACCATATGCAGCT_002,115
ATGGACAACCATATGCAGCT_003,78
ATGGACAACCATATGCAGCT_004,140
ATGGACAACCATATGCAGCT_005,185
ATGGACAACCATATGCAGCT_006,12
ATGGACAACCATATGCAGCT_007,50
ATGGACAACCATATGCAGCT_008,46
ATGGACAACCATATGCAGCT_009,138
ATGGACAACCATATGCAGCT_010,77
CCTATATGTTCAATGACCTG_001,134
CTCCAAGAAAACGTACCGTG_001,54
CTCCAAGAAAACGTACCGTG_002,112
CTCCAAGAAAACGTACCGTG_003,171
CTCCAAGAAAACGTACCGTG_004,119
CTCCAAGAAAACGTACCGTG_005,119
CTCCAAGAAAACGTACCGTG_006,149
CTCCAAGAAAACGTACCGTG_007,188
CTCCAAGAAAACGTACCGTG_008,88
CTCCAAGAAAACGTACCGTG_009,147
CTCCAAGAAAACGTACCGTG_010,198
CTCCAAGAAAACGTACCGTG_011,60
CTCCAAGAAAACGTACCGTG_012,195
CTCCAAGAAAACGTACCGTG_013,65
CTCCAAGAAAACGTACCGTG_014,174
CTTTCGAGTGCCAGAACCCA_001,47
CTTTCGAGTGCCAGAACCCA_002,15
CTTTCGAGTGCCAGAACCCA_003,105
CTTTCGAGTGCCAGAACCCA_004,102
CTTTCGAGTGCCAGAACCCA_005,21
CTTTCGAGTGCCAGAACCCA_006,91
CTCCACCGGAGGCTCGAAGT_001,52
CTCCACCGGAGGCTCGAAGT_002,199
CTCCACCGGAGGCTCGAAGT_003,48
CTCCACCGGAGGCTCGAAGT_004,169
CTCCACCGGAGGCTCGAAGT_005,35
CTCCACCGGAGGCTCGAAGT_006,170
CTCCACCGGAGGCTCGAAGT_007,70
CTCCACCGGAGGCTCGAAGT_008,142
CTCCACCGGAGGCTCGAAGT_009,10
CTCCACCGGAGGCTCGAAGT_010,125
TTGCTCCCCACAGATCAACT_001,63
TTGCTCCCCACAGATCAACT_002,169
TTGCTCCCCACAGATCAACT_003,175
TTGCTCCCCACAGATCAACT_004,136
TTGCTCCCCACAGATCAACT_005,158
TTGCTCCCCACAGATCAACT_006,159
CAGAAGCTGCTGGATACCTT_001,32
CAGAAGCTGCTGGATACCTT_002,59
CAGAAGCTGCTGGATACCTT_003,61
CAGAAGCTGCTGGATACCTT_004,172
CAGAAGCTGCTGGATACCTT_005,149
CAGAAGCTGCTGGATACCTT_006,112
CAGAAGCTGCTGGATACCTT_007,147
CAGAAGCTGCTGGATACCTT_008,188
CAGAAGCTGCTGGATACCTT_009,82
CAGAAGCTGCTGGATACCTT_010,67
CAGAAGCTGCTGGATACCTT_011,75
CAGAAGCTGCTGGATACCTT_012,102
CAGAAGCTGCTGGATACCTT_013,102
CAGAAGCTGCTGGATACCTT_014,33
ATGAGGACAGGATAGTGCAG_001,54
ATGAGGACAGGATAGTGCAG_002,118
ATGAGGACAGGATAGTGCAG_003,104
ATGGTCCAAAATCTCCCAGG_001,73
ATGGTCCAAAATCTCCCAGG_002,127
ATGGTCCAAAATCTCCCAGG_003,119
ATGGTCCAAAATCTCCCAGG_004,61
ATGGTCCAAAATCTCCCAGG_005,26
ATGGTCCAAAATCTCCCAGG_006,96
ATGGTCCAAAATCTCCCAGG_007,134
ATGGTCCAAAATCTCCCAGG_008,59
ATGGTCCAAAATCTCCCAGG_009,30
ATGGTCCAAAATCTCCCAGG_010,156
ATGGTCCAAAATCTCCCAGG_011,194
ATGGTCCAAAATCTCCCAGG_012,35
ATGGTCCAAAATCTCCCAGG_013,155
ATGGTCCAAAATCTCCCAGG_014,58
ATGGTCCAAAATCTCCCAGG_015,153
ATGGTCCAAAATCTCCCAGG_016,59
ATGGTCCAAAATCTCCCAGG_017,96
ATGGTCCAAAATCTCCCAGG_018,106
ATGGTCCAAAATCTCCCAGG_019,3
ATGGTCCAAAATCTCCCAGG_020,10
CAAGGATATGTGGCTCAGTG_001,92
CAAGGATATGTGGCTCAGTG_002,24
CAAGGATATGTGGCTCAGTG_003,42
CAAGGATATGTGGCTCAGTG_004,9
CAAGGAAGATGTACCCATGT_001,64
CAAGGAAGATGTACCCATGT_002,162
CAAGGAAGATGTACCCATGT_003,69
CTCATAGTAGAGCTTGCCGA_001,12
CTCATAGTAGAGCTTGCCGA_002,17
CTCATAGTAGAGCTTGCCGA_003,72
CTCATAGTAGAGCTTGCCGA_004,72
CTCATAGTAGAGCTTGCCGA_005,162
CTCATAGTAGAGCTTGCCGA_006,72
CTCATAGTAGAGCTTGCCGA_007,72
CTCATAGTAGAGCTTGCCGA_008,149
CTCATAGTAGAGCTTGCCGA_009,152
CTCATAGTAGAGCTTGCCGA_010,10
CTCATAGTAGAGCTTGCCGA_011,144
GAGAGCAAGGCATCAGACGG_001,69
GAGAGCAAGGCATCAGACGG_002,171
GAGAGCAAGGCATCAGACGG_003,1
GAGAGCAAGGCATCAGACGG_004,79
GAGAGCAAGGCATCAGACGG_005,121
GAGAGCAAGGCATCAGACGG_006,49
GAGAGCAAGGCATCAGACGG_007,106
GAGAGCAAGGCATCAGACGG_008,40
GAGAGCAAGGCATCAGACGG_009,78
GAGAGCAAGGCATCAGACGG_010,147
GAGAGCAAGGCATCAGACGG_011,122
GAGAGCAAGGCATCAGACGG_012,46
GAGAGCAAGGCATCAGACGG_013,157
GAGAGCAAGGCATCAGACGG_014,176
GAGAGCAAGGCATCAGACGG_015,60
GAGAGCAAGGCATCAGACGG_016,181
GAGAGCAAGGCATCAGACGG_017,141
GAGAGCAAGGCATCAGACGG_018,138
GGCACCTCCTGTAGAGCCAC_001,51
GGCACCTCCTGTAGAGCCAC_002,97
GGCACCTCCTGTAGAGCCAC_003,196
GGCACCTCCTGTAGAGCCAC_004,21
GGCACCTCCTGTAGAGCCAC_005,5
GGCACCTCCTGTAGAGCCAC_006,50
GGCACCTCCTGTAGAGCCAC_007,43
GGCACCTCCTGTAGAGCCAC_008,159
GGCACCTCCTGTAGAGCCAC_009,65
GGCCTCCGGAGAGAGCAATG_001,60
GGCCTCCGGAGAGAGCAATG_002,23
GGCCTCCGGAGAGAGCAATG_003,82
GGCCTCCGGAGAGAGCAATG_004,24
GGCCTCCGGAGAGAGCAATG_005,139
GGCCTCCGGAGAGAGCAATG_006,51
GGCCTCCGGAGAGAGCAATG_007,15
GGCCTCCGGAGAGAGCAATG_008,147
GGCCTCCGGAGAGAGCAATG_009,61
GGCCTCCGGAGAGAGCAATG_010,190
GGCCTCCGGAGAGAGCAATG_011,85
CTCCCATTTACAGGGTATCG_001,130
CTCCCATTTACAGGGTATCG_002,26
CTCCCATTTACAGGGTATCG_003,8
CTCCCATTTACAGGGTATCG_004,174
CTCCCATTTACAGGGTATCG_005,166
CTCCCATTTACAGGGTATCG_006,127
CTCCCATTTACAGGGTATCG_007,60
ACCAGGACAGCCAATACAAG_001,105
ACCAGGACAGCCAATACAAG_002,187
ACCAGGACAGCCAATACAAG_003,9
ACCAGGACAGCCAATACAAG_004,177
ACCAGGACAGCCAATACAAG_005,15
ACCAGGACAGCCAATACAAG_006,121
ACCAGGACAGCCAATACAAG_007,140
ACCAGGACAGCCAATACAAG_008,50
ACCAGGACAGCCAATACAAG_009,77
ACCAGGACAGCCAATACAAG_010,39
ACCAGGACAGCCAATACAAG_011,108
ACCAGGACAGCCAATACAAG_012,153
ACCAGGACAGCCAATACAAG_013,185
ACCAGGACAGCCAATACAAG_014,59
ACCAGGACAGCCAATACAAG_015,124
ACCAGGACAGCCAATACAAG_016,160
ACCAGGACAGCCAATACAAG_017,5
ACCAGGACAGCCAATACAAG_018,15
ACCAGGACAGCCAATACAAG_019,55
ACCAGGACAGCCAATACAAG_020,49
ACCAGGACAGCCAATACAAG_021,144
ACCAGGACAGCCAATACAAG_022,118
ACCAGGACAGCCAATACAAG_023,148
CTGCTGCCATACGATGATGG_001,171
CTGCTGCCATACGATGATGG_002,91
CTGCTGCCATACGATGATGG_003,132
CTGCTGCCATACGATGATGG_004,149
CTGCTGCCATACGATGATGG_005,55
CTGCTGCCATACGATGATGG_006,118
CTGCTGCCATACGATGATGG_007,152
CTGCTGCCATACGATGATGG_008,184
GGCGAAGGAGACAGCCGACG_001,96
GGCGAAGGAGACAGCCGACG_002,75
GGCGAAGGAGACAGCCGACG_003,152
GGCGAAGGAGACAGCCGACG_004,177
GGCGAAGGAGACAGCCGACG_005,137
GGCGAAGGAGACAGCCGACG_006,130
GGCGAAGGAGACAGCCGACG_007,33
GGCGAAGGAGACAGCCGACG_008,178
GGCGAAGGAGACAGCCGACG_009,80
GGCGAAGGAGACAGCCGACG_010,86
GGCGAAGGAGACAGCCGACG_011,85
GGCGAAGGAGACAGCCGACG_012,36
GGCGAAGGAGACAGCCGACG_013,134
GGCGAAGGAGACAGCCGACG_014,4
GGCGAAGGAGACAGCCGACG_015,34
GGCGAAGGAGACAGCCGACG_016,37
AGTCACTGAGACAATTCACG_001,94
AGTCACTGAGACAATTCACG_002,172
AGTCACTGAGACAATTCACG_003,18
AGTCACTGAGACAATTCACG_004,35
AGTCACTGAGACAATTCACG_005,50
AGTCACTGAGACAATTCACG_006,21
AGTCACTGAGACAATTCACG_007,17
TCAATCAGTTCCATCTCCGT_001,62
TCAATCAGTTCCATCTCCGT_002,74
TCAATCAGTTCCATCTCCGT_003,114
TCAATCAGTTCCATCTCCGT_004,19
TCAATCAGTTCCATCTCCGT_005,105
GTTCAGTGCTCCTTACCCCA_001,107
GTTCAGTGCTCCTTACCCCA_002,54
GTTCAGTGCTCCTTACCCCA_003,112
GTTCAGTGCTCCTTACCCCA_004,53
CTCCCGGCCACAGTAGCGAG_001,42
CTCCCGGCCACAGTAGCGAG_002,97
CTCCCGGCCACAGTAGCGAG_003,88
CTCCCGGCCACAGTAGCGAG_004,40
CTCCCGGCCACAGTAGCGAG_005,177
CTCCCGGCCACAGTAGCGAG_006,71
CTCCCGGCCACAGTAGCGAG_007,147
CTCCCGGCCACAGTAGCGAG_008,15
GCCCCTCTCTAACCTCGGTG_001,85
GCCCCTCTCTAACCTCGGTG_002,8
GCCCCTCTCTAACCTCGGTG_003,70
GCCCCTCTCTAACCTCGGTG_004,169
GCCCCTCTCTAACCTCGGTG_005,58
GCCCCTCTCTAACCTCGGTG_006,42
GCCCCTCTCTAACCTCGGTG_007,139
GCCCCTCTCTAACCTCGGTG_008,11
GCCCCTCTCTAACCTCGGTG_009,76
GCCCCTCTCTAACCTCGGTG_010,72
GCCCCTCTCTAACCTCGGTG_011,33
GAGATCGCGGAACAAAACCC_001,47
TGCAGCAGGAAGAGACTGGA_001,81
TGCAGCAGGAAGAGACTGGA_002,188
TGCAGCAGGAAGAGACTGGA_003,34
TGCAGCAGGAAGAGACTGGA_004,154
TGCAGCAGGAAGAGACTGGA_005,111
TGCAGCAGGAAGAGACTGGA_006,95
TGCAGCAGGAAGAGACTGGA_007,172
TGCAGCAGGAAGAGACTGGA_008,114
TGCAGCAGGAAGAGACTGGA_009,40
TGCAGCAGGAAGAGACTGGA_010,137
TGCAGCAGGAAGAGACTGGA_011,127
AAGTGATATGCACTACAGTG_001,157
AAGTGATATGCACTACAGTG_002,50
AAGTGATATGCACTACAGTG_003,115
AAGTGATATGCACTACAGTG_004,26
AAGTGATATGCACTACAGTG_005,124
AAGTGATATGCACTACAGTG_006,68
AAGTGATATGCACTACAGTG_007,69
AAGTGATATGCACTACAGTG_008,15
AAGTGATATGCACTACAGTG_009,40
AAGTGATATGCACTACAGTG_010,31
AAGTGATATGCACTACAGTG_011,90
AAGTGATATGCACTACAGTG_012,52
AAGTGATATGCACTACAGTG_013,6
AAGTGATATGCACTACAGTG_014,70
TTAACGATGAGAGCACCTGT_001,103
TTAACGATGAGAGCACCTGT_002,115
TTAACGATGAGAGCACCTGT_003,29
TTAACGATGAGAGCACCTGT_004,140
TTAACGATGAGAGCACCTGT_005,104
TTAACGATGAGAGCACCTGT_006,187
TTAACGATGAGAGCACCTGT_007,168
TTAACGATGAGAGCACCTGT_008,22
TTAACGATGAGAGCACCTGT_009,72
TTAACGATGAGAGCACCTGT_010,140
TTAACGATGAGAGCACCTGT_011,140
TTAACGATGAGAGCACCTGT_012,150
TTAACGATGAGAGCACCTGT_013,76
TTAACGATGAGAGCACCTGT_014,185
TTAACGATGAGAGCACCTGT_015,140
TTAACGATGAGAGCACCTGT_016,41
TTAACGATGAGAGCACCTGT_017,158
GGCGAGCGCTACTATGCCCG_001,145
AAGGTGAACGTGGATGAAGT_001,60
AAGGTGAACGTGGATGAAGT_002,158
AAGGTGAACGTGGATGAAGT_003,12
AAGGTGAACGTGGATGAAGT_004,185
AAGGTGAACGTGGATGAAGT_005,1
AAGGTGAACGTGGATGAAGT_006,88
AAGGTGAACGTGGATGAAGT_007,2
AAGGTGAACGTGGATGAAGT_008,145
AAGGTGAACGTGGATGAAGT_009,147
AAGGTGAACGTGGATGAAGT_010,175
AAGGTGAACGTGGATGAAGT_011,98
AAGGTGAACGTGGATGAAGT_012,197
AAGGTGAACGTGGATGAAGT_013,102
AAGGTGAACGTGGATGAAGT_014,191
AAGGTGAACGTGGATGAAGT_015,131
ATAGCGTGTACAATACATCC_001,67
ATAGCGTGTACAATACATCC_002,2
ATAGCGTGTACAATACATCC_003,62
ATAGCGTGTACAATACATCC_004,174
TGATGCAGGGATGGCCACAG_001,28
TGATGCAGGGATGGCCACAG_002,12
TGATGCAGGGATGGCCACAG_003,74
TGATGCAGGGATGGCCACAG_004,17
TGATGCAGGGATGGCCACAG_005,120
TGATGCAGGGATGGCCACAG_006,8
TGATGCAGGGATGGCCACAG_007,177
TGATGCAGGGATGGCCACAG_008,130
TGATGCAGGGATGGCCACAG_009,42
TGATGCAGGGATGGCCACAG_010,15
TGATGCAGGGATGGCCACAG_011,35
TGATGCAGGGATGGCCACAG_012,115
TGATGCAGGGATGGCCACAG_013,130
TGATGCAGGGATGGCCACAG_014,60
TGATGCAGGGATGGCCACAG_015,81
TGATGCAGGGATGGCCACAG_016,15
TGATGCAGGGATGGCCACAG_017,133
TGATGCAGGGATGGCCACAG_018,9
TGATGCAGGGATGGCCACAG_019,150
TGATGCAGGGATGGCCACAG_020,129
TGATGCAGGGATGGCCACAG_021,169
TGATGCAGGGATGGCCACAG_022,80
TGATGCAGGGATGGCCACAG_023,106
TGATGCAGGGATGGCCACAG_024,145
CCAATTCAAAAACTCCTAGC_001,69
CCAATTCAAAAACTCCTAGC_002,11
CCAATTCAAAAACTCCTAGC_003,50
CCAATTCAAAAACTCCTAGC_004,158
CCAATTCAAAAACTCCTAGC_005,161
CCAATTCAAAAACTCCTAGC_006,78
CCAATTCAAAAACTCCTAGC_007,154
CCAATTCAAAAACTCCTAGC_008,198
CCAATTCAAAAACTCCTAGC_009,91
CCAATTCAAAAACTCCTAGC_010,178
GATGAGGCAGTTTCCCATCA_001,169
GATGAGGCAGTTTCCCATCA_002,102
GATGAGGCAGTTTCCCATCA_003,93
GATGAGGCAGTTTCCCATCA_004,191
GATGAGGCAGTTTCCCATCA_005,81
GATGAGGCAGTTTCCCATCA_006,190
GATGAGGCAGTTTCCCATCA_007,185
GATGAGGCAGTTTCCCATCA_008,21
GATGAGGCAGTTTCCCATCA_009,24
GATGAGGCAGTTTCCCATCA_010,183
GATGAGGCAGTTTCCCATCA_011,114
GATGAGGCAGTTTCCCATCA_012,120
GATGAGGCAGTTTCCCATCA_013,56
GATGAGGCAGTTTCCCATCA_014,88
GATGAGGCAGTTTCCCATCA_015,67
GATGAGGCAGTTTCCCATCA_016,134
GATGAGGCAGTTTCCCATCA_017,63
GATGAGGCAGTTTCCCATCA_018,168
GATGAGGCAGTTTCCCATCA_019,10
GATGAGGCAGTTTCCCATCA_020,37
GATGAGGCAGTTTCCCATCA_021,14
GTCAGAACAGAGTTGCACGT_001,47
GTCAGAACAGAGTTGCACGT_002,107
GTCAGAACAGAGTTGCACGT_003,30
GTCAGAACAGAGTTGCACGT_004,13
GTCAGAACAGAGTTGCACGT_005,96
GTCAGAACAGAGTTGCACGT_006,54
CCTGGGTGATCGAAGCCCTG_001,126
CCTGGGTGATCGAAGCCCTG_002,98
CCTGGGTGATCGAAGCCCTG_003,160
CCTGGGTGATCGAAGCCCTG_004,58
CCTGGGTGATCGAAGCCCTG_005,160
CCTGGGTGATCGAAGCCCTG_006,82
CCTGGGTGATCGAAGCCCTG_007,162
CCTGGGTGATCGAAGCCCTG_008,77
CCTGGGTGATCGAAGCCCTG_009,1
CCTGGGTGATCGAAGCCCTG_010,93
CCTGGGTGATCGAAGCCCTG_011,171
CCTGGGTGATCGAAGCCCTG_012,28
CCTGGGTGATCGAAGCCCTG_013,188
TGAGCCAGAAAAGTTCCCCC_001,196
TGAGCCAGAAAAGTTCCCCC_002,36
TGAGCCAGAAAAGTTCCCCC_003,101
TGAGCCAGAAAAGTTCCCCC_004,12
TGAGCCAGAAAAGTTCCCCC_005,175
TGAGCCAGAAAAGTTCCCCC_006,40
TGAGCCAGAAAAGTTCCCCC_007,118
TGAGCCAGAAAAGTTCCCCC_008,94
GCTCCGCCTCTCGAATGAAA_001,156
GCTCCGCCTCTCGAATGAAA_002,159
GCTCCGCCTCTCGAATGAAA_003,78
GCTCCGCCTCTCGAATGAAA_004,33
CCCACCTCAGGTAGTCGCGT_001,41
CCCACCTCAGGTAGTCGCGT_002,119
CCCACCTCAGGTAGTCGCGT_003,88
CCCACCTCAGGTAGTCGCGT_004,168
CCCACCTCAGGTAGTCGCGT_005,132
CCCACCTCAGGTAGTCGCGT_006,197
CCCACCTCAGGTAGTCGCGT_007,17
CCCACCTCAGGTAGTCGCGT_008,183
CCCACCTCAGGTAGTCGCGT_009,73
CCCACCTCAGGTAGTCGCGT_010,90
CCCACCTCAGGTAGTCGCGT_011,196
CCCACCTCAGGTAGTCGCGT_012,36
CCCACCTCAGGTAGTCGCGT_013,62
ATGGTGGCCTTGACGCGGCG_001,37
ATGGTGGCCTTGACGCGGCG_002,39
ATGGTGGCCTTGACGCGGCG_003,19
ATGGTGGCCTTGACGCGGCG_004,98
GATGTGAAGTCGTATAGCTG_001,127
GATGTGAAGTCGTATAGCTG_002,177
GATGTGAAGTCGTATAGCTG_003,125
GATGTGAAGTCGTATAGCTG_004,67
GATGTGAAGTCGTATAGCTG_005,34
GATGTGAAGTCGTATAGCTG_006,11
GATGTGAAGTCGTATAGCTG_007,147
GATGTGAAGTCGTATAGCTG_008,103
GATGTGAAGTCGTATAGCTG_009,63
TAATAGGTTATGATGGAGGG_001,73
TAATAGGTTATGATGGAGGG_002,197
TAATAGGTTATGATGGAGGG_003,26
TAATAGGTTATGATGGAGGG_004,50
TAATAGGTTATGATGGAGGG_005,123
TAATAGGTTATGATGGAGGG_006,101
TAATAGGTTATGATGGAGGG_007,43
TACCGAAGACTGAACTGACA_001,113
TACCGAAGACTGAACTGACA_002,19
TACCGAAGACTGAACTGACA_003,165
TACCGAAGACTGAACTGACA_004,21
TACCGAAGACTGAACTGACA_005,50
TACCGAAGACTGAACTGACA_006,150
TACCGAAGACTGAACTGACA_007,146
TACCGAAGACTGAACTGACA_008,127
TACCGAAGACTGAACTGACA_009,12
TACCGAAGACTGAACTGACA_010,86
TACCGAAGACTGAACTGACA_011,53
TACCGAAGACTGAACTGACA_012,53
TACCGAAGACTGAACTGACA_013,3
TACCGAAGACTGAACTGACA_014,33
TACCGAAGACTGAACTGACA_015,48
TACCGAAGACTGAACTGACA_016,52
TACCGAAGACTGAACTGACA_017,98
TACCGAAGACTGAACTGACA_018,30
TACCGAAGACTGAACTGACA_019,60
TACCGAAGACTGAACTGACA_020,155
TACCGAAGACTGAACTGACA_021,144
TACCGAAGACTGAACTGACA_022,145
TACCGAAGACTGAACTGACA_023,105
TACCGAAGACTGAACTGACA_024,149
TACCGAAGACTGAACTGACA_025,62
TACCGAAGACTGAACTGACA_026,170
TACCGAAGACTGAACTGACA_027,48
TACCGAAGACTGAACTGACA_028,41
TACCGAAGACTGAACTGACA_029,127
TACCGAAGACTGAACTGACA_030,15
TACCGAAGACTGAACTGACA_031,11
TACCGAAGACTGAACTGACA_032,152
TACCGAAGACTGAACTGACA_033,56
TACCGAAGACTGAACTGACA_034,34
TACCGAAGACTGAACTGACA_035,121
TACCGAAGACTGAACTGACA_036,83
TACCGAAGACTGAACTGACA_037,22
TACCGAAGACTGAACTGACA_038,27
TACCGAAGACTGAACTGACA_039,84
TACCGAAGACTGAACTGACA_040,52
TACCGAAGACTGAACTGACA_041,13
CCTTGCCTCCCCATTCATCA_001,177
CCTTGCCTCCCCATTCATCA_002,58
CCTTGCCTCCCCATTCATCA_003,9
CCTTGCCTCCCCATTCATCA_004,0
CCTTGCCTCCCCATTCATCA_005,94
CCTTGCCTCCCCATTCATCA_006,81
CCTTGCCTCCCCATTCATCA_007,150
CCTTGCCTCCCCATTCATCA_008,78
CCTTGCCTCCCCATTCATCA_009,108
CCTTGCCTCCCCATTCATCA_010,160
CCTTGCCTCCCCATTCATCA_011,133
CCTTGCCTCCCCATTCATCA_012,1
CCTTGCCTCCCCATTCATCA_013,29
CCTTGCCTCCCCATTCATCA_014,44
CCTTGCCTCCCCATTCATCA_015,108
CCTTGCCTCCCCATTCATCA_016,147
CCTTGCCTCCCCATTCATCA_017,134
CCTTGCCTCCCCATTCATCA_018,45
CCTTGCCTCCCCATTCATCA_019,73
CCTTGCCTCCCCATTCATCA_020,123
CCTTGCCTCCCCATTCATCA_021,182
CCTTGCCTCCCCATTCATCA_022,117
CCTTGCCTCCCCATTCATCA_023,43
CCTTGCCTCCCCATTCATCA_024,137
CCTTGCCTCCCCATTCATCA_025,74
CCTTGCCTCCCCATTCATCA_026,3
CTCTTTCAAACTCTGTTCAG_001,124
CTCTTTCAAACTCTGTTCAG_002,76
CTCTTTCAAACTCTGTTCAG_003,141
CTCTTTCAAACTCTGTTCAG_004,166
AGCAATGATGACTACTGATG_001,105
AGCAATGATGACTACTGATG_002,61
AGCAATGATGACTACTGATG_003,125
CGTACCTAGAGACACCCTGG_001,94
CGTACCTAGAGACACCCTGG_002,65
CGTACCTAGAGACACCCTGG_003,162
CGTACCTAGAGACACCCTGG_004,11
CGTACCTAGAGACACCCTGG_005,73
CGTACCTAGAGACACCCTGG_006,53
CGTACCTAGAGACACCCTGG_007,125
CGTACCTAGAGACACCCTGG_008,171
CGTACCTAGAGACACCCTGG_009,60
CGTACCTAGAGACACCCTGG_010,184
CGTACCTAGAGACACCCTGG_011,50
CGTACCTAGAGACACCCTGG_012,132
CGTACCTAGAGACACCCTGG_013,160
CGTACCTAGAGACACCCTGG_014,20
CGTACCTAGAGACACCCTGG_015,48
CGTACCTAGAGACACCCTGG_016,72
CGTACCTAGAGACACCCTGG_017,130
CGTACCTAGAGACACCCTGG_018,118
AAGTTGGGGATCAAGCCCAG_001,42
AAGTTGGGGATCAAGCCCAG_002,59
AAGTTGGGGATCAAGCCCAG_003,11
AAGTTGGGGATCAAGCCCAG_004,31
AAGTTGGGGATCAAGCCCAG_005,62
AAGTTGGGGATCAAGCCCAG_006,75
AAGTTGGGGATCAAGCCCAG_007,105
AAGTTGGGGATCAAGCCCAG_008,101
AAGTTGGGGATCAAGCCCAG_009,145
AAGTTGGGGATCAAGCCCAG_010,105
AAGTTGGGGATCAAGCCCAG_011,130
GACCTATGACAAAACGCCGC_001,43
GACCTATGACAAAACGCCGC_002,35
GACCTATGACAAAACGCCGC_003,28
GACCTATGACAAAACGCCGC_004,42
GACCTATGACAAAACGCCGC_005,8
GACCTATGACAAAACGCCGC_006,30
CATCAAGTTCCATCCGACTG_001,122
CATCAAGTTCCATCCGACTG_002,73
CATCAAGTTCCATCCGACTG_003,1
AAGTGGGACCATCGACGCGA_001,62
AAGTGGGACCATCGACGCGA_002,191
AAGTGGGACCATCGACGCGA_003,158
AAGTGGGACCATCGACGCGA_004,193
AAGTGGGACCATCGACGCGA_005,62
AAGTGGGACCATCGACGCGA_006,42
AAGTGGGACCATCGACGCGA_007,173
AAGTGGGACCATCGACGCGA_008,169
AAGTGGGACCATCGACGCGA_009,182
AAGTGGGACCATCGACGCGA_010,47
AAGTGGGACCATCGACGCGA_011,130
AAGTGGGACCATCGACGCGA_012,178
AAGTGGGACCATCGACGCGA_013,6
AAGTGGGACCATCGACGCGA_014,179
AAGTGGGACCATCGACGCGA_015,178
AAGTGGGACCATCGACGCGA_016,155
AAGTGGGACCATCGACGCGA_017,1
AAGTGGGACCATCGACGCGA_018,175
AAGTGGGACCATCGACGCGA_019,108
AAGTGGGACCATCGACGCGA_020,8
AAGTGGGACCATCGACGCGA_021,147
AAGTGGGACCATCGACGCGA_022,185
TCCATCACGAACTTCATGGT_001,50
TCCATCACGAACTTCATGGT_002,152
TCCATCACGAACTTCATGGT_003,152
TCCATCACGAACTTCATGGT_004,172
TCCATCACGAACTTCATGGT_005,5
TCCATCACGAACTTCATGGT_006,182
TCCATCACGAACTTCATGGT_007,49
TCCATCACGAACTTCATGGT_008,27
TCCATCACGAACTTCATGGT_009,144
TCCATCACGAACTTCATGGT_010,10
TCCATCACGAACTTCATGGT_011,184
TCCATCACGAACTTCATGGT_012,67
TCCATCACGAACTTCATGGT_013,98
TCCATCACGAACTTCATGGT_014,68
TGGAAGCACTTTGACGCAGA_001,92
TGGAAGCACTTTGACGCAGA_002,23
TGGAAGCACTTTGACGCAGA_003,159
TGGAAGCACTTTGACGCAGA_004,127
TGGAAGCACTTTGACGCAGA_005,127
TGGAAGCACTTTGACGCAGA_006,26
TGGAAGCACTTTGACGCAGA_007,102
TGGAAGCACTTTGACGCAGA_008,160
TGGAAGCACTTTGACGCAGA_009,5
TGGAAGCACTTTGACGCAGA_010,173
TGGAAGCACTTTGACGCAGA_011,136
TTGAGCAACTACATGAGACC_001,13
TTGAGCAACTACATGAGACC_002,58
GAGTTGGGGGATGTATCTCG_001,78
GAGTTGGGGGATGTATCTCG_002,152
CTTTAATCCAGACTACGTAG_001,33
CTTTAATCCAGACTACGTAG_002,15
CTTTAATCCAGACTACGTAG_003,146
CTTTAATCCAGACTACGTAG_004,22
AGGAGTTTGCTACCTCCACA_001,25
AGGAGTTTGCTACCTCCACA_002,3
AGGAGTTTGCTACCTCCACA_003,110
AGGAGTTTGCTACCTCCACA_004,158
AGGAGTTTGCTACCTCCACA_005,160
AATTGCCTTATGTGTAGTAA_001,127
AATTGCCTTATGTGTAGTAA_002,1
AATTGCCTTATGTGTAGTAA_003,158
AATTGCCTTATGTGTAGTAA_004,38
GAGATCGGTGCGCGCCAGCG_001,198
GAGATCGGTGCGCGCCAGCG_002,82
GAGATCGGTGCGCGCCAGCG_003,104
GAGATCGGTGCGCGCCAGCG_004,60
GAGATCGGTGCGCGCCAGCG_005,116
GAGATCGGTGCGCGCCAGCG_006,108
GAGATCGGTGCGCGCCAGCG_007,143
GAGATCGGTGCGCGCCAGCG_008,48
GAGATCGGTGCGCGCCAGCG_009,120
GAGATCGGTGCGCGCCAGCG_010,172
GAGATCGGTGCGCGCCAGCG_011,28
GAGATCGGTGCGCGCCAGCG_012,141
GAGATCGGTGCGCGCCAGCG_013,178
GAGATCGGTGCGCGCCAGCG_014,84
GAGATCGGTGCGCGCCAGCG_015,38
GAGATCGGTGCGCGCCAGCG_016,141
GAGATCGGTGCGCGCCAGCG_017,160
GAGATCGGTGCGCGCCAGCG_018,65
GAGATCGGTGCGCGCCAGCG_019,127
GAGATCGGTGCGCGCCAGCG_020,31
GAGATCGGTGCGCGCCAGCG_021,59
GAGATCGGTGCGCGCCAGCG_022,117
GAGATCGGTGCGCGCCAGCG_023,81
GAGATCGGTGCGCGCCAGCG_024,158
GAGATCGGTGCGCGCCAGCG_025,51
GAGATCGGTGCGCGCCAGCG_026,105
GAGATCGGTGCGCGCCAGCG_027,5
GAGATCGGTGCGCGCCAGCG_028,5
GAGATCGGTGCGCGCCAGCG_029,171
GAGATCGGTGCGCGCCAGCG_030,14
GAGATCGGTGCGCGCCAGCG_031,175
GAGATCGGTGCGCGCCAGCG_032,68
GAGATCGGTGCGCGCCAGCG_033,162
GAGATCGGTGCGCGCCAGCG_034,149
GAGATCGGTGCGCGCCAGCG_035,32
GAGATCGGTGCGCGCCAGCG_036,19
GAGATCGGTGCGCGCCAGCG_037,41
GACTCGCCTCAGGTTATCCA_001,94
GACTCGCCTCAGGTTATCCA_002,91
GACTCGCCTCAGGTTATCCA_003,169
GACTCGCCTCAGGTTATCCA_004,177
GACTCGCCTCAGGTTATCCA_005,90
GACTCGCCTCAGGTTATCCA_006,79
GACTCGCCTCAGGTTATCCA_007,131
GACTCGCCTCAGGTTATCCA_008,169
CACATACAGCCACAAGACCC_001,77
CACATACAGCCACAAGACCC_002,130
CCTGAAGGGTATGAGATATG_001,17
CCTGAAGGGTATGAGATATG_002,170
CCTGAAGGGTATGAGATATG_003,131
CCTGAAGGGTATGAGATATG_004,36
CCTGAAGGGTATGAGATATG_005,169
CCTGAAGGGTATGAGATATG_006,3
CCTGAAGGGTATGAGATATG_007,190
CCTGAAGGGTATGAGATATG_008,159
CCTGAAGGGTATGAGATATG_009,36
CCTGAAGGGTATGAGATATG_010,127
CCTGAAGGGTATGAGATATG_011,26
CTCACCTTAACCCCATGGGT_001,94
CTCACCTTAACCCCATGGGT_002,160
CTCACCTTAACCCCATGGGT_003,150
CTCACCTTAACCCCATGGGT_004,1
CTCACCTTAACCCCATGGGT_005,39
CTCACCTTAACCCCATGGGT_006,88
GACCATCGCAGAGACAGACG_001,116
GAGCAGTGAATATACTTCCG_001,8
GAGGATCAAAGGTCAATGCG_001,81
GAGGATCAAAGGTCAATGCG_002,168
GAGGATCAAAGGTCAATGCG_003,148
GAGGATCAAAGGTCAATGCG_004,88
GAGGATCAAAGGTCAATGCG_005,91
GAGGATCAAAGGTCAATGCG_006,31
GAGGATCAAAGGTCAATGCG_007,173
GAGGATCAAAGGTCAATGCG_008,94
GAGGATCAAAGGTCAATGCG_009,150
GAGGATCAAAGGTCAATGCG_010,86
GAGGATCAAAGGTCAATGCG_011,50
GAGGATCAAAGGTCAATGCG_012,2
GAGGATCAAAGGTCAATGCG_013,109
GAGGATCAAAGGTCAATGCG_014,189
GAGGATCAAAGGTCAATGCG_015,174
GAGGATCAAAGGTCAATGCG_016,27
GAGGATCAAAGGTCAATGCG_017,184
GAGGATCAAAGGTCAATGCG_018,13
GAGGATCAAAGGTCAATGCG_019,83
GAGGATCAAAGGTCAATGCG_020,174
GAGGATCAAAGGTCAATGCG_021,174
GAGGATCAAAGGTCAATGCG_022,89
GAGGATCAAAGGTCAATGCG_023,8
GAGGATCAAAGGTCAATGCG_024,49
GAGGATCAAAGGTCAATGCG_025,15
GAGGATCAAAGGTCAATGCG_026,56
GAGGATCAAAGGTCAATGCG_027,94
GGCACGGCGAACCCCCCACG_001,137
GGCACGGCGAACCCCCCACG_002,198
GGCACGGCGAACCCCCCACG_003,136
GGCACGGCGAACCCCCCACG_004,104
GGCACGGCGAACCCCCCACG_005,83
GGCACGGCGAACCCCCCACG_006,130
GGCACGGCGAACCCCCCACG_007,81
GGCACGGCGAACCCCCCACG_008,124
GGCACGGCGAACCCCCCACG_009,8
GGCACGGCGAACCCCCCACG_010,184
GGCACGGCGAACCCCCCACG_011,37
GTTGGTGAACCAGTCGACAT_001,181
GTTGGTGAACCAGTCGACAT_002,168
GTTGGTGAACCAGTCGACAT_003,174
GTTGGTGAACCAGTCGACAT_004,195
GTTGGTGAACCAGTCGACAT_005,162
GTTGGTGAACCAGTCGACAT_006,6
GTTGGTGAACCAGTCGACAT_007,161
GTTGGTGAACCAGTCGACAT_008,181
GTTGGTGAACCAGTCGACAT_009,82
GTTGGTGAACCAGTCGACAT_010,148
GTTGGTGAACCAGTCGACAT_011,9
GTTGGTGAACCAGTCGACAT_012,169
GTTGGTGAACCAGTCGACAT_013,105
GTTGGTGAACCAGTCGACAT_014,8
GTTGGTGAACCAGTCGACAT_015,144
GTTGGTGAACCAGTCGACAT_016,137
GTTGGTGAACCAGTCGACAT_017,159
GTTGGTGAACCAGTCGACAT_018,115
GTTGGTGAACCAGTCGACAT_019,175
GTTGGTGAACCAGTCGACAT_020,116
GTTGGTGAACCAGTCGACAT_021,150
GTTGGTGAACCAGTCGACAT_022,171
GTTGGTGAACCAGTCGACAT_023,163
GTTGGTGAACCAGTCGACAT_024,118
GTTGGTGAACCAGTCGACAT_025,144
GTTGGTGAACCAGTCGACAT_026,23
GTTGGTGAACCAGTCGACAT_027,51
GTTGGTGAACCAGTCGACAT_028,22
GTTGGTGAACCAGTCGACAT_029,10
GTTGGTGAACCAGTCGACAT_030,45
GTTGGTGAACCAGTCGACAT_031,154
GTTGGTGAACCAGTCGACAT_032,184
GTTGGTGAACCAGTCGACAT_033,198
GTTGGTGAACCAGTCGACAT_034,54
GTTGGTGAACCAGTCGACAT_035,137
GTTGGTGAACCAGTCGACAT_036,28
GTTGGTGAACCAGTCGACAT_037,46
GTTGGTGAACCAGTCGACAT_038,52
ATACACTATTAGTAGGAGAA_001,171
ATACACTATTAGTAGGAGAA_002,98
ATACACTATTAGTAGGAGAA_003,82
ATACACTATTAGTAGGAGAA_004,127
GCCATTTCCTAAATCCGGTG_001,127
GCCATTTCCTAAATCCGGTG_002,181
GCCATTTCCTAAATCCGGTG_003,12
GCCATTTCCTAAATCCGGTG_004,92
GCCATTTCCTAAATCCGGTG_005,150
GCCATTTCCTAAATCCGGTG_006,179
GCCATTTCCTAAATCCGGTG_007,136
AATAAGGGAGCTAAACAGAG_001,72
AATAAGGGAGCTAAACAGAG_002,88
AATAAGGGAGCTAAACAGAG_003,5
AATAAGGGAGCTAAACAGAG_004,163
AGCCACATCCTCGAATGACA_001,80
AGCCACATCCTCGAATGACA_002,168
AGCCACATCCTCGAATGACA_003,84
AGCCACATCCTCGAATGACA_004,158
AGTAATGCTTGTATTGCTTG_001,133
AGTAATGCTTGTATTGCTTG_002,75
TAAAGATACACACCTTACCA_001,170
TAAAGATACACACCTTACCA_002,61
TAAAGATACACACCTTACCA_003,124
TCACAATCAGTATTCCTGTG_001,158
TCACAATCAGTATTCCTGTG_002,163
TCACAATCAGTATTCCTGTG_003,67
TCACAATCAGTATTCCTGTG_004,60
CAGAGCTGGAGTCCCCATCG_001,76
CAGAGCTGGAGTCCCCATCG_002,8
CAGAGCTGGAGTCCCCATCG_003,43
CAGAGCTGGAGTCCCCATCG_004,198
CAGAGCTGGAGTCCCCATCG_005,151
CAGAGCTGGAGTCCCCATCG_006,104
CAGAGCTGGAGTCCCCATCG_007,81
CAGAGCTGGAGTCCCCATCG_008,184
CAGAGCTGGAGTCCCCATCG_009,145
CAGAGCTGGAGTCCCCATCG_010,98
CAGAGCTGGAGTCCCCATCG_011,45
CAGAGCTGGAGTCCCCATCG_012,78
CAGAGCTGGAGTCCCCATCG_013,52
CAGAGCTGGAGTCCCCATCG_014,39
CCATAGCCGTCCACTCATTG_001,178
CCATAGCCGTCCACTCATTG_002,92
CCATAGCCGTCCACTCATTG_003,182
CCATAGCCGTCCACTCATTG_004,161
CCATAGCCGTCCACTCATTG_005,64
CCATAGCCGTCCACTCATTG_006,127
CCATAGCCGTCCACTCATTG_007,86
CCATAGCCGTCCACTCATTG_008,191
CCATAGCCGTCCACTCATTG_009,36
CCATAGCCGTCCACTCATTG_010,105
TCAGTTTCGTAAAGCCCGTC_001,175
TCAGTTTCGTAAAGCCCGTC_002,55
CGGCCATCACCAGCCACATG_001,67
CGGCCATCACCAGCCACATG_002,121
CGGCCATCACCAGCCACATG_003,32
CGGCCATCACCAGCCACATG_004,147
CGGCCATCACCAGCCACATG_005,108
CGGCCATCACCAGCCACATG_006,153
TTGGAGTTGTAGTACCACGA_001,57
TTGGAGTTGTAGTACCACGA_002,149
TTGGAGTTGTAGTACCACGA_003,113
TTGGAGTTGTAGTACCACGA_004,69
TTGGAGTTGTAGTACCACGA_005,16
TTGGAGTTGTAGTACCACGA_006,70
TTGGAGTTGTAGTACCACGA_007,140
TTTCTCCAGGCAGAACAGTG_001,127
TTTCTCCAGGCAGAACAGTG_002,16
TTTCTCCAGGCAGAACAGTG_003,16
TTTCTCCAGGCAGAACAGTG_004,188
TTTCTCCAGGCAGAACAGTG_005,158
TTTCTCCAGGCAGAACAGTG_006,174
TTTCTCCAGGCAGAACAGTG_007,131
TTTCTCCAGGCAGAACAGTG_008,11
GTGACACCATCTATAACACA_001,169
CATCCATGAGAACCCACCCA_001,53
CATCCATGAGAACCCACCCA_002,58
CATCCATGAGAACCCACCCA_003,140
CATCCATGAGAACCCACCCA_004,33
CATCCATGAGAACCCACCCA_005,1
CATCCATGAGAACCCACCCA_006,148
CATCCATGAGAACCCACCCA_007,105
GCGCGAGAAGAAGACCTCGA_001,17
GCGCGAGAAGAAGACCTCGA_002,161
GCGCGAGAAGAAGACCTCGA_003,131
GCGCGAGAAGAAGACCTCGA_004,60
GCGCGAGAAGAAGACCTCGA_005,62
GCGCGAGAAGAAGACCTCGA_006,150
GCGCGAGAAGAAGACCTCGA_007,112
GCGCGAGAAGAAGACCTCGA_008,76
GCGCGAGAAGAAGACCTCGA_009,157
GCGCGAGAAGAAGACCTCGA_010,28
GCGCGAGAAGAAGACCTCGA_011,158
GCGCGAGAAGAAGACCTCGA_012,15
GCGCGAGAAGAAGACCTCGA_013,171
GCGCGAGAAGAAGACCTCGA_014,141
GCGCGAGAAGAAGACCTCGA_015,130
GCGCGAGAAGAAGACCTCGA_016,24
GCGCGAGAAGAAGACCTCGA_017,43
GCGCGAGAAGAAGACCTCGA_018,169
GCGCGAGAAGAAGACCTCGA_019,105
GCGCGAGAAGAAGACCTCGA_020,157
GCGCGAGAAGAAGACCTCGA_021,97
GCGCGAGAAGAAGACCTCGA_022,98
GCGCGAGAAGAAGACCTCGA_023,139
GCGCGAGAAGAAGACCTCGA_024,144
GCGCGAGAAGAAGACCTCGA_025,79
GCGCGAGAAGAAGACCTCGA_026,46
GCGCGAGAAGAAGACCTCGA_027,12
GCGCGAGAAGAAGACCTCGA_028,140
GCGCGAGAAGAAGACCTCGA_029,170
GCGCGAGAAGAAGACCTCGA_030,9
GCGCGAGAAGAAGACCTCGA_031,10
GCGCGAGAAGAAGACCTCGA_032,172
CTGGCACGGACACTCGCGGG_001,134
CTGGCACGGACACTCGCGGG_002,151
CTGGCACGGACACTCGCGGG_003,182
CTGGCACGGACACTCGCGGG_004,146
CTGGCACGGACACTCGCGGG_005,145
CTGGCACGGACACTCGCGGG_006,174
GGCAGCCCCCCTGCTAAAGG_001,31
GGCAGCCCCCCTGCTAAAGG_002,127
GGCAGCCCCCCTGCTAAAGG_003,62
GGCAGCCCCCCTGCTAAAGG_004,153
GGCAGCCCCCCTGCTAAAGG_005,15
GGCAGCCCCCCTGCTAAAGG_006,4
GGCAGCCCCCCTGCTAAAGG_007,142
GGCAGCCCCCCTGCTAAAGG_008,150
GGCAGCCCCCCTGCTAAAGG_009,179
GGCAGCCCCCCTGCTAAAGG_010,82
GGCAGCCCCCCTGCTAAAGG_011,177
GGCAGCCCCCCTGCTAAAGG_012,130
GGCAGCCCCCCTGCTAAAGG_013,72
GGCAGCCCCCCTGCTAAAGG_014,61
GGCAGCCCCCCTGCTAAAGG_015,46
GTGTGCCTTGAGTGGAACAT_001,160
GTGTGCCTTGAGTGGAACAT_002,151
GTGTGCCTTGAGTGGAACAT_003,48
GTGTGCCTTGAGTGGAACAT_004,116
GTGTGCCTTGAGTGGAACAT_005,127
GTGTGCCTTGAGTGGAACAT_006,66
GTGTGCCTTGAGTGGAACAT_007,147
GTGTGCCTTGAGTGGAACAT_008,117
GTGTGCCTTGAGTGGAACAT_009,108
GTGTGCCTTGAGTGGAACAT_010,125
GTGTGCCTTGAGTGGAACAT_011,60
CCAGGTGGCTGGACTCGTCG_001,69
CCAGGTGGCTGGACTCGTCG_002,45
TTGAAGTAAGACACACACAT_001,21
TTGAAGTAAGACACACACAT_002,104
TTGAAGTAAGACACACACAT_003,160
TTGAAGTAAGACACACACAT_004,126
TTGAAGTAAGACACACACAT_005,128
TTGAAGTAAGACACACACAT_006,28
TTGAAGTAAGACACACACAT_007,17
TTGAAGTAAGACACACACAT_008,199
CATCTAGATCAGTCACACCT_001,163
CATCTAGATCAGTCACACCT_002,138
CATCTAGATCAGTCACACCT_003,149
CATCTAGATCAGTCACACCT_004,166
CATCTAGATCAGTCACACCT_005,196
CATCTAGATCAGTCACACCT_006,160
CATCTAGATCAGTCACACCT_007,147
CATCTAGATCAGTCACACCT_008,188
CATCTAGATCAGTCACACCT_009,163
CATCTAGATCAGTCACACCT_010,130
CATCTAGATCAGTCACACCT_011,16
CATCTAGATCAGTCACACCT_012,125
GCACAATCTCCCTAACCCCG_001,162
TCCTAAAGATTAGTGTCACA_001,28
TCCTAAAGATTAGTGTCACA_002,46
TCCTAAAGATTAGTGTCACA_003,149
AAGCCCTATAGATTCCTCAA_001,60
AAGCCCTATAGATTCCTCAA_002,8
AAGCCCTATAGATTCCTCAA_003,179
AAGCCCTATAGATTCCTCAA_004,15
AAGCCCTATAGATTCCTCAA_005,159
AAGCCCTATAGATTCCTCAA_006,132
AAGCCCTATAGATTCCTCAA_007,107
AAGCCCTATAGATTCCTCAA_008,77
AAGCCCTATAGATTCCTCAA_009,48
AAGCCCTATAGATTCCTCAA_010,27
AAGCCCTATAGATTCCTCAA_011,13
AAGCCCTATAGATTCCTCAA_012,113
AAGCCCTATAGATTCCTCAA_013,192
AAGCCCTATAGATTCCTCAA_014,165
GAGGTGAGCATTGAACACCT_001,77
GAGGTGAGCATTGAACACCT_002,170
GAGGTGAGCATTGAACACCT_003,73
GAGGTGAGCATTGAACACCT_004,106
GAGGTGAGCATTGAACACCT_005,141
GAGGTGAGCATTGAACACCT_006,58
GAGGTGAGCATTGAACACCT_007,43
GAGGTGAGCATTGAACACCT_008,17
GAGGTGAGCATTGAACACCT_009,193
GAGGTGAGCATTGAACACCT_010,8
GAGGTGAGCATTGAACACCT_011,131
GAGGTGAGCATTGAACACCT_012,3
GAGGTGAGCATTGAACACCT_013,175
TGGCATGGAACCCCGCAATG_001,72
TGGCATGGAACCCCGCAATG_002,176
TGGCATGGAACCCCGCAATG_003,78
TGGCATGGAACCCCGCAATG_004,72
TGGCATGGAACCCCGCAATG_005,46
TGGCATGGAACCCCGCAATG_006,121
TGGCATGGAACCCCGCAATG_007,95
TTCTTCTGCAAACAGCTGAG_001,23
TTCTTCTGCAAACAGCTGAG_002,7
TTCTTCTGCAAACAGCTGAG_003,120
TTCTTCTGCAAACAGCTGAG_004,112
GTGATCCTTAACAGTTCGAG_001,106
GTGATCCTTAACAGTTCGAG_002,126
GTGATCCTTAACAGTTCGAG_003,103
GTGATCCTTAACAGTTCGAG_004,56
GTGATCCTTAACAGTTCGAG_005,30
TGTCGCAGAGGGGCTACGAG_001,127
TGTCGCAGAGGGGCTACGAG_002,42
TGTCGCAGAGGGGCTACGAG_003,134
TGTCGCAGAGGGGCTACGAG_004,182
TGTCGCAGAGGGGCTACGAG_005,58
TGTCGCAGAGGGGCTACGAG_006,76
TGTCGCAGAGGGGCTACGAG_007,169
TGTCGCAGAGGGGCTACGAG_008,4
AATCGAAATTCCACTTGCGC_001,64
AATCGAAATTCCACTTGCGC_002,30
AATCGAAATTCCACTTGCGC_003,88
AATCGAAATTCCACTTGCGC_004,123
AATCGAAATTCCACTTGCGC_005,120
AATCGAAATTCCACTTGCGC_006,71
AATCGAAATTCCACTTGCGC_007,154
AATCGAAATTCCACTTGCGC_008,169
AATCGAAATTCCACTTGCGC_009,56
AATCGAAATTCCACTTGCGC_010,140
AAGCACCACAAGACAAAGCC_001,166
AAGCACCACAAGACAAAGCC_002,106
AAGCACCACAAGACAAAGCC_003,175
AAGCACCACAAGACAAAGCC_004,30
AAGCACCACAAGACAAAGCC_005,147
AAGCACCACAAGACAAAGCC_006,116
AAGCACCACAAGACAAAGCC_007,87
AAGCACCACAAGACAAAGCC_008,154
AAGCACCACAAGACAAAGCC_009,189
AAGCACCACAAGACAAAGCC_010,13
AAGCACCACAAGACAAAGCC_011,20
GTGTCTGCGTAAGGATCCTG_001,49
GTGTCTGCGTAAGGATCCTG_002,96
GAAGCTCGTTCTCTCCCACA_001,44
TCCTCCCCGAGGCCTTCCAC_001,93
TCCTCCCCGAGGCCTTCCAC_002,160
AGCCAATGATCAGTACCTCA_001,5
AGCCAATGATCAGTACCTCA_002,144
AGCCAATGATCAGTACCTCA_003,106
AGCCAATGATCAGTACCTCA_004,168
AGCCAATGATCAGTACCTCA_005,165
CCATTATTAACCCGTAACCT_001,66
CCATTATTAACCCGTAACCT_002,141
CCATTATTAACCCGTAACCT_003,117
CCATTATTAACCCGTAACCT_004,130
CCATTATTAACCCGTAACCT_005,174
CCATTATTAACCCGTAACCT_006,197
CCATTATTAACCCGTAACCT_007,158
TTGACCTGGGTAACTATGAG_001,114
TTGACCTGGGTAACTATGAG_002,83
TTGACCTGGGTAACTATGAG_003,128
TTGACCTGGGTAACTATGAG_004,162
TTGACCTGGGTAACTATGAG_005,41
TTGACCTGGGTAACTATGAG_006,76
TTGACCTGGGTAACTATGAG_007,177
TTGACCTGGGTAACTATGAG_008,12
TTGACCTGGGTAACTATGAG_009,77
TTGACCTGGGTAACTATGAG_010,17
TTGACCTGGGTAACTATGAG_011,144
TTGACCTGGGTAACTATGAG_012,177
GGAGAAGCACCGGCCCCATG_001,137
GGAGAAGCACCGGCCCCATG_002,157
GGAGAAGCACCGGCCCCATG_003,169
GGAGAAGCACCGGCCCCATG_004,77
GGAGAAGCACCGGCCCCATG_005,194
GGAGAAGCACCGGCCCCATG_006,8
GGAGAAGCACCGGCCCCATG_007,34
GGAGAAGCACCGGCCCCATG_008,50
GGAGAAGCACCGGCCCCATG_009,3
GGAGAAGCACCGGCCCCATG_010,140
GGAGAAGCACCGGCCCCATG_011,70
GGAGAAGCACCGGCCCCATG_012,4
GGAGAAGCACCGGCCCCATG_013,139
GGAGAAGCACCGGCCCCATG_014,83
GGAGAAGCACCGGCCCCATG_015,170
GGAGAAGCACCGGCCCCATG_016,32
GGAGAAGCACCGGCCCCATG_017,59
GGAGAAGCACCGGCCCCATG_018,136
GGAGAAGCACCGGCCCCATG_019,48
GGAGAAGCACCGGCCCCATG_020,147
GGAGAAGCACCGGCCCCATG_021,9
GGAGAAGCACCGGCCCCATG_022,68
GAGCATGCCAGCACGCTCAA_001,45
GAGCATGCCAGCACGCTCAA_002,15
GAGCATGCCAGCACGCTCAA_003,72
CTTCGGGGAGACAACGACGG_001,11
CTTCGGGGAGACAACGACGG_002,27
CTTCGGGGAGACAACGACGG_003,72
CTTCGGGGAGACAACGACGG_004,124
CTTCGGGGAGACAACGACGG_005,22
CTTCGGGGAGACAACGACGG_006,160
CTTCGGGGAGACAACGACGG_007,89
CTTCGGGGAGACAACGACGG_008,44
AGAACATCAGCTTTACAGTG_001,43
AGAACATCAGCTTTACAGTG_002,2
AGAACATCAGCTTTACAGTG_003,169
AGAACATCAGCTTTACAGTG_004,150
AGAACATCAGCTTTACAGTG_005,70
AGAACATCAGCTTTACAGTG_006,29
AGAACATCAGCTTTACAGTG_007,71
AGAACATCAGCTTTACAGTG_008,60
AGAACATCAGCTTTACAGTG_009,193
AGAACATCAGCTTTACAGTG_010,66
AGAACATCAGCTTTACAGTG_011,191
AGAACATCAGCTTTACAGTG_012,140
AGAACATCAGCTTTACAGTG_013,168
AGAACATCAGCTTTACAGTG_014,9
AGAACATCAGCTTTACAGTG_015,107
AGAACATCAGCTTTACAGTG_016,199
AGAACATCAGCTTTACAGTG_017,146
AGAACATCAGCTTTACAGTG_018,9
AGAACATCAGCTTTACAGTG_019,178
AGAACATCAGCTTTACAGTG_020,89
CCCTGCCCTACATCTCTACG_001,91
CCCTGCCCTACATCTCTACG_002,198
CCCTGCCCTACATCTCTACG_003,90
CCCTGCCCTACATCTCTACG_004,81
CCCTGCCCTACATCTCTACG_005,3
TCTTAGAGAGGCCCTCAATG_001,147
TCTTAGAGAGGCCCTCAATG_002,147
TCTTAGAGAGGCCCTCAATG_003,170
TCTTAGAGAGGCCCTCAATG_004,43
TCTTAGAGAGGCCCTCAATG_005,91
TGAACGGAGTCGGCTCAATG_001,77
TGAACGGAGTCGGCTCAATG_002,77
TGAACGGAGTCGGCTCAATG_003,8
TGAACGGAGTCGGCTCAATG_004,107
CTGGGTCATAGCTGTACATG_001,162
CTGGGTCATAGCTGTACATG_002,17
CTGGGTCATAGCTGTACATG_003,146
CTGGGTCATAGCTGTACATG_004,24
CTGGGTCATAGCTGTACATG_005,107
CTGGGTCATAGCTGTACATG_006,120
CTGGGTCATAGCTGTACATG_007,15
CTGGGTCATAGCTGTACATG_008,49
CTGGGTCATAGCTGTACATG_009,11
CTGGGTCATAGCTGTACATG_010,81
CTGGGTCATAGCTGTACATG_011,134
CTGGGTCATAGCTGTACATG_012,29
CTGGGTCATAGCTGTACATG_013,78
CTGGGTCATAGCTGTACATG_014,2
CTGGGTCATAGCTGTACATG_015,43
CTGGGTCATAGCTGTACATG_016,70
CTGGGTCATAGCTGTACATG_017,17
CTGGGTCATAGCTGTACATG_018,19
CTGGGTCATAGCTGTACATG_019,144
TCGTACAGCACGTTGGTACG_001,117
TCGTACAGCACGTTGGTACG_002,133
TCGTACAGCACGTTGGTACG_003,36
TCGTACAGCACGTTGGTACG_004,170
TCGTACAGCACGTTGGTACG_005,1
TCGTACAGCACGTTGGTACG_006,140
TCGTACAGCACGTTGGTACG_007,118
TCGTACAGCACGTTGGTACG_008,56
TCGTACAGCACGTTGGTACG_009,60
TCGTACAGCACGTTGGTACG_010,191
AACAACACAAGCAAGTGTGG_001,125
AACAACACAAGCAAGTGTGG_002,12
AACAACACAAGCAAGTGTGG_003,186
AACAACACAAGCAAGTGTGG_004,75
AACAACACAAGCAAGTGTGG_005,70
AACAACACAAGCAAGTGTGG_006,28
AACAACACAAGCAAGTGTGG_007,94
AACAACACAAGCAAGTGTGG_008,175
AACAACACAAGCAAGTGTGG_009,63
AACAACACAAGCAAGTGTGG_010,35
AACAACACAAGCAAGTGTGG_011,142
AACAACACAAGCAAGTGTGG_012,148
AACAACACAAGCAAGTGTGG_013,27
ACAATGACTGCACCAACGCA_001,12
ACAATGACTGCACCAACGCA_002,88
ACAATGACTGCACCAACGCA_003,126
ACAATGACTGCACCAACGCA_004,99
ACAATGACTGCACCAACGCA_005,92
ACAATGACTGCACCAACGCA_006,192
ACAATGACTGCACCAACGCA_007,15
ACAATGACTGCACCAACGCA_008,168
ACAATGACTGCACCAACGCA_009,168
ACAATGACTGCACCAACGCA_010,15
ACAATGACTGCACCAACGCA_011,147
ACAATGACTGCACCAACGCA_012,38
ACAATGACTGCACCAACGCA_013,28
ACAATGACTGCACCAACGCA_014,90
ACAATGACTGCACCAACGCA_015,138
ACAATGACTGCACCAACGCA_016,9
ACAATGACTGCACCAACGCA_017,182
ACAATGACTGCACCAACGCA_018,144
ACAGCACACCAAAAAAGACC_001,4
ACAGCACACCAAAAAAGACC_002,10
ACAGCACACCAAAAAAGACC_003,142
AGAAATCATTGCTGACTACG_001,27
AGAAATCATTGCTGACTACG_002,106
AGAAATCATTGCTGACTACG_003,60
AGAAATCATTGCTGACTACG_004,162
AGAAATCATTGCTGACTACG_005,50
CGTGTTTCTCTTCTTAACAT_001,54
CGTGTTTCTCTTCTTAACAT_002,134
CGTGTTTCTCTTCTTAACAT_003,106
CGTGTTTCTCTTCTTAACAT_004,114
AGTTGTACGTGAGCGTCCAG_001,151
AGTTGTACGTGAGCGTCCAG_002,2
AGTTGTACGTGAGCGTCCAG_003,147
AGTTGTACGTGAGCGTCCAG_004,94
AGTTGTACGTGAGCGTCCAG_005,127
AGTTGTACGTGAGCGTCCAG_006,135
AGTTGTACGTGAGCGTCCAG_007,92
AGTTGTACGTGAGCGTCCAG_008,157
AGTTGTACGTGAGCGTCCAG_009,137
AGTTGTACGTGAGCGTCCAG_010,149
AGTTGTACGTGAGCGTCCAG_011,129
AGTTGTACGTGAGCGTCCAG_012,52
AGTTGTACGTGAGCGTCCAG_013,84
AGTTGTACGTGAGCGTCCAG_014,112
AGTTGTACGTGAGCGTCCAG_015,144
AGTTGTACGTGAGCGTCCAG_016,87
AGTTGTACGTGAGCGTCCAG_017,2
GCAACTTCAAGTTCGGACAG_001,182
GCAACTTCAAGTTCGGACAG_002,166
GCAACTTCAAGTTCGGACAG_003,137
GCAACTTCAAGTTCGGACAG_004,119
GCAACTTCAAGTTCGGACAG_005,12
GCAACTTCAAGTTCGGACAG_006,10
GCAACTTCAAGTTCGGACAG_007,43
GCAACTTCAAGTTCGGACAG_008,183
GCAACTTCAAGTTCGGACAG_009,2
GCAACTTCAAGTTCGGACAG_010,199
GCAACTTCAAGTTCGGACAG_011,15
GCAACTTCAAGTTCGGACAG_012,160
GCAACTTCAAGTTCGGACAG_013,148
AGAGGCGGCAGATCTGAGGT_001,8
AGAGGCGGCAGATCTGAGGT_002,76
AGAGGCGGCAGATCTGAGGT_003,127
AGAGGCGGCAGATCTGAGGT_004,95
ACCTTATAAATGTAAGACTG_001,12
ACCTTATAAATGTAAGACTG_002,94
ACCTTATAAATGTAAGACTG_003,133
ACCTTATAAATGTAAGACTG_004,130
ACCTTATAAATGTAAGACTG_005,96
ACCTTATAAATGTAAGACTG_006,78
ACCTTATAAATGTAAGACTG_007,198
ACCTTATAAATGTAAGACTG_008,60
ACCTTATAAATGTAAGACTG_009,147
ACCTTATAAATGTAAGACTG_010,8
ACCTTATAAATGTAAGACTG_011,63
ACCTTATAAATGTAAGACTG_012,83
ACCTTATAAATGTAAGACTG_013,167
ACCTTATAAATGTAAGACTG_014,165
ACCTTATAAATGTAAGACTG_015,154
ACCTTATAAATGTAAGACTG_016,149
ACCTTATAAATGTAAGACTG_017,87
ACCTTATAAATGTAAGACTG_018,124
ACCTTATAAATGTAAGACTG_019,61
ACCTTATAAATGTAAGACTG_020,190
ACCTTATAAATGTAAGACTG_021,105
ACCTTATAAATGTAAGACTG_022,157
ACCTTATAAATGTAAGACTG_023,63
ACCTTATAAATGTAAGACTG_024,76
ACCTTATAAATGTAAGACTG_025,184
ACCTTATAAATGTAAGACTG_026,60
GACACCACTGTACTCAACAA_001,85
GACACCACTGTACTCAACAA_002,17
GACACCACTGTACTCAACAA_003,103
GACACCACTGTACTCAACAA_004,147
GACACCACTGTACTCAACAA_005,112
GACACCACTGTACTCAACAA_006,22
GACACCACTGTACTCAACAA_007,57
GACACCACTGTACTCAACAA_008,124
GACACCACTGTACTCAACAA_009,161
GACACCACTGTACTCAACAA_010,91
GACACCACTGTACTCAACAA_011,100
ACACTCTCGCATGACCTGGT_001,198
ACACTCTCGCATGACCTGGT_002,18
ACACTCTCGCATGACCTGGT_003,115
ACACTCTCGCATGACCTGGT_004,177
ACACTCTCGCATGACCTGGT_005,141
ACACTCTCGCATGACCTGGT_006,6
ACACTCTCGCATGACCTGGT_007,6
ACACTCTCGCATGACCTGGT_008,137
GCACCTGTGCACATCGATGT_001,32
GCACCTGTGCACATCGATGT_002,189
GCACCTGTGCACATCGATGT_003,128
GCACCTGTGCACATCGATGT_004,121
GCACCTGTGCACATCGATGT_005,143
GCACCTGTGCACATCGATGT_006,141
GCACCTGTGCACATCGATGT_007,39
GCACCTGTGCACATCGATGT_008,48
GCACCTGTGCACATCGATGT_009,70
GCACCTGTGCACATCGATGT_010,168
GCACCTGTGCACATCGATGT_011,37
GCACCTGTGCACATCGATGT_012,118
TTTCTATTTGGATCCATTCG_001,69
TTTCTATTTGGATCCATTCG_002,188
TTTCTATTTGGATCCATTCG_003,198
TTTCTATTTGGATCCATTCG_004,80
TTTCTATTTGGATCCATTCG_005,51
TTTCTATTTGGATCCATTCG_006,45
TTTCTATTTGGATCCATTCG_007,77
TTTCTATTTGGATCCATTCG_008,173
TTTCTATTTGGATCCATTCG_009,173
CCAGGGCATCGGCTAGCGTG_001,48
CCAGGGCATCGGCTAGCGTG_002,183
CCAGGGCATCGGCTAGCGTG_003,17
CCAGGGCATCGGCTAGCGTG_004,165
CCAGGGCATCGGCTAGCGTG_005,13
CCAGGGCATCGGCTAGCGTG_006,63
AACTCCATCCGAGTAGACAG_001,45
AACTCCATCCGAGTAGACAG_002,6
AACTCCATCCGAGTAGACAG_003,6
AACTCCATCCGAGTAGACAG_004,130
AACTCCATCCGAGTAGACAG_005,127
AACTCCATCCGAGTAGACAG_006,42
AACTCCATCCGAGTAGACAG_007,81
AACTCCATCCGAGTAGACAG_008,77
AACTCCATCCGAGTAGACAG_009,146
AACTCCATCCGAGTAGACAG_010,142
AACTCCATCCGAGTAGACAG_011,144
TCACACTGTACGTCAGAGCA_001,67
TCACACTGTACGTCAGAGCA_002,12
TCACACTGTACGTCAGAGCA_003,82
TCACACTGTACGTCAGAGCA_004,137
CCTTGTGAATCTCCTCACGG_001,107
CCTTGTGAATCTCCTCACGG_002,23
CCTTGTGAATCTCCTCACGG_003,23
CCTTGTGAATCTCCTCACGG_004,189
CCTTGTGAATCTCCTCACGG_005,31
CCTTGTGAATCTCCTCACGG_006,184
CCTTGTGAATCTCCTCACGG_007,147
CCTTGTGAATCTCCTCACGG_008,125
GCCACTGCCAAGGCAACCGA_001,191
GCCACTGCCAAGGCAACCGA_002,112
GCCACTGCCAAGGCAACCGA_003,84
GCCACTGCCAAGGCAACCGA_004,134
GCCACTGCCAAGGCAACCGA_005,18
GCCACTGCCAAGGCAACCGA_006,121
GCCACTGCCAAGGCAACCGA_007,49
GCCACTGCCAAGGCAACCGA_008,138
GCCACTGCCAAGGCAACCGA_009,67
GCCACTGCCAAGGCAACCGA_010,162
GCCACTGCCAAGGCAACCGA_011,20
GCCACTGCCAAGGCAACCGA_012,184
GCCACTGCCAAGGCAACCGA_013,12
GCCACTGCCAAGGCAACCGA_014,25
GCCACTGCCAAGGCAACCGA_015,48
GCCACTGCCAAGGCAACCGA_016,59
GCCACTGCCAAGGCAACCGA_017,40
GCCACTGCCAAGGCAACCGA_018,165
GCCACTGCCAAGGCAACCGA_019,66
GCCACTGCCAAGGCAACCGA_020,68
GCCACTGCCAAGGCAACCGA_021,56
GCCACTGCCAAGGCAACCGA_022,9
CGGTCAGTACCTTAACATGC_001,170
CGGTCAGTACCTTAACATGC_002,179
GCCTGCGGGATGCTCCACCA_001,119
GCCTGCGGGATGCTCCACCA_002,112
GCCTGCGGGATGCTCCACCA_003,171
GCCTGCGGGATGCTCCACCA_004,150
GCCTGCGGGATGCTCCACCA_005,15
GCCTGCGGGATGCTCCACCA_006,69
GCCTGCGGGATGCTCCACCA_007,120
GCCTGCGGGATGCTCCACCA_008,39
GCCTGCGGGATGCTCCACCA_009,0
GGTGAAGGCTTTCGTCACGC_001,8
GGTGAAGGCTTTCGTCACGC_002,169
GGTGAAGGCTTTCGTCACGC_003,58
GGTGAAGGCTTTCGTCACGC_004,91
GGTGAAGGCTTTCGTCACGC_005,134
GGTGAAGGCTTTCGTCACGC_006,138
GGTGAAGGCTTTCGTCACGC_007,70
GATGTAGCCTGACAGCAGGA_001,51
GATGTAGCCTGACAGCAGGA_002,61
GATGTAGCCTGACAGCAGGA_003,50
GATGTAGCCTGACAGCAGGA_004,1
TGATGTGCTTTGTTGATAGG_001,22
TGATGTGCTTTGTTGATAGG_002,69
TGATGTGCTTTGTTGATAGG_003,196
AATTATCTTCGAAAGTCACG_001,18
AATTATCTTCGAAAGTCACG_002,68
AATTATCTTCGAAAGTCACG_003,161
AATTATCTTCGAAAGTCACG_004,170
TGGAGGAACTGTGAACATCA_001,182
TGGAGGAACTGTGAACATCA_002,8
TGGAGGAACTGTGAACATCA_003,39
TGGAGGAACTGTGAACATCA_004,12
TGGAGGAACTGTGAACATCA_005,106
TGGAGGAACTGTGAACATCA_006,151
TGGAGGAACTGTGAACATCA_007,105
TGGAGGAACTGTGAACATCA_008,104
TGGAGGAACTGTGAACATCA_009,116
TGGAGGAACTGTGAACATCA_010,48
TGGAGGAACTGTGAACATCA_011,134
TGGAGGAACTGTGAACATCA_012,15
TGGAGGAACTGTGAACATCA_013,169
TGGAGGAACTGTGAACATCA_014,188
GTGTATGATGCTTCGACTTA_001,48
GTGTATGATGCTTCGACTTA_002,70
GTGTATGATGCTTCGACTTA_003,144
GTGTATGATGCTTCGACTTA_004,142
GTGTATGATGCTTCGACTTA_005,57
GTGTATGATGCTTCGACTTA_006,33
GTGTATGATGCTTCGACTTA_007,127
GTGTATGATGCTTCGACTTA_008,50
GTGTATGATGCTTCGACTTA_009,53
ATCCGAAGCCTAGCTCGTGG_001,166
ATCCGAAGCCTAGCTCGTGG_002,36
ATCCGAAGCCTAGCTCGTGG_003,82
ATCCGAAGCCTAGCTCGTGG_004,99
TGGAGTTCAGAGACAACCCA_001,132
TGGAGTTCAGAGACAACCCA_002,40
TGGAGTTCAGAGACAACCCA_003,162
TGGAGTTCAGAGACAACCCA_004,35
TGGAGTTCAGAGACAACCCA_005,175
TGGAGTTCAGAGACAACCCA_006,34
TGGAGTTCAGAGACAACCCA_007,14
TGGAGTTCAGAGACAACCCA_008,15
TGGAGTTCAGAGACAACCCA_009,146
TGGAGTTCAGAGACAACCCA_010,15
TGGAGTTCAGAGACAACCCA_011,48
TGGAGTTCAGAGACAACCCA_012,56
TGGAGTTCAGAGACAACCCA_013,107
TGGAGTTCAGAGACAACCCA_014,106
TGGTCAACATCCGTGCCATG_001,8
TGGTCAACATCCGTGCCATG_002,48
TGGTCAACATCCGTGCCATG_003,162
TGGTCAACATCCGTGCCATG_004,38
TGGTCAACATCCGTGCCATG_005,176
TGGTCAACATCCGTGCCATG_006,68
TGGTCAACATCCGTGCCATG_007,115
TGGTCAACATCCGTGCCATG_008,63
TGGTCAACATCCGTGCCATG_009,141
TGGTCAACATCCGTGCCATG_010,141
TGGTCAACATCCGTGCCATG_011,187
AGATTCTATAACCTTAATGT_001,156
AGATTCTATAACCTTAATGT_002,26
ATGTGTCTAATGAACTGCCA_001,168
ATGTGTCTAATGAACTGCCA_002,162
ATGTGTCTAATGAACTGCCA_003,52
ATGTGTCTAATGAACTGCCA_004,197
ATGTGTCTAATGAACTGCCA_005,109
ATGTGTCTAATGAACTGCCA_006,112
ATGTGTCTAATGAACTGCCA_007,37
ATGTGTCTAATGAACTGCCA_008,58
ATGTGTCTAATGAACTGCCA_009,100
CAGCCACCTTCATTCCCCAA_001,2
CAGCCACCTTCATTCCCCAA_002,5
CAGCCACCTTCATTCCCCAA_003,78
ATGGTCCAGATTAACACCAG_001,162
ATGGTCCAGATTAACACCAG_002,34
ATGGTCCAGATTAACACCAG_003,151
ATGGTCCAGATTAACACCAG_004,78
ATGGTCCAGATTAACACCAG_005,184
ATGGTCCAGATTAACACCAG_006,184
ATGGTCCAGATTAACACCAG_007,58
ATGGTCCAGATTAACACCAG_008,83
ATGGTCCAGATTAACACCAG_009,145
ATGGTCCAGATTAACACCAG_010,160
ATGGTCCAGATTAACACCAG_011,44
ATGGTCCAGATTAACACCAG_012,1
ATGGTCCAGATTAACACCAG_013,88
GGCCCCTAGAGGATACCACG_001,60
GGCCCCTAGAGGATACCACG_002,78
GGCCCCTAGAGGATACCACG_003,105
GGCCCCTAGAGGATACCACG_004,99
GGCCCCTAGAGGATACCACG_005,94
GGCCCCTAGAGGATACCACG_006,60
GGCCCCTAGAGGATACCACG_007,170
GGGCAGGCACCCCGACACGA_001,96
GGGCAGGCACCCCGACACGA_002,115
GGGCAGGCACCCCGACACGA_003,94
GGGCAGGCACCCCGACACGA_004,25
GGGCAGGCACCCCGACACGA_005,73
GGGCAGGCACCCCGACACGA_006,29
GGGCAGGCACCCCGACACGA_007,59
GGGCAGGCACCCCGACACGA_008,70
GGGCAGGCACCCCGACACGA_009,32
GGGCAGGCACCCCGACACGA_010,102
GGGCAGGCACCCCGACACGA_011,162
GGGCAGGCACCCCGACACGA_012,88
GGGCAGGCACCCCGACACGA_013,121
GGGCAGGCACCCCGACACGA_014,110
GGGCAGGCACCCCGACACGA_015,52
GGGCAGGCACCCCGACACGA_016,58
GGGCAGGCACCCCGACACGA_017,115
GGGCAGGCACCCCGACACGA_018,147
GGGCAGGCACCCCGACACGA_019,30
GGGCAGGCACCCCGACACGA_020,150
GGGCAGGCACCCCGACACGA_021,81
GGGCAGGCACCCCGACACGA_022,73
GGGCAGGCACCCCGACACGA_023,16
GGGCAGGCACCCCGACACGA_024,144
GGGCAGGCACCCCGACACGA_025,94
GGGCAGGCACCCCGACACGA_026,49
GGGCAGGCACCCCGACACGA_027,94
GGGCAGGCACCCCGACACGA_028,69
GGGCAGGCACCCCGACACGA_029,9
TCACAGCGACACCATTCACA_001,132
TCACAGCGACACCATTCACA_002,65
TCACAGCGACACCATTCACA_003,57
ATGATGATAAGGTAGTGATA_001,141
ATGATGATAAGGTAGTGATA_002,11
ATGATGATAAGGTAGTGATA_003,106
ATGATGATAAGGTAGTGATA_004,162
ATGATGATAAGGTAGTGATA_005,114
ATGATGATAAGGTAGTGATA_006,15
ATGATGATAAGGTAGTGATA_007,49
ATGATGATAAGGTAGTGATA_008,127
CCATACTCCCAGAAACGCCA_001,83
CCATACTCCCAGAAACGCCA_002,12
CCATACTCCCAGAAACGCCA_003,160
CCATACTCCCAGAAACGCCA_004,63
CCATACTCCCAGAAACGCCA_005,96
CCATACTCCCAGAAACGCCA_006,70
CCATACTCCCAGAAACGCCA_007,97
CCATACTCCCAGAAACGCCA_008,184
CCATACTCCCAGAAACGCCA_009,43
CCATACTCCCAGAAACGCCA_010,97
CCTCGGAGTGGCGGACCACA_001,179
GCTTAGGTGACGGCTGCCCA_001,42
GCTTAGGTGACGGCTGCCCA_002,51
GCTTAGGTGACGGCTGCCCA_003,42
GCTTAGGTGACGGCTGCCCA_004,194
GCTTAGGTGACGGCTGCCCA_005,150
GCTTAGGTGACGGCTGCCCA_006,82
GTCTTCTCAAAGAACCCCGG_001,8
GTCTTCTCAAAGAACCCCGG_002,137
GTCTTCTCAAAGAACCCCGG_003,36
GTCTTCTCAAAGAACCCCGG_004,23
GTCTTCTCAAAGAACCCCGG_005,8
GTCTTCTCAAAGAACCCCGG_006,97
GTCTTCTCAAAGAACCCCGG_007,17
GTCTTCTCAAAGAACCCCGG_008,56
GTCTTCTCAAAGAACCCCGG_009,49
GTCTTCTCAAAGAACCCCGG_010,77
GTCTTCTCAAAGAACCCCGG_011,177
GTCTTCTCAAAGAACCCCGG_012,177
GTCTTCTCAAAGAACCCCGG_013,188
GTCTTCTCAAAGAACCCCGG_014,148
GTCTTCTCAAAGAACCCCGG_015,49
GTCTTCTCAAAGAACCCCGG_016,47
GTCTTCTCAAAGAACCCCGG_017,92
GTCTTCTCAAAGAACCCCGG_018,171
GTCTTCTCAAAGAACCCCGG_019,154
GTCTTCTCAAAGAACCCCGG_020,31
GTCTTCTCAAAGAACCCCGG_021,178
GTCTTCTCAAAGAACCCCGG_022,184
GTCTTCTCAAAGAACCCCGG_023,132
GTCTTCTCAAAGAACCCCGG_024,34
GTCTTCTCAAAGAACCCCGG_025,102
TGGCCTTACCCAGTGAAGTG_001,88
TGGCCTTACCCAGTGAAGTG_002,6
TGGCCTTACCCAGTGAAGTG_003,2
TGGCCTTACCCAGTGAAGTG_004,191
TGGCCTTACCCAGTGAAGTG_005,184
TGGCCTTACCCAGTGAAGTG_006,77
TGGCCTTACCCAGTGAAGTG_007,18
TGGCCTTACCCAGTGAAGTG_008,18
TGGCCTTACCCAGTGAAGTG_009,188
TGGCCTTACCCAGTGAAGTG_010,63
TGGCCTTACCCAGTGAAGTG_011,84
TGGCCTTACCCAGTGAAGTG_012,140
TGGCCTTACCCAGTGAAGTG_013,177
TGGCCTTACCCAGTGAAGTG_014,188
ATGCTGTACATGGTACACAG_001,188
ATGCTGTACATGGTACACAG_002,7
ATGCTGTACATGGTACACAG_003,19
ATGCTGTACATGGTACACAG_004,94
ATGCTGTACATGGTACACAG_005,38
ATGCTGTACATGGTACACAG_006,116
ATGCTGTACATGGTACACAG_007,145
AGTTCCCACATGCACAACAC_001,193
AGTTCCCACATGCACAACAC_002,15
AGTTCCCACATGCACAACAC_003,49
AGTTCCCACATGCACAACAC_004,142
AGTTCCCACATGCACAACAC_005,89
AGTTCCCACATGCACAACAC_006,31
AGTTCCCACATGCACAACAC_007,90
AGTTCCCACATGCACAACAC_008,139
AGTTCCCACATGCACAACAC_009,38
AGTTCCCACATGCACAACAC_010,6
AGTTCCCACATGCACAACAC_011,67
AGTTCCCACATGCACAACAC_012,183
AGTTCCCACATGCACAACAC_013,184
CTCACCGTTTCTCATACAAG_001,178
CTCACCGTTTCTCATACAAG_002,28
CTCACCGTTTCTCATACAAG_003,15
CTCACCGTTTCTCATACAAG_004,89
TTTGGGATGAACTCCTTGCG_001,161
TTTGGGATGAACTCCTTGCG_002,97
TTTGGGATGAACTCCTTGCG_003,14
TTTGGGATGAACTCCTTGCG_004,105
TTTGGGATGAACTCCTTGCG_005,47
TTTGGGATGAACTCCTTGCG_006,111
TTTGGGATGAACTCCTTGCG_007,81
TTTGGGATGAACTCCTTGCG_008,169
GCACAAGGGAGAGATGTACC_001,156
GCACAAGGGAGAGATGTACC_002,62
TACAAGGCATACCTCCACAC_001,70
TACAAGGCATACCTCCACAC_002,88
TACAAGGCATACCTCCACAC_003,15
TACAAGGCATACCTCCACAC_004,175
GGAATGTGTCGCCACCAACG_001,37
GGAATGTGTCGCCACCAACG_002,77
GGAATGTGTCGCCACCAACG_003,171
GAGGCCAGCCTTACCTACTG_001,60
GAGGCCAGCCTTACCTACTG_002,31
GAGGCCAGCCTTACCTACTG_003,74
GAGGCCAGCCTTACCTACTG_004,151
GAGGCCAGCCTTACCTACTG_005,129
GCCCACGGTGCATTTCGCAG_001,160
GCCCACGGTGCATTTCGCAG_002,177
GCCCACGGTGCATTTCGCAG_003,28
GCCCACGGTGCATTTCGCAG_004,191
GCCCACGGTGCATTTCGCAG_005,70
GCCCACGGTGCATTTCGCAG_006,58
GCCCACGGTGCATTTCGCAG_007,139
GCCCACGGTGCATTTCGCAG_008,19
GCCCACGGTGCATTTCGCAG_009,28
GCCCACGGTGCATTTCGCAG_010,87
AACAAGCTTAGAGATTACCG_001,87
GTTCTTCCGATGGGTTAGAC_001,40
GTTCTTCCGATGGGTTAGAC_002,141
GTTCTTCCGATGGGTTAGAC_003,157
GTTCTTCCGATGGGTTAGAC_004,18
GTTCTTCCGATGGGTTAGAC_005,17
GTTCTTCCGATGGGTTAGAC_006,16
GTTCTTCCGATGGGTTAGAC_007,147
GTTCTTCCGATGGGTTAGAC_008,60
GTTCTTCCGATGGGTTAGAC_009,185
GTTCTTCCGATGGGTTAGAC_010,19
GTTCTTCCGATGGGTTAGAC_011,106
GTTCTTCCGATGGGTTAGAC_012,77
GTTCTTCCGATGGGTTAGAC_013,3
GTTCTTCCGATGGGTTAGAC_014,109
TGGTTAAGATCATGTTCTCC_001,86
TGGTTAAGATCATGTTCTCC_002,156
CCTGTCCCACCCCAGAATTG_001,151
CCTGTCCCACCCCAGAATTG_002,137
CCTGTCCCACCCCAGAATTG_003,12
CCTGTCCCACCCCAGAATTG_004,192
CCTGTCCCACCCCAGAATTG_005,152
CCTGTCCCACCCCAGAATTG_006,104
CCTGTCCCACCCCAGAATTG_007,38
CCTGTCCCACCCCAGAATTG_008,188
CCTGTCCCACCCCAGAATTG_009,174
CCTGTCCCACCCCAGAATTG_010,198
CCTGTCCCACCCCAGAATTG_011,198
CCTGTCCCACCCCAGAATTG_012,73
CCTGTCCCACCCCAGAATTG_013,174
CCTGTCCCACCCCAGAATTG_014,163
CCTGTCCCACCCCAGAATTG_015,33
CCTGTCCCACCCCAGAATTG_016,35
CCTGTCCCACCCCAGAATTG_017,39
CCTGTCCCACCCCAGAATTG_018,115
CCTGTCCCACCCCAGAATTG_019,104
CCTGTCCCACCCCAGAATTG_020,106
CCTGTCCCACCCCAGAATTG_021,83
CCTGTCCCACCCCAGAATTG_022,184
CCTGTCCCACCCCAGAATTG_023,98
CCTGTCCCACCCCAGAATTG_024,174
CCTGTCCCACCCCAGAATTG_025,91
CCTGTCCCACCCCAGAATTG_026,10
CCTGTCCCACCCCAGAATTG_027,191
CCTGTCCCACCCCAGAATTG_028,188
CCTGTCCCACCCCAGAATTG_029,29
CCTGTCCCACCCCAGAATTG_030,26
GCTTGACATCCACGCACATG_001,146
GCTTGACATCCACGCACATG_002,48
GCTTGACATCCACGCACATG_003,147
GCTTGACATCCACGCACATG_004,191
GCTTGACATCCACGCACATG_005,62
TTCTGGACGACAACTCCCCG_001,90
TTCTGGACGACAACTCCCCG_002,173
TTCTGGACGACAACTCCCCG_003,58
TTCTGGACGACAACTCCCCG_004,162
TTCTGGACGACAACTCCCCG_005,169
TTCTGGACGACAACTCCCCG_006,52
TTCTGGACGACAACTCCCCG_007,67
TTCTGGACGACAACTCCCCG_008,36
TTCTGGACGACAACTCCCCG_009,178
TTCTGGACGACAACTCCCCG_010,15
TTCTGGACGACAACTCCCCG_011,21
TTCTGGACGACAACTCCCCG_012,61
TTCTGGACGACAACTCCCCG_013,184
TTCTGGACGACAACTCCCCG_014,125
TTCTGGACGACAACTCCCCG_015,6
TTCTGGACGACAACTCCCCG_016,181
TTCTGGACGACAACTCCCCG_017,94
TTCTGGACGACAACTCCCCG_018,175
TTCTGGACGACAACTCCCCG_019,142
TTCTGGACGACAACTCCCCG_020,15
TTCTGGACGACAACTCCCCG_021,10
TTCTGGACGACAACTCCCCG_022,10
TTCTGGACGACAACTCCCCG_023,66
TTCTGGACGACAACTCCCCG_024,106
TTCTGGACGACAACTCCCCG_025,77
TTCTGGACGACAACTCCCCG_026,173
TTCTGGACGACAACTCCCCG_027,97
AGTCTAGGCGGAATCGACGA_001,144
AGTCTAGGCGGAATCGACGA_002,40
AGTCTAGGCGGAATCGACGA_003,129
AGTCTAGGCGGAATCGACGA_004,38
AGTCTAGGCGGAATCGACGA_005,102
AGTCTAGGCGGAATCGACGA_006,186
AGTCTAGGCGGAATCGACGA_007,199
GGTGTTGAAAATGTCTGAGA_001,137
GGTGTTGAAAATGTCTGAGA_002,64
GGTGTTGAAAATGTCTGAGA_003,68
GGTGTTGAAAATGTCTGAGA_004,165
GGTGTTGAAAATGTCTGAGA_005,43
GGTGTTGAAAATGTCTGAGA_006,1
GGTGTTGAAAATGTCTGAGA_007,127
GGTGTTGAAAATGTCTGAGA_008,34
GGTGTTGAAAATGTCTGAGA_009,110
AGCTCTACTCAGAGTTTCTG_001,1
AGCTCTACTCAGAGTTTCTG_002,9
AGCTCTACTCAGAGTTTCTG_003,112
AGCTCTACTCAGAGTTTCTG_004,95
AGCTCTACTCAGAGTTTCTG_005,113
AGCTCTACTCAGAGTTTCTG_006,81
AGCTCTACTCAGAGTTTCTG_007,131
AGCTCTACTCAGAGTTTCTG_008,119
AGCTCTACTCAGAGTTTCTG_009,3
AGCTCTACTCAGAGTTTCTG_010,63
AGCTCTACTCAGAGTTTCTG_011,48
AGCTCTACTCAGAGTTTCTG_012,114
AGCTCTACTCAGAGTTTCTG_013,32
TGCTGATAATCACAATGTGA_001,62
GGAGTCGCCACTCCTTACCC_001,56
GGAGTCGCCACTCCTTACCC_002,52
AGCGCCAACGACCAGAACCT_001,199
AGCGCCAACGACCAGAACCT_002,60
AGCGCCAACGACCAGAACCT_003,98
AGCGCCAACGACCAGAACCT_004,83
AGCGCCAACGACCAGAACCT_005,151
AGCGCCAACGACCAGAACCT_006,3
AGCGCCAACGACCAGAACCT_007,29
AGCGCCAACGACCAGAACCT_008,197
CGTACCTTGCAATCAACATG_001,17
CGTACCTTGCAATCAACATG_002,14
CGTACCTTGCAATCAACATG_003,32
CGTACCTTGCAATCAACATG_004,162
CGTACCTTGCAATCAACATG_005,194
CGTACCTTGCAATCAACATG_006,41
CGTACCTTGCAATCAACATG_007,175
CGTACCTTGCAATCAACATG_008,165
CGTACCTTGCAATCAACATG_009,83
CGTACCTTGCAATCAACATG_010,110
CGTACCTTGCAATCAACATG_011,174
CGTACCTTGCAATCAACATG_012,175
CGTACCTTGCAATCAACATG_013,197
ACACATTTGAGATCCAGTAC_001,53
ACACATTTGAGATCCAGTAC_002,49
ACACATTTGAGATCCAGTAC_003,63
ACACATTTGAGATCCAGTAC_004,188
ACACATTTGAGATCCAGTAC_005,18
ACACATTTGAGATCCAGTAC_006,143
ACACATTTGAGATCCAGTAC_007,143
ACACATTTGAGATCCAGTAC_008,76
ACACATTTGAGATCCAGTAC_009,162
ACACATTTGAGATCCAGTAC_010,43
ACACATTTGAGATCCAGTAC_011,97
ACACATTTGAGATCCAGTAC_012,50
ACACATTTGAGATCCAGTAC_013,108
AATCCAGACAACATTGCTCC_001,159
AATCCAGACAACATTGCTCC_002,198
AATCCAGACAACATTGCTCC_003,27
CTAACATCAAGGCAAATTGG_001,147
CTAACATCAAGGCAAATTGG_002,47
CTAACATCAAGGCAAATTGG_003,178
CTAACATCAAGGCAAATTGG_004,57
CTAACATCAAGGCAAATTGG_005,69
CTAACATCAAGGCAAATTGG_006,83
CTAACATCAAGGCAAATTGG_007,183
CTAACATCAAGGCAAATTGG_008,91
CTAACATCAAGGCAAATTGG_009,193
TGCATGTGGAAGATCAATAG_001,138
TGCATGTGGAAGATCAATAG_002,184
TGCATGTGGAAGATCAATAG_003,199
TGCATGTGGAAGATCAATAG_004,122
TGCATGTGGAAGATCAATAG_005,117
TGCATGTGGAAGATCAATAG_006,82
TGCATGTGGAAGATCAATAG_007,13
TGCATGTGGAAGATCAATAG_008,177
TGCATGTGGAAGATCAATAG_009,15
TGCATGTGGAAGATCAATAG_010,8
TGCATGTGGAAGATCAATAG_011,76
TGCATGTGGAAGATCAATAG_012,127
TGCATGTGGAAGATCAATAG_013,121
TGCATGTGGAAGATCAATAG_014,162
CGGGAACGTCACCTACCAAG_001,97
CGGGAACGTCACCTACCAAG_002,78
AAACAGTGTCTAGCATGCTG_001,53
AAACAGTGTCTAGCATGCTG_002,54
AAACAGTGTCTAGCATGCTG_003,58
AAACAGTGTCTAGCATGCTG_004,43
AAACAGTGTCTAGCATGCTG_005,17
AAACAGTGTCTAGCATGCTG_006,102
AAACAGTGTCTAGCATGCTG_007,173
AAACAGTGTCTAGCATGCTG_008,49
AAACAGTGTCTAGCATGCTG_009,10
ACGGATGTTCCTGTCGACAC_001,184
ACGGATGTTCCTGTCGACAC_002,9
ACGGATGTTCCTGTCGACAC_003,42
ACGGATGTTCCTGTCGACAC_004,165
ACGGATGTTCCTGTCGACAC_005,117
ACGGATGTTCCTGTCGACAC_006,88
ACGGATGTTCCTGTCGACAC_007,185
ACGGATGTTCCTGTCGACAC_008,21
ACGGATGTTCCTGTCGACAC_009,56
ACGGATGTTCCTGTCGACAC_010,8
ACGGATGTTCCTGTCGACAC_011,160
ACGGATGTTCCTGTCGACAC_012,150
AAGGATTGTACAGAGTTGTG_001,121
AAGGATTGTACAGAGTTGTG_002,49
AAGGATTGTACAGAGTTGTG_003,148
AAGGATTGTACAGAGTTGTG_004,132
AAGGATTGTACAGAGTTGTG_005,84
AAGGATTGTACAGAGTTGTG_006,15
AAGGATTGTACAGAGTTGTG_007,115
AAGGATTGTACAGAGTTGTG_008,188
AAGGATTGTACAGAGTTGTG_009,162
AAGGATTGTACAGAGTTGTG_010,8
AAGGATTGTACAGAGTTGTG_011,45
AAGGATTGTACAGAGTTGTG_012,166
AAGGATTGTACAGAGTTGTG_013,170
AAGGATTGTACAGAGTTGTG_014,0
ACATCCTACCTTTATCTGGG_001,156
ACATCCTACCTTTATCTGGG_002,50
ACATCCTACCTTTATCTGGG_003,147
CCTCATCATCTCAGACGTGA_001,198
CCTCATCATCTCAGACGTGA_002,125
TAAAAATCCTTAAATCGTCC_001,29
AGGGAGCATTCATATTTGGA_001,85
AGGGAGCATTCATATTTGGA_002,44
AGGGAGCATTCATATTTGGA_003,105
AGGGAGCATTCATATTTGGA_004,141
AGGGAGCATTCATATTTGGA_005,133
AGGGAGCATTCATATTTGGA_006,158
CCTGGAGCTGGCTGGCAACG_001,126
CCTGGAGCTGGCTGGCAACG_002,127
CCTGGAGCTGGCTGGCAACG_003,140
CCTGGAGCTGGCTGGCAACG_004,112
CCTGGAGCTGGCTGGCAACG_005,11
CTGACAGCAACGATGGACAT_001,2
CTGACAGCAACGATGGACAT_002,172
CTGACAGCAACGATGGACAT_003,5
AGCTACAGGCCAAACAGCAG_001,111
AGCTACAGGCCAAACAGCAG_002,188
AGCTACAGGCCAAACAGCAG_003,150
AGCTACAGGCCAAACAGCAG_004,98
AGCTACAGGCCAAACAGCAG_005,98
AGCTACAGGCCAAACAGCAG_006,8
AGCTACAGGCCAAACAGCAG_007,101
AGCTACAGGCCAAACAGCAG_008,45
AGCTACAGGCCAAACAGCAG_009,121
AGCTACAGGCCAAACAGCAG_010,157
AGCTACAGGCCAAACAGCAG_011,93
AGCTACAGGCCAAACAGCAG_012,148
AGCTACAGGCCAAACAGCAG_013,159
AGCTACAGGCCAAACAGCAG_014,60
AGCTACAGGCCAAACAGCAG_015,5
AGCTACAGGCCAAACAGCAG_016,12
AGCTACAGGCCAAACAGCAG_017,170
AGCTACAGGCCAAACAGCAG_018,133
AGCTACAGGCCAAACAGCAG_019,133
AGCTACAGGCCAAACAGCAG_020,33
AGCTACAGGCCAAACAGCAG_021,28
AGCTACAGGCCAAACAGCAG_022,94
AGCTACAGGCCAAACAGCAG_023,105
AGCTACAGGCCAAACAGCAG_024,174
AGCTACAGGCCAAACAGCAG_025,148
CTACATGCACTCGCGTGTGG_001,140
CTACATGCACTCGCGTGTGG_002,63
CTACATGCACTCGCGTGTGG_003,31
CTACATGCACTCGCGTGTGG_004,29
CTACATGCACTCGCGTGTGG_005,185
CTACATGCACTCGCGTGTGG_006,158
CTACATGCACTCGCGTGTGG_007,183
ACCGGTGTAGTGCACCACGC_001,135
ACCGGTGTAGTGCACCACGC_002,73
ACCGGTGTAGTGCACCACGC_003,76
ACCGGTGTAGTGCACCACGC_004,140
ACCGGTGTAGTGCACCACGC_005,141
ACCGGTGTAGTGCACCACGC_006,16
ACCGGTGTAGTGCACCACGC_007,8
ACCGGTGTAGTGCACCACGC_008,94
ACCGGTGTAGTGCACCACGC_009,127
ACCGGTGTAGTGCACCACGC_010,185
ACCGGTGTAGTGCACCACGC_011,134
ACCGGTGTAGTGCACCACGC_012,101
ACCGGTGTAGTGCACCACGC_013,61
ACCGGTGTAGTGCACCACGC_014,20
ACCGGTGTAGTGCACCACGC_015,130
ACCGGTGTAGTGCACCACGC_016,0
ACCGGTGTAGTGCACCACGC_017,138
ACCGGTGTAGTGCACCACGC_018,5
GTGGCACAGCTACCTCGTAG_001,60
GTGGCACAGCTACCTCGTAG_002,80
GTGGCACAGCTACCTCGTAG_003,131
GTGGCACAGCTACCTCGTAG_004,134
GTGGCACAGCTACCTCGTAG_005,175
GTGGCACAGCTACCTCGTAG_006,103
GTGGCACAGCTACCTCGTAG_007,141
GTGGCACAGCTACCTCGTAG_008,48
GTGGCACAGCTACCTCGTAG_009,69
GTGGCACAGCTACCTCGTAG_010,175
GTGGCACAGCTACCTCGTAG_011,10
GCTTCTAGACGACACCCCCG_001,147
GCTTCTAGACGACACCCCCG_002,8
GCTTCTAGACGACACCCCCG_003,44
GCTTCTAGACGACACCCCCG_004,118
GCTTCTAGACGACACCCCCG_005,93
GCTTCTAGACGACACCCCCG_006,106
GCTTCTAGACGACACCCCCG_007,60
GCTTCTAGACGACACCCCCG_008,168
GCTTCTAGACGACACCCCCG_009,98
GCTTCTAGACGACACCCCCG_010,69
GCTTCTAGACGACACCCCCG_011,88
GCTTCTAGACGACACCCCCG_012,123
GCTTCTAGACGACACCCCCG_013,13
GCTTCTAGACGACACCCCCG_014,0
GCTTCTAGACGACACCCCCG_015,49
GCTTCTAGACGACACCCCCG_016,34
CTTACTCAAGTACACTGGGG_001,2
CTTACTCAAGTACACTGGGG_002,48
CTTACTCAAGTACACTGGGG_003,103
CTTACTCAAGTACACTGGGG_004,141
CTTACTCAAGTACACTGGGG_005,6
GGGCTAAGATGGTTATCTGG_001,181
ATACAGAACTCGAGAAGCCA_001,73
ATACAGAACTCGAGAAGCCA_002,80
ATACAGAACTCGAGAAGCCA_003,17
ATACAGAACTCGAGAAGCCA_004,192
ATACAGAACTCGAGAAGCCA_005,77
ATACAGAACTCGAGAAGCCA_006,51
ATACAGAACTCGAGAAGCCA_007,69
ATACAGAACTCGAGAAGCCA_008,103
ATACAGAACTCGAGAAGCCA_009,144
ATACAGAACTCGAGAAGCCA_010,94
ATACAGAACTCGAGAAGCCA_011,166
ATACAGAACTCGAGAAGCCA_012,128
ATACAGAACTCGAGAAGCCA_013,4
ATACAGAACTCGAGAAGCCA_014,194
ATACAGAACTCGAGAAGCCA_015,94
ATACAGAACTCGAGAAGCCA_016,48
ATACAGAACTCGAGAAGCCA_017,147
ATACAGAACTCGAGAAGCCA_018,160
ATACAGAACTCGAGAAGCCA_019,59
GGCCTTTCATGACAACCGGG_001,177
GGCCTTTCATGACAACCGGG_002,99
GGCCTTTCATGACAACCGGG_003,36
ACAGCAGCAAGTACTTGACC_001,78
ACAGCAGCAAGTACTTGACC_002,119
GATAGGTCAGAAAGACAATG_001,12
GATAGGTCAGAAAGACAATG_002,170
GATAGGTCAGAAAGACAATG_003,173
GATAGGTCAGAAAGACAATG_004,78
GATAGGTCAGAAAGACAATG_005,104
GATAGGTCAGAAAGACAATG_006,192
GATAGGTCAGAAAGACAATG_007,148
GATAGGTCAGAAAGACAATG_008,129
GATAGGTCAGAAAGACAATG_009,30
GATAGGTCAGAAAGACAATG_010,88
GAGCAGCAGAGAATCGGGTG_001,177
GAGCAGCAGAGAATCGGGTG_002,134
GAGCAGCAGAGAATCGGGTG_003,105
GAGCAGCAGAGAATCGGGTG_004,119
GAGCAGCAGAGAATCGGGTG_005,87
GAGCAGCAGAGAATCGGGTG_006,87
GAGCAGCAGAGAATCGGGTG_007,115
GAGCAGCAGAGAATCGGGTG_008,35
GAGCAGCAGAGAATCGGGTG_009,81
GAGCAGCAGAGAATCGGGTG_010,158
GAGCAGCAGAGAATCGGGTG_011,67
GAGCAGCAGAGAATCGGGTG_012,30
GAGCAGCAGAGAATCGGGTG_013,19
GAGCAGCAGAGAATCGGGTG_014,198
GAGCAGCAGAGAATCGGGTG_015,45
GAGCAGCAGAGAATCGGGTG_016,24
GAGCAGCAGAGAATCGGGTG_017,21
GAGCAGCAGAGAATCGGGTG_018,178
GAGCAGCAGAGAATCGGGTG_019,154
GAGCAGCAGAGAATCGGGTG_020,82
GAGCAGCAGAGAATCGGGTG_021,131
GAGCAGCAGAGAATCGGGTG_022,39
GAGCAGCAGAGAATCGGGTG_023,124
GAGCAGCAGAGAATCGGGTG_024,49
GAGCAGCAGAGAATCGGGTG_025,137
AGCACAGCATGACTCCTATG_001,191
AGCACAGCATGACTCCTATG_002,41
AGCACAGCATGACTCCTATG_003,50
AGCACAGCATGACTCCTATG_004,9
AGCACAGCATGACTCCTATG_005,152
AGCACAGCATGACTCCTATG_006,99
AGCACAGCATGACTCCTATG_007,129
AGCACAGCATGACTCCTATG_008,158
AGCACAGCATGACTCCTATG_009,115
AGCACAGCATGACTCCTATG_010,2
AGCACAGCATGACTCCTATG_011,41
AGCACAGCATGACTCCTATG_012,137
AGCACAGCATGACTCCTATG_013,175
AGCACAGCATGACTCCTATG_014,91
AGCACAGCATGACTCCTATG_015,149
AGCACAGCATGACTCCTATG_016,106
AGCACAGCATGACTCCTATG_017,140
AGCACAGCATGACTCCTATG_018,56
AGCACAGCATGACTCCTATG_019,8
CAAGTACATGTACTTCACTG_001,127
CAAGTACATGTACTTCACTG_002,146
CAAGTACATGTACTTCACTG_003,69
CAAGTACATGTACTTCACTG_004,66
GGATGATTGATATCCAGACC_001,75
ATCGCGTCCAACAACCGTAA_001,31
ATCGCGTCCAACAACCGTAA_002,62
ATCGCGTCCAACAACCGTAA_003,122
ATCGCGTCCAACAACCGTAA_004,14
ATCGCGTCCAACAACCGTAA_005,177
ATCGCGTCCAACAACCGTAA_006,8
ATCGCGTCCAACAACCGTAA_007,61
ATCGCGTCCAACAACCGTAA_008,137
ATCGCGTCCAACAACCGTAA_009,164
ATCGCGTCCAACAACCGTAA_010,42
ATCGCGTCCAACAACCGTAA_011,88
ATCGCGTCCAACAACCGTAA_012,19
ATCGCGTCCAACAACCGTAA_013,111
ATCGCGTCCAACAACCGTAA_014,192
CACACACGACACCTGCAGTG_001,176
CACACACGACACCTGCAGTG_002,29
CACACACGACACCTGCAGTG_003,63
CACACACGACACCTGCAGTG_004,78
CACACACGACACCTGCAGTG_005,94
CACACACGACACCTGCAGTG_006,10
CACACACGACACCTGCAGTG_007,124
CAGTCAACTTCATCAGCGCA_001,20
CAGTCAACTTCATCAGCGCA_002,178
CAGTCAACTTCATCAGCGCA_003,149
CAGTCAACTTCATCAGCGCA_004,0
CAGTCAACTTCATCAGCGCA_005,120
CAGTCAACTTCATCAGCGCA_006,91
CAGTCAACTTCATCAGCGCA_007,81
CAGTCAACTTCATCAGCGCA_008,150
CAGTCAACTTCATCAGCGCA_009,132
CAGTCAACTTCATCAGCGCA_010,156
CAGTCAACTTCATCAGCGCA_011,37
CAGTCAACTTCATCAGCGCA_012,198
CAGTCAACTTCATCAGCGCA_013,96
CAGTCAACTTCATCAGCGCA_014,76
CAGTCAACTTCATCAGCGCA_015,198
CAGTCAACTTCATCAGCGCA_016,81
CAGTCAACTTCATCAGCGCA_017,187
CAGTCAACTTCATCAGCGCA_018,3
CTGTGCGTATACAAACTCAC_001,178
CTGTGCGTATACAAACTCAC_002,8
CTGTGCGTATACAAACTCAC_003,65
AACTCCACGAAGCCGTACCT_001,0
AACTCCACGAAGCCGTACCT_002,32
AACTCCACGAAGCCGTACCT_003,42
AACTCCACGAAGCCGTACCT_004,42
CAAACATCGATGGCCTACTG_001,168
CAAACATCGATGGCCTACTG_002,149
CAAACATCGATGGCCTACTG_003,38
CAAACATCGATGGCCTACTG_004,94
CAAACATCGATGGCCTACTG_005,176
CAAACATCGATGGCCTACTG_006,26
CAAACATCGATGGCCTACTG_007,142
CAAACATCGATGGCCTACTG_008,17
CAAACATCGATGGCCTACTG_009,177
CAAACATCGATGGCCTACTG_010,102
CAAACATCGATGGCCTACTG_011,42
CAAACATCGATGGCCTACTG_012,48
CAAACATCGATGGCCTACTG_013,37
CAAACATCGATGGCCTACTG_014,36
ACCTCAGCGATCTCAACGAT_001,107
ACCTCAGCGATCTCAACGAT_002,10
GCTTCCGTATCTTCCCTGCG_001,186
GCTTCCGTATCTTCCCTGCG_002,19
AATATGAGACCAAAGTCCAT_001,46
AATATGAGACCAAAGTCCAT_002,50
AAAAAATGAATGCAATGCGA_001,144
AAAAAATGAATGCAATGCGA_002,190
AAAAAATGAATGCAATGCGA_003,15
AAAAAATGAATGCAATGCGA_004,198
AAAAAATGAATGCAATGCGA_005,8
AAAAAATGAATGCAATGCGA_006,199
AAAAAATGAATGCAATGCGA_007,172
AAAAAATGAATGCAATGCGA_008,75
AAAAAATGAATGCAATGCGA_009,40
CATGACAGGTGTGACTGATG_001,70
CATGACAGGTGTGACTGATG_002,19
CATGACAGGTGTGACTGATG_003,156
CATGACAGGTGTGACTGATG_004,65
CATGACAGGTGTGACTGATG_005,123
GCAGCAGGCAAGGATCAGGT_001,83
GCAGCAGGCAAGGATCAGGT_002,169
GCAGCAGGCAAGGATCAGGT_003,43
GCAGCAGGCAAGGATCAGGT_004,172
GCAGCAGGCAAGGATCAGGT_005,147
GCAGCAGGCAAGGATCAGGT_006,26
GCAGCAGGCAAGGATCAGGT_007,126
GCAGCAGGCAAGGATCAGGT_008,149
GCAGCAGGCAAGGATCAGGT_009,198
GCAGCAGGCAAGGATCAGGT_010,34
GCAGCAGGCAAGGATCAGGT_011,5
GCAGCAGGCAAGGATCAGGT_012,80
GCAGCAGGCAAGGATCAGGT_013,106
GGCGGCGCCACTTGGCCCGG_001,163
GGCGGCGCCACTTGGCCCGG_002,14
GGCGGCGCCACTTGGCCCGG_003,98
GGCGGCGCCACTTGGCCCGG_004,187
GGCGGCGCCACTTGGCCCGG_005,139
GGCGGCGCCACTTGGCCCGG_006,199
GGCGGCGCCACTTGGCCCGG_007,169
GGCGGCGCCACTTGGCCCGG_008,197
GGCGGCGCCACTTGGCCCGG_009,142
GGTGTCAGCGCAAACTGGTG_001,4
GGTGTCAGCGCAAACTGGTG_002,125
GGTGTCAGCGCAAACTGGTG_003,161
GGTGTCAGCGCAAACTGGTG_004,104
TCAAATTCTTGACCAATCTA_001,194
TCAAATTCTTGACCAATCTA_002,94
TCAAATTCTTGACCAATCTA_003,71
TCAAATTCTTGACCAATCTA_004,43
ATGAGGACTGTGCAACCAAG_001,12
ATGAGGACTGTGCAACCAAG_002,130
ATGAGGACTGTGCAACCAAG_003,149
ATGAGGACTGTGCAACCAAG_004,149
ATGAGGACTGTGCAACCAAG_005,91
ATGAGGACTGTGCAACCAAG_006,190
ATGAGGACTGTGCAACCAAG_007,47
ATGAGGACTGTGCAACCAAG_008,166
ATGAGGACTGTGCAACCAAG_009,169
ACAGCAACCTGGGTTCCTAA_001,130
ACAGCAACCTGGGTTCCTAA_002,176
ACAGCAACCTGGGTTCCTAA_003,9
ACAGCAACCTGGGTTCCTAA_004,29
ACAGCAACCTGGGTTCCTAA_005,24
ACAGCAACCTGGGTTCCTAA_006,0
ACAGCAACCTGGGTTCCTAA_007,129
ACAGCAACCTGGGTTCCTAA_008,88
ACAGCAACCTGGGTTCCTAA_009,33
ACAGCAACCTGGGTTCCTAA_010,197
ACAGCAACCTGGGTTCCTAA_011,147
ACAGCAACCTGGGTTCCTAA_012,23
ACAGCAACCTGGGTTCCTAA_013,195
ACAGCAACCTGGGTTCCTAA_014,54
ACAGCAACCTGGGTTCCTAA_015,84
ACAGCAACCTGGGTTCCTAA_016,20
ACAGCAACCTGGGTTCCTAA_017,9
ACAGCAACCTGGGTTCCTAA_018,68
ACAGCAACCTGGGTTCCTAA_019,96
ACAGCAACCTGGGTTCCTAA_020,17
ACAGCAACCTGGGTTCCTAA_021,50
ACAGCAACCTGGGTTCCTAA_022,139
ACAGCAACCTGGGTTCCTAA_023,186
ACAGCAACCTGGGTTCCTAA_024,20
ACAGCAACCTGGGTTCCTAA_025,70
ACAGCAACCTGGGTTCCTAA_026,137
ACAGCAACCTGGGTTCCTAA_027,81
ACAGCAACCTGGGTTCCTAA_028,102
ACAGCAACCTGGGTTCCTAA_029,6
ACAGCAACCTGGGTTCCTAA_030,151
GACATCGATAGAGACATGGC_001,102
GACATCGATAGAGACATGGC_002,196
GACATCGATAGAGACATGGC_003,173
GACATCGATAGAGACATGGC_004,173
GACATCGATAGAGACATGGC_005,43
GACATCGATAGAGACATGGC_006,160
GACATCGATAGAGACATGGC_007,69
GACATCGATAGAGACATGGC_008,166
GACATCGATAGAGACATGGC_009,80
GACATCGATAGAGACATGGC_010,160
GACATCGATAGAGACATGGC_011,62
GACATCGATAGAGACATGGC_012,191
GACATCGATAGAGACATGGC_013,16
GACATCGATAGAGACATGGC_014,169
GACATCGATAGAGACATGGC_015,29
GACATCGATAGAGACATGGC_016,94
GACATCGATAGAGACATGGC_017,116
GACATCGATAGAGACATGGC_018,98
GACATCGATAGAGACATGGC_019,146
GACATCGATAGAGACATGGC_020,176
GACATCGATAGAGACATGGC_021,138
GACATCGATAGAGACATGGC_022,63
GACATCGATAGAGACATGGC_023,147
GGGTCTCGGCAGGAACGGTG_001,90
GGGTCTCGGCAGGAACGGTG_002,197
GGGTCTCGGCAGGAACGGTG_003,118
GGGTCTCGGCAGGAACGGTG_004,187
GGGTCTCGGCAGGAACGGTG_005,62
GGGTCTCGGCAGGAACGGTG_006,2
GGGTCTCGGCAGGAACGGTG_007,50
GGGTCTCGGCAGGAACGGTG_008,85
GGGTCTCGGCAGGAACGGTG_009,18
TCAATGCCTACCATCAGAAA_001,44
TCAATGCCTACCATCAGAAA_002,127
TCAATGCCTACCATCAGAAA_003,142
TCAATGCCTACCATCAGAAA_004,81
TCAATGCCTACCATCAGAAA_005,53
TCAATGCCTACCATCAGAAA_006,5
TCAATGCCTACCATCAGAAA_007,112
TCAATGCCTACCATCAGAAA_008,169
TCAATGCCTACCATCAGAAA_009,72
TCAATGCCTACCATCAGAAA_010,77
TCAATGCCTACCATCAGAAA_011,148
TCAATGCCTACCATCAGAAA_012,63
TCAATGCCTACCATCAGAAA_013,11
GACCGTGACTGACTATGGCA_001,77
GACCGTGACTGACTATGGCA_002,106
GACCGTGACTGACTATGGCA_003,116
GACCGTGACTGACTATGGCA_004,6
GACCGTGACTGACTATGGCA_005,151
GACCGTGACTGACTATGGCA_006,38
GACCGTGACTGACTATGGCA_007,168
GACCGTGACTGACTATGGCA_008,27
CTCAGTGCTCGAGCTACTGG_001,172
CTCAGTGCTCGAGCTACTGG_002,11
CTCAGTGCTCGAGCTACTGG_003,6
CTCAGTGCTCGAGCTACTGG_004,123
CTCAGTGCTCGAGCTACTGG_005,41
CTCAGTGCTCGAGCTACTGG_006,127
CTCAGTGCTCGAGCTACTGG_007,10
CTCAGTGCTCGAGCTACTGG_008,67
CTCAGTGCTCGAGCTACTGG_009,40
CTCAGTGCTCGAGCTACTGG_010,116
CTGGATAAACTGGTCCTCGA_001,199
CTGGATAAACTGGTCCTCGA_002,12
CTGGATAAACTGGTCCTCGA_003,38
CTGGATAAACTGGTCCTCGA_004,27
CTGGATAAACTGGTCCTCGA_005,41
CCACAAATATGACCACTCTG_001,25
CCACAAATATGACCACTCTG_002,27
CCACAAATATGACCACTCTG_003,48
CCACAAATATGACCACTCTG_004,199
CCACAAATATGACCACTCTG_005,127
CCACAAATATGACCACTCTG_006,21
CCACAAATATGACCACTCTG_007,48
CCACAAATATGACCACTCTG_008,34
CCACAAATATGACCACTCTG_009,80
TGGTTAAGCTTGTACTCAGG_001,55
TGGTTAAGCTTGTACTCAGG_002,138
TGGTTAAGCTTGTACTCAGG_003,148
TGTCCGTAGCAGGATCAGGA_001,57
TGTCCGTAGCAGGATCAGGA_002,157
TGTCCGTAGCAGGATCAGGA_003,32
TGTCCGTAGCAGGATCAGGA_004,108
TGTCCGTAGCAGGATCAGGA_005,76
TGTCCGTAGCAGGATCAGGA_006,62
TGTCCGTAGCAGGATCAGGA_007,133
TGTCCGTAGCAGGATCAGGA_008,184
TGTCCGTAGCAGGATCAGGA_009,109
TGTCCGTAGCAGGATCAGGA_010,86
TGTCCGTAGCAGGATCAGGA_011,65
TGTCCGTAGCAGGATCAGGA_012,29
TGTCCGTAGCAGGATCAGGA_013,20
TGTCCGTAGCAGGATCAGGA_014,90
TGTCCGTAGCAGGATCAGGA_015,137
TGTCCGTAGCAGGATCAGGA_016,114
TGTCCGTAGCAGGATCAGGA_017,162
TTCGGCTGCTTCCATCAACG_001,8
TTCGGCTGCTTCCATCAACG_002,48
TTCGGCTGCTTCCATCAACG_003,137
TTCGGCTGCTTCCATCAACG_004,172
TTCGGCTGCTTCCATCAACG_005,89
TTCGGCTGCTTCCATCAACG_006,88
TTCGGCTGCTTCCATCAACG_007,104
TTCGGCTGCTTCCATCAACG_008,165
TTCGGCTGCTTCCATCAACG_009,88
TTCGGCTGCTTCCATCAACG_010,150
TTCGGCTGCTTCCATCAACG_011,77
TTCGGCTGCTTCCATCAACG_012,124
TTCGGCTGCTTCCATCAACG_013,179
TTCGGCTGCTTCCATCAACG_014,134
TTCGGCTGCTTCCATCAACG_015,197
TTCGGCTGCTTCCATCAACG_016,35
TTCGGCTGCTTCCATCAACG_017,15
TTCGGCTGCTTCCATCAACG_018,96
TTCGGCTGCTTCCATCAACG_019,78
TTCGGCTGCTTCCATCAACG_020,166
TTCGGCTGCTTCCATCAACG_021,1
TATTAACAAGCCATCGAGGG_001,162
TATTAACAAGCCATCGAGGG_002,11
TATTAACAAGCCATCGAGGG_003,148
TATTAACAAGCCATCGAGGG_004,97
TATTAACAAGCCATCGAGGG_005,29
TATTAACAAGCCATCGAGGG_006,70
TATTAACAAGCCATCGAGGG_007,29
GAGGCGCAGTTCCGAGGGTC_001,72
GAGGCGCAGTTCCGAGGGTC_002,68
GAGGCGCAGTTCCGAGGGTC_003,127
GAGGCGCAGTTCCGAGGGTC_004,60
GAGGCGCAGTTCCGAGGGTC_005,78
GAGGCGCAGTTCCGAGGGTC_006,82
GAGGCGCAGTTCCGAGGGTC_007,24
GAGGCGCAGTTCCGAGGGTC_008,197
GAGGCGCAGTTCCGAGGGTC_009,144
CAGGAATCTCCACCGAATCG_001,81
CAGGAATCTCCACCGAATCG_002,155
AGCGCATCAGCTCCACACCG_001,191
AGCGCATCAGCTCCACACCG_002,198
AGCGCATCAGCTCCACACCG_003,12
AGCGCATCAGCTCCACACCG_004,113
AGCGCATCAGCTCCACACCG_005,62
AGCGCATCAGCTCCACACCG_006,170
AGCGCATCAGCTCCACACCG_007,113
AGCGCATCAGCTCCACACCG_008,62
AGCGCATCAGCTCCACACCG_009,8
AGCGCATCAGCTCCACACCG_010,94
AGCGCATCAGCTCCACACCG_011,70
AGCGCATCAGCTCCACACCG_012,105
AGCGCATCAGCTCCACACCG_013,188
AGCGCATCAGCTCCACACCG_014,55
AGCGCATCAGCTCCACACCG_015,12
AGCGCATCAGCTCCACACCG_016,125
AGCGCATCAGCTCCACACCG_017,145
AGCGCATCAGCTCCACACCG_018,89
AGCGCATCAGCTCCACACCG_019,130
AGCGCATCAGCTCCACACCG_020,105
AGCGCATCAGCTCCACACCG_021,20
AGCGCATCAGCTCCACACCG_022,94
AGCGCATCAGCTCCACACCG_023,158
AGCGCATCAGCTCCACACCG_024,112
AGCGCATCAGCTCCACACCG_025,115
AGCGCATCAGCTCCACACCG_026,126
AGCGCATCAGCTCCACACCG_027,23
AGCGCATCAGCTCCACACCG_028,23
AGCGCATCAGCTCCACACCG_029,68
AGCGCATCAGCTCCACACCG_030,187
AGCGCATCAGCTCCACACCG_031,116
AGCGCATCAGCTCCACACCG_032,107
ATCGACATGAGCAGGCACCA_001,115
ATCGACATGAGCAGGCACCA_002,34
ATCGACATGAGCAGGCACCA_003,169
ATCGACATGAGCAGGCACCA_004,56
ATCGACATGAGCAGGCACCA_005,144
ATCGACATGAGCAGGCACCA_006,9
ATCGACATGAGCAGGCACCA_007,147
ATCGACATGAGCAGGCACCA_008,125
ATCGACATGAGCAGGCACCA_009,159
ATCGACATGAGCAGGCACCA_010,127
ATCGACATGAGCAGGCACCA_011,146
ATCGACATGAGCAGGCACCA_012,85
ATCGACATGAGCAGGCACCA_013,197
ATCGACATGAGCAGGCACCA_014,83
ATCGACATGAGCAGGCACCA_015,71
ATCGACATGAGCAGGCACCA_016,63
ATCGACATGAGCAGGCACCA_017,16
ATCGACATGAGCAGGCACCA_018,12
ATCGACATGAGCAGGCACCA_019,101
AATCCGCAGCAGGAAGCTTG_001,39
AATCCGCAGCAGGAAGCTTG_002,23
AATCCGCAGCAGGAAGCTTG_003,145
AATCCGCAGCAGGAAGCTTG_004,165
AATCCGCAGCAGGAAGCTTG_005,68
AATCCGCAGCAGGAAGCTTG_006,40
AATCCGCAGCAGGAAGCTTG_007,122
AATCCGCAGCAGGAAGCTTG_008,130
AATCCGCAGCAGGAAGCTTG_009,112
AATCCGCAGCAGGAAGCTTG_010,6
AATCCGCAGCAGGAAGCTTG_011,7
AATCCGCAGCAGGAAGCTTG_012,83
AATCCGCAGCAGGAAGCTTG_013,96
AATCCGCAGCAGGAAGCTTG_014,97
AATCCGCAGCAGGAAGCTTG_015,187
AATCCGCAGCAGGAAGCTTG_016,76
AATCCGCAGCAGGAAGCTTG_017,16
AATCCGCAGCAGGAAGCTTG_018,1
AATCCGCAGCAGGAAGCTTG_019,78
AATCCGCAGCAGGAAGCTTG_020,82
AATCCGCAGCAGGAAGCTTG_021,165
AATCCGCAGCAGGAAGCTTG_022,192
AATCCGCAGCAGGAAGCTTG_023,42
AATCCGCAGCAGGAAGCTTG_024,78
AATCCGCAGCAGGAAGCTTG_025,197
AATCCGCAGCAGGAAGCTTG_026,57
AATCCGCAGCAGGAAGCTTG_027,103
AATCCGCAGCAGGAAGCTTG_028,26
AATCCGCAGCAGGAAGCTTG_029,47
AATCCGCAGCAGGAAGCTTG_030,135
AATCCGCAGCAGGAAGCTTG_031,37
AATCCGCAGCAGGAAGCTTG_032,72
AATCCGCAGCAGGAAGCTTG_033,72
AATCCGCAGCAGGAAGCTTG_034,70
AATCCGCAGCAGGAAGCTTG_035,29
AATCCGCAGCAGGAAGCTTG_036,183
AATCCGCAGCAGGAAGCTTG_037,147
AATCCGCAGCAGGAAGCTTG_038,31
AATCCGCAGCAGGAAGCTTG_039,132
AATCCGCAGCAGGAAGCTTG_040,58
ACGCAGGAACTGATATGCAC_001,151
ACGCAGGAACTGATATGCAC_002,128
ACGCAGGAACTGATATGCAC_003,182
ACGCAGGAACTGATATGCAC_004,81
ACGCAGGAACTGATATGCAC_005,194
ACGCAGGAACTGATATGCAC_006,45
ACGCAGGAACTGATATGCAC_007,196
ACGCAGGAACTGATATGCAC_008,11
ACGCAGGAACTGATATGCAC_009,84
ACGCAGGAACTGATATGCAC_010,146
ACGCAGGAACTGATATGCAC_011,117
ACGCAGGAACTGATATGCAC_012,29
ACGCAGGAACTGATATGCAC_013,76
ACGCAGGAACTGATATGCAC_014,81
ACGCAGGAACTGATATGCAC_015,160
ACGCAGGAACTGATATGCAC_016,162
AGGTAGTTGACCAAGCTCAA_001,102
AGGTAGTTGACCAAGCTCAA_002,138
AGGTAGTTGACCAAGCTCAA_003,63
AGGTAGTTGACCAAGCTCAA_004,105
AGGTAGTTGACCAAGCTCAA_005,190
AGGTAGTTGACCAAGCTCAA_006,185
AGGTAGTTGACCAAGCTCAA_007,70
AGGTAGTTGACCAAGCTCAA_008,157
AGGTAGTTGACCAAGCTCAA_009,78
AGGTAGTTGACCAAGCTCAA_010,184
AGGTAGTTGACCAAGCTCAA_011,50
AGGTAGTTGACCAAGCTCAA_012,130
AGGTAGTTGACCAAGCTCAA_013,152
AGGTAGTTGACCAAGCTCAA_014,165
AGGTAGTTGACCAAGCTCAA_015,46
CCACAAAGAGGAAATACATG_001,127
CCACAAAGAGGAAATACATG_002,168
CCACAAAGAGGAAATACATG_003,161
CCACAAAGAGGAAATACATG_004,7
CCACAAAGAGGAAATACATG_005,132
CCACAAAGAGGAAATACATG_006,169
CCACAAAGAGGAAATACATG_007,69
CCACAAAGAGGAAATACATG_008,1
CCACAAAGAGGAAATACATG_009,177
CCACAAAGAGGAAATACATG_010,124
CCTCTGACACCGGAGTTCGT_001,8
CCTCTGACACCGGAGTTCGT_002,119
CCTCTGACACCGGAGTTCGT_003,21
CCTCTGACACCGGAGTTCGT_004,176
CCTCTGACACCGGAGTTCGT_005,41
CCTCTGACACCGGAGTTCGT_006,23
CCTCTGACACCGGAGTTCGT_007,141
CCTCTGACACCGGAGTTCGT_008,47
AAATAAATGGTTAAGTTATG_001,12
AAATAAATGGTTAAGTTATG_002,170
AAATAAATGGTTAAGTTATG_003,129
AAATAAATGGTTAAGTTATG_004,117
GAAGCGTCCCTGGGATCGAG_001,70
GAAGCGTCCCTGGGATCGAG_002,87
GAAGCGTCCCTGGGATCGAG_003,60
GAAGCGTCCCTGGGATCGAG_004,23
GAAGCGTCCCTGGGATCGAG_005,35
GAAGCGTCCCTGGGATCGAG_006,116
GAAGCGTCCCTGGGATCGAG_007,103
GAAGCGTCCCTGGGATCGAG_008,177
GAAGCGTCCCTGGGATCGAG_009,48
GAAGCGTCCCTGGGATCGAG_010,58
GAAGCGTCCCTGGGATCGAG_011,134
GAAGCGTCCCTGGGATCGAG_012,137
GATGAGTGTAAGGTGTGCAA_001,150
GATGAGTGTAAGGTGTGCAA_002,0
GATGAGTGTAAGGTGTGCAA_003,83
TCGTGGCAAACAAGGAGGCA_001,165
TCGTGGCAAACAAGGAGGCA_002,28
TCGTGGCAAACAAGGAGGCA_003,160
TCGTGGCAAACAAGGAGGCA_004,182
TCGTGGCAAACAAGGAGGCA_005,6
TCGTGGCAAACAAGGAGGCA_006,47
TCGTGGCAAACAAGGAGGCA_007,158
TCGTGGCAAACAAGGAGGCA_008,130
TCTAGACAGATAGCAATTTG_001,69
GAAATCTGTTCTATACGCTG_001,160
GAAATCTGTTCTATACGCTG_002,134
GAAATCTGTTCTATACGCTG_003,153
CAATGGGCCTCCACTAGGGG_001,25
CAATGGGCCTCCACTAGGGG_002,60
CAATGGGCCTCCACTAGGGG_003,54
CAATGGGCCTCCACTAGGGG_004,29
CAATGGGCCTCCACTAGGGG_005,48
CAATGGGCCTCCACTAGGGG_006,170
CAATGGGCCTCCACTAGGGG_007,2
CAATGGGCCTCCACTAGGGG_008,19
CAATGGGCCTCCACTAGGGG_009,70
CAATGGGCCTCCACTAGGGG_010,141
CAATGGGCCTCCACTAGGGG_011,58
CAATGGGCCTCCACTAGGGG_012,50
GCCGTGTGGGTCATCAACAT_001,15
GCCGTGTGGGTCATCAACAT_002,172
GCCGTGTGGGTCATCAACAT_003,181
GCCGTGTGGGTCATCAACAT_004,24
GCCGTGTGGGTCATCAACAT_005,53
GCCGTGTGGGTCATCAACAT_006,150
GCCGTGTGGGTCATCAACAT_007,78
GCCGTGTGGGTCATCAACAT_008,178
GCCGTGTGGGTCATCAACAT_009,147
GCCGTGTGGGTCATCAACAT_010,35
GCCGTGTGGGTCATCAACAT_011,137
GCCGTGTGGGTCATCAACAT_012,63
GCCGTGTGGGTCATCAACAT_013,141
AATCGACTCGAACTTCGTGT_001,41
AATCGACTCGAACTTCGTGT_002,107
AATCGACTCGAACTTCGTGT_003,162
AATCGACTCGAACTTCGTGT_004,102
AATCGACTCGAACTTCGTGT_005,20
AATCGACTCGAACTTCGTGT_006,69
AATCGACTCGAACTTCGTGT_007,95
AATCGACTCGAACTTCGTGT_008,114
AATCGACTCGAACTTCGTGT_009,162
AATCGACTCGAACTTCGTGT_010,75
AATCGACTCGAACTTCGTGT_011,170
AATCGACTCGAACTTCGTGT_012,76
AATCGACTCGAACTTCGTGT_013,179
AATCGACTCGAACTTCGTGT_014,146
AATCGACTCGAACTTCGTGT_015,89
AATCGACTCGAACTTCGTGT_016,63
AATCGACTCGAACTTCGTGT_017,63
TAGTTAATGTATATACCAGA_001,28
TAGTTAATGTATATACCAGA_002,131
TAGTTAATGTATATACCAGA_003,63
TAGTTAATGTATATACCAGA_004,88
TAGTTAATGTATATACCAGA_005,116
AGAGAAAAGATAAGCTCACA_001,47
AGAGAAAAGATAAGCTCACA_002,130
AGAGAAAAGATAAGCTCACA_003,94
AGAGAAAAGATAAGCTCACA_004,173
AGAGAAAAGATAAGCTCACA_005,9
AGAGAAAAGATAAGCTCACA_006,105
AGAGAAAAGATAAGCTCACA_007,72
AGAGAAAAGATAAGCTCACA_008,68
AGAGAAAAGATAAGCTCACA_009,31
AGAGAAAAGATAAGCTCACA_010,21
AGAGAAAAGATAAGCTCACA_011,58
AGAGAAAAGATAAGCTCACA_012,190
AGAGAAAAGATAAGCTCACA_013,68
AGAGAAAAGATAAGCTCACA_014,10
TCCCCTACTCCGAGCCACTG_001,182
TCCCCTACTCCGAGCCACTG_002,36
TCCCCTACTCCGAGCCACTG_003,17
TCCCCTACTCCGAGCCACTG_004,15
TCCCCTACTCCGAGCCACTG_005,193
TCCCCTACTCCGAGCCACTG_006,72
TCCCCTACTCCGAGCCACTG_007,29
TCCCCTACTCCGAGCCACTG_008,21
TCCCCTACTCCGAGCCACTG_009,32
TCCCCTACTCCGAGCCACTG_010,175
TCCCCTACTCCGAGCCACTG_011,138
TCCCCTACTCCGAGCCACTG_012,188
TCCCCTACTCCGAGCCACTG_013,121
AGGACTATCCGGACAAAGCG_001,190
AGGACTATCCGGACAAAGCG_002,163
AGGACTATCCGGACAAAGCG_003,156
AGGACTATCCGGACAAAGCG_004,117
AGGACTATCCGGACAAAGCG_005,68
AGGACTATCCGGACAAAGCG_006,50
AGGACTATCCGGACAAAGCG_007,198
AGGACTATCCGGACAAAGCG_008,168
AGGACTATCCGGACAAAGCG_009,38
AGGACTATCCGGACAAAGCG_010,65
AGGACTATCCGGACAAAGCG_011,17
AGGACTATCCGGACAAAGCG_012,88
AGGACTATCCGGACAAAGCG_013,19
AGGACTATCCGGACAAAGCG_014,29
AGGACTATCCGGACAAAGCG_015,116
AGGACTATCCGGACAAAGCG_016,124
AGGACTATCCGGACAAAGCG_017,50
AACACTGGAGCTGACTCCCT_001,192
AACACTGGAGCTGACTCCCT_002,44
AACACTGGAGCTGACTCCCT_003,19
AACACTGGAGCTGACTCCCT_004,78
AACACTGGAGCTGACTCCCT_005,150
AACACTGGAGCTGACTCCCT_006,97
AACACTGGAGCTGACTCCCT_007,171
AACACTGGAGCTGACTCCCT_008,104
AACACTGGAGCTGACTCCCT_009,95
AACACTGGAGCTGACTCCCT_010,184
AACACTGGAGCTGACTCCCT_011,107
AACACTGGAGCTGACTCCCT_012,15
AACACTGGAGCTGACTCCCT_013,31
AACACTGGAGCTGACTCCCT_014,83
AACACTGGAGCTGACTCCCT_015,45
AACACTGGAGCTGACTCCCT_016,101
AACACTGGAGCTGACTCCCT_017,19
AACACTGGAGCTGACTCCCT_018,166
AACACTGGAGCTGACTCCCT_019,107
AACACTGGAGCTGACTCCCT_020,114
AACACTGGAGCTGACTCCCT_021,159
AACACTGGAGCTGACTCCCT_022,56
AACACTGGAGCTGACTCCCT_023,88
AACACTGGAGCTGACTCCCT_024,58
AACACTGGAGCTGACTCCCT_025,117
AACACTGGAGCTGACTCCCT_026,17
AACACTGGAGCTGACTCCCT_027,152
AACACTGGAGCTGACTCCCT_028,141
AACACTGGAGCTGACTCCCT_029,121
AACACTGGAGCTGACTCCCT_030,30
ACCGAAACGTAACTCGACAG_001,56
ACCGAAACGTAACTCGACAG_002,127
ACCGAAACGTAACTCGACAG_003,102
ACCGAAACGTAACTCGACAG_004,105
ACCGAAACGTAACTCGACAG_005,159
ACCGAAACGTAACTCGACAG_006,175
ACCGAAACGTAACTCGACAG_007,17
ACCGAAACGTAACTCGACAG_008,96
CATGGGGAAGGGTATCGGGA_001,137
CATGGGGAAGGGTATCGGGA_002,196
CATGGGGAAGGGTATCGGGA_003,27
CATGGGGAAGGGTATCGGGA_004,120
CATGGGGAAGGGTATCGGGA_005,174
CATGGGGAAGGGTATCGGGA_006,170
CATGGGGAAGGGTATCGGGA_007,195
CATGGGGAAGGGTATCGGGA_008,40
GAACCGCATAATCCCAGCAA_001,175
GAACCGCATAATCCCAGCAA_002,14
GAACCGCATAATCCCAGCAA_003,98
TGAGGCGCTGAGGTAAAAGA_001,98
TGAGGCGCTGAGGTAAAAGA_002,76
TGAGGCGCTGAGGTAAAAGA_003,180
TGAGGCGCTGAGGTAAAAGA_004,26
TGAGGCGCTGAGGTAAAAGA_005,96
ATACATCGGAATCGGATGGA_001,132
ATACATCGGAATCGGATGGA_002,20
ATACATCGGAATCGGATGGA_003,162
ATACATCGGAATCGGATGGA_004,127
ATACATCGGAATCGGATGGA_005,127
ATACATCGGAATCGGATGGA_006,192
ATACATCGGAATCGGATGGA_007,133
ATACATCGGAATCGGATGGA_008,147
ATACATCGGAATCGGATGGA_009,192
ATACATCGGAATCGGATGGA_010,48
ATACATCGGAATCGGATGGA_011,106
ATACATCGGAATCGGATGGA_012,66
ATACATCGGAATCGGATGGA_013,103
ACAATCCAGGAAACTTAGTA_001,101
ACAATCCAGGAAACTTAGTA_002,67
ACAATCCAGGAAACTTAGTA_003,170
ACAATCCAGGAAACTTAGTA_004,122
ACAATCCAGGAAACTTAGTA_005,166
ACAATCCAGGAAACTTAGTA_006,23
AGTGAACAACAGCCACTGAT_001,27
AGTGAACAACAGCCACTGAT_002,55
AGTGAACAACAGCCACTGAT_003,194
AGTGAACAACAGCCACTGAT_004,21
AGTGAACAACAGCCACTGAT_005,163
AGTGAACAACAGCCACTGAT_006,141
AGTGAACAACAGCCACTGAT_007,20
AGTGAACAACAGCCACTGAT_008,166
AGTGAACAACAGCCACTGAT_009,166
AGTGAACAACAGCCACTGAT_010,16
AGTGAACAACAGCCACTGAT_011,52
AGTGAACAACAGCCACTGAT_012,173
AGTGAACAACAGCCACTGAT_013,174
AGTGAACAACAGCCACTGAT_014,148
AGTGAACAACAGCCACTGAT_015,115
AGTGAACAACAGCCACTGAT_016,192
AGTGAACAACAGCCACTGAT_017,176
AGTGAACAACAGCCACTGAT_018,36
AGTGAACAACAGCCACTGAT_019,129
AGTGAACAACAGCCACTGAT_020,58
AGTGAACAACAGCCACTGAT_021,28
AGTGAACAACAGCCACTGAT_022,106
AGTGAACAACAGCCACTGAT_023,69
AGTGAACAACAGCCACTGAT_024,92
AGTGAACAACAGCCACTGAT_025,23
AGTGAACAACAGCCACTGAT_026,82
AGTGAACAACAGCCACTGAT_027,49
AGTGAACAACAGCCACTGAT_028,187
AGTGAACAACAGCCACTGAT_029,119
AGTGAACAACAGCCACTGAT_030,142
AGTGAACAACAGCCACTGAT_031,34
AGTGAACAACAGCCACTGAT_032,15
AGTGAACAACAGCCACTGAT_033,105
AGTGAACAACAGCCACTGAT_034,1
CACCTGCATTGGGATAACAG_001,36
CACCTGCATTGGGATAACAG_002,171
CACCTGCATTGGGATAACAG_003,98
CACCTGCATTGGGATAACAG_004,162
CACCTGCATTGGGATAACAG_005,56
CACCTGCATTGGGATAACAG_006,67
CACCTGCATTGGGATAACAG_007,40
CACCTGCATTGGGATAACAG_008,2
CAGTCCATGCAAGATCCGCG_001,114
CAGTCCATGCAAGATCCGCG_002,28
CAGTCCATGCAAGATCCGCG_003,41
CAGTCCATGCAAGATCCGCG_004,54
CAGTCCATGCAAGATCCGCG_005,194
CAGTCCATGCAAGATCCGCG_006,132
CAGTCCATGCAAGATCCGCG_007,112
CAGTCCATGCAAGATCCGCG_008,121
CAGTCCATGCAAGATCCGCG_009,181
CAGTCCATGCAAGATCCGCG_010,80
CAGTCCATGCAAGATCCGCG_011,5
CAGTCCATGCAAGATCCGCG_012,88
CAGTCCATGCAAGATCCGCG_013,48
CAGTCCATGCAAGATCCGCG_014,149
CAGTCCATGCAAGATCCGCG_015,111
CAGTCCATGCAAGATCCGCG_016,104
CAGTCCATGCAAGATCCGCG_017,26
CAGTCCATGCAAGATCCGCG_018,26
CAGTCCATGCAAGATCCGCG_019,55
CAGTCCATGCAAGATCCGCG_020,6
CAGTCCATGCAAGATCCGCG_021,37
CAGTCCATGCAAGATCCGCG_022,182
CAGTCCATGCAAGATCCGCG_023,117
CAGTCCATGCAAGATCCGCG_024,6
CACCTACGCAGTTATCACAA_001,149
CACCTACGCAGTTATCACAA_002,66
CACCTACGCAGTTATCACAA_003,198
CACCTACGCAGTTATCACAA_004,198
CACCTACGCAGTTATCACAA_005,3
CACCTACGCAGTTATCACAA_006,128
CACCTACGCAGTTATCACAA_007,36
CACCTACGCAGTTATCACAA_008,116
CACCTACGCAGTTATCACAA_009,130
CACCTACGCAGTTATCACAA_010,161
CAGAGGTCATCGGCACCCTG_001,122
CAGAGGTCATCGGCACCCTG_002,141
CAGAGGTCATCGGCACCCTG_003,16
CAGAGGTCATCGGCACCCTG_004,70
CAGAGGTCATCGGCACCCTG_005,168
CAGAGGTCATCGGCACCCTG_006,145
CAGAGGTCATCGGCACCCTG_007,78
CAGAGGTCATCGGCACCCTG_008,116
CAGAGGTCATCGGCACCCTG_009,150
CAGAGGTCATCGGCACCCTG_010,104
CAGAGGTCATCGGCACCCTG_011,48
CAGAGGTCATCGGCACCCTG_012,58
CAGAGGTCATCGGCACCCTG_013,148
CAGAGGTCATCGGCACCCTG_014,50
CAGAGGTCATCGGCACCCTG_015,10
CAGAGGTCATCGGCACCCTG_016,77
CAGAGGTCATCGGCACCCTG_017,166
CAGAGGTCATCGGCACCCTG_018,142
CAGAGGTCATCGGCACCCTG_019,198
CAGAGGTCATCGGCACCCTG_020,63
CAGAGGTCATCGGCACCCTG_021,129
CAGAGGTCATCGGCACCCTG_022,145
CAGAGGTCATCGGCACCCTG_023,30
CAGAGGTCATCGGCACCCTG_024,129
CAGAGGTCATCGGCACCCTG_025,184
CAGAGGTCATCGGCACCCTG_026,15
CAGAGGTCATCGGCACCCTG_027,98
CAGAGGTCATCGGCACCCTG_028,159
CAGAGGTCATCGGCACCCTG_029,161
CAGAGGTCATCGGCACCCTG_030,147
CAGAGGTCATCGGCACCCTG_031,28
CAGAGGTCATCGGCACCCTG_032,130
CAGAGGTCATCGGCACCCTG_033,178
CAGAGGTCATCGGCACCCTG_034,63
CAGAGGTCATCGGCACCCTG_035,27
CAGAGGTCATCGGCACCCTG_036,83
AATTCATCGATAACCCCAAG_001,52
AATAAACTTTGGTCAGGTCA_001,88
AATAAACTTTGGTCAGGTCA_002,67
GACTCTCTTATGTCGCTGCG_001,147
GACTCTCTTATGTCGCTGCG_002,175
GACTCTCTTATGTCGCTGCG_003,184
GACTCTCTTATGTCGCTGCG_004,18
GACTCTCTTATGTCGCTGCG_005,9
GACTCTCTTATGTCGCTGCG_006,35
GACTCTCTTATGTCGCTGCG_007,88
GACTCTCTTATGTCGCTGCG_008,130
GACTCTCTTATGTCGCTGCG_009,20
TGTCACCAATAAGCTGACTG_001,83
TGTCACCAATAAGCTGACTG_002,103
TGTCACCAATAAGCTGACTG_003,52
TGTCACCAATAAGCTGACTG_004,58
TGTCACCAATAAGCTGACTG_005,169
TGTCACCAATAAGCTGACTG_006,19
TGTCACCAATAAGCTGACTG_007,107
TGTCACCAATAAGCTGACTG_008,62
AAGAATTTGGAAATCCAGAT_001,65
AAGAATTTGGAAATCCAGAT_002,57
AAGAATTTGGAAATCCAGAT_003,49
AAGAATTTGGAAATCCAGAT_004,186
AAGAATTTGGAAATCCAGAT_005,16
AAGAATTTGGAAATCCAGAT_006,127
AAGAATTTGGAAATCCAGAT_007,160
GTGGAGTATTCCACGTCCCG_001,48
GAGCTGAGTAAAGCCACGGA_001,198
GAGCTGAGTAAAGCCACGGA_002,74
GAGCTGAGTAAAGCCACGGA_003,169
TGAAGAAGAAAGCTTCACCC_001,105
TGAAGAAGAAAGCTTCACCC_002,147
TGAAGAAGAAAGCTTCACCC_003,63
TGAAGAAGAAAGCTTCACCC_004,40
TGAAGAAGAAAGCTTCACCC_005,50
TCCAGCTACATCTCGCACCT_001,137
TCCAGCTACATCTCGCACCT_002,107
TCCAGCTACATCTCGCACCT_003,41
TCCAGCTACATCTCGCACCT_004,150
TCCAGCTACATCTCGCACCT_005,118
TCCAGCTACATCTCGCACCT_006,115
TCCAGCTACATCTCGCACCT_007,174
TCCAGCTACATCTCGCACCT_008,44
CTCAAAGAGAGTCGGCATCG_001,147
CTCAAAGAGAGTCGGCATCG_002,141
CTCAAAGAGAGTCGGCATCG_003,57
CTCAAAGAGAGTCGGCATCG_004,84
CTCAAAGAGAGTCGGCATCG_005,144
CTCAAAGAGAGTCGGCATCG_006,170
AGAATGTCTAGTCTCTGTAG_001,2
AGCAGACAAGATGCACGACA_001,174
GCAGATCCGGGCGCGCTACG_001,54
GCAGATCCGGGCGCGCTACG_002,38
GCAGATCCGGGCGCGCTACG_003,172
GCAGATCCGGGCGCGCTACG_004,56
GCAGATCCGGGCGCGCTACG_005,132
GCAGATCCGGGCGCGCTACG_006,163
GCAGATCCGGGCGCGCTACG_007,162
GCAGATCCGGGCGCGCTACG_008,76
GCAGATCCGGGCGCGCTACG_009,83
GCCATGGTGCCAGAAAGAAG_001,69
GCCATGGTGCCAGAAAGAAG_002,121
GCCATGGTGCCAGAAAGAAG_003,127
GCCATGGTGCCAGAAAGAAG_004,81
GCCATGGTGCCAGAAAGAAG_005,35
GGACGCGGGTCCACTCCCGT_001,166
GGACGCGGGTCCACTCCCGT_002,11
GGACGCGGGTCCACTCCCGT_003,29
GGACGCGGGTCCACTCCCGT_004,77
GGACGCGGGTCCACTCCCGT_005,81
GGACGCGGGTCCACTCCCGT_006,191
GGACGCGGGTCCACTCCCGT_007,47
GGACGCGGGTCCACTCCCGT_008,54
GGACGCGGGTCCACTCCCGT_009,170
GGACGCGGGTCCACTCCCGT_010,38
GGACGCGGGTCCACTCCCGT_011,121
GGACGCGGGTCCACTCCCGT_012,82
GGACGCGGGTCCACTCCCGT_013,84
GGACGCGGGTCCACTCCCGT_014,192
GGACGCGGGTCCACTCCCGT_015,145
GGACGCGGGTCCACTCCCGT_016,192
GGACGCGGGTCCACTCCCGT_017,70
GGACGCGGGTCCACTCCCGT_018,105
GGACGCGGGTCCACTCCCGT_019,188
GGACGCGGGTCCACTCCCGT_020,68
GGACGCGGGTCCACTCCCGT_021,166
GGACGCGGGTCCACTCCCGT_022,40
GGACGCGGGTCCACTCCCGT_023,74
GGACGCGGGTCCACTCCCGT_024,158
GGACGCGGGTCCACTCCCGT_025,119
GGACGCGGGTCCACTCCCGT_026,91
GGACGCGGGTCCACTCCCGT_027,174
GGACGCGGGTCCACTCCCGT_028,68
GGACGCGGGTCCACTCCCGT_029,62
GGACGCGGGTCCACTCCCGT_030,12
GGACGCGGGTCCACTCCCGT_031,148
GGACGCGGGTCCACTCCCGT_032,161
CGGGCACCGTGTGCCATGTG_001,177
CGGGCACCGTGTGCCATGTG_002,113
CGGGCACCGTGTGCCATGTG_003,160
CGGGCACCGTGTGCCATGTG_004,17
CTTCTCACGTGTGTATGATG_001,53
CTTCTCACGTGTGTATGATG_002,60
CTTCTCACGTGTGTATGATG_003,41
TATTGTGAGGACCTTTAACG_001,0
TATTGTGAGGACCTTTAACG_002,115
TATTGTGAGGACCTTTAACG_003,159
TATTGTGAGGACCTTTAACG_004,125
CTGCACCAGTCGGTCATCGA_001,11
CTGCACCAGTCGGTCATCGA_002,168
CTGCACCAGTCGGTCATCGA_003,127
CTGCACCAGTCGGTCATCGA_004,63
CTGCACCAGTCGGTCATCGA_005,9
CTGCACCAGTCGGTCATCGA_006,62
CTGCACCAGTCGGTCATCGA_007,42
CTGCACCAGTCGGTCATCGA_008,20
CTGCACCAGTCGGTCATCGA_009,77
CTGCACCAGTCGGTCATCGA_010,78
CTGCACCAGTCGGTCATCGA_011,6
CTGCACCAGTCGGTCATCGA_012,66
CTGCACCAGTCGGTCATCGA_013,48
CTGCACCAGTCGGTCATCGA_014,8
CTGCACCAGTCGGTCATCGA_015,107
CTGCACCAGTCGGTCATCGA_016,130
CTGCACCAGTCGGTCATCGA_017,188
AAAGGATTCAGTGACCACAA_001,160
AAAGGATTCAGTGACCACAA_002,183
AAAGGATTCAGTGACCACAA_003,13
AAAGGATTCAGTGACCACAA_004,97
AAAGGATTCAGTGACCACAA_005,138
AAAGGATTCAGTGACCACAA_006,41
AAAGGATTCAGTGACCACAA_007,13
AAAGGATTCAGTGACCACAA_008,148
AAAGGATTCAGTGACCACAA_009,120
AAAGGATTCAGTGACCACAA_010,88
TGATGAAGTGAAACAAAGTG_001,43
TGATGAAGTGAAACAAAGTG_002,32
TGATGAAGTGAAACAAAGTG_003,78
TGATGAAGTGAAACAAAGTG_004,121
TGATGAAGTGAAACAAAGTG_005,11
TGATGAAGTGAAACAAAGTG_006,185
TGATGAAGTGAAACAAAGTG_007,110
TGATGAAGTGAAACAAAGTG_008,137
TGATGAAGTGAAACAAAGTG_009,188
TGATGAAGTGAAACAAAGTG_010,53
TGATGAAGTGAAACAAAGTG_011,29
TGATGAAGTGAAACAAAGTG_012,31
TGATGAAGTGAAACAAAGTG_013,25
TGATGAAGTGAAACAAAGTG_014,21
TCCATCCGATTCAAGTCACG_001,105
TCCATCCGATTCAAGTCACG_002,147
TCCATCCGATTCAAGTCACG_003,159
TCCATCCGATTCAAGTCACG_004,78
TCCATCCGATTCAAGTCACG_005,165
TCCATCCGATTCAAGTCACG_006,28
CCAGCTTGAACCAGGAGCAA_001,184
CCAGCTTGAACCAGGAGCAA_002,157
CCAGCTTGAACCAGGAGCAA_003,118
CCAGCTTGAACCAGGAGCAA_004,78
CCAGCTTGAACCAGGAGCAA_005,166
CCAGCTTGAACCAGGAGCAA_006,184
CCAGCTTGAACCAGGAGCAA_007,72
CCAGCTTGAACCAGGAGCAA_008,47
CCAGCTTGAACCAGGAGCAA_009,47
CCAGCTTGAACCAGGAGCAA_010,47
CCAGCTTGAACCAGGAGCAA_011,24
CCAGCTTGAACCAGGAGCAA_012,115
CCAGCTTGAACCAGGAGCAA_013,8
CCAGCTTGAACCAGGAGCAA_014,166
CCAGCTTGAACCAGGAGCAA_015,145
CCAGCTTGAACCAGGAGCAA_016,106
CCAGCTTGAACCAGGAGCAA_017,39
CCAGCTTGAACCAGGAGCAA_018,20
CCAGCTTGAACCAGGAGCAA_019,43
CCAGCTTGAACCAGGAGCAA_020,127
CCAGCTTGAACCAGGAGCAA_021,6
CCAGCTTGAACCAGGAGCAA_022,36
CCAGCTTGAACCAGGAGCAA_023,88
CCAGCTTGAACCAGGAGCAA_024,98
CCAGCTTGAACCAGGAGCAA_025,172
CCAGCTTGAACCAGGAGCAA_026,112
CCAGCTTGAACCAGGAGCAA_027,42
CCAGCTTGAACCAGGAGCAA_028,192
CCAGCTTGAACCAGGAGCAA_029,152
CCAGCTTGAACCAGGAGCAA_030,90
CCAGCTTGAACCAGGAGCAA_031,68
AAAAAAGCCCTCACCAACTG_001,73
AAAAAAGCCCTCACCAACTG_002,129
AAAAAAGCCCTCACCAACTG_003,145
AAAAAAGCCCTCACCAACTG_004,2
AAAAAAGCCCTCACCAACTG_005,176
AAAAAAGCCCTCACCAACTG_006,85
AAAAAAGCCCTCACCAACTG_007,41
AAAAAAGCCCTCACCAACTG_008,95
TGCTCCTAAGATCCCAGAAG_001,147
TGCTCCTAAGATCCCAGAAG_002,54
TGCTCCTAAGATCCCAGAAG_003,172
TGCTCCTAAGATCCCAGAAG_004,54
TGCTCCTAAGATCCCAGAAG_005,103
TGCTCCTAAGATCCCAGAAG_006,22
TGCTCCTAAGATCCCAGAAG_007,144
GGGCCTGAAGTACATGCACT_001,47
GGGCCTGAAGTACATGCACT_002,119
TGGCGACACAAGTCTCAACC_001,99
TGGCGACACAAGTCTCAACC_002,162
TGGCGACACAAGTCTCAACC_003,11
AAGTGCAGGTTCCCGACGAG_001,46
AAGTGCAGGTTCCCGACGAG_002,102
AAGTGCAGGTTCCCGACGAG_003,19
AAGTGCAGGTTCCCGACGAG_004,19
AAGTGCAGGTTCCCGACGAG_005,175
AAGTGCAGGTTCCCGACGAG_006,166
AAGTGCAGGTTCCCGACGAG_007,96
AAGTGCAGGTTCCCGACGAG_008,106
AAGTGCAGGTTCCCGACGAG_009,177
AAGTGCAGGTTCCCGACGAG_010,26
AAGTGCAGGTTCCCGACGAG_011,166
AAGTGCAGGTTCCCGACGAG_012,155
AAGTGCAGGTTCCCGACGAG_013,194
AAGTGCAGGTTCCCGACGAG_014,127
AAGTGCAGGTTCCCGACGAG_015,18
AAGTGCAGGTTCCCGACGAG_016,147
AAGTGCAGGTTCCCGACGAG_017,77
AAGTGCAGGTTCCCGACGAG_018,108
AAGTGCAGGTTCCCGACGAG_019,94
AAGTGCAGGTTCCCGACGAG_020,80
AAGTGCAGGTTCCCGACGAG_021,150
CCGGTCATACACCCTCCGGT_001,27
CCGGTCATACACCCTCCGGT_002,16
CCGGTCATACACCCTCCGGT_003,93
CCGGTCATACACCCTCCGGT_004,30
CCGGTCATACACCCTCCGGT_005,67
CCGGTCATACACCCTCCGGT_006,98
CCGGTCATACACCCTCCGGT_007,159
CCGGTCATACACCCTCCGGT_008,171
CCGGTCATACACCCTCCGGT_009,89
CCGGTCATACACCCTCCGGT_010,39
AGATCTATCATGACGGCCCG_001,29
AGATCTATCATGACGGCCCG_002,8
AGATCTATCATGACGGCCCG_003,113
CCTGAAAGACTATGACCCAA_001,133
CCTGAAAGACTATGACCCAA_002,88
CCTGAAAGACTATGACCCAA_003,8
CCTGAAAGACTATGACCCAA_004,108
CCTGAAAGACTATGACCCAA_005,198
CCTGAAAGACTATGACCCAA_006,199
CCTGAAAGACTATGACCCAA_007,162
CCTGAAAGACTATGACCCAA_008,50
CCTGAAAGACTATGACCCAA_009,66
CCTGAAAGACTATGACCCAA_010,98
CCTGAAAGACTATGACCCAA_011,10
CGTGCCCGGCTATATCGACA_001,108
CGTGCCCGGCTATATCGACA_002,66
CGTGCCCGGCTATATCGACA_003,17
CGTGCCCGGCTATATCGACA_004,66
CGTGCCCGGCTATATCGACA_005,179
CGGCGTGCAACACCTCCACG_001,50
CGGCGTGCAACACCTCCACG_002,108
CGGCGTGCAACACCTCCACG_003,162
CGGCGTGCAACACCTCCACG_004,191
CGGCGTGCAACACCTCCACG_005,52
CGGCGTGCAACACCTCCACG_006,77
CGGCGTGCAACACCTCCACG_007,1
CGGCGTGCAACACCTCCACG_008,151
CGGCGTGCAACACCTCCACG_009,86
CGGCGTGCAACACCTCCACG_010,82
CGGCGTGCAACACCTCCACG_011,102
CGGCGTGCAACACCTCCACG_012,106
CGGCGTGCAACACCTCCACG_013,15
CGGCGTGCAACACCTCCACG_014,165
CGGCGTGCAACACCTCCACG_015,64
CGGCGTGCAACACCTCCACG_016,104
CGGCGTGCAACACCTCCACG_017,116
CTGTGCACATGCATGAGAGA_001,91
CTGTGCACATGCATGAGAGA_002,47
CTGTGCACATGCATGAGAGA_003,183
CTTCAGCCATCCGTAGCACG_001,96
CTTCAGCCATCCGTAGCACG_002,51
GGAGGCCTGATTCAGCTCAA_001,172
GGAGGCCTGATTCAGCTCAA_002,31
GGAGGCCTGATTCAGCTCAA_003,31
GGAGGCCTGATTCAGCTCAA_004,174
GGAGGCCTGATTCAGCTCAA_005,33
GGAGGCCTGATTCAGCTCAA_006,60
GGAGGCCTGATTCAGCTCAA_007,102
GGAGGCCTGATTCAGCTCAA_008,166
GGAGGCCTGATTCAGCTCAA_009,160
GGAGGCCTGATTCAGCTCAA_010,41
GGAGGCCTGATTCAGCTCAA_011,14
GGAGGCCTGATTCAGCTCAA_012,100
GGGGGCGTGACAGATAAGAG_001,147
GGGGGCGTGACAGATAAGAG_002,86
GGGGGCGTGACAGATAAGAG_003,157
GGGGGCGTGACAGATAAGAG_004,29
GGGGGCGTGACAGATAAGAG_005,61
GGGGGCGTGACAGATAAGAG_006,151
GGGGGCGTGACAGATAAGAG_007,67
GGGGGCGTGACAGATAAGAG_008,81
GGTGCTGGACAATCTGACCA_001,177
GGTGCTGGACAATCTGACCA_002,12
GGTGCTGGACAATCTGACCA_003,98
GGTGCTGGACAATCTGACCA_004,40
GGTGCTGGACAATCTGACCA_005,52
GGTGCTGGACAATCTGACCA_006,34
GGTGCTGGACAATCTGACCA_007,130
GGTGCTGGACAATCTGACCA_008,157
GGTGCTGGACAATCTGACCA_009,169
GGTGCTGGACAATCTGACCA_010,49
GGTGCTGGACAATCTGACCA_011,6
GGTGCTGGACAATCTGACCA_012,126
CAAAGAGCCAAAAACACGGA_001,171
CAAAGAGCCAAAAACACGGA_002,9
CAAAGAGCCAAAAACACGGA_003,51
CAAAGAGCCAAAAACACGGA_004,8
CAAAGAGCCAAAAACACGGA_005,158
CAAAGAGCCAAAAACACGGA_006,146
CAAAGAGCCAAAAACACGGA_007,78
CAAAGAGCCAAAAACACGGA_008,19
CAAAGAGCCAAAAACACGGA_009,64
TAGCGATCTCCTAGATAACG_001,85
TAGCGATCTCCTAGATAACG_002,103
TAGCGATCTCCTAGATAACG_003,180
TGATGGCGAGGCTGGAATCG_001,48
TGATGGCGAGGCTGGAATCG_002,102
TGATGGCGAGGCTGGAATCG_003,176
TGATGGCGAGGCTGGAATCG_004,142
TGATGGCGAGGCTGGAATCG_005,10
TGATGTGAAATCCAACCGAT_001,103
TGATGTGAAATCCAACCGAT_002,80
TGATGTGAAATCCAACCGAT_003,52
TGATGTGAAATCCAACCGAT_004,130
TGATGTGAAATCCAACCGAT_005,107
TGATGTGAAATCCAACCGAT_006,104
GAACCCCAATTATAACGGAG_001,44
GAACCCCAATTATAACGGAG_002,114
AATACTTCACCCACTCCAAG_001,150
AATACTTCACCCACTCCAAG_002,81
AATACTTCACCCACTCCAAG_003,110
AATACTTCACCCACTCCAAG_004,151
AATACTTCACCCACTCCAAG_005,183
AATCCAGGAGATTGTTGATA_001,6
AATCCAGGAGATTGTTGATA_002,145
AATCCAGGAGATTGTTGATA_003,86
CGCCATGATATCGGGCGCCG_001,192
CGCCATGATATCGGGCGCCG_002,198
CGCCATGATATCGGGCGCCG_003,48
CGCCATGATATCGGGCGCCG_004,107
GGAAGGTGTACAGTTCAGAA_001,44
GGAAGGTGTACAGTTCAGAA_002,39
GGAAGGTGTACAGTTCAGAA_003,57
GGAAGGTGTACAGTTCAGAA_004,0
TCACCTTAAAACCCATCGGG_001,97
TCACCTTAAAACCCATCGGG_002,197
TCACCTTAAAACCCATCGGG_003,123
TCACCTTAAAACCCATCGGG_004,99
TCACCTTAAAACCCATCGGG_005,60
TCACCTTAAAACCCATCGGG_006,163
TCACCTTAAAACCCATCGGG_007,197
TCACCTTAAAACCCATCGGG_008,112
TGTGTCTGTTCTAGCACTCG_001,182
TGTGTCTGTTCTAGCACTCG_002,40
TGTGTCTGTTCTAGCACTCG_003,43
TGTGTCTGTTCTAGCACTCG_004,55
TGTGTCTGTTCTAGCACTCG_005,21
TGTGTCTGTTCTAGCACTCG_006,72
TGTGTCTGTTCTAGCACTCG_007,17
TGTGTCTGTTCTAGCACTCG_008,137
TGTGTCTGTTCTAGCACTCG_009,14
GCTCCGGTCTTCGTCCCCCG_001,127
GCTCCGGTCTTCGTCCCCCG_002,29
ACCACGAGCAAAGTTGACAA_001,11
ACCACGAGCAAAGTTGACAA_002,101
ACCACGAGCAAAGTTGACAA_003,105
ACCACGAGCAAAGTTGACAA_004,127
ACCACGAGCAAAGTTGACAA_005,51
ACCACGAGCAAAGTTGACAA_006,113
ACCACGAGCAAAGTTGACAA_007,146
ACCACGAGCAAAGTTGACAA_008,99
ACCACGAGCAAAGTTGACAA_009,94
ACCACGAGCAAAGTTGACAA_010,78
ACCACGAGCAAAGTTGACAA_011,17
ACCACGAGCAAAGTTGACAA_012,177
ACCACGAGCAAAGTTGACAA_013,17
ACCACGAGCAAAGTTGACAA_014,158
ACCACGAGCAAAGTTGACAA_015,11
ACCACGAGCAAAGTTGACAA_016,138
ACCACGAGCAAAGTTGACAA_017,31
ACCACGAGCAAAGTTGACAA_018,62
ACCACGAGCAAAGTTGACAA_019,35
ACCACGAGCAAAGTTGACAA_020,48
ACCACGAGCAAAGTTGACAA_021,12
ACCACGAGCAAAGTTGACAA_022,161
ATCCAGATCACCACGCGTCA_001,142
ATCCAGATCACCACGCGTCA_002,23
ATCCAGATCACCACGCGTCA_003,113
ATCCAGATCACCACGCGTCA_004,177
ATCCAGATCACCACGCGTCA_005,158
ATCCAGATCACCACGCGTCA_006,77
ATCCAGATCACCACGCGTCA_007,139
ATCCAGATCACCACGCGTCA_008,81
ATCCAGATCACCACGCGTCA_009,4
ATCCAGATCACCACGCGTCA_010,6
ATCCAGATCACCACGCGTCA_011,197
ATCCAGATCACCACGCGTCA_012,174
ATCCAGATCACCACGCGTCA_013,155
ATCCAGATCACCACGCGTCA_014,169
ATCCAGATCACCACGCGTCA_015,58
ATCCAGATCACCACGCGTCA_016,48
ATCCAGATCACCACGCGTCA_017,80
ATCCAGATCACCACGCGTCA_018,143
ATCCAGATCACCACGCGTCA_019,113
ATCCAGATCACCACGCGTCA_020,1
ATCCAGATCACCACGCGTCA_021,23
ATCCAGATCACCACGCGTCA_022,198
ATCCAGATCACCACGCGTCA_023,20
ATCCAGATCACCACGCGTCA_024,106
ATCCAGATCACCACGCGTCA_025,188
ATCCAGATCACCACGCGTCA_026,103
ATCCAGATCACCACGCGTCA_027,152
ATCCAGATCACCACGCGTCA_028,139
ATCCAGATCACCACGCGTCA_029,188
ATCCAGATCACCACGCGTCA_030,163
TGAGATACCAGACACACAGA_001,6
TGAGATACCAGACACACAGA_002,85
TGAGATACCAGACACACAGA_003,160
TGAGATACCAGACACACAGA_004,1
TGAGATACCAGACACACAGA_005,195
TGAGATACCAGACACACAGA_006,64
TGAGATACCAGACACACAGA_007,27
AGCTGGTCGTCCTTCTCCGG_001,166
CCATCACTGAGAGCCTCATG_001,42
CCATCACTGAGAGCCTCATG_002,105
CCATCACTGAGAGCCTCATG_003,92
CCATCACTGAGAGCCTCATG_004,146
CCATCACTGAGAGCCTCATG_005,38
CCATCACTGAGAGCCTCATG_006,29
CCATCACTGAGAGCCTCATG_007,56
CCATCACTGAGAGCCTCATG_008,160
GGACACCAGAGTCCATACGC_001,151
GGACACCAGAGTCCATACGC_002,171
GGACACCAGAGTCCATACGC_003,17
GCCGCACCATGGCATAGCCA_001,80
GCCGCACCATGGCATAGCCA_002,47
GCCGCACCATGGCATAGCCA_003,48
GCCGCACCATGGCATAGCCA_004,129
GCCGCACCATGGCATAGCCA_005,121
GCCGCACCATGGCATAGCCA_006,80
GCCGCACCATGGCATAGCCA_007,80
CAGCTGCGCTGTCCTAAATG_001,174
CAGCTGCGCTGTCCTAAATG_002,68
GTAGGTGAAGAAGATCGTTG_001,62
GTAGGTGAAGAAGATCGTTG_002,185
GTTCAACTCGAGCAAAACAG_001,160
GTTCAACTCGAGCAAAACAG_002,112
GTTCAACTCGAGCAAAACAG_003,150
CAGCTCCTCTTGTACCCCAT_001,42
CAGCTCCTCTTGTACCCCAT_002,169
CAGCTCCTCTTGTACCCCAT_003,61
CAGCTCCTCTTGTACCCCAT_004,126
CAGCTCCTCTTGTACCCCAT_005,197
CAGCTCCTCTTGTACCCCAT_006,38
CAGCTCCTCTTGTACCCCAT_007,163
CAGCTCCTCTTGTACCCCAT_008,121
CAGCTCCTCTTGTACCCCAT_009,144
CAGCTCCTCTTGTACCCCAT_010,46
CAGCTCCTCTTGTACCCCAT_011,49
TATGCATAAAGCCCAACTCG_001,107
TATGCATAAAGCCCAACTCG_002,199
TATGCATAAAGCCCAACTCG_003,180
TATGCATAAAGCCCAACTCG_004,97
GATGTATGTATTGCTGAGGA_001,117
GATGTATGTATTGCTGAGGA_002,137
GACTGGAGAGAGGACGAAGA_001,9
GACTGGAGAGAGGACGAAGA_002,23
GACTGGAGAGAGGACGAAGA_003,124
GACTGGAGAGAGGACGAAGA_004,23
GACTGGAGAGAGGACGAAGA_005,85
GACTGGAGAGAGGACGAAGA_006,145
GACTGGAGAGAGGACGAAGA_007,67
GACTGGAGAGAGGACGAAGA_008,15
TGTACAGGAGACTGGACCTG_001,19
TGTACAGGAGACTGGACCTG_002,42
TGTACAGGAGACTGGACCTG_003,171
TGTACAGGAGACTGGACCTG_004,2
TGTACAGGAGACTGGACCTG_005,192
TGTACAGGAGACTGGACCTG_006,78
TGTACAGGAGACTGGACCTG_007,132
TGTACAGGAGACTGGACCTG_008,31
TCATGTCCATAGCTAGGACC_001,36
TCATGTCCATAGCTAGGACC_002,135
TCATGTCCATAGCTAGGACC_003,98
TAGGTAGAGCCCATTTGGAG_001,104
TAGGTAGAGCCCATTTGGAG_002,149
TAGGTAGAGCCCATTTGGAG_003,66
TAGGTAGAGCCCATTTGGAG_004,140
TAGGTAGAGCCCATTTGGAG_005,188
TAGGTAGAGCCCATTTGGAG_006,81
TAGGTAGAGCCCATTTGGAG_007,149
TTGTTGAAGTGGTCAGCCTG_001,85
TTGTTGAAGTGGTCAGCCTG_002,192
TTGTTGAAGTGGTCAGCCTG_003,82
TTGTTGAAGTGGTCAGCCTG_004,147
TTGTTGAAGTGGTCAGCCTG_005,26
TTGTTGAAGTGGTCAGCCTG_006,103
TTGTTGAAGTGGTCAGCCTG_007,88
TTGTTGAAGTGGTCAGCCTG_008,112
TTGTTGAAGTGGTCAGCCTG_009,76
TTGTTGAAGTGGTCAGCCTG_010,184
TTGTTGAAGTGGTCAGCCTG_011,4
TTGTTGAAGTGGTCAGCCTG_012,96
TTGTTGAAGTGGTCAGCCTG_013,9
TTGTTGAAGTGGTCAGCCTG_014,145
TTGTTGAAGTGGTCAGCCTG_015,63
TTGTTGAAGTGGTCAGCCTG_016,198
TTGTTGAAGTGGTCAGCCTG_017,15
TTGTTGAAGTGGTCAGCCTG_018,88
TTGTTGAAGTGGTCAGCCTG_019,12
TTGTTGAAGTGGTCAGCCTG_020,65
TTGTTGAAGTGGTCAGCCTG_021,52
ACAGATCGATTATACAGTGA_001,76
GTTATGCAGCAACTTTACAC_001,77
GTTATGCAGCAACTTTACAC_002,40
GTTATGCAGCAACTTTACAC_003,198
GTTATGCAGCAACTTTACAC_004,185
GTTATGCAGCAACTTTACAC_005,153
GCCCTCTGTAAGCAGCACCT_001,139
GCCCTCTGTAAGCAGCACCT_002,17
GCCCTCTGTAAGCAGCACCT_003,189
GCCCTCTGTAAGCAGCACCT_004,176
GCCCTCTGTAAGCAGCACCT_005,78
GCCCTCTGTAAGCAGCACCT_006,157
GCCCTCTGTAAGCAGCACCT_007,81
GCCCTCTGTAAGCAGCACCT_008,175
GCCCTCTGTAAGCAGCACCT_009,156
GCCCTCTGTAAGCAGCACCT_010,142
GCCCTCTGTAAGCAGCACCT_011,103
GCCCTCTGTAAGCAGCACCT_012,39
TCAGGTCCAAGGAGGACTGG_001,176
TCAGGTCCAAGGAGGACTGG_002,127
TCAGGTCCAAGGAGGACTGG_003,115
TCAGGTCCAAGGAGGACTGG_004,169
TCAGGTCCAAGGAGGACTGG_005,182
TCAGGTCCAAGGAGGACTGG_006,94
TCAGGTCCAAGGAGGACTGG_007,72
TCAGGTCCAAGGAGGACTGG_008,72
TCAGGTCCAAGGAGGACTGG_009,33
TCAGGTCCAAGGAGGACTGG_010,60
TCAGGTCCAAGGAGGACTGG_011,179
TCAGGTCCAAGGAGGACTGG_012,106
TCAGGTCCAAGGAGGACTGG_013,172
TCAGGTCCAAGGAGGACTGG_014,29
TCAGGTCCAAGGAGGACTGG_015,12
TCAGGTCCAAGGAGGACTGG_016,168
TCAGGTCCAAGGAGGACTGG_017,29
TCAGGTCCAAGGAGGACTGG_018,144
TCAGGTCCAAGGAGGACTGG_019,40
CCTGTGGGGTCCCTAAACAA_001,15
CCTGTGGGGTCCCTAAACAA_002,5
CCTGTGGGGTCCCTAAACAA_003,48
CCTGTGGGGTCCCTAAACAA_004,156
CCTGTGGGGTCCCTAAACAA_005,38
CCTGTGGGGTCCCTAAACAA_006,38
CCTGTGGGGTCCCTAAACAA_007,124
CCTGTGGGGTCCCTAAACAA_008,116
CCTGTGGGGTCCCTAAACAA_009,130
CCTGTGGGGTCCCTAAACAA_010,161
GGAACGCGCTCTAGATCGCG_001,24
GGAACGCGCTCTAGATCGCG_002,155
GGAACGCGCTCTAGATCGCG_003,96
CTTCACCTTGGTTACCACCG_001,182
CTTCACCTTGGTTACCACCG_002,105
CTTCACCTTGGTTACCACCG_003,4
CTTCACCTTGGTTACCACCG_004,81
CTTCACCTTGGTTACCACCG_005,61
CTTCACCTTGGTTACCACCG_006,3
CTTCACCTTGGTTACCACCG_007,0
CTTCACCTTGGTTACCACCG_008,76
CTTCACCTTGGTTACCACCG_009,146
CTTCACCTTGGTTACCACCG_010,191
CTTCACCTTGGTTACCACCG_011,98
CTTCACCTTGGTTACCACCG_012,74
AACGGAGTTGACAACAACAT_001,173
AACGGAGTTGACAACAACAT_002,138
AACGGAGTTGACAACAACAT_003,108
AACGGAGTTGACAACAACAT_004,102
AACGGAGTTGACAACAACAT_005,7
AACGGAGTTGACAACAACAT_006,108
AACGGAGTTGACAACAACAT_007,158
AACGGAGTTGACAACAACAT_008,120
AACGGAGTTGACAACAACAT_009,13
AACGGAGTTGACAACAACAT_010,52
AACGGAGTTGACAACAACAT_011,52
CAGGACCACTGACCTTGAGA_001,1
CAGGACCACTGACCTTGAGA_002,96
CAGGACCACTGACCTTGAGA_003,76
CAGGACCACTGACCTTGAGA_004,152
CACTCACGATGAGCCCTCGG_001,91
CACTCACGATGAGCCCTCGG_002,29
CACTCACGATGAGCCCTCGG_003,70
CACTCACGATGAGCCCTCGG_004,108
CACTCACGATGAGCCCTCGG_005,78
CACTCACGATGAGCCCTCGG_006,125
CACTCACGATGAGCCCTCGG_007,100
CACTCACGATGAGCCCTCGG_008,10
CACTCACGATGAGCCCTCGG_009,183
CACTCACGATGAGCCCTCGG_010,170
CACTCACGATGAGCCCTCGG_011,34
CACTCACGATGAGCCCTCGG_012,125
CACTCACGATGAGCCCTCGG_013,36
CACTCACGATGAGCCCTCGG_014,134
CACTCACGATGAGCCCTCGG_015,156
CACTCACGATGAGCCCTCGG_016,2
CACTCACGATGAGCCCTCGG_017,16
CACTCACGATGAGCCCTCGG_018,192
CACTCACGATGAGCCCTCGG_019,42
CACTCACGATGAGCCCTCGG_020,189
CACTCACGATGAGCCCTCGG_021,1
CACTCACGATGAGCCCTCGG_022,78
CACTCACGATGAGCCCTCGG_023,150
CACTCACGATGAGCCCTCGG_024,52
CACTCACGATGAGCCCTCGG_025,60
CACTCACGATGAGCCCTCGG_026,61
CACTCACGATGAGCCCTCGG_027,171
CACTCACGATGAGCCCTCGG_028,0
CACTCACGATGAGCCCTCGG_029,118
GCTCAGCTCTAGGGGAATGA_001,5
GCTCAGCTCTAGGGGAATGA_002,49
GCTCAGCTCTAGGGGAATGA_003,85
CCTGCTGATCGGCGACTCGG_001,60
CCTGCTGATCGGCGACTCGG_002,160
CCTGCTGATCGGCGACTCGG_003,107
CCTGCTGATCGGCGACTCGG_004,107
CCTGCTGATCGGCGACTCGG_005,28
CCTGCTGATCGGCGACTCGG_006,121
CCTGCTGATCGGCGACTCGG_007,158
CCTGCTGATCGGCGACTCGG_008,52
CCTGCTGATCGGCGACTCGG_009,194
CCTGCTGATCGGCGACTCGG_010,65
CCTGCTGATCGGCGACTCGG_011,181
CCTGCTGATCGGCGACTCGG_012,175
CCTGCTGATCGGCGACTCGG_013,149
CCTGCTGATCGGCGACTCGG_014,98
CCTGCTGATCGGCGACTCGG_015,88
CCTGCTGATCGGCGACTCGG_016,149
CCTGCTGATCGGCGACTCGG_017,2
CCTGCTGATCGGCGACTCGG_018,62
CCTGCTGATCGGCGACTCGG_019,26
CCTGCTGATCGGCGACTCGG_020,174
CCTGCTGATCGGCGACTCGG_021,9
CCTGCTGATCGGCGACTCGG_022,20
CCTGCTGATCGGCGACTCGG_023,150
CCTGCTGATCGGCGACTCGG_024,36
CCTGCTGATCGGCGACTCGG_025,94
CCTGCTGATCGGCGACTCGG_026,115
CCTGCTGATCGGCGACTCGG_027,161
CCTGCTGATCGGCGACTCGG_028,15
CCTGCTGATCGGCGACTCGG_029,36
CCTGCTGATCGGCGACTCGG_030,108
CCTGCTGATCGGCGACTCGG_031,48
CCTGCTGATCGGCGACTCGG_032,190
CCTGCTGATCGGCGACTCGG_033,118
CCTGCTGATCGGCGACTCGG_034,188
CCTGCTGATCGGCGACTCGG_035,191
CCTGCTGATCGGCGACTCGG_036,168
CCTGCTGATCGGCGACTCGG_037,60
CCTGCTGATCGGCGACTCGG_038,106
CCTGCTGATCGGCGACTCGG_039,77
CCTGCTGATCGGCGACTCGG_040,43
CCTGCTGATCGGCGACTCGG_041,15
ACACATCGCAAAGCTCGCTG_001,36
ACACATCGCAAAGCTCGCTG_002,178
ACACATCGCAAAGCTCGCTG_003,17
ACACATCGCAAAGCTCGCTG_004,146
ACACATCGCAAAGCTCGCTG_005,157
ACACATCGCAAAGCTCGCTG_006,170
ACACATCGCAAAGCTCGCTG_007,189
ACACATCGCAAAGCTCGCTG_008,36
ACACATCGCAAAGCTCGCTG_009,116
ACACATCGCAAAGCTCGCTG_010,34
ACACATCGCAAAGCTCGCTG_011,195
ACACATCGCAAAGCTCGCTG_012,174
ACACATCGCAAAGCTCGCTG_013,146
ACACATCGCAAAGCTCGCTG_014,80
ACACATCGCAAAGCTCGCTG_015,94
ACACATCGCAAAGCTCGCTG_016,9
ACACATCGCAAAGCTCGCTG_017,69
ACACATCGCAAAGCTCGCTG_018,116
ACACATCGCAAAGCTCGCTG_019,108
ACACATCGCAAAGCTCGCTG_020,40
ACACATCGCAAAGCTCGCTG_021,161
ACACATCGCAAAGCTCGCTG_022,24
ACACATCGCAAAGCTCGCTG_023,170
ACACATCGCAAAGCTCGCTG_024,9
ACACATCGCAAAGCTCGCTG_025,160
ACACATCGCAAAGCTCGCTG_026,118
ACACATCGCAAAGCTCGCTG_027,64
ACACATCGCAAAGCTCGCTG_028,78
ACACATCGCAAAGCTCGCTG_029,41
ACACATCGCAAAGCTCGCTG_030,65
ACACATCGCAAAGCTCGCTG_031,60
ACACATCGCAAAGCTCGCTG_032,105
ACACATCGCAAAGCTCGCTG_033,189
ACACATCGCAAAGCTCGCTG_034,108
ACACATCGCAAAGCTCGCTG_035,65
ACACATCGCAAAGCTCGCTG_036,94
ACACATCGCAAAGCTCGCTG_037,77
ACACATCGCAAAGCTCGCTG_038,115
ACACATCGCAAAGCTCGCTG_039,48
ACACATCGCAAAGCTCGCTG_040,191
ACACATCGCAAAGCTCGCTG_041,48
ACACATCGCAAAGCTCGCTG_042,2
ACACATCGCAAAGCTCGCTG_043,176
ACACATCGCAAAGCTCGCTG_044,50
ACACATCGCAAAGCTCGCTG_045,40
ACACATCGCAAAGCTCGCTG_046,58
CTTAAGTGTCAACTACGTGA_001,48
CTTAAGTGTCAACTACGTGA_002,119
CTTAAGTGTCAACTACGTGA_003,65
TCAATGTATGAAATCCCCAA_001,58
TCAATGTATGAAATCCCCAA_002,10
TCAATGTATGAAATCCCCAA_003,178
TCAATGTATGAAATCCCCAA_004,178
TCAATGTATGAAATCCCCAA_005,38
TCAATGTATGAAATCCCCAA_006,100
TCAATGTATGAAATCCCCAA_007,4
GTCAATCTCAGGCTCAGAAG_001,50
GTCAATCTCAGGCTCAGAAG_002,124
GTCAATCTCAGGCTCAGAAG_003,49
GTCAATCTCAGGCTCAGAAG_004,105
GTCAATCTCAGGCTCAGAAG_005,12
GTCAATCTCAGGCTCAGAAG_006,47
GTCAATCTCAGGCTCAGAAG_007,192
GTCAATCTCAGGCTCAGAAG_008,58
TCTGTCATATTAATACGCCG_001,20
CTTGGGGACAGTGACAAGTG_001,69
CTTGGGGACAGTGACAAGTG_002,172
CTTGGGGACAGTGACAAGTG_003,105
CTTGGGGACAGTGACAAGTG_004,181
CATAAGCTGCACACTACCGT_001,105
CATAAGCTGCACACTACCGT_002,117
CATAAGCTGCACACTACCGT_003,101
CATAAGCTGCACACTACCGT_004,9
CATAAGCTGCACACTACCGT_005,104
AGTGTGACAAGTTCCCCGAG_001,34
AGTGTGACAAGTTCCCCGAG_002,93
AGTGTGACAAGTTCCCCGAG_003,152
AGTGTGACAAGTTCCCCGAG_004,127
AGTGTGACAAGTTCCCCGAG_005,118
AGTGTGACAAGTTCCCCGAG_006,46
AGTGTGACAAGTTCCCCGAG_007,67
AGTGTGACAAGTTCCCCGAG_008,130
GCTCTGCCAGAGTGAACCCA_001,37
GCTCTGCCAGAGTGAACCCA_002,127
GCTCTGCCAGAGTGAACCCA_003,62
GCTCTGCCAGAGTGAACCCA_004,129
GCTCTGCCAGAGTGAACCCA_005,156
GCTCTGCCAGAGTGAACCCA_006,48
TGGAGAAAAGGATGTCTGCT_001,112
TGGAGAAAAGGATGTCTGCT_002,106
TGGAGAAAAGGATGTCTGCT_003,106
CTTGGGCCCAGACCGGCACG_001,10
CTTGGGCCCAGACCGGCACG_002,148
CTTGGGCCCAGACCGGCACG_003,113
CTTGGGCCCAGACCGGCACG_004,9
CTTGGGCCCAGACCGGCACG_005,88
CTTGGGCCCAGACCGGCACG_006,56
CTTGGGCCCAGACCGGCACG_007,34
CTTGGGCCCAGACCGGCACG_008,92
CTTGGGCCCAGACCGGCACG_009,95
CTTGGGCCCAGACCGGCACG_010,179
CTTGGGCCCAGACCGGCACG_011,195
CTTGGGCCCAGACCGGCACG_012,181
CTTGGGCCCAGACCGGCACG_013,34
CTTGGGCCCAGACCGGCACG_014,117
GCGGCGTCCCTGCGCCCGAG_001,127
GCGGCGTCCCTGCGCCCGAG_002,186
GCGGCGTCCCTGCGCCCGAG_003,44
GCGGCGTCCCTGCGCCCGAG_004,182
GCGGCGTCCCTGCGCCCGAG_005,63
GCGGCGTCCCTGCGCCCGAG_006,113
GCGGCGTCCCTGCGCCCGAG_007,148
GCGGCGTCCCTGCGCCCGAG_008,177
GCGGCGTCCCTGCGCCCGAG_009,21
GCGGCGTCCCTGCGCCCGAG_010,43
GCGGCGTCCCTGCGCCCGAG_011,78
GCGGCGTCCCTGCGCCCGAG_012,96
GCGGCGTCCCTGCGCCCGAG_013,172
GCGGCGTCCCTGCGCCCGAG_014,9
GCGGCGTCCCTGCGCCCGAG_015,168
GCGGCGTCCCTGCGCCCGAG_016,34
GCGGCGTCCCTGCGCCCGAG_017,136
GCGGCGTCCCTGCGCCCGAG_018,39
GCGGCGTCCCTGCGCCCGAG_019,155
GCGGCGTCCCTGCGCCCGAG_020,35
GCGGCGTCCCTGCGCCCGAG_021,30
GCGGCGTCCCTGCGCCCGAG_022,136
GCGGCGTCCCTGCGCCCGAG_023,183
TAGAACTTGGCACGGAGCCG_001,189
TAGAACTTGGCACGGAGCCG_002,31
TAGAACTTGGCACGGAGCCG_003,154
TAGAACTTGGCACGGAGCCG_004,198
TAGAACTTGGCACGGAGCCG_005,65
TAGAACTTGGCACGGAGCCG_006,166
CTACACTAGACCCTACACAC_001,97
CTACACTAGACCCTACACAC_002,128
CTACACTAGACCCTACACAC_003,134
CTACACTAGACCCTACACAC_004,160
CTACACTAGACCCTACACAC_005,75
CTACACTAGACCCTACACAC_006,65
CTACACTAGACCCTACACAC_007,113
CTACACTAGACCCTACACAC_008,115
CTACACTAGACCCTACACAC_009,51
CTACACTAGACCCTACACAC_010,62
CTACACTAGACCCTACACAC_011,90
CCTGAAGTAGTAAATAGGAG_001,117
CCTGAAGTAGTAAATAGGAG_002,2
CCTGAAGTAGTAAATAGGAG_003,99
AACGCCAGGAGTTTCCTGAT_001,147
AACGCCAGGAGTTTCCTGAT_002,198
AACGCCAGGAGTTTCCTGAT_003,10
AACGCCAGGAGTTTCCTGAT_004,52
AACGCCAGGAGTTTCCTGAT_005,168
AACGCCAGGAGTTTCCTGAT_006,8
AACGCCAGGAGTTTCCTGAT_007,5
AACGCCAGGAGTTTCCTGAT_008,78
AACGCCAGGAGTTTCCTGAT_009,191
AACGCCAGGAGTTTCCTGAT_010,192
AACGCCAGGAGTTTCCTGAT_011,103
AACGCCAGGAGTTTCCTGAT_012,29
AACGCCAGGAGTTTCCTGAT_013,192
AACGCCAGGAGTTTCCTGAT_014,110
AACGCCAGGAGTTTCCTGAT_015,19
AACGCCAGGAGTTTCCTGAT_016,127
AACGCCAGGAGTTTCCTGAT_017,198
AACGCCAGGAGTTTCCTGAT_018,183
AACGCCAGGAGTTTCCTGAT_019,2
AACGCCAGGAGTTTCCTGAT_020,76
AACGCCAGGAGTTTCCTGAT_021,169
AACGCCAGGAGTTTCCTGAT_022,80
AACGCCAGGAGTTTCCTGAT_023,80
AACGCCAGGAGTTTCCTGAT_024,94
AACGCCAGGAGTTTCCTGAT_025,175
AACGCCAGGAGTTTCCTGAT_026,191
AACGCCAGGAGTTTCCTGAT_027,105
AACGCCAGGAGTTTCCTGAT_028,49
AACGCCAGGAGTTTCCTGAT_029,156
AACGCCAGGAGTTTCCTGAT_030,0
AACGCCAGGAGTTTCCTGAT_031,27
AACGCCAGGAGTTTCCTGAT_032,68
AACGCCAGGAGTTTCCTGAT_033,66
TTTCAGGGACATGATATCTG_001,80
TTTCAGGGACATGATATCTG_002,27
TTTCAGGGACATGATATCTG_003,48
TTTCAGGGACATGATATCTG_004,31
TTTCAGGGACATGATATCTG_005,168
TTTCAGGGACATGATATCTG_006,18
AGTTCGGTACTGCCCAAAGG_001,41
AGTTCGGTACTGCCCAAAGG_002,32
AGTTCGGTACTGCCCAAAGG_003,145
AGTTCGGTACTGCCCAAAGG_004,155
AGTTCGGTACTGCCCAAAGG_005,92
AGTTCGGTACTGCCCAAAGG_006,142
AGTTCGGTACTGCCCAAAGG_007,27
AGTTCGGTACTGCCCAAAGG_008,42
GCCGCTGCCAGAAGATCCGG_001,78
GCCGCTGCCAGAAGATCCGG_002,15
GCCGCTGCCAGAAGATCCGG_003,158
GCCGCTGCCAGAAGATCCGG_004,62
GCCGCTGCCAGAAGATCCGG_005,14
GCCGCTGCCAGAAGATCCGG_006,166
GCCGCTGCCAGAAGATCCGG_007,105
GCCGCTGCCAGAAGATCCGG_008,17
GCCGCTGCCAGAAGATCCGG_009,116
GCCGCTGCCAGAAGATCCGG_010,32
GCCGCTGCCAGAAGATCCGG_011,23
GCCGCTGCCAGAAGATCCGG_012,70
GCCGCTGCCAGAAGATCCGG_013,40
GCCGCTGCCAGAAGATCCGG_014,131
GCCGCTGCCAGAAGATCCGG_015,181
GCCGCTGCCAGAAGATCCGG_016,56
AGAGCAAGGAGGTTCTGGGG_001,119
AGAGCAAGGAGGTTCTGGGG_002,50
AGAGCAAGGAGGTTCTGGGG_003,149
AGAGCAAGGAGGTTCTGGGG_004,175
AGAGCAAGGAGGTTCTGGGG_005,61
AGAGCAAGGAGGTTCTGGGG_006,57
AGAGCAAGGAGGTTCTGGGG_007,136
AGAGCAAGGAGGTTCTGGGG_008,89
AGAGCAAGGAGGTTCTGGGG_009,78
ACATCATCTTGATGGCCAAG_001,198
ACATCATCTTGATGGCCAAG_002,158
ACCATGATGAGTGTCCATCG_001,45
ACCATGATGAGTGTCCATCG_002,2
ACCGATCTATCAGCTCTCCG_001,48
ACCGATCTATCAGCTCTCCG_002,27
ACCGATCTATCAGCTCTCCG_003,15
ACCGATCTATCAGCTCTCCG_004,166
ACCGATCTATCAGCTCTCCG_005,27
ACCGATCTATCAGCTCTCCG_006,142
ACCGATCTATCAGCTCTCCG_007,141
ACCGATCTATCAGCTCTCCG_008,11
ACCGATCTATCAGCTCTCCG_009,158
ACCGATCTATCAGCTCTCCG_010,34
ACCGATCTATCAGCTCTCCG_011,38
ACCGATCTATCAGCTCTCCG_012,8
ACCGATCTATCAGCTCTCCG_013,81
ACCGATCTATCAGCTCTCCG_014,48
ACCGATCTATCAGCTCTCCG_015,50
ACCGATCTATCAGCTCTCCG_016,127
ACCGATCTATCAGCTCTCCG_017,78
ACCGATCTATCAGCTCTCCG_018,143
ACCGATCTATCAGCTCTCCG_019,13
CCAGCAGATCCGCATTAACG_001,149
CCAGCAGATCCGCATTAACG_002,63
CCAGCAGATCCGCATTAACG_003,76
CCAGCAGATCCGCATTAACG_004,182
CCAGCAGATCCGCATTAACG_005,64
CCAGCAGATCCGCATTAACG_006,138
CCAGCAGATCCGCATTAACG_007,175
CCAGCAGATCCGCATTAACG_008,1
CCAGCAGATCCGCATTAACG_009,16
CCAGCAGATCCGCATTAACG_010,146
CCAGCAGATCCGCATTAACG_011,163
CCAGCAGATCCGCATTAACG_012,83
CCAGCAGATCCGCATTAACG_013,82
CCAGCAGATCCGCATTAACG_014,184
CCAGCAGATCCGCATTAACG_015,149
CCAGCAGATCCGCATTAACG_016,74
CCAGCAGATCCGCATTAACG_017,10
CCAGCAGATCCGCATTAACG_018,36
CCAGCAGATCCGCATTAACG_019,127
CCAGCAGATCCGCATTAACG_020,76
CCAGCAGATCCGCATTAACG_021,49
CCAGCAGATCCGCATTAACG_022,175
CCAGCAGATCCGCATTAACG_023,164
CCAGCAGATCCGCATTAACG_024,164
CCAGCAGATCCGCATTAACG_025,35
CCAGCAGATCCGCATTAACG_026,191
CGCCTACAGAACGAGCATCG_001,25
CGCCTACAGAACGAGCATCG_002,54
GTGGACTCCGACGACCAGTG_001,168
GTGGACTCCGACGACCAGTG_002,49
GTGGACTCCGACGACCAGTG_003,44
GTGGACTCCGACGACCAGTG_004,102
GTGGACTCCGACGACCAGTG_005,158
GTGGACTCCGACGACCAGTG_006,165
GTGGACTCCGACGACCAGTG_007,26
GTGGACTCCGACGACCAGTG_008,162
GTGGACTCCGACGACCAGTG_009,148
GTGGACTCCGACGACCAGTG_010,168
GTGGACTCCGACGACCAGTG_011,41
GTGGACTCCGACGACCAGTG_012,48
GTGGACTCCGACGACCAGTG_013,120
GTGGACTCCGACGACCAGTG_014,60
GTGGACTCCGACGACCAGTG_015,172
GTGGACTCCGACGACCAGTG_016,42
GTGGACTCCGACGACCAGTG_017,5
GTGGACTCCGACGACCAGTG_018,112
GTGGACTCCGACGACCAGTG_019,90
GTGGACTCCGACGACCAGTG_020,188
GTGGACTCCGACGACCAGTG_021,88
ACTGAATTGTTCTGTCATAG_001,135
ACTGAATTGTTCTGTCATAG_002,27
ACTGAATTGTTCTGTCATAG_003,170
GTCCGGATAAAGGAGCTGGG_001,41
GTCCGGATAAAGGAGCTGGG_002,97
GTCCGGATAAAGGAGCTGGG_003,178
GTCCGGATAAAGGAGCTGGG_004,161
GTCCGGATAAAGGAGCTGGG_005,15
GTCCGGATAAAGGAGCTGGG_006,32
CAGACAGCTGTGAGTGACAT_001,137
CAGACAGCTGTGAGTGACAT_002,65
CAGACAGCTGTGAGTGACAT_003,89
CAGACAGCTGTGAGTGACAT_004,60
CAGACAGCTGTGAGTGACAT_005,10
CAGACAGCTGTGAGTGACAT_006,113
CAGACAGCTGTGAGTGACAT_007,80
CAGACAGCTGTGAGTGACAT_008,17
CAGACAGCTGTGAGTGACAT_009,78
CAGACAGCTGTGAGTGACAT_010,15
CAGACAGCTGTGAGTGACAT_011,165
CAGACAGCTGTGAGTGACAT_012,99
CAGACAGCTGTGAGTGACAT_013,9
CAGACAGCTGTGAGTGACAT_014,77
CAGACAGCTGTGAGTGACAT_015,14
CAGACAGCTGTGAGTGACAT_016,104
CAGACAGCTGTGAGTGACAT_017,113
CAGACAGCTGTGAGTGACAT_018,122
CAGACAGCTGTGAGTGACAT_019,140
TATCTATGCCTATGGCAGCG_001,148
TATCTATGCCTATGGCAGCG_002,194
TATCTATGCCTATGGCAGCG_003,103
TATCTATGCCTATGGCAGCG_004,61
TATCTATGCCTATGGCAGCG_005,86
TATCTATGCCTATGGCAGCG_006,62
TATCTATGCCTATGGCAGCG_007,88
TATCTATGCCTATGGCAGCG_008,169
TATCTATGCCTATGGCAGCG_009,1
TATCTATGCCTATGGCAGCG_010,198
TCGGCTCAATAGTTCCCACG_001,76
TCGGCTCAATAGTTCCCACG_002,130
TCGGCTCAATAGTTCCCACG_003,62
TCGGCTCAATAGTTCCCACG_004,198
TCGGCTCAATAGTTCCCACG_005,17
TCGGCTCAATAGTTCCCACG_006,134
TGTGACCAACAGGCCCATGA_001,198
TGTGACCAACAGGCCCATGA_002,160
AGGGGCAACCGCATGCCCAG_001,72
AGGGGCAACCGCATGCCCAG_002,78
AGGGGCAACCGCATGCCCAG_003,70
AGGGGCAACCGCATGCCCAG_004,69
AGGGGCAACCGCATGCCCAG_005,99
AGGGGCAACCGCATGCCCAG_006,196
AGGGGCAACCGCATGCCCAG_007,0
AGGGGCAACCGCATGCCCAG_008,160
AGGGGCAACCGCATGCCCAG_009,135
AGGGGCAACCGCATGCCCAG_010,116
AGGGGCAACCGCATGCCCAG_011,16
AGGGGCAACCGCATGCCCAG_012,4
AGGGGCAACCGCATGCCCAG_013,146
AGGGGCAACCGCATGCCCAG_014,4
AGGGGCAACCGCATGCCCAG_015,115
AGGGGCAACCGCATGCCCAG_016,99
AGGGGCAACCGCATGCCCAG_017,141
AGGGGCAACCGCATGCCCAG_018,147
AGGGGCAACCGCATGCCCAG_019,41
AGGGGCAACCGCATGCCCAG_020,80
AGGGGCAACCGCATGCCCAG_021,136
AGGGGCAACCGCATGCCCAG_022,76
AGGGGCAACCGCATGCCCAG_023,156
AGGGGCAACCGCATGCCCAG_024,88
TATCACACAGCCATCGTCGG_001,144
TATCACACAGCCATCGTCGG_002,199
TATCACACAGCCATCGTCGG_003,105
TATCACACAGCCATCGTCGG_004,125
TATCACACAGCCATCGTCGG_005,121
TTAAAGGAGACCCGCCGCTG_001,58
TTAAAGGAGACCCGCCGCTG_002,82
TTAAAGGAGACCCGCCGCTG_003,49
TTAAAGGAGACCCGCCGCTG_004,23
TTAAAGGAGACCCGCCGCTG_005,149
TTAAAGGAGACCCGCCGCTG_006,149
TTAAAGGAGACCCGCCGCTG_007,142
TTAAAGGAGACCCGCCGCTG_008,119
TTAAAGGAGACCCGCCGCTG_009,48
TTAAAGGAGACCCGCCGCTG_010,130
TTAAAGGAGACCCGCCGCTG_011,88
TTAAAGGAGACCCGCCGCTG_012,184
TTAAAGGAGACCCGCCGCTG_013,29
TTAAAGGAGACCCGCCGCTG_014,107
TTAAAGGAGACCCGCCGCTG_015,59
TTAAAGGAGACCCGCCGCTG_016,50
TTAAAGGAGACCCGCCGCTG_017,145
TTAAAGGAGACCCGCCGCTG_018,94
TTAAAGGAGACCCGCCGCTG_019,146
TTAAAGGAGACCCGCCGCTG_020,170
TTAAAGGAGACCCGCCGCTG_021,2
TTAAAGGAGACCCGCCGCTG_022,39
TTAAAGGAGACCCGCCGCTG_023,12
TTAAAGGAGACCCGCCGCTG_024,104
TTAAAGGAGACCCGCCGCTG_025,138
TTAAAGGAGACCCGCCGCTG_026,66
TTAAAGGAGACCCGCCGCTG_027,127
CTTCTCTCCTACTTACCCCG_001,130
CTTCTCTCCTACTTACCCCG_002,15
CTTCTCTCCTACTTACCCCG_003,175
CTTCTCTCCTACTTACCCCG_004,15
CTTCTCTCCTACTTACCCCG_005,146
GTTGGATGTGACACATAAGG_001,144
GTTGGATGTGACACATAAGG_002,41
TTTGGCTCAAGAATATCTCA_001,150
TTTGGCTCAAGAATATCTCA_002,63
TTTGGCTCAAGAATATCTCA_003,168
TTTGGCTCAAGAATATCTCA_004,61
GCTGTGGATAGGATGCACAA_001,6
GCTGTGGATAGGATGCACAA_002,125
GCTGTGGATAGGATGCACAA_003,27
GCTGTGGATAGGATGCACAA_004,139
GCTGTGGATAGGATGCACAA_005,69
GCTGTGGATAGGATGCACAA_006,150
GCTGTGGATAGGATGCACAA_007,48
CAACAGGTCTATCGACACCT_001,116
CAACAGGTCTATCGACACCT_002,61
CAACAGGTCTATCGACACCT_003,192
CAACAGGTCTATCGACACCT_004,141
CAACAGGTCTATCGACACCT_005,156
CAACAGGTCTATCGACACCT_006,45
CAACAGGTCTATCGACACCT_007,37
CAACAGGTCTATCGACACCT_008,79
CAACAGGTCTATCGACACCT_009,188
CAACAGGTCTATCGACACCT_010,72
ACGTACACCTTGCCGCACGT_001,62
ACGTACACCTTGCCGCACGT_002,122
ACGTACACCTTGCCGCACGT_003,105
ACGTACACCTTGCCGCACGT_004,67
ACGTACACCTTGCCGCACGT_005,4
ACGTACACCTTGCCGCACGT_006,46
ACGTACACCTTGCCGCACGT_007,46
CGACCACAATCACGACACTG_001,15
CGACCACAATCACGACACTG_002,164
CGACCACAATCACGACACTG_003,122
CGACCACAATCACGACACTG_004,154
CGACCACAATCACGACACTG_005,128
CGACCACAATCACGACACTG_006,117
CGACCACAATCACGACACTG_007,160
CGACCACAATCACGACACTG_008,28
CGACCACAATCACGACACTG_009,48
CGACCACAATCACGACACTG_010,168
CGACCACAATCACGACACTG_011,153
CGACCACAATCACGACACTG_012,28
CGACCACAATCACGACACTG_013,51
CGACCCCACTGAGCGCAAGT_001,102
CGACCCCACTGAGCGCAAGT_002,147
CGACCCCACTGAGCGCAAGT_003,68
CGACCCCACTGAGCGCAAGT_004,199
CGACCCCACTGAGCGCAAGT_005,105
CGACCCCACTGAGCGCAAGT_006,3
CGGCAGCTCTATTGCCGCAC_001,176
CGGCAGCTCTATTGCCGCAC_002,102
CGGCAGCTCTATTGCCGCAC_003,41
CGGCAGCTCTATTGCCGCAC_004,65
CGGCAGCTCTATTGCCGCAC_005,128
CGGCAGCTCTATTGCCGCAC_006,115
CGGCAGCTCTATTGCCGCAC_007,20
CGGCAGCTCTATTGCCGCAC_008,168
CGGCAGCTCTATTGCCGCAC_009,3
TGGTTAGCGGCGGATAGGTG_001,130
TGGTTAGCGGCGGATAGGTG_002,177
TGGTTAGCGGCGGATAGGTG_003,158
TGGTTAGCGGCGGATAGGTG_004,69
TGGTTAGCGGCGGATAGGTG_005,57
TGGTTAGCGGCGGATAGGTG_006,105
TGGTTAGCGGCGGATAGGTG_007,13
TGGTTAGCGGCGGATAGGTG_008,106
TGGTTAGCGGCGGATAGGTG_009,184
TGGTTAGCGGCGGATAGGTG_010,182
TGGTTAGCGGCGGATAGGTG_011,146
TTGCACCAGACTATATCCAA_001,192
TTGCACCAGACTATATCCAA_002,16
TTGCACCAGACTATATCCAA_003,30
TTGCACCAGACTATATCCAA_004,137
CCCCGGGTTTCGCACCCGCG_001,115
CCCCGGGTTTCGCACCCGCG_002,48
CCCCGGGTTTCGCACCCGCG_003,147
CCCCGGGTTTCGCACCCGCG_004,121
CCCCGGGTTTCGCACCCGCG_005,150
CCCCGGGTTTCGCACCCGCG_006,144
CCCCGGGTTTCGCACCCGCG_007,19
CCCCGGGTTTCGCACCCGCG_008,105
CCCCGGGTTTCGCACCCGCG_009,42
CCCCGGGTTTCGCACCCGCG_010,41
CCCCGGGTTTCGCACCCGCG_011,21
CCCCGGGTTTCGCACCCGCG_012,176
CCCCGGGTTTCGCACCCGCG_013,49
CCCCGGGTTTCGCACCCGCG_014,183
CCCCGGGTTTCGCACCCGCG_015,171
CCCCGGGTTTCGCACCCGCG_016,107
CCCCGGGTTTCGCACCCGCG_017,78
CCCCGGGTTTCGCACCCGCG_018,43
CCCCGGGTTTCGCACCCGCG_019,25
CCCCGGGTTTCGCACCCGCG_020,52
CCCCGGGTTTCGCACCCGCG_021,43
CCCCGGGTTTCGCACCCGCG_022,162
CCCCGGGTTTCGCACCCGCG_023,140
CCCCGGGTTTCGCACCCGCG_024,144
CAGACTTTGAGGAACAACTG_001,115
CAGACTTTGAGGAACAACTG_002,149
CAGACTTTGAGGAACAACTG_003,149
CAGACTTTGAGGAACAACTG_004,19
CAGACTTTGAGGAACAACTG_005,160
CAGACTTTGAGGAACAACTG_006,177
CAGACTTTGAGGAACAACTG_007,1
CAGACTTTGAGGAACAACTG_008,19
CCCCCAACACCTCCAACCAT_001,142
CCCCCAACACCTCCAACCAT_002,116
CCCCCAACACCTCCAACCAT_003,58
CCCCCAACACCTCCAACCAT_004,62
CCCCCAACACCTCCAACCAT_005,86
CCCCCAACACCTCCAACCAT_006,116
CCCCCAACACCTCCAACCAT_007,141
CCCCCAACACCTCCAACCAT_008,19
CCCCCAACACCTCCAACCAT_009,189
CCCCCAACACCTCCAACCAT_010,147
CCCCCAACACCTCCAACCAT_011,12
CCCCCAACACCTCCAACCAT_012,147
CCCCCAACACCTCCAACCAT_013,190
CCCCCAACACCTCCAACCAT_014,40
CCCCCAACACCTCCAACCAT_015,1
CCCCCAACACCTCCAACCAT_016,188
GCAGACCAAACTACTCACAA_001,102
GCAGACCAAACTACTCACAA_002,62
GCAGACCAAACTACTCACAA_003,119
GCAGACCAAACTACTCACAA_004,144
GCAGACCAAACTACTCACAA_005,144
GCAGACCAAACTACTCACAA_006,50
GCAGACCAAACTACTCACAA_007,145
GCAGACCAAACTACTCACAA_008,81
GCAGACCAAACTACTCACAA_009,60
GCAGACCAAACTACTCACAA_010,45
GCAGACCAAACTACTCACAA_011,147
GCAGACCAAACTACTCACAA_012,175
GCAGACCAAACTACTCACAA_013,140
GCAGACCAAACTACTCACAA_014,8
GCAGACCAAACTACTCACAA_015,104
GCAGACCAAACTACTCACAA_016,56
GCAGACCAAACTACTCACAA_017,86
GCAGACCAAACTACTCACAA_018,121
GCAGACCAAACTACTCACAA_019,4
GCAGACCAAACTACTCACAA_020,28
GAGTTCACCGTTGATACCAG_001,154
GAGTTCACCGTTGATACCAG_002,80
GAGTTCACCGTTGATACCAG_003,147
TGGCAGCTTTCCGCACCTTG_001,8
TGGCAGCTTTCCGCACCTTG_002,188
TGGCAGCTTTCCGCACCTTG_003,188
TGGCAGCTTTCCGCACCTTG_004,105
TGGCAGCTTTCCGCACCTTG_005,194
TGGCAGCTTTCCGCACCTTG_006,163
TGGCAGCTTTCCGCACCTTG_007,165
TGGCAGCTTTCCGCACCTTG_008,138
TGGCAGCTTTCCGCACCTTG_009,154
TGGCAGCTTTCCGCACCTTG_010,2
TGGCAGCTTTCCGCACCTTG_011,70
TGGCAGCTTTCCGCACCTTG_012,23
TGGCAGCTTTCCGCACCTTG_013,43
TGGCAGCTTTCCGCACCTTG_014,136
CTATACTGTGATTCAGACAA_001,35
CTATACTGTGATTCAGACAA_002,147
CTATACTGTGATTCAGACAA_003,111
CTATACTGTGATTCAGACAA_004,16
GCTGTGTGAAAGGATCGTCA_001,80
GCTGTGTGAAAGGATCGTCA_002,36
GCTGTGTGAAAGGATCGTCA_003,150
GCTGTGTGAAAGGATCGTCA_004,12
GCTGTGTGAAAGGATCGTCA_005,11
GCTGTGTGAAAGGATCGTCA_006,141
GCTGTGTGAAAGGATCGTCA_007,47
GCTGTGTGAAAGGATCGTCA_008,62
GCTGTGTGAAAGGATCGTCA_009,199
GCTGTGTGAAAGGATCGTCA_010,150
GCTGTGTGAAAGGATCGTCA_011,38
GCTGTGTGAAAGGATCGTCA_012,160
GCTGTGTGAAAGGATCGTCA_013,66
GCTGTGTGAAAGGATCGTCA_014,186
GCTGTGTGAAAGGATCGTCA_015,20
CATCCTGAGAGTCATCCGAT_001,34
CATCCTGAGAGTCATCCGAT_002,44
CATCCTGAGAGTCATCCGAT_003,116
CATCCTGAGAGTCATCCGAT_004,170
CATCCTGAGAGTCATCCGAT_005,172
CATCCTGAGAGTCATCCGAT_006,178
CATCCTGAGAGTCATCCGAT_007,176
CATCCTGAGAGTCATCCGAT_008,177
CATCCTGAGAGTCATCCGAT_009,40
CATCCTGAGAGTCATCCGAT_010,33
CATCCTGAGAGTCATCCGAT_011,14
CATCCTGAGAGTCATCCGAT_012,115
CATCCTGAGAGTCATCCGAT_013,44
CATCCTGAGAGTCATCCGAT_014,117
CATCCTGAGAGTCATCCGAT_015,137
CATCCTGAGAGTCATCCGAT_016,78
CATCCTGAGAGTCATCCGAT_017,121
CATCCTGAGAGTCATCCGAT_018,82
CATCCTGAGAGTCATCCGAT_019,121
CATCCTGAGAGTCATCCGAT_020,117
CATCCTGAGAGTCATCCGAT_021,13
CATCCTGAGAGTCATCCGAT_022,163
CATCCTGAGAGTCATCCGAT_023,81
CATCCTGAGAGTCATCCGAT_024,29
CATCCTGAGAGTCATCCGAT_025,91
CATCCTGAGAGTCATCCGAT_026,20
CATCCTGAGAGTCATCCGAT_027,35
CATCCTGAGAGTCATCCGAT_028,45
CATCCTGAGAGTCATCCGAT_029,34
CATCCTGAGAGTCATCCGAT_030,4
CATCCTGAGAGTCATCCGAT_031,148
CATCCTGAGAGTCATCCGAT_032,13
CATCCTGAGAGTCATCCGAT_033,137
GACCGACTTGCGAATCACCA_001,29
ACAACTTGGAGTGAAGTCTG_001,139
ACAACTTGGAGTGAAGTCTG_002,149
ACAACTTGGAGTGAAGTCTG_003,172
ACAACTTGGAGTGAAGTCTG_004,92
ACAACTTGGAGTGAAGTCTG_005,9
ACAACTTGGAGTGAAGTCTG_006,194
ACAACTTGGAGTGAAGTCTG_007,52
ACAACTTGGAGTGAAGTCTG_008,178
ACAACTTGGAGTGAAGTCTG_009,188
ACAACTTGGAGTGAAGTCTG_010,39
TCTGCCTGGTGGTGTGACAA_001,94
TCTGCCTGGTGGTGTGACAA_002,48
TCTGCCTGGTGGTGTGACAA_003,193
TCTGCCTGGTGGTGTGACAA_004,82
TCTGCCTGGTGGTGTGACAA_005,119
GGCATGCTCGATGAAGTCGC_001,45
GGCATGCTCGATGAAGTCGC_002,108
GGCATGCTCGATGAAGTCGC_003,106
GGCATGCTCGATGAAGTCGC_004,29
GGCATGCTCGATGAAGTCGC_005,137
GGCATGCTCGATGAAGTCGC_006,87
GGCATGCTCGATGAAGTCGC_007,121
TGTCAAAATCCAGCCGCGAG_001,118
TGTCAAAATCCAGCCGCGAG_002,78
TGTCAAAATCCAGCCGCGAG_003,0
TGTCAAAATCCAGCCGCGAG_004,4
TGTCAAAATCCAGCCGCGAG_005,119
TGTCAAAATCCAGCCGCGAG_006,170
TGTCAAAATCCAGCCGCGAG_007,160
TGTCAAAATCCAGCCGCGAG_008,155
TGTCAAAATCCAGCCGCGAG_009,2
TGTCAAAATCCAGCCGCGAG_010,155
TGTCAAAATCCAGCCGCGAG_011,43
TGTCAAAATCCAGCCGCGAG_012,106
TGTCAAAATCCAGCCGCGAG_013,81
TGTCAAAATCCAGCCGCGAG_014,147
TGTCAAAATCCAGCCGCGAG_015,102
TGTCAAAATCCAGCCGCGAG_016,169
TGTCAAAATCCAGCCGCGAG_017,58
TGTCAAAATCCAGCCGCGAG_018,148
TGTCAAAATCCAGCCGCGAG_019,58
TGTCAAAATCCAGCCGCGAG_020,75
TGTCAAAATCCAGCCGCGAG_021,119
TGTCAAAATCCAGCCGCGAG_022,34
TGTCAAAATCCAGCCGCGAG_023,188
TGTCAAAATCCAGCCGCGAG_024,18
TGTCAAAATCCAGCCGCGAG_025,4
CCTTGACGCTCTACCCATGG_001,184
GCGAGAACCGGACCCCAACG_001,102
GCGAGAACCGGACCCCAACG_002,34
GCGAGAACCGGACCCCAACG_003,128
GCGAGAACCGGACCCCAACG_004,183
GCGAGAACCGGACCCCAACG_005,150
GCGAGAACCGGACCCCAACG_006,55
GCGAGAACCGGACCCCAACG_007,174
GCGAGAACCGGACCCCAACG_008,41
GCGAGAACCGGACCCCAACG_009,141
GCGAGAACCGGACCCCAACG_010,44
GCGAGAACCGGACCCCAACG_011,115
GCGAGAACCGGACCCCAACG_012,142
GCGAGAACCGGACCCCAACG_013,188
GCGAGAACCGGACCCCAACG_014,116
GCGAGAACCGGACCCCAACG_015,1
GCGAGAACCGGACCCCAACG_016,42
GCGAGAACCGGACCCCAACG_017,52
GCGAGAACCGGACCCCAACG_018,158
GCGAGAACCGGACCCCAACG_019,68
GCGAGAACCGGACCCCAACG_020,68
GCGAGAACCGGACCCCAACG_021,66
GCGAGAACCGGACCCCAACG_022,35
TAGCTGGGAGACACTACGGA_001,190
TAGCTGGGAGACACTACGGA_002,122
TAGCTGGGAGACACTACGGA_003,26
TAGCTGGGAGACACTACGGA_004,130
TAGCTGGGAGACACTACGGA_005,9
TAGCTGGGAGACACTACGGA_006,34
TAGCTGGGAGACACTACGGA_007,72
TAGCTGGGAGACACTACGGA_008,4
TTGTGGAGCCCTGATAGACA_001,194
TTGTGGAGCCCTGATAGACA_002,92
TTGTGGAGCCCTGATAGACA_003,27
TTGTGGAGCCCTGATAGACA_004,150
TTGTGGAGCCCTGATAGACA_005,85
TTGTGGAGCCCTGATAGACA_006,127
TTTCAGCTTGGATTTACACT_001,12
TTTCAGCTTGGATTTACACT_002,121
TTTCAGCTTGGATTTACACT_003,105
TTTCAGCTTGGATTTACACT_004,31
TTTCAGCTTGGATTTACACT_005,56
TTTCAGCTTGGATTTACACT_006,177
TTTCAGCTTGGATTTACACT_007,155
TTTCAGCTTGGATTTACACT_008,86
TTTCAGCTTGGATTTACACT_009,145
TTTCAGCTTGGATTTACACT_010,21
TTTCAGCTTGGATTTACACT_011,192
TTTCAGCTTGGATTTACACT_012,69
TTTCAGCTTGGATTTACACT_013,91
TTTCAGCTTGGATTTACACT_014,197
TTTCAGCTTGGATTTACACT_015,78
TTTCAGCTTGGATTTACACT_016,49
TTAAGCAAGCAGAAAATACC_001,108
TTAAGCAAGCAGAAAATACC_002,145
TTAAGCAAGCAGAAAATACC_003,163
TTAAGCAAGCAGAAAATACC_004,49
AAACATCACATGCTGGTAGA_001,122
AAACATCACATGCTGGTAGA_002,92
AAACATCACATGCTGGTAGA_003,98
AAACATCACATGCTGGTAGA_004,65
AAACATCACATGCTGGTAGA_005,58
CAGCTCCTTACCTGACCGTG_001,28
CAGCTCCTTACCTGACCGTG_002,123
CAGCTCCTTACCTGACCGTG_003,69
CAGCTCCTTACCTGACCGTG_004,61
CAGCTCCTTACCTGACCGTG_005,115
CAGCTCCTTACCTGACCGTG_006,145
CAGCTCCTTACCTGACCGTG_007,71
TGGAAAGTACCGATGGAGAG_001,126
TGGAAAGTACCGATGGAGAG_002,17
TGGAAAGTACCGATGGAGAG_003,108
TGGAAAGTACCGATGGAGAG_004,38
TGGAAAGTACCGATGGAGAG_005,175
TGGAAAGTACCGATGGAGAG_006,141
TGGAAAGTACCGATGGAGAG_007,75
TGGAAAGTACCGATGGAGAG_008,75
TGGAAAGTACCGATGGAGAG_009,119
TGGAAAGTACCGATGGAGAG_010,20
TGGAAAGTACCGATGGAGAG_011,75
TGGAAAGTACCGATGGAGAG_012,93
TGGAAAGTACCGATGGAGAG_013,173
TGGAAAGTACCGATGGAGAG_014,145
TGGAAAGTACCGATGGAGAG_015,115
TGGAAAGTACCGATGGAGAG_016,56
TGGAAAGTACCGATGGAGAG_017,169
TGGAAAGTACCGATGGAGAG_018,160
TGGAAAGTACCGATGGAGAG_019,154
TGGAAAGTACCGATGGAGAG_020,19
TGGAAAGTACCGATGGAGAG_021,157
TGGAAAGTACCGATGGAGAG_022,118
TGGAAAGTACCGATGGAGAG_023,127
TGGAAAGTACCGATGGAGAG_024,70
TGGAAAGTACCGATGGAGAG_025,134
ATGTTCTCATCAACAGGACA_001,88
ATGTTCTCATCAACAGGACA_002,157
ATGTTCTCATCAACAGGACA_003,50
ATGTTCTCATCAACAGGACA_004,130
ATGTTCTCATCAACAGGACA_005,107
ATGTTCTCATCAACAGGACA_006,181
ATGTTCTCATCAACAGGACA_007,63
ATGTTCTCATCAACAGGACA_008,134
ATGTTCTCATCAACAGGACA_009,69
ATGTTCTCATCAACAGGACA_010,148
ATGTTCTCATCAACAGGACA_011,59
ATGTTCTCATCAACAGGACA_012,182
ATGTTCTCATCAACAGGACA_013,147
ATGTTCTCATCAACAGGACA_014,121
ATGTTCTCATCAACAGGACA_015,9
ATGTTCTCATCAACAGGACA_016,166
ATGTTCTCATCAACAGGACA_017,77
ATGTTCTCATCAACAGGACA_018,10
ATGTTCTCATCAACAGGACA_019,78
ATGTTCTCATCAACAGGACA_020,188
TTTGAATTTCAGGTCACAAG_001,78
TTTGAATTTCAGGTCACAAG_002,50
TTTGAATTTCAGGTCACAAG_003,80
TTTGAATTTCAGGTCACAAG_004,26
TTTGAATTTCAGGTCACAAG_005,41
GTGCAGCCTCAGAAGTGCAT_001,17
GTGCAGCCTCAGAAGTGCAT_002,37
GTGCAGCCTCAGAAGTGCAT_003,196
GTGCAGCCTCAGAAGTGCAT_004,196
GTGCAGCCTCAGAAGTGCAT_005,34
GTGCAGCCTCAGAAGTGCAT_006,46
TTAAAGAACCAGTTGATACG_001,149
TTAAAGAACCAGTTGATACG_002,149
GCTTACGAAGCACAAAGGAG_001,137
GCTTACGAAGCACAAAGGAG_002,147
GCTTACGAAGCACAAAGGAG_003,19
GCTTACGAAGCACAAAGGAG_004,77
GCTTACGAAGCACAAAGGAG_005,66
GCTTACGAAGCACAAAGGAG_006,125
TGGGGACGTTTATCAATATA_001,146
TGGGGACGTTTATCAATATA_002,54
TGGGGACGTTTATCAATATA_003,50
TGGGGACGTTTATCAATATA_004,158
TGGGGACGTTTATCAATATA_005,120
TGGGGACGTTTATCAATATA_006,83
TGGGGACGTTTATCAATATA_007,105
TGGGGACGTTTATCAATATA_008,152
CGAGGTGTACTATTTCGGGG_001,43
CTTCGAATCGAATACCAAGA_001,186
CTTCGAATCGAATACCAAGA_002,188
CTTCGAATCGAATACCAAGA_003,38
GAGACCCTGACTCTGCAGTG_001,77
GAGACCCTGACTCTGCAGTG_002,71
GAGACCCTGACTCTGCAGTG_003,80
GAGACCCTGACTCTGCAGTG_004,5
GAGACCCTGACTCTGCAGTG_005,23
GAGACCCTGACTCTGCAGTG_006,83
GAGACCCTGACTCTGCAGTG_007,84
GAGACCCTGACTCTGCAGTG_008,62
GAGACCCTGACTCTGCAGTG_009,102
GAGACCCTGACTCTGCAGTG_010,197
GAGACCCTGACTCTGCAGTG_011,116
GAGACCCTGACTCTGCAGTG_012,191
CCCCGAGCTCCACAAAGCAT_001,72
CCCCGAGCTCCACAAAGCAT_002,45
CCCCGAGCTCCACAAAGCAT_003,0
CCCCGAGCTCCACAAAGCAT_004,139
CCCCGAGCTCCACAAAGCAT_005,114
CCCCGAGCTCCACAAAGCAT_006,58
CCCCGAGCTCCACAAAGCAT_007,77
CCCCGAGCTCCACAAAGCAT_008,170
CCCCGAGCTCCACAAAGCAT_009,186
CCCCGAGCTCCACAAAGCAT_010,111
CCCCGAGCTCCACAAAGCAT_011,112
CCCCGAGCTCCACAAAGCAT_012,81
CCCCGAGCTCCACAAAGCAT_013,20
CCCCGAGCTCCACAAAGCAT_014,141
CCCCGAGCTCCACAAAGCAT_015,91
CCCCGAGCTCCACAAAGCAT_016,97
CCCCGAGCTCCACAAAGCAT_017,73
CCCCGAGCTCCACAAAGCAT_018,134
CCCCGAGCTCCACAAAGCAT_019,129
CCCCGAGCTCCACAAAGCAT_020,48
CCCCGAGCTCCACAAAGCAT_021,19
CCCCGAGCTCCACAAAGCAT_022,115
CCCCGAGCTCCACAAAGCAT_023,40
CCCCGAGCTCCACAAAGCAT_024,120
GCTGCAGGCGCTCAACACCG_001,77
GCTGCAGGCGCTCAACACCG_002,50
GCTGCAGGCGCTCAACACCG_003,160
GCTGCAGGCGCTCAACACCG_004,117
GCTGCAGGCGCTCAACACCG_005,149
GCTGCAGGCGCTCAACACCG_006,182
GCTGCAGGCGCTCAACACCG_007,56
GCTGCAGGCGCTCAACACCG_008,116
GCTGCAGGCGCTCAACACCG_009,132
GCTGCAGGCGCTCAACACCG_010,110
GCTGCAGGCGCTCAACACCG_011,120
GCTGCAGGCGCTCAACACCG_012,175
GCTGCAGGCGCTCAACACCG_013,81
GCTGCAGGCGCTCAACACCG_014,19
GCTGCAGGCGCTCAACACCG_015,158
GCTGCAGGCGCTCAACACCG_016,45
AAACTGCGGAACTCGGCCAA_001,62
AAACTGCGGAACTCGGCCAA_002,135
AAACTGCGGAACTCGGCCAA_003,137
AAACTGCGGAACTCGGCCAA_004,12
AAACTGCGGAACTCGGCCAA_005,152
AAACTGCGGAACTCGGCCAA_006,125
AAACTGCGGAACTCGGCCAA_007,146
AAACTGCGGAACTCGGCCAA_008,24
AAACTGCGGAACTCGGCCAA_009,160
AAACTGCGGAACTCGGCCAA_010,29
AAACTGCGGAACTCGGCCAA_011,132
AAACTGCGGAACTCGGCCAA_012,118
AAACTGCGGAACTCGGCCAA_013,188
AAACTGCGGAACTCGGCCAA_014,64
AAACTGCGGAACTCGGCCAA_015,172
AAACTGCGGAACTCGGCCAA_016,63
GGAGAGCCGGGCACACTGCG_001,172
GGAGAGCCGGGCACACTGCG_002,102
GGAGAGCCGGGCACACTGCG_003,16
GGAGAGCCGGGCACACTGCG_004,58
GGAGAGCCGGGCACACTGCG_005,102
GGAGAGCCGGGCACACTGCG_006,68
GGAGAGCCGGGCACACTGCG_007,21
GGAGAGCCGGGCACACTGCG_008,157
GGAGAGCCGGGCACACTGCG_009,20
GGAGAGCCGGGCACACTGCG_010,162
GGAGAGCCGGGCACACTGCG_011,33
GGAGAGCCGGGCACACTGCG_012,128
GGAGAGCCGGGCACACTGCG_013,156
GGAGAGCCGGGCACACTGCG_014,155
GGAGAGCCGGGCACACTGCG_015,30
GGAGAGCCGGGCACACTGCG_016,43
GGAGAGCCGGGCACACTGCG_017,72
GGAGAGCCGGGCACACTGCG_018,115
GGAGAGCCGGGCACACTGCG_019,93
GGAGAGCCGGGCACACTGCG_020,137
GGAGAGCCGGGCACACTGCG_021,168
GGAGAGCCGGGCACACTGCG_022,83
GGAGAGCCGGGCACACTGCG_023,140
GGAGAGCCGGGCACACTGCG_024,158
GGAGAGCCGGGCACACTGCG_025,94
GGAGAGCCGGGCACACTGCG_026,70
GGAGAGCCGGGCACACTGCG_027,62
GGAGAGCCGGGCACACTGCG_028,163
GGAGAGCCGGGCACACTGCG_029,144
GGAGAGCCGGGCACACTGCG_030,122
GGAGAGCCGGGCACACTGCG_031,1
GGAGAGCCGGGCACACTGCG_032,66
GGAGAGCCGGGCACACTGCG_033,162
GGAGAGCCGGGCACACTGCG_034,0
GGAGAGCCGGGCACACTGCG_035,197
GGAGAGCCGGGCACACTGCG_036,153
GGAGAGCCGGGCACACTGCG_037,48
GGAGAGCCGGGCACACTGCG_038,129
GGCTGCGCTGTCCATCGTCC_001,4
GGCTGCGCTGTCCATCGTCC_002,138
GGCTGCGCTGTCCATCGTCC_003,160
GGCTGCGCTGTCCATCGTCC_004,56
GGCTGCGCTGTCCATCGTCC_005,139
TCTACCAAGCTCGTGCTCAA_001,65
TCTACCAAGCTCGTGCTCAA_002,135
TCTACCAAGCTCGTGCTCAA_003,72
TCTACCAAGCTCGTGCTCAA_004,116
TCTACCAAGCTCGTGCTCAA_005,88
TCTACCAAGCTCGTGCTCAA_006,105
TCTACCAAGCTCGTGCTCAA_007,169
TCTACCAAGCTCGTGCTCAA_008,2
TCTACCAAGCTCGTGCTCAA_009,2
TCTACCAAGCTCGTGCTCAA_010,13
TCTACCAAGCTCGTGCTCAA_011,100
TCTACCAAGCTCGTGCTCAA_012,185
TCTACCAAGCTCGTGCTCAA_013,128
TCTACCAAGCTCGTGCTCAA_014,150
TCTACCAAGCTCGTGCTCAA_015,34
TCTACCAAGCTCGTGCTCAA_016,129
TCTACCAAGCTCGTGCTCAA_017,127
TCTACCAAGCTCGTGCTCAA_018,41
TCTACCAAGCTCGTGCTCAA_019,17
TCTACCAAGCTCGTGCTCAA_020,144
TCTACCAAGCTCGTGCTCAA_021,18
TCTACCAAGCTCGTGCTCAA_022,34
TCTACCAAGCTCGTGCTCAA_023,29
TCTACCAAGCTCGTGCTCAA_024,147
TCTACCAAGCTCGTGCTCAA_025,145
TCTACCAAGCTCGTGCTCAA_026,20
TCTACCAAGCTCGTGCTCAA_027,17
TCTACCAAGCTCGTGCTCAA_028,160
TCTACCAAGCTCGTGCTCAA_029,117
TCTACCAAGCTCGTGCTCAA_030,15
GCTCATAAATATAATCCCAG_001,94
GCTCATAAATATAATCCCAG_002,107
AAAAATTGGCTGCCATCTCA_001,97
AAAAATTGGCTGCCATCTCA_002,63
TTGGTCTCCTCTTCATATTG_001,164
TTGGTCTCCTCTTCATATTG_002,137
TTGGTCTCCTCTTCATATTG_003,174
TTGGTCTCCTCTTCATATTG_004,52
AAGGGGGCACAGATTCCCGG_001,7
AAGGGGGCACAGATTCCCGG_002,44
AAGGGGGCACAGATTCCCGG_003,88
AAGGGGGCACAGATTCCCGG_004,158
GGAAGCCGAGATCCCCCGCG_001,105
GGAAGCCGAGATCCCCCGCG_002,136
GGAAGCCGAGATCCCCCGCG_003,104
GGAAGCCGAGATCCCCCGCG_004,58
GGAAGCCGAGATCCCCCGCG_005,15
TGCTGGTCGTGAACACTCTG_001,104
TGCTGGTCGTGAACACTCTG_002,146
TGCTGGTCGTGAACACTCTG_003,185
TGCTGGTCGTGAACACTCTG_004,3
TGCTGGTCGTGAACACTCTG_005,96
TGCTGGTCGTGAACACTCTG_006,60
TGCTGGTCGTGAACACTCTG_007,16
TGCTGGTCGTGAACACTCTG_008,116
TGCTGGTCGTGAACACTCTG_009,24
TGCTGGTCGTGAACACTCTG_010,76
TGCTGGTCGTGAACACTCTG_011,199
TGCTGGTCGTGAACACTCTG_012,149
TGCTGGTCGTGAACACTCTG_013,185
TGCTGGTCGTGAACACTCTG_014,46
TGCTGGTCGTGAACACTCTG_015,19
TGCTGGTCGTGAACACTCTG_016,18
TGCTGGTCGTGAACACTCTG_017,148
CCGACGACAGCAGTTCCCGG_001,116
CCGACGACAGCAGTTCCCGG_002,44
CCGACGACAGCAGTTCCCGG_003,4
CCGACGACAGCAGTTCCCGG_004,181
CCGACGACAGCAGTTCCCGG_005,133
GAGGTACAGCCATATCCCAA_001,16
TTCATGTCTTAAGGTCGAAG_001,14
TTCATGTCTTAAGGTCGAAG_002,12
TTCATGTCTTAAGGTCGAAG_003,140
TTCATGTCTTAAGGTCGAAG_004,189
TTCATGTCTTAAGGTCGAAG_005,29
TTTGAATCTGTAGTAAGGAA_001,29
TTTGAATCTGTAGTAAGGAA_002,154
TTTGAATCTGTAGTAAGGAA_003,169
TTTGAATCTGTAGTAAGGAA_004,88
TTTGAATCTGTAGTAAGGAA_005,130
TTTGAATCTGTAGTAAGGAA_006,68
ACTGCCTGAAGCATCTCATG_001,169
ACTGCCTGAAGCATCTCATG_002,12
AGAGGCAAAGACACTCACAA_001,118
AGAGGCAAAGACACTCACAA_002,146
AGAGGCAAAGACACTCACAA_003,158
AGAGGCAAAGACACTCACAA_004,119
AGAGGCAAAGACACTCACAA_005,48
AGAGGCAAAGACACTCACAA_006,185
AGAGGCAAAGACACTCACAA_007,68
AGAGGCAAAGACACTCACAA_008,165
AGAGGCAAAGACACTCACAA_009,14
AGAGGCAAAGACACTCACAA_010,33
AGAGGCAAAGACACTCACAA_011,166
AGAGGCAAAGACACTCACAA_012,102
AGAGGCAAAGACACTCACAA_013,102
AGAGGCAAAGACACTCACAA_014,34
AGAGGCAAAGACACTCACAA_015,149
AGAGGCAAAGACACTCACAA_016,178
AGAGGCAAAGACACTCACAA_017,108
AGAGGCAAAGACACTCACAA_018,160
AGAGGCAAAGACACTCACAA_019,65
AGAGGCAAAGACACTCACAA_020,88
AGAGGCAAAGACACTCACAA_021,78
AGAGGCAAAGACACTCACAA_022,19
AGAGGCAAAGACACTCACAA_023,141
AGAGGCAAAGACACTCACAA_024,184
AGAGGCAAAGACACTCACAA_025,2
AGAGGCAAAGACACTCACAA_026,23
CTTCGTGATCGACAATGGCG_001,118
CTTCGTGATCGACAATGGCG_002,199
CTTCGTGATCGACAATGGCG_003,181
CTTCGTGATCGACAATGGCG_004,24
CTTCGTGATCGACAATGGCG_005,177
CTTCGTGATCGACAATGGCG_006,68
CTTCGTGATCGACAATGGCG_007,35
CTTCGTGATCGACAATGGCG_008,105
CTTCGTGATCGACAATGGCG_009,82
CTTCGTGATCGACAATGGCG_010,1
CTTCGTGATCGACAATGGCG_011,1
CTTCGTGATCGACAATGGCG_012,115
CTTCGTGATCGACAATGGCG_013,72
CTTCGTGATCGACAATGGCG_014,13
CTTCGTGATCGACAATGGCG_015,184
CTTCGTGATCGACAATGGCG_016,121
CTTCGTGATCGACAATGGCG_017,169
CTTCGTGATCGACAATGGCG_018,136
CTTCGTGATCGACAATGGCG_019,3
GGAAGTATGACAAAAGTGGC_001,199
GGAAGTATGACAAAAGTGGC_002,6
GGAAGTATGACAAAAGTGGC_003,95
GGAAGTATGACAAAAGTGGC_004,49
GGAAGTATGACAAAAGTGGC_005,29
GGAAGTATGACAAAAGTGGC_006,184
GGAAGTATGACAAAAGTGGC_007,136
GGAAGTATGACAAAAGTGGC_008,63
GGAAGTATGACAAAAGTGGC_009,131
GGAAGTATGACAAAAGTGGC_010,131
AACTGCAACTCCAACAGCTG_001,49
AACTGCAACTCCAACAGCTG_002,72
AACTGCAACTCCAACAGCTG_003,56
AACTGCAACTCCAACAGCTG_004,168
AACTGCAACTCCAACAGCTG_005,41
AACTGCAACTCCAACAGCTG_006,42
AACTGCAACTCCAACAGCTG_007,76
AACTGCAACTCCAACAGCTG_008,10
GGGGAAGGACTCCACTAGAG_001,88
GGGGAAGGACTCCACTAGAG_002,162
GGGGAAGGACTCCACTAGAG_003,174
GGGGAAGGACTCCACTAGAG_004,132
GGGGAAGGACTCCACTAGAG_005,66
GGGGAAGGACTCCACTAGAG_006,34
GGGGAAGGACTCCACTAGAG_007,130
GGGGAAGGACTCCACTAGAG_008,88
GGGGAAGGACTCCACTAGAG_009,148
GGGGAAGGACTCCACTAGAG_010,76
GGGGAAGGACTCCACTAGAG_011,192
GGGGAAGGACTCCACTAGAG_012,63
GGGGAAGGACTCCACTAGAG_013,146
GGGGAAGGACTCCACTAGAG_014,15
GGGGAAGGACTCCACTAGAG_015,53
GGGGAAGGACTCCACTAGAG_016,199
GGGGAAGGACTCCACTAGAG_017,34
GGGGAAGGACTCCACTAGAG_018,19
GGGGAAGGACTCCACTAGAG_019,115
GGGGAAGGACTCCACTAGAG_020,124
GGGGAAGGACTCCACTAGAG_021,138
GGGGAAGGACTCCACTAGAG_022,142
GGGGAAGGACTCCACTAGAG_023,108
CTTCACTTATGCATTTCACG_001,55
AAGAGTAAGTTATTTGACGT_001,165
GTTCTCCTGCATCTATGGTG_001,113
GTTCTCCTGCATCTATGGTG_002,48
GTTCTCCTGCATCTATGGTG_003,29
GTTCTCCTGCATCTATGGTG_004,180
GTTCTCCTGCATCTATGGTG_005,116
GTTCTCCTGCATCTATGGTG_006,116
GTTCTCCTGCATCTATGGTG_007,64
GTTCTCCTGCATCTATGGTG_008,9
GCAGGTGTAAGCTGAACTGG_001,132
GCAGGTGTAAGCTGAACTGG_002,190
GCAGGTGTAAGCTGAACTGG_003,190
GCAGGTGTAAGCTGAACTGG_004,94
GCAGGTGTAAGCTGAACTGG_005,162
GCAGGTGTAAGCTGAACTGG_006,163
GCAGGTGTAAGCTGAACTGG_007,113
GCAGGTGTAAGCTGAACTGG_008,94
GCAGGTGTAAGCTGAACTGG_009,38
GCAGGTGTAAGCTGAACTGG_010,59
GCAGGTGTAAGCTGAACTGG_011,199
GCAGGTGTAAGCTGAACTGG_012,137
GCAGGTGTAAGCTGAACTGG_013,130
GCAGGTGTAAGCTGAACTGG_014,56
GCAGGTGTAAGCTGAACTGG_015,78
GCAGGTGTAAGCTGAACTGG_016,11
GCAGGTGTAAGCTGAACTGG_017,196
GCAGGTGTAAGCTGAACTGG_018,50
GCAGGTGTAAGCTGAACTGG_019,16
GCAGGTGTAAGCTGAACTGG_020,28
GCAGGTGTAAGCTGAACTGG_021,126
GCAGGTGTAAGCTGAACTGG_022,185
GCAGGTGTAAGCTGAACTGG_023,191
GTGCCGGGAACAGACTGCGT_001,108
GTGCCGGGAACAGACTGCGT_002,161
GTGCCGGGAACAGACTGCGT_003,64
GTGCCGGGAACAGACTGCGT_004,199
GTGCCGGGAACAGACTGCGT_005,17
GTGCCGGGAACAGACTGCGT_006,141
GTGCCGGGAACAGACTGCGT_007,121
GTGCCGGGAACAGACTGCGT_008,88
GTGCCGGGAACAGACTGCGT_009,68
GTGCCGGGAACAGACTGCGT_010,0
GTGCCGGGAACAGACTGCGT_011,27
GTGCCGGGAACAGACTGCGT_012,190
GTGCCGGGAACAGACTGCGT_013,56
AGAGCCCAACAAACACACAA_001,98
AGAGCCCAACAAACACACAA_002,173
AGAGCCCAACAAACACACAA_003,144
AGAGCCCAACAAACACACAA_004,48
AGAGCCCAACAAACACACAA_005,30
AGAGCCCAACAAACACACAA_006,102
AGAGCCCAACAAACACACAA_007,139
AGAGCCCAACAAACACACAA_008,0
AGAGCCCAACAAACACACAA_009,63
AGAGCCCAACAAACACACAA_010,70
AGAGCCCAACAAACACACAA_011,149
AGGTCCTGAGCGCGGCCAAG_001,191
AGGTCCTGAGCGCGGCCAAG_002,199
AGGTCCTGAGCGCGGCCAAG_003,58
AGGTCCTGAGCGCGGCCAAG_004,199
AGGTCCTGAGCGCGGCCAAG_005,185
AGGTCCTGAGCGCGGCCAAG_006,38
AGGTCCTGAGCGCGGCCAAG_007,43
AGGTCCTGAGCGCGGCCAAG_008,8
AGGTCCTGAGCGCGGCCAAG_009,8
AGGTCCTGAGCGCGGCCAAG_010,84
AGGTCCTGAGCGCGGCCAAG_011,32
TCACCGTCAAGTATGACCGG_001,23
TCACCGTCAAGTATGACCGG_002,90
TCACCGTCAAGTATGACCGG_003,24
TCACCGTCAAGTATGACCGG_004,106
TCACCGTCAAGTATGACCGG_005,29
TCACCGTCAAGTATGACCGG_006,175
TCACCGTCAAGTATGACCGG_007,2
TCACCGTCAAGTATGACCGG_008,56
TCACCGTCAAGTATGACCGG_009,152
TCACCGTCAAGTATGACCGG_010,152
TCACCGTCAAGTATGACCGG_011,105
CACACTGCACTGGTTCCTCA_001,32
CACACTGCACTGGTTCCTCA_002,141
CACACTGCACTGGTTCCTCA_003,192
CACACTGCACTGGTTCCTCA_004,192
CACACTGCACTGGTTCCTCA_005,192
CACACTGCACTGGTTCCTCA_006,60
CACACTGCACTGGTTCCTCA_007,88
CACACTGCACTGGTTCCTCA_008,34
CACACTGCACTGGTTCCTCA_009,140
CACACTGCACTGGTTCCTCA_010,77
CACACTGCACTGGTTCCTCA_011,177
CACACTGCACTGGTTCCTCA_012,169
CTCACATTTGAGGTCCCGGT_001,17
CTCACATTTGAGGTCCCGGT_002,32
CTCACATTTGAGGTCCCGGT_003,19
CTCACATTTGAGGTCCCGGT_004,2
CTCACATTTGAGGTCCCGGT_005,137
CTCACATTTGAGGTCCCGGT_006,15
CTCACATTTGAGGTCCCGGT_007,138
TTTGCAGGCCACTACGAAGG_001,12
TTTGCAGGCCACTACGAAGG_002,74
TTTGCAGGCCACTACGAAGG_003,28
TTTGCAGGCCACTACGAAGG_004,94
TTTGCAGGCCACTACGAAGG_005,185
TTTGCAGGCCACTACGAAGG_006,48
TTTCTGTGAAATTAATCAGG_001,50
TTTCTGTGAAATTAATCAGG_002,156
GCTTGTTGTAATGAGCCAGG_001,16
GCTTGTTGTAATGAGCCAGG_002,74
TCAATAGACAGTGTTCGTCG_001,178
TCAATAGACAGTGTTCGTCG_002,178
CCGGGAAGATGGCGTCCGGT_001,130
CCGGGAAGATGGCGTCCGGT_002,69
TGGTGGACATTCAACGCGAG_001,121
TGGTGGACATTCAACGCGAG_002,105
TGGTGGACATTCAACGCGAG_003,103
TGGTGGACATTCAACGCGAG_004,115
TGGTGGACATTCAACGCGAG_005,149
TGGTGGACATTCAACGCGAG_006,77
TTCATGCATGTAGATGAACC_001,188
TTCATGCATGTAGATGAACC_002,130
TTCATGCATGTAGATGAACC_003,122
AGAGAGACCAACGGTTGTGA_001,152
AGAGAGACCAACGGTTGTGA_002,127
AGAGAGACCAACGGTTGTGA_003,55
AGAGAGACCAACGGTTGTGA_004,157
AGAGAGACCAACGGTTGTGA_005,193
AGAGAGACCAACGGTTGTGA_006,184
AGAGAGACCAACGGTTGTGA_007,77
AGAGAGACCAACGGTTGTGA_008,41
AGAGAGACCAACGGTTGTGA_009,141
AGAGAGACCAACGGTTGTGA_010,49
AGAGAGACCAACGGTTGTGA_011,105
AGAGAGACCAACGGTTGTGA_012,98
AGAGAGACCAACGGTTGTGA_013,117
AGAGAGACCAACGGTTGTGA_014,62
AGAGAGACCAACGGTTGTGA_015,102
AGAGAGACCAACGGTTGTGA_016,77
AGAGAGACCAACGGTTGTGA_017,149
AGAGAGACCAACGGTTGTGA_018,56
AGAGAGACCAACGGTTGTGA_019,61
AGAGAGACCAACGGTTGTGA_020,150
AAACGGTGTGATGAGAGGCA_001,49
AAACGGTGTGATGAGAGGCA_002,115
AAACGGTGTGATGAGAGGCA_003,113
AAACGGTGTGATGAGAGGCA_004,58
AAACGGTGTGATGAGAGGCA_005,50
AAACGGTGTGATGAGAGGCA_006,149
AAACGGTGTGATGAGAGGCA_007,45
AAACGGTGTGATGAGAGGCA_008,38
AAACGGTGTGATGAGAGGCA_009,89
AAACGGTGTGATGAGAGGCA_010,149
AAACGGTGTGATGAGAGGCA_011,169
AAACGGTGTGATGAGAGGCA_012,168
AAACGGTGTGATGAGAGGCA_013,155
AAACGGTGTGATGAGAGGCA_014,34
TTACCAATGTAGCTCCCAAG_001,192
TTACCAATGTAGCTCCCAAG_002,186
TTACCAATGTAGCTCCCAAG_003,11
TTACCAATGTAGCTCCCAAG_004,198
TTACCAATGTAGCTCCCAAG_005,12
TTACCAATGTAGCTCCCAAG_006,166
TTACCAATGTAGCTCCCAAG_007,156
TTACCAATGTAGCTCCCAAG_008,35
ATGTCGAAAGGGAACAACGG_001,97
ATGTCGAAAGGGAACAACGG_002,169
ATGTCGAAAGGGAACAACGG_003,84
ATGTCGAAAGGGAACAACGG_004,152
ATGTCGAAAGGGAACAACGG_005,90
ATGTCGAAAGGGAACAACGG_006,49
ATGTCGAAAGGGAACAACGG_007,15
ATGTCGAAAGGGAACAACGG_008,125
ATGTCGAAAGGGAACAACGG_009,118
ATGTCGAAAGGGAACAACGG_010,183
ATGTCGAAAGGGAACAACGG_011,119
ATGTCGAAAGGGAACAACGG_012,28
ATGTCGAAAGGGAACAACGG_013,71
ATGTCGAAAGGGAACAACGG_014,62
ATGTCGAAAGGGAACAACGG_015,67
ATGTCGAAAGGGAACAACGG_016,146
ATGTCGAAAGGGAACAACGG_017,170
ATGTCGAAAGGGAACAACGG_018,194
ATGTCGAAAGGGAACAACGG_019,178
GATTGTATTAACTACACTAG_001,175
GATTGTATTAACTACACTAG_002,31
GATTGTATTAACTACACTAG_003,17
GATTGTATTAACTACACTAG_004,94
GATTGTATTAACTACACTAG_005,198
GATTGTATTAACTACACTAG_006,149
ATGGGCTGCGATGTACTCAA_001,8
ATGGGCTGCGATGTACTCAA_002,15
ATGGGCTGCGATGTACTCAA_003,28
ATGGGCTGCGATGTACTCAA_004,106
ATGGGCTGCGATGTACTCAA_005,13
ATGGGCTGCGATGTACTCAA_006,41
ATGGGCTGCGATGTACTCAA_007,30
ATGGGCTGCGATGTACTCAA_008,4
ATGGGCTGCGATGTACTCAA_009,192
ATGGGCTGCGATGTACTCAA_010,20
ATGGGCTGCGATGTACTCAA_011,154
ATGGGCTGCGATGTACTCAA_012,116
ATGGGCTGCGATGTACTCAA_013,141
ATGGGCTGCGATGTACTCAA_014,2
ATGGGCTGCGATGTACTCAA_015,17
ATGGGCTGCGATGTACTCAA_016,149
ATGGGCTGCGATGTACTCAA_017,0
ATGGGCTGCGATGTACTCAA_018,30
ATGGGCTGCGATGTACTCAA_019,118
ATGGGCTGCGATGTACTCAA_020,155
ATGGGCTGCGATGTACTCAA_021,70
ATGGGCTGCGATGTACTCAA_022,33
ATGGGCTGCGATGTACTCAA_023,48
GCAAGTGACACGCTGTAGAG_001,180
GCAAGTGACACGCTGTAGAG_002,71
GCAAGTGACACGCTGTAGAG_003,108
GCAAGTGACACGCTGTAGAG_004,157
GCAAGTGACACGCTGTAGAG_005,56
GCAAGTGACACGCTGTAGAG_006,103
GCAAGTGACACGCTGTAGAG_007,104
GAGTGTGATTGAATTCTCCC_001,84
GAGTGTGATTGAATTCTCCC_002,162
GTCTCAGTTCCCATCTAGCA_001,170
GTCTCAGTTCCCATCTAGCA_002,107
GTCTCAGTTCCCATCTAGCA_003,13
GTCTCAGTTCCCATCTAGCA_004,84
GTCTCAGTTCCCATCTAGCA_005,29
GTCTCAGTTCCCATCTAGCA_006,63
GCAGGTGAAGTAAAGCCACA_001,70
GCAGGTGAAGTAAAGCCACA_002,70
ATGTTGATGAAAGACCCTTG_001,167
ATGTTGATGAAAGACCCTTG_002,187
ATGTTGATGAAAGACCCTTG_003,162
CTATAGTGCAAACTTGGATG_001,193
CTATAGTGCAAACTTGGATG_002,47
CTATAGTGCAAACTTGGATG_003,55
CTATAGTGCAAACTTGGATG_004,130
CTATAGTGCAAACTTGGATG_005,57
CTATAGTGCAAACTTGGATG_006,44
CTATAGTGCAAACTTGGATG_007,85
CTATAGTGCAAACTTGGATG_008,85
CTATAGTGCAAACTTGGATG_009,16
CTCACCGTTCACCAGCGCCG_001,189
CTCACCGTTCACCAGCGCCG_002,106
CTCACCGTTCACCAGCGCCG_003,43
CTCACCGTTCACCAGCGCCG_004,60
CTCACCGTTCACCAGCGCCG_005,17
CTCACCGTTCACCAGCGCCG_006,158
CTCACCGTTCACCAGCGCCG_007,83
CTCACCGTTCACCAGCGCCG_008,12
CTCACCGTTCACCAGCGCCG_009,177
CTCACCGTTCACCAGCGCCG_010,6
CTCACCGTTCACCAGCGCCG_011,118
CTCACCGTTCACCAGCGCCG_012,104
CTCACCGTTCACCAGCGCCG_013,196
CTCACCGTTCACCAGCGCCG_014,18
CTCACCGTTCACCAGCGCCG_015,91
CTCACCGTTCACCAGCGCCG_016,137
CTCACCGTTCACCAGCGCCG_017,159
CTCACCGTTCACCAGCGCCG_018,22
CTCACCGTTCACCAGCGCCG_019,158
CTCACCGTTCACCAGCGCCG_020,198
CTCACCGTTCACCAGCGCCG_021,43
CTCACCGTTCACCAGCGCCG_022,152
CTCACCGTTCACCAGCGCCG_023,61
GATCTTCAACAAGAGGACCC_001,33
GATCTTCAACAAGAGGACCC_002,32
GATCTTCAACAAGAGGACCC_003,146
GATCTTCAACAAGAGGACCC_004,20
GATCTTCAACAAGAGGACCC_005,148
GTTTAGGGAGGACTGCCCGC_001,9
GTTTAGGGAGGACTGCCCGC_002,169
GTTTAGGGAGGACTGCCCGC_003,81
GTTTAGGGAGGACTGCCCGC_004,102
GTTTAGGGAGGACTGCCCGC_005,41
GTTTAGGGAGGACTGCCCGC_006,148
GTTTAGGGAGGACTGCCCGC_007,105
GTTTAGGGAGGACTGCCCGC_008,193
GTTTAGGGAGGACTGCCCGC_009,193
GTTTAGGGAGGACTGCCCGC_010,144
GTTTAGGGAGGACTGCCCGC_011,198
GTTTAGGGAGGACTGCCCGC_012,28
GTTTAGGGAGGACTGCCCGC_013,187
GTTTAGGGAGGACTGCCCGC_014,68
CTGCATTATGCATGGAACAA_001,182
CTGCATTATGCATGGAACAA_002,198
CTGCATTATGCATGGAACAA_003,170
CTGCATTATGCATGGAACAA_004,2
CTGCATTATGCATGGAACAA_005,103
CAGACCAAGAATCACTAGAA_001,192
CAGACCAAGAATCACTAGAA_002,16
CAGACCAAGAATCACTAGAA_003,35
CAGACCAAGAATCACTAGAA_004,114
CAGACCAAGAATCACTAGAA_005,144
CAGACCAAGAATCACTAGAA_006,77
CAGACCAAGAATCACTAGAA_007,138
CAGACCAAGAATCACTAGAA_008,77
CAGACCAAGAATCACTAGAA_009,43
CAGACCAAGAATCACTAGAA_010,76
CAGACCAAGAATCACTAGAA_011,180
CAGACCAAGAATCACTAGAA_012,17
CAGACCAAGAATCACTAGAA_013,199
CAGACCAAGAATCACTAGAA_014,68
CAGACCAAGAATCACTAGAA_015,138
TGGGCAAGCTGGCGGAGAGA_001,185
TGGGCAAGCTGGCGGAGAGA_002,21
TGGGCAAGCTGGCGGAGAGA_003,70
TGGGCAAGCTGGCGGAGAGA_004,130
TGGGCAAGCTGGCGGAGAGA_005,29
TGGGCAAGCTGGCGGAGAGA_006,3
TGGGTGCCTGTTACCGTCGA_001,61
TGGGTGCCTGTTACCGTCGA_002,28
TGGGTGCCTGTTACCGTCGA_003,102
GCGGCGTCCTTGGACAAAGG_001,62
GCGGCGTCCTTGGACAAAGG_002,128
GCGGCGTCCTTGGACAAAGG_003,34
GCGGCGTCCTTGGACAAAGG_004,52
GCGGCGTCCTTGGACAAAGG_005,88
TTCTGACTTGATGTGTACAG_001,53
TTCTGACTTGATGTGTACAG_002,105
TTCTGACTTGATGTGTACAG_003,127
TTCTGACTTGATGTGTACAG_004,70
TTCTGACTTGATGTGTACAG_005,78
TTCTGACTTGATGTGTACAG_006,22
TTCTGACTTGATGTGTACAG_007,51
TTCTGACTTGATGTGTACAG_008,154
TTCTGACTTGATGTGTACAG_009,18
TTCTGACTTGATGTGTACAG_010,1
TTCTGACTTGATGTGTACAG_011,60
TTCTGACTTGATGTGTACAG_012,85
TTCTGACTTGATGTGTACAG_013,144
TTCTGACTTGATGTGTACAG_014,30
TTCTGACTTGATGTGTACAG_015,124
TTCTGACTTGATGTGTACAG_016,199
GAAGTGACAAGACATATCTG_001,189
GAAGTGACAAGACATATCTG_002,139
GAAGTGACAAGACATATCTG_003,29
GAAGTGACAAGACATATCTG_004,184
GAAGTGACAAGACATATCTG_005,19
GAAGTGACAAGACATATCTG_006,82
GAAGTGACAAGACATATCTG_007,34
GTCACGCCCAATAACCGCTA_001,117
GTCACGCCCAATAACCGCTA_002,76
GTCACGCCCAATAACCGCTA_003,102
GTCACGCCCAATAACCGCTA_004,106
GTCACGCCCAATAACCGCTA_005,140
GTCACGCCCAATAACCGCTA_006,41
GTCACGCCCAATAACCGCTA_007,85
GTCACGCCCAATAACCGCTA_008,107
GTCACGCCCAATAACCGCTA_009,76
GTCACGCCCAATAACCGCTA_010,102
GTCACGCCCAATAACCGCTA_011,48
GTCACGCCCAATAACCGCTA_012,62
GTCACGCCCAATAACCGCTA_013,11
GTCACGCCCAATAACCGCTA_014,51
GTCACGCCCAATAACCGCTA_015,144
GTCACGCCCAATAACCGCTA_016,190
GTCACGCCCAATAACCGCTA_017,172
GTCACGCCCAATAACCGCTA_018,22
GTCACGCCCAATAACCGCTA_019,98
GTCACGCCCAATAACCGCTA_020,113
GTCACGCCCAATAACCGCTA_021,10
GTCACGCCCAATAACCGCTA_022,127
GTCACGCCCAATAACCGCTA_023,113
AGAATGGTAATCTCTATCTG_001,165
AGAATGGTAATCTCTATCTG_002,69
AGAATGGTAATCTCTATCTG_003,0
GTCCCCAACTAAGAAGACCT_001,118
GTCCCCAACTAAGAAGACCT_002,199
GTCCCCAACTAAGAAGACCT_003,170
GTCCCCAACTAAGAAGACCT_004,129
GTCCCCAACTAAGAAGACCT_005,116
GTCCCCAACTAAGAAGACCT_006,52
GTCCCCAACTAAGAAGACCT_007,91
GTCCCCAACTAAGAAGACCT_008,127
GTCCCCAACTAAGAAGACCT_009,64
GTCCCCAACTAAGAAGACCT_010,23
GTCCCCAACTAAGAAGACCT_011,153
GTCCCCAACTAAGAAGACCT_012,108
GTCCCCAACTAAGAAGACCT_013,78
GTCCCCAACTAAGAAGACCT_014,98
GTCCCCAACTAAGAAGACCT_015,174
GTCCCCAACTAAGAAGACCT_016,29
GTCCCCAACTAAGAAGACCT_017,137
GTCCCCAACTAAGAAGACCT_018,135
GTCCCCAACTAAGAAGACCT_019,141
GTCCCCAACTAAGAAGACCT_020,77
GTCCCCAACTAAGAAGACCT_021,114
GTCCCCAACTAAGAAGACCT_022,56
GTCCCCAACTAAGAAGACCT_023,106
GTCCCCAACTAAGAAGACCT_024,63
GTCCCCAACTAAGAAGACCT_025,63
GTCCCCAACTAAGAAGACCT_026,183
AGCTCAAAGAAAATGGACAG_001,84
AGCTCAAAGAAAATGGACAG_002,106
AGCTCAAAGAAAATGGACAG_003,65
AGCTCAAAGAAAATGGACAG_004,130
AGCTCAAAGAAAATGGACAG_005,28
AGCTCAAAGAAAATGGACAG_006,89
AGCTCAAAGAAAATGGACAG_007,174
AGCTCAAAGAAAATGGACAG_008,115
AGCTCAAAGAAAATGGACAG_009,50
AGCTCAAAGAAAATGGACAG_010,90
AGCTCAAAGAAAATGGACAG_011,199
AGCTCAAAGAAAATGGACAG_012,76
AGCTCAAAGAAAATGGACAG_013,188
AGCTCAAAGAAAATGGACAG_014,166
AGCTCAAAGAAAATGGACAG_015,175
AGCTCAAAGAAAATGGACAG_016,130
AGCTCAAAGAAAATGGACAG_017,158
AGCTCAAAGAAAATGGACAG_018,165
AGCTCAAAGAAAATGGACAG_019,53
AGCTCAAAGAAAATGGACAG_020,101
AGCTCAAAGAAAATGGACAG_021,110
AGCTCAAAGAAAATGGACAG_022,44
AGCTCAAAGAAAATGGACAG_023,96
AGCTCAAAGAAAATGGACAG_024,198
AGCTCAAAGAAAATGGACAG_025,25
AGCTCAAAGAAAATGGACAG_026,6
AGCTCAAAGAAAATGGACAG_027,199
AGCTCAAAGAAAATGGACAG_028,72
AGCTCAAAGAAAATGGACAG_029,113
AGCTCAAAGAAAATGGACAG_030,37
AGCTCAAAGAAAATGGACAG_031,190
CCAGTTTGGCTACAACACTG_001,169
CCAGTTTGGCTACAACACTG_002,18
CCAGTTTGGCTACAACACTG_003,60
CCAGTTTGGCTACAACACTG_004,120
CCAGTTTGGCTACAACACTG_005,12
CCAGTTTGGCTACAACACTG_006,102
GAAGATGATAAGGACCACAA_001,42
GAAGATGATAAGGACCACAA_002,96
GAAGATGATAAGGACCACAA_003,61
GAAGATGATAAGGACCACAA_004,17
AGGAGAGCGGATCCCAGACG_001,196
AGGAGAGCGGATCCCAGACG_002,112
AGGAGAGCGGATCCCAGACG_003,42
AGGAGAGCGGATCCCAGACG_004,16
AGGAGAGCGGATCCCAGACG_005,150
AGGAGAGCGGATCCCAGACG_006,163
ACTCATGACGGGTATTACAG_001,162
ACTCATGACGGGTATTACAG_002,44
ACTCATGACGGGTATTACAG_003,141
ACTCATGACGGGTATTACAG_004,69
AGAAAGCAAAAACGAATATG_001,144
AGAAAGCAAAAACGAATATG_002,198
AGAAAGCAAAAACGAATATG_003,0
AGAAAGCAAAAACGAATATG_004,199
AGAAAGCAAAAACGAATATG_005,85
AGAAAGCAAAAACGAATATG_006,27
AGAAAGCAAAAACGAATATG_007,84
AGAAAGCAAAAACGAATATG_008,8
AGAAAGCAAAAACGAATATG_009,5
AGAAAGCAAAAACGAATATG_010,20
AGAAAGCAAAAACGAATATG_011,57
ACTCTACCATCATGACACAA_001,41
ATGTCCTCGAACTGAAACAG_001,133
ATGTCCTCGAACTGAAACAG_002,154
ATGTCCTCGAACTGAAACAG_003,26
ATGTCCTCGAACTGAAACAG_004,61
ATGTCCTCGAACTGAAACAG_005,122
ATGTCCTCGAACTGAAACAG_006,69
ATGTCCTCGAACTGAAACAG_007,168
ATGTCCTCGAACTGAAACAG_008,61
ATGTCCTCGAACTGAAACAG_009,88
ATGTCCTCGAACTGAAACAG_010,96
ATGTCCTCGAACTGAAACAG_011,158
ATGTCCTCGAACTGAAACAG_012,193
ATGTCCTCGAACTGAAACAG_013,175
ATGTCCTCGAACTGAAACAG_014,25
ATGTCCTCGAACTGAAACAG_015,189
ATGTCCTCGAACTGAAACAG_016,150
ATGTCCTCGAACTGAAACAG_017,136
ATGTCCTCGAACTGAAACAG_018,144
ATGTCCTCGAACTGAAACAG_019,82
ATGTCCTCGAACTGAAACAG_020,12
ATGTCCTCGAACTGAAACAG_021,37
ATGTCCTCGAACTGAAACAG_022,186
CCTGTTCCTACGCGTCTACG_001,113
CCTGTTCCTACGCGTCTACG_002,6
CCTGTTCCTACGCGTCTACG_003,6
CCTGTTCCTACGCGTCTACG_004,124
CCTGTTCCTACGCGTCTACG_005,86
TGGGGATTGGACTGAACCTG_001,2
TGGGGATTGGACTGAACCTG_002,199
TGGGGATTGGACTGAACCTG_003,27
TGGGGATTGGACTGAACCTG_004,28
TGGGGATTGGACTGAACCTG_005,1
TGGGGATTGGACTGAACCTG_006,32
TGGGGATTGGACTGAACCTG_007,149
TGGGGATTGGACTGAACCTG_008,15
TGGGGATTGGACTGAACCTG_009,117
TGGGGATTGGACTGAACCTG_010,159
TGGGGATTGGACTGAACCTG_011,68
TGGGGATTGGACTGAACCTG_012,199
TGGGGATTGGACTGAACCTG_013,151
TGGGGATTGGACTGAACCTG_014,174
TGGGGATTGGACTGAACCTG_015,29
TGGGGATTGGACTGAACCTG_016,35
TGGGGATTGGACTGAACCTG_017,52
TGGGGATTGGACTGAACCTG_018,48
TGGGGATTGGACTGAACCTG_019,140
TGGGGATTGGACTGAACCTG_020,149
TGGGGATTGGACTGAACCTG_021,11
TGGGGATTGGACTGAACCTG_022,169
TGGGGATTGGACTGAACCTG_023,1
TGGGGATTGGACTGAACCTG_024,56
CAGTCCTGTGAACCTACAAG_001,170
CAGTCCTGTGAACCTACAAG_002,2
CAGTCCTGTGAACCTACAAG_003,183
CAGTCCTGTGAACCTACAAG_004,98
CAGTCCTGTGAACCTACAAG_005,72
CAGTCCTGTGAACCTACAAG_006,24
CAGTCCTGTGAACCTACAAG_007,151
ACGGAGACTCTGGCACATGG_001,159
ACGGAGACTCTGGCACATGG_002,120
ACGGAGACTCTGGCACATGG_003,144
ACGGAGACTCTGGCACATGG_004,113
ACGGAGACTCTGGCACATGG_005,164
ACGGAGACTCTGGCACATGG_006,164
ACGGAGACTCTGGCACATGG_007,42
ACGGAGACTCTGGCACATGG_008,107
ACGGAGACTCTGGCACATGG_009,117
ACGGAGACTCTGGCACATGG_010,101
ACGGAGACTCTGGCACATGG_011,6
ACGGAGACTCTGGCACATGG_012,139
ACGGAGACTCTGGCACATGG_013,193
ACGGAGACTCTGGCACATGG_014,74
ACGGAGACTCTGGCACATGG_015,35
ACGGAGACTCTGGCACATGG_016,49
ACGGAGACTCTGGCACATGG_017,7
GTGGATGGAAGTAACTTGGA_001,190
GTGGATGGAAGTAACTTGGA_002,190
GTGGATGGAAGTAACTTGGA_003,19
GTGGATGGAAGTAACTTGGA_004,155
GTGGATGGAAGTAACTTGGA_005,183
GCACCATTATGACTCACTAC_001,137
GCTCCTAAGATCTCGGCGAC_001,40
GCTCCTAAGATCTCGGCGAC_002,185
GCTCCTAAGATCTCGGCGAC_003,1
GCTCCTAAGATCTCGGCGAC_004,177
GCTCCTAAGATCTCGGCGAC_005,174
GTGCATGCATCAATGAGAAG_001,28
GTGCATGCATCAATGAGAAG_002,158
GTGCATGCATCAATGAGAAG_003,60
GTGCATGCATCAATGAGAAG_004,42
GTGCATGCATCAATGAGAAG_005,28
GTGCATGCATCAATGAGAAG_006,19
CTATTGCCTTCACCTTATAG_001,81
CTATTGCCTTCACCTTATAG_002,140
CTATTGCCTTCACCTTATAG_003,148
CTATTGCCTTCACCTTATAG_004,41
CTATTGCCTTCACCTTATAG_005,63
TATTCTGTCATCATGAGATG_001,26
TATTCTGTCATCATGAGATG_002,88
TATTCTGTCATCATGAGATG_003,178
TATTCTGTCATCATGAGATG_004,108
TATTCTGTCATCATGAGATG_005,9
TATTCTGTCATCATGAGATG_006,61
TATTCTGTCATCATGAGATG_007,3
TATTCTGTCATCATGAGATG_008,166
TATTCTGTCATCATGAGATG_009,166
GAAACTGTCCCTTGACAAAG_001,184
GAAACTGTCCCTTGACAAAG_002,36
GAAACTGTCCCTTGACAAAG_003,68
GAAACTGTCCCTTGACAAAG_004,84
GAAACTGTCCCTTGACAAAG_005,49
GAAACTGTCCCTTGACAAAG_006,73
TAATTCGGAGAAACTAAGAG_001,57
TAATTCGGAGAAACTAAGAG_002,15
TAATTCGGAGAAACTAAGAG_003,132
TAATTCGGAGAAACTAAGAG_004,190
ACTGTAGCACACTTGACGAC_001,113
ACTGTAGCACACTTGACGAC_002,182
ACTGTAGCACACTTGACGAC_003,185
ACTGTAGCACACTTGACGAC_004,41
ACTGTAGCACACTTGACGAC_005,128
ACTGTAGCACACTTGACGAC_006,144
TGCCTATTATCTGAGCTCCG_001,105
TGCCTATTATCTGAGCTCCG_002,78
TGCCTATTATCTGAGCTCCG_003,8
TGCCTATTATCTGAGCTCCG_004,17
TGCCTATTATCTGAGCTCCG_005,186
TGCCTATTATCTGAGCTCCG_006,197
CCAGCGCCAGTACTTCAAGG_001,82
CCAGCGCCAGTACTTCAAGG_002,26
TGTGGACAAGCATTCCACAG_001,51
TGTGGACAAGCATTCCACAG_002,35
TGTGGACAAGCATTCCACAG_003,141
TGTGGACAAGCATTCCACAG_004,9
TGTGGACAAGCATTCCACAG_005,103
TGTGGACAAGCATTCCACAG_006,10
GCTTTGAAATCAGAGACATG_001,22
GCTTTGAAATCAGAGACATG_002,193
GCTTTGAAATCAGAGACATG_003,56
GCTTTGAAATCAGAGACATG_004,80
GCTTTGAAATCAGAGACATG_005,80
GCTTTGAAATCAGAGACATG_006,70
GCTTTGAAATCAGAGACATG_007,103
GCTTTGAAATCAGAGACATG_008,171
GCTTTGAAATCAGAGACATG_009,97
GCTTTGAAATCAGAGACATG_010,6
AAACTCAGTGAGTGTTACAG_001,118
AAACTCAGTGAGTGTTACAG_002,116
AAACTCAGTGAGTGTTACAG_003,127
TCCAGCGGGAAACTTGGGAT_001,146
TCCAGCGGGAAACTTGGGAT_002,47
TCCAGCGGGAAACTTGGGAT_003,70
TCCAGCGGGAAACTTGGGAT_004,176
TCCAGCGGGAAACTTGGGAT_005,50
TCCAGCGGGAAACTTGGGAT_006,196
TCCAGCGGGAAACTTGGGAT_007,111
TCCAGCGGGAAACTTGGGAT_008,151
TCCAGCGGGAAACTTGGGAT_009,49
TCCAGCGGGAAACTTGGGAT_010,50
TCCAGCGGGAAACTTGGGAT_011,2
TCCAGCGGGAAACTTGGGAT_012,41
TCCAGCGGGAAACTTGGGAT_013,168
TCCAGCGGGAAACTTGGGAT_014,28
TCCAGCGGGAAACTTGGGAT_015,113
TCCAGCGGGAAACTTGGGAT_016,144
TCCAGCGGGAAACTTGGGAT_017,56
TCCAGCGGGAAACTTGGGAT_018,81
TCCAGCGGGAAACTTGGGAT_019,61
GGCACGAGGAGTTCACAAGG_001,77
GGCACGAGGAGTTCACAAGG_002,78
GGCACGAGGAGTTCACAAGG_003,28
GGCACGAGGAGTTCACAAGG_004,145
GGCACGAGGAGTTCACAAGG_005,63
GGCACGAGGAGTTCACAAGG_006,163
GGCACGAGGAGTTCACAAGG_007,137
GGCACGAGGAGTTCACAAGG_008,147
GGCACGAGGAGTTCACAAGG_009,43
GGCACGAGGAGTTCACAAGG_010,15
GGCACGAGGAGTTCACAAGG_011,148
GGCACGAGGAGTTCACAAGG_012,151
GGCACGAGGAGTTCACAAGG_013,147
GGCACGAGGAGTTCACAAGG_014,162
GGCACGAGGAGTTCACAAGG_015,101
GGCACGAGGAGTTCACAAGG_016,15
GGCACGAGGAGTTCACAAGG_017,57
GGCACGAGGAGTTCACAAGG_018,158
GGCACGAGGAGTTCACAAGG_019,24
GGCACGAGGAGTTCACAAGG_020,149
GGCACGAGGAGTTCACAAGG_021,120
GGCACGAGGAGTTCACAAGG_022,127
GGCACGAGGAGTTCACAAGG_023,58
GGCACGAGGAGTTCACAAGG_024,102
GGCACGAGGAGTTCACAAGG_025,94
GGCACGAGGAGTTCACAAGG_026,81
GGCACGAGGAGTTCACAAGG_027,121
GGCACGAGGAGTTCACAAGG_028,57
GGCACGAGGAGTTCACAAGG_029,51
GGCACGAGGAGTTCACAAGG_030,117
GGCACGAGGAGTTCACAAGG_031,12
GGCACGAGGAGTTCACAAGG_032,134
GGCACGAGGAGTTCACAAGG_033,193
GGCACGAGGAGTTCACAAGG_034,2
GGCACGAGGAGTTCACAAGG_035,141
GGCACGAGGAGTTCACAAGG_036,104
GGCACGAGGAGTTCACAAGG_037,48
GGCACGAGGAGTTCACAAGG_038,131
GGCACGAGGAGTTCACAAGG_039,53
GGCACGAGGAGTTCACAAGG_040,39
GGCACGAGGAGTTCACAAGG_041,179
GGCACGAGGAGTTCACAAGG_042,126
ACAAGTGGGCGACTCAACAA_001,26
ACAAGTGGGCGACTCAACAA_002,75
ACAAGTGGGCGACTCAACAA_003,141
ACAAGTGGGCGACTCAACAA_004,17
TCTGAAAGAGAATTACGCCG_001,46
AGCACCGGCAGATTCACCCA_001,47
AGCACCGGCAGATTCACCCA_002,97
AGCACCGGCAGATTCACCCA_003,105
AGCACCGGCAGATTCACCCA_004,31
AGCACCGGCAGATTCACCCA_005,194
AGCACCGGCAGATTCACCCA_006,18
AGCACCGGCAGATTCACCCA_007,111
AGCACCGGCAGATTCACCCA_008,91
AGCACCGGCAGATTCACCCA_009,191
AGCACCGGCAGATTCACCCA_010,104
AGCACCGGCAGATTCACCCA_011,63
AGCACCGGCAGATTCACCCA_012,46
AGCACCGGCAGATTCACCCA_013,73
AGCACCGGCAGATTCACCCA_014,161
AGCACCGGCAGATTCACCCA_015,179
AGCACCGGCAGATTCACCCA_016,120
AGCACCGGCAGATTCACCCA_017,52
AGCACCGGCAGATTCACCCA_018,91
GGGAGACACTGACAGAGGGT_001,65
GGGAGACACTGACAGAGGGT_002,141
GGGAGACACTGACAGAGGGT_003,132
GGGAGACACTGACAGAGGGT_004,49
GGGAGACACTGACAGAGGGT_005,197
GGGAGACACTGACAGAGGGT_006,27
GGGAGACACTGACAGAGGGT_007,182
GGGAGACACTGACAGAGGGT_008,22
GGGAGACACTGACAGAGGGT_009,148
GGGAGACACTGACAGAGGGT_010,148
GGGAGACACTGACAGAGGGT_011,168
GGGAGACACTGACAGAGGGT_012,101
GGGAGACACTGACAGAGGGT_013,132
GGGAGACACTGACAGAGGGT_014,168
GGGAGACACTGACAGAGGGT_015,124
GGGAGACACTGACAGAGGGT_016,81
GGGAGACACTGACAGAGGGT_017,78
GGGAGACACTGACAGAGGGT_018,63
GGGAGACACTGACAGAGGGT_019,166
GGGAGACACTGACAGAGGGT_020,67
GGGAGACACTGACAGAGGGT_021,192
GGGAGACACTGACAGAGGGT_022,168
AGAAACGTGAGAGATCTGGT_001,162
AGAAACGTGAGAGATCTGGT_002,9
AGAAACGTGAGAGATCTGGT_003,56
AGAAACGTGAGAGATCTGGT_004,19
AGAAACGTGAGAGATCTGGT_005,48
AGAAACGTGAGAGATCTGGT_006,28
AGAAACGTGAGAGATCTGGT_007,98
AGAAACGTGAGAGATCTGGT_008,118
GCACGATCGATTGGTATGAG_001,125
GCACGATCGATTGGTATGAG_002,47
GCACGATCGATTGGTATGAG_003,158
GCACGATCGATTGGTATGAG_004,50
GCACGATCGATTGGTATGAG_005,26
GCACGATCGATTGGTATGAG_006,42
GCACGATCGATTGGTATGAG_007,84
GCACGATCGATTGGTATGAG_008,30
GCACGATCGATTGGTATGAG_009,67
GCACGATCGATTGGTATGAG_010,126
GCACGATCGATTGGTATGAG_011,191
GCACGATCGATTGGTATGAG_012,149
GCACGATCGATTGGTATGAG_013,50
GCACGATCGATTGGTATGAG_014,140
GCACGATCGATTGGTATGAG_015,118
GCACGATCGATTGGTATGAG_016,176
GCACGATCGATTGGTATGAG_017,67
GCACGATCGATTGGTATGAG_018,67
GCACGATCGATTGGTATGAG_019,72
GCACGATCGATTGGTATGAG_020,63
GCACGATCGATTGGTATGAG_021,98
GCACGATCGATTGGTATGAG_022,135
GCACGATCGATTGGTATGAG_023,108
GCACGATCGATTGGTATGAG_024,6
GCACGATCGATTGGTATGAG_025,10
GCACGATCGATTGGTATGAG_026,88
GCACGATCGATTGGTATGAG_027,40
GCACGATCGATTGGTATGAG_028,149
GCACGATCGATTGGTATGAG_029,5
GCACGATCGATTGGTATGAG_030,42
GCACGATCGATTGGTATGAG_031,102
GCACGATCGATTGGTATGAG_032,78
CTGACTGCTCAGACAGACTC_001,10
CTGACTGCTCAGACAGACTC_002,138
CTGACTGCTCAGACAGACTC_003,159
CTGACTGCTCAGACAGACTC_004,30
CTGACTGCTCAGACAGACTC_005,82
GGATATTCAAATCCAAACGA_001,50
GGATATTCAAATCCAAACGA_002,30
GGATATTCAAATCCAAACGA_003,15
GGATATTCAAATCCAAACGA_004,160
GGATATTCAAATCCAAACGA_005,32
CGAGTGCGCCGGCATGTCGG_001,130
CGAGTGCGCCGGCATGTCGG_002,16
CGAGTGCGCCGGCATGTCGG_003,109
CGAGTGCGCCGGCATGTCGG_004,70
CGAGTGCGCCGGCATGTCGG_005,137
CGAGTGCGCCGGCATGTCGG_006,81
GAACCTGGACGTCCATACAT_001,132
GAACCTGGACGTCCATACAT_002,59
GAACCTGGACGTCCATACAT_003,78
GAACCTGGACGTCCATACAT_004,19
GAACCTGGACGTCCATACAT_005,12
GAACCTGGACGTCCATACAT_006,107
GAACCTGGACGTCCATACAT_007,15
GAACCTGGACGTCCATACAT_008,121
GAACCTGGACGTCCATACAT_009,113
GAACCTGGACGTCCATACAT_010,5
GAACCTGGACGTCCATACAT_011,19
GAACCTGGACGTCCATACAT_012,160
GAACCTGGACGTCCATACAT_013,140
GAACCTGGACGTCCATACAT_014,80
GAACCTGGACGTCCATACAT_015,76
GAACCTGGACGTCCATACAT_016,48
GAACCTGGACGTCCATACAT_017,165
GAACCTGGACGTCCATACAT_018,174
GAACCTGGACGTCCATACAT_019,138
GAACCTGGACGTCCATACAT_020,46
ACAACATCAAAGTCCTGGAG_001,101
ACAACATCAAAGTCCTGGAG_002,105
ACAACATCAAAGTCCTGGAG_003,9
ACAACATCAAAGTCCTGGAG_004,184
ACAACATCAAAGTCCTGGAG_005,3
ACAACATCAAAGTCCTGGAG_006,198
ACAACATCAAAGTCCTGGAG_007,110
CCTCGGAGGACTGCTCATGG_001,44
CCTCGGAGGACTGCTCATGG_002,48
CCTCGGAGGACTGCTCATGG_003,105
CCTCGGAGGACTGCTCATGG_004,30
CCTCGGAGGACTGCTCATGG_005,145
CCTCGGAGGACTGCTCATGG_006,174
CCTCGGAGGACTGCTCATGG_007,167
CCTCGGAGGACTGCTCATGG_008,104
CCTCGGAGGACTGCTCATGG_009,68
CCTCGGAGGACTGCTCATGG_010,153
CCTCGGAGGACTGCTCATGG_011,68
AAGTCAAATCTGGAACCAAG_001,17
AAGTCAAATCTGGAACCAAG_002,36
AAGTCAAATCTGGAACCAAG_003,112
AAGTCAAATCTGGAACCAAG_004,35
GGTGAGCGCGATCATGACGT_001,168
GGTGAGCGCGATCATGACGT_002,57
TGCACCCGATGGAAGCGGGT_001,65
TGCACCCGATGGAAGCGGGT_002,114
TGCACCCGATGGAAGCGGGT_003,114
TGGCTTTGATGAGATAAGGA_001,196
TGGCTTTGATGAGATAAGGA_002,117
TGGCTTTGATGAGATAAGGA_003,22
TGGCTTTGATGAGATAAGGA_004,147
TGGCTTTGATGAGATAAGGA_005,181
CAGAATTCATCACAAACGCA_001,165
CAGAATTCATCACAAACGCA_002,160
CAGAATTCATCACAAACGCA_003,32
CAGAATTCATCACAAACGCA_004,137
CAGAATTCATCACAAACGCA_005,48
CAGAATTCATCACAAACGCA_006,29
CAGAATTCATCACAAACGCA_007,157
CAGAATTCATCACAAACGCA_008,168
CAGAATTCATCACAAACGCA_009,81
GAGAAACGTACACCACCAGG_001,113
GGGCGGCCCGACCCCCCAGG_001,196
GGGCGGCCCGACCCCCCAGG_002,131
GGGCGGCCCGACCCCCCAGG_003,162
GGGCGGCCCGACCCCCCAGG_004,107
GGGCGGCCCGACCCCCCAGG_005,171
GGGCGGCCCGACCCCCCAGG_006,19
GGGCGGCCCGACCCCCCAGG_007,169
GGGCGGCCCGACCCCCCAGG_008,102
GGGCGGCCCGACCCCCCAGG_009,82
GGGCGGCCCGACCCCCCAGG_010,113
GGGCGGCCCGACCCCCCAGG_011,174
GGGCGGCCCGACCCCCCAGG_012,144
GGGCGGCCCGACCCCCCAGG_013,177
GGGCGGCCCGACCCCCCAGG_014,116
GGGCGGCCCGACCCCCCAGG_015,34
GGGCGGCCCGACCCCCCAGG_016,170
GGGCGGCCCGACCCCCCAGG_017,178
GGGCGGCCCGACCCCCCAGG_018,82
GGGCGGCCCGACCCCCCAGG_019,68
GGGCGGCCCGACCCCCCAGG_020,144
GGGCGGCCCGACCCCCCAGG_021,198
GGGCGGCCCGACCCCCCAGG_022,80
GGGCGGCCCGACCCCCCAGG_023,102
TGTGCAGGCTGCCACTACTG_001,187
TGTGCAGGCTGCCACTACTG_002,166
TGTGCAGGCTGCCACTACTG_003,34
TGTGCAGGCTGCCACTACTG_004,166
TGTGCAGGCTGCCACTACTG_005,143
TGTGCAGGCTGCCACTACTG_006,143
TGTGCAGGCTGCCACTACTG_007,12
TGTGCAGGCTGCCACTACTG_008,160
TGTGCAGGCTGCCACTACTG_009,101
TGTGCAGGCTGCCACTACTG_010,27
TGTGCAGGCTGCCACTACTG_011,96
TGTGCAGGCTGCCACTACTG_012,50
TGTGCAGGCTGCCACTACTG_013,147
TGTGCAGGCTGCCACTACTG_014,73
TGTGCAGGCTGCCACTACTG_015,72
TGTGCAGGCTGCCACTACTG_016,57
AGCCCAGGTACAATGGATGG_001,23
AGCCCAGGTACAATGGATGG_002,175
AGCCCAGGTACAATGGATGG_003,55
AGCCCAGGTACAATGGATGG_004,70
AGCCCAGGTACAATGGATGG_005,1
GCTGGAAACTTACACTCCTG_001,6
GCTGGAAACTTACACTCCTG_002,121
GCTGGAAACTTACACTCCTG_003,188
GCTGGAAACTTACACTCCTG_004,19
GCTGGAAACTTACACTCCTG_005,114
GCTGGAAACTTACACTCCTG_006,69
GCTGGAAACTTACACTCCTG_007,155
GCTGGAAACTTACACTCCTG_008,106
GCTGGAAACTTACACTCCTG_009,108
TGAGTCGGTCATGAAGATCG_001,107
TGAGTCGGTCATGAAGATCG_002,72
TGAGTCGGTCATGAAGATCG_003,5
TGAGTCGGTCATGAAGATCG_004,199
TGAGTCGGTCATGAAGATCG_005,176
TGAGTCGGTCATGAAGATCG_006,17
TGAGTCGGTCATGAAGATCG_007,160
TGAGTCGGTCATGAAGATCG_008,194
TGAGTCGGTCATGAAGATCG_009,130
AGTGGACACCCCGCAGATAG_001,109
AGTGGACACCCCGCAGATAG_002,171
AGTGGACACCCCGCAGATAG_003,149
AGTGGACACCCCGCAGATAG_004,101
AGTGGACACCCCGCAGATAG_005,43
AGTGGACACCCCGCAGATAG_006,191
AGTGGACACCCCGCAGATAG_007,84
AGTGGACACCCCGCAGATAG_008,193
AGTGGACACCCCGCAGATAG_009,196
AGTGGACACCCCGCAGATAG_010,92
AGTGGACACCCCGCAGATAG_011,132
AGTGGACACCCCGCAGATAG_012,139
AGTGGACACCCCGCAGATAG_013,5
AGTGGACACCCCGCAGATAG_014,76
AGTGGACACCCCGCAGATAG_015,146
AGTGGACACCCCGCAGATAG_016,24
AGTGGACACCCCGCAGATAG_017,115
AGTGGACACCCCGCAGATAG_018,152
AGTGGACACCCCGCAGATAG_019,136
AGTGGACACCCCGCAGATAG_020,184
AGTGGACACCCCGCAGATAG_021,184
AGTGGACACCCCGCAGATAG_022,19
AGTGGACACCCCGCAGATAG_023,30
AGTGGACACCCCGCAGATAG_024,4
GGTACTTGGGAGTCAAACTG_001,108
GGTACTTGGGAGTCAAACTG_002,12
GGTACTTGGGAGTCAAACTG_003,150
GGTACTTGGGAGTCAAACTG_004,186
GGTACTTGGGAGTCAAACTG_005,92
GGTACTTGGGAGTCAAACTG_006,1
GGTACTTGGGAGTCAAACTG_007,181
GGTACTTGGGAGTCAAACTG_008,148
GGTACTTGGGAGTCAAACTG_009,155
GGTACTTGGGAGTCAAACTG_010,175
GGTACTTGGGAGTCAAACTG_011,138
GGTACTTGGGAGTCAAACTG_012,12
GGTACTTGGGAGTCAAACTG_013,121
GTCAACAAGCCAGACGAGCG_001,191
GTCAACAAGCCAGACGAGCG_002,178
GTCAACAAGCCAGACGAGCG_003,27
GTCAACAAGCCAGACGAGCG_004,150
GTCAACAAGCCAGACGAGCG_005,62
GTCAACAAGCCAGACGAGCG_006,130
GTCAACAAGCCAGACGAGCG_007,156
GTCAACAAGCCAGACGAGCG_008,72
GTCAACAAGCCAGACGAGCG_009,179
GTCAACAAGCCAGACGAGCG_010,156
GTCAACAAGCCAGACGAGCG_011,120
GTCAACAAGCCAGACGAGCG_012,112
GTCAACAAGCCAGACGAGCG_013,130
GTCAACAAGCCAGACGAGCG_014,47
GTCAACAAGCCAGACGAGCG_015,19
GTCAACAAGCCAGACGAGCG_016,58
GTCAACAAGCCAGACGAGCG_017,74
GTCAACAAGCCAGACGAGCG_018,6
GTCAACAAGCCAGACGAGCG_019,106
GTCAACAAGCCAGACGAGCG_020,39
GTCAACAAGCCAGACGAGCG_021,106
TCAGCCCTAAACTATTCCAG_001,130
TCAGCCCTAAACTATTCCAG_002,88
TCAGCCCTAAACTATTCCAG_003,159
AAAGGTGGGGATCTAACTTG_001,41
AAAGGTGGGGATCTAACTTG_002,119
AAAGGTGGGGATCTAACTTG_003,127
AAAGGTGGGGATCTAACTTG_004,190
AAAGGTGGGGATCTAACTTG_005,91
AAAGGTGGGGATCTAACTTG_006,125
AAAGGTGGGGATCTAACTTG_007,171
AAAGGTGGGGATCTAACTTG_008,115
AAAGGTGGGGATCTAACTTG_009,76
AAAGGTGGGGATCTAACTTG_010,180
AAAGGTGGGGATCTAACTTG_011,22
AAAGGTGGGGATCTAACTTG_012,144
GGGACACAGTCCAGTCGGTG_001,116
GGGACACAGTCCAGTCGGTG_002,189
GGGACACAGTCCAGTCGGTG_003,95
GGGACACAGTCCAGTCGGTG_004,44
GGGACACAGTCCAGTCGGTG_005,16
GGGACACAGTCCAGTCGGTG_006,162
GGGACACAGTCCAGTCGGTG_007,23
GGGACACAGTCCAGTCGGTG_008,50
GGGACACAGTCCAGTCGGTG_009,33
GGGACACAGTCCAGTCGGTG_010,111
GGGACACAGTCCAGTCGGTG_011,28
GGGACACAGTCCAGTCGGTG_012,108
GAAGCCAATCAATGTAGCCG_001,188
GAAGCCAATCAATGTAGCCG_002,188
GAAGCCAATCAATGTAGCCG_003,100
GAAGCCAATCAATGTAGCCG_004,115
GAAGCCAATCAATGTAGCCG_005,53
GAAGCCAATCAATGTAGCCG_006,76
GAAGCCAATCAATGTAGCCG_007,35
GAAGCCAATCAATGTAGCCG_008,124
GAAGCCAATCAATGTAGCCG_009,11
GAAGCCAATCAATGTAGCCG_010,17
GAAGCCAATCAATGTAGCCG_011,188
GAAGCCAATCAATGTAGCCG_012,29
GAAGCCAATCAATGTAGCCG_013,68
GAAGCCAATCAATGTAGCCG_014,166
GAAGCCAATCAATGTAGCCG_015,78
CTGGTACGCGCTATTCCAGA_001,137
CTGGTACGCGCTATTCCAGA_002,196
CTGGTACGCGCTATTCCAGA_003,44
CTGGTACGCGCTATTCCAGA_004,9
CTGGTACGCGCTATTCCAGA_005,158
CTGGTACGCGCTATTCCAGA_006,88
CTGGTACGCGCTATTCCAGA_007,124
AGGGTGGCGACAAACGCCAA_001,83
AGGGTGGCGACAAACGCCAA_002,125
AGGGTGGCGACAAACGCCAA_003,58
AGGGTGGCGACAAACGCCAA_004,9
AGGGTGGCGACAAACGCCAA_005,170
TGGATGTCCTCGATCATATG_001,15
TGGATGTCCTCGATCATATG_002,70
TGGATGTCCTCGATCATATG_003,57
TGGATGTCCTCGATCATATG_004,107
TGGATGTCCTCGATCATATG_005,73
TGGATGTCCTCGATCATATG_006,111
TGGATGTCCTCGATCATATG_007,7
TGGATGTCCTCGATCATATG_008,81
TGGATGTCCTCGATCATATG_009,102
TGGATGTCCTCGATCATATG_010,44
TGGATGTCCTCGATCATATG_011,152
TGGATGTCCTCGATCATATG_012,165
TGGATGTCCTCGATCATATG_013,184
TGGATGTCCTCGATCATATG_014,169
TGGATGTCCTCGATCATATG_015,14
TGGATGTCCTCGATCATATG_016,22
TGGATGTCCTCGATCATATG_017,194
TGGATGTCCTCGATCATATG_018,13
TGGATGTCCTCGATCATATG_019,0
TGGATGTCCTCGATCATATG_020,105
TGGATGTCCTCGATCATATG_021,12
TGGATGTCCTCGATCATATG_022,153
TGGATGTCCTCGATCATATG_023,169
GGCTCACACAGAACCCTGAG_001,17
GGCTCACACAGAACCCTGAG_002,141
GGCTCACACAGAACCCTGAG_003,29
GGCTCACACAGAACCCTGAG_004,120
GGCTCACACAGAACCCTGAG_005,105
GGCTCACACAGAACCCTGAG_006,38
GGCTCACACAGAACCCTGAG_007,108
GGCTCACACAGAACCCTGAG_008,116
GGCTCACACAGAACCCTGAG_009,11
CAGCTCGGATGCATCCCGCC_001,110
CAGCTCGGATGCATCCCGCC_002,79
CAGCTCGGATGCATCCCGCC_003,19
CAGCTCGGATGCATCCCGCC_004,85
CAGCTCGGATGCATCCCGCC_005,118
CAGCTCGGATGCATCCCGCC_006,154
GCTGCCTGATTCCTAATCAG_001,1
GCTGCCTGATTCCTAATCAG_002,127
GCTGCCTGATTCCTAATCAG_003,150
GCTGCCTGATTCCTAATCAG_004,30
GCTGCCTGATTCCTAATCAG_005,119
GCTGCCTGATTCCTAATCAG_006,69
GCTGCCTGATTCCTAATCAG_007,64
GCTGCCTGATTCCTAATCAG_008,87
AATGGCTTTAGTGCAAGAGT_001,1
AATGGCTTTAGTGCAAGAGT_002,58
AATGGCTTTAGTGCAAGAGT_003,149
CCCATTAACAGGCCTCTGCG_001,88
CCCATTAACAGGCCTCTGCG_002,184
CCCATTAACAGGCCTCTGCG_003,18
CCCATTAACAGGCCTCTGCG_004,152
CCCATTAACAGGCCTCTGCG_005,102
CCCATTAACAGGCCTCTGCG_006,88
CCCATTAACAGGCCTCTGCG_007,61
CCCATTAACAGGCCTCTGCG_008,188
CCCATTAACAGGCCTCTGCG_009,50
CCCATTAACAGGCCTCTGCG_010,50
CCCATTAACAGGCCTCTGCG_011,76
CCCATTAACAGGCCTCTGCG_012,138
CCCATTAACAGGCCTCTGCG_013,169
CCCATTAACAGGCCTCTGCG_014,12
CCCATTAACAGGCCTCTGCG_015,173
CCCATTAACAGGCCTCTGCG_016,51
ATACAGCACTCCGAGAGAGT_001,133
ATACAGCACTCCGAGAGAGT_002,77
ATACAGCACTCCGAGAGAGT_003,150
ATACAGCACTCCGAGAGAGT_004,72
ATACAGCACTCCGAGAGAGT_005,17
ATACAGCACTCCGAGAGAGT_006,48
ATACAGCACTCCGAGAGAGT_007,128
ATACAGCACTCCGAGAGAGT_008,81
ATACAGCACTCCGAGAGAGT_009,57
ATGCGTATCTGTCCACGACG_001,91
ATGCGTATCTGTCCACGACG_002,23
ATGCGTATCTGTCCACGACG_003,19
ATGCGTATCTGTCCACGACG_004,5
ATGCGTATCTGTCCACGACG_005,145
ATGCGTATCTGTCCACGACG_006,98
ATGCGTATCTGTCCACGACG_007,47
ATGCGTATCTGTCCACGACG_008,191
ATGCGTATCTGTCCACGACG_009,48
ATGCGTATCTGTCCACGACG_010,43
ATGCGTATCTGTCCACGACG_011,163
ATGCGTATCTGTCCACGACG_012,2
ATGCGTATCTGTCCACGACG_013,19
ATGCGTATCTGTCCACGACG_014,156
ATGCGTATCTGTCCACGACG_015,43
ATGCGTATCTGTCCACGACG_016,158
ATGCGTATCTGTCCACGACG_017,124
ATGCGTATCTGTCCACGACG_018,77
ATGCGTATCTGTCCACGACG_019,61
ATGCGTATCTGTCCACGACG_020,8
TCCGCCTCCACAGATGGGGT_001,95
TCCGCCTCCACAGATGGGGT_002,187
TCCGCCTCCACAGATGGGGT_003,67
TCCGCCTCCACAGATGGGGT_004,40
TCCGCCTCCACAGATGGGGT_005,88
TCCGCCTCCACAGATGGGGT_006,102
TCCGCCTCCACAGATGGGGT_007,158
TCCGCCTCCACAGATGGGGT_008,15
AATTGGTGAGAAGGTCTCAA_001,140
AATTGGTGAGAAGGTCTCAA_002,188
AATTGGTGAGAAGGTCTCAA_003,49
AATTGGTGAGAAGGTCTCAA_004,178
AATTGGTGAGAAGGTCTCAA_005,168
AATTGGTGAGAAGGTCTCAA_006,130
AATTGGTGAGAAGGTCTCAA_007,44
AATTGGTGAGAAGGTCTCAA_008,128
AATTGGTGAGAAGGTCTCAA_009,79
AATTGGTGAGAAGGTCTCAA_010,28
AATTGGTGAGAAGGTCTCAA_011,98
AATTGGTGAGAAGGTCTCAA_012,69
AATTGGTGAGAAGGTCTCAA_013,50
TGGAGGCCGAGGCTTATAGG_001,37
TGGAGGCCGAGGCTTATAGG_002,163
TGGAGGCCGAGGCTTATAGG_003,106
TGGAGGCCGAGGCTTATAGG_004,14
TGGAGGCCGAGGCTTATAGG_005,11
TGGAGGCCGAGGCTTATAGG_006,170
TGGAGGCCGAGGCTTATAGG_007,83
TTCAGCCAAACTGAGCGTGC_001,77
TTCAGCCAAACTGAGCGTGC_002,11
TTCAGCCAAACTGAGCGTGC_003,15
TTCAGCCAAACTGAGCGTGC_004,28
TTCAGCCAAACTGAGCGTGC_005,191
TTCAGCCAAACTGAGCGTGC_006,176
TTCAGCCAAACTGAGCGTGC_007,152
TTCAGCCAAACTGAGCGTGC_008,12
TTCAGCCAAACTGAGCGTGC_009,152
GGGACGCGAGTCGCGGATGG_001,183
GGGACGCGAGTCGCGGATGG_002,191
GGGACGCGAGTCGCGGATGG_003,172
GGGACGCGAGTCGCGGATGG_004,13
GGGACGCGAGTCGCGGATGG_005,56
GGGACGCGAGTCGCGGATGG_006,72
GGGACGCGAGTCGCGGATGG_007,169
GGGACGCGAGTCGCGGATGG_008,134
GGGACGCGAGTCGCGGATGG_009,125
GGGACGCGAGTCGCGGATGG_010,47
GGGACGCGAGTCGCGGATGG_011,47
AGCGAGGAGACCTATCGTGG_001,81
AGCGAGGAGACCTATCGTGG_002,61
AGCGAGGAGACCTATCGTGG_003,83
AGCGAGGAGACCTATCGTGG_004,78
AGCGAGGAGACCTATCGTGG_005,120
AGCGAGGAGACCTATCGTGG_006,135
TATTTACTGAGAATCCGCAA_001,41
TATTTACTGAGAATCCGCAA_002,181
TATTTACTGAGAATCCGCAA_003,157
CGTGGGCAACGTCTATGTCA_001,193
CGTGGGCAACGTCTATGTCA_002,113
CGTGGGCAACGTCTATGTCA_003,173
CGTGGGCAACGTCTATGTCA_004,80
CGTGGGCAACGTCTATGTCA_005,48
TTTAACGATCAAGTAGGCGA_001,106
TTTAACGATCAAGTAGGCGA_002,23
GCACCACCTGGGCAGAGGTG_001,38
GCACCACCTGGGCAGAGGTG_002,6
GCACCACCTGGGCAGAGGTG_003,132
GCACCACCTGGGCAGAGGTG_004,183
GCACCACCTGGGCAGAGGTG_005,36
GCACCACCTGGGCAGAGGTG_006,161
GCACCACCTGGGCAGAGGTG_007,70
GCACCACCTGGGCAGAGGTG_008,116
GCACCACCTGGGCAGAGGTG_009,3
GCACCACCTGGGCAGAGGTG_010,88
GCACCACCTGGGCAGAGGTG_011,153
GCACCACCTGGGCAGAGGTG_012,75
GCACCACCTGGGCAGAGGTG_013,20
GCACCACCTGGGCAGAGGTG_014,61
GCACCACCTGGGCAGAGGTG_015,183
GCACCACCTGGGCAGAGGTG_016,48
GCACCACCTGGGCAGAGGTG_017,162
GCACCACCTGGGCAGAGGTG_018,26
GCACCACCTGGGCAGAGGTG_019,92
GCACCACCTGGGCAGAGGTG_020,195
GCACCACCTGGGCAGAGGTG_021,26
GCACCACCTGGGCAGAGGTG_022,157
GCACCACCTGGGCAGAGGTG_023,157
GCACCACCTGGGCAGAGGTG_024,65
GCACCACCTGGGCAGAGGTG_025,39
GCACCACCTGGGCAGAGGTG_026,138
GCACCACCTGGGCAGAGGTG_027,0
TGTACTGTGAATTATGTAGG_001,41
TTGGTCACAGATTACAACTG_001,115
TTGGTCACAGATTACAACTG_002,161
TTGGTCACAGATTACAACTG_003,116
TTGGTCACAGATTACAACTG_004,124
AAAAGAGCGATGATAACTCA_001,96
AAAAGAGCGATGATAACTCA_002,29
AAAAGAGCGATGATAACTCA_003,159
AAAAGAGCGATGATAACTCA_004,149
AAAAGAGCGATGATAACTCA_005,56
GGTGGATAAACACTGATCAC_001,177
GGTGGATAAACACTGATCAC_002,12
GGTGGATAAACACTGATCAC_003,198
GGTGGATAAACACTGATCAC_004,130
GGTGGATAAACACTGATCAC_005,137
GGTGGATAAACACTGATCAC_006,33
GGTGGATAAACACTGATCAC_007,20
GGTGGATAAACACTGATCAC_008,120
GGTGGATAAACACTGATCAC_009,76
GGTGGATAAACACTGATCAC_010,80
GGTGGATAAACACTGATCAC_011,113
GGTGGATAAACACTGATCAC_012,194
GGTGGATAAACACTGATCAC_013,175
GGTGGATAAACACTGATCAC_014,26
GGTGGATAAACACTGATCAC_015,83
GGGGTAGGTGGCGATTCCGA_001,191
GGGGTAGGTGGCGATTCCGA_002,27
GGGGTAGGTGGCGATTCCGA_003,56
GGGGTAGGTGGCGATTCCGA_004,199
GGGGTAGGTGGCGATTCCGA_005,58
GGGGTAGGTGGCGATTCCGA_006,17
GGGGTAGGTGGCGATTCCGA_007,93
GGGGTAGGTGGCGATTCCGA_008,30
GGGGTAGGTGGCGATTCCGA_009,116
GGGGTAGGTGGCGATTCCGA_010,122
GGGGTAGGTGGCGATTCCGA_011,132
GCCGCGTACCAGTCGGCCAG_001,32
AGCTAATGGCGTCTTCCACG_001,178
CCGCACGAGATCTACGCACA_001,42
CCGCACGAGATCTACGCACA_002,31
CCGCACGAGATCTACGCACA_003,123
CCGCACGAGATCTACGCACA_004,131
CCGCACGAGATCTACGCACA_005,105
CCGCACGAGATCTACGCACA_006,48
CCGCACGAGATCTACGCACA_007,12
CCGCACGAGATCTACGCACA_008,188
CCGCACGAGATCTACGCACA_009,133
TAGCACGTATGGTTGCATCA_001,177
TAGCACGTATGGTTGCATCA_002,29
TAGCACGTATGGTTGCATCA_003,27
CAAAACCTCATTGGAGACCG_001,172
CAAAACCTCATTGGAGACCG_002,96
CAAAACCTCATTGGAGACCG_003,190
CAAAACCTCATTGGAGACCG_004,159
CAAAACCTCATTGGAGACCG_005,147
CAAAACCTCATTGGAGACCG_006,60
CAAAACCTCATTGGAGACCG_007,78
CAAAACCTCATTGGAGACCG_008,30
CAAAACCTCATTGGAGACCG_009,176
CAAAACCTCATTGGAGACCG_010,23
CAAAACCTCATTGGAGACCG_011,130
CAAAACCTCATTGGAGACCG_012,148
CAAAACCTCATTGGAGACCG_013,152
CAAAACCTCATTGGAGACCG_014,69
CAAAACCTCATTGGAGACCG_015,95
CAAAACCTCATTGGAGACCG_016,190
CAAAACCTCATTGGAGACCG_017,182
CAAAACCTCATTGGAGACCG_018,83
CAAAACCTCATTGGAGACCG_019,24
CAAAACCTCATTGGAGACCG_020,18
CAAAACCTCATTGGAGACCG_021,160
TCAGAAATGAAGACCTGACG_001,67
TCAGAAATGAAGACCTGACG_002,32
TCAGAAATGAAGACCTGACG_003,32
TCAGAAATGAAGACCTGACG_004,80
TCAGAAATGAAGACCTGACG_005,177
TCAGAAATGAAGACCTGACG_006,99
ACATGAACCGTATTTCTACT_001,104
CCTACCACAAACTTGACCGG_001,172
CCTACCACAAACTTGACCGG_002,119
CCTACCACAAACTTGACCGG_003,104
CCTACCACAAACTTGACCGG_004,14
CCTACCACAAACTTGACCGG_005,121
CCTACCACAAACTTGACCGG_006,8
CCTACCACAAACTTGACCGG_007,168
CCTACCACAAACTTGACCGG_008,29
CCTACCACAAACTTGACCGG_009,19
CCTACCACAAACTTGACCGG_010,199
CCTACCACAAACTTGACCGG_011,12
CCTACCACAAACTTGACCGG_012,84
CCTACCACAAACTTGACCGG_013,124
CCTACCACAAACTTGACCGG_014,172
CCTACCACAAACTTGACCGG_015,137
CCTACCACAAACTTGACCGG_016,64
CCTACCACAAACTTGACCGG_017,69
CCTACCACAAACTTGACCGG_018,39
CCTACCACAAACTTGACCGG_019,14
GATCAACCAGTTCGTGCTGA_001,41
GATCAACCAGTTCGTGCTGA_002,149
GATCAACCAGTTCGTGCTGA_003,121
GATCAACCAGTTCGTGCTGA_004,2
GATCAACCAGTTCGTGCTGA_005,78
GATCAACCAGTTCGTGCTGA_006,191
GATCAACCAGTTCGTGCTGA_007,32
GATCAACCAGTTCGTGCTGA_008,78
GGACAAGCTGCAGAACCTCG_001,17
AATGAAGAGAGAGTTCCCTA_001,40
AATGAAGAGAGAGTTCCCTA_002,124
AATGAAGAGAGAGTTCCCTA_003,52
AATGAAGAGAGAGTTCCCTA_004,158
GGAGAGCGGGCTGAATGCAA_001,105
GGAGAGCGGGCTGAATGCAA_002,140
GGAGAGCGGGCTGAATGCAA_003,89
GGAGAGCGGGCTGAATGCAA_004,182
GATGAACTTTGACATCCCTG_001,51
GATGAACTTTGACATCCCTG_002,147
GATGAACTTTGACATCCCTG_003,148
GATGAACTTTGACATCCCTG_004,80
GATGAACTTTGACATCCCTG_005,150
AGGCATGACAGCAAGCGCTG_001,60
AGGCATGACAGCAAGCGCTG_002,80
AGGCATGACAGCAAGCGCTG_003,12
AGGCATGACAGCAAGCGCTG_004,60
AGGCATGACAGCAAGCGCTG_005,16
AGGCATGACAGCAAGCGCTG_006,170
AGGCATGACAGCAAGCGCTG_007,159
AGGCATGACAGCAAGCGCTG_008,76
AGGCATGACAGCAAGCGCTG_009,112
AGGCATGACAGCAAGCGCTG_010,55
AGGCATGACAGCAAGCGCTG_011,116
AGGCATGACAGCAAGCGCTG_012,150
AGGCATGACAGCAAGCGCTG_013,29
AGGCATGACAGCAAGCGCTG_014,48
AGGCATGACAGCAAGCGCTG_015,158
AGGCATGACAGCAAGCGCTG_016,146
AGGCATGACAGCAAGCGCTG_017,126
AGGCATGACAGCAAGCGCTG_018,159
AGGCATGACAGCAAGCGCTG_019,95
AGGCATGACAGCAAGCGCTG_020,106
AGGCATGACAGCAAGCGCTG_021,46
AGGCATGACAGCAAGCGCTG_022,47
AGGCATGACAGCAAGCGCTG_023,61
AGGCATGACAGCAAGCGCTG_024,158
AGGCATGACAGCAAGCGCTG_025,158
AGGCATGACAGCAAGCGCTG_026,150
AGGCATGACAGCAAGCGCTG_027,187
AGGCATGACAGCAAGCGCTG_028,178
AGGCATGACAGCAAGCGCTG_029,6
AGGCATGACAGCAAGCGCTG_030,103
AGGCATGACAGCAAGCGCTG_031,14
AGGCATGACAGCAAGCGCTG_032,40
AGGCATGACAGCAAGCGCTG_033,68
AGGCATGACAGCAAGCGCTG_034,68
GCCCCGCCGCCCTCCCCTCC_001,178
GCCCCGCCGCCCTCCCCTCC_002,15
GCCCCGCCGCCCTCCCCTCC_003,58
GCCCCGCCGCCCTCCCCTCC_004,40
GCCCCGCCGCCCTCCCCTCC_005,29
GCCCCGCCGCCCTCCCCTCC_006,12
GCCCCGCCGCCCTCCCCTCC_007,46
GCCCCGCCGCCCTCCCCTCC_008,94
GCCCCGCCGCCCTCCCCTCC_009,169
GCCCCGCCGCCCTCCCCTCC_010,52
GCCCCGCCGCCCTCCCCTCC_011,175
GCCCCGCCGCCCTCCCCTCC_012,48
GCCCCGCCGCCCTCCCCTCC_013,121
GCCCCGCCGCCCTCCCCTCC_014,160
GCCCCGCCGCCCTCCCCTCC_015,112
GCCCCGCCGCCCTCCCCTCC_016,108
GCCCCGCCGCCCTCCCCTCC_017,2
GCCCCGCCGCCCTCCCCTCC_018,197
GCCCCGCCGCCCTCCCCTCC_019,184
GCCCCGCCGCCCTCCCCTCC_020,81
GCCCCGCCGCCCTCCCCTCC_021,135
GCCCCGCCGCCCTCCCCTCC_022,0
GCCCCGCCGCCCTCCCCTCC_023,152
GCCCCGCCGCCCTCCCCTCC_024,63
GCCCCGCCGCCCTCCCCTCC_025,168
GCCCCGCCGCCCTCCCCTCC_026,17
GCCCCGCCGCCCTCCCCTCC_027,9
GCCCCGCCGCCCTCCCCTCC_028,16
GCCCCGCCGCCCTCCCCTCC_029,35
GCCCCGCCGCCCTCCCCTCC_030,3
GCCCCGCCGCCCTCCCCTCC_031,185
GCCCCGCCGCCCTCCCCTCC_032,35
GCCCCGCCGCCCTCCCCTCC_033,66
GCCCCGCCGCCCTCCCCTCC_034,28
GCCCCGCCGCCCTCCCCTCC_035,187
GCCCCGCCGCCCTCCCCTCC_036,36
GCCCCGCCGCCCTCCCCTCC_037,98
GCCCCGCCGCCCTCCCCTCC_038,35
GCCCCGCCGCCCTCCCCTCC_039,72
GCCCCGCCGCCCTCCCCTCC_040,36
GCCCCGCCGCCCTCCCCTCC_041,3
CCGACCCTATCGCGACACCG_001,105
CCGACCCTATCGCGACACCG_002,82
GACGACTCACTCTACTTGGG_001,135
GACGACTCACTCTACTTGGG_002,113
GACGACTCACTCTACTTGGG_003,88
GACGACTCACTCTACTTGGG_004,158
GACGACTCACTCTACTTGGG_005,184
GACGACTCACTCTACTTGGG_006,94
GACGACTCACTCTACTTGGG_007,145
GACGACTCACTCTACTTGGG_008,76
GACGACTCACTCTACTTGGG_009,55
GACGACTCACTCTACTTGGG_010,27
GACGACTCACTCTACTTGGG_011,169
GACGACTCACTCTACTTGGG_012,196
GACGACTCACTCTACTTGGG_013,39
GACGACTCACTCTACTTGGG_014,77
GACGACTCACTCTACTTGGG_015,151
GACGACTCACTCTACTTGGG_016,148
GACGACTCACTCTACTTGGG_017,187
GACGACTCACTCTACTTGGG_018,100
GTTGTCATACACTCCGAACA_001,79
GTTGTCATACACTCCGAACA_002,3
GTTGTCATACACTCCGAACA_003,68
ATGGTGTTATCCAAGGTCCA_001,31
ATGGTGTTATCCAAGGTCCA_002,105
ATGGTGTTATCCAAGGTCCA_003,194
ATGGTGTTATCCAAGGTCCA_004,129
ATGGTGTTATCCAAGGTCCA_005,113
TACACCATGAATCCGTAGAG_001,183
TACACCATGAATCCGTAGAG_002,81
TACACCATGAATCCGTAGAG_003,33
TACACCATGAATCCGTAGAG_004,110
TACACCATGAATCCGTAGAG_005,68
ATGGAGTAAACTGCCTCCTG_001,32
ATGGAGTAAACTGCCTCCTG_002,62
ATGGAGTAAACTGCCTCCTG_003,121
ATGGAGTAAACTGCCTCCTG_004,15
ATGGAGTAAACTGCCTCCTG_005,103
ATGGAGTAAACTGCCTCCTG_006,141
ATGGAGTAAACTGCCTCCTG_007,166
ATGGAGTAAACTGCCTCCTG_008,147
ATGGAGTAAACTGCCTCCTG_009,149
ATGGAGTAAACTGCCTCCTG_010,78
ATGGAGTAAACTGCCTCCTG_011,162
ATGGAGTAAACTGCCTCCTG_012,198
ATGGAGTAAACTGCCTCCTG_013,177
ATGGAGTAAACTGCCTCCTG_014,32
ATGGAGTAAACTGCCTCCTG_015,139
ATGGAGTAAACTGCCTCCTG_016,19
AAAAACCAAGGAATACAGTG_001,172
AAAAACCAAGGAATACAGTG_002,80
AAAAACCAAGGAATACAGTG_003,36
AAAAACCAAGGAATACAGTG_004,196
AAAAACCAAGGAATACAGTG_005,73
AAAAACCAAGGAATACAGTG_006,169
AAAAACCAAGGAATACAGTG_007,49
TGCAGATCATTCTCGCCTCG_001,151
TGCAGATCATTCTCGCCTCG_002,188
TGCAGATCATTCTCGCCTCG_003,150
TGCAGATCATTCTCGCCTCG_004,169
TGCAGATCATTCTCGCCTCG_005,30
GGTTGATCTTACCAGGCAAG_001,15
GGTTGATCTTACCAGGCAAG_002,127
GGTTGATCTTACCAGGCAAG_003,20
TGCTAAGAGGGCTCACCGGG_001,170
TGCTAAGAGGGCTCACCGGG_002,74
TGCTAAGAGGGCTCACCGGG_003,46
TGCTAAGAGGGCTCACCGGG_004,181
TGCTAAGAGGGCTCACCGGG_005,19
TGCTAAGAGGGCTCACCGGG_006,55
TGCTAAGAGGGCTCACCGGG_007,60
TGCTAAGAGGGCTCACCGGG_008,44
TGCTAAGAGGGCTCACCGGG_009,181
TGCTAAGAGGGCTCACCGGG_010,148
TGCTAAGAGGGCTCACCGGG_011,83
TGCTAAGAGGGCTCACCGGG_012,137
TGCTAAGAGGGCTCACCGGG_013,83
TGCTAAGAGGGCTCACCGGG_014,12
TGCTAAGAGGGCTCACCGGG_015,186
TGCTAAGAGGGCTCACCGGG_016,8
TGCTAAGAGGGCTCACCGGG_017,175
TGCTAAGAGGGCTCACCGGG_018,53
TGCTAAGAGGGCTCACCGGG_019,26
TGCTAAGAGGGCTCACCGGG_020,154
TGCTAAGAGGGCTCACCGGG_021,57
TGCTAAGAGGGCTCACCGGG_022,78
TGCTAAGAGGGCTCACCGGG_023,178
TGCTAAGAGGGCTCACCGGG_024,174
GTACGATGTCTACCAGACAG_001,137
GTACGATGTCTACCAGACAG_002,144
GTACGATGTCTACCAGACAG_003,128
GTACGATGTCTACCAGACAG_004,41
GTACGATGTCTACCAGACAG_005,16
GTACGATGTCTACCAGACAG_006,119
GTACGATGTCTACCAGACAG_007,147
CAGATGAGTTAGGAGGACTG_001,171
CAGATGAGTTAGGAGGACTG_002,44
CAGATGAGTTAGGAGGACTG_003,115
CAGATGAGTTAGGAGGACTG_004,52
CAGATGAGTTAGGAGGACTG_005,188
CAGATGAGTTAGGAGGACTG_006,125
CAGATGAGTTAGGAGGACTG_007,115
GGTGCAAGACGTATGTCTCC_001,144
GGTGCAAGACGTATGTCTCC_002,198
GGTGCAAGACGTATGTCTCC_003,119
TAAGTGCGGGACTAAACACA_001,54
TAAGTGCGGGACTAAACACA_002,51
TAAGTGCGGGACTAAACACA_003,146
TAAGTGCGGGACTAAACACA_004,29
TAAGTGCGGGACTAAACACA_005,41
TAAGTGCGGGACTAAACACA_006,59
TAAGTGCGGGACTAAACACA_007,52
TAAGTGCGGGACTAAACACA_008,130
TTGGCAGTGACCAAACGTGG_001,12
TTGGCAGTGACCAAACGTGG_002,175
TTGGCAGTGACCAAACGTGG_003,80
TTGGCAGTGACCAAACGTGG_004,154
TTGGCAGTGACCAAACGTGG_005,152
TTGGCAGTGACCAAACGTGG_006,119
GAGCTGCAAAATGTACGACT_001,181
GAGCTGCAAAATGTACGACT_002,75
GAGCTGCAAAATGTACGACT_003,53
GAGCTGCAAAATGTACGACT_004,12
GAGCTGCAAAATGTACGACT_005,50
GAGCTGCAAAATGTACGACT_006,141
GAGCTGCAAAATGTACGACT_007,162
GAGCTGCAAAATGTACGACT_008,194
GAGCTGCAAAATGTACGACT_009,63
GGTGGTGGTCCACCAATGTG_001,169
GGTGGTGGTCCACCAATGTG_002,198
GGTGGTGGTCCACCAATGTG_003,156
GGTGGTGGTCCACCAATGTG_004,87
GGTGGTGGTCCACCAATGTG_005,150
GGTGGTGGTCCACCAATGTG_006,36
AGGAGCTGTCATTATGAACA_001,149
GATGGTGTGAATGTCAAAGG_001,27
GATGGTGTGAATGTCAAAGG_002,183
GATGGTGTGAATGTCAAAGG_003,20
GATGGTGTGAATGTCAAAGG_004,9
GATGGTGTGAATGTCAAAGG_005,65
GATGGTGTGAATGTCAAAGG_006,75
GATGGTGTGAATGTCAAAGG_007,58
GATGGTGTGAATGTCAAAGG_008,48
GATGGTGTGAATGTCAAAGG_009,34
GATGGTGTGAATGTCAAAGG_010,83
GATGGTGTGAATGTCAAAGG_011,173
GATGGTGTGAATGTCAAAGG_012,157
CCTGGACCTAATCTTCCATG_001,80
CCTGGACCTAATCTTCCATG_002,105
CCTGGACCTAATCTTCCATG_003,147
CCTGGACCTAATCTTCCATG_004,157
CCACCACTGAGTAAAACCTA_001,66
CCACCACTGAGTAAAACCTA_002,174
CCACCACTGAGTAAAACCTA_003,9
CCACCACTGAGTAAAACCTA_004,174
CCACCACTGAGTAAAACCTA_005,134
CCACCACTGAGTAAAACCTA_006,5
CCACCACTGAGTAAAACCTA_007,82
CCACCACTGAGTAAAACCTA_008,190
CCACCACTGAGTAAAACCTA_009,13
CCACCACTGAGTAAAACCTA_010,0
CCACCACTGAGTAAAACCTA_011,144
CTCGGAATACTCCTATTACA_001,197
CCAAGGCTATTCAGTGTGCG_001,1
CCAAGGCTATTCAGTGTGCG_002,177
CCAAGGCTATTCAGTGTGCG_003,70
CTCCCCAGTCCACATCTCGG_001,170
CTCCCCAGTCCACATCTCGG_002,129
CTCCCCAGTCCACATCTCGG_003,15
CTCCCCAGTCCACATCTCGG_004,116
CTCCCCAGTCCACATCTCGG_005,162
CTCCCCAGTCCACATCTCGG_006,92
CTCCCCAGTCCACATCTCGG_007,74
CTCCCCAGTCCACATCTCGG_008,197
CTCCCCAGTCCACATCTCGG_009,188
CTCCCCAGTCCACATCTCGG_010,113
CTCCCCAGTCCACATCTCGG_011,151
GCTACACAAGTCATTACCTG_001,185
GCTACACAAGTCATTACCTG_002,86
GCTACACAAGTCATTACCTG_003,116
GCTACACAAGTCATTACCTG_004,35
GCTACACAAGTCATTACCTG_005,105
GCTACACAAGTCATTACCTG_006,106
AGCTGCTTAATGTCCATGTG_001,94
AGCTGCTTAATGTCCATGTG_002,115
AGCTGCTTAATGTCCATGTG_003,166
AGCTGCTTAATGTCCATGTG_004,185
AGCTGCTTAATGTCCATGTG_005,121
AGCTGCTTAATGTCCATGTG_006,115
AGCTGCTTAATGTCCATGTG_007,78
AGCTGCTTAATGTCCATGTG_008,153
AGCTGCTTAATGTCCATGTG_009,152
AGCTGCTTAATGTCCATGTG_010,114
AGCTGCTTAATGTCCATGTG_011,82
AGCTGCTTAATGTCCATGTG_012,62
AGCTGCTTAATGTCCATGTG_013,175
AGCTGCTTAATGTCCATGTG_014,80
AGCTGCTTAATGTCCATGTG_015,178
AGCTGCTTAATGTCCATGTG_016,94
AGCTGCTTAATGTCCATGTG_017,59
AGCTGCTTAATGTCCATGTG_018,75
AGCTGCTTAATGTCCATGTG_019,187
AGCTGCTTAATGTCCATGTG_020,171
AGCTGCTTAATGTCCATGTG_021,107
AGCTGCTTAATGTCCATGTG_022,67
AGCTGCTTAATGTCCATGTG_023,165
AGCTGCTTAATGTCCATGTG_024,52
AGCTGCTTAATGTCCATGTG_025,88
AGCTGCTTAATGTCCATGTG_026,4
AGCTGCTTAATGTCCATGTG_027,4
AGCTGCTTAATGTCCATGTG_028,111
AGCTGCTTAATGTCCATGTG_029,78
AGCTGCTTAATGTCCATGTG_030,78
AGCTGCTTAATGTCCATGTG_031,107
AGCTGCTTAATGTCCATGTG_032,122
AGCTGCTTAATGTCCATGTG_033,176
AGCTGCTTAATGTCCATGTG_034,90
AGCTGCTTAATGTCCATGTG_035,177
AGCTGCTTAATGTCCATGTG_036,144
AGCTGCTTAATGTCCATGTG_037,19
AGCTGCTTAATGTCCATGTG_038,75
AGCTGCTTAATGTCCATGTG_039,146
AGCTGCTTAATGTCCATGTG_040,52
CCCATTGGGTACCTAGCTCG_001,148
CCCATTGGGTACCTAGCTCG_002,170
AATTTGGCTTTGCAGCCGCA_001,105
AATTTGGCTTTGCAGCCGCA_002,106
AATTTGGCTTTGCAGCCGCA_003,106
AGGATGTAATCAGACGACAC_001,9
AGGATGTAATCAGACGACAC_002,31
AGGATGTAATCAGACGACAC_003,149
AGGATGTAATCAGACGACAC_004,191
AGGATGTAATCAGACGACAC_005,57
AGGATGTAATCAGACGACAC_006,188
AGGATGTAATCAGACGACAC_007,42
AGGATGTAATCAGACGACAC_008,129
AGGATGTAATCAGACGACAC_009,48
AGGATGTAATCAGACGACAC_010,57
AGGATGTAATCAGACGACAC_011,104
AGGATGTAATCAGACGACAC_012,32
AGGATGTAATCAGACGACAC_013,145
AGGATGTAATCAGACGACAC_014,33
AGGATGTAATCAGACGACAC_015,137
AGGATGTAATCAGACGACAC_016,11
AGGATGTAATCAGACGACAC_017,2
AGGATGTAATCAGACGACAC_018,142
AGGATGTAATCAGACGACAC_019,188
AGGATGTAATCAGACGACAC_020,18
GCAGTCAGGGCAATTTGGGA_001,144
GCAGTCAGGGCAATTTGGGA_002,26
GGAAGCAACGGGAATCCGTG_001,48
GGAAGCAACGGGAATCCGTG_002,118
GGAAGCAACGGGAATCCGTG_003,87
GGAAGCAACGGGAATCCGTG_004,122
GGAAGCAACGGGAATCCGTG_005,196
GGAAGCAACGGGAATCCGTG_006,11
GGAAGCAACGGGAATCCGTG_007,34
GGAAGCAACGGGAATCCGTG_008,197
GGAAGCAACGGGAATCCGTG_009,93
GGAAGCAACGGGAATCCGTG_010,147
GGAAGCAACGGGAATCCGTG_011,149
GGAAGCAACGGGAATCCGTG_012,124
GGAAGCAACGGGAATCCGTG_013,137
AAACGCCCACTGAATAAGCA_001,106
AAACGCCCACTGAATAAGCA_002,40
AAACGCCCACTGAATAAGCA_003,182
AAACGCCCACTGAATAAGCA_004,62
AAACGCCCACTGAATAAGCA_005,198
AAACGCCCACTGAATAAGCA_006,140
AAACGCCCACTGAATAAGCA_007,82
AAACGCCCACTGAATAAGCA_008,65
AAACGCCCACTGAATAAGCA_009,181
AAACGCCCACTGAATAAGCA_010,52
AAACGCCCACTGAATAAGCA_011,131
AAACGCCCACTGAATAAGCA_012,34
AAACGCCCACTGAATAAGCA_013,121
AAACGCCCACTGAATAAGCA_014,102
AAACGCCCACTGAATAAGCA_015,82
AAACGCCCACTGAATAAGCA_016,58
AAACGCCCACTGAATAAGCA_017,5
AAACGCCCACTGAATAAGCA_018,89
CCGTAACTCACGAGAAGAAG_001,144
ACTGTGGAGAGCTCAAGAGG_001,115
ACTGTGGAGAGCTCAAGAGG_002,29
ACTGTGGAGAGCTCAAGAGG_003,188
ACTGTGGAGAGCTCAAGAGG_004,137
ACTGTGGAGAGCTCAAGAGG_005,181
ACTGTGGAGAGCTCAAGAGG_006,147
ACTGTGGAGAGCTCAAGAGG_007,147
ACTGTGGAGAGCTCAAGAGG_008,1
ACTGTGGAGAGCTCAAGAGG_009,94
ACTGTGGAGAGCTCAAGAGG_010,150
ACTGTGGAGAGCTCAAGAGG_011,10
ACTGTGGAGAGCTCAAGAGG_012,22
GCAGCTGCGAAAATTCAAGG_001,23
GCAGCTGCGAAAATTCAAGG_002,176
GCAGCTGCGAAAATTCAAGG_003,1
GCAGCTGCGAAAATTCAAGG_004,161
GCAGCTGCGAAAATTCAAGG_005,156
GCAGCTGCGAAAATTCAAGG_006,191
GCAGCTGCGAAAATTCAAGG_007,165
GCAGCTGCGAAAATTCAAGG_008,116
GCAGCTGCGAAAATTCAAGG_009,9
TTGTGGACAGCGACAGAACT_001,154
TTGTGGACAGCGACAGAACT_002,185
TTGTGGACAGCGACAGAACT_003,62
TTGTGGACAGCGACAGAACT_004,128
TTGTGGACAGCGACAGAACT_005,157
TTGTGGACAGCGACAGAACT_006,181
TTGTGGACAGCGACAGAACT_007,123
TTGTGGACAGCGACAGAACT_008,81
TTGTGGACAGCGACAGAACT_009,34
AAATGAGTTGATAATGACGG_001,12
AAATGAGTTGATAATGACGG_002,124
AAATGAGTTGATAATGACGG_003,98
GCCTCGAACTACCCTTATGG_001,138
GCCTCGAACTACCCTTATGG_002,55
GCCTCGAACTACCCTTATGG_003,160
GCCTCGAACTACCCTTATGG_004,59
GCCTCGAACTACCCTTATGG_005,127
GCCTCGAACTACCCTTATGG_006,107
AGGTGGAGCCGGATGCCACG_001,53
AGGTGGAGCCGGATGCCACG_002,50
AGGTGGAGCCGGATGCCACG_003,30
AGGTGGAGCCGGATGCCACG_004,65
AGGTGGAGCCGGATGCCACG_005,133
AGGTGGAGCCGGATGCCACG_006,60
AGGTGGAGCCGGATGCCACG_007,38
AGGTGGAGCCGGATGCCACG_008,169
AGGTGGAGCCGGATGCCACG_009,168
GAGGTCCTTGAGCAGCACCT_001,41
GAGGTCCTTGAGCAGCACCT_002,94
GAGGTCCTTGAGCAGCACCT_003,173
GAGGTCCTTGAGCAGCACCT_004,148
GAGGTCCTTGAGCAGCACCT_005,191
GAGGTCCTTGAGCAGCACCT_006,141
GAGGTCCTTGAGCAGCACCT_007,105
GAGGTCCTTGAGCAGCACCT_008,54
GAGGTCCTTGAGCAGCACCT_009,121
GAGGTCCTTGAGCAGCACCT_010,162
GAGGTCCTTGAGCAGCACCT_011,166
GAGGTCCTTGAGCAGCACCT_012,140
GAGGTCCTTGAGCAGCACCT_013,22
GAGGTCCTTGAGCAGCACCT_014,59
GAGGTCCTTGAGCAGCACCT_015,34
GAGGTCCTTGAGCAGCACCT_016,43
GAGGTCCTTGAGCAGCACCT_017,62
GAGGTCCTTGAGCAGCACCT_018,185
GAGGTCCTTGAGCAGCACCT_019,144
GAGGTCCTTGAGCAGCACCT_020,76
GAGGTCCTTGAGCAGCACCT_021,125
GAGGTCCTTGAGCAGCACCT_022,6
GAGGTCCTTGAGCAGCACCT_023,45
GAGGTCCTTGAGCAGCACCT_024,81
GAGGTCCTTGAGCAGCACCT_025,197
GAGGTCCTTGAGCAGCACCT_026,149
GAGGTCCTTGAGCAGCACCT_027,30
GAGGTCCTTGAGCAGCACCT_028,1
GAGGTCCTTGAGCAGCACCT_029,97
ATTGCCCATTCCAAATCCCA_001,103
ATTGCCCATTCCAAATCCCA_002,94
ATTGCCCATTCCAAATCCCA_003,192
ATTGCCCATTCCAAATCCCA_004,145
ATTGCCCATTCCAAATCCCA_005,15
ATTGCCCATTCCAAATCCCA_006,43
ATTGCCCATTCCAAATCCCA_007,152
ATTGCCCATTCCAAATCCCA_008,147
ATTGCCCATTCCAAATCCCA_009,55
ATTGCCCATTCCAAATCCCA_010,153
ATTGCCCATTCCAAATCCCA_011,8
ACCAGATCCACATCAAACCG_001,9
ACCAGATCCACATCAAACCG_002,5
ACCAGATCCACATCAAACCG_003,140
ACCAGATCCACATCAAACCG_004,60
ACCAGATCCACATCAAACCG_005,2
CTGCTGCTCTACGAAGACAT_001,48
CTGCTGCTCTACGAAGACAT_002,135
CTGCTGCTCTACGAAGACAT_003,15
CTGCTGCTCTACGAAGACAT_004,162
CTGCTGCTCTACGAAGACAT_005,2
CTGCTGCTCTACGAAGACAT_006,31
CTGCTGCTCTACGAAGACAT_007,118
CTGCTGCTCTACGAAGACAT_008,34
CTGCTGCTCTACGAAGACAT_009,148
CTGCTGCTCTACGAAGACAT_010,0
TCTCTTTCTTAGTTCCTGTG_001,102
ACCGATGGCCAGATCAACCT_001,73
ACCGATGGCCAGATCAACCT_002,38
ACCGATGGCCAGATCAACCT_003,149
ACCGATGGCCAGATCAACCT_004,107
ACCGATGGCCAGATCAACCT_005,144
ACCGATGGCCAGATCAACCT_006,38
ACCGATGGCCAGATCAACCT_007,94
ACCGATGGCCAGATCAACCT_008,149
ACCGATGGCCAGATCAACCT_009,175
ACCGATGGCCAGATCAACCT_010,166
ACCGATGGCCAGATCAACCT_011,88
ACCGATGGCCAGATCAACCT_012,64
ACCGATGGCCAGATCAACCT_013,6
ACCGATGGCCAGATCAACCT_014,199
ACCGATGGCCAGATCAACCT_015,162
ACCGATGGCCAGATCAACCT_016,149
ACCGATGGCCAGATCAACCT_017,34
ACCGATGGCCAGATCAACCT_018,2
ACCGATGGCCAGATCAACCT_019,184
ACCGATGGCCAGATCAACCT_020,184
ACCGATGGCCAGATCAACCT_021,174
CGCATGCAGAGCATCAACGC_001,35
CGCATGCAGAGCATCAACGC_002,67
CGCATGCAGAGCATCAACGC_003,81
CGCATGCAGAGCATCAACGC_004,178
CGCATGCAGAGCATCAACGC_005,84
CGCATGCAGAGCATCAACGC_006,48
CGCATGCAGAGCATCAACGC_007,145
CGCATGCAGAGCATCAACGC_008,105
CGCATGCAGAGCATCAACGC_009,30
CGCATGCAGAGCATCAACGC_010,151
CGCATGCAGAGCATCAACGC_011,49
CGCATGCAGAGCATCAACGC_012,20
CGCATGCAGAGCATCAACGC_013,130
CGCATGCAGAGCATCAACGC_014,59
CGCATGCAGAGCATCAACGC_015,127
CGCATGCAGAGCATCAACGC_016,6
CGCATGCAGAGCATCAACGC_017,124
CGCATGCAGAGCATCAACGC_018,134
TTCAGGTTATTTGGAAATAG_001,191
TTCAGGTTATTTGGAAATAG_002,126
TTCAGGTTATTTGGAAATAG_003,164
AAATGCGAAGAAGCACCATG_001,133
AAATGCGAAGAAGCACCATG_002,5
AAATGCGAAGAAGCACCATG_003,1
AAATGCGAAGAAGCACCATG_004,1
AAATGCGAAGAAGCACCATG_005,62
AAATGCGAAGAAGCACCATG_006,169
AAATGCGAAGAAGCACCATG_007,169
AAATGCGAAGAAGCACCATG_008,43
AAATGCGAAGAAGCACCATG_009,115
AAATGCGAAGAAGCACCATG_010,105
AAATGCGAAGAAGCACCATG_011,162
AAATGCGAAGAAGCACCATG_012,59
AAATGCGAAGAAGCACCATG_013,134
AAATGCGAAGAAGCACCATG_014,12
AAATGCGAAGAAGCACCATG_015,121
AAATGCGAAGAAGCACCATG_016,5
AAATGCGAAGAAGCACCATG_017,139
AAATGCGAAGAAGCACCATG_018,185
AAATGCGAAGAAGCACCATG_019,68
AAATGCGAAGAAGCACCATG_020,148
AAATGCGAAGAAGCACCATG_021,120
AAATGCGAAGAAGCACCATG_022,30
AAATGCGAAGAAGCACCATG_023,72
AAATGCGAAGAAGCACCATG_024,47
AAATGCGAAGAAGCACCATG_025,8
AAATGCGAAGAAGCACCATG_026,98
AAATGCGAAGAAGCACCATG_027,83
AAATGCGAAGAAGCACCATG_028,98
AAATGCGAAGAAGCACCATG_029,62
AAATGCGAAGAAGCACCATG_030,188
AAATGCGAAGAAGCACCATG_031,161
AAATGCGAAGAAGCACCATG_032,147
AAATGCGAAGAAGCACCATG_033,80
AAATGCGAAGAAGCACCATG_034,64
AAACTCAATCGGGCAACAGA_001,65
AAACTCAATCGGGCAACAGA_002,105
AAACTCAATCGGGCAACAGA_003,101
AAACTCAATCGGGCAACAGA_004,8
AAACTCAATCGGGCAACAGA_005,34
CTCCACACAACACCTATGAA_001,102
CTCCACACAACACCTATGAA_002,69
CTCCACACAACACCTATGAA_003,156
CTCCACACAACACCTATGAA_004,168
CTCCACACAACACCTATGAA_005,82
CTCCACACAACACCTATGAA_006,121
CTCCACACAACACCTATGAA_007,179
CTCCACACAACACCTATGAA_008,10
CTCCACACAACACCTATGAA_009,198
CTCCACACAACACCTATGAA_010,198
CTCCACACAACACCTATGAA_011,182
CTCCACACAACACCTATGAA_012,29
ACTGCTAAGGTCCACAACGT_001,15
ACTGCTAAGGTCCACAACGT_002,161
ACTGCTAAGGTCCACAACGT_003,95
ACTGCTAAGGTCCACAACGT_004,137
ACTGCTAAGGTCCACAACGT_005,148
ACTGCTAAGGTCCACAACGT_006,148
ACTGCTAAGGTCCACAACGT_007,122
ACTGCTAAGGTCCACAACGT_008,138
ACTGCTAAGGTCCACAACGT_009,5
ACTGCTAAGGTCCACAACGT_010,35
ACTGCTAAGGTCCACAACGT_011,44
ACTGCTAAGGTCCACAACGT_012,160
GGGGCACTCTCCGAGCGCTG_001,113
GGGGCACTCTCCGAGCGCTG_002,141
GGGGCACTCTCCGAGCGCTG_003,15
GGGGCACTCTCCGAGCGCTG_004,146
GGGGCACTCTCCGAGCGCTG_005,40
GGGGCACTCTCCGAGCGCTG_006,15
GGGGCACTCTCCGAGCGCTG_007,184
GGGGCACTCTCCGAGCGCTG_008,69
GGGGCACTCTCCGAGCGCTG_009,182
GGGGCACTCTCCGAGCGCTG_010,105
GGGGCACTCTCCGAGCGCTG_011,84
GGGGCACTCTCCGAGCGCTG_012,14
GGGGCACTCTCCGAGCGCTG_013,162
GGGGCACTCTCCGAGCGCTG_014,150
GGGGCACTCTCCGAGCGCTG_015,71
GGGGCACTCTCCGAGCGCTG_016,160
GGGGCACTCTCCGAGCGCTG_017,49
ATGTGGCATAGTCGGCGAAG_001,17
ATGTGGCATAGTCGGCGAAG_002,38
ATGTGGCATAGTCGGCGAAG_003,35
ATGTGGCATAGTCGGCGAAG_004,4
TTCAACGTGGAGCTTACCAG_001,116
TTCAACGTGGAGCTTACCAG_002,22
TTCAACGTGGAGCTTACCAG_003,12
CTCACCCAGGAAGAGGCCAG_001,144
CTCACCCAGGAAGAGGCCAG_002,56
CTCACCCAGGAAGAGGCCAG_003,119
CTCACCCAGGAAGAGGCCAG_004,137
CTCACCCAGGAAGAGGCCAG_005,116
CTCACCCAGGAAGAGGCCAG_006,116
CTCACCCAGGAAGAGGCCAG_007,96
CTCACCCAGGAAGAGGCCAG_008,6
CTCACCCAGGAAGAGGCCAG_009,50
CTCACCCAGGAAGAGGCCAG_010,182
CTCACCCAGGAAGAGGCCAG_011,2
CTCACCCAGGAAGAGGCCAG_012,188
CTCACCCAGGAAGAGGCCAG_013,192
CTCACCCAGGAAGAGGCCAG_014,125
CTCACCCAGGAAGAGGCCAG_015,26
CTCACCCAGGAAGAGGCCAG_016,148
CTCACCCAGGAAGAGGCCAG_017,34
CTCACCCAGGAAGAGGCCAG_018,175
CTCACCCAGGAAGAGGCCAG_019,127
CTCACCCAGGAAGAGGCCAG_020,98
CTCACCCAGGAAGAGGCCAG_021,48
CTCACCCAGGAAGAGGCCAG_022,177
CTCACCCAGGAAGAGGCCAG_023,110
CTCACCCAGGAAGAGGCCAG_024,167
CTCACCCAGGAAGAGGCCAG_025,65
CTCACCCAGGAAGAGGCCAG_026,14
CTCACCCAGGAAGAGGCCAG_027,37
CTCACCCAGGAAGAGGCCAG_028,137
CTGCACCAGCGTCCGGATCG_001,181
CTGCACCAGCGTCCGGATCG_002,35
CTGCACCAGCGTCCGGATCG_003,68
CTGCACCAGCGTCCGGATCG_004,199
GGAAGTGGAAAGTATCTCTG_001,176
GGAAGTGGAAAGTATCTCTG_002,94
GGAAGTGGAAAGTATCTCTG_003,137
GGAAGTGGAAAGTATCTCTG_004,150
GGAAGTGGAAAGTATCTCTG_005,24
GGAAGTGGAAAGTATCTCTG_006,168
GGAAGTGGAAAGTATCTCTG_007,17
GGAAGTGGAAAGTATCTCTG_008,146
GGAAGTGGAAAGTATCTCTG_009,78
GGAAGTGGAAAGTATCTCTG_010,35
ACTTGGACTATAACCTGCAA_001,55
ACTTGGACTATAACCTGCAA_002,152
ACTTGGACTATAACCTGCAA_003,37
ACTTGGACTATAACCTGCAA_004,117
ACTTGGACTATAACCTGCAA_005,95
ACTTGGACTATAACCTGCAA_006,146
TATTCATAGTTACTGCAACA_001,25
TATTCATAGTTACTGCAACA_002,77
TATTCATAGTTACTGCAACA_003,182
TATTCATAGTTACTGCAACA_004,50
AATTGTAATGATCAGATCTG_001,62
AATTGTAATGATCAGATCTG_002,94
AATTGTAATGATCAGATCTG_003,154
AATTGTAATGATCAGATCTG_004,9
AATTGTAATGATCAGATCTG_005,157
AATTGTAATGATCAGATCTG_006,175
AATTGTAATGATCAGATCTG_007,110
AATTGTAATGATCAGATCTG_008,92
AATTGTAATGATCAGATCTG_009,148
ATAGGCAGTTTCAATAACTG_001,184
ATAGGCAGTTTCAATAACTG_002,29
ATAGGCAGTTTCAATAACTG_003,118
ATAGGCAGTTTCAATAACTG_004,14
ATAGGCAGTTTCAATAACTG_005,69
ATAGGCAGTTTCAATAACTG_006,72
ATAGGCAGTTTCAATAACTG_007,8
ATAGGCAGTTTCAATAACTG_008,43
ATAGGCAGTTTCAATAACTG_009,193
ATAGGCAGTTTCAATAACTG_010,141
ATAGGCAGTTTCAATAACTG_011,147
CCAGCAGAAATCATGTCTTG_001,106
CCAGCAGAAATCATGTCTTG_002,183
CCAGCAGAAATCATGTCTTG_003,8
CCAGCAGAAATCATGTCTTG_004,117
CCAGCAGAAATCATGTCTTG_005,168
CCAGCAGAAATCATGTCTTG_006,25
CCAGCAGAAATCATGTCTTG_007,151
CCAGCAGAAATCATGTCTTG_008,37
AATCGATTTACAAACCGAGG_001,33
AATCGATTTACAAACCGAGG_002,164
AATCGATTTACAAACCGAGG_003,164
AAAATGGAGTGGATATGTTG_001,37
GCATGGGCGAGGACGCGTGG_001,162
GCATGGGCGAGGACGCGTGG_002,88
GCATGGGCGAGGACGCGTGG_003,107
GCATGGGCGAGGACGCGTGG_004,12
GCATGGGCGAGGACGCGTGG_005,156
GCATGGGCGAGGACGCGTGG_006,97
GCATGGGCGAGGACGCGTGG_007,178
ACAAACTCTGGACGGCCGGT_001,159
ACAAACTCTGGACGGCCGGT_002,47
ACAAACTCTGGACGGCCGGT_003,142
ACAAACTCTGGACGGCCGGT_004,76
TTGCTGACTCATTGTATGAG_001,163
TTGCTGACTCATTGTATGAG_002,102
TTGCTGACTCATTGTATGAG_003,172
TTGCTGACTCATTGTATGAG_004,34
TTGCTGACTCATTGTATGAG_005,11
TTGCTGACTCATTGTATGAG_006,106
TTGCTGACTCATTGTATGAG_007,2
TTGCTGACTCATTGTATGAG_008,142
TTGCTGACTCATTGTATGAG_009,138
TTGCTGACTCATTGTATGAG_010,162
ATCCATAACAGAGCACCATG_001,54
ATCCATAACAGAGCACCATG_002,192
ATCCATAACAGAGCACCATG_003,78
ATCCATAACAGAGCACCATG_004,15
ATCCATAACAGAGCACCATG_005,195
ATCCATAACAGAGCACCATG_006,16
ATCCATAACAGAGCACCATG_007,7
GGTGGTCTCCCTTATGCAGA_001,148
GGTGGTCTCCCTTATGCAGA_002,16
GGTGGTCTCCCTTATGCAGA_003,77
GGTGGTCTCCCTTATGCAGA_004,45
GGTGGTCTCCCTTATGCAGA_005,33
GGTGGTCTCCCTTATGCAGA_006,38
GGTGGTCTCCCTTATGCAGA_007,133
GGTGGTCTCCCTTATGCAGA_008,158
GGTGGTCTCCCTTATGCAGA_009,121
GAGTAACCGCAGATACACAA_001,197
GAGTAACCGCAGATACACAA_002,9
GAGTAACCGCAGATACACAA_003,178
GAGTAACCGCAGATACACAA_004,161
GCATACTCTTGCATGAACGT_001,177
GCATACTCTTGCATGAACGT_002,162
GCATACTCTTGCATGAACGT_003,67
GCATACTCTTGCATGAACGT_004,135
GCATACTCTTGCATGAACGT_005,41
GCATACTCTTGCATGAACGT_006,159
GCATACTCTTGCATGAACGT_007,24
GCATACTCTTGCATGAACGT_008,80
GCATACTCTTGCATGAACGT_009,36
AAGTACAGCCTGGAACAGCG_001,41
AAGTACAGCCTGGAACAGCG_002,12
AAGTACAGCCTGGAACAGCG_003,189
AAGTACAGCCTGGAACAGCG_004,48
AAGTACAGCCTGGAACAGCG_005,148
AAGTACAGCCTGGAACAGCG_006,129
AAGTACAGCCTGGAACAGCG_007,51
AAGTACAGCCTGGAACAGCG_008,54
AAGTACAGCCTGGAACAGCG_009,62
AAGTACAGCCTGGAACAGCG_010,121
CTTTCACCTACAAGCCGCCG_001,160
CTTTCACCTACAAGCCGCCG_002,152
CTTTCACCTACAAGCCGCCG_003,84
CTTTCACCTACAAGCCGCCG_004,160
CTTTCACCTACAAGCCGCCG_005,11
CTTTCACCTACAAGCCGCCG_006,166
CTTTCACCTACAAGCCGCCG_007,58
CTTTCACCTACAAGCCGCCG_008,88
TTCTAATATAGATTTATCAG_001,139
CTGCAGGAAGCGGACTACGT_001,70
CTGCAGGAAGCGGACTACGT_002,8
CTGCAGGAAGCGGACTACGT_003,118
CTGCAGGAAGCGGACTACGT_004,11
CTGCAGGAAGCGGACTACGT_005,48
CTGCAGGAAGCGGACTACGT_006,41
CTGCAGGAAGCGGACTACGT_007,35
CTGCAGGAAGCGGACTACGT_008,13
CTGCAGGAAGCGGACTACGT_009,158
CTGCAGGAAGCGGACTACGT_010,197
CTGCAGGAAGCGGACTACGT_011,144
CTGCAGGAAGCGGACTACGT_012,18
CTGCAGGAAGCGGACTACGT_013,155
CGAAAATCCTCCACATCCTG_001,124
TGTACGTACACTACGACTTG_001,5
TGTACGTACACTACGACTTG_002,81
TGTACGTACACTACGACTTG_003,57
TCCTGATGGACAACTATGTG_001,124
TCCTGATGGACAACTATGTG_002,12
TCCTGATGGACAACTATGTG_003,172
ACTTGCCACAAGTCTTGACG_001,122
ACTTGCCACAAGTCTTGACG_002,45
ACTTGCCACAAGTCTTGACG_003,191
ACTTGCCACAAGTCTTGACG_004,162
CCCAAAAGCACAAGAACTGG_001,98
CCCAAAAGCACAAGAACTGG_002,132
CCCAAAAGCACAAGAACTGG_003,188
CCCAAAAGCACAAGAACTGG_004,198
CCCAAAAGCACAAGAACTGG_005,113
CCCAAAAGCACAAGAACTGG_006,4
CCCAAAAGCACAAGAACTGG_007,49
CCCAAAAGCACAAGAACTGG_008,34
CCCAAAAGCACAAGAACTGG_009,105
CCCAAAAGCACAAGAACTGG_010,156
CCCAAAAGCACAAGAACTGG_011,62
CTACATCAAGACATCCACCA_001,70
CTACATCAAGACATCCACCA_002,48
CTACATCAAGACATCCACCA_003,158
CTACATCAAGACATCCACCA_004,133
CTACATCAAGACATCCACCA_005,106
CTACATCAAGACATCCACCA_006,51
CTACATCAAGACATCCACCA_007,51
CTACATCAAGACATCCACCA_008,42
CTACATCAAGACATCCACCA_009,130
CTACATCAAGACATCCACCA_010,33
CTACATCAAGACATCCACCA_011,92
CTACATCAAGACATCCACCA_012,147
CTACATCAAGACATCCACCA_013,88
CTACATCAAGACATCCACCA_014,123
CTACATCAAGACATCCACCA_015,95
CTACATCAAGACATCCACCA_016,6
CTACATCAAGACATCCACCA_017,188
CTACATCAAGACATCCACCA_018,99
CTACATCAAGACATCCACCA_019,40
CTACATCAAGACATCCACCA_020,153
CTACATCAAGACATCCACCA_021,142
CTACATCAAGACATCCACCA_022,47
CTACATCAAGACATCCACCA_023,136
CTACATCAAGACATCCACCA_024,56
CTACATCAAGACATCCACCA_025,35
GGTTAAAGGAGCCACAGGCC_001,121
GGTTAAAGGAGCCACAGGCC_002,59
GGTTAAAGGAGCCACAGGCC_003,55
GGTTAAAGGAGCCACAGGCC_004,68
GGTTAAAGGAGCCACAGGCC_005,168
GCAGGTATGAAGTCTCCACG_001,135
GCAGGTATGAAGTCTCCACG_002,86
GCAGGTATGAAGTCTCCACG_003,63
GCAGGTATGAAGTCTCCACG_004,50
GCAGGTATGAAGTCTCCACG_005,2
CAGACCTCGATACATAATGG_001,8
CAGACCTCGATACATAATGG_002,149
CAGACCTCGATACATAATGG_003,12
CAGACCTCGATACATAATGG_004,174
CAGACCTCGATACATAATGG_005,115
GAGAGCCACATATGGCAAAG_001,114
GAGAGCCACATATGGCAAAG_002,185
ACAAGGCAGCCTCTGAAAAG_001,41
ACAAGGCAGCCTCTGAAAAG_002,40
ACAAGGCAGCCTCTGAAAAG_003,141
ACAAGGCAGCCTCTGAAAAG_004,130
ACAAGGCAGCCTCTGAAAAG_005,163
ACAAGGCAGCCTCTGAAAAG_006,76
ACAGATGGGGTATTGGCTCG_001,198
ACAGATGGGGTATTGGCTCG_002,114
ACAGATGGGGTATTGGCTCG_003,114
ACAGATGGGGTATTGGCTCG_004,107
AATGAAAATGCCAATCCCCA_001,45
AATGAAAATGCCAATCCCCA_002,184
AATGAAAATGCCAATCCCCA_003,118
AATGAAAATGCCAATCCCCA_004,149
AATGAAAATGCCAATCCCCA_005,32
AATGAAAATGCCAATCCCCA_006,70
AATGAAAATGCCAATCCCCA_007,170
AATGAAAATGCCAATCCCCA_008,94
AATGAAAATGCCAATCCCCA_009,124
AATGAAAATGCCAATCCCCA_010,121
AATGAAAATGCCAATCCCCA_011,183
AATGAAAATGCCAATCCCCA_012,49
AATGAAAATGCCAATCCCCA_013,197
AATGAAAATGCCAATCCCCA_014,41
AATGAAAATGCCAATCCCCA_015,137
AATGAAAATGCCAATCCCCA_016,48
ACCAACGTATCCTTTATCAG_001,151
ACCAACGTATCCTTTATCAG_002,17
GGCTCCGTGTGCTCTCACCA_001,21
GGCTCCGTGTGCTCTCACCA_002,96
GGCTCCGTGTGCTCTCACCA_003,44
GGCTCCGTGTGCTCTCACCA_004,13
GGCTCCGTGTGCTCTCACCA_005,160
CATTATTGACTCACCCTATG_001,100
CATTATTGACTCACCCTATG_002,163
GGGACATTCGAAAACCTCAG_001,115
GGGACATTCGAAAACCTCAG_002,120
CAAGGTTCCTGATTCCATTG_001,102
CAAGGTTCCTGATTCCATTG_002,34
CAAGGTTCCTGATTCCATTG_003,197
TCAGGCAGCTGCCATCACAT_001,183
TCAGGCAGCTGCCATCACAT_002,158
TCAGGCAGCTGCCATCACAT_003,140
TCAGGCAGCTGCCATCACAT_004,147
TCAGGCAGCTGCCATCACAT_005,199
TCAGGCAGCTGCCATCACAT_006,120
TCAGGCAGCTGCCATCACAT_007,166
CTCCAGGAAAGCGTGCCGCA_001,34
CTCCAGGAAAGCGTGCCGCA_002,102
CTCCAGGAAAGCGTGCCGCA_003,127
CTCCAGGAAAGCGTGCCGCA_004,46
CTCCAGGAAAGCGTGCCGCA_005,18
CTCCAGGAAAGCGTGCCGCA_006,95
CTCCAGGAAAGCGTGCCGCA_007,148
CTCCAGGAAAGCGTGCCGCA_008,35
CTCCAGGAAAGCGTGCCGCA_009,170
CTCCAGGAAAGCGTGCCGCA_010,0
CTCCAGGAAAGCGTGCCGCA_011,184
CTCCAGGAAAGCGTGCCGCA_012,133
CTCCAGGAAAGCGTGCCGCA_013,191
CTCCAGGAAAGCGTGCCGCA_014,8
CTCCAGGAAAGCGTGCCGCA_015,163
CTCCAGGAAAGCGTGCCGCA_016,89
CTCCAGGAAAGCGTGCCGCA_017,188
CTCCAGGAAAGCGTGCCGCA_018,147
CTCCAGGAAAGCGTGCCGCA_019,104
CTCCAGGAAAGCGTGCCGCA_020,124
CTCCAGGAAAGCGTGCCGCA_021,179
CTCCAGGAAAGCGTGCCGCA_022,10
CTCCAGGAAAGCGTGCCGCA_023,142
GAAACATTGGCCCTTTATGG_001,139
GAAACATTGGCCCTTTATGG_002,145
GAAACATTGGCCCTTTATGG_003,134
GAAACATTGGCCCTTTATGG_004,155
GATGGCAATCACATCCCCGG_001,182
GATGGCAATCACATCCCCGG_002,143
GATGGCAATCACATCCCCGG_003,196
GGAAGGTTCCCTCAAGTCCA_001,102
GGAAGGTTCCCTCAAGTCCA_002,152
GGCCGGTACGTACCTCTGGG_001,1
GGCCGGTACGTACCTCTGGG_002,33
GGCCGGTACGTACCTCTGGG_003,95
GGCCGGTACGTACCTCTGGG_004,95
GGCCGGTACGTACCTCTGGG_005,150
AATTTACATTGGATAACTCG_001,105
TCAAGTGGTCTCGAGGCGGG_001,68
TCAAGTGGTCTCGAGGCGGG_002,15
TCAAGTGGTCTCGAGGCGGG_003,169
TCAAGTGGTCTCGAGGCGGG_004,22
TCAAGTGGTCTCGAGGCGGG_005,113
TCAAGTGGTCTCGAGGCGGG_006,170
TCAAGTGGTCTCGAGGCGGG_007,116
TCAAGTGGTCTCGAGGCGGG_008,188
TGTAAGTGGCAGCTTAGACG_001,106
TGTAAGTGGCAGCTTAGACG_002,188
TGTAAGTGGCAGCTTAGACG_003,155
TGTAAGTGGCAGCTTAGACG_004,141
TGTAAGTGGCAGCTTAGACG_005,93
TGTAAGTGGCAGCTTAGACG_006,127
TGTAAGTGGCAGCTTAGACG_007,169
TGTAAGTGGCAGCTTAGACG_008,28
TGTAAGTGGCAGCTTAGACG_009,89
TGTAAGTGGCAGCTTAGACG_010,158
GAGAACCAAGGTGGCCAGAG_001,145
GAGAACCAAGGTGGCCAGAG_002,170
GAGAACCAAGGTGGCCAGAG_003,185
GAGAACCAAGGTGGCCAGAG_004,154
GAGAACCAAGGTGGCCAGAG_005,15
GCGAGAGAAAACCGTGACCG_001,176
GCGAGAGAAAACCGTGACCG_002,168
GCGAGAGAAAACCGTGACCG_003,166
GCGAGAGAAAACCGTGACCG_004,43
GCGAGAGAAAACCGTGACCG_005,66
GCGAGAGAAAACCGTGACCG_006,58
GCGAGAGAAAACCGTGACCG_007,172
GCGAGAGAAAACCGTGACCG_008,115
GCGAGAGAAAACCGTGACCG_009,188
GCGAGAGAAAACCGTGACCG_010,127
GCGAGAGAAAACCGTGACCG_011,78
GCGAGAGAAAACCGTGACCG_012,9
GCGAGAGAAAACCGTGACCG_013,91
TAAAGCAGAAGAATATACAG_001,188
TAAAGCAGAAGAATATACAG_002,115
TAAAGCAGAAGAATATACAG_003,115
TGCAGCGGCATTCACAACGT_001,39
TGCAGCGGCATTCACAACGT_002,19
TGCAGCGGCATTCACAACGT_003,105
TGCAGCGGCATTCACAACGT_004,70
TGCAGCGGCATTCACAACGT_005,69
TGCAGCGGCATTCACAACGT_006,85
TGCAGCGGCATTCACAACGT_007,158
TGCAGCGGCATTCACAACGT_008,141
TGCAGCGGCATTCACAACGT_009,127
TGCAGCGGCATTCACAACGT_010,43
TGCAGCGGCATTCACAACGT_011,103
TGCAGCGGCATTCACAACGT_012,81
AATACCTGGACCCTAATCAG_001,113
AATACCTGGACCCTAATCAG_002,102
AATACCTGGACCCTAATCAG_003,41
GTTGGGGACTACCAAGTGCT_001,183
GTTGGGGACTACCAAGTGCT_002,181
GTTGGGGACTACCAAGTGCT_003,38
GTTGGGGACTACCAAGTGCT_004,169
GTTGGGGACTACCAAGTGCT_005,71
GTTGGGGACTACCAAGTGCT_006,101
GTTGGGGACTACCAAGTGCT_007,145
GTTGGGGACTACCAAGTGCT_008,127
GTTGGGGACTACCAAGTGCT_009,184
GTTGGGGACTACCAAGTGCT_010,29
GTTGGGGACTACCAAGTGCT_011,24
GTTGGGGACTACCAAGTGCT_012,191
GTTGGGGACTACCAAGTGCT_013,33
GTTGGGGACTACCAAGTGCT_014,35
GTTGGGGACTACCAAGTGCT_015,147
GAGATCCAGGCTGCACGCGG_001,127
GAGATCCAGGCTGCACGCGG_002,170
GAGATCCAGGCTGCACGCGG_003,35
GAGATCCAGGCTGCACGCGG_004,116
GAGATCCAGGCTGCACGCGG_005,78
GAGATCCAGGCTGCACGCGG_006,1
GAGATCCAGGCTGCACGCGG_007,2
GAGATCCAGGCTGCACGCGG_008,14
GAGATCCAGGCTGCACGCGG_009,95
GAGATCCAGGCTGCACGCGG_010,145
GAGATCCAGGCTGCACGCGG_011,80
GAGATCCAGGCTGCACGCGG_012,94
GAGATCCAGGCTGCACGCGG_013,199
GAGATCCAGGCTGCACGCGG_014,12
GAGATCCAGGCTGCACGCGG_015,130
GAGATCCAGGCTGCACGCGG_016,36
GAGATCCAGGCTGCACGCGG_017,117
GAGATCCAGGCTGCACGCGG_018,67
GAGATCCAGGCTGCACGCGG_019,132
GAGATCCAGGCTGCACGCGG_020,50
GAGATCCAGGCTGCACGCGG_021,176
GAGATCCAGGCTGCACGCGG_022,198
GAGATCCAGGCTGCACGCGG_023,9
GAGATCCAGGCTGCACGCGG_024,39
GAGATCCAGGCTGCACGCGG_025,166
GAGATCCAGGCTGCACGCGG_026,43
GAGATCCAGGCTGCACGCGG_027,1
GAGATCCAGGCTGCACGCGG_028,177
GAGATCCAGGCTGCACGCGG_029,61
GAGATCCAGGCTGCACGCGG_030,184
GAGATCCAGGCTGCACGCGG_031,188
GAGATCCAGGCTGCACGCGG_032,147
GAGATCCAGGCTGCACGCGG_033,175
GAGATCCAGGCTGCACGCGG_034,94
GAGATCCAGGCTGCACGCGG_035,147
GAGATCCAGGCTGCACGCGG_036,126
GAGATCCAGGCTGCACGCGG_037,175
GAGATCCAGGCTGCACGCGG_038,46
GAGATCCAGGCTGCACGCGG_039,145
GAGATCCAGGCTGCACGCGG_040,150
GAGATCCAGGCTGCACGCGG_041,49
GAGATCCAGGCTGCACGCGG_042,104
GAGATCCAGGCTGCACGCGG_043,94
GCCGTAAAGTACCTTGGGCA_001,168
GCCGTAAAGTACCTTGGGCA_002,61
GCCGTAAAGTACCTTGGGCA_003,199
GGAGTACTCACACAAAAGTG_001,153
GGAGTACTCACACAAAAGTG_002,170
GGAGTACTCACACAAAAGTG_003,150
GGAGTACTCACACAAAAGTG_004,96
GGAGTACTCACACAAAAGTG_005,152
GTGACGCGGAGTTATTACCG_001,34
GTGACGCGGAGTTATTACCG_002,10
TAACGGTGATTAGCCTTGTG_001,58
TAACGGTGATTAGCCTTGTG_002,126
GAGTTGCACAGAATGCCAGT_001,121
GAGTTGCACAGAATGCCAGT_002,133
GAGTTGCACAGAATGCCAGT_003,63
GAGTTGCACAGAATGCCAGT_004,102
GAGTTGCACAGAATGCCAGT_005,132
GAGTTGCACAGAATGCCAGT_006,169
GAGTTGCACAGAATGCCAGT_007,37
GAGTTGCACAGAATGCCAGT_008,174
GAGTTGCACAGAATGCCAGT_009,160
GAGTTGCACAGAATGCCAGT_010,139
GAGTTGCACAGAATGCCAGT_011,122
GAGTTGCACAGAATGCCAGT_012,129
GAGTTGCACAGAATGCCAGT_013,107
GAGTTGCACAGAATGCCAGT_014,127
GAGTTGCACAGAATGCCAGT_015,127
GAGTTGCACAGAATGCCAGT_016,150
GAGTTGCACAGAATGCCAGT_017,124
GAGTTGCACAGAATGCCAGT_018,121
GAGTTGCACAGAATGCCAGT_019,89
GAAGACTGCCGGGTTCTCGA_001,182
GAAGACTGCCGGGTTCTCGA_002,173
GAAGACTGCCGGGTTCTCGA_003,102
TCATTGAAGCAAATGAATGT_001,15
TCATTGAAGCAAATGAATGT_002,78
TCATTGAAGCAAATGAATGT_003,11
TCATTGAAGCAAATGAATGT_004,83
TCATTGAAGCAAATGAATGT_005,53
TCATTGAAGCAAATGAATGT_006,136
TCATTGAAGCAAATGAATGT_007,113
TCATTGAAGCAAATGAATGT_008,192
TCATTGAAGCAAATGAATGT_009,34
TCATTGAAGCAAATGAATGT_010,162
TCATTGAAGCAAATGAATGT_011,191
TCATTGAAGCAAATGAATGT_012,191
TCATTGAAGCAAATGAATGT_013,67
TCATTGAAGCAAATGAATGT_014,138
TCATTGAAGCAAATGAATGT_015,168
TCATTGAAGCAAATGAATGT_016,105
AACACCAGTGTCTCGTGAGG_001,43
AACACCAGTGTCTCGTGAGG_002,101
TCAACATAACAGAGACCATG_001,56
TCAACATAACAGAGACCATG_002,116
TCAACATAACAGAGACCATG_003,141
TCAACATAACAGAGACCATG_004,151
TCAACATAACAGAGACCATG_005,77
TCAACATAACAGAGACCATG_006,148
TCAACATAACAGAGACCATG_007,0
TCAACATAACAGAGACCATG_008,40
GGTAGTAGCGAGGTATGAGG_001,191
GGTAGTAGCGAGGTATGAGG_002,43
GGTAGTAGCGAGGTATGAGG_003,40
GGTAGTAGCGAGGTATGAGG_004,150
GGTAGTAGCGAGGTATGAGG_005,182
GGTAGTAGCGAGGTATGAGG_006,191
GGTAGTAGCGAGGTATGAGG_007,119
ATCAGTGACATCATCAACTG_001,94
ATCAGTGACATCATCAACTG_002,4
ATCAGTGACATCATCAACTG_003,32
ATCAGTGACATCATCAACTG_004,82
ATCAGTGACATCATCAACTG_005,44
ATCAGTGACATCATCAACTG_006,149
ATCAGTGACATCATCAACTG_007,129
ATCAGTGACATCATCAACTG_008,94
ATCAGTGACATCATCAACTG_009,51
ATCAGTGACATCATCAACTG_010,116
ATCAGTGACATCATCAACTG_011,191
ATCAGTGACATCATCAACTG_012,98
CTATGCTTGAAAGGTCTAGG_001,1
CTATGCTTGAAAGGTCTAGG_002,94
CTATGCTTGAAAGGTCTAGG_003,58
CTATGCTTGAAAGGTCTAGG_004,29
CTATGCTTGAAAGGTCTAGG_005,125
CTATGCTTGAAAGGTCTAGG_006,198
CTATGCTTGAAAGGTCTAGG_007,124
GATCATAGATAACACCACCA_001,9
GATCATAGATAACACCACCA_002,63
GGGCCGCGGGGACCTCGATG_001,90
GGGCCGCGGGGACCTCGATG_002,106
GGGCCGCGGGGACCTCGATG_003,11
GGGCCGCGGGGACCTCGATG_004,8
GGGCCGCGGGGACCTCGATG_005,158
GGGCCGCGGGGACCTCGATG_006,37
GGGCCGCGGGGACCTCGATG_007,175
GGGCCGCGGGGACCTCGATG_008,190
GGGCCGCGGGGACCTCGATG_009,121
GGGCCGCGGGGACCTCGATG_010,61
GGGCCGCGGGGACCTCGATG_011,28
GGGCCGCGGGGACCTCGATG_012,4
GGGCCGCGGGGACCTCGATG_013,83
GGGCCGCGGGGACCTCGATG_014,94
GGGCCGCGGGGACCTCGATG_015,175
ATAGCTAAAGTTGATGTGTA_001,101
ATAGCTAAAGTTGATGTGTA_002,191
ATAGCTAAAGTTGATGTGTA_003,128
ATAGCTAAAGTTGATGTGTA_004,181
ATAGCTAAAGTTGATGTGTA_005,181
ATAGCTAAAGTTGATGTGTA_006,144
ATAGCTAAAGTTGATGTGTA_007,11
ATAGCTAAAGTTGATGTGTA_008,111
ATAGCTAAAGTTGATGTGTA_009,141
ATAGCTAAAGTTGATGTGTA_010,58
ATAGCTAAAGTTGATGTGTA_011,141
ATAGCTAAAGTTGATGTGTA_012,33
ATAGCTAAAGTTGATGTGTA_013,163
ATAGCTAAAGTTGATGTGTA_014,184
ATAGCTAAAGTTGATGTGTA_015,57
ATAGCTAAAGTTGATGTGTA_016,42
ATAGCTAAAGTTGATGTGTA_017,70
ATAGCTAAAGTTGATGTGTA_018,177
ATAGCTAAAGTTGATGTGTA_019,81
ATAGCTAAAGTTGATGTGTA_020,81
ATAGCTAAAGTTGATGTGTA_021,15
ATAGCTAAAGTTGATGTGTA_022,62
ATAGCTAAAGTTGATGTGTA_023,88
ATAGCTAAAGTTGATGTGTA_024,48
ATAGCTAAAGTTGATGTGTA_025,62
ATGCAACAAAACTGGATACG_001,63
ATGCAACAAAACTGGATACG_002,29
ATGCAACAAAACTGGATACG_003,22
ATGCAACAAAACTGGATACG_004,40
ATGCAACAAAACTGGATACG_005,119
ATGCAACAAAACTGGATACG_006,158
ATGCAACAAAACTGGATACG_007,67
ATGCAACAAAACTGGATACG_008,182
ATGCAACAAAACTGGATACG_009,19
ATGCAACAAAACTGGATACG_010,199
GTAGCACGTTCTTCCCCGCA_001,70
GTAGCACGTTCTTCCCCGCA_002,18
CCAAAGACTGCAGAGACTAA_001,42
CCAAAGACTGCAGAGACTAA_002,83
CCAAAGACTGCAGAGACTAA_003,115
CCAAAGACTGCAGAGACTAA_004,188
CCAAAGACTGCAGAGACTAA_005,158
CCAAAGACTGCAGAGACTAA_006,94
CCAAAGACTGCAGAGACTAA_007,125
TATTGCGGAGATCCTGCTAG_001,141
TATTGCGGAGATCCTGCTAG_002,98
TATTGCGGAGATCCTGCTAG_003,9
TATTGCGGAGATCCTGCTAG_004,184
TATTGCGGAGATCCTGCTAG_005,179
TATTGCGGAGATCCTGCTAG_006,115
GCGGCAGGAGCATACCCCGA_001,170
GCGGCAGGAGCATACCCCGA_002,15
GCGGCAGGAGCATACCCCGA_003,51
GCGGCAGGAGCATACCCCGA_004,54
GCGGCAGGAGCATACCCCGA_005,181
GCGGCAGGAGCATACCCCGA_006,113
GCGGCAGGAGCATACCCCGA_007,9
GCGGCAGGAGCATACCCCGA_008,11
GCGGCAGGAGCATACCCCGA_009,35
GCGGCAGGAGCATACCCCGA_010,121
GCGGCAGGAGCATACCCCGA_011,143
AAATCAAACATCAAATATGG_001,185
AAATCAAACATCAAATATGG_002,197
AAATCAAACATCAAATATGG_003,8
AAATCAAACATCAAATATGG_004,8
AAATCAAACATCAAATATGG_005,43
AAATCAAACATCAAATATGG_006,154
AAATCAAACATCAAATATGG_007,144
GCGAAAACTGAGTAACACCA_001,84
GCGAAAACTGAGTAACACCA_002,176
GCGAAAACTGAGTAACACCA_003,60
GCGAAAACTGAGTAACACCA_004,126
GCGAAAACTGAGTAACACCA_005,186
GCGAAAACTGAGTAACACCA_006,184
GCGAAAACTGAGTAACACCA_007,67
GCGAAAACTGAGTAACACCA_008,120
GCGAAAACTGAGTAACACCA_009,84
GCGAAAACTGAGTAACACCA_010,172
GCGAAAACTGAGTAACACCA_011,162
GCGAAAACTGAGTAACACCA_012,88
GCGAAAACTGAGTAACACCA_013,60
GCGAAAACTGAGTAACACCA_014,42
GCGAAAACTGAGTAACACCA_015,137
GCGAAAACTGAGTAACACCA_016,175
GCGAAAACTGAGTAACACCA_017,3
GGAGACTTCAGATTGGCGCA_001,113
GGAGACTTCAGATTGGCGCA_002,91
GGAGACTTCAGATTGGCGCA_003,127
GGAGACTTCAGATTGGCGCA_004,117
GGAGACTTCAGATTGGCGCA_005,103
GGAGACTTCAGATTGGCGCA_006,55
GGAGACTTCAGATTGGCGCA_007,115
GGAGACTTCAGATTGGCGCA_008,169
GGAGACTTCAGATTGGCGCA_009,116
GGAGACTTCAGATTGGCGCA_010,125
GGAGACTTCAGATTGGCGCA_011,162
GGAGACTTCAGATTGGCGCA_012,121
GGAGACTTCAGATTGGCGCA_013,178
GGAGACTTCAGATTGGCGCA_014,88
GGAGACTTCAGATTGGCGCA_015,19
GGAGACTTCAGATTGGCGCA_016,127
GGAGACTTCAGATTGGCGCA_017,60
GGAGACTTCAGATTGGCGCA_018,191
GGAGACTTCAGATTGGCGCA_019,174
GGAGACTTCAGATTGGCGCA_020,198
GGAGACTTCAGATTGGCGCA_021,80
GGAGACTTCAGATTGGCGCA_022,178
GGAGACTTCAGATTGGCGCA_023,80
GGAGACTTCAGATTGGCGCA_024,36
GGAGACTTCAGATTGGCGCA_025,22
GGAGACTTCAGATTGGCGCA_026,57
GGAGACTTCAGATTGGCGCA_027,169
GGAGACTTCAGATTGGCGCA_028,88
GGAGACTTCAGATTGGCGCA_029,13
GTCTAGGTGCCATCCTTGGT_001,172
GTCTAGGTGCCATCCTTGGT_002,116
GTCTAGGTGCCATCCTTGGT_003,154
GTCTAGGTGCCATCCTTGGT_004,158
GTCTAGGTGCCATCCTTGGT_005,48
GTCTAGGTGCCATCCTTGGT_006,148
GTCTAGGTGCCATCCTTGGT_007,84
GTCTAGGTGCCATCCTTGGT_008,35
GTCTAGGTGCCATCCTTGGT_009,14
GTCTAGGTGCCATCCTTGGT_010,60
GTCTAGGTGCCATCCTTGGT_011,50
GGCCTACATGCACGTCGCCG_001,169
GGCCTACATGCACGTCGCCG_002,175
GGCCTACATGCACGTCGCCG_003,78
GGCCTACATGCACGTCGCCG_004,160
GGCCTACATGCACGTCGCCG_005,123
ACTTAACACTGGACTTCCAC_001,81
ACTTAACACTGGACTTCCAC_002,183
ACTTAACACTGGACTTCCAC_003,158
ACTTAACACTGGACTTCCAC_004,70
ACTTAACACTGGACTTCCAC_005,196
ACTTAACACTGGACTTCCAC_006,140
ACTTAACACTGGACTTCCAC_007,127
CCCCGCCTCTTACCGGTGGA_001,163
CCCCGCCTCTTACCGGTGGA_002,134
CCCCGCCTCTTACCGGTGGA_003,93
CCCCGCCTCTTACCGGTGGA_004,19
CCCCGCCTCTTACCGGTGGA_005,191
CCCCGCCTCTTACCGGTGGA_006,181
CCCCGCCTCTTACCGGTGGA_007,50
CCCCGCCTCTTACCGGTGGA_008,112
CCCCGCCTCTTACCGGTGGA_009,82
CCCCGCCTCTTACCGGTGGA_010,56
CCCCGCCTCTTACCGGTGGA_011,147
CCCCGCCTCTTACCGGTGGA_012,108
CCCCGCCTCTTACCGGTGGA_013,148
CCCCGCCTCTTACCGGTGGA_014,157
CCCCGCCTCTTACCGGTGGA_015,174
CCCCGCCTCTTACCGGTGGA_016,173
CCCCGCCTCTTACCGGTGGA_017,93
CCCCGCCTCTTACCGGTGGA_018,89
CCCCGCCTCTTACCGGTGGA_019,150
CCCCGCCTCTTACCGGTGGA_020,19
CCCCGCCTCTTACCGGTGGA_021,43
CCCCGCCTCTTACCGGTGGA_022,70
CCCCGCCTCTTACCGGTGGA_023,11
CCCCGCCTCTTACCGGTGGA_024,199
CCCCGCCTCTTACCGGTGGA_025,106
CCCCGCCTCTTACCGGTGGA_026,177
CCCCGCCTCTTACCGGTGGA_027,153
CCCCGCCTCTTACCGGTGGA_028,63
CCCCGCCTCTTACCGGTGGA_029,63
TGTCGAGATCCTCCCCTCTG_001,130
TGTCGAGATCCTCCCCTCTG_002,170
TGTCGAGATCCTCCCCTCTG_003,16
TGTCGAGATCCTCCCCTCTG_004,141
TGTCGAGATCCTCCCCTCTG_005,144
TGTCGAGATCCTCCCCTCTG_006,118
TGTCGAGATCCTCCCCTCTG_007,84
TGTCGAGATCCTCCCCTCTG_008,91
TGTCGAGATCCTCCCCTCTG_009,131
TGTCGAGATCCTCCCCTCTG_010,3
TGTCGAGATCCTCCCCTCTG_011,165
TGTCGAGATCCTCCCCTCTG_012,153
TGTCGAGATCCTCCCCTCTG_013,31
TGTCGAGATCCTCCCCTCTG_014,153
TGTCGAGATCCTCCCCTCTG_015,99
TGTCGAGATCCTCCCCTCTG_016,118
GATTGACCGGACCATGATTG_001,48
GATTGACCGGACCATGATTG_002,93
GATTGACCGGACCATGATTG_003,93
GATTGACCGGACCATGATTG_004,121
ATGATGGATGAGTACTGTAG_001,43
ATGATGGATGAGTACTGTAG_002,120
ATGATGGATGAGTACTGTAG_003,76
ATGATGGATGAGTACTGTAG_004,67
ATGATGGATGAGTACTGTAG_005,45
ATGATGGATGAGTACTGTAG_006,175
ATGATGGATGAGTACTGTAG_007,50
GCACAAATCTGCCGACCAAG_001,199
GCACAAATCTGCCGACCAAG_002,14
GCACAAATCTGCCGACCAAG_003,10
TGAGGAAGAAGAAACATCCA_001,117
TGAGGAAGAAGAAACATCCA_002,13
ACACAAGACAAGGACAGGAT_001,101
ACACAAGACAAGGACAGGAT_002,105
ACACAAGACAAGGACAGGAT_003,121
ACACAAGACAAGGACAGGAT_004,157
ACACAAGACAAGGACAGGAT_005,82
ACACAAGACAAGGACAGGAT_006,162
ACACAAGACAAGGACAGGAT_007,22
ACACAAGACAAGGACAGGAT_008,37
ACACAAGACAAGGACAGGAT_009,128
ACACAAGACAAGGACAGGAT_010,113
ACACAAGACAAGGACAGGAT_011,115
ACACAAGACAAGGACAGGAT_012,126
ACACAAGACAAGGACAGGAT_013,108
ACACAAGACAAGGACAGGAT_014,108
ACACAAGACAAGGACAGGAT_015,56
ACACAAGACAAGGACAGGAT_016,131
CCGGTGGCCCTGCCCCAATG_001,103
CCGGTGGCCCTGCCCCAATG_002,97
CCGGTGGCCCTGCCCCAATG_003,50
CCGGTGGCCCTGCCCCAATG_004,127
CCGGTGGCCCTGCCCCAATG_005,87
CCGGTGGCCCTGCCCCAATG_006,179
CCGGTGGCCCTGCCCCAATG_007,75
CCGGTGGCCCTGCCCCAATG_008,50
CCGGTGGCCCTGCCCCAATG_009,83
CCGGTGGCCCTGCCCCAATG_010,191
CCGGTGGCCCTGCCCCAATG_011,78
CCGGTGGCCCTGCCCCAATG_012,106
CCGGTGGCCCTGCCCCAATG_013,55
CCGGTGGCCCTGCCCCAATG_014,44
CCGGTGGCCCTGCCCCAATG_015,170
CCGGTGGCCCTGCCCCAATG_016,62
CCGGTGGCCCTGCCCCAATG_017,14
CCGGTGGCCCTGCCCCAATG_018,94
CCGGTGGCCCTGCCCCAATG_019,112
GATGTAGGTGTGTATCACTG_001,21
GATGTAGGTGTGTATCACTG_002,132
GATGTAGGTGTGTATCACTG_003,108
GATGTAGGTGTGTATCACTG_004,178
GTATTGAACGATGATCACGA_001,40
GTATTGAACGATGATCACGA_002,198
GTATTGAACGATGATCACGA_003,88
GTATTGAACGATGATCACGA_004,1
GTATTGAACGATGATCACGA_005,114
GTATTGAACGATGATCACGA_006,82
GTATTGAACGATGATCACGA_007,65
GTATTGAACGATGATCACGA_008,176
GTATTGAACGATGATCACGA_009,15
GTATTGAACGATGATCACGA_010,188
GTATTGAACGATGATCACGA_011,170
GTATTGAACGATGATCACGA_012,116
ACTTTGATGATAATCTCTTG_001,84
ACTTTGATGATAATCTCTTG_002,41
ACTTTGATGATAATCTCTTG_003,198
GGTCCAGCCGCCTGACCGGG_001,23
GGTCCAGCCGCCTGACCGGG_002,149
GGTCCAGCCGCCTGACCGGG_003,146
GGTCCAGCCGCCTGACCGGG_004,7
GGTCCAGCCGCCTGACCGGG_005,7
GGTCCAGCCGCCTGACCGGG_006,142
GGTCCAGCCGCCTGACCGGG_007,194
GGTCCAGCCGCCTGACCGGG_008,30
GGTCCAGCCGCCTGACCGGG_009,96
GGTCCAGCCGCCTGACCGGG_010,13
GGTCCAGCCGCCTGACCGGG_011,12
GGTCCAGCCGCCTGACCGGG_012,12
GGTCCAGCCGCCTGACCGGG_013,30
GGTCCAGCCGCCTGACCGGG_014,181
GGTCCAGCCGCCTGACCGGG_015,101
GGTCCAGCCGCCTGACCGGG_016,141
GGTCCAGCCGCCTGACCGGG_017,33
GGTCCAGCCGCCTGACCGGG_018,19
GGTCCAGCCGCCTGACCGGG_019,43
GGTCCAGCCGCCTGACCGGG_020,64
GGTCCAGCCGCCTGACCGGG_021,14
CGTCGGGCTTGCGCAGCTCG_001,1
TAGAAATGAATGCTGCGCCA_001,99
TAGAAATGAATGCTGCGCCA_002,85
TAGAAATGAATGCTGCGCCA_003,85
TAGAAATGAATGCTGCGCCA_004,79
TTATCCATTTGACACCTGCG_001,125
TTATCCATTTGACACCTGCG_002,118
TTATCCATTTGACACCTGCG_003,1
TTATCCATTTGACACCTGCG_004,105
TTATCCATTTGACACCTGCG_005,134
TTATCCATTTGACACCTGCG_006,128
TTATCCATTTGACACCTGCG_007,8
TTATCCATTTGACACCTGCG_008,49
TTATCCATTTGACACCTGCG_009,138
TTATCCATTTGACACCTGCG_010,35
TTATCCATTTGACACCTGCG_011,116
GGCACTGGTGAGCCAAGACG_001,186
GGCACTGGTGAGCCAAGACG_002,84
GGCACTGGTGAGCCAAGACG_003,113
GGCACTGGTGAGCCAAGACG_004,177
GGCACTGGTGAGCCAAGACG_005,103
GGCACTGGTGAGCCAAGACG_006,9
GGCACTGGTGAGCCAAGACG_007,67
GGCACTGGTGAGCCAAGACG_008,149
GGCACTGGTGAGCCAAGACG_009,10
GGCACTGGTGAGCCAAGACG_010,166
GGCACTGGTGAGCCAAGACG_011,40
GGCACTGGTGAGCCAAGACG_012,141
GGCACTGGTGAGCCAAGACG_013,17
GGCACTGGTGAGCCAAGACG_014,174
CACAGCCAGAACCCAGTCTG_001,15
CACAGCCAGAACCCAGTCTG_002,113
CACAGCCAGAACCCAGTCTG_003,13
CACAGCCAGAACCCAGTCTG_004,61
CACAGCCAGAACCCAGTCTG_005,161
ATTGTAGACACCCAGCGCCT_001,41
ATTGTAGACACCCAGCGCCT_002,6
ATTGTAGACACCCAGCGCCT_003,95
ATTGTAGACACCCAGCGCCT_004,162
ATTGTAGACACCCAGCGCCT_005,177
ATTGTAGACACCCAGCGCCT_006,141
ATTGTAGACACCCAGCGCCT_007,9
ATTGTAGACACCCAGCGCCT_008,184
ATTGTAGACACCCAGCGCCT_009,174
ATTGTAGACACCCAGCGCCT_010,20
ATTGTAGACACCCAGCGCCT_011,102
ATTGTAGACACCCAGCGCCT_012,63
ATTGTAGACACCCAGCGCCT_013,79
TATTGAGGATGAGTGTAACA_001,68
GATGGTTCGGAGCTTTGAGA_001,139
GATGGTTCGGAGCTTTGAGA_002,152
GATGGTTCGGAGCTTTGAGA_003,124
GATGGTTCGGAGCTTTGAGA_004,83
GATGGTTCGGAGCTTTGAGA_005,70
GATGGTTCGGAGCTTTGAGA_006,153
GATGGTTCGGAGCTTTGAGA_007,129
TGTGCCGGCTATACCCCACA_001,99
TATGGGGTAATCCGTTGGAT_001,81
TATGGGGTAATCCGTTGGAT_002,32
GTGAAGACGTTGACGTTGAG_001,151
GTGAAGACGTTGACGTTGAG_002,108
GTGAAGACGTTGACGTTGAG_003,5
GTGAAGACGTTGACGTTGAG_004,43
GTGAAGACGTTGACGTTGAG_005,112
GTGAAGACGTTGACGTTGAG_006,8
GTGAAGACGTTGACGTTGAG_007,165
CTGCATCATGCTGCACTAAG_001,74
CTGCATCATGCTGCACTAAG_002,31
CTGCATCATGCTGCACTAAG_003,135
CTGCATCATGCTGCACTAAG_004,127
CTGCATCATGCTGCACTAAG_005,19
GCACTTACCAAGGCATCTCT_001,134
GCACTTACCAAGGCATCTCT_002,127
GCACTTACCAAGGCATCTCT_003,118
GCACTTACCAAGGCATCTCT_004,67
GCACTTACCAAGGCATCTCT_005,197
GCACTTACCAAGGCATCTCT_006,188
GCACTTACCAAGGCATCTCT_007,157
GCACTTACCAAGGCATCTCT_008,38
GTACAGACGTAAGAGTGCAC_001,0
GTACAGACGTAAGAGTGCAC_002,161
GTACAGACGTAAGAGTGCAC_003,161
CCCAGGTTGGACCACATGAA_001,73
CCCAGGTTGGACCACATGAA_002,183
CCCAGGTTGGACCACATGAA_003,166
CCCAGGTTGGACCACATGAA_004,4
GCTCCGCACTCACCCACGCG_001,70
GCTCCGCACTCACCCACGCG_002,130
GCTCCGCACTCACCCACGCG_003,97
GCTCCGCACTCACCCACGCG_004,188
GCTCCGCACTCACCCACGCG_005,116
GTGCACCGGTTGCTCCGCAA_001,115
GTGCACCGGTTGCTCCGCAA_002,134
GTGCACCGGTTGCTCCGCAA_003,49
GTGCACCGGTTGCTCCGCAA_004,199
GTGCACCGGTTGCTCCGCAA_005,120
GTGCACCGGTTGCTCCGCAA_006,9
GTGCACCGGTTGCTCCGCAA_007,171
GTGCACCGGTTGCTCCGCAA_008,116
GTGCACCGGTTGCTCCGCAA_009,43
GTGCACCGGTTGCTCCGCAA_010,36
GTGCACCGGTTGCTCCGCAA_011,141
GTGCACCGGTTGCTCCGCAA_012,13
GTGCACCGGTTGCTCCGCAA_013,17
GTGCACCGGTTGCTCCGCAA_014,187
GTGCACCGGTTGCTCCGCAA_015,125
GTGCACCGGTTGCTCCGCAA_016,69
GTGCACCGGTTGCTCCGCAA_017,197
GTGCACCGGTTGCTCCGCAA_018,57
GTGCACCGGTTGCTCCGCAA_019,80
GTGCACCGGTTGCTCCGCAA_020,161
GTGCACCGGTTGCTCCGCAA_021,153
GTGCACCGGTTGCTCCGCAA_022,28
GTGCACCGGTTGCTCCGCAA_023,17
GTGCACCGGTTGCTCCGCAA_024,199
GTGCACCGGTTGCTCCGCAA_025,66
GTGCACCGGTTGCTCCGCAA_026,52
GTGCACCGGTTGCTCCGCAA_027,28
GTGCACCGGTTGCTCCGCAA_028,106
GTGCACCGGTTGCTCCGCAA_029,118
GTGCACCGGTTGCTCCGCAA_030,27
GTGCACCGGTTGCTCCGCAA_031,131
GTGCACCGGTTGCTCCGCAA_032,114
GTGCACCGGTTGCTCCGCAA_033,82
AAAGGATTGACAAGAACTGA_001,102
AAAGGATTGACAAGAACTGA_002,176
AAAGGATTGACAAGAACTGA_003,32
AAAGGATTGACAAGAACTGA_004,18
AAAGGATTGACAAGAACTGA_005,21
AAAGGATTGACAAGAACTGA_006,81
AAAGGATTGACAAGAACTGA_007,23
AAAGGATTGACAAGAACTGA_008,29
AAAGGATTGACAAGAACTGA_009,144
AAAGGATTGACAAGAACTGA_010,70
AAAGGATTGACAAGAACTGA_011,56
AGTGGGACCTATGGTGTCTG_001,88
AGTGGGACCTATGGTGTCTG_002,1
AGTGGGACCTATGGTGTCTG_003,97
AGTGGGACCTATGGTGTCTG_004,17
AGTGGGACCTATGGTGTCTG_005,181
AGTGGGACCTATGGTGTCTG_006,77
AGTGGGACCTATGGTGTCTG_007,75
AGTGGGACCTATGGTGTCTG_008,30
AGTGGGACCTATGGTGTCTG_009,8
AGTGGGACCTATGGTGTCTG_010,139
AGTGGGACCTATGGTGTCTG_011,170
AGTGGGACCTATGGTGTCTG_012,145
CATATCTCCGGAAACCCGGC_001,143
CATATCTCCGGAAACCCGGC_002,53
CATATCTCCGGAAACCCGGC_003,138
CATATCTCCGGAAACCCGGC_004,158
CATATCTCCGGAAACCCGGC_005,50
TGCATCCTCGGAAAGCGGCA_001,149
TGCATCCTCGGAAAGCGGCA_002,81
TGCATCCTCGGAAAGCGGCA_003,187
TGCATCCTCGGAAAGCGGCA_004,49
TGCATCCTCGGAAAGCGGCA_005,139
TGCATCCTCGGAAAGCGGCA_006,128
TGCATCCTCGGAAAGCGGCA_007,198
TGCATCCTCGGAAAGCGGCA_008,29
TGCATCCTCGGAAAGCGGCA_009,28
TGCATCCTCGGAAAGCGGCA_010,55
TGCATCCTCGGAAAGCGGCA_011,58
TGCATCCTCGGAAAGCGGCA_012,10
TGCATCCTCGGAAAGCGGCA_013,160
TGCATCCTCGGAAAGCGGCA_014,103
TGCATCCTCGGAAAGCGGCA_015,90
TTTGCTTGGAGTCATACGAA_001,102
TTTGCTTGGAGTCATACGAA_002,116
TTTGCTTGGAGTCATACGAA_003,87
TTTGCTTGGAGTCATACGAA_004,150
TTTGCTTGGAGTCATACGAA_005,28
TTTGCTTGGAGTCATACGAA_006,171
TTTGCTTGGAGTCATACGAA_007,26
TTTGCTTGGAGTCATACGAA_008,112
GATGAACCTTTACCAAAACG_001,121
GATGAACCTTTACCAAAACG_002,84
GATGAACCTTTACCAAAACG_003,41
GATGAACCTTTACCAAAACG_004,68
GATGAACCTTTACCAAAACG_005,62
GGGACCCAAAACTCAGAGTG_001,134
GGGACCCAAAACTCAGAGTG_002,155
GGGACCCAAAACTCAGAGTG_003,128
GGGACCCAAAACTCAGAGTG_004,57
GGGACCCAAAACTCAGAGTG_005,138
GGGACCCAAAACTCAGAGTG_006,174
GGGACCCAAAACTCAGAGTG_007,120
GGGACCCAAAACTCAGAGTG_008,102
GGGACCCAAAACTCAGAGTG_009,101
GGGACCCAAAACTCAGAGTG_010,198
GGGACCCAAAACTCAGAGTG_011,132
GGGACCCAAAACTCAGAGTG_012,39
GGGACCCAAAACTCAGAGTG_013,35
CAAATTCGGTACATCCTCGA_001,54
CAAATTCGGTACATCCTCGA_002,78
CAAATTCGGTACATCCTCGA_003,81
CAAATTCGGTACATCCTCGA_004,81
ATGCACAAAATGGATTTGGA_001,122
ATGCACAAAATGGATTTGGA_002,87
ATGCACAAAATGGATTTGGA_003,116
ATGCACAAAATGGATTTGGA_004,130
ATGCACAAAATGGATTTGGA_005,42
ATGCACAAAATGGATTTGGA_006,91
ATGCACAAAATGGATTTGGA_007,88
ATGCACAAAATGGATTTGGA_008,19
ATGCACAAAATGGATTTGGA_009,1
ATGCACAAAATGGATTTGGA_010,33
ATGCACAAAATGGATTTGGA_011,186
ATGCACAAAATGGATTTGGA_012,130
ATGCACAAAATGGATTTGGA_013,107
ATGCACAAAATGGATTTGGA_014,12
CTGTGCGTATGACTCAGTGC_001,38
CTGTGCGTATGACTCAGTGC_002,182
CTGTGCGTATGACTCAGTGC_003,118
CTGTGCGTATGACTCAGTGC_004,4
TACATAGCGATCCACACTCA_001,36
TACATAGCGATCCACACTCA_002,69
TACATAGCGATCCACACTCA_003,129
TACATAGCGATCCACACTCA_004,116
TACATAGCGATCCACACTCA_005,155
TACATAGCGATCCACACTCA_006,190
TACATAGCGATCCACACTCA_007,62
TACATAGCGATCCACACTCA_008,88
TACATAGCGATCCACACTCA_009,88
TACATAGCGATCCACACTCA_010,198
TACATAGCGATCCACACTCA_011,124
TATCTGTAAGCTCTAGCATG_001,19
TATCTGTAAGCTCTAGCATG_002,41
ATGTAGTCCCCATACATGAA_001,149
ATGTAGTCCCCATACATGAA_002,187
ATGTAGTCCCCATACATGAA_003,157
AGAATCATGGTACTCAAACA_001,151
AGAATCATGGTACTCAAACA_002,38
AGAATCATGGTACTCAAACA_003,149
AGAATCATGGTACTCAAACA_004,41
AGAATCATGGTACTCAAACA_005,189
AGAATCATGGTACTCAAACA_006,170
GATGCACCTATCCTCCCTCC_001,149
GATGCACCTATCCTCCCTCC_002,105
GATGCACCTATCCTCCCTCC_003,68
GATGCACCTATCCTCCCTCC_004,108
GGCACTGACCACACTCAGAG_001,41
GGCACTGACCACACTCAGAG_002,127
GGCACTGACCACACTCAGAG_003,9
GGCACTGACCACACTCAGAG_004,188
GGCACTGACCACACTCAGAG_005,19
GGCACTGACCACACTCAGAG_006,94
GGCACTGACCACACTCAGAG_007,91
GGCACTGACCACACTCAGAG_008,21
GGCACTGACCACACTCAGAG_009,148
GGCACTGACCACACTCAGAG_010,27
ACGGTGGCTACTCTGCCTCG_001,137
ACGGTGGCTACTCTGCCTCG_002,59
ACGGTGGCTACTCTGCCTCG_003,58
ACGGTGGCTACTCTGCCTCG_004,168
ACGGTGGCTACTCTGCCTCG_005,43
ACGGTGGCTACTCTGCCTCG_006,188
ACGGTGGCTACTCTGCCTCG_007,130
ACGGTGGCTACTCTGCCTCG_008,9
ACGGTGGCTACTCTGCCTCG_009,191
ACGGTGGCTACTCTGCCTCG_010,199
ACGGTGGCTACTCTGCCTCG_011,94
ACGGTGGCTACTCTGCCTCG_012,145
CAGGATAATGCAACTGACAG_001,154
CAGGATAATGCAACTGACAG_002,140
CAAATGCTGATCAATTTATG_001,77
CAAATGCTGATCAATTTATG_002,69
GATGTTTCTTGCCTGCACGG_001,20
GATGTTTCTTGCCTGCACGG_002,16
ATGTATGGCAATATTATTCG_001,186
GGACTATCATGTGTAGAACT_001,177
GGACTATCATGTGTAGAACT_002,72
GGACTATCATGTGTAGAACT_003,134
GGACTATCATGTGTAGAACT_004,149
AGTACAGTTCACTCCACGAG_001,137
AGTACAGTTCACTCCACGAG_002,5
AGTACAGTTCACTCCACGAG_003,77
AGTACAGTTCACTCCACGAG_004,27
AGTACAGTTCACTCCACGAG_005,69
AGTACAGTTCACTCCACGAG_006,49
AGTACAGTTCACTCCACGAG_007,8
AGTACAGTTCACTCCACGAG_008,8
AGTACAGTTCACTCCACGAG_009,38
AGTACAGTTCACTCCACGAG_010,142
AGTACAGTTCACTCCACGAG_011,144
AGTACAGTTCACTCCACGAG_012,174
GAGAAGAATTCCTTGGACTG_001,156
GAGAAGAATTCCTTGGACTG_002,67
GAGAAGAATTCCTTGGACTG_003,190
GAGAAGAATTCCTTGGACTG_004,55
GAGAAGAATTCCTTGGACTG_005,136
ATGTTTCACCTGTTTAAGCG_001,44
CAGACCGGAGAGCCGTTGAC_001,94
CAGACCGGAGAGCCGTTGAC_002,40
CAGACCGGAGAGCCGTTGAC_003,189
CAGACCGGAGAGCCGTTGAC_004,178
CAGACCGGAGAGCCGTTGAC_005,80
CAGACCGGAGAGCCGTTGAC_006,103
CAGACCGGAGAGCCGTTGAC_007,43
CAGACCGGAGAGCCGTTGAC_008,144
CAGACCGGAGAGCCGTTGAC_009,170
CAGACCGGAGAGCCGTTGAC_010,6
CAGACCGGAGAGCCGTTGAC_011,152
CAGACCGGAGAGCCGTTGAC_012,35
CAGACCGGAGAGCCGTTGAC_013,40
CAGACCGGAGAGCCGTTGAC_014,59
CAGACCGGAGAGCCGTTGAC_015,174
CAGACCGGAGAGCCGTTGAC_016,118
CAGACCGGAGAGCCGTTGAC_017,81
CAGACCGGAGAGCCGTTGAC_018,184
CAGACCGGAGAGCCGTTGAC_019,68
CAGACCGGAGAGCCGTTGAC_020,152
ACATGTCCGCTGATGACCTG_001,12
ACATGTCCGCTGATGACCTG_002,66
ACATGTCCGCTGATGACCTG_003,77
ACATGTCCGCTGATGACCTG_004,197
ACATGTCCGCTGATGACCTG_005,44
ACATGTCCGCTGATGACCTG_006,50
ACATGTCCGCTGATGACCTG_007,1
ACATGTCCGCTGATGACCTG_008,170
ACATGTCCGCTGATGACCTG_009,113
ACATGTCCGCTGATGACCTG_010,61
ACATGTCCGCTGATGACCTG_011,144
ACATGTCCGCTGATGACCTG_012,124
ACATGTCCGCTGATGACCTG_013,3
ACATGTCCGCTGATGACCTG_014,185
ACATGTCCGCTGATGACCTG_015,42
ACATGTCCGCTGATGACCTG_016,150
ACATGTCCGCTGATGACCTG_017,184
ACATGTCCGCTGATGACCTG_018,19
ACATGTCCGCTGATGACCTG_019,178
ACATGTCCGCTGATGACCTG_020,178
ACATGTCCGCTGATGACCTG_021,88
ACATGTCCGCTGATGACCTG_022,191
ACATGTCCGCTGATGACCTG_023,162
ACATGTCCGCTGATGACCTG_024,160
ACATGTCCGCTGATGACCTG_025,13
ACATGTCCGCTGATGACCTG_026,198
ACTCTGCGACCTACGGCAGG_001,37
ACTCTGCGACCTACGGCAGG_002,8
ACTCTGCGACCTACGGCAGG_003,176
ACTCTGCGACCTACGGCAGG_004,107
ACTCTGCGACCTACGGCAGG_005,19
GTAGGTCCATCTCGTAGCCA_001,130
GTAGGTCCATCTCGTAGCCA_002,29
GTAGGTCCATCTCGTAGCCA_003,194
GTAGGTCCATCTCGTAGCCA_004,33
GTAGGTCCATCTCGTAGCCA_005,182
GTAGGTCCATCTCGTAGCCA_006,198
GTAGGTCCATCTCGTAGCCA_007,87
GTAGGTCCATCTCGTAGCCA_008,87
GTAGGTCCATCTCGTAGCCA_009,121
TGTTCTAGCGGAGACAACCA_001,164
TGTTCTAGCGGAGACAACCA_002,140
TGTTCTAGCGGAGACAACCA_003,76
TGTTCTAGCGGAGACAACCA_004,30
TGTTCTAGCGGAGACAACCA_005,101
TGATTTCTGTCATACCCACA_001,199
TGATTTCTGTCATACCCACA_002,121
TGATTTCTGTCATACCCACA_003,134
TGATTTCTGTCATACCCACA_004,134
TGATTTCTGTCATACCCACA_005,172
TGATTTCTGTCATACCCACA_006,144
TGATTTCTGTCATACCCACA_007,118
TGATTTCTGTCATACCCACA_008,69
TGATTTCTGTCATACCCACA_009,60
TTGTTCAGCACTCCACACGT_001,44
TTGTTCAGCACTCCACACGT_002,50
TTGTTCAGCACTCCACACGT_003,0
TTGTTCAGCACTCCACACGT_004,120
TTGTTCAGCACTCCACACGT_005,75
TTGTTCAGCACTCCACACGT_006,8
TTGTTCAGCACTCCACACGT_007,147
TTGTTCAGCACTCCACACGT_008,6
TTGTTCAGCACTCCACACGT_009,121
TTGTTCAGCACTCCACACGT_010,8
TTGTTCAGCACTCCACACGT_011,174
AATTGAATCCTGCTTGACGG_001,176
AATTGAATCCTGCTTGACGG_002,69
AATTGAATCCTGCTTGACGG_003,149
AATTGAATCCTGCTTGACGG_004,134
AATTGAATCCTGCTTGACGG_005,166
TACCTTATGAAACTCCAGCG_001,7
TACCTTATGAAACTCCAGCG_002,69
TACCTTATGAAACTCCAGCG_003,158
TACCTTATGAAACTCCAGCG_004,41
TACCTTATGAAACTCCAGCG_005,108
TACCTTATGAAACTCCAGCG_006,178
TACCTTATGAAACTCCAGCG_007,19
TACCTTATGAAACTCCAGCG_008,138
TACCTTATGAAACTCCAGCG_009,142
TACCTTATGAAACTCCAGCG_010,90
TACCTTATGAAACTCCAGCG_011,58
AGCCATTGGCACAGCATATG_001,34
AGCCATTGGCACAGCATATG_002,64
AGCCATTGGCACAGCATATG_003,127
AGCCATTGGCACAGCATATG_004,60
AGCCATTGGCACAGCATATG_005,127
AGCCATTGGCACAGCATATG_006,76
AGCCATTGGCACAGCATATG_007,111
AGCCATTGGCACAGCATATG_008,168
AGAGTTGATCAGCTCCCACG_001,82
CCTCCAATCTCATTAGGGGC_001,38
CCTCCAATCTCATTAGGGGC_002,127
CCTCCAATCTCATTAGGGGC_003,29
CCTCCAATCTCATTAGGGGC_004,97
TGAACGTGCCGCGCTCCAAG_001,60
TGAACGTGCCGCGCTCCAAG_002,170
TGAACGTGCCGCGCTCCAAG_003,68
TGAACGTGCCGCGCTCCAAG_004,114
TGAACGTGCCGCGCTCCAAG_005,107
TGAACGTGCCGCGCTCCAAG_006,127
TGAACGTGCCGCGCTCCAAG_007,178
TGAACGTGCCGCGCTCCAAG_008,178
TGAACGTGCCGCGCTCCAAG_009,34
TGAACGTGCCGCGCTCCAAG_010,183
TGAACGTGCCGCGCTCCAAG_011,32
TGAACGTGCCGCGCTCCAAG_012,21
TGAACGTGCCGCGCTCCAAG_013,170
TGAACGTGCCGCGCTCCAAG_014,141
TGAACGTGCCGCGCTCCAAG_015,121
TGACGGTGAATACCCTACAG_001,122
TGACGGTGAATACCCTACAG_002,54
TGACGGTGAATACCCTACAG_003,54
TGACGGTGAATACCCTACAG_004,96
TGACGGTGAATACCCTACAG_005,101
TGACGGTGAATACCCTACAG_006,154
TGACGGTGAATACCCTACAG_007,39
TGACGGTGAATACCCTACAG_008,19
CATTAAGCAAGACCTTCTGT_001,90
CATTAAGCAAGACCTTCTGT_002,158
CATTAAGCAAGACCTTCTGT_003,12
CATTAAGCAAGACCTTCTGT_004,17
CATTAAGCAAGACCTTCTGT_005,115
CATTAAGCAAGACCTTCTGT_006,77
CATTAAGCAAGACCTTCTGT_007,47
CATTAAGCAAGACCTTCTGT_008,80
CATTAAGCAAGACCTTCTGT_009,6
CATTAAGCAAGACCTTCTGT_010,161
CTCGTCCATCATGTTGACTG_001,57
CTCGTCCATCATGTTGACTG_002,19
CTCGTCCATCATGTTGACTG_003,106
TGAAGTGAAAAAGGAACCGG_001,137
TGAAGTGAAAAAGGAACCGG_002,130
TGAAGTGAAAAAGGAACCGG_003,8
TGAAGTGAAAAAGGAACCGG_004,102
TGAAGTGAAAAAGGAACCGG_005,111
TGAAGTGAAAAAGGAACCGG_006,149
TGAAGTGAAAAAGGAACCGG_007,88
TGAAGTGAAAAAGGAACCGG_008,151
TGAAGTGAAAAAGGAACCGG_009,169
TGAAGTGAAAAAGGAACCGG_010,2
TGAAGTGAAAAAGGAACCGG_011,51
TGAAGTGAAAAAGGAACCGG_012,160
TGAAGTGAAAAAGGAACCGG_013,142
TGAAGTGAAAAAGGAACCGG_014,39
TGAAGTGAAAAAGGAACCGG_015,81
TGAAGTGAAAAAGGAACCGG_016,166
TGAAGTGAAAAAGGAACCGG_017,96
TGAAGTGAAAAAGGAACCGG_018,38
TGAAGTGAAAAAGGAACCGG_019,181
TGAAGTGAAAAAGGAACCGG_020,153
TGAAGTGAAAAAGGAACCGG_021,1
TGAAGTGAAAAAGGAACCGG_022,188
TGAAGTGAAAAAGGAACCGG_023,14
TGAAGTGAAAAAGGAACCGG_024,175
TGAAGTGAAAAAGGAACCGG_025,62
TGAAGTGAAAAAGGAACCGG_026,133
TGAAGTGAAAAAGGAACCGG_027,191
TGAAGTGAAAAAGGAACCGG_028,6
TGAAGTGAAAAAGGAACCGG_029,143
TGAAGTGAAAAAGGAACCGG_030,174
TTCCTGCCCGAACTGCAGAA_001,62
TTCCTGCCCGAACTGCAGAA_002,31
TTCCTGCCCGAACTGCAGAA_003,163
TTCCTGCCCGAACTGCAGAA_004,21
TTCCTGCCCGAACTGCAGAA_005,116
TTCCTGCCCGAACTGCAGAA_006,88
TTCCTGCCCGAACTGCAGAA_007,98
TTCCTGCCCGAACTGCAGAA_008,107
TTCCTGCCCGAACTGCAGAA_009,132
TTCCTGCCCGAACTGCAGAA_010,181
TTCCTGCCCGAACTGCAGAA_011,121
TTCCTGCCCGAACTGCAGAA_012,91
TTCCTGCCCGAACTGCAGAA_013,76
TTCCTGCCCGAACTGCAGAA_014,24
TTCCTGCCCGAACTGCAGAA_015,162
TTCCTGCCCGAACTGCAGAA_016,5
TTCCTGCCCGAACTGCAGAA_017,53
TTCCTGCCCGAACTGCAGAA_018,49
TTCCTGCCCGAACTGCAGAA_019,106
TTCCTGCCCGAACTGCAGAA_020,151
TTCCTGCCCGAACTGCAGAA_021,12
TTCCTGCCCGAACTGCAGAA_022,127
TTCCTGCCCGAACTGCAGAA_023,127
TTCCTGCCCGAACTGCAGAA_024,50
TTCCTGCCCGAACTGCAGAA_025,153
TTCCTGCCCGAACTGCAGAA_026,48
TTCCTGCCCGAACTGCAGAA_027,186
TTCCTGCCCGAACTGCAGAA_028,158
TTCCTGCCCGAACTGCAGAA_029,46
TTCCTGCCCGAACTGCAGAA_030,98
GGGCGGCACGTACCAGCCTG_001,195
GGGCGGCACGTACCAGCCTG_002,172
GGGCGGCACGTACCAGCCTG_003,170
GGGCGGCACGTACCAGCCTG_004,159
GGGCGGCACGTACCAGCCTG_005,35
GGGCGGCACGTACCAGCCTG_006,49
GGGCGGCACGTACCAGCCTG_007,128
GGGCGGCACGTACCAGCCTG_008,127
GGGCGGCACGTACCAGCCTG_009,113
GGGCGGCACGTACCAGCCTG_010,126
GGGCGGCACGTACCAGCCTG_011,125
GGGCGGCACGTACCAGCCTG_012,13
GGGCGGCACGTACCAGCCTG_013,61
GGGCGGCACGTACCAGCCTG_014,29
GGGCGGCACGTACCAGCCTG_015,45
GGGCGGCACGTACCAGCCTG_016,187
AGTTGGGTAGCGTGACCTTG_001,3
AGTTGGGTAGCGTGACCTTG_002,54
AGTTGGGTAGCGTGACCTTG_003,188
AGTTGGGTAGCGTGACCTTG_004,133
AGTTGGGTAGCGTGACCTTG_005,1
AGTTGGGTAGCGTGACCTTG_006,147
AGTTGGGTAGCGTGACCTTG_007,106
AGTTGGGTAGCGTGACCTTG_008,40
AGTTGGGTAGCGTGACCTTG_009,29
AGTTGGGTAGCGTGACCTTG_010,65
TTACAACTAGTGTTGCAACA_001,147
TTACAACTAGTGTTGCAACA_002,179
TTACAACTAGTGTTGCAACA_003,104
TTACAACTAGTGTTGCAACA_004,199
TTACAACTAGTGTTGCAACA_005,61
CAGGCATACACTGACGACAG_001,150
CAGGCATACACTGACGACAG_002,84
CAGGCATACACTGACGACAG_003,130
CAGGCATACACTGACGACAG_004,174
TTCCAGGTAACTATGATCAA_001,77
TTCCAGGTAACTATGATCAA_002,60
TTCCAGGTAACTATGATCAA_003,191
TTCCAGGTAACTATGATCAA_004,105
TTCCAGGTAACTATGATCAA_005,86
TTCCAGGTAACTATGATCAA_006,58
TTCCAGGTAACTATGATCAA_007,156
TTCCAGGTAACTATGATCAA_008,28
TTCCAGGTAACTATGATCAA_009,35
GAACAGTCGAAAGGGAACCC_001,60
GAACAGTCGAAAGGGAACCC_002,124
CTGTCAGTCTCTCATCACCG_001,102
CTGTCAGTCTCTCATCACCG_002,25
CTGTCAGTCTCTCATCACCG_003,186
CTGTCAGTCTCTCATCACCG_004,57
CTGTCAGTCTCTCATCACCG_005,117
CTGTCAGTCTCTCATCACCG_006,19
CTGTCAGTCTCTCATCACCG_007,26
CTGTCAGTCTCTCATCACCG_008,117
CTGTCAGTCTCTCATCACCG_009,99
CTGTCAGTCTCTCATCACCG_010,184
CTGTCAGTCTCTCATCACCG_011,78
CTGTCAGTCTCTCATCACCG_012,196
AGGTTGCTACAAGATCACCA_001,188
AGGTTGCTACAAGATCACCA_002,94
AGGTTGCTACAAGATCACCA_003,105
AGGTTGCTACAAGATCACCA_004,23
AGGTTGCTACAAGATCACCA_005,35
AGGTTGCTACAAGATCACCA_006,107
AGGTTGCTACAAGATCACCA_007,16
AGGTTGCTACAAGATCACCA_008,198
AGGTTGCTACAAGATCACCA_009,29
GAAATGTCTCCAAGACAGCG_001,172
GAAATGTCTCCAAGACAGCG_002,139
GAAATGTCTCCAAGACAGCG_003,111
GAAATGTCTCCAAGACAGCG_004,57
GAAATGTCTCCAAGACAGCG_005,178
GAAATGTCTCCAAGACAGCG_006,100
GAAATGTCTCCAAGACAGCG_007,130
GAAATGTCTCCAAGACAGCG_008,41
GAAATGTCTCCAAGACAGCG_009,198
GAAATGTCTCCAAGACAGCG_010,158
GAAATGTCTCCAAGACAGCG_011,147
GGCAACCTTTCAGTTCACTG_001,148
GGCAACCTTTCAGTTCACTG_002,72
GGCAACCTTTCAGTTCACTG_003,172
GGCAACCTTTCAGTTCACTG_004,177
GGCAACCTTTCAGTTCACTG_005,190
GGCAACCTTTCAGTTCACTG_006,40
GGCAACCTTTCAGTTCACTG_007,147
GGCAACCTTTCAGTTCACTG_008,171
GGCAACCTTTCAGTTCACTG_009,154
GGCAACCTTTCAGTTCACTG_010,93
GGCAACCTTTCAGTTCACTG_011,113
GGCAACCTTTCAGTTCACTG_012,188
GGCAACCTTTCAGTTCACTG_013,136
GGCAACCTTTCAGTTCACTG_014,126
GGCAACCTTTCAGTTCACTG_015,108
GGCAACCTTTCAGTTCACTG_016,105
GGCAACCTTTCAGTTCACTG_017,180
GGCAACCTTTCAGTTCACTG_018,32
CAGGGACCTCCGCAGCATCG_001,194
CAGGGACCTCCGCAGCATCG_002,170
CAGGGACCTCCGCAGCATCG_003,182
CAGGGACCTCCGCAGCATCG_004,158
CAGGGACCTCCGCAGCATCG_005,181
CAGGGACCTCCGCAGCATCG_006,8
CAGGGACCTCCGCAGCATCG_007,65
CAGGGACCTCCGCAGCATCG_008,111
CAGGGACCTCCGCAGCATCG_009,50
CAGGGACCTCCGCAGCATCG_010,92
CAGGGACCTCCGCAGCATCG_011,144
CAGGGACCTCCGCAGCATCG_012,119
CAGGGACCTCCGCAGCATCG_013,191
CAGGGACCTCCGCAGCATCG_014,124
CAGGGACCTCCGCAGCATCG_015,198
GCCCTGCTGCACAAGCACTG_001,42
GCCCTGCTGCACAAGCACTG_002,134
GCCCTGCTGCACAAGCACTG_003,32
GCCCTGCTGCACAAGCACTG_004,176
GCCCTGCTGCACAAGCACTG_005,14
GCCCTGCTGCACAAGCACTG_006,162
GCCCTGCTGCACAAGCACTG_007,17
GCCCTGCTGCACAAGCACTG_008,122
GCCCTGCTGCACAAGCACTG_009,71
GCCCTGCTGCACAAGCACTG_010,49
GCCCTGCTGCACAAGCACTG_011,191
GCCCTGCTGCACAAGCACTG_012,58
GCCCTGCTGCACAAGCACTG_013,155
GCCCTGCTGCACAAGCACTG_014,115
GCCCTGCTGCACAAGCACTG_015,8
GCCCTGCTGCACAAGCACTG_016,156
GCCCTGCTGCACAAGCACTG_017,88
GCCCTGCTGCACAAGCACTG_018,192
GCCCTGCTGCACAAGCACTG_019,120
GCCCTGCTGCACAAGCACTG_020,13
GCCCTGCTGCACAAGCACTG_021,98
GCCCTGCTGCACAAGCACTG_022,19
GCCCTGCTGCACAAGCACTG_023,19
GCCCTGCTGCACAAGCACTG_024,57
GCCCTGCTGCACAAGCACTG_025,176
GCCCTGCTGCACAAGCACTG_026,42
GCCCTGCTGCACAAGCACTG_027,94
GCCCTGCTGCACAAGCACTG_028,1
GCCCTGCTGCACAAGCACTG_029,129
GCCCTGCTGCACAAGCACTG_030,138
GCCCTGCTGCACAAGCACTG_031,49
GCCCTGCTGCACAAGCACTG_032,67
GCCCTGCTGCACAAGCACTG_033,88
GCCCTGCTGCACAAGCACTG_034,107
GCCCTGCTGCACAAGCACTG_035,175
GCCCTGCTGCACAAGCACTG_036,73
GCCCTGCTGCACAAGCACTG_037,192
TACAATCTCGTATTAACACT_001,155
TACAATCTCGTATTAACACT_002,77
TACAATCTCGTATTAACACT_003,148
TACAATCTCGTATTAACACT_004,72
CTCTTCCGGGCACTCACAGA_001,30
TTTATGACGTCACACAAGAG_001,33
TTTATGACGTCACACAAGAG_002,55
TTTATGACGTCACACAAGAG_003,4
TTTATGACGTCACACAAGAG_004,26
TTTATGACGTCACACAAGAG_005,56
TTTATGACGTCACACAAGAG_006,78
TTTATGACGTCACACAAGAG_007,171
TTTATGACGTCACACAAGAG_008,19
TCCCGGGCGAAAGCTCACCG_001,186
TCCCGGGCGAAAGCTCACCG_002,5
TCCCGGGCGAAAGCTCACCG_003,127
TCCCGGGCGAAAGCTCACCG_004,94
AATCTTCCAATAATCTACTG_001,139
AATCTTCCAATAATCTACTG_002,150
AATCTTCCAATAATCTACTG_003,190
AATCTTCCAATAATCTACTG_004,129
AATCTTCCAATAATCTACTG_005,155
AATCTTCCAATAATCTACTG_006,113
TGGGAATGCGCCAACCTCGA_001,16
TGGGAATGCGCCAACCTCGA_002,174
TGGGAATGCGCCAACCTCGA_003,60
TGGGAATGCGCCAACCTCGA_004,106
TGGGAATGCGCCAACCTCGA_005,138
TGGGAATGCGCCAACCTCGA_006,169
TGGGAATGCGCCAACCTCGA_007,107
TGGGAATGCGCCAACCTCGA_008,198
TGGGAATGCGCCAACCTCGA_009,40
AGCGCAGGGAGCAGTATACG_001,3
AGCGCAGGGAGCAGTATACG_002,172
AGCGCAGGGAGCAGTATACG_003,49
AGCGCAGGGAGCAGTATACG_004,41
AGCGCAGGGAGCAGTATACG_005,123
AGCGCAGGGAGCAGTATACG_006,80
AGCGCAGGGAGCAGTATACG_007,60
AGCGCAGGGAGCAGTATACG_008,88
AGCGCAGGGAGCAGTATACG_009,15
AGCGCAGGGAGCAGTATACG_010,10
AGCGCAGGGAGCAGTATACG_011,81
TGCTGGCTGTGGACAAACAG_001,152
TGCTGGCTGTGGACAAACAG_002,56
TGCTGGCTGTGGACAAACAG_003,70
TGCTGGCTGTGGACAAACAG_004,127
TGCTGGCTGTGGACAAACAG_005,83
TGCTGGCTGTGGACAAACAG_006,76
TGCTGGCTGTGGACAAACAG_007,9
TGCTGGCTGTGGACAAACAG_008,194
TGCTGGCTGTGGACAAACAG_009,113
TGCTGGCTGTGGACAAACAG_010,67
TGCTGGCTGTGGACAAACAG_011,83
TGCTGGCTGTGGACAAACAG_012,194
TGCTGGCTGTGGACAAACAG_013,107
TGCTGGCTGTGGACAAACAG_014,76
TGCTGGCTGTGGACAAACAG_015,177
TGCTGGCTGTGGACAAACAG_016,76
TGCTGGCTGTGGACAAACAG_017,184
TGCTGGCTGTGGACAAACAG_018,2
TGCTGGCTGTGGACAAACAG_019,21
TGCTGGCTGTGGACAAACAG_020,170
TGCTGGCTGTGGACAAACAG_021,144
TGCTGGCTGTGGACAAACAG_022,8
TCTTTCTCATAACCACGTGT_001,141
ACGTGAAGTTAATGTACAGA_001,112
ACGTGAAGTTAATGTACAGA_002,76
ACGTGAAGTTAATGTACAGA_003,17
ACGTGAAGTTAATGTACAGA_004,55
ACGTGAAGTTAATGTACAGA_005,81
AGGAGGAAATCCATGACTCA_001,37
AGGAGGAAATCCATGACTCA_002,78
AGGAGGAAATCCATGACTCA_003,50
AGGAGGAAATCCATGACTCA_004,1
AGGAGGAAATCCATGACTCA_005,184
AGGAGGAAATCCATGACTCA_006,63
AGGAGGAAATCCATGACTCA_007,145
AGGAGGAAATCCATGACTCA_008,1
AGGAGGAAATCCATGACTCA_009,188
AGGAGGAAATCCATGACTCA_010,26
AGGAGGAAATCCATGACTCA_011,170
CAGCCGCATCAAAGAAAATG_001,53
CAGCCGCATCAAAGAAAATG_002,14
CAGGTGTTGACGATGGGCAA_001,83
CAGGTGTTGACGATGGGCAA_002,50
CAGGTGTTGACGATGGGCAA_003,101
CAGGTGTTGACGATGGGCAA_004,169
CAGGTGTTGACGATGGGCAA_005,129
CAGGTGTTGACGATGGGCAA_006,171
TGAGTACCTAATGGACCGAC_001,150
TGAGTACCTAATGGACCGAC_002,17
TGAGTACCTAATGGACCGAC_003,151
TGAGTACCTAATGGACCGAC_004,68
TGAGTACCTAATGGACCGAC_005,49
TGAGTACCTAATGGACCGAC_006,38
CGCCCCCGAACCTTCAAAGA_001,63
CACCAGTCAAACCAAGCACG_001,81
CACCAGTCAAACCAAGCACG_002,49
CACCAGTCAAACCAAGCACG_003,32
CACCAGTCAAACCAAGCACG_004,150
CACCAGTCAAACCAAGCACG_005,70
CACCAGTCAAACCAAGCACG_006,148
CACCAGTCAAACCAAGCACG_007,171
CACCAGTCAAACCAAGCACG_008,84
CACCAGTCAAACCAAGCACG_009,30
CACCAGTCAAACCAAGCACG_010,163
CACCAGTCAAACCAAGCACG_011,154
CACCAGTCAAACCAAGCACG_012,164
CACCAGTCAAACCAAGCACG_013,193
CACCAGTCAAACCAAGCACG_014,81
CACCAGTCAAACCAAGCACG_015,81
CACCAGTCAAACCAAGCACG_016,188
CACCAGTCAAACCAAGCACG_017,82
GAGGCGCCCCCCTACCGAAG_001,29
GAGGCGCCCCCCTACCGAAG_002,104
GAGGCGCCCCCCTACCGAAG_003,172
GAGGCGCCCCCCTACCGAAG_004,62
GAGGCGCCCCCCTACCGAAG_005,11
GAGGCGCCCCCCTACCGAAG_006,13
GAGGCGCCCCCCTACCGAAG_007,175
GAGGCGCCCCCCTACCGAAG_008,150
GAGGCGCCCCCCTACCGAAG_009,129
ACAGGGCAGGTATACGCCTT_001,15
ACCCCATCGTGTCAGGACGT_001,31
ACCCCATCGTGTCAGGACGT_002,193
ACCCCATCGTGTCAGGACGT_003,184
ACCCCATCGTGTCAGGACGT_004,111
ACCCCATCGTGTCAGGACGT_005,35
ACCCCATCGTGTCAGGACGT_006,169
ACCCCATCGTGTCAGGACGT_007,137
ACCCCATCGTGTCAGGACGT_008,30
ACCCCATCGTGTCAGGACGT_009,158
ACCCCATCGTGTCAGGACGT_010,118
ACCCCATCGTGTCAGGACGT_011,161
ACCCCATCGTGTCAGGACGT_012,170
ACCCCATCGTGTCAGGACGT_013,66
ACCCCATCGTGTCAGGACGT_014,93
CAGATAGGAAGCCACAACGG_001,53
CAGATAGGAAGCCACAACGG_002,105
CAGATAGGAAGCCACAACGG_003,40
CAGATAGGAAGCCACAACGG_004,3
CAGATAGGAAGCCACAACGG_005,94
CAGATAGGAAGCCACAACGG_006,0
CAGATAGGAAGCCACAACGG_007,48
CAGATAGGAAGCCACAACGG_008,183
CAGATAGGAAGCCACAACGG_009,151
CAGATAGGAAGCCACAACGG_010,192
CAGATAGGAAGCCACAACGG_011,1
CAGATAGGAAGCCACAACGG_012,149
CAGATAGGAAGCCACAACGG_013,94
CAGATAGGAAGCCACAACGG_014,2
CAGATAGGAAGCCACAACGG_015,189
CAGATAGGAAGCCACAACGG_016,58
CAGATAGGAAGCCACAACGG_017,105
CAGATAGGAAGCCACAACGG_018,63
CAGATAGGAAGCCACAACGG_019,138
CAGATAGGAAGCCACAACGG_020,138
CAGATAGGAAGCCACAACGG_021,39
GGTCTTCCTCGTGTACGGCG_001,23
GGTCTTCCTCGTGTACGGCG_002,165
GGTCTTCCTCGTGTACGGCG_003,105
GGTCTTCCTCGTGTACGGCG_004,50
GGTCTTCCTCGTGTACGGCG_005,96
GGTCTTCCTCGTGTACGGCG_006,134
GGTCTTCCTCGTGTACGGCG_007,8
GGTCTTCCTCGTGTACGGCG_008,169
GGTCTTCCTCGTGTACGGCG_009,146
GGTCTTCCTCGTGTACGGCG_010,135
GGTCTTCCTCGTGTACGGCG_011,82
GGTCTTCCTCGTGTACGGCG_012,107
GGTCTTCCTCGTGTACGGCG_013,102
GGTCTTCCTCGTGTACGGCG_014,67
GGTCTTCCTCGTGTACGGCG_015,172
GGTCTTCCTCGTGTACGGCG_016,10
GGTCTTCCTCGTGTACGGCG_017,142
GGTCTTCCTCGTGTACGGCG_018,118
GGTCTTCCTCGTGTACGGCG_019,166
GTGCTTCCGGAGCGAACGCG_001,137
GTGCTTCCGGAGCGAACGCG_002,101
GTGCTTCCGGAGCGAACGCG_003,64
GTGCTTCCGGAGCGAACGCG_004,149
GTGCTTCCGGAGCGAACGCG_005,76
GTGCTTCCGGAGCGAACGCG_006,88
GTGCTTCCGGAGCGAACGCG_007,61
GTGCTTCCGGAGCGAACGCG_008,16
GTGCTTCCGGAGCGAACGCG_009,162
GTGCTTCCGGAGCGAACGCG_010,170
GTGCTTCCGGAGCGAACGCG_011,60
GTGCTTCCGGAGCGAACGCG_012,94
GTGCTTCCGGAGCGAACGCG_013,156
GTGCTTCCGGAGCGAACGCG_014,82
GTGCTTCCGGAGCGAACGCG_015,78
GTGCTTCCGGAGCGAACGCG_016,38
GTGCTTCCGGAGCGAACGCG_017,53
GTGCTTCCGGAGCGAACGCG_018,103
GTGCTTCCGGAGCGAACGCG_019,94
GTGCTTCCGGAGCGAACGCG_020,147
GTGCTTCCGGAGCGAACGCG_021,175
GTGCTTCCGGAGCGAACGCG_022,147
GTGCTTCCGGAGCGAACGCG_023,191
GTGCTTCCGGAGCGAACGCG_024,1
GTGCTTCCGGAGCGAACGCG_025,121
GTGCTTCCGGAGCGAACGCG_026,50
GTGCTTCCGGAGCGAACGCG_027,115
GTGCTTCCGGAGCGAACGCG_028,56
GTGCTTCCGGAGCGAACGCG_029,77
GTGCTTCCGGAGCGAACGCG_030,15
GTGCTTCCGGAGCGAACGCG_031,197
GTGCTTCCGGAGCGAACGCG_032,89
GTGCTTCCGGAGCGAACGCG_033,147
GTGCTTCCGGAGCGAACGCG_034,34
GTGCTTCCGGAGCGAACGCG_035,18
TTCATTGGGGAACACAGCAA_001,130
TTCATTGGGGAACACAGCAA_002,41
TTCATTGGGGAACACAGCAA_003,152
TTCATTGGGGAACACAGCAA_004,175
TTCATTGGGGAACACAGCAA_005,49
TTCATTGGGGAACACAGCAA_006,151
TTCATTGGGGAACACAGCAA_007,12
TTCATTGGGGAACACAGCAA_008,138
TTCATTGGGGAACACAGCAA_009,106
TTCATTGGGGAACACAGCAA_010,124
CCAAACTGAGCAGAAGCGAT_001,42
CCAAACTGAGCAGAAGCGAT_002,30
CCAAACTGAGCAGAAGCGAT_003,86
CCAAACTGAGCAGAAGCGAT_004,190
CCAAACTGAGCAGAAGCGAT_005,58
CCAAACTGAGCAGAAGCGAT_006,125
CCAAACTGAGCAGAAGCGAT_007,172
CCAAACTGAGCAGAAGCGAT_008,77
CCAAACTGAGCAGAAGCGAT_009,8
CCAAACTGAGCAGAAGCGAT_010,115
CCAAACTGAGCAGAAGCGAT_011,102
CCAAACTGAGCAGAAGCGAT_012,39
CCAAACTGAGCAGAAGCGAT_013,166
CCAAACTGAGCAGAAGCGAT_014,196
CCAAACTGAGCAGAAGCGAT_015,169
CCAAACTGAGCAGAAGCGAT_016,177
CCAAACTGAGCAGAAGCGAT_017,48
GTGTCATTTCTCGATCGACA_001,78
TCCACCAGCTCGCAGCACAG_001,38
TCCACCAGCTCGCAGCACAG_002,43
TCCACCAGCTCGCAGCACAG_003,107
TCCACCAGCTCGCAGCACAG_004,78
TCCACCAGCTCGCAGCACAG_005,160
TCCACCAGCTCGCAGCACAG_006,3
TCCACCAGCTCGCAGCACAG_007,188
ACAAGAACTGGAATCAGGGA_001,131
ACAAGAACTGGAATCAGGGA_002,16
ACAAGAACTGGAATCAGGGA_003,88
ACAAGAACTGGAATCAGGGA_004,151
CACAGATATGCCATCTATGT_001,109
CCAGAGACAGGGGTTAGTGG_001,5
CCAGAGACAGGGGTTAGTGG_002,130
CCAGAGACAGGGGTTAGTGG_003,88
CCAGAGACAGGGGTTAGTGG_004,64
CCAGAGACAGGGGTTAGTGG_005,47
CCAGAGACAGGGGTTAGTGG_006,2
TGTCAATCCGGAGAACAGTG_001,176
TGTCAATCCGGAGAACAGTG_002,117
TGTCAATCCGGAGAACAGTG_003,170
TGTCAATCCGGAGAACAGTG_004,57
TGTCAATCCGGAGAACAGTG_005,34
GAGCAGCTTACCTCGATGGA_001,117
GAGCAGCTTACCTCGATGGA_002,97
GAGCAGCTTACCTCGATGGA_003,176
GAGCAGCTTACCTCGATGGA_004,25
GAGCAGCTTACCTCGATGGA_005,118
GAGCAGCTTACCTCGATGGA_006,28
GAGCAGCTTACCTCGATGGA_007,160
GAGCAGCTTACCTCGATGGA_008,46
GAGCAGCTTACCTCGATGGA_009,52
GAGCAGCTTACCTCGATGGA_010,107
GAGCAGCTTACCTCGATGGA_011,169
GAGCAGCTTACCTCGATGGA_012,28
GAGCAGCTTACCTCGATGGA_013,63
TCACCCTGGTAGGTGAAAGG_001,135
TCACCCTGGTAGGTGAAAGG_002,147
TGACTGGTCCGTAGTGAGAG_001,53
TGACTGGTCCGTAGTGAGAG_002,57
TGACTGGTCCGTAGTGAGAG_003,72
TGACTGGTCCGTAGTGAGAG_004,60
TGACTGGTCCGTAGTGAGAG_005,119
TGACTGGTCCGTAGTGAGAG_006,125
TGACTGGTCCGTAGTGAGAG_007,113
TGACTGGTCCGTAGTGAGAG_008,144
TGACTGGTCCGTAGTGAGAG_009,48
TGACTGGTCCGTAGTGAGAG_010,34
TGACTGGTCCGTAGTGAGAG_011,34
TGACTGGTCCGTAGTGAGAG_012,182
TGACTGGTCCGTAGTGAGAG_013,106
TGACTGGTCCGTAGTGAGAG_014,124
TATGCCCTGTACTTACAGTG_001,188
TATGCCCTGTACTTACAGTG_002,150
TATGCCCTGTACTTACAGTG_003,96
TATGCCCTGTACTTACAGTG_004,48
TATGCCCTGTACTTACAGTG_005,160
TATGCCCTGTACTTACAGTG_006,63
TATGCCCTGTACTTACAGTG_007,147
TATGCCCTGTACTTACAGTG_008,135
TATGCCCTGTACTTACAGTG_009,21
TATGCCCTGTACTTACAGTG_010,184
TATGCCCTGTACTTACAGTG_011,81
TATGCCCTGTACTTACAGTG_012,40
TATGCCCTGTACTTACAGTG_013,148
TATGCCCTGTACTTACAGTG_014,191
TATGCCCTGTACTTACAGTG_015,150
TCAGAACAATTCTACTGGTG_001,0
GGAAAGCTATGGTACGCGCC_001,50
GGAAAGCTATGGTACGCGCC_002,122
GGAAAGCTATGGTACGCGCC_003,163
GGAAAGCTATGGTACGCGCC_004,48
GGCTTACTTACTCTTTGCTT_001,9
GGCTTACTTACTCTTTGCTT_002,117
GGTAGTTGGAGGCGTCATGT_001,76
GGTAGTTGGAGGCGTCATGT_002,186
ATTAATCGATGGTGTATCAG_001,158
ATTAATCGATGGTGTATCAG_002,62
ATTAATCGATGGTGTATCAG_003,30
ATTAATCGATGGTGTATCAG_004,70
ATTAATCGATGGTGTATCAG_005,169
ATTAATCGATGGTGTATCAG_006,160
ATTAATCGATGGTGTATCAG_007,66
ATCTGAACTATACACCCAGG_001,63
ATCTGAACTATACACCCAGG_002,28
ATCTGAACTATACACCCAGG_003,115
CCTGACCGGGCTGTTCGGCG_001,75
CCTGACCGGGCTGTTCGGCG_002,11
CCTGACCGGGCTGTTCGGCG_003,60
CCTGACCGGGCTGTTCGGCG_004,69
CCTGACCGGGCTGTTCGGCG_005,186
CCTGACCGGGCTGTTCGGCG_006,94
CCTGACCGGGCTGTTCGGCG_007,158
CCTGACCGGGCTGTTCGGCG_008,168
CCTGACCGGGCTGTTCGGCG_009,190
CCTGACCGGGCTGTTCGGCG_010,178
CCTGACCGGGCTGTTCGGCG_011,80
CCTGACCGGGCTGTTCGGCG_012,149
CCTGACCGGGCTGTTCGGCG_013,40
CCTGACCGGGCTGTTCGGCG_014,63
CCTGACCGGGCTGTTCGGCG_015,168
CCTGACCGGGCTGTTCGGCG_016,150
ACATCAGCAGAACAAGACAC_001,177
ACATCAGCAGAACAAGACAC_002,148
ACATCAGCAGAACAAGACAC_003,4
ACATCAGCAGAACAAGACAC_004,153
ACATCAGCAGAACAAGACAC_005,142
ACATCAGCAGAACAAGACAC_006,2
ACATCAGCAGAACAAGACAC_007,169
CTCGAGTCCATCTTCCACCG_001,48
CTCGAGTCCATCTTCCACCG_002,199
CTCGAGTCCATCTTCCACCG_003,187
CTCGAGTCCATCTTCCACCG_004,16
CTCGAGTCCATCTTCCACCG_005,199
CTCGAGTCCATCTTCCACCG_006,77
CTCGAGTCCATCTTCCACCG_007,160
GATTGATGGCTACCCGCGGG_001,67
GATTGATGGCTACCCGCGGG_002,13
TCAGGGTGCGTGTTCACGAA_001,50
TCAGGGTGCGTGTTCACGAA_002,197
TCAGGGTGCGTGTTCACGAA_003,194
TCAGGGTGCGTGTTCACGAA_004,130
TCAGGGTGCGTGTTCACGAA_005,35
TCAGGGTGCGTGTTCACGAA_006,3
CCAGACGGCCCGGGCCGACG_001,48
CCAGACGGCCCGGGCCGACG_002,8
CCAGACGGCCCGGGCCGACG_003,69
CCAGACGGCCCGGGCCGACG_004,166
CCAGACGGCCCGGGCCGACG_005,188
CCAGACGGCCCGGGCCGACG_006,32
CCAGACGGCCCGGGCCGACG_007,192
CCAGACGGCCCGGGCCGACG_008,102
CCAGACGGCCCGGGCCGACG_009,158
CCAGACGGCCCGGGCCGACG_010,63
CCAGACGGCCCGGGCCGACG_011,19
CCAGACGGCCCGGGCCGACG_012,137
CCAGACGGCCCGGGCCGACG_013,94
CCAGACGGCCCGGGCCGACG_014,16
CCAGACGGCCCGGGCCGACG_015,55
CCAGACGGCCCGGGCCGACG_016,146
CCAGACGGCCCGGGCCGACG_017,158
CCAGACGGCCCGGGCCGACG_018,197
CCAGACGGCCCGGGCCGACG_019,88
CCAGACGGCCCGGGCCGACG_020,197
CCAGACGGCCCGGGCCGACG_021,130
CCAGACGGCCCGGGCCGACG_022,144
CCAGACGGCCCGGGCCGACG_023,170
CCAGACGGCCCGGGCCGACG_024,77
CCAGACGGCCCGGGCCGACG_025,11
CCAGACGGCCCGGGCCGACG_026,36
CCAGACGGCCCGGGCCGACG_027,88
CCAGACGGCCCGGGCCGACG_028,103
AGCATCAAGTCCCTGCTAGG_001,48
AGCATCAAGTCCCTGCTAGG_002,170
AGCATCAAGTCCCTGCTAGG_003,116
AGCATCAAGTCCCTGCTAGG_004,87
AGCATCAAGTCCCTGCTAGG_005,189
AGCATCAAGTCCCTGCTAGG_006,48
AGCATCAAGTCCCTGCTAGG_007,124
AGCATCAAGTCCCTGCTAGG_008,103
AGCATCAAGTCCCTGCTAGG_009,166
AGCATCAAGTCCCTGCTAGG_010,126
AGCATCAAGTCCCTGCTAGG_011,63
AGCATCAAGTCCCTGCTAGG_012,34
AGCATCAAGTCCCTGCTAGG_013,153
AGCATCAAGTCCCTGCTAGG_014,14
AGCATCAAGTCCCTGCTAGG_015,182
AGCATCAAGTCCCTGCTAGG_016,144
AGCATCAAGTCCCTGCTAGG_017,95
ACTGCGACCAGAGATCGTGT_001,183
ACTGCGACCAGAGATCGTGT_002,129
ACTGCGACCAGAGATCGTGT_003,88
ACTGCGACCAGAGATCGTGT_004,120
ACTGCGACCAGAGATCGTGT_005,49
ACTGCGACCAGAGATCGTGT_006,162
ACTGCGACCAGAGATCGTGT_007,43
ACTGCGACCAGAGATCGTGT_008,183
ACTGCGACCAGAGATCGTGT_009,81
ACTGCGACCAGAGATCGTGT_010,56
ACTGCGACCAGAGATCGTGT_011,70
ACCGGCGCATGAAGCACAAG_001,76
ACCGGCGCATGAAGCACAAG_002,181
ACCGGCGCATGAAGCACAAG_003,170
ACCGGCGCATGAAGCACAAG_004,69
ACCGGCGCATGAAGCACAAG_005,32
ACCGGCGCATGAAGCACAAG_006,81
ACCGGCGCATGAAGCACAAG_007,68
ACCGGCGCATGAAGCACAAG_008,102
ACCGGCGCATGAAGCACAAG_009,138
ACCGGCGCATGAAGCACAAG_010,57
ACCGGCGCATGAAGCACAAG_011,50
ACCGGCGCATGAAGCACAAG_012,169
ACCGGCGCATGAAGCACAAG_013,50
ACCGGCGCATGAAGCACAAG_014,25
ACCGGCGCATGAAGCACAAG_015,24
ACCGGCGCATGAAGCACAAG_016,47
ACCGGCGCATGAAGCACAAG_017,162
ACCGGCGCATGAAGCACAAG_018,16
ACCGGCGCATGAAGCACAAG_019,121
ACCGGCGCATGAAGCACAAG_020,116
ACCGGCGCATGAAGCACAAG_021,165
ACCGGCGCATGAAGCACAAG_022,166
ACCGGCGCATGAAGCACAAG_023,104
CCCTAACCGAGCTACTTCAA_001,119
CCCTAACCGAGCTACTTCAA_002,109
GGCAGCAATAGGGTCCACGC_001,27
GGCAGCAATAGGGTCCACGC_002,27
TCACAGATGCCATCAGACGT_001,65
TCACAGATGCCATCAGACGT_002,130
TCACAGATGCCATCAGACGT_003,15
TCACAGATGCCATCAGACGT_004,192
TCACAGATGCCATCAGACGT_005,130
TCACAGATGCCATCAGACGT_006,91
ACAATGGCACTATTGAATGG_001,116
ACAATGGCACTATTGAATGG_002,145
ACAATGGCACTATTGAATGG_003,96
TGAAAGGTTTCCTTGCACAG_001,72
TGAAAGGTTTCCTTGCACAG_002,146
TAGTATCTTCAACTTCAAGG_001,63
TAGTATCTTCAACTTCAAGG_002,154
TAGTATCTTCAACTTCAAGG_003,91
TAGTATCTTCAACTTCAAGG_004,63
TGAGGCTGTCGATTTCGGAG_001,160
TGAGGCTGTCGATTTCGGAG_002,57
TGAGGCTGTCGATTTCGGAG_003,80
TGAGGCTGTCGATTTCGGAG_004,17
TGAGGCTGTCGATTTCGGAG_005,34
TGAGGCTGTCGATTTCGGAG_006,88
TGCTCAGAGGGACTTGTACG_001,177
TGCTCAGAGGGACTTGTACG_002,64
TGCTCAGAGGGACTTGTACG_003,56
TGCTCAGAGGGACTTGTACG_004,147
TGCTCAGAGGGACTTGTACG_005,53
TGCTCAGAGGGACTTGTACG_006,160
TGCTCAGAGGGACTTGTACG_007,41
TGCTCAGAGGGACTTGTACG_008,188
TGCTCAGAGGGACTTGTACG_009,99
TGCTCAGAGGGACTTGTACG_010,116
TGCTCAGAGGGACTTGTACG_011,63
AGGTCGGGCATGGTGCCCCG_001,115
AGGTCGGGCATGGTGCCCCG_002,115
AGGTCGGGCATGGTGCCCCG_003,68
AGGTCGGGCATGGTGCCCCG_004,63
AGGTCGGGCATGGTGCCCCG_005,137
AGGTCGGGCATGGTGCCCCG_006,29
AGGTCGGGCATGGTGCCCCG_007,137
AGGTCGGGCATGGTGCCCCG_008,71
AGGTCGGGCATGGTGCCCCG_009,104
AGGTCGGGCATGGTGCCCCG_010,40
AGGTCGGGCATGGTGCCCCG_011,78
AGGTCGGGCATGGTGCCCCG_012,169
AGGTCGGGCATGGTGCCCCG_013,168
AGGTCGGGCATGGTGCCCCG_014,168
AGGTCGGGCATGGTGCCCCG_015,48
GGTGCTCCAATATTACCTCA_001,25
GGTGCTCCAATATTACCTCA_002,54
ACCGAGGGACGTGCGCAACG_001,185
ACCGAGGGACGTGCGCAACG_002,127
ACCGAGGGACGTGCGCAACG_003,20
ACCGAGGGACGTGCGCAACG_004,12
ACCGAGGGACGTGCGCAACG_005,112
ACCGAGGGACGTGCGCAACG_006,0
ACCGAGGGACGTGCGCAACG_007,191
ACCGAGGGACGTGCGCAACG_008,168
ACCGAGGGACGTGCGCAACG_009,50
ACCGAGGGACGTGCGCAACG_010,69
ACCGAGGGACGTGCGCAACG_011,138
AGTGGGTAGAGATATGCAGA_001,17
AGTGGGTAGAGATATGCAGA_002,191
AGTGGGTAGAGATATGCAGA_003,150
AGTGGGTAGAGATATGCAGA_004,137
AGTGGGTAGAGATATGCAGA_005,102
AGTGGGTAGAGATATGCAGA_006,82
CATCGGGAGGAACCTCTGCA_001,108
CATCGGGAGGAACCTCTGCA_002,80
CATCGGGAGGAACCTCTGCA_003,181
CATCGGGAGGAACCTCTGCA_004,175
CATCGGGAGGAACCTCTGCA_005,0
CATCGGGAGGAACCTCTGCA_006,147
CATCGGGAGGAACCTCTGCA_007,139
CATCGGGAGGAACCTCTGCA_008,5
CATCGGGAGGAACCTCTGCA_009,160
CATCGGGAGGAACCTCTGCA_010,147
CATCGGGAGGAACCTCTGCA_011,125
CATCGGGAGGAACCTCTGCA_012,96
CATCGGGAGGAACCTCTGCA_013,138
CATCGGGAGGAACCTCTGCA_014,46
CATCGGGAGGAACCTCTGCA_015,35
CATCGGGAGGAACCTCTGCA_016,99
CATCGGGAGGAACCTCTGCA_017,4
GGAGATTTACCAACAACCAT_001,197
GGAGATTTACCAACAACCAT_002,177
GGAGATTTACCAACAACCAT_003,121
GGAGATTTACCAACAACCAT_004,158
GGAGATTTACCAACAACCAT_005,64
AAACAGCAGCAAATCAAAAG_001,26
AAACAGCAGCAAATCAAAAG_002,147
AAACAGCAGCAAATCAAAAG_003,153
AAACAGCAGCAAATCAAAAG_004,88
CAATCAATACACCCGTCGGG_001,30
CAATCAATACACCCGTCGGG_002,77
AGCACACACCAAAGGCGCGG_001,60
AGCACACACCAAAGGCGCGG_002,153
AGCACACACCAAAGGCGCGG_003,88
AGCACACACCAAAGGCGCGG_004,115
AGCACACACCAAAGGCGCGG_005,68
AGCACACACCAAAGGCGCGG_006,59
AGCACACACCAAAGGCGCGG_007,19
AGCACACACCAAAGGCGCGG_008,54
AGCACACACCAAAGGCGCGG_009,156
AGCACACACCAAAGGCGCGG_010,102
AGCACACACCAAAGGCGCGG_011,3
AGCACACACCAAAGGCGCGG_012,182
AGCACACACCAAAGGCGCGG_013,59
AGTACCGAGATGCTGTGAGT_001,96
AGTACCGAGATGCTGTGAGT_002,56
AGTACCGAGATGCTGTGAGT_003,130
AGTACCGAGATGCTGTGAGT_004,105
AGTACCGAGATGCTGTGAGT_005,49
AGTACCGAGATGCTGTGAGT_006,117
AGTACCGAGATGCTGTGAGT_007,76
AGTACCGAGATGCTGTGAGT_008,184
AGTACCGAGATGCTGTGAGT_009,169
AGTACCGAGATGCTGTGAGT_010,127
AGTACCGAGATGCTGTGAGT_011,16
AGTACCGAGATGCTGTGAGT_012,24
AGTACCGAGATGCTGTGAGT_013,104
AGTACCGAGATGCTGTGAGT_014,60
GTGGAACACCTACTGGACCA_001,133
GTGGAACACCTACTGGACCA_002,9
GTGGAACACCTACTGGACCA_003,122
GTGGAACACCTACTGGACCA_004,12
GTGGAACACCTACTGGACCA_005,84
GTGGAACACCTACTGGACCA_006,160
GTGGAACACCTACTGGACCA_007,135
TGGCAACCTAGTGAGCCTGG_001,83
TGGCAACCTAGTGAGCCTGG_002,134
TGGCAACCTAGTGAGCCTGG_003,106
TGGCAACCTAGTGAGCCTGG_004,130
TGGCAACCTAGTGAGCCTGG_005,126
TGGCAACCTAGTGAGCCTGG_006,141
TGGCAACCTAGTGAGCCTGG_007,71
TGGCAACCTAGTGAGCCTGG_008,182
TGGCAACCTAGTGAGCCTGG_009,166
TGGCAACCTAGTGAGCCTGG_010,41
TGGCAACCTAGTGAGCCTGG_011,166
TGGCAACCTAGTGAGCCTGG_012,18
TTGCAGTTAAGACACAACCC_001,179
TTGCAGTTAAGACACAACCC_002,177
TTGCAGTTAAGACACAACCC_003,134
TTGCAGTTAAGACACAACCC_004,94
TTGCAGTTAAGACACAACCC_005,49
TTGCAGTTAAGACACAACCC_006,19
CAGAGCAAAATATTTCAATG_001,145
CAGAGCAAAATATTTCAATG_002,85
GACACTAAACCATTAGCATG_001,130
GACACTAAACCATTAGCATG_002,139
GACACTAAACCATTAGCATG_003,51
GACACTAAACCATTAGCATG_004,6
GACACTAAACCATTAGCATG_005,162
GACACTAAACCATTAGCATG_006,9
GACACTAAACCATTAGCATG_007,87
GACACTAAACCATTAGCATG_008,166
GACACTAAACCATTAGCATG_009,94
GACACTAAACCATTAGCATG_010,138
GAATGCCTTGGATAAAATTG_001,9
CGAGGGACTTACACCGAGAG_001,77
CGAGGGACTTACACCGAGAG_002,48
CGAGGGACTTACACCGAGAG_003,1
CGAGGGACTTACACCGAGAG_004,91
CGAGGGACTTACACCGAGAG_005,34
CGAGGGACTTACACCGAGAG_006,9
CGAGGGACTTACACCGAGAG_007,46
CACAGGGGAAGCTGGAAGAT_001,76
CACAGGGGAAGCTGGAAGAT_002,70
CACAGGGGAAGCTGGAAGAT_003,121
CACAGGGGAAGCTGGAAGAT_004,147
CACAGGGGAAGCTGGAAGAT_005,147
CACAGGGGAAGCTGGAAGAT_006,168
CACAGGGGAAGCTGGAAGAT_007,137
AAGGTCAAGATCACCACATG_001,172
AAGGTCAAGATCACCACATG_002,50
AAGGTCAAGATCACCACATG_003,127
AAGGTCAAGATCACCACATG_004,8
AAGGTCAAGATCACCACATG_005,84
AAGGTCAAGATCACCACATG_006,185
AAGGTCAAGATCACCACATG_007,169
AAGGTCAAGATCACCACATG_008,50
AAGGTCAAGATCACCACATG_009,15
AAGGTCAAGATCACCACATG_010,148
AAGGTCAAGATCACCACATG_011,22
AAGGTCAAGATCACCACATG_012,199
AAGGTCAAGATCACCACATG_013,29
AAGGTCAAGATCACCACATG_014,28
TGGGCGAAGTAGCTCATCAG_001,127
TGGGCGAAGTAGCTCATCAG_002,2
TGGGCGAAGTAGCTCATCAG_003,58
TGGGCGAAGTAGCTCATCAG_004,169
TGGGCGAAGTAGCTCATCAG_005,60
TGGGCGAAGTAGCTCATCAG_006,67
TGGGCGAAGTAGCTCATCAG_007,66
TGGGCGAAGTAGCTCATCAG_008,57
TGGGCGAAGTAGCTCATCAG_009,94
ACGGGGGCGACTGTATCTTG_001,80
ACGGGGGCGACTGTATCTTG_002,166
ACGGGGGCGACTGTATCTTG_003,1
ACGGGGGCGACTGTATCTTG_004,181
ACGGGGGCGACTGTATCTTG_005,149
ACGGGGGCGACTGTATCTTG_006,60
ACGGGGGCGACTGTATCTTG_007,50
ACGGGGGCGACTGTATCTTG_008,56
ACGGGGGCGACTGTATCTTG_009,86
ACGGGGGCGACTGTATCTTG_010,136
ACGGGGGCGACTGTATCTTG_011,52
ACGGGGGCGACTGTATCTTG_012,125
ACGGGGGCGACTGTATCTTG_013,188
ACGGGGGCGACTGTATCTTG_014,1
ACGGGGGCGACTGTATCTTG_015,94
ACGGGGGCGACTGTATCTTG_016,55
ACGGGGGCGACTGTATCTTG_017,70
TGCTTACTTGCTCTCCCACG_001,9
TGCTTACTTGCTCTCCCACG_002,154
TCGGAGCCGAATACCAAGCT_001,150
TCGGAGCCGAATACCAAGCT_002,138
TCGGAGCCGAATACCAAGCT_003,30
TCGGAGCCGAATACCAAGCT_004,166
TCGGAGCCGAATACCAAGCT_005,21
TCGGAGCCGAATACCAAGCT_006,194
GACAGACGGAACGAGTCCTG_001,132
GACAGACGGAACGAGTCCTG_002,48
GACAGACGGAACGAGTCCTG_003,199
GACAGACGGAACGAGTCCTG_004,108
GACAGACGGAACGAGTCCTG_005,199
GACAGACGGAACGAGTCCTG_006,190
GACAGACGGAACGAGTCCTG_007,162
GACAGACGGAACGAGTCCTG_008,76
GACAGACGGAACGAGTCCTG_009,117
GACAGACGGAACGAGTCCTG_010,147
GACAGACGGAACGAGTCCTG_011,40
ACTGGAGGGGCATTTAGCCA_001,121
ACTGGAGGGGCATTTAGCCA_002,53
ACTGGAGGGGCATTTAGCCA_003,65
ACTGGAGGGGCATTTAGCCA_004,11
ACTGGAGGGGCATTTAGCCA_005,192
ACTGGAGGGGCATTTAGCCA_006,62
ACTGGAGGGGCATTTAGCCA_007,41
ACTGGAGGGGCATTTAGCCA_008,88
ACTGGAGGGGCATTTAGCCA_009,85
ACTGGAGGGGCATTTAGCCA_010,191
ACTGGAGGGGCATTTAGCCA_011,102
ACTGGAGGGGCATTTAGCCA_012,56
ACTGGAGGGGCATTTAGCCA_013,56
ACTGGAGGGGCATTTAGCCA_014,178
ACTGGAGGGGCATTTAGCCA_015,40
ACTGGAGGGGCATTTAGCCA_016,1
ACTGGAGGGGCATTTAGCCA_017,94
ACTGGAGGGGCATTTAGCCA_018,167
ACTGGAGGGGCATTTAGCCA_019,167
ACTGGAGGGGCATTTAGCCA_020,167
ACTGGAGGGGCATTTAGCCA_021,19
AGAAAATGAGCCATCCATCG_001,134
AGAAAATGAGCCATCCATCG_002,15
AGAAAATGAGCCATCCATCG_003,152
AGAAAATGAGCCATCCATCG_004,72
AGAAAATGAGCCATCCATCG_005,198
TGTCCTGGCAAGAGCCGTTG_001,188
TGTCCTGGCAAGAGCCGTTG_002,144
TGTCCTGGCAAGAGCCGTTG_003,115
TGTCCTGGCAAGAGCCGTTG_004,148
TGTCCTGGCAAGAGCCGTTG_005,83
TGTCCTGGCAAGAGCCGTTG_006,76
TGTCCTGGCAAGAGCCGTTG_007,160
TGTCCTGGCAAGAGCCGTTG_008,34
TGTCCTGGCAAGAGCCGTTG_009,7
TGTCCTGGCAAGAGCCGTTG_010,32
TGTCCTGGCAAGAGCCGTTG_011,158
TGTCCTGGCAAGAGCCGTTG_012,49
GACCATGGTGGATTCGTATG_001,78
GACCATGGTGGATTCGTATG_002,56
GACCATGGTGGATTCGTATG_003,197
GACCATGGTGGATTCGTATG_004,40
GACCATGGTGGATTCGTATG_005,187
CAGCACCGTGCACACTCGCG_001,158
CAGCACCGTGCACACTCGCG_002,24
CAGCACCGTGCACACTCGCG_003,105
CAGCACCGTGCACACTCGCG_004,181
CAGCACCGTGCACACTCGCG_005,70
CAGCACCGTGCACACTCGCG_006,148
CAGCACCGTGCACACTCGCG_007,73
CAGCACCGTGCACACTCGCG_008,155
CAGCACCGTGCACACTCGCG_009,134
CAGCACCGTGCACACTCGCG_010,12
CAGCACCGTGCACACTCGCG_011,145
CAGCACCGTGCACACTCGCG_012,67
CAGCACCGTGCACACTCGCG_013,77
CAGCACCGTGCACACTCGCG_014,88
CAGCACCGTGCACACTCGCG_015,14
CAGCACCGTGCACACTCGCG_016,18
CAGCACCGTGCACACTCGCG_017,130
GTGAGATCAGGAAATCCCTG_001,146
GTGAGATCAGGAAATCCCTG_002,185
GTGAGATCAGGAAATCCCTG_003,18
GTGAGATCAGGAAATCCCTG_004,17
GTGAGATCAGGAAATCCCTG_005,127
GTGAGATCAGGAAATCCCTG_006,13
GTGAGATCAGGAAATCCCTG_007,160
GTGAGATCAGGAAATCCCTG_008,21
GTGAGATCAGGAAATCCCTG_009,159
GTGAGATCAGGAAATCCCTG_010,63
TTATGGTCTATGATATCACT_001,169
TTATGGTCTATGATATCACT_002,6
TTGGCGGTGATGGTCGTGCG_001,54
TTGGCGGTGATGGTCGTGCG_002,51
TTGGCGGTGATGGTCGTGCG_003,150
TTGGCGGTGATGGTCGTGCG_004,194
TTGGCGGTGATGGTCGTGCG_005,105
TTGGCGGTGATGGTCGTGCG_006,138
TTGGCGGTGATGGTCGTGCG_007,82
TTGGCGGTGATGGTCGTGCG_008,58
TTGGCGGTGATGGTCGTGCG_009,107
TTGGCGGTGATGGTCGTGCG_010,27
TTGGCGGTGATGGTCGTGCG_011,12
TTGGCGGTGATGGTCGTGCG_012,70
TTGGCGGTGATGGTCGTGCG_013,160
TTGGCGGTGATGGTCGTGCG_014,29
TTGGCGGTGATGGTCGTGCG_015,188
TTGGCGGTGATGGTCGTGCG_016,61
TTGGCGGTGATGGTCGTGCG_017,186
CAATTCTCATTACACAAAAG_001,168
CAATTCTCATTACACAAAAG_002,2
CCTGGATCGGTGGTGCTCAG_001,147
CCTGGATCGGTGGTGCTCAG_002,192
CCTGGATCGGTGGTGCTCAG_003,149
CCTGGATCGGTGGTGCTCAG_004,171
CCTGGATCGGTGGTGCTCAG_005,45
CCTGGATCGGTGGTGCTCAG_006,192
CCTGGATCGGTGGTGCTCAG_007,106
CCTGGATCGGTGGTGCTCAG_008,15
CCTGGATCGGTGGTGCTCAG_009,170
CCTGGATCGGTGGTGCTCAG_010,94
CCTGGATCGGTGGTGCTCAG_011,60
CCTGGATCGGTGGTGCTCAG_012,146
CCTGGATCGGTGGTGCTCAG_013,83
CCTGGATCGGTGGTGCTCAG_014,81
CCTGGATCGGTGGTGCTCAG_015,36
CCTGGATCGGTGGTGCTCAG_016,138
AAATACTACTTACGGTCACT_001,169
AAATACTACTTACGGTCACT_002,12
AAATACTACTTACGGTCACT_003,77
AAATACTACTTACGGTCACT_004,125
AAATACTACTTACGGTCACT_005,162
AAATACTACTTACGGTCACT_006,130
AAATACTACTTACGGTCACT_007,17
AAATACTACTTACGGTCACT_008,112
CATGTACGTGGCGATCCGAG_001,58
CATGTACGTGGCGATCCGAG_002,172
CATGTACGTGGCGATCCGAG_003,60
CATGTACGTGGCGATCCGAG_004,174
CATGTACGTGGCGATCCGAG_005,9
AAGAACACTCTGATTATGTG_001,22
AAGGTAAATATCATGGCCAA_001,188
GACGGACGCAGCATCCCGTG_001,114
GACGGACGCAGCATCCCGTG_002,147
GACGGACGCAGCATCCCGTG_003,130
TGGGCGAGCTGGCACTCGAG_001,78
TGGGCGAGCTGGCACTCGAG_002,141
TGGGCGAGCTGGCACTCGAG_003,21
TGGGCGAGCTGGCACTCGAG_004,23
TGGGCGAGCTGGCACTCGAG_005,43
TGGGCGAGCTGGCACTCGAG_006,49
TGGGCGAGCTGGCACTCGAG_007,81
TGGGCGAGCTGGCACTCGAG_008,86
TGGGCGAGCTGGCACTCGAG_009,168
TGGGCGAGCTGGCACTCGAG_010,168
TGGGCGAGCTGGCACTCGAG_011,135
TGGGCGAGCTGGCACTCGAG_012,176
TGGGCGAGCTGGCACTCGAG_013,48
TGGGCGAGCTGGCACTCGAG_014,56
TGGGCGAGCTGGCACTCGAG_015,68
TGGGCGAGCTGGCACTCGAG_016,142
TGGGCGAGCTGGCACTCGAG_017,23
TGGGCGAGCTGGCACTCGAG_018,78
CTGGGTGCCTGGATCAAGTG_001,18
CTGGGTGCCTGGATCAAGTG_002,117
CTGGGTGCCTGGATCAAGTG_003,115
CTGGGTGCCTGGATCAAGTG_004,23
CTGGGTGCCTGGATCAAGTG_005,116
CTGGGTGCCTGGATCAAGTG_006,169
CAGGGCGGTCATTACACCCA_001,12
CAGGGCGGTCATTACACCCA_002,184
CAGGGCGGTCATTACACCCA_003,171
CAGGGCGGTCATTACACCCA_004,187
CAGGGCGGTCATTACACCCA_005,77
CAGGGCGGTCATTACACCCA_006,184
CAGGGCGGTCATTACACCCA_007,29
CAGGGCGGTCATTACACCCA_008,78
CAGGGCGGTCATTACACCCA_009,46
CAGGGCGGTCATTACACCCA_010,124
CAGGGCGGTCATTACACCCA_011,169
AGTAATCAGCATAATCACTT_001,106
AGTAATCAGCATAATCACTT_002,149
AGTAATCAGCATAATCACTT_003,149
AGTAATCAGCATAATCACTT_004,184
GTCATACCTTTAAGCACCTG_001,194
GTCATACCTTTAAGCACCTG_002,58
GTCATACCTTTAAGCACCTG_003,82
GTCATACCTTTAAGCACCTG_004,49
GTCATACCTTTAAGCACCTG_005,28
TGGACCGCTATGTGGCCGTG_001,54
TGGACCGCTATGTGGCCGTG_002,5
TGGACCGCTATGTGGCCGTG_003,43
TGGACCGCTATGTGGCCGTG_004,8
TGGACCGCTATGTGGCCGTG_005,4
TGGACCGCTATGTGGCCGTG_006,121
TGGACCGCTATGTGGCCGTG_007,159
TGGACCGCTATGTGGCCGTG_008,137
TGGACCGCTATGTGGCCGTG_009,73
TGGACCGCTATGTGGCCGTG_010,185
TGGACCGCTATGTGGCCGTG_011,163
TGGACCGCTATGTGGCCGTG_012,50
TGGACCGCTATGTGGCCGTG_013,7
TGGACCGCTATGTGGCCGTG_014,78
CCACAGCCACGATATGAGGG_001,197
CCACAGCCACGATATGAGGG_002,85
CCACAGCCACGATATGAGGG_003,45
CCACAGCCACGATATGAGGG_004,105
CCACAGCCACGATATGAGGG_005,16
CCACAGCCACGATATGAGGG_006,176
CCACAGCCACGATATGAGGG_007,128
CCACAGCCACGATATGAGGG_008,89
CCACAGCCACGATATGAGGG_009,158
CCACAGCCACGATATGAGGG_010,168
CTTAGAGCTAGCTGGCAACG_001,5
CTTAGAGCTAGCTGGCAACG_002,50
ATCATCTCAGCCAACTGGGT_001,148
ATCATCTCAGCCAACTGGGT_002,69
ATCATCTCAGCCAACTGGGT_003,134
ATCATCTCAGCCAACTGGGT_004,49
ATCATCTCAGCCAACTGGGT_005,31
ATCATCTCAGCCAACTGGGT_006,187
ATCATCTCAGCCAACTGGGT_007,140
ATCATCTCAGCCAACTGGGT_008,88
ATCATCTCAGCCAACTGGGT_009,157
ATCATCTCAGCCAACTGGGT_010,61
ATCATCTCAGCCAACTGGGT_011,16
ATCATCTCAGCCAACTGGGT_012,53
ACAAAGGTCAACTAGTCCTG_001,58
ACAAAGGTCAACTAGTCCTG_002,102
ACAAAGGTCAACTAGTCCTG_003,190
ACAAAGGTCAACTAGTCCTG_004,49
ACAAAGGTCAACTAGTCCTG_005,55
ACAAAGGTCAACTAGTCCTG_006,4
ACAAAGGTCAACTAGTCCTG_007,115
ACAAAGGTCAACTAGTCCTG_008,199
ACAAAGGTCAACTAGTCCTG_009,41
ACAAAGGTCAACTAGTCCTG_010,56
ACAAAGGTCAACTAGTCCTG_011,127
ACAAAGGTCAACTAGTCCTG_012,27
ACAAAGGTCAACTAGTCCTG_013,185
ACAAAGGTCAACTAGTCCTG_014,134
ACAAAGGTCAACTAGTCCTG_015,137
ACAAAGGTCAACTAGTCCTG_016,127
ACTCCCATTTGGATGCACAA_001,16
ACTCCCATTTGGATGCACAA_002,130
ACTCCCATTTGGATGCACAA_003,192
ACTCCCATTTGGATGCACAA_004,27
ACTCCCATTTGGATGCACAA_005,157
ACTCCCATTTGGATGCACAA_006,198
ACTCCCATTTGGATGCACAA_007,142
ACTCCCATTTGGATGCACAA_008,162
ACTCCCATTTGGATGCACAA_009,165
ACTCCCATTTGGATGCACAA_010,34
ACTCCCATTTGGATGCACAA_011,122
ACTCCCATTTGGATGCACAA_012,145
ACTCCCATTTGGATGCACAA_013,91
ACTCCCATTTGGATGCACAA_014,164
ACTCCCATTTGGATGCACAA_015,94
ACATTCTATTACCAAGAACA_001,199
AGATGACGACATCACGCACA_001,132
AGATGACGACATCACGCACA_002,8
AGATGACGACATCACGCACA_003,89
AGATGACGACATCACGCACA_004,113
AGATGACGACATCACGCACA_005,25
AGATGACGACATCACGCACA_006,181
AGATGACGACATCACGCACA_007,2
AGATGACGACATCACGCACA_008,53
GGGCCGGTGATCATGGGCGT_001,162
GGGCCGGTGATCATGGGCGT_002,118
GGGCCGGTGATCATGGGCGT_003,65
GGGCCGGTGATCATGGGCGT_004,198
GGGCCGGTGATCATGGGCGT_005,15
GGGCCGGTGATCATGGGCGT_006,165
GGGCCGGTGATCATGGGCGT_007,121
GGGCCGGTGATCATGGGCGT_008,175
GGGCCGGTGATCATGGGCGT_009,23
GGGCCGGTGATCATGGGCGT_010,40
GGGCCGGTGATCATGGGCGT_011,11
GGGCCGGTGATCATGGGCGT_012,94
GGGCCGGTGATCATGGGCGT_013,5
GGGCCGGTGATCATGGGCGT_014,158
GGGCCGGTGATCATGGGCGT_015,93
GGGCCGGTGATCATGGGCGT_016,131
GGGCCGGTGATCATGGGCGT_017,26
AGCCAGACTCCAGAGTGATG_001,196
AGCCAGACTCCAGAGTGATG_002,155
AGCCAGACTCCAGAGTGATG_003,153
AGCCAGACTCCAGAGTGATG_004,162
AGCCAGACTCCAGAGTGATG_005,57
AGCCAGACTCCAGAGTGATG_006,60
AGCCAGACTCCAGAGTGATG_007,122
AGCCAGACTCCAGAGTGATG_008,159
AGCCAGACTCCAGAGTGATG_009,81
AGCCAGACTCCAGAGTGATG_010,160
AGCCAGACTCCAGAGTGATG_011,186
AGCCAGACTCCAGAGTGATG_012,105
AGCCAGACTCCAGAGTGATG_013,85
AGCCAGACTCCAGAGTGATG_014,58
AGCCAGACTCCAGAGTGATG_015,191
AGCCAGACTCCAGAGTGATG_016,127
AGCCAGACTCCAGAGTGATG_017,6
GCGCGCAGCACGACGCGAAG_001,15
GCGCGCAGCACGACGCGAAG_002,162
GCGCGCAGCACGACGCGAAG_003,121
GCGCGCAGCACGACGCGAAG_004,184
GCGCGCAGCACGACGCGAAG_005,63
GCGCGCAGCACGACGCGAAG_006,127
GCGCGCAGCACGACGCGAAG_007,177
GCGCGCAGCACGACGCGAAG_008,188
GCGCGCAGCACGACGCGAAG_009,106
AGGCCATGCTCCGATAGGAG_001,83
AGGCCATGCTCCGATAGGAG_002,115
AGGCCATGCTCCGATAGGAG_003,101
AGGCCATGCTCCGATAGGAG_004,118
AGGCCATGCTCCGATAGGAG_005,158
AGGCCATGCTCCGATAGGAG_006,110
AGGCCATGCTCCGATAGGAG_007,197
AGGCCATGCTCCGATAGGAG_008,162
TCGCTGTCGAAGCCCTACCA_001,169
TCGCTGTCGAAGCCCTACCA_002,76
TCGCTGTCGAAGCCCTACCA_003,181
TCGCTGTCGAAGCCCTACCA_004,181
TCGCTGTCGAAGCCCTACCA_005,32
TCGCTGTCGAAGCCCTACCA_006,138
TCGCTGTCGAAGCCCTACCA_007,70
TCGCTGTCGAAGCCCTACCA_008,48
TCGCTGTCGAAGCCCTACCA_009,116
TCGCTGTCGAAGCCCTACCA_010,8
TCGCTGTCGAAGCCCTACCA_011,143
TCGCTGTCGAAGCCCTACCA_012,143
TCGCTGTCGAAGCCCTACCA_013,117
TCGCTGTCGAAGCCCTACCA_014,168
TCGCTGTCGAAGCCCTACCA_015,34
TCGCTGTCGAAGCCCTACCA_016,8
TCGCTGTCGAAGCCCTACCA_017,67
TCGCTGTCGAAGCCCTACCA_018,56
TCGCTGTCGAAGCCCTACCA_019,78
TCGCTGTCGAAGCCCTACCA_020,61
TCGCTGTCGAAGCCCTACCA_021,103
TCGCTGTCGAAGCCCTACCA_022,39
TCGCTGTCGAAGCCCTACCA_023,4
TCGCTGTCGAAGCCCTACCA_024,64
TCGCTGTCGAAGCCCTACCA_025,106
TCGCTGTCGAAGCCCTACCA_026,74
GGTCACTTATTACTCAAACA_001,49
GGTCACTTATTACTCAAACA_002,78
GGTCACTTATTACTCAAACA_003,171
AAGGAAAAATCTAAGAAGCA_001,188
AAGGAAAAATCTAAGAAGCA_002,81
AAGGAAAAATCTAAGAAGCA_003,156
AAGGAAAAATCTAAGAAGCA_004,130
AAGGAAAAATCTAAGAAGCA_005,144
GCTTCAGTAGAAACAGACCG_001,102
GCTTCAGTAGAAACAGACCG_002,149
GCTTCAGTAGAAACAGACCG_003,86
GCTTCAGTAGAAACAGACCG_004,2
GCTTCAGTAGAAACAGACCG_005,103
GCTTCAGTAGAAACAGACCG_006,45
GCTTCAGTAGAAACAGACCG_007,162
GCTTCAGTAGAAACAGACCG_008,70
GCTTCAGTAGAAACAGACCG_009,157
GCTTCAGTAGAAACAGACCG_010,103
GCTTCAGTAGAAACAGACCG_011,29
GCTTCAGTAGAAACAGACCG_012,5
GCTTCAGTAGAAACAGACCG_013,27
TATCTACCTCAACATAACGG_001,42
TATCTACCTCAACATAACGG_002,168
TATCTACCTCAACATAACGG_003,147
TATCTACCTCAACATAACGG_004,43
TATCTACCTCAACATAACGG_005,111
TATCTACCTCAACATAACGG_006,98
TATCTACCTCAACATAACGG_007,26
TATCTACCTCAACATAACGG_008,31
TATCTACCTCAACATAACGG_009,168
TATCTACCTCAACATAACGG_010,179
TATCTACCTCAACATAACGG_011,48
TATCTACCTCAACATAACGG_012,90
GCGCTACCTGCATCAGCAAT_001,170
GCGCTACCTGCATCAGCAAT_002,78
GCGCTACCTGCATCAGCAAT_003,36
GCGCTACCTGCATCAGCAAT_004,153
GCGCTACCTGCATCAGCAAT_005,113
GCGCTACCTGCATCAGCAAT_006,188
GCGCTACCTGCATCAGCAAT_007,94
GCGCTACCTGCATCAGCAAT_008,156
GCGCTACCTGCATCAGCAAT_009,179
GCGCTACCTGCATCAGCAAT_010,37
GCGCTACCTGCATCAGCAAT_011,35
GCGCTACCTGCATCAGCAAT_012,142
GCGCTACCTGCATCAGCAAT_013,63
GCGCTACCTGCATCAGCAAT_014,81
TGGCTTACATTGTAGGAGCG_001,17
TGGCTTACATTGTAGGAGCG_002,35
TGGCTTACATTGTAGGAGCG_003,40
TGGCTTACATTGTAGGAGCG_004,176
TGGCTTACATTGTAGGAGCG_005,76
TGGCTTACATTGTAGGAGCG_006,107
TGGCTTACATTGTAGGAGCG_007,54
CATACAGCGGCCAGAATGAG_001,9
GCTCCTATACATATTAGATG_001,127
GGCATGAGCCAACGTAGTGG_001,2
GGCATGAGCCAACGTAGTGG_002,9
GGCATGAGCCAACGTAGTGG_003,75
GGCATGAGCCAACGTAGTGG_004,82
GGCATGAGCCAACGTAGTGG_005,83
GGCATGAGCCAACGTAGTGG_006,29
GGCATGAGCCAACGTAGTGG_007,193
AAAGATGTGTAGGATCTACA_001,81
CCAACACTCCTGACCCTCTG_001,127
CCAACACTCCTGACCCTCTG_002,129
CCAACACTCCTGACCCTCTG_003,184
GAAACAGCTTCCACTCTCGT_001,122
GAAACAGCTTCCACTCTCGT_002,162
GGCAGCAACACGACAAATCG_001,90
GGCAGCAACACGACAAATCG_002,130
GGCAGCAACACGACAAATCG_003,2
GGCAGCAACACGACAAATCG_004,174
GGCAGCAACACGACAAATCG_005,89
GGCAGCAACACGACAAATCG_006,68
GGCAGCAACACGACAAATCG_007,142
CATAATGTATGCAATAACAA_001,96
CATCGGATCTAAGATCCAAA_001,171
CATCGGATCTAAGATCCAAA_002,23
CATCGGATCTAAGATCCAAA_003,129
CATCGGATCTAAGATCCAAA_004,148
CATCGGATCTAAGATCCAAA_005,190
CATCGGATCTAAGATCCAAA_006,127
CATCGGATCTAAGATCCAAA_007,131
CATCGGATCTAAGATCCAAA_008,160
CATCGGATCTAAGATCCAAA_009,105
ACTCACCTCTGAATCCACTG_001,9
ACTCACCTCTGAATCCACTG_002,169
ACTCACCTCTGAATCCACTG_003,2
ACTCACCTCTGAATCCACTG_004,48
ACTCACCTCTGAATCCACTG_005,102
ACTCACCTCTGAATCCACTG_006,192
ACTCACCTCTGAATCCACTG_007,37
ACTCACCTCTGAATCCACTG_008,78
ACTCACCTCTGAATCCACTG_009,136
ACTCACCTCTGAATCCACTG_010,41
ACTCACCTCTGAATCCACTG_011,185
ACTCACCTCTGAATCCACTG_012,61
ACTCACCTCTGAATCCACTG_013,27
ACTCACCTCTGAATCCACTG_014,66
ACTCACCTCTGAATCCACTG_015,34
GCGACGAGGAGGAGTACTAC_001,168
GCGACGAGGAGGAGTACTAC_002,170
GCGACGAGGAGGAGTACTAC_003,51
GCGACGAGGAGGAGTACTAC_004,19
GCGACGAGGAGGAGTACTAC_005,2
GGCAACCATTAAAACTTGGA_001,70
GGCAACCATTAAAACTTGGA_002,102
GGCAACCATTAAAACTTGGA_003,141
GGCAACCATTAAAACTTGGA_004,105
GGCAACCATTAAAACTTGGA_005,137
GGCAACCATTAAAACTTGGA_006,187
GGCAACCATTAAAACTTGGA_007,146
GGCAACCATTAAAACTTGGA_008,83
GGCAACCATTAAAACTTGGA_009,151
GGCAACCATTAAAACTTGGA_010,10
GGCAACCATTAAAACTTGGA_011,91
GAAGATGGTATGGTGAACCA_001,191
GAAGATGGTATGGTGAACCA_002,145
GAAGATGGTATGGTGAACCA_003,128
GAAGATGGTATGGTGAACCA_004,86
CACAACCAAGATGAAGACAC_001,191
CACAACCAAGATGAAGACAC_002,16
CACAACCAAGATGAAGACAC_003,128
CACAACCAAGATGAAGACAC_004,106
CACAACCAAGATGAAGACAC_005,197
CACAACCAAGATGAAGACAC_006,57
CACAACCAAGATGAAGACAC_007,154
CACAACCAAGATGAAGACAC_008,63
CACAACCAAGATGAAGACAC_009,168
CACAACCAAGATGAAGACAC_010,23
CACAACCAAGATGAAGACAC_011,38
AGACACATGATAGTGCACAC_001,46
AGACACATGATAGTGCACAC_002,102
AGACACATGATAGTGCACAC_003,127
AGACACATGATAGTGCACAC_004,102
GTTTCTTGGCCATTTCAGGG_001,9
GTTTCTTGGCCATTTCAGGG_002,88
GTTTCTTGGCCATTTCAGGG_003,150
GTTTCTTGGCCATTTCAGGG_004,14
GTTTCTTGGCCATTTCAGGG_005,35
GTTTCTTGGCCATTTCAGGG_006,8
GTTTCTTGGCCATTTCAGGG_007,9
GTTTCTTGGCCATTTCAGGG_008,150
GTTTCTTGGCCATTTCAGGG_009,94
CTCACAGAGCAACAGTCGAG_001,6
CTCACAGAGCAACAGTCGAG_002,108
CTCACAGAGCAACAGTCGAG_003,102
CTCACAGAGCAACAGTCGAG_004,79
CTCACAGAGCAACAGTCGAG_005,138
CTCACAGAGCAACAGTCGAG_006,175
GTAGTACTGTAGCCGCTCCG_001,41
GTAGTACTGTAGCCGCTCCG_002,152
GTAGTACTGTAGCCGCTCCG_003,30
AAAAGAAGATTCCCGATGCG_001,104
AAAAGAAGATTCCCGATGCG_002,166
AAAAGAAGATTCCCGATGCG_003,153
AAAAGAAGATTCCCGATGCG_004,198
AAAAGAAGATTCCCGATGCG_005,188
AAAAGAAGATTCCCGATGCG_006,175
AAAAGAAGATTCCCGATGCG_007,169
AAAAGAAGATTCCCGATGCG_008,158
AAAAGAAGATTCCCGATGCG_009,190
AAAAGAAGATTCCCGATGCG_010,113
AAAAGAAGATTCCCGATGCG_011,196
AAAAGAAGATTCCCGATGCG_012,87
AAAAGAAGATTCCCGATGCG_013,48
AAAAGAAGATTCCCGATGCG_014,78
AAAAGAAGATTCCCGATGCG_015,144
AAAAGAAGATTCCCGATGCG_016,4
TGAGCTCATGAATCGCCCTG_001,198
TGAGCTCATGAATCGCCCTG_002,174
TGAGCTCATGAATCGCCCTG_003,168
TGAGCTCATGAATCGCCCTG_004,19
GTTTGTGGGAGATCTCGAGC_001,160
GTTTGTGGGAGATCTCGAGC_002,66
GTTTGTGGGAGATCTCGAGC_003,130
GGGCTATGAGCACTACGCCG_001,161
GGGCTATGAGCACTACGCCG_002,88
GGGCTATGAGCACTACGCCG_003,173
GGGCTATGAGCACTACGCCG_004,101
GGGCTATGAGCACTACGCCG_005,26
GGGCTATGAGCACTACGCCG_006,57
GGGCTATGAGCACTACGCCG_007,29
GGGCTATGAGCACTACGCCG_008,94
GGGCTATGAGCACTACGCCG_009,193
GGGCTATGAGCACTACGCCG_010,1
GGGCTATGAGCACTACGCCG_011,106
GGGCTATGAGCACTACGCCG_012,94
ATATGTCATATAATTCCCAC_001,53
TGAAGTGGCCTATGACATTG_001,180
TGAAGTGGCCTATGACATTG_002,134
TGAAGTGGCCTATGACATTG_003,77
TGAAGTGGCCTATGACATTG_004,0
CCTACTTAGGCACTGCCAGG_001,41
CCTACTTAGGCACTGCCAGG_002,1
CCTACTTAGGCACTGCCAGG_003,1
CCTACTTAGGCACTGCCAGG_004,76
CCTACTTAGGCACTGCCAGG_005,120
CCTACTTAGGCACTGCCAGG_006,181
CCTACTTAGGCACTGCCAGG_007,178
CCTACTTAGGCACTGCCAGG_008,36
CCTACTTAGGCACTGCCAGG_009,47
CCTACTTAGGCACTGCCAGG_010,165
CCTACTTAGGCACTGCCAGG_011,192
CCTACTTAGGCACTGCCAGG_012,2
CCTACTTAGGCACTGCCAGG_013,81
CCTACTTAGGCACTGCCAGG_014,87
CCTACTTAGGCACTGCCAGG_015,98
CCTACTTAGGCACTGCCAGG_016,176
CCTACTTAGGCACTGCCAGG_017,12
CCTACTTAGGCACTGCCAGG_018,149
CCTACTTAGGCACTGCCAGG_019,129
CCTACTTAGGCACTGCCAGG_020,192
CCTACTTAGGCACTGCCAGG_021,13
CCTACTTAGGCACTGCCAGG_022,115
CCTACTTAGGCACTGCCAGG_023,158
CCTACTTAGGCACTGCCAGG_024,141
CCTACTTAGGCACTGCCAGG_025,105
CCTACTTAGGCACTGCCAGG_026,26
CCTACTTAGGCACTGCCAGG_027,165
CCTACTTAGGCACTGCCAGG_028,49
CCTACTTAGGCACTGCCAGG_029,127
CCTACTTAGGCACTGCCAGG_030,67
CCTACTTAGGCACTGCCAGG_031,147
CCTACTTAGGCACTGCCAGG_032,104
TGTTACTTCAACATATCCGT_001,80
TGTTACTTCAACATATCCGT_002,34
TGTTACTTCAACATATCCGT_003,61
ACGTCAAATCAGGATCAGGG_001,1
ACGTCAAATCAGGATCAGGG_002,137
ACGTCAAATCAGGATCAGGG_003,5
ACGTCAAATCAGGATCAGGG_004,105
ACGTCAAATCAGGATCAGGG_005,168
ACGTCAAATCAGGATCAGGG_006,177
ACGTCAAATCAGGATCAGGG_007,76
ACGTCAAATCAGGATCAGGG_008,85
ACGTCAAATCAGGATCAGGG_009,38
ACGTCAAATCAGGATCAGGG_010,147
ACGTCAAATCAGGATCAGGG_011,174
ACGTCAAATCAGGATCAGGG_012,171
ACGTCAAATCAGGATCAGGG_013,141
ACGTCAAATCAGGATCAGGG_014,116
ACGTCAAATCAGGATCAGGG_015,66
TGCTGACTATTGCAACTCGG_001,94
GACTCTACTTCTCGTACCCG_001,126
GACTCTACTTCTCGTACCCG_002,49
GACTCTACTTCTCGTACCCG_003,27
GACTCTACTTCTCGTACCCG_004,148
GACTCTACTTCTCGTACCCG_005,15
GACTCTACTTCTCGTACCCG_006,52
TGCTAATTGGAATTGCTGCG_001,2
TGCTAATTGGAATTGCTGCG_002,156
TGCTAATTGGAATTGCTGCG_003,169
TGCTAATTGGAATTGCTGCG_004,10
TGCTAATTGGAATTGCTGCG_005,1
CACCTTCGCCCTCTGTGAGG_001,59
CACCTTCGCCCTCTGTGAGG_002,12
CACCTTCGCCCTCTGTGAGG_003,185
CACCTTCGCCCTCTGTGAGG_004,49
CAGTTGCCAAGGCCCAGGCG_001,63
CAGTTGCCAAGGCCCAGGCG_002,31
CAGTTGCCAAGGCCCAGGCG_003,104
CAGTTGCCAAGGCCCAGGCG_004,4
CAGTTGCCAAGGCCCAGGCG_005,96
CCAGCACCCACGCCTCAGTG_001,110
CCAGCACCCACGCCTCAGTG_002,170
CCAGCACCCACGCCTCAGTG_003,18
CCAGCACCCACGCCTCAGTG_004,103
CCAGCACCCACGCCTCAGTG_005,172
CCAGCACCCACGCCTCAGTG_006,6
CCAGCACCCACGCCTCAGTG_007,88
CCAGCACCCACGCCTCAGTG_008,56
CCAGCACCCACGCCTCAGTG_009,32
CCAGCACCCACGCCTCAGTG_010,132
CCAGCACCCACGCCTCAGTG_011,132
CCAGCACCCACGCCTCAGTG_012,60
CCAGCACCCACGCCTCAGTG_013,140
CCAGCACCCACGCCTCAGTG_014,50
CCAGCACCCACGCCTCAGTG_015,161
CCAGCACCCACGCCTCAGTG_016,118
CCAGCACCCACGCCTCAGTG_017,158
CCAGCACCCACGCCTCAGTG_018,91
CCAGCACCCACGCCTCAGTG_019,141
CCAGCACCCACGCCTCAGTG_020,61
CCAGCACCCACGCCTCAGTG_021,188
CCAGCACCCACGCCTCAGTG_022,181
CCAGCACCCACGCCTCAGTG_023,42
CCAGCACCCACGCCTCAGTG_024,197
CCAGCACCCACGCCTCAGTG_025,169
CCAGCACCCACGCCTCAGTG_026,176
CCAGCACCCACGCCTCAGTG_027,105
CCAGCACCCACGCCTCAGTG_028,148
CCAGCACCCACGCCTCAGTG_029,150
CCAGCACCCACGCCTCAGTG_030,1
CCAGCACCCACGCCTCAGTG_031,85
CCAGCACCCACGCCTCAGTG_032,96
CCAGCACCCACGCCTCAGTG_033,110
CCAGCACCCACGCCTCAGTG_034,177
CCAGCACCCACGCCTCAGTG_035,58
CCAGCACCCACGCCTCAGTG_036,190
CCAGCACCCACGCCTCAGTG_037,88
CCAGCACCCACGCCTCAGTG_038,15
CCAGCACCCACGCCTCAGTG_039,165
CCAGCACCCACGCCTCAGTG_040,29
CCAGCACCCACGCCTCAGTG_041,138
CCAGCACCCACGCCTCAGTG_042,157
CCAGCACCCACGCCTCAGTG_043,10
CCAGCACCCACGCCTCAGTG_044,124
CCAGCACCCACGCCTCAGTG_045,165
CCAGCACCCACGCCTCAGTG_046,22
CCAGCACCCACGCCTCAGTG_047,148
CCAGCACCCACGCCTCAGTG_048,174
AAGGGAACGCAACCTGACAG_001,64
AAGGGAACGCAACCTGACAG_002,114
AAGGGAACGCAACCTGACAG_003,0
AAGGGAACGCAACCTGACAG_004,60
AAGGGAACGCAACCTGACAG_005,29
AAGGGAACGCAACCTGACAG_006,163
AAGGGAACGCAACCTGACAG_007,72
AAGGGAACGCAACCTGACAG_008,87
AAGGGAACGCAACCTGACAG_009,91
CGTACACCAGATCGATGAGC_001,122
CTTATGCTGATGCATCAGAT_001,60
CTTATGCTGATGCATCAGAT_002,48
CTTATGCTGATGCATCAGAT_003,30
CTTATGCTGATGCATCAGAT_004,179
CTTATGCTGATGCATCAGAT_005,8
CTTATGCTGATGCATCAGAT_006,22
CTTATGCTGATGCATCAGAT_007,157
CTTATGCTGATGCATCAGAT_008,177
CTTATGCTGATGCATCAGAT_009,1
CTTATGCTGATGCATCAGAT_010,96
GCAGGACTGGTGATTGGACA_001,132
GCAGGACTGGTGATTGGACA_002,50
GCAGGACTGGTGATTGGACA_003,76
GCAGGACTGGTGATTGGACA_004,115
GCAGGACTGGTGATTGGACA_005,41
GCAGGACTGGTGATTGGACA_006,70
GCAGGACTGGTGATTGGACA_007,127
GGCTCCAGGCGATCACAATG_001,149
GGCTCCAGGCGATCACAATG_002,173
GGCTCCAGGCGATCACAATG_003,178
GGCTCCAGGCGATCACAATG_004,178
GGCTCCAGGCGATCACAATG_005,188
GGCTCCAGGCGATCACAATG_006,114
GGCTCCAGGCGATCACAATG_007,184
TGTGATGGGAGTTCAGTACA_001,187
TGTGATGGGAGTTCAGTACA_002,49
TGTGATGGGAGTTCAGTACA_003,150
TGTGATGGGAGTTCAGTACA_004,135
GAAGCGCAGGTAGATAACTA_001,76
GAAGCGCAGGTAGATAACTA_002,38
GAAGCGCAGGTAGATAACTA_003,62
GAAGCGCAGGTAGATAACTA_004,76
GAAGCGCAGGTAGATAACTA_005,176
AGAGCCAGGAGGTGTAATCG_001,14
AGAGCCAGGAGGTGTAATCG_002,137
AGAGCCAGGAGGTGTAATCG_003,185
CTCAACTGGCTATTTGACAG_001,117
CTCAACTGGCTATTTGACAG_002,158
CTCAACTGGCTATTTGACAG_003,42
CTCAACTGGCTATTTGACAG_004,70
CTCAACTGGCTATTTGACAG_005,106
CTCAACTGGCTATTTGACAG_006,3
CTCAACTGGCTATTTGACAG_007,150
TGCCATACCTTACCTGAACA_001,82
TGCCATACCTTACCTGAACA_002,4
TGCCATACCTTACCTGAACA_003,70
TGCCATACCTTACCTGAACA_004,148
TTGTGAGTCAGCCTTACCCG_001,142
TTGTGAGTCAGCCTTACCCG_002,19
TTGTGAGTCAGCCTTACCCG_003,35
TTGTGAGTCAGCCTTACCCG_004,94
CACGTATTGGAGGACGATCA_001,128
GGTTGAAGGACTGACACCGC_001,139
GGTTGAAGGACTGACACCGC_002,83
GGTTGAAGGACTGACACCGC_003,45
GGTTGAAGGACTGACACCGC_004,18
GGTTGAAGGACTGACACCGC_005,190
GGTTGAAGGACTGACACCGC_006,14
GGTTGAAGGACTGACACCGC_007,174
GGTTGAAGGACTGACACCGC_008,172
GGTTGAAGGACTGACACCGC_009,160
GGGGGCCTGAGTTAGGACCA_001,48
GGGGGCCTGAGTTAGGACCA_002,73
GGGGGCCTGAGTTAGGACCA_003,84
GGGGGCCTGAGTTAGGACCA_004,174
GGGGGCCTGAGTTAGGACCA_005,35
GGGGGCCTGAGTTAGGACCA_006,35
TCACAGGTATGAATTTCCGT_001,137
TCACAGGTATGAATTTCCGT_002,22
TGGATCCCAAGCGAGTCAGA_001,49
TGGATCCCAAGCGAGTCAGA_002,176
TGGATCCCAAGCGAGTCAGA_003,103
TGGATCCCAAGCGAGTCAGA_004,170
TGGATCCCAAGCGAGTCAGA_005,154
TGGATCCCAAGCGAGTCAGA_006,119
TGGATCCCAAGCGAGTCAGA_007,127
TGGATCCCAAGCGAGTCAGA_008,1
TGGATCCCAAGCGAGTCAGA_009,94
TGGATCCCAAGCGAGTCAGA_010,104
TGGATCCCAAGCGAGTCAGA_011,172
TGGATCCCAAGCGAGTCAGA_012,156
TGGATCCCAAGCGAGTCAGA_013,69
TGGATCCCAAGCGAGTCAGA_014,78
TGGATCCCAAGCGAGTCAGA_015,179
TGGATCCCAAGCGAGTCAGA_016,166
TGGATCCCAAGCGAGTCAGA_017,38
TGGATCCCAAGCGAGTCAGA_018,13
TGGATCCCAAGCGAGTCAGA_019,78
TGGATCCCAAGCGAGTCAGA_020,11
TGGATCCCAAGCGAGTCAGA_021,29
AGGACTCTATTCCATACCTG_001,78
AGGACTCTATTCCATACCTG_002,161
AGGACTCTATTCCATACCTG_003,163
AGGACTCTATTCCATACCTG_004,160
AGGACTCTATTCCATACCTG_005,145
AGGACTCTATTCCATACCTG_006,82
AGGACTCTATTCCATACCTG_007,15
AGGACTCTATTCCATACCTG_008,197
AGGACTCTATTCCATACCTG_009,166
AGGACTCTATTCCATACCTG_010,103
AGGACTCTATTCCATACCTG_011,19
AGGACTCTATTCCATACCTG_012,130
AGGACTCTATTCCATACCTG_013,27
AGGACTCTATTCCATACCTG_014,157
AGGACTCTATTCCATACCTG_015,91
GAAGATCAGCTAAAGATATG_001,70
GAAGATCAGCTAAAGATATG_002,103
GAAGATCAGCTAAAGATATG_003,106
GAAGATCAGCTAAAGATATG_004,130
GAAGATCAGCTAAAGATATG_005,102
GAAGATCAGCTAAAGATATG_006,34
GAAGATCAGCTAAAGATATG_007,145
GAAGATCAGCTAAAGATATG_008,56
GAAGATCAGCTAAAGATATG_009,176
GAAGATCAGCTAAAGATATG_010,75
GAAGATCAGCTAAAGATATG_011,156
GAAGATCAGCTAAAGATATG_012,108
AGTGTGATACCTTCACGGAG_001,82
AGTGTGATACCTTCACGGAG_002,91
AGTGTGATACCTTCACGGAG_003,61
AGTGTGATACCTTCACGGAG_004,26
GCACGATGCTGCCATACACC_001,165
GCACGATGCTGCCATACACC_002,37
GCACGATGCTGCCATACACC_003,189
GCACGATGCTGCCATACACC_004,2
GCACGATGCTGCCATACACC_005,38
GCACGATGCTGCCATACACC_006,50
GTCATGCTAACAACAGCAGG_001,94
GTCATGCTAACAACAGCAGG_002,70
GTCATGCTAACAACAGCAGG_003,62
GTCATGCTAACAACAGCAGG_004,137
GTCATGCTAACAACAGCAGG_005,69
GTCATGCTAACAACAGCAGG_006,173
GTCATGCTAACAACAGCAGG_007,173
GTCATGCTAACAACAGCAGG_008,169
GTCATGCTAACAACAGCAGG_009,105
GTCATGCTAACAACAGCAGG_010,99
TCAAATGCAGATATAGAATG_001,78
TCAAATGCAGATATAGAATG_002,48
TCAAATGCAGATATAGAATG_003,11
TCAAATGCAGATATAGAATG_004,10
TCAAATGCAGATATAGAATG_005,168
CTATGAAAGGTATCGCATTG_001,90
CTATGAAAGGTATCGCATTG_002,83
CTATGAAAGGTATCGCATTG_003,34
CTATGAAAGGTATCGCATTG_004,127
CTATGAAAGGTATCGCATTG_005,56
CTATGAAAGGTATCGCATTG_006,19
CTATGAAAGGTATCGCATTG_007,36
GTGCAAGATAAAGCCACGCT_001,118
GTGCAAGATAAAGCCACGCT_002,48
GTGCAAGATAAAGCCACGCT_003,48
GTGCAAGATAAAGCCACGCT_004,96
GTGCAAGATAAAGCCACGCT_005,155
GTGCAAGATAAAGCCACGCT_006,104
GTGCAAGATAAAGCCACGCT_007,58
GTGCAAGATAAAGCCACGCT_008,56
GTGCAAGATAAAGCCACGCT_009,42
GTGCAAGATAAAGCCACGCT_010,9
CCAGGTTAATATTTCCTATG_001,130
CCAGGTTAATATTTCCTATG_002,175
CCAGGTTAATATTTCCTATG_003,15
CCAGGTTAATATTTCCTATG_004,134
GCGCGCCGGTCGCCCAGACA_001,141
GCGCGCCGGTCGCCCAGACA_002,148
GCGCGCCGGTCGCCCAGACA_003,192
GCGCGCCGGTCGCCCAGACA_004,156
GCGCGCCGGTCGCCCAGACA_005,50
GCGCGCCGGTCGCCCAGACA_006,168
GCGCGCCGGTCGCCCAGACA_007,49
GGCTCGGCCTACATTGAGCA_001,113
GGCTCGGCCTACATTGAGCA_002,4
GGCTCGGCCTACATTGAGCA_003,88
GGCTCGGCCTACATTGAGCA_004,9
GGCTCGGCCTACATTGAGCA_005,107
GGCTCGGCCTACATTGAGCA_006,1
GGCTCGGCCTACATTGAGCA_007,65
GGCTCGGCCTACATTGAGCA_008,12
GGCTCGGCCTACATTGAGCA_009,82
GGCTCGGCCTACATTGAGCA_010,41
GGCTCGGCCTACATTGAGCA_011,103
GGCTCGGCCTACATTGAGCA_012,135
GGCTCGGCCTACATTGAGCA_013,193
GGCTCGGCCTACATTGAGCA_014,150
GGCTCGGCCTACATTGAGCA_015,169
GGCTCGGCCTACATTGAGCA_016,188
GGCTCGGCCTACATTGAGCA_017,183
GGCTCGGCCTACATTGAGCA_018,176
GGCTCGGCCTACATTGAGCA_019,86
GGCTCGGCCTACATTGAGCA_020,86
GGCTCGGCCTACATTGAGCA_021,76
GGCTCGGCCTACATTGAGCA_022,34
GGCTCGGCCTACATTGAGCA_023,89
GGCTCGGCCTACATTGAGCA_024,81
GGCTCGGCCTACATTGAGCA_025,38
GGCTCGGCCTACATTGAGCA_026,109
GGCTCGGCCTACATTGAGCA_027,6
GGCTCGGCCTACATTGAGCA_028,67
GGCTCGGCCTACATTGAGCA_029,103
GGCTCGGCCTACATTGAGCA_030,50
GGCTCGGCCTACATTGAGCA_031,76
TGGGCGTCGCTCTAGAGGTG_001,81
TGGGCGTCGCTCTAGAGGTG_002,31
TGGGCGTCGCTCTAGAGGTG_003,36
AAGCAGCAGTCCGCGGCGTG_001,198
AAGCAGCAGTCCGCGGCGTG_002,102
AAGCAGCAGTCCGCGGCGTG_003,157
AAGCAGCAGTCCGCGGCGTG_004,94
AAGCAGCAGTCCGCGGCGTG_005,77
AAGCAGCAGTCCGCGGCGTG_006,77
AAGCAGCAGTCCGCGGCGTG_007,191
AAGCAGCAGTCCGCGGCGTG_008,159
AAGCAGCAGTCCGCGGCGTG_009,95
AAGCAGCAGTCCGCGGCGTG_010,138
AAGCAGCAGTCCGCGGCGTG_011,178
AAGCAGCAGTCCGCGGCGTG_012,51
AAGCAGCAGTCCGCGGCGTG_013,9
AAGCAGCAGTCCGCGGCGTG_014,68
AAGCAGCAGTCCGCGGCGTG_015,117
AAGCAGCAGTCCGCGGCGTG_016,77
AAGCAGCAGTCCGCGGCGTG_017,149
AAGCAGCAGTCCGCGGCGTG_018,193
AAGCAGCAGTCCGCGGCGTG_019,128
AAGCAGCAGTCCGCGGCGTG_020,49
AAGCAGCAGTCCGCGGCGTG_021,196
AAGCAGCAGTCCGCGGCGTG_022,47
AAGCAGCAGTCCGCGGCGTG_023,33
AAGCAGCAGTCCGCGGCGTG_024,19
AAGCAGCAGTCCGCGGCGTG_025,15
AAGCAGCAGTCCGCGGCGTG_026,105
AAGCAGCAGTCCGCGGCGTG_027,3
AAGCAGCAGTCCGCGGCGTG_028,160
AAGCAGCAGTCCGCGGCGTG_029,68
AAGCAGCAGTCCGCGGCGTG_030,56
AAGCAGCAGTCCGCGGCGTG_031,33
AAGCAGCAGTCCGCGGCGTG_032,18
AAGCAGCAGTCCGCGGCGTG_033,87
AAGCAGCAGTCCGCGGCGTG_034,6
AAGCAGCAGTCCGCGGCGTG_035,177
AAGCAGCAGTCCGCGGCGTG_036,187
AAGCAGCAGTCCGCGGCGTG_037,54
AAGCAGCAGTCCGCGGCGTG_038,151
AAGCAGCAGTCCGCGGCGTG_039,96
AAGCAGCAGTCCGCGGCGTG_040,144
AAGCAGCAGTCCGCGGCGTG_041,159
AAGCAGCAGTCCGCGGCGTG_042,177
AAGCAGCAGTCCGCGGCGTG_043,148
AAGCAGCAGTCCGCGGCGTG_044,163
AAGCAGCAGTCCGCGGCGTG_045,16
AAGCAGCAGTCCGCGGCGTG_046,147
AAGCAGCAGTCCGCGGCGTG_047,148
AAGCAGCAGTCCGCGGCGTG_048,49
AAGCAGCAGTCCGCGGCGTG_049,88
AAGCAGCAGTCCGCGGCGTG_050,161
AAGCAGCAGTCCGCGGCGTG_051,88
AAGCAGCAGTCCGCGGCGTG_052,49
AAGCAGCAGTCCGCGGCGTG_053,72
AAGCAGCAGTCCGCGGCGTG_054,46
AAGCAGCAGTCCGCGGCGTG_055,153
AAGCAGCAGTCCGCGGCGTG_056,191
AAGCAGCAGTCCGCGGCGTG_057,94
AAGCAGCAGTCCGCGGCGTG_058,127
AAGCAGCAGTCCGCGGCGTG_059,164
AAGCAGCAGTCCGCGGCGTG_060,39
AAGCAGCAGTCCGCGGCGTG_061,146
AAGCAGCAGTCCGCGGCGTG_062,124
AAGCAGCAGTCCGCGGCGTG_063,88
AAGCAGCAGTCCGCGGCGTG_064,142
CTAGATCTTTAACACAGAAG_001,72
CTAGATCTTTAACACAGAAG_002,115
AGTGGCCCTAGGGTAGCACA_001,170
AGTGGCCCTAGGGTAGCACA_002,168
AGTGGCCCTAGGGTAGCACA_003,75
AGTGGCCCTAGGGTAGCACA_004,71
AGTGGCCCTAGGGTAGCACA_005,91
AGTGGCCCTAGGGTAGCACA_006,24
GGCCTCGGTACTCCTCATAG_001,10
GGCCTCGGTACTCCTCATAG_002,150
GGCCTCGGTACTCCTCATAG_003,83
GGCCTCGGTACTCCTCATAG_004,29
GGCCTCGGTACTCCTCATAG_005,19
TGGGTTTAATGTCCACAGGG_001,10
TGGGTTTAATGTCCACAGGG_002,120
TGGGTTTAATGTCCACAGGG_003,145
TGGGTTTAATGTCCACAGGG_004,2
TGGGTTTAATGTCCACAGGG_005,49
TGGGTTTAATGTCCACAGGG_006,13
TGGGTTTAATGTCCACAGGG_007,104
TGGGTTTAATGTCCACAGGG_008,121
TGGGTTTAATGTCCACAGGG_009,146
TGGGTTTAATGTCCACAGGG_010,8
TGGGTTTAATGTCCACAGGG_011,71
TGGGTTTAATGTCCACAGGG_012,155
TGGGTTTAATGTCCACAGGG_013,73
TGGGTTTAATGTCCACAGGG_014,118
TGGGTTTAATGTCCACAGGG_015,27
TGGGTTTAATGTCCACAGGG_016,144
TGGGTTTAATGTCCACAGGG_017,87
TGGGTTTAATGTCCACAGGG_018,192
TGGGTTTAATGTCCACAGGG_019,70
TGGGTTTAATGTCCACAGGG_020,23
CTCCAACAGCAAAAATGATG_001,127
CTCCAACAGCAAAAATGATG_002,42
CTCCAACAGCAAAAATGATG_003,158
CTCCAACAGCAAAAATGATG_004,61
CTCCAACAGCAAAAATGATG_005,81
CTCCAACAGCAAAAATGATG_006,65
CTCCAACAGCAAAAATGATG_007,136
CTCCAACAGCAAAAATGATG_008,37
CTCCAACAGCAAAAATGATG_009,106
CTCCAACAGCAAAAATGATG_010,0
GAGGGCCAGATCGATCAGTG_001,150
GAGGGCCAGATCGATCAGTG_002,144
GAGGGCCAGATCGATCAGTG_003,129
GAGGGCCAGATCGATCAGTG_004,188
GAGGGCCAGATCGATCAGTG_005,97
GAGGGCCAGATCGATCAGTG_006,174
GAGGGCCAGATCGATCAGTG_007,69
GAGGGCCAGATCGATCAGTG_008,166
GAGGGCCAGATCGATCAGTG_009,96
GAGGGCCAGATCGATCAGTG_010,83
GAGGGCCAGATCGATCAGTG_011,40
GAGGGCCAGATCGATCAGTG_012,6
GAGGGCCAGATCGATCAGTG_013,68
GAGGGCCAGATCGATCAGTG_014,57
GAGGGCCAGATCGATCAGTG_015,153
GAGGGCCAGATCGATCAGTG_016,144
GAGGGCCAGATCGATCAGTG_017,144
GTTCATCTTAGCCCTGCTCT_001,62
GTTCATCTTAGCCCTGCTCT_002,197
GTTCATCTTAGCCCTGCTCT_003,113
GTTCATCTTAGCCCTGCTCT_004,64
GTTCATCTTAGCCCTGCTCT_005,161
GTTCATCTTAGCCCTGCTCT_006,88
GTTCATCTTAGCCCTGCTCT_007,147
TCTGTGCACAGGAGTCAGAG_001,4
TCTGTGCACAGGAGTCAGAG_002,125
TCTGTGCACAGGAGTCAGAG_003,22
TCTGTGCACAGGAGTCAGAG_004,156
TCTGTGCACAGGAGTCAGAG_005,152
TCTGTGCACAGGAGTCAGAG_006,193
TCTGTGCACAGGAGTCAGAG_007,26
TCTGTGCACAGGAGTCAGAG_008,78
TCTGTGCACAGGAGTCAGAG_009,35
GGAAGCCTTAAGGAGTGCAC_001,181
GGAAGCCTTAAGGAGTGCAC_002,43
GGAAGCCTTAAGGAGTGCAC_003,98
GGAAGCCTTAAGGAGTGCAC_004,116
GGAAGCCTTAAGGAGTGCAC_005,188
GGAAGCCTTAAGGAGTGCAC_006,175
GGAAGCCTTAAGGAGTGCAC_007,68
GGAAGCCTTAAGGAGTGCAC_008,78
GGAAGCCTTAAGGAGTGCAC_009,165
GGAAGCCTTAAGGAGTGCAC_010,28
GGAAGCCTTAAGGAGTGCAC_011,169
GGAAGCCTTAAGGAGTGCAC_012,61
GAAGCACACCACGTTGACGA_001,114
GAAGCACACCACGTTGACGA_002,170
GAAGCACACCACGTTGACGA_003,185
GAAGCACACCACGTTGACGA_004,197
GAAGCACACCACGTTGACGA_005,172
GGCAAGTACTGCATTCCCGA_001,48
GGCAAGTACTGCATTCCCGA_002,105
CTCTGCCTTGAACGCCACGG_001,78
CTCTGCCTTGAACGCCACGG_002,49
CTCTGCCTTGAACGCCACGG_003,185
CTCTGCCTTGAACGCCACGG_004,9
CTCTGCCTTGAACGCCACGG_005,18
CTCTGCCTTGAACGCCACGG_006,83
CTCTGCCTTGAACGCCACGG_007,127
CTCTGCCTTGAACGCCACGG_008,158
CTCTGCCTTGAACGCCACGG_009,150
CTCTGCCTTGAACGCCACGG_010,62
CTCTGCCTTGAACGCCACGG_011,94
CTCTGCCTTGAACGCCACGG_012,114
CTCTGCCTTGAACGCCACGG_013,19
CTCTGCCTTGAACGCCACGG_014,81
CTCTGCCTTGAACGCCACGG_015,22
CTCTGCCTTGAACGCCACGG_016,158
CTCTGCCTTGAACGCCACGG_017,132
CTCTGCCTTGAACGCCACGG_018,105
CTCTGCCTTGAACGCCACGG_019,37
CTCTGCCTTGAACGCCACGG_020,169
CAAGCAAAGAAGTTCCACCG_001,142
CAAGCAAAGAAGTTCCACCG_002,6
CAAGCAAAGAAGTTCCACCG_003,8
CAAGCAAAGAAGTTCCACCG_004,96
CAAGCAAAGAAGTTCCACCG_005,56
CAAGCAAAGAAGTTCCACCG_006,168
CAAGCAAAGAAGTTCCACCG_007,175
CAAGCAAAGAAGTTCCACCG_008,174
CAAGCAAAGAAGTTCCACCG_009,84
CAAGCAAAGAAGTTCCACCG_010,75
CAAGCAAAGAAGTTCCACCG_011,74
CAAGCAAAGAAGTTCCACCG_012,184
CAAGCAAAGAAGTTCCACCG_013,176
CAAGCAAAGAAGTTCCACCG_014,88
CAAGCAAAGAAGTTCCACCG_015,83
CAAGCAAAGAAGTTCCACCG_016,94
CAAGCAAAGAAGTTCCACCG_017,94
CAAGCAAAGAAGTTCCACCG_018,76
CAAGCAAAGAAGTTCCACCG_019,107
CAAGCAAAGAAGTTCCACCG_020,139
CAAGCAAAGAAGTTCCACCG_021,194
CAAGCAAAGAAGTTCCACCG_022,157
CTGGCAGCCCCACATACAGT_001,177
CTGGCAGCCCCACATACAGT_002,176
CTGGCAGCCCCACATACAGT_003,104
CTGGCAGCCCCACATACAGT_004,172
CTGGCAGCCCCACATACAGT_005,174
CTGGCAGCCCCACATACAGT_006,85
CTGGCAGCCCCACATACAGT_007,110
CTGGCAGCCCCACATACAGT_008,123
CTGGCAGCCCCACATACAGT_009,147
CTGGCAGCCCCACATACAGT_010,49
CTGGCAGCCCCACATACAGT_011,68
CTGGCAGCCCCACATACAGT_012,170
CTGGCAGCCCCACATACAGT_013,153
CTGGCAGCCCCACATACAGT_014,84
CTGGCAGCCCCACATACAGT_015,3
GCCGGCCACTGACAATGACT_001,133
GCCGGCCACTGACAATGACT_002,19
GCCGGCCACTGACAATGACT_003,149
GCCGGCCACTGACAATGACT_004,129
GCCGGCCACTGACAATGACT_005,162
GCCGGCCACTGACAATGACT_006,82
GCCGGCCACTGACAATGACT_007,29
GCCGGCCACTGACAATGACT_008,159
GCCGGCCACTGACAATGACT_009,67
GCCGGCCACTGACAATGACT_010,174
GCCGGCCACTGACAATGACT_011,144
GGATGATAGACACAAAGTTG_001,130
GGATGATAGACACAAAGTTG_002,156
GGATGATAGACACAAAGTTG_003,43
GGATGATAGACACAAAGTTG_004,42
GGATGATAGACACAAAGTTG_005,2
GGATGATAGACACAAAGTTG_006,70
GGATGATAGACACAAAGTTG_007,21
GGATGATAGACACAAAGTTG_008,170
GGATGATAGACACAAAGTTG_009,15
GGATGATAGACACAAAGTTG_010,182
GGATGATAGACACAAAGTTG_011,199
GGATGATAGACACAAAGTTG_012,199
GGATGATAGACACAAAGTTG_013,131
GGATGATAGACACAAAGTTG_014,94
TGGATATCCCCTAACAGAAG_001,67
AGGTGTGAAGAACGCCGATG_001,4
GATCCAAGAGTTGAACGCCT_001,188
GATCCAAGAGTTGAACGCCT_002,15
GATCCAAGAGTTGAACGCCT_003,161
GATCCAAGAGTTGAACGCCT_004,114
GATCCAAGAGTTGAACGCCT_005,181
GATCCAAGAGTTGAACGCCT_006,185
GATCCAAGAGTTGAACGCCT_007,175
GATCCAAGAGTTGAACGCCT_008,78
GATCCAAGAGTTGAACGCCT_009,170
GATCCAAGAGTTGAACGCCT_010,157
CCAGTAGCAATGTTGCAGAG_001,194
CCAGTAGCAATGTTGCAGAG_002,197
AAATTAGAACTATCAGTCCA_001,82
AAATTAGAACTATCAGTCCA_002,146
AAATTAGAACTATCAGTCCA_003,48
AAATTAGAACTATCAGTCCA_004,107
TTGCCAGAAAAGTCAGTCTC_001,115
TTGCCAGAAAAGTCAGTCTC_002,130
TTGCCAGAAAAGTCAGTCTC_003,87
TTGCCAGAAAAGTCAGTCTC_004,120
TTGCCAGAAAAGTCAGTCTC_005,116
TTGCCAGAAAAGTCAGTCTC_006,35
TTGCCAGAAAAGTCAGTCTC_007,29
CTCGCACGGGAAGCGCGTGT_001,26
CTCGCACGGGAAGCGCGTGT_002,53
CTCGCACGGGAAGCGCGTGT_003,71
CTCGCACGGGAAGCGCGTGT_004,169
CTCGCACGGGAAGCGCGTGT_005,42
CTCGCACGGGAAGCGCGTGT_006,160
CTCGCACGGGAAGCGCGTGT_007,12
CTCGCACGGGAAGCGCGTGT_008,150
CTCGCACGGGAAGCGCGTGT_009,92
CTCGCACGGGAAGCGCGTGT_010,169
CTCTCAGAGTCACTGACTCG_001,177
CTCTCAGAGTCACTGACTCG_002,62
CTCTCAGAGTCACTGACTCG_003,65
CTCTCAGAGTCACTGACTCG_004,65
CTCTCAGAGTCACTGACTCG_005,166
CTCTCAGAGTCACTGACTCG_006,34
CTCTCAGAGTCACTGACTCG_007,78
TCCGAACACCCCCCTCGCTG_001,181
TCCGAACACCCCCCTCGCTG_002,170
TCCGAACACCCCCCTCGCTG_003,119
TCCGAACACCCCCCTCGCTG_004,80
TCCGAACACCCCCCTCGCTG_005,160
TCCGAACACCCCCCTCGCTG_006,166
TCCGAACACCCCCCTCGCTG_007,48
TCCGAACACCCCCCTCGCTG_008,78
TCCGAACACCCCCCTCGCTG_009,150
TCCGAACACCCCCCTCGCTG_010,155
TCCGAACACCCCCCTCGCTG_011,171
TCCGAACACCCCCCTCGCTG_012,137
TCCGAACACCCCCCTCGCTG_013,118
TCCGAACACCCCCCTCGCTG_014,62
TCCGAACACCCCCCTCGCTG_015,169
TCCGAACACCCCCCTCGCTG_016,48
TCCGAACACCCCCCTCGCTG_017,113
TCCGAACACCCCCCTCGCTG_018,190
TCCGAACACCCCCCTCGCTG_019,4
TCCGAACACCCCCCTCGCTG_020,134
TCCGAACACCCCCCTCGCTG_021,161
TCCGAACACCCCCCTCGCTG_022,176
TCCGAACACCCCCCTCGCTG_023,47
TCCGAACACCCCCCTCGCTG_024,88
TCCGAACACCCCCCTCGCTG_025,171
TCCGAACACCCCCCTCGCTG_026,130
TCCGAACACCCCCCTCGCTG_027,147
TCCGAACACCCCCCTCGCTG_028,149
TCCGAACACCCCCCTCGCTG_029,149
TCCGAACACCCCCCTCGCTG_030,145
TCCGAACACCCCCCTCGCTG_031,102
TCCGAACACCCCCCTCGCTG_032,58
TCCGAACACCCCCCTCGCTG_033,168
TCCGAACACCCCCCTCGCTG_034,170
TCCGAACACCCCCCTCGCTG_035,131
TCCGAACACCCCCCTCGCTG_036,117
TCCGAACACCCCCCTCGCTG_037,92
TCCGAACACCCCCCTCGCTG_038,42
TCCGAACACCCCCCTCGCTG_039,81
TCCGAACACCCCCCTCGCTG_040,125
TCCGAACACCCCCCTCGCTG_041,80
TCCGAACACCCCCCTCGCTG_042,28
TCCGAACACCCCCCTCGCTG_043,95
TCCGAACACCCCCCTCGCTG_044,10
TCCGAACACCCCCCTCGCTG_045,107
TCCGAACACCCCCCTCGCTG_046,55
TCCGAACACCCCCCTCGCTG_047,104
TCCGAACACCCCCCTCGCTG_048,64
TCCGAACACCCCCCTCGCTG_049,68
TCCGAACACCCCCCTCGCTG_050,149
TCCGAACACCCCCCTCGCTG_051,199
TCCGAACACCCCCCTCGCTG_052,125
TCCGAACACCCCCCTCGCTG_053,49
TCCGAACACCCCCCTCGCTG_054,63
TCCGAACACCCCCCTCGCTG_055,3
TCCGAACACCCCCCTCGCTG_056,169
TCCGAACACCCCCCTCGCTG_057,62
TCCGAACACCCCCCTCGCTG_058,39
TCCGAACACCCCCCTCGCTG_059,172
TCCGAACACCCCCCTCGCTG_060,113
TCCGAACACCCCCCTCGCTG_061,180
TCCGAACACCCCCCTCGCTG_062,51
TCCGAACACCCCCCTCGCTG_063,51
TCCGAACACCCCCCTCGCTG_064,70
AGACCGGCAGACGCGACTGT_001,147
AGACCGGCAGACGCGACTGT_002,140
AGACCGGCAGACGCGACTGT_003,16
AGACCGGCAGACGCGACTGT_004,9
AGACCGGCAGACGCGACTGT_005,34
AGACCGGCAGACGCGACTGT_006,95
AGACCGGCAGACGCGACTGT_007,167
AGACCGGCAGACGCGACTGT_008,13
AGACCGGCAGACGCGACTGT_009,108
AGACCGGCAGACGCGACTGT_010,80
AGACCGGCAGACGCGACTGT_011,138
AGACCGGCAGACGCGACTGT_012,150
AGACCGGCAGACGCGACTGT_013,105
AGACCGGCAGACGCGACTGT_014,112
AGACCGGCAGACGCGACTGT_015,134
AGACCGGCAGACGCGACTGT_016,149
AGACCGGCAGACGCGACTGT_017,86
AGACCGGCAGACGCGACTGT_018,144
AGACCGGCAGACGCGACTGT_019,69
AGACCGGCAGACGCGACTGT_020,88
AGACCGGCAGACGCGACTGT_021,58
AGACCGGCAGACGCGACTGT_022,48
AGACCGGCAGACGCGACTGT_023,40
AGACCGGCAGACGCGACTGT_024,144
AGACCGGCAGACGCGACTGT_025,121
AGACCGGCAGACGCGACTGT_026,138
AGACCGGCAGACGCGACTGT_027,29
AGACCGGCAGACGCGACTGT_028,49
AGACCGGCAGACGCGACTGT_029,41
AGACCGGCAGACGCGACTGT_030,127
AGACCGGCAGACGCGACTGT_031,146
AGACCGGCAGACGCGACTGT_032,92
AGTGAATTCAAAGAATGACC_001,150
AGTGAATTCAAAGAATGACC_002,103
AGTGAATTCAAAGAATGACC_003,182
AGTGAATTCAAAGAATGACC_004,163
AGTGAATTCAAAGAATGACC_005,113
GGCCTGTCGCGGGCCCGACA_001,125
GGCCTGTCGCGGGCCCGACA_002,76
GGCCTGTCGCGGGCCCGACA_003,178
GGCCTGTCGCGGGCCCGACA_004,48
GGCCTGTCGCGGGCCCGACA_005,149
GGCCTGTCGCGGGCCCGACA_006,1
GGCCTGTCGCGGGCCCGACA_007,127
GGCCTGTCGCGGGCCCGACA_008,15
GGCCTGTCGCGGGCCCGACA_009,123
GGCCTGTCGCGGGCCCGACA_010,55
GGCCTGTCGCGGGCCCGACA_011,181
GGCCTGTCGCGGGCCCGACA_012,16
GGCCTGTCGCGGGCCCGACA_013,141
GGCCTGTCGCGGGCCCGACA_014,65
GGCCTGTCGCGGGCCCGACA_015,4
GGCCTGTCGCGGGCCCGACA_016,136
GGCCTGTCGCGGGCCCGACA_017,144
GGCCTGTCGCGGGCCCGACA_018,32
ATTCTTAGCCGAAAAACCAG_001,162
ATTCTTAGCCGAAAAACCAG_002,29
ATTCTTAGCCGAAAAACCAG_003,17
ATTCTTAGCCGAAAAACCAG_004,32
ATTCTTAGCCGAAAAACCAG_005,76
ATTCTTAGCCGAAAAACCAG_006,188
ATTCTTAGCCGAAAAACCAG_007,145
ATTCTTAGCCGAAAAACCAG_008,41
ATTCTTAGCCGAAAAACCAG_009,36
ATTCTTAGCCGAAAAACCAG_010,71
ATTCTTAGCCGAAAAACCAG_011,180
AACTCACCAGCAGTACGTGT_001,132
AACTCCCTGATAGTGTGCCG_001,189
AACTCCCTGATAGTGTGCCG_002,61
AACTCCCTGATAGTGTGCCG_003,146
AACTCCCTGATAGTGTGCCG_004,103
AACTCCCTGATAGTGTGCCG_005,65
AACTCCCTGATAGTGTGCCG_006,191
AACTCCCTGATAGTGTGCCG_007,162
AACTCCCTGATAGTGTGCCG_008,26
AACTCCCTGATAGTGTGCCG_009,114
AACTCCCTGATAGTGTGCCG_010,114
AGACCCCTTTCACCTCTGCG_001,50
AGACCCCTTTCACCTCTGCG_002,60
AGACCCCTTTCACCTCTGCG_003,181
AGACCCCTTTCACCTCTGCG_004,149
AGACCCCTTTCACCTCTGCG_005,138
AGACCCCTTTCACCTCTGCG_006,89
AGACCCCTTTCACCTCTGCG_007,182
AGACCCCTTTCACCTCTGCG_008,125
AGACCCCTTTCACCTCTGCG_009,184
AGACCCCTTTCACCTCTGCG_010,147
AGACCCCTTTCACCTCTGCG_011,162
TCTGCCTAGAGTTTGACAGG_001,8
TCTGCCTAGAGTTTGACAGG_002,48
TCTGCCTAGAGTTTGACAGG_003,52
TCTGCCTAGAGTTTGACAGG_004,171
TCTGCCTAGAGTTTGACAGG_005,43
TCTGCCTAGAGTTTGACAGG_006,156
TCTGCCTAGAGTTTGACAGG_007,92
TCTGCCTAGAGTTTGACAGG_008,152
TCTGCCTAGAGTTTGACAGG_009,155
GGGCGGGTGCTCTTAACGCG_001,28
GGGCGGGTGCTCTTAACGCG_002,98
GGGCGGGTGCTCTTAACGCG_003,34
AATCTTGTGTGGACACACTG_001,27
AATCTTGTGTGGACACACTG_002,56
AATCTTGTGTGGACACACTG_003,48
AATCTTGTGTGGACACACTG_004,68
AATCTTGTGTGGACACACTG_005,174
AATCTTGTGTGGACACACTG_006,53
AATCTTGTGTGGACACACTG_007,102
AATCTTGTGTGGACACACTG_008,196
AATCTTGTGTGGACACACTG_009,97
AATCTTGTGTGGACACACTG_010,183
AATCTTGTGTGGACACACTG_011,41
AATCTTGTGTGGACACACTG_012,100
AATCTTGTGTGGACACACTG_013,157
AATCTTGTGTGGACACACTG_014,121
AATCTTGTGTGGACACACTG_015,108
AATCTTGTGTGGACACACTG_016,160
AATCTTGTGTGGACACACTG_017,128
AATCTTGTGTGGACACACTG_018,157
AATCTTGTGTGGACACACTG_019,98
AATCTTGTGTGGACACACTG_020,152
AATCTTGTGTGGACACACTG_021,67
AATCTTGTGTGGACACACTG_022,57
AATCTTGTGTGGACACACTG_023,7
AATCTTGTGTGGACACACTG_024,128
AATCTTGTGTGGACACACTG_025,155
AATCTTGTGTGGACACACTG_026,96
AATCTTGTGTGGACACACTG_027,69
AATCTTGTGTGGACACACTG_028,31
AATCTTGTGTGGACACACTG_029,70
AATCTTGTGTGGACACACTG_030,40
AATCTTGTGTGGACACACTG_031,15
AATCTTGTGTGGACACACTG_032,57
AATCTTGTGTGGACACACTG_033,63
AATCTTGTGTGGACACACTG_034,40
AATCTTGTGTGGACACACTG_035,12
AATCTTGTGTGGACACACTG_036,184
AATCTTGTGTGGACACACTG_037,188
AATCTTGTGTGGACACACTG_038,70
AATCTTGTGTGGACACACTG_039,166
GTAGGGGCGGCTCTTGCCGA_001,42
GTAGGGGCGGCTCTTGCCGA_002,15
GAGGTGTAGTGATGCACGGA_001,116
GAGGTGTAGTGATGCACGGA_002,35
GAGGTGTAGTGATGCACGGA_003,176
GAGGTGTAGTGATGCACGGA_004,73
GAGGTGTAGTGATGCACGGA_005,179
GAGGTGTAGTGATGCACGGA_006,125
GAGGTGTAGTGATGCACGGA_007,176
GAGGTGTAGTGATGCACGGA_008,79
GAGGTGTAGTGATGCACGGA_009,152
GAGGTGTAGTGATGCACGGA_010,32
GAGGTGTAGTGATGCACGGA_011,57
GAGGTGTAGTGATGCACGGA_012,56
GAGGTGTAGTGATGCACGGA_013,107
GAGGTGTAGTGATGCACGGA_014,132
GAGGTGTAGTGATGCACGGA_015,189
GAGGTGTAGTGATGCACGGA_016,19
GAGGTGTAGTGATGCACGGA_017,184
GAGGTGTAGTGATGCACGGA_018,184
GAGGTGTAGTGATGCACGGA_019,166
GAGGTGTAGTGATGCACGGA_020,165
GAGGTGTAGTGATGCACGGA_021,177
GAGGTGTAGTGATGCACGGA_022,27
GAGGTGTAGTGATGCACGGA_023,67
GGAAATCCCAAAGCCTCGAA_001,56
GGAAATCCCAAAGCCTCGAA_002,13
GGAAATCCCAAAGCCTCGAA_003,19
GGAAATCCCAAAGCCTCGAA_004,140
GGAAATCCCAAAGCCTCGAA_005,41
GGAAATCCCAAAGCCTCGAA_006,186
GGAAATCCCAAAGCCTCGAA_007,186
GGAAATCCCAAAGCCTCGAA_008,119
GGAAATCCCAAAGCCTCGAA_009,119
GGAAATCCCAAAGCCTCGAA_010,20
GGAAATCCCAAAGCCTCGAA_011,102
GGAAATCCCAAAGCCTCGAA_012,159
GGAAATCCCAAAGCCTCGAA_013,60
GGAAATCCCAAAGCCTCGAA_014,142
GGAAATCCCAAAGCCTCGAA_015,165
CCTCTTGATCCTGAGACACA_001,68
CCTCTTGATCCTGAGACACA_002,56
CCTCTTGATCCTGAGACACA_003,115
CCTCTTGATCCTGAGACACA_004,105
CCTCTTGATCCTGAGACACA_005,175
CCTCTTGATCCTGAGACACA_006,138
CCTCTTGATCCTGAGACACA_007,24
CCTCTTGATCCTGAGACACA_008,75
CCTCTTGATCCTGAGACACA_009,58
CCTCTTGATCCTGAGACACA_010,137
CCTCTTGATCCTGAGACACA_011,131
CCTCTTGATCCTGAGACACA_012,41
CCTCTTGATCCTGAGACACA_013,160
CCTCTTGATCCTGAGACACA_014,6
CCTCTTGATCCTGAGACACA_015,90
GCGCGAGCTCTACCCAGTCG_001,140
GCGCGAGCTCTACCCAGTCG_002,18
GGTGATTTGCAAGTGCATGG_001,163
GGTGATTTGCAAGTGCATGG_002,17
GGTGATTTGCAAGTGCATGG_003,4
GGTGATTTGCAAGTGCATGG_004,120
GGTGATTTGCAAGTGCATGG_005,39
GGTGATTTGCAAGTGCATGG_006,105
GGTGATTTGCAAGTGCATGG_007,15
GGTGATTTGCAAGTGCATGG_008,138
GGTGATTTGCAAGTGCATGG_009,56
GGTGATTTGCAAGTGCATGG_010,197
GATGAGAACCATTCATGGGG_001,78
GATGAGAACCATTCATGGGG_002,128
GATGAGAACCATTCATGGGG_003,173
GATGAGAACCATTCATGGGG_004,70
GTGGTATTAAGGTTCCACCC_001,144
AGATGACAGAGTTTCTTCAA_001,8
AGATGACAGAGTTTCTTCAA_002,59
AGATGACAGAGTTTCTTCAA_003,2
AGATGACAGAGTTTCTTCAA_004,172
AGATGGCATATGAATTGTGG_001,50
CCAGCAGCAAGATCATGGCC_001,187
CCAGCAGCAAGATCATGGCC_002,158
CCAGCAGCAAGATCATGGCC_003,117
GCAACAGACAGGCACGTAGC_001,113
GCAACAGACAGGCACGTAGC_002,40
GCAACAGACAGGCACGTAGC_003,83
GCAACAGACAGGCACGTAGC_004,112
GCAACAGACAGGCACGTAGC_005,120
GCAACAGACAGGCACGTAGC_006,67
GCAACAGACAGGCACGTAGC_007,49
GCAACAGACAGGCACGTAGC_008,20
GCAACAGACAGGCACGTAGC_009,59
GCAACAGACAGGCACGTAGC_010,27
GCAACAGACAGGCACGTAGC_011,102
GCAACAGACAGGCACGTAGC_012,61
GCAACAGACAGGCACGTAGC_013,9
GCAACAGACAGGCACGTAGC_014,24
GCAACAGACAGGCACGTAGC_015,168
GCAACAGACAGGCACGTAGC_016,70
GCAACAGACAGGCACGTAGC_017,180
GCAACAGACAGGCACGTAGC_018,94
GCAACAGACAGGCACGTAGC_019,191
GCAACAGACAGGCACGTAGC_020,6
GCAACAGACAGGCACGTAGC_021,1
AGGTATTCTATTGGGTCACT_001,191
AGGTATTCTATTGGGTCACT_002,76
AGGTATTCTATTGGGTCACT_003,127
AGGTATTCTATTGGGTCACT_004,30
AGGTATTCTATTGGGTCACT_005,49
AGGTATTCTATTGGGTCACT_006,58
AGGTATTCTATTGGGTCACT_007,149
AGGTATTCTATTGGGTCACT_008,91
AGGTATTCTATTGGGTCACT_009,178
GCAACAGGAGCAGCAGCCTG_001,143
GCAACAGGAGCAGCAGCCTG_002,58
GCAACAGGAGCAGCAGCCTG_003,116
GCAACAGGAGCAGCAGCCTG_004,60
GCAACAGGAGCAGCAGCCTG_005,185
GCAACAGGAGCAGCAGCCTG_006,94
GCAACAGGAGCAGCAGCCTG_007,162
GCAACAGGAGCAGCAGCCTG_008,155
GGTGCCTTTAGGACCCAAGT_001,187
GGTGCCTTTAGGACCCAAGT_002,31
GGTGCCTTTAGGACCCAAGT_003,34
GGTGCCTTTAGGACCCAAGT_004,62
GGTGCCTTTAGGACCCAAGT_005,149
GGTGCCTTTAGGACCCAAGT_006,49
GGTGCCTTTAGGACCCAAGT_007,57
GGTGCCTTTAGGACCCAAGT_008,3
GGTGCCTTTAGGACCCAAGT_009,84
GGTGCCTTTAGGACCCAAGT_010,83
GGTGCCTTTAGGACCCAAGT_011,110
GGTGCCTTTAGGACCCAAGT_012,44
CAAGATCCAAGAAAGGTCCG_001,178
CAAGATCCAAGAAAGGTCCG_002,161
CAAGATCCAAGAAAGGTCCG_003,76
CAAGATCCAAGAAAGGTCCG_004,29
CAAGATCCAAGAAAGGTCCG_005,43
CAAGATCCAAGAAAGGTCCG_006,16
CAAGATCCAAGAAAGGTCCG_007,60
CAAGATCCAAGAAAGGTCCG_008,41
CAAGATCCAAGAAAGGTCCG_009,161
CAAGATCCAAGAAAGGTCCG_010,197
CAAGATCCAAGAAAGGTCCG_011,75
CAAGATCCAAGAAAGGTCCG_012,40
CAAGATCCAAGAAAGGTCCG_013,40
TGCATCCCTATCGATGTCCA_001,69
TGCATCCCTATCGATGTCCA_002,82
TGCATCCCTATCGATGTCCA_003,179
TTTCCCACCACATACACGAC_001,8
TTTCCCACCACATACACGAC_002,148
TTTCCCACCACATACACGAC_003,188
TTTCCCACCACATACACGAC_004,165
TTTCCCACCACATACACGAC_005,187
TTTCCCACCACATACACGAC_006,34
TTTCCCACCACATACACGAC_007,106
TTTCCCACCACATACACGAC_008,94
GCTCCGGGTTTCCCCGCGCG_001,147
GCTCCGGGTTTCCCCGCGCG_002,93
GCTCCGGGTTTCCCCGCGCG_003,197
GCTCCGGGTTTCCCCGCGCG_004,26
GCTCCGGGTTTCCCCGCGCG_005,194
GCTCCGGGTTTCCCCGCGCG_006,33
GCTCCGGGTTTCCCCGCGCG_007,67
TTTACTTACTGGAAGCACGA_001,116
TTTACTTACTGGAAGCACGA_002,54
TTTACTTACTGGAAGCACGA_003,198
TTTACTTACTGGAAGCACGA_004,50
TTTACTTACTGGAAGCACGA_005,177
ACACAAGAGCGTCCAGTGGT_001,61
ACACAAGAGCGTCCAGTGGT_002,74
GGCAGATTTCCCTTCCAGTG_001,185
GGCAGATTTCCCTTCCAGTG_002,49
GGCAGATTTCCCTTCCAGTG_003,158
GGCAGATTTCCCTTCCAGTG_004,23
GGCAGATTTCCCTTCCAGTG_005,166
GGCAGATTTCCCTTCCAGTG_006,76
GGCAGATTTCCCTTCCAGTG_007,35
GGCAGATTTCCCTTCCAGTG_008,107
CAGGTCCCACACGCTCACGC_001,181
CAGGTCCCACACGCTCACGC_002,102
CAGGTCCCACACGCTCACGC_003,1
CAGGTCCCACACGCTCACGC_004,199
CAGGTCCCACACGCTCACGC_005,199
CAGGTCCCACACGCTCACGC_006,154
CAGGTCCCACACGCTCACGC_007,145
CAGGTCCCACACGCTCACGC_008,48
CAGGTCCCACACGCTCACGC_009,120
CAGGTCCCACACGCTCACGC_010,32
CAGGTCCCACACGCTCACGC_011,70
CAGGTCCCACACGCTCACGC_012,146
CAGGTCCCACACGCTCACGC_013,70
CAGGTCCCACACGCTCACGC_014,70
CAGGTCCCACACGCTCACGC_015,84
CAGGTCCCACACGCTCACGC_016,94
AAGGGACCAGAATGGAACCT_001,199
AAGGGACCAGAATGGAACCT_002,50
AAGGGACCAGAATGGAACCT_003,52
AAGGGACCAGAATGGAACCT_004,172
AAGGGACCAGAATGGAACCT_005,29
AAGGGACCAGAATGGAACCT_006,72
AAGGGACCAGAATGGAACCT_007,144
AAGGGACCAGAATGGAACCT_008,177
AAGGGACCAGAATGGAACCT_009,2
AAGGGACCAGAATGGAACCT_010,184
AAGGGACCAGAATGGAACCT_011,52
AAGGGACCAGAATGGAACCT_012,57
AAGGGACCAGAATGGAACCT_013,4
AAGGGACCAGAATGGAACCT_014,132
AAGGGACCAGAATGGAACCT_015,112
AAGGGACCAGAATGGAACCT_016,88
AAGGGACCAGAATGGAACCT_017,122
AAGGGACCAGAATGGAACCT_018,148
AAGGGACCAGAATGGAACCT_019,189
AAGGGACCAGAATGGAACCT_020,44
AAGGGACCAGAATGGAACCT_021,135
AAGGGACCAGAATGGAACCT_022,18
AAGGGACCAGAATGGAACCT_023,125
AAGGGACCAGAATGGAACCT_024,6
AAGGGACCAGAATGGAACCT_025,20
AAGGGACCAGAATGGAACCT_026,103
AAGGGACCAGAATGGAACCT_027,150
AAGGGACCAGAATGGAACCT_028,0
GGTGGGCATAGTTACTGCTG_001,77
AAGAGTTTCCCCAAGTCAAG_001,159
AAGAGTTTCCCCAAGTCAAG_002,11
AAGAGTTTCCCCAAGTCAAG_003,70
AAGAGTTTCCCCAAGTCAAG_004,110
AAGAGTTTCCCCAAGTCAAG_005,105
AAGAGTTTCCCCAAGTCAAG_006,175
AAGAGTTTCCCCAAGTCAAG_007,63
AAGAGTTTCCCCAAGTCAAG_008,19
AAGAGTTTCCCCAAGTCAAG_009,82
AAGAGTTTCCCCAAGTCAAG_010,139
AAGAGTTTCCCCAAGTCAAG_011,105
AAGAGTTTCCCCAAGTCAAG_012,41
AAGAGTTTCCCCAAGTCAAG_013,193
AAGAGTTTCCCCAAGTCAAG_014,82
TTAACTCGAACGCTCGAAAG_001,95
TTAACTCGAACGCTCGAAAG_002,88
TTAACTCGAACGCTCGAAAG_003,64
TTAACTCGAACGCTCGAAAG_004,88
TTAACTCGAACGCTCGAAAG_005,168
TTAACTCGAACGCTCGAAAG_006,152
TTAACTCGAACGCTCGAAAG_007,182
TTAACTCGAACGCTCGAAAG_008,45
TTAACTCGAACGCTCGAAAG_009,121
TTAACTCGAACGCTCGAAAG_010,41
TTAACTCGAACGCTCGAAAG_011,61
TTAACTCGAACGCTCGAAAG_012,49
TTAACTCGAACGCTCGAAAG_013,29
TTAACTCGAACGCTCGAAAG_014,169
TTAACTCGAACGCTCGAAAG_015,61
TTAACTCGAACGCTCGAAAG_016,147
TTAACTCGAACGCTCGAAAG_017,197
TTAACTCGAACGCTCGAAAG_018,107
TTAACTCGAACGCTCGAAAG_019,2
TTAACTCGAACGCTCGAAAG_020,123
GCTCACAGGCCTCCCCATGT_001,38
GCTCACAGGCCTCCCCATGT_002,27
GCTCACAGGCCTCCCCATGT_003,70
GCTCACAGGCCTCCCCATGT_004,142
GCTCACAGGCCTCCCCATGT_005,127
GCTCACAGGCCTCCCCATGT_006,127
GCTCACAGGCCTCCCCATGT_007,107
GCTCACAGGCCTCCCCATGT_008,105
GCTCACAGGCCTCCCCATGT_009,68
GCTCACAGGCCTCCCCATGT_010,43
GCTCACAGGCCTCCCCATGT_011,147
GCTCACAGGCCTCCCCATGT_012,84
GCTCACAGGCCTCCCCATGT_013,178
GCTCACAGGCCTCCCCATGT_014,112
GCTCACAGGCCTCCCCATGT_015,9
GCTCACAGGCCTCCCCATGT_016,45
GCTCACAGGCCTCCCCATGT_017,82
GCTCACAGGCCTCCCCATGT_018,70
GCTCACAGGCCTCCCCATGT_019,117
GCTCACAGGCCTCCCCATGT_020,164
GCTCACAGGCCTCCCCATGT_021,138
GCTCACAGGCCTCCCCATGT_022,136
GCCAAGCCTACGTCCAAAGT_001,110
GCCAAGCCTACGTCCAAAGT_002,113
GCCAAGCCTACGTCCAAAGT_003,128
GCCAAGCCTACGTCCAAAGT_004,24
GCCAAGCCTACGTCCAAAGT_005,125
TGTTGCGCCAACCAACCCAA_001,121
TGTTGCGCCAACCAACCCAA_002,88
TGTTGCGCCAACCAACCCAA_003,107
TGTTGCGCCAACCAACCCAA_004,18
TGTTGCGCCAACCAACCCAA_005,16
TGTTGCGCCAACCAACCCAA_006,115
TGTTGCGCCAACCAACCCAA_007,148
TGTTGCGCCAACCAACCCAA_008,77
TGTTGCGCCAACCAACCCAA_009,148
TGTTGCGCCAACCAACCCAA_010,147
TGTTGCGCCAACCAACCCAA_011,151
TGTTGCGCCAACCAACCCAA_012,130
TGTTGCGCCAACCAACCCAA_013,100
TGTTGCGCCAACCAACCCAA_014,57
TGTTGCGCCAACCAACCCAA_015,114
TGTTGCGCCAACCAACCCAA_016,136
GTGACAGTGTCCCCAAATAG_001,144
GTGACAGTGTCCCCAAATAG_002,77
GTGACAGTGTCCCCAAATAG_003,183
GTGACAGTGTCCCCAAATAG_004,63
GTGACAGTGTCCCCAAATAG_005,6
GTGACAGTGTCCCCAAATAG_006,33
GTGACAGTGTCCCCAAATAG_007,137
GTGACAGTGTCCCCAAATAG_008,1
GTGACAGTGTCCCCAAATAG_009,85
GTGACAGTGTCCCCAAATAG_010,85
CATGGCCTAATTGCCACCGG_001,88
CATGGCCTAATTGCCACCGG_002,40
CATGGCCTAATTGCCACCGG_003,45
CATGGCCTAATTGCCACCGG_004,63
CATGGCCTAATTGCCACCGG_005,103
CATGGCCTAATTGCCACCGG_006,116
CATGGCCTAATTGCCACCGG_007,17
CATGGCCTAATTGCCACCGG_008,55
CATGGCCTAATTGCCACCGG_009,114
CATGGCCTAATTGCCACCGG_010,196
CATGGCCTAATTGCCACCGG_011,17
CATGGCCTAATTGCCACCGG_012,41
GGTCATAAATCGGGCCACCA_001,49
GGTCATAAATCGGGCCACCA_002,157
GGTCATAAATCGGGCCACCA_003,40
GGTCATAAATCGGGCCACCA_004,121
GGTCATAAATCGGGCCACCA_005,197
GGTCATAAATCGGGCCACCA_006,150
GGTCATAAATCGGGCCACCA_007,137
GGTCATAAATCGGGCCACCA_008,12
GGTCATAAATCGGGCCACCA_009,79
GGTCATAAATCGGGCCACCA_010,66
GGTCATAAATCGGGCCACCA_011,59
GGTCATAAATCGGGCCACCA_012,31
GGTCATAAATCGGGCCACCA_013,193
GGTCATAAATCGGGCCACCA_014,191
GGTCATAAATCGGGCCACCA_015,144
GGTCATAAATCGGGCCACCA_016,144
TGATACAGGATATACATCAC_001,19
TGATACAGGATATACATCAC_002,63
TGATACAGGATATACATCAC_003,171
TGGCGCCTGGTGGACAGCAA_001,68
TGGCGCCTGGTGGACAGCAA_002,160
TGGCGCCTGGTGGACAGCAA_003,174
TGGCGCCTGGTGGACAGCAA_004,2
TGGCGCCTGGTGGACAGCAA_005,107
TGGCGCCTGGTGGACAGCAA_006,150
TGGCGCCTGGTGGACAGCAA_007,144
TGGCGCCTGGTGGACAGCAA_008,10
GTGGATATAATCCCAAATGG_001,9
AGAATGCATCCCCTAAGCAA_001,193
AGAATGCATCCCCTAAGCAA_002,148
AGAATGCATCCCCTAAGCAA_003,32
AGAATGCATCCCCTAAGCAA_004,149
AGAATGCATCCCCTAAGCAA_005,141
AGAATGCATCCCCTAAGCAA_006,137
AGAATGCATCCCCTAAGCAA_007,49
AGAATGCATCCCCTAAGCAA_008,61
AGAATGCATCCCCTAAGCAA_009,39
AGAATGCATCCCCTAAGCAA_010,169
AGAATGCATCCCCTAAGCAA_011,182
TCATCCGGCAGAAACCGTAA_001,184
TCATCCGGCAGAAACCGTAA_002,130
TCATCCGGCAGAAACCGTAA_003,6
TCATCCGGCAGAAACCGTAA_004,147
TCATCCGGCAGAAACCGTAA_005,3
AAGCTTGCTAGGGATTACAG_001,67
AAGCTTGCTAGGGATTACAG_002,169
AAGCTTGCTAGGGATTACAG_003,13
AAGCTTGCTAGGGATTACAG_004,20
AAGCTTGCTAGGGATTACAG_005,186
ACCTCAGCAAGACGCACTAG_001,117
ACCTCAGCAAGACGCACTAG_002,33
ACCTCAGCAAGACGCACTAG_003,139
ACCTCAGCAAGACGCACTAG_004,149
ACCTCAGCAAGACGCACTAG_005,160
ACCTCAGCAAGACGCACTAG_006,144
ACCTCAGCAAGACGCACTAG_007,182
ACCTCAGCAAGACGCACTAG_008,126
ACCTCAGCAAGACGCACTAG_009,197
ACCTCAGCAAGACGCACTAG_010,106
ACCTCAGCAAGACGCACTAG_011,9
CCGCACATGTCGCCCAACCC_001,67
CGAAACCGGCTATTCAACCT_001,74
CGAAACCGGCTATTCAACCT_002,19
CGAAACCGGCTATTCAACCT_003,48
CGAAACCGGCTATTCAACCT_004,55
CGAAACCGGCTATTCAACCT_005,169
CGAAACCGGCTATTCAACCT_006,133
CGAAACCGGCTATTCAACCT_007,32
GGACGAGTTTGTGCCGCGAG_001,153
GGACGAGTTTGTGCCGCGAG_002,91
GGACGAGTTTGTGCCGCGAG_003,85
GGACGAGTTTGTGCCGCGAG_004,172
GGACGAGTTTGTGCCGCGAG_005,51
GGACGAGTTTGTGCCGCGAG_006,105
GGACGAGTTTGTGCCGCGAG_007,181
GGACGAGTTTGTGCCGCGAG_008,157
GGACGAGTTTGTGCCGCGAG_009,171
GGACGAGTTTGTGCCGCGAG_010,169
GGACGAGTTTGTGCCGCGAG_011,159
GGACGAGTTTGTGCCGCGAG_012,199
GGACGAGTTTGTGCCGCGAG_013,160
GGACGAGTTTGTGCCGCGAG_014,30
GGACGAGTTTGTGCCGCGAG_015,2
GGACGAGTTTGTGCCGCGAG_016,16
GGACGAGTTTGTGCCGCGAG_017,16
GGACGAGTTTGTGCCGCGAG_018,1
GGACGAGTTTGTGCCGCGAG_019,185
GGACGAGTTTGTGCCGCGAG_020,43
GGACGAGTTTGTGCCGCGAG_021,0
GGACGAGTTTGTGCCGCGAG_022,23
GGACGAGTTTGTGCCGCGAG_023,188
GGACGAGTTTGTGCCGCGAG_024,52
GGTCGTTGAGGCCAGATGAG_001,169
GGTCGTTGAGGCCAGATGAG_002,45
GGTCGTTGAGGCCAGATGAG_003,58
GGTCGTTGAGGCCAGATGAG_004,87
GGTCGTTGAGGCCAGATGAG_005,74
GGTCGTTGAGGCCAGATGAG_006,5
GGTCGTTGAGGCCAGATGAG_007,121
GGTCGTTGAGGCCAGATGAG_008,150
GGTCGTTGAGGCCAGATGAG_009,151
GGTCGTTGAGGCCAGATGAG_010,15
GGTCGTTGAGGCCAGATGAG_011,132
GGTCGTTGAGGCCAGATGAG_012,141
GGTCGTTGAGGCCAGATGAG_013,48
GGTCGTTGAGGCCAGATGAG_014,17
GGTCGTTGAGGCCAGATGAG_015,34
GGTCGTTGAGGCCAGATGAG_016,188
GGTCGTTGAGGCCAGATGAG_017,119
TGTATGGTTATGGAACCGAG_001,161
TGTATGGTTATGGAACCGAG_002,43
TGTATGGTTATGGAACCGAG_003,135
TGTATGGTTATGGAACCGAG_004,4
TGTATGGTTATGGAACCGAG_005,9
TGTATGGTTATGGAACCGAG_006,116
TGTATGGTTATGGAACCGAG_007,60
TGTATGGTTATGGAACCGAG_008,188
TGTATGGTTATGGAACCGAG_009,80
TGTATGGTTATGGAACCGAG_010,172
TGTATGGTTATGGAACCGAG_011,63
TGTATGGTTATGGAACCGAG_012,94
GCGAGGACATCGAGTTTGGT_001,105
GCGAGGACATCGAGTTTGGT_002,45
GCGAGGACATCGAGTTTGGT_003,43
GCGAGGACATCGAGTTTGGT_004,5
GCGAGGACATCGAGTTTGGT_005,5
GCGAGGACATCGAGTTTGGT_006,108
GCGAGGACATCGAGTTTGGT_007,163
GCGAGGACATCGAGTTTGGT_008,113
GCGAGGACATCGAGTTTGGT_009,60
GCGAGGACATCGAGTTTGGT_010,17
GCGAGGACATCGAGTTTGGT_011,126
GCGAGGACATCGAGTTTGGT_012,161
GCGAGGACATCGAGTTTGGT_013,188
GCGAGGACATCGAGTTTGGT_014,51
ATACATAAGAGGATGCACAT_001,183
ATACATAAGAGGATGCACAT_002,149
ATACATAAGAGGATGCACAT_003,60
ATACATAAGAGGATGCACAT_004,188
ATACATAAGAGGATGCACAT_005,88
ATACATAAGAGGATGCACAT_006,76
ATACATAAGAGGATGCACAT_007,12
ATACATAAGAGGATGCACAT_008,78
ATACATAAGAGGATGCACAT_009,101
ATACATAAGAGGATGCACAT_010,80
ATACATAAGAGGATGCACAT_011,161
ATACATAAGAGGATGCACAT_012,174
ATACATAAGAGGATGCACAT_013,108
ATACATAAGAGGATGCACAT_014,33
ATACATAAGAGGATGCACAT_015,41
ATACATAAGAGGATGCACAT_016,173
ATACATAAGAGGATGCACAT_017,83
ATACATAAGAGGATGCACAT_018,195
ATACATAAGAGGATGCACAT_019,191
ATACATAAGAGGATGCACAT_020,69
ATACATAAGAGGATGCACAT_021,158
ATACATAAGAGGATGCACAT_022,49
ATACATAAGAGGATGCACAT_023,169
ATACATAAGAGGATGCACAT_024,188
ATACATAAGAGGATGCACAT_025,107
ATACATAAGAGGATGCACAT_026,7
ATACATAAGAGGATGCACAT_027,88
ATACATAAGAGGATGCACAT_028,76
ATACATAAGAGGATGCACAT_029,184
ATACATAAGAGGATGCACAT_030,163
ATACATAAGAGGATGCACAT_031,48
ATACATAAGAGGATGCACAT_032,1
ATACATAAGAGGATGCACAT_033,158
ATACATAAGAGGATGCACAT_034,162
ATACATAAGAGGATGCACAT_035,101
ATACATAAGAGGATGCACAT_036,127
ATACATAAGAGGATGCACAT_037,59
ATACATAAGAGGATGCACAT_038,127
ATACATAAGAGGATGCACAT_039,11
ATACATAAGAGGATGCACAT_040,123
ATACATAAGAGGATGCACAT_041,58
ATACATAAGAGGATGCACAT_042,40
GAGGGACACAATTACAACGG_001,163
GAGATAACAGTAATAGCAAG_001,193
GAGATAACAGTAATAGCAAG_002,27
GAGATAACAGTAATAGCAAG_003,188
GAGATAACAGTAATAGCAAG_004,35
GAGATAACAGTAATAGCAAG_005,152
GAGATAACAGTAATAGCAAG_006,188
CCTGTCGCCCGACGACCCGC_001,155
CCTGTCGCCCGACGACCCGC_002,196
CCTGTCGCCCGACGACCCGC_003,182
CCTGTCGCCCGACGACCCGC_004,103
CCTGTCGCCCGACGACCCGC_005,107
CCTGTCGCCCGACGACCCGC_006,95
CCTGTCGCCCGACGACCCGC_007,85
CCTGTCGCCCGACGACCCGC_008,94
CCTGTCGCCCGACGACCCGC_009,31
CCTGTCGCCCGACGACCCGC_010,140
CCTGTCGCCCGACGACCCGC_011,2
GTTCAGTGGAAAGCGACTGG_001,53
GTTCAGTGGAAAGCGACTGG_002,94
GTTCAGTGGAAAGCGACTGG_003,105
GTTCAGTGGAAAGCGACTGG_004,196
GTTCAGTGGAAAGCGACTGG_005,114
GTTCAGTGGAAAGCGACTGG_006,160
GTTCAGTGGAAAGCGACTGG_007,138
GTTCAGTGGAAAGCGACTGG_008,28
GTTCAGTGGAAAGCGACTGG_009,58
GTTCAGTGGAAAGCGACTGG_010,142
CGCACCCGAAAGTCTTCTCG_001,175
GTGTTGGGCCACGAACAGCC_001,146
GTGTTGGGCCACGAACAGCC_002,160
GTGTTGGGCCACGAACAGCC_003,132
ACTACAGGATGAGATGTACG_001,86
ACTACAGGATGAGATGTACG_002,8
ACTACAGGATGAGATGTACG_003,172
ACTACAGGATGAGATGTACG_004,62
AGGTGGACAAACACATTCGG_001,183
AGGTGGACAAACACATTCGG_002,40
AGGTGGACAAACACATTCGG_003,140
AGGTGGACAAACACATTCGG_004,91
AGGTGGACAAACACATTCGG_005,75
AGGTGGACAAACACATTCGG_006,108
AGGTGGACAAACACATTCGG_007,161
AGGTGGACAAACACATTCGG_008,130
AGGTGGACAAACACATTCGG_009,5
AGGTGGACAAACACATTCGG_010,89
AGGTGGACAAACACATTCGG_011,90
AGGTGGACAAACACATTCGG_012,147
AGGTGGACAAACACATTCGG_013,170
AGGTGGACAAACACATTCGG_014,88
AGGTGGACAAACACATTCGG_015,191
AGGTGGACAAACACATTCGG_016,106
TAGAAACTGGAGTCACACAA_001,154
TAGAAACTGGAGTCACACAA_002,166
TAGAAACTGGAGTCACACAA_003,166
TGGAGCCAGTGATGTCTGAG_001,18
TGGAGCCAGTGATGTCTGAG_002,114
TGGAGCCAGTGATGTCTGAG_003,184
TGGAGCCAGTGATGTCTGAG_004,169
TGGAGCCAGTGATGTCTGAG_005,131
TGGAGCCAGTGATGTCTGAG_006,188
TGGAGCCAGTGATGTCTGAG_007,41
TGGAGCCAGTGATGTCTGAG_008,24
TGGAGCCAGTGATGTCTGAG_009,2
TGGAGCCAGTGATGTCTGAG_010,47
TGGAGCCAGTGATGTCTGAG_011,36
TGGAGCCAGTGATGTCTGAG_012,108
TGGAGCCAGTGATGTCTGAG_013,108
TGGGCACGTGAACAACCTCA_001,177
TGGGCACGTGAACAACCTCA_002,41
TGGGCACGTGAACAACCTCA_003,106
TGGGCACGTGAACAACCTCA_004,39
TGGGCACGTGAACAACCTCA_005,9
TGGGCACGTGAACAACCTCA_006,147
TGGGCACGTGAACAACCTCA_007,144
GTTGACCACTGTACAACCAA_001,158
GTTGACCACTGTACAACCAA_002,62
GTTGACCACTGTACAACCAA_003,67
GTTGACCACTGTACAACCAA_004,64
GTTGACCACTGTACAACCAA_005,72
GTTGACCACTGTACAACCAA_006,106
GTTGACCACTGTACAACCAA_007,182
GTTGACCACTGTACAACCAA_008,112
GTTGACCACTGTACAACCAA_009,136
CTTACTGGAGTCTGTCGCTG_001,29
CTTACTGGAGTCTGTCGCTG_002,145
CTTACTGGAGTCTGTCGCTG_003,192
CTTACTGGAGTCTGTCGCTG_004,128
CTTACTGGAGTCTGTCGCTG_005,133
CTTACTGGAGTCTGTCGCTG_006,1
CTTACTGGAGTCTGTCGCTG_007,133
CTTACTGGAGTCTGTCGCTG_008,127
CTTACTGGAGTCTGTCGCTG_009,130
CTTACTGGAGTCTGTCGCTG_010,91
CTTACTGGAGTCTGTCGCTG_011,149
CTTACTGGAGTCTGTCGCTG_012,80
CTTACTGGAGTCTGTCGCTG_013,97
CTTACTGGAGTCTGTCGCTG_014,6
CTTACTGGAGTCTGTCGCTG_015,188
CTTACTGGAGTCTGTCGCTG_016,15
GAAGATTACACGCCTACGGT_001,112
GAAGATTACACGCCTACGGT_002,130
GAAGATTACACGCCTACGGT_003,191
GAAGATTACACGCCTACGGT_004,179
GAAGATTACACGCCTACGGT_005,55
GAAGATTACACGCCTACGGT_006,180
ACTGTTCCATGACAACCAGG_001,174
ACTGTTCCATGACAACCAGG_002,105
ACTGTTCCATGACAACCAGG_003,17
ACTGTTCCATGACAACCAGG_004,199
ACTGTTCCATGACAACCAGG_005,166
ACTGTTCCATGACAACCAGG_006,131
CCCCAGGCCCCGAACGACGA_001,39
CCCCAGGCCCCGAACGACGA_002,84
CCCCAGGCCCCGAACGACGA_003,187
CCCCAGGCCCCGAACGACGA_004,10
CCCCAGGCCCCGAACGACGA_005,157
CCCCAGGCCCCGAACGACGA_006,157
CCCCAGGCCCCGAACGACGA_007,114
CCCCAGGCCCCGAACGACGA_008,29
CCCCAGGCCCCGAACGACGA_009,47
CCCCAGGCCCCGAACGACGA_010,1
CCCCAGGCCCCGAACGACGA_011,166
CCCCAGGCCCCGAACGACGA_012,7
CCCCAGGCCCCGAACGACGA_013,35
CCCCAGGCCCCGAACGACGA_014,177
CCCCAGGCCCCGAACGACGA_015,104
CCCCAGGCCCCGAACGACGA_016,152
CCCCAGGCCCCGAACGACGA_017,172
CCCCAGGCCCCGAACGACGA_018,135
CCCCAGGCCCCGAACGACGA_019,24
GAACATTTATGGACTCATGG_001,177
GAACATTTATGGACTCATGG_002,65
GAACATTTATGGACTCATGG_003,107
GTTTGCCAGATATGCCAGGC_001,12
GTTTGCCAGATATGCCAGGC_002,16
GTTTGCCAGATATGCCAGGC_003,140
GTTTGCCAGATATGCCAGGC_004,18
GTTTGCCAGATATGCCAGGC_005,53
GTTTGCCAGATATGCCAGGC_006,169
GTTTGCCAGATATGCCAGGC_007,112
GTTTGCCAGATATGCCAGGC_008,77
CATCCCCAGCGAAAAGAGTG_001,199
CATCCCCAGCGAAAAGAGTG_002,81
GCCGCGCCGAGAAGACCCGT_001,4
GCCGCGCCGAGAAGACCCGT_002,53
GCCGCGCCGAGAAGACCCGT_003,75
GCCGCGCCGAGAAGACCCGT_004,74
GCCGCGCCGAGAAGACCCGT_005,21
GCCGCGCCGAGAAGACCCGT_006,194
GCCGCGCCGAGAAGACCCGT_007,70
GCCGCGCCGAGAAGACCCGT_008,127
GCCGCGCCGAGAAGACCCGT_009,169
GCCGCGCCGAGAAGACCCGT_010,146
GCCGCGCCGAGAAGACCCGT_011,112
GCCGCGCCGAGAAGACCCGT_012,94
CCATGACGAAATTAGCGCAG_001,90
CCATGACGAAATTAGCGCAG_002,144
GAGAATGTTACTCTGCACTG_001,97
GAGAATGTTACTCTGCACTG_002,149
GAGAATGTTACTCTGCACTG_003,159
GAGAATGTTACTCTGCACTG_004,49
ACGAACGCATCGAGGCACCA_001,48
ACGAACGCATCGAGGCACCA_002,73
ACGAACGCATCGAGGCACCA_003,69
ACGAACGCATCGAGGCACCA_004,84
ACGAACGCATCGAGGCACCA_005,53
GGGCGTGGAGCAATCACTGG_001,185
GGGCGTGGAGCAATCACTGG_002,49
GGGCGTGGAGCAATCACTGG_003,148
GGGCGTGGAGCAATCACTGG_004,62
GGGCGTGGAGCAATCACTGG_005,140
GGGCGTGGAGCAATCACTGG_006,190
GGGCGTGGAGCAATCACTGG_007,94
GGGCGTGGAGCAATCACTGG_008,165
GGGCGTGGAGCAATCACTGG_009,199
GGGCGTGGAGCAATCACTGG_010,76
AACCACACAACAAGCCCAGG_001,78
AACCACACAACAAGCCCAGG_002,126
AACCACACAACAAGCCCAGG_003,53
AACCACACAACAAGCCCAGG_004,42
AACCACACAACAAGCCCAGG_005,198
AACCACACAACAAGCCCAGG_006,126
AACCACACAACAAGCCCAGG_007,34
AACCACACAACAAGCCCAGG_008,191
AACCACACAACAAGCCCAGG_009,20
AACCACACAACAAGCCCAGG_010,69
AACCACACAACAAGCCCAGG_011,144
AACCACACAACAAGCCCAGG_012,40
AACCACACAACAAGCCCAGG_013,11
AACCACACAACAAGCCCAGG_014,6
AACCACACAACAAGCCCAGG_015,50
AACCACACAACAAGCCCAGG_016,158
GGAGCTGGGTTATCCAAGAG_001,137
GGAGCTGGGTTATCCAAGAG_002,191
GGAGCTGGGTTATCCAAGAG_003,94
GGAGCTGGGTTATCCAAGAG_004,29
GGAGCTGGGTTATCCAAGAG_005,27
GGAGCTGGGTTATCCAAGAG_006,120
GGAGCTGGGTTATCCAAGAG_007,170
GGAGCTGGGTTATCCAAGAG_008,108
GGAGCTGGGTTATCCAAGAG_009,38
GGAGCTGGGTTATCCAAGAG_010,191
GGAGCTGGGTTATCCAAGAG_011,166
GGAGCTGGGTTATCCAAGAG_012,182
GGAGCTGGGTTATCCAAGAG_013,147
GGAGCTGGGTTATCCAAGAG_014,19
GGAGCTGGGTTATCCAAGAG_015,10
GGAGCTGGGTTATCCAAGAG_016,94
GGAGCTGGGTTATCCAAGAG_017,98
TGGAGATGCTGCAGCTGGGA_001,198
TGGAGATGCTGCAGCTGGGA_002,48
TGGAGATGCTGCAGCTGGGA_003,77
TGGAGATGCTGCAGCTGGGA_004,44
CTCCTAAAACTCCACAGCCG_001,8
CTCCTAAAACTCCACAGCCG_002,160
CTCCTAAAACTCCACAGCCG_003,44
CTCCTAAAACTCCACAGCCG_004,188
CTCCTAAAACTCCACAGCCG_005,78
CCTCCAAGGTCTGGTACCAC_001,195
CCTCCAAGGTCTGGTACCAC_002,52
CCTCCAAGGTCTGGTACCAC_003,182
CCTCCAAGGTCTGGTACCAC_004,147
CCTCCAAGGTCTGGTACCAC_005,56
CCTCCAAGGTCTGGTACCAC_006,91
CCTCCAAGGTCTGGTACCAC_007,98
CCTCCAAGGTCTGGTACCAC_008,143
CCTCCAAGGTCTGGTACCAC_009,143
CCTCCAAGGTCTGGTACCAC_010,82
CCTCCAAGGTCTGGTACCAC_011,130
CCTCCAAGGTCTGGTACCAC_012,94
CCTCCAAGGTCTGGTACCAC_013,48
CCTCCAAGGTCTGGTACCAC_014,140
CCTCCAAGGTCTGGTACCAC_015,60
CCTCCAAGGTCTGGTACCAC_016,140
CCTCCAAGGTCTGGTACCAC_017,152
AAGTTTCCGAGCAAAGCCAA_001,149
AAGTTTCCGAGCAAAGCCAA_002,199
AAGTTTCCGAGCAAAGCCAA_003,130
AAGTTTCCGAGCAAAGCCAA_004,5
AAGTTTCCGAGCAAAGCCAA_005,119
AAGTTTCCGAGCAAAGCCAA_006,42
AAGTTTCCGAGCAAAGCCAA_007,151
AAGTTTCCGAGCAAAGCCAA_008,183
AAGTTTCCGAGCAAAGCCAA_009,53
AAGTTTCCGAGCAAAGCCAA_010,70
AAGTTTCCGAGCAAAGCCAA_011,61
AAGTTTCCGAGCAAAGCCAA_012,50
GCACTCCTCAAACTATTCAG_001,94
GCACTCCTCAAACTATTCAG_002,78
GCACTCCTCAAACTATTCAG_003,162
GCACTCCTCAAACTATTCAG_004,64
GCACTCCTCAAACTATTCAG_005,98
GCACTCCTCAAACTATTCAG_006,148
GCACTCCTCAAACTATTCAG_007,199
GAGCCGGTTCTGGCGCTCGG_001,138
GAGCCGGTTCTGGCGCTCGG_002,138
GGTTCATCTAAGAACAAGAG_001,2
GGTTCATCTAAGAACAAGAG_002,137
GGTTCATCTAAGAACAAGAG_003,166
GGTTCATCTAAGAACAAGAG_004,96
TCATTTCCTCAGTGTTCAGG_001,17
TCATTTCCTCAGTGTTCAGG_002,17
TCATTTCCTCAGTGTTCAGG_003,184
TCATTTCCTCAGTGTTCAGG_004,78
TCATTTCCTCAGTGTTCAGG_005,7
ATGGGAGAGAAAGGCCTCCG_001,43
ATGGGAGAGAAAGGCCTCCG_002,150
ATGGGAGAGAAAGGCCTCCG_003,140
ATGGGAGAGAAAGGCCTCCG_004,83
ATGGGAGAGAAAGGCCTCCG_005,188
ATGGGAGAGAAAGGCCTCCG_006,49
ATGGGAGAGAAAGGCCTCCG_007,33
TCAGCATGCAGAACCGTGGG_001,24
TCAGCATGCAGAACCGTGGG_002,191
TCAGCATGCAGAACCGTGGG_003,161
TCAGCATGCAGAACCGTGGG_004,158
TCAGCATGCAGAACCGTGGG_005,93
TCAGCATGCAGAACCGTGGG_006,77
TCAGCATGCAGAACCGTGGG_007,64
TCAGCATGCAGAACCGTGGG_008,1
TCAGCATGCAGAACCGTGGG_009,115
TCAGCATGCAGAACCGTGGG_010,94
TCAGCATGCAGAACCGTGGG_011,184
TCAGCATGCAGAACCGTGGG_012,149
TGTGCCGGCAACTTTGTCCA_001,166
TGTGCCGGCAACTTTGTCCA_002,193
TGTGCCGGCAACTTTGTCCA_003,111
TGTGCCGGCAACTTTGTCCA_004,82
TGTGCCGGCAACTTTGTCCA_005,45
TGTGCCGGCAACTTTGTCCA_006,88
TGTGCCGGCAACTTTGTCCA_007,9
AGAACTCAACAAAAATCCAG_001,156
AGAACTCAACAAAAATCCAG_002,22
AGAACTCAACAAAAATCCAG_003,123
AGAACTCAACAAAAATCCAG_004,153
AGAACTCAACAAAAATCCAG_005,188
AGAACTCAACAAAAATCCAG_006,12
AGAACTCAACAAAAATCCAG_007,147
GAAGCCACAAAATCCAAGGA_001,19
GAAGCCACAAAATCCAAGGA_002,194
GAAGCCACAAAATCCAAGGA_003,199
CAACAAGAACTCGTTACGCT_001,171
CAACAAGAACTCGTTACGCT_002,150
CAACAAGAACTCGTTACGCT_003,49
CAACAAGAACTCGTTACGCT_004,126
CAACAAGAACTCGTTACGCT_005,114
GCCCCCAGACCACCTGAACG_001,69
GCCCCCAGACCACCTGAACG_002,41
GCCCCCAGACCACCTGAACG_003,9
GCCCCCAGACCACCTGAACG_004,54
GCCCCCAGACCACCTGAACG_005,197
GCCCCCAGACCACCTGAACG_006,176
GCCCCCAGACCACCTGAACG_007,81
GCCCCCAGACCACCTGAACG_008,172
GCCCCCAGACCACCTGAACG_009,170
GCCCCCAGACCACCTGAACG_010,88
GCCCCCAGACCACCTGAACG_011,120
GCCCCCAGACCACCTGAACG_012,63
GCCCCCAGACCACCTGAACG_013,38
GCCCCCAGACCACCTGAACG_014,29
GCCCCCAGACCACCTGAACG_015,10
GCCCCCAGACCACCTGAACG_016,19
GCCCAGTCTGCAGGATCAGG_001,122
GCCCAGTCTGCAGGATCAGG_002,127
GCCCAGTCTGCAGGATCAGG_003,172
GCCCAGTCTGCAGGATCAGG_004,73
GCCCAGTCTGCAGGATCAGG_005,176
GCCCAGTCTGCAGGATCAGG_006,19
GCCCAGTCTGCAGGATCAGG_007,97
GCCCAGTCTGCAGGATCAGG_008,61
GCCCAGTCTGCAGGATCAGG_009,182
GCCCAGTCTGCAGGATCAGG_010,185
GCCCAGTCTGCAGGATCAGG_011,19
GCCCAGTCTGCAGGATCAGG_012,77
GCCCAGTCTGCAGGATCAGG_013,15
ATCAAAATGCCATATTTACC_001,41
ATCAAAATGCCATATTTACC_002,7
ATCAAAATGCCATATTTACC_003,181
GGGATGGCCCGCCAACCCCA_001,68
GGGATGGCCCGCCAACCCCA_002,166
GGGATGGCCCGCCAACCCCA_003,69
GGGATGGCCCGCCAACCCCA_004,191
GGGATGGCCCGCCAACCCCA_005,41
GGGATGGCCCGCCAACCCCA_006,172
GGGATGGCCCGCCAACCCCA_007,147
GGGATGGCCCGCCAACCCCA_008,144
GGGATGGCCCGCCAACCCCA_009,2
GGGATGGCCCGCCAACCCCA_010,62
GGGATGGCCCGCCAACCCCA_011,99
GGGATGGCCCGCCAACCCCA_012,177
GGGATGGCCCGCCAACCCCA_013,177
GGGATGGCCCGCCAACCCCA_014,138
GGGATGGCCCGCCAACCCCA_015,106
GGGATGGCCCGCCAACCCCA_016,66
GGGATGGCCCGCCAACCCCA_017,10
GGGATGGCCCGCCAACCCCA_018,106
GGGATGGCCCGCCAACCCCA_019,9
GGGATGGCCCGCCAACCCCA_020,66
CTTCTCTTACTGAGTCAATG_001,77
CTTCTCTTACTGAGTCAATG_002,54
CTTCTCTTACTGAGTCAATG_003,120
CTTCTCTTACTGAGTCAATG_004,64
CTTCTCTTACTGAGTCAATG_005,135
CTTCTCTTACTGAGTCAATG_006,55
CTTCTCTTACTGAGTCAATG_007,112
CTTCTCTTACTGAGTCAATG_008,77
CTTCTCTTACTGAGTCAATG_009,153
CTTCTCTTACTGAGTCAATG_010,154
CTTCTCTTACTGAGTCAATG_011,58
CTTCTCTTACTGAGTCAATG_012,74
CTTCTCTTACTGAGTCAATG_013,84
CTTCTCTTACTGAGTCAATG_014,112
CTTCTCTTACTGAGTCAATG_015,102
CTTCTCTTACTGAGTCAATG_016,1
CTTCTCTTACTGAGTCAATG_017,130
CTTCTCTTACTGAGTCAATG_018,28
CTTCTCTTACTGAGTCAATG_019,149
GATAATCCAAATTCCGACCA_001,61
GATAATCCAAATTCCGACCA_002,56
GATAATCCAAATTCCGACCA_003,49
GATAATCCAAATTCCGACCA_004,33
GATAATCCAAATTCCGACCA_005,115
GATAATCCAAATTCCGACCA_006,170
GATAATCCAAATTCCGACCA_007,48
TGCATGGCCTCTCATGGTGT_001,185
TGCATGGCCTCTCATGGTGT_002,159
TTGCCCATCCTGGTGTACAA_001,69
TTGCCCATCCTGGTGTACAA_002,83
TTGCCCATCCTGGTGTACAA_003,82
TTGCCCATCCTGGTGTACAA_004,10
TTGCCCATCCTGGTGTACAA_005,10
TTGCCCATCCTGGTGTACAA_006,177
TTGCCCATCCTGGTGTACAA_007,32
TTGCCCATCCTGGTGTACAA_008,127
TTGCCCATCCTGGTGTACAA_009,105
TTGCCCATCCTGGTGTACAA_010,188
TTGCCCATCCTGGTGTACAA_011,21
TTGCCCATCCTGGTGTACAA_012,51
TTGCCCATCCTGGTGTACAA_013,17
TTGCCCATCCTGGTGTACAA_014,60
TTGCCCATCCTGGTGTACAA_015,60
TTGCCCATCCTGGTGTACAA_016,171
TTGCCCATCCTGGTGTACAA_017,47
TTGCCCATCCTGGTGTACAA_018,169
TTGCCCATCCTGGTGTACAA_019,9
TTGCCCATCCTGGTGTACAA_020,8
TTGCCCATCCTGGTGTACAA_021,77
TTGCCCATCCTGGTGTACAA_022,113
TTGCCCATCCTGGTGTACAA_023,178
TTGCCCATCCTGGTGTACAA_024,79
TTGCCCATCCTGGTGTACAA_025,162
TTGCCCATCCTGGTGTACAA_026,2
TTGCCCATCCTGGTGTACAA_027,50
TTGCCCATCCTGGTGTACAA_028,196
TTGCCCATCCTGGTGTACAA_029,130
TTGCCCATCCTGGTGTACAA_030,17
TTGCCCATCCTGGTGTACAA_031,36
TTGCCCATCCTGGTGTACAA_032,6
TTGCCCATCCTGGTGTACAA_033,116
TTGCCCATCCTGGTGTACAA_034,28
TTGCCCATCCTGGTGTACAA_035,120
TTGCCCATCCTGGTGTACAA_036,142
TTGCCCATCCTGGTGTACAA_037,96
TTGCCCATCCTGGTGTACAA_038,178
TTGCCCATCCTGGTGTACAA_039,161
TTGCCCATCCTGGTGTACAA_040,63
TTGCCCATCCTGGTGTACAA_041,92
CAGCGCCACACCAAAGACGA_001,159
CAGCGCCACACCAAAGACGA_002,50
CAGCGCCACACCAAAGACGA_003,83
CAGCGCCACACCAAAGACGA_004,15
CAGCGCCACACCAAAGACGA_005,115
CAGCGCCACACCAAAGACGA_006,169
CAGCGCCACACCAAAGACGA_007,115
CAGCGCCACACCAAAGACGA_008,187
CAGCGCCACACCAAAGACGA_009,176
CAGCGCCACACCAAAGACGA_010,114
CAGCGCCACACCAAAGACGA_011,28
CAGCGCCACACCAAAGACGA_012,169
CAGCGCCACACCAAAGACGA_013,19
CAGCGCCACACCAAAGACGA_014,51
CAGCGCCACACCAAAGACGA_015,179
CAGCGCCACACCAAAGACGA_016,149
CAGCGCCACACCAAAGACGA_017,198
CAGCGCCACACCAAAGACGA_018,160
CAGCGCCACACCAAAGACGA_019,4
CAGCGCCACACCAAAGACGA_020,70
CAGCGCCACACCAAAGACGA_021,41
CAGCGCCACACCAAAGACGA_022,76
CAGCGCCACACCAAAGACGA_023,158
CAGCGCCACACCAAAGACGA_024,141
CAGCGCCACACCAAAGACGA_025,22
CAGCGCCACACCAAAGACGA_026,199
CAGCGCCACACCAAAGACGA_027,2
CAGCGCCACACCAAAGACGA_028,72
CAGCGCCACACCAAAGACGA_029,193
CAGCGCCACACCAAAGACGA_030,28
CAGCGCCACACCAAAGACGA_031,127
GGCCACCATTGACAAGTACG_001,3
GGCCACCATTGACAAGTACG_002,19
GGCCACCATTGACAAGTACG_003,48
GGCCACCATTGACAAGTACG_004,19
GGCCACCATTGACAAGTACG_005,155
GGCCACCATTGACAAGTACG_006,113
GGCCACCATTGACAAGTACG_007,189
GGCCACCATTGACAAGTACG_008,96
GGCCACCATTGACAAGTACG_009,94
GGCCACCATTGACAAGTACG_010,104
GGCCACCATTGACAAGTACG_011,72
GGCCACCATTGACAAGTACG_012,165
GGCCACCATTGACAAGTACG_013,80
GGCCACCATTGACAAGTACG_014,46
GGCCACCATTGACAAGTACG_015,158
GGCCACCATTGACAAGTACG_016,121
CCACTCGAAACTGGTACCAT_001,159
CCACTCGAAACTGGTACCAT_002,166
CCACTCGAAACTGGTACCAT_003,148
CCACTCGAAACTGGTACCAT_004,117
CCACTCGAAACTGGTACCAT_005,61
CCACTCGAAACTGGTACCAT_006,41
AGTGCAAAATGGTGGATCTG_001,165
AGTGCAAAATGGTGGATCTG_002,27
AGTGCAAAATGGTGGATCTG_003,5
AGTGCAAAATGGTGGATCTG_004,0
AGTGCAAAATGGTGGATCTG_005,53
AGTGCAAAATGGTGGATCTG_006,48
AGTGCAAAATGGTGGATCTG_007,19
AGTGCAAAATGGTGGATCTG_008,47
AGTGCAAAATGGTGGATCTG_009,172
AGTGCAAAATGGTGGATCTG_010,45
AGTGCAAAATGGTGGATCTG_011,60
AGTGCAAAATGGTGGATCTG_012,38
AGTGCAAAATGGTGGATCTG_013,183
ACCCAAAGCGCTAATTCACA_001,134
ACCCAAAGCGCTAATTCACA_002,17
ACCCAAAGCGCTAATTCACA_003,48
ACCCAAAGCGCTAATTCACA_004,182
ACCCAAAGCGCTAATTCACA_005,83
ATGGAGGCATCCAGACACGT_001,164
ATGGAGGCATCCAGACACGT_002,115
ATGGAGGCATCCAGACACGT_003,48
ATGGAGGCATCCAGACACGT_004,48
ATGGAGGCATCCAGACACGT_005,152
ATGGAGGCATCCAGACACGT_006,133
ATGGAGGCATCCAGACACGT_007,162
ATGGAGGCATCCAGACACGT_008,33
ATGGAGGCATCCAGACACGT_009,172
ATGGAGGCATCCAGACACGT_010,94
ATGGAGGCATCCAGACACGT_011,45
ATGGAGGCATCCAGACACGT_012,127
ATGGAGGCATCCAGACACGT_013,1
ATGGAGGCATCCAGACACGT_014,89
ATGGAGGCATCCAGACACGT_015,13
ATGGAGGCATCCAGACACGT_016,28
ATGGAGGCATCCAGACACGT_017,166
AAGCAGAGGAACGGTGACTG_001,171
AAGCAGAGGAACGGTGACTG_002,188
AAGCAGAGGAACGGTGACTG_003,19
AAGCAGAGGAACGGTGACTG_004,128
AAGCAGAGGAACGGTGACTG_005,46
AAGCAGAGGAACGGTGACTG_006,198
AAGCAGAGGAACGGTGACTG_007,44
AAGCAGAGGAACGGTGACTG_008,17
AAGCAGAGGAACGGTGACTG_009,6
AAGCAGAGGAACGGTGACTG_010,145
AAGCAGAGGAACGGTGACTG_011,104
AAGCAGAGGAACGGTGACTG_012,192
AAGCAGAGGAACGGTGACTG_013,101
AAGCAGAGGAACGGTGACTG_014,92
AAGCAGAGGAACGGTGACTG_015,148
AAGCAGAGGAACGGTGACTG_016,91
AAGCAGAGGAACGGTGACTG_017,31
AAGCAGAGGAACGGTGACTG_018,86
AAGCAGAGGAACGGTGACTG_019,82
AAGCAGAGGAACGGTGACTG_020,14
AAGCAGAGGAACGGTGACTG_021,177
AAGCAGAGGAACGGTGACTG_022,154
AAGCAGAGGAACGGTGACTG_023,107
AAGCAGAGGAACGGTGACTG_024,1
AAGCAGAGGAACGGTGACTG_025,94
AAGCAGAGGAACGGTGACTG_026,187
AAGCAGAGGAACGGTGACTG_027,148
AAGCAGAGGAACGGTGACTG_028,192
AAGCAGAGGAACGGTGACTG_029,2
AAGCAGAGGAACGGTGACTG_030,25
AAGCAGAGGAACGGTGACTG_031,45
AAGCAGAGGAACGGTGACTG_032,84
AAGCAGAGGAACGGTGACTG_033,121
AAGCAGAGGAACGGTGACTG_034,61
AAGCAGAGGAACGGTGACTG_035,110
AAGCAGAGGAACGGTGACTG_036,118
AAGCAGAGGAACGGTGACTG_037,13
AAGCAGAGGAACGGTGACTG_038,1
AAGCAGAGGAACGGTGACTG_039,1
AAGCAGAGGAACGGTGACTG_040,45
AAGCAGAGGAACGGTGACTG_041,162
AAGCAGAGGAACGGTGACTG_042,126
AAGCAGAGGAACGGTGACTG_043,147
AAGCAGAGGAACGGTGACTG_044,90
AAGCAGAGGAACGGTGACTG_045,63
AAGCAGAGGAACGGTGACTG_046,39
AAGCAGAGGAACGGTGACTG_047,170
AAGCAGAGGAACGGTGACTG_048,147
AAGCAGAGGAACGGTGACTG_049,142
AAGCAGAGGAACGGTGACTG_050,180
TGGCCCGGTGGACCCTATGA_001,119
TGGCCCGGTGGACCCTATGA_002,94
TGGCCCGGTGGACCCTATGA_003,0
TGGCCCGGTGGACCCTATGA_004,166
CAGCGTCTTAGCACCCAAAG_001,183
CAGCGTCTTAGCACCCAAAG_002,78
CAGCGTCTTAGCACCCAAAG_003,1
CAGCGTCTTAGCACCCAAAG_004,50
CAGCGTCTTAGCACCCAAAG_005,161
CAGCGTCTTAGCACCCAAAG_006,15
CAGCGTCTTAGCACCCAAAG_007,162
CAGCGTCTTAGCACCCAAAG_008,9
CAGCGTCTTAGCACCCAAAG_009,46
GACCAGCACACAAAGCTGGG_001,69
GACCAGCACACAAAGCTGGG_002,2
GACCAGCACACAAAGCTGGG_003,65
GACCAGCACACAAAGCTGGG_004,1
GACCAGCACACAAAGCTGGG_005,168
GACCAGCACACAAAGCTGGG_006,179
AAATTCAGGGATGGTCATCG_001,76
AAATTCAGGGATGGTCATCG_002,168
AAATTCAGGGATGGTCATCG_003,50
AAATTCAGGGATGGTCATCG_004,70
AAATTCAGGGATGGTCATCG_005,17
AAATTCAGGGATGGTCATCG_006,199
AAATTCAGGGATGGTCATCG_007,48
AAATTCAGGGATGGTCATCG_008,88
AAATTCAGGGATGGTCATCG_009,70
AAATTCAGGGATGGTCATCG_010,198
AAATTCAGGGATGGTCATCG_011,106
CTGGCCAAGACATGCCCAAG_001,181
CTGGCCAAGACATGCCCAAG_002,89
CTGGCCAAGACATGCCCAAG_003,82
CTGGCCAAGACATGCCCAAG_004,102
CTGGCCAAGACATGCCCAAG_005,84
CTGGCCAAGACATGCCCAAG_006,48
CTGGCCAAGACATGCCCAAG_007,10
CTGGCCAAGACATGCCCAAG_008,39
CACCGTTAATAGGATAGCGC_001,82
CACCGTTAATAGGATAGCGC_002,85
CAGCTTCGATCATTTGAACA_001,14
CAGCTTCGATCATTTGAACA_002,105
CAGCTTCGATCATTTGAACA_003,62
CAGCTTCGATCATTTGAACA_004,19
CAGCTTCGATCATTTGAACA_005,11
CAGCTTCGATCATTTGAACA_006,63
CAGCTTCGATCATTTGAACA_007,10
CAGCTTCGATCATTTGAACA_008,178
AGGCGAACAAGAATCCGAGG_001,132
AGGCGAACAAGAATCCGAGG_002,95
AGGCGAACAAGAATCCGAGG_003,190
AGGCGAACAAGAATCCGAGG_004,175
AGGCGAACAAGAATCCGAGG_005,116
AGGCGAACAAGAATCCGAGG_006,4
AGGCGAACAAGAATCCGAGG_007,50
AGGCGAACAAGAATCCGAGG_008,140
AGGCGAACAAGAATCCGAGG_009,127
AGGCGAACAAGAATCCGAGG_010,192
AGGCGAACAAGAATCCGAGG_011,162
AGGCGAACAAGAATCCGAGG_012,183
AGGCGAACAAGAATCCGAGG_013,138
AGGCGAACAAGAATCCGAGG_014,114
AGGCGAACAAGAATCCGAGG_015,43
CCACGCCCACCATTATCGAG_001,159
CCACGCCCACCATTATCGAG_002,176
CCACGCCCACCATTATCGAG_003,16
CCACGCCCACCATTATCGAG_004,160
CCACGCCCACCATTATCGAG_005,105
CCACGCCCACCATTATCGAG_006,39
CCACGCCCACCATTATCGAG_007,63
CGATCCCGGGAACCGGGCAA_001,42
CGATCCCGGGAACCGGGCAA_002,15
CGATCCCGGGAACCGGGCAA_003,39
CGATCCCGGGAACCGGGCAA_004,160
CGATCCCGGGAACCGGGCAA_005,46
CGATCCCGGGAACCGGGCAA_006,155
CGTGTACAAGGTGCTAAAGC_001,58
CGTGTACAAGGTGCTAAAGC_002,130
CGTGTACAAGGTGCTAAAGC_003,82
GGGGTTAGTACCTGTAACCG_001,78
GGGGTTAGTACCTGTAACCG_002,158
GGGGTTAGTACCTGTAACCG_003,2
GGGGTTAGTACCTGTAACCG_004,94
GGGGTTAGTACCTGTAACCG_005,12
GGGGTTAGTACCTGTAACCG_006,141
GGGGTTAGTACCTGTAACCG_007,46
GGGGTTAGTACCTGTAACCG_008,115
GGGGTTAGTACCTGTAACCG_009,20
GGGGTTAGTACCTGTAACCG_010,67
GGGGTTAGTACCTGTAACCG_011,188
GGGGTTAGTACCTGTAACCG_012,149
GGGGTTAGTACCTGTAACCG_013,53
GGGGTTAGTACCTGTAACCG_014,182
GGGGTTAGTACCTGTAACCG_015,84
GGGGTTAGTACCTGTAACCG_016,7
GGGGTTAGTACCTGTAACCG_017,92
ATTAGCCGAAATCCCTACTG_001,96
ATTAGCCGAAATCCCTACTG_002,62
ATTAGCCGAAATCCCTACTG_003,141
ATTAGCCGAAATCCCTACTG_004,169
ATTAGCCGAAATCCCTACTG_005,103
ATTAGCCGAAATCCCTACTG_006,48
ATTAGCCGAAATCCCTACTG_007,110
ATTAGCCGAAATCCCTACTG_008,30
ATTAGCCGAAATCCCTACTG_009,160
ATTAGCCGAAATCCCTACTG_010,199
ATTAGCCGAAATCCCTACTG_011,73
ATTAGCCGAAATCCCTACTG_012,77
ATTAGCCGAAATCCCTACTG_013,192
ATTAGCCGAAATCCCTACTG_014,17
ATTAGCCGAAATCCCTACTG_015,144
ATTAGCCGAAATCCCTACTG_016,91
CTCGGCCTTAAAGGAAATGG_001,144
CTAAATGGGGATTTCCGCAA_001,76
CTAAATGGGGATTTCCGCAA_002,2
CTAAATGGGGATTTCCGCAA_003,66
TAAAGCAGACGTTTCCCAAG_001,57
CAAATGTTACAACCCTTGGA_001,183
CAAATGTTACAACCCTTGGA_002,101
CAAATGTTACAACCCTTGGA_003,189
CAAATGTTACAACCCTTGGA_004,52
CAAATGTTACAACCCTTGGA_005,49
GACCATTCACGCCGACAGCG_001,151
GACCATTCACGCCGACAGCG_002,139
GACCATTCACGCCGACAGCG_003,5
GACCATTCACGCCGACAGCG_004,14
GACCATTCACGCCGACAGCG_005,126
GACCATTCACGCCGACAGCG_006,77
GACCATTCACGCCGACAGCG_007,196
GACCATTCACGCCGACAGCG_008,184
GACCATTCACGCCGACAGCG_009,58
GACCATTCACGCCGACAGCG_010,9
GACCATTCACGCCGACAGCG_011,72
GACCATTCACGCCGACAGCG_012,50
GACCATTCACGCCGACAGCG_013,88
GACCATTCACGCCGACAGCG_014,2
GACCATTCACGCCGACAGCG_015,2
GACCATTCACGCCGACAGCG_016,51
GACCATTCACGCCGACAGCG_017,144
GACCATTCACGCCGACAGCG_018,150
CTTGAAACTACAAATGTTGG_001,43
CTTGAAACTACAAATGTTGG_002,121
TGGAATTAGGACAGAAACAA_001,48
TGGAATTAGGACAGAAACAA_002,183
TGGAATTAGGACAGAAACAA_003,17
TGGAATTAGGACAGAAACAA_004,183
TGGAATTAGGACAGAAACAA_005,169
TGGAATTAGGACAGAAACAA_006,81
TGGAATTAGGACAGAAACAA_007,84
TGGAATTAGGACAGAAACAA_008,82
TGGAATTAGGACAGAAACAA_009,138
TGGAATTAGGACAGAAACAA_010,88
TGGAATTAGGACAGAAACAA_011,160
TGGAATTAGGACAGAAACAA_012,105
TGGAATTAGGACAGAAACAA_013,124
TGGAATTAGGACAGAAACAA_014,142
AATGCTCCCTCATACAACTG_001,79
AATGCTCCCTCATACAACTG_002,30
AATGCTCCCTCATACAACTG_003,116
AATGCTCCCTCATACAACTG_004,138
AATGCTCCCTCATACAACTG_005,77
CCAGAAACAGAACTTCTCAT_001,0
CCAGAAACAGAACTTCTCAT_002,60
CCAGAAACAGAACTTCTCAT_003,169
CCAGAAACAGAACTTCTCAT_004,83
CCAGAAACAGAACTTCTCAT_005,88
CCAGAAACAGAACTTCTCAT_006,130
CCAGAAACAGAACTTCTCAT_007,1
CCAGAAACAGAACTTCTCAT_008,5
CCAGAAACAGAACTTCTCAT_009,157
CCAGAAACAGAACTTCTCAT_010,157
TATGGAAAATCGAGTCACAA_001,0
TATGGAAAATCGAGTCACAA_002,188
ATCCATGAGTGTGAATGCCT_001,107
ATCCATGAGTGTGAATGCCT_002,21
ATCCATGAGTGTGAATGCCT_003,28
ATCCATGAGTGTGAATGCCT_004,184
ATCCATGAGTGTGAATGCCT_005,9
ATCCATGAGTGTGAATGCCT_006,34
ATCCATGAGTGTGAATGCCT_007,14
ATCCATGAGTGTGAATGCCT_008,52
ATCCATGAGTGTGAATGCCT_009,147
TTGTCCTGAGTCGCCCAGCG_001,42
TTGTCCTGAGTCGCCCAGCG_002,48
TTGTCCTGAGTCGCCCAGCG_003,8
TTGTCCTGAGTCGCCCAGCG_004,133
TTGTCCTGAGTCGCCCAGCG_005,197
TTGTCCTGAGTCGCCCAGCG_006,19
TTGTCCTGAGTCGCCCAGCG_007,146
TTGTCCTGAGTCGCCCAGCG_008,199
TTGTCCTGAGTCGCCCAGCG_009,96
TTGTCCTGAGTCGCCCAGCG_010,15
TTGTCCTGAGTCGCCCAGCG_011,62
TTGTCCTGAGTCGCCCAGCG_012,95
TTGTCCTGAGTCGCCCAGCG_013,83
TTGTCCTGAGTCGCCCAGCG_014,144
TTGTCCTGAGTCGCCCAGCG_015,144
TTGTCCTGAGTCGCCCAGCG_016,185
TTGTCCTGAGTCGCCCAGCG_017,101
TTGTCCTGAGTCGCCCAGCG_018,50
TTGTCCTGAGTCGCCCAGCG_019,21
TTGTCCTGAGTCGCCCAGCG_020,93
TTGTCCTGAGTCGCCCAGCG_021,93
TTGTCCTGAGTCGCCCAGCG_022,25
TTGTCCTGAGTCGCCCAGCG_023,118
TTGTCCTGAGTCGCCCAGCG_024,124
TTGTCCTGAGTCGCCCAGCG_025,28
TCGGGCAGGAAGAAGGCGAA_001,170
TCGGGCAGGAAGAAGGCGAA_002,166
TCGGGCAGGAAGAAGGCGAA_003,49
TCGGGCAGGAAGAAGGCGAA_004,177
TCGGGCAGGAAGAAGGCGAA_005,93
TCGGGCAGGAAGAAGGCGAA_006,184
TCGGGCAGGAAGAAGGCGAA_007,5
TCGGGCAGGAAGAAGGCGAA_008,115
TCGGGCAGGAAGAAGGCGAA_009,144
TCGGGCAGGAAGAAGGCGAA_010,71
TCGGGCAGGAAGAAGGCGAA_011,155
ACACAAAGAACAAGCACACG_001,102
ACACAAAGAACAAGCACACG_002,147
ACACAAAGAACAAGCACACG_003,60
ACACAAAGAACAAGCACACG_004,17
ACACAAAGAACAAGCACACG_005,52
ACACAAAGAACAAGCACACG_006,35
ACACAAAGAACAAGCACACG_007,177
ACACAAAGAACAAGCACACG_008,70
ACACAAAGAACAAGCACACG_009,156
ACACAAAGAACAAGCACACG_010,1
ACACAAAGAACAAGCACACG_011,75
ACACAAAGAACAAGCACACG_012,169
ACACAAAGAACAAGCACACG_013,96
ACACAAAGAACAAGCACACG_014,94
ACACAAAGAACAAGCACACG_015,15
ACACAAAGAACAAGCACACG_016,160
ACACAAAGAACAAGCACACG_017,160
ACACAAAGAACAAGCACACG_018,157
ACACAAAGAACAAGCACACG_019,120
ACACAAAGAACAAGCACACG_020,127
TGGATGCTGAGACATATACT_001,140
TGGATGCTGAGACATATACT_002,2
TGGATGCTGAGACATATACT_003,19
TGGATGCTGAGACATATACT_004,52
TGGATGCTGAGACATATACT_005,170
TGCAGCTGAGTGATTTGTCA_001,106
TGCAGCTGAGTGATTTGTCA_002,150
TGCAGCTGAGTGATTTGTCA_003,42
TGCAGCTGAGTGATTTGTCA_004,64
TGCAGCTGAGTGATTTGTCA_005,160
TGCAGCTGAGTGATTTGTCA_006,82
TGCAGCTGAGTGATTTGTCA_007,174
TGCAGCTGAGTGATTTGTCA_008,75
TGCAGCTGAGTGATTTGTCA_009,98
TGCAGCTGAGTGATTTGTCA_010,190
TGCAGCTGAGTGATTTGTCA_011,110
TGCAGCTGAGTGATTTGTCA_012,61
TGCAGCTGAGTGATTTGTCA_013,195
TGCAGCTGAGTGATTTGTCA_014,30
TGCAGCTGAGTGATTTGTCA_015,172
TGCAGCTGAGTGATTTGTCA_016,0
CTTTGGGGACTAGCGATCCT_001,48
CTTTGGGGACTAGCGATCCT_002,199
CTTTGGGGACTAGCGATCCT_003,82
CTTTGGGGACTAGCGATCCT_004,124
CTTTGGGGACTAGCGATCCT_005,161
CGGAGGCGTTGACCCCCTCG_001,85
GAGGCGCGCATCTCACCCAG_001,47
GAGGCGCGCATCTCACCCAG_002,56
GAGGCGCGCATCTCACCCAG_003,15
GAGGCGCGCATCTCACCCAG_004,98
GAGGCGCGCATCTCACCCAG_005,107
TATATACCTCCATAAAACAA_001,78
TATATACCTCCATAAAACAA_002,137
CCTGAGACAGCGCCTCGAAG_001,178
CCTGAGACAGCGCCTCGAAG_002,80
CCTGAGACAGCGCCTCGAAG_003,24
CCTGAGACAGCGCCTCGAAG_004,53
CCTGAGACAGCGCCTCGAAG_005,117
CCTGAGACAGCGCCTCGAAG_006,4
CCTGAGACAGCGCCTCGAAG_007,3
CCTGAGACAGCGCCTCGAAG_008,113
CCTGAGACAGCGCCTCGAAG_009,65
CCTGAGACAGCGCCTCGAAG_010,67
CCTGAGACAGCGCCTCGAAG_011,91
CCTGAGACAGCGCCTCGAAG_012,6
CCTGAGACAGCGCCTCGAAG_013,37
CCTGAGACAGCGCCTCGAAG_014,127
TGTTCAAGAGAGACATCCAA_001,8
TGTTCAAGAGAGACATCCAA_002,160
CAGTGACTACAGTATTGCCA_001,68
CAGTGACTACAGTATTGCCA_002,192
CAGTGACTACAGTATTGCCA_003,150
CAGTGACTACAGTATTGCCA_004,188
CAGTGACTACAGTATTGCCA_005,27
CAGTGACTACAGTATTGCCA_006,90
TACTTTCCCTTCCCAGCACC_001,195
TACTTTCCCTTCCCAGCACC_002,15
TACTTTCCCTTCCCAGCACC_003,92
TACTTTCCCTTCCCAGCACC_004,176
CCTTTAGGGTAAGCCTACAG_001,199
CCTTTAGGGTAAGCCTACAG_002,103
AACGAACTGCCATGTAAACA_001,0
AACGAACTGCCATGTAAACA_002,10
AACGAACTGCCATGTAAACA_003,99
ACTGTTTCAAAACCTCGATG_001,163
ACTGTTTCAAAACCTCGATG_002,25
ACTGTTTCAAAACCTCGATG_003,144
ACTGTTTCAAAACCTCGATG_004,50
ACTGTTTCAAAACCTCGATG_005,75
ACTGTTTCAAAACCTCGATG_006,150
ACTGTTTCAAAACCTCGATG_007,73
ACTGTTTCAAAACCTCGATG_008,150
ACTGTTTCAAAACCTCGATG_009,94
ACTGTTTCAAAACCTCGATG_010,2
ACTGTTTCAAAACCTCGATG_011,1
ACTGTTTCAAAACCTCGATG_012,169
ACTGTTTCAAAACCTCGATG_013,157
ACTGTTTCAAAACCTCGATG_014,72
ACTGTTTCAAAACCTCGATG_015,58
ACTGTTTCAAAACCTCGATG_016,58
ACTGTTTCAAAACCTCGATG_017,18
ACTGTTTCAAAACCTCGATG_018,22
ACTGTTTCAAAACCTCGATG_019,4
ACTGTTTCAAAACCTCGATG_020,165
ACTGTTTCAAAACCTCGATG_021,184
AGAGCTTGCTTATGATGCAG_001,14
AGAGCTTGCTTATGATGCAG_002,88
AGAGCTTGCTTATGATGCAG_003,20
AGAGCTTGCTTATGATGCAG_004,31
AGAGCTTGCTTATGATGCAG_005,198
AGAGCTTGCTTATGATGCAG_006,96
AGAGCTTGCTTATGATGCAG_007,104
CAAGTCCTGTGCATCATCAG_001,18
CAAGTCCTGTGCATCATCAG_002,125
CAAGTCCTGTGCATCATCAG_003,63
CAAGTCCTGTGCATCATCAG_004,115
CAAGTCCTGTGCATCATCAG_005,26
CAAGTCCTGTGCATCATCAG_006,1
CAAGTCCTGTGCATCATCAG_007,144
CAAGTCCTGTGCATCATCAG_008,103
CAAGTCCTGTGCATCATCAG_009,19
CAAGTCCTGTGCATCATCAG_010,150
CAAGTCCTGTGCATCATCAG_011,185
CAAGTCCTGTGCATCATCAG_012,141
CAAGTCCTGTGCATCATCAG_013,67
CAAGTCCTGTGCATCATCAG_014,44
CAAGTCCTGTGCATCATCAG_015,143
CAAGTCCTGTGCATCATCAG_016,174
CAAGTCCTGTGCATCATCAG_017,182
CAAGTCCTGTGCATCATCAG_018,62
CAAGTCCTGTGCATCATCAG_019,147
CAAGTCCTGTGCATCATCAG_020,169
CAAGTCCTGTGCATCATCAG_021,73
CAAGTCCTGTGCATCATCAG_022,174
CAAGTCCTGTGCATCATCAG_023,141
CAAGTCCTGTGCATCATCAG_024,6
CAAGTCCTGTGCATCATCAG_025,79
CAAGTCCTGTGCATCATCAG_026,19
CAAGTCCTGTGCATCATCAG_027,18
CAAGTCCTGTGCATCATCAG_028,191
GTAACGAGAATTGTCTGGGA_001,41
GTAACGAGAATTGTCTGGGA_002,30
GTAACGAGAATTGTCTGGGA_003,158
GTAACGAGAATTGTCTGGGA_004,18
GTAACGAGAATTGTCTGGGA_005,170
GTAACGAGAATTGTCTGGGA_006,162
GTAACGAGAATTGTCTGGGA_007,102
GTAACGAGAATTGTCTGGGA_008,67
GTAACGAGAATTGTCTGGGA_009,173
GTAACGAGAATTGTCTGGGA_010,77
GTAACGAGAATTGTCTGGGA_011,141
GTAACGAGAATTGTCTGGGA_012,78
GTAACGAGAATTGTCTGGGA_013,19
GTAACGAGAATTGTCTGGGA_014,15
GTAACGAGAATTGTCTGGGA_015,10
GTAACGAGAATTGTCTGGGA_016,27
ATGCAGGACCTGGCAGAGTG_001,169
ATGCAGGACCTGGCAGAGTG_002,159
ATGCAGGACCTGGCAGAGTG_003,60
ATGCAGGACCTGGCAGAGTG_004,48
ATGCAGGACCTGGCAGAGTG_005,41
ATGCAGGACCTGGCAGAGTG_006,24
ATGCAGGACCTGGCAGAGTG_007,119
ATGCAGGACCTGGCAGAGTG_008,108
ATGCAGGACCTGGCAGAGTG_009,142
ATGCAGGACCTGGCAGAGTG_010,43
ATGCAGGACCTGGCAGAGTG_011,8
ATGCAGGACCTGGCAGAGTG_012,85
ATGCAGGACCTGGCAGAGTG_013,96
ATGCAGGACCTGGCAGAGTG_014,165
ATGCAGGACCTGGCAGAGTG_015,20
ATGCAGGACCTGGCAGAGTG_016,174
ATGCAGGACCTGGCAGAGTG_017,71
ATGCAGGACCTGGCAGAGTG_018,65
ATGCAGGACCTGGCAGAGTG_019,150
ATGCAGGACCTGGCAGAGTG_020,187
ATGCAGGACCTGGCAGAGTG_021,142
ATGCAGGACCTGGCAGAGTG_022,55
ATGCAGGACCTGGCAGAGTG_023,194
ATGCAGGACCTGGCAGAGTG_024,199
ATGCAGGACCTGGCAGAGTG_025,17
ATGCAGGACCTGGCAGAGTG_026,199
ATGCAGGACCTGGCAGAGTG_027,80
ATGCAGGACCTGGCAGAGTG_028,112
ATGCAGGACCTGGCAGAGTG_029,162
ATGCAGGACCTGGCAGAGTG_030,17
ATGCAGGACCTGGCAGAGTG_031,68
ATGCAGGACCTGGCAGAGTG_032,64
ATGCAGGACCTGGCAGAGTG_033,160
ATGCAGGACCTGGCAGAGTG_034,191
ATGCAGGACCTGGCAGAGTG_035,78
ATGCAGGACCTGGCAGAGTG_036,14
ATGCAGGACCTGGCAGAGTG_037,158
ATGCAGGACCTGGCAGAGTG_038,185
ATGCAGGACCTGGCAGAGTG_039,94
ATGCAGGACCTGGCAGAGTG_040,33
ATGCAGGACCTGGCAGAGTG_041,57
ATGCAGGACCTGGCAGAGTG_042,94
ATGCAGGACCTGGCAGAGTG_043,99
ATGCAGGACCTGGCAGAGTG_044,118
ATGCAGGACCTGGCAGAGTG_045,69
ATGCAGGACCTGGCAGAGTG_046,68
GGCACTCACGGGGCGCACTG_001,24
GGCACTCACGGGGCGCACTG_002,48
GGCACTCACGGGGCGCACTG_003,43
GGCACTCACGGGGCGCACTG_004,98
GGCACTCACGGGGCGCACTG_005,186
GGCACTCACGGGGCGCACTG_006,48
GGCACTCACGGGGCGCACTG_007,48
GGCACTCACGGGGCGCACTG_008,102
GGCACTCACGGGGCGCACTG_009,199
GGCACTCACGGGGCGCACTG_010,191
GGCACTCACGGGGCGCACTG_011,165
GGCACTCACGGGGCGCACTG_012,63
GGCACTCACGGGGCGCACTG_013,69
GGCACTCACGGGGCGCACTG_014,8
GGCACTCACGGGGCGCACTG_015,174
GGCACTCACGGGGCGCACTG_016,48
GGCACTCACGGGGCGCACTG_017,192
GGCACTCACGGGGCGCACTG_018,112
GGCACTCACGGGGCGCACTG_019,182
GGCACTCACGGGGCGCACTG_020,73
GGCACTCACGGGGCGCACTG_021,21
GGCACTCACGGGGCGCACTG_022,141
GGCACTCACGGGGCGCACTG_023,62
GGCACTCACGGGGCGCACTG_024,148
GGCACTCACGGGGCGCACTG_025,49
GGCACTCACGGGGCGCACTG_026,149
GGCACTCACGGGGCGCACTG_027,83
GGCACTCACGGGGCGCACTG_028,98
GGCACTCACGGGGCGCACTG_029,162
GGCACTCACGGGGCGCACTG_030,168
GGCACTCACGGGGCGCACTG_031,199
GGCACTCACGGGGCGCACTG_032,177
GGCACTCACGGGGCGCACTG_033,94
GGCACTCACGGGGCGCACTG_034,175
GGCACTCACGGGGCGCACTG_035,62
GGCACTCACGGGGCGCACTG_036,157
GGCACTCACGGGGCGCACTG_037,16
GGCACTCACGGGGCGCACTG_038,2
GGCACTCACGGGGCGCACTG_039,177
GGCACTCACGGGGCGCACTG_040,188
GGCACTCACGGGGCGCACTG_041,116
GGCACTCACGGGGCGCACTG_042,188
GGCACTCACGGGGCGCACTG_043,76
GGCACTCACGGGGCGCACTG_044,15
GGCACTCACGGGGCGCACTG_045,82
GGCACTCACGGGGCGCACTG_046,2
GGCACTCACGGGGCGCACTG_047,76
GGCACTCACGGGGCGCACTG_048,162
GGCACTCACGGGGCGCACTG_049,60
GGCACTCACGGGGCGCACTG_050,68
GGCACTCACGGGGCGCACTG_051,148
GGCACTCACGGGGCGCACTG_052,188
GGCACTCACGGGGCGCACTG_053,120
GGCACTCACGGGGCGCACTG_054,149
GGCACTCACGGGGCGCACTG_055,104
GGCACTCACGGGGCGCACTG_056,45
GGCACTCACGGGGCGCACTG_057,7
GGCACTCACGGGGCGCACTG_058,9
GGCACTCACGGGGCGCACTG_059,28
GGCACTCACGGGGCGCACTG_060,15
GGCACTCACGGGGCGCACTG_061,198
GGCACTCACGGGGCGCACTG_062,160
GGCACTCACGGGGCGCACTG_063,190
GGCACTCACGGGGCGCACTG_064,65
GGCACTCACGGGGCGCACTG_065,79
GGCACTCACGGGGCGCACTG_066,77
GGCACTCACGGGGCGCACTG_067,135
GGCACTCACGGGGCGCACTG_068,100
GGCACTCACGGGGCGCACTG_069,162
GGCACTCACGGGGCGCACTG_070,196
GGCACTCACGGGGCGCACTG_071,138
GGCACTCACGGGGCGCACTG_072,49
GGCACTCACGGGGCGCACTG_073,45
GGCACTCACGGGGCGCACTG_074,106
GGCACTCACGGGGCGCACTG_075,162
GGCACTCACGGGGCGCACTG_076,63
GGCACTCACGGGGCGCACTG_077,18
GAATAGCAATGGTGTGACGC_001,182
GAATAGCAATGGTGTGACGC_002,114
GAATAGCAATGGTGTGACGC_003,166
GAATAGCAATGGTGTGACGC_004,27
GAATAGCAATGGTGTGACGC_005,157
GAATAGCAATGGTGTGACGC_006,48
GAATAGCAATGGTGTGACGC_007,198
GAATAGCAATGGTGTGACGC_008,38
GAATAGCAATGGTGTGACGC_009,150
GAATAGCAATGGTGTGACGC_010,129
GAATAGCAATGGTGTGACGC_011,94
GAATAGCAATGGTGTGACGC_012,140
GAATAGCAATGGTGTGACGC_013,195
GAATAGCAATGGTGTGACGC_014,20
GAATAGCAATGGTGTGACGC_015,28
CATGTGGAGACCCATGAGCA_001,177
CATGTGGAGACCCATGAGCA_002,78
CATGTGGAGACCCATGAGCA_003,4
CATGTGGAGACCCATGAGCA_004,152
CATGTGGAGACCCATGAGCA_005,78
CATGTGGAGACCCATGAGCA_006,133
CATGTGGAGACCCATGAGCA_007,78
CATGTGGAGACCCATGAGCA_008,69
CATGTGGAGACCCATGAGCA_009,55
CATGTGGAGACCCATGAGCA_010,176
CATGTGGAGACCCATGAGCA_011,21
CATGTGGAGACCCATGAGCA_012,58
CATGTGGAGACCCATGAGCA_013,69
CATGTGGAGACCCATGAGCA_014,148
CATGTGGAGACCCATGAGCA_015,74
CATGTGGAGACCCATGAGCA_016,8
CATGTGGAGACCCATGAGCA_017,135
CATGTGGAGACCCATGAGCA_018,38
CATGTGGAGACCCATGAGCA_019,119
CATGTGGAGACCCATGAGCA_020,19
CATGTGGAGACCCATGAGCA_021,149
CATGTGGAGACCCATGAGCA_022,196
CATGTGGAGACCCATGAGCA_023,28
CATGTGGAGACCCATGAGCA_024,148
CATGTGGAGACCCATGAGCA_025,69
GTGAATGTGGAAGATGCTGG_001,199
GTGAATGTGGAAGATGCTGG_002,41
GTGAATGTGGAAGATGCTGG_003,110
GTGAATGTGGAAGATGCTGG_004,170
GTGAATGTGGAAGATGCTGG_005,134
GTGAATGTGGAAGATGCTGG_006,177
TCGGAGTTAGCAAAGCCAGG_001,129
TCGGAGTTAGCAAAGCCAGG_002,16
TCGGAGTTAGCAAAGCCAGG_003,16
TCGGAGTTAGCAAAGCCAGG_004,184
TCGGAGTTAGCAAAGCCAGG_005,130
TCGGAGTTAGCAAAGCCAGG_006,94
TCGGAGTTAGCAAAGCCAGG_007,82
TTGGAGTTCCATGCTCAAGA_001,127
TTGGAGTTCCATGCTCAAGA_002,172
TTGGAGTTCCATGCTCAAGA_003,149
TTGGAGTTCCATGCTCAAGA_004,108
TTGGAGTTCCATGCTCAAGA_005,63
TTGGAGTTCCATGCTCAAGA_006,49
GAACCAGAAGACCTCATCGA_001,97
GAACCAGAAGACCTCATCGA_002,61
GAACCAGAAGACCTCATCGA_003,49
GAACCAGAAGACCTCATCGA_004,61
GAACCAGAAGACCTCATCGA_005,150
GAACCAGAAGACCTCATCGA_006,98
GAACCAGAAGACCTCATCGA_007,34
GAACCAGAAGACCTCATCGA_008,26
GAACCAGAAGACCTCATCGA_009,140
GAACCAGAAGACCTCATCGA_010,120
GAACCAGAAGACCTCATCGA_011,176
GAACCAGAAGACCTCATCGA_012,127
GAACCAGAAGACCTCATCGA_013,60
GAACCAGAAGACCTCATCGA_014,144
GAACCAGAAGACCTCATCGA_015,77
GAACCAGAAGACCTCATCGA_016,144
TGAATTGAGCACTATATCAG_001,172
TGAATTGAGCACTATATCAG_002,13
TGAATTGAGCACTATATCAG_003,27
TGAATTGAGCACTATATCAG_004,56
AAAGACTTGCTCCAAAACAC_001,178
AAAGACTTGCTCCAAAACAC_002,161
AAAGACTTGCTCCAAAACAC_003,144
AAAGACTTGCTCCAAAACAC_004,19
GGTCCGTGCGGAGCACCCCG_001,88
GGTCCGTGCGGAGCACCCCG_002,72
GGTCCGTGCGGAGCACCCCG_003,129
GGTCCGTGCGGAGCACCCCG_004,106
GGTCCGTGCGGAGCACCCCG_005,42
ATGGACCCCTGGCTTGTGTG_001,17
ATGGACCCCTGGCTTGTGTG_002,29
ATGGACCCCTGGCTTGTGTG_003,147
ATGGACCCCTGGCTTGTGTG_004,53
ATGGACCCCTGGCTTGTGTG_005,26
ATGGACCCCTGGCTTGTGTG_006,32
ATGGACCCCTGGCTTGTGTG_007,109
ATGGACCCCTGGCTTGTGTG_008,55
ATGGACCCCTGGCTTGTGTG_009,55
ATGGACCCCTGGCTTGTGTG_010,184
ATGGACCCCTGGCTTGTGTG_011,2
ATGGACCCCTGGCTTGTGTG_012,111
ATGGACCCCTGGCTTGTGTG_013,140
ATGGACCCCTGGCTTGTGTG_014,154
ATGGACCCCTGGCTTGTGTG_015,28
ATGGACCCCTGGCTTGTGTG_016,16
ATGGACCCCTGGCTTGTGTG_017,21
ATGGACCCCTGGCTTGTGTG_018,122
ATGGACCCCTGGCTTGTGTG_019,43
ATGGACCCCTGGCTTGTGTG_020,57
ATGGACCCCTGGCTTGTGTG_021,198
ATGGACCCCTGGCTTGTGTG_022,127
ATGGACCCCTGGCTTGTGTG_023,183
ATGGACCCCTGGCTTGTGTG_024,27
ATGGACCCCTGGCTTGTGTG_025,102
ATGGACCCCTGGCTTGTGTG_026,191
ATGGACCCCTGGCTTGTGTG_027,152
ATGGACCCCTGGCTTGTGTG_028,11
ATGGACCCCTGGCTTGTGTG_029,55
ATGGACCCCTGGCTTGTGTG_030,165
ATGGACCCCTGGCTTGTGTG_031,137
ATGGACCCCTGGCTTGTGTG_032,121
ATGGACCCCTGGCTTGTGTG_033,50
ATGGACCCCTGGCTTGTGTG_034,107
ATGGACCCCTGGCTTGTGTG_035,77
ATGGACCCCTGGCTTGTGTG_036,103
ATGGACCCCTGGCTTGTGTG_037,69
ATGGACCCCTGGCTTGTGTG_038,168
ATGGACCCCTGGCTTGTGTG_039,48
ATGGACCCCTGGCTTGTGTG_040,105
ATGGACCCCTGGCTTGTGTG_041,29
ATGGACCCCTGGCTTGTGTG_042,76
ATGGACCCCTGGCTTGTGTG_043,76
ATGGACCCCTGGCTTGTGTG_044,1
ATGGACCCCTGGCTTGTGTG_045,196
ATGGACCCCTGGCTTGTGTG_046,119
ATGGACCCCTGGCTTGTGTG_047,19
ATGGACCCCTGGCTTGTGTG_048,93
ATGGACCCCTGGCTTGTGTG_049,48
ATGGACCCCTGGCTTGTGTG_050,62
ATGGACCCCTGGCTTGTGTG_051,147
ATGGACCCCTGGCTTGTGTG_052,48
ATGGACCCCTGGCTTGTGTG_053,135
ATGGACCCCTGGCTTGTGTG_054,110
ATGGACCCCTGGCTTGTGTG_055,98
ATGGACCCCTGGCTTGTGTG_056,58
ATGGACCCCTGGCTTGTGTG_057,8
ATGGACCCCTGGCTTGTGTG_058,39
ATGGACCCCTGGCTTGTGTG_059,78
ATGGACCCCTGGCTTGTGTG_060,180
ATGGACCCCTGGCTTGTGTG_061,165
ATGGACCCCTGGCTTGTGTG_062,82
ATGGACCCCTGGCTTGTGTG_063,90
AGCGCACCGTGATGTTCACG_001,51
AGCGCACCGTGATGTTCACG_002,122
AGCGCACCGTGATGTTCACG_003,6
AGCGCACCGTGATGTTCACG_004,175
AGCGCACCGTGATGTTCACG_005,181
AGCGCACCGTGATGTTCACG_006,150
AGCGCACCGTGATGTTCACG_007,43
AGCGCACCGTGATGTTCACG_008,21
AGCGCACCGTGATGTTCACG_009,87
AGCGCACCGTGATGTTCACG_010,87
AGCGCACCGTGATGTTCACG_011,74
AGCGCACCGTGATGTTCACG_012,31
AGCGCACCGTGATGTTCACG_013,76
AGCGCACCGTGATGTTCACG_014,174
AGCGCACCGTGATGTTCACG_015,137
AGCGCACCGTGATGTTCACG_016,130
AGCGCACCGTGATGTTCACG_017,199
AGCGCACCGTGATGTTCACG_018,48
CTGTGCCAGACATTCAGCAT_001,19
CTGTGCCAGACATTCAGCAT_002,58
CTGTGCCAGACATTCAGCAT_003,137
CTGTGCCAGACATTCAGCAT_004,77
CTGTGCCAGACATTCAGCAT_005,163
CTGTGCCAGACATTCAGCAT_006,70
CTGTGCCAGACATTCAGCAT_007,117
CTGTGCCAGACATTCAGCAT_008,8
CTGTGCCAGACATTCAGCAT_009,163
CTGTGCCAGACATTCAGCAT_010,8
CTGTGCCAGACATTCAGCAT_011,91
CTGTGCCAGACATTCAGCAT_012,117
CTGTGCCAGACATTCAGCAT_013,82
CTGTGCCAGACATTCAGCAT_014,160
CTGTGCCAGACATTCAGCAT_015,63
AGAAGTAATGAGGTGCTACG_001,72
AGAAGTAATGAGGTGCTACG_002,92
AGAAGTAATGAGGTGCTACG_003,185
AGAAGTAATGAGGTGCTACG_004,146
AGAAGTAATGAGGTGCTACG_005,61
AGAAGTAATGAGGTGCTACG_006,179
AGAAGTAATGAGGTGCTACG_007,78
AGAAGTAATGAGGTGCTACG_008,88
AGCTGAGGGCTGTCTCAGGA_001,116
AGCTGAGGGCTGTCTCAGGA_002,40
AGCTGAGGGCTGTCTCAGGA_003,119
AGCTGAGGGCTGTCTCAGGA_004,127
AGCTGAGGGCTGTCTCAGGA_005,67
AGCTGAGGGCTGTCTCAGGA_006,145
AGCTGAGGGCTGTCTCAGGA_007,121
AGCTGAGGGCTGTCTCAGGA_008,40
AGCTGAGGGCTGTCTCAGGA_009,49
GCATGTATTCCGTAAGCGAG_001,183
GCATGTATTCCGTAAGCGAG_002,162
GCATGTATTCCGTAAGCGAG_003,159
GCATGTATTCCGTAAGCGAG_004,145
GCATGTATTCCGTAAGCGAG_005,147
GCATGTATTCCGTAAGCGAG_006,137
GCATGTATTCCGTAAGCGAG_007,5
GCATGTATTCCGTAAGCGAG_008,53
GCATGTATTCCGTAAGCGAG_009,4
GCATGTATTCCGTAAGCGAG_010,124
GCATGTATTCCGTAAGCGAG_011,12
GCCGACTCAGCGCCTCGCGG_001,115
GCCGACTCAGCGCCTCGCGG_002,193
GCCGACTCAGCGCCTCGCGG_003,172
GCCGACTCAGCGCCTCGCGG_004,168
GCCGACTCAGCGCCTCGCGG_005,198
GCCGACTCAGCGCCTCGCGG_006,172
GCCGACTCAGCGCCTCGCGG_007,46
GCCGACTCAGCGCCTCGCGG_008,118
GCCGACTCAGCGCCTCGCGG_009,131
CTGGAATCTGGACGTCCCAA_001,48
CTGGAATCTGGACGTCCCAA_002,1
CTGGAATCTGGACGTCCCAA_003,184
CTGGAATCTGGACGTCCCAA_004,11
ATTTGACCGATACAAAATGG_001,156
ATTTGACCGATACAAAATGG_002,133
ATTTGACCGATACAAAATGG_003,162
ATTTGACCGATACAAAATGG_004,8
ATTTGACCGATACAAAATGG_005,80
ATTTGACCGATACAAAATGG_006,161
ATTTGACCGATACAAAATGG_007,74
TCATCAACAACGGCTCCCGG_001,98
TCATCAACAACGGCTCCCGG_002,12
TCATCAACAACGGCTCCCGG_003,169
TCATCAACAACGGCTCCCGG_004,136
TCATCAACAACGGCTCCCGG_005,198
TCATCAACAACGGCTCCCGG_006,35
TCATCAACAACGGCTCCCGG_007,197
TCATCAACAACGGCTCCCGG_008,116
TCATCAACAACGGCTCCCGG_009,38
TCATCAACAACGGCTCCCGG_010,159
TCATCAACAACGGCTCCCGG_011,182
TCATCAACAACGGCTCCCGG_012,131
TCATCAACAACGGCTCCCGG_013,138
TCATCAACAACGGCTCCCGG_014,5
TCATCAACAACGGCTCCCGG_015,6
GCAGCCATGCGGTAATACCT_001,92
GCAGCCATGCGGTAATACCT_002,66
GCAGCCATGCGGTAATACCT_003,63
GCAGCCATGCGGTAATACCT_004,143
TTCGCCGCGAAATAAGCTAC_001,57
TTCGCCGCGAAATAAGCTAC_002,84
TTCGCCGCGAAATAAGCTAC_003,158
TTCGCCGCGAAATAAGCTAC_004,156
TTCGCCGCGAAATAAGCTAC_005,149
TTCGCCGCGAAATAAGCTAC_006,97
GGGTACCTGCTACCCCCCGA_001,62
GGGTACCTGCTACCCCCCGA_002,159
GGGTACCTGCTACCCCCCGA_003,145
GGGTACCTGCTACCCCCCGA_004,1
GGGTACCTGCTACCCCCCGA_005,168
GGGTACCTGCTACCCCCCGA_006,65
GGGTACCTGCTACCCCCCGA_007,129
GGGTACCTGCTACCCCCCGA_008,57
GGGTACCTGCTACCCCCCGA_009,88
GGGTACCTGCTACCCCCCGA_010,128
GGGTACCTGCTACCCCCCGA_011,79
GGGTACCTGCTACCCCCCGA_012,158
GGTCACCATGCCCTGCACGT_001,118
GGTCACCATGCCCTGCACGT_002,151
GGTCACCATGCCCTGCACGT_003,48
GGTCACCATGCCCTGCACGT_004,157
GGTCACCATGCCCTGCACGT_005,70
GGTCACCATGCCCTGCACGT_006,68
GGTCACCATGCCCTGCACGT_007,121
GGTCACCATGCCCTGCACGT_008,149
GGTCACCATGCCCTGCACGT_009,189
GGTCACCATGCCCTGCACGT_010,122
GGTCACCATGCCCTGCACGT_011,172
GATGCGGTTGACCCTAACTG_001,77
GATGCGGTTGACCCTAACTG_002,5
GATGCGGTTGACCCTAACTG_003,137
GATGCGGTTGACCCTAACTG_004,42
GATGCGGTTGACCCTAACTG_005,85
GATGCGGTTGACCCTAACTG_006,188
GATGCGGTTGACCCTAACTG_007,86
GATGCGGTTGACCCTAACTG_008,1
GATGCGGTTGACCCTAACTG_009,66
GATGCGGTTGACCCTAACTG_010,69
TGAACTGGACAAATACTCTG_001,159
TGAACTGGACAAATACTCTG_002,191
TGAACTGGACAAATACTCTG_003,104
TGAACTGGACAAATACTCTG_004,107
GACGCCCTACACTTACAACA_001,115
GACGCCCTACACTTACAACA_002,141
GACGCCCTACACTTACAACA_003,101
GACGCCCTACACTTACAACA_004,171
GACGCCCTACACTTACAACA_005,60
GACGCCCTACACTTACAACA_006,53
GACGCCCTACACTTACAACA_007,141
TAGCGAAGATTCAAGCCATG_001,2
TAGCGAAGATTCAAGCCATG_002,169
TAGCGAAGATTCAAGCCATG_003,145
TAGCGAAGATTCAAGCCATG_004,5
TAGCGAAGATTCAAGCCATG_005,23
TAGCGAAGATTCAAGCCATG_006,60
TAGCGAAGATTCAAGCCATG_007,198
TAGCGAAGATTCAAGCCATG_008,88
TAGCGAAGATTCAAGCCATG_009,169
TAGCGAAGATTCAAGCCATG_010,72
TAGCGAAGATTCAAGCCATG_011,176
TAGCGAAGATTCAAGCCATG_012,96
TAGCGAAGATTCAAGCCATG_013,169
TAGCGAAGATTCAAGCCATG_014,138
TAGCGAAGATTCAAGCCATG_015,169
TAGCGAAGATTCAAGCCATG_016,78
TAGCGAAGATTCAAGCCATG_017,96
TAGCGAAGATTCAAGCCATG_018,105
TAGCGAAGATTCAAGCCATG_019,62
TAGCGAAGATTCAAGCCATG_020,54
TAGCGAAGATTCAAGCCATG_021,58
TAGCGAAGATTCAAGCCATG_022,171
TAGCGAAGATTCAAGCCATG_023,138
TAGCGAAGATTCAAGCCATG_024,63
TAGCGAAGATTCAAGCCATG_025,18
TAGCGAAGATTCAAGCCATG_026,67
TAGCGAAGATTCAAGCCATG_027,158
TAGCGAAGATTCAAGCCATG_028,46
TAGCGAAGATTCAAGCCATG_029,108
TAGCGAAGATTCAAGCCATG_030,108
TAGCGAAGATTCAAGCCATG_031,33
TAGCGAAGATTCAAGCCATG_032,17
TAGCGAAGATTCAAGCCATG_033,62
TAGCGAAGATTCAAGCCATG_034,0
TACTGATTAGGAGTTCCCGG_001,62
TACTGATTAGGAGTTCCCGG_002,198
TACTGATTAGGAGTTCCCGG_003,65
TACTGATTAGGAGTTCCCGG_004,45
TACTGATTAGGAGTTCCCGG_005,70
TACTGATTAGGAGTTCCCGG_006,22
TACTGATTAGGAGTTCCCGG_007,115
TACTGATTAGGAGTTCCCGG_008,38
TACTGATTAGGAGTTCCCGG_009,150
TACTGATTAGGAGTTCCCGG_010,164
TACTGATTAGGAGTTCCCGG_011,164
TACTGATTAGGAGTTCCCGG_012,49
TACTGATTAGGAGTTCCCGG_013,48
TACTGATTAGGAGTTCCCGG_014,6
TACTGATTAGGAGTTCCCGG_015,63
TACTGATTAGGAGTTCCCGG_016,40
CAAACTGGAAGAACTTAACC_001,155
CAAACTGGAAGAACTTAACC_002,3
CAAACTGGAAGAACTTAACC_003,55
ACGTACAGATCCAGAGCGGG_001,94
ACGTACAGATCCAGAGCGGG_002,130
ACGTACAGATCCAGAGCGGG_003,146
ACGTACAGATCCAGAGCGGG_004,73
ACGTACAGATCCAGAGCGGG_005,9
ACGTACAGATCCAGAGCGGG_006,81
ACGTACAGATCCAGAGCGGG_007,144
ACGTACAGATCCAGAGCGGG_008,179
ACGTACAGATCCAGAGCGGG_009,84
ACGTACAGATCCAGAGCGGG_010,13
ACGTACAGATCCAGAGCGGG_011,71
ACGTACAGATCCAGAGCGGG_012,48
ACGTACAGATCCAGAGCGGG_013,191
ACGTACAGATCCAGAGCGGG_014,75
TAAAGAGTTTCTCTCCCACG_001,77
GTTGGAGTTCATTGGATGCG_001,144
GTTGGAGTTCATTGGATGCG_002,2
GTTGGAGTTCATTGGATGCG_003,193
GTTGGAGTTCATTGGATGCG_004,50
GTTGGAGTTCATTGGATGCG_005,70
GTTGGAGTTCATTGGATGCG_006,144
GTTGGAGTTCATTGGATGCG_007,151
GTTGGAGTTCATTGGATGCG_008,78
GTTGGAGTTCATTGGATGCG_009,0
CTGGATCCAGTCTACCACGT_001,92
CTGGATCCAGTCTACCACGT_002,174
CTGGATCCAGTCTACCACGT_003,34
CTGGATCCAGTCTACCACGT_004,27
GATACCGTTCAGGGCTCGGA_001,139
GATACCGTTCAGGGCTCGGA_002,62
GATACCGTTCAGGGCTCGGA_003,112
GATACCGTTCAGGGCTCGGA_004,134
GATACCGTTCAGGGCTCGGA_005,93
GATACCGTTCAGGGCTCGGA_006,90
GATACCGTTCAGGGCTCGGA_007,2
GATACCGTTCAGGGCTCGGA_008,58
GATACCGTTCAGGGCTCGGA_009,168
GATACCGTTCAGGGCTCGGA_010,78
GATACCGTTCAGGGCTCGGA_011,61
TCTACTCTGTGGCATGAGGG_001,27
TCTACTCTGTGGCATGAGGG_002,68
TCTACTCTGTGGCATGAGGG_003,166
TCTACTCTGTGGCATGAGGG_004,181
TCTACTCTGTGGCATGAGGG_005,73
TCTACTCTGTGGCATGAGGG_006,120
TCTACTCTGTGGCATGAGGG_007,183
TCTACTCTGTGGCATGAGGG_008,54
TCTACTCTGTGGCATGAGGG_009,158
TCTACTCTGTGGCATGAGGG_010,105
TCTACTCTGTGGCATGAGGG_011,34
TCTACTCTGTGGCATGAGGG_012,50
TCTACTCTGTGGCATGAGGG_013,81
TCTACTCTGTGGCATGAGGG_014,147
TCTACTCTGTGGCATGAGGG_015,45
TCTACTCTGTGGCATGAGGG_016,117
GTGAAGAGGACTCTCTGTCG_001,189
GTGAAGAGGACTCTCTGTCG_002,60
GTGAAGAGGACTCTCTGTCG_003,6
GTGAAGAGGACTCTCTGTCG_004,160
GTGAAGAGGACTCTCTGTCG_005,127
GTGAAGAGGACTCTCTGTCG_006,152
GTGAAGAGGACTCTCTGTCG_007,95
TAAGCTATTTGTGATTAACG_001,40
TAAGCTATTTGTGATTAACG_002,101
TAAGCTATTTGTGATTAACG_003,45
TAAGCTATTTGTGATTAACG_004,49
TAAGCTATTTGTGATTAACG_005,78
TAAGCTATTTGTGATTAACG_006,95
TAAGCTATTTGTGATTAACG_007,19
TAAGCTATTTGTGATTAACG_008,79
ATCTGACGTACACTTTCCAG_001,50
ATCTGACGTACACTTTCCAG_002,194
ATCTGACGTACACTTTCCAG_003,19
ATCTGACGTACACTTTCCAG_004,39
ATCTGACGTACACTTTCCAG_005,49
CAAGACTCGTCCAATACAGG_001,190
CAAGACTCGTCCAATACAGG_002,43
CAAGACTCGTCCAATACAGG_003,9
TTGCGTCGAGGACCGTAACA_001,182
TTGCGTCGAGGACCGTAACA_002,92
TTGCGTCGAGGACCGTAACA_003,176
TTGCGTCGAGGACCGTAACA_004,181
TTGCGTCGAGGACCGTAACA_005,184
TTGCGTCGAGGACCGTAACA_006,81
TTGCGTCGAGGACCGTAACA_007,191
TTGCGTCGAGGACCGTAACA_008,149
TTGCGTCGAGGACCGTAACA_009,10
TTGCGTCGAGGACCGTAACA_010,162
GCAAATTCAGTTGTGCACCC_001,97
GGACTATCTATAATGCACAC_001,83
GGACTATCTATAATGCACAC_002,149
CCCGACGCGTAGCACCACAA_001,69
CCCGACGCGTAGCACCACAA_002,61
CCCGACGCGTAGCACCACAA_003,52
CCCGACGCGTAGCACCACAA_004,122
CCCGACGCGTAGCACCACAA_005,94
CCCGACGCGTAGCACCACAA_006,115
CCCGACGCGTAGCACCACAA_007,121
CCCGACGCGTAGCACCACAA_008,84
CCCGACGCGTAGCACCACAA_009,94
CCCGACGCGTAGCACCACAA_010,172
CCCGACGCGTAGCACCACAA_011,59
CCCGACGCGTAGCACCACAA_012,160
CCCGACGCGTAGCACCACAA_013,166
CCCGACGCGTAGCACCACAA_014,112
CCCGACGCGTAGCACCACAA_015,77
CCCGACGCGTAGCACCACAA_016,28
CCCGACGCGTAGCACCACAA_017,46
CCCGACGCGTAGCACCACAA_018,28
CCCGACGCGTAGCACCACAA_019,148
ATCGCAAGGAGACATTCGTG_001,14
ATCGCAAGGAGACATTCGTG_002,104
ATCGCAAGGAGACATTCGTG_003,173
ATCGCAAGGAGACATTCGTG_004,7
ATCGCAAGGAGACATTCGTG_005,106
ATCGCAAGGAGACATTCGTG_006,10
ATCGCAAGGAGACATTCGTG_007,33
ATCGCAAGGAGACATTCGTG_008,33
ATCGCAAGGAGACATTCGTG_009,3
ATCGCAAGGAGACATTCGTG_010,169
ATCGCAAGGAGACATTCGTG_011,81
ATCGCAAGGAGACATTCGTG_012,94
ATCGCAAGGAGACATTCGTG_013,1
ATCGCAAGGAGACATTCGTG_014,158
ATCGCAAGGAGACATTCGTG_015,127
ATCGCAAGGAGACATTCGTG_016,167
ATCGCAAGGAGACATTCGTG_017,118
ATCGCAAGGAGACATTCGTG_018,184
ATCGCAAGGAGACATTCGTG_019,95
ATCGCAAGGAGACATTCGTG_020,168
ATCGCAAGGAGACATTCGTG_021,5
ATCGCAAGGAGACATTCGTG_022,169
ATCGCAAGGAGACATTCGTG_023,119
ATCGCAAGGAGACATTCGTG_024,190
ATCGCAAGGAGACATTCGTG_025,106
ATCGCAAGGAGACATTCGTG_026,78
ATCGCAAGGAGACATTCGTG_027,42
ATCGCAAGGAGACATTCGTG_028,141
ATCGCAAGGAGACATTCGTG_029,194
AGCTGCACAGAGGATGGCTA_001,193
AGCTGCACAGAGGATGGCTA_002,29
AGCTGCACAGAGGATGGCTA_003,191
AGCTGCACAGAGGATGGCTA_004,68
AGCTGCACAGAGGATGGCTA_005,104
AGCTGCACAGAGGATGGCTA_006,148
AGCTGCACAGAGGATGGCTA_007,25
AGCTGCACAGAGGATGGCTA_008,154
AGCTGCACAGAGGATGGCTA_009,188
AGCTGCACAGAGGATGGCTA_010,104
AGCTGCACAGAGGATGGCTA_011,3
AGCTGCACAGAGGATGGCTA_012,26
AGCTGCACAGAGGATGGCTA_013,11
AGCTGCACAGAGGATGGCTA_014,187
AGCTGCACAGAGGATGGCTA_015,105
AGCTGCACAGAGGATGGCTA_016,22
AGCTGCACAGAGGATGGCTA_017,19
AGCTGCACAGAGGATGGCTA_018,180
AGCTGCACAGAGGATGGCTA_019,150
AGCTGCACAGAGGATGGCTA_020,188
AGCTGCACAGAGGATGGCTA_021,120
AGCTGCACAGAGGATGGCTA_022,181
AGCTGCACAGAGGATGGCTA_023,66
AGCTGCACAGAGGATGGCTA_024,34
AGCTGCACAGAGGATGGCTA_025,198
AGCTGCACAGAGGATGGCTA_026,1
AGCTGCACAGAGGATGGCTA_027,192
CAAGAAGAGCTGGACAACAC_001,163
CAAGAAGAGCTGGACAACAC_002,127
CAAGAAGAGCTGGACAACAC_003,160
CAAGAAGAGCTGGACAACAC_004,62
CAAGAAGAGCTGGACAACAC_005,50
CAAGAAGAGCTGGACAACAC_006,4
CAAGAAGAGCTGGACAACAC_007,80
CAAGAAGAGCTGGACAACAC_008,80
CAAGAAGAGCTGGACAACAC_009,68
CAAGAAGAGCTGGACAACAC_010,145
CAAGAAGAGCTGGACAACAC_011,29
CAAGAAGAGCTGGACAACAC_012,40
CAAGAAGAGCTGGACAACAC_013,133
CAAGAAGAGCTGGACAACAC_014,83
CAAGAAGAGCTGGACAACAC_015,9
CAAGAAGAGCTGGACAACAC_016,56
CAAGAAGAGCTGGACAACAC_017,70
CAAGAAGAGCTGGACAACAC_018,53
CAAGAAGAGCTGGACAACAC_019,35
CATTGGCAATTCGATCCAAA_001,81
CTTGGAGCGCACAAACACGT_001,78
CTTGGAGCGCACAAACACGT_002,163
CTTGGAGCGCACAAACACGT_003,166
GAAGCCTGGAAATTAAGCAG_001,29
GAAGCCTGGAAATTAAGCAG_002,139
GAAGCCTGGAAATTAAGCAG_003,88
GAAGCCTGGAAATTAAGCAG_004,48
GCTCATGTAGTATGTAGGGT_001,36
GCTCATGTAGTATGTAGGGT_002,146
GCTCATGTAGTATGTAGGGT_003,162
GCACACCAGTAATTCGATGT_001,138
GCACACCAGTAATTCGATGT_002,153
GCACACCAGTAATTCGATGT_003,92
GCACACCAGTAATTCGATGT_004,180
CCAGGACCTGAGTTGCATAG_001,35
CCAGGACCTGAGTTGCATAG_002,62
CCAGGACCTGAGTTGCATAG_003,160
CCAGGACCTGAGTTGCATAG_004,150
CCAGGACCTGAGTTGCATAG_005,87
CCAGGACCTGAGTTGCATAG_006,50
CCAGGACCTGAGTTGCATAG_007,145
CCAGGACCTGAGTTGCATAG_008,118
CCAGGACCTGAGTTGCATAG_009,94
CCAGGACCTGAGTTGCATAG_010,57
CCAGGACCTGAGTTGCATAG_011,187
CCAGGACCTGAGTTGCATAG_012,92
CCAGGACCTGAGTTGCATAG_013,10
CCAGGACCTGAGTTGCATAG_014,182
TGGGCCTGCTCTCACAACGT_001,48
TGGGCCTGCTCTCACAACGT_002,41
TGGGCCTGCTCTCACAACGT_003,181
TGGGCCTGCTCTCACAACGT_004,23
TGGGCCTGCTCTCACAACGT_005,68
TGGGCCTGCTCTCACAACGT_006,179
TGGGCCTGCTCTCACAACGT_007,50
TGGGCCTGCTCTCACAACGT_008,43
GCATAGTGTGTAAAATGTTG_001,58
GCATAGTGTGTAAAATGTTG_002,127
GCATAGTGTGTAAAATGTTG_003,136
GCATAGTGTGTAAAATGTTG_004,101
TTTAGGTATAAGTGTGCTAG_001,77
TTTAGGTATAAGTGTGCTAG_002,177
TTTAGGTATAAGTGTGCTAG_003,130
CTGCTTCAGACAAGTACAAG_001,66
CTGCTTCAGACAAGTACAAG_002,22
CTGCTTCAGACAAGTACAAG_003,199
CTGCTTCAGACAAGTACAAG_004,172
TGCCCAGCTACCCCGAAACA_001,21
TGCCCAGCTACCCCGAAACA_002,70
TGCCCAGCTACCCCGAAACA_003,88
TGCCCAGCTACCCCGAAACA_004,72
TGCCCAGCTACCCCGAAACA_005,29
AAAACATCATCTCCTACGCA_001,185
AAAACATCATCTCCTACGCA_002,94
AGCTCCAAAGAACCCCCCGA_001,100
AGCTCCAAAGAACCCCCCGA_002,123
AGCTCCAAAGAACCCCCCGA_003,21
AGCTCCAAAGAACCCCCCGA_004,10
AGCTCCAAAGAACCCCCCGA_005,184
AGCTCCAAAGAACCCCCCGA_006,3
AGCTCCAAAGAACCCCCCGA_007,130
AGCTCCAAAGAACCCCCCGA_008,180
AGCTCCAAAGAACCCCCCGA_009,22
AGCTCCAAAGAACCCCCCGA_010,175
AGCTCCAAAGAACCCCCCGA_011,127
AGCTCCAAAGAACCCCCCGA_012,172
AGCTCCAAAGAACCCCCCGA_013,177
AGCTCCAAAGAACCCCCCGA_014,11
AGCTCCAAAGAACCCCCCGA_015,150
AGCTCCAAAGAACCCCCCGA_016,182
AGGCAGTGTTCCAGTTGTCA_001,97
AGGCAGTGTTCCAGTTGTCA_002,94
AGGCAGTGTTCCAGTTGTCA_003,0
AGGCAGTGTTCCAGTTGTCA_004,188
AGGCAGTGTTCCAGTTGTCA_005,178
ATACCGGGCTGTGTATGCGG_001,2
ATACCGGGCTGTGTATGCGG_002,176
ATACCGGGCTGTGTATGCGG_003,104
ATACCGGGCTGTGTATGCGG_004,51
ATACCGGGCTGTGTATGCGG_005,137
ATACCGGGCTGTGTATGCGG_006,117
ATACCGGGCTGTGTATGCGG_007,105
ATACCGGGCTGTGTATGCGG_008,185
ATACCGGGCTGTGTATGCGG_009,185
ATACCGGGCTGTGTATGCGG_010,50
ATACCGGGCTGTGTATGCGG_011,80
ATACCGGGCTGTGTATGCGG_012,151
ATACCGGGCTGTGTATGCGG_013,80
ATACCGGGCTGTGTATGCGG_014,37
ATACCGGGCTGTGTATGCGG_015,113
ATCCCCAGGAACTCACACGG_001,121
ATCCCCAGGAACTCACACGG_002,68
ATCCCCAGGAACTCACACGG_003,149
ATCCCCAGGAACTCACACGG_004,28
ATCCCCAGGAACTCACACGG_005,107
ATCCCCAGGAACTCACACGG_006,44
ATCCCCAGGAACTCACACGG_007,81
ATCCCCAGGAACTCACACGG_008,105
ATCCCCAGGAACTCACACGG_009,142
ATCCCCAGGAACTCACACGG_010,50
ATCCCCAGGAACTCACACGG_011,53
ATCCCCAGGAACTCACACGG_012,54
ATCCCCAGGAACTCACACGG_013,32
ATCCCCAGGAACTCACACGG_014,80
ATCCCCAGGAACTCACACGG_015,61
ATCCCCAGGAACTCACACGG_016,194
ATCCCCAGGAACTCACACGG_017,133
ATCCCCAGGAACTCACACGG_018,78
ATCCCCAGGAACTCACACGG_019,68
ATCCCCAGGAACTCACACGG_020,58
ATCCCCAGGAACTCACACGG_021,147
ATCCCCAGGAACTCACACGG_022,143
ATCCCCAGGAACTCACACGG_023,172
ATCCCCAGGAACTCACACGG_024,60
ATCCCCAGGAACTCACACGG_025,172
ATCCCCAGGAACTCACACGG_026,42
ATCCCCAGGAACTCACACGG_027,198
ATCCCCAGGAACTCACACGG_028,76
ATCCCCAGGAACTCACACGG_029,113
ATCCCCAGGAACTCACACGG_030,89
ATCCCCAGGAACTCACACGG_031,84
ATCCCCAGGAACTCACACGG_032,6
ATCCCCAGGAACTCACACGG_033,72
ATCCCCAGGAACTCACACGG_034,144
ATCCCCAGGAACTCACACGG_035,162
ATCCCCAGGAACTCACACGG_036,104
ATCCCCAGGAACTCACACGG_037,182
ATCCCCAGGAACTCACACGG_038,157
ATCCCCAGGAACTCACACGG_039,86
ATCCCCAGGAACTCACACGG_040,60
ATCCCCAGGAACTCACACGG_041,123
ATCCCCAGGAACTCACACGG_042,77
ATCCCCAGGAACTCACACGG_043,58
ATCCCCAGGAACTCACACGG_044,29
ATCCCCAGGAACTCACACGG_045,196
ATCCCCAGGAACTCACACGG_046,129
ATCCCCAGGAACTCACACGG_047,129
ATCCCCAGGAACTCACACGG_048,75
ATCCCCAGGAACTCACACGG_049,150
ATCCCCAGGAACTCACACGG_050,102
ATCCCCAGGAACTCACACGG_051,79
ATCCCCAGGAACTCACACGG_052,53
ATCCCCAGGAACTCACACGG_053,41
ATCCCCAGGAACTCACACGG_054,10
ATCCCCAGGAACTCACACGG_055,101
ATCCCCAGGAACTCACACGG_056,184
ATCCCCAGGAACTCACACGG_057,130
ATCCCCAGGAACTCACACGG_058,15
ATCCCCAGGAACTCACACGG_059,7
ATCCCCAGGAACTCACACGG_060,131
ATCCCCAGGAACTCACACGG_061,35
ATCCCCAGGAACTCACACGG_062,30
ATCCCCAGGAACTCACACGG_063,170
ATCCCCAGGAACTCACACGG_064,62
ATCCCCAGGAACTCACACGG_065,94
ATCCCCAGGAACTCACACGG_066,4
ATCCCCAGGAACTCACACGG_067,149
ATCCCCAGGAACTCACACGG_068,66
ATCCCCAGGAACTCACACGG_069,168
ATCCCCAGGAACTCACACGG_070,19
ATCCCCAGGAACTCACACGG_071,136
ATCCCCAGGAACTCACACGG_072,94
ATCCCCAGGAACTCACACGG_073,96
ATCCCCAGGAACTCACACGG_074,152
ATCCCCAGGAACTCACACGG_075,144
ATCCCCAGGAACTCACACGG_076,76
ATCCCCAGGAACTCACACGG_077,101
ATCCCCAGGAACTCACACGG_078,111
ATCCCCAGGAACTCACACGG_079,47
ACTTTATAAGCGTTGTCACA_001,161
ACTTTATAAGCGTTGTCACA_002,1
ACTTTATAAGCGTTGTCACA_003,121
ACTTTATAAGCGTTGTCACA_004,118
GGCACAAATAGGAACTACTG_001,184
GGCACAAATAGGAACTACTG_002,102
GGCACAAATAGGAACTACTG_003,60
GGCACAAATAGGAACTACTG_004,144
GGCACAAATAGGAACTACTG_005,169
GGCACAAATAGGAACTACTG_006,130
GGCACAAATAGGAACTACTG_007,80
GGCACAAATAGGAACTACTG_008,49
GGCACAAATAGGAACTACTG_009,169
GGGCACATCCGAGCGCACGG_001,2
GGGCACATCCGAGCGCACGG_002,178
GGGCACATCCGAGCGCACGG_003,178
GGGCACATCCGAGCGCACGG_004,2
GGGCACATCCGAGCGCACGG_005,30
GGGCACATCCGAGCGCACGG_006,126
GGGCACATCCGAGCGCACGG_007,89
GGGCACATCCGAGCGCACGG_008,161
GGGCACATCCGAGCGCACGG_009,80
GGGCACATCCGAGCGCACGG_010,107
GGGCACATCCGAGCGCACGG_011,100
GGGCACATCCGAGCGCACGG_012,196
GGGCACATCCGAGCGCACGG_013,174
GGGCACATCCGAGCGCACGG_014,29
GGGCACATCCGAGCGCACGG_015,188
GGGCACATCCGAGCGCACGG_016,115
GGGCACATCCGAGCGCACGG_017,58
GGGCACATCCGAGCGCACGG_018,146
GGGCACATCCGAGCGCACGG_019,180
GGGCACATCCGAGCGCACGG_020,79
GGGCACATCCGAGCGCACGG_021,122
GGGCACATCCGAGCGCACGG_022,37
GGGCACATCCGAGCGCACGG_023,113
GGGCACATCCGAGCGCACGG_024,152
GGGCACATCCGAGCGCACGG_025,19
GGGCACATCCGAGCGCACGG_026,152
GGGCACATCCGAGCGCACGG_027,178
CCTTCAGAAACACTCTACCC_001,169
CCTTCAGAAACACTCTACCC_002,59
CCTTCAGAAACACTCTACCC_003,116
CCTTCAGAAACACTCTACCC_004,9
CCTTCAGAAACACTCTACCC_005,61
ACATCAAGAACAGTCAGTGC_001,149
ACATCAAGAACAGTCAGTGC_002,162
ACATCAAGAACAGTCAGTGC_003,158
ACATCAAGAACAGTCAGTGC_004,96
GCTCGAACCCACCACCAGGC_001,48
GCTCGAACCCACCACCAGGC_002,197
GCTCGAACCCACCACCAGGC_003,117
GCTCGAACCCACCACCAGGC_004,190
GCTCGAACCCACCACCAGGC_005,49
GCTCGAACCCACCACCAGGC_006,118
GCTCGAACCCACCACCAGGC_007,121
GCTCGAACCCACCACCAGGC_008,147
GCTCGAACCCACCACCAGGC_009,152
GCTCGAACCCACCACCAGGC_010,168
GCTCGAACCCACCACCAGGC_011,151
GCTCGAACCCACCACCAGGC_012,119
GCTCGAACCCACCACCAGGC_013,28
CTTGGATTCCGACAGACTCG_001,149
GGTGTCAGGATGTTCAGAGG_001,141
GGTGTCAGGATGTTCAGAGG_002,82
GGTGTCAGGATGTTCAGAGG_003,49
GGTGTCAGGATGTTCAGAGG_004,58
TCCTAATGAGCTCCCAGAGG_001,186
TCCTAATGAGCTCCCAGAGG_002,198
AGGAGTGGTCTGGATCGGTG_001,77
AGGAGTGGTCTGGATCGGTG_002,32
AGGAGTGGTCTGGATCGGTG_003,133
AGGAGTGGTCTGGATCGGTG_004,23
AGGAGTGGTCTGGATCGGTG_005,12
AGGAGTGGTCTGGATCGGTG_006,21
AGGAGTGGTCTGGATCGGTG_007,62
AGGAGTGGTCTGGATCGGTG_008,88
AGGAGTGGTCTGGATCGGTG_009,177
AGGAGTGGTCTGGATCGGTG_010,95
AGGAGTGGTCTGGATCGGTG_011,176
AGGAGTGGTCTGGATCGGTG_012,107
AGGAGTGGTCTGGATCGGTG_013,192
AGGAGTGGTCTGGATCGGTG_014,104
AGGAGTGGTCTGGATCGGTG_015,78
AGGAGTGGTCTGGATCGGTG_016,15
AGGAGTGGTCTGGATCGGTG_017,109
AGGAGTGGTCTGGATCGGTG_018,129
AGGAGTGGTCTGGATCGGTG_019,94
AGGAGTGGTCTGGATCGGTG_020,172
AGGAGTGGTCTGGATCGGTG_021,150
AGGAGTGGTCTGGATCGGTG_022,63
ATATTTTATGACATAAAAAT_001,172
ACAGAGCGCGAACTGCGCGT_001,115
ACAGAGCGCGAACTGCGCGT_002,47
ACAGAGCGCGAACTGCGCGT_003,127
ACAGAGCGCGAACTGCGCGT_004,175
ACAGAGCGCGAACTGCGCGT_005,111
ACAGAGCGCGAACTGCGCGT_006,116
ACAGAGCGCGAACTGCGCGT_007,19
ACAGAGCGCGAACTGCGCGT_008,139
ACAGAGCGCGAACTGCGCGT_009,88
ACAGAGCGCGAACTGCGCGT_010,50
ACAGAGCGCGAACTGCGCGT_011,49
ACAGAGCGCGAACTGCGCGT_012,80
ACAGAGCGCGAACTGCGCGT_013,135
ACAGAGCGCGAACTGCGCGT_014,141
ACAGAGCGCGAACTGCGCGT_015,118
ACAGAGCGCGAACTGCGCGT_016,36
ACAGAGCGCGAACTGCGCGT_017,105
ACAGAGCGCGAACTGCGCGT_018,176
ACAGAGCGCGAACTGCGCGT_019,19
ACAGAGCGCGAACTGCGCGT_020,182
ACAGAGCGCGAACTGCGCGT_021,67
ACAGAGCGCGAACTGCGCGT_022,16
ACAGAGCGCGAACTGCGCGT_023,175
ACAGAGCGCGAACTGCGCGT_024,39
ACAGAGCGCGAACTGCGCGT_025,46
ACAGAGCGCGAACTGCGCGT_026,40
ACAGAGCGCGAACTGCGCGT_027,124
ACAGAGCGCGAACTGCGCGT_028,50
ACAGAGCGCGAACTGCGCGT_029,91
CTCTGCAAGGAGCTGACCTG_001,32
CTCTGCAAGGAGCTGACCTG_002,85
CTCTGCAAGGAGCTGACCTG_003,137
CTCTGCAAGGAGCTGACCTG_004,189
CTCTGCAAGGAGCTGACCTG_005,60
CTCTGCAAGGAGCTGACCTG_006,64
CTCTGCAAGGAGCTGACCTG_007,19
CTCTGCAAGGAGCTGACCTG_008,122
CTCTGCAAGGAGCTGACCTG_009,84
CTCTGCAAGGAGCTGACCTG_010,2
CTCTGCAAGGAGCTGACCTG_011,63
CTCTGCAAGGAGCTGACCTG_012,184
CTCTGCAAGGAGCTGACCTG_013,137
CTCTGCAAGGAGCTGACCTG_014,102
CTCTGCAAGGAGCTGACCTG_015,43
CTCTGCAAGGAGCTGACCTG_016,129
CTCTGCAAGGAGCTGACCTG_017,188
CTCTGCAAGGAGCTGACCTG_018,72
CTCTGCAAGGAGCTGACCTG_019,115
CTCTGCAAGGAGCTGACCTG_020,168
CTCTGCAAGGAGCTGACCTG_021,74
CTCTGCAAGGAGCTGACCTG_022,188
CTCTGCAAGGAGCTGACCTG_023,134
CTCTGCAAGGAGCTGACCTG_024,56
CTCTGCAAGGAGCTGACCTG_025,50
CTCTGCAAGGAGCTGACCTG_026,117
CTCTGCAAGGAGCTGACCTG_027,55
CTCTGCAAGGAGCTGACCTG_028,15
CTCTGCAAGGAGCTGACCTG_029,37
CTCTGCAAGGAGCTGACCTG_030,80
CTCTGCAAGGAGCTGACCTG_031,20
CTCTGCAAGGAGCTGACCTG_032,35
CTCTGCAAGGAGCTGACCTG_033,67
CTCTGCAAGGAGCTGACCTG_034,46
CTCTGCAAGGAGCTGACCTG_035,19
CTCTGCAAGGAGCTGACCTG_036,56
CTCTGCAAGGAGCTGACCTG_037,160
CTCTGCAAGGAGCTGACCTG_038,152
CTCTGCAAGGAGCTGACCTG_039,196
CTCTGCAAGGAGCTGACCTG_040,15
CTCTGCAAGGAGCTGACCTG_041,166
CTCTGCAAGGAGCTGACCTG_042,122
CTCTGCAAGGAGCTGACCTG_043,194
CTCTGCAAGGAGCTGACCTG_044,134
CTCTGCAAGGAGCTGACCTG_045,149
CTCTGCAAGGAGCTGACCTG_046,39
CTCTGCAAGGAGCTGACCTG_047,177
CTCTGCAAGGAGCTGACCTG_048,146
CTCTGCAAGGAGCTGACCTG_049,19
CTCTGCAAGGAGCTGACCTG_050,127
CTCTGCAAGGAGCTGACCTG_051,35
CTCTGCAAGGAGCTGACCTG_052,28
CTCTGCAAGGAGCTGACCTG_053,73
CTCTGCAAGGAGCTGACCTG_054,45
GAGATTCAGGCAGCTCAACG_001,158
GAGATTCAGGCAGCTCAACG_002,81
GAGATTCAGGCAGCTCAACG_003,140
GAGATTCAGGCAGCTCAACG_004,148
GAGATTCAGGCAGCTCAACG_005,132
GAGATTCAGGCAGCTCAACG_006,88
GAGATTCAGGCAGCTCAACG_007,169
GAGATTCAGGCAGCTCAACG_008,13
GAGATTCAGGCAGCTCAACG_009,105
TTTCTTGGCCACACGAGCGT_001,42
TTTCTTGGCCACACGAGCGT_002,7
TTTCTTGGCCACACGAGCGT_003,177
TTTCTTGGCCACACGAGCGT_004,137
TTTCTTGGCCACACGAGCGT_005,151
TGCCTACCTGAGCTAAAGCA_001,9
TGCCTACCTGAGCTAAAGCA_002,38
TGCCTACCTGAGCTAAAGCA_003,56
TGCCTACCTGAGCTAAAGCA_004,116
TGCCTACCTGAGCTAAAGCA_005,48
TGCCTACCTGAGCTAAAGCA_006,58
TGCCTACCTGAGCTAAAGCA_007,136
TGCCTACCTGAGCTAAAGCA_008,15
TGCCTACCTGAGCTAAAGCA_009,152
TGCCTACCTGAGCTAAAGCA_010,53
AGCTCAGATTGTAGTAACGC_001,8
AGCTCAGATTGTAGTAACGC_002,61
AGCTCAGATTGTAGTAACGC_003,35
TGCACGCAGATGGACCACCT_001,167
TGCACGCAGATGGACCACCT_002,60
TGCACGCAGATGGACCACCT_003,58
TGCACGCAGATGGACCACCT_004,9
TGCACGCAGATGGACCACCT_005,19
TGCACGCAGATGGACCACCT_006,92
TGCACGCAGATGGACCACCT_007,68
TGCACGCAGATGGACCACCT_008,68
TGCACGCAGATGGACCACCT_009,68
TGCACGCAGATGGACCACCT_010,78
TGCACGCAGATGGACCACCT_011,51
TGCACGCAGATGGACCACCT_012,148
TGCACGCAGATGGACCACCT_013,38
TGCACGCAGATGGACCACCT_014,105
TGCACGCAGATGGACCACCT_015,96
TGCACGCAGATGGACCACCT_016,62
TGCACGCAGATGGACCACCT_017,55
TGCACGCAGATGGACCACCT_018,119
TGCACGCAGATGGACCACCT_019,107
TGCACGCAGATGGACCACCT_020,91
TGCACGCAGATGGACCACCT_021,81
TGCACGCAGATGGACCACCT_022,48
TGCACGCAGATGGACCACCT_023,88
TGCACGCAGATGGACCACCT_024,103
TGCACGCAGATGGACCACCT_025,150
TGCACGCAGATGGACCACCT_026,178
TGCACGCAGATGGACCACCT_027,38
TGCACGCAGATGGACCACCT_028,82
TGCACGCAGATGGACCACCT_029,178
TGCACGCAGATGGACCACCT_030,122
TGCACGCAGATGGACCACCT_031,124
TGCACGCAGATGGACCACCT_032,8
TGCACGCAGATGGACCACCT_033,198
TGCACGCAGATGGACCACCT_034,145
TGCACGCAGATGGACCACCT_035,17
TGCACGCAGATGGACCACCT_036,80
TGCACGCAGATGGACCACCT_037,47
TGCACGCAGATGGACCACCT_038,117
TGCACGCAGATGGACCACCT_039,88
TCATTAGAGAAATTAGATCT_001,63
TCATTAGAGAAATTAGATCT_002,102
TCATTAGAGAAATTAGATCT_003,130
TCATTAGAGAAATTAGATCT_004,69
TCATTAGAGAAATTAGATCT_005,171
TCATTAGAGAAATTAGATCT_006,105
TCATTAGAGAAATTAGATCT_007,19
TCATTAGAGAAATTAGATCT_008,33
AAATGCAGTCTAAGGGATGA_001,32
AAATGCAGTCTAAGGGATGA_002,148
AAATGCAGTCTAAGGGATGA_003,70
AAATGCAGTCTAAGGGATGA_004,50
AAATGCAGTCTAAGGGATGA_005,91
AAATGCAGTCTAAGGGATGA_006,147
AAATGCAGTCTAAGGGATGA_007,110
AAATGCAGTCTAAGGGATGA_008,196
AAATGCAGTCTAAGGGATGA_009,34
AAATGCAGTCTAAGGGATGA_010,78
AAATGCAGTCTAAGGGATGA_011,72
AAATGCAGTCTAAGGGATGA_012,79
AGTACGAAGATGATGAAGCA_001,1
AGTACGAAGATGATGAAGCA_002,136
AGTACGAAGATGATGAAGCA_003,12
AGTACGAAGATGATGAAGCA_004,7
AGTACGAAGATGATGAAGCA_005,113
AGTACGAAGATGATGAAGCA_006,62
AGTACGAAGATGATGAAGCA_007,176
AGTACGAAGATGATGAAGCA_008,150
AGTACGAAGATGATGAAGCA_009,86
AGTACGAAGATGATGAAGCA_010,63
AGTACGAAGATGATGAAGCA_011,77
AGTACGAAGATGATGAAGCA_012,67
AGTACGAAGATGATGAAGCA_013,120
AGTACGAAGATGATGAAGCA_014,185
AGTACGAAGATGATGAAGCA_015,115
AGTACGAAGATGATGAAGCA_016,161
AGTACGAAGATGATGAAGCA_017,98
AGTACGAAGATGATGAAGCA_018,177
AGTACGAAGATGATGAAGCA_019,19
AGTACGAAGATGATGAAGCA_020,74
AGTACGAAGATGATGAAGCA_021,147
GATCCCAACTGCACATACGA_001,164
GATCCCAACTGCACATACGA_002,16
GATCCCAACTGCACATACGA_003,131
GATCCCAACTGCACATACGA_004,43
GATCCCAACTGCACATACGA_005,4
GATCCCAACTGCACATACGA_006,41
GATCCCAACTGCACATACGA_007,37
GATCCCAACTGCACATACGA_008,14
GATCCCAACTGCACATACGA_009,27
ATGACTGCGGACACGCGGAG_001,12
ATGACTGCGGACACGCGGAG_002,181
ATGACTGCGGACACGCGGAG_003,194
ATGACTGCGGACACGCGGAG_004,26
ATGACTGCGGACACGCGGAG_005,157
ATGACTGCGGACACGCGGAG_006,17
ATGACTGCGGACACGCGGAG_007,94
ATGACTGCGGACACGCGGAG_008,149
ATGACTGCGGACACGCGGAG_009,81
ATGACTGCGGACACGCGGAG_010,65
ATGACTGCGGACACGCGGAG_011,190
ATGACTGCGGACACGCGGAG_012,198
ATGACTGCGGACACGCGGAG_013,114
ATGACTGCGGACACGCGGAG_014,105
ATGACTGCGGACACGCGGAG_015,60
ATGACTGCGGACACGCGGAG_016,21
ATGACTGCGGACACGCGGAG_017,124
ATGACTGCGGACACGCGGAG_018,35
ATGACTGCGGACACGCGGAG_019,199
ATGACTGCGGACACGCGGAG_020,169
ATGACTGCGGACACGCGGAG_021,60
ATGACTGCGGACACGCGGAG_022,134
ATGACTGCGGACACGCGGAG_023,56
ATGACTGCGGACACGCGGAG_024,63
ATGACTGCGGACACGCGGAG_025,188
ATGACTGCGGACACGCGGAG_026,173
ATGACTGCGGACACGCGGAG_027,199
ATGACTGCGGACACGCGGAG_028,12
ATGACTGCGGACACGCGGAG_029,146
ATGACTGCGGACACGCGGAG_030,66
ATGACTGCGGACACGCGGAG_031,138
ATGACTGCGGACACGCGGAG_032,176
ATGACTGCGGACACGCGGAG_033,62
ATGACTGCGGACACGCGGAG_034,170
ATGACTGCGGACACGCGGAG_035,172
ATGACTGCGGACACGCGGAG_036,15
ATGACTGCGGACACGCGGAG_037,83
TGGCAGAGGATACCATCCAA_001,147
TGGCAGAGGATACCATCCAA_002,188
TGGCAGAGGATACCATCCAA_003,94
TGGCAGAGGATACCATCCAA_004,0
TGGCAGAGGATACCATCCAA_005,132
TGGCAGAGGATACCATCCAA_006,185
TGGCAGAGGATACCATCCAA_007,52
GCGGTCCTTGCCCATCAACC_001,141
GCGGTCCTTGCCCATCAACC_002,130
GCGGTCCTTGCCCATCAACC_003,29
GCGGTCCTTGCCCATCAACC_004,94
GCGGTCCTTGCCCATCAACC_005,105
GCGGTCCTTGCCCATCAACC_006,95
GCGGTCCTTGCCCATCAACC_007,83
GCGGTCCTTGCCCATCAACC_008,6
GCGGTCCTTGCCCATCAACC_009,169
GCGGTCCTTGCCCATCAACC_010,154
GCGGTCCTTGCCCATCAACC_011,84
GCGGTCCTTGCCCATCAACC_012,191
GCGGTCCTTGCCCATCAACC_013,29
GCGGTCCTTGCCCATCAACC_014,170
AGTTTCCATGCATAGGAAGA_001,150
AGTTTCCATGCATAGGAAGA_002,10
GAGGTACTGGAATTGTCACC_001,62
GAGGTACTGGAATTGTCACC_002,191
GAGGTACTGGAATTGTCACC_003,146
GAGGTACTGGAATTGTCACC_004,19
GAGGTACTGGAATTGTCACC_005,19
GCGAACCACTAGTATGGTCG_001,81
GCGAACCACTAGTATGGTCG_002,149
GCGAACCACTAGTATGGTCG_003,191
GCGAACCACTAGTATGGTCG_004,28
GCGAACCACTAGTATGGTCG_005,43
TGTGACATTAGATACTCAAG_001,32
TGTGACATTAGATACTCAAG_002,154
TGTGACATTAGATACTCAAG_003,158
TGTGACATTAGATACTCAAG_004,86
TGTGACATTAGATACTCAAG_005,20
TGGTCACAGAAAACACAATG_001,158
TGGTCACAGAAAACACAATG_002,184
TGGTCACAGAAAACACAATG_003,118
TGGTCACAGAAAACACAATG_004,129
TGGTCACAGAAAACACAATG_005,62
TGGTCACAGAAAACACAATG_006,72
TCCCAAGTGATCACGCTACG_001,80
TCCCAAGTGATCACGCTACG_002,94
TCCCAAGTGATCACGCTACG_003,158
TCCCAAGTGATCACGCTACG_004,128
TCCCAAGTGATCACGCTACG_005,15
TCCCAAGTGATCACGCTACG_006,148
TCCCAAGTGATCACGCTACG_007,153
ATGGGCTGGCTACCATTCAA_001,149
ATGGGCTGGCTACCATTCAA_002,160
ATGGGCTGGCTACCATTCAA_003,52
ATGGGCTGGCTACCATTCAA_004,88
ATGGGCTGGCTACCATTCAA_005,172
ATGGGCTGGCTACCATTCAA_006,41
ATGGGCTGGCTACCATTCAA_007,16
ATGGGCTGGCTACCATTCAA_008,147
ATGGGCTGGCTACCATTCAA_009,127
GCGGGCATGGCCCACCACAA_001,42
GCGGGCATGGCCCACCACAA_002,115
GCGGGCATGGCCCACCACAA_003,34
GCGGGCATGGCCCACCACAA_004,26
GCGGGCATGGCCCACCACAA_005,190
GCGGGCATGGCCCACCACAA_006,147
ATCTCTGGCCTTGTAAACGG_001,157
CCACGACATCTCGCACAACG_001,163
CCACGACATCTCGCACAACG_002,149
CCACGACATCTCGCACAACG_003,131
CCACGACATCTCGCACAACG_004,101
CCACGACATCTCGCACAACG_005,148
CCACGACATCTCGCACAACG_006,46
CCTCGAGGCGGTAATACCCA_001,166
CCTCGAGGCGGTAATACCCA_002,28
GAGCGGCTGCGACACGACGA_001,90
GAGCGGCTGCGACACGACGA_002,47
GAGCGGCTGCGACACGACGA_003,54
GAGCGGCTGCGACACGACGA_004,127
GAGCGGCTGCGACACGACGA_005,182
GAGCGGCTGCGACACGACGA_006,148
GAGCGGCTGCGACACGACGA_007,144
GAGCGGCTGCGACACGACGA_008,75
GAGCGGCTGCGACACGACGA_009,166
GAGCGGCTGCGACACGACGA_010,81
GAGCGGCTGCGACACGACGA_011,56
GAGCGGCTGCGACACGACGA_012,29
GAGCGGCTGCGACACGACGA_013,170
GAGCGGCTGCGACACGACGA_014,174
GAGCGGCTGCGACACGACGA_015,23
GAGCGGCTGCGACACGACGA_016,48
GAGCGGCTGCGACACGACGA_017,31
GAGCGGCTGCGACACGACGA_018,46
GAGCGGCTGCGACACGACGA_019,63
GGGGATGAAGATCAGAGCCG_001,63
GGGGATGAAGATCAGAGCCG_002,29
GGGGATGAAGATCAGAGCCG_003,102
GGGGATGAAGATCAGAGCCG_004,182
GGGGATGAAGATCAGAGCCG_005,70
GGGGATGAAGATCAGAGCCG_006,69
GGGGATGAAGATCAGAGCCG_007,116
GGGGATGAAGATCAGAGCCG_008,197
GGGGATGAAGATCAGAGCCG_009,5
GGGGATGAAGATCAGAGCCG_010,22
GGGGATGAAGATCAGAGCCG_011,7
GGGGATGAAGATCAGAGCCG_012,189
GGGGATGAAGATCAGAGCCG_013,111
GGGGATGAAGATCAGAGCCG_014,69
GGGGATGAAGATCAGAGCCG_015,34
GGGGATGAAGATCAGAGCCG_016,138
GGGGATGAAGATCAGAGCCG_017,169
GGGGATGAAGATCAGAGCCG_018,2
GGGGATGAAGATCAGAGCCG_019,18
GGGGATGAAGATCAGAGCCG_020,158
GGGGATGAAGATCAGAGCCG_021,127
GGGGATGAAGATCAGAGCCG_022,29
GGGGATGAAGATCAGAGCCG_023,36
GGGGATGAAGATCAGAGCCG_024,41
GGGGATGAAGATCAGAGCCG_025,70
GGGGATGAAGATCAGAGCCG_026,176
GGGGATGAAGATCAGAGCCG_027,6
GGGGATGAAGATCAGAGCCG_028,80
TGAGCAACATCAGGGACAAG_001,167
TGAGCAACATCAGGGACAAG_002,105
TGAGCAACATCAGGGACAAG_003,150
TGAGCAACATCAGGGACAAG_004,184
TGAGCAACATCAGGGACAAG_005,138
TGAGCAACATCAGGGACAAG_006,49
TGAGCAACATCAGGGACAAG_007,16
GCTAGCCTGCACAGACACTT_001,129
GCTAGCCTGCACAGACACTT_002,4
GCTAGCCTGCACAGACACTT_003,145
GCTAGCCTGCACAGACACTT_004,199
GCTAGCCTGCACAGACACTT_005,181
GCTAGCCTGCACAGACACTT_006,62
TGAGCGTGGAGAAGGAGACT_001,113
TGAGCGTGGAGAAGGAGACT_002,14
TGAGCGTGGAGAAGGAGACT_003,184
TGAGCGTGGAGAAGGAGACT_004,94
TGAGCGTGGAGAAGGAGACT_005,76
GCAGGGCTGCCCCATCCGCG_001,121
GCAGGGCTGCCCCATCCGCG_002,149
GCAGGGCTGCCCCATCCGCG_003,15
GCAGGGCTGCCCCATCCGCG_004,193
GCAGGGCTGCCCCATCCGCG_005,192
GCAGGGCTGCCCCATCCGCG_006,185
GCAGGGCTGCCCCATCCGCG_007,22
GCAGGGCTGCCCCATCCGCG_008,1
GCAGGGCTGCCCCATCCGCG_009,149
GCAGGGCTGCCCCATCCGCG_010,149
GCAGGGCTGCCCCATCCGCG_011,175
GCAGGGCTGCCCCATCCGCG_012,39
GCAGGGCTGCCCCATCCGCG_013,158
GCAGGGCTGCCCCATCCGCG_014,119
GCAGGGCTGCCCCATCCGCG_015,179
GCAGGGCTGCCCCATCCGCG_016,11
TTAAAATATCTACAAGACTG_001,68
TTAAAATATCTACAAGACTG_002,15
CGGATCTTCTTAAATAACGT_001,198
CGGATCTTCTTAAATAACGT_002,16
CGGATCTTCTTAAATAACGT_003,19
CGGATCTTCTTAAATAACGT_004,127
GAGTACTGTGGAGAGCTCGG_001,117
GAGTACTGTGGAGAGCTCGG_002,162
GAGTACTGTGGAGAGCTCGG_003,2
GTCTTCACAAAATCAGCTCA_001,156
GTCTTCACAAAATCAGCTCA_002,184
ATACAGGATGGAACAATACC_001,168
ATACAGGATGGAACAATACC_002,52
ATACAGGATGGAACAATACC_003,184
CCAGTCCTGAGAATGCCGCG_001,77
CCAGTCCTGAGAATGCCGCG_002,32
CCAGTCCTGAGAATGCCGCG_003,90
CCAGTCCTGAGAATGCCGCG_004,91
CCAGTCCTGAGAATGCCGCG_005,48
CCAGTCCTGAGAATGCCGCG_006,122
CCAGTCCTGAGAATGCCGCG_007,15
CCAGTCCTGAGAATGCCGCG_008,108
CCAGTCCTGAGAATGCCGCG_009,134
CCAGTCCTGAGAATGCCGCG_010,56
CCAGTCCTGAGAATGCCGCG_011,24
CCAGTCCTGAGAATGCCGCG_012,19
CCAGTCCTGAGAATGCCGCG_013,138
CCAGTCCTGAGAATGCCGCG_014,184
GTGTGACAAGAGCCTAGCCG_001,80
GTGTGACAAGAGCCTAGCCG_002,119
GTGTGACAAGAGCCTAGCCG_003,130
GTGTGACAAGAGCCTAGCCG_004,19
GTGTGACAAGAGCCTAGCCG_005,95
GTGTGACAAGAGCCTAGCCG_006,83
GTGTGACAAGAGCCTAGCCG_007,8
GTGTGACAAGAGCCTAGCCG_008,94
GTGTGACAAGAGCCTAGCCG_009,15
GTGTGACAAGAGCCTAGCCG_010,185
GTGTGACAAGAGCCTAGCCG_011,108
GTGTGACAAGAGCCTAGCCG_012,52
GTGTGACAAGAGCCTAGCCG_013,188
AAATTCTGAATCAAGCATTC_001,198
AAATTCTGAATCAAGCATTC_002,112
AGTGAAGTCTATGTTTGGGG_001,11
AGTGAAGTCTATGTTTGGGG_002,8
AGTGAAGTCTATGTTTGGGG_003,178
AGTGAAGTCTATGTTTGGGG_004,9
GAAACACATTAGACAAGCCA_001,29
GAAACACATTAGACAAGCCA_002,119
GAAACACATTAGACAAGCCA_003,129
GAAACACATTAGACAAGCCA_004,4
GAAACACATTAGACAAGCCA_005,181
GAAACACATTAGACAAGCCA_006,20
GAAACACATTAGACAAGCCA_007,85
GAAACACATTAGACAAGCCA_008,58
GAAACACATTAGACAAGCCA_009,185
GAAACACATTAGACAAGCCA_010,106
GAAACACATTAGACAAGCCA_011,77
GAAACACATTAGACAAGCCA_012,12
GAAACACATTAGACAAGCCA_013,68
GAAACACATTAGACAAGCCA_014,1
GAAACACATTAGACAAGCCA_015,2
GAAACACATTAGACAAGCCA_016,10
GAAACACATTAGACAAGCCA_017,172
GAAACACATTAGACAAGCCA_018,113
GAAACACATTAGACAAGCCA_019,41
GAAACACATTAGACAAGCCA_020,6
ACAGTACCTCGGGATTGAGG_001,69
ACAGTACCTCGGGATTGAGG_002,93
ACAGTACCTCGGGATTGAGG_003,21
ACAGTACCTCGGGATTGAGG_004,120
AGGTGATCGAACTGGGTGCG_001,110
AGGTGATCGAACTGGGTGCG_002,48
AGGTGATCGAACTGGGTGCG_003,197
AGGTGATCGAACTGGGTGCG_004,62
AGGTGATCGAACTGGGTGCG_005,78
AGGTGATCGAACTGGGTGCG_006,49
AGGTGATCGAACTGGGTGCG_007,46
AGGTGATCGAACTGGGTGCG_008,44
AGGTGATCGAACTGGGTGCG_009,67
AGGTGATCGAACTGGGTGCG_010,41
AGGTGATCGAACTGGGTGCG_011,6
AGGTGATCGAACTGGGTGCG_012,97
AGGTGATCGAACTGGGTGCG_013,22
AGGTGATCGAACTGGGTGCG_014,14
AGGTGATCGAACTGGGTGCG_015,43
AGGTGATCGAACTGGGTGCG_016,175
AGGTGATCGAACTGGGTGCG_017,172
AGGTGATCGAACTGGGTGCG_018,113
AGGTGATCGAACTGGGTGCG_019,88
GCTCTAGATCGAATGGCTTG_001,170
GCTCTAGATCGAATGGCTTG_002,55
GCTCTAGATCGAATGGCTTG_003,175
GCTCTAGATCGAATGGCTTG_004,16
GCTCTAGATCGAATGGCTTG_005,88
GCTCTAGATCGAATGGCTTG_006,76
GCTCTAGATCGAATGGCTTG_007,149
GCTCTAGATCGAATGGCTTG_008,144
GCTCTAGATCGAATGGCTTG_009,88
GCTCTAGATCGAATGGCTTG_010,146
GCTCTAGATCGAATGGCTTG_011,178
GCTCTAGATCGAATGGCTTG_012,41
GCTCTAGATCGAATGGCTTG_013,182
GCTCTAGATCGAATGGCTTG_014,138
GCTCTAGATCGAATGGCTTG_015,191
GCTCTAGATCGAATGGCTTG_016,61
GCTCTAGATCGAATGGCTTG_017,106
GCTCTAGATCGAATGGCTTG_018,40
ATGTGGGGACCTTACAACAT_001,158
ATGTGGGGACCTTACAACAT_002,154
ATGTGGGGACCTTACAACAT_003,130
ATGTGGGGACCTTACAACAT_004,105
ATGTGGGGACCTTACAACAT_005,81
ATGTGGGGACCTTACAACAT_006,0
ATGTGGGGACCTTACAACAT_007,130
TGAGTGTCGCTGCTGCTATG_001,115
TGAGTGTCGCTGCTGCTATG_002,119
TGAGTGTCGCTGCTGCTATG_003,27
TGAGTGTCGCTGCTGCTATG_004,70
TGAGTGTCGCTGCTGCTATG_005,170
TGAGTGTCGCTGCTGCTATG_006,13
TGAGTGTCGCTGCTGCTATG_007,115
TGAGTGTCGCTGCTGCTATG_008,148
TGAGTGTCGCTGCTGCTATG_009,9
TGAGTGTCGCTGCTGCTATG_010,188
TGAGTGTCGCTGCTGCTATG_011,119
TGAGTGTCGCTGCTGCTATG_012,176
TGAGTGTCGCTGCTGCTATG_013,76
TGAGTGTCGCTGCTGCTATG_014,84
TGAGTGTCGCTGCTGCTATG_015,161
TGAGTGTCGCTGCTGCTATG_016,135
TGAGTGTCGCTGCTGCTATG_017,52
TGAGTGTCGCTGCTGCTATG_018,180
TGAGTGTCGCTGCTGCTATG_019,70
TGAGTGTCGCTGCTGCTATG_020,94
TGAGTGTCGCTGCTGCTATG_021,50
TGAGTGTCGCTGCTGCTATG_022,157
TGAGTGTCGCTGCTGCTATG_023,182
CACGCCATTCCTCAGTTACA_001,2
CACGCCATTCCTCAGTTACA_002,15
CACGCCATTCCTCAGTTACA_003,170
CACGCCATTCCTCAGTTACA_004,20
CACGCCATTCCTCAGTTACA_005,53
CACGCCATTCCTCAGTTACA_006,52
CACGCCATTCCTCAGTTACA_007,34
CACGCCATTCCTCAGTTACA_008,77
CACGCCATTCCTCAGTTACA_009,170
CACGCCATTCCTCAGTTACA_010,119
CACGCCATTCCTCAGTTACA_011,105
CACGCCATTCCTCAGTTACA_012,176
GGTGAAATAATAAGCCACGA_001,116
CAGGGTGCAGCTGAGACTCA_001,122
CAGGGTGCAGCTGAGACTCA_002,155
CAGGGTGCAGCTGAGACTCA_003,139
CAGGGTGCAGCTGAGACTCA_004,159
CAGGGTGCAGCTGAGACTCA_005,193
CAGGGTGCAGCTGAGACTCA_006,84
CAGGGTGCAGCTGAGACTCA_007,160
CAGGGTGCAGCTGAGACTCA_008,24
ACACTTACCATCCCAATACC_001,5
ACACTTACCATCCCAATACC_002,137
CAGATAACTCTGCACCCTCG_001,12
CAGATAACTCTGCACCCTCG_002,121
CAGATAACTCTGCACCCTCG_003,137
CAGATAACTCTGCACCCTCG_004,175
CAGATAACTCTGCACCCTCG_005,60
CAGATAACTCTGCACCCTCG_006,94
CAGATAACTCTGCACCCTCG_007,18
CAGATAACTCTGCACCCTCG_008,137
ATGAACCAGTACACCCACAG_001,49
ATGAACCAGTACACCCACAG_002,43
ATGAACCAGTACACCCACAG_003,146
ATGAACCAGTACACCCACAG_004,1
ATGAACCAGTACACCCACAG_005,70
ATGAACCAGTACACCCACAG_006,182
ATGAACCAGTACACCCACAG_007,111
ATGAACCAGTACACCCACAG_008,2
ATGAACCAGTACACCCACAG_009,76
ATGAACCAGTACACCCACAG_010,56
ATGAACCAGTACACCCACAG_011,92
ATGAACCAGTACACCCACAG_012,130
ATGAACCAGTACACCCACAG_013,97
ATGAACCAGTACACCCACAG_014,125
ATGAACCAGTACACCCACAG_015,73
ATGAACCAGTACACCCACAG_016,81
ATGAACCAGTACACCCACAG_017,134
ATGAACCAGTACACCCACAG_018,3
ATGAACCAGTACACCCACAG_019,113
GGAGTCAGAAAACGAACTCA_001,88
GGAGTCAGAAAACGAACTCA_002,159
GGAGTCAGAAAACGAACTCA_003,152
GGAGTCAGAAAACGAACTCA_004,138
GGAGTCAGAAAACGAACTCA_005,147
GGAGTCAGAAAACGAACTCA_006,120
GGAGTCAGAAAACGAACTCA_007,94
GGAGTCAGAAAACGAACTCA_008,184
GGAGTCAGAAAACGAACTCA_009,130
AACATGACTAGCAAGAACCG_001,68
AACATGACTAGCAAGAACCG_002,104
AACATGACTAGCAAGAACCG_003,160
AACATGACTAGCAAGAACCG_004,7
AACATGACTAGCAAGAACCG_005,150
AACATGACTAGCAAGAACCG_006,199
AACATGACTAGCAAGAACCG_007,62
AACATGACTAGCAAGAACCG_008,94
AACATGACTAGCAAGAACCG_009,134
AACATGACTAGCAAGAACCG_010,152
AACATGACTAGCAAGAACCG_011,148
AACATGACTAGCAAGAACCG_012,58
AACATGACTAGCAAGAACCG_013,40
AACATGACTAGCAAGAACCG_014,78
AACATGACTAGCAAGAACCG_015,182
AACATGACTAGCAAGAACCG_016,90
AACATGACTAGCAAGAACCG_017,187
GAAACACGCGAGGAGTCGGA_001,126
GAAACACGCGAGGAGTCGGA_002,36
GAAACACGCGAGGAGTCGGA_003,104
GAAACACGCGAGGAGTCGGA_004,13
GAAACACGCGAGGAGTCGGA_005,172
GAAACACGCGAGGAGTCGGA_006,32
GAAACACGCGAGGAGTCGGA_007,53
GAAACACGCGAGGAGTCGGA_008,190
GAAACACGCGAGGAGTCGGA_009,42
GAAACACGCGAGGAGTCGGA_010,42
GAAACACGCGAGGAGTCGGA_011,144
GAAACACGCGAGGAGTCGGA_012,155
GAAACACGCGAGGAGTCGGA_013,42
GAAACACGCGAGGAGTCGGA_014,146
GAAACACGCGAGGAGTCGGA_015,197
GAAACACGCGAGGAGTCGGA_016,60
GAAACACGCGAGGAGTCGGA_017,192
GAAACACGCGAGGAGTCGGA_018,115
GAAACACGCGAGGAGTCGGA_019,106
GAAACACGCGAGGAGTCGGA_020,152
GAAACACGCGAGGAGTCGGA_021,150
GAAACACGCGAGGAGTCGGA_022,124
AGTCGGCTTTCCTTTCCAAG_001,105
ATCACCAGCTTTGTAGACAG_001,95
ATCACCAGCTTTGTAGACAG_002,11
ATCACCAGCTTTGTAGACAG_003,73
ATCACCAGCTTTGTAGACAG_004,191
ATCACCAGCTTTGTAGACAG_005,41
ATCACCAGCTTTGTAGACAG_006,60
ATCACCAGCTTTGTAGACAG_007,168
ATCACCAGCTTTGTAGACAG_008,46
ACATAACCTATTGGTACACC_001,40
CAACTACATCAATAAGTGGG_001,181
CAACTACATCAATAAGTGGG_002,174
CAACTACATCAATAAGTGGG_003,60
GAGAGATACTACCATCCACC_001,160
GAGAGATACTACCATCCACC_002,176
GGCCCCAGGGGATAACCGAG_001,92
GGCCCCAGGGGATAACCGAG_002,19
GGCCCCAGGGGATAACCGAG_003,48
GGCCCCAGGGGATAACCGAG_004,134
GGCCCCAGGGGATAACCGAG_005,137
GGCCCCAGGGGATAACCGAG_006,8
GGCCCCAGGGGATAACCGAG_007,169
GGCCCCAGGGGATAACCGAG_008,1
GGCCCCAGGGGATAACCGAG_009,198
GGCCCCAGGGGATAACCGAG_010,198
GGCCCCAGGGGATAACCGAG_011,8
GGCCCCAGGGGATAACCGAG_012,134
GGCCCCAGGGGATAACCGAG_013,33
GGCCCCAGGGGATAACCGAG_014,149
GGCCCCAGGGGATAACCGAG_015,55
GGCCCCAGGGGATAACCGAG_016,38
GGCCCCAGGGGATAACCGAG_017,103
GGCCCCAGGGGATAACCGAG_018,197
GGCCCCAGGGGATAACCGAG_019,31
GGCCCCAGGGGATAACCGAG_020,40
GGCCCCAGGGGATAACCGAG_021,193
GGCCCCAGGGGATAACCGAG_022,34
GGCCCCAGGGGATAACCGAG_023,132
GGCCCCAGGGGATAACCGAG_024,112
GGCCCCAGGGGATAACCGAG_025,160
GGCCCCAGGGGATAACCGAG_026,77
GGCCCCAGGGGATAACCGAG_027,147
GGCCCCAGGGGATAACCGAG_028,84
GGCCCCAGGGGATAACCGAG_029,23
GGCCCCAGGGGATAACCGAG_030,154
GGCCCCAGGGGATAACCGAG_031,39
GGCCCCAGGGGATAACCGAG_032,136
GGCCCCAGGGGATAACCGAG_033,128
GGCCCCAGGGGATAACCGAG_034,152
GGCCCCAGGGGATAACCGAG_035,131
GGCCCCAGGGGATAACCGAG_036,94
GGCCCCAGGGGATAACCGAG_037,123
GGCCGAGCCTGCCCACTCGG_001,68
GGCCGAGCCTGCCCACTCGG_002,57
GGCCGAGCCTGCCCACTCGG_003,150
GGCCGAGCCTGCCCACTCGG_004,52
GGCCGAGCCTGCCCACTCGG_005,7
GGCCGAGCCTGCCCACTCGG_006,188
GGCCGAGCCTGCCCACTCGG_007,130
GGCCGAGCCTGCCCACTCGG_008,87
GGCCGAGCCTGCCCACTCGG_009,6
GGCCGAGCCTGCCCACTCGG_010,127
GGCCGAGCCTGCCCACTCGG_011,105
GGCCGAGCCTGCCCACTCGG_012,147
GGCCGAGCCTGCCCACTCGG_013,129
GGCCGAGCCTGCCCACTCGG_014,168
GGCCGAGCCTGCCCACTCGG_015,26
CGTGTCTGTTATGCTCTGGG_001,38
CGTGTCTGTTATGCTCTGGG_002,120
CGTGTCTGTTATGCTCTGGG_003,40
CGTGTCTGTTATGCTCTGGG_004,1
GGAGCAAGCTGTCTTGCCAC_001,63
TCCTTAAGGACACGGCAACT_001,134
TCCTTAAGGACACGGCAACT_002,36
TCCTTAAGGACACGGCAACT_003,197
TCCTTAAGGACACGGCAACT_004,48
TCCTTAAGGACACGGCAACT_005,174
TTCAATCTTTAGACCCTACG_001,12
TTCAATCTTTAGACCCTACG_002,4
TTCAATCTTTAGACCCTACG_003,30
TTCAATCTTTAGACCCTACG_004,119
TTCAATCTTTAGACCCTACG_005,60
TTCAATCTTTAGACCCTACG_006,2
TTCAATCTTTAGACCCTACG_007,174
TTCAATCTTTAGACCCTACG_008,69
TTCAATCTTTAGACCCTACG_009,69
TTCAATCTTTAGACCCTACG_010,63
GCAGGCCATCCGGATCAGGG_001,1
GCAGGCCATCCGGATCAGGG_002,127
GCAGGCCATCCGGATCAGGG_003,30
GCAGGCCATCCGGATCAGGG_004,14
GCAGGCCATCCGGATCAGGG_005,137
GCAGGCCATCCGGATCAGGG_006,19
GCAGGCCATCCGGATCAGGG_007,130
GCAGGCCATCCGGATCAGGG_008,9
GCAGGCCATCCGGATCAGGG_009,33
GCAGGCCATCCGGATCAGGG_010,152
GCAGGCCATCCGGATCAGGG_011,115
TGAATGTCTTCTCAGGCATG_001,54
TGAATGTCTTCTCAGGCATG_002,2
TGAATGTCTTCTCAGGCATG_003,19
TGAATGTCTTCTCAGGCATG_004,63
TGAATGTCTTCTCAGGCATG_005,188
TGAATGTCTTCTCAGGCATG_006,2
TGAATGTCTTCTCAGGCATG_007,188
AGTTCTACCAAACCCTCCAC_001,137
AGTTCTACCAAACCCTCCAC_002,102
AGTTCTACCAAACCCTCCAC_003,69
AGTTCTACCAAACCCTCCAC_004,113
AGTTCTACCAAACCCTCCAC_005,42
AGTTCTACCAAACCCTCCAC_006,86
AGTTCTACCAAACCCTCCAC_007,43
AGTTCTACCAAACCCTCCAC_008,81
AAGTTTCATGAATGTGTCGG_001,10
AAGTTTCATGAATGTGTCGG_002,116
AAGTTTCATGAATGTGTCGG_003,134
AAGTTTCATGAATGTGTCGG_004,54
AAGTTTCATGAATGTGTCGG_005,62
AAGTTTCATGAATGTGTCGG_006,30
CCCAGGCACAGCCGACGCCG_001,141
CCCAGGCACAGCCGACGCCG_002,127
CCCAGGCACAGCCGACGCCG_003,160
GATGCTCGAAGCAAGTACAG_001,80
GATGCTCGAAGCAAGTACAG_002,115
GATGCTCGAAGCAAGTACAG_003,29
GATGCTCGAAGCAAGTACAG_004,132
GATGCTCGAAGCAAGTACAG_005,85
GATGCTCGAAGCAAGTACAG_006,141
GATGCTCGAAGCAAGTACAG_007,105
GATGCTCGAAGCAAGTACAG_008,102
GATGCTCGAAGCAAGTACAG_009,193
GATGCTCGAAGCAAGTACAG_010,63
GATGCTCGAAGCAAGTACAG_011,176
GATGCTCGAAGCAAGTACAG_012,34
GATGCTCGAAGCAAGTACAG_013,130
GATGCTCGAAGCAAGTACAG_014,38
GATGCTCGAAGCAAGTACAG_015,97
GATGCTCGAAGCAAGTACAG_016,169
GATGCTCGAAGCAAGTACAG_017,96
GCTGCTGAAGGCGGACGACG_001,76
GCTGCTGAAGGCGGACGACG_002,117
GCTGCTGAAGGCGGACGACG_003,170
GCTGCTGAAGGCGGACGACG_004,119
GCTGCTGAAGGCGGACGACG_005,140
GCTGCTGAAGGCGGACGACG_006,69
GCTGCTGAAGGCGGACGACG_007,45
GCTGCTGAAGGCGGACGACG_008,29
GCTGCTGAAGGCGGACGACG_009,153
GGATGCGCCATAGTAATACG_001,9
GGATGCGCCATAGTAATACG_002,10
TACTGTCCTCGGACTACGAG_001,168
TGAACAGAGATTCCACCAGG_001,81
TGAACAGAGATTCCACCAGG_002,23
TGAACAGAGATTCCACCAGG_003,85
TGAACAGAGATTCCACCAGG_004,39
TGAACAGAGATTCCACCAGG_005,11
TGAACAGAGATTCCACCAGG_006,150
TGAACAGAGATTCCACCAGG_007,28
TGAACAGAGATTCCACCAGG_008,56
AGTCCTGTCAAAAAAACTGG_001,28
AGTCCTGTCAAAAAAACTGG_002,65
AGTCCTGTCAAAAAAACTGG_003,101
AGTCCTGTCAAAAAAACTGG_004,15
AGTCCTGTCAAAAAAACTGG_005,12
AGTCCTGTCAAAAAAACTGG_006,188
AGTCCTGTCAAAAAAACTGG_007,162
AGTCCTGTCAAAAAAACTGG_008,149
AGTCCTGTCAAAAAAACTGG_009,167
AGTCCTGTCAAAAAAACTGG_010,176
AGTCCTGTCAAAAAAACTGG_011,28
AGTCCTGTCAAAAAAACTGG_012,33
AGTCCTGTCAAAAAAACTGG_013,175
AGTCCTGTCAAAAAAACTGG_014,40
AGTCCTGTCAAAAAAACTGG_015,54
AGTCCTGTCAAAAAAACTGG_016,140
AGTCCTGTCAAAAAAACTGG_017,1
AGTCCTGTCAAAAAAACTGG_018,37
AGTCCTGTCAAAAAAACTGG_019,17
AGTCCTGTCAAAAAAACTGG_020,79
AGTCCTGTCAAAAAAACTGG_021,118
GCTGATCATGTGCATCAGCG_001,177
GCTGATCATGTGCATCAGCG_002,188
GCTGATCATGTGCATCAGCG_003,132
GCTGATCATGTGCATCAGCG_004,78
GCTGATCATGTGCATCAGCG_005,58
GCTGATCATGTGCATCAGCG_006,45
GCTGATCATGTGCATCAGCG_007,145
GCTGATCATGTGCATCAGCG_008,166
CGAGTTCGACCGGACCATCG_001,94
CGAGTTCGACCGGACCATCG_002,105
CGAGTTCGACCGGACCATCG_003,47
CGAGTTCGACCGGACCATCG_004,6
CGAGTTCGACCGGACCATCG_005,82
CGAGTTCGACCGGACCATCG_006,50
CGAGTTCGACCGGACCATCG_007,158
CTAATGTTATCGCGGAATGA_001,137
CTAATGTTATCGCGGAATGA_002,152
CTCTAAGTGAGCCACACGCA_001,52
CTCTAAGTGAGCCACACGCA_002,80
CTCTAAGTGAGCCACACGCA_003,6
CTCTAAGTGAGCCACACGCA_004,198
CTCTAAGTGAGCCACACGCA_005,31
CTCTAAGTGAGCCACACGCA_006,107
CTCTAAGTGAGCCACACGCA_007,162
GAGTACCGAGAGTATATCGG_001,188
GAGTACCGAGAGTATATCGG_002,157
GAGTACCGAGAGTATATCGG_003,158
GAGTACCGAGAGTATATCGG_004,143
GAGTACCGAGAGTATATCGG_005,143
GAGTACCGAGAGTATATCGG_006,13
GAGTACCGAGAGTATATCGG_007,137
GAGTACCGAGAGTATATCGG_008,78
GAGTACCGAGAGTATATCGG_009,198
GAGTACCGAGAGTATATCGG_010,2
GAGTACCGAGAGTATATCGG_011,136
GAGTACCGAGAGTATATCGG_012,26
GAGTACCGAGAGTATATCGG_013,178
GAGTACCGAGAGTATATCGG_014,178
GAGTACCGAGAGTATATCGG_015,81
GAGTACCGAGAGTATATCGG_016,127
GAGTACCGAGAGTATATCGG_017,156
GGTCGTGTCCTTCGTCGTCG_001,83
GGTCGTGTCCTTCGTCGTCG_002,168
GGTCGTGTCCTTCGTCGTCG_003,149
GGTCGTGTCCTTCGTCGTCG_004,175
GGTCGTGTCCTTCGTCGTCG_005,1
ACGGCCCATCGAAGGGCGCG_001,162
ACGGCCCATCGAAGGGCGCG_002,158
ACGGCCCATCGAAGGGCGCG_003,34
ACGGCCCATCGAAGGGCGCG_004,40
ACGGCCCATCGAAGGGCGCG_005,145
ACGGCCCATCGAAGGGCGCG_006,83
ACGGCCCATCGAAGGGCGCG_007,149
ACGGCCCATCGAAGGGCGCG_008,119
ACGGCCCATCGAAGGGCGCG_009,15
ACGGCCCATCGAAGGGCGCG_010,161
ACGGCCCATCGAAGGGCGCG_011,82
ACGGCCCATCGAAGGGCGCG_012,12
ACGGCCCATCGAAGGGCGCG_013,195
ACGGCCCATCGAAGGGCGCG_014,169
ACGGCCCATCGAAGGGCGCG_015,101
ACGGCCCATCGAAGGGCGCG_016,98
ACGGCCCATCGAAGGGCGCG_017,83
ACGGCCCATCGAAGGGCGCG_018,147
ACGGCCCATCGAAGGGCGCG_019,36
ACGGCCCATCGAAGGGCGCG_020,161
ACGGCCCATCGAAGGGCGCG_021,68
ACGGCCCATCGAAGGGCGCG_022,1
ACGGCCCATCGAAGGGCGCG_023,41
ACGGCCCATCGAAGGGCGCG_024,94
TACCAAAATGTGGCCAATCG_001,81
TACCAAAATGTGGCCAATCG_002,191
TACCAAAATGTGGCCAATCG_003,188
TACCAAAATGTGGCCAATCG_004,150
TACCAAAATGTGGCCAATCG_005,61
TACCAAAATGTGGCCAATCG_006,158
TACCAAAATGTGGCCAATCG_007,102
TACCAAAATGTGGCCAATCG_008,10
TACCAAAATGTGGCCAATCG_009,42
TACCAAAATGTGGCCAATCG_010,72
ACTATTGACAGCACCCACCT_001,15
ACTATTGACAGCACCCACCT_002,144
ACTATTGACAGCACCCACCT_003,188
ACTATTGACAGCACCCACCT_004,84
ACTATTGACAGCACCCACCT_005,152
ACTATTGACAGCACCCACCT_006,199
ACTATTGACAGCACCCACCT_007,134
ACTATTGACAGCACCCACCT_008,50
ACTATTGACAGCACCCACCT_009,98
GTGCGCTTCGACCGGCGCCG_001,43
GTGCGCTTCGACCGGCGCCG_002,29
GTGCGCTTCGACCGGCGCCG_003,63
GTGCGCTTCGACCGGCGCCG_004,48
GTGCGCTTCGACCGGCGCCG_005,64
GTGCGCTTCGACCGGCGCCG_006,4
CACGCACAACCACATCGAGG_001,53
CACGCACAACCACATCGAGG_002,92
CACGCACAACCACATCGAGG_003,172
CACGCACAACCACATCGAGG_004,141
CACGCACAACCACATCGAGG_005,182
CACGCACAACCACATCGAGG_006,13
CACGCACAACCACATCGAGG_007,197
CACGCACAACCACATCGAGG_008,140
CACGCACAACCACATCGAGG_009,65
CACGCACAACCACATCGAGG_010,103
CACGCACAACCACATCGAGG_011,63
CACGCACAACCACATCGAGG_012,3
CACGCACAACCACATCGAGG_013,197
CATCCAATTACAACCAAGAG_001,50
CATCCAATTACAACCAAGAG_002,45
CATCCAATTACAACCAAGAG_003,149
CATCCAATTACAACCAAGAG_004,195
CATCCAATTACAACCAAGAG_005,160
GAGTGAACTGGTCAGCAATG_001,32
GAGTGAACTGGTCAGCAATG_002,172
GAGTGAACTGGTCAGCAATG_003,29
GAGTGAACTGGTCAGCAATG_004,160
GAGTGAACTGGTCAGCAATG_005,17
GAGTGAACTGGTCAGCAATG_006,115
GAGTGAACTGGTCAGCAATG_007,20
GAGTGAACTGGTCAGCAATG_008,153
GAGTGAACTGGTCAGCAATG_009,188
GAGTGAACTGGTCAGCAATG_010,31
GAGTGAACTGGTCAGCAATG_011,197
GAGTGAACTGGTCAGCAATG_012,75
GAGTGAACTGGTCAGCAATG_013,36
GAGTGAACTGGTCAGCAATG_014,81
GAGTGAACTGGTCAGCAATG_015,115
GAGTGAACTGGTCAGCAATG_016,196
GAGTGAACTGGTCAGCAATG_017,146
GAGTGAACTGGTCAGCAATG_018,150
GAGTGAACTGGTCAGCAATG_019,115
GAGTGAACTGGTCAGCAATG_020,60
GAGTGAACTGGTCAGCAATG_021,17
GAGTGAACTGGTCAGCAATG_022,63
GAGTGAACTGGTCAGCAATG_023,180
GAGTGAACTGGTCAGCAATG_024,43
GAGTGAACTGGTCAGCAATG_025,123
ATGCCCAAAGAATACAGGTG_001,29
ATGCCCAAAGAATACAGGTG_002,82
ATGCCCAAAGAATACAGGTG_003,57
ATGCCCAAAGAATACAGGTG_004,38
ATGCCCAAAGAATACAGGTG_005,52
ATGCCCAAAGAATACAGGTG_006,149
ATGCCCAAAGAATACAGGTG_007,19
ATGCCCAAAGAATACAGGTG_008,28
ATGCCCAAAGAATACAGGTG_009,8
ATGCCCAAAGAATACAGGTG_010,180
ATGCCCAAAGAATACAGGTG_011,15
GACCCCCGATAACTTTTGAC_001,149
GACCCCCGATAACTTTTGAC_002,163
AGTTGTCTACTACAATGCAA_001,48
AGTTGTCTACTACAATGCAA_002,191
AGTTGTCTACTACAATGCAA_003,111
AGTTGTCTACTACAATGCAA_004,13
AGTTGTCTACTACAATGCAA_005,165
AGTTGTCTACTACAATGCAA_006,34
GAGGTGTACTCACAGGTCGT_001,127
GAGGTGTACTCACAGGTCGT_002,61
GAGGTGTACTCACAGGTCGT_003,19
GAGGTGTACTCACAGGTCGT_004,105
GAGGTGTACTCACAGGTCGT_005,41
GAGGTGTACTCACAGGTCGT_006,105
GAGGTGTACTCACAGGTCGT_007,15
GAGGTGTACTCACAGGTCGT_008,20
GAGGTGTACTCACAGGTCGT_009,148
GAGGTGTACTCACAGGTCGT_010,154
GAGGTGTACTCACAGGTCGT_011,172
GAGGTGTACTCACAGGTCGT_012,3
ACAGGTAGTACGCCACGGTG_001,19
ACAGGTAGTACGCCACGGTG_002,162
ACAGGTAGTACGCCACGGTG_003,29
ACAGGTAGTACGCCACGGTG_004,159
ACAGGTAGTACGCCACGGTG_005,127
ACAGGTAGTACGCCACGGTG_006,4
ACAGGTAGTACGCCACGGTG_007,17
ACAGGTAGTACGCCACGGTG_008,199
ACAGGTAGTACGCCACGGTG_009,38
ACAGGTAGTACGCCACGGTG_010,102
ACAGGTAGTACGCCACGGTG_011,94
ACAGGTAGTACGCCACGGTG_012,41
ATAGAGTGGTTCGCACACAG_001,49
ATAGAGTGGTTCGCACACAG_002,29
ATAGAGTGGTTCGCACACAG_003,74
ATAGAGTGGTTCGCACACAG_004,137
ATAGAGTGGTTCGCACACAG_005,15
ATAGAGTGGTTCGCACACAG_006,119
ATAGAGTGGTTCGCACACAG_007,142
ATAGAGTGGTTCGCACACAG_008,37
ATAGAGTGGTTCGCACACAG_009,124
ATAGAGTGGTTCGCACACAG_010,124
AGTCACGCGAAATCAGTGCC_001,77
AGTCACGCGAAATCAGTGCC_002,105
AGTCACGCGAAATCAGTGCC_003,2
AGTCACGCGAAATCAGTGCC_004,47
AGTCACGCGAAATCAGTGCC_005,172
AGTCACGCGAAATCAGTGCC_006,85
AGTCACGCGAAATCAGTGCC_007,53
AGTCACGCGAAATCAGTGCC_008,31
AGTCACGCGAAATCAGTGCC_009,182
AGTCACGCGAAATCAGTGCC_010,88
AGTCACGCGAAATCAGTGCC_011,84
AGTCACGCGAAATCAGTGCC_012,162
AGTCACGCGAAATCAGTGCC_013,40
AGTCACGCGAAATCAGTGCC_014,24
AGTCACGCGAAATCAGTGCC_015,76
AGTCACGCGAAATCAGTGCC_016,159
AGTCACGCGAAATCAGTGCC_017,190
AGTCACGCGAAATCAGTGCC_018,188
ACCTCACGCCGCTGACCGGG_001,132
ACCTCACGCCGCTGACCGGG_002,172
ACCTCACGCCGCTGACCGGG_003,43
ACCTCACGCCGCTGACCGGG_004,69
ACCTCACGCCGCTGACCGGG_005,1
ACCTCACGCCGCTGACCGGG_006,194
GCATGAGGATGCACACTTTG_001,170
GCATGAGGATGCACACTTTG_002,63
GCATGAGGATGCACACTTTG_003,81
GCATGAGGATGCACACTTTG_004,95
GCATGAGGATGCACACTTTG_005,105
GCATGAGGATGCACACTTTG_006,78
GCATGAGGATGCACACTTTG_007,12
GCATGAGGATGCACACTTTG_008,153
GCATGAGGATGCACACTTTG_009,166
GCATGAGGATGCACACTTTG_010,191
GCATGAGGATGCACACTTTG_011,127
GCATGAGGATGCACACTTTG_012,193
GCATGAGGATGCACACTTTG_013,14
GCATGAGGATGCACACTTTG_014,152
AGAAGGAGGAGCGATACAAG_001,41
AGAAGGAGGAGCGATACAAG_002,51
AGAAGGAGGAGCGATACAAG_003,127
AGAAGGAGGAGCGATACAAG_004,188
AGAAGGAGGAGCGATACAAG_005,147
AGAAGGAGGAGCGATACAAG_006,99
AGAAGGAGGAGCGATACAAG_007,58
AGAAGGAGGAGCGATACAAG_008,158
AGAAGGAGGAGCGATACAAG_009,155
AGAAGGAGGAGCGATACAAG_010,16
AGAAGGAGGAGCGATACAAG_011,9
AGAAGGAGGAGCGATACAAG_012,105
AGAAGGAGGAGCGATACAAG_013,95
AGAAGGAGGAGCGATACAAG_014,23
AGAAGGAGGAGCGATACAAG_015,57
TCCATCAGTGCAATCTGGCG_001,142
TCCATCAGTGCAATCTGGCG_002,2
TCCATCAGTGCAATCTGGCG_003,59
TCCATCAGTGCAATCTGGCG_004,168
TCCATCAGTGCAATCTGGCG_005,141
GCTGGCTAATATCTCCGTGG_001,145
AAATGGAGACTTAATTGCAG_001,157
GGAATCTCACACTCATGGCA_001,60
GGAATCTCACACTCATGGCA_002,128
GGAATCTCACACTCATGGCA_003,126
GGAATCTCACACTCATGGCA_004,183
GGAATCTCACACTCATGGCA_005,188
GGAATCTCACACTCATGGCA_006,188
GGAATCTCACACTCATGGCA_007,141
GGAATCTCACACTCATGGCA_008,122
GGAATCTCACACTCATGGCA_009,92
GGAATCTCACACTCATGGCA_010,144
GGAATCTCACACTCATGGCA_011,119
GGAATCTCACACTCATGGCA_012,70
GGAATCTCACACTCATGGCA_013,160
GGAATCTCACACTCATGGCA_014,187
GGAATCTCACACTCATGGCA_015,77
TATGGAGTGATGGGTGACGA_001,29
TATGGAGTGATGGGTGACGA_002,77
TATGGAGTGATGGGTGACGA_003,177
TATGGAGTGATGGGTGACGA_004,103
TATGGAGTGATGGGTGACGA_005,27
TATGGAGTGATGGGTGACGA_006,19
TATGGAGTGATGGGTGACGA_007,175
TATGGAGTGATGGGTGACGA_008,149
TATGGAGTGATGGGTGACGA_009,77
TATGGAGTGATGGGTGACGA_010,48
TATGGAGTGATGGGTGACGA_011,148
TATGGAGTGATGGGTGACGA_012,47
TATGGAGTGATGGGTGACGA_013,188
TATGGAGTGATGGGTGACGA_014,174
TATGGAGTGATGGGTGACGA_015,48
AGGACGAGGAGAGCATCGTG_001,72
AGGACGAGGAGAGCATCGTG_002,98
AGGACGAGGAGAGCATCGTG_003,23
AGGACGAGGAGAGCATCGTG_004,23
AGGACGAGGAGAGCATCGTG_005,9
AGGACGAGGAGAGCATCGTG_006,32
AGGACGAGGAGAGCATCGTG_007,105
AGGACGAGGAGAGCATCGTG_008,17
GAGCATGAGGTCATTAACAT_001,4
GAGCATGAGGTCATTAACAT_002,29
GAGCATGAGGTCATTAACAT_003,78
GAGCATGAGGTCATTAACAT_004,52
GAGCATGAGGTCATTAACAT_005,69
GGGCGCGCGTACCTTCCACG_001,15
GGGCGCGCGTACCTTCCACG_002,115
GGGCGCGCGTACCTTCCACG_003,116
GGGCGCGCGTACCTTCCACG_004,137
GGGCGCGCGTACCTTCCACG_005,16
GGGCGCGCGTACCTTCCACG_006,68
GGGCGCGCGTACCTTCCACG_007,9
GGGCGCGCGTACCTTCCACG_008,158
GGGCGCGCGTACCTTCCACG_009,168
GGGCGCGCGTACCTTCCACG_010,134
GGGCGCGCGTACCTTCCACG_011,108
GGGCGCGCGTACCTTCCACG_012,77
GGGCGCGCGTACCTTCCACG_013,166
GGGCGCGCGTACCTTCCACG_014,48
TCCTGGGAGAAGCTCAACAC_001,100
TCCTGGGAGAAGCTCAACAC_002,21
TCCTGGGAGAAGCTCAACAC_003,36
TCCTGGGAGAAGCTCAACAC_004,1
TCCTGGGAGAAGCTCAACAC_005,2
TCCTGGGAGAAGCTCAACAC_006,24
TCCTGGGAGAAGCTCAACAC_007,166
TCCTGGGAGAAGCTCAACAC_008,162
TCCTGGGAGAAGCTCAACAC_009,57
TCCTGGGAGAAGCTCAACAC_010,69
TCCTGGGAGAAGCTCAACAC_011,163
TCCTGGGAGAAGCTCAACAC_012,119
TCCTGGGAGAAGCTCAACAC_013,198
TCCTGGGAGAAGCTCAACAC_014,184
AATGTCCACTTTGGTCAGGG_001,18
AATGTCCACTTTGGTCAGGG_002,172
AATGTCCACTTTGGTCAGGG_003,48
AATGTCCACTTTGGTCAGGG_004,29
AATGTCCACTTTGGTCAGGG_005,114
AATGTCCACTTTGGTCAGGG_006,78
AATGTCCACTTTGGTCAGGG_007,102
AATGTCCACTTTGGTCAGGG_008,129
AATGTCCACTTTGGTCAGGG_009,55
AATGTCCACTTTGGTCAGGG_010,42
AATGTCCACTTTGGTCAGGG_011,81
AATGTCCACTTTGGTCAGGG_012,148
AATGTCCACTTTGGTCAGGG_013,17
AATGTCCACTTTGGTCAGGG_014,72
AATGTCCACTTTGGTCAGGG_015,32
CAGTAAAAGAAAATCACGGT_001,91
CAGTAAAAGAAAATCACGGT_002,158
CAGTAAAAGAAAATCACGGT_003,192
ATGATGGTGACATACCGGAG_001,53
ATGATGGTGACATACCGGAG_002,14
CAGTGGGTTGATGTTGCACA_001,48
CAGTGGGTTGATGTTGCACA_002,162
CAGTGGGTTGATGTTGCACA_003,94
CAGTGGGTTGATGTTGCACA_004,41
CAGTGGGTTGATGTTGCACA_005,181
CAGTGGGTTGATGTTGCACA_006,21
CAGTGGGTTGATGTTGCACA_007,139
CAGTGGGTTGATGTTGCACA_008,134
CAGTGGGTTGATGTTGCACA_009,88
CAGTGGGTTGATGTTGCACA_010,118
CAGTGGGTTGATGTTGCACA_011,76
CAGTGGGTTGATGTTGCACA_012,57
CAGTGGGTTGATGTTGCACA_013,126
CAGTGGGTTGATGTTGCACA_014,63
CAGTGGGTTGATGTTGCACA_015,126
GGGCGTACGAGTTTGACAAG_001,129
GGGCGTACGAGTTTGACAAG_002,107
GGGCGTACGAGTTTGACAAG_003,124
GGGCGTACGAGTTTGACAAG_004,74
GGGCGTACGAGTTTGACAAG_005,81
GGGCGTACGAGTTTGACAAG_006,136
GGGCGTACGAGTTTGACAAG_007,28
GGGCGTACGAGTTTGACAAG_008,104
GGGCGTACGAGTTTGACAAG_009,57
GGGCGTACGAGTTTGACAAG_010,1
GGGCGTACGAGTTTGACAAG_011,83
GGGCGTACGAGTTTGACAAG_012,91
GGGCGTACGAGTTTGACAAG_013,133
GGGCGTACGAGTTTGACAAG_014,66
GTACAGCGAGCCTTCATGCA_001,37
GTACAGCGAGCCTTCATGCA_002,20
GTACAGCGAGCCTTCATGCA_003,144
GTACAGCGAGCCTTCATGCA_004,137
GTACAGCGAGCCTTCATGCA_005,8
GTACAGCGAGCCTTCATGCA_006,12
GTACAGCGAGCCTTCATGCA_007,144
GTACAGCGAGCCTTCATGCA_008,144
GTACAGCGAGCCTTCATGCA_009,157
GTACAGCGAGCCTTCATGCA_010,127
GTACAGCGAGCCTTCATGCA_011,121
GTACAGCGAGCCTTCATGCA_012,42
GTACAGCGAGCCTTCATGCA_013,33
GTACAGCGAGCCTTCATGCA_014,15
GTACAGCGAGCCTTCATGCA_015,125
GTACAGCGAGCCTTCATGCA_016,13
GTACAGCGAGCCTTCATGCA_017,162
GTACAGCGAGCCTTCATGCA_018,131
GTACAGCGAGCCTTCATGCA_019,147
GTACAGCGAGCCTTCATGCA_020,162
GTACAGCGAGCCTTCATGCA_021,40
CTTTGCTGGATATTTCGCAG_001,164
CCCTGAAGAGCAACCCTGGG_001,169
CCCTGAAGAGCAACCCTGGG_002,159
CCCTGAAGAGCAACCCTGGG_003,7
CCCTGAAGAGCAACCCTGGG_004,151
CCCTGAAGAGCAACCCTGGG_005,49
CCCTGAAGAGCAACCCTGGG_006,94
CCCTGAAGAGCAACCCTGGG_007,77
CCCTGAAGAGCAACCCTGGG_008,139
CCCTGAAGAGCAACCCTGGG_009,58
CCCTGAAGAGCAACCCTGGG_010,22
CCCTGAAGAGCAACCCTGGG_011,44
CCCTGAAGAGCAACCCTGGG_012,82
CCCTGAAGAGCAACCCTGGG_013,186
CCCTGAAGAGCAACCCTGGG_014,58
CCCTGAAGAGCAACCCTGGG_015,16
CCCTGAAGAGCAACCCTGGG_016,83
CCCTGAAGAGCAACCCTGGG_017,127
CCCTGAAGAGCAACCCTGGG_018,146
CCCTGAAGAGCAACCCTGGG_019,19
CCCTGAAGAGCAACCCTGGG_020,32
CCCTGAAGAGCAACCCTGGG_021,169
CCCTGAAGAGCAACCCTGGG_022,78
CCCTGAAGAGCAACCCTGGG_023,78
CCCTGAAGAGCAACCCTGGG_024,148
CCCTGAAGAGCAACCCTGGG_025,190
GAAACGCACAACACTCAGCA_001,140
GAAACGCACAACACTCAGCA_002,65
GAAACGCACAACACTCAGCA_003,107
GAAACGCACAACACTCAGCA_004,100
GAAACGCACAACACTCAGCA_005,100
GAAACGCACAACACTCAGCA_006,67
GAAACGCACAACACTCAGCA_007,199
GAAACGCACAACACTCAGCA_008,60
GAAACGCACAACACTCAGCA_009,135
GAAACGCACAACACTCAGCA_010,1
GAAACGCACAACACTCAGCA_011,121
GAAACGCACAACACTCAGCA_012,59
GAAACGCACAACACTCAGCA_013,88
GAAACGCACAACACTCAGCA_014,27
GAAACGCACAACACTCAGCA_015,122
GAAACGCACAACACTCAGCA_016,15
GAAACGCACAACACTCAGCA_017,158
GAAACGCACAACACTCAGCA_018,126
GAAACGCACAACACTCAGCA_019,105
GAAACGCACAACACTCAGCA_020,185
GAAACGCACAACACTCAGCA_021,131
GAAACGCACAACACTCAGCA_022,49
GAAACGCACAACACTCAGCA_023,143
GAAACGCACAACACTCAGCA_024,35
GAAACGCACAACACTCAGCA_025,66
GAAACGCACAACACTCAGCA_026,35
GAAACGCACAACACTCAGCA_027,197
GAAACGCACAACACTCAGCA_028,88
GAAACGCACAACACTCAGCA_029,9
GAAACTATGTCACTCGTCAG_001,194
GAAACTATGTCACTCGTCAG_002,169
GAAACTATGTCACTCGTCAG_003,17
CTCCATATGTATCTCTACCC_001,17
CCTGCGTCGCCATCCCCCCA_001,150
CCTGCGTCGCCATCCCCCCA_002,101
CCTGCGTCGCCATCCCCCCA_003,30
CCTGCGTCGCCATCCCCCCA_004,33
CCTGCGTCGCCATCCCCCCA_005,119
CCTGCGTCGCCATCCCCCCA_006,182
GCCAACATGAGTGCTAAGGA_001,22
GCCAACATGAGTGCTAAGGA_002,61
GCCAACATGAGTGCTAAGGA_003,116
TGACACGGTATGATATGAGT_001,157
TGACACGGTATGATATGAGT_002,47
TGACACGGTATGATATGAGT_003,108
TGACACGGTATGATATGAGT_004,78
TGACACGGTATGATATGAGT_005,45
TGACACGGTATGATATGAGT_006,170
TGACACGGTATGATATGAGT_007,48
GCTAACTCCTGTGACATGTG_001,107
GCTAACTCCTGTGACATGTG_002,50
GCTAACTCCTGTGACATGTG_003,170
GCTAACTCCTGTGACATGTG_004,26
GCTAACTCCTGTGACATGTG_005,128
GCTAACTCCTGTGACATGTG_006,115
GCTAACTCCTGTGACATGTG_007,169
GCTAACTCCTGTGACATGTG_008,102
GCTAACTCCTGTGACATGTG_009,88
GCTAACTCCTGTGACATGTG_010,63
GCTAACTCCTGTGACATGTG_011,148
GCTAACTCCTGTGACATGTG_012,102
GCTAACTCCTGTGACATGTG_013,10
GCTAACTCCTGTGACATGTG_014,69
CCTGCACAAGTACCCAACAG_001,2
CCTGCACAAGTACCCAACAG_002,115
CCTGCACAAGTACCCAACAG_003,52
CCTGCACAAGTACCCAACAG_004,57
CCTGCACAAGTACCCAACAG_005,96
CCTGCACAAGTACCCAACAG_006,98
CCTGCACAAGTACCCAACAG_007,88
CCTGCACAAGTACCCAACAG_008,59
CCTGCACAAGTACCCAACAG_009,11
CCTGCACAAGTACCCAACAG_010,29
CCTGCACAAGTACCCAACAG_011,63
CCTGCACAAGTACCCAACAG_012,165
CCTGCACAAGTACCCAACAG_013,190
ACATAAGAAAATTCATACTG_001,25
ACATAAGAAAATTCATACTG_002,132
ACATAAGAAAATTCATACTG_003,61
ACATAAGAAAATTCATACTG_004,187
ACATAAGAAAATTCATACTG_005,38
ACCCTGGGGCCAGGTAACAT_001,58
ACCCTGGGGCCAGGTAACAT_002,87
ACCCTGGGGCCAGGTAACAT_003,23
ACCCTGGGGCCAGGTAACAT_004,48
ACCCTGGGGCCAGGTAACAT_005,127
ACCCTGGGGCCAGGTAACAT_006,141
ACCCTGGGGCCAGGTAACAT_007,29
ACCCTGGGGCCAGGTAACAT_008,60
ACCCTGGGGCCAGGTAACAT_009,148
ACCCTGGGGCCAGGTAACAT_010,148
ACCCTGGGGCCAGGTAACAT_011,175
ACCCTGGGGCCAGGTAACAT_012,192
ACCCTGGGGCCAGGTAACAT_013,88
ACCCTGGGGCCAGGTAACAT_014,21
ACCCTGGGGCCAGGTAACAT_015,144
ACCCTGGGGCCAGGTAACAT_016,178
ACCCTGGGGCCAGGTAACAT_017,178
ACCCTGGGGCCAGGTAACAT_018,191
GCTGCAGGTCATCCTCCAAG_001,5
GCTGCAGGTCATCCTCCAAG_002,30
GCTGCAGGTCATCCTCCAAG_003,170
GCTACTAATACTCCGTAGAG_001,52
GCTACTAATACTCCGTAGAG_002,9
GCTACTAATACTCCGTAGAG_003,9
GCTACTAATACTCCGTAGAG_004,138
GCTACTAATACTCCGTAGAG_005,56
CTCATTGACCGACTGCCATG_001,155
CTCATTGACCGACTGCCATG_002,88
CTCATTGACCGACTGCCATG_003,82
CTCATTGACCGACTGCCATG_004,70
CTCATTGACCGACTGCCATG_005,23
CTCATTGACCGACTGCCATG_006,97
CTCATTGACCGACTGCCATG_007,162
CTCATTGACCGACTGCCATG_008,81
CTCATTGACCGACTGCCATG_009,184
CTCATTGACCGACTGCCATG_010,70
CTCATTGACCGACTGCCATG_011,178
CTCATTGACCGACTGCCATG_012,161
CTCATTGACCGACTGCCATG_013,168
CTCATTGACCGACTGCCATG_014,105
CTCATTGACCGACTGCCATG_015,127
CTCATTGACCGACTGCCATG_016,66
CTCATTGACCGACTGCCATG_017,113
CTCATTGACCGACTGCCATG_018,108
CCACGGCGTCAGTCACCAAG_001,10
CCACGGCGTCAGTCACCAAG_002,181
CCACGGCGTCAGTCACCAAG_003,171
CCACGGCGTCAGTCACCAAG_004,61
CCACGGCGTCAGTCACCAAG_005,123
CCACGGCGTCAGTCACCAAG_006,98
CCACGGCGTCAGTCACCAAG_007,161
CCACGGCGTCAGTCACCAAG_008,94
CCACGGCGTCAGTCACCAAG_009,166
CCACGGCGTCAGTCACCAAG_010,22
CCACGGCGTCAGTCACCAAG_011,123
CCACGGCGTCAGTCACCAAG_012,52
GGGTCCAGGAAAAGTGTTTG_001,15
GGGTCCAGGAAAAGTGTTTG_002,142
GGGTCCAGGAAAAGTGTTTG_003,144
GGGTCCAGGAAAAGTGTTTG_004,130
TGAAACTGGACTTATTCAGG_001,27
TGAAACTGGACTTATTCAGG_002,76
TGAAACTGGACTTATTCAGG_003,150
TGAAACTGGACTTATTCAGG_004,3
ATTCAGGGGTAGGTTCAAGG_001,170
ATTCAGGGGTAGGTTCAAGG_002,188
ATTCAGGGGTAGGTTCAAGG_003,84
ATTCAGGGGTAGGTTCAAGG_004,188
ATTCAGGGGTAGGTTCAAGG_005,19
ATTCAGGGGTAGGTTCAAGG_006,137
ATTCAGGGGTAGGTTCAAGG_007,121
ATTCAGGGGTAGGTTCAAGG_008,159
ATTCAGGGGTAGGTTCAAGG_009,188
ATTCAGGGGTAGGTTCAAGG_010,89
ATTCAGGGGTAGGTTCAAGG_011,118
AATTCAAAATACTTACCCGA_001,70
AATTCAAAATACTTACCCGA_002,36
AATTCAAAATACTTACCCGA_003,176
AATTCAAAATACTTACCCGA_004,76
AATTCAAAATACTTACCCGA_005,15
AATTCAAAATACTTACCCGA_006,69
AATTCAAAATACTTACCCGA_007,30
ACTTCAAGTTCACAGGCACA_001,27
ACTTCAAGTTCACAGGCACA_002,40
ACTTCAAGTTCACAGGCACA_003,185
ACTTCAAGTTCACAGGCACA_004,87
ACTTCAAGTTCACAGGCACA_005,199
ACTTCAAGTTCACAGGCACA_006,152
ACTTCAAGTTCACAGGCACA_007,78
ACTTCAAGTTCACAGGCACA_008,169
ACTTCAAGTTCACAGGCACA_009,105
ACTTCAAGTTCACAGGCACA_010,150
ACTTCAAGTTCACAGGCACA_011,137
ACTTCAAGTTCACAGGCACA_012,194
ACTTCAAGTTCACAGGCACA_013,154
ACTTCAAGTTCACAGGCACA_014,42
ACTTCAAGTTCACAGGCACA_015,40
ACTTCAAGTTCACAGGCACA_016,106
ACTTCAAGTTCACAGGCACA_017,81
AGTGATCTCAACAACAGTAC_001,46
GGCAAAGCAAAGTCTACTCG_001,8
GGCAAAGCAAAGTCTACTCG_002,16
GGCAAAGCAAAGTCTACTCG_003,98
GGCAAAGCAAAGTCTACTCG_004,63
GGCAAAGCAAAGTCTACTCG_005,78
GGCAAAGCAAAGTCTACTCG_006,138
ATATTTCTTCAGCATTAACG_001,172
TAACGAACCATTTCAGCATG_001,12
GTGGAGGAACAAAACGTACG_001,162
GTGGAGGAACAAAACGTACG_002,23
GTGGAGGAACAAAACGTACG_003,43
GTGGAGGAACAAAACGTACG_004,17
ATCTTTACCCAAGAGACTCG_001,147
ATCTTTACCCAAGAGACTCG_002,171
ATCTTTACCCAAGAGACTCG_003,104
ATCTTTACCCAAGAGACTCG_004,150
ATCTTTACCCAAGAGACTCG_005,16
ATCTTTACCCAAGAGACTCG_006,20
ATCTTTACCCAAGAGACTCG_007,29
ATCTTTACCCAAGAGACTCG_008,57
ATCTTTACCCAAGAGACTCG_009,34
ATCTTTACCCAAGAGACTCG_010,88
ATGAGCATCTTCGGGAACCA_001,74
ATGAGCATCTTCGGGAACCA_002,115
ATGAGCATCTTCGGGAACCA_003,144
ATGAGCATCTTCGGGAACCA_004,95
CTGTTACGCAATCATCATCG_001,26
CTGTTACGCAATCATCATCG_002,9
AGCACGACCGCAATGATCAG_001,27
AGCACGACCGCAATGATCAG_002,102
AGCACGACCGCAATGATCAG_003,35
AGCACGACCGCAATGATCAG_004,42
AGCACGACCGCAATGATCAG_005,81
AGCACGACCGCAATGATCAG_006,0
AGCACGACCGCAATGATCAG_007,43
AGCACGACCGCAATGATCAG_008,194
AGCACGACCGCAATGATCAG_009,173
AGCACGACCGCAATGATCAG_010,17
AGCACGACCGCAATGATCAG_011,142
AGCACGACCGCAATGATCAG_012,13
AGCACGACCGCAATGATCAG_013,83
AGCACGACCGCAATGATCAG_014,152
AGCACGACCGCAATGATCAG_015,61
AGCACGACCGCAATGATCAG_016,172
AGCACGACCGCAATGATCAG_017,62
AGCACGACCGCAATGATCAG_018,144
TGAAACTCAGCATCGCTCAG_001,149
TGAAACTCAGCATCGCTCAG_002,124
TGAAACTCAGCATCGCTCAG_003,10
GGGAGAAGTGCTTCACATCG_001,55
GGGAGAAGTGCTTCACATCG_002,27
GGGAGAAGTGCTTCACATCG_003,76
TCTTTGAGATCTCTGCTCTG_001,130
TCTTTGAGATCTCTGCTCTG_002,95
TCTTTGAGATCTCTGCTCTG_003,143
TCTTTGAGATCTCTGCTCTG_004,87
TGTAGCGGACATAATCGGTG_001,8
TGTAGCGGACATAATCGGTG_002,1
TGTAGCGGACATAATCGGTG_003,25
TGTAGCGGACATAATCGGTG_004,119
TGTAGCGGACATAATCGGTG_005,13
TGTAGCGGACATAATCGGTG_006,169
TGTAGCGGACATAATCGGTG_007,115
TCGTGCTTATAGGATTCCAG_001,9
TCGTGCTTATAGGATTCCAG_002,166
TCGTGCTTATAGGATTCCAG_003,105
TCGTGCTTATAGGATTCCAG_004,15
TCGTGCTTATAGGATTCCAG_005,107
TCGTGCTTATAGGATTCCAG_006,68
TCGTGCTTATAGGATTCCAG_007,151
TCGTGCTTATAGGATTCCAG_008,42
TCGTGCTTATAGGATTCCAG_009,181
TCGTGCTTATAGGATTCCAG_010,171
TCGTGCTTATAGGATTCCAG_011,57
TTATCTACCATACTACAAGA_001,14
TTATCTACCATACTACAAGA_002,2
TTATCTACCATACTACAAGA_003,173
TTATCTACCATACTACAAGA_004,86
TTATCTACCATACTACAAGA_005,0
AGGCTCAGCTGCAATAGGTG_001,70
AGGCTCAGCTGCAATAGGTG_002,27
AGGCTCAGCTGCAATAGGTG_003,42
AGGCTCAGCTGCAATAGGTG_004,123
AGGCTCAGCTGCAATAGGTG_005,123
AGGCTCAGCTGCAATAGGTG_006,55
AGGCTCAGCTGCAATAGGTG_007,12
AGGCTCAGCTGCAATAGGTG_008,3
AGGCTCAGCTGCAATAGGTG_009,197
AGGCTCAGCTGCAATAGGTG_010,43
AGGGCACGGACGCCACACCC_001,56
TCTGTGAGAAGTGTTCCTCG_001,174
TCTGTGAGAAGTGTTCCTCG_002,162
TCTGTGAGAAGTGTTCCTCG_003,146
TCTGTGAGAAGTGTTCCTCG_004,94
TCTGTGAGAAGTGTTCCTCG_005,188
TCTGTGAGAAGTGTTCCTCG_006,178
TCTGTGAGAAGTGTTCCTCG_007,97
TCTGTGAGAAGTGTTCCTCG_008,11
TTTCAAGTTGTACAATCCTA_001,59
TTTCAAGTTGTACAATCCTA_002,75
GTGGATCTACCACACCCATG_001,165
GTGGATCTACCACACCCATG_002,96
GTGGATCTACCACACCCATG_003,198
GTGGATCTACCACACCCATG_004,132
GTGGATCTACCACACCCATG_005,183
GTGGATCTACCACACCCATG_006,150
GTGGATCTACCACACCCATG_007,92
GTGGATCTACCACACCCATG_008,118
GTGGATCTACCACACCCATG_009,49
GTGGATCTACCACACCCATG_010,172
GTGGATCTACCACACCCATG_011,156
GTGGATCTACCACACCCATG_012,170
GTGGATCTACCACACCCATG_013,43
GTGGATCTACCACACCCATG_014,72
GTGGATCTACCACACCCATG_015,45
GTGGATCTACCACACCCATG_016,156
GTGGATCTACCACACCCATG_017,138
GTGGATCTACCACACCCATG_018,95
GTGGATCTACCACACCCATG_019,166
GTGGATCTACCACACCCATG_020,65
GTGGATCTACCACACCCATG_021,62
GTGGATCTACCACACCCATG_022,83
GTGGATCTACCACACCCATG_023,113
GTGGATCTACCACACCCATG_024,111
GTGGATCTACCACACCCATG_025,87
GTGGATCTACCACACCCATG_026,10
GTGGATCTACCACACCCATG_027,123
GTGGATCTACCACACCCATG_028,104
AGCAGATGAGAATCATCCAT_001,124
AGCAGATGAGAATCATCCAT_002,171
AGCAGATGAGAATCATCCAT_003,150
AGCAGATGAGAATCATCCAT_004,45
AGCAGATGAGAATCATCCAT_005,119
AGCAGATGAGAATCATCCAT_006,108
AGCAGATGAGAATCATCCAT_007,20
GCATCACAGAAAAAGGGTGA_001,8
GCATCACAGAAAAAGGGTGA_002,76
GCATCACAGAAAAAGGGTGA_003,6
GCATCACAGAAAAAGGGTGA_004,199
GCATCACAGAAAAAGGGTGA_005,92
AGGAAAGAGAGGCCCTAATG_001,41
AGGAAAGAGAGGCCCTAATG_002,48
AGGAAAGAGAGGCCCTAATG_003,160
AGGAAAGAGAGGCCCTAATG_004,162
AGGAAAGAGAGGCCCTAATG_005,86
AGGAAAGAGAGGCCCTAATG_006,199
AGGAAAGAGAGGCCCTAATG_007,158
AGGAAAGAGAGGCCCTAATG_008,198
AGGAAAGAGAGGCCCTAATG_009,153
AGGAAAGAGAGGCCCTAATG_010,103
AGGAAAGAGAGGCCCTAATG_011,151
AGGAAAGAGAGGCCCTAATG_012,41
AGGAAAGAGAGGCCCTAATG_013,182
AGGGGGGCGGAAAATGCCTC_001,168
AGGGGGGCGGAAAATGCCTC_002,42
AGGGGGGCGGAAAATGCCTC_003,14
AGGGGGGCGGAAAATGCCTC_004,24
AGGGGGGCGGAAAATGCCTC_005,184
AGGGGGGCGGAAAATGCCTC_006,170
AGGGGGGCGGAAAATGCCTC_007,134
AGGGGGGCGGAAAATGCCTC_008,69
AGGGGGGCGGAAAATGCCTC_009,35
AGGGGGGCGGAAAATGCCTC_010,14
AGGGGGGCGGAAAATGCCTC_011,130
AGGGGGGCGGAAAATGCCTC_012,192
AGGGGGGCGGAAAATGCCTC_013,58
AGGGGGGCGGAAAATGCCTC_014,169
AGGGGGGCGGAAAATGCCTC_015,67
AGGGGGGCGGAAAATGCCTC_016,50
AGGGGGGCGGAAAATGCCTC_017,176
AGGGGGGCGGAAAATGCCTC_018,190
AGGGGGGCGGAAAATGCCTC_019,120
AGGGGGGCGGAAAATGCCTC_020,142
AGGGGGGCGGAAAATGCCTC_021,172
TCAAGTCTAGCAATAAGCCA_001,1
TCAAGTCTAGCAATAAGCCA_002,199
TCAAGTCTAGCAATAAGCCA_003,158
TCAAGTCTAGCAATAAGCCA_004,149
TCAAGTCTAGCAATAAGCCA_005,158
TCAAGTCTAGCAATAAGCCA_006,70
TCAAGTCTAGCAATAAGCCA_007,29
TCAAGTCTAGCAATAAGCCA_008,4
TCAAGTCTAGCAATAAGCCA_009,60
TCAAGTCTAGCAATAAGCCA_010,63
TCAAGTCTAGCAATAAGCCA_011,15
TCAAGTCTAGCAATAAGCCA_012,131
TCAAGTCTAGCAATAAGCCA_013,157
TCAAGTCTAGCAATAAGCCA_014,69
CTGGCTACTCTCATGGAGCA_001,160
CTGGCTACTCTCATGGAGCA_002,162
CTGGCTACTCTCATGGAGCA_003,2
CTGGCTACTCTCATGGAGCA_004,114
CTGGCTACTCTCATGGAGCA_005,57
CTGGCTACTCTCATGGAGCA_006,19
CTGGCTACTCTCATGGAGCA_007,136
CTGGCTACTCTCATGGAGCA_008,11
CTGGCTACTCTCATGGAGCA_009,9
CTGGCTACTCTCATGGAGCA_010,174
CTGGCTACTCTCATGGAGCA_011,63
CTGGCTACTCTCATGGAGCA_012,60
ACATCAACTTCTATAATGTG_001,136
AAGGCCGTCTGAGAAAGTCA_001,186
AAGGCCGTCTGAGAAAGTCA_002,48
AAGGCCGTCTGAGAAAGTCA_003,138
AAGGCCGTCTGAGAAAGTCA_004,188
AAGGCCGTCTGAGAAAGTCA_005,68
AAGGCCGTCTGAGAAAGTCA_006,72
AAGGCCGTCTGAGAAAGTCA_007,158
AAGGCCGTCTGAGAAAGTCA_008,132
AAGGCCGTCTGAGAAAGTCA_009,118
AACTGATGAACAGACAAACA_001,18
AACTGATGAACAGACAAACA_002,43
AACTGATGAACAGACAAACA_003,56
AACTGATGAACAGACAAACA_004,158
AACTGATGAACAGACAAACA_005,116
AACTGATGAACAGACAAACA_006,134
AACTGATGAACAGACAAACA_007,65
AAGACAGATGACGACCGCTG_001,153
AAGACAGATGACGACCGCTG_002,57
AAGACAGATGACGACCGCTG_003,11
AAGACAGATGACGACCGCTG_004,116
AAGACAGATGACGACCGCTG_005,35
AAGACAGATGACGACCGCTG_006,105
AAGACAGATGACGACCGCTG_007,124
AAGACAGATGACGACCGCTG_008,127
AAGACAGATGACGACCGCTG_009,15
AAGACAGATGACGACCGCTG_010,107
AAGACAGATGACGACCGCTG_011,113
AAGACAGATGACGACCGCTG_012,63
AAGACAGATGACGACCGCTG_013,58
AAGACAGATGACGACCGCTG_014,38
AAGACAGATGACGACCGCTG_015,31
AAGACAGATGACGACCGCTG_016,182
AAGACAGATGACGACCGCTG_017,137
AAGACAGATGACGACCGCTG_018,157
AAGACAGATGACGACCGCTG_019,28
AAGACAGATGACGACCGCTG_020,28
AAGACAGATGACGACCGCTG_021,124
AAGACAGATGACGACCGCTG_022,15
AAGACAGATGACGACCGCTG_023,119
ACATCATTGAGTGTCTGCAT_001,15
ACATCATTGAGTGTCTGCAT_002,109
ACATCATTGAGTGTCTGCAT_003,172
AGGACTTGGATCTGAGCTAA_001,19
AGGACTTGGATCTGAGCTAA_002,121
AGGACTTGGATCTGAGCTAA_003,40
AGGACTTGGATCTGAGCTAA_004,9
AGGACTTGGATCTGAGCTAA_005,120
AGGACTTGGATCTGAGCTAA_006,39
AGGACTTGGATCTGAGCTAA_007,197
AGGACTTGGATCTGAGCTAA_008,191
CACAGTCTGGTAGACGACCA_001,197
CACAGTCTGGTAGACGACCA_002,156
CACAGTCTGGTAGACGACCA_003,183
CACAGTCTGGTAGACGACCA_004,174
CACAGTCTGGTAGACGACCA_005,19
CACAGTCTGGTAGACGACCA_006,62
CACAGTCTGGTAGACGACCA_007,40
CACAGTCTGGTAGACGACCA_008,179
CACAGTCTGGTAGACGACCA_009,162
CACAGTCTGGTAGACGACCA_010,129
CACAGTCTGGTAGACGACCA_011,33
CACAGTCTGGTAGACGACCA_012,130
CACAGTCTGGTAGACGACCA_013,174
CACGCACCGAGTAAGGGTCA_001,121
CACGCACCGAGTAAGGGTCA_002,89
CACGCACCGAGTAAGGGTCA_003,44
CACGCACCGAGTAAGGGTCA_004,132
CACGCACCGAGTAAGGGTCA_005,80
CCGACTCGGCTGCCCAAAAG_001,81
CCGACTCGGCTGCCCAAAAG_002,156
CCGACTCGGCTGCCCAAAAG_003,53
CCGACTCGGCTGCCCAAAAG_004,88
CCGACTCGGCTGCCCAAAAG_005,55
CCGACTCGGCTGCCCAAAAG_006,57
CCGACTCGGCTGCCCAAAAG_007,52
CCGACTCGGCTGCCCAAAAG_008,0
CCGACTCGGCTGCCCAAAAG_009,118
GCAAGACAAAACTCACGGTG_001,118
GCAAGACAAAACTCACGGTG_002,146
GCAAGACAAAACTCACGGTG_003,50
GCAAGACAAAACTCACGGTG_004,22
GCAAGACAAAACTCACGGTG_005,71
GCAAGACAAAACTCACGGTG_006,146
GCAAGACAAAACTCACGGTG_007,190
GCAAGACAAAACTCACGGTG_008,62
GCAAGACAAAACTCACGGTG_009,62
GCAAGACAAAACTCACGGTG_010,58
GCAAGACAAAACTCACGGTG_011,58
GCAAGACAAAACTCACGGTG_012,188
GCAAGACAAAACTCACGGTG_013,115
GCAAGACAAAACTCACGGTG_014,80
GCAAGACAAAACTCACGGTG_015,101
GCAAGACAAAACTCACGGTG_016,70
GCAAGACAAAACTCACGGTG_017,39
GCAAGACAAAACTCACGGTG_018,51
GGCCCAGTAATATGGAACGA_001,84
GGCCCAGTAATATGGAACGA_002,101
GGCCCAGTAATATGGAACGA_003,127
GGCCCAGTAATATGGAACGA_004,41
GGCCCAGTAATATGGAACGA_005,50
GGCCCAGTAATATGGAACGA_006,116
GTGCCATGAACGATTCCCTG_001,151
GTGCCATGAACGATTCCCTG_002,127
GTGCCATGAACGATTCCCTG_003,46
GTGCCATGAACGATTCCCTG_004,147
GTGCCATGAACGATTCCCTG_005,84
GTGCCATGAACGATTCCCTG_006,124
GTGCCATGAACGATTCCCTG_007,89
GTGCCATGAACGATTCCCTG_008,112
GTGCCATGAACGATTCCCTG_009,134
GTGCCATGAACGATTCCCTG_010,109
GTGCCATGAACGATTCCCTG_011,63
GTGCCATGAACGATTCCCTG_012,106
GTGCCATGAACGATTCCCTG_013,56
TATGCAACTCTGTGTAAACG_001,177
TATGCAACTCTGTGTAAACG_002,160
TATGCAACTCTGTGTAAACG_003,107
TATGCAACTCTGTGTAAACG_004,141
TTTCATTAAAGATAGAACCA_001,171
TTTCATTAAAGATAGAACCA_002,127
TTTCATTAAAGATAGAACCA_003,60
TTTCATTAAAGATAGAACCA_004,127
TTTCATTAAAGATAGAACCA_005,149
TTTCATTAAAGATAGAACCA_006,65
TTTCATTAAAGATAGAACCA_007,50
TTTCATTAAAGATAGAACCA_008,0
ACATGTTGTCCCCCAAACAC_001,150
ACATGTTGTCCCCCAAACAC_002,116
ACATGTTGTCCCCCAAACAC_003,178
ACATGTTGTCCCCCAAACAC_004,150
ACATGTTGTCCCCCAAACAC_005,174
ACATGTTGTCCCCCAAACAC_006,88
ACATGTTGTCCCCCAAACAC_007,105
ACATGTTGTCCCCCAAACAC_008,8
ACATGTTGTCCCCCAAACAC_009,76
ACATGTTGTCCCCCAAACAC_010,191
ACATGTTGTCCCCCAAACAC_011,105
ACATGTTGTCCCCCAAACAC_012,169
ACATGTTGTCCCCCAAACAC_013,98
ACATGTTGTCCCCCAAACAC_014,145
ACATGTTGTCCCCCAAACAC_015,107
ACATGTTGTCCCCCAAACAC_016,6
ACATGTTGTCCCCCAAACAC_017,175
ACATGTTGTCCCCCAAACAC_018,27
ACATGTTGTCCCCCAAACAC_019,104
ACATGTTGTCCCCCAAACAC_020,120
TAAAATTTCTACTGGTCCAG_001,194
TAAAATTTCTACTGGTCCAG_002,77
TAAAATTTCTACTGGTCCAG_003,19
TAAAATTTCTACTGGTCCAG_004,171
AGTGGTTTCAAACCTAGTAA_001,34
AGTGGTTTCAAACCTAGTAA_002,165
AGTGGTTTCAAACCTAGTAA_003,149
AGTGGTTTCAAACCTAGTAA_004,183
AGTGGTTTCAAACCTAGTAA_005,94
AGTGGTTTCAAACCTAGTAA_006,34
AGTGGTTTCAAACCTAGTAA_007,94
AGTGGTTTCAAACCTAGTAA_008,8
AGTGGTTTCAAACCTAGTAA_009,185
AGTGGTTTCAAACCTAGTAA_010,22
AGTGGTTTCAAACCTAGTAA_011,106
AACTGAGCGAGCCAGACAGG_001,146
AACTGAGCGAGCCAGACAGG_002,72
AACTGAGCGAGCCAGACAGG_003,76
AACTGAGCGAGCCAGACAGG_004,169
AACTGAGCGAGCCAGACAGG_005,78
AACTGAGCGAGCCAGACAGG_006,119
AACTGAGCGAGCCAGACAGG_007,176
AACTGAGCGAGCCAGACAGG_008,127
AACTGAGCGAGCCAGACAGG_009,23
AACTGAGCGAGCCAGACAGG_010,170
AACTGAGCGAGCCAGACAGG_011,104
AACTGAGCGAGCCAGACAGG_012,58
AACTGAGCGAGCCAGACAGG_013,16
AACTGAGCGAGCCAGACAGG_014,171
AACTGAGCGAGCCAGACAGG_015,41
AACTGAGCGAGCCAGACAGG_016,56
AACTGAGCGAGCCAGACAGG_017,61
AACTGAGCGAGCCAGACAGG_018,62
AACTGAGCGAGCCAGACAGG_019,88
AACTGAGCGAGCCAGACAGG_020,12
AACTGAGCGAGCCAGACAGG_021,13
AACTGAGCGAGCCAGACAGG_022,153
AACTGAGCGAGCCAGACAGG_023,147
AACTGAGCGAGCCAGACAGG_024,17
AACTGAGCGAGCCAGACAGG_025,119
AACTGAGCGAGCCAGACAGG_026,127
AACTGAGCGAGCCAGACAGG_027,28
AACTGAGCGAGCCAGACAGG_028,140
AACTGAGCGAGCCAGACAGG_029,70
AACTGAGCGAGCCAGACAGG_030,112
AACTGAGCGAGCCAGACAGG_031,172
AACTGAGCGAGCCAGACAGG_032,120
AACTGAGCGAGCCAGACAGG_033,144
AACTGAGCGAGCCAGACAGG_034,84
AACTGAGCGAGCCAGACAGG_035,48
AACTGAGCGAGCCAGACAGG_036,96
AACTGAGCGAGCCAGACAGG_037,118
AACTGAGCGAGCCAGACAGG_038,52
AACTGAGCGAGCCAGACAGG_039,29
AACTGAGCGAGCCAGACAGG_040,104
ACTTACCAGAAAGACAATTG_001,13
ACTTACCAGAAAGACAATTG_002,144
ACTTACCAGAAAGACAATTG_003,104
ACTTACCAGAAAGACAATTG_004,32
ACTTACCAGAAAGACAATTG_005,46
ACTTACCAGAAAGACAATTG_006,103
ACTTACCAGAAAGACAATTG_007,147
ACTTACCAGAAAGACAATTG_008,82
ACTTACCAGAAAGACAATTG_009,198
ACTTACCAGAAAGACAATTG_010,28
ACTTACCAGAAAGACAATTG_011,192
ACTTACCAGAAAGACAATTG_012,22
ACTTACCAGAAAGACAATTG_013,2
ACTTACCAGAAAGACAATTG_014,110
ACTTACCAGAAAGACAATTG_015,129
ACTTACCAGAAAGACAATTG_016,185
ACTTACCAGAAAGACAATTG_017,169
ACTTACCAGAAAGACAATTG_018,165
ACACTGCTGGCTATAGTCGT_001,41
ACACTGCTGGCTATAGTCGT_002,9
ACACTGCTGGCTATAGTCGT_003,62
ACACTGCTGGCTATAGTCGT_004,104
ACACTGCTGGCTATAGTCGT_005,53
ACACTGCTGGCTATAGTCGT_006,118
ACACTGCTGGCTATAGTCGT_007,142
GTAGCCCAGGTACATGACCG_001,45
GTAGCCCAGGTACATGACCG_002,5
GTAGCCCAGGTACATGACCG_003,152
GTAGCCCAGGTACATGACCG_004,6
GTAGCCCAGGTACATGACCG_005,169
GTAGCCCAGGTACATGACCG_006,162
GTAGCCCAGGTACATGACCG_007,49
GTAGCCCAGGTACATGACCG_008,41
GTAGCCCAGGTACATGACCG_009,60
GTAGCCCAGGTACATGACCG_010,62
GTAGCCCAGGTACATGACCG_011,94
GTAGCCCAGGTACATGACCG_012,157
GTAGCCCAGGTACATGACCG_013,132
GTAGCCCAGGTACATGACCG_014,77
GTAGCCCAGGTACATGACCG_015,88
GTAGCCCAGGTACATGACCG_016,162
GTAGCCCAGGTACATGACCG_017,103
GTAGCCCAGGTACATGACCG_018,62
GTAGCCCAGGTACATGACCG_019,174
GTATAGACAAATGACTTTGG_001,77
GGCCTGGGCGCTGAATACCT_001,169
GGCCTGGGCGCTGAATACCT_002,25
GGCCTGGGCGCTGAATACCT_003,32
GGCCTGGGCGCTGAATACCT_004,107
GGCCTGGGCGCTGAATACCT_005,172
GGCCTGGGCGCTGAATACCT_006,132
GGCCTGGGCGCTGAATACCT_007,133
GGCCTGGGCGCTGAATACCT_008,76
GGCCTGGGCGCTGAATACCT_009,130
GGCCTGGGCGCTGAATACCT_010,130
GGCCTGGGCGCTGAATACCT_011,158
GGCCTGGGCGCTGAATACCT_012,156
GGCCTGGGCGCTGAATACCT_013,8
GGCCTGGGCGCTGAATACCT_014,106
GGCCTGGGCGCTGAATACCT_015,38
GGCCTGGGCGCTGAATACCT_016,199
GGCCTGGGCGCTGAATACCT_017,176
GGCCTGGGCGCTGAATACCT_018,141
GGCCTGGGCGCTGAATACCT_019,49
TGGACGTGTCAATCCTTCAG_001,8
TGGACGTGTCAATCCTTCAG_002,8
GGAATGACAAACGGCCGCAG_001,170
GGAATGACAAACGGCCGCAG_002,61
GGAATGACAAACGGCCGCAG_003,61
GGAATGACAAACGGCCGCAG_004,142
GGAATGACAAACGGCCGCAG_005,165
GGAATGACAAACGGCCGCAG_006,170
GGAATGACAAACGGCCGCAG_007,1
GGAATGACAAACGGCCGCAG_008,35
GGAATGACAAACGGCCGCAG_009,139
GGAATGACAAACGGCCGCAG_010,92
GGAATGACAAACGGCCGCAG_011,142
GGAATGACAAACGGCCGCAG_012,49
GGAATGACAAACGGCCGCAG_013,10
GGAATGACAAACGGCCGCAG_014,94
GGAATGACAAACGGCCGCAG_015,61
GGAATGACAAACGGCCGCAG_016,45
GGAATGACAAACGGCCGCAG_017,81
GGAATGACAAACGGCCGCAG_018,123
GGAATGACAAACGGCCGCAG_019,52
GGAATGACAAACGGCCGCAG_020,144
GGAATGACAAACGGCCGCAG_021,150
GTACCGCTCCTTGAGCGTGT_001,17
GTACCGCTCCTTGAGCGTGT_002,119
GTACCGCTCCTTGAGCGTGT_003,82
GTACCGCTCCTTGAGCGTGT_004,153
GTACCGCTCCTTGAGCGTGT_005,63
TGGAGATACCTAGTATGGAT_001,196
TGGAGATACCTAGTATGGAT_002,175
TGGAGATACCTAGTATGGAT_003,104
TGGAGATACCTAGTATGGAT_004,39
TGGAGATACCTAGTATGGAT_005,150
TGGAGATACCTAGTATGGAT_006,67
TGGAGATACCTAGTATGGAT_007,77
TGGAGATACCTAGTATGGAT_008,35
CAGTCGTTTCTATGGGATCT_001,176
CAGTCGTTTCTATGGGATCT_002,191
CAGTCGTTTCTATGGGATCT_003,17
CAGTCGTTTCTATGGGATCT_004,55
CAGTCGTTTCTATGGGATCT_005,97
CAGTCGTTTCTATGGGATCT_006,110
CAGTCGTTTCTATGGGATCT_007,148
CAGTCGTTTCTATGGGATCT_008,7
CAGTCGTTTCTATGGGATCT_009,121
CAGTCGTTTCTATGGGATCT_010,8
CAGTCGTTTCTATGGGATCT_011,165
CAGTCGTTTCTATGGGATCT_012,90
CAGTCGTTTCTATGGGATCT_013,10
GAAGTGTCAGAACACTCCAC_001,7
GAAGTGTCAGAACACTCCAC_002,2
GAAGTGTCAGAACACTCCAC_003,107
GAAGTGTCAGAACACTCCAC_004,158
GAAGTGTCAGAACACTCCAC_005,86
GAAGTGTCAGAACACTCCAC_006,192
GAAGTGTCAGAACACTCCAC_007,58
GAAGTGTCAGAACACTCCAC_008,176
GAAGTGTCAGAACACTCCAC_009,123
GAAGTGTCAGAACACTCCAC_010,49
GAAGTGTCAGAACACTCCAC_011,102
GAAGTGTCAGAACACTCCAC_012,75
GAAGTGTCAGAACACTCCAC_013,48
GAAGTGTCAGAACACTCCAC_014,146
GAAGTGTCAGAACACTCCAC_015,145
GAAGTGTCAGAACACTCCAC_016,104
GAAGTGTCAGAACACTCCAC_017,116
GAAGTGTCAGAACACTCCAC_018,174
GAAGTGTCAGAACACTCCAC_019,17
GAAGTGTCAGAACACTCCAC_020,79
TGCTTCCAAGGAGATCTCGG_001,68
TGCTTCCAAGGAGATCTCGG_002,55
TGCTTCCAAGGAGATCTCGG_003,95
TGCTTCCAAGGAGATCTCGG_004,163
TGCTTCCAAGGAGATCTCGG_005,172
TGCTTCCAAGGAGATCTCGG_006,14
TGCTTCCAAGGAGATCTCGG_007,168
TGCTTCCAAGGAGATCTCGG_008,9
TGCTTCCAAGGAGATCTCGG_009,102
TGCTTCCAAGGAGATCTCGG_010,128
TGCTTCCAAGGAGATCTCGG_011,16
TGCTTCCAAGGAGATCTCGG_012,36
TGCTTCCAAGGAGATCTCGG_013,192
TGCTTCCAAGGAGATCTCGG_014,32
TGCTTCCAAGGAGATCTCGG_015,43
TGCTTCCAAGGAGATCTCGG_016,149
TGCTTCCAAGGAGATCTCGG_017,105
TGCTTCCAAGGAGATCTCGG_018,17
TGCTTCCAAGGAGATCTCGG_019,198
TGCTTCCAAGGAGATCTCGG_020,54
TGCTTCCAAGGAGATCTCGG_021,174
TGCTTCCAAGGAGATCTCGG_022,148
CTGGCAATCTCCCCCGATGG_001,130
CTGGCAATCTCCCCCGATGG_002,68
CTGGCAATCTCCCCCGATGG_003,127
ATCTGTGCCCAGATATTGCA_001,27
ATCTGTGCCCAGATATTGCA_002,189
ATCTGTGCCCAGATATTGCA_003,78
ATCTGTGCCCAGATATTGCA_004,171
TTTAAACAGAGCTTGTGCGG_001,25
GACGAGGACCTGCGCGGACC_001,45
GACGAGGACCTGCGCGGACC_002,151
GACGAGGACCTGCGCGGACC_003,16
GACGAGGACCTGCGCGGACC_004,88
GACGAGGACCTGCGCGGACC_005,60
GACGAGGACCTGCGCGGACC_006,176
GACGAGGACCTGCGCGGACC_007,63
GACGAGGACCTGCGCGGACC_008,184
GACGAGGACCTGCGCGGACC_009,192
GACGAGGACCTGCGCGGACC_010,134
GACGAGGACCTGCGCGGACC_011,98
GACGAGGACCTGCGCGGACC_012,116
GACGAGGACCTGCGCGGACC_013,141
GACGAGGACCTGCGCGGACC_014,76
GACGAGGACCTGCGCGGACC_015,186
GACGAGGACCTGCGCGGACC_016,154
GACGAGGACCTGCGCGGACC_017,113
GACGAGGACCTGCGCGGACC_018,18
GACGAGGACCTGCGCGGACC_019,169
GACGAGGACCTGCGCGGACC_020,157
GACGAGGACCTGCGCGGACC_021,76
GACGAGGACCTGCGCGGACC_022,19
GACGAGGACCTGCGCGGACC_023,69
GACGAGGACCTGCGCGGACC_024,40
GACGAGGACCTGCGCGGACC_025,138
TGGGACAGACACCGTTTGTG_001,70
TGGGACAGACACCGTTTGTG_002,37
TGGGACAGACACCGTTTGTG_003,38
TGGGACAGACACCGTTTGTG_004,11
TGGGACAGACACCGTTTGTG_005,65
TGGGACAGACACCGTTTGTG_006,41
TGGGACAGACACCGTTTGTG_007,152
TGGGACAGACACCGTTTGTG_008,105
TGGGACAGACACCGTTTGTG_009,16
TGGGACAGACACCGTTTGTG_010,141
TGGGACAGACACCGTTTGTG_011,130
TGGGACAGACACCGTTTGTG_012,170
TGGGACAGACACCGTTTGTG_013,159
TGGGACAGACACCGTTTGTG_014,195
TGGGACAGACACCGTTTGTG_015,25
TGGGACAGACACCGTTTGTG_016,48
TGGGACAGACACCGTTTGTG_017,106
TGGGACAGACACCGTTTGTG_018,30
TGGGACAGACACCGTTTGTG_019,58
TGGGACAGACACCGTTTGTG_020,171
TGGGACAGACACCGTTTGTG_021,19
TGGGACAGACACCGTTTGTG_022,154
TGGGACAGACACCGTTTGTG_023,159
TGGGACAGACACCGTTTGTG_024,150
TGGGACAGACACCGTTTGTG_025,106
TGGGACAGACACCGTTTGTG_026,137
GTGATGCCAAAAATGCTGGA_001,160
GTGATGCCAAAAATGCTGGA_002,127
GTGATGCCAAAAATGCTGGA_003,131
GTGATGCCAAAAATGCTGGA_004,101
GTGATGCCAAAAATGCTGGA_005,89
GTGATGCCAAAAATGCTGGA_006,133
GTGATGCCAAAAATGCTGGA_007,81
GTGATGCCAAAAATGCTGGA_008,176
GTGATGCCAAAAATGCTGGA_009,199
GTGATGCCAAAAATGCTGGA_010,111
GTGATGCCAAAAATGCTGGA_011,136
GTGATGCCAAAAATGCTGGA_012,10
GTGATGCCAAAAATGCTGGA_013,40
GTGATGCCAAAAATGCTGGA_014,17
GTGATGCCAAAAATGCTGGA_015,175
TCGAAGATCACAGCTCGTGT_001,191
TCGAAGATCACAGCTCGTGT_002,170
TCGAAGATCACAGCTCGTGT_003,176
TCGAAGATCACAGCTCGTGT_004,113
TCGAAGATCACAGCTCGTGT_005,49
TCGAAGATCACAGCTCGTGT_006,6
TCGAAGATCACAGCTCGTGT_007,107
TCGAAGATCACAGCTCGTGT_008,10
TCGAAGATCACAGCTCGTGT_009,148
AGCAAAAAATGGGAGTGTCA_001,112
AGCAAAAAATGGGAGTGTCA_002,23
AGCAAAAAATGGGAGTGTCA_003,121
AGCAAAAAATGGGAGTGTCA_004,17
AGCAAAAAATGGGAGTGTCA_005,58
AGCAAAAAATGGGAGTGTCA_006,76
AGCAAAAAATGGGAGTGTCA_007,82
AGCAAAAAATGGGAGTGTCA_008,158
AGCAAAAAATGGGAGTGTCA_009,103
AGCAAAAAATGGGAGTGTCA_010,132
AGCAAAAAATGGGAGTGTCA_011,8
AGCAAAAAATGGGAGTGTCA_012,16
AGCAAAAAATGGGAGTGTCA_013,145
AGCAAAAAATGGGAGTGTCA_014,115
AGCAAAAAATGGGAGTGTCA_015,140
AGCAAAAAATGGGAGTGTCA_016,17
AGCAAAAAATGGGAGTGTCA_017,37
AGCAAAAAATGGGAGTGTCA_018,79
AGCAAAAAATGGGAGTGTCA_019,46
AGCAAAAAATGGGAGTGTCA_020,146
AGCAAAAAATGGGAGTGTCA_021,80
AGCAAAAAATGGGAGTGTCA_022,9
GAGGGGAATTACCAGTACAG_001,63
GAGGGGAATTACCAGTACAG_002,162
GAGGGGAATTACCAGTACAG_003,26
GAGGGGAATTACCAGTACAG_004,158
GAGGGGAATTACCAGTACAG_005,141
GAGGGGAATTACCAGTACAG_006,150
TTACCCAAAAATCAACACTC_001,97
TTACCCAAAAATCAACACTC_002,169
TTACCCAAAAATCAACACTC_003,19
TTACCCAAAAATCAACACTC_004,161
TTACCCAAAAATCAACACTC_005,33
TTACCCAAAAATCAACACTC_006,105
TTACCCAAAAATCAACACTC_007,147
TTACCCAAAAATCAACACTC_008,2
TTACCCAAAAATCAACACTC_009,118
AGAGCCTCCCTAAGTGTGAG_001,189
AGAGCCTCCCTAAGTGTGAG_002,116
AGAGCCTCCCTAAGTGTGAG_003,2
AGAGCCTCCCTAAGTGTGAG_004,197
AGAGCCTCCCTAAGTGTGAG_005,186
AGAGCCTCCCTAAGTGTGAG_006,48
AGAGCCTCCCTAAGTGTGAG_007,78
AGAGCCTCCCTAAGTGTGAG_008,52
AGAGCCTCCCTAAGTGTGAG_009,148
AGAGCCTCCCTAAGTGTGAG_010,150
AGAGCCTCCCTAAGTGTGAG_011,166
AGAGCCTCCCTAAGTGTGAG_012,6
AGAGCCTCCCTAAGTGTGAG_013,172
TTCAGAGACCATAGCCATCG_001,188
TTCAGAGACCATAGCCATCG_002,85
TTCAGAGACCATAGCCATCG_003,104
TTCAGAGACCATAGCCATCG_004,20
TTCAGAGACCATAGCCATCG_005,91
TTCAGAGACCATAGCCATCG_006,82
TTCAGAGACCATAGCCATCG_007,40
TTCAGAGACCATAGCCATCG_008,108
TTCAGAGACCATAGCCATCG_009,15
TTCAGAGACCATAGCCATCG_010,197
TTCAGAGACCATAGCCATCG_011,46
CAGGAATACCACCAAATCGG_001,60
CAGGAATACCACCAAATCGG_002,10
CAGGAATACCACCAAATCGG_003,49
CAGGAATACCACCAAATCGG_004,76
CAGGAATACCACCAAATCGG_005,118
AACCAGGAGACCATGACCAG_001,36
AACCAGGAGACCATGACCAG_002,169
AACCAGGAGACCATGACCAG_003,58
AACCAGGAGACCATGACCAG_004,62
AACCAGGAGACCATGACCAG_005,96
AACCAGGAGACCATGACCAG_006,88
AACCAGGAGACCATGACCAG_007,1
AACCAGGAGACCATGACCAG_008,184
TTGAGTGGAAACCACTCGAG_001,149
TTGAGTGGAAACCACTCGAG_002,88
TTGAGTGGAAACCACTCGAG_003,198
TTGAGTGGAAACCACTCGAG_004,127
TTGAGTGGAAACCACTCGAG_005,81
TTGAGTGGAAACCACTCGAG_006,94
TTGCATGATTCAGCCACACG_001,8
TTGCATGATTCAGCCACACG_002,198
TTGCATGATTCAGCCACACG_003,78
TTGCATGATTCAGCCACACG_004,94
TTGCATGATTCAGCCACACG_005,65
TTGCATGATTCAGCCACACG_006,119
TTGCATGATTCAGCCACACG_007,116
TTGCATGATTCAGCCACACG_008,169
TTGCATGATTCAGCCACACG_009,64
TTGCATGATTCAGCCACACG_010,97
GAAGTCATCCCTGAAGCCTG_001,181
GAAGTCATCCCTGAAGCCTG_002,168
GAAGTCATCCCTGAAGCCTG_003,192
GAAGTCATCCCTGAAGCCTG_004,77
GAAGTCATCCCTGAAGCCTG_005,179
GAAGTCATCCCTGAAGCCTG_006,97
CTCGACAGTGTGGTACACAA_001,169
CTCGACAGTGTGGTACACAA_002,0
CTCGACAGTGTGGTACACAA_003,17
CTCGACAGTGTGGTACACAA_004,148
CTCGACAGTGTGGTACACAA_005,102
CTCGACAGTGTGGTACACAA_006,136
CTCGACAGTGTGGTACACAA_007,182
CTCGACAGTGTGGTACACAA_008,169
CTCGACAGTGTGGTACACAA_009,197
CTCGACAGTGTGGTACACAA_010,105
CTCGACAGTGTGGTACACAA_011,137
CTCGACAGTGTGGTACACAA_012,121
AAAATGTGATTGGCCCCAAG_001,15
AAAATGTGATTGGCCCCAAG_002,16
AAAATGTGATTGGCCCCAAG_003,67
AAAATGTGATTGGCCCCAAG_004,2
AAAATGTGATTGGCCCCAAG_005,188
AAAATGTGATTGGCCCCAAG_006,181
AAAATGTGATTGGCCCCAAG_007,42
AAAATGTGATTGGCCCCAAG_008,34
AAAATGTGATTGGCCCCAAG_009,8
AAAATGTGATTGGCCCCAAG_010,70
AAAATGTGATTGGCCCCAAG_011,163
AAAATGTGATTGGCCCCAAG_012,152
AAAATGTGATTGGCCCCAAG_013,191
AAAATGTGATTGGCCCCAAG_014,188
AAAATGTGATTGGCCCCAAG_015,171
TCCCACACAGCAAGGTACAA_001,158
TCCCACACAGCAAGGTACAA_002,150
TCCCACACAGCAAGGTACAA_003,88
TCCCACACAGCAAGGTACAA_004,146
GGAGCCGCACTTTGTCCAAG_001,48
GGAGCCGCACTTTGTCCAAG_002,183
GGAGCCGCACTTTGTCCAAG_003,130
GGAGCCGCACTTTGTCCAAG_004,190
GGAGCCGCACTTTGTCCAAG_005,105
GGAGCCGCACTTTGTCCAAG_006,70
GGAGCCGCACTTTGTCCAAG_007,127
CACAGTGACAACCATCAGCG_001,18
CACAGTGACAACCATCAGCG_002,135
CACAGTGACAACCATCAGCG_003,167
CACAGTGACAACCATCAGCG_004,34
CACAGTGACAACCATCAGCG_005,110
CACAGTGACAACCATCAGCG_006,38
CACAGTGACAACCATCAGCG_007,32
CACAGTGACAACCATCAGCG_008,183
CACAGTGACAACCATCAGCG_009,134
CACAGTGACAACCATCAGCG_010,16
CACAGTGACAACCATCAGCG_011,190
CACAGTGACAACCATCAGCG_012,157
CACAGTGACAACCATCAGCG_013,120
CACAGTGACAACCATCAGCG_014,198
CACAGTGACAACCATCAGCG_015,75
CACAGTGACAACCATCAGCG_016,62
CACAGTGACAACCATCAGCG_017,168
CACAGTGACAACCATCAGCG_018,198
CACAGTGACAACCATCAGCG_019,88
CACAGTGACAACCATCAGCG_020,86
CACAGTGACAACCATCAGCG_021,15
CACAGTGACAACCATCAGCG_022,117
CACAGTGACAACCATCAGCG_023,84
CACAGTGACAACCATCAGCG_024,106
CACAGTGACAACCATCAGCG_025,14
CACAGTGACAACCATCAGCG_026,24
TTATATGATGAAGTAACCCA_001,36
GCTCCTCTGACAATATTAGG_001,102
GCTCCTCTGACAATATTAGG_002,127
GCTCCTCTGACAATATTAGG_003,178
GGGCCCACTATAAGACGGAC_001,81
GGGCCCACTATAAGACGGAC_002,29
GGGCCCACTATAAGACGGAC_003,127
GGGCCCACTATAAGACGGAC_004,92
GGGCCCACTATAAGACGGAC_005,112
GGGCCCACTATAAGACGGAC_006,186
GGGCCCACTATAAGACGGAC_007,38
GGGCCCACTATAAGACGGAC_008,118
GGGCCCACTATAAGACGGAC_009,27
GGGCCCACTATAAGACGGAC_010,38
GGGCCCACTATAAGACGGAC_011,118
GGCCGGTACGAGCCCCACGG_001,127
GGCCGGTACGAGCCCCACGG_002,152
GGCCGGTACGAGCCCCACGG_003,8
GGCCGGTACGAGCCCCACGG_004,106
GGCCGGTACGAGCCCCACGG_005,134
GGCCGGTACGAGCCCCACGG_006,49
GGCCGGTACGAGCCCCACGG_007,191
GGCCGGTACGAGCCCCACGG_008,2
GGCCGGTACGAGCCCCACGG_009,149
GGCCGGTACGAGCCCCACGG_010,29
GGCCGGTACGAGCCCCACGG_011,130
GGCCGGTACGAGCCCCACGG_012,127
GGCCGGTACGAGCCCCACGG_013,116
GGCCGGTACGAGCCCCACGG_014,126
GGCCGGTACGAGCCCCACGG_015,1
GGCCGGTACGAGCCCCACGG_016,78
GGCCGGTACGAGCCCCACGG_017,35
GGCCGGTACGAGCCCCACGG_018,30
GGCCGGTACGAGCCCCACGG_019,173
GGCCGGTACGAGCCCCACGG_020,24
GGCCGGTACGAGCCCCACGG_021,113
GGCCGGTACGAGCCCCACGG_022,12
GGCCGGTACGAGCCCCACGG_023,184
GGCCGGTACGAGCCCCACGG_024,2
GGCCGGTACGAGCCCCACGG_025,144
GGCCGGTACGAGCCCCACGG_026,184
GGCCGGTACGAGCCCCACGG_027,103
GGCCGGTACGAGCCCCACGG_028,95
GGCCGGTACGAGCCCCACGG_029,49
GGCCGGTACGAGCCCCACGG_030,158
GGCCGGTACGAGCCCCACGG_031,70
GGCCGGTACGAGCCCCACGG_032,148
GGCCGGTACGAGCCCCACGG_033,81
GGCCGGTACGAGCCCCACGG_034,194
GGCCGGTACGAGCCCCACGG_035,17
GGCCGGTACGAGCCCCACGG_036,15
GGCCGGTACGAGCCCCACGG_037,113
GGCCGGTACGAGCCCCACGG_038,178
GGCCGGTACGAGCCCCACGG_039,80
GGCCGGTACGAGCCCCACGG_040,199
GGCCGGTACGAGCCCCACGG_041,39
GGCCGGTACGAGCCCCACGG_042,96
GGCCGGTACGAGCCCCACGG_043,31
GGCCGGTACGAGCCCCACGG_044,175
AAGCCGGACGGCGTGCAGCG_001,15
AAGCCGGACGGCGTGCAGCG_002,81
AAGCCGGACGGCGTGCAGCG_003,183
AAGCCGGACGGCGTGCAGCG_004,53
AAGCCGGACGGCGTGCAGCG_005,12
AAGCCGGACGGCGTGCAGCG_006,161
AAGCCGGACGGCGTGCAGCG_007,190
AAGCCGGACGGCGTGCAGCG_008,91
AAGCCGGACGGCGTGCAGCG_009,83
AAGCCGGACGGCGTGCAGCG_010,118
AAGCCGGACGGCGTGCAGCG_011,82
AAGCCGGACGGCGTGCAGCG_012,56
AAGCCGGACGGCGTGCAGCG_013,52
AAGCCGGACGGCGTGCAGCG_014,40
AGTACCTTCTTGACTGTGCG_001,22
AGTACCTTCTTGACTGTGCG_002,15
CCCTGCTTGTCATAGCCAGG_001,88
CCCTGCTTGTCATAGCCAGG_002,88
CCCTGCTTGTCATAGCCAGG_003,34
CCCTGCTTGTCATAGCCAGG_004,34
TCATAAGGGATCCTATTGAG_001,94
TCATAAGGGATCCTATTGAG_002,146
TCATAAGGGATCCTATTGAG_003,153
GGAGGCAGAACCAGAAAACC_001,58
GGAGGCAGAACCAGAAAACC_002,195
GGAGGCAGAACCAGAAAACC_003,32
AGAGCCCGAAGAATGGAAGT_001,193
AGAGCCCGAAGAATGGAAGT_002,80
AGAGCCCGAAGAATGGAAGT_003,120
AGAGCCCGAAGAATGGAAGT_004,171
AGAGCCCGAAGAATGGAAGT_005,16
AGAGCCCGAAGAATGGAAGT_006,61
AGAGCCCGAAGAATGGAAGT_007,62
AGAGCCCGAAGAATGGAAGT_008,152
AGAGCCCGAAGAATGGAAGT_009,171
AGAGCCCGAAGAATGGAAGT_010,48
AGAGCCCGAAGAATGGAAGT_011,41
AGAGCCCGAAGAATGGAAGT_012,44
AGAGCCCGAAGAATGGAAGT_013,121
GATGGTACAGGCTCACTCGC_001,70
GATGGTACAGGCTCACTCGC_002,0
GATGGTACAGGCTCACTCGC_003,29
GATGGTACAGGCTCACTCGC_004,101
GATGGTACAGGCTCACTCGC_005,179
GATGGTACAGGCTCACTCGC_006,43
GATGGTACAGGCTCACTCGC_007,12
GATGGTACAGGCTCACTCGC_008,117
GATGGTACAGGCTCACTCGC_009,70
GATGGTACAGGCTCACTCGC_010,176
GATGGTACAGGCTCACTCGC_011,187
GATGGTACAGGCTCACTCGC_012,179
GATGGTACAGGCTCACTCGC_013,127
GATGGTACAGGCTCACTCGC_014,199
GATGGTACAGGCTCACTCGC_015,9
GATGGTACAGGCTCACTCGC_016,136
CAGGTATGAGTCGTCATCCG_001,34
CAGGTATGAGTCGTCATCCG_002,144
CAGGTATGAGTCGTCATCCG_003,169
CAGGTATGAGTCGTCATCCG_004,16
CAGGTATGAGTCGTCATCCG_005,184
CAGGTATGAGTCGTCATCCG_006,115
CAGGTATGAGTCGTCATCCG_007,81
CAGGTATGAGTCGTCATCCG_008,182
CAGGTATGAGTCGTCATCCG_009,176
GCATTACAGCTCGCAATGTG_001,34
GCATTACAGCTCGCAATGTG_002,44
GCATTACAGCTCGCAATGTG_003,30
GCATTACAGCTCGCAATGTG_004,151
GCATTACAGCTCGCAATGTG_005,40
GCATTACAGCTCGCAATGTG_006,82
GCATTACAGCTCGCAATGTG_007,100
ACTCACAGGACACATTGAGT_001,38
ACTCACAGGACACATTGAGT_002,183
ACTCACAGGACACATTGAGT_003,119
ACTCACAGGACACATTGAGT_004,105
ACTCACAGGACACATTGAGT_005,16
ACTCACAGGACACATTGAGT_006,176
ACTCACAGGACACATTGAGT_007,94
ACTCACAGGACACATTGAGT_008,88
ACTCACAGGACACATTGAGT_009,50
ACTCACAGGACACATTGAGT_010,124
ACTCACAGGACACATTGAGT_011,3
ACTGTGCTTACAGAACACCT_001,175
ACTGTGCTTACAGAACACCT_002,54
ACTGTGCTTACAGAACACCT_003,61
ACTGTGCTTACAGAACACCT_004,170
ACTGTGCTTACAGAACACCT_005,61
ACTGTGCTTACAGAACACCT_006,127
ACAGACCACACCTGTCCCAG_001,110
ACAGACCACACCTGTCCCAG_002,174
ACAGACCACACCTGTCCCAG_003,28
ACAGACCACACCTGTCCCAG_004,163
ACAGACCACACCTGTCCCAG_005,82
ACAGACCACACCTGTCCCAG_006,58
ACAGACCACACCTGTCCCAG_007,66
TGGCAACTTAAGATACATCG_001,32
TGGCAACTTAAGATACATCG_002,190
TGGCAACTTAAGATACATCG_003,9
TGGCAACTTAAGATACATCG_004,66
TGGCAACTTAAGATACATCG_005,127
TGGCAACTTAAGATACATCG_006,148
TGTGTGGCCAGCCGTGACGC_001,72
TGTGTGGCCAGCCGTGACGC_002,28
TGTGTGGCCAGCCGTGACGC_003,152
TGTGTGGCCAGCCGTGACGC_004,68
TGTGTGGCCAGCCGTGACGC_005,13
TGTGTGGCCAGCCGTGACGC_006,155
TGTGTGGCCAGCCGTGACGC_007,66
TGTGTGGCCAGCCGTGACGC_008,28
TGTGTGGCCAGCCGTGACGC_009,43
TGTGTGGCCAGCCGTGACGC_010,185
TGTGTGGCCAGCCGTGACGC_011,8
AGTTAAAGGAGGAGTTCACT_001,128
AGTTAAAGGAGGAGTTCACT_002,88
AGTTAAAGGAGGAGTTCACT_003,105
AGTTAAAGGAGGAGTTCACT_004,49
AGTTAAAGGAGGAGTTCACT_005,58
AGTTAAAGGAGGAGTTCACT_006,169
AGTTAAAGGAGGAGTTCACT_007,169
AGTTAAAGGAGGAGTTCACT_008,181
AGTTAAAGGAGGAGTTCACT_009,159
AGTTAAAGGAGGAGTTCACT_010,43
AGTTAAAGGAGGAGTTCACT_011,23
AGTTAAAGGAGGAGTTCACT_012,16
AGTTAAAGGAGGAGTTCACT_013,32
AGTTAAAGGAGGAGTTCACT_014,70
AGTTAAAGGAGGAGTTCACT_015,28
AGTTAAAGGAGGAGTTCACT_016,186
AGTTAAAGGAGGAGTTCACT_017,150
AATCAGGTGTGCAATCCCTA_001,134
AATCAGGTGTGCAATCCCTA_002,34
AATCAGGTGTGCAATCCCTA_003,129
AATCAGGTGTGCAATCCCTA_004,171
AATCAGGTGTGCAATCCCTA_005,45
AATCAGGTGTGCAATCCCTA_006,0
AATCAGGTGTGCAATCCCTA_007,17
AATCAGGTGTGCAATCCCTA_008,17
AATCAGGTGTGCAATCCCTA_009,126
AATCAGGTGTGCAATCCCTA_010,17
AATCAGGTGTGCAATCCCTA_011,165
AATCAGGTGTGCAATCCCTA_012,199
AATCAGGTGTGCAATCCCTA_013,19
AGCAGAGCATCACAAACTGT_001,13
AGCAGAGCATCACAAACTGT_002,138
AGCAGAGCATCACAAACTGT_003,116
AGCAGAGCATCACAAACTGT_004,72
AGCAGAGCATCACAAACTGT_005,77
AGCAGAGCATCACAAACTGT_006,168
GTAGTGCAAGTAACCCCCGT_001,107
GTAGTGCAAGTAACCCCCGT_002,81
GTAGTGCAAGTAACCCCCGT_003,49
GTAGTGCAAGTAACCCCCGT_004,190
GTAGTGCAAGTAACCCCCGT_005,181
GTAGTGCAAGTAACCCCCGT_006,121
GTAGTGCAAGTAACCCCCGT_007,118
GTAGTGCAAGTAACCCCCGT_008,110
GTAGTGCAAGTAACCCCCGT_009,61
GTGCTCTGCCATGACTAGAA_001,15
GTGCTCTGCCATGACTAGAA_002,47
GTGCTCTGCCATGACTAGAA_003,90
GTGCTCTGCCATGACTAGAA_004,99
GTGCTCTGCCATGACTAGAA_005,171
GTGCTCTGCCATGACTAGAA_006,53
GTGCTCTGCCATGACTAGAA_007,96
GTGCTCTGCCATGACTAGAA_008,44
GTGCTCTGCCATGACTAGAA_009,30
TTGCTACAGCTCGTCACATG_001,60
TTGCTACAGCTCGTCACATG_002,15
CTTAGTAATTGAGTGTGATC_001,105
CTTAGTAATTGAGTGTGATC_002,144
CTTAGTAATTGAGTGTGATC_003,174
CTTAGTAATTGAGTGTGATC_004,170
CTTAGTAATTGAGTGTGATC_005,160
CTTAGTAATTGAGTGTGATC_006,45
CTTAGTAATTGAGTGTGATC_007,14
CCATAATCCAGCAACCAGCA_001,151
CCATAATCCAGCAACCAGCA_002,2
CCATAATCCAGCAACCAGCA_003,62
CCATAATCCAGCAACCAGCA_004,130
CCATAATCCAGCAACCAGCA_005,17
CCATAATCCAGCAACCAGCA_006,113
CCATAATCCAGCAACCAGCA_007,91
CCATAATCCAGCAACCAGCA_008,182
CCTTACTGTCACTTCCATGG_001,4
CCTTACTGTCACTTCCATGG_002,158
CACCGAATTATTGAACACCA_001,1
AGACTGCTGCCTCATATCCG_001,65
AGACTGCTGCCTCATATCCG_002,40
TTCTGAGCGTTCTGACCATG_001,38
TTCTGAGCGTTCTGACCATG_002,94
TTCTGAGCGTTCTGACCATG_003,121
TTCTGAGCGTTCTGACCATG_004,170
CAGATGAAGACCTTAGCCAC_001,72
CAGATGAAGACCTTAGCCAC_002,49
CAGATGAAGACCTTAGCCAC_003,169
CAGATGAAGACCTTAGCCAC_004,48
CAGATGAAGACCTTAGCCAC_005,72
CAGATGAAGACCTTAGCCAC_006,113
CAGATGAAGACCTTAGCCAC_007,26
CAGATGAAGACCTTAGCCAC_008,149
CAGATGAAGACCTTAGCCAC_009,146
CAGATGAAGACCTTAGCCAC_010,81
CAGATGAAGACCTTAGCCAC_011,175
CAGATGAAGACCTTAGCCAC_012,0
CAGATGAAGACCTTAGCCAC_013,196
CAGATGAAGACCTTAGCCAC_014,50
TCATGTGACGCATCAGATCA_001,2
TCATGTGACGCATCAGATCA_002,177
TCATGTGACGCATCAGATCA_003,183
TCATGTGACGCATCAGATCA_004,2
TGACTTTGATACCCTTAAGT_001,146
TGACTTTGATACCCTTAAGT_002,106
TGACTTTGATACCCTTAAGT_003,13
TGACTTTGATACCCTTAAGT_004,106
CCTGAACTCTGATTGTCACA_001,34
CCTGAACTCTGATTGTCACA_002,29
GATGCGGATCAGATCAGCCA_001,150
GATGCGGATCAGATCAGCCA_002,60
GATGCGGATCAGATCAGCCA_003,192
GATGCGGATCAGATCAGCCA_004,80
GATGCGGATCAGATCAGCCA_005,102
GATGCGGATCAGATCAGCCA_006,105
GATGCGGATCAGATCAGCCA_007,152
GATGCGGATCAGATCAGCCA_008,68
GATGCGGATCAGATCAGCCA_009,69
GATGCGGATCAGATCAGCCA_010,23
GATGCGGATCAGATCAGCCA_011,48
GATGCGGATCAGATCAGCCA_012,105
GATGCGGATCAGATCAGCCA_013,76
GATGCGGATCAGATCAGCCA_014,172
GATGCGGATCAGATCAGCCA_015,176
GATGCGGATCAGATCAGCCA_016,128
GATGCGGATCAGATCAGCCA_017,176
GATGCGGATCAGATCAGCCA_018,88
GATGCGGATCAGATCAGCCA_019,56
GATGCGGATCAGATCAGCCA_020,33
GCCACGTTCAGTTGCCGCCG_001,118
GCCACGTTCAGTTGCCGCCG_002,103
GCCACGTTCAGTTGCCGCCG_003,197
AAGTGAAGCTCCAATAAAGT_001,6
AAGTGAAGCTCCAATAAAGT_002,5
AAGTGAAGCTCCAATAAAGT_003,103
AAGTGAAGCTCCAATAAAGT_004,105
AAGTGAAGCTCCAATAAAGT_005,147
AAGTGAAGCTCCAATAAAGT_006,35
CACTTGACAATCGAGTATCA_001,91
CACTTGACAATCGAGTATCA_002,6
CACTTGACAATCGAGTATCA_003,91
CACTTGACAATCGAGTATCA_004,105
CACTTGACAATCGAGTATCA_005,127
CACTTGACAATCGAGTATCA_006,158
CACTTGACAATCGAGTATCA_007,162
CACTTGACAATCGAGTATCA_008,163
CACTTGACAATCGAGTATCA_009,2
CACTTGACAATCGAGTATCA_010,154
CACTTGACAATCGAGTATCA_011,41
CACTTGACAATCGAGTATCA_012,199
CACTTGACAATCGAGTATCA_013,77
CACTTGACAATCGAGTATCA_014,98
CACTTGACAATCGAGTATCA_015,153
GTGCTGCCTAATGGTAGGAG_001,32
GTGCTGCCTAATGGTAGGAG_002,67
GTGCTGCCTAATGGTAGGAG_003,111
GTGCTGCCTAATGGTAGGAG_004,177
GTGCTGCCTAATGGTAGGAG_005,81
GTGCTGCCTAATGGTAGGAG_006,175
GTGCTGCCTAATGGTAGGAG_007,112
GTGCTGCCTAATGGTAGGAG_008,38
GTGCTGCCTAATGGTAGGAG_009,101
GTGCTGCCTAATGGTAGGAG_010,76
GTGCTGCCTAATGGTAGGAG_011,17
ATCAACTGAACTCGTATTAG_001,81
ATCAACTGAACTCGTATTAG_002,6
ATCAACTGAACTCGTATTAG_003,62
ATCAACTGAACTCGTATTAG_004,48
CGGGTTGAGAATATAATTCG_001,76
TGCCCATAAGCGTAGAACCG_001,34
TGCCCATAAGCGTAGAACCG_002,106
TGCCCATAAGCGTAGAACCG_003,24
TGCCCATAAGCGTAGAACCG_004,149
TGCCCATAAGCGTAGAACCG_005,3
TGCCCATAAGCGTAGAACCG_006,14
TGCCCATAAGCGTAGAACCG_007,56
TGCCCATAAGCGTAGAACCG_008,135
GCTTCTCGGCGTAGGCAGCG_001,73
GCTTCTCGGCGTAGGCAGCG_002,161
GCTTCTCGGCGTAGGCAGCG_003,182
GCTTCTCGGCGTAGGCAGCG_004,127
GCTTCTCGGCGTAGGCAGCG_005,198
GCTTCTCGGCGTAGGCAGCG_006,41
GCTTCTCGGCGTAGGCAGCG_007,4
GCTTCTCGGCGTAGGCAGCG_008,48
GCTTCTCGGCGTAGGCAGCG_009,107
GCTTCTCGGCGTAGGCAGCG_010,153
GCTTCTCGGCGTAGGCAGCG_011,148
GCTTCTCGGCGTAGGCAGCG_012,17
GCTTCTCGGCGTAGGCAGCG_013,177
GCTTCTCGGCGTAGGCAGCG_014,169
GCTTCTCGGCGTAGGCAGCG_015,97
GCTTCTCGGCGTAGGCAGCG_016,80
GCTTCTCGGCGTAGGCAGCG_017,80
GCTTCTCGGCGTAGGCAGCG_018,122
GCTTCTCGGCGTAGGCAGCG_019,78
GCTTCTCGGCGTAGGCAGCG_020,161
GCTTCTCGGCGTAGGCAGCG_021,36
GCTTCTCGGCGTAGGCAGCG_022,55
GCTTCTCGGCGTAGGCAGCG_023,58
GCTTCTCGGCGTAGGCAGCG_024,88
GCTTCTCGGCGTAGGCAGCG_025,113
GCTTCTCGGCGTAGGCAGCG_026,26
GCTTCTCGGCGTAGGCAGCG_027,165
AAACCCTCCGAGCTTAGCAA_001,98
AAACCCTCCGAGCTTAGCAA_002,183
AAACCCTCCGAGCTTAGCAA_003,137
AAACCCTCCGAGCTTAGCAA_004,40
AAACCCTCCGAGCTTAGCAA_005,141
AAACCCTCCGAGCTTAGCAA_006,40
AAACCCTCCGAGCTTAGCAA_007,145
AAACCCTCCGAGCTTAGCAA_008,175
AAACCCTCCGAGCTTAGCAA_009,175
AAACCCTCCGAGCTTAGCAA_010,34
TCTACGTGGTCACCTACACG_001,92
TCTACGTGGTCACCTACACG_002,70
TCTACGTGGTCACCTACACG_003,47
TCTACGTGGTCACCTACACG_004,197
TTTCGAGGACGAACAATCAG_001,143
TTTCGAGGACGAACAATCAG_002,126
TTTCGAGGACGAACAATCAG_003,148
TTTCGAGGACGAACAATCAG_004,38
TTTCGAGGACGAACAATCAG_005,30
TTTCGAGGACGAACAATCAG_006,47
TTTCGAGGACGAACAATCAG_007,100
TTTCGAGGACGAACAATCAG_008,68
TTTCGAGGACGAACAATCAG_009,64
TTTCGAGGACGAACAATCAG_010,29
TTTCGAGGACGAACAATCAG_011,62
TTTCGAGGACGAACAATCAG_012,28
CTCCTCTGTTTACAATATCG_001,83
CTCCTCTGTTTACAATATCG_002,20
CTCCTCTGTTTACAATATCG_003,144
AGGGACTGAAAAAAGCAGGT_001,8
AGGGACTGAAAAAAGCAGGT_002,18
AGGGACTGAAAAAAGCAGGT_003,139
AGGGACTGAAAAAAGCAGGT_004,70
AGGGACTGAAAAAAGCAGGT_005,168
ACTTGCAAGTCGTTACCTCG_001,40
ACTTGCAAGTCGTTACCTCG_002,88
ACTTGCAAGTCGTTACCTCG_003,63
ACTTGCAAGTCGTTACCTCG_004,4
ACTTGCAAGTCGTTACCTCG_005,95
ACTTGCAAGTCGTTACCTCG_006,153
ACTTGCAAGTCGTTACCTCG_007,137
ACTTGCAAGTCGTTACCTCG_008,127
ACTTGCAAGTCGTTACCTCG_009,95
ACTTGCAAGTCGTTACCTCG_010,95
ACTTGCAAGTCGTTACCTCG_011,186
ACTTGCAAGTCGTTACCTCG_012,13
TCGATATGTTTGTACGAACA_001,115
TCGATATGTTTGTACGAACA_002,94
TCGATATGTTTGTACGAACA_003,94
TGACTCACGAACAATCATCC_001,48
TGACTCACGAACAATCATCC_002,50
TGACTCACGAACAATCATCC_003,130
TGACTCACGAACAATCATCC_004,113
TGACTCACGAACAATCATCC_005,19
ACGCATCTTGAATGTGACAA_001,50
ACGCATCTTGAATGTGACAA_002,153
ACGCATCTTGAATGTGACAA_003,177
ACGCATCTTGAATGTGACAA_004,93
ACGCATCTTGAATGTGACAA_005,93
ACGCATCTTGAATGTGACAA_006,113
ACGCATCTTGAATGTGACAA_007,168
ACGCATCTTGAATGTGACAA_008,68
ACGCATCTTGAATGTGACAA_009,159
ACGCATCTTGAATGTGACAA_010,79
ACGCATCTTGAATGTGACAA_011,22
ACGCATCTTGAATGTGACAA_012,1
ACGCATCTTGAATGTGACAA_013,147
ACGCATCTTGAATGTGACAA_014,75
ACGCATCTTGAATGTGACAA_015,58
ACGCATCTTGAATGTGACAA_016,177
ACGCATCTTGAATGTGACAA_017,26
ACGCATCTTGAATGTGACAA_018,15
ACGCATCTTGAATGTGACAA_019,115
ACGCATCTTGAATGTGACAA_020,174
ACGCATCTTGAATGTGACAA_021,138
ACGCATCTTGAATGTGACAA_022,106
ACGCATCTTGAATGTGACAA_023,133
ACGCATCTTGAATGTGACAA_024,27
ACGCATCTTGAATGTGACAA_025,174
ACGCATCTTGAATGTGACAA_026,69
TGATCGGGGATTCCGGAGTG_001,132
TGATCGGGGATTCCGGAGTG_002,53
TGATCGGGGATTCCGGAGTG_003,170
TGATCGGGGATTCCGGAGTG_004,175
TGATCGGGGATTCCGGAGTG_005,147
TGATCGGGGATTCCGGAGTG_006,52
TGATCGGGGATTCCGGAGTG_007,155
TGATCGGGGATTCCGGAGTG_008,31
CAAATTCTGCAGATAAAATG_001,58
ACCAGGGTCTGCTAATCCAG_001,83
ACCAGGGTCTGCTAATCCAG_002,182
ACCAGGGTCTGCTAATCCAG_003,43
ACCAGGGTCTGCTAATCCAG_004,77
ACCAGGGTCTGCTAATCCAG_005,171
ACCAGGGTCTGCTAATCCAG_006,135
ACCAGGGTCTGCTAATCCAG_007,117
ACCAGGGTCTGCTAATCCAG_008,68
ACCAGGGTCTGCTAATCCAG_009,49
ACCAGGGTCTGCTAATCCAG_010,16
ACCAGGGTCTGCTAATCCAG_011,115
ACCAGGGTCTGCTAATCCAG_012,146
ACCAGGGTCTGCTAATCCAG_013,12
ACCAGGGTCTGCTAATCCAG_014,140
ACCAGGGTCTGCTAATCCAG_015,116
ACCAGGGTCTGCTAATCCAG_016,12
ACCAGGGTCTGCTAATCCAG_017,55
ACCAGGGTCTGCTAATCCAG_018,191
ACCAGGGTCTGCTAATCCAG_019,116
ACCAGGGTCTGCTAATCCAG_020,62
ACCAGGGTCTGCTAATCCAG_021,197
ACCAGGGTCTGCTAATCCAG_022,57
ACCAGGGTCTGCTAATCCAG_023,64
ACCAGGGTCTGCTAATCCAG_024,11
ACCAGGGTCTGCTAATCCAG_025,94
ACCAGGGTCTGCTAATCCAG_026,149
ACCAGGGTCTGCTAATCCAG_027,68
GAAGGTGGTGATCAAGAGCG_001,125
GAAGGTGGTGATCAAGAGCG_002,36
GAAGGTGGTGATCAAGAGCG_003,19
GAAGGTGGTGATCAAGAGCG_004,61
GAAGGTGGTGATCAAGAGCG_005,4
GAAGGTGGTGATCAAGAGCG_006,191
GAAGGTGGTGATCAAGAGCG_007,177
TGGGCATACCTGTCAATCTG_001,15
TGGGCATACCTGTCAATCTG_002,1
TGGGCATACCTGTCAATCTG_003,122
TGGGCATACCTGTCAATCTG_004,57
TGGGCATACCTGTCAATCTG_005,76
TGGGCATACCTGTCAATCTG_006,28
TGGGCATACCTGTCAATCTG_007,102
TGGGCATACCTGTCAATCTG_008,160
TGGGCATACCTGTCAATCTG_009,52
TGGGCATACCTGTCAATCTG_010,111
TGGGCATACCTGTCAATCTG_011,17
TGGGCATACCTGTCAATCTG_012,82
TGGGCATACCTGTCAATCTG_013,81
ACACTGACCGATAAGTGGTA_001,157
ACACTGACCGATAAGTGGTA_002,1
ACACTGACCGATAAGTGGTA_003,78
ACACTGACCGATAAGTGGTA_004,57
CACCGACACCCCGTGCAGAG_001,84
CACCGACACCCCGTGCAGAG_002,108
CACCGACACCCCGTGCAGAG_003,43
CACCGACACCCCGTGCAGAG_004,190
CACCGACACCCCGTGCAGAG_005,129
CACCGACACCCCGTGCAGAG_006,40
CACCGACACCCCGTGCAGAG_007,58
CACCGACACCCCGTGCAGAG_008,165
CACCGACACCCCGTGCAGAG_009,114
AGCCTTCACAGGATCAACAG_001,165
AGCCTTCACAGGATCAACAG_002,102
AGCCTTCACAGGATCAACAG_003,49
AGCCTTCACAGGATCAACAG_004,33
AGCCTTCACAGGATCAACAG_005,106
AGCCTTCACAGGATCAACAG_006,1
AGCCTTCACAGGATCAACAG_007,1
AGCCTTCACAGGATCAACAG_008,60
AGCCTTCACAGGATCAACAG_009,22
AGCCTTCACAGGATCAACAG_010,51
AGCCTTCACAGGATCAACAG_011,122
AGCCTTCACAGGATCAACAG_012,108
AGCCTTCACAGGATCAACAG_013,108
AGCCTTCACAGGATCAACAG_014,156
AGCCTTCACAGGATCAACAG_015,63
AGCCTTCACAGGATCAACAG_016,28
AGCCTTCACAGGATCAACAG_017,113
AGCCTTCACAGGATCAACAG_018,81
AGCCTTCACAGGATCAACAG_019,19
CTCGTGCCCACTCGTCGCTG_001,168
CTCGTGCCCACTCGTCGCTG_002,157
CTCGTGCCCACTCGTCGCTG_003,189
CTCGTGCCCACTCGTCGCTG_004,17
GAGAGACAAAGCAGTCCACG_001,62
GAGAGACAAAGCAGTCCACG_002,43
GAGAGACAAAGCAGTCCACG_003,105
GAGAGACAAAGCAGTCCACG_004,116
GAGAGACAAAGCAGTCCACG_005,194
GAGAGACAAAGCAGTCCACG_006,170
GAGAGACAAAGCAGTCCACG_007,9
GAGAGACAAAGCAGTCCACG_008,70
GAGAGACAAAGCAGTCCACG_009,169
GAGAGACAAAGCAGTCCACG_010,65
GAGAGACAAAGCAGTCCACG_011,172
GAGAGACAAAGCAGTCCACG_012,32
GAGAGACAAAGCAGTCCACG_013,129
GAGAGACAAAGCAGTCCACG_014,183
GAGAGACAAAGCAGTCCACG_015,197
GAGAGACAAAGCAGTCCACG_016,44
CAGCACGGTGGCGATACGAC_001,15
CAGCACGGTGGCGATACGAC_002,80
CAGCACGGTGGCGATACGAC_003,95
CAGCACGGTGGCGATACGAC_004,12
CAGCACGGTGGCGATACGAC_005,13
AACGGGAACACCGACAACAG_001,142
AACGGGAACACCGACAACAG_002,184
AACGGGAACACCGACAACAG_003,170
AACGGGAACACCGACAACAG_004,65
AACGGGAACACCGACAACAG_005,48
AACGGGAACACCGACAACAG_006,127
AACGGGAACACCGACAACAG_007,84
AACGGGAACACCGACAACAG_008,42
AACGGGAACACCGACAACAG_009,4
AACGGGAACACCGACAACAG_010,148
AACGGGAACACCGACAACAG_011,57
AACGGGAACACCGACAACAG_012,52
AACGGGAACACCGACAACAG_013,152
AACGGGAACACCGACAACAG_014,118
AACGGGAACACCGACAACAG_015,137
AACGGGAACACCGACAACAG_016,90
AACGGGAACACCGACAACAG_017,92
AACGGGAACACCGACAACAG_018,8
AACGGGAACACCGACAACAG_019,98
AACGGGAACACCGACAACAG_020,1
AACGGGAACACCGACAACAG_021,23
AACGGGAACACCGACAACAG_022,112
AACGGGAACACCGACAACAG_023,44
AACGGGAACACCGACAACAG_024,138
AACGGGAACACCGACAACAG_025,152
AACGGGAACACCGACAACAG_026,125
AACGGGAACACCGACAACAG_027,121
AACGGGAACACCGACAACAG_028,47
GTCGACCTAAAGCCTGACTG_001,62
GTCGACCTAAAGCCTGACTG_002,174
GTCGACCTAAAGCCTGACTG_003,149
GTCGACCTAAAGCCTGACTG_004,144
GTCGACCTAAAGCCTGACTG_005,115
GTCGACCTAAAGCCTGACTG_006,68
GTCGACCTAAAGCCTGACTG_007,168
GTCGACCTAAAGCCTGACTG_008,15
GACCTGAGATGCTCGCAAGG_001,68
GACCTGAGATGCTCGCAAGG_002,8
GACCTGAGATGCTCGCAAGG_003,80
GACCTGAGATGCTCGCAAGG_004,28
GACCTGAGATGCTCGCAAGG_005,120
GACCTGAGATGCTCGCAAGG_006,61
GACCTGAGATGCTCGCAAGG_007,92
GACCTGAGATGCTCGCAAGG_008,198
GACCTGAGATGCTCGCAAGG_009,76
GACCTGAGATGCTCGCAAGG_010,8
GACCTGAGATGCTCGCAAGG_011,164
GACCTGAGATGCTCGCAAGG_012,182
GACCTGAGATGCTCGCAAGG_013,165
CAGCCGTTGGACATACCAGA_001,17
CAGCCGTTGGACATACCAGA_002,83
CAGCCGTTGGACATACCAGA_003,194
CAGCCGTTGGACATACCAGA_004,29
GGCCAAGAGAAGGACAGTAG_001,183
GGCCAAGAGAAGGACAGTAG_002,80
GGCCAAGAGAAGGACAGTAG_003,88
GGCCAAGAGAAGGACAGTAG_004,157
GCTGAGCACCATGAAATACG_001,103
GCTGAGCACCATGAAATACG_002,82
GCTGAGCACCATGAAATACG_003,184
GGGTGATGTTGTGCACGTAG_001,196
GGGTGATGTTGTGCACGTAG_002,85
GGGTGATGTTGTGCACGTAG_003,145
GGGTGATGTTGTGCACGTAG_004,141
GGGTGATGTTGTGCACGTAG_005,179
GGGTGATGTTGTGCACGTAG_006,41
GCTTATCAACGACCGCTGTG_001,104
GCTTATCAACGACCGCTGTG_002,188
GCTTATCAACGACCGCTGTG_003,166
GCTTATCAACGACCGCTGTG_004,56
GCTTATCAACGACCGCTGTG_005,3
GCTTATCAACGACCGCTGTG_006,66
TACCCTGGCACAGTTTAACA_001,127
TACCCTGGCACAGTTTAACA_002,49
GACAGGTTGAGGCTGCACCA_001,130
GACAGGTTGAGGCTGCACCA_002,127
GACAGGTTGAGGCTGCACCA_003,10
GACAGGTTGAGGCTGCACCA_004,49
GACAGGTTGAGGCTGCACCA_005,26
GACAGGTTGAGGCTGCACCA_006,169
GACAGGTTGAGGCTGCACCA_007,161
GACAGGTTGAGGCTGCACCA_008,83
GACAGGTTGAGGCTGCACCA_009,158
GACAGGTTGAGGCTGCACCA_010,16
GACAGGTTGAGGCTGCACCA_011,157
GACAGGTTGAGGCTGCACCA_012,94
GACAGGTTGAGGCTGCACCA_013,174
GACAGGTTGAGGCTGCACCA_014,171
GACAGGTTGAGGCTGCACCA_015,81
GACAGGTTGAGGCTGCACCA_016,106
GACAGGTTGAGGCTGCACCA_017,103
GACAGGTTGAGGCTGCACCA_018,12
GACAGGTTGAGGCTGCACCA_019,105
GACAGGTTGAGGCTGCACCA_020,179
AGTCTCCCGATTCACCTTTG_001,122
AGTCTCCCGATTCACCTTTG_002,157
AGTCTCCCGATTCACCTTTG_003,94
AGTCTCCCGATTCACCTTTG_004,11
AGTCTCCCGATTCACCTTTG_005,76
AGTCTCCCGATTCACCTTTG_006,1
AGTCTCCCGATTCACCTTTG_007,159
AGTCTCCCGATTCACCTTTG_008,11
AGTCTCCCGATTCACCTTTG_009,49
AGTCTCCCGATTCACCTTTG_010,38
AGTCTCCCGATTCACCTTTG_011,68
AGTCTCCCGATTCACCTTTG_012,27
AGTCTCCCGATTCACCTTTG_013,159
AGTCTCCCGATTCACCTTTG_014,44
AGTCTCCCGATTCACCTTTG_015,162
AGTCTCCCGATTCACCTTTG_016,141
AGTCTCCCGATTCACCTTTG_017,164
AGTCTCCCGATTCACCTTTG_018,19
AGTCTCCCGATTCACCTTTG_019,150
AGTCTCCCGATTCACCTTTG_020,184
AGTCTCCCGATTCACCTTTG_021,168
AGTCTCCCGATTCACCTTTG_022,165
AGTCTCCCGATTCACCTTTG_023,191
AGTCTCCCGATTCACCTTTG_024,2
AAGACAACTGCATAGCTCAC_001,35
AAGACAACTGCATAGCTCAC_002,181
AAGACAACTGCATAGCTCAC_003,100
AAGACAACTGCATAGCTCAC_004,127
AAGACAACTGCATAGCTCAC_005,184
AAGACAACTGCATAGCTCAC_006,52
AAGACAACTGCATAGCTCAC_007,65
AAGACAACTGCATAGCTCAC_008,189
AAGACAACTGCATAGCTCAC_009,94
AAGACAACTGCATAGCTCAC_010,169
CTAGGATGTAGGGCGCATAG_001,190
CTAGGATGTAGGGCGCATAG_002,48
CTAGGATGTAGGGCGCATAG_003,38
CTAGGATGTAGGGCGCATAG_004,170
CTAGGATGTAGGGCGCATAG_005,127
CTAGGATGTAGGGCGCATAG_006,80
CTAGGATGTAGGGCGCATAG_007,72
CTAGGATGTAGGGCGCATAG_008,53
CTAGGATGTAGGGCGCATAG_009,55
ACAAACGACCTTGAGCAGGG_001,197
ACAAACGACCTTGAGCAGGG_002,6
ACAAACGACCTTGAGCAGGG_003,4
ACAAACGACCTTGAGCAGGG_004,60
ACAAACGACCTTGAGCAGGG_005,49
ACAAACGACCTTGAGCAGGG_006,115
ACAAACGACCTTGAGCAGGG_007,80
ACAAACGACCTTGAGCAGGG_008,6
ACAAACGACCTTGAGCAGGG_009,73
ACAAACGACCTTGAGCAGGG_010,150
ACAAACGACCTTGAGCAGGG_011,177
ACAAACGACCTTGAGCAGGG_012,41
ACAAACGACCTTGAGCAGGG_013,160
ACAAACGACCTTGAGCAGGG_014,176
ACAAACGACCTTGAGCAGGG_015,103
ACAAACGACCTTGAGCAGGG_016,112
ACAAACGACCTTGAGCAGGG_017,85
ACAAACGACCTTGAGCAGGG_018,55
ACAAACGACCTTGAGCAGGG_019,127
ACAAACGACCTTGAGCAGGG_020,42
ACAAACGACCTTGAGCAGGG_021,102
ACAAACGACCTTGAGCAGGG_022,61
ACAAACGACCTTGAGCAGGG_023,103
ACAAACGACCTTGAGCAGGG_024,103
ACAAACGACCTTGAGCAGGG_025,179
ACAAACGACCTTGAGCAGGG_026,175
ACAAACGACCTTGAGCAGGG_027,193
ACAAACGACCTTGAGCAGGG_028,176
ACAAACGACCTTGAGCAGGG_029,163
ACAAACGACCTTGAGCAGGG_030,94
ACAAACGACCTTGAGCAGGG_031,113
ACAAACGACCTTGAGCAGGG_032,2
ACAAACGACCTTGAGCAGGG_033,62
ACAAACGACCTTGAGCAGGG_034,134
ACAAACGACCTTGAGCAGGG_035,149
ACAAACGACCTTGAGCAGGG_036,154
ACAAACGACCTTGAGCAGGG_037,194
ACAAACGACCTTGAGCAGGG_038,122
ACAAACGACCTTGAGCAGGG_039,175
ACAAACGACCTTGAGCAGGG_040,34
ACAAACGACCTTGAGCAGGG_041,137
ACAAACGACCTTGAGCAGGG_042,103
ACAAACGACCTTGAGCAGGG_043,148
ACAAACGACCTTGAGCAGGG_044,90
ACAAACGACCTTGAGCAGGG_045,59
GGGAACCAGCATCAATCAGA_001,43
GGGAACCAGCATCAATCAGA_002,83
GGGAACCAGCATCAATCAGA_003,20
GGGAACCAGCATCAATCAGA_004,163
GGGAACCAGCATCAATCAGA_005,171
GGGAACCAGCATCAATCAGA_006,175
GGGAACCAGCATCAATCAGA_007,91
GGGAACCAGCATCAATCAGA_008,31
GGGAACCAGCATCAATCAGA_009,27
GGGAACCAGCATCAATCAGA_010,70
GGGAACCAGCATCAATCAGA_011,50
GGGAACCAGCATCAATCAGA_012,48
GGGAACCAGCATCAATCAGA_013,4
AAACAGAGGTCATCGAATGT_001,103
AAACAGAGGTCATCGAATGT_002,29
AAACAGAGGTCATCGAATGT_003,96
AAACAGAGGTCATCGAATGT_004,173
AAACAGAGGTCATCGAATGT_005,2
AAACAGAGGTCATCGAATGT_006,167
AAACAGAGGTCATCGAATGT_007,162
AAACAGAGGTCATCGAATGT_008,115
AAACAGAGGTCATCGAATGT_009,144
AAACAGAGGTCATCGAATGT_010,197
AAACAGAGGTCATCGAATGT_011,56
CTGGGGCCACCACAGCACCC_001,192
CTGGGGCCACCACAGCACCC_002,189
CTGGGGCCACCACAGCACCC_003,41
CTGGGGCCACCACAGCACCC_004,129
CTGGGGCCACCACAGCACCC_005,1
CTGGGGCCACCACAGCACCC_006,83
CTGGGGCCACCACAGCACCC_007,162
TCGCGCTGAATGCCGACCGC_001,17
TCGCGCTGAATGCCGACCGC_002,157
TCGCGCTGAATGCCGACCGC_003,184
TCGCGCTGAATGCCGACCGC_004,34
TCGCGCTGAATGCCGACCGC_005,70
TCGCGCTGAATGCCGACCGC_006,75
TCGCGCTGAATGCCGACCGC_007,67
TCGCGCTGAATGCCGACCGC_008,31
TCGCGCTGAATGCCGACCGC_009,76
TCGCGCTGAATGCCGACCGC_010,110
TCGCGCTGAATGCCGACCGC_011,24
TCGCGCTGAATGCCGACCGC_012,189
TCGCGCTGAATGCCGACCGC_013,190
TCGCGCTGAATGCCGACCGC_014,140
TCGCGCTGAATGCCGACCGC_015,190
TCGCGCTGAATGCCGACCGC_016,17
TCGCGCTGAATGCCGACCGC_017,149
TCGCGCTGAATGCCGACCGC_018,77
TCGCGCTGAATGCCGACCGC_019,65
TCGCGCTGAATGCCGACCGC_020,77
TCGCGCTGAATGCCGACCGC_021,141
TCGCGCTGAATGCCGACCGC_022,10
TCGCGCTGAATGCCGACCGC_023,196
TCGCGCTGAATGCCGACCGC_024,69
TCGCGCTGAATGCCGACCGC_025,10
TCGCGCTGAATGCCGACCGC_026,198
TCGCGCTGAATGCCGACCGC_027,78
TCGCGCTGAATGCCGACCGC_028,184
TCGCGCTGAATGCCGACCGC_029,14
TTGCCTCTACAAAAACTGTG_001,12
TTGCCTCTACAAAAACTGTG_002,35
TTGCCTCTACAAAAACTGTG_003,158
TTGCCTCTACAAAAACTGTG_004,56
TTGCCTCTACAAAAACTGTG_005,123
TTGCCTCTACAAAAACTGTG_006,72
TTGCCTCTACAAAAACTGTG_007,108
TTGCCTCTACAAAAACTGTG_008,157
TTGCCTCTACAAAAACTGTG_009,15
TTGCCTCTACAAAAACTGTG_010,57
GCAGATAGAGGAGCGCACCA_001,175
GCAGATAGAGGAGCGCACCA_002,115
GCAGATAGAGGAGCGCACCA_003,47
GCAGATAGAGGAGCGCACCA_004,173
GCAGATAGAGGAGCGCACCA_005,98
GCAGATAGAGGAGCGCACCA_006,177
GCAGATAGAGGAGCGCACCA_007,41
GCAGATAGAGGAGCGCACCA_008,149
GCAGATAGAGGAGCGCACCA_009,184
GCAGATAGAGGAGCGCACCA_010,150
GCAGATAGAGGAGCGCACCA_011,138
GCAGATAGAGGAGCGCACCA_012,89
TCAGCTCAGGACTTAGATGA_001,194
TCAGCTCAGGACTTAGATGA_002,172
TCAGCTCAGGACTTAGATGA_003,129
TCAGCTCAGGACTTAGATGA_004,35
TCAGCTCAGGACTTAGATGA_005,68
TCAGCTCAGGACTTAGATGA_006,103
TAATCAGTAACGTCTTATCC_001,45
TAATCAGTAACGTCTTATCC_002,185
TCACCTTCGCTAAGAACCCA_001,149
TCACCTTCGCTAAGAACCCA_002,50
TCACCTTCGCTAAGAACCCA_003,168
TCACCTTCGCTAAGAACCCA_004,106
GACAAGACATATCACTGCAA_001,150
TATTCGTACCAACTATAGCA_001,82
TATTCGTACCAACTATAGCA_002,121
TATTCGTACCAACTATAGCA_003,179
TATTCGTACCAACTATAGCA_004,186
TATTCGTACCAACTATAGCA_005,144
GCATCCGCGTGGTGTACAGG_001,49
GCATCCGCGTGGTGTACAGG_002,54
GCATCCGCGTGGTGTACAGG_003,1
GCATCCGCGTGGTGTACAGG_004,149
GCATCCGCGTGGTGTACAGG_005,138
GCATCCGCGTGGTGTACAGG_006,110
GCATCCGCGTGGTGTACAGG_007,84
GCATCCGCGTGGTGTACAGG_008,44
GCATCCGCGTGGTGTACAGG_009,55
GCATCCGCGTGGTGTACAGG_010,170
GCATCCGCGTGGTGTACAGG_011,140
GCATCCGCGTGGTGTACAGG_012,198
GCATCCGCGTGGTGTACAGG_013,35
GCATCCGCGTGGTGTACAGG_014,162
GCATCCGCGTGGTGTACAGG_015,88
GCATCCGCGTGGTGTACAGG_016,178
GCATCCGCGTGGTGTACAGG_017,150
GCATCCGCGTGGTGTACAGG_018,180
GCATCCGCGTGGTGTACAGG_019,57
GCATCCGCGTGGTGTACAGG_020,13
GCATCCGCGTGGTGTACAGG_021,56
GCATCCGCGTGGTGTACAGG_022,68
GCATCCGCGTGGTGTACAGG_023,138
GCATCCGCGTGGTGTACAGG_024,59
GCATCCGCGTGGTGTACAGG_025,192
AATATGAGGTAACACCACGA_001,181
AATATGAGGTAACACCACGA_002,191
AATATGAGGTAACACCACGA_003,88
AATATGAGGTAACACCACGA_004,181
AATATGAGGTAACACCACGA_005,158
AATATGAGGTAACACCACGA_006,147
CGAGATAGAAGCCCACCGTG_001,49
CGAGATAGAAGCCCACCGTG_002,51
CGAGATAGAAGCCCACCGTG_003,138
CGAGATAGAAGCCCACCGTG_004,152
CGAGATAGAAGCCCACCGTG_005,198
CGAGATAGAAGCCCACCGTG_006,2
CGAGATAGAAGCCCACCGTG_007,140
CGAGATAGAAGCCCACCGTG_008,139
CGAGATAGAAGCCCACCGTG_009,139
CGAGATAGAAGCCCACCGTG_010,48
CGAGATAGAAGCCCACCGTG_011,146
CGAGATAGAAGCCCACCGTG_012,161
CGAGATAGAAGCCCACCGTG_013,68
CGAGATAGAAGCCCACCGTG_014,175
CGAGATAGAAGCCCACCGTG_015,70
CGAGATAGAAGCCCACCGTG_016,39
CGAGATAGAAGCCCACCGTG_017,145
CGAGATAGAAGCCCACCGTG_018,197
CGAGATAGAAGCCCACCGTG_019,6
GGGGTCCCCGAACGTTACTG_001,160
GGGGTCCCCGAACGTTACTG_002,2
GGGGTCCCCGAACGTTACTG_003,104
GGGGTCCCCGAACGTTACTG_004,188
CACAGGTAAATCCATCAGAT_001,92
CACAGGTAAATCCATCAGAT_002,156
CACAGGTAAATCCATCAGAT_003,92
CACAGGTAAATCCATCAGAT_004,186
CACAGGTAAATCCATCAGAT_005,123
CACAGGTAAATCCATCAGAT_006,132
CACAGGTAAATCCATCAGAT_007,188
CACAGGTAAATCCATCAGAT_008,52
CACAGGTAAATCCATCAGAT_009,16
CACAGGTAAATCCATCAGAT_010,180
CACAGGTAAATCCATCAGAT_011,15
CACAGGTAAATCCATCAGAT_012,101
GATTGGCCCAAATCTTGGTG_001,70
GATTGGCCCAAATCTTGGTG_002,83
GATTGGCCCAAATCTTGGTG_003,28
GATTGGCCCAAATCTTGGTG_004,129
GATTGGCCCAAATCTTGGTG_005,177
GATTGGCCCAAATCTTGGTG_006,146
CGGGAACCGGAACTACAGAG_001,70
CGGGAACCGGAACTACAGAG_002,176
CGGGAACCGGAACTACAGAG_003,6
CGGGAACCGGAACTACAGAG_004,169
CGGGAACCGGAACTACAGAG_005,48
CGGGAACCGGAACTACAGAG_006,102
CGGGAACCGGAACTACAGAG_007,184
CGGGAACCGGAACTACAGAG_008,169
CGGGAACCGGAACTACAGAG_009,57
CGGGAACCGGAACTACAGAG_010,15
CGGGAACCGGAACTACAGAG_011,82
CGGGAACCGGAACTACAGAG_012,98
CGGGAACCGGAACTACAGAG_013,48
CGGGAACCGGAACTACAGAG_014,77
CGGGAACCGGAACTACAGAG_015,162
CGGGAACCGGAACTACAGAG_016,88
CGGGAACCGGAACTACAGAG_017,102
CGGGAACCGGAACTACAGAG_018,13
CGGGAACCGGAACTACAGAG_019,83
CGGGAACCGGAACTACAGAG_020,42
CGGGAACCGGAACTACAGAG_021,170
CGGGAACCGGAACTACAGAG_022,158
CGGGAACCGGAACTACAGAG_023,158
CAAGTCACTATCTTCCACAT_001,159
CTACCGACAGCCGGGGACCG_001,10
CTACCGACAGCCGGGGACCG_002,114
CTACCGACAGCCGGGGACCG_003,12
CTACCGACAGCCGGGGACCG_004,159
CTACCGACAGCCGGGGACCG_005,8
CTACCGACAGCCGGGGACCG_006,102
CTACCGACAGCCGGGGACCG_007,94
CTACCGACAGCCGGGGACCG_008,102
CTACCGACAGCCGGGGACCG_009,160
CTACCGACAGCCGGGGACCG_010,198
CTACCGACAGCCGGGGACCG_011,12
CTACCGACAGCCGGGGACCG_012,82
CTACCGACAGCCGGGGACCG_013,28
CTACCGACAGCCGGGGACCG_014,42
CTACCGACAGCCGGGGACCG_015,148
CTACCGACAGCCGGGGACCG_016,129
TCAGTGGAGTGAGCTGACCG_001,127
TCAGTGGAGTGAGCTGACCG_002,85
TCAGTGGAGTGAGCTGACCG_003,81
TCAGTGGAGTGAGCTGACCG_004,188
TCAGTGGAGTGAGCTGACCG_005,2
TCAGTGGAGTGAGCTGACCG_006,78
TCAGTGGAGTGAGCTGACCG_007,198
TCAGTGGAGTGAGCTGACCG_008,184
TCAGTGGAGTGAGCTGACCG_009,19
TCAGTGGAGTGAGCTGACCG_010,19
TCAGTGGAGTGAGCTGACCG_011,121
TCTACTCCGAAAGTCCTCAG_001,28
TCTACTCCGAAAGTCCTCAG_002,78
TCTACTCCGAAAGTCCTCAG_003,184
TCTACTCCGAAAGTCCTCAG_004,158
CCTCCAGTCGCAATTGCCAG_001,191
CCTCCAGTCGCAATTGCCAG_002,58
CCTCCAGTCGCAATTGCCAG_003,70
CCTCCAGTCGCAATTGCCAG_004,61
CCTCCAGTCGCAATTGCCAG_005,27
CCTCCAGTCGCAATTGCCAG_006,168
CCTCCAGTCGCAATTGCCAG_007,134
CCTCCAGTCGCAATTGCCAG_008,52
CCTCCAGTCGCAATTGCCAG_009,2
CCTCCAGTCGCAATTGCCAG_010,23
TTTGAATGCAAGATTGAACG_001,31
GCGCTAGAAGAAACCTGCAC_001,181
GCGCTAGAAGAAACCTGCAC_002,150
GCGCTAGAAGAAACCTGCAC_003,176
GCGCTAGAAGAAACCTGCAC_004,51
GCGCTAGAAGAAACCTGCAC_005,179
GCGCTAGAAGAAACCTGCAC_006,35
GCGCTAGAAGAAACCTGCAC_007,51
GCGCTAGAAGAAACCTGCAC_008,88
GCGCTAGAAGAAACCTGCAC_009,108
GCGCTAGAAGAAACCTGCAC_010,156
GCGCTAGAAGAAACCTGCAC_011,32
GCGCTAGAAGAAACCTGCAC_012,168
GCGCTAGAAGAAACCTGCAC_013,69
GCGCTAGAAGAAACCTGCAC_014,153
GCGCTAGAAGAAACCTGCAC_015,63
GCGCTAGAAGAAACCTGCAC_016,153
AAGCCATCCAGATTGGACAC_001,88
AAGCCATCCAGATTGGACAC_002,82
AAGCCATCCAGATTGGACAC_003,65
AAGCCATCCAGATTGGACAC_004,80
AAGCCATCCAGATTGGACAC_005,1
AAGCCATCCAGATTGGACAC_006,67
AAGCCATCCAGATTGGACAC_007,94
AAGCCATCCAGATTGGACAC_008,29
AAGCCATCCAGATTGGACAC_009,23
AAGCCATCCAGATTGGACAC_010,47
AAGCCATCCAGATTGGACAC_011,108
AAGCCATCCAGATTGGACAC_012,197
CTTCTCTAGACTTAAAGATG_001,81
AGAGTTGCTTGGCATAAGCA_001,17
AGAGTTGCTTGGCATAAGCA_002,81
AGAGTTGCTTGGCATAAGCA_003,96
AGAGTTGCTTGGCATAAGCA_004,127
AGAGTTGCTTGGCATAAGCA_005,122
AGAGTTGCTTGGCATAAGCA_006,11
CAGTCCCCTGAGGGGAACCA_001,12
CAGTCCCCTGAGGGGAACCA_002,67
CTCAGCCCTTTATCGCTGTG_001,181
CTCAGCCCTTTATCGCTGTG_002,152
CTCAGCCCTTTATCGCTGTG_003,181
CTCAGCCCTTTATCGCTGTG_004,136
CTCAGCCCTTTATCGCTGTG_005,87
CTCAGCCCTTTATCGCTGTG_006,9
CTCAGCCCTTTATCGCTGTG_007,17
CTCAGCCCTTTATCGCTGTG_008,9
CTCAGCCCTTTATCGCTGTG_009,62
CTCAGCCCTTTATCGCTGTG_010,83
CTCAGCCCTTTATCGCTGTG_011,55
CTCAGCCCTTTATCGCTGTG_012,168
CTCAGCCCTTTATCGCTGTG_013,68
CTCAGCCCTTTATCGCTGTG_014,183
CTCAGCCCTTTATCGCTGTG_015,65
CTCAGCCCTTTATCGCTGTG_016,101
CTCAGCCCTTTATCGCTGTG_017,175
CTCAGCCCTTTATCGCTGTG_018,164
CTCAGCCCTTTATCGCTGTG_019,199
CTCAGCCCTTTATCGCTGTG_020,138
CTCAGCCCTTTATCGCTGTG_021,58
CTCAGCCCTTTATCGCTGTG_022,92
CTCAGCCCTTTATCGCTGTG_023,177
CTCAGCCCTTTATCGCTGTG_024,57
CTCAGCCCTTTATCGCTGTG_025,28
CTCAGCCCTTTATCGCTGTG_026,136
CTCAGCCCTTTATCGCTGTG_027,80
CTCAGCCCTTTATCGCTGTG_028,160
CTCAGCCCTTTATCGCTGTG_029,126
CTCAGCCCTTTATCGCTGTG_030,170
CAGATCCGCTGTTGTACCAG_001,51
CAGATCCGCTGTTGTACCAG_002,54
CAGATCCGCTGTTGTACCAG_003,46
CAGATCCGCTGTTGTACCAG_004,91
CAGATCCGCTGTTGTACCAG_005,61
CAGATCCGCTGTTGTACCAG_006,191
CAGATCCGCTGTTGTACCAG_007,6
GGTCGAGCTTCCTGATAACG_001,158
GGTCGAGCTTCCTGATAACG_002,188
GGTCGAGCTTCCTGATAACG_003,192
GGTCGAGCTTCCTGATAACG_004,55
GGTCGAGCTTCCTGATAACG_005,11
GGTCGAGCTTCCTGATAACG_006,16
GGTCGAGCTTCCTGATAACG_007,188
GGTCGAGCTTCCTGATAACG_008,63
TCCCACAAGCCCCTCAACAT_001,146
TGCCTTCTTCAGCTCTATCT_001,4
TGCCTTCTTCAGCTCTATCT_002,81
TGCCTTCTTCAGCTCTATCT_003,156
TGCCTTCTTCAGCTCTATCT_004,114
TGCCTTCTTCAGCTCTATCT_005,174
AGAAAACACTGATGACGCGG_001,182
AGAAAACACTGATGACGCGG_002,94
AGAAAACACTGATGACGCGG_003,43
AGAAAACACTGATGACGCGG_004,98
AGAAAACACTGATGACGCGG_005,49
AGAAAACACTGATGACGCGG_006,130
AGAAAACACTGATGACGCGG_007,28
CACTGGAGGGACCCTCATTG_001,18
CAGCCCCCATACCTCACCAA_001,72
CAGCCCCCATACCTCACCAA_002,102
CAGCCCCCATACCTCACCAA_003,59
CAGCCCCCATACCTCACCAA_004,140
CAGCCCCCATACCTCACCAA_005,39
CAGCCCCCATACCTCACCAA_006,177
CACACTCACTTGCCGCGCAT_001,99
CACACTCACTTGCCGCGCAT_002,125
CACACTCACTTGCCGCGCAT_003,172
CACACTCACTTGCCGCGCAT_004,60
CACACTCACTTGCCGCGCAT_005,74
CACACTCACTTGCCGCGCAT_006,129
CACACTCACTTGCCGCGCAT_007,177
GGAATATTCTTCTGTGTGTG_001,53
GGAATATTCTTCTGTGTGTG_002,54
GGAATATTCTTCTGTGTGTG_003,198
GGAATATTCTTCTGTGTGTG_004,72
GGAATATTCTTCTGTGTGTG_005,55
GGAATATTCTTCTGTGTGTG_006,170
GGAATATTCTTCTGTGTGTG_007,144
TGAATGAGGACACAGTAGAG_001,183
TGAATGAGGACACAGTAGAG_002,105
TGAATGAGGACACAGTAGAG_003,136
TGAATGAGGACACAGTAGAG_004,189
TGAATGAGGACACAGTAGAG_005,11
TGAATGAGGACACAGTAGAG_006,150
TGAATGAGGACACAGTAGAG_007,107
GTCCGCTTGTCCACCCGGCG_001,50
GTCCGCTTGTCCACCCGGCG_002,58
GTCCGCTTGTCCACCCGGCG_003,84
GTCCGCTTGTCCACCCGGCG_004,40
GTCCGCTTGTCCACCCGGCG_005,49
GTCCGCTTGTCCACCCGGCG_006,22
GTCCGCTTGTCCACCCGGCG_007,170
GTCCGCTTGTCCACCCGGCG_008,60
GATCTTCGACCGCTACGGGG_001,95
GATCTTCGACCGCTACGGGG_002,181
GATCTTCGACCGCTACGGGG_003,186
TTTGGCCTTCTACGGGAGGA_001,183
TTTGGCCTTCTACGGGAGGA_002,63
ACAAGCGAATCCTTTGGACA_001,60
ACAAGCGAATCCTTTGGACA_002,188
ACAAGCGAATCCTTTGGACA_003,19
ACAAGCGAATCCTTTGGACA_004,92
ACAAGCGAATCCTTTGGACA_005,178
ACAAGCGAATCCTTTGGACA_006,25
ACAAGCGAATCCTTTGGACA_007,118
ACAAGCGAATCCTTTGGACA_008,105
AAAGGACCCTCAAAGGACGT_001,48
AAAGGACCCTCAAAGGACGT_002,141
AAAGGACCCTCAAAGGACGT_003,174
AAAGGACCCTCAAAGGACGT_004,27
AAAGGACCCTCAAAGGACGT_005,6
AAAGGACCCTCAAAGGACGT_006,45
AAAGGACCCTCAAAGGACGT_007,119
AAAGGACCCTCAAAGGACGT_008,110
AAAGGACCCTCAAAGGACGT_009,73
AAAGGACCCTCAAAGGACGT_010,195
AAAGGACCCTCAAAGGACGT_011,53
AAAGGACCCTCAAAGGACGT_012,183
AAAGGACCCTCAAAGGACGT_013,17
AAAGGACCCTCAAAGGACGT_014,2
AACCTAAAGACACTACCCAA_001,144
AACCTAAAGACACTACCCAA_002,149
AACCTAAAGACACTACCCAA_003,191
AACCTAAAGACACTACCCAA_004,43
AACCTAAAGACACTACCCAA_005,85
AACCTAAAGACACTACCCAA_006,58
AACCTAAAGACACTACCCAA_007,77
AACCTAAAGACACTACCCAA_008,44
AACCTAAAGACACTACCCAA_009,141
AACCTAAAGACACTACCCAA_010,29
AACCTAAAGACACTACCCAA_011,146
AACCTAAAGACACTACCCAA_012,84
AACCTAAAGACACTACCCAA_013,168
AACCTAAAGACACTACCCAA_014,192
AACCTAAAGACACTACCCAA_015,73
AACCTAAAGACACTACCCAA_016,73
AACCTAAAGACACTACCCAA_017,32
AACCTAAAGACACTACCCAA_018,118
AACCTAAAGACACTACCCAA_019,27
AACCTAAAGACACTACCCAA_020,62
AACCTAAAGACACTACCCAA_021,166
AACCTAAAGACACTACCCAA_022,38
AACCTAAAGACACTACCCAA_023,28
GCTTGGTCCGGTCCACATAG_001,144
GCTTGGTCCGGTCCACATAG_002,130
GCTTGGTCCGGTCCACATAG_003,75
GCTTGGTCCGGTCCACATAG_004,59
GCTTGGTCCGGTCCACATAG_005,66
GCTTGGTCCGGTCCACATAG_006,69
GCTTGGTCCGGTCCACATAG_007,8
GCTTGGTCCGGTCCACATAG_008,148
GCTTGGTCCGGTCCACATAG_009,168
GCTTGGTCCGGTCCACATAG_010,188
GCTTGGTCCGGTCCACATAG_011,174
GCTTGGTCCGGTCCACATAG_012,171
GCTTGGTCCGGTCCACATAG_013,151
GCTTGGTCCGGTCCACATAG_014,198
GCTTGGTCCGGTCCACATAG_015,103
GCTTGGTCCGGTCCACATAG_016,105
GCTTGGTCCGGTCCACATAG_017,2
GCTTGGTCCGGTCCACATAG_018,12
GCTTGGTCCGGTCCACATAG_019,58
GGGGTGCTTGAAGCCTGACG_001,170
GGGGTGCTTGAAGCCTGACG_002,72
GGGGTGCTTGAAGCCTGACG_003,67
GGGGTGCTTGAAGCCTGACG_004,115
GGGGTGCTTGAAGCCTGACG_005,28
GGGGTGCTTGAAGCCTGACG_006,198
GGGGTGCTTGAAGCCTGACG_007,1
GGGGTGCTTGAAGCCTGACG_008,113
GGGGTGCTTGAAGCCTGACG_009,170
GGGGTGCTTGAAGCCTGACG_010,42
GGGGTGCTTGAAGCCTGACG_011,181
GGGGTGCTTGAAGCCTGACG_012,32
GGGGTGCTTGAAGCCTGACG_013,43
GGGGTGCTTGAAGCCTGACG_014,151
GGGGTGCTTGAAGCCTGACG_015,17
GGGGTGCTTGAAGCCTGACG_016,3
GGGGTGCTTGAAGCCTGACG_017,66
GGGGTGCTTGAAGCCTGACG_018,76
TAACAGTAGAAATCCTACTG_001,62
TAACAGTAGAAATCCTACTG_002,143
TAACAGTAGAAATCCTACTG_003,25
TAACAGTAGAAATCCTACTG_004,85
ATGCAACTGTCCTGCCACTG_001,198
ATGCAACTGTCCTGCCACTG_002,176
ATGCAACTGTCCTGCCACTG_003,53
ATGCAACTGTCCTGCCACTG_004,144
ATGCAACTGTCCTGCCACTG_005,12
ATGCAACTGTCCTGCCACTG_006,166
ATGCAACTGTCCTGCCACTG_007,24
ATGCAACTGTCCTGCCACTG_008,151
ATGCAACTGTCCTGCCACTG_009,162
ATGCAACTGTCCTGCCACTG_010,118
ATGCAACTGTCCTGCCACTG_011,4
ATGCAACTGTCCTGCCACTG_012,40
ATGCAACTGTCCTGCCACTG_013,102
ATGCAACTGTCCTGCCACTG_014,68
CTCTCTAAGTGTGACATGCG_001,140
CTCTCTAAGTGTGACATGCG_002,145
CTCTCTAAGTGTGACATGCG_003,48
CTCTCTAAGTGTGACATGCG_004,82
CTCTCTAAGTGTGACATGCG_005,29
CTCTCTAAGTGTGACATGCG_006,162
CTCTCTAAGTGTGACATGCG_007,147
CTCTCTAAGTGTGACATGCG_008,88
CTCTCTAAGTGTGACATGCG_009,158
CTCTCTAAGTGTGACATGCG_010,8
CTCTCTAAGTGTGACATGCG_011,120
CTCTCTAAGTGTGACATGCG_012,150
CTCTCTAAGTGTGACATGCG_013,55
ACTGACCAACAGGACACGTG_001,61
ACTGACCAACAGGACACGTG_002,0
ACTGACCAACAGGACACGTG_003,139
ACTGACCAACAGGACACGTG_004,21
ACTGACCAACAGGACACGTG_005,15
ACTGACCAACAGGACACGTG_006,19
ACTGACCAACAGGACACGTG_007,25
ACTGACCAACAGGACACGTG_008,61
ACTGACCAACAGGACACGTG_009,46
ACTGACCAACAGGACACGTG_010,98
ACTGACCAACAGGACACGTG_011,29
ACTGACCAACAGGACACGTG_012,192
ACTGACCAACAGGACACGTG_013,188
ACTGACCAACAGGACACGTG_014,156
ACTGACCAACAGGACACGTG_015,194
ACTGACCAACAGGACACGTG_016,177
ACTGACCAACAGGACACGTG_017,15
ACTGACCAACAGGACACGTG_018,62
ACTGACCAACAGGACACGTG_019,29
ACTGACCAACAGGACACGTG_020,141
ACTGACCAACAGGACACGTG_021,135
ACTGACCAACAGGACACGTG_022,197
ACTGACCAACAGGACACGTG_023,127
ACTGACCAACAGGACACGTG_024,10
ACTGACCAACAGGACACGTG_025,168
ACTGACCAACAGGACACGTG_026,78
ACTGACCAACAGGACACGTG_027,28
ACTGACCAACAGGACACGTG_028,76
ACTGACCAACAGGACACGTG_029,128
CAGTAATAACTTCAACTACG_001,94
CAGTAATAACTTCAACTACG_002,106
CAGTAATAACTTCAACTACG_003,150
CAGTAATAACTTCAACTACG_004,8
CAGTAATAACTTCAACTACG_005,167
CAGTAATAACTTCAACTACG_006,59
ACCTGAATGGTGCTGCATGG_001,12
CAGCAACAGTGTGTGCATCA_001,122
CAGCAACAGTGTGTGCATCA_002,81
CAGCAACAGTGTGTGCATCA_003,44
CAGCAACAGTGTGTGCATCA_004,13
GACGCGAGCCCGTTGAGCCG_001,190
GACGCGAGCCCGTTGAGCCG_002,68
GACGCGAGCCCGTTGAGCCG_003,118
GACGCGAGCCCGTTGAGCCG_004,1
GACGCGAGCCCGTTGAGCCG_005,150
GACGCGAGCCCGTTGAGCCG_006,116
GACGCGAGCCCGTTGAGCCG_007,147
GACGCGAGCCCGTTGAGCCG_008,188
GACGCGAGCCCGTTGAGCCG_009,83
GACGCGAGCCCGTTGAGCCG_010,162
GACGCGAGCCCGTTGAGCCG_011,2
GACGCGAGCCCGTTGAGCCG_012,63
GACGCGAGCCCGTTGAGCCG_013,105
GACGCGAGCCCGTTGAGCCG_014,174
GACGCGAGCCCGTTGAGCCG_015,28
GACGCGAGCCCGTTGAGCCG_016,70
GACGCGAGCCCGTTGAGCCG_017,145
GACGCGAGCCCGTTGAGCCG_018,117
GACGCGAGCCCGTTGAGCCG_019,129
GACGCGAGCCCGTTGAGCCG_020,129
GACGCGAGCCCGTTGAGCCG_021,113
GACGCGAGCCCGTTGAGCCG_022,169
GACGCGAGCCCGTTGAGCCG_023,127
GACGCGAGCCCGTTGAGCCG_024,70
GACGCGAGCCCGTTGAGCCG_025,178
GACGCGAGCCCGTTGAGCCG_026,5
GACGCGAGCCCGTTGAGCCG_027,34
GACGCGAGCCCGTTGAGCCG_028,19
GACGCGAGCCCGTTGAGCCG_029,9
GACGCGAGCCCGTTGAGCCG_030,199
GACGCGAGCCCGTTGAGCCG_031,147
GACGCGAGCCCGTTGAGCCG_032,28
GCTGTTCCTGAGCCTTACGC_001,38
GCTGTTCCTGAGCCTTACGC_002,9
GCTGTTCCTGAGCCTTACGC_003,81
GCTGTTCCTGAGCCTTACGC_004,0
TGTGAACAGAGGGATGTCAA_001,15
TGTGAACAGAGGGATGTCAA_002,158
TGTGAACAGAGGGATGTCAA_003,41
TGTGAACAGAGGGATGTCAA_004,197
TGTGAACAGAGGGATGTCAA_005,15
TGTGAACAGAGGGATGTCAA_006,94
TGTGAACAGAGGGATGTCAA_007,95
TGTGAACAGAGGGATGTCAA_008,191
TGTGAACAGAGGGATGTCAA_009,41
CCTGCGCCCAATGAACCGCG_001,161
CCTGCGCCCAATGAACCGCG_002,174
CCTGCGCCCAATGAACCGCG_003,196
CCTGCGCCCAATGAACCGCG_004,168
CCTGCGCCCAATGAACCGCG_005,40
CCTGCGCCCAATGAACCGCG_006,36
CCTGCGCCCAATGAACCGCG_007,21
CCTGCGCCCAATGAACCGCG_008,84
GCAGAGTACCCGAGAATCAT_001,183
GCAGAGTACCCGAGAATCAT_002,56
GCAGAGTACCCGAGAATCAT_003,157
GCAGAGTACCCGAGAATCAT_004,141
GCAGAGTACCCGAGAATCAT_005,137
ACAGACAAGGGTGCTGAACA_001,54
ACAGACAAGGGTGCTGAACA_002,114
ACAGACAAGGGTGCTGAACA_003,9
ACAGACAAGGGTGCTGAACA_004,154
ACAGACAAGGGTGCTGAACA_005,28
ACAGACAAGGGTGCTGAACA_006,17
ACAGACAAGGGTGCTGAACA_007,0
ACAGACAAGGGTGCTGAACA_008,3
ACAGACAAGGGTGCTGAACA_009,33
ACCACTGACCGATTTGAGCC_001,55
ACCACTGACCGATTTGAGCC_002,83
ACCACTGACCGATTTGAGCC_003,147
ACCACTGACCGATTTGAGCC_004,84
ACCACTGACCGATTTGAGCC_005,134
ACCACTGACCGATTTGAGCC_006,191
ACCACTGACCGATTTGAGCC_007,46
ACCACTGACCGATTTGAGCC_008,124
ATACGTGCAAATTCACCAGA_001,116
ATACGTGCAAATTCACCAGA_002,126
ATACGTGCAAATTCACCAGA_003,2
CCCCGGAATGACACCCGCCG_001,192
CCCCGGAATGACACCCGCCG_002,150
CCCCGGAATGACACCCGCCG_003,65
CCCCGGAATGACACCCGCCG_004,147
CCCCGGAATGACACCCGCCG_005,184
CCCCGGAATGACACCCGCCG_006,174
CCCCGGAATGACACCCGCCG_007,71
CCCCGGAATGACACCCGCCG_008,61
CCCCGGAATGACACCCGCCG_009,48
CCCCGGAATGACACCCGCCG_010,179
CCCCGGAATGACACCCGCCG_011,127
CCCCGGAATGACACCCGCCG_012,84
CCCCGGAATGACACCCGCCG_013,42
CCCCGGAATGACACCCGCCG_014,14
CCCCGGAATGACACCCGCCG_015,3
CCCCGGAATGACACCCGCCG_016,166
CCCCGGAATGACACCCGCCG_017,18
CCCCGGAATGACACCCGCCG_018,92
CCCCGGAATGACACCCGCCG_019,194
CCCCGGAATGACACCCGCCG_020,14
CCCCGGAATGACACCCGCCG_021,168
CCCCGGAATGACACCCGCCG_022,170
CCCCGGAATGACACCCGCCG_023,98
ACTCATAGTGCTGTTCACCG_001,60
ACTCATAGTGCTGTTCACCG_002,174
ACTCATAGTGCTGTTCACCG_003,116
ACTCATAGTGCTGTTCACCG_004,156
ACTCATAGTGCTGTTCACCG_005,79
ACTCATAGTGCTGTTCACCG_006,196
CTCATCGTAGTTGATATCCG_001,77
CTCATCGTAGTTGATATCCG_002,174
CTCATCGTAGTTGATATCCG_003,15
CTCATCGTAGTTGATATCCG_004,114
CTCATCGTAGTTGATATCCG_005,148
CTCATCGTAGTTGATATCCG_006,15
CGCAGAGACTGGTAGCGTGA_001,88
CGCAGAGACTGGTAGCGTGA_002,47
CGCAGAGACTGGTAGCGTGA_003,2
CGCAGAGACTGGTAGCGTGA_004,149
CGCAGAGACTGGTAGCGTGA_005,133
CAGGTTTGAACGGTGTCCCC_001,162
CAGGTTTGAACGGTGTCCCC_002,121
CAGGTTTGAACGGTGTCCCC_003,161
GCAGCTGCCAGGGAACGCCA_001,197
GCAGCTGCCAGGGAACGCCA_002,77
GCAGCTGCCAGGGAACGCCA_003,9
GCAGCTGCCAGGGAACGCCA_004,85
GCAGCTGCCAGGGAACGCCA_005,175
GCAGCTGCCAGGGAACGCCA_006,141
GCAGCTGCCAGGGAACGCCA_007,9
GCAGCTGCCAGGGAACGCCA_008,44
GCAGCTGCCAGGGAACGCCA_009,160
GCAGCTGCCAGGGAACGCCA_010,2
GCAGCTGCCAGGGAACGCCA_011,169
GCAGCTGCCAGGGAACGCCA_012,15
GCAGCTGCCAGGGAACGCCA_013,44
TGTGCGACACGACTTCTCCA_001,199
TGTGCGACACGACTTCTCCA_002,182
TGTGCGACACGACTTCTCCA_003,125
TGTGCGACACGACTTCTCCA_004,188
TGTGCGACACGACTTCTCCA_005,168
TGTGCGACACGACTTCTCCA_006,98
TGTGCGACACGACTTCTCCA_007,162
TGTGCGACACGACTTCTCCA_008,177
TGTGCGACACGACTTCTCCA_009,93
TGTGCGACACGACTTCTCCA_010,58
TGTGCGACACGACTTCTCCA_011,13
TGTGCGACACGACTTCTCCA_012,79
TGTGCGACACGACTTCTCCA_013,49
TGTGCGACACGACTTCTCCA_014,52
TGTGCGACACGACTTCTCCA_015,19
TGTGCGACACGACTTCTCCA_016,50
TGTGATGAAAACCTTTCGTG_001,76
TGTGATGAAAACCTTTCGTG_002,16
TGTGATGAAAACCTTTCGTG_003,115
TGTGATGAAAACCTTTCGTG_004,43
TGTGATGAAAACCTTTCGTG_005,168
GCGTCATGGAATCGTCAGAG_001,144
GCGTCATGGAATCGTCAGAG_002,9
GCGTCATGGAATCGTCAGAG_003,84
GCGTCATGGAATCGTCAGAG_004,154
GCGTCATGGAATCGTCAGAG_005,182
GCGTCATGGAATCGTCAGAG_006,147
GCGTCATGGAATCGTCAGAG_007,169
GCGTCATGGAATCGTCAGAG_008,82
GCGTCATGGAATCGTCAGAG_009,103
GCGTCATGGAATCGTCAGAG_010,188
GGAGTACCTGATTGGCACTG_001,13
GGAGTACCTGATTGGCACTG_002,129
GGAGTACCTGATTGGCACTG_003,55
GGAGTACCTGATTGGCACTG_004,126
GGAGTACCTGATTGGCACTG_005,94
GGAGTACCTGATTGGCACTG_006,127
GGAGTACCTGATTGGCACTG_007,172
GGAGTACCTGATTGGCACTG_008,103
GGAGTACCTGATTGGCACTG_009,105
GGAGTACCTGATTGGCACTG_010,44
GGAGTACCTGATTGGCACTG_011,157
GGAGTACCTGATTGGCACTG_012,61
GGAGTACCTGATTGGCACTG_013,138
GGAGTACCTGATTGGCACTG_014,42
GGAGTACCTGATTGGCACTG_015,144
GGAGTACCTGATTGGCACTG_016,168
GGAGTACCTGATTGGCACTG_017,156
GGAGTACCTGATTGGCACTG_018,150
GGAGTACCTGATTGGCACTG_019,146
GGAGTACCTGATTGGCACTG_020,128
GGAGTACCTGATTGGCACTG_021,53
GGAGTACCTGATTGGCACTG_022,140
GGAGTACCTGATTGGCACTG_023,196
GGAGTACCTGATTGGCACTG_024,29
GGAGTACCTGATTGGCACTG_025,60
GGAGTACCTGATTGGCACTG_026,94
GGAGTACCTGATTGGCACTG_027,4
GGAGTACCTGATTGGCACTG_028,53
TAGATGATGAAAGGTTTCCG_001,103
TAGATGATGAAAGGTTTCCG_002,190
TAGATGATGAAAGGTTTCCG_003,77
TAGATGATGAAAGGTTTCCG_004,79
TAGATGATGAAAGGTTTCCG_005,150
TAGATGATGAAAGGTTTCCG_006,32
TAGATGATGAAAGGTTTCCG_007,77
TAGATGATGAAAGGTTTCCG_008,182
TGCCGACCTGACCTACAACG_001,78
TGCCGACCTGACCTACAACG_002,15
TGCCGACCTGACCTACAACG_003,162
TGCCGACCTGACCTACAACG_004,114
TGCCGACCTGACCTACAACG_005,122
TGCCGACCTGACCTACAACG_006,25
TGCCGACCTGACCTACAACG_007,23
TGCCGACCTGACCTACAACG_008,149
TGCCGACCTGACCTACAACG_009,56
TGCCGACCTGACCTACAACG_010,36
TGCCGACCTGACCTACAACG_011,168
TGCCGACCTGACCTACAACG_012,81
TGCCGACCTGACCTACAACG_013,57
TGCCGACCTGACCTACAACG_014,168
TGCCGACCTGACCTACAACG_015,174
TGCCGACCTGACCTACAACG_016,102
TGCCGACCTGACCTACAACG_017,152
TGCCGACCTGACCTACAACG_018,197
TGCCGACCTGACCTACAACG_019,86
TGCCGACCTGACCTACAACG_020,0
TGCCGACCTGACCTACAACG_021,89
TGCCGACCTGACCTACAACG_022,98
TGCCGACCTGACCTACAACG_023,33
TGCCGACCTGACCTACAACG_024,172
TGCCGACCTGACCTACAACG_025,40
TGCCGACCTGACCTACAACG_026,160
GCAGACTGCCAAAATGTGGA_001,54
GCAGACTGCCAAAATGTGGA_002,144
GCAGACTGCCAAAATGTGGA_003,169
GCAGACTGCCAAAATGTGGA_004,170
GCAGACTGCCAAAATGTGGA_005,32
GCAGACTGCCAAAATGTGGA_006,94
GCAGACTGCCAAAATGTGGA_007,162
GCAGACTGCCAAAATGTGGA_008,19
GCAGACTGCCAAAATGTGGA_009,16
GCAGACTGCCAAAATGTGGA_010,190
GCAGACTGCCAAAATGTGGA_011,36
GCAGACTGCCAAAATGTGGA_012,100
GCAGACTGCCAAAATGTGGA_013,161
GCAGACTGCCAAAATGTGGA_014,161
GCAGACTGCCAAAATGTGGA_015,147
GCAGACTGCCAAAATGTGGA_016,174
GCAGACTGCCAAAATGTGGA_017,174
GCAGACTGCCAAAATGTGGA_018,127
GCAGACTGCCAAAATGTGGA_019,15
GCAGACTGCCAAAATGTGGA_020,13
GCAGACTGCCAAAATGTGGA_021,4
GCAGACTGCCAAAATGTGGA_022,147
GCAGACTGCCAAAATGTGGA_023,56
GCAGACTGCCAAAATGTGGA_024,168
GCAGACTGCCAAAATGTGGA_025,115
GCAGACTGCCAAAATGTGGA_026,114
GCAGACTGCCAAAATGTGGA_027,145
GCGCCGTGGATTTCGCTGAG_001,132
GCGCCGTGGATTTCGCTGAG_002,190
GCGCCGTGGATTTCGCTGAG_003,187
AAGTTGACAATCTTGTCCGT_001,93
AAGTTGACAATCTTGTCCGT_002,36
AAGTTGACAATCTTGTCCGT_003,149
AAGTTGACAATCTTGTCCGT_004,148
GAGAAGGCTATGGATCGACT_001,42
GAGAAGGCTATGGATCGACT_002,150
GAGAAGGCTATGGATCGACT_003,17
GAGAAGGCTATGGATCGACT_004,1
GAGAAGGCTATGGATCGACT_005,192
GAGAAGGCTATGGATCGACT_006,140
ACTCAGAAGGCTTACCCCTG_001,49
ACTCAGAAGGCTTACCCCTG_002,113
ACTCAGAAGGCTTACCCCTG_003,115
ACTCAGAAGGCTTACCCCTG_004,42
ACTCAGAAGGCTTACCCCTG_005,17
ACTCAGAAGGCTTACCCCTG_006,17
ACTCAGAAGGCTTACCCCTG_007,31
ACTCAGAAGGCTTACCCCTG_008,24
ACTCAGAAGGCTTACCCCTG_009,156
ACTCAGAAGGCTTACCCCTG_010,63
ACTCAGAAGGCTTACCCCTG_011,9
ACTCAGAAGGCTTACCCCTG_012,23
ACTCAGAAGGCTTACCCCTG_013,116
ACTCAGAAGGCTTACCCCTG_014,16
ACTCAGAAGGCTTACCCCTG_015,30
ACTCAGAAGGCTTACCCCTG_016,141
ACTCAGAAGGCTTACCCCTG_017,34
AAGGTGATCTATTATAAGGA_001,102
ACTGCTTAACGCAGAATGAG_001,15
ACTGCTTAACGCAGAATGAG_002,140
ACTGCTTAACGCAGAATGAG_003,88
ACTGCTTAACGCAGAATGAG_004,163
ACTGCTTAACGCAGAATGAG_005,61
ACTGCTTAACGCAGAATGAG_006,38
ACTGCTTAACGCAGAATGAG_007,155
CGTAAGGTGTCACCTGTGAT_001,105
CGTAAGGTGTCACCTGTGAT_002,105
CGTAAGGTGTCACCTGTGAT_003,58
CGTAAGGTGTCACCTGTGAT_004,17
CGTAAGGTGTCACCTGTGAT_005,160
CGTAAGGTGTCACCTGTGAT_006,175
CGTAAGGTGTCACCTGTGAT_007,81
CGTAAGGTGTCACCTGTGAT_008,117
CGTAAGGTGTCACCTGTGAT_009,97
CGTAAGGTGTCACCTGTGAT_010,179
CGTAAGGTGTCACCTGTGAT_011,177
CGTAAGGTGTCACCTGTGAT_012,142
CGTAAGGTGTCACCTGTGAT_013,153
CGTAAGGTGTCACCTGTGAT_014,111
CGTAAGGTGTCACCTGTGAT_015,172
CGTAAGGTGTCACCTGTGAT_016,116
CGTAAGGTGTCACCTGTGAT_017,142
CGTAAGGTGTCACCTGTGAT_018,199
CGTAAGGTGTCACCTGTGAT_019,184
TAGGCTAGTACTGACAGATG_001,170
TAGGCTAGTACTGACAGATG_002,76
TAGGCTAGTACTGACAGATG_003,1
TAGGCTAGTACTGACAGATG_004,98
TAGGCTAGTACTGACAGATG_005,35
TCAGGACATAAACAGACTCG_001,48
TCAGGACATAAACAGACTCG_002,150
TCAGGACATAAACAGACTCG_003,184
AGGCAAACGTCAGCCCAAAG_001,34
AGGCAAACGTCAGCCCAAAG_002,83
AGGCAAACGTCAGCCCAAAG_003,41
AGGCAAACGTCAGCCCAAAG_004,76
AGGCAAACGTCAGCCCAAAG_005,181
AGGCAAACGTCAGCCCAAAG_006,115
AGGCAAACGTCAGCCCAAAG_007,158
AGGCAAACGTCAGCCCAAAG_008,65
AGGCAAACGTCAGCCCAAAG_009,193
AGGCAAACGTCAGCCCAAAG_010,168
AGGCAAACGTCAGCCCAAAG_011,175
AGGCAAACGTCAGCCCAAAG_012,24
AGGCAAACGTCAGCCCAAAG_013,156
AGGCAAACGTCAGCCCAAAG_014,169
AGGCAAACGTCAGCCCAAAG_015,130
AGGCAAACGTCAGCCCAAAG_016,49
AGGCAAACGTCAGCCCAAAG_017,170
AGGCAAACGTCAGCCCAAAG_018,26
GGGCAAAGCTTGTGTGTCCG_001,174
GGGCAAAGCTTGTGTGTCCG_002,15
GGGCAAAGCTTGTGTGTCCG_003,53
GGGCAAAGCTTGTGTGTCCG_004,61
GGGCAAAGCTTGTGTGTCCG_005,8
GGGCAAAGCTTGTGTGTCCG_006,182
GGGCAAAGCTTGTGTGTCCG_007,12
GGGCAAAGCTTGTGTGTCCG_008,81
GGGCAAAGCTTGTGTGTCCG_009,98
GGGCAAAGCTTGTGTGTCCG_010,147
GGGCAAAGCTTGTGTGTCCG_011,20
GGGCAAAGCTTGTGTGTCCG_012,105
GGGCAAAGCTTGTGTGTCCG_013,63
GGGCAAAGCTTGTGTGTCCG_014,44
GGGCAAAGCTTGTGTGTCCG_015,174
GGGCAAAGCTTGTGTGTCCG_016,145
GGGCAAAGCTTGTGTGTCCG_017,71
GGGCAAAGCTTGTGTGTCCG_018,172
GGGCAAAGCTTGTGTGTCCG_019,3
GGGCAAAGCTTGTGTGTCCG_020,43
ATCCGCTGGGTGTAGCCGTG_001,16
ATCCGCTGGGTGTAGCCGTG_002,60
ATCCGCTGGGTGTAGCCGTG_003,127
ATCCGCTGGGTGTAGCCGTG_004,127
ATCCGCTGGGTGTAGCCGTG_005,65
ATCCGCTGGGTGTAGCCGTG_006,112
ATCCGCTGGGTGTAGCCGTG_007,94
ATCCGCTGGGTGTAGCCGTG_008,133
ATCCGCTGGGTGTAGCCGTG_009,145
ATCCGCTGGGTGTAGCCGTG_010,198
ATCCGCTGGGTGTAGCCGTG_011,82
ATCCGCTGGGTGTAGCCGTG_012,155
ATCCGCTGGGTGTAGCCGTG_013,53
ATCCGCTGGGTGTAGCCGTG_014,113
ATCCGCTGGGTGTAGCCGTG_015,179
ATCCGCTGGGTGTAGCCGTG_016,57
ATCCGCTGGGTGTAGCCGTG_017,19
ATCCGCTGGGTGTAGCCGTG_018,98
ATCCGCTGGGTGTAGCCGTG_019,3
ATCCGCTGGGTGTAGCCGTG_020,169
ATCCGCTGGGTGTAGCCGTG_021,3
ATCCGCTGGGTGTAGCCGTG_022,138
ATCCGCTGGGTGTAGCCGTG_023,48
ATCCGCTGGGTGTAGCCGTG_024,86
ATCCGCTGGGTGTAGCCGTG_025,11
CATCCCCGTTATCCGGCCGA_001,95
CATCCCCGTTATCCGGCCGA_002,60
GTTCACCTTATGGCACTGGA_001,184
GTTCACCTTATGGCACTGGA_002,51
GTTCACCTTATGGCACTGGA_003,22
GTTCACCTTATGGCACTGGA_004,96
GTTCACCTTATGGCACTGGA_005,178
GTTCACCTTATGGCACTGGA_006,150
GGCATCCCATAGGGTGTTCG_001,12
GGCATCCCATAGGGTGTTCG_002,169
GGCATCCCATAGGGTGTTCG_003,36
GGCATCCCATAGGGTGTTCG_004,70
GGCATCCCATAGGGTGTTCG_005,176
GGCATCCCATAGGGTGTTCG_006,27
GGCATCCCATAGGGTGTTCG_007,6
GGCATCCCATAGGGTGTTCG_008,36
GGCATCCCATAGGGTGTTCG_009,1
GGCATCCCATAGGGTGTTCG_010,113
GGCATCCCATAGGGTGTTCG_011,34
GACCTCTCACCTGAAGAACG_001,4
GACCTCTCACCTGAAGAACG_002,159
GACCTCTCACCTGAAGAACG_003,49
GACCTCTCACCTGAAGAACG_004,155
GACCTCTCACCTGAAGAACG_005,103
GACCTCTCACCTGAAGAACG_006,102
CATGCAGCACATCCCCAAAG_001,194
CATGCAGCACATCCCCAAAG_002,76
TACTATGGCAGCTACTACAG_001,166
TACTATGGCAGCTACTACAG_002,72
CAGCAAGTAAAAGGCTTCCG_001,157
CAGCAAGTAAAAGGCTTCCG_002,59
CAGCAAGTAAAAGGCTTCCG_003,174
CAGCAAGTAAAAGGCTTCCG_004,22
CAGCAAGTAAAAGGCTTCCG_005,171
AAAGCACTAAATGCTGTCCG_001,192
AAAGCACTAAATGCTGTCCG_002,105
AAAGCACTAAATGCTGTCCG_003,191
AAAGCACTAAATGCTGTCCG_004,174
ACACGTTTGAGAGTCCTCCC_001,83
ACACGTTTGAGAGTCCTCCC_002,1
ACACGTTTGAGAGTCCTCCC_003,2
ACACGTTTGAGAGTCCTCCC_004,170
TCACGGCAGATACTTACCAG_001,28
TCACGGCAGATACTTACCAG_002,95
TCACGGCAGATACTTACCAG_003,168
TCACGGCAGATACTTACCAG_004,105
TCACGGCAGATACTTACCAG_005,56
TCACACGTGCTGACAGGCCG_001,61
TCACACGTGCTGACAGGCCG_002,102
TCACACGTGCTGACAGGCCG_003,176
TCACACGTGCTGACAGGCCG_004,166
TCACACGTGCTGACAGGCCG_005,39
TCACACGTGCTGACAGGCCG_006,142
TCACACGTGCTGACAGGCCG_007,106
CTGCACATCACCGTGCTGCG_001,134
CTGCACATCACCGTGCTGCG_002,6
CTGCACATCACCGTGCTGCG_003,127
CCTCCCATGAGGGAAAGTGT_001,166
CCTCCCATGAGGGAAAGTGT_002,118
CCTCCCATGAGGGAAAGTGT_003,127
CCTCCCATGAGGGAAAGTGT_004,144
CCTCCCATGAGGGAAAGTGT_005,81
CCTCCCATGAGGGAAAGTGT_006,56
GAGAACCCCAAGATCCCACA_001,103
GAGAACCCCAAGATCCCACA_002,58
GAGAACCCCAAGATCCCACA_003,148
GAGAACCCCAAGATCCCACA_004,83
GAGAACCCCAAGATCCCACA_005,83
GAGAACCCCAAGATCCCACA_006,156
GAGAACCCCAAGATCCCACA_007,136
CAGCCACCACAAAGGGCACG_001,53
CAGCCACCACAAAGGGCACG_002,114
CAGCCACCACAAAGGGCACG_003,5
CAGCCACCACAAAGGGCACG_004,107
CAGCCACCACAAAGGGCACG_005,70
CAGCCACCACAAAGGGCACG_006,84
CAGCCACCACAAAGGGCACG_007,15
CAGCCACCACAAAGGGCACG_008,103
CAGCCACCACAAAGGGCACG_009,146
CAGCCACCACAAAGGGCACG_010,4
CAGCCACCACAAAGGGCACG_011,169
CAGCCACCACAAAGGGCACG_012,65
CAGCCACCACAAAGGGCACG_013,31
CAGCCACCACAAAGGGCACG_014,73
CAGCCACCACAAAGGGCACG_015,139
CAGCCACCACAAAGGGCACG_016,35
CAGCCACCACAAAGGGCACG_017,116
CAGCCACCACAAAGGGCACG_018,144
CAGCCACCACAAAGGGCACG_019,187
CAGCCACCACAAAGGGCACG_020,130
CAGCCACCACAAAGGGCACG_021,49
CAGCCACCACAAAGGGCACG_022,77
CAGCCACCACAAAGGGCACG_023,174
CAGCCACCACAAAGGGCACG_024,119
CAGCCACCACAAAGGGCACG_025,194
AGTCATTTACAGAACGAGGC_001,132
AGTCATTTACAGAACGAGGC_002,30
AGTCATTTACAGAACGAGGC_003,73
AGTCATTTACAGAACGAGGC_004,111
AGTCATTTACAGAACGAGGC_005,160
AGTCATTTACAGAACGAGGC_006,34
AGTCATTTACAGAACGAGGC_007,34
AGTCATTTACAGAACGAGGC_008,12
AGTCATTTACAGAACGAGGC_009,35
AGTCATTTACAGAACGAGGC_010,41
AGTCATTTACAGAACGAGGC_011,44
AGTCATTTACAGAACGAGGC_012,166
AGTCATTTACAGAACGAGGC_013,1
AGGCAGAAGGGTTATGTCTG_001,184
AGGCAGAAGGGTTATGTCTG_002,51
AGGCAGAAGGGTTATGTCTG_003,91
AGGCAGAAGGGTTATGTCTG_004,38
AGGCAGAAGGGTTATGTCTG_005,106
AGGCAGAAGGGTTATGTCTG_006,49
AGGCAGAAGGGTTATGTCTG_007,144
AGGCAGAAGGGTTATGTCTG_008,49
AGGCAGAAGGGTTATGTCTG_009,11
AGGCAGAAGGGTTATGTCTG_010,150
AGGCAGAAGGGTTATGTCTG_011,11
AGGCAGAAGGGTTATGTCTG_012,3
AGGCAGAAGGGTTATGTCTG_013,58
CATGTACTAAATCCTCAACC_001,26
CTGGGCCAAGGGTCACTACA_001,122
CTGGGCCAAGGGTCACTACA_002,119
CTGGGCCAAGGGTCACTACA_003,68
CTGGGCCAAGGGTCACTACA_004,36
CTGGGCCAAGGGTCACTACA_005,174
CTGGGCCAAGGGTCACTACA_006,158
CTGGGCCAAGGGTCACTACA_007,184
CTGGGCCAAGGGTCACTACA_008,53
CTGGGCCAAGGGTCACTACA_009,121
CTGGGCCAAGGGTCACTACA_010,159
TGAACTCATTCACAGCGAAG_001,147
TGAACTCATTCACAGCGAAG_002,106
TGAACTCATTCACAGCGAAG_003,77
TGAACTCATTCACAGCGAAG_004,160
TGAACTCATTCACAGCGAAG_005,111
TGAACTCATTCACAGCGAAG_006,40
TGAACTCATTCACAGCGAAG_007,156
TGAGCCCTGCAAATCAAAGG_001,107
TGAGCCCTGCAAATCAAAGG_002,42
TGAGCCCTGCAAATCAAAGG_003,155
TGAGCCCTGCAAATCAAAGG_004,107
TGAGCCCTGCAAATCAAAGG_005,101
GTGGGACCCCTCCACAACGT_001,172
GTGGGACCCCTCCACAACGT_002,98
GTGGGACCCCTCCACAACGT_003,115
GTGGGACCCCTCCACAACGT_004,170
GTGGGACCCCTCCACAACGT_005,21
GTGGGACCCCTCCACAACGT_006,72
GTGGGACCCCTCCACAACGT_007,187
GTGGGACCCCTCCACAACGT_008,111
GTGGGACCCCTCCACAACGT_009,103
GTGGGACCCCTCCACAACGT_010,17
GTGGGACCCCTCCACAACGT_011,119
GTGGGACCCCTCCACAACGT_012,13
GTGGGACCCCTCCACAACGT_013,148
GTGGGACCCCTCCACAACGT_014,197
GTGGGACCCCTCCACAACGT_015,18
TCCTACCAAATACTTCACTG_001,41
TCCTACCAAATACTTCACTG_002,176
TCCTACCAAATACTTCACTG_003,77
TCCTACCAAATACTTCACTG_004,177
TCCTACCAAATACTTCACTG_005,153
TCCTACCAAATACTTCACTG_006,70
TCCTACCAAATACTTCACTG_007,12
TGGTAACAGACACACTGCCG_001,171
TGGTAACAGACACACTGCCG_002,60
TGGTAACAGACACACTGCCG_003,145
TGGTAACAGACACACTGCCG_004,108
TGGTAACAGACACACTGCCG_005,47
TGGTAACAGACACACTGCCG_006,161
TGGTAACAGACACACTGCCG_007,118
TGGTAACAGACACACTGCCG_008,34
TGGTAACAGACACACTGCCG_009,36
TGGTAACAGACACACTGCCG_010,146
TGGTAACAGACACACTGCCG_011,178
TGGTAACAGACACACTGCCG_012,122
TGGTAACAGACACACTGCCG_013,9
TGGTAACAGACACACTGCCG_014,113
TGGTAACAGACACACTGCCG_015,174
TGGTAACAGACACACTGCCG_016,35
TGGTAACAGACACACTGCCG_017,177
TGGTAACAGACACACTGCCG_018,27
TGGTAACAGACACACTGCCG_019,191
TGGTAACAGACACACTGCCG_020,0
TGGTAACAGACACACTGCCG_021,147
TGGTAACAGACACACTGCCG_022,138
ACTCTAGTCAACCATAGGAA_001,173
ACTCTAGTCAACCATAGGAA_002,95
ACTCTAGTCAACCATAGGAA_003,161
TTTGCTGAGTCGGATAGCCG_001,90
TTTGCTGAGTCGGATAGCCG_002,103
TTTGCTGAGTCGGATAGCCG_003,134
TTTGCTGAGTCGGATAGCCG_004,12
TTTGCTGAGTCGGATAGCCG_005,40
TTTGCTGAGTCGGATAGCCG_006,28
TTTGCTGAGTCGGATAGCCG_007,119
TTTGCTGAGTCGGATAGCCG_008,70
TTTGCTGAGTCGGATAGCCG_009,80
TTTGCTGAGTCGGATAGCCG_010,83
TTTGCTGAGTCGGATAGCCG_011,1
TTTGCTGAGTCGGATAGCCG_012,157
TTTGCTGAGTCGGATAGCCG_013,125
TTTGCTGAGTCGGATAGCCG_014,43
TTTGCTGAGTCGGATAGCCG_015,100
TTTGCTGAGTCGGATAGCCG_016,104
TTTGCTGAGTCGGATAGCCG_017,104
TTTGCTGAGTCGGATAGCCG_018,52
TTTGCTGAGTCGGATAGCCG_019,113
TTTGCTGAGTCGGATAGCCG_020,158
TTTGCTGAGTCGGATAGCCG_021,176
TTTGCTGAGTCGGATAGCCG_022,49
TTTGCTGAGTCGGATAGCCG_023,81
TTTGCTGAGTCGGATAGCCG_024,59
TTTGCTGAGTCGGATAGCCG_025,177
TTTGCTGAGTCGGATAGCCG_026,118
TTTGCTGAGTCGGATAGCCG_027,104
TTTGCTGAGTCGGATAGCCG_028,104
TATGGAGCAGTAACTTGTGA_001,80
TATGGAGCAGTAACTTGTGA_002,170
TATGGAGCAGTAACTTGTGA_003,0
TGGACCCCGTGAGCTTTGCG_001,113
TGGACCCCGTGAGCTTTGCG_002,12
TGGACCCCGTGAGCTTTGCG_003,61
TGGACCCCGTGAGCTTTGCG_004,177
TGGACCCCGTGAGCTTTGCG_005,7
TGGACCCCGTGAGCTTTGCG_006,47
TGGACCCCGTGAGCTTTGCG_007,106
TGGACCCCGTGAGCTTTGCG_008,19
TGGACCCCGTGAGCTTTGCG_009,10
TGGACCCCGTGAGCTTTGCG_010,179
TCTGCGATGGTCTATTATCA_001,78
TCTGCGATGGTCTATTATCA_002,88
CAAGTGCTCCAGTTTCAGAG_001,188
CAAGTGCTCCAGTTTCAGAG_002,17
CAAGTGCTCCAGTTTCAGAG_003,175
CAAGTGCTCCAGTTTCAGAG_004,115
CAAGTGCTCCAGTTTCAGAG_005,74
CAAGTGCTCCAGTTTCAGAG_006,112
CAAGTGCTCCAGTTTCAGAG_007,118
GATCCTTTAACCTTGGTGCA_001,84
GATCCTTTAACCTTGGTGCA_002,162
GATCCTTTAACCTTGGTGCA_003,89
GATCCTTTAACCTTGGTGCA_004,39
GATCCTTTAACCTTGGTGCA_005,48
GATCCTTTAACCTTGGTGCA_006,136
GATCCTTTAACCTTGGTGCA_007,57
GATCCTTTAACCTTGGTGCA_008,83
GATCCTTTAACCTTGGTGCA_009,50
GATCCTTTAACCTTGGTGCA_010,47
GATCCTTTAACCTTGGTGCA_011,113
GATCCTTTAACCTTGGTGCA_012,102
GATCCTTTAACCTTGGTGCA_013,15
GATCCTTTAACCTTGGTGCA_014,138
GATCCTTTAACCTTGGTGCA_015,188
GGCGCTTCTCCAGCACCACG_001,64
GGCGCTTCTCCAGCACCACG_002,78
GGCGCTTCTCCAGCACCACG_003,105
GGCGCTTCTCCAGCACCACG_004,49
GGCGCTTCTCCAGCACCACG_005,142
GGCGCTTCTCCAGCACCACG_006,142
CCAGCGGAAAAAACTGTCGG_001,28
CCAGCGGAAAAAACTGTCGG_002,94
CCAGCGGAAAAAACTGTCGG_003,144
CCAGCGGAAAAAACTGTCGG_004,9
CCAGCGGAAAAAACTGTCGG_005,85
CCAGCGGAAAAAACTGTCGG_006,133
CAATCGCTACCACATGCCCA_001,36
CAATCGCTACCACATGCCCA_002,169
CAATCGCTACCACATGCCCA_003,141
CAATCGCTACCACATGCCCA_004,184
CAATCGCTACCACATGCCCA_005,127
CAATCGCTACCACATGCCCA_006,149
CAATCGCTACCACATGCCCA_007,150
CAATCGCTACCACATGCCCA_008,49
CAATCGCTACCACATGCCCA_009,79
CAATCGCTACCACATGCCCA_010,58
CAATCGCTACCACATGCCCA_011,17
ACCAGAAGAGCCCTGTCAGG_001,29
ACCAGAAGAGCCCTGTCAGG_002,6
ACCAGAAGAGCCCTGTCAGG_003,175
ACCAGAAGAGCCCTGTCAGG_004,126
ACCAGAAGAGCCCTGTCAGG_005,63
ACCAGAAGAGCCCTGTCAGG_006,103
ACCAGAAGAGCCCTGTCAGG_007,127
ACCAGAAGAGCCCTGTCAGG_008,76
ACCAGAAGAGCCCTGTCAGG_009,197
ACCAGAAGAGCCCTGTCAGG_010,9
ACCAGAAGAGCCCTGTCAGG_011,94
ACCAGAAGAGCCCTGTCAGG_012,166
ACCAGAAGAGCCCTGTCAGG_013,81
ACCAGAAGAGCCCTGTCAGG_014,159
ACCAGAAGAGCCCTGTCAGG_015,34
ACCAGAAGAGCCCTGTCAGG_016,158
ACCAGAAGAGCCCTGTCAGG_017,2
ACCAGAAGAGCCCTGTCAGG_018,60
ACCAGAAGAGCCCTGTCAGG_019,16
ACCAGAAGAGCCCTGTCAGG_020,105
ACCAGAAGAGCCCTGTCAGG_021,81
ACCAGAAGAGCCCTGTCAGG_022,23
ACCAGAAGAGCCCTGTCAGG_023,62
ACCAGAAGAGCCCTGTCAGG_024,123
ACCAGAAGAGCCCTGTCAGG_025,37
ACCAGAAGAGCCCTGTCAGG_026,48
ACCAGAAGAGCCCTGTCAGG_027,77
CCGCCCAAGAAAGATGCCGG_001,52
CCGCCCAAGAAAGATGCCGG_002,82
CCGCCCAAGAAAGATGCCGG_003,75
CCGCCCAAGAAAGATGCCGG_004,192
CCGCCCAAGAAAGATGCCGG_005,8
CCGCCCAAGAAAGATGCCGG_006,119
CCGCCCAAGAAAGATGCCGG_007,151
CCGCCCAAGAAAGATGCCGG_008,125
CCGCCCAAGAAAGATGCCGG_009,23
CCGCCCAAGAAAGATGCCGG_010,199
CCGCCCAAGAAAGATGCCGG_011,2
CCGCCCAAGAAAGATGCCGG_012,77
CCGCCCAAGAAAGATGCCGG_013,40
CCGCCCAAGAAAGATGCCGG_014,149
CCGCCCAAGAAAGATGCCGG_015,165
CCGCCCAAGAAAGATGCCGG_016,70
CCGCCCAAGAAAGATGCCGG_017,160
CCGCCCAAGAAAGATGCCGG_018,180
CGAGCGCTGGAATGTCGTGC_001,63
CGAGCGCTGGAATGTCGTGC_002,41
CGAGCGCTGGAATGTCGTGC_003,121
CGAGCGCTGGAATGTCGTGC_004,96
CGAGCGCTGGAATGTCGTGC_005,112
CGAGCGCTGGAATGTCGTGC_006,50
CGAGCGCTGGAATGTCGTGC_007,152
CGAGCGCTGGAATGTCGTGC_008,73
CGAGCGCTGGAATGTCGTGC_009,108
CTGGTGCACCTGCTTCATGG_001,128
CCCCGTACACCCCAGAATGG_001,184
CCCCGTACACCCCAGAATGG_002,180
CCCCGTACACCCCAGAATGG_003,60
CCCCGTACACCCCAGAATGG_004,42
CCCCGTACACCCCAGAATGG_005,12
CCCCGTACACCCCAGAATGG_006,101
CCCCGTACACCCCAGAATGG_007,127
CCCCGTACACCCCAGAATGG_008,35
CCCCGTACACCCCAGAATGG_009,39
CCCCGTACACCCCAGAATGG_010,82
GTCAACTGTCCACAGTGATG_001,121
GTCAACTGTCCACAGTGATG_002,95
GTCAACTGTCCACAGTGATG_003,150
GTCAACTGTCCACAGTGATG_004,115
GTCAACTGTCCACAGTGATG_005,184
GTCAACTGTCCACAGTGATG_006,77
GTCAACTGTCCACAGTGATG_007,94
GTCAACTGTCCACAGTGATG_008,192
GTCAACTGTCCACAGTGATG_009,105
GTCAACTGTCCACAGTGATG_010,43
GTCAACTGTCCACAGTGATG_011,146
GTCAACTGTCCACAGTGATG_012,58
GTCAACTGTCCACAGTGATG_013,104
GTCAACTGTCCACAGTGATG_014,133
GTCAACTGTCCACAGTGATG_015,174
GTCAACTGTCCACAGTGATG_016,86
GTCAACTGTCCACAGTGATG_017,134
GTCAACTGTCCACAGTGATG_018,81
GTCAACTGTCCACAGTGATG_019,158
GTCAACTGTCCACAGTGATG_020,19
GTCAACTGTCCACAGTGATG_021,36
GTCAACTGTCCACAGTGATG_022,6
TTTGAGGAAGACTCAATGAT_001,137
TTTGAGGAAGACTCAATGAT_002,194
TTTGAGGAAGACTCAATGAT_003,42
TTTGAGGAAGACTCAATGAT_004,43
TTTGAGGAAGACTCAATGAT_005,192
ACAGGTTTACCACCTCGCCA_001,45
ACAGGTTTACCACCTCGCCA_002,2
ACAGGTTTACCACCTCGCCA_003,29
ACAGGTTTACCACCTCGCCA_004,33
ACAGGTTTACCACCTCGCCA_005,83
ACAGGTTTACCACCTCGCCA_006,16
ACAGGTTTACCACCTCGCCA_007,170
ACAGGTTTACCACCTCGCCA_008,40
ACAGGTTTACCACCTCGCCA_009,115
ACAGGTTTACCACCTCGCCA_010,69
ACAGGTTTACCACCTCGCCA_011,58
ACAGGTTTACCACCTCGCCA_012,54
ACAGGTTTACCACCTCGCCA_013,42
AACTCTACAGCTTTACTGGG_001,145
AACTCTACAGCTTTACTGGG_002,15
AACTCTACAGCTTTACTGGG_003,177
AACTCTACAGCTTTACTGGG_004,94
AACTCTACAGCTTTACTGGG_005,170
AACTCTACAGCTTTACTGGG_006,157
ATCATCTCACAGTTCAACCA_001,106
ATCATCTCACAGTTCAACCA_002,76
ATCATCTCACAGTTCAACCA_003,9
ATCATCTCACAGTTCAACCA_004,138
ATCATCTCACAGTTCAACCA_005,63
ATCATCTCACAGTTCAACCA_006,41
ATCATCTCACAGTTCAACCA_007,134
ATCATCTCACAGTTCAACCA_008,126
ATCATCTCACAGTTCAACCA_009,198
ATCATCTCACAGTTCAACCA_010,190
AGCTATGCGCCCCATCATGT_001,151
AGCTATGCGCCCCATCATGT_002,9
AGCTATGCGCCCCATCATGT_003,125
AGCTATGCGCCCCATCATGT_004,95
AGCTATGCGCCCCATCATGT_005,174
AGCTATGCGCCCCATCATGT_006,141
AGCTATGCGCCCCATCATGT_007,148
AGCTATGCGCCCCATCATGT_008,148
AGCTATGCGCCCCATCATGT_009,145
AGCTATGCGCCCCATCATGT_010,40
AGCTATGCGCCCCATCATGT_011,147
AGCTATGCGCCCCATCATGT_012,121
AGCTATGCGCCCCATCATGT_013,12
AGCTATGCGCCCCATCATGT_014,9
AGCTATGCGCCCCATCATGT_015,74
AGCTATGCGCCCCATCATGT_016,130
AGCTATGCGCCCCATCATGT_017,168
AGCTATGCGCCCCATCATGT_018,126
AGCTATGCGCCCCATCATGT_019,114
CGCAGAATGGTGGACCTCGG_001,49
CGCAGAATGGTGGACCTCGG_002,168
CGCAGAATGGTGGACCTCGG_003,82
CGCAGAATGGTGGACCTCGG_004,82
CGCAGAATGGTGGACCTCGG_005,50
CGCAGAATGGTGGACCTCGG_006,92
CGCAGAATGGTGGACCTCGG_007,113
CGCAGAATGGTGGACCTCGG_008,140
ATTTGTCGTAGCAAAACCAG_001,170
ATTTGTCGTAGCAAAACCAG_002,33
GAGTTTGGGAAGGTAGACCC_001,191
GAGTTTGGGAAGGTAGACCC_002,28
GGAAGGTTATAGTAAAAGGT_001,166
GGCGTCTGCAAACTTGAGGA_001,88
GGCGTCTGCAAACTTGAGGA_002,0
GGCGTCTGCAAACTTGAGGA_003,199
GGCGTCTGCAAACTTGAGGA_004,126
GGCGTCTGCAAACTTGAGGA_005,126
GGCGTCTGCAAACTTGAGGA_006,150
TGGCTACTGAAGAAACATTG_001,58
TGGCTACTGAAGAAACATTG_002,168
TGGCTACTGAAGAAACATTG_003,23
TGGCTACTGAAGAAACATTG_004,72
GATGCGCTGTCAGTGTGAAA_001,75
GATGCGCTGTCAGTGTGAAA_002,182
GATGCGCTGTCAGTGTGAAA_003,35
GATGCGCTGTCAGTGTGAAA_004,25
GATGCGCTGTCAGTGTGAAA_005,168
GATGCGCTGTCAGTGTGAAA_006,131
GATGCGCTGTCAGTGTGAAA_007,84
CCTTGGCCAAAAGTAGAACA_001,54
CCTTGGCCAAAAGTAGAACA_002,51
CCTTGGCCAAAAGTAGAACA_003,85
CCTTGGCCAAAAGTAGAACA_004,173
TGTTAGTGAATAATATCCAA_001,166
TGTTAGTGAATAATATCCAA_002,82
TGTTAGTGAATAATATCCAA_003,84
TGTTAGTGAATAATATCCAA_004,127
TGTTAGTGAATAATATCCAA_005,94
TGTTAGTGAATAATATCCAA_006,115
CCAGTTCATCTGCGCCACTC_001,2
CCAGTTCATCTGCGCCACTC_002,197
CCAGTTCATCTGCGCCACTC_003,59
CCAGTTCATCTGCGCCACTC_004,182
CCAGTTCATCTGCGCCACTC_005,58
CCAGTTCATCTGCGCCACTC_006,145
CCAGTTCATCTGCGCCACTC_007,71
CCAGTTCATCTGCGCCACTC_008,110
CCAGTTCATCTGCGCCACTC_009,99
AAGCCACGGAAACATGACAG_001,53
AAGCCACGGAAACATGACAG_002,169
AAGCCACGGAAACATGACAG_003,62
AAGCCACGGAAACATGACAG_004,179
AAGCCACGGAAACATGACAG_005,15
AAGCCACGGAAACATGACAG_006,92
AAGCCACGGAAACATGACAG_007,24
GTCAAACCTACATGACGCGA_001,170
GTCAAACCTACATGACGCGA_002,106
GTCAAACCTACATGACGCGA_003,178
GTCAAACCTACATGACGCGA_004,140
GTCAAACCTACATGACGCGA_005,80
AAAGGCTCACAACAGGCCCG_001,188
AAAGGCTCACAACAGGCCCG_002,148
AAAGGCTCACAACAGGCCCG_003,160
AAAGGCTCACAACAGGCCCG_004,75
AAAGGCTCACAACAGGCCCG_005,101
AAAGGCTCACAACAGGCCCG_006,57
AAAGGCTCACAACAGGCCCG_007,153
AAAGGCTCACAACAGGCCCG_008,184
AAAGGCTCACAACAGGCCCG_009,46
AAAGGCTCACAACAGGCCCG_010,52
AAAGGCTCACAACAGGCCCG_011,142
ACTTCAAACGACACCCCAAG_001,3
ACTTCAAACGACACCCCAAG_002,147
ACTTCAAACGACACCCCAAG_003,182
ACTTCAAACGACACCCCAAG_004,196
ACTTCAAACGACACCCCAAG_005,31
ACTTCAAACGACACCCCAAG_006,22
ACTTCAAACGACACCCCAAG_007,120
ACTTCAAACGACACCCCAAG_008,149
ACTTCAAACGACACCCCAAG_009,36
ACTTCAAACGACACCCCAAG_010,178
ACTTCAAACGACACCCCAAG_011,156
ACTTCAAACGACACCCCAAG_012,166
ACTTCAAACGACACCCCAAG_013,34
ACTTCAAACGACACCCCAAG_014,61
ACTTCAAACGACACCCCAAG_015,158
ACTTCAAACGACACCCCAAG_016,50
ACTTCAAACGACACCCCAAG_017,105
ACTTCAAACGACACCCCAAG_018,166
ACTTCAAACGACACCCCAAG_019,62
ACTTCAAACGACACCCCAAG_020,98
ACTTCAAACGACACCCCAAG_021,141
ACTTCAAACGACACCCCAAG_022,57
ACTTCAAACGACACCCCAAG_023,20
ACTTCAAACGACACCCCAAG_024,149
ACTTCAAACGACACCCCAAG_025,145
ACTTCAAACGACACCCCAAG_026,197
ACTTCAAACGACACCCCAAG_027,56
ACTTCAAACGACACCCCAAG_028,49
ACTTCAAACGACACCCCAAG_029,138
ACTTCAAACGACACCCCAAG_030,118
ACTTCAAACGACACCCCAAG_031,87
ACTTCAAACGACACCCCAAG_032,96
ACTTCAAACGACACCCCAAG_033,18
ACTTCAAACGACACCCCAAG_034,198
ACTTCAAACGACACCCCAAG_035,127
TGTGCCGAATGTATCTACAC_001,24
TGTGCCGAATGTATCTACAC_002,67
TGTGCCGAATGTATCTACAC_003,149
GGCCAGCCACGAGTCCATTG_001,73
GGCCAGCCACGAGTCCATTG_002,125
GTCTGCCTTACTCCCCTCAG_001,81
ATGCCGTGCTTGTTCATGCA_001,121
ATGCCGTGCTTGTTCATGCA_002,68
ATGCCGTGCTTGTTCATGCA_003,175
ATGCCGTGCTTGTTCATGCA_004,50
ATGCCGTGCTTGTTCATGCA_005,50
ATGCCGTGCTTGTTCATGCA_006,190
ATGCCGTGCTTGTTCATGCA_007,126
ATGCCGTGCTTGTTCATGCA_008,61
ATGCCGTGCTTGTTCATGCA_009,148
ATGCCGTGCTTGTTCATGCA_010,147
ATGCCGTGCTTGTTCATGCA_011,63
ATGCCGTGCTTGTTCATGCA_012,11
ATGCCGTGCTTGTTCATGCA_013,103
ATGCCGTGCTTGTTCATGCA_014,33
ATGCCGTGCTTGTTCATGCA_015,6
ATGCCGTGCTTGTTCATGCA_016,147
ATGCCGTGCTTGTTCATGCA_017,58
ACCGGTACGGTAATAGACAG_001,103
ACCGGTACGGTAATAGACAG_002,33
ACCGGTACGGTAATAGACAG_003,157
ACCGGTACGGTAATAGACAG_004,52
ACCGGTACGGTAATAGACAG_005,50
ACCGGTACGGTAATAGACAG_006,198
GCCAACTTGTCAACAGGAAG_001,12
GCCAACTTGTCAACAGGAAG_002,196
GCCAACTTGTCAACAGGAAG_003,43
GCCAACTTGTCAACAGGAAG_004,116
GCCAACTTGTCAACAGGAAG_005,92
GCCAACTTGTCAACAGGAAG_006,35
GCCAACTTGTCAACAGGAAG_007,188
GCCAACTTGTCAACAGGAAG_008,137
GCCAACTTGTCAACAGGAAG_009,34
GCCAACTTGTCAACAGGAAG_010,124
GCCAACTTGTCAACAGGAAG_011,63
CCTCGCGTACTGCCCGCTTG_001,102
CCTCGCGTACTGCCCGCTTG_002,7
CCTCGCGTACTGCCCGCTTG_003,178
CCTCGCGTACTGCCCGCTTG_004,28
CCTCGCGTACTGCCCGCTTG_005,162
GTAACAGAACAATACCCTAA_001,189
GTAACAGAACAATACCCTAA_002,16
GTAACAGAACAATACCCTAA_003,40
GTAACAGAACAATACCCTAA_004,117
GTAACAGAACAATACCCTAA_005,8
GTAACAGAACAATACCCTAA_006,113
GTAACAGAACAATACCCTAA_007,150
GTAACAGAACAATACCCTAA_008,98
GTAACAGAACAATACCCTAA_009,76
CAAGCTGAGAGGTCCATAAT_001,153
CAAGCTGAGAGGTCCATAAT_002,34
CAAGCTGAGAGGTCCATAAT_003,141
CAAGCTGAGAGGTCCATAAT_004,187
CAAGCTGAGAGGTCCATAAT_005,6
CAAGCTGAGAGGTCCATAAT_006,64
CAAGCTGAGAGGTCCATAAT_007,83
CAAGCTGAGAGGTCCATAAT_008,12
CAAGCTGAGAGGTCCATAAT_009,146
CGACTTAGATAAATATGATG_001,188
CGACTTAGATAAATATGATG_002,66
CGACTTAGATAAATATGATG_003,178
AAGCAATAAGAATCAAACGC_001,141
AAGCAATAAGAATCAAACGC_002,86
AAGCAATAAGAATCAAACGC_003,163
AAGCAATAAGAATCAAACGC_004,178
AAGCAATAAGAATCAAACGC_005,168
AAGCAATAAGAATCAAACGC_006,101
GAGCTGTGATTATGGCCGTG_001,76
GAGCTGTGATTATGGCCGTG_002,4
GAGCTGTGATTATGGCCGTG_003,102
GAGCTGTGATTATGGCCGTG_004,69
GAGCTGTGATTATGGCCGTG_005,163
GGTAGTGGTCAAGCCTCACG_001,0
GGTAGTGGTCAAGCCTCACG_002,24
GGTAGTGGTCAAGCCTCACG_003,119
GGTAGTGGTCAAGCCTCACG_004,124
GGTAGTGGTCAAGCCTCACG_005,140
GGTAGTGGTCAAGCCTCACG_006,184
GGTAGTGGTCAAGCCTCACG_007,149
GGTAGTGGTCAAGCCTCACG_008,37
GGTAGTGGTCAAGCCTCACG_009,136
GGTAGTGGTCAAGCCTCACG_010,84
GGTAGTGGTCAAGCCTCACG_011,77
GGTAGTGGTCAAGCCTCACG_012,177
GGTAGTGGTCAAGCCTCACG_013,197
GGTAGTGGTCAAGCCTCACG_014,17
GGTAGTGGTCAAGCCTCACG_015,78
GGTAGTGGTCAAGCCTCACG_016,117
GGTAGTGGTCAAGCCTCACG_017,177
GGTAGTGGTCAAGCCTCACG_018,94
GGTAGTGGTCAAGCCTCACG_019,106
GGTAGTGGTCAAGCCTCACG_020,83
GGTAGTGGTCAAGCCTCACG_021,50
GGTAGTGGTCAAGCCTCACG_022,183
CTGCACCTCAGCACGCACGT_001,30
CTGCACCTCAGCACGCACGT_002,99
CTGCACCTCAGCACGCACGT_003,75
CTGCACCTCAGCACGCACGT_004,96
CTGCACCTCAGCACGCACGT_005,132
CTGCACCTCAGCACGCACGT_006,15
CTGCACCTCAGCACGCACGT_007,197
CTGCACCTCAGCACGCACGT_008,123
CTGCACCTCAGCACGCACGT_009,42
CTGCACCTCAGCACGCACGT_010,3
CTGCACCTCAGCACGCACGT_011,39
CTGCACCTCAGCACGCACGT_012,82
CTGCACCTCAGCACGCACGT_013,89
CCCTCATACACGGATCCTGG_001,64
CCCTCATACACGGATCCTGG_002,108
CCCTCATACACGGATCCTGG_003,97
CCCTCATACACGGATCCTGG_004,127
GGAGGCGGGATATATACCAG_001,185
GGAGGCGGGATATATACCAG_002,62
GGAGGCGGGATATATACCAG_003,171
GGAGGCGGGATATATACCAG_004,138
GGAGGCGGGATATATACCAG_005,196
TTGCGATCAGAGAGATACCA_001,106
TTGCGATCAGAGAGATACCA_002,141
TTGCGATCAGAGAGATACCA_003,10
TTGCGATCAGAGAGATACCA_004,160
TTGCGATCAGAGAGATACCA_005,177
TTGCGATCAGAGAGATACCA_006,155
TTGCGATCAGAGAGATACCA_007,6
TTGCGATCAGAGAGATACCA_008,48
TTGCGATCAGAGAGATACCA_009,116
TTGCGATCAGAGAGATACCA_010,70
TTGCGATCAGAGAGATACCA_011,4
TTGCGATCAGAGAGATACCA_012,48
TTGCGATCAGAGAGATACCA_013,23
TTGCGATCAGAGAGATACCA_014,51
GTGAAAAGTGCAAATATGAA_001,172
GTGAAAAGTGCAAATATGAA_002,69
AGGGGAGCGTGTTCAATACG_001,185
AGGGGAGCGTGTTCAATACG_002,23
AGGGGAGCGTGTTCAATACG_003,61
AGGGGAGCGTGTTCAATACG_004,120
AGGGGAGCGTGTTCAATACG_005,182
AGGGGAGCGTGTTCAATACG_006,113
GGAGTGTTGAGTAACAAGTG_001,139
GGAGTGTTGAGTAACAAGTG_002,123
GGAGTGTTGAGTAACAAGTG_003,29
GGAGTGTTGAGTAACAAGTG_004,5
GGAGTGTTGAGTAACAAGTG_005,86
GGAGTGTTGAGTAACAAGTG_006,58
GGAGTGTTGAGTAACAAGTG_007,197
GGAGTGTTGAGTAACAAGTG_008,12
GGAGTGTTGAGTAACAAGTG_009,147
GGAGTGTTGAGTAACAAGTG_010,63
GGAGTGTTGAGTAACAAGTG_011,34
GGAGTGTTGAGTAACAAGTG_012,92
TTCCACAAACTCATGCAACA_001,36
TTCCACAAACTCATGCAACA_002,85
TTCCACAAACTCATGCAACA_003,85
TTCCACAAACTCATGCAACA_004,22
TTCCACAAACTCATGCAACA_005,103
GAGATCGACGCGAAATACCA_001,56
GAGATCGACGCGAAATACCA_002,115
GAGATCGACGCGAAATACCA_003,19
GAGATCGACGCGAAATACCA_004,182
GAGATCGACGCGAAATACCA_005,190
GAGATCGACGCGAAATACCA_006,129
GAGATCGACGCGAAATACCA_007,24
GAGATCGACGCGAAATACCA_008,189
GAGATCGACGCGAAATACCA_009,31
GAGATCGACGCGAAATACCA_010,195
GAGATCGACGCGAAATACCA_011,194
GAGATCGACGCGAAATACCA_012,125
GAGATCGACGCGAAATACCA_013,78
GAGATCGACGCGAAATACCA_014,175
CGCTTCGGCGCAGACCCCGA_001,176
CGCTTCGGCGCAGACCCCGA_002,88
CGCTTCGGCGCAGACCCCGA_003,68
CGCTTCGGCGCAGACCCCGA_004,142
CGCTTCGGCGCAGACCCCGA_005,176
CGCTTCGGCGCAGACCCCGA_006,16
CGCTTCGGCGCAGACCCCGA_007,156
CGCTTCGGCGCAGACCCCGA_008,156
CGCTTCGGCGCAGACCCCGA_009,20
CGCTTCGGCGCAGACCCCGA_010,148
CGCTTCGGCGCAGACCCCGA_011,185
CGCTTCGGCGCAGACCCCGA_012,4
CGCTTCGGCGCAGACCCCGA_013,69
ATGCGCTGGATGATGTTGCG_001,137
ATGCGCTGGATGATGTTGCG_002,148
ATGCGCTGGATGATGTTGCG_003,148
ATGCGCTGGATGATGTTGCG_004,24
ATGCGCTGGATGATGTTGCG_005,43
ATGCGCTGGATGATGTTGCG_006,116
ATGCGCTGGATGATGTTGCG_007,43
ATGCGCTGGATGATGTTGCG_008,78
ATGCGCTGGATGATGTTGCG_009,22
ATGCGCTGGATGATGTTGCG_010,35
ATGCGCTGGATGATGTTGCG_011,9
ATGCGCTGGATGATGTTGCG_012,41
ATGCGCTGGATGATGTTGCG_013,28
ATGCGCTGGATGATGTTGCG_014,94
ATGCGCTGGATGATGTTGCG_015,197
GAAAGCGGAGACCGAAGACG_001,127
GAAAGCGGAGACCGAAGACG_002,161
GAAAGCGGAGACCGAAGACG_003,85
GAAAGCGGAGACCGAAGACG_004,93
GAAAGCGGAGACCGAAGACG_005,157
GAAAGCGGAGACCGAAGACG_006,141
GAAAGCGGAGACCGAAGACG_007,27
GAAAGCGGAGACCGAAGACG_008,50
GAAAGCGGAGACCGAAGACG_009,17
GAAAGCGGAGACCGAAGACG_010,154
GACACTGCTACTCTGCAACA_001,182
GACACTGCTACTCTGCAACA_002,84
GACACTGCTACTCTGCAACA_003,81
GACACTGCTACTCTGCAACA_004,121
GACACTGCTACTCTGCAACA_005,175
GGCCCGGAAGATGTAGACAT_001,8
GGCCCGGAAGATGTAGACAT_002,155
GGCCCGGAAGATGTAGACAT_003,75
TAGGCTACATGGCTTACCAG_001,151
TAGGCTACATGGCTTACCAG_002,17
TAGGCTACATGGCTTACCAG_003,29
TAGGCTACATGGCTTACCAG_004,61
TAGGCTACATGGCTTACCAG_005,91
TAGGCTACATGGCTTACCAG_006,16
TAGGCTACATGGCTTACCAG_007,107
TAGGCTACATGGCTTACCAG_008,48
TAGGCTACATGGCTTACCAG_009,77
TAGGCTACATGGCTTACCAG_010,168
TAGGCTACATGGCTTACCAG_011,18
ACAGTGCTGAACGACACCAA_001,84
ACAGTGCTGAACGACACCAA_002,29
ACAGTGCTGAACGACACCAA_003,53
ACAGTGCTGAACGACACCAA_004,170
ACAGTGCTGAACGACACCAA_005,76
ACAGTGCTGAACGACACCAA_006,157
ACAGTGCTGAACGACACCAA_007,158
ACAGTGCTGAACGACACCAA_008,67
ACAGTGCTGAACGACACCAA_009,154
ACAGTGCTGAACGACACCAA_010,94
ACAGTGCTGAACGACACCAA_011,47
ACAGTGCTGAACGACACCAA_012,120
ACAGTGCTGAACGACACCAA_013,125
ACAGTGCTGAACGACACCAA_014,50
ACAGTGCTGAACGACACCAA_015,118
ACAGTGCTGAACGACACCAA_016,14
ACAGTGCTGAACGACACCAA_017,35
ACAGTGCTGAACGACACCAA_018,1
ACAGTGCTGAACGACACCAA_019,70
ACAGTGCTGAACGACACCAA_020,198
ACAGTGCTGAACGACACCAA_021,18
ACAGTGCTGAACGACACCAA_022,152
ACAGTGCTGAACGACACCAA_023,188
ACAGTGCTGAACGACACCAA_024,62
ACAGTGCTGAACGACACCAA_025,157
ACAGTGCTGAACGACACCAA_026,28
ACAGTGCTGAACGACACCAA_027,4
ACAGTGCTGAACGACACCAA_028,56
ACAGTGCTGAACGACACCAA_029,91
ACAGTGCTGAACGACACCAA_030,157
ACAGTGCTGAACGACACCAA_031,172
ACAGTGCTGAACGACACCAA_032,34
ACAGTGCTGAACGACACCAA_033,57
TGCGTCGCTCACCCTATCTG_001,1
TGCGTCGCTCACCCTATCTG_002,17
TGCGTCGCTCACCCTATCTG_003,134
TGCGTCGCTCACCCTATCTG_004,184
TGCGTCGCTCACCCTATCTG_005,163
TGCGTCGCTCACCCTATCTG_006,56
TGCGTCGCTCACCCTATCTG_007,102
TGCGTCGCTCACCCTATCTG_008,113
GGGAGATTGTGCACAAACCG_001,77
TGGTGCGACAGCATACAGAC_001,12
TGGCTTGGTGACCGGCACGA_001,102
TGGCTTGGTGACCGGCACGA_002,169
TGGCTTGGTGACCGGCACGA_003,2
TGGCTTGGTGACCGGCACGA_004,191
TGGCTTGGTGACCGGCACGA_005,2
TGGCTTGGTGACCGGCACGA_006,29
TGGCTTGGTGACCGGCACGA_007,9
TGGCTTGGTGACCGGCACGA_008,185
TGGCTTGGTGACCGGCACGA_009,105
TGGCTTGGTGACCGGCACGA_010,94
TGGCTTGGTGACCGGCACGA_011,23
TGGCTTGGTGACCGGCACGA_012,7
TGGCTTGGTGACCGGCACGA_013,104
TGGCTTGGTGACCGGCACGA_014,52
TGGCTTGGTGACCGGCACGA_015,190
TGGCTTGGTGACCGGCACGA_016,185
TGGCTTGGTGACCGGCACGA_017,19
TGGCTTGGTGACCGGCACGA_018,138
TGGCTTGGTGACCGGCACGA_019,138
GGTCATCAAGCCGCTGAACG_001,41
GGTCATCAAGCCGCTGAACG_002,171
GGTCATCAAGCCGCTGAACG_003,13
GGTCATCAAGCCGCTGAACG_004,162
TTAATCAGAAGTACTTCGTG_001,44
TTAATCAGAAGTACTTCGTG_002,141
GACCCGGGCCAAGTTCACGC_001,102
GACCCGGGCCAAGTTCACGC_002,24
GACCCGGGCCAAGTTCACGC_003,105
GACCCGGGCCAAGTTCACGC_004,41
GACCCGGGCCAAGTTCACGC_005,144
GACCCGGGCCAAGTTCACGC_006,12
GACCCGGGCCAAGTTCACGC_007,137
GACCCGGGCCAAGTTCACGC_008,22
GACCCGGGCCAAGTTCACGC_009,0
GACCCGGGCCAAGTTCACGC_010,116
GACCCGGGCCAAGTTCACGC_011,52
GACCCGGGCCAAGTTCACGC_012,41
GACCCGGGCCAAGTTCACGC_013,78
GACCCGGGCCAAGTTCACGC_014,24
GACCCGGGCCAAGTTCACGC_015,95
GACCCGGGCCAAGTTCACGC_016,125
GACCCGGGCCAAGTTCACGC_017,148
GACCCGGGCCAAGTTCACGC_018,140
GACCCGGGCCAAGTTCACGC_019,43
GACCCGGGCCAAGTTCACGC_020,61
GACCCGGGCCAAGTTCACGC_021,69
GACCCGGGCCAAGTTCACGC_022,169
GACCCGGGCCAAGTTCACGC_023,94
GACCCGGGCCAAGTTCACGC_024,113
GACCCGGGCCAAGTTCACGC_025,10
GACCCGGGCCAAGTTCACGC_026,89
GACATTTCTGTGGTACTCTG_001,160
GACATTTCTGTGGTACTCTG_002,146
GACATTTCTGTGGTACTCTG_003,43
GACATTTCTGTGGTACTCTG_004,130
CCGAAACCCAAAGGACGTGG_001,148
CCGAAACCCAAAGGACGTGG_002,75
CCGAAACCCAAAGGACGTGG_003,197
ACCTGCGATCAGGATATCCA_001,84
ACCTGCGATCAGGATATCCA_002,152
ACCTGCGATCAGGATATCCA_003,149
ACCTGCGATCAGGATATCCA_004,120
ACCTGCGATCAGGATATCCA_005,96
ACCTGCGATCAGGATATCCA_006,5
ACCTGCGATCAGGATATCCA_007,141
ACCTGCGATCAGGATATCCA_008,130
ACCTGCGATCAGGATATCCA_009,58
ACCTGCGATCAGGATATCCA_010,15
ACCTGCGATCAGGATATCCA_011,116
GCCAGATTGGAGTATGTCTG_001,190
GCCAGATTGGAGTATGTCTG_002,177
GCCAGATTGGAGTATGTCTG_003,199
GCCAGATTGGAGTATGTCTG_004,130
GCCAGATTGGAGTATGTCTG_005,198
GCCAGATTGGAGTATGTCTG_006,149
GCCAGATTGGAGTATGTCTG_007,152
GCCAGATTGGAGTATGTCTG_008,179
GCCAGATTGGAGTATGTCTG_009,12
GCCAGATTGGAGTATGTCTG_010,16
GCCAGATTGGAGTATGTCTG_011,112
GCCAGATTGGAGTATGTCTG_012,82
GCCAGATTGGAGTATGTCTG_013,82
GCCAGATTGGAGTATGTCTG_014,152
GGGCTCCACCCTCTACACCA_001,76
GGGCTCCACCCTCTACACCA_002,167
GGGCTCCACCCTCTACACCA_003,63
GGGCTCCACCCTCTACACCA_004,77
GGGCTCCACCCTCTACACCA_005,41
GGGCTCCACCCTCTACACCA_006,19
GGGCTCCACCCTCTACACCA_007,29
GGGCTCCACCCTCTACACCA_008,176
GGGCTCCACCCTCTACACCA_009,14
GGGCTCCACCCTCTACACCA_010,45
GGGCTCCACCCTCTACACCA_011,145
GGGCTCCACCCTCTACACCA_012,4
GGGCTCCACCCTCTACACCA_013,78
GGGCTCCACCCTCTACACCA_014,11
GGGCTCCACCCTCTACACCA_015,58
GGGCTCCACCCTCTACACCA_016,152
GGGCTCCACCCTCTACACCA_017,43
GGGCTCCACCCTCTACACCA_018,78
GGGCTCCACCCTCTACACCA_019,50
GGGCTCCACCCTCTACACCA_020,28
GGGCTCCACCCTCTACACCA_021,17
GGGCTCCACCCTCTACACCA_022,94
GGGCTCCACCCTCTACACCA_023,114
GGGCTCCACCCTCTACACCA_024,3
GGGCTCCACCCTCTACACCA_025,118
GGGCTCCACCCTCTACACCA_026,81
GGGCTCCACCCTCTACACCA_027,29
GGGCTCCACCCTCTACACCA_028,27
GTAGCACCGCAGCAGCACTG_001,38
GTAGCACCGCAGCAGCACTG_002,183
GTAGCACCGCAGCAGCACTG_003,78
GTAGCACCGCAGCAGCACTG_004,40
GTAGCACCGCAGCAGCACTG_005,55
GTAGCACCGCAGCAGCACTG_006,113
GTAGCACCGCAGCAGCACTG_007,82
GTAGCACCGCAGCAGCACTG_008,62
GTAGCACCGCAGCAGCACTG_009,4
GTAGCACCGCAGCAGCACTG_010,115
GTAGCACCGCAGCAGCACTG_011,139
GTAGCACCGCAGCAGCACTG_012,122
GTAGCACCGCAGCAGCACTG_013,169
GTAGCACCGCAGCAGCACTG_014,118
GTAGCACCGCAGCAGCACTG_015,102
GTAGCACCGCAGCAGCACTG_016,102
GTAGCACCGCAGCAGCACTG_017,181
GTAGCACCGCAGCAGCACTG_018,49
GTAGCACCGCAGCAGCACTG_019,31
GTAGCACCGCAGCAGCACTG_020,88
GTAGCACCGCAGCAGCACTG_021,114
GTAGCACCGCAGCAGCACTG_022,114
GTAGCACCGCAGCAGCACTG_023,144
GTAGCACCGCAGCAGCACTG_024,124
GTAGCACCGCAGCAGCACTG_025,133
GTAGCACCGCAGCAGCACTG_026,65
GTAGCACCGCAGCAGCACTG_027,66
GTAGCACCGCAGCAGCACTG_028,152
GTAGCACCGCAGCAGCACTG_029,45
GTAGCACCGCAGCAGCACTG_030,147
GTAGCACCGCAGCAGCACTG_031,189
GTAGCACCGCAGCAGCACTG_032,137
GTAGCACCGCAGCAGCACTG_033,33
GTAGCACCGCAGCAGCACTG_034,54
GTAGCACCGCAGCAGCACTG_035,41
GTAGCACCGCAGCAGCACTG_036,168
GTAGCACCGCAGCAGCACTG_037,40
GTAGCACCGCAGCAGCACTG_038,122
GTAGCACCGCAGCAGCACTG_039,150
GTAGCACCGCAGCAGCACTG_040,42
GTAGCACCGCAGCAGCACTG_041,84
GTAGCACCGCAGCAGCACTG_042,112
GTAGCACCGCAGCAGCACTG_043,106
GTAGCACCGCAGCAGCACTG_044,172
GTAGCACCGCAGCAGCACTG_045,168
GTAGCACCGCAGCAGCACTG_046,39
GTAGCACCGCAGCAGCACTG_047,136
GTAGCACCGCAGCAGCACTG_048,113
GTAGCACCGCAGCAGCACTG_049,46
GTAGCACCGCAGCAGCACTG_050,160
TGACAAAACTGTTTACGCTG_001,150
TGACAAAACTGTTTACGCTG_002,29
TGACAAAACTGTTTACGCTG_003,149
TGACAAAACTGTTTACGCTG_004,108
TGACAAAACTGTTTACGCTG_005,155
TGACAAAACTGTTTACGCTG_006,95
TGACAAAACTGTTTACGCTG_007,110
TGACAAAACTGTTTACGCTG_008,115
TTTCCTCCAACTCGGAACGT_001,60
TTTCCTCCAACTCGGAACGT_002,25
TTTCCTCCAACTCGGAACGT_003,24
TTTCCTCCAACTCGGAACGT_004,199
TTTCCTCCAACTCGGAACGT_005,60
TCTGTGTAGGAATTGGCCGT_001,28
TCTGTGTAGGAATTGGCCGT_002,10
TCTGTGTAGGAATTGGCCGT_003,82
TCTGTGTAGGAATTGGCCGT_004,149
TCTGTGTAGGAATTGGCCGT_005,157
AAAAGGCAGGGTAGTCACCG_001,21
AAAAGGCAGGGTAGTCACCG_002,146
AAAAGGCAGGGTAGTCACCG_003,104
AAAAGGCAGGGTAGTCACCG_004,146
AAAAGGCAGGGTAGTCACCG_005,1
AAAAGGCAGGGTAGTCACCG_006,184
AAAAGGCAGGGTAGTCACCG_007,167
AAAAGGCAGGGTAGTCACCG_008,17
AAAAGGCAGGGTAGTCACCG_009,102
AAAAGGCAGGGTAGTCACCG_010,162
AAAAGGCAGGGTAGTCACCG_011,162
AAAAGGCAGGGTAGTCACCG_012,197
AAAAGGCAGGGTAGTCACCG_013,103
AAAAGGCAGGGTAGTCACCG_014,151
AAAAGGCAGGGTAGTCACCG_015,191
AAAAGGCAGGGTAGTCACCG_016,160
AAAAGGCAGGGTAGTCACCG_017,22
AAAAGGCAGGGTAGTCACCG_018,141
AAAAGGCAGGGTAGTCACCG_019,116
AAAAGGCAGGGTAGTCACCG_020,150
AAAAGGCAGGGTAGTCACCG_021,108
AAAAGGCAGGGTAGTCACCG_022,83
AAAAGGCAGGGTAGTCACCG_023,126
AAAAGGCAGGGTAGTCACCG_024,66
AAAAGGCAGGGTAGTCACCG_025,132
AAAAGGCAGGGTAGTCACCG_026,60
AAAAGGCAGGGTAGTCACCG_027,40
CAACGCTGGGTTGATTACGC_001,26
CAACGCTGGGTTGATTACGC_002,163
CAACGCTGGGTTGATTACGC_003,56
CAACGCTGGGTTGATTACGC_004,20
CAACGCTGGGTTGATTACGC_005,118
CAACGCTGGGTTGATTACGC_006,107
CAACGCTGGGTTGATTACGC_007,198
CAACGCTGGGTTGATTACGC_008,61
CAACGCTGGGTTGATTACGC_009,86
CATTGGAGTGGACTTCGAGA_001,198
CATTGGAGTGGACTTCGAGA_002,133
CATTGGAGTGGACTTCGAGA_003,195
CATTGGAGTGGACTTCGAGA_004,169
CATTGGAGTGGACTTCGAGA_005,184
GCCTGGTTACCTCGATGACG_001,115
GCCTGGTTACCTCGATGACG_002,154
GCCTGGTTACCTCGATGACG_003,84
GCCTGGTTACCTCGATGACG_004,64
GCCTGGTTACCTCGATGACG_005,127
GCCTGGTTACCTCGATGACG_006,65
GCCTGGTTACCTCGATGACG_007,54
GCCTGGTTACCTCGATGACG_008,129
GCCTGGTTACCTCGATGACG_009,79
GCCTGGTTACCTCGATGACG_010,88
GCCTGGTTACCTCGATGACG_011,181
GCCTGGTTACCTCGATGACG_012,98
GCCTGGTTACCTCGATGACG_013,9
GCCTGGTTACCTCGATGACG_014,103
GCCTGGTTACCTCGATGACG_015,17
GCTGTATGACAGCGACGCTG_001,158
GCTGTATGACAGCGACGCTG_002,53
GCTGTATGACAGCGACGCTG_003,12
GCTGTATGACAGCGACGCTG_004,161
GCTGTATGACAGCGACGCTG_005,50
GCTGTATGACAGCGACGCTG_006,166
GCTGTATGACAGCGACGCTG_007,3
GCTGTATGACAGCGACGCTG_008,44
GCTGTATGACAGCGACGCTG_009,14
GCTGTATGACAGCGACGCTG_010,171
GCTGTATGACAGCGACGCTG_011,138
GCTGTATGACAGCGACGCTG_012,129
GCTGTATGACAGCGACGCTG_013,24
GCTGTATGACAGCGACGCTG_014,79
GCTGTATGACAGCGACGCTG_015,193
GCTGTATGACAGCGACGCTG_016,170
GCTGTATGACAGCGACGCTG_017,162
GCTGTATGACAGCGACGCTG_018,177
GCTGTATGACAGCGACGCTG_019,138
GCTGTATGACAGCGACGCTG_020,111
TCATAGGTACCACAACTCCC_001,33
GACCATCATCCAGACTACAC_001,185
GACCATCATCCAGACTACAC_002,186
GACCATCATCCAGACTACAC_003,108
GACCATCATCCAGACTACAC_004,46
GACCATCATCCAGACTACAC_005,144
GACCATCATCCAGACTACAC_006,169
GACCATCATCCAGACTACAC_007,155
GACCATCATCCAGACTACAC_008,76
GACCATCATCCAGACTACAC_009,24
GACCATCATCCAGACTACAC_010,29
GACCATCATCCAGACTACAC_011,78
GACCATCATCCAGACTACAC_012,88
CGACAGAATTGACAGAAATG_001,42
CGACAGAATTGACAGAAATG_002,124
CGACAGAATTGACAGAAATG_003,28
CGACAGAATTGACAGAAATG_004,169
TGGTGGGAATGACACAGAGC_001,160
TGGTGGGAATGACACAGAGC_002,156
TGGTGGGAATGACACAGAGC_003,112
CATGAGGCTGGCATACTGGG_001,147
CATGAGGCTGGCATACTGGG_002,152
CATGAGGCTGGCATACTGGG_003,1
CATGAGGCTGGCATACTGGG_004,171
CATGAGGCTGGCATACTGGG_005,102
CACCTGGTGCCATTGAAGGG_001,137
CACCTGGTGCCATTGAAGGG_002,104
CACCTGGTGCCATTGAAGGG_003,26
CACCTGGTGCCATTGAAGGG_004,92
CACCTGGTGCCATTGAAGGG_005,69
CACCTGGTGCCATTGAAGGG_006,177
CACCTGGTGCCATTGAAGGG_007,160
CACCTGGTGCCATTGAAGGG_008,148
GCAGGGATTGACACCCAGGG_001,56
GCAGGGATTGACACCCAGGG_002,58
GCAGGGATTGACACCCAGGG_003,29
GCAGGGATTGACACCCAGGG_004,24
GCAGGGATTGACACCCAGGG_005,67
GCAGGGATTGACACCCAGGG_006,69
GCAGGGATTGACACCCAGGG_007,176
GCAGGGATTGACACCCAGGG_008,158
GCAGGGATTGACACCCAGGG_009,95
GCAGGGATTGACACCCAGGG_010,167
GCAGGGATTGACACCCAGGG_011,179
GCAGGGATTGACACCCAGGG_012,116
GCAGGGATTGACACCCAGGG_013,178
GCAGGGATTGACACCCAGGG_014,123
GCAGGGATTGACACCCAGGG_015,168
GCAGGGATTGACACCCAGGG_016,87
GCAGGGATTGACACCCAGGG_017,161
GCAGGGATTGACACCCAGGG_018,100
GCAGGGATTGACACCCAGGG_019,104
GCAGGGATTGACACCCAGGG_020,9
GCAGGGATTGACACCCAGGG_021,48
GCAGGGATTGACACCCAGGG_022,82
GCAGGGATTGACACCCAGGG_023,170
CAAAGCCAACAACGACACCC_001,170
CAAAGCCAACAACGACACCC_002,70
AGTCCCTGGCTGCTGCCGCG_001,52
AGTCCCTGGCTGCTGCCGCG_002,140
AGTCCCTGGCTGCTGCCGCG_003,198
AGTCCCTGGCTGCTGCCGCG_004,107
AGTCCCTGGCTGCTGCCGCG_005,36
AGTCCCTGGCTGCTGCCGCG_006,72
AGTCCCTGGCTGCTGCCGCG_007,88
AGTCCCTGGCTGCTGCCGCG_008,58
AGTCCCTGGCTGCTGCCGCG_009,2
AGTCCCTGGCTGCTGCCGCG_010,63
CAGGAGCAAAACATTGAGGA_001,14
CAGGAGCAAAACATTGAGGA_002,10
CAGGAGCAAAACATTGAGGA_003,101
CAGGAGCAAAACATTGAGGA_004,56
CAGGAGCAAAACATTGAGGA_005,183
CAGGAGCAAAACATTGAGGA_006,187
CAGGAGCAAAACATTGAGGA_007,93
CAGGAGCAAAACATTGAGGA_008,36
CAGGAGCAAAACATTGAGGA_009,28
CAGGAGCAAAACATTGAGGA_010,56
CAGGAGCAAAACATTGAGGA_011,119
CAGGAGCAAAACATTGAGGA_012,115
CAGGAGCAAAACATTGAGGA_013,190
CAGGAGCAAAACATTGAGGA_014,140
CAGGAGCAAAACATTGAGGA_015,144
CAGGAGCAAAACATTGAGGA_016,118
CAGGAGCAAAACATTGAGGA_017,161
CAGGAGCAAAACATTGAGGA_018,104
CAGGAGCAAAACATTGAGGA_019,104
CAGGAGCAAAACATTGAGGA_020,162
TTCCTGGGAGACTAACATCG_001,171
TTCCTGGGAGACTAACATCG_002,78
TTCCTGGGAGACTAACATCG_003,58
TTCCTGGGAGACTAACATCG_004,115
TTCCTGGGAGACTAACATCG_005,55
TTCCTGGGAGACTAACATCG_006,137
TTCCTGGGAGACTAACATCG_007,112
TTCCTGGGAGACTAACATCG_008,26
TTCCTGGGAGACTAACATCG_009,41
TTCCTGGGAGACTAACATCG_010,176
TTCCTGGGAGACTAACATCG_011,35
TTCCTGGGAGACTAACATCG_012,192
TTCCTGGGAGACTAACATCG_013,15
TTCCTGGGAGACTAACATCG_014,178
TTCCTGGGAGACTAACATCG_015,135
TTCCTGGGAGACTAACATCG_016,13
TTCCTGGGAGACTAACATCG_017,96
TTCCTGGGAGACTAACATCG_018,162
TTCCTGGGAGACTAACATCG_019,185
TTCCTGGGAGACTAACATCG_020,103
TTCCTGGGAGACTAACATCG_021,150
TTCCTGGGAGACTAACATCG_022,82
TTCCTGGGAGACTAACATCG_023,16
TTCCTGGGAGACTAACATCG_024,166
TTCCTGGGAGACTAACATCG_025,48
TTCCTGGGAGACTAACATCG_026,40
TTCCTGGGAGACTAACATCG_027,84
ACAAAACTTCAATGAAACGT_001,43
ACAAAACTTCAATGAAACGT_002,147
ACAAAACTTCAATGAAACGT_003,169
ACAAAACTTCAATGAAACGT_004,33
ACAAAACTTCAATGAAACGT_005,8
ACAAAACTTCAATGAAACGT_006,48
ACAAAACTTCAATGAAACGT_007,144
ACAAAACTTCAATGAAACGT_008,193
TGGGTTATTGACCACAATCG_001,15
TGGGTTATTGACCACAATCG_002,81
TGGGTTATTGACCACAATCG_003,1
TGGGTTATTGACCACAATCG_004,121
TGGGTTATTGACCACAATCG_005,49
TGGGTTATTGACCACAATCG_006,45
TGGGTTATTGACCACAATCG_007,119
TGGGTTATTGACCACAATCG_008,10
TGGGTTATTGACCACAATCG_009,52
TGGGTTATTGACCACAATCG_010,73
TGGGTTATTGACCACAATCG_011,106
TGGGTTATTGACCACAATCG_012,128
TGGGTTATTGACCACAATCG_013,148
TGGGTTATTGACCACAATCG_014,120
TGGGTTATTGACCACAATCG_015,148
TGGGTTATTGACCACAATCG_016,3
TGGGTTATTGACCACAATCG_017,175
TGGGTTATTGACCACAATCG_018,79
AAACGGAACAAGTATCTATG_001,25
AAACGGAACAAGTATCTATG_002,115
AAACGGAACAAGTATCTATG_003,148
AAACGGAACAAGTATCTATG_004,28
GGAATCACATCACACAAAAG_001,175
GGAATCACATCACACAAAAG_002,140
GGAATCACATCACACAAAAG_003,74
GGAATCACATCACACAAAAG_004,128
GGAATCACATCACACAAAAG_005,197
GGAATCACATCACACAAAAG_006,175
GGAATCACATCACACAAAAG_007,162
GGAATCACATCACACAAAAG_008,119
GGAATCACATCACACAAAAG_009,38
GGAATCACATCACACAAAAG_010,149
GGAATCACATCACACAAAAG_011,97
GGAATCACATCACACAAAAG_012,60
GGAATCACATCACACAAAAG_013,58
GGAATCACATCACACAAAAG_014,162
GGAATCACATCACACAAAAG_015,48
ACATCAAAGATCACACACAG_001,49
ACATCAAAGATCACACACAG_002,170
ACATCAAAGATCACACACAG_003,189
ACATCAAAGATCACACACAG_004,43
ACATCAAAGATCACACACAG_005,15
ACATCAAAGATCACACACAG_006,162
ACATCAAAGATCACACACAG_007,9
TGACATTGTGAACTTAACGG_001,162
TGACATTGTGAACTTAACGG_002,29
TGACATTGTGAACTTAACGG_003,198
TGACATTGTGAACTTAACGG_004,183
TGACATTGTGAACTTAACGG_005,147
TGACATTGTGAACTTAACGG_006,86
TGACATTGTGAACTTAACGG_007,141
TGACATTGTGAACTTAACGG_008,140
TGACATTGTGAACTTAACGG_009,162
TGACATTGTGAACTTAACGG_010,182
TGACATTGTGAACTTAACGG_011,70
GCCGACTAGACATCACCAAG_001,164
GCCGACTAGACATCACCAAG_002,130
GCCGACTAGACATCACCAAG_003,68
GCCGACTAGACATCACCAAG_004,184
GCCGACTAGACATCACCAAG_005,114
GCCGACTAGACATCACCAAG_006,129
CGCCAGGGTAGCGGTTACCA_001,29
CGCCAGGGTAGCGGTTACCA_002,146
CGCCAGGGTAGCGGTTACCA_003,181
CGCCAGGGTAGCGGTTACCA_004,6
CGCCAGGGTAGCGGTTACCA_005,33
CGCCAGGGTAGCGGTTACCA_006,88
CGCCAGGGTAGCGGTTACCA_007,1
CGCCAGGGTAGCGGTTACCA_008,17
CGCCAGGGTAGCGGTTACCA_009,143
CGCCAGGGTAGCGGTTACCA_010,87
CGCCAGGGTAGCGGTTACCA_011,92
CGCCAGGGTAGCGGTTACCA_012,189
CGCCAGGGTAGCGGTTACCA_013,17
CGCCAGGGTAGCGGTTACCA_014,19
CGCCAGGGTAGCGGTTACCA_015,15
CGCCAGGGTAGCGGTTACCA_016,162
GAGGCTGTATGGCCGCAGGT_001,17
GCACCTCGCCCGACACGCTG_001,34
GCACCTCGCCCGACACGCTG_002,153
GCACCTCGCCCGACACGCTG_003,126
GCACCTCGCCCGACACGCTG_004,194
GCACCTCGCCCGACACGCTG_005,54
GCACCTCGCCCGACACGCTG_006,147
GCACCTCGCCCGACACGCTG_007,125
GCACCTCGCCCGACACGCTG_008,69
GCACCTCGCCCGACACGCTG_009,128
CTTCGCTAACCTCTTCCCCG_001,22
CTTCGCTAACCTCTTCCCCG_002,192
CTTCGCTAACCTCTTCCCCG_003,9
CTTCGCTAACCTCTTCCCCG_004,46
GACAGAATCAGAGGCCCCGG_001,2
GACAGAATCAGAGGCCCCGG_002,155
GACAGAATCAGAGGCCCCGG_003,183
GACAGAATCAGAGGCCCCGG_004,183
GACAGAATCAGAGGCCCCGG_005,24
GACAGAATCAGAGGCCCCGG_006,16
GACAGAATCAGAGGCCCCGG_007,169
GACAGAATCAGAGGCCCCGG_008,81
GACAGAATCAGAGGCCCCGG_009,52
GACAGAATCAGAGGCCCCGG_010,38
GACAGAATCAGAGGCCCCGG_011,5
GACAGAATCAGAGGCCCCGG_012,176
GACAGAATCAGAGGCCCCGG_013,169
GACAGAATCAGAGGCCCCGG_014,104
GACAGAATCAGAGGCCCCGG_015,91
GACAGAATCAGAGGCCCCGG_016,94
GCTCAAGAATTGTAACTAGC_001,163
GCTCAAGAATTGTAACTAGC_002,156
GCTCAAGAATTGTAACTAGC_003,173
GCTCAAGAATTGTAACTAGC_004,173
GCTCAAGAATTGTAACTAGC_005,30
GCTCAAGAATTGTAACTAGC_006,177
GCTCAAGAATTGTAACTAGC_007,83
GCTCAAGAATTGTAACTAGC_008,146
GCTCAAGAATTGTAACTAGC_009,25
GCTCAAGAATTGTAACTAGC_010,11
GCTGGCTGCAAGCGTCTGGG_001,88
GCTGGCTGCAAGCGTCTGGG_002,123
GCTGGCTGCAAGCGTCTGGG_003,62
GCTGGCTGCAAGCGTCTGGG_004,77
GCTGGCTGCAAGCGTCTGGG_005,49
GCTGGCTGCAAGCGTCTGGG_006,82
GCTGGCTGCAAGCGTCTGGG_007,20
GCTGGCTGCAAGCGTCTGGG_008,174
GCTGGCTGCAAGCGTCTGGG_009,68
GCTGGCTGCAAGCGTCTGGG_010,137
GCTGGCTGCAAGCGTCTGGG_011,33
GCTGGCTGCAAGCGTCTGGG_012,1
GCTGGCTGCAAGCGTCTGGG_013,116
GCTGGCTGCAAGCGTCTGGG_014,104
GCTGGCTGCAAGCGTCTGGG_015,61
GCTGGCTGCAAGCGTCTGGG_016,94
GCTGGCTGCAAGCGTCTGGG_017,121
GCTGGCTGCAAGCGTCTGGG_018,169
GCTGGCTGCAAGCGTCTGGG_019,27
GCTGGCTGCAAGCGTCTGGG_020,5
GCTGGCTGCAAGCGTCTGGG_021,62
GCTGGCTGCAAGCGTCTGGG_022,139
GCTGGCTGCAAGCGTCTGGG_023,17
GCTGGCTGCAAGCGTCTGGG_024,127
GCTGGCTGCAAGCGTCTGGG_025,162
GCTGGCTGCAAGCGTCTGGG_026,42
GCTGGCTGCAAGCGTCTGGG_027,110
GCTGGCTGCAAGCGTCTGGG_028,148
GCTGGCTGCAAGCGTCTGGG_029,47
GCTGGCTGCAAGCGTCTGGG_030,188
GCTGGCTGCAAGCGTCTGGG_031,149
GCTGGCTGCAAGCGTCTGGG_032,147
GCTGGCTGCAAGCGTCTGGG_033,178
GCTGGCTGCAAGCGTCTGGG_034,138
GCTGGCTGCAAGCGTCTGGG_035,178
GCTGGCTGCAAGCGTCTGGG_036,122
GCTGGCTGCAAGCGTCTGGG_037,17
GCTGGCTGCAAGCGTCTGGG_038,184
AGACACACTTCATCGACAGA_001,58
AGACACACTTCATCGACAGA_002,125
AGACACACTTCATCGACAGA_003,54
AGACACACTTCATCGACAGA_004,82
AGACACACTTCATCGACAGA_005,100
AGACACACTTCATCGACAGA_006,118
AGACACACTTCATCGACAGA_007,17
AGACACACTTCATCGACAGA_008,14
AGACACACTTCATCGACAGA_009,128
AGACACACTTCATCGACAGA_010,188
AGACACACTTCATCGACAGA_011,104
ACAGTCACACTCTATACCGA_001,185
ACAGTCACACTCTATACCGA_002,97
ACAGTCACACTCTATACCGA_003,47
ACAGTCACACTCTATACCGA_004,59
CGAAGGCTGCAGTGTCGGTG_001,83
CGAAGGCTGCAGTGTCGGTG_002,162
CGAAGGCTGCAGTGTCGGTG_003,99
CGAAGGCTGCAGTGTCGGTG_004,2
CGAAGGCTGCAGTGTCGGTG_005,198
CGAAGGCTGCAGTGTCGGTG_006,71
CGAAGGCTGCAGTGTCGGTG_007,94
CGAAGGCTGCAGTGTCGGTG_008,187
CGAAGGCTGCAGTGTCGGTG_009,16
CGAAGGCTGCAGTGTCGGTG_010,152
CGAAGGCTGCAGTGTCGGTG_011,85
CGAAGGCTGCAGTGTCGGTG_012,152
CGAAGGCTGCAGTGTCGGTG_013,158
CGAAGGCTGCAGTGTCGGTG_014,81
CGAAGGCTGCAGTGTCGGTG_015,149
CGAAGGCTGCAGTGTCGGTG_016,84
CGAAGGCTGCAGTGTCGGTG_017,115
CGAAGGCTGCAGTGTCGGTG_018,74
CGAAGGCTGCAGTGTCGGTG_019,48
CGAAGGCTGCAGTGTCGGTG_020,161
CGAAGGCTGCAGTGTCGGTG_021,15
CGAAGGCTGCAGTGTCGGTG_022,62
CGAAGGCTGCAGTGTCGGTG_023,19
CGAAGGCTGCAGTGTCGGTG_024,63
CGAAGGCTGCAGTGTCGGTG_025,17
CGAAGGCTGCAGTGTCGGTG_026,170
CGAAGGCTGCAGTGTCGGTG_027,162
CGAAGGCTGCAGTGTCGGTG_028,111
CGAAGGCTGCAGTGTCGGTG_029,27
CGAAGGCTGCAGTGTCGGTG_030,82
CGAAGGCTGCAGTGTCGGTG_031,158
CGAAGGCTGCAGTGTCGGTG_032,184
CTTTGTCGAAGGCATGAATG_001,12
CTTTGTCGAAGGCATGAATG_002,160
CTTTGTCGAAGGCATGAATG_003,156
CTTTGTCGAAGGCATGAATG_004,3
CTTTGTCGAAGGCATGAATG_005,102
CTTTGTCGAAGGCATGAATG_006,22
CTTTGTCGAAGGCATGAATG_007,88
CTTTGTCGAAGGCATGAATG_008,94
CTTTGTCGAAGGCATGAATG_009,165
CTTTGTCGAAGGCATGAATG_010,76
CTTTGTCGAAGGCATGAATG_011,158
CTTTGTCGAAGGCATGAATG_012,70
CTTTGTCGAAGGCATGAATG_013,177
CTTTGTCGAAGGCATGAATG_014,184
CTTTGTCGAAGGCATGAATG_015,67
CTTTGTCGAAGGCATGAATG_016,144
CTTTGTCGAAGGCATGAATG_017,60
CTTTGTCGAAGGCATGAATG_018,78
CTTTGTCGAAGGCATGAATG_019,46
CTTTGTCGAAGGCATGAATG_020,60
CTTTGTCGAAGGCATGAATG_021,190
CTTTGTCGAAGGCATGAATG_022,97
CTTTGTCGAAGGCATGAATG_023,79
CTTTGTCGAAGGCATGAATG_024,170
TGTCACTATGCAGCCAGCGT_001,191
TGTCACTATGCAGCCAGCGT_002,121
CCATGGTAGGTGATCTGATG_001,70
CCATGGTAGGTGATCTGATG_002,199
CCATGGTAGGTGATCTGATG_003,17
CCATGGTAGGTGATCTGATG_004,60
CCATGGTAGGTGATCTGATG_005,17
CCATGGTAGGTGATCTGATG_006,12
CCATGGTAGGTGATCTGATG_007,84
CCATGGTAGGTGATCTGATG_008,50
CCATGGTAGGTGATCTGATG_009,147
CCATGGTAGGTGATCTGATG_010,170
CCATGGTAGGTGATCTGATG_011,79
CCATGGTAGGTGATCTGATG_012,191
CCATGGTAGGTGATCTGATG_013,48
CCATGGTAGGTGATCTGATG_014,46
CCATGGTAGGTGATCTGATG_015,28
CCATGGTAGGTGATCTGATG_016,57
CCATGGTAGGTGATCTGATG_017,87
CCATGGTAGGTGATCTGATG_018,194
CCATGGTAGGTGATCTGATG_019,9
CCATGGTAGGTGATCTGATG_020,18
CCATGGTAGGTGATCTGATG_021,37
CCATGGTAGGTGATCTGATG_022,188
GAAAATAAGCAGGGTCCGAG_001,147
GAAAATAAGCAGGGTCCGAG_002,69
GAAAATAAGCAGGGTCCGAG_003,138
AACGGGACCATGTACCAACA_001,121
AACGGGACCATGTACCAACA_002,172
AACGGGACCATGTACCAACA_003,126
AACGGGACCATGTACCAACA_004,142
AACGGGACCATGTACCAACA_005,84
AACGGGACCATGTACCAACA_006,180
AACGGGACCATGTACCAACA_007,148
AACGGGACCATGTACCAACA_008,107
AACGGGACCATGTACCAACA_009,33
AACGGGACCATGTACCAACA_010,45
AACGGGACCATGTACCAACA_011,158
AACGGGACCATGTACCAACA_012,50
AACGGGACCATGTACCAACA_013,2
AACGGGACCATGTACCAACA_014,17
AACGGGACCATGTACCAACA_015,88
AACGGGACCATGTACCAACA_016,122
AACGGGACCATGTACCAACA_017,157
CAACCAGTTAGCGTGAAAGT_001,188
CAACCAGTTAGCGTGAAAGT_002,58
CAACCAGTTAGCGTGAAAGT_003,58
CATATCGCGAGCTGCCATCG_001,48
CATATCGCGAGCTGCCATCG_002,97
CATATCGCGAGCTGCCATCG_003,68
CATATCGCGAGCTGCCATCG_004,162
CATATCGCGAGCTGCCATCG_005,162
CATATCGCGAGCTGCCATCG_006,117
TACCAAGTTATTTCTCAACC_001,124
TACCAAGTTATTTCTCAACC_002,158
TACCAAGTTATTTCTCAACC_003,191
TACCAAGTTATTTCTCAACC_004,46
CCTTCTTCCGGGCTTCAAAG_001,148
CCTTCTTCCGGGCTTCAAAG_002,29
CCTTCTTCCGGGCTTCAAAG_003,108
CCTTCTTCCGGGCTTCAAAG_004,62
CCTTCTTCCGGGCTTCAAAG_005,169
CCTTCTTCCGGGCTTCAAAG_006,70
CCTTCTTCCGGGCTTCAAAG_007,58
CCTTCTTCCGGGCTTCAAAG_008,159
CCTTCTTCCGGGCTTCAAAG_009,151
CCTTCTTCCGGGCTTCAAAG_010,48
ACAAACCTGCTTCGCTCCCT_001,170
ACAAACCTGCTTCGCTCCCT_002,57
ACAAACCTGCTTCGCTCCCT_003,127
ACAAACCTGCTTCGCTCCCT_004,124
ACAAACCTGCTTCGCTCCCT_005,192
ACAAACCTGCTTCGCTCCCT_006,83
ACAAACCTGCTTCGCTCCCT_007,3
ACAAACCTGCTTCGCTCCCT_008,24
ACAAACCTGCTTCGCTCCCT_009,19
ACAAACCTGCTTCGCTCCCT_010,126
CTTATTGAAGAATCCAGGTG_001,2
GCTGAAGACGCGGATCACGG_001,108
GCTGAAGACGCGGATCACGG_002,127
GCTGAAGACGCGGATCACGG_003,17
GCTGAAGACGCGGATCACGG_004,48
GCTGAAGACGCGGATCACGG_005,179
GCTGAAGACGCGGATCACGG_006,117
GCTGAAGACGCGGATCACGG_007,147
GCTGAAGACGCGGATCACGG_008,48
GCTGAAGACGCGGATCACGG_009,143
GCTGAAGACGCGGATCACGG_010,86
GCTGAAGACGCGGATCACGG_011,91
GCTGAAGACGCGGATCACGG_012,76
GCTGAAGACGCGGATCACGG_013,88
GCTGAAGACGCGGATCACGG_014,76
GCTGAAGACGCGGATCACGG_015,130
GCTGAAGACGCGGATCACGG_016,197
GCTGAAGACGCGGATCACGG_017,70
GCTGAAGACGCGGATCACGG_018,22
GCTGAAGACGCGGATCACGG_019,72
GCTGAAGACGCGGATCACGG_020,146
GCTGAAGACGCGGATCACGG_021,30
GCTGAAGACGCGGATCACGG_022,40
GCTGAAGACGCGGATCACGG_023,191
GCTGAAGACGCGGATCACGG_024,39
TGGAAACACGCATGAGTACA_001,8
TGGAAACACGCATGAGTACA_002,132
TGGAAACACGCATGAGTACA_003,1
TGGAAACACGCATGAGTACA_004,105
TGGAAACACGCATGAGTACA_005,41
TGGAAACACGCATGAGTACA_006,76
TGGAAACACGCATGAGTACA_007,146
TGGAAACACGCATGAGTACA_008,107
TGGAAACACGCATGAGTACA_009,6
TGGAAACACGCATGAGTACA_010,107
TGGAAACACGCATGAGTACA_011,190
TGGAAACACGCATGAGTACA_012,33
TGGAAACACGCATGAGTACA_013,1
AGTAAAGAAAGTCATCACTG_001,169
AGTAAAGAAAGTCATCACTG_002,126
AGTAAAGAAAGTCATCACTG_003,8
AGTAAAGAAAGTCATCACTG_004,1
AGTAAAGAAAGTCATCACTG_005,197
AGTAAAGAAAGTCATCACTG_006,10
AGTAAAGAAAGTCATCACTG_007,39
CAATTTCCCTGATTAAAAGT_001,102
CAATTTCCCTGATTAAAAGT_002,150
TTACCAGAGTACATCGTCAG_001,94
TTACCAGAGTACATCGTCAG_002,169
TTACCAGAGTACATCGTCAG_003,104
TTACCAGAGTACATCGTCAG_004,185
ATAGTCATATCCAGTTAGTG_001,40
ATAGTCATATCCAGTTAGTG_002,29
ATAGTCATATCCAGTTAGTG_003,177
TTGTATCAAGTACAACTGCA_001,48
TTGTATCAAGTACAACTGCA_002,2
TTGTATCAAGTACAACTGCA_003,176
TTGTATCAAGTACAACTGCA_004,175
TTGTATCAAGTACAACTGCA_005,169
TTGTATCAAGTACAACTGCA_006,165
TTGTATCAAGTACAACTGCA_007,120
TTGTATCAAGTACAACTGCA_008,136
TTGTATCAAGTACAACTGCA_009,123
AGGCTGCGGCAGGGTTTCTG_001,137
AGGCTGCGGCAGGGTTTCTG_002,149
AGGCTGCGGCAGGGTTTCTG_003,173
AGGCTGCGGCAGGGTTTCTG_004,183
AGGCTGCGGCAGGGTTTCTG_005,179
AGGCTGCGGCAGGGTTTCTG_006,160
AGGCTGCGGCAGGGTTTCTG_007,50
AGGCTGCGGCAGGGTTTCTG_008,175
AGGCTGCGGCAGGGTTTCTG_009,105
AGGCTGCGGCAGGGTTTCTG_010,56
AGGCTGCGGCAGGGTTTCTG_011,138
AGGCTGCGGCAGGGTTTCTG_012,169
AGGCTGCGGCAGGGTTTCTG_013,114
AGGCTGCGGCAGGGTTTCTG_014,124
AGGCTGCGGCAGGGTTTCTG_015,114
GTGACATTGGTCCATCACAT_001,130
GTGACATTGGTCCATCACAT_002,64
GTGACATTGGTCCATCACAT_003,64
GTGACATTGGTCCATCACAT_004,149
GTGACATTGGTCCATCACAT_005,62
GTACGGGTAGAAGAATGCCG_001,113
GTACGGGTAGAAGAATGCCG_002,177
GTACGGGTAGAAGAATGCCG_003,50
GTACGGGTAGAAGAATGCCG_004,112
GTACGGGTAGAAGAATGCCG_005,48
GTACGGGTAGAAGAATGCCG_006,42
GTACGGGTAGAAGAATGCCG_007,171
GTACGGGTAGAAGAATGCCG_008,78
GTACGGGTAGAAGAATGCCG_009,152
GTACGGGTAGAAGAATGCCG_010,156
GTACGGGTAGAAGAATGCCG_011,9
TTCTTCATACCCGCCCAGGA_001,107
TTCTTCATACCCGCCCAGGA_002,40
TTCTTCATACCCGCCCAGGA_003,33
TTCTTCATACCCGCCCAGGA_004,29
TTCTTCATACCCGCCCAGGA_005,48
ACTACACACTCACTAGAACG_001,45
ACTACACACTCACTAGAACG_002,62
ACTACACACTCACTAGAACG_003,145
ACTACACACTCACTAGAACG_004,56
ACTACACACTCACTAGAACG_005,2
ACTACACACTCACTAGAACG_006,40
ACTACACACTCACTAGAACG_007,156
ACTACACACTCACTAGAACG_008,58
GGACGAACTCATCCACAAAG_001,96
GGACGAACTCATCCACAAAG_002,191
GGACGAACTCATCCACAAAG_003,119
GGACGAACTCATCCACAAAG_004,41
GGACGAACTCATCCACAAAG_005,76
GGACGAACTCATCCACAAAG_006,130
GGACGAACTCATCCACAAAG_007,121
GGACGAACTCATCCACAAAG_008,137
GGACGAACTCATCCACAAAG_009,106
GGACGAACTCATCCACAAAG_010,124
TCTGTAAGCATCCTGTTGAT_001,84
TCTGTAAGCATCCTGTTGAT_002,137
TAGAAGTAGGAACGCCAACG_001,183
TAGAAGTAGGAACGCCAACG_002,15
TAGAAGTAGGAACGCCAACG_003,6
TAGAAGTAGGAACGCCAACG_004,107
TAGAAGTAGGAACGCCAACG_005,108
TAGAAGTAGGAACGCCAACG_006,82
TAGAAGTAGGAACGCCAACG_007,120
TAGAAGTAGGAACGCCAACG_008,47
TAGAAGTAGGAACGCCAACG_009,199
TAGAAGTAGGAACGCCAACG_010,19
TAGAAGTAGGAACGCCAACG_011,40
CACGCCTGCCAGTAGATCGG_001,153
CACGCCTGCCAGTAGATCGG_002,177
CACGCCTGCCAGTAGATCGG_003,1
CACGCCTGCCAGTAGATCGG_004,62
CACGCCTGCCAGTAGATCGG_005,4
CACGCCTGCCAGTAGATCGG_006,184
CACGCCTGCCAGTAGATCGG_007,12
CACGCCTGCCAGTAGATCGG_008,32
CACGCCTGCCAGTAGATCGG_009,113
CACGCCTGCCAGTAGATCGG_010,111
CACGCCTGCCAGTAGATCGG_011,15
CACGCCTGCCAGTAGATCGG_012,30
CACGCCTGCCAGTAGATCGG_013,70
CACGCCTGCCAGTAGATCGG_014,92
CACGCCTGCCAGTAGATCGG_015,22
CACGCCTGCCAGTAGATCGG_016,155
CACGCCTGCCAGTAGATCGG_017,123
CACGCCTGCCAGTAGATCGG_018,187
CACGCCTGCCAGTAGATCGG_019,6
CACGCCTGCCAGTAGATCGG_020,36
CACGCCTGCCAGTAGATCGG_021,161
CACGCCTGCCAGTAGATCGG_022,53
CACGCCTGCCAGTAGATCGG_023,188
CACGCCTGCCAGTAGATCGG_024,88
CACGCCTGCCAGTAGATCGG_025,186
CACGCCTGCCAGTAGATCGG_026,17
CACGCCTGCCAGTAGATCGG_027,22
CACGCCTGCCAGTAGATCGG_028,50
CACGCCTGCCAGTAGATCGG_029,18
CACGCCTGCCAGTAGATCGG_030,52
CACGCCTGCCAGTAGATCGG_031,34
AAGAGGCTGTCAAGTCGTCT_001,109
AAGAGGCTGTCAAGTCGTCT_002,139
AAGAGGCTGTCAAGTCGTCT_003,198
AAGAGGCTGTCAAGTCGTCT_004,28
AAGAGGCTGTCAAGTCGTCT_005,144
AAGAGGCTGTCAAGTCGTCT_006,151
CCGCTTCAAACTGACTACTG_001,12
CCGCTTCAAACTGACTACTG_002,157
CCGCTTCAAACTGACTACTG_003,162
CCGCTTCAAACTGACTACTG_004,72
CCGCTTCAAACTGACTACTG_005,145
CCGCTTCAAACTGACTACTG_006,41
CCGCTTCAAACTGACTACTG_007,0
CCGCTTCAAACTGACTACTG_008,184
CCGCTTCAAACTGACTACTG_009,143
GACATCTGGATACTGAGTCG_001,121
GACATCTGGATACTGAGTCG_002,199
GACATCTGGATACTGAGTCG_003,128
GACATCTGGATACTGAGTCG_004,144
GGACGCTGTGCAACTAACAT_001,76
GGACGCTGTGCAACTAACAT_002,70
GGACGCTGTGCAACTAACAT_003,32
GGACGCTGTGCAACTAACAT_004,189
GGACGCTGTGCAACTAACAT_005,189
GGACGCTGTGCAACTAACAT_006,77
CACGCCGTAGACACGGGCCA_001,163
CACGCCGTAGACACGGGCCA_002,193
CACGCCGTAGACACGGGCCA_003,96
CACGCCGTAGACACGGGCCA_004,184
CACGCCGTAGACACGGGCCA_005,76
CACGCCGTAGACACGGGCCA_006,88
CACGCCGTAGACACGGGCCA_007,31
CACGCCGTAGACACGGGCCA_008,6
CACGCCGTAGACACGGGCCA_009,75
CACGCCGTAGACACGGGCCA_010,77
CACGCCGTAGACACGGGCCA_011,188
CACGCCGTAGACACGGGCCA_012,42
CACGCCGTAGACACGGGCCA_013,78
CACGCCGTAGACACGGGCCA_014,158
CACGCCGTAGACACGGGCCA_015,127
CACGCCGTAGACACGGGCCA_016,144
CACGCCGTAGACACGGGCCA_017,134
CACGCCGTAGACACGGGCCA_018,171
CACGCCGTAGACACGGGCCA_019,102
CACGCCGTAGACACGGGCCA_020,6
CACGCCGTAGACACGGGCCA_021,15
CACGCCGTAGACACGGGCCA_022,15
AGGATGACGACCCCCGAGTG_001,138
AGGATGACGACCCCCGAGTG_002,138
AGGATGACGACCCCCGAGTG_003,101
AGGATGACGACCCCCGAGTG_004,125
AGGATGACGACCCCCGAGTG_005,117
AGGATGACGACCCCCGAGTG_006,10
AGGATGACGACCCCCGAGTG_007,23
AGGATGACGACCCCCGAGTG_008,105
AGGATGACGACCCCCGAGTG_009,168
AGGATGACGACCCCCGAGTG_010,94
AGGATGACGACCCCCGAGTG_011,127
AGGATGACGACCCCCGAGTG_012,60
AGGATGACGACCCCCGAGTG_013,155
AGGATGACGACCCCCGAGTG_014,84
AGGATGACGACCCCCGAGTG_015,158
AGGATGACGACCCCCGAGTG_016,186
AGGATGACGACCCCCGAGTG_017,147
AGGATGACGACCCCCGAGTG_018,104
AGGATGACGACCCCCGAGTG_019,9
AGGATGACGACCCCCGAGTG_020,102
AGGATGACGACCCCCGAGTG_021,15
AGGATGACGACCCCCGAGTG_022,137
AGGATGACGACCCCCGAGTG_023,147
AGGATGACGACCCCCGAGTG_024,180
AGGATGACGACCCCCGAGTG_025,46
AGGATGACGACCCCCGAGTG_026,166
AGGATGACGACCCCCGAGTG_027,15
AGGATGACGACCCCCGAGTG_028,57
AGGATGACGACCCCCGAGTG_029,147
AGGATGACGACCCCCGAGTG_030,104
GCGGTTCACAGATTCTTGTG_001,146
GCGGTTCACAGATTCTTGTG_002,169
GCGGTTCACAGATTCTTGTG_003,147
GCGGTTCACAGATTCTTGTG_004,9
CTCCTCCATTCCCTCAACAC_001,142
CTCCTCCATTCCCTCAACAC_002,48
CTCCTCCATTCCCTCAACAC_003,160
CTCCTCCATTCCCTCAACAC_004,82
CTCCTCCATTCCCTCAACAC_005,46
CTCCTCCATTCCCTCAACAC_006,138
CTCCTCCATTCCCTCAACAC_007,41
CTCCTCCATTCCCTCAACAC_008,63
AACTGCTGGAAATATTAGGA_001,88
AACTGCTGGAAATATTAGGA_002,68
AACTGCTGGAAATATTAGGA_003,188
GGACATGCGCCTGTGGCACG_001,105
GGACATGCGCCTGTGGCACG_002,62
GGACATGCGCCTGTGGCACG_003,70
GGACATGCGCCTGTGGCACG_004,173
GGACATGCGCCTGTGGCACG_005,30
GGACATGCGCCTGTGGCACG_006,185
GGACATGCGCCTGTGGCACG_007,55
GGACATGCGCCTGTGGCACG_008,38
GGACATGCGCCTGTGGCACG_009,94
GGACATGCGCCTGTGGCACG_010,17
GGACATGCGCCTGTGGCACG_011,144
GGACATGCGCCTGTGGCACG_012,183
GGACATGCGCCTGTGGCACG_013,129
GGACATGCGCCTGTGGCACG_014,149
GGACATGCGCCTGTGGCACG_015,154
GGACATGCGCCTGTGGCACG_016,1
GGACATGCGCCTGTGGCACG_017,177
GGACATGCGCCTGTGGCACG_018,105
GGACATGCGCCTGTGGCACG_019,41
GGACATGCGCCTGTGGCACG_020,1
GGACATGCGCCTGTGGCACG_021,14
GGACATGCGCCTGTGGCACG_022,75
GGACATGCGCCTGTGGCACG_023,53
GGACATGCGCCTGTGGCACG_024,110
GGACATGCGCCTGTGGCACG_025,30
GGACATGCGCCTGTGGCACG_026,138
GGACATGCGCCTGTGGCACG_027,3
GGACATGCGCCTGTGGCACG_028,40
GGACATGCGCCTGTGGCACG_029,131
GGACATGCGCCTGTGGCACG_030,60
GGACATGCGCCTGTGGCACG_031,191
GGACATGCGCCTGTGGCACG_032,102
GGACATGCGCCTGTGGCACG_033,186
GGACATGCGCCTGTGGCACG_034,92
GGACATGCGCCTGTGGCACG_035,12
TAACTCTTTGTATGATCATG_001,169
TAACTCTTTGTATGATCATG_002,32
TAACTCTTTGTATGATCATG_003,107
TAACTCTTTGTATGATCATG_004,116
TAACTCTTTGTATGATCATG_005,41
TAATCGTCCAATGTTGACCA_001,34
TGGCACGGCACTATGACCGT_001,166
TGGCACGGCACTATGACCGT_002,137
TGGCACGGCACTATGACCGT_003,175
TGGCACGGCACTATGACCGT_004,174
ATATCTGGTAGGACAAGTGG_001,198
ATATCTGGTAGGACAAGTGG_002,65
ATATCTGGTAGGACAAGTGG_003,118
ATATCTGGTAGGACAAGTGG_004,26
ATATCTGGTAGGACAAGTGG_005,121
ATATCTGGTAGGACAAGTGG_006,137
ATATCTGGTAGGACAAGTGG_007,74
AGTGAGCAACATTGTAAAAG_001,175
AGTGAGCAACATTGTAAAAG_002,65
AGTGAGCAACATTGTAAAAG_003,55
AGTGAGCAACATTGTAAAAG_004,52
AGTGAGCAACATTGTAAAAG_005,75
AGTGAGCAACATTGTAAAAG_006,69
AGTGAGCAACATTGTAAAAG_007,191
AGTGAGCAACATTGTAAAAG_008,46
AGTGAGCAACATTGTAAAAG_009,184
AGTGAGCAACATTGTAAAAG_010,128
GCAGGGCCTGCCATTCAAGA_001,190
GCAGGGCCTGCCATTCAAGA_002,115
GCAGGGCCTGCCATTCAAGA_003,58
GCAGGGCCTGCCATTCAAGA_004,142
GCAGGGCCTGCCATTCAAGA_005,184
GCAGGGCCTGCCATTCAAGA_006,103
GCAGGGCCTGCCATTCAAGA_007,198
GCAGGGCCTGCCATTCAAGA_008,2
GCAGGGCCTGCCATTCAAGA_009,43
GCAGGGCCTGCCATTCAAGA_010,147
GCAGGGCCTGCCATTCAAGA_011,148
GCAGGGCCTGCCATTCAAGA_012,194
GCAGGGCCTGCCATTCAAGA_013,92
GCAGGGCCTGCCATTCAAGA_014,19
GCAGGGCCTGCCATTCAAGA_015,147
GCAGGGCCTGCCATTCAAGA_016,92
GCAGGGCCTGCCATTCAAGA_017,69
GCAGGGCCTGCCATTCAAGA_018,13
GCAGGGCCTGCCATTCAAGA_019,177
GCAGGGCCTGCCATTCAAGA_020,152
GCAGGGCCTGCCATTCAAGA_021,59
GCAGGGCCTGCCATTCAAGA_022,63
GCAGGGCCTGCCATTCAAGA_023,77
CCAGGGCCGATTCACGATTG_001,44
CCAGGGCCGATTCACGATTG_002,160
CCAGGGCCGATTCACGATTG_003,104
TAGATGTTGGAGATAAAGTG_001,17
TAGATGTTGGAGATAAAGTG_002,144
TAGATGTTGGAGATAAAGTG_003,39
TAGATGTTGGAGATAAAGTG_004,193
TGGCGCGGTGTGGAAAAGCA_001,48
TGGCGCGGTGTGGAAAAGCA_002,19
TGGCGCGGTGTGGAAAAGCA_003,27
TGGCGCGGTGTGGAAAAGCA_004,67
TGGCGCGGTGTGGAAAAGCA_005,96
TGGCGCGGTGTGGAAAAGCA_006,62
TGGCGCGGTGTGGAAAAGCA_007,108
TGGCGCGGTGTGGAAAAGCA_008,6
ATGAGCTTATCATAAAAATG_001,161
ATGAGCTTATCATAAAAATG_002,47
ATGAGCTTATCATAAAAATG_003,145
ATGAGCTTATCATAAAAATG_004,37
ATGAGCTTATCATAAAAATG_005,82
AGGTGAGTCCCAGCCGACCG_001,153
AGGTGAGTCCCAGCCGACCG_002,0
AGGTGAGTCCCAGCCGACCG_003,8
AGGTGAGTCCCAGCCGACCG_004,65
AGGTGAGTCCCAGCCGACCG_005,194
AGGTGAGTCCCAGCCGACCG_006,194
AGGTGAGTCCCAGCCGACCG_007,171
AGGTGAGTCCCAGCCGACCG_008,94
AGGTGAGTCCCAGCCGACCG_009,78
AGGTGAGTCCCAGCCGACCG_010,12
AGGTGAGTCCCAGCCGACCG_011,157
AGGTGAGTCCCAGCCGACCG_012,81
AGGTGAGTCCCAGCCGACCG_013,34
AGGTGAGTCCCAGCCGACCG_014,47
AGGTGAGTCCCAGCCGACCG_015,80
AGGTGAGTCCCAGCCGACCG_016,64
AGGTGAGTCCCAGCCGACCG_017,107
AGGTGAGTCCCAGCCGACCG_018,88
AGGTGAGTCCCAGCCGACCG_019,192
AGGTGAGTCCCAGCCGACCG_020,76
AGGTGAGTCCCAGCCGACCG_021,141
AGGTGAGTCCCAGCCGACCG_022,162
AGGTGAGTCCCAGCCGACCG_023,73
AGGTGAGTCCCAGCCGACCG_024,178
AGGTGAGTCCCAGCCGACCG_025,46
AGGTGAGTCCCAGCCGACCG_026,56
AGGTGAGTCCCAGCCGACCG_027,13
AGGTGAGTCCCAGCCGACCG_028,129
AGGTGAGTCCCAGCCGACCG_029,98
AGGTGAGTCCCAGCCGACCG_030,184
AGGTGAGTCCCAGCCGACCG_031,102
AGGTGAGTCCCAGCCGACCG_032,42
AGGTGAGTCCCAGCCGACCG_033,162
AGGTGAGTCCCAGCCGACCG_034,69
AGGTGAGTCCCAGCCGACCG_035,106
AGGTGAGTCCCAGCCGACCG_036,176
AGGTGAGTCCCAGCCGACCG_037,137
AGGTGAGTCCCAGCCGACCG_038,169
AGGTGAGTCCCAGCCGACCG_039,103
CGGGTGGCCATGGATGGGGT_001,148
CGGGTGGCCATGGATGGGGT_002,102
CGGGTGGCCATGGATGGGGT_003,29
CGGGTGGCCATGGATGGGGT_004,63
CGGGTGGCCATGGATGGGGT_005,149
TCCAGAGAAGCTCACTGCTG_001,9
TCCAGAGAAGCTCACTGCTG_002,162
TCCAGAGAAGCTCACTGCTG_003,88
TCCAGAGAAGCTCACTGCTG_004,2
TCTCGGTCACCGGATACAGG_001,84
GCGTGTGAGGATATGCACCG_001,50
GCGTGTGAGGATATGCACCG_002,99
GCGTGTGAGGATATGCACCG_003,141
GCGTGTGAGGATATGCACCG_004,58
GCGTGTGAGGATATGCACCG_005,102
GCGTGTGAGGATATGCACCG_006,102
GCGTGTGAGGATATGCACCG_007,69
GCGTGTGAGGATATGCACCG_008,9
GCGTGTGAGGATATGCACCG_009,29
GCGTGTGAGGATATGCACCG_010,150
GCGTGTGAGGATATGCACCG_011,193
GCGTGTGAGGATATGCACCG_012,53
GCGTGTGAGGATATGCACCG_013,192
GCGTGTGAGGATATGCACCG_014,158
GCGTGTGAGGATATGCACCG_015,142
GCGTGTGAGGATATGCACCG_016,136
GCGTGTGAGGATATGCACCG_017,176
GAAGAAGAAGAAAAGGACAG_001,11
GAAGAAGAAGAAAAGGACAG_002,151
GAAGAAGAAGAAAAGGACAG_003,48
GAAGAAGAAGAAAAGGACAG_004,125
GAAGAAGAAGAAAAGGACAG_005,186
GAAGAAGAAGAAAAGGACAG_006,121
GAAGAAGAAGAAAAGGACAG_007,140
GAAGAAGAAGAAAAGGACAG_008,14
GAAGAAGAAGAAAAGGACAG_009,15
TAAGTAGCCAAGTAGTCCCT_001,60
TAAGTAGCCAAGTAGTCCCT_002,64
TAAGTAGCCAAGTAGTCCCT_003,7
TAAGTAGCCAAGTAGTCCCT_004,29
TAAGTAGCCAAGTAGTCCCT_005,29
TAAGTAGCCAAGTAGTCCCT_006,117
TAAGTAGCCAAGTAGTCCCT_007,157
TAAGTAGCCAAGTAGTCCCT_008,130
CGGACTTGGTCCTTGGACTG_001,87
CGGACTTGGTCCTTGGACTG_002,148
CGGACTTGGTCCTTGGACTG_003,145
CGGACTTGGTCCTTGGACTG_004,82
CGGACTTGGTCCTTGGACTG_005,21
CGGACTTGGTCCTTGGACTG_006,52
CGGACTTGGTCCTTGGACTG_007,56
CGGACTTGGTCCTTGGACTG_008,127
CGGACTTGGTCCTTGGACTG_009,68
CGGACTTGGTCCTTGGACTG_010,138
CGGACTTGGTCCTTGGACTG_011,121
GGCTTCACCTCCGACAGAGA_001,171
GGCTTCACCTCCGACAGAGA_002,30
GGCTTCACCTCCGACAGAGA_003,198
GGCTTCACCTCCGACAGAGA_004,113
GGCTTCACCTCCGACAGAGA_005,152
GGCTTCACCTCCGACAGAGA_006,152
GGCTTCACCTCCGACAGAGA_007,2
GGCTTCACCTCCGACAGAGA_008,1
GGCTTCACCTCCGACAGAGA_009,172
GGCTTCACCTCCGACAGAGA_010,70
GGCTTCACCTCCGACAGAGA_011,57
GGCTTCACCTCCGACAGAGA_012,29
GGCTTCACCTCCGACAGAGA_013,60
GGCTTCACCTCCGACAGAGA_014,2
GGCTTCACCTCCGACAGAGA_015,156
GGCTTCACCTCCGACAGAGA_016,159
GGCTTCACCTCCGACAGAGA_017,196
GGCTTCACCTCCGACAGAGA_018,196
GGCTTCACCTCCGACAGAGA_019,78
GGCTTCACCTCCGACAGAGA_020,78
GGCTTCACCTCCGACAGAGA_021,105
GGCTTCACCTCCGACAGAGA_022,184
GGCTTCACCTCCGACAGAGA_023,174
GGCTTCACCTCCGACAGAGA_024,13
GGCTTCACCTCCGACAGAGA_025,74
GACTGGTTGGACACCCAGGT_001,101
GACTGGTTGGACACCCAGGT_002,97
GACTGGTTGGACACCCAGGT_003,146
GACTGGTTGGACACCCAGGT_004,75
GACTGGTTGGACACCCAGGT_005,152
ACGTGCTGAAGTTCAAGGCA_001,41
ACGTGCTGAAGTTCAAGGCA_002,43
ACGTGCTGAAGTTCAAGGCA_003,16
ACGTGCTGAAGTTCAAGGCA_004,165
ACGTGCTGAAGTTCAAGGCA_005,19
ACGTGCTGAAGTTCAAGGCA_006,45
ACGTGCTGAAGTTCAAGGCA_007,44
ACGTGCTGAAGTTCAAGGCA_008,144
ACGTGCTGAAGTTCAAGGCA_009,93
ACGTGCTGAAGTTCAAGGCA_010,161
ACGTGCTGAAGTTCAAGGCA_011,129
ACGTGCTGAAGTTCAAGGCA_012,78
ACGTGCTGAAGTTCAAGGCA_013,75
ACGTGCTGAAGTTCAAGGCA_014,198
ACGTGCTGAAGTTCAAGGCA_015,19
ACGTGCTGAAGTTCAAGGCA_016,118
ACGTGCTGAAGTTCAAGGCA_017,119
ACGTGCTGAAGTTCAAGGCA_018,36
ACGTGCTGAAGTTCAAGGCA_019,42
ACGTGCTGAAGTTCAAGGCA_020,87
ACGTGCTGAAGTTCAAGGCA_021,14
ACGTGCTGAAGTTCAAGGCA_022,127
ACGTGCTGAAGTTCAAGGCA_023,127
ACGTGCTGAAGTTCAAGGCA_024,44
ACGTGCTGAAGTTCAAGGCA_025,127
ACGTGCTGAAGTTCAAGGCA_026,32
ACGTGCTGAAGTTCAAGGCA_027,1
ACGTGCTGAAGTTCAAGGCA_028,188
ACGTGCTGAAGTTCAAGGCA_029,83
ACGTGCTGAAGTTCAAGGCA_030,78
ACGTGCTGAAGTTCAAGGCA_031,1
ACGTGCTGAAGTTCAAGGCA_032,145
ACGTGCTGAAGTTCAAGGCA_033,186
ACGTGCTGAAGTTCAAGGCA_034,168
ACGTGCTGAAGTTCAAGGCA_035,137
ACGTGCTGAAGTTCAAGGCA_036,56
ACGTGCTGAAGTTCAAGGCA_037,115
ACGTGCTGAAGTTCAAGGCA_038,129
ACGTGCTGAAGTTCAAGGCA_039,191
ACGTGCTGAAGTTCAAGGCA_040,77
ACGTGCTGAAGTTCAAGGCA_041,77
ACGTGCTGAAGTTCAAGGCA_042,28
ACGTGCTGAAGTTCAAGGCA_043,68
ACGTGCTGAAGTTCAAGGCA_044,166
TCATCCTTTGAAAGACTACG_001,157
TCATCCTTTGAAAGACTACG_002,159
TCATCCTTTGAAAGACTACG_003,185
TCATCCTTTGAAAGACTACG_004,0
TCATCCTTTGAAAGACTACG_005,25
TCATCCTTTGAAAGACTACG_006,31
TCATCCTTTGAAAGACTACG_007,52
TCATCCTTTGAAAGACTACG_008,43
TGATATTGGAGCTCCCGCCG_001,115
TGATATTGGAGCTCCCGCCG_002,15
TGATATTGGAGCTCCCGCCG_003,1
TGATATTGGAGCTCCCGCCG_004,134
TGATATTGGAGCTCCCGCCG_005,69
TGATATTGGAGCTCCCGCCG_006,8
TGATATTGGAGCTCCCGCCG_007,169
TGATATTGGAGCTCCCGCCG_008,46
TGATATTGGAGCTCCCGCCG_009,165
TGATATTGGAGCTCCCGCCG_010,136
GCGTTGGGTGCACGAACTTG_001,15
GCGTTGGGTGCACGAACTTG_002,110
GCGTTGGGTGCACGAACTTG_003,1
GCGTTGGGTGCACGAACTTG_004,169
GCGTTGGGTGCACGAACTTG_005,16
GCGTTGGGTGCACGAACTTG_006,195
GCGTTGGGTGCACGAACTTG_007,22
ATATGCACTAGTATTTAGCG_001,130
ATATGCACTAGTATTTAGCG_002,70
ATATGCACTAGTATTTAGCG_003,150
CCTCCGAAAACAGATCGCGC_001,80
CCTCCGAAAACAGATCGCGC_002,11
CCTCCGAAAACAGATCGCGC_003,129
CCTCCGAAAACAGATCGCGC_004,158
CCTCCGAAAACAGATCGCGC_005,29
CCTCCGAAAACAGATCGCGC_006,78
CCTCCGAAAACAGATCGCGC_007,88
CCTCCGAAAACAGATCGCGC_008,43
CCTCCGAAAACAGATCGCGC_009,85
CCTCCGAAAACAGATCGCGC_010,104
CCTCCGAAAACAGATCGCGC_011,58
CCTCCGAAAACAGATCGCGC_012,48
CCTCCGAAAACAGATCGCGC_013,17
CCTCCGAAAACAGATCGCGC_014,49
CCTCCGAAAACAGATCGCGC_015,57
CCTCCGAAAACAGATCGCGC_016,19
CCTCCGAAAACAGATCGCGC_017,21
CCTCCGAAAACAGATCGCGC_018,88
CCTCCGAAAACAGATCGCGC_019,81
CCTCCGAAAACAGATCGCGC_020,184
CCTCCGAAAACAGATCGCGC_021,96
CCTCCGAAAACAGATCGCGC_022,13
CCTCCGAAAACAGATCGCGC_023,0
GGCGTAGTCAATGTCACTGG_001,27
GGCGTAGTCAATGTCACTGG_002,29
GGCGTAGTCAATGTCACTGG_003,131
GGCGTAGTCAATGTCACTGG_004,33
GGCGTAGTCAATGTCACTGG_005,16
GGTGCACCCACGACACGCCG_001,62
GGTGCACCCACGACACGCCG_002,137
GGTGCACCCACGACACGCCG_003,145
GGTGCACCCACGACACGCCG_004,190
GGTGCACCCACGACACGCCG_005,170
GGTGCACCCACGACACGCCG_006,169
GGTGCACCCACGACACGCCG_007,89
GGTGCACCCACGACACGCCG_008,4
GGTGCACCCACGACACGCCG_009,94
GGTGCACCCACGACACGCCG_010,40
GGTGCACCCACGACACGCCG_011,10
GGTGCACCCACGACACGCCG_012,179
GGTGCACCCACGACACGCCG_013,2
GGTGCACCCACGACACGCCG_014,58
ACCCACCTAACATTTCCAGG_001,94
ACCCACCTAACATTTCCAGG_002,150
ACCCACCTAACATTTCCAGG_003,129
ACCCACCTAACATTTCCAGG_004,6
ACCCACCTAACATTTCCAGG_005,178
ACCCACCTAACATTTCCAGG_006,104
ACCCACCTAACATTTCCAGG_007,70
ACCCACCTAACATTTCCAGG_008,50
ACCCACCTAACATTTCCAGG_009,48
ACCCACCTAACATTTCCAGG_010,158
ACCCACCTAACATTTCCAGG_011,138
ACCCACCTAACATTTCCAGG_012,35
ACCCACCTAACATTTCCAGG_013,133
ACCCACCTAACATTTCCAGG_014,168
ACCCACCTAACATTTCCAGG_015,40
CCCAACCCCAAGGTGCATTG_001,172
CCCAACCCCAAGGTGCATTG_002,128
CCCAACCCCAAGGTGCATTG_003,20
CCCAACCCCAAGGTGCATTG_004,172
CCCAACCCCAAGGTGCATTG_005,162
CCCAACCCCAAGGTGCATTG_006,65
CCCAACCCCAAGGTGCATTG_007,41
CCCAACCCCAAGGTGCATTG_008,17
CCCAACCCCAAGGTGCATTG_009,139
CCCAACCCCAAGGTGCATTG_010,64
CCCAACCCCAAGGTGCATTG_011,158
CCCAACCCCAAGGTGCATTG_012,169
CCCAACCCCAAGGTGCATTG_013,132
CCCAACCCCAAGGTGCATTG_014,66
CCCAACCCCAAGGTGCATTG_015,184
CCCAACCCCAAGGTGCATTG_016,29
CCCAACCCCAAGGTGCATTG_017,68
CCCAACCCCAAGGTGCATTG_018,125
CCCAACCCCAAGGTGCATTG_019,157
CCCAACCCCAAGGTGCATTG_020,71
CCCAACCCCAAGGTGCATTG_021,155
CTGGCTGTTATGTACGCAGG_001,185
CTGGCTGTTATGTACGCAGG_002,81
CTGGCTGTTATGTACGCAGG_003,77
CTGGCTGTTATGTACGCAGG_004,15
CTGGCTGTTATGTACGCAGG_005,162
CTGGCTGTTATGTACGCAGG_006,70
CTGGCTGTTATGTACGCAGG_007,176
CTGGCTGTTATGTACGCAGG_008,65
CTGGCTGTTATGTACGCAGG_009,40
CTGGCTGTTATGTACGCAGG_010,72
CTGGCTGTTATGTACGCAGG_011,178
CTGGCTGTTATGTACGCAGG_012,31
CTGGCTGTTATGTACGCAGG_013,106
CTTCTGTGTGGATGAGATCG_001,77
CTTCTGTGTGGATGAGATCG_002,152
CTTCTGTGTGGATGAGATCG_003,99
GATGAACAACAAACTCAACT_001,57
GATGAACAACAAACTCAACT_002,75
GATGAACAACAAACTCAACT_003,46
GATGAACAACAAACTCAACT_004,100
GATGAACAACAAACTCAACT_005,105
CTTGGATACACACTTACCCC_001,173
TGATCCTAAAAACTTCCACA_001,13
TGATCCTAAAAACTTCCACA_002,119
TGATCCTAAAAACTTCCACA_003,78
TGATCCTAAAAACTTCCACA_004,170
TGATCCTAAAAACTTCCACA_005,112
TGATCCTAAAAACTTCCACA_006,124
TGATCCTAAAAACTTCCACA_007,198
TGATCCTAAAAACTTCCACA_008,176
TGATCCTAAAAACTTCCACA_009,148
TGATCCTAAAAACTTCCACA_010,169
TGATCCTAAAAACTTCCACA_011,137
TGATCCTAAAAACTTCCACA_012,30
GACGTACGTTTCATCTCACC_001,198
ATGTGCGATGTAAGCCTGAG_001,78
ATGTGCGATGTAAGCCTGAG_002,4
ATGTGCGATGTAAGCCTGAG_003,57
ATGTGCGATGTAAGCCTGAG_004,106
ATGTGCGATGTAAGCCTGAG_005,18
ATGTGCGATGTAAGCCTGAG_006,109
AGATCCAGGAAATACTGCAG_001,18
AGATCCAGGAAATACTGCAG_002,139
AGATCCAGGAAATACTGCAG_003,179
AGATCCAGGAAATACTGCAG_004,12
AGATCCAGGAAATACTGCAG_005,162
AGATCCAGGAAATACTGCAG_006,62
AGATCCAGGAAATACTGCAG_007,195
AGATCCAGGAAATACTGCAG_008,1
AGATCCAGGAAATACTGCAG_009,169
AGATCCAGGAAATACTGCAG_010,1
AGATCCAGGAAATACTGCAG_011,148
AGATCCAGGAAATACTGCAG_012,52
AGGACCAACACGGAGACCTG_001,48
AGGACCAACACGGAGACCTG_002,41
AGGACCAACACGGAGACCTG_003,127
AGGACCAACACGGAGACCTG_004,43
AGGACCAACACGGAGACCTG_005,32
AGGACCAACACGGAGACCTG_006,145
AGGACCAACACGGAGACCTG_007,176
AGGACCAACACGGAGACCTG_008,147
AGGACCAACACGGAGACCTG_009,33
AGGACCAACACGGAGACCTG_010,122
AGGACCAACACGGAGACCTG_011,98
AGGACCAACACGGAGACCTG_012,33
AGGACCAACACGGAGACCTG_013,116
AGGACCAACACGGAGACCTG_014,102
AGGACCAACACGGAGACCTG_015,112
AGGACCAACACGGAGACCTG_016,160
AGGACCAACACGGAGACCTG_017,70
AGGACCAACACGGAGACCTG_018,199
AGGACCAACACGGAGACCTG_019,75
AGGACCAACACGGAGACCTG_020,198
AGGACCAACACGGAGACCTG_021,70
AGGACCAACACGGAGACCTG_022,34
AGGACCAACACGGAGACCTG_023,35
AGGACCAACACGGAGACCTG_024,117
AGGACCAACACGGAGACCTG_025,104
AGGACCAACACGGAGACCTG_026,72
ACAATTTGGTCTGTCGTGAA_001,58
CCTGCAGCTGAGTCCCAACG_001,178
CCTGCAGCTGAGTCCCAACG_002,106
CCTGCAGCTGAGTCCCAACG_003,147
CCTGCAGCTGAGTCCCAACG_004,17
CCTGCAGCTGAGTCCCAACG_005,82
CCTGCAGCTGAGTCCCAACG_006,110
CCTGCAGCTGAGTCCCAACG_007,43
CCTGCAGCTGAGTCCCAACG_008,106
CTAATTAGTAAGAGAATGGA_001,152
CTAATTAGTAAGAGAATGGA_002,102
CTAATTAGTAAGAGAATGGA_003,32
CTAATTAGTAAGAGAATGGA_004,9
CTAATTAGTAAGAGAATGGA_005,139
CTAATTAGTAAGAGAATGGA_006,105
CTAATTAGTAAGAGAATGGA_007,19
CTAATTAGTAAGAGAATGGA_008,62
CTAATTAGTAAGAGAATGGA_009,110
CTAATTAGTAAGAGAATGGA_010,148
TATCAGGATCTCATAGACCG_001,160
TATCAGGATCTCATAGACCG_002,170
TATCAGGATCTCATAGACCG_003,102
TATCAGGATCTCATAGACCG_004,187
TATCAGGATCTCATAGACCG_005,187
TATCAGGATCTCATAGACCG_006,27
TATCAGGATCTCATAGACCG_007,27
TATCAGGATCTCATAGACCG_008,147
TATCAGGATCTCATAGACCG_009,52
TATCAGGATCTCATAGACCG_010,60
TATCAGGATCTCATAGACCG_011,107
TATCAGGATCTCATAGACCG_012,157
TCAGCATTTCAGGTCACCAC_001,76
TCAGCATTTCAGGTCACCAC_002,174
TCAGCATTTCAGGTCACCAC_003,56
TCAGCATTTCAGGTCACCAC_004,29
TCAGCATTTCAGGTCACCAC_005,177
TCAGCATTTCAGGTCACCAC_006,157
TCAGCATTTCAGGTCACCAC_007,15
TCAGCATTTCAGGTCACCAC_008,158
TGTGTTCAGGAAATTTGGCA_001,137
TGTGTTCAGGAAATTTGGCA_002,15
TGTGTTCAGGAAATTTGGCA_003,2
TGTGTTCAGGAAATTTGGCA_004,77
TGTGTTCAGGAAATTTGGCA_005,130
TGTGTTCAGGAAATTTGGCA_006,142
TGTGTTCAGGAAATTTGGCA_007,185
TGTGTTCAGGAAATTTGGCA_008,89
TGTGTTCAGGAAATTTGGCA_009,148
TGTGTTCAGGAAATTTGGCA_010,169
TGTGTTCAGGAAATTTGGCA_011,140
TGTGTTCAGGAAATTTGGCA_012,33
TGTGTTCAGGAAATTTGGCA_013,180
AAGGGCTGATCCAAAACTAA_001,83
AAGGGCTGATCCAAAACTAA_002,68
GGGACCAGCCAAGATCGAGG_001,70
GGGACCAGCCAAGATCGAGG_002,159
GGGACCAGCCAAGATCGAGG_003,95
GGGACCAGCCAAGATCGAGG_004,9
GGGACCAGCCAAGATCGAGG_005,34
GGGACCAGCCAAGATCGAGG_006,180
GCAGTACCATGTCGTAGATG_001,181
GCAGTACCATGTCGTAGATG_002,20
GCAGTACCATGTCGTAGATG_003,142
GCAGTACCATGTCGTAGATG_004,1
GCAGTACCATGTCGTAGATG_005,28
CAGAGCAGGTCAGATTCTGG_001,62
CAGAGCAGGTCAGATTCTGG_002,100
CAGAGCAGGTCAGATTCTGG_003,169
CAGAGCAGGTCAGATTCTGG_004,169
CAGAGCAGGTCAGATTCTGG_005,127
CAGAGCAGGTCAGATTCTGG_006,126
CAGAGCAGGTCAGATTCTGG_007,119
AGATCCTTGATATCCCTGAT_001,31
AGATCCTTGATATCCCTGAT_002,19
AGATCCTTGATATCCCTGAT_003,156
AGATCCTTGATATCCCTGAT_004,84
AGATCCTTGATATCCCTGAT_005,8
AGATCCTTGATATCCCTGAT_006,58
AGATCCTTGATATCCCTGAT_007,65
AGATCCTTGATATCCCTGAT_008,121
AGATCCTTGATATCCCTGAT_009,194
AGATCCTTGATATCCCTGAT_010,95
AGATCCTTGATATCCCTGAT_011,65
AGATCCTTGATATCCCTGAT_012,1
AGATCCTTGATATCCCTGAT_013,177
AGATCCTTGATATCCCTGAT_014,68
AGATCCTTGATATCCCTGAT_015,34
AGATCCTTGATATCCCTGAT_016,79
AGATCCTTGATATCCCTGAT_017,62
AGATCCTTGATATCCCTGAT_018,121
AGATCCTTGATATCCCTGAT_019,147
AGATCCTTGATATCCCTGAT_020,70
CCAAGACGTGGCCCGCATGG_001,112
CCAAGACGTGGCCCGCATGG_002,166
CCAAGACGTGGCCCGCATGG_003,131
CCAAGACGTGGCCCGCATGG_004,20
CCAAGACGTGGCCCGCATGG_005,3
GAACAGACTGTCATCTTTAG_001,2
GAACAGACTGTCATCTTTAG_002,41
GAACAGACTGTCATCTTTAG_003,83
GAACAGACTGTCATCTTTAG_004,146
GGGCCTAGGTCTTTGCGCAG_001,103
GGGCCTAGGTCTTTGCGCAG_002,112
GGGCCTAGGTCTTTGCGCAG_003,78
GGGCCTAGGTCTTTGCGCAG_004,175
GGGCCTAGGTCTTTGCGCAG_005,170
GGGCCTAGGTCTTTGCGCAG_006,197
GGGCCTAGGTCTTTGCGCAG_007,69
GGGCCTAGGTCTTTGCGCAG_008,124
GGGCCTAGGTCTTTGCGCAG_009,45
GGGCCTAGGTCTTTGCGCAG_010,124
GGGCCTAGGTCTTTGCGCAG_011,50
ATGCTCGAAATAGTTCATCC_001,128
ATGCTCGAAATAGTTCATCC_002,129
GGGGGACGTTTGAAGCGATG_001,158
GGGGGACGTTTGAAGCGATG_002,175
GGGGGACGTTTGAAGCGATG_003,81
GGGGGACGTTTGAAGCGATG_004,94
GGGGGACGTTTGAAGCGATG_005,101
CATGCACACGCACCAGACAG_001,184
CATGCACACGCACCAGACAG_002,145
CATGCACACGCACCAGACAG_003,161
CATGCACACGCACCAGACAG_004,163
CATGCACACGCACCAGACAG_005,191
CATGCACACGCACCAGACAG_006,127
CATGCACACGCACCAGACAG_007,79
CATGCACACGCACCAGACAG_008,84
CATGCACACGCACCAGACAG_009,18
CATGCACACGCACCAGACAG_010,33
CCAGGACGATTCGATTGGCA_001,57
CCAGGACGATTCGATTGGCA_002,147
CCAGGACGATTCGATTGGCA_003,38
CCAGGACGATTCGATTGGCA_004,17
CCAGGACGATTCGATTGGCA_005,72
CATGCACATAGGATAAGGAC_001,150
CATGCACATAGGATAAGGAC_002,152
ACTGCAACAGCCATATAGCG_001,1
ACTGCAACAGCCATATAGCG_002,56
GCCTTACACCATGAGCTATG_001,194
GCCTTACACCATGAGCTATG_002,58
GCCTTACACCATGAGCTATG_003,42
GCCTTACACCATGAGCTATG_004,73
GCCTTACACCATGAGCTATG_005,168
GCCTTACACCATGAGCTATG_006,28
TGAAAACGCTCTGGCCACAG_001,61
TGAAAACGCTCTGGCCACAG_002,160
TGAATAGACCGAAAACAGAG_001,177
TGAATAGACCGAAAACAGAG_002,160
GCACCAGAGACTGCACACTG_001,147
GCACCAGAGACTGCACACTG_002,168
GCACCAGAGACTGCACACTG_003,175
GCACCAGAGACTGCACACTG_004,114
GCACCAGAGACTGCACACTG_005,105
GCACCAGAGACTGCACACTG_006,58
GCACCAGAGACTGCACACTG_007,191
GCACCAGAGACTGCACACTG_008,16
GCACCAGAGACTGCACACTG_009,83
GCACCAGAGACTGCACACTG_010,82
GCACCAGAGACTGCACACTG_011,2
GCACCAGAGACTGCACACTG_012,19
GCACCAGAGACTGCACACTG_013,33
GCACCAGAGACTGCACACTG_014,22
GCACCAGAGACTGCACACTG_015,82
GCACCAGAGACTGCACACTG_016,150
GCTGACCGTGAACGATACAG_001,126
GCTGACCGTGAACGATACAG_002,160
GCTGACCGTGAACGATACAG_003,184
GCTGACCGTGAACGATACAG_004,106
GACAACCCGTACATCACCGA_001,106
GACAACCCGTACATCACCGA_002,119
GACAACCCGTACATCACCGA_003,119
GACAACCCGTACATCACCGA_004,187
GACAACCCGTACATCACCGA_005,58
GACAACCCGTACATCACCGA_006,141
GACAACCCGTACATCACCGA_007,45
GACAACCCGTACATCACCGA_008,110
GCCGGGTGCGCTGTTACACA_001,7
GCCGGGTGCGCTGTTACACA_002,43
GCCGGGTGCGCTGTTACACA_003,80
CTAAAGCTAAGAAGCCCGCG_001,75
CTAAAGCTAAGAAGCCCGCG_002,117
GAGTAGTGGAAAATGGCGAT_001,127
GAGTAGTGGAAAATGGCGAT_002,191
GAGTAGTGGAAAATGGCGAT_003,115
GAGTAGTGGAAAATGGCGAT_004,117
GAGTAGTGGAAAATGGCGAT_005,96
GAGTAGTGGAAAATGGCGAT_006,11
TAGTTGTGTCCCCTGCATGT_001,22
TAGTTGTGTCCCCTGCATGT_002,35
TAGTTGTGTCCCCTGCATGT_003,16
TAGTTGTGTCCCCTGCATGT_004,58
TAGTTGTGTCCCCTGCATGT_005,75
TAGTTGTGTCCCCTGCATGT_006,31
TAGTTGTGTCCCCTGCATGT_007,57
TAGTTGTGTCCCCTGCATGT_008,32
GTCCCACACTTCAATAACAG_001,15
GTCCCACACTTCAATAACAG_002,45
GTCCCACACTTCAATAACAG_003,134
GTCCCACACTTCAATAACAG_004,104
TATTGATGATTACAGCACAT_001,123
TATTGATGATTACAGCACAT_002,70
AACCCATACAAACAACCTGG_001,169
AACCCATACAAACAACCTGG_002,73
AACCCATACAAACAACCTGG_003,174
AACCCATACAAACAACCTGG_004,184
CATGTTTGACTATGGGCTCA_001,140
CATGTTTGACTATGGGCTCA_002,41
CATGTTTGACTATGGGCTCA_003,193
CATGTTTGACTATGGGCTCA_004,75
CATGTTTGACTATGGGCTCA_005,148
CATGTTTGACTATGGGCTCA_006,96
CATGTTTGACTATGGGCTCA_007,149
CATGTTTGACTATGGGCTCA_008,151
CATGTTTGACTATGGGCTCA_009,88
CATGTTTGACTATGGGCTCA_010,70
CATGTTTGACTATGGGCTCA_011,8
CATGTTTGACTATGGGCTCA_012,150
CATGTTTGACTATGGGCTCA_013,56
TGAGGTAGTCGAATTCAGTG_001,184
TGAGGTAGTCGAATTCAGTG_002,160
TGAGGTAGTCGAATTCAGTG_003,48
TGAGGTAGTCGAATTCAGTG_004,166
TGAGGTAGTCGAATTCAGTG_005,56
TGAGGTAGTCGAATTCAGTG_006,114
GAACCTGGCGGGACACGACG_001,114
GAACCTGGCGGGACACGACG_002,41
GAACCTGGCGGGACACGACG_003,80
GAACCTGGCGGGACACGACG_004,2
GAACCTGGCGGGACACGACG_005,188
GAACCTGGCGGGACACGACG_006,102
GAACCTGGCGGGACACGACG_007,177
GAACCTGGCGGGACACGACG_008,69
GAACCTGGCGGGACACGACG_009,170
GAACCTGGCGGGACACGACG_010,42
GAACCTGGCGGGACACGACG_011,141
GAACCTGGCGGGACACGACG_012,21
GAACCTGGCGGGACACGACG_013,54
GAACCTGGCGGGACACGACG_014,7
GAACCTGGCGGGACACGACG_015,61
GAACCTGGCGGGACACGACG_016,182
GAACCTGGCGGGACACGACG_017,16
GAACCTGGCGGGACACGACG_018,96
GAACCTGGCGGGACACGACG_019,9
GAACCTGGCGGGACACGACG_020,62
GAACCTGGCGGGACACGACG_021,35
GAACCTGGCGGGACACGACG_022,13
GAACCTGGCGGGACACGACG_023,185
GAACCTGGCGGGACACGACG_024,133
GAACCTGGCGGGACACGACG_025,191
GAACCTGGCGGGACACGACG_026,6
GAACCTGGCGGGACACGACG_027,78
GAACCTGGCGGGACACGACG_028,40
GAACCTGGCGGGACACGACG_029,77
GAACCTGGCGGGACACGACG_030,106
GAACCTGGCGGGACACGACG_031,144
GAACCTGGCGGGACACGACG_032,16
GAACCTGGCGGGACACGACG_033,12
CCCAGAGGGATGACGCCCTG_001,72
CCCAGAGGGATGACGCCCTG_002,72
CCCAGAGGGATGACGCCCTG_003,62
ATCGGGAGCTGCCTACCGCG_001,1
ATCGGGAGCTGCCTACCGCG_002,115
ATCGGGAGCTGCCTACCGCG_003,8
TGCAGGGACTCCAGAACGGG_001,172
TGCAGGGACTCCAGAACGGG_002,175
TGCAGGGACTCCAGAACGGG_003,154
TGCAGGGACTCCAGAACGGG_004,168
TGCAGGGACTCCAGAACGGG_005,144
TGCAGGGACTCCAGAACGGG_006,77
TGCAGGGACTCCAGAACGGG_007,150
TGCAGGGACTCCAGAACGGG_008,70
TGCAGGGACTCCAGAACGGG_009,94
TGCAGGGACTCCAGAACGGG_010,19
TGCAGGGACTCCAGAACGGG_011,105
TGCAGGGACTCCAGAACGGG_012,133
TGGCAGTTTCCATCTCATCG_001,4
TGGCAGTTTCCATCTCATCG_002,34
TGGCAGTTTCCATCTCATCG_003,99
GTTCGAGCAGATGCGACAGT_001,161
GTTCGAGCAGATGCGACAGT_002,36
GTTCGAGCAGATGCGACAGT_003,188
GTTCGAGCAGATGCGACAGT_004,62
GTTCGAGCAGATGCGACAGT_005,76
GTTCGAGCAGATGCGACAGT_006,130
GTTCGAGCAGATGCGACAGT_007,166
GTTCGAGCAGATGCGACAGT_008,148
GTTCGAGCAGATGCGACAGT_009,141
TTCTGGGGTGGAGCGCACGT_001,102
TTCTGGGGTGGAGCGCACGT_002,187
TTCTGGGGTGGAGCGCACGT_003,103
TTCTGGGGTGGAGCGCACGT_004,24
TTCTGGGGTGGAGCGCACGT_005,164
TTCTGGGGTGGAGCGCACGT_006,164
TTCTGGGGTGGAGCGCACGT_007,170
TTCTGGGGTGGAGCGCACGT_008,68
TTCTGGGGTGGAGCGCACGT_009,134
TTCTGGGGTGGAGCGCACGT_010,194
TTCTGGGGTGGAGCGCACGT_011,170
TTCTGGGGTGGAGCGCACGT_012,138
TTCTGGGGTGGAGCGCACGT_013,45
TTCTGGGGTGGAGCGCACGT_014,28
TTCTGGGGTGGAGCGCACGT_015,70
TTCTGGGGTGGAGCGCACGT_016,36
TTCTGGGGTGGAGCGCACGT_017,145
TTCTGGGGTGGAGCGCACGT_018,145
TTCTGGGGTGGAGCGCACGT_019,12
TTCTGGGGTGGAGCGCACGT_020,81
TTCTGGGGTGGAGCGCACGT_021,34
TTCTGGGGTGGAGCGCACGT_022,175
TTCTGGGGTGGAGCGCACGT_023,150
TTCTGGGGTGGAGCGCACGT_024,38
TTCTGGGGTGGAGCGCACGT_025,168
TTCTGGGGTGGAGCGCACGT_026,82
TTCTGGGGTGGAGCGCACGT_027,10
CAGGGAAAGATTACCCAGAG_001,170
CAGGGAAAGATTACCCAGAG_002,125
CAGGGAAAGATTACCCAGAG_003,11
CAGGGAAAGATTACCCAGAG_004,127
CAGGGAAAGATTACCCAGAG_005,7
ACAAATGCTCCAATCTGACT_001,24
ACAAATGCTCCAATCTGACT_002,92
ACAAATGCTCCAATCTGACT_003,2
ACAAATGCTCCAATCTGACT_004,176
ACAAATGCTCCAATCTGACT_005,0
ACAAATGCTCCAATCTGACT_006,76
AGAGTGGGTTTATACCACCA_001,70
AGAGTGGGTTTATACCACCA_002,170
AGAGTGGGTTTATACCACCA_003,177
AGAGTGGGTTTATACCACCA_004,147
AGAGTGGGTTTATACCACCA_005,9
AGAGTGGGTTTATACCACCA_006,76
AGAGTGGGTTTATACCACCA_007,190
AGAGTGGGTTTATACCACCA_008,183
AGAGTGGGTTTATACCACCA_009,134
AGAGTGGGTTTATACCACCA_010,40
AGAGTGGGTTTATACCACCA_011,147
AGAGTGGGTTTATACCACCA_012,30
AGAGTGGGTTTATACCACCA_013,116
AGAGTGGGTTTATACCACCA_014,125
CTCGTCGGCCGACGACATCG_001,161
CTCGTCGGCCGACGACATCG_002,2
CTCGTCGGCCGACGACATCG_003,69
CTCGTCGGCCGACGACATCG_004,83
CTCGTCGGCCGACGACATCG_005,72
CTCGTCGGCCGACGACATCG_006,163
CTCGTCGGCCGACGACATCG_007,70
CTCGTCGGCCGACGACATCG_008,160
CTCGTCGGCCGACGACATCG_009,50
CTCGTCGGCCGACGACATCG_010,177
AATTCGTACACATCCACCAA_001,171
AATTCGTACACATCCACCAA_002,52
ACACGTGAGCCAAGTCGATG_001,196
ACACGTGAGCCAAGTCGATG_002,197
ACACGTGAGCCAAGTCGATG_003,78
ACACGTGAGCCAAGTCGATG_004,58
ACACGTGAGCCAAGTCGATG_005,177
ACACGTGAGCCAAGTCGATG_006,90
ACACGTGAGCCAAGTCGATG_007,9
ACACGTGAGCCAAGTCGATG_008,178
ACACGTGAGCCAAGTCGATG_009,197
ACACGTGAGCCAAGTCGATG_010,197
ACACGTGAGCCAAGTCGATG_011,66
ACACGTGAGCCAAGTCGATG_012,150
ACACGTGAGCCAAGTCGATG_013,62
ACACGTGAGCCAAGTCGATG_014,49
ACACGTGAGCCAAGTCGATG_015,182
ACACGTGAGCCAAGTCGATG_016,162
ACACGTGAGCCAAGTCGATG_017,184
ACACGTGAGCCAAGTCGATG_018,167
ACACGTGAGCCAAGTCGATG_019,142
ACACGTGAGCCAAGTCGATG_020,165
ACACGTGAGCCAAGTCGATG_021,15
AGATTGGCTAGTGACTCCCC_001,59
AGATTGGCTAGTGACTCCCC_002,9
AGATTGGCTAGTGACTCCCC_003,55
CATCTTGCATGAGATTGACG_001,83
CATCTTGCATGAGATTGACG_002,159
GGAATCCTCCTCGCAGCGCA_001,85
GGAATCCTCCTCGCAGCGCA_002,69
GGAATCCTCCTCGCAGCGCA_003,158
GGAATCCTCCTCGCAGCGCA_004,96
GGAATCCTCCTCGCAGCGCA_005,145
GGAATCCTCCTCGCAGCGCA_006,119
GGAATCCTCCTCGCAGCGCA_007,18
GGAATCCTCCTCGCAGCGCA_008,173
GGAATCCTCCTCGCAGCGCA_009,69
GGAATCCTCCTCGCAGCGCA_010,126
TGGAAGATGCGCTGCGTCTG_001,53
TGGAAGATGCGCTGCGTCTG_002,101
TGGAAGATGCGCTGCGTCTG_003,59
TGGAAGATGCGCTGCGTCTG_004,185
TGGAAGATGCGCTGCGTCTG_005,13
AGCTTCAAAACAAACCCTTG_001,76
AGCTTCAAAACAAACCCTTG_002,140
AGCTTCAAAACAAACCCTTG_003,83
AGCTTCAAAACAAACCCTTG_004,41
AGCTTCAAAACAAACCCTTG_005,177
AGCTTCAAAACAAACCCTTG_006,34
AGCTTCAAAACAAACCCTTG_007,81
AGCTTCAAAACAAACCCTTG_008,18
GTTATGGACCCGAAGATGGT_001,15
GTTATGGACCCGAAGATGGT_002,75
GTTATGGACCCGAAGATGGT_003,10
GTTATGGACCCGAAGATGGT_004,48
GTTATGGACCCGAAGATGGT_005,72
GTTATGGACCCGAAGATGGT_006,75
GTTATGGACCCGAAGATGGT_007,161
GTTATGGACCCGAAGATGGT_008,113
GTTATGGACCCGAAGATGGT_009,194
GTTATGGACCCGAAGATGGT_010,193
GTTATGGACCCGAAGATGGT_011,63
GTTATGGACCCGAAGATGGT_012,168
AGGCGGCCGACTATCTGGAG_001,80
AGGCGGCCGACTATCTGGAG_002,142
AGGCGGCCGACTATCTGGAG_003,58
AGGCGGCCGACTATCTGGAG_004,160
AGGCGGCCGACTATCTGGAG_005,163
AGGCGGCCGACTATCTGGAG_006,62
AGGCGGCCGACTATCTGGAG_007,126
AGGCGGCCGACTATCTGGAG_008,28
AGGCGGCCGACTATCTGGAG_009,185
AGGCGGCCGACTATCTGGAG_010,185
AGGCGGCCGACTATCTGGAG_011,8
AGGCGGCCGACTATCTGGAG_012,24
AGGCGGCCGACTATCTGGAG_013,69
AGGCGGCCGACTATCTGGAG_014,88
AGGCGGCCGACTATCTGGAG_015,106
GAAGAACTGGTCTACGACTG_001,147
GAAGAACTGGTCTACGACTG_002,16
GAAGAACTGGTCTACGACTG_003,46
AGAATAAATCATCTTGGCTT_001,78
AGAATAAATCATCTTGGCTT_002,69
CTATTGTGACCAGGCCTATG_001,65
CTATTGTGACCAGGCCTATG_002,41
CTATTGTGACCAGGCCTATG_003,22
CTATTGTGACCAGGCCTATG_004,16
GGAGATCACCAACCACGGCG_001,73
GGAGATCACCAACCACGGCG_002,185
GGAGATCACCAACCACGGCG_003,35
GGAGATCACCAACCACGGCG_004,175
GGAGATCACCAACCACGGCG_005,181
GGAGATCACCAACCACGGCG_006,76
GGAGATCACCAACCACGGCG_007,149
GGAGATCACCAACCACGGCG_008,108
GGAGATCACCAACCACGGCG_009,96
GGAGATCACCAACCACGGCG_010,117
GGAGATCACCAACCACGGCG_011,185
GGAGATCACCAACCACGGCG_012,149
GGAGATCACCAACCACGGCG_013,16
GGAGATCACCAACCACGGCG_014,93
GGAGATCACCAACCACGGCG_015,75
GGAGATCACCAACCACGGCG_016,54
GGAGATCACCAACCACGGCG_017,150
GGAGATCACCAACCACGGCG_018,189
GGAGATCACCAACCACGGCG_019,17
GGAGATCACCAACCACGGCG_020,125
GGAGATCACCAACCACGGCG_021,97
TGAAGCTAGGAAAATAGGAG_001,183
TGAAGCTAGGAAAATAGGAG_002,75
TGAAGCTAGGAAAATAGGAG_003,168
TGAAGCTAGGAAAATAGGAG_004,110
TGAAGCTAGGAAAATAGGAG_005,150
TGAAGCTAGGAAAATAGGAG_006,133
GTACATCAGAGTTTCATACA_001,15
GTACATCAGAGTTTCATACA_002,23
GTACATCAGAGTTTCATACA_003,98
GTACATCAGAGTTTCATACA_004,141
GTACATCAGAGTTTCATACA_005,105
GTACATCAGAGTTTCATACA_006,178
GTACATCAGAGTTTCATACA_007,11
GTACATCAGAGTTTCATACA_008,41
TGGAGAGGATGACACAACCC_001,80
TGGAGAGGATGACACAACCC_002,133
AGAGGCTACTACTTGAGAAG_001,145
AGAGGCTACTACTTGAGAAG_002,81
AGAGGCTACTACTTGAGAAG_003,137
CCTACCGTGGGCCGTGTCGG_001,123
CCTACCGTGGGCCGTGTCGG_002,80
CCTACCGTGGGCCGTGTCGG_003,66
CTCCTCAGGATCGGAATGCG_001,50
CTCCTCAGGATCGGAATGCG_002,151
CTCCTCAGGATCGGAATGCG_003,149
CTCCTCAGGATCGGAATGCG_004,169
CTCCTCAGGATCGGAATGCG_005,174
CTCCTCAGGATCGGAATGCG_006,105
CTCCTCAGGATCGGAATGCG_007,61
CTCCTCAGGATCGGAATGCG_008,53
CTCCTCAGGATCGGAATGCG_009,129
GGGAAACTGGAATTCTCCGT_001,106
GGGAAACTGGAATTCTCCGT_002,121
GGGAAACTGGAATTCTCCGT_003,82
GGGAAACTGGAATTCTCCGT_004,141
GGGAAACTGGAATTCTCCGT_005,148
GGGAAACTGGAATTCTCCGT_006,98
GGGAAACTGGAATTCTCCGT_007,94
ACGAGACAGCAAAACATCGC_001,156
ACGAGACAGCAAAACATCGC_002,65
ACGAGACAGCAAAACATCGC_003,183
ACGAGACAGCAAAACATCGC_004,29
ACGAGACAGCAAAACATCGC_005,199
ACGAGACAGCAAAACATCGC_006,58
ACGAGACAGCAAAACATCGC_007,38
ACGAGACAGCAAAACATCGC_008,64
ACGAGACAGCAAAACATCGC_009,157
ACGAGACAGCAAAACATCGC_010,127
ACGAGACAGCAAAACATCGC_011,76
ACGAGACAGCAAAACATCGC_012,140
ACGAGACAGCAAAACATCGC_013,15
ACGAGACAGCAAAACATCGC_014,117
ACGAGACAGCAAAACATCGC_015,140
ACGAGACAGCAAAACATCGC_016,58
ACGAGACAGCAAAACATCGC_017,142
ACGAGACAGCAAAACATCGC_018,122
ACGAGACAGCAAAACATCGC_019,171
ACGAGACAGCAAAACATCGC_020,46
ACGAGACAGCAAAACATCGC_021,188
ACGAGACAGCAAAACATCGC_022,106
GTTGGTCAGTCAATGAGACT_001,76
GTTGGTCAGTCAATGAGACT_002,138
GTTGGTCAGTCAATGAGACT_003,46
GTTGGTCAGTCAATGAGACT_004,137
GTTGGTCAGTCAATGAGACT_005,49
GTTGGTCAGTCAATGAGACT_006,95
GTTGGTCAGTCAATGAGACT_007,127
GTTGGTCAGTCAATGAGACT_008,141
GTTGGTCAGTCAATGAGACT_009,55
GTTGGTCAGTCAATGAGACT_010,197
GTTGGTCAGTCAATGAGACT_011,28
GTTGGTCAGTCAATGAGACT_012,94
TGGGCGGAGAAAGTGACTAG_001,36
TGGGCGGAGAAAGTGACTAG_002,72
TGGGCGGAGAAAGTGACTAG_003,80
AAGCCCTATGCAGTCATGGT_001,166
AAGCCCTATGCAGTCATGGT_002,44
AAGCCCTATGCAGTCATGGT_003,158
AAGCCCTATGCAGTCATGGT_004,174
AAGCCCTATGCAGTCATGGT_005,13
AAGCCCTATGCAGTCATGGT_006,137
AAGCCCTATGCAGTCATGGT_007,161
AAGCCCTATGCAGTCATGGT_008,122
AAGCCCTATGCAGTCATGGT_009,12
AAGCCCTATGCAGTCATGGT_010,29
AAGCCCTATGCAGTCATGGT_011,175
AAGCCCTATGCAGTCATGGT_012,58
TGATGAAACTTCCTTCAGTG_001,3
TGATGAAACTTCCTTCAGTG_002,60
TGGTGCCCAGAGCCTCGTCG_001,57
TGGTGCCCAGAGCCTCGTCG_002,127
TGGTGCCCAGAGCCTCGTCG_003,48
TGGTGCCCAGAGCCTCGTCG_004,154
TGGTGCCCAGAGCCTCGTCG_005,151
TGGTGCCCAGAGCCTCGTCG_006,101
TGGTGCCCAGAGCCTCGTCG_007,129
TGGTGCCCAGAGCCTCGTCG_008,162
TGGTGCCCAGAGCCTCGTCG_009,170
TGGTGCCCAGAGCCTCGTCG_010,44
TGGTGCCCAGAGCCTCGTCG_011,173
TGGTGCCCAGAGCCTCGTCG_012,198
TGGTGCCCAGAGCCTCGTCG_013,174
TGGTGCCCAGAGCCTCGTCG_014,14
TGGTGCCCAGAGCCTCGTCG_015,15
TGGTGCCCAGAGCCTCGTCG_016,44
TGGTGCCCAGAGCCTCGTCG_017,72
TGGTGCCCAGAGCCTCGTCG_018,2
TGGTGCCCAGAGCCTCGTCG_019,37
TGGTGCCCAGAGCCTCGTCG_020,8
TGGTGCCCAGAGCCTCGTCG_021,5
TGGTGCCCAGAGCCTCGTCG_022,99
TGGTGCCCAGAGCCTCGTCG_023,81
TGGTGCCCAGAGCCTCGTCG_024,8
TGGTGCCCAGAGCCTCGTCG_025,127
TGGTGCCCAGAGCCTCGTCG_026,188
TGGTGCCCAGAGCCTCGTCG_027,152
TGGTGCCCAGAGCCTCGTCG_028,70
TGGTGCCCAGAGCCTCGTCG_029,166
TGGTGCCCAGAGCCTCGTCG_030,57
TGGTGCCCAGAGCCTCGTCG_031,94
TGGTGCCCAGAGCCTCGTCG_032,32
TGGTGCCCAGAGCCTCGTCG_033,52
TGGTGCCCAGAGCCTCGTCG_034,165
TGGTGCCCAGAGCCTCGTCG_035,125
TGGTGCCCAGAGCCTCGTCG_036,9
TGGTGCCCAGAGCCTCGTCG_037,134
TGGTGCCCAGAGCCTCGTCG_038,170
TGGTGCCCAGAGCCTCGTCG_039,168
TGGTGCCCAGAGCCTCGTCG_040,62
ATATTAACAGTTCAGCAACA_001,163
ATATTAACAGTTCAGCAACA_002,125
ATATTAACAGTTCAGCAACA_003,56
TAGGTATCCATCAACAGTCA_001,20
TAGGTATCCATCAACAGTCA_002,130
ATGTCTTTAGTTGCCCCAGG_001,68
ATGTCTTTAGTTGCCCCAGG_002,2
ATGTCTTTAGTTGCCCCAGG_003,81
ATGTCTTTAGTTGCCCCAGG_004,199
ATGTCTTTAGTTGCCCCAGG_005,48
ATGTCTTTAGTTGCCCCAGG_006,111
ATGTCTTTAGTTGCCCCAGG_007,155
ATGTCTTTAGTTGCCCCAGG_008,119
AGAGTAGCTCCAATTCCGAT_001,77
AGAGTAGCTCCAATTCCGAT_002,30
AGAGTAGCTCCAATTCCGAT_003,75
AGAGTAGCTCCAATTCCGAT_004,95
AGAGTAGCTCCAATTCCGAT_005,162
AGAGTAGCTCCAATTCCGAT_006,23
AGAAGCGGAGGCTCTTAGAA_001,77
AGAAGCGGAGGCTCTTAGAA_002,121
AGAAGCGGAGGCTCTTAGAA_003,15
AGAAGCGGAGGCTCTTAGAA_004,50
AGAAGCGGAGGCTCTTAGAA_005,157
AGAAGCGGAGGCTCTTAGAA_006,9
ATGCCCGATTTCGGACGTAG_001,149
ATGCCCGATTTCGGACGTAG_002,184
ATGCCCGATTTCGGACGTAG_003,158
ATGCCCGATTTCGGACGTAG_004,190
ATGCCCGATTTCGGACGTAG_005,103
ATGCCCGATTTCGGACGTAG_006,35
ATGCCCGATTTCGGACGTAG_007,189
ATGCCCGATTTCGGACGTAG_008,115
ATGCCCGATTTCGGACGTAG_009,150
ATGCCCGATTTCGGACGTAG_010,130
ATGCCCGATTTCGGACGTAG_011,2
ATGCCCGATTTCGGACGTAG_012,61
ATGCCCGATTTCGGACGTAG_013,155
GGTAGCGCACGCAGTCTCGG_001,49
GGTAGCGCACGCAGTCTCGG_002,54
GGTAGCGCACGCAGTCTCGG_003,72
GGTAGCGCACGCAGTCTCGG_004,32
GGTAGCGCACGCAGTCTCGG_005,114
GGTAGCGCACGCAGTCTCGG_006,31
GGTAGCGCACGCAGTCTCGG_007,44
GGTAGCGCACGCAGTCTCGG_008,13
GGTAGCGCACGCAGTCTCGG_009,40
GGTAGCGCACGCAGTCTCGG_010,3
GGTAGCGCACGCAGTCTCGG_011,14
GGTAGCGCACGCAGTCTCGG_012,175
GGTAGCGCACGCAGTCTCGG_013,17
GGTAGCGCACGCAGTCTCGG_014,53
GGTAGCGCACGCAGTCTCGG_015,16
GGTAGCGCACGCAGTCTCGG_016,77
GGTAGCGCACGCAGTCTCGG_017,65
GGTAGCGCACGCAGTCTCGG_018,179
GGTAGCGCACGCAGTCTCGG_019,60
TCACATTTAGTATCCAGCAG_001,21
TCACATTTAGTATCCAGCAG_002,135
TCACATTTAGTATCCAGCAG_003,38
TCACATTTAGTATCCAGCAG_004,197
TCACATTTAGTATCCAGCAG_005,120
TCACATTTAGTATCCAGCAG_006,11
TCACATTTAGTATCCAGCAG_007,164
TCACATTTAGTATCCAGCAG_008,57
TCACATTTAGTATCCAGCAG_009,107
TCACATTTAGTATCCAGCAG_010,24
TCACATTTAGTATCCAGCAG_011,137
AAAGTACAATCGGAGATATG_001,59
AAAGTACAATCGGAGATATG_002,30
AAAGTACAATCGGAGATATG_003,1
AAAGTACAATCGGAGATATG_004,58
AAAGTACAATCGGAGATATG_005,36
AAAGTACAATCGGAGATATG_006,147
AAAGTACAATCGGAGATATG_007,98
AAAGTACAATCGGAGATATG_008,149
AAAGTACAATCGGAGATATG_009,134
AAAGTACAATCGGAGATATG_010,59
TGCAAACCGAATTCTGACAA_001,168
CATATCACCCCAACATACTG_001,142
CATATCACCCCAACATACTG_002,14
CATATCACCCCAACATACTG_003,9
CATATCACCCCAACATACTG_004,1
CATATCACCCCAACATACTG_005,89
CATATCACCCCAACATACTG_006,154
CATATCACCCCAACATACTG_007,34
CATATCACCCCAACATACTG_008,98
CATATCACCCCAACATACTG_009,41
CATATCACCCCAACATACTG_010,107
CATATCACCCCAACATACTG_011,94
CATATCACCCCAACATACTG_012,77
CATATCACCCCAACATACTG_013,48
CATATCACCCCAACATACTG_014,34
CATATCACCCCAACATACTG_015,89
CATATCACCCCAACATACTG_016,188
CATATCACCCCAACATACTG_017,0
GCGGTGTATACATAATAGCA_001,55
GCGGTGTATACATAATAGCA_002,84
GCGGTGTATACATAATAGCA_003,178
GCGGTGTATACATAATAGCA_004,114
GCGGTGTATACATAATAGCA_005,190
CTACCCCGACATCTACACTC_001,193
CTACCCCGACATCTACACTC_002,169
CTACCCCGACATCTACACTC_003,90
CTACCCCGACATCTACACTC_004,96
CTACCCCGACATCTACACTC_005,194
CTACCCCGACATCTACACTC_006,140
CTACCCCGACATCTACACTC_007,198
GGATATCCAGAATCACGTAG_001,19
GGATATCCAGAATCACGTAG_002,158
GGATATCCAGAATCACGTAG_003,107
GGATATCCAGAATCACGTAG_004,125
GGTGGTTAGAGAATCAGGTA_001,144
GGTGGTTAGAGAATCAGGTA_002,41
GGTGGTTAGAGAATCAGGTA_003,116
GGTGGTTAGAGAATCAGGTA_004,15
GGTGGTTAGAGAATCAGGTA_005,48
GGTGGTTAGAGAATCAGGTA_006,162
GGTGGTTAGAGAATCAGGTA_007,23
GGTGGTTAGAGAATCAGGTA_008,82
GGTGGTTAGAGAATCAGGTA_009,70
GTCCTGTAAGTCGTTAAACG_001,60
GTCCTGTAAGTCGTTAAACG_002,154
GTCCTGTAAGTCGTTAAACG_003,17
GTCCTGTAAGTCGTTAAACG_004,49
GTCCTGTAAGTCGTTAAACG_005,92
GTCCTGTAAGTCGTTAAACG_006,42
GTCCTGTAAGTCGTTAAACG_007,54
GTCCTGTAAGTCGTTAAACG_008,3
GTCCTGTAAGTCGTTAAACG_009,16
GTCCTGTAAGTCGTTAAACG_010,105
GTCCTGTAAGTCGTTAAACG_011,86
TATGGGCCTAAGAACAATCC_001,113
TATGGGCCTAAGAACAATCC_002,36
TATGGGCCTAAGAACAATCC_003,132
CCACGCACTGAAGAACGGTG_001,198
CCACGCACTGAAGAACGGTG_002,85
CCACGCACTGAAGAACGGTG_003,38
CCACGCACTGAAGAACGGTG_004,76
CCACGCACTGAAGAACGGTG_005,88
CCACGCACTGAAGAACGGTG_006,94
CCACGCACTGAAGAACGGTG_007,61
CCACGCACTGAAGAACGGTG_008,172
TCCAGAACATCACTCAAGTG_001,88
TGGAGCAGATGCTTCAGCTA_001,102
TGGAGCAGATGCTTCAGCTA_002,134
TGGAGCAGATGCTTCAGCTA_003,36
TGGAGCAGATGCTTCAGCTA_004,110
TGGAGCAGATGCTTCAGCTA_005,170
TGGAGCAGATGCTTCAGCTA_006,172
TGGAGCAGATGCTTCAGCTA_007,162
TGGAGCAGATGCTTCAGCTA_008,171
TGGAGCAGATGCTTCAGCTA_009,122
TGGAGCAGATGCTTCAGCTA_010,138
TGGAGCAGATGCTTCAGCTA_011,158
TGGAGCAGATGCTTCAGCTA_012,67
TGGAGCAGATGCTTCAGCTA_013,130
TGGAGCAGATGCTTCAGCTA_014,141
TGGAGCAGATGCTTCAGCTA_015,12
TGGAGCAGATGCTTCAGCTA_016,116
TGGAGCAGATGCTTCAGCTA_017,180
CTTCCCAGGCAGTACCACTG_001,9
CTTCCCAGGCAGTACCACTG_002,59
CTTCCCAGGCAGTACCACTG_003,12
CTTCCCAGGCAGTACCACTG_004,177
CTTCCCAGGCAGTACCACTG_005,197
CTTCCCAGGCAGTACCACTG_006,166
CTTCCCAGGCAGTACCACTG_007,171
CTTCCCAGGCAGTACCACTG_008,141
CTTCCCAGGCAGTACCACTG_009,37
CTTCCCAGGCAGTACCACTG_010,127
CTTCCCAGGCAGTACCACTG_011,169
GAACTCCATGAAGCACCGTA_001,16
GAACTCCATGAAGCACCGTA_002,145
GAACTCCATGAAGCACCGTA_003,168
GAACTCCATGAAGCACCGTA_004,162
GAACTCCATGAAGCACCGTA_005,176
GAACTCCATGAAGCACCGTA_006,17
GAACTCCATGAAGCACCGTA_007,146
GAACTCCATGAAGCACCGTA_008,175
GAACTCCATGAAGCACCGTA_009,43
GAACTCCATGAAGCACCGTA_010,175
GAACTCCATGAAGCACCGTA_011,78
GAACTCCATGAAGCACCGTA_012,158
GAACTCCATGAAGCACCGTA_013,198
GAACTCCATGAAGCACCGTA_014,196
GAACTCCATGAAGCACCGTA_015,80
GAACTCCATGAAGCACCGTA_016,158
GAACTCCATGAAGCACCGTA_017,9
GAACTCCATGAAGCACCGTA_018,182
GAACTCCATGAAGCACCGTA_019,69
GAACTCCATGAAGCACCGTA_020,119
GAACTCCATGAAGCACCGTA_021,121
GAACTCCATGAAGCACCGTA_022,133
GAACTCCATGAAGCACCGTA_023,58
GAACTCCATGAAGCACCGTA_024,105
GAACTCCATGAAGCACCGTA_025,52
GAACTCCATGAAGCACCGTA_026,31
GAACTCCATGAAGCACCGTA_027,168
GAACTCCATGAAGCACCGTA_028,166
GAACTCCATGAAGCACCGTA_029,47
GAACTCCATGAAGCACCGTA_030,108
GAACTCCATGAAGCACCGTA_031,84
CGGGAATCAGAACGGCGCCG_001,127
CGGGAATCAGAACGGCGCCG_002,124
CGGGAATCAGAACGGCGCCG_003,17
CGGGAATCAGAACGGCGCCG_004,41
CGGGAATCAGAACGGCGCCG_005,195
CGGGAATCAGAACGGCGCCG_006,159
CGGGAATCAGAACGGCGCCG_007,31
CGGGAATCAGAACGGCGCCG_008,118
CGGGAATCAGAACGGCGCCG_009,60
CGGGAATCAGAACGGCGCCG_010,60
CGGGAATCAGAACGGCGCCG_011,160
CGGGAATCAGAACGGCGCCG_012,22
CGGGAATCAGAACGGCGCCG_013,29
CGGGAATCAGAACGGCGCCG_014,24
CGGGAATCAGAACGGCGCCG_015,6
CGGGAATCAGAACGGCGCCG_016,166
ACAGCGAGTATGTGATGTCG_001,47
ACAGCGAGTATGTGATGTCG_002,59
ACAGCGAGTATGTGATGTCG_003,121
ACAGCGAGTATGTGATGTCG_004,9
ACAGCGAGTATGTGATGTCG_005,190
ACAGCGAGTATGTGATGTCG_006,193
ACAGCGAGTATGTGATGTCG_007,154
ACAGCGAGTATGTGATGTCG_008,35
ACAGCGAGTATGTGATGTCG_009,31
ACAGCGAGTATGTGATGTCG_010,104
ACAGCGAGTATGTGATGTCG_011,19
ACAGCGAGTATGTGATGTCG_012,188
ATGATCAGTACGTGAAGACG_001,180
ATGATCAGTACGTGAAGACG_002,178
ATGATCAGTACGTGAAGACG_003,170
ATGATCAGTACGTGAAGACG_004,6
CTGTAGGCTCATTTGCAGGG_001,60
GCGGTGCGCCGGACCCACGC_001,33
GCGGTGCGCCGGACCCACGC_002,178
GCGGTGCGCCGGACCCACGC_003,23
GCGGTGCGCCGGACCCACGC_004,104
GCGGTGCGCCGGACCCACGC_005,5
GCGGTGCGCCGGACCCACGC_006,70
GCGGTGCGCCGGACCCACGC_007,9
GCGGTGCGCCGGACCCACGC_008,115
GCGGTGCGCCGGACCCACGC_009,147
GCGGTGCGCCGGACCCACGC_010,43
GCGGTGCGCCGGACCCACGC_011,159
GCGGTGCGCCGGACCCACGC_012,108
GCGGTGCGCCGGACCCACGC_013,6
GCGGTGCGCCGGACCCACGC_014,91
GCGGTGCGCCGGACCCACGC_015,52
GCGGTGCGCCGGACCCACGC_016,145
GCGGTGCGCCGGACCCACGC_017,66
CCCACCCAGGCATGTCAGAG_001,6
CCCACCCAGGCATGTCAGAG_002,11
CCCACCCAGGCATGTCAGAG_003,176
CCCACCCAGGCATGTCAGAG_004,97
CCCACCCAGGCATGTCAGAG_005,166
CCCACCCAGGCATGTCAGAG_006,50
CCCACCCAGGCATGTCAGAG_007,187
CCCACCCAGGCATGTCAGAG_008,65
CCCACCCAGGCATGTCAGAG_009,34
CCCACCCAGGCATGTCAGAG_010,49
CCCACCCAGGCATGTCAGAG_011,60
CCCACCCAGGCATGTCAGAG_012,61
CCCACCCAGGCATGTCAGAG_013,29
CCCACCCAGGCATGTCAGAG_014,29
CCCACCCAGGCATGTCAGAG_015,121
CCCACCCAGGCATGTCAGAG_016,35
CCCACCCAGGCATGTCAGAG_017,43
CCCACCCAGGCATGTCAGAG_018,97
CCCACCCAGGCATGTCAGAG_019,97
CTCTTCTGGGATGAGATGCG_001,24
CTCTTCTGGGATGAGATGCG_002,104
CTCTTCTGGGATGAGATGCG_003,63
CTCTTCTGGGATGAGATGCG_004,63
CTCTTCTGGGATGAGATGCG_005,172
GGACAGAGGAAAAATTGGCA_001,62
GGACAGAGGAAAAATTGGCA_002,62
GGACAGAGGAAAAATTGGCA_003,65
GGACAGAGGAAAAATTGGCA_004,62
GGACAGAGGAAAAATTGGCA_005,105
GGACAGAGGAAAAATTGGCA_006,65
GGACAGAGGAAAAATTGGCA_007,50
GGACAGAGGAAAAATTGGCA_008,174
TAAATCCTGAGCTGAGCTGA_001,138
TAAATCCTGAGCTGAGCTGA_002,31
TAAATCCTGAGCTGAGCTGA_003,195
TAAATCCTGAGCTGAGCTGA_004,61
TAAATCCTGAGCTGAGCTGA_005,54
TTCAAAAAAGCTGCTCAGCG_001,94
TTCAAAAAAGCTGCTCAGCG_002,146
TTCAAAAAAGCTGCTCAGCG_003,41
TTCAAAAAAGCTGCTCAGCG_004,15
TTCAAAAAAGCTGCTCAGCG_005,77
TTCAAAAAAGCTGCTCAGCG_006,50
TTCAAAAAAGCTGCTCAGCG_007,106
TTCAAAAAAGCTGCTCAGCG_008,56
TTCAAAAAAGCTGCTCAGCG_009,11
TTCAAAAAAGCTGCTCAGCG_010,63
TTCAAAAAAGCTGCTCAGCG_011,68
TTCAAAAAAGCTGCTCAGCG_012,16
ATTCTGCACATGGCATGAGA_001,130
ATTCTGCACATGGCATGAGA_002,102
ATTCTGCACATGGCATGAGA_003,188
ATTCTGCACATGGCATGAGA_004,114
ATTCTGCACATGGCATGAGA_005,105
ATTCTGCACATGGCATGAGA_006,176
ATTCTGCACATGGCATGAGA_007,27
TTCACCCTTCAGTCTCACAC_001,94
TTCACCCTTCAGTCTCACAC_002,163
TTCACCCTTCAGTCTCACAC_003,92
TTCACCCTTCAGTCTCACAC_004,149
TTCACCCTTCAGTCTCACAC_005,94
TTCACCCTTCAGTCTCACAC_006,49
TTCACCCTTCAGTCTCACAC_007,22
TTCACCCTTCAGTCTCACAC_008,149
TTCACCCTTCAGTCTCACAC_009,61
TTCACCCTTCAGTCTCACAC_010,102
CCTCAGTTGGCAAGGTACCT_001,183
CCTCAGTTGGCAAGGTACCT_002,42
CCTCAGTTGGCAAGGTACCT_003,72
CCTCAGTTGGCAAGGTACCT_004,147
CCTCAGTTGGCAAGGTACCT_005,125
CCTCAGTTGGCAAGGTACCT_006,97
CCTCAGTTGGCAAGGTACCT_007,149
CCTCAGTTGGCAAGGTACCT_008,15
CCTCAGTTGGCAAGGTACCT_009,28
CCTCAGTTGGCAAGGTACCT_010,145
CCTCAGTTGGCAAGGTACCT_011,173
CCTCAGTTGGCAAGGTACCT_012,15
CCTCAGTTGGCAAGGTACCT_013,70
CCTCAGTTGGCAAGGTACCT_014,41
CCTCAGTTGGCAAGGTACCT_015,41
CCTCAGTTGGCAAGGTACCT_016,82
CCTCAGTTGGCAAGGTACCT_017,48
CCTCAGTTGGCAAGGTACCT_018,49
CCTCAGTTGGCAAGGTACCT_019,138
CCTCAGTTGGCAAGGTACCT_020,104
CCTCAGTTGGCAAGGTACCT_021,135
CCTCAGTTGGCAAGGTACCT_022,106
CCTCAGTTGGCAAGGTACCT_023,0
CCTCAGTTGGCAAGGTACCT_024,15
CCTCAGTTGGCAAGGTACCT_025,66
GACCGCAACCTATACCGCTG_001,130
GACCGCAACCTATACCGCTG_002,169
GACCGCAACCTATACCGCTG_003,79
GACCGCAACCTATACCGCTG_004,172
GACCGCAACCTATACCGCTG_005,12
GACCGCAACCTATACCGCTG_006,183
GACCGCAACCTATACCGCTG_007,107
GACCGCAACCTATACCGCTG_008,77
GACCGCAACCTATACCGCTG_009,70
GACCGCAACCTATACCGCTG_010,10
GACCGCAACCTATACCGCTG_011,49
GATCCTACAGAAATACGCAC_001,169
GATCCTACAGAAATACGCAC_002,163
GATCCTACAGAAATACGCAC_003,127
GATCCTACAGAAATACGCAC_004,192
GATCCTACAGAAATACGCAC_005,76
GATCCTACAGAAATACGCAC_006,88
GATCCTACAGAAATACGCAC_007,145
GATCCTACAGAAATACGCAC_008,57
GATCCTACAGAAATACGCAC_009,46
GATCCTACAGAAATACGCAC_010,136
GATCCTACAGAAATACGCAC_011,3
AGTCTGTAGACTCCAACAGA_001,94
AGTCTGTAGACTCCAACAGA_002,106
AGTCTGTAGACTCCAACAGA_003,184
AGTCTGTAGACTCCAACAGA_004,50
AGTCTGTAGACTCCAACAGA_005,127
AGTCTGTAGACTCCAACAGA_006,146
AGTCTGTAGACTCCAACAGA_007,163
CAGGATCTGAGGCAATTCTG_001,145
CAGGATCTGAGGCAATTCTG_002,199
CAGGATCTGAGGCAATTCTG_003,8
CAGGATCTGAGGCAATTCTG_004,85
CAGGATCTGAGGCAATTCTG_005,86
CAGGATCTGAGGCAATTCTG_006,11
CAGGATCTGAGGCAATTCTG_007,68
CAGGATCTGAGGCAATTCTG_008,186
CAGGATCTGAGGCAATTCTG_009,60
CAGGATCTGAGGCAATTCTG_010,98
CAGGATCTGAGGCAATTCTG_011,55
CAGGATCTGAGGCAATTCTG_012,145
CTGATACTTACATCAACCAG_001,44
CTGATACTTACATCAACCAG_002,130
CTGATACTTACATCAACCAG_003,106
CTGATACTTACATCAACCAG_004,22
CTGATACTTACATCAACCAG_005,169
CTGATACTTACATCAACCAG_006,188
CTGATACTTACATCAACCAG_007,116
CTGATACTTACATCAACCAG_008,161
CTGATACTTACATCAACCAG_009,198
CTGATACTTACATCAACCAG_010,83
CTGATACTTACATCAACCAG_011,63
CTGATACTTACATCAACCAG_012,44
CTGATACTTACATCAACCAG_013,77
TTTGACCAAAATCTAAACTG_001,130
TTTGACCAAAATCTAAACTG_002,52
TTTGACCAAAATCTAAACTG_003,123
TTTGACCAAAATCTAAACTG_004,148
TTTGACCAAAATCTAAACTG_005,52
TTTGACCAAAATCTAAACTG_006,174
TTTGACCAAAATCTAAACTG_007,165
TTTGACCAAAATCTAAACTG_008,13
TTTGACCAAAATCTAAACTG_009,138
TTTGACCAAAATCTAAACTG_010,103
CAGCTTCACCCAAGGTACCA_001,29
CAGCTTCACCCAAGGTACCA_002,53
CAGCTTCACCCAAGGTACCA_003,138
CAGCTTCACCCAAGGTACCA_004,170
CAGCTTCACCCAAGGTACCA_005,70
CAGCTTCACCCAAGGTACCA_006,88
CAGCTTCACCCAAGGTACCA_007,29
CAGCTTCACCCAAGGTACCA_008,12
CAGCTTCACCCAAGGTACCA_009,96
CAGCTTCACCCAAGGTACCA_010,52
CAGCTTCACCCAAGGTACCA_011,26
CAGCTTCACCCAAGGTACCA_012,130
CAGCTTCACCCAAGGTACCA_013,57
CAGCTTCACCCAAGGTACCA_014,115
CAGCTTCACCCAAGGTACCA_015,162
CAGCTTCACCCAAGGTACCA_016,60
CAGCTTCACCCAAGGTACCA_017,41
GCTGAAGGTGAGCATACTGT_001,48
GCTGAAGGTGAGCATACTGT_002,78
GCTGAAGGTGAGCATACTGT_003,130
GCTGAAGGTGAGCATACTGT_004,129
GCTGAAGGTGAGCATACTGT_005,176
GCTGAAGGTGAGCATACTGT_006,98
CTTGACCTTGACGTAGACCG_001,181
CTTGACCTTGACGTAGACCG_002,169
CTTGACCTTGACGTAGACCG_003,145
CTTGACCTTGACGTAGACCG_004,35
CTTGACCTTGACGTAGACCG_005,81
CTTGACCTTGACGTAGACCG_006,111
CTTGACCTTGACGTAGACCG_007,67
TGCCACTCAGAGCCCACGAG_001,15
TGCCACTCAGAGCCCACGAG_002,174
TGCCACTCAGAGCCCACGAG_003,169
TGCCACTCAGAGCCCACGAG_004,75
TGCCACTCAGAGCCCACGAG_005,124
TGCCACTCAGAGCCCACGAG_006,19
TGCCACTCAGAGCCCACGAG_007,151
TGCCACTCAGAGCCCACGAG_008,113
TGCCACTCAGAGCCCACGAG_009,42
TGCCACTCAGAGCCCACGAG_010,98
TGCCACTCAGAGCCCACGAG_011,58
TGCCACTCAGAGCCCACGAG_012,172
TGCCACTCAGAGCCCACGAG_013,2
TGCCACTCAGAGCCCACGAG_014,62
TGCCACTCAGAGCCCACGAG_015,168
TGCCACTCAGAGCCCACGAG_016,127
TGCCACTCAGAGCCCACGAG_017,15
TGCCACTCAGAGCCCACGAG_018,11
TGCCACTCAGAGCCCACGAG_019,12
TGCCACTCAGAGCCCACGAG_020,23
TGCCACTCAGAGCCCACGAG_021,50
TGCCACTCAGAGCCCACGAG_022,6
TGCCACTCAGAGCCCACGAG_023,80
TGCCACTCAGAGCCCACGAG_024,189
TGCCACTCAGAGCCCACGAG_025,1
TGCCACTCAGAGCCCACGAG_026,1
TGCCACTCAGAGCCCACGAG_027,88
TGCCACTCAGAGCCCACGAG_028,157
TGCCACTCAGAGCCCACGAG_029,120
TGCCACTCAGAGCCCACGAG_030,98
TGCCACTCAGAGCCCACGAG_031,55
TGCCACTCAGAGCCCACGAG_032,18
TGCCACTCAGAGCCCACGAG_033,199
TGCCACTCAGAGCCCACGAG_034,28
TGCCACTCAGAGCCCACGAG_035,97
TGCCACTCAGAGCCCACGAG_036,3
TGCCACTCAGAGCCCACGAG_037,43
TGCCACTCAGAGCCCACGAG_038,153
TGCCACTCAGAGCCCACGAG_039,9
TGCCACTCAGAGCCCACGAG_040,61
ACAAACGCATCGGCTGCCCA_001,79
ACAAACGCATCGGCTGCCCA_002,127
ACAAACGCATCGGCTGCCCA_003,28
ACAAACGCATCGGCTGCCCA_004,74
ACAAACGCATCGGCTGCCCA_005,2
ACAAACGCATCGGCTGCCCA_006,47
ACAAACGCATCGGCTGCCCA_007,148
ACAAACGCATCGGCTGCCCA_008,103
ACAAACGCATCGGCTGCCCA_009,115
TAAAATAGGACTGGTAACTG_001,84
TAAAATAGGACTGGTAACTG_002,33
TAAAATAGGACTGGTAACTG_003,137
TAAAATAGGACTGGTAACTG_004,9
AACCCGCAAATAGGACCACC_001,160
AACCCGCAAATAGGACCACC_002,145
CACTCCTACCCATAGTACTG_001,58
CACTCCTACCCATAGTACTG_002,77
CTGAGCGAGACCCGCCAATG_001,5
CTGAGCGAGACCCGCCAATG_002,16
CTGAGCGAGACCCGCCAATG_003,151
CTGAGCGAGACCCGCCAATG_004,142
CTGAGCGAGACCCGCCAATG_005,58
CTGAGCGAGACCCGCCAATG_006,17
CTGAGCGAGACCCGCCAATG_007,165
CTGAGCGAGACCCGCCAATG_008,34
CTGAGCGAGACCCGCCAATG_009,81
CTGAGCGAGACCCGCCAATG_010,12
CTGAGCGAGACCCGCCAATG_011,41
AGTGATCTATAAGCCAATTG_001,36
GGGGCTCTCAGAGCGCCAGA_001,184
GGGGCTCTCAGAGCGCCAGA_002,175
GGGGCTCTCAGAGCGCCAGA_003,59
GGGGCTCTCAGAGCGCCAGA_004,100
GGGGCTCTCAGAGCGCCAGA_005,179
GGGGCTCTCAGAGCGCCAGA_006,50
GGGGCTCTCAGAGCGCCAGA_007,7
GGGGCTCTCAGAGCGCCAGA_008,175
GGGGCTCTCAGAGCGCCAGA_009,7
GGGGCTCTCAGAGCGCCAGA_010,35
GGGGCTCTCAGAGCGCCAGA_011,30
GGGGCTCTCAGAGCGCCAGA_012,178
AGAAGAAGCATGATACGCAT_001,172
AGAAGAAGCATGATACGCAT_002,145
AGAAGAAGCATGATACGCAT_003,175
AGAAGAAGCATGATACGCAT_004,58
GCCGAGACTCCATCCCAACA_001,166
GCCGAGACTCCATCCCAACA_002,133
GCCGAGACTCCATCCCAACA_003,60
GCCGAGACTCCATCCCAACA_004,70
GCCGAGACTCCATCCCAACA_005,0
GCCGAGACTCCATCCCAACA_006,63
GCCGAGACTCCATCCCAACA_007,110
GCCGAGACTCCATCCCAACA_008,40
GCCGAGACTCCATCCCAACA_009,22
GCCGAGACTCCATCCCAACA_010,91
GCGGGCGACGACTACGTGCT_001,8
GCGGGCGACGACTACGTGCT_002,35
GCGGGCGACGACTACGTGCT_003,40
GCGGGCGACGACTACGTGCT_004,23
GCGGGCGACGACTACGTGCT_005,23
GCGGGCGACGACTACGTGCT_006,116
GCGGGCGACGACTACGTGCT_007,48
GCGGGCGACGACTACGTGCT_008,100
GCGGGCGACGACTACGTGCT_009,125
CTCCTACCCCAAGTGATCCC_001,68
CTCCTACCCCAAGTGATCCC_002,130
CTCCTACCCCAAGTGATCCC_003,3
GCGTCGACCATTTCCCCTTG_001,7
GCGTCGACCATTTCCCCTTG_002,85
GCGTCGACCATTTCCCCTTG_003,38
GCGTCGACCATTTCCCCTTG_004,150
GCGTCGACCATTTCCCCTTG_005,127
GCGTCGACCATTTCCCCTTG_006,32
GCGTCGACCATTTCCCCTTG_007,170
GCGTCGACCATTTCCCCTTG_008,154
GCGTCGACCATTTCCCCTTG_009,177
GCGTCGACCATTTCCCCTTG_010,143
GCGTCGACCATTTCCCCTTG_011,143
GCGTCGACCATTTCCCCTTG_012,69
GCGTCGACCATTTCCCCTTG_013,169
GCGTCGACCATTTCCCCTTG_014,88
GCGTCGACCATTTCCCCTTG_015,118
GCGTCGACCATTTCCCCTTG_016,62
GCGTCGACCATTTCCCCTTG_017,82
GCGTCGACCATTTCCCCTTG_018,198
GCGTCGACCATTTCCCCTTG_019,93
GCGTCGACCATTTCCCCTTG_020,38
GCGTCGACCATTTCCCCTTG_021,99
GCGTCGACCATTTCCCCTTG_022,148
GCGTCGACCATTTCCCCTTG_023,92
GCGTCGACCATTTCCCCTTG_024,75
GCGTCGACCATTTCCCCTTG_025,144
GCGTCGACCATTTCCCCTTG_026,130
GCGTCGACCATTTCCCCTTG_027,24
GCGTCGACCATTTCCCCTTG_028,149
GCGTCGACCATTTCCCCTTG_029,120
GCGTCGACCATTTCCCCTTG_030,191
GCGTCGACCATTTCCCCTTG_031,95
GCGTCGACCATTTCCCCTTG_032,159
GCGTCGACCATTTCCCCTTG_033,62
GCGTCGACCATTTCCCCTTG_034,107
GCGTCGACCATTTCCCCTTG_035,192
GCGTCGACCATTTCCCCTTG_036,88
GCGTCGACCATTTCCCCTTG_037,137
GCGTCGACCATTTCCCCTTG_038,191
GCGTCGACCATTTCCCCTTG_039,169
GCGTCGACCATTTCCCCTTG_040,63
GCGTCGACCATTTCCCCTTG_041,19
GCGTCGACCATTTCCCCTTG_042,177
GCGTCGACCATTTCCCCTTG_043,130
GCGTCGACCATTTCCCCTTG_044,1
GCGTCGACCATTTCCCCTTG_045,120
GCGGAGGCGGAGAAGCGAAG_001,107
GCGGAGGCGGAGAAGCGAAG_002,134
GCGGAGGCGGAGAAGCGAAG_003,99
ACTAACGGTTCCTCTCGGGA_001,88
ACTAACGGTTCCTCTCGGGA_002,137
ACTAACGGTTCCTCTCGGGA_003,159
ACTAACGGTTCCTCTCGGGA_004,157
ACTAACGGTTCCTCTCGGGA_005,50
ACTAACGGTTCCTCTCGGGA_006,50
ACTAACGGTTCCTCTCGGGA_007,116
ACTAACGGTTCCTCTCGGGA_008,151
ACTAACGGTTCCTCTCGGGA_009,8
ACTAACGGTTCCTCTCGGGA_010,102
GCAGAACGGAACGAGACAAG_001,147
GCAGAACGGAACGAGACAAG_002,56
GCAGAACGGAACGAGACAAG_003,78
GCAGAACGGAACGAGACAAG_004,181
GCAGAACGGAACGAGACAAG_005,137
GCAGAACGGAACGAGACAAG_006,54
GCAGAACGGAACGAGACAAG_007,76
TGGTGAGCATCAATCAATTG_001,147
TGGTGAGCATCAATCAATTG_002,137
TGGTGAGCATCAATCAATTG_003,98
TGGTGAGCATCAATCAATTG_004,158
TGGTGAGCATCAATCAATTG_005,197
TGGTGAGCATCAATCAATTG_006,25
TGGTGAGCATCAATCAATTG_007,40
TGGTGAGCATCAATCAATTG_008,96
TGGTGAGCATCAATCAATTG_009,17
CCACATGAGTGCGATCCTGG_001,147
CCACATGAGTGCGATCCTGG_002,48
CCACATGAGTGCGATCCTGG_003,76
CCACATGAGTGCGATCCTGG_004,71
CCACATGAGTGCGATCCTGG_005,16
CCACATGAGTGCGATCCTGG_006,148
CCACATGAGTGCGATCCTGG_007,179
CCACATGAGTGCGATCCTGG_008,170
CCACATGAGTGCGATCCTGG_009,96
CCACATGAGTGCGATCCTGG_010,135
CCACATGAGTGCGATCCTGG_011,144
CCACATGAGTGCGATCCTGG_012,39
CCACATGAGTGCGATCCTGG_013,137
CCACATGAGTGCGATCCTGG_014,24
CCACATGAGTGCGATCCTGG_015,122
CCACATGAGTGCGATCCTGG_016,180
CTGGGGTCTCCAGTTTACCG_001,25
CTGGGGTCTCCAGTTTACCG_002,170
CTGGGGTCTCCAGTTTACCG_003,182
CTGGGGTCTCCAGTTTACCG_004,16
CTGGGGTCTCCAGTTTACCG_005,16
CTGGGGTCTCCAGTTTACCG_006,198
CTGGGGTCTCCAGTTTACCG_007,77
CTGGGGTCTCCAGTTTACCG_008,56
CTGGGGTCTCCAGTTTACCG_009,85
CTGGGGTCTCCAGTTTACCG_010,94
CTGGGGTCTCCAGTTTACCG_011,41
CTGGGGTCTCCAGTTTACCG_012,4
CTGGGGTCTCCAGTTTACCG_013,57
CTGGGGTCTCCAGTTTACCG_014,102
CTGGGGTCTCCAGTTTACCG_015,102
CTGGGGTCTCCAGTTTACCG_016,138
CTGGGGTCTCCAGTTTACCG_017,138
CTGGGGTCTCCAGTTTACCG_018,121
TCACACGTTGGTCATCCATG_001,159
TCACACGTTGGTCATCCATG_002,49
TCACACGTTGGTCATCCATG_003,49
TCACACGTTGGTCATCCATG_004,148
TCACACGTTGGTCATCCATG_005,69
TCACACGTTGGTCATCCATG_006,88
TCACACGTTGGTCATCCATG_007,171
ATTGCTCCAGCATTTACCAT_001,77
ATTGCTCCAGCATTTACCAT_002,62
ATTGCTCCAGCATTTACCAT_003,56
ATTGCTCCAGCATTTACCAT_004,170
ATTGCTCCAGCATTTACCAT_005,32
ATTGCTCCAGCATTTACCAT_006,137
ATTGCTCCAGCATTTACCAT_007,191
ATTGCTCCAGCATTTACCAT_008,158
ATTGCTCCAGCATTTACCAT_009,117
ATTGCTCCAGCATTTACCAT_010,55
GCACCGTTACGAGGAGAGCG_001,160
GCACCGTTACGAGGAGAGCG_002,156
GCACCGTTACGAGGAGAGCG_003,90
GCACCGTTACGAGGAGAGCG_004,112
GCACCGTTACGAGGAGAGCG_005,120
GCACCGTTACGAGGAGAGCG_006,140
GCACCGTTACGAGGAGAGCG_007,21
GCACCGTTACGAGGAGAGCG_008,61
GCACCGTTACGAGGAGAGCG_009,56
GCACCGTTACGAGGAGAGCG_010,63
GCACCGTTACGAGGAGAGCG_011,199
GCACCGTTACGAGGAGAGCG_012,38
GCACCGTTACGAGGAGAGCG_013,188
GCACCGTTACGAGGAGAGCG_014,14
GCACCGTTACGAGGAGAGCG_015,56
GCACCGTTACGAGGAGAGCG_016,59
GCACCGTTACGAGGAGAGCG_017,118
TGAAGATGGTACGCAGGCAT_001,32
TGAAGATGGTACGCAGGCAT_002,104
TGAAGATGGTACGCAGGCAT_003,53
TGAAGATGGTACGCAGGCAT_004,51
TGAAGATGGTACGCAGGCAT_005,166
TGAAGATGGTACGCAGGCAT_006,117
TGAAGATGGTACGCAGGCAT_007,99
TGAAGATGGTACGCAGGCAT_008,89
TGAAGATGGTACGCAGGCAT_009,33
TGGTCGTGTCGAGTACAGAG_001,138
TGGTCGTGTCGAGTACAGAG_002,60
TGGTCGTGTCGAGTACAGAG_003,188
TGGTCGTGTCGAGTACAGAG_004,22
TGGTCGTGTCGAGTACAGAG_005,188
TGGTCGTGTCGAGTACAGAG_006,45
TGGTCGTGTCGAGTACAGAG_007,15
TGGTCGTGTCGAGTACAGAG_008,150
TGGTCGTGTCGAGTACAGAG_009,108
TGGTCGTGTCGAGTACAGAG_010,86
TGGTCGTGTCGAGTACAGAG_011,146
TGGTCGTGTCGAGTACAGAG_012,63
TGGTCGTGTCGAGTACAGAG_013,23
TGGTCGTGTCGAGTACAGAG_014,127
TGGTCGTGTCGAGTACAGAG_015,169
TGGTCGTGTCGAGTACAGAG_016,158
TGGTCGTGTCGAGTACAGAG_017,65
TGGTCGTGTCGAGTACAGAG_018,103
CCGCGGGACTATTTCGCCGA_001,165
CAGCAAGGATCAGTTTCCGG_001,171
CAGCAAGGATCAGTTTCCGG_002,69
CAGCAAGGATCAGTTTCCGG_003,157
CAGCAAGGATCAGTTTCCGG_004,71
CAGCAAGGATCAGTTTCCGG_005,147
CAGCAAGGATCAGTTTCCGG_006,141
CAGCAAGGATCAGTTTCCGG_007,133
CAGCAAGGATCAGTTTCCGG_008,155
CAGCAAGGATCAGTTTCCGG_009,171
CAGCAAGGATCAGTTTCCGG_010,52
CAGCAAGGATCAGTTTCCGG_011,158
CAGCAAGGATCAGTTTCCGG_012,189
CAGCAAGGATCAGTTTCCGG_013,83
CAGCAAGGATCAGTTTCCGG_014,161
CAGCAAGGATCAGTTTCCGG_015,178
CAGCAAGGATCAGTTTCCGG_016,155
GGCTTCGGTAGAGGAACCCG_001,152
GGCTTCGGTAGAGGAACCCG_002,149
GGCTTCGGTAGAGGAACCCG_003,103
GGCTTCGGTAGAGGAACCCG_004,113
CAAGCATCATCGTTGACCAG_001,139
CAAGCATCATCGTTGACCAG_002,180
CAAGCATCATCGTTGACCAG_003,182
CAAGCATCATCGTTGACCAG_004,69
CAAGCATCATCGTTGACCAG_005,67
CTCCCACGGCAGATACTATG_001,150
CTCCCACGGCAGATACTATG_002,4
CTCCCACGGCAGATACTATG_003,83
CTCCCACGGCAGATACTATG_004,128
CTCCCACGGCAGATACTATG_005,11
GGCGGCAGAAAATGAGCGCG_001,130
GGCGGCAGAAAATGAGCGCG_002,157
GGCGGCAGAAAATGAGCGCG_003,191
GGCGGCAGAAAATGAGCGCG_004,32
GGCGGCAGAAAATGAGCGCG_005,189
GGCGGCAGAAAATGAGCGCG_006,36
GGCGGCAGAAAATGAGCGCG_007,86
GGCGGCAGAAAATGAGCGCG_008,127
AAGCCCCATCGCTATCGGCC_001,42
AAGCCCCATCGCTATCGGCC_002,24
AAGCCCCATCGCTATCGGCC_003,94
AAGCCCCATCGCTATCGGCC_004,83
AAGCCCCATCGCTATCGGCC_005,148
AAGCCCCATCGCTATCGGCC_006,160
AAGCCCCATCGCTATCGGCC_007,1
AAGCCCCATCGCTATCGGCC_008,147
AAGCCCCATCGCTATCGGCC_009,86
ATAAGTGAAATTGATAAGGA_001,123
GTGAATGTGCTAATCCCATG_001,194
GTGAATGTGCTAATCCCATG_002,32
GTGAATGTGCTAATCCCATG_003,134
GTGAATGTGCTAATCCCATG_004,84
GTGAATGTGCTAATCCCATG_005,22
GTGAATGTGCTAATCCCATG_006,21
GTGAATGTGCTAATCCCATG_007,184
GTGAATGTGCTAATCCCATG_008,190
GTGAATGTGCTAATCCCATG_009,134
GTGAATGTGCTAATCCCATG_010,12
GTGAATGTGCTAATCCCATG_011,77
GTTCCTCAAGAAGACGCTGT_001,41
GTTCCTCAAGAAGACGCTGT_002,78
GTTCCTCAAGAAGACGCTGT_003,12
GTTCCTCAAGAAGACGCTGT_004,50
GTTCCTCAAGAAGACGCTGT_005,17
GTTCCTCAAGAAGACGCTGT_006,192
GTTCCTCAAGAAGACGCTGT_007,11
TGCTGGAATAGATACTATTG_001,17
TGCTGGAATAGATACTATTG_002,45
TGGCTGTGTAGCGGTATACC_001,132
TGGCTGTGTAGCGGTATACC_002,166
TGGCTGTGTAGCGGTATACC_003,49
TGGCTGTGTAGCGGTATACC_004,48
CAAATGCAATCAGCGTGCGG_001,92
CAAATGCAATCAGCGTGCGG_002,58
CAAATGCAATCAGCGTGCGG_003,2
CAAATGCAATCAGCGTGCGG_004,121
CAAATGCAATCAGCGTGCGG_005,109
CAAATGCAATCAGCGTGCGG_006,109
CAAATGCAATCAGCGTGCGG_007,107
CAAATGCAATCAGCGTGCGG_008,32
CAAATGCAATCAGCGTGCGG_009,107
CAAATGCAATCAGCGTGCGG_010,175
CAAATGCAATCAGCGTGCGG_011,34
CAAATGCAATCAGCGTGCGG_012,149
CAAATGCAATCAGCGTGCGG_013,157
CAAATGCAATCAGCGTGCGG_014,37
CAAATGCAATCAGCGTGCGG_015,43
CAAATGCAATCAGCGTGCGG_016,149
CAAATGCAATCAGCGTGCGG_017,148
CAGACCCAACCTCTCCCGAG_001,5
CAGACCCAACCTCTCCCGAG_002,5
CAGACCCAACCTCTCCCGAG_003,62
CAGACCCAACCTCTCCCGAG_004,193
CAGACCCAACCTCTCCCGAG_005,168
CAGACCCAACCTCTCCCGAG_006,92
CAGACCCAACCTCTCCCGAG_007,1
CAGACCCAACCTCTCCCGAG_008,56
CAGACCCAACCTCTCCCGAG_009,46
CAGACCCAACCTCTCCCGAG_010,116
CAAAGACAACACCTACAATG_001,157
CAAAGACAACACCTACAATG_002,75
CAAAGACAACACCTACAATG_003,104
CAAAGACAACACCTACAATG_004,137
CAAAGACAACACCTACAATG_005,45
CAAAGACAACACCTACAATG_006,187
CAAAGACAACACCTACAATG_007,17
CAAAGACAACACCTACAATG_008,7
CAAAGACAACACCTACAATG_009,27
CAAAGACAACACCTACAATG_010,149
CAAAGACAACACCTACAATG_011,13
CCATCGAAGAGATTTCCTCA_001,49
CCATCGAAGAGATTTCCTCA_002,15
CCATCGAAGAGATTTCCTCA_003,9
CCATCGAAGAGATTTCCTCA_004,106
CCATCGAAGAGATTTCCTCA_005,32
CCATCGAAGAGATTTCCTCA_006,9
CCATCGAAGAGATTTCCTCA_007,24
CTTTGATTCCATGTAGCTGT_001,183
CTTTGATTCCATGTAGCTGT_002,48
AGCGGTGCCTCACGCCAAAG_001,192
AGCGGTGCCTCACGCCAAAG_002,127
AGCGGTGCCTCACGCCAAAG_003,169
AGCGGTGCCTCACGCCAAAG_004,84
AGCGGTGCCTCACGCCAAAG_005,106
AGCGGTGCCTCACGCCAAAG_006,166
AGCGGTGCCTCACGCCAAAG_007,34
AGCGGTGCCTCACGCCAAAG_008,51
AGCGGTGCCTCACGCCAAAG_009,107
AGCGGTGCCTCACGCCAAAG_010,96
AGCGGTGCCTCACGCCAAAG_011,50
AGCGGTGCCTCACGCCAAAG_012,113
AGCGGTGCCTCACGCCAAAG_013,162
AGCGGTGCCTCACGCCAAAG_014,62
AGCGGTGCCTCACGCCAAAG_015,2
AGCGGTGCCTCACGCCAAAG_016,184
AGCGGTGCCTCACGCCAAAG_017,180
AGCGGTGCCTCACGCCAAAG_018,106
AGCGGTGCCTCACGCCAAAG_019,78
AGCGGTGCCTCACGCCAAAG_020,61
AGCGGTGCCTCACGCCAAAG_021,190
AGCGGTGCCTCACGCCAAAG_022,146
AGCGGTGCCTCACGCCAAAG_023,18
AGCGGTGCCTCACGCCAAAG_024,116
AGCGGTGCCTCACGCCAAAG_025,98
AGCGGTGCCTCACGCCAAAG_026,168
AGCGGTGCCTCACGCCAAAG_027,13
AGCGGTGCCTCACGCCAAAG_028,138
AGCGGTGCCTCACGCCAAAG_029,39
AGCGGTGCCTCACGCCAAAG_030,87
AGCGGTGCCTCACGCCAAAG_031,48
AGCGGTGCCTCACGCCAAAG_032,44
AGCGGTGCCTCACGCCAAAG_033,183
AGCGGTGCCTCACGCCAAAG_034,56
AGCGGTGCCTCACGCCAAAG_035,67
AGCGGTGCCTCACGCCAAAG_036,57
AGCGGTGCCTCACGCCAAAG_037,102
AGCGGTGCCTCACGCCAAAG_038,1
AGCGGTGCCTCACGCCAAAG_039,68
AGCGGTGCCTCACGCCAAAG_040,149
AGCGGTGCCTCACGCCAAAG_041,149
CTTCCATGTTCATAAGGACC_001,115
CTTCCATGTTCATAAGGACC_002,165
CTTCCATGTTCATAAGGACC_003,145
CTTCCATGTTCATAAGGACC_004,110
CTTCCATGTTCATAAGGACC_005,178
GCCTAGTGCCACGAAGACGT_001,23
GCCTAGTGCCACGAAGACGT_002,168
GCCTAGTGCCACGAAGACGT_003,20
GTTCACAGTATTGTACACAA_001,60
CCTCACTATCCAAGGACTGA_001,132
CCTCACTATCCAAGGACTGA_002,50
CTTTGCGTTTGAGCACAGTG_001,9
CTTTGCGTTTGAGCACAGTG_002,48
CTTTGCGTTTGAGCACAGTG_003,1
CTTTGCGTTTGAGCACAGTG_004,34
CTTTGCGTTTGAGCACAGTG_005,160
GATGGCCTTTGACCGATACG_001,36
GATGGCCTTTGACCGATACG_002,21
GATGGCCTTTGACCGATACG_003,50
GATGGCCTTTGACCGATACG_004,77
GTTTGTCGTACTTGAGACTG_001,153
GTTTGTCGTACTTGAGACTG_002,10
TGAAAAGCAGAATCACACTC_001,41
TGAAAAGCAGAATCACACTC_002,31
TGAAAAGCAGAATCACACTC_003,198
TGAAAAGCAGAATCACACTC_004,137
TGAAAAGCAGAATCACACTC_005,168
TGAAAAGCAGAATCACACTC_006,171
GGAAATGCTAGACCTACAGG_001,54
GGAAATGCTAGACCTACAGG_002,172
GGAAATGCTAGACCTACAGG_003,65
GGAAATGCTAGACCTACAGG_004,90
GGAAATGCTAGACCTACAGG_005,166
TTCTGTCTCGAACGGCCCAG_001,27
TTCTGTCTCGAACGGCCCAG_002,137
TTCTGTCTCGAACGGCCCAG_003,105
TTCTGTCTCGAACGGCCCAG_004,169
TTCTGTCTCGAACGGCCCAG_005,41
TTCTGTCTCGAACGGCCCAG_006,196
TTCTGTCTCGAACGGCCCAG_007,36
TTCTGTCTCGAACGGCCCAG_008,19
TTCTGTCTCGAACGGCCCAG_009,150
TTCTGTCTCGAACGGCCCAG_010,149
TTCTGTCTCGAACGGCCCAG_011,134
TTCTGTCTCGAACGGCCCAG_012,66
TTCTGTCTCGAACGGCCCAG_013,198
TTCTGTCTCGAACGGCCCAG_014,168
TTCTGTCTCGAACGGCCCAG_015,6
TTCTGTCTCGAACGGCCCAG_016,146
AGTGCAGGATGGCTGTAGAG_001,168
AGTGCAGGATGGCTGTAGAG_002,149
AGTGCAGGATGGCTGTAGAG_003,90
AGTGCAGGATGGCTGTAGAG_004,132
AGTGCAGGATGGCTGTAGAG_005,15
AGTGCAGGATGGCTGTAGAG_006,12
AGTGCAGGATGGCTGTAGAG_007,166
AGTGCAGGATGGCTGTAGAG_008,123
AGTGCAGGATGGCTGTAGAG_009,198
AGTGCAGGATGGCTGTAGAG_010,173
AGTGCAGGATGGCTGTAGAG_011,173
AGTGCAGGATGGCTGTAGAG_012,16
AGTGCAGGATGGCTGTAGAG_013,2
AGTGCAGGATGGCTGTAGAG_014,89
AGTGCAGGATGGCTGTAGAG_015,71
AGTGCAGGATGGCTGTAGAG_016,107
AGTGCAGGATGGCTGTAGAG_017,172
AGTGCAGGATGGCTGTAGAG_018,84
AGTGCAGGATGGCTGTAGAG_019,127
AGTGCAGGATGGCTGTAGAG_020,37
AGTGCAGGATGGCTGTAGAG_021,68
AGTGCAGGATGGCTGTAGAG_022,4
AGTGCAGGATGGCTGTAGAG_023,26
TCCCTTTGGTGAGACACACT_001,27
TCCCTTTGGTGAGACACACT_002,39
TCCCTTTGGTGAGACACACT_003,116
TCCCTTTGGTGAGACACACT_004,149
TCCCTTTGGTGAGACACACT_005,180
GCCAGAAGGACATGATAACG_001,76
GCCAGAAGGACATGATAACG_002,85
GCCAGAAGGACATGATAACG_003,148
GCCAGAAGGACATGATAACG_004,72
GCCAGAAGGACATGATAACG_005,48
GCCAGAAGGACATGATAACG_006,12
GCCAGAAGGACATGATAACG_007,76
GCCAGAAGGACATGATAACG_008,129
GCCAGAAGGACATGATAACG_009,165
GCCAGAAGGACATGATAACG_010,186
GCCAGAAGGACATGATAACG_011,124
GCCAGAAGGACATGATAACG_012,105
TTGCGGGAATACCCTCCGAA_001,127
TTGCGGGAATACCCTCCGAA_002,134
TTGCGGGAATACCCTCCGAA_003,6
TTGCGGGAATACCCTCCGAA_004,50
TTGCGGGAATACCCTCCGAA_005,149
TTGCGGGAATACCCTCCGAA_006,98
TTGCGGGAATACCCTCCGAA_007,158
TTGCGGGAATACCCTCCGAA_008,43
TTGCGGGAATACCCTCCGAA_009,106
TTGCGGGAATACCCTCCGAA_010,199
TTGCGGGAATACCCTCCGAA_011,199
TTGCGGGAATACCCTCCGAA_012,2
TTGCGGGAATACCCTCCGAA_013,41
ACCCATCTTACAGATGCAGG_001,166
ACCCATCTTACAGATGCAGG_002,160
ACCCATCTTACAGATGCAGG_003,177
ACCCATCTTACAGATGCAGG_004,50
ACCCATCTTACAGATGCAGG_005,51
ACCCATCTTACAGATGCAGG_006,93
ACCCATCTTACAGATGCAGG_007,13
ACCCATCTTACAGATGCAGG_008,155
GGAGAGAAAGCACTGAAAGG_001,105
GGAGAGAAAGCACTGAAAGG_002,37
GGAGAGAAAGCACTGAAAGG_003,130
GGAGAGAAAGCACTGAAAGG_004,111
GGAGAGAAAGCACTGAAAGG_005,99
AGTAATTGAGAGATACAAGG_001,102
AGTAATTGAGAGATACAAGG_002,60
AGTAATTGAGAGATACAAGG_003,186
AGTAATTGAGAGATACAAGG_004,55
AGTAATTGAGAGATACAAGG_005,33
AGTAATTGAGAGATACAAGG_006,2
AGTAATTGAGAGATACAAGG_007,197
AGTAATTGAGAGATACAAGG_008,158
AGTAATTGAGAGATACAAGG_009,61
AGTAATTGAGAGATACAAGG_010,38
AGTAATTGAGAGATACAAGG_011,142
AGTAATTGAGAGATACAAGG_012,137
GATCGCTGGAGAAAACGCGC_001,32
GATCGCTGGAGAAAACGCGC_002,158
GATCGCTGGAGAAAACGCGC_003,149
GATCGCTGGAGAAAACGCGC_004,99
GATCGCTGGAGAAAACGCGC_005,193
GATCGCTGGAGAAAACGCGC_006,42
GATCGCTGGAGAAAACGCGC_007,176
GATCGCTGGAGAAAACGCGC_008,2
GATCGCTGGAGAAAACGCGC_009,34
TCGCGCCAGGAGGCCGATGG_001,32
TCGCGCCAGGAGGCCGATGG_002,179
TCGCGCCAGGAGGCCGATGG_003,47
TCGCGCCAGGAGGCCGATGG_004,49
TCGCGCCAGGAGGCCGATGG_005,49
TCGCGCCAGGAGGCCGATGG_006,118
TCGCGCCAGGAGGCCGATGG_007,190
TCGCGCCAGGAGGCCGATGG_008,141
TCGCGCCAGGAGGCCGATGG_009,6
TCGCGCCAGGAGGCCGATGG_010,54
TCGCGCCAGGAGGCCGATGG_011,43
TCGCGCCAGGAGGCCGATGG_012,198
TCGCGCCAGGAGGCCGATGG_013,82
TCGCGCCAGGAGGCCGATGG_014,151
TCGCGCCAGGAGGCCGATGG_015,114
TCGCGCCAGGAGGCCGATGG_016,61
TCGCGCCAGGAGGCCGATGG_017,122
TCGCGCCAGGAGGCCGATGG_018,160
TCGCGCCAGGAGGCCGATGG_019,27
TCGCGCCAGGAGGCCGATGG_020,197
TCGCGCCAGGAGGCCGATGG_021,15
TCGCGCCAGGAGGCCGATGG_022,34
TCGCGCCAGGAGGCCGATGG_023,88
TCGCGCCAGGAGGCCGATGG_024,55
TCGCGCCAGGAGGCCGATGG_025,63
TCGCGCCAGGAGGCCGATGG_026,83
TCGCGCCAGGAGGCCGATGG_027,106
TCGCGCCAGGAGGCCGATGG_028,37
CTCTAGTGGAAGTTACCCTG_001,166
CTCTAGTGGAAGTTACCCTG_002,152
CTCTAGTGGAAGTTACCCTG_003,157
CTCTAGTGGAAGTTACCCTG_004,116
CTCTAGTGGAAGTTACCCTG_005,105
CTCTAGTGGAAGTTACCCTG_006,192
CTCTAGTGGAAGTTACCCTG_007,199
CTCTAGTGGAAGTTACCCTG_008,40
CTCTAGTGGAAGTTACCCTG_009,67
CTCTAGTGGAAGTTACCCTG_010,98
CTCTAGTGGAAGTTACCCTG_011,43
CTCTAGTGGAAGTTACCCTG_012,114
CTCTAGTGGAAGTTACCCTG_013,170
CTCTAGTGGAAGTTACCCTG_014,43
CTCTAGTGGAAGTTACCCTG_015,75
CTCTAGTGGAAGTTACCCTG_016,66
CTCTAGTGGAAGTTACCCTG_017,99
CTCTAGTGGAAGTTACCCTG_018,33
CTCTAGTGGAAGTTACCCTG_019,96
GCCCTGCCACTCAATCATGT_001,106
GCCCTGCCACTCAATCATGT_002,50
GCCCTGCCACTCAATCATGT_003,115
GCCCTGCCACTCAATCATGT_004,17
GCCCTGCCACTCAATCATGT_005,98
GCCCTGCCACTCAATCATGT_006,2
GCCCTGCCACTCAATCATGT_007,50
GCCCTGCCACTCAATCATGT_008,29
GCCCTGCCACTCAATCATGT_009,50
GCCCTGCCACTCAATCATGT_010,147
GCCCTGCCACTCAATCATGT_011,94
GCCCTGCCACTCAATCATGT_012,103
GCCCTGCCACTCAATCATGT_013,58
GCCCTGCCACTCAATCATGT_014,140
GCCCTGCCACTCAATCATGT_015,153
GCCCTGCCACTCAATCATGT_016,124
GCCCTGCCACTCAATCATGT_017,185
GCCCTGCCACTCAATCATGT_018,29
GCCCTGCCACTCAATCATGT_019,148
TGCTGGTGAATATACAGACT_001,191
TGCTGGTGAATATACAGACT_002,13
GGGAAGTTTGATGAAGACCG_001,179
GGGAAGTTTGATGAAGACCG_002,179
GGGAAGTTTGATGAAGACCG_003,88
GGGAAGTTTGATGAAGACCG_004,192
GGGAAGTTTGATGAAGACCG_005,115
GGGAAGTTTGATGAAGACCG_006,197
GGGAAGTTTGATGAAGACCG_007,199
GGGAAGTTTGATGAAGACCG_008,41
GGGAAGTTTGATGAAGACCG_009,2
GGGAAGTTTGATGAAGACCG_010,41
GGGAAGTTTGATGAAGACCG_011,41
GGGAAGTTTGATGAAGACCG_012,77
GGGAAGTTTGATGAAGACCG_013,78
GGGAAGTTTGATGAAGACCG_014,136
GGGAAGTTTGATGAAGACCG_015,138
GGGAAGTTTGATGAAGACCG_016,137
TGGAACATCACATCTCCCCT_001,107
TGGAACATCACATCTCCCCT_002,62
TGGAACATCACATCTCCCCT_003,160
TGGAACATCACATCTCCCCT_004,171
TGGAACATCACATCTCCCCT_005,81
TGGAACATCACATCTCCCCT_006,69
TGGAACATCACATCTCCCCT_007,23
TGGAACATCACATCTCCCCT_008,158
AGGTACTTGTGGGCCTTTCG_001,72
AGGTACTTGTGGGCCTTTCG_002,64
AGGTACTTGTGGGCCTTTCG_003,105
AGGTACTTGTGGGCCTTTCG_004,21
AGGTACTTGTGGGCCTTTCG_005,16
AGGTACTTGTGGGCCTTTCG_006,115
AGGTACTTGTGGGCCTTTCG_007,38
AGGTACTTGTGGGCCTTTCG_008,66
AGGTACTTGTGGGCCTTTCG_009,76
GCTCCAAGAATGATGAAGTG_001,85
GCTCCAAGAATGATGAAGTG_002,160
GCTCCAAGAATGATGAAGTG_003,78
GCTCCAAGAATGATGAAGTG_004,60
GCTCCAAGAATGATGAAGTG_005,148
GCTCCAAGAATGATGAAGTG_006,11
GCTCCAAGAATGATGAAGTG_007,166
GCTCCAAGAATGATGAAGTG_008,181
GCTCCAAGAATGATGAAGTG_009,52
GGAATCACTCACCGTATACA_001,86
GGAATCACTCACCGTATACA_002,57
GGAATCACTCACCGTATACA_003,2
GGGACATGAAAAGCTTCCCA_001,19
GGGACATGAAAAGCTTCCCA_002,19
GGGACATGAAAAGCTTCCCA_003,45
GGGACATGAAAAGCTTCCCA_004,9
GGGACATGAAAAGCTTCCCA_005,166
GGGACATGAAAAGCTTCCCA_006,33
GGGACATGAAAAGCTTCCCA_007,14
GGGACATGAAAAGCTTCCCA_008,105
GTCCAGCGACTACCTGACCA_001,129
GTCCAGCGACTACCTGACCA_002,153
GTCCAGCGACTACCTGACCA_003,103
GTCCAGCGACTACCTGACCA_004,61
GTCCAGCGACTACCTGACCA_005,159
GTCCAGCGACTACCTGACCA_006,121
GTCCAGCGACTACCTGACCA_007,186
GTCCAGCGACTACCTGACCA_008,117
GTCCAGCGACTACCTGACCA_009,30
GTCCAGCGACTACCTGACCA_010,119
GTCCAGCGACTACCTGACCA_011,59
GTCCAGCGACTACCTGACCA_012,76
GTCCAGCGACTACCTGACCA_013,12
GTCCAGCGACTACCTGACCA_014,107
ATTATTCGTGCTATAAACAC_001,122
ATTATTCGTGCTATAAACAC_002,114
ATTATTCGTGCTATAAACAC_003,50
ATTATTCGTGCTATAAACAC_004,170
GTGTTCCAGATGGACTGCCA_001,15
GTGTTCCAGATGGACTGCCA_002,106
GTGTTCCAGATGGACTGCCA_003,68
GTGTTCCAGATGGACTGCCA_004,136
GTGTTCCAGATGGACTGCCA_005,159
GTGTTCCAGATGGACTGCCA_006,137
GTGTTCCAGATGGACTGCCA_007,81
GTGTTCCAGATGGACTGCCA_008,68
GTGTTCCAGATGGACTGCCA_009,8
GTGTTCCAGATGGACTGCCA_010,52
GTGTTCCAGATGGACTGCCA_011,83
CTCACAGAGGTACACGCCCG_001,158
CTCACAGAGGTACACGCCCG_002,48
CTCACAGAGGTACACGCCCG_003,120
CTCACAGAGGTACACGCCCG_004,150
CTCACAGAGGTACACGCCCG_005,63
CTCACAGAGGTACACGCCCG_006,19
CTCACAGAGGTACACGCCCG_007,172
CTCACAGAGGTACACGCCCG_008,137
CTCACAGAGGTACACGCCCG_009,63
CTCACAGAGGTACACGCCCG_010,22
CTCACAGAGGTACACGCCCG_011,158
CTCACAGAGGTACACGCCCG_012,83
CTCACAGAGGTACACGCCCG_013,99
CTCACAGAGGTACACGCCCG_014,69
TTCAACAATCTCAAGCAGTA_001,120
TTCAACAATCTCAAGCAGTA_002,110
TTCAACAATCTCAAGCAGTA_003,159
TTCAACAATCTCAAGCAGTA_004,82
TTCAACAATCTCAAGCAGTA_005,13
AGGTACCATTAGCAGACGAA_001,1
AGGTACCATTAGCAGACGAA_002,29
AGGTACCATTAGCAGACGAA_003,113
AGGTACCATTAGCAGACGAA_004,191
AGGTACCATTAGCAGACGAA_005,6
AGGTACCATTAGCAGACGAA_006,115
AGGTACCATTAGCAGACGAA_007,183
AGGTACCATTAGCAGACGAA_008,42
AGGTACCATTAGCAGACGAA_009,78
AGGTACCATTAGCAGACGAA_010,2
AGGTACCATTAGCAGACGAA_011,38
AGGTACCATTAGCAGACGAA_012,85
AGGTACCATTAGCAGACGAA_013,169
AGGTACCATTAGCAGACGAA_014,105
AGGTACCATTAGCAGACGAA_015,22
AGGTACCATTAGCAGACGAA_016,52
AGGTACCATTAGCAGACGAA_017,28
AGGTACCATTAGCAGACGAA_018,152
AGGTACCATTAGCAGACGAA_019,87
AGGTACCATTAGCAGACGAA_020,40
AATTGTCGATACTTCACCGA_001,88
ATACTCACAGCACACCAGTG_001,8
ATACTCACAGCACACCAGTG_002,147
ATACTCACAGCACACCAGTG_003,148
ATACTCACAGCACACCAGTG_004,148
ATACTCACAGCACACCAGTG_005,50
ATACTCACAGCACACCAGTG_006,34
ATACTCACAGCACACCAGTG_007,57
ATACTCACAGCACACCAGTG_008,1
ATACTCACAGCACACCAGTG_009,87
ATACTCACAGCACACCAGTG_010,99
ATACTCACAGCACACCAGTG_011,82
ATACTCACAGCACACCAGTG_012,168
ATACTCACAGCACACCAGTG_013,178
ATACTCACAGCACACCAGTG_014,47
ATACTCACAGCACACCAGTG_015,92
ATACTCACAGCACACCAGTG_016,81
GCAGAGTCCGGAGCGCATGA_001,68
GCAGAGTCCGGAGCGCATGA_002,127
GCAGAGTCCGGAGCGCATGA_003,15
GCAGAGTCCGGAGCGCATGA_004,60
GCAGAGTCCGGAGCGCATGA_005,35
CCTCCGATACTTCCCGCAGT_001,76
CCTCCGATACTTCCCGCAGT_002,41
TCGAAGCCTCCAGTCATTGA_001,172
TCGAAGCCTCCAGTCATTGA_002,94
TCGAAGCCTCCAGTCATTGA_003,82
TCGAAGCCTCCAGTCATTGA_004,88
TCGAAGCCTCCAGTCATTGA_005,74
TCGAAGCCTCCAGTCATTGA_006,64
AGCACAGCAAGAGACCATGA_001,139
AGCACAGCAAGAGACCATGA_002,54
AGCACAGCAAGAGACCATGA_003,39
AGCACAGCAAGAGACCATGA_004,165
AGCACAGCAAGAGACCATGA_005,33
AGCACAGCAAGAGACCATGA_006,162
AGCACAGCAAGAGACCATGA_007,62
AGCACAGCAAGAGACCATGA_008,12
AGCACAGCAAGAGACCATGA_009,112
AGCACAGCAAGAGACCATGA_010,150
AGCACAGCAAGAGACCATGA_011,76
AGCACAGCAAGAGACCATGA_012,117
AGCACAGCAAGAGACCATGA_013,94
AGCACAGCAAGAGACCATGA_014,182
AGCACAGCAAGAGACCATGA_015,129
AGCACAGCAAGAGACCATGA_016,130
AGCACAGCAAGAGACCATGA_017,79
AGCACAGCAAGAGACCATGA_018,187
AGCCACATTTGAAACCCCTG_001,122
AGCCACATTTGAAACCCCTG_002,148
AGCCACATTTGAAACCCCTG_003,115
AGCCACATTTGAAACCCCTG_004,50
AGCCACATTTGAAACCCCTG_005,6
AGCCACATTTGAAACCCCTG_006,189
AGCCACATTTGAAACCCCTG_007,8
AGCCACATTTGAAACCCCTG_008,1
AGCCACATTTGAAACCCCTG_009,115
AGCCACATTTGAAACCCCTG_010,2
AGCCACATTTGAAACCCCTG_011,70
AGCCACATTTGAAACCCCTG_012,184
AGCCACATTTGAAACCCCTG_013,76
AGCCACATTTGAAACCCCTG_014,143
AGCCACATTTGAAACCCCTG_015,94
AGCCACATTTGAAACCCCTG_016,34
AGCCACATTTGAAACCCCTG_017,113
AGCCACATTTGAAACCCCTG_018,85
AGCCACATTTGAAACCCCTG_019,181
AGCCACATTTGAAACCCCTG_020,168
AGCCACATTTGAAACCCCTG_021,37
AGCCACATTTGAAACCCCTG_022,32
AGCCACATTTGAAACCCCTG_023,127
AGCCACATTTGAAACCCCTG_024,149
AGCCACATTTGAAACCCCTG_025,175
AGCCACATTTGAAACCCCTG_026,159
AGCCACATTTGAAACCCCTG_027,150
AGCCACATTTGAAACCCCTG_028,103
AGCCACATTTGAAACCCCTG_029,106
AGCCACATTTGAAACCCCTG_030,28
AGCCACATTTGAAACCCCTG_031,130
CTCGAACGGGTAGTTGATGG_001,113
CTCGAACGGGTAGTTGATGG_002,182
CTCGAACGGGTAGTTGATGG_003,150
CTCGAACGGGTAGTTGATGG_004,76
GGATTTACTACAAGAACAGG_001,133
GGATTTACTACAAGAACAGG_002,178
GGATTTACTACAAGAACAGG_003,125
TTGCCTTAACCGCTATACCG_001,41
TTGCCTTAACCGCTATACCG_002,58
TTGCCTTAACCGCTATACCG_003,58
TTGCCTTAACCGCTATACCG_004,6
TTGCCTTAACCGCTATACCG_005,0
TTGCCTTAACCGCTATACCG_006,70
TTGCCTTAACCGCTATACCG_007,125
TTGCCTTAACCGCTATACCG_008,97
TTGCCTTAACCGCTATACCG_009,42
ATAATTGGATAAAATTGTCT_001,77
CCCTCCAGCAGGTCAGCCGG_001,93
CCCTCCAGCAGGTCAGCCGG_002,50
CCCTCCAGCAGGTCAGCCGG_003,147
CCCTCCAGCAGGTCAGCCGG_004,50
CCCTCCAGCAGGTCAGCCGG_005,22
CCCTCCAGCAGGTCAGCCGG_006,12
GTTTCTGATTTAATAGACAT_001,31
TACTGATGGATTCTACATGA_001,158
TACTGATGGATTCTACATGA_002,51
AAACAACCTGAATCCAACTT_001,166
AAACAACCTGAATCCAACTT_002,5
AAACAACCTGAATCCAACTT_003,2
AAACAACCTGAATCCAACTT_004,145
AAACAACCTGAATCCAACTT_005,137
AAACAACCTGAATCCAACTT_006,64
ACATGGCGGAATGTAATCCG_001,185
ACATGGCGGAATGTAATCCG_002,72
CATTCATAGAGCATCCCTCG_001,127
CGGAACCAGAAGTTCAAGTG_001,105
CGGAACCAGAAGTTCAAGTG_002,94
CGGAACCAGAAGTTCAAGTG_003,79
CGGAACCAGAAGTTCAAGTG_004,95
CGGAACCAGAAGTTCAAGTG_005,119
CGGAACCAGAAGTTCAAGTG_006,197
CGGAACCAGAAGTTCAAGTG_007,6
GTCCACTTTATAAACCGTGA_001,135
GTCCACTTTATAAACCGTGA_002,19
GTCCACTTTATAAACCGTGA_003,79
GTCCACTTTATAAACCGTGA_004,50
GTCCACTTTATAAACCGTGA_005,98
GTACGCCAGCAGCTTTACGC_001,12
GTACGCCAGCAGCTTTACGC_002,48
GTACGCCAGCAGCTTTACGC_003,72
GTACGCCAGCAGCTTTACGC_004,72
GTACGCCAGCAGCTTTACGC_005,83
GTACGCCAGCAGCTTTACGC_006,70
GTACGCCAGCAGCTTTACGC_007,184
GTACGCCAGCAGCTTTACGC_008,1
GTACGCCAGCAGCTTTACGC_009,150
GTACGCCAGCAGCTTTACGC_010,169
TCACTCCACACACACGTCTG_001,47
TCACTCCACACACACGTCTG_002,136
TCACTCCACACACACGTCTG_003,176
TCACTCCACACACACGTCTG_004,169
TCACTCCACACACACGTCTG_005,50
TCACTCCACACACACGTCTG_006,109
TCACTCCACACACACGTCTG_007,182
TCACTCCACACACACGTCTG_008,9
TCACTCCACACACACGTCTG_009,147
TCACTCCACACACACGTCTG_010,168
TCACTCCACACACACGTCTG_011,116
TCACTCCACACACACGTCTG_012,176
TCACTCCACACACACGTCTG_013,74
TCACTCCACACACACGTCTG_014,84
TCACTCCACACACACGTCTG_015,118
TCACTCCACACACACGTCTG_016,198
TCACTCCACACACACGTCTG_017,131
CATCAGGGCTGAGTTAGCTA_001,127
CATCAGGGCTGAGTTAGCTA_002,36
CATCAGGGCTGAGTTAGCTA_003,198
CATCAGGGCTGAGTTAGCTA_004,76
CATCAGGGCTGAGTTAGCTA_005,142
CATCAGGGCTGAGTTAGCTA_006,3
CATCAGGGCTGAGTTAGCTA_007,103
CATCAGGGCTGAGTTAGCTA_008,75
CATCAGGGCTGAGTTAGCTA_009,187
CATCAGGGCTGAGTTAGCTA_010,56
CATCAGGGCTGAGTTAGCTA_011,198
CATCAGGGCTGAGTTAGCTA_012,130
CATCAGGGCTGAGTTAGCTA_013,99
CATCAGGGCTGAGTTAGCTA_014,105
CATCAGGGCTGAGTTAGCTA_015,191
CATCAGGGCTGAGTTAGCTA_016,43
CATCAGGGCTGAGTTAGCTA_017,184
CATCAGGGCTGAGTTAGCTA_018,63
CATCAGGGCTGAGTTAGCTA_019,62
CATCAGGGCTGAGTTAGCTA_020,168
CATCAGGGCTGAGTTAGCTA_021,39
AACCATGAGAGCCAAGATGA_001,47
AACCATGAGAGCCAAGATGA_002,129
AACCATGAGAGCCAAGATGA_003,177
AACCATGAGAGCCAAGATGA_004,197
AACCATGAGAGCCAAGATGA_005,138
ATGAATCTAGAAGAACACAG_001,177
ATGAATCTAGAAGAACACAG_002,115
ATGAATCTAGAAGAACACAG_003,170
ATGAATCTAGAAGAACACAG_004,158
ATGAATCTAGAAGAACACAG_005,95
ATGAATCTAGAAGAACACAG_006,195
ATGAATCTAGAAGAACACAG_007,50
ATGAATCTAGAAGAACACAG_008,72
ATGAATCTAGAAGAACACAG_009,140
ATGAATCTAGAAGAACACAG_010,140
ATGAATCTAGAAGAACACAG_011,94
ATGAATCTAGAAGAACACAG_012,31
ATGAATCTAGAAGAACACAG_013,43
ATGAATCTAGAAGAACACAG_014,179
CCAGTCACACGCCTTCATGA_001,158
CCAGTCACACGCCTTCATGA_002,6
CCAGTCACACGCCTTCATGA_003,31
CCAGTCACACGCCTTCATGA_004,13
CCAGTCACACGCCTTCATGA_005,144
CCAGTCACACGCCTTCATGA_006,1
CCAGTCACACGCCTTCATGA_007,149
CCAGTCACACGCCTTCATGA_008,129
GAGGCCCACACAGTAGAACA_001,192
GAGGCCCACACAGTAGAACA_002,159
GAGGCCCACACAGTAGAACA_003,147
GAGGCCCACACAGTAGAACA_004,188
GAGGCCCACACAGTAGAACA_005,102
GAGGCCCACACAGTAGAACA_006,84
GAGGCCCACACAGTAGAACA_007,144
TAGTTCTAATCGTTCCTTGA_001,11
TAGTTCTAATCGTTCCTTGA_002,36
TAGTTCTAATCGTTCCTTGA_003,144
TAGTTCTAATCGTTCCTTGA_004,123
TAGTTCTAATCGTTCCTTGA_005,145
TAGTTCTAATCGTTCCTTGA_006,122
TAGTTCTAATCGTTCCTTGA_007,36
TAGTTCTAATCGTTCCTTGA_008,136
TAGTTCTAATCGTTCCTTGA_009,19
TAGTTCTAATCGTTCCTTGA_010,36
TAGTTCTAATCGTTCCTTGA_011,47
TAGTTCTAATCGTTCCTTGA_012,10
TAGTTCTAATCGTTCCTTGA_013,185
CCTTGAGCCTAGATTTCTGG_001,53
CCTTGAGCCTAGATTTCTGG_002,1
CCTTGAGCCTAGATTTCTGG_003,177
CCTTGAGCCTAGATTTCTGG_004,150
CCTTGAGCCTAGATTTCTGG_005,143
CCTTGAGCCTAGATTTCTGG_006,131
CCTTGAGCCTAGATTTCTGG_007,62
CCTTGAGCCTAGATTTCTGG_008,103
CCTTGAGCCTAGATTTCTGG_009,191
CCTTGAGCCTAGATTTCTGG_010,149
CCTTGAGCCTAGATTTCTGG_011,175
CCTTGAGCCTAGATTTCTGG_012,85
CCTTGAGCCTAGATTTCTGG_013,78
CCTTGAGCCTAGATTTCTGG_014,17
CCTTGAGCCTAGATTTCTGG_015,160
CCTTGAGCCTAGATTTCTGG_016,15
CCTTGAGCCTAGATTTCTGG_017,160
CCTTGAGCCTAGATTTCTGG_018,31
CCTTGAGCCTAGATTTCTGG_019,191
CCTTGAGCCTAGATTTCTGG_020,141
CCTTGAGCCTAGATTTCTGG_021,62
TGAAGTGGAGCCAAGATACG_001,78
TGAAGTGGAGCCAAGATACG_002,165
TGAAGTGGAGCCAAGATACG_003,43
TGAAGTGGAGCCAAGATACG_004,41
TGAAGTGGAGCCAAGATACG_005,56
TGAAGTGGAGCCAAGATACG_006,102
TGAAGTGGAGCCAAGATACG_007,105
TGAAGTGGAGCCAAGATACG_008,45
TGAAGTGGAGCCAAGATACG_009,80
TGAAGTGGAGCCAAGATACG_010,119
TGAAGTGGAGCCAAGATACG_011,129
TGAAGTGGAGCCAAGATACG_012,150
TGAAGTGGAGCCAAGATACG_013,93
TGAAGTGGAGCCAAGATACG_014,91
TGAAGTGGAGCCAAGATACG_015,134
TGAAGTGGAGCCAAGATACG_016,9
TGAAGTGGAGCCAAGATACG_017,118
TGAAGTGGAGCCAAGATACG_018,137
TGAAGTGGAGCCAAGATACG_019,122
TGAAGTGGAGCCAAGATACG_020,154
TGAAGTGGAGCCAAGATACG_021,138
TGAAGTGGAGCCAAGATACG_022,18
TGAAGTGGAGCCAAGATACG_023,31
TGAAGTGGAGCCAAGATACG_024,108
AGACACAGAGATCCACCGAG_001,104
AGACACAGAGATCCACCGAG_002,116
AGACACAGAGATCCACCGAG_003,19
AGACACAGAGATCCACCGAG_004,73
AGACACAGAGATCCACCGAG_005,73
AGACACAGAGATCCACCGAG_006,22
AGACACAGAGATCCACCGAG_007,197
AGACACAGAGATCCACCGAG_008,83
AGACACAGAGATCCACCGAG_009,43
AGACACAGAGATCCACCGAG_010,12
AGACACAGAGATCCACCGAG_011,12
AGACACAGAGATCCACCGAG_012,188
AGACACAGAGATCCACCGAG_013,43
AGACACAGAGATCCACCGAG_014,77
AGACACAGAGATCCACCGAG_015,78
AGACACAGAGATCCACCGAG_016,102
AGACACAGAGATCCACCGAG_017,118
AGACACAGAGATCCACCGAG_018,144
GAAACACGTATGGGTACGCA_001,104
GAAACACGTATGGGTACGCA_002,91
GAAACACGTATGGGTACGCA_003,60
GAAACACGTATGGGTACGCA_004,167
GTAGCATTGCTCATTAACCA_001,112
GTAGCATTGCTCATTAACCA_002,51
TGGGGGTGCATGTTACGCAG_001,15
TGGGGGTGCATGTTACGCAG_002,61
TTCCCATGTTCACTGCACTG_001,17
TTCCCATGTTCACTGCACTG_002,17
TTCCCATGTTCACTGCACTG_003,172
TTCCCATGTTCACTGCACTG_004,150
TTCCCATGTTCACTGCACTG_005,162
TTCCCATGTTCACTGCACTG_006,96
TTCCCATGTTCACTGCACTG_007,131
TTCCCATGTTCACTGCACTG_008,127
AGTGGGATTGATCCAATACA_001,83
AGTGGGATTGATCCAATACA_002,82
AGTGGGATTGATCCAATACA_003,170
GTCCGGCCGTGTGACTTCTG_001,44
GTCCGGCCGTGTGACTTCTG_002,169
GTCCGGCCGTGTGACTTCTG_003,60
GTCCGGCCGTGTGACTTCTG_004,78
GTCCGGCCGTGTGACTTCTG_005,188
GTCCGGCCGTGTGACTTCTG_006,46
GTCCGGCCGTGTGACTTCTG_007,106
GTCCGGCCGTGTGACTTCTG_008,141
GTCCGGCCGTGTGACTTCTG_009,53
GTCCGGCCGTGTGACTTCTG_010,75
GTCCGGCCGTGTGACTTCTG_011,29
GTCCGGCCGTGTGACTTCTG_012,116
GTCCGGCCGTGTGACTTCTG_013,149
GTCCGGCCGTGTGACTTCTG_014,55
GTCCGGCCGTGTGACTTCTG_015,33
TTTACAGGATCTCCAAAGAT_001,158
TTTACAGGATCTCCAAAGAT_002,62
TTTACAGGATCTCCAAAGAT_003,70
TTTACAGGATCTCCAAAGAT_004,58
TTTACAGGATCTCCAAAGAT_005,65
TTTACAGGATCTCCAAAGAT_006,155
TTTACAGGATCTCCAAAGAT_007,47
CTCATCATCACCAAACGGTG_001,32
CTCATCATCACCAAACGGTG_002,168
CTCATCATCACCAAACGGTG_003,8
CTCATCATCACCAAACGGTG_004,6
CTCATCATCACCAAACGGTG_005,198
CTCATCATCACCAAACGGTG_006,169
CTCATCATCACCAAACGGTG_007,55
AGTAGATGTAACAACAACAG_001,93
AGTAGATGTAACAACAACAG_002,0
ATAAGAACCGCATAGAAGAG_001,144
ATAAGAACCGCATAGAAGAG_002,147
ATAAGAACCGCATAGAAGAG_003,149
ATAAGAACCGCATAGAAGAG_004,147
ATAAGAACCGCATAGAAGAG_005,186
ATAAGAACCGCATAGAAGAG_006,158
ATAAGAACCGCATAGAAGAG_007,123
ATAAGAACCGCATAGAAGAG_008,180
ATAAGAACCGCATAGAAGAG_009,93
GGCAACCTGTCCGACCCATG_001,21
GGCAACCTGTCCGACCCATG_002,185
GGCAACCTGTCCGACCCATG_003,17
GGCAACCTGTCCGACCCATG_004,108
GGCAACCTGTCCGACCCATG_005,177
GGCAACCTGTCCGACCCATG_006,105
GGCAACCTGTCCGACCCATG_007,188
GGCAACCTGTCCGACCCATG_008,8
GGCAACCTGTCCGACCCATG_009,53
GGCAACCTGTCCGACCCATG_010,23
GGCAACCTGTCCGACCCATG_011,150
GGCAACCTGTCCGACCCATG_012,108
GGCAACCTGTCCGACCCATG_013,166
GGCAACCTGTCCGACCCATG_014,26
GGCAACCTGTCCGACCCATG_015,40
GGCAACCTGTCCGACCCATG_016,152
GGCAACCTGTCCGACCCATG_017,185
GGCAACCTGTCCGACCCATG_018,141
GGCAACCTGTCCGACCCATG_019,73
GGCAACCTGTCCGACCCATG_020,169
GGCAACCTGTCCGACCCATG_021,67
GGCAACCTGTCCGACCCATG_022,33
GGCAACCTGTCCGACCCATG_023,60
GGCAACCTGTCCGACCCATG_024,70
GGCAACCTGTCCGACCCATG_025,56
GGCAACCTGTCCGACCCATG_026,126
GGCAACCTGTCCGACCCATG_027,51
GGCAACCTGTCCGACCCATG_028,121
GGCAACCTGTCCGACCCATG_029,124
GGCAACCTGTCCGACCCATG_030,144
GGCAACCTGTCCGACCCATG_031,157
GGCAACCTGTCCGACCCATG_032,125
GTCTTTAGTATGCAGCTCAA_001,190
GTCTTTAGTATGCAGCTCAA_002,80
GTCTTTAGTATGCAGCTCAA_003,161
GTCTTTAGTATGCAGCTCAA_004,188
GTCTTTAGTATGCAGCTCAA_005,191
GTCTTTAGTATGCAGCTCAA_006,199
GTCTTTAGTATGCAGCTCAA_007,54
GTCTTTAGTATGCAGCTCAA_008,106
GTCTTTAGTATGCAGCTCAA_009,60
GTCTTTAGTATGCAGCTCAA_010,187
TGTACATTGGGAGAGATCGT_001,91
AGCAAGTCGTGCGAGTTCTG_001,102
AGCAAGTCGTGCGAGTTCTG_002,146
AGCAAGTCGTGCGAGTTCTG_003,107
AGCAAGTCGTGCGAGTTCTG_004,148
AGCAAGTCGTGCGAGTTCTG_005,34
ACACAATGGAGACCTAGTGG_001,115
ACACAATGGAGACCTAGTGG_002,158
ACACAATGGAGACCTAGTGG_003,133
ACACAATGGAGACCTAGTGG_004,145
ACACAATGGAGACCTAGTGG_005,96
ATTACACTGTTGGAGTGTGT_001,124
ATTACACTGTTGGAGTGTGT_002,162
ATTACACTGTTGGAGTGTGT_003,8
ATTACACTGTTGGAGTGTGT_004,129
ATTACACTGTTGGAGTGTGT_005,96
ATTACACTGTTGGAGTGTGT_006,17
ATTACACTGTTGGAGTGTGT_007,58
ATTACACTGTTGGAGTGTGT_008,42
ATTACACTGTTGGAGTGTGT_009,35
ATTACACTGTTGGAGTGTGT_010,148
ACGACTGCTATAGCCGCCTG_001,89
ACGACTGCTATAGCCGCCTG_002,11
ACGACTGCTATAGCCGCCTG_003,137
ACGACTGCTATAGCCGCCTG_004,159
ACGACTGCTATAGCCGCCTG_005,126
ACGACTGCTATAGCCGCCTG_006,103
ACGACTGCTATAGCCGCCTG_007,132
ACGACTGCTATAGCCGCCTG_008,168
ACGACTGCTATAGCCGCCTG_009,130
ACGACTGCTATAGCCGCCTG_010,185
GAAACCCTGTCGCGTGCACG_001,147
GAAACCCTGTCGCGTGCACG_002,102
GAAACCCTGTCGCGTGCACG_003,28
GAAACCCTGTCGCGTGCACG_004,56
GAAACCCTGTCGCGTGCACG_005,183
GAAACCCTGTCGCGTGCACG_006,150
GAAACCCTGTCGCGTGCACG_007,105
GAAACCCTGTCGCGTGCACG_008,1
GAAACCCTGTCGCGTGCACG_009,16
GAAACCCTGTCGCGTGCACG_010,198
GAAACCCTGTCGCGTGCACG_011,117
GAAACCCTGTCGCGTGCACG_012,56
GAAACCCTGTCGCGTGCACG_013,121
GAAACCCTGTCGCGTGCACG_014,149
GAAACCCTGTCGCGTGCACG_015,48
GAAACCCTGTCGCGTGCACG_016,168
GAAACCCTGTCGCGTGCACG_017,15
GAAACCCTGTCGCGTGCACG_018,137
ATGGTGGCTATGGGTATGGT_001,182
ATGGTGGCTATGGGTATGGT_002,162
ATGGTGGCTATGGGTATGGT_003,41
ATGGTGGCTATGGGTATGGT_004,2
ATGGTGGCTATGGGTATGGT_005,58
ATGGTGGCTATGGGTATGGT_006,169
ATGGTGGCTATGGGTATGGT_007,1
ATGGTGGCTATGGGTATGGT_008,176
ATGGTGGCTATGGGTATGGT_009,17
ATGGTGGCTATGGGTATGGT_010,19
ATGGTGGCTATGGGTATGGT_011,35
ATGGTGGCTATGGGTATGGT_012,8
ATGGTGGCTATGGGTATGGT_013,96
ATGGTGGCTATGGGTATGGT_014,169
ATGGTGGCTATGGGTATGGT_015,119
ATGGTGGCTATGGGTATGGT_016,94
ATGGTGGCTATGGGTATGGT_017,175
ATGGTGGCTATGGGTATGGT_018,29
ATGGTGGCTATGGGTATGGT_019,137
ATGGTGGCTATGGGTATGGT_020,191
ATGGTGGCTATGGGTATGGT_021,50
ATGGTGGCTATGGGTATGGT_022,149
ATGGTGGCTATGGGTATGGT_023,6
ATGGTGGCTATGGGTATGGT_024,16
ATGGTGGCTATGGGTATGGT_025,76
ATGGTGGCTATGGGTATGGT_026,76
ATGGTGGCTATGGGTATGGT_027,177
ATGGTGGCTATGGGTATGGT_028,83
ATGGTGGCTATGGGTATGGT_029,186
ATGGTGGCTATGGGTATGGT_030,163
ATGGTGGCTATGGGTATGGT_031,149
ATGGTGGCTATGGGTATGGT_032,178
ATGGTGGCTATGGGTATGGT_033,135
ATGGTGGCTATGGGTATGGT_034,115
ATGGTGGCTATGGGTATGGT_035,9
ATGGTGGCTATGGGTATGGT_036,103
ATGGTGGCTATGGGTATGGT_037,2
ATGGTGGCTATGGGTATGGT_038,146
ATGGTGGCTATGGGTATGGT_039,43
ATGGTGGCTATGGGTATGGT_040,152
ATGGTGGCTATGGGTATGGT_041,35
ATGGTGGCTATGGGTATGGT_042,184
ATGGTGGCTATGGGTATGGT_043,127
ATGGTGGCTATGGGTATGGT_044,19
ATGGTGGCTATGGGTATGGT_045,174
ATGGTGGCTATGGGTATGGT_046,191
ATGGTGGCTATGGGTATGGT_047,124
ATGGTGGCTATGGGTATGGT_048,169
ATGGTGGCTATGGGTATGGT_049,61
GACCGCGTAGACGCTTAGGT_001,68
GACCGCGTAGACGCTTAGGT_002,1
GACCGCGTAGACGCTTAGGT_003,160
TTCCTGGGGGAAGACGTACG_001,192
TTCCTGGGGGAAGACGTACG_002,178
TTCCTGGGGGAAGACGTACG_003,146
TTCCTGGGGGAAGACGTACG_004,94
TTCCTGGGGGAAGACGTACG_005,1
TTCCTGGGGGAAGACGTACG_006,9
TTCCTGGGGGAAGACGTACG_007,48
TTCCTGGGGGAAGACGTACG_008,29
TTCCTGGGGGAAGACGTACG_009,194
TTCCTGGGGGAAGACGTACG_010,129
TTCCTGGGGGAAGACGTACG_011,106
TTCCTGGGGGAAGACGTACG_012,146
TTCCTGGGGGAAGACGTACG_013,80
TTCCTGGGGGAAGACGTACG_014,188
TTCCTGGGGGAAGACGTACG_015,12
TTCCTGGGGGAAGACGTACG_016,31
TTCCTGGGGGAAGACGTACG_017,13
GAATCTCTGGATAAACTCTG_001,52
GAATCTCTGGATAAACTCTG_002,174
GAATCTCTGGATAAACTCTG_003,48
GAATCTCTGGATAAACTCTG_004,48
GAATCTCTGGATAAACTCTG_005,94
ACTGACCACAGACTCATGGT_001,19
ACTGACCACAGACTCATGGT_002,101
ACTGACCACAGACTCATGGT_003,174
ACTGACCACAGACTCATGGT_004,127
ACTGACCACAGACTCATGGT_005,70
ACTGACCACAGACTCATGGT_006,48
ACTGACCACAGACTCATGGT_007,70
ACTGACCACAGACTCATGGT_008,134
ACTGACCACAGACTCATGGT_009,19
ACTGACCACAGACTCATGGT_010,40
ACTGACCACAGACTCATGGT_011,155
ACTTGCAAAATCATTACAGG_001,11
ATTAAGTCGGGTGAAACAGG_001,29
ATTAAGTCGGGTGAAACAGG_002,146
ATTAAGTCGGGTGAAACAGG_003,29
ATTAAGTCGGGTGAAACAGG_004,116
ATTAAGTCGGGTGAAACAGG_005,11
ATTAAGTCGGGTGAAACAGG_006,16
ATCTTGACCAAACACCAAGA_001,92
ATCTTGACCAAACACCAAGA_002,109
ATCTTGACCAAACACCAAGA_003,81
ATCTTGACCAAACACCAAGA_004,167
ATCTTGACCAAACACCAAGA_005,117
ATCTTGACCAAACACCAAGA_006,103
ATCTTGACCAAACACCAAGA_007,17
ATCTTGACCAAACACCAAGA_008,16
ATCTTGACCAAACACCAAGA_009,10
ATCTTGACCAAACACCAAGA_010,134
ATCTTGACCAAACACCAAGA_011,145
ATCTTGACCAAACACCAAGA_012,130
ATCTTGACCAAACACCAAGA_013,169
ATCTTGACCAAACACCAAGA_014,83
ATCTTGACCAAACACCAAGA_015,94
ATCTTGACCAAACACCAAGA_016,107
ATCTTGACCAAACACCAAGA_017,169
ATCTTGACCAAACACCAAGA_018,147
ATCTTGACCAAACACCAAGA_019,149
ATCTTGACCAAACACCAAGA_020,63
ATCTTGACCAAACACCAAGA_021,184
ATCTTGACCAAACACCAAGA_022,152
ATCTTGACCAAACACCAAGA_023,123
ATCTTGACCAAACACCAAGA_024,144
ATCTTGACCAAACACCAAGA_025,131
ATCTTGACCAAACACCAAGA_026,121
ATCTTGACCAAACACCAAGA_027,168
ATCTTGACCAAACACCAAGA_028,57
ATCTTGACCAAACACCAAGA_029,94
ATCTTGACCAAACACCAAGA_030,91
ATCTTGACCAAACACCAAGA_031,27
ATCTTGACCAAACACCAAGA_032,116
GCGATAGCAGGAACACGGGG_001,141
GCGATAGCAGGAACACGGGG_002,102
GCGATAGCAGGAACACGGGG_003,146
GCGATAGCAGGAACACGGGG_004,170
GCGATAGCAGGAACACGGGG_005,174
GCGATAGCAGGAACACGGGG_006,137
GCGATAGCAGGAACACGGGG_007,149
GCGATAGCAGGAACACGGGG_008,174
GCGATAGCAGGAACACGGGG_009,4
GCGATAGCAGGAACACGGGG_010,42
GCGATAGCAGGAACACGGGG_011,38
GCGATAGCAGGAACACGGGG_012,62
GCGATAGCAGGAACACGGGG_013,113
GCGATAGCAGGAACACGGGG_014,4
GCGATAGCAGGAACACGGGG_015,152
GCGATAGCAGGAACACGGGG_016,96
GCGATAGCAGGAACACGGGG_017,77
GCGATAGCAGGAACACGGGG_018,186
GCGATAGCAGGAACACGGGG_019,159
GCGATAGCAGGAACACGGGG_020,69
GCGATAGCAGGAACACGGGG_021,56
GCGATAGCAGGAACACGGGG_022,2
GCGATAGCAGGAACACGGGG_023,88
GCGATAGCAGGAACACGGGG_024,133
GCGATAGCAGGAACACGGGG_025,58
GCGATAGCAGGAACACGGGG_026,149
GCGATAGCAGGAACACGGGG_027,105
GCGATAGCAGGAACACGGGG_028,116
GCGATAGCAGGAACACGGGG_029,90
AGGACACTCTTGACTGTGGG_001,65
AGGACACTCTTGACTGTGGG_002,170
AGGACACTCTTGACTGTGGG_003,177
AGGACACTCTTGACTGTGGG_004,80
GCTTACCCCTACTCACTCCG_001,198
GCTTACCCCTACTCACTCCG_002,127
GCTTACCCCTACTCACTCCG_003,118
GCTTACCCCTACTCACTCCG_004,34
GTGCCAGCTGACAAGATGTG_001,198
GTGCCAGCTGACAAGATGTG_002,81
GTGCCAGCTGACAAGATGTG_003,98
GTGCCAGCTGACAAGATGTG_004,76
GTGCCAGCTGACAAGATGTG_005,169
GTGCCAGCTGACAAGATGTG_006,18
GTGCCAGCTGACAAGATGTG_007,11
GTGCCAGCTGACAAGATGTG_008,127
GTGCCAGCTGACAAGATGTG_009,40
TGATAAAGCTCTGAAGCATG_001,88
TGATAAAGCTCTGAAGCATG_002,5
TGTTTGTTCTCTGCCAACTG_001,9
ATAAGCACCGAAGCTATGAG_001,113
ATAAGCACCGAAGCTATGAG_002,144
ATAAGCACCGAAGCTATGAG_003,103
ATAAGCACCGAAGCTATGAG_004,52
ATAAGCACCGAAGCTATGAG_005,28
ATAAGCACCGAAGCTATGAG_006,4
ATAAGCACCGAAGCTATGAG_007,156
ATAAGCACCGAAGCTATGAG_008,172
ATAAGCACCGAAGCTATGAG_009,42
ATAAGCACCGAAGCTATGAG_010,189
ATAAGCACCGAAGCTATGAG_011,95
ATAAGCACCGAAGCTATGAG_012,104
AACCTTGTCAGACATAAGGG_001,53
AACCTTGTCAGACATAAGGG_002,40
AACCTTGTCAGACATAAGGG_003,88
AACCTTGTCAGACATAAGGG_004,169
AACCTTGTCAGACATAAGGG_005,64
AACCTTGTCAGACATAAGGG_006,64
AACCTTGTCAGACATAAGGG_007,8
AACCTTGTCAGACATAAGGG_008,116
AACCTTGTCAGACATAAGGG_009,107
AACCTTGTCAGACATAAGGG_010,115
AACCTTGTCAGACATAAGGG_011,56
AACCTTGTCAGACATAAGGG_012,102
AACCTTGTCAGACATAAGGG_013,78
AACCTTGTCAGACATAAGGG_014,145
AACCTTGTCAGACATAAGGG_015,95
AACCTTGTCAGACATAAGGG_016,50
AACCTTGTCAGACATAAGGG_017,98
AACCTTGTCAGACATAAGGG_018,1
AACCTTGTCAGACATAAGGG_019,74
AACCTTGTCAGACATAAGGG_020,34
AACCTTGTCAGACATAAGGG_021,102
AACCTTGTCAGACATAAGGG_022,129
AACCTTGTCAGACATAAGGG_023,42
AACCTTGTCAGACATAAGGG_024,1
AACCTTGTCAGACATAAGGG_025,45
AACCTTGTCAGACATAAGGG_026,81
CAAGTCACACAACACCAATG_001,195
CAAGTCACACAACACCAATG_002,5
CAAGTCACACAACACCAATG_003,63
CAAGTCACACAACACCAATG_004,187
CAAGTCACACAACACCAATG_005,63
CAAGTCACACAACACCAATG_006,34
CAAGTCACACAACACCAATG_007,105
CAAGTCACACAACACCAATG_008,81
CAAGTCACACAACACCAATG_009,34
CAAGTCACACAACACCAATG_010,177
CAAGTCACACAACACCAATG_011,18
CAAGTCACACAACACCAATG_012,169
CAAGTCACACAACACCAATG_013,107
CAAGTCACACAACACCAATG_014,121
CAAGTCACACAACACCAATG_015,134
CAAGTCACACAACACCAATG_016,34
CAAGTCACACAACACCAATG_017,88
CAAGTCACACAACACCAATG_018,144
CAAGTCACACAACACCAATG_019,162
CAAGTCACACAACACCAATG_020,104
GAACACCAGGGACAGAAACA_001,9
GAACACCAGGGACAGAAACA_002,191
GAACACCAGGGACAGAAACA_003,140
GAACACCAGGGACAGAAACA_004,65
GAACACCAGGGACAGAAACA_005,139
GAACACCAGGGACAGAAACA_006,133
GAACACCAGGGACAGAAACA_007,191
GAACACCAGGGACAGAAACA_008,142
GAACACCAGGGACAGAAACA_009,113
GAAGTTCCTTCCAACAGTGG_001,149
GAAGTTCCTTCCAACAGTGG_002,20
GAAGTTCCTTCCAACAGTGG_003,65
GAAGTTCCTTCCAACAGTGG_004,15
GAAGTTCCTTCCAACAGTGG_005,117
GAAGTTCCTTCCAACAGTGG_006,192
GAAGTTCCTTCCAACAGTGG_007,115
GAAGTTCCTTCCAACAGTGG_008,183
GAAGTTCCTTCCAACAGTGG_009,121
GAAGTTCCTTCCAACAGTGG_010,22
GAAGTTCCTTCCAACAGTGG_011,51
GAAGTTCCTTCCAACAGTGG_012,31
GAAGTTCCTTCCAACAGTGG_013,57
GAAGTTCCTTCCAACAGTGG_014,1
TCACAGTATTGCAATTGGAG_001,28
GGCGATTATCCTGATAGGAA_001,175
GGCGATTATCCTGATAGGAA_002,104
TTGCGTCCAGTATGCCTGGG_001,120
TTGCGTCCAGTATGCCTGGG_002,111
TTGCGTCCAGTATGCCTGGG_003,32
TTGCGTCCAGTATGCCTGGG_004,12
TTGCGTCCAGTATGCCTGGG_005,188
TTGCGTCCAGTATGCCTGGG_006,175
TTGCGTCCAGTATGCCTGGG_007,121
TTGCGTCCAGTATGCCTGGG_008,78
TTGCGTCCAGTATGCCTGGG_009,81
TTGCGTCCAGTATGCCTGGG_010,44
TTGCGTCCAGTATGCCTGGG_011,98
TTGCGTCCAGTATGCCTGGG_012,30
TTGCGTCCAGTATGCCTGGG_013,77
TTGCGTCCAGTATGCCTGGG_014,70
TTGCGTCCAGTATGCCTGGG_015,50
TTGCGTCCAGTATGCCTGGG_016,6
TTGCGTCCAGTATGCCTGGG_017,150
TTGCGTCCAGTATGCCTGGG_018,169
TTGCGTCCAGTATGCCTGGG_019,142
TTGCGTCCAGTATGCCTGGG_020,7
TTGCGTCCAGTATGCCTGGG_021,144
TTGCGTCCAGTATGCCTGGG_022,52
TTGCGTCCAGTATGCCTGGG_023,188
TTGCGTCCAGTATGCCTGGG_024,137
TTGCGTCCAGTATGCCTGGG_025,116
TTGCGTCCAGTATGCCTGGG_026,39
TTGCGTCCAGTATGCCTGGG_027,137
TTGCGTCCAGTATGCCTGGG_028,128
TTGCGTCCAGTATGCCTGGG_029,107
TTGCGTCCAGTATGCCTGGG_030,86
TTGCGTCCAGTATGCCTGGG_031,88
ACAGCCCGCAGACATTACTG_001,97
ACAGCCCGCAGACATTACTG_002,176
ACAGCCCGCAGACATTACTG_003,73
ACAGCCCGCAGACATTACTG_004,125
ACAGCCCGCAGACATTACTG_005,64
ACAGCCCGCAGACATTACTG_006,176
GAAGTACAAGCGCCAGGCAC_001,168
GAAGTACAAGCGCCAGGCAC_002,175
GAAGTACAAGCGCCAGGCAC_003,199
GAAGTACAAGCGCCAGGCAC_004,50
GAAGTACAAGCGCCAGGCAC_005,1
GAAGTACAAGCGCCAGGCAC_006,88
GAAGTACAAGCGCCAGGCAC_007,195
GAAGTACAAGCGCCAGGCAC_008,142
GAAGTACAAGCGCCAGGCAC_009,61
TAAATTGCCCGACATAGAGA_001,174
TAAATTGCCCGACATAGAGA_002,12
TAAATTGCCCGACATAGAGA_003,182
TAAATTGCCCGACATAGAGA_004,40
TTGAGGAAGTCGAAGTCCGT_001,88
TTGAGGAAGTCGAAGTCCGT_002,121
TTGAGGAAGTCGAAGTCCGT_003,70
TTGAGGAAGTCGAAGTCCGT_004,198
TTGAGGAAGTCGAAGTCCGT_005,146
TTGAGGAAGTCGAAGTCCGT_006,61
TTGAGGAAGTCGAAGTCCGT_007,16
TTGAGGAAGTCGAAGTCCGT_008,125
TTGAGGAAGTCGAAGTCCGT_009,6
TTGAGGAAGTCGAAGTCCGT_010,3
TTGAGGAAGTCGAAGTCCGT_011,170
TTGAGGAAGTCGAAGTCCGT_012,17
TTGAGGAAGTCGAAGTCCGT_013,198
TTGAGGAAGTCGAAGTCCGT_014,115
TTGAGGAAGTCGAAGTCCGT_015,106
GTAGCATGTTAATGCAACCC_001,168
GTAGCATGTTAATGCAACCC_002,196
CACGGGGCTACCGACGACGG_001,64
CACGGGGCTACCGACGACGG_002,29
CACGGGGCTACCGACGACGG_003,116
CACGGGGCTACCGACGACGG_004,70
CACGGGGCTACCGACGACGG_005,42
CACGGGGCTACCGACGACGG_006,165
CACGGGGCTACCGACGACGG_007,155
CACGGGGCTACCGACGACGG_008,33
CACGGGGCTACCGACGACGG_009,58
CACGGGGCTACCGACGACGG_010,88
CACGGGGCTACCGACGACGG_011,72
CACGGGGCTACCGACGACGG_012,170
CACGGGGCTACCGACGACGG_013,73
CACGGGGCTACCGACGACGG_014,162
CACGGGGCTACCGACGACGG_015,178
CACGGGGCTACCGACGACGG_016,184
CACGGGGCTACCGACGACGG_017,98
CACGGGGCTACCGACGACGG_018,150
CACGGGGCTACCGACGACGG_019,90
CACGGGGCTACCGACGACGG_020,44
CACGGGGCTACCGACGACGG_021,146
CACGGGGCTACCGACGACGG_022,192
CACGGGGCTACCGACGACGG_023,146
CACGGGGCTACCGACGACGG_024,83
CACGGGGCTACCGACGACGG_025,172
CACGGGGCTACCGACGACGG_026,127
CACGGGGCTACCGACGACGG_027,61
GCAGACCAATTACAACACAC_001,1
GCAGACCAATTACAACACAC_002,190
GCAGACCAATTACAACACAC_003,105
TGATTGTAACAGGAACGGGC_001,107
TGATTGTAACAGGAACGGGC_002,102
TGATTGTAACAGGAACGGGC_003,36
TGATTGTAACAGGAACGGGC_004,196
TGATTGTAACAGGAACGGGC_005,132
TGATTGTAACAGGAACGGGC_006,120
TGATTGTAACAGGAACGGGC_007,13
TGATTGTAACAGGAACGGGC_008,1
TGATTGTAACAGGAACGGGC_009,95
TGATTGTAACAGGAACGGGC_010,118
TGATTGTAACAGGAACGGGC_011,158
TGATTGTAACAGGAACGGGC_012,149
TGATTGTAACAGGAACGGGC_013,62
CTGTTACCCGTATTGACTCA_001,60
GATGGAAACTCTGAGAATTG_001,151
GATGGAAACTCTGAGAATTG_002,34
GATGGAAACTCTGAGAATTG_003,107
GATGGAAACTCTGAGAATTG_004,163
GATGGAAACTCTGAGAATTG_005,149
GATGGAAACTCTGAGAATTG_006,191
GATGGAAACTCTGAGAATTG_007,58
GATGGAAACTCTGAGAATTG_008,176
GATGGAAACTCTGAGAATTG_009,199
GATGGAAACTCTGAGAATTG_010,86
GATGGAAACTCTGAGAATTG_011,159
GCATGAAGGGCGGCGAGAAG_001,43
GCATGAAGGGCGGCGAGAAG_002,160
GCATGAAGGGCGGCGAGAAG_003,176
GCATGAAGGGCGGCGAGAAG_004,182
GCATGAAGGGCGGCGAGAAG_005,102
GCATGAAGGGCGGCGAGAAG_006,196
GCATGAAGGGCGGCGAGAAG_007,154
GCATGAAGGGCGGCGAGAAG_008,107
GCATGAAGGGCGGCGAGAAG_009,77
GCATGAAGGGCGGCGAGAAG_010,130
GCATGAAGGGCGGCGAGAAG_011,40
GCATGAAGGGCGGCGAGAAG_012,67
GCATGAAGGGCGGCGAGAAG_013,177
GCATGAAGGGCGGCGAGAAG_014,32
GCATGAAGGGCGGCGAGAAG_015,186
GCATGAAGGGCGGCGAGAAG_016,60
GCATGAAGGGCGGCGAGAAG_017,187
GCATGAAGGGCGGCGAGAAG_018,181
GCATGAAGGGCGGCGAGAAG_019,159
GCATGAAGGGCGGCGAGAAG_020,158
GCATGAAGGGCGGCGAGAAG_021,174
GCATGAAGGGCGGCGAGAAG_022,150
GCATGAAGGGCGGCGAGAAG_023,160
GCATGAAGGGCGGCGAGAAG_024,191
GCATGAAGGGCGGCGAGAAG_025,19
GCATGAAGGGCGGCGAGAAG_026,58
GCATGAAGGGCGGCGAGAAG_027,61
GCATGAAGGGCGGCGAGAAG_028,184
TGCACTACACCTATAAACCG_001,3
TGCACTACACCTATAAACCG_002,97
TGCACTACACCTATAAACCG_003,35
TGCACTACACCTATAAACCG_004,159
TGCACTACACCTATAAACCG_005,49
TGCACTACACCTATAAACCG_006,9
TGCACTACACCTATAAACCG_007,121
TGGCCCACAATCCCAGACCC_001,99
CAATTGCGAGTCGCACTGCG_001,73
CAATTGCGAGTCGCACTGCG_002,160
CAATTGCGAGTCGCACTGCG_003,107
CAATTGCGAGTCGCACTGCG_004,178
CAATTGCGAGTCGCACTGCG_005,70
CAATTGCGAGTCGCACTGCG_006,169
CAATTGCGAGTCGCACTGCG_007,41
GCTGTTCATTGTCGTAGACA_001,70
GCTGTTCATTGTCGTAGACA_002,82
GCTGTTCATTGTCGTAGACA_003,191
GCTGTTCATTGTCGTAGACA_004,168
GCTGTTCATTGTCGTAGACA_005,19
GCTGTTCATTGTCGTAGACA_006,115
GCTGTTCATTGTCGTAGACA_007,16
GCTGTTCATTGTCGTAGACA_008,166
CTGGCGATACATCTACCCAC_001,120
AAAACTTAGCAAGACTCCAG_001,182
AAAACTTAGCAAGACTCCAG_002,189
AAAACTTAGCAAGACTCCAG_003,113
AAAACTTAGCAAGACTCCAG_004,191
AAAACTTAGCAAGACTCCAG_005,40
AAAACTTAGCAAGACTCCAG_006,166
AAAACTTAGCAAGACTCCAG_007,100
AAAACTTAGCAAGACTCCAG_008,55
AGAAGTCAAATAAGTAATCG_001,178
AGAAGTCAAATAAGTAATCG_002,64
TCCCCACTGTGACGCCACGG_001,147
TCCCCACTGTGACGCCACGG_002,188
TCCCCACTGTGACGCCACGG_003,106
TCCCCACTGTGACGCCACGG_004,140
TCCCCACTGTGACGCCACGG_005,160
TCCCCACTGTGACGCCACGG_006,155
TCCCCACTGTGACGCCACGG_007,153
TCCCCACTGTGACGCCACGG_008,10
TCCCCACTGTGACGCCACGG_009,12
TCCCCACTGTGACGCCACGG_010,49
AGAGAGGCCAATCACTATGG_001,35
AGAGAGGCCAATCACTATGG_002,47
AGAGAGGCCAATCACTATGG_003,90
AGAGAGGCCAATCACTATGG_004,90
AGAGAGGCCAATCACTATGG_005,19
TGATCACCCTATTGGAACAA_001,49
TGATCACCCTATTGGAACAA_002,14
TGATCACCCTATTGGAACAA_003,169
TGAGGAAACAACTAGAAGGT_001,125
TGAGGAAACAACTAGAAGGT_002,76
TGAGGAAACAACTAGAAGGT_003,166
TGAGGAAACAACTAGAAGGT_004,191
AAGGCATATGCTCTGACTGA_001,146
GTCATACACGGTGTCTGTTG_001,81
GTCATACACGGTGTCTGTTG_002,105
GTCATACACGGTGTCTGTTG_003,141
GTCATACACGGTGTCTGTTG_004,63
GATTTACCGGAGGAAAATCG_001,150
GATTTACCGGAGGAAAATCG_002,117
GATTTACCGGAGGAAAATCG_003,94
TCAATGTGATTAGTATGACA_001,177
TCAATGTGATTAGTATGACA_002,172
TCAATGTGATTAGTATGACA_003,160
CGACCGTGCAGACGCACTGC_001,4
CGACCGTGCAGACGCACTGC_002,2
CGACCGTGCAGACGCACTGC_003,58
CGACCGTGCAGACGCACTGC_004,125
CGACCGTGCAGACGCACTGC_005,155
CGACCGTGCAGACGCACTGC_006,130
CGACCGTGCAGACGCACTGC_007,142
CAAAGACGGGGGATTAACTG_001,6
CAAAGACGGGGGATTAACTG_002,156
CAAAGACGGGGGATTAACTG_003,60
CAAAGACGGGGGATTAACTG_004,1
CAAAGACGGGGGATTAACTG_005,182
CAAAGACGGGGGATTAACTG_006,19
CAAAGACGGGGGATTAACTG_007,144
CAAAGACGGGGGATTAACTG_008,158
CAAAGACGGGGGATTAACTG_009,26
CAAAGACGGGGGATTAACTG_010,84
CAAAGACGGGGGATTAACTG_011,0
CAAAGACGGGGGATTAACTG_012,169
CAAAGACGGGGGATTAACTG_013,136
CAAAGACGGGGGATTAACTG_014,45
CAAAGACGGGGGATTAACTG_015,148
TGTCAACACTAAGAGCGCAG_001,124
TGTCAACACTAAGAGCGCAG_002,101
TGTCAACACTAAGAGCGCAG_003,34
TGTCAACACTAAGAGCGCAG_004,178
TGTCAACACTAAGAGCGCAG_005,168
TGTCAACACTAAGAGCGCAG_006,124
TGTCAACACTAAGAGCGCAG_007,8
CACTAGCAGCACGATCTCTG_001,127
CACTAGCAGCACGATCTCTG_002,113
CACTAGCAGCACGATCTCTG_003,15
CACTAGCAGCACGATCTCTG_004,50
CACTAGCAGCACGATCTCTG_005,170
CACTAGCAGCACGATCTCTG_006,16
CACTAGCAGCACGATCTCTG_007,14
CACTAGCAGCACGATCTCTG_008,148
CACTAGCAGCACGATCTCTG_009,121
CACTAGCAGCACGATCTCTG_010,105
AGGGCTGGATTCACATTCAA_001,181
AGGGCTGGATTCACATTCAA_002,43
AGGGCTGGATTCACATTCAA_003,116
AGGGCTGGATTCACATTCAA_004,29
AGGGCTGGATTCACATTCAA_005,50
AGGGCTGGATTCACATTCAA_006,41
AGGGCTGGATTCACATTCAA_007,83
AGGGCTGGATTCACATTCAA_008,156
AGGGCTGGATTCACATTCAA_009,195
AGGGCTGGATTCACATTCAA_010,30
AGGGCTGGATTCACATTCAA_011,94
AGGGCTGGATTCACATTCAA_012,197
AGGGCTGGATTCACATTCAA_013,48
AGGGCTGGATTCACATTCAA_014,23
AGGGCTGGATTCACATTCAA_015,48
AGGGCTGGATTCACATTCAA_016,58
GGACTTAACCCTGAAGTCAC_001,103
GGACTTAACCCTGAAGTCAC_002,144
GGACTTAACCCTGAAGTCAC_003,98
GGACTTAACCCTGAAGTCAC_004,27
GGACTTAACCCTGAAGTCAC_005,10
GGACTTAACCCTGAAGTCAC_006,184
GGACTTAACCCTGAAGTCAC_007,49
CAGCCGTGCCACTGAAGGGC_001,146
CAGCCGTGCCACTGAAGGGC_002,11
CAGCCGTGCCACTGAAGGGC_003,134
CAGCCGTGCCACTGAAGGGC_004,15
CAGCCGTGCCACTGAAGGGC_005,20
CAGCCGTGCCACTGAAGGGC_006,101
CAGCCGTGCCACTGAAGGGC_007,20
CAGCCGTGCCACTGAAGGGC_008,43
CAGCCGTGCCACTGAAGGGC_009,70
CAGCCGTGCCACTGAAGGGC_010,153
CAGCCGTGCCACTGAAGGGC_011,56
CAGCCGTGCCACTGAAGGGC_012,28
CAGCCGTGCCACTGAAGGGC_013,191
CAGCCGTGCCACTGAAGGGC_014,80
CCTATGGTTCTCGTTAAGCA_001,88
CCTATGGTTCTCGTTAAGCA_002,94
CCTATGGTTCTCGTTAAGCA_003,138
CCTATGGTTCTCGTTAAGCA_004,52
CCTATGGTTCTCGTTAAGCA_005,27
CCGTCCTTAGGCTAAGATGG_001,1
CCGTCCTTAGGCTAAGATGG_002,102
CCGTCCTTAGGCTAAGATGG_003,61
CCGTCCTTAGGCTAAGATGG_004,63
CCGTCCTTAGGCTAAGATGG_005,15
CCGTCCTTAGGCTAAGATGG_006,67
CCGTCCTTAGGCTAAGATGG_007,79
CCGTCCTTAGGCTAAGATGG_008,9
CCGTCCTTAGGCTAAGATGG_009,8
CCGTCCTTAGGCTAAGATGG_010,96
CCGTCCTTAGGCTAAGATGG_011,124
CCGTCCTTAGGCTAAGATGG_012,1
CCGTCCTTAGGCTAAGATGG_013,146
CCGTCCTTAGGCTAAGATGG_014,8
CCGTCCTTAGGCTAAGATGG_015,12
CCGTCCTTAGGCTAAGATGG_016,53
CCGTCCTTAGGCTAAGATGG_017,147
CCGTCCTTAGGCTAAGATGG_018,149
CCGTCCTTAGGCTAAGATGG_019,101
GAAGAAGGTTTGGATTACGG_001,94
GAAGAAGGTTTGGATTACGG_002,127
GAAGAAGGTTTGGATTACGG_003,139
GAAGAAGGTTTGGATTACGG_004,160
GAAGAAGGTTTGGATTACGG_005,184
GAAGAAGGTTTGGATTACGG_006,94
GAAGAAGGTTTGGATTACGG_007,174
GAAGAAGGTTTGGATTACGG_008,103
GAAGAAGGTTTGGATTACGG_009,145
GAAGAAGGTTTGGATTACGG_010,33
GAAGAAGGTTTGGATTACGG_011,152
GAAGAAGGTTTGGATTACGG_012,52
AAGCCTGCAACAAACGGGAG_001,58
AAGCCTGCAACAAACGGGAG_002,1
AAGCCTGCAACAAACGGGAG_003,169
AAGCCTGCAACAAACGGGAG_004,13
AAGCCTGCAACAAACGGGAG_005,66
ACGCCAGTCTGAAACCCGAA_001,41
ACGCCAGTCTGAAACCCGAA_002,145
ACGCCAGTCTGAAACCCGAA_003,150
ACGCCAGTCTGAAACCCGAA_004,6
ACGCCAGTCTGAAACCCGAA_005,155
ACGCCAGTCTGAAACCCGAA_006,141
ACGCCAGTCTGAAACCCGAA_007,150
ACGCCAGTCTGAAACCCGAA_008,156
CAGGCCCCGCCACTGCACCG_001,119
CAGGCCCCGCCACTGCACCG_002,70
CAGGCCCCGCCACTGCACCG_003,23
CAGGCCCCGCCACTGCACCG_004,168
CAGGCCCCGCCACTGCACCG_005,6
CAGGCCCCGCCACTGCACCG_006,76
CAGGCCCCGCCACTGCACCG_007,98
CAGGCCCCGCCACTGCACCG_008,159
CAGGCCCCGCCACTGCACCG_009,34
CAGGCCCCGCCACTGCACCG_010,127
CAGGCCCCGCCACTGCACCG_011,28
CAGGCCCCGCCACTGCACCG_012,135
CAGGCCCCGCCACTGCACCG_013,94
CAGGCCCCGCCACTGCACCG_014,183
CAGGCCCCGCCACTGCACCG_015,16
CAGGCCCCGCCACTGCACCG_016,113
CAGGCCCCGCCACTGCACCG_017,113
CAGGCCCCGCCACTGCACCG_018,35
CAGGCCCCGCCACTGCACCG_019,81
CAGGCCCCGCCACTGCACCG_020,177
CAGGCCCCGCCACTGCACCG_021,2
CAGGCCCCGCCACTGCACCG_022,183
CAGGCCCCGCCACTGCACCG_023,30
CAGGCCCCGCCACTGCACCG_024,25
CAGGCCCCGCCACTGCACCG_025,176
CAGGCCCCGCCACTGCACCG_026,77
CAGGCCCCGCCACTGCACCG_027,42
CAGGCCCCGCCACTGCACCG_028,196
CAGGCCCCGCCACTGCACCG_029,77
CAGGCCCCGCCACTGCACCG_030,69
CAGGCCCCGCCACTGCACCG_031,123
CAGGCCCCGCCACTGCACCG_032,141
CAGGCCCCGCCACTGCACCG_033,105
CAGGCCCCGCCACTGCACCG_034,96
CAGGCCCCGCCACTGCACCG_035,63
CAGGCCCCGCCACTGCACCG_036,34
CAGGCCCCGCCACTGCACCG_037,48
CAGGCCCCGCCACTGCACCG_038,169
CAGGCCCCGCCACTGCACCG_039,77
CAGGCCCCGCCACTGCACCG_040,99
CAGGCCCCGCCACTGCACCG_041,139
CAGGCCCCGCCACTGCACCG_042,47
CAGGCCCCGCCACTGCACCG_043,123
CAGGCCCCGCCACTGCACCG_044,135
CAGGCCCCGCCACTGCACCG_045,47
CAGGCCCCGCCACTGCACCG_046,0
CAGGCCCCGCCACTGCACCG_047,86
CAGGCCCCGCCACTGCACCG_048,57
CAGGCCCCGCCACTGCACCG_049,165
AGTACCTTTGCCCTCAGGCG_001,23
AGTACCTTTGCCCTCAGGCG_002,60
AGTACCTTTGCCCTCAGGCG_003,148
AGTACCTTTGCCCTCAGGCG_004,4
AGTACCTTTGCCCTCAGGCG_005,170
AGTACCTTTGCCCTCAGGCG_006,60
AGTACCTTTGCCCTCAGGCG_007,78
AGTACCTTTGCCCTCAGGCG_008,82
AGTACCTTTGCCCTCAGGCG_009,73
AGTACCTTTGCCCTCAGGCG_010,8
AGTACCTTTGCCCTCAGGCG_011,167
AGTACCTTTGCCCTCAGGCG_012,122
AGTACCTTTGCCCTCAGGCG_013,48
AGTACCTTTGCCCTCAGGCG_014,125
TGGGGCCCTACCTGGAATCA_001,178
TGGGGCCCTACCTGGAATCA_002,29
TGGGGCCCTACCTGGAATCA_003,150
AATGATGCTTTCCAGAAAGG_001,65
AATGATGCTTTCCAGAAAGG_002,24
AATGATGCTTTCCAGAAAGG_003,83
AATGATGCTTTCCAGAAAGG_004,15
AATGATGCTTTCCAGAAAGG_005,145
AATGATGCTTTCCAGAAAGG_006,40
AATGATGCTTTCCAGAAAGG_007,184
CTTGGACTTTCGCCGAAAGT_001,158
CTTGGACTTTCGCCGAAAGT_002,195
CTTGGACTTTCGCCGAAAGT_003,169
CTTGGACTTTCGCCGAAAGT_004,41
CTTGGACTTTCGCCGAAAGT_005,10
CTTGGACTTTCGCCGAAAGT_006,117
CTTGGACTTTCGCCGAAAGT_007,9
CTTGGACTTTCGCCGAAAGT_008,168
CTTGGACTTTCGCCGAAAGT_009,166
CTTGGACTTTCGCCGAAAGT_010,50
CTTGGACTTTCGCCGAAAGT_011,17
CTTGGACTTTCGCCGAAAGT_012,3
ACCAGGGACTCTGTGGACTG_001,138
ACCAGGGACTCTGTGGACTG_002,62
ACCAGGGACTCTGTGGACTG_003,36
ACCAGGGACTCTGTGGACTG_004,116
ACCAGGGACTCTGTGGACTG_005,27
ACCAGGGACTCTGTGGACTG_006,116
ACCAGGGACTCTGTGGACTG_007,101
ACCAGGGACTCTGTGGACTG_008,157
ACCAGGGACTCTGTGGACTG_009,70
ACCAGGGACTCTGTGGACTG_010,112
ACCAGGGACTCTGTGGACTG_011,29
CCTCGAAGACCTGAAAGGCG_001,130
CCTCGAAGACCTGAAAGGCG_002,53
CCTCGAAGACCTGAAAGGCG_003,158
GGAGCTGACTAGCTTAAGAC_001,53
GGAGCTGACTAGCTTAAGAC_002,188
GGAGCTGACTAGCTTAAGAC_003,182
GGAGCTGACTAGCTTAAGAC_004,183
GGAGCTGACTAGCTTAAGAC_005,9
GGAGCTGACTAGCTTAAGAC_006,144
GGAGCTGACTAGCTTAAGAC_007,5
GGAGCTGACTAGCTTAAGAC_008,140
GGAGCTGACTAGCTTAAGAC_009,177
GGAGCTGACTAGCTTAAGAC_010,17
GGAGCTGACTAGCTTAAGAC_011,162
GGAGCTGACTAGCTTAAGAC_012,158
TGCTTCCTAACCTGTTCAAG_001,75
TGCTTCCTAACCTGTTCAAG_002,105
TGCTTCCTAACCTGTTCAAG_003,133
TGCTTCCTAACCTGTTCAAG_004,58
TCTTCTCTAGGTCTAACTGC_001,196
TCTGGGAGCTCCGTGAATGG_001,62
TAGTTTGCTGATCAAAACCA_001,102
TAGTTTGCTGATCAAAACCA_002,80
TAGTTTGCTGATCAAAACCA_003,178
TAGTTTGCTGATCAAAACCA_004,174
TAGTTTGCTGATCAAAACCA_005,113
TAGTTTGCTGATCAAAACCA_006,1
TAGTTTGCTGATCAAAACCA_007,63
TAGTTTGCTGATCAAAACCA_008,46
TAGTTTGCTGATCAAAACCA_009,166
TAGTTTGCTGATCAAAACCA_010,184
TAGTTTGCTGATCAAAACCA_011,94
TAGTTTGCTGATCAAAACCA_012,136
TAGTTTGCTGATCAAAACCA_013,10
TAGTTTGCTGATCAAAACCA_014,165
ACCACCACGGCCATCCCGTA_001,17
ACCACCACGGCCATCCCGTA_002,138
ACCACCACGGCCATCCCGTA_003,142
ACCACCACGGCCATCCCGTA_004,98
ACCACCACGGCCATCCCGTA_005,11
ACCACCACGGCCATCCCGTA_006,34
ACCACCACGGCCATCCCGTA_007,147
ACCACCACGGCCATCCCGTA_008,197
TTCTTCAAGCAGGCGCACGA_001,84
TTCTTCAAGCAGGCGCACGA_002,119
TTCTTCAAGCAGGCGCACGA_003,123
TTCTTCAAGCAGGCGCACGA_004,68
TTCTTCAAGCAGGCGCACGA_005,160
TTCTTCAAGCAGGCGCACGA_006,39
TTCTTCAAGCAGGCGCACGA_007,35
TTCTTCAAGCAGGCGCACGA_008,177
TTCTTCAAGCAGGCGCACGA_009,86
TTCTTCAAGCAGGCGCACGA_010,49
TTCTTCAAGCAGGCGCACGA_011,76
TTCTTCAAGCAGGCGCACGA_012,145
TTCTTCAAGCAGGCGCACGA_013,145
TTCTTCAAGCAGGCGCACGA_014,67
TTCTTCAAGCAGGCGCACGA_015,91
TTCTTCAAGCAGGCGCACGA_016,143
TTCTTCAAGCAGGCGCACGA_017,143
TTCTTCAAGCAGGCGCACGA_018,161
TTCTTCAAGCAGGCGCACGA_019,133
TTCTTCAAGCAGGCGCACGA_020,30
TTCTTCAAGCAGGCGCACGA_021,50
TTCTTCAAGCAGGCGCACGA_022,184
TTCTTCAAGCAGGCGCACGA_023,48
TTCTTCAAGCAGGCGCACGA_024,160
TTCTTCAAGCAGGCGCACGA_025,33
TTCTTCAAGCAGGCGCACGA_026,102
ATAGTTGCAATCAAACGAGT_001,164
ATAGTTGCAATCAAACGAGT_002,7
ATAGTTGCAATCAAACGAGT_003,136
ATCCGCTCCATCACCGACCA_001,144
ATCCGCTCCATCACCGACCA_002,64
ATCCGCTCCATCACCGACCA_003,62
ATCCGCTCCATCACCGACCA_004,194
ATCCGCTCCATCACCGACCA_005,190
ATCCGCTCCATCACCGACCA_006,16
ATCCGCTCCATCACCGACCA_007,98
ATCCGCTCCATCACCGACCA_008,131
ATCCGCTCCATCACCGACCA_009,15
ATCCGCTCCATCACCGACCA_010,43
ATCCGCTCCATCACCGACCA_011,147
ATCGGGGTAATAGTCCACCG_001,144
ATCGGGGTAATAGTCCACCG_002,49
ATCGGGGTAATAGTCCACCG_003,198
ATCGGGGTAATAGTCCACCG_004,40
GATGTGTTGGCATGCAATGG_001,50
GATGTGTTGGCATGCAATGG_002,62
GATGTGTTGGCATGCAATGG_003,85
GATGTGTTGGCATGCAATGG_004,199
CCCTATGGTCTCGAGCACCC_001,9
CCCTATGGTCTCGAGCACCC_002,127
AGGCGAGCATGCGTTCCCGA_001,40
AGGCGAGCATGCGTTCCCGA_002,25
AGGCGAGCATGCGTTCCCGA_003,141
AGGCGAGCATGCGTTCCCGA_004,50
AGGCGAGCATGCGTTCCCGA_005,13
AGGCGAGCATGCGTTCCCGA_006,155
AGGCGAGCATGCGTTCCCGA_007,98
AGGCGAGCATGCGTTCCCGA_008,160
AGGCGAGCATGCGTTCCCGA_009,136
AGGCGAGCATGCGTTCCCGA_010,7
AGGCGAGCATGCGTTCCCGA_011,7
AGGCGAGCATGCGTTCCCGA_012,86
AGGCGAGCATGCGTTCCCGA_013,131
AGGCGAGCATGCGTTCCCGA_014,188
AGGCGAGCATGCGTTCCCGA_015,134
AGGCGAGCATGCGTTCCCGA_016,70
AGGCGAGCATGCGTTCCCGA_017,60
AGGCGAGCATGCGTTCCCGA_018,133
AGGGATCGTTAGGAAGGGAA_001,137
AGGGATCGTTAGGAAGGGAA_002,116
AGGGATCGTTAGGAAGGGAA_003,60
AGGGATCGTTAGGAAGGGAA_004,49
AGGGATCGTTAGGAAGGGAA_005,166
AGGGATCGTTAGGAAGGGAA_006,174
AGGGATCGTTAGGAAGGGAA_007,113
AGGGATCGTTAGGAAGGGAA_008,198
AGGGATCGTTAGGAAGGGAA_009,48
AGGGATCGTTAGGAAGGGAA_010,5
AGGGATCGTTAGGAAGGGAA_011,186
AGGGATCGTTAGGAAGGGAA_012,187
AGGGATCGTTAGGAAGGGAA_013,185
AGGGATCGTTAGGAAGGGAA_014,45
AGGGATCGTTAGGAAGGGAA_015,184
AGGGATCGTTAGGAAGGGAA_016,158
AGGGATCGTTAGGAAGGGAA_017,33
AGGGATCGTTAGGAAGGGAA_018,187
AGGGATCGTTAGGAAGGGAA_019,31
AGGGATCGTTAGGAAGGGAA_020,169
AGGGATCGTTAGGAAGGGAA_021,198
AGGGATCGTTAGGAAGGGAA_022,189
AGGGATCGTTAGGAAGGGAA_023,113
AGGGATCGTTAGGAAGGGAA_024,21
AGGGATCGTTAGGAAGGGAA_025,134
AGGGATCGTTAGGAAGGGAA_026,196
AGGGATCGTTAGGAAGGGAA_027,158
AGGGATCGTTAGGAAGGGAA_028,56
AGGGATCGTTAGGAAGGGAA_029,148
AGGGATCGTTAGGAAGGGAA_030,61
AGGGATCGTTAGGAAGGGAA_031,10
AGGGATCGTTAGGAAGGGAA_032,164
AGGGATCGTTAGGAAGGGAA_033,151
AGGGATCGTTAGGAAGGGAA_034,13
AGTGTCTGCGACAACTGTGT_001,23
AGTGTCTGCGACAACTGTGT_002,91
AGTGTCTGCGACAACTGTGT_003,104
AGTGTCTGCGACAACTGTGT_004,41
AGTGTCTGCGACAACTGTGT_005,133
AACATTCCGCATAAACGAGG_001,41
AACATTCCGCATAAACGAGG_002,104
AACATTCCGCATAAACGAGG_003,147
AACATTCCGCATAAACGAGG_004,3
CGAGGTCAAAGCACAATACG_001,156
CGAGGTCAAAGCACAATACG_002,35
CGAGGTCAAAGCACAATACG_003,49
CGAGGTCAAAGCACAATACG_004,121
CTCACGTTTGTCACTCTGAG_001,38
CTCACGTTTGTCACTCTGAG_002,88
CTCACGTTTGTCACTCTGAG_003,50
CTCACGTTTGTCACTCTGAG_004,3
CTCACGTTTGTCACTCTGAG_005,155
CTCACGTTTGTCACTCTGAG_006,96
CTCACGTTTGTCACTCTGAG_007,103
CTCACGTTTGTCACTCTGAG_008,176
CAGGAGTCAAGCCCCATGAA_001,115
CAGGAGTCAAGCCCCATGAA_002,72
CAGGAGTCAAGCCCCATGAA_003,151
CAGGAGTCAAGCCCCATGAA_004,154
CAGGAGTCAAGCCCCATGAA_005,150
CAGGAGTCAAGCCCCATGAA_006,53
CAGGAGTCAAGCCCCATGAA_007,77
CAGGAGTCAAGCCCCATGAA_008,94
CAGGAGTCAAGCCCCATGAA_009,48
CAGGAGTCAAGCCCCATGAA_010,19
CAGGAGTCAAGCCCCATGAA_011,98
CAGGAGTCAAGCCCCATGAA_012,0
CAGGAGTCAAGCCCCATGAA_013,191
CAGGAGTCAAGCCCCATGAA_014,115
CAGGAGTCAAGCCCCATGAA_015,178
CAGGAGTCAAGCCCCATGAA_016,52
ATCTGACCTACCCATCTAGG_001,35
ATCTGACCTACCCATCTAGG_002,197
ATCTGACCTACCCATCTAGG_003,29
ATGGTGTAAAGCTTGCGGTG_001,16
ATGGTGTAAAGCTTGCGGTG_002,114
ATGGTGTAAAGCTTGCGGTG_003,191
ATGGTGTAAAGCTTGCGGTG_004,110
ATGGTGTAAAGCTTGCGGTG_005,186
ATGGTGTAAAGCTTGCGGTG_006,30
ATGGTGTAAAGCTTGCGGTG_007,28
ATGGTGTAAAGCTTGCGGTG_008,123
ATGGTGTAAAGCTTGCGGTG_009,10
ATGGTGTAAAGCTTGCGGTG_010,20
ATGGTGTAAAGCTTGCGGTG_011,37
ATGGTGTAAAGCTTGCGGTG_012,195
ATGGTGTAAAGCTTGCGGTG_013,83
ATGGTGTAAAGCTTGCGGTG_014,36
ATGGTGTAAAGCTTGCGGTG_015,128
ATGGTGTAAAGCTTGCGGTG_016,23
ATGGTGTAAAGCTTGCGGTG_017,39
ATGGTGTAAAGCTTGCGGTG_018,75
ATGGTGTAAAGCTTGCGGTG_019,160
CTGGTGAAAGAGTATGCGGC_001,169
CTGGTGAAAGAGTATGCGGC_002,145
CTGGTGAAAGAGTATGCGGC_003,132
CTGGTGAAAGAGTATGCGGC_004,96
CTGGTGAAAGAGTATGCGGC_005,84
CTGGTGAAAGAGTATGCGGC_006,169
CTGGTGAAAGAGTATGCGGC_007,199
CTGGTGAAAGAGTATGCGGC_008,153
CTGGTGAAAGAGTATGCGGC_009,93
CTGGTGAAAGAGTATGCGGC_010,113
CTGGTGAAAGAGTATGCGGC_011,104
CTGGTGAAAGAGTATGCGGC_012,83
CTGGTGAAAGAGTATGCGGC_013,1
CTGGTGAAAGAGTATGCGGC_014,83
CTGGTGAAAGAGTATGCGGC_015,149
CTGGTGAAAGAGTATGCGGC_016,113
CTGGTGAAAGAGTATGCGGC_017,83
CTGGTGAAAGAGTATGCGGC_018,102
CTGGTGAAAGAGTATGCGGC_019,152
CTGGTGAAAGAGTATGCGGC_020,168
CTGGTGAAAGAGTATGCGGC_021,158
CTGGTGAAAGAGTATGCGGC_022,152
CTGGTGAAAGAGTATGCGGC_023,81
CTGGTGAAAGAGTATGCGGC_024,9
CTGGTGAAAGAGTATGCGGC_025,43
CTGGTGAAAGAGTATGCGGC_026,191
CTGGTGAAAGAGTATGCGGC_027,17
CTGGTGAAAGAGTATGCGGC_028,94
CTGGTGAAAGAGTATGCGGC_029,24
TGATCTCGTAGACTTTGAGG_001,105
TGATCTCGTAGACTTTGAGG_002,147
TGATCTCGTAGACTTTGAGG_003,45
TGATCTCGTAGACTTTGAGG_004,60
TTACTCAACCTCGTACACTC_001,121
TTACTCAACCTCGTACACTC_002,157
TTACTCAACCTCGTACACTC_003,40
TTACTCAACCTCGTACACTC_004,65
TTACTCAACCTCGTACACTC_005,158
TTACTCAACCTCGTACACTC_006,75
TTACTCAACCTCGTACACTC_007,102
TTACTCAACCTCGTACACTC_008,48
TTACTCAACCTCGTACACTC_009,159
TTACTCAACCTCGTACACTC_010,77
AACAGTACTTACAAGTATGC_001,57
AACAGTACTTACAAGTATGC_002,90
AACAGTACTTACAAGTATGC_003,158
AACAGTACTTACAAGTATGC_004,127
CCCAGAATGGATATCCTGTG_001,130
CCCAGAATGGATATCCTGTG_002,71
CCCAGAATGGATATCCTGTG_003,58
CCCAGAATGGATATCCTGTG_004,166
CCCAGAATGGATATCCTGTG_005,79
CCCAGAATGGATATCCTGTG_006,68
CTGTGTATGCCCATCGAGAG_001,57
CTGTGTATGCCCATCGAGAG_002,36
CTGTGTATGCCCATCGAGAG_003,63
CTGTGTATGCCCATCGAGAG_004,70
CTGTGTATGCCCATCGAGAG_005,18
CTGTGTATGCCCATCGAGAG_006,140
CTGTGTATGCCCATCGAGAG_007,76
CTGTGTATGCCCATCGAGAG_008,60
CTGTGTATGCCCATCGAGAG_009,111
CTGTGTATGCCCATCGAGAG_010,149
CTGTGTATGCCCATCGAGAG_011,62
CTGTGTATGCCCATCGAGAG_012,176
CTGTGTATGCCCATCGAGAG_013,185
CTGTGTATGCCCATCGAGAG_014,157
CTGTGTATGCCCATCGAGAG_015,157
CTGTGTATGCCCATCGAGAG_016,49
CTGTGTATGCCCATCGAGAG_017,98
AGTGAGCTCTCAAAAAACGT_001,101
CCGTGCCGCCCTTCGCCCAG_001,196
CCGTGCCGCCCTTCGCCCAG_002,97
CCGTGCCGCCCTTCGCCCAG_003,113
CCGTGCCGCCCTTCGCCCAG_004,94
CCGTGCCGCCCTTCGCCCAG_005,17
CCGTGCCGCCCTTCGCCCAG_006,198
CCGTGCCGCCCTTCGCCCAG_007,169
CCGTGCCGCCCTTCGCCCAG_008,2
CCGTGCCGCCCTTCGCCCAG_009,80
CCGTGCCGCCCTTCGCCCAG_010,36
CCGTGCCGCCCTTCGCCCAG_011,119
CCGTGCCGCCCTTCGCCCAG_012,55
CCGTGCCGCCCTTCGCCCAG_013,84
CCGTGCCGCCCTTCGCCCAG_014,12
CCGTGCCGCCCTTCGCCCAG_015,194
CCGTGCCGCCCTTCGCCCAG_016,134
CCGTGCCGCCCTTCGCCCAG_017,12
CCGTGCCGCCCTTCGCCCAG_018,198
CCGTGCCGCCCTTCGCCCAG_019,64
CCGTGCCGCCCTTCGCCCAG_020,12
CCGTGCCGCCCTTCGCCCAG_021,26
CCGTGCCGCCCTTCGCCCAG_022,60
CCGTGCCGCCCTTCGCCCAG_023,136
CCGTGCCGCCCTTCGCCCAG_024,29
CCGTGCCGCCCTTCGCCCAG_025,48
CCGTGCCGCCCTTCGCCCAG_026,40
CCGTGCCGCCCTTCGCCCAG_027,14
CCGTGCCGCCCTTCGCCCAG_028,28
CCGTGCCGCCCTTCGCCCAG_029,126
CCGTGCCGCCCTTCGCCCAG_030,22
CCGTGCCGCCCTTCGCCCAG_031,34
CCGTGCCGCCCTTCGCCCAG_032,115
CCGTGCCGCCCTTCGCCCAG_033,148
ATTTACATTAAGTCATCGAA_001,27
ATTTACATTAAGTCATCGAA_002,184
ATTTACATTAAGTCATCGAA_003,94
ATTTACATTAAGTCATCGAA_004,113
ATTTACATTAAGTCATCGAA_005,108
ATTTACATTAAGTCATCGAA_006,42
ATTTACATTAAGTCATCGAA_007,187
ATTTACATTAAGTCATCGAA_008,127
ATTTACATTAAGTCATCGAA_009,48
ATTTACATTAAGTCATCGAA_010,23
ATTTACATTAAGTCATCGAA_011,185
ATTTACATTAAGTCATCGAA_012,168
ATTTACATTAAGTCATCGAA_013,197
GACCGGACCATCATGCCCGA_001,76
GACCGGACCATCATGCCCGA_002,130
GACCGGACCATCATGCCCGA_003,102
GACCGGACCATCATGCCCGA_004,18
GACCGGACCATCATGCCCGA_005,62
GACCGGACCATCATGCCCGA_006,176
GACCGGACCATCATGCCCGA_007,3
GACCGGACCATCATGCCCGA_008,168
TTGAAACATACAGAAGTCAC_001,91
CTAGACAATAAGTCACATGG_001,66
CTAGACAATAAGTCACATGG_002,165
CTAGACAATAAGTCACATGG_003,64
CTAGACAATAAGTCACATGG_004,53
CAAATGGATGGCGCTCAAAG_001,172
CAAATGGATGGCGCTCAAAG_002,169
CAAATGGATGGCGCTCAAAG_003,191
CAAATGGATGGCGCTCAAAG_004,146
CAAATGGATGGCGCTCAAAG_005,130
CAAATGGATGGCGCTCAAAG_006,162
CAAATGGATGGCGCTCAAAG_007,150
CAAATGGATGGCGCTCAAAG_008,48
CAAATGGATGGCGCTCAAAG_009,45
GATACAGCGCACATAGTGAG_001,181
GATACAGCGCACATAGTGAG_002,169
TCACACAGACATGATCCCGC_001,105
TCACACAGACATGATCCCGC_002,12
TCACACAGACATGATCCCGC_003,171
TCACACAGACATGATCCCGC_004,192
GCGGCTCTCCCAGTCGCCGT_001,4
GCGGCTCTCCCAGTCGCCGT_002,22
GCGGCTCTCCCAGTCGCCGT_003,116
GCGGCTCTCCCAGTCGCCGT_004,167
GCGGCTCTCCCAGTCGCCGT_005,167
GCGGCTCTCCCAGTCGCCGT_006,62
TCCAACAGTTGTTACTACAT_001,8
TCCAACAGTTGTTACTACAT_002,47
TCCAACAGTTGTTACTACAT_003,2
TCCAACAGTTGTTACTACAT_004,173
TCCAACAGTTGTTACTACAT_005,173
TCCAACAGTTGTTACTACAT_006,42
TCCAACAGTTGTTACTACAT_007,23
GGCCATCCGAGCCAACGGAG_001,196
GGCCATCCGAGCCAACGGAG_002,108
GGCCATCCGAGCCAACGGAG_003,34
CGGGCCTATAACACCATCGA_001,189
CGGGCCTATAACACCATCGA_002,102
CGGGCCTATAACACCATCGA_003,146
CGGGCCTATAACACCATCGA_004,77
CGGGCCTATAACACCATCGA_005,98
GTTGAAATACATCGTCTACA_001,98
GTTGAAATACATCGTCTACA_002,13
GTTGAAATACATCGTCTACA_003,30
GTTGAAATACATCGTCTACA_004,17
GTTGAAATACATCGTCTACA_005,41
CCGAGCTGTACTTTACCCCA_001,17
CCGAGCTGTACTTTACCCCA_002,140
CGAACTCGACCTCGATGCTG_001,143
CGAACTCGACCTCGATGCTG_002,121
CGAACTCGACCTCGATGCTG_003,199
CGAACTCGACCTCGATGCTG_004,140
CGAACTCGACCTCGATGCTG_005,137
CGAACTCGACCTCGATGCTG_006,54
CGAACTCGACCTCGATGCTG_007,181
CGAACTCGACCTCGATGCTG_008,137
CGAACTCGACCTCGATGCTG_009,53
CGAACTCGACCTCGATGCTG_010,88
CGAACTCGACCTCGATGCTG_011,67
CGAACTCGACCTCGATGCTG_012,78
CGAACTCGACCTCGATGCTG_013,41
CGAACTCGACCTCGATGCTG_014,179
CGAACTCGACCTCGATGCTG_015,185
CGAACTCGACCTCGATGCTG_016,70
CGAACTCGACCTCGATGCTG_017,183
CGAACTCGACCTCGATGCTG_018,113
CGAACTCGACCTCGATGCTG_019,155
CGAACTCGACCTCGATGCTG_020,26
CGAACTCGACCTCGATGCTG_021,199
CGAACTCGACCTCGATGCTG_022,192
CGAACTCGACCTCGATGCTG_023,169
CGAACTCGACCTCGATGCTG_024,189
CGAACTCGACCTCGATGCTG_025,16
CGAACTCGACCTCGATGCTG_026,52
CGAACTCGACCTCGATGCTG_027,186
CGAACTCGACCTCGATGCTG_028,88
CGAACTCGACCTCGATGCTG_029,136
CGAACTCGACCTCGATGCTG_030,196
CGAACTCGACCTCGATGCTG_031,172
CGAACTCGACCTCGATGCTG_032,124
CGAACTCGACCTCGATGCTG_033,125
CGAACTCGACCTCGATGCTG_034,19
TATGGCACAAGATTCGACGT_001,138
TATGGCACAAGATTCGACGT_002,194
TATGGCACAAGATTCGACGT_003,184
TATGGCACAAGATTCGACGT_004,183
TATGGCACAAGATTCGACGT_005,173
TATGGCACAAGATTCGACGT_006,3
ACTTACAAGCAAACTCGGCA_001,70
ACTTACAAGCAAACTCGGCA_002,160
ACTTACAAGCAAACTCGGCA_003,192
ACTTACAAGCAAACTCGGCA_004,166
ACTTACAAGCAAACTCGGCA_005,115
ACTTACAAGCAAACTCGGCA_006,44
ACTTACAAGCAAACTCGGCA_007,194
ACTTACAAGCAAACTCGGCA_008,156
ACTTACAAGCAAACTCGGCA_009,156
ACTTACAAGCAAACTCGGCA_010,141
ACTTACAAGCAAACTCGGCA_011,120
ACTTACAAGCAAACTCGGCA_012,42
ACTTACAAGCAAACTCGGCA_013,170
ACTTACAAGCAAACTCGGCA_014,58
ACTTACAAGCAAACTCGGCA_015,190
ACTTACAAGCAAACTCGGCA_016,70
ACTTACAAGCAAACTCGGCA_017,137
ACTTACAAGCAAACTCGGCA_018,31
ACTTACAAGCAAACTCGGCA_019,69
ACTTACAAGCAAACTCGGCA_020,81
ACTTACAAGCAAACTCGGCA_021,41
ACAGAACAGAGCCAAATCAA_001,108
ACAGAACAGAGCCAAATCAA_002,76
ACAGAACAGAGCCAAATCAA_003,141
ACAGAACAGAGCCAAATCAA_004,59
ACAGAACAGAGCCAAATCAA_005,76
ACAGAACAGAGCCAAATCAA_006,88
ACAGAACAGAGCCAAATCAA_007,154
ACAGAACAGAGCCAAATCAA_008,73
ACAGAACAGAGCCAAATCAA_009,199
ACAGAACAGAGCCAAATCAA_010,28
ACAGAACAGAGCCAAATCAA_011,19
ACAGAACAGAGCCAAATCAA_012,6
CAATGCCACATGTCACTCCG_001,140
CAATGCCACATGTCACTCCG_002,57
CAATGCCACATGTCACTCCG_003,118
CAATGCCACATGTCACTCCG_004,40
AGGACGTCAACACCACCACG_001,20
AGGACGTCAACACCACCACG_002,48
AGGACGTCAACACCACCACG_003,160
AGGACGTCAACACCACCACG_004,41
AGGACGTCAACACCACCACG_005,166
AGGACGTCAACACCACCACG_006,49
AGGACGTCAACACCACCACG_007,1
AGGACGTCAACACCACCACG_008,6
AGGACGTCAACACCACCACG_009,28
AGGACGTCAACACCACCACG_010,42
AGGACGTCAACACCACCACG_011,148
AGGACGTCAACACCACCACG_012,88
AGGACGTCAACACCACCACG_013,175
AGGACGTCAACACCACCACG_014,178
AGGACGTCAACACCACCACG_015,62
AGGACGTCAACACCACCACG_016,9
AGGACGTCAACACCACCACG_017,35
GATTGATCGAACTGAACCCA_001,115
GATTGATCGAACTGAACCCA_002,169
GATTGATCGAACTGAACCCA_003,22
GATTGATCGAACTGAACCCA_004,170
GATTGATCGAACTGAACCCA_005,126
GATTGATCGAACTGAACCCA_006,31
GATTGATCGAACTGAACCCA_007,89
GATTGATCGAACTGAACCCA_008,142
GATTGATCGAACTGAACCCA_009,101
GATTGATCGAACTGAACCCA_010,168
GATTGATCGAACTGAACCCA_011,105
GATTGATCGAACTGAACCCA_012,117
GATTGATCGAACTGAACCCA_013,2
GATTGATCGAACTGAACCCA_014,94
GATTGATCGAACTGAACCCA_015,57
ACGGGGACCTTGCGTACGAG_001,105
ACGGGGACCTTGCGTACGAG_002,169
ACGGGGACCTTGCGTACGAG_003,34
CAAGATGCTAGACCTGCTAG_001,170
CAAGATGCTAGACCTGCTAG_002,177
CAAGATGCTAGACCTGCTAG_003,88
CAAGATGCTAGACCTGCTAG_004,76
CAAGATGCTAGACCTGCTAG_005,187
CAAGATGCTAGACCTGCTAG_006,15
CAAGATGCTAGACCTGCTAG_007,60
CAAGATGCTAGACCTGCTAG_008,99
CGCCTACCAGTGCATCCGAG_001,150
CGCCTACCAGTGCATCCGAG_002,22
CGCCTACCAGTGCATCCGAG_003,194
CGCCTACCAGTGCATCCGAG_004,186
CGCCTACCAGTGCATCCGAG_005,41
CGCCTACCAGTGCATCCGAG_006,184
CGCCTACCAGTGCATCCGAG_007,108
CGCCTACCAGTGCATCCGAG_008,36
CGCCTACCAGTGCATCCGAG_009,198
CGCCTACCAGTGCATCCGAG_010,112
CGCCTACCAGTGCATCCGAG_011,84
CGCCTACCAGTGCATCCGAG_012,21
CGCCTACCAGTGCATCCGAG_013,55
CGCCTACCAGTGCATCCGAG_014,40
GATCTGATGTAACCTTCCCA_001,55
GATCTGATGTAACCTTCCCA_002,93
GATCTGATGTAACCTTCCCA_003,103
GATCTGATGTAACCTTCCCA_004,89
GATCTGATGTAACCTTCCCA_005,50
GATCTGATGTAACCTTCCCA_006,120
GATCTGATGTAACCTTCCCA_007,52
GGGGGCAACAGTTCCACACG_001,191
GGGGGCAACAGTTCCACACG_002,16
GGGGGCAACAGTTCCACACG_003,51
GGGGGCAACAGTTCCACACG_004,193
GGGGGCAACAGTTCCACACG_005,96
GGGGGCAACAGTTCCACACG_006,111
GGGGGCAACAGTTCCACACG_007,151
GGGGGCAACAGTTCCACACG_008,100
GGGGGCAACAGTTCCACACG_009,17
GGTGACCTGTAAGGGCGCGA_001,20
GGTGACCTGTAAGGGCGCGA_002,130
GGTGACCTGTAAGGGCGCGA_003,196
GGTGACCTGTAAGGGCGCGA_004,89
GGTGACCTGTAAGGGCGCGA_005,126
GGTGACCTGTAAGGGCGCGA_006,48
GGTGACCTGTAAGGGCGCGA_007,30
GGTGACCTGTAAGGGCGCGA_008,48
GGTGACCTGTAAGGGCGCGA_009,49
GGTGACCTGTAAGGGCGCGA_010,166
TTACACTCTGGTGATAAGCA_001,199
TTACACTCTGGTGATAAGCA_002,78
TTACACTCTGGTGATAAGCA_003,133
TTACACTCTGGTGATAAGCA_004,12
TTACACTCTGGTGATAAGCA_005,49
TTACACTCTGGTGATAAGCA_006,148
TTACACTCTGGTGATAAGCA_007,1
TTACACTCTGGTGATAAGCA_008,168
TTACACTCTGGTGATAAGCA_009,172
ACACACCATGGCATCCCCGT_001,126
ACACACCATGGCATCCCCGT_002,50
ACACACCATGGCATCCCCGT_003,158
ACACACCATGGCATCCCCGT_004,61
ACACACCATGGCATCCCCGT_005,64
ACACACCATGGCATCCCCGT_006,108
ACACACCATGGCATCCCCGT_007,163
ACACACCATGGCATCCCCGT_008,106
ACACACCATGGCATCCCCGT_009,52
ACACACCATGGCATCCCCGT_010,4
ACACACCATGGCATCCCCGT_011,46
ACACACCATGGCATCCCCGT_012,69
ACACACCATGGCATCCCCGT_013,70
AAGTGGCCCAACCTCTCATG_001,199
AAGTGGCCCAACCTCTCATG_002,49
AAGTGGCCCAACCTCTCATG_003,6
AAGTGGCCCAACCTCTCATG_004,158
AAGTGGCCCAACCTCTCATG_005,192
AAGTGGCCCAACCTCTCATG_006,47
AAGTGGCCCAACCTCTCATG_007,98
AAGTGGCCCAACCTCTCATG_008,29
AAGTGGCCCAACCTCTCATG_009,115
AAGTGGCCCAACCTCTCATG_010,35
AAGTGGCCCAACCTCTCATG_011,9
AAGTGGCCCAACCTCTCATG_012,56
AAGTGGCCCAACCTCTCATG_013,8
CAGCCAGGACAACAATGCGA_001,76
CAGCCAGGACAACAATGCGA_002,78
CAGCCAGGACAACAATGCGA_003,128
CAGCCAGGACAACAATGCGA_004,88
CAGCCAGGACAACAATGCGA_005,84
CAGCCAGGACAACAATGCGA_006,151
CAGCCAGGACAACAATGCGA_007,76
CAGCCAGGACAACAATGCGA_008,160
CAGCCAGGACAACAATGCGA_009,175
CAGCCAGGACAACAATGCGA_010,60
CAGCCAGGACAACAATGCGA_011,119
CAGCCAGGACAACAATGCGA_012,37
CAGCCAGGACAACAATGCGA_013,60
CAGCCAGGACAACAATGCGA_014,70
CAGCCAGGACAACAATGCGA_015,180
CAGCCAGGACAACAATGCGA_016,2
CTGAAAGGTTCCCTGAGTCG_001,199
CTGAAAGGTTCCCTGAGTCG_002,17
CTGAAAGGTTCCCTGAGTCG_003,190
GGTCCAAGCAGCTCAGTCTG_001,142
GGTCCAAGCAGCTCAGTCTG_002,168
GGTCCAAGCAGCTCAGTCTG_003,116
GGTCCAAGCAGCTCAGTCTG_004,139
GGTCCAAGCAGCTCAGTCTG_005,156
GGTCCAAGCAGCTCAGTCTG_006,174
GGTCCAAGCAGCTCAGTCTG_007,113
TACATACTGGGCCCTCACGT_001,137
TACATACTGGGCCCTCACGT_002,104
TACATACTGGGCCCTCACGT_003,71
TACATACTGGGCCCTCACGT_004,174
TACATACTGGGCCCTCACGT_005,120
TACATACTGGGCCCTCACGT_006,62
TACATACTGGGCCCTCACGT_007,81
TCCAGCTGCACCAAACAGCG_001,164
TCCAGCTGCACCAAACAGCG_002,175
TCCAGCTGCACCAAACAGCG_003,5
TCCAGCTGCACCAAACAGCG_004,73
TCCAGCTGCACCAAACAGCG_005,88
TCCAGCTGCACCAAACAGCG_006,16
TCCAGCTGCACCAAACAGCG_007,171
TCCAGCTGCACCAAACAGCG_008,6
TCCAGCTGCACCAAACAGCG_009,194
TCCAGCTGCACCAAACAGCG_010,13
TCCAGCTGCACCAAACAGCG_011,103
TCCAGCTGCACCAAACAGCG_012,134
TCCAGCTGCACCAAACAGCG_013,80
TCCAGCTGCACCAAACAGCG_014,80
TCCAGCTGCACCAAACAGCG_015,147
TCCAGCTGCACCAAACAGCG_016,134
TCCAGCTGCACCAAACAGCG_017,100
TCCAGCTGCACCAAACAGCG_018,47
TCCAGCTGCACCAAACAGCG_019,20
TCCAGCTGCACCAAACAGCG_020,123
TCCAGCTGCACCAAACAGCG_021,153
TCGGGACACTGCCCTCATCG_001,38
TCGGGACACTGCCCTCATCG_002,172
GGTGAATGTAAACTGTGCAT_001,191
GGTGAATGTAAACTGTGCAT_002,62
GGTGAATGTAAACTGTGCAT_003,90
GGTGAATGTAAACTGTGCAT_004,42
GGTGAATGTAAACTGTGCAT_005,136
GGTGAATGTAAACTGTGCAT_006,182
GGTGAATGTAAACTGTGCAT_007,28
GGTGAATGTAAACTGTGCAT_008,0
GGTGAATGTAAACTGTGCAT_009,118
TATACTTACAGGAAATAGTG_001,88
TATACTTACAGGAAATAGTG_002,149
CACACCGCAGCATAGCACCG_001,114
CACACCGCAGCATAGCACCG_002,141
TCTCCCCGCTCAGGTAGACC_001,191
TCTCCCCGCTCAGGTAGACC_002,48
ACTACCATGTTCTCTACCGA_001,170
ACTACCATGTTCTCTACCGA_002,116
AGTTCCCTTCAGGATGATGG_001,176
AGTTCCCTTCAGGATGATGG_002,33
AGTTCCCTTCAGGATGATGG_003,78
AGTTCCCTTCAGGATGATGG_004,191
AGTTCCCTTCAGGATGATGG_005,112
AGTTCCCTTCAGGATGATGG_006,182
AGTTCCCTTCAGGATGATGG_007,48
AGTTCCCTTCAGGATGATGG_008,103
AGTTCCCTTCAGGATGATGG_009,110
AGTTCCCTTCAGGATGATGG_010,49
AGTTCCCTTCAGGATGATGG_011,120
AGTTCCCTTCAGGATGATGG_012,58
AGTTCCCTTCAGGATGATGG_013,141
AGTTCCCTTCAGGATGATGG_014,58
AGTTCCCTTCAGGATGATGG_015,54
AGTTCCCTTCAGGATGATGG_016,34
AGTTCCCTTCAGGATGATGG_017,166
AGTTCCCTTCAGGATGATGG_018,104
AGTTCCCTTCAGGATGATGG_019,118
AGTTCCCTTCAGGATGATGG_020,188
AGTTCCCTTCAGGATGATGG_021,94
AGTTCCCTTCAGGATGATGG_022,174
ATGATGGCCTTGATGCGGCG_001,189
ATGATGGCCTTGATGCGGCG_002,41
ATGATGGCCTTGATGCGGCG_003,165
ATGATGGCCTTGATGCGGCG_004,158
ATGATGGCCTTGATGCGGCG_005,185
ATGATGGCCTTGATGCGGCG_006,140
ATGATGGCCTTGATGCGGCG_007,55
ATGATGGCCTTGATGCGGCG_008,64
ATGATGGCCTTGATGCGGCG_009,149
ATGATGGCCTTGATGCGGCG_010,157
ATGATGGCCTTGATGCGGCG_011,137
ATGATGGCCTTGATGCGGCG_012,115
ATGATGGCCTTGATGCGGCG_013,78
ATGATGGCCTTGATGCGGCG_014,11
ATGATGGCCTTGATGCGGCG_015,85
ATGATGGCCTTGATGCGGCG_016,191
ATGATGGCCTTGATGCGGCG_017,55
ATGATGGCCTTGATGCGGCG_018,169
ATGATGGCCTTGATGCGGCG_019,142
CCACGGGGTTCACGCCGCGC_001,45
CCACGGGGTTCACGCCGCGC_002,77
CCACGGGGTTCACGCCGCGC_003,145
CCACGGGGTTCACGCCGCGC_004,71
CGATAAACCTCACCTGTCGG_001,63
CGATAAACCTCACCTGTCGG_002,120
CGATAAACCTCACCTGTCGG_003,192
CGATAAACCTCACCTGTCGG_004,35
CGATAAACCTCACCTGTCGG_005,75
CGATAAACCTCACCTGTCGG_006,78
CGATAAACCTCACCTGTCGG_007,170
CGATAAACCTCACCTGTCGG_008,169
CGATAAACCTCACCTGTCGG_009,66
GTAAGATCATGATATACCAC_001,181
GTAAGATCATGATATACCAC_002,132
GTAAGATCATGATATACCAC_003,77
GTAAGATCATGATATACCAC_004,144
GTAAGATCATGATATACCAC_005,3
GCGTCAGCGAAAGCTATGGA_001,15
GCGTCAGCGAAAGCTATGGA_002,75
GCGTCAGCGAAAGCTATGGA_003,146
GCGTCAGCGAAAGCTATGGA_004,169
GCGTCAGCGAAAGCTATGGA_005,45
GCGTCAGCGAAAGCTATGGA_006,8
GCGTCAGCGAAAGCTATGGA_007,13
GCGTCAGCGAAAGCTATGGA_008,20
GCGTCAGCGAAAGCTATGGA_009,84
GCGTCAGCGAAAGCTATGGA_010,150
GCGTCAGCGAAAGCTATGGA_011,105
GCGTCAGCGAAAGCTATGGA_012,110
GCGTCAGCGAAAGCTATGGA_013,97
GCGTCAGCGAAAGCTATGGA_014,23
GCGTCAGCGAAAGCTATGGA_015,199
GCGTCAGCGAAAGCTATGGA_016,63
ATGCTCAGGAGTATGACTCT_001,47
ATGCTCAGGAGTATGACTCT_002,151
ATGCTCAGGAGTATGACTCT_003,60
ATGCTCAGGAGTATGACTCT_004,8
ATGCTCAGGAGTATGACTCT_005,9
ATTTCGTAATAGAAACTGCG_001,5
ATTTCGTAATAGAAACTGCG_002,156
ATTTCGTAATAGAAACTGCG_003,198
ATTTCGTAATAGAAACTGCG_004,185
GAATCGTAGCCACAACCGAA_001,51
GAATCGTAGCCACAACCGAA_002,69
GAATCGTAGCCACAACCGAA_003,2
GAATCGTAGCCACAACCGAA_004,140
GAATCGTAGCCACAACCGAA_005,36
GAATCGTAGCCACAACCGAA_006,6
GAATCGTAGCCACAACCGAA_007,54
GAATCGTAGCCACAACCGAA_008,112
GAATCGTAGCCACAACCGAA_009,78
GAATCGTAGCCACAACCGAA_010,110
GAATCGTAGCCACAACCGAA_011,169
GAATCGTAGCCACAACCGAA_012,112
GAATCGTAGCCACAACCGAA_013,42
GAATCGTAGCCACAACCGAA_014,129
GGGGCCGCCGGAAACCAATG_001,49
GGGGCCGCCGGAAACCAATG_002,163
GGGGCCGCCGGAAACCAATG_003,42
TGGCACCTATGCGCCTGCAG_001,67
TGGCACCTATGCGCCTGCAG_002,44
TGGCACCTATGCGCCTGCAG_003,127
TGGCACCTATGCGCCTGCAG_004,88
TGGCACCTATGCGCCTGCAG_005,5
TGGCACCTATGCGCCTGCAG_006,47
TGGCACCTATGCGCCTGCAG_007,80
AATCCTAACAATCCCTCAGG_001,162
AATCCTAACAATCCCTCAGG_002,112
AATCCTAACAATCCCTCAGG_003,19
AATCCTAACAATCCCTCAGG_004,77
TTCCAAATATGCAGGGGTGT_001,183
ACTGGTGTAGTGGTAGACTC_001,150
ACTGGTGTAGTGGTAGACTC_002,19
ACTGGTGTAGTGGTAGACTC_003,76
GGAGCTGAGTCGCACCAGTG_001,105
GGAGCTGAGTCGCACCAGTG_002,199
GGAGCTGAGTCGCACCAGTG_003,43
GGAGCTGAGTCGCACCAGTG_004,141
GGAGCTGAGTCGCACCAGTG_005,12
GGAGCTGAGTCGCACCAGTG_006,115
GGAGCTGAGTCGCACCAGTG_007,121
GGAGCTGAGTCGCACCAGTG_008,116
GGAGCTGAGTCGCACCAGTG_009,183
GGAGCTGAGTCGCACCAGTG_010,15
GGAGCTGAGTCGCACCAGTG_011,28
GGAGCTGAGTCGCACCAGTG_012,158
GGAGCTGAGTCGCACCAGTG_013,132
GGAGCTGAGTCGCACCAGTG_014,12
GGAGCTGAGTCGCACCAGTG_015,58
GGAGCTGAGTCGCACCAGTG_016,126
GGAGCTGAGTCGCACCAGTG_017,62
GGAGCTGAGTCGCACCAGTG_018,129
TGCTGAAACAGATGAACACA_001,112
TGCTGAAACAGATGAACACA_002,195
TGCTGAAACAGATGAACACA_003,187
TGCTGAAACAGATGAACACA_004,170
TGCTGAAACAGATGAACACA_005,158
TGCTGAAACAGATGAACACA_006,76
TGGTAAAAGGAGGTGCAGGG_001,198
TGGTAAAAGGAGGTGCAGGG_002,44
TGGTAAAAGGAGGTGCAGGG_003,67
TGGTAAAAGGAGGTGCAGGG_004,102
TGGTAAAAGGAGGTGCAGGG_005,22
TGGTAAAAGGAGGTGCAGGG_006,2
TGGTAAAAGGAGGTGCAGGG_007,140
TGGTAAAAGGAGGTGCAGGG_008,107
TGGTAAAAGGAGGTGCAGGG_009,68
TGGTAAAAGGAGGTGCAGGG_010,19
TGGTAAAAGGAGGTGCAGGG_011,178
TGGTAAAAGGAGGTGCAGGG_012,134
AAGGCGGAGACTCTTAGCCG_001,112
AAGGCGGAGACTCTTAGCCG_002,136
AAGGCGGAGACTCTTAGCCG_003,103
AAGGCGGAGACTCTTAGCCG_004,16
AAGGCGGAGACTCTTAGCCG_005,144
AAGGCGGAGACTCTTAGCCG_006,81
AAGGCGGAGACTCTTAGCCG_007,109
CAAGTCCTGACTGTCCACCG_001,56
CAAGTCCTGACTGTCCACCG_002,98
CAAGTCCTGACTGTCCACCG_003,149
CAAGTCCTGACTGTCCACCG_004,126
CAAGTCCTGACTGTCCACCG_005,56
CAAGTCCTGACTGTCCACCG_006,52
CAAGTCCTGACTGTCCACCG_007,51
CAAGTCCTGACTGTCCACCG_008,92
CAAGTCCTGACTGTCCACCG_009,96
CAAGTCCTGACTGTCCACCG_010,80
CAAGTCCTGACTGTCCACCG_011,10
CAAGTCCTGACTGTCCACCG_012,129
GACAGTGAAATTAGCTCCCA_001,65
GACAGTGAAATTAGCTCCCA_002,65
GACAGTGAAATTAGCTCCCA_003,62
GACAGTGAAATTAGCTCCCA_004,70
GACAGTGAAATTAGCTCCCA_005,130
GACAGTGAAATTAGCTCCCA_006,127
GACAGTGAAATTAGCTCCCA_007,193
GACAGTGAAATTAGCTCCCA_008,194
GACAGTGAAATTAGCTCCCA_009,120
GACAGTGAAATTAGCTCCCA_010,197
GACAGTGAAATTAGCTCCCA_011,171
GACAGTGAAATTAGCTCCCA_012,147
GACAGTGAAATTAGCTCCCA_013,94
GACAGTGAAATTAGCTCCCA_014,17
GACAGTGAAATTAGCTCCCA_015,105
GACAGTGAAATTAGCTCCCA_016,169
GACAGTGAAATTAGCTCCCA_017,174
GACAGTGAAATTAGCTCCCA_018,19
GACAGTGAAATTAGCTCCCA_019,77
GACAGTGAAATTAGCTCCCA_020,180
GACAGTGAAATTAGCTCCCA_021,106
GACAGTGAAATTAGCTCCCA_022,34
GACAGTGAAATTAGCTCCCA_023,103
GCAAGTGTGCTATACATCGA_001,19
GCAAGTGTGCTATACATCGA_002,60
GCAAGTGTGCTATACATCGA_003,31
GCCTGGAGGAAATGTTAAAG_001,38
AAAGAATAGTGACGGCATGG_001,141
AGGCACTTAAAGCATTGTTG_001,170
AGGCACTTAAAGCATTGTTG_002,188
AGGCACTTAAAGCATTGTTG_003,60
AGGCACTTAAAGCATTGTTG_004,70
AGGCACTTAAAGCATTGTTG_005,108
AGGCACTTAAAGCATTGTTG_006,12
AGGCACTTAAAGCATTGTTG_007,2
AGGCACTTAAAGCATTGTTG_008,113
AGGCACTTAAAGCATTGTTG_009,2
AGGCACTTAAAGCATTGTTG_010,105
AGGCACTTAAAGCATTGTTG_011,184
AGGCACTTAAAGCATTGTTG_012,108
AGGCACTTAAAGCATTGTTG_013,41
AGGCACTTAAAGCATTGTTG_014,20
GCCGCTACCGTGAGTTCGTG_001,166
GCCGCTACCGTGAGTTCGTG_002,166
GCCGCTACCGTGAGTTCGTG_003,53
GCCGCTACCGTGAGTTCGTG_004,48
GCCGCTACCGTGAGTTCGTG_005,26
GCCGCTACCGTGAGTTCGTG_006,124
GCCGCTACCGTGAGTTCGTG_007,1
GCCGCTACCGTGAGTTCGTG_008,44
GCCGCTACCGTGAGTTCGTG_009,194
GCCGCTACCGTGAGTTCGTG_010,151
GCCGCTACCGTGAGTTCGTG_011,197
GCCGCTACCGTGAGTTCGTG_012,41
GCCGCTACCGTGAGTTCGTG_013,29
GCCGCTACCGTGAGTTCGTG_014,115
GCCGCTACCGTGAGTTCGTG_015,25
GCCGCTACCGTGAGTTCGTG_016,20
GCCGCTACCGTGAGTTCGTG_017,160
GCCGCTACCGTGAGTTCGTG_018,113
TCTGAAAACGCCTTAAGTGG_001,56
TGATCAGGCTAACGGCGACG_001,145
TGATCAGGCTAACGGCGACG_002,56
TGATCAGGCTAACGGCGACG_003,38
TGATCAGGCTAACGGCGACG_004,10
TGATCAGGCTAACGGCGACG_005,40
TGATCAGGCTAACGGCGACG_006,161
TGATCAGGCTAACGGCGACG_007,27
CAATGAAGAGTCCTAGAGTG_001,48
CAATGAAGAGTCCTAGAGTG_002,1
CAATGAAGAGTCCTAGAGTG_003,85
CAATGAAGAGTCCTAGAGTG_004,85
AGACCGGGAGAACAAGCGAA_001,172
AGACCGGGAGAACAAGCGAA_002,9
AGACCGGGAGAACAAGCGAA_003,78
CTGTCCCTACACCAAAGTGG_001,183
CTGTCCCTACACCAAAGTGG_002,4
CTGTCCCTACACCAAAGTGG_003,1
CTGTCCCTACACCAAAGTGG_004,1
CTGTCCCTACACCAAAGTGG_005,58
CTGTCCCTACACCAAAGTGG_006,14
CTGTCCCTACACCAAAGTGG_007,41
CTGTCCCTACACCAAAGTGG_008,16
CTGTCCCTACACCAAAGTGG_009,173
CTGTCCCTACACCAAAGTGG_010,148
CAGGAGTCGCCGATACGCGT_001,81
CAGGAGTCGCCGATACGCGT_002,150
CAGGAGTCGCCGATACGCGT_003,62
CAGGAGTCGCCGATACGCGT_004,53
CAGGAGTCGCCGATACGCGT_005,127
CAGGAGTCGCCGATACGCGT_006,13
CAGGAGTCGCCGATACGCGT_007,195
CAGGAGTCGCCGATACGCGT_008,166
CAGGAGTCGCCGATACGCGT_009,67
CAGGAGTCGCCGATACGCGT_010,67
CAGGAGTCGCCGATACGCGT_011,76
CAGGAGTCGCCGATACGCGT_012,117
CAGGAGTCGCCGATACGCGT_013,155
CAGGAGTCGCCGATACGCGT_014,141
CAGGAGTCGCCGATACGCGT_015,105
CAGGAGTCGCCGATACGCGT_016,76
CAGGAGTCGCCGATACGCGT_017,184
CAGGAGTCGCCGATACGCGT_018,98
CAGGAGTCGCCGATACGCGT_019,77
CAGGAGTCGCCGATACGCGT_020,49
CAGGAGTCGCCGATACGCGT_021,169
CAGGAGTCGCCGATACGCGT_022,135
TCACGGGCATACGAGCAGTA_001,75
TCACGGGCATACGAGCAGTA_002,15
TCACGGGCATACGAGCAGTA_003,106
TCACGGGCATACGAGCAGTA_004,77
TGCGGTCCGACCACTCCGTG_001,76
TGCGGTCCGACCACTCCGTG_002,60
TGCGGTCCGACCACTCCGTG_003,170
TGCGGTCCGACCACTCCGTG_004,62
TGCGGTCCGACCACTCCGTG_005,48
TGCGGTCCGACCACTCCGTG_006,32
TGCGGTCCGACCACTCCGTG_007,37
TGCGGTCCGACCACTCCGTG_008,43
TGCGGTCCGACCACTCCGTG_009,194
TGCGGTCCGACCACTCCGTG_010,83
TGCGGTCCGACCACTCCGTG_011,192
TGCGGTCCGACCACTCCGTG_012,113
TGCGGTCCGACCACTCCGTG_013,114
TGCGGTCCGACCACTCCGTG_014,4
TGCGGTCCGACCACTCCGTG_015,21
TGCGGTCCGACCACTCCGTG_016,188
TGCGGTCCGACCACTCCGTG_017,50
TGCGGTCCGACCACTCCGTG_018,191
TGCGGTCCGACCACTCCGTG_019,23
TGCGGTCCGACCACTCCGTG_020,84
TGCGGTCCGACCACTCCGTG_021,94
TGCGGTCCGACCACTCCGTG_022,76
TGCGGTCCGACCACTCCGTG_023,151
TGCGGTCCGACCACTCCGTG_024,88
TGCGGTCCGACCACTCCGTG_025,129
TGCGGTCCGACCACTCCGTG_026,85
TGCGGTCCGACCACTCCGTG_027,170
TGCGGTCCGACCACTCCGTG_028,144
TGCGGTCCGACCACTCCGTG_029,74
TGCGGTCCGACCACTCCGTG_030,1
TGCGGTCCGACCACTCCGTG_031,177
TGCGGTCCGACCACTCCGTG_032,108
TGCGGTCCGACCACTCCGTG_033,199
TGCTAATTACACCATTGGTG_001,38
TGCTAATTACACCATTGGTG_002,157
TGGGCCATCAGAGTCCAAGG_001,98
TGGGCCATCAGAGTCCAAGG_002,16
TGGGCCATCAGAGTCCAAGG_003,180
TGGGCCATCAGAGTCCAAGG_004,142
TGCACCAGTATGACCTCACC_001,95
ATCTCTGACAGGTCTCACTT_001,169
ATCTCTGACAGGTCTCACTT_002,188
ATCTCTGACAGGTCTCACTT_003,154
ATCTCTGACAGGTCTCACTT_004,12
ATCTCTGACAGGTCTCACTT_005,48
ATCTCTGACAGGTCTCACTT_006,72
ATCTCTGACAGGTCTCACTT_007,12
ATCTCTGACAGGTCTCACTT_008,3
ATCTCTGACAGGTCTCACTT_009,62
ATCTCTGACAGGTCTCACTT_010,180
ACGACTCTGGAGACCGACAA_001,141
ACGACTCTGGAGACCGACAA_002,105
ACGACTCTGGAGACCGACAA_003,148
ACGACTCTGGAGACCGACAA_004,27
ACGACTCTGGAGACCGACAA_005,163
ACGACTCTGGAGACCGACAA_006,54
ACGACTCTGGAGACCGACAA_007,182
ACGACTCTGGAGACCGACAA_008,7
ACGACTCTGGAGACCGACAA_009,7
ACGACTCTGGAGACCGACAA_010,137
ACGACTCTGGAGACCGACAA_011,106
ACGACTCTGGAGACCGACAA_012,48
ACGACTCTGGAGACCGACAA_013,12
ACGACTCTGGAGACCGACAA_014,113
ACGACTCTGGAGACCGACAA_015,83
ACGACTCTGGAGACCGACAA_016,80
ACGACTCTGGAGACCGACAA_017,178
ACGACTCTGGAGACCGACAA_018,132
ACGACTCTGGAGACCGACAA_019,34
ACGACTCTGGAGACCGACAA_020,34
ACGACTCTGGAGACCGACAA_021,182
ACGACTCTGGAGACCGACAA_022,68
ACGACTCTGGAGACCGACAA_023,94
ACGACTCTGGAGACCGACAA_024,81
ACGACTCTGGAGACCGACAA_025,171
ACGACTCTGGAGACCGACAA_026,28
ACGACTCTGGAGACCGACAA_027,26
ACGACTCTGGAGACCGACAA_028,15
ACGACTCTGGAGACCGACAA_029,169
ACGACTCTGGAGACCGACAA_030,88
ACGACTCTGGAGACCGACAA_031,17
ACGACTCTGGAGACCGACAA_032,152
ACGACTCTGGAGACCGACAA_033,135
ACGACTCTGGAGACCGACAA_034,161
ACGACTCTGGAGACCGACAA_035,116
ACGACTCTGGAGACCGACAA_036,133
ACGACTCTGGAGACCGACAA_037,92
ACGACTCTGGAGACCGACAA_038,47
ACGACTCTGGAGACCGACAA_039,178
ACGACTCTGGAGACCGACAA_040,174
ACGACTCTGGAGACCGACAA_041,197
ACGACTCTGGAGACCGACAA_042,2
ACGACTCTGGAGACCGACAA_043,183
ACGACTCTGGAGACCGACAA_044,178
ACGACTCTGGAGACCGACAA_045,108
ACGACTCTGGAGACCGACAA_046,192
ACGACTCTGGAGACCGACAA_047,160
ACGACTCTGGAGACCGACAA_048,40
ACGACTCTGGAGACCGACAA_049,152
ACGACTCTGGAGACCGACAA_050,177
ACGACTCTGGAGACCGACAA_051,19
ACGACTCTGGAGACCGACAA_052,28
CACAAAGTCGTTCTCAAGTG_001,118
CACAAAGTCGTTCTCAAGTG_002,62
CACAAAGTCGTTCTCAAGTG_003,105
CACAAAGTCGTTCTCAAGTG_004,17
CACAAAGTCGTTCTCAAGTG_005,96
AGGCAGGCAAGAAAACCACC_001,89
AGTCCACCTCAATCTCCTTG_001,177
AGTCCACCTCAATCTCCTTG_002,136
AGTCCACCTCAATCTCCTTG_003,156
AGTCCACCTCAATCTCCTTG_004,169
AGTCCACCTCAATCTCCTTG_005,44
AGTCCACCTCAATCTCCTTG_006,162
AGTCCACCTCAATCTCCTTG_007,81
AGTCCACCTCAATCTCCTTG_008,94
AGTCCACCTCAATCTCCTTG_009,8
AGTCCACCTCAATCTCCTTG_010,145
AGTCCACCTCAATCTCCTTG_011,148
AGTCCACCTCAATCTCCTTG_012,102
AGTCCACCTCAATCTCCTTG_013,172
AGTCCACCTCAATCTCCTTG_014,48
ATCCTCATACTCCCAAATTG_001,94
ATCCTCATACTCCCAAATTG_002,192
ATCCTCATACTCCCAAATTG_003,45
ATCCTCATACTCCCAAATTG_004,159
ATCCTCATACTCCCAAATTG_005,62
ATCCTCATACTCCCAAATTG_006,47
ATCCTCATACTCCCAAATTG_007,160
ATCCTCATACTCCCAAATTG_008,56
ATCCTCATACTCCCAAATTG_009,47
GAATACCTTCAAACAACAAG_001,112
TGCAGGTTGCGAGTGTACGC_001,80
TGCAGGTTGCGAGTGTACGC_002,15
TGCAGGTTGCGAGTGTACGC_003,48
TGCAGGTTGCGAGTGTACGC_004,183
TGCAGGTTGCGAGTGTACGC_005,87
TGCAGGTTGCGAGTGTACGC_006,183
TGCAGGTTGCGAGTGTACGC_007,62
TGCAGGTTGCGAGTGTACGC_008,155
TGCAGGTTGCGAGTGTACGC_009,147
TGCAGGTTGCGAGTGTACGC_010,197
TGCAGGTTGCGAGTGTACGC_011,10
TGCAGGTTGCGAGTGTACGC_012,161
TGCAGGTTGCGAGTGTACGC_013,141
TGCAGGTTGCGAGTGTACGC_014,88
TGCAGGTTGCGAGTGTACGC_015,80
TGCAGGTTGCGAGTGTACGC_016,68
TGCAGGTTGCGAGTGTACGC_017,182
TGCAGGTTGCGAGTGTACGC_018,172
TGCAGGTTGCGAGTGTACGC_019,34
TGGAGCCGATTGCAAGACGG_001,15
TGGAGCCGATTGCAAGACGG_002,80
TGGAGCCGATTGCAAGACGG_003,102
TGGAGCCGATTGCAAGACGG_004,116
TGGAGCCGATTGCAAGACGG_005,10
TGGAGCCGATTGCAAGACGG_006,142
TGGAGCCGATTGCAAGACGG_007,77
TGGAGCCGATTGCAAGACGG_008,180
TGGAGCCGATTGCAAGACGG_009,27
AGGAAACAACAGCTAACCGG_001,147
AGGAAACAACAGCTAACCGG_002,167
AGGAAACAACAGCTAACCGG_003,113
AGGAAACAACAGCTAACCGG_004,184
AGGAAACAACAGCTAACCGG_005,75
AGGAAACAACAGCTAACCGG_006,120
AGGAAACAACAGCTAACCGG_007,174
AGGAAACAACAGCTAACCGG_008,156
AGGAAACAACAGCTAACCGG_009,108
AGGAAACAACAGCTAACCGG_010,42
TTCGCCAAGCCCGTCCAGAG_001,27
TTCGCCAAGCCCGTCCAGAG_002,55
TTCGCCAAGCCCGTCCAGAG_003,44
TTTGAAATGTATCAGCGACA_001,191
TTTGAAATGTATCAGCGACA_002,1
CACATATTCTAAAGCGTGAG_001,119
CACATATTCTAAAGCGTGAG_002,43
TCCGTCTGCTTCATGAGCGG_001,25
TCCGTCTGCTTCATGAGCGG_002,107
TCCGTCTGCTTCATGAGCGG_003,91
TCCGTCTGCTTCATGAGCGG_004,40
TCCGTCTGCTTCATGAGCGG_005,188
TCCGTCTGCTTCATGAGCGG_006,48
TCCGTCTGCTTCATGAGCGG_007,169
TCCGTCTGCTTCATGAGCGG_008,172
TCCGTCTGCTTCATGAGCGG_009,48
TCCGTCTGCTTCATGAGCGG_010,137
TCCGTCTGCTTCATGAGCGG_011,182
TCCGTCTGCTTCATGAGCGG_012,80
TCCGTCTGCTTCATGAGCGG_013,78
TCCGTCTGCTTCATGAGCGG_014,83
TCCGTCTGCTTCATGAGCGG_015,48
TCCGTCTGCTTCATGAGCGG_016,72
TCCGTCTGCTTCATGAGCGG_017,92
TCCGTCTGCTTCATGAGCGG_018,187
TCCGTCTGCTTCATGAGCGG_019,103
TCCGTCTGCTTCATGAGCGG_020,135
TCCGTCTGCTTCATGAGCGG_021,166
TCCGTCTGCTTCATGAGCGG_022,16
TCCGTCTGCTTCATGAGCGG_023,183
TCCGTCTGCTTCATGAGCGG_024,78
TCCGTCTGCTTCATGAGCGG_025,195
TCCGTCTGCTTCATGAGCGG_026,19
TCCGTCTGCTTCATGAGCGG_027,50
TCCGTCTGCTTCATGAGCGG_028,95
TCCGTCTGCTTCATGAGCGG_029,35
TCCGTCTGCTTCATGAGCGG_030,130
TCCGTCTGCTTCATGAGCGG_031,148
TCCGTCTGCTTCATGAGCGG_032,65
TCCGTCTGCTTCATGAGCGG_033,62
TCCGTCTGCTTCATGAGCGG_034,88
TCCGTCTGCTTCATGAGCGG_035,12
TCCGTCTGCTTCATGAGCGG_036,37
TCCGTCTGCTTCATGAGCGG_037,172
TCCGTCTGCTTCATGAGCGG_038,136
TCCGTCTGCTTCATGAGCGG_039,162
TCCGTCTGCTTCATGAGCGG_040,70
TCCGTCTGCTTCATGAGCGG_041,138
TCCGTCTGCTTCATGAGCGG_042,162
TCCGTCTGCTTCATGAGCGG_043,162
CAGAACCACAATCCAAGGGG_001,174
CAGAACCACAATCCAAGGGG_002,69
CAGAACCACAATCCAAGGGG_003,94
CAGAACCACAATCCAAGGGG_004,94
CAGAACCACAATCCAAGGGG_005,135
CAGAACCACAATCCAAGGGG_006,50
CAGAACCACAATCCAAGGGG_007,181
CAGAACCACAATCCAAGGGG_008,5
CAGAACCACAATCCAAGGGG_009,2
CAGAACCACAATCCAAGGGG_010,56
CAGAACCACAATCCAAGGGG_011,116
CAGAACCACAATCCAAGGGG_012,58
CAGAACCACAATCCAAGGGG_013,113
CAGAACCACAATCCAAGGGG_014,123
CAGAACCACAATCCAAGGGG_015,35
TGCTAGCCAATGATATACCA_001,47
AGGAAATTTCCACCTTACAA_001,70
AGGAAATTTCCACCTTACAA_002,64
AGGAAATTTCCACCTTACAA_003,76
AGGAAATTTCCACCTTACAA_004,76
AGGAAATTTCCACCTTACAA_005,66
AGGAAATTTCCACCTTACAA_006,194
AGGAAATTTCCACCTTACAA_007,159
AGGAAATTTCCACCTTACAA_008,28
AGGAAATTTCCACCTTACAA_009,62
AACCATTAATGAAATCGGTA_001,50
AACCATTAATGAAATCGGTA_002,185
AACCATTAATGAAATCGGTA_003,93
AGGAACGGAAGGGTTGCTTG_001,40
AGGAACGGAAGGGTTGCTTG_002,184
AGGAACGGAAGGGTTGCTTG_003,132
AGGAACGGAAGGGTTGCTTG_004,115
AGGAACGGAAGGGTTGCTTG_005,196
AGGAACGGAAGGGTTGCTTG_006,1
AGGAACGGAAGGGTTGCTTG_007,170
AGGAACGGAAGGGTTGCTTG_008,28
AGGAACGGAAGGGTTGCTTG_009,137
AGGAACGGAAGGGTTGCTTG_010,175
AGGAACGGAAGGGTTGCTTG_011,56
AGGAACGGAAGGGTTGCTTG_012,168
AGGAACGGAAGGGTTGCTTG_013,20
AGGAACGGAAGGGTTGCTTG_014,71
AGGAACGGAAGGGTTGCTTG_015,115
AGGAACGGAAGGGTTGCTTG_016,145
AGGAACGGAAGGGTTGCTTG_017,147
AGGAACGGAAGGGTTGCTTG_018,98
AGGAACGGAAGGGTTGCTTG_019,15
AGGAACGGAAGGGTTGCTTG_020,186
AGGAACGGAAGGGTTGCTTG_021,42
AGGAACGGAAGGGTTGCTTG_022,198
AGGAACGGAAGGGTTGCTTG_023,185
AGGAACGGAAGGGTTGCTTG_024,83
AGGAACGGAAGGGTTGCTTG_025,78
AGGAACGGAAGGGTTGCTTG_026,171
AGGAACGGAAGGGTTGCTTG_027,102
AGGAACGGAAGGGTTGCTTG_028,19
AGGAACGGAAGGGTTGCTTG_029,13
AGGAACGGAAGGGTTGCTTG_030,148
AGGAACGGAAGGGTTGCTTG_031,159
AGGAACGGAAGGGTTGCTTG_032,130
AGGAACGGAAGGGTTGCTTG_033,124
AGGAACGGAAGGGTTGCTTG_034,82
AGGAACGGAAGGGTTGCTTG_035,168
AGGAACGGAAGGGTTGCTTG_036,119
AGGAACGGAAGGGTTGCTTG_037,52
AGGAACGGAAGGGTTGCTTG_038,129
ACCGAAAGATACCTGCACAT_001,49
ACCGAAAGATACCTGCACAT_002,12
ACCGAAAGATACCTGCACAT_003,1
ACCGAAAGATACCTGCACAT_004,180
ACCGAAAGATACCTGCACAT_005,176
ACCGAAAGATACCTGCACAT_006,57
ACCGAAAGATACCTGCACAT_007,60
ACCGAAAGATACCTGCACAT_008,133
ACCGAAAGATACCTGCACAT_009,141
ACCGAAAGATACCTGCACAT_010,75
ACCGAAAGATACCTGCACAT_011,184
ACCGAAAGATACCTGCACAT_012,80
ACCGAAAGATACCTGCACAT_013,111
ACCGAAAGATACCTGCACAT_014,198
ACCGAAAGATACCTGCACAT_015,137
ACCGAAAGATACCTGCACAT_016,41
ACCGAAAGATACCTGCACAT_017,138
ACCGAAAGATACCTGCACAT_018,102
ACCGAAAGATACCTGCACAT_019,138
ACCGAAAGATACCTGCACAT_020,34
CTCGGATTCGCCAGTCAGGG_001,94
CTCGGATTCGCCAGTCAGGG_002,150
CTCGGATTCGCCAGTCAGGG_003,41
CTCGGATTCGCCAGTCAGGG_004,146
CTCGGATTCGCCAGTCAGGG_005,105
CTCGGATTCGCCAGTCAGGG_006,99
GCCTTCCAACTCTCTCCACG_001,80
GCCTTCCAACTCTCTCCACG_002,65
GCCTTCCAACTCTCTCCACG_003,102
GGGCCCCGTACAGACCATGA_001,42
GGGCCCCGTACAGACCATGA_002,159
GGGCCCCGTACAGACCATGA_003,195
GGGCCCCGTACAGACCATGA_004,34
GGGCCCCGTACAGACCATGA_005,85
AGTCAGACGTGATCTCTCCG_001,119
AGTCAGACGTGATCTCTCCG_002,9
CAGGGCTGTCACCTTCACTG_001,61
CAGGGCTGTCACCTTCACTG_002,188
CAGGGCTGTCACCTTCACTG_003,105
CAGGGCTGTCACCTTCACTG_004,178
CAGGGCTGTCACCTTCACTG_005,26
CAGGGCTGTCACCTTCACTG_006,19
CAGGGCTGTCACCTTCACTG_007,71
CAGGGCTGTCACCTTCACTG_008,162
CAGGGCTGTCACCTTCACTG_009,41
CAGGGCTGTCACCTTCACTG_010,56
CAGGGCTGTCACCTTCACTG_011,32
CAGGGCTGTCACCTTCACTG_012,60
CAGGGCTGTCACCTTCACTG_013,60
CAGGGCTGTCACCTTCACTG_014,127
CAGGGCTGTCACCTTCACTG_015,77
CAGGGCTGTCACCTTCACTG_016,15
CAGGGCTGTCACCTTCACTG_017,150
CAGGGCTGTCACCTTCACTG_018,71
GGATGACGATTGCCAAACAA_001,132
GGATGACGATTGCCAAACAA_002,62
GGATGACGATTGCCAAACAA_003,191
AGAGGGCGCTGAGTCCCTAG_001,107
AGAGGGCGCTGAGTCCCTAG_002,29
AGAGGGCGCTGAGTCCCTAG_003,182
CCACAAACTCTCCAGCCCGA_001,92
CCACAAACTCTCCAGCCCGA_002,42
CCACAAACTCTCCAGCCCGA_003,149
CCACAAACTCTCCAGCCCGA_004,15
GTAGAGCTGTCATTCATCTG_001,98
GTAGAGCTGTCATTCATCTG_002,147
GTAGAGCTGTCATTCATCTG_003,132
GTAGAGCTGTCATTCATCTG_004,95
GTAGAGCTGTCATTCATCTG_005,58
GTTCAGTAAGTTACAGTCCA_001,101
GTTCAGTAAGTTACAGTCCA_002,54
GTTCAGTAAGTTACAGTCCA_003,140
GTTCAGTAAGTTACAGTCCA_004,41
GTTCAGTAAGTTACAGTCCA_005,58
GTTCAGTAAGTTACAGTCCA_006,171
GTTCAGTAAGTTACAGTCCA_007,188
GTTCAGTAAGTTACAGTCCA_008,63
GTTCAGTAAGTTACAGTCCA_009,77
GTTCAGTAAGTTACAGTCCA_010,94
GTTCAGTAAGTTACAGTCCA_011,2
GTTCAGTAAGTTACAGTCCA_012,158
GTTCAGTAAGTTACAGTCCA_013,49
GTTCAGTAAGTTACAGTCCA_014,158
GTTCAGTAAGTTACAGTCCA_015,60
CTGCGTCATGCAACCAGCAA_001,141
CTGCGTCATGCAACCAGCAA_002,127
CTGCGTCATGCAACCAGCAA_003,14
CTGCGTCATGCAACCAGCAA_004,63
CTGCGTCATGCAACCAGCAA_005,106
CTGCGTCATGCAACCAGCAA_006,16
CTGCGTCATGCAACCAGCAA_007,30
CTGCGTCATGCAACCAGCAA_008,76
CTGCGTCATGCAACCAGCAA_009,48
CTGCGTCATGCAACCAGCAA_010,41
CTGCGTCATGCAACCAGCAA_011,105
CTGCGTCATGCAACCAGCAA_012,75
CTGCGTCATGCAACCAGCAA_013,195
CTGCGTCATGCAACCAGCAA_014,104
CTGCGTCATGCAACCAGCAA_015,17
CTGCGTCATGCAACCAGCAA_016,88
CTGCGTCATGCAACCAGCAA_017,57
CTGCGTCATGCAACCAGCAA_018,62
CTGCGTCATGCAACCAGCAA_019,141
CTGCGTCATGCAACCAGCAA_020,76
CTGCGTCATGCAACCAGCAA_021,65
CTGCGTCATGCAACCAGCAA_022,2
CTGCGTCATGCAACCAGCAA_023,103
CTGCGTCATGCAACCAGCAA_024,150
CTGCGTCATGCAACCAGCAA_025,81
CTGCGTCATGCAACCAGCAA_026,165
CTGCGTCATGCAACCAGCAA_027,189
CTGCGTCATGCAACCAGCAA_028,191
CTGCGTCATGCAACCAGCAA_029,62
CTGCGTCATGCAACCAGCAA_030,35
CTGCGTCATGCAACCAGCAA_031,58
CTGCGTCATGCAACCAGCAA_032,134
CTGCGTCATGCAACCAGCAA_033,26
CTGCGTCATGCAACCAGCAA_034,33
CTGCGTCATGCAACCAGCAA_035,197
CTGCGTCATGCAACCAGCAA_036,164
TAATGCAAGGAATGGACCCA_001,13
TAATGCAAGGAATGGACCCA_002,119
TAATGCAAGGAATGGACCCA_003,26
TAATGCAAGGAATGGACCCA_004,158
TAATGCAAGGAATGGACCCA_005,78
TAATGCAAGGAATGGACCCA_006,72
TAATGCAAGGAATGGACCCA_007,57
TAATGCAAGGAATGGACCCA_008,106
TAATGCAAGGAATGGACCCA_009,149
TAATGCAAGGAATGGACCCA_010,103
TAATGCAAGGAATGGACCCA_011,124
TAATGCAAGGAATGGACCCA_012,15
TAATGCAAGGAATGGACCCA_013,197
TAATGCAAGGAATGGACCCA_014,102
TAATGCAAGGAATGGACCCA_015,157
TAATGCAAGGAATGGACCCA_016,8
TAATGCAAGGAATGGACCCA_017,35
TAATGCAAGGAATGGACCCA_018,24
TAATGCAAGGAATGGACCCA_019,163
TAATGCAAGGAATGGACCCA_020,127
TAATGCAAGGAATGGACCCA_021,130
TAATGCAAGGAATGGACCCA_022,43
TAATGCAAGGAATGGACCCA_023,43
TAGGCATCCACTGACCTCGA_001,158
TAGGCATCCACTGACCTCGA_002,58
TAGGCATCCACTGACCTCGA_003,125
TAGGCATCCACTGACCTCGA_004,94
TAGGCATCCACTGACCTCGA_005,121
TAGGCCACCAGCCATAGTAG_001,63
TAGGCCACCAGCCATAGTAG_002,111
TAGGCCACCAGCCATAGTAG_003,97
TAGGCCACCAGCCATAGTAG_004,185
TAGGCCACCAGCCATAGTAG_005,0
TGATCTCAGAGCAACTTACA_001,22
TGATCTCAGAGCAACTTACA_002,14
TGATCTCAGAGCAACTTACA_003,105
TGATCTCAGAGCAACTTACA_004,192
TGATCTCAGAGCAACTTACA_005,9
TGATCTCAGAGCAACTTACA_006,169
TGATCTCAGAGCAACTTACA_007,88
TGATCTCAGAGCAACTTACA_008,41
TGATCTCAGAGCAACTTACA_009,41
TGATCTCAGAGCAACTTACA_010,12
TGATCTCAGAGCAACTTACA_011,63
TGATCTCAGAGCAACTTACA_012,90
TGATCTCAGAGCAACTTACA_013,170
TGTGACTAAGGAGCATCTCC_001,150
TGTGACTAAGGAGCATCTCC_002,107
TGTGACTAAGGAGCATCTCC_003,9
TGTGACTAAGGAGCATCTCC_004,78
TGTGACTAAGGAGCATCTCC_005,130
TGTGACTAAGGAGCATCTCC_006,6
TGTGACTAAGGAGCATCTCC_007,15
TGTGACTAAGGAGCATCTCC_008,188
GTTACAAATAAATACCCTAG_001,130
GTTACAAATAAATACCCTAG_002,147
GTTACAAATAAATACCCTAG_003,59
GTTACAAATAAATACCCTAG_004,161
GTTACAAATAAATACCCTAG_005,8
GTATTAAAGTCACAAAGAGG_001,163
GTATTAAAGTCACAAAGAGG_002,58
GTATTAAAGTCACAAAGAGG_003,9
GTATTAAAGTCACAAAGAGG_004,53
GTATTAAAGTCACAAAGAGG_005,165
AAGCACCAACAATATAGCCC_001,37
TAGCTCGTCATATAAGAGGA_001,78
TAGCTCGTCATATAAGAGGA_002,2
CAATGAACGAGCAACAGCAA_001,130
CAATGAACGAGCAACAGCAA_002,50
CAATGAACGAGCAACAGCAA_003,70
CAATGAACGAGCAACAGCAA_004,60
CAATGAACGAGCAACAGCAA_005,105
CAATGAACGAGCAACAGCAA_006,77
CAATGAACGAGCAACAGCAA_007,6
CAATGAACGAGCAACAGCAA_008,81
CAATGAACGAGCAACAGCAA_009,198
CAATGAACGAGCAACAGCAA_010,199
CAATGAACGAGCAACAGCAA_011,76
CAATGAACGAGCAACAGCAA_012,85
CAATGAACGAGCAACAGCAA_013,122
CAATGAACGAGCAACAGCAA_014,20
CAATGAACGAGCAACAGCAA_015,103
CAATGAACGAGCAACAGCAA_016,33
CAATGAACGAGCAACAGCAA_017,48
CAATGAACGAGCAACAGCAA_018,27
CAATGAACGAGCAACAGCAA_019,54
CAATGAACGAGCAACAGCAA_020,98
GGTTACAGTGCTTCCCCGAG_001,199
GGTTACAGTGCTTCCCCGAG_002,50
GGTTACAGTGCTTCCCCGAG_003,145
GGTTACAGTGCTTCCCCGAG_004,94
GGTTACAGTGCTTCCCCGAG_005,158
GGTTACAGTGCTTCCCCGAG_006,150
GGTTACAGTGCTTCCCCGAG_007,121
GGTTACAGTGCTTCCCCGAG_008,54
GGTTACAGTGCTTCCCCGAG_009,80
GGTTACAGTGCTTCCCCGAG_010,113
GGTTACAGTGCTTCCCCGAG_011,27
GGTTACAGTGCTTCCCCGAG_012,29
GGTTACAGTGCTTCCCCGAG_013,183
GGTTACAGTGCTTCCCCGAG_014,190
GGTTACAGTGCTTCCCCGAG_015,116
GGTTACAGTGCTTCCCCGAG_016,157
GGTTACAGTGCTTCCCCGAG_017,156
GGTTACAGTGCTTCCCCGAG_018,0
GGTTACAGTGCTTCCCCGAG_019,69
AGGTGTCTGCCCTATCAATG_001,158
AGGTGTCTGCCCTATCAATG_002,74
AGGTGTCTGCCCTATCAATG_003,76
AGGTGTCTGCCCTATCAATG_004,74
AGGTGTCTGCCCTATCAATG_005,16
AGGTGTCTGCCCTATCAATG_006,82
GTCACCTATGAAAGTGAACG_001,157
GTCACCTATGAAAGTGAACG_002,140
GTCACCTATGAAAGTGAACG_003,144
GTCACCTATGAAAGTGAACG_004,16
GTCACCTATGAAAGTGAACG_005,174
GTCACCTATGAAAGTGAACG_006,135
GTCACCTATGAAAGTGAACG_007,130
GTCACCTATGAAAGTGAACG_008,54
GTCACCTATGAAAGTGAACG_009,11
GGGGTCAAATGCTCCGTACA_001,34
GGGGTCAAATGCTCCGTACA_002,175
GGGGTCAAATGCTCCGTACA_003,127
GGGGTCAAATGCTCCGTACA_004,183
GGGGTCAAATGCTCCGTACA_005,77
GGGGTCAAATGCTCCGTACA_006,29
GGGGTCAAATGCTCCGTACA_007,27
GGGGTCAAATGCTCCGTACA_008,61
GGGGTCAAATGCTCCGTACA_009,172
GGGGTCAAATGCTCCGTACA_010,87
CCTTTATATTAATCGAGATG_001,150
TACTGTACAATTGTAGCACC_001,138
TACTGTACAATTGTAGCACC_002,29
TACTGTACAATTGTAGCACC_003,127
TCACTCTTGAGTCAATAACC_001,172
TCACTCTTGAGTCAATAACC_002,15
TCACTCTTGAGTCAATAACC_003,60
TCACTCTTGAGTCAATAACC_004,28
GGCCTGAAGCAAAGACATCT_001,136
GGCCTGAAGCAAAGACATCT_002,172
GGCCTGAAGCAAAGACATCT_003,120
GGCCTGAAGCAAAGACATCT_004,40
GGCCTGAAGCAAAGACATCT_005,121
GGCCTGAAGCAAAGACATCT_006,150
GGCCTGAAGCAAAGACATCT_007,16
GGCCTGAAGCAAAGACATCT_008,16
GGCCTGAAGCAAAGACATCT_009,2
GGCCTGAAGCAAAGACATCT_010,191
GGCCTGAAGCAAAGACATCT_011,176
GTGCTAGCGAACATACTGGT_001,1
GTGCTAGCGAACATACTGGT_002,179
GTGCTAGCGAACATACTGGT_003,67
GTGCTAGCGAACATACTGGT_004,16
GTGCTAGCGAACATACTGGT_005,46
GTGCTAGCGAACATACTGGT_006,162
GTGCTAGCGAACATACTGGT_007,165
GTGCTAGCGAACATACTGGT_008,57
GTGCTAGCGAACATACTGGT_009,71
CAGACGAGCAGCTATTCAGG_001,44
CAGACGAGCAGCTATTCAGG_002,20
CAGACGAGCAGCTATTCAGG_003,176
TCCTGCGGAAGTCCTCGGAG_001,169
TCCTGCGGAAGTCCTCGGAG_002,82
TCCTGCGGAAGTCCTCGGAG_003,191
TCCTGCGGAAGTCCTCGGAG_004,81
GATTACCTTTGCTATGGCGA_001,23
GATTACCTTTGCTATGGCGA_002,34
GATTACCTTTGCTATGGCGA_003,113
GATTACCTTTGCTATGGCGA_004,15
GATTACCTTTGCTATGGCGA_005,129
GATTACCTTTGCTATGGCGA_006,58
GATTACCTTTGCTATGGCGA_007,157
GATTACCTTTGCTATGGCGA_008,68
GATTACCTTTGCTATGGCGA_009,115
GATTACCTTTGCTATGGCGA_010,88
GGGATCACCATATCGCTGAA_001,81
GGGATCACCATATCGCTGAA_002,70
GGGATCACCATATCGCTGAA_003,28
GGGATCACCATATCGCTGAA_004,57
GGGATCACCATATCGCTGAA_005,78
GGGATCACCATATCGCTGAA_006,5
GGGATCACCATATCGCTGAA_007,53
GGGATCACCATATCGCTGAA_008,63
GGGATCACCATATCGCTGAA_009,94
GGGATCACCATATCGCTGAA_010,46
GGGATCACCATATCGCTGAA_011,70
GGGATCACCATATCGCTGAA_012,184
GGGATCACCATATCGCTGAA_013,19
GGGATCACCATATCGCTGAA_014,56
GGGATCACCATATCGCTGAA_015,50
GGGATCACCATATCGCTGAA_016,25
GGGATCACCATATCGCTGAA_017,32
CTGGTCGAGATTAGTAAGCG_001,0
CTGGTCGAGATTAGTAAGCG_002,101
CTGGTCGAGATTAGTAAGCG_003,48
GGTGAAGACCCCTGACAACA_001,23
GGTGAAGACCCCTGACAACA_002,23
GGTGAAGACCCCTGACAACA_003,59
GGTGAAGACCCCTGACAACA_004,117
GGTGAAGACCCCTGACAACA_005,14
GGTGAAGACCCCTGACAACA_006,176
GGTGAAGACCCCTGACAACA_007,166
GGTGAAGACCCCTGACAACA_008,142
GGTGAAGACCCCTGACAACA_009,40
GGAAGAGTGTTCATCCACGC_001,147
GGAAGAGTGTTCATCCACGC_002,149
GGAAGAGTGTTCATCCACGC_003,57
GGAAGAGTGTTCATCCACGC_004,62
GGAAGAGTGTTCATCCACGC_005,79
GGAAGAGTGTTCATCCACGC_006,142
GGAAGAGTGTTCATCCACGC_007,138
GGAAGAGTGTTCATCCACGC_008,50
ACGGAGACACACTGTACGTG_001,119
ACGGAGACACACTGTACGTG_002,70
ACGGAGACACACTGTACGTG_003,121
ACGGAGACACACTGTACGTG_004,131
ACGGAGACACACTGTACGTG_005,4
ACGGAGACACACTGTACGTG_006,144
ACGGAGACACACTGTACGTG_007,169
ACGGAGACACACTGTACGTG_008,122
ACGGAGACACACTGTACGTG_009,6
ACGGAGACACACTGTACGTG_010,97
ACGGAGACACACTGTACGTG_011,14
ACGGAGACACACTGTACGTG_012,86
GCAGGTATGTCTTCTCGTAC_001,115
GCAGGTATGTCTTCTCGTAC_002,69
GCAGGTATGTCTTCTCGTAC_003,188
AGACACATGGCAGCACACCA_001,174
AGACACATGGCAGCACACCA_002,124
AGACACATGGCAGCACACCA_003,70
AGACACATGGCAGCACACCA_004,23
AGACACATGGCAGCACACCA_005,4
AGACACATGGCAGCACACCA_006,90
AGACACATGGCAGCACACCA_007,160
AGACACATGGCAGCACACCA_008,118
AGACACATGGCAGCACACCA_009,9
AGACACATGGCAGCACACCA_010,158
AGACACATGGCAGCACACCA_011,5
AGACACATGGCAGCACACCA_012,147
AGACACATGGCAGCACACCA_013,140
AGACACATGGCAGCACACCA_014,197
AGACACATGGCAGCACACCA_015,70
AGACACATGGCAGCACACCA_016,134
AGACACATGGCAGCACACCA_017,196
AGACACATGGCAGCACACCA_018,138
AGACACATGGCAGCACACCA_019,36
AGACACATGGCAGCACACCA_020,150
AGACACATGGCAGCACACCA_021,81
AGACACATGGCAGCACACCA_022,72
AGACACATGGCAGCACACCA_023,161
AGACACATGGCAGCACACCA_024,171
AGACACATGGCAGCACACCA_025,193
AGACACATGGCAGCACACCA_026,46
AGACACATGGCAGCACACCA_027,188
AGACACATGGCAGCACACCA_028,148
AGACACATGGCAGCACACCA_029,160
AGACACATGGCAGCACACCA_030,166
AGACACATGGCAGCACACCA_031,81
AGACACATGGCAGCACACCA_032,10
AGACACATGGCAGCACACCA_033,8
AGACACATGGCAGCACACCA_034,70
AGACACATGGCAGCACACCA_035,78
AGACACATGGCAGCACACCA_036,183
AGACACATGGCAGCACACCA_037,43
AGAAAAATACAGGCTCCCAA_001,48
AGAAAAATACAGGCTCCCAA_002,99
GACCATAATGTTCAGCACTG_001,130
GACCATAATGTTCAGCACTG_002,50
GACCATAATGTTCAGCACTG_003,11
GACCATAATGTTCAGCACTG_004,53
GACCATAATGTTCAGCACTG_005,169
GACCATAATGTTCAGCACTG_006,26
GACCATAATGTTCAGCACTG_007,101
GACCATAATGTTCAGCACTG_008,123
GACCATAATGTTCAGCACTG_009,148
CTTCGACGCCGATGCCCGCG_001,58
CTTCGACGCCGATGCCCGCG_002,58
CTTCGACGCCGATGCCCGCG_003,58
CTTCGACGCCGATGCCCGCG_004,130
CTTCGACGCCGATGCCCGCG_005,111
CTTCGACGCCGATGCCCGCG_006,85
CTTCGACGCCGATGCCCGCG_007,94
CTTCGACGCCGATGCCCGCG_008,153
CTTCGACGCCGATGCCCGCG_009,145
CTGTATATACTTTAGCCTGG_001,79
CCACCACTCACCTATCCCGT_001,5
CCACCACTCACCTATCCCGT_002,79
CCACCACTCACCTATCCCGT_003,32
CCACCACTCACCTATCCCGT_004,96
CACAGCTCCTCACACGGAAG_001,108
TACTACGGCACCGTGCGCTA_001,61
TACTACGGCACCGTGCGCTA_002,116
TACTACGGCACCGTGCGCTA_003,29
TACTACGGCACCGTGCGCTA_004,155
TACTACGGCACCGTGCGCTA_005,28
TACTACGGCACCGTGCGCTA_006,12
TACTACGGCACCGTGCGCTA_007,40
TACTACGGCACCGTGCGCTA_008,8
TACTACGGCACCGTGCGCTA_009,25
TACTACGGCACCGTGCGCTA_010,170
CATCCTGGCCAGTTGCAGTG_001,95
CATCCTGGCCAGTTGCAGTG_002,114
CATCCTGGCCAGTTGCAGTG_003,133
CATCCTGGCCAGTTGCAGTG_004,186
CATCCTGGCCAGTTGCAGTG_005,158
CATCCTGGCCAGTTGCAGTG_006,118
CATCCTGGCCAGTTGCAGTG_007,15
CATCCTGGCCAGTTGCAGTG_008,82
CATCCTGGCCAGTTGCAGTG_009,102
CATCCTGGCCAGTTGCAGTG_010,64
CATCCTGGCCAGTTGCAGTG_011,147
CATCCTGGCCAGTTGCAGTG_012,60
AAGGCCTTAAAGGAGACCAG_001,70
AAGGCCTTAAAGGAGACCAG_002,60
AAGGCCTTAAAGGAGACCAG_003,184
AAGGCCTTAAAGGAGACCAG_004,90
AAGGCCTTAAAGGAGACCAG_005,131
AAGGCCTTAAAGGAGACCAG_006,138
AAGGCCTTAAAGGAGACCAG_007,56
AAGGCCTTAAAGGAGACCAG_008,111
AAGGCCTTAAAGGAGACCAG_009,11
AAGGCCTTAAAGGAGACCAG_010,40
AAGGCCTTAAAGGAGACCAG_011,164
AAGGCCTTAAAGGAGACCAG_012,164
AAGGCCTTAAAGGAGACCAG_013,170
AAGGCCTTAAAGGAGACCAG_014,199
AAGGCCTTAAAGGAGACCAG_015,184
AAGGCCTTAAAGGAGACCAG_016,78
AAGGCCTTAAAGGAGACCAG_017,106
ACACGGACGTGAAACACCGC_001,78
CAAAGCCATAATCCACCGGG_001,162
CAAAGCCATAATCCACCGGG_002,160
CCACTGTACACAGAAATCTG_001,118
CCACTGTACACAGAAATCTG_002,49
CCACTGTACACAGAAATCTG_003,85
CCACTGTACACAGAAATCTG_004,166
CCACTGTACACAGAAATCTG_005,16
CCACTGTACACAGAAATCTG_006,160
CCACTGTACACAGAAATCTG_007,162
CCACTGTACACAGAAATCTG_008,182
CCACTGTACACAGAAATCTG_009,147
CCACTGTACACAGAAATCTG_010,172
CCACTGTACACAGAAATCTG_011,50
CCACTGTACACAGAAATCTG_012,105
GACCAACATAATCGGAACAT_001,104
GACCAACATAATCGGAACAT_002,48
CGGATCTGCTATAGCCCCTG_001,29
AGGTGAGGGAGCGTAAGACA_001,178
AGGTGAGGGAGCGTAAGACA_002,171
AGGTGAGGGAGCGTAAGACA_003,62
AGGTGAGGGAGCGTAAGACA_004,113
AGGTGAGGGAGCGTAAGACA_005,11
GTAAGTGACGATGTCCTCAG_001,142
CAGCAAAGGATAGATTGGCA_001,136
CAGCAAAGGATAGATTGGCA_002,129
CAGCAAAGGATAGATTGGCA_003,147
CAGCAAAGGATAGATTGGCA_004,11
CAGCAAAGGATAGATTGGCA_005,111
CAGCAAAGGATAGATTGGCA_006,68
CAGCAAAGGATAGATTGGCA_007,50
CAGCAAAGGATAGATTGGCA_008,158
CAGCAAAGGATAGATTGGCA_009,77
CAGCAAAGGATAGATTGGCA_010,127
CAGCAAAGGATAGATTGGCA_011,160
CAGCAAAGGATAGATTGGCA_012,162
CCTCCAGCTCAATAACCAGG_001,48
CCTCCAGCTCAATAACCAGG_002,102
CCTCCAGCTCAATAACCAGG_003,69
CCTCCAGCTCAATAACCAGG_004,177
CCTCCAGCTCAATAACCAGG_005,95
CCTCCAGCTCAATAACCAGG_006,169
CCTCCAGCTCAATAACCAGG_007,50
CCTCCAGCTCAATAACCAGG_008,88
CCTCCAGCTCAATAACCAGG_009,2
CCTCCAGCTCAATAACCAGG_010,154
CCTCCAGCTCAATAACCAGG_011,3
CCTCCAGCTCAATAACCAGG_012,138
CCTCCAGCTCAATAACCAGG_013,22
GAGTATTATAACCACCACCC_001,134
TATAATCTTAGTGTTCTGCG_001,166
CTGTATACCTGCACAAGTGG_001,83
CTGTATACCTGCACAAGTGG_002,175
CTGTATACCTGCACAAGTGG_003,35
CTGTATACCTGCACAAGTGG_004,3
CTGTATACCTGCACAAGTGG_005,141
CTGTATACCTGCACAAGTGG_006,0
CTGTATACCTGCACAAGTGG_007,168
CTGTATACCTGCACAAGTGG_008,109
TGAGCAGAACGCACACATGG_001,138
TGAGCAGAACGCACACATGG_002,78
TGAGCAGAACGCACACATGG_003,166
GAGAGAAGTCCTGACCAGGT_001,175
GAGAGAAGTCCTGACCAGGT_002,22
GAGAGAAGTCCTGACCAGGT_003,188
GAGAGAAGTCCTGACCAGGT_004,181
GAGAGAAGTCCTGACCAGGT_005,150
GAGAGAAGTCCTGACCAGGT_006,120
GCTGACAACGCCCACCTACG_001,94
GCTGACAACGCCCACCTACG_002,103
GCTGACAACGCCCACCTACG_003,107
GCTGACAACGCCCACCTACG_004,12
GCTGACAACGCCCACCTACG_005,185
GCTGACAACGCCCACCTACG_006,146
GCTGACAACGCCCACCTACG_007,145
GCTGACAACGCCCACCTACG_008,162
GCTGACAACGCCCACCTACG_009,158
GCTGACAACGCCCACCTACG_010,42
GCTGACAACGCCCACCTACG_011,42
GCTGACAACGCCCACCTACG_012,42
GCTGACAACGCCCACCTACG_013,70
GCTGACAACGCCCACCTACG_014,60
GCTGACAACGCCCACCTACG_015,138
GCTGACAACGCCCACCTACG_016,3
GCTGACAACGCCCACCTACG_017,35
AGCCTTGGGTGTGCTCTGGT_001,67
AGCCTTGGGTGTGCTCTGGT_002,194
AGCCTTGGGTGTGCTCTGGT_003,50
AGCCTTGGGTGTGCTCTGGT_004,184
AGCCTTGGGTGTGCTCTGGT_005,140
AGCCTTGGGTGTGCTCTGGT_006,160
AGCCTTGGGTGTGCTCTGGT_007,1
GTGGAGCACTCACCTTAGGG_001,194
GTGGAGCACTCACCTTAGGG_002,166
GTGGAGCACTCACCTTAGGG_003,168
GTGGAGCACTCACCTTAGGG_004,192
GTGGAGCACTCACCTTAGGG_005,130
GTGGAGCACTCACCTTAGGG_006,53
GTGGAGCACTCACCTTAGGG_007,97
GTGGAGCACTCACCTTAGGG_008,14
GTGGAGCACTCACCTTAGGG_009,174
GTGGAGCACTCACCTTAGGG_010,48
GTGGAGCACTCACCTTAGGG_011,198
GTGGAGCACTCACCTTAGGG_012,129
GTGGAGCACTCACCTTAGGG_013,138
GTGGAGCACTCACCTTAGGG_014,126
GTGGAGCACTCACCTTAGGG_015,191
TATGTAAGCAAGGTACGCGG_001,130
TATGTAAGCAAGGTACGCGG_002,120
TATGTAAGCAAGGTACGCGG_003,171
TATGTAAGCAAGGTACGCGG_004,120
TATGTAAGCAAGGTACGCGG_005,145
TATGTAAGCAAGGTACGCGG_006,146
TATGTAAGCAAGGTACGCGG_007,141
TATGTAAGCAAGGTACGCGG_008,168
TATGTAAGCAAGGTACGCGG_009,50
TATGTAAGCAAGGTACGCGG_010,15
TATGTAAGCAAGGTACGCGG_011,47
TATGTAAGCAAGGTACGCGG_012,13
TATGTAAGCAAGGTACGCGG_013,102
TATGTAAGCAAGGTACGCGG_014,35
TATGTAAGCAAGGTACGCGG_015,49
TATGTAAGCAAGGTACGCGG_016,137
TATGTAAGCAAGGTACGCGG_017,11
TATGTAAGCAAGGTACGCGG_018,175
TATGTAAGCAAGGTACGCGG_019,34
TATGTAAGCAAGGTACGCGG_020,199
TATGTAAGCAAGGTACGCGG_021,137
TATGTAAGCAAGGTACGCGG_022,196
TATGTAAGCAAGGTACGCGG_023,6
TCTCGAGCCGTTATGTCACT_001,76
AGCAAAGAAGAAATCCAGTG_001,54
AGCAAAGAAGAAATCCAGTG_002,159
AGCAAAGAAGAAATCCAGTG_003,15
AGCAAAGAAGAAATCCAGTG_004,130
AGCAAAGAAGAAATCCAGTG_005,98
AGCAAAGAAGAAATCCAGTG_006,128
AGCAAAGAAGAAATCCAGTG_007,59
AGCAAAGAAGAAATCCAGTG_008,67
AGCAAAGAAGAAATCCAGTG_009,73
AGCAAAGAAGAAATCCAGTG_010,149
AGCAAAGAAGAAATCCAGTG_011,43
AGCAAAGAAGAAATCCAGTG_012,154
AGCAAAGAAGAAATCCAGTG_013,81
AGCAAAGAAGAAATCCAGTG_014,147
AGCAAAGAAGAAATCCAGTG_015,137
AGCAAAGAAGAAATCCAGTG_016,82
AGCAAAGAAGAAATCCAGTG_017,132
AGCAAAGAAGAAATCCAGTG_018,6
AGCAAAGAAGAAATCCAGTG_019,112
AGCAAAGAAGAAATCCAGTG_020,161
AGCAAAGAAGAAATCCAGTG_021,56
AGCAAAGAAGAAATCCAGTG_022,160
AGCAAAGAAGAAATCCAGTG_023,199
AGCAAAGAAGAAATCCAGTG_024,197
AGCAAAGAAGAAATCCAGTG_025,152
TGACCTCTACGCACCCATGG_001,169
TGACCTCTACGCACCCATGG_002,73
CCTGTACCATTACCTGACCA_001,48
TTTCATTGTTGGATTCACAG_001,170
TTTCATTGTTGGATTCACAG_002,116
TTTCATTGTTGGATTCACAG_003,43
TTTCATTGTTGGATTCACAG_004,4
TTTCATTGTTGGATTCACAG_005,198
TTTCATTGTTGGATTCACAG_006,88
CATCTATTGAGAACCTGCTG_001,109
CATCTATTGAGAACCTGCTG_002,30
CATCTATTGAGAACCTGCTG_003,149
CATCTATTGAGAACCTGCTG_004,152
CATCTATTGAGAACCTGCTG_005,52
CTGGCCAAAAACTCGGTCGT_001,64
CTGGCCAAAAACTCGGTCGT_002,161
CTGGCCAAAAACTCGGTCGT_003,161
CTGGCCAAAAACTCGGTCGT_004,56
CTGGCCAAAAACTCGGTCGT_005,130
CTGGCCAAAAACTCGGTCGT_006,16
CTGGCCAAAAACTCGGTCGT_007,150
CTGGCCAAAAACTCGGTCGT_008,182
CTGGCCAAAAACTCGGTCGT_009,160
CTGGCCAAAAACTCGGTCGT_010,52
CTGGCCAAAAACTCGGTCGT_011,42
CTGGCCAAAAACTCGGTCGT_012,169
CTGGCCAAAAACTCGGTCGT_013,48
CTGGCCAAAAACTCGGTCGT_014,115
CTGGCCAAAAACTCGGTCGT_015,1
CTGGCCAAAAACTCGGTCGT_016,199
CTGGCCAAAAACTCGGTCGT_017,19
CTGGCCAAAAACTCGGTCGT_018,48
CTGGCCAAAAACTCGGTCGT_019,165
CTGGCCAAAAACTCGGTCGT_020,142
CTGGCCAAAAACTCGGTCGT_021,16
CTGGCCAAAAACTCGGTCGT_022,24
CTGGCCAAAAACTCGGTCGT_023,77
CTGGCCAAAAACTCGGTCGT_024,48
CTGGCCAAAAACTCGGTCGT_025,121
CTGGCCAAAAACTCGGTCGT_026,191
GAAAGTTTCATCGTATCCCG_001,23
GTACCGTGAGGTAGACACGC_001,157
GTACCGTGAGGTAGACACGC_002,132
GTACCGTGAGGTAGACACGC_003,94
GTACCGTGAGGTAGACACGC_004,147
GTACCGTGAGGTAGACACGC_005,9
GTACCGTGAGGTAGACACGC_006,61
GTACCGTGAGGTAGACACGC_007,112
GTACCGTGAGGTAGACACGC_008,29
GTACCGTGAGGTAGACACGC_009,184
GTACCGTGAGGTAGACACGC_010,81
GTACCGTGAGGTAGACACGC_011,174
GTACCGTGAGGTAGACACGC_012,163
GTACCGTGAGGTAGACACGC_013,121
GTACCGTGAGGTAGACACGC_014,60
GTACCGTGAGGTAGACACGC_015,154
GTACCGTGAGGTAGACACGC_016,174
GTACCGTGAGGTAGACACGC_017,104
GTACCGTGAGGTAGACACGC_018,95
GTACCGTGAGGTAGACACGC_019,172
GTACCGTGAGGTAGACACGC_020,125
GTACCGTGAGGTAGACACGC_021,64
GTACCGTGAGGTAGACACGC_022,81
GTACCGTGAGGTAGACACGC_023,184
GTACCGTGAGGTAGACACGC_024,5
GTACCGTGAGGTAGACACGC_025,170
GTACCGTGAGGTAGACACGC_026,153
GTACCGTGAGGTAGACACGC_027,164
GTACCGTGAGGTAGACACGC_028,164
GGTTTCCAACCAAGATCCGG_001,181
GGTTTCCAACCAAGATCCGG_002,165
GGTTTCCAACCAAGATCCGG_003,154
GGTTTCCAACCAAGATCCGG_004,62
GGTTTCCAACCAAGATCCGG_005,29
GGTTTCCAACCAAGATCCGG_006,127
GGTTTCCAACCAAGATCCGG_007,52
GGTTTCCAACCAAGATCCGG_008,150
GTGCCCAAGCGATAACTGAG_001,76
GTGCCCAAGCGATAACTGAG_002,44
GTGCCCAAGCGATAACTGAG_003,5
GTGCCCAAGCGATAACTGAG_004,119
GTGCCCAAGCGATAACTGAG_005,119
GTGCCCAAGCGATAACTGAG_006,85
GTGCCCAAGCGATAACTGAG_007,93
GTGCCCAAGCGATAACTGAG_008,73
GTGCCCAAGCGATAACTGAG_009,48
GTGCCCAAGCGATAACTGAG_010,169
GTGCCCAAGCGATAACTGAG_011,16
GTGCCCAAGCGATAACTGAG_012,81
GTGCCCAAGCGATAACTGAG_013,168
GTGCCCAAGCGATAACTGAG_014,168
GTGCCCAAGCGATAACTGAG_015,186
CTTACAGGCCAGGTTTACAG_001,62
GAAGTTGCAGAAGGCGCCAA_001,62
GAAGTTGCAGAAGGCGCCAA_002,157
GAAGTTGCAGAAGGCGCCAA_003,83
GAAGTTGCAGAAGGCGCCAA_004,25
GAAGTTGCAGAAGGCGCCAA_005,50
GAAGTTGCAGAAGGCGCCAA_006,128
GAAGTTGCAGAAGGCGCCAA_007,170
GAAGTTGCAGAAGGCGCCAA_008,132
GAAGTTGCAGAAGGCGCCAA_009,1
GAAGTTGCAGAAGGCGCCAA_010,1
GAAGTTGCAGAAGGCGCCAA_011,50
GAAGTTGCAGAAGGCGCCAA_012,70
GAAGTTGCAGAAGGCGCCAA_013,63
AATTCTGCATGACACCTGGA_001,58
AATTCTGCATGACACCTGGA_002,11
AATTCTGCATGACACCTGGA_003,102
AATTCTGCATGACACCTGGA_004,115
AATTCTGCATGACACCTGGA_005,115
AATTCTGCATGACACCTGGA_006,6
AATTCTGCATGACACCTGGA_007,136
AATTCTGCATGACACCTGGA_008,94
ACAATGCTAGAAGTCCCCAG_001,178
ACAATGCTAGAAGTCCCCAG_002,28
ACAATGCTAGAAGTCCCCAG_003,120
ACAATGCTAGAAGTCCCCAG_004,166
ACAATGCTAGAAGTCCCCAG_005,115
GAACTGCAATGAAAAGATCG_001,189
GAACTGCAATGAAAAGATCG_002,191
GAACTGCAATGAAAAGATCG_003,95
GAACTGCAATGAAAAGATCG_004,115
GAACTGCAATGAAAAGATCG_005,73
GAACTGCAATGAAAAGATCG_006,78
GAACTGCAATGAAAAGATCG_007,8
GAACTGCAATGAAAAGATCG_008,43
GAACTGCAATGAAAAGATCG_009,75
GAAGGAGCTCACCATTGGCT_001,97
GAAGGAGCTCACCATTGGCT_002,154
GAAGGAGCTCACCATTGGCT_003,120
GAAGGAGCTCACCATTGGCT_004,157
GAAGGAGCTCACCATTGGCT_005,152
GAAGGAGCTCACCATTGGCT_006,15
GAAGGAGCTCACCATTGGCT_007,163
GAAGGAGCTCACCATTGGCT_008,62
GAAGGAGCTCACCATTGGCT_009,12
GAAGGAGCTCACCATTGGCT_010,94
GAAGGAGCTCACCATTGGCT_011,29
GAAGGAGCTCACCATTGGCT_012,53
GAAGGAGCTCACCATTGGCT_013,121
GAAGGAGCTCACCATTGGCT_014,181
GAAGGAGCTCACCATTGGCT_015,78
GAAGGAGCTCACCATTGGCT_016,106
GAAGGAGCTCACCATTGGCT_017,2
GAAGGAGCTCACCATTGGCT_018,42
ATTCCCATAATTATCTGTCA_001,50
ATTCCCATAATTATCTGTCA_002,66
AGCGGGTTGAGGGTGCCGAG_001,136
AGCGGGTTGAGGGTGCCGAG_002,58
AGCGGGTTGAGGGTGCCGAG_003,171
AGCGGGTTGAGGGTGCCGAG_004,198
AGCGGGTTGAGGGTGCCGAG_005,49
AGCGGGTTGAGGGTGCCGAG_006,150
AGCGGGTTGAGGGTGCCGAG_007,41
AGCGGGTTGAGGGTGCCGAG_008,174
AGCGGGTTGAGGGTGCCGAG_009,153
AGCGGGTTGAGGGTGCCGAG_010,25
AGCGGGTTGAGGGTGCCGAG_011,25
AGCGGGTTGAGGGTGCCGAG_012,16
AGCGGGTTGAGGGTGCCGAG_013,105
AGCGGGTTGAGGGTGCCGAG_014,75
AGCGGGTTGAGGGTGCCGAG_015,112
AGCGGGTTGAGGGTGCCGAG_016,134
AGCGGGTTGAGGGTGCCGAG_017,106
AGCGGGTTGAGGGTGCCGAG_018,159
AGCGGGTTGAGGGTGCCGAG_019,7
AGCGGGTTGAGGGTGCCGAG_020,198
AGCGGGTTGAGGGTGCCGAG_021,123
AGCGGGTTGAGGGTGCCGAG_022,128
AGCGGGTTGAGGGTGCCGAG_023,116
GCAAATCCTTCCAAACACGA_001,198
GCAAATCCTTCCAAACACGA_002,68
GCAAATCCTTCCAAACACGA_003,85
GCAAATCCTTCCAAACACGA_004,70
ATGACCCATCCTTGTAGTAG_001,30
ATGACCCATCCTTGTAGTAG_002,84
ATGACCCATCCTTGTAGTAG_003,96
ATGACCCATCCTTGTAGTAG_004,6
ATGACCCATCCTTGTAGTAG_005,37
ATGACCCATCCTTGTAGTAG_006,37
CCCAGACAACGTAAATGTAG_001,132
CCCAGACAACGTAAATGTAG_002,48
CCCAGACAACGTAAATGTAG_003,69
CCCAGACAACGTAAATGTAG_004,169
CCCAGACAACGTAAATGTAG_005,131
CCCAGACAACGTAAATGTAG_006,61
CCCAGACAACGTAAATGTAG_007,78
CCCAGACAACGTAAATGTAG_008,110
CCCAGACAACGTAAATGTAG_009,76
ACCCGCGAGTCGTCGGCCAG_001,113
ACCCGCGAGTCGTCGGCCAG_002,160
ACCCGCGAGTCGTCGGCCAG_003,191
ACCCGCGAGTCGTCGGCCAG_004,177
ACCCGCGAGTCGTCGGCCAG_005,177
ACCCGCGAGTCGTCGGCCAG_006,4
ACCCGCGAGTCGTCGGCCAG_007,50
ACCCGCGAGTCGTCGGCCAG_008,149
ACCCGCGAGTCGTCGGCCAG_009,9
ACCCGCGAGTCGTCGGCCAG_010,136
ACCCGCGAGTCGTCGGCCAG_011,150
ACCCGCGAGTCGTCGGCCAG_012,58
ACCCGCGAGTCGTCGGCCAG_013,187
ACCCGCGAGTCGTCGGCCAG_014,153
ACCCGCGAGTCGTCGGCCAG_015,106
ACCCGCGAGTCGTCGGCCAG_016,115
ACCCGCGAGTCGTCGGCCAG_017,47
GTGGTCCAGGAACTCAGGCG_001,191
GTGGTCCAGGAACTCAGGCG_002,8
GTGGTCCAGGAACTCAGGCG_003,155
GTGGTCCAGGAACTCAGGCG_004,161
GTGGTCCAGGAACTCAGGCG_005,183
GTGGTCCAGGAACTCAGGCG_006,15
GTGGTCCAGGAACTCAGGCG_007,20
GTGGTCCAGGAACTCAGGCG_008,38
GTGGTCCAGGAACTCAGGCG_009,134
GTGGTCCAGGAACTCAGGCG_010,84
GTGGTCCAGGAACTCAGGCG_011,146
GTGGTCCAGGAACTCAGGCG_012,41
GTGGTCCAGGAACTCAGGCG_013,8
GTGGTCCAGGAACTCAGGCG_014,141
GTGGTCCAGGAACTCAGGCG_015,155
GTGGTCCAGGAACTCAGGCG_016,127
GTGGTCCAGGAACTCAGGCG_017,48
GTGGTCCAGGAACTCAGGCG_018,113
GTGGTCCAGGAACTCAGGCG_019,39
GTGGTCCAGGAACTCAGGCG_020,138
GTGGTCCAGGAACTCAGGCG_021,29
GTGGTCCAGGAACTCAGGCG_022,63
GTGGTCCAGGAACTCAGGCG_023,63
GTGGTCCAGGAACTCAGGCG_024,48
GTGGTCCAGGAACTCAGGCG_025,147
GTGGTCCAGGAACTCAGGCG_026,126
GTGGTCCAGGAACTCAGGCG_027,165
GTGGTCCAGGAACTCAGGCG_028,110
TGAACATGTCTATGAGACTG_001,150
TGAACATGTCTATGAGACTG_002,4
TGAACATGTCTATGAGACTG_003,115
TGAACATGTCTATGAGACTG_004,147
TGAACATGTCTATGAGACTG_005,80
TGAACATGTCTATGAGACTG_006,72
TGAGTCATGCGGATTCGGTG_001,9
TGAGTCATGCGGATTCGGTG_002,2
TGAGTCATGCGGATTCGGTG_003,21
TGAGTCATGCGGATTCGGTG_004,159
TGAGTCATGCGGATTCGGTG_005,65
TGAGTCATGCGGATTCGGTG_006,41
TGAGTCATGCGGATTCGGTG_007,60
TGAGTCATGCGGATTCGGTG_008,53
TGAGTCATGCGGATTCGGTG_009,111
TGAGTCATGCGGATTCGGTG_010,130
TGAGTCATGCGGATTCGGTG_011,188
TGAGTCATGCGGATTCGGTG_012,148
TGAGTCATGCGGATTCGGTG_013,8
TGAGTCATGCGGATTCGGTG_014,195
TGAGTCATGCGGATTCGGTG_015,181
TGAGTCATGCGGATTCGGTG_016,32
TGAGTCATGCGGATTCGGTG_017,33
TGAGTCATGCGGATTCGGTG_018,126
TGAGTCATGCGGATTCGGTG_019,40
TGAGTCATGCGGATTCGGTG_020,199
TGAGTCATGCGGATTCGGTG_021,40
TGAGTCATGCGGATTCGGTG_022,29
TGAGTCATGCGGATTCGGTG_023,29
TGAGTCATGCGGATTCGGTG_024,130
TGAGTCATGCGGATTCGGTG_025,34
TGAGTCATGCGGATTCGGTG_026,56
TGAGTGAAGTGCGATATCCG_001,60
TGAGTGAAGTGCGATATCCG_002,64
TGAGTGAAGTGCGATATCCG_003,110
TGAGTGAAGTGCGATATCCG_004,106
ACAAGCAGTTGGAGTCCAGA_001,198
ACAAGCAGTTGGAGTCCAGA_002,145
ACAAGCAGTTGGAGTCCAGA_003,45
ACAAGCAGTTGGAGTCCAGA_004,76
GACATGCCTACTGATAATCC_001,17
GACATGCCTACTGATAATCC_002,127
GACATGCCTACTGATAATCC_003,130
GACATGCCTACTGATAATCC_004,130
GACATGCCTACTGATAATCC_005,188
CCGCAACACGCCCTACGATG_001,84
CCGCAACACGCCCTACGATG_002,116
CCGCAACACGCCCTACGATG_003,139
CCGCAACACGCCCTACGATG_004,72
GCAACTTGATGATGCAAAGA_001,120
GCAACTTGATGATGCAAAGA_002,19
GCAACTTGATGATGCAAAGA_003,76
GCAACTTGATGATGCAAAGA_004,171
GCAACTTGATGATGCAAAGA_005,32
GCAACTTGATGATGCAAAGA_006,39
GCAACTTGATGATGCAAAGA_007,76
GCAACTTGATGATGCAAAGA_008,81
GCAACTTGATGATGCAAAGA_009,4
GCCAATTATCCCGACTAATC_001,166
GACTGTCTGATAACACCTGT_001,93
GACTGTCTGATAACACCTGT_002,78
GACTGTCTGATAACACCTGT_003,15
GACTGTCTGATAACACCTGT_004,27
GACTGTCTGATAACACCTGT_005,188
GACTGTCTGATAACACCTGT_006,23
TGTACCGTCAATGCGTCCGG_001,190
TGTACCGTCAATGCGTCCGG_002,174
TGTACCGTCAATGCGTCCGG_003,62
TGTACCGTCAATGCGTCCGG_004,8
TGTACCGTCAATGCGTCCGG_005,17
TGTACCGTCAATGCGTCCGG_006,9
TGTACCGTCAATGCGTCCGG_007,31
TGTACCGTCAATGCGTCCGG_008,172
TGTACCGTCAATGCGTCCGG_009,162
TGTACCGTCAATGCGTCCGG_010,114
TGTACCGTCAATGCGTCCGG_011,81
TGTACCGTCAATGCGTCCGG_012,155
ACAAGAGGGACAAGCAAAAG_001,23
ACATACTACCTTATTCAGCT_001,169
ACATACTACCTTATTCAGCT_002,2
TGTTCCCATAGGTCTCGGAC_001,111
TGTTCCCATAGGTCTCGGAC_002,70
TGTTCCCATAGGTCTCGGAC_003,42
TGTTCCCATAGGTCTCGGAC_004,148
CACCCCGCCCCTGCGTACAG_001,54
CACCCCGCCCCTGCGTACAG_002,185
CACCCCGCCCCTGCGTACAG_003,191
CACCCCGCCCCTGCGTACAG_004,134
CACCCCGCCCCTGCGTACAG_005,141
CACCCCGCCCCTGCGTACAG_006,63
CACCCCGCCCCTGCGTACAG_007,16
CACCCCGCCCCTGCGTACAG_008,28
CACCCCGCCCCTGCGTACAG_009,84
CACCCCGCCCCTGCGTACAG_010,17
CACCCCGCCCCTGCGTACAG_011,127
CACCCCGCCCCTGCGTACAG_012,104
CACCCCGCCCCTGCGTACAG_013,19
CACCCCGCCCCTGCGTACAG_014,182
CACCCCGCCCCTGCGTACAG_015,144
CACCCCGCCCCTGCGTACAG_016,134
CACCCCGCCCCTGCGTACAG_017,12
GTGTAGCTTGATCTCCGTGA_001,137
GAAGATAAACCACTTTCGTG_001,32
GAAGATAAACCACTTTCGTG_002,84
GAAGATAAACCACTTTCGTG_003,89
GAAGATAAACCACTTTCGTG_004,4
GAAGATAAACCACTTTCGTG_005,72
GAAGATAAACCACTTTCGTG_006,148
GAAGATAAACCACTTTCGTG_007,161
GAAGATAAACCACTTTCGTG_008,36
GAAGATAAACCACTTTCGTG_009,56
AGAACTTCCGTACGACCTCG_001,64
AGAACTTCCGTACGACCTCG_002,183
AGAACTTCCGTACGACCTCG_003,115
AGAACTTCCGTACGACCTCG_004,106
AGAACTTCCGTACGACCTCG_005,147
AGAACTTCCGTACGACCTCG_006,127
AGAACTTCCGTACGACCTCG_007,68
AGAACTTCCGTACGACCTCG_008,81
AGAACTTCCGTACGACCTCG_009,1
AGAACTTCCGTACGACCTCG_010,61
AGAACTTCCGTACGACCTCG_011,146
AGAACTTCCGTACGACCTCG_012,115
AGAACTTCCGTACGACCTCG_013,25
TCCCTGCTGACCAATGACCG_001,166
TCCCTGCTGACCAATGACCG_002,181
TCCCTGCTGACCAATGACCG_003,14
TCCCTGCTGACCAATGACCG_004,119
TCCCTGCTGACCAATGACCG_005,48
TCCCTGCTGACCAATGACCG_006,169
TCCCTGCTGACCAATGACCG_007,170
TCCCTGCTGACCAATGACCG_008,158
TCCCTGCTGACCAATGACCG_009,95
TCCCTGCTGACCAATGACCG_010,5
TCCCTGCTGACCAATGACCG_011,117
TCCCTGCTGACCAATGACCG_012,52
TCCCTGCTGACCAATGACCG_013,177
TCCCTGCTGACCAATGACCG_014,58
TCCCTGCTGACCAATGACCG_015,117
TCCCTGCTGACCAATGACCG_016,77
TCCCTGCTGACCAATGACCG_017,19
TCCCTGCTGACCAATGACCG_018,77
TCCCTGCTGACCAATGACCG_019,165
TCCCTGCTGACCAATGACCG_020,46
TCCCTGCTGACCAATGACCG_021,138
TCCCTGCTGACCAATGACCG_022,10
TCCCTGCTGACCAATGACCG_023,194
TCCCTGCTGACCAATGACCG_024,73
GAGGATGTGTACGAGCTCAG_001,60
GAGGATGTGTACGAGCTCAG_002,185
GAGGATGTGTACGAGCTCAG_003,11
GAGGATGTGTACGAGCTCAG_004,63
GAGGATGTGTACGAGCTCAG_005,103
GAGGATGTGTACGAGCTCAG_006,103
GAGGATGTGTACGAGCTCAG_007,59
GAGGATGTGTACGAGCTCAG_008,88
GAGGATGTGTACGAGCTCAG_009,98
GAGGATGTGTACGAGCTCAG_010,141
GAGGATGTGTACGAGCTCAG_011,52
GAGGATGTGTACGAGCTCAG_012,49
GAGGATGTGTACGAGCTCAG_013,142
GAGGATGTGTACGAGCTCAG_014,62
GAGGATGTGTACGAGCTCAG_015,57
GAGGATGTGTACGAGCTCAG_016,143
ACAGTGAGTTCTGTATGATG_001,162
ACAGTGAGTTCTGTATGATG_002,155
ACAGTGAGTTCTGTATGATG_003,183
ACAGTGAGTTCTGTATGATG_004,102
ACAGTGAGTTCTGTATGATG_005,149
ACAGTGAGTTCTGTATGATG_006,56
ACAGTGAGTTCTGTATGATG_007,176
CAGGTCACCTGATCGACTTG_001,134
CAGGTCACCTGATCGACTTG_002,61
CAGGTCACCTGATCGACTTG_003,10
CAGGTCACCTGATCGACTTG_004,1
CCACATCTCACCCACTGAGG_001,172
CCACATCTCACCCACTGAGG_002,58
CCACATCTCACCCACTGAGG_003,193
CCACATCTCACCCACTGAGG_004,33
TATGTTGTCCAAAAACCCAG_001,9
TATGTTGTCCAAAAACCCAG_002,137
TATGTTGTCCAAAAACCCAG_003,62
TATGTTGTCCAAAAACCCAG_004,182
TATGTTGTCCAAAAACCCAG_005,112
TATGTTGTCCAAAAACCCAG_006,34
TATGTTGTCCAAAAACCCAG_007,48
TATGTTGTCCAAAAACCCAG_008,48
TATGTTGTCCAAAAACCCAG_009,199
TATGTTGTCCAAAAACCCAG_010,95
TATGTTGTCCAAAAACCCAG_011,158
TATGTTGTCCAAAAACCCAG_012,51
TATGTTGTCCAAAAACCCAG_013,7
TATGTTGTCCAAAAACCCAG_014,198
TATGTTGTCCAAAAACCCAG_015,94
GCCATATTGCATGAACACCG_001,85
GCCATATTGCATGAACACCG_002,32
GCCATATTGCATGAACACCG_003,69
GCCATATTGCATGAACACCG_004,157
GCCATATTGCATGAACACCG_005,103
GCCATATTGCATGAACACCG_006,157
GCCATATTGCATGAACACCG_007,186
AAGGAGGATGAGTCAAAAGG_001,98
AAGGAGGATGAGTCAAAAGG_002,12
AAGGAGGATGAGTCAAAAGG_003,55
AAGGAGGATGAGTCAAAAGG_004,0
AAGGAGGATGAGTCAAAAGG_005,75
AAGGAGGATGAGTCAAAAGG_006,4
AAGGAGGATGAGTCAAAAGG_007,9
AAGGAGGATGAGTCAAAAGG_008,99
AAGGAGGATGAGTCAAAAGG_009,145
AAGGAGGATGAGTCAAAAGG_010,196
AAGGAGGATGAGTCAAAAGG_011,22
AAGGAGGATGAGTCAAAAGG_012,41
AAGGAGGATGAGTCAAAAGG_013,8
AAGGAGGATGAGTCAAAAGG_014,134
AAGGAGGATGAGTCAAAAGG_015,98
AAGGAGGATGAGTCAAAAGG_016,35
AAGGAGGATGAGTCAAAAGG_017,108
AAGGAGGATGAGTCAAAAGG_018,180
AAGGAGGATGAGTCAAAAGG_019,14
AAGGAGGATGAGTCAAAAGG_020,68
CACGTTTGCCTGGCACACAG_001,24
CACGTTTGCCTGGCACACAG_002,194
CACGTTTGCCTGGCACACAG_003,9
CACGTTTGCCTGGCACACAG_004,11
CACGTTTGCCTGGCACACAG_005,40
CACGTTTGCCTGGCACACAG_006,26
CACGTTTGCCTGGCACACAG_007,76
CACGTTTGCCTGGCACACAG_008,2
CACGTTTGCCTGGCACACAG_009,104
CACGTTTGCCTGGCACACAG_010,147
CACGTTTGCCTGGCACACAG_011,184
CACGTTTGCCTGGCACACAG_012,149
CACGTTTGCCTGGCACACAG_013,149
CACGTTTGCCTGGCACACAG_014,49
CACGTTTGCCTGGCACACAG_015,88
CACGTTTGCCTGGCACACAG_016,194
CACGTTTGCCTGGCACACAG_017,21
TGACATAGCGGTCGACACTG_001,96
TGACATAGCGGTCGACACTG_002,130
TGACATAGCGGTCGACACTG_003,34
TGACATAGCGGTCGACACTG_004,97
TGACATAGCGGTCGACACTG_005,28
TGACATAGCGGTCGACACTG_006,12
TGACATAGCGGTCGACACTG_007,151
TGACATAGCGGTCGACACTG_008,146
TGACATAGCGGTCGACACTG_009,60
TGACATAGCGGTCGACACTG_010,146
TGACATAGCGGTCGACACTG_011,191
TGACATAGCGGTCGACACTG_012,35
TGACATAGCGGTCGACACTG_013,146
TGACATAGCGGTCGACACTG_014,48
TGACATAGCGGTCGACACTG_015,30
TGACATAGCGGTCGACACTG_016,190
TGACATAGCGGTCGACACTG_017,197
TGACATAGCGGTCGACACTG_018,115
TGACATAGCGGTCGACACTG_019,19
TGACATAGCGGTCGACACTG_020,193
TGACATAGCGGTCGACACTG_021,115
TGACATAGCGGTCGACACTG_022,30
TGACATAGCGGTCGACACTG_023,49
TGACATAGCGGTCGACACTG_024,2
TGACATAGCGGTCGACACTG_025,156
TGACATAGCGGTCGACACTG_026,115
TGACATAGCGGTCGACACTG_027,183
TGACATAGCGGTCGACACTG_028,62
GGTGCCCAACACTTCAGACG_001,106
GAGCTGAGCTCAGAGCCAGA_001,69
GAGCTGAGCTCAGAGCCAGA_002,28
CATTATATGTCACAGTGCCA_001,152
CATTATATGTCACAGTGCCA_002,175
CATTATATGTCACAGTGCCA_003,95
CATTATATGTCACAGTGCCA_004,148
CATTATATGTCACAGTGCCA_005,94
CATTATATGTCACAGTGCCA_006,155
CATTATATGTCACAGTGCCA_007,149
CATTATATGTCACAGTGCCA_008,104
CATTATATGTCACAGTGCCA_009,178
CATTATATGTCACAGTGCCA_010,178
ACATGTCAGTTCATGTTCAG_001,102
ACATGTCAGTTCATGTTCAG_002,113
ACATGTCAGTTCATGTTCAG_003,7
ACATGTCAGTTCATGTTCAG_004,146
ACATGTCAGTTCATGTTCAG_005,41
ACATGTCAGTTCATGTTCAG_006,33
ACATGTCAGTTCATGTTCAG_007,121
CCATAAGCACGGTCAGCTCA_001,198
CCATAAGCACGGTCAGCTCA_002,164
CCATAAGCACGGTCAGCTCA_003,171
CCATAAGCACGGTCAGCTCA_004,116
CCATAAGCACGGTCAGCTCA_005,28
CCATAAGCACGGTCAGCTCA_006,199
CCTCCACAAGTCGTCCGAGT_001,70
CGCGTAACAGCTCCTCGTGG_001,10
CGCGTAACAGCTCCTCGTGG_002,41
CGCGTAACAGCTCCTCGTGG_003,182
CGCGTAACAGCTCCTCGTGG_004,68
CGCGTAACAGCTCCTCGTGG_005,78
CGCGTAACAGCTCCTCGTGG_006,148
GAATGACAGGAAGATGATAG_001,102
GAATGACAGGAAGATGATAG_002,8
GAATGACAGGAAGATGATAG_003,107
GAATGACAGGAAGATGATAG_004,27
GAATGACAGGAAGATGATAG_005,170
GAATGACAGGAAGATGATAG_006,115
AAAAACCCTCCAGACATAGT_001,127
AAAAACCCTCCAGACATAGT_002,48
AAAAACCCTCCAGACATAGT_003,4
AAAAACCCTCCAGACATAGT_004,162
AAAAACCCTCCAGACATAGT_005,70
AAAAACCCTCCAGACATAGT_006,19
AAAAACCCTCCAGACATAGT_007,95
ACTGGGGTCCGGGTTAACAG_001,132
ACTGGGGTCCGGGTTAACAG_002,94
ACTGGGGTCCGGGTTAACAG_003,162
ACTGGGGTCCGGGTTAACAG_004,169
ACTGGGGTCCGGGTTAACAG_005,178
ACTGGGGTCCGGGTTAACAG_006,148
ACTGGGGTCCGGGTTAACAG_007,129
CAGAACAGCATGACAAACAG_001,105
CAGAACAGCATGACAAACAG_002,155
CAGAACAGCATGACAAACAG_003,77
CAGAACAGCATGACAAACAG_004,175
CAGAACAGCATGACAAACAG_005,79
CAGAACAGCATGACAAACAG_006,79
GCCAGGGTAGGACCACACCA_001,30
GCCAGGGTAGGACCACACCA_002,168
GCCAGGGTAGGACCACACCA_003,158
GCCAGGGTAGGACCACACCA_004,168
GCCAGGGTAGGACCACACCA_005,156
GCCAGGGTAGGACCACACCA_006,49
GCCAGGGTAGGACCACACCA_007,152
CAGCACATATCGACTCCGAA_001,94
CAGCACATATCGACTCCGAA_002,183
CAGCACATATCGACTCCGAA_003,190
CAGCACATATCGACTCCGAA_004,117
GATGCATGCTGGTCAAAAGT_001,40
GATGCATGCTGGTCAAAAGT_002,9
GATGCATGCTGGTCAAAAGT_003,29
GGGCCGCGACCGGATCCAGG_001,70
GGGCCGCGACCGGATCCAGG_002,139
GGGCCGCGACCGGATCCAGG_003,147
GGGCCGCGACCGGATCCAGG_004,112
GGGCCGCGACCGGATCCAGG_005,41
GGGCCGCGACCGGATCCAGG_006,32
GGGCCGCGACCGGATCCAGG_007,17
GGGCCGCGACCGGATCCAGG_008,138
GGGCCGCGACCGGATCCAGG_009,145
GGGCCGCGACCGGATCCAGG_010,78
GGGCCGCGACCGGATCCAGG_011,20
GGGTGAAGGAATTTCACACG_001,147
TGGAGCTGCTACGTTTCGGA_001,102
TGGAGCTGCTACGTTTCGGA_002,63
TGGAGCTGCTACGTTTCGGA_003,170
TGGAGTACTCCAGCACACGC_001,113
TGGAGTACTCCAGCACACGC_002,113
TTCCCATTGACTGAACACCG_001,199
TTCCCATTGACTGAACACCG_002,60
TTCCCATTGACTGAACACCG_003,198
TTCCCATTGACTGAACACCG_004,6
TTCCCATTGACTGAACACCG_005,53
TTCCCATTGACTGAACACCG_006,186
TTCCCATTGACTGAACACCG_007,172
TTCCCATTGACTGAACACCG_008,98
AAAACATAAAAGCATAACTG_001,160
AAAACATAAAAGCATAACTG_002,104
AAAACATAAAAGCATAACTG_003,59
AAAACATAAAAGCATAACTG_004,70
AAAACATAAAAGCATAACTG_005,104
AAAACATAAAAGCATAACTG_006,147
AAAACATAAAAGCATAACTG_007,10
AAAACATAAAAGCATAACTG_008,104
AAAACATAAAAGCATAACTG_009,180
AAAACATAAAAGCATAACTG_010,136
AAAACATAAAAGCATAACTG_011,134
AAAACATAAAAGCATAACTG_012,19
TTCCGCAGATAACTACTCCG_001,88
TTCCGCAGATAACTACTCCG_002,8
TTCCGCAGATAACTACTCCG_003,150
TTCCGCAGATAACTACTCCG_004,15
TTCCGCAGATAACTACTCCG_005,163
TTCCGCAGATAACTACTCCG_006,42
TTCCGCAGATAACTACTCCG_007,134
CACCTGTGCAAGGACGAGCG_001,81
CACCTGTGCAAGGACGAGCG_002,96
CACCTGTGCAAGGACGAGCG_003,40
CACCTGTGCAAGGACGAGCG_004,145
CACCTGTGCAAGGACGAGCG_005,23
CACCTGTGCAAGGACGAGCG_006,177
CACCTGTGCAAGGACGAGCG_007,16
CACCTGTGCAAGGACGAGCG_008,84
CACCTGTGCAAGGACGAGCG_009,57
CACCTGTGCAAGGACGAGCG_010,83
CACCTGTGCAAGGACGAGCG_011,146
CACCTGTGCAAGGACGAGCG_012,128
CACCTGTGCAAGGACGAGCG_013,58
CACCTGTGCAAGGACGAGCG_014,147
CACCTGTGCAAGGACGAGCG_015,70
CACCTGTGCAAGGACGAGCG_016,56
CACCTGTGCAAGGACGAGCG_017,137
GAAGAAGACTATAAAAACGA_001,29
GAAGAAGACTATAAAAACGA_002,48
CAGAAGCCAAAAATATCACA_001,56
CAGAAGCCAAAAATATCACA_002,59
AACGACGTCTTCACAACCAG_001,76
AACGACGTCTTCACAACCAG_002,141
AACGACGTCTTCACAACCAG_003,140
AACGACGTCTTCACAACCAG_004,169
AACGACGTCTTCACAACCAG_005,197
AACGACGTCTTCACAACCAG_006,189
AACGACGTCTTCACAACCAG_007,159
AACGACGTCTTCACAACCAG_008,177
AACGACGTCTTCACAACCAG_009,82
AACGACGTCTTCACAACCAG_010,150
AACGACGTCTTCACAACCAG_011,144
AACGACGTCTTCACAACCAG_012,141
AACGACGTCTTCACAACCAG_013,38
AACGACGTCTTCACAACCAG_014,94
AACGACGTCTTCACAACCAG_015,21
AACGACGTCTTCACAACCAG_016,151
AACGACGTCTTCACAACCAG_017,77
AACGACGTCTTCACAACCAG_018,41
AGCCTACAGCCAGTTGTGGA_001,116
AGCCTACAGCCAGTTGTGGA_002,27
AGCCTACAGCCAGTTGTGGA_003,184
AGCCTACAGCCAGTTGTGGA_004,159
AGCCTACAGCCAGTTGTGGA_005,12
AGCCTACAGCCAGTTGTGGA_006,36
AGCCTACAGCCAGTTGTGGA_007,174
AGCCTACAGCCAGTTGTGGA_008,67
AGCCTACAGCCAGTTGTGGA_009,105
AGCCTACAGCCAGTTGTGGA_010,48
AGCCTACAGCCAGTTGTGGA_011,19
AGCCTACAGCCAGTTGTGGA_012,125
AGCCTACAGCCAGTTGTGGA_013,19
AGCCTACAGCCAGTTGTGGA_014,58
AGCCTACAGCCAGTTGTGGA_015,98
AGCCTACAGCCAGTTGTGGA_016,134
AGCCTACAGCCAGTTGTGGA_017,107
AGCCTACAGCCAGTTGTGGA_018,199
AGCCTACAGCCAGTTGTGGA_019,10
AGCCTACAGCCAGTTGTGGA_020,168
AGCCTACAGCCAGTTGTGGA_021,25
AGCCTACAGCCAGTTGTGGA_022,17
AGCCTACAGCCAGTTGTGGA_023,123
AGCCTACAGCCAGTTGTGGA_024,174
GCAATCTTGGGAGTAACCAT_001,142
GCAATCTTGGGAGTAACCAT_002,107
GCAATCTTGGGAGTAACCAT_003,43
GCAATCTTGGGAGTAACCAT_004,48
GCAATCTTGGGAGTAACCAT_005,127
GCAATCTTGGGAGTAACCAT_006,70
GCAATCTTGGGAGTAACCAT_007,128
GCAATCTTGGGAGTAACCAT_008,86
GCAATCTTGGGAGTAACCAT_009,79
GCAATCTTGGGAGTAACCAT_010,162
GCAATCTTGGGAGTAACCAT_011,92
GCAATCTTGGGAGTAACCAT_012,192
GCAATCTTGGGAGTAACCAT_013,35
GCAATCTTGGGAGTAACCAT_014,169
GCAATCTTGGGAGTAACCAT_015,94
GCAATCTTGGGAGTAACCAT_016,56
GCAATCTTGGGAGTAACCAT_017,134
GCAATCTTGGGAGTAACCAT_018,175
GCAATCTTGGGAGTAACCAT_019,8
GCAATCTTGGGAGTAACCAT_020,160
GCAATCTTGGGAGTAACCAT_021,40
GCAATCTTGGGAGTAACCAT_022,46
GCAATCTTGGGAGTAACCAT_023,108
GCACGCGCACAAGCTTCGGG_001,171
GCACGCGCACAAGCTTCGGG_002,161
GCACGCGCACAAGCTTCGGG_003,83
GCACGCGCACAAGCTTCGGG_004,182
GCACGCGCACAAGCTTCGGG_005,190
GCACGCGCACAAGCTTCGGG_006,169
GCACGCGCACAAGCTTCGGG_007,160
GCACGCGCACAAGCTTCGGG_008,145
GCACGCGCACAAGCTTCGGG_009,191
GCACGCGCACAAGCTTCGGG_010,41
GCACGCGCACAAGCTTCGGG_011,192
GCACGCGCACAAGCTTCGGG_012,190
GCACGCGCACAAGCTTCGGG_013,13
GCACGCGCACAAGCTTCGGG_014,14
GCACGCGCACAAGCTTCGGG_015,46
GCACGCGCACAAGCTTCGGG_016,177
GCACGCGCACAAGCTTCGGG_017,134
GCACGCGCACAAGCTTCGGG_018,146
GCACGCGCACAAGCTTCGGG_019,42
GCACGCGCACAAGCTTCGGG_020,42
GCACGCGCACAAGCTTCGGG_021,63
GCACGCGCACAAGCTTCGGG_022,146
GCACGCGCACAAGCTTCGGG_023,124
GCTGGGCTGAGAAACAACAG_001,5
GCTGGGCTGAGAAACAACAG_002,14
GCTGGGCTGAGAAACAACAG_003,77
GCTGGGCTGAGAAACAACAG_004,89
GCTGGGCTGAGAAACAACAG_005,97
GCTGGGCTGAGAAACAACAG_006,2
GCTGGGCTGAGAAACAACAG_007,175
GCTGGGCTGAGAAACAACAG_008,125
GCTGGGCTGAGAAACAACAG_009,105
GCTGGGCTGAGAAACAACAG_010,198
GCTGGGCTGAGAAACAACAG_011,180
GCTGGGCTGAGAAACAACAG_012,113
GCTGGGCTGAGAAACAACAG_013,19
GCTGGGCTGAGAAACAACAG_014,155
GCTGGGCTGAGAAACAACAG_015,91
GCTGGGCTGAGAAACAACAG_016,174
GTGGACTGCATAGTGCTAGT_001,183
GTGGACTGCATAGTGCTAGT_002,146
GTGGACTGCATAGTGCTAGT_003,134
GTGGACTGCATAGTGCTAGT_004,17
GTGGACTGCATAGTGCTAGT_005,176
GTGGACTGCATAGTGCTAGT_006,48
GTGGACTGCATAGTGCTAGT_007,76
GTGGACTGCATAGTGCTAGT_008,175
GTGGACTGCATAGTGCTAGT_009,63
GTGGACTGCATAGTGCTAGT_010,138
GTGGACTGCATAGTGCTAGT_011,68
GTGGACTGCATAGTGCTAGT_012,6
GTGGACTGCATAGTGCTAGT_013,48
GTGGACTGCATAGTGCTAGT_014,29
CAGCAGGTCGAAAACCGGGA_001,143
CAGCAGGTCGAAAACCGGGA_002,16
CAGCAGGTCGAAAACCGGGA_003,162
CAGCAGGTCGAAAACCGGGA_004,56
CAGCAGGTCGAAAACCGGGA_005,128
AATCGCCCACCGTAGCACAT_001,133
AATCGCCCACCGTAGCACAT_002,133
AATCGCCCACCGTAGCACAT_003,43
AATCGCCCACCGTAGCACAT_004,72
AATCGCCCACCGTAGCACAT_005,107
AATCGCCCACCGTAGCACAT_006,15
AATCGCCCACCGTAGCACAT_007,160
AATCGCCCACCGTAGCACAT_008,127
AATCGCCCACCGTAGCACAT_009,57
AATCGCCCACCGTAGCACAT_010,98
AATCGCCCACCGTAGCACAT_011,69
AATCGCCCACCGTAGCACAT_012,60
AATCGCCCACCGTAGCACAT_013,0
AATCGCCCACCGTAGCACAT_014,198
AATCGCCCACCGTAGCACAT_015,62
AATCGCCCACCGTAGCACAT_016,6
AATCGCCCACCGTAGCACAT_017,104
AATCGCCCACCGTAGCACAT_018,47
AATCGCCCACCGTAGCACAT_019,161
AATCGCCCACCGTAGCACAT_020,83
AATCGCCCACCGTAGCACAT_021,22
AATCGCCCACCGTAGCACAT_022,70
AATCGCCCACCGTAGCACAT_023,28
AATCGCCCACCGTAGCACAT_024,138
AATCGCCCACCGTAGCACAT_025,52
AATCGCCCACCGTAGCACAT_026,115
AATCGCCCACCGTAGCACAT_027,45
AATCGCCCACCGTAGCACAT_028,49
AATCGCCCACCGTAGCACAT_029,55
AATCGCCCACCGTAGCACAT_030,197
AATCGCCCACCGTAGCACAT_031,38
AATCGCCCACCGTAGCACAT_032,174
CAGCAGCACACGCCGCACAT_001,49
CAGCAGCACACGCCGCACAT_002,153
CAGCAGCACACGCCGCACAT_003,121
CAGCAGCACACGCCGCACAT_004,75
CAGCAGCACACGCCGCACAT_005,154
CAGCAGCACACGCCGCACAT_006,21
CAGCAGCACACGCCGCACAT_007,43
CAGCAGCACACGCCGCACAT_008,121
CAGCAGCACACGCCGCACAT_009,104
CAGCAGCACACGCCGCACAT_010,120
CAGCAGCACACGCCGCACAT_011,182
CAGCAGCACACGCCGCACAT_012,150
CAGCAGCACACGCCGCACAT_013,19
CAGCAGCACACGCCGCACAT_014,62
CAGCAGCACACGCCGCACAT_015,154
CAGCAGCACACGCCGCACAT_016,147
CAGCAGCACACGCCGCACAT_017,12
CAGCAGCACACGCCGCACAT_018,158
CAGCAGCACACGCCGCACAT_019,13
CAGCAGCACACGCCGCACAT_020,68
AGAATATCTTTGTAACATAG_001,106
CTGTCAAGGCCAAGTTACTG_001,16
CTGTCAAGGCCAAGTTACTG_002,60
CTGTCAAGGCCAAGTTACTG_003,77
CTGTCAAGGCCAAGTTACTG_004,112
CTGTCAAGGCCAAGTTACTG_005,102
CTGTCAAGGCCAAGTTACTG_006,102
CTGTCAAGGCCAAGTTACTG_007,60
CTGTCAAGGCCAAGTTACTG_008,192
CTGTCAAGGCCAAGTTACTG_009,159
CTTCGACGCCATCGTGCTCA_001,65
CTTCGACGCCATCGTGCTCA_002,125
CTTCGACGCCATCGTGCTCA_003,108
CTTCGACGCCATCGTGCTCA_004,155
CTTCGACGCCATCGTGCTCA_005,16
CTTCGACGCCATCGTGCTCA_006,178
CTTCGACGCCATCGTGCTCA_007,72
AGACTCGAATTGCAGACTGG_001,52
AGACTCGAATTGCAGACTGG_002,57
AGACTCGAATTGCAGACTGG_003,65
AGACTCGAATTGCAGACTGG_004,169
AGACTCGAATTGCAGACTGG_005,68
AGACTCGAATTGCAGACTGG_006,75
AGACTCGAATTGCAGACTGG_007,156
AGACTCGAATTGCAGACTGG_008,101
AGACTCGAATTGCAGACTGG_009,16
AGACTCGAATTGCAGACTGG_010,12
AGACTCGAATTGCAGACTGG_011,118
AGACTCGAATTGCAGACTGG_012,96
AGACTCGAATTGCAGACTGG_013,170
AGACTCGAATTGCAGACTGG_014,133
AGACTCGAATTGCAGACTGG_015,64
GGGGTAGATTCTGCCCCACG_001,17
GGGGTAGATTCTGCCCCACG_002,162
GGGGTAGATTCTGCCCCACG_003,151
GGGGTAGATTCTGCCCCACG_004,199
GGGGTAGATTCTGCCCCACG_005,92
GGGGTAGATTCTGCCCCACG_006,6
GGGGTAGATTCTGCCCCACG_007,26
ATGAGGCTGCACAACCTGCG_001,152
ATGAGGCTGCACAACCTGCG_002,168
ATGAGGCTGCACAACCTGCG_003,105
ATGAGGCTGCACAACCTGCG_004,181
ATGAGGCTGCACAACCTGCG_005,40
ATGAGGCTGCACAACCTGCG_006,94
ATGAGGCTGCACAACCTGCG_007,114
ATGAGGCTGCACAACCTGCG_008,129
ATGAGGCTGCACAACCTGCG_009,91
ATGAGGCTGCACAACCTGCG_010,92
ATGAGGCTGCACAACCTGCG_011,156
ATGAGGCTGCACAACCTGCG_012,15
ATGAGGCTGCACAACCTGCG_013,95
ATGAGGCTGCACAACCTGCG_014,162
ATGAGGCTGCACAACCTGCG_015,48
ATGAGGCTGCACAACCTGCG_016,108
ATGAGGCTGCACAACCTGCG_017,3
ATGAGGCTGCACAACCTGCG_018,6
ATGAGGCTGCACAACCTGCG_019,37
ATGAGGCTGCACAACCTGCG_020,48
ATGAGGCTGCACAACCTGCG_021,31
ATGAGGCTGCACAACCTGCG_022,144
GGCTCAAAGCCTGTCAGCAG_001,2
GGCTCAAAGCCTGTCAGCAG_002,19
GGCTCAAAGCCTGTCAGCAG_003,99
GGCTCAAAGCCTGTCAGCAG_004,99
GGCTCAAAGCCTGTCAGCAG_005,79
GGCTCAAAGCCTGTCAGCAG_006,6
GGCTCAAAGCCTGTCAGCAG_007,36
GGCTCAAAGCCTGTCAGCAG_008,94
GGCTCAAAGCCTGTCAGCAG_009,83
GGCTCAAAGCCTGTCAGCAG_010,141
GGCTCAAAGCCTGTCAGCAG_011,133
GGCTCAAAGCCTGTCAGCAG_012,187
GGCTCAAAGCCTGTCAGCAG_013,60
GGCTCAAAGCCTGTCAGCAG_014,107
GGCTCAAAGCCTGTCAGCAG_015,122
GGCTCAAAGCCTGTCAGCAG_016,145
ATTGTGGAAGCAGATACCCC_001,2
ATTGTGGAAGCAGATACCCC_002,65
CCTAGGGCATGCAGTACCAA_001,68
CCTAGGGCATGCAGTACCAA_002,147
CCTAGGGCATGCAGTACCAA_003,149
CCTAGGGCATGCAGTACCAA_004,112
CCTAGGGCATGCAGTACCAA_005,105
CCTAGGGCATGCAGTACCAA_006,17
CCTAGGGCATGCAGTACCAA_007,39
CCTAGGGCATGCAGTACCAA_008,15
ACCGAGACTTAAGGACCGTG_001,178
ACCGAGACTTAAGGACCGTG_002,6
GCCCATTATGACAAGCTCAG_001,141
GCCCATTATGACAAGCTCAG_002,70
GCCCATTATGACAAGCTCAG_003,127
GCCCATTATGACAAGCTCAG_004,88
GCCCATTATGACAAGCTCAG_005,56
GCCCATTATGACAAGCTCAG_006,77
GCCCATTATGACAAGCTCAG_007,19
GCCCATTATGACAAGCTCAG_008,55
GCCCATTATGACAAGCTCAG_009,177
GCCCATTATGACAAGCTCAG_010,61
TCAGGGCAGGAAATGTGATC_001,177
TCAGGGCAGGAAATGTGATC_002,194
TCAGGGCAGGAAATGTGATC_003,21
TCAGGGCAGGAAATGTGATC_004,137
TCAGGGCAGGAAATGTGATC_005,142
TCAGGGCAGGAAATGTGATC_006,137
TAATGCAATTTATGAACCTA_001,3
TAATGCAATTTATGAACCTA_002,181
TAATGCAATTTATGAACCTA_003,15
TAATGCAATTTATGAACCTA_004,88
TAATGCAATTTATGAACCTA_005,58
AGTGCCAGGACCATCAGGTG_001,6
AGTGCCAGGACCATCAGGTG_002,98
AGTGCCAGGACCATCAGGTG_003,116
AGTGCCAGGACCATCAGGTG_004,58
AGTGCCAGGACCATCAGGTG_005,154
AGTGCCAGGACCATCAGGTG_006,194
AGTGCCAGGACCATCAGGTG_007,134
AGTGCCAGGACCATCAGGTG_008,53
AGTGCCAGGACCATCAGGTG_009,56
AGTGCCAGGACCATCAGGTG_010,6
AGTGCCAGGACCATCAGGTG_011,155
AGTGCCAGGACCATCAGGTG_012,25
AGTGCCAGGACCATCAGGTG_013,41
AGTGCCAGGACCATCAGGTG_014,35
AGTGCCAGGACCATCAGGTG_015,108
AGTGCCAGGACCATCAGGTG_016,15
AGTGCCAGGACCATCAGGTG_017,48
AGTGCCAGGACCATCAGGTG_018,144
AGTGCCAGGACCATCAGGTG_019,45
AGTGCCAGGACCATCAGGTG_020,85
AGTGCCAGGACCATCAGGTG_021,129
AGTGCCAGGACCATCAGGTG_022,124
AGTGCCAGGACCATCAGGTG_023,188
AGTGCCAGGACCATCAGGTG_024,147
AGTGCCAGGACCATCAGGTG_025,134
AGTGCCAGGACCATCAGGTG_026,119
GCATTCCTGGCCCCGAAAGG_001,65
GCATTCCTGGCCCCGAAAGG_002,103
GCATTCCTGGCCCCGAAAGG_003,106
GCATTCCTGGCCCCGAAAGG_004,184
GCATTCCTGGCCCCGAAAGG_005,185
GCATTCCTGGCCCCGAAAGG_006,136
GCATTCCTGGCCCCGAAAGG_007,145
GCATTCCTGGCCCCGAAAGG_008,114
GCATTCCTGGCCCCGAAAGG_009,162
GCATTCCTGGCCCCGAAAGG_010,48
GCATTCCTGGCCCCGAAAGG_011,40
AAGGCTCCGTGGAAGCAGAT_001,102
AAGGCTCCGTGGAAGCAGAT_002,198
AAGGCTCCGTGGAAGCAGAT_003,97
AAGGCTCCGTGGAAGCAGAT_004,83
AAGGCTCCGTGGAAGCAGAT_005,105
AAGGCTCCGTGGAAGCAGAT_006,140
AAGGCTCCGTGGAAGCAGAT_007,36
AAGGCTCCGTGGAAGCAGAT_008,126
AAGGCTCCGTGGAAGCAGAT_009,171
AAGGCTCCGTGGAAGCAGAT_010,158
AAGGCTCCGTGGAAGCAGAT_011,130
AAGGCTCCGTGGAAGCAGAT_012,82
AAGGCTCCGTGGAAGCAGAT_013,194
AAGGCTCCGTGGAAGCAGAT_014,162
AAGGCTCCGTGGAAGCAGAT_015,107
AAGGCTCCGTGGAAGCAGAT_016,83
AAGGCTCCGTGGAAGCAGAT_017,144
AAGGCTCCGTGGAAGCAGAT_018,158
AAGGCTCCGTGGAAGCAGAT_019,147
AATGCAATTTAGCCCCATCG_001,169
AATGCAATTTAGCCCCATCG_002,130
AATGCAATTTAGCCCCATCG_003,177
AATGCAATTTAGCCCCATCG_004,157
AATGCAATTTAGCCCCATCG_005,81
AATGCAATTTAGCCCCATCG_006,83
TGAGAAACCTTCTGAGTCGT_001,169
TGAGAAACCTTCTGAGTCGT_002,185
TGAGAAACCTTCTGAGTCGT_003,160
TGAGAAACCTTCTGAGTCGT_004,144
TGAGAAACCTTCTGAGTCGT_005,52
TGAGAAACCTTCTGAGTCGT_006,162
TGAGAAACCTTCTGAGTCGT_007,43
TCATCGAATGCATCAATGTG_001,184
TCATCGAATGCATCAATGTG_002,198
TCATCGAATGCATCAATGTG_003,185
TCATCGAATGCATCAATGTG_004,116
TCATCGAATGCATCAATGTG_005,15
TCATCGAATGCATCAATGTG_006,70
TCATCGAATGCATCAATGTG_007,62
TCATCGAATGCATCAATGTG_008,17
TTACGGCGATGGATGTGACT_001,151
TTACGGCGATGGATGTGACT_002,94
TTACGGCGATGGATGTGACT_003,199
TTACGGCGATGGATGTGACT_004,88
TTACGGCGATGGATGTGACT_005,1
TTACGGCGATGGATGTGACT_006,81
TTACGGCGATGGATGTGACT_007,34
TTACGGCGATGGATGTGACT_008,103
TTACGGCGATGGATGTGACT_009,102
TTACGGCGATGGATGTGACT_010,138
TTACGGCGATGGATGTGACT_011,113
ACCTTGGGGTCCATGCGCAG_001,182
ACCTTGGGGTCCATGCGCAG_002,116
ACCTTGGGGTCCATGCGCAG_003,31
ACCTTGGGGTCCATGCGCAG_004,191
ACCTTGGGGTCCATGCGCAG_005,174
AAGATGCTATACAATGCAAG_001,2
AAGATGCTATACAATGCAAG_002,72
GTCACTGCAGCAAATGTGCT_001,42
GTCACTGCAGCAAATGTGCT_002,150
GTCACTGCAGCAAATGTGCT_003,157
GTCACTGCAGCAAATGTGCT_004,94
GTCACTGCAGCAAATGTGCT_005,77
GTCACTGCAGCAAATGTGCT_006,100
GTCACTGCAGCAAATGTGCT_007,63
GTCACTGCAGCAAATGTGCT_008,159
GTCACTGCAGCAAATGTGCT_009,47
GTCACTGCAGCAAATGTGCT_010,161
GTCACTGCAGCAAATGTGCT_011,60
GTCACTGCAGCAAATGTGCT_012,105
GTCACTGCAGCAAATGTGCT_013,117
GTCACTGCAGCAAATGTGCT_014,22
GTCACTGCAGCAAATGTGCT_015,35
GTCACTGCAGCAAATGTGCT_016,82
GTCACTGCAGCAAATGTGCT_017,86
GTCACTGCAGCAAATGTGCT_018,183
TGGAAATTATTCCATCCTCG_001,113
TGGAAATTATTCCATCCTCG_002,75
TGGAAATTATTCCATCCTCG_003,17
TGGAAATTATTCCATCCTCG_004,69
TGGAAATTATTCCATCCTCG_005,158
TGGAAATTATTCCATCCTCG_006,147
TGGAAATTATTCCATCCTCG_007,76
ACTCCCTCACCTTCTTGATG_001,181
ACTCCCTCACCTTCTTGATG_002,82
ACTCCCTCACCTTCTTGATG_003,140
ATGACAGTACCTCACAATGC_001,117
ATGACAGTACCTCACAATGC_002,192
ATGACAGTACCTCACAATGC_003,7
ATGACAGTACCTCACAATGC_004,165
ATGACAGTACCTCACAATGC_005,156
ATGACAGTACCTCACAATGC_006,2
ATGACAGTACCTCACAATGC_007,87
ATGACAGTACCTCACAATGC_008,150
CCGGCCTCCGAGCATCCCAC_001,160
CCGGCCTCCGAGCATCCCAC_002,49
CCGGCCTCCGAGCATCCCAC_003,72
CCGGCCTCCGAGCATCCCAC_004,133
CCGGCCTCCGAGCATCCCAC_005,182
CCGGCCTCCGAGCATCCCAC_006,113
CCGGCCTCCGAGCATCCCAC_007,4
CCGGCCTCCGAGCATCCCAC_008,174
CCGGCCTCCGAGCATCCCAC_009,93
CCGGCCTCCGAGCATCCCAC_010,139
CCGGCCTCCGAGCATCCCAC_011,122
CCGGCCTCCGAGCATCCCAC_012,48
CCGGCCTCCGAGCATCCCAC_013,149
CCGGCCTCCGAGCATCCCAC_014,139
CCGGCCTCCGAGCATCCCAC_015,71
CCGGCCTCCGAGCATCCCAC_016,161
CCGGCCTCCGAGCATCCCAC_017,101
CCGGCCTCCGAGCATCCCAC_018,52
CCGGCCTCCGAGCATCCCAC_019,95
CCGGCCTCCGAGCATCCCAC_020,9
CCGGCCTCCGAGCATCCCAC_021,46
CCGGCCTCCGAGCATCCCAC_022,140
CCGGCCTCCGAGCATCCCAC_023,5
CCGGCCTCCGAGCATCCCAC_024,105
AGGCGGGGGTTCGTGACACA_001,150
AGGCGGGGGTTCGTGACACA_002,116
AGGCGGGGGTTCGTGACACA_003,58
AGGCGGGGGTTCGTGACACA_004,78
AGGCGGGGGTTCGTGACACA_005,103
AGGCGGGGGTTCGTGACACA_006,118
AGGCGGGGGTTCGTGACACA_007,1
AGGCGGGGGTTCGTGACACA_008,105
AGGCGGGGGTTCGTGACACA_009,54
AGGCGGGGGTTCGTGACACA_010,0
AGGCGGGGGTTCGTGACACA_011,106
AGGCGGGGGTTCGTGACACA_012,102
GAAATACTTACTTGACAGAG_001,134
GAAATACTTACTTGACAGAG_002,146
GAAATACTTACTTGACAGAG_003,103
GAAATACTTACTTGACAGAG_004,115
GAAATACTTACTTGACAGAG_005,77
GAAATACTTACTTGACAGAG_006,174
GAAATACTTACTTGACAGAG_007,145
CGATTGAGGGAGGAAGTACG_001,60
CGATTGAGGGAGGAAGTACG_002,68
CGATTGAGGGAGGAAGTACG_003,88
CGATTGAGGGAGGAAGTACG_004,92
CGATTGAGGGAGGAAGTACG_005,145
CGATTGAGGGAGGAAGTACG_006,13
CGATTGAGGGAGGAAGTACG_007,64
CGATTGAGGGAGGAAGTACG_008,156
CGATTGAGGGAGGAAGTACG_009,192
TGTCGTATGTCAAACAGGGA_001,106
TGTCGTATGTCAAACAGGGA_002,188
TGTCGTATGTCAAACAGGGA_003,130
TGTCGTATGTCAAACAGGGA_004,188
TGTCGTATGTCAAACAGGGA_005,130
TGTCGTATGTCAAACAGGGA_006,196
TGTCGTATGTCAAACAGGGA_007,191
TGTCGTATGTCAAACAGGGA_008,148
TGTCGTATGTCAAACAGGGA_009,88
TGTCGTATGTCAAACAGGGA_010,45
TGTCGTATGTCAAACAGGGA_011,93
TGTCGTATGTCAAACAGGGA_012,91
TGTCGTATGTCAAACAGGGA_013,57
TGTCGTATGTCAAACAGGGA_014,107
TGTCGTATGTCAAACAGGGA_015,51
TGTCGTATGTCAAACAGGGA_016,53
TGTCGTATGTCAAACAGGGA_017,172
TGTCGTATGTCAAACAGGGA_018,194
TGTCGTATGTCAAACAGGGA_019,14
TGTCGTATGTCAAACAGGGA_020,74
CAAAAAGAAAAACGGACAGG_001,107
CAAAAAGAAAAACGGACAGG_002,158
CAAAAAGAAAAACGGACAGG_003,128
CAAAAAGAAAAACGGACAGG_004,16
GATGTGGTACTTCACCGAGA_001,49
GATGTGGTACTTCACCGAGA_002,48
GATGTGGTACTTCACCGAGA_003,184
GATGTGGTACTTCACCGAGA_004,82
GATGTGGTACTTCACCGAGA_005,35
GATGTGGTACTTCACCGAGA_006,14
GATGTGGTACTTCACCGAGA_007,47
GATGTGGTACTTCACCGAGA_008,185
GATGTGGTACTTCACCGAGA_009,2
GATGTGGTACTTCACCGAGA_010,48
CCATCGAGAACATCATCGCG_001,54
CCATCGAGAACATCATCGCG_002,94
CCATCGAGAACATCATCGCG_003,44
CCATCGAGAACATCATCGCG_004,8
CCATCGAGAACATCATCGCG_005,178
CCATCGAGAACATCATCGCG_006,17
CCATCGAGAACATCATCGCG_007,190
CCATCGAGAACATCATCGCG_008,140
CCATCGAGAACATCATCGCG_009,126
CCATCGAGAACATCATCGCG_010,170
CCATCGAGAACATCATCGCG_011,61
CCATCGAGAACATCATCGCG_012,145
CCATCGAGAACATCATCGCG_013,192
CCATCGAGAACATCATCGCG_014,37
CCATCGAGAACATCATCGCG_015,96
CCATCGAGAACATCATCGCG_016,20
CCATCGAGAACATCATCGCG_017,162
CCATCGAGAACATCATCGCG_018,141
CCATCGAGAACATCATCGCG_019,199
CCATCGAGAACATCATCGCG_020,138
CTTCCTAAGATTGATAGGCG_001,76
CTTCCTAAGATTGATAGGCG_002,167
CTTCCTAAGATTGATAGGCG_003,65
CTTCCTAAGATTGATAGGCG_004,176
CTTCCTAAGATTGATAGGCG_005,176
CTTCCTAAGATTGATAGGCG_006,88
CTTCCTAAGATTGATAGGCG_007,177
CTTCCTAAGATTGATAGGCG_008,52
CTTCCTAAGATTGATAGGCG_009,92
CTTCCTAAGATTGATAGGCG_010,184
CTTCCTAAGATTGATAGGCG_011,28
TAACTGTGTACATCATTCTA_001,81
TAACTGTGTACATCATTCTA_002,141
TAACTGTGTACATCATTCTA_003,65
TGGATAGCAGCCTGTACACG_001,145
TGGATAGCAGCCTGTACACG_002,185
TGGATAGCAGCCTGTACACG_003,139
TGGATAGCAGCCTGTACACG_004,133
TGGATAGCAGCCTGTACACG_005,157
TGGATAGCAGCCTGTACACG_006,199
TGGATAGCAGCCTGTACACG_007,121
TGGATAGCAGCCTGTACACG_008,8
AGGGTCCACCTTATTGCCAC_001,198
AGGGTCCACCTTATTGCCAC_002,118
AGGGTCCACCTTATTGCCAC_003,127
AGGGTCCACCTTATTGCCAC_004,9
AGGGTCCACCTTATTGCCAC_005,11
AGGGTCCACCTTATTGCCAC_006,48
AGGGTCCACCTTATTGCCAC_007,60
AGGGTCCACCTTATTGCCAC_008,11
AGGGTCCACCTTATTGCCAC_009,91
AGGGTCCACCTTATTGCCAC_010,186
AGGGTCCACCTTATTGCCAC_011,98
CAAGGTGGAGTGATAAGAAG_001,178
CAAGGTGGAGTGATAAGAAG_002,198
CAAGGTGGAGTGATAAGAAG_003,120
CAAGGTGGAGTGATAAGAAG_004,15
CAAGGTGGAGTGATAAGAAG_005,156
CAAGGTGGAGTGATAAGAAG_006,172
CAAGGTGGAGTGATAAGAAG_007,174
AGTCTTCAAGATTAGCTCTC_001,188
AGTCTTCAAGATTAGCTCTC_002,34
AGTCTTCAAGATTAGCTCTC_003,38
TCTGGCTCAAATCCCCACTT_001,99
TCTGGCTCAAATCCCCACTT_002,145
TCTGGCTCAAATCCCCACTT_003,77
TCTGGCTCAAATCCCCACTT_004,79
TCTGGCTCAAATCCCCACTT_005,137
TCTGGCTCAAATCCCCACTT_006,29
TCTGGCTCAAATCCCCACTT_007,145
TCTGGCTCAAATCCCCACTT_008,88
TCTGGCTCAAATCCCCACTT_009,185
TCTGGCTCAAATCCCCACTT_010,83
TCTGGCTCAAATCCCCACTT_011,50
TCTGGCTCAAATCCCCACTT_012,69
CTGTGCCAGGACACCAGATG_001,198
CTGTGCCAGGACACCAGATG_002,90
CTGTGCCAGGACACCAGATG_003,58
CTGTGCCAGGACACCAGATG_004,172
CTGTGCCAGGACACCAGATG_005,139
CTGTGCCAGGACACCAGATG_006,109
CTGTGCCAGGACACCAGATG_007,27
CTGTGCCAGGACACCAGATG_008,103
CTGTGCCAGGACACCAGATG_009,104
CTGGCATCAGCCGAACAGCA_001,150
CTGGCATCAGCCGAACAGCA_002,107
CTGGCATCAGCCGAACAGCA_003,31
CTGGCATCAGCCGAACAGCA_004,63
CTGGCATCAGCCGAACAGCA_005,115
CTGGCATCAGCCGAACAGCA_006,28
CTGGCATCAGCCGAACAGCA_007,120
CTGGCATCAGCCGAACAGCA_008,92
CTGGCATCAGCCGAACAGCA_009,80
CTGGCATCAGCCGAACAGCA_010,108
CTGGCATCAGCCGAACAGCA_011,48
CTGGCATCAGCCGAACAGCA_012,81
CTGGCATCAGCCGAACAGCA_013,140
CTGGCATCAGCCGAACAGCA_014,41
CTGGCATCAGCCGAACAGCA_015,41
CTGGCATCAGCCGAACAGCA_016,199
CTGGCATCAGCCGAACAGCA_017,198
CTGGCATCAGCCGAACAGCA_018,69
CTGGCATCAGCCGAACAGCA_019,75
CTGGCATCAGCCGAACAGCA_020,138
CTGGCATCAGCCGAACAGCA_021,140
CTGGCATCAGCCGAACAGCA_022,63
CTGGCATCAGCCGAACAGCA_023,81
CTGGCATCAGCCGAACAGCA_024,197
CTGGCATCAGCCGAACAGCA_025,71
CTTGGCTGGCCAAAATACCA_001,8
AACACTGTACCTTTCGACTG_001,6
AACACTGTACCTTTCGACTG_002,115
AACACTGTACCTTTCGACTG_003,137
AACACTGTACCTTTCGACTG_004,119
AACACTGTACCTTTCGACTG_005,145
AACACTGTACCTTTCGACTG_006,169
AACACTGTACCTTTCGACTG_007,98
AACACTGTACCTTTCGACTG_008,172
AACACTGTACCTTTCGACTG_009,125
AACACTGTACCTTTCGACTG_010,37
AACACTGTACCTTTCGACTG_011,63
AACACTGTACCTTTCGACTG_012,77
AACACTGTACCTTTCGACTG_013,152
AACACTGTACCTTTCGACTG_014,68
AACACTGTACCTTTCGACTG_015,124
AACACTGTACCTTTCGACTG_016,98
AACACTGTACCTTTCGACTG_017,154
AACACTGTACCTTTCGACTG_018,42
GTGGGCCGCGCCACACCCCG_001,173
GTGGGCCGCGCCACACCCCG_002,11
GTGGGCCGCGCCACACCCCG_003,161
GTGGGCCGCGCCACACCCCG_004,69
GTGGGCCGCGCCACACCCCG_005,148
GTGGGCCGCGCCACACCCCG_006,71
GTGGGCCGCGCCACACCCCG_007,145
GTGGGCCGCGCCACACCCCG_008,193
GTGGGCCGCGCCACACCCCG_009,134
GTGGGCCGCGCCACACCCCG_010,142
GTGGGCCGCGCCACACCCCG_011,199
GTGGGCCGCGCCACACCCCG_012,47
GTGGGCCGCGCCACACCCCG_013,162
GTGGGCCGCGCCACACCCCG_014,10
GTGGGCCGCGCCACACCCCG_015,70
GTGGGCCGCGCCACACCCCG_016,126
TTGCAATACCAGCATCACAT_001,193
TTGCAATACCAGCATCACAT_002,196
TTGCAATACCAGCATCACAT_003,177
TTGCAATACCAGCATCACAT_004,141
TTGCAATACCAGCATCACAT_005,155
AGACTACTACTCGTGCTCTG_001,158
AGACTACTACTCGTGCTCTG_002,2
AGACTACTACTCGTGCTCTG_003,160
AGACTACTACTCGTGCTCTG_004,177
AGACTACTACTCGTGCTCTG_005,147
AGACTACTACTCGTGCTCTG_006,85
AGACTACTACTCGTGCTCTG_007,178
AGACTACTACTCGTGCTCTG_008,6
AGACTACTACTCGTGCTCTG_009,130
CTACAATGACAAGTTCTACA_001,194
CTACAATGACAAGTTCTACA_002,21
CTACAATGACAAGTTCTACA_003,146
CTACAATGACAAGTTCTACA_004,105
CTACAATGACAAGTTCTACA_005,164
CTACAATGACAAGTTCTACA_006,26
CTACAATGACAAGTTCTACA_007,44
CTACAATGACAAGTTCTACA_008,65
CTACAATGACAAGTTCTACA_009,69
CTACAATGACAAGTTCTACA_010,114
CTACAATGACAAGTTCTACA_011,90
CTACAATGACAAGTTCTACA_012,139
TCGAGTTGGGCATCGCCAGT_001,150
TCGAGTTGGGCATCGCCAGT_002,51
TCGAGTTGGGCATCGCCAGT_003,35
TCGAGTTGGGCATCGCCAGT_004,162
TCGAGTTGGGCATCGCCAGT_005,149
TCGAGTTGGGCATCGCCAGT_006,198
TCGAGTTGGGCATCGCCAGT_007,178
TCGAGTTGGGCATCGCCAGT_008,78
AGGATACCCAGGACCTCGAG_001,149
AGGATACCCAGGACCTCGAG_002,29
AGGATACCCAGGACCTCGAG_003,131
AGGATACCCAGGACCTCGAG_004,172
AGGATACCCAGGACCTCGAG_005,78
AGGATACCCAGGACCTCGAG_006,39
ATTACCTATAGTCCGAAACA_001,56
ATTATGTCACCTTTGACGGG_001,5
ATTATGTCACCTTTGACGGG_002,41
ATTATGTCACCTTTGACGGG_003,199
ATTATGTCACCTTTGACGGG_004,19
ATTATGTCACCTTTGACGGG_005,121
ATTATGTCACCTTTGACGGG_006,113
ATTATGTCACCTTTGACGGG_007,147
ATTATGTCACCTTTGACGGG_008,61
ATTATGTCACCTTTGACGGG_009,119
ATTATGTCACCTTTGACGGG_010,30
ATTATGTCACCTTTGACGGG_011,68
ATTATGTCACCTTTGACGGG_012,188
ATTATGTCACCTTTGACGGG_013,27
ATTATGTCACCTTTGACGGG_014,144
GAGGGAACCAGTGTATCTGT_001,185
GAGGGAACCAGTGTATCTGT_002,17
GAGGGAACCAGTGTATCTGT_003,50
GAGGGAACCAGTGTATCTGT_004,75
GAGGGAACCAGTGTATCTGT_005,127
GAGGGAACCAGTGTATCTGT_006,199
GAGGGAACCAGTGTATCTGT_007,199
CAGATCAATCATAGACAACA_001,186
CAGATCAATCATAGACAACA_002,10
CAGATCAATCATAGACAACA_003,148
AAAGCAAACATCTTGACACA_001,8
AAAGCAAACATCTTGACACA_002,81
CGTTGTCCTCGAAAAAGCCG_001,52
TCTTGCTACTTCATCCACTG_001,160
TCTTGCTACTTCATCCACTG_002,62
TCTTGCTACTTCATCCACTG_003,37
TCTTGCTACTTCATCCACTG_004,20
TCTTGCTACTTCATCCACTG_005,137
TCTTGCTACTTCATCCACTG_006,127
TCTTGCTACTTCATCCACTG_007,116
TCTTGCTACTTCATCCACTG_008,38
TCTTGCTACTTCATCCACTG_009,17
TCTTGCTACTTCATCCACTG_010,9
TCTTGCTACTTCATCCACTG_011,174
AAACTATGCAGAGCGGATAG_001,76
AAACTATGCAGAGCGGATAG_002,199
AAACTATGCAGAGCGGATAG_003,63
CCGTAGCCGTAGGTGTACCC_001,42
CTGGTGCCAGACATCATGTG_001,173
CTGGTGCCAGACATCATGTG_002,184
GAGTGCCTACAACTTGCACA_001,79
GAGTGCCTACAACTTGCACA_002,140
GAGTGCCTACAACTTGCACA_003,135
CATCATGATCTTGTACACAA_001,170
CATCATGATCTTGTACACAA_002,130
CATCATGATCTTGTACACAA_003,162
CATCATGATCTTGTACACAA_004,57
CATCATGATCTTGTACACAA_005,170
CATCATGATCTTGTACACAA_006,61
CATCATGATCTTGTACACAA_007,199
CATCATGATCTTGTACACAA_008,141
CATCATGATCTTGTACACAA_009,60
CATCATGATCTTGTACACAA_010,0
CATCATGATCTTGTACACAA_011,162
CATCATGATCTTGTACACAA_012,70
CATCATGATCTTGTACACAA_013,195
CATCATGATCTTGTACACAA_014,29
CATCATGATCTTGTACACAA_015,83
CATCATGATCTTGTACACAA_016,162
CTGCACATCCGGGACGTGCG_001,177
CTGCACATCCGGGACGTGCG_002,29
CTGCACATCCGGGACGTGCG_003,132
CTGCACATCCGGGACGTGCG_004,190
CTGCACATCCGGGACGTGCG_005,77
CTGCACATCCGGGACGTGCG_006,197
CTGCACATCCGGGACGTGCG_007,162
CTGCACATCCGGGACGTGCG_008,174
CTGCACATCCGGGACGTGCG_009,29
CTGCACATCCGGGACGTGCG_010,2
CTGCACATCCGGGACGTGCG_011,1
CTGCACATCCGGGACGTGCG_012,13
CTGCACATCCGGGACGTGCG_013,72
CTGCACATCCGGGACGTGCG_014,141
CTGCACATCCGGGACGTGCG_015,49
CTGCACATCCGGGACGTGCG_016,35
CTGCACATCCGGGACGTGCG_017,98
CTGCACATCCGGGACGTGCG_018,127
CTGCACATCCGGGACGTGCG_019,6
CTGCACATCCGGGACGTGCG_020,42
CTGCACATCCGGGACGTGCG_021,53
CTGCACATCCGGGACGTGCG_022,76
CTGCACATCCGGGACGTGCG_023,155
CTGCACATCCGGGACGTGCG_024,150
CTGCACATCCGGGACGTGCG_025,106
CTGCACATCCGGGACGTGCG_026,17
CTGCACATCCGGGACGTGCG_027,174
GTGGTTCAAAGTGTTTAGCT_001,80
GTGGTTCAAAGTGTTTAGCT_002,144
GTGGTTCAAAGTGTTTAGCT_003,47
GTGGTTCAAAGTGTTTAGCT_004,147
GTGGTTCAAAGTGTTTAGCT_005,102
TCATCTTCCGACAACGACGA_001,108
TCATCTTCCGACAACGACGA_002,12
TCATCTTCCGACAACGACGA_003,158
TCATCTTCCGACAACGACGA_004,64
TCATCTTCCGACAACGACGA_005,144
TCATCTTCCGACAACGACGA_006,147
TCATCTTCCGACAACGACGA_007,81
TCATCTTCCGACAACGACGA_008,9
TCATCTTCCGACAACGACGA_009,119
TCATCTTCCGACAACGACGA_010,94
TCATCTTCCGACAACGACGA_011,137
TCATCTTCCGACAACGACGA_012,0
TCATCTTCCGACAACGACGA_013,40
TCATCTTCCGACAACGACGA_014,63
CAGTTTAGGTGTAACTACAG_001,176
CAGTTTAGGTGTAACTACAG_002,65
CAGTTTAGGTGTAACTACAG_003,146
CAGTTTAGGTGTAACTACAG_004,140
CAGTTTAGGTGTAACTACAG_005,65
CAGTTTAGGTGTAACTACAG_006,98
CAGTTTAGGTGTAACTACAG_007,98
CAGTTTAGGTGTAACTACAG_008,41
CAGTTTAGGTGTAACTACAG_009,76
CAGTTTAGGTGTAACTACAG_010,22
CAGTTTAGGTGTAACTACAG_011,163
CAGTTTAGGTGTAACTACAG_012,149
CAGTTTAGGTGTAACTACAG_013,57
CAGTTTAGGTGTAACTACAG_014,197
GACGAGGGCGGCAGAGCAGT_001,37
GACGAGGGCGGCAGAGCAGT_002,133
GACGAGGGCGGCAGAGCAGT_003,120
GACGAGGGCGGCAGAGCAGT_004,81
GACGAGGGCGGCAGAGCAGT_005,170
GACGAGGGCGGCAGAGCAGT_006,138
GACGAGGGCGGCAGAGCAGT_007,138
GACGAGGGCGGCAGAGCAGT_008,97
GACGAGGGCGGCAGAGCAGT_009,161
GACGAGGGCGGCAGAGCAGT_010,117
GACGAGGGCGGCAGAGCAGT_011,36
GACGAGGGCGGCAGAGCAGT_012,49
GACGAGGGCGGCAGAGCAGT_013,56
GACGAGGGCGGCAGAGCAGT_014,4
GACGAGGGCGGCAGAGCAGT_015,14
GACGAGGGCGGCAGAGCAGT_016,62
GACGAGGGCGGCAGAGCAGT_017,41
GACGAGGGCGGCAGAGCAGT_018,116
GACGAGGGCGGCAGAGCAGT_019,50
GACGAGGGCGGCAGAGCAGT_020,80
GACGAGGGCGGCAGAGCAGT_021,160
GACGAGGGCGGCAGAGCAGT_022,58
GACGAGGGCGGCAGAGCAGT_023,138
GACGAGGGCGGCAGAGCAGT_024,118
GACGAGGGCGGCAGAGCAGT_025,96
GACGAGGGCGGCAGAGCAGT_026,198
GACGAGGGCGGCAGAGCAGT_027,78
GACGAGGGCGGCAGAGCAGT_028,69
GACGAGGGCGGCAGAGCAGT_029,27
GACGAGGGCGGCAGAGCAGT_030,130
GACGAGGGCGGCAGAGCAGT_031,17
GACGAGGGCGGCAGAGCAGT_032,4
GACGAGGGCGGCAGAGCAGT_033,25
GATGTATATGAAGCTAGGGA_001,23
GATGTATATGAAGCTAGGGA_002,116
GATGTATATGAAGCTAGGGA_003,67
GATGTATATGAAGCTAGGGA_004,56
GGAAGAGGCCCGGTTACGCG_001,130
GGAAGAGGCCCGGTTACGCG_002,157
GGAAGAGGCCCGGTTACGCG_003,15
GGAAGAGGCCCGGTTACGCG_004,178
GGAAGAGGCCCGGTTACGCG_005,120
GGAAGAGGCCCGGTTACGCG_006,60
GGAAGAGGCCCGGTTACGCG_007,2
GGAAGAGGCCCGGTTACGCG_008,180
GGAAGAGGCCCGGTTACGCG_009,173
GGAAGAGGCCCGGTTACGCG_010,35
GGAAGAGGCCCGGTTACGCG_011,168
GGAAGAGGCCCGGTTACGCG_012,64
GGAAGAGGCCCGGTTACGCG_013,27
GGAAGAGGCCCGGTTACGCG_014,162
GGAAGAGGCCCGGTTACGCG_015,30
GGAAGAGGCCCGGTTACGCG_016,50
GGAAGAGGCCCGGTTACGCG_017,77
GGAAGAGGCCCGGTTACGCG_018,165
TCTGCAGGTATGATGCCGGG_001,9
AGCTCAAGCAGAACTCAAGG_001,62
AGCTCAAGCAGAACTCAAGG_002,82
AGCTCAAGCAGAACTCAAGG_003,117
AGCTCAAGCAGAACTCAAGG_004,44
AGCTCAAGCAGAACTCAAGG_005,176
AGCTCAAGCAGAACTCAAGG_006,43
AGCTCAAGCAGAACTCAAGG_007,18
AGCTCAAGCAGAACTCAAGG_008,138
GAGGTAGGTCGCACCCACGT_001,183
GAGGTAGGTCGCACCCACGT_002,67
GAGGTAGGTCGCACCCACGT_003,129
GAGGTAGGTCGCACCCACGT_004,197
GAGGTAGGTCGCACCCACGT_005,117
CCACCACCCTGGGTACCCTG_001,46
CCACCACCCTGGGTACCCTG_002,156
CCACCACCCTGGGTACCCTG_003,183
CCACCACCCTGGGTACCCTG_004,169
CCACCACCCTGGGTACCCTG_005,5
CCACCACCCTGGGTACCCTG_006,65
CCACCACCCTGGGTACCCTG_007,77
CCACCACCCTGGGTACCCTG_008,199
CCACCACCCTGGGTACCCTG_009,45
CCACCACCCTGGGTACCCTG_010,50
CCACCACCCTGGGTACCCTG_011,52
CCACCACCCTGGGTACCCTG_012,150
CCACCACCCTGGGTACCCTG_013,139
CCACCACCCTGGGTACCCTG_014,94
CCACCACCCTGGGTACCCTG_015,0
CCACCACCCTGGGTACCCTG_016,174
CCACCACCCTGGGTACCCTG_017,82
CCACCACCCTGGGTACCCTG_018,76
CCACCACCCTGGGTACCCTG_019,108
CCACCACCCTGGGTACCCTG_020,130
CCACCACCCTGGGTACCCTG_021,47
CCACCACCCTGGGTACCCTG_022,19
CCACCACCCTGGGTACCCTG_023,199
CCACCACCCTGGGTACCCTG_024,85
CCAGATAGATACCACTCCAC_001,29
CCAGATAGATACCACTCCAC_002,151
GGAGCTAGTGGAGTTGACTG_001,17
GGAGCTAGTGGAGTTGACTG_002,77
GGAGCTAGTGGAGTTGACTG_003,144
GGAGCTAGTGGAGTTGACTG_004,28
GGAGCTAGTGGAGTTGACTG_005,72
GGAGCTAGTGGAGTTGACTG_006,116
GGAGCTAGTGGAGTTGACTG_007,113
GGAGCTAGTGGAGTTGACTG_008,158
GGAGCTAGTGGAGTTGACTG_009,141
GGAGCTAGTGGAGTTGACTG_010,123
GGAGCTAGTGGAGTTGACTG_011,104
GGAGCTAGTGGAGTTGACTG_012,74
GGAGCTAGTGGAGTTGACTG_013,9
GGAGCTAGTGGAGTTGACTG_014,34
GGAGCTAGTGGAGTTGACTG_015,62
GGAGCTAGTGGAGTTGACTG_016,143
GGAGCTAGTGGAGTTGACTG_017,149
GGAGCTAGTGGAGTTGACTG_018,31
GGAGCTAGTGGAGTTGACTG_019,60
GGAGCTAGTGGAGTTGACTG_020,61
GGAGCTAGTGGAGTTGACTG_021,179
GGAGCTAGTGGAGTTGACTG_022,91
GGAGCTAGTGGAGTTGACTG_023,118
GGAGCTAGTGGAGTTGACTG_024,145
GGAGCTAGTGGAGTTGACTG_025,107
GGAGCTAGTGGAGTTGACTG_026,185
GGAGCTAGTGGAGTTGACTG_027,55
GGAGCTAGTGGAGTTGACTG_028,168
GGAGCTAGTGGAGTTGACTG_029,65
GGAGCTAGTGGAGTTGACTG_030,16
TTCACACGGAAAATCTTAGG_001,124
AGAACTCATACTTGTACCTG_001,65
AGAACTCATACTTGTACCTG_002,95
AGAACTCATACTTGTACCTG_003,185
AGAACTCATACTTGTACCTG_004,9
AGAACTCATACTTGTACCTG_005,118
AGAACTCATACTTGTACCTG_006,3
CACTGGGCAGCAGATCCAAG_001,52
CACTGGGCAGCAGATCCAAG_002,108
CACTGGGCAGCAGATCCAAG_003,182
CACTGGGCAGCAGATCCAAG_004,78
CACTGGGCAGCAGATCCAAG_005,155
CACTGGGCAGCAGATCCAAG_006,57
CAAAACCAGCGGGCCACACG_001,179
CAAAACCAGCGGGCCACACG_002,197
CAAAACCAGCGGGCCACACG_003,115
CAAAACCAGCGGGCCACACG_004,58
CAAAACCAGCGGGCCACACG_005,41
CAAAACCAGCGGGCCACACG_006,42
CAAAACCAGCGGGCCACACG_007,98
CAAAACCAGCGGGCCACACG_008,92
CAAAACCAGCGGGCCACACG_009,116
CAAAACCAGCGGGCCACACG_010,170
CAAAACCAGCGGGCCACACG_011,132
CAAAACCAGCGGGCCACACG_012,29
CAAAACCAGCGGGCCACACG_013,67
CAAAACCAGCGGGCCACACG_014,29
CAAAACCAGCGGGCCACACG_015,92
CAAAACCAGCGGGCCACACG_016,170
CAAAACCAGCGGGCCACACG_017,44
CAAAACCAGCGGGCCACACG_018,163
CAAAACCAGCGGGCCACACG_019,77
CAAAACCAGCGGGCCACACG_020,148
CAAAACCAGCGGGCCACACG_021,99
CAAAACCAGCGGGCCACACG_022,172
ACTTAGGTACAGACTGACGT_001,50
ATTGCAGCAGGAAAAACCCT_001,157
ATTGCAGCAGGAAAAACCCT_002,156
ATTGCAGCAGGAAAAACCCT_003,12
ATTGCAGCAGGAAAAACCCT_004,177
ATTGCAGCAGGAAAAACCCT_005,162
ATTGCAGCAGGAAAAACCCT_006,155
ATTGCAGCAGGAAAAACCCT_007,160
ATTGCAGCAGGAAAAACCCT_008,42
ATTGCAGCAGGAAAAACCCT_009,5
ATTGCAGCAGGAAAAACCCT_010,190
ATTGCAGCAGGAAAAACCCT_011,166
ATTGCAGCAGGAAAAACCCT_012,0
ATTGCAGCAGGAAAAACCCT_013,127
ATTGCAGCAGGAAAAACCCT_014,162
ATTGCAGCAGGAAAAACCCT_015,60
GAGGGTTCTTGGGAATAGCA_001,124
GAGGGTTCTTGGGAATAGCA_002,177
GAGGGTTCTTGGGAATAGCA_003,62
GAGGGTTCTTGGGAATAGCA_004,159
GAGGGTTCTTGGGAATAGCA_005,69
GAGGGTTCTTGGGAATAGCA_006,61
GAGGGTTCTTGGGAATAGCA_007,6
GAGGGTTCTTGGGAATAGCA_008,47
GAGGGTTCTTGGGAATAGCA_009,97
GAGGGTTCTTGGGAATAGCA_010,184
GAGGGTTCTTGGGAATAGCA_011,2
GAGGGTTCTTGGGAATAGCA_012,41
GAGGGTTCTTGGGAATAGCA_013,146
GAGGGTTCTTGGGAATAGCA_014,56
GAGGGTTCTTGGGAATAGCA_015,175
GCAGCATCAACACCATCTCA_001,155
GCAGCATCAACACCATCTCA_002,73
GCAGCATCAACACCATCTCA_003,180
GCAGCATCAACACCATCTCA_004,193
GCAGCATCAACACCATCTCA_005,131
AGGAGTACGCTCTCTTGTCG_001,41
AGGAGTACGCTCTCTTGTCG_002,170
AGGAGTACGCTCTCTTGTCG_003,165
AGGAGTACGCTCTCTTGTCG_004,198
AGGAGTACGCTCTCTTGTCG_005,184
AGGAGTACGCTCTCTTGTCG_006,198
AGGAGTACGCTCTCTTGTCG_007,174
AGGAGTACGCTCTCTTGTCG_008,20
CGGGACGACTGTCCCTTGAG_001,141
CGGGACGACTGTCCCTTGAG_002,136
TGAGCACAGTCCACTCTCGG_001,106
TGAGCACAGTCCACTCTCGG_002,183
TGAGCACAGTCCACTCTCGG_003,108
TGAGCACAGTCCACTCTCGG_004,49
TGAGCACAGTCCACTCTCGG_005,50
TGAGCACAGTCCACTCTCGG_006,166
TGAGCACAGTCCACTCTCGG_007,157
TGAGCACAGTCCACTCTCGG_008,198
TGAGCACAGTCCACTCTCGG_009,145
TGAGCACAGTCCACTCTCGG_010,188
TGAGCACAGTCCACTCTCGG_011,30
TGAGCACAGTCCACTCTCGG_012,157
TGAGCACAGTCCACTCTCGG_013,17
TGAGCACAGTCCACTCTCGG_014,78
TGAGCACAGTCCACTCTCGG_015,6
TGAGCACAGTCCACTCTCGG_016,108
TGAGCACAGTCCACTCTCGG_017,0
TGAGCACAGTCCACTCTCGG_018,183
TGAGCACAGTCCACTCTCGG_019,160
TGAGCACAGTCCACTCTCGG_020,184
AAATCGAACAGACAGCATCT_001,188
AAATCGAACAGACAGCATCT_002,127
AAATCGAACAGACAGCATCT_003,58
AAATCGAACAGACAGCATCT_004,152
AAATCGAACAGACAGCATCT_005,70
AAATCGAACAGACAGCATCT_006,94
AAATCGAACAGACAGCATCT_007,162
AAATCGAACAGACAGCATCT_008,192
AAATCGAACAGACAGCATCT_009,147
AAATCGAACAGACAGCATCT_010,137
AAATCGAACAGACAGCATCT_011,101
AAATCGAACAGACAGCATCT_012,190
AAATCGAACAGACAGCATCT_013,50
AAATCGAACAGACAGCATCT_014,150
AAATCGAACAGACAGCATCT_015,32
AAATCGAACAGACAGCATCT_016,60
AAATCGAACAGACAGCATCT_017,175
AAATCGAACAGACAGCATCT_018,42
AAATCGAACAGACAGCATCT_019,93
AAATCGAACAGACAGCATCT_020,65
AAATCGAACAGACAGCATCT_021,127
AAATCGAACAGACAGCATCT_022,118
AAATCGAACAGACAGCATCT_023,28
AAATGGCTTTGAACTACCAA_001,103
AAATGGCTTTGAACTACCAA_002,136
AAATGGCTTTGAACTACCAA_003,94
AAATGGCTTTGAACTACCAA_004,199
ATCAGCGTCCCACACTACAA_001,48
ATCAGCGTCCCACACTACAA_002,168
ATCAGCGTCCCACACTACAA_003,147
ATCAGCGTCCCACACTACAA_004,146
ATCAGCGTCCCACACTACAA_005,49
ATCAGCGTCCCACACTACAA_006,35
ATCAGCGTCCCACACTACAA_007,115
ACTCCCGGAACGGTTGAAGA_001,183
ACTCCCGGAACGGTTGAAGA_002,119
ACTCCCGGAACGGTTGAAGA_003,144
CACAACGGATGATGATAACC_001,121
CACAACGGATGATGATAACC_002,50
CACAACGGATGATGATAACC_003,82
CACAACGGATGATGATAACC_004,148
CACAACGGATGATGATAACC_005,35
CACAACGGATGATGATAACC_006,60
CACAACGGATGATGATAACC_007,9
ACCCGTGTCATGAACAGCCG_001,176
ACCCGTGTCATGAACAGCCG_002,146
ACCCGTGTCATGAACAGCCG_003,61
ACCCGTGTCATGAACAGCCG_004,94
ACCCGTGTCATGAACAGCCG_005,105
ACCCGTGTCATGAACAGCCG_006,193
ACCCGTGTCATGAACAGCCG_007,176
ACCCGTGTCATGAACAGCCG_008,36
ACCCGTGTCATGAACAGCCG_009,161
ACCCGTGTCATGAACAGCCG_010,86
ACCCGTGTCATGAACAGCCG_011,14
ACCCGTGTCATGAACAGCCG_012,107
ACCCGTGTCATGAACAGCCG_013,144
ACCCGTGTCATGAACAGCCG_014,94
ACCCGTGTCATGAACAGCCG_015,105
ACCCGTGTCATGAACAGCCG_016,149
ACCCGTGTCATGAACAGCCG_017,55
ACCCGTGTCATGAACAGCCG_018,34
ACCCGTGTCATGAACAGCCG_019,168
ACCCGTGTCATGAACAGCCG_020,188
ACCCGTGTCATGAACAGCCG_021,33
ACCCGTGTCATGAACAGCCG_022,29
ACCCGTGTCATGAACAGCCG_023,151
ACCCGTGTCATGAACAGCCG_024,94
CTGCGTGTGTTACTCCACCG_001,90
CTGCGTGTGTTACTCCACCG_002,133
CTGCGTGTGTTACTCCACCG_003,114
CTGCGTGTGTTACTCCACCG_004,41
CTGCGTGTGTTACTCCACCG_005,139
CTGCGTGTGTTACTCCACCG_006,54
CTGCGTGTGTTACTCCACCG_007,18
CTGCGTGTGTTACTCCACCG_008,70
CTGCGTGTGTTACTCCACCG_009,29
CTGCGTGTGTTACTCCACCG_010,30
CTGCGTGTGTTACTCCACCG_011,74
CTGCGTGTGTTACTCCACCG_012,158
CTGCGTGTGTTACTCCACCG_013,43
CTGCGTGTGTTACTCCACCG_014,156
CTGCGTGTGTTACTCCACCG_015,146
CTGCGTGTGTTACTCCACCG_016,53
CTGCGTGTGTTACTCCACCG_017,2
CTGCGTGTGTTACTCCACCG_018,124
CTGCGTGTGTTACTCCACCG_019,66
CTGCGTGTGTTACTCCACCG_020,17
CTGCGTGTGTTACTCCACCG_021,80
CTGCGTGTGTTACTCCACCG_022,175
CTCTCCAGCTCCTTTGGGGT_001,144
CTCTCCAGCTCCTTTGGGGT_002,188
CTCTCCAGCTCCTTTGGGGT_003,166
CTCTCCAGCTCCTTTGGGGT_004,32
CTCTCCAGCTCCTTTGGGGT_005,47
CTCTCCAGCTCCTTTGGGGT_006,88
CTCTCCAGCTCCTTTGGGGT_007,174
CTCTCCAGCTCCTTTGGGGT_008,72
GGAATTAGAGAGCTACACAA_001,119
GGAATTAGAGAGCTACACAA_002,34
GGAATTAGAGAGCTACACAA_003,38
GGAATTAGAGAGCTACACAA_004,41
GGAATTAGAGAGCTACACAA_005,63
TGGGAACACTGACAGGTCAA_001,98
TGGGAACACTGACAGGTCAA_002,58
TGGGAACACTGACAGGTCAA_003,41
TGGGAACACTGACAGGTCAA_004,197
TGGGAACACTGACAGGTCAA_005,10
TGGGAACACTGACAGGTCAA_006,138
TGGGAACACTGACAGGTCAA_007,27
GGCAACAGGCAAGACCCCTG_001,107
GGCAACAGGCAAGACCCCTG_002,134
GGCAACAGGCAAGACCCCTG_003,162
GGCAACAGGCAAGACCCCTG_004,127
GGCAACAGGCAAGACCCCTG_005,12
GGCAACAGGCAAGACCCCTG_006,48
GGCAACAGGCAAGACCCCTG_007,121
GGCAACAGGCAAGACCCCTG_008,149
GGCAACAGGCAAGACCCCTG_009,68
GGCAACAGGCAAGACCCCTG_010,75
GGCAACAGGCAAGACCCCTG_011,123
GGCAACAGGCAAGACCCCTG_012,187
GGCAACAGGCAAGACCCCTG_013,41
GGCAACAGGCAAGACCCCTG_014,163
GGCAACAGGCAAGACCCCTG_015,143
GGCAACAGGCAAGACCCCTG_016,166
GGCAACAGGCAAGACCCCTG_017,142
GGCAACAGGCAAGACCCCTG_018,134
GGCAACAGGCAAGACCCCTG_019,47
GGCAACAGGCAAGACCCCTG_020,105
GGCAACAGGCAAGACCCCTG_021,169
GGCAACAGGCAAGACCCCTG_022,23
GGCAACAGGCAAGACCCCTG_023,165
GGCAACAGGCAAGACCCCTG_024,169
GGCAACAGGCAAGACCCCTG_025,95
GGCAACAGGCAAGACCCCTG_026,104
GGCAACAGGCAAGACCCCTG_027,182
GGCAACAGGCAAGACCCCTG_028,35
GGCAACAGGCAAGACCCCTG_029,150
GGCAACAGGCAAGACCCCTG_030,144
ACCAGCAATGTTACCACCAG_001,40
ACCAGCAATGTTACCACCAG_002,77
ACCAGCAATGTTACCACCAG_003,60
ACCAGCAATGTTACCACCAG_004,44
ACCAGCAATGTTACCACCAG_005,86
ACCAGCAATGTTACCACCAG_006,176
ACCAGCAATGTTACCACCAG_007,140
ACCAGCAATGTTACCACCAG_008,197
ACCAGCAATGTTACCACCAG_009,53
TCCGTCTGCTCCGTCCGCCA_001,12
TCCGTCTGCTCCGTCCGCCA_002,57
TCCGTCTGCTCCGTCCGCCA_003,183
TCCGTCTGCTCCGTCCGCCA_004,133
TCCGTCTGCTCCGTCCGCCA_005,198
TCCGTCTGCTCCGTCCGCCA_006,192
TCCGTCTGCTCCGTCCGCCA_007,11
TCCGTCTGCTCCGTCCGCCA_008,56
TCCGTCTGCTCCGTCCGCCA_009,9
TCCGTCTGCTCCGTCCGCCA_010,37
TCCGTCTGCTCCGTCCGCCA_011,170
TCCGTCTGCTCCGTCCGCCA_012,188
TCCGTCTGCTCCGTCCGCCA_013,115
TCCGTCTGCTCCGTCCGCCA_014,19
TCCGTCTGCTCCGTCCGCCA_015,169
TCCGTCTGCTCCGTCCGCCA_016,107
TTTGCTTTCCTTCTCAGAGC_001,35
TTTGCTTTCCTTCTCAGAGC_002,4
GGGTGCCCGAGGAGGACAGT_001,58
GGGTGCCCGAGGAGGACAGT_002,42
GGGTGCCCGAGGAGGACAGT_003,150
GGGTGCCCGAGGAGGACAGT_004,131
GGGTGCCCGAGGAGGACAGT_005,131
TCAAGTAATCAACGTAAGAG_001,115
TATCGCTGGCTCAACTACGG_001,14
TATCGCTGGCTCAACTACGG_002,89
TATCGCTGGCTCAACTACGG_003,87
TATCGCTGGCTCAACTACGG_004,147
TATCGCTGGCTCAACTACGG_005,15
TATCGCTGGCTCAACTACGG_006,4
TATCGCTGGCTCAACTACGG_007,59
TATCGCTGGCTCAACTACGG_008,10
TATCGCTGGCTCAACTACGG_009,116
GCTGCATCAGCTGCTCGCTG_001,65
GCTGCATCAGCTGCTCGCTG_002,193
GCTGCATCAGCTGCTCGCTG_003,127
TGTTGGAAACCTATTCTCGG_001,117
TGTTGGAAACCTATTCTCGG_002,159
TGTTGGAAACCTATTCTCGG_003,88
TGTTGGAAACCTATTCTCGG_004,62
TGTTGGAAACCTATTCTCGG_005,138
TGTTGGAAACCTATTCTCGG_006,119
TGGTGCCTCTACCTAGACCG_001,2
TGGTGCCTCTACCTAGACCG_002,43
TGGTGCCTCTACCTAGACCG_003,82
TGGTGCCTCTACCTAGACCG_004,9
TGGTGCCTCTACCTAGACCG_005,65
TGGTGCCTCTACCTAGACCG_006,56
TGGTGCCTCTACCTAGACCG_007,150
TGGTGCCTCTACCTAGACCG_008,106
TGGTGCCTCTACCTAGACCG_009,33
GAACCCCAAATGTTTAACCA_001,12
GAACCCCAAATGTTTAACCA_002,170
GAACCCCAAATGTTTAACCA_003,11
GAACCCCAAATGTTTAACCA_004,169
GAACCCCAAATGTTTAACCA_005,145
GAACCCCAAATGTTTAACCA_006,145
GAACCCCAAATGTTTAACCA_007,172
GAACCCCAAATGTTTAACCA_008,80
GAACCCCAAATGTTTAACCA_009,121
GAACCCCAAATGTTTAACCA_010,27
TCCCACTGAGTTACGCCGAG_001,10
TGTGGCTGTTAAGAGCAGAG_001,130
TGTGGCTGTTAAGAGCAGAG_002,53
TGTGGCTGTTAAGAGCAGAG_003,41
TGTGGCTGTTAAGAGCAGAG_004,55
TGTGGCTGTTAAGAGCAGAG_005,29
TGTGGCTGTTAAGAGCAGAG_006,88
TGTGGCTGTTAAGAGCAGAG_007,92
TGTGGCTGTTAAGAGCAGAG_008,162
TGTGGCTGTTAAGAGCAGAG_009,190
TGTGGCTGTTAAGAGCAGAG_010,21
TGTGGCTGTTAAGAGCAGAG_011,73
TGTGGCTGTTAAGAGCAGAG_012,129
TTTGGTTCTATAGGAAGCTG_001,20
TTTGGTTCTATAGGAAGCTG_002,145
TTTGGTTCTATAGGAAGCTG_003,158
TTTGGTTCTATAGGAAGCTG_004,57
TTTGGTTCTATAGGAAGCTG_005,142
AGGTCTGAACTTCAGACCAG_001,48
AGGTCTGAACTTCAGACCAG_002,7
AGGTCTGAACTTCAGACCAG_003,35
AGGTCTGAACTTCAGACCAG_004,194
AGGTCTGAACTTCAGACCAG_005,49
AGGTCTGAACTTCAGACCAG_006,162
AGGTCTGAACTTCAGACCAG_007,128
AGGTCTGAACTTCAGACCAG_008,74
AGGTCTGAACTTCAGACCAG_009,33
AGGTCTGAACTTCAGACCAG_010,199
AGGTCTGAACTTCAGACCAG_011,83
AGGTCTGAACTTCAGACCAG_012,125
AGGTCTGAACTTCAGACCAG_013,88
AGGTCTGAACTTCAGACCAG_014,16
AGGTCTGAACTTCAGACCAG_015,48
AGGTCTGAACTTCAGACCAG_016,73
AGGTCTGAACTTCAGACCAG_017,14
AGGTCTGAACTTCAGACCAG_018,147
CAGGCGCTGCGTTGCACATG_001,127
CAGGCGCTGCGTTGCACATG_002,58
CAGGCGCTGCGTTGCACATG_003,124
CAGGCGCTGCGTTGCACATG_004,47
CAGGCGCTGCGTTGCACATG_005,8
CAGGCGCTGCGTTGCACATG_006,115
CAGGCGCTGCGTTGCACATG_007,11
CAGGCGCTGCGTTGCACATG_008,66
CAGGCGCTGCGTTGCACATG_009,198
CAGGCGCTGCGTTGCACATG_010,198
CACATTCCAAATACTGACGG_001,181
CACATTCCAAATACTGACGG_002,115
CACATTCCAAATACTGACGG_003,171
CACATTCCAAATACTGACGG_004,59
CACATTCCAAATACTGACGG_005,92
CACATTCCAAATACTGACGG_006,146
CACATTCCAAATACTGACGG_007,94
CACATTCCAAATACTGACGG_008,138
CACATTCCAAATACTGACGG_009,184
AACATGAAGGACATGAAAGG_001,172
AACATGAAGGACATGAAAGG_002,6
AACATGAAGGACATGAAAGG_003,33
AACATGAAGGACATGAAAGG_004,113
AACATGAAGGACATGAAAGG_005,160
AACATGAAGGACATGAAAGG_006,83
AACATGAAGGACATGAAAGG_007,13
AACATGAAGGACATGAAAGG_008,199
AACATGAAGGACATGAAAGG_009,97
AACATGAAGGACATGAAAGG_010,64
AACATGAAGGACATGAAAGG_011,162
AACATGAAGGACATGAAAGG_012,164
AACATGAAGGACATGAAAGG_013,164
ACAGGTTGGTCTGTCCAGAA_001,58
ACAGGTTGGTCTGTCCAGAA_002,98
ACAGGTTGGTCTGTCCAGAA_003,28
ACAGGTTGGTCTGTCCAGAA_004,160
ACAGGTTGGTCTGTCCAGAA_005,159
ACAGGTTGGTCTGTCCAGAA_006,111
ACAGGTTGGTCTGTCCAGAA_007,58
ACAGGTTGGTCTGTCCAGAA_008,102
ACAGGTTGGTCTGTCCAGAA_009,7
ACAGGTTGGTCTGTCCAGAA_010,8
ACAGGTTGGTCTGTCCAGAA_011,62
ACAGGTTGGTCTGTCCAGAA_012,78
ACAGGTTGGTCTGTCCAGAA_013,138
ACAGGTTGGTCTGTCCAGAA_014,121
ACAGGTTGGTCTGTCCAGAA_015,53
CGAGACAGCCTACGGCACCC_001,40
CGAGACAGCCTACGGCACCC_002,8
TGGATTGTGTTGGAGAGTGT_001,87
TGGATTGTGTTGGAGAGTGT_002,176
TTACATCGACATGCAACCAA_001,104
TTACATCGACATGCAACCAA_002,146
TTACATCGACATGCAACCAA_003,29
CTCTGGCCAGCGTCCCCGCG_001,198
CTCTGGCCAGCGTCCCCGCG_002,19
CTCTGGCCAGCGTCCCCGCG_003,144
CTCTGGCCAGCGTCCCCGCG_004,10
CTCTGGCCAGCGTCCCCGCG_005,87
CTCTGGCCAGCGTCCCCGCG_006,7
CTCTGGCCAGCGTCCCCGCG_007,22
CTCTGGCCAGCGTCCCCGCG_008,8
CTCTGGCCAGCGTCCCCGCG_009,98
CTCTGGCCAGCGTCCCCGCG_010,58
CTCTGGCCAGCGTCCCCGCG_011,57
CTCTGGCCAGCGTCCCCGCG_012,34
TTTGTTAAATGAGTGGGCCG_001,41
TTTGTTAAATGAGTGGGCCG_002,1
TTTGTTAAATGAGTGGGCCG_003,175
TTTGTTAAATGAGTGGGCCG_004,128
TTTGTTAAATGAGTGGGCCG_005,93
TTTGTTAAATGAGTGGGCCG_006,160
TTTGTTAAATGAGTGGGCCG_007,146
TTTGTTAAATGAGTGGGCCG_008,2
TTTGTTAAATGAGTGGGCCG_009,174
TTTGTTAAATGAGTGGGCCG_010,88
TTTGTTAAATGAGTGGGCCG_011,147
TTTGTTAAATGAGTGGGCCG_012,16
TTTGTTAAATGAGTGGGCCG_013,104
TTTGTTAAATGAGTGGGCCG_014,110
AACATCATCACTTTCAAGTG_001,95
AACATCATCACTTTCAAGTG_002,172
AACATCATCACTTTCAAGTG_003,35
AACATCATCACTTTCAAGTG_004,83
GCGACGAGCAAGGCGCCGGA_001,83
GCGACGAGCAAGGCGCCGGA_002,1
GCGACGAGCAAGGCGCCGGA_003,28
AGGAGTTCTCAGTACTGGCG_001,156
AGGAGTTCTCAGTACTGGCG_002,160
AGGAGTTCTCAGTACTGGCG_003,185
AGGAGTTCTCAGTACTGGCG_004,48
CAAGAGCGAAAGCATCAAGG_001,44
CAAGAGCGAAAGCATCAAGG_002,58
CAAGAGCGAAAGCATCAAGG_003,127
CAAGAGCGAAAGCATCAAGG_004,41
CAAGAGCGAAAGCATCAAGG_005,8
CAAGAGCGAAAGCATCAAGG_006,15
CAAGAGCGAAAGCATCAAGG_007,123
CAAGAGCGAAAGCATCAAGG_008,9
GTCCGACACTGTGATAGTGG_001,169
AGTAGGAATTTGCTCGCTCG_001,65
AGTAGGAATTTGCTCGCTCG_002,17
AGTAGGAATTTGCTCGCTCG_003,29
AGTAGGAATTTGCTCGCTCG_004,19
AGTAGGAATTTGCTCGCTCG_005,127
AGTAGGAATTTGCTCGCTCG_006,60
AGTAGGAATTTGCTCGCTCG_007,156
AGTAGGAATTTGCTCGCTCG_008,156
AGTAGGAATTTGCTCGCTCG_009,33
AGTAGGAATTTGCTCGCTCG_010,199
AGTAGGAATTTGCTCGCTCG_011,148
AGTAGGAATTTGCTCGCTCG_012,5
AGTAGGAATTTGCTCGCTCG_013,183
AGTAGGAATTTGCTCGCTCG_014,138
AGTAGGAATTTGCTCGCTCG_015,0
AGTAGGAATTTGCTCGCTCG_016,180
AGTAGGAATTTGCTCGCTCG_017,115
AGTAGGAATTTGCTCGCTCG_018,3
CAGAGTGGAGCGTAACGCAG_001,172
CAGAGTGGAGCGTAACGCAG_002,152
CAGAGTGGAGCGTAACGCAG_003,15
CAGAGTGGAGCGTAACGCAG_004,113
CAGAGTGGAGCGTAACGCAG_005,118
CAGAGTGGAGCGTAACGCAG_006,17
CAGAGTGGAGCGTAACGCAG_007,50
CAGAGTGGAGCGTAACGCAG_008,78
CCTCAGCTACCGGATGATAG_001,8
CCTCAGCTACCGGATGATAG_002,192
CCTCAGCTACCGGATGATAG_003,50
CCTCAGCTACCGGATGATAG_004,24
CCTCAGCTACCGGATGATAG_005,70
CCTCAGCTACCGGATGATAG_006,43
CCTCAGCTACCGGATGATAG_007,10
CCTCAGCTACCGGATGATAG_008,82
TCTGCATATACTCGTTAGTG_001,50
GAGTACGACATACGGGAACG_001,98
GAGTACGACATACGGGAACG_002,88
GATAATATGTTTCATGGACT_001,198
GATAATATGTTTCATGGACT_002,198
GATAATATGTTTCATGGACT_003,149
GATAATATGTTTCATGGACT_004,7
AAACCAGGGCCACCGAAAGG_001,167
AAACCAGGGCCACCGAAAGG_002,87
AAACCAGGGCCACCGAAAGG_003,37
AAACCAGGGCCACCGAAAGG_004,34
AAACCAGGGCCACCGAAAGG_005,38
AAACCAGGGCCACCGAAAGG_006,90
AAACCAGGGCCACCGAAAGG_007,90
AAACCAGGGCCACCGAAAGG_008,11
AAACCAGGGCCACCGAAAGG_009,116
AGCTTTGGAATGAATCCTCA_001,135
AGCTTTGGAATGAATCCTCA_002,126
AGCTTTGGAATGAATCCTCA_003,102
TGGAGGCCCATAATCACGGG_001,32
TGGAGGCCCATAATCACGGG_002,149
TGGAGGCCCATAATCACGGG_003,58
TGGAGGCCCATAATCACGGG_004,153
TGGAGGCCCATAATCACGGG_005,177
TGGAGGCCCATAATCACGGG_006,134
TGGAGGCCCATAATCACGGG_007,54
TGGAGGCCCATAATCACGGG_008,134
TGGAGGCCCATAATCACGGG_009,81
TGGAGGCCCATAATCACGGG_010,83
TGGAGGCCCATAATCACGGG_011,137
TGGAGGCCCATAATCACGGG_012,26
TGGAGGCCCATAATCACGGG_013,147
TGGAGGCCCATAATCACGGG_014,62
TGGAGGCCCATAATCACGGG_015,153
TGGAGGCCCATAATCACGGG_016,10
TGGAGGCCCATAATCACGGG_017,43
TCTGCCAACTTACCCTCCGG_001,92
TCTGCCAACTTACCCTCCGG_002,108
TCTGCCAACTTACCCTCCGG_003,50
TCTGCCAACTTACCCTCCGG_004,143
TCTGCCAACTTACCCTCCGG_005,148
CCTAGAGCATGACTGGCGGG_001,160
CCTAGAGCATGACTGGCGGG_002,102
CCTAGAGCATGACTGGCGGG_003,188
CCTAGAGCATGACTGGCGGG_004,13
CCTAGAGCATGACTGGCGGG_005,35
AAGGAGCCGTGTAAAGCCAG_001,26
AAGGAGCCGTGTAAAGCCAG_002,87
AAGGAGCCGTGTAAAGCCAG_003,63
AAGGAGCCGTGTAAAGCCAG_004,51
AAGGAGCCGTGTAAAGCCAG_005,94
AAGGAGCCGTGTAAAGCCAG_006,45
AAGGAGCCGTGTAAAGCCAG_007,117
AAGGAGCCGTGTAAAGCCAG_008,123
AAGGAGCCGTGTAAAGCCAG_009,88
AGCTGAGGTCTTGAAGCAGC_001,85
AGCTGAGGTCTTGAAGCAGC_002,85
AGCTGAGGTCTTGAAGCAGC_003,76
AGCTGAGGTCTTGAAGCAGC_004,44
AGCTGAGGTCTTGAAGCAGC_005,10
GATAAAATACCAGTAATGCG_001,141
GATAAAATACCAGTAATGCG_002,156
GATAAAATACCAGTAATGCG_003,69
GCATGCACTCGTGAGCCCTG_001,85
GCATGCACTCGTGAGCCCTG_002,32
GCATGCACTCGTGAGCCCTG_003,57
GCATGCACTCGTGAGCCCTG_004,177
GCATGCACTCGTGAGCCCTG_005,194
GCATGCACTCGTGAGCCCTG_006,14
GCATGCACTCGTGAGCCCTG_007,117
GCATGCACTCGTGAGCCCTG_008,76
GCATGCACTCGTGAGCCCTG_009,13
GCATGCACTCGTGAGCCCTG_010,198
GCATGCACTCGTGAGCCCTG_011,43
GCATGCACTCGTGAGCCCTG_012,166
GCATGCACTCGTGAGCCCTG_013,98
AAGCACACGGTGCCTTTCGT_001,46
AAGCACACGGTGCCTTTCGT_002,155
AAGCACACGGTGCCTTTCGT_003,96
AAGCACACGGTGCCTTTCGT_004,169
AAGCACACGGTGCCTTTCGT_005,105
AAGCACACGGTGCCTTTCGT_006,88
AAGCACACGGTGCCTTTCGT_007,132
AAGCACACGGTGCCTTTCGT_008,122
AAGCACACGGTGCCTTTCGT_009,28
AAGCACACGGTGCCTTTCGT_010,177
AAGCACACGGTGCCTTTCGT_011,67
AAGCACACGGTGCCTTTCGT_012,58
AAGCACACGGTGCCTTTCGT_013,76
AAGCACACGGTGCCTTTCGT_014,1
AAGCACACGGTGCCTTTCGT_015,17
AAGCACACGGTGCCTTTCGT_016,104
AAGCACACGGTGCCTTTCGT_017,166
AAGCACACGGTGCCTTTCGT_018,27
AAGCACACGGTGCCTTTCGT_019,160
AAGCACACGGTGCCTTTCGT_020,41
AAGCACACGGTGCCTTTCGT_021,19
AAGCACACGGTGCCTTTCGT_022,124
AAGCACACGGTGCCTTTCGT_023,157
AAGCACACGGTGCCTTTCGT_024,158
AAGCACACGGTGCCTTTCGT_025,19
AATGCAAAAGCAAGATTGAG_001,145
AATGCAAAAGCAAGATTGAG_002,76
AATGCAAAAGCAAGATTGAG_003,199
AATGCAAAAGCAAGATTGAG_004,6
AATGCAAAAGCAAGATTGAG_005,97
AATGCAAAAGCAAGATTGAG_006,196
AATGCAAAAGCAAGATTGAG_007,163
AATGCAAAAGCAAGATTGAG_008,83
AATGCAAAAGCAAGATTGAG_009,11
AATGCAAAAGCAAGATTGAG_010,98
AATGCAAAAGCAAGATTGAG_011,134
AATGCAAAAGCAAGATTGAG_012,180
AATGCAAAAGCAAGATTGAG_013,43
AATGCAAAAGCAAGATTGAG_014,69
AATGCAAAAGCAAGATTGAG_015,75
AATGCAAAAGCAAGATTGAG_016,28
AATGCAAAAGCAAGATTGAG_017,137
AATGCAAAAGCAAGATTGAG_018,50
AATGCAAAAGCAAGATTGAG_019,10
AATGCAAAAGCAAGATTGAG_020,174
AATGCAAAAGCAAGATTGAG_021,166
ATTTGGTGTCAGTTAATGAG_001,28
ATTTGGTGTCAGTTAATGAG_002,55
ATTTGGTGTCAGTTAATGAG_003,29
ATTTGGTGTCAGTTAATGAG_004,49
ATTTGGTGTCAGTTAATGAG_005,149
ATTTGGTGTCAGTTAATGAG_006,12
ATTTGGTGTCAGTTAATGAG_007,127
ATTTGGTGTCAGTTAATGAG_008,49
ATTTGGTGTCAGTTAATGAG_009,94
GGACCTCAAACACGAGAGAG_001,28
GGACCTCAAACACGAGAGAG_002,47
GGACCTCAAACACGAGAGAG_003,36
GGACCTCAAACACGAGAGAG_004,26
GGACCTCAAACACGAGAGAG_005,188
GGACCTCAAACACGAGAGAG_006,95
GGACCTCAAACACGAGAGAG_007,94
GGACCTCAAACACGAGAGAG_008,10
GGACCTCAAACACGAGAGAG_009,158
GGACCTCAAACACGAGAGAG_010,171
GGACCTCAAACACGAGAGAG_011,107
GGACCTCAAACACGAGAGAG_012,157
GGAGATCCAACAGTACGCTG_001,34
GGAGATCCAACAGTACGCTG_002,150
GGAGATCCAACAGTACGCTG_003,36
GGAGATCCAACAGTACGCTG_004,112
GGAGATCCAACAGTACGCTG_005,180
GGAGATCCAACAGTACGCTG_006,108
GGAGATCCAACAGTACGCTG_007,48
GGAGATCCAACAGTACGCTG_008,63
GGAGATCCAACAGTACGCTG_009,161
GGATCCCGGAATAGTCAACT_001,75
GAGAACCTTGCTGTCGAAGG_001,124
GAGAACCTTGCTGTCGAAGG_002,106
GAGAACCTTGCTGTCGAAGG_003,36
GAGAACCTTGCTGTCGAAGG_004,57
GAGAACCTTGCTGTCGAAGG_005,150
GAGAACCTTGCTGTCGAAGG_006,68
GAGAACCTTGCTGTCGAAGG_007,113
GGGGGGCAGAATGTGAACAA_001,116
CAGCGCAGTTCAGTGGCCAG_001,0
CAGCGCAGTTCAGTGGCCAG_002,73
CAGCGCAGTTCAGTGGCCAG_003,150
CAGCGCAGTTCAGTGGCCAG_004,53
CAGCGCAGTTCAGTGGCCAG_005,169
CAGCGCAGTTCAGTGGCCAG_006,42
CAGCGCAGTTCAGTGGCCAG_007,169
CAGCGCAGTTCAGTGGCCAG_008,58
CAGCGCAGTTCAGTGGCCAG_009,68
CAGCGCAGTTCAGTGGCCAG_010,147
CAGCGCAGTTCAGTGGCCAG_011,168
CAGCGCAGTTCAGTGGCCAG_012,194
CAGCGCAGTTCAGTGGCCAG_013,141
CAGCGCAGTTCAGTGGCCAG_014,73
CAGCGCAGTTCAGTGGCCAG_015,169
CAGCGCAGTTCAGTGGCCAG_016,173
CAGCGCAGTTCAGTGGCCAG_017,114
CAGCGCAGTTCAGTGGCCAG_018,114
CAGCGCAGTTCAGTGGCCAG_019,8
CAGCGCAGTTCAGTGGCCAG_020,198
CAGCGCAGTTCAGTGGCCAG_021,58
CAGCGCAGTTCAGTGGCCAG_022,165
CAGCGCAGTTCAGTGGCCAG_023,176
CAGCGCAGTTCAGTGGCCAG_024,100
CAGCGCAGTTCAGTGGCCAG_025,88
CAGCGCAGTTCAGTGGCCAG_026,9
CAGCGCAGTTCAGTGGCCAG_027,78
CACTGATGATGTTGTCGCGG_001,17
CACTGATGATGTTGTCGCGG_002,28
CACTGATGATGTTGTCGCGG_003,109
CTGACCAGACTGACCCGCGG_001,137
CTGACCAGACTGACCCGCGG_002,160
CTGACCAGACTGACCCGCGG_003,71
CTGACCAGACTGACCCGCGG_004,27
CTGACCAGACTGACCCGCGG_005,141
CTGACCAGACTGACCCGCGG_006,68
CTGACCAGACTGACCCGCGG_007,115
CTGACCAGACTGACCCGCGG_008,177
CTGACCAGACTGACCCGCGG_009,56
CTGACCAGACTGACCCGCGG_010,115
CTGACCAGACTGACCCGCGG_011,184
TACAGGAGAAATTCGACCCA_001,27
TACAGGAGAAATTCGACCCA_002,7
TACAGGAGAAATTCGACCCA_003,149
TACAGGAGAAATTCGACCCA_004,81
TACAGGAGAAATTCGACCCA_005,149
TACAGGAGAAATTCGACCCA_006,183
TACAGGAGAAATTCGACCCA_007,86
TACAGGAGAAATTCGACCCA_008,93
TACAGGAGAAATTCGACCCA_009,93
TACAGGAGAAATTCGACCCA_010,126
TACAGGAGAAATTCGACCCA_011,142
TACAGGAGAAATTCGACCCA_012,142
TACAGGAGAAATTCGACCCA_013,34
TACAGGAGAAATTCGACCCA_014,76
TACAGGAGAAATTCGACCCA_015,28
GGTGCGGATCTTGGCCAATG_001,44
TGCTCAGAACTCGGTCATCG_001,48
TGCTCAGAACTCGGTCATCG_002,62
TGCTCAGAACTCGGTCATCG_003,70
TACAGGTCAATCATGTACTG_001,115
TACAGGTCAATCATGTACTG_002,54
TACAGGTCAATCATGTACTG_003,173
TACAGGTCAATCATGTACTG_004,80
TACAGGTCAATCATGTACTG_005,8
TACAGGTCAATCATGTACTG_006,136
TACAGGTCAATCATGTACTG_007,35
GGAGAGCTGTTGGTACTTTG_001,106
GGAGAGCTGTTGGTACTTTG_002,120
GGAGAGCTGTTGGTACTTTG_003,141
GGAGAGCTGTTGGTACTTTG_004,87
GGAGAGCTGTTGGTACTTTG_005,145
GGAGAGCTGTTGGTACTTTG_006,112
GGAGAGCTGTTGGTACTTTG_007,40
GGAGAGCTGTTGGTACTTTG_008,190
GGAGAGCTGTTGGTACTTTG_009,71
GGAGAGCTGTTGGTACTTTG_010,140
TAAAATGATTGACATGCCCG_001,142
TAAAATGATTGACATGCCCG_002,43
TAAAATGATTGACATGCCCG_003,164
TAAAATGATTGACATGCCCG_004,8
TAAAATGATTGACATGCCCG_005,66
GGAGAAGAAGTCATAGCGTG_001,94
GGAGAAGAAGTCATAGCGTG_002,49
GGAGAAGAAGTCATAGCGTG_003,137
GGAGAAGAAGTCATAGCGTG_004,158
GGAGAAGAAGTCATAGCGTG_005,167
GGAGAAGAAGTCATAGCGTG_006,167
GTGCTGGTACCAGGATCCGT_001,7
GTGCTGGTACCAGGATCCGT_002,83
GTGCTGGTACCAGGATCCGT_003,171
GTGCTGGTACCAGGATCCGT_004,135
GTGCTGGTACCAGGATCCGT_005,61
GTGCTGGTACCAGGATCCGT_006,10
GTGCTGGTACCAGGATCCGT_007,95
GTGCTGGTACCAGGATCCGT_008,91
GTGCTGGTACCAGGATCCGT_009,160
GTGCTGGTACCAGGATCCGT_010,160
GTGCTGGTACCAGGATCCGT_011,0
GTGCTGGTACCAGGATCCGT_012,177
GTGCTGGTACCAGGATCCGT_013,117
GTGCTGGTACCAGGATCCGT_014,160
TGTGAATAGAAGTCTGACCA_001,138
TGTGAATAGAAGTCTGACCA_002,107
TGTGAATAGAAGTCTGACCA_003,70
TGTGAATAGAAGTCTGACCA_004,158
TGTGAATAGAAGTCTGACCA_005,67
TGTGAATAGAAGTCTGACCA_006,32
TTCAATTCAAGACTTCTCGT_001,88
TTCAATTCAAGACTTCTCGT_002,182
TTCAATTCAAGACTTCTCGT_003,87
TTCAATTCAAGACTTCTCGT_004,32
TTCAATTCAAGACTTCTCGT_005,121
TTCAATTCAAGACTTCTCGT_006,88
TTCAATTCAAGACTTCTCGT_007,60
TTCAATTCAAGACTTCTCGT_008,25
TTCAATTCAAGACTTCTCGT_009,144
TTGGACAGCCCAAGACATCG_001,122
TTGGACAGCCCAAGACATCG_002,125
TTGGACAGCCCAAGACATCG_003,17
TTGGACAGCCCAAGACATCG_004,177
TTGGACAGCCCAAGACATCG_005,101
TTGGACAGCCCAAGACATCG_006,144
TTGGACAGCCCAAGACATCG_007,153
TTGGACAGCCCAAGACATCG_008,152
TTGGACAGCCCAAGACATCG_009,19
TTGGACAGCCCAAGACATCG_010,23
ATTAGGACCATAGAGCTCGA_001,61
ATTAGGACCATAGAGCTCGA_002,185
ATTAGGACCATAGAGCTCGA_003,60
ATTAGGACCATAGAGCTCGA_004,48
ATTAGGACCATAGAGCTCGA_005,147
ATTAGGACCATAGAGCTCGA_006,94
ATTAGGACCATAGAGCTCGA_007,162
ATTAGGACCATAGAGCTCGA_008,13
ATTAGGACCATAGAGCTCGA_009,188
ATTAGGACCATAGAGCTCGA_010,115
ATTAGGACCATAGAGCTCGA_011,50
ATTAGGACCATAGAGCTCGA_012,197
ATTAGGACCATAGAGCTCGA_013,170
ATTAGGACCATAGAGCTCGA_014,159
ATTAGGACCATAGAGCTCGA_015,134
ATTAGGACCATAGAGCTCGA_016,61
ATTAGGACCATAGAGCTCGA_017,144
ATTAGGACCATAGAGCTCGA_018,186
ATTAGGACCATAGAGCTCGA_019,16
ATTAGGACCATAGAGCTCGA_020,185
ATTAGGACCATAGAGCTCGA_021,43
ATTAGGACCATAGAGCTCGA_022,184
ATTAGGACCATAGAGCTCGA_023,88
ATTAGGACCATAGAGCTCGA_024,106
ATTAGGACCATAGAGCTCGA_025,142
ATTAGGACCATAGAGCTCGA_026,165
ATTAGGACCATAGAGCTCGA_027,76
ATTAGGACCATAGAGCTCGA_028,182
TTTATGGACAGCTTCACACT_001,24
TTTATGGACAGCTTCACACT_002,92
TTTATGGACAGCTTCACACT_003,29
TTTATGGACAGCTTCACACT_004,28
TTTATGGACAGCTTCACACT_005,72
TTTATGGACAGCTTCACACT_006,58
TTTATGGACAGCTTCACACT_007,192
TTTATGGACAGCTTCACACT_008,154
TTTCATTACAGAGTTCTTCG_001,21
CGGAGCACAAGATCGACCTC_001,41
CGGAGCACAAGATCGACCTC_002,173
CGGAGCACAAGATCGACCTC_003,14
CGGAGCACAAGATCGACCTC_004,50
CGGAGCACAAGATCGACCTC_005,102
CGGAGCACAAGATCGACCTC_006,62
CGGAGCACAAGATCGACCTC_007,138
CGGAGCACAAGATCGACCTC_008,134
CGGAGCACAAGATCGACCTC_009,94
CGGAGCACAAGATCGACCTC_010,197
CGGAGCACAAGATCGACCTC_011,175
CGGAGCACAAGATCGACCTC_012,166
CGGAGCACAAGATCGACCTC_013,152
CGGAGCACAAGATCGACCTC_014,41
CTGGATTGGGAATTTCTGCA_001,177
CTGGATTGGGAATTTCTGCA_002,55
CTGGATTGGGAATTTCTGCA_003,197
CTGGATTGGGAATTTCTGCA_004,33
CTGGATTGGGAATTTCTGCA_005,70
CTGGATTGGGAATTTCTGCA_006,182
GGGTACCAGGATCTGTACGT_001,166
GGGTACCAGGATCTGTACGT_002,9
GGGTACCAGGATCTGTACGT_003,113
GGGTACCAGGATCTGTACGT_004,115
GGGTACCAGGATCTGTACGT_005,137
GGGTACCAGGATCTGTACGT_006,197
GGGTACCAGGATCTGTACGT_007,137
TGAAAGACATGAGTTTGTGA_001,148
TGAAAGACATGAGTTTGTGA_002,64
TGAAAGACATGAGTTTGTGA_003,150
TGAAAGACATGAGTTTGTGA_004,80
TGAAAGACATGAGTTTGTGA_005,25
TGAAAGACATGAGTTTGTGA_006,119
TGAAAGACATGAGTTTGTGA_007,119
TGAAAGACATGAGTTTGTGA_008,19
TGAAAGACATGAGTTTGTGA_009,117
AAGGTCATGCGAGACAACAA_001,34
AAGGTCATGCGAGACAACAA_002,174
AAGGTCATGCGAGACAACAA_003,94
AAGGTCATGCGAGACAACAA_004,172
AAGGTCATGCGAGACAACAA_005,87
AAGGTCATGCGAGACAACAA_006,127
AAGGTCATGCGAGACAACAA_007,187
AAGGTCATGCGAGACAACAA_008,104
AAGGTCATGCGAGACAACAA_009,22
AAGGTCATGCGAGACAACAA_010,1
AAGGTCATGCGAGACAACAA_011,159
AAGGTCATGCGAGACAACAA_012,23
AAGGTCATGCGAGACAACAA_013,179
AAGGTCATGCGAGACAACAA_014,179
AAGGTCATGCGAGACAACAA_015,17
AAGGTCATGCGAGACAACAA_016,34
AAGGTCATGCGAGACAACAA_017,18
AAGGTCATGCGAGACAACAA_018,50
AAGGTCATGCGAGACAACAA_019,185
AAGGTCATGCGAGACAACAA_020,60
AAGGTCATGCGAGACAACAA_021,147
AAGGTCATGCGAGACAACAA_022,152
AAGGTCATGCGAGACAACAA_023,172
AAGGTCATGCGAGACAACAA_024,155
AAGGTCATGCGAGACAACAA_025,67
AAGGTCATGCGAGACAACAA_026,63
AAGGTCATGCGAGACAACAA_027,47
AAGGTCATGCGAGACAACAA_028,170
AAGGTCATGCGAGACAACAA_029,76
AAGGTCATGCGAGACAACAA_030,58
AAGGTCATGCGAGACAACAA_031,82
AAGGTCATGCGAGACAACAA_032,104
AGTGTTTGAAAAAAGGGCGG_001,56
AGTGTTTGAAAAAAGGGCGG_002,115
AGTGTTTGAAAAAAGGGCGG_003,127
AGTGTTTGAAAAAAGGGCGG_004,37
AGTGTTTGAAAAAAGGGCGG_005,73
AGTGTTTGAAAAAAGGGCGG_006,29
AGTGTTTGAAAAAAGGGCGG_007,102
AGTGTTTGAAAAAAGGGCGG_008,126
AGTGTTTGAAAAAAGGGCGG_009,147
AGTGTTTGAAAAAAGGGCGG_010,110
AGTGTTTGAAAAAAGGGCGG_011,61
AGTGTTTGAAAAAAGGGCGG_012,141
AGTGTTTGAAAAAAGGGCGG_013,19
AGTGTTTGAAAAAAGGGCGG_014,137
AGTGTTTGAAAAAAGGGCGG_015,185
AGTGTTTGAAAAAAGGGCGG_016,38
AGTGTTTGAAAAAAGGGCGG_017,81
AGTGTTTGAAAAAAGGGCGG_018,50
AGTGTTTGAAAAAAGGGCGG_019,176
AGTGTTTGAAAAAAGGGCGG_020,18
GGCGCCCGCACTTCCCACAA_001,72
GGCGCCCGCACTTCCCACAA_002,138
GGCGCCCGCACTTCCCACAA_003,121
GGCGCCCGCACTTCCCACAA_004,87
GGCGCCCGCACTTCCCACAA_005,175
GGCGCCCGCACTTCCCACAA_006,175
TGAACCAAAGGCAAGTTACG_001,18
TGAACCAAAGGCAAGTTACG_002,151
TGAACCAAAGGCAAGTTACG_003,62
TGAACCAAAGGCAAGTTACG_004,19
TGAACCAAAGGCAAGTTACG_005,116
TGAACCAAAGGCAAGTTACG_006,137
TGAACCAAAGGCAAGTTACG_007,175
TGAACCAAAGGCAAGTTACG_008,82
TGAACCAAAGGCAAGTTACG_009,138
TGAACCAAAGGCAAGTTACG_010,3
TGAACCAAAGGCAAGTTACG_011,114
TGAACCAAAGGCAAGTTACG_012,168
TGAACCAAAGGCAAGTTACG_013,22
TGAACCAAAGGCAAGTTACG_014,39
AATACCTGAAATGTACGGAC_001,72
AATACCTGAAATGTACGGAC_002,132
AATACCTGAAATGTACGGAC_003,107
AATACCTGAAATGTACGGAC_004,177
AATACCTGAAATGTACGGAC_005,192
AATACCTGAAATGTACGGAC_006,5
AATACCTGAAATGTACGGAC_007,8
AATACCTGAAATGTACGGAC_008,63
AATACCTGAAATGTACGGAC_009,0
AATACCTGAAATGTACGGAC_010,49
AATACCTGAAATGTACGGAC_011,88
AATACCTGAAATGTACGGAC_012,66
AATACCTGAAATGTACGGAC_013,113
GCCCAAATACACTATGGTCA_001,180
GCCCAAATACACTATGGTCA_002,79
GCCCAGCCACTAAATGCCAG_001,153
GCCCAGCCACTAAATGCCAG_002,140
GCCCAGCCACTAAATGCCAG_003,148
GCCCAGCCACTAAATGCCAG_004,8
GCCCAGCCACTAAATGCCAG_005,91
GCCCAGCCACTAAATGCCAG_006,175
GCCCAGCCACTAAATGCCAG_007,51
GCCCAGCCACTAAATGCCAG_008,79
GCCCAGCCACTAAATGCCAG_009,98
GCCCAGCCACTAAATGCCAG_010,136
GCCCAGCCACTAAATGCCAG_011,120
GCCCAGCCACTAAATGCCAG_012,177
GCCCAGCCACTAAATGCCAG_013,57
GCCCAGCCACTAAATGCCAG_014,79
GCCCAGCCACTAAATGCCAG_015,82
GCCCAGCCACTAAATGCCAG_016,141
GCCCAGCCACTAAATGCCAG_017,14
GCCCAGCCACTAAATGCCAG_018,42
GCCCAGCCACTAAATGCCAG_019,104
GCCCAGCCACTAAATGCCAG_020,66
GCCCAGCCACTAAATGCCAG_021,94
GCCCAGCCACTAAATGCCAG_022,166
GCCCAGCCACTAAATGCCAG_023,138
GCCCAGCCACTAAATGCCAG_024,39
GCCCAGCCACTAAATGCCAG_025,188
GTGACCGAGTGGATTTCGTA_001,166
GTGACCGAGTGGATTTCGTA_002,148
GTGACCGAGTGGATTTCGTA_003,147
GTGACCGAGTGGATTTCGTA_004,0
CCGAGGCCGGCGCTTCAAGT_001,161
CCGAGGCCGGCGCTTCAAGT_002,166
CCGAGGCCGGCGCTTCAAGT_003,184
CCGAGGCCGGCGCTTCAAGT_004,53
CCGAGGCCGGCGCTTCAAGT_005,132
CCGAGGCCGGCGCTTCAAGT_006,38
CCGAGGCCGGCGCTTCAAGT_007,166
CCGAGGCCGGCGCTTCAAGT_008,57
CCGAGGCCGGCGCTTCAAGT_009,88
CCGAGGCCGGCGCTTCAAGT_010,38
CCGAGGCCGGCGCTTCAAGT_011,115
CCGAGGCCGGCGCTTCAAGT_012,66
CCGAGGCCGGCGCTTCAAGT_013,198
CCGAGGCCGGCGCTTCAAGT_014,67
CCGAGGCCGGCGCTTCAAGT_015,38
CCGAGGCCGGCGCTTCAAGT_016,169
CCGAGGCCGGCGCTTCAAGT_017,70
CCGAGGCCGGCGCTTCAAGT_018,77
CCGAGGCCGGCGCTTCAAGT_019,43
CCGAGGCCGGCGCTTCAAGT_020,10
CCGAGGCCGGCGCTTCAAGT_021,1
CCGAGGCCGGCGCTTCAAGT_022,198
CCGAGGCCGGCGCTTCAAGT_023,152
CCGAGGCCGGCGCTTCAAGT_024,131
CCGAGGCCGGCGCTTCAAGT_025,88
CCGAGGCCGGCGCTTCAAGT_026,31
CCGAGGCCGGCGCTTCAAGT_027,108
CAAAGTGACAATGAGCACCT_001,15
CAAAGTGACAATGAGCACCT_002,115
TCAGCCGGCTCAGACGATGC_001,115
TCAGCCGGCTCAGACGATGC_002,57
TCAGCCGGCTCAGACGATGC_003,164
TCAGCCGGCTCAGACGATGC_004,129
TCAGCCGGCTCAGACGATGC_005,104
TCAGCCGGCTCAGACGATGC_006,21
TGGGGAGAAATATCGCATGC_001,29
TGGGGAGAAATATCGCATGC_002,88
TGGGGAGAAATATCGCATGC_003,161
TGGGGAGAAATATCGCATGC_004,152
TGGGGAGAAATATCGCATGC_005,169
TGGGGAGAAATATCGCATGC_006,20
TGGGGAGAAATATCGCATGC_007,155
GGAGTACCTGCAGATCCCAC_001,77
GGAGTACCTGCAGATCCCAC_002,63
AGACGGCCTAAACGGACCTG_001,119
AGACGGCCTAAACGGACCTG_002,153
AGACGGCCTAAACGGACCTG_003,75
AGACGGCCTAAACGGACCTG_004,56
AGACGGCCTAAACGGACCTG_005,96
TGTGCACGTAGTAGACCACC_001,29
TGTGCACGTAGTAGACCACC_002,195
TGTGCACGTAGTAGACCACC_003,12
TGTGCACGTAGTAGACCACC_004,73
AACATAAATTCTGGGAACCA_001,58
AACATAAATTCTGGGAACCA_002,76
AACATAAATTCTGGGAACCA_003,192
CTTGCTGTGCTTAATGTCTG_001,14
CTTGCTGTGCTTAATGTCTG_002,165
CTTGCTGTGCTTAATGTCTG_003,19
CGTAATTGATGTCGGCGCCG_001,51
CGTAATTGATGTCGGCGCCG_002,146
CGTAATTGATGTCGGCGCCG_003,121
CGTAATTGATGTCGGCGCCG_004,121
GCTCAATAGACAGAAACCCG_001,68
GCTCAATAGACAGAAACCCG_002,166
GCTCAATAGACAGAAACCCG_003,32
GCTCAATAGACAGAAACCCG_004,152
GCTCAATAGACAGAAACCCG_005,155
GCTCAATAGACAGAAACCCG_006,161
GCTCAATAGACAGAAACCCG_007,47
GCTCAATAGACAGAAACCCG_008,97
CACAATCACAGGACTTACAA_001,164
CACAATCACAGGACTTACAA_002,129
CACAATCACAGGACTTACAA_003,192
CACAATCACAGGACTTACAA_004,162
CACAATCACAGGACTTACAA_005,198
CCCTACCAAGAGCCTCCATG_001,199
CCCTACCAAGAGCCTCCATG_002,41
CCCTACCAAGAGCCTCCATG_003,146
CCCTACCAAGAGCCTCCATG_004,105
CCCTACCAAGAGCCTCCATG_005,123
CCCTACCAAGAGCCTCCATG_006,181
CCCTACCAAGAGCCTCCATG_007,166
CCCTACCAAGAGCCTCCATG_008,163
CCCTACCAAGAGCCTCCATG_009,116
CCCTACCAAGAGCCTCCATG_010,9
CCCTACCAAGAGCCTCCATG_011,35
CCCTACCAAGAGCCTCCATG_012,78
CCCTACCAAGAGCCTCCATG_013,149
CCCTACCAAGAGCCTCCATG_014,172
CCCTACCAAGAGCCTCCATG_015,157
CCCTACCAAGAGCCTCCATG_016,5
CCCTACCAAGAGCCTCCATG_017,133
CCCTACCAAGAGCCTCCATG_018,141
CCCTACCAAGAGCCTCCATG_019,74
CCCTACCAAGAGCCTCCATG_020,198
CCCTACCAAGAGCCTCCATG_021,155
GGAAGCTCAACAGAAAGAGG_001,173
GGAAGCTCAACAGAAAGAGG_002,57
GGAAGCTCAACAGAAAGAGG_003,148
GGAAGCTCAACAGAAAGAGG_004,121
TCTGGTACTGGAAATACATG_001,0
TCTGGTACTGGAAATACATG_002,196
TCTGGTACTGGAAATACATG_003,196
TCTGGTACTGGAAATACATG_004,113
TCTGGTACTGGAAATACATG_005,57
TCTGGTACTGGAAATACATG_006,66
TCTGGTACTGGAAATACATG_007,174
TCTGGTACTGGAAATACATG_008,11
TCTGGTACTGGAAATACATG_009,12
ACTTAAAGCTCAGCTCAGGT_001,113
ACTTAAAGCTCAGCTCAGGT_002,66
ACTTAAAGCTCAGCTCAGGT_003,86
ACTTAAAGCTCAGCTCAGGT_004,148
ACTTAAAGCTCAGCTCAGGT_005,41
ACTTAAAGCTCAGCTCAGGT_006,144
ACTTAAAGCTCAGCTCAGGT_007,34
ACTTAAAGCTCAGCTCAGGT_008,137
GTTATGTCTCCATTTGGACG_001,185
GTTATGTCTCCATTTGGACG_002,134
GTTATGTCTCCATTTGGACG_003,20
GTTATGTCTCCATTTGGACG_004,9
GTTATGTCTCCATTTGGACG_005,197
GTTATGTCTCCATTTGGACG_006,188
GTTATGTCTCCATTTGGACG_007,82
GTTATGTCTCCATTTGGACG_008,68
GTTATGTCTCCATTTGGACG_009,68
CCCGGGGGTCCCGAAGCGAG_001,183
CCCGGGGGTCCCGAAGCGAG_002,194
CCCGGGGGTCCCGAAGCGAG_003,107
CCCGGGGGTCCCGAAGCGAG_004,90
CGGTTGCAGGGTGACCCCTG_001,66
CGGTTGCAGGGTGACCCCTG_002,1
TCAGGAGGGAGATCACACTC_001,92
TCAGGAGGGAGATCACACTC_002,92
TCAGGAGGGAGATCACACTC_003,158
TCAGGAGGGAGATCACACTC_004,42
TCAGGAGGGAGATCACACTC_005,42
TCAGGAGGGAGATCACACTC_006,176
TCAGGAGGGAGATCACACTC_007,19
TCAGGAGGGAGATCACACTC_008,61
TCAGGAGGGAGATCACACTC_009,148
TCAGGAGGGAGATCACACTC_010,117
TCAGGAGGGAGATCACACTC_011,19
TCAGGAGGGAGATCACACTC_012,23
TCAGGAGGGAGATCACACTC_013,158
TCAGGAGGGAGATCACACTC_014,67
TCAGGAGGGAGATCACACTC_015,16
TCAGGAGGGAGATCACACTC_016,88
TCAGGAGGGAGATCACACTC_017,63
TCAGGAGGGAGATCACACTC_018,171
TCAGGAGGGAGATCACACTC_019,121
TCAGGAGGGAGATCACACTC_020,160
TCAGGAGGGAGATCACACTC_021,0
TCAGGAGGGAGATCACACTC_022,180
TCAGGAGGGAGATCACACTC_023,183
TCAGGAGGGAGATCACACTC_024,4
TCAGGAGGGAGATCACACTC_025,34
TCAGGAGGGAGATCACACTC_026,166
TCAGGAGGGAGATCACACTC_027,147
TTCCTGACAATGAATCACGG_001,78
TTCCTGACAATGAATCACGG_002,52
TTCCTGACAATGAATCACGG_003,174
TTCCTGACAATGAATCACGG_004,23
TTCCTGACAATGAATCACGG_005,84
TTCCTGACAATGAATCACGG_006,9
TTCCTGACAATGAATCACGG_007,22
TTCCTGACAATGAATCACGG_008,185
CAAACCGGAACTCTCGATGG_001,11
CAAACCGGAACTCTCGATGG_002,9
CAAACCGGAACTCTCGATGG_003,182
CAAACCGGAACTCTCGATGG_004,32
CAAACCGGAACTCTCGATGG_005,120
GAGCATAGTAGCATCCCCGG_001,198
GAGCATAGTAGCATCCCCGG_002,184
GAGCATAGTAGCATCCCCGG_003,148
GAGCATAGTAGCATCCCCGG_004,137
GAGCATAGTAGCATCCCCGG_005,34
TTCTTATCCGACCAGTACAG_001,105
AACTCACTGCTGTATTGATG_001,170
AACTCACTGCTGTATTGATG_002,69
AAAGATCACTACAAACACCG_001,6
AAAGATCACTACAAACACCG_002,60
AAAGATCACTACAAACACCG_003,108
AAAGATCACTACAAACACCG_004,150
AAAGATCACTACAAACACCG_005,147
AAAGATCACTACAAACACCG_006,88
AAAGATCACTACAAACACCG_007,187
AAAGATCACTACAAACACCG_008,2
AAAGATCACTACAAACACCG_009,36
AAAGATCACTACAAACACCG_010,158
AAAGATCACTACAAACACCG_011,69
AAAGATCACTACAAACACCG_012,97
AAAGATCACTACAAACACCG_013,12
AAAGATCACTACAAACACCG_014,2
AAAGATCACTACAAACACCG_015,174
AAAGATCACTACAAACACCG_016,145
AAAGATCACTACAAACACCG_017,100
AAAGATCACTACAAACACCG_018,160
AAAGATCACTACAAACACCG_019,140
AAAGATCACTACAAACACCG_020,20
AAAGATCACTACAAACACCG_021,23
AAAGATCACTACAAACACCG_022,41
AAAGATCACTACAAACACCG_023,193
AAAGATCACTACAAACACCG_024,40
AAAGATCACTACAAACACCG_025,158
AAAGATCACTACAAACACCG_026,25
GCTGTGTTGATGTTAACACG_001,137
GCTGTGTTGATGTTAACACG_002,184
GCTGTGTTGATGTTAACACG_003,61
GCTGTGTTGATGTTAACACG_004,149
GCTGTGTTGATGTTAACACG_005,130
GCTGTGTTGATGTTAACACG_006,49
GCTGTGTTGATGTTAACACG_007,51
GCTGTGTTGATGTTAACACG_008,76
GCTGTGTTGATGTTAACACG_009,113
GCTGTGTTGATGTTAACACG_010,2
GCTGTGTTGATGTTAACACG_011,198
GCTGTGTTGATGTTAACACG_012,1
GCTGTGTTGATGTTAACACG_013,188
GCTGTGTTGATGTTAACACG_014,66
GCTGTGTTGATGTTAACACG_015,60
ACATTCGGGTGAAATAATGG_001,68
ACATTCGGGTGAAATAATGG_002,177
ACATTCGGGTGAAATAATGG_003,69
ACATTCGGGTGAAATAATGG_004,176
GCACTGCCCAGGCTTAAAGG_001,128
GCACTGCCCAGGCTTAAAGG_002,191
GCACTGCCCAGGCTTAAAGG_003,160
GCACTGCCCAGGCTTAAAGG_004,61
GCACTGCCCAGGCTTAAAGG_005,154
GCACTGCCCAGGCTTAAAGG_006,94
GCACTGCCCAGGCTTAAAGG_007,14
GCACTGCCCAGGCTTAAAGG_008,105
GCACTGCCCAGGCTTAAAGG_009,138
GCACTGCCCAGGCTTAAAGG_010,150
GCACTGCCCAGGCTTAAAGG_011,197
GCACTGCCCAGGCTTAAAGG_012,143
GCACTGCCCAGGCTTAAAGG_013,138
GCACTGCCCAGGCTTAAAGG_014,106
GCACTGCCCAGGCTTAAAGG_015,0
GCACTGCCCAGGCTTAAAGG_016,77
GCACTGCCCAGGCTTAAAGG_017,144
GCACTGCCCAGGCTTAAAGG_018,77
GCACTGCCCAGGCTTAAAGG_019,180
AAACAATTCTCCTTAGATCG_001,56
TCTACTGGACCATTTACTCA_001,103
GCGCGCTTTATCAGGCCGGG_001,127
GCGCGCTTTATCAGGCCGGG_002,88
GCGCGCTTTATCAGGCCGGG_003,161
GCGCGCTTTATCAGGCCGGG_004,150
GCGCGCTTTATCAGGCCGGG_005,49
GCGCGCTTTATCAGGCCGGG_006,99
TCATGTACCGAATCTGACGA_001,105
TCATGTACCGAATCTGACGA_002,48
TCATGTACCGAATCTGACGA_003,160
TCATGTACCGAATCTGACGA_004,28
TCATGTACCGAATCTGACGA_005,49
TCATGTACCGAATCTGACGA_006,43
CATCTAGCAAGAAATCATCC_001,35
CATCTAGCAAGAAATCATCC_002,50
CATCTAGCAAGAAATCATCC_003,75
CATCTAGCAAGAAATCATCC_004,49
CATCTAGCAAGAAATCATCC_005,135
CATCTAGCAAGAAATCATCC_006,19
CATCTAGCAAGAAATCATCC_007,178
AATTCAATGAAAGTACCCCT_001,68
AATTCAATGAAAGTACCCCT_002,70
AATTCAATGAAAGTACCCCT_003,58
AATTCAATGAAAGTACCCCT_004,144
AATTCAATGAAAGTACCCCT_005,26
AATTCAATGAAAGTACCCCT_006,83
AATTCAATGAAAGTACCCCT_007,150
AATTCAATGAAAGTACCCCT_008,134
AATTCAATGAAAGTACCCCT_009,120
AATTCAATGAAAGTACCCCT_010,140
AATTCAATGAAAGTACCCCT_011,140
ATCAAGCGGTGTGAGCGGAA_001,76
ATCAAGCGGTGTGAGCGGAA_002,50
ATCAAGCGGTGTGAGCGGAA_003,190
ATCAAGCGGTGTGAGCGGAA_004,170
CGGCTATGGAGTCCCCATGT_001,149
CGGCTATGGAGTCCCCATGT_002,48
CGGCTATGGAGTCCCCATGT_003,6
ATGACAAGGAAGTCGGACAG_001,166
ATGACAAGGAAGTCGGACAG_002,177
ATGACAAGGAAGTCGGACAG_003,120
ATGACAAGGAAGTCGGACAG_004,78
ATGACAAGGAAGTCGGACAG_005,8
ATGACAAGGAAGTCGGACAG_006,68
ATGACAAGGAAGTCGGACAG_007,139
ATGACAAGGAAGTCGGACAG_008,24
ATGACAAGGAAGTCGGACAG_009,69
ATGACAAGGAAGTCGGACAG_010,34
ATGACAAGGAAGTCGGACAG_011,160
ATGACAAGGAAGTCGGACAG_012,50
ATGACAAGGAAGTCGGACAG_013,169
ATGACAAGGAAGTCGGACAG_014,100
ATGACAAGGAAGTCGGACAG_015,81
ATGACAAGGAAGTCGGACAG_016,5
ATGACAAGGAAGTCGGACAG_017,19
ATGACAAGGAAGTCGGACAG_018,88
ATGACAAGGAAGTCGGACAG_019,88
ATGACAAGGAAGTCGGACAG_020,8
ATGACAAGGAAGTCGGACAG_021,81
ATGACAAGGAAGTCGGACAG_022,35
ATGACAAGGAAGTCGGACAG_023,38
ATGACAAGGAAGTCGGACAG_024,104
ATGACAAGGAAGTCGGACAG_025,188
ATGACAAGGAAGTCGGACAG_026,144
ATGACAAGGAAGTCGGACAG_027,83
ATGACAAGGAAGTCGGACAG_028,132
ATGACAAGGAAGTCGGACAG_029,26
ATGACAAGGAAGTCGGACAG_030,115
ATGACAAGGAAGTCGGACAG_031,111
ATGACAAGGAAGTCGGACAG_032,162
ATGACAAGGAAGTCGGACAG_033,97
ATGACAAGGAAGTCGGACAG_034,37
ATGACAAGGAAGTCGGACAG_035,183
ATGACAAGGAAGTCGGACAG_036,2
ATGACAAGGAAGTCGGACAG_037,141
ATGACAAGGAAGTCGGACAG_038,190
ATGACAAGGAAGTCGGACAG_039,145
ATGACAAGGAAGTCGGACAG_040,188
ATGACAAGGAAGTCGGACAG_041,20
ATGACAAGGAAGTCGGACAG_042,35
ATGACAAGGAAGTCGGACAG_043,47
ATGACAAGGAAGTCGGACAG_044,90
ATGACAAGGAAGTCGGACAG_045,103
ATGACAAGGAAGTCGGACAG_046,124
ATGACAAGGAAGTCGGACAG_047,10
ATGACAAGGAAGTCGGACAG_048,49
ATGACAAGGAAGTCGGACAG_049,165
ATGACAAGGAAGTCGGACAG_050,126
ATGACAAGGAAGTCGGACAG_051,118
ATGACAAGGAAGTCGGACAG_052,34
ATGACAAGGAAGTCGGACAG_053,169
CACAGGCTATCATAAGAGTG_001,123
CACAGGCTATCATAAGAGTG_002,74
CACAGGCTATCATAAGAGTG_003,141
CACAGGCTATCATAAGAGTG_004,83
CACAGGCTATCATAAGAGTG_005,116
CACAGGCTATCATAAGAGTG_006,116
ACCAAACATAATCGTATAAG_001,9
ACCAAACATAATCGTATAAG_002,161
ACTAACCATGCTTTAACTGG_001,113
ACTAACCATGCTTTAACTGG_002,48
ACTAACCATGCTTTAACTGG_003,23
ACTAACCATGCTTTAACTGG_004,116
ACTAACCATGCTTTAACTGG_005,180
CGGGCAACGACACCCCATCC_001,48
CGGGCAACGACACCCCATCC_002,84
CGGGCAACGACACCCCATCC_003,150
CGGGCAACGACACCCCATCC_004,81
CGGGCAACGACACCCCATCC_005,189
CGGGCAACGACACCCCATCC_006,11
GCAGGTCACGGGGCGGCACA_001,51
GCAGGTCACGGGGCGGCACA_002,44
GCAGGTCACGGGGCGGCACA_003,158
GCAGGTCACGGGGCGGCACA_004,169
GCAGGTCACGGGGCGGCACA_005,124
GCAGGTCACGGGGCGGCACA_006,150
TGATCTAGCGTCCAACCAGT_001,150
TGATCTAGCGTCCAACCAGT_002,94
TGATCTAGCGTCCAACCAGT_003,98
TGATCTAGCGTCCAACCAGT_004,73
TGATCTAGCGTCCAACCAGT_005,41
TGATCTAGCGTCCAACCAGT_006,100
TGATCTAGCGTCCAACCAGT_007,80
TGATCTAGCGTCCAACCAGT_008,76
TGATCTAGCGTCCAACCAGT_009,78
TGATCTAGCGTCCAACCAGT_010,112
CTGGGCAATTCATTAAAACA_001,147
CTGGGCAATTCATTAAAACA_002,63
GGAGCCCATTGAGAGCGATG_001,126
GGAGCCCATTGAGAGCGATG_002,45
GGAGCCCATTGAGAGCGATG_003,148
GGAGCCCATTGAGAGCGATG_004,12
GGAGCCCATTGAGAGCGATG_005,119
GGAGCCCATTGAGAGCGATG_006,171
GGAGCCCATTGAGAGCGATG_007,165
GGAGCCCATTGAGAGCGATG_008,146
GGAGCCCATTGAGAGCGATG_009,164
GGAGCCCATTGAGAGCGATG_010,1
GGAGCCCATTGAGAGCGATG_011,155
GCTGCAATGACAGGTATCCA_001,117
GCTGCAATGACAGGTATCCA_002,26
GCTGCAATGACAGGTATCCA_003,49
GCTGCAATGACAGGTATCCA_004,2
GCTGCAATGACAGGTATCCA_005,35
GCTGCAATGACAGGTATCCA_006,170
GCTGCAATGACAGGTATCCA_007,40
GATGTGCCTTGGAAAAAGGG_001,125
GATGTGCCTTGGAAAAAGGG_002,78
CAGATGCCTCAGATACCAAG_001,154
CAGATGCCTCAGATACCAAG_002,158
CAGATGCCTCAGATACCAAG_003,82
CAGATGCCTCAGATACCAAG_004,78
CAGATGCCTCAGATACCAAG_005,141
CAGATGCCTCAGATACCAAG_006,162
CAGATGCCTCAGATACCAAG_007,169
CAGATGCCTCAGATACCAAG_008,103
GAAGAAGGTGTTTCACATGC_001,183
GAAGAAGGTGTTTCACATGC_002,166
TGGCGCTGCTCGGACACCGT_001,77
TGGCGCTGCTCGGACACCGT_002,174
TGGCGCTGCTCGGACACCGT_003,144
TGGCGCTGCTCGGACACCGT_004,27
TGGCGCTGCTCGGACACCGT_005,147
TGGCGCTGCTCGGACACCGT_006,153
TGGCGCTGCTCGGACACCGT_007,133
TGGCGCTGCTCGGACACCGT_008,169
TGGCGCTGCTCGGACACCGT_009,88
TGGCGCTGCTCGGACACCGT_010,148
TGGCGCTGCTCGGACACCGT_011,113
TGGCGCTGCTCGGACACCGT_012,106
TGGCGCTGCTCGGACACCGT_013,190
TGGCGCTGCTCGGACACCGT_014,13
TGGCGCTGCTCGGACACCGT_015,184
TGGCGCTGCTCGGACACCGT_016,60
TGGCGCTGCTCGGACACCGT_017,183
TGGCGCTGCTCGGACACCGT_018,180
TGGCGCTGCTCGGACACCGT_019,97
TGGCGCTGCTCGGACACCGT_020,48
TGGCGCTGCTCGGACACCGT_021,168
AGAACATGGCCAGCGCATCG_001,62
AGAACATGGCCAGCGCATCG_002,122
AGAACATGGCCAGCGCATCG_003,94
AGAACATGGCCAGCGCATCG_004,184
AGAACATGGCCAGCGCATCG_005,17
AGAACATGGCCAGCGCATCG_006,55
AGAACATGGCCAGCGCATCG_007,150
AGAACATGGCCAGCGCATCG_008,82
AGAACATGGCCAGCGCATCG_009,16
AGAACATGGCCAGCGCATCG_010,2
AGAACATGGCCAGCGCATCG_011,85
AGAACATGGCCAGCGCATCG_012,199
AGAACATGGCCAGCGCATCG_013,34
AGAACATGGCCAGCGCATCG_014,63
CCCTACACAATAGACATCTG_001,33
CCCTACACAATAGACATCTG_002,78
CCCTACACAATAGACATCTG_003,199
CCCTACACAATAGACATCTG_004,72
CCCTACACAATAGACATCTG_005,124
CCCTACACAATAGACATCTG_006,19
CCCTACACAATAGACATCTG_007,150
CCCTACACAATAGACATCTG_008,37
CCCTACACAATAGACATCTG_009,150
CCCTACACAATAGACATCTG_010,46
CCCTACACAATAGACATCTG_011,9
CTGGACGACCGCCACGACAG_001,133
CTGGACGACCGCCACGACAG_002,60
CTGGACGACCGCCACGACAG_003,163
CTGGACGACCGCCACGACAG_004,101
CTGGACGACCGCCACGACAG_005,88
CTGGACGACCGCCACGACAG_006,8
CTGGACGACCGCCACGACAG_007,48
CTGGACGACCGCCACGACAG_008,45
CTGGACGACCGCCACGACAG_009,159
CTGGACGACCGCCACGACAG_010,70
CTGGACGACCGCCACGACAG_011,80
CTGGACGACCGCCACGACAG_012,177
CTGGACGACCGCCACGACAG_013,171
CTGGACGACCGCCACGACAG_014,5
CTGGACGACCGCCACGACAG_015,19
CTGGACGACCGCCACGACAG_016,145
CTGGACGACCGCCACGACAG_017,58
CTGGACGACCGCCACGACAG_018,91
CTGGACGACCGCCACGACAG_019,171
CTGGACGACCGCCACGACAG_020,176
CTGGACGACCGCCACGACAG_021,53
CTGGACGACCGCCACGACAG_022,92
CTGGACGACCGCCACGACAG_023,181
CTGGACGACCGCCACGACAG_024,189
CTGGACGACCGCCACGACAG_025,89
CTGGACGACCGCCACGACAG_026,1
CTGGACGACCGCCACGACAG_027,132
CTGGACGACCGCCACGACAG_028,9
CTGGACGACCGCCACGACAG_029,163
CTGGACGACCGCCACGACAG_030,186
CTGGACGACCGCCACGACAG_031,101
CTGGACGACCGCCACGACAG_032,178
CTGGACGACCGCCACGACAG_033,54
CTGGACGACCGCCACGACAG_034,107
CTGGACGACCGCCACGACAG_035,92
CTGGACGACCGCCACGACAG_036,145
CTGGACGACCGCCACGACAG_037,31
CTGGACGACCGCCACGACAG_038,175
CTGGACGACCGCCACGACAG_039,130
CTGGACGACCGCCACGACAG_040,81
CTGGACGACCGCCACGACAG_041,178
CTGGACGACCGCCACGACAG_042,182
CTGGACGACCGCCACGACAG_043,156
CTGGACGACCGCCACGACAG_044,65
CACACTTCTCACACTCCGCA_001,42
CACACTTCTCACACTCCGCA_002,101
CACACTTCTCACACTCCGCA_003,78
CACACTTCTCACACTCCGCA_004,152
GACGAAGTATCCGTTACAGC_001,114
GACGAAGTATCCGTTACAGC_002,97
GACGAAGTATCCGTTACAGC_003,179
GACGAAGTATCCGTTACAGC_004,74
TTCTGTGTGGAAACCAACAA_001,130
TTCTGTGTGGAAACCAACAA_002,53
TTCTGTGTGGAAACCAACAA_003,169
TTCTGTGTGGAAACCAACAA_004,6
GGCACTGACAAGCCTCAACG_001,96
GGCACTGACAAGCCTCAACG_002,68
GGCACTGACAAGCCTCAACG_003,12
GGCACTGACAAGCCTCAACG_004,163
GGCACTGACAAGCCTCAACG_005,155
GGCACTGACAAGCCTCAACG_006,155
GGCACTGACAAGCCTCAACG_007,127
GGCACTGACAAGCCTCAACG_008,105
GGCACTGACAAGCCTCAACG_009,70
GGCACTGACAAGCCTCAACG_010,160
GGCACTGACAAGCCTCAACG_011,116
GGCACTGACAAGCCTCAACG_012,179
GGCACTGACAAGCCTCAACG_013,178
GGCACTGACAAGCCTCAACG_014,177
GGCACTGACAAGCCTCAACG_015,86
GGCACTGACAAGCCTCAACG_016,43
GGCACTGACAAGCCTCAACG_017,48
GGCACTGACAAGCCTCAACG_018,48
GGCGCAGGGGACTACGGGAA_001,9
GGCGCAGGGGACTACGGGAA_002,22
GGCGCAGGGGACTACGGGAA_003,58
GGCGCAGGGGACTACGGGAA_004,169
GGCGCAGGGGACTACGGGAA_005,33
GGCGCAGGGGACTACGGGAA_006,198
GGCGCAGGGGACTACGGGAA_007,40
GGCGCAGGGGACTACGGGAA_008,169
GGCGCAGGGGACTACGGGAA_009,78
GGCGCAGGGGACTACGGGAA_010,165
GCCCGGAGAAGATCGTCCTG_001,42
CCTTAGAAGACCAAAGTCCG_001,106
CCTTAGAAGACCAAAGTCCG_002,85
CCTTAGAAGACCAAAGTCCG_003,84
CCTTAGAAGACCAAAGTCCG_004,27
CCTTAGAAGACCAAAGTCCG_005,127
CCTTAGAAGACCAAAGTCCG_006,26
CCTTAGAAGACCAAAGTCCG_007,82
CCTTAGAAGACCAAAGTCCG_008,188
CCTTAGAAGACCAAAGTCCG_009,135
CCTTAGAAGACCAAAGTCCG_010,6
CCTTAGAAGACCAAAGTCCG_011,115
CCTTAGAAGACCAAAGTCCG_012,140
CCTTAGAAGACCAAAGTCCG_013,60
CCTTAGAAGACCAAAGTCCG_014,90
GCTGCTAGCAGAATTGTCTG_001,68
GTACGCCATGGAAATTAATG_001,121
GTACGCCATGGAAATTAATG_002,29
CGCAGGATCTCCAGTTGCAC_001,102
CGCAGGATCTCCAGTTGCAC_002,15
CGCAGGATCTCCAGTTGCAC_003,129
CGCAGGATCTCCAGTTGCAC_004,147
CGCAGGATCTCCAGTTGCAC_005,173
CGCAGGATCTCCAGTTGCAC_006,69
CAGAGGACTCTCCACATGTG_001,12
TGAGGCAGAGGAATATGCAG_001,132
TGAGGCAGAGGAATATGCAG_002,46
TGAGGCAGAGGAATATGCAG_003,2
TGAGGCAGAGGAATATGCAG_004,175
TGAGGCAGAGGAATATGCAG_005,157
TGAGGCAGAGGAATATGCAG_006,41
TGAGGCAGAGGAATATGCAG_007,100
TGAGGCAGAGGAATATGCAG_008,169
TGAGGCAGAGGAATATGCAG_009,29
TGAGGCAGAGGAATATGCAG_010,91
CGTCTTCAGGAACATGATGT_001,27
CGTCTTCAGGAACATGATGT_002,53
CGTCTTCAGGAACATGATGT_003,137
CGTCTTCAGGAACATGATGT_004,53
CGTCTTCAGGAACATGATGT_005,24
CGTCTTCAGGAACATGATGT_006,48
CGTCTTCAGGAACATGATGT_007,144
GCTGTGCGACGTGACCCTCA_001,50
GCTGTGCGACGTGACCCTCA_002,88
GCTGTGCGACGTGACCCTCA_003,81
GCTGTGCGACGTGACCCTCA_004,37
GCTGTGCGACGTGACCCTCA_005,87
GCTGTGCGACGTGACCCTCA_006,75
GCTGTGCGACGTGACCCTCA_007,186
GCTGTGCGACGTGACCCTCA_008,123
GTAAAGAAGCGGAAAGGTCC_001,56
GTAAAGAAGCGGAAAGGTCC_002,116
GTAAAGAAGCGGAAAGGTCC_003,48
GTAAAGAAGCGGAAAGGTCC_004,158
GTAAAGAAGCGGAAAGGTCC_005,162
GTAAAGAAGCGGAAAGGTCC_006,138
GTAAAGAAGCGGAAAGGTCC_007,88
GTAAAGAAGCGGAAAGGTCC_008,156
GTAAAGAAGCGGAAAGGTCC_009,9
GTAAAGAAGCGGAAAGGTCC_010,28
GTAAAGAAGCGGAAAGGTCC_011,176
GTAAAGAAGCGGAAAGGTCC_012,146
GTAAAGAAGCGGAAAGGTCC_013,2
GTAAAGAAGCGGAAAGGTCC_014,88
GTAAAGAAGCGGAAAGGTCC_015,118
AATTCGTAGATTAAAAGGAT_001,147
AATTCGTAGATTAAAAGGAT_002,57
CAAAGGAAAGCGACTCCCTG_001,127
CAAAGGAAAGCGACTCCCTG_002,19
CAAAGGAAAGCGACTCCCTG_003,12
CAAAGGAAAGCGACTCCCTG_004,98
CAAAGGAAAGCGACTCCCTG_005,16
CAAAGGAAAGCGACTCCCTG_006,4
CAAAGGAAAGCGACTCCCTG_007,30
CAAAGGAAAGCGACTCCCTG_008,122
CAAAGGAAAGCGACTCCCTG_009,4
CAAAGGAAAGCGACTCCCTG_010,121
CAAAGGAAAGCGACTCCCTG_011,46
CAAAGGAAAGCGACTCCCTG_012,46
CAAAGGAAAGCGACTCCCTG_013,1
CAAAGGAAAGCGACTCCCTG_014,104
GAGCACACGTATGAGAGCTG_001,72
GAGCACACGTATGAGAGCTG_002,59
GAGCACACGTATGAGAGCTG_003,114
GAGCACACGTATGAGAGCTG_004,158
GAGCACACGTATGAGAGCTG_005,169
GAGCACACGTATGAGAGCTG_006,158
GAGCACACGTATGAGAGCTG_007,61
GAGCACACGTATGAGAGCTG_008,35
GAGCACACGTATGAGAGCTG_009,168
GAGCACACGTATGAGAGCTG_010,197
GAGCACACGTATGAGAGCTG_011,50
GAGCACACGTATGAGAGCTG_012,5
GAGCACACGTATGAGAGCTG_013,54
GAGCACACGTATGAGAGCTG_014,56
GAGCACACGTATGAGAGCTG_015,186
GAGCACACGTATGAGAGCTG_016,88
GAGCACACGTATGAGAGCTG_017,192
GAGCACACGTATGAGAGCTG_018,16
GAGCACACGTATGAGAGCTG_019,127
GAGCACACGTATGAGAGCTG_020,141
GAGCACACGTATGAGAGCTG_021,145
GGAACGGATACCTTGGGCTG_001,149
GGAACGGATACCTTGGGCTG_002,81
GGAACGGATACCTTGGGCTG_003,27
GGAACGGATACCTTGGGCTG_004,93
GGAACGGATACCTTGGGCTG_005,102
GGAACGGATACCTTGGGCTG_006,70
GGAACGGATACCTTGGGCTG_007,103
GGAACGGATACCTTGGGCTG_008,16
GGAACGGATACCTTGGGCTG_009,148
GGAACGGATACCTTGGGCTG_010,16
GGAACGGATACCTTGGGCTG_011,63
GGAACGGATACCTTGGGCTG_012,94
GGAACGGATACCTTGGGCTG_013,5
GGAACGGATACCTTGGGCTG_014,17
GGAACGGATACCTTGGGCTG_015,12
GGAACGGATACCTTGGGCTG_016,176
GGAACGGATACCTTGGGCTG_017,1
GGAACGGATACCTTGGGCTG_018,89
GGAACGGATACCTTGGGCTG_019,160
GGAACGGATACCTTGGGCTG_020,65
GGAACGGATACCTTGGGCTG_021,183
GGAACGGATACCTTGGGCTG_022,16
TGTGACACCAAATAGGTAGA_001,94
TGTGACACCAAATAGGTAGA_002,82
TGTGACACCAAATAGGTAGA_003,16
TGTGACACCAAATAGGTAGA_004,122
TGTGACACCAAATAGGTAGA_005,190
TGTGACACCAAATAGGTAGA_006,6
TTCTGCCTGAAATTACTGTC_001,171
TTCTGCCTGAAATTACTGTC_002,94
TTCTGCCTGAAATTACTGTC_003,8
TTCTGCCTGAAATTACTGTC_004,11
TTCTGCCTGAAATTACTGTC_005,81
TTCTGCCTGAAATTACTGTC_006,3
TTCTGCCTGAAATTACTGTC_007,147
TTCTGCCTGAAATTACTGTC_008,137
GAAGAGTAGATGTACCAAGA_001,123
GAAGAGTAGATGTACCAAGA_002,85
GAAGAGTAGATGTACCAAGA_003,124
GAAGAGTAGATGTACCAAGA_004,187
GAAGAGTAGATGTACCAAGA_005,31
GAAGAGTAGATGTACCAAGA_006,160
GAAGAACATTAAGCACCTGG_001,17
GAAGAACATTAAGCACCTGG_002,91
GAAGAACATTAAGCACCTGG_003,74
GAAGAACATTAAGCACCTGG_004,103
GAAGAACATTAAGCACCTGG_005,190
GAAGAACATTAAGCACCTGG_006,88
GAAGAACATTAAGCACCTGG_007,103
GAAGAACATTAAGCACCTGG_008,85
GAAGAACATTAAGCACCTGG_009,94
GAAGAACATTAAGCACCTGG_010,43
GAAGAACATTAAGCACCTGG_011,27
GCTGATCCGCTGGTGCAGGG_001,31
GCTGATCCGCTGGTGCAGGG_002,161
GCTGATCCGCTGGTGCAGGG_003,130
GCTGATCCGCTGGTGCAGGG_004,91
GCTGATCCGCTGGTGCAGGG_005,20
GCTGATCCGCTGGTGCAGGG_006,141
GCTGATCCGCTGGTGCAGGG_007,120
GCTGATCCGCTGGTGCAGGG_008,76
CCGCTACCTGAGTGTACCGT_001,163
CCGCTACCTGAGTGTACCGT_002,191
CCGCTACCTGAGTGTACCGT_003,80
CCGCTACCTGAGTGTACCGT_004,36
CCGCTACCTGAGTGTACCGT_005,6
CCGCTACCTGAGTGTACCGT_006,174
CCGCTACCTGAGTGTACCGT_007,19
CCGCTACCTGAGTGTACCGT_008,46
CCGCTACCTGAGTGTACCGT_009,49
CTGGGAGTATCGTTCAGGAG_001,52
CTGGGAGTATCGTTCAGGAG_002,15
CTGGATCGTGTGGTTTGCAA_001,138
CTGGATCGTGTGGTTTGCAA_002,8
CTGGATCGTGTGGTTTGCAA_003,60
CTGGATCGTGTGGTTTGCAA_004,9
CTGGATCGTGTGGTTTGCAA_005,83
CTGGATCGTGTGGTTTGCAA_006,166
CTGGATCGTGTGGTTTGCAA_007,116
CTGGATCGTGTGGTTTGCAA_008,70
CTGGATCGTGTGGTTTGCAA_009,178
CTGGATCGTGTGGTTTGCAA_010,111
CTGGATCGTGTGGTTTGCAA_011,182
CTGGATCGTGTGGTTTGCAA_012,56
CCCAAACCCCAGTCCCAACG_001,70
CCCAAACCCCAGTCCCAACG_002,147
CCCAAACCCCAGTCCCAACG_003,13
CCCAAACCCCAGTCCCAACG_004,172
CCCAAACCCCAGTCCCAACG_005,39
CCCAAACCCCAGTCCCAACG_006,141
CCCAAACCCCAGTCCCAACG_007,45
CCCAAACCCCAGTCCCAACG_008,51
CCCAAACCCCAGTCCCAACG_009,144
CCCAAACCCCAGTCCCAACG_010,149
CCCAAACCCCAGTCCCAACG_011,30
CCCAAACCCCAGTCCCAACG_012,78
CCCAAACCCCAGTCCCAACG_013,197
CCCAAACCCCAGTCCCAACG_014,94
CCCAAACCCCAGTCCCAACG_015,162
CCCAAACCCCAGTCCCAACG_016,176
CCTGGAGCGAGTGTCCAATG_001,0
CCTGGAGCGAGTGTCCAATG_002,159
CCTGGAGCGAGTGTCCAATG_003,181
CCTGGAGCGAGTGTCCAATG_004,137
CCTGGAGCGAGTGTCCAATG_005,177
CCTGGAGCGAGTGTCCAATG_006,74
CCTGGAGCGAGTGTCCAATG_007,76
CCTGGAGCGAGTGTCCAATG_008,69
CCTGGAGCGAGTGTCCAATG_009,165
CCTGGAGCGAGTGTCCAATG_010,57
CCTGGAGCGAGTGTCCAATG_011,182
CCTGGAGCGAGTGTCCAATG_012,130
CCTGGAGCGAGTGTCCAATG_013,49
CCTGGAGCGAGTGTCCAATG_014,73
CCTGGAGCGAGTGTCCAATG_015,11
CCTGGAGCGAGTGTCCAATG_016,104
CCTGGAGCGAGTGTCCAATG_017,126
CCCCGTGGTCTCCTACGCCG_001,192
CCCCGTGGTCTCCTACGCCG_002,105
CCCCGTGGTCTCCTACGCCG_003,184
CCCCGTGGTCTCCTACGCCG_004,188
CCCCGTGGTCTCCTACGCCG_005,48
CCCCGTGGTCTCCTACGCCG_006,50
CCCCGTGGTCTCCTACGCCG_007,121
CCCCGTGGTCTCCTACGCCG_008,198
GTACAGTCTCCTTTGCACAT_001,159
GTACAGTCTCCTTTGCACAT_002,190
GTACAGTCTCCTTTGCACAT_003,128
GTACAGTCTCCTTTGCACAT_004,88
GTGTGATACTAGGATGCGGT_001,172
GTGTGATACTAGGATGCGGT_002,147
GTGTGATACTAGGATGCGGT_003,4
GTGTGATACTAGGATGCGGT_004,127
CAGTAAGTCATGCCAAAAAA_001,81
CAGTAAGTCATGCCAAAAAA_002,88
CAGTAAGTCATGCCAAAAAA_003,77
ATTTACAACTGAAGAATGCA_001,139
ATTTACAACTGAAGAATGCA_002,127
ATTTACAACTGAAGAATGCA_003,103
ATTTACAACTGAAGAATGCA_004,146
ATTTACAACTGAAGAATGCA_005,177
ATTTACAACTGAAGAATGCA_006,52
ATTTACAACTGAAGAATGCA_007,99
ATTTACAACTGAAGAATGCA_008,183
ATTTACAACTGAAGAATGCA_009,141
ATTTACAACTGAAGAATGCA_010,19
ATTTACAACTGAAGAATGCA_011,16
ATTTACAACTGAAGAATGCA_012,151
GGACCCCACACGGACTCGGT_001,170
GGACCCCACACGGACTCGGT_002,107
GGACCCCACACGGACTCGGT_003,150
GGACCCCACACGGACTCGGT_004,149
GGACCCCACACGGACTCGGT_005,182
GGACCCCACACGGACTCGGT_006,88
GTTTCTCTTGAACCCCGCGA_001,134
GTTTCTCTTGAACCCCGCGA_002,194
GTTTCTCTTGAACCCCGCGA_003,157
GTTTCTCTTGAACCCCGCGA_004,157
GTTTCTCTTGAACCCCGCGA_005,105
GTTTCTCTTGAACCCCGCGA_006,160
GTTTCTCTTGAACCCCGCGA_007,113
GTTTCTCTTGAACCCCGCGA_008,77
GTTTCTCTTGAACCCCGCGA_009,49
GTTTCTCTTGAACCCCGCGA_010,84
GTTTCTCTTGAACCCCGCGA_011,84
GTTTCTCTTGAACCCCGCGA_012,58
GTTTCTCTTGAACCCCGCGA_013,78
GTTTCTCTTGAACCCCGCGA_014,38
GTTTCTCTTGAACCCCGCGA_015,114
GTTTCTCTTGAACCCCGCGA_016,114
GTTTCTCTTGAACCCCGCGA_017,150
GTTTCTCTTGAACCCCGCGA_018,70
GTTTCTCTTGAACCCCGCGA_019,170
GTTTCTCTTGAACCCCGCGA_020,137
GTTTCTCTTGAACCCCGCGA_021,83
GTTTCTCTTGAACCCCGCGA_022,150
GTTTCTCTTGAACCCCGCGA_023,9
GTTTCTCTTGAACCCCGCGA_024,99
GTTTCTCTTGAACCCCGCGA_025,96
GAGTCCATAGCACATATTGG_001,146
GAGTCCATAGCACATATTGG_002,11
GAGTCCATAGCACATATTGG_003,26
AAATGGTATCCAGTGTGCCG_001,4
AAATGGTATCCAGTGTGCCG_002,147
AAATGGTATCCAGTGTGCCG_003,191
AAATGGTATCCAGTGTGCCG_004,112
AAATGGTATCCAGTGTGCCG_005,6
AAATGGTATCCAGTGTGCCG_006,7
AAATGGTATCCAGTGTGCCG_007,11
AAATGGTATCCAGTGTGCCG_008,102
AAATGGTATCCAGTGTGCCG_009,130
AAATGGTATCCAGTGTGCCG_010,0
CTTGGATGTACATCAACCTG_001,69
CTTGGATGTACATCAACCTG_002,41
GCGTCTAAACTGGATCCAGT_001,37
GCGTCTAAACTGGATCCAGT_002,8
GCGTCTAAACTGGATCCAGT_003,186
GCGTCTAAACTGGATCCAGT_004,50
GCTGCAGTCCATCAACGAGT_001,130
GCTGCAGTCCATCAACGAGT_002,12
GCTGCAGTCCATCAACGAGT_003,9
GCTGCAGTCCATCAACGAGT_004,150
GCTGCAGTCCATCAACGAGT_005,68
GCTGCAGTCCATCAACGAGT_006,146
GCTGCAGTCCATCAACGAGT_007,146
GCTGCAGTCCATCAACGAGT_008,178
GCTGCAGTCCATCAACGAGT_009,163
GCTGCAGTCCATCAACGAGT_010,75
TTATGCAGGTTTGCAGACCG_001,63
TTATGCAGGTTTGCAGACCG_002,198
TTATGCAGGTTTGCAGACCG_003,42
TTATGCAGGTTTGCAGACCG_004,134
TTATGCAGGTTTGCAGACCG_005,86
TTATGCAGGTTTGCAGACCG_006,13
TTATGCAGGTTTGCAGACCG_007,9
TTATGCAGGTTTGCAGACCG_008,13
TTATGCAGGTTTGCAGACCG_009,120
TTATGCAGGTTTGCAGACCG_010,163
TTTACCCCTTTAGGATTGGC_001,77
TTTACCCCTTTAGGATTGGC_002,80
TTTACCCCTTTAGGATTGGC_003,63
TTTACCCCTTTAGGATTGGC_004,69
TTTACCCCTTTAGGATTGGC_005,60
TTTACCCCTTTAGGATTGGC_006,36
TTTACCCCTTTAGGATTGGC_007,154
GAGCTGTAGCCATCTGGCAA_001,147
GACGTCAGGGTCCTGTAACA_001,150
GACGTCAGGGTCCTGTAACA_002,119
GACGTCAGGGTCCTGTAACA_003,101
GACGTCAGGGTCCTGTAACA_004,127
GACGTCAGGGTCCTGTAACA_005,8
GACGTCAGGGTCCTGTAACA_006,49
CCACCTATGACCCCTATAAG_001,165
CCACCTATGACCCCTATAAG_002,49
TGGAATACCAAACTAGCCAT_001,7
TGGAATACCAAACTAGCCAT_002,69
TGGAATACCAAACTAGCCAT_003,30
TGGAATACCAAACTAGCCAT_004,114
CCTGGCCAACGAGCCATCCG_001,129
CCTGGCCAACGAGCCATCCG_002,40
CCTGGCCAACGAGCCATCCG_003,37
CCTGGCCAACGAGCCATCCG_004,181
CCTGGCCAACGAGCCATCCG_005,117
CCTGGCCAACGAGCCATCCG_006,163
CCTGGCCAACGAGCCATCCG_007,32
CCTGGCCAACGAGCCATCCG_008,152
CCTGGCCAACGAGCCATCCG_009,152
CCTGGCCAACGAGCCATCCG_010,196
CCTGGCCAACGAGCCATCCG_011,6
CCTGGCCAACGAGCCATCCG_012,59
CCTGGCCAACGAGCCATCCG_013,62
CCTGGCCAACGAGCCATCCG_014,112
CCTGGCCAACGAGCCATCCG_015,0
CCTGGCCAACGAGCCATCCG_016,68
AGGAACACCCTGTATATCCA_001,41
AGGAACACCCTGTATATCCA_002,108
AAAATTGCGGAGAAGATATG_001,27
GTCAAAGGCCCCTAGCACAG_001,181
GTCAAAGGCCCCTAGCACAG_002,139
GTCAAAGGCCCCTAGCACAG_003,10
GTCAAAGGCCCCTAGCACAG_004,46
GTCAAAGGCCCCTAGCACAG_005,57
GTCAAAGGCCCCTAGCACAG_006,120
GTCAAAGGCCCCTAGCACAG_007,76
GTCAAAGGCCCCTAGCACAG_008,49
GTCAAAGGCCCCTAGCACAG_009,144
GTCAAAGGCCCCTAGCACAG_010,19
GTCAAAGGCCCCTAGCACAG_011,1
GTCAAAGGCCCCTAGCACAG_012,49
GTCAAAGGCCCCTAGCACAG_013,171
GTCAAAGGCCCCTAGCACAG_014,103
GTCAAAGGCCCCTAGCACAG_015,103
GTCAAAGGCCCCTAGCACAG_016,136
GTCAAAGGCCCCTAGCACAG_017,158
GTCGATGTTGCTGATAACAG_001,138
GTCGATGTTGCTGATAACAG_002,180
CTAGTTGTGAAGAATAACAT_001,191
CTAGTTGTGAAGAATAACAT_002,94
CACCCTTATATTCAGTAACT_001,166
CACCCTTATATTCAGTAACT_002,142
CACCCTTATATTCAGTAACT_003,67
TGGCAAATAACTCAGGCACA_001,121
TGGCAAATAACTCAGGCACA_002,174
AATAAAAAGATTATCCACAG_001,179
AATAAAAAGATTATCCACAG_002,137
AACAAGAGCAATTTCAGTCG_001,127
AACAAGAGCAATTTCAGTCG_002,47
AACAAGAGCAATTTCAGTCG_003,170
AACAAGAGCAATTTCAGTCG_004,88
CAAAGTGGGTAAGGTCGCCG_001,199
CAAAGTGGGTAAGGTCGCCG_002,38
CAAAGTGGGTAAGGTCGCCG_003,60
CAAAGTGGGTAAGGTCGCCG_004,34
CAAAGTGGGTAAGGTCGCCG_005,169
CAAAGTGGGTAAGGTCGCCG_006,102
CAAAGTGGGTAAGGTCGCCG_007,184
CAAAGTGGGTAAGGTCGCCG_008,175
CAAAGTGGGTAAGGTCGCCG_009,130
CAAAGTGGGTAAGGTCGCCG_010,191
CCTGAGCCGCTACACGAGTG_001,184
CCTGAGCCGCTACACGAGTG_002,88
CCTGAGCCGCTACACGAGTG_003,127
CCTGAGCCGCTACACGAGTG_004,8
CCTGAGCCGCTACACGAGTG_005,151
CCTGAGCCGCTACACGAGTG_006,93
CCTGAGCCGCTACACGAGTG_007,9
CCTGAGCCGCTACACGAGTG_008,187
CCTGAGCCGCTACACGAGTG_009,16
CCTGAGCCGCTACACGAGTG_010,190
CCTGAGCCGCTACACGAGTG_011,168
CCTGAGCCGCTACACGAGTG_012,198
ACTCCAGATTTGAATCCCAG_001,176
ACTCCAGATTTGAATCCCAG_002,166
ACTCCAGATTTGAATCCCAG_003,15
ACTCCAGATTTGAATCCCAG_004,169
GAGGGTCCGAAGCAATGACA_001,98
GAGGGTCCGAAGCAATGACA_002,117
GAGGGTCCGAAGCAATGACA_003,0
GAGGGTCCGAAGCAATGACA_004,56
GAGGGTCCGAAGCAATGACA_005,49
GAGGGTCCGAAGCAATGACA_006,141
GAGGGTCCGAAGCAATGACA_007,31
GAGGGTCCGAAGCAATGACA_008,163
GAGGGTCCGAAGCAATGACA_009,191
GAGGGTCCGAAGCAATGACA_010,74
GAGGGTCCGAAGCAATGACA_011,108
GAGGGTCCGAAGCAATGACA_012,66
GAGGGTCCGAAGCAATGACA_013,188
GAGGGTCCGAAGCAATGACA_014,26
GAGGGTCCGAAGCAATGACA_015,82
GAGGGTCCGAAGCAATGACA_016,160
GAGGGTCCGAAGCAATGACA_017,58
GAGGGTCCGAAGCAATGACA_018,146
GAGGGTCCGAAGCAATGACA_019,113
GAGGGTCCGAAGCAATGACA_020,15
GAGGGTCCGAAGCAATGACA_021,94
GAGGGTCCGAAGCAATGACA_022,15
GAGGGTCCGAAGCAATGACA_023,40
GAGGGTCCGAAGCAATGACA_024,58
GAGGGTCCGAAGCAATGACA_025,184
GAGGGTCCGAAGCAATGACA_026,53
GAGGGTCCGAAGCAATGACA_027,1
GAGGGTCCGAAGCAATGACA_028,172
GAGGGTCCGAAGCAATGACA_029,133
GAGGGTCCGAAGCAATGACA_030,170
GAGGGTCCGAAGCAATGACA_031,0
CAAGACGAAACTATTGTGGT_001,17
CAAGACGAAACTATTGTGGT_002,32
CGCTACCCCTAGGTGTACAT_001,175
CGCTACCCCTAGGTGTACAT_002,83
CGCTACCCCTAGGTGTACAT_003,113
CGCTACCCCTAGGTGTACAT_004,168
CGCTACCCCTAGGTGTACAT_005,133
CGCTACCCCTAGGTGTACAT_006,17
CGTTGGCTACCCGGTCACGG_001,157
CGTTGGCTACCCGGTCACGG_002,176
CGTTGGCTACCCGGTCACGG_003,147
CGTTGGCTACCCGGTCACGG_004,28
CGTTGGCTACCCGGTCACGG_005,37
CGTTGGCTACCCGGTCACGG_006,129
CGTTGGCTACCCGGTCACGG_007,2
CGTTGGCTACCCGGTCACGG_008,11
CGTTGGCTACCCGGTCACGG_009,142
ACAGAACCAAAACCCTGCAA_001,147
ACAGAACCAAAACCCTGCAA_002,183
ACAGAACCAAAACCCTGCAA_003,2
ACAGAACCAAAACCCTGCAA_004,138
ACCAGTTGCGAAATGGTCTG_001,118
ACCAGTTGCGAAATGGTCTG_002,113
ACCAGTTGCGAAATGGTCTG_003,93
ACCAGTTGCGAAATGGTCTG_004,38
ACCAGTTGCGAAATGGTCTG_005,33
ACCAGTTGCGAAATGGTCTG_006,144
ACCAGTTGCGAAATGGTCTG_007,176
ACCAGTTGCGAAATGGTCTG_008,146
ACCAGTTGCGAAATGGTCTG_009,162
ACCAGTTGCGAAATGGTCTG_010,138
CAGAAGTGTCATCAATTCTG_001,44
CAGAAGTGTCATCAATTCTG_002,14
CAGAAGTGTCATCAATTCTG_003,61
CAGAAGTGTCATCAATTCTG_004,68
CAGAAGTGTCATCAATTCTG_005,14
GGGCGGAACGGATTCCAGCA_001,107
GGGCGGAACGGATTCCAGCA_002,96
GGGCGGAACGGATTCCAGCA_003,53
GGGCGGAACGGATTCCAGCA_004,127
GGGCGGAACGGATTCCAGCA_005,142
GGGCGGAACGGATTCCAGCA_006,198
GGGCGGAACGGATTCCAGCA_007,140
GGGCGGAACGGATTCCAGCA_008,50
GGGCGGAACGGATTCCAGCA_009,187
GGGCGGAACGGATTCCAGCA_010,188
GGGCGGAACGGATTCCAGCA_011,44
GGGCGGAACGGATTCCAGCA_012,188
GGGCGGAACGGATTCCAGCA_013,152
GGGCGGAACGGATTCCAGCA_014,17
GGGCGGAACGGATTCCAGCA_015,152
GGGCGGAACGGATTCCAGCA_016,147
GGGCGGAACGGATTCCAGCA_017,138
GAAGGGCAAGTGTCTCCTAG_001,131
GAAGGGCAAGTGTCTCCTAG_002,150
GAAGGGCAAGTGTCTCCTAG_003,35
GAAGGGCAAGTGTCTCCTAG_004,178
GTGGTGGAGTGCCCGGAACA_001,57
GTGGTGGAGTGCCCGGAACA_002,49
GTGGTGGAGTGCCCGGAACA_003,10
GTGGTGGAGTGCCCGGAACA_004,154
GTGGTGGAGTGCCCGGAACA_005,188
GTGGTGGAGTGCCCGGAACA_006,15
GTGGTGGAGTGCCCGGAACA_007,61
GTGGTGGAGTGCCCGGAACA_008,19
ATTCTAGACGTAGTAGAGTG_001,196
ATTCTAGACGTAGTAGAGTG_002,195
ATTCTAGACGTAGTAGAGTG_003,90
TGGCCCACACGGTGCACACG_001,198
TGGCCCACACGGTGCACACG_002,59
TGGCCCACACGGTGCACACG_003,169
TGGCCCACACGGTGCACACG_004,182
TGGCCCACACGGTGCACACG_005,74
TGGCCCACACGGTGCACACG_006,158
TGGCCCACACGGTGCACACG_007,70
TGGCCCACACGGTGCACACG_008,199
CCAACATGACCACCAACGAG_001,134
CCAACATGACCACCAACGAG_002,68
CCAACATGACCACCAACGAG_003,83
CCAACATGACCACCAACGAG_004,144
CCAACATGACCACCAACGAG_005,183
ACGACGAGAGGATAGTGGAT_001,96
ACGACGAGAGGATAGTGGAT_002,119
ACGACGAGAGGATAGTGGAT_003,164
ACGACGAGAGGATAGTGGAT_004,164
ACGACGAGAGGATAGTGGAT_005,183
ACGACGAGAGGATAGTGGAT_006,165
ACGACGAGAGGATAGTGGAT_007,189
ACGACGAGAGGATAGTGGAT_008,189
ACGACGAGAGGATAGTGGAT_009,140
ACGACGAGAGGATAGTGGAT_010,82
ACGACGAGAGGATAGTGGAT_011,49
ACGACGAGAGGATAGTGGAT_012,29
ACGACGAGAGGATAGTGGAT_013,114
ACGACGAGAGGATAGTGGAT_014,54
ACGACGAGAGGATAGTGGAT_015,162
ACGACGAGAGGATAGTGGAT_016,139
ACGACGAGAGGATAGTGGAT_017,17
ACGACGAGAGGATAGTGGAT_018,77
ACGACGAGAGGATAGTGGAT_019,127
ACGACGAGAGGATAGTGGAT_020,187
ACGACGAGAGGATAGTGGAT_021,14
ACGACGAGAGGATAGTGGAT_022,19
ATGTACGGCTTCCAGAAGAG_001,176
ATGTACGGCTTCCAGAAGAG_002,48
ATGTACGGCTTCCAGAAGAG_003,44
ATGTACGGCTTCCAGAAGAG_004,47
ATGTACGGCTTCCAGAAGAG_005,63
ATGTACGGCTTCCAGAAGAG_006,88
ATGTACGGCTTCCAGAAGAG_007,6
ATGTACGGCTTCCAGAAGAG_008,104
ACTCAATCGTGAGGATTGGT_001,70
ACTCAATCGTGAGGATTGGT_002,160
ACTCAATCGTGAGGATTGGT_003,141
ACTCAATCGTGAGGATTGGT_004,127
ACTCAATCGTGAGGATTGGT_005,115
ACTCAATCGTGAGGATTGGT_006,56
ACTCAATCGTGAGGATTGGT_007,199
CTTTCAGAGGAGATCATCGG_001,137
CTTTCAGAGGAGATCATCGG_002,49
CTTTCAGAGGAGATCATCGG_003,115
CTTTCAGAGGAGATCATCGG_004,2
CTTTCAGAGGAGATCATCGG_005,78
CTTTCAGAGGAGATCATCGG_006,198
CTTTCAGAGGAGATCATCGG_007,115
CTTTCAGAGGAGATCATCGG_008,146
CTTTCAGAGGAGATCATCGG_009,98
CTTTCAGAGGAGATCATCGG_010,15
CTTTCAGAGGAGATCATCGG_011,1
CTTTCAGAGGAGATCATCGG_012,91
CTTTCAGAGGAGATCATCGG_013,112
CTTTCAGAGGAGATCATCGG_014,199
CTTTCAGAGGAGATCATCGG_015,2
CTTTCAGAGGAGATCATCGG_016,49
CTTTCAGAGGAGATCATCGG_017,101
CTTTCAGAGGAGATCATCGG_018,8
CTTTCAGAGGAGATCATCGG_019,156
CTTTCAGAGGAGATCATCGG_020,51
CTTTCAGAGGAGATCATCGG_021,58
CTTTCAGAGGAGATCATCGG_022,188
CTTTCAGAGGAGATCATCGG_023,188
CTTTCAGAGGAGATCATCGG_024,120
CTTTCAGAGGAGATCATCGG_025,41
CTTTCAGAGGAGATCATCGG_026,78
CTTTCAGAGGAGATCATCGG_027,100
CCCATCTGCTCTTCCCCGCG_001,31
CCCATCTGCTCTTCCCCGCG_002,54
CCCATCTGCTCTTCCCCGCG_003,41
CCCATCTGCTCTTCCCCGCG_004,63
CCCATCTGCTCTTCCCCGCG_005,4
CCCATCTGCTCTTCCCCGCG_006,83
CCCATCTGCTCTTCCCCGCG_007,63
GAGCCACGGGAACACATGGT_001,191
GAGCCACGGGAACACATGGT_002,121
GAGCCACGGGAACACATGGT_003,160
GAGCCACGGGAACACATGGT_004,138
GAGCCACGGGAACACATGGT_005,139
GAGCCACGGGAACACATGGT_006,62
GAGCCACGGGAACACATGGT_007,62
GAGCCACGGGAACACATGGT_008,125
GAGCCACGGGAACACATGGT_009,181
GAGCCACGGGAACACATGGT_010,56
GAGCCACGGGAACACATGGT_011,104
GAGCCACGGGAACACATGGT_012,62
GAGCCACGGGAACACATGGT_013,123
GAGCCACGGGAACACATGGT_014,118
GAGCCACGGGAACACATGGT_015,185
GAGCCACGGGAACACATGGT_016,137
GAGCCACGGGAACACATGGT_017,97
GAGCCACGGGAACACATGGT_018,97
GAGCCACGGGAACACATGGT_019,107
GAGCCACGGGAACACATGGT_020,193
GAGCCACGGGAACACATGGT_021,148
GAGCCACGGGAACACATGGT_022,64
GAGCCACGGGAACACATGGT_023,48
GAGCCACGGGAACACATGGT_024,28
GAGCCACGGGAACACATGGT_025,0
GAGCCACGGGAACACATGGT_026,81
GAGCCACGGGAACACATGGT_027,121
CAGAAACACCCATTCTTCTG_001,177
CAGAAACACCCATTCTTCTG_002,180
TGCACGTCCATGGTTCTGAA_001,54
TGCACGTCCATGGTTCTGAA_002,64
TGCACGTCCATGGTTCTGAA_003,84
TGCACGTCCATGGTTCTGAA_004,94
TGCACGTCCATGGTTCTGAA_005,63
TGCACGTCCATGGTTCTGAA_006,122
AGCATTTCCTCATGAGCTCG_001,188
AGCATTTCCTCATGAGCTCG_002,144
AGTGGTCAGCCTACATAGTA_001,45
AGTGGTCAGCCTACATAGTA_002,78
AGTGGTCAGCCTACATAGTA_003,147
AGTGGTCAGCCTACATAGTA_004,126
AGTGGTCAGCCTACATAGTA_005,197
AGTGGTCAGCCTACATAGTA_006,174
AGTGGTCAGCCTACATAGTA_007,58
AGTGGTCAGCCTACATAGTA_008,145
AGTGGTCAGCCTACATAGTA_009,2
AGTGGTCAGCCTACATAGTA_010,92
AGTGGTCAGCCTACATAGTA_011,11
AGTGGTCAGCCTACATAGTA_012,74
AGTGGTCAGCCTACATAGTA_013,177
AGTGGTCAGCCTACATAGTA_014,175
AGTGGTCAGCCTACATAGTA_015,89
TCAGGAAGAGAATACCCACG_001,115
TCAGGAAGAGAATACCCACG_002,130
TCAGGAAGAGAATACCCACG_003,74
TCAGGAAGAGAATACCCACG_004,48
TCAGGAAGAGAATACCCACG_005,83
TCAGGAAGAGAATACCCACG_006,194
TCAGGAAGAGAATACCCACG_007,157
TCAGGAAGAGAATACCCACG_008,62
TCAGGAAGAGAATACCCACG_009,185
TCAGGAAGAGAATACCCACG_010,152
TCAGGAAGAGAATACCCACG_011,50
TCAGGAAGAGAATACCCACG_012,81
TCAGGAAGAGAATACCCACG_013,95
TGTGGGGATCAGTGCCGCGG_001,60
TGTGGGGATCAGTGCCGCGG_002,185
TGTGGGGATCAGTGCCGCGG_003,156
TGTGGGGATCAGTGCCGCGG_004,144
TGTGGGGATCAGTGCCGCGG_005,168
TGTGGGGATCAGTGCCGCGG_006,8
TGTGGGGATCAGTGCCGCGG_007,72
TGTGGGGATCAGTGCCGCGG_008,76
TGTGGGGATCAGTGCCGCGG_009,98
TGTGGGGATCAGTGCCGCGG_010,3
TGTGGGGATCAGTGCCGCGG_011,160
TGTGGGGATCAGTGCCGCGG_012,92
TGATCGATTTGAGAAACTCA_001,13
TGATCGATTTGAGAAACTCA_002,166
TGATCGATTTGAGAAACTCA_003,51
TGATCGATTTGAGAAACTCA_004,145
TGATCGATTTGAGAAACTCA_005,12
TGATCGATTTGAGAAACTCA_006,160
TGATCGATTTGAGAAACTCA_007,56
TGATCGATTTGAGAAACTCA_008,135
TGATCGATTTGAGAAACTCA_009,65
TGATCGATTTGAGAAACTCA_010,104
CCGCCTTCGTCTACCATGTG_001,198
CCGCCTTCGTCTACCATGTG_002,188
CCGCCTTCGTCTACCATGTG_003,100
CCGCCTTCGTCTACCATGTG_004,88
CCGCCTTCGTCTACCATGTG_005,111
CCGCCTTCGTCTACCATGTG_006,140
CCGCCTTCGTCTACCATGTG_007,19
CCGCCTTCGTCTACCATGTG_008,144
CCGCCTTCGTCTACCATGTG_009,64
CCGCCTTCGTCTACCATGTG_010,115
CCGCCTTCGTCTACCATGTG_011,52
CCGCCTTCGTCTACCATGTG_012,163
CCGCCTTCGTCTACCATGTG_013,172
CCGCCTTCGTCTACCATGTG_014,6
CCGCCTTCGTCTACCATGTG_015,71
CCGCCTTCGTCTACCATGTG_016,91
CCGCCTTCGTCTACCATGTG_017,83
CCGCCTTCGTCTACCATGTG_018,112
CCGCCTTCGTCTACCATGTG_019,107
CCGCCTTCGTCTACCATGTG_020,158
CCGCCTTCGTCTACCATGTG_021,164
CCGCCTTCGTCTACCATGTG_022,78
CCGCCTTCGTCTACCATGTG_023,56
CCGCCTTCGTCTACCATGTG_024,147
GGCAGTCTACGGCTTCAGTG_001,89
GGCAGTCTACGGCTTCAGTG_002,158
GGCAGTCTACGGCTTCAGTG_003,169
GGCAGTCTACGGCTTCAGTG_004,32
GGCAGTCTACGGCTTCAGTG_005,53
GGCAGTCTACGGCTTCAGTG_006,93
GGCAGTCTACGGCTTCAGTG_007,82
GGCAGTCTACGGCTTCAGTG_008,72
GGCAGTCTACGGCTTCAGTG_009,147
GGCAGTCTACGGCTTCAGTG_010,57
GGCAGTCTACGGCTTCAGTG_011,1
GGCAGTCTACGGCTTCAGTG_012,102
GGCAGTCTACGGCTTCAGTG_013,184
GGCAGTCTACGGCTTCAGTG_014,184
GGCAGTCTACGGCTTCAGTG_015,73
GGCAGTCTACGGCTTCAGTG_016,103
GGCAGTCTACGGCTTCAGTG_017,184
GGCAGTCTACGGCTTCAGTG_018,119
GGCAGTCTACGGCTTCAGTG_019,58
GGCAGTCTACGGCTTCAGTG_020,1
GGCAGTCTACGGCTTCAGTG_021,185
GGCAGTCTACGGCTTCAGTG_022,50
GGCAGTCTACGGCTTCAGTG_023,146
GGCAGTCTACGGCTTCAGTG_024,29
GGCAGTCTACGGCTTCAGTG_025,149
GGCAGTCTACGGCTTCAGTG_026,53
GGCAGTCTACGGCTTCAGTG_027,74
GGCAGTCTACGGCTTCAGTG_028,40
AAATTGAAGTTGGTGGTGGT_001,42
AAATTGAAGTTGGTGGTGGT_002,28
AAATTGAAGTTGGTGGTGGT_003,38
AAATTGAAGTTGGTGGTGGT_004,178
AAATTGAAGTTGGTGGTGGT_005,63
AAATTGAAGTTGGTGGTGGT_006,95
AAATTGAAGTTGGTGGTGGT_007,107
AAATTGAAGTTGGTGGTGGT_008,43
CATGTGGACATCATTCGCCG_001,154
CATGTGGACATCATTCGCCG_002,2
CATGTGGACATCATTCGCCG_003,12
CATGTGGACATCATTCGCCG_004,197
CATGTGGACATCATTCGCCG_005,120
CATGTGGACATCATTCGCCG_006,84
CATGTGGACATCATTCGCCG_007,127
CATGTGGACATCATTCGCCG_008,199
CATGTGGACATCATTCGCCG_009,116
CATGTGGACATCATTCGCCG_010,116
CATACCTATCTCGTTCCGGG_001,58
CATACCTATCTCGTTCCGGG_002,148
CATACCTATCTCGTTCCGGG_003,127
GGTGATGTTGCGAAGAAACT_001,184
GGTGATGTTGCGAAGAAACT_002,70
GGTGATGTTGCGAAGAAACT_003,81
GGTGATGTTGCGAAGAAACT_004,28
GGTGATGTTGCGAAGAAACT_005,43
GGTGATGTTGCGAAGAAACT_006,183
GGTGATGTTGCGAAGAAACT_007,88
GGTGATGTTGCGAAGAAACT_008,61
CAGCCGGACCATCCGGCCGT_001,65
CAGCCGGACCATCCGGCCGT_002,15
CAGCCGGACCATCCGGCCGT_003,142
CAGCCGGACCATCCGGCCGT_004,4
CAGCCGGACCATCCGGCCGT_005,58
CAGCCGGACCATCCGGCCGT_006,177
CAGCCGGACCATCCGGCCGT_007,158
CCTACCTGTTGCATTAGACA_001,147
CCTACCTGTTGCATTAGACA_002,119
CCTACCTGTTGCATTAGACA_003,40
CCTACCTGTTGCATTAGACA_004,129
CCTACCTGTTGCATTAGACA_005,43
CCTACCTGTTGCATTAGACA_006,198
ACCTTACACATCATAATGGG_001,2
ACTGGTGGTACAGGCCGCAA_001,137
ACTGGTGGTACAGGCCGCAA_002,181
ACTGGTGGTACAGGCCGCAA_003,181
ACTGGTGGTACAGGCCGCAA_004,66
ACTGGTGGTACAGGCCGCAA_005,112
ACTGGTGGTACAGGCCGCAA_006,0
AGAACAAGCGCAAAACAGGC_001,77
AGAACAAGCGCAAAACAGGC_002,83
AGAACAAGCGCAAAACAGGC_003,182
AGAACAAGCGCAAAACAGGC_004,29
AACATAAACAGTCAAGGCTG_001,52
AACATAAACAGTCAAGGCTG_002,94
AACATAAACAGTCAAGGCTG_003,82
AACATAAACAGTCAAGGCTG_004,88
AACATAAACAGTCAAGGCTG_005,130
AACATAAACAGTCAAGGCTG_006,133
AACATAAACAGTCAAGGCTG_007,58
AACATAAACAGTCAAGGCTG_008,115
AACATAAACAGTCAAGGCTG_009,14
AACATAAACAGTCAAGGCTG_010,43
AACATAAACAGTCAAGGCTG_011,87
AACATAAACAGTCAAGGCTG_012,132
AACTTCGTTGATGCGAGATG_001,116
AACTTCGTTGATGCGAGATG_002,188
AACTTCGTTGATGCGAGATG_003,62
AACTTCGTTGATGCGAGATG_004,48
AACTTCGTTGATGCGAGATG_005,146
AACTTCGTTGATGCGAGATG_006,27
AACTTCGTTGATGCGAGATG_007,138
GTGTAAATCTGTCCAAGTAG_001,88
GTGTAAATCTGTCCAAGTAG_002,69
GTGTAAATCTGTCCAAGTAG_003,91
GTGTAAATCTGTCCAAGTAG_004,7
GTGTAAATCTGTCCAAGTAG_005,170
TACAATGAAAAATGACAACT_001,49
TACAATGAAAAATGACAACT_002,69
TACAATGAAAAATGACAACT_003,143
TACAATGAAAAATGACAACT_004,146
TACAATGAAAAATGACAACT_005,130
CAGTGATGTTGCATTCCTTG_001,104
CAGTGATGTTGCATTCCTTG_002,81
GACGTTCAGGTTGTTCACGT_001,47
GACGTTCAGGTTGTTCACGT_002,48
GACGTTCAGGTTGTTCACGT_003,181
GACGTTCAGGTTGTTCACGT_004,64
GACGTTCAGGTTGTTCACGT_005,175
GACGTTCAGGTTGTTCACGT_006,115
AGTCTGCTGTAACACAGCTG_001,25
AGTCTGCTGTAACACAGCTG_002,63
AGTCTGCTGTAACACAGCTG_003,94
AGTCTGCTGTAACACAGCTG_004,193
GAACAAGAAATAGCAAGCAG_001,121
GAACAAGAAATAGCAAGCAG_002,23
GAACAAGAAATAGCAAGCAG_003,76
GAACAAGAAATAGCAAGCAG_004,101
CCTGGCAAGTCAATGACTCG_001,191
CCTGGCAAGTCAATGACTCG_002,169
CCTGGCAAGTCAATGACTCG_003,101
CCTGGCAAGTCAATGACTCG_004,150
CCTGGCAAGTCAATGACTCG_005,10
CCTGGCAAGTCAATGACTCG_006,3
CCTGGCAAGTCAATGACTCG_007,13
CCTGGCAAGTCAATGACTCG_008,3
CCTGGCAAGTCAATGACTCG_009,125
CTCCCGCGTAGTAATCCTGA_001,32
CTCCCGCGTAGTAATCCTGA_002,197
CTCCCGCGTAGTAATCCTGA_003,91
CTCCCGCGTAGTAATCCTGA_004,78
CTCCCGCGTAGTAATCCTGA_005,178
CTCCCGCGTAGTAATCCTGA_006,81
CTCCCGCGTAGTAATCCTGA_007,192
CTCCCGCGTAGTAATCCTGA_008,29
CTCCCGCGTAGTAATCCTGA_009,168
CTCCCGCGTAGTAATCCTGA_010,195
CTTGAAAGACTCGAGTGTGT_001,182
CTTGAAAGACTCGAGTGTGT_002,11
CTTGAAAGACTCGAGTGTGT_003,41
CTTGAAAGACTCGAGTGTGT_004,195
CTTGAAAGACTCGAGTGTGT_005,41
CTTGAAAGACTCGAGTGTGT_006,127
CTTGAAAGACTCGAGTGTGT_007,156
GGGAATAGATGTGATCTGAT_001,94
GGGAATAGATGTGATCTGAT_002,118
GGGAATAGATGTGATCTGAT_003,43
GGGAATAGATGTGATCTGAT_004,181
GGGAATAGATGTGATCTGAT_005,159
GGGAATAGATGTGATCTGAT_006,168
GGGAATAGATGTGATCTGAT_007,191
GGGAATAGATGTGATCTGAT_008,105
GGGAATAGATGTGATCTGAT_009,76
GGGAATAGATGTGATCTGAT_010,70
GGGAATAGATGTGATCTGAT_011,140
GGGAATAGATGTGATCTGAT_012,139
GGGAATAGATGTGATCTGAT_013,34
CCACATCGACCAGCGCAAAG_001,172
CCACATCGACCAGCGCAAAG_002,158
CCACATCGACCAGCGCAAAG_003,87
CCACATCGACCAGCGCAAAG_004,116
TGTGGTATCTCAGTTAGAGG_001,62
TGTGGTATCTCAGTTAGAGG_002,114
TGTGGTATCTCAGTTAGAGG_003,88
TGTGGTATCTCAGTTAGAGG_004,145
TGTGGTATCTCAGTTAGAGG_005,10
TGTGGTATCTCAGTTAGAGG_006,115
GTAGAGCGCAGCCAGCTCGC_001,171
GTAGAGCGCAGCCAGCTCGC_002,113
GTAGAGCGCAGCCAGCTCGC_003,62
GTAGAGCGCAGCCAGCTCGC_004,157
GTAGAGCGCAGCCAGCTCGC_005,113
GTAGAGCGCAGCCAGCTCGC_006,76
GTAGAGCGCAGCCAGCTCGC_007,69
GTAGAGCGCAGCCAGCTCGC_008,182
GTAGAGCGCAGCCAGCTCGC_009,115
GTAGAGCGCAGCCAGCTCGC_010,30
GTAGAGCGCAGCCAGCTCGC_011,144
GTAGAGCGCAGCCAGCTCGC_012,169
GTAGAGCGCAGCCAGCTCGC_013,81
GTAGAGCGCAGCCAGCTCGC_014,76
GTAGAGCGCAGCCAGCTCGC_015,127
GTAGAGCGCAGCCAGCTCGC_016,50
GTAGAGCGCAGCCAGCTCGC_017,92
GTAGAGCGCAGCCAGCTCGC_018,66
GTAGAGCGCAGCCAGCTCGC_019,83
GTAGAGCGCAGCCAGCTCGC_020,174
GTAGAGCGCAGCCAGCTCGC_021,141
GCGGAGCCCGAGAAGACGGA_001,169
GCGGAGCCCGAGAAGACGGA_002,169
GCGGAGCCCGAGAAGACGGA_003,149
GCGGAGCCCGAGAAGACGGA_004,49
GCGGAGCCCGAGAAGACGGA_005,63
GGAGGACAAAGAACGCCACG_001,172
GGAGGACAAAGAACGCCACG_002,58
GGAGGACAAAGAACGCCACG_003,40
GGAGGACAAAGAACGCCACG_004,21
GGAGGACAAAGAACGCCACG_005,147
GGAGGACAAAGAACGCCACG_006,15
GGAGGACAAAGAACGCCACG_007,96
GGAGGACAAAGAACGCCACG_008,84
GGAGGACAAAGAACGCCACG_009,154
GGAGGACAAAGAACGCCACG_010,154
GGAGGACAAAGAACGCCACG_011,83
GGAGGACAAAGAACGCCACG_012,46
GGAGGACAAAGAACGCCACG_013,149
GGAGGACAAAGAACGCCACG_014,188
GGAGGACAAAGAACGCCACG_015,74
GGAGGACAAAGAACGCCACG_016,8
GGAGGACAAAGAACGCCACG_017,88
GGAGGACAAAGAACGCCACG_018,56
GGAGGACAAAGAACGCCACG_019,50
CAGAGCATACCTGTGCCAGG_001,104
CATCACTGCAAACGTCACGT_001,164
CATCACTGCAAACGTCACGT_002,27
CATCACTGCAAACGTCACGT_003,37
CATCACTGCAAACGTCACGT_004,108
CATCACTGCAAACGTCACGT_005,140
CATCACTGCAAACGTCACGT_006,58
AATGGACACGACCTTCACCG_001,128
AATGGACACGACCTTCACCG_002,106
AATGGACACGACCTTCACCG_003,175
AATGGACACGACCTTCACCG_004,56
AATGGACACGACCTTCACCG_005,53
GAACACACCTCACTGCATGG_001,141
GAACACACCTCACTGCATGG_002,168
GAACACACCTCACTGCATGG_003,126
GAACACACCTCACTGCATGG_004,127
GAACACACCTCACTGCATGG_005,119
GAACACACCTCACTGCATGG_006,127
GAACACACCTCACTGCATGG_007,153
CCCATACCCTGGTACTTGTG_001,77
CCCATACCCTGGTACTTGTG_002,198
CCCATACCCTGGTACTTGTG_003,28
CCCATACCCTGGTACTTGTG_004,78
CCCATACCCTGGTACTTGTG_005,151
CCCATACCCTGGTACTTGTG_006,148
CCCATACCCTGGTACTTGTG_007,149
CCCATACCCTGGTACTTGTG_008,2
CCCATACCCTGGTACTTGTG_009,113
CCCATACCCTGGTACTTGTG_010,105
CCCATACCCTGGTACTTGTG_011,150
CCCATACCCTGGTACTTGTG_012,76
CCCATACCCTGGTACTTGTG_013,110
CCCATACCCTGGTACTTGTG_014,3
CCCATACCCTGGTACTTGTG_015,130
GATCTTGGGCCCAATGACGT_001,60
GATCTTGGGCCCAATGACGT_002,88
GATCTTGGGCCCAATGACGT_003,13
GATCTTGGGCCCAATGACGT_004,50
GATCTTGGGCCCAATGACGT_005,21
GATCTTGGGCCCAATGACGT_006,113
GATCTTGGGCCCAATGACGT_007,58
GATCTTGGGCCCAATGACGT_008,53
GATCTTGGGCCCAATGACGT_009,124
GATCTTGGGCCCAATGACGT_010,178
GCATACTGGATAGCCATCCA_001,106
GCATACTGGATAGCCATCCA_002,194
GCATACTGGATAGCCATCCA_003,59
GCATACTGGATAGCCATCCA_004,137
GCATACTGGATAGCCATCCA_005,142
GCATACTGGATAGCCATCCA_006,59
GCATACTGGATAGCCATCCA_007,17
GCATACTGGATAGCCATCCA_008,131
GCATACTGGATAGCCATCCA_009,23
GCATACTGGATAGCCATCCA_010,117
GCATACTGGATAGCCATCCA_011,186
GCATACTGGATAGCCATCCA_012,184
GCATACTGGATAGCCATCCA_013,15
GCATACTGGATAGCCATCCA_014,77
GCATACTGGATAGCCATCCA_015,18
GCATACTGGATAGCCATCCA_016,72
GCATACTGGATAGCCATCCA_017,72
GCATACTGGATAGCCATCCA_018,86
GCATACTGGATAGCCATCCA_019,102
GCATACTGGATAGCCATCCA_020,102
CATTGGCCAAAAGTACTGCA_001,88
CATTGGCCAAAAGTACTGCA_002,77
CATTGGCCAAAAGTACTGCA_003,150
CATTGGCCAAAAGTACTGCA_004,121
CATTGGCCAAAAGTACTGCA_005,102
CATTGGCCAAAAGTACTGCA_006,147
CATTGGCCAAAAGTACTGCA_007,120
TGGGTGCGGAAGGACGCGCT_001,74
TGGGTGCGGAAGGACGCGCT_002,183
TGGGTGCGGAAGGACGCGCT_003,145
TGGGTGCGGAAGGACGCGCT_004,70
TGGGTGCGGAAGGACGCGCT_005,58
TGGGTGCGGAAGGACGCGCT_006,56
TGGGTGCGGAAGGACGCGCT_007,184
TGGGTGCGGAAGGACGCGCT_008,79
TGGGTGCGGAAGGACGCGCT_009,47
TGGGTGCGGAAGGACGCGCT_010,125
TACATTTAGTAGGCTCTCCA_001,46
TACATTTAGTAGGCTCTCCA_002,166
TACATTTAGTAGGCTCTCCA_003,167
AGCTGGACGGAGTTATAACA_001,122
AGCTGGACGGAGTTATAACA_002,30
AGCTGGACGGAGTTATAACA_003,190
AGCTGGACGGAGTTATAACA_004,91
AGCTGGACGGAGTTATAACA_005,169
AGCTGGACGGAGTTATAACA_006,12
AGCTGGACGGAGTTATAACA_007,172
AGCTGGACGGAGTTATAACA_008,196
AGCTGGACGGAGTTATAACA_009,54
AGTGACTGAAGAGAAACACT_001,185
AGTGACTGAAGAGAAACACT_002,57
AGTGACTGAAGAGAAACACT_003,34
AGTGACTGAAGAGAAACACT_004,17
AGTGACTGAAGAGAAACACT_005,98
AGTGACTGAAGAGAAACACT_006,172
AGTGACTGAAGAGAAACACT_007,140
AGTGACTGAAGAGAAACACT_008,22
AGTGACTGAAGAGAAACACT_009,17
AGTGACTGAAGAGAAACACT_010,17
CAGAAAAAGATGAGGCCATG_001,132
CAGAAAAAGATGAGGCCATG_002,149
CAGAAAAAGATGAGGCCATG_003,198
CAGAAAAAGATGAGGCCATG_004,28
CAGAAAAAGATGAGGCCATG_005,83
CAGAAAAAGATGAGGCCATG_006,103
CAGAAAAAGATGAGGCCATG_007,148
CAGAAAAAGATGAGGCCATG_008,98
CAGAAAAAGATGAGGCCATG_009,67
CAGAAAAAGATGAGGCCATG_010,152
CAGAAAAAGATGAGGCCATG_011,139
CAGAAAAAGATGAGGCCATG_012,26
CAGAAAAAGATGAGGCCATG_013,34
CAGAAAAAGATGAGGCCATG_014,166
CAGAAAAAGATGAGGCCATG_015,81
CAGAAAAAGATGAGGCCATG_016,106
CAGAAAAAGATGAGGCCATG_017,9
CAGAAAAAGATGAGGCCATG_018,102
GGAACACAGACAATACTCTA_001,108
GGAACACAGACAATACTCTA_002,164
GGAACACAGACAATACTCTA_003,13
GGAACACAGACAATACTCTA_004,66
GGAACACAGACAATACTCTA_005,124
GCCACCAATGACCAGAACAG_001,198
GCCACCAATGACCAGAACAG_002,127
GCCACCAATGACCAGAACAG_003,147
GCCACCAATGACCAGAACAG_004,83
GCCACCAATGACCAGAACAG_005,148
GCCACCAATGACCAGAACAG_006,187
GCCACCAATGACCAGAACAG_007,94
GCCACCAATGACCAGAACAG_008,17
GCCACCAATGACCAGAACAG_009,56
GCCACCAATGACCAGAACAG_010,12
GAAGCGCAAGCGCAGTCGTA_001,177
GAAGCGCAAGCGCAGTCGTA_002,185
GAAGCGCAAGCGCAGTCGTA_003,70
TGTCAATCTGCAGAACGATG_001,194
TGTCAATCTGCAGAACGATG_002,177
GGCTGGAGATGGATGAACGG_001,81
GGCTGGAGATGGATGAACGG_002,81
GGCTGGAGATGGATGAACGG_003,139
GGCTGGAGATGGATGAACGG_004,22
GGCTGGAGATGGATGAACGG_005,68
GGCTGGAGATGGATGAACGG_006,103
GGCTGGAGATGGATGAACGG_007,15
GGCTGGAGATGGATGAACGG_008,44
GGCTGGAGATGGATGAACGG_009,42
GGCTGGAGATGGATGAACGG_010,84
GGCTGGAGATGGATGAACGG_011,2
GGCTGGAGATGGATGAACGG_012,16
GGCTGGAGATGGATGAACGG_013,43
ACCCCTTACAGTGTCTACAT_001,9
ACCCCTTACAGTGTCTACAT_002,30
ACCCCTTACAGTGTCTACAT_003,137
GCAGCATGGACGACACCGTG_001,96
GCAGCATGGACGACACCGTG_002,118
GCAGCATGGACGACACCGTG_003,0
GCAGCATGGACGACACCGTG_004,80
GCAGCATGGACGACACCGTG_005,98
GCAGCATGGACGACACCGTG_006,91
GCAGCATGGACGACACCGTG_007,26
GCAGCATGGACGACACCGTG_008,97
GCAGCATGGACGACACCGTG_009,9
GCAGCATGGACGACACCGTG_010,127
GCAGCATGGACGACACCGTG_011,76
GCAGCATGGACGACACCGTG_012,112
GCAGCATGGACGACACCGTG_013,132
GCAGCATGGACGACACCGTG_014,169
GCAGCATGGACGACACCGTG_015,29
GCAGCATGGACGACACCGTG_016,149
GCAGCATGGACGACACCGTG_017,49
GCAGCATGGACGACACCGTG_018,68
GCAGCATGGACGACACCGTG_019,81
GCAGCATGGACGACACCGTG_020,172
GCAGCATGGACGACACCGTG_021,27
CAAAAGTCACCGATCCCAGT_001,80
CAAAAGTCACCGATCCCAGT_002,193
CAAAAGTCACCGATCCCAGT_003,69
CAAAAGTCACCGATCCCAGT_004,185
CAAAAGTCACCGATCCCAGT_005,174
CAAAAGTCACCGATCCCAGT_006,81
CAAAAGTCACCGATCCCAGT_007,147
CAAAAGTCACCGATCCCAGT_008,92
CAAAAGTCACCGATCCCAGT_009,59
CAAAAGTCACCGATCCCAGT_010,16
CAAAAGTCACCGATCCCAGT_011,24
CAAAAGTCACCGATCCCAGT_012,178
CAAAAGTCACCGATCCCAGT_013,180
CAAAAGTCACCGATCCCAGT_014,70
CAAAAGTCACCGATCCCAGT_015,58
ATTTAGTAGACATTGGGTCT_001,32
ATTTAGTAGACATTGGGTCT_002,64
ATTTAGTAGACATTGGGTCT_003,145
ATTTAGTAGACATTGGGTCT_004,67
ATTTAGTAGACATTGGGTCT_005,87
ATTTAGTAGACATTGGGTCT_006,18
ATTTAGTAGACATTGGGTCT_007,134
ATTTAGTAGACATTGGGTCT_008,140
ATTTAGTAGACATTGGGTCT_009,115
ATTTAGTAGACATTGGGTCT_010,8
ATTTAGTAGACATTGGGTCT_011,155
ATTTAGTAGACATTGGGTCT_012,102
ATTTAGTAGACATTGGGTCT_013,102
ATTTAGTAGACATTGGGTCT_014,44
ATTTAGTAGACATTGGGTCT_015,56
ATTTAGTAGACATTGGGTCT_016,94
CATTGATGCTCCAATGTCAG_001,115
CATTGATGCTCCAATGTCAG_002,13
CATTGATGCTCCAATGTCAG_003,69
TGCCACAAGCAGTGACGACG_001,6
TGCCACAAGCAGTGACGACG_002,119
TGCCACAAGCAGTGACGACG_003,173
TGCCACAAGCAGTGACGACG_004,157
TGCCACAAGCAGTGACGACG_005,146
TGCCACAAGCAGTGACGACG_006,129
TGCCACAAGCAGTGACGACG_007,177
TGCCACAAGCAGTGACGACG_008,147
TGCCACAAGCAGTGACGACG_009,48
TGCCACAAGCAGTGACGACG_010,141
TGCCACAAGCAGTGACGACG_011,40
TGCCACAAGCAGTGACGACG_012,56
TGCCACAAGCAGTGACGACG_013,182
TGCCACAAGCAGTGACGACG_014,110
TGCCACAAGCAGTGACGACG_015,103
TGCCACAAGCAGTGACGACG_016,183
TGCCACAAGCAGTGACGACG_017,102
TGCCACAAGCAGTGACGACG_018,94
TGCCACAAGCAGTGACGACG_019,18
TGCCACAAGCAGTGACGACG_020,15
TGCCACAAGCAGTGACGACG_021,197
TGCCACAAGCAGTGACGACG_022,105
TGCCACAAGCAGTGACGACG_023,39
TGCCACAAGCAGTGACGACG_024,114
TGCCACAAGCAGTGACGACG_025,34
TGCCACAAGCAGTGACGACG_026,88
TGCCACAAGCAGTGACGACG_027,17
GAGGGATAGAGGCTCCACTG_001,34
GAGGGATAGAGGCTCCACTG_002,168
GAGGGATAGAGGCTCCACTG_003,59
GAGGGATAGAGGCTCCACTG_004,129
GAGGGATAGAGGCTCCACTG_005,185
GAGGGATAGAGGCTCCACTG_006,105
GAGGGATAGAGGCTCCACTG_007,48
GAGGGATAGAGGCTCCACTG_008,124
GAGGGATAGAGGCTCCACTG_009,60
GAGGGATAGAGGCTCCACTG_010,137
GAGGGATAGAGGCTCCACTG_011,6
GAGGGATAGAGGCTCCACTG_012,170
GAGGGATAGAGGCTCCACTG_013,29
GAGGGATAGAGGCTCCACTG_014,7
GAGGGATAGAGGCTCCACTG_015,52
GAGGGATAGAGGCTCCACTG_016,113
GAGGGATAGAGGCTCCACTG_017,116
GCAGCAAATCGCCTGCATCG_001,154
AATTCACAGAGAAACACGAA_001,67
AATTCACAGAGAAACACGAA_002,48
AATTCACAGAGAAACACGAA_003,131
GTGAGCTTCACGTTGCACGA_001,197
GTGAGCTTCACGTTGCACGA_002,177
GTGAGCTTCACGTTGCACGA_003,101
GTGAGCTTCACGTTGCACGA_004,187
GTGAGCTTCACGTTGCACGA_005,120
GTGAGCTTCACGTTGCACGA_006,27
CATCTTGCATGAAATTGACG_001,49
CACAGGCAGTAGCAAACGAG_001,126
CACAGGCAGTAGCAAACGAG_002,60
CACAGGCAGTAGCAAACGAG_003,121
CACAGGCAGTAGCAAACGAG_004,16
CACAGGCAGTAGCAAACGAG_005,195
CACAGGCAGTAGCAAACGAG_006,73
CACAGGCAGTAGCAAACGAG_007,130
CACAGGCAGTAGCAAACGAG_008,177
CACAGGCAGTAGCAAACGAG_009,44
CACAGGCAGTAGCAAACGAG_010,94
CACAGGCAGTAGCAAACGAG_011,17
CACAGGCAGTAGCAAACGAG_012,137
CACAGGCAGTAGCAAACGAG_013,40
GGAGGCCGGTGACAAGGATC_001,22
GGAGGCCGGTGACAAGGATC_002,77
GGAGGCCGGTGACAAGGATC_003,63
GGAGGCCGGTGACAAGGATC_004,33
GGAGGCCGGTGACAAGGATC_005,144
GGAGGCCGGTGACAAGGATC_006,147
GGAGGCCGGTGACAAGGATC_007,136
GGAGGCCGGTGACAAGGATC_008,66
AACTGTTGAGACCCTTACGG_001,154
AACTGTTGAGACCCTTACGG_002,111
ACTGAAACTCCCCAGCACAG_001,175
ACTGAAACTCCCCAGCACAG_002,85
ACTGAAACTCCCCAGCACAG_003,12
ACTGAAACTCCCCAGCACAG_004,60
ACTGAAACTCCCCAGCACAG_005,167
ACTGAAACTCCCCAGCACAG_006,176
ACTGAAACTCCCCAGCACAG_007,34
ACTGAAACTCCCCAGCACAG_008,183
ACTGAAACTCCCCAGCACAG_009,192
ACTGAAACTCCCCAGCACAG_010,149
ACTGAAACTCCCCAGCACAG_011,30
ACTGAAACTCCCCAGCACAG_012,148
ACTGAAACTCCCCAGCACAG_013,157
ACTGAAACTCCCCAGCACAG_014,3
ACTGAAACTCCCCAGCACAG_015,121
ACTGAAACTCCCCAGCACAG_016,19
ACTGAAACTCCCCAGCACAG_017,60
ACTGAAACTCCCCAGCACAG_018,190
ACTGAAACTCCCCAGCACAG_019,166
ACTGAAACTCCCCAGCACAG_020,160
ACTGAAACTCCCCAGCACAG_021,75
ACTGAAACTCCCCAGCACAG_022,98
ACTGAAACTCCCCAGCACAG_023,136
ACTGAAACTCCCCAGCACAG_024,28
ACTGAAACTCCCCAGCACAG_025,10
ACTGAAACTCCCCAGCACAG_026,148
AGCAGGCGGGCACTCCACGT_001,65
AGCAGGCGGGCACTCCACGT_002,102
AGCAGGCGGGCACTCCACGT_003,48
AGCAGGCGGGCACTCCACGT_004,48
AGCAGGCGGGCACTCCACGT_005,104
AGCAGGCGGGCACTCCACGT_006,108
AGCAGGCGGGCACTCCACGT_007,99
AGCAGGCGGGCACTCCACGT_008,8
AGCAGGCGGGCACTCCACGT_009,8
AGCAGGCGGGCACTCCACGT_010,23
AGCAGGCGGGCACTCCACGT_011,56
AGCAGGCGGGCACTCCACGT_012,68
AGCAGGCGGGCACTCCACGT_013,77
AGCAGGCGGGCACTCCACGT_014,188
ATGATGCTGCAGGAGTGTCG_001,20
ATGATGCTGCAGGAGTGTCG_002,189
ATGATGCTGCAGGAGTGTCG_003,115
ATGATGCTGCAGGAGTGTCG_004,39
ATGATGCTGCAGGAGTGTCG_005,106
ATGATGCTGCAGGAGTGTCG_006,155
ATGATGCTGCAGGAGTGTCG_007,174
ATGATGCTGCAGGAGTGTCG_008,185
ATGATGCTGCAGGAGTGTCG_009,87
ATGATGCTGCAGGAGTGTCG_010,152
ATGATGCTGCAGGAGTGTCG_011,165
ATGATGCTGCAGGAGTGTCG_012,116
ATGATGCTGCAGGAGTGTCG_013,15
GTTTGACCTAGTGTGTACCT_001,37
GTTTGACCTAGTGTGTACCT_002,162
GTTTGACCTAGTGTGTACCT_003,76
GTTTGACCTAGTGTGTACCT_004,80
GTTTGACCTAGTGTGTACCT_005,10
GTTTGACCTAGTGTGTACCT_006,37
CCGTCTGCGCGTCATACAAG_001,195
CCGTCTGCGCGTCATACAAG_002,125
CCGTCTGCGCGTCATACAAG_003,130
CCGTCTGCGCGTCATACAAG_004,127
CCGTCTGCGCGTCATACAAG_005,129
CCGTCTGCGCGTCATACAAG_006,158
CCGTCTGCGCGTCATACAAG_007,70
CCGTCTGCGCGTCATACAAG_008,0
CCGTCTGCGCGTCATACAAG_009,15
CCGTCTGCGCGTCATACAAG_010,172
CCGTCTGCGCGTCATACAAG_011,20
CCGTCTGCGCGTCATACAAG_012,197
CCGTCTGCGCGTCATACAAG_013,120
CCGTCTGCGCGTCATACAAG_014,184
CCGTCTGCGCGTCATACAAG_015,104
CCGTCTGCGCGTCATACAAG_016,40
CCGTCTGCGCGTCATACAAG_017,191
CCGTCTGCGCGTCATACAAG_018,126
CCTGGTGTCTGAGCTAACCA_001,171
CCTGGTGTCTGAGCTAACCA_002,43
CCTGGTGTCTGAGCTAACCA_003,62
CCTGGTGTCTGAGCTAACCA_004,68
CCTGGTGTCTGAGCTAACCA_005,102
CCTGGTGTCTGAGCTAACCA_006,162
CCTGGTGTCTGAGCTAACCA_007,65
CCTGGTGTCTGAGCTAACCA_008,170
CCTGGTGTCTGAGCTAACCA_009,147
CCTGGTGTCTGAGCTAACCA_010,115
CCTGGTGTCTGAGCTAACCA_011,105
CCTGGTGTCTGAGCTAACCA_012,169
CCTGGTGTCTGAGCTAACCA_013,98
CCTGGTGTCTGAGCTAACCA_014,120
CCTGGTGTCTGAGCTAACCA_015,158
CCTGGTGTCTGAGCTAACCA_016,182
CCTGGTGTCTGAGCTAACCA_017,156
CCTGGTGTCTGAGCTAACCA_018,34
CCTGGTGTCTGAGCTAACCA_019,83
CCTGGTGTCTGAGCTAACCA_020,95
CCTGGTGTCTGAGCTAACCA_021,22
CCTGGTGTCTGAGCTAACCA_022,160
CCTGGTGTCTGAGCTAACCA_023,32
CCTGGTGTCTGAGCTAACCA_024,53
CCTGGTGTCTGAGCTAACCA_025,106
CCTGGTGTCTGAGCTAACCA_026,117
CCTGGTGTCTGAGCTAACCA_027,94
CCTGGTGTCTGAGCTAACCA_028,73
CCTGGTGTCTGAGCTAACCA_029,139
CCTGGTGTCTGAGCTAACCA_030,102
CCTGGTGTCTGAGCTAACCA_031,170
CCTGGTGTCTGAGCTAACCA_032,76
CCTGGTGTCTGAGCTAACCA_033,130
GGCAGTAATAACAACCAACT_001,53
GGCAGTAATAACAACCAACT_002,2
GGCAGTAATAACAACCAACT_003,38
GGCAGTAATAACAACCAACT_004,168
AGGAAGCCAGGACAAAGCGC_001,91
AGGAAGCCAGGACAAAGCGC_002,95
AGGAAGCCAGGACAAAGCGC_003,152
AGGAAGCCAGGACAAAGCGC_004,26
AGGAAGCCAGGACAAAGCGC_005,103
AGGAAGCCAGGACAAAGCGC_006,114
AGGAAGCCAGGACAAAGCGC_007,114
AGGAAGCCAGGACAAAGCGC_008,123
AGGAAGCCAGGACAAAGCGC_009,176
TTCCACATTCAGACTCGGTG_001,106
TTCCACATTCAGACTCGGTG_002,77
TTCCACATTCAGACTCGGTG_003,127
TTCCACATTCAGACTCGGTG_004,184
TTCCACATTCAGACTCGGTG_005,199
TTCCACATTCAGACTCGGTG_006,184
TTCCACATTCAGACTCGGTG_007,197
TTCCACATTCAGACTCGGTG_008,137
TTCCACATTCAGACTCGGTG_009,187
TTCCACATTCAGACTCGGTG_010,145
TTCCACATTCAGACTCGGTG_011,161
TTCCACATTCAGACTCGGTG_012,77
TTCCACATTCAGACTCGGTG_013,98
TTCCACATTCAGACTCGGTG_014,68
TTCCACATTCAGACTCGGTG_015,20
TTCCACATTCAGACTCGGTG_016,84
TTCCACATTCAGACTCGGTG_017,72
TTCCACATTCAGACTCGGTG_018,2
TCTACTTTGAAACATCTACT_001,98
TCTACTTTGAAACATCTACT_002,113
TCTACTTTGAAACATCTACT_003,48
TCTACTTTGAAACATCTACT_004,116
TCTACTTTGAAACATCTACT_005,116
GAGATGGAGGATGACCCAGC_001,77
GAGATGGAGGATGACCCAGC_002,76
GAGATGGAGGATGACCCAGC_003,141
GAGATGGAGGATGACCCAGC_004,102
GAGATGGAGGATGACCCAGC_005,1
TATGAATCCTGAGTCATGGG_001,101
TATGAATCCTGAGTCATGGG_002,73
TATGAATCCTGAGTCATGGG_003,38
TATGAATCCTGAGTCATGGG_004,84
TATGAATCCTGAGTCATGGG_005,83
TATGAATCCTGAGTCATGGG_006,124
TATGAATCCTGAGTCATGGG_007,104
TATGAATCCTGAGTCATGGG_008,156
TATGAATCCTGAGTCATGGG_009,41
TATGAATCCTGAGTCATGGG_010,57
TATGAATCCTGAGTCATGGG_011,43
TATGAATCCTGAGTCATGGG_012,91
TATGAATCCTGAGTCATGGG_013,104
TCCGGTAGCCGATGTACCCG_001,160
TCCGGTAGCCGATGTACCCG_002,77
TCCGGTAGCCGATGTACCCG_003,48
TCCGGTAGCCGATGTACCCG_004,7
TCCGGTAGCCGATGTACCCG_005,95
TCCGGTAGCCGATGTACCCG_006,55
ATATTCAACTTTCCCCGCCG_001,29
ATATTCAACTTTCCCCGCCG_002,168
ATATTCAACTTTCCCCGCCG_003,98
ATATTCAACTTTCCCCGCCG_004,169
ATATTCAACTTTCCCCGCCG_005,120
ATATTCAACTTTCCCCGCCG_006,130
ATATTCAACTTTCCCCGCCG_007,2
GACACCAGTGAGTCAAGTTA_001,38
GACACCAGTGAGTCAAGTTA_002,75
GACACCAGTGAGTCAAGTTA_003,75
GACACCAGTGAGTCAAGTTA_004,2
GACACCAGTGAGTCAAGTTA_005,146
GACACCAGTGAGTCAAGTTA_006,56
GACACCAGTGAGTCAAGTTA_007,190
GACACCAGTGAGTCAAGTTA_008,141
GACACCAGTGAGTCAAGTTA_009,19
GACACCAGTGAGTCAAGTTA_010,147
GACACCAGTGAGTCAAGTTA_011,27
ATCTTTGAGTGATCTCTCAG_001,42
ATCTTTGAGTGATCTCTCAG_002,58
ATCTTTGAGTGATCTCTCAG_003,108
ATCTTTGAGTGATCTCTCAG_004,147
ATCTTTGAGTGATCTCTCAG_005,110
ATCTTTGAGTGATCTCTCAG_006,41
TTCCTGAAGAGCTAAAACCG_001,60
TTCCTGAAGAGCTAAAACCG_002,170
TTCCTGAAGAGCTAAAACCG_003,3
TTCCTGAAGAGCTAAAACCG_004,177
TTCCTGAAGAGCTAAAACCG_005,142
TTCCTGAAGAGCTAAAACCG_006,76
TTCCTGAAGAGCTAAAACCG_007,148
TTCCTGAAGAGCTAAAACCG_008,149
TTCCTGAAGAGCTAAAACCG_009,99
TTCCTGAAGAGCTAAAACCG_010,56
TTCCTGAAGAGCTAAAACCG_011,44
TTCCTGAAGAGCTAAAACCG_012,98
CGCTTATCATCATAACGTCT_001,148
CGCTTATCATCATAACGTCT_002,29
AACGGCTATACCGTCACCAA_001,194
AACGGCTATACCGTCACCAA_002,177
AACGGCTATACCGTCACCAA_003,45
AACGGCTATACCGTCACCAA_004,129
AACGGCTATACCGTCACCAA_005,81
AACGGCTATACCGTCACCAA_006,8
AACGGCTATACCGTCACCAA_007,167
AACGGCTATACCGTCACCAA_008,82
AACGGCTATACCGTCACCAA_009,189
AACGGCTATACCGTCACCAA_010,161
AACGGCTATACCGTCACCAA_011,0
AACGGCTATACCGTCACCAA_012,12
AACGGCTATACCGTCACCAA_013,78
AACGGCTATACCGTCACCAA_014,90
GCAAGATCCCAGATGTAAAC_001,96
GCAAGATCCCAGATGTAAAC_002,68
GCAAGATCCCAGATGTAAAC_003,102
GCAAGATCCCAGATGTAAAC_004,51
GCAAGATCCCAGATGTAAAC_005,53
GCAAGATCCCAGATGTAAAC_006,172
GCAAGATCCCAGATGTAAAC_007,63
CAGGACATGAGTCCTATCTG_001,183
CAGGACATGAGTCCTATCTG_002,161
CAGGACATGAGTCCTATCTG_003,51
CAGGACATGAGTCCTATCTG_004,149
CAGGACATGAGTCCTATCTG_005,35
CAGGACATGAGTCCTATCTG_006,100
GCCACCAAAATCCATCCGCA_001,102
GCCACCAAAATCCATCCGCA_002,28
GCCACCAAAATCCATCCGCA_003,114
GCCACCAAAATCCATCCGCA_004,141
GCCACCAAAATCCATCCGCA_005,34
GCCACCAAAATCCATCCGCA_006,66
GCCACCAAAATCCATCCGCA_007,19
GCCACCAAAATCCATCCGCA_008,127
GCCACCAAAATCCATCCGCA_009,67
TTGGAGTCCAATGTCAAGAG_001,116
TTGGAGTCCAATGTCAAGAG_002,104
TTGGAGTCCAATGTCAAGAG_003,121
TTGGAGTCCAATGTCAAGAG_004,160
TTGGAGTCCAATGTCAAGAG_005,85
TTGGAGTCCAATGTCAAGAG_006,72
AAGACCGACCATTCTTCCCT_001,1
AAGACCGACCATTCTTCCCT_002,81
AAGACCGACCATTCTTCCCT_003,24
AAGACCGACCATTCTTCCCT_004,182
GGCCTGGGAAAACTCCACGG_001,106
GGCCTGGGAAAACTCCACGG_002,18
GGCCTGGGAAAACTCCACGG_003,159
GGCCTGGGAAAACTCCACGG_004,15
GGCCTGGGAAAACTCCACGG_005,152
GGCCTGGGAAAACTCCACGG_006,105
GGCCTGGGAAAACTCCACGG_007,147
GGCCTGGGAAAACTCCACGG_008,2
GGCCTGGGAAAACTCCACGG_009,187
GGCCTGGGAAAACTCCACGG_010,117
GGCCTGGGAAAACTCCACGG_011,83
GGCCTGGGAAAACTCCACGG_012,171
GGCCTGGGAAAACTCCACGG_013,126
GGCCTGGGAAAACTCCACGG_014,116
GGCCTGGGAAAACTCCACGG_015,43
GGCCTGGGAAAACTCCACGG_016,61
GGCCTGGGAAAACTCCACGG_017,40
GGCCTGGGAAAACTCCACGG_018,77
GGCCTGGGAAAACTCCACGG_019,146
GGCCTGGGAAAACTCCACGG_020,118
GGCCTGGGAAAACTCCACGG_021,188
GGCCTGGGAAAACTCCACGG_022,14
ACTGCGGAGCGCCCAATATC_001,170
ACTGCGGAGCGCCCAATATC_002,15
ACTGCGGAGCGCCCAATATC_003,178
ACTGCGGAGCGCCCAATATC_004,150
ACTGCGGAGCGCCCAATATC_005,172
ACTGCGGAGCGCCCAATATC_006,66
ACTGCGGAGCGCCCAATATC_007,102
ACTGCGGAGCGCCCAATATC_008,161
ACTGCGGAGCGCCCAATATC_009,109
ACTGCGGAGCGCCCAATATC_010,181
ACTGCGGAGCGCCCAATATC_011,27
ACTGCGGAGCGCCCAATATC_012,105
ACTGCGGAGCGCCCAATATC_013,92
ACTGCGGAGCGCCCAATATC_014,113
ACTGCGGAGCGCCCAATATC_015,174
ACTGCGGAGCGCCCAATATC_016,46
ACTGCGGAGCGCCCAATATC_017,184
ACTGCGGAGCGCCCAATATC_018,31
ACTGCGGAGCGCCCAATATC_019,35
ACTGCGGAGCGCCCAATATC_020,113
ACTGCGGAGCGCCCAATATC_021,1
ACTGCGGAGCGCCCAATATC_022,146
ACTGCGGAGCGCCCAATATC_023,73
ACTGCGGAGCGCCCAATATC_024,149
ACTGCGGAGCGCCCAATATC_025,115
ACTGCGGAGCGCCCAATATC_026,161
ACTGCGGAGCGCCCAATATC_027,153
ACTGCGGAGCGCCCAATATC_028,28
ACTGCGGAGCGCCCAATATC_029,48
ACTGCGGAGCGCCCAATATC_030,180
GCTGTGTTGCAGGTCAAAAG_001,150
GCTGTGTTGCAGGTCAAAAG_002,63
GCTGTGTTGCAGGTCAAAAG_003,9
GCTGTGTTGCAGGTCAAAAG_004,143
GCTGTGTTGCAGGTCAAAAG_005,143
GCTGTGTTGCAGGTCAAAAG_006,22
TGGACGGCTACGGCGTAGGG_001,83
GCCCCCAGAGAGTACCGACG_001,21
GCCCCCAGAGAGTACCGACG_002,25
GCCCCCAGAGAGTACCGACG_003,95
GCCCCCAGAGAGTACCGACG_004,193
GCCCCCAGAGAGTACCGACG_005,62
GCCCCCAGAGAGTACCGACG_006,129
GCCCCCAGAGAGTACCGACG_007,187
GCCCCCAGAGAGTACCGACG_008,168
GCCCCCAGAGAGTACCGACG_009,68
GCCCCCAGAGAGTACCGACG_010,36
GCCCCCAGAGAGTACCGACG_011,56
GCCCCCAGAGAGTACCGACG_012,162
GCCCCCAGAGAGTACCGACG_013,42
GCCCCCAGAGAGTACCGACG_014,100
GCCCCCAGAGAGTACCGACG_015,102
GCCCCCAGAGAGTACCGACG_016,176
GCCCCCAGAGAGTACCGACG_017,118
CGTTGCGAATCACATCCTCG_001,58
CGTTGCGAATCACATCCTCG_002,87
TTAGATACTTGGCATATTCT_001,176
TTAGATACTTGGCATATTCT_002,61
CAGAAGGTGCCTGACCAGAA_001,70
CAGAAGGTGCCTGACCAGAA_002,149
CAGAAGGTGCCTGACCAGAA_003,62
CAGAAGGTGCCTGACCAGAA_004,49
CAGAAGGTGCCTGACCAGAA_005,26
CAGAAGGTGCCTGACCAGAA_006,168
CAGAAGGTGCCTGACCAGAA_007,142
AGTGGATGCGAATCTCACGC_001,159
AGTGGATGCGAATCTCACGC_002,179
AGTGGATGCGAATCTCACGC_003,98
AGTGGATGCGAATCTCACGC_004,20
AGTGGATGCGAATCTCACGC_005,121
AGTGGATGCGAATCTCACGC_006,72
AGTGGATGCGAATCTCACGC_007,177
GTAGCTACATTGTAAGATGG_001,94
GTAGCTACATTGTAAGATGG_002,96
GTAGCTACATTGTAAGATGG_003,134
GTAGCTACATTGTAAGATGG_004,121
GTAGCTACATTGTAAGATGG_005,57
ACAGCGCTCTCGTGTACTAT_001,102
ACAGCGCTCTCGTGTACTAT_002,56
ACAGCGCTCTCGTGTACTAT_003,48
ACAGCGCTCTCGTGTACTAT_004,106
ACAGCGCTCTCGTGTACTAT_005,61
ACAGCGCTCTCGTGTACTAT_006,5
ACAGCGCTCTCGTGTACTAT_007,27
ACAGCGCTCTCGTGTACTAT_008,162
ACAGCGCTCTCGTGTACTAT_009,76
ACAGCGCTCTCGTGTACTAT_010,2
ACAGCGCTCTCGTGTACTAT_011,81
ACAGCGCTCTCGTGTACTAT_012,29
ACAGCGCTCTCGTGTACTAT_013,71
ACAGCGCTCTCGTGTACTAT_014,24
ACAGCGCTCTCGTGTACTAT_015,40
ACAGCGCTCTCGTGTACTAT_016,56
GGCGTAAGTCATTGACGCTG_001,156
GGCGTAAGTCATTGACGCTG_002,86
GGCGTAAGTCATTGACGCTG_003,149
GGCGTAAGTCATTGACGCTG_004,119
GGCGTAAGTCATTGACGCTG_005,169
GGCGTAAGTCATTGACGCTG_006,145
GGCGTAAGTCATTGACGCTG_007,102
GGCGTAAGTCATTGACGCTG_008,144
GGCGTAAGTCATTGACGCTG_009,115
CACGCCAATGAATAAAACAG_001,105
CACGCCAATGAATAAAACAG_002,72
CACGCCAATGAATAAAACAG_003,72
CACGCCAATGAATAAAACAG_004,76
CACGCCAATGAATAAAACAG_005,186
CACGCCAATGAATAAAACAG_006,92
CACGCCAATGAATAAAACAG_007,134
CACGCCAATGAATAAAACAG_008,80
CACGCCAATGAATAAAACAG_009,105
CACGCCAATGAATAAAACAG_010,76
CACGCCAATGAATAAAACAG_011,146
GAAAATGCTCATGCTCAGTG_001,158
GAAAATGCTCATGCTCAGTG_002,199
GAAAATGCTCATGCTCAGTG_003,96
GAAAATGCTCATGCTCAGTG_004,16
GAAAATGCTCATGCTCAGTG_005,28
GAAAATGCTCATGCTCAGTG_006,178
GAAAATGCTCATGCTCAGTG_007,127
GAAAATGCTCATGCTCAGTG_008,89
GAAAATGCTCATGCTCAGTG_009,10
GAAAATGCTCATGCTCAGTG_010,170
AAGGGCTGTATAGGTGCCTG_001,96
AAGGGCTGTATAGGTGCCTG_002,186
AAGGGCTGTATAGGTGCCTG_003,13
TGGAAATCGACTGTGCGCTT_001,96
TGGAAATCGACTGTGCGCTT_002,82
TGGAAATCGACTGTGCGCTT_003,186
TGGAAATCGACTGTGCGCTT_004,192
TGGAAATCGACTGTGCGCTT_005,100
TGGAAATCGACTGTGCGCTT_006,125
TGGAAATCGACTGTGCGCTT_007,104
TGGAAATCGACTGTGCGCTT_008,74
TGGAAATCGACTGTGCGCTT_009,110
TGGAAATCGACTGTGCGCTT_010,9
TGGAAATCGACTGTGCGCTT_011,50
TGGAAATCGACTGTGCGCTT_012,172
TGGAAATCGACTGTGCGCTT_013,152
TGGAAATCGACTGTGCGCTT_014,74
TGGAAATCGACTGTGCGCTT_015,170
TGGAAATCGACTGTGCGCTT_016,19
TGGAAATCGACTGTGCGCTT_017,0
CAGTGCCAATTCCTGTACCA_001,3
CAGTGCCAATTCCTGTACCA_002,25
CAGTGCCAATTCCTGTACCA_003,173
CAGTGCCAATTCCTGTACCA_004,143
CAGTGCCAATTCCTGTACCA_005,32
CAGTGCCAATTCCTGTACCA_006,147
CAGTGCCAATTCCTGTACCA_007,153
CAGTGCCAATTCCTGTACCA_008,165
CAGTGCCAATTCCTGTACCA_009,43
CAGTGCCAATTCCTGTACCA_010,9
CAGTGCCAATTCCTGTACCA_011,178
CAGTGCCAATTCCTGTACCA_012,110
ATGGTCGTGGGTTCCCGTAG_001,175
ATGGTCGTGGGTTCCCGTAG_002,149
ATGGTCGTGGGTTCCCGTAG_003,145
ATGGTCGTGGGTTCCCGTAG_004,83
ATGGTCGTGGGTTCCCGTAG_005,152
ATGGTCGTGGGTTCCCGTAG_006,56
AGAGGATTTGTCTGCAAGTG_001,57
AGAGGATTTGTCTGCAAGTG_002,28
AGAGGATTTGTCTGCAAGTG_003,77
AGAGGATTTGTCTGCAAGTG_004,184
AGAGGATTTGTCTGCAAGTG_005,58
AGAGGATTTGTCTGCAAGTG_006,148
AGAGGATTTGTCTGCAAGTG_007,105
AGAGGATTTGTCTGCAAGTG_008,164
ACATGGCCGAGATGCGCGCG_001,77
ACATGGCCGAGATGCGCGCG_002,44
ACATGGCCGAGATGCGCGCG_003,124
ACATGGCCGAGATGCGCGCG_004,106
ACATGGCCGAGATGCGCGCG_005,113
AGCTCCTTCACAGATAGCAG_001,73
AGCTCCTTCACAGATAGCAG_002,50
AGCTCCTTCACAGATAGCAG_003,150
AGCTCCTTCACAGATAGCAG_004,42
AGCTCCTTCACAGATAGCAG_005,63
GAGAGTCTGTAAACGCCGTG_001,172
GAGAGTCTGTAAACGCCGTG_002,129
GAGAGTCTGTAAACGCCGTG_003,20
GAGAGTCTGTAAACGCCGTG_004,80
GAGAGTCTGTAAACGCCGTG_005,96
GAGAGTCTGTAAACGCCGTG_006,126
GAGAGTCTGTAAACGCCGTG_007,144
GAGAGTCTGTAAACGCCGTG_008,102
TACCTCAGCGGGCGCCACGG_001,86
TACCTCAGCGGGCGCCACGG_002,22
TACCTCAGCGGGCGCCACGG_003,171
TACCTCAGCGGGCGCCACGG_004,130
TACCTCAGCGGGCGCCACGG_005,148
TACCTCAGCGGGCGCCACGG_006,40
TACCTCAGCGGGCGCCACGG_007,2
TACCTCAGCGGGCGCCACGG_008,125
TACCTCAGCGGGCGCCACGG_009,91
TACCTCAGCGGGCGCCACGG_010,31
TACCTCAGCGGGCGCCACGG_011,105
TACCTCAGCGGGCGCCACGG_012,98
TACCTCAGCGGGCGCCACGG_013,69
TACCTCAGCGGGCGCCACGG_014,148
TACCTCAGCGGGCGCCACGG_015,121
TACCTCAGCGGGCGCCACGG_016,182
TACCTCAGCGGGCGCCACGG_017,15
TACCTCAGCGGGCGCCACGG_018,122
TACCTCAGCGGGCGCCACGG_019,195
TACCTCAGCGGGCGCCACGG_020,18
TACCTCAGCGGGCGCCACGG_021,14
TACCTCAGCGGGCGCCACGG_022,123
TACCTCAGCGGGCGCCACGG_023,84
TACCTCAGCGGGCGCCACGG_024,157
TACCTCAGCGGGCGCCACGG_025,157
TACCTCAGCGGGCGCCACGG_026,44
TACCTCAGCGGGCGCCACGG_027,144
TACCTCAGCGGGCGCCACGG_028,55
ACTAGGAACAGATTCTTGCG_001,99
ACTAGGAACAGATTCTTGCG_002,191
GTTGGTGGTGACAAGAACGG_001,81
GTTGGTGGTGACAAGAACGG_002,106
GTTGGTGGTGACAAGAACGG_003,158
GTTGGTGGTGACAAGAACGG_004,149
GTTGGTGGTGACAAGAACGG_005,47
GTTGGTGGTGACAAGAACGG_006,49
GGATGCCATCCGTCCAACAG_001,16
GGATGCCATCCGTCCAACAG_002,155
GGATGCCATCCGTCCAACAG_003,105
GGATGCCATCCGTCCAACAG_004,158
GGATGCCATCCGTCCAACAG_005,141
GGATGCCATCCGTCCAACAG_006,147
GGATGCCATCCGTCCAACAG_007,34
GGATGCCATCCGTCCAACAG_008,70
GGATGCCATCCGTCCAACAG_009,90
GGATGCCATCCGTCCAACAG_010,137
TCGTAGTGGATCTCAGTACA_001,157
TCGTAGTGGATCTCAGTACA_002,127
AAATATACAGGATGTCCCTG_001,17
AAATATACAGGATGTCCCTG_002,132
AAATATACAGGATGTCCCTG_003,168
AAATATACAGGATGTCCCTG_004,147
AAATATACAGGATGTCCCTG_005,145
AAATATACAGGATGTCCCTG_006,41
AAATATACAGGATGTCCCTG_007,65
CCGCATAGTCTGCCATCACG_001,198
CCGCATAGTCTGCCATCACG_002,71
CCGCATAGTCTGCCATCACG_003,91
CCGCATAGTCTGCCATCACG_004,38
CCGCATAGTCTGCCATCACG_005,153
CCGCATAGTCTGCCATCACG_006,162
CCGCATAGTCTGCCATCACG_007,147
CCGCATAGTCTGCCATCACG_008,76
CCGCATAGTCTGCCATCACG_009,174
CCGCATAGTCTGCCATCACG_010,93
AAAGTACCAATCCCTTGAAA_001,48
AAAGTACCAATCCCTTGAAA_002,58
AAAGTACCAATCCCTTGAAA_003,63
AAGTTATTAGTAAACCACAC_001,55
AAGTTATTAGTAAACCACAC_002,30
AAGTTATTAGTAAACCACAC_003,48
GAAGACACAATATGAGAACC_001,82
GAAGACACAATATGAGAACC_002,28
GAAGACACAATATGAGAACC_003,156
GAAGACACAATATGAGAACC_004,156
GACCTATTACCTCCCCTGGG_001,141
TTCAACCCGAGATACCCAGG_001,177
GCCACCTAAACCCAAAAGCA_001,105
GCCACCTAAACCCAAAAGCA_002,60
GCCACCTAAACCCAAAAGCA_003,139
GCCACCTAAACCCAAAAGCA_004,11
GCCACCTAAACCCAAAAGCA_005,58
GCCACCTAAACCCAAAAGCA_006,129
GCCACCTAAACCCAAAAGCA_007,19
GCCACCTAAACCCAAAAGCA_008,105
GCCACCTAAACCCAAAAGCA_009,148
GCCACCTAAACCCAAAAGCA_010,12
GCCACCTAAACCCAAAAGCA_011,83
GCCACCTAAACCCAAAAGCA_012,148
GCCACCTAAACCCAAAAGCA_013,115
GCCACCTAAACCCAAAAGCA_014,84
GCCAGGTTCTCCAAACTGAG_001,148
GCCAGGTTCTCCAAACTGAG_002,70
GCCAGGTTCTCCAAACTGAG_003,176
GCCAGGTTCTCCAAACTGAG_004,144
AATACAGCCTGACCGGACGA_001,17
AATACAGCCTGACCGGACGA_002,77
AATACAGCCTGACCGGACGA_003,62
AATACAGCCTGACCGGACGA_004,144
AAAAACGCATGTCACAAATG_001,160
AAAAACGCATGTCACAAATG_002,1
CAAAAACCCTGAGAACAAGG_001,57
CAAAAACCCTGAGAACAAGG_002,82
AAATCTAGAAAACTCACTTG_001,153
AAATCTAGAAAACTCACTTG_002,195
AAATCTAGAAAACTCACTTG_003,180
AAATCTAGAAAACTCACTTG_004,48
AAATCTAGAAAACTCACTTG_005,178
AAATCTAGAAAACTCACTTG_006,58
AAATCTAGAAAACTCACTTG_007,17
AAATCTAGAAAACTCACTTG_008,191
AAATCTAGAAAACTCACTTG_009,17
ACTTCATACCTCAAACTCTG_001,12
ACTTCATACCTCAAACTCTG_002,198
ACTTCATACCTCAAACTCTG_003,103
ACTTCATACCTCAAACTCTG_004,103
ACTTCATACCTCAAACTCTG_005,183
ACTTCATACCTCAAACTCTG_006,166
ACTTCATACCTCAAACTCTG_007,107
ACTTCATACCTCAAACTCTG_008,169
ACTTCATACCTCAAACTCTG_009,91
ACTTCATACCTCAAACTCTG_010,146
ACTTCATACCTCAAACTCTG_011,133
ACTTCATACCTCAAACTCTG_012,34
ACTTCATACCTCAAACTCTG_013,60
TGGACCCCTACATTGCCAGC_001,52
TGGACCCCTACATTGCCAGC_002,16
TGGACCCCTACATTGCCAGC_003,189
TTGGACCGCACCAAGCACGA_001,116
TTGGACCGCACCAAGCACGA_002,144
TTGGACCGCACCAAGCACGA_003,147
TTGGACCGCACCAAGCACGA_004,64
TTGGACCGCACCAAGCACGA_005,82
TTGGACCGCACCAAGCACGA_006,126
TTGGACCGCACCAAGCACGA_007,146
AAAGAAATTTCAGTCTGAGA_001,63
AAAGAAATTTCAGTCTGAGA_002,19
CCGAATAGACAATGACCGTG_001,117
CCGAATAGACAATGACCGTG_002,50
CCGAATAGACAATGACCGTG_003,16
CCGAATAGACAATGACCGTG_004,166
CCGAATAGACAATGACCGTG_005,25
CCGAATAGACAATGACCGTG_006,187
CCGAATAGACAATGACCGTG_007,109
CCGAATAGACAATGACCGTG_008,68
CCGAATAGACAATGACCGTG_009,78
CCGAATAGACAATGACCGTG_010,73
CCGAATAGACAATGACCGTG_011,32
CCGAATAGACAATGACCGTG_012,23
AAACTTGCGAGCCTACCAGG_001,57
AAACTTGCGAGCCTACCAGG_002,49
AAACTTGCGAGCCTACCAGG_003,72
CGCAGGCTAGATGACACCAG_001,60
CGCAGGCTAGATGACACCAG_002,130
GACTACCGCGACCCGCCCGA_001,26
GACTACCGCGACCCGCCCGA_002,95
GACTACCGCGACCCGCCCGA_003,171
GACTACCGCGACCCGCCCGA_004,183
GACTACCGCGACCCGCCCGA_005,53
GACTACCGCGACCCGCCCGA_006,9
GACTACCGCGACCCGCCCGA_007,113
GACTACCGCGACCCGCCCGA_008,41
GACTACCGCGACCCGCCCGA_009,127
GACTACCGCGACCCGCCCGA_010,98
GACTACCGCGACCCGCCCGA_011,121
GACTACCGCGACCCGCCCGA_012,171
GACTACCGCGACCCGCCCGA_013,166
GACTACCGCGACCCGCCCGA_014,196
GACTACCGCGACCCGCCCGA_015,33
GACTACCGCGACCCGCCCGA_016,165
GACTACCGCGACCCGCCCGA_017,90
GACTACCGCGACCCGCCCGA_018,124
GACTACCGCGACCCGCCCGA_019,116
GACTACCGCGACCCGCCCGA_020,194
GACTACCGCGACCCGCCCGA_021,21
GACTACCGCGACCCGCCCGA_022,28
GACTACCGCGACCCGCCCGA_023,116
GACTACCGCGACCCGCCCGA_024,66
GACTACCGCGACCCGCCCGA_025,58
GACTACCGCGACCCGCCCGA_026,34
GACTACCGCGACCCGCCCGA_027,34
GACTACCGCGACCCGCCCGA_028,103
GACTACCGCGACCCGCCCGA_029,94
GACTACCGCGACCCGCCCGA_030,187
GACTACCGCGACCCGCCCGA_031,77
GACTACCGCGACCCGCCCGA_032,161
GACTACCGCGACCCGCCCGA_033,182
GACTACCGCGACCCGCCCGA_034,65
GACTACCGCGACCCGCCCGA_035,104
GACTACCGCGACCCGCCCGA_036,127
GACTACCGCGACCCGCCCGA_037,157
GACTACCGCGACCCGCCCGA_038,115
GGCCTTACGACGCCAACAAG_001,198
GGCCTTACGACGCCAACAAG_002,118
GGCCTTACGACGCCAACAAG_003,94
GGCCTTACGACGCCAACAAG_004,169
GGCCTTACGACGCCAACAAG_005,162
GGCCTTACGACGCCAACAAG_006,8
GGCCTTACGACGCCAACAAG_007,146
GGCCTTACGACGCCAACAAG_008,32
GGCCTTACGACGCCAACAAG_009,145
GGCCTTACGACGCCAACAAG_010,144
GGCCTTACGACGCCAACAAG_011,104
GGCCTTACGACGCCAACAAG_012,11
GGCCTTACGACGCCAACAAG_013,145
GGCCTTACGACGCCAACAAG_014,177
GGCCTTACGACGCCAACAAG_015,123
GGCCTTACGACGCCAACAAG_016,186
GGCCTTACGACGCCAACAAG_017,59
GGCCTTACGACGCCAACAAG_018,58
GGCCTTACGACGCCAACAAG_019,132
GGCCTTACGACGCCAACAAG_020,84
GGCCTTACGACGCCAACAAG_021,118
GGCCTTACGACGCCAACAAG_022,8
GGCCTTACGACGCCAACAAG_023,69
GGCCTTACGACGCCAACAAG_024,68
GGCCTTACGACGCCAACAAG_025,108
GGCCTTACGACGCCAACAAG_026,94
GGCCTTACGACGCCAACAAG_027,184
GGCCTTACGACGCCAACAAG_028,94
GGCCTTACGACGCCAACAAG_029,78
TCTGGCAAATAACCCTGGTG_001,29
TCTGGCAAATAACCCTGGTG_002,65
TCTGGCAAATAACCCTGGTG_003,178
TCTGGCAAATAACCCTGGTG_004,106
TCTGGCAAATAACCCTGGTG_005,111
TCTGGCAAATAACCCTGGTG_006,88
TCTGGCAAATAACCCTGGTG_007,88
AAAAACACCCGTGGAGCCGG_001,32
AAAAACACCCGTGGAGCCGG_002,41
AAAAACACCCGTGGAGCCGG_003,169
AAAAACACCCGTGGAGCCGG_004,161
AAAAACACCCGTGGAGCCGG_005,47
GGGGCTCTAGTGCATCACAG_001,1
GGGGCTCTAGTGCATCACAG_002,120
GGGGCTCTAGTGCATCACAG_003,94
GGGGCTCTAGTGCATCACAG_004,196
GGGGCTCTAGTGCATCACAG_005,20
ACGGTATAGGCCCCATCCTG_001,16
ACGGTATAGGCCCCATCCTG_002,67
ACGGTATAGGCCCCATCCTG_003,149
GCGCCGAGCTTCCGTCAGGA_001,152
GCGCCGAGCTTCCGTCAGGA_002,160
GCGCCGAGCTTCCGTCAGGA_003,48
GCGCCGAGCTTCCGTCAGGA_004,24
GCGCCGAGCTTCCGTCAGGA_005,10
GCGCCGAGCTTCCGTCAGGA_006,10
GCGCCGAGCTTCCGTCAGGA_007,47
GCGCCGAGCTTCCGTCAGGA_008,17
GCGCCGAGCTTCCGTCAGGA_009,69
ACATCAGTTTCAATTACTGT_001,48
ACATCAGTTTCAATTACTGT_002,58
ACATCAGTTTCAATTACTGT_003,139
ACATCAGTTTCAATTACTGT_004,132
ACATCAGTTTCAATTACTGT_005,55
ACATCAGTTTCAATTACTGT_006,151
ACATCAGTTTCAATTACTGT_007,186
CCAACGGCTTCATTACCACA_001,48
CCAACGGCTTCATTACCACA_002,142
CCAACGGCTTCATTACCACA_003,152
CCAACGGCTTCATTACCACA_004,54
CCAACGGCTTCATTACCACA_005,171
CCAACGGCTTCATTACCACA_006,191
CCAACGGCTTCATTACCACA_007,150
CCAACGGCTTCATTACCACA_008,64
CCAACGGCTTCATTACCACA_009,176
CCAACGGCTTCATTACCACA_010,82
TACCGCCGCTTGGCCCTGCT_001,117
TACCGCCGCTTGGCCCTGCT_002,118
TACCGCCGCTTGGCCCTGCT_003,188
TACCGCCGCTTGGCCCTGCT_004,152
TACCGCCGCTTGGCCCTGCT_005,24
TACCGCCGCTTGGCCCTGCT_006,23
TACCGCCGCTTGGCCCTGCT_007,152
TACCGCCGCTTGGCCCTGCT_008,95
TACCGCCGCTTGGCCCTGCT_009,25
TACCGCCGCTTGGCCCTGCT_010,8
TACCGCCGCTTGGCCCTGCT_011,105
TACCGCCGCTTGGCCCTGCT_012,107
TACCGCCGCTTGGCCCTGCT_013,148
TACCGCCGCTTGGCCCTGCT_014,48
TACCGCCGCTTGGCCCTGCT_015,113
TACCGCCGCTTGGCCCTGCT_016,150
TACCGCCGCTTGGCCCTGCT_017,171
TACCGCCGCTTGGCCCTGCT_018,105
TACCGCCGCTTGGCCCTGCT_019,141
AAAGGCCCAAGCTTTAGATG_001,77
AAAGGCCCAAGCTTTAGATG_002,81
AAAGGCCCAAGCTTTAGATG_003,197
AAAGGCCCAAGCTTTAGATG_004,170
AAAGGCCCAAGCTTTAGATG_005,104
AAAGGCCCAAGCTTTAGATG_006,115
AAAGGCCCAAGCTTTAGATG_007,9
AAAGGCCCAAGCTTTAGATG_008,177
AAAGGCCCAAGCTTTAGATG_009,55
AAAGGCCCAAGCTTTAGATG_010,191
AAAGGCCCAAGCTTTAGATG_011,132
AAAGGCCCAAGCTTTAGATG_012,141
AAAGGCCCAAGCTTTAGATG_013,113
AAAGGCCCAAGCTTTAGATG_014,194
AAAGGCCCAAGCTTTAGATG_015,22
AAAGGCCCAAGCTTTAGATG_016,41
AAAGGCCCAAGCTTTAGATG_017,152
AAAGGCCCAAGCTTTAGATG_018,142
AAAGGCCCAAGCTTTAGATG_019,90
AAAGGCCCAAGCTTTAGATG_020,48
AAAGGCCCAAGCTTTAGATG_021,97
AAAGGCCCAAGCTTTAGATG_022,48
AAAGGCCCAAGCTTTAGATG_023,57
TACATTACAGCCTCACTGTG_001,188
TACATTACAGCCTCACTGTG_002,44
TACATTACAGCCTCACTGTG_003,49
TACATTACAGCCTCACTGTG_004,64
ACTGAGGACGAGATATCACT_001,20
ACTGAGGACGAGATATCACT_002,190
ACTGAGGACGAGATATCACT_003,19
CAACTGACTAAAATGCAGCT_001,48
CAACTGACTAAAATGCAGCT_002,185
CAACTGACTAAAATGCAGCT_003,142
CAACTGACTAAAATGCAGCT_004,55
CAACTGACTAAAATGCAGCT_005,76
CAACTGACTAAAATGCAGCT_006,115
CAACTGACTAAAATGCAGCT_007,67
CCCATCGGGATGGAACGCTG_001,70
CCCATCGGGATGGAACGCTG_002,147
CCCATCGGGATGGAACGCTG_003,49
CCCATCGGGATGGAACGCTG_004,49
CCCATCGGGATGGAACGCTG_005,118
CCCATCGGGATGGAACGCTG_006,94
CCCATCGGGATGGAACGCTG_007,78
CCCATCGGGATGGAACGCTG_008,98
CCCATCGGGATGGAACGCTG_009,81
CCCATCGGGATGGAACGCTG_010,169
CCCATCGGGATGGAACGCTG_011,181
CCCATCGGGATGGAACGCTG_012,149
CCCATCGGGATGGAACGCTG_013,42
CCCATCGGGATGGAACGCTG_014,195
CCCATCGGGATGGAACGCTG_015,48
CCCATCGGGATGGAACGCTG_016,66
CCCATCGGGATGGAACGCTG_017,175
CCCATCGGGATGGAACGCTG_018,55
CCCATCGGGATGGAACGCTG_019,172
CCCATCGGGATGGAACGCTG_020,178
CCCATCGGGATGGAACGCTG_021,178
CCCATCGGGATGGAACGCTG_022,10
CCCATCGGGATGGAACGCTG_023,142
CCCATCGGGATGGAACGCTG_024,70
CCCATCGGGATGGAACGCTG_025,12
CCCATCGGGATGGAACGCTG_026,104
CCCATCGGGATGGAACGCTG_027,177
CCCATCGGGATGGAACGCTG_028,166
GGTCCTTCTCTGGTAGGCGA_001,55
GGTCCTTCTCTGGTAGGCGA_002,99
GGTCCTTCTCTGGTAGGCGA_003,61
GGTCCTTCTCTGGTAGGCGA_004,105
GGTCCTTCTCTGGTAGGCGA_005,136
GGTCCTTCTCTGGTAGGCGA_006,2
CCTGGACCGTAACAGAAAGG_001,141
CCTGGACCGTAACAGAAAGG_002,158
CCTGGACCGTAACAGAAAGG_003,64
GGGCGGATGAAACTCTACAG_001,141
GGGCGGATGAAACTCTACAG_002,60
GGGCGGATGAAACTCTACAG_003,2
GGGCGGATGAAACTCTACAG_004,162
GGGCGGATGAAACTCTACAG_005,121
GGGTTGACGTTCATGAATCG_001,150
GGGTTGACGTTCATGAATCG_002,198
GGGTTGACGTTCATGAATCG_003,102
GGGTTGACGTTCATGAATCG_004,81
GGGTTGACGTTCATGAATCG_005,93
GGGTTGACGTTCATGAATCG_006,124
GGGTTGACGTTCATGAATCG_007,44
GGGTTGACGTTCATGAATCG_008,112
ACCTTACACATCGTAAAGCG_001,9
ACCTTACACATCGTAAAGCG_002,147
ACCTTACACATCGTAAAGCG_003,148
ATCTGGACCGAGACAAGCCA_001,139
ATCTGGACCGAGACAAGCCA_002,128
ATCTGGACCGAGACAAGCCA_003,58
ATCTGGACCGAGACAAGCCA_004,57
ATCTGGACCGAGACAAGCCA_005,190
ATCTGGACCGAGACAAGCCA_006,19
ATCTGGACCGAGACAAGCCA_007,188
ATCTGGACCGAGACAAGCCA_008,121
ATCTGGACCGAGACAAGCCA_009,61
ATCTGGACCGAGACAAGCCA_010,149
ATCTGGACCGAGACAAGCCA_011,186
ATCTGGACCGAGACAAGCCA_012,34
ATCTGGACCGAGACAAGCCA_013,69
ATCTGGACCGAGACAAGCCA_014,3
TCACCACCCTGGCACTCTTG_001,53
TCACCACCCTGGCACTCTTG_002,15
TCACCACCCTGGCACTCTTG_003,113
TCACCACCCTGGCACTCTTG_004,183
TCACCACCCTGGCACTCTTG_005,102
TCACCACCCTGGCACTCTTG_006,27
TCACCACCCTGGCACTCTTG_007,78
TCACCACCCTGGCACTCTTG_008,11
TCACCACCCTGGCACTCTTG_009,63
TCACCACCCTGGCACTCTTG_010,169
TCACCACCCTGGCACTCTTG_011,6
AACTTACCGAGTGTCCGGAA_001,134
AACTTACCGAGTGTCCGGAA_002,94
AACTTACCGAGTGTCCGGAA_003,51
AACTTACCGAGTGTCCGGAA_004,114
AACTTACCGAGTGTCCGGAA_005,29
AACTTACCGAGTGTCCGGAA_006,23
AACTTACCGAGTGTCCGGAA_007,94
AACTTACCGAGTGTCCGGAA_008,9
AACTTACCGAGTGTCCGGAA_009,28
AACTTACCGAGTGTCCGGAA_010,57
AACTTACCGAGTGTCCGGAA_011,198
AACTTACCGAGTGTCCGGAA_012,49
AACTTACCGAGTGTCCGGAA_013,61
AACTTACCGAGTGTCCGGAA_014,169
AACTTACCGAGTGTCCGGAA_015,169
AACTTACCGAGTGTCCGGAA_016,121
AACTTACCGAGTGTCCGGAA_017,62
AACTTACCGAGTGTCCGGAA_018,147
AACTTACCGAGTGTCCGGAA_019,145
AACTTACCGAGTGTCCGGAA_020,83
AACTTACCGAGTGTCCGGAA_021,137
AACTTACCGAGTGTCCGGAA_022,96
AACTTACCGAGTGTCCGGAA_023,28
AACTTACCGAGTGTCCGGAA_024,149
AACTTACCGAGTGTCCGGAA_025,56
GCTGAGCCCTCGCTTCCGTG_001,151
GCTGAGCCCTCGCTTCCGTG_002,84
GCTGAGCCCTCGCTTCCGTG_003,39
GCTGAGCCCTCGCTTCCGTG_004,166
GCTGAGCCCTCGCTTCCGTG_005,71
GCTGAGCCCTCGCTTCCGTG_006,145
GCTGAGCCCTCGCTTCCGTG_007,66
GCTGAGCCCTCGCTTCCGTG_008,88
GCTGAGCCCTCGCTTCCGTG_009,85
GCTGAGCCCTCGCTTCCGTG_010,145
GCTGAGCCCTCGCTTCCGTG_011,120
GCTGAGCCCTCGCTTCCGTG_012,92
GCTGAGCCCTCGCTTCCGTG_013,9
GCTGAGCCCTCGCTTCCGTG_014,163
GCTGAGCCCTCGCTTCCGTG_015,132
GCTGAGCCCTCGCTTCCGTG_016,175
GCTGAGCCCTCGCTTCCGTG_017,4
GCTGAGCCCTCGCTTCCGTG_018,50
GCTGAGCCCTCGCTTCCGTG_019,184
GCTGAGCCCTCGCTTCCGTG_020,169
GCTGAGCCCTCGCTTCCGTG_021,68
GCTGAGCCCTCGCTTCCGTG_022,29
GCTGAGCCCTCGCTTCCGTG_023,35
GGATCCACCTCAACAACATG_001,94
GGATCCACCTCAACAACATG_002,19
GGATCCACCTCAACAACATG_003,29
GGATCCACCTCAACAACATG_004,176
GGATCCACCTCAACAACATG_005,126
GGATCCACCTCAACAACATG_006,72
GGATCCACCTCAACAACATG_007,165
CAAGTGTGACCTCTATAGGT_001,12
CAAGTGTGACCTCTATAGGT_002,59
CAAGTGTGACCTCTATAGGT_003,120
CAAGTGTGACCTCTATAGGT_004,32
CAAGTGTGACCTCTATAGGT_005,63
GAAACAAAGAACATGCAGCA_001,14
GAAACAAAGAACATGCAGCA_002,38
GAAACAAAGAACATGCAGCA_003,190
GAAACAAAGAACATGCAGCA_004,140
GAAACAAAGAACATGCAGCA_005,177
GAAACAAAGAACATGCAGCA_006,93
GAAACAAAGAACATGCAGCA_007,8
GAAACAAAGAACATGCAGCA_008,24
GAAACAAAGAACATGCAGCA_009,48
GAAACAAAGAACATGCAGCA_010,174
GAAACAAAGAACATGCAGCA_011,88
GAAACAAAGAACATGCAGCA_012,43
GAAACAAAGAACATGCAGCA_013,39
GAAACAAAGAACATGCAGCA_014,165
GAGGATCGCTATCACCGCCA_001,97
GAGGATCGCTATCACCGCCA_002,160
GTTCCTTAAGTATTATCACG_001,63
GTTCCTTAAGTATTATCACG_002,94
TGTGTTTAGAGTGCATCGAA_001,65
TGTGTTTAGAGTGCATCGAA_002,88
TGTGTTTAGAGTGCATCGAA_003,119
TGTGTTTAGAGTGCATCGAA_004,29
TGTGTTTAGAGTGCATCGAA_005,29
TGTGTTTAGAGTGCATCGAA_006,92
TTCTCCACCAAAGTCACCAG_001,140
TTCTCCACCAAAGTCACCAG_002,82
TTCTCCACCAAAGTCACCAG_003,85
TTCTCCACCAAAGTCACCAG_004,144
TTCTCCACCAAAGTCACCAG_005,58
TTCTCCACCAAAGTCACCAG_006,77
TTCTCCACCAAAGTCACCAG_007,32
TTCTCCACCAAAGTCACCAG_008,77
TTCTCCACCAAAGTCACCAG_009,166
TTCTCCACCAAAGTCACCAG_010,62
TTCTCCACCAAAGTCACCAG_011,40
TTCTCCACCAAAGTCACCAG_012,198
TTCTCCACCAAAGTCACCAG_013,45
TTCTCCACCAAAGTCACCAG_014,178
TTCTCCACCAAAGTCACCAG_015,170
TACATGTCTCAGACGAACAC_001,114
TACATGTCTCAGACGAACAC_002,185
TACATGTCTCAGACGAACAC_003,154
TACATGTCTCAGACGAACAC_004,163
TACATGTCTCAGACGAACAC_005,169
TACATGTCTCAGACGAACAC_006,81
TACATGTCTCAGACGAACAC_007,178
TACATGTCTCAGACGAACAC_008,127
TACATGTCTCAGACGAACAC_009,1
TACATGTCTCAGACGAACAC_010,197
TACATGTCTCAGACGAACAC_011,78
TACATGTCTCAGACGAACAC_012,104
TACATGTCTCAGACGAACAC_013,187
AATAGAGTGGAGTGCCCAGG_001,150
AATAGAGTGGAGTGCCCAGG_002,48
AATAGAGTGGAGTGCCCAGG_003,44
AATAGAGTGGAGTGCCCAGG_004,29
AATAGAGTGGAGTGCCCAGG_005,48
AATAGAGTGGAGTGCCCAGG_006,152
AATAGAGTGGAGTGCCCAGG_007,15
AATAGAGTGGAGTGCCCAGG_008,88
AATAGAGTGGAGTGCCCAGG_009,126
GCTTGATAGGGGTAATACCA_001,197
CTACACAAGAGACCCATGTG_001,183
CTACACAAGAGACCCATGTG_002,34
CTACACAAGAGACCCATGTG_003,82
CTACACAAGAGACCCATGTG_004,56
CTACACAAGAGACCCATGTG_005,184
CTACACAAGAGACCCATGTG_006,184
CTACACAAGAGACCCATGTG_007,70
CTACACAAGAGACCCATGTG_008,58
CTACACAAGAGACCCATGTG_009,128
CTACACAAGAGACCCATGTG_010,19
CTACACAAGAGACCCATGTG_011,63
ACGGGTCCCTGCCGAACCCG_001,8
ACGGGTCCCTGCCGAACCCG_002,157
ACGGGTCCCTGCCGAACCCG_003,115
ACGGGTCCCTGCCGAACCCG_004,27
ACGGGTCCCTGCCGAACCCG_005,60
ACGGGTCCCTGCCGAACCCG_006,28
ACGGGTCCCTGCCGAACCCG_007,140
ACGGGTCCCTGCCGAACCCG_008,199
ACGGGTCCCTGCCGAACCCG_009,170
ACGGGTCCCTGCCGAACCCG_010,58
ACGGGTCCCTGCCGAACCCG_011,84
ACGGGTCCCTGCCGAACCCG_012,139
ACGGGTCCCTGCCGAACCCG_013,1
ACGGGTCCCTGCCGAACCCG_014,32
ACGGGTCCCTGCCGAACCCG_015,15
ACGGGTCCCTGCCGAACCCG_016,169
ACGGGTCCCTGCCGAACCCG_017,133
ACGGGTCCCTGCCGAACCCG_018,58
ACGGGTCCCTGCCGAACCCG_019,168
ACGGGTCCCTGCCGAACCCG_020,168
ACGGGTCCCTGCCGAACCCG_021,83
ACGGGTCCCTGCCGAACCCG_022,21
ACGGGTCCCTGCCGAACCCG_023,116
ACGGGTCCCTGCCGAACCCG_024,157
ACGGGTCCCTGCCGAACCCG_025,22
ACGGGTCCCTGCCGAACCCG_026,77
ACGGGTCCCTGCCGAACCCG_027,158
ACGGGTCCCTGCCGAACCCG_028,160
ACGGGTCCCTGCCGAACCCG_029,149
ACGGGTCCCTGCCGAACCCG_030,168
ACGGGTCCCTGCCGAACCCG_031,43
ACGGGTCCCTGCCGAACCCG_032,149
ACGGGTCCCTGCCGAACCCG_033,9
ACGGGTCCCTGCCGAACCCG_034,10
ACGGGTCCCTGCCGAACCCG_035,96
ACGGGTCCCTGCCGAACCCG_036,155
ACGGGTCCCTGCCGAACCCG_037,49
ACGGGTCCCTGCCGAACCCG_038,82
ACGGGTCCCTGCCGAACCCG_039,138
ACGGGTCCCTGCCGAACCCG_040,11
ACGGGTCCCTGCCGAACCCG_041,102
ACGGGTCCCTGCCGAACCCG_042,27
ACGGGTCCCTGCCGAACCCG_043,77
ACGGGTCCCTGCCGAACCCG_044,56
ACGGGTCCCTGCCGAACCCG_045,152
ACGGGTCCCTGCCGAACCCG_046,5
ACGGGTCCCTGCCGAACCCG_047,152
ACGGGTCCCTGCCGAACCCG_048,88
ACGGGTCCCTGCCGAACCCG_049,174
ACGGGTCCCTGCCGAACCCG_050,44
ACGGGTCCCTGCCGAACCCG_051,108
ACGGGTCCCTGCCGAACCCG_052,186
ACGGGTCCCTGCCGAACCCG_053,174
ACGGGTCCCTGCCGAACCCG_054,45
GAGAAGTGGGGAGCCATTGG_001,32
GAGAAGTGGGGAGCCATTGG_002,70
GAGAAGTGGGGAGCCATTGG_003,190
GAGAAGTGGGGAGCCATTGG_004,48
GAGAAGTGGGGAGCCATTGG_005,95
GAGAAGTGGGGAGCCATTGG_006,117
GAGAAGTGGGGAGCCATTGG_007,83
GAGAAGTGGGGAGCCATTGG_008,69
GAGAAGTGGGGAGCCATTGG_009,153
GAGAAGTGGGGAGCCATTGG_010,150
GAGAAGTGGGGAGCCATTGG_011,102
GAGAAGTGGGGAGCCATTGG_012,56
GAGAAGTGGGGAGCCATTGG_013,17
GAGAAGTGGGGAGCCATTGG_014,44
TGTCAGCCTAAGGAAACGGT_001,125
TTCTCTGGTCATTCCTACAC_001,94
TTCTCTGGTCATTCCTACAC_002,46
GGAGGAGATCCAAAGCAACG_001,176
GGAGGAGATCCAAAGCAACG_002,141
GGAGGAGATCCAAAGCAACG_003,168
GGAGGAGATCCAAAGCAACG_004,81
GGAGGAGATCCAAAGCAACG_005,12
GGAGGAGATCCAAAGCAACG_006,105
GGAGGAGATCCAAAGCAACG_007,127
GGAGGAGATCCAAAGCAACG_008,53
GGAGGAGATCCAAAGCAACG_009,185
GGAGGAGATCCAAAGCAACG_010,77
GGAGGAGATCCAAAGCAACG_011,72
GGAGGAGATCCAAAGCAACG_012,160
GGAGGAGATCCAAAGCAACG_013,17
GGAGGAGATCCAAAGCAACG_014,28
GGAGGAGATCCAAAGCAACG_015,147
GGAGGAGATCCAAAGCAACG_016,104
AAGAAGCGCAATGACCACTT_001,192
AAGAAGCGCAATGACCACTT_002,122
AAGAAGCGCAATGACCACTT_003,179
AAGAAGCGCAATGACCACTT_004,54
AAGAAGCGCAATGACCACTT_005,115
AAGAAGCGCAATGACCACTT_006,31
AAGAAGCGCAATGACCACTT_007,159
AAGAAGCGCAATGACCACTT_008,151
AAGAAGCGCAATGACCACTT_009,119
AAGAAGCGCAATGACCACTT_010,10
AAGAAGCGCAATGACCACTT_011,148
AAGAAGCGCAATGACCACTT_012,149
AAGAAGCGCAATGACCACTT_013,141
AAGAAGCGCAATGACCACTT_014,110
AAGAAGCGCAATGACCACTT_015,184
AAGAAGCGCAATGACCACTT_016,15
AAGAAGCGCAATGACCACTT_017,32
AAGAAGCGCAATGACCACTT_018,50
AAGAAGCGCAATGACCACTT_019,184
AAGAAGCGCAATGACCACTT_020,98
AAGAAGCGCAATGACCACTT_021,115
AAGAAGCGCAATGACCACTT_022,117
AAGAAGCGCAATGACCACTT_023,155
AAGAAGCGCAATGACCACTT_024,1
AAGAAGCGCAATGACCACTT_025,107
TATCTAAAGTATCACATCCA_001,143
TATCTAAAGTATCACATCCA_002,116
TATCTAAAGTATCACATCCA_003,77
TATCTAAAGTATCACATCCA_004,68
GGCTTCGTGAGGTTTCAGGC_001,43
GGCTTCGTGAGGTTTCAGGC_002,179
GGCTTCGTGAGGTTTCAGGC_003,30
GGCTTCGTGAGGTTTCAGGC_004,94
GGCTTCGTGAGGTTTCAGGC_005,38
GGCTTCGTGAGGTTTCAGGC_006,19
GGCTTCGTGAGGTTTCAGGC_007,90
GGCTTCGTGAGGTTTCAGGC_008,93
GGCTTCGTGAGGTTTCAGGC_009,103
GGCTTCGTGAGGTTTCAGGC_010,14
GGCTTCGTGAGGTTTCAGGC_011,16
GGCTTCGTGAGGTTTCAGGC_012,141
GGCTTCGTGAGGTTTCAGGC_013,76
GGCTTCGTGAGGTTTCAGGC_014,197
GGCTTCGTGAGGTTTCAGGC_015,44
GGCTTCGTGAGGTTTCAGGC_016,198
GGAGACCAGACCTAACAGAC_001,150
AGTACTTGAACATCTTGATG_001,138
AGTACTTGAACATCTTGATG_002,102
AAGCCCGAGATCACCGCTGG_001,115
AAGCCCGAGATCACCGCTGG_002,94
AAGCCCGAGATCACCGCTGG_003,62
AAGCCCGAGATCACCGCTGG_004,45
AAGCCCGAGATCACCGCTGG_005,147
AAGCCCGAGATCACCGCTGG_006,76
AAGCCCGAGATCACCGCTGG_007,107
AAGCCCGAGATCACCGCTGG_008,148
AAGCCCGAGATCACCGCTGG_009,199
AAGCCCGAGATCACCGCTGG_010,97
CTGTCGCCTCATCTTCCCCG_001,166
CTGTCGCCTCATCTTCCCCG_002,159
CTGTCGCCTCATCTTCCCCG_003,83
CTGTCGCCTCATCTTCCCCG_004,82
CTGTCGCCTCATCTTCCCCG_005,160
CTGTCGCCTCATCTTCCCCG_006,72
CTGTCGCCTCATCTTCCCCG_007,30
CTGTCGCCTCATCTTCCCCG_008,125
CTGTCGCCTCATCTTCCCCG_009,67
CTGTCGCCTCATCTTCCCCG_010,161
CTGTCGCCTCATCTTCCCCG_011,156
CTGTCGCCTCATCTTCCCCG_012,86
CTGTCGCCTCATCTTCCCCG_013,10
CTGTCGCCTCATCTTCCCCG_014,94
CTGTCGCCTCATCTTCCCCG_015,89
CTGTCGCCTCATCTTCCCCG_016,174
CTGTCGCCTCATCTTCCCCG_017,198
CTGTCGCCTCATCTTCCCCG_018,58
AGAGATTGTGCATCGTTACG_001,170
AGAGATTGTGCATCGTTACG_002,172
AGAGATTGTGCATCGTTACG_003,1
AGAGATTGTGCATCGTTACG_004,51
AGAGATTGTGCATCGTTACG_005,58
AGAGATTGTGCATCGTTACG_006,94
AGAGATTGTGCATCGTTACG_007,149
AGAGATTGTGCATCGTTACG_008,9
AGAGATTGTGCATCGTTACG_009,107
AGAGATTGTGCATCGTTACG_010,154
AGAGATTGTGCATCGTTACG_011,103
AGAGATTGTGCATCGTTACG_012,161
AGAGATTGTGCATCGTTACG_013,199
AGAGATTGTGCATCGTTACG_014,1
AGAGATTGTGCATCGTTACG_015,97
AGAGATTGTGCATCGTTACG_016,141
AGAGATTGTGCATCGTTACG_017,68
GATCAACAGCCAGCGCATCG_001,16
GATCAACAGCCAGCGCATCG_002,36
GATCAACAGCCAGCGCATCG_003,47
GATCAACAGCCAGCGCATCG_004,163
GATCAACAGCCAGCGCATCG_005,126
GATCAACAGCCAGCGCATCG_006,8
AGCTGGCCCACCAATGACCC_001,24
AGCTGGCCCACCAATGACCC_002,127
TTCATTGGTTAGGTCAACAC_001,150
TTCATTGGTTAGGTCAACAC_002,62
TTCATTGGTTAGGTCAACAC_003,61
TTCATTGGTTAGGTCAACAC_004,147
TTCATTGGTTAGGTCAACAC_005,105
TTCATTGGTTAGGTCAACAC_006,154
TTCATTGGTTAGGTCAACAC_007,40
TTCATTGGTTAGGTCAACAC_008,29
TTCATTGGTTAGGTCAACAC_009,172
GGCTTCGGCTCCGATTTCGG_001,49
GGCTTCGGCTCCGATTTCGG_002,195
GGCTTCGGCTCCGATTTCGG_003,19
GGCTTCGGCTCCGATTTCGG_004,199
GGCTTCGGCTCCGATTTCGG_005,98
GGCTTCGGCTCCGATTTCGG_006,119
GGCTTCGGCTCCGATTTCGG_007,54
GGCTTCGGCTCCGATTTCGG_008,84
GGCTTCGGCTCCGATTTCGG_009,148
GGCTTCGGCTCCGATTTCGG_010,57
GGCTTCGGCTCCGATTTCGG_011,194
GGCTTCGGCTCCGATTTCGG_012,76
GGCTTCGGCTCCGATTTCGG_013,162
GGCTTCGGCTCCGATTTCGG_014,61
GGCTTCGGCTCCGATTTCGG_015,46
GGCTTCGGCTCCGATTTCGG_016,152
GGCTTCGGCTCCGATTTCGG_017,162
GGCTTCGGCTCCGATTTCGG_018,106
GGCTTCGGCTCCGATTTCGG_019,158
GGCTTCGGCTCCGATTTCGG_020,79
GGCTTCGGCTCCGATTTCGG_021,46
CCGTTCGCAGACATACAATG_001,193
CCGTTCGCAGACATACAATG_002,135
CCGTTCGCAGACATACAATG_003,32
CCGTTCGCAGACATACAATG_004,197
CCGGCAGGTGGTGATCGAGT_001,49
CCGGCAGGTGGTGATCGAGT_002,102
CCGGCAGGTGGTGATCGAGT_003,43
TGAGAATGTGCCCGCCAGTG_001,107
TGAGAATGTGCCCGCCAGTG_002,44
TGAGAATGTGCCCGCCAGTG_003,170
TGAGAATGTGCCCGCCAGTG_004,90
TGAGAATGTGCCCGCCAGTG_005,191
TGAGAATGTGCCCGCCAGTG_006,77
TGAGAATGTGCCCGCCAGTG_007,198
TGAGAATGTGCCCGCCAGTG_008,35
TGAGAATGTGCCCGCCAGTG_009,121
TGAGAATGTGCCCGCCAGTG_010,109
TGAGAATGTGCCCGCCAGTG_011,144
TGAGAATGTGCCCGCCAGTG_012,120
TGAGAATGTGCCCGCCAGTG_013,18
TGAGAATGTGCCCGCCAGTG_014,80
TGAGAATGTGCCCGCCAGTG_015,65
TGAGAATGTGCCCGCCAGTG_016,3
TGAGAATGTGCCCGCCAGTG_017,119
TGAGAATGTGCCCGCCAGTG_018,0
TGAGGAGGAGCTGTTTCATA_001,80
TGAGGAGGAGCTGTTTCATA_002,48
TGAGGAGGAGCTGTTTCATA_003,61
TGAGGAGGAGCTGTTTCATA_004,34
TGAGGAGGAGCTGTTTCATA_005,162
TGAGGAGGAGCTGTTTCATA_006,127
TGAGGAGGAGCTGTTTCATA_007,88
TGAGGAGGAGCTGTTTCATA_008,15
TGGATGACCCCAGACCAGCG_001,127
TGGATGACCCCAGACCAGCG_002,118
TGGATGACCCCAGACCAGCG_003,8
TGGATGACCCCAGACCAGCG_004,113
TGGATGACCCCAGACCAGCG_005,6
TGGATGACCCCAGACCAGCG_006,1
TGGATGACCCCAGACCAGCG_007,30
TGGATGACCCCAGACCAGCG_008,19
TGGATGACCCCAGACCAGCG_009,44
TGGATGACCCCAGACCAGCG_010,72
TGGATGACCCCAGACCAGCG_011,160
TGGATGACCCCAGACCAGCG_012,138
TGGATGACCCCAGACCAGCG_013,10
TGGATGACCCCAGACCAGCG_014,5
TGGATGACCCCAGACCAGCG_015,124
TGGATGACCCCAGACCAGCG_016,102
TGGATGACCCCAGACCAGCG_017,103
TGGATGACCCCAGACCAGCG_018,165
TGGATGACCCCAGACCAGCG_019,81
TGGATGACCCCAGACCAGCG_020,46
AGCTCCTGCAGAGTGAAGCG_001,144
AGCTCCTGCAGAGTGAAGCG_002,114
AGCTCCTGCAGAGTGAAGCG_003,27
AGGACAGGATCGTTACAGCA_001,179
AGGACAGGATCGTTACAGCA_002,57
AGGACAGGATCGTTACAGCA_003,137
AGGACAGGATCGTTACAGCA_004,1
AGGACAGGATCGTTACAGCA_005,63
CACTTTCAGCGTCCTGCACG_001,37
CACTTTCAGCGTCCTGCACG_002,49
CACTTTCAGCGTCCTGCACG_003,32
CACTTTCAGCGTCCTGCACG_004,160
CACTTTCAGCGTCCTGCACG_005,88
CACTTTCAGCGTCCTGCACG_006,88
GGACTAGAACACGTTCCTCT_001,70
GGACTAGAACACGTTCCTCT_002,70
GGACTAGAACACGTTCCTCT_003,191
GGACTAGAACACGTTCCTCT_004,183
GGACTAGAACACGTTCCTCT_005,157
GGACTAGAACACGTTCCTCT_006,57
GGACTAGAACACGTTCCTCT_007,2
GGACTAGAACACGTTCCTCT_008,151
GGACTAGAACACGTTCCTCT_009,173
GGACTAGAACACGTTCCTCT_010,78
GGACTAGAACACGTTCCTCT_011,45
GGACTAGAACACGTTCCTCT_012,160
GGACTAGAACACGTTCCTCT_013,192
GGACTAGAACACGTTCCTCT_014,13
GGACTAGAACACGTTCCTCT_015,92
GGACTAGAACACGTTCCTCT_016,0
GGACTAGAACACGTTCCTCT_017,95
TGGTCACGTGGAGCGACGTG_001,12
TGGTCACGTGGAGCGACGTG_002,168
TGGTCACGTGGAGCGACGTG_003,117
TGGTCACGTGGAGCGACGTG_004,79
TGGTCACGTGGAGCGACGTG_005,12
TGGTCACGTGGAGCGACGTG_006,178
GGGGGGCTTACCTTATCCGG_001,25
GGGGGGCTTACCTTATCCGG_002,29
GGGGGGCTTACCTTATCCGG_003,166
GGGGGGCTTACCTTATCCGG_004,56
GTGCCCGGAAGTACCCGACG_001,199
GTGCCCGGAAGTACCCGACG_002,17
GTGCCCGGAAGTACCCGACG_003,42
GTGCCCGGAAGTACCCGACG_004,80
GTGCCCGGAAGTACCCGACG_005,141
GTGCCCGGAAGTACCCGACG_006,162
GTGCCCGGAAGTACCCGACG_007,41
GTGCCCGGAAGTACCCGACG_008,191
GTGCCCGGAAGTACCCGACG_009,115
GTGCCCGGAAGTACCCGACG_010,50
GTGCCCGGAAGTACCCGACG_011,94
GTGCCCGGAAGTACCCGACG_012,115
GTGCCCGGAAGTACCCGACG_013,16
GTGCCCGGAAGTACCCGACG_014,5
GTGCCCGGAAGTACCCGACG_015,192
GTGCCCGGAAGTACCCGACG_016,191
GTGCCCGGAAGTACCCGACG_017,93
GTGCCCGGAAGTACCCGACG_018,37
GTGCCCGGAAGTACCCGACG_019,137
GTGCCCGGAAGTACCCGACG_020,13
GTGCCCGGAAGTACCCGACG_021,48
GTGCCCGGAAGTACCCGACG_022,174
GTGCCCGGAAGTACCCGACG_023,166
GTGCCCGGAAGTACCCGACG_024,131
GTGCCCGGAAGTACCCGACG_025,116
GTGCCCGGAAGTACCCGACG_026,41
GTGCCCGGAAGTACCCGACG_027,197
GTGCCCGGAAGTACCCGACG_028,131
GTGCCCGGAAGTACCCGACG_029,68
GTGCCCGGAAGTACCCGACG_030,40
GTGCCCGGAAGTACCCGACG_031,94
GTGCCCGGAAGTACCCGACG_032,62
GTGCCCGGAAGTACCCGACG_033,48
GTGCCCGGAAGTACCCGACG_034,10
GTGCCCGGAAGTACCCGACG_035,14
TAGAACCAAACTTTGAGACA_001,170
TAGAACCAAACTTTGAGACA_002,32
TAGAACCAAACTTTGAGACA_003,188
TAGAACCAAACTTTGAGACA_004,52
GCAGCTCAGAAAGAATCCGT_001,62
GCAGCTCAGAAAGAATCCGT_002,197
GCAGCTCAGAAAGAATCCGT_003,49
GCAGCTCAGAAAGAATCCGT_004,63
GCAGCTCAGAAAGAATCCGT_005,149
GCAGCTCAGAAAGAATCCGT_006,49
GCAGCTCAGAAAGAATCCGT_007,57
GCAGCTCAGAAAGAATCCGT_008,12
GCAGCTCAGAAAGAATCCGT_009,105
GCAGCTCAGAAAGAATCCGT_010,150
GCAGCTCAGAAAGAATCCGT_011,146
GCAGCTCAGAAAGAATCCGT_012,132
GCAGCTCAGAAAGAATCCGT_013,12
GCAGCTCAGAAAGAATCCGT_014,54
GCAGCTCAGAAAGAATCCGT_015,184
GCAGCTCAGAAAGAATCCGT_016,55
GCAGCTCAGAAAGAATCCGT_017,1
GCAGCTCAGAAAGAATCCGT_018,148
GCAGCTCAGAAAGAATCCGT_019,70
GCAGCTCAGAAAGAATCCGT_020,135
GAATCTGACTCATGATATCC_001,65
GAATCTGACTCATGATATCC_002,6
GAATCTGACTCATGATATCC_003,135
CTCCACTTCGTAGCACAGGT_001,3
CTCCACTTCGTAGCACAGGT_002,42
CTCCACTTCGTAGCACAGGT_003,104
CTCCACTTCGTAGCACAGGT_004,118
CTCCACTTCGTAGCACAGGT_005,56
CAAAGTTGGTAGCCACCAGT_001,175
CAAAGTTGGTAGCCACCAGT_002,8
CAAAGTTGGTAGCCACCAGT_003,9
CAAAGTTGGTAGCCACCAGT_004,62
CAAAGTTGGTAGCCACCAGT_005,140
CAAAGTTGGTAGCCACCAGT_006,140
CAAAGTTGGTAGCCACCAGT_007,80
CAAAGTTGGTAGCCACCAGT_008,80
ACGGACAATGCAGATCCACG_001,166
ACGGACAATGCAGATCCACG_002,6
ACGGACAATGCAGATCCACG_003,42
ACGGACAATGCAGATCCACG_004,91
ACGGACAATGCAGATCCACG_005,119
ACGGACAATGCAGATCCACG_006,76
ACGGACAATGCAGATCCACG_007,63
ACGGACAATGCAGATCCACG_008,188
ACGGACAATGCAGATCCACG_009,64
ACGGACAATGCAGATCCACG_010,108
ATGATTGCCTGTGACGAAGT_001,143
ATGATTGCCTGTGACGAAGT_002,127
ATGATTGCCTGTGACGAAGT_003,48
ATGATTGCCTGTGACGAAGT_004,86
ATGATTGCCTGTGACGAAGT_005,148
ATGATTGCCTGTGACGAAGT_006,154
ATGATTGCCTGTGACGAAGT_007,65
ACCCTCTTACGTGTATGTCC_001,1
ACCCTCTTACGTGTATGTCC_002,58
ACCCTCTTACGTGTATGTCC_003,5
ACCCTCTTACGTGTATGTCC_004,181
ACCCTCTTACGTGTATGTCC_005,94
ACCCTCTTACGTGTATGTCC_006,78
GGCTGCATACCGGTCCATGA_001,32
GGCTGCATACCGGTCCATGA_002,186
GGCTGCATACCGGTCCATGA_003,146
GGCTGCATACCGGTCCATGA_004,149
GGCTGCATACCGGTCCATGA_005,19
GGCTGCATACCGGTCCATGA_006,75
GGCTGCATACCGGTCCATGA_007,4
GGCTGCATACCGGTCCATGA_008,56
CCCTCAATGTGACACCATCG_001,115
CCCTCAATGTGACACCATCG_002,5
CCCCAGTGAGACCTTGTCGT_001,144
CCCCAGTGAGACCTTGTCGT_002,129
CCCCAGTGAGACCTTGTCGT_003,6
CCCCAGTGAGACCTTGTCGT_004,15
CAGCCTGACAAATCTTCCGG_001,21
CAGCCTGACAAATCTTCCGG_002,52
CAGCCTGACAAATCTTCCGG_003,169
CAGCCTGACAAATCTTCCGG_004,160
ATCTGCCATTGTGTCAAGAG_001,117
ATCTGCCATTGTGTCAAGAG_002,147
ATCTGCCATTGTGTCAAGAG_003,6
ATCTGCCATTGTGTCAAGAG_004,6
TAGTGGCTGTAGTCGCGGGA_001,176
TAGTGGCTGTAGTCGCGGGA_002,2
TAGTGGCTGTAGTCGCGGGA_003,154
TAGTGGCTGTAGTCGCGGGA_004,17
TAGTGGCTGTAGTCGCGGGA_005,121
AGAACACCGAAAAGCTTTGG_001,153
AGAACTGAGCCAAATCAGTG_001,123
AGAACTGAGCCAAATCAGTG_002,83
AGAACTGAGCCAAATCAGTG_003,199
AGAACTGAGCCAAATCAGTG_004,17
AGAACTGAGCCAAATCAGTG_005,2
AGAACTGAGCCAAATCAGTG_006,41
AGAACTGAGCCAAATCAGTG_007,116
AGAACTGAGCCAAATCAGTG_008,198
AGAACTGAGCCAAATCAGTG_009,150
AGAACTGAGCCAAATCAGTG_010,25
AGAACTGAGCCAAATCAGTG_011,94
AGAACTGAGCCAAATCAGTG_012,24
AGAACTGAGCCAAATCAGTG_013,140
AGAACTGAGCCAAATCAGTG_014,120
AGAACTGAGCCAAATCAGTG_015,150
AGAACTGAGCCAAATCAGTG_016,48
AGAACTGAGCCAAATCAGTG_017,147
AGAACTGAGCCAAATCAGTG_018,87
AGCCTTGGGATCCGCGACGT_001,122
AGCCTTGGGATCCGCGACGT_002,32
AGCCTTGGGATCCGCGACGT_003,45
AGCCTTGGGATCCGCGACGT_004,8
AGCCTTGGGATCCGCGACGT_005,166
AGCCTTGGGATCCGCGACGT_006,115
AGCCTTGGGATCCGCGACGT_007,62
AGCCTTGGGATCCGCGACGT_008,148
AGCCTTGGGATCCGCGACGT_009,177
AGCCTTGGGATCCGCGACGT_010,51
AGCCTTGGGATCCGCGACGT_011,178
AGCCTTGGGATCCGCGACGT_012,55
AGCCTTGGGATCCGCGACGT_013,137
AGCCTTGGGATCCGCGACGT_014,172
AGCCTTGGGATCCGCGACGT_015,105
AGCCTTGGGATCCGCGACGT_016,139
AGCCTTGGGATCCGCGACGT_017,112
AGCCTTGGGATCCGCGACGT_018,107
AGCCTTGGGATCCGCGACGT_019,111
AGCCTTGGGATCCGCGACGT_020,33
AGCCTTGGGATCCGCGACGT_021,21
AGCCTTGGGATCCGCGACGT_022,127
AGCCTTGGGATCCGCGACGT_023,144
AGCCTTGGGATCCGCGACGT_024,131
AGCCTTGGGATCCGCGACGT_025,62
AGCCTTGGGATCCGCGACGT_026,37
GGGACAGAGAAAATCAGCAC_001,113
GGGACAGAGAAAATCAGCAC_002,35
GGGACAGAGAAAATCAGCAC_003,28
GGGACAGAGAAAATCAGCAC_004,15
GGGACAGAGAAAATCAGCAC_005,170
GGGACAGAGAAAATCAGCAC_006,113
ACTGTTCCATGTTGAGACAG_001,81
ACTGTTCCATGTTGAGACAG_002,60
ACTGTTCCATGTTGAGACAG_003,121
ACTGTTCCATGTTGAGACAG_004,188
ACTGTTCCATGTTGAGACAG_005,60
AGTTGATCTTTGGAGCATTG_001,52
AGTTGATCTTTGGAGCATTG_002,48
AGTTGATCTTTGGAGCATTG_003,52
AGTTGATCTTTGGAGCATTG_004,17
AGTTGATCTTTGGAGCATTG_005,187
AGAGTTCTTGGATTGACCAG_001,83
AGAGTTCTTGGATTGACCAG_002,193
AGAGTTCTTGGATTGACCAG_003,183
AGAGTTCTTGGATTGACCAG_004,53
AGAGTTCTTGGATTGACCAG_005,181
AGAGTTCTTGGATTGACCAG_006,76
AGAGTTCTTGGATTGACCAG_007,50
AGAGTTCTTGGATTGACCAG_008,62
AGAGTTCTTGGATTGACCAG_009,29
AGAGTTCTTGGATTGACCAG_010,70
AGAGTTCTTGGATTGACCAG_011,194
AGAGTTCTTGGATTGACCAG_012,31
AGAGTTCTTGGATTGACCAG_013,199
AGAGTTCTTGGATTGACCAG_014,137
AGAGTTCTTGGATTGACCAG_015,58
GTAGGTGAAGATCTCTCGAT_001,181
GTAGGTGAAGATCTCTCGAT_002,162
GTAGGTGAAGATCTCTCGAT_003,159
GTAGGTGAAGATCTCTCGAT_004,97
GTAGGTGAAGATCTCTCGAT_005,188
TTCATTGCGGATCACCTCAG_001,27
TTCATTGCGGATCACCTCAG_002,189
TTCATTGCGGATCACCTCAG_003,125
TTCATTGCGGATCACCTCAG_004,80
TTCATTGCGGATCACCTCAG_005,105
TTCATTGCGGATCACCTCAG_006,170
TTCATTGCGGATCACCTCAG_007,177
ATTACCTCTCAGTGACACAT_001,29
ATTACCTCTCAGTGACACAT_002,102
ATTACCTCTCAGTGACACAT_003,2
ATTACCTCTCAGTGACACAT_004,4
ATTACCTCTCAGTGACACAT_005,105
ATTACCTCTCAGTGACACAT_006,5
ATTACCTCTCAGTGACACAT_007,94
ATTACCTCTCAGTGACACAT_008,182
ATTACCTCTCAGTGACACAT_009,145
ATTACCTCTCAGTGACACAT_010,144
ATTACCTCTCAGTGACACAT_011,148
ATTACCTCTCAGTGACACAT_012,76
ATTACCTCTCAGTGACACAT_013,8
ATTACCTCTCAGTGACACAT_014,184
ATTACCTCTCAGTGACACAT_015,152
ATTACCTCTCAGTGACACAT_016,162
ATTACCTCTCAGTGACACAT_017,128
GCCACTTGTGCCGGACGCTG_001,142
GCCACTTGTGCCGGACGCTG_002,88
GCCACTTGTGCCGGACGCTG_003,12
GCCACTTGTGCCGGACGCTG_004,183
GCCACTTGTGCCGGACGCTG_005,149
GCCACTTGTGCCGGACGCTG_006,154
GCCACTTGTGCCGGACGCTG_007,38
GCCACTTGTGCCGGACGCTG_008,118
GCCACTTGTGCCGGACGCTG_009,43
GCCACTTGTGCCGGACGCTG_010,55
GCCACTTGTGCCGGACGCTG_011,145
GCCACTTGTGCCGGACGCTG_012,5
GCCACTTGTGCCGGACGCTG_013,12
GCCACTTGTGCCGGACGCTG_014,105
GCCACTTGTGCCGGACGCTG_015,4
GCCACTTGTGCCGGACGCTG_016,113
GCCACTTGTGCCGGACGCTG_017,124
GCCACTTGTGCCGGACGCTG_018,29
GCCTTGTACAACCACCACAC_001,102
GCCTTGTACAACCACCACAC_002,55
GCCTTGTACAACCACCACAC_003,172
GCCTTGTACAACCACCACAC_004,158
GCCTTGTACAACCACCACAC_005,139
GCCTTGTACAACCACCACAC_006,32
GCCTTGTACAACCACCACAC_007,178
GCCTTGTACAACCACCACAC_008,12
GCCTTGTACAACCACCACAC_009,31
GCCTTGTACAACCACCACAC_010,101
GCCTTGTACAACCACCACAC_011,147
GCCTTGTACAACCACCACAC_012,60
GCCTTGTACAACCACCACAC_013,48
GCCTTGTACAACCACCACAC_014,66
GCCTTGTACAACCACCACAC_015,173
GCCTTGTACAACCACCACAC_016,145
GCCTTGTACAACCACCACAC_017,64
GCCTTGTACAACCACCACAC_018,118
GCCTTGTACAACCACCACAC_019,67
GGCTGTTGGATCTGTGGATG_001,152
GGCTGTTGGATCTGTGGATG_002,184
GGCTGTTGGATCTGTGGATG_003,35
GGCTGTTGGATCTGTGGATG_004,74
GGGGGGGCTTTATGGCGGCG_001,127
GGGGGGGCTTTATGGCGGCG_002,138
CAAATCTGAGGTTCCGTCTG_001,186
CAAATCTGAGGTTCCGTCTG_002,101
CAAATCTGAGGTTCCGTCTG_003,98
CAAATCTGAGGTTCCGTCTG_004,162
CAAATCTGAGGTTCCGTCTG_005,142
CAAATCTGAGGTTCCGTCTG_006,88
CAAATCTGAGGTTCCGTCTG_007,170
CAAATCTGAGGTTCCGTCTG_008,50
CAAATCTGAGGTTCCGTCTG_009,9
CAAATCTGAGGTTCCGTCTG_010,54
CAAATCTGAGGTTCCGTCTG_011,163
CAAATCTGAGGTTCCGTCTG_012,108
CAAATCTGAGGTTCCGTCTG_013,137
CAAATCTGAGGTTCCGTCTG_014,81
CAAATCTGAGGTTCCGTCTG_015,185
CCTGGATACTAACAAGCTAG_001,69
CAGGACCCTAAGCTCCAGAT_001,54
CAGGACCCTAAGCTCCAGAT_002,178
CAGGACCCTAAGCTCCAGAT_003,170
CAGGACCCTAAGCTCCAGAT_004,25
CAGGACCCTAAGCTCCAGAT_005,116
CAGGACCCTAAGCTCCAGAT_006,29
CAGGACCCTAAGCTCCAGAT_007,82
CAGGACCCTAAGCTCCAGAT_008,15
CCCTCGGGTAGGGATACACA_001,154
CCCTCGGGTAGGGATACACA_002,104
CCCTCGGGTAGGGATACACA_003,171
CCCTCGGGTAGGGATACACA_004,32
CCCTCGGGTAGGGATACACA_005,38
CCCTCGGGTAGGGATACACA_006,198
CCCTCGGGTAGGGATACACA_007,70
CCCTCGGGTAGGGATACACA_008,34
CCCTCGGGTAGGGATACACA_009,68
CCCTCGGGTAGGGATACACA_010,175
CCCTCGGGTAGGGATACACA_011,162
CCCTCGGGTAGGGATACACA_012,78
CCCTCGGGTAGGGATACACA_013,176
CCCTCGGGTAGGGATACACA_014,48
CCCTCGGGTAGGGATACACA_015,181
CCCTCGGGTAGGGATACACA_016,17
CATCTAACAGACCCCCCAAA_001,191
CATCTAACAGACCCCCCAAA_002,50
CATCTAACAGACCCCCCAAA_003,77
CATCTAACAGACCCCCCAAA_004,150
CATCTAACAGACCCCCCAAA_005,138
CATCTAACAGACCCCCCAAA_006,56
CATCTAACAGACCCCCCAAA_007,32
CATCTAACAGACCCCCCAAA_008,81
CATCTAACAGACCCCCCAAA_009,70
CATCTAACAGACCCCCCAAA_010,0
CATCTAACAGACCCCCCAAA_011,199
GGCGTACCGCCATGGAAGTG_001,113
GGCGTACCGCCATGGAAGTG_002,54
GGCGTACCGCCATGGAAGTG_003,134
GGCGTACCGCCATGGAAGTG_004,114
GGCGTACCGCCATGGAAGTG_005,116
GGCGTACCGCCATGGAAGTG_006,2
GGCGTACCGCCATGGAAGTG_007,154
GGCGTACCGCCATGGAAGTG_008,0
GGCGTACCGCCATGGAAGTG_009,117
GGCGTACCGCCATGGAAGTG_010,131
GGCGTACCGCCATGGAAGTG_011,180
GGCGTACCGCCATGGAAGTG_012,41
GGCGTACCGCCATGGAAGTG_013,52
GGCGTACCGCCATGGAAGTG_014,162
GGCGTACCGCCATGGAAGTG_015,129
GGCGTACCGCCATGGAAGTG_016,184
GGCGTACCGCCATGGAAGTG_017,1
CCTCTTCTCCGACGACTACG_001,112
CCTCTTCTCCGACGACTACG_002,94
CCTCTTCTCCGACGACTACG_003,174
CCTCTTCTCCGACGACTACG_004,0
CCTCTTCTCCGACGACTACG_005,67
CCTCTTCTCCGACGACTACG_006,178
CCTCTTCTCCGACGACTACG_007,133
CCTCTTCTCCGACGACTACG_008,135
CCTCTTCTCCGACGACTACG_009,118
GTCACTAGGCTGTTACCTGG_001,137
GTCACTAGGCTGTTACCTGG_002,49
GTCACTAGGCTGTTACCTGG_003,6
GTCACTAGGCTGTTACCTGG_004,157
GTCACTAGGCTGTTACCTGG_005,169
AGATTTACTACATCCGTCCT_001,49
AGATTTACTACATCCGTCCT_002,74
AGATTTACTACATCCGTCCT_003,44
AGATTTACTACATCCGTCCT_004,26
CTGGACAACAGAGACCAAGA_001,157
CTGGACAACAGAGACCAAGA_002,29
CTGGACAACAGAGACCAAGA_003,19
AAGCGTTGAATATTGGCATG_001,125
AAGCGTTGAATATTGGCATG_002,3
AAGCGTTGAATATTGGCATG_003,28
AAGCGTTGAATATTGGCATG_004,5
AAGCGTTGAATATTGGCATG_005,138
GAGTCACCCGTTCTACGACG_001,96
GATTAATGAGTGGCATGCAG_001,50
GATTAATGAGTGGCATGCAG_002,164
GATTAATGAGTGGCATGCAG_003,116
GATTAATGAGTGGCATGCAG_004,121
GATTAATGAGTGGCATGCAG_005,28
GATTAATGAGTGGCATGCAG_006,62
ACAGTGGCGTAAACATGACC_001,81
ACAGTGGCGTAAACATGACC_002,58
ACAGTGGCGTAAACATGACC_003,41
ACAGTGGCGTAAACATGACC_004,120
ACAGTGGCGTAAACATGACC_005,122
ACAGTGGCGTAAACATGACC_006,92
ACAGTGGCGTAAACATGACC_007,12
ACAGTGGCGTAAACATGACC_008,70
ACAGTGGCGTAAACATGACC_009,158
ACAGTGGCGTAAACATGACC_010,8
ACAGTGGCGTAAACATGACC_011,196
ACAGTGGCGTAAACATGACC_012,172
ACAGTGGCGTAAACATGACC_013,13
GCGGACTCAGTGGACGACGG_001,184
GCGGACTCAGTGGACGACGG_002,60
GCGGACTCAGTGGACGACGG_003,41
GCGGACTCAGTGGACGACGG_004,12
GCGGACTCAGTGGACGACGG_005,8
GCGGACTCAGTGGACGACGG_006,198
GCGGACTCAGTGGACGACGG_007,146
GCGGACTCAGTGGACGACGG_008,70
GCGGACTCAGTGGACGACGG_009,129
GCGGACTCAGTGGACGACGG_010,24
GCGGACTCAGTGGACGACGG_011,73
GCGGACTCAGTGGACGACGG_012,11
GCGGACTCAGTGGACGACGG_013,141
GCGGACTCAGTGGACGACGG_014,190
GCGGACTCAGTGGACGACGG_015,69
GCGGACTCAGTGGACGACGG_016,170
GCGGACTCAGTGGACGACGG_017,92
GCGGACTCAGTGGACGACGG_018,72
GCGGACTCAGTGGACGACGG_019,72
GCGGACTCAGTGGACGACGG_020,41
GCGGACTCAGTGGACGACGG_021,171
GCGGACTCAGTGGACGACGG_022,166
GCGGACTCAGTGGACGACGG_023,39
GCGGACTCAGTGGACGACGG_024,13
GCGGACTCAGTGGACGACGG_025,172
GCGGACTCAGTGGACGACGG_026,158
GGTTCCCATGGTATCGTCTG_001,88
GGTTCCCATGGTATCGTCTG_002,61
TGACGTTGTCAAAAATCCGA_001,184
TGACGTTGTCAAAAATCCGA_002,94
TGACGTTGTCAAAAATCCGA_003,184
TGACGTTGTCAAAAATCCGA_004,91
TGACGTTGTCAAAAATCCGA_005,44
CTCTTGAGTACTTGCACTCG_001,175
CTCTTGAGTACTTGCACTCG_002,146
CTCTTGAGTACTTGCACTCG_003,17
CTCTTGAGTACTTGCACTCG_004,1
CTCTTGAGTACTTGCACTCG_005,130
CTCTTGAGTACTTGCACTCG_006,182
CTCTTGAGTACTTGCACTCG_007,111
CTCTTGAGTACTTGCACTCG_008,75
CTCTTGAGTACTTGCACTCG_009,97
CTCTTGAGTACTTGCACTCG_010,16
CTTCTGCCCAACGACATCGA_001,159
CTTCTGCCCAACGACATCGA_002,49
CTTCTGCCCAACGACATCGA_003,15
CTTCTGCCCAACGACATCGA_004,39
CTTCTGCCCAACGACATCGA_005,4
CTTCTGCCCAACGACATCGA_006,198
CTTCTGCCCAACGACATCGA_007,120
CTTCTGCCCAACGACATCGA_008,84
CTTCTGCCCAACGACATCGA_009,178
CTTCTGCCCAACGACATCGA_010,33
CTTCTGCCCAACGACATCGA_011,40
ATTCCTTGGCAGGAGTACGG_001,85
ATTCCTTGGCAGGAGTACGG_002,168
ATTCCTTGGCAGGAGTACGG_003,115
ATTCCTTGGCAGGAGTACGG_004,123
ATTCCTTGGCAGGAGTACGG_005,132
ATTCCTTGGCAGGAGTACGG_006,2
ATTCCTTGGCAGGAGTACGG_007,47
ATTCCTTGGCAGGAGTACGG_008,94
ATTCCTTGGCAGGAGTACGG_009,81
ATTCCTTGGCAGGAGTACGG_010,75
ATTCCTTGGCAGGAGTACGG_011,29
ATTCCTTGGCAGGAGTACGG_012,58
ATTCCTTGGCAGGAGTACGG_013,152
ATTCCTTGGCAGGAGTACGG_014,152
ATTCCTTGGCAGGAGTACGG_015,11
ATTCCTTGGCAGGAGTACGG_016,170
ATTCCTTGGCAGGAGTACGG_017,17
ATTCCTTGGCAGGAGTACGG_018,3
GACACTATGGGAACCTACCA_001,43
GACACTATGGGAACCTACCA_002,45
GACACTATGGGAACCTACCA_003,183
GACACTATGGGAACCTACCA_004,53
GACACTATGGGAACCTACCA_005,188
GACACTATGGGAACCTACCA_006,67
GACACTATGGGAACCTACCA_007,68
GACACTATGGGAACCTACCA_008,49
GACACTATGGGAACCTACCA_009,147
GACACTATGGGAACCTACCA_010,18
GACACTATGGGAACCTACCA_011,34
GACACTATGGGAACCTACCA_012,162
GACACTATGGGAACCTACCA_013,77
GACACTATGGGAACCTACCA_014,81
GACACTATGGGAACCTACCA_015,47
GACACTATGGGAACCTACCA_016,149
GACACTATGGGAACCTACCA_017,109
GACACTATGGGAACCTACCA_018,159
GACACTATGGGAACCTACCA_019,180
GACACTATGGGAACCTACCA_020,148
GACACTATGGGAACCTACCA_021,14
GACACTATGGGAACCTACCA_022,123
GCTGGAGAGAACGATCTCGA_001,62
TCCCTCTAAAGCAGCTCAAA_001,68
AACTTGAAGATAACATTCAG_001,6
AACTTGAAGATAACATTCAG_002,166
AACTTGAAGATAACATTCAG_003,69
AACTTGAAGATAACATTCAG_004,13
AACTTGAAGATAACATTCAG_005,40
AACTTGAAGATAACATTCAG_006,94
AACTTGAAGATAACATTCAG_007,184
AACTTGAAGATAACATTCAG_008,42
AATGTCATCAACACATACAC_001,50
AATGTCATCAACACATACAC_002,162
AATGTCATCAACACATACAC_003,2
AATGTCATCAACACATACAC_004,41
AATGTCATCAACACATACAC_005,183
AATGTCATCAACACATACAC_006,56
AATGTCATCAACACATACAC_007,178
AATGTCATCAACACATACAC_008,6
AATGTCATCAACACATACAC_009,198
AATGTCATCAACACATACAC_010,162
AATGTCATCAACACATACAC_011,157
AATGTCATCAACACATACAC_012,124
TTTGGATCGAACCAGCACGA_001,29
TTTGGATCGAACCAGCACGA_002,153
TTTGGATCGAACCAGCACGA_003,15
TTTGGATCGAACCAGCACGA_004,44
TTTGGATCGAACCAGCACGA_005,131
TTTGGATCGAACCAGCACGA_006,157
TTTGGATCGAACCAGCACGA_007,117
TTTGGATCGAACCAGCACGA_008,115
TTTGGATCGAACCAGCACGA_009,162
TTTGGATCGAACCAGCACGA_010,119
TTTGGATCGAACCAGCACGA_011,88
TTTGGATCGAACCAGCACGA_012,8
TTTGGATCGAACCAGCACGA_013,47
TTTGGATCGAACCAGCACGA_014,60
TTTGGATCGAACCAGCACGA_015,4
TTTGGATCGAACCAGCACGA_016,138
TTTGGATCGAACCAGCACGA_017,55
TTTGGATCGAACCAGCACGA_018,68
TTTGGATCGAACCAGCACGA_019,12
TTTGGATCGAACCAGCACGA_020,41
TTTGGATCGAACCAGCACGA_021,24
ACAGGTGCATGTAGCGAATG_001,108
ACAGGTGCATGTAGCGAATG_002,121
ACAGGTGCATGTAGCGAATG_003,78
ACAGGTGCATGTAGCGAATG_004,29
ACAGGTGCATGTAGCGAATG_005,54
ACAGGTGCATGTAGCGAATG_006,134
ACAGGTGCATGTAGCGAATG_007,160
ACAGGTGCATGTAGCGAATG_008,141
ACAGGTGCATGTAGCGAATG_009,176
ACAGGTGCATGTAGCGAATG_010,83
ACAGGTGCATGTAGCGAATG_011,155
ACAGGTGCATGTAGCGAATG_012,19
ACAGGTGCATGTAGCGAATG_013,126
ACAGGTGCATGTAGCGAATG_014,182
ACAGGTGCATGTAGCGAATG_015,151
ACAGGTGCATGTAGCGAATG_016,190
CGGAAGTGGAGAAGTTTGAC_001,41
CGGAAGTGGAGAAGTTTGAC_002,160
CGGAAGTGGAGAAGTTTGAC_003,29
CGGAAGTGGAGAAGTTTGAC_004,29
CGGAAGTGGAGAAGTTTGAC_005,7
CGGAAGTGGAGAAGTTTGAC_006,150
CGGAAGTGGAGAAGTTTGAC_007,81
CGGAAGTGGAGAAGTTTGAC_008,50
CGGAAGTGGAGAAGTTTGAC_009,47
CGGAAGTGGAGAAGTTTGAC_010,147
CGGAAGTGGAGAAGTTTGAC_011,12
CGGAAGTGGAGAAGTTTGAC_012,145
CGGAAGTGGAGAAGTTTGAC_013,107
AGCCAAATTTAAGTCCCCTG_001,96
AGCCAAATTTAAGTCCCCTG_002,41
AGCCAAATTTAAGTCCCCTG_003,54
AGCCAAATTTAAGTCCCCTG_004,88
AGCCAAATTTAAGTCCCCTG_005,105
AGCCAAATTTAAGTCCCCTG_006,50
AGCCAAATTTAAGTCCCCTG_007,77
AGCCAAATTTAAGTCCCCTG_008,12
AGCCAAATTTAAGTCCCCTG_009,168
AGCCAAATTTAAGTCCCCTG_010,158
AGCCAAATTTAAGTCCCCTG_011,166
AGCCAAATTTAAGTCCCCTG_012,73
AGCCAAATTTAAGTCCCCTG_013,63
AGCCAAATTTAAGTCCCCTG_014,153
ACAGGGATAAACTGCTGGGT_001,5
ACAGGGATAAACTGCTGGGT_002,118
ACAGGGATAAACTGCTGGGT_003,7
ACAGGGATAAACTGCTGGGT_004,188
ACAGGGATAAACTGCTGGGT_005,169
ACAGGGATAAACTGCTGGGT_006,78
ACAGGGATAAACTGCTGGGT_007,121
GACTATGCTTGTATGGAGCG_001,44
GACTATGCTTGTATGGAGCG_002,112
GACTATGCTTGTATGGAGCG_003,184
GACTATGCTTGTATGGAGCG_004,155
GACTATGCTTGTATGGAGCG_005,70
TGTCGTACTCCCCATAGAAG_001,28
TGTCGTACTCCCCATAGAAG_002,149
TGTCGTACTCCCCATAGAAG_003,1
TGTCGTACTCCCCATAGAAG_004,183
TGTCGTACTCCCCATAGAAG_005,160
TGTCGTACTCCCCATAGAAG_006,79
TGTCGTACTCCCCATAGAAG_007,70
TGTCGTACTCCCCATAGAAG_008,91
TGTCGTACTCCCCATAGAAG_009,23
TGTCGTACTCCCCATAGAAG_010,112
TGTCGTACTCCCCATAGAAG_011,181
TGTCGTACTCCCCATAGAAG_012,110
TGTCGTACTCCCCATAGAAG_013,66
TGTCGTACTCCCCATAGAAG_014,5
TGTCGTACTCCCCATAGAAG_015,151
TGTCGTACTCCCCATAGAAG_016,188
TGTCGTACTCCCCATAGAAG_017,106
TGTCGTACTCCCCATAGAAG_018,79
TGTCGTACTCCCCATAGAAG_019,13
GTACCTGCACGGCGCGACTG_001,48
GTACCTGCACGGCGCGACTG_002,113
GTACCTGCACGGCGCGACTG_003,69
GTACCTGCACGGCGCGACTG_004,6
GTACCTGCACGGCGCGACTG_005,147
GTACCTGCACGGCGCGACTG_006,6
GTACCTGCACGGCGCGACTG_007,17
GTACCTGCACGGCGCGACTG_008,48
GTACCTGCACGGCGCGACTG_009,51
GTACCTGCACGGCGCGACTG_010,58
GTACCTGCACGGCGCGACTG_011,137
GTACCTGCACGGCGCGACTG_012,151
GTACCTGCACGGCGCGACTG_013,185
GTACCTGCACGGCGCGACTG_014,169
GTACCTGCACGGCGCGACTG_015,144
GTACCTGCACGGCGCGACTG_016,16
GTACCTGCACGGCGCGACTG_017,56
GTACCTGCACGGCGCGACTG_018,49
GTACCTGCACGGCGCGACTG_019,99
GTACCTGCACGGCGCGACTG_020,140
GTACCTGCACGGCGCGACTG_021,185
GTACCTGCACGGCGCGACTG_022,133
GTACCTGCACGGCGCGACTG_023,9
GTACCTGCACGGCGCGACTG_024,40
GTACCTGCACGGCGCGACTG_025,127
GTACCTGCACGGCGCGACTG_026,49
GTACCTGCACGGCGCGACTG_027,95
GTACCTGCACGGCGCGACTG_028,185
GTACCTGCACGGCGCGACTG_029,115
GTACCTGCACGGCGCGACTG_030,29
GATGGCTTTGAGATGCACAT_001,48
GATGGCTTTGAGATGCACAT_002,149
GATGGCTTTGAGATGCACAT_003,76
GATGGCTTTGAGATGCACAT_004,48
GATGGCTTTGAGATGCACAT_005,69
GATGGCTTTGAGATGCACAT_006,90
GATGGCTTTGAGATGCACAT_007,147
GTAAGCAGTATACATGATCC_001,59
GTAAGCAGTATACATGATCC_002,162
GTAAGCAGTATACATGATCC_003,78
GTAAGCAGTATACATGATCC_004,43
GTAAGCAGTATACATGATCC_005,8
ACATCAAAGTAGAACATCTG_001,174
ACATCAAAGTAGAACATCTG_002,13
ACATCAAAGTAGAACATCTG_003,148
ACATCAAAGTAGAACATCTG_004,11
ACATCAAAGTAGAACATCTG_005,41
ACATCAAAGTAGAACATCTG_006,89
ACATCAAAGTAGAACATCTG_007,110
ACATCAAAGTAGAACATCTG_008,168
ACATCAAAGTAGAACATCTG_009,46
ACATCAAAGTAGAACATCTG_010,82
ACATCAAAGTAGAACATCTG_011,161
GTTGCGGCTATCACAGTAGA_001,196
GGGAGATGCCATAAAGCACC_001,75
TGGTGCAGGCCAATGCAGAT_001,150
TGGTGCAGGCCAATGCAGAT_002,169
TGGTGCAGGCCAATGCAGAT_003,191
TGGTGCAGGCCAATGCAGAT_004,78
TGGTGCAGGCCAATGCAGAT_005,53
TGGTGCAGGCCAATGCAGAT_006,12
TGGTGCAGGCCAATGCAGAT_007,160
TGGTGCAGGCCAATGCAGAT_008,105
TGGTGCAGGCCAATGCAGAT_009,93
TGGTGCAGGCCAATGCAGAT_010,6
TGGTGCAGGCCAATGCAGAT_011,174
TGGTGCAGGCCAATGCAGAT_012,125
TGGTGCAGGCCAATGCAGAT_013,152
CCTTTGCCAGGTGAGATCTG_001,194
CCTTTGCCAGGTGAGATCTG_002,53
CCTTTGCCAGGTGAGATCTG_003,102
CCTTTGCCAGGTGAGATCTG_004,90
CCTTTGCCAGGTGAGATCTG_005,23
CCTTTGCCAGGTGAGATCTG_006,109
CCTTTGCCAGGTGAGATCTG_007,28
CCTTTGCCAGGTGAGATCTG_008,188
CCTTTGCCAGGTGAGATCTG_009,144
CCAGGTACTTAGAGACACAT_001,113
CCAGGTACTTAGAGACACAT_002,22
CCAGGTACTTAGAGACACAT_003,147
CCAGGTACTTAGAGACACAT_004,7
CCAGGTACTTAGAGACACAT_005,139
GCCTAGCGCCTTGAGCCGGG_001,48
GCCTAGCGCCTTGAGCCGGG_002,57
GCCTAGCGCCTTGAGCCGGG_003,94
GCCTAGCGCCTTGAGCCGGG_004,123
ATCATTGCCAATCACCCCCA_001,65
ATCATTGCCAATCACCCCCA_002,149
ATCATTGCCAATCACCCCCA_003,91
CCTACAGGGGGTATAGCGGA_001,140
CCTACAGGGGGTATAGCGGA_002,37
GCCTGCCCCAACTACCCCCA_001,134
GCCTGCCCCAACTACCCCCA_002,168
GCCTGCCCCAACTACCCCCA_003,173
GCCTGCCCCAACTACCCCCA_004,98
GCCTGCCCCAACTACCCCCA_005,122
GCCTGCCCCAACTACCCCCA_006,109
GCCTGCCCCAACTACCCCCA_007,165
GCCTGCCCCAACTACCCCCA_008,145
GCCTGCCCCAACTACCCCCA_009,174
GCCTGCCCCAACTACCCCCA_010,198
GCCTGCCCCAACTACCCCCA_011,55
GCCTGCCCCAACTACCCCCA_012,5
GCCTGCCCCAACTACCCCCA_013,121
GCCTGCCCCAACTACCCCCA_014,95
GCCTGCCCCAACTACCCCCA_015,1
GCCTGCCCCAACTACCCCCA_016,31
GCCTGCCCCAACTACCCCCA_017,8
GCCTGCCCCAACTACCCCCA_018,109
GCCTGCCCCAACTACCCCCA_019,148
GCCTGCCCCAACTACCCCCA_020,3
GCCTGCCCCAACTACCCCCA_021,168
GCCTGCCCCAACTACCCCCA_022,47
GCCTGCCCCAACTACCCCCA_023,124
GCCTGCCCCAACTACCCCCA_024,113
GCCTGCCCCAACTACCCCCA_025,197
GCCTGCCCCAACTACCCCCA_026,72
TAGAACCAGAATGCGCACGA_001,161
TAGAACCAGAATGCGCACGA_002,118
TAGAACCAGAATGCGCACGA_003,45
TAGAACCAGAATGCGCACGA_004,168
TAGAACCAGAATGCGCACGA_005,2
TAGAACCAGAATGCGCACGA_006,96
TAGAACCAGAATGCGCACGA_007,125
TAGAACCAGAATGCGCACGA_008,17
TAGAACCAGAATGCGCACGA_009,114
TAGAACCAGAATGCGCACGA_010,64
TAGAACCAGAATGCGCACGA_011,162
TAGAACCAGAATGCGCACGA_012,197
AGCCGACAAGAAGCAAGCTG_001,68
AGCCGACAAGAAGCAAGCTG_002,98
AGCCGACAAGAAGCAAGCTG_003,12
AGCCGACAAGAAGCAAGCTG_004,9
AGCCGACAAGAAGCAAGCTG_005,133
AGCCGACAAGAAGCAAGCTG_006,48
AGCCGACAAGAAGCAAGCTG_007,169
AGCCGACAAGAAGCAAGCTG_008,198
AGCCGACAAGAAGCAAGCTG_009,21
CCATGTCCGATCCCACACTG_001,4
CCATGTCCGATCCCACACTG_002,14
CCATGTCCGATCCCACACTG_003,96
CCATGTCCGATCCCACACTG_004,42
CCATGTCCGATCCCACACTG_005,107
CCATGTCCGATCCCACACTG_006,150
CCATGTCCGATCCCACACTG_007,182
CCATGTCCGATCCCACACTG_008,101
CCATGTCCGATCCCACACTG_009,1
CCATGTCCGATCCCACACTG_010,147
CCATGTCCGATCCCACACTG_011,10
CCATGTCCGATCCCACACTG_012,12
CCATGTCCGATCCCACACTG_013,15
CCATGTCCGATCCCACACTG_014,92
CCATGTCCGATCCCACACTG_015,149
CCATGTCCGATCCCACACTG_016,183
CCATGTCCGATCCCACACTG_017,5
CCATGTCCGATCCCACACTG_018,165
CCATGTCCGATCCCACACTG_019,153
CCATGTCCGATCCCACACTG_020,24
CCATGTCCGATCCCACACTG_021,129
CCATGTCCGATCCCACACTG_022,19
CCATGTCCGATCCCACACTG_023,41
CCATGTCCGATCCCACACTG_024,176
CCATGTCCGATCCCACACTG_025,188
CCATGTCCGATCCCACACTG_026,3
CCATGTCCGATCCCACACTG_027,39
CCATGTCCGATCCCACACTG_028,126
CCATGTCCGATCCCACACTG_029,126
CCATGTCCGATCCCACACTG_030,126
CCATGTCCGATCCCACACTG_031,174
CCATGTCCGATCCCACACTG_032,168
CCATGTCCGATCCCACACTG_033,188
CCATGTCCGATCCCACACTG_034,49
CCATGTCCGATCCCACACTG_035,125
GGTGTCCATGAACTACCGGG_001,72
GGTGTCCATGAACTACCGGG_002,84
CCAGATACATGAAGCACAGT_001,69
GGTGATCGTATGGAGCACTG_001,23
GGTGATCGTATGGAGCACTG_002,15
GGTGATCGTATGGAGCACTG_003,48
GGTGATCGTATGGAGCACTG_004,57
GGTGATCGTATGGAGCACTG_005,115
GGTGATCGTATGGAGCACTG_006,176
GGTGATCGTATGGAGCACTG_007,126
GGTGATCGTATGGAGCACTG_008,112
GGTGATCGTATGGAGCACTG_009,120
AAAACTGCACATAACTCCGA_001,163
AAAACTGCACATAACTCCGA_002,146
AAAACTGCACATAACTCCGA_003,113
AAAGTCAGTCTGGTTATGTG_001,160
AAAGTCAGTCTGGTTATGTG_002,182
AAAGTCAGTCTGGTTATGTG_003,67
AAAGTCAGTCTGGTTATGTG_004,174
AAAGTCAGTCTGGTTATGTG_005,91
AAAGTCAGTCTGGTTATGTG_006,6
AGGTTTAAAAGCACCGCTAG_001,3
AGGTTTAAAAGCACCGCTAG_002,165
AGGTTTAAAAGCACCGCTAG_003,160
AGGTTTAAAAGCACCGCTAG_004,121
AGGTTTAAAAGCACCGCTAG_005,164
AGGTTTAAAAGCACCGCTAG_006,34
AGGTTTAAAAGCACCGCTAG_007,105
AGGTTTAAAAGCACCGCTAG_008,72
AGGTTTAAAAGCACCGCTAG_009,77
AGGTTTAAAAGCACCGCTAG_010,24
AGGTTTAAAAGCACCGCTAG_011,88
AGGTTTAAAAGCACCGCTAG_012,145
AGGTTTAAAAGCACCGCTAG_013,118
AGGTTTAAAAGCACCGCTAG_014,99
AGGTTTAAAAGCACCGCTAG_015,150
AGGTTTAAAAGCACCGCTAG_016,182
AGGTTTAAAAGCACCGCTAG_017,141
AGGTTTAAAAGCACCGCTAG_018,183
AGGTTTAAAAGCACCGCTAG_019,69
AGGTTTAAAAGCACCGCTAG_020,180
AGGTTTAAAAGCACCGCTAG_021,84
AGGTTTAAAAGCACCGCTAG_022,176
AGGTTTAAAAGCACCGCTAG_023,104
AGGTTTAAAAGCACCGCTAG_024,177
GAACGCCACAATCTTCCACG_001,102
GAACGCCACAATCTTCCACG_002,48
GAACGCCACAATCTTCCACG_003,14
GAACGCCACAATCTTCCACG_004,199
GAACGCCACAATCTTCCACG_005,58
GAACGCCACAATCTTCCACG_006,138
GAACGCCACAATCTTCCACG_007,32
TGTGCACCTCAATGCAGCGA_001,90
TGTGCACCTCAATGCAGCGA_002,168
TGTGCACCTCAATGCAGCGA_003,161
CCAACGAAGTGGTTACCTTG_001,62
CCAACGAAGTGGTTACCTTG_002,178
CCAACGAAGTGGTTACCTTG_003,122
CCAACGAAGTGGTTACCTTG_004,118
CCAACGAAGTGGTTACCTTG_005,1
CCAACGAAGTGGTTACCTTG_006,146
CCAACGAAGTGGTTACCTTG_007,48
CCAACGAAGTGGTTACCTTG_008,138
CCAACGAAGTGGTTACCTTG_009,147
CCAACGAAGTGGTTACCTTG_010,157
CCAACGAAGTGGTTACCTTG_011,17
CCAACGAAGTGGTTACCTTG_012,48
CCAACGAAGTGGTTACCTTG_013,160
CCAACGAAGTGGTTACCTTG_014,70
CCAACGAAGTGGTTACCTTG_015,83
CCAACGAAGTGGTTACCTTG_016,118
CCAACGAAGTGGTTACCTTG_017,68
CCAACGAAGTGGTTACCTTG_018,1
CCAACGAAGTGGTTACCTTG_019,9
TACAGTAACTATTCCAAATG_001,4
GCTCCAAATGTGGCACATTG_001,32
GCTCCAAATGTGGCACATTG_002,149
ATAGTTGCGCACGTACTCCG_001,170
ATGACAGTGATGGCCGACCT_001,35
ATGACAGTGATGGCCGACCT_002,174
ATGACAGTGATGGCCGACCT_003,170
ATGACAGTGATGGCCGACCT_004,56
ATGACAGTGATGGCCGACCT_005,114
ATGACAGTGATGGCCGACCT_006,100
ATGACAGTGATGGCCGACCT_007,94
ATGACAGTGATGGCCGACCT_008,141
ATGACAGTGATGGCCGACCT_009,198
ATGACAGTGATGGCCGACCT_010,191
AGGAGATGATTCCCGGTCAA_001,79
AGGAGATGATTCCCGGTCAA_002,175
AGGAGATGATTCCCGGTCAA_003,115
AGGAGATGATTCCCGGTCAA_004,60
AGGAGATGATTCCCGGTCAA_005,8
AGGAGATGATTCCCGGTCAA_006,155
AGGAGATGATTCCCGGTCAA_007,67
AGGAGATGATTCCCGGTCAA_008,115
AGGAGATGATTCCCGGTCAA_009,177
AGGAGATGATTCCCGGTCAA_010,136
AGGAGATGATTCCCGGTCAA_011,133
ACACCATGTTGGGCACACAG_001,93
ACACCATGTTGGGCACACAG_002,29
ACACCATGTTGGGCACACAG_003,58
ACACCATGTTGGGCACACAG_004,83
ACACCATGTTGGGCACACAG_005,49
ACACCATGTTGGGCACACAG_006,85
ACACCATGTTGGGCACACAG_007,78
ACACCATGTTGGGCACACAG_008,194
TCATTTGAAGACCAGTTGCG_001,127
TCATTTGAAGACCAGTTGCG_002,17
TCATTTGAAGACCAGTTGCG_003,185
TCATTTGAAGACCAGTTGCG_004,67
TCATTTGAAGACCAGTTGCG_005,9
TCATTTGAAGACCAGTTGCG_006,182
TCATTTGAAGACCAGTTGCG_007,191
TCATTTGAAGACCAGTTGCG_008,9
TCATTTGAAGACCAGTTGCG_009,77
TCATTTGAAGACCAGTTGCG_010,15
TCATTTGAAGACCAGTTGCG_011,70
TCATTTGAAGACCAGTTGCG_012,111
TCATTTGAAGACCAGTTGCG_013,22
TCATTTGAAGACCAGTTGCG_014,102
TCATTTGAAGACCAGTTGCG_015,102
TCATTTGAAGACCAGTTGCG_016,160
TCATTTGAAGACCAGTTGCG_017,72
TCATTTGAAGACCAGTTGCG_018,185
TCATTTGAAGACCAGTTGCG_019,45
TCATTTGAAGACCAGTTGCG_020,198
TCATTTGAAGACCAGTTGCG_021,198
TCATTTGAAGACCAGTTGCG_022,66
TCATTTGAAGACCAGTTGCG_023,157
TCATTTGAAGACCAGTTGCG_024,151
TCATTTGAAGACCAGTTGCG_025,48
TCATTTGAAGACCAGTTGCG_026,48
TCATTTGAAGACCAGTTGCG_027,162
TCATTTGAAGACCAGTTGCG_028,35
ACTGATGGGCGTGTGATCAT_001,59
ACTGATGGGCGTGTGATCAT_002,130
ACTGATGGGCGTGTGATCAT_003,183
ACTGATGGGCGTGTGATCAT_004,80
ACTGATGGGCGTGTGATCAT_005,48
ACTGATGGGCGTGTGATCAT_006,138
ACTGATGGGCGTGTGATCAT_007,5
ACTGATGGGCGTGTGATCAT_008,169
ACTGATGGGCGTGTGATCAT_009,192
ACTGATGGGCGTGTGATCAT_010,47
ACTGATGGGCGTGTGATCAT_011,108
ACTGATGGGCGTGTGATCAT_012,30
ACTGATGGGCGTGTGATCAT_013,198
ACTGATGGGCGTGTGATCAT_014,103
ACTGATGGGCGTGTGATCAT_015,147
ACTGATGGGCGTGTGATCAT_016,40
GCTGCCCTAACTCGAAATGG_001,95
GCTGCCCTAACTCGAAATGG_002,180
GCTGCCCTAACTCGAAATGG_003,77
GCTGCCCTAACTCGAAATGG_004,168
GCTGCCCTAACTCGAAATGG_005,61
GCTGCCCTAACTCGAAATGG_006,101
GCTGCCCTAACTCGAAATGG_007,129
GCTGCCCTAACTCGAAATGG_008,119
GCTGCCCTAACTCGAAATGG_009,93
GCTGCCCTAACTCGAAATGG_010,98
GCTGCCCTAACTCGAAATGG_011,108
GCTGCCCTAACTCGAAATGG_012,148
GCTGCCCTAACTCGAAATGG_013,8
GCTGCCCTAACTCGAAATGG_014,96
GCTGCCCTAACTCGAAATGG_015,152
GCTGCCCTAACTCGAAATGG_016,67
GCTGCCCTAACTCGAAATGG_017,125
CCCCACCAAACGCTACAGTG_001,36
CCCCACCAAACGCTACAGTG_002,47
CCCCACCAAACGCTACAGTG_003,43
CCCCACCAAACGCTACAGTG_004,42
CCCCACCAAACGCTACAGTG_005,140
CCCCACCAAACGCTACAGTG_006,136
CCCCACCAAACGCTACAGTG_007,66
CCCCACCAAACGCTACAGTG_008,162
CCCCACCAAACGCTACAGTG_009,94
CCCCACCAAACGCTACAGTG_010,56
CCCCACCAAACGCTACAGTG_011,115
CCCCACCAAACGCTACAGTG_012,76
CCCCACCAAACGCTACAGTG_013,148
CATCGTGTGTCGATTTGTCC_001,19
CATCGTGTGTCGATTTGTCC_002,83
CATCGTGTGTCGATTTGTCC_003,58
CATCGTGTGTCGATTTGTCC_004,192
GGACATCGTAGAGTTCACAC_001,161
GGACATCGTAGAGTTCACAC_002,108
GGACATCGTAGAGTTCACAC_003,193
GGACATCGTAGAGTTCACAC_004,55
AGTGAACATGCCGCCCGCGG_001,70
AGTGAACATGCCGCCCGCGG_002,177
AGTGAACATGCCGCCCGCGG_003,94
CATGGCTGTCGCCTCCAATG_001,160
CATGGCTGTCGCCTCCAATG_002,27
CATGGCTGTCGCCTCCAATG_003,174
CATGGCTGTCGCCTCCAATG_004,155
CATGGCTGTCGCCTCCAATG_005,186
CATGGCTGTCGCCTCCAATG_006,105
CATGGCTGTCGCCTCCAATG_007,9
CATGGCTGTCGCCTCCAATG_008,169
CATGGCTGTCGCCTCCAATG_009,34
CATGGCTGTCGCCTCCAATG_010,188
GGCATTCCTGATTCCCTACG_001,152
TGGAGAACGTGAAGGAGATG_001,183
TGGAGAACGTGAAGGAGATG_002,8
TGGAGAACGTGAAGGAGATG_003,195
TGGAGAACGTGAAGGAGATG_004,157
TGGAGAACGTGAAGGAGATG_005,62
CCTTGCTTTAATGAAAATCG_001,109
CCTTGCTTTAATGAAAATCG_002,152
CCTTGCTTTAATGAAAATCG_003,15
CCTTGCTTTAATGAAAATCG_004,169
ATCCCGTCCATCAAGTGGTG_001,148
ATCCCGTCCATCAAGTGGTG_002,60
ATCCCGTCCATCAAGTGGTG_003,62
ATCCCGTCCATCAAGTGGTG_004,105
ATCCCGTCCATCAAGTGGTG_005,42
ATCCCGTCCATCAAGTGGTG_006,169
ATCCCGTCCATCAAGTGGTG_007,78
ATCCCGTCCATCAAGTGGTG_008,115
ATCCCGTCCATCAAGTGGTG_009,174
ATCCCGTCCATCAAGTGGTG_010,148
ATCCCGTCCATCAAGTGGTG_011,150
ATCCCGTCCATCAAGTGGTG_012,51
ATCCCGTCCATCAAGTGGTG_013,93
ATCCCGTCCATCAAGTGGTG_014,153
ATCCCGTCCATCAAGTGGTG_015,144
ATCCCGTCCATCAAGTGGTG_016,140
ATCCCGTCCATCAAGTGGTG_017,6
ATCCCGTCCATCAAGTGGTG_018,192
ATCCCGTCCATCAAGTGGTG_019,168
ATCCCGTCCATCAAGTGGTG_020,144
ATCCCGTCCATCAAGTGGTG_021,9
ATCCCGTCCATCAAGTGGTG_022,94
ATCCCGTCCATCAAGTGGTG_023,162
ATCCCGTCCATCAAGTGGTG_024,176
ATCCCGTCCATCAAGTGGTG_025,36
ATCCCGTCCATCAAGTGGTG_026,35
ATCCCGTCCATCAAGTGGTG_027,195
ATCCCGTCCATCAAGTGGTG_028,149
ATCCCGTCCATCAAGTGGTG_029,149
ATCCCGTCCATCAAGTGGTG_030,11
ATCCCGTCCATCAAGTGGTG_031,94
ATCCCGTCCATCAAGTGGTG_032,169
ATCCCGTCCATCAAGTGGTG_033,45
ATCCCGTCCATCAAGTGGTG_034,162
ATCCCGTCCATCAAGTGGTG_035,130
ATCCCGTCCATCAAGTGGTG_036,137
ATCCCGTCCATCAAGTGGTG_037,166
ATCCCGTCCATCAAGTGGTG_038,103
ATCCCGTCCATCAAGTGGTG_039,188
ATCCCGTCCATCAAGTGGTG_040,26
ATCCCGTCCATCAAGTGGTG_041,122
ATCCCGTCCATCAAGTGGTG_042,106
ATCCCGTCCATCAAGTGGTG_043,6
ATCCCGTCCATCAAGTGGTG_044,78
ATCCCGTCCATCAAGTGGTG_045,12
ATCCCGTCCATCAAGTGGTG_046,39
ATCCCGTCCATCAAGTGGTG_047,59
ATCCCGTCCATCAAGTGGTG_048,132
ATCCCGTCCATCAAGTGGTG_049,107
ATCCCGTCCATCAAGTGGTG_050,106
ATCCCGTCCATCAAGTGGTG_051,144
ATCCCGTCCATCAAGTGGTG_052,34
ATCCCGTCCATCAAGTGGTG_053,96
ATCCCGTCCATCAAGTGGTG_054,56
TCACCACACGTTCCTCGTGG_001,68
TCACCACACGTTCCTCGTGG_002,196
TGAATCGTAACCTCGCCATT_001,147
TGAATCGTAACCTCGCCATT_002,102
TGAATCGTAACCTCGCCATT_003,41
TGAATCGTAACCTCGCCATT_004,124
TGAATCGTAACCTCGCCATT_005,41
ATGACGTTGAAGTTGCACAG_001,34
ATGACGTTGAAGTTGCACAG_002,162
ATGACGTTGAAGTTGCACAG_003,145
ATGACGTTGAAGTTGCACAG_004,150
ATGACGTTGAAGTTGCACAG_005,60
ATGACGTTGAAGTTGCACAG_006,8
ATGACGTTGAAGTTGCACAG_007,24
ATGACGTTGAAGTTGCACAG_008,4
ATGACGTTGAAGTTGCACAG_009,134
ATGACGTTGAAGTTGCACAG_010,45
ATGACGTTGAAGTTGCACAG_011,24
ATGACGTTGAAGTTGCACAG_012,105
ATGACGTTGAAGTTGCACAG_013,32
ATGACGTTGAAGTTGCACAG_014,59
ATGACGTTGAAGTTGCACAG_015,175
ATGACGTTGAAGTTGCACAG_016,141
ATGACGTTGAAGTTGCACAG_017,163
ATGACGTTGAAGTTGCACAG_018,6
ATGACGTTGAAGTTGCACAG_019,34
ATGACGTTGAAGTTGCACAG_020,61
ATGACGTTGAAGTTGCACAG_021,80
ATGACGTTGAAGTTGCACAG_022,105
ATGACGTTGAAGTTGCACAG_023,112
ATGACGTTGAAGTTGCACAG_024,0
ATGACGTTGAAGTTGCACAG_025,126
ATGACGTTGAAGTTGCACAG_026,110
ATGACGTTGAAGTTGCACAG_027,21
ATGACGTTGAAGTTGCACAG_028,49
ATGACGTTGAAGTTGCACAG_029,28
ATGACGTTGAAGTTGCACAG_030,48
ATGACGTTGAAGTTGCACAG_031,150
ATGACGTTGAAGTTGCACAG_032,41
ATGACGTTGAAGTTGCACAG_033,20
ATGACGTTGAAGTTGCACAG_034,159
ATGACGTTGAAGTTGCACAG_035,58
ATGACGTTGAAGTTGCACAG_036,65
ATGACGTTGAAGTTGCACAG_037,72
ATGACGTTGAAGTTGCACAG_038,111
ATGACGTTGAAGTTGCACAG_039,140
ATGACGTTGAAGTTGCACAG_040,174
ATGACGTTGAAGTTGCACAG_041,11
ATGACGTTGAAGTTGCACAG_042,94
ATGACGTTGAAGTTGCACAG_043,77
ATGACGTTGAAGTTGCACAG_044,95
ATGACGTTGAAGTTGCACAG_045,9
ATGACGTTGAAGTTGCACAG_046,162
ATGACGTTGAAGTTGCACAG_047,19
ATGACGTTGAAGTTGCACAG_048,166
ATGACGTTGAAGTTGCACAG_049,27
ATGACGTTGAAGTTGCACAG_050,196
ATGACGTTGAAGTTGCACAG_051,48
ATGACGTTGAAGTTGCACAG_052,170
ACAGGTTCCCATAGCTACAG_001,176
ACAGGTTCCCATAGCTACAG_002,15
ACAGGTTCCCATAGCTACAG_003,52
ACAGGTTCCCATAGCTACAG_004,49
ACAGGTTCCCATAGCTACAG_005,107
TGGACAACTTCTTTGCCAAG_001,70
TGGACAACTTCTTTGCCAAG_002,157
TGGACAACTTCTTTGCCAAG_003,160
CCAGAGAAAGCTGGACCATG_001,176
CCAGAGAAAGCTGGACCATG_002,104
CCAGAGAAAGCTGGACCATG_003,137
CCAGAGAAAGCTGGACCATG_004,88
CCAGAGAAAGCTGGACCATG_005,105
CCAGAGAAAGCTGGACCATG_006,81
CCAGAGAAAGCTGGACCATG_007,81
CCAGAGAAAGCTGGACCATG_008,41
CCAGAGAAAGCTGGACCATG_009,26
CCAGAGAAAGCTGGACCATG_010,150
TGTAGCACCAAGGACCTCCG_001,102
TGTAGCACCAAGGACCTCCG_002,4
TGTAGCACCAAGGACCTCCG_003,175
TGTAGCACCAAGGACCTCCG_004,67
TGTAGCACCAAGGACCTCCG_005,8
TGTAGCACCAAGGACCTCCG_006,78
TGTAGCACCAAGGACCTCCG_007,92
TGTAGCACCAAGGACCTCCG_008,142
TGTAGCACCAAGGACCTCCG_009,131
TGTAGCACCAAGGACCTCCG_010,97
TGTAGCACCAAGGACCTCCG_011,52
GGAGCACAGAGCCCCCACGG_001,192
GGAGCACAGAGCCCCCACGG_002,137
GGAGCACAGAGCCCCCACGG_003,41
GGAGCACAGAGCCCCCACGG_004,77
GGAGCACAGAGCCCCCACGG_005,10
GGAGCACAGAGCCCCCACGG_006,121
GGAGCACAGAGCCCCCACGG_007,188
GGAGCACAGAGCCCCCACGG_008,12
GGAGCACAGAGCCCCCACGG_009,137
GGAGCACAGAGCCCCCACGG_010,56
GGAGCACAGAGCCCCCACGG_011,14
GGAGCACAGAGCCCCCACGG_012,123
GGAGCACAGAGCCCCCACGG_013,3
GGAGCACAGAGCCCCCACGG_014,144
GGAGCACAGAGCCCCCACGG_015,115
GGAGCACAGAGCCCCCACGG_016,144
GGAGCACAGAGCCCCCACGG_017,61
GGAGCACAGAGCCCCCACGG_018,148
GGAGCACAGAGCCCCCACGG_019,160
GGAGCACAGAGCCCCCACGG_020,188
GGAGCACAGAGCCCCCACGG_021,98
GGAGCACAGAGCCCCCACGG_022,106
GGAGCACAGAGCCCCCACGG_023,165
GGAGCACAGAGCCCCCACGG_024,58
GGAGCACAGAGCCCCCACGG_025,36
GGAGCACAGAGCCCCCACGG_026,146
GGAGCACAGAGCCCCCACGG_027,37
GGAGCACAGAGCCCCCACGG_028,62
GGAGCACAGAGCCCCCACGG_029,28
GGAGCACAGAGCCCCCACGG_030,130
AGACATGAAAGAAGTCACAT_001,47
AGACATGAAAGAAGTCACAT_002,160
AGACATGAAAGAAGTCACAT_003,134
AGACATGAAAGAAGTCACAT_004,3
AGCCATTCAGGGTTTAACCA_001,92
AGCCATTCAGGGTTTAACCA_002,95
AGCCATTCAGGGTTTAACCA_003,21
AGCCATTCAGGGTTTAACCA_004,56
AGCCATTCAGGGTTTAACCA_005,12
AGCCATTCAGGGTTTAACCA_006,160
AGCCATTCAGGGTTTAACCA_007,134
AGCCATTCAGGGTTTAACCA_008,78
AGCCATTCAGGGTTTAACCA_009,130
AGCCATTCAGGGTTTAACCA_010,83
AGCCATTCAGGGTTTAACCA_011,160
AGCCATTCAGGGTTTAACCA_012,15
AGCCATTCAGGGTTTAACCA_013,69
AGCCATTCAGGGTTTAACCA_014,56
AGCCATTCAGGGTTTAACCA_015,166
AGCCATTCAGGGTTTAACCA_016,170
AGCCATTCAGGGTTTAACCA_017,17
AGCCATTCAGGGTTTAACCA_018,19
AGCCATTCAGGGTTTAACCA_019,147
AGCCATTCAGGGTTTAACCA_020,169
AGCCATTCAGGGTTTAACCA_021,13
AGCCATTCAGGGTTTAACCA_022,67
AGCCATTCAGGGTTTAACCA_023,55
GTAGGGCCAGTCGTACAGCT_001,132
GTAGGGCCAGTCGTACAGCT_002,184
GTAGGGCCAGTCGTACAGCT_003,85
GTAGGGCCAGTCGTACAGCT_004,70
GTAGGGCCAGTCGTACAGCT_005,21
GTAGGGCCAGTCGTACAGCT_006,152
GTAGGGCCAGTCGTACAGCT_007,18
GTAGGGCCAGTCGTACAGCT_008,158
GTAGGGCCAGTCGTACAGCT_009,146
GTAGGGCCAGTCGTACAGCT_010,103
GTAGGGCCAGTCGTACAGCT_011,55
GTAGGGCCAGTCGTACAGCT_012,154
GTAGGGCCAGTCGTACAGCT_013,150
GTAGGGCCAGTCGTACAGCT_014,174
GTAGGGCCAGTCGTACAGCT_015,92
GTAGGGCCAGTCGTACAGCT_016,31
GTAGGGCCAGTCGTACAGCT_017,37
GTAGGGCCAGTCGTACAGCT_018,183
GTAGGGCCAGTCGTACAGCT_019,133
GTAGGGCCAGTCGTACAGCT_020,121
CCATATCTACAGTTGTAAGG_001,47
CAGACCGTAGCGCCAGAGCG_001,172
CAGACCGTAGCGCCAGAGCG_002,97
CAGACCGTAGCGCCAGAGCG_003,47
CAGACCGTAGCGCCAGAGCG_004,127
CAGACCGTAGCGCCAGAGCG_005,163
CAGACCGTAGCGCCAGAGCG_006,54
CAGACCGTAGCGCCAGAGCG_007,109
CAGACCGTAGCGCCAGAGCG_008,121
CAGACCGTAGCGCCAGAGCG_009,72
CAGACCGTAGCGCCAGAGCG_010,177
CAGACCGTAGCGCCAGAGCG_011,59
CAGACCGTAGCGCCAGAGCG_012,116
CAGACCGTAGCGCCAGAGCG_013,190
CAGACCGTAGCGCCAGAGCG_014,119
CAGACCGTAGCGCCAGAGCG_015,169
CAGACCGTAGCGCCAGAGCG_016,177
CAGACCGTAGCGCCAGAGCG_017,117
GGCAAGGGTTGTGCACTCAG_001,52
GGCAAGGGTTGTGCACTCAG_002,44
GGCAAGGGTTGTGCACTCAG_003,27
GGCAAGGGTTGTGCACTCAG_004,188
GGCAAGGGTTGTGCACTCAG_005,126
GGCAAGGGTTGTGCACTCAG_006,170
GGCAAGGGTTGTGCACTCAG_007,41
GGCAAGGGTTGTGCACTCAG_008,27
GGCAAGGGTTGTGCACTCAG_009,105
GTACCTAGGGAGCCTAGCCG_001,157
GTACCTAGGGAGCCTAGCCG_002,137
GTACCTAGGGAGCCTAGCCG_003,17
GTACCTAGGGAGCCTAGCCG_004,114
GTACCTAGGGAGCCTAGCCG_005,166
GTACCTAGGGAGCCTAGCCG_006,101
GTACCTAGGGAGCCTAGCCG_007,48
GTACCTAGGGAGCCTAGCCG_008,58
GTACCTAGGGAGCCTAGCCG_009,168
GTACCTAGGGAGCCTAGCCG_010,138
GTACCTAGGGAGCCTAGCCG_011,41
GTACCTAGGGAGCCTAGCCG_012,118
GTACCTAGGGAGCCTAGCCG_013,53
GTACCTAGGGAGCCTAGCCG_014,53
GTACCTAGGGAGCCTAGCCG_015,197
GTACCTAGGGAGCCTAGCCG_016,162
GTACCTAGGGAGCCTAGCCG_017,169
GTACCTAGGGAGCCTAGCCG_018,43
GTACCTAGGGAGCCTAGCCG_019,38
GTACCTAGGGAGCCTAGCCG_020,198
GTACCTAGGGAGCCTAGCCG_021,146
GTACCTAGGGAGCCTAGCCG_022,22
GTACCTAGGGAGCCTAGCCG_023,93
GTACCTAGGGAGCCTAGCCG_024,49
GTACCTAGGGAGCCTAGCCG_025,31
GTACCTAGGGAGCCTAGCCG_026,184
GTACCTAGGGAGCCTAGCCG_027,163
GTACCTAGGGAGCCTAGCCG_028,32
GTACCTAGGGAGCCTAGCCG_029,83
GTACCTAGGGAGCCTAGCCG_030,60
GTACCTAGGGAGCCTAGCCG_031,101
GTACCTAGGGAGCCTAGCCG_032,105
GTACCTAGGGAGCCTAGCCG_033,196
GTACCTAGGGAGCCTAGCCG_034,108
GTACCTAGGGAGCCTAGCCG_035,8
GTACCTAGGGAGCCTAGCCG_036,105
GTACCTAGGGAGCCTAGCCG_037,88
GTACCTAGGGAGCCTAGCCG_038,37
GTACCTAGGGAGCCTAGCCG_039,34
GTACCTAGGGAGCCTAGCCG_040,147
GTACCTAGGGAGCCTAGCCG_041,94
GTACCTAGGGAGCCTAGCCG_042,55
GTACCTAGGGAGCCTAGCCG_043,182
GTACCTAGGGAGCCTAGCCG_044,99
GTACCTAGGGAGCCTAGCCG_045,188
GTACCTAGGGAGCCTAGCCG_046,168
GTACCTAGGGAGCCTAGCCG_047,62
GTACCTAGGGAGCCTAGCCG_048,90
CTTACAGACGCCGAAACGGA_001,34
CTTACAGACGCCGAAACGGA_002,166
CTTACAGACGCCGAAACGGA_003,139
CTTACAGACGCCGAAACGGA_004,160
CTTACAGACGCCGAAACGGA_005,182
CTTACAGACGCCGAAACGGA_006,43
CTTACAGACGCCGAAACGGA_007,29
CTTACAGACGCCGAAACGGA_008,22
CTTACAGACGCCGAAACGGA_009,162
CTTACAGACGCCGAAACGGA_010,35
CTTACAGACGCCGAAACGGA_011,120
CTTACAGACGCCGAAACGGA_012,147
CTTACAGACGCCGAAACGGA_013,88
CTTACAGACGCCGAAACGGA_014,24
CTTACAGACGCCGAAACGGA_015,175
GTGAGTAACGGGAGCTAAGG_001,79
GTGAGTAACGGGAGCTAAGG_002,50
GTGAGTAACGGGAGCTAAGG_003,37
GTGAGTAACGGGAGCTAAGG_004,130
GTGAGTAACGGGAGCTAAGG_005,116
GTGAGTAACGGGAGCTAAGG_006,40
GTGAGTAACGGGAGCTAAGG_007,28
TTGCAAACAGTGTCTCAACG_001,90
TTGCAAACAGTGTCTCAACG_002,19
GCACAGCAGACAAATAGAAG_001,47
GCACAGCAGACAAATAGAAG_002,13
AAAGGTCAGTCCTCAGACGG_001,102
AAAGGTCAGTCCTCAGACGG_002,83
AAAGGTCAGTCCTCAGACGG_003,137
AAAGGTCAGTCCTCAGACGG_004,94
AAAGGTCAGTCCTCAGACGG_005,146
AAAGGTCAGTCCTCAGACGG_006,174
CAAACAGTTAGAGGACCCAA_001,147
CAAACAGTTAGAGGACCCAA_002,164
CAAACAGTTAGAGGACCCAA_003,70
CAAACAGTTAGAGGACCCAA_004,70
CAAACAGTTAGAGGACCCAA_005,191
CAAACAGTTAGAGGACCCAA_006,127
CAAACAGTTAGAGGACCCAA_007,84
CAAACAGTTAGAGGACCCAA_008,198
CAAACAGTTAGAGGACCCAA_009,102
CAAACAGTTAGAGGACCCAA_010,168
CAAACAGTTAGAGGACCCAA_011,161
CAAACAGTTAGAGGACCCAA_012,190
CAAACAGTTAGAGGACCCAA_013,146
CAAACAGTTAGAGGACCCAA_014,11
CAAACAGTTAGAGGACCCAA_015,49
CAAACAGTTAGAGGACCCAA_016,49
CAAACAGTTAGAGGACCCAA_017,33
CAAACAGTTAGAGGACCCAA_018,116
CAAACAGTTAGAGGACCCAA_019,52
CAAACAGTTAGAGGACCCAA_020,42
TGAACTGGTAATCAACGTTG_001,145
TGAACTGGTAATCAACGTTG_002,172
TGAACTGGTAATCAACGTTG_003,40
TGAACTGGTAATCAACGTTG_004,141
ACCTGTGAATATGAGTACAC_001,98
AGAATATGTGGGCCTCGCTA_001,125
AGAATATGTGGGCCTCGCTA_002,101
AGAATATGTGGGCCTCGCTA_003,6
AGAATATGTGGGCCTCGCTA_004,199
AGAATATGTGGGCCTCGCTA_005,70
AGAATATGTGGGCCTCGCTA_006,47
AGAATATGTGGGCCTCGCTA_007,60
AGAATATGTGGGCCTCGCTA_008,77
AGAATATGTGGGCCTCGCTA_009,123
GGCCCTAGCCGGGAGACACG_001,48
GGCCCTAGCCGGGAGACACG_002,10
GGCCCTAGCCGGGAGACACG_003,39
GGCCCTAGCCGGGAGACACG_004,134
GGCCCTAGCCGGGAGACACG_005,42
GGCCCTAGCCGGGAGACACG_006,84
GGCCCTAGCCGGGAGACACG_007,169
GGCCCTAGCCGGGAGACACG_008,170
GGCCCTAGCCGGGAGACACG_009,1
GGCCCTAGCCGGGAGACACG_010,35
GGCCCTAGCCGGGAGACACG_011,146
GGCCCTAGCCGGGAGACACG_012,60
GGCCCTAGCCGGGAGACACG_013,12
GGCCCTAGCCGGGAGACACG_014,76
GGCCCTAGCCGGGAGACACG_015,159
GGCCCTAGCCGGGAGACACG_016,70
GGCCCTAGCCGGGAGACACG_017,162
GGCCCTAGCCGGGAGACACG_018,60
GGCCCTAGCCGGGAGACACG_019,5
GGCCCTAGCCGGGAGACACG_020,9
GGCCCTAGCCGGGAGACACG_021,168
GGCCCTAGCCGGGAGACACG_022,198
GGCCCTAGCCGGGAGACACG_023,152
GGCCCTAGCCGGGAGACACG_024,77
GGCCCTAGCCGGGAGACACG_025,181
GGCCCTAGCCGGGAGACACG_026,49
GGCCCTAGCCGGGAGACACG_027,75
GGCCCTAGCCGGGAGACACG_028,59
GGCCCTAGCCGGGAGACACG_029,94
GGCCCTAGCCGGGAGACACG_030,81
GGCCCTAGCCGGGAGACACG_031,115
GGCCCTAGCCGGGAGACACG_032,138
GGCCCTAGCCGGGAGACACG_033,175
GGCCCTAGCCGGGAGACACG_034,1
GGCCCTAGCCGGGAGACACG_035,9
GCACACGCTTGCCAGCAACG_001,38
GCACACGCTTGCCAGCAACG_002,155
GCACACGCTTGCCAGCAACG_003,139
GCACACGCTTGCCAGCAACG_004,191
GCACACGCTTGCCAGCAACG_005,17
GCACACGCTTGCCAGCAACG_006,165
CAATCTGTCGATCCGTAAGT_001,137
CAATCTGTCGATCCGTAAGT_002,190
ACCACGTTTACCGGACACAC_001,171
ACCACGTTTACCGGACACAC_002,151
ACCACGTTTACCGGACACAC_003,103
ACCACGTTTACCGGACACAC_004,162
ACCACGTTTACCGGACACAC_005,81
ACCACGTTTACCGGACACAC_006,144
ACCACGTTTACCGGACACAC_007,169
ACCACGTTTACCGGACACAC_008,160
ACCACGTTTACCGGACACAC_009,59
ACCACGTTTACCGGACACAC_010,75
ACCACGTTTACCGGACACAC_011,61
ACCACGTTTACCGGACACAC_012,89
ACCACGTTTACCGGACACAC_013,74
ACCACGTTTACCGGACACAC_014,48
ACCACGTTTACCGGACACAC_015,105
ACCACGTTTACCGGACACAC_016,88
ACCACGTTTACCGGACACAC_017,169
ACCACGTTTACCGGACACAC_018,47
ACCACGTTTACCGGACACAC_019,43
ACCACGTTTACCGGACACAC_020,148
AGCAGCACTCACAAGCCATG_001,48
AGCAGCACTCACAAGCCATG_002,40
AGCAGCACTCACAAGCCATG_003,175
AGCAGCACTCACAAGCCATG_004,169
AGCAGCACTCACAAGCCATG_005,154
AGCAGCACTCACAAGCCATG_006,130
AGCAGCACTCACAAGCCATG_007,17
AGCAGCACTCACAAGCCATG_008,168
AGCAGCACTCACAAGCCATG_009,67
AGCAGCACTCACAAGCCATG_010,89
AGCAGCACTCACAAGCCATG_011,63
AGCAGCACTCACAAGCCATG_012,144
AGCAGCACTCACAAGCCATG_013,68
CAGATTGACTATCTGGCCTG_001,58
CAGATTGACTATCTGGCCTG_002,115
CAGATTGACTATCTGGCCTG_003,74
CGACAGGGTACGAGTATCCG_001,50
CGACAGGGTACGAGTATCCG_002,130
CGACAGGGTACGAGTATCCG_003,94
CGACAGGGTACGAGTATCCG_004,9
CGACAGGGTACGAGTATCCG_005,9
CGACAGGGTACGAGTATCCG_006,151
CGACAGGGTACGAGTATCCG_007,113
CGACAGGGTACGAGTATCCG_008,130
CGACAGGGTACGAGTATCCG_009,172
CGACAGGGTACGAGTATCCG_010,62
CGACAGGGTACGAGTATCCG_011,68
CGACAGGGTACGAGTATCCG_012,66
CTTCCTGAAGTAATTACTCG_001,78
CTTCCTGAAGTAATTACTCG_002,162
CTTCCTGAAGTAATTACTCG_003,29
CTTCCTGAAGTAATTACTCG_004,91
GCAGCAGTTCACTATACTGT_001,77
GCAGCAGTTCACTATACTGT_002,34
GCAGCAGTTCACTATACTGT_003,33
TCAAGACAGATCATAAGCGA_001,4
TCAAGACAGATCATAAGCGA_002,158
TCAAGACAGATCATAAGCGA_003,131
TCAAGACAGATCATAAGCGA_004,149
TCAAGACAGATCATAAGCGA_005,73
TCAAGACAGATCATAAGCGA_006,118
TGGATTGGGAAAGAAAGATG_001,152
TGGATTGGGAAAGAAAGATG_002,138
TGGATTGGGAAAGAAAGATG_003,198
TGGATTGGGAAAGAAAGATG_004,5
TGGATTGGGAAAGAAAGATG_005,49
TGGATTGGGAAAGAAAGATG_006,2
GCTCCAAACAGCACAGACGG_001,118
GCTCCAAACAGCACAGACGG_002,8
GCTCCAAACAGCACAGACGG_003,98
GCTCCAAACAGCACAGACGG_004,33
GCTCCAAACAGCACAGACGG_005,12
GCTCCAAACAGCACAGACGG_006,102
GCTCCAAACAGCACAGACGG_007,130
GCTCCAAACAGCACAGACGG_008,128
GCTCCAAACAGCACAGACGG_009,120
GCTCCAAACAGCACAGACGG_010,185
GCAAGGAACAGGTCTAAGAC_001,196
GCAAGGAACAGGTCTAAGAC_002,102
GCAAGGAACAGGTCTAAGAC_003,137
GCAAGGAACAGGTCTAAGAC_004,47
GCAAGGAACAGGTCTAAGAC_005,152
GCAAGGAACAGGTCTAAGAC_006,127
GCAAGGAACAGGTCTAAGAC_007,23
GCAAGGAACAGGTCTAAGAC_008,161
GCAAGGAACAGGTCTAAGAC_009,121
GCAAGGAACAGGTCTAAGAC_010,43
GCAAGGAACAGGTCTAAGAC_011,111
GTATGGTCTTGAGAGCTAGT_001,12
GTATGGTCTTGAGAGCTAGT_002,31
GTATGGTCTTGAGAGCTAGT_003,182
GTATGGTCTTGAGAGCTAGT_004,160
GTATGGTCTTGAGAGCTAGT_005,110
GTATGGTCTTGAGAGCTAGT_006,156
GTATGGTCTTGAGAGCTAGT_007,84
GTATGGTCTTGAGAGCTAGT_008,187
GTATGGTCTTGAGAGCTAGT_009,18
GTATGGTCTTGAGAGCTAGT_010,81
ACAGGTCCGAGTCATCACAC_001,172
ACAGGTCCGAGTCATCACAC_002,1
ACAGGTCCGAGTCATCACAC_003,19
ACAGGTCCGAGTCATCACAC_004,169
ACAGGTCCGAGTCATCACAC_005,149
ACAGGTCCGAGTCATCACAC_006,194
ACAGGTCCGAGTCATCACAC_007,169
ACAGGTCCGAGTCATCACAC_008,130
ACAGGTCCGAGTCATCACAC_009,186
ACAGGTCCGAGTCATCACAC_010,88
ACAGGTCCGAGTCATCACAC_011,16
ACAGGTCCGAGTCATCACAC_012,84
ACAGGTCCGAGTCATCACAC_013,130
ACAGGTCCGAGTCATCACAC_014,9
ACAGGTCCGAGTCATCACAC_015,62
ACAGGTCCGAGTCATCACAC_016,0
ACAGGTCCGAGTCATCACAC_017,156
ACAGGTCCGAGTCATCACAC_018,121
ACAGGTCCGAGTCATCACAC_019,119
ACAGGTCCGAGTCATCACAC_020,94
ACAGGTCCGAGTCATCACAC_021,96
ACAGGTCCGAGTCATCACAC_022,106
ACAGGTCCGAGTCATCACAC_023,175
ACAGGTCCGAGTCATCACAC_024,176
ACAGGTCCGAGTCATCACAC_025,40
ACAGGTCCGAGTCATCACAC_026,53
ACAGGTCCGAGTCATCACAC_027,136
ACAGGTCCGAGTCATCACAC_028,108
ACAGGTCCGAGTCATCACAC_029,103
ACAGGTCCGAGTCATCACAC_030,78
ACAGGTCCGAGTCATCACAC_031,198
ACAGGTCCGAGTCATCACAC_032,197
CACCAGCTGACTGGTTACCG_001,140
CACCAGCTGACTGGTTACCG_002,70
CACCAGCTGACTGGTTACCG_003,52
CACCAGCTGACTGGTTACCG_004,141
CACCAGCTGACTGGTTACCG_005,147
CACCAGCTGACTGGTTACCG_006,198
CACCAGCTGACTGGTTACCG_007,58
CACCAGCTGACTGGTTACCG_008,56
CACCAGCTGACTGGTTACCG_009,65
CACCAGCTGACTGGTTACCG_010,28
CACCAGCTGACTGGTTACCG_011,68
TTTGTCAAATGACTGAGCCC_001,116
TTTGTCAAATGACTGAGCCC_002,41
TTTGTCAAATGACTGAGCCC_003,39
GCCACCACTTATGGGAAACG_001,55
GCCACCACTTATGGGAAACG_002,130
GCCACCACTTATGGGAAACG_003,178
GCCACCACTTATGGGAAACG_004,80
GCCACCACTTATGGGAAACG_005,130
GCCACCACTTATGGGAAACG_006,169
GCCACCACTTATGGGAAACG_007,134
GCCACCACTTATGGGAAACG_008,188
CAGCGGAGACTTATGTAGGA_001,122
CAGCGGAGACTTATGTAGGA_002,146
CAGCGGAGACTTATGTAGGA_003,69
CAGCGGAGACTTATGTAGGA_004,29
CAGCGGAGACTTATGTAGGA_005,62
CAGCGGAGACTTATGTAGGA_006,48
CAGCGGAGACTTATGTAGGA_007,55
CAGCGGAGACTTATGTAGGA_008,134
CAGCGGAGACTTATGTAGGA_009,20
CAGCGGAGACTTATGTAGGA_010,3
CAGCGGAGACTTATGTAGGA_011,175
CAGCGGAGACTTATGTAGGA_012,35
GTACAATTAGATTGGAGTGA_001,150
GTACAATTAGATTGGAGTGA_002,52
GTACAATTAGATTGGAGTGA_003,10
GTACAATTAGATTGGAGTGA_004,118
GTACAATTAGATTGGAGTGA_005,39
AGAGTCGCCAAAGAGCAATG_001,83
AGAGTCGCCAAAGAGCAATG_002,130
AGAGTCGCCAAAGAGCAATG_003,171
AGAGTCGCCAAAGAGCAATG_004,172
AGAGTCGCCAAAGAGCAATG_005,32
AGAGTCGCCAAAGAGCAATG_006,54
AGAGTCGCCAAAGAGCAATG_007,112
AGAGTCGCCAAAGAGCAATG_008,28
AGAGTCGCCAAAGAGCAATG_009,10
AGAGTCGCCAAAGAGCAATG_010,21
AGAGTCGCCAAAGAGCAATG_011,97
AGAGTCGCCAAAGAGCAATG_012,78
AGAGTCGCCAAAGAGCAATG_013,48
AGAGTCGCCAAAGAGCAATG_014,170
AGAGTCGCCAAAGAGCAATG_015,184
AGAGTCGCCAAAGAGCAATG_016,17
AGAGTCGCCAAAGAGCAATG_017,113
AGAGTCGCCAAAGAGCAATG_018,88
AGAGTCGCCAAAGAGCAATG_019,187
AGAGTCGCCAAAGAGCAATG_020,160
AGAGTCGCCAAAGAGCAATG_021,26
AGAGTCGCCAAAGAGCAATG_022,31
AGAGTCGCCAAAGAGCAATG_023,104
AGAGTCGCCAAAGAGCAATG_024,191
AGAGTCGCCAAAGAGCAATG_025,28
AGAGTCGCCAAAGAGCAATG_026,138
AGAGTCGCCAAAGAGCAATG_027,34
AGAGTCGCCAAAGAGCAATG_028,19
AGAGTCGCCAAAGAGCAATG_029,29
AGAGTCGCCAAAGAGCAATG_030,63
AGAGTCGCCAAAGAGCAATG_031,103
CTACCGGCGGCAAGGCACCG_001,173
CTACCGGCGGCAAGGCACCG_002,120
CTACCGGCGGCAAGGCACCG_003,98
CTACCGGCGGCAAGGCACCG_004,154
CTACCGGCGGCAAGGCACCG_005,17
CTACCGGCGGCAAGGCACCG_006,98
CTACCGGCGGCAAGGCACCG_007,88
CTACCGGCGGCAAGGCACCG_008,14
CTACCGGCGGCAAGGCACCG_009,56
CTACCGGCGGCAAGGCACCG_010,36
CTACCGGCGGCAAGGCACCG_011,162
CTACCGGCGGCAAGGCACCG_012,44
CTACCGGCGGCAAGGCACCG_013,1
CTACCGGCGGCAAGGCACCG_014,33
CCAAACCACAGATCTGACGC_001,137
CCAAACCACAGATCTGACGC_002,191
CCAAACCACAGATCTGACGC_003,130
CCAAACCACAGATCTGACGC_004,145
CCAAACCACAGATCTGACGC_005,124
AGAGAATAAAACTGTGTCAG_001,106
AGAGAATAAAACTGTGTCAG_002,171
AGAGAATAAAACTGTGTCAG_003,16
AGAGAATAAAACTGTGTCAG_004,191
CCATTAGGTTATTTAACCGG_001,6
GCCCTGGACCCTGAACATCG_001,172
GCCCTGGACCCTGAACATCG_002,127
GCCCTGGACCCTGAACATCG_003,177
GCCCTGGACCCTGAACATCG_004,120
GCCCTGGACCCTGAACATCG_005,65
GCCCTGGACCCTGAACATCG_006,94
GCCCTGGACCCTGAACATCG_007,59
GCCCTGGACCCTGAACATCG_008,94
GCCCTGGACCCTGAACATCG_009,131
GCCCTGGACCCTGAACATCG_010,190
GCCCTGGACCCTGAACATCG_011,127
GCCCTGGACCCTGAACATCG_012,48
GCCCTGGACCCTGAACATCG_013,106
GCCCTGGACCCTGAACATCG_014,102
GCCCTGGACCCTGAACATCG_015,4
GCCTGCACGATGTCCACACG_001,94
GCCTGCACGATGTCCACACG_002,78
GCCTGCACGATGTCCACACG_003,57
GGCCCTCATCACCCGACCCG_001,42
GGCCCTCATCACCCGACCCG_002,169
GACTTGGATGCGTTCCACTC_001,43
GACTTGGATGCGTTCCACTC_002,75
GACTTGGATGCGTTCCACTC_003,126
GACTTGGATGCGTTCCACTC_004,171
GACTTGGATGCGTTCCACTC_005,118
GACTTGGATGCGTTCCACTC_006,157
CACCCAAGCTGGGTACCAAG_001,48
CACCCAAGCTGGGTACCAAG_002,102
CACCCAAGCTGGGTACCAAG_003,41
CACCCAAGCTGGGTACCAAG_004,59
CACCCAAGCTGGGTACCAAG_005,89
CACCCAAGCTGGGTACCAAG_006,54
CACCCAAGCTGGGTACCAAG_007,173
CACCCAAGCTGGGTACCAAG_008,76
CACCCAAGCTGGGTACCAAG_009,72
CACCCAAGCTGGGTACCAAG_010,113
CACCCAAGCTGGGTACCAAG_011,96
CACCCAAGCTGGGTACCAAG_012,162
CACCCAAGCTGGGTACCAAG_013,16
CACCCAAGCTGGGTACCAAG_014,182
CACCCAAGCTGGGTACCAAG_015,33
CACCCAAGCTGGGTACCAAG_016,19
CACCCAAGCTGGGTACCAAG_017,148
CACCCAAGCTGGGTACCAAG_018,20
ACCTGTCAGGTGAAACGCCA_001,98
ACCTGTCAGGTGAAACGCCA_002,15
ACCTGTCAGGTGAAACGCCA_003,121
ACCTGTCAGGTGAAACGCCA_004,68
ACCTGTCAGGTGAAACGCCA_005,27
CTGGGTGACTGTGCGCACCC_001,15
AGAGGTCCCGTTTCACTGCG_001,84
AGAGGTCCCGTTTCACTGCG_002,77
AGAGGTCCCGTTTCACTGCG_003,29
AGAGGTCCCGTTTCACTGCG_004,176
AGAGGTCCCGTTTCACTGCG_005,2
AGAGGTCCCGTTTCACTGCG_006,198
AGAGGTCCCGTTTCACTGCG_007,174
AGAGGTCCCGTTTCACTGCG_008,174
AGAGGTCCCGTTTCACTGCG_009,175
AGAGGTCCCGTTTCACTGCG_010,149
AGAGGTCCCGTTTCACTGCG_011,11
AGAGGTCCCGTTTCACTGCG_012,28
AGAGGTCCCGTTTCACTGCG_013,114
AGAGGTCCCGTTTCACTGCG_014,29
AGAGGTCCCGTTTCACTGCG_015,25
AGAGGTCCCGTTTCACTGCG_016,96
AGAGGTCCCGTTTCACTGCG_017,188
AGAGGTCCCGTTTCACTGCG_018,49
AGAGGTCCCGTTTCACTGCG_019,199
AGAGGTCCCGTTTCACTGCG_020,79
AGAGGTCCCGTTTCACTGCG_021,165
AGAGGTCCCGTTTCACTGCG_022,71
AGAGGTCCCGTTTCACTGCG_023,60
AGAGGTCCCGTTTCACTGCG_024,14
AGAGGTCCCGTTTCACTGCG_025,17
CCTGTGGAAGGCGATACACA_001,119
CCTGTGGAAGGCGATACACA_002,116
CCTGTGGAAGGCGATACACA_003,183
CCTGTGGAAGGCGATACACA_004,49
CCTGTGGAAGGCGATACACA_005,155
CCAGCATAAAAACCACAACA_001,104
CCAGCATAAAAACCACAACA_002,72
CCAGCATAAAAACCACAACA_003,41
CCAGCATAAAAACCACAACA_004,9
CCAGCATAAAAACCACAACA_005,56
CCAGCATAAAAACCACAACA_006,62
CCAGCATAAAAACCACAACA_007,65
CCAGCATAAAAACCACAACA_008,169
CCAGCATAAAAACCACAACA_009,108
CCAGCATAAAAACCACAACA_010,50
CCAGCATAAAAACCACAACA_011,121
CCAGCATAAAAACCACAACA_012,63
CCAGCATAAAAACCACAACA_013,8
CCAGCATAAAAACCACAACA_014,11
CAGGTGAGCCTGAGAGTCCA_001,29
CAGGTGAGCCTGAGAGTCCA_002,2
CAGGTGAGCCTGAGAGTCCA_003,65
CAGGTGAGCCTGAGAGTCCA_004,176
CAGGTGAGCCTGAGAGTCCA_005,24
CAGGTGAGCCTGAGAGTCCA_006,184
CAGGTGAGCCTGAGAGTCCA_007,199
GGTGCAGGAGTGGTACCCCA_001,130
GGTGCAGGAGTGGTACCCCA_002,21
GGTGCAGGAGTGGTACCCCA_003,169
GGTGCAGGAGTGGTACCCCA_004,186
GGTGCAGGAGTGGTACCCCA_005,67
GGTGCAGGAGTGGTACCCCA_006,127
GGTGCAGGAGTGGTACCCCA_007,146
GGTGCAGGAGTGGTACCCCA_008,30
GGTGCAGGAGTGGTACCCCA_009,119
GGTGCAGGAGTGGTACCCCA_010,199
GGTGCAGGAGTGGTACCCCA_011,177
GGTGCAGGAGTGGTACCCCA_012,73
GGTGCAGGAGTGGTACCCCA_013,179
GGTGCAGGAGTGGTACCCCA_014,179
GGTGCAGGAGTGGTACCCCA_015,179
GGTGCAGGAGTGGTACCCCA_016,153
GGTGCAGGAGTGGTACCCCA_017,36
GGTGCAGGAGTGGTACCCCA_018,1
GGTGCAGGAGTGGTACCCCA_019,83
GGTGCAGGAGTGGTACCCCA_020,110
GAATGGCCACAGGAGGATCG_001,47
GAATGGCCACAGGAGGATCG_002,111
GAATGGCCACAGGAGGATCG_003,108
GAATGGCCACAGGAGGATCG_004,134
GAATGGCCACAGGAGGATCG_005,94
GAATGGCCACAGGAGGATCG_006,22
GAATGGCCACAGGAGGATCG_007,147
GAATGGCCACAGGAGGATCG_008,100
GAATGGCCACAGGAGGATCG_009,108
GAATGGCCACAGGAGGATCG_010,178
TTTAATGTTGAACACGCTAT_001,23
TTTAATGTTGAACACGCTAT_002,148
TTTAATGTTGAACACGCTAT_003,70
TTTAATGTTGAACACGCTAT_004,37
GTAAACCACGCAAACTTCGA_001,76
GTAAACCACGCAAACTTCGA_002,108
GTAAACCACGCAAACTTCGA_003,124
GTAAACCACGCAAACTTCGA_004,198
GTAAACCACGCAAACTTCGA_005,144
CCGCGGCCGTGGAAAAGCGG_001,81
CCGCGGCCGTGGAAAAGCGG_002,122
CCGCGGCCGTGGAAAAGCGG_003,133
CCGCGGCCGTGGAAAAGCGG_004,112
CCGCGGCCGTGGAAAAGCGG_005,44
CCGCGGCCGTGGAAAAGCGG_006,141
TCCTTCGTGAGCACAGCATA_001,168
TCCTTCGTGAGCACAGCATA_002,27
TCCTTCGTGAGCACAGCATA_003,15
TCCTTCGTGAGCACAGCATA_004,16
TCCTTCGTGAGCACAGCATA_005,134
TCCTTCGTGAGCACAGCATA_006,61
TCCTTCGTGAGCACAGCATA_007,88
ACCGGTGATTTGAGTGACAA_001,191
ACCGGTGATTTGAGTGACAA_002,112
ACCGGTGATTTGAGTGACAA_003,114
ACCGGTGATTTGAGTGACAA_004,19
ACCGGTGATTTGAGTGACAA_005,179
ACCGGTGATTTGAGTGACAA_006,148
ACCGGTGATTTGAGTGACAA_007,120
ACCGGTGATTTGAGTGACAA_008,121
ACCGGTGATTTGAGTGACAA_009,6
ACCGGTGATTTGAGTGACAA_010,161
ACCGGTGATTTGAGTGACAA_011,178
ACCGGTGATTTGAGTGACAA_012,167
AGCTTGAGAAAAGTCTCCGG_001,88
AGCTTGAGAAAAGTCTCCGG_002,98
AGCTTGAGAAAAGTCTCCGG_003,145
AGCTTGAGAAAAGTCTCCGG_004,7
AGCTTGAGAAAAGTCTCCGG_005,127
AGCTTGAGAAAAGTCTCCGG_006,16
AGGGCAATGGCTTCGTACAA_001,28
AGTGGCCACGGACGCTCCTA_001,172
AGTGGCCACGGACGCTCCTA_002,196
AGTGGCCACGGACGCTCCTA_003,82
AGTGGCCACGGACGCTCCTA_004,143
AGTGGCCACGGACGCTCCTA_005,105
AGTGGCCACGGACGCTCCTA_006,122
AGTGGCCACGGACGCTCCTA_007,5
AGTGGCCACGGACGCTCCTA_008,76
AGTGGCCACGGACGCTCCTA_009,83
AGTGGCCACGGACGCTCCTA_010,163
CAAAATGATGGATTCCTGTG_001,23
CAAAATGATGGATTCCTGTG_002,131
CAAAATGATGGATTCCTGTG_003,166
CAAAATGATGGATTCCTGTG_004,52
CAAAATGATGGATTCCTGTG_005,127
CAAAATGATGGATTCCTGTG_006,2
CAAAATGATGGATTCCTGTG_007,175
CAAAATGATGGATTCCTGTG_008,88
CTAATTACTTGTACCTATCG_001,144
TGGAGAAGTAGTACCACCAG_001,39
TGGAGAAGTAGTACCACCAG_002,183
TGGAGAAGTAGTACCACCAG_003,10
TGCGCCAAATGCGTTCAGAG_001,49
TGCGCCAAATGCGTTCAGAG_002,23
TGCGCCAAATGCGTTCAGAG_003,5
TGCGCCAAATGCGTTCAGAG_004,102
TGCGCCAAATGCGTTCAGAG_005,127
CAGGCCCAATAGGAAACGTG_001,149
CAGGCCCAATAGGAAACGTG_002,190
CAGGCCCAATAGGAAACGTG_003,147
CAGGCCCAATAGGAAACGTG_004,43
CAGGCCCAATAGGAAACGTG_005,160
CCACCCCATCAAGAGATCGG_001,68
CCACCCCATCAAGAGATCGG_002,56
CCACCCCATCAAGAGATCGG_003,28
CCACCCCATCAAGAGATCGG_004,181
CCACCCCATCAAGAGATCGG_005,107
CCACCCCATCAAGAGATCGG_006,130
CCACCCCATCAAGAGATCGG_007,2
CCACCCCATCAAGAGATCGG_008,80
CCACCCCATCAAGAGATCGG_009,180
CCACCCCATCAAGAGATCGG_010,80
CCACCCCATCAAGAGATCGG_011,157
CCACCCCATCAAGAGATCGG_012,177
CCACCCCATCAAGAGATCGG_013,38
CCACCCCATCAAGAGATCGG_014,119
CCACCCCATCAAGAGATCGG_015,125
CCACCCCATCAAGAGATCGG_016,135
CCACCCCATCAAGAGATCGG_017,104
CCACCCCATCAAGAGATCGG_018,43
CCACCCCATCAAGAGATCGG_019,108
CCACCCCATCAAGAGATCGG_020,174
CCACCCCATCAAGAGATCGG_021,96
CCACCCCATCAAGAGATCGG_022,198
CCACCCCATCAAGAGATCGG_023,164
CCACCCCATCAAGAGATCGG_024,102
CCACCCCATCAAGAGATCGG_025,8
CCACCCCATCAAGAGATCGG_026,30
CGTGTTGGCCAAGACTACAG_001,94
CGTGTTGGCCAAGACTACAG_002,141
CGTGTTGGCCAAGACTACAG_003,36
CGTGTTGGCCAAGACTACAG_004,178
CGTGTTGGCCAAGACTACAG_005,148
CGTGTTGGCCAAGACTACAG_006,174
CGTGTTGGCCAAGACTACAG_007,184
CGTGTTGGCCAAGACTACAG_008,41
CGTGTTGGCCAAGACTACAG_009,94
CGTGTTGGCCAAGACTACAG_010,177
CGTGTTGGCCAAGACTACAG_011,81
CGTGTTGGCCAAGACTACAG_012,175
CGTGTTGGCCAAGACTACAG_013,169
CGTGTTGGCCAAGACTACAG_014,70
CGTGTTGGCCAAGACTACAG_015,115
CGTGTTGGCCAAGACTACAG_016,70
CGTGTTGGCCAAGACTACAG_017,61
CGTGTTGGCCAAGACTACAG_018,148
CGTGTTGGCCAAGACTACAG_019,124
CTCCACTGGCCAATGCAAGA_001,124
CTCCACTGGCCAATGCAAGA_002,77
CTCCACTGGCCAATGCAAGA_003,144
CTCCACTGGCCAATGCAAGA_004,174
CTCCACTGGCCAATGCAAGA_005,199
CTCCACTGGCCAATGCAAGA_006,147
CTCCACTGGCCAATGCAAGA_007,72
CTCCACTGGCCAATGCAAGA_008,63
CTCCACTGGCCAATGCAAGA_009,63
CTCCACTGGCCAATGCAAGA_010,170
CTCCACTGGCCAATGCAAGA_011,158
CTCCACTGGCCAATGCAAGA_012,156
GCCTCACAGAAGGACCTACA_001,29
GCCTCACAGAAGGACCTACA_002,60
GCCTCACAGAAGGACCTACA_003,184
GCCTCACAGAAGGACCTACA_004,169
GCCTCACAGAAGGACCTACA_005,118
GCCTCACAGAAGGACCTACA_006,199
GCCTCACAGAAGGACCTACA_007,177
GCCTCACAGAAGGACCTACA_008,127
GCCTCACAGAAGGACCTACA_009,145
GCCTCACAGAAGGACCTACA_010,41
GCCTCACAGAAGGACCTACA_011,161
GCCTCACAGAAGGACCTACA_012,92
GCCTCACAGAAGGACCTACA_013,141
GCCTCACAGAAGGACCTACA_014,41
GCCTCACAGAAGGACCTACA_015,29
GCCTCACAGAAGGACCTACA_016,144
GCCTCACAGAAGGACCTACA_017,145
GCCTCACAGAAGGACCTACA_018,92
GCCTCACAGAAGGACCTACA_019,85
GCCTCACAGAAGGACCTACA_020,25
GCCTCACAGAAGGACCTACA_021,44
GCCTCACAGAAGGACCTACA_022,56
GCCTCACAGAAGGACCTACA_023,19
GCCTCACAGAAGGACCTACA_024,77
GCCTCACAGAAGGACCTACA_025,166
GCCTCACAGAAGGACCTACA_026,124
GCCTCACAGAAGGACCTACA_027,167
GCCTCACAGAAGGACCTACA_028,22
GCCTCACAGAAGGACCTACA_029,52
ACACCATCAGCAAGTTCCGG_001,173
ACACCATCAGCAAGTTCCGG_002,188
ACACCATCAGCAAGTTCCGG_003,162
ACACCATCAGCAAGTTCCGG_004,181
ACACCATCAGCAAGTTCCGG_005,28
ACACCATCAGCAAGTTCCGG_006,60
AAAGGGCTAGAGTTCTCCGA_001,168
AAAGGGCTAGAGTTCTCCGA_002,189
AAAGGGCTAGAGTTCTCCGA_003,149
AAAGGGCTAGAGTTCTCCGA_004,155
AAAGGGCTAGAGTTCTCCGA_005,155
AAAGGGCTAGAGTTCTCCGA_006,137
AAAGGGCTAGAGTTCTCCGA_007,43
GAAATATTAAAGAAGCTGCA_001,95
GGTGTACCTGACCAGACAAG_001,191
GGTGTACCTGACCAGACAAG_002,70
GGTGTACCTGACCAGACAAG_003,78
GGTGTACCTGACCAGACAAG_004,43
GGTGTACCTGACCAGACAAG_005,134
GGTGTACCTGACCAGACAAG_006,134
GGTGTACCTGACCAGACAAG_007,141
GGTGTACCTGACCAGACAAG_008,110
GGTGTACCTGACCAGACAAG_009,88
GGTGTACCTGACCAGACAAG_010,58
GGTGTACCTGACCAGACAAG_011,44
GGTGTACCTGACCAGACAAG_012,148
GGTGTACCTGACCAGACAAG_013,148
GGTGTACCTGACCAGACAAG_014,14
GGTGTACCTGACCAGACAAG_015,179
GGTGTACCTGACCAGACAAG_016,26
GGTGTACCTGACCAGACAAG_017,97
GGTGTACCTGACCAGACAAG_018,113
GGTGTACCTGACCAGACAAG_019,78
GGTGTACCTGACCAGACAAG_020,129
GGTGTACCTGACCAGACAAG_021,180
GGTGTACCTGACCAGACAAG_022,166
GGTGTACCTGACCAGACAAG_023,30
GGTGTACCTGACCAGACAAG_024,138
GGTGTACCTGACCAGACAAG_025,166
TACTGCATGACACATGATGA_001,187
TACTGCATGACACATGATGA_002,190
TACTGCATGACACATGATGA_003,115
TACTGCATGACACATGATGA_004,53
TACTGCATGACACATGATGA_005,2
TACTGCATGACACATGATGA_006,74
TTCCATCCTACGCTCCGATG_001,184
TTCCATCCTACGCTCCGATG_002,70
TTCCATCCTACGCTCCGATG_003,178
TTCCATCCTACGCTCCGATG_004,15
TTCCATCCTACGCTCCGATG_005,83
TTTAGTCGCTCCATACCACC_001,105
TTTAGTCGCTCCATACCACC_002,80
TTTAGTCGCTCCATACCACC_003,0
TTTAGTCGCTCCATACCACC_004,142
TTTAGTCGCTCCATACCACC_005,188
TTTAGTCGCTCCATACCACC_006,77
CATCCACAATCGAGTGTGAG_001,12
CATCCACAATCGAGTGTGAG_002,88
CATCCACAATCGAGTGTGAG_003,127
CATCCACAATCGAGTGTGAG_004,108
CATCCACAATCGAGTGTGAG_005,177
CATCCACAATCGAGTGTGAG_006,26
CATCCACAATCGAGTGTGAG_007,28
CATCCACAATCGAGTGTGAG_008,50
CATCCACAATCGAGTGTGAG_009,43
ATTGTATGGATGGAGTCGAG_001,184
ATTGTATGGATGGAGTCGAG_002,50
ATTGTATGGATGGAGTCGAG_003,51
ATTGTATGGATGGAGTCGAG_004,145
ATTGTATGGATGGAGTCGAG_005,169
ATTGTATGGATGGAGTCGAG_006,112
ATTGTATGGATGGAGTCGAG_007,8
ATTGTATGGATGGAGTCGAG_008,34
ATTGTATGGATGGAGTCGAG_009,199
ATTGTATGGATGGAGTCGAG_010,166
ATTGTATGGATGGAGTCGAG_011,34
ATTGTATGGATGGAGTCGAG_012,104
ATTGTATGGATGGAGTCGAG_013,116
ATTGTATGGATGGAGTCGAG_014,4
ATTGTATGGATGGAGTCGAG_015,147
ATTGTATGGATGGAGTCGAG_016,22
ATTGTATGGATGGAGTCGAG_017,151
ATTGTATGGATGGAGTCGAG_018,51
CCCGTGACATGGCCAATCAA_001,97
CCCGTGACATGGCCAATCAA_002,94
CCCGTGACATGGCCAATCAA_003,56
CCCGTGACATGGCCAATCAA_004,17
CCCGTGACATGGCCAATCAA_005,23
CCCGTGACATGGCCAATCAA_006,26
CCCGTGACATGGCCAATCAA_007,49
CCCGTGACATGGCCAATCAA_008,19
CCCGTGACATGGCCAATCAA_009,55
CCCGTGACATGGCCAATCAA_010,4
CCCGTGACATGGCCAATCAA_011,82
CCCGTGACATGGCCAATCAA_012,1
CCCGTGACATGGCCAATCAA_013,150
CCCGTGACATGGCCAATCAA_014,83
CCCGTGACATGGCCAATCAA_015,141
CCCGTGACATGGCCAATCAA_016,81
CCCGTGACATGGCCAATCAA_017,104
CCCGTGACATGGCCAATCAA_018,147
CCCGTGACATGGCCAATCAA_019,69
CCCGTGACATGGCCAATCAA_020,45
CCCGTGACATGGCCAATCAA_021,196
CCCGTGACATGGCCAATCAA_022,106
CCCGTGACATGGCCAATCAA_023,102
CACAGCTGTTCCTTCCCAGT_001,90
CACAGCTGTTCCTTCCCAGT_002,37
CACAGCTGTTCCTTCCCAGT_003,121
CACAGCTGTTCCTTCCCAGT_004,139
CACAGCTGTTCCTTCCCAGT_005,160
CACAGCTGTTCCTTCCCAGT_006,157
CACAGCTGTTCCTTCCCAGT_007,154
CACAGCTGTTCCTTCCCAGT_008,185
CACAGCTGTTCCTTCCCAGT_009,4
CACAGCTGTTCCTTCCCAGT_010,81
CACAGCTGTTCCTTCCCAGT_011,63
CACAGCTGTTCCTTCCCAGT_012,180
TCGCCGTCCCAGATGGAGCG_001,6
TCGCCGTCCCAGATGGAGCG_002,106
TCGCCGTCCCAGATGGAGCG_003,141
TCGCCGTCCCAGATGGAGCG_004,105
TCGCCGTCCCAGATGGAGCG_005,113
TCGCCGTCCCAGATGGAGCG_006,82
TCGCCGTCCCAGATGGAGCG_007,74
TCGCCGTCCCAGATGGAGCG_008,134
TCGCCGTCCCAGATGGAGCG_009,2
TCGCCGTCCCAGATGGAGCG_010,58
TCGCCGTCCCAGATGGAGCG_011,9
TCGCCGTCCCAGATGGAGCG_012,9
TCGCCGTCCCAGATGGAGCG_013,183
TCGCCGTCCCAGATGGAGCG_014,84
TCGCCGTCCCAGATGGAGCG_015,13
TCGCCGTCCCAGATGGAGCG_016,158
TCGCCGTCCCAGATGGAGCG_017,22
TCGCCGTCCCAGATGGAGCG_018,28
TCTTGTGTTGAGTAAGGTAT_001,53
TCTTGTGTTGAGTAAGGTAT_002,148
TCTTGTGTTGAGTAAGGTAT_003,181
TCTTGTGTTGAGTAAGGTAT_004,151
TTTCAGCCCCAACGGCGAGA_001,167
TTTCAGCCCCAACGGCGAGA_002,148
TTTCAGCCCCAACGGCGAGA_003,41
TTTCAGCCCCAACGGCGAGA_004,175
TTTCAGCCCCAACGGCGAGA_005,62
TTTCAGCCCCAACGGCGAGA_006,197
TTTCAGCCCCAACGGCGAGA_007,162
CACACAGTCCCCAATCCAGT_001,56
CACACAGTCCCCAATCCAGT_002,57
CACACAGTCCCCAATCCAGT_003,60
CACACAGTCCCCAATCCAGT_004,145
CACACAGTCCCCAATCCAGT_005,51
CACACAGTCCCCAATCCAGT_006,54
CACACAGTCCCCAATCCAGT_007,108
CACACAGTCCCCAATCCAGT_008,97
CACACAGTCCCCAATCCAGT_009,163
CACACAGTCCCCAATCCAGT_010,139
CACACAGTCCCCAATCCAGT_011,194
CACACAGTCCCCAATCCAGT_012,184
CACACAGTCCCCAATCCAGT_013,96
ACTTCCCCGACTATCACAAG_001,123
ACTTCCCCGACTATCACAAG_002,10
ACTTCCCCGACTATCACAAG_003,35
ACCTGCCATGAAGATAGACT_001,78
ACCTGCCATGAAGATAGACT_002,107
ACCTGCCATGAAGATAGACT_003,74
ACCTGCCATGAAGATAGACT_004,172
ACCTGCCATGAAGATAGACT_005,151
ACCTGCCATGAAGATAGACT_006,144
GCACGGTGCCTGATACGTAG_001,6
GCACGGTGCCTGATACGTAG_002,7
GCACGGTGCCTGATACGTAG_003,121
GCACGGTGCCTGATACGTAG_004,145
TCAACTGGGACAGCTCGCAG_001,188
TCAACTGGGACAGCTCGCAG_002,18
TCAACTGGGACAGCTCGCAG_003,191
TCAACTGGGACAGCTCGCAG_004,19
TCAACTGGGACAGCTCGCAG_005,111
TCAACTGGGACAGCTCGCAG_006,43
TCAACTGGGACAGCTCGCAG_007,39
TCAACTGGGACAGCTCGCAG_008,91
TCAACTGGGACAGCTCGCAG_009,9
TCAACTGGGACAGCTCGCAG_010,16
TCAACTGGGACAGCTCGCAG_011,103
TCAACTGGGACAGCTCGCAG_012,48
TCAACTGGGACAGCTCGCAG_013,2
TCAACTGGGACAGCTCGCAG_014,107
TCAACTGGGACAGCTCGCAG_015,160
TCAACTGGGACAGCTCGCAG_016,90
TCAACTGGGACAGCTCGCAG_017,18
GAATTCTAGTGTGTTGTGTG_001,191
GAATTCTAGTGTGTTGTGTG_002,111
GAATTCTAGTGTGTTGTGTG_003,111
GAATTCTAGTGTGTTGTGTG_004,2
GAATTCTAGTGTGTTGTGTG_005,110
GAATTCTAGTGTGTTGTGTG_006,60
GAATTCTAGTGTGTTGTGTG_007,176
GAATTCTAGTGTGTTGTGTG_008,190
GAATTCTAGTGTGTTGTGTG_009,58
GAATTCTAGTGTGTTGTGTG_010,184
GAATTCTAGTGTGTTGTGTG_011,96
GAATTCTAGTGTGTTGTGTG_012,81
GAATTCTAGTGTGTTGTGTG_013,137
GAATTCTAGTGTGTTGTGTG_014,103
GAATTCTAGTGTGTTGTGTG_015,130
GAATTCTAGTGTGTTGTGTG_016,40
GAATTCTAGTGTGTTGTGTG_017,54
GAATTCTAGTGTGTTGTGTG_018,13
GAATTCTAGTGTGTTGTGTG_019,6
GAATTCTAGTGTGTTGTGTG_020,80
GAATTCTAGTGTGTTGTGTG_021,123
GAATTCTAGTGTGTTGTGTG_022,162
AAAGTAGTAGTGTCTTCTAG_001,5
AAAGTAGTAGTGTCTTCTAG_002,115
AAAGTAGTAGTGTCTTCTAG_003,145
AAAGTAGTAGTGTCTTCTAG_004,169
AAAGTAGTAGTGTCTTCTAG_005,102
AAAGTAGTAGTGTCTTCTAG_006,40
CAAGTGATAGACATTCCCCT_001,112
CAAGTGATAGACATTCCCCT_002,175
CAAGTGATAGACATTCCCCT_003,8
CAAGTGATAGACATTCCCCT_004,81
CAAGTGATAGACATTCCCCT_005,94
CAAGTGATAGACATTCCCCT_006,199
CAAGTGATAGACATTCCCCT_007,199
CAAGTGATAGACATTCCCCT_008,141
CAAGTGATAGACATTCCCCT_009,55
CAAGTGATAGACATTCCCCT_010,72
CAAGTGATAGACATTCCCCT_011,182
CAAGTGATAGACATTCCCCT_012,184
CAAGTGATAGACATTCCCCT_013,115
CAAGTGATAGACATTCCCCT_014,199
CAAGTGATAGACATTCCCCT_015,60
CAAGTGATAGACATTCCCCT_016,70
CAAGTGATAGACATTCCCCT_017,15
CAAGTGATAGACATTCCCCT_018,66
CTGGTGGGCGACAGGGACGT_001,139
CTGGTGGGCGACAGGGACGT_002,2
CTGGTGGGCGACAGGGACGT_003,169
CTGGTGGGCGACAGGGACGT_004,142
CTGGTGGGCGACAGGGACGT_005,42
CTGGTGGGCGACAGGGACGT_006,83
CTGGTGGGCGACAGGGACGT_007,15
CTGGTGGGCGACAGGGACGT_008,56
CTGGTGGGCGACAGGGACGT_009,1
CTGGTGGGCGACAGGGACGT_010,29
CTGGTGGGCGACAGGGACGT_011,194
CTGGTGGGCGACAGGGACGT_012,1
CTGGTGGGCGACAGGGACGT_013,17
CTGGTGGGCGACAGGGACGT_014,37
GGAGCTGAAAGAGTCCGCCG_001,27
GGAGCTGAAAGAGTCCGCCG_002,119
GGAGCTGAAAGAGTCCGCCG_003,181
GGAGCTGAAAGAGTCCGCCG_004,65
GGAGCTGAAAGAGTCCGCCG_005,170
GGAGCTGAAAGAGTCCGCCG_006,19
GGAGCTGAAAGAGTCCGCCG_007,88
GGAGCTGAAAGAGTCCGCCG_008,96
GGAGCTGAAAGAGTCCGCCG_009,169
CCTCCTGTAACACCCCAAGT_001,42
TCTAGTTGAAGTCACCCTGG_001,48
TCTAGTTGAAGTCACCCTGG_002,190
TCTAGTTGAAGTCACCCTGG_003,55
TCTAGTTGAAGTCACCCTGG_004,173
TCTAGTTGAAGTCACCCTGG_005,127
TCTAGTTGAAGTCACCCTGG_006,48
TCTAGTTGAAGTCACCCTGG_007,67
TCTAGTTGAAGTCACCCTGG_008,14
TCTAGTTGAAGTCACCCTGG_009,98
TCTAGTTGAAGTCACCCTGG_010,70
TCTAGTTGAAGTCACCCTGG_011,9
TCTAGTTGAAGTCACCCTGG_012,139
TCTAGTTGAAGTCACCCTGG_013,47
TCTAGTTGAAGTCACCCTGG_014,36
TCTAGTTGAAGTCACCCTGG_015,130
TCTAGTTGAAGTCACCCTGG_016,16
TCTAGTTGAAGTCACCCTGG_017,64
TCTAGTTGAAGTCACCCTGG_018,163
TCTAGTTGAAGTCACCCTGG_019,70
TCTAGTTGAAGTCACCCTGG_020,63
GAGGCTGGAGGAGATGATGT_001,193
GAGGCTGGAGGAGATGATGT_002,66
GAGGCTGGAGGAGATGATGT_003,153
GAGGCTGGAGGAGATGATGT_004,180
GAGGCTGGAGGAGATGATGT_005,106
GAGGCTGGAGGAGATGATGT_006,191
TCCTACCAGTACCAAGCCAG_001,107
TCCTACCAGTACCAAGCCAG_002,190
TCCTACCAGTACCAAGCCAG_003,105
TCCTACCAGTACCAAGCCAG_004,50
TCCTACCAGTACCAAGCCAG_005,139
TCCTACCAGTACCAAGCCAG_006,28
TCCTACCAGTACCAAGCCAG_007,149
TCCTACCAGTACCAAGCCAG_008,191
TCCTACCAGTACCAAGCCAG_009,138
TCCTACCAGTACCAAGCCAG_010,138
CCACATGCACGGCATCACTG_001,88
CCACATGCACGGCATCACTG_002,102
CCACATGCACGGCATCACTG_003,35
CCACATGCACGGCATCACTG_004,83
CCACATGCACGGCATCACTG_005,48
CCACATGCACGGCATCACTG_006,170
CCACATGCACGGCATCACTG_007,14
CCACATGCACGGCATCACTG_008,197
CCACATGCACGGCATCACTG_009,56
CCACATGCACGGCATCACTG_010,33
CCACATGCACGGCATCACTG_011,115
CCACATGCACGGCATCACTG_012,16
CCACATGCACGGCATCACTG_013,61
CCACATGCACGGCATCACTG_014,40
CCACATGCACGGCATCACTG_015,1
AAGGACAGGAACCAGAACCC_001,2
AAGGACAGGAACCAGAACCC_002,194
AAGGACAGGAACCAGAACCC_003,145
AAGGACAGGAACCAGAACCC_004,141
AAGGACAGGAACCAGAACCC_005,137
AAGGACAGGAACCAGAACCC_006,50
AAGGACAGGAACCAGAACCC_007,132
AAGGACAGGAACCAGAACCC_008,45
ATTATAGAATTCTGCACCGC_001,102
ATTATAGAATTCTGCACCGC_002,90
ATTATAGAATTCTGCACCGC_003,68
ATTATAGAATTCTGCACCGC_004,37
ATTATAGAATTCTGCACCGC_005,3
GAGAGGAATACGTCTAACAG_001,187
GGCCGGAACTACCTTCTCAC_001,115
GGCCGGAACTACCTTCTCAC_002,157
GGCCGGAACTACCTTCTCAC_003,192
GGCCGGAACTACCTTCTCAC_004,83
GGCCGGAACTACCTTCTCAC_005,79
GGCCGGAACTACCTTCTCAC_006,118
AATTGCTCCTTCATGACACG_001,41
AATTGCTCCTTCATGACACG_002,70
AATTGCTCCTTCATGACACG_003,184
AATTGCTCCTTCATGACACG_004,102
AATTGCTCCTTCATGACACG_005,115
AATTGCTCCTTCATGACACG_006,6
AATTGCTCCTTCATGACACG_007,16
AATTGCTCCTTCATGACACG_008,8
AATTGCTCCTTCATGACACG_009,146
AATTGCTCCTTCATGACACG_010,192
AATTGCTCCTTCATGACACG_011,60
AATTGCTCCTTCATGACACG_012,153
AATTGCTCCTTCATGACACG_013,41
AATTGCTCCTTCATGACACG_014,16
GTACAGGACTAACCTTCCAG_001,44
GTACAGGACTAACCTTCCAG_002,2
GTACAGGACTAACCTTCCAG_003,12
GTACAGGACTAACCTTCCAG_004,27
GTACAGGACTAACCTTCCAG_005,166
GTACAGGACTAACCTTCCAG_006,40
TGGCTCCCTTGAAGTACTCC_001,119
TGGCTCCCTTGAAGTACTCC_002,162
TGGCTCCCTTGAAGTACTCC_003,117
CCTGTCGGATACCGAGTGTG_001,192
CCTGTCGGATACCGAGTGTG_002,23
CCTGTCGGATACCGAGTGTG_003,92
CCTGTCGGATACCGAGTGTG_004,169
CCTGTCGGATACCGAGTGTG_005,116
CCTGTCGGATACCGAGTGTG_006,33
CCTGTCGGATACCGAGTGTG_007,10
CCTGTCGGATACCGAGTGTG_008,199
CCTGTCGGATACCGAGTGTG_009,108
CCTGTCGGATACCGAGTGTG_010,118
CCTGTCGGATACCGAGTGTG_011,46
CCTGTCGGATACCGAGTGTG_012,18
CCTGTCGGATACCGAGTGTG_013,141
CCTGTCGGATACCGAGTGTG_014,82
GCTTGGCACTTCAAACACGA_001,81
GCTTGGCACTTCAAACACGA_002,34
GCTTGGCACTTCAAACACGA_003,33
GCTTGGCACTTCAAACACGA_004,160
GCTTGGCACTTCAAACACGA_005,23
GCTTGGCACTTCAAACACGA_006,97
GCTTGGCACTTCAAACACGA_007,97
GCTTGGCACTTCAAACACGA_008,20
GCTTGGCACTTCAAACACGA_009,95
GCTTGGCACTTCAAACACGA_010,95
GCTTGGCACTTCAAACACGA_011,12
GCTTGGCACTTCAAACACGA_012,105
GCTTGGCACTTCAAACACGA_013,39
GCTTGGCACTTCAAACACGA_014,8
GCTTGGCACTTCAAACACGA_015,96
GCTTGGCACTTCAAACACGA_016,146
GCTTGGCACTTCAAACACGA_017,80
GCTTGGCACTTCAAACACGA_018,122
GCTTGGCACTTCAAACACGA_019,103
GCTTGGCACTTCAAACACGA_020,147
GCTTGGCACTTCAAACACGA_021,85
GCTTGGCACTTCAAACACGA_022,142
GACTACAACCACATCCATGG_001,0
GACTACAACCACATCCATGG_002,57
GACTACAACCACATCCATGG_003,190
GACTACAACCACATCCATGG_004,8
GACTACAACCACATCCATGG_005,103
GACTACAACCACATCCATGG_006,29
GACTACAACCACATCCATGG_007,107
GACTACAACCACATCCATGG_008,183
GACTACAACCACATCCATGG_009,16
GACTACAACCACATCCATGG_010,38
GACTACAACCACATCCATGG_011,103
GACTACAACCACATCCATGG_012,40
GACTACAACCACATCCATGG_013,77
GACTACAACCACATCCATGG_014,124
GACTACAACCACATCCATGG_015,69
GACTACAACCACATCCATGG_016,123
TGCCATTCAATGTTGCAGAG_001,172
TGCCATTCAATGTTGCAGAG_002,122
TGCCATTCAATGTTGCAGAG_003,28
TGCCATTCAATGTTGCAGAG_004,41
TGCCATTCAATGTTGCAGAG_005,16
TGCCATTCAATGTTGCAGAG_006,70
ATTGAACTGATGTTAGACAG_001,81
ATTGAACTGATGTTAGACAG_002,62
ATTGAACTGATGTTAGACAG_003,145
ATTGAACTGATGTTAGACAG_004,158
ATTGAACTGATGTTAGACAG_005,162
ATTGAACTGATGTTAGACAG_006,76
ATTGAACTGATGTTAGACAG_007,110
GTCAACACTGCTTAGTAACC_001,190
GTCAACACTGCTTAGTAACC_002,70
GTCAACACTGCTTAGTAACC_003,12
GTCAACACTGCTTAGTAACC_004,9
CCAGCAAGCCTCACCCATCG_001,25
CCAGCAAGCCTCACCCATCG_002,41
CCAGCAAGCCTCACCCATCG_003,199
CCAGCAAGCCTCACCCATCG_004,69
CCAGCAAGCCTCACCCATCG_005,97
CCAGCAAGCCTCACCCATCG_006,128
CCAGCAAGCCTCACCCATCG_007,53
CCAGCAAGCCTCACCCATCG_008,131
CCAGCAAGCCTCACCCATCG_009,121
CCAGCAAGCCTCACCCATCG_010,152
CCAGCAAGCCTCACCCATCG_011,39
CCAGCAAGCCTCACCCATCG_012,198
CCAGCAAGCCTCACCCATCG_013,19
CCAGCAAGCCTCACCCATCG_014,40
CTGAACCATTCAGCATGACG_001,159
CTGAACCATTCAGCATGACG_002,147
CTGAACCATTCAGCATGACG_003,170
CTGAACCATTCAGCATGACG_004,72
CTGAACCATTCAGCATGACG_005,97
CTGAACCATTCAGCATGACG_006,36
CTGAACCATTCAGCATGACG_007,28
AGGGCAGAGAGCTCCGCTAA_001,112
AGGGCAGAGAGCTCCGCTAA_002,190
AGGGCAGAGAGCTCCGCTAA_003,12
AGGGCAGAGAGCTCCGCTAA_004,77
AGGGCAGAGAGCTCCGCTAA_005,56
AGGGCAGAGAGCTCCGCTAA_006,162
AGGGCAGAGAGCTCCGCTAA_007,156
AGGGCAGAGAGCTCCGCTAA_008,198
AGGGCAGAGAGCTCCGCTAA_009,145
AGGGCAGAGAGCTCCGCTAA_010,165
AGGGCAGAGAGCTCCGCTAA_011,9
AGGGCAGAGAGCTCCGCTAA_012,58
AGGGCAGAGAGCTCCGCTAA_013,105
AGGGCAGAGAGCTCCGCTAA_014,58
AGGGCAGAGAGCTCCGCTAA_015,134
AGGGCAGAGAGCTCCGCTAA_016,121
AGGGCAGAGAGCTCCGCTAA_017,68
AGGGCAGAGAGCTCCGCTAA_018,105
AGGGCAGAGAGCTCCGCTAA_019,184
AGGGCAGAGAGCTCCGCTAA_020,177
AGGGCAGAGAGCTCCGCTAA_021,144
AGGGCAGAGAGCTCCGCTAA_022,188
AGGGCAGAGAGCTCCGCTAA_023,82
AGGGCAGAGAGCTCCGCTAA_024,11
AGGGCAGAGAGCTCCGCTAA_025,87
AGGGCAGAGAGCTCCGCTAA_026,170
AGGGCAGAGAGCTCCGCTAA_027,53
AGGGCAGAGAGCTCCGCTAA_028,29
CAAAGCCTTCTCCAAAACTG_001,189
CAAAGCCTTCTCCAAAACTG_002,172
CAAAGCCTTCTCCAAAACTG_003,173
GGTGGAAACATCATACCCGG_001,55
GGTGGAAACATCATACCCGG_002,154
GGTGGAAACATCATACCCGG_003,139
GGTGGAAACATCATACCCGG_004,162
GGTGGAAACATCATACCCGG_005,99
GGTGGAAACATCATACCCGG_006,77
GATGATAATGAATTTATACC_001,49
GATGATAATGAATTTATACC_002,8
GATGATAATGAATTTATACC_003,11
GTCCAAGAGGACTCTCCCGG_001,31
GTCCAAGAGGACTCTCCCGG_002,77
GTCCAAGAGGACTCTCCCGG_003,81
GTCCAAGAGGACTCTCCCGG_004,138
GTCCAAGAGGACTCTCCCGG_005,7
GTCCAAGAGGACTCTCCCGG_006,168
GTCCAAGAGGACTCTCCCGG_007,22
GTCCAAGAGGACTCTCCCGG_008,102
GTCCAAGAGGACTCTCCCGG_009,111
GTCCAAGAGGACTCTCCCGG_010,144
GTCCAAGAGGACTCTCCCGG_011,2
TCACAATCTGAGTGACTGGG_001,162
TCACAATCTGAGTGACTGGG_002,183
TCACAATCTGAGTGACTGGG_003,11
TCACAATCTGAGTGACTGGG_004,8
TCACAATCTGAGTGACTGGG_005,69
TCTGCTGAGAAACATCGAAG_001,148
TCTGCTGAGAAACATCGAAG_002,160
TCTGCTGAGAAACATCGAAG_003,60
GGAGGCATAGCACAGCACGT_001,22
GGAGGCATAGCACAGCACGT_002,147
GGAGGCATAGCACAGCACGT_003,155
GGAGGCATAGCACAGCACGT_004,48
GGAGGCATAGCACAGCACGT_005,198
GGAGGCATAGCACAGCACGT_006,12
GGAGGCATAGCACAGCACGT_007,171
GGAGGCATAGCACAGCACGT_008,8
AGCTCCTAGAGACTACAGAC_001,81
AGCTCCTAGAGACTACAGAC_002,107
AGCTCCTAGAGACTACAGAC_003,146
AGCTCCTAGAGACTACAGAC_004,163
GCGATTACAGCCGACCCCCG_001,80
GCGATTACAGCCGACCCCCG_002,60
GCGATTACAGCCGACCCCCG_003,148
GCGATTACAGCCGACCCCCG_004,60
GCGATTACAGCCGACCCCCG_005,152
GCGATTACAGCCGACCCCCG_006,3
GCGATTACAGCCGACCCCCG_007,104
GCGATTACAGCCGACCCCCG_008,30
GCGATTACAGCCGACCCCCG_009,55
GCGATTACAGCCGACCCCCG_010,2
GCGATTACAGCCGACCCCCG_011,97
GCGATTACAGCCGACCCCCG_012,3
GCGATTACAGCCGACCCCCG_013,166
GCGATTACAGCCGACCCCCG_014,47
GCGATTACAGCCGACCCCCG_015,30
CACCATGTACTCAAGACTAG_001,176
CACCATGTACTCAAGACTAG_002,74
CACCATGTACTCAAGACTAG_003,177
CACCATGTACTCAAGACTAG_004,145
CACCATGTACTCAAGACTAG_005,28
CACCATGTACTCAAGACTAG_006,142
CACCATGTACTCAAGACTAG_007,115
TTCAATGAAATCCAAAACAG_001,16
TTCAATGAAATCCAAAACAG_002,134
TTCAATGAAATCCAAAACAG_003,96
TTCAATGAAATCCAAAACAG_004,94
TTCAATGAAATCCAAAACAG_005,68
TTCAATGAAATCCAAAACAG_006,45
TTCAATGAAATCCAAAACAG_007,107
ACTGTTTCCTTGCAGAACGG_001,107
ACTGTTTCCTTGCAGAACGG_002,196
ACTGTTTCCTTGCAGAACGG_003,46
ACTGTTTCCTTGCAGAACGG_004,148
ACTGTTTCCTTGCAGAACGG_005,185
ACTGTTTCCTTGCAGAACGG_006,62
ACTGTTTCCTTGCAGAACGG_007,175
ACTGTTTCCTTGCAGAACGG_008,15
ACTGTTTCCTTGCAGAACGG_009,94
ACTGTTTCCTTGCAGAACGG_010,65
ACTGTTTCCTTGCAGAACGG_011,61
ACTGTTTCCTTGCAGAACGG_012,69
ACTGTTTCCTTGCAGAACGG_013,67
ACTGTTTCCTTGCAGAACGG_014,26
AGAGGATGAACCCACGCTTG_001,5
AGAGGATGAACCCACGCTTG_002,113
AGAGGATGAACCCACGCTTG_003,2
AGAGGATGAACCCACGCTTG_004,27
AGAGGATGAACCCACGCTTG_005,183
GTGAACAAAGAGAACGCCAA_001,12
GTGAACAAAGAGAACGCCAA_002,132
GTGAACAAAGAGAACGCCAA_003,150
GTGAACAAAGAGAACGCCAA_004,108
GTGAACAAAGAGAACGCCAA_005,40
GTGAACAAAGAGAACGCCAA_006,137
GTGAACAAAGAGAACGCCAA_007,91
GTGAACAAAGAGAACGCCAA_008,94
GTGAACAAAGAGAACGCCAA_009,45
GTGAACAAAGAGAACGCCAA_010,99
TGAGGCCATAGAGGACGGAT_001,160
TGAGGCCATAGAGGACGGAT_002,183
TGAGGCCATAGAGGACGGAT_003,11
TGAGGCCATAGAGGACGGAT_004,105
TGAGGCCATAGAGGACGGAT_005,145
TGAGGCCATAGAGGACGGAT_006,170
TGAGGCCATAGAGGACGGAT_007,127
TGAGGCCATAGAGGACGGAT_008,179
AAAACTGTAGGAACTAGTCC_001,42
CTTACCTACCTCAATCTGAG_001,48
CTTACCTACCTCAATCTGAG_002,129
CTTACCTACCTCAATCTGAG_003,159
CTTACCTACCTCAATCTGAG_004,68
TCACAGTACTCATGGTACAC_001,158
TCACAGTACTCATGGTACAC_002,88
TCACAGTACTCATGGTACAC_003,52
TCACAGTACTCATGGTACAC_004,127
TCACAGTACTCATGGTACAC_005,113
GTTCGACGAAGAGGGCAACG_001,48
GTTCGACGAAGAGGGCAACG_002,4
GTTCGACGAAGAGGGCAACG_003,135
GTTCGACGAAGAGGGCAACG_004,15
GTTCGACGAAGAGGGCAACG_005,77
GTTCGACGAAGAGGGCAACG_006,58
GGGTGCGCGTGTGCTTAAAG_001,148
GGGTGCGCGTGTGCTTAAAG_002,26
GGGTGCGCGTGTGCTTAAAG_003,152
GGGTGCGCGTGTGCTTAAAG_004,121
GGGTGCGCGTGTGCTTAAAG_005,84
GGGTGCGCGTGTGCTTAAAG_006,106
GGGTGCGCGTGTGCTTAAAG_007,52
AAGGCAGGTCAAGTGCTCTC_001,127
AAGGCAGGTCAAGTGCTCTC_002,41
AAGGCAGGTCAAGTGCTCTC_003,183
AAGGCAGGTCAAGTGCTCTC_004,24
AAGGCAGGTCAAGTGCTCTC_005,164
AAGGCAGGTCAAGTGCTCTC_006,177
AAGGCAGGTCAAGTGCTCTC_007,0
AAGGCAGGTCAAGTGCTCTC_008,124
AAGGCAGGTCAAGTGCTCTC_009,9
AAGGCAGGTCAAGTGCTCTC_010,73
AAGGCAGGTCAAGTGCTCTC_011,176
AAGGCAGGTCAAGTGCTCTC_012,36
AAGGCAGGTCAAGTGCTCTC_013,187
AAGGCAGGTCAAGTGCTCTC_014,37
AAGGCAGGTCAAGTGCTCTC_015,50
AAGGCAGGTCAAGTGCTCTC_016,175
AAGGCAGGTCAAGTGCTCTC_017,135
AAGGCAGGTCAAGTGCTCTC_018,182
AAGGCAGGTCAAGTGCTCTC_019,156
AAGGCAGGTCAAGTGCTCTC_020,198
AAGGCAGGTCAAGTGCTCTC_021,129
AAGGCAGGTCAAGTGCTCTC_022,121
AAGGCAGGTCAAGTGCTCTC_023,70
AAGGCAGGTCAAGTGCTCTC_024,147
AAGGCAGGTCAAGTGCTCTC_025,81
AAGGCAGGTCAAGTGCTCTC_026,142
AAGGCAGGTCAAGTGCTCTC_027,70
AAGGCAGGTCAAGTGCTCTC_028,136
AAGGCAGGTCAAGTGCTCTC_029,144
AAGGCAGGTCAAGTGCTCTC_030,58
AAGGCAGGTCAAGTGCTCTC_031,141
AAGGCAGGTCAAGTGCTCTC_032,157
AAGGCAGGTCAAGTGCTCTC_033,70
AAGGCAGGTCAAGTGCTCTC_034,65
AAGGCAGGTCAAGTGCTCTC_035,124
AAGGCAGGTCAAGTGCTCTC_036,66
AAGGCAGGTCAAGTGCTCTC_037,63
AAGGCAGGTCAAGTGCTCTC_038,63
AAGGCAGGTCAAGTGCTCTC_039,28
AAGGCAGGTCAAGTGCTCTC_040,19
AAGGCAGGTCAAGTGCTCTC_041,1
TACCTTGAAGAAATGGGTCA_001,50
TACCTTGAAGAAATGGGTCA_002,70
TACCTTGAAGAAATGGGTCA_003,130
TACCTTGAAGAAATGGGTCA_004,13
TTTATGCTTAGCAAAGTGTG_001,56
TTTATGCTTAGCAAAGTGTG_002,2
TTTATGCTTAGCAAAGTGTG_003,28
TTTATGCTTAGCAAAGTGTG_004,82
TTTATGCTTAGCAAAGTGTG_005,93
TTTATGCTTAGCAAAGTGTG_006,48
TTTATGCTTAGCAAAGTGTG_007,119
TTTATGCTTAGCAAAGTGTG_008,44
TTTATGCTTAGCAAAGTGTG_009,140
TTTATGCTTAGCAAAGTGTG_010,188
TTTATGCTTAGCAAAGTGTG_011,64
CCAGCCTACAGAGTCTGAGA_001,48
CCAGCCTACAGAGTCTGAGA_002,116
CCAGCCTACAGAGTCTGAGA_003,33
AGTGCCACTCGTACATTCAG_001,75
AGTGCCACTCGTACATTCAG_002,46
ATGAGTTTCTCCGCTATCTG_001,181
ATGAGTTTCTCCGCTATCTG_002,150
ATGAGTTTCTCCGCTATCTG_003,73
ATGAGTTTCTCCGCTATCTG_004,185
ATGAGTTTCTCCGCTATCTG_005,54
ATGAGTTTCTCCGCTATCTG_006,156
ATGAGTTTCTCCGCTATCTG_007,167
ATGAGTTTCTCCGCTATCTG_008,167
ATGAGTTTCTCCGCTATCTG_009,92
ATGAGTTTCTCCGCTATCTG_010,169
ATGAGTTTCTCCGCTATCTG_011,145
ATGAGTTTCTCCGCTATCTG_012,108
ATGAGTTTCTCCGCTATCTG_013,15
TCGGCACACCACATAATTTG_001,6
TCGGCACACCACATAATTTG_002,125
GAAAGGTTCCATGAGAGACA_001,167
GAAAGGTTCCATGAGAGACA_002,130
GAAAGGTTCCATGAGAGACA_003,67
AAGACCAAGACATTTGGAGG_001,199
AAGACCAAGACATTTGGAGG_002,188
AAGACCAAGACATTTGGAGG_003,184
AAGACCAAGACATTTGGAGG_004,91
AAGACCAAGACATTTGGAGG_005,21
AAGACCAAGACATTTGGAGG_006,12
AAGACCAAGACATTTGGAGG_007,177
CTCACCAGATCACTGACAAG_001,98
CTCACCAGATCACTGACAAG_002,88
CTCACCAGATCACTGACAAG_003,184
CTCACCAGATCACTGACAAG_004,62
CTCACCAGATCACTGACAAG_005,156
CTCACCAGATCACTGACAAG_006,179
CTCACCAGATCACTGACAAG_007,32
CTCACCAGATCACTGACAAG_008,44
CTCACCAGATCACTGACAAG_009,150
CTCACCAGATCACTGACAAG_010,19
CTCACCAGATCACTGACAAG_011,146
CTCACCAGATCACTGACAAG_012,65
CTCACCAGATCACTGACAAG_013,180
CTCACCAGATCACTGACAAG_014,39
CTCACCAGATCACTGACAAG_015,41
TAGCAAGGGAAAGAGGAAAG_001,16
TAGCAAGGGAAAGAGGAAAG_002,34
TAGCAAGGGAAAGAGGAAAG_003,22
TAGCAAGGGAAAGAGGAAAG_004,121
TAGCAAGGGAAAGAGGAAAG_005,144
TAGCAAGGGAAAGAGGAAAG_006,121
TAGCAAGGGAAAGAGGAAAG_007,92
TAGCAAGGGAAAGAGGAAAG_008,186
TAGCAAGGGAAAGAGGAAAG_009,139
TAGCAAGGGAAAGAGGAAAG_010,192
TAGCAAGGGAAAGAGGAAAG_011,197
TAGCAAGGGAAAGAGGAAAG_012,61
GGTTCGAAGATACATGCAGA_001,168
GGTTCGAAGATACATGCAGA_002,12
TGTGTCTTCTATTATAGACG_001,166
CACCAAACAGGTCTTAAAGG_001,101
CACCAAACAGGTCTTAAAGG_002,110
CACCAAACAGGTCTTAAAGG_003,127
CCCACTAAGGGCCGTCACTG_001,75
CCCACTAAGGGCCGTCACTG_002,16
CCCACTAAGGGCCGTCACTG_003,107
CCCACTAAGGGCCGTCACTG_004,0
CCCACTAAGGGCCGTCACTG_005,56
CCCACTAAGGGCCGTCACTG_006,59
CCCACTAAGGGCCGTCACTG_007,30
CCCACTAAGGGCCGTCACTG_008,158
CCCACTAAGGGCCGTCACTG_009,29
CCCACTAAGGGCCGTCACTG_010,63
CCCACTAAGGGCCGTCACTG_011,106
CCCACTAAGGGCCGTCACTG_012,60
CCCACTAAGGGCCGTCACTG_013,48
CCCACTAAGGGCCGTCACTG_014,32
CCCACTAAGGGCCGTCACTG_015,40
CCCACTAAGGGCCGTCACTG_016,141
CCCACTAAGGGCCGTCACTG_017,177
CCCACTAAGGGCCGTCACTG_018,27
CCCACTAAGGGCCGTCACTG_019,81
CCCACTAAGGGCCGTCACTG_020,117
CCCACTAAGGGCCGTCACTG_021,3
CCCACTAAGGGCCGTCACTG_022,35
CCCACTAAGGGCCGTCACTG_023,162
CCCACTAAGGGCCGTCACTG_024,171
GCAGTGCCGCTTCAGTCGGG_001,43
GCAGTGCCGCTTCAGTCGGG_002,92
GCAGTGCCGCTTCAGTCGGG_003,24
GCAGTGCCGCTTCAGTCGGG_004,150
GCAGTGCCGCTTCAGTCGGG_005,66
GCAGTGCCGCTTCAGTCGGG_006,3
GCAGTGCCGCTTCAGTCGGG_007,40
GCAGTGCCGCTTCAGTCGGG_008,167
GCAGTGCCGCTTCAGTCGGG_009,94
GCAGTGCCGCTTCAGTCGGG_010,172
GTGGAGATGATCAAAGGCGG_001,23
GTGGAGATGATCAAAGGCGG_002,196
GTGGAGATGATCAAAGGCGG_003,50
GTGGAGATGATCAAAGGCGG_004,135
GTGGAGATGATCAAAGGCGG_005,26
GTGGAGATGATCAAAGGCGG_006,26
GTGGAGATGATCAAAGGCGG_007,16
GTGGAGATGATCAAAGGCGG_008,196
GTGGAGATGATCAAAGGCGG_009,85
TGAGGGTTCGCAGGCCACTG_001,49
TGAGGGTTCGCAGGCCACTG_002,166
TGAGGGTTCGCAGGCCACTG_003,184
TGAGGGTTCGCAGGCCACTG_004,68
TGAGGGTTCGCAGGCCACTG_005,148
TGAGGGTTCGCAGGCCACTG_006,168
TGAGGGTTCGCAGGCCACTG_007,77
TGAGGGTTCGCAGGCCACTG_008,70
TGAGGGTTCGCAGGCCACTG_009,170
TGAGGGTTCGCAGGCCACTG_010,152
TGAGGGTTCGCAGGCCACTG_011,86
ATTGGTTCGAGTCACCCAGG_001,176
ATTGGTTCGAGTCACCCAGG_002,127
ATTGGTTCGAGTCACCCAGG_003,191
ATTGGTTCGAGTCACCCAGG_004,107
ATTGGTTCGAGTCACCCAGG_005,5
ATTGGTTCGAGTCACCCAGG_006,2
CCTTAGCAAGCACCCCACCG_001,105
CCTTAGCAAGCACCCCACCG_002,106
CCTTAGCAAGCACCCCACCG_003,106
CCTTAGCAAGCACCCCACCG_004,150
CCTTAGCAAGCACCCCACCG_005,62
CCTTAGCAAGCACCCCACCG_006,175
CCTTAGCAAGCACCCCACCG_007,46
CCTTAGCAAGCACCCCACCG_008,172
CCTTAGCAAGCACCCCACCG_009,158
CCTTAGCAAGCACCCCACCG_010,119
CCTTAGCAAGCACCCCACCG_011,15
CCTTAGCAAGCACCCCACCG_012,152
CCTTAGCAAGCACCCCACCG_013,114
CACCCGGCTTGCGTCCACAG_001,10
CACCCGGCTTGCGTCCACAG_002,115
CACCCGGCTTGCGTCCACAG_003,105
CACCCGGCTTGCGTCCACAG_004,139
ATTACAGGACCAGATAACAA_001,72
ATTACAGGACCAGATAACAA_002,175
ATTACAGGACCAGATAACAA_003,73
ATTACAGGACCAGATAACAA_004,56
TGAGAGTCACAACGGCCAAG_001,15
TGAGAGTCACAACGGCCAAG_002,1
AAGCTCATAGACGACTACGG_001,169
AAGCTCATAGACGACTACGG_002,40
AAGCTCATAGACGACTACGG_003,49
AAGCTCATAGACGACTACGG_004,197
AAGCTCATAGACGACTACGG_005,184
ATACTGGAACCATCGTACAG_001,63
ATACTGGAACCATCGTACAG_002,73
ATACTGGAACCATCGTACAG_003,125
CAGGGCTCCTGTCTACGACC_001,150
CAGGGCTCCTGTCTACGACC_002,166
CAGGGCTCCTGTCTACGACC_003,102
TAAGAATGGAGCAACAGGCG_001,108
TAAGAATGGAGCAACAGGCG_002,159
TAAGAATGGAGCAACAGGCG_003,188
TAAGAATGGAGCAACAGGCG_004,76
TAAGAATGGAGCAACAGGCG_005,124
GTGTCCCTTACCAGGCGAGC_001,127
GTGTCCCTTACCAGGCGAGC_002,127
GTGTCCCTTACCAGGCGAGC_003,181
GTGTCCCTTACCAGGCGAGC_004,19
GTGTCCCTTACCAGGCGAGC_005,15
GTGTCCCTTACCAGGCGAGC_006,81
GTGTCCCTTACCAGGCGAGC_007,130
GTGTCCCTTACCAGGCGAGC_008,83
GTGTCCCTTACCAGGCGAGC_009,61
GTGTCCCTTACCAGGCGAGC_010,15
GTGTCCCTTACCAGGCGAGC_011,102
GTGTCCCTTACCAGGCGAGC_012,72
GTGTCCCTTACCAGGCGAGC_013,119
GTGTCCCTTACCAGGCGAGC_014,141
GTGTCCCTTACCAGGCGAGC_015,105
TAGCAGAGTCATCTTCCAAG_001,47
TGCGCGATTTGATGGGACAG_001,107
TGCGCGATTTGATGGGACAG_002,19
TGCGCGATTTGATGGGACAG_003,76
TGCGCGATTTGATGGGACAG_004,13
TGCGCGATTTGATGGGACAG_005,132
TGCGCGATTTGATGGGACAG_006,40
TGCGCGATTTGATGGGACAG_007,48
TGCGCGATTTGATGGGACAG_008,36
TGCGCGATTTGATGGGACAG_009,39
GATGATCGGGAACTACATGT_001,48
GATGATCGGGAACTACATGT_002,174
GATGATCGGGAACTACATGT_003,56
GATGATCGGGAACTACATGT_004,172
GATGATCGGGAACTACATGT_005,48
GATGATCGGGAACTACATGT_006,15
GATGATCGGGAACTACATGT_007,160
CCAAGTACTCACCTGCTGTA_001,159
CCAAGTACTCACCTGCTGTA_002,27
CCAAGTACTCACCTGCTGTA_003,88
CCAAGTACTCACCTGCTGTA_004,88
CCAAGTACTCACCTGCTGTA_005,49
CCAAGTACTCACCTGCTGTA_006,185
CCAAGTACTCACCTGCTGTA_007,47
CCAAGTACTCACCTGCTGTA_008,47
CCAAGTACTCACCTGCTGTA_009,62
CCAAGTACTCACCTGCTGTA_010,69
CCAAGTACTCACCTGCTGTA_011,14
CCAAGTACTCACCTGCTGTA_012,40
CGATCCCATAGTTCACATTG_001,9
CGATCCCATAGTTCACATTG_002,88
CGATCCCATAGTTCACATTG_003,77
CGATCCCATAGTTCACATTG_004,189
CGATCCCATAGTTCACATTG_005,28
CGATCCCATAGTTCACATTG_006,2
CGATCCCATAGTTCACATTG_007,28
CGATCCCATAGTTCACATTG_008,0
CGATCCCATAGTTCACATTG_009,19
TGGTGCCATAGCCAGATGAA_001,29
TGGTGCCATAGCCAGATGAA_002,163
TGGTGCCATAGCCAGATGAA_003,42
TGGTGCCATAGCCAGATGAA_004,159
TGGTGCCATAGCCAGATGAA_005,42
TGGTGCCATAGCCAGATGAA_006,160
TGTCACACAAACCACGAAGG_001,9
TGTCACACAAACCACGAAGG_002,100
TGTCACACAAACCACGAAGG_003,147
TGTCACACAAACCACGAAGG_004,23
TGTCACACAAACCACGAAGG_005,92
TGTCACACAAACCACGAAGG_006,21
TGTCACACAAACCACGAAGG_007,46
TGTCACACAAACCACGAAGG_008,43
TGTCACACAAACCACGAAGG_009,0
TGTCACACAAACCACGAAGG_010,49
TGTCACACAAACCACGAAGG_011,42
TGTCACACAAACCACGAAGG_012,35
CAGGAAGTATGCCAGATGGA_001,64
CAGGAAGTATGCCAGATGGA_002,130
CAGGAAGTATGCCAGATGGA_003,169
CAGGAAGTATGCCAGATGGA_004,48
CAGGAAGTATGCCAGATGGA_005,78
GGACGTCCCCACCAAGCTCG_001,14
GGACGTCCCCACCAAGCTCG_002,33
GGACGTCCCCACCAAGCTCG_003,34
GGACGTCCCCACCAAGCTCG_004,149
GGACGTCCCCACCAAGCTCG_005,18
GGACGTCCCCACCAAGCTCG_006,68
GGACGTCCCCACCAAGCTCG_007,141
GGACGTCCCCACCAAGCTCG_008,199
GGACGTCCCCACCAAGCTCG_009,30
GGACGTCCCCACCAAGCTCG_010,67
GGACGTCCCCACCAAGCTCG_011,16
GGACGTCCCCACCAAGCTCG_012,28
GGACGTCCCCACCAAGCTCG_013,59
GGACGTCCCCACCAAGCTCG_014,174
GGACGTCCCCACCAAGCTCG_015,74
GGACGTCCCCACCAAGCTCG_016,165
GGACGTCCCCACCAAGCTCG_017,188
GGACGTCCCCACCAAGCTCG_018,136
GGACGTCCCCACCAAGCTCG_019,142
GGACGTCCCCACCAAGCTCG_020,40
GGACGTCCCCACCAAGCTCG_021,161
GGACGTCCCCACCAAGCTCG_022,161
GGACGTCCCCACCAAGCTCG_023,9
GGACGTCCCCACCAAGCTCG_024,194
ACAGCTCTGTCAAATTAACT_001,130
ACAGCTCTGTCAAATTAACT_002,29
ACAGCTCTGTCAAATTAACT_003,5
ACAGCTCTGTCAAATTAACT_004,32
ACAGCTCTGTCAAATTAACT_005,8
ACAGCTCTGTCAAATTAACT_006,32
ACAGCTCTGTCAAATTAACT_007,183
AGCTAACCTAGTACTGGATG_001,34
ATCAGATAGTCCATACAAGG_001,144
ATCAGATAGTCCATACAAGG_002,33
ATCAGATAGTCCATACAAGG_003,21
ATCAGATAGTCCATACAAGG_004,20
ATCAGATAGTCCATACAAGG_005,147
ATCAGATAGTCCATACAAGG_006,29
CAGCAAGGCTGACCGCACTG_001,140
CAGCAAGGCTGACCGCACTG_002,64
CAGCAAGGCTGACCGCACTG_003,70
CAGCAAGGCTGACCGCACTG_004,149
CAGCAAGGCTGACCGCACTG_005,197
CAGCAAGGCTGACCGCACTG_006,145
CAGCAAGGCTGACCGCACTG_007,190
CAGCAAGGCTGACCGCACTG_008,62
CAGCAAGGCTGACCGCACTG_009,48
CAGCAAGGCTGACCGCACTG_010,11
CAGCAAGGCTGACCGCACTG_011,98
CAGCAAGGCTGACCGCACTG_012,53
CAGCAAGGCTGACCGCACTG_013,149
CAGCAAGGCTGACCGCACTG_014,28
CAGCAAGGCTGACCGCACTG_015,158
CAGCAAGGCTGACCGCACTG_016,4
GTGCCAGTCAAAGATCTACT_001,145
GTGCCAGTCAAAGATCTACT_002,29
GTGCCAGTCAAAGATCTACT_003,7
GTGCCAGTCAAAGATCTACT_004,169
GTGCCAGTCAAAGATCTACT_005,197
GTGCCAGTCAAAGATCTACT_006,4
GTGCCAGTCAAAGATCTACT_007,72
GTGCCAGTCAAAGATCTACT_008,178
GTGCCAGTCAAAGATCTACT_009,6
GTGCCAGTCAAAGATCTACT_010,107
GTGCCAGTCAAAGATCTACT_011,30
GTGCCAGTCAAAGATCTACT_012,7
GCATATCAGCAATCTGAGCT_001,115
GCATATCAGCAATCTGAGCT_002,5
GCATATCAGCAATCTGAGCT_003,148
GCATATCAGCAATCTGAGCT_004,35
GCATATCAGCAATCTGAGCT_005,106
GCATATCAGCAATCTGAGCT_006,138
GTTAACATTGGAGATCCGAG_001,54
GTTAACATTGGAGATCCGAG_002,184
GTTAACATTGGAGATCCGAG_003,146
GTTAACATTGGAGATCCGAG_004,158
GTTAACATTGGAGATCCGAG_005,78
GTTAACATTGGAGATCCGAG_006,115
GTTAACATTGGAGATCCGAG_007,175
GTTAACATTGGAGATCCGAG_008,5
GTTAACATTGGAGATCCGAG_009,150
GTTAACATTGGAGATCCGAG_010,134
GTTAACATTGGAGATCCGAG_011,49
GTTAACATTGGAGATCCGAG_012,1
GTTAACATTGGAGATCCGAG_013,63
GTTAACATTGGAGATCCGAG_014,29
GTTAACATTGGAGATCCGAG_015,82
GTTAACATTGGAGATCCGAG_016,43
GTTAACATTGGAGATCCGAG_017,56
GTTAACATTGGAGATCCGAG_018,9
GTTAACATTGGAGATCCGAG_019,17
GTTAACATTGGAGATCCGAG_020,34
GTTAACATTGGAGATCCGAG_021,72
GATACTTACTCATAAGTCAG_001,87
GATACTTACTCATAAGTCAG_002,91
GATACTTACTCATAAGTCAG_003,92
GATACTTACTCATAAGTCAG_004,154
GATACTTACTCATAAGTCAG_005,36
GATACTTACTCATAAGTCAG_006,198
GATACTTACTCATAAGTCAG_007,160
GCCTGTAGTACACTTGGTTG_001,181
GCCTGTAGTACACTTGGTTG_002,10
GCCTGTAGTACACTTGGTTG_003,33
GAAATACTGTCGTACTCCAA_001,15
GAAATACTGTCGTACTCCAA_002,137
GAAATACTGTCGTACTCCAA_003,86
AGCCGGAAGAAGGACTGGGT_001,35
AGCCGGAAGAAGGACTGGGT_002,151
AGCCGGAAGAAGGACTGGGT_003,108
AGCCGGAAGAAGGACTGGGT_004,146
AGCCGGAAGAAGGACTGGGT_005,50
AGCCGGAAGAAGGACTGGGT_006,50
AGCCGGAAGAAGGACTGGGT_007,29
AGCCGGAAGAAGGACTGGGT_008,1
AGCCGGAAGAAGGACTGGGT_009,46
AGCCGGAAGAAGGACTGGGT_010,78
AGCCGGAAGAAGGACTGGGT_011,130
AGCCGGAAGAAGGACTGGGT_012,17
AGCCGGAAGAAGGACTGGGT_013,113
AGCCGGAAGAAGGACTGGGT_014,10
AGCCGGAAGAAGGACTGGGT_015,10
CTGTGGCGGTGCCGGTCCGG_001,154
CTGTGGCGGTGCCGGTCCGG_002,160
CTGTGGCGGTGCCGGTCCGG_003,83
CTGTGGCGGTGCCGGTCCGG_004,14
CTGTGGCGGTGCCGGTCCGG_005,49
CTGTGGCGGTGCCGGTCCGG_006,130
CTGTGGCGGTGCCGGTCCGG_007,43
CTGTGGCGGTGCCGGTCCGG_008,76
CTGTGGCGGTGCCGGTCCGG_009,88
CTGTGGCGGTGCCGGTCCGG_010,153
CTGTGGCGGTGCCGGTCCGG_011,163
CTGTGGCGGTGCCGGTCCGG_012,97
CTGTGGCGGTGCCGGTCCGG_013,149
CTGTGGCGGTGCCGGTCCGG_014,94
CTGTGGCGGTGCCGGTCCGG_015,14
CTGTGGCGGTGCCGGTCCGG_016,112
CTGTGGCGGTGCCGGTCCGG_017,140
TCAAAATTAGGTCTTCGACA_001,42
AGTCGGACATATGAGCAGCG_001,127
AGTCGGACATATGAGCAGCG_002,144
AGTCGGACATATGAGCAGCG_003,14
AGTCGGACATATGAGCAGCG_004,197
AGTCGGACATATGAGCAGCG_005,101
AGTCGGACATATGAGCAGCG_006,34
AGTCGGACATATGAGCAGCG_007,162
AGTCGGACATATGAGCAGCG_008,13
AGTCGGACATATGAGCAGCG_009,175
AGTCGGACATATGAGCAGCG_010,37
AGTCGGACATATGAGCAGCG_011,77
AGTCGGACATATGAGCAGCG_012,52
AGTCGGACATATGAGCAGCG_013,144
AGTCGGACATATGAGCAGCG_014,148
AGTCGGACATATGAGCAGCG_015,155
TCTGTGGCCAAGGTATCCTG_001,103
TCTGTGGCCAAGGTATCCTG_002,49
ACGCCGACATCGACGCCGCG_001,166
ACGCCGACATCGACGCCGCG_002,63
ACGCCGACATCGACGCCGCG_003,15
ACGCCGACATCGACGCCGCG_004,152
ACGCCGACATCGACGCCGCG_005,13
ACGCCGACATCGACGCCGCG_006,14
ACGCCGACATCGACGCCGCG_007,149
ACGCCGACATCGACGCCGCG_008,151
ACGCCGACATCGACGCCGCG_009,149
ACGCCGACATCGACGCCGCG_010,38
ACGCCGACATCGACGCCGCG_011,161
ACGCCGACATCGACGCCGCG_012,24
ACGCCGACATCGACGCCGCG_013,65
ACGCCGACATCGACGCCGCG_014,117
ACGCCGACATCGACGCCGCG_015,171
ACGCCGACATCGACGCCGCG_016,74
ACGCCGACATCGACGCCGCG_017,55
ACGCCGACATCGACGCCGCG_018,66
AAGTAAATGTTCGGTCACAG_001,141
AAGTAAATGTTCGGTCACAG_002,17
AAGTAAATGTTCGGTCACAG_003,150
AAGTAAATGTTCGGTCACAG_004,1
AAGTAAATGTTCGGTCACAG_005,57
AAGTAAATGTTCGGTCACAG_006,112
AAGTAAATGTTCGGTCACAG_007,105
AAGTAAATGTTCGGTCACAG_008,93
AAGTAAATGTTCGGTCACAG_009,120
AAGTAAATGTTCGGTCACAG_010,15
AAGTAAATGTTCGGTCACAG_011,11
AAGTAAATGTTCGGTCACAG_012,25
AAGTAAATGTTCGGTCACAG_013,61
AAGTAAATGTTCGGTCACAG_014,198
CCCACGTGTGTAGCTTGTGT_001,20
CCCACGTGTGTAGCTTGTGT_002,54
CCACTGAAGTATATGCTTTG_001,43
CCTTGTGGACGAACAACACG_001,43
CCTTGTGGACGAACAACACG_002,81
CCTTGTGGACGAACAACACG_003,198
CCTTGTGGACGAACAACACG_004,188
CCTTGTGGACGAACAACACG_005,67
CCTTGTGGACGAACAACACG_006,65
CGTGGGCTTATGGCTCGCTG_001,50
CGTGGGCTTATGGCTCGCTG_002,119
CGTGGGCTTATGGCTCGCTG_003,48
CGTGGGCTTATGGCTCGCTG_004,51
CGTGGGCTTATGGCTCGCTG_005,87
CGTGGGCTTATGGCTCGCTG_006,105
CGTGGGCTTATGGCTCGCTG_007,7
CGTGGGCTTATGGCTCGCTG_008,66
CGTGGGCTTATGGCTCGCTG_009,127
CGTGGGCTTATGGCTCGCTG_010,105
CGTGGGCTTATGGCTCGCTG_011,178
CGTGGGCTTATGGCTCGCTG_012,108
TCAAGTACCTGGATGACGTG_001,50
TCAAGTACCTGGATGACGTG_002,34
TCAAGTACCTGGATGACGTG_003,142
TCAAGTACCTGGATGACGTG_004,72
TCAAGTACCTGGATGACGTG_005,182
TCAAGTACCTGGATGACGTG_006,107
TCAAGTACCTGGATGACGTG_007,88
TCAAGTACCTGGATGACGTG_008,196
TCAAGTACCTGGATGACGTG_009,121
TCAAGTACCTGGATGACGTG_010,29
TCAAGTACCTGGATGACGTG_011,11
TCAAGTACCTGGATGACGTG_012,15
TCAAGTACCTGGATGACGTG_013,22
TCAAGTACCTGGATGACGTG_014,174
TCAAGTACCTGGATGACGTG_015,27
TCAAGTACCTGGATGACGTG_016,43
TCAAGTACCTGGATGACGTG_017,198
TCAAGTACCTGGATGACGTG_018,113
TCAAGTACCTGGATGACGTG_019,117
TCAAGTACCTGGATGACGTG_020,57
TCAAGTACCTGGATGACGTG_021,185
TCAAGTACCTGGATGACGTG_022,125
TCAAGTACCTGGATGACGTG_023,180
ACCCCAAAGGGAAACCGGCG_001,107
ACCCCAAAGGGAAACCGGCG_002,23
ACCCCAAAGGGAAACCGGCG_003,145
ACCCCAAAGGGAAACCGGCG_004,54
ACCCCAAAGGGAAACCGGCG_005,40
ACCCCAAAGGGAAACCGGCG_006,50
ACCCCAAAGGGAAACCGGCG_007,194
ACCCCAAAGGGAAACCGGCG_008,25
ACCCCAAAGGGAAACCGGCG_009,51
ACCCCAAAGGGAAACCGGCG_010,40
ACCCCAAAGGGAAACCGGCG_011,63
ACCCCAAAGGGAAACCGGCG_012,198
ACCCCAAAGGGAAACCGGCG_013,137
ACCCCAAAGGGAAACCGGCG_014,16
ACCCCAAAGGGAAACCGGCG_015,197
ACCCCAAAGGGAAACCGGCG_016,45
ACCCCAAAGGGAAACCGGCG_017,45
ACCCCAAAGGGAAACCGGCG_018,160
ACCCCAAAGGGAAACCGGCG_019,144
ACCCCAAAGGGAAACCGGCG_020,23
ACCCCAAAGGGAAACCGGCG_021,48
ACCCCAAAGGGAAACCGGCG_022,174
ACCCCAAAGGGAAACCGGCG_023,193
ACCCCAAAGGGAAACCGGCG_024,144
ACCCCAAAGGGAAACCGGCG_025,111
ACCCCAAAGGGAAACCGGCG_026,10
ACCCCAAAGGGAAACCGGCG_027,175
ACCCCAAAGGGAAACCGGCG_028,150
ACCCCAAAGGGAAACCGGCG_029,46
ACCCCAAAGGGAAACCGGCG_030,114
ACCCCAAAGGGAAACCGGCG_031,77
ACCCCAAAGGGAAACCGGCG_032,94
TTGGACATGAGAATGGATGG_001,168
TTGGACATGAGAATGGATGG_002,98
TTGGACATGAGAATGGATGG_003,136
CTGTAGTAACAGAGCCACGC_001,105
CTGTAGTAACAGAGCCACGC_002,98
CTGTAGTAACAGAGCCACGC_003,107
CTGTAGTAACAGAGCCACGC_004,68
CTGTAGTAACAGAGCCACGC_005,91
CTGTAGTAACAGAGCCACGC_006,38
CTGTAGTAACAGAGCCACGC_007,113
CTGTAGTAACAGAGCCACGC_008,77
CTGTAGTAACAGAGCCACGC_009,44
CTGTAGTAACAGAGCCACGC_010,136
CTGTAGTAACAGAGCCACGC_011,147
CCGAAAAATACGATGCGACG_001,37
CCGAAAAATACGATGCGACG_002,38
CCGAAAAATACGATGCGACG_003,31
CCGAAAAATACGATGCGACG_004,14
CCGAAAAATACGATGCGACG_005,98
CCGAAAAATACGATGCGACG_006,177
CCGAAAAATACGATGCGACG_007,126
CCGAAAAATACGATGCGACG_008,28
GAAGTCGGTCAAAATCCTCC_001,115
GAAGTCGGTCAAAATCCTCC_002,178
GAAGTCGGTCAAAATCCTCC_003,80
GAAGTCGGTCAAAATCCTCC_004,105
GAAGTCGGTCAAAATCCTCC_005,186
GAAGTCGGTCAAAATCCTCC_006,55
CTCACCTAATCCAACACCAA_001,12
CTCACCTAATCCAACACCAA_002,161
CTCACCTAATCCAACACCAA_003,161
CTCACCTAATCCAACACCAA_004,178
CTCACCTAATCCAACACCAA_005,68
ATAAAATGACGTGGACGCCG_001,49
ATAAAATGACGTGGACGCCG_002,149
ATAAAATGACGTGGACGCCG_003,7
ATAAAATGACGTGGACGCCG_004,9
ATAAAATGACGTGGACGCCG_005,195
ATAAAATGACGTGGACGCCG_006,48
ATAAAATGACGTGGACGCCG_007,46
ATAAAATGACGTGGACGCCG_008,146
ATAAAATGACGTGGACGCCG_009,10
ATAAAATGACGTGGACGCCG_010,100
CCATTCACAATCCCACTACA_001,110
CCATTCACAATCCCACTACA_002,148
CCATTCACAATCCCACTACA_003,35
CCATTCACAATCCCACTACA_004,46
CCATTCACAATCCCACTACA_005,97
CCATTCACAATCCCACTACA_006,146
CCATTCACAATCCCACTACA_007,101
CCATTCACAATCCCACTACA_008,98
CCATTCACAATCCCACTACA_009,186
CCATTCACAATCCCACTACA_010,193
CCATTCACAATCCCACTACA_011,165
CCATTCACAATCCCACTACA_012,170
CCATTCACAATCCCACTACA_013,199
CCATTCACAATCCCACTACA_014,149
CCATTCACAATCCCACTACA_015,179
CCATTCACAATCCCACTACA_016,180
ATTTCCAGTAAGTTACTAGG_001,137
ATTTCCAGTAAGTTACTAGG_002,127
ATTTCCAGTAAGTTACTAGG_003,120
ATTTCCAGTAAGTTACTAGG_004,97
AGGAGGAGAACAAGTCTCTG_001,127
AGGAGGAGAACAAGTCTCTG_002,130
AGGAGGAGAACAAGTCTCTG_003,142
AGGAGGAGAACAAGTCTCTG_004,143
AGGAGGAGAACAAGTCTCTG_005,172
AGGAGGAGAACAAGTCTCTG_006,96
AGGAGGAGAACAAGTCTCTG_007,127
AGGAGGAGAACAAGTCTCTG_008,50
AGGAGGAGAACAAGTCTCTG_009,170
AGGAGGAGAACAAGTCTCTG_010,27
AGGAGGAGAACAAGTCTCTG_011,72
AGGAGGAGAACAAGTCTCTG_012,50
AGGAGGAGAACAAGTCTCTG_013,105
AGGAGGAGAACAAGTCTCTG_014,168
AGGAGGAGAACAAGTCTCTG_015,51
AGGAGGAGAACAAGTCTCTG_016,127
AGGAGGAGAACAAGTCTCTG_017,34
AGGAGGAGAACAAGTCTCTG_018,166
GGTTAGTGTTTGAGGTCTCG_001,185
GGTTAGTGTTTGAGGTCTCG_002,48
GGTTAGTGTTTGAGGTCTCG_003,148
GGTTAGTGTTTGAGGTCTCG_004,120
GGTTAGTGTTTGAGGTCTCG_005,36
GGTTAGTGTTTGAGGTCTCG_006,161
GGTTAGTGTTTGAGGTCTCG_007,23
GGTTAGTGTTTGAGGTCTCG_008,46
GGTTAGTGTTTGAGGTCTCG_009,110
GGTTAGTGTTTGAGGTCTCG_010,74
GGTTAGTGTTTGAGGTCTCG_011,10
GGTTAGTGTTTGAGGTCTCG_012,69
GGTTAGTGTTTGAGGTCTCG_013,30
TCGCCCTGAACCGTATTGAA_001,152
TCGCCCTGAACCGTATTGAA_002,134
TCGCCCTGAACCGTATTGAA_003,73
TCGCCCTGAACCGTATTGAA_004,39
TCGCCCTGAACCGTATTGAA_005,172
TCGCCCTGAACCGTATTGAA_006,34
TCGCCCTGAACCGTATTGAA_007,0
GAAGCACCTGCAGTCGCTCG_001,48
GAAGCACCTGCAGTCGCTCG_002,192
GAAGCACCTGCAGTCGCTCG_003,110
GAAGCACCTGCAGTCGCTCG_004,1
AAGGAAGCGAAAGTTCCGCG_001,8
AAGGAAGCGAAAGTTCCGCG_002,165
AAGGAAGCGAAAGTTCCGCG_003,15
AAGGAAGCGAAAGTTCCGCG_004,42
AAGGAAGCGAAAGTTCCGCG_005,170
AAGGAAGCGAAAGTTCCGCG_006,149
AAGGAAGCGAAAGTTCCGCG_007,82
AAGGAAGCGAAAGTTCCGCG_008,54
AAGGAAGCGAAAGTTCCGCG_009,181
AAGGAAGCGAAAGTTCCGCG_010,49
AAGGAAGCGAAAGTTCCGCG_011,43
AAGGAAGCGAAAGTTCCGCG_012,183
AAGGAAGCGAAAGTTCCGCG_013,48
AAGGAAGCGAAAGTTCCGCG_014,150
AAGGAAGCGAAAGTTCCGCG_015,15
AAGGAAGCGAAAGTTCCGCG_016,5
AAGGAAGCGAAAGTTCCGCG_017,184
AAGGAAGCGAAAGTTCCGCG_018,178
AGATGGTCAACATTATGAAG_001,168
AGATGGTCAACATTATGAAG_002,172
CCATATGAAGACATTCACTG_001,12
CCATATGAAGACATTCACTG_002,190
CCATATGAAGACATTCACTG_003,56
CCATATGAAGACATTCACTG_004,145
CCATATGAAGACATTCACTG_005,155
CCATATGAAGACATTCACTG_006,28
CCATATGAAGACATTCACTG_007,188
CCATATGAAGACATTCACTG_008,170
CCATATGAAGACATTCACTG_009,62
CCATATGAAGACATTCACTG_010,199
CCATATGAAGACATTCACTG_011,134
CCATATGAAGACATTCACTG_012,115
CCATATGAAGACATTCACTG_013,149
CCATATGAAGACATTCACTG_014,169
CCATATGAAGACATTCACTG_015,162
CCATATGAAGACATTCACTG_016,43
CCATATGAAGACATTCACTG_017,71
CCATATGAAGACATTCACTG_018,23
AAGCAGGACTTTAAGCCGAA_001,114
AAGCAGGACTTTAAGCCGAA_002,50
AAGCAGGACTTTAAGCCGAA_003,182
AAGCAGGACTTTAAGCCGAA_004,71
AAGCAGGACTTTAAGCCGAA_005,178
AAGCAGGACTTTAAGCCGAA_006,88
TCTTCACCCCGTATTTGACG_001,98
TCTTCACCCCGTATTTGACG_002,145
GGAATAACTGATCTCCACCA_001,6
GGAATAACTGATCTCCACCA_002,5
CGAGGACTTCGACTGGACCG_001,16
CGAGGACTTCGACTGGACCG_002,191
CGAGGACTTCGACTGGACCG_003,15
CGAGGACTTCGACTGGACCG_004,161
CGAGGACTTCGACTGGACCG_005,105
CGAGGACTTCGACTGGACCG_006,59
CGAGGACTTCGACTGGACCG_007,136
CGAGGACTTCGACTGGACCG_008,163
CGAGGACTTCGACTGGACCG_009,15
CGAGGACTTCGACTGGACCG_010,115
CGAGGACTTCGACTGGACCG_011,183
CGAGGACTTCGACTGGACCG_012,121
CGAGGACTTCGACTGGACCG_013,184
CGAGGACTTCGACTGGACCG_014,61
CGAGGACTTCGACTGGACCG_015,111
CGAGGACTTCGACTGGACCG_016,135
CGAGGACTTCGACTGGACCG_017,116
CGAGGACTTCGACTGGACCG_018,78
CGAGGACTTCGACTGGACCG_019,48
CGAGGACTTCGACTGGACCG_020,117
CGAGGACTTCGACTGGACCG_021,170
CGAGGACTTCGACTGGACCG_022,2
CGAGGACTTCGACTGGACCG_023,148
CGAGGACTTCGACTGGACCG_024,32
CGAGGACTTCGACTGGACCG_025,55
CGAGGACTTCGACTGGACCG_026,1
CGAGGACTTCGACTGGACCG_027,173
CGAGGACTTCGACTGGACCG_028,162
CGAGGACTTCGACTGGACCG_029,41
CGAGGACTTCGACTGGACCG_030,134
CGAGGACTTCGACTGGACCG_031,167
CGAGGACTTCGACTGGACCG_032,16
CGAGGACTTCGACTGGACCG_033,146
CGAGGACTTCGACTGGACCG_034,136
TTCCAAATCCTGCTCAGTGA_001,172
TTCCAAATCCTGCTCAGTGA_002,163
CTGTAGAAACCACTCACCGG_001,94
CTGTAGAAACCACTCACCGG_002,12
CTGTAGAAACCACTCACCGG_003,119
CTGTAGAAACCACTCACCGG_004,83
CTGTAGAAACCACTCACCGG_005,162
CTGTAGAAACCACTCACCGG_006,147
CTGTAGAAACCACTCACCGG_007,177
CTGTAGAAACCACTCACCGG_008,141
CTGTAGAAACCACTCACCGG_009,32
CTGTAGAAACCACTCACCGG_010,159
CTGTAGAAACCACTCACCGG_011,164
CTGTAGAAACCACTCACCGG_012,140
CTGTAGAAACCACTCACCGG_013,176
CTGTAGAAACCACTCACCGG_014,16
CTGTAGAAACCACTCACCGG_015,62
CTGTAGAAACCACTCACCGG_016,192
CTGTAGAAACCACTCACCGG_017,56
CTGTAGAAACCACTCACCGG_018,148
CTGTAGAAACCACTCACCGG_019,30
CTGTAGAAACCACTCACCGG_020,130
CTGTAGAAACCACTCACCGG_021,152
CTGTAGAAACCACTCACCGG_022,35
CTGTAGAAACCACTCACCGG_023,125
CTGTAGAAACCACTCACCGG_024,113
CTGTAGAAACCACTCACCGG_025,61
CTGTAGAAACCACTCACCGG_026,135
CTGTAGAAACCACTCACCGG_027,135
CTGTAGAAACCACTCACCGG_028,70
CTGTAGAAACCACTCACCGG_029,18
CTGTAGAAACCACTCACCGG_030,5
CTGTAGAAACCACTCACCGG_031,11
CTGTAGAAACCACTCACCGG_032,28
GTGATGACAGACTGGCCATG_001,198
GTGATGACAGACTGGCCATG_002,147
GTGATGACAGACTGGCCATG_003,150
GTGATGACAGACTGGCCATG_004,165
GTGATGACAGACTGGCCATG_005,29
GTGATGACAGACTGGCCATG_006,107
GTGATGACAGACTGGCCATG_007,101
GTGATGACAGACTGGCCATG_008,113
GTGATGACAGACTGGCCATG_009,46
GTGATGACAGACTGGCCATG_010,56
GTGATGACAGACTGGCCATG_011,128
GTGATGACAGACTGGCCATG_012,134
GTGATGACAGACTGGCCATG_013,161
GTGATGACAGACTGGCCATG_014,30
GTGATGACAGACTGGCCATG_015,30
ACTGGTGTAATTGTAGCGTG_001,168
ACTGGTGTAATTGTAGCGTG_002,68
ACTGGTGTAATTGTAGCGTG_003,86
ACTGGTGTAATTGTAGCGTG_004,155
ACTGGTGTAATTGTAGCGTG_005,38
ACTGGTGTAATTGTAGCGTG_006,197
ACTGGTGTAATTGTAGCGTG_007,25
ACTGGTGTAATTGTAGCGTG_008,95
ACTGGTGTAATTGTAGCGTG_009,178
GCAATTGGGTGGTCTCTAGG_001,105
GCAATTGGGTGGTCTCTAGG_002,29
GCAATTGGGTGGTCTCTAGG_003,125
GCAATTGGGTGGTCTCTAGG_004,23
ACATTGACGATGGACTACCA_001,12
ACATTGACGATGGACTACCA_002,50
ACATTGACGATGGACTACCA_003,70
ACATTGACGATGGACTACCA_004,60
ACATTGACGATGGACTACCA_005,198
ACATTGACGATGGACTACCA_006,187
ACATTGACGATGGACTACCA_007,172
ACATTGACGATGGACTACCA_008,138
ACATTGACGATGGACTACCA_009,143
ACATTGACGATGGACTACCA_010,143
ACATTGACGATGGACTACCA_011,57
ACATTGACGATGGACTACCA_012,31
ACCTCCACGGGGTCCCACAG_001,2
ACCTCCACGGGGTCCCACAG_002,7
ACCTCCACGGGGTCCCACAG_003,143
ACCTCCACGGGGTCCCACAG_004,138
ACCTCCACGGGGTCCCACAG_005,138
ACCTCCACGGGGTCCCACAG_006,20
ACCTCCACGGGGTCCCACAG_007,151
ACCTCCACGGGGTCCCACAG_008,87
ACCTCCACGGGGTCCCACAG_009,83
ACCTCCACGGGGTCCCACAG_010,50
ACCTCCACGGGGTCCCACAG_011,52
ACCTCCACGGGGTCCCACAG_012,49
ACCTCCACGGGGTCCCACAG_013,19
ACCTCCACGGGGTCCCACAG_014,83
ACCTCCACGGGGTCCCACAG_015,98
ACCTCCACGGGGTCCCACAG_016,96
ACCTCCACGGGGTCCCACAG_017,156
ACCTCCACGGGGTCCCACAG_018,70
ACCTCCACGGGGTCCCACAG_019,162
ACCTCCACGGGGTCCCACAG_020,104
ACCTCCACGGGGTCCCACAG_021,110
ACCTCCACGGGGTCCCACAG_022,114
GGACGAAGATGACTGACAGG_001,154
GGACGAAGATGACTGACAGG_002,42
GGACGAAGATGACTGACAGG_003,163
GGACGAAGATGACTGACAGG_004,58
GGCAACTACTCCGAACGAGT_001,118
GGCAACTACTCCGAACGAGT_002,192
GGCAACTACTCCGAACGAGT_003,141
GGCAACTACTCCGAACGAGT_004,68
GGCAACTACTCCGAACGAGT_005,70
GGCAACTACTCCGAACGAGT_006,38
CTCAAAGGCAGCATCAACAG_001,38
CTCAAAGGCAGCATCAACAG_002,150
CTCAAAGGCAGCATCAACAG_003,112
CTCAAAGGCAGCATCAACAG_004,113
CTCAAAGGCAGCATCAACAG_005,127
CTCAAAGGCAGCATCAACAG_006,126
CTCAAAGGCAGCATCAACAG_007,185
CTCAAAGGCAGCATCAACAG_008,146
CTCAAAGGCAGCATCAACAG_009,198
CTCAAAGGCAGCATCAACAG_010,82
CTCAAAGGCAGCATCAACAG_011,8
AGTCTCCCGCCCGTAACGCC_001,78
AGTCTCCCGCCCGTAACGCC_002,154
AGTCTCCCGCCCGTAACGCC_003,34
AGTCTCCCGCCCGTAACGCC_004,153
AGTCTCCCGCCCGTAACGCC_005,74
AGTCTCCCGCCCGTAACGCC_006,88
AGTCTCCCGCCCGTAACGCC_007,110
AGTCTCCCGCCCGTAACGCC_008,30
AGTCTCCCGCCCGTAACGCC_009,41
AGTCTCCCGCCCGTAACGCC_010,142
AGTCTCCCGCCCGTAACGCC_011,117
AGTCTCCCGCCCGTAACGCC_012,190
AGTCTCCCGCCCGTAACGCC_013,125
AGTCTCCCGCCCGTAACGCC_014,48
AGTCTCCCGCCCGTAACGCC_015,115
AGTCTCCCGCCCGTAACGCC_016,15
AGTCTCCCGCCCGTAACGCC_017,148
AGTCTCCCGCCCGTAACGCC_018,66
AGTCTCCCGCCCGTAACGCC_019,105
AGTCTCCCGCCCGTAACGCC_020,35
AGTCTCCCGCCCGTAACGCC_021,136
AGTCTCCCGCCCGTAACGCC_022,1
AGTCTCCCGCCCGTAACGCC_023,52
AGTCTCCCGCCCGTAACGCC_024,174
GGTCAAAGTCTTCCACGATG_001,181
GGTCAAAGTCTTCCACGATG_002,6
GGTCAAAGTCTTCCACGATG_003,170
GGTCAAAGTCTTCCACGATG_004,117
GGTCAAAGTCTTCCACGATG_005,98
GGTCAAAGTCTTCCACGATG_006,160
GGTCAAAGTCTTCCACGATG_007,170
GGTCAAAGTCTTCCACGATG_008,76
GTTGGCCGACCTACGCTCCA_001,94
GTTGGCCGACCTACGCTCCA_002,29
GTTGGCCGACCTACGCTCCA_003,76
GTTGGCCGACCTACGCTCCA_004,94
GTTGGCCGACCTACGCTCCA_005,162
GTTGGCCGACCTACGCTCCA_006,159
GTTGGCCGACCTACGCTCCA_007,115
GTTGGCCGACCTACGCTCCA_008,166
GTTGGCCGACCTACGCTCCA_009,79
GTTGGCCGACCTACGCTCCA_010,181
GTTGGCCGACCTACGCTCCA_011,95
GTTGGCCGACCTACGCTCCA_012,9
TAAAAGGTGACGTTACCACT_001,29
TAAAAGGTGACGTTACCACT_002,55
TAAAAGGTGACGTTACCACT_003,177
TAAAAGGTGACGTTACCACT_004,100
TAAAAGGTGACGTTACCACT_005,33
TAAAAGGTGACGTTACCACT_006,110
TAAAAGGTGACGTTACCACT_007,162
TAAAAGGTGACGTTACCACT_008,9
TAAAAGGTGACGTTACCACT_009,21
GCTGGTAGTCATACACCACG_001,187
GCTGGTAGTCATACACCACG_002,160
CCGCTCTGCGAGATGCGCAG_001,73
CCGCTCTGCGAGATGCGCAG_002,1
CCGCTCTGCGAGATGCGCAG_003,41
CCGCTCTGCGAGATGCGCAG_004,67
CCGCTCTGCGAGATGCGCAG_005,78
CCGCTCTGCGAGATGCGCAG_006,178
CCGCTCTGCGAGATGCGCAG_007,187
CCGCTCTGCGAGATGCGCAG_008,81
CCGCTCTGCGAGATGCGCAG_009,121
CCGCTCTGCGAGATGCGCAG_010,141
CCGCTCTGCGAGATGCGCAG_011,120
CCGCTCTGCGAGATGCGCAG_012,153
GTTGCCAGACCAATCACTAG_001,23
GTTGCCAGACCAATCACTAG_002,159
ATAATGGCTATGTAGCGCAG_001,159
ATAATGGCTATGTAGCGCAG_002,57
ATAATGGCTATGTAGCGCAG_003,44
ATAATGGCTATGTAGCGCAG_004,178
ATAATGGCTATGTAGCGCAG_005,36
ATAATGGCTATGTAGCGCAG_006,57
ATAATGGCTATGTAGCGCAG_007,4
ATAATGGCTATGTAGCGCAG_008,159
ATAATGGCTATGTAGCGCAG_009,76
ATAATGGCTATGTAGCGCAG_010,194
ATAATGGCTATGTAGCGCAG_011,97
ATAATGGCTATGTAGCGCAG_012,55
ATAATGGCTATGTAGCGCAG_013,166
GCTTACAGGAAACTTCAGTG_001,137
GCTTACAGGAAACTTCAGTG_002,144
GCTTACAGGAAACTTCAGTG_003,62
GCTTACAGGAAACTTCAGTG_004,9
GCTTACAGGAAACTTCAGTG_005,47
GCTTACAGGAAACTTCAGTG_006,70
GCTTACAGGAAACTTCAGTG_007,102
GCTTACAGGAAACTTCAGTG_008,11
GCTTACAGGAAACTTCAGTG_009,11
GCTTACAGGAAACTTCAGTG_010,78
GCTTACAGGAAACTTCAGTG_011,81
GCTTACAGGAAACTTCAGTG_012,45
GCTTACAGGAAACTTCAGTG_013,19
GCTTACAGGAAACTTCAGTG_014,29
GCTTACAGGAAACTTCAGTG_015,53
GCTTACAGGAAACTTCAGTG_016,184
GCTTACAGGAAACTTCAGTG_017,30
GCTTACAGGAAACTTCAGTG_018,191
GCTTACAGGAAACTTCAGTG_019,168
GCTTTGGCCCGGTTCAAGTG_001,78
GCTTTGGCCCGGTTCAAGTG_002,130
GCTTTGGCCCGGTTCAAGTG_003,147
GCTTTGGCCCGGTTCAAGTG_004,176
GCTTTGGCCCGGTTCAAGTG_005,17
GCTTTGGCCCGGTTCAAGTG_006,144
GCTTTGGCCCGGTTCAAGTG_007,175
GCTTTGGCCCGGTTCAAGTG_008,53
GCTTTGGCCCGGTTCAAGTG_009,90
GCTTTGGCCCGGTTCAAGTG_010,172
GCTTTGGCCCGGTTCAAGTG_011,50
GCTTTGGCCCGGTTCAAGTG_012,84
GCTTTGGCCCGGTTCAAGTG_013,95
GCTTTGGCCCGGTTCAAGTG_014,118
GCTTTGGCCCGGTTCAAGTG_015,114
GCTTTGGCCCGGTTCAAGTG_016,70
GCTTTGGCCCGGTTCAAGTG_017,132
GCTTTGGCCCGGTTCAAGTG_018,27
GCTTTGGCCCGGTTCAAGTG_019,60
GCTTTGGCCCGGTTCAAGTG_020,87
GCTTTGGCCCGGTTCAAGTG_021,81
GGAGAGCTCTGACCTCCAAG_001,84
GGAGAGCTCTGACCTCCAAG_002,132
GGAGAGCTCTGACCTCCAAG_003,88
GGAGAGCTCTGACCTCCAAG_004,96
GGAGAGCTCTGACCTCCAAG_005,62
GGAGAGCTCTGACCTCCAAG_006,29
GGAGAGCTCTGACCTCCAAG_007,185
GGAGAGCTCTGACCTCCAAG_008,69
GGAGAGCTCTGACCTCCAAG_009,117
GGAGAGCTCTGACCTCCAAG_010,2
GGAGAGCTCTGACCTCCAAG_011,184
GGAGAGCTCTGACCTCCAAG_012,43
GGAGAGCTCTGACCTCCAAG_013,84
GGAGAGCTCTGACCTCCAAG_014,121
GGAGAGCTCTGACCTCCAAG_015,148
GGAGAGCTCTGACCTCCAAG_016,9
GGAGAGCTCTGACCTCCAAG_017,107
GGAGAGCTCTGACCTCCAAG_018,166
GGAGAGCTCTGACCTCCAAG_019,158
GGAGAGCTCTGACCTCCAAG_020,76
GGAGAGCTCTGACCTCCAAG_021,114
GGAGAGCTCTGACCTCCAAG_022,114
GGAGAGCTCTGACCTCCAAG_023,2
GTGTTGTCCTGACAAGCTGG_001,57
GTGTTGTCCTGACAAGCTGG_002,52
GTGTTGTCCTGACAAGCTGG_003,146
GTGTTGTCCTGACAAGCTGG_004,171
GTGTTGTCCTGACAAGCTGG_005,57
GTGTTGTCCTGACAAGCTGG_006,6
GTGTTGTCCTGACAAGCTGG_007,48
GTGTTGTCCTGACAAGCTGG_008,30
GTGTTGTCCTGACAAGCTGG_009,74
GTGTTGTCCTGACAAGCTGG_010,168
GTGTTGTCCTGACAAGCTGG_011,121
GTGTTGTCCTGACAAGCTGG_012,115
GTGTTGTCCTGACAAGCTGG_013,157
GTGTTGTCCTGACAAGCTGG_014,183
GTGTTGTCCTGACAAGCTGG_015,120
GTGTTGTCCTGACAAGCTGG_016,3
GTGTTGTCCTGACAAGCTGG_017,68
GTGTTGTCCTGACAAGCTGG_018,151
GTGTTGTCCTGACAAGCTGG_019,70
GTGTTGTCCTGACAAGCTGG_020,147
GTGTTGTCCTGACAAGCTGG_021,28
GTGTTGTCCTGACAAGCTGG_022,192
GTGTTGTCCTGACAAGCTGG_023,175
GTGTTGTCCTGACAAGCTGG_024,127
GTGTTGTCCTGACAAGCTGG_025,72
TATGGAACCACGGTTCAAAG_001,18
TATGGAACCACGGTTCAAAG_002,89
TATGGAACCACGGTTCAAAG_003,62
TATGGAACCACGGTTCAAAG_004,116
TATGGAACCACGGTTCAAAG_005,129
TATGGAACCACGGTTCAAAG_006,134
TATGGAACCACGGTTCAAAG_007,162
TATGGAACCACGGTTCAAAG_008,84
TATGGAACCACGGTTCAAAG_009,32
TATGGAACCACGGTTCAAAG_010,170
TATGGAACCACGGTTCAAAG_011,103
TATGGAACCACGGTTCAAAG_012,6
TATGGAACCACGGTTCAAAG_013,172
TATGGAACCACGGTTCAAAG_014,4
TATGGAACCACGGTTCAAAG_015,102
ACCCCCAGGTTTGCTCACGG_001,188
ACCCCCAGGTTTGCTCACGG_002,19
ACCCCCAGGTTTGCTCACGG_003,72
ACCCCCAGGTTTGCTCACGG_004,20
ACCCCCAGGTTTGCTCACGG_005,35
ACCCCCAGGTTTGCTCACGG_006,68
ACCCCCAGGTTTGCTCACGG_007,146
ACCCCCAGGTTTGCTCACGG_008,50
ACCCCCAGGTTTGCTCACGG_009,70
ACCCCCAGGTTTGCTCACGG_010,84
ACCCCCAGGTTTGCTCACGG_011,81
ACCCCCAGGTTTGCTCACGG_012,26
ACCCCCAGGTTTGCTCACGG_013,117
ACCCCCAGGTTTGCTCACGG_014,62
ACCCCCAGGTTTGCTCACGG_015,23
ACCCCCAGGTTTGCTCACGG_016,183
ACCCCCAGGTTTGCTCACGG_017,144
ACCCCCAGGTTTGCTCACGG_018,180
ACCCCCAGGTTTGCTCACGG_019,91
ACCCCCAGGTTTGCTCACGG_020,150
GACAGCGAAACTCTGGTAGT_001,65
GACAGCGAAACTCTGGTAGT_002,58
GACAGCGAAACTCTGGTAGT_003,130
GACAGCGAAACTCTGGTAGT_004,158
GACAGCGAAACTCTGGTAGT_005,174
GAGTTGGTGTAGGTTGCCAC_001,199
GAGTTGGTGTAGGTTGCCAC_002,105
GAGTTGGTGTAGGTTGCCAC_003,4
GAGTTGGTGTAGGTTGCCAC_004,121
GAGTTGGTGTAGGTTGCCAC_005,69
GAGTTGGTGTAGGTTGCCAC_006,4
GAGTTGGTGTAGGTTGCCAC_007,40
GCTGCGAGTGGCTCATGTAG_001,70
GCTGCGAGTGGCTCATGTAG_002,170
GCTGCGAGTGGCTCATGTAG_003,105
GCTGCGAGTGGCTCATGTAG_004,138
GCTGCGAGTGGCTCATGTAG_005,142
GCTGCGAGTGGCTCATGTAG_006,192
GCTGCGAGTGGCTCATGTAG_007,40
GCTGCGAGTGGCTCATGTAG_008,48
GCTGCGAGTGGCTCATGTAG_009,148
GCTGCGAGTGGCTCATGTAG_010,124
GCTGCGAGTGGCTCATGTAG_011,1
GCTGCGAGTGGCTCATGTAG_012,15
GCTGCGAGTGGCTCATGTAG_013,176
GCTGCGAGTGGCTCATGTAG_014,178
GCTGCGAGTGGCTCATGTAG_015,80
TGATGAAGACGTATACGGGG_001,84
TGATGAAGACGTATACGGGG_002,118
TGATGAAGACGTATACGGGG_003,65
TGATGAAGACGTATACGGGG_004,62
TGATGAAGACGTATACGGGG_005,43
GATCTGGCAGAACTTCGACT_001,175
GATCTGGCAGAACTTCGACT_002,11
GATCTGGCAGAACTTCGACT_003,1
GATCTGGCAGAACTTCGACT_004,128
GATCTGGCAGAACTTCGACT_005,25
GATCTGGCAGAACTTCGACT_006,89
GATCTGGCAGAACTTCGACT_007,36
GATCTGGCAGAACTTCGACT_008,161
GATCTGGCAGAACTTCGACT_009,176
GATGCTATTGTGATATCCTG_001,32
TGACAATCATCTACATTGTG_001,1
TGACAATCATCTACATTGTG_002,142
TGACAATCATCTACATTGTG_003,47
CCTGTGCAAAGAGTACTACG_001,185
CCTGTGCAAAGAGTACTACG_002,181
CCTGTGCAAAGAGTACTACG_003,24
CCTGTGCAAAGAGTACTACG_004,58
CCTGTGCAAAGAGTACTACG_005,103
ATGACGTTGATCGAGCCGGG_001,60
ATGACGTTGATCGAGCCGGG_002,145
ATGACGTTGATCGAGCCGGG_003,199
ATGACGTTGATCGAGCCGGG_004,163
ATGACGTTGATCGAGCCGGG_005,172
ATGACGTTGATCGAGCCGGG_006,12
ATGACGTTGATCGAGCCGGG_007,164
TAGATGTTTCCATTAAACCA_001,135
TAGATGTTTCCATTAAACCA_002,173
TAGATGTTTCCATTAAACCA_003,58
GATTACCAGACTTCTGCTAG_001,44
GATTACCAGACTTCTGCTAG_002,106
GATTACCAGACTTCTGCTAG_003,124
GATTACCAGACTTCTGCTAG_004,37
GATTACCAGACTTCTGCTAG_005,116
CCCAGGGCATCATTGATCTG_001,108
CCCAGGGCATCATTGATCTG_002,106
GTGTATGGGAATGCTACAGT_001,117
GTGTATGGGAATGCTACAGT_002,12
AAGTAGAACTCCTCCAGCTG_001,172
AAGTAGAACTCCTCCAGCTG_002,91
AAGTAGAACTCCTCCAGCTG_003,92
AAGTAGAACTCCTCCAGCTG_004,122
AAGTAGAACTCCTCCAGCTG_005,16
AAGTAGAACTCCTCCAGCTG_006,28
AAGTAGAACTCCTCCAGCTG_007,176
AAGTAGAACTCCTCCAGCTG_008,182
AAGTAGAACTCCTCCAGCTG_009,129
AAGTAGAACTCCTCCAGCTG_010,192
TCGTTCCTGAGCCGCCACGG_001,63
TCGTTCCTGAGCCGCCACGG_002,63
TCGTTCCTGAGCCGCCACGG_003,48
TCGTTCCTGAGCCGCCACGG_004,171
TCGTTCCTGAGCCGCCACGG_005,98
TCGTTCCTGAGCCGCCACGG_006,81
TCGTTCCTGAGCCGCCACGG_007,161
TCGTTCCTGAGCCGCCACGG_008,155
TCGTTCCTGAGCCGCCACGG_009,176
TCGTTCCTGAGCCGCCACGG_010,189
TCGTTCCTGAGCCGCCACGG_011,81
TCGTTCCTGAGCCGCCACGG_012,65
TCGTTCCTGAGCCGCCACGG_013,76
TCGTTCCTGAGCCGCCACGG_014,87
TCGTTCCTGAGCCGCCACGG_015,130
TCGTTCCTGAGCCGCCACGG_016,4
TCGTTCCTGAGCCGCCACGG_017,199
TCGTTCCTGAGCCGCCACGG_018,81
TCGTTCCTGAGCCGCCACGG_019,29
TCGTTCCTGAGCCGCCACGG_020,97
TCGTTCCTGAGCCGCCACGG_021,160
TCGTTCCTGAGCCGCCACGG_022,22
TCGTTCCTGAGCCGCCACGG_023,69
TCGTTCCTGAGCCGCCACGG_024,116
TCGTTCCTGAGCCGCCACGG_025,150
TCGTTCCTGAGCCGCCACGG_026,82
TCGTTCCTGAGCCGCCACGG_027,144
TCGTTCCTGAGCCGCCACGG_028,144
TCGTTCCTGAGCCGCCACGG_029,137
TCGTTCCTGAGCCGCCACGG_030,17
TCGTTCCTGAGCCGCCACGG_031,119
TCGTTCCTGAGCCGCCACGG_032,60
TCGTTCCTGAGCCGCCACGG_033,149
TCGTTCCTGAGCCGCCACGG_034,59
TCGTTCCTGAGCCGCCACGG_035,34
TCGTTCCTGAGCCGCCACGG_036,137
TCGTTCCTGAGCCGCCACGG_037,170
TCGTTCCTGAGCCGCCACGG_038,48
TCGTTCCTGAGCCGCCACGG_039,61
TCGTTCCTGAGCCGCCACGG_040,187
TCGTTCCTGAGCCGCCACGG_041,16
TCGTTCCTGAGCCGCCACGG_042,23
TCGTTCCTGAGCCGCCACGG_043,80
TCGTTCCTGAGCCGCCACGG_044,130
TCGTTCCTGAGCCGCCACGG_045,98
TCGTTCCTGAGCCGCCACGG_046,107
TCGTTCCTGAGCCGCCACGG_047,59
TCGTTCCTGAGCCGCCACGG_048,30
TCGTTCCTGAGCCGCCACGG_049,130
TCGTTCCTGAGCCGCCACGG_050,98
TCGTTCCTGAGCCGCCACGG_051,149
TCGTTCCTGAGCCGCCACGG_052,124
TCGTTCCTGAGCCGCCACGG_053,38
TCGTTCCTGAGCCGCCACGG_054,12
TCGTTCCTGAGCCGCCACGG_055,142
TCGTTCCTGAGCCGCCACGG_056,152
TCGTTCCTGAGCCGCCACGG_057,169
TCGTTCCTGAGCCGCCACGG_058,168
TCGTTCCTGAGCCGCCACGG_059,127
TCGTTCCTGAGCCGCCACGG_060,94
TCGTTCCTGAGCCGCCACGG_061,133
TCGTTCCTGAGCCGCCACGG_062,57
TCGTTCCTGAGCCGCCACGG_063,46
TCGTTCCTGAGCCGCCACGG_064,98
CCCACCAACCACGCTCAGGA_001,163
CCCACCAACCACGCTCAGGA_002,77
CCCACCAACCACGCTCAGGA_003,184
CCCACCAACCACGCTCAGGA_004,169
CCCACCAACCACGCTCAGGA_005,2
CCCACCAACCACGCTCAGGA_006,6
CCCACCAACCACGCTCAGGA_007,117
CCCACCAACCACGCTCAGGA_008,168
CCCACCAACCACGCTCAGGA_009,115
CCCACCAACCACGCTCAGGA_010,62
CCCACCAACCACGCTCAGGA_011,35
CCCACCAACCACGCTCAGGA_012,185
CCCACCAACCACGCTCAGGA_013,22
CCCACCAACCACGCTCAGGA_014,110
CCCACCAACCACGCTCAGGA_015,65
CCCACCAACCACGCTCAGGA_016,180
CCCACCAACCACGCTCAGGA_017,174
CCATGTGGACGAGTCCCCCG_001,83
TCCCTGGAGTGTAACCATTG_001,166
TCCCTGGAGTGTAACCATTG_002,151
TCCCTGGAGTGTAACCATTG_003,16
TCCCTGGAGTGTAACCATTG_004,82
TCCCTGGAGTGTAACCATTG_005,57
TCCCTGGAGTGTAACCATTG_006,142
TCCCTGGAGTGTAACCATTG_007,145
TCCCTGGAGTGTAACCATTG_008,127
ATTTAAGATACTTACACAGT_001,117
ATTTAAGATACTTACACAGT_002,169
ATTTAAGATACTTACACAGT_003,56
CCAAGCGTCGCAATTCAGAA_001,147
CCAAGCGTCGCAATTCAGAA_002,128
CCAAGCGTCGCAATTCAGAA_003,27
CCAAGCGTCGCAATTCAGAA_004,147
CCAAGCGTCGCAATTCAGAA_005,151
CCAAGCGTCGCAATTCAGAA_006,49
CCAAGCGTCGCAATTCAGAA_007,176
CCAAGCGTCGCAATTCAGAA_008,42
CCACACAAGAAAAAAATGAC_001,149
CCACACAAGAAAAAAATGAC_002,133
GAAACGCTCGTCGTTCACCA_001,126
GAAACGCTCGTCGTTCACCA_002,99
GAAACGCTCGTCGTTCACCA_003,177
GGAAAAGCTCGGGTCCGACG_001,147
GGAAAAGCTCGGGTCCGACG_002,195
GGAAAAGCTCGGGTCCGACG_003,132
GGAAAAGCTCGGGTCCGACG_004,102
GGAAAAGCTCGGGTCCGACG_005,141
GGAAAAGCTCGGGTCCGACG_006,121
GGAAAAGCTCGGGTCCGACG_007,57
GGAAAAGCTCGGGTCCGACG_008,145
GGAAAAGCTCGGGTCCGACG_009,29
GGAAAAGCTCGGGTCCGACG_010,15
GGAAAAGCTCGGGTCCGACG_011,107
GGAAAAGCTCGGGTCCGACG_012,35
GGAAAAGCTCGGGTCCGACG_013,125
GGAAAAGCTCGGGTCCGACG_014,27
GGAAAAGCTCGGGTCCGACG_015,70
GGAAAAGCTCGGGTCCGACG_016,184
GGAAAAGCTCGGGTCCGACG_017,162
GGTCACAATATTCAAACACC_001,124
GGTCACAATATTCAAACACC_002,49
ACTTACTAAAGTGTATCTGG_001,29
ACTTACTAAAGTGTATCTGG_002,34
ACTTACTAAAGTGTATCTGG_003,26
ACTTACTAAAGTGTATCTGG_004,158
TGCCTGAAGAAGTGCTAACA_001,9
TGCCTGAAGAAGTGCTAACA_002,27
TGCCTGAAGAAGTGCTAACA_003,141
TGCCTGAAGAAGTGCTAACA_004,34
TGCCTGAAGAAGTGCTAACA_005,145
TGCCTGAAGAAGTGCTAACA_006,119
TGCCTGAAGAAGTGCTAACA_007,20
TGCCTGAAGAAGTGCTAACA_008,40
TGCCTGAAGAAGTGCTAACA_009,151
TGCCTGAAGAAGTGCTAACA_010,43
TGCCTGAAGAAGTGCTAACA_011,187
TGCCTGAAGAAGTGCTAACA_012,121
TGCCTGAAGAAGTGCTAACA_013,42
TGCCTGAAGAAGTGCTAACA_014,13
TGCCTGAAGAAGTGCTAACA_015,80
TGCCTGAAGAAGTGCTAACA_016,8
TGCCTGAAGAAGTGCTAACA_017,6
TGCCTGAAGAAGTGCTAACA_018,131
TGCCTGAAGAAGTGCTAACA_019,2
TGCCTGAAGAAGTGCTAACA_020,106
TGCCTGAAGAAGTGCTAACA_021,106
TGCCTGAAGAAGTGCTAACA_022,191
TGCCTGAAGAAGTGCTAACA_023,90
TGCCTGAAGAAGTGCTAACA_024,33
ATCCTCCAAGCCCTGCAGGA_001,161
ATCCTCCAAGCCCTGCAGGA_002,17
ATCCTCCAAGCCCTGCAGGA_003,60
ATCCTCCAAGCCCTGCAGGA_004,68
ATCCTCCAAGCCCTGCAGGA_005,92
ATCCTCCAAGCCCTGCAGGA_006,89
ATCCTCCAAGCCCTGCAGGA_007,62
ATCCTCCAAGCCCTGCAGGA_008,153
ATCCTCCAAGCCCTGCAGGA_009,141
ATCCTCCAAGCCCTGCAGGA_010,132
ATCCTCCAAGCCCTGCAGGA_011,9
ATCCTCCAAGCCCTGCAGGA_012,77
ATCCTCCAAGCCCTGCAGGA_013,49
ATCCTCCAAGCCCTGCAGGA_014,83
ATCCTCCAAGCCCTGCAGGA_015,8
ATCCTCCAAGCCCTGCAGGA_016,174
ATCCTCCAAGCCCTGCAGGA_017,59
ATCCTCCAAGCCCTGCAGGA_018,74
ATCCTCCAAGCCCTGCAGGA_019,96
ATCCTCCAAGCCCTGCAGGA_020,180
ATCCTCCAAGCCCTGCAGGA_021,71
ATCCTCCAAGCCCTGCAGGA_022,154
ATCCTCCAAGCCCTGCAGGA_023,43
ATCCTCCAAGCCCTGCAGGA_024,97
ATCCTCCAAGCCCTGCAGGA_025,162
ATCCTCCAAGCCCTGCAGGA_026,60
ATCCTCCAAGCCCTGCAGGA_027,193
ATCCTCCAAGCCCTGCAGGA_028,23
ATCCTCCAAGCCCTGCAGGA_029,49
ATCCTCCAAGCCCTGCAGGA_030,54
ATCCTCCAAGCCCTGCAGGA_031,154
ATCCTCCAAGCCCTGCAGGA_032,42
ATCCTCCAAGCCCTGCAGGA_033,134
ATCCTCCAAGCCCTGCAGGA_034,3
ATCCTCCAAGCCCTGCAGGA_035,23
ATCCTCCAAGCCCTGCAGGA_036,51
ATCCTCCAAGCCCTGCAGGA_037,66
ATCCTCCAAGCCCTGCAGGA_038,144
ATCCTCCAAGCCCTGCAGGA_039,127
ATCCTCCAAGCCCTGCAGGA_040,175
ATCCTCCAAGCCCTGCAGGA_041,136
ATCCTCCAAGCCCTGCAGGA_042,102
ATCCTCCAAGCCCTGCAGGA_043,147
ATCCTCCAAGCCCTGCAGGA_044,69
ATCCTCCAAGCCCTGCAGGA_045,152
ATCCTCCAAGCCCTGCAGGA_046,191
ATCCTCCAAGCCCTGCAGGA_047,43
ATCCTCCAAGCCCTGCAGGA_048,198
GTACCCGCTGCTGAACACCG_001,150
GTACCCGCTGCTGAACACCG_002,29
GTACCCGCTGCTGAACACCG_003,146
GTACCCGCTGCTGAACACCG_004,181
GTACCCGCTGCTGAACACCG_005,16
GTACCCGCTGCTGAACACCG_006,40
GTACCCGCTGCTGAACACCG_007,16
GTACCCGCTGCTGAACACCG_008,191
GTACCCGCTGCTGAACACCG_009,69
GTACCCGCTGCTGAACACCG_010,141
GTACCCGCTGCTGAACACCG_011,94
ACAGGATTATCACATTACCA_001,70
ACAGGATTATCACATTACCA_002,142
ACAGGATTATCACATTACCA_003,169
CCCTACACGACACTTGAGAG_001,190
CCCTACACGACACTTGAGAG_002,141
CCCTACACGACACTTGAGAG_003,108
CCCTACACGACACTTGAGAG_004,114
CCCTACACGACACTTGAGAG_005,127
CCCTACACGACACTTGAGAG_006,108
CCCTACACGACACTTGAGAG_007,121
CCCTACACGACACTTGAGAG_008,140
CCCTACACGACACTTGAGAG_009,50
GGGTCACAGCTAATTTGATG_001,96
GGGTCACAGCTAATTTGATG_002,191
GGGTCACAGCTAATTTGATG_003,170
GGGTCACAGCTAATTTGATG_004,63
GGGTCACAGCTAATTTGATG_005,107
GGGTCACAGCTAATTTGATG_006,107
GGGTCACAGCTAATTTGATG_007,39
TCCAGATCAACAGCCACTAC_001,29
TCCAGATCAACAGCCACTAC_002,50
TCCAGATCAACAGCCACTAC_003,50
TCCAGATCAACAGCCACTAC_004,141
ACCTCAGGTCAGGACTCCAG_001,18
ACCTCAGGTCAGGACTCCAG_002,198
ACCTCAGGTCAGGACTCCAG_003,48
ACCTCAGGTCAGGACTCCAG_004,147
ACCTCAGGTCAGGACTCCAG_005,6
ACCTCAGGTCAGGACTCCAG_006,183
ACCTCAGGTCAGGACTCCAG_007,96
ACCTCAGGTCAGGACTCCAG_008,56
ACCTCAGGTCAGGACTCCAG_009,66
ACCTCAGGTCAGGACTCCAG_010,138
CAACACTGGAGTTCTCAGCG_001,152
CAACACTGGAGTTCTCAGCG_002,90
CAACACTGGAGTTCTCAGCG_003,77
CAACACTGGAGTTCTCAGCG_004,40
CAACACTGGAGTTCTCAGCG_005,45
CAACACTGGAGTTCTCAGCG_006,148
CAACACTGGAGTTCTCAGCG_007,44
CAACACTGGAGTTCTCAGCG_008,19
CAACACTGGAGTTCTCAGCG_009,108
CAACACTGGAGTTCTCAGCG_010,156
CAACACTGGAGTTCTCAGCG_011,162
CAACACTGGAGTTCTCAGCG_012,58
CAACACTGGAGTTCTCAGCG_013,183
CAACACTGGAGTTCTCAGCG_014,144
CAACACTGGAGTTCTCAGCG_015,68
CAACACTGGAGTTCTCAGCG_016,181
GCTGCAGCTTCTTCCAATAG_001,193
GCTGCAGCTTCTTCCAATAG_002,149
GCATCCTTTCGGCCACATTG_001,40
GCATCCTTTCGGCCACATTG_002,60
GCATCCTTTCGGCCACATTG_003,107
GCATCCTTTCGGCCACATTG_004,38
GCATCCTTTCGGCCACATTG_005,108
GCATCCTTTCGGCCACATTG_006,66
GCATCCTTTCGGCCACATTG_007,72
GCATCCTTTCGGCCACATTG_008,116
GCATCCTTTCGGCCACATTG_009,20
GCATCCTTTCGGCCACATTG_010,188
GCATCCTTTCGGCCACATTG_011,49
AGGACGAGCATTTCTTCGTG_001,9
AGGACGAGCATTTCTTCGTG_002,118
AGGACGAGCATTTCTTCGTG_003,32
AGGACGAGCATTTCTTCGTG_004,101
AGGACGAGCATTTCTTCGTG_005,158
AGGACGAGCATTTCTTCGTG_006,77
AGGACGAGCATTTCTTCGTG_007,198
AGGACGAGCATTTCTTCGTG_008,153
AGGACGAGCATTTCTTCGTG_009,183
CCAACAACGACCGTCTAGAG_001,151
CCAACAACGACCGTCTAGAG_002,34
CCAACAACGACCGTCTAGAG_003,94
CCAACAACGACCGTCTAGAG_004,19
CATGGCAAACCCCAGCATCA_001,130
CATGGCAAACCCCAGCATCA_002,70
CATGGCAAACCCCAGCATCA_003,141
CATGGCAAACCCCAGCATCA_004,32
CATGGCAAACCCCAGCATCA_005,84
CATGGCAAACCCCAGCATCA_006,127
CATGGCAAACCCCAGCATCA_007,191
CATGGCAAACCCCAGCATCA_008,60
CATGGCAAACCCCAGCATCA_009,86
CATGGCAAACCCCAGCATCA_010,162
CATGGCAAACCCCAGCATCA_011,177
CATGGCAAACCCCAGCATCA_012,169
CATGGCAAACCCCAGCATCA_013,61
CATGGCAAACCCCAGCATCA_014,27
CATGGCAAACCCCAGCATCA_015,170
CATGGCAAACCCCAGCATCA_016,40
CATGGCAAACCCCAGCATCA_017,158
CATGGCAAACCCCAGCATCA_018,119
CATGGCAAACCCCAGCATCA_019,147
CATGGCAAACCCCAGCATCA_020,58
CATGGCAAACCCCAGCATCA_021,166
CATGGCAAACCCCAGCATCA_022,190
CACCGGGTCGGATGACACAG_001,166
CACCGGGTCGGATGACACAG_002,198
CACCGGGTCGGATGACACAG_003,194
CACCGGGTCGGATGACACAG_004,63
CACCGGGTCGGATGACACAG_005,77
CACCGGGTCGGATGACACAG_006,12
CACCGGGTCGGATGACACAG_007,114
CACCGGGTCGGATGACACAG_008,152
CACCGGGTCGGATGACACAG_009,48
CACCGGGTCGGATGACACAG_010,141
CACCGGGTCGGATGACACAG_011,44
CACCGGGTCGGATGACACAG_012,76
CACCGGGTCGGATGACACAG_013,138
TTGGCCAGGGATCTTACTAT_001,106
TTGGCCAGGGATCTTACTAT_002,94
TTGGCCAGGGATCTTACTAT_003,98
CCTCTCCGATTAGTGTCTCG_001,162
CCTCTCCGATTAGTGTCTCG_002,150
CCTCTCCGATTAGTGTCTCG_003,65
CCTCTCCGATTAGTGTCTCG_004,153
CCTCTCCGATTAGTGTCTCG_005,162
CCTCTCCGATTAGTGTCTCG_006,88
CCTCTCCGATTAGTGTCTCG_007,56
CCTCTCCGATTAGTGTCTCG_008,190
CCTCTCCGATTAGTGTCTCG_009,186
TGCCCAGACTTGGCTGACAC_001,130
TGCCCAGACTTGGCTGACAC_002,194
TGCCCAGACTTGGCTGACAC_003,19
TGCCCAGACTTGGCTGACAC_004,154
TGCCCAGACTTGGCTGACAC_005,124
TGCCCAGACTTGGCTGACAC_006,170
TGCCCAGACTTGGCTGACAC_007,163
TGCCCAGACTTGGCTGACAC_008,35
TGCCCAGACTTGGCTGACAC_009,135
TGCCCAGACTTGGCTGACAC_010,143
TGCCCAGACTTGGCTGACAC_011,143
TGCCCAGACTTGGCTGACAC_012,105
TGCCCAGACTTGGCTGACAC_013,119
TGCCCAGACTTGGCTGACAC_014,9
TGCCCAGACTTGGCTGACAC_015,68
TGCCCAGACTTGGCTGACAC_016,121
TGCCCAGACTTGGCTGACAC_017,76
TGCCCAGACTTGGCTGACAC_018,5
TGCCCAGACTTGGCTGACAC_019,124
TGCCCAGACTTGGCTGACAC_020,82
TGCCCAGACTTGGCTGACAC_021,158
TGCCCAGACTTGGCTGACAC_022,88
TGCCCAGACTTGGCTGACAC_023,117
TGCCCAGACTTGGCTGACAC_024,15
TGCCCAGACTTGGCTGACAC_025,19
TGCCCAGACTTGGCTGACAC_026,11
TGCCCAGACTTGGCTGACAC_027,39
TGCCCAGACTTGGCTGACAC_028,142
TGCCCAGACTTGGCTGACAC_029,157
TCCATGTGCAGAACCAACAG_001,48
TCCATGTGCAGAACCAACAG_002,122
TCCATGTGCAGAACCAACAG_003,53
TCCATGTGCAGAACCAACAG_004,94
TCCATGTGCAGAACCAACAG_005,88
TCCATGTGCAGAACCAACAG_006,174
TCCATGTGCAGAACCAACAG_007,168
TCCATGTGCAGAACCAACAG_008,157
TCCATGTGCAGAACCAACAG_009,53
TCCATGTGCAGAACCAACAG_010,112
TCCATGTGCAGAACCAACAG_011,136
TCCATGTGCAGAACCAACAG_012,41
TCCATGTGCAGAACCAACAG_013,127
AAGAGTCGGGAAAAGACTTG_001,184
AAGAGTCGGGAAAAGACTTG_002,118
AAGAGTCGGGAAAAGACTTG_003,65
CAAGCAGCTGTCCACCGGCG_001,186
CAAGCAGCTGTCCACCGGCG_002,8
CAAGCAGCTGTCCACCGGCG_003,5
CAAGCAGCTGTCCACCGGCG_004,83
CAAGCAGCTGTCCACCGGCG_005,148
CAAGCAGCTGTCCACCGGCG_006,112
CAAGCAGCTGTCCACCGGCG_007,91
CAAGCAGCTGTCCACCGGCG_008,199
CAAGCAGCTGTCCACCGGCG_009,169
CAAGCAGCTGTCCACCGGCG_010,15
CAAGCAGCTGTCCACCGGCG_011,78
CAAGCAGCTGTCCACCGGCG_012,69
CAAGCAGCTGTCCACCGGCG_013,48
CTGGTATGCCAAACTTGATG_001,133
GGATCTAGCTACCTCAAAAG_001,138
GGATCTAGCTACCTCAAAAG_002,22
GGATCTAGCTACCTCAAAAG_003,58
GGATCTAGCTACCTCAAAAG_004,122
GGATCTAGCTACCTCAAAAG_005,145
GGATCTAGCTACCTCAAAAG_006,10
GGATCTAGCTACCTCAAAAG_007,106
GGATCTAGCTACCTCAAAAG_008,14
ACAGTCACTTCCATGAGTTG_001,141
ACAGTCACTTCCATGAGTTG_002,163
ACAGTCACTTCCATGAGTTG_003,26
ACAGTCACTTCCATGAGTTG_004,76
GGCTGCAGTGGTGTAGCGAG_001,108
GGCTGCAGTGGTGTAGCGAG_002,188
GGCTGCAGTGGTGTAGCGAG_003,103
GGCTGCAGTGGTGTAGCGAG_004,59
GGCTGCAGTGGTGTAGCGAG_005,28
GGCTGCAGTGGTGTAGCGAG_006,22
GGCTGCAGTGGTGTAGCGAG_007,144
GGCTGCAGTGGTGTAGCGAG_008,91
GGCTGCAGTGGTGTAGCGAG_009,13
AACCTACTGCATTGACAACG_001,170
AACCTACTGCATTGACAACG_002,77
AACCTACTGCATTGACAACG_003,102
AACCTACTGCATTGACAACG_004,64
AACCTACTGCATTGACAACG_005,176
AACCTACTGCATTGACAACG_006,177
AACCTACTGCATTGACAACG_007,65
AACCTACTGCATTGACAACG_008,107
AACCTACTGCATTGACAACG_009,147
AACCTACTGCATTGACAACG_010,32
AACCTACTGCATTGACAACG_011,151
AACCTACTGCATTGACAACG_012,81
AACCTACTGCATTGACAACG_013,184
AACCTACTGCATTGACAACG_014,145
AACCTACTGCATTGACAACG_015,15
AACCTACTGCATTGACAACG_016,147
AACCTACTGCATTGACAACG_017,4
AACCTACTGCATTGACAACG_018,38
AACCTACTGCATTGACAACG_019,198
GGGGCACGATGACCGCCTCG_001,181
GGGGCACGATGACCGCCTCG_002,169
GGGGCACGATGACCGCCTCG_003,130
GGGGCACGATGACCGCCTCG_004,106
GGGGCACGATGACCGCCTCG_005,19
GGGGCACGATGACCGCCTCG_006,78
GGGGCACGATGACCGCCTCG_007,49
GGGGCACGATGACCGCCTCG_008,62
TGATGAGTTCCCGATCGCGG_001,177
GTTCAACGAGTTCGTGAACA_001,183
GTTCAACGAGTTCGTGAACA_002,2
AGGATCCTGGGACATTAGGG_001,70
AGGATCCTGGGACATTAGGG_002,162
AGGATCCTGGGACATTAGGG_003,20
AGGATCCTGGGACATTAGGG_004,20
AGGATCCTGGGACATTAGGG_005,94
AGGATCCTGGGACATTAGGG_006,183
AGGATCCTGGGACATTAGGG_007,10
AGGATCCTGGGACATTAGGG_008,178
AGGATCCTGGGACATTAGGG_009,108
AGGATCCTGGGACATTAGGG_010,156
AGGATCCTGGGACATTAGGG_011,69
AGGATCCTGGGACATTAGGG_012,152
AGGATCCTGGGACATTAGGG_013,96
AGGATCCTGGGACATTAGGG_014,178
AGGATCCTGGGACATTAGGG_015,46
AGGATCCTGGGACATTAGGG_016,140
AGGATCCTGGGACATTAGGG_017,197
AGGATCCTGGGACATTAGGG_018,124
AGGATCCTGGGACATTAGGG_019,30
AGGATCCTGGGACATTAGGG_020,85
AGGATCCTGGGACATTAGGG_021,158
AGGATCCTGGGACATTAGGG_022,58
AGGATCCTGGGACATTAGGG_023,176
AGGATCCTGGGACATTAGGG_024,148
AGGATCCTGGGACATTAGGG_025,114
AGGATCCTGGGACATTAGGG_026,114
AGGATCCTGGGACATTAGGG_027,145
AGGATCCTGGGACATTAGGG_028,23
TCCTCATCAAGGTATTTCGC_001,32
TCCTCATCAAGGTATTTCGC_002,10
ATGGGGGAGCGGACACACGA_001,85
ATGGGGGAGCGGACACACGA_002,141
ATGGGGGAGCGGACACACGA_003,1
ATGGGGGAGCGGACACACGA_004,183
ATGGGGGAGCGGACACACGA_005,153
ATGGGGGAGCGGACACACGA_006,60
ATGGGGGAGCGGACACACGA_007,188
ATGGGGGAGCGGACACACGA_008,178
ATGGGGGAGCGGACACACGA_009,169
ATGGGGGAGCGGACACACGA_010,29
ATGGGGGAGCGGACACACGA_011,23
ATGGGGGAGCGGACACACGA_012,21
ATGGGGGAGCGGACACACGA_013,53
ATGGGGGAGCGGACACACGA_014,63
ATGGGGGAGCGGACACACGA_015,1
ATGGGGGAGCGGACACACGA_016,103
ATGGGGGAGCGGACACACGA_017,135
ATGGGGGAGCGGACACACGA_018,41
ATGGGGGAGCGGACACACGA_019,41
ATGGGGGAGCGGACACACGA_020,153
ATGGGGGAGCGGACACACGA_021,48
ATGGGGGAGCGGACACACGA_022,108
ATGGGGGAGCGGACACACGA_023,104
ATGGGGGAGCGGACACACGA_024,137
ATGGGGGAGCGGACACACGA_025,34
ATGGGGGAGCGGACACACGA_026,1
ATGGGGGAGCGGACACACGA_027,22
ATGGGGGAGCGGACACACGA_028,118
ATGGGGGAGCGGACACACGA_029,124
ATGGGGGAGCGGACACACGA_030,56
ATGGGGGAGCGGACACACGA_031,120
ATGGGGGAGCGGACACACGA_032,14
ATGGGGGAGCGGACACACGA_033,130
ATGGGGGAGCGGACACACGA_034,61
ATGGGGGAGCGGACACACGA_035,11
ATGGGGGAGCGGACACACGA_036,105
ATGGGGGAGCGGACACACGA_037,44
ATGGGGGAGCGGACACACGA_038,84
ATGGGGGAGCGGACACACGA_039,8
ATGGGGGAGCGGACACACGA_040,114
ATGGGGGAGCGGACACACGA_041,184
ATGGGGGAGCGGACACACGA_042,19
ATGGGGGAGCGGACACACGA_043,105
ATGGGGGAGCGGACACACGA_044,140
ATGGGGGAGCGGACACACGA_045,40
ATGGGGGAGCGGACACACGA_046,105
ATGGGGGAGCGGACACACGA_047,79
ATGGGGGAGCGGACACACGA_048,58
ATGGGGGAGCGGACACACGA_049,98
ATGGGGGAGCGGACACACGA_050,15
ATGGGGGAGCGGACACACGA_051,15
ATGGGGGAGCGGACACACGA_052,160
ATGGGGGAGCGGACACACGA_053,50
ATGGGGGAGCGGACACACGA_054,16
ATGGGGGAGCGGACACACGA_055,88
ATGGGGGAGCGGACACACGA_056,102
ATGGGGGAGCGGACACACGA_057,129
ATGGGGGAGCGGACACACGA_058,132
ATGGGGGAGCGGACACACGA_059,71
ATGGGGGAGCGGACACACGA_060,53
ATGGGGGAGCGGACACACGA_061,56
ATGGGGGAGCGGACACACGA_062,88
ATGGGGGAGCGGACACACGA_063,2
ATGGGGGAGCGGACACACGA_064,189
ATGGGGGAGCGGACACACGA_065,181
ATGGGGGAGCGGACACACGA_066,139
ATGGGGGAGCGGACACACGA_067,122
ATGGGGGAGCGGACACACGA_068,104
ATGGGGGAGCGGACACACGA_069,162
ATGGGGGAGCGGACACACGA_070,33
ATGGGGGAGCGGACACACGA_071,148
ATGGGGGAGCGGACACACGA_072,174
ATGGGGGAGCGGACACACGA_073,98
ATGGGGGAGCGGACACACGA_074,150
ATGGGGGAGCGGACACACGA_075,76
ATGGGGGAGCGGACACACGA_076,102
ATGGGGGAGCGGACACACGA_077,118
ATGGGGGAGCGGACACACGA_078,19
ATGGGGGAGCGGACACACGA_079,94
ATGGGGGAGCGGACACACGA_080,27
ATGGGGGAGCGGACACACGA_081,72
ATGGGGGAGCGGACACACGA_082,43
ATGGGGGAGCGGACACACGA_083,79
ATGGGGGAGCGGACACACGA_084,62
ATGGGGGAGCGGACACACGA_085,49
ATGGGGGAGCGGACACACGA_086,2
ATGGGGGAGCGGACACACGA_087,150
ATGGGGGAGCGGACACACGA_088,58
ATGGGGGAGCGGACACACGA_089,3
ATGGGGGAGCGGACACACGA_090,192
ATGGGGGAGCGGACACACGA_091,52
ATGGGGGAGCGGACACACGA_092,0
TATTTCACTTAACGAAGCAC_001,154
TATTTCACTTAACGAAGCAC_002,125
TATTTCACTTAACGAAGCAC_003,104
TATTTCACTTAACGAAGCAC_004,13
TGTTGCCTGATCATTCAATG_001,88
TGTTGCCTGATCATTCAATG_002,129
TGTTGCCTGATCATTCAATG_003,49
TGTTGCCTGATCATTCAATG_004,17
TGTTGCCTGATCATTCAATG_005,127
TGTTGCCTGATCATTCAATG_006,2
CTTCCCCGCCTCATTACCAG_001,95
CTTCCCCGCCTCATTACCAG_002,144
CTTCCCCGCCTCATTACCAG_003,17
CTTCCCCGCCTCATTACCAG_004,88
CTTCCCCGCCTCATTACCAG_005,29
CTTCCCCGCCTCATTACCAG_006,168
CTTCCCCGCCTCATTACCAG_007,177
CTTCCCCGCCTCATTACCAG_008,155
AGTGATGTGACAACGTGAGG_001,76
AGTGATGTGACAACGTGAGG_002,60
AGTGATGTGACAACGTGAGG_003,24
AGTGATGTGACAACGTGAGG_004,68
AGTGATGTGACAACGTGAGG_005,7
AGTGATGTGACAACGTGAGG_006,85
AGTGATGTGACAACGTGAGG_007,182
GAACGACTGTTGTCACAACA_001,166
GAACGACTGTTGTCACAACA_002,158
GAACGACTGTTGTCACAACA_003,145
GAACGACTGTTGTCACAACA_004,170
GAACGACTGTTGTCACAACA_005,12
GAACGACTGTTGTCACAACA_006,117
GAACGACTGTTGTCACAACA_007,98
GAGGCTGTAGTCGTTATCGA_001,178
GAGGCTGTAGTCGTTATCGA_002,94
GAGGCTGTAGTCGTTATCGA_003,121
GAGGCTGTAGTCGTTATCGA_004,43
GAGGCTGTAGTCGTTATCGA_005,147
GAGGCTGTAGTCGTTATCGA_006,190
GAGGCTGTAGTCGTTATCGA_007,138
GAGGCTGTAGTCGTTATCGA_008,88
GAGGCTGTAGTCGTTATCGA_009,114
GAGGCTGTAGTCGTTATCGA_010,114
GAGGCTGTAGTCGTTATCGA_011,41
GAGGCTGTAGTCGTTATCGA_012,88
GAGGCTGTAGTCGTTATCGA_013,88
GAGGCTGTAGTCGTTATCGA_014,6
GAGGCTGTAGTCGTTATCGA_015,28
GAGGCTGTAGTCGTTATCGA_016,32
GAGGCTGTAGTCGTTATCGA_017,56
GAGGCTGTAGTCGTTATCGA_018,166
GAGGCTGTAGTCGTTATCGA_019,184
GAGGCTGTAGTCGTTATCGA_020,84
GAGGCTGTAGTCGTTATCGA_021,96
GAGGCTGTAGTCGTTATCGA_022,194
GAGGCTGTAGTCGTTATCGA_023,136
GAGGCTGTAGTCGTTATCGA_024,96
GAGGCTGTAGTCGTTATCGA_025,80
GAGGCTGTAGTCGTTATCGA_026,98
GAGGCTGTAGTCGTTATCGA_027,49
ATGAGAAGCTATCTTTACGA_001,72
ATGAGAAGCTATCTTTACGA_002,42
CCACTGGGGATCGTTCAGTG_001,148
CCACTGGGGATCGTTCAGTG_002,179
CCACTGGGGATCGTTCAGTG_003,179
CCACTGGGGATCGTTCAGTG_004,98
CCACTGGGGATCGTTCAGTG_005,28
CCACTGGGGATCGTTCAGTG_006,39
TGGGTGAACGTACATTAACG_001,151
TGGGTGAACGTACATTAACG_002,69
TGGGTGAACGTACATTAACG_003,40
TGGGTGAACGTACATTAACG_004,44
TGGGTGAACGTACATTAACG_005,61
CCCTGTCTGCCAATATCGAG_001,42
CCCTGTCTGCCAATATCGAG_002,85
CCCTGTCTGCCAATATCGAG_003,132
CCCTGTCTGCCAATATCGAG_004,22
CCCTGTCTGCCAATATCGAG_005,198
CCCTGTCTGCCAATATCGAG_006,88
CCCTGTCTGCCAATATCGAG_007,103
CCCTGTCTGCCAATATCGAG_008,24
CCCTGTCTGCCAATATCGAG_009,14
CCCTGTCTGCCAATATCGAG_010,56
CCCTGTCTGCCAATATCGAG_011,17
GTCTAATATAAAACACACCG_001,173
GTCTAATATAAAACACACCG_002,70
TCCAGCTCACATTCCCACTG_001,190
TCCAGCTCACATTCCCACTG_002,187
TCCAGCTCACATTCCCACTG_003,82
TCCAGCTCACATTCCCACTG_004,12
TCCAGCTCACATTCCCACTG_005,145
TCCAGCTCACATTCCCACTG_006,25
AGGACATCCTGGGTGAAGCA_001,11
AGGACATCCTGGGTGAAGCA_002,5
AGGACATCCTGGGTGAAGCA_003,74
AGGACATCCTGGGTGAAGCA_004,175
AGGACATCCTGGGTGAAGCA_005,113
AGGACATCCTGGGTGAAGCA_006,100
AGGACATCCTGGGTGAAGCA_007,141
AGGACATCCTGGGTGAAGCA_008,92
AGGACATCCTGGGTGAAGCA_009,141
AGGACATCCTGGGTGAAGCA_010,108
AGGACATCCTGGGTGAAGCA_011,47
AGGACATCCTGGGTGAAGCA_012,43
AGGACATCCTGGGTGAAGCA_013,48
AGGACATCCTGGGTGAAGCA_014,133
AGGACATCCTGGGTGAAGCA_015,176
CCATCAACCTCAAGTACCAA_001,105
CCATCAACCTCAAGTACCAA_002,130
CCATCAACCTCAAGTACCAA_003,50
CCATCAACCTCAAGTACCAA_004,31
CCATCAACCTCAAGTACCAA_005,134
CCATCAACCTCAAGTACCAA_006,105
CCATCAACCTCAAGTACCAA_007,152
CCATCAACCTCAAGTACCAA_008,188
CCATCAACCTCAAGTACCAA_009,15
CCATCAACCTCAAGTACCAA_010,67
CCATCAACCTCAAGTACCAA_011,52
CCATCAACCTCAAGTACCAA_012,132
CCATCAACCTCAAGTACCAA_013,145
CCATCAACCTCAAGTACCAA_014,150
CCATCAACCTCAAGTACCAA_015,198
CCATCAACCTCAAGTACCAA_016,81
CCATCAACCTCAAGTACCAA_017,13
CCATCAACCTCAAGTACCAA_018,129
CCATCAACCTCAAGTACCAA_019,9
CCATCAACCTCAAGTACCAA_020,83
CCATCAACCTCAAGTACCAA_021,77
CCATCAACCTCAAGTACCAA_022,27
TATGGATGAACAGAATCCCA_001,157
TATGGATGAACAGAATCCCA_002,144
TATGGATGAACAGAATCCCA_003,26
TATGGATGAACAGAATCCCA_004,26
TATGGATGAACAGAATCCCA_005,74
TTACCAAACTCAGGCTTCGG_001,130
TTACCAAACTCAGGCTTCGG_002,172
TTACCAAACTCAGGCTTCGG_003,174
TTACCAAACTCAGGCTTCGG_004,160
TTACCAAACTCAGGCTTCGG_005,70
TTACCAAACTCAGGCTTCGG_006,93
TTACCAAACTCAGGCTTCGG_007,11
GAGTGCCACTCGTGACATGG_001,172
GAGTGCCACTCGTGACATGG_002,42
GAGTGCCACTCGTGACATGG_003,148
GGCAGCGGCTGGTCGGACGT_001,78
GGCAGCGGCTGGTCGGACGT_002,137
GGCAGCGGCTGGTCGGACGT_003,0
GGCAGCGGCTGGTCGGACGT_004,142
GGCAGCGGCTGGTCGGACGT_005,8
GGCAGCGGCTGGTCGGACGT_006,48
GGCAGCGGCTGGTCGGACGT_007,171
GGCAGCGGCTGGTCGGACGT_008,170
GGCAGCGGCTGGTCGGACGT_009,99
GGCAGCGGCTGGTCGGACGT_010,57
GGCAGCGGCTGGTCGGACGT_011,155
GGCAGCGGCTGGTCGGACGT_012,3
GGCAGCGGCTGGTCGGACGT_013,155
GGCAGCGGCTGGTCGGACGT_014,153
GGCAGCGGCTGGTCGGACGT_015,159
GGCAGCGGCTGGTCGGACGT_016,174
GGCAGCGGCTGGTCGGACGT_017,199
GGCAGCGGCTGGTCGGACGT_018,120
GGCAGCGGCTGGTCGGACGT_019,188
GGCAGCGGCTGGTCGGACGT_020,92
GGCAGCGGCTGGTCGGACGT_021,169
GGCAGCGGCTGGTCGGACGT_022,139
GGCAGCGGCTGGTCGGACGT_023,106
GGCAGCGGCTGGTCGGACGT_024,177
GGCAGCGGCTGGTCGGACGT_025,197
GGCAGCGGCTGGTCGGACGT_026,117
GGCAGCGGCTGGTCGGACGT_027,161
GGCAGCGGCTGGTCGGACGT_028,129
GGCAGCGGCTGGTCGGACGT_029,75
GGCAGCGGCTGGTCGGACGT_030,158
GGCAGCGGCTGGTCGGACGT_031,30
GGCAGCGGCTGGTCGGACGT_032,46
GGCAGCGGCTGGTCGGACGT_033,153
GGCAGCGGCTGGTCGGACGT_034,153
GGCAGCGGCTGGTCGGACGT_035,4
GGCAGCGGCTGGTCGGACGT_036,4
GGCAGCGGCTGGTCGGACGT_037,180
GGCAGCGGCTGGTCGGACGT_038,49
GGCAGCGGCTGGTCGGACGT_039,28
ATTTCATGCTCGGGACACGT_001,44
ATTTCATGCTCGGGACACGT_002,161
ATTTCATGCTCGGGACACGT_003,105
CTGGGCAACATCTACACGCA_001,98
CTGGGCAACATCTACACGCA_002,146
CTGGGCAACATCTACACGCA_003,139
CTGGGCAACATCTACACGCA_004,24
CTGGGCAACATCTACACGCA_005,105
CTGGGCAACATCTACACGCA_006,16
CTGGGCAACATCTACACGCA_007,77
TCCTATAATGCACTGTAACA_001,184
GGTGGAGGGATTCCTCTGCG_001,2
GGTGGAGGGATTCCTCTGCG_002,19
GGTGGAGGGATTCCTCTGCG_003,121
GGTGGAGGGATTCCTCTGCG_004,171
GGTGGAGGGATTCCTCTGCG_005,83
GGTGGAGGGATTCCTCTGCG_006,77
GGTGGAGGGATTCCTCTGCG_007,160
GGTGGAGGGATTCCTCTGCG_008,2
GGTGGAGGGATTCCTCTGCG_009,29
GGTGGAGGGATTCCTCTGCG_010,124
GGTGGAGGGATTCCTCTGCG_011,127
GGTGGAGGGATTCCTCTGCG_012,29
GGTGGAGGGATTCCTCTGCG_013,184
GGTGGAGGGATTCCTCTGCG_014,6
GGTGGAGGGATTCCTCTGCG_015,143
GGTGGAGGGATTCCTCTGCG_016,107
GGTGGAGGGATTCCTCTGCG_017,178
GGTGGAGGGATTCCTCTGCG_018,93
GGTGGAGGGATTCCTCTGCG_019,69
GGTGGAGGGATTCCTCTGCG_020,10
GGTGGAGGGATTCCTCTGCG_021,49
GGTGGAGGGATTCCTCTGCG_022,157
GGTGGAGGGATTCCTCTGCG_023,157
GGTGGAGGGATTCCTCTGCG_024,10
GGTGGAGGGATTCCTCTGCG_025,115
GGTGGAGGGATTCCTCTGCG_026,106
GGTGGAGGGATTCCTCTGCG_027,9
GGTGGAGGGATTCCTCTGCG_028,186
GGTGGAGGGATTCCTCTGCG_029,123
GGTGGAGGGATTCCTCTGCG_030,33
ACTGCAAACATACCATGGAA_001,19
TAGGGGATAGGTTCAACGAA_001,30
TAGGGGATAGGTTCAACGAA_002,170
TAGGGGATAGGTTCAACGAA_003,127
TAGGGGATAGGTTCAACGAA_004,147
TAGGGGATAGGTTCAACGAA_005,2
TAGGGGATAGGTTCAACGAA_006,52
TGACATAGAAAGCCACAGCG_001,85
TGACATAGAAAGCCACAGCG_002,85
TGACATAGAAAGCCACAGCG_003,172
TGACATAGAAAGCCACAGCG_004,73
TGACATAGAAAGCCACAGCG_005,167
TGACATAGAAAGCCACAGCG_006,167
TGACATAGAAAGCCACAGCG_007,26
TGACATAGAAAGCCACAGCG_008,26
TGACATAGAAAGCCACAGCG_009,113
TGACATAGAAAGCCACAGCG_010,56
TGACATAGAAAGCCACAGCG_011,18
TGACATAGAAAGCCACAGCG_012,94
TGACATAGAAAGCCACAGCG_013,175
TGACATAGAAAGCCACAGCG_014,131
TGACATAGAAAGCCACAGCG_015,125
TGACATAGAAAGCCACAGCG_016,29
TGACATAGAAAGCCACAGCG_017,130
TGACATAGAAAGCCACAGCG_018,49
TGACATAGAAAGCCACAGCG_019,184
TTCCCCAGAGCATAGCAGCG_001,172
TTCCCCAGAGCATAGCAGCG_002,82
GGATTTCGGAATGCCAAGAA_001,172
GGATTTCGGAATGCCAAGAA_002,8
GGATTTCGGAATGCCAAGAA_003,2
GGATTTCGGAATGCCAAGAA_004,106
GGATTTCGGAATGCCAAGAA_005,50
GGATTTCGGAATGCCAAGAA_006,176
GGATTTCGGAATGCCAAGAA_007,29
GGATTTCGGAATGCCAAGAA_008,127
GGATTTCGGAATGCCAAGAA_009,48
GGATTTCGGAATGCCAAGAA_010,56
ACTCCACACGCAGCTCCCAG_001,159
ACTCCACACGCAGCTCCCAG_002,115
ACTCCACACGCAGCTCCCAG_003,91
ACTCCACACGCAGCTCCCAG_004,29
ACTCCACACGCAGCTCCCAG_005,144
ACTCCACACGCAGCTCCCAG_006,188
ACTCCACACGCAGCTCCCAG_007,7
ACTCCACACGCAGCTCCCAG_008,48
ACTCCACACGCAGCTCCCAG_009,98
ACTCCACACGCAGCTCCCAG_010,88
ACTCCACACGCAGCTCCCAG_011,82
ACTCCACACGCAGCTCCCAG_012,82
ACTCCACACGCAGCTCCCAG_013,147
ACTCCACACGCAGCTCCCAG_014,167
ACTCCACACGCAGCTCCCAG_015,151
ACTCCACACGCAGCTCCCAG_016,149
ACTCCACACGCAGCTCCCAG_017,41
ACTCCACACGCAGCTCCCAG_018,127
ACTCCACACGCAGCTCCCAG_019,121
ACTCCACACGCAGCTCCCAG_020,134
ACTCCACACGCAGCTCCCAG_021,55
ACTCCACACGCAGCTCCCAG_022,182
ACTCCACACGCAGCTCCCAG_023,139
ACTCCACACGCAGCTCCCAG_024,9
ACTCCACACGCAGCTCCCAG_025,185
ACTCCACACGCAGCTCCCAG_026,127
ACTCCACACGCAGCTCCCAG_027,158
TTCTGCACAGTCCGACAAAG_001,184
TTCTGCACAGTCCGACAAAG_002,185
TTCTGCACAGTCCGACAAAG_003,182
TTCTGCACAGTCCGACAAAG_004,156
TTCTGCACAGTCCGACAAAG_005,108
TTCTGCACAGTCCGACAAAG_006,68
TTCTGCACAGTCCGACAAAG_007,86
TTCTGCACAGTCCGACAAAG_008,194
TTCTGCACAGTCCGACAAAG_009,34
AGAGTCGGGATGTACAATAG_001,5
AGAGTCGGGATGTACAATAG_002,147
AGAGTCGGGATGTACAATAG_003,51
AGAGTCGGGATGTACAATAG_004,134
AGAGTCGGGATGTACAATAG_005,35
AGAGTCGGGATGTACAATAG_006,1
AGAGTCGGGATGTACAATAG_007,12
AGAGTCGGGATGTACAATAG_008,105
AGAGTCGGGATGTACAATAG_009,13
AGAGTCGGGATGTACAATAG_010,182
TTCATACTAGACGACAGTGA_001,144
TTCATACTAGACGACAGTGA_002,192
TTCATACTAGACGACAGTGA_003,192
TTCATACTAGACGACAGTGA_004,137
ATCTTGCCAGTAAGCACCAG_001,28
ATCTTGCCAGTAAGCACCAG_002,40
ATCTTGCCAGTAAGCACCAG_003,137
ATCTTGCCAGTAAGCACCAG_004,127
ATCTTGCCAGTAAGCACCAG_005,62
ATCTTGCCAGTAAGCACCAG_006,46
ATCTTGCCAGTAAGCACCAG_007,108
ATCTTGCCAGTAAGCACCAG_008,182
ATCTTGCCAGTAAGCACCAG_009,105
ATCTTGCCAGTAAGCACCAG_010,127
ATCTTGCCAGTAAGCACCAG_011,9
ATCTTGCCAGTAAGCACCAG_012,43
ATCTTGCCAGTAAGCACCAG_013,24
ATCTTGCCAGTAAGCACCAG_014,34
ATCTTGCCAGTAAGCACCAG_015,158
ATCTTGCCAGTAAGCACCAG_016,69
ATCTTGCCAGTAAGCACCAG_017,111
ATCTTGCCAGTAAGCACCAG_018,77
ATCTTGCCAGTAAGCACCAG_019,108
ATCTTGCCAGTAAGCACCAG_020,135
GGAGTGGGGGCATCTCGATG_001,17
GGAGTGGGGGCATCTCGATG_002,191
GGAGTGGGGGCATCTCGATG_003,121
GGAGTGGGGGCATCTCGATG_004,115
GGAGTGGGGGCATCTCGATG_005,27
GGAGTGGGGGCATCTCGATG_006,109
GGAGTGGGGGCATCTCGATG_007,93
GGAGTGGGGGCATCTCGATG_008,147
GGAGTGGGGGCATCTCGATG_009,121
GGAGTGGGGGCATCTCGATG_010,78
GGAGTGGGGGCATCTCGATG_011,28
GGAGTGGGGGCATCTCGATG_012,148
GGAGTGGGGGCATCTCGATG_013,144
GGAGTGGGGGCATCTCGATG_014,15
GGAGTGGGGGCATCTCGATG_015,103
GGAGTGGGGGCATCTCGATG_016,175
GGAGTGGGGGCATCTCGATG_017,172
GGAGTGGGGGCATCTCGATG_018,141
GGAGTGGGGGCATCTCGATG_019,106
GGAGTGGGGGCATCTCGATG_020,112
AGCGTTCGTCGACAGAGCTC_001,106
AGCGTTCGTCGACAGAGCTC_002,14
AGCGTTCGTCGACAGAGCTC_003,194
AGCGTTCGTCGACAGAGCTC_004,149
AGCGTTCGTCGACAGAGCTC_005,137
AGCGTTCGTCGACAGAGCTC_006,88
AGCGTTCGTCGACAGAGCTC_007,0
AGCGTTCGTCGACAGAGCTC_008,113
AGCGTTCGTCGACAGAGCTC_009,169
AGCGTTCGTCGACAGAGCTC_010,169
AGCGTTCGTCGACAGAGCTC_011,146
AGCGTTCGTCGACAGAGCTC_012,72
AGCGTTCGTCGACAGAGCTC_013,113
AGCGTTCGTCGACAGAGCTC_014,142
AGCGTTCGTCGACAGAGCTC_015,158
AGCGTTCGTCGACAGAGCTC_016,58
AGCGTTCGTCGACAGAGCTC_017,151
AGCGTTCGTCGACAGAGCTC_018,114
AGCGTTCGTCGACAGAGCTC_019,47
TGTGGTCATTGCCTTACCAT_001,26
TGTGGTCATTGCCTTACCAT_002,114
TGTGGTCATTGCCTTACCAT_003,147
TGTGGTCATTGCCTTACCAT_004,33
TGTGGTCATTGCCTTACCAT_005,77
TGTGGTCATTGCCTTACCAT_006,58
TGTGGTCATTGCCTTACCAT_007,19
TGTGGTCATTGCCTTACCAT_008,99
TTAAAATGAGTGAAGAACGA_001,175
TTAAAATGAGTGAAGAACGA_002,123
TTAAAATGAGTGAAGAACGA_003,92
TTAAAATGAGTGAAGAACGA_004,102
TTAAAATGAGTGAAGAACGA_005,45
TTAAAATGAGTGAAGAACGA_006,93
TTAAAATGAGTGAAGAACGA_007,56
GCGTTGGGGTGGTTAGTGTG_001,150
GCGTTGGGGTGGTTAGTGTG_002,30
GCGTTGGGGTGGTTAGTGTG_003,60
GCGTTGGGGTGGTTAGTGTG_004,29
GCGTTGGGGTGGTTAGTGTG_005,5
GCGTTGGGGTGGTTAGTGTG_006,16
GCGTTGGGGTGGTTAGTGTG_007,82
GCGTTGGGGTGGTTAGTGTG_008,193
GCGTTGGGGTGGTTAGTGTG_009,52
GCGTTGGGGTGGTTAGTGTG_010,1
GCGTTGGGGTGGTTAGTGTG_011,12
GCGTTGGGGTGGTTAGTGTG_012,51
GCGTTGGGGTGGTTAGTGTG_013,17
GCGTTGGGGTGGTTAGTGTG_014,15
GCGTTGGGGTGGTTAGTGTG_015,16
GCGTTGGGGTGGTTAGTGTG_016,177
GCCTGGCCACCAATCTTCTG_001,62
GCCTGGCCACCAATCTTCTG_002,11
GCCTGGCCACCAATCTTCTG_003,73
GCCTGGCCACCAATCTTCTG_004,70
GCCTGGCCACCAATCTTCTG_005,100
GCCTGGCCACCAATCTTCTG_006,122
GCCTGGCCACCAATCTTCTG_007,44
GCCTGGCCACCAATCTTCTG_008,97
GCCTGGCCACCAATCTTCTG_009,47
GCCTGGCCACCAATCTTCTG_010,15
GCCTGGCCACCAATCTTCTG_011,126
TCACCTCTTGCAGATCTCAT_001,179
TCACCTCTTGCAGATCTCAT_002,101
TCACCTCTTGCAGATCTCAT_003,15
TCACCTCTTGCAGATCTCAT_004,32
TCACCTCTTGCAGATCTCAT_005,116
TCACCTCTTGCAGATCTCAT_006,19
TCACCTCTTGCAGATCTCAT_007,175
TCACCTCTTGCAGATCTCAT_008,144
TCACCTCTTGCAGATCTCAT_009,190
TCACCTCTTGCAGATCTCAT_010,6
TCACCTCTTGCAGATCTCAT_011,178
CCAGTGGAAGAAGAGGACGT_001,169
CCAGTGGAAGAAGAGGACGT_002,4
CCAGTGGAAGAAGAGGACGT_003,108
CCAGTGGAAGAAGAGGACGT_004,137
CCAGTGGAAGAAGAGGACGT_005,117
CCAGTGGAAGAAGAGGACGT_006,1
CCAGTGGAAGAAGAGGACGT_007,91
CCAGTGGAAGAAGAGGACGT_008,61
CCAGTGGAAGAAGAGGACGT_009,168
CCAGTGGAAGAAGAGGACGT_010,97
CCAGTGGAAGAAGAGGACGT_011,128
CCAGTGGAAGAAGAGGACGT_012,39
CCAAACCAGGTGGAACTGTG_001,184
CCAAACCAGGTGGAACTGTG_002,105
CCAAACCAGGTGGAACTGTG_003,147
CCAAACCAGGTGGAACTGTG_004,64
CCAAACCAGGTGGAACTGTG_005,157
CCAAACCAGGTGGAACTGTG_006,183
CCAAACCAGGTGGAACTGTG_007,144
CCAAACCAGGTGGAACTGTG_008,197
CCAAACCAGGTGGAACTGTG_009,116
CCAAACCAGGTGGAACTGTG_010,10
CCAAACCAGGTGGAACTGTG_011,196
CCAAACCAGGTGGAACTGTG_012,111
CCAAACCAGGTGGAACTGTG_013,157
CCAAACCAGGTGGAACTGTG_014,157
CCAAACCAGGTGGAACTGTG_015,194
CCAAACCAGGTGGAACTGTG_016,92
CCAAACCAGGTGGAACTGTG_017,9
CCAAACCAGGTGGAACTGTG_018,147
CCAAACCAGGTGGAACTGTG_019,35
CCAAACCAGGTGGAACTGTG_020,31
CCAAACCAGGTGGAACTGTG_021,65
CCAAACCAGGTGGAACTGTG_022,86
CCAAACCAGGTGGAACTGTG_023,63
CCAAACCAGGTGGAACTGTG_024,49
ATATGAAAGCAAGTCACTAG_001,14
ATATGAAAGCAAGTCACTAG_002,8
ATATGAAAGCAAGTCACTAG_003,142
CAGTAACCCCAACTTGACCA_001,195
CAGTAACCCCAACTTGACCA_002,191
CAGTAACCCCAACTTGACCA_003,108
CAGTAACCCCAACTTGACCA_004,111
CAGTAACCCCAACTTGACCA_005,80
CAGTAACCCCAACTTGACCA_006,175
CAGTAACCCCAACTTGACCA_007,32
CAGTAACCCCAACTTGACCA_008,181
CAGTAACCCCAACTTGACCA_009,153
CAGTAACCCCAACTTGACCA_010,132
CAGTAACCCCAACTTGACCA_011,176
CAGTAACCCCAACTTGACCA_012,14
CAGTAACCCCAACTTGACCA_013,31
CAGTAACCCCAACTTGACCA_014,107
CAGTAACCCCAACTTGACCA_015,7
CAGTAACCCCAACTTGACCA_016,66
CAGTAACCCCAACTTGACCA_017,145
CAGTAACCCCAACTTGACCA_018,128
CAGTAACCCCAACTTGACCA_019,16
CAGTAACCCCAACTTGACCA_020,108
CAGTAACCCCAACTTGACCA_021,36
CAGTAACCCCAACTTGACCA_022,75
CAGTAACCCCAACTTGACCA_023,98
CAGTAACCCCAACTTGACCA_024,188
CAGTAACCCCAACTTGACCA_025,72
CAGTAACCCCAACTTGACCA_026,30
CAGTAACCCCAACTTGACCA_027,188
CAGTAACCCCAACTTGACCA_028,185
CAGTAACCCCAACTTGACCA_029,158
CAGTAACCCCAACTTGACCA_030,162
CAGTAACCCCAACTTGACCA_031,51
CAGTAACCCCAACTTGACCA_032,187
CAGTAACCCCAACTTGACCA_033,9
CAGTAACCCCAACTTGACCA_034,158
CAGTAACCCCAACTTGACCA_035,178
CAGTAACCCCAACTTGACCA_036,169
CAGTAACCCCAACTTGACCA_037,166
CAGTAACCCCAACTTGACCA_038,86
CAGTAACCCCAACTTGACCA_039,187
CAGTAACCCCAACTTGACCA_040,12
CAGTAACCCCAACTTGACCA_041,38
CAGTAACCCCAACTTGACCA_042,77
CAGTAACCCCAACTTGACCA_043,91
CAGTAACCCCAACTTGACCA_044,104
CAGTAACCCCAACTTGACCA_045,145
CAGTAACCCCAACTTGACCA_046,66
CAGTAACCCCAACTTGACCA_047,78
CAGTAACCCCAACTTGACCA_048,70
CAGTAACCCCAACTTGACCA_049,116
CAGTAACCCCAACTTGACCA_050,123
CAGTAACCCCAACTTGACCA_051,185
CAGTAACCCCAACTTGACCA_052,127
CAGTAACCCCAACTTGACCA_053,88
CAGTAACCCCAACTTGACCA_054,152
CAGTAACCCCAACTTGACCA_055,178
CAGTAACCCCAACTTGACCA_056,28
CAGTAACCCCAACTTGACCA_057,37
CAGTAACCCCAACTTGACCA_058,22
CAGTAACCCCAACTTGACCA_059,145
CAGTAACCCCAACTTGACCA_060,13
CAGTAACCCCAACTTGACCA_061,68
CAGTAACCCCAACTTGACCA_062,91
CAGTAACCCCAACTTGACCA_063,13
CAGTAACCCCAACTTGACCA_064,178
CAGTAACCCCAACTTGACCA_065,158
ACTATATACCAAAGACCGTG_001,28
ACTATATACCAAAGACCGTG_002,105
ACTATATACCAAAGACCGTG_003,198
CAAAAACAAGGCATAGCAGT_001,140
CAAAAACAAGGCATAGCAGT_002,147
CAAAAACAAGGCATAGCAGT_003,175
GATGGATGATAGGACGAACA_001,124
CTGCCTATTGAGAATTCAGG_001,62
CTGCCTATTGAGAATTCAGG_002,185
CTGCCTATTGAGAATTCAGG_003,130
CTGCCTATTGAGAATTCAGG_004,75
CTGCCTATTGAGAATTCAGG_005,113
CTGCCTATTGAGAATTCAGG_006,165
CCCACGCATGAAGAACTCCT_001,137
CCCACGCATGAAGAACTCCT_002,29
CCCACGCATGAAGAACTCCT_003,70
CCCACGCATGAAGAACTCCT_004,7
CCCACGCATGAAGAACTCCT_005,150
CCCACGCATGAAGAACTCCT_006,76
CCCACGCATGAAGAACTCCT_007,28
CCCACGCATGAAGAACTCCT_008,163
CCCACGCATGAAGAACTCCT_009,192
CCCACGCATGAAGAACTCCT_010,1
CCCACGCATGAAGAACTCCT_011,153
CCCACGCATGAAGAACTCCT_012,104
CCCACGCATGAAGAACTCCT_013,1
AGTCACTGGGCGTCTTCACG_001,176
AGTCACTGGGCGTCTTCACG_002,60
AGTCACTGGGCGTCTTCACG_003,69
AGTCACTGGGCGTCTTCACG_004,42
AGTCACTGGGCGTCTTCACG_005,156
AGTCACTGGGCGTCTTCACG_006,20
AGTCACTGGGCGTCTTCACG_007,33
AGTCACTGGGCGTCTTCACG_008,150
AGTCACTGGGCGTCTTCACG_009,46
AGTCACTGGGCGTCTTCACG_010,79
AGTCACTGGGCGTCTTCACG_011,127
AGTCACTGGGCGTCTTCACG_012,39
AGTCACTGGGCGTCTTCACG_013,33
CCTATGAACACCTACTGCCG_001,139
CCTATGAACACCTACTGCCG_002,166
CCTATGAACACCTACTGCCG_003,18
CCTATGAACACCTACTGCCG_004,54
CCTATGAACACCTACTGCCG_005,147
CCTATGAACACCTACTGCCG_006,145
CCTATGAACACCTACTGCCG_007,68
CCTATGAACACCTACTGCCG_008,94
CCTATGAACACCTACTGCCG_009,16
CCTATGAACACCTACTGCCG_010,47
GGTAGCTAGTGCCCAGAGTG_001,26
GGTAGCTAGTGCCCAGAGTG_002,134
GGTAGCTAGTGCCCAGAGTG_003,158
GGTAGCTAGTGCCCAGAGTG_004,88
AATGATGAAAAGACACCACA_001,62
AATGATGAAAAGACACCACA_002,15
AATGATGAAAAGACACCACA_003,81
AATGATGAAAAGACACCACA_004,13
AATGATGAAAAGACACCACA_005,185
AATGATGAAAAGACACCACA_006,102
GTGACGCGGATGATGTCCGA_001,181
GTGACGCGGATGATGTCCGA_002,169
GTGACGCGGATGATGTCCGA_003,166
GTGACGCGGATGATGTCCGA_004,199
GTGACGCGGATGATGTCCGA_005,32
GTGACGCGGATGATGTCCGA_006,60
GTGACGCGGATGATGTCCGA_007,127
GTGACGCGGATGATGTCCGA_008,135
GTGACGCGGATGATGTCCGA_009,108
GTGACGCGGATGATGTCCGA_010,157
GGCACACAGTGAGACACCGG_001,30
GGCACACAGTGAGACACCGG_002,104
GGCACACAGTGAGACACCGG_003,177
GGCACACAGTGAGACACCGG_004,32
GGCACACAGTGAGACACCGG_005,29
GGCACACAGTGAGACACCGG_006,129
GGCACACAGTGAGACACCGG_007,189
GGCACACAGTGAGACACCGG_008,27
GGCACACAGTGAGACACCGG_009,159
GGCACACAGTGAGACACCGG_010,71
GGCACACAGTGAGACACCGG_011,88
GGCACACAGTGAGACACCGG_012,18
GGCACACAGTGAGACACCGG_013,140
GGCACACAGTGAGACACCGG_014,190
GGCACACAGTGAGACACCGG_015,61
GGCACACAGTGAGACACCGG_016,56
GGCACACAGTGAGACACCGG_017,56
GGCACACAGTGAGACACCGG_018,8
GGCACACAGTGAGACACCGG_019,38
GGCACACAGTGAGACACCGG_020,14
GGCACACAGTGAGACACCGG_021,11
GGCACACAGTGAGACACCGG_022,162
GGCACACAGTGAGACACCGG_023,113
GGCACACAGTGAGACACCGG_024,172
GGCACACAGTGAGACACCGG_025,43
GGCACACAGTGAGACACCGG_026,146
GGCACACAGTGAGACACCGG_027,96
GGCACACAGTGAGACACCGG_028,45
GGCACACAGTGAGACACCGG_029,108
GGCACACAGTGAGACACCGG_030,81
GGCACACAGTGAGACACCGG_031,147
GGCACACAGTGAGACACCGG_032,110
ATTGGAGGCCACGACAACGT_001,105
ATTGGAGGCCACGACAACGT_002,65
ATTGGAGGCCACGACAACGT_003,138
ATTGGAGGCCACGACAACGT_004,102
ATTGGAGGCCACGACAACGT_005,129
GTTAAGTCAATAGGTTGACT_001,195
GTTAAGTCAATAGGTTGACT_002,160
GTTAAGTCAATAGGTTGACT_003,41
GTTAAGTCAATAGGTTGACT_004,199
GTTAAGTCAATAGGTTGACT_005,12
GTTAAGTCAATAGGTTGACT_006,70
GTTAAGTCAATAGGTTGACT_007,188
GTTAAGTCAATAGGTTGACT_008,134
GTTAAGTCAATAGGTTGACT_009,68
GTTAAGTCAATAGGTTGACT_010,163
GTTAAGTCAATAGGTTGACT_011,189
GTTAAGTCAATAGGTTGACT_012,85
GTTAAGTCAATAGGTTGACT_013,10
GTTAAGTCAATAGGTTGACT_014,184
GTTAAGTCAATAGGTTGACT_015,115
GTTAAGTCAATAGGTTGACT_016,82
GTTTGCGATCATGTGCCCAG_001,44
AAACACGGCTATTGACCAGG_001,60
AAACACGGCTATTGACCAGG_002,197
AAACACGGCTATTGACCAGG_003,88
AAACACGGCTATTGACCAGG_004,130
AAACACGGCTATTGACCAGG_005,102
AAACACGGCTATTGACCAGG_006,147
AAACACGGCTATTGACCAGG_007,43
AAACACGGCTATTGACCAGG_008,52
AAACACGGCTATTGACCAGG_009,92
TGATGCCAAAGGCTTACAGG_001,191
TGATGCCAAAGGCTTACAGG_002,184
TGATGCCAAAGGCTTACAGG_003,94
TGATGCCAAAGGCTTACAGG_004,40
TGATGCCAAAGGCTTACAGG_005,37
TGATGCCAAAGGCTTACAGG_006,181
TGATGCCAAAGGCTTACAGG_007,75
TGATGCCAAAGGCTTACAGG_008,121
CCAGTCACCCCGATTACCCA_001,134
CCAGTCACCCCGATTACCCA_002,40
CCAGTCACCCCGATTACCCA_003,8
CCAGTCACCCCGATTACCCA_004,30
CCAGTCACCCCGATTACCCA_005,176
CCAGTCACCCCGATTACCCA_006,137
CCAGTCACCCCGATTACCCA_007,62
TTGTGCGTCCCGATTCGGGG_001,84
TTGTGCGTCCCGATTCGGGG_002,44
TTGTGCGTCCCGATTCGGGG_003,132
TTGTGCGTCCCGATTCGGGG_004,162
TTGTGCGTCCCGATTCGGGG_005,149
TTGTGCGTCCCGATTCGGGG_006,192
TTGTGCGTCCCGATTCGGGG_007,198
TTGTGCGTCCCGATTCGGGG_008,179
TTGTGCGTCCCGATTCGGGG_009,42
TTGTGCGTCCCGATTCGGGG_010,38
TTGTGCGTCCCGATTCGGGG_011,22
TTGTGCGTCCCGATTCGGGG_012,84
TTGTGCGTCCCGATTCGGGG_013,148
TTGTGCGTCCCGATTCGGGG_014,120
TTGTGCGTCCCGATTCGGGG_015,35
TTGTGCGTCCCGATTCGGGG_016,157
TTGTGCGTCCCGATTCGGGG_017,150
TTGTGCGTCCCGATTCGGGG_018,158
TTGTGCGTCCCGATTCGGGG_019,152
TTGTGCGTCCCGATTCGGGG_020,48
TTGTGCGTCCCGATTCGGGG_021,0
TTGTGCGTCCCGATTCGGGG_022,197
TTGTGCGTCCCGATTCGGGG_023,170
TTGTGCGTCCCGATTCGGGG_024,66
TTGTGCGTCCCGATTCGGGG_025,116
TTGTGCGTCCCGATTCGGGG_026,144
TGATCACTGTAATGACACCT_001,50
TGATCACTGTAATGACACCT_002,94
TGATCACTGTAATGACACCT_003,45
TGATCACTGTAATGACACCT_004,48
TGATCACTGTAATGACACCT_005,47
TGATCACTGTAATGACACCT_006,151
TGATCACTGTAATGACACCT_007,194
TGATCACTGTAATGACACCT_008,104
TGATCACTGTAATGACACCT_009,63
CAAGAAGTTACAATTATATG_001,113
CAAGAAGTTACAATTATATG_002,68
CAAGAAGTTACAATTATATG_003,38
CAAGAAGTTACAATTATATG_004,158
CAAGAAGTTACAATTATATG_005,190
GAAACCATCGATATTGCAGT_001,149
GAAACCATCGATATTGCAGT_002,174
GAAACCATCGATATTGCAGT_003,43
CTTGGACAATGCATCCCAGA_001,49
CTTGGACAATGCATCCCAGA_002,199
CTTGGACAATGCATCCCAGA_003,24
CTTGGACAATGCATCCCAGA_004,12
CTTGGACAATGCATCCCAGA_005,117
CTTGGACAATGCATCCCAGA_006,175
CTTGGACAATGCATCCCAGA_007,43
CTTGGACAATGCATCCCAGA_008,43
CTTGGACAATGCATCCCAGA_009,160
CTTGGACAATGCATCCCAGA_010,28
CTTGGACAATGCATCCCAGA_011,160
CTTGGACAATGCATCCCAGA_012,103
TCAGGACTTGATGGGACCGT_001,139
TCAGGACTTGATGGGACCGT_002,147
TCAGGACTTGATGGGACCGT_003,26
TCAGGACTTGATGGGACCGT_004,165
TCAGGACTTGATGGGACCGT_005,26
TCAGGACTTGATGGGACCGT_006,144
TCAGGACTTGATGGGACCGT_007,9
TCAGGACTTGATGGGACCGT_008,46
TCAGGACTTGATGGGACCGT_009,148
TCAGGACTTGATGGGACCGT_010,84
TCAGGACTTGATGGGACCGT_011,145
TCAGGACTTGATGGGACCGT_012,41
TCAGGACTTGATGGGACCGT_013,32
TCAGGACTTGATGGGACCGT_014,137
TCAGGACTTGATGGGACCGT_015,8
TCAGGACTTGATGGGACCGT_016,40
TCAGGACTTGATGGGACCGT_017,57
TCAGGACTTGATGGGACCGT_018,101
TCAGGACTTGATGGGACCGT_019,112
TCAGGACTTGATGGGACCGT_020,2
GAGTGAACAGATACTGAAAG_001,45
GAGTGAACAGATACTGAAAG_002,191
GAGTGAACAGATACTGAAAG_003,3
GAGTGAACAGATACTGAAAG_004,59
GAGTGAACAGATACTGAAAG_005,141
GAGTGAACAGATACTGAAAG_006,40
GAGCCTGGGTCCCACTATAG_001,125
CTCCCTTGACAAGTACGCCG_001,27
CTCCCTTGACAAGTACGCCG_002,15
CTCCCTTGACAAGTACGCCG_003,8
CTCCCTTGACAAGTACGCCG_004,160
CTCCCTTGACAAGTACGCCG_005,123
CTCCCTTGACAAGTACGCCG_006,147
CTCCCTTGACAAGTACGCCG_007,183
AGCAGCAAGGGTCTCAAGAG_001,60
AGCAGCAAGGGTCTCAAGAG_002,111
AGCAGCAAGGGTCTCAAGAG_003,118
AGCAGCAAGGGTCTCAAGAG_004,175
AGCAGCAAGGGTCTCAAGAG_005,73
AGCAGCAAGGGTCTCAAGAG_006,82
GGAAGGCCTCCATGAAGAGT_001,132
GGAAGGCCTCCATGAAGAGT_002,48
GGAAGGCCTCCATGAAGAGT_003,141
GGAAGGCCTCCATGAAGAGT_004,153
GGAAGGCCTCCATGAAGAGT_005,15
GGAAGGCCTCCATGAAGAGT_006,22
GGAAGGCCTCCATGAAGAGT_007,130
GGAAGGCCTCCATGAAGAGT_008,150
GGAAGGCCTCCATGAAGAGT_009,157
GGAAGGCCTCCATGAAGAGT_010,141
GGAAGGCCTCCATGAAGAGT_011,168
GGAAGGCCTCCATGAAGAGT_012,91
GGAAGGCCTCCATGAAGAGT_013,80
GGAAGGCCTCCATGAAGAGT_014,121
GGAAGGCCTCCATGAAGAGT_015,180
TCAATGACGGCACTCAGCTG_001,19
TCAATGACGGCACTCAGCTG_002,7
TCAATGACGGCACTCAGCTG_003,116
TCAATGACGGCACTCAGCTG_004,111
TCAATGACGGCACTCAGCTG_005,76
TCAATGACGGCACTCAGCTG_006,127
TCAATGACGGCACTCAGCTG_007,41
TCAATGACGGCACTCAGCTG_008,49
TCAATGACGGCACTCAGCTG_009,150
TCAATGACGGCACTCAGCTG_010,115
TCAATGACGGCACTCAGCTG_011,65
TCAATGACGGCACTCAGCTG_012,26
TCAATGACGGCACTCAGCTG_013,188
TCAATGACGGCACTCAGCTG_014,94
TCAATGACGGCACTCAGCTG_015,14
TCAATGACGGCACTCAGCTG_016,107
TCAATGACGGCACTCAGCTG_017,62
TCAATGACGGCACTCAGCTG_018,27
TCAATGACGGCACTCAGCTG_019,172
TCAATGACGGCACTCAGCTG_020,111
TCAATGACGGCACTCAGCTG_021,170
TCAATGACGGCACTCAGCTG_022,137
TCACGTATGAAACACCTGAT_001,68
TCACGTATGAAACACCTGAT_002,144
TCACGTATGAAACACCTGAT_003,183
TCACGTATGAAACACCTGAT_004,84
TCACGTATGAAACACCTGAT_005,25
TCACGTATGAAACACCTGAT_006,170
TCACGTATGAAACACCTGAT_007,28
TCACGTATGAAACACCTGAT_008,50
TCACGTATGAAACACCTGAT_009,68
TCACGTATGAAACACCTGAT_010,70
GCCCTGAATCAACATAAACA_001,165
GCCCTGAATCAACATAAACA_002,144
GCCCTGAATCAACATAAACA_003,100
GCCCTGAATCAACATAAACA_004,77
GCCCTGAATCAACATAAACA_005,32
GCCCTGAATCAACATAAACA_006,25
GCCCTGAATCAACATAAACA_007,85
GCCCTGAATCAACATAAACA_008,73
GCCCTGAATCAACATAAACA_009,184
GCCCTGAATCAACATAAACA_010,19
GCCCTGAATCAACATAAACA_011,116
GCCCTGAATCAACATAAACA_012,8
GCCCTGAATCAACATAAACA_013,15
GCCCTGAATCAACATAAACA_014,191
GCCCTGAATCAACATAAACA_015,81
CTAGTAAGCAGGCACACCGT_001,42
CTAGTAAGCAGGCACACCGT_002,109
CTAGTAAGCAGGCACACCGT_003,114
CTAGTAAGCAGGCACACCGT_004,8
CTAGTAAGCAGGCACACCGT_005,37
CTAGTAAGCAGGCACACCGT_006,63
CACACGTGGTGCGACCTCTG_001,100
CACACGTGGTGCGACCTCTG_002,183
CACACGTGGTGCGACCTCTG_003,171
CACACGTGGTGCGACCTCTG_004,199
CACACGTGGTGCGACCTCTG_005,105
CACACGTGGTGCGACCTCTG_006,196
CACACGTGGTGCGACCTCTG_007,137
CACACGTGGTGCGACCTCTG_008,49
CAGGCCACCAGGCTCATGCT_001,85
CAGGCCACCAGGCTCATGCT_002,69
CAGGCCACCAGGCTCATGCT_003,29
CAGGCCACCAGGCTCATGCT_004,169
CAGGCCACCAGGCTCATGCT_005,72
CAGGCCACCAGGCTCATGCT_006,2
CAGGCCACCAGGCTCATGCT_007,186
CAGGCCACCAGGCTCATGCT_008,54
CAGGCCACCAGGCTCATGCT_009,146
CAGGCCACCAGGCTCATGCT_010,121
CAGGCCACCAGGCTCATGCT_011,111
CAGGCCACCAGGCTCATGCT_012,40
CAGGCCACCAGGCTCATGCT_013,70
CAGGCCACCAGGCTCATGCT_014,10
GCTCTACGGGACAAAGACGA_001,180
GCTCTACGGGACAAAGACGA_002,178
GCTCTACGGGACAAAGACGA_003,36
GCTCTACGGGACAAAGACGA_004,8
GCTCTACGGGACAAAGACGA_005,70
GCTCTACGGGACAAAGACGA_006,76
GCTCTACGGGACAAAGACGA_007,29
GGCATAATTCAACTGGTCAA_001,178
GGCATAATTCAACTGGTCAA_002,15
GGCATAATTCAACTGGTCAA_003,158
GGCATAATTCAACTGGTCAA_004,130
GGCATAATTCAACTGGTCAA_005,50
GGCATAATTCAACTGGTCAA_006,118
GGCCAGACCGAGGACCGGGT_001,35
GGCCAGACCGAGGACCGGGT_002,83
GGCCAGACCGAGGACCGGGT_003,1
GGCCAGACCGAGGACCGGGT_004,77
GGCCAGACCGAGGACCGGGT_005,10
GGCCAGACCGAGGACCGGGT_006,39
GGCCAGACCGAGGACCGGGT_007,179
TCTGCTCAGTAAGATCCGGG_001,126
TCTGCTCAGTAAGATCCGGG_002,132
TCTGCTCAGTAAGATCCGGG_003,106
GGGTTGGACAGCTCGATCAG_001,166
GGGTTGGACAGCTCGATCAG_002,118
GGGTTGGACAGCTCGATCAG_003,106
GGGTTGGACAGCTCGATCAG_004,42
GGGTTGGACAGCTCGATCAG_005,17
GGGTTGGACAGCTCGATCAG_006,130
GGGTTGGACAGCTCGATCAG_007,162
GGGTTGGACAGCTCGATCAG_008,182
GGGTTGGACAGCTCGATCAG_009,38
GGGTTGGACAGCTCGATCAG_010,105
GGGTTGGACAGCTCGATCAG_011,51
GGGTTGGACAGCTCGATCAG_012,178
GGGTTGGACAGCTCGATCAG_013,176
GGGTTGGACAGCTCGATCAG_014,97
GGGTTGGACAGCTCGATCAG_015,48
GGGTTGGACAGCTCGATCAG_016,113
GGGTTGGACAGCTCGATCAG_017,35
GGGTTGGACAGCTCGATCAG_018,128
GGGTTGGACAGCTCGATCAG_019,130
GGGTTGGACAGCTCGATCAG_020,157
GGGTTGGACAGCTCGATCAG_021,25
GGGTTGGACAGCTCGATCAG_022,25
GGGTTGGACAGCTCGATCAG_023,25
GGGTTGGACAGCTCGATCAG_024,129
GGGTTGGACAGCTCGATCAG_025,8
GGGTTGGACAGCTCGATCAG_026,10
GGGTTGGACAGCTCGATCAG_027,187
CGGAGTGATGAGCCCGCCCG_001,50
CGGAGTGATGAGCCCGCCCG_002,61
CGGAGTGATGAGCCCGCCCG_003,67
CGGAGTGATGAGCCCGCCCG_004,160
CGGAGTGATGAGCCCGCCCG_005,51
CGGAGTGATGAGCCCGCCCG_006,73
CGGAGTGATGAGCCCGCCCG_007,112
CGGAGTGATGAGCCCGCCCG_008,64
CGGAGTGATGAGCCCGCCCG_009,160
CGGAGTGATGAGCCCGCCCG_010,62
CGGAGTGATGAGCCCGCCCG_011,150
CGGAGTGATGAGCCCGCCCG_012,86
CGGAGTGATGAGCCCGCCCG_013,86
CGGAGTGATGAGCCCGCCCG_014,102
CGGAGTGATGAGCCCGCCCG_015,105
CGGAGTGATGAGCCCGCCCG_016,174
CGGAGTGATGAGCCCGCCCG_017,172
CGGAGTGATGAGCCCGCCCG_018,120
CGGAGTGATGAGCCCGCCCG_019,141
TACCACTCGAGAATATTCGA_001,105
TTTGGTTCCAGATCTAAGAG_001,120
TTTGGTTCCAGATCTAAGAG_002,157
TTTGGTTCCAGATCTAAGAG_003,114
TATGTACAGGATGATCAAGG_001,89
TATGTACAGGATGATCAAGG_002,174
TATGTACAGGATGATCAAGG_003,153
TATGTACAGGATGATCAAGG_004,181
AATGCTTTAAGTTCACTCTG_001,132
AATGCTTTAAGTTCACTCTG_002,140
AATGCTTTAAGTTCACTCTG_003,53
AATGCTTTAAGTTCACTCTG_004,42
AATGCTTTAAGTTCACTCTG_005,78
CATAGTCACAAACATAACAA_001,48
CATAGTCACAAACATAACAA_002,70
CATAGTCACAAACATAACAA_003,70
CATAGTCACAAACATAACAA_004,7
CATAGTCACAAACATAACAA_005,181
CATAGTCACAAACATAACAA_006,20
CATAGTCACAAACATAACAA_007,170
CATAGTCACAAACATAACAA_008,110
CATAGTCACAAACATAACAA_009,16
CATAGTCACAAACATAACAA_010,148
CATAGTCACAAACATAACAA_011,174
CATAGTCACAAACATAACAA_012,50
CATAGTCACAAACATAACAA_013,141
CGGAAGAATTTAAACACGTG_001,115
CGGAAGAATTTAAACACGTG_002,137
CGGAAGAATTTAAACACGTG_003,188
CGGAAGAATTTAAACACGTG_004,118
CGGAAGAATTTAAACACGTG_005,62
CGGAAGAATTTAAACACGTG_006,127
CGGAAGAATTTAAACACGTG_007,163
CGGAAGAATTTAAACACGTG_008,144
CGGAAGAATTTAAACACGTG_009,176
CGGAAGAATTTAAACACGTG_010,1
CGGAAGAATTTAAACACGTG_011,64
CGGAAGAATTTAAACACGTG_012,150
CGGAAGAATTTAAACACGTG_013,130
CGGAAGAATTTAAACACGTG_014,118
CGGAAGAATTTAAACACGTG_015,54
CGGAAGAATTTAAACACGTG_016,8
CGGAAGAATTTAAACACGTG_017,35
GTGTGCAAAGATGAATCCGT_001,125
GTGTGCAAAGATGAATCCGT_002,36
GTGTGCAAAGATGAATCCGT_003,137
GTGTGCAAAGATGAATCCGT_004,50
GTGTGCAAAGATGAATCCGT_005,130
GTGTGCAAAGATGAATCCGT_006,188
GTGTGCAAAGATGAATCCGT_007,86
AACAAAACAAACAAGTGCTG_001,15
AACAAAACAAACAAGTGCTG_002,128
AACAAAACAAACAAGTGCTG_003,93
AACAAAACAAACAAGTGCTG_004,57
AACAAAACAAACAAGTGCTG_005,119
AACAAAACAAACAAGTGCTG_006,151
AACAAAACAAACAAGTGCTG_007,60
AACAAAACAAACAAGTGCTG_008,72
AACAAAACAAACAAGTGCTG_009,126
AACAAAACAAACAAGTGCTG_010,107
AACAAAACAAACAAGTGCTG_011,127
ACAACACCACCTCTAACATG_001,73
ACAACACCACCTCTAACATG_002,177
ACAACACCACCTCTAACATG_003,1
ACAACACCACCTCTAACATG_004,115
ACAACACCACCTCTAACATG_005,6
ACAACACCACCTCTAACATG_006,62
ACAACACCACCTCTAACATG_007,161
ACAACACCACCTCTAACATG_008,151
ACAACACCACCTCTAACATG_009,151
ACAACACCACCTCTAACATG_010,14
ACAACACCACCTCTAACATG_011,72
ACAACACCACCTCTAACATG_012,147
ACAACACCACCTCTAACATG_013,176
ACAACACCACCTCTAACATG_014,91
ACAACACCACCTCTAACATG_015,14
ACAACACCACCTCTAACATG_016,197
ACAACACCACCTCTAACATG_017,23
ACAACACCACCTCTAACATG_018,15
ACAACACCACCTCTAACATG_019,50
ACAACACCACCTCTAACATG_020,165
ACAACACCACCTCTAACATG_021,2
ACAACACCACCTCTAACATG_022,66
ACAACACCACCTCTAACATG_023,158
ACAACACCACCTCTAACATG_024,98
ACAACACCACCTCTAACATG_025,115
ACAACACCACCTCTAACATG_026,125
ACAACACCACCTCTAACATG_027,87
ACAACACCACCTCTAACATG_028,146
ACAACACCACCTCTAACATG_029,136
ACAACACCACCTCTAACATG_030,168
ACAACACCACCTCTAACATG_031,138
ACAACACCACCTCTAACATG_032,52
ACAACACCACCTCTAACATG_033,47
ACAACACCACCTCTAACATG_034,34
ACAACACCACCTCTAACATG_035,79
ACAACACCACCTCTAACATG_036,6
ACAACACCACCTCTAACATG_037,165
ACAACACCACCTCTAACATG_038,164
ACAACACCACCTCTAACATG_039,149
ACAACACCACCTCTAACATG_040,75
ACAACACCACCTCTAACATG_041,63
CAAGACCTTATCGTGCAGCG_001,55
CAAGACCTTATCGTGCAGCG_002,78
CAAGACCTTATCGTGCAGCG_003,134
CAAGACCTTATCGTGCAGCG_004,63
CAAGACCTTATCGTGCAGCG_005,76
CAAGACCTTATCGTGCAGCG_006,187
CATGGCGGCTTTCATCAGGG_001,19
CATGGCGGCTTTCATCAGGG_002,41
GGGTGTGCGAGACCTACGAC_001,134
GGGTGTGCGAGACCTACGAC_002,181
GGGTGTGCGAGACCTACGAC_003,100
GGGTGTGCGAGACCTACGAC_004,77
GGGTGTGCGAGACCTACGAC_005,152
GGGTGTGCGAGACCTACGAC_006,88
GGGTGTGCGAGACCTACGAC_007,149
GGGTGTGCGAGACCTACGAC_008,175
GGGTGTGCGAGACCTACGAC_009,103
GGGTGTGCGAGACCTACGAC_010,112
GGGTGTGCGAGACCTACGAC_011,81
GGGTGTGCGAGACCTACGAC_012,98
GGGTGTGCGAGACCTACGAC_013,17
GGGTGTGCGAGACCTACGAC_014,17
GGGTGTGCGAGACCTACGAC_015,146
GGGTGTGCGAGACCTACGAC_016,26
GGGTGTGCGAGACCTACGAC_017,51
GGGTGTGCGAGACCTACGAC_018,197
AGGGCCTCCTTACCAGCAAG_001,112
AGGGCCTCCTTACCAGCAAG_002,113
AGGGCCTCCTTACCAGCAAG_003,65
AGGGCCTCCTTACCAGCAAG_004,146
AGGGCCTCCTTACCAGCAAG_005,102
AGGGCCTCCTTACCAGCAAG_006,0
AGGGCCTCCTTACCAGCAAG_007,40
AGGGCCTCCTTACCAGCAAG_008,52
TCCCGAGAGCTACTGCCACG_001,49
TCCCGAGAGCTACTGCCACG_002,107
TCCCGAGAGCTACTGCCACG_003,188
TCCCGAGAGCTACTGCCACG_004,19
TCCCGAGAGCTACTGCCACG_005,175
TCCCGAGAGCTACTGCCACG_006,104
TCCCGAGAGCTACTGCCACG_007,72
TCCCGAGAGCTACTGCCACG_008,31
TCCCGAGAGCTACTGCCACG_009,91
TCCCGAGAGCTACTGCCACG_010,86
TCCCGAGAGCTACTGCCACG_011,145
TCCCGAGAGCTACTGCCACG_012,98
TCCCGAGAGCTACTGCCACG_013,6
TCCCGAGAGCTACTGCCACG_014,196
TCCCGAGAGCTACTGCCACG_015,34
TCCCGAGAGCTACTGCCACG_016,175
TCCCGAGAGCTACTGCCACG_017,9
TCCCGAGAGCTACTGCCACG_018,124
TCCCGAGAGCTACTGCCACG_019,124
TCCCGAGAGCTACTGCCACG_020,38
AGCACCCGAGAGCCGCGTAG_001,176
AGCACCCGAGAGCCGCGTAG_002,48
AGCACCCGAGAGCCGCGTAG_003,161
AGCACCCGAGAGCCGCGTAG_004,95
AGCACCCGAGAGCCGCGTAG_005,91
AGCACCCGAGAGCCGCGTAG_006,66
AGCACCCGAGAGCCGCGTAG_007,131
AGCACCCGAGAGCCGCGTAG_008,47
AGCACCCGAGAGCCGCGTAG_009,137
AGCACCCGAGAGCCGCGTAG_010,137
AGCACCCGAGAGCCGCGTAG_011,12
AGCACCCGAGAGCCGCGTAG_012,34
AGCACCCGAGAGCCGCGTAG_013,34
CATTGATGAACAACTCCCAG_001,48
CATTGATGAACAACTCCCAG_002,28
CATTGATGAACAACTCCCAG_003,177
CATTGATGAACAACTCCCAG_004,152
CATTGATGAACAACTCCCAG_005,135
CATTGATGAACAACTCCCAG_006,122
CATTGATGAACAACTCCCAG_007,148
CATTGATGAACAACTCCCAG_008,2
CATTGATGAACAACTCCCAG_009,141
CATTGATGAACAACTCCCAG_010,77
CATTGATGAACAACTCCCAG_011,111
CATTGATGAACAACTCCCAG_012,131
CATTGATGAACAACTCCCAG_013,116
CATTGATGAACAACTCCCAG_014,101
CATTGATGAACAACTCCCAG_015,119
CATTGATGAACAACTCCCAG_016,6
CATTGATGAACAACTCCCAG_017,41
CATTGATGAACAACTCCCAG_018,115
CATTGATGAACAACTCCCAG_019,157
CATTGATGAACAACTCCCAG_020,174
CATTGATGAACAACTCCCAG_021,70
CATTGATGAACAACTCCCAG_022,70
CATTGATGAACAACTCCCAG_023,180
CATTGATGAACAACTCCCAG_024,150
CATTGATGAACAACTCCCAG_025,40
CGGAAGGCCTAGTGAGCCGG_001,116
CGGAAGGCCTAGTGAGCCGG_002,60
CGGAAGGCCTAGTGAGCCGG_003,105
CGGAAGGCCTAGTGAGCCGG_004,105
CGGAAGGCCTAGTGAGCCGG_005,94
CGGAAGGCCTAGTGAGCCGG_006,91
CGGAAGGCCTAGTGAGCCGG_007,163
CGGAAGGCCTAGTGAGCCGG_008,197
CGGAAGGCCTAGTGAGCCGG_009,88
CGGAAGGCCTAGTGAGCCGG_010,186
CGGAAGGCCTAGTGAGCCGG_011,185
CGGAAGGCCTAGTGAGCCGG_012,89
CGGAAGGCCTAGTGAGCCGG_013,49
CGGAAGGCCTAGTGAGCCGG_014,63
CGGAAGGCCTAGTGAGCCGG_015,199
CGGAAGGCCTAGTGAGCCGG_016,175
CGGAAGGCCTAGTGAGCCGG_017,34
CGGAAGGCCTAGTGAGCCGG_018,79
CGGAAGGCCTAGTGAGCCGG_019,60
CGGAAGGCCTAGTGAGCCGG_020,182
TACCCCATCCTCATCGCGCA_001,194
TACCCCATCCTCATCGCGCA_002,107
TACCCCATCCTCATCGCGCA_003,150
TACCCCATCCTCATCGCGCA_004,76
TACCCCATCCTCATCGCGCA_005,190
TACCCCATCCTCATCGCGCA_006,146
TACCCCATCCTCATCGCGCA_007,39
TGCGGGAGTCATGCCACGTG_001,106
TGCGGGAGTCATGCCACGTG_002,83
TGCGGGAGTCATGCCACGTG_003,133
TGTTACAGGACCGACCAGCT_001,76
TGTTACAGGACCGACCAGCT_002,82
TGTTACAGGACCGACCAGCT_003,97
TGTTACAGGACCGACCAGCT_004,148
TTCCTGAGAATCCATGACAT_001,2
TTCCTGAGAATCCATGACAT_002,61
TTCCTGAGAATCCATGACAT_003,150
TTCCTGAGAATCCATGACAT_004,35
TTCCTGAGAATCCATGACAT_005,49
ACTTTCTCTAACAGCGCCGG_001,32
ACTTTCTCTAACAGCGCCGG_002,16
ACTTTCTCTAACAGCGCCGG_003,121
ACTTTCTCTAACAGCGCCGG_004,124
ACTTTCTCTAACAGCGCCGG_005,28
ACTTTCTCTAACAGCGCCGG_006,114
ACTTTCTCTAACAGCGCCGG_007,169
ACTTTCTCTAACAGCGCCGG_008,170
ACTTTCTCTAACAGCGCCGG_009,48
ACTTTCTCTAACAGCGCCGG_010,113
ACTTTCTCTAACAGCGCCGG_011,116
ACTTTCTCTAACAGCGCCGG_012,160
ACTTTCTCTAACAGCGCCGG_013,103
ACTTTCTCTAACAGCGCCGG_014,102
ACTTTCTCTAACAGCGCCGG_015,104
AGCCACAGACCAGAGTCTCA_001,27
AGCCACAGACCAGAGTCTCA_002,12
AGCCACAGACCAGAGTCTCA_003,180
GCCTGACCTAGACTCACTAG_001,116
GCCTGACCTAGACTCACTAG_002,34
GCCTGACCTAGACTCACTAG_003,132
GCCTGACCTAGACTCACTAG_004,2
GCCTGACCTAGACTCACTAG_005,169
GGGACTGTAGGAACATCCGC_001,55
GGGACTGTAGGAACATCCGC_002,105
GGGACTGTAGGAACATCCGC_003,127
GGGACTGTAGGAACATCCGC_004,149
GGGACTGTAGGAACATCCGC_005,190
GGGACTGTAGGAACATCCGC_006,116
GGGACTGTAGGAACATCCGC_007,9
GGGACTGTAGGAACATCCGC_008,77
GGGACTGTAGGAACATCCGC_009,77
GGGACTGTAGGAACATCCGC_010,5
GGGACTGTAGGAACATCCGC_011,89
GGGACTGTAGGAACATCCGC_012,64
GGGACTGTAGGAACATCCGC_013,161
GGGACTGTAGGAACATCCGC_014,129
GGGACTGTAGGAACATCCGC_015,122
GGGACTGTAGGAACATCCGC_016,121
GGGACTGTAGGAACATCCGC_017,118
GGGACTGTAGGAACATCCGC_018,125
GGGACTGTAGGAACATCCGC_019,137
GGGACTGTAGGAACATCCGC_020,96
GGGACTGTAGGAACATCCGC_021,188
GGGACTGTAGGAACATCCGC_022,57
GGGACTGTAGGAACATCCGC_023,136
AGATCCACCAGGATGGCCCG_001,68
AGATCCACCAGGATGGCCCG_002,23
AGATCCACCAGGATGGCCCG_003,0
AGATCCACCAGGATGGCCCG_004,167
AGATCCACCAGGATGGCCCG_005,162
AGATCCACCAGGATGGCCCG_006,71
AGATCCACCAGGATGGCCCG_007,159
AGATCCACCAGGATGGCCCG_008,161
AGATCCACCAGGATGGCCCG_009,116
AGATCCACCAGGATGGCCCG_010,32
AGATCCACCAGGATGGCCCG_011,77
CCGGCAGCATAGAGTACGAC_001,65
CCGGCAGCATAGAGTACGAC_002,190
CCGGCAGCATAGAGTACGAC_003,150
CCGGCAGCATAGAGTACGAC_004,112
CCGGCAGCATAGAGTACGAC_005,105
CCGGCAGCATAGAGTACGAC_006,169
CCGGCAGCATAGAGTACGAC_007,77
GGTATTGCGACATCCTCATA_001,8
TCACCGAATTCCAAGAAGCC_001,162
TCTTATCAAGCTCTAAGCTG_001,133
TCTTATCAAGCTCTAAGCTG_002,134
TCTTATCAAGCTCTAAGCTG_003,146
TCTTATCAAGCTCTAAGCTG_004,42
AAGTAGGAAATCCATAGTGT_001,1
AAGTAGGAAATCCATAGTGT_002,29
AAGTAGGAAATCCATAGTGT_003,28
AAGTAGGAAATCCATAGTGT_004,80
AAGTAGGAAATCCATAGTGT_005,110
AAGTAGGAAATCCATAGTGT_006,50
AAGTAGGAAATCCATAGTGT_007,142
AAGTAGGAAATCCATAGTGT_008,17
AAGTAGGAAATCCATAGTGT_009,45
AAGTAGGAAATCCATAGTGT_010,20
AAGTAGGAAATCCATAGTGT_011,62
AAGTAGGAAATCCATAGTGT_012,80
AAGTAGGAAATCCATAGTGT_013,55
AAGTAGGAAATCCATAGTGT_014,199
CCAGGTCAGGCCAAGCCGAG_001,51
CCAGGTCAGGCCAAGCCGAG_002,175
CCAGGTCAGGCCAAGCCGAG_003,12
CCAGGTCAGGCCAAGCCGAG_004,127
CCAGGTCAGGCCAAGCCGAG_005,80
CCAGGTCAGGCCAAGCCGAG_006,186
CCAGGTCAGGCCAAGCCGAG_007,192
CCAGGTCAGGCCAAGCCGAG_008,48
CCAGGTCAGGCCAAGCCGAG_009,51
CCAGGTCAGGCCAAGCCGAG_010,128
CCAGGTCAGGCCAAGCCGAG_011,21
CGGAACTTGTCAATTCCGCA_001,19
CGGAACTTGTCAATTCCGCA_002,102
CGGAACTTGTCAATTCCGCA_003,166
GAGAGATCAGATGATTAAAG_001,48
GAGAGATCAGATGATTAAAG_002,160
TCGCGCGCCTCCCCTTGCAG_001,107
TCGCGCGCCTCCCCTTGCAG_002,169
TCGCGCGCCTCCCCTTGCAG_003,77
TCGCGCGCCTCCCCTTGCAG_004,7
TCGCGCGCCTCCCCTTGCAG_005,81
TCGCGCGCCTCCCCTTGCAG_006,185
TCGCGCGCCTCCCCTTGCAG_007,162
TCGCGCGCCTCCCCTTGCAG_008,78
TCGCGCGCCTCCCCTTGCAG_009,12
TCGCGCGCCTCCCCTTGCAG_010,175
TCGCGCGCCTCCCCTTGCAG_011,5
TCGCGCGCCTCCCCTTGCAG_012,20
TCGCGCGCCTCCCCTTGCAG_013,183
TCGCGCGCCTCCCCTTGCAG_014,197
TCGCGCGCCTCCCCTTGCAG_015,100
TCGCGCGCCTCCCCTTGCAG_016,2
TCGCGCGCCTCCCCTTGCAG_017,108
TCGCGCGCCTCCCCTTGCAG_018,75
TCGCGCGCCTCCCCTTGCAG_019,149
TCGCGCGCCTCCCCTTGCAG_020,15
TCGCGCGCCTCCCCTTGCAG_021,85
TCGCGCGCCTCCCCTTGCAG_022,186
TCGCGCGCCTCCCCTTGCAG_023,115
TCGCGCGCCTCCCCTTGCAG_024,116
TCGCGCGCCTCCCCTTGCAG_025,50
TCGCGCGCCTCCCCTTGCAG_026,77
TCGCGCGCCTCCCCTTGCAG_027,17
TCGCGCGCCTCCCCTTGCAG_028,170
TCGCGCGCCTCCCCTTGCAG_029,10
TCGCGCGCCTCCCCTTGCAG_030,115
TCGCGCGCCTCCCCTTGCAG_031,49
TCGCGCGCCTCCCCTTGCAG_032,126
TCGCGCGCCTCCCCTTGCAG_033,178
TCGCGCGCCTCCCCTTGCAG_034,6
TCGCGCGCCTCCCCTTGCAG_035,0
TCGCGCGCCTCCCCTTGCAG_036,96
TCGCGCGCCTCCCCTTGCAG_037,12
TATGGTGCGTTCTACAGCGA_001,34
TATGGTGCGTTCTACAGCGA_002,175
TATGGTGCGTTCTACAGCGA_003,56
TCGCCCAGACGAGAATCACG_001,105
TCGCCCAGACGAGAATCACG_002,77
TCGCCCAGACGAGAATCACG_003,148
TCGCCCAGACGAGAATCACG_004,76
TCGCCCAGACGAGAATCACG_005,46
TCGCCCAGACGAGAATCACG_006,49
TCGCCCAGACGAGAATCACG_007,10
TCGCCCAGACGAGAATCACG_008,170
TCGCCCAGACGAGAATCACG_009,182
ATTCATAGTGCGGAATCCAG_001,16
ATTCATAGTGCGGAATCCAG_002,150
TAAACCTACTTCCATCGTGA_001,185
TAAACCTACTTCCATCGTGA_002,30
TAAACCTACTTCCATCGTGA_003,105
TAAACCTACTTCCATCGTGA_004,9
GACTACCAGTCCCTGCAGAT_001,50
GACTACCAGTCCCTGCAGAT_002,84
GACTACCAGTCCCTGCAGAT_003,19
GACTACCAGTCCCTGCAGAT_004,132
GACTACCAGTCCCTGCAGAT_005,8
GACTACCAGTCCCTGCAGAT_006,146
GACTACCAGTCCCTGCAGAT_007,158
GACTACCAGTCCCTGCAGAT_008,98
GACTACCAGTCCCTGCAGAT_009,55
GACTACCAGTCCCTGCAGAT_010,162
GACTACCAGTCCCTGCAGAT_011,122
GACTACCAGTCCCTGCAGAT_012,122
GACTACCAGTCCCTGCAGAT_013,174
GACTACCAGTCCCTGCAGAT_014,105
GACTACCAGTCCCTGCAGAT_015,191
GACTACCAGTCCCTGCAGAT_016,63
GACTACCAGTCCCTGCAGAT_017,102
AATACCAAGAAAGCCCCACT_001,160
AATACCAAGAAAGCCCCACT_002,121
AATACCAAGAAAGCCCCACT_003,63
AATACCAAGAAAGCCCCACT_004,172
AATACCAAGAAAGCCCCACT_005,76
AATACCAAGAAAGCCCCACT_006,41
AATACCAAGAAAGCCCCACT_007,179
AATACCAAGAAAGCCCCACT_008,131
AATACCAAGAAAGCCCCACT_009,125
AATACCAAGAAAGCCCCACT_010,161
AATACCAAGAAAGCCCCACT_011,30
AATACCAAGAAAGCCCCACT_012,98
AATACCAAGAAAGCCCCACT_013,147
AATACCAAGAAAGCCCCACT_014,139
AATACCAAGAAAGCCCCACT_015,1
AATACCAAGAAAGCCCCACT_016,145
AATACCAAGAAAGCCCCACT_017,150
AATACCAAGAAAGCCCCACT_018,144
ATAGGTGCCAAATCCCAATA_001,62
ATAGGTGCCAAATCCCAATA_002,20
ATAGGTGCCAAATCCCAATA_003,77
ATAGGTGCCAAATCCCAATA_004,18
ATAGGTGCCAAATCCCAATA_005,41
ATAGGTGCCAAATCCCAATA_006,99
ATAGGTGCCAAATCCCAATA_007,17
ATAGGTGCCAAATCCCAATA_008,94
ATAGGTGCCAAATCCCAATA_009,165
GGTTAAGATAGATATCCACT_001,119
AGTGCCACTGATATATCATG_001,159
AGTGCCACTGATATATCATG_002,63
GGAGAGCTACATCCCGACGG_001,107
TGCCACTAAGAGGGTACCTA_001,159
TGCCACTAAGAGGGTACCTA_002,141
CTTCCTGACATCAACTAACC_001,45
CTTCCTGACATCAACTAACC_002,70
CTTCCTGACATCAACTAACC_003,78
CTTCCTGACATCAACTAACC_004,16
CTTCCTGACATCAACTAACC_005,18
CTTCCTGACATCAACTAACC_006,99
ATCAGGATCCCCGTCCCGCG_001,195
GAAATACCTTAATGTTGTTG_001,116
CAGTCTGAATTAGACGTAGA_001,198
CAGTCTGAATTAGACGTAGA_002,192
CAGTCTGAATTAGACGTAGA_003,88
CAGTCTGAATTAGACGTAGA_004,123
CAGTCTGAATTAGACGTAGA_005,151
GGGCTGTCAGCTGATTATCG_001,60
GGGCTGTCAGCTGATTATCG_002,46
GGGCTGTCAGCTGATTATCG_003,114
AGAGCCGAACAGTGTTGTAG_001,195
AGAGCCGAACAGTGTTGTAG_002,164
AGAGCCGAACAGTGTTGTAG_003,62
AGAGCCGAACAGTGTTGTAG_004,5
AGAGCCGAACAGTGTTGTAG_005,36
AGAGCCGAACAGTGTTGTAG_006,145
AGAGCCGAACAGTGTTGTAG_007,52
AGAGCCGAACAGTGTTGTAG_008,21
ACCTTCGCCTGCCCGTACTG_001,78
ACCTTCGCCTGCCCGTACTG_002,49
ACCTTCGCCTGCCCGTACTG_003,50
ACCTTCGCCTGCCCGTACTG_004,115
GCTGCACCGTGCAGTCATTG_001,55
GCTGCACCGTGCAGTCATTG_002,8
GCTGCACCGTGCAGTCATTG_003,60
GCTGCACCGTGCAGTCATTG_004,2
GCTGCACCGTGCAGTCATTG_005,144
GCTGCACCGTGCAGTCATTG_006,57
GCTGCACCGTGCAGTCATTG_007,174
GCTGCACCGTGCAGTCATTG_008,112
GCTGCACCGTGCAGTCATTG_009,98
GCTGCACCGTGCAGTCATTG_010,12
GCTGCACCGTGCAGTCATTG_011,113
GCTGCACCGTGCAGTCATTG_012,174
GCTGCACCGTGCAGTCATTG_013,197
GCTGCACCGTGCAGTCATTG_014,13
AAGGCGTTGAGTTTCCTGAA_001,156
AAGGCGTTGAGTTTCCTGAA_002,41
AAGGCGTTGAGTTTCCTGAA_003,42
AGAGAATACAGGCAGTGACG_001,185
AGAGAATACAGGCAGTGACG_002,188
AGAGAATACAGGCAGTGACG_003,184
AGAGAATACAGGCAGTGACG_004,70
AGAGAATACAGGCAGTGACG_005,80
AGAGAATACAGGCAGTGACG_006,184
AGAGAATACAGGCAGTGACG_007,77
AGAGAATACAGGCAGTGACG_008,94
AGAGAATACAGGCAGTGACG_009,49
AGAGAATACAGGCAGTGACG_010,177
AGAGAATACAGGCAGTGACG_011,13
AGAGGCCGAAGCCGTACACG_001,27
AGAGGCCGAAGCCGTACACG_002,149
AGAGGCCGAAGCCGTACACG_003,150
AGAGGCCGAAGCCGTACACG_004,113
AGAGGCCGAAGCCGTACACG_005,137
AGAGGCCGAAGCCGTACACG_006,130
AGAGGCCGAAGCCGTACACG_007,127
AGAGGCCGAAGCCGTACACG_008,115
AGAGGCCGAAGCCGTACACG_009,3
AGAGGCCGAAGCCGTACACG_010,75
AGAGGCCGAAGCCGTACACG_011,16
AGAGGCCGAAGCCGTACACG_012,32
AGAGGCCGAAGCCGTACACG_013,134
AGAGGCCGAAGCCGTACACG_014,108
AGAGGCCGAAGCCGTACACG_015,161
AGAGGCCGAAGCCGTACACG_016,23
AGAGGCCGAAGCCGTACACG_017,98
AGAGGCCGAAGCCGTACACG_018,34
AGAGGCCGAAGCCGTACACG_019,105
AGAGGCCGAAGCCGTACACG_020,103
AGAGGCCGAAGCCGTACACG_021,176
AGAGGCCGAAGCCGTACACG_022,76
AGAGGCCGAAGCCGTACACG_023,131
AGAGGCCGAAGCCGTACACG_024,63
AGAGGCCGAAGCCGTACACG_025,31
CATGGTAAAAAGCTGAAGCT_001,103
CATGGTAAAAAGCTGAAGCT_002,2
CCTTGTTCCAGTCGACATGG_001,41
CCTTGTTCCAGTCGACATGG_002,177
CCTTGTTCCAGTCGACATGG_003,177
CCTTGTTCCAGTCGACATGG_004,199
CCTTGTTCCAGTCGACATGG_005,12
CCTTGTTCCAGTCGACATGG_006,120
CTACGTATGATGTAATGTAA_001,53
CTACGTATGATGTAATGTAA_002,12
CTTTACAATGAAGTCGATTG_001,174
CTTTACAATGAAGTCGATTG_002,21
CGAGCGGCACAAAATCGTCA_001,134
CGAGCGGCACAAAATCGTCA_002,139
CGAGCGGCACAAAATCGTCA_003,70
CGAGCGGCACAAAATCGTCA_004,121
CGAGCGGCACAAAATCGTCA_005,12
CGAGCGGCACAAAATCGTCA_006,198
CGAGCGGCACAAAATCGTCA_007,82
CGAGCGGCACAAAATCGTCA_008,12
CGAGCGGCACAAAATCGTCA_009,104
CGAGCGGCACAAAATCGTCA_010,159
CGAGCGGCACAAAATCGTCA_011,19
CGAGCGGCACAAAATCGTCA_012,164
CGAGCGGCACAAAATCGTCA_013,148
GAGCTCAAAGAGATGCCATG_001,154
GAGCTCAAAGAGATGCCATG_002,104
GAGCTCAAAGAGATGCCATG_003,81
GAGCTCAAAGAGATGCCATG_004,34
GAGCTCAAAGAGATGCCATG_005,138
GAGCTCAAAGAGATGCCATG_006,19
GAGCTCAAAGAGATGCCATG_007,199
TGATGCCAGCCATGACCACT_001,1
TGATGCCAGCCATGACCACT_002,56
TGATGCCAGCCATGACCACT_003,179
TGATGCCAGCCATGACCACT_004,102
TGATGCCAGCCATGACCACT_005,21
TGATGCCAGCCATGACCACT_006,53
TGATGCCAGCCATGACCACT_007,53
TGATGCCAGCCATGACCACT_008,70
TGATGCCAGCCATGACCACT_009,70
TGATGCCAGCCATGACCACT_010,23
TGATGCCAGCCATGACCACT_011,68
TGATGCCAGCCATGACCACT_012,69
TGATGCCAGCCATGACCACT_013,69
TGATGCCAGCCATGACCACT_014,49
TGATGCCAGCCATGACCACT_015,105
TGATGCCAGCCATGACCACT_016,117
TGATGCCAGCCATGACCACT_017,16
TGATGCCAGCCATGACCACT_018,24
TGATGCCAGCCATGACCACT_019,60
TGATGCCAGCCATGACCACT_020,70
TGATGCCAGCCATGACCACT_021,57
TGATGCCAGCCATGACCACT_022,199
TGATGCCAGCCATGACCACT_023,31
TGATGCCAGCCATGACCACT_024,90
TGATGCCAGCCATGACCACT_025,58
TGATGCCAGCCATGACCACT_026,147
TGATGCCAGCCATGACCACT_027,155
TGATGCCAGCCATGACCACT_028,12
TGATGCCAGCCATGACCACT_029,8
TGATGCCAGCCATGACCACT_030,11
TGATGCCAGCCATGACCACT_031,92
TGATGCCAGCCATGACCACT_032,100
AGAACATCTCAAAAGCCTTG_001,185
AGAACATCTCAAAAGCCTTG_002,94
AGAACATCTCAAAAGCCTTG_003,40
AGAACATCTCAAAAGCCTTG_004,105
AGAACATCTCAAAAGCCTTG_005,53
AGAACATCTCAAAAGCCTTG_006,86
AGAACATCTCAAAAGCCTTG_007,182
CAGAGCAAAGTAACCCACTG_001,144
CAGAGCAAAGTAACCCACTG_002,97
CAGAGCAAAGTAACCCACTG_003,24
CAGAGCAAAGTAACCCACTG_004,58
CAGAGCAAAGTAACCCACTG_005,29
CAGAGCAAAGTAACCCACTG_006,137
CAGAGCAAAGTAACCCACTG_007,28
CAGAGCAAAGTAACCCACTG_008,78
CAGAGCAAAGTAACCCACTG_009,124
CGGAACATCCCAAGACACGT_001,20
CGGAACATCCCAAGACACGT_002,51
CGGAACATCCCAAGACACGT_003,172
CGGAACATCCCAAGACACGT_004,15
CGGAACATCCCAAGACACGT_005,150
CGGAACATCCCAAGACACGT_006,169
CGGAACATCCCAAGACACGT_007,146
CGGAACATCCCAAGACACGT_008,145
CGGAACATCCCAAGACACGT_009,199
CGGAACATCCCAAGACACGT_010,78
CGGAACATCCCAAGACACGT_011,49
CGGAACATCCCAAGACACGT_012,125
CGGAACATCCCAAGACACGT_013,161
CGGAACATCCCAAGACACGT_014,48
CGGAACATCCCAAGACACGT_015,38
CCGACTGAAAAGGCGCCTCT_001,70
CCGACTGAAAAGGCGCCTCT_002,41
CCGACTGAAAAGGCGCCTCT_003,146
CCGACTGAAAAGGCGCCTCT_004,88
CCGACTGAAAAGGCGCCTCT_005,9
CCGACTGAAAAGGCGCCTCT_006,105
CCGACTGAAAAGGCGCCTCT_007,127
CCGACTGAAAAGGCGCCTCT_008,130
CCGACTGAAAAGGCGCCTCT_009,144
CCGACTGAAAAGGCGCCTCT_010,57
CCGACTGAAAAGGCGCCTCT_011,177
CCGACTGAAAAGGCGCCTCT_012,149
CCGACTGAAAAGGCGCCTCT_013,83
CCGACTGAAAAGGCGCCTCT_014,41
CCGACTGAAAAGGCGCCTCT_015,41
CCGACTGAAAAGGCGCCTCT_016,38
CCGACTGAAAAGGCGCCTCT_017,150
CCGACTGAAAAGGCGCCTCT_018,138
CCGACTGAAAAGGCGCCTCT_019,174
CCGACTGAAAAGGCGCCTCT_020,58
CCGACTGAAAAGGCGCCTCT_021,41
CCGACTGAAAAGGCGCCTCT_022,41
CCGACTGAAAAGGCGCCTCT_023,93
CCGACTGAAAAGGCGCCTCT_024,28
CCGACTGAAAAGGCGCCTCT_025,194
CCGACTGAAAAGGCGCCTCT_026,94
CCGACTGAAAAGGCGCCTCT_027,45
GTCATCCCGAACATAGGAGA_001,126
GTCATCCCGAACATAGGAGA_002,6
GTCATCCCGAACATAGGAGA_003,36
GTCATCCCGAACATAGGAGA_004,8
GTCATCCCGAACATAGGAGA_005,133
GTCATCCCGAACATAGGAGA_006,195
GTCATCCCGAACATAGGAGA_007,173
GTCATCCCGAACATAGGAGA_008,112
GTCATCCCGAACATAGGAGA_009,78
GTCATCCCGAACATAGGAGA_010,197
ACTGTTATTACAGCATCGGA_001,122
ACTGTTATTACAGCATCGGA_002,53
ACTGTTATTACAGCATCGGA_003,137
ACTGTTATTACAGCATCGGA_004,11
ACTGTTATTACAGCATCGGA_005,13
ACTGTTATTACAGCATCGGA_006,78
ACTGTTATTACAGCATCGGA_007,66
GGAGCGCCAGTCTCAGCCAA_001,88
GGAGCGCCAGTCTCAGCCAA_002,26
GGAGCGCCAGTCTCAGCCAA_003,1
GGAGCGCCAGTCTCAGCCAA_004,197
GGAGCGCCAGTCTCAGCCAA_005,28
GGAGCGCCAGTCTCAGCCAA_006,149
GGAGCGCCAGTCTCAGCCAA_007,105
GGAGCGCCAGTCTCAGCCAA_008,199
GGAGCGCCAGTCTCAGCCAA_009,113
GGAGCGCCAGTCTCAGCCAA_010,115
GGAGCGCCAGTCTCAGCCAA_011,43
GGAGCGCCAGTCTCAGCCAA_012,148
GGAGCGCCAGTCTCAGCCAA_013,15
GGAGCGCCAGTCTCAGCCAA_014,60
GGAGCGCCAGTCTCAGCCAA_015,178
GGAGCGCCAGTCTCAGCCAA_016,178
GGAGCGCCAGTCTCAGCCAA_017,45
GGAGCGCCAGTCTCAGCCAA_018,153
GGAGCGCCAGTCTCAGCCAA_019,147
GGAGCGCCAGTCTCAGCCAA_020,125
AACAGTAACTGGTTCCCGGA_001,32
AACAGTAACTGGTTCCCGGA_002,181
AACAGTAACTGGTTCCCGGA_003,42
AACAGTAACTGGTTCCCGGA_004,162
AACAGTAACTGGTTCCCGGA_005,162
AACAGTAACTGGTTCCCGGA_006,162
AACAGTAACTGGTTCCCGGA_007,72
AACAGTAACTGGTTCCCGGA_008,52
AACAGTAACTGGTTCCCGGA_009,56
AACAGTAACTGGTTCCCGGA_010,175
AACAGTAACTGGTTCCCGGA_011,197
AACAGTAACTGGTTCCCGGA_012,26
AACAGTAACTGGTTCCCGGA_013,186
AACAGTAACTGGTTCCCGGA_014,44
AACTGGTTCTACACGCGAGC_001,44
AACTGGTTCTACACGCGAGC_002,149
AACTGGTTCTACACGCGAGC_003,59
AACTGGTTCTACACGCGAGC_004,140
AACTGGTTCTACACGCGAGC_005,127
AACTGGTTCTACACGCGAGC_006,104
AAGAATCCGAGACTCCAGTA_001,127
AAGAATCCGAGACTCCAGTA_002,62
AAGAATCCGAGACTCCAGTA_003,150
AAGAATCCGAGACTCCAGTA_004,29
AAGAATCCGAGACTCCAGTA_005,190
AAGAATCCGAGACTCCAGTA_006,183
AAGAATCCGAGACTCCAGTA_007,58
AAGAATCCGAGACTCCAGTA_008,155
AAGAATCCGAGACTCCAGTA_009,65
AAGAATCCGAGACTCCAGTA_010,153
AAGAATCCGAGACTCCAGTA_011,68
AAGAATCCGAGACTCCAGTA_012,60
AAGAATCCGAGACTCCAGTA_013,185
AAGAATCCGAGACTCCAGTA_014,128
AAGAATCCGAGACTCCAGTA_015,8
AAGAATCCGAGACTCCAGTA_016,175
AAGAATCCGAGACTCCAGTA_017,92
AAGAATCCGAGACTCCAGTA_018,8
AAGAATCCGAGACTCCAGTA_019,186
AAGAATCCGAGACTCCAGTA_020,152
AAGAATCCGAGACTCCAGTA_021,52
TCCAAGAGGTAATAGTGGTG_001,147
TCCAAGAGGTAATAGTGGTG_002,158
TCCAAGAGGTAATAGTGGTG_003,187
TCCAAGAGGTAATAGTGGTG_004,122
TCCAAGAGGTAATAGTGGTG_005,77
TCCAAGAGGTAATAGTGGTG_006,151
TTTCACAAACCTCAACACCA_001,149
TTTCACAAACCTCAACACCA_002,70
TTTCACAAACCTCAACACCA_003,54
TTTCACAAACCTCAACACCA_004,184
TTTCACAAACCTCAACACCA_005,21
TTTCACAAACCTCAACACCA_006,120
TTTCACAAACCTCAACACCA_007,101
TTTCACAAACCTCAACACCA_008,81
TTTCACAAACCTCAACACCA_009,85
TTTCACAAACCTCAACACCA_010,10
TTTCACAAACCTCAACACCA_011,175
TTTCACAAACCTCAACACCA_012,89
TTTCACAAACCTCAACACCA_013,61
TTTCACAAACCTCAACACCA_014,150
TTTCACAAACCTCAACACCA_015,118
TTTCACAAACCTCAACACCA_016,171
TTTCACAAACCTCAACACCA_017,142
TTTCACAAACCTCAACACCA_018,147
TTTCACAAACCTCAACACCA_019,87
TTTCACAAACCTCAACACCA_020,145
TTTCACAAACCTCAACACCA_021,138
TTTCACAAACCTCAACACCA_022,119
TTTCACAAACCTCAACACCA_023,148
TTTCACAAACCTCAACACCA_024,63
TTTCACAAACCTCAACACCA_025,145
AAGATGTAGATGTTGGCTGA_001,158
AAGATGTAGATGTTGGCTGA_002,184
AAGATGTAGATGTTGGCTGA_003,62
AAGATGTAGATGTTGGCTGA_004,161
AAGATGTAGATGTTGGCTGA_005,108
AAGATGTAGATGTTGGCTGA_006,47
AAGATGTAGATGTTGGCTGA_007,63
AAGATGTAGATGTTGGCTGA_008,134
AAGATGTAGATGTTGGCTGA_009,45
AAGATGTAGATGTTGGCTGA_010,158
AAGATGTAGATGTTGGCTGA_011,29
AAGATGTAGATGTTGGCTGA_012,39
AAGATGTAGATGTTGGCTGA_013,48
AAGATGTAGATGTTGGCTGA_014,74
AAGATGTAGATGTTGGCTGA_015,169
AAGATGTAGATGTTGGCTGA_016,103
AAGATGTAGATGTTGGCTGA_017,162
GCCTTCGCCGTAGTACCCTG_001,160
GCCTTCGCCGTAGTACCCTG_002,117
GCCTTCGCCGTAGTACCCTG_003,38
GCCTTCGCCGTAGTACCCTG_004,195
GCCTTCGCCGTAGTACCCTG_005,46
ATCACTAAGAAGTACGCCAA_001,130
ATCACTAAGAAGTACGCCAA_002,35
ATCACTAAGAAGTACGCCAA_003,82
ATCACTAAGAAGTACGCCAA_004,166
ATCACTAAGAAGTACGCCAA_005,46
ATCACTAAGAAGTACGCCAA_006,79
ATCACTAAGAAGTACGCCAA_007,10
ATCACTAAGAAGTACGCCAA_008,28
ATCACTAAGAAGTACGCCAA_009,102
ATCACTAAGAAGTACGCCAA_010,70
GTCCATCTGGGTCGTGACGG_001,102
GTCCATCTGGGTCGTGACGG_002,124
GTCCATCTGGGTCGTGACGG_003,40
GTCCATCTGGGTCGTGACGG_004,178
GTCCATCTGGGTCGTGACGG_005,138
GTCCATCTGGGTCGTGACGG_006,49
GTCCATCTGGGTCGTGACGG_007,89
GTCCATCTGGGTCGTGACGG_008,170
GTCCATCTGGGTCGTGACGG_009,40
GTCCATCTGGGTCGTGACGG_010,70
GTCCATCTGGGTCGTGACGG_011,70
GTCCATCTGGGTCGTGACGG_012,154
GTCCATCTGGGTCGTGACGG_013,15
GTCCATCTGGGTCGTGACGG_014,188
GTCCATCTGGGTCGTGACGG_015,0
GTCCATCTGGGTCGTGACGG_016,0
GTCCATCTGGGTCGTGACGG_017,115
GTCCATCTGGGTCGTGACGG_018,49
GTCCATCTGGGTCGTGACGG_019,18
ACTTACCGGAGGTCATTCGG_001,170
ACTTACCGGAGGTCATTCGG_002,171
ACTTACCGGAGGTCATTCGG_003,16
ACTTACCGGAGGTCATTCGG_004,45
ACTTACCGGAGGTCATTCGG_005,66
ACTTACCGGAGGTCATTCGG_006,126
ACTTACCGGAGGTCATTCGG_007,10
ATTTGTTGAGGAGATAACTG_001,72
ATTTGTTGAGGAGATAACTG_002,184
ATTTGTTGAGGAGATAACTG_003,60
ATTTGTTGAGGAGATAACTG_004,26
ATTTGTTGAGGAGATAACTG_005,150
ATTTGTTGAGGAGATAACTG_006,77
GCAGATACGTTGTTGCATGG_001,5
GCAGATACGTTGTTGCATGG_002,58
ACATATTGGACAATTCTGTC_001,58
ACATATTGGACAATTCTGTC_002,134
ACATATTGGACAATTCTGTC_003,8
ACATATTGGACAATTCTGTC_004,148
ACATATTGGACAATTCTGTC_005,50
ACATATTGGACAATTCTGTC_006,56
ACATATTGGACAATTCTGTC_007,78
ACATATTGGACAATTCTGTC_008,63
CCTCACCCACGGACACCAGG_001,4
CCTCACCCACGGACACCAGG_002,21
CCTCACCCACGGACACCAGG_003,69
CCTCACCCACGGACACCAGG_004,36
CCTCACCCACGGACACCAGG_005,88
CCTCACCCACGGACACCAGG_006,1
CCTCACCCACGGACACCAGG_007,94
CCTCACCCACGGACACCAGG_008,157
CCTCACCCACGGACACCAGG_009,95
CCTCACCCACGGACACCAGG_010,181
CCTCACCCACGGACACCAGG_011,72
CCTCACCCACGGACACCAGG_012,95
CCTCACCCACGGACACCAGG_013,50
CCTCACCCACGGACACCAGG_014,58
CCTCACCCACGGACACCAGG_015,86
CCTCACCCACGGACACCAGG_016,3
CCTCACCCACGGACACCAGG_017,169
CCTCACCCACGGACACCAGG_018,29
CCTCACCCACGGACACCAGG_019,148
CCTCACCCACGGACACCAGG_020,197
CCTCACCCACGGACACCAGG_021,172
CCTCACCCACGGACACCAGG_022,184
CCTCACCCACGGACACCAGG_023,158
CCTCACCCACGGACACCAGG_024,158
CCTCACCCACGGACACCAGG_025,75
CCTCACCCACGGACACCAGG_026,165
CCTCACCCACGGACACCAGG_027,89
CCTCACCCACGGACACCAGG_028,41
CCTCACCCACGGACACCAGG_029,156
CCTCACCCACGGACACCAGG_030,146
CCTCACCCACGGACACCAGG_031,174
CCTCACCCACGGACACCAGG_032,82
CCTCACCCACGGACACCAGG_033,105
CCTCACCCACGGACACCAGG_034,172
CCTCACCCACGGACACCAGG_035,40
CCTCACCCACGGACACCAGG_036,184
CCTCACCCACGGACACCAGG_037,82
CCTCACCCACGGACACCAGG_038,148
CCTCACCCACGGACACCAGG_039,68
CCTCACCCACGGACACCAGG_040,58
CCTCACCCACGGACACCAGG_041,110
CCTCACCCACGGACACCAGG_042,186
CCTCACCCACGGACACCAGG_043,15
CCTCACCCACGGACACCAGG_044,182
CCTCACCCACGGACACCAGG_045,19
CCTCACCCACGGACACCAGG_046,146
CCTCACCCACGGACACCAGG_047,146
CCTCACCCACGGACACCAGG_048,196
CCTCACCCACGGACACCAGG_049,52
CCTCACCCACGGACACCAGG_050,139
AGCAGCTGGTCTCATTTGAC_001,62
AGCAGCTGGTCTCATTTGAC_002,16
AGCAGCTGGTCTCATTTGAC_003,140
AGCAGCTGGTCTCATTTGAC_004,171
AGCAGCTGGTCTCATTTGAC_005,55
ACTACCCAACGTTCCTACCA_001,52
ACTACCCAACGTTCCTACCA_002,7
ACTACCCAACGTTCCTACCA_003,181
ACTACCCAACGTTCCTACCA_004,1
CGACGATTCGTGTAGCCCGC_001,106
CGACGATTCGTGTAGCCCGC_002,6
CGACGATTCGTGTAGCCCGC_003,197
TGACCCCAACGATCCATACG_001,81
TGACCCCAACGATCCATACG_002,77
TGACCCCAACGATCCATACG_003,31
TGACCCCAACGATCCATACG_004,127
TGACCCCAACGATCCATACG_005,0
TGACCCCAACGATCCATACG_006,140
TGACCCCAACGATCCATACG_007,30
TGACCCCAACGATCCATACG_008,102
TGACCCCAACGATCCATACG_009,162
TGACCCCAACGATCCATACG_010,89
TCTGAATCATTCCCACGGGA_001,160
TCTGAATCATTCCCACGGGA_002,58
